Ticker,Name,buy,sell,diff,Branch,Date,Branch_Code
2887,台新金,70,0,70,康和-台南,2023-01-03,8458
1605,華新,63,14,49,康和-台南,2023-01-03,8458
00669R,國泰美國道瓊反1,35,0,35,康和-台南,2023-01-03,8458
2855,統一證,35,0,35,康和-台南,2023-01-03,8458
2888,新光金,30,0,30,康和-台南,2023-01-03,8458
1513,中興電,27,3,24,康和-台南,2023-01-03,8458
5608,四維航,42,20,22,康和-台南,2023-01-03,8458
2897,王道銀行,20,0,20,康和-台南,2023-01-03,8458
0050,元大台灣50,20,1,19,康和-台南,2023-01-03,8458
2379,瑞昱,15,0,15,康和-台南,2023-01-03,8458
1701,中化,20,7,13,康和-台南,2023-01-03,8458
2359,所羅門,13,0,13,康和-台南,2023-01-03,8458
1301,台塑,10,0,10,康和-台南,2023-01-03,8458
2332,友訊,11,1,10,康和-台南,2023-01-03,8458
2606,裕民,200,190,10,康和-台南,2023-01-03,8458
8171,天宇,10,1,9,康和-台南,2023-01-03,8458
5009,榮剛,9,1,8,康和-台南,2023-01-03,8458
6150,撼訊,11,3,8,康和-台南,2023-01-03,8458
2317,鴻海,9,1,8,康和-台南,2023-01-03,8458
2891,中信金,7,0,7,康和-台南,2023-01-03,8458
4114,健喬,14,7,7,康和-台南,2023-01-03,8458
3231,緯創,20,14,6,康和-台南,2023-01-03,8458
4102,永日,7,1,6,康和-台南,2023-01-03,8458
2886,兆豐金,5,0,5,康和-台南,2023-01-03,8458
2201,裕隆,8,3,5,康和-台南,2023-01-03,8458
4167,松瑞藥,6,1,5,康和-台南,2023-01-03,8458
6111,大宇資,7,2,5,康和-台南,2023-01-03,8458
6125,廣運,5,0,5,康和-台南,2023-01-03,8458
6806,森崴能源,9,4,5,康和-台南,2023-01-03,8458
2330,台積電,6,2,4,康和-台南,2023-01-03,8458
2609,陽明,9,5,4,康和-台南,2023-01-03,8458
6118,建達,9,5,4,康和-台南,2023-01-03,8458
00881,國泰台灣5G+,18,14,4,康和-台南,2023-01-03,8458
0056,元大高股息,6,3,3,康和-台南,2023-01-03,8458
1305,華夏,4,1,3,康和-台南,2023-01-03,8458
2615,萬海,15,12,3,康和-台南,2023-01-03,8458
2618,長榮航,6,3,3,康和-台南,2023-01-03,8458
3006,晶豪科,4,1,3,康和-台南,2023-01-03,8458
3481,群創,5,2,3,康和-台南,2023-01-03,8458
4563,百德,3,0,3,康和-台南,2023-01-03,8458
6435,大中,3,0,3,康和-台南,2023-01-03,8458
6684,安格,3,0,3,康和-台南,2023-01-03,8458
6770,力積電,3,0,3,康和-台南,2023-01-03,8458
9904,寶成,3,0,3,康和-台南,2023-01-03,8458
2303,聯電,15,13,2,康和-台南,2023-01-03,8458
00728,第一金工業30,2,0,2,康和-台南,2023-01-03,8458
2412,中華電,2,0,2,康和-台南,2023-01-03,8458
2603,長榮,3,1,2,康和-台南,2023-01-03,8458
1514,亞力,3,1,2,康和-台南,2023-01-03,8458
1417,嘉裕,2,0,2,康和-台南,2023-01-03,8458
00679B,元大美債20年,212,0,212,康和-台南,2023-01-04,8458
2884,玉山金,44,0,44,康和-台南,2023-01-04,8458
5608,四維航,41,0,41,康和-台南,2023-01-04,8458
2915,潤泰全,32,0,32,康和-台南,2023-01-04,8458
1714,和桐,32,3,29,康和-台南,2023-01-04,8458
1338,廣華-KY,28,0,28,康和-台南,2023-01-04,8458
00637L,元大滬深300正2,20,0,20,康和-台南,2023-01-04,8458
3432,台端,20,0,20,康和-台南,2023-01-04,8458
2498,宏達電,27,9,18,康和-台南,2023-01-04,8458
2706,第一店,17,0,17,康和-台南,2023-01-04,8458
3685,元創精密,14,0,14,康和-台南,2023-01-04,8458
3027,盛達,26,13,13,康和-台南,2023-01-04,8458
6118,建達,15,3,12,康和-台南,2023-01-04,8458
2027,大成鋼,13,1,12,康和-台南,2023-01-04,8458
1514,亞力,18,6,12,康和-台南,2023-01-04,8458
4919,新唐,12,1,11,康和-台南,2023-01-04,8458
8046,南電,11,0,11,康和-台南,2023-01-04,8458
2615,萬海,13,3,10,康和-台南,2023-01-04,8458
1101,台泥,10,0,10,康和-台南,2023-01-04,8458
1789,神隆,10,0,10,康和-台南,2023-01-04,8458
3036A,文曄甲特,10,0,10,康和-台南,2023-01-04,8458
5388,中磊,10,0,10,康和-台南,2023-01-04,8458
5876,上海商銀,10,0,10,康和-台南,2023-01-04,8458
1314,中石化,10,1,9,康和-台南,2023-01-04,8458
2603,長榮,9,2,7,康和-台南,2023-01-04,8458
1734,杏輝,7,1,6,康和-台南,2023-01-04,8458
2368,金像電,6,0,6,康和-台南,2023-01-04,8458
2609,陽明,7,1,6,康和-台南,2023-01-04,8458
4111,濟生,6,0,6,康和-台南,2023-01-04,8458
4133,亞諾法,6,0,6,康和-台南,2023-01-04,8458
00902,中信電池及儲能,5,0,5,康和-台南,2023-01-04,8458
00715L,期街口布蘭特正2,5,0,5,康和-台南,2023-01-04,8458
2344,華邦電,20,15,5,康和-台南,2023-01-04,8458
3576,聯合再生,10,5,5,康和-台南,2023-01-04,8458
4155,訊映,5,0,5,康和-台南,2023-01-04,8458
4747,強生,5,0,5,康和-台南,2023-01-04,8458
6180,橘子,5,0,5,康和-台南,2023-01-04,8458
1342,八貫,6,2,4,康和-台南,2023-01-04,8458
2406,國碩,5,1,4,康和-台南,2023-01-04,8458
2637,慧洋-KY,6,2,4,康和-台南,2023-01-04,8458
6689,伊雲谷,4,0,4,康和-台南,2023-01-04,8458
0050,元大台灣50,3,0,3,康和-台南,2023-01-04,8458
3037,欣興,3,0,3,康和-台南,2023-01-04,8458
00751B,元大AAA至A公司債,3,0,3,康和-台南,2023-01-04,8458
2347,聯強,3,0,3,康和-台南,2023-01-04,8458
3149,正達,3,0,3,康和-台南,2023-01-04,8458
5371,中光電,3,0,3,康和-台南,2023-01-04,8458
2317,鴻海,3,0,3,康和-台南,2023-01-04,8458
2014,中鴻,2,0,2,康和-台南,2023-01-04,8458
2108,南帝,2,0,2,康和-台南,2023-01-04,8458
2409,友達,58,1,57,康和-台南,2023-01-05,8458
2605,新興,46,3,43,康和-台南,2023-01-05,8458
1301,台塑,40,0,40,康和-台南,2023-01-05,8458
2618,長榮航,30,2,28,康和-台南,2023-01-05,8458
2610,華航,20,1,19,康和-台南,2023-01-05,8458
6016,康和證,15,0,15,康和-台南,2023-01-05,8458
8171,天宇,15,1,14,康和-台南,2023-01-05,8458
2748,雲品,14,0,14,康和-台南,2023-01-05,8458
1513,中興電,19,6,13,康和-台南,2023-01-05,8458
2511,太子,13,0,13,康和-台南,2023-01-05,8458
00655L,國泰中國A50正2,12,0,12,康和-台南,2023-01-05,8458
2104,國際中橡,15,3,12,康和-台南,2023-01-05,8458
3149,正達,11,0,11,康和-台南,2023-01-05,8458
00632R,元大台灣50反1,10,0,10,康和-台南,2023-01-05,8458
00773B,中信優先金融債,10,0,10,康和-台南,2023-01-05,8458
2027,大成鋼,10,0,10,康和-台南,2023-01-05,8458
3479,安勤,12,2,10,康和-台南,2023-01-05,8458
5388,中磊,10,0,10,康和-台南,2023-01-05,8458
2317,鴻海,20,10,10,康和-台南,2023-01-05,8458
1736,喬山,9,0,9,康和-台南,2023-01-05,8458
5351,鈺創,13,5,8,康和-台南,2023-01-05,8458
2634,漢翔,8,1,7,康和-台南,2023-01-05,8458
6111,大宇資,8,1,7,康和-台南,2023-01-05,8458
4968,立積,7,1,6,康和-台南,2023-01-05,8458
1504,東元,6,1,5,康和-台南,2023-01-05,8458
2344,華邦電,6,1,5,康和-台南,2023-01-05,8458
2347,聯強,5,0,5,康和-台南,2023-01-05,8458
2606,裕民,118,113,5,康和-台南,2023-01-05,8458
3105,穩懋,5,0,5,康和-台南,2023-01-05,8458
4127,天良,5,0,5,康和-台南,2023-01-05,8458
4961,天鈺,14,9,5,康和-台南,2023-01-05,8458
5464,霖宏,5,0,5,康和-台南,2023-01-05,8458
8072,陞泰,5,0,5,康和-台南,2023-01-05,8458
8081,致新,5,0,5,康和-台南,2023-01-05,8458
3037,欣興,10,5,5,康和-台南,2023-01-05,8458
2609,陽明,6,2,4,康和-台南,2023-01-05,8458
2421,建準,4,0,4,康和-台南,2023-01-05,8458
2889,國票金,4,0,4,康和-台南,2023-01-05,8458
2603,長榮,5,2,3,康和-台南,2023-01-05,8458
00715L,期街口布蘭特正2,3,0,3,康和-台南,2023-01-05,8458
6143,振曜,7,4,3,康和-台南,2023-01-05,8458
6274,台燿,3,0,3,康和-台南,2023-01-05,8458
6285,啟��,3,0,3,康和-台南,2023-01-05,8458
6719,力智,3,0,3,康和-台南,2023-01-05,8458
6806,森崴能源,5,2,3,康和-台南,2023-01-05,8458
8069,元太,8,5,3,康和-台南,2023-01-05,8458
0056,元大高股息,2,0,2,康和-台南,2023-01-05,8458
1229,聯華,2,0,2,康和-台南,2023-01-05,8458
2313,華通,3,1,2,康和-台南,2023-01-05,8458
00893,國泰智能電動車,2,0,2,康和-台南,2023-01-05,8458
00706L,期元大S＆P日圓正2,70,0,70,康和-台南,2023-01-06,8458
5608,四維航,81,13,68,康和-台南,2023-01-06,8458
00637L,元大滬深300正2,42,1,41,康和-台南,2023-01-06,8458
00882,中信中國高股息,40,0,40,康和-台南,2023-01-06,8458
4167,松瑞藥,39,1,38,康和-台南,2023-01-06,8458
2606,裕民,128,103,25,康和-台南,2023-01-06,8458
1720,生達,19,3,16,康和-台南,2023-01-06,8458
1752,南光,20,5,15,康和-台南,2023-01-06,8458
2020,美亞,12,0,12,康和-台南,2023-01-06,8458
4102,永日,19,7,12,康和-台南,2023-01-06,8458
3322,建舜電,10,0,10,康和-台南,2023-01-06,8458
3406,玉晶光,11,1,10,康和-台南,2023-01-06,8458
1609,大亞,9,0,9,康和-台南,2023-01-06,8458
00885,富邦越南,10,1,9,康和-台南,2023-01-06,8458
2027,大成鋼,8,0,8,康和-台南,2023-01-06,8458
6111,大宇資,7,0,7,康和-台南,2023-01-06,8458
2511,太子,17,10,7,康和-台南,2023-01-06,8458
3693,營邦,6,0,6,康和-台南,2023-01-06,8458
1701,中化,47,41,6,康和-台南,2023-01-06,8458
2605,新興,6,0,6,康和-台南,2023-01-06,8458
8033,雷虎,6,0,6,康和-台南,2023-01-06,8458
2317,鴻海,5,0,5,康和-台南,2023-01-06,8458
00676R,富邦臺灣加權反1,5,0,5,康和-台南,2023-01-06,8458
2034,允強,5,0,5,康和-台南,2023-01-06,8458
2485,兆赫,5,0,5,康和-台南,2023-01-06,8458
2706,第一店,5,0,5,康和-台南,2023-01-06,8458
6147,頎邦,5,0,5,康和-台南,2023-01-06,8458
9955,佳龍,13,8,5,康和-台南,2023-01-06,8458
00893,國泰智能電動車,4,0,4,康和-台南,2023-01-06,8458
2486,一詮,5,1,4,康和-台南,2023-01-06,8458
3272,東碩,6,2,4,康和-台南,2023-01-06,8458
4127,天良,4,0,4,康和-台南,2023-01-06,8458
2308,台達電,4,1,3,康和-台南,2023-01-06,8458
6244,茂迪,4,1,3,康和-台南,2023-01-06,8458
0050,元大台灣50,3,0,3,康和-台南,2023-01-06,8458
1467,南緯,3,0,3,康和-台南,2023-01-06,8458
1314,中石化,3,0,3,康和-台南,2023-01-06,8458
00632R,元大台灣50反1,3,0,3,康和-台南,2023-01-06,8458
2201,裕隆,9,6,3,康和-台南,2023-01-06,8458
2603,長榮,10,7,3,康和-台南,2023-01-06,8458
2615,萬海,5,2,3,康和-台南,2023-01-06,8458
2851,中再保,3,0,3,康和-台南,2023-01-06,8458
4114,健喬,4,1,3,康和-台南,2023-01-06,8458
6197,佳必琪,3,0,3,康和-台南,2023-01-06,8458
6274,台燿,3,0,3,康和-台南,2023-01-06,8458
0056,元大高股息,11,9,2,康和-台南,2023-01-06,8458
1618,合機,2,0,2,康和-台南,2023-01-06,8458
1519,華城,11,9,2,康和-台南,2023-01-06,8458
00896,中信綠能及電動車,2,0,2,康和-台南,2023-01-06,8458
2337,旺宏,7,5,2,康和-台南,2023-01-06,8458
2882,國泰金,333,11,322,康和-台南,2023-01-09,8458
4532,瑞智,50,0,50,康和-台南,2023-01-09,8458
3189,景碩,41,4,37,康和-台南,2023-01-09,8458
00895,富邦未來車,20,0,20,康和-台南,2023-01-09,8458
0050,元大台灣50,23,4,19,康和-台南,2023-01-09,8458
3141,晶宏,26,10,16,康和-台南,2023-01-09,8458
3704,合勤控,13,0,13,康和-台南,2023-01-09,8458
2883,凱基金,13,1,12,康和-台南,2023-01-09,8458
4102,永日,28,16,12,康和-台南,2023-01-09,8458
3508,位速,10,0,10,康和-台南,2023-01-09,8458
2618,長榮航,10,1,9,康和-台南,2023-01-09,8458
3027,盛達,12,3,9,康和-台南,2023-01-09,8458
00679B,元大美債20年,8,0,8,康和-台南,2023-01-09,8458
8081,致新,10,2,8,康和-台南,2023-01-09,8458
00772B,中信高評級公司債,7,0,7,康和-台南,2023-01-09,8458
3149,正達,7,0,7,康和-台南,2023-01-09,8458
8046,南電,18,11,7,康和-台南,2023-01-09,8458
00878,國泰永續高股息,7,1,6,康和-台南,2023-01-09,8458
00773B,中信優先金融債,6,0,6,康和-台南,2023-01-09,8458
00751B,元大AAA至A公司債,6,0,6,康和-台南,2023-01-09,8458
6806,森崴能源,10,5,5,康和-台南,2023-01-09,8458
00753L,中信中國50正2,5,0,5,康和-台南,2023-01-09,8458
1516,川飛,5,0,5,康和-台南,2023-01-09,8458
2706,第一店,5,0,5,康和-台南,2023-01-09,8458
6173,信昌電,5,0,5,康和-台南,2023-01-09,8458
8928,鉅明,5,0,5,康和-台南,2023-01-09,8458
9942,茂順,5,0,5,康和-台南,2023-01-09,8458
4167,松瑞藥,6,1,5,康和-台南,2023-01-09,8458
8069,元太,37,33,4,康和-台南,2023-01-09,8458
00720B,元大投資級公司債,4,0,4,康和-台南,2023-01-09,8458
1519,華城,5,1,4,康和-台南,2023-01-09,8458
2352,佳世達,4,0,4,康和-台南,2023-01-09,8458
2375,凱美,4,0,4,康和-台南,2023-01-09,8458
4541,晟田,4,0,4,康和-台南,2023-01-09,8458
6245,立端,4,0,4,康和-台南,2023-01-09,8458
8028,昇陽半導體,4,0,4,康和-台南,2023-01-09,8458
0056,元大高股息,11,8,3,康和-台南,2023-01-09,8458
5347,世界,3,0,3,康和-台南,2023-01-09,8458
3037,欣興,12,9,3,康和-台南,2023-01-09,8458
1513,中興電,20,17,3,康和-台南,2023-01-09,8458
2419,仲琦,3,0,3,康和-台南,2023-01-09,8458
3035,智原,4,1,3,康和-台南,2023-01-09,8458
5225,東科-KY,3,0,3,康和-台南,2023-01-09,8458
6578,達邦蛋白,3,0,3,康和-台南,2023-01-09,8458
9802,鈺齊-KY,3,0,3,康和-台南,2023-01-09,8458
1711,永光,2,0,2,康和-台南,2023-01-09,8458
1338,廣華-KY,2,0,2,康和-台南,2023-01-09,8458
1710,東聯,2,0,2,康和-台南,2023-01-09,8458
1795,美時,3,1,2,康和-台南,2023-01-09,8458
1815,富喬,4,2,2,康和-台南,2023-01-09,8458
2882,國泰金,67,3,64,康和-台南,2023-01-10,8458
00878,國泰永續高股息,42,2,40,康和-台南,2023-01-10,8458
2428,興勤,46,16,30,康和-台南,2023-01-10,8458
2027,大成鋼,31,2,29,康和-台南,2023-01-10,8458
8938,明安,27,1,26,康和-台南,2023-01-10,8458
2880,華南金,25,0,25,康和-台南,2023-01-10,8458
6123,上奇,25,0,25,康和-台南,2023-01-10,8458
00881,國泰台灣5G+,20,0,20,康和-台南,2023-01-10,8458
2356,英業達,14,1,13,康和-台南,2023-01-10,8458
3128,昇銳,18,6,12,康和-台南,2023-01-10,8458
4102,永日,17,5,12,康和-台南,2023-01-10,8458
9907,統一實,12,0,12,康和-台南,2023-01-10,8458
8105,凌巨,24,13,11,康和-台南,2023-01-10,8458
00715L,期街口布蘭特正2,10,0,10,康和-台南,2023-01-10,8458
00753L,中信中國50正2,10,0,10,康和-台南,2023-01-10,8458
1338,廣華-KY,10,0,10,康和-台南,2023-01-10,8458
2482,連宇,11,1,10,康和-台南,2023-01-10,8458
2606,裕民,110,100,10,康和-台南,2023-01-10,8458
3712,永崴投控,10,0,10,康和-台南,2023-01-10,8458
1308,亞聚,10,1,9,康和-台南,2023-01-10,8458
2201,裕隆,10,1,9,康和-台南,2023-01-10,8458
2338,光罩,11,3,8,康和-台南,2023-01-10,8458
4114,健喬,8,2,6,康和-台南,2023-01-10,8458
1513,中興電,8,2,6,康和-台南,2023-01-10,8458
2498,宏達電,7,1,6,康和-台南,2023-01-10,8458
4167,松瑞藥,9,3,6,康和-台南,2023-01-10,8458
8183,精星,6,0,6,康和-台南,2023-01-10,8458
3037,欣興,5,0,5,康和-台南,2023-01-10,8458
2108,南帝,5,0,5,康和-台南,2023-01-10,8458
2324,仁寶,5,0,5,康和-台南,2023-01-10,8458
2332,友訊,6,1,5,康和-台南,2023-01-10,8458
2351,順德,6,1,5,康和-台南,2023-01-10,8458
2486,一詮,5,0,5,康和-台南,2023-01-10,8458
4747,強生,5,0,5,康和-台南,2023-01-10,8458
8072,陞泰,5,0,5,康和-台南,2023-01-10,8458
8261,富鼎,5,0,5,康和-台南,2023-01-10,8458
0050,元大台灣50,5,1,4,康和-台南,2023-01-10,8458
00673R,期元大S＆P原油反1,4,0,4,康和-台南,2023-01-10,8458
1701,中化,18,14,4,康和-台南,2023-01-10,8458
2444,兆勁,6,2,4,康和-台南,2023-01-10,8458
4171,瑞基,6,2,4,康和-台南,2023-01-10,8458
2406,國碩,5,2,3,康和-台南,2023-01-10,8458
3228,金麗科,3,0,3,康和-台南,2023-01-10,8458
3265,台星科,3,0,3,康和-台南,2023-01-10,8458
5469,瀚宇博,3,0,3,康和-台南,2023-01-10,8458
6443,元晶,4,1,3,康和-台南,2023-01-10,8458
2615,萬海,5,3,2,康和-台南,2023-01-10,8458
6279,胡連,2,0,2,康和-台南,2023-01-10,8458
1417,嘉裕,2,0,2,康和-台南,2023-01-10,8458
00679B,元大美債20年,2,0,2,康和-台南,2023-01-10,8458
3481,群創,305,2,303,康和-台南,2023-01-11,8458
1210,大成,28,0,28,康和-台南,2023-01-11,8458
1720,生達,16,0,16,康和-台南,2023-01-11,8458
3014,聯陽,15,0,15,康和-台南,2023-01-11,8458
1308,亞聚,15,0,15,康和-台南,2023-01-11,8458
3390,旭軟,15,0,15,康和-台南,2023-01-11,8458
3704,合勤控,15,3,12,康和-台南,2023-01-11,8458
00753L,中信中國50正2,10,0,10,康和-台南,2023-01-11,8458
3207,耀勝,11,1,10,康和-台南,2023-01-11,8458
3380,明泰,10,2,8,康和-台南,2023-01-11,8458
2308,台達電,8,0,8,康和-台南,2023-01-11,8458
2313,華通,9,2,7,康和-台南,2023-01-11,8458
6770,力積電,7,0,7,康和-台南,2023-01-11,8458
2344,華邦電,7,0,7,康和-台南,2023-01-11,8458
8050,廣積,5,0,5,康和-台南,2023-01-11,8458
00636,國泰中國A50,5,0,5,康和-台南,2023-01-11,8458
1539,巨庭,5,0,5,康和-台南,2023-01-11,8458
1810,和成,8,3,5,康和-台南,2023-01-11,8458
2327,國巨,5,0,5,康和-台南,2023-01-11,8458
2375,凱美,5,0,5,康和-台南,2023-01-11,8458
2401,凌陽,5,0,5,康和-台南,2023-01-11,8458
3059,華晶科,6,1,5,康和-台南,2023-01-11,8458
6125,廣運,5,0,5,康和-台南,2023-01-11,8458
8112,至上,5,0,5,康和-台南,2023-01-11,8458
1319,東陽,5,1,4,康和-台南,2023-01-11,8458
2332,友訊,5,1,4,康和-台南,2023-01-11,8458
2610,華航,6,2,4,康和-台南,2023-01-11,8458
3045,台灣大,4,0,4,康和-台南,2023-01-11,8458
4916,事欣科,4,0,4,康和-台南,2023-01-11,8458
6108,競國,4,0,4,康和-台南,2023-01-11,8458
6223,旺矽,4,0,4,康和-台南,2023-01-11,8458
2812,台中銀,4,0,4,康和-台南,2023-01-11,8458
2891,中信金,14,10,4,康和-台南,2023-01-11,8458
6244,茂迪,12,9,3,康和-台南,2023-01-11,8458
2330,台積電,3,0,3,康和-台南,2023-01-11,8458
1304,台聚,3,0,3,康和-台南,2023-01-11,8458
2002,中鋼,2,0,2,康和-台南,2023-01-11,8458
2881,富邦金,2,0,2,康和-台南,2023-01-11,8458
1519,華城,3,1,2,康和-台南,2023-01-11,8458
00773B,中信優先金融債,2,0,2,康和-台南,2023-01-11,8458
00687B,國泰20年美債,91,89,2,康和-台南,2023-01-11,8458
1760,寶齡富錦,3,1,2,康和-台南,2023-01-11,8458
1795,美時,5,3,2,康和-台南,2023-01-11,8458
2444,兆勁,4,2,2,康和-台南,2023-01-11,8458
2457,飛宏,2,0,2,康和-台南,2023-01-11,8458
2461,光群雷,2,0,2,康和-台南,2023-01-11,8458
2618,長榮航,10,8,2,康和-台南,2023-01-11,8458
3265,台星科,2,0,2,康和-台南,2023-01-11,8458
3272,東碩,2,0,2,康和-台南,2023-01-11,8458
3297,杭特,2,0,2,康和-台南,2023-01-11,8458
00673R,期元大S＆P原油反1,100,0,100,康和-台南,2023-01-12,8458
5608,四維航,61,0,61,康和-台南,2023-01-12,8458
00900,富邦特選高股息30,40,0,40,康和-台南,2023-01-12,8458
3390,旭軟,35,0,35,康和-台南,2023-01-12,8458
3704,合勤控,33,1,32,康和-台南,2023-01-12,8458
2615,萬海,31,1,30,康和-台南,2023-01-12,8458
1605,華新,46,17,29,康和-台南,2023-01-12,8458
2009,第一銅,19,1,18,康和-台南,2023-01-12,8458
00885,富邦越南,20,3,17,康和-台南,2023-01-12,8458
00753L,中信中國50正2,12,0,12,康和-台南,2023-01-12,8458
2637,慧洋-KY,12,1,11,康和-台南,2023-01-12,8458
4102,永日,16,5,11,康和-台南,2023-01-12,8458
4167,松瑞藥,14,3,11,康和-台南,2023-01-12,8458
2888,新光金,10,0,10,康和-台南,2023-01-12,8458
2498,宏達電,15,5,10,康和-台南,2023-01-12,8458
4747,強生,10,0,10,康和-台南,2023-01-12,8458
2882,國泰金,8,0,8,康和-台南,2023-01-12,8458
3481,群創,10,2,8,康和-台南,2023-01-12,8458
2104,國際中橡,7,0,7,康和-台南,2023-01-12,8458
3128,昇銳,7,0,7,康和-台南,2023-01-12,8458
4909,新復興,7,0,7,康和-台南,2023-01-12,8458
2358,廷鑫,16,10,6,康和-台南,2023-01-12,8458
6609,瀧澤科,7,1,6,康和-台南,2023-01-12,8458
3037,欣興,6,1,5,康和-台南,2023-01-12,8458
2880,華南金,5,0,5,康和-台南,2023-01-12,8458
1336,台翰,5,0,5,康和-台南,2023-01-12,8458
2368,金像電,5,0,5,康和-台南,2023-01-12,8458
3048,益登,5,0,5,康和-台南,2023-01-12,8458
4121,優盛,5,0,5,康和-台南,2023-01-12,8458
5347,世界,8,3,5,康和-台南,2023-01-12,8458
6435,大中,5,0,5,康和-台南,2023-01-12,8458
2603,長榮,5,1,4,康和-台南,2023-01-12,8458
4128,中天,4,0,4,康和-台南,2023-01-12,8458
00882,中信中國高股息,4,0,4,康和-台南,2023-01-12,8458
2028,威致,5,1,4,康和-台南,2023-01-12,8458
4123,晟德,4,0,4,康和-台南,2023-01-12,8458
5284,jpp-KY,5,1,4,康和-台南,2023-01-12,8458
3141,晶宏,4,1,3,康和-台南,2023-01-12,8458
1519,華城,4,1,3,康和-台南,2023-01-12,8458
1560,中砂,4,1,3,康和-台南,2023-01-12,8458
2607,榮運,18,15,3,康和-台南,2023-01-12,8458
2812,台中銀,3,0,3,康和-台南,2023-01-12,8458
4148,全宇生技-KY,3,0,3,康和-台南,2023-01-12,8458
8033,雷虎,3,0,3,康和-台南,2023-01-12,8458
00878,國泰永續高股息,7,5,2,康和-台南,2023-01-12,8458
2330,台積電,7,5,2,康和-台南,2023-01-12,8458
2204,中華,2,0,2,康和-台南,2023-01-12,8458
3034,聯詠,3,1,2,康和-台南,2023-01-12,8458
8341,日友,3,1,2,康和-台南,2023-01-12,8458
4743,合一,2,0,2,康和-台南,2023-01-12,8458
00878,國泰永續高股息,77,0,77,康和-台南,2023-01-13,8458
2515,中工,40,0,40,康和-台南,2023-01-13,8458
2367,燿華,32,10,22,康和-台南,2023-01-13,8458
2897,王道銀行,20,0,20,康和-台南,2023-01-13,8458
1522,堤維西,20,0,20,康和-台南,2023-01-13,8458
00632R,元大台灣50反1,20,0,20,康和-台南,2023-01-13,8458
1101,台泥,32,13,19,康和-台南,2023-01-13,8458
1752,南光,16,1,15,康和-台南,2023-01-13,8458
6142,友勁,13,0,13,康和-台南,2023-01-13,8458
00891,中信關鍵半導體,12,0,12,康和-台南,2023-01-13,8458
2637,慧洋-KY,12,0,12,康和-台南,2023-01-13,8458
4102,永日,16,5,11,康和-台南,2023-01-13,8458
2105,正新,10,0,10,康和-台南,2023-01-13,8458
2358,廷鑫,19,9,10,康和-台南,2023-01-13,8458
9921,巨大,10,0,10,康和-台南,2023-01-13,8458
3704,合勤控,10,1,9,康和-台南,2023-01-13,8458
1605,華新,11,5,6,康和-台南,2023-01-13,8458
2609,陽明,6,0,6,康和-台南,2023-01-13,8458
3594,磐儀,6,0,6,康和-台南,2023-01-13,8458
4167,松瑞藥,7,1,6,康和-台南,2023-01-13,8458
8261,富鼎,5,0,5,康和-台南,2023-01-13,8458
1568,倉佑,5,0,5,康和-台南,2023-01-13,8458
1338,廣華-KY,5,0,5,康和-台南,2023-01-13,8458
00881,國泰台灣5G+,5,0,5,康和-台南,2023-01-13,8458
00903,富邦元宇宙,5,0,5,康和-台南,2023-01-13,8458
00901,永豐智能車供應鏈,5,0,5,康和-台南,2023-01-13,8458
2239,英利-KY,5,0,5,康和-台南,2023-01-13,8458
2511,太子,10,5,5,康和-台南,2023-01-13,8458
6283,淳安,5,0,5,康和-台南,2023-01-13,8458
8215,明基材,5,0,5,康和-台南,2023-01-13,8458
2312,金寶,7,3,4,康和-台南,2023-01-13,8458
2484,希華,3,0,3,康和-台南,2023-01-13,8458
00882,中信中國高股息,3,0,3,康和-台南,2023-01-13,8458
1608,華榮,3,0,3,康和-台南,2023-01-13,8458
1519,華城,3,0,3,康和-台南,2023-01-13,8458
1718,中纖,3,0,3,康和-台南,2023-01-13,8458
2457,飛宏,3,0,3,康和-台南,2023-01-13,8458
3149,正達,3,0,3,康和-台南,2023-01-13,8458
5608,四維航,3,0,3,康和-台南,2023-01-13,8458
6187,萬潤,3,0,3,康和-台南,2023-01-13,8458
6438,迅得,3,0,3,康和-台南,2023-01-13,8458
8028,昇陽半導體,5,2,3,康和-台南,2023-01-13,8458
8050,廣積,3,0,3,康和-台南,2023-01-13,8458
8086,宏捷科,3,0,3,康和-台南,2023-01-13,8458
9955,佳龍,12,9,3,康和-台南,2023-01-13,8458
2633,台灣高鐵,3,0,3,康和-台南,2023-01-13,8458
3189,景碩,2,0,2,康和-台南,2023-01-13,8458
2884,玉山金,3,1,2,康和-台南,2023-01-13,8458
2317,鴻海,2,0,2,康和-台南,2023-01-13,8458
00902,中信電池及儲能,2,0,2,康和-台南,2023-01-13,8458
00706L,期元大S＆P日圓正2,150,0,150,康和-台南,2023-01-16,8458
2606,裕民,158,118,40,康和-台南,2023-01-16,8458
6770,力積電,33,3,30,康和-台南,2023-01-16,8458
6154,順發,23,0,23,康和-台南,2023-01-16,8458
2603,長榮,23,1,22,康和-台南,2023-01-16,8458
1522,堤維西,20,0,20,康和-台南,2023-01-16,8458
6026,福邦證,20,0,20,康和-台南,2023-01-16,8458
00669R,國泰美國道瓊反1,15,0,15,康和-台南,2023-01-16,8458
6108,競國,14,0,14,康和-台南,2023-01-16,8458
6208,日揚,12,0,12,康和-台南,2023-01-16,8458
2002,中鋼,10,0,10,康和-台南,2023-01-16,8458
00912,中信臺灣智慧50,10,0,10,康和-台南,2023-01-16,8458
8049,晶采,10,0,10,康和-台南,2023-01-16,8458
00885,富邦越南,9,0,9,康和-台南,2023-01-16,8458
2637,慧洋-KY,12,3,9,康和-台南,2023-01-16,8458
2882,國泰金,9,0,9,康和-台南,2023-01-16,8458
0056,元大高股息,8,0,8,康和-台南,2023-01-16,8458
1101,台泥,9,1,8,康和-台南,2023-01-16,8458
1513,中興電,7,0,7,康和-台南,2023-01-16,8458
2618,長榮航,7,0,7,康和-台南,2023-01-16,8458
3034,聯詠,6,0,6,康和-台南,2023-01-16,8458
8421,旭源,6,0,6,康和-台南,2023-01-16,8458
2317,鴻海,5,0,5,康和-台南,2023-01-16,8458
2897,王道銀行,5,0,5,康和-台南,2023-01-16,8458
00632R,元大台灣50反1,5,0,5,康和-台南,2023-01-16,8458
00881,國泰台灣5G+,10,5,5,康和-台南,2023-01-16,8458
2431,聯昌,5,0,5,康和-台南,2023-01-16,8458
2444,兆勁,5,0,5,康和-台南,2023-01-16,8458
2485,兆赫,20,15,5,康和-台南,2023-01-16,8458
00882,中信中國高股息,4,0,4,康和-台南,2023-01-16,8458
3481,群創,5,1,4,康和-台南,2023-01-16,8458
5880,合庫金,5,1,4,康和-台南,2023-01-16,8458
1326,台化,3,0,3,康和-台南,2023-01-16,8458
00753L,中信中國50正2,3,0,3,康和-台南,2023-01-16,8458
2303,聯電,9,6,3,康和-台南,2023-01-16,8458
3231,緯創,3,0,3,康和-台南,2023-01-16,8458
3707,漢磊,3,0,3,康和-台南,2023-01-16,8458
4171,瑞基,3,0,3,康和-台南,2023-01-16,8458
4747,強生,3,0,3,康和-台南,2023-01-16,8458
6139,亞翔,4,1,3,康和-台南,2023-01-16,8458
2891,中信金,3,1,2,康和-台南,2023-01-16,8458
00921,兆豐龍頭等權重,2,0,2,康和-台南,2023-01-16,8458
1449,佳和,2,0,2,康和-台南,2023-01-16,8458
1304,台聚,2,0,2,康和-台南,2023-01-16,8458
1760,寶齡富錦,2,0,2,康和-台南,2023-01-16,8458
2498,宏達電,7,5,2,康和-台南,2023-01-16,8458
3128,昇銳,2,0,2,康和-台南,2023-01-16,8458
3293,鈊象,2,0,2,康和-台南,2023-01-16,8458
5281,大峽谷-KY,2,0,2,康和-台南,2023-01-16,8458
6207,雷科,2,0,2,康和-台南,2023-01-16,8458
1712,興農,50,0,50,康和-台南,2023-01-17,8458
1217,愛之味,50,2,48,康和-台南,2023-01-17,8458
00637L,元大滬深300正2,42,0,42,康和-台南,2023-01-17,8458
2845,遠東銀,40,0,40,康和-台南,2023-01-17,8458
6770,力積電,45,8,37,康和-台南,2023-01-17,8458
00753L,中信中國50正2,34,0,34,康和-台南,2023-01-17,8458
1529,樂事綠能,73,47,26,康和-台南,2023-01-17,8458
2317,鴻海,24,2,22,康和-台南,2023-01-17,8458
2511,太子,20,0,20,康和-台南,2023-01-17,8458
00902,中信電池及儲能,16,0,16,康和-台南,2023-01-17,8458
1734,杏輝,13,1,12,康和-台南,2023-01-17,8458
00669R,國泰美國道瓊反1,10,0,10,康和-台南,2023-01-17,8458
2402,毅嘉,15,5,10,康和-台南,2023-01-17,8458
2607,榮運,10,0,10,康和-台南,2023-01-17,8458
3049,精金,10,0,10,康和-台南,2023-01-17,8458
0056,元大高股息,10,1,9,康和-台南,2023-01-17,8458
3027,盛達,89,80,9,康和-台南,2023-01-17,8458
4746,台耀,8,0,8,康和-台南,2023-01-17,8458
8171,天宇,10,2,8,康和-台南,2023-01-17,8458
00633L,富邦上証正2,7,0,7,康和-台南,2023-01-17,8458
3149,正達,7,0,7,康和-台南,2023-01-17,8458
2886,兆豐金,6,0,6,康和-台南,2023-01-17,8458
1305,華夏,11,5,6,康和-台南,2023-01-17,8458
2883,凱基金,6,0,6,康和-台南,2023-01-17,8458
1568,倉佑,5,0,5,康和-台南,2023-01-17,8458
00632R,元大台灣50反1,5,0,5,康和-台南,2023-01-17,8458
00903,富邦元宇宙,5,0,5,康和-台南,2023-01-17,8458
2031,新光鋼,7,2,5,康和-台南,2023-01-17,8458
00882,中信中國高股息,4,0,4,康和-台南,2023-01-17,8458
00772B,中信高評級公司債,4,0,4,康和-台南,2023-01-17,8458
00679B,元大美債20年,4,0,4,康和-台南,2023-01-17,8458
3481,群創,4,0,4,康和-台南,2023-01-17,8458
4961,天鈺,5,1,4,康和-台南,2023-01-17,8458
6550,北極星藥業-KY,4,0,4,康和-台南,2023-01-17,8458
2368,金像電,3,0,3,康和-台南,2023-01-17,8458
2484,希華,3,0,3,康和-台南,2023-01-17,8458
4102,永日,8,5,3,康和-台南,2023-01-17,8458
4157,太景*-KY,3,0,3,康和-台南,2023-01-17,8458
8033,雷虎,3,0,3,康和-台南,2023-01-17,8458
9919,康那香,3,0,3,康和-台南,2023-01-17,8458
2609,陽明,2,0,2,康和-台南,2023-01-17,8458
5880,合庫金,2,0,2,康和-台南,2023-01-17,8458
00751B,元大AAA至A公司債,2,0,2,康和-台南,2023-01-17,8458
1104,環泥,2,0,2,康和-台南,2023-01-17,8458
1319,東陽,2,0,2,康和-台南,2023-01-17,8458
1909,榮成,2,0,2,康和-台南,2023-01-17,8458
2610,華航,2,0,2,康和-台南,2023-01-17,8458
3059,華晶科,2,0,2,康和-台南,2023-01-17,8458
3265,台星科,2,0,2,康和-台南,2023-01-17,8458
3665,貿聯-KY,2,0,2,康和-台南,2023-01-17,8458
2015,豐興,115,0,115,康和-台南,2023-01-30,8458
00632R,元大台灣50反1,75,0,75,康和-台南,2023-01-30,8458
00753L,中信中國50正2,30,0,30,康和-台南,2023-01-30,8458
00665L,富邦�琤肭磪囓�2,30,0,30,康和-台南,2023-01-30,8458
2905,三商,30,0,30,康和-台南,2023-01-30,8458
4906,正文,30,0,30,康和-台南,2023-01-30,8458
2317,鴻海,24,2,22,康和-台南,2023-01-30,8458
1519,華城,25,4,21,康和-台南,2023-01-30,8458
1416,廣豐,20,0,20,康和-台南,2023-01-30,8458
3036,文曄,20,0,20,康和-台南,2023-01-30,8458
6154,順發,17,0,17,康和-台南,2023-01-30,8458
2891,中信金,16,0,16,康和-台南,2023-01-30,8458
00637L,元大滬深300正2,13,2,11,康和-台南,2023-01-30,8458
2634,漢翔,11,0,11,康和-台南,2023-01-30,8458
3027,盛達,27,16,11,康和-台南,2023-01-30,8458
1219,福壽,10,0,10,康和-台南,2023-01-30,8458
2020,美亞,10,0,10,康和-台南,2023-01-30,8458
3705,永信,10,0,10,康和-台南,2023-01-30,8458
3576,聯合再生,10,1,9,康和-台南,2023-01-30,8458
2009,第一銅,10,1,9,康和-台南,2023-01-30,8458
8046,南電,19,10,9,康和-台南,2023-01-30,8458
1524,耿鼎,8,0,8,康和-台南,2023-01-30,8458
2431,聯昌,7,0,7,康和-台南,2023-01-30,8458
2485,兆赫,12,5,7,康和-台南,2023-01-30,8458
3265,台星科,6,0,6,康和-台南,2023-01-30,8458
1203,味王,5,0,5,康和-台南,2023-01-30,8458
2633,台灣高鐵,5,0,5,康和-台南,2023-01-30,8458
2867,三商壽,5,0,5,康和-台南,2023-01-30,8458
8996,高力,46,41,5,康和-台南,2023-01-30,8458
6541,泰福-KY,4,0,4,康和-台南,2023-01-30,8458
2014,中鴻,10,6,4,康和-台南,2023-01-30,8458
2031,新光鋼,4,1,3,康和-台南,2023-01-30,8458
2605,新興,3,0,3,康和-台南,2023-01-30,8458
2617,台航,3,0,3,康和-台南,2023-01-30,8458
2618,長榮航,5,2,3,康和-台南,2023-01-30,8458
4961,天鈺,4,1,3,康和-台南,2023-01-30,8458
8429,金麗-KY,3,0,3,康和-台南,2023-01-30,8458
0056,元大高股息,14,11,3,康和-台南,2023-01-30,8458
2885,元大金,2,0,2,康和-台南,2023-01-30,8458
2882,國泰金,6,4,2,康和-台南,2023-01-30,8458
00679B,元大美債20年,2,0,2,康和-台南,2023-01-30,8458
00772B,中信高評級公司債,2,0,2,康和-台南,2023-01-30,8458
1609,大亞,4,2,2,康和-台南,2023-01-30,8458
1708,東鹼,2,0,2,康和-台南,2023-01-30,8458
2104,國際中橡,2,0,2,康和-台南,2023-01-30,8458
2308,台達電,2,0,2,康和-台南,2023-01-30,8458
2352,佳世達,2,0,2,康和-台南,2023-01-30,8458
2388,威盛,2,0,2,康和-台南,2023-01-30,8458
2486,一詮,2,0,2,康和-台南,2023-01-30,8458
3455,由田,2,0,2,康和-台南,2023-01-30,8458
1504,東元,51,0,51,康和-台南,2023-01-31,8458
00753L,中信中國50正2,42,5,37,康和-台南,2023-01-31,8458
2317,鴻海,42,13,29,康和-台南,2023-01-31,8458
00905,FT臺灣Smart,22,0,22,康和-台南,2023-01-31,8458
6279,胡連,22,1,21,康和-台南,2023-01-31,8458
00670L,富邦NASDAQ正2,20,0,20,康和-台南,2023-01-31,8458
00878,國泰永續高股息,29,13,16,康和-台南,2023-01-31,8458
00900,富邦特選高股息30,25,10,15,康和-台南,2023-01-31,8458
2330,台積電,15,2,13,康和-台南,2023-01-31,8458
00701,國泰股利精選30,11,0,11,康和-台南,2023-01-31,8458
00885,富邦越南,10,0,10,康和-台南,2023-01-31,8458
1217,愛之味,10,0,10,康和-台南,2023-01-31,8458
00632R,元大台灣50反1,10,0,10,康和-台南,2023-01-31,8458
2867,三商壽,10,0,10,康和-台南,2023-01-31,8458
4747,強生,10,0,10,康和-台南,2023-01-31,8458
6223,旺矽,11,1,10,康和-台南,2023-01-31,8458
6806,森崴能源,11,1,10,康和-台南,2023-01-31,8458
8933,愛地雅,10,0,10,康和-台南,2023-01-31,8458
2892,第一金,10,0,10,康和-台南,2023-01-31,8458
1513,中興電,25,16,9,康和-台南,2023-01-31,8458
2905,三商,9,0,9,康和-台南,2023-01-31,8458
5258,虹堡,11,2,9,康和-台南,2023-01-31,8458
2885,元大金,8,0,8,康和-台南,2023-01-31,8458
4919,新唐,11,3,8,康和-台南,2023-01-31,8458
3231,緯創,8,1,7,康和-台南,2023-01-31,8458
6535,順藥,7,0,7,康和-台南,2023-01-31,8458
3576,聯合再生,21,15,6,康和-台南,2023-01-31,8458
4129,聯合,6,0,6,康和-台南,2023-01-31,8458
5905,南仁湖,6,0,6,康和-台南,2023-01-31,8458
6235,華孚,8,2,6,康和-台南,2023-01-31,8458
2482,連宇,15,9,6,康和-台南,2023-01-31,8458
1219,福壽,5,0,5,康和-台南,2023-01-31,8458
00652,富邦印度,5,0,5,康和-台南,2023-01-31,8458
2105,正新,5,0,5,康和-台南,2023-01-31,8458
2344,華邦電,5,0,5,康和-台南,2023-01-31,8458
3362,先進光,5,0,5,康和-台南,2023-01-31,8458
2303,聯電,19,15,4,康和-台南,2023-01-31,8458
3017,奇鋐,4,0,4,康和-台南,2023-01-31,8458
3346,麗清,7,3,4,康和-台南,2023-01-31,8458
4746,台耀,4,0,4,康和-台南,2023-01-31,8458
4979,華星光,8,4,4,康和-台南,2023-01-31,8458
3504,揚明光,4,0,4,康和-台南,2023-01-31,8458
1101,台泥,5,1,4,康和-台南,2023-01-31,8458
2002,中鋼,12,9,3,康和-台南,2023-01-31,8458
2201,裕隆,7,4,3,康和-台南,2023-01-31,8458
2409,友達,19,16,3,康和-台南,2023-01-31,8458
2441,超豐,4,1,3,康和-台南,2023-01-31,8458
2497,怡利電,3,0,3,康和-台南,2023-01-31,8458
2609,陽明,5,2,3,康和-台南,2023-01-31,8458
2618,長榮航,16,13,3,康和-台南,2023-01-31,8458
2867,三商壽,100,0,100,康和-台南,2023-02-01,8458
00637L,元大滬深300正2,50,0,50,康和-台南,2023-02-01,8458
2399,映泰,35,0,35,康和-台南,2023-02-01,8458
00753L,中信中國50正2,30,0,30,康和-台南,2023-02-01,8458
6443,元晶,34,5,29,康和-台南,2023-02-01,8458
1810,和成,37,10,27,康和-台南,2023-02-01,8458
1584,精剛,23,4,19,康和-台南,2023-02-01,8458
2482,連宇,26,10,16,康和-台南,2023-02-01,8458
00885,富邦越南,16,0,16,康和-台南,2023-02-01,8458
2618,長榮航,66,51,15,康和-台南,2023-02-01,8458
2412,中華電,14,0,14,康和-台南,2023-02-01,8458
0056,元大高股息,11,0,11,康和-台南,2023-02-01,8458
2891,中信金,12,1,11,康和-台南,2023-02-01,8458
2905,三商,11,0,11,康和-台南,2023-02-01,8458
3576,聯合再生,16,5,11,康和-台南,2023-02-01,8458
2027,大成鋼,25,14,11,康和-台南,2023-02-01,8458
2317,鴻海,15,5,10,康和-台南,2023-02-01,8458
2413,環科,10,0,10,康和-台南,2023-02-01,8458
1504,東元,11,1,10,康和-台南,2023-02-01,8458
1219,福壽,10,0,10,康和-台南,2023-02-01,8458
1720,生達,10,0,10,康和-台南,2023-02-01,8458
3162,精確,11,1,10,康和-台南,2023-02-01,8458
3704,合勤控,19,9,10,康和-台南,2023-02-01,8458
1609,大亞,33,24,9,康和-台南,2023-02-01,8458
8222,寶一,10,1,9,康和-台南,2023-02-01,8458
00905,FT臺灣Smart,8,0,8,康和-台南,2023-02-01,8458
2883,凱基金,8,0,8,康和-台南,2023-02-01,8458
2929,淘帝-KY,7,0,7,康和-台南,2023-02-01,8458
2023,燁輝,12,5,7,康和-台南,2023-02-01,8458
3027,盛達,8,1,7,康和-台南,2023-02-01,8458
3149,正達,7,0,7,康和-台南,2023-02-01,8458
1440,南紡,6,0,6,康和-台南,2023-02-01,8458
3207,耀勝,27,21,6,康和-台南,2023-02-01,8458
3305,昇貿,21,15,6,康和-台南,2023-02-01,8458
4142,國光生,8,2,6,康和-台南,2023-02-01,8458
5309,系統電,6,0,6,康和-台南,2023-02-01,8458
00676R,富邦臺灣加權反1,5,0,5,康和-台南,2023-02-01,8458
2367,燿華,5,0,5,康和-台南,2023-02-01,8458
2409,友達,15,10,5,康和-台南,2023-02-01,8458
3029,零壹,5,0,5,康和-台南,2023-02-01,8458
3354,律勝,5,0,5,康和-台南,2023-02-01,8458
4173,久裕,5,0,5,康和-台南,2023-02-01,8458
5905,南仁湖,5,0,5,康和-台南,2023-02-01,8458
5907,大洋-KY,5,0,5,康和-台南,2023-02-01,8458
6168,宏齊,5,0,5,康和-台南,2023-02-01,8458
00878,國泰永續高股息,7,2,5,康和-台南,2023-02-01,8458
2885,元大金,4,0,4,康和-台南,2023-02-01,8458
1701,中化,4,0,4,康和-台南,2023-02-01,8458
1731,美吾華,4,0,4,康和-台南,2023-02-01,8458
2498,宏達電,5,1,4,康和-台南,2023-02-01,8458
4960,誠美材,48,3,45,康和-台南,2023-02-02,8458
6443,元晶,67,23,44,康和-台南,2023-02-02,8458
00637L,元大滬深300正2,45,5,40,康和-台南,2023-02-02,8458
4906,正文,32,0,32,康和-台南,2023-02-02,8458
6197,佳必琪,30,0,30,康和-台南,2023-02-02,8458
6129,普誠,30,2,28,康和-台南,2023-02-02,8458
5388,中磊,20,0,20,康和-台南,2023-02-02,8458
1522,堤維西,20,0,20,康和-台南,2023-02-02,8458
3540,曜越,20,0,20,康和-台南,2023-02-02,8458
4919,新唐,28,10,18,康和-台南,2023-02-02,8458
3189,景碩,19,1,18,康和-台南,2023-02-02,8458
4162,智擎,17,0,17,康和-台南,2023-02-02,8458
00885,富邦越南,16,0,16,康和-台南,2023-02-02,8458
6770,力積電,19,3,16,康和-台南,2023-02-02,8458
00878,國泰永續高股息,16,0,16,康和-台南,2023-02-02,8458
6472,保瑞,16,2,14,康和-台南,2023-02-02,8458
5469,瀚宇博,15,2,13,康和-台南,2023-02-02,8458
2492,華新科,22,11,11,康和-台南,2023-02-02,8458
2486,一詮,13,2,11,康和-台南,2023-02-02,8458
3704,合勤控,15,4,11,康和-台南,2023-02-02,8458
2885,元大金,10,0,10,康和-台南,2023-02-02,8458
2834,臺企銀,10,0,10,康和-台南,2023-02-02,8458
00671R,富邦NASDAQ反1,10,0,10,康和-台南,2023-02-02,8458
2929,淘帝-KY,9,0,9,康和-台南,2023-02-02,8458
1701,中化,12,3,9,康和-台南,2023-02-02,8458
0056,元大高股息,9,0,9,康和-台南,2023-02-02,8458
1417,嘉裕,9,1,8,康和-台南,2023-02-02,8458
3035,智原,10,2,8,康和-台南,2023-02-02,8458
3037,欣興,44,37,7,康和-台南,2023-02-02,8458
2890,永豐金,7,0,7,康和-台南,2023-02-02,8458
00680L,元大美債20正2,7,0,7,康和-台南,2023-02-02,8458
2014,中鴻,8,1,7,康和-台南,2023-02-02,8458
4747,強生,7,0,7,康和-台南,2023-02-02,8458
1785,光洋科,11,5,6,康和-台南,2023-02-02,8458
1217,愛之味,6,0,6,康和-台南,2023-02-02,8458
2367,燿華,11,5,6,康和-台南,2023-02-02,8458
2497,怡利電,8,2,6,康和-台南,2023-02-02,8458
4979,華星光,14,8,6,康和-台南,2023-02-02,8458
6556,勝品,7,1,6,康和-台南,2023-02-02,8458
8071,能率網通,6,0,6,康和-台南,2023-02-02,8458
4111,濟生,5,0,5,康和-台南,2023-02-02,8458
3481,群創,11,7,4,康和-台南,2023-02-02,8458
2317,鴻海,7,3,4,康和-台南,2023-02-02,8458
2351,順德,5,1,4,康和-台南,2023-02-02,8458
2369,菱生,6,2,4,康和-台南,2023-02-02,8458
6235,華孚,11,7,4,康和-台南,2023-02-02,8458
8111,立��,4,0,4,康和-台南,2023-02-02,8458
8390,金益鼎,4,0,4,康和-台南,2023-02-02,8458
006208,富邦台50,3,0,3,康和-台南,2023-02-02,8458
5425,台半,5,2,3,康和-台南,2023-02-02,8458
3702,大聯大,100,0,100,康和-台南,2023-02-03,8458
00878,國泰永續高股息,101,18,83,康和-台南,2023-02-03,8458
1217,愛之味,41,1,40,康和-台南,2023-02-03,8458
6770,力積電,31,0,31,康和-台南,2023-02-03,8458
1584,精剛,25,0,25,康和-台南,2023-02-03,8458
00637L,元大滬深300正2,29,5,24,康和-台南,2023-02-03,8458
3013,晟銘電,24,0,24,康和-台南,2023-02-03,8458
2027,大成鋼,25,2,23,康和-台南,2023-02-03,8458
2023,燁輝,22,0,22,康和-台南,2023-02-03,8458
2492,華新科,22,1,21,康和-台南,2023-02-03,8458
2618,長榮航,30,10,20,康和-台南,2023-02-03,8458
2014,中鴻,20,1,19,康和-台南,2023-02-03,8458
2891,中信金,19,0,19,康和-台南,2023-02-03,8458
2409,友達,22,5,17,康和-台南,2023-02-03,8458
2615,萬海,27,10,17,康和-台南,2023-02-03,8458
00753L,中信中國50正2,15,0,15,康和-台南,2023-02-03,8458
2406,國碩,15,0,15,康和-台南,2023-02-03,8458
2484,希華,16,1,15,康和-台南,2023-02-03,8458
6015,宏遠證,15,0,15,康和-台南,2023-02-03,8458
5608,四維航,134,120,14,康和-台南,2023-02-03,8458
2436,偉詮電,21,8,13,康和-台南,2023-02-03,8458
2609,陽明,25,12,13,康和-台南,2023-02-03,8458
6190,萬泰科,13,0,13,康和-台南,2023-02-03,8458
3707,漢磊,11,0,11,康和-台南,2023-02-03,8458
00900,富邦特選高股息30,10,0,10,康和-台南,2023-02-03,8458
00715L,期街口布蘭特正2,10,0,10,康和-台南,2023-02-03,8458
2801,彰銀,10,0,10,康和-台南,2023-02-03,8458
2637,慧洋-KY,10,1,9,康和-台南,2023-02-03,8458
1605,華新,20,11,9,康和-台南,2023-02-03,8458
2388,威盛,16,8,8,康和-台南,2023-02-03,8458
2603,長榮,14,6,8,康和-台南,2023-02-03,8458
2610,華航,11,3,8,康和-台南,2023-02-03,8458
2748,雲品,8,0,8,康和-台南,2023-02-03,8458
3712,永崴投控,10,2,8,康和-台南,2023-02-03,8458
4923,力士,8,0,8,康和-台南,2023-02-03,8458
1701,中化,14,7,7,康和-台南,2023-02-03,8458
4114,健喬,9,2,7,康和-台南,2023-02-03,8458
5285,界霖,7,0,7,康和-台南,2023-02-03,8458
6806,森崴能源,7,0,7,康和-台南,2023-02-03,8458
2890,永豐金,6,0,6,康和-台南,2023-02-03,8458
2883,凱基金,6,0,6,康和-台南,2023-02-03,8458
6411,晶焱,19,13,6,康和-台南,2023-02-03,8458
5351,鈺創,23,17,6,康和-台南,2023-02-03,8458
2323,中環,6,0,6,康和-台南,2023-02-03,8458
3189,景碩,12,7,5,康和-台南,2023-02-03,8458
3163,波若威,5,0,5,康和-台南,2023-02-03,8458
00885,富邦越南,5,0,5,康和-台南,2023-02-03,8458
2329,華泰,5,0,5,康和-台南,2023-02-03,8458
2369,菱生,5,0,5,康和-台南,2023-02-03,8458
2731,雄獅,5,0,5,康和-台南,2023-02-03,8458
1712,興農,95,0,95,康和-台南,2023-02-06,8458
2888,新光金,93,6,87,康和-台南,2023-02-06,8458
3702,大聯大,51,1,50,康和-台南,2023-02-06,8458
5608,四維航,40,1,39,康和-台南,2023-02-06,8458
5533,皇鼎,36,0,36,康和-台南,2023-02-06,8458
6770,力積電,31,1,30,康和-台南,2023-02-06,8458
2328,廣宇,29,0,29,康和-台南,2023-02-06,8458
2105,正新,21,0,21,康和-台南,2023-02-06,8458
00670L,富邦NASDAQ正2,20,0,20,康和-台南,2023-02-06,8458
1783,和康生,21,4,17,康和-台南,2023-02-06,8458
4102,永日,24,9,15,康和-台南,2023-02-06,8458
0056,元大高股息,14,0,14,康和-台南,2023-02-06,8458
2330,台積電,16,2,14,康和-台南,2023-02-06,8458
00900,富邦特選高股息30,12,0,12,康和-台南,2023-02-06,8458
00885,富邦越南,11,0,11,康和-台南,2023-02-06,8458
1701,中化,18,7,11,康和-台南,2023-02-06,8458
1717,長興,10,0,10,康和-台南,2023-02-06,8458
8046,南電,11,2,9,康和-台南,2023-02-06,8458
2313,華通,11,3,8,康和-台南,2023-02-06,8458
2413,環科,12,4,8,康和-台南,2023-02-06,8458
2801,彰銀,8,0,8,康和-台南,2023-02-06,8458
5258,虹堡,8,1,7,康和-台南,2023-02-06,8458
1584,精剛,9,3,6,康和-台南,2023-02-06,8458
2891,中信金,6,0,6,康和-台南,2023-02-06,8458
3710,連展投控,6,0,6,康和-台南,2023-02-06,8458
2201,裕隆,6,0,6,康和-台南,2023-02-06,8458
3596,智易,7,2,5,康和-台南,2023-02-06,8458
00637L,元大滬深300正2,10,5,5,康和-台南,2023-02-06,8458
00633L,富邦上証正2,6,1,5,康和-台南,2023-02-06,8458
00669R,國泰美國道瓊反1,5,0,5,康和-台南,2023-02-06,8458
00715L,期街口布蘭特正2,5,0,5,康和-台南,2023-02-06,8458
00891,中信關鍵半導體,5,0,5,康和-台南,2023-02-06,8458
2031,新光鋼,5,0,5,康和-台南,2023-02-06,8458
2108,南帝,5,0,5,康和-台南,2023-02-06,8458
2340,台亞,5,0,5,康和-台南,2023-02-06,8458
3481,群創,5,0,5,康和-台南,2023-02-06,8458
6282,康舒,9,4,5,康和-台南,2023-02-06,8458
8038,長園科,5,0,5,康和-台南,2023-02-06,8458
8044,網家,5,0,5,康和-台南,2023-02-06,8458
6223,旺矽,5,1,4,康和-台南,2023-02-06,8458
2347,聯強,4,0,4,康和-台南,2023-02-06,8458
2409,友達,5,1,4,康和-台南,2023-02-06,8458
2441,超豐,4,0,4,康和-台南,2023-02-06,8458
2929,淘帝-KY,4,0,4,康和-台南,2023-02-06,8458
3033,威健,4,0,4,康和-台南,2023-02-06,8458
2609,陽明,3,0,3,康和-台南,2023-02-06,8458
3207,耀勝,4,1,3,康和-台南,2023-02-06,8458
00882,中信中國高股息,3,0,3,康和-台南,2023-02-06,8458
1760,寶齡富錦,9,6,3,康和-台南,2023-02-06,8458
2344,華邦電,13,10,3,康和-台南,2023-02-06,8458
00715L,期街口布蘭特正2,106,0,106,康和-台南,2023-02-07,8458
3037,欣興,55,2,53,康和-台南,2023-02-07,8458
1605,華新,47,14,33,康和-台南,2023-02-07,8458
1417,嘉裕,37,4,33,康和-台南,2023-02-07,8458
3545,敦泰,32,0,32,康和-台南,2023-02-07,8458
2618,長榮航,27,4,23,康和-台南,2023-02-07,8458
2610,華航,22,0,22,康和-台南,2023-02-07,8458
3665,貿聯-KY,21,0,21,康和-台南,2023-02-07,8458
3128,昇銳,15,0,15,康和-台南,2023-02-07,8458
2457,飛宏,15,1,14,康和-台南,2023-02-07,8458
3059,華晶科,14,0,14,康和-台南,2023-02-07,8458
8096,擎亞,13,0,13,康和-台南,2023-02-07,8458
00679B,元大美債20年,12,0,12,康和-台南,2023-02-07,8458
2105,正新,12,0,12,康和-台南,2023-02-07,8458
2498,宏達電,22,10,12,康和-台南,2023-02-07,8458
1440,南紡,11,0,11,康和-台南,2023-02-07,8458
00670L,富邦NASDAQ正2,10,0,10,康和-台南,2023-02-07,8458
00893,國泰智能電動車,10,0,10,康和-台南,2023-02-07,8458
00720B,元大投資級公司債,10,0,10,康和-台南,2023-02-07,8458
2020,美亞,10,0,10,康和-台南,2023-02-07,8458
2428,興勤,10,0,10,康和-台南,2023-02-07,8458
3207,耀勝,12,2,10,康和-台南,2023-02-07,8458
3576,聯合再生,10,0,10,康和-台南,2023-02-07,8458
6116,彩晶,10,0,10,康和-台南,2023-02-07,8458
6279,胡連,10,0,10,康和-台南,2023-02-07,8458
00878,國泰永續高股息,17,8,9,康和-台南,2023-02-07,8458
2317,鴻海,10,1,9,康和-台南,2023-02-07,8458
5533,皇鼎,8,0,8,康和-台南,2023-02-07,8458
0056,元大高股息,9,1,8,康和-台南,2023-02-07,8458
6217,中探針,10,3,7,康和-台南,2023-02-07,8458
8105,凌巨,20,13,7,康和-台南,2023-02-07,8458
2436,偉詮電,7,0,7,康和-台南,2023-02-07,8458
6547,高端疫苗,7,1,6,康和-台南,2023-02-07,8458
00900,富邦特選高股息30,6,0,6,康和-台南,2023-02-07,8458
1701,中化,24,18,6,康和-台南,2023-02-07,8458
1795,美時,15,9,6,康和-台南,2023-02-07,8458
2344,華邦電,26,20,6,康和-台南,2023-02-07,8458
2890,永豐金,6,0,6,康和-台南,2023-02-07,8458
3048,益登,6,0,6,康和-台南,2023-02-07,8458
4747,強生,7,1,6,康和-台南,2023-02-07,8458
5258,虹堡,12,6,6,康和-台南,2023-02-07,8458
00637L,元大滬深300正2,5,0,5,康和-台南,2023-02-07,8458
00669R,國泰美國道瓊反1,5,0,5,康和-台南,2023-02-07,8458
00671R,富邦NASDAQ反1,5,0,5,康和-台南,2023-02-07,8458
2023,燁輝,5,0,5,康和-台南,2023-02-07,8458
2313,華通,5,0,5,康和-台南,2023-02-07,8458
2419,仲琦,6,1,5,康和-台南,2023-02-07,8458
2886,兆豐金,5,0,5,康和-台南,2023-02-07,8458
3317,尼克森,5,0,5,康和-台南,2023-02-07,8458
5464,霖宏,10,5,5,康和-台南,2023-02-07,8458
3702,大聯大,80,0,80,康和-台南,2023-02-08,8458
2331,精英,50,0,50,康和-台南,2023-02-08,8458
2706,第一店,32,0,32,康和-台南,2023-02-08,8458
5608,四維航,31,0,31,康和-台南,2023-02-08,8458
00882,中信中國高股息,23,0,23,康和-台南,2023-02-08,8458
1531,高林股,20,0,20,康和-台南,2023-02-08,8458
3038,全台,20,0,20,康和-台南,2023-02-08,8458
3052,夆典,20,0,20,康和-台南,2023-02-08,8458
6108,競國,20,0,20,康和-台南,2023-02-08,8458
6188,廣明,29,9,20,康和-台南,2023-02-08,8458
00885,富邦越南,18,0,18,康和-台南,2023-02-08,8458
8096,擎亞,17,0,17,康和-台南,2023-02-08,8458
2425,承啟,16,0,16,康和-台南,2023-02-08,8458
4114,健喬,25,9,16,康和-台南,2023-02-08,8458
00632R,元大台灣50反1,25,10,15,康和-台南,2023-02-08,8458
2009,第一銅,17,2,15,康和-台南,2023-02-08,8458
2367,燿華,54,39,15,康和-台南,2023-02-08,8458
2485,兆赫,20,5,15,康和-台南,2023-02-08,8458
2801,彰銀,15,0,15,康和-台南,2023-02-08,8458
2359,所羅門,14,0,14,康和-台南,2023-02-08,8458
3545,敦泰,16,2,14,康和-台南,2023-02-08,8458
6282,康舒,63,51,12,康和-台南,2023-02-08,8458
6279,胡連,12,1,11,康和-台南,2023-02-08,8458
5371,中光電,11,0,11,康和-台南,2023-02-08,8458
1522,堤維西,10,0,10,康和-台南,2023-02-08,8458
2020,美亞,10,0,10,康和-台南,2023-02-08,8458
2338,光罩,11,1,10,康和-台南,2023-02-08,8458
2883,凱基金,10,0,10,康和-台南,2023-02-08,8458
6116,彩晶,15,5,10,康和-台南,2023-02-08,8458
6117,迎廣,10,0,10,康和-台南,2023-02-08,8458
2884,玉山金,10,1,9,康和-台南,2023-02-08,8458
1605,華新,9,0,9,康和-台南,2023-02-08,8458
1701,中化,13,4,9,康和-台南,2023-02-08,8458
3479,安勤,9,0,9,康和-台南,2023-02-08,8458
6625,必應,15,6,9,康和-台南,2023-02-08,8458
5258,虹堡,11,3,8,康和-台南,2023-02-08,8458
1310,台苯,8,0,8,康和-台南,2023-02-08,8458
00679B,元大美債20年,7,0,7,康和-台南,2023-02-08,8458
2515,中工,7,0,7,康和-台南,2023-02-08,8458
1513,中興電,7,1,6,康和-台南,2023-02-08,8458
1789,神隆,6,0,6,康和-台南,2023-02-08,8458
3149,正達,6,0,6,康和-台南,2023-02-08,8458
3576,聯合再生,6,0,6,康和-台南,2023-02-08,8458
5469,瀚宇博,6,0,6,康和-台南,2023-02-08,8458
5483,中美晶,6,0,6,康和-台南,2023-02-08,8458
5533,皇鼎,6,0,6,康和-台南,2023-02-08,8458
3035,智原,23,17,6,康和-台南,2023-02-08,8458
0056,元大高股息,6,1,5,康和-台南,2023-02-08,8458
1714,和桐,5,0,5,康和-台南,2023-02-08,8458
8222,寶一,5,0,5,康和-台南,2023-02-08,8458
4533,協易機,107,37,70,康和-台南,2023-02-09,8458
5608,四維航,61,0,61,康和-台南,2023-02-09,8458
1540,喬福,50,0,50,康和-台南,2023-02-09,8458
6770,力積電,32,0,32,康和-台南,2023-02-09,8458
2344,華邦電,43,15,28,康和-台南,2023-02-09,8458
2367,燿華,28,0,28,康和-台南,2023-02-09,8458
3231,緯創,21,0,21,康和-台南,2023-02-09,8458
1605,華新,23,6,17,康和-台南,2023-02-09,8458
4915,致伸,15,0,15,康和-台南,2023-02-09,8458
3704,合勤控,14,2,12,康和-台南,2023-02-09,8458
00673R,期元大S＆P原油反1,11,0,11,康和-台南,2023-02-09,8458
1810,和成,30,19,11,康和-台南,2023-02-09,8458
2634,漢翔,30,19,11,康和-台南,2023-02-09,8458
00720B,元大投資級公司債,10,0,10,康和-台南,2023-02-09,8458
2428,興勤,10,0,10,康和-台南,2023-02-09,8458
3466,德晉,10,0,10,康和-台南,2023-02-09,8458
4747,強生,97,88,9,康和-台南,2023-02-09,8458
3207,耀勝,15,6,9,康和-台南,2023-02-09,8458
2313,華通,8,0,8,康和-台南,2023-02-09,8458
2482,連宇,24,16,8,康和-台南,2023-02-09,8458
2883,凱基金,8,0,8,康和-台南,2023-02-09,8458
6167,久正,8,0,8,康和-台南,2023-02-09,8458
6245,立端,34,26,8,康和-台南,2023-02-09,8458
1584,精剛,12,5,7,康和-台南,2023-02-09,8458
1409,新纖,6,0,6,康和-台南,2023-02-09,8458
00885,富邦越南,6,0,6,康和-台南,2023-02-09,8458
1514,亞力,6,0,6,康和-台南,2023-02-09,8458
2392,正崴,6,0,6,康和-台南,2023-02-09,8458
4979,華星光,15,9,6,康和-台南,2023-02-09,8458
8072,陞泰,6,0,6,康和-台南,2023-02-09,8458
2409,友達,11,6,5,康和-台南,2023-02-09,8458
1587,吉茂,5,0,5,康和-台南,2023-02-09,8458
00679B,元大美債20年,5,0,5,康和-台南,2023-02-09,8458
2406,國碩,5,0,5,康和-台南,2023-02-09,8458
2408,南亞科,5,0,5,康和-台南,2023-02-09,8458
2916,滿心,5,0,5,康和-台南,2023-02-09,8458
3665,貿聯-KY,15,10,5,康和-台南,2023-02-09,8458
5371,中光電,5,0,5,康和-台南,2023-02-09,8458
5388,中磊,5,0,5,康和-台南,2023-02-09,8458
6138,茂達,7,2,5,康和-台南,2023-02-09,8458
6244,茂迪,9,4,5,康和-台南,2023-02-09,8458
8463,潤泰材,5,0,5,康和-台南,2023-02-09,8458
2444,兆勁,4,0,4,康和-台南,2023-02-09,8458
3673,TPK-KY,4,0,4,康和-台南,2023-02-09,8458
4142,國光生,4,0,4,康和-台南,2023-02-09,8458
5880,合庫金,4,0,4,康和-台南,2023-02-09,8458
2031,新光鋼,5,2,3,康和-台南,2023-02-09,8458
2108,南帝,5,2,3,康和-台南,2023-02-09,8458
2327,國巨,3,0,3,康和-台南,2023-02-09,8458
2375,凱美,3,0,3,康和-台南,2023-02-09,8458
5608,四維航,121,0,121,康和-台南,2023-02-10,8458
6770,力積電,87,3,84,康和-台南,2023-02-10,8458
2634,漢翔,86,29,57,康和-台南,2023-02-10,8458
2618,長榮航,73,16,57,康和-台南,2023-02-10,8458
3231,緯創,40,0,40,康和-台南,2023-02-10,8458
2367,燿華,54,15,39,康和-台南,2023-02-10,8458
2453,凌群,40,1,39,康和-台南,2023-02-10,8458
00878,國泰永續高股息,37,0,37,康和-台南,2023-02-10,8458
6266,泰詠,48,13,35,康和-台南,2023-02-10,8458
6108,競國,30,0,30,康和-台南,2023-02-10,8458
2392,正崴,25,1,24,康和-台南,2023-02-10,8458
00753L,中信中國50正2,23,0,23,康和-台南,2023-02-10,8458
4746,台耀,22,0,22,康和-台南,2023-02-10,8458
1762,中化生,20,0,20,康和-台南,2023-02-10,8458
3494,誠研,17,0,17,康和-台南,2023-02-10,8458
5388,中磊,15,0,15,康和-台南,2023-02-10,8458
3707,漢磊,14,1,13,康和-台南,2023-02-10,8458
2332,友訊,12,0,12,康和-台南,2023-02-10,8458
4130,健亞,12,0,12,康和-台南,2023-02-10,8458
1522,堤維西,10,0,10,康和-台南,2023-02-10,8458
00676R,富邦臺灣加權反1,10,0,10,康和-台南,2023-02-10,8458
1326,台化,10,0,10,康和-台南,2023-02-10,8458
1717,長興,10,0,10,康和-台南,2023-02-10,8458
1777,生泰,10,0,10,康和-台南,2023-02-10,8458
3059,華晶科,10,0,10,康和-台南,2023-02-10,8458
4931,新盛力,13,3,10,康和-台南,2023-02-10,8458
6116,彩晶,10,0,10,康和-台南,2023-02-10,8458
6129,普誠,10,0,10,康和-台南,2023-02-10,8458
8069,元太,14,4,10,康和-台南,2023-02-10,8458
6123,上奇,7,0,7,康和-台南,2023-02-10,8458
3481,群創,7,1,6,康和-台南,2023-02-10,8458
00900,富邦特選高股息30,6,0,6,康和-台南,2023-02-10,8458
2368,金像電,6,0,6,康和-台南,2023-02-10,8458
3027,盛達,7,1,6,康和-台南,2023-02-10,8458
4977,眾達-KY,8,2,6,康和-台南,2023-02-10,8458
5272,笙科,6,0,6,康和-台南,2023-02-10,8458
2413,環科,5,0,5,康和-台南,2023-02-10,8458
2884,玉山金,5,0,5,康和-台南,2023-02-10,8458
2929,淘帝-KY,5,0,5,康和-台南,2023-02-10,8458
3105,穩懋,23,18,5,康和-台南,2023-02-10,8458
5222,全訊,6,1,5,康和-台南,2023-02-10,8458
6550,北極星藥業-KY,5,0,5,康和-台南,2023-02-10,8458
8038,長園科,5,0,5,康和-台南,2023-02-10,8458
8227,巨有科技,7,2,5,康和-台南,2023-02-10,8458
00679B,元大美債20年,4,0,4,康和-台南,2023-02-10,8458
2748,雲品,8,4,4,康和-台南,2023-02-10,8458
2886,兆豐金,5,1,4,康和-台南,2023-02-10,8458
3297,杭特,4,0,4,康和-台南,2023-02-10,8458
3624,光頡,9,5,4,康和-台南,2023-02-10,8458
4726,永昕,4,0,4,康和-台南,2023-02-10,8458
00679B,元大美債20年,207,0,207,康和-台南,2023-02-13,8458
8033,雷虎,105,1,104,康和-台南,2023-02-13,8458
3481,群創,70,2,68,康和-台南,2023-02-13,8458
00632R,元大台灣50反1,50,0,50,康和-台南,2023-02-13,8458
6770,力積電,41,8,33,康和-台南,2023-02-13,8458
00878,國泰永續高股息,36,4,32,康和-台南,2023-02-13,8458
3038,全台,31,0,31,康和-台南,2023-02-13,8458
5608,四維航,25,0,25,康和-台南,2023-02-13,8458
1591,駿吉-KY,21,0,21,康和-台南,2023-02-13,8458
2034,允強,20,0,20,康和-台南,2023-02-13,8458
1504,東元,20,1,19,康和-台南,2023-02-13,8458
5009,榮剛,15,0,15,康和-台南,2023-02-13,8458
3207,耀勝,27,12,15,康和-台南,2023-02-13,8458
3033,威健,12,0,12,康和-台南,2023-02-13,8458
2883,凱基金,12,0,12,康和-台南,2023-02-13,8458
2359,所羅門,11,0,11,康和-台南,2023-02-13,8458
2886,兆豐金,12,1,11,康和-台南,2023-02-13,8458
1720,生達,10,0,10,康和-台南,2023-02-13,8458
2020,美亞,10,0,10,康和-台南,2023-02-13,8458
2880,華南金,10,0,10,康和-台南,2023-02-13,8458
4114,健喬,14,5,9,康和-台南,2023-02-13,8458
3027,盛達,14,6,8,康和-台南,2023-02-13,8458
8349,�矬�,8,0,8,康和-台南,2023-02-13,8458
2108,南帝,7,0,7,康和-台南,2023-02-13,8458
2303,聯電,16,9,7,康和-台南,2023-02-13,8458
00885,富邦越南,7,0,7,康和-台南,2023-02-13,8458
1513,中興電,7,1,6,康和-台南,2023-02-13,8458
2323,中環,6,0,6,康和-台南,2023-02-13,8458
3057,喬鼎,6,0,6,康和-台南,2023-02-13,8458
2603,長榮,7,2,5,康和-台南,2023-02-13,8458
00892,富邦台灣半導體,5,0,5,康和-台南,2023-02-13,8458
1217,愛之味,5,0,5,康和-台南,2023-02-13,8458
1701,中化,9,4,5,康和-台南,2023-02-13,8458
2375,凱美,5,0,5,康和-台南,2023-02-13,8458
2406,國碩,5,0,5,康和-台南,2023-02-13,8458
2867,三商壽,5,0,5,康和-台南,2023-02-13,8458
5388,中磊,5,0,5,康和-台南,2023-02-13,8458
6208,日揚,5,0,5,康和-台南,2023-02-13,8458
6283,淳安,5,0,5,康和-台南,2023-02-13,8458
2317,鴻海,6,2,4,康和-台南,2023-02-13,8458
2409,友達,14,10,4,康和-台南,2023-02-13,8458
1519,華城,9,5,4,康和-台南,2023-02-13,8458
00725B,國泰投資級公司債,74,70,4,康和-台南,2023-02-13,8458
1609,大亞,5,1,4,康和-台南,2023-02-13,8458
2002,中鋼,9,5,4,康和-台南,2023-02-13,8458
2641,正德,4,0,4,康和-台南,2023-02-13,8458
3591,艾笛森,6,2,4,康和-台南,2023-02-13,8458
5285,界霖,4,0,4,康和-台南,2023-02-13,8458
2884,玉山金,8,5,3,康和-台南,2023-02-13,8458
2888,新光金,3,0,3,康和-台南,2023-02-13,8458
00650L,復華香港正2,400,0,400,康和-台南,2023-02-14,8458
2882,國泰金,200,21,179,康和-台南,2023-02-14,8458
2317,鴻海,57,2,55,康和-台南,2023-02-14,8458
3702,大聯大,30,0,30,康和-台南,2023-02-14,8458
3443,創意,29,4,25,康和-台南,2023-02-14,8458
1101,台泥,25,3,22,康和-台南,2023-02-14,8458
6235,華孚,23,1,22,康和-台南,2023-02-14,8458
2027,大成鋼,21,0,21,康和-台南,2023-02-14,8458
2614,東森,20,0,20,康和-台南,2023-02-14,8458
4953,緯軟,20,0,20,康和-台南,2023-02-14,8458
00637L,元大滬深300正2,15,0,15,康和-台南,2023-02-14,8458
4102,永日,13,1,12,康和-台南,2023-02-14,8458
1504,東元,12,1,11,康和-台南,2023-02-14,8458
6282,康舒,13,2,11,康和-台南,2023-02-14,8458
2402,毅嘉,10,0,10,康和-台南,2023-02-14,8458
6123,上奇,10,0,10,康和-台南,2023-02-14,8458
6517,保勝光學,11,1,10,康和-台南,2023-02-14,8458
6874,倍力,10,0,10,康和-台南,2023-02-14,8458
00780B,國泰A級金融債,8,0,8,康和-台南,2023-02-14,8458
6142,友勁,8,0,8,康和-台南,2023-02-14,8458
1605,華新,17,10,7,康和-台南,2023-02-14,8458
2634,漢翔,28,21,7,康和-台南,2023-02-14,8458
1609,大亞,6,0,6,康和-台南,2023-02-14,8458
5483,中美晶,7,1,6,康和-台南,2023-02-14,8458
6180,橘子,6,0,6,康和-台南,2023-02-14,8458
6509,聚和,5,0,5,康和-台南,2023-02-14,8458
2208,台船,5,0,5,康和-台南,2023-02-14,8458
2375,凱美,7,2,5,康和-台南,2023-02-14,8458
2453,凌群,19,14,5,康和-台南,2023-02-14,8458
3479,安勤,8,3,5,康和-台南,2023-02-14,8458
6175,立敦,5,0,5,康和-台南,2023-02-14,8458
6541,泰福-KY,5,0,5,康和-台南,2023-02-14,8458
8104,錸寶,5,0,5,康和-台南,2023-02-14,8458
2344,華邦電,4,0,4,康和-台南,2023-02-14,8458
3037,欣興,6,2,4,康和-台南,2023-02-14,8458
3545,敦泰,4,0,4,康和-台南,2023-02-14,8458
8478,東哥遊艇,4,0,4,康和-台南,2023-02-14,8458
2388,威盛,5,1,4,康和-台南,2023-02-14,8458
2609,陽明,9,6,3,康和-台南,2023-02-14,8458
5425,台半,3,0,3,康和-台南,2023-02-14,8458
1216,統一,3,0,3,康和-台南,2023-02-14,8458
1529,樂事綠能,3,0,3,康和-台南,2023-02-14,8458
2313,華通,5,2,3,康和-台南,2023-02-14,8458
3046,建��,3,0,3,康和-台南,2023-02-14,8458
3528,安馳,4,1,3,康和-台南,2023-02-14,8458
3704,合勤控,5,2,3,康和-台南,2023-02-14,8458
4171,瑞基,3,0,3,康和-台南,2023-02-14,8458
4541,晟田,3,0,3,康和-台南,2023-02-14,8458
5007,三星,3,0,3,康和-台南,2023-02-14,8458
5211,蒙恬,3,0,3,康和-台南,2023-02-14,8458
00650L,復華香港正2,400,0,400,康和-台南,2023-02-15,8458
0050,元大台灣50,103,0,103,康和-台南,2023-02-15,8458
00631L,元大台灣50正2,100,3,97,康和-台南,2023-02-15,8458
00715L,期街口布蘭特正2,57,0,57,康和-台南,2023-02-15,8458
00878,國泰永續高股息,91,41,50,康和-台南,2023-02-15,8458
6770,力積電,35,1,34,康和-台南,2023-02-15,8458
00679B,元大美債20年,32,0,32,康和-台南,2023-02-15,8458
1776,展宇,31,0,31,康和-台南,2023-02-15,8458
2515,中工,30,0,30,康和-台南,2023-02-15,8458
2406,國碩,20,0,20,康和-台南,2023-02-15,8458
6235,華孚,92,72,20,康和-台南,2023-02-15,8458
2882,國泰金,19,0,19,康和-台南,2023-02-15,8458
2603,長榮,20,1,19,康和-台南,2023-02-15,8458
2027,大成鋼,23,5,18,康和-台南,2023-02-15,8458
00891,中信關鍵半導體,16,0,16,康和-台南,2023-02-15,8458
2330,台積電,22,8,14,康和-台南,2023-02-15,8458
00753L,中信中國50正2,23,10,13,康和-台南,2023-02-15,8458
3221,台嘉碩,13,1,12,康和-台南,2023-02-15,8458
6129,普誠,12,1,11,康和-台南,2023-02-15,8458
6278,台表科,11,0,11,康和-台南,2023-02-15,8458
2454,聯發科,10,0,10,康和-台南,2023-02-15,8458
1504,東元,12,2,10,康和-台南,2023-02-15,8458
2023,燁輝,10,0,10,康和-台南,2023-02-15,8458
2208,台船,11,1,10,康和-台南,2023-02-15,8458
2801,彰銀,14,4,10,康和-台南,2023-02-15,8458
6806,森崴能源,13,3,10,康和-台南,2023-02-15,8458
8261,富鼎,10,0,10,康和-台南,2023-02-15,8458
2743,山富,32,23,9,康和-台南,2023-02-15,8458
5347,世界,9,0,9,康和-台南,2023-02-15,8458
2354,鴻準,8,0,8,康和-台南,2023-02-15,8458
3576,聯合再生,8,0,8,康和-台南,2023-02-15,8458
8105,凌巨,11,3,8,康和-台南,2023-02-15,8458
2498,宏達電,13,5,8,康和-台南,2023-02-15,8458
3545,敦泰,8,1,7,康和-台南,2023-02-15,8458
8255,朋程,7,0,7,康和-台南,2023-02-15,8458
2892,第一金,6,0,6,康和-台南,2023-02-15,8458
00885,富邦越南,6,0,6,康和-台南,2023-02-15,8458
1529,樂事綠能,5,0,5,康和-台南,2023-02-15,8458
1417,嘉裕,5,0,5,康和-台南,2023-02-15,8458
00896,中信綠能及電動車,5,0,5,康和-台南,2023-02-15,8458
00636,國泰中國A50,5,0,5,康和-台南,2023-02-15,8458
1783,和康生,8,3,5,康和-台南,2023-02-15,8458
2028,威致,7,2,5,康和-台南,2023-02-15,8458
2472,立隆電,5,0,5,康和-台南,2023-02-15,8458
2748,雲品,7,2,5,康和-台南,2023-02-15,8458
2867,三商壽,5,0,5,康和-台南,2023-02-15,8458
2929,淘帝-KY,5,0,5,康和-台南,2023-02-15,8458
3122,笙泉,6,1,5,康和-台南,2023-02-15,8458
3693,營邦,6,1,5,康和-台南,2023-02-15,8458
6116,彩晶,10,5,5,康和-台南,2023-02-15,8458
00878,國泰永續高股息,85,0,85,康和-台南,2023-02-16,8458
6266,泰詠,47,17,30,康和-台南,2023-02-16,8458
1338,廣華-KY,30,0,30,康和-台南,2023-02-16,8458
1720,生達,30,0,30,康和-台南,2023-02-16,8458
4510,高鋒,30,0,30,康和-台南,2023-02-16,8458
2851,中再保,20,0,20,康和-台南,2023-02-16,8458
3432,台端,20,1,19,康和-台南,2023-02-16,8458
3576,聯合再生,30,11,19,康和-台南,2023-02-16,8458
5905,南仁湖,18,2,16,康和-台南,2023-02-16,8458
2020,美亞,16,0,16,康和-台南,2023-02-16,8458
1609,大亞,17,2,15,康和-台南,2023-02-16,8458
2607,榮運,15,0,15,康和-台南,2023-02-16,8458
1605,華新,70,55,15,康和-台南,2023-02-16,8458
1752,南光,16,3,13,康和-台南,2023-02-16,8458
6139,亞翔,13,0,13,康和-台南,2023-02-16,8458
6550,北極星藥業-KY,13,0,13,康和-台南,2023-02-16,8458
2239,英利-KY,11,0,11,康和-台南,2023-02-16,8458
00902,中信電池及儲能,10,0,10,康和-台南,2023-02-16,8458
1762,中化生,10,0,10,康和-台南,2023-02-16,8458
2208,台船,10,0,10,康和-台南,2023-02-16,8458
2702,華園,10,0,10,康和-台南,2023-02-16,8458
2812,台中銀,10,0,10,康和-台南,2023-02-16,8458
2883,凱基金,10,0,10,康和-台南,2023-02-16,8458
3466,德晉,10,0,10,康和-台南,2023-02-16,8458
1611,中電,11,2,9,康和-台南,2023-02-16,8458
3046,建��,10,1,9,康和-台南,2023-02-16,8458
1437,勤益控,10,2,8,康和-台南,2023-02-16,8458
2436,偉詮電,8,0,8,康和-台南,2023-02-16,8458
6143,振曜,14,6,8,康和-台南,2023-02-16,8458
6116,彩晶,30,23,7,康和-台南,2023-02-16,8458
1101,台泥,6,0,6,康和-台南,2023-02-16,8458
1777,生泰,6,0,6,康和-台南,2023-02-16,8458
1783,和康生,6,0,6,康和-台南,2023-02-16,8458
2303,聯電,11,5,6,康和-台南,2023-02-16,8458
2332,友訊,6,0,6,康和-台南,2023-02-16,8458
2801,彰銀,6,0,6,康和-台南,2023-02-16,8458
3094,聯傑,7,1,6,康和-台南,2023-02-16,8458
3711,日月光投控,6,0,6,康和-台南,2023-02-16,8458
1904,正隆,5,0,5,康和-台南,2023-02-16,8458
3147,大綜,5,0,5,康和-台南,2023-02-16,8458
3564,其陽,5,0,5,康和-台南,2023-02-16,8458
5287,數字,5,0,5,康和-台南,2023-02-16,8458
6125,廣運,5,0,5,康和-台南,2023-02-16,8458
8046,南電,4,0,4,康和-台南,2023-02-16,8458
1506,正道,4,0,4,康和-台南,2023-02-16,8458
2425,承啟,4,0,4,康和-台南,2023-02-16,8458
2641,正德,6,2,4,康和-台南,2023-02-16,8458
3264,欣銓,4,0,4,康和-台南,2023-02-16,8458
4114,健喬,7,3,4,康和-台南,2023-02-16,8458
4744,皇將,132,128,4,康和-台南,2023-02-16,8458
2882,國泰金,263,50,213,康和-台南,2023-02-17,8458
00650L,復華香港正2,200,0,200,康和-台南,2023-02-17,8458
00631L,元大台灣50正2,103,5,98,康和-台南,2023-02-17,8458
3023,信邦,90,2,88,康和-台南,2023-02-17,8458
6116,彩晶,82,38,44,康和-台南,2023-02-17,8458
2618,長榮航,56,22,34,康和-台南,2023-02-17,8458
2601,益航,33,0,33,康和-台南,2023-02-17,8458
6226,光鼎,32,0,32,康和-台南,2023-02-17,8458
2027,大成鋼,31,1,30,康和-台南,2023-02-17,8458
4102,永日,21,1,20,康和-台南,2023-02-17,8458
3564,其陽,15,0,15,康和-台南,2023-02-17,8458
1513,中興電,61,48,13,康和-台南,2023-02-17,8458
00773B,中信優先金融債,12,0,12,康和-台南,2023-02-17,8458
00753L,中信中國50正2,12,0,12,康和-台南,2023-02-17,8458
2367,燿華,11,0,11,康和-台南,2023-02-17,8458
2606,裕民,105,94,11,康和-台南,2023-02-17,8458
2330,台積電,14,3,11,康和-台南,2023-02-17,8458
00751B,元大AAA至A公司債,10,0,10,康和-台南,2023-02-17,8458
1338,廣華-KY,10,0,10,康和-台南,2023-02-17,8458
1434,福懋,10,0,10,康和-台南,2023-02-17,8458
2484,希華,10,0,10,康和-台南,2023-02-17,8458
2702,華園,11,1,10,康和-台南,2023-02-17,8458
5014,建錩,10,0,10,康和-台南,2023-02-17,8458
3596,智易,10,1,9,康和-台南,2023-02-17,8458
1776,展宇,8,0,8,康和-台南,2023-02-17,8458
2105,正新,8,0,8,康和-台南,2023-02-17,8458
6235,華孚,25,17,8,康和-台南,2023-02-17,8458
2634,漢翔,15,8,7,康和-台南,2023-02-17,8458
1417,嘉裕,8,1,7,康和-台南,2023-02-17,8458
00669R,國泰美國道瓊反1,7,0,7,康和-台南,2023-02-17,8458
1227,佳格,7,0,7,康和-台南,2023-02-17,8458
2368,金像電,7,0,7,康和-台南,2023-02-17,8458
2453,凌群,29,22,7,康和-台南,2023-02-17,8458
3128,昇銳,14,7,7,康和-台南,2023-02-17,8458
6517,保勝光學,7,0,7,康和-台南,2023-02-17,8458
3058,立德,6,0,6,康和-台南,2023-02-17,8458
8383,千附,6,0,6,康和-台南,2023-02-17,8458
8050,廣積,25,19,6,康和-台南,2023-02-17,8458
00772B,中信高評級公司債,5,0,5,康和-台南,2023-02-17,8458
2313,華通,5,0,5,康和-台南,2023-02-17,8458
2323,中環,5,0,5,康和-台南,2023-02-17,8458
2344,華邦電,27,22,5,康和-台南,2023-02-17,8458
2353,宏��,6,1,5,康和-台南,2023-02-17,8458
3141,晶宏,7,2,5,康和-台南,2023-02-17,8458
4915,致伸,5,0,5,康和-台南,2023-02-17,8458
6546,正基,5,0,5,康和-台南,2023-02-17,8458
8064,東捷,5,0,5,康和-台南,2023-02-17,8458
00679B,元大美債20年,8,4,4,康和-台南,2023-02-17,8458
6411,晶焱,8,4,4,康和-台南,2023-02-17,8458
2303,聯電,9,5,4,康和-台南,2023-02-17,8458
00878,國泰永續高股息,50,0,50,康和-台南,2023-02-20,8458
2367,燿華,38,5,33,康和-台南,2023-02-20,8458
1503,士電,34,4,30,康和-台南,2023-02-20,8458
3046,建��,29,0,29,康和-台南,2023-02-20,8458
0056,元大高股息,24,0,24,康和-台南,2023-02-20,8458
4979,華星光,45,22,23,康和-台南,2023-02-20,8458
00692,富邦公司治理,20,0,20,康和-台南,2023-02-20,8458
5905,南仁湖,20,0,20,康和-台南,2023-02-20,8458
2323,中環,28,10,18,康和-台南,2023-02-20,8458
6411,晶焱,24,8,16,康和-台南,2023-02-20,8458
1720,生達,15,0,15,康和-台南,2023-02-20,8458
2020,美亞,15,0,15,康和-台南,2023-02-20,8458
2359,所羅門,15,0,15,康和-台南,2023-02-20,8458
5512,力麒,12,0,12,康和-台南,2023-02-20,8458
6414,樺漢,11,0,11,康和-台南,2023-02-20,8458
8183,精星,11,0,11,康和-台南,2023-02-20,8458
6509,聚和,10,0,10,康和-台南,2023-02-20,8458
1711,永光,10,0,10,康和-台南,2023-02-20,8458
2030,彰源,10,0,10,康和-台南,2023-02-20,8458
2401,凌陽,10,0,10,康和-台南,2023-02-20,8458
2867,三商壽,10,0,10,康和-台南,2023-02-20,8458
3466,德晉,10,0,10,康和-台南,2023-02-20,8458
3596,智易,9,0,9,康和-台南,2023-02-20,8458
2354,鴻準,10,1,9,康和-台南,2023-02-20,8458
1519,華城,23,15,8,康和-台南,2023-02-20,8458
00679B,元大美債20年,8,0,8,康和-台南,2023-02-20,8458
2748,雲品,13,5,8,康和-台南,2023-02-20,8458
4961,天鈺,15,7,8,康和-台南,2023-02-20,8458
8222,寶一,13,5,8,康和-台南,2023-02-20,8458
2455,全新,10,3,7,康和-台南,2023-02-20,8458
8358,金居,6,0,6,康和-台南,2023-02-20,8458
3141,晶宏,10,4,6,康和-台南,2023-02-20,8458
2453,凌群,31,25,6,康和-台南,2023-02-20,8458
6715,嘉基,5,0,5,康和-台南,2023-02-20,8458
00637L,元大滬深300正2,19,14,5,康和-台南,2023-02-20,8458
00632R,元大台灣50反1,5,0,5,康和-台南,2023-02-20,8458
00902,中信電池及儲能,5,0,5,康和-台南,2023-02-20,8458
00751B,元大AAA至A公司債,5,0,5,康和-台南,2023-02-20,8458
3209,全科,5,0,5,康和-台南,2023-02-20,8458
3224,三顧,5,0,5,康和-台南,2023-02-20,8458
5225,東科-KY,8,3,5,康和-台南,2023-02-20,8458
5328,華容,5,0,5,康和-台南,2023-02-20,8458
6208,日揚,5,0,5,康和-台南,2023-02-20,8458
6282,康舒,5,0,5,康和-台南,2023-02-20,8458
9105,泰金寶-DR,5,0,5,康和-台南,2023-02-20,8458
2880,華南金,7,2,5,康和-台南,2023-02-20,8458
1432,大魯閣,4,0,4,康和-台南,2023-02-20,8458
2393,億光,5,1,4,康和-台南,2023-02-20,8458
2731,雄獅,5,1,4,康和-台南,2023-02-20,8458
3563,牧德,4,0,4,康和-台南,2023-02-20,8458
6116,彩晶,130,0,130,康和-台南,2023-02-21,8458
2888,新光金,40,0,40,康和-台南,2023-02-21,8458
6288,聯嘉,64,24,40,康和-台南,2023-02-21,8458
1810,和成,64,27,37,康和-台南,2023-02-21,8458
1437,勤益控,34,1,33,康和-台南,2023-02-21,8458
2371,大同,34,1,33,康和-台南,2023-02-21,8458
2884,玉山金,36,4,32,康和-台南,2023-02-21,8458
8050,廣積,37,8,29,康和-台南,2023-02-21,8458
2485,兆赫,27,2,25,康和-台南,2023-02-21,8458
00902,中信電池及儲能,23,0,23,康和-台南,2023-02-21,8458
2497,怡利電,23,0,23,康和-台南,2023-02-21,8458
6282,康舒,75,52,23,康和-台南,2023-02-21,8458
00751B,元大AAA至A公司債,22,0,22,康和-台南,2023-02-21,8458
4931,新盛力,54,32,22,康和-台南,2023-02-21,8458
8076,伍豐,22,0,22,康和-台南,2023-02-21,8458
00753L,中信中國50正2,30,10,20,康和-台南,2023-02-21,8458
8936,國統,18,1,17,康和-台南,2023-02-21,8458
00878,國泰永續高股息,17,0,17,康和-台南,2023-02-21,8458
1108,幸福,17,2,15,康和-台南,2023-02-21,8458
2618,長榮航,21,6,15,康和-台南,2023-02-21,8458
2701,萬企,15,0,15,康和-台南,2023-02-21,8458
6235,華孚,21,7,14,康和-台南,2023-02-21,8458
2610,華航,18,5,13,康和-台南,2023-02-21,8458
1101,台泥,14,1,13,康和-台南,2023-02-21,8458
1802,台玻,12,0,12,康和-台南,2023-02-21,8458
2367,燿華,24,12,12,康和-台南,2023-02-21,8458
3545,敦泰,17,5,12,康和-台南,2023-02-21,8458
1605,華新,23,11,12,康和-台南,2023-02-21,8458
3444,利機,11,0,11,康和-台南,2023-02-21,8458
2476,鉅祥,11,0,11,康和-台南,2023-02-21,8458
2388,威盛,28,17,11,康和-台南,2023-02-21,8458
1504,東元,10,0,10,康和-台南,2023-02-21,8458
1711,永光,10,0,10,康和-台南,2023-02-21,8458
3430,奇鈦科,10,0,10,康和-台南,2023-02-21,8458
4968,立積,10,0,10,康和-台南,2023-02-21,8458
6806,森崴能源,10,1,9,康和-台南,2023-02-21,8458
1503,士電,29,20,9,康和-台南,2023-02-21,8458
3027,盛達,27,18,9,康和-台南,2023-02-21,8458
4746,台耀,9,0,9,康和-台南,2023-02-21,8458
8433,弘帆,13,4,9,康和-台南,2023-02-21,8458
1609,大亞,37,29,8,康和-台南,2023-02-21,8458
00885,富邦越南,7,0,7,康和-台南,2023-02-21,8458
0056,元大高股息,11,5,6,康和-台南,2023-02-21,8458
1342,八貫,8,2,6,康和-台南,2023-02-21,8458
2453,凌群,7,1,6,康和-台南,2023-02-21,8458
3416,融程電,6,0,6,康和-台南,2023-02-21,8458
4121,優盛,7,1,6,康和-台南,2023-02-21,8458
2886,兆豐金,5,0,5,康和-台南,2023-02-21,8458
2353,宏��,5,0,5,康和-台南,2023-02-21,8458
2413,環科,5,0,5,康和-台南,2023-02-21,8458
2705,六福,63,1,62,康和-台南,2023-02-22,8458
3702,大聯大,60,0,60,康和-台南,2023-02-22,8458
6770,力積電,61,1,60,康和-台南,2023-02-22,8458
00878,國泰永續高股息,77,20,57,康和-台南,2023-02-22,8458
6245,立端,51,3,48,康和-台南,2023-02-22,8458
00891,中信關鍵半導體,28,0,28,康和-台南,2023-02-22,8458
2618,長榮航,34,7,27,康和-台南,2023-02-22,8458
2603,長榮,26,3,23,康和-台南,2023-02-22,8458
00902,中信電池及儲能,23,0,23,康和-台南,2023-02-22,8458
1504,東元,21,0,21,康和-台南,2023-02-22,8458
2027,大成鋼,20,0,20,康和-台南,2023-02-22,8458
00896,中信綠能及電動車,20,0,20,康和-台南,2023-02-22,8458
2485,兆赫,25,5,20,康和-台南,2023-02-22,8458
1605,華新,33,14,19,康和-台南,2023-02-22,8458
3673,TPK-KY,20,1,19,康和-台南,2023-02-22,8458
3545,敦泰,16,1,15,康和-台南,2023-02-22,8458
6282,康舒,45,31,14,康和-台南,2023-02-22,8458
2303,聯電,19,6,13,康和-台南,2023-02-22,8458
6874,倍力,13,1,12,康和-台南,2023-02-22,8458
5009,榮剛,15,3,12,康和-台南,2023-02-22,8458
0056,元大高股息,13,2,11,康和-台南,2023-02-22,8458
3035,智原,12,2,10,康和-台南,2023-02-22,8458
00753L,中信中國50正2,10,0,10,康和-台南,2023-02-22,8458
00751B,元大AAA至A公司債,10,0,10,康和-台南,2023-02-22,8458
2482,連宇,10,0,10,康和-台南,2023-02-22,8458
2609,陽明,13,3,10,康和-台南,2023-02-22,8458
3360,尚立,10,0,10,康和-台南,2023-02-22,8458
1108,幸福,13,3,10,康和-台南,2023-02-22,8458
1519,華城,20,11,9,康和-台南,2023-02-22,8458
2201,裕隆,10,1,9,康和-台南,2023-02-22,8458
3443,創意,10,1,9,康和-台南,2023-02-22,8458
4979,華星光,9,1,8,康和-台南,2023-02-22,8458
2330,台積電,11,4,7,康和-台南,2023-02-22,8458
6285,啟��,6,0,6,康和-台南,2023-02-22,8458
2375,凱美,6,0,6,康和-台南,2023-02-22,8458
2388,威盛,21,15,6,康和-台南,2023-02-22,8458
2425,承啟,6,0,6,康和-台南,2023-02-22,8458
3710,連展投控,6,0,6,康和-台南,2023-02-22,8458
9917,中保科,6,0,6,康和-台南,2023-02-22,8458
2890,永豐金,5,0,5,康和-台南,2023-02-22,8458
00725B,國泰投資級公司債,20,15,5,康和-台南,2023-02-22,8458
2062,橋椿,5,0,5,康和-台南,2023-02-22,8458
2472,立隆電,6,1,5,康和-台南,2023-02-22,8458
2476,鉅祥,5,0,5,康和-台南,2023-02-22,8458
2704,國賓,5,0,5,康和-台南,2023-02-22,8458
2888,新光金,5,0,5,康和-台南,2023-02-22,8458
3062,建漢,5,0,5,康和-台南,2023-02-22,8458
3580,友威科,5,0,5,康和-台南,2023-02-22,8458
3607,谷崧,5,0,5,康和-台南,2023-02-22,8458
5284,jpp-KY,5,0,5,康和-台南,2023-02-22,8458
00650L,復華香港正2,400,0,400,康和-台南,2023-02-23,8458
2834,臺企銀,203,11,192,康和-台南,2023-02-23,8458
00715L,期街口布蘭特正2,48,0,48,康和-台南,2023-02-23,8458
8033,雷虎,55,9,46,康和-台南,2023-02-23,8458
00632R,元大台灣50反1,50,10,40,康和-台南,2023-02-23,8458
2323,中環,33,2,31,康和-台南,2023-02-23,8458
00878,國泰永續高股息,28,1,27,康和-台南,2023-02-23,8458
2368,金像電,30,3,27,康和-台南,2023-02-23,8458
1584,精剛,31,5,26,康和-台南,2023-02-23,8458
2705,六福,24,2,22,康和-台南,2023-02-23,8458
2002,中鋼,20,0,20,康和-台南,2023-02-23,8458
3052,夆典,20,0,20,康和-台南,2023-02-23,8458
1605,華新,20,1,19,康和-台南,2023-02-23,8458
2641,正德,24,5,19,康和-台南,2023-02-23,8458
3164,景岳,20,1,19,康和-台南,2023-02-23,8458
6477,安集,19,0,19,康和-台南,2023-02-23,8458
1609,大亞,20,1,19,康和-台南,2023-02-23,8458
1522,堤維西,17,0,17,康和-台南,2023-02-23,8458
2390,云辰,17,2,15,康和-台南,2023-02-23,8458
2104,國際中橡,16,3,13,康和-台南,2023-02-23,8458
2239,英利-KY,13,0,13,康和-台南,2023-02-23,8458
3056,富華新,12,0,12,康和-台南,2023-02-23,8458
2453,凌群,42,31,11,康和-台南,2023-02-23,8458
8936,國統,19,8,11,康和-台南,2023-02-23,8458
00720B,元大投資級公司債,10,0,10,康和-台南,2023-02-23,8458
5011,久陽,10,0,10,康和-台南,2023-02-23,8458
1316,上曜,10,0,10,康和-台南,2023-02-23,8458
1103,嘉泥,10,0,10,康和-台南,2023-02-23,8458
1524,耿鼎,11,1,10,康和-台南,2023-02-23,8458
3576,聯合再生,15,5,10,康和-台南,2023-02-23,8458
6443,元晶,10,0,10,康和-台南,2023-02-23,8458
00885,富邦越南,9,0,9,康和-台南,2023-02-23,8458
6129,普誠,11,2,9,康和-台南,2023-02-23,8458
2301,光寶科,10,2,8,康和-台南,2023-02-23,8458
1714,和桐,9,1,8,康和-台南,2023-02-23,8458
3027,盛達,11,3,8,康和-台南,2023-02-23,8458
3360,尚立,8,0,8,康和-台南,2023-02-23,8458
2883,凱基金,7,0,7,康和-台南,2023-02-23,8458
3710,連展投控,7,0,7,康和-台南,2023-02-23,8458
4906,正文,7,0,7,康和-台南,2023-02-23,8458
1514,亞力,15,9,6,康和-台南,2023-02-23,8458
1215,卜蜂,6,0,6,康和-台南,2023-02-23,8458
2208,台船,6,0,6,康和-台南,2023-02-23,8458
6666,羅麗芬-KY,10,4,6,康和-台南,2023-02-23,8458
1301,台塑,5,0,5,康和-台南,2023-02-23,8458
00752,中信中國50,5,0,5,康和-台南,2023-02-23,8458
1220,台榮,5,0,5,康和-台南,2023-02-23,8458
1535,中宇,5,0,5,康和-台南,2023-02-23,8458
2637,慧洋-KY,27,22,5,康和-台南,2023-02-23,8458
2890,永豐金,5,0,5,康和-台南,2023-02-23,8458
00650L,復華香港正2,600,0,600,康和-台南,2023-02-24,8458
8033,雷虎,280,3,277,康和-台南,2023-02-24,8458
3037,欣興,111,6,105,康和-台南,2023-02-24,8458
4919,新唐,63,1,62,康和-台南,2023-02-24,8458
6770,力積電,62,0,62,康和-台南,2023-02-24,8458
1522,堤維西,58,0,58,康和-台南,2023-02-24,8458
3036,文曄,50,0,50,康和-台南,2023-02-24,8458
5512,力麒,159,117,42,康和-台南,2023-02-24,8458
2705,六福,40,0,40,康和-台南,2023-02-24,8458
3056,富華新,33,0,33,康和-台南,2023-02-24,8458
3360,尚立,32,0,32,康和-台南,2023-02-24,8458
6116,彩晶,26,0,26,康和-台南,2023-02-24,8458
2610,華航,41,16,25,康和-台南,2023-02-24,8458
1108,幸福,22,0,22,康和-台南,2023-02-24,8458
00632R,元大台灣50反1,20,0,20,康和-台南,2023-02-24,8458
00753L,中信中國50正2,20,0,20,康和-台南,2023-02-24,8458
00881,國泰台灣5G+,20,0,20,康和-台南,2023-02-24,8458
2515,中工,20,0,20,康和-台南,2023-02-24,8458
2641,正德,70,53,17,康和-台南,2023-02-24,8458
4168,醣聯,16,0,16,康和-台南,2023-02-24,8458
00878,國泰永續高股息,16,1,15,康和-台南,2023-02-24,8458
00637L,元大滬深300正2,21,6,15,康和-台南,2023-02-24,8458
2801,彰銀,15,0,15,康和-台南,2023-02-24,8458
2609,陽明,23,9,14,康和-台南,2023-02-24,8458
3017,奇鋐,16,3,13,康和-台南,2023-02-24,8458
2317,鴻海,12,1,11,康和-台南,2023-02-24,8458
5464,霖宏,17,6,11,康和-台南,2023-02-24,8458
2324,仁寶,11,1,10,康和-台南,2023-02-24,8458
00636,國泰中國A50,10,0,10,康和-台南,2023-02-24,8458
00713,元大台灣高息低波,10,0,10,康和-台南,2023-02-24,8458
1762,中化生,10,0,10,康和-台南,2023-02-24,8458
2062,橋椿,10,0,10,康和-台南,2023-02-24,8458
3052,夆典,10,0,10,康和-台南,2023-02-24,8458
4746,台耀,10,0,10,康和-台南,2023-02-24,8458
6155,鈞寶,10,0,10,康和-台南,2023-02-24,8458
3162,精確,12,2,10,康和-台南,2023-02-24,8458
1101,台泥,10,0,10,康和-台南,2023-02-24,8458
2603,長榮,10,1,9,康和-台南,2023-02-24,8458
3673,TPK-KY,11,2,9,康和-台南,2023-02-24,8458
2498,宏達電,11,2,9,康和-台南,2023-02-24,8458
8358,金居,14,5,9,康和-台南,2023-02-24,8458
2020,美亞,8,0,8,康和-台南,2023-02-24,8458
5258,虹堡,12,4,8,康和-台南,2023-02-24,8458
2892,第一金,7,0,7,康和-台南,2023-02-24,8458
1417,嘉裕,7,0,7,康和-台南,2023-02-24,8458
1584,精剛,8,2,6,康和-台南,2023-02-24,8458
2360,致茂,6,0,6,康和-台南,2023-02-24,8458
2867,三商壽,5,0,5,康和-台南,2023-02-24,8458
1515,力山,5,0,5,康和-台南,2023-02-24,8458
1514,亞力,7,2,5,康和-台南,2023-02-24,8458
6282,康舒,134,18,116,康和-台南,2023-03-01,8458
2002,中鋼,66,0,66,康和-台南,2023-03-01,8458
2365,昆盈,52,1,51,康和-台南,2023-03-01,8458
2888,新光金,40,0,40,康和-台南,2023-03-01,8458
1605,華新,42,4,38,康和-台南,2023-03-01,8458
1219,福壽,36,1,35,康和-台南,2023-03-01,8458
1108,幸福,35,1,34,康和-台南,2023-03-01,8458
3607,谷崧,30,0,30,康和-台南,2023-03-01,8458
3702,大聯大,30,0,30,康和-台南,2023-03-01,8458
2610,華航,26,2,24,康和-台南,2023-03-01,8458
2105,正新,20,0,20,康和-台南,2023-03-01,8458
2504,國產,20,0,20,康和-台南,2023-03-01,8458
2605,新興,18,0,18,康和-台南,2023-03-01,8458
2419,仲琦,18,0,18,康和-台南,2023-03-01,8458
6125,廣運,17,0,17,康和-台南,2023-03-01,8458
2388,威盛,29,12,17,康和-台南,2023-03-01,8458
00878,國泰永續高股息,24,8,16,康和-台南,2023-03-01,8458
2882,國泰金,16,0,16,康和-台南,2023-03-01,8458
2885,元大金,14,0,14,康和-台南,2023-03-01,8458
1524,耿鼎,13,0,13,康和-台南,2023-03-01,8458
4102,永日,27,14,13,康和-台南,2023-03-01,8458
3706,神達,12,0,12,康和-台南,2023-03-01,8458
1215,卜蜂,12,0,12,康和-台南,2023-03-01,8458
6139,亞翔,30,19,11,康和-台南,2023-03-01,8458
2020,美亞,10,0,10,康和-台南,2023-03-01,8458
2637,慧洋-KY,13,3,10,康和-台南,2023-03-01,8458
3052,夆典,10,0,10,康和-台南,2023-03-01,8458
3684,榮昌,10,0,10,康和-台南,2023-03-01,8458
6116,彩晶,15,5,10,康和-台南,2023-03-01,8458
1720,生達,10,0,10,康和-台南,2023-03-01,8458
2603,長榮,15,6,9,康和-台南,2023-03-01,8458
6527,明達醫,10,1,9,康和-台南,2023-03-01,8458
4931,新盛力,8,0,8,康和-台南,2023-03-01,8458
2890,永豐金,7,0,7,康和-台南,2023-03-01,8458
2328,廣宇,9,2,7,康和-台南,2023-03-01,8458
1210,大成,64,57,7,康和-台南,2023-03-01,8458
00905,FT臺灣Smart,6,0,6,康和-台南,2023-03-01,8458
2755,揚秦,6,0,6,康和-台南,2023-03-01,8458
2801,彰銀,6,0,6,康和-台南,2023-03-01,8458
4167,松瑞藥,7,1,6,康和-台南,2023-03-01,8458
8033,雷虎,6,0,6,康和-台南,2023-03-01,8458
3209,全科,6,0,6,康和-台南,2023-03-01,8458
2883,凱基金,6,0,6,康和-台南,2023-03-01,8458
1101,台泥,5,0,5,康和-台南,2023-03-01,8458
2412,中華電,5,0,5,康和-台南,2023-03-01,8458
1717,長興,5,0,5,康和-台南,2023-03-01,8458
2014,中鴻,6,1,5,康和-台南,2023-03-01,8458
3047,訊舟,5,0,5,康和-台南,2023-03-01,8458
3081,聯亞,5,0,5,康和-台南,2023-03-01,8458
3264,欣銓,5,0,5,康和-台南,2023-03-01,8458
2365,昆盈,80,0,80,康和-台南,2023-03-02,8458
6770,力積電,61,2,59,康和-台南,2023-03-02,8458
5608,四維航,195,163,32,康和-台南,2023-03-02,8458
00878,國泰永續高股息,26,0,26,康和-台南,2023-03-02,8458
2023,燁輝,21,0,21,康和-台南,2023-03-02,8458
3056,富華新,20,0,20,康和-台南,2023-03-02,8458
3466,德晉,20,0,20,康和-台南,2023-03-02,8458
2402,毅嘉,38,20,18,康和-台南,2023-03-02,8458
3673,TPK-KY,18,2,16,康和-台南,2023-03-02,8458
3231,緯創,20,5,15,康和-台南,2023-03-02,8458
1605,華新,49,35,14,康和-台南,2023-03-02,8458
3362,先進光,18,4,14,康和-台南,2023-03-02,8458
2891,中信金,13,0,13,康和-台南,2023-03-02,8458
2457,飛宏,12,0,12,康和-台南,2023-03-02,8458
6257,矽格,12,0,12,康和-台南,2023-03-02,8458
5425,台半,11,0,11,康和-台南,2023-03-02,8458
00773B,中信優先金融債,11,0,11,康和-台南,2023-03-02,8458
00713,元大台灣高息低波,10,0,10,康和-台南,2023-03-02,8458
1103,嘉泥,10,0,10,康和-台南,2023-03-02,8458
1584,精剛,14,4,10,康和-台南,2023-03-02,8458
4147,中裕,10,0,10,康和-台南,2023-03-02,8458
6477,安集,10,0,10,康和-台南,2023-03-02,8458
8033,雷虎,10,1,9,康和-台南,2023-03-02,8458
6266,泰詠,8,0,8,康和-台南,2023-03-02,8458
2421,建準,8,0,8,康和-台南,2023-03-02,8458
2498,宏達電,10,2,8,康和-台南,2023-03-02,8458
2611,志信,7,0,7,康和-台南,2023-03-02,8458
2637,慧洋-KY,12,5,7,康和-台南,2023-03-02,8458
3022,威強電,7,0,7,康和-台南,2023-03-02,8458
2603,長榮,80,73,7,康和-台南,2023-03-02,8458
2886,兆豐金,10,3,7,康和-台南,2023-03-02,8458
2359,所羅門,9,3,6,康和-台南,2023-03-02,8458
3390,旭軟,6,0,6,康和-台南,2023-03-02,8458
1101,台泥,6,1,5,康和-台南,2023-03-02,8458
1342,八貫,5,0,5,康和-台南,2023-03-02,8458
1524,耿鼎,5,0,5,康和-台南,2023-03-02,8458
1535,中宇,5,0,5,康和-台南,2023-03-02,8458
2382,廣達,5,0,5,康和-台南,2023-03-02,8458
3419,譁裕,5,0,5,康和-台南,2023-03-02,8458
6414,樺漢,5,0,5,康和-台南,2023-03-02,8458
2883,凱基金,4,0,4,康和-台南,2023-03-02,8458
1314,中石化,5,1,4,康和-台南,2023-03-02,8458
2340,台亞,5,1,4,康和-台南,2023-03-02,8458
3481,群創,3,0,3,康和-台南,2023-03-02,8458
2104,國際中橡,3,0,3,康和-台南,2023-03-02,8458
3037,欣興,5,2,3,康和-台南,2023-03-02,8458
00885,富邦越南,3,0,3,康和-台南,2023-03-02,8458
00712,復華富時不動產,3,0,3,康和-台南,2023-03-02,8458
1809,中釉,3,0,3,康和-台南,2023-03-02,8458
2201,裕隆,3,0,3,康和-台南,2023-03-02,8458
5512,力麒,213,88,125,康和-台南,2023-03-03,8458
1708,東鹼,100,1,99,康和-台南,2023-03-03,8458
2637,慧洋-KY,54,4,50,康和-台南,2023-03-03,8458
1605,華新,59,16,43,康和-台南,2023-03-03,8458
1210,大成,54,12,42,康和-台南,2023-03-03,8458
6116,彩晶,53,14,39,康和-台南,2023-03-03,8458
4746,台耀,30,1,29,康和-台南,2023-03-03,8458
1310,台苯,24,0,24,康和-台南,2023-03-03,8458
2801,彰銀,24,0,24,康和-台南,2023-03-03,8458
2883,凱基金,22,0,22,康和-台南,2023-03-03,8458
6170,統振,16,0,16,康和-台南,2023-03-03,8458
2359,所羅門,15,0,15,康和-台南,2023-03-03,8458
3576,聯合再生,15,0,15,康和-台南,2023-03-03,8458
1101,台泥,14,0,14,康和-台南,2023-03-03,8458
8046,南電,21,7,14,康和-台南,2023-03-03,8458
8112,至上,16,3,13,康和-台南,2023-03-03,8458
00679B,元大美債20年,27,15,12,康和-台南,2023-03-03,8458
2641,正德,40,28,12,康和-台南,2023-03-03,8458
2412,中華電,11,0,11,康和-台南,2023-03-03,8458
00772B,中信高評級公司債,10,0,10,康和-台南,2023-03-03,8458
2206,三陽工業,10,0,10,康和-台南,2023-03-03,8458
3406,玉晶光,10,0,10,康和-台南,2023-03-03,8458
3545,敦泰,10,0,10,康和-台南,2023-03-03,8458
6616,特昇-KY,10,0,10,康和-台南,2023-03-03,8458
1219,福壽,9,0,9,康和-台南,2023-03-03,8458
6477,安集,10,1,9,康和-台南,2023-03-03,8458
8938,明安,10,1,9,康和-台南,2023-03-03,8458
2886,兆豐金,9,0,9,康和-台南,2023-03-03,8458
1783,和康生,8,0,8,康和-台南,2023-03-03,8458
3491,昇達科,6,0,6,康和-台南,2023-03-03,8458
2201,裕隆,6,0,6,康和-台南,2023-03-03,8458
4915,致伸,7,1,6,康和-台南,2023-03-03,8458
8105,凌巨,7,1,6,康和-台南,2023-03-03,8458
2892,第一金,6,1,5,康和-台南,2023-03-03,8458
1301,台塑,5,0,5,康和-台南,2023-03-03,8458
3162,精確,7,2,5,康和-台南,2023-03-03,8458
3169,亞信,5,0,5,康和-台南,2023-03-03,8458
4906,正文,5,0,5,康和-台南,2023-03-03,8458
5410,國眾,6,1,5,康和-台南,2023-03-03,8458
5703,亞都,5,0,5,康和-台南,2023-03-03,8458
8050,廣積,6,1,5,康和-台南,2023-03-03,8458
2888,新光金,21,17,4,康和-台南,2023-03-03,8458
2834,臺企銀,5,1,4,康和-台南,2023-03-03,8458
1314,中石化,5,1,4,康和-台南,2023-03-03,8458
2421,建準,4,0,4,康和-台南,2023-03-03,8458
2471,資通,32,28,4,康和-台南,2023-03-03,8458
2495,普安,4,0,4,康和-台南,2023-03-03,8458
2748,雲品,12,8,4,康和-台南,2023-03-03,8458
3209,全科,4,0,4,康和-台南,2023-03-03,8458
6118,建達,4,0,4,康和-台南,2023-03-03,8458
1319,東陽,151,0,151,康和-台南,2023-03-06,8458
6508,惠光,96,0,96,康和-台南,2023-03-06,8458
1524,耿鼎,71,3,68,康和-台南,2023-03-06,8458
2637,慧洋-KY,54,0,54,康和-台南,2023-03-06,8458
2601,益航,76,33,43,康和-台南,2023-03-06,8458
2605,新興,31,5,26,康和-台南,2023-03-06,8458
1460,宏遠,30,5,25,康和-台南,2023-03-06,8458
2027,大成鋼,31,7,24,康和-台南,2023-03-06,8458
4707,磐亞,21,0,21,康和-台南,2023-03-06,8458
1513,中興電,24,4,20,康和-台南,2023-03-06,8458
2402,毅嘉,20,0,20,康和-台南,2023-03-06,8458
2845,遠東銀,20,0,20,康和-台南,2023-03-06,8458
6016,康和證,20,0,20,康和-台南,2023-03-06,8458
6139,亞翔,21,2,19,康和-台南,2023-03-06,8458
2344,華邦電,19,1,18,康和-台南,2023-03-06,8458
1709,和益,15,0,15,康和-台南,2023-03-06,8458
5608,四維航,81,66,15,康和-台南,2023-03-06,8458
5011,久陽,14,0,14,康和-台南,2023-03-06,8458
8222,寶一,15,2,13,康和-台南,2023-03-06,8458
3356,奇偶,42,30,12,康和-台南,2023-03-06,8458
00637L,元大滬深300正2,26,15,11,康和-台南,2023-03-06,8458
1514,亞力,12,1,11,康和-台南,2023-03-06,8458
1701,中化,11,0,11,康和-台南,2023-03-06,8458
0050,元大台灣50,22,12,10,康和-台南,2023-03-06,8458
2324,仁寶,10,0,10,康和-台南,2023-03-06,8458
2419,仲琦,12,2,10,康和-台南,2023-03-06,8458
3682,亞太電,10,0,10,康和-台南,2023-03-06,8458
3047,訊舟,12,4,8,康和-台南,2023-03-06,8458
9907,統一實,20,12,8,康和-台南,2023-03-06,8458
2239,英利-KY,7,0,7,康和-台南,2023-03-06,8458
2801,彰銀,7,0,7,康和-台南,2023-03-06,8458
3207,耀勝,7,0,7,康和-台南,2023-03-06,8458
3596,智易,7,0,7,康和-台南,2023-03-06,8458
3481,群創,15,8,7,康和-台南,2023-03-06,8458
1310,台苯,6,0,6,康和-台南,2023-03-06,8458
1503,士電,6,0,6,康和-台南,2023-03-06,8458
3693,營邦,6,0,6,康和-台南,2023-03-06,8458
4541,晟田,8,2,6,康和-台南,2023-03-06,8458
2882,國泰金,11,5,6,康和-台南,2023-03-06,8458
3576,聯合再生,20,15,5,康和-台南,2023-03-06,8458
2712,遠雄來,5,0,5,康和-台南,2023-03-06,8458
2888,新光金,5,0,5,康和-台南,2023-03-06,8458
3049,精金,5,0,5,康和-台南,2023-03-06,8458
3162,精確,6,1,5,康和-台南,2023-03-06,8458
4114,健喬,5,0,5,康和-台南,2023-03-06,8458
6104,創惟,6,1,5,康和-台南,2023-03-06,8458
6112,邁達特,5,0,5,康和-台南,2023-03-06,8458
6788,華景電,6,1,5,康和-台南,2023-03-06,8458
8927,北基,5,0,5,康和-台南,2023-03-06,8458
9945,潤泰新,5,0,5,康和-台南,2023-03-06,8458
2882,國泰金,352,17,335,康和-台南,2023-03-07,8458
4919,新唐,40,2,38,康和-台南,2023-03-07,8458
2486,一詮,31,0,31,康和-台南,2023-03-07,8458
1416,廣豐,25,0,25,康和-台南,2023-03-07,8458
6282,康舒,27,6,21,康和-台南,2023-03-07,8458
2845,遠東銀,19,0,19,康和-台南,2023-03-07,8458
2603,長榮,21,3,18,康和-台南,2023-03-07,8458
4129,聯合,17,0,17,康和-台南,2023-03-07,8458
00673R,期元大S＆P原油反1,66,50,16,康和-台南,2023-03-07,8458
3481,群創,22,7,15,康和-台南,2023-03-07,8458
4707,磐亞,15,0,15,康和-台南,2023-03-07,8458
4130,健亞,14,0,14,康和-台南,2023-03-07,8458
3029,零壹,15,3,12,康和-台南,2023-03-07,8458
00878,國泰永續高股息,12,1,11,康和-台南,2023-03-07,8458
2618,長榮航,11,0,11,康和-台南,2023-03-07,8458
1104,環泥,10,0,10,康和-台南,2023-03-07,8458
1711,永光,10,0,10,康和-台南,2023-03-07,8458
2345,智邦,11,1,10,康和-台南,2023-03-07,8458
3056,富華新,10,0,10,康和-台南,2023-03-07,8458
3540,曜越,10,0,10,康和-台南,2023-03-07,8458
3702,大聯大,10,0,10,康和-台南,2023-03-07,8458
5410,國眾,10,0,10,康和-台南,2023-03-07,8458
8050,廣積,10,0,10,康和-台南,2023-03-07,8458
2388,威盛,12,3,9,康和-台南,2023-03-07,8458
00885,富邦越南,9,0,9,康和-台南,2023-03-07,8458
2344,華邦電,9,0,9,康和-台南,2023-03-07,8458
3706,神達,10,1,9,康和-台南,2023-03-07,8458
5425,台半,17,8,9,康和-台南,2023-03-07,8458
8111,立��,15,6,9,康和-台南,2023-03-07,8458
1109,信大,8,0,8,康和-台南,2023-03-07,8458
3022,威強電,24,16,8,康和-台南,2023-03-07,8458
3504,揚明光,24,16,8,康和-台南,2023-03-07,8458
6220,岳豐,10,2,8,康和-台南,2023-03-07,8458
1503,士電,16,9,7,康和-台南,2023-03-07,8458
2358,廷鑫,7,0,7,康和-台南,2023-03-07,8458
2605,新興,10,3,7,康和-台南,2023-03-07,8458
3005,神基,8,1,7,康和-台南,2023-03-07,8458
3049,精金,10,3,7,康和-台南,2023-03-07,8458
3162,精確,7,0,7,康和-台南,2023-03-07,8458
4968,立積,7,0,7,康和-台南,2023-03-07,8458
1513,中興電,37,31,6,康和-台南,2023-03-07,8458
1319,東陽,6,0,6,康和-台南,2023-03-07,8458
1701,中化,6,0,6,康和-台南,2023-03-07,8458
6235,華孚,88,82,6,康和-台南,2023-03-07,8458
00632R,元大台灣50反1,5,0,5,康和-台南,2023-03-07,8458
1524,耿鼎,10,5,5,康和-台南,2023-03-07,8458
1514,亞力,40,35,5,康和-台南,2023-03-07,8458
1569,濱川,5,0,5,康和-台南,2023-03-07,8458
2359,所羅門,27,22,5,康和-台南,2023-03-07,8458
2482,連宇,13,8,5,康和-台南,2023-03-07,8458
5608,四維航,283,173,110,康和-台南,2023-03-08,8458
1416,廣豐,75,0,75,康和-台南,2023-03-08,8458
6548,長科*,56,0,56,康和-台南,2023-03-08,8458
6188,廣明,52,1,51,康和-台南,2023-03-08,8458
6282,康舒,71,23,48,康和-台南,2023-03-08,8458
1504,東元,49,2,47,康和-台南,2023-03-08,8458
2317,鴻海,46,3,43,康和-台南,2023-03-08,8458
2634,漢翔,65,28,37,康和-台南,2023-03-08,8458
2609,陽明,33,1,32,康和-台南,2023-03-08,8458
1714,和桐,30,0,30,康和-台南,2023-03-08,8458
2886,兆豐金,24,0,24,康和-台南,2023-03-08,8458
2603,長榮,21,0,21,康和-台南,2023-03-08,8458
1104,環泥,20,0,20,康和-台南,2023-03-08,8458
3360,尚立,20,0,20,康和-台南,2023-03-08,8458
6116,彩晶,20,0,20,康和-台南,2023-03-08,8458
5009,榮剛,22,3,19,康和-台南,2023-03-08,8458
1701,中化,19,2,17,康和-台南,2023-03-08,8458
6290,良維,19,4,15,康和-台南,2023-03-08,8458
1319,東陽,15,1,14,康和-台南,2023-03-08,8458
1524,耿鼎,17,3,14,康和-台南,2023-03-08,8458
2023,燁輝,14,0,14,康和-台南,2023-03-08,8458
4976,佳凌,18,4,14,康和-台南,2023-03-08,8458
6443,元晶,33,20,13,康和-台南,2023-03-08,8458
0056,元大高股息,12,0,12,康和-台南,2023-03-08,8458
2353,宏��,12,0,12,康和-台南,2023-03-08,8458
2610,華航,12,0,12,康和-台南,2023-03-08,8458
2801,彰銀,12,0,12,康和-台南,2023-03-08,8458
4707,磐亞,12,0,12,康和-台南,2023-03-08,8458
3029,零壹,13,1,12,康和-台南,2023-03-08,8458
2606,裕民,11,0,11,康和-台南,2023-03-08,8458
8936,國統,16,5,11,康和-台南,2023-03-08,8458
1316,上曜,10,0,10,康和-台南,2023-03-08,8458
1611,中電,10,0,10,康和-台南,2023-03-08,8458
3046,建��,17,7,10,康和-台南,2023-03-08,8458
3499,環天科,10,0,10,康和-台南,2023-03-08,8458
3706,神達,10,0,10,康和-台南,2023-03-08,8458
8171,天宇,10,0,10,康和-台南,2023-03-08,8458
3481,群創,13,3,10,康和-台南,2023-03-08,8458
00902,中信電池及儲能,9,0,9,康和-台南,2023-03-08,8458
2401,凌陽,8,0,8,康和-台南,2023-03-08,8458
0050,元大台灣50,8,0,8,康和-台南,2023-03-08,8458
2454,聯發科,9,2,7,康和-台南,2023-03-08,8458
2359,所羅門,21,14,7,康和-台南,2023-03-08,8458
2330,台積電,7,1,6,康和-台南,2023-03-08,8458
3362,先進光,7,1,6,康和-台南,2023-03-08,8458
2412,中華電,6,0,6,康和-台南,2023-03-08,8458
2481,強茂,10,4,6,康和-台南,2023-03-08,8458
2701,萬企,6,0,6,康和-台南,2023-03-08,8458
3236,千如,6,0,6,康和-台南,2023-03-08,8458
6509,聚和,6,0,6,康和-台南,2023-03-08,8458
3052,夆典,100,0,100,康和-台南,2023-03-09,8458
1718,中纖,120,33,87,康和-台南,2023-03-09,8458
2801,彰銀,76,0,76,康和-台南,2023-03-09,8458
2887,台新金,51,0,51,康和-台南,2023-03-09,8458
2603,長榮,42,2,40,康和-台南,2023-03-09,8458
6548,長科*,40,0,40,康和-台南,2023-03-09,8458
2002,中鋼,33,0,33,康和-台南,2023-03-09,8458
3360,尚立,30,0,30,康和-台南,2023-03-09,8458
1104,環泥,30,0,30,康和-台南,2023-03-09,8458
3013,晟銘電,31,1,30,康和-台南,2023-03-09,8458
4746,台耀,31,1,30,康和-台南,2023-03-09,8458
6015,宏遠證,30,0,30,康和-台南,2023-03-09,8458
3701,大眾控,51,24,27,康和-台南,2023-03-09,8458
00715L,期街口布蘭特正2,22,0,22,康和-台南,2023-03-09,8458
2317,鴻海,21,0,21,康和-台南,2023-03-09,8458
1504,東元,36,18,18,康和-台南,2023-03-09,8458
3652,精聯,16,0,16,康和-台南,2023-03-09,8458
6603,富強鑫,16,0,16,康和-台南,2023-03-09,8458
4114,健喬,16,1,15,康和-台南,2023-03-09,8458
2497,怡利電,22,8,14,康和-台南,2023-03-09,8458
3056,富華新,20,6,14,康和-台南,2023-03-09,8458
4915,致伸,14,0,14,康和-台南,2023-03-09,8458
8222,寶一,29,15,14,康和-台南,2023-03-09,8458
2471,資通,19,6,13,康和-台南,2023-03-09,8458
6266,泰詠,15,2,13,康和-台南,2023-03-09,8458
3576,聯合再生,32,20,12,康和-台南,2023-03-09,8458
1432,大魯閣,11,0,11,康和-台南,2023-03-09,8458
2601,益航,46,35,11,康和-台南,2023-03-09,8458
6118,建達,18,7,11,康和-台南,2023-03-09,8458
00720B,元大投資級公司債,10,0,10,康和-台南,2023-03-09,8458
00751B,元大AAA至A公司債,10,0,10,康和-台南,2023-03-09,8458
2409,友達,25,15,10,康和-台南,2023-03-09,8458
2886,兆豐金,10,0,10,康和-台南,2023-03-09,8458
8033,雷虎,10,0,10,康和-台南,2023-03-09,8458
2834,臺企銀,10,1,9,康和-台南,2023-03-09,8458
8111,立��,11,2,9,康和-台南,2023-03-09,8458
2323,中環,10,2,8,康和-台南,2023-03-09,8458
3035,智原,18,10,8,康和-台南,2023-03-09,8458
2344,華邦電,9,2,7,康和-台南,2023-03-09,8458
5258,虹堡,13,6,7,康和-台南,2023-03-09,8458
3027,盛達,9,3,6,康和-台南,2023-03-09,8458
1101,台泥,6,0,6,康和-台南,2023-03-09,8458
1402,遠東新,6,0,6,康和-台南,2023-03-09,8458
00902,中信電池及儲能,6,0,6,康和-台南,2023-03-09,8458
2027,大成鋼,7,1,6,康和-台南,2023-03-09,8458
2374,佳能,6,0,6,康和-台南,2023-03-09,8458
3289,宜特,6,0,6,康和-台南,2023-03-09,8458
3545,敦泰,13,7,6,康和-台南,2023-03-09,8458
3715,定穎投控,6,0,6,康和-台南,2023-03-09,8458
4906,正文,6,0,6,康和-台南,2023-03-09,8458
5608,四維航,319,199,120,康和-台南,2023-03-10,8458
2409,友達,117,34,83,康和-台南,2023-03-10,8458
00878,國泰永續高股息,81,3,78,康和-台南,2023-03-10,8458
2367,燿華,72,6,66,康和-台南,2023-03-10,8458
3141,晶宏,50,1,49,康和-台南,2023-03-10,8458
2609,陽明,105,58,47,康和-台南,2023-03-10,8458
1316,上曜,47,0,47,康和-台南,2023-03-10,8458
3189,景碩,43,0,43,康和-台南,2023-03-10,8458
2618,長榮航,51,11,40,康和-台南,2023-03-10,8458
6770,力積電,65,26,39,康和-台南,2023-03-10,8458
6548,長科*,37,0,37,康和-台南,2023-03-10,8458
00753L,中信中國50正2,33,0,33,康和-台南,2023-03-10,8458
4746,台耀,32,0,32,康和-台南,2023-03-10,8458
2489,瑞軒,30,0,30,康和-台南,2023-03-10,8458
3049,精金,30,0,30,康和-台南,2023-03-10,8458
5488,松普,30,0,30,康和-台南,2023-03-10,8458
5272,笙科,30,1,29,康和-台南,2023-03-10,8458
2641,正德,30,3,27,康和-台南,2023-03-10,8458
1605,華新,29,3,26,康和-台南,2023-03-10,8458
3056,富華新,25,0,25,康和-台南,2023-03-10,8458
6154,順發,23,0,23,康和-台南,2023-03-10,8458
2885,元大金,22,0,22,康和-台南,2023-03-10,8458
2880,華南金,21,0,21,康和-台南,2023-03-10,8458
1104,環泥,20,0,20,康和-台南,2023-03-10,8458
2606,裕民,30,10,20,康和-台南,2023-03-10,8458
4167,松瑞藥,20,0,20,康和-台南,2023-03-10,8458
2603,長榮,58,40,18,康和-台南,2023-03-10,8458
2344,華邦電,26,8,18,康和-台南,2023-03-10,8458
3624,光頡,19,1,18,康和-台南,2023-03-10,8458
00882,中信中國高股息,15,0,15,康和-台南,2023-03-10,8458
3491,昇達科,15,0,15,康和-台南,2023-03-10,8458
00715L,期街口布蘭特正2,15,0,15,康和-台南,2023-03-10,8458
6116,彩晶,16,1,15,康和-台南,2023-03-10,8458
8069,元太,14,0,14,康和-台南,2023-03-10,8458
2104,國際中橡,15,1,14,康和-台南,2023-03-10,8458
4142,國光生,16,2,14,康和-台南,2023-03-10,8458
00923,群益台ESG低碳50,13,0,13,康和-台南,2023-03-10,8458
1612,宏泰,13,0,13,康和-台南,2023-03-10,8458
2492,華新科,13,0,13,康和-台南,2023-03-10,8458
4131,浩泰,13,0,13,康和-台南,2023-03-10,8458
6129,普誠,18,5,13,康和-台南,2023-03-10,8458
2330,台積電,13,0,13,康和-台南,2023-03-10,8458
4919,新唐,13,1,12,康和-台南,2023-03-10,8458
1519,華城,25,13,12,康和-台南,2023-03-10,8458
2359,所羅門,102,90,12,康和-台南,2023-03-10,8458
2883,凱基金,12,0,12,康和-台南,2023-03-10,8458
1101,台泥,12,1,11,康和-台南,2023-03-10,8458
5236,凌陽創新,11,0,11,康和-台南,2023-03-10,8458
00900,富邦特選高股息30,10,0,10,康和-台南,2023-03-10,8458
00676R,富邦臺灣加權反1,10,0,10,康和-台南,2023-03-10,8458
2609,陽明,218,26,192,康和-台南,2023-03-13,8458
00878,國泰永續高股息,101,3,98,康和-台南,2023-03-13,8458
00665L,富邦�琤肭磪囓�2,77,0,77,康和-台南,2023-03-13,8458
1524,耿鼎,29,0,29,康和-台南,2023-03-13,8458
00902,中信電池及儲能,27,0,27,康和-台南,2023-03-13,8458
2883,凱基金,26,0,26,康和-台南,2023-03-13,8458
6154,順發,26,0,26,康和-台南,2023-03-13,8458
2801,彰銀,25,0,25,康和-台南,2023-03-13,8458
2359,所羅門,76,54,22,康和-台南,2023-03-13,8458
3360,尚立,22,0,22,康和-台南,2023-03-13,8458
1701,中化,20,0,20,康和-台南,2023-03-13,8458
8112,至上,19,0,19,康和-台南,2023-03-13,8458
2388,威盛,28,11,17,康和-台南,2023-03-13,8458
0050,元大台灣50,17,1,16,康和-台南,2023-03-13,8458
2891,中信金,15,0,15,康和-台南,2023-03-13,8458
4919,新唐,15,1,14,康和-台南,2023-03-13,8458
3207,耀勝,30,16,14,康和-台南,2023-03-13,8458
2344,華邦電,12,0,12,康和-台南,2023-03-13,8458
2634,漢翔,16,4,12,康和-台南,2023-03-13,8458
6235,華孚,46,34,12,康和-台南,2023-03-13,8458
6279,胡連,12,1,11,康和-台南,2023-03-13,8458
1519,華城,16,5,11,康和-台南,2023-03-13,8458
2886,兆豐金,11,0,11,康和-台南,2023-03-13,8458
2428,興勤,10,0,10,康和-台南,2023-03-13,8458
1504,東元,10,0,10,康和-台南,2023-03-13,8458
2020,美亞,10,0,10,康和-台南,2023-03-13,8458
2313,華通,11,1,10,康和-台南,2023-03-13,8458
2402,毅嘉,30,20,10,康和-台南,2023-03-13,8458
2701,萬企,10,0,10,康和-台南,2023-03-13,8458
3406,玉晶光,10,0,10,康和-台南,2023-03-13,8458
4746,台耀,10,0,10,康和-台南,2023-03-13,8458
6122,擎邦,11,1,10,康和-台南,2023-03-13,8458
6190,萬泰科,20,10,10,康和-台南,2023-03-13,8458
00905,FT臺灣Smart,9,0,9,康和-台南,2023-03-13,8458
2884,玉山金,9,0,9,康和-台南,2023-03-13,8458
2881,富邦金,9,1,8,康和-台南,2023-03-13,8458
2481,強茂,8,0,8,康和-台南,2023-03-13,8458
4543,萬在,8,0,8,康和-台南,2023-03-13,8458
2641,正德,20,13,7,康和-台南,2023-03-13,8458
5880,合庫金,6,0,6,康和-台南,2023-03-13,8458
1513,中興電,40,34,6,康和-台南,2023-03-13,8458
1709,和益,6,0,6,康和-台南,2023-03-13,8458
2014,中鴻,6,0,6,康和-台南,2023-03-13,8458
2406,國碩,6,0,6,康和-台南,2023-03-13,8458
2449,京元電子,7,1,6,康和-台南,2023-03-13,8458
3202,樺晟,6,0,6,康和-台南,2023-03-13,8458
6216,居易,6,0,6,康和-台南,2023-03-13,8458
6245,立端,7,1,6,康和-台南,2023-03-13,8458
00881,國泰台灣5G+,5,0,5,康和-台南,2023-03-13,8458
00713,元大台灣高息低波,5,0,5,康和-台南,2023-03-13,8458
2618,長榮航,214,0,214,康和-台南,2023-03-14,8458
00878,國泰永續高股息,155,0,155,康和-台南,2023-03-14,8458
00631L,元大台灣50正2,100,0,100,康和-台南,2023-03-14,8458
9136,巨騰-DR,75,0,75,康和-台南,2023-03-14,8458
6770,力積電,62,6,56,康和-台南,2023-03-14,8458
2891,中信金,53,0,53,康和-台南,2023-03-14,8458
2610,華航,59,9,50,康和-台南,2023-03-14,8458
2801,彰銀,48,0,48,康和-台南,2023-03-14,8458
3360,尚立,42,0,42,康和-台南,2023-03-14,8458
2880,華南金,35,0,35,康和-台南,2023-03-14,8458
4746,台耀,32,0,32,康和-台南,2023-03-14,8458
2634,漢翔,36,5,31,康和-台南,2023-03-14,8458
2883,凱基金,33,5,28,康和-台南,2023-03-14,8458
2886,兆豐金,27,0,27,康和-台南,2023-03-14,8458
2892,第一金,24,1,23,康和-台南,2023-03-14,8458
00902,中信電池及儲能,23,0,23,康和-台南,2023-03-14,8458
2344,華邦電,38,15,23,康和-台南,2023-03-14,8458
2303,聯電,38,15,23,康和-台南,2023-03-14,8458
2812,台中銀,21,0,21,康和-台南,2023-03-14,8458
2482,連宇,24,4,20,康和-台南,2023-03-14,8458
3504,揚明光,20,0,20,康和-台南,2023-03-14,8458
2330,台積電,19,2,17,康和-台南,2023-03-14,8458
2313,華通,17,0,17,康和-台南,2023-03-14,8458
5880,合庫金,16,0,16,康和-台南,2023-03-14,8458
00679B,元大美債20年,16,0,16,康和-台南,2023-03-14,8458
00715L,期街口布蘭特正2,13,0,13,康和-台南,2023-03-14,8458
2453,凌群,15,2,13,康和-台南,2023-03-14,8458
00893,國泰智能電動車,14,2,12,康和-台南,2023-03-14,8458
2888,新光金,30,19,11,康和-台南,2023-03-14,8458
3576,聯合再生,14,3,11,康和-台南,2023-03-14,8458
6266,泰詠,14,3,11,康和-台南,2023-03-14,8458
2206,三陽工業,11,0,11,康和-台南,2023-03-14,8458
00648R,元大S＆P500反1,10,0,10,康和-台南,2023-03-14,8458
1437,勤益控,10,0,10,康和-台南,2023-03-14,8458
1568,倉佑,10,0,10,康和-台南,2023-03-14,8458
2367,燿華,10,0,10,康和-台南,2023-03-14,8458
2504,國產,10,0,10,康和-台南,2023-03-14,8458
5464,霖宏,10,0,10,康和-台南,2023-03-14,8458
6195,詩肯,10,0,10,康和-台南,2023-03-14,8458
2641,正德,16,7,9,康和-台南,2023-03-14,8458
1217,愛之味,8,0,8,康和-台南,2023-03-14,8458
2360,致茂,8,0,8,康和-台南,2023-03-14,8458
2809,京城銀,8,0,8,康和-台南,2023-03-14,8458
3090,日電貿,8,0,8,康和-台南,2023-03-14,8458
3178,公準,14,6,8,康和-台南,2023-03-14,8458
4958,臻鼎-KY,7,0,7,康和-台南,2023-03-14,8458
1513,中興電,8,1,7,康和-台南,2023-03-14,8458
8933,愛地雅,7,0,7,康和-台南,2023-03-14,8458
2882,國泰金,7,0,7,康和-台南,2023-03-14,8458
1101,台泥,6,0,6,康和-台南,2023-03-14,8458
5608,四維航,389,262,127,康和-台南,2023-03-15,8458
1217,愛之味,82,0,82,康和-台南,2023-03-15,8458
00878,國泰永續高股息,38,0,38,康和-台南,2023-03-15,8458
2371,大同,31,0,31,康和-台南,2023-03-15,8458
2887,台新金,30,0,30,康和-台南,2023-03-15,8458
3362,先進光,30,0,30,康和-台南,2023-03-15,8458
2332,友訊,25,0,25,康和-台南,2023-03-15,8458
1522,堤維西,26,1,25,康和-台南,2023-03-15,8458
6116,彩晶,24,0,24,康和-台南,2023-03-15,8458
1504,東元,37,14,23,康和-台南,2023-03-15,8458
2801,彰銀,21,0,21,康和-台南,2023-03-15,8458
2603,長榮,77,57,20,康和-台南,2023-03-15,8458
00751B,元大AAA至A公司債,20,0,20,康和-台南,2023-03-15,8458
1612,宏泰,20,0,20,康和-台南,2023-03-15,8458
3360,尚立,16,0,16,康和-台南,2023-03-15,8458
6266,泰詠,17,1,16,康和-台南,2023-03-15,8458
6282,康舒,18,3,15,康和-台南,2023-03-15,8458
2618,長榮航,13,0,13,康和-台南,2023-03-15,8458
3481,群創,13,0,13,康和-台南,2023-03-15,8458
2882,國泰金,11,0,11,康和-台南,2023-03-15,8458
4916,事欣科,11,0,11,康和-台南,2023-03-15,8458
8050,廣積,17,6,11,康和-台南,2023-03-15,8458
00773B,中信優先金融債,10,0,10,康和-台南,2023-03-15,8458
2883,凱基金,10,0,10,康和-台南,2023-03-15,8458
1513,中興電,10,0,10,康和-台南,2023-03-15,8458
00891,中信關鍵半導體,10,0,10,康和-台南,2023-03-15,8458
1802,台玻,10,0,10,康和-台南,2023-03-15,8458
2106,建大,10,0,10,康和-台南,2023-03-15,8458
2601,益航,43,33,10,康和-台南,2023-03-15,8458
8105,凌巨,10,0,10,康和-台南,2023-03-15,8458
1101,台泥,10,1,9,康和-台南,2023-03-15,8458
2888,新光金,11,2,9,康和-台南,2023-03-15,8458
2880,華南金,8,0,8,康和-台南,2023-03-15,8458
2891,中信金,8,0,8,康和-台南,2023-03-15,8458
0050,元大台灣50,8,0,8,康和-台南,2023-03-15,8458
3535,晶彩科,10,2,8,康和-台南,2023-03-15,8458
6244,茂迪,11,3,8,康和-台南,2023-03-15,8458
5880,合庫金,7,0,7,康和-台南,2023-03-15,8458
2889,國票金,7,0,7,康和-台南,2023-03-15,8458
2027,大成鋼,9,2,7,康和-台南,2023-03-15,8458
2484,希華,6,0,6,康和-台南,2023-03-15,8458
2108,南帝,7,1,6,康和-台南,2023-03-15,8458
2375,凱美,9,3,6,康和-台南,2023-03-15,8458
3624,光頡,15,9,6,康和-台南,2023-03-15,8458
6182,合晶,6,0,6,康和-台南,2023-03-15,8458
8183,精星,6,0,6,康和-台南,2023-03-15,8458
2884,玉山金,6,0,6,康和-台南,2023-03-15,8458
2892,第一金,6,0,6,康和-台南,2023-03-15,8458
6243,迅杰,8,3,5,康和-台南,2023-03-15,8458
2104,國際中橡,5,0,5,康和-台南,2023-03-15,8458
3056,富華新,166,24,142,康和-台南,2023-03-16,8458
5608,四維航,126,29,97,康和-台南,2023-03-16,8458
2027,大成鋼,67,0,67,康和-台南,2023-03-16,8458
00878,國泰永續高股息,78,19,59,康和-台南,2023-03-16,8458
1522,堤維西,59,6,53,康和-台南,2023-03-16,8458
1524,耿鼎,51,0,51,康和-台南,2023-03-16,8458
6005,群益證,50,0,50,康和-台南,2023-03-16,8458
00715L,期街口布蘭特正2,49,0,49,康和-台南,2023-03-16,8458
2883,凱基金,47,10,37,康和-台南,2023-03-16,8458
2603,長榮,42,6,36,康和-台南,2023-03-16,8458
1568,倉佑,35,0,35,康和-台南,2023-03-16,8458
1611,中電,66,31,35,康和-台南,2023-03-16,8458
2614,東森,76,44,32,康和-台南,2023-03-16,8458
2312,金寶,31,1,30,康和-台南,2023-03-16,8458
6234,高僑,30,0,30,康和-台南,2023-03-16,8458
3362,先進光,27,0,27,康和-台南,2023-03-16,8458
2885,元大金,29,3,26,康和-台南,2023-03-16,8458
2495,普安,30,5,25,康和-台南,2023-03-16,8458
2891,中信金,26,2,24,康和-台南,2023-03-16,8458
5880,合庫金,25,2,23,康和-台南,2023-03-16,8458
2413,環科,22,0,22,康和-台南,2023-03-16,8458
2206,三陽工業,21,0,21,康和-台南,2023-03-16,8458
8936,國統,21,0,21,康和-台南,2023-03-16,8458
2020,美亞,20,0,20,康和-台南,2023-03-16,8458
2105,正新,20,0,20,康和-台南,2023-03-16,8458
2371,大同,20,0,20,康和-台南,2023-03-16,8458
2458,義隆,20,0,20,康和-台南,2023-03-16,8458
3038,全台,20,0,20,康和-台南,2023-03-16,8458
2606,裕民,50,31,19,康和-台南,2023-03-16,8458
3013,晟銘電,30,11,19,康和-台南,2023-03-16,8458
00713,元大台灣高息低波,18,0,18,康和-台南,2023-03-16,8458
6123,上奇,17,0,17,康和-台南,2023-03-16,8458
2884,玉山金,17,0,17,康和-台南,2023-03-16,8458
2880,華南金,15,0,15,康和-台南,2023-03-16,8458
6216,居易,17,3,14,康和-台南,2023-03-16,8458
6509,聚和,12,0,12,康和-台南,2023-03-16,8458
1605,華新,11,0,11,康和-台南,2023-03-16,8458
2457,飛宏,15,4,11,康和-台南,2023-03-16,8458
00676R,富邦臺灣加權反1,10,0,10,康和-台南,2023-03-16,8458
1708,東鹼,10,0,10,康和-台南,2023-03-16,8458
2359,所羅門,13,3,10,康和-台南,2023-03-16,8458
2430,燦坤,10,0,10,康和-台南,2023-03-16,8458
2444,兆勁,10,0,10,康和-台南,2023-03-16,8458
2501,國建,10,0,10,康和-台南,2023-03-16,8458
2504,國產,10,0,10,康和-台南,2023-03-16,8458
3027,盛達,30,20,10,康和-台南,2023-03-16,8458
3046,建��,25,15,10,康和-台南,2023-03-16,8458
00712,復華富時不動產,10,1,9,康和-台南,2023-03-16,8458
0056,元大高股息,13,4,9,康和-台南,2023-03-16,8458
6271,同欣電,8,0,8,康和-台南,2023-03-16,8458
2402,毅嘉,54,1,53,康和-台南,2023-03-17,8458
00665L,富邦�琤肭磪囓�2,50,0,50,康和-台南,2023-03-17,8458
6548,長科*,42,2,40,康和-台南,2023-03-17,8458
00878,國泰永續高股息,33,0,33,康和-台南,2023-03-17,8458
2606,裕民,35,2,33,康和-台南,2023-03-17,8458
2886,兆豐金,33,0,33,康和-台南,2023-03-17,8458
2014,中鴻,33,0,33,康和-台南,2023-03-17,8458
6005,群益證,30,0,30,康和-台南,2023-03-17,8458
00671R,富邦NASDAQ反1,24,0,24,康和-台南,2023-03-17,8458
1609,大亞,30,6,24,康和-台南,2023-03-17,8458
5483,中美晶,22,1,21,康和-台南,2023-03-17,8458
1316,上曜,20,0,20,康和-台南,2023-03-17,8458
3052,夆典,20,0,20,康和-台南,2023-03-17,8458
00632R,元大台灣50反1,19,0,19,康和-台南,2023-03-17,8458
2313,華通,18,0,18,康和-台南,2023-03-17,8458
6123,上奇,18,0,18,康和-台南,2023-03-17,8458
1524,耿鼎,23,6,17,康和-台南,2023-03-17,8458
0056,元大高股息,16,0,16,康和-台南,2023-03-17,8458
1712,興農,16,0,16,康和-台南,2023-03-17,8458
5011,久陽,15,0,15,康和-台南,2023-03-17,8458
3207,耀勝,15,0,15,康和-台南,2023-03-17,8458
3576,聯合再生,35,21,14,康和-台南,2023-03-17,8458
1104,環泥,20,6,14,康和-台南,2023-03-17,8458
2338,光罩,15,2,13,康和-台南,2023-03-17,8458
00715L,期街口布蘭特正2,11,0,11,康和-台南,2023-03-17,8458
2108,南帝,11,0,11,康和-台南,2023-03-17,8458
2891,中信金,11,1,10,康和-台南,2023-03-17,8458
2855,統一證,10,0,10,康和-台南,2023-03-17,8458
6282,康舒,27,17,10,康和-台南,2023-03-17,8458
00679B,元大美債20年,9,0,9,康和-台南,2023-03-17,8458
2392,正崴,12,4,8,康和-台南,2023-03-17,8458
3162,精確,11,3,8,康和-台南,2023-03-17,8458
00713,元大台灣高息低波,7,0,7,康和-台南,2023-03-17,8458
1777,生泰,7,0,7,康和-台南,2023-03-17,8458
2605,新興,13,6,7,康和-台南,2023-03-17,8458
1210,大成,6,0,6,康和-台南,2023-03-17,8458
2324,仁寶,6,0,6,康和-台南,2023-03-17,8458
4915,致伸,6,0,6,康和-台南,2023-03-17,8458
6163,華電網,6,0,6,康和-台南,2023-03-17,8458
9955,佳龍,9,3,6,康和-台南,2023-03-17,8458
2883,凱基金,6,0,6,康和-台南,2023-03-17,8458
2887,台新金,5,0,5,康和-台南,2023-03-17,8458
4566,時碩工業,5,0,5,康和-台南,2023-03-17,8458
5434,崇越,5,0,5,康和-台南,2023-03-17,8458
6016,康和證,5,0,5,康和-台南,2023-03-17,8458
6129,普誠,5,0,5,康和-台南,2023-03-17,8458
6279,胡連,5,0,5,康和-台南,2023-03-17,8458
2006,東和鋼鐵,5,1,4,康和-台南,2023-03-17,8458
00885,富邦越南,4,0,4,康和-台南,2023-03-17,8458
2337,旺宏,10,6,4,康和-台南,2023-03-17,8458
2834,臺企銀,207,0,207,康和-台南,2023-03-20,8458
00631L,元大台灣50正2,106,0,106,康和-台南,2023-03-20,8458
00673R,期元大S＆P原油反1,100,0,100,康和-台南,2023-03-20,8458
2511,太子,100,0,100,康和-台南,2023-03-20,8458
1316,上曜,60,0,60,康和-台南,2023-03-20,8458
6443,元晶,39,7,32,康和-台南,2023-03-20,8458
2023,燁輝,30,1,29,康和-台南,2023-03-20,8458
00878,國泰永續高股息,27,0,27,康和-台南,2023-03-20,8458
1504,東元,26,1,25,康和-台南,2023-03-20,8458
2359,所羅門,32,9,23,康和-台南,2023-03-20,8458
2606,裕民,22,0,22,康和-台南,2023-03-20,8458
00888,永豐台灣ESG,20,0,20,康和-台南,2023-03-20,8458
00665L,富邦�琤肭磪囓�2,20,0,20,康和-台南,2023-03-20,8458
1517,利奇,20,0,20,康和-台南,2023-03-20,8458
6123,上奇,20,0,20,康和-台南,2023-03-20,8458
00885,富邦越南,15,0,15,康和-台南,2023-03-20,8458
2409,友達,23,10,13,康和-台南,2023-03-20,8458
00772B,中信高評級公司債,12,0,12,康和-台南,2023-03-20,8458
00753L,中信中國50正2,12,0,12,康和-台南,2023-03-20,8458
2345,智邦,12,0,12,康和-台南,2023-03-20,8458
2605,新興,15,3,12,康和-台南,2023-03-20,8458
2880,華南金,11,0,11,康和-台南,2023-03-20,8458
00715L,期街口布蘭特正2,11,0,11,康和-台南,2023-03-20,8458
1609,大亞,13,2,11,康和-台南,2023-03-20,8458
9907,統一實,11,0,11,康和-台南,2023-03-20,8458
00642U,期元大S＆P石油,10,0,10,康和-台南,2023-03-20,8458
2607,榮運,10,0,10,康和-台南,2023-03-20,8458
2641,正德,10,0,10,康和-台南,2023-03-20,8458
2888,新光金,10,0,10,康和-台南,2023-03-20,8458
9914,美利達,10,0,10,康和-台南,2023-03-20,8458
3056,富華新,12,3,9,康和-台南,2023-03-20,8458
2882,國泰金,9,1,8,康和-台南,2023-03-20,8458
9945,潤泰新,8,0,8,康和-台南,2023-03-20,8458
6576,逸達,8,0,8,康和-台南,2023-03-20,8458
00713,元大台灣高息低波,7,0,7,康和-台南,2023-03-20,8458
1605,華新,13,6,7,康和-台南,2023-03-20,8458
4919,新唐,10,3,7,康和-台南,2023-03-20,8458
00637L,元大滬深300正2,6,0,6,康和-台南,2023-03-20,8458
2034,允強,6,0,6,康和-台南,2023-03-20,8458
2323,中環,6,0,6,康和-台南,2023-03-20,8458
5608,四維航,107,101,6,康和-台南,2023-03-20,8458
6282,康舒,6,0,6,康和-台南,2023-03-20,8458
1709,和益,5,0,5,康和-台南,2023-03-20,8458
2337,旺宏,5,0,5,康和-台南,2023-03-20,8458
2342,茂矽,7,2,5,康和-台南,2023-03-20,8458
3591,艾笛森,5,0,5,康和-台南,2023-03-20,8458
5410,國眾,6,1,5,康和-台南,2023-03-20,8458
3147,大綜,4,0,4,康和-台南,2023-03-20,8458
3236,千如,5,1,4,康和-台南,2023-03-20,8458
3362,先進光,4,0,4,康和-台南,2023-03-20,8458
3056,富華新,52,15,37,康和-台南,2023-03-21,8458
2413,環科,57,22,35,康和-台南,2023-03-21,8458
00878,國泰永續高股息,32,0,32,康和-台南,2023-03-21,8458
2801,彰銀,23,0,23,康和-台南,2023-03-21,8458
00772B,中信高評級公司債,20,0,20,康和-台南,2023-03-21,8458
00751B,元大AAA至A公司債,20,0,20,康和-台南,2023-03-21,8458
1603,華電,25,5,20,康和-台南,2023-03-21,8458
2515,中工,20,0,20,康和-台南,2023-03-21,8458
5488,松普,20,0,20,康和-台南,2023-03-21,8458
4967,十銓,22,3,19,康和-台南,2023-03-21,8458
3027,盛達,43,26,17,康和-台南,2023-03-21,8458
00655L,國泰中國A50正2,15,0,15,康和-台南,2023-03-21,8458
1608,華榮,15,0,15,康和-台南,2023-03-21,8458
1611,中電,14,1,13,康和-台南,2023-03-21,8458
8936,國統,13,0,13,康和-台南,2023-03-21,8458
2886,兆豐金,11,0,11,康和-台南,2023-03-21,8458
8261,富鼎,10,0,10,康和-台南,2023-03-21,8458
00665L,富邦�琤肭磪囓�2,10,0,10,康和-台南,2023-03-21,8458
2352,佳世達,10,0,10,康和-台南,2023-03-21,8458
3466,德晉,10,0,10,康和-台南,2023-03-21,8458
6133,金橋,10,0,10,康和-台南,2023-03-21,8458
1108,幸福,10,1,9,康和-台南,2023-03-21,8458
1519,華城,11,2,9,康和-台南,2023-03-21,8458
2344,華邦電,16,7,9,康和-台南,2023-03-21,8458
2641,正德,15,6,9,康和-台南,2023-03-21,8458
9955,佳龍,9,0,9,康和-台南,2023-03-21,8458
1402,遠東新,8,0,8,康和-台南,2023-03-21,8458
3013,晟銘電,11,3,8,康和-台南,2023-03-21,8458
1101,台泥,11,4,7,康和-台南,2023-03-21,8458
3046,建��,39,32,7,康和-台南,2023-03-21,8458
3624,光頡,12,5,7,康和-台南,2023-03-21,8458
5483,中美晶,8,1,7,康和-台南,2023-03-21,8458
2887,台新金,6,0,6,康和-台南,2023-03-21,8458
2303,聯電,11,5,6,康和-台南,2023-03-21,8458
2353,宏��,6,0,6,康和-台南,2023-03-21,8458
6288,聯嘉,9,3,6,康和-台南,2023-03-21,8458
8064,東捷,9,3,6,康和-台南,2023-03-21,8458
3443,創意,5,0,5,康和-台南,2023-03-21,8458
00720B,元大投資級公司債,5,0,5,康和-台南,2023-03-21,8458
1319,東陽,10,5,5,康和-台南,2023-03-21,8458
00671R,富邦NASDAQ反1,5,0,5,康和-台南,2023-03-21,8458
2409,友達,5,0,5,康和-台南,2023-03-21,8458
2498,宏達電,6,1,5,康和-台南,2023-03-21,8458
4714,永捷,5,0,5,康和-台南,2023-03-21,8458
4934,太極,6,1,5,康和-台南,2023-03-21,8458
6548,長科*,5,0,5,康和-台南,2023-03-21,8458
8383,千附,5,0,5,康和-台南,2023-03-21,8458
00885,富邦越南,4,0,4,康和-台南,2023-03-21,8458
2204,中華,5,1,4,康和-台南,2023-03-21,8458
3147,大綜,4,0,4,康和-台南,2023-03-21,8458
00632R,元大台灣50反1,157,15,142,康和-台南,2023-03-22,8458
00878,國泰永續高股息,62,2,60,康和-台南,2023-03-22,8458
2104,國際中橡,55,0,55,康和-台南,2023-03-22,8458
2511,太子,50,0,50,康和-台南,2023-03-22,8458
3059,華晶科,55,15,40,康和-台南,2023-03-22,8458
6109,亞元,44,6,38,康和-台南,2023-03-22,8458
00772B,中信高評級公司債,30,0,30,康和-台南,2023-03-22,8458
5011,久陽,30,0,30,康和-台南,2023-03-22,8458
2610,華航,28,3,25,康和-台南,2023-03-22,8458
2634,漢翔,26,1,25,康和-台南,2023-03-22,8458
5608,四維航,124,99,25,康和-台南,2023-03-22,8458
6235,華孚,30,5,25,康和-台南,2023-03-22,8458
1609,大亞,21,1,20,康和-台南,2023-03-22,8458
2208,台船,20,0,20,康和-台南,2023-03-22,8458
2363,矽統,20,1,19,康和-台南,2023-03-22,8458
2606,裕民,21,3,18,康和-台南,2023-03-22,8458
6140,訊達,21,3,18,康和-台南,2023-03-22,8458
2002,中鋼,20,3,17,康和-台南,2023-03-22,8458
00671R,富邦NASDAQ反1,16,0,16,康和-台南,2023-03-22,8458
3576,聯合再生,25,10,15,康和-台南,2023-03-22,8458
6288,聯嘉,17,2,15,康和-台南,2023-03-22,8458
1605,華新,13,0,13,康和-台南,2023-03-22,8458
4976,佳凌,13,0,13,康和-台南,2023-03-22,8458
6770,力積電,13,0,13,康和-台南,2023-03-22,8458
3013,晟銘電,22,10,12,康和-台南,2023-03-22,8458
8390,金益鼎,12,0,12,康和-台南,2023-03-22,8458
2425,承啟,10,0,10,康和-台南,2023-03-22,8458
2605,新興,25,15,10,康和-台南,2023-03-22,8458
6133,金橋,10,0,10,康和-台南,2023-03-22,8458
2457,飛宏,16,7,9,康和-台南,2023-03-22,8458
1524,耿鼎,14,5,9,康和-台南,2023-03-22,8458
2204,中華,13,4,9,康和-台南,2023-03-22,8458
2891,中信金,8,0,8,康和-台南,2023-03-22,8458
2449,京元電子,8,0,8,康和-台南,2023-03-22,8458
2481,強茂,13,5,8,康和-台南,2023-03-22,8458
2482,連宇,15,7,8,康和-台南,2023-03-22,8458
8033,雷虎,11,3,8,康和-台南,2023-03-22,8458
5258,虹堡,27,20,7,康和-台南,2023-03-22,8458
8071,能率網通,7,0,7,康和-台南,2023-03-22,8458
00679B,元大美債20年,6,0,6,康和-台南,2023-03-22,8458
3046,建��,18,12,6,康和-台南,2023-03-22,8458
6751,智聯服務,6,0,6,康和-台南,2023-03-22,8458
00751B,元大AAA至A公司債,5,0,5,康和-台南,2023-03-22,8458
2801,彰銀,5,0,5,康和-台南,2023-03-22,8458
2855,統一證,5,0,5,康和-台南,2023-03-22,8458
3675,德微,5,0,5,康和-台南,2023-03-22,8458
3706,神達,5,0,5,康和-台南,2023-03-22,8458
5483,中美晶,6,1,5,康和-台南,2023-03-22,8458
6213,聯茂,5,0,5,康和-台南,2023-03-22,8458
2880,華南金,4,0,4,康和-台南,2023-03-22,8458
00714,群益道瓊美國地產,111,0,111,康和-台南,2023-03-23,8458
0056,元大高股息,80,0,80,康和-台南,2023-03-23,8458
2606,裕民,54,0,54,康和-台南,2023-03-23,8458
5608,四維航,188,137,51,康和-台南,2023-03-23,8458
1316,上曜,47,0,47,康和-台南,2023-03-23,8458
2388,威盛,27,2,25,康和-台南,2023-03-23,8458
2855,統一證,25,0,25,康和-台南,2023-03-23,8458
3481,群創,31,8,23,康和-台南,2023-03-23,8458
2603,長榮,23,2,21,康和-台南,2023-03-23,8458
3491,昇達科,29,8,21,康和-台南,2023-03-23,8458
2515,中工,20,0,20,康和-台南,2023-03-23,8458
6123,上奇,20,0,20,康和-台南,2023-03-23,8458
5464,霖宏,19,0,19,康和-台南,2023-03-23,8458
3217,優群,15,1,14,康和-台南,2023-03-23,8458
2634,漢翔,16,5,11,康和-台南,2023-03-23,8458
2303,聯電,12,1,11,康和-台南,2023-03-23,8458
1108,幸福,10,0,10,康和-台南,2023-03-23,8458
1609,大亞,10,0,10,康和-台南,2023-03-23,8458
3576,聯合再生,20,10,10,康和-台南,2023-03-23,8458
6548,長科*,10,0,10,康和-台南,2023-03-23,8458
8105,凌巨,10,0,10,康和-台南,2023-03-23,8458
8358,金居,10,0,10,康和-台南,2023-03-23,8458
8916,光隆,10,0,10,康和-台南,2023-03-23,8458
6288,聯嘉,13,4,9,康和-台南,2023-03-23,8458
6233,旺玖,9,1,8,康和-台南,2023-03-23,8458
8176,智捷,10,2,8,康和-台南,2023-03-23,8458
3545,敦泰,8,1,7,康和-台南,2023-03-23,8458
6570,維田,10,3,7,康和-台南,2023-03-23,8458
2457,飛宏,25,18,7,康和-台南,2023-03-23,8458
1101,台泥,10,4,6,康和-台南,2023-03-23,8458
2312,金寶,6,0,6,康和-台南,2023-03-23,8458
2481,強茂,6,0,6,康和-台南,2023-03-23,8458
3059,華晶科,7,1,6,康和-台南,2023-03-23,8458
5425,台半,19,14,5,康和-台南,2023-03-23,8458
1524,耿鼎,9,4,5,康和-台南,2023-03-23,8458
00632R,元大台灣50反1,5,0,5,康和-台南,2023-03-23,8458
00751B,元大AAA至A公司債,5,0,5,康和-台南,2023-03-23,8458
00720B,元大投資級公司債,5,0,5,康和-台南,2023-03-23,8458
2617,台航,5,0,5,康和-台南,2023-03-23,8458
2641,正德,17,12,5,康和-台南,2023-03-23,8458
3162,精確,10,5,5,康和-台南,2023-03-23,8458
3591,艾笛森,5,0,5,康和-台南,2023-03-23,8458
6148,驊宏資,8,3,5,康和-台南,2023-03-23,8458
6546,正基,5,0,5,康和-台南,2023-03-23,8458
8112,至上,5,0,5,康和-台南,2023-03-23,8458
2880,華南金,4,0,4,康和-台南,2023-03-23,8458
00885,富邦越南,4,0,4,康和-台南,2023-03-23,8458
2417,圓剛,4,0,4,康和-台南,2023-03-23,8458
3289,宜特,4,0,4,康和-台南,2023-03-23,8458
4906,正文,4,0,4,康和-台南,2023-03-23,8458
00632R,元大台灣50反1,105,3,102,康和-台南,2023-03-24,8458
00878,國泰永續高股息,100,10,90,康和-台南,2023-03-24,8458
3006,晶豪科,55,3,52,康和-台南,2023-03-24,8458
6548,長科*,48,0,48,康和-台南,2023-03-24,8458
00680L,元大美債20正2,32,0,32,康和-台南,2023-03-24,8458
2834,臺企銀,23,0,23,康和-台南,2023-03-24,8458
6234,高僑,24,3,21,康和-台南,2023-03-24,8458
1338,廣華-KY,20,0,20,康和-台南,2023-03-24,8458
2515,中工,20,0,20,康和-台南,2023-03-24,8458
6139,亞翔,18,0,18,康和-台南,2023-03-24,8458
3037,欣興,32,15,17,康和-台南,2023-03-24,8458
00885,富邦越南,17,0,17,康和-台南,2023-03-24,8458
1605,華新,44,27,17,康和-台南,2023-03-24,8458
2482,連宇,16,0,16,康和-台南,2023-03-24,8458
4979,華星光,20,5,15,康和-台南,2023-03-24,8458
3710,連展投控,14,0,14,康和-台南,2023-03-24,8458
1609,大亞,40,28,12,康和-台南,2023-03-24,8458
1611,中電,12,0,12,康和-台南,2023-03-24,8458
4541,晟田,12,0,12,康和-台南,2023-03-24,8458
5009,榮剛,13,2,11,康和-台南,2023-03-24,8458
2430,燦坤,12,1,11,康和-台南,2023-03-24,8458
8046,南電,14,4,10,康和-台南,2023-03-24,8458
1108,幸福,10,0,10,康和-台南,2023-03-24,8458
1316,上曜,10,0,10,康和-台南,2023-03-24,8458
4976,佳凌,10,0,10,康和-台南,2023-03-24,8458
6133,金橋,10,0,10,康和-台南,2023-03-24,8458
8234,新漢,10,0,10,康和-台南,2023-03-24,8458
00720B,元大投資級公司債,9,0,9,康和-台南,2023-03-24,8458
00650L,復華香港正2,9,0,9,康和-台南,2023-03-24,8458
2419,仲琦,12,3,9,康和-台南,2023-03-24,8458
2610,華航,11,2,9,康和-台南,2023-03-24,8458
2603,長榮,11,2,9,康和-台南,2023-03-24,8458
1718,中纖,8,0,8,康和-台南,2023-03-24,8458
2722,夏都,8,0,8,康和-台南,2023-03-24,8458
5425,台半,25,17,8,康和-台南,2023-03-24,8458
4919,新唐,8,1,7,康和-台南,2023-03-24,8458
1527,鑽全,6,0,6,康和-台南,2023-03-24,8458
1810,和成,6,0,6,康和-台南,2023-03-24,8458
2002,中鋼,10,4,6,康和-台南,2023-03-24,8458
2880,華南金,6,0,6,康和-台南,2023-03-24,8458
3047,訊舟,6,0,6,康和-台南,2023-03-24,8458
4956,光鋐,6,0,6,康和-台南,2023-03-24,8458
8088,品安,7,1,6,康和-台南,2023-03-24,8458
00633L,富邦上証正2,5,0,5,康和-台南,2023-03-24,8458
2014,中鴻,5,0,5,康和-台南,2023-03-24,8458
2312,金寶,5,0,5,康和-台南,2023-03-24,8458
2324,仁寶,7,2,5,康和-台南,2023-03-24,8458
2883,凱基金,5,0,5,康和-台南,2023-03-24,8458
3209,全科,5,0,5,康和-台南,2023-03-24,8458
3402,漢科,5,0,5,康和-台南,2023-03-24,8458
00665L,富邦�琤肭磪囓�2,113,8,105,康和-台南,2023-03-27,8458
00878,國泰永續高股息,51,1,50,康和-台南,2023-03-27,8458
1708,東鹼,50,0,50,康和-台南,2023-03-27,8458
1316,上曜,30,0,30,康和-台南,2023-03-27,8458
2453,凌群,28,2,26,康和-台南,2023-03-27,8458
1101,台泥,25,3,22,康和-台南,2023-03-27,8458
2069,運錩,20,0,20,康和-台南,2023-03-27,8458
2883,凱基金,20,0,20,康和-台南,2023-03-27,8458
2883B,凱基金乙特,20,0,20,康和-台南,2023-03-27,8458
4967,十銓,21,1,20,康和-台南,2023-03-27,8458
00671R,富邦NASDAQ反1,18,0,18,康和-台南,2023-03-27,8458
3481,群創,22,5,17,康和-台南,2023-03-27,8458
1612,宏泰,20,4,16,康和-台南,2023-03-27,8458
2610,華航,25,12,13,康和-台南,2023-03-27,8458
2201,裕隆,13,1,12,康和-台南,2023-03-27,8458
2356,英業達,13,1,12,康和-台南,2023-03-27,8458
2406,國碩,12,0,12,康和-台南,2023-03-27,8458
2634,漢翔,24,12,12,康和-台南,2023-03-27,8458
3714,富采,16,6,10,康和-台南,2023-03-27,8458
1605,華新,36,26,10,康和-台南,2023-03-27,8458
2302,麗正,10,0,10,康和-台南,2023-03-27,8458
2471,資通,15,5,10,康和-台南,2023-03-27,8458
2641,正德,10,0,10,康和-台南,2023-03-27,8458
2885,元大金,10,0,10,康和-台南,2023-03-27,8458
5014,建錩,10,0,10,康和-台南,2023-03-27,8458
8050,廣積,24,14,10,康和-台南,2023-03-27,8458
00650L,復華香港正2,9,0,9,康和-台南,2023-03-27,8458
2884,玉山金,10,1,9,康和-台南,2023-03-27,8458
2618,長榮航,8,0,8,康和-台南,2023-03-27,8458
2303,聯電,14,6,8,康和-台南,2023-03-27,8458
6548,長科*,7,0,7,康和-台南,2023-03-27,8458
3037,欣興,7,0,7,康和-台南,2023-03-27,8458
4919,新唐,10,4,6,康和-台南,2023-03-27,8458
2317,鴻海,6,0,6,康和-台南,2023-03-27,8458
5258,虹堡,7,1,6,康和-台南,2023-03-27,8458
6163,華電網,6,0,6,康和-台南,2023-03-27,8458
8234,新漢,7,1,6,康和-台南,2023-03-27,8458
2002,中鋼,5,0,5,康和-台南,2023-03-27,8458
2340,台亞,8,3,5,康和-台南,2023-03-27,8458
3217,優群,5,0,5,康和-台南,2023-03-27,8458
3260,威剛,5,0,5,康和-台南,2023-03-27,8458
6116,彩晶,5,0,5,康和-台南,2023-03-27,8458
6443,元晶,5,0,5,康和-台南,2023-03-27,8458
8072,陞泰,5,0,5,康和-台南,2023-03-27,8458
8088,品安,7,2,5,康和-台南,2023-03-27,8458
8183,精星,5,0,5,康和-台南,2023-03-27,8458
00882,中信中國高股息,4,0,4,康和-台南,2023-03-27,8458
2392,正崴,6,2,4,康和-台南,2023-03-27,8458
1514,亞力,6,2,4,康和-台南,2023-03-27,8458
2419,仲琦,6,2,4,康和-台南,2023-03-27,8458
00680L,元大美債20正2,161,0,161,康和-台南,2023-03-28,8458
1316,上曜,132,0,132,康和-台南,2023-03-28,8458
5608,四維航,297,178,119,康和-台南,2023-03-28,8458
6770,力積電,60,0,60,康和-台南,2023-03-28,8458
1609,大亞,58,1,57,康和-台南,2023-03-28,8458
3189,景碩,50,3,47,康和-台南,2023-03-28,8458
00720B,元大投資級公司債,46,0,46,康和-台南,2023-03-28,8458
2606,裕民,60,20,40,康和-台南,2023-03-28,8458
6129,普誠,40,0,40,康和-台南,2023-03-28,8458
2342,茂矽,43,8,35,康和-台南,2023-03-28,8458
00679B,元大美債20年,32,0,32,康和-台南,2023-03-28,8458
1524,耿鼎,30,0,30,康和-台南,2023-03-28,8458
1416,廣豐,30,0,30,康和-台南,2023-03-28,8458
3607,谷崧,30,0,30,康和-台南,2023-03-28,8458
3037,欣興,32,6,26,康和-台南,2023-03-28,8458
2883,凱基金,36,10,26,康和-台南,2023-03-28,8458
00772B,中信高評級公司債,25,0,25,康和-台南,2023-03-28,8458
00751B,元大AAA至A公司債,25,0,25,康和-台南,2023-03-28,8458
00878,國泰永續高股息,23,1,22,康和-台南,2023-03-28,8458
3163,波若威,21,0,21,康和-台南,2023-03-28,8458
1605,華新,35,15,20,康和-台南,2023-03-28,8458
2495,普安,20,0,20,康和-台南,2023-03-28,8458
2883B,凱基金乙特,20,0,20,康和-台南,2023-03-28,8458
2887,台新金,20,0,20,康和-台南,2023-03-28,8458
6190,萬泰科,20,0,20,康和-台南,2023-03-28,8458
8050,廣積,21,1,20,康和-台南,2023-03-28,8458
6276,安鈦克,19,0,19,康和-台南,2023-03-28,8458
2637,慧洋-KY,18,1,17,康和-台南,2023-03-28,8458
3545,敦泰,15,0,15,康和-台南,2023-03-28,8458
6548,長科*,14,0,14,康和-台南,2023-03-28,8458
00650L,復華香港正2,12,0,12,康和-台南,2023-03-28,8458
2413,環科,12,0,12,康和-台南,2023-03-28,8458
4967,十銓,12,0,12,康和-台南,2023-03-28,8458
1504,東元,14,3,11,康和-台南,2023-03-28,8458
2317,鴻海,11,0,11,康和-台南,2023-03-28,8458
2634,漢翔,14,3,11,康和-台南,2023-03-28,8458
6139,亞翔,16,5,11,康和-台南,2023-03-28,8458
3406,玉晶光,10,0,10,康和-台南,2023-03-28,8458
8261,富鼎,15,5,10,康和-台南,2023-03-28,8458
3042,晶技,10,1,9,康和-台南,2023-03-28,8458
1101,台泥,9,0,9,康和-台南,2023-03-28,8458
00665L,富邦�琤肭磪囓�2,8,0,8,康和-台南,2023-03-28,8458
1611,中電,6,0,6,康和-台南,2023-03-28,8458
2457,飛宏,7,1,6,康和-台南,2023-03-28,8458
3652,精聯,8,2,6,康和-台南,2023-03-28,8458
6142,友勁,11,5,6,康和-台南,2023-03-28,8458
6741,91APP*-KY,6,0,6,康和-台南,2023-03-28,8458
0056,元大高股息,8,3,5,康和-台南,2023-03-28,8458
5425,台半,16,11,5,康和-台南,2023-03-28,8458
1568,倉佑,5,0,5,康和-台南,2023-03-28,8458
00680L,元大美債20正2,101,0,101,康和-台南,2023-03-29,8458
6770,力積電,67,0,67,康和-台南,2023-03-29,8458
020034,元大IC設計N,50,0,50,康和-台南,2023-03-29,8458
2610,華航,52,12,40,康和-台南,2023-03-29,8458
2413,環科,30,0,30,康和-台南,2023-03-29,8458
00882,中信中國高股息,25,0,25,康和-台南,2023-03-29,8458
2342,茂矽,33,15,18,康和-台南,2023-03-29,8458
1504,東元,68,52,16,康和-台南,2023-03-29,8458
2303,聯電,32,17,15,康和-台南,2023-03-29,8458
2371,大同,14,1,13,康和-台南,2023-03-29,8458
5425,台半,13,1,12,康和-台南,2023-03-29,8458
00773B,中信優先金融債,10,0,10,康和-台南,2023-03-29,8458
2020,美亞,10,0,10,康和-台南,2023-03-29,8458
2453,凌群,12,2,10,康和-台南,2023-03-29,8458
3290,東浦,10,0,10,康和-台南,2023-03-29,8458
3707,漢磊,13,3,10,康和-台南,2023-03-29,8458
8215,明基材,9,0,9,康和-台南,2023-03-29,8458
6220,岳豐,8,0,8,康和-台南,2023-03-29,8458
2455,全新,26,19,7,康和-台南,2023-03-29,8458
3545,敦泰,7,0,7,康和-台南,2023-03-29,8458
6288,聯嘉,17,10,7,康和-台南,2023-03-29,8458
2615,萬海,6,0,6,康和-台南,2023-03-29,8458
6548,長科*,6,0,6,康和-台南,2023-03-29,8458
4919,新唐,7,2,5,康和-台南,2023-03-29,8458
00772B,中信高評級公司債,5,0,5,康和-台南,2023-03-29,8458
1785,光洋科,5,0,5,康和-台南,2023-03-29,8458
2331,精英,9,4,5,康和-台南,2023-03-29,8458
2535,達欣工,5,0,5,康和-台南,2023-03-29,8458
2634,漢翔,9,4,5,康和-台南,2023-03-29,8458
3047,訊舟,6,1,5,康和-台南,2023-03-29,8458
4906,正文,6,1,5,康和-台南,2023-03-29,8458
5258,虹堡,8,3,5,康和-台南,2023-03-29,8458
6163,華電網,5,0,5,康和-台南,2023-03-29,8458
8415,大國鋼,5,0,5,康和-台南,2023-03-29,8458
1605,華新,40,36,4,康和-台南,2023-03-29,8458
2603,長榮,4,0,4,康和-台南,2023-03-29,8458
2929,淘帝-KY,4,0,4,康和-台南,2023-03-29,8458
1777,生泰,4,0,4,康和-台南,2023-03-29,8458
2388,威盛,7,3,4,康和-台南,2023-03-29,8458
2401,凌陽,4,0,4,康和-台南,2023-03-29,8458
2461,光群雷,4,0,4,康和-台南,2023-03-29,8458
2481,強茂,7,3,4,康和-台南,2023-03-29,8458
4746,台耀,4,0,4,康和-台南,2023-03-29,8458
6147,頎邦,4,0,4,康和-台南,2023-03-29,8458
6216,居易,4,0,4,康和-台南,2023-03-29,8458
8289,泰藝,4,0,4,康和-台南,2023-03-29,8458
3105,穩懋,3,0,3,康和-台南,2023-03-29,8458
1584,精剛,6,3,3,康和-台南,2023-03-29,8458
00922,國泰台灣領袖50,3,0,3,康和-台南,2023-03-29,8458
00919,群益台灣精選高息,3,0,3,康和-台南,2023-03-29,8458
1609,大亞,63,10,53,康和-台南,2023-03-30,8458
1708,東鹼,50,0,50,康和-台南,2023-03-30,8458
00680L,元大美債20正2,40,0,40,康和-台南,2023-03-30,8458
3272,東碩,36,7,29,康和-台南,2023-03-30,8458
2401,凌陽,20,0,20,康和-台南,2023-03-30,8458
6285,啟��,26,6,20,康和-台南,2023-03-30,8458
2413,環科,21,2,19,康和-台南,2023-03-30,8458
1529,樂事綠能,20,2,18,康和-台南,2023-03-30,8458
1605,華新,18,0,18,康和-台南,2023-03-30,8458
3481,群創,21,4,17,康和-台南,2023-03-30,8458
8088,品安,24,8,16,康和-台南,2023-03-30,8458
2344,華邦電,21,6,15,康和-台南,2023-03-30,8458
3047,訊舟,14,0,14,康和-台南,2023-03-30,8458
1777,生泰,13,0,13,康和-台南,2023-03-30,8458
1504,東元,76,63,13,康和-台南,2023-03-30,8458
2618,長榮航,11,0,11,康和-台南,2023-03-30,8458
2883,凱基金,43,33,10,康和-台南,2023-03-30,8458
2886,兆豐金,10,0,10,康和-台南,2023-03-30,8458
3490,單井,10,0,10,康和-台南,2023-03-30,8458
3005,神基,10,2,8,康和-台南,2023-03-30,8458
6160,欣技,17,10,7,康和-台南,2023-03-30,8458
8086,宏捷科,9,2,7,康和-台南,2023-03-30,8458
6134,萬旭,6,0,6,康和-台南,2023-03-30,8458
3035,智原,6,0,6,康和-台南,2023-03-30,8458
0056,元大高股息,7,2,5,康和-台南,2023-03-30,8458
1611,中電,5,0,5,康和-台南,2023-03-30,8458
1762,中化生,5,0,5,康和-台南,2023-03-30,8458
00857B,永豐20年美公債,5,0,5,康和-台南,2023-03-30,8458
2834,臺企銀,5,0,5,康和-台南,2023-03-30,8458
3056,富華新,5,0,5,康和-台南,2023-03-30,8458
3443,創意,5,0,5,康和-台南,2023-03-30,8458
6208,日揚,5,0,5,康和-台南,2023-03-30,8458
2392,正崴,5,0,5,康和-台南,2023-03-30,8458
3706,神達,4,0,4,康和-台南,2023-03-30,8458
2455,全新,4,0,4,康和-台南,2023-03-30,8458
3362,先進光,5,1,4,康和-台南,2023-03-30,8458
3624,光頡,5,1,4,康和-台南,2023-03-30,8458
4128,中天,7,3,4,康和-台南,2023-03-30,8458
8074,鉅橡,5,1,4,康和-台南,2023-03-30,8458
6446,藥華藥,3,0,3,康和-台南,2023-03-30,8458
3715,定穎投控,5,2,3,康和-台南,2023-03-30,8458
00679B,元大美債20年,3,0,3,康和-台南,2023-03-30,8458
2354,鴻準,3,0,3,康和-台南,2023-03-30,8458
2425,承啟,3,0,3,康和-台南,2023-03-30,8458
2610,華航,3,0,3,康和-台南,2023-03-30,8458
2915,潤泰全,3,0,3,康和-台南,2023-03-30,8458
3303,岱稜,3,0,3,康和-台南,2023-03-30,8458
3483,力致,3,0,3,康和-台南,2023-03-30,8458
6603,富強鑫,3,0,3,康和-台南,2023-03-30,8458
8112,至上,3,0,3,康和-台南,2023-03-30,8458
2834,臺企銀,353,7,346,康和-台南,2023-03-31,8458
1609,大亞,50,12,38,康和-台南,2023-03-31,8458
1605,華新,40,2,38,康和-台南,2023-03-31,8458
5515,建國,37,0,37,康和-台南,2023-03-31,8458
2882,國泰金,35,2,33,康和-台南,2023-03-31,8458
5355,佳總,30,0,30,康和-台南,2023-03-31,8458
0056,元大高股息,20,0,20,康和-台南,2023-03-31,8458
3037,欣興,20,1,19,康和-台南,2023-03-31,8458
3046,建��,21,5,16,康和-台南,2023-03-31,8458
00632R,元大台灣50反1,20,5,15,康和-台南,2023-03-31,8458
6770,力積電,15,0,15,康和-台南,2023-03-31,8458
3189,景碩,11,0,11,康和-台南,2023-03-31,8458
1584,精剛,13,2,11,康和-台南,2023-03-31,8458
2471,資通,13,2,11,康和-台南,2023-03-31,8458
8050,廣積,10,0,10,康和-台南,2023-03-31,8458
2211,長榮鋼,10,0,10,康和-台南,2023-03-31,8458
2367,燿華,20,10,10,康和-台南,2023-03-31,8458
2601,益航,10,0,10,康和-台南,2023-03-31,8458
3272,東碩,14,4,10,康和-台南,2023-03-31,8458
6191,精成科,11,1,10,康和-台南,2023-03-31,8458
6441,廣錠,10,0,10,康和-台南,2023-03-31,8458
7402,邑錡,10,0,10,康和-台南,2023-03-31,8458
3711,日月光投控,9,0,9,康和-台南,2023-03-31,8458
2359,所羅門,10,1,9,康和-台南,2023-03-31,8458
6133,金橋,9,0,9,康和-台南,2023-03-31,8458
6194,育富,11,2,9,康和-台南,2023-03-31,8458
00885,富邦越南,8,0,8,康和-台南,2023-03-31,8458
2323,中環,8,0,8,康和-台南,2023-03-31,8458
00671R,富邦NASDAQ反1,7,0,7,康和-台南,2023-03-31,8458
3027,盛達,7,0,7,康和-台南,2023-03-31,8458
3532,台勝科,7,0,7,康和-台南,2023-03-31,8458
8383,千附,7,0,7,康和-台南,2023-03-31,8458
8227,巨有科技,7,1,6,康和-台南,2023-03-31,8458
2884,玉山金,6,1,5,康和-台南,2023-03-31,8458
1504,東元,19,14,5,康和-台南,2023-03-31,8458
00687B,國泰20年美債,5,0,5,康和-台南,2023-03-31,8458
00680L,元大美債20正2,5,0,5,康和-台南,2023-03-31,8458
00715L,期街口布蘭特正2,20,15,5,康和-台南,2023-03-31,8458
1514,亞力,5,0,5,康和-台南,2023-03-31,8458
2020,美亞,5,0,5,康和-台南,2023-03-31,8458
4968,立積,5,0,5,康和-台南,2023-03-31,8458
9945,潤泰新,5,0,5,康和-台南,2023-03-31,8458
3715,定穎投控,4,0,4,康和-台南,2023-03-31,8458
1529,樂事綠能,4,0,4,康和-台南,2023-03-31,8458
2352,佳世達,4,0,4,康和-台南,2023-03-31,8458
2457,飛宏,7,3,4,康和-台南,2023-03-31,8458
2929,淘帝-KY,4,0,4,康和-台南,2023-03-31,8458
3006,晶豪科,16,12,4,康和-台南,2023-03-31,8458
3592,瑞鼎,4,0,4,康和-台南,2023-03-31,8458
6134,萬旭,4,0,4,康和-台南,2023-03-31,8458
00665L,富邦�琤肭磪囓�2,110,0,110,康和-台南,2023-04-06,8458
2606,裕民,113,54,59,康和-台南,2023-04-06,8458
2344,華邦電,71,13,58,康和-台南,2023-04-06,8458
3037,欣興,53,1,52,康和-台南,2023-04-06,8458
6770,力積電,60,8,52,康和-台南,2023-04-06,8458
2812,台中銀,50,0,50,康和-台南,2023-04-06,8458
2375,凱美,25,0,25,康和-台南,2023-04-06,8458
2457,飛宏,30,9,21,康和-台南,2023-04-06,8458
00882,中信中國高股息,21,0,21,康和-台南,2023-04-06,8458
5355,佳總,20,0,20,康和-台南,2023-04-06,8458
4967,十銓,30,12,18,康和-台南,2023-04-06,8458
8046,南電,21,5,16,康和-台南,2023-04-06,8458
2027,大成鋼,17,2,15,康和-台南,2023-04-06,8458
2331,精英,15,0,15,康和-台南,2023-04-06,8458
2454,聯發科,14,0,14,康和-台南,2023-04-06,8458
1316,上曜,12,0,12,康和-台南,2023-04-06,8458
3042,晶技,12,0,12,康和-台南,2023-04-06,8458
5483,中美晶,12,0,12,康和-台南,2023-04-06,8458
1308,亞聚,11,0,11,康和-台南,2023-04-06,8458
00922,國泰台灣領袖50,11,0,11,康和-台南,2023-04-06,8458
6446,藥華藥,10,0,10,康和-台南,2023-04-06,8458
00673R,期元大S＆P原油反1,10,0,10,康和-台南,2023-04-06,8458
1708,東鹼,10,0,10,康和-台南,2023-04-06,8458
2349,錸德,10,0,10,康和-台南,2023-04-06,8458
3325,旭品,10,0,10,康和-台南,2023-04-06,8458
3652,精聯,10,0,10,康和-台南,2023-04-06,8458
6278,台表科,10,0,10,康和-台南,2023-04-06,8458
2002,中鋼,9,0,9,康和-台南,2023-04-06,8458
2891,中信金,9,0,9,康和-台南,2023-04-06,8458
3032,偉訓,15,6,9,康和-台南,2023-04-06,8458
2609,陽明,9,2,7,康和-台南,2023-04-06,8458
00753L,中信中國50正2,7,0,7,康和-台南,2023-04-06,8458
1440,南紡,14,7,7,康和-台南,2023-04-06,8458
2413,環科,15,8,7,康和-台南,2023-04-06,8458
5353,台林,8,1,7,康和-台南,2023-04-06,8458
00902,中信電池及儲能,6,0,6,康和-台南,2023-04-06,8458
1503,士電,6,0,6,康和-台南,2023-04-06,8458
2641,正德,6,0,6,康和-台南,2023-04-06,8458
2317,鴻海,9,4,5,康和-台南,2023-04-06,8458
8277,商丞,5,0,5,康和-台南,2023-04-06,8458
1528,恩德,5,0,5,康和-台南,2023-04-06,8458
1810,和成,5,0,5,康和-台南,2023-04-06,8458
2515,中工,5,0,5,康和-台南,2023-04-06,8458
2888,新光金,5,0,5,康和-台南,2023-04-06,8458
3006,晶豪科,5,0,5,康和-台南,2023-04-06,8458
3356,奇偶,5,0,5,康和-台南,2023-04-06,8458
5309,系統電,5,0,5,康和-台南,2023-04-06,8458
6231,系微,5,0,5,康和-台南,2023-04-06,8458
8050,廣積,9,4,5,康和-台南,2023-04-06,8458
8064,東捷,5,0,5,康和-台南,2023-04-06,8458
2834,臺企銀,200,0,200,康和-台南,2023-04-07,8458
2342,茂矽,31,0,31,康和-台南,2023-04-07,8458
6282,康舒,27,0,27,康和-台南,2023-04-07,8458
6139,亞翔,26,1,25,康和-台南,2023-04-07,8458
00712,復華富時不動產,20,0,20,康和-台南,2023-04-07,8458
2634,漢翔,20,5,15,康和-台南,2023-04-07,8458
00885,富邦越南,12,0,12,康和-台南,2023-04-07,8458
8215,明基材,14,3,11,康和-台南,2023-04-07,8458
3236,千如,10,0,10,康和-台南,2023-04-07,8458
1217,愛之味,11,1,10,康和-台南,2023-04-07,8458
2617,台航,10,0,10,康和-台南,2023-04-07,8458
4746,台耀,11,1,10,康和-台南,2023-04-07,8458
9962,有益,10,0,10,康和-台南,2023-04-07,8458
2356,英業達,10,1,9,康和-台南,2023-04-07,8458
2498,宏達電,10,1,9,康和-台南,2023-04-07,8458
3037,欣興,12,3,9,康和-台南,2023-04-07,8458
8163,達方,10,1,9,康和-台南,2023-04-07,8458
3162,精確,15,7,8,康和-台南,2023-04-07,8458
6176,瑞儀,7,0,7,康和-台南,2023-04-07,8458
1513,中興電,18,12,6,康和-台南,2023-04-07,8458
3708,上緯投控,6,0,6,康和-台南,2023-04-07,8458
5512,力麒,6,0,6,康和-台南,2023-04-07,8458
5388,中磊,6,1,5,康和-台南,2023-04-07,8458
00902,中信電池及儲能,5,0,5,康和-台南,2023-04-07,8458
9919,康那香,5,0,5,康和-台南,2023-04-07,8458
1611,中電,6,1,5,康和-台南,2023-04-07,8458
1777,生泰,5,0,5,康和-台南,2023-04-07,8458
3591,艾笛森,5,0,5,康和-台南,2023-04-07,8458
3712,永崴投控,5,0,5,康和-台南,2023-04-07,8458
4167,松瑞藥,5,0,5,康和-台南,2023-04-07,8458
4916,事欣科,5,0,5,康和-台南,2023-04-07,8458
6116,彩晶,4,0,4,康和-台南,2023-04-07,8458
6231,系微,5,1,4,康和-台南,2023-04-07,8458
8289,泰藝,4,0,4,康和-台南,2023-04-07,8458
2891,中信金,3,0,3,康和-台南,2023-04-07,8458
1308,亞聚,3,0,3,康和-台南,2023-04-07,8458
1503,士電,4,1,3,康和-台南,2023-04-07,8458
1568,倉佑,3,0,3,康和-台南,2023-04-07,8458
1522,堤維西,3,0,3,康和-台南,2023-04-07,8458
2030,彰源,3,0,3,康和-台南,2023-04-07,8458
3005,神基,4,1,3,康和-台南,2023-04-07,8458
3049,精金,3,0,3,康和-台南,2023-04-07,8458
3360,尚立,3,0,3,康和-台南,2023-04-07,8458
5488,松普,3,0,3,康和-台南,2023-04-07,8458
6156,松上,4,1,3,康和-台南,2023-04-07,8458
2376,技嘉,2,0,2,康和-台南,2023-04-07,8458
1519,華城,24,22,2,康和-台南,2023-04-07,8458
00753L,中信中國50正2,2,0,2,康和-台南,2023-04-07,8458
2528,皇普,2,0,2,康和-台南,2023-04-07,8458
2748,雲品,6,4,2,康和-台南,2023-04-07,8458
6770,力積電,151,1,150,康和-台南,2023-04-10,8458
00878,國泰永續高股息,70,2,68,康和-台南,2023-04-10,8458
0056,元大高股息,56,2,54,康和-台南,2023-04-10,8458
00680L,元大美債20正2,40,0,40,康和-台南,2023-04-10,8458
6244,茂迪,36,0,36,康和-台南,2023-04-10,8458
3715,定穎投控,36,5,31,康和-台南,2023-04-10,8458
2609,陽明,32,4,28,康和-台南,2023-04-10,8458
3290,東浦,25,0,25,康和-台南,2023-04-10,8458
2606,裕民,30,10,20,康和-台南,2023-04-10,8458
4967,十銓,37,17,20,康和-台南,2023-04-10,8458
2371,大同,15,0,15,康和-台南,2023-04-10,8458
2457,飛宏,17,2,15,康和-台南,2023-04-10,8458
1609,大亞,17,2,15,康和-台南,2023-04-10,8458
00679B,元大美債20年,14,0,14,康和-台南,2023-04-10,8458
6139,亞翔,13,1,12,康和-台南,2023-04-10,8458
00713,元大台灣高息低波,11,0,11,康和-台南,2023-04-10,8458
00912,中信臺灣智慧50,11,0,11,康和-台南,2023-04-10,8458
2353,宏��,11,0,11,康和-台南,2023-04-10,8458
1504,東元,38,28,10,康和-台南,2023-04-10,8458
00893,國泰智能電動車,10,0,10,康和-台南,2023-04-10,8458
2359,所羅門,10,0,10,康和-台南,2023-04-10,8458
2534,宏盛,10,0,10,康和-台南,2023-04-10,8458
2617,台航,10,0,10,康和-台南,2023-04-10,8458
2303,聯電,12,3,9,康和-台南,2023-04-10,8458
2634,漢翔,20,12,8,康和-台南,2023-04-10,8458
3162,精確,10,2,8,康和-台南,2023-04-10,8458
3479,安勤,8,0,8,康和-台南,2023-04-10,8458
2317,鴻海,7,0,7,康和-台南,2023-04-10,8458
2484,希華,6,0,6,康和-台南,2023-04-10,8458
1312,國喬,6,0,6,康和-台南,2023-04-10,8458
00885,富邦越南,6,0,6,康和-台南,2023-04-10,8458
1718,中纖,6,0,6,康和-台南,2023-04-10,8458
2108,南帝,6,0,6,康和-台南,2023-04-10,8458
2605,新興,6,0,6,康和-台南,2023-04-10,8458
7402,邑錡,5,0,5,康和-台南,2023-04-10,8458
00671R,富邦NASDAQ反1,5,0,5,康和-台南,2023-04-10,8458
1314,中石化,7,2,5,康和-台南,2023-04-10,8458
1503,士電,12,7,5,康和-台南,2023-04-10,8458
1524,耿鼎,6,1,5,康和-台南,2023-04-10,8458
1540,喬福,5,0,5,康和-台南,2023-04-10,8458
2867,三商壽,5,0,5,康和-台南,2023-04-10,8458
2890,永豐金,4,0,4,康和-台南,2023-04-10,8458
1519,華城,10,6,4,康和-台南,2023-04-10,8458
00907,永豐優息存股,4,0,4,康和-台南,2023-04-10,8458
2313,華通,5,1,4,康和-台南,2023-04-10,8458
2637,慧洋-KY,4,0,4,康和-台南,2023-04-10,8458
3006,晶豪科,4,0,4,康和-台南,2023-04-10,8458
3189,景碩,5,1,4,康和-台南,2023-04-10,8458
3624,光頡,4,0,4,康和-台南,2023-04-10,8458
3652,精聯,4,0,4,康和-台南,2023-04-10,8458
00665L,富邦�琤肭磪囓�2,120,0,120,康和-台南,2023-04-11,8458
6570,維田,35,0,35,康和-台南,2023-04-11,8458
00655L,國泰中國A50正2,30,0,30,康和-台南,2023-04-11,8458
2606,裕民,60,30,30,康和-台南,2023-04-11,8458
2367,燿華,25,0,25,康和-台南,2023-04-11,8458
6148,驊宏資,24,0,24,康和-台南,2023-04-11,8458
1514,亞力,32,9,23,康和-台南,2023-04-11,8458
8936,國統,20,0,20,康和-台南,2023-04-11,8458
1736,喬山,18,0,18,康和-台南,2023-04-11,8458
4967,十銓,49,31,18,康和-台南,2023-04-11,8458
6216,居易,15,0,15,康和-台南,2023-04-11,8458
1503,士電,16,3,13,康和-台南,2023-04-11,8458
2303,聯電,17,5,12,康和-台南,2023-04-11,8458
2402,毅嘉,14,3,11,康和-台南,2023-04-11,8458
2208,台船,11,0,11,康和-台南,2023-04-11,8458
00680L,元大美債20正2,10,0,10,康和-台南,2023-04-11,8458
00757,統一FANG+,10,0,10,康和-台南,2023-04-11,8458
00753L,中信中國50正2,10,0,10,康和-台南,2023-04-11,8458
2107,厚生,10,0,10,康和-台南,2023-04-11,8458
2302,麗正,10,0,10,康和-台南,2023-04-11,8458
2450,神腦,10,0,10,康和-台南,2023-04-11,8458
3479,安勤,11,1,10,康和-台南,2023-04-11,8458
4950,牧東,10,0,10,康和-台南,2023-04-11,8458
6418,詠昇,11,1,10,康和-台南,2023-04-11,8458
1605,華新,11,2,9,康和-台南,2023-04-11,8458
3162,精確,9,0,9,康和-台南,2023-04-11,8458
6123,上奇,9,0,9,康和-台南,2023-04-11,8458
00885,富邦越南,8,0,8,康和-台南,2023-04-11,8458
00850,元大臺灣ESG永續,8,0,8,康和-台南,2023-04-11,8458
5902,德記,8,0,8,康和-台南,2023-04-11,8458
2317,鴻海,7,0,7,康和-台南,2023-04-11,8458
1504,東元,55,48,7,康和-台南,2023-04-11,8458
2413,環科,13,6,7,康和-台南,2023-04-11,8458
1709,和益,6,0,6,康和-台南,2023-04-11,8458
3231,緯創,10,4,6,康和-台南,2023-04-11,8458
0056,元大高股息,6,1,5,康和-台南,2023-04-11,8458
1457,宜進,5,0,5,康和-台南,2023-04-11,8458
00751B,元大AAA至A公司債,5,0,5,康和-台南,2023-04-11,8458
020029,元大ESG高股息N,5,0,5,康和-台南,2023-04-11,8458
1528,恩德,5,0,5,康和-台南,2023-04-11,8458
1612,宏泰,5,0,5,康和-台南,2023-04-11,8458
2312,金寶,5,0,5,康和-台南,2023-04-11,8458
2323,中環,5,0,5,康和-台南,2023-04-11,8458
2382,廣達,9,4,5,康和-台南,2023-04-11,8458
2610,華航,5,0,5,康和-台南,2023-04-11,8458
2915,潤泰全,5,0,5,康和-台南,2023-04-11,8458
3290,東浦,5,0,5,康和-台南,2023-04-11,8458
4126,太醫,5,0,5,康和-台南,2023-04-11,8458
5263,智崴,5,0,5,康和-台南,2023-04-11,8458
5425,台半,7,2,5,康和-台南,2023-04-11,8458
2834,臺企銀,502,0,502,康和-台南,2023-04-12,8458
2888,新光金,100,0,100,康和-台南,2023-04-12,8458
5608,四維航,238,178,60,康和-台南,2023-04-12,8458
1810,和成,60,10,50,康和-台南,2023-04-12,8458
2208,台船,38,8,30,康和-台南,2023-04-12,8458
00878,國泰永續高股息,29,3,26,康和-台南,2023-04-12,8458
4967,十銓,29,4,25,康和-台南,2023-04-12,8458
3491,昇達科,23,0,23,康和-台南,2023-04-12,8458
1101,台泥,20,0,20,康和-台南,2023-04-12,8458
00632R,元大台灣50反1,20,0,20,康和-台南,2023-04-12,8458
2107,厚生,20,0,20,康和-台南,2023-04-12,8458
6127,九豪,20,0,20,康和-台南,2023-04-12,8458
2883,凱基金,23,3,20,康和-台南,2023-04-12,8458
2457,飛宏,21,2,19,康和-台南,2023-04-12,8458
1609,大亞,129,110,19,康和-台南,2023-04-12,8458
2402,毅嘉,19,1,18,康和-台南,2023-04-12,8458
1605,華新,27,10,17,康和-台南,2023-04-12,8458
2609,陽明,20,3,17,康和-台南,2023-04-12,8458
1504,東元,56,40,16,康和-台南,2023-04-12,8458
2406,國碩,15,0,15,康和-台南,2023-04-12,8458
9907,統一實,15,2,13,康和-台南,2023-04-12,8458
00680L,元大美債20正2,11,0,11,康和-台南,2023-04-12,8458
00688L,國泰20年美債正2,11,0,11,康和-台南,2023-04-12,8458
3105,穩懋,11,0,11,康和-台南,2023-04-12,8458
2330,台積電,11,0,11,康和-台南,2023-04-12,8458
00715L,期街口布蘭特正2,10,0,10,康和-台南,2023-04-12,8458
00687B,國泰20年美債,10,0,10,康和-台南,2023-04-12,8458
00671R,富邦NASDAQ反1,10,0,10,康和-台南,2023-04-12,8458
3188,鑫龍騰,10,0,10,康和-台南,2023-04-12,8458
3363,上詮,19,9,10,康和-台南,2023-04-12,8458
4906,正文,10,0,10,康和-台南,2023-04-12,8458
6733,博晟生醫,10,0,10,康和-台南,2023-04-12,8458
6806,森崴能源,22,14,8,康和-台南,2023-04-12,8458
5512,力麒,8,0,8,康和-台南,2023-04-12,8458
00902,中信電池及儲能,9,2,7,康和-台南,2023-04-12,8458
2201,裕隆,10,3,7,康和-台南,2023-04-12,8458
1312,國喬,11,5,6,康和-台南,2023-04-12,8458
00753L,中信中國50正2,6,0,6,康和-台南,2023-04-12,8458
00637L,元大滬深300正2,6,0,6,康和-台南,2023-04-12,8458
2027,大成鋼,11,5,6,康和-台南,2023-04-12,8458
2867,三商壽,6,0,6,康和-台南,2023-04-12,8458
5328,華容,9,3,6,康和-台南,2023-04-12,8458
6485,點序,21,15,6,康和-台南,2023-04-12,8458
8112,至上,6,0,6,康和-台南,2023-04-12,8458
0056,元大高股息,5,0,5,康和-台南,2023-04-12,8458
2812,台中銀,5,0,5,康和-台南,2023-04-12,8458
1313,聯成,5,0,5,康和-台南,2023-04-12,8458
1108,幸福,5,0,5,康和-台南,2023-04-12,8458
00679B,元大美債20年,5,0,5,康和-台南,2023-04-12,8458
3147,大綜,5,0,5,康和-台南,2023-04-12,8458
1316,上曜,119,4,115,康和-台南,2023-04-13,8458
2883B,凱基金乙特,100,6,94,康和-台南,2023-04-13,8458
2367,燿華,92,7,85,康和-台南,2023-04-13,8458
4147,中裕,73,3,70,康和-台南,2023-04-13,8458
0056,元大高股息,56,0,56,康和-台南,2023-04-13,8458
2633,台灣高鐵,42,0,42,康和-台南,2023-04-13,8458
1457,宜進,35,0,35,康和-台南,2023-04-13,8458
2601,益航,32,0,32,康和-台南,2023-04-13,8458
00671R,富邦NASDAQ反1,25,0,25,康和-台南,2023-04-13,8458
1906,寶隆,21,0,21,康和-台南,2023-04-13,8458
2342,茂矽,21,0,21,康和-台南,2023-04-13,8458
6163,華電網,22,1,21,康和-台南,2023-04-13,8458
4967,十銓,21,0,21,康和-台南,2023-04-13,8458
2427,三商電,20,0,20,康和-台南,2023-04-13,8458
3499,環天科,22,2,20,康和-台南,2023-04-13,8458
3669,圓展,20,0,20,康和-台南,2023-04-13,8458
2457,飛宏,22,5,17,康和-台南,2023-04-13,8458
6129,普誠,17,0,17,康和-台南,2023-04-13,8458
00922,國泰台灣領袖50,16,0,16,康和-台南,2023-04-13,8458
3231,緯創,20,4,16,康和-台南,2023-04-13,8458
00720B,元大投資級公司債,14,0,14,康和-台南,2023-04-13,8458
3209,全科,17,3,14,康和-台南,2023-04-13,8458
6770,力積電,14,0,14,康和-台南,2023-04-13,8458
2344,華邦電,13,0,13,康和-台南,2023-04-13,8458
3715,定穎投控,15,2,13,康和-台南,2023-04-13,8458
4908,前鼎,24,11,13,康和-台南,2023-04-13,8458
6139,亞翔,14,1,13,康和-台南,2023-04-13,8458
3479,安勤,14,2,12,康和-台南,2023-04-13,8458
2317,鴻海,11,0,11,康和-台南,2023-04-13,8458
00673R,期元大S＆P原油反1,10,0,10,康和-台南,2023-04-13,8458
5351,鈺創,11,1,10,康和-台南,2023-04-13,8458
5425,台半,10,0,10,康和-台南,2023-04-13,8458
5864,致和證,10,0,10,康和-台南,2023-04-13,8458
8201,無敵,10,0,10,康和-台南,2023-04-13,8458
3006,晶豪科,13,4,9,康和-台南,2023-04-13,8458
5309,系統電,9,0,9,康和-台南,2023-04-13,8458
00712,復華富時不動產,8,0,8,康和-台南,2023-04-13,8458
9962,有益,9,1,8,康和-台南,2023-04-13,8458
3625,西勝,8,0,8,康和-台南,2023-04-13,8458
6248,沛波,16,9,7,康和-台南,2023-04-13,8458
1708,東鹼,7,0,7,康和-台南,2023-04-13,8458
2359,所羅門,7,0,7,康和-台南,2023-04-13,8458
6182,合晶,7,0,7,康和-台南,2023-04-13,8458
2330,台積電,7,0,7,康和-台南,2023-04-13,8458
6235,華孚,17,11,6,康和-台南,2023-04-13,8458
00680L,元大美債20正2,6,0,6,康和-台南,2023-04-13,8458
3576,聯合再生,19,13,6,康和-台南,2023-04-13,8458
4934,太極,6,0,6,康和-台南,2023-04-13,8458
6668,中揚光,6,0,6,康和-台南,2023-04-13,8458
8112,至上,6,0,6,康和-台南,2023-04-13,8458
2002,中鋼,56,3,53,康和-台南,2023-04-14,8458
1218,泰山,40,0,40,康和-台南,2023-04-14,8458
1210,大成,31,2,29,康和-台南,2023-04-14,8458
4541,晟田,29,5,24,康和-台南,2023-04-14,8458
2867,三商壽,23,0,23,康和-台南,2023-04-14,8458
1519,華城,66,45,21,康和-台南,2023-04-14,8458
2482,連宇,30,9,21,康和-台南,2023-04-14,8458
3006,晶豪科,22,1,21,康和-台南,2023-04-14,8458
00671R,富邦NASDAQ反1,20,0,20,康和-台南,2023-04-14,8458
1513,中興電,27,7,20,康和-台南,2023-04-14,8458
1108,幸福,20,2,18,康和-台南,2023-04-14,8458
4967,十銓,22,4,18,康和-台南,2023-04-14,8458
6829,千附精密,19,2,17,康和-台南,2023-04-14,8458
6532,瑞耘,15,0,15,康和-台南,2023-04-14,8458
00680L,元大美債20正2,14,0,14,康和-台南,2023-04-14,8458
1517,利奇,14,0,14,康和-台南,2023-04-14,8458
2838A,聯邦銀甲特,14,0,14,康和-台南,2023-04-14,8458
5483,中美晶,14,0,14,康和-台南,2023-04-14,8458
5351,鈺創,12,1,11,康和-台南,2023-04-14,8458
1402,遠東新,10,0,10,康和-台南,2023-04-14,8458
00673R,期元大S＆P原油反1,10,0,10,康和-台南,2023-04-14,8458
8383,千附,16,6,10,康和-台南,2023-04-14,8458
3576,聯合再生,20,11,9,康和-台南,2023-04-14,8458
4550,長佳,9,0,9,康和-台南,2023-04-14,8458
2891,中信金,13,5,8,康和-台南,2023-04-14,8458
3481,群創,19,11,8,康和-台南,2023-04-14,8458
2618,長榮航,11,3,8,康和-台南,2023-04-14,8458
2888,新光金,8,0,8,康和-台南,2023-04-14,8458
00679B,元大美債20年,7,0,7,康和-台南,2023-04-14,8458
6789,采鈺,9,2,7,康和-台南,2023-04-14,8458
6547,高端疫苗,8,1,7,康和-台南,2023-04-14,8458
00720B,元大投資級公司債,6,0,6,康和-台南,2023-04-14,8458
3289,宜特,8,2,6,康和-台南,2023-04-14,8458
6668,中揚光,6,0,6,康和-台南,2023-04-14,8458
00722B,群益投資級電信債,5,0,5,康和-台南,2023-04-14,8458
00751B,元大AAA至A公司債,5,0,5,康和-台南,2023-04-14,8458
00688L,國泰20年美債正2,5,0,5,康和-台南,2023-04-14,8458
1611,中電,5,0,5,康和-台南,2023-04-14,8458
2069,運錩,5,0,5,康和-台南,2023-04-14,8458
2342,茂矽,5,0,5,康和-台南,2023-04-14,8458
2481,強茂,5,0,5,康和-台南,2023-04-14,8458
3540,曜越,5,0,5,康和-台南,2023-04-14,8458
5498,凱崴,5,0,5,康和-台南,2023-04-14,8458
5864,致和證,5,0,5,康和-台南,2023-04-14,8458
6125,廣運,11,6,5,康和-台南,2023-04-14,8458
8070,長華*,5,0,5,康和-台南,2023-04-14,8458
8201,無敵,5,0,5,康和-台南,2023-04-14,8458
8222,寶一,6,1,5,康和-台南,2023-04-14,8458
1785,光洋科,6,1,5,康和-台南,2023-04-14,8458
1216,統一,4,0,4,康和-台南,2023-04-14,8458
00637L,元大滬深300正2,75,1,74,康和-台南,2023-04-17,8458
1210,大成,60,0,60,康和-台南,2023-04-17,8458
2206,三陽工業,64,5,59,康和-台南,2023-04-17,8458
1605,華新,57,5,52,康和-台南,2023-04-17,8458
0056,元大高股息,50,2,48,康和-台南,2023-04-17,8458
2002,中鋼,49,1,48,康和-台南,2023-04-17,8458
4746,台耀,50,4,46,康和-台南,2023-04-17,8458
6285,啟��,32,2,30,康和-台南,2023-04-17,8458
00679B,元大美債20年,28,0,28,康和-台南,2023-04-17,8458
6477,安集,22,0,22,康和-台南,2023-04-17,8458
1503,士電,39,18,21,康和-台南,2023-04-17,8458
3583,辛耘,20,0,20,康和-台南,2023-04-17,8458
8213,志超,20,0,20,康和-台南,2023-04-17,8458
2402,毅嘉,18,2,16,康和-台南,2023-04-17,8458
2208,台船,40,24,16,康和-台南,2023-04-17,8458
00878,國泰永續高股息,12,0,12,康和-台南,2023-04-17,8458
8085,福華,12,0,12,康和-台南,2023-04-17,8458
5009,榮剛,29,17,12,康和-台南,2023-04-17,8458
00680L,元大美債20正2,11,0,11,康和-台南,2023-04-17,8458
00720B,元大投資級公司債,10,0,10,康和-台南,2023-04-17,8458
00882,中信中國高股息,10,0,10,康和-台南,2023-04-17,8458
00715L,期街口布蘭特正2,10,0,10,康和-台南,2023-04-17,8458
00671R,富邦NASDAQ反1,10,0,10,康和-台南,2023-04-17,8458
2399,映泰,10,0,10,康和-台南,2023-04-17,8458
2820,華票,10,0,10,康和-台南,2023-04-17,8458
2882,國泰金,10,0,10,康和-台南,2023-04-17,8458
3499,環天科,11,1,10,康和-台南,2023-04-17,8458
6015,宏遠證,10,0,10,康和-台南,2023-04-17,8458
8103,瀚荃,10,0,10,康和-台南,2023-04-17,8458
1102,亞泥,10,1,9,康和-台南,2023-04-17,8458
2027,大成鋼,9,0,9,康和-台南,2023-04-17,8458
00688L,國泰20年美債正2,8,0,8,康和-台南,2023-04-17,8458
2637,慧洋-KY,10,2,8,康和-台南,2023-04-17,8458
1444,力麗,8,1,7,康和-台南,2023-04-17,8458
1519,華城,25,18,7,康和-台南,2023-04-17,8458
00712,復華富時不動產,6,0,6,康和-台南,2023-04-17,8458
1514,亞力,8,2,6,康和-台南,2023-04-17,8458
2885,元大金,6,0,6,康和-台南,2023-04-17,8458
3706,神達,14,8,6,康和-台南,2023-04-17,8458
3711,日月光投控,6,0,6,康和-台南,2023-04-17,8458
4908,前鼎,6,0,6,康和-台南,2023-04-17,8458
5222,全訊,6,0,6,康和-台南,2023-04-17,8458
5512,力麒,9,3,6,康和-台南,2023-04-17,8458
2020,美亞,5,0,5,康和-台南,2023-04-17,8458
2419,仲琦,5,0,5,康和-台南,2023-04-17,8458
2606,裕民,5,0,5,康和-台南,2023-04-17,8458
2891,中信金,5,0,5,康和-台南,2023-04-17,8458
3163,波若威,5,0,5,康和-台南,2023-04-17,8458
3209,全科,5,0,5,康和-台南,2023-04-17,8458
3447,展達,5,0,5,康和-台南,2023-04-17,8458
00680L,元大美債20正2,483,0,483,康和-台南,2023-04-18,8458
00631L,元大台灣50正2,137,0,137,康和-台南,2023-04-18,8458
2634,漢翔,116,26,90,康和-台南,2023-04-18,8458
5009,榮剛,114,26,88,康和-台南,2023-04-18,8458
00637L,元大滬深300正2,75,5,70,康和-台南,2023-04-18,8458
00720B,元大投資級公司債,60,0,60,康和-台南,2023-04-18,8458
5608,四維航,234,174,60,康和-台南,2023-04-18,8458
1609,大亞,61,2,59,康和-台南,2023-04-18,8458
1416,廣豐,50,0,50,康和-台南,2023-04-18,8458
2606,裕民,42,0,42,康和-台南,2023-04-18,8458
4967,十銓,40,0,40,康和-台南,2023-04-18,8458
6167,久正,36,0,36,康和-台南,2023-04-18,8458
5211,蒙恬,43,10,33,康和-台南,2023-04-18,8458
00679B,元大美債20年,31,0,31,康和-台南,2023-04-18,8458
1210,大成,30,0,30,康和-台南,2023-04-18,8458
6443,元晶,37,8,29,康和-台南,2023-04-18,8458
6288,聯嘉,32,3,29,康和-台南,2023-04-18,8458
2515,中工,29,0,29,康和-台南,2023-04-18,8458
6218,豪勉,30,3,27,康和-台南,2023-04-18,8458
3056,富華新,26,0,26,康和-台南,2023-04-18,8458
3231,緯創,26,4,22,康和-台南,2023-04-18,8458
3499,環天科,22,0,22,康和-台南,2023-04-18,8458
2406,國碩,21,1,20,康和-台南,2023-04-18,8458
8091,翔名,20,0,20,康和-台南,2023-04-18,8458
3479,安勤,17,2,15,康和-台南,2023-04-18,8458
1809,中釉,14,0,14,康和-台南,2023-04-18,8458
2897,王道銀行,14,0,14,康和-台南,2023-04-18,8458
9907,統一實,21,7,14,康和-台南,2023-04-18,8458
1514,亞力,29,17,12,康和-台南,2023-04-18,8458
2468,華經,29,17,12,康和-台南,2023-04-18,8458
2845,遠東銀,12,0,12,康和-台南,2023-04-18,8458
6016,康和證,12,0,12,康和-台南,2023-04-18,8458
6127,九豪,12,0,12,康和-台南,2023-04-18,8458
6290,良維,12,0,12,康和-台南,2023-04-18,8458
00751B,元大AAA至A公司債,11,0,11,康和-台南,2023-04-18,8458
2637,慧洋-KY,11,0,11,康和-台南,2023-04-18,8458
4931,新盛力,12,1,11,康和-台南,2023-04-18,8458
00878,國泰永續高股息,21,11,10,康和-台南,2023-04-18,8458
00888,永豐台灣ESG,10,0,10,康和-台南,2023-04-18,8458
020036,元大金融配息N,10,0,10,康和-台南,2023-04-18,8458
2328,廣宇,10,0,10,康和-台南,2023-04-18,8458
6509,聚和,12,2,10,康和-台南,2023-04-18,8458
2409,友達,14,5,9,康和-台南,2023-04-18,8458
00688L,國泰20年美債正2,9,0,9,康和-台南,2023-04-18,8458
2313,華通,10,1,9,康和-台南,2023-04-18,8458
3624,光頡,15,6,9,康和-台南,2023-04-18,8458
8110,華東,10,1,9,康和-台南,2023-04-18,8458
3046,建��,11,3,8,康和-台南,2023-04-18,8458
3594,磐儀,9,1,8,康和-台南,2023-04-18,8458
3712,永崴投控,8,0,8,康和-台南,2023-04-18,8458
00680L,元大美債20正2,106,0,106,康和-台南,2023-04-19,8458
6770,力積電,97,23,74,康和-台南,2023-04-19,8458
2511,太子,70,0,70,康和-台南,2023-04-19,8458
00631L,元大台灣50正2,63,0,63,康和-台南,2023-04-19,8458
020034,元大IC設計N,50,0,50,康和-台南,2023-04-19,8458
4979,華星光,65,15,50,康和-台南,2023-04-19,8458
2413,環科,47,11,36,康和-台南,2023-04-19,8458
1717,長興,33,0,33,康和-台南,2023-04-19,8458
4908,前鼎,31,0,31,康和-台南,2023-04-19,8458
2606,裕民,60,30,30,康和-台南,2023-04-19,8458
6509,聚和,40,12,28,康和-台南,2023-04-19,8458
3056,富華新,25,0,25,康和-台南,2023-04-19,8458
1810,和成,31,9,22,康和-台南,2023-04-19,8458
2401,凌陽,20,0,20,康和-台南,2023-04-19,8458
4746,台耀,20,0,20,康和-台南,2023-04-19,8458
00679B,元大美債20年,18,0,18,康和-台南,2023-04-19,8458
2344,華邦電,18,0,18,康和-台南,2023-04-19,8458
2367,燿華,33,15,18,康和-台南,2023-04-19,8458
1514,亞力,62,46,16,康和-台南,2023-04-19,8458
2887,台新金,16,0,16,康和-台南,2023-04-19,8458
1444,力麗,12,0,12,康和-台南,2023-04-19,8458
3363,上詮,22,10,12,康和-台南,2023-04-19,8458
1102,亞泥,11,0,11,康和-台南,2023-04-19,8458
2201,裕隆,14,3,11,康和-台南,2023-04-19,8458
2208,台船,17,6,11,康和-台南,2023-04-19,8458
3702,大聯大,20,9,11,康和-台南,2023-04-19,8458
2313,華通,12,2,10,康和-台南,2023-04-19,8458
020037,元大金融高股息N,10,0,10,康和-台南,2023-04-19,8458
1503,士電,17,7,10,康和-台南,2023-04-19,8458
00671R,富邦NASDAQ反1,10,0,10,康和-台南,2023-04-19,8458
1708,東鹼,10,0,10,康和-台南,2023-04-19,8458
2375,凱美,10,0,10,康和-台南,2023-04-19,8458
2867,三商壽,10,0,10,康和-台南,2023-04-19,8458
2886,兆豐金,10,0,10,康和-台南,2023-04-19,8458
3308,聯德,10,0,10,康和-台南,2023-04-19,8458
2303,聯電,11,2,9,康和-台南,2023-04-19,8458
00923,群益台ESG低碳50,9,0,9,康和-台南,2023-04-19,8458
8046,南電,9,0,9,康和-台南,2023-04-19,8458
3481,群創,15,6,9,康和-台南,2023-04-19,8458
8033,雷虎,15,7,8,康和-台南,2023-04-19,8458
0052,富邦科技,8,0,8,康和-台南,2023-04-19,8458
5243,乙盛-KY,11,3,8,康和-台南,2023-04-19,8458
6442,光聖,8,0,8,康和-台南,2023-04-19,8458
5328,華容,7,0,7,康和-台南,2023-04-19,8458
2409,友達,7,0,7,康和-台南,2023-04-19,8458
3673,TPK-KY,10,3,7,康和-台南,2023-04-19,8458
5347,世界,7,0,7,康和-台南,2023-04-19,8458
6116,彩晶,10,3,7,康和-台南,2023-04-19,8458
6285,啟��,11,4,7,康和-台南,2023-04-19,8458
2317,鴻海,9,3,6,康和-台南,2023-04-19,8458
6770,力積電,98,20,78,康和-台南,2023-04-20,8458
1104,環泥,56,0,56,康和-台南,2023-04-20,8458
3576,聯合再生,63,9,54,康和-台南,2023-04-20,8458
3011,今皓,52,0,52,康和-台南,2023-04-20,8458
2002,中鋼,48,0,48,康和-台南,2023-04-20,8458
6109,亞元,45,0,45,康和-台南,2023-04-20,8458
6218,豪勉,44,2,42,康和-台南,2023-04-20,8458
1316,上曜,39,0,39,康和-台南,2023-04-20,8458
00655L,國泰中國A50正2,28,0,28,康和-台南,2023-04-20,8458
6432,今展科,25,0,25,康和-台南,2023-04-20,8458
1609,大亞,25,1,24,康和-台南,2023-04-20,8458
2022,聚亨,24,0,24,康和-台南,2023-04-20,8458
1568,倉佑,23,0,23,康和-台南,2023-04-20,8458
1108,幸福,20,0,20,康和-台南,2023-04-20,8458
1540,喬福,20,0,20,康和-台南,2023-04-20,8458
1524,耿鼎,20,1,19,康和-台南,2023-04-20,8458
9907,統一實,20,2,18,康和-台南,2023-04-20,8458
6134,萬旭,32,15,17,康和-台南,2023-04-20,8458
00878,國泰永續高股息,31,16,15,康和-台南,2023-04-20,8458
2913,農林,21,6,15,康和-台南,2023-04-20,8458
8033,雷虎,17,2,15,康和-台南,2023-04-20,8458
00720B,元大投資級公司債,14,0,14,康和-台南,2023-04-20,8458
8358,金居,13,0,13,康和-台南,2023-04-20,8458
00665L,富邦�琤肭磪囓�2,13,0,13,康和-台南,2023-04-20,8458
2201,裕隆,19,6,13,康和-台南,2023-04-20,8458
3704,合勤控,19,6,13,康和-台南,2023-04-20,8458
1810,和成,71,59,12,康和-台南,2023-04-20,8458
3322,建舜電,12,0,12,康和-台南,2023-04-20,8458
2303,聯電,17,5,12,康和-台南,2023-04-20,8458
00885,富邦越南,10,0,10,康和-台南,2023-04-20,8458
020037,元大金融高股息N,10,0,10,康和-台南,2023-04-20,8458
00632R,元大台灣50反1,10,0,10,康和-台南,2023-04-20,8458
1605,華新,17,7,10,康和-台南,2023-04-20,8458
2020,美亞,10,0,10,康和-台南,2023-04-20,8458
2027,大成鋼,10,0,10,康和-台南,2023-04-20,8458
2883,凱基金,11,1,10,康和-台南,2023-04-20,8458
5533,皇鼎,10,0,10,康和-台南,2023-04-20,8458
6016,康和證,26,16,10,康和-台南,2023-04-20,8458
6139,亞翔,11,1,10,康和-台南,2023-04-20,8458
8215,明基材,11,1,10,康和-台南,2023-04-20,8458
3006,晶豪科,11,2,9,康和-台南,2023-04-20,8458
6026,福邦證,9,0,9,康和-台南,2023-04-20,8458
6547,高端疫苗,11,2,9,康和-台南,2023-04-20,8458
2208,台船,10,2,8,康和-台南,2023-04-20,8458
5371,中光電,8,0,8,康和-台南,2023-04-20,8458
2328,廣宇,10,2,8,康和-台南,2023-04-20,8458
8383,千附,10,2,8,康和-台南,2023-04-20,8458
2457,飛宏,11,4,7,康和-台南,2023-04-20,8458
2609,陽明,10,3,7,康和-台南,2023-04-20,8458
2610,華航,8,1,7,康和-台南,2023-04-20,8458
2888,新光金,343,0,343,康和-台南,2023-04-21,8458
6016,康和證,210,0,210,康和-台南,2023-04-21,8458
00679B,元大美債20年,205,0,205,康和-台南,2023-04-21,8458
2834,臺企銀,100,0,100,康和-台南,2023-04-21,8458
6005,群益證,100,0,100,康和-台南,2023-04-21,8458
1609,大亞,86,11,75,康和-台南,2023-04-21,8458
5608,四維航,210,148,62,康和-台南,2023-04-21,8458
2606,裕民,60,0,60,康和-台南,2023-04-21,8458
1316,上曜,57,0,57,康和-台南,2023-04-21,8458
00878,國泰永續高股息,59,9,50,康和-台南,2023-04-21,8458
1618,合機,60,10,50,康和-台南,2023-04-21,8458
2515,中工,76,30,46,康和-台南,2023-04-21,8458
1906,寶隆,47,7,40,康和-台南,2023-04-21,8458
3011,今皓,40,0,40,康和-台南,2023-04-21,8458
2342,茂矽,36,1,35,康和-台南,2023-04-21,8458
1584,精剛,58,26,32,康和-台南,2023-04-21,8458
1605,華新,33,1,32,康和-台南,2023-04-21,8458
8215,明基材,30,0,30,康和-台南,2023-04-21,8458
00893,國泰智能電動車,29,0,29,康和-台南,2023-04-21,8458
2484,希華,28,0,28,康和-台南,2023-04-21,8458
1568,倉佑,27,0,27,康和-台南,2023-04-21,8458
2882,國泰金,27,1,26,康和-台南,2023-04-21,8458
2303,聯電,28,3,25,康和-台南,2023-04-21,8458
1810,和成,56,31,25,康和-台南,2023-04-21,8458
2419,仲琦,22,0,22,康和-台南,2023-04-21,8458
6190,萬泰科,21,0,21,康和-台南,2023-04-21,8458
1310,台苯,20,0,20,康和-台南,2023-04-21,8458
3702,大聯大,20,0,20,康和-台南,2023-04-21,8458
6578,達邦蛋白,20,0,20,康和-台南,2023-04-21,8458
2375,凱美,16,0,16,康和-台南,2023-04-21,8458
5009,榮剛,16,2,14,康和-台南,2023-04-21,8458
5425,台半,14,0,14,康和-台南,2023-04-21,8458
1319,東陽,12,0,12,康和-台南,2023-04-21,8458
2313,華通,14,2,12,康和-台南,2023-04-21,8458
6733,博晟生醫,22,10,12,康和-台南,2023-04-21,8458
6163,華電網,12,0,12,康和-台南,2023-04-21,8458
2104,國際中橡,11,0,11,康和-台南,2023-04-21,8458
2337,旺宏,12,1,11,康和-台南,2023-04-21,8458
00891,中信關鍵半導體,11,0,11,康和-台南,2023-04-21,8458
2027,大成鋼,10,0,10,康和-台南,2023-04-21,8458
2402,毅嘉,16,6,10,康和-台南,2023-04-21,8458
3290,東浦,10,0,10,康和-台南,2023-04-21,8458
4736,泰博,11,1,10,康和-台南,2023-04-21,8458
4956,光鋐,10,0,10,康和-台南,2023-04-21,8458
5301,寶得利,10,0,10,康和-台南,2023-04-21,8458
5864,致和證,10,0,10,康和-台南,2023-04-21,8458
9907,統一實,10,0,10,康和-台南,2023-04-21,8458
2913,農林,33,23,10,康和-台南,2023-04-21,8458
2382,廣達,9,0,9,康和-台南,2023-04-21,8458
00896,中信綠能及電動車,10,1,9,康和-台南,2023-04-21,8458
00680L,元大美債20正2,101,0,101,康和-台南,2023-04-24,8458
1905,華紙,95,7,88,康和-台南,2023-04-24,8458
2002,中鋼,72,1,71,康和-台南,2023-04-24,8458
3702,大聯大,60,0,60,康和-台南,2023-04-24,8458
1416,廣豐,50,0,50,康和-台南,2023-04-24,8458
2303,聯電,48,10,38,康和-台南,2023-04-24,8458
1312,國喬,43,5,38,康和-台南,2023-04-24,8458
1810,和成,92,65,27,康和-台南,2023-04-24,8458
0056,元大高股息,22,0,22,康和-台南,2023-04-24,8458
6282,康舒,31,9,22,康和-台南,2023-04-24,8458
3665,貿聯-KY,21,0,21,康和-台南,2023-04-24,8458
1522,堤維西,22,4,18,康和-台南,2023-04-24,8458
1529,樂事綠能,37,19,18,康和-台南,2023-04-24,8458
1504,東元,16,0,16,康和-台南,2023-04-24,8458
00720B,元大投資級公司債,15,0,15,康和-台南,2023-04-24,8458
1513,中興電,20,5,15,康和-台南,2023-04-24,8458
6279,胡連,15,0,15,康和-台南,2023-04-24,8458
00772B,中信高評級公司債,10,0,10,康和-台南,2023-04-24,8458
00893,國泰智能電動車,10,0,10,康和-台南,2023-04-24,8458
1308,亞聚,10,0,10,康和-台南,2023-04-24,8458
00636,國泰中國A50,10,0,10,康和-台南,2023-04-24,8458
1568,倉佑,10,0,10,康和-台南,2023-04-24,8458
2409,友達,16,6,10,康和-台南,2023-04-24,8458
2428,興勤,10,0,10,康和-台南,2023-04-24,8458
3712,永崴投控,10,0,10,康和-台南,2023-04-24,8458
2353,宏��,10,0,10,康和-台南,2023-04-24,8458
0050,元大台灣50,9,1,8,康和-台南,2023-04-24,8458
2313,華通,8,0,8,康和-台南,2023-04-24,8458
9907,統一實,10,2,8,康和-台南,2023-04-24,8458
2885,元大金,7,0,7,康和-台南,2023-04-24,8458
2328,廣宇,7,0,7,康和-台南,2023-04-24,8458
2457,飛宏,15,8,7,康和-台南,2023-04-24,8458
1101,台泥,37,30,7,康和-台南,2023-04-24,8458
2317,鴻海,6,0,6,康和-台南,2023-04-24,8458
00878,國泰永續高股息,6,0,6,康和-台南,2023-04-24,8458
00751B,元大AAA至A公司債,6,0,6,康和-台南,2023-04-24,8458
00637L,元大滬深300正2,6,0,6,康和-台南,2023-04-24,8458
00679B,元大美債20年,9,3,6,康和-台南,2023-04-24,8458
1907,永豐餘,9,3,6,康和-台南,2023-04-24,8458
3071,協禧,8,2,6,康和-台南,2023-04-24,8458
2330,台積電,7,1,6,康和-台南,2023-04-24,8458
00671R,富邦NASDAQ反1,5,0,5,康和-台南,2023-04-24,8458
2312,金寶,5,0,5,康和-台南,2023-04-24,8458
2329,華泰,5,0,5,康和-台南,2023-04-24,8458
8046,南電,7,2,5,康和-台南,2023-04-24,8458
8409,商之器,5,0,5,康和-台南,2023-04-24,8458
8033,雷虎,5,0,5,康和-台南,2023-04-24,8458
2344,華邦電,15,10,5,康和-台南,2023-04-24,8458
1514,亞力,42,38,4,康和-台南,2023-04-24,8458
1584,精剛,43,39,4,康和-台南,2023-04-24,8458
2634,漢翔,181,43,138,康和-台南,2023-04-25,8458
6005,群益證,130,30,100,康和-台南,2023-04-25,8458
5608,四維航,91,3,88,康和-台南,2023-04-25,8458
2002,中鋼,73,1,72,康和-台南,2023-04-25,8458
1568,倉佑,64,0,64,康和-台南,2023-04-25,8458
2515,中工,68,5,63,康和-台南,2023-04-25,8458
00631L,元大台灣50正2,51,0,51,康和-台南,2023-04-25,8458
2845,遠東銀,50,0,50,康和-台南,2023-04-25,8458
1316,上曜,49,0,49,康和-台南,2023-04-25,8458
00679B,元大美債20年,35,1,34,康和-台南,2023-04-25,8458
3231,緯創,35,1,34,康和-台南,2023-04-25,8458
2606,裕民,32,0,32,康和-台南,2023-04-25,8458
1609,大亞,32,0,32,康和-台南,2023-04-25,8458
1605,華新,32,2,30,康和-台南,2023-04-25,8458
2359,所羅門,46,16,30,康和-台南,2023-04-25,8458
2888,新光金,30,0,30,康和-台南,2023-04-25,8458
6235,華孚,29,0,29,康和-台南,2023-04-25,8458
1618,合機,30,8,22,康和-台南,2023-04-25,8458
4147,中裕,50,28,22,康和-台南,2023-04-25,8458
2887,台新金,21,0,21,康和-台南,2023-04-25,8458
00878,國泰永續高股息,23,2,21,康和-台南,2023-04-25,8458
1101,台泥,46,26,20,康和-台南,2023-04-25,8458
2303,聯電,31,11,20,康和-台南,2023-04-25,8458
6015,宏遠證,20,0,20,康和-台南,2023-04-25,8458
0056,元大高股息,19,0,19,康和-台南,2023-04-25,8458
2609,陽明,14,0,14,康和-台南,2023-04-25,8458
1611,中電,16,3,13,康和-台南,2023-04-25,8458
1717,長興,10,0,10,康和-台南,2023-04-25,8458
00671R,富邦NASDAQ反1,10,0,10,康和-台南,2023-04-25,8458
1612,宏泰,10,0,10,康和-台南,2023-04-25,8458
2371,大同,10,0,10,康和-台南,2023-04-25,8458
2423,固緯,10,0,10,康和-台南,2023-04-25,8458
4976,佳凌,10,0,10,康和-台南,2023-04-25,8458
5355,佳總,10,0,10,康和-台南,2023-04-25,8458
2630,亞航,10,1,9,康和-台南,2023-04-25,8458
8112,至上,10,1,9,康和-台南,2023-04-25,8458
1210,大成,10,2,8,康和-台南,2023-04-25,8458
2014,中鴻,8,0,8,康和-台南,2023-04-25,8458
2368,金像電,10,2,8,康和-台南,2023-04-25,8458
2444,兆勁,8,0,8,康和-台南,2023-04-25,8458
2498,宏達電,9,1,8,康和-台南,2023-04-25,8458
2880,華南金,10,2,8,康和-台南,2023-04-25,8458
3029,零壹,11,3,8,康和-台南,2023-04-25,8458
3596,智易,8,0,8,康和-台南,2023-04-25,8458
2353,宏��,8,0,8,康和-台南,2023-04-25,8458
6202,盛群,6,0,6,康和-台南,2023-04-25,8458
00922,國泰台灣領袖50,6,0,6,康和-台南,2023-04-25,8458
2323,中環,6,0,6,康和-台南,2023-04-25,8458
2388,威盛,7,1,6,康和-台南,2023-04-25,8458
2409,友達,11,5,6,康和-台南,2023-04-25,8458
00679B,元大美債20年,153,0,153,康和-台南,2023-04-26,8458
6770,力積電,100,0,100,康和-台南,2023-04-26,8458
2606,裕民,80,0,80,康和-台南,2023-04-26,8458
1605,華新,93,15,78,康和-台南,2023-04-26,8458
2002,中鋼,72,0,72,康和-台南,2023-04-26,8458
2027,大成鋼,39,0,39,康和-台南,2023-04-26,8458
3011,今皓,28,0,28,康和-台南,2023-04-26,8458
1316,上曜,21,0,21,康和-台南,2023-04-26,8458
1609,大亞,22,1,21,康和-台南,2023-04-26,8458
1810,和成,59,38,21,康和-台南,2023-04-26,8458
3305,昇貿,20,0,20,康和-台南,2023-04-26,8458
5512,力麒,15,0,15,康和-台南,2023-04-26,8458
6235,華孚,24,9,15,康和-台南,2023-04-26,8458
0050,元大台灣50,14,0,14,康和-台南,2023-04-26,8458
1310,台苯,16,2,14,康和-台南,2023-04-26,8458
3702,大聯大,14,0,14,康和-台南,2023-04-26,8458
1529,樂事綠能,44,32,12,康和-台南,2023-04-26,8458
4979,華星光,13,1,12,康和-台南,2023-04-26,8458
6266,泰詠,15,4,11,康和-台南,2023-04-26,8458
2609,陽明,10,0,10,康和-台南,2023-04-26,8458
9907,統一實,10,0,10,康和-台南,2023-04-26,8458
00676R,富邦臺灣加權反1,10,0,10,康和-台南,2023-04-26,8458
2908,特力,10,0,10,康和-台南,2023-04-26,8458
3356,奇偶,10,0,10,康和-台南,2023-04-26,8458
8050,廣積,9,0,9,康和-台南,2023-04-26,8458
2317,鴻海,9,1,8,康和-台南,2023-04-26,8458
2867,三商壽,8,0,8,康和-台南,2023-04-26,8458
2913,農林,9,1,8,康和-台南,2023-04-26,8458
4967,十銓,9,1,8,康和-台南,2023-04-26,8458
5483,中美晶,8,0,8,康和-台南,2023-04-26,8458
00878,國泰永續高股息,9,2,7,康和-台南,2023-04-26,8458
6163,華電網,19,12,7,康和-台南,2023-04-26,8458
8215,明基材,8,1,7,康和-台南,2023-04-26,8458
00902,中信電池及儲能,6,0,6,康和-台南,2023-04-26,8458
00713,元大台灣高息低波,7,1,6,康和-台南,2023-04-26,8458
4906,正文,6,0,6,康和-台南,2023-04-26,8458
8038,長園科,6,0,6,康和-台南,2023-04-26,8458
00637L,元大滬深300正2,5,0,5,康和-台南,2023-04-26,8458
2444,兆勁,5,0,5,康和-台南,2023-04-26,8458
3231,緯創,13,8,5,康和-台南,2023-04-26,8458
3362,先進光,5,0,5,康和-台南,2023-04-26,8458
6125,廣運,5,0,5,康和-台南,2023-04-26,8458
6418,詠昇,5,0,5,康和-台南,2023-04-26,8458
2337,旺宏,15,10,5,康和-台南,2023-04-26,8458
3035,智原,13,9,4,康和-台南,2023-04-26,8458
6244,茂迪,4,0,4,康和-台南,2023-04-26,8458
00885,富邦越南,9,5,4,康和-台南,2023-04-26,8458
1568,倉佑,4,0,4,康和-台南,2023-04-26,8458
1909,榮成,10,6,4,康和-台南,2023-04-26,8458
2610,華航,4,0,4,康和-台南,2023-04-26,8458
1108,幸福,176,0,176,康和-台南,2023-04-27,8458
5512,力麒,85,0,85,康和-台南,2023-04-27,8458
2634,漢翔,125,65,60,康和-台南,2023-04-27,8458
00712,復華富時不動產,52,0,52,康和-台南,2023-04-27,8458
00715L,期街口布蘭特正2,30,0,30,康和-台南,2023-04-27,8458
2344,華邦電,25,0,25,康和-台南,2023-04-27,8458
2801,彰銀,23,0,23,康和-台南,2023-04-27,8458
1810,和成,37,15,22,康和-台南,2023-04-27,8458
1316,上曜,21,0,21,康和-台南,2023-04-27,8458
4746,台耀,20,0,20,康和-台南,2023-04-27,8458
9907,統一實,20,0,20,康和-台南,2023-04-27,8458
1711,永光,100,84,16,康和-台南,2023-04-27,8458
00632R,元大台灣50反1,15,0,15,康和-台南,2023-04-27,8458
1584,精剛,22,7,15,康和-台南,2023-04-27,8458
3576,聯合再生,13,0,13,康和-台南,2023-04-27,8458
1909,榮成,14,2,12,康和-台南,2023-04-27,8458
2002,中鋼,12,0,12,康和-台南,2023-04-27,8458
2888,新光金,18,6,12,康和-台南,2023-04-27,8458
1522,堤維西,12,1,11,康和-台南,2023-04-27,8458
2471,資通,15,4,11,康和-台南,2023-04-27,8458
2317,鴻海,10,0,10,康和-台南,2023-04-27,8458
8111,立��,10,0,10,康和-台南,2023-04-27,8458
1529,樂事綠能,32,23,9,康和-台南,2023-04-27,8458
2891,中信金,9,0,9,康和-台南,2023-04-27,8458
2330,台積電,10,2,8,康和-台南,2023-04-27,8458
1310,台苯,19,11,8,康和-台南,2023-04-27,8458
2495,普安,10,2,8,康和-台南,2023-04-27,8458
2337,旺宏,10,3,7,康和-台南,2023-04-27,8458
2609,陽明,19,13,6,康和-台南,2023-04-27,8458
00680L,元大美債20正2,6,0,6,康和-台南,2023-04-27,8458
1605,華新,7,1,6,康和-台南,2023-04-27,8458
1905,華紙,16,10,6,康和-台南,2023-04-27,8458
6282,康舒,25,20,5,康和-台南,2023-04-27,8458
2230,泰茂,5,0,5,康和-台南,2023-04-27,8458
2375,凱美,5,0,5,康和-台南,2023-04-27,8458
2883,凱基金,5,0,5,康和-台南,2023-04-27,8458
3711,日月光投控,5,0,5,康和-台南,2023-04-27,8458
3715,定穎投控,15,10,5,康和-台南,2023-04-27,8458
4967,十銓,10,5,5,康和-台南,2023-04-27,8458
6446,藥華藥,7,2,5,康和-台南,2023-04-27,8458
1101,台泥,4,0,4,康和-台南,2023-04-27,8458
00679B,元大美債20年,4,0,4,康和-台南,2023-04-27,8458
2303,聯電,7,3,4,康和-台南,2023-04-27,8458
2409,友達,10,6,4,康和-台南,2023-04-27,8458
2707,晶華,4,0,4,康和-台南,2023-04-27,8458
3027,盛達,4,0,4,康和-台南,2023-04-27,8458
3078,僑威,5,1,4,康和-台南,2023-04-27,8458
6829,千附精密,4,0,4,康和-台南,2023-04-27,8458
0050,元大台灣50,3,0,3,康和-台南,2023-04-27,8458
2603,長榮,4,1,3,康和-台南,2023-04-27,8458
00632R,元大台灣50反1,100,0,100,康和-台南,2023-04-28,8458
2845,遠東銀,100,0,100,康和-台南,2023-04-28,8458
1528,恩德,52,1,51,康和-台南,2023-04-28,8458
2409,友達,43,11,32,康和-台南,2023-04-28,8458
2344,華邦電,36,8,28,康和-台南,2023-04-28,8458
3706,神達,30,5,25,康和-台南,2023-04-28,8458
2801,彰銀,21,0,21,康和-台南,2023-04-28,8458
00715L,期街口布蘭特正2,20,0,20,康和-台南,2023-04-28,8458
00751B,元大AAA至A公司債,20,0,20,康和-台南,2023-04-28,8458
4130,健亞,20,1,19,康和-台南,2023-04-28,8458
6829,千附精密,27,9,18,康和-台南,2023-04-28,8458
2887,台新金,15,0,15,康和-台南,2023-04-28,8458
00720B,元大投資級公司債,15,0,15,康和-台南,2023-04-28,8458
6266,泰詠,21,7,14,康和-台南,2023-04-28,8458
3481,群創,13,0,13,康和-台南,2023-04-28,8458
1584,精剛,36,24,12,康和-台南,2023-04-28,8458
2880,華南金,12,1,11,康和-台南,2023-04-28,8458
8085,福華,10,0,10,康和-台南,2023-04-28,8458
3231,緯創,32,22,10,康和-台南,2023-04-28,8458
2495,普安,10,0,10,康和-台南,2023-04-28,8458
00680L,元大美債20正2,9,0,9,康和-台南,2023-04-28,8458
2453,凌群,11,4,7,康和-台南,2023-04-28,8458
1717,長興,8,2,6,康和-台南,2023-04-28,8458
2618,長榮航,6,0,6,康和-台南,2023-04-28,8458
8222,寶一,25,20,5,康和-台南,2023-04-28,8458
3702,大聯大,5,0,5,康和-台南,2023-04-28,8458
1529,樂事綠能,40,35,5,康和-台南,2023-04-28,8458
1514,亞力,10,5,5,康和-台南,2023-04-28,8458
2206,三陽工業,7,2,5,康和-台南,2023-04-28,8458
2637,慧洋-KY,5,0,5,康和-台南,2023-04-28,8458
3046,建��,7,2,5,康和-台南,2023-04-28,8458
3466,德晉,5,0,5,康和-台南,2023-04-28,8458
00878,國泰永續高股息,4,0,4,康和-台南,2023-04-28,8458
1101,台泥,4,0,4,康和-台南,2023-04-28,8458
00902,中信電池及儲能,4,0,4,康和-台南,2023-04-28,8458
1718,中纖,4,0,4,康和-台南,2023-04-28,8458
1720,生達,7,3,4,康和-台南,2023-04-28,8458
2002,中鋼,7,3,4,康和-台南,2023-04-28,8458
2303,聯電,5,1,4,康和-台南,2023-04-28,8458
2413,環科,4,0,4,康和-台南,2023-04-28,8458
2913,農林,4,0,4,康和-台南,2023-04-28,8458
3035,智原,4,0,4,康和-台南,2023-04-28,8458
3624,光頡,6,2,4,康和-台南,2023-04-28,8458
4961,天鈺,23,19,4,康和-台南,2023-04-28,8458
4967,十銓,7,3,4,康和-台南,2023-04-28,8458
6125,廣運,5,1,4,康和-台南,2023-04-28,8458
6574,霈方,4,0,4,康和-台南,2023-04-28,8458
1737,臺鹽,3,0,3,康和-台南,2023-04-28,8458
2312,金寶,3,0,3,康和-台南,2023-04-28,8458
2327,國巨,4,1,3,康和-台南,2023-04-28,8458
00680L,元大美債20正2,159,0,159,康和-台南,2023-05-02,8458
2892,第一金,64,10,54,康和-台南,2023-05-02,8458
00706L,期元大S＆P日圓正2,50,0,50,康和-台南,2023-05-02,8458
2610,華航,50,3,47,康和-台南,2023-05-02,8458
2603,長榮,43,1,42,康和-台南,2023-05-02,8458
2601,益航,35,0,35,康和-台南,2023-05-02,8458
2606,裕民,137,108,29,康和-台南,2023-05-02,8458
1584,精剛,30,3,27,康和-台南,2023-05-02,8458
00751B,元大AAA至A公司債,26,0,26,康和-台南,2023-05-02,8458
3702,大聯大,37,12,25,康和-台南,2023-05-02,8458
00679B,元大美債20年,22,0,22,康和-台南,2023-05-02,8458
5009,榮剛,23,1,22,康和-台南,2023-05-02,8458
2881,富邦金,21,1,20,康和-台南,2023-05-02,8458
00720B,元大投資級公司債,20,0,20,康和-台南,2023-05-02,8458
1513,中興電,35,15,20,康和-台南,2023-05-02,8458
1810,和成,20,0,20,康和-台南,2023-05-02,8458
2344,華邦電,40,23,17,康和-台南,2023-05-02,8458
4541,晟田,23,7,16,康和-台南,2023-05-02,8458
00878,國泰永續高股息,15,0,15,康和-台南,2023-05-02,8458
2367,燿華,15,0,15,康和-台南,2023-05-02,8458
1101,台泥,35,20,15,康和-台南,2023-05-02,8458
1314,中石化,11,0,11,康和-台南,2023-05-02,8458
3032,偉訓,19,8,11,康和-台南,2023-05-02,8458
3711,日月光投控,10,0,10,康和-台南,2023-05-02,8458
2801,彰銀,10,0,10,康和-台南,2023-05-02,8458
4908,前鼎,20,10,10,康和-台南,2023-05-02,8458
6282,康舒,12,2,10,康和-台南,2023-05-02,8458
3363,上詮,10,1,9,康和-台南,2023-05-02,8458
4121,優盛,24,15,9,康和-台南,2023-05-02,8458
2609,陽明,16,8,8,康和-台南,2023-05-02,8458
3202,樺晟,8,0,8,康和-台南,2023-05-02,8458
00688L,國泰20年美債正2,7,0,7,康和-台南,2023-05-02,8458
4127,天良,7,0,7,康和-台南,2023-05-02,8458
6140,訊達,8,1,7,康和-台南,2023-05-02,8458
3033,威健,6,0,6,康和-台南,2023-05-02,8458
1312,國喬,5,0,5,康和-台南,2023-05-02,8458
1612,宏泰,5,0,5,康和-台南,2023-05-02,8458
2243,宏旭-KY,5,0,5,康和-台南,2023-05-02,8458
2449,京元電子,5,0,5,康和-台南,2023-05-02,8458
2484,希華,5,0,5,康和-台南,2023-05-02,8458
3715,定穎投控,8,3,5,康和-台南,2023-05-02,8458
4168,醣聯,5,0,5,康和-台南,2023-05-02,8458
6125,廣運,10,5,5,康和-台南,2023-05-02,8458
6271,同欣電,5,0,5,康和-台南,2023-05-02,8458
7402,邑錡,8,4,4,康和-台南,2023-05-02,8458
6190,萬泰科,5,1,4,康和-台南,2023-05-02,8458
6715,嘉基,4,0,4,康和-台南,2023-05-02,8458
8182,加高,4,0,4,康和-台南,2023-05-02,8458
9105,泰金寶-DR,4,0,4,康和-台南,2023-05-02,8458
006208,富邦台50,3,0,3,康和-台南,2023-05-02,8458
00795B,中信美國公債20年,400,0,400,康和-台南,2023-05-03,8458
00631L,元大台灣50正2,100,0,100,康和-台南,2023-05-03,8458
2845,遠東銀,100,0,100,康和-台南,2023-05-03,8458
5608,四維航,96,0,96,康和-台南,2023-05-03,8458
00878,國泰永續高股息,57,2,55,康和-台南,2023-05-03,8458
00715L,期街口布蘭特正2,37,0,37,康和-台南,2023-05-03,8458
00893,國泰智能電動車,20,0,20,康和-台南,2023-05-03,8458
2344,華邦電,37,17,20,康和-台南,2023-05-03,8458
5009,榮剛,27,8,19,康和-台南,2023-05-03,8458
1514,亞力,29,11,18,康和-台南,2023-05-03,8458
2634,漢翔,33,16,17,康和-台南,2023-05-03,8458
2892,第一金,17,0,17,康和-台南,2023-05-03,8458
4541,晟田,24,9,15,康和-台南,2023-05-03,8458
2603,長榮,17,3,14,康和-台南,2023-05-03,8458
1711,永光,13,0,13,康和-台南,2023-05-03,8458
00665L,富邦�琤肭磪囓�2,12,0,12,康和-台南,2023-05-03,8458
1795,美時,11,0,11,康和-台南,2023-05-03,8458
3231,緯創,13,2,11,康和-台南,2023-05-03,8458
1310,台苯,10,0,10,康和-台南,2023-05-03,8458
00650L,復華香港正2,10,0,10,康和-台南,2023-05-03,8458
1603,華電,10,0,10,康和-台南,2023-05-03,8458
2342,茂矽,10,0,10,康和-台南,2023-05-03,8458
3052,夆典,10,0,10,康和-台南,2023-05-03,8458
3362,先進光,10,0,10,康和-台南,2023-05-03,8458
1101,台泥,12,3,9,康和-台南,2023-05-03,8458
6282,康舒,19,10,9,康和-台南,2023-05-03,8458
8093,保銳,9,0,9,康和-台南,2023-05-03,8458
2206,三陽工業,11,3,8,康和-台南,2023-05-03,8458
2002,中鋼,7,0,7,康和-台南,2023-05-03,8458
00712,復華富時不動產,7,0,7,康和-台南,2023-05-03,8458
3004,豐達科,8,1,7,康和-台南,2023-05-03,8458
8105,凌巨,7,0,7,康和-台南,2023-05-03,8458
3715,定穎投控,8,1,7,康和-台南,2023-05-03,8458
1513,中興電,34,27,7,康和-台南,2023-05-03,8458
2615,萬海,6,0,6,康和-台南,2023-05-03,8458
2609,陽明,7,1,6,康和-台南,2023-05-03,8458
2610,華航,7,1,6,康和-台南,2023-05-03,8458
4915,致伸,10,4,6,康和-台南,2023-05-03,8458
5465,富驊,6,0,6,康和-台南,2023-05-03,8458
00642U,期元大S＆P石油,5,0,5,康和-台南,2023-05-03,8458
1905,華紙,9,4,5,康和-台南,2023-05-03,8458
2352,佳世達,10,5,5,康和-台南,2023-05-03,8458
3206,志豐,6,1,5,康和-台南,2023-05-03,8458
3264,欣銓,5,0,5,康和-台南,2023-05-03,8458
3607,谷崧,5,0,5,康和-台南,2023-05-03,8458
4173,久裕,5,0,5,康和-台南,2023-05-03,8458
5512,力麒,5,0,5,康和-台南,2023-05-03,8458
6548,長科*,5,0,5,康和-台南,2023-05-03,8458
1444,力麗,4,0,4,康和-台南,2023-05-03,8458
2201,裕隆,4,0,4,康和-台南,2023-05-03,8458
00679B,元大美債20年,78,0,78,康和-台南,2023-05-04,8458
00715L,期街口布蘭特正2,56,0,56,康和-台南,2023-05-04,8458
00878,國泰永續高股息,44,0,44,康和-台南,2023-05-04,8458
4979,華星光,41,0,41,康和-台南,2023-05-04,8458
4121,優盛,43,5,38,康和-台南,2023-05-04,8458
6548,長科*,28,0,28,康和-台南,2023-05-04,8458
2402,毅嘉,23,2,21,康和-台南,2023-05-04,8458
3481,群創,22,1,21,康和-台南,2023-05-04,8458
2409,友達,25,5,20,康和-台南,2023-05-04,8458
1514,亞力,36,19,17,康和-台南,2023-05-04,8458
4968,立積,16,1,15,康和-台南,2023-05-04,8458
4743,合一,13,0,13,康和-台南,2023-05-04,8458
4919,新唐,13,0,13,康和-台南,2023-05-04,8458
1711,永光,15,2,13,康和-台南,2023-05-04,8458
2618,長榮航,13,0,13,康和-台南,2023-05-04,8458
4541,晟田,21,9,12,康和-台南,2023-05-04,8458
3207,耀勝,12,0,12,康和-台南,2023-05-04,8458
8069,元太,15,3,12,康和-台南,2023-05-04,8458
1802,台玻,11,0,11,康和-台南,2023-05-04,8458
2609,陽明,12,1,11,康和-台南,2023-05-04,8458
4908,前鼎,11,0,11,康和-台南,2023-05-04,8458
4108,懷特,11,0,11,康和-台南,2023-05-04,8458
1314,中石化,10,0,10,康和-台南,2023-05-04,8458
1104,環泥,10,0,10,康和-台南,2023-05-04,8458
00690,兆豐藍籌30,10,0,10,康和-台南,2023-05-04,8458
3025,星通,11,1,10,康和-台南,2023-05-04,8458
4977,眾達-KY,10,0,10,康和-台南,2023-05-04,8458
9907,統一實,10,0,10,康和-台南,2023-05-04,8458
3149,正達,9,0,9,康和-台南,2023-05-04,8458
3202,樺晟,23,15,8,康和-台南,2023-05-04,8458
2353,宏��,8,0,8,康和-台南,2023-05-04,8458
8085,福華,8,1,7,康和-台南,2023-05-04,8458
9941,裕融,7,0,7,康和-台南,2023-05-04,8458
8222,寶一,8,2,6,康和-台南,2023-05-04,8458
00642U,期元大S＆P石油,6,0,6,康和-台南,2023-05-04,8458
2462,良得電,6,0,6,康和-台南,2023-05-04,8458
4942,嘉彰,6,0,6,康和-台南,2023-05-04,8458
1447,力鵬,5,0,5,康和-台南,2023-05-04,8458
1717,長興,5,0,5,康和-台南,2023-05-04,8458
1905,華紙,9,4,5,康和-台南,2023-05-04,8458
2472,立隆電,5,0,5,康和-台南,2023-05-04,8458
2485,兆赫,7,2,5,康和-台南,2023-05-04,8458
3290,東浦,5,0,5,康和-台南,2023-05-04,8458
3673,TPK-KY,7,2,5,康和-台南,2023-05-04,8458
5309,系統電,6,1,5,康和-台南,2023-05-04,8458
6129,普誠,8,3,5,康和-台南,2023-05-04,8458
6167,久正,6,1,5,康和-台南,2023-05-04,8458
6668,中揚光,5,0,5,康和-台南,2023-05-04,8458
1727,中華化,4,0,4,康和-台南,2023-05-04,8458
2855,統一證,4,0,4,康和-台南,2023-05-04,8458
2606,裕民,122,50,72,康和-台南,2023-05-05,8458
2002,中鋼,65,2,63,康和-台南,2023-05-05,8458
6016,康和證,60,0,60,康和-台南,2023-05-05,8458
1504,東元,66,23,43,康和-台南,2023-05-05,8458
2353,宏��,45,6,39,康和-台南,2023-05-05,8458
6005,群益證,37,1,36,康和-台南,2023-05-05,8458
00878,國泰永續高股息,40,5,35,康和-台南,2023-05-05,8458
4916,事欣科,31,0,31,康和-台南,2023-05-05,8458
00751B,元大AAA至A公司債,30,0,30,康和-台南,2023-05-05,8458
0056,元大高股息,30,1,29,康和-台南,2023-05-05,8458
1609,大亞,56,31,25,康和-台南,2023-05-05,8458
2913,農林,25,1,24,康和-台南,2023-05-05,8458
00720B,元大投資級公司債,20,0,20,康和-台南,2023-05-05,8458
6244,茂迪,18,1,17,康和-台南,2023-05-05,8458
00786B,元大10年IG銀行債,15,0,15,康和-台南,2023-05-05,8458
4108,懷特,15,0,15,康和-台南,2023-05-05,8458
5009,榮剛,17,3,14,康和-台南,2023-05-05,8458
1529,樂事綠能,15,2,13,康和-台南,2023-05-05,8458
3702,大聯大,12,0,12,康和-台南,2023-05-05,8458
1338,廣華-KY,10,0,10,康和-台南,2023-05-05,8458
4121,優盛,11,1,10,康和-台南,2023-05-05,8458
5464,霖宏,10,0,10,康和-台南,2023-05-05,8458
8463,潤泰材,10,0,10,康和-台南,2023-05-05,8458
3706,神達,14,5,9,康和-台南,2023-05-05,8458
4123,晟德,10,1,9,康和-台南,2023-05-05,8458
8215,明基材,9,0,9,康和-台南,2023-05-05,8458
8403,盛弘,11,2,9,康和-台南,2023-05-05,8458
2352,佳世達,8,0,8,康和-台南,2023-05-05,8458
2208,台船,10,2,8,康和-台南,2023-05-05,8458
3444,利機,8,0,8,康和-台南,2023-05-05,8458
8085,福華,9,1,8,康和-台南,2023-05-05,8458
00772B,中信高評級公司債,7,0,7,康和-台南,2023-05-05,8458
00893,國泰智能電動車,7,0,7,康和-台南,2023-05-05,8458
1905,華紙,13,6,7,康和-台南,2023-05-05,8458
2105,正新,6,0,6,康和-台南,2023-05-05,8458
3356,奇偶,12,6,6,康和-台南,2023-05-05,8458
6282,康舒,7,1,6,康和-台南,2023-05-05,8458
6556,勝品,6,0,6,康和-台南,2023-05-05,8458
6129,普誠,6,1,5,康和-台南,2023-05-05,8458
1312,國喬,5,0,5,康和-台南,2023-05-05,8458
00715L,期街口布蘭特正2,15,10,5,康和-台南,2023-05-05,8458
2885,元大金,5,0,5,康和-台南,2023-05-05,8458
3576,聯合再生,15,10,5,康和-台南,2023-05-05,8458
6456,GIS-KY,5,0,5,康和-台南,2023-05-05,8458
6570,維田,5,0,5,康和-台南,2023-05-05,8458
4161,聿新科,5,0,5,康和-台南,2023-05-05,8458
1709,和益,4,0,4,康和-台南,2023-05-05,8458
2886,兆豐金,4,0,4,康和-台南,2023-05-05,8458
3308,聯德,4,0,4,康和-台南,2023-05-05,8458
3324,雙鴻,4,0,4,康和-台南,2023-05-05,8458
1605,華新,174,5,169,康和-台南,2023-05-08,8458
00680L,元大美債20正2,150,0,150,康和-台南,2023-05-08,8458
2409,友達,130,30,100,康和-台南,2023-05-08,8458
5608,四維航,93,7,86,康和-台南,2023-05-08,8458
2845,遠東銀,80,0,80,康和-台南,2023-05-08,8458
3702,大聯大,80,0,80,康和-台南,2023-05-08,8458
00751B,元大AAA至A公司債,61,0,61,康和-台南,2023-05-08,8458
4746,台耀,60,0,60,康和-台南,2023-05-08,8458
1612,宏泰,60,1,59,康和-台南,2023-05-08,8458
00720B,元大投資級公司債,50,0,50,康和-台南,2023-05-08,8458
2634,漢翔,71,23,48,康和-台南,2023-05-08,8458
3149,正達,20,0,20,康和-台南,2023-05-08,8458
9955,佳龍,20,0,20,康和-台南,2023-05-08,8458
00900,富邦特選高股息30,21,2,19,康和-台南,2023-05-08,8458
1227,佳格,18,0,18,康和-台南,2023-05-08,8458
3535,晶彩科,18,0,18,康和-台南,2023-05-08,8458
6125,廣運,17,0,17,康和-台南,2023-05-08,8458
4967,十銓,17,2,15,康和-台南,2023-05-08,8458
8085,福華,29,15,14,康和-台南,2023-05-08,8458
2887,台新金,24,11,13,康和-台南,2023-05-08,8458
1504,東元,74,63,11,康和-台南,2023-05-08,8458
1506,正道,10,0,10,康和-台南,2023-05-08,8458
1219,福壽,10,0,10,康和-台南,2023-05-08,8458
1714,和桐,10,0,10,康和-台南,2023-05-08,8458
4911,德英,10,0,10,康和-台南,2023-05-08,8458
2367,燿華,10,1,9,康和-台南,2023-05-08,8458
3078,僑威,9,0,9,康和-台南,2023-05-08,8458
2609,陽明,8,0,8,康和-台南,2023-05-08,8458
1340,勝悅-KY,8,0,8,康和-台南,2023-05-08,8458
1444,力麗,8,0,8,康和-台南,2023-05-08,8458
2303,聯電,11,3,8,康和-台南,2023-05-08,8458
3532,台勝科,8,0,8,康和-台南,2023-05-08,8458
8390,金益鼎,8,0,8,康和-台南,2023-05-08,8458
3624,光頡,7,0,7,康和-台南,2023-05-08,8458
4919,新唐,12,5,7,康和-台南,2023-05-08,8458
1513,中興電,16,10,6,康和-台南,2023-05-08,8458
2208,台船,6,0,6,康和-台南,2023-05-08,8458
2329,華泰,6,0,6,康和-台南,2023-05-08,8458
4909,新復興,6,0,6,康和-台南,2023-05-08,8458
5469,瀚宇博,6,0,6,康和-台南,2023-05-08,8458
8091,翔名,7,1,6,康和-台南,2023-05-08,8458
6446,藥華藥,8,3,5,康和-台南,2023-05-08,8458
00786B,元大10年IG銀行債,5,0,5,康和-台南,2023-05-08,8458
1909,榮成,5,0,5,康和-台南,2023-05-08,8458
2027,大成鋼,5,0,5,康和-台南,2023-05-08,8458
2105,正新,5,0,5,康和-台南,2023-05-08,8458
2476,鉅祥,5,0,5,康和-台南,2023-05-08,8458
2913,農林,5,0,5,康和-台南,2023-05-08,8458
3576,聯合再生,15,10,5,康和-台南,2023-05-08,8458
4108,懷特,5,0,5,康和-台南,2023-05-08,8458
00680L,元大美債20正2,317,0,317,康和-台南,2023-05-09,8458
00795B,中信美國公債20年,87,0,87,康和-台南,2023-05-09,8458
1108,幸福,80,0,80,康和-台南,2023-05-09,8458
3702,大聯大,80,0,80,康和-台南,2023-05-09,8458
2887,台新金,53,0,53,康和-台南,2023-05-09,8458
6016,康和證,50,0,50,康和-台南,2023-05-09,8458
6244,茂迪,45,5,40,康和-台南,2023-05-09,8458
00751B,元大AAA至A公司債,36,1,35,康和-台南,2023-05-09,8458
1711,永光,53,20,33,康和-台南,2023-05-09,8458
00720B,元大投資級公司債,30,0,30,康和-台南,2023-05-09,8458
6005,群益證,25,0,25,康和-台南,2023-05-09,8458
6570,維田,25,3,22,康和-台南,2023-05-09,8458
8085,福華,22,0,22,康和-台南,2023-05-09,8458
2457,飛宏,22,4,18,康和-台南,2023-05-09,8458
3149,正達,20,2,18,康和-台南,2023-05-09,8458
1504,東元,47,30,17,康和-台南,2023-05-09,8458
2913,農林,17,0,17,康和-台南,2023-05-09,8458
5864,致和證,17,0,17,康和-台南,2023-05-09,8458
1710,東聯,16,1,15,康和-台南,2023-05-09,8458
2421,建準,20,5,15,康和-台南,2023-05-09,8458
00773B,中信優先金融債,14,0,14,康和-台南,2023-05-09,8458
1905,華紙,26,12,14,康和-台南,2023-05-09,8458
4108,懷特,13,0,13,康和-台南,2023-05-09,8458
1605,華新,12,0,12,康和-台南,2023-05-09,8458
2344,華邦電,12,0,12,康和-台南,2023-05-09,8458
1506,正道,10,0,10,康和-台南,2023-05-09,8458
1568,倉佑,10,0,10,康和-台南,2023-05-09,8458
2367,燿華,10,0,10,康和-台南,2023-05-09,8458
2618,長榮航,20,10,10,康和-台南,2023-05-09,8458
2832,台產,10,0,10,康和-台南,2023-05-09,8458
8284,三竹,10,0,10,康和-台南,2023-05-09,8458
1101,台泥,10,1,9,康和-台南,2023-05-09,8458
00679B,元大美債20年,9,0,9,康和-台南,2023-05-09,8458
6791,虎門科技,9,0,9,康和-台南,2023-05-09,8458
2834,臺企銀,8,0,8,康和-台南,2023-05-09,8458
4967,十銓,10,2,8,康和-台南,2023-05-09,8458
8093,保銳,8,0,8,康和-台南,2023-05-09,8458
6443,元晶,10,3,7,康和-台南,2023-05-09,8458
6472,保瑞,8,1,7,康和-台南,2023-05-09,8458
4919,新唐,8,2,6,康和-台南,2023-05-09,8458
1340,勝悅-KY,8,2,6,康和-台南,2023-05-09,8458
1314,中石化,6,0,6,康和-台南,2023-05-09,8458
3419,譁裕,6,0,6,康和-台南,2023-05-09,8458
8390,金益鼎,6,0,6,康和-台南,2023-05-09,8458
6547,高端疫苗,5,0,5,康和-台南,2023-05-09,8458
00857B,永豐20年美公債,5,0,5,康和-台南,2023-05-09,8458
00688L,國泰20年美債正2,5,0,5,康和-台南,2023-05-09,8458
00923,群益台ESG低碳50,5,0,5,康和-台南,2023-05-09,8458
1734,杏輝,6,1,5,康和-台南,2023-05-09,8458
2017,官田鋼,5,0,5,康和-台南,2023-05-09,8458
00680L,元大美債20正2,515,0,515,康和-台南,2023-05-10,8458
8033,雷虎,343,2,341,康和-台南,2023-05-10,8458
3231,緯創,82,1,81,康和-台南,2023-05-10,8458
00631L,元大台灣50正2,80,0,80,康和-台南,2023-05-10,8458
2421,建準,57,2,55,康和-台南,2023-05-10,8458
1609,大亞,63,21,42,康和-台南,2023-05-10,8458
00650L,復華香港正2,38,0,38,康和-台南,2023-05-10,8458
00715L,期街口布蘭特正2,40,5,35,康和-台南,2023-05-10,8458
6829,千附精密,31,0,31,康和-台南,2023-05-10,8458
2845,遠東銀,30,0,30,康和-台南,2023-05-10,8458
5515,建國,30,0,30,康和-台南,2023-05-10,8458
9955,佳龍,35,5,30,康和-台南,2023-05-10,8458
6111,大宇資,30,1,29,康和-台南,2023-05-10,8458
1514,亞力,32,5,27,康和-台南,2023-05-10,8458
00665L,富邦�琤肭磪囓�2,26,0,26,康和-台南,2023-05-10,8458
3013,晟銘電,20,0,20,康和-台南,2023-05-10,8458
4108,懷特,20,0,20,康和-台南,2023-05-10,8458
8085,福華,50,32,18,康和-台南,2023-05-10,8458
3576,聯合再生,17,0,17,康和-台南,2023-05-10,8458
1810,和成,20,4,16,康和-台南,2023-05-10,8458
00878,國泰永續高股息,15,0,15,康和-台南,2023-05-10,8458
4142,國光生,13,0,13,康和-台南,2023-05-10,8458
0056,元大高股息,13,1,12,康和-台南,2023-05-10,8458
3046,建��,50,39,11,康和-台南,2023-05-10,8458
1314,中石化,11,0,11,康和-台南,2023-05-10,8458
00655L,國泰中國A50正2,11,0,11,康和-台南,2023-05-10,8458
00751B,元大AAA至A公司債,10,0,10,康和-台南,2023-05-10,8458
00720B,元大投資級公司債,10,0,10,康和-台南,2023-05-10,8458
2107,厚生,10,0,10,康和-台南,2023-05-10,8458
2367,燿華,10,0,10,康和-台南,2023-05-10,8458
2427,三商電,10,0,10,康和-台南,2023-05-10,8458
1504,東元,20,11,9,康和-台南,2023-05-10,8458
1340,勝悅-KY,8,0,8,康和-台南,2023-05-10,8458
2368,金像電,8,0,8,康和-台南,2023-05-10,8458
2504,國產,8,0,8,康和-台南,2023-05-10,8458
6770,力積電,8,0,8,康和-台南,2023-05-10,8458
1727,中華化,7,0,7,康和-台南,2023-05-10,8458
6154,順發,7,0,7,康和-台南,2023-05-10,8458
2887,台新金,7,0,7,康和-台南,2023-05-10,8458
00687B,國泰20年美債,6,0,6,康和-台南,2023-05-10,8458
2404,漢唐,8,2,6,康和-台南,2023-05-10,8458
4721,美琪瑪,6,0,6,康和-台南,2023-05-10,8458
2891,中信金,6,0,6,康和-台南,2023-05-10,8458
1402,遠東新,5,0,5,康和-台南,2023-05-10,8458
1605,華新,7,2,5,康和-台南,2023-05-10,8458
2355,敬鵬,5,0,5,康和-台南,2023-05-10,8458
2441,超豐,5,0,5,康和-台南,2023-05-10,8458
2885,元大金,5,0,5,康和-台南,2023-05-10,8458
3548,兆利,5,0,5,康和-台南,2023-05-10,8458
4161,聿新科,5,0,5,康和-台南,2023-05-10,8458
1108,幸福,62,2,60,康和-台南,2023-05-11,8458
3481,群創,52,5,47,康和-台南,2023-05-11,8458
1522,堤維西,46,0,46,康和-台南,2023-05-11,8458
1316,上曜,40,0,40,康和-台南,2023-05-11,8458
00878,國泰永續高股息,39,0,39,康和-台南,2023-05-11,8458
8085,福華,46,15,31,康和-台南,2023-05-11,8458
2104,國際中橡,29,0,29,康和-台南,2023-05-11,8458
1609,大亞,49,26,23,康和-台南,2023-05-11,8458
9907,統一實,22,0,22,康和-台南,2023-05-11,8458
1440,南紡,22,0,22,康和-台南,2023-05-11,8458
3231,緯創,30,10,20,康和-台南,2023-05-11,8458
2485,兆赫,15,0,15,康和-台南,2023-05-11,8458
4908,前鼎,23,8,15,康和-台南,2023-05-11,8458
1101,台泥,14,1,13,康和-台南,2023-05-11,8458
2206,三陽工業,16,3,13,康和-台南,2023-05-11,8458
2610,華航,13,0,13,康和-台南,2023-05-11,8458
0056,元大高股息,13,0,13,康和-台南,2023-05-11,8458
1444,力麗,16,4,12,康和-台南,2023-05-11,8458
5009,榮剛,13,1,12,康和-台南,2023-05-11,8458
3322,建舜電,11,0,11,康和-台南,2023-05-11,8458
4911,德英,11,0,11,康和-台南,2023-05-11,8458
1513,中興電,36,26,10,康和-台南,2023-05-11,8458
1307,三芳,10,0,10,康和-台南,2023-05-11,8458
1460,宏遠,10,0,10,康和-台南,2023-05-11,8458
1802,台玻,10,0,10,康和-台南,2023-05-11,8458
2832,台產,10,0,10,康和-台南,2023-05-11,8458
3026,禾伸堂,10,0,10,康和-台南,2023-05-11,8458
4958,臻鼎-KY,10,0,10,康和-台南,2023-05-11,8458
6741,91APP*-KY,10,0,10,康和-台南,2023-05-11,8458
6548,長科*,9,0,9,康和-台南,2023-05-11,8458
6285,啟��,8,0,8,康和-台南,2023-05-11,8458
1340,勝悅-KY,8,0,8,康和-台南,2023-05-11,8458
2538,基泰,8,0,8,康和-台南,2023-05-11,8458
2106,建大,7,0,7,康和-台南,2023-05-11,8458
2337,旺宏,7,0,7,康和-台南,2023-05-11,8458
5498,凱崴,13,6,7,康和-台南,2023-05-11,8458
1314,中石化,7,0,7,康和-台南,2023-05-11,8458
2609,陽明,9,3,6,康和-台南,2023-05-11,8458
1717,長興,6,0,6,康和-台南,2023-05-11,8458
5309,系統電,6,0,6,康和-台南,2023-05-11,8458
5464,霖宏,9,3,6,康和-台南,2023-05-11,8458
8905,裕國,6,0,6,康和-台南,2023-05-11,8458
1605,華新,8,3,5,康和-台南,2023-05-11,8458
1752,南光,5,0,5,康和-台南,2023-05-11,8458
1795,美時,12,7,5,康和-台南,2023-05-11,8458
2017,官田鋼,5,0,5,康和-台南,2023-05-11,8458
2201,裕隆,6,1,5,康和-台南,2023-05-11,8458
2836,高雄銀,5,0,5,康和-台南,2023-05-11,8458
2897,王道銀行,5,0,5,康和-台南,2023-05-11,8458
3363,上詮,6,1,5,康和-台南,2023-05-11,8458
2888,新光金,870,0,870,康和-台南,2023-05-12,8458
3715,定穎投控,112,16,96,康和-台南,2023-05-12,8458
2002,中鋼,61,0,61,康和-台南,2023-05-12,8458
00878,國泰永續高股息,48,1,47,康和-台南,2023-05-12,8458
3702,大聯大,60,20,40,康和-台南,2023-05-12,8458
2883,凱基金,39,0,39,康和-台南,2023-05-12,8458
3078,僑威,39,18,21,康和-台南,2023-05-12,8458
1101,台泥,20,2,18,康和-台南,2023-05-12,8458
3576,聯合再生,18,0,18,康和-台南,2023-05-12,8458
8085,福華,27,9,18,康和-台南,2023-05-12,8458
2317,鴻海,17,0,17,康和-台南,2023-05-12,8458
00637L,元大滬深300正2,16,0,16,康和-台南,2023-05-12,8458
6202,盛群,15,0,15,康和-台南,2023-05-12,8458
4108,懷特,14,0,14,康和-台南,2023-05-12,8458
4953,緯軟,14,0,14,康和-台南,2023-05-12,8458
00902,中信電池及儲能,12,0,12,康和-台南,2023-05-12,8458
1108,幸福,12,0,12,康和-台南,2023-05-12,8458
00715L,期街口布蘭特正2,12,0,12,康和-台南,2023-05-12,8458
00713,元大台灣高息低波,11,0,11,康和-台南,2023-05-12,8458
2913,農林,11,0,11,康和-台南,2023-05-12,8458
2890,永豐金,10,0,10,康和-台南,2023-05-12,8458
2885,元大金,10,0,10,康和-台南,2023-05-12,8458
1519,華城,21,11,10,康和-台南,2023-05-12,8458
1506,正道,10,0,10,康和-台南,2023-05-12,8458
2104,國際中橡,10,0,10,康和-台南,2023-05-12,8458
2107,厚生,10,0,10,康和-台南,2023-05-12,8458
2409,友達,20,10,10,康和-台南,2023-05-12,8458
2882,國泰金,10,0,10,康和-台南,2023-05-12,8458
9907,統一實,9,0,9,康和-台南,2023-05-12,8458
6218,豪勉,21,12,9,康和-台南,2023-05-12,8458
3481,群創,28,20,8,康和-台南,2023-05-12,8458
1314,中石化,8,0,8,康和-台南,2023-05-12,8458
1504,東元,19,11,8,康和-台南,2023-05-12,8458
6806,森崴能源,6,0,6,康和-台南,2023-05-12,8458
6570,維田,15,10,5,康和-台南,2023-05-12,8458
5388,中磊,5,0,5,康和-台南,2023-05-12,8458
1447,力鵬,5,0,5,康和-台南,2023-05-12,8458
1609,大亞,46,41,5,康和-台南,2023-05-12,8458
2610,華航,5,0,5,康和-台南,2023-05-12,8458
4938,和碩,5,0,5,康和-台南,2023-05-12,8458
6112,邁達特,17,12,5,康和-台南,2023-05-12,8458
6125,廣運,6,1,5,康和-台南,2023-05-12,8458
6283,淳安,5,0,5,康和-台南,2023-05-12,8458
2303,聯電,5,0,5,康和-台南,2023-05-12,8458
4114,健喬,4,0,4,康和-台南,2023-05-12,8458
2352,佳世達,4,0,4,康和-台南,2023-05-12,8458
2634,漢翔,30,26,4,康和-台南,2023-05-12,8458
6111,大宇資,4,0,4,康和-台南,2023-05-12,8458
4743,合一,5,2,3,康和-台南,2023-05-12,8458
1514,亞力,8,5,3,康和-台南,2023-05-12,8458
00680L,元大美債20正2,358,0,358,康和-台南,2023-05-15,8458
00878,國泰永續高股息,77,5,72,康和-台南,2023-05-15,8458
3702,大聯大,60,0,60,康和-台南,2023-05-15,8458
2515,中工,35,1,34,康和-台南,2023-05-15,8458
2606,裕民,31,0,31,康和-台南,2023-05-15,8458
2881,富邦金,30,1,29,康和-台南,2023-05-15,8458
6767,台微醫,27,0,27,康和-台南,2023-05-15,8458
1460,宏遠,25,0,25,康和-台南,2023-05-15,8458
00751B,元大AAA至A公司債,24,0,24,康和-台南,2023-05-15,8458
3202,樺晟,34,12,22,康和-台南,2023-05-15,8458
00715L,期街口布蘭特正2,50,30,20,康和-台南,2023-05-15,8458
2731,雄獅,21,1,20,康和-台南,2023-05-15,8458
3005,神基,21,1,20,康和-台南,2023-05-15,8458
8085,福華,24,4,20,康和-台南,2023-05-15,8458
2634,漢翔,26,7,19,康和-台南,2023-05-15,8458
00720B,元大投資級公司債,18,0,18,康和-台南,2023-05-15,8458
2317,鴻海,17,0,17,康和-台南,2023-05-15,8458
2356,英業達,26,10,16,康和-台南,2023-05-15,8458
5355,佳總,16,0,16,康和-台南,2023-05-15,8458
2303,聯電,14,0,14,康和-台南,2023-05-15,8458
2406,國碩,13,0,13,康和-台南,2023-05-15,8458
2344,華邦電,30,18,12,康和-台南,2023-05-15,8458
2601,益航,12,0,12,康和-台南,2023-05-15,8458
4953,緯軟,12,0,12,康和-台南,2023-05-15,8458
5258,虹堡,13,2,11,康和-台南,2023-05-15,8458
5706,鳳凰,11,1,10,康和-台南,2023-05-15,8458
6218,豪勉,11,2,9,康和-台南,2023-05-15,8458
8069,元太,10,1,9,康和-台南,2023-05-15,8458
4303,信立,8,0,8,康和-台南,2023-05-15,8458
9907,統一實,9,1,8,康和-台南,2023-05-15,8458
2331,精英,7,0,7,康和-台南,2023-05-15,8458
2618,長榮航,17,10,7,康和-台南,2023-05-15,8458
4123,晟德,9,2,7,康和-台南,2023-05-15,8458
5009,榮剛,7,0,7,康和-台南,2023-05-15,8458
5521,工信,7,0,7,康和-台南,2023-05-15,8458
2883,凱基金,11,5,6,康和-台南,2023-05-15,8458
00772B,中信高評級公司債,6,0,6,康和-台南,2023-05-15,8458
00637L,元大滬深300正2,6,0,6,康和-台南,2023-05-15,8458
1535,中宇,6,0,6,康和-台南,2023-05-15,8458
6111,大宇資,8,2,6,康和-台南,2023-05-15,8458
6112,邁達特,7,1,6,康和-台南,2023-05-15,8458
3231,緯創,10,5,5,康和-台南,2023-05-15,8458
00679B,元大美債20年,6,1,5,康和-台南,2023-05-15,8458
2353,宏��,5,0,5,康和-台南,2023-05-15,8458
2354,鴻準,5,0,5,康和-台南,2023-05-15,8458
6230,尼得科超眾,5,0,5,康和-台南,2023-05-15,8458
00687B,國泰20年美債,5,1,4,康和-台南,2023-05-15,8458
2542,興富發,4,0,4,康和-台南,2023-05-15,8458
3594,磐儀,4,0,4,康和-台南,2023-05-15,8458
8942,森鉅,4,0,4,康和-台南,2023-05-15,8458
00680L,元大美債20正2,493,1,492,康和-台南,2023-05-16,8458
00878,國泰永續高股息,175,4,171,康和-台南,2023-05-16,8458
00673R,期元大S＆P原油反1,100,0,100,康和-台南,2023-05-16,8458
2845,遠東銀,51,0,51,康和-台南,2023-05-16,8458
1711,永光,37,4,33,康和-台南,2023-05-16,8458
00720B,元大投資級公司債,32,0,32,康和-台南,2023-05-16,8458
6767,台微醫,32,0,32,康和-台南,2023-05-16,8458
00751B,元大AAA至A公司債,22,0,22,康和-台南,2023-05-16,8458
00756B,群益投等新興公債,20,0,20,康和-台南,2023-05-16,8458
8085,福華,22,2,20,康和-台南,2023-05-16,8458
5328,華容,16,0,16,康和-台南,2023-05-16,8458
1503,士電,17,2,15,康和-台南,2023-05-16,8458
3078,僑威,17,2,15,康和-台南,2023-05-16,8458
2603,長榮,12,0,12,康和-台南,2023-05-16,8458
00637L,元大滬深300正2,20,8,12,康和-台南,2023-05-16,8458
2313,華通,10,0,10,康和-台南,2023-05-16,8458
00847B,中信美國市政債,10,0,10,康和-台南,2023-05-16,8458
1529,樂事綠能,12,2,10,康和-台南,2023-05-16,8458
1802,台玻,20,10,10,康和-台南,2023-05-16,8458
3576,聯合再生,10,0,10,康和-台南,2023-05-16,8458
3706,神達,10,0,10,康和-台南,2023-05-16,8458
5425,台半,10,0,10,康和-台南,2023-05-16,8458
1504,東元,14,5,9,康和-台南,2023-05-16,8458
00679B,元大美債20年,9,0,9,康和-台南,2023-05-16,8458
1721,三晃,19,10,9,康和-台南,2023-05-16,8458
4173,久裕,10,1,9,康和-台南,2023-05-16,8458
6154,順發,9,0,9,康和-台南,2023-05-16,8458
2888,新光金,8,0,8,康和-台南,2023-05-16,8458
8046,南電,11,3,8,康和-台南,2023-05-16,8458
00772B,中信高評級公司債,7,0,7,康和-台南,2023-05-16,8458
3308,聯德,8,1,7,康和-台南,2023-05-16,8458
6185,幃翔,7,0,7,康和-台南,2023-05-16,8458
2444,兆勁,6,0,6,康和-台南,2023-05-16,8458
6548,長科*,6,0,6,康和-台南,2023-05-16,8458
6570,維田,10,4,6,康和-台南,2023-05-16,8458
00676R,富邦臺灣加權反1,5,0,5,康和-台南,2023-05-16,8458
2630,亞航,5,0,5,康和-台南,2023-05-16,8458
2913,農林,5,0,5,康和-台南,2023-05-16,8458
4566,時碩工業,5,0,5,康和-台南,2023-05-16,8458
4967,十銓,17,12,5,康和-台南,2023-05-16,8458
6216,居易,5,0,5,康和-台南,2023-05-16,8458
1104,環泥,4,0,4,康和-台南,2023-05-16,8458
1301,台塑,5,1,4,康和-台南,2023-05-16,8458
2323,中環,7,3,4,康和-台南,2023-05-16,8458
3682,亞太電,4,0,4,康和-台南,2023-05-16,8458
4979,華星光,4,0,4,康和-台南,2023-05-16,8458
6712,長聖,4,0,4,康和-台南,2023-05-16,8458
8182,加高,4,0,4,康和-台南,2023-05-16,8458
00885,富邦越南,3,0,3,康和-台南,2023-05-16,8458
1108,幸福,3,0,3,康和-台南,2023-05-16,8458
00680L,元大美債20正2,815,0,815,康和-台南,2023-05-17,8458
00679B,元大美債20年,108,5,103,康和-台南,2023-05-17,8458
5009,榮剛,102,4,98,康和-台南,2023-05-17,8458
00715L,期街口布蘭特正2,60,0,60,康和-台南,2023-05-17,8458
6829,千附精密,57,2,55,康和-台南,2023-05-17,8458
00632R,元大台灣50反1,30,0,30,康和-台南,2023-05-17,8458
8085,福華,55,29,26,康和-台南,2023-05-17,8458
00878,國泰永續高股息,23,0,23,康和-台南,2023-05-17,8458
1316,上曜,20,0,20,康和-台南,2023-05-17,8458
2731,雄獅,20,0,20,康和-台南,2023-05-17,8458
2301,光寶科,20,1,19,康和-台南,2023-05-17,8458
00885,富邦越南,18,0,18,康和-台南,2023-05-17,8458
6122,擎邦,17,0,17,康和-台南,2023-05-17,8458
3694,海華,15,0,15,康和-台南,2023-05-17,8458
3715,定穎投控,16,2,14,康和-台南,2023-05-17,8458
00690,兆豐藍籌30,11,0,11,康和-台南,2023-05-17,8458
1605,華新,11,0,11,康和-台南,2023-05-17,8458
1608,華榮,11,0,11,康和-台南,2023-05-17,8458
6767,台微醫,11,0,11,康和-台南,2023-05-17,8458
3419,譁裕,10,0,10,康和-台南,2023-05-17,8458
3483,力致,10,0,10,康和-台南,2023-05-17,8458
3479,安勤,11,2,9,康和-台南,2023-05-17,8458
4746,台耀,10,1,9,康和-台南,2023-05-17,8458
1104,環泥,11,3,8,康和-台南,2023-05-17,8458
1101,台泥,11,3,8,康和-台南,2023-05-17,8458
2323,中環,8,0,8,康和-台南,2023-05-17,8458
4108,懷特,8,0,8,康和-台南,2023-05-17,8458
00751B,元大AAA至A公司債,7,0,7,康和-台南,2023-05-17,8458
2482,連宇,19,12,7,康和-台南,2023-05-17,8458
2515,中工,7,0,7,康和-台南,2023-05-17,8458
3022,威強電,12,5,7,康和-台南,2023-05-17,8458
3078,僑威,21,14,7,康和-台南,2023-05-17,8458
00688L,國泰20年美債正2,6,0,6,康和-台南,2023-05-17,8458
2734,易飛網,7,1,6,康和-台南,2023-05-17,8458
6154,順發,6,0,6,康和-台南,2023-05-17,8458
8942,森鉅,6,0,6,康和-台南,2023-05-17,8458
8069,元太,21,15,6,康和-台南,2023-05-17,8458
00857B,永豐20年美公債,5,0,5,康和-台南,2023-05-17,8458
1609,大亞,30,25,5,康和-台南,2023-05-17,8458
1711,永光,5,0,5,康和-台南,2023-05-17,8458
3046,建��,11,6,5,康和-台南,2023-05-17,8458
8048,德勝,5,0,5,康和-台南,2023-05-17,8458
8390,金益鼎,6,1,5,康和-台南,2023-05-17,8458
2034,允強,4,0,4,康和-台南,2023-05-17,8458
2603,長榮,4,0,4,康和-台南,2023-05-17,8458
2867,三商壽,4,0,4,康和-台南,2023-05-17,8458
3438,類比科,4,0,4,康和-台南,2023-05-17,8458
3706,神達,15,11,4,康和-台南,2023-05-17,8458
6111,大宇資,4,0,4,康和-台南,2023-05-17,8458
1905,華紙,6,3,3,康和-台南,2023-05-17,8458
3535,晶彩科,52,0,52,康和-台南,2023-05-18,8458
00632R,元大台灣50反1,41,0,41,康和-台南,2023-05-18,8458
8076,伍豐,42,8,34,康和-台南,2023-05-18,8458
0050,元大台灣50,29,1,28,康和-台南,2023-05-18,8458
00690,兆豐藍籌30,23,0,23,康和-台南,2023-05-18,8458
2609,陽明,30,7,23,康和-台南,2023-05-18,8458
1711,永光,20,0,20,康和-台南,2023-05-18,8458
3576,聯合再生,20,0,20,康和-台南,2023-05-18,8458
6266,泰詠,18,0,18,康和-台南,2023-05-18,8458
1514,亞力,41,27,14,康和-台南,2023-05-18,8458
6154,順發,13,0,13,康和-台南,2023-05-18,8458
1752,南光,13,1,12,康和-台南,2023-05-18,8458
5009,榮剛,22,10,12,康和-台南,2023-05-18,8458
00751B,元大AAA至A公司債,11,0,11,康和-台南,2023-05-18,8458
1810,和成,13,2,11,康和-台南,2023-05-18,8458
00680L,元大美債20正2,10,0,10,康和-台南,2023-05-18,8458
6285,啟��,10,0,10,康和-台南,2023-05-18,8458
00687B,國泰20年美債,10,0,10,康和-台南,2023-05-18,8458
3694,海華,10,0,10,康和-台南,2023-05-18,8458
8069,元太,21,11,10,康和-台南,2023-05-18,8458
8926,台汽電,10,0,10,康和-台南,2023-05-18,8458
1714,和桐,10,1,9,康和-台南,2023-05-18,8458
6282,康舒,13,4,9,康和-台南,2023-05-18,8458
1340,勝悅-KY,8,0,8,康和-台南,2023-05-18,8458
2633,台灣高鐵,7,0,7,康和-台南,2023-05-18,8458
9921,巨大,7,0,7,康和-台南,2023-05-18,8458
00720B,元大投資級公司債,6,0,6,康和-台南,2023-05-18,8458
1101,台泥,16,10,6,康和-台南,2023-05-18,8458
1584,精剛,8,2,6,康和-台南,2023-05-18,8458
2404,漢唐,6,0,6,康和-台南,2023-05-18,8458
5521,工信,6,0,6,康和-台南,2023-05-18,8458
6140,訊達,7,1,6,康和-台南,2023-05-18,8458
6548,長科*,6,0,6,康和-台南,2023-05-18,8458
1529,樂事綠能,13,7,6,康和-台南,2023-05-18,8458
5511,德昌,6,0,6,康和-台南,2023-05-18,8458
2884,玉山金,8,3,5,康和-台南,2023-05-18,8458
1301,台塑,5,0,5,康和-台南,2023-05-18,8458
3704,合勤控,9,4,5,康和-台南,2023-05-18,8458
4973,廣穎,11,6,5,康和-台南,2023-05-18,8458
6125,廣運,5,0,5,康和-台南,2023-05-18,8458
6485,點序,5,0,5,康和-台南,2023-05-18,8458
2105,正新,5,0,5,康和-台南,2023-05-18,8458
2887,台新金,4,0,4,康和-台南,2023-05-18,8458
00688L,國泰20年美債正2,4,0,4,康和-台南,2023-05-18,8458
1513,中興電,18,14,4,康和-台南,2023-05-18,8458
1762,中化生,4,0,4,康和-台南,2023-05-18,8458
2204,中華,4,0,4,康和-台南,2023-05-18,8458
8011,台通,4,0,4,康和-台南,2023-05-18,8458
8042,金山電,4,0,4,康和-台南,2023-05-18,8458
8085,福華,38,34,4,康和-台南,2023-05-18,8458
00680L,元大美債20正2,1020,0,1020,康和-台南,2023-05-19,8458
1711,永光,134,41,93,康和-台南,2023-05-19,8458
5009,榮剛,68,3,65,康和-台南,2023-05-19,8458
2371,大同,61,0,61,康和-台南,2023-05-19,8458
2002,中鋼,60,2,58,康和-台南,2023-05-19,8458
3058,立德,30,0,30,康和-台南,2023-05-19,8458
2363,矽統,28,0,28,康和-台南,2023-05-19,8458
00751B,元大AAA至A公司債,26,0,26,康和-台南,2023-05-19,8458
00632R,元大台灣50反1,25,0,25,康和-台南,2023-05-19,8458
2610,華航,43,20,23,康和-台南,2023-05-19,8458
4916,事欣科,20,0,20,康和-台南,2023-05-19,8458
00713,元大台灣高息低波,20,1,19,康和-台南,2023-05-19,8458
00688L,國泰20年美債正2,19,0,19,康和-台南,2023-05-19,8458
6191,精成科,20,1,19,康和-台南,2023-05-19,8458
00687B,國泰20年美債,17,0,17,康和-台南,2023-05-19,8458
00885,富邦越南,16,0,16,康和-台南,2023-05-19,8458
6767,台微醫,16,0,16,康和-台南,2023-05-19,8458
8085,福華,22,7,15,康和-台南,2023-05-19,8458
2345,智邦,13,0,13,康和-台南,2023-05-19,8458
3006,晶豪科,21,8,13,康和-台南,2023-05-19,8458
1605,華新,16,4,12,康和-台南,2023-05-19,8458
00773B,中信優先金融債,12,0,12,康和-台南,2023-05-19,8458
2421,建準,23,11,12,康和-台南,2023-05-19,8458
8996,高力,12,0,12,康和-台南,2023-05-19,8458
2317,鴻海,11,0,11,康和-台南,2023-05-19,8458
00720B,元大投資級公司債,10,0,10,康和-台南,2023-05-19,8458
00898,國泰基因免疫革命,10,0,10,康和-台南,2023-05-19,8458
00676R,富邦臺灣加權反1,10,0,10,康和-台南,2023-05-19,8458
1522,堤維西,10,0,10,康和-台南,2023-05-19,8458
1618,合機,10,0,10,康和-台南,2023-05-19,8458
5483,中美晶,10,0,10,康和-台南,2023-05-19,8458
6216,居易,10,0,10,康和-台南,2023-05-19,8458
9943,好樂迪,10,0,10,康和-台南,2023-05-19,8458
00679B,元大美債20年,11,2,9,康和-台南,2023-05-19,8458
3419,譁裕,10,1,9,康和-台南,2023-05-19,8458
1529,樂事綠能,8,0,8,康和-台南,2023-05-19,8458
2038,海光,8,0,8,康和-台南,2023-05-19,8458
2834,臺企銀,9,2,7,康和-台南,2023-05-19,8458
1101,台泥,9,2,7,康和-台南,2023-05-19,8458
5258,虹堡,10,3,7,康和-台南,2023-05-19,8458
1504,東元,74,67,7,康和-台南,2023-05-19,8458
6472,保瑞,6,0,6,康和-台南,2023-05-19,8458
2471,資通,8,2,6,康和-台南,2023-05-19,8458
2734,易飛網,6,0,6,康和-台南,2023-05-19,8458
6548,長科*,6,0,6,康和-台南,2023-05-19,8458
3029,零壹,18,13,5,康和-台南,2023-05-19,8458
00916,國泰全球品牌50,5,0,5,康和-台南,2023-05-19,8458
00637L,元大滬深300正2,26,21,5,康和-台南,2023-05-19,8458
00857B,永豐20年美公債,5,0,5,康和-台南,2023-05-19,8458
1503,士電,11,6,5,康和-台南,2023-05-19,8458
00680L,元大美債20正2,506,0,506,康和-台南,2023-05-22,8458
00795B,中信美國公債20年,100,0,100,康和-台南,2023-05-22,8458
2634,漢翔,104,32,72,康和-台南,2023-05-22,8458
3231,緯創,65,19,46,康和-台南,2023-05-22,8458
2484,希華,40,0,40,康和-台南,2023-05-22,8458
2303,聯電,32,2,30,康和-台南,2023-05-22,8458
2832,台產,28,0,28,康和-台南,2023-05-22,8458
00772B,中信高評級公司債,22,0,22,康和-台南,2023-05-22,8458
2399,映泰,32,11,21,康和-台南,2023-05-22,8458
8069,元太,21,0,21,康和-台南,2023-05-22,8458
3576,聯合再生,20,0,20,康和-台南,2023-05-22,8458
8076,伍豐,20,2,18,康和-台南,2023-05-22,8458
3419,譁裕,17,1,16,康和-台南,2023-05-22,8458
3653,健策,15,0,15,康和-台南,2023-05-22,8458
6213,聯茂,15,0,15,康和-台南,2023-05-22,8458
00687B,國泰20年美債,14,0,14,康和-台南,2023-05-22,8458
00773B,中信優先金融債,13,0,13,康和-台南,2023-05-22,8458
00751B,元大AAA至A公司債,13,0,13,康和-台南,2023-05-22,8458
3706,神達,16,3,13,康和-台南,2023-05-22,8458
00713,元大台灣高息低波,11,0,11,康和-台南,2023-05-22,8458
1314,中石化,10,0,10,康和-台南,2023-05-22,8458
1905,華紙,14,4,10,康和-台南,2023-05-22,8458
00632R,元大台灣50反1,10,0,10,康和-台南,2023-05-22,8458
1219,福壽,10,0,10,康和-台南,2023-05-22,8458
2382,廣達,14,5,9,康和-台南,2023-05-22,8458
2888,新光金,25,16,9,康和-台南,2023-05-22,8458
3481,群創,21,13,8,康和-台南,2023-05-22,8458
8201,無敵,8,0,8,康和-台南,2023-05-22,8458
1101,台泥,13,5,8,康和-台南,2023-05-22,8458
1605,華新,9,2,7,康和-台南,2023-05-22,8458
2371,大同,7,0,7,康和-台南,2023-05-22,8458
00679B,元大美債20年,13,7,6,康和-台南,2023-05-22,8458
2344,華邦電,13,7,6,康和-台南,2023-05-22,8458
3005,神基,7,1,6,康和-台南,2023-05-22,8458
3046,建��,7,1,6,康和-台南,2023-05-22,8458
6191,精成科,6,0,6,康和-台南,2023-05-22,8458
6767,台微醫,6,0,6,康和-台南,2023-05-22,8458
00891,中信關鍵半導體,6,0,6,康和-台南,2023-05-22,8458
2323,中環,15,9,6,康和-台南,2023-05-22,8458
00761B,國泰A級公司債,5,0,5,康和-台南,2023-05-22,8458
2401,凌陽,5,0,5,康和-台南,2023-05-22,8458
2913,農林,5,0,5,康和-台南,2023-05-22,8458
3015,全漢,5,0,5,康和-台南,2023-05-22,8458
6486,互動,5,0,5,康和-台南,2023-05-22,8458
6668,中揚光,5,0,5,康和-台南,2023-05-22,8458
8240,華宏,5,0,5,康和-台南,2023-05-22,8458
1513,中興電,33,29,4,康和-台南,2023-05-22,8458
00688L,國泰20年美債正2,4,0,4,康和-台南,2023-05-22,8458
3592,瑞鼎,4,0,4,康和-台南,2023-05-22,8458
4908,前鼎,4,0,4,康和-台南,2023-05-22,8458
2888,新光金,387,19,368,康和-台南,2023-05-23,8458
00680L,元大美債20正2,319,0,319,康和-台南,2023-05-23,8458
2606,裕民,90,0,90,康和-台南,2023-05-23,8458
5388,中磊,66,0,66,康和-台南,2023-05-23,8458
2634,漢翔,58,6,52,康和-台南,2023-05-23,8458
2371,大同,50,1,49,康和-台南,2023-05-23,8458
1326,台化,42,0,42,康和-台南,2023-05-23,8458
1308,亞聚,40,0,40,康和-台南,2023-05-23,8458
2913,農林,45,13,32,康和-台南,2023-05-23,8458
3706,神達,25,0,25,康和-台南,2023-05-23,8458
2618,長榮航,73,50,23,康和-台南,2023-05-23,8458
1513,中興電,44,25,19,康和-台南,2023-05-23,8458
3558,神準,17,1,16,康和-台南,2023-05-23,8458
3481,群創,16,0,16,康和-台南,2023-05-23,8458
00715L,期街口布蘭特正2,20,5,15,康和-台南,2023-05-23,8458
4123,晟德,18,3,15,康和-台南,2023-05-23,8458
00878,國泰永續高股息,16,3,13,康和-台南,2023-05-23,8458
8234,新漢,12,0,12,康和-台南,2023-05-23,8458
2353,宏��,16,5,11,康和-台南,2023-05-23,8458
00688L,國泰20年美債正2,10,0,10,康和-台南,2023-05-23,8458
2701,萬企,10,0,10,康和-台南,2023-05-23,8458
8201,無敵,10,0,10,康和-台南,2023-05-23,8458
2442,新美齊,12,3,9,康和-台南,2023-05-23,8458
2609,陽明,10,1,9,康和-台南,2023-05-23,8458
3454,晶睿,10,1,9,康和-台南,2023-05-23,8458
6767,台微醫,9,0,9,康和-台南,2023-05-23,8458
3078,僑威,10,2,8,康和-台南,2023-05-23,8458
3419,譁裕,8,0,8,康和-台南,2023-05-23,8458
3591,艾笛森,18,10,8,康和-台南,2023-05-23,8458
5512,力麒,12,4,8,康和-台南,2023-05-23,8458
6122,擎邦,8,0,8,康和-台南,2023-05-23,8458
3022,威強電,8,1,7,康和-台南,2023-05-23,8458
00687B,國泰20年美債,6,0,6,康和-台南,2023-05-23,8458
2891,中信金,7,1,6,康和-台南,2023-05-23,8458
3044,健鼎,6,0,6,康和-台南,2023-05-23,8458
6243,迅杰,6,0,6,康和-台南,2023-05-23,8458
00882,中信中國高股息,5,0,5,康和-台南,2023-05-23,8458
00713,元大台灣高息低波,5,0,5,康和-台南,2023-05-23,8458
2201,裕隆,5,0,5,康和-台南,2023-05-23,8458
2323,中環,5,0,5,康和-台南,2023-05-23,8458
2867,三商壽,5,0,5,康和-台南,2023-05-23,8458
3004,豐達科,5,0,5,康和-台南,2023-05-23,8458
4915,致伸,5,0,5,康和-台南,2023-05-23,8458
4952,凌通,5,0,5,康和-台南,2023-05-23,8458
6233,旺玖,7,2,5,康和-台南,2023-05-23,8458
6288,聯嘉,48,43,5,康和-台南,2023-05-23,8458
8085,福華,28,23,5,康和-台南,2023-05-23,8458
9921,巨大,5,0,5,康和-台南,2023-05-23,8458
1312,國喬,4,0,4,康和-台南,2023-05-23,8458
2748,雲品,9,5,4,康和-台南,2023-05-23,8458
2845,遠東銀,271,0,271,康和-台南,2023-05-24,8458
00795B,中信美國公債20年,200,0,200,康和-台南,2023-05-24,8458
2371,大同,92,0,92,康和-台南,2023-05-24,8458
2606,裕民,90,30,60,康和-台南,2023-05-24,8458
2888,新光金,60,1,59,康和-台南,2023-05-24,8458
2457,飛宏,52,8,44,康和-台南,2023-05-24,8458
1506,正道,30,0,30,康和-台南,2023-05-24,8458
1337,再生-KY,30,0,30,康和-台南,2023-05-24,8458
5388,中磊,30,1,29,康和-台南,2023-05-24,8458
00687B,國泰20年美債,25,0,25,康和-台南,2023-05-24,8458
6767,台微醫,24,0,24,康和-台南,2023-05-24,8458
8112,至上,20,0,20,康和-台南,2023-05-24,8458
2634,漢翔,31,12,19,康和-台南,2023-05-24,8458
5009,榮剛,15,1,14,康和-台南,2023-05-24,8458
1101,台泥,12,0,12,康和-台南,2023-05-24,8458
1519,華城,22,10,12,康和-台南,2023-05-24,8458
1416,廣豐,12,0,12,康和-台南,2023-05-24,8458
1440,南紡,12,0,12,康和-台南,2023-05-24,8458
00753L,中信中國50正2,12,0,12,康和-台南,2023-05-24,8458
00637L,元大滬深300正2,32,20,12,康和-台南,2023-05-24,8458
4167,松瑞藥,12,0,12,康和-台南,2023-05-24,8458
00882,中信中國高股息,10,0,10,康和-台南,2023-05-24,8458
2468,華經,10,0,10,康和-台南,2023-05-24,8458
3011,今皓,10,0,10,康和-台南,2023-05-24,8458
3252,海灣,11,1,10,康和-台南,2023-05-24,8458
4755,三福化,10,0,10,康和-台南,2023-05-24,8458
5351,鈺創,10,0,10,康和-台南,2023-05-24,8458
2409,友達,15,6,9,康和-台南,2023-05-24,8458
6167,久正,17,8,9,康和-台南,2023-05-24,8458
8240,華宏,10,1,9,康和-台南,2023-05-24,8458
00878,國泰永續高股息,12,3,9,康和-台南,2023-05-24,8458
6288,聯嘉,9,1,8,康和-台南,2023-05-24,8458
2331,精英,8,1,7,康和-台南,2023-05-24,8458
2610,華航,21,14,7,康和-台南,2023-05-24,8458
2344,華邦電,18,12,6,康和-台南,2023-05-24,8458
2368,金像電,7,1,6,康和-台南,2023-05-24,8458
2706,第一店,8,2,6,康和-台南,2023-05-24,8458
3704,合勤控,6,0,6,康和-台南,2023-05-24,8458
00688L,國泰20年美債正2,5,0,5,康和-台南,2023-05-24,8458
1503,士電,8,3,5,康和-台南,2023-05-24,8458
1802,台玻,5,0,5,康和-台南,2023-05-24,8458
2637,慧洋-KY,5,0,5,康和-台南,2023-05-24,8458
2726,雅茗-KY,5,0,5,康和-台南,2023-05-24,8458
2887,台新金,5,0,5,康和-台南,2023-05-24,8458
3306,鼎天,5,0,5,康和-台南,2023-05-24,8458
3363,上詮,8,3,5,康和-台南,2023-05-24,8458
6230,尼得科超眾,5,0,5,康和-台南,2023-05-24,8458
6235,華孚,8,3,5,康和-台南,2023-05-24,8458
2313,華通,6,1,5,康和-台南,2023-05-24,8458
6548,長科*,4,0,4,康和-台南,2023-05-24,8458
00632R,元大台灣50反1,152,0,152,康和-台南,2023-05-25,8458
3325,旭品,129,5,124,康和-台南,2023-05-25,8458
00680L,元大美債20正2,110,0,110,康和-台南,2023-05-25,8458
2371,大同,109,14,95,康和-台南,2023-05-25,8458
00882,中信中國高股息,80,0,80,康和-台南,2023-05-25,8458
2606,裕民,64,0,64,康和-台南,2023-05-25,8458
00637L,元大滬深300正2,75,20,55,康和-台南,2023-05-25,8458
2030,彰源,40,0,40,康和-台南,2023-05-25,8458
2303,聯電,39,1,38,康和-台南,2023-05-25,8458
00665L,富邦�琤肭磪囓�2,38,0,38,康和-台南,2023-05-25,8458
2603,長榮,31,1,30,康和-台南,2023-05-25,8458
2538,基泰,30,0,30,康和-台南,2023-05-25,8458
3317,尼克森,30,0,30,康和-台南,2023-05-25,8458
3406,玉晶光,22,0,22,康和-台南,2023-05-25,8458
00688L,國泰20年美債正2,21,0,21,康和-台南,2023-05-25,8458
00712,復華富時不動產,18,0,18,康和-台南,2023-05-25,8458
2901,欣欣,18,0,18,康和-台南,2023-05-25,8458
1513,中興電,46,30,16,康和-台南,2023-05-25,8458
2201,裕隆,15,0,15,康和-台南,2023-05-25,8458
1605,華新,16,2,14,康和-台南,2023-05-25,8458
2367,燿華,14,2,12,康和-台南,2023-05-25,8458
1432,大魯閣,12,0,12,康和-台南,2023-05-25,8458
8112,至上,11,0,11,康和-台南,2023-05-25,8458
1785,光洋科,11,1,10,康和-台南,2023-05-25,8458
2328,廣宇,11,1,10,康和-台南,2023-05-25,8458
2701,萬企,15,5,10,康和-台南,2023-05-25,8458
4961,天鈺,10,0,10,康和-台南,2023-05-25,8458
6005,群益證,10,0,10,康和-台南,2023-05-25,8458
6285,啟��,11,1,10,康和-台南,2023-05-25,8458
8905,裕國,10,0,10,康和-台南,2023-05-25,8458
6216,居易,13,4,9,康和-台南,2023-05-25,8458
8271,宇瞻,11,2,9,康和-台南,2023-05-25,8458
1416,廣豐,8,0,8,康和-台南,2023-05-25,8458
1809,中釉,8,0,8,康和-台南,2023-05-25,8458
2633,台灣高鐵,8,0,8,康和-台南,2023-05-25,8458
6026,福邦證,30,22,8,康和-台南,2023-05-25,8458
1503,士電,16,9,7,康和-台南,2023-05-25,8458
1608,華榮,10,3,7,康和-台南,2023-05-25,8458
2887,台新金,7,0,7,康和-台南,2023-05-25,8458
3265,台星科,7,0,7,康和-台南,2023-05-25,8458
8201,無敵,7,0,7,康和-台南,2023-05-25,8458
5009,榮剛,8,2,6,康和-台南,2023-05-25,8458
1337,再生-KY,6,0,6,康和-台南,2023-05-25,8458
4909,新復興,6,0,6,康和-台南,2023-05-25,8458
1528,恩德,5,0,5,康和-台南,2023-05-25,8458
6835,圓裕,5,0,5,康和-台南,2023-05-25,8458
00751B,元大AAA至A公司債,10,5,5,康和-台南,2023-05-25,8458
00673R,期元大S＆P原油反1,5,0,5,康和-台南,2023-05-25,8458
1409,新纖,5,0,5,康和-台南,2023-05-25,8458
2204,中華,8,3,5,康和-台南,2023-05-25,8458
00632R,元大台灣50反1,112,0,112,康和-台南,2023-05-26,8458
1609,大亞,93,1,92,康和-台南,2023-05-26,8458
1618,合機,60,0,60,康和-台南,2023-05-26,8458
2421,建準,67,15,52,康和-台南,2023-05-26,8458
2887,台新金,51,6,45,康和-台南,2023-05-26,8458
00679B,元大美債20年,32,1,31,康和-台南,2023-05-26,8458
1437,勤益控,30,0,30,康和-台南,2023-05-26,8458
2515,中工,30,3,27,康和-台南,2023-05-26,8458
6279,胡連,22,1,21,康和-台南,2023-05-26,8458
00720B,元大投資級公司債,20,0,20,康和-台南,2023-05-26,8458
2030,彰源,20,0,20,康和-台南,2023-05-26,8458
2534,宏盛,20,0,20,康和-台南,2023-05-26,8458
2609,陽明,23,4,19,康和-台南,2023-05-26,8458
6167,久正,17,0,17,康和-台南,2023-05-26,8458
4979,華星光,21,4,17,康和-台南,2023-05-26,8458
8905,裕國,15,0,15,康和-台南,2023-05-26,8458
00637L,元大滬深300正2,22,8,14,康和-台南,2023-05-26,8458
8210,勤誠,15,2,13,康和-台南,2023-05-26,8458
2637,慧洋-KY,13,1,12,康和-台南,2023-05-26,8458
2485,兆赫,14,2,12,康和-台南,2023-05-26,8458
00680L,元大美債20正2,11,0,11,康和-台南,2023-05-26,8458
2402,毅嘉,21,10,11,康和-台南,2023-05-26,8458
2379,瑞昱,10,0,10,康和-台南,2023-05-26,8458
2484,希華,10,0,10,康和-台南,2023-05-26,8458
2701,萬企,10,0,10,康和-台南,2023-05-26,8458
3380,明泰,10,0,10,康和-台南,2023-05-26,8458
3596,智易,11,1,10,康和-台南,2023-05-26,8458
4755,三福化,10,0,10,康和-台南,2023-05-26,8458
5512,力麒,10,0,10,康和-台南,2023-05-26,8458
2323,中環,43,34,9,康和-台南,2023-05-26,8458
00753L,中信中國50正2,11,2,9,康和-台南,2023-05-26,8458
2427,三商電,10,1,9,康和-台南,2023-05-26,8458
2891,中信金,11,2,9,康和-台南,2023-05-26,8458
00712,復華富時不動產,9,0,9,康和-台南,2023-05-26,8458
00715L,期街口布蘭特正2,8,0,8,康和-台南,2023-05-26,8458
2371,大同,16,8,8,康和-台南,2023-05-26,8458
2605,新興,8,0,8,康和-台南,2023-05-26,8458
5324,士開,8,0,8,康和-台南,2023-05-26,8458
6112,邁達特,14,6,8,康和-台南,2023-05-26,8458
5425,台半,7,0,7,康和-台南,2023-05-26,8458
6712,長聖,7,0,7,康和-台南,2023-05-26,8458
1460,宏遠,7,0,7,康和-台南,2023-05-26,8458
1605,華新,8,1,7,康和-台南,2023-05-26,8458
1905,華紙,10,3,7,康和-台南,2023-05-26,8458
2606,裕民,7,0,7,康和-台南,2023-05-26,8458
2915,潤泰全,7,0,7,康和-台南,2023-05-26,8458
3022,威強電,7,0,7,康和-台南,2023-05-26,8458
5465,富驊,7,0,7,康和-台南,2023-05-26,8458
3481,群創,206,200,6,康和-台南,2023-05-26,8458
6191,精成科,6,0,6,康和-台南,2023-05-26,8458
00688L,國泰20年美債正2,115,0,115,康和-台南,2023-05-29,8458
5512,力麒,104,0,104,康和-台南,2023-05-29,8458
2371,大同,104,5,99,康和-台南,2023-05-29,8458
2538,基泰,70,0,70,康和-台南,2023-05-29,8458
00878,國泰永續高股息,67,3,64,康和-台南,2023-05-29,8458
5483,中美晶,61,7,54,康和-台南,2023-05-29,8458
8085,福華,88,52,36,康和-台南,2023-05-29,8458
00632R,元大台灣50反1,35,0,35,康和-台南,2023-05-29,8458
6244,茂迪,35,1,34,康和-台南,2023-05-29,8458
6026,福邦證,120,90,30,康和-台南,2023-05-29,8458
3022,威強電,30,1,29,康和-台南,2023-05-29,8458
6190,萬泰科,27,2,25,康和-台南,2023-05-29,8458
6767,台微醫,24,0,24,康和-台南,2023-05-29,8458
2736,富野,24,1,23,康和-台南,2023-05-29,8458
00713,元大台灣高息低波,24,2,22,康和-台南,2023-05-29,8458
00882,中信中國高股息,20,0,20,康和-台南,2023-05-29,8458
2344,華邦電,43,23,20,康和-台南,2023-05-29,8458
5388,中磊,22,4,18,康和-台南,2023-05-29,8458
8043,蜜望實,16,0,16,康和-台南,2023-05-29,8458
2618,長榮航,97,81,16,康和-台南,2023-05-29,8458
2382,廣達,15,0,15,康和-台南,2023-05-29,8458
00712,復華富時不動產,15,0,15,康和-台南,2023-05-29,8458
3231,緯創,50,35,15,康和-台南,2023-05-29,8458
2634,漢翔,23,8,15,康和-台南,2023-05-29,8458
006208,富邦台50,15,1,14,康和-台南,2023-05-29,8458
6160,欣技,14,0,14,康和-台南,2023-05-29,8458
9950,萬國通,13,0,13,康和-台南,2023-05-29,8458
8996,高力,13,2,11,康和-台南,2023-05-29,8458
0056,元大高股息,10,0,10,康和-台南,2023-05-29,8458
2845,遠東銀,10,0,10,康和-台南,2023-05-29,8458
3564,其陽,10,0,10,康和-台南,2023-05-29,8458
1519,華城,32,22,10,康和-台南,2023-05-29,8458
3017,奇鋐,14,5,9,康和-台南,2023-05-29,8458
3078,僑威,11,2,9,康和-台南,2023-05-29,8458
6016,康和證,47,38,9,康和-台南,2023-05-29,8458
2886,兆豐金,8,0,8,康和-台南,2023-05-29,8458
3005,神基,8,0,8,康和-台南,2023-05-29,8458
2610,華航,31,23,8,康和-台南,2023-05-29,8458
1101,台泥,7,0,7,康和-台南,2023-05-29,8458
4979,華星光,13,6,7,康和-台南,2023-05-29,8458
8249,菱光,7,0,7,康和-台南,2023-05-29,8458
8942,森鉅,7,0,7,康和-台南,2023-05-29,8458
2412,中華電,6,0,6,康和-台南,2023-05-29,8458
8046,南電,10,4,6,康和-台南,2023-05-29,8458
1504,東元,15,9,6,康和-台南,2023-05-29,8458
2913,農林,11,5,6,康和-台南,2023-05-29,8458
6488,環球晶,8,2,6,康和-台南,2023-05-29,8458
8222,寶一,12,6,6,康和-台南,2023-05-29,8458
00687B,國泰20年美債,5,0,5,康和-台南,2023-05-29,8458
1436,華友聯,5,0,5,康和-台南,2023-05-29,8458
8033,雷虎,100,1,99,康和-台南,2023-05-30,8458
3231,緯創,95,14,81,康和-台南,2023-05-30,8458
1609,大亞,90,11,79,康和-台南,2023-05-30,8458
2331,精英,93,32,61,康和-台南,2023-05-30,8458
2344,華邦電,54,6,48,康和-台南,2023-05-30,8458
00753L,中信中國50正2,37,0,37,康和-台南,2023-05-30,8458
0056,元大高股息,32,1,31,康和-台南,2023-05-30,8458
5301,寶得利,30,0,30,康和-台南,2023-05-30,8458
3363,上詮,30,5,25,康和-台南,2023-05-30,8458
2419,仲琦,24,0,24,康和-台南,2023-05-30,8458
1308,亞聚,20,0,20,康和-台南,2023-05-30,8458
2534,宏盛,20,0,20,康和-台南,2023-05-30,8458
3576,聯合再生,20,5,15,康和-台南,2023-05-30,8458
4977,眾達-KY,16,1,15,康和-台南,2023-05-30,8458
2834,臺企銀,14,0,14,康和-台南,2023-05-30,8458
2399,映泰,13,0,13,康和-台南,2023-05-30,8458
1605,華新,15,2,13,康和-台南,2023-05-30,8458
2025,千興,13,0,13,康和-台南,2023-05-30,8458
2609,陽明,12,0,12,康和-台南,2023-05-30,8458
3583,辛耘,12,0,12,康和-台南,2023-05-30,8458
00772B,中信高評級公司債,10,0,10,康和-台南,2023-05-30,8458
00632R,元大台灣50反1,10,0,10,康和-台南,2023-05-30,8458
6026,福邦證,40,30,10,康和-台南,2023-05-30,8458
00830,國泰費城半導體,10,1,9,康和-台南,2023-05-30,8458
2453,凌群,10,1,9,康和-台南,2023-05-30,8458
3552,同致,10,1,9,康和-台南,2023-05-30,8458
3711,日月光投控,12,3,9,康和-台南,2023-05-30,8458
2887,台新金,9,1,8,康和-台南,2023-05-30,8458
00633L,富邦上証正2,8,0,8,康和-台南,2023-05-30,8458
1608,華榮,8,0,8,康和-台南,2023-05-30,8458
2637,慧洋-KY,9,1,8,康和-台南,2023-05-30,8458
00713,元大台灣高息低波,28,21,7,康和-台南,2023-05-30,8458
1440,南紡,7,0,7,康和-台南,2023-05-30,8458
5356,協益,7,0,7,康和-台南,2023-05-30,8458
2206,三陽工業,21,15,6,康和-台南,2023-05-30,8458
3306,鼎天,7,1,6,康和-台南,2023-05-30,8458
6767,台微醫,6,0,6,康和-台南,2023-05-30,8458
9907,統一實,5,0,5,康和-台南,2023-05-30,8458
00857B,永豐20年美公債,5,0,5,康和-台南,2023-05-30,8458
1314,中石化,5,0,5,康和-台南,2023-05-30,8458
1611,中電,5,0,5,康和-台南,2023-05-30,8458
2301,光寶科,5,0,5,康和-台南,2023-05-30,8458
2329,華泰,8,3,5,康和-台南,2023-05-30,8458
2406,國碩,5,0,5,康和-台南,2023-05-30,8458
3438,類比科,5,0,5,康和-台南,2023-05-30,8458
3704,合勤控,7,2,5,康和-台南,2023-05-30,8458
6283,淳安,5,0,5,康和-台南,2023-05-30,8458
1503,士電,8,4,4,康和-台南,2023-05-30,8458
3265,台星科,6,2,4,康和-台南,2023-05-30,8458
1618,合機,12,8,4,康和-台南,2023-05-30,8458
2801,彰銀,938,0,938,康和-台南,2023-05-31,8458
00715L,期街口布蘭特正2,78,0,78,康和-台南,2023-05-31,8458
00878,國泰永續高股息,74,1,73,康和-台南,2023-05-31,8458
00665L,富邦�琤肭磪囓�2,94,60,34,康和-台南,2023-05-31,8458
4979,華星光,43,11,32,康和-台南,2023-05-31,8458
2365,昆盈,30,0,30,康和-台南,2023-05-31,8458
00680L,元大美債20正2,27,0,27,康和-台南,2023-05-31,8458
00752,中信中國50,20,0,20,康和-台南,2023-05-31,8458
3419,譁裕,21,1,20,康和-台南,2023-05-31,8458
3665,貿聯-KY,20,0,20,康和-台南,2023-05-31,8458
5483,中美晶,20,0,20,康和-台南,2023-05-31,8458
2888,新光金,23,5,18,康和-台南,2023-05-31,8458
2344,華邦電,22,6,16,康和-台南,2023-05-31,8458
00637L,元大滬深300正2,15,0,15,康和-台南,2023-05-31,8458
1514,亞力,24,9,15,康和-台南,2023-05-31,8458
6282,康舒,20,6,14,康和-台南,2023-05-31,8458
1503,士電,23,9,14,康和-台南,2023-05-31,8458
1513,中興電,14,1,13,康和-台南,2023-05-31,8458
3231,緯創,27,14,13,康和-台南,2023-05-31,8458
5351,鈺創,15,3,12,康和-台南,2023-05-31,8458
0056,元大高股息,11,0,11,康和-台南,2023-05-31,8458
3706,神達,28,17,11,康和-台南,2023-05-31,8458
4747,強生,11,0,11,康和-台南,2023-05-31,8458
2303,聯電,11,0,11,康和-台南,2023-05-31,8458
2356,英業達,16,6,10,康和-台南,2023-05-31,8458
9907,統一實,10,0,10,康和-台南,2023-05-31,8458
00636,國泰中國A50,10,0,10,康和-台南,2023-05-31,8458
00706L,期元大S＆P日圓正2,10,0,10,康和-台南,2023-05-31,8458
1314,中石化,10,0,10,康和-台南,2023-05-31,8458
1457,宜進,10,0,10,康和-台南,2023-05-31,8458
1522,堤維西,10,0,10,康和-台南,2023-05-31,8458
2457,飛宏,17,7,10,康和-台南,2023-05-31,8458
2834,臺企銀,10,0,10,康和-台南,2023-05-31,8458
5465,富驊,13,3,10,康和-台南,2023-05-31,8458
5498,凱崴,10,0,10,康和-台南,2023-05-31,8458
1101,台泥,16,7,9,康和-台南,2023-05-31,8458
2419,仲琦,10,1,9,康和-台南,2023-05-31,8458
5301,寶得利,9,0,9,康和-台南,2023-05-31,8458
2345,智邦,8,0,8,康和-台南,2023-05-31,8458
4967,十銓,15,7,8,康和-台南,2023-05-31,8458
8940,新天地,8,0,8,康和-台南,2023-05-31,8458
00687B,國泰20年美債,7,0,7,康和-台南,2023-05-31,8458
8358,金居,7,0,7,康和-台南,2023-05-31,8458
3037,欣興,8,2,6,康和-台南,2023-05-31,8458
2455,全新,9,3,6,康和-台南,2023-05-31,8458
2637,慧洋-KY,6,0,6,康和-台南,2023-05-31,8458
4977,眾達-KY,12,6,6,康和-台南,2023-05-31,8458
6767,台微醫,6,0,6,康和-台南,2023-05-31,8458
6531,愛普*,7,1,6,康和-台南,2023-05-31,8458
00712,復華富時不動產,5,0,5,康和-台南,2023-05-31,8458
2323,中環,60,6,54,康和-台南,2023-06-01,8458
2371,大同,53,2,51,康和-台南,2023-06-01,8458
1310,台苯,50,5,45,康和-台南,2023-06-01,8458
00753L,中信中國50正2,42,0,42,康和-台南,2023-06-01,8458
2313,華通,24,3,21,康和-台南,2023-06-01,8458
3046,建��,21,0,21,康和-台南,2023-06-01,8458
1506,正道,20,0,20,康和-台南,2023-06-01,8458
3710,連展投控,20,0,20,康和-台南,2023-06-01,8458
6016,康和證,20,0,20,康和-台南,2023-06-01,8458
00878,國泰永續高股息,20,0,20,康和-台南,2023-06-01,8458
1605,華新,21,2,19,康和-台南,2023-06-01,8458
3058,立德,19,1,18,康和-台南,2023-06-01,8458
2382,廣達,17,0,17,康和-台南,2023-06-01,8458
9945,潤泰新,15,0,15,康和-台南,2023-06-01,8458
2913,農林,14,0,14,康和-台南,2023-06-01,8458
3078,僑威,15,1,14,康和-台南,2023-06-01,8458
8033,雷虎,14,0,14,康和-台南,2023-06-01,8458
2301,光寶科,14,1,13,康和-台南,2023-06-01,8458
3673,TPK-KY,15,2,13,康和-台南,2023-06-01,8458
2888,新光金,15,3,12,康和-台南,2023-06-01,8458
1437,勤益控,11,0,11,康和-台南,2023-06-01,8458
2409,友達,16,5,11,康和-台南,2023-06-01,8458
3693,營邦,11,0,11,康和-台南,2023-06-01,8458
1522,堤維西,15,5,10,康和-台南,2023-06-01,8458
2515,中工,11,2,9,康和-台南,2023-06-01,8458
2801,彰銀,9,0,9,康和-台南,2023-06-01,8458
5258,虹堡,12,3,9,康和-台南,2023-06-01,8458
5706,鳳凰,9,0,9,康和-台南,2023-06-01,8458
8210,勤誠,22,13,9,康和-台南,2023-06-01,8458
8271,宇瞻,14,5,9,康和-台南,2023-06-01,8458
3380,明泰,14,5,9,康和-台南,2023-06-01,8458
1904,正隆,14,5,9,康和-台南,2023-06-01,8458
3706,神達,67,59,8,康和-台南,2023-06-01,8458
6188,廣明,12,5,7,康和-台南,2023-06-01,8458
00715L,期街口布蘭特正2,6,0,6,康和-台南,2023-06-01,8458
2482,連宇,6,0,6,康和-台南,2023-06-01,8458
5425,台半,6,0,6,康和-台南,2023-06-01,8458
6285,啟��,6,0,6,康和-台南,2023-06-01,8458
2352,佳世達,6,0,6,康和-台南,2023-06-01,8458
6122,擎邦,5,0,5,康和-台南,2023-06-01,8458
0056,元大高股息,5,0,5,康和-台南,2023-06-01,8458
1301,台塑,5,0,5,康和-台南,2023-06-01,8458
2748,雲品,6,1,5,康和-台南,2023-06-01,8458
3019,亞光,12,7,5,康和-台南,2023-06-01,8458
5203,訊連,5,0,5,康和-台南,2023-06-01,8458
6234,高僑,6,1,5,康和-台南,2023-06-01,8458
8011,台通,10,5,5,康和-台南,2023-06-01,8458
8155,博智,7,2,5,康和-台南,2023-06-01,8458
9910,豐泰,5,0,5,康和-台南,2023-06-01,8458
3013,晟銘電,63,59,4,康和-台南,2023-06-01,8458
1609,大亞,125,70,55,康和-台南,2023-06-02,8458
1711,永光,117,63,54,康和-台南,2023-06-02,8458
3260,威剛,53,0,53,康和-台南,2023-06-02,8458
2538,基泰,50,0,50,康和-台南,2023-06-02,8458
1905,華紙,61,17,44,康和-台南,2023-06-02,8458
00882,中信中國高股息,35,0,35,康和-台南,2023-06-02,8458
2371,大同,55,23,32,康和-台南,2023-06-02,8458
00712,復華富時不動產,31,0,31,康和-台南,2023-06-02,8458
1504,東元,103,74,29,康和-台南,2023-06-02,8458
2356,英業達,29,6,23,康和-台南,2023-06-02,8458
00713,元大台灣高息低波,22,0,22,康和-台南,2023-06-02,8458
00753L,中信中國50正2,20,0,20,康和-台南,2023-06-02,8458
2812,台中銀,20,0,20,康和-台南,2023-06-02,8458
2610,華航,78,59,19,康和-台南,2023-06-02,8458
2349,錸德,18,0,18,康和-台南,2023-06-02,8458
6288,聯嘉,18,0,18,康和-台南,2023-06-02,8458
2337,旺宏,20,3,17,康和-台南,2023-06-02,8458
1513,中興電,54,39,15,康和-台南,2023-06-02,8458
3576,聯合再生,15,0,15,康和-台南,2023-06-02,8458
1733,五鼎,14,0,14,康和-台南,2023-06-02,8458
2913,農林,17,3,14,康和-台南,2023-06-02,8458
00878,國泰永續高股息,19,6,13,康和-台南,2023-06-02,8458
1560,中砂,13,0,13,康和-台南,2023-06-02,8458
2365,昆盈,15,2,13,康和-台南,2023-06-02,8458
2890,永豐金,12,0,12,康和-台南,2023-06-02,8458
3406,玉晶光,11,0,11,康和-台南,2023-06-02,8458
3665,貿聯-KY,10,0,10,康和-台南,2023-06-02,8458
1734,杏輝,18,8,10,康和-台南,2023-06-02,8458
2342,茂矽,10,0,10,康和-台南,2023-06-02,8458
2367,燿華,20,10,10,康和-台南,2023-06-02,8458
3022,威強電,10,0,10,康和-台南,2023-06-02,8458
3047,訊舟,12,2,10,康和-台南,2023-06-02,8458
8076,伍豐,10,0,10,康和-台南,2023-06-02,8458
8240,華宏,10,0,10,康和-台南,2023-06-02,8458
8942,森鉅,10,0,10,康和-台南,2023-06-02,8458
8996,高力,12,2,10,康和-台南,2023-06-02,8458
9940,信義,10,0,10,康和-台南,2023-06-02,8458
3031,佰鴻,10,1,9,康和-台南,2023-06-02,8458
3305,昇貿,9,1,8,康和-台南,2023-06-02,8458
4916,事欣科,8,0,8,康和-台南,2023-06-02,8458
5498,凱崴,10,2,8,康和-台南,2023-06-02,8458
2317,鴻海,15,8,7,康和-台南,2023-06-02,8458
2359,所羅門,33,26,7,康和-台南,2023-06-02,8458
2412,中華電,10,3,7,康和-台南,2023-06-02,8458
6579,研揚,6,0,6,康和-台南,2023-06-02,8458
1608,華榮,9,3,6,康和-台南,2023-06-02,8458
3438,類比科,7,1,6,康和-台南,2023-06-02,8458
1440,南紡,5,0,5,康和-台南,2023-06-02,8458
00637L,元大滬深300正2,5,0,5,康和-台南,2023-06-02,8458
2324,仁寶,7,2,5,康和-台南,2023-06-02,8458
00671R,富邦NASDAQ反1,240,0,240,康和-台南,2023-06-05,8458
2881,富邦金,234,42,192,康和-台南,2023-06-05,8458
3056,富華新,84,15,69,康和-台南,2023-06-05,8458
2845,遠東銀,60,0,60,康和-台南,2023-06-05,8458
2371,大同,59,1,58,康和-台南,2023-06-05,8458
00878,國泰永續高股息,158,110,48,康和-台南,2023-06-05,8458
020022,元大電動車N,38,0,38,康和-台南,2023-06-05,8458
1777,生泰,35,0,35,康和-台南,2023-06-05,8458
2482,連宇,27,0,27,康和-台南,2023-06-05,8458
2630,亞航,24,1,23,康和-台南,2023-06-05,8458
1514,亞力,32,10,22,康和-台南,2023-06-05,8458
00712,復華富時不動產,26,5,21,康和-台南,2023-06-05,8458
2303,聯電,23,2,21,康和-台南,2023-06-05,8458
2344,華邦電,24,3,21,康和-台南,2023-06-05,8458
5328,華容,20,0,20,康和-台南,2023-06-05,8458
1308,亞聚,20,0,20,康和-台南,2023-06-05,8458
4945,陞達科技,20,0,20,康和-台南,2023-06-05,8458
2515,中工,25,6,19,康和-台南,2023-06-05,8458
3078,僑威,22,5,17,康和-台南,2023-06-05,8458
3363,上詮,24,8,16,康和-台南,2023-06-05,8458
3625,西勝,15,0,15,康和-台南,2023-06-05,8458
8222,寶一,14,1,13,康和-台南,2023-06-05,8458
2888,新光金,65,52,13,康和-台南,2023-06-05,8458
1717,長興,13,1,12,康和-台南,2023-06-05,8458
2412,中華電,12,0,12,康和-台南,2023-06-05,8458
3047,訊舟,11,0,11,康和-台南,2023-06-05,8458
6548,長科*,15,4,11,康和-台南,2023-06-05,8458
3481,群創,37,26,11,康和-台南,2023-06-05,8458
00670L,富邦NASDAQ正2,10,0,10,康和-台南,2023-06-05,8458
00720B,元大投資級公司債,10,0,10,康和-台南,2023-06-05,8458
00706L,期元大S＆P日圓正2,10,0,10,康和-台南,2023-06-05,8458
2903,遠百,10,0,10,康和-台南,2023-06-05,8458
3031,佰鴻,10,0,10,康和-台南,2023-06-05,8458
3046,建��,18,8,10,康和-台南,2023-06-05,8458
5351,鈺創,10,0,10,康和-台南,2023-06-05,8458
6015,宏遠證,10,0,10,康和-台南,2023-06-05,8458
6026,福邦證,10,0,10,康和-台南,2023-06-05,8458
6214,精誠,12,2,10,康和-台南,2023-06-05,8458
4174,浩鼎,10,1,9,康和-台南,2023-06-05,8458
6125,廣運,12,4,8,康和-台南,2023-06-05,8458
4961,天鈺,10,2,8,康和-台南,2023-06-05,8458
1529,樂事綠能,13,6,7,康和-台南,2023-06-05,8458
1795,美時,8,1,7,康和-台南,2023-06-05,8458
6167,久正,7,0,7,康和-台南,2023-06-05,8458
2618,長榮航,32,25,7,康和-台南,2023-06-05,8458
6112,邁達特,13,7,6,康和-台南,2023-06-05,8458
2329,華泰,7,1,6,康和-台南,2023-06-05,8458
2359,所羅門,13,7,6,康和-台南,2023-06-05,8458
2349,錸德,5,0,5,康和-台南,2023-06-05,8458
2425,承啟,5,0,5,康和-台南,2023-06-05,8458
00795B,中信美國公債20年,302,0,302,康和-台南,2023-06-06,8458
1609,大亞,176,82,94,康和-台南,2023-06-06,8458
2323,中環,82,1,81,康和-台南,2023-06-06,8458
00679B,元大美債20年,74,1,73,康和-台南,2023-06-06,8458
6770,力積電,60,0,60,康和-台南,2023-06-06,8458
1711,永光,43,0,43,康和-台南,2023-06-06,8458
0056,元大高股息,42,1,41,康和-台南,2023-06-06,8458
3056,富華新,36,0,36,康和-台南,2023-06-06,8458
00885,富邦越南,60,28,32,康和-台南,2023-06-06,8458
2903,遠百,30,0,30,康和-台南,2023-06-06,8458
00927,群益半導體收益,24,0,24,康和-台南,2023-06-06,8458
1504,東元,40,17,23,康和-台南,2023-06-06,8458
2337,旺宏,25,4,21,康和-台南,2023-06-06,8458
2888,新光金,20,0,20,康和-台南,2023-06-06,8458
2402,毅嘉,28,11,17,康和-台南,2023-06-06,8458
3406,玉晶光,17,0,17,康和-台南,2023-06-06,8458
6216,居易,17,0,17,康和-台南,2023-06-06,8458
1519,華城,19,4,15,康和-台南,2023-06-06,8458
1907,永豐餘,17,2,15,康和-台南,2023-06-06,8458
2634,漢翔,17,2,15,康和-台南,2023-06-06,8458
1513,中興電,15,1,14,康和-台南,2023-06-06,8458
2399,映泰,14,1,13,康和-台南,2023-06-06,8458
6548,長科*,12,0,12,康和-台南,2023-06-06,8458
2332,友訊,11,0,11,康和-台南,2023-06-06,8458
2736,富野,29,18,11,康和-台南,2023-06-06,8458
00919,群益台灣精選高息,10,0,10,康和-台南,2023-06-06,8458
2607,榮運,10,0,10,康和-台南,2023-06-06,8458
2897,王道銀行,10,0,10,康和-台南,2023-06-06,8458
4906,正文,11,1,10,康和-台南,2023-06-06,8458
6015,宏遠證,10,0,10,康和-台南,2023-06-06,8458
6026,福邦證,10,0,10,康和-台南,2023-06-06,8458
2722,夏都,12,2,10,康和-台南,2023-06-06,8458
1101,台泥,10,1,9,康和-台南,2023-06-06,8458
1714,和桐,9,0,9,康和-台南,2023-06-06,8458
1905,華紙,15,6,9,康和-台南,2023-06-06,8458
8234,新漢,10,1,9,康和-台南,2023-06-06,8458
1710,東聯,14,5,9,康和-台南,2023-06-06,8458
2014,中鴻,13,5,8,康和-台南,2023-06-06,8458
4931,新盛力,10,2,8,康和-台南,2023-06-06,8458
5864,致和證,8,0,8,康和-台南,2023-06-06,8458
4909,新復興,7,0,7,康和-台南,2023-06-06,8458
5531,鄉林,7,0,7,康和-台南,2023-06-06,8458
6205,詮欣,7,0,7,康和-台南,2023-06-06,8458
6243,迅杰,7,0,7,康和-台南,2023-06-06,8458
8046,南電,10,4,6,康和-台南,2023-06-06,8458
1417,嘉裕,6,0,6,康和-台南,2023-06-06,8458
2371,大同,8,2,6,康和-台南,2023-06-06,8458
2461,光群雷,12,6,6,康和-台南,2023-06-06,8458
3703,欣陸,6,0,6,康和-台南,2023-06-06,8458
5351,鈺創,6,0,6,康和-台南,2023-06-06,8458
1605,華新,226,1,225,康和-台南,2023-06-07,8458
1710,東聯,130,2,128,康和-台南,2023-06-07,8458
00753L,中信中國50正2,70,0,70,康和-台南,2023-06-07,8458
00919,群益台灣精選高息,66,0,66,康和-台南,2023-06-07,8458
2845,遠東銀,60,0,60,康和-台南,2023-06-07,8458
00795B,中信美國公債20年,31,0,31,康和-台南,2023-06-07,8458
2812,台中銀,30,0,30,康和-台南,2023-06-07,8458
8076,伍豐,52,30,22,康和-台南,2023-06-07,8458
00885,富邦越南,21,0,21,康和-台南,2023-06-07,8458
00632R,元大台灣50反1,41,20,21,康和-台南,2023-06-07,8458
5475,德宏,20,0,20,康和-台南,2023-06-07,8458
8234,新漢,21,2,19,康和-台南,2023-06-07,8458
1504,東元,72,54,18,康和-台南,2023-06-07,8458
00878,國泰永續高股息,37,21,16,康和-台南,2023-06-07,8458
1514,亞力,22,6,16,康和-台南,2023-06-07,8458
2371,大同,17,2,15,康和-台南,2023-06-07,8458
2511,太子,15,0,15,康和-台南,2023-06-07,8458
2888,新光金,35,20,15,康和-台南,2023-06-07,8458
2457,飛宏,17,3,14,康和-台南,2023-06-07,8458
0056,元大高股息,14,1,13,康和-台南,2023-06-07,8458
4906,正文,12,0,12,康和-台南,2023-06-07,8458
00637L,元大滬深300正2,12,0,12,康和-台南,2023-06-07,8458
2538,基泰,12,0,12,康和-台南,2023-06-07,8458
4543,萬在,23,11,12,康和-台南,2023-06-07,8458
6125,廣運,14,2,12,康和-台南,2023-06-07,8458
6244,茂迪,17,5,12,康和-台南,2023-06-07,8458
2402,毅嘉,25,14,11,康和-台南,2023-06-07,8458
00891,中信關鍵半導體,10,0,10,康和-台南,2023-06-07,8458
2344,華邦電,10,0,10,康和-台南,2023-06-07,8458
5310,天剛,10,0,10,康和-台南,2023-06-07,8458
6282,康舒,17,7,10,康和-台南,2023-06-07,8458
00751B,元大AAA至A公司債,10,1,9,康和-台南,2023-06-07,8458
2607,榮運,10,1,9,康和-台南,2023-06-07,8458
2501,國建,8,0,8,康和-台南,2023-06-07,8458
3202,樺晟,8,0,8,康和-台南,2023-06-07,8458
8926,台汽電,8,0,8,康和-台南,2023-06-07,8458
2382,廣達,26,18,8,康和-台南,2023-06-07,8458
1210,大成,7,0,7,康和-台南,2023-06-07,8458
00715L,期街口布蘭特正2,7,0,7,康和-台南,2023-06-07,8458
2347,聯強,7,1,6,康和-台南,2023-06-07,8458
8940,新天地,6,0,6,康和-台南,2023-06-07,8458
2884,玉山金,5,0,5,康和-台南,2023-06-07,8458
1314,中石化,5,0,5,康和-台南,2023-06-07,8458
2017,官田鋼,5,0,5,康和-台南,2023-06-07,8458
2022,聚亨,5,0,5,康和-台南,2023-06-07,8458
2034,允強,5,0,5,康和-台南,2023-06-07,8458
2331,精英,5,0,5,康和-台南,2023-06-07,8458
2618,長榮航,18,13,5,康和-台南,2023-06-07,8458
3260,威剛,5,0,5,康和-台南,2023-06-07,8458
3306,鼎天,11,6,5,康和-台南,2023-06-07,8458
2845,遠東銀,293,0,293,康和-台南,2023-06-08,8458
00878,國泰永續高股息,154,29,125,康和-台南,2023-06-08,8458
6120,達運,115,0,115,康和-台南,2023-06-08,8458
6770,力積電,90,0,90,康和-台南,2023-06-08,8458
00772B,中信高評級公司債,82,0,82,康和-台南,2023-06-08,8458
2881,富邦金,41,0,41,康和-台南,2023-06-08,8458
2371,大同,42,1,41,康和-台南,2023-06-08,8458
4979,華星光,43,2,41,康和-台南,2023-06-08,8458
2412,中華電,40,0,40,康和-台南,2023-06-08,8458
5512,力麒,47,7,40,康和-台南,2023-06-08,8458
1504,東元,79,40,39,康和-台南,2023-06-08,8458
1612,宏泰,40,7,33,康和-台南,2023-06-08,8458
2618,長榮航,53,20,33,康和-台南,2023-06-08,8458
1710,東聯,35,3,32,康和-台南,2023-06-08,8458
6139,亞翔,31,3,28,康和-台南,2023-06-08,8458
2882,國泰金,46,20,26,康和-台南,2023-06-08,8458
00919,群益台灣精選高息,58,32,26,康和-台南,2023-06-08,8458
2344,華邦電,24,1,23,康和-台南,2023-06-08,8458
1605,華新,29,7,22,康和-台南,2023-06-08,8458
2323,中環,21,0,21,康和-台南,2023-06-08,8458
00720B,元大投資級公司債,20,0,20,康和-台南,2023-06-08,8458
00632R,元大台灣50反1,20,0,20,康和-台南,2023-06-08,8458
00665L,富邦�琤肭磪囓�2,20,0,20,康和-台南,2023-06-08,8458
1711,永光,20,0,20,康和-台南,2023-06-08,8458
2607,榮運,20,0,20,康和-台南,2023-06-08,8458
2888,新光金,20,0,20,康和-台南,2023-06-08,8458
3607,谷崧,22,5,17,康和-台南,2023-06-08,8458
5905,南仁湖,18,1,17,康和-台南,2023-06-08,8458
4123,晟德,18,3,15,康和-台南,2023-06-08,8458
2337,旺宏,15,0,15,康和-台南,2023-06-08,8458
2886,兆豐金,15,0,15,康和-台南,2023-06-08,8458
5301,寶得利,15,0,15,康和-台南,2023-06-08,8458
8085,福華,28,13,15,康和-台南,2023-06-08,8458
1609,大亞,129,114,15,康和-台南,2023-06-08,8458
3078,僑威,15,1,14,康和-台南,2023-06-08,8458
3624,光頡,13,0,13,康和-台南,2023-06-08,8458
00751B,元大AAA至A公司債,12,0,12,康和-台南,2023-06-08,8458
2538,基泰,12,0,12,康和-台南,2023-06-08,8458
4960,誠美材,21,10,11,康和-台南,2023-06-08,8458
3037,欣興,29,19,10,康和-台南,2023-06-08,8458
00680L,元大美債20正2,10,0,10,康和-台南,2023-06-08,8458
2387,精元,10,0,10,康和-台南,2023-06-08,8458
2601,益航,15,5,10,康和-台南,2023-06-08,8458
3380,明泰,10,0,10,康和-台南,2023-06-08,8458
3545,敦泰,10,0,10,康和-台南,2023-06-08,8458
3576,聯合再生,15,5,10,康和-台南,2023-06-08,8458
6101,寬魚國際,10,0,10,康和-台南,2023-06-08,8458
6767,台微醫,10,0,10,康和-台南,2023-06-08,8458
00893,國泰智能電動車,10,0,10,康和-台南,2023-06-08,8458
6548,長科*,9,0,9,康和-台南,2023-06-08,8458
1815,富喬,80,0,80,康和-台南,2023-06-09,8458
6770,力積電,60,0,60,康和-台南,2023-06-09,8458
3037,欣興,69,12,57,康和-台南,2023-06-09,8458
6829,千附精密,50,0,50,康和-台南,2023-06-09,8458
2371,大同,43,4,39,康和-台南,2023-06-09,8458
0056,元大高股息,38,1,37,康和-台南,2023-06-09,8458
00919,群益台灣精選高息,35,0,35,康和-台南,2023-06-09,8458
1608,華榮,38,6,32,康和-台南,2023-06-09,8458
2634,漢翔,37,6,31,康和-台南,2023-06-09,8458
2538,基泰,26,0,26,康和-台南,2023-06-09,8458
1504,東元,31,7,24,康和-台南,2023-06-09,8458
5483,中美晶,21,0,21,康和-台南,2023-06-09,8458
9907,統一實,20,1,19,康和-台南,2023-06-09,8458
2736,富野,54,37,17,康和-台南,2023-06-09,8458
5009,榮剛,18,1,17,康和-台南,2023-06-09,8458
2401,凌陽,16,0,16,康和-台南,2023-06-09,8458
2482,連宇,35,20,15,康和-台南,2023-06-09,8458
2903,遠百,15,0,15,康和-台南,2023-06-09,8458
6279,胡連,20,7,13,康和-台南,2023-06-09,8458
2888,新光金,21,10,11,康和-台南,2023-06-09,8458
1605,華新,11,1,10,康和-台南,2023-06-09,8458
1522,堤維西,12,2,10,康和-台南,2023-06-09,8458
2701,萬企,11,1,10,康和-台南,2023-06-09,8458
4952,凌通,10,0,10,康和-台南,2023-06-09,8458
9924,福興,10,0,10,康和-台南,2023-06-09,8458
2610,華航,15,6,9,康和-台南,2023-06-09,8458
3264,欣銓,10,1,9,康和-台南,2023-06-09,8458
1419,新紡,12,4,8,康和-台南,2023-06-09,8458
2515,中工,10,2,8,康和-台南,2023-06-09,8458
3624,光頡,11,3,8,康和-台南,2023-06-09,8458
2707,晶華,11,5,6,康和-台南,2023-06-09,8458
1503,士電,16,10,6,康和-台南,2023-06-09,8458
00712,復華富時不動產,6,0,6,康和-台南,2023-06-09,8458
6150,撼訊,8,2,6,康和-台南,2023-06-09,8458
8097,常珵,6,0,6,康和-台南,2023-06-09,8458
2363,矽統,5,0,5,康和-台南,2023-06-09,8458
1337,再生-KY,5,0,5,康和-台南,2023-06-09,8458
1319,東陽,7,2,5,康和-台南,2023-06-09,8458
1314,中石化,5,0,5,康和-台南,2023-06-09,8458
1905,華紙,5,0,5,康和-台南,2023-06-09,8458
2337,旺宏,10,5,5,康和-台南,2023-06-09,8458
3498,陽程,5,0,5,康和-台南,2023-06-09,8458
3625,西勝,5,0,5,康和-台南,2023-06-09,8458
4566,時碩工業,5,0,5,康和-台南,2023-06-09,8458
5222,全訊,5,0,5,康和-台南,2023-06-09,8458
5355,佳總,5,0,5,康和-台南,2023-06-09,8458
6128,上福,5,0,5,康和-台南,2023-06-09,8458
6263,普萊德,5,0,5,康和-台南,2023-06-09,8458
6278,台表科,5,0,5,康和-台南,2023-06-09,8458
3706,神達,6,2,4,康和-台南,2023-06-09,8458
2845,遠東銀,217,0,217,康和-台南,2023-06-12,8458
00929,復華台灣科技優息,107,11,96,康和-台南,2023-06-12,8458
2312,金寶,87,1,86,康和-台南,2023-06-12,8458
00715L,期街口布蘭特正2,53,0,53,康和-台南,2023-06-12,8458
2888,新光金,86,44,42,康和-台南,2023-06-12,8458
2303,聯電,44,7,37,康和-台南,2023-06-12,8458
3231,緯創,45,11,34,康和-台南,2023-06-12,8458
0056,元大高股息,33,0,33,康和-台南,2023-06-12,8458
3374,精材,34,1,33,康和-台南,2023-06-12,8458
2618,長榮航,49,17,32,康和-台南,2023-06-12,8458
6770,力積電,30,0,30,康和-台南,2023-06-12,8458
00632R,元大台灣50反1,30,0,30,康和-台南,2023-06-12,8458
1789,神隆,30,0,30,康和-台南,2023-06-12,8458
2606,裕民,30,0,30,康和-台南,2023-06-12,8458
2915,潤泰全,30,0,30,康和-台南,2023-06-12,8458
3360,尚立,30,0,30,康和-台南,2023-06-12,8458
3078,僑威,49,21,28,康和-台南,2023-06-12,8458
2412,中華電,25,0,25,康和-台南,2023-06-12,8458
1605,華新,21,0,21,康和-台南,2023-06-12,8458
2367,燿華,21,0,21,康和-台南,2023-06-12,8458
6548,長科*,18,0,18,康和-台南,2023-06-12,8458
2883,凱基金,24,6,18,康和-台南,2023-06-12,8458
6128,上福,13,0,13,康和-台南,2023-06-12,8458
8926,台汽電,13,0,13,康和-台南,2023-06-12,8458
5465,富驊,12,0,12,康和-台南,2023-06-12,8458
6167,久正,13,1,12,康和-台南,2023-06-12,8458
4533,協易機,12,0,12,康和-台南,2023-06-12,8458
00919,群益台灣精選高息,41,30,11,康和-台南,2023-06-12,8458
2610,華航,10,0,10,康和-台南,2023-06-12,8458
2634,漢翔,16,6,10,康和-台南,2023-06-12,8458
3545,敦泰,10,0,10,康和-台南,2023-06-12,8458
5512,力麒,10,0,10,康和-台南,2023-06-12,8458
8201,無敵,10,0,10,康和-台南,2023-06-12,8458
1101,台泥,11,2,9,康和-台南,2023-06-12,8458
00893,國泰智能電動車,10,1,9,康和-台南,2023-06-12,8458
6789,采鈺,9,0,9,康和-台南,2023-06-12,8458
2481,強茂,10,1,9,康和-台南,2023-06-12,8458
2337,旺宏,9,0,9,康和-台南,2023-06-12,8458
2889,國票金,8,0,8,康和-台南,2023-06-12,8458
8222,寶一,9,1,8,康和-台南,2023-06-12,8458
8271,宇瞻,18,10,8,康和-台南,2023-06-12,8458
6288,聯嘉,17,9,8,康和-台南,2023-06-12,8458
1734,杏輝,7,0,7,康和-台南,2023-06-12,8458
2206,三陽工業,10,3,7,康和-台南,2023-06-12,8458
6233,旺玖,7,0,7,康和-台南,2023-06-12,8458
8085,福華,52,45,7,康和-台南,2023-06-12,8458
1310,台苯,6,0,6,康和-台南,2023-06-12,8458
2890,永豐金,7,1,6,康和-台南,2023-06-12,8458
1513,中興電,7,1,6,康和-台南,2023-06-12,8458
1717,長興,6,0,6,康和-台南,2023-06-12,8458
00919,群益台灣精選高息,160,3,157,康和-台南,2023-06-13,8458
00706L,期元大S＆P日圓正2,100,0,100,康和-台南,2023-06-13,8458
2888,新光金,92,4,88,康和-台南,2023-06-13,8458
00878,國泰永續高股息,68,7,61,康和-台南,2023-06-13,8458
00712,復華富時不動產,40,0,40,康和-台南,2023-06-13,8458
00715L,期街口布蘭特正2,32,0,32,康和-台南,2023-06-13,8458
8085,福華,31,0,31,康和-台南,2023-06-13,8458
00885,富邦越南,30,0,30,康和-台南,2023-06-13,8458
00688L,國泰20年美債正2,30,0,30,康和-台南,2023-06-13,8458
2867,三商壽,30,0,30,康和-台南,2023-06-13,8458
5608,四維航,30,0,30,康和-台南,2023-06-13,8458
2371,大同,29,4,25,康和-台南,2023-06-13,8458
1711,永光,24,2,22,康和-台南,2023-06-13,8458
3013,晟銘電,21,0,21,康和-台南,2023-06-13,8458
2323,中環,17,0,17,康和-台南,2023-06-13,8458
00632R,元大台灣50反1,15,0,15,康和-台南,2023-06-13,8458
6198,瑞築,15,0,15,康和-台南,2023-06-13,8458
6290,良維,14,0,14,康和-台南,2023-06-13,8458
2324,仁寶,13,1,12,康和-台南,2023-06-13,8458
2748,雲品,16,4,12,康和-台南,2023-06-13,8458
00631L,元大台灣50正2,11,0,11,康和-台南,2023-06-13,8458
3545,敦泰,11,0,11,康和-台南,2023-06-13,8458
2890,永豐金,10,0,10,康和-台南,2023-06-13,8458
2201,裕隆,10,0,10,康和-台南,2023-06-13,8458
2612,中航,10,0,10,康和-台南,2023-06-13,8458
4967,十銓,16,6,10,康和-台南,2023-06-13,8458
3360,尚立,9,0,9,康和-台南,2023-06-13,8458
3419,譁裕,10,1,9,康和-台南,2023-06-13,8458
5328,華容,10,1,9,康和-台南,2023-06-13,8458
6548,長科*,9,0,9,康和-台南,2023-06-13,8458
1526,日馳,8,0,8,康和-台南,2023-06-13,8458
1560,中砂,9,1,8,康和-台南,2023-06-13,8458
00751B,元大AAA至A公司債,7,0,7,康和-台南,2023-06-13,8458
00929,復華台灣科技優息,7,0,7,康和-台南,2023-06-13,8458
2369,菱生,7,0,7,康和-台南,2023-06-13,8458
4543,萬在,7,0,7,康和-台南,2023-06-13,8458
1605,華新,7,1,6,康和-台南,2023-06-13,8458
2449,京元電子,17,11,6,康和-台南,2023-06-13,8458
6148,驊宏資,7,1,6,康和-台南,2023-06-13,8458
6180,橘子,6,0,6,康和-台南,2023-06-13,8458
3033,威健,6,0,6,康和-台南,2023-06-13,8458
2889,國票金,6,1,5,康和-台南,2023-06-13,8458
6245,立端,5,0,5,康和-台南,2023-06-13,8458
1340,勝悅-KY,5,0,5,康和-台南,2023-06-13,8458
1701,中化,5,0,5,康和-台南,2023-06-13,8458
2104,國際中橡,5,0,5,康和-台南,2023-06-13,8458
3189,景碩,5,0,5,康和-台南,2023-06-13,8458
4167,松瑞藥,5,0,5,康和-台南,2023-06-13,8458
4746,台耀,5,0,5,康和-台南,2023-06-13,8458
4977,眾達-KY,7,2,5,康和-台南,2023-06-13,8458
00929,復華台灣科技優息,61,0,61,康和-台南,2023-06-14,8458
2356,英業達,84,41,43,康和-台南,2023-06-14,8458
00687B,國泰20年美債,40,0,40,康和-台南,2023-06-14,8458
00893,國泰智能電動車,38,5,33,康和-台南,2023-06-14,8458
00712,復華富時不動產,32,0,32,康和-台南,2023-06-14,8458
1609,大亞,53,23,30,康和-台南,2023-06-14,8458
2323,中環,33,5,28,康和-台南,2023-06-14,8458
1611,中電,38,12,26,康和-台南,2023-06-14,8458
00632R,元大台灣50反1,22,0,22,康和-台南,2023-06-14,8458
4973,廣穎,21,0,21,康和-台南,2023-06-14,8458
3360,尚立,21,0,21,康和-台南,2023-06-14,8458
1312,國喬,20,0,20,康和-台南,2023-06-14,8458
2412,中華電,20,0,20,康和-台南,2023-06-14,8458
2468,華經,20,0,20,康和-台南,2023-06-14,8458
2612,中航,20,0,20,康和-台南,2023-06-14,8458
6167,久正,20,0,20,康和-台南,2023-06-14,8458
6548,長科*,19,0,19,康和-台南,2023-06-14,8458
4510,高鋒,29,13,16,康和-台南,2023-06-14,8458
6122,擎邦,22,6,16,康和-台南,2023-06-14,8458
6806,森崴能源,16,0,16,康和-台南,2023-06-14,8458
3483,力致,15,0,15,康和-台南,2023-06-14,8458
2515,中工,14,0,14,康和-台南,2023-06-14,8458
00679B,元大美債20年,15,2,13,康和-台南,2023-06-14,8458
2634,漢翔,13,0,13,康和-台南,2023-06-14,8458
00891,中信關鍵半導體,12,0,12,康和-台南,2023-06-14,8458
3044,健鼎,11,0,11,康和-台南,2023-06-14,8458
2352,佳世達,21,10,11,康和-台南,2023-06-14,8458
00706L,期元大S＆P日圓正2,10,0,10,康和-台南,2023-06-14,8458
2345,智邦,10,0,10,康和-台南,2023-06-14,8458
8255,朋程,10,0,10,康和-台南,2023-06-14,8458
1319,東陽,10,0,10,康和-台南,2023-06-14,8458
00919,群益台灣精選高息,39,30,9,康和-台南,2023-06-14,8458
1437,勤益控,9,0,9,康和-台南,2023-06-14,8458
2453,凌群,19,10,9,康和-台南,2023-06-14,8458
3576,聯合再生,9,0,9,康和-台南,2023-06-14,8458
2014,中鴻,11,3,8,康和-台南,2023-06-14,8458
3032,偉訓,10,2,8,康和-台南,2023-06-14,8458
4711,永純,8,0,8,康和-台南,2023-06-14,8458
6235,華孚,37,29,8,康和-台南,2023-06-14,8458
8050,廣積,16,8,8,康和-台南,2023-06-14,8458
3046,建��,8,1,7,康和-台南,2023-06-14,8458
2881,富邦金,7,0,7,康和-台南,2023-06-14,8458
3019,亞光,8,1,7,康和-台南,2023-06-14,8458
3147,大綜,7,0,7,康和-台南,2023-06-14,8458
4967,十銓,30,23,7,康和-台南,2023-06-14,8458
5258,虹堡,10,3,7,康和-台南,2023-06-14,8458
1504,東元,16,10,6,康和-台南,2023-06-14,8458
2332,友訊,6,0,6,康和-台南,2023-06-14,8458
2359,所羅門,19,13,6,康和-台南,2023-06-14,8458
2409,友達,6,0,6,康和-台南,2023-06-14,8458
2337,旺宏,101,0,101,康和-台南,2023-06-15,8458
00919,群益台灣精選高息,93,10,83,康和-台南,2023-06-15,8458
2401,凌陽,75,33,42,康和-台南,2023-06-15,8458
00637L,元大滬深300正2,35,0,35,康和-台南,2023-06-15,8458
1609,大亞,56,21,35,康和-台南,2023-06-15,8458
5533,皇鼎,30,0,30,康和-台南,2023-06-15,8458
6282,康舒,39,9,30,康和-台南,2023-06-15,8458
0056,元大高股息,33,5,28,康和-台南,2023-06-15,8458
2471,資通,36,14,22,康和-台南,2023-06-15,8458
4711,永純,22,0,22,康和-台南,2023-06-15,8458
00878,國泰永續高股息,63,42,21,康和-台南,2023-06-15,8458
1608,華榮,20,0,20,康和-台南,2023-06-15,8458
2105,正新,20,0,20,康和-台南,2023-06-15,8458
3483,力致,20,0,20,康和-台南,2023-06-15,8458
4967,十銓,30,10,20,康和-台南,2023-06-15,8458
8076,伍豐,21,1,20,康和-台南,2023-06-15,8458
00632R,元大台灣50反1,15,0,15,康和-台南,2023-06-15,8458
2367,燿華,15,0,15,康和-台南,2023-06-15,8458
1710,東聯,20,5,15,康和-台南,2023-06-15,8458
8147,正淩,13,0,13,康和-台南,2023-06-15,8458
2610,華航,186,174,12,康和-台南,2023-06-15,8458
4906,正文,13,1,12,康和-台南,2023-06-15,8458
3231,緯創,60,48,12,康和-台南,2023-06-15,8458
2332,友訊,16,6,10,康和-台南,2023-06-15,8458
00706L,期元大S＆P日圓正2,10,0,10,康和-台南,2023-06-15,8458
1905,華紙,10,0,10,康和-台南,2023-06-15,8458
3325,旭品,12,2,10,康和-台南,2023-06-15,8458
3532,台勝科,10,0,10,康和-台南,2023-06-15,8458
4173,久裕,10,0,10,康和-台南,2023-06-15,8458
6005,群益證,10,0,10,康和-台南,2023-06-15,8458
8112,至上,10,0,10,康和-台南,2023-06-15,8458
8933,愛地雅,10,0,10,康和-台南,2023-06-15,8458
2603,長榮,9,0,9,康和-台南,2023-06-15,8458
1513,中興電,26,18,8,康和-台南,2023-06-15,8458
2455,全新,8,0,8,康和-台南,2023-06-15,8458
5443,均豪,11,3,8,康和-台南,2023-06-15,8458
6188,廣明,10,2,8,康和-台南,2023-06-15,8458
6548,長科*,10,2,8,康和-台南,2023-06-15,8458
3059,華晶科,23,15,8,康和-台南,2023-06-15,8458
1519,華城,27,19,8,康和-台南,2023-06-15,8458
3178,公準,8,1,7,康和-台南,2023-06-15,8458
2317,鴻海,15,8,7,康和-台南,2023-06-15,8458
1742,台蠟,9,2,7,康和-台南,2023-06-15,8458
2002,中鋼,7,0,7,康和-台南,2023-06-15,8458
3306,鼎天,8,1,7,康和-台南,2023-06-15,8458
6155,鈞寶,7,0,7,康和-台南,2023-06-15,8458
8234,新漢,10,3,7,康和-台南,2023-06-15,8458
1815,富喬,7,0,7,康和-台南,2023-06-15,8458
1717,長興,6,0,6,康和-台南,2023-06-15,8458
6112,邁達特,7,1,6,康和-台南,2023-06-15,8458
00671R,富邦NASDAQ反1,250,0,250,康和-台南,2023-06-16,8458
6770,力積電,91,1,90,康和-台南,2023-06-16,8458
00919,群益台灣精選高息,84,0,84,康和-台南,2023-06-16,8458
1605,華新,135,62,73,康和-台南,2023-06-16,8458
00665L,富邦�琤肭磪囓�2,70,1,69,康和-台南,2023-06-16,8458
2105,正新,55,0,55,康和-台南,2023-06-16,8458
2845,遠東銀,51,0,51,康和-台南,2023-06-16,8458
3706,神達,49,6,43,康和-台南,2023-06-16,8458
2618,長榮航,130,88,42,康和-台南,2023-06-16,8458
020022,元大電動車N,40,2,38,康和-台南,2023-06-16,8458
1734,杏輝,44,6,38,康和-台南,2023-06-16,8458
4916,事欣科,53,22,31,康和-台南,2023-06-16,8458
6190,萬泰科,35,6,29,康和-台南,2023-06-16,8458
8076,伍豐,31,2,29,康和-台南,2023-06-16,8458
00713,元大台灣高息低波,27,0,27,康和-台南,2023-06-16,8458
1529,樂事綠能,40,14,26,康和-台南,2023-06-16,8458
00679B,元大美債20年,25,0,25,康和-台南,2023-06-16,8458
2317,鴻海,31,11,20,康和-台南,2023-06-16,8458
5347,世界,20,0,20,康和-台南,2023-06-16,8458
5515,建國,20,0,20,康和-台南,2023-06-16,8458
5533,皇鼎,20,0,20,康和-台南,2023-06-16,8458
2201,裕隆,19,0,19,康和-台南,2023-06-16,8458
2332,友訊,17,0,17,康和-台南,2023-06-16,8458
2371,大同,25,8,17,康和-台南,2023-06-16,8458
6244,茂迪,21,4,17,康和-台南,2023-06-16,8458
2501,國建,16,0,16,康和-台南,2023-06-16,8458
2915,潤泰全,16,0,16,康和-台南,2023-06-16,8458
3078,僑威,43,28,15,康和-台南,2023-06-16,8458
1503,士電,42,29,13,康和-台南,2023-06-16,8458
2344,華邦電,17,5,12,康和-台南,2023-06-16,8458
2888,新光金,27,15,12,康和-台南,2023-06-16,8458
3024,憶聲,52,40,12,康和-台南,2023-06-16,8458
3583,辛耘,14,2,12,康和-台南,2023-06-16,8458
5443,均豪,12,0,12,康和-台南,2023-06-16,8458
4510,高鋒,11,0,11,康和-台南,2023-06-16,8458
00639,富邦深100,10,0,10,康和-台南,2023-06-16,8458
1307,三芳,30,20,10,康和-台南,2023-06-16,8458
1727,中華化,16,6,10,康和-台南,2023-06-16,8458
2701,萬企,10,0,10,康和-台南,2023-06-16,8458
3105,穩懋,10,0,10,康和-台南,2023-06-16,8458
3532,台勝科,10,0,10,康和-台南,2023-06-16,8458
8201,無敵,10,0,10,康和-台南,2023-06-16,8458
1301,台塑,9,0,9,康和-台南,2023-06-16,8458
2612,中航,9,0,9,康和-台南,2023-06-16,8458
1609,大亞,118,109,9,康和-台南,2023-06-16,8458
2883,凱基金,8,0,8,康和-台南,2023-06-16,8458
1717,長興,8,0,8,康和-台南,2023-06-16,8458
6548,長科*,8,0,8,康和-台南,2023-06-16,8458
2454,聯發科,7,0,7,康和-台南,2023-06-16,8458
8085,福華,77,70,7,康和-台南,2023-06-16,8458
5457,宣德,110,0,110,康和-台南,2023-06-19,8458
6770,力積電,94,0,94,康和-台南,2023-06-19,8458
2881,富邦金,61,0,61,康和-台南,2023-06-19,8458
2606,裕民,60,0,60,康和-台南,2023-06-19,8458
3711,日月光投控,37,0,37,康和-台南,2023-06-19,8458
2538,基泰,33,0,33,康和-台南,2023-06-19,8458
2104,國際中橡,58,26,32,康和-台南,2023-06-19,8458
2501,國建,32,0,32,康和-台南,2023-06-19,8458
2401,凌陽,46,15,31,康和-台南,2023-06-19,8458
2883,凱基金,31,0,31,康和-台南,2023-06-19,8458
3715,定穎投控,32,1,31,康和-台南,2023-06-19,8458
00665L,富邦�琤肭磪囓�2,30,0,30,康和-台南,2023-06-19,8458
3317,尼克森,30,0,30,康和-台南,2023-06-19,8458
8070,長華*,27,0,27,康和-台南,2023-06-19,8458
2888,新光金,50,24,26,康和-台南,2023-06-19,8458
00712,復華富時不動產,22,0,22,康和-台南,2023-06-19,8458
1710,東聯,22,0,22,康和-台南,2023-06-19,8458
1513,中興電,53,31,22,康和-台南,2023-06-19,8458
2324,仁寶,20,1,19,康和-台南,2023-06-19,8458
2618,長榮航,49,31,18,康和-台南,2023-06-19,8458
2323,中環,31,13,18,康和-台南,2023-06-19,8458
4977,眾達-KY,24,7,17,康和-台南,2023-06-19,8458
2317,鴻海,21,5,16,康和-台南,2023-06-19,8458
2504,國產,14,0,14,康和-台南,2023-06-19,8458
5425,台半,14,0,14,康和-台南,2023-06-19,8458
5328,華容,13,0,13,康和-台南,2023-06-19,8458
0056,元大高股息,12,0,12,康和-台南,2023-06-19,8458
2332,友訊,12,0,12,康和-台南,2023-06-19,8458
2382,廣達,14,3,11,康和-台南,2023-06-19,8458
1609,大亞,15,4,11,康和-台南,2023-06-19,8458
6104,創惟,11,0,11,康和-台南,2023-06-19,8458
6116,彩晶,27,17,10,康和-台南,2023-06-19,8458
1531,高林股,10,0,10,康和-台南,2023-06-19,8458
2399,映泰,10,0,10,康和-台南,2023-06-19,8458
2419,仲琦,10,0,10,康和-台南,2023-06-19,8458
2612,中航,10,0,10,康和-台南,2023-06-19,8458
2701,萬企,10,0,10,康和-台南,2023-06-19,8458
3532,台勝科,10,0,10,康和-台南,2023-06-19,8458
4538,大詠城,10,0,10,康和-台南,2023-06-19,8458
4754,國碳科,10,0,10,康和-台南,2023-06-19,8458
6016,康和證,10,0,10,康和-台南,2023-06-19,8458
6488,環球晶,10,0,10,康和-台南,2023-06-19,8458
8085,福華,70,60,10,康和-台南,2023-06-19,8458
6282,康舒,11,2,9,康和-台南,2023-06-19,8458
1525,江申,12,4,8,康和-台南,2023-06-19,8458
2344,華邦電,8,0,8,康和-台南,2023-06-19,8458
8050,廣積,7,0,7,康和-台南,2023-06-19,8458
1815,富喬,8,1,7,康和-台南,2023-06-19,8458
2303,聯電,8,1,7,康和-台南,2023-06-19,8458
3032,偉訓,9,2,7,康和-台南,2023-06-19,8458
5905,南仁湖,51,3,48,康和-台南,2023-06-20,8458
2002,中鋼,50,3,47,康和-台南,2023-06-20,8458
2538,基泰,43,0,43,康和-台南,2023-06-20,8458
5457,宣德,40,0,40,康和-台南,2023-06-20,8458
6123,上奇,35,0,35,康和-台南,2023-06-20,8458
3481,群創,44,11,33,康和-台南,2023-06-20,8458
5512,力麒,33,1,32,康和-台南,2023-06-20,8458
00665L,富邦�琤肭磪囓�2,31,0,31,康和-台南,2023-06-20,8458
8112,至上,30,0,30,康和-台南,2023-06-20,8458
2706,第一店,27,2,25,康和-台南,2023-06-20,8458
5009,榮剛,26,1,25,康和-台南,2023-06-20,8458
2618,長榮航,61,39,22,康和-台南,2023-06-20,8458
00637L,元大滬深300正2,20,0,20,康和-台南,2023-06-20,8458
2634,漢翔,46,26,20,康和-台南,2023-06-20,8458
2610,華航,35,16,19,康和-台南,2023-06-20,8458
8234,新漢,26,8,18,康和-台南,2023-06-20,8458
3252,海灣,29,13,16,康和-台南,2023-06-20,8458
2367,燿華,15,0,15,康和-台南,2023-06-20,8458
3056,富華新,15,0,15,康和-台南,2023-06-20,8458
3406,玉晶光,15,0,15,康和-台南,2023-06-20,8458
1210,大成,14,0,14,康和-台南,2023-06-20,8458
4711,永純,14,0,14,康和-台南,2023-06-20,8458
2883,凱基金,13,0,13,康和-台南,2023-06-20,8458
4979,華星光,47,35,12,康和-台南,2023-06-20,8458
2356,英業達,15,3,12,康和-台南,2023-06-20,8458
00713,元大台灣高息低波,12,0,12,康和-台南,2023-06-20,8458
2406,國碩,12,0,12,康和-台南,2023-06-20,8458
2545,皇翔,12,0,12,康和-台南,2023-06-20,8458
00679B,元大美債20年,11,0,11,康和-台南,2023-06-20,8458
3532,台勝科,11,0,11,康和-台南,2023-06-20,8458
1611,中電,10,0,10,康和-台南,2023-06-20,8458
2881,富邦金,10,0,10,康和-台南,2023-06-20,8458
3015,全漢,10,0,10,康和-台南,2023-06-20,8458
5328,華容,10,0,10,康和-台南,2023-06-20,8458
6217,中探針,15,5,10,康和-台南,2023-06-20,8458
8926,台汽電,10,0,10,康和-台南,2023-06-20,8458
1218,泰山,10,1,9,康和-台南,2023-06-20,8458
1504,東元,24,15,9,康和-台南,2023-06-20,8458
6111,大宇資,12,3,9,康和-台南,2023-06-20,8458
2454,聯發科,10,1,9,康和-台南,2023-06-20,8458
2515,中工,8,0,8,康和-台南,2023-06-20,8458
6154,順發,7,0,7,康和-台南,2023-06-20,8458
8064,東捷,7,0,7,康和-台南,2023-06-20,8458
2705,六福,10,4,6,康和-台南,2023-06-20,8458
8033,雷虎,8,2,6,康和-台南,2023-06-20,8458
2330,台積電,5,0,5,康和-台南,2023-06-20,8458
6235,華孚,11,6,5,康和-台南,2023-06-20,8458
1319,東陽,6,1,5,康和-台南,2023-06-20,8458
00919,群益台灣精選高息,6,1,5,康和-台南,2023-06-20,8458
2208,台船,5,0,5,康和-台南,2023-06-20,8458
5608,四維航,92,0,92,康和-台南,2023-06-21,8458
2705,六福,51,5,46,康和-台南,2023-06-21,8458
2634,漢翔,75,33,42,康和-台南,2023-06-21,8458
2888,新光金,40,4,36,康和-台南,2023-06-21,8458
3056,富華新,51,15,36,康和-台南,2023-06-21,8458
2606,裕民,30,0,30,康和-台南,2023-06-21,8458
00688L,國泰20年美債正2,20,0,20,康和-台南,2023-06-21,8458
3374,精材,23,3,20,康和-台南,2023-06-21,8458
2363,矽統,20,1,19,康和-台南,2023-06-21,8458
2073,雄順,19,0,19,康和-台南,2023-06-21,8458
2356,英業達,32,13,19,康和-台南,2023-06-21,8458
1605,華新,22,4,18,康和-台南,2023-06-21,8458
6695,芯鼎,19,1,18,康和-台南,2023-06-21,8458
2889,國票金,17,0,17,康和-台南,2023-06-21,8458
3027,盛達,25,8,17,康和-台南,2023-06-21,8458
2382,廣達,29,12,17,康和-台南,2023-06-21,8458
2303,聯電,17,1,16,康和-台南,2023-06-21,8458
2748,雲品,30,14,16,康和-台南,2023-06-21,8458
2388,威盛,15,1,14,康和-台南,2023-06-21,8458
00665L,富邦�琤肭磪囓�2,11,0,11,康和-台南,2023-06-21,8458
2405,輔信,12,1,11,康和-台南,2023-06-21,8458
3078,僑威,36,25,11,康和-台南,2023-06-21,8458
4960,誠美材,12,1,11,康和-台南,2023-06-21,8458
6282,康舒,17,6,11,康和-台南,2023-06-21,8458
2722,夏都,12,1,11,康和-台南,2023-06-21,8458
00637L,元大滬深300正2,10,0,10,康和-台南,2023-06-21,8458
3532,台勝科,10,0,10,康和-台南,2023-06-21,8458
4726,永昕,10,0,10,康和-台南,2023-06-21,8458
6770,力積電,10,0,10,康和-台南,2023-06-21,8458
8069,元太,13,3,10,康和-台南,2023-06-21,8458
4967,十銓,12,3,9,康和-台南,2023-06-21,8458
1310,台苯,10,1,9,康和-台南,2023-06-21,8458
1513,中興電,18,11,7,康和-台南,2023-06-21,8458
2603,長榮,8,1,7,康和-台南,2023-06-21,8458
1504,東元,9,2,7,康和-台南,2023-06-21,8458
2427,三商電,10,3,7,康和-台南,2023-06-21,8458
3045,台灣大,7,0,7,康和-台南,2023-06-21,8458
8046,南電,7,0,7,康和-台南,2023-06-21,8458
2330,台積電,8,2,6,康和-台南,2023-06-21,8458
00753L,中信中國50正2,6,0,6,康和-台南,2023-06-21,8458
1591,駿吉-KY,6,0,6,康和-台南,2023-06-21,8458
2605,新興,6,0,6,康和-台南,2023-06-21,8458
3706,神達,9,3,6,康和-台南,2023-06-21,8458
00632R,元大台灣50反1,5,0,5,康和-台南,2023-06-21,8458
1340,勝悅-KY,5,0,5,康和-台南,2023-06-21,8458
1795,美時,6,1,5,康和-台南,2023-06-21,8458
2101,南港,5,0,5,康和-台南,2023-06-21,8458
2337,旺宏,5,0,5,康和-台南,2023-06-21,8458
2476,鉅祥,5,0,5,康和-台南,2023-06-21,8458
3515,華擎,9,4,5,康和-台南,2023-06-21,8458
1609,大亞,104,3,101,康和-台南,2023-06-26,8458
00631L,元大台灣50正2,100,0,100,康和-台南,2023-06-26,8458
6770,力積電,90,0,90,康和-台南,2023-06-26,8458
00637L,元大滬深300正2,86,0,86,康和-台南,2023-06-26,8458
2409,友達,85,13,72,康和-台南,2023-06-26,8458
1907,永豐餘,75,12,63,康和-台南,2023-06-26,8458
2371,大同,69,7,62,康和-台南,2023-06-26,8458
2881,富邦金,62,0,62,康和-台南,2023-06-26,8458
2023,燁輝,53,0,53,康和-台南,2023-06-26,8458
2439,美律,50,1,49,康和-台南,2023-06-26,8458
2462,良得電,45,0,45,康和-台南,2023-06-26,8458
4564,元翎,39,1,38,康和-台南,2023-06-26,8458
2501,國建,35,0,35,康和-台南,2023-06-26,8458
1605,華新,34,0,34,康和-台南,2023-06-26,8458
7402,邑錡,40,8,32,康和-台南,2023-06-26,8458
6125,廣運,45,21,24,康和-台南,2023-06-26,8458
00882,中信中國高股息,21,0,21,康和-台南,2023-06-26,8458
1710,東聯,20,0,20,康和-台南,2023-06-26,8458
4915,致伸,21,1,20,康和-台南,2023-06-26,8458
2303,聯電,21,3,18,康和-台南,2023-06-26,8458
3032,偉訓,21,4,17,康和-台南,2023-06-26,8458
5457,宣德,17,0,17,康和-台南,2023-06-26,8458
1905,華紙,23,7,16,康和-台南,2023-06-26,8458
2412,中華電,16,0,16,康和-台南,2023-06-26,8458
2610,華航,18,2,16,康和-台南,2023-06-26,8458
2883,凱基金,15,0,15,康和-台南,2023-06-26,8458
4543,萬在,29,14,15,康和-台南,2023-06-26,8458
4960,誠美材,12,0,12,康和-台南,2023-06-26,8458
00929,復華台灣科技優息,11,0,11,康和-台南,2023-06-26,8458
2457,飛宏,13,2,11,康和-台南,2023-06-26,8458
6288,聯嘉,11,0,11,康和-台南,2023-06-26,8458
00923,群益台ESG低碳50,10,0,10,康和-台南,2023-06-26,8458
00706L,期元大S＆P日圓正2,10,0,10,康和-台南,2023-06-26,8458
1307,三芳,10,0,10,康和-台南,2023-06-26,8458
00885,富邦越南,10,0,10,康和-台南,2023-06-26,8458
1611,中電,10,0,10,康和-台南,2023-06-26,8458
2031,新光鋼,10,0,10,康和-台南,2023-06-26,8458
2342,茂矽,10,0,10,康和-台南,2023-06-26,8458
2468,華經,10,0,10,康和-台南,2023-06-26,8458
2605,新興,10,0,10,康和-台南,2023-06-26,8458
2748,雲品,14,5,9,康和-台南,2023-06-26,8458
8234,新漢,10,1,9,康和-台南,2023-06-26,8458
2886,兆豐金,8,0,8,康和-台南,2023-06-26,8458
1217,愛之味,10,2,8,康和-台南,2023-06-26,8458
6266,泰詠,8,0,8,康和-台南,2023-06-26,8458
1504,東元,6,0,6,康和-台南,2023-06-26,8458
3362,先進光,6,0,6,康和-台南,2023-06-26,8458
3498,陽程,6,0,6,康和-台南,2023-06-26,8458
4746,台耀,9,3,6,康和-台南,2023-06-26,8458
2323,中環,14,8,6,康和-台南,2023-06-26,8458
2618,長榮航,639,45,594,康和-台南,2023-06-27,8458
2888,新光金,150,3,147,康和-台南,2023-06-27,8458
6770,力積電,93,1,92,康和-台南,2023-06-27,8458
2610,華航,120,44,76,康和-台南,2023-06-27,8458
2538,基泰,55,0,55,康和-台南,2023-06-27,8458
2303,聯電,57,5,52,康和-台南,2023-06-27,8458
8112,至上,51,2,49,康和-台南,2023-06-27,8458
2634,漢翔,49,4,45,康和-台南,2023-06-27,8458
5608,四維航,45,0,45,康和-台南,2023-06-27,8458
2885,元大金,30,0,30,康和-台南,2023-06-27,8458
1777,生泰,30,0,30,康和-台南,2023-06-27,8458
1609,大亞,148,120,28,康和-台南,2023-06-27,8458
2317,鴻海,38,10,28,康和-台南,2023-06-27,8458
00885,富邦越南,25,0,25,康和-台南,2023-06-27,8458
1608,華榮,25,0,25,康和-台南,2023-06-27,8458
1504,東元,23,0,23,康和-台南,2023-06-27,8458
2409,友達,45,25,20,康和-台南,2023-06-27,8458
4967,十銓,41,22,19,康和-台南,2023-06-27,8458
2609,陽明,21,4,17,康和-台南,2023-06-27,8458
2883,凱基金,17,0,17,康和-台南,2023-06-27,8458
1471,首利,19,3,16,康和-台南,2023-06-27,8458
00929,復華台灣科技優息,14,0,14,康和-台南,2023-06-27,8458
3083,網龍,14,0,14,康和-台南,2023-06-27,8458
2344,華邦電,19,6,13,康和-台南,2023-06-27,8458
4106,雃博,14,1,13,康和-台南,2023-06-27,8458
6154,順發,13,0,13,康和-台南,2023-06-27,8458
2427,三商電,61,49,12,康和-台南,2023-06-27,8458
3202,樺晟,11,0,11,康和-台南,2023-06-27,8458
0056,元大高股息,11,1,10,康和-台南,2023-06-27,8458
1785,光洋科,12,2,10,康和-台南,2023-06-27,8458
2406,國碩,20,10,10,康和-台南,2023-06-27,8458
4510,高鋒,10,0,10,康和-台南,2023-06-27,8458
6016,康和證,10,0,10,康和-台南,2023-06-27,8458
6226,光鼎,10,0,10,康和-台南,2023-06-27,8458
3711,日月光投控,10,1,9,康和-台南,2023-06-27,8458
4128,中天,10,1,9,康和-台南,2023-06-27,8458
1784,訊聯,8,0,8,康和-台南,2023-06-27,8458
1909,榮成,8,0,8,康和-台南,2023-06-27,8458
3625,西勝,8,0,8,康和-台南,2023-06-27,8458
6470,宇智,8,0,8,康和-台南,2023-06-27,8458
1314,中石化,8,0,8,康和-台南,2023-06-27,8458
00712,復華富時不動產,7,0,7,康和-台南,2023-06-27,8458
1605,華新,26,19,7,康和-台南,2023-06-27,8458
2412,中華電,7,0,7,康和-台南,2023-06-27,8458
1529,樂事綠能,11,4,7,康和-台南,2023-06-27,8458
2501,國建,7,0,7,康和-台南,2023-06-27,8458
2511,太子,7,0,7,康和-台南,2023-06-27,8458
3207,耀勝,7,0,7,康和-台南,2023-06-27,8458
3706,神達,14,7,7,康和-台南,2023-06-27,8458
5512,力麒,7,0,7,康和-台南,2023-06-27,8458
1522,堤維西,400,1,399,康和-台南,2023-06-28,8458
2606,裕民,64,0,64,康和-台南,2023-06-28,8458
1605,華新,61,6,55,康和-台南,2023-06-28,8458
00715L,期街口布蘭特正2,55,0,55,康和-台南,2023-06-28,8458
1733,五鼎,31,0,31,康和-台南,2023-06-28,8458
1714,和桐,30,0,30,康和-台南,2023-06-28,8458
4906,正文,35,6,29,康和-台南,2023-06-28,8458
2312,金寶,23,0,23,康和-台南,2023-06-28,8458
2906,高林,23,1,22,康和-台南,2023-06-28,8458
1785,光洋科,21,0,21,康和-台南,2023-06-28,8458
1710,東聯,20,0,20,康和-台南,2023-06-28,8458
2867,三商壽,20,0,20,康和-台南,2023-06-28,8458
2888,新光金,20,0,20,康和-台南,2023-06-28,8458
1513,中興電,26,8,18,康和-台南,2023-06-28,8458
5608,四維航,16,0,16,康和-台南,2023-06-28,8458
6691,洋基工程,16,0,16,康和-台南,2023-06-28,8458
00706L,期元大S＆P日圓正2,15,0,15,康和-台南,2023-06-28,8458
1609,大亞,16,2,14,康和-台南,2023-06-28,8458
6125,廣運,12,1,11,康和-台南,2023-06-28,8458
2337,旺宏,11,0,11,康和-台南,2023-06-28,8458
6148,驊宏資,13,2,11,康和-台南,2023-06-28,8458
2885,元大金,10,0,10,康和-台南,2023-06-28,8458
1777,生泰,10,0,10,康和-台南,2023-06-28,8458
2409,友達,20,10,10,康和-台南,2023-06-28,8458
2883,凱基金,10,0,10,康和-台南,2023-06-28,8458
3707,漢磊,10,0,10,康和-台南,2023-06-28,8458
8271,宇瞻,10,0,10,康和-台南,2023-06-28,8458
2390,云辰,9,0,9,康和-台南,2023-06-28,8458
3481,群創,9,0,9,康和-台南,2023-06-28,8458
5222,全訊,10,1,9,康和-台南,2023-06-28,8458
6116,彩晶,22,13,9,康和-台南,2023-06-28,8458
8048,德勝,12,4,8,康和-台南,2023-06-28,8458
1504,東元,9,2,7,康和-台南,2023-06-28,8458
3056,富華新,7,0,7,康和-台南,2023-06-28,8458
2356,英業達,13,7,6,康和-台南,2023-06-28,8458
00877,復華中國5G,6,0,6,康和-台南,2023-06-28,8458
2340,台亞,12,6,6,康和-台南,2023-06-28,8458
2605,新興,6,0,6,康和-台南,2023-06-28,8458
8054,安國,6,0,6,康和-台南,2023-06-28,8458
6770,力積電,6,1,5,康和-台南,2023-06-28,8458
00882,中信中國高股息,5,0,5,康和-台南,2023-06-28,8458
2104,國際中橡,5,0,5,康和-台南,2023-06-28,8458
4121,優盛,6,1,5,康和-台南,2023-06-28,8458
6160,欣技,5,0,5,康和-台南,2023-06-28,8458
6741,91APP*-KY,7,2,5,康和-台南,2023-06-28,8458
3419,譁裕,5,0,5,康和-台南,2023-06-28,8458
6285,啟��,14,10,4,康和-台南,2023-06-28,8458
2317,鴻海,14,10,4,康和-台南,2023-06-28,8458
2020,美亞,4,0,4,康和-台南,2023-06-28,8458
2201,裕隆,4,0,4,康和-台南,2023-06-28,8458
2618,長榮航,325,6,319,康和-台南,2023-06-29,8458
00631L,元大台灣50正2,200,0,200,康和-台南,2023-06-29,8458
4746,台耀,75,4,71,康和-台南,2023-06-29,8458
2419,仲琦,89,22,67,康和-台南,2023-06-29,8458
1471,首利,30,3,27,康和-台南,2023-06-29,8458
3006,晶豪科,31,6,25,康和-台南,2023-06-29,8458
3380,明泰,32,7,25,康和-台南,2023-06-29,8458
2344,華邦電,37,13,24,康和-台南,2023-06-29,8458
3025,星通,25,1,24,康和-台南,2023-06-29,8458
00882,中信中國高股息,21,0,21,康和-台南,2023-06-29,8458
5533,皇鼎,20,0,20,康和-台南,2023-06-29,8458
3035,智原,57,37,20,康和-台南,2023-06-29,8458
1101,台泥,16,0,16,康和-台南,2023-06-29,8458
2317,鴻海,21,5,16,康和-台南,2023-06-29,8458
2324,仁寶,14,0,14,康和-台南,2023-06-29,8458
2886,兆豐金,26,12,14,康和-台南,2023-06-29,8458
4564,元翎,12,0,12,康和-台南,2023-06-29,8458
2609,陽明,12,1,11,康和-台南,2023-06-29,8458
6285,啟��,19,8,11,康和-台南,2023-06-29,8458
1229,聯華,11,0,11,康和-台南,2023-06-29,8458
2427,三商電,10,0,10,康和-台南,2023-06-29,8458
2388,威盛,11,2,9,康和-台南,2023-06-29,8458
6485,點序,9,0,9,康和-台南,2023-06-29,8458
1513,中興電,25,17,8,康和-台南,2023-06-29,8458
2501,國建,8,0,8,康和-台南,2023-06-29,8458
6122,擎邦,14,6,8,康和-台南,2023-06-29,8458
6185,幃翔,8,0,8,康和-台南,2023-06-29,8458
1605,華新,30,23,7,康和-台南,2023-06-29,8458
4916,事欣科,7,0,7,康和-台南,2023-06-29,8458
8076,伍豐,10,3,7,康和-台南,2023-06-29,8458
1714,和桐,6,0,6,康和-台南,2023-06-29,8458
2882,國泰金,6,0,6,康和-台南,2023-06-29,8458
5521,工信,7,1,6,康和-台南,2023-06-29,8458
5608,四維航,6,0,6,康和-台南,2023-06-29,8458
2748,雲品,15,10,5,康和-台南,2023-06-29,8458
00753L,中信中國50正2,5,0,5,康和-台南,2023-06-29,8458
00929,復華台灣科技優息,5,0,5,康和-台南,2023-06-29,8458
00922,國泰台灣領袖50,5,0,5,康和-台南,2023-06-29,8458
2303,聯電,7,2,5,康和-台南,2023-06-29,8458
2511,太子,5,0,5,康和-台南,2023-06-29,8458
2610,華航,8,3,5,康和-台南,2023-06-29,8458
3032,偉訓,5,0,5,康和-台南,2023-06-29,8458
3047,訊舟,5,0,5,康和-台南,2023-06-29,8458
4977,眾達-KY,7,2,5,康和-台南,2023-06-29,8458
5452,佶優,5,0,5,康和-台南,2023-06-29,8458
8105,凌巨,5,0,5,康和-台南,2023-06-29,8458
8150,南茂,5,0,5,康和-台南,2023-06-29,8458
1303,南亞,4,0,4,康和-台南,2023-06-29,8458
2468,華經,4,0,4,康和-台南,2023-06-29,8458
3010,華立,4,0,4,康和-台南,2023-06-29,8458
6116,彩晶,200,0,200,康和-台南,2023-06-30,8458
2881,富邦金,61,0,61,康和-台南,2023-06-30,8458
2002,中鋼,60,0,60,康和-台南,2023-06-30,8458
2538,基泰,50,0,50,康和-台南,2023-06-30,8458
00751B,元大AAA至A公司債,44,0,44,康和-台南,2023-06-30,8458
00720B,元大投資級公司債,43,0,43,康和-台南,2023-06-30,8458
2888,新光金,40,2,38,康和-台南,2023-06-30,8458
3207,耀勝,40,8,32,康和-台南,2023-06-30,8458
2883,凱基金,32,0,32,康和-台南,2023-06-30,8458
6122,擎邦,33,8,25,康和-台南,2023-06-30,8458
2406,國碩,20,0,20,康和-台南,2023-06-30,8458
6470,宇智,22,3,19,康和-台南,2023-06-30,8458
2303,聯電,18,2,16,康和-台南,2023-06-30,8458
5533,皇鼎,14,0,14,康和-台南,2023-06-30,8458
2882,國泰金,13,0,13,康和-台南,2023-06-30,8458
2409,友達,13,0,13,康和-台南,2023-06-30,8458
8085,福華,84,72,12,康和-台南,2023-06-30,8458
8426,紅木-KY,13,1,12,康和-台南,2023-06-30,8458
2885,元大金,11,0,11,康和-台南,2023-06-30,8458
1319,東陽,10,0,10,康和-台南,2023-06-30,8458
1589,永冠-KY,10,0,10,康和-台南,2023-06-30,8458
1905,華紙,11,1,10,康和-台南,2023-06-30,8458
8050,廣積,32,22,10,康和-台南,2023-06-30,8458
3078,僑威,23,14,9,康和-台南,2023-06-30,8458
2618,長榮航,18,9,9,康和-台南,2023-06-30,8458
2402,毅嘉,16,8,8,康和-台南,2023-06-30,8458
3481,群創,17,10,7,康和-台南,2023-06-30,8458
1504,東元,10,3,7,康和-台南,2023-06-30,8458
2462,良得電,30,24,6,康和-台南,2023-06-30,8458
2615,萬海,6,0,6,康和-台南,2023-06-30,8458
2801,彰銀,8,2,6,康和-台南,2023-06-30,8458
6235,華孚,9,3,6,康和-台南,2023-06-30,8458
2889,國票金,5,0,5,康和-台南,2023-06-30,8458
00795B,中信美國公債20年,5,0,5,康和-台南,2023-06-30,8458
1101,台泥,5,0,5,康和-台南,2023-06-30,8458
2206,三陽工業,7,2,5,康和-台南,2023-06-30,8458
2337,旺宏,15,10,5,康和-台南,2023-06-30,8458
2353,宏��,5,0,5,康和-台南,2023-06-30,8458
2610,華航,7,2,5,康和-台南,2023-06-30,8458
4543,萬在,11,6,5,康和-台南,2023-06-30,8458
4564,元翎,5,0,5,康和-台南,2023-06-30,8458
4953,緯軟,5,0,5,康和-台南,2023-06-30,8458
6153,嘉聯益,12,7,5,康和-台南,2023-06-30,8458
6285,啟��,6,1,5,康和-台南,2023-06-30,8458
2609,陽明,25,20,5,康和-台南,2023-06-30,8458
2630,亞航,5,1,4,康和-台南,2023-06-30,8458
2105,正新,4,0,4,康和-台南,2023-06-30,8458
3205,佰研,4,0,4,康和-台南,2023-06-30,8458
6550,北極星藥業-KY,4,0,4,康和-台南,2023-06-30,8458
00687B,國泰20年美債,3,0,3,康和-台南,2023-06-30,8458
3481,群創,307,1,306,康和-台南,2023-07-03,8458
1609,大亞,72,13,59,康和-台南,2023-07-03,8458
1108,幸福,60,2,58,康和-台南,2023-07-03,8458
1528,恩德,57,0,57,康和-台南,2023-07-03,8458
2637,慧洋-KY,52,7,45,康和-台南,2023-07-03,8458
3380,明泰,41,0,41,康和-台南,2023-07-03,8458
2356,英業達,43,10,33,康和-台南,2023-07-03,8458
2538,基泰,30,0,30,康和-台南,2023-07-03,8458
5243,乙盛-KY,30,0,30,康和-台南,2023-07-03,8458
2511,太子,31,2,29,康和-台南,2023-07-03,8458
1319,東陽,31,3,28,康和-台南,2023-07-03,8458
6282,康舒,27,3,24,康和-台南,2023-07-03,8458
1506,正道,20,0,20,康和-台南,2023-07-03,8458
2105,正新,19,0,19,康和-台南,2023-07-03,8458
2332,友訊,20,1,19,康和-台南,2023-07-03,8458
5465,富驊,18,1,17,康和-台南,2023-07-03,8458
2317,鴻海,24,9,15,康和-台南,2023-07-03,8458
1710,東聯,25,10,15,康和-台南,2023-07-03,8458
00673R,期元大S＆P原油反1,15,0,15,康和-台南,2023-07-03,8458
2501,國建,15,0,15,康和-台南,2023-07-03,8458
2705,六福,16,3,13,康和-台南,2023-07-03,8458
2027,大成鋼,13,1,12,康和-台南,2023-07-03,8458
2359,所羅門,18,6,12,康和-台南,2023-07-03,8458
3673,TPK-KY,12,1,11,康和-台南,2023-07-03,8458
2303,聯電,13,2,11,康和-台南,2023-07-03,8458
2886,兆豐金,10,0,10,康和-台南,2023-07-03,8458
1568,倉佑,10,0,10,康和-台南,2023-07-03,8458
2419,仲琦,11,1,10,康和-台南,2023-07-03,8458
3483,力致,14,4,10,康和-台南,2023-07-03,8458
3532,台勝科,10,0,10,康和-台南,2023-07-03,8458
5258,虹堡,10,0,10,康和-台南,2023-07-03,8458
1519,華城,10,1,9,康和-台南,2023-07-03,8458
2427,三商電,14,5,9,康和-台南,2023-07-03,8458
3058,立德,10,1,9,康和-台南,2023-07-03,8458
4564,元翎,51,42,9,康和-台南,2023-07-03,8458
00919,群益台灣精選高息,9,1,8,康和-台南,2023-07-03,8458
3207,耀勝,9,2,7,康和-台南,2023-07-03,8458
3374,精材,8,1,7,康和-台南,2023-07-03,8458
1907,永豐餘,13,6,7,康和-台南,2023-07-03,8458
2201,裕隆,7,0,7,康和-台南,2023-07-03,8458
2453,凌群,13,6,7,康和-台南,2023-07-03,8458
6235,華孚,13,6,7,康和-台南,2023-07-03,8458
2382,廣達,18,11,7,康和-台南,2023-07-03,8458
1618,合機,6,0,6,康和-台南,2023-07-03,8458
2020,美亞,6,0,6,康和-台南,2023-07-03,8458
2615,萬海,13,7,6,康和-台南,2023-07-03,8458
2634,漢翔,8,2,6,康和-台南,2023-07-03,8458
3325,旭品,7,1,6,康和-台南,2023-07-03,8458
5533,皇鼎,6,0,6,康和-台南,2023-07-03,8458
6126,信音,6,0,6,康和-台南,2023-07-03,8458
00650L,復華香港正2,800,0,800,康和-台南,2023-07-04,8458
2618,長榮航,415,17,398,康和-台南,2023-07-04,8458
00919,群益台灣精選高息,173,42,131,康和-台南,2023-07-04,8458
3711,日月光投控,103,3,100,康和-台南,2023-07-04,8458
2883,凱基金,82,5,77,康和-台南,2023-07-04,8458
00929,復華台灣科技優息,71,0,71,康和-台南,2023-07-04,8458
2399,映泰,75,6,69,康和-台南,2023-07-04,8458
3706,神達,75,17,58,康和-台南,2023-07-04,8458
2371,大同,53,1,52,康和-台南,2023-07-04,8458
5469,瀚宇博,52,0,52,康和-台南,2023-07-04,8458
2427,三商電,74,30,44,康和-台南,2023-07-04,8458
2603,長榮,52,11,41,康和-台南,2023-07-04,8458
1815,富喬,40,0,40,康和-台南,2023-07-04,8458
2002,中鋼,60,21,39,康和-台南,2023-07-04,8458
1217,愛之味,32,0,32,康和-台南,2023-07-04,8458
0056,元大高股息,97,67,30,康和-台南,2023-07-04,8458
1609,大亞,76,46,30,康和-台南,2023-07-04,8458
5243,乙盛-KY,31,1,30,康和-台南,2023-07-04,8458
2317,鴻海,29,3,26,康和-台南,2023-07-04,8458
1802,台玻,27,2,25,康和-台南,2023-07-04,8458
8049,晶采,24,0,24,康和-台南,2023-07-04,8458
5328,華容,22,0,22,康和-台南,2023-07-04,8458
2609,陽明,42,21,21,康和-台南,2023-07-04,8458
3356,奇偶,22,1,21,康和-台南,2023-07-04,8458
4533,協易機,21,0,21,康和-台南,2023-07-04,8458
1409,新纖,20,0,20,康和-台南,2023-07-04,8458
3265,台星科,25,5,20,康和-台南,2023-07-04,8458
2408,南亞科,20,1,19,康和-台南,2023-07-04,8458
00878,國泰永續高股息,77,58,19,康和-台南,2023-07-04,8458
1905,華紙,36,21,15,康和-台南,2023-07-04,8458
2367,燿華,15,0,15,康和-台南,2023-07-04,8458
1810,和成,15,1,14,康和-台南,2023-07-04,8458
6112,邁達特,14,0,14,康和-台南,2023-07-04,8458
1531,高林股,13,0,13,康和-台南,2023-07-04,8458
2748,雲品,17,4,13,康和-台南,2023-07-04,8458
3380,明泰,30,17,13,康和-台南,2023-07-04,8458
2340,台亞,12,0,12,康和-台南,2023-07-04,8458
2409,友達,18,6,12,康和-台南,2023-07-04,8458
6104,創惟,11,0,11,康和-台南,2023-07-04,8458
2801,彰銀,11,0,11,康和-台南,2023-07-04,8458
4532,瑞智,11,0,11,康和-台南,2023-07-04,8458
6470,宇智,27,16,11,康和-台南,2023-07-04,8458
2301,光寶科,20,9,11,康和-台南,2023-07-04,8458
3013,晟銘電,18,8,10,康和-台南,2023-07-04,8458
6269,台郡,10,0,10,康和-台南,2023-07-04,8458
1809,中釉,11,3,8,康和-台南,2023-07-04,8458
1760,寶齡富錦,10,2,8,康和-台南,2023-07-04,8458
4906,正文,22,14,8,康和-台南,2023-07-04,8458
5309,系統電,8,0,8,康和-台南,2023-07-04,8458
00662,富邦NASDAQ,8,0,8,康和-台南,2023-07-04,8458
1522,堤維西,629,2,627,康和-台南,2023-07-05,8458
2883,凱基金,86,5,81,康和-台南,2023-07-05,8458
2603,長榮,76,6,70,康和-台南,2023-07-05,8458
5469,瀚宇博,53,0,53,康和-台南,2023-07-05,8458
2371,大同,52,1,51,康和-台南,2023-07-05,8458
4906,正文,43,0,43,康和-台南,2023-07-05,8458
2641,正德,35,0,35,康和-台南,2023-07-05,8458
3380,明泰,33,1,32,康和-台南,2023-07-05,8458
2356,英業達,38,9,29,康和-台南,2023-07-05,8458
2538,基泰,29,0,29,康和-台南,2023-07-05,8458
2002,中鋼,24,0,24,康和-台南,2023-07-05,8458
00665L,富邦�琤肭磪囓�2,22,0,22,康和-台南,2023-07-05,8458
3090,日電貿,21,0,21,康和-台南,2023-07-05,8458
4979,華星光,41,21,20,康和-台南,2023-07-05,8458
00923,群益台ESG低碳50,20,0,20,康和-台南,2023-07-05,8458
1440,南紡,20,0,20,康和-台南,2023-07-05,8458
4915,致伸,20,1,19,康和-台南,2023-07-05,8458
1531,高林股,17,0,17,康和-台南,2023-07-05,8458
3078,僑威,59,44,15,康和-台南,2023-07-05,8458
00929,復華台灣科技優息,21,6,15,康和-台南,2023-07-05,8458
2501,國建,15,0,15,康和-台南,2023-07-05,8458
6129,普誠,15,0,15,康和-台南,2023-07-05,8458
3013,晟銘電,24,10,14,康和-台南,2023-07-05,8458
3701,大眾控,15,1,14,康和-台南,2023-07-05,8458
3576,聯合再生,12,0,12,康和-台南,2023-07-05,8458
0056,元大高股息,35,24,11,康和-台南,2023-07-05,8458
1802,台玻,11,0,11,康和-台南,2023-07-05,8458
2332,友訊,12,1,11,康和-台南,2023-07-05,8458
2610,華航,19,8,11,康和-台南,2023-07-05,8458
4919,新唐,14,3,11,康和-台南,2023-07-05,8458
1307,三芳,10,0,10,康和-台南,2023-07-05,8458
1709,和益,10,0,10,康和-台南,2023-07-05,8458
2340,台亞,10,0,10,康和-台南,2023-07-05,8458
3289,宜特,45,35,10,康和-台南,2023-07-05,8458
4414,如興,10,0,10,康和-台南,2023-07-05,8458
6213,聯茂,10,0,10,康和-台南,2023-07-05,8458
6269,台郡,10,0,10,康和-台南,2023-07-05,8458
1101,台泥,9,0,9,康和-台南,2023-07-05,8458
6123,上奇,9,0,9,康和-台南,2023-07-05,8458
2369,菱生,8,0,8,康和-台南,2023-07-05,8458
2405,輔信,10,2,8,康和-台南,2023-07-05,8458
6577,勁豐,8,0,8,康和-台南,2023-07-05,8458
2402,毅嘉,29,22,7,康和-台南,2023-07-05,8458
3363,上詮,11,4,7,康和-台南,2023-07-05,8458
3231,緯創,23,16,7,康和-台南,2023-07-05,8458
1710,東聯,6,0,6,康和-台南,2023-07-05,8458
2427,三商電,81,75,6,康和-台南,2023-07-05,8458
2460,建通,6,0,6,康和-台南,2023-07-05,8458
3711,日月光投控,8,2,6,康和-台南,2023-07-05,8458
2301,光寶科,15,9,6,康和-台南,2023-07-05,8458
00631L,元大台灣50正2,501,161,340,康和-台南,2023-07-06,8458
1609,大亞,148,7,141,康和-台南,2023-07-06,8458
2881,富邦金,125,0,125,康和-台南,2023-07-06,8458
2606,裕民,121,0,121,康和-台南,2023-07-06,8458
00720B,元大投資級公司債,94,0,94,康和-台南,2023-07-06,8458
6770,力積電,93,0,93,康和-台南,2023-07-06,8458
2002,中鋼,85,0,85,康和-台南,2023-07-06,8458
4915,致伸,85,0,85,康和-台南,2023-07-06,8458
2883,凱基金,66,0,66,康和-台南,2023-07-06,8458
2356,英業達,69,9,60,康和-台南,2023-07-06,8458
2610,華航,57,8,49,康和-台南,2023-07-06,8458
00665L,富邦�琤肭磪囓�2,42,0,42,康和-台南,2023-07-06,8458
2618,長榮航,62,20,42,康和-台南,2023-07-06,8458
00751B,元大AAA至A公司債,40,0,40,康和-台南,2023-07-06,8458
5426,振發,41,1,40,康和-台南,2023-07-06,8458
3231,緯創,57,23,34,康和-台南,2023-07-06,8458
5533,皇鼎,30,0,30,康和-台南,2023-07-06,8458
0056,元大高股息,43,15,28,康和-台南,2023-07-06,8458
1802,台玻,26,0,26,康和-台南,2023-07-06,8458
8255,朋程,25,0,25,康和-台南,2023-07-06,8458
2014,中鴻,21,0,21,康和-台南,2023-07-06,8458
00632R,元大台灣50反1,20,1,19,康和-台南,2023-07-06,8458
3380,明泰,21,2,19,康和-台南,2023-07-06,8458
2887,台新金,19,0,19,康和-台南,2023-07-06,8458
2353,宏��,21,3,18,康和-台南,2023-07-06,8458
2886,兆豐金,17,0,17,康和-台南,2023-07-06,8458
2382,廣達,26,11,15,康和-台南,2023-07-06,8458
2888,新光金,20,5,15,康和-台南,2023-07-06,8458
00929,復華台灣科技優息,15,0,15,康和-台南,2023-07-06,8458
1460,宏遠,15,0,15,康和-台南,2023-07-06,8458
2367,燿華,20,5,15,康和-台南,2023-07-06,8458
2406,國碩,23,8,15,康和-台南,2023-07-06,8458
2634,漢翔,34,19,15,康和-台南,2023-07-06,8458
2891,中信金,15,0,15,康和-台南,2023-07-06,8458
4147,中裕,15,0,15,康和-台南,2023-07-06,8458
2885,元大金,13,0,13,康和-台南,2023-07-06,8458
1519,華城,13,0,13,康和-台南,2023-07-06,8458
2323,中環,14,1,13,康和-台南,2023-07-06,8458
2511,太子,13,0,13,康和-台南,2023-07-06,8458
4906,正文,37,24,13,康和-台南,2023-07-06,8458
2330,台積電,14,1,13,康和-台南,2023-07-06,8458
2388,威盛,21,8,13,康和-台南,2023-07-06,8458
2317,鴻海,15,3,12,康和-台南,2023-07-06,8458
1319,東陽,12,0,12,康和-台南,2023-07-06,8458
3027,盛達,12,0,12,康和-台南,2023-07-06,8458
1504,東元,14,3,11,康和-台南,2023-07-06,8458
1531,高林股,11,0,11,康和-台南,2023-07-06,8458
2105,正新,11,0,11,康和-台南,2023-07-06,8458
2399,映泰,15,4,11,康和-台南,2023-07-06,8458
3362,先進光,13,2,11,康和-台南,2023-07-06,8458
1326,台化,200,0,200,康和-台南,2023-07-07,8458
6770,力積電,90,1,89,康和-台南,2023-07-07,8458
8926,台汽電,89,0,89,康和-台南,2023-07-07,8458
5608,四維航,60,0,60,康和-台南,2023-07-07,8458
5426,振發,45,0,45,康和-台南,2023-07-07,8458
2881,富邦金,41,0,41,康和-台南,2023-07-07,8458
4927,泰鼎-KY,41,1,40,康和-台南,2023-07-07,8458
2344,華邦電,37,0,37,康和-台南,2023-07-07,8458
00720B,元大投資級公司債,35,0,35,康和-台南,2023-07-07,8458
00679B,元大美債20年,34,0,34,康和-台南,2023-07-07,8458
1710,東聯,35,3,32,康和-台南,2023-07-07,8458
00751B,元大AAA至A公司債,25,0,25,康和-台南,2023-07-07,8458
2409,友達,28,6,22,康和-台南,2023-07-07,8458
0056,元大高股息,32,10,22,康和-台南,2023-07-07,8458
2883,凱基金,22,0,22,康和-台南,2023-07-07,8458
2801,彰銀,21,1,20,康和-台南,2023-07-07,8458
6830,汎銓,20,0,20,康和-台南,2023-07-07,8458
2401,凌陽,20,3,17,康和-台南,2023-07-07,8458
3715,定穎投控,17,0,17,康和-台南,2023-07-07,8458
6282,康舒,39,22,17,康和-台南,2023-07-07,8458
3481,群創,44,28,16,康和-台南,2023-07-07,8458
1101,台泥,18,2,16,康和-台南,2023-07-07,8458
00687B,國泰20年美債,16,0,16,康和-台南,2023-07-07,8458
1736,喬山,21,5,16,康和-台南,2023-07-07,8458
00919,群益台灣精選高息,15,0,15,康和-台南,2023-07-07,8458
5515,建國,15,0,15,康和-台南,2023-07-07,8458
00878,國泰永續高股息,15,2,13,康和-台南,2023-07-07,8458
5483,中美晶,12,0,12,康和-台南,2023-07-07,8458
2356,英業達,36,24,12,康和-台南,2023-07-07,8458
1504,東元,11,0,11,康和-台南,2023-07-07,8458
3259,鑫創,11,0,11,康和-台南,2023-07-07,8458
2603,長榮,12,2,10,康和-台南,2023-07-07,8458
00632R,元大台灣50反1,10,0,10,康和-台南,2023-07-07,8458
1519,華城,23,13,10,康和-台南,2023-07-07,8458
1568,倉佑,10,0,10,康和-台南,2023-07-07,8458
2020,美亞,10,0,10,康和-台南,2023-07-07,8458
3047,訊舟,11,1,10,康和-台南,2023-07-07,8458
3706,神達,15,5,10,康和-台南,2023-07-07,8458
6026,福邦證,10,0,10,康和-台南,2023-07-07,8458
8201,無敵,10,0,10,康和-台南,2023-07-07,8458
9904,寶成,10,0,10,康和-台南,2023-07-07,8458
2886,兆豐金,9,0,9,康和-台南,2023-07-07,8458
2399,映泰,10,1,9,康和-台南,2023-07-07,8458
6125,廣運,14,5,9,康和-台南,2023-07-07,8458
4123,晟德,14,6,8,康和-台南,2023-07-07,8458
6187,萬潤,10,2,8,康和-台南,2023-07-07,8458
2880,華南金,7,0,7,康和-台南,2023-07-07,8458
8050,廣積,17,10,7,康和-台南,2023-07-07,8458
1440,南紡,7,0,7,康和-台南,2023-07-07,8458
2891,中信金,7,0,7,康和-台南,2023-07-07,8458
5243,乙盛-KY,85,10,75,康和-台南,2023-07-10,8458
2606,裕民,60,0,60,康和-台南,2023-07-10,8458
2618,長榮航,64,17,47,康和-台南,2023-07-10,8458
4532,瑞智,74,30,44,康和-台南,2023-07-10,8458
3078,僑威,72,31,41,康和-台南,2023-07-10,8458
00885,富邦越南,40,0,40,康和-台南,2023-07-10,8458
5512,力麒,35,0,35,康和-台南,2023-07-10,8458
2603,長榮,39,5,34,康和-台南,2023-07-10,8458
2105,正新,35,2,33,康和-台南,2023-07-10,8458
00929,復華台灣科技優息,30,5,25,康和-台南,2023-07-10,8458
0056,元大高股息,25,1,24,康和-台南,2023-07-10,8458
2367,燿華,36,15,21,康和-台南,2023-07-10,8458
00720B,元大投資級公司債,20,0,20,康和-台南,2023-07-10,8458
1101,台泥,21,1,20,康和-台南,2023-07-10,8458
2538,基泰,20,0,20,康和-台南,2023-07-10,8458
3374,精材,20,0,20,康和-台南,2023-07-10,8458
6282,康舒,40,20,20,康和-台南,2023-07-10,8458
1104,環泥,17,0,17,康和-台南,2023-07-10,8458
3035,智原,16,0,16,康和-台南,2023-07-10,8458
3481,群創,25,10,15,康和-台南,2023-07-10,8458
2889,國票金,15,0,15,康和-台南,2023-07-10,8458
1504,東元,43,29,14,康和-台南,2023-07-10,8458
1503,士電,18,5,13,康和-台南,2023-07-10,8458
4906,正文,21,9,12,康和-台南,2023-07-10,8458
2356,英業達,13,2,11,康和-台南,2023-07-10,8458
00751B,元大AAA至A公司債,11,0,11,康和-台南,2023-07-10,8458
2880,華南金,10,0,10,康和-台南,2023-07-10,8458
2888,新光金,12,2,10,康和-台南,2023-07-10,8458
00673R,期元大S＆P原油反1,10,0,10,康和-台南,2023-07-10,8458
00919,群益台灣精選高息,10,0,10,康和-台南,2023-07-10,8458
2027,大成鋼,10,0,10,康和-台南,2023-07-10,8458
2323,中環,10,0,10,康和-台南,2023-07-10,8458
3483,力致,10,0,10,康和-台南,2023-07-10,8458
3521,鴻翊,10,0,10,康和-台南,2023-07-10,8458
6101,寬魚國際,10,0,10,康和-台南,2023-07-10,8458
6244,茂迪,10,0,10,康和-台南,2023-07-10,8458
6266,泰詠,10,0,10,康和-台南,2023-07-10,8458
2317,鴻海,9,0,9,康和-台南,2023-07-10,8458
2515,中工,11,2,9,康和-台南,2023-07-10,8458
1528,恩德,13,5,8,康和-台南,2023-07-10,8458
6120,達運,36,28,8,康和-台南,2023-07-10,8458
6456,GIS-KY,8,0,8,康和-台南,2023-07-10,8458
2344,華邦電,7,0,7,康和-台南,2023-07-10,8458
3305,昇貿,7,0,7,康和-台南,2023-07-10,8458
4123,晟德,7,0,7,康和-台南,2023-07-10,8458
4523,永彰,7,0,7,康和-台南,2023-07-10,8458
6191,精成科,7,0,7,康和-台南,2023-07-10,8458
2401,凌陽,6,0,6,康和-台南,2023-07-10,8458
2409,友達,12,6,6,康和-台南,2023-07-10,8458
2915,潤泰全,6,0,6,康和-台南,2023-07-10,8458
2851,中再保,120,0,120,康和-台南,2023-07-11,8458
00673R,期元大S＆P原油反1,100,0,100,康和-台南,2023-07-11,8458
2832,台產,100,0,100,康和-台南,2023-07-11,8458
5243,乙盛-KY,78,0,78,康和-台南,2023-07-11,8458
2890,永豐金,54,10,44,康和-台南,2023-07-11,8458
1737,臺鹽,45,2,43,康和-台南,2023-07-11,8458
4915,致伸,38,0,38,康和-台南,2023-07-11,8458
4906,正文,41,5,36,康和-台南,2023-07-11,8458
2328,廣宇,36,2,34,康和-台南,2023-07-11,8458
3141,晶宏,31,0,31,康和-台南,2023-07-11,8458
2323,中環,47,17,30,康和-台南,2023-07-11,8458
2889,國票金,31,1,30,康和-台南,2023-07-11,8458
2340,台亞,45,21,24,康和-台南,2023-07-11,8458
2609,陽明,26,2,24,康和-台南,2023-07-11,8458
1522,堤維西,29,5,24,康和-台南,2023-07-11,8458
1440,南紡,20,0,20,康和-台南,2023-07-11,8458
3025,星通,34,14,20,康和-台南,2023-07-11,8458
3287,廣寰科,20,0,20,康和-台南,2023-07-11,8458
3527,聚積,20,0,20,康和-台南,2023-07-11,8458
2419,仲琦,21,5,16,康和-台南,2023-07-11,8458
2405,輔信,15,0,15,康和-台南,2023-07-11,8458
3024,憶聲,15,0,15,康和-台南,2023-07-11,8458
8201,無敵,15,0,15,康和-台南,2023-07-11,8458
3257,虹冠電,15,1,14,康和-台南,2023-07-11,8458
6139,亞翔,15,1,14,康和-台南,2023-07-11,8458
3058,立德,13,0,13,康和-台南,2023-07-11,8458
6469,大樹,14,1,13,康和-台南,2023-07-11,8458
2313,華通,12,0,12,康和-台南,2023-07-11,8458
2402,毅嘉,12,0,12,康和-台南,2023-07-11,8458
3013,晟銘電,13,1,12,康和-台南,2023-07-11,8458
4532,瑞智,39,27,12,康和-台南,2023-07-11,8458
6282,康舒,14,3,11,康和-台南,2023-07-11,8458
1218,泰山,10,0,10,康和-台南,2023-07-11,8458
00715L,期街口布蘭特正2,10,0,10,康和-台南,2023-07-11,8458
1568,倉佑,10,0,10,康和-台南,2023-07-11,8458
8033,雷虎,10,0,10,康和-台南,2023-07-11,8458
8426,紅木-KY,9,0,9,康和-台南,2023-07-11,8458
5425,台半,10,2,8,康和-台南,2023-07-11,8458
1515,力山,8,0,8,康和-台南,2023-07-11,8458
2449,京元電子,10,2,8,康和-台南,2023-07-11,8458
3706,神達,10,2,8,康和-台南,2023-07-11,8458
5521,工信,8,0,8,康和-台南,2023-07-11,8458
2359,所羅門,7,0,7,康和-台南,2023-07-11,8458
2605,新興,7,0,7,康和-台南,2023-07-11,8458
6125,廣運,7,0,7,康和-台南,2023-07-11,8458
1584,精剛,6,0,6,康和-台南,2023-07-11,8458
2312,金寶,6,0,6,康和-台南,2023-07-11,8458
4527,方土霖,6,0,6,康和-台南,2023-07-11,8458
6235,華孚,11,5,6,康和-台南,2023-07-11,8458
6179,亞通,6,0,6,康和-台南,2023-07-11,8458
5243,乙盛-KY,86,0,86,康和-台南,2023-07-12,8458
1568,倉佑,50,0,50,康和-台南,2023-07-12,8458
2002,中鋼,50,6,44,康和-台南,2023-07-12,8458
2317,鴻海,49,6,43,康和-台南,2023-07-12,8458
2356,英業達,88,48,40,康和-台南,2023-07-12,8458
1609,大亞,40,3,37,康和-台南,2023-07-12,8458
00715L,期街口布蘭特正2,45,10,35,康和-台南,2023-07-12,8458
3481,群創,58,25,33,康和-台南,2023-07-12,8458
6118,建達,34,2,32,康和-台南,2023-07-12,8458
2915,潤泰全,30,0,30,康和-台南,2023-07-12,8458
5512,力麒,30,0,30,康和-台南,2023-07-12,8458
8085,福華,30,0,30,康和-台南,2023-07-12,8458
3032,偉訓,29,0,29,康和-台南,2023-07-12,8458
6216,居易,30,1,29,康和-台南,2023-07-12,8458
3013,晟銘電,26,4,22,康和-台南,2023-07-12,8458
00673R,期元大S＆P原油反1,20,0,20,康和-台南,2023-07-12,8458
2301,光寶科,51,33,18,康和-台南,2023-07-12,8458
6188,廣明,24,7,17,康和-台南,2023-07-12,8458
1785,光洋科,17,0,17,康和-台南,2023-07-12,8458
2606,裕民,30,13,17,康和-台南,2023-07-12,8458
1611,中電,15,0,15,康和-台南,2023-07-12,8458
8033,雷虎,13,0,13,康和-台南,2023-07-12,8458
00679B,元大美債20年,12,0,12,康和-台南,2023-07-12,8458
6282,康舒,20,8,12,康和-台南,2023-07-12,8458
8096,擎亞,13,2,11,康和-台南,2023-07-12,8458
6770,力積電,10,0,10,康和-台南,2023-07-12,8458
8933,愛地雅,10,0,10,康和-台南,2023-07-12,8458
1307,三芳,10,0,10,康和-台南,2023-07-12,8458
1503,士電,11,1,10,康和-台南,2023-07-12,8458
2399,映泰,16,6,10,康和-台南,2023-07-12,8458
3044,健鼎,10,0,10,康和-台南,2023-07-12,8458
3535,晶彩科,10,0,10,康和-台南,2023-07-12,8458
6269,台郡,10,0,10,康和-台南,2023-07-12,8458
00720B,元大投資級公司債,9,0,9,康和-台南,2023-07-12,8458
2603,長榮,10,2,8,康和-台南,2023-07-12,8458
2481,強茂,28,20,8,康和-台南,2023-07-12,8458
2312,金寶,13,5,8,康和-台南,2023-07-12,8458
2303,聯電,10,3,7,康和-台南,2023-07-12,8458
2421,建準,18,11,7,康和-台南,2023-07-12,8458
3257,虹冠電,21,14,7,康和-台南,2023-07-12,8458
3402,漢科,7,0,7,康和-台南,2023-07-12,8458
3515,華擎,16,9,7,康和-台南,2023-07-12,8458
4953,緯軟,9,2,7,康和-台南,2023-07-12,8458
00772B,中信高評級公司債,6,0,6,康和-台南,2023-07-12,8458
4909,新復興,6,0,6,康和-台南,2023-07-12,8458
5608,四維航,6,0,6,康和-台南,2023-07-12,8458
6548,長科*,5,0,5,康和-台南,2023-07-12,8458
5460,同協,5,0,5,康和-台南,2023-07-12,8458
00713,元大台灣高息低波,5,0,5,康和-台南,2023-07-12,8458
2401,凌陽,7,2,5,康和-台南,2023-07-12,8458
00650L,復華香港正2,400,0,400,康和-台南,2023-07-13,8458
1609,大亞,165,51,114,康和-台南,2023-07-13,8458
8085,福華,113,0,113,康和-台南,2023-07-13,8458
8201,無敵,85,0,85,康和-台南,2023-07-13,8458
00632R,元大台灣50反1,105,44,61,康和-台南,2023-07-13,8458
00631L,元大台灣50正2,58,1,57,康和-台南,2023-07-13,8458
2618,長榮航,70,15,55,康和-台南,2023-07-13,8458
2303,聯電,45,5,40,康和-台南,2023-07-13,8458
4915,致伸,40,0,40,康和-台南,2023-07-13,8458
4934,太極,37,0,37,康和-台南,2023-07-13,8458
8936,國統,33,1,32,康和-台南,2023-07-13,8458
4533,協易機,30,1,29,康和-台南,2023-07-13,8458
3228,金麗科,30,1,29,康和-台南,2023-07-13,8458
6120,達運,56,27,29,康和-台南,2023-07-13,8458
2329,華泰,50,24,26,康和-台南,2023-07-13,8458
2609,陽明,29,3,26,康和-台南,2023-07-13,8458
2324,仁寶,27,1,26,康和-台南,2023-07-13,8458
2409,友達,40,15,25,康和-台南,2023-07-13,8458
2881,富邦金,28,4,24,康和-台南,2023-07-13,8458
2634,漢翔,24,1,23,康和-台南,2023-07-13,8458
1611,中電,20,0,20,康和-台南,2023-07-13,8458
2387,精元,20,0,20,康和-台南,2023-07-13,8458
2501,國建,20,0,20,康和-台南,2023-07-13,8458
6548,長科*,25,5,20,康和-台南,2023-07-13,8458
2421,建準,40,22,18,康和-台南,2023-07-13,8458
2889,國票金,18,0,18,康和-台南,2023-07-13,8458
3576,聯合再生,20,3,17,康和-台南,2023-07-13,8458
2610,華航,27,10,17,康和-台南,2023-07-13,8458
5483,中美晶,23,7,16,康和-台南,2023-07-13,8458
2331,精英,16,0,16,康和-台南,2023-07-13,8458
1308,亞聚,15,0,15,康和-台南,2023-07-13,8458
1568,倉佑,15,0,15,康和-台南,2023-07-13,8458
2606,裕民,30,17,13,康和-台南,2023-07-13,8458
5388,中磊,15,2,13,康和-台南,2023-07-13,8458
00929,復華台灣科技優息,33,20,13,康和-台南,2023-07-13,8458
2020,美亞,12,0,12,康和-台南,2023-07-13,8458
1301,台塑,11,0,11,康和-台南,2023-07-13,8458
3264,欣銓,11,0,11,康和-台南,2023-07-13,8458
1711,永光,11,0,11,康和-台南,2023-07-13,8458
2352,佳世達,13,2,11,康和-台南,2023-07-13,8458
1802,台玻,10,0,10,康和-台南,2023-07-13,8458
6142,友勁,10,0,10,康和-台南,2023-07-13,8458
6245,立端,11,1,10,康和-台南,2023-07-13,8458
00923,群益台ESG低碳50,9,0,9,康和-台南,2023-07-13,8458
2023,燁輝,9,0,9,康和-台南,2023-07-13,8458
2615,萬海,9,0,9,康和-台南,2023-07-13,8458
1101,台泥,8,0,8,康和-台南,2023-07-13,8458
6274,台燿,12,4,8,康和-台南,2023-07-13,8458
6282,康舒,10,2,8,康和-台南,2023-07-13,8458
2027,大成鋼,8,0,8,康和-台南,2023-07-13,8458
5457,宣德,110,0,110,康和-台南,2023-07-14,8458
2610,華航,107,14,93,康和-台南,2023-07-14,8458
3036,文曄,80,0,80,康和-台南,2023-07-14,8458
1529,樂事綠能,57,9,48,康和-台南,2023-07-14,8458
2312,金寶,42,1,41,康和-台南,2023-07-14,8458
1503,士電,59,27,32,康和-台南,2023-07-14,8458
3013,晟銘電,92,64,28,康和-台南,2023-07-14,8458
3406,玉晶光,27,0,27,康和-台南,2023-07-14,8458
1504,東元,27,4,23,康和-台南,2023-07-14,8458
2301,光寶科,51,28,23,康和-台南,2023-07-14,8458
3037,欣興,26,5,21,康和-台南,2023-07-14,8458
4906,正文,31,11,20,康和-台南,2023-07-14,8458
8046,南電,24,4,20,康和-台南,2023-07-14,8458
3594,磐儀,20,1,19,康和-台南,2023-07-14,8458
6548,長科*,25,6,19,康和-台南,2023-07-14,8458
3305,昇貿,20,1,19,康和-台南,2023-07-14,8458
3078,僑威,19,2,17,康和-台南,2023-07-14,8458
2371,大同,20,4,16,康和-台南,2023-07-14,8458
4147,中裕,15,0,15,康和-台南,2023-07-14,8458
00673R,期元大S＆P原油反1,15,0,15,康和-台南,2023-07-14,8458
00632R,元大台灣50反1,15,0,15,康和-台南,2023-07-14,8458
00637L,元大滬深300正2,80,65,15,康和-台南,2023-07-14,8458
4533,協易機,23,8,15,康和-台南,2023-07-14,8458
6265,方土昶,15,0,15,康和-台南,2023-07-14,8458
1609,大亞,24,11,13,康和-台南,2023-07-14,8458
3704,合勤控,35,23,12,康和-台南,2023-07-14,8458
1471,首利,20,9,11,康和-台南,2023-07-14,8458
2897,王道銀行,11,0,11,康和-台南,2023-07-14,8458
3322,建舜電,11,0,11,康和-台南,2023-07-14,8458
9904,寶成,10,0,10,康和-台南,2023-07-14,8458
00882,中信中國高股息,10,0,10,康和-台南,2023-07-14,8458
00905,FT臺灣Smart,10,0,10,康和-台南,2023-07-14,8458
1710,東聯,10,0,10,康和-台南,2023-07-14,8458
3259,鑫創,10,0,10,康和-台南,2023-07-14,8458
3363,上詮,45,35,10,康和-台南,2023-07-14,8458
6120,達運,10,0,10,康和-台南,2023-07-14,8458
6461,益得,10,0,10,康和-台南,2023-07-14,8458
8933,愛地雅,10,0,10,康和-台南,2023-07-14,8458
5607,遠雄港,10,1,9,康和-台南,2023-07-14,8458
2023,燁輝,8,0,8,康和-台南,2023-07-14,8458
2421,建準,22,14,8,康和-台南,2023-07-14,8458
6190,萬泰科,16,8,8,康和-台南,2023-07-14,8458
6470,宇智,8,0,8,康和-台南,2023-07-14,8458
8358,金居,11,4,7,康和-台南,2023-07-14,8458
2382,廣達,35,29,6,康和-台南,2023-07-14,8458
2436,偉詮電,9,3,6,康和-台南,2023-07-14,8458
4960,誠美材,6,0,6,康和-台南,2023-07-14,8458
6276,安鈦克,6,0,6,康和-台南,2023-07-14,8458
2630,亞航,7,2,5,康和-台南,2023-07-14,8458
00687B,國泰20年美債,5,0,5,康和-台南,2023-07-14,8458
00923,群益台ESG低碳50,153,0,153,康和-台南,2023-07-17,8458
2353,宏��,75,18,57,康和-台南,2023-07-17,8458
00929,復華台灣科技優息,68,30,38,康和-台南,2023-07-17,8458
2892,第一金,32,1,31,康和-台南,2023-07-17,8458
2606,裕民,30,0,30,康和-台南,2023-07-17,8458
2851,中再保,30,0,30,康和-台南,2023-07-17,8458
3521,鴻翊,30,0,30,康和-台南,2023-07-17,8458
2317,鴻海,40,11,29,康和-台南,2023-07-17,8458
2340,台亞,52,24,28,康和-台南,2023-07-17,8458
3305,昇貿,30,2,28,康和-台南,2023-07-17,8458
2832,台產,25,0,25,康和-台南,2023-07-17,8458
3450,聯鈞,25,1,24,康和-台南,2023-07-17,8458
3338,泰碩,24,1,23,康和-台南,2023-07-17,8458
6120,達運,23,0,23,康和-台南,2023-07-17,8458
3306,鼎天,22,0,22,康和-台南,2023-07-17,8458
2303,聯電,24,2,22,康和-台南,2023-07-17,8458
6124,業強,24,2,22,康和-台南,2023-07-17,8458
2634,漢翔,26,5,21,康和-台南,2023-07-17,8458
00665L,富邦�琤肭磪囓�2,20,0,20,康和-台南,2023-07-17,8458
6005,群益證,18,0,18,康和-台南,2023-07-17,8458
6191,精成科,18,1,17,康和-台南,2023-07-17,8458
3231,緯創,22,9,13,康和-台南,2023-07-17,8458
8028,昇陽半導體,15,2,13,康和-台南,2023-07-17,8458
3715,定穎投控,16,3,13,康和-台南,2023-07-17,8458
1522,堤維西,13,0,13,康和-台南,2023-07-17,8458
1513,中興電,48,36,12,康和-台南,2023-07-17,8458
3062,建漢,12,0,12,康和-台南,2023-07-17,8458
2382,廣達,38,27,11,康和-台南,2023-07-17,8458
3088,艾訊,11,0,11,康和-台南,2023-07-17,8458
3583,辛耘,15,4,11,康和-台南,2023-07-17,8458
5388,中磊,11,1,10,康和-台南,2023-07-17,8458
6187,萬潤,11,1,10,康和-台南,2023-07-17,8458
00722B,群益投資級電信債,10,0,10,康和-台南,2023-07-17,8458
1528,恩德,10,0,10,康和-台南,2023-07-17,8458
3013,晟銘電,35,25,10,康和-台南,2023-07-17,8458
8277,商丞,10,0,10,康和-台南,2023-07-17,8458
2609,陽明,10,0,10,康和-台南,2023-07-17,8458
4532,瑞智,18,9,9,康和-台南,2023-07-17,8458
6770,力積電,9,0,9,康和-台南,2023-07-17,8458
8050,廣積,9,1,8,康和-台南,2023-07-17,8458
6767,台微醫,8,0,8,康和-台南,2023-07-17,8458
6470,宇智,16,9,7,康和-台南,2023-07-17,8458
2332,友訊,12,6,6,康和-台南,2023-07-17,8458
8011,台通,6,0,6,康和-台南,2023-07-17,8458
8071,能率網通,12,6,6,康和-台南,2023-07-17,8458
2630,亞航,8,3,5,康和-台南,2023-07-17,8458
00888,永豐台灣ESG,5,0,5,康和-台南,2023-07-17,8458
00753L,中信中國50正2,5,0,5,康和-台南,2023-07-17,8458
2331,精英,10,5,5,康和-台南,2023-07-17,8458
2465,麗臺,5,0,5,康和-台南,2023-07-17,8458
2409,友達,212,1,211,康和-台南,2023-07-18,8458
1301,台塑,200,0,200,康和-台南,2023-07-18,8458
2312,金寶,188,14,174,康和-台南,2023-07-18,8458
2337,旺宏,100,0,100,康和-台南,2023-07-18,8458
5512,力麒,70,0,70,康和-台南,2023-07-18,8458
5608,四維航,63,0,63,康和-台南,2023-07-18,8458
5469,瀚宇博,48,0,48,康和-台南,2023-07-18,8458
6244,茂迪,48,4,44,康和-台南,2023-07-18,8458
2324,仁寶,53,13,40,康和-台南,2023-07-18,8458
2603,長榮,38,1,37,康和-台南,2023-07-18,8458
3078,僑威,43,6,37,康和-台南,2023-07-18,8458
3305,昇貿,43,7,36,康和-台南,2023-07-18,8458
3163,波若威,43,12,31,康和-台南,2023-07-18,8458
3231,緯創,33,2,31,康和-台南,2023-07-18,8458
4147,中裕,30,0,30,康和-台南,2023-07-18,8458
6160,欣技,30,0,30,康和-台南,2023-07-18,8458
1568,倉佑,27,0,27,康和-台南,2023-07-18,8458
2634,漢翔,59,33,26,康和-台南,2023-07-18,8458
2832,台產,25,0,25,康和-台南,2023-07-18,8458
2317,鴻海,34,10,24,康和-台南,2023-07-18,8458
1711,永光,63,41,22,康和-台南,2023-07-18,8458
1526,日馳,21,0,21,康和-台南,2023-07-18,8458
00878,國泰永續高股息,48,28,20,康和-台南,2023-07-18,8458
00665L,富邦�琤肭磪囓�2,20,0,20,康和-台南,2023-07-18,8458
1522,堤維西,20,0,20,康和-台南,2023-07-18,8458
5328,華容,20,0,20,康和-台南,2023-07-18,8458
1514,亞力,24,4,20,康和-台南,2023-07-18,8458
6443,元晶,20,1,19,康和-台南,2023-07-18,8458
2399,映泰,20,2,18,康和-台南,2023-07-18,8458
3483,力致,26,8,18,康和-台南,2023-07-18,8458
4906,正文,17,0,17,康和-台南,2023-07-18,8458
6142,友勁,17,0,17,康和-台南,2023-07-18,8458
6282,康舒,58,42,16,康和-台南,2023-07-18,8458
1611,中電,15,0,15,康和-台南,2023-07-18,8458
8255,朋程,20,5,15,康和-台南,2023-07-18,8458
9907,統一實,15,0,15,康和-台南,2023-07-18,8458
1210,大成,26,11,15,康和-台南,2023-07-18,8458
2340,台亞,67,54,13,康和-台南,2023-07-18,8458
2352,佳世達,17,5,12,康和-台南,2023-07-18,8458
2301,光寶科,49,37,12,康和-台南,2023-07-18,8458
1440,南紡,12,0,12,康和-台南,2023-07-18,8458
00720B,元大投資級公司債,11,0,11,康和-台南,2023-07-18,8458
00929,復華台灣科技優息,41,30,11,康和-台南,2023-07-18,8458
3013,晟銘電,67,56,11,康和-台南,2023-07-18,8458
1409,新纖,10,0,10,康和-台南,2023-07-18,8458
2881,富邦金,11,1,10,康和-台南,2023-07-18,8458
00888,永豐台灣ESG,10,0,10,康和-台南,2023-07-18,8458
1802,台玻,10,0,10,康和-台南,2023-07-18,8458
2302,麗正,10,0,10,康和-台南,2023-07-18,8458
2888,新光金,51,41,10,康和-台南,2023-07-18,8458
00631L,元大台灣50正2,200,0,200,康和-台南,2023-07-19,8458
1609,大亞,109,2,107,康和-台南,2023-07-19,8458
2409,友達,113,10,103,康和-台南,2023-07-19,8458
6770,力積電,90,10,80,康和-台南,2023-07-19,8458
3052,夆典,120,50,70,康和-台南,2023-07-19,8458
3078,僑威,65,1,64,康和-台南,2023-07-19,8458
2324,仁寶,87,33,54,康和-台南,2023-07-19,8458
3062,建漢,54,0,54,康和-台南,2023-07-19,8458
2317,鴻海,64,11,53,康和-台南,2023-07-19,8458
6116,彩晶,51,1,50,康和-台南,2023-07-19,8458
00753L,中信中國50正2,45,0,45,康和-台南,2023-07-19,8458
4564,元翎,40,0,40,康和-台南,2023-07-19,8458
3037,欣興,48,12,36,康和-台南,2023-07-19,8458
2329,華泰,39,8,31,康和-台南,2023-07-19,8458
2454,聯發科,30,0,30,康和-台南,2023-07-19,8458
2367,燿華,28,0,28,康和-台南,2023-07-19,8458
9105,泰金寶-DR,42,15,27,康和-台南,2023-07-19,8458
1591,駿吉-KY,31,7,24,康和-台南,2023-07-19,8458
00900,富邦特選高股息30,22,0,22,康和-台南,2023-07-19,8458
2356,英業達,58,36,22,康和-台南,2023-07-19,8458
1447,力鵬,20,0,20,康和-台南,2023-07-19,8458
2905,三商,20,0,20,康和-台南,2023-07-19,8458
3071,協禧,25,5,20,康和-台南,2023-07-19,8458
2504,國產,20,2,18,康和-台南,2023-07-19,8458
2023,燁輝,16,0,16,康和-台南,2023-07-19,8458
2881,富邦金,17,2,15,康和-台南,2023-07-19,8458
2353,宏��,21,6,15,康和-台南,2023-07-19,8458
6596,寬宏藝術,15,0,15,康和-台南,2023-07-19,8458
4938,和碩,16,2,14,康和-台南,2023-07-19,8458
2206,三陽工業,16,2,14,康和-台南,2023-07-19,8458
1736,喬山,35,22,13,康和-台南,2023-07-19,8458
2105,正新,12,0,12,康和-台南,2023-07-19,8458
2883,凱基金,21,10,11,康和-台南,2023-07-19,8458
1101,台泥,11,0,11,康和-台南,2023-07-19,8458
1314,中石化,11,0,11,康和-台南,2023-07-19,8458
6485,點序,11,0,11,康和-台南,2023-07-19,8458
6197,佳必琪,11,1,10,康和-台南,2023-07-19,8458
00715L,期街口布蘭特正2,10,0,10,康和-台南,2023-07-19,8458
00673R,期元大S＆P原油反1,10,0,10,康和-台南,2023-07-19,8458
2014,中鴻,10,0,10,康和-台南,2023-07-19,8458
2913,農林,10,0,10,康和-台南,2023-07-19,8458
3259,鑫創,10,0,10,康和-台南,2023-07-19,8458
2461,光群雷,10,1,9,康和-台南,2023-07-19,8458
6166,凌華,13,4,9,康和-台南,2023-07-19,8458
3264,欣銓,10,1,9,康和-台南,2023-07-19,8458
1789,神隆,8,0,8,康和-台南,2023-07-19,8458
6451,訊芯-KY,10,2,8,康和-台南,2023-07-19,8458
9907,統一實,12,5,7,康和-台南,2023-07-19,8458
2382,廣達,14,8,6,康和-台南,2023-07-19,8458
2303,聯電,6,0,6,康和-台南,2023-07-19,8458
2303,聯電,121,21,100,康和-台南,2023-07-20,8458
3163,波若威,71,2,69,康和-台南,2023-07-20,8458
2538,基泰,50,0,50,康和-台南,2023-07-20,8458
3078,僑威,49,1,48,康和-台南,2023-07-20,8458
3231,緯創,33,0,33,康和-台南,2023-07-20,8458
3071,協禧,36,3,33,康和-台南,2023-07-20,8458
2352,佳世達,32,1,31,康和-台南,2023-07-20,8458
3583,辛耘,31,0,31,康和-台南,2023-07-20,8458
2618,長榮航,42,12,30,康和-台南,2023-07-20,8458
2887,台新金,30,0,30,康和-台南,2023-07-20,8458
1711,永光,30,1,29,康和-台南,2023-07-20,8458
1522,堤維西,28,2,26,康和-台南,2023-07-20,8458
3706,神達,27,6,21,康和-台南,2023-07-20,8458
6477,安集,20,0,20,康和-台南,2023-07-20,8458
2905,三商,20,0,20,康和-台南,2023-07-20,8458
2324,仁寶,40,22,18,康和-台南,2023-07-20,8458
1591,駿吉-KY,19,4,15,康和-台南,2023-07-20,8458
2883,凱基金,16,2,14,康和-台南,2023-07-20,8458
2002,中鋼,13,0,13,康和-台南,2023-07-20,8458
2353,宏��,14,3,11,康和-台南,2023-07-20,8458
6150,撼訊,15,4,11,康和-台南,2023-07-20,8458
00679B,元大美債20年,11,0,11,康和-台南,2023-07-20,8458
2371,大同,11,0,11,康和-台南,2023-07-20,8458
00680L,元大美債20正2,10,0,10,康和-台南,2023-07-20,8458
1529,樂事綠能,14,4,10,康和-台南,2023-07-20,8458
2105,正新,10,0,10,康和-台南,2023-07-20,8458
3521,鴻翊,10,0,10,康和-台南,2023-07-20,8458
3289,宜特,11,1,10,康和-台南,2023-07-20,8458
6116,彩晶,9,0,9,康和-台南,2023-07-20,8458
4123,晟德,17,8,9,康和-台南,2023-07-20,8458
2405,輔信,8,0,8,康和-台南,2023-07-20,8458
3037,欣興,13,5,8,康和-台南,2023-07-20,8458
3141,晶宏,10,3,7,康和-台南,2023-07-20,8458
1514,亞力,14,7,7,康和-台南,2023-07-20,8458
2801,彰銀,7,0,7,康和-台南,2023-07-20,8458
2388,威盛,11,5,6,康和-台南,2023-07-20,8458
1736,喬山,23,17,6,康和-台南,2023-07-20,8458
2317,鴻海,8,2,6,康和-台南,2023-07-20,8458
2328,廣宇,6,0,6,康和-台南,2023-07-20,8458
2359,所羅門,6,0,6,康和-台南,2023-07-20,8458
3032,偉訓,13,7,6,康和-台南,2023-07-20,8458
6188,廣明,9,3,6,康和-台南,2023-07-20,8458
6531,愛普*,6,1,5,康和-台南,2023-07-20,8458
1227,佳格,5,0,5,康和-台南,2023-07-20,8458
00670L,富邦NASDAQ正2,5,0,5,康和-台南,2023-07-20,8458
1710,東聯,5,0,5,康和-台南,2023-07-20,8458
2313,華通,5,0,5,康和-台南,2023-07-20,8458
2369,菱生,5,0,5,康和-台南,2023-07-20,8458
2406,國碩,5,0,5,康和-台南,2023-07-20,8458
2481,強茂,6,1,5,康和-台南,2023-07-20,8458
3682,亞太電,255,0,255,康和-台南,2023-07-21,8458
6282,康舒,47,4,43,康和-台南,2023-07-21,8458
8033,雷虎,40,2,38,康和-台南,2023-07-21,8458
3706,神達,99,64,35,康和-台南,2023-07-21,8458
00929,復華台灣科技優息,33,0,33,康和-台南,2023-07-21,8458
3013,晟銘電,36,8,28,康和-台南,2023-07-21,8458
1708,東鹼,34,7,27,康和-台南,2023-07-21,8458
2303,聯電,25,1,24,康和-台南,2023-07-21,8458
00753L,中信中國50正2,28,5,23,康和-台南,2023-07-21,8458
3032,偉訓,25,4,21,康和-台南,2023-07-21,8458
4938,和碩,21,0,21,康和-台南,2023-07-21,8458
6120,達運,71,50,21,康和-台南,2023-07-21,8458
6188,廣明,43,23,20,康和-台南,2023-07-21,8458
2454,聯發科,22,2,20,康和-台南,2023-07-21,8458
00751B,元大AAA至A公司債,20,0,20,康和-台南,2023-07-21,8458
2538,基泰,20,0,20,康和-台南,2023-07-21,8458
6767,台微醫,20,0,20,康和-台南,2023-07-21,8458
2356,英業達,59,39,20,康和-台南,2023-07-21,8458
1101,台泥,20,0,20,康和-台南,2023-07-21,8458
2610,華航,20,1,19,康和-台南,2023-07-21,8458
6274,台燿,21,2,19,康和-台南,2023-07-21,8458
00923,群益台ESG低碳50,18,0,18,康和-台南,2023-07-21,8458
0056,元大高股息,24,7,17,康和-台南,2023-07-21,8458
4915,致伸,17,1,16,康和-台南,2023-07-21,8458
2399,映泰,15,0,15,康和-台南,2023-07-21,8458
2634,漢翔,17,2,15,康和-台南,2023-07-21,8458
3071,協禧,15,0,15,康和-台南,2023-07-21,8458
3324,雙鴻,15,0,15,康和-台南,2023-07-21,8458
4746,台耀,17,3,14,康和-台南,2023-07-21,8458
2206,三陽工業,16,3,13,康和-台南,2023-07-21,8458
2344,華邦電,25,12,13,康和-台南,2023-07-21,8458
2883,凱基金,15,3,12,康和-台南,2023-07-21,8458
1104,環泥,12,0,12,康和-台南,2023-07-21,8458
2618,長榮航,19,7,12,康和-台南,2023-07-21,8458
1802,台玻,11,0,11,康和-台南,2023-07-21,8458
2812,台中銀,11,0,11,康和-台南,2023-07-21,8458
8358,金居,12,1,11,康和-台南,2023-07-21,8458
00720B,元大投資級公司債,10,0,10,康和-台南,2023-07-21,8458
00688L,國泰20年美債正2,10,0,10,康和-台南,2023-07-21,8458
1568,倉佑,10,0,10,康和-台南,2023-07-21,8458
1611,中電,10,0,10,康和-台南,2023-07-21,8458
2504,國產,10,0,10,康和-台南,2023-07-21,8458
3521,鴻翊,10,0,10,康和-台南,2023-07-21,8458
8201,無敵,10,0,10,康和-台南,2023-07-21,8458
2330,台積電,10,0,10,康和-台南,2023-07-21,8458
3581,博磊,17,8,9,康和-台南,2023-07-21,8458
2376,技嘉,19,10,9,康和-台南,2023-07-21,8458
1905,華紙,25,17,8,康和-台南,2023-07-21,8458
2329,華泰,17,9,8,康和-台南,2023-07-21,8458
3447,展達,8,0,8,康和-台南,2023-07-21,8458
1218,泰山,101,0,101,康和-台南,2023-07-24,8458
5608,四維航,61,0,61,康和-台南,2023-07-24,8458
2889,國票金,55,0,55,康和-台南,2023-07-24,8458
1591,駿吉-KY,53,2,51,康和-台南,2023-07-24,8458
1504,東元,60,10,50,康和-台南,2023-07-24,8458
2324,仁寶,63,18,45,康和-台南,2023-07-24,8458
2323,中環,64,23,41,康和-台南,2023-07-24,8458
2832,台產,32,0,32,康和-台南,2023-07-24,8458
1514,亞力,33,2,31,康和-台南,2023-07-24,8458
2438,翔耀,30,0,30,康和-台南,2023-07-24,8458
2606,裕民,30,0,30,康和-台南,2023-07-24,8458
00679B,元大美債20年,28,0,28,康和-台南,2023-07-24,8458
6282,康舒,36,9,27,康和-台南,2023-07-24,8458
1802,台玻,21,0,21,康和-台南,2023-07-24,8458
2301,光寶科,33,13,20,康和-台南,2023-07-24,8458
00688L,國泰20年美債正2,20,0,20,康和-台南,2023-07-24,8458
3712,永崴投控,20,0,20,康和-台南,2023-07-24,8458
1609,大亞,34,16,18,康和-台南,2023-07-24,8458
2352,佳世達,20,3,17,康和-台南,2023-07-24,8458
2367,燿華,16,0,16,康和-台南,2023-07-24,8458
2427,三商電,16,0,16,康和-台南,2023-07-24,8458
1568,倉佑,15,0,15,康和-台南,2023-07-24,8458
3062,建漢,15,0,15,康和-台南,2023-07-24,8458
3531,先益,19,4,15,康和-台南,2023-07-24,8458
1513,中興電,18,5,13,康和-台南,2023-07-24,8458
2201,裕隆,13,0,13,康和-台南,2023-07-24,8458
3481,群創,20,7,13,康和-台南,2023-07-24,8458
2332,友訊,11,0,11,康和-台南,2023-07-24,8458
4533,協易機,10,0,10,康和-台南,2023-07-24,8458
6470,宇智,10,0,10,康和-台南,2023-07-24,8458
1307,三芳,10,0,10,康和-台南,2023-07-24,8458
1710,東聯,10,0,10,康和-台南,2023-07-24,8458
5706,鳳凰,10,0,10,康和-台南,2023-07-24,8458
2883,凱基金,9,1,8,康和-台南,2023-07-24,8458
1529,樂事綠能,10,2,8,康和-台南,2023-07-24,8458
9958,世紀鋼,8,0,8,康和-台南,2023-07-24,8458
6125,廣運,16,9,7,康和-台南,2023-07-24,8458
2834,臺企銀,7,0,7,康和-台南,2023-07-24,8458
2457,飛宏,8,1,7,康和-台南,2023-07-24,8458
1752,南光,7,0,7,康和-台南,2023-07-24,8458
2206,三陽工業,10,3,7,康和-台南,2023-07-24,8458
6120,達運,7,0,7,康和-台南,2023-07-24,8458
6438,迅得,7,0,7,康和-台南,2023-07-24,8458
3338,泰碩,16,9,7,康和-台南,2023-07-24,8458
3037,欣興,31,25,6,康和-台南,2023-07-24,8458
1102,亞泥,6,0,6,康和-台南,2023-07-24,8458
1440,南紡,6,0,6,康和-台南,2023-07-24,8458
2105,正新,6,0,6,康和-台南,2023-07-24,8458
2349,錸德,6,0,6,康和-台南,2023-07-24,8458
2615,萬海,6,0,6,康和-台南,2023-07-24,8458
5457,宣德,100,0,100,康和-台南,2023-07-25,8458
2324,仁寶,68,1,67,康和-台南,2023-07-25,8458
2538,基泰,40,0,40,康和-台南,2023-07-25,8458
00669R,國泰美國道瓊反1,30,0,30,康和-台南,2023-07-25,8458
3702,大聯大,30,0,30,康和-台南,2023-07-25,8458
1560,中砂,32,5,27,康和-台南,2023-07-25,8458
3231,緯創,26,5,21,康和-台南,2023-07-25,8458
00878,國泰永續高股息,30,12,18,康和-台南,2023-07-25,8458
00733,富邦臺灣中小,16,0,16,康和-台南,2023-07-25,8458
3576,聯合再生,16,0,16,康和-台南,2023-07-25,8458
1316,上曜,15,0,15,康和-台南,2023-07-25,8458
2023,燁輝,20,5,15,康和-台南,2023-07-25,8458
00919,群益台灣精選高息,15,1,14,康和-台南,2023-07-25,8458
1609,大亞,32,18,14,康和-台南,2023-07-25,8458
3024,憶聲,16,2,14,康和-台南,2023-07-25,8458
5353,台林,13,0,13,康和-台南,2023-07-25,8458
1217,愛之味,13,1,12,康和-台南,2023-07-25,8458
00929,復華台灣科技優息,12,0,12,康和-台南,2023-07-25,8458
2453,凌群,12,0,12,康和-台南,2023-07-25,8458
8926,台汽電,15,3,12,康和-台南,2023-07-25,8458
3025,星通,13,2,11,康和-台南,2023-07-25,8458
6223,旺矽,15,4,11,康和-台南,2023-07-25,8458
1229,聯華,10,0,10,康和-台南,2023-07-25,8458
1709,和益,10,0,10,康和-台南,2023-07-25,8458
2438,翔耀,10,0,10,康和-台南,2023-07-25,8458
2511,太子,10,0,10,康和-台南,2023-07-25,8458
2645,長榮航太,10,0,10,康和-台南,2023-07-25,8458
4532,瑞智,10,0,10,康和-台南,2023-07-25,8458
2014,中鴻,10,1,9,康和-台南,2023-07-25,8458
3693,營邦,14,5,9,康和-台南,2023-07-25,8458
5258,虹堡,9,0,9,康和-台南,2023-07-25,8458
5386,青雲,10,1,9,康和-台南,2023-07-25,8458
2609,陽明,8,0,8,康和-台南,2023-07-25,8458
1109,信大,8,0,8,康和-台南,2023-07-25,8458
6123,上奇,8,0,8,康和-台南,2023-07-25,8458
2201,裕隆,15,8,7,康和-台南,2023-07-25,8458
3481,群創,20,13,7,康和-台南,2023-07-25,8458
4977,眾達-KY,12,5,7,康和-台南,2023-07-25,8458
8046,南電,9,2,7,康和-台南,2023-07-25,8458
1101,台泥,13,6,7,康和-台南,2023-07-25,8458
8249,菱光,12,6,6,康和-台南,2023-07-25,8458
2368,金像電,21,15,6,康和-台南,2023-07-25,8458
00930,永豐ESG低碳高息,6,0,6,康和-台南,2023-07-25,8458
2425,承啟,15,9,6,康和-台南,2023-07-25,8458
3013,晟銘電,18,12,6,康和-台南,2023-07-25,8458
4533,協易機,7,1,6,康和-台南,2023-07-25,8458
2634,漢翔,6,1,5,康和-台南,2023-07-25,8458
00772B,中信高評級公司債,5,0,5,康和-台南,2023-07-25,8458
1444,力麗,5,0,5,康和-台南,2023-07-25,8458
1227,佳格,5,0,5,康和-台南,2023-07-25,8458
1609,大亞,118,2,116,康和-台南,2023-07-26,8458
1314,中石化,90,0,90,康和-台南,2023-07-26,8458
6770,力積電,90,1,89,康和-台南,2023-07-26,8458
4123,晟德,41,0,41,康和-台南,2023-07-26,8458
2538,基泰,40,0,40,康和-台南,2023-07-26,8458
3059,華晶科,41,1,40,康和-台南,2023-07-26,8458
3702,大聯大,34,0,34,康和-台南,2023-07-26,8458
2801,彰銀,33,0,33,康和-台南,2023-07-26,8458
1504,東元,114,82,32,康和-台南,2023-07-26,8458
3052,夆典,36,6,30,康和-台南,2023-07-26,8458
2303,聯電,31,3,28,康和-台南,2023-07-26,8458
2301,光寶科,53,26,27,康和-台南,2023-07-26,8458
6213,聯茂,43,16,27,康和-台南,2023-07-26,8458
00929,復華台灣科技優息,27,0,27,康和-台南,2023-07-26,8458
1560,中砂,37,15,22,康和-台南,2023-07-26,8458
2340,台亞,28,6,22,康和-台南,2023-07-26,8458
3450,聯鈞,30,9,21,康和-台南,2023-07-26,8458
00669R,國泰美國道瓊反1,20,0,20,康和-台南,2023-07-26,8458
1710,東聯,20,0,20,康和-台南,2023-07-26,8458
3029,零壹,21,2,19,康和-台南,2023-07-26,8458
8390,金益鼎,22,3,19,康和-台南,2023-07-26,8458
1210,大成,30,11,19,康和-台南,2023-07-26,8458
2354,鴻準,20,3,17,康和-台南,2023-07-26,8458
3163,波若威,96,79,17,康和-台南,2023-07-26,8458
2329,華泰,43,27,16,康和-台南,2023-07-26,8458
00878,國泰永續高股息,25,11,14,康和-台南,2023-07-26,8458
1104,環泥,14,0,14,康和-台南,2023-07-26,8458
3056,富華新,13,0,13,康和-台南,2023-07-26,8458
6188,廣明,25,12,13,康和-台南,2023-07-26,8458
3071,協禧,14,2,12,康和-台南,2023-07-26,8458
4977,眾達-KY,12,0,12,康和-台南,2023-07-26,8458
6120,達運,12,0,12,康和-台南,2023-07-26,8458
00923,群益台ESG低碳50,11,0,11,康和-台南,2023-07-26,8458
1815,富喬,11,0,11,康和-台南,2023-07-26,8458
3032,偉訓,13,2,11,康和-台南,2023-07-26,8458
6275,元山,13,2,11,康和-台南,2023-07-26,8458
1217,愛之味,22,12,10,康和-台南,2023-07-26,8458
1711,永光,20,10,10,康和-台南,2023-07-26,8458
8163,達方,10,0,10,康和-台南,2023-07-26,8458
2353,宏��,9,0,9,康和-台南,2023-07-26,8458
2356,英業達,76,67,9,康和-台南,2023-07-26,8458
6104,創惟,29,20,9,康和-台南,2023-07-26,8458
3481,群創,27,18,9,康和-台南,2023-07-26,8458
00751B,元大AAA至A公司債,8,0,8,康和-台南,2023-07-26,8458
1618,合機,8,0,8,康和-台南,2023-07-26,8458
6182,合晶,8,0,8,康和-台南,2023-07-26,8458
8093,保銳,9,1,8,康和-台南,2023-07-26,8458
1513,中興電,8,1,7,康和-台南,2023-07-26,8458
2382,廣達,28,22,6,康和-台南,2023-07-26,8458
2337,旺宏,6,0,6,康和-台南,2023-07-26,8458
1710,東聯,76,3,73,康和-台南,2023-07-27,8458
1504,東元,75,14,61,康和-台南,2023-07-27,8458
2834,臺企銀,60,0,60,康和-台南,2023-07-27,8458
2511,太子,30,0,30,康和-台南,2023-07-27,8458
4927,泰鼎-KY,30,0,30,康和-台南,2023-07-27,8458
2731,雄獅,25,0,25,康和-台南,2023-07-27,8458
2886,兆豐金,52,30,22,康和-台南,2023-07-27,8458
4123,晟德,23,2,21,康和-台南,2023-07-27,8458
1210,大成,22,3,19,康和-台南,2023-07-27,8458
2002,中鋼,18,0,18,康和-台南,2023-07-27,8458
1503,士電,18,0,18,康和-台南,2023-07-27,8458
8093,保銳,17,0,17,康和-台南,2023-07-27,8458
2367,燿華,30,14,16,康和-台南,2023-07-27,8458
2887,台新金,13,0,13,康和-台南,2023-07-27,8458
0056,元大高股息,16,3,13,康和-台南,2023-07-27,8458
4532,瑞智,14,1,13,康和-台南,2023-07-27,8458
5452,佶優,15,2,13,康和-台南,2023-07-27,8458
3227,原相,12,0,12,康和-台南,2023-07-27,8458
6190,萬泰科,12,0,12,康和-台南,2023-07-27,8458
00752,中信中國50,10,0,10,康和-台南,2023-07-27,8458
1514,亞力,13,3,10,康和-台南,2023-07-27,8458
2801,彰銀,10,0,10,康和-台南,2023-07-27,8458
3044,健鼎,30,20,10,康和-台南,2023-07-27,8458
3356,奇偶,10,0,10,康和-台南,2023-07-27,8458
6148,驊宏資,11,1,10,康和-台南,2023-07-27,8458
8050,廣積,10,0,10,康和-台南,2023-07-27,8458
9907,統一實,10,0,10,康和-台南,2023-07-27,8458
6160,欣技,9,0,9,康和-台南,2023-07-27,8458
6161,捷波,10,1,9,康和-台南,2023-07-27,8458
2323,中環,17,9,8,康和-台南,2023-07-27,8458
3017,奇鋐,9,1,8,康和-台南,2023-07-27,8458
3236,千如,8,0,8,康和-台南,2023-07-27,8458
4743,合一,8,0,8,康和-台南,2023-07-27,8458
5284,jpp-KY,8,0,8,康和-台南,2023-07-27,8458
00679B,元大美債20年,7,0,7,康和-台南,2023-07-27,8458
8234,新漢,8,1,7,康和-台南,2023-07-27,8458
00878,國泰永續高股息,8,1,7,康和-台南,2023-07-27,8458
00929,復華台灣科技優息,6,0,6,康和-台南,2023-07-27,8458
3037,欣興,14,8,6,康和-台南,2023-07-27,8458
2353,宏��,14,8,6,康和-台南,2023-07-27,8458
3071,協禧,6,0,6,康和-台南,2023-07-27,8458
4108,懷特,6,0,6,康和-台南,2023-07-27,8458
6216,居易,7,1,6,康和-台南,2023-07-27,8458
8046,南電,6,0,6,康和-台南,2023-07-27,8458
1785,光洋科,6,1,5,康和-台南,2023-07-27,8458
00673R,期元大S＆P原油反1,5,0,5,康和-台南,2023-07-27,8458
00632R,元大台灣50反1,5,0,5,康和-台南,2023-07-27,8458
00922,國泰台灣領袖50,5,0,5,康和-台南,2023-07-27,8458
2327,國巨,5,0,5,康和-台南,2023-07-27,8458
2388,威盛,6,1,5,康和-台南,2023-07-27,8458
1609,大亞,107,2,105,康和-台南,2023-07-28,8458
00751B,元大AAA至A公司債,62,0,62,康和-台南,2023-07-28,8458
00679B,元大美債20年,48,0,48,康和-台南,2023-07-28,8458
2027,大成鋼,43,4,39,康和-台南,2023-07-28,8458
00720B,元大投資級公司債,35,0,35,康和-台南,2023-07-28,8458
00680L,元大美債20正2,33,0,33,康和-台南,2023-07-28,8458
1217,愛之味,32,0,32,康和-台南,2023-07-28,8458
5483,中美晶,31,0,31,康和-台南,2023-07-28,8458
00753L,中信中國50正2,28,0,28,康和-台南,2023-07-28,8458
2731,雄獅,26,0,26,康和-台南,2023-07-28,8458
5706,鳳凰,26,1,25,康和-台南,2023-07-28,8458
1905,華紙,42,18,24,康和-台南,2023-07-28,8458
1522,堤維西,24,3,21,康和-台南,2023-07-28,8458
2353,宏��,31,10,21,康和-台南,2023-07-28,8458
2889,國票金,21,3,18,康和-台南,2023-07-28,8458
4123,晟德,15,0,15,康和-台南,2023-07-28,8458
5009,榮剛,15,1,14,康和-台南,2023-07-28,8458
1802,台玻,13,0,13,康和-台南,2023-07-28,8458
2612,中航,12,0,12,康和-台南,2023-07-28,8458
2382,廣達,21,9,12,康和-台南,2023-07-28,8458
00878,國泰永續高股息,32,21,11,康和-台南,2023-07-28,8458
4906,正文,11,0,11,康和-台南,2023-07-28,8458
3078,僑威,14,3,11,康和-台南,2023-07-28,8458
2323,中環,20,10,10,康和-台南,2023-07-28,8458
2618,長榮航,15,5,10,康和-台南,2023-07-28,8458
1711,永光,10,0,10,康和-台南,2023-07-28,8458
3088,艾訊,10,0,10,康和-台南,2023-07-28,8458
3189,景碩,10,0,10,康和-台南,2023-07-28,8458
3447,展達,10,0,10,康和-台南,2023-07-28,8458
1527,鑽全,9,0,9,康和-台南,2023-07-28,8458
3081,聯亞,9,0,9,康和-台南,2023-07-28,8458
2357,華碩,12,3,9,康和-台南,2023-07-28,8458
2405,輔信,25,17,8,康和-台南,2023-07-28,8458
2409,友達,26,18,8,康和-台南,2023-07-28,8458
6426,統新,8,0,8,康和-台南,2023-07-28,8458
2888,新光金,9,2,7,康和-台南,2023-07-28,8458
4746,台耀,7,0,7,康和-台南,2023-07-28,8458
00687B,國泰20年美債,6,0,6,康和-台南,2023-07-28,8458
3035,智原,13,7,6,康和-台南,2023-07-28,8458
2352,佳世達,6,0,6,康和-台南,2023-07-28,8458
2354,鴻準,8,2,6,康和-台南,2023-07-28,8458
2610,華航,6,0,6,康和-台南,2023-07-28,8458
4934,太極,6,0,6,康和-台南,2023-07-28,8458
6290,良維,10,4,6,康和-台南,2023-07-28,8458
2356,英業達,8,3,5,康和-台南,2023-07-28,8458
6446,藥華藥,5,0,5,康和-台南,2023-07-28,8458
2388,威盛,17,12,5,康和-台南,2023-07-28,8458
1785,光洋科,5,0,5,康和-台南,2023-07-28,8458
00857B,永豐20年美公債,5,0,5,康和-台南,2023-07-28,8458
1701,中化,5,0,5,康和-台南,2023-07-28,8458
2618,長榮航,207,10,197,康和-台南,2023-07-31,8458
2538,基泰,100,0,100,康和-台南,2023-07-31,8458
2002,中鋼,74,0,74,康和-台南,2023-07-31,8458
1314,中石化,70,0,70,康和-台南,2023-07-31,8458
3231,緯創,85,19,66,康和-台南,2023-07-31,8458
2606,裕民,61,0,61,康和-台南,2023-07-31,8458
5608,四維航,60,0,60,康和-台南,2023-07-31,8458
2369,菱生,37,4,33,康和-台南,2023-07-31,8458
3380,明泰,32,0,32,康和-台南,2023-07-31,8458
1217,愛之味,31,0,31,康和-台南,2023-07-31,8458
3702,大聯大,30,0,30,康和-台南,2023-07-31,8458
6269,台郡,30,0,30,康和-台南,2023-07-31,8458
2409,友達,43,14,29,康和-台南,2023-07-31,8458
00878,國泰永續高股息,39,12,27,康和-台南,2023-07-31,8458
2882,國泰金,27,2,25,康和-台南,2023-07-31,8458
2486,一詮,22,0,22,康和-台南,2023-07-31,8458
00720B,元大投資級公司債,22,0,22,康和-台南,2023-07-31,8458
2329,華泰,58,37,21,康和-台南,2023-07-31,8458
6285,啟��,25,4,21,康和-台南,2023-07-31,8458
2352,佳世達,21,0,21,康和-台南,2023-07-31,8458
5706,鳳凰,20,0,20,康和-台南,2023-07-31,8458
1210,大成,20,2,18,康和-台南,2023-07-31,8458
6123,上奇,15,0,15,康和-台南,2023-07-31,8458
6719,力智,16,1,15,康和-台南,2023-07-31,8458
8358,金居,19,4,15,康和-台南,2023-07-31,8458
1504,東元,17,3,14,康和-台南,2023-07-31,8458
2379,瑞昱,13,1,12,康和-台南,2023-07-31,8458
2402,毅嘉,18,6,12,康和-台南,2023-07-31,8458
3217,優群,18,6,12,康和-台南,2023-07-31,8458
4915,致伸,15,3,12,康和-台南,2023-07-31,8458
8093,保銳,12,0,12,康和-台南,2023-07-31,8458
2027,大成鋼,12,1,11,康和-台南,2023-07-31,8458
2609,陽明,12,1,11,康和-台南,2023-07-31,8458
6120,達運,13,2,11,康和-台南,2023-07-31,8458
3029,零壹,24,13,11,康和-台南,2023-07-31,8458
2323,中環,20,10,10,康和-台南,2023-07-31,8458
2353,宏��,13,3,10,康和-台南,2023-07-31,8458
00632R,元大台灣50反1,10,0,10,康和-台南,2023-07-31,8458
00751B,元大AAA至A公司債,10,0,10,康和-台南,2023-07-31,8458
1611,中電,10,0,10,康和-台南,2023-07-31,8458
1734,杏輝,10,0,10,康和-台南,2023-07-31,8458
2338,光罩,15,5,10,康和-台南,2023-07-31,8458
2425,承啟,11,1,10,康和-台南,2023-07-31,8458
2820,華票,10,0,10,康和-台南,2023-07-31,8458
3356,奇偶,11,1,10,康和-台南,2023-07-31,8458
3511,矽瑪,10,0,10,康和-台南,2023-07-31,8458
6196,帆宣,10,0,10,康和-台南,2023-07-31,8458
6244,茂迪,10,0,10,康和-台南,2023-07-31,8458
3706,神達,12,2,10,康和-台南,2023-07-31,8458
3037,欣興,43,34,9,康和-台南,2023-07-31,8458
1609,大亞,111,5,106,康和-台南,2023-08-01,8458
3037,欣興,98,4,94,康和-台南,2023-08-01,8458
00753L,中信中國50正2,80,0,80,康和-台南,2023-08-01,8458
1905,華紙,85,22,63,康和-台南,2023-08-01,8458
00637L,元大滬深300正2,50,0,50,康和-台南,2023-08-01,8458
2353,宏��,43,0,43,康和-台南,2023-08-01,8458
2323,中環,42,0,42,康和-台南,2023-08-01,8458
2312,金寶,37,3,34,康和-台南,2023-08-01,8458
6279,胡連,32,1,31,康和-台南,2023-08-01,8458
2356,英業達,70,41,29,康和-台南,2023-08-01,8458
2329,華泰,35,10,25,康和-台南,2023-08-01,8458
3689,湧德,25,1,24,康和-台南,2023-08-01,8458
2316,楠梓電,50,27,23,康和-台南,2023-08-01,8458
3576,聯合再生,27,5,22,康和-台南,2023-08-01,8458
2408,南亞科,22,1,21,康和-台南,2023-08-01,8458
3032,偉訓,20,1,19,康和-台南,2023-08-01,8458
2330,台積電,20,2,18,康和-台南,2023-08-01,8458
00665L,富邦�琤肭磪囓�2,50,32,18,康和-台南,2023-08-01,8458
5388,中磊,18,3,15,康和-台南,2023-08-01,8458
2801,彰銀,15,0,15,康和-台南,2023-08-01,8458
3581,博磊,18,3,15,康和-台南,2023-08-01,8458
1710,東聯,13,0,13,康和-台南,2023-08-01,8458
2891,中信金,12,0,12,康和-台南,2023-08-01,8458
4919,新唐,11,0,11,康和-台南,2023-08-01,8458
1219,福壽,13,2,11,康和-台南,2023-08-01,8458
4989,榮科,11,0,11,康和-台南,2023-08-01,8458
6550,北極星藥業-KY,12,1,11,康和-台南,2023-08-01,8458
00773B,中信優先金融債,10,0,10,康和-台南,2023-08-01,8458
1711,永光,10,0,10,康和-台南,2023-08-01,8458
5203,訊連,13,3,10,康和-台南,2023-08-01,8458
3711,日月光投控,10,1,9,康和-台南,2023-08-01,8458
6245,立端,8,0,8,康和-台南,2023-08-01,8458
9945,潤泰新,8,0,8,康和-台南,2023-08-01,8458
00878,國泰永續高股息,74,66,8,康和-台南,2023-08-01,8458
4533,協易機,8,1,7,康和-台南,2023-08-01,8458
00930,永豐ESG低碳高息,7,0,7,康和-台南,2023-08-01,8458
3105,穩懋,7,0,7,康和-台南,2023-08-01,8458
6218,豪勉,13,6,7,康和-台南,2023-08-01,8458
2303,聯電,13,7,6,康和-台南,2023-08-01,8458
2029,盛餘,6,0,6,康和-台南,2023-08-01,8458
2485,兆赫,13,7,6,康和-台南,2023-08-01,8458
3491,昇達科,6,0,6,康和-台南,2023-08-01,8458
8926,台汽電,5,0,5,康和-台南,2023-08-01,8458
00929,復華台灣科技優息,5,0,5,康和-台南,2023-08-01,8458
2206,三陽工業,10,5,5,康和-台南,2023-08-01,8458
2367,燿華,10,5,5,康和-台南,2023-08-01,8458
2388,威盛,6,1,5,康和-台南,2023-08-01,8458
2534,宏盛,5,0,5,康和-台南,2023-08-01,8458
3450,聯鈞,5,0,5,康和-台南,2023-08-01,8458
4526,東台,5,0,5,康和-台南,2023-08-01,8458
00631L,元大台灣50正2,301,0,301,康和-台南,2023-08-02,8458
2618,長榮航,219,9,210,康和-台南,2023-08-02,8458
3052,夆典,122,2,120,康和-台南,2023-08-02,8458
3702,大聯大,120,0,120,康和-台南,2023-08-02,8458
00878,國泰永續高股息,118,26,92,康和-台南,2023-08-02,8458
6770,力積電,94,10,84,康和-台南,2023-08-02,8458
6120,達運,82,2,80,康和-台南,2023-08-02,8458
00720B,元大投資級公司債,75,0,75,康和-台南,2023-08-02,8458
00665L,富邦�琤肭磪囓�2,72,0,72,康和-台南,2023-08-02,8458
4532,瑞智,71,0,71,康和-台南,2023-08-02,8458
2002,中鋼,74,4,70,康和-台南,2023-08-02,8458
5608,四維航,63,0,63,康和-台南,2023-08-02,8458
1605,華新,82,20,62,康和-台南,2023-08-02,8458
00751B,元大AAA至A公司債,50,0,50,康和-台南,2023-08-02,8458
5515,建國,50,0,50,康和-台南,2023-08-02,8458
2344,華邦電,60,14,46,康和-台南,2023-08-02,8458
00753L,中信中國50正2,45,0,45,康和-台南,2023-08-02,8458
5425,台半,44,1,43,康和-台南,2023-08-02,8458
2883,凱基金,35,1,34,康和-台南,2023-08-02,8458
00929,復華台灣科技優息,40,10,30,康和-台南,2023-08-02,8458
00706L,期元大S＆P日圓正2,30,0,30,康和-台南,2023-08-02,8458
2323,中環,30,0,30,康和-台南,2023-08-02,8458
2731,雄獅,31,1,30,康和-台南,2023-08-02,8458
6016,康和證,30,0,30,康和-台南,2023-08-02,8458
2890,永豐金,30,2,28,康和-台南,2023-08-02,8458
00679B,元大美債20年,26,0,26,康和-台南,2023-08-02,8458
2367,燿華,25,0,25,康和-台南,2023-08-02,8458
8096,擎亞,32,7,25,康和-台南,2023-08-02,8458
2888,新光金,45,22,23,康和-台南,2023-08-02,8458
2913,農林,68,47,21,康和-台南,2023-08-02,8458
3217,優群,21,0,21,康和-台南,2023-08-02,8458
00923,群益台ESG低碳50,19,0,19,康和-台南,2023-08-02,8458
00900,富邦特選高股息30,19,0,19,康和-台南,2023-08-02,8458
3231,緯創,21,3,18,康和-台南,2023-08-02,8458
3260,威剛,18,0,18,康和-台南,2023-08-02,8458
2889,國票金,20,3,17,康和-台南,2023-08-02,8458
3481,群創,26,9,17,康和-台南,2023-08-02,8458
8234,新漢,16,0,16,康和-台南,2023-08-02,8458
2204,中華,15,0,15,康和-台南,2023-08-02,8458
4147,中裕,15,0,15,康和-台南,2023-08-02,8458
4526,東台,15,0,15,康和-台南,2023-08-02,8458
2360,致茂,14,0,14,康和-台南,2023-08-02,8458
2882,國泰金,15,2,13,康和-台南,2023-08-02,8458
1101,台泥,13,0,13,康和-台南,2023-08-02,8458
3535,晶彩科,13,0,13,康和-台南,2023-08-02,8458
3015,全漢,12,0,12,康和-台南,2023-08-02,8458
6438,迅得,12,0,12,康和-台南,2023-08-02,8458
5469,瀚宇博,10,0,10,康和-台南,2023-08-02,8458
3711,日月光投控,13,3,10,康和-台南,2023-08-02,8458
2301,光寶科,20,10,10,康和-台南,2023-08-02,8458
2344,華邦電,131,17,114,康和-台南,2023-08-04,8458
1609,大亞,143,31,112,康和-台南,2023-08-04,8458
2538,基泰,101,0,101,康和-台南,2023-08-04,8458
00665L,富邦�琤肭磪囓�2,60,0,60,康和-台南,2023-08-04,8458
3056,富華新,51,0,51,康和-台南,2023-08-04,8458
00878,國泰永續高股息,56,5,51,康和-台南,2023-08-04,8458
4746,台耀,42,0,42,康和-台南,2023-08-04,8458
1524,耿鼎,40,0,40,康和-台南,2023-08-04,8458
1785,光洋科,39,1,38,康和-台南,2023-08-04,8458
2330,台積電,37,0,37,康和-台南,2023-08-04,8458
2891,中信金,35,1,34,康和-台南,2023-08-04,8458
3715,定穎投控,44,13,31,康和-台南,2023-08-04,8458
3580,友威科,30,0,30,康和-台南,2023-08-04,8458
2421,建準,28,2,26,康和-台南,2023-08-04,8458
00753L,中信中國50正2,40,15,25,康和-台南,2023-08-04,8458
00637L,元大滬深300正2,30,5,25,康和-台南,2023-08-04,8458
00679B,元大美債20年,22,0,22,康和-台南,2023-08-04,8458
00923,群益台ESG低碳50,20,0,20,康和-台南,2023-08-04,8458
1710,東聯,20,0,20,康和-台南,2023-08-04,8458
9902,台火,20,0,20,康和-台南,2023-08-04,8458
00929,復華台灣科技優息,19,0,19,康和-台南,2023-08-04,8458
2428,興勤,20,1,19,康和-台南,2023-08-04,8458
2206,三陽工業,19,2,17,康和-台南,2023-08-04,8458
00900,富邦特選高股息30,20,4,16,康和-台南,2023-08-04,8458
1319,東陽,17,2,15,康和-台南,2023-08-04,8458
1310,台苯,57,43,14,康和-台南,2023-08-04,8458
00687B,國泰20年美債,13,0,13,康和-台南,2023-08-04,8458
00795B,中信美國公債20年,13,0,13,康和-台南,2023-08-04,8458
00891,中信關鍵半導體,13,0,13,康和-台南,2023-08-04,8458
3231,緯創,57,45,12,康和-台南,2023-08-04,8458
2382,廣達,48,36,12,康和-台南,2023-08-04,8458
3406,玉晶光,11,0,11,康和-台南,2023-08-04,8458
6123,上奇,11,0,11,康和-台南,2023-08-04,8458
00720B,元大投資級公司債,17,7,10,康和-台南,2023-08-04,8458
00680L,元大美債20正2,10,0,10,康和-台南,2023-08-04,8458
2204,中華,10,0,10,康和-台南,2023-08-04,8458
2401,凌陽,10,0,10,康和-台南,2023-08-04,8458
2609,陽明,14,4,10,康和-台南,2023-08-04,8458
6223,旺矽,12,2,10,康和-台南,2023-08-04,8458
9919,康那香,10,0,10,康和-台南,2023-08-04,8458
2332,友訊,10,1,9,康和-台南,2023-08-04,8458
1216,統一,9,0,9,康和-台南,2023-08-04,8458
8255,朋程,9,0,9,康和-台南,2023-08-04,8458
2892,第一金,8,0,8,康和-台南,2023-08-04,8458
2328,廣宇,7,0,7,康和-台南,2023-08-04,8458
2458,義隆,12,5,7,康和-台南,2023-08-04,8458
8028,昇陽半導體,6,0,6,康和-台南,2023-08-04,8458
00885,富邦越南,7,1,6,康和-台南,2023-08-04,8458
5474,聰泰,6,0,6,康和-台南,2023-08-04,8458
1210,大成,44,38,6,康和-台南,2023-08-04,8458
00637L,元大滬深300正2,40,0,40,康和-台南,2023-08-07,8458
2329,華泰,76,38,38,康和-台南,2023-08-07,8458
2606,裕民,30,0,30,康和-台南,2023-08-07,8458
2891,中信金,29,1,28,康和-台南,2023-08-07,8458
1905,華紙,30,3,27,康和-台南,2023-08-07,8458
2618,長榮航,27,3,24,康和-台南,2023-08-07,8458
00665L,富邦�琤肭磪囓�2,21,0,21,康和-台南,2023-08-07,8458
2312,金寶,20,0,20,康和-台南,2023-08-07,8458
2905,三商,20,0,20,康和-台南,2023-08-07,8458
1108,幸福,26,7,19,康和-台南,2023-08-07,8458
2317,鴻海,17,0,17,康和-台南,2023-08-07,8458
2801,彰銀,17,0,17,康和-台南,2023-08-07,8458
2913,農林,19,4,15,康和-台南,2023-08-07,8458
2367,燿華,15,0,15,康和-台南,2023-08-07,8458
2415,錩新,14,0,14,康和-台南,2023-08-07,8458
8050,廣積,16,2,14,康和-台南,2023-08-07,8458
2603,長榮,15,1,14,康和-台南,2023-08-07,8458
1310,台苯,12,0,12,康和-台南,2023-08-07,8458
1714,和桐,12,0,12,康和-台南,2023-08-07,8458
00773B,中信優先金融債,10,0,10,康和-台南,2023-08-07,8458
1504,東元,12,2,10,康和-台南,2023-08-07,8458
1609,大亞,11,1,10,康和-台南,2023-08-07,8458
3059,華晶科,10,0,10,康和-台南,2023-08-07,8458
3406,玉晶光,10,0,10,康和-台南,2023-08-07,8458
6290,良維,10,0,10,康和-台南,2023-08-07,8458
1785,光洋科,10,0,10,康和-台南,2023-08-07,8458
1736,喬山,9,0,9,康和-台南,2023-08-07,8458
2031,新光鋼,10,1,9,康和-台南,2023-08-07,8458
2610,華航,11,2,9,康和-台南,2023-08-07,8458
6285,啟��,13,4,9,康和-台南,2023-08-07,8458
5009,榮剛,11,2,9,康和-台南,2023-08-07,8458
6016,康和證,10,2,8,康和-台南,2023-08-07,8458
3021,鴻名,7,0,7,康和-台南,2023-08-07,8458
3689,湧德,8,1,7,康和-台南,2023-08-07,8458
4147,中裕,7,0,7,康和-台南,2023-08-07,8458
4167,松瑞藥,7,0,7,康和-台南,2023-08-07,8458
8105,凌巨,7,0,7,康和-台南,2023-08-07,8458
8210,勤誠,10,3,7,康和-台南,2023-08-07,8458
2421,建準,33,27,6,康和-台南,2023-08-07,8458
9927,泰銘,7,1,6,康和-台南,2023-08-07,8458
00687B,國泰20年美債,5,0,5,康和-台南,2023-08-07,8458
2454,聯發科,5,0,5,康和-台南,2023-08-07,8458
6235,華孚,6,1,5,康和-台南,2023-08-07,8458
3037,欣興,7,2,5,康和-台南,2023-08-07,8458
00753L,中信中國50正2,5,0,5,康和-台南,2023-08-07,8458
1522,堤維西,7,2,5,康和-台南,2023-08-07,8458
1611,中電,5,0,5,康和-台南,2023-08-07,8458
2402,毅嘉,5,0,5,康和-台南,2023-08-07,8458
2633,台灣高鐵,5,0,5,康和-台南,2023-08-07,8458
3306,鼎天,5,0,5,康和-台南,2023-08-07,8458
00631L,元大台灣50正2,300,0,300,康和-台南,2023-08-08,8458
2883,凱基金,100,0,100,康和-台南,2023-08-08,8458
2634,漢翔,109,10,99,康和-台南,2023-08-08,8458
2891,中信金,52,0,52,康和-台南,2023-08-08,8458
1326,台化,50,0,50,康和-台南,2023-08-08,8458
00669R,國泰美國道瓊反1,50,0,50,康和-台南,2023-08-08,8458
00929,復華台灣科技優息,47,0,47,康和-台南,2023-08-08,8458
4532,瑞智,46,0,46,康和-台南,2023-08-08,8458
2905,三商,41,0,41,康和-台南,2023-08-08,8458
6274,台燿,41,6,35,康和-台南,2023-08-08,8458
1314,中石化,30,0,30,康和-台南,2023-08-08,8458
00665L,富邦�琤肭磪囓�2,50,20,30,康和-台南,2023-08-08,8458
3702,大聯大,30,0,30,康和-台南,2023-08-08,8458
2356,英業達,34,7,27,康和-台南,2023-08-08,8458
00900,富邦特選高股息30,26,0,26,康和-台南,2023-08-08,8458
2880,華南金,25,1,24,康和-台南,2023-08-08,8458
2301,光寶科,34,12,22,康和-台南,2023-08-08,8458
3231,緯創,62,40,22,康和-台南,2023-08-08,8458
00882,中信中國高股息,20,0,20,康和-台南,2023-08-08,8458
00902,中信電池及儲能,20,0,20,康和-台南,2023-08-08,8458
00931B,統一美債20年,19,0,19,康和-台南,2023-08-08,8458
2617,台航,17,0,17,康和-台南,2023-08-08,8458
6139,亞翔,17,0,17,康和-台南,2023-08-08,8458
2313,華通,17,1,16,康和-台南,2023-08-08,8458
6548,長科*,16,0,16,康和-台南,2023-08-08,8458
2303,聯電,13,0,13,康和-台南,2023-08-08,8458
2913,農林,16,3,13,康和-台南,2023-08-08,8458
3044,健鼎,13,0,13,康和-台南,2023-08-08,8458
1727,中華化,16,4,12,康和-台南,2023-08-08,8458
2312,金寶,12,0,12,康和-台南,2023-08-08,8458
6245,立端,12,0,12,康和-台南,2023-08-08,8458
3021,鴻名,11,0,11,康和-台南,2023-08-08,8458
6104,創惟,11,0,11,康和-台南,2023-08-08,8458
6770,力積電,16,5,11,康和-台南,2023-08-08,8458
1104,環泥,10,0,10,康和-台南,2023-08-08,8458
00898,國泰基因免疫革命,10,0,10,康和-台南,2023-08-08,8458
00751B,元大AAA至A公司債,10,0,10,康和-台南,2023-08-08,8458
1604,聲寶,10,0,10,康和-台南,2023-08-08,8458
1709,和益,10,0,10,康和-台南,2023-08-08,8458
2425,承啟,10,0,10,康和-台南,2023-08-08,8458
8093,保銳,10,0,10,康和-台南,2023-08-08,8458
00878,國泰永續高股息,19,9,10,康和-台南,2023-08-08,8458
6244,茂迪,9,0,9,康和-台南,2023-08-08,8458
2371,大同,16,7,9,康和-台南,2023-08-08,8458
4931,新盛力,11,2,9,康和-台南,2023-08-08,8458
3706,神達,10,2,8,康和-台南,2023-08-08,8458
00881,國泰台灣5G+,10,2,8,康和-台南,2023-08-08,8458
4533,協易機,8,0,8,康和-台南,2023-08-08,8458
6411,晶焱,8,0,8,康和-台南,2023-08-08,8458
2352,佳世達,8,1,7,康和-台南,2023-08-08,8458
2801,彰銀,117,0,117,康和-台南,2023-08-09,8458
2371,大同,118,5,113,康和-台南,2023-08-09,8458
2882,國泰金,78,0,78,康和-台南,2023-08-09,8458
2002,中鋼,69,1,68,康和-台南,2023-08-09,8458
5608,四維航,60,0,60,康和-台南,2023-08-09,8458
2606,裕民,40,1,39,康和-台南,2023-08-09,8458
2206,三陽工業,40,2,38,康和-台南,2023-08-09,8458
00773B,中信優先金融債,36,0,36,康和-台南,2023-08-09,8458
00706L,期元大S＆P日圓正2,30,0,30,康和-台南,2023-08-09,8458
00931B,統一美債20年,35,5,30,康和-台南,2023-08-09,8458
3032,偉訓,35,8,27,康和-台南,2023-08-09,8458
2027,大成鋼,24,0,24,康和-台南,2023-08-09,8458
4935,茂林-KY,23,0,23,康和-台南,2023-08-09,8458
8096,擎亞,23,0,23,康和-台南,2023-08-09,8458
3231,緯創,104,82,22,康和-台南,2023-08-09,8458
2357,華碩,24,2,22,康和-台南,2023-08-09,8458
00878,國泰永續高股息,29,9,20,康和-台南,2023-08-09,8458
00751B,元大AAA至A公司債,20,0,20,康和-台南,2023-08-09,8458
2405,輔信,20,0,20,康和-台南,2023-08-09,8458
6112,邁達特,20,0,20,康和-台南,2023-08-09,8458
00900,富邦特選高股息30,19,0,19,康和-台南,2023-08-09,8458
4960,誠美材,18,0,18,康和-台南,2023-08-09,8458
00929,復華台灣科技優息,15,0,15,康和-台南,2023-08-09,8458
2031,新光鋼,22,8,14,康和-台南,2023-08-09,8458
5425,台半,13,0,13,康和-台南,2023-08-09,8458
5009,榮剛,13,1,12,康和-台南,2023-08-09,8458
2367,燿華,15,3,12,康和-台南,2023-08-09,8458
2516,新建,11,0,11,康和-台南,2023-08-09,8458
2617,台航,11,0,11,康和-台南,2023-08-09,8458
00922,國泰台灣領袖50,10,0,10,康和-台南,2023-08-09,8458
00919,群益台灣精選高息,10,0,10,康和-台南,2023-08-09,8458
2329,華泰,55,45,10,康和-台南,2023-08-09,8458
2358,廷鑫,10,0,10,康和-台南,2023-08-09,8458
2880,華南金,10,0,10,康和-台南,2023-08-09,8458
2915,潤泰全,10,0,10,康和-台南,2023-08-09,8458
3483,力致,10,0,10,康和-台南,2023-08-09,8458
3708,上緯投控,10,0,10,康和-台南,2023-08-09,8458
4147,中裕,10,1,9,康和-台南,2023-08-09,8458
2301,光寶科,16,9,7,康和-台南,2023-08-09,8458
2421,建準,23,16,7,康和-台南,2023-08-09,8458
1605,華新,13,7,6,康和-台南,2023-08-09,8458
3021,鴻名,7,1,6,康和-台南,2023-08-09,8458
3363,上詮,6,0,6,康和-台南,2023-08-09,8458
8227,巨有科技,6,0,6,康和-台南,2023-08-09,8458
8358,金居,6,0,6,康和-台南,2023-08-09,8458
1905,華紙,11,6,5,康和-台南,2023-08-09,8458
1440,南紡,5,0,5,康和-台南,2023-08-09,8458
00632R,元大台灣50反1,5,0,5,康和-台南,2023-08-09,8458
00670L,富邦NASDAQ正2,5,0,5,康和-台南,2023-08-09,8458
1519,華城,25,20,5,康和-台南,2023-08-09,8458
00631L,元大台灣50正2,701,0,701,康和-台南,2023-08-10,8458
1609,大亞,202,0,202,康和-台南,2023-08-10,8458
00931B,統一美債20年,125,0,125,康和-台南,2023-08-10,8458
1568,倉佑,85,0,85,康和-台南,2023-08-10,8458
00878,國泰永續高股息,90,10,80,康和-台南,2023-08-10,8458
2851,中再保,80,0,80,康和-台南,2023-08-10,8458
2883,凱基金,76,2,74,康和-台南,2023-08-10,8458
00679B,元大美債20年,65,2,63,康和-台南,2023-08-10,8458
2886,兆豐金,62,1,61,康和-台南,2023-08-10,8458
2002,中鋼,61,0,61,康和-台南,2023-08-10,8458
00687B,國泰20年美債,61,0,61,康和-台南,2023-08-10,8458
00764B,群益25年美債,60,0,60,康和-台南,2023-08-10,8458
1710,東聯,60,2,58,康和-台南,2023-08-10,8458
2634,漢翔,56,1,55,康和-台南,2023-08-10,8458
2312,金寶,51,0,51,康和-台南,2023-08-10,8458
3032,偉訓,46,2,44,康和-台南,2023-08-10,8458
1802,台玻,38,5,33,康和-台南,2023-08-10,8458
00929,復華台灣科技優息,31,0,31,康和-台南,2023-08-10,8458
0056,元大高股息,32,2,30,康和-台南,2023-08-10,8458
2421,建準,35,10,25,康和-台南,2023-08-10,8458
6104,創惟,22,0,22,康和-台南,2023-08-10,8458
00665L,富邦�琤肭磪囓�2,20,0,20,康和-台南,2023-08-10,8458
00712,復華富時不動產,20,0,20,康和-台南,2023-08-10,8458
2387,精元,20,0,20,康和-台南,2023-08-10,8458
2915,潤泰全,20,0,20,康和-台南,2023-08-10,8458
3015,全漢,20,0,20,康和-台南,2023-08-10,8458
3052,夆典,20,0,20,康和-台南,2023-08-10,8458
2301,光寶科,26,7,19,康和-台南,2023-08-10,8458
3231,緯創,88,70,18,康和-台南,2023-08-10,8458
2376,技嘉,21,3,18,康和-台南,2023-08-10,8458
6282,康舒,49,31,18,康和-台南,2023-08-10,8458
00919,群益台灣精選高息,17,0,17,康和-台南,2023-08-10,8458
1720,生達,16,0,16,康和-台南,2023-08-10,8458
4743,合一,15,0,15,康和-台南,2023-08-10,8458
1522,堤維西,15,0,15,康和-台南,2023-08-10,8458
00900,富邦特選高股息30,14,0,14,康和-台南,2023-08-10,8458
2331,精英,16,2,14,康和-台南,2023-08-10,8458
8046,南電,14,0,14,康和-台南,2023-08-10,8458
2382,廣達,26,14,12,康和-台南,2023-08-10,8458
1504,東元,13,1,12,康和-台南,2023-08-10,8458
3665,貿聯-KY,12,0,12,康和-台南,2023-08-10,8458
6128,上福,12,0,12,康和-台南,2023-08-10,8458
6290,良維,12,0,12,康和-台南,2023-08-10,8458
2409,友達,24,13,11,康和-台南,2023-08-10,8458
2610,華航,14,3,11,康和-台南,2023-08-10,8458
6112,邁達特,11,0,11,康和-台南,2023-08-10,8458
6548,長科*,11,0,11,康和-台南,2023-08-10,8458
6470,宇智,11,0,11,康和-台南,2023-08-10,8458
1709,和益,10,0,10,康和-台南,2023-08-10,8458
1717,長興,10,0,10,康和-台南,2023-08-10,8458
00923,群益台ESG低碳50,218,0,218,康和-台南,2023-08-11,8458
6770,力積電,184,2,182,康和-台南,2023-08-11,8458
00631L,元大台灣50正2,116,0,116,康和-台南,2023-08-11,8458
2634,漢翔,112,31,81,康和-台南,2023-08-11,8458
2888,新光金,83,7,76,康和-台南,2023-08-11,8458
1609,大亞,81,15,66,康和-台南,2023-08-11,8458
2002,中鋼,64,0,64,康和-台南,2023-08-11,8458
2027,大成鋼,40,2,38,康和-台南,2023-08-11,8458
00900,富邦特選高股息30,36,0,36,康和-台南,2023-08-11,8458
2892,第一金,38,3,35,康和-台南,2023-08-11,8458
2618,長榮航,50,21,29,康和-台南,2023-08-11,8458
00857B,永豐20年美公債,27,0,27,康和-台南,2023-08-11,8458
00751B,元大AAA至A公司債,21,0,21,康和-台南,2023-08-11,8458
1217,愛之味,21,0,21,康和-台南,2023-08-11,8458
1460,宏遠,21,0,21,康和-台南,2023-08-11,8458
3052,夆典,20,0,20,康和-台南,2023-08-11,8458
6188,廣明,23,3,20,康和-台南,2023-08-11,8458
2882,國泰金,21,4,17,康和-台南,2023-08-11,8458
00679B,元大美債20年,17,0,17,康和-台南,2023-08-11,8458
00929,復華台灣科技優息,16,0,16,康和-台南,2023-08-11,8458
2204,中華,18,2,16,康和-台南,2023-08-11,8458
00720B,元大投資級公司債,15,0,15,康和-台南,2023-08-11,8458
00882,中信中國高股息,15,0,15,康和-台南,2023-08-11,8458
00740B,富邦全球投等債,15,0,15,康和-台南,2023-08-11,8458
3535,晶彩科,15,0,15,康和-台南,2023-08-11,8458
2511,太子,12,0,12,康和-台南,2023-08-11,8458
1714,和桐,12,0,12,康和-台南,2023-08-11,8458
1605,華新,13,2,11,康和-台南,2023-08-11,8458
3078,僑威,23,12,11,康和-台南,2023-08-11,8458
5328,華容,11,0,11,康和-台南,2023-08-11,8458
00931B,統一美債20年,10,0,10,康和-台南,2023-08-11,8458
1308,亞聚,10,0,10,康和-台南,2023-08-11,8458
1307,三芳,10,0,10,康和-台南,2023-08-11,8458
00752,中信中國50,10,0,10,康和-台南,2023-08-11,8458
1529,樂事綠能,14,4,10,康和-台南,2023-08-11,8458
3234,光環,10,0,10,康和-台南,2023-08-11,8458
3693,營邦,18,8,10,康和-台南,2023-08-11,8458
6016,康和證,20,10,10,康和-台南,2023-08-11,8458
00878,國泰永續高股息,10,2,8,康和-台南,2023-08-11,8458
2344,華邦電,8,0,8,康和-台南,2023-08-11,8458
2421,建準,15,8,7,康和-台南,2023-08-11,8458
2427,三商電,7,0,7,康和-台南,2023-08-11,8458
1905,華紙,11,5,6,康和-台南,2023-08-11,8458
2356,英業達,19,13,6,康和-台南,2023-08-11,8458
00715L,期街口布蘭特正2,6,0,6,康和-台南,2023-08-11,8458
3356,奇偶,7,1,6,康和-台南,2023-08-11,8458
4746,台耀,6,0,6,康和-台南,2023-08-11,8458
8446,華研,6,0,6,康和-台南,2023-08-11,8458
2332,友訊,5,0,5,康和-台南,2023-08-11,8458
1201,味全,5,0,5,康和-台南,2023-08-11,8458
00632R,元大台灣50反1,303,0,303,康和-台南,2023-08-14,8458
3052,夆典,190,1,189,康和-台南,2023-08-14,8458
00931B,統一美債20年,157,0,157,康和-台南,2023-08-14,8458
2881,富邦金,144,0,144,康和-台南,2023-08-14,8458
00929,復華台灣科技優息,99,0,99,康和-台南,2023-08-14,8458
1108,幸福,84,4,80,康和-台南,2023-08-14,8458
2634,漢翔,91,11,80,康和-台南,2023-08-14,8458
2883,凱基金,67,1,66,康和-台南,2023-08-14,8458
00900,富邦特選高股息30,63,0,63,康和-台南,2023-08-14,8458
2606,裕民,62,0,62,康和-台南,2023-08-14,8458
2888,新光金,59,3,56,康和-台南,2023-08-14,8458
2353,宏��,55,1,54,康和-台南,2023-08-14,8458
2002,中鋼,63,10,53,康和-台南,2023-08-14,8458
00631L,元大台灣50正2,50,0,50,康和-台南,2023-08-14,8458
2312,金寶,52,2,50,康和-台南,2023-08-14,8458
2344,華邦電,53,11,42,康和-台南,2023-08-14,8458
5469,瀚宇博,41,0,41,康和-台南,2023-08-14,8458
00706L,期元大S＆P日圓正2,32,0,32,康和-台南,2023-08-14,8458
00878,國泰永續高股息,34,3,31,康和-台南,2023-08-14,8458
2880,華南金,50,20,30,康和-台南,2023-08-14,8458
2851,中再保,28,0,28,康和-台南,2023-08-14,8458
00665L,富邦�琤肭磪囓�2,22,0,22,康和-台南,2023-08-14,8458
2409,友達,26,5,21,康和-台南,2023-08-14,8458
00907,永豐優息存股,21,0,21,康和-台南,2023-08-14,8458
2515,中工,31,10,21,康和-台南,2023-08-14,8458
3036,文曄,20,0,20,康和-台南,2023-08-14,8458
8255,朋程,21,1,20,康和-台南,2023-08-14,8458
00923,群益台ESG低碳50,19,0,19,康和-台南,2023-08-14,8458
2317,鴻海,23,4,19,康和-台南,2023-08-14,8458
2915,潤泰全,20,1,19,康和-台南,2023-08-14,8458
2886,兆豐金,18,0,18,康和-台南,2023-08-14,8458
2014,中鴻,17,0,17,康和-台南,2023-08-14,8458
3481,群創,27,11,16,康和-台南,2023-08-14,8458
1802,台玻,17,1,16,康和-台南,2023-08-14,8458
2610,華航,18,2,16,康和-台南,2023-08-14,8458
6548,長科*,16,0,16,康和-台南,2023-08-14,8458
2882,國泰金,19,4,15,康和-台南,2023-08-14,8458
3483,力致,17,2,15,康和-台南,2023-08-14,8458
2891,中信金,16,2,14,康和-台南,2023-08-14,8458
3051,力特,12,0,12,康和-台南,2023-08-14,8458
2027,大成鋼,16,5,11,康和-台南,2023-08-14,8458
2845,遠東銀,11,0,11,康和-台南,2023-08-14,8458
6139,亞翔,12,1,11,康和-台南,2023-08-14,8458
4114,健喬,11,0,11,康和-台南,2023-08-14,8458
2885,元大金,10,0,10,康和-台南,2023-08-14,8458
2376,技嘉,12,2,10,康和-台南,2023-08-14,8458
2609,陽明,10,0,10,康和-台南,2023-08-14,8458
1308,亞聚,10,0,10,康和-台南,2023-08-14,8458
2020,美亞,10,0,10,康和-台南,2023-08-14,8458
6118,建達,10,0,10,康和-台南,2023-08-14,8458
2881,富邦金,232,0,232,康和-台南,2023-08-15,8458
2883,凱基金,202,1,201,康和-台南,2023-08-15,8458
6770,力積電,103,2,101,康和-台南,2023-08-15,8458
2002,中鋼,69,0,69,康和-台南,2023-08-15,8458
00923,群益台ESG低碳50,42,1,41,康和-台南,2023-08-15,8458
00878,國泰永續高股息,32,5,27,康和-台南,2023-08-15,8458
00931B,統一美債20年,26,0,26,康和-台南,2023-08-15,8458
00665L,富邦�琤肭磪囓�2,20,1,19,康和-台南,2023-08-15,8458
3078,僑威,23,7,16,康和-台南,2023-08-15,8458
00900,富邦特選高股息30,13,0,13,康和-台南,2023-08-15,8458
8150,南茂,13,0,13,康和-台南,2023-08-15,8458
6531,愛普*,13,0,13,康和-台南,2023-08-15,8458
00929,復華台灣科技優息,12,0,12,康和-台南,2023-08-15,8458
2880,華南金,11,0,11,康和-台南,2023-08-15,8458
3583,辛耘,15,4,11,康和-台南,2023-08-15,8458
00913,兆豐台灣晶圓製造,11,0,11,康和-台南,2023-08-15,8458
00753L,中信中國50正2,10,0,10,康和-台南,2023-08-15,8458
1711,永光,10,0,10,康和-台南,2023-08-15,8458
3665,貿聯-KY,10,0,10,康和-台南,2023-08-15,8458
2516,新建,9,0,9,康和-台南,2023-08-15,8458
3587,閎康,10,1,9,康和-台南,2023-08-15,8458
2834,臺企銀,9,0,9,康和-台南,2023-08-15,8458
3622,洋華,8,0,8,康和-台南,2023-08-15,8458
6799,來頡,8,0,8,康和-台南,2023-08-15,8458
2609,陽明,10,3,7,康和-台南,2023-08-15,8458
1301,台塑,7,0,7,康和-台南,2023-08-15,8458
2027,大成鋼,7,0,7,康和-台南,2023-08-15,8458
2634,漢翔,7,1,6,康和-台南,2023-08-15,8458
6679,鈺太,6,0,6,康和-台南,2023-08-15,8458
00881,國泰台灣5G+,5,0,5,康和-台南,2023-08-15,8458
3483,力致,46,41,5,康和-台南,2023-08-15,8458
8086,宏捷科,6,1,5,康和-台南,2023-08-15,8458
2801,彰銀,5,0,5,康和-台南,2023-08-15,8458
00712,復華富時不動產,5,0,5,康和-台南,2023-08-15,8458
00680L,元大美債20正2,5,0,5,康和-台南,2023-08-15,8458
00891,中信關鍵半導體,5,0,5,康和-台南,2023-08-15,8458
2204,中華,6,1,5,康和-台南,2023-08-15,8458
3380,明泰,5,0,5,康和-台南,2023-08-15,8458
6188,廣明,28,23,5,康和-台南,2023-08-15,8458
2884,玉山金,6,2,4,康和-台南,2023-08-15,8458
2330,台積電,4,0,4,康和-台南,2023-08-15,8458
2812,台中銀,4,0,4,康和-台南,2023-08-15,8458
3032,偉訓,17,13,4,康和-台南,2023-08-15,8458
5009,榮剛,4,0,4,康和-台南,2023-08-15,8458
1402,遠東新,3,0,3,康和-台南,2023-08-15,8458
00795B,中信美國公債20年,4,1,3,康和-台南,2023-08-15,8458
00669R,國泰美國道瓊反1,3,0,3,康和-台南,2023-08-15,8458
2388,威盛,4,1,3,康和-台南,2023-08-15,8458
2515,中工,11,8,3,康和-台南,2023-08-15,8458
3323,加百裕,3,0,3,康和-台南,2023-08-15,8458
2883,凱基金,167,0,167,康和-台南,2023-08-16,8458
3052,夆典,150,0,150,康和-台南,2023-08-16,8458
00929,復華台灣科技優息,97,0,97,康和-台南,2023-08-16,8458
1108,幸福,79,2,77,康和-台南,2023-08-16,8458
00795B,中信美國公債20年,52,0,52,康和-台南,2023-08-16,8458
3481,群創,79,35,44,康和-台南,2023-08-16,8458
2603,長榮,44,1,43,康和-台南,2023-08-16,8458
2332,友訊,58,19,39,康和-台南,2023-08-16,8458
2610,華航,41,2,39,康和-台南,2023-08-16,8458
00665L,富邦�琤肭磪囓�2,38,0,38,康和-台南,2023-08-16,8458
2618,長榮航,40,7,33,康和-台南,2023-08-16,8458
2801,彰銀,31,0,31,康和-台南,2023-08-16,8458
2634,漢翔,31,1,30,康和-台南,2023-08-16,8458
2002,中鋼,28,0,28,康和-台南,2023-08-16,8458
2303,聯電,27,2,25,康和-台南,2023-08-16,8458
00650L,復華香港正2,25,0,25,康和-台南,2023-08-16,8458
2886,兆豐金,26,3,23,康和-台南,2023-08-16,8458
00931B,統一美債20年,22,0,22,康和-台南,2023-08-16,8458
2851,中再保,20,0,20,康和-台南,2023-08-16,8458
6179,亞通,20,0,20,康和-台南,2023-08-16,8458
2881,富邦金,22,3,19,康和-台南,2023-08-16,8458
2457,飛宏,20,1,19,康和-台南,2023-08-16,8458
00923,群益台ESG低碳50,17,0,17,康和-台南,2023-08-16,8458
2891,中信金,25,9,16,康和-台南,2023-08-16,8458
2317,鴻海,15,0,15,康和-台南,2023-08-16,8458
2401,凌陽,17,2,15,康和-台南,2023-08-16,8458
2880,華南金,13,0,13,康和-台南,2023-08-16,8458
2329,華泰,41,28,13,康和-台南,2023-08-16,8458
2330,台積電,13,0,13,康和-台南,2023-08-16,8458
2206,三陽工業,18,6,12,康和-台南,2023-08-16,8458
3325,旭品,19,7,12,康和-台南,2023-08-16,8458
006208,富邦台50,12,0,12,康和-台南,2023-08-16,8458
2409,友達,31,19,12,康和-台南,2023-08-16,8458
00751B,元大AAA至A公司債,11,0,11,康和-台南,2023-08-16,8458
3675,德微,11,0,11,康和-台南,2023-08-16,8458
2888,新光金,11,1,10,康和-台南,2023-08-16,8458
2020,美亞,10,0,10,康和-台南,2023-08-16,8458
2388,威盛,13,3,10,康和-台南,2023-08-16,8458
4950,牧東,10,0,10,康和-台南,2023-08-16,8458
5328,華容,10,0,10,康和-台南,2023-08-16,8458
1308,亞聚,10,0,10,康和-台南,2023-08-16,8458
00900,富邦特選高股息30,10,0,10,康和-台南,2023-08-16,8458
3693,營邦,21,12,9,康和-台南,2023-08-16,8458
1710,東聯,8,0,8,康和-台南,2023-08-16,8458
8390,金益鼎,8,0,8,康和-台南,2023-08-16,8458
2324,仁寶,19,12,7,康和-台南,2023-08-16,8458
2344,華邦電,10,3,7,康和-台南,2023-08-16,8458
2834,臺企銀,7,0,7,康和-台南,2023-08-16,8458
3037,欣興,7,1,6,康和-台南,2023-08-16,8458
00756B,群益投等新興公債,6,0,6,康和-台南,2023-08-16,8458
2883,凱基金,155,0,155,康和-台南,2023-08-17,8458
2511,太子,71,0,71,康和-台南,2023-08-17,8458
1108,幸福,42,4,38,康和-台南,2023-08-17,8458
3231,緯創,103,67,36,康和-台南,2023-08-17,8458
6548,長科*,26,0,26,康和-台南,2023-08-17,8458
00923,群益台ESG低碳50,25,0,25,康和-台南,2023-08-17,8458
2886,兆豐金,25,1,24,康和-台南,2023-08-17,8458
2421,建準,35,12,23,康和-台南,2023-08-17,8458
2002,中鋼,21,0,21,康和-台南,2023-08-17,8458
2634,漢翔,32,12,20,康和-台南,2023-08-17,8458
2880,華南金,20,0,20,康和-台南,2023-08-17,8458
2367,燿華,20,0,20,康和-台南,2023-08-17,8458
2812,台中銀,18,0,18,康和-台南,2023-08-17,8458
8050,廣積,21,3,18,康和-台南,2023-08-17,8458
00929,復華台灣科技優息,17,0,17,康和-台南,2023-08-17,8458
00679B,元大美債20年,17,0,17,康和-台南,2023-08-17,8458
2353,宏��,32,15,17,康和-台南,2023-08-17,8458
2329,華泰,25,9,16,康和-台南,2023-08-17,8458
2399,映泰,16,2,14,康和-台南,2023-08-17,8458
2303,聯電,12,0,12,康和-台南,2023-08-17,8458
00751B,元大AAA至A公司債,12,0,12,康和-台南,2023-08-17,8458
00931B,統一美債20年,32,20,12,康和-台南,2023-08-17,8458
3058,立德,12,0,12,康和-台南,2023-08-17,8458
6531,愛普*,13,1,12,康和-台南,2023-08-17,8458
00795B,中信美國公債20年,10,0,10,康和-台南,2023-08-17,8458
2344,華邦電,11,1,10,康和-台南,2023-08-17,8458
2867,三商壽,10,0,10,康和-台南,2023-08-17,8458
4989,榮科,10,0,10,康和-台南,2023-08-17,8458
2890,永豐金,8,0,8,康和-台南,2023-08-17,8458
6016,康和證,8,0,8,康和-台南,2023-08-17,8458
3711,日月光投控,10,2,8,康和-台南,2023-08-17,8458
3325,旭品,12,4,8,康和-台南,2023-08-17,8458
3675,德微,8,0,8,康和-台南,2023-08-17,8458
3035,智原,26,18,8,康和-台南,2023-08-17,8458
4739,康普,8,0,8,康和-台南,2023-08-17,8458
00900,富邦特選高股息30,10,3,7,康和-台南,2023-08-17,8458
2801,彰銀,7,0,7,康和-台南,2023-08-17,8458
2834,臺企銀,8,1,7,康和-台南,2023-08-17,8458
3044,健鼎,31,25,6,康和-台南,2023-08-17,8458
6770,力積電,7,1,6,康和-台南,2023-08-17,8458
2371,大同,10,4,6,康和-台南,2023-08-17,8458
00713,元大台灣高息低波,5,0,5,康和-台南,2023-08-17,8458
00893,國泰智能電動車,7,2,5,康和-台南,2023-08-17,8458
1432,大魯閣,5,0,5,康和-台南,2023-08-17,8458
1444,力麗,5,0,5,康和-台南,2023-08-17,8458
1802,台玻,5,0,5,康和-台南,2023-08-17,8458
2017,官田鋼,10,5,5,康和-台南,2023-08-17,8458
2204,中華,5,0,5,康和-台南,2023-08-17,8458
2882,國泰金,8,3,5,康和-台南,2023-08-17,8458
2888,新光金,5,0,5,康和-台南,2023-08-17,8458
3231,緯創,132,43,89,康和-台南,2023-08-18,8458
2881,富邦金,81,20,61,康和-台南,2023-08-18,8458
00878,國泰永續高股息,63,10,53,康和-台南,2023-08-18,8458
1301,台塑,51,0,51,康和-台南,2023-08-18,8458
3078,僑威,59,10,49,康和-台南,2023-08-18,8458
3706,神達,47,8,39,康和-台南,2023-08-18,8458
2363,矽統,74,47,27,康和-台南,2023-08-18,8458
3689,湧德,24,1,23,康和-台南,2023-08-18,8458
00751B,元大AAA至A公司債,20,0,20,康和-台南,2023-08-18,8458
2610,華航,25,5,20,康和-台南,2023-08-18,8458
2615,萬海,21,2,19,康和-台南,2023-08-18,8458
2382,廣達,35,17,18,康和-台南,2023-08-18,8458
3701,大眾控,18,0,18,康和-台南,2023-08-18,8458
1319,東陽,22,5,17,康和-台南,2023-08-18,8458
2609,陽明,32,15,17,康和-台南,2023-08-18,8458
00922,國泰台灣領袖50,15,0,15,康和-台南,2023-08-18,8458
2883,凱基金,15,0,15,康和-台南,2023-08-18,8458
2329,華泰,57,43,14,康和-台南,2023-08-18,8458
00929,復華台灣科技優息,13,0,13,康和-台南,2023-08-18,8458
1710,東聯,13,0,13,康和-台南,2023-08-18,8458
4581,光隆精密-KY,18,5,13,康和-台南,2023-08-18,8458
2356,英業達,29,17,12,康和-台南,2023-08-18,8458
00931B,統一美債20年,12,0,12,康和-台南,2023-08-18,8458
6016,康和證,12,0,12,康和-台南,2023-08-18,8458
9942,茂順,12,0,12,康和-台南,2023-08-18,8458
2511,太子,11,0,11,康和-台南,2023-08-18,8458
2618,長榮航,21,10,11,康和-台南,2023-08-18,8458
2850,新產,11,0,11,康和-台南,2023-08-18,8458
00665L,富邦�琤肭磪囓�2,40,30,10,康和-台南,2023-08-18,8458
2409,友達,36,26,10,康和-台南,2023-08-18,8458
2516,新建,10,0,10,康和-台南,2023-08-18,8458
2891,中信金,40,30,10,康和-台南,2023-08-18,8458
8050,廣積,22,12,10,康和-台南,2023-08-18,8458
6116,彩晶,10,1,9,康和-台南,2023-08-18,8458
1785,光洋科,8,0,8,康和-台南,2023-08-18,8458
2027,大成鋼,8,0,8,康和-台南,2023-08-18,8458
4147,中裕,10,3,7,康和-台南,2023-08-18,8458
3058,立德,7,0,7,康和-台南,2023-08-18,8458
1529,樂事綠能,6,0,6,康和-台南,2023-08-18,8458
2204,中華,6,0,6,康和-台南,2023-08-18,8458
2352,佳世達,18,12,6,康和-台南,2023-08-18,8458
2368,金像電,14,8,6,康和-台南,2023-08-18,8458
2845,遠東銀,6,0,6,康和-台南,2023-08-18,8458
3149,正達,6,0,6,康和-台南,2023-08-18,8458
3704,合勤控,6,0,6,康和-台南,2023-08-18,8458
6139,亞翔,9,3,6,康和-台南,2023-08-18,8458
6538,倉和,6,0,6,康和-台南,2023-08-18,8458
8996,高力,6,0,6,康和-台南,2023-08-18,8458
2303,聯電,7,2,5,康和-台南,2023-08-18,8458
2801,彰銀,5,0,5,康和-台南,2023-08-18,8458
2883,凱基金,101,0,101,康和-台南,2023-08-21,8458
6770,力積電,91,0,91,康和-台南,2023-08-21,8458
1108,幸福,60,0,60,康和-台南,2023-08-21,8458
2344,華邦電,67,7,60,康和-台南,2023-08-21,8458
2606,裕民,94,35,59,康和-台南,2023-08-21,8458
00885,富邦越南,50,5,45,康和-台南,2023-08-21,8458
2634,漢翔,45,3,42,康和-台南,2023-08-21,8458
00665L,富邦�琤肭磪囓�2,39,0,39,康和-台南,2023-08-21,8458
00931B,統一美債20年,38,0,38,康和-台南,2023-08-21,8458
2337,旺宏,30,0,30,康和-台南,2023-08-21,8458
2610,華航,27,0,27,康和-台南,2023-08-21,8458
2820,華票,25,0,25,康和-台南,2023-08-21,8458
00679B,元大美債20年,20,0,20,康和-台南,2023-08-21,8458
2605,新興,18,0,18,康和-台南,2023-08-21,8458
1504,東元,18,0,18,康和-台南,2023-08-21,8458
2382,廣達,53,39,14,康和-台南,2023-08-21,8458
1717,長興,13,0,13,康和-台南,2023-08-21,8458
00753L,中信中國50正2,12,0,12,康和-台南,2023-08-21,8458
00929,復華台灣科技優息,11,0,11,康和-台南,2023-08-21,8458
3025,星通,13,2,11,康和-台南,2023-08-21,8458
3689,湧德,12,1,11,康和-台南,2023-08-21,8458
2882,國泰金,10,0,10,康和-台南,2023-08-21,8458
00773B,中信優先金融債,10,0,10,康和-台南,2023-08-21,8458
2357,華碩,10,0,10,康和-台南,2023-08-21,8458
2801,彰銀,10,0,10,康和-台南,2023-08-21,8458
3189,景碩,10,0,10,康和-台南,2023-08-21,8458
3324,雙鴻,13,3,10,康和-台南,2023-08-21,8458
6125,廣運,15,5,10,康和-台南,2023-08-21,8458
9902,台火,10,0,10,康和-台南,2023-08-21,8458
8027,鈦昇,12,3,9,康和-台南,2023-08-21,8458
2027,大成鋼,8,0,8,康和-台南,2023-08-21,8458
00751B,元大AAA至A公司債,8,0,8,康和-台南,2023-08-21,8458
2618,長榮航,7,0,7,康和-台南,2023-08-21,8458
3325,旭品,7,0,7,康和-台南,2023-08-21,8458
6139,亞翔,20,14,6,康和-台南,2023-08-21,8458
3306,鼎天,8,2,6,康和-台南,2023-08-21,8458
2330,台積電,7,2,5,康和-台南,2023-08-21,8458
00673R,期元大S＆P原油反1,5,0,5,康和-台南,2023-08-21,8458
1785,光洋科,5,0,5,康和-台南,2023-08-21,8458
2359,所羅門,21,16,5,康和-台南,2023-08-21,8458
6218,豪勉,5,0,5,康和-台南,2023-08-21,8458
6274,台燿,8,3,5,康和-台南,2023-08-21,8458
6418,詠昇,12,7,5,康和-台南,2023-08-21,8458
3540,曜越,4,0,4,康和-台南,2023-08-21,8458
2324,仁寶,9,5,4,康和-台南,2023-08-21,8458
2495,普安,4,0,4,康和-台南,2023-08-21,8458
2601,益航,34,30,4,康和-台南,2023-08-21,8458
2834,臺企銀,4,0,4,康和-台南,2023-08-21,8458
5531,鄉林,4,0,4,康和-台南,2023-08-21,8458
6170,統振,5,1,4,康和-台南,2023-08-21,8458
1609,大亞,113,0,113,康和-台南,2023-08-22,8458
00664R,國泰臺灣加權反1,100,0,100,康和-台南,2023-08-22,8458
00676R,富邦臺灣加權反1,100,0,100,康和-台南,2023-08-22,8458
1108,幸福,80,0,80,康和-台南,2023-08-22,8458
2002,中鋼,74,2,72,康和-台南,2023-08-22,8458
2449,京元電子,73,29,44,康和-台南,2023-08-22,8458
8050,廣積,48,5,43,康和-台南,2023-08-22,8458
2634,漢翔,35,3,32,康和-台南,2023-08-22,8458
00665L,富邦�琤肭磪囓�2,30,0,30,康和-台南,2023-08-22,8458
2027,大成鋼,24,0,24,康和-台南,2023-08-22,8458
2337,旺宏,22,0,22,康和-台南,2023-08-22,8458
2324,仁寶,27,6,21,康和-台南,2023-08-22,8458
3583,辛耘,25,5,20,康和-台南,2023-08-22,8458
1444,力麗,15,1,14,康和-台南,2023-08-22,8458
00878,國泰永續高股息,14,2,12,康和-台南,2023-08-22,8458
3665,貿聯-KY,12,0,12,康和-台南,2023-08-22,8458
3689,湧德,14,2,12,康和-台南,2023-08-22,8458
6770,力積電,11,0,11,康和-台南,2023-08-22,8458
8210,勤誠,15,4,11,康和-台南,2023-08-22,8458
00885,富邦越南,10,0,10,康和-台南,2023-08-22,8458
6279,胡連,10,0,10,康和-台南,2023-08-22,8458
2340,台亞,10,0,10,康和-台南,2023-08-22,8458
3694,海華,10,0,10,康和-台南,2023-08-22,8458
4543,萬在,15,5,10,康和-台南,2023-08-22,8458
6257,矽格,11,1,10,康和-台南,2023-08-22,8458
3078,僑威,10,1,9,康和-台南,2023-08-22,8458
3264,欣銓,10,1,9,康和-台南,2023-08-22,8458
3308,聯德,18,9,9,康和-台南,2023-08-22,8458
2356,英業達,13,5,8,康和-台南,2023-08-22,8458
6231,系微,7,0,7,康和-台南,2023-08-22,8458
2421,建準,15,9,6,康和-台南,2023-08-22,8458
3035,智原,13,7,6,康和-台南,2023-08-22,8458
6125,廣運,12,6,6,康和-台南,2023-08-22,8458
00680L,元大美債20正2,5,0,5,康和-台南,2023-08-22,8458
2105,正新,5,0,5,康和-台南,2023-08-22,8458
2329,華泰,20,15,5,康和-台南,2023-08-22,8458
3038,全台,5,0,5,康和-台南,2023-08-22,8458
3051,力特,5,0,5,康和-台南,2023-08-22,8458
5347,世界,5,0,5,康和-台南,2023-08-22,8458
5474,聰泰,5,0,5,康和-台南,2023-08-22,8458
6282,康舒,13,8,5,康和-台南,2023-08-22,8458
8996,高力,6,1,5,康和-台南,2023-08-22,8458
9950,萬國通,5,0,5,康和-台南,2023-08-22,8458
2883,凱基金,5,0,5,康和-台南,2023-08-22,8458
3706,神達,9,5,4,康和-台南,2023-08-22,8458
2371,大同,4,0,4,康和-台南,2023-08-22,8458
2409,友達,13,9,4,康和-台南,2023-08-22,8458
3324,雙鴻,5,1,4,康和-台南,2023-08-22,8458
4906,正文,5,1,4,康和-台南,2023-08-22,8458
5328,華容,4,0,4,康和-台南,2023-08-22,8458
00632R,元大台灣50反1,100,0,100,康和-台南,2023-08-23,8458
2002,中鋼,70,0,70,康和-台南,2023-08-23,8458
2610,華航,35,4,31,康和-台南,2023-08-23,8458
2606,裕民,72,42,30,康和-台南,2023-08-23,8458
3013,晟銘電,54,27,27,康和-台南,2023-08-23,8458
3231,緯創,55,31,24,康和-台南,2023-08-23,8458
2486,一詮,24,1,23,康和-台南,2023-08-23,8458
2888,新光金,22,0,22,康和-台南,2023-08-23,8458
3051,力特,22,0,22,康和-台南,2023-08-23,8458
1108,幸福,20,0,20,康和-台南,2023-08-23,8458
2883,凱基金,19,0,19,康和-台南,2023-08-23,8458
6799,來頡,19,0,19,康和-台南,2023-08-23,8458
3587,閎康,18,1,17,康和-台南,2023-08-23,8458
2324,仁寶,19,6,13,康和-台南,2023-08-23,8458
1464,得力,12,0,12,康和-台南,2023-08-23,8458
2618,長榮航,19,7,12,康和-台南,2023-08-23,8458
2801,彰銀,12,0,12,康和-台南,2023-08-23,8458
8222,寶一,18,7,11,康和-台南,2023-08-23,8458
1312,國喬,10,0,10,康和-台南,2023-08-23,8458
1568,倉佑,10,0,10,康和-台南,2023-08-23,8458
1711,永光,10,0,10,康和-台南,2023-08-23,8458
3675,德微,12,2,10,康和-台南,2023-08-23,8458
3714,富采,10,0,10,康和-台南,2023-08-23,8458
8028,昇陽半導體,10,0,10,康和-台南,2023-08-23,8458
2812,台中銀,10,1,9,康和-台南,2023-08-23,8458
3715,定穎投控,28,19,9,康和-台南,2023-08-23,8458
1522,堤維西,10,2,8,康和-台南,2023-08-23,8458
6016,康和證,10,2,8,康和-台南,2023-08-23,8458
00931B,統一美債20年,7,0,7,康和-台南,2023-08-23,8458
2329,華泰,33,26,7,康和-台南,2023-08-23,8458
2421,建準,8,1,7,康和-台南,2023-08-23,8458
00929,復華台灣科技優息,7,1,6,康和-台南,2023-08-23,8458
2880,華南金,6,0,6,康和-台南,2023-08-23,8458
6279,胡連,6,0,6,康和-台南,2023-08-23,8458
00913,兆豐台灣晶圓製造,6,0,6,康和-台南,2023-08-23,8458
3094,聯傑,10,4,6,康和-台南,2023-08-23,8458
2301,光寶科,9,4,5,康和-台南,2023-08-23,8458
2892,第一金,5,0,5,康和-台南,2023-08-23,8458
2420,新巨,5,0,5,康和-台南,2023-08-23,8458
2605,新興,5,0,5,康和-台南,2023-08-23,8458
3312,弘憶股,5,0,5,康和-台南,2023-08-23,8458
3706,神達,6,1,5,康和-台南,2023-08-23,8458
5410,國眾,5,0,5,康和-台南,2023-08-23,8458
6116,彩晶,5,0,5,康和-台南,2023-08-23,8458
3163,波若威,7,2,5,康和-台南,2023-08-23,8458
2368,金像電,19,15,4,康和-台南,2023-08-23,8458
3680,家登,7,3,4,康和-台南,2023-08-23,8458
4526,東台,4,0,4,康和-台南,2023-08-23,8458
5371,中光電,4,0,4,康和-台南,2023-08-23,8458
6190,萬泰科,4,0,4,康和-台南,2023-08-23,8458
2601,益航,60,0,60,康和-台南,2023-08-24,8458
5608,四維航,60,0,60,康和-台南,2023-08-24,8458
00631L,元大台灣50正2,59,0,59,康和-台南,2023-08-24,8458
2606,裕民,32,0,32,康和-台南,2023-08-24,8458
00885,富邦越南,30,0,30,康和-台南,2023-08-24,8458
3360,尚立,32,2,30,康和-台南,2023-08-24,8458
00929,復華台灣科技優息,28,0,28,康和-台南,2023-08-24,8458
6170,統振,27,1,26,康和-台南,2023-08-24,8458
2449,京元電子,36,12,24,康和-台南,2023-08-24,8458
2356,英業達,36,14,22,康和-台南,2023-08-24,8458
2363,矽統,65,44,21,康和-台南,2023-08-24,8458
3189,景碩,20,0,20,康和-台南,2023-08-24,8458
4967,十銓,20,0,20,康和-台南,2023-08-24,8458
2324,仁寶,24,4,20,康和-台南,2023-08-24,8458
2883,凱基金,20,0,20,康和-台南,2023-08-24,8458
3231,緯創,119,99,20,康和-台南,2023-08-24,8458
2329,華泰,34,15,19,康和-台南,2023-08-24,8458
00733,富邦臺灣中小,15,0,15,康和-台南,2023-08-24,8458
3706,神達,20,7,13,康和-台南,2023-08-24,8458
2882,國泰金,13,0,13,康和-台南,2023-08-24,8458
6664,群翊,13,0,13,康和-台南,2023-08-24,8458
00919,群益台灣精選高息,12,0,12,康和-台南,2023-08-24,8458
2002,中鋼,12,0,12,康和-台南,2023-08-24,8458
6282,康舒,14,2,12,康和-台南,2023-08-24,8458
3576,聯合再生,21,10,11,康和-台南,2023-08-24,8458
4543,萬在,12,1,11,康和-台南,2023-08-24,8458
00902,中信電池及儲能,10,0,10,康和-台南,2023-08-24,8458
1736,喬山,10,0,10,康和-台南,2023-08-24,8458
1905,華紙,12,2,10,康和-台南,2023-08-24,8458
2031,新光鋼,10,0,10,康和-台南,2023-08-24,8458
2328,廣宇,10,0,10,康和-台南,2023-08-24,8458
3062,建漢,11,1,10,康和-台南,2023-08-24,8458
3260,威剛,21,11,10,康和-台南,2023-08-24,8458
4916,事欣科,10,0,10,康和-台南,2023-08-24,8458
6126,信音,10,0,10,康和-台南,2023-08-24,8458
9950,萬國通,10,0,10,康和-台南,2023-08-24,8458
9904,寶成,10,0,10,康和-台南,2023-08-24,8458
1444,力麗,16,7,9,康和-台南,2023-08-24,8458
5009,榮剛,12,3,9,康和-台南,2023-08-24,8458
2340,台亞,20,12,8,康和-台南,2023-08-24,8458
2313,華通,7,0,7,康和-台南,2023-08-24,8458
8996,高力,7,0,7,康和-台南,2023-08-24,8458
2206,三陽工業,6,0,6,康和-台南,2023-08-24,8458
3004,豐達科,7,1,6,康和-台南,2023-08-24,8458
8027,鈦昇,11,5,6,康和-台南,2023-08-24,8458
2880,華南金,6,0,6,康和-台南,2023-08-24,8458
3035,智原,12,7,5,康和-台南,2023-08-24,8458
3306,鼎天,5,0,5,康和-台南,2023-08-24,8458
1409,新纖,5,0,5,康和-台南,2023-08-24,8458
1471,首利,5,0,5,康和-台南,2023-08-24,8458
00878,國泰永續高股息,88,2,86,康和-台南,2023-08-25,8458
2809,京城銀,75,0,75,康和-台南,2023-08-25,8458
3231,緯創,108,34,74,康和-台南,2023-08-25,8458
6770,力積電,90,18,72,康和-台南,2023-08-25,8458
0056,元大高股息,74,20,54,康和-台南,2023-08-25,8458
2634,漢翔,57,8,49,康和-台南,2023-08-25,8458
00929,復華台灣科技優息,46,0,46,康和-台南,2023-08-25,8458
00919,群益台灣精選高息,39,0,39,康和-台南,2023-08-25,8458
2363,矽統,44,9,35,康和-台南,2023-08-25,8458
4906,正文,41,19,22,康和-台南,2023-08-25,8458
3037,欣興,36,16,20,康和-台南,2023-08-25,8458
00706L,期元大S＆P日圓正2,20,0,20,康和-台南,2023-08-25,8458
00931B,統一美債20年,20,0,20,康和-台南,2023-08-25,8458
2353,宏��,20,0,20,康和-台南,2023-08-25,8458
2382,廣達,43,24,19,康和-台南,2023-08-25,8458
1301,台塑,16,0,16,康和-台南,2023-08-25,8458
2376,技嘉,17,1,16,康和-台南,2023-08-25,8458
3311,閎暉,15,0,15,康和-台南,2023-08-25,8458
6693,廣閎科,15,0,15,康和-台南,2023-08-25,8458
2606,裕民,42,30,12,康和-台南,2023-08-25,8458
2610,華航,16,4,12,康和-台南,2023-08-25,8458
2834,臺企銀,10,0,10,康和-台南,2023-08-25,8458
4532,瑞智,10,0,10,康和-台南,2023-08-25,8458
5381,合正,10,0,10,康和-台南,2023-08-25,8458
5512,力麒,10,0,10,康和-台南,2023-08-25,8458
2002,中鋼,10,0,10,康和-台南,2023-08-25,8458
2645,長榮航太,11,2,9,康和-台南,2023-08-25,8458
2303,聯電,8,0,8,康和-台南,2023-08-25,8458
3706,神達,14,6,8,康和-台南,2023-08-25,8458
2344,華邦電,7,0,7,康和-台南,2023-08-25,8458
2743,山富,7,0,7,康和-台南,2023-08-25,8458
6274,台燿,9,2,7,康和-台南,2023-08-25,8458
2367,燿華,6,0,6,康和-台南,2023-08-25,8458
1529,樂事綠能,5,0,5,康和-台南,2023-08-25,8458
2106,建大,5,0,5,康和-台南,2023-08-25,8458
2409,友達,7,2,5,康和-台南,2023-08-25,8458
2538,基泰,5,0,5,康和-台南,2023-08-25,8458
2745,五福,5,0,5,康和-台南,2023-08-25,8458
4543,萬在,5,0,5,康和-台南,2023-08-25,8458
2630,亞航,10,5,5,康和-台南,2023-08-25,8458
6261,久元,5,0,5,康和-台南,2023-08-25,8458
3583,辛耘,4,0,4,康和-台南,2023-08-25,8458
2230,泰茂,4,0,4,康和-台南,2023-08-25,8458
2301,光寶科,8,4,4,康和-台南,2023-08-25,8458
2388,威盛,15,11,4,康和-台南,2023-08-25,8458
2402,毅嘉,10,6,4,康和-台南,2023-08-25,8458
2845,遠東銀,4,0,4,康和-台南,2023-08-25,8458
4967,十銓,4,0,4,康和-台南,2023-08-25,8458
5469,瀚宇博,4,0,4,康和-台南,2023-08-25,8458
6217,中探針,4,0,4,康和-台南,2023-08-25,8458
2886,兆豐金,70,0,70,康和-台南,2023-08-28,8458
00929,復華台灣科技優息,68,0,68,康和-台南,2023-08-28,8458
00712,復華富時不動產,61,0,61,康和-台南,2023-08-28,8458
2881,富邦金,80,22,58,康和-台南,2023-08-28,8458
1522,堤維西,30,0,30,康和-台南,2023-08-28,8458
1762,中化生,30,0,30,康和-台南,2023-08-28,8458
2606,裕民,30,0,30,康和-台南,2023-08-28,8458
2809,京城銀,30,0,30,康和-台南,2023-08-28,8458
5243,乙盛-KY,30,0,30,康和-台南,2023-08-28,8458
3078,僑威,25,1,24,康和-台南,2023-08-28,8458
2027,大成鋼,23,0,23,康和-台南,2023-08-28,8458
2303,聯電,36,14,22,康和-台南,2023-08-28,8458
0056,元大高股息,42,20,22,康和-台南,2023-08-28,8458
1568,倉佑,20,0,20,康和-台南,2023-08-28,8458
1460,宏遠,20,0,20,康和-台南,2023-08-28,8458
00680L,元大美債20正2,20,0,20,康和-台南,2023-08-28,8458
2020,美亞,20,0,20,康和-台南,2023-08-28,8458
6016,康和證,20,0,20,康和-台南,2023-08-28,8458
8105,凌巨,20,0,20,康和-台南,2023-08-28,8458
3036,文曄,18,0,18,康和-台南,2023-08-28,8458
2485,兆赫,38,22,16,康和-台南,2023-08-28,8458
2601,益航,15,0,15,康和-台南,2023-08-28,8458
00878,國泰永續高股息,17,3,14,康和-台南,2023-08-28,8458
2002,中鋼,13,0,13,康和-台南,2023-08-28,8458
2883,凱基金,13,0,13,康和-台南,2023-08-28,8458
2441,超豐,11,0,11,康和-台南,2023-08-28,8458
2353,宏��,26,16,10,康和-台南,2023-08-28,8458
00930,永豐ESG低碳高息,10,0,10,康和-台南,2023-08-28,8458
1434,福懋,10,0,10,康和-台南,2023-08-28,8458
2312,金寶,10,0,10,康和-台南,2023-08-28,8458
2472,立隆電,10,0,10,康和-台南,2023-08-28,8458
3380,明泰,11,1,10,康和-台南,2023-08-28,8458
3450,聯鈞,10,0,10,康和-台南,2023-08-28,8458
6116,彩晶,20,10,10,康和-台南,2023-08-28,8458
6235,華孚,27,17,10,康和-台南,2023-08-28,8458
1810,和成,10,1,9,康和-台南,2023-08-28,8458
2382,廣達,22,15,7,康和-台南,2023-08-28,8458
1471,首利,21,14,7,康和-台南,2023-08-28,8458
3037,欣興,7,1,6,康和-台南,2023-08-28,8458
2023,燁輝,6,0,6,康和-台南,2023-08-28,8458
2359,所羅門,18,12,6,康和-台南,2023-08-28,8458
2618,長榮航,9,3,6,康和-台南,2023-08-28,8458
3038,全台,6,0,6,康和-台南,2023-08-28,8458
4967,十銓,6,0,6,康和-台南,2023-08-28,8458
6693,廣閎科,6,0,6,康和-台南,2023-08-28,8458
6104,創惟,6,0,6,康和-台南,2023-08-28,8458
2368,金像電,12,6,6,康和-台南,2023-08-28,8458
1447,力鵬,5,0,5,康和-台南,2023-08-28,8458
00888,永豐台灣ESG,5,0,5,康和-台南,2023-08-28,8458
1721,三晃,5,0,5,康和-台南,2023-08-28,8458
6123,上奇,41,0,41,康和-台南,2023-08-29,8458
3617,碩天,34,5,29,康和-台南,2023-08-29,8458
2363,矽統,96,70,26,康和-台南,2023-08-29,8458
00882,中信中國高股息,25,0,25,康和-台南,2023-08-29,8458
2324,仁寶,25,2,23,康和-台南,2023-08-29,8458
1314,中石化,20,0,20,康和-台南,2023-08-29,8458
2027,大成鋼,20,0,20,康和-台南,2023-08-29,8458
5243,乙盛-KY,20,0,20,康和-台南,2023-08-29,8458
2002,中鋼,19,2,17,康和-台南,2023-08-29,8458
2329,華泰,24,7,17,康和-台南,2023-08-29,8458
2634,漢翔,31,16,15,康和-台南,2023-08-29,8458
8033,雷虎,17,3,14,康和-台南,2023-08-29,8458
2886,兆豐金,12,0,12,康和-台南,2023-08-29,8458
6213,聯茂,17,6,11,康和-台南,2023-08-29,8458
3078,僑威,11,0,11,康和-台南,2023-08-29,8458
1101,台泥,10,0,10,康和-台南,2023-08-29,8458
1409,新纖,10,0,10,康和-台南,2023-08-29,8458
1568,倉佑,10,0,10,康和-台南,2023-08-29,8458
1504,東元,10,0,10,康和-台南,2023-08-29,8458
1308,亞聚,10,0,10,康和-台南,2023-08-29,8458
2338,光罩,10,0,10,康和-台南,2023-08-29,8458
2812,台中銀,10,0,10,康和-台南,2023-08-29,8458
3189,景碩,10,0,10,康和-台南,2023-08-29,8458
3706,神達,16,6,10,康和-台南,2023-08-29,8458
4916,事欣科,10,0,10,康和-台南,2023-08-29,8458
5864,致和證,10,0,10,康和-台南,2023-08-29,8458
6167,久正,10,0,10,康和-台南,2023-08-29,8458
6244,茂迪,10,0,10,康和-台南,2023-08-29,8458
2020,美亞,9,0,9,康和-台南,2023-08-29,8458
3540,曜越,10,1,9,康和-台南,2023-08-29,8458
6139,亞翔,12,3,9,康和-台南,2023-08-29,8458
6418,詠昇,8,0,8,康和-台南,2023-08-29,8458
00720B,元大投資級公司債,7,0,7,康和-台南,2023-08-29,8458
2029,盛餘,6,0,6,康和-台南,2023-08-29,8458
4931,新盛力,6,0,6,康和-台南,2023-08-29,8458
5381,合正,6,0,6,康和-台南,2023-08-29,8458
00676R,富邦臺灣加權反1,5,0,5,康和-台南,2023-08-29,8458
00795B,中信美國公債20年,5,0,5,康和-台南,2023-08-29,8458
00918,大華優利高填息30,5,0,5,康和-台南,2023-08-29,8458
2331,精英,12,7,5,康和-台南,2023-08-29,8458
3128,昇銳,5,0,5,康和-台南,2023-08-29,8458
3704,合勤控,5,0,5,康和-台南,2023-08-29,8458
6125,廣運,5,0,5,康和-台南,2023-08-29,8458
6170,統振,6,1,5,康和-台南,2023-08-29,8458
3231,緯創,13,9,4,康和-台南,2023-08-29,8458
00878,國泰永續高股息,6,2,4,康和-台南,2023-08-29,8458
2323,中環,5,1,4,康和-台南,2023-08-29,8458
3338,泰碩,5,1,4,康和-台南,2023-08-29,8458
6829,千附精密,7,3,4,康和-台南,2023-08-29,8458
00929,復華台灣科技優息,8,5,3,康和-台南,2023-08-29,8458
3481,群創,75,6,69,康和-台南,2023-08-30,8458
00631L,元大台灣50正2,58,0,58,康和-台南,2023-08-30,8458
2610,華航,52,0,52,康和-台南,2023-08-30,8458
2324,仁寶,36,4,32,康和-台南,2023-08-30,8458
2340,台亞,25,0,25,康和-台南,2023-08-30,8458
6182,合晶,23,0,23,康和-台南,2023-08-30,8458
2449,京元電子,26,4,22,康和-台南,2023-08-30,8458
1108,幸福,21,0,21,康和-台南,2023-08-30,8458
2891,中信金,20,0,20,康和-台南,2023-08-30,8458
2332,友訊,20,0,20,康和-台南,2023-08-30,8458
4147,中裕,20,0,20,康和-台南,2023-08-30,8458
4968,立積,20,0,20,康和-台南,2023-08-30,8458
2618,長榮航,21,3,18,康和-台南,2023-08-30,8458
3581,博磊,15,0,15,康和-台南,2023-08-30,8458
2329,華泰,20,7,13,康和-台南,2023-08-30,8458
2538,基泰,16,3,13,康和-台南,2023-08-30,8458
5009,榮剛,13,0,13,康和-台南,2023-08-30,8458
2409,友達,11,0,11,康和-台南,2023-08-30,8458
3105,穩懋,14,3,11,康和-台南,2023-08-30,8458
6279,胡連,11,0,11,康和-台南,2023-08-30,8458
00929,復華台灣科技優息,10,0,10,康和-台南,2023-08-30,8458
3665,貿聯-KY,11,1,10,康和-台南,2023-08-30,8458
1312,國喬,10,0,10,康和-台南,2023-08-30,8458
3078,僑威,12,2,10,康和-台南,2023-08-30,8458
3380,明泰,10,0,10,康和-台南,2023-08-30,8458
3483,力致,11,2,9,康和-台南,2023-08-30,8458
1810,和成,11,3,8,康和-台南,2023-08-30,8458
8210,勤誠,13,5,8,康和-台南,2023-08-30,8458
2301,光寶科,9,2,7,康和-台南,2023-08-30,8458
2303,聯電,65,58,7,康和-台南,2023-08-30,8458
8150,南茂,7,0,7,康和-台南,2023-08-30,8458
6415,矽力*-KY,8,2,6,康和-台南,2023-08-30,8458
1783,和康生,5,0,5,康和-台南,2023-08-30,8458
4142,國光生,5,0,5,康和-台南,2023-08-30,8458
6548,長科*,5,0,5,康和-台南,2023-08-30,8458
1905,華紙,4,0,4,康和-台南,2023-08-30,8458
2344,華邦電,10,6,4,康和-台南,2023-08-30,8458
2834,臺企銀,4,0,4,康和-台南,2023-08-30,8458
5289,宜鼎,4,0,4,康和-台南,2023-08-30,8458
6443,元晶,4,0,4,康和-台南,2023-08-30,8458
4944,兆遠,4,0,4,康和-台南,2023-08-30,8458
00878,國泰永續高股息,3,0,3,康和-台南,2023-08-30,8458
3231,緯創,6,3,3,康和-台南,2023-08-30,8458
2630,亞航,4,1,3,康和-台南,2023-08-30,8458
00733,富邦臺灣中小,3,0,3,康和-台南,2023-08-30,8458
1310,台苯,3,0,3,康和-台南,2023-08-30,8458
2002,中鋼,5,2,3,康和-台南,2023-08-30,8458
2497,怡利電,3,0,3,康和-台南,2023-08-30,8458
3017,奇鋐,7,4,3,康和-台南,2023-08-30,8458
3583,辛耘,4,1,3,康和-台南,2023-08-30,8458
2883,凱基金,65,4,61,康和-台南,2023-08-31,8458
2606,裕民,40,1,39,康和-台南,2023-08-31,8458
2881,富邦金,35,0,35,康和-台南,2023-08-31,8458
2886,兆豐金,30,0,30,康和-台南,2023-08-31,8458
1802,台玻,37,13,24,康和-台南,2023-08-31,8458
3715,定穎投控,60,37,23,康和-台南,2023-08-31,8458
2885,元大金,22,0,22,康和-台南,2023-08-31,8458
6123,上奇,21,0,21,康和-台南,2023-08-31,8458
1444,力麗,20,0,20,康和-台南,2023-08-31,8458
2882,國泰金,20,0,20,康和-台南,2023-08-31,8458
3380,明泰,20,1,19,康和-台南,2023-08-31,8458
8358,金居,34,17,17,康和-台南,2023-08-31,8458
2337,旺宏,87,72,15,康和-台南,2023-08-31,8458
2324,仁寶,27,13,14,康和-台南,2023-08-31,8458
2801,彰銀,14,0,14,康和-台南,2023-08-31,8458
3260,威剛,17,3,14,康和-台南,2023-08-31,8458
3673,TPK-KY,14,1,13,康和-台南,2023-08-31,8458
2303,聯電,20,8,12,康和-台南,2023-08-31,8458
2323,中環,14,2,12,康和-台南,2023-08-31,8458
4967,十銓,22,10,12,康和-台南,2023-08-31,8458
3481,群創,13,1,12,康和-台南,2023-08-31,8458
1605,華新,13,2,11,康和-台南,2023-08-31,8458
1513,中興電,12,2,10,康和-台南,2023-08-31,8458
3311,閎暉,10,0,10,康和-台南,2023-08-31,8458
6271,同欣電,10,0,10,康和-台南,2023-08-31,8458
2027,大成鋼,13,3,10,康和-台南,2023-08-31,8458
00929,復華台灣科技優息,9,0,9,康和-台南,2023-08-31,8458
2610,華航,12,3,9,康和-台南,2023-08-31,8458
4906,正文,10,1,9,康和-台南,2023-08-31,8458
2363,矽統,35,26,9,康和-台南,2023-08-31,8458
1612,宏泰,9,1,8,康和-台南,2023-08-31,8458
5608,四維航,8,0,8,康和-台南,2023-08-31,8458
00878,國泰永續高股息,9,2,7,康和-台南,2023-08-31,8458
2436,偉詮電,11,4,7,康和-台南,2023-08-31,8458
2887,台新金,7,0,7,康和-台南,2023-08-31,8458
2014,中鴻,6,0,6,康和-台南,2023-08-31,8458
2359,所羅門,6,0,6,康和-台南,2023-08-31,8458
4564,元翎,6,0,6,康和-台南,2023-08-31,8458
8222,寶一,6,0,6,康和-台南,2023-08-31,8458
1339,昭輝,5,0,5,康和-台南,2023-08-31,8458
00637L,元大滬深300正2,5,0,5,康和-台南,2023-08-31,8458
2344,華邦電,8,3,5,康和-台南,2023-08-31,8458
2464,盟立,5,0,5,康和-台南,2023-08-31,8458
2495,普安,5,0,5,康和-台南,2023-08-31,8458
2618,長榮航,13,8,5,康和-台南,2023-08-31,8458
3029,零壹,5,0,5,康和-台南,2023-08-31,8458
3071,協禧,5,0,5,康和-台南,2023-08-31,8458
4119,旭富,5,0,5,康和-台南,2023-08-31,8458
8046,南電,5,0,5,康和-台南,2023-08-31,8458
5381,合正,8,3,5,康和-台南,2023-08-31,8458
1101,台泥,124,1,123,康和-台南,2023-09-01,8458
3228,金麗科,61,0,61,康和-台南,2023-09-01,8458
00795B,中信美國公債20年,58,0,58,康和-台南,2023-09-01,8458
00696B,富邦美債20年,58,0,58,康和-台南,2023-09-01,8458
5608,四維航,52,0,52,康和-台南,2023-09-01,8458
00931B,統一美債20年,50,0,50,康和-台南,2023-09-01,8458
3576,聯合再生,60,10,50,康和-台南,2023-09-01,8458
00919,群益台灣精選高息,47,0,47,康和-台南,2023-09-01,8458
00929,復華台灣科技優息,45,0,45,康和-台南,2023-09-01,8458
2344,華邦電,68,27,41,康和-台南,2023-09-01,8458
6282,康舒,58,25,33,康和-台南,2023-09-01,8458
3231,緯創,47,18,29,康和-台南,2023-09-01,8458
00679B,元大美債20年,26,0,26,康和-台南,2023-09-01,8458
00687B,國泰20年美債,24,0,24,康和-台南,2023-09-01,8458
2376,技嘉,39,15,24,康和-台南,2023-09-01,8458
00764B,群益25年美債,24,0,24,康和-台南,2023-09-01,8458
3306,鼎天,29,6,23,康和-台南,2023-09-01,8458
2324,仁寶,24,2,22,康和-台南,2023-09-01,8458
2485,兆赫,41,19,22,康和-台南,2023-09-01,8458
2329,華泰,34,13,21,康和-台南,2023-09-01,8458
3380,明泰,21,0,21,康和-台南,2023-09-01,8458
3622,洋華,21,0,21,康和-台南,2023-09-01,8458
2891,中信金,20,0,20,康和-台南,2023-09-01,8458
1316,上曜,20,0,20,康和-台南,2023-09-01,8458
3105,穩懋,20,0,20,康和-台南,2023-09-01,8458
6538,倉和,18,0,18,康和-台南,2023-09-01,8458
2884,玉山金,20,3,17,康和-台南,2023-09-01,8458
2516,新建,16,0,16,康和-台南,2023-09-01,8458
2401,凌陽,15,0,15,康和-台南,2023-09-01,8458
2419,仲琦,17,2,15,康和-台南,2023-09-01,8458
3234,光環,15,0,15,康和-台南,2023-09-01,8458
2421,建準,17,2,15,康和-台南,2023-09-01,8458
2301,光寶科,17,4,13,康和-台南,2023-09-01,8458
4746,台耀,12,0,12,康和-台南,2023-09-01,8458
2356,英業達,16,5,11,康和-台南,2023-09-01,8458
2368,金像電,13,3,10,康和-台南,2023-09-01,8458
00878,國泰永續高股息,11,1,10,康和-台南,2023-09-01,8458
1605,華新,11,2,9,康和-台南,2023-09-01,8458
8358,金居,9,0,9,康和-台南,2023-09-01,8458
2845,遠東銀,8,0,8,康和-台南,2023-09-01,8458
3706,神達,10,3,7,康和-台南,2023-09-01,8458
00932,兆豐永續高息等權,7,0,7,康和-台南,2023-09-01,8458
2337,旺宏,11,4,7,康和-台南,2023-09-01,8458
3163,波若威,20,13,7,康和-台南,2023-09-01,8458
3308,聯德,16,9,7,康和-台南,2023-09-01,8458
6446,藥華藥,8,1,7,康和-台南,2023-09-01,8458
8048,德勝,8,1,7,康和-台南,2023-09-01,8458
1531,高林股,6,0,6,康和-台南,2023-09-01,8458
1616,億泰,6,0,6,康和-台南,2023-09-01,8458
2359,所羅門,6,0,6,康和-台南,2023-09-01,8458
2363,矽統,133,14,119,康和-台南,2023-09-04,8458
6770,力積電,118,0,118,康和-台南,2023-09-04,8458
00919,群益台灣精選高息,51,0,51,康和-台南,2023-09-04,8458
1319,東陽,56,10,46,康和-台南,2023-09-04,8458
1802,台玻,92,60,32,康和-台南,2023-09-04,8458
2415,錩新,20,0,20,康和-台南,2023-09-04,8458
6603,富強鑫,20,0,20,康和-台南,2023-09-04,8458
3588,通嘉,20,5,15,康和-台南,2023-09-04,8458
2618,長榮航,28,15,13,康和-台南,2023-09-04,8458
00931B,統一美債20年,13,0,13,康和-台南,2023-09-04,8458
2885,元大金,12,0,12,康和-台南,2023-09-04,8458
00900,富邦特選高股息30,12,0,12,康和-台南,2023-09-04,8458
1714,和桐,11,0,11,康和-台南,2023-09-04,8458
2488,漢平,12,1,11,康和-台南,2023-09-04,8458
3290,東浦,11,0,11,康和-台南,2023-09-04,8458
5871,中租-KY,10,0,10,康和-台南,2023-09-04,8458
1810,和成,10,0,10,康和-台南,2023-09-04,8458
2383,台光電,12,2,10,康和-台南,2023-09-04,8458
00878,國泰永續高股息,10,1,9,康和-台南,2023-09-04,8458
1477,聚陽,9,0,9,康和-台南,2023-09-04,8458
3257,虹冠電,11,2,9,康和-台南,2023-09-04,8458
1504,東元,21,13,8,康和-台南,2023-09-04,8458
3051,力特,8,0,8,康和-台南,2023-09-04,8458
3081,聯亞,9,1,8,康和-台南,2023-09-04,8458
3617,碩天,10,3,7,康和-台南,2023-09-04,8458
6120,達運,8,1,7,康和-台南,2023-09-04,8458
2330,台積電,8,1,7,康和-台南,2023-09-04,8458
2402,毅嘉,19,13,6,康和-台南,2023-09-04,8458
00751B,元大AAA至A公司債,6,0,6,康和-台南,2023-09-04,8458
2634,漢翔,11,5,6,康和-台南,2023-09-04,8458
4967,十銓,6,0,6,康和-台南,2023-09-04,8458
00885,富邦越南,5,0,5,康和-台南,2023-09-04,8458
2308,台達電,5,0,5,康和-台南,2023-09-04,8458
00725B,國泰投資級公司債,5,0,5,康和-台南,2023-09-04,8458
1459,聯發,5,0,5,康和-台南,2023-09-04,8458
1513,中興電,7,2,5,康和-台南,2023-09-04,8458
1522,堤維西,10,5,5,康和-台南,2023-09-04,8458
1785,光洋科,5,0,5,康和-台南,2023-09-04,8458
2340,台亞,15,10,5,康和-台南,2023-09-04,8458
2359,所羅門,6,1,5,康和-台南,2023-09-04,8458
2420,新巨,5,0,5,康和-台南,2023-09-04,8458
2897,王道銀行,5,0,5,康和-台南,2023-09-04,8458
3041,揚智,5,0,5,康和-台南,2023-09-04,8458
4119,旭富,5,0,5,康和-台南,2023-09-04,8458
5410,國眾,5,0,5,康和-台南,2023-09-04,8458
6285,啟��,6,1,5,康和-台南,2023-09-04,8458
6664,群翊,5,0,5,康和-台南,2023-09-04,8458
8432,東生華,5,0,5,康和-台南,2023-09-04,8458
6547,高端疫苗,5,0,5,康和-台南,2023-09-04,8458
2027,大成鋼,6,2,4,康和-台南,2023-09-04,8458
00929,復華台灣科技優息,116,19,97,康和-台南,2023-09-05,8458
5469,瀚宇博,100,7,93,康和-台南,2023-09-05,8458
6770,力積電,90,10,80,康和-台南,2023-09-05,8458
6449,鈺邦,37,2,35,康和-台南,2023-09-05,8458
5347,世界,30,0,30,康和-台南,2023-09-05,8458
2324,仁寶,29,2,27,康和-台南,2023-09-05,8458
00932,兆豐永續高息等權,20,0,20,康和-台南,2023-09-05,8458
00665L,富邦�琤肭磪囓�2,20,0,20,康和-台南,2023-09-05,8458
2405,輔信,20,0,20,康和-台南,2023-09-05,8458
2449,京元電子,21,1,20,康和-台南,2023-09-05,8458
2344,華邦電,18,0,18,康和-台南,2023-09-05,8458
2371,大同,20,3,17,康和-台南,2023-09-05,8458
2375,凱美,20,4,16,康和-台南,2023-09-05,8458
2457,飛宏,20,4,16,康和-台南,2023-09-05,8458
2610,華航,22,6,16,康和-台南,2023-09-05,8458
4760,勤凱,15,0,15,康和-台南,2023-09-05,8458
2634,漢翔,17,3,14,康和-台南,2023-09-05,8458
3481,群創,36,24,12,康和-台南,2023-09-05,8458
2885,元大金,11,0,11,康和-台南,2023-09-05,8458
2618,長榮航,15,4,11,康和-台南,2023-09-05,8458
4919,新唐,11,0,11,康和-台南,2023-09-05,8458
6547,高端疫苗,16,5,11,康和-台南,2023-09-05,8458
1504,東元,10,0,10,康和-台南,2023-09-05,8458
00713,元大台灣高息低波,10,0,10,康和-台南,2023-09-05,8458
00915,凱基優選高股息30,10,0,10,康和-台南,2023-09-05,8458
2425,承啟,10,0,10,康和-台南,2023-09-05,8458
2882,國泰金,10,0,10,康和-台南,2023-09-05,8458
4154,樂威科-KY,10,0,10,康和-台南,2023-09-05,8458
6104,創惟,10,0,10,康和-台南,2023-09-05,8458
6789,采鈺,10,0,10,康和-台南,2023-09-05,8458
9950,萬國通,10,0,10,康和-台南,2023-09-05,8458
1101,台泥,9,0,9,康和-台南,2023-09-05,8458
6122,擎邦,18,9,9,康和-台南,2023-09-05,8458
00919,群益台灣精選高息,9,0,9,康和-台南,2023-09-05,8458
2488,漢平,20,11,9,康和-台南,2023-09-05,8458
3693,營邦,12,3,9,康和-台南,2023-09-05,8458
8255,朋程,10,1,9,康和-台南,2023-09-05,8458
3231,緯創,21,13,8,康和-台南,2023-09-05,8458
2201,裕隆,12,4,8,康和-台南,2023-09-05,8458
6491,晶碩,8,0,8,康和-台南,2023-09-05,8458
3032,偉訓,6,0,6,康和-台南,2023-09-05,8458
6432,今展科,6,0,6,康和-台南,2023-09-05,8458
4119,旭富,5,0,5,康和-台南,2023-09-05,8458
00893,國泰智能電動車,5,0,5,康和-台南,2023-09-05,8458
2464,盟立,17,12,5,康和-台南,2023-09-05,8458
2884,玉山金,5,0,5,康和-台南,2023-09-05,8458
3338,泰碩,6,1,5,康和-台南,2023-09-05,8458
3346,麗清,5,0,5,康和-台南,2023-09-05,8458
3710,連展投控,5,0,5,康和-台南,2023-09-05,8458
4906,正文,6,1,5,康和-台南,2023-09-05,8458
00632R,元大台灣50反1,200,33,167,康和-台南,2023-09-06,8458
3078,僑威,110,2,108,康和-台南,2023-09-06,8458
2606,裕民,90,0,90,康和-台南,2023-09-06,8458
2401,凌陽,83,15,68,康和-台南,2023-09-06,8458
00929,復華台灣科技優息,113,45,68,康和-台南,2023-09-06,8458
5608,四維航,60,0,60,康和-台南,2023-09-06,8458
1802,台玻,58,0,58,康和-台南,2023-09-06,8458
1217,愛之味,102,50,52,康和-台南,2023-09-06,8458
3481,群創,67,17,50,康和-台南,2023-09-06,8458
00919,群益台灣精選高息,37,0,37,康和-台南,2023-09-06,8458
2888,新光金,30,0,30,康和-台南,2023-09-06,8458
3052,夆典,30,0,30,康和-台南,2023-09-06,8458
5512,力麒,30,0,30,康和-台南,2023-09-06,8458
00665L,富邦�琤肭磪囓�2,20,0,20,康和-台南,2023-09-06,8458
2882,國泰金,21,1,20,康和-台南,2023-09-06,8458
2340,台亞,16,1,15,康和-台南,2023-09-06,8458
00878,國泰永續高股息,17,4,13,康和-台南,2023-09-06,8458
2376,技嘉,14,1,13,康和-台南,2023-09-06,8458
1447,力鵬,12,0,12,康和-台南,2023-09-06,8458
2301,光寶科,12,1,11,康和-台南,2023-09-06,8458
2353,宏��,12,1,11,康和-台南,2023-09-06,8458
4967,十銓,15,4,11,康和-台南,2023-09-06,8458
00918,大華優利高填息30,10,0,10,康和-台南,2023-09-06,8458
2421,建準,12,2,10,康和-台南,2023-09-06,8458
3163,波若威,20,10,10,康和-台南,2023-09-06,8458
4119,旭富,10,0,10,康和-台南,2023-09-06,8458
6016,康和證,10,0,10,康和-台南,2023-09-06,8458
1216,統一,9,0,9,康和-台南,2023-09-06,8458
6271,同欣電,9,0,9,康和-台南,2023-09-06,8458
4147,中裕,14,6,8,康和-台南,2023-09-06,8458
6155,鈞寶,8,0,8,康和-台南,2023-09-06,8458
2610,華航,7,0,7,康和-台南,2023-09-06,8458
3311,閎暉,7,0,7,康和-台南,2023-09-06,8458
2886,兆豐金,6,0,6,康和-台南,2023-09-06,8458
1522,堤維西,9,3,6,康和-台南,2023-09-06,8458
3567,逸昌,11,5,6,康和-台南,2023-09-06,8458
2308,台達電,6,0,6,康和-台南,2023-09-06,8458
00673R,期元大S＆P原油反1,5,0,5,康和-台南,2023-09-06,8458
1711,永光,5,0,5,康和-台南,2023-09-06,8458
2409,友達,75,70,5,康和-台南,2023-09-06,8458
2425,承啟,7,2,5,康和-台南,2023-09-06,8458
3294,英濟,5,0,5,康和-台南,2023-09-06,8458
3540,曜越,5,0,5,康和-台南,2023-09-06,8458
3576,聯合再生,10,5,5,康和-台南,2023-09-06,8458
4999,鑫禾,5,0,5,康和-台南,2023-09-06,8458
5340,建榮,5,0,5,康和-台南,2023-09-06,8458
5880,合庫金,5,0,5,康和-台南,2023-09-06,8458
6120,達運,5,0,5,康和-台南,2023-09-06,8458
1339,昭輝,5,1,4,康和-台南,2023-09-06,8458
2449,京元電子,11,7,4,康和-台南,2023-09-06,8458
2883,凱基金,270,0,270,康和-台南,2023-09-07,8458
00919,群益台灣精選高息,139,0,139,康和-台南,2023-09-07,8458
1609,大亞,110,0,110,康和-台南,2023-09-07,8458
2313,華通,118,11,107,康和-台南,2023-09-07,8458
00929,復華台灣科技優息,99,16,83,康和-台南,2023-09-07,8458
5608,四維航,62,0,62,康和-台南,2023-09-07,8458
2547,日勝生,60,0,60,康和-台南,2023-09-07,8458
2606,裕民,60,0,60,康和-台南,2023-09-07,8458
00637L,元大滬深300正2,55,0,55,康和-台南,2023-09-07,8458
4533,協易機,67,29,38,康和-台南,2023-09-07,8458
3481,群創,37,5,32,康和-台南,2023-09-07,8458
00679B,元大美債20年,31,0,31,康和-台南,2023-09-07,8458
2888,新光金,30,0,30,康和-台南,2023-09-07,8458
2449,京元電子,45,16,29,康和-台南,2023-09-07,8458
6285,啟��,30,1,29,康和-台南,2023-09-07,8458
6282,康舒,25,0,25,康和-台南,2023-09-07,8458
8112,至上,28,3,25,康和-台南,2023-09-07,8458
2472,立隆電,23,0,23,康和-台南,2023-09-07,8458
1802,台玻,23,1,22,康和-台南,2023-09-07,8458
2881,富邦金,21,0,21,康和-台南,2023-09-07,8458
2891,中信金,21,0,21,康和-台南,2023-09-07,8458
00751B,元大AAA至A公司債,20,0,20,康和-台南,2023-09-07,8458
00918,大華優利高填息30,20,0,20,康和-台南,2023-09-07,8458
3257,虹冠電,21,1,20,康和-台南,2023-09-07,8458
2303,聯電,19,0,19,康和-台南,2023-09-07,8458
3209,全科,20,3,17,康和-台南,2023-09-07,8458
2332,友訊,18,1,17,康和-台南,2023-09-07,8458
4906,正文,16,0,16,康和-台南,2023-09-07,8458
00923,群益台ESG低碳50,15,0,15,康和-台南,2023-09-07,8458
2401,凌陽,17,2,15,康和-台南,2023-09-07,8458
4967,十銓,30,15,15,康和-台南,2023-09-07,8458
6138,茂達,17,2,15,康和-台南,2023-09-07,8458
6191,精成科,18,3,15,康和-台南,2023-09-07,8458
4147,中裕,12,0,12,康和-台南,2023-09-07,8458
2618,長榮航,15,4,11,康和-台南,2023-09-07,8458
3015,全漢,11,0,11,康和-台南,2023-09-07,8458
3228,金麗科,11,0,11,康和-台南,2023-09-07,8458
5299,杰力,11,0,11,康和-台南,2023-09-07,8458
2834,臺企銀,10,0,10,康和-台南,2023-09-07,8458
1319,東陽,13,3,10,康和-台南,2023-09-07,8458
1504,東元,10,0,10,康和-台南,2023-09-07,8458
2340,台亞,10,0,10,康和-台南,2023-09-07,8458
2371,大同,10,0,10,康和-台南,2023-09-07,8458
6016,康和證,10,0,10,康和-台南,2023-09-07,8458
6104,創惟,10,0,10,康和-台南,2023-09-07,8458
6203,海韻電,10,0,10,康和-台南,2023-09-07,8458
6485,點序,13,4,9,康和-台南,2023-09-07,8458
1513,中興電,9,1,8,康和-台南,2023-09-07,8458
2354,鴻準,9,1,8,康和-台南,2023-09-07,8458
8086,宏捷科,11,3,8,康和-台南,2023-09-07,8458
00929,復華台灣科技優息,116,1,115,康和-台南,2023-09-08,8458
00919,群益台灣精選高息,87,0,87,康和-台南,2023-09-08,8458
2881,富邦金,70,0,70,康和-台南,2023-09-08,8458
2002,中鋼,63,0,63,康和-台南,2023-09-08,8458
6547,高端疫苗,60,0,60,康和-台南,2023-09-08,8458
00915,凱基優選高股息30,38,0,38,康和-台南,2023-09-08,8458
6016,康和證,30,0,30,康和-台南,2023-09-08,8458
6189,豐藝,30,0,30,康和-台南,2023-09-08,8458
3481,群創,34,14,20,康和-台南,2023-09-08,8458
2486,一詮,20,1,19,康和-台南,2023-09-08,8458
2511,太子,17,0,17,康和-台南,2023-09-08,8458
5864,致和證,17,0,17,康和-台南,2023-09-08,8458
5371,中光電,15,0,15,康和-台南,2023-09-08,8458
2332,友訊,15,2,13,康和-台南,2023-09-08,8458
1584,精剛,13,1,12,康和-台南,2023-09-08,8458
3715,定穎投控,53,41,12,康和-台南,2023-09-08,8458
8034,榮群,19,7,12,康和-台南,2023-09-08,8458
9907,統一實,12,0,12,康和-台南,2023-09-08,8458
1444,力麗,12,1,11,康和-台南,2023-09-08,8458
00637L,元大滬深300正2,11,0,11,康和-台南,2023-09-08,8458
00902,中信電池及儲能,10,0,10,康和-台南,2023-09-08,8458
2885,元大金,10,0,10,康和-台南,2023-09-08,8458
4119,旭富,10,0,10,康和-台南,2023-09-08,8458
8183,精星,10,0,10,康和-台南,2023-09-08,8458
3576,聯合再生,15,6,9,康和-台南,2023-09-08,8458
2405,輔信,20,11,9,康和-台南,2023-09-08,8458
6125,廣運,9,0,9,康和-台南,2023-09-08,8458
2887,台新金,8,0,8,康和-台南,2023-09-08,8458
3035,智原,20,12,8,康和-台南,2023-09-08,8458
2368,金像電,10,2,8,康和-台南,2023-09-08,8458
1568,倉佑,7,0,7,康和-台南,2023-09-08,8458
3483,力致,12,5,7,康和-台南,2023-09-08,8458
2329,華泰,7,1,6,康和-台南,2023-09-08,8458
2485,兆赫,6,0,6,康和-台南,2023-09-08,8458
5443,均豪,6,0,6,康和-台南,2023-09-08,8458
8390,金益鼎,6,0,6,康和-台南,2023-09-08,8458
2630,亞航,9,3,6,康和-台南,2023-09-08,8458
2382,廣達,13,8,5,康和-台南,2023-09-08,8458
2330,台積電,5,0,5,康和-台南,2023-09-08,8458
2376,技嘉,6,1,5,康和-台南,2023-09-08,8458
00918,大華優利高填息30,5,0,5,康和-台南,2023-09-08,8458
00753L,中信中國50正2,5,0,5,康和-台南,2023-09-08,8458
2201,裕隆,5,0,5,康和-台南,2023-09-08,8458
2367,燿華,5,0,5,康和-台南,2023-09-08,8458
2402,毅嘉,10,5,5,康和-台南,2023-09-08,8458
6120,達運,5,0,5,康和-台南,2023-09-08,8458
00633L,富邦上証正2,4,0,4,康和-台南,2023-09-08,8458
2409,友達,9,5,4,康和-台南,2023-09-08,8458
2618,長榮航,6,2,4,康和-台南,2023-09-08,8458
2845,遠東銀,4,0,4,康和-台南,2023-09-08,8458
2886,兆豐金,271,0,271,康和-台南,2023-09-11,8458
6770,力積電,210,0,210,康和-台南,2023-09-11,8458
00631L,元大台灣50正2,137,3,134,康和-台南,2023-09-11,8458
2312,金寶,75,2,73,康和-台南,2023-09-11,8458
2606,裕民,62,0,62,康和-台南,2023-09-11,8458
3231,緯創,78,23,55,康和-台南,2023-09-11,8458
2405,輔信,67,13,54,康和-台南,2023-09-11,8458
3481,群創,67,14,53,康和-台南,2023-09-11,8458
2363,矽統,94,44,50,康和-台南,2023-09-11,8458
00878,國泰永續高股息,48,1,47,康和-台南,2023-09-11,8458
00919,群益台灣精選高息,45,0,45,康和-台南,2023-09-11,8458
3360,尚立,41,0,41,康和-台南,2023-09-11,8458
00900,富邦特選高股息30,31,0,31,康和-台南,2023-09-11,8458
2344,華邦電,41,10,31,康和-台南,2023-09-11,8458
2352,佳世達,31,0,31,康和-台南,2023-09-11,8458
5608,四維航,30,0,30,康和-台南,2023-09-11,8458
2376,技嘉,33,4,29,康和-台南,2023-09-11,8458
2634,漢翔,50,22,28,康和-台南,2023-09-11,8458
00932,兆豐永續高息等權,28,0,28,康和-台南,2023-09-11,8458
2511,太子,24,0,24,康和-台南,2023-09-11,8458
2324,仁寶,27,7,20,康和-台南,2023-09-11,8458
1714,和桐,20,0,20,康和-台南,2023-09-11,8458
0056,元大高股息,26,7,19,康和-台南,2023-09-11,8458
1736,喬山,21,3,18,康和-台南,2023-09-11,8458
1104,環泥,17,0,17,康和-台南,2023-09-11,8458
1618,合機,18,1,17,康和-台南,2023-09-11,8458
6830,汎銓,17,1,16,康和-台南,2023-09-11,8458
1447,力鵬,15,0,15,康和-台南,2023-09-11,8458
1584,精剛,18,3,15,康和-台南,2023-09-11,8458
2338,光罩,15,0,15,康和-台南,2023-09-11,8458
2618,長榮航,18,3,15,康和-台南,2023-09-11,8458
2809,京城銀,15,0,15,康和-台南,2023-09-11,8458
2888,新光金,15,0,15,康和-台南,2023-09-11,8458
00713,元大台灣高息低波,13,0,13,康和-台南,2023-09-11,8458
2603,長榮,12,0,12,康和-台南,2023-09-11,8458
6120,達運,12,0,12,康和-台南,2023-09-11,8458
1314,中石化,11,0,11,康和-台南,2023-09-11,8458
6203,海韻電,11,0,11,康和-台南,2023-09-11,8458
8086,宏捷科,14,4,10,康和-台南,2023-09-11,8458
1711,永光,10,0,10,康和-台南,2023-09-11,8458
2337,旺宏,10,0,10,康和-台南,2023-09-11,8458
5299,杰力,10,0,10,康和-台南,2023-09-11,8458
6160,欣技,10,0,10,康和-台南,2023-09-11,8458
2388,威盛,13,3,10,康和-台南,2023-09-11,8458
2308,台達電,9,0,9,康和-台南,2023-09-11,8458
2485,兆赫,19,10,9,康和-台南,2023-09-11,8458
00931B,統一美債20年,8,0,8,康和-台南,2023-09-11,8458
1605,華新,11,3,8,康和-台南,2023-09-11,8458
1802,台玻,20,12,8,康和-台南,2023-09-11,8458
8403,盛弘,8,0,8,康和-台南,2023-09-11,8458
5515,建國,100,0,100,康和-台南,2023-09-12,8458
3078,僑威,94,5,89,康和-台南,2023-09-12,8458
3231,緯創,65,12,53,康和-台南,2023-09-12,8458
00637L,元大滬深300正2,40,0,40,康和-台南,2023-09-12,8458
5880,合庫金,30,0,30,康和-台南,2023-09-12,8458
2363,矽統,73,44,29,康和-台南,2023-09-12,8458
6120,達運,26,1,25,康和-台南,2023-09-12,8458
6282,康舒,43,22,21,康和-台南,2023-09-12,8458
2890,永豐金,20,0,20,康和-台南,2023-09-12,8458
2401,凌陽,23,4,19,康和-台南,2023-09-12,8458
3360,尚立,19,0,19,康和-台南,2023-09-12,8458
2427,三商電,21,5,16,康和-台南,2023-09-12,8458
3481,群創,25,10,15,康和-台南,2023-09-12,8458
00929,復華台灣科技優息,115,101,14,康和-台南,2023-09-12,8458
2344,華邦電,11,0,11,康和-台南,2023-09-12,8458
00878,國泰永續高股息,20,10,10,康和-台南,2023-09-12,8458
00919,群益台灣精選高息,10,0,10,康和-台南,2023-09-12,8458
2323,中環,10,0,10,康和-台南,2023-09-12,8458
6271,同欣電,10,0,10,康和-台南,2023-09-12,8458
6830,汎銓,10,0,10,康和-台南,2023-09-12,8458
00923,群益台ESG低碳50,8,0,8,康和-台南,2023-09-12,8458
6125,廣運,19,12,7,康和-台南,2023-09-12,8458
2634,漢翔,10,3,7,康和-台南,2023-09-12,8458
2618,長榮航,10,3,7,康和-台南,2023-09-12,8458
3325,旭品,10,3,7,康和-台南,2023-09-12,8458
3576,聯合再生,7,0,7,康和-台南,2023-09-12,8458
3715,定穎投控,7,0,7,康和-台南,2023-09-12,8458
6139,亞翔,7,0,7,康和-台南,2023-09-12,8458
8033,雷虎,7,0,7,康和-台南,2023-09-12,8458
1529,樂事綠能,6,0,6,康和-台南,2023-09-12,8458
2331,精英,8,2,6,康和-台南,2023-09-12,8458
2645,長榮航太,7,1,6,康和-台南,2023-09-12,8458
2308,台達電,5,0,5,康和-台南,2023-09-12,8458
2630,亞航,21,16,5,康和-台南,2023-09-12,8458
2883,凱基金,5,0,5,康和-台南,2023-09-12,8458
2371,大同,5,0,5,康和-台南,2023-09-12,8458
2409,友達,11,6,5,康和-台南,2023-09-12,8458
2421,建準,9,4,5,康和-台南,2023-09-12,8458
2425,承啟,6,1,5,康和-台南,2023-09-12,8458
3025,星通,5,0,5,康和-台南,2023-09-12,8458
3694,海華,5,0,5,康和-台南,2023-09-12,8458
6197,佳必琪,5,0,5,康和-台南,2023-09-12,8458
8038,長園科,5,0,5,康和-台南,2023-09-12,8458
2330,台積電,5,1,4,康和-台南,2023-09-12,8458
00795B,中信美國公債20年,5,1,4,康和-台南,2023-09-12,8458
1524,耿鼎,4,0,4,康和-台南,2023-09-12,8458
2351,順德,6,2,4,康和-台南,2023-09-12,8458
3047,訊舟,7,3,4,康和-台南,2023-09-12,8458
4909,新復興,4,0,4,康和-台南,2023-09-12,8458
5009,榮剛,6,2,4,康和-台南,2023-09-12,8458
0056,元大高股息,100,10,90,康和-台南,2023-09-13,8458
2371,大同,51,1,50,康和-台南,2023-09-13,8458
8147,正淩,51,1,50,康和-台南,2023-09-13,8458
2312,金寶,40,0,40,康和-台南,2023-09-13,8458
3360,尚立,40,0,40,康和-台南,2023-09-13,8458
1524,耿鼎,34,2,32,康和-台南,2023-09-13,8458
00931B,統一美債20年,26,0,26,康和-台南,2023-09-13,8458
2801,彰銀,35,10,25,康和-台南,2023-09-13,8458
00919,群益台灣精選高息,20,0,20,康和-台南,2023-09-13,8458
1307,三芳,23,10,13,康和-台南,2023-09-13,8458
1316,上曜,12,0,12,康和-台南,2023-09-13,8458
8150,南茂,14,2,12,康和-台南,2023-09-13,8458
2368,金像電,12,1,11,康和-台南,2023-09-13,8458
3265,台星科,10,0,10,康和-台南,2023-09-13,8458
2340,台亞,24,14,10,康和-台南,2023-09-13,8458
2387,精元,12,2,10,康和-台南,2023-09-13,8458
2392,正崴,10,0,10,康和-台南,2023-09-13,8458
2883,凱基金,60,50,10,康和-台南,2023-09-13,8458
3006,晶豪科,10,0,10,康和-台南,2023-09-13,8458
3234,光環,10,0,10,康和-台南,2023-09-13,8458
6104,創惟,10,0,10,康和-台南,2023-09-13,8458
6446,藥華藥,10,0,10,康和-台南,2023-09-13,8458
9945,潤泰新,10,0,10,康和-台南,2023-09-13,8458
1101,台泥,11,2,9,康和-台南,2023-09-13,8458
3701,大眾控,9,0,9,康和-台南,2023-09-13,8458
9802,鈺齊-KY,13,4,9,康和-台南,2023-09-13,8458
2409,友達,10,2,8,康和-台南,2023-09-13,8458
00878,國泰永續高股息,28,20,8,康和-台南,2023-09-13,8458
2382,廣達,12,5,7,康和-台南,2023-09-13,8458
2379,瑞昱,7,0,7,康和-台南,2023-09-13,8458
3311,閎暉,8,2,6,康和-台南,2023-09-13,8458
6415,矽力*-KY,7,1,6,康和-台南,2023-09-13,8458
6585,鼎基,7,1,6,康和-台南,2023-09-13,8458
00918,大華優利高填息30,5,0,5,康和-台南,2023-09-13,8458
00757,統一FANG+,5,0,5,康和-台南,2023-09-13,8458
00882,中信中國高股息,5,0,5,康和-台南,2023-09-13,8458
2228,劍麟,5,0,5,康和-台南,2023-09-13,8458
2454,聯發科,6,1,5,康和-台南,2023-09-13,8458
2601,益航,5,0,5,康和-台南,2023-09-13,8458
2867,三商壽,5,0,5,康和-台南,2023-09-13,8458
2913,農林,5,0,5,康和-台南,2023-09-13,8458
3406,玉晶光,10,5,5,康和-台南,2023-09-13,8458
3666,光耀,5,0,5,康和-台南,2023-09-13,8458
3704,合勤控,11,6,5,康和-台南,2023-09-13,8458
5371,中光電,11,6,5,康和-台南,2023-09-13,8458
6147,頎邦,5,0,5,康和-台南,2023-09-13,8458
2421,建準,5,0,5,康和-台南,2023-09-13,8458
6715,嘉基,4,0,4,康和-台南,2023-09-13,8458
2634,漢翔,6,2,4,康和-台南,2023-09-13,8458
3037,欣興,5,1,4,康和-台南,2023-09-13,8458
00632R,元大台灣50反1,100,0,100,康和-台南,2023-09-14,8458
00929,復華台灣科技優息,107,14,93,康和-台南,2023-09-14,8458
00631L,元大台灣50正2,56,1,55,康和-台南,2023-09-14,8458
2637,慧洋-KY,41,5,36,康和-台南,2023-09-14,8458
2801,彰銀,26,0,26,康和-台南,2023-09-14,8458
8112,至上,27,4,23,康和-台南,2023-09-14,8458
1440,南紡,20,0,20,康和-台南,2023-09-14,8458
00918,大華優利高填息30,18,0,18,康和-台南,2023-09-14,8458
3035,智原,32,15,17,康和-台南,2023-09-14,8458
2337,旺宏,17,1,16,康和-台南,2023-09-14,8458
2352,佳世達,14,0,14,康和-台南,2023-09-14,8458
1710,東聯,12,0,12,康和-台南,2023-09-14,8458
1314,中石化,12,0,12,康和-台南,2023-09-14,8458
3588,通嘉,14,2,12,康和-台南,2023-09-14,8458
00850,元大臺灣ESG永續,10,0,10,康和-台南,2023-09-14,8458
00720B,元大投資級公司債,10,0,10,康和-台南,2023-09-14,8458
1711,永光,10,0,10,康和-台南,2023-09-14,8458
2419,仲琦,42,32,10,康和-台南,2023-09-14,8458
2753,八方雲集,10,0,10,康和-台南,2023-09-14,8458
4916,事欣科,11,1,10,康和-台南,2023-09-14,8458
4979,華星光,10,0,10,康和-台南,2023-09-14,8458
6271,同欣電,10,0,10,康和-台南,2023-09-14,8458
8046,南電,11,1,10,康和-台南,2023-09-14,8458
2002,中鋼,10,1,9,康和-台南,2023-09-14,8458
3311,閎暉,11,2,9,康和-台南,2023-09-14,8458
6231,系微,9,1,8,康和-台南,2023-09-14,8458
3081,聯亞,10,2,8,康和-台南,2023-09-14,8458
2025,千興,8,0,8,康和-台南,2023-09-14,8458
2369,菱生,10,2,8,康和-台南,2023-09-14,8458
4533,協易機,9,1,8,康和-台南,2023-09-14,8458
2421,建準,9,2,7,康和-台南,2023-09-14,8458
9802,鈺齊-KY,7,0,7,康和-台南,2023-09-14,8458
00878,國泰永續高股息,21,14,7,康和-台南,2023-09-14,8458
3231,緯創,14,7,7,康和-台南,2023-09-14,8458
5425,台半,6,0,6,康和-台南,2023-09-14,8458
00900,富邦特選高股息30,6,0,6,康和-台南,2023-09-14,8458
2618,長榮航,6,0,6,康和-台南,2023-09-14,8458
2701,萬企,6,0,6,康和-台南,2023-09-14,8458
6443,元晶,6,0,6,康和-台南,2023-09-14,8458
1101,台泥,5,0,5,康和-台南,2023-09-14,8458
3706,神達,6,1,5,康和-台南,2023-09-14,8458
9938,百和,5,0,5,康和-台南,2023-09-14,8458
00713,元大台灣高息低波,5,0,5,康和-台南,2023-09-14,8458
6282,康舒,5,0,5,康和-台南,2023-09-14,8458
00676R,富邦臺灣加權反1,5,0,5,康和-台南,2023-09-14,8458
00753L,中信中國50正2,5,0,5,康和-台南,2023-09-14,8458
00915,凱基優選高股息30,15,10,5,康和-台南,2023-09-14,8458
1326,台化,5,0,5,康和-台南,2023-09-14,8458
2331,精英,17,12,5,康和-台南,2023-09-14,8458
2481,強茂,5,0,5,康和-台南,2023-09-14,8458
00632R,元大台灣50反1,200,0,200,康和-台南,2023-09-15,8458
2845,遠東銀,100,0,100,康和-台南,2023-09-15,8458
00919,群益台灣精選高息,76,4,72,康和-台南,2023-09-15,8458
2609,陽明,77,30,47,康和-台南,2023-09-15,8458
00929,復華台灣科技優息,103,57,46,康和-台南,2023-09-15,8458
2340,台亞,42,0,42,康和-台南,2023-09-15,8458
2905,三商,40,0,40,康和-台南,2023-09-15,8458
2890,永豐金,30,0,30,康和-台南,2023-09-15,8458
2882,國泰金,30,0,30,康和-台南,2023-09-15,8458
2303,聯電,26,3,23,康和-台南,2023-09-15,8458
6147,頎邦,24,1,23,康和-台南,2023-09-15,8458
3163,波若威,49,31,18,康和-台南,2023-09-15,8458
00918,大華優利高填息30,18,0,18,康和-台南,2023-09-15,8458
2485,兆赫,20,2,18,康和-台南,2023-09-15,8458
3576,聯合再生,15,0,15,康和-台南,2023-09-15,8458
3715,定穎投控,38,25,13,康和-台南,2023-09-15,8458
2324,仁寶,12,1,11,康和-台南,2023-09-15,8458
2630,亞航,15,4,11,康和-台南,2023-09-15,8458
1609,大亞,11,0,11,康和-台南,2023-09-15,8458
6104,創惟,11,0,11,康和-台南,2023-09-15,8458
6442,光聖,16,5,11,康和-台南,2023-09-15,8458
00637L,元大滬深300正2,10,0,10,康和-台南,2023-09-15,8458
00915,凱基優選高股息30,10,0,10,康和-台南,2023-09-15,8458
1316,上曜,10,0,10,康和-台南,2023-09-15,8458
2753,八方雲集,10,0,10,康和-台南,2023-09-15,8458
3228,金麗科,10,0,10,康和-台南,2023-09-15,8458
5880,合庫金,10,0,10,康和-台南,2023-09-15,8458
6485,點序,10,0,10,康和-台南,2023-09-15,8458
1314,中石化,40,31,9,康和-台南,2023-09-15,8458
1319,東陽,14,5,9,康和-台南,2023-09-15,8458
1584,精剛,10,1,9,康和-台南,2023-09-15,8458
2376,技嘉,10,1,9,康和-台南,2023-09-15,8458
3481,群創,18,10,8,康和-台南,2023-09-15,8458
00795B,中信美國公債20年,8,0,8,康和-台南,2023-09-15,8458
6426,統新,9,1,8,康和-台南,2023-09-15,8458
6531,愛普*,13,5,8,康和-台南,2023-09-15,8458
2462,良得電,7,0,7,康和-台南,2023-09-15,8458
3003,健和興,7,0,7,康和-台南,2023-09-15,8458
2331,精英,8,2,6,康和-台南,2023-09-15,8458
2401,凌陽,11,5,6,康和-台南,2023-09-15,8458
2486,一詮,12,6,6,康和-台南,2023-09-15,8458
4906,正文,6,0,6,康和-台南,2023-09-15,8458
9802,鈺齊-KY,6,0,6,康和-台南,2023-09-15,8458
9958,世紀鋼,6,0,6,康和-台南,2023-09-15,8458
1440,南紡,5,0,5,康和-台南,2023-09-15,8458
00724B,群益投資級金融債,5,0,5,康和-台南,2023-09-15,8458
2317,鴻海,10,5,5,康和-台南,2023-09-15,8458
2379,瑞昱,5,0,5,康和-台南,2023-09-15,8458
2393,億光,5,0,5,康和-台南,2023-09-15,8458
2892,第一金,5,0,5,康和-台南,2023-09-15,8458
00631L,元大台灣50正2,600,0,600,康和-台南,2023-09-18,8458
00929,復華台灣科技優息,199,15,184,康和-台南,2023-09-18,8458
2409,友達,125,0,125,康和-台南,2023-09-18,8458
2886,兆豐金,250,131,119,康和-台南,2023-09-18,8458
2363,矽統,189,82,107,康和-台南,2023-09-18,8458
2618,長榮航,92,4,88,康和-台南,2023-09-18,8458
2105,正新,50,1,49,康和-台南,2023-09-18,8458
00919,群益台灣精選高息,50,5,45,康和-台南,2023-09-18,8458
1762,中化生,45,0,45,康和-台南,2023-09-18,8458
00795B,中信美國公債20年,42,0,42,康和-台南,2023-09-18,8458
2303,聯電,37,0,37,康和-台南,2023-09-18,8458
00931B,統一美債20年,32,0,32,康和-台南,2023-09-18,8458
6147,頎邦,30,0,30,康和-台南,2023-09-18,8458
00712,復華富時不動產,24,0,24,康和-台南,2023-09-18,8458
1310,台苯,20,0,20,康和-台南,2023-09-18,8458
00665L,富邦�琤肭磪囓�2,20,0,20,康和-台南,2023-09-18,8458
3015,全漢,20,0,20,康和-台南,2023-09-18,8458
2882,國泰金,20,2,18,康和-台南,2023-09-18,8458
8085,福華,16,0,16,康和-台南,2023-09-18,8458
2603,長榮,16,1,15,康和-台南,2023-09-18,8458
3545,敦泰,22,7,15,康和-台南,2023-09-18,8458
00878,國泰永續高股息,18,4,14,康和-台南,2023-09-18,8458
00679B,元大美債20年,14,0,14,康和-台南,2023-09-18,8458
2356,英業達,14,2,12,康和-台南,2023-09-18,8458
1609,大亞,12,0,12,康和-台南,2023-09-18,8458
3380,明泰,11,0,11,康和-台南,2023-09-18,8458
2324,仁寶,12,2,10,康和-台南,2023-09-18,8458
00918,大華優利高填息30,10,0,10,康和-台南,2023-09-18,8458
00757,統一FANG+,10,0,10,康和-台南,2023-09-18,8458
2353,宏��,10,0,10,康和-台南,2023-09-18,8458
2838A,聯邦銀甲特,10,0,10,康和-台南,2023-09-18,8458
8163,達方,10,0,10,康和-台南,2023-09-18,8458
3706,神達,10,3,7,康和-台南,2023-09-18,8458
3029,零壹,7,0,7,康和-台南,2023-09-18,8458
0056,元大高股息,7,1,6,康和-台南,2023-09-18,8458
8358,金居,6,0,6,康和-台南,2023-09-18,8458
1522,堤維西,12,6,6,康和-台南,2023-09-18,8458
1513,中興電,6,0,6,康和-台南,2023-09-18,8458
2421,建準,8,2,6,康和-台南,2023-09-18,8458
2607,榮運,6,0,6,康和-台南,2023-09-18,8458
2609,陽明,10,4,6,康和-台南,2023-09-18,8458
3264,欣銓,9,3,6,康和-台南,2023-09-18,8458
4533,協易機,6,0,6,康和-台南,2023-09-18,8458
6245,立端,6,0,6,康和-台南,2023-09-18,8458
2330,台積電,7,1,6,康和-台南,2023-09-18,8458
00751B,元大AAA至A公司債,5,0,5,康和-台南,2023-09-18,8458
1305,華夏,5,0,5,康和-台南,2023-09-18,8458
2344,華邦電,8,3,5,康和-台南,2023-09-18,8458
2354,鴻準,5,0,5,康和-台南,2023-09-18,8458
2891,中信金,10,5,5,康和-台南,2023-09-18,8458
00631L,元大台灣50正2,100,0,100,康和-台南,2023-09-19,8458
2606,裕民,150,90,60,康和-台南,2023-09-19,8458
6901,鑽石投資,58,1,57,康和-台南,2023-09-19,8458
1815,富喬,52,3,49,康和-台南,2023-09-19,8458
2105,正新,50,1,49,康和-台南,2023-09-19,8458
2601,益航,41,0,41,康和-台南,2023-09-19,8458
2303,聯電,37,0,37,康和-台南,2023-09-19,8458
6770,力積電,28,0,28,康和-台南,2023-09-19,8458
3706,神達,32,5,27,康和-台南,2023-09-19,8458
00929,復華台灣科技優息,26,0,26,康和-台南,2023-09-19,8458
00902,中信電池及儲能,21,0,21,康和-台南,2023-09-19,8458
1528,恩德,20,0,20,康和-台南,2023-09-19,8458
1762,中化生,19,0,19,康和-台南,2023-09-19,8458
2485,兆赫,23,5,18,康和-台南,2023-09-19,8458
2363,矽統,37,21,16,康和-台南,2023-09-19,8458
5225,東科-KY,15,0,15,康和-台南,2023-09-19,8458
3005,神基,16,2,14,康和-台南,2023-09-19,8458
6147,頎邦,13,0,13,康和-台南,2023-09-19,8458
1717,長興,12,0,12,康和-台南,2023-09-19,8458
2618,長榮航,17,5,12,康和-台南,2023-09-19,8458
3380,明泰,29,17,12,康和-台南,2023-09-19,8458
1609,大亞,10,0,10,康和-台南,2023-09-19,8458
2328,廣宇,10,0,10,康和-台南,2023-09-19,8458
2332,友訊,12,2,10,康和-台南,2023-09-19,8458
2369,菱生,10,0,10,康和-台南,2023-09-19,8458
2405,輔信,12,2,10,康和-台南,2023-09-19,8458
2636,台驊控股,10,0,10,康和-台南,2023-09-19,8458
2838A,聯邦銀甲特,10,0,10,康和-台南,2023-09-19,8458
3257,虹冠電,10,0,10,康和-台南,2023-09-19,8458
3673,TPK-KY,21,11,10,康和-台南,2023-09-19,8458
2603,長榮,10,1,9,康和-台南,2023-09-19,8458
00921,兆豐龍頭等權重,8,0,8,康和-台南,2023-09-19,8458
2337,旺宏,8,0,8,康和-台南,2023-09-19,8458
2368,金像電,12,4,8,康和-台南,2023-09-19,8458
4142,國光生,8,0,8,康和-台南,2023-09-19,8458
6182,合晶,8,0,8,康和-台南,2023-09-19,8458
8086,宏捷科,15,7,8,康和-台南,2023-09-19,8458
0056,元大高股息,8,1,7,康和-台南,2023-09-19,8458
2331,精英,13,6,7,康和-台南,2023-09-19,8458
6257,矽格,8,1,7,康和-台南,2023-09-19,8458
00900,富邦特選高股息30,6,0,6,康和-台南,2023-09-19,8458
00922,國泰台灣領袖50,6,0,6,康和-台南,2023-09-19,8458
2338,光罩,6,0,6,康和-台南,2023-09-19,8458
3045,台灣大,6,0,6,康和-台南,2023-09-19,8458
2330,台積電,6,1,5,康和-台南,2023-09-19,8458
2376,技嘉,5,0,5,康和-台南,2023-09-19,8458
2204,中華,5,0,5,康和-台南,2023-09-19,8458
2358,廷鑫,5,0,5,康和-台南,2023-09-19,8458
2425,承啟,5,0,5,康和-台南,2023-09-19,8458
2427,三商電,6,1,5,康和-台南,2023-09-19,8458
2883,凱基金,361,0,361,康和-台南,2023-09-20,8458
6770,力積電,110,0,110,康和-台南,2023-09-20,8458
00631L,元大台灣50正2,100,0,100,康和-台南,2023-09-20,8458
2105,正新,96,2,94,康和-台南,2023-09-20,8458
00929,復華台灣科技優息,152,66,86,康和-台南,2023-09-20,8458
5009,榮剛,83,0,83,康和-台南,2023-09-20,8458
2618,長榮航,63,0,63,康和-台南,2023-09-20,8458
2881,富邦金,60,0,60,康和-台南,2023-09-20,8458
2332,友訊,61,3,58,康和-台南,2023-09-20,8458
2367,燿華,65,15,50,康和-台南,2023-09-20,8458
2606,裕民,179,147,32,康和-台南,2023-09-20,8458
3265,台星科,41,10,31,康和-台南,2023-09-20,8458
2605,新興,39,10,29,康和-台南,2023-09-20,8458
5328,華容,23,0,23,康和-台南,2023-09-20,8458
1229,聯華,22,0,22,康和-台南,2023-09-20,8458
00891,中信關鍵半導體,19,0,19,康和-台南,2023-09-20,8458
1605,華新,24,6,18,康和-台南,2023-09-20,8458
2352,佳世達,16,0,16,康和-台南,2023-09-20,8458
6123,上奇,16,0,16,康和-台南,2023-09-20,8458
2340,台亞,13,0,13,康和-台南,2023-09-20,8458
2303,聯電,13,0,13,康和-台南,2023-09-20,8458
00795B,中信美國公債20年,12,0,12,康和-台南,2023-09-20,8458
3481,群創,10,0,10,康和-台南,2023-09-20,8458
2912,統一超,10,0,10,康和-台南,2023-09-20,8458
00881,國泰台灣5G+,10,0,10,康和-台南,2023-09-20,8458
00753L,中信中國50正2,20,10,10,康和-台南,2023-09-20,8458
5443,均豪,10,0,10,康和-台南,2023-09-20,8458
6160,欣技,10,0,10,康和-台南,2023-09-20,8458
2363,矽統,19,10,9,康和-台南,2023-09-20,8458
8069,元太,9,0,9,康和-台南,2023-09-20,8458
2330,台積電,9,0,9,康和-台南,2023-09-20,8458
1307,三芳,10,3,7,康和-台南,2023-09-20,8458
2317,鴻海,6,0,6,康和-台南,2023-09-20,8458
2485,兆赫,8,2,6,康和-台南,2023-09-20,8458
4908,前鼎,22,16,6,康和-台南,2023-09-20,8458
2382,廣達,25,19,6,康和-台南,2023-09-20,8458
3231,緯創,12,6,6,康和-台南,2023-09-20,8458
6285,啟��,30,25,5,康和-台南,2023-09-20,8458
00679B,元大美債20年,5,0,5,康和-台南,2023-09-20,8458
00919,群益台灣精選高息,12,7,5,康和-台南,2023-09-20,8458
2492,華新科,5,0,5,康和-台南,2023-09-20,8458
2887,台新金,5,0,5,康和-台南,2023-09-20,8458
3406,玉晶光,5,0,5,康和-台南,2023-09-20,8458
3703,欣陸,5,0,5,康和-台南,2023-09-20,8458
4167,松瑞藥,5,0,5,康和-台南,2023-09-20,8458
4909,新復興,5,0,5,康和-台南,2023-09-20,8458
5902,德記,5,0,5,康和-台南,2023-09-20,8458
6438,迅得,5,0,5,康和-台南,2023-09-20,8458
6901,鑽石投資,5,0,5,康和-台南,2023-09-20,8458
8011,台通,5,0,5,康和-台南,2023-09-20,8458
00631L,元大台灣50正2,401,56,345,康和-台南,2023-09-21,8458
0056,元大高股息,67,0,67,康和-台南,2023-09-21,8458
2618,長榮航,76,11,65,康和-台南,2023-09-21,8458
00929,復華台灣科技優息,133,78,55,康和-台南,2023-09-21,8458
2881,富邦金,54,0,54,康和-台南,2023-09-21,8458
00679B,元大美債20年,101,51,50,康和-台南,2023-09-21,8458
00632R,元大台灣50反1,50,0,50,康和-台南,2023-09-21,8458
2105,正新,50,0,50,康和-台南,2023-09-21,8458
2355,敬鵬,50,1,49,康和-台南,2023-09-21,8458
2888,新光金,60,18,42,康和-台南,2023-09-21,8458
2601,益航,40,0,40,康和-台南,2023-09-21,8458
1314,中石化,30,0,30,康和-台南,2023-09-21,8458
2312,金寶,30,0,30,康和-台南,2023-09-21,8458
6016,康和證,30,0,30,康和-台南,2023-09-21,8458
2882,國泰金,27,0,27,康和-台南,2023-09-21,8458
2354,鴻準,26,1,25,康和-台南,2023-09-21,8458
1101,台泥,24,0,24,康和-台南,2023-09-21,8458
2891,中信金,25,1,24,康和-台南,2023-09-21,8458
2367,燿華,24,1,23,康和-台南,2023-09-21,8458
00665L,富邦�琤肭磪囓�2,25,2,23,康和-台南,2023-09-21,8458
2883,凱基金,22,0,22,康和-台南,2023-09-21,8458
2832,台產,20,0,20,康和-台南,2023-09-21,8458
8163,達方,20,0,20,康和-台南,2023-09-21,8458
6123,上奇,18,0,18,康和-台南,2023-09-21,8458
00795B,中信美國公債20年,17,0,17,康和-台南,2023-09-21,8458
00902,中信電池及儲能,15,0,15,康和-台南,2023-09-21,8458
2330,台積電,14,0,14,康和-台南,2023-09-21,8458
006208,富邦台50,13,0,13,康和-台南,2023-09-21,8458
2801,彰銀,12,0,12,康和-台南,2023-09-21,8458
3390,旭軟,15,3,12,康和-台南,2023-09-21,8458
00881,國泰台灣5G+,12,0,12,康和-台南,2023-09-21,8458
2303,聯電,52,41,11,康和-台南,2023-09-21,8458
4563,百德,11,0,11,康和-台南,2023-09-21,8458
2382,廣達,27,16,11,康和-台南,2023-09-21,8458
00878,國泰永續高股息,23,13,10,康和-台南,2023-09-21,8458
1609,大亞,10,1,9,康和-台南,2023-09-21,8458
6901,鑽石投資,10,1,9,康和-台南,2023-09-21,8458
2317,鴻海,8,0,8,康和-台南,2023-09-21,8458
2002,中鋼,16,8,8,康和-台南,2023-09-21,8458
00753L,中信中國50正2,18,10,8,康和-台南,2023-09-21,8458
2409,友達,13,5,8,康和-台南,2023-09-21,8458
3217,優群,8,0,8,康和-台南,2023-09-21,8458
00891,中信關鍵半導體,11,3,8,康和-台南,2023-09-21,8458
3265,台星科,7,0,7,康和-台南,2023-09-21,8458
1216,統一,17,11,6,康和-台南,2023-09-21,8458
1440,南紡,6,0,6,康和-台南,2023-09-21,8458
2492,華新科,6,0,6,康和-台南,2023-09-21,8458
4147,中裕,6,0,6,康和-台南,2023-09-21,8458
4746,台耀,7,1,6,康和-台南,2023-09-21,8458
4909,新復興,6,0,6,康和-台南,2023-09-21,8458
00680L,元大美債20正2,904,0,904,康和-台南,2023-09-22,8458
3078,僑威,189,0,189,康和-台南,2023-09-22,8458
00679B,元大美債20年,133,0,133,康和-台南,2023-09-22,8458
2606,裕民,60,0,60,康和-台南,2023-09-22,8458
2883,凱基金,59,0,59,康和-台南,2023-09-22,8458
2355,敬鵬,50,0,50,康和-台南,2023-09-22,8458
2607,榮運,50,0,50,康和-台南,2023-09-22,8458
00931B,統一美債20年,47,0,47,康和-台南,2023-09-22,8458
3706,神達,56,10,46,康和-台南,2023-09-22,8458
2468,華經,46,5,41,康和-台南,2023-09-22,8458
2344,華邦電,41,1,40,康和-台南,2023-09-22,8458
2601,益航,40,0,40,康和-台南,2023-09-22,8458
2845,遠東銀,30,0,30,康和-台南,2023-09-22,8458
00795B,中信美國公債20年,27,0,27,康和-台南,2023-09-22,8458
4908,前鼎,67,45,22,康和-台南,2023-09-22,8458
00885,富邦越南,20,0,20,康和-台南,2023-09-22,8458
00902,中信電池及儲能,20,0,20,康和-台南,2023-09-22,8458
1440,南紡,20,0,20,康和-台南,2023-09-22,8458
00720B,元大投資級公司債,19,0,19,康和-台南,2023-09-22,8458
1513,中興電,23,5,18,康和-台南,2023-09-22,8458
2634,漢翔,19,3,16,康和-台南,2023-09-22,8458
6123,上奇,14,0,14,康和-台南,2023-09-22,8458
3036,文曄,16,2,14,康和-台南,2023-09-22,8458
2303,聯電,22,9,13,康和-台南,2023-09-22,8458
2421,建準,24,11,13,康和-台南,2023-09-22,8458
2605,新興,12,0,12,康和-台南,2023-09-22,8458
3390,旭軟,12,0,12,康和-台南,2023-09-22,8458
4906,正文,12,0,12,康和-台南,2023-09-22,8458
6187,萬潤,12,1,11,康和-台南,2023-09-22,8458
2330,台積電,12,1,11,康和-台南,2023-09-22,8458
2748,雲品,10,0,10,康和-台南,2023-09-22,8458
2838A,聯邦銀甲特,10,0,10,康和-台南,2023-09-22,8458
5302,太欣,10,0,10,康和-台南,2023-09-22,8458
6016,康和證,10,0,10,康和-台南,2023-09-22,8458
6901,鑽石投資,10,0,10,康和-台南,2023-09-22,8458
3373,熱映,15,6,9,康和-台南,2023-09-22,8458
8068,全達,12,4,8,康和-台南,2023-09-22,8458
2337,旺宏,11,4,7,康和-台南,2023-09-22,8458
2301,光寶科,5,0,5,康和-台南,2023-09-22,8458
2892,第一金,5,0,5,康和-台南,2023-09-22,8458
1714,和桐,5,0,5,康和-台南,2023-09-22,8458
1734,杏輝,5,0,5,康和-台南,2023-09-22,8458
2368,金像電,19,14,5,康和-台南,2023-09-22,8458
4543,萬在,5,0,5,康和-台南,2023-09-22,8458
6168,宏齊,5,0,5,康和-台南,2023-09-22,8458
6278,台表科,5,0,5,康和-台南,2023-09-22,8458
6283,淳安,5,0,5,康和-台南,2023-09-22,8458
00712,復華富時不動產,4,0,4,康和-台南,2023-09-22,8458
00922,國泰台灣領袖50,4,0,4,康和-台南,2023-09-22,8458
1314,中石化,4,0,4,康和-台南,2023-09-22,8458
5469,瀚宇博,103,0,103,康和-台南,2023-09-25,8458
2511,太子,63,0,63,康和-台南,2023-09-25,8458
2355,敬鵬,41,1,40,康和-台南,2023-09-25,8458
2888,新光金,40,8,32,康和-台南,2023-09-25,8458
2905,三商,30,0,30,康和-台南,2023-09-25,8458
2419,仲琦,42,15,27,康和-台南,2023-09-25,8458
2367,燿華,37,15,22,康和-台南,2023-09-25,8458
1802,台玻,20,0,20,康和-台南,2023-09-25,8458
2344,華邦電,19,0,19,康和-台南,2023-09-25,8458
6271,同欣電,18,0,18,康和-台南,2023-09-25,8458
2409,友達,15,0,15,康和-台南,2023-09-25,8458
2485,兆赫,15,0,15,康和-台南,2023-09-25,8458
3265,台星科,21,6,15,康和-台南,2023-09-25,8458
6155,鈞寶,15,0,15,康和-台南,2023-09-25,8458
2313,華通,28,14,14,康和-台南,2023-09-25,8458
2891,中信金,15,2,13,康和-台南,2023-09-25,8458
6274,台燿,15,2,13,康和-台南,2023-09-25,8458
2303,聯電,12,1,11,康和-台南,2023-09-25,8458
2353,宏��,10,0,10,康和-台南,2023-09-25,8458
2375,凱美,10,0,10,康和-台南,2023-09-25,8458
2601,益航,10,0,10,康和-台南,2023-09-25,8458
2634,漢翔,11,1,10,康和-台南,2023-09-25,8458
2838A,聯邦銀甲特,10,0,10,康和-台南,2023-09-25,8458
3322,建舜電,14,4,10,康和-台南,2023-09-25,8458
6189,豐藝,10,0,10,康和-台南,2023-09-25,8458
00795B,中信美國公債20年,10,1,9,康和-台南,2023-09-25,8458
1568,倉佑,10,1,9,康和-台南,2023-09-25,8458
6901,鑽石投資,9,0,9,康和-台南,2023-09-25,8458
1101,台泥,9,2,7,康和-台南,2023-09-25,8458
3013,晟銘電,10,3,7,康和-台南,2023-09-25,8458
2637,慧洋-KY,7,1,6,康和-台南,2023-09-25,8458
5328,華容,6,0,6,康和-台南,2023-09-25,8458
6443,元晶,7,1,6,康和-台南,2023-09-25,8458
9928,中視,6,0,6,康和-台南,2023-09-25,8458
3450,聯鈞,92,86,6,康和-台南,2023-09-25,8458
2014,中鴻,5,0,5,康和-台南,2023-09-25,8458
2449,京元電子,5,0,5,康和-台南,2023-09-25,8458
2105,正新,5,1,4,康和-台南,2023-09-25,8458
2439,美律,4,0,4,康和-台南,2023-09-25,8458
6191,精成科,4,0,4,康和-台南,2023-09-25,8458
6664,群翊,4,0,4,康和-台南,2023-09-25,8458
2881,富邦金,3,0,3,康和-台南,2023-09-25,8458
1104,環泥,3,0,3,康和-台南,2023-09-25,8458
00712,復華富時不動產,3,0,3,康和-台南,2023-09-25,8458
1809,中釉,5,2,3,康和-台南,2023-09-25,8458
2402,毅嘉,3,0,3,康和-台南,2023-09-25,8458
2436,偉詮電,3,0,3,康和-台南,2023-09-25,8458
3035,智原,15,12,3,康和-台南,2023-09-25,8458
3163,波若威,4,1,3,康和-台南,2023-09-25,8458
00679B,元大美債20年,2,0,2,康和-台南,2023-09-25,8458
00680L,元大美債20正2,301,0,301,康和-台南,2023-09-26,8458
6770,力積電,78,8,70,康和-台南,2023-09-26,8458
1618,合機,40,0,40,康和-台南,2023-09-26,8458
2511,太子,37,0,37,康和-台南,2023-09-26,8458
3481,群創,35,0,35,康和-台南,2023-09-26,8458
00931B,統一美債20年,31,0,31,康和-台南,2023-09-26,8458
3052,夆典,30,0,30,康和-台南,2023-09-26,8458
2409,友達,27,6,21,康和-台南,2023-09-26,8458
2421,建準,30,10,20,康和-台南,2023-09-26,8458
00706L,期元大S＆P日圓正2,20,0,20,康和-台南,2023-09-26,8458
1515,力山,20,0,20,康和-台南,2023-09-26,8458
2538,基泰,20,0,20,康和-台南,2023-09-26,8458
2303,聯電,19,0,19,康和-台南,2023-09-26,8458
2891,中信金,18,0,18,康和-台南,2023-09-26,8458
00679B,元大美債20年,17,0,17,康和-台南,2023-09-26,8458
2618,長榮航,23,6,17,康和-台南,2023-09-26,8458
4961,天鈺,16,1,15,康和-台南,2023-09-26,8458
00885,富邦越南,15,1,14,康和-台南,2023-09-26,8458
2206,三陽工業,16,2,14,康和-台南,2023-09-26,8458
1717,長興,13,0,13,康和-台南,2023-09-26,8458
1815,富喬,34,22,12,康和-台南,2023-09-26,8458
2002,中鋼,12,0,12,康和-台南,2023-09-26,8458
8088,品安,13,1,12,康和-台南,2023-09-26,8458
2353,宏��,11,0,11,康和-台南,2023-09-26,8458
2892,第一金,10,0,10,康和-台南,2023-09-26,8458
1101,台泥,10,0,10,康和-台南,2023-09-26,8458
00929,復華台灣科技優息,27,16,11,康和-台南,2023-09-26,8458
00932,兆豐永續高息等權,10,0,10,康和-台南,2023-09-26,8458
1108,幸福,10,0,10,康和-台南,2023-09-26,8458
00665L,富邦�琤肭磪囓�2,10,0,10,康和-台南,2023-09-26,8458
2340,台亞,10,0,10,康和-台南,2023-09-26,8458
2601,益航,10,0,10,康和-台南,2023-09-26,8458
6016,康和證,10,0,10,康和-台南,2023-09-26,8458
6451,訊芯-KY,15,5,10,康和-台南,2023-09-26,8458
2330,台積電,10,0,10,康和-台南,2023-09-26,8458
00712,復華富時不動產,8,0,8,康和-台南,2023-09-26,8458
2485,兆赫,10,2,8,康和-台南,2023-09-26,8458
3264,欣銓,8,0,8,康和-台南,2023-09-26,8458
8996,高力,9,1,8,康和-台南,2023-09-26,8458
8924,大田,8,0,8,康和-台南,2023-09-26,8458
00795B,中信美國公債20年,7,0,7,康和-台南,2023-09-26,8458
00751B,元大AAA至A公司債,7,0,7,康和-台南,2023-09-26,8458
1440,南紡,7,0,7,康和-台南,2023-09-26,8458
1736,喬山,7,0,7,康和-台南,2023-09-26,8458
2363,矽統,48,41,7,康和-台南,2023-09-26,8458
6901,鑽石投資,7,0,7,康和-台南,2023-09-26,8458
2634,漢翔,12,5,7,康和-台南,2023-09-26,8458
2014,中鴻,6,0,6,康和-台南,2023-09-26,8458
00878,國泰永續高股息,6,0,6,康和-台南,2023-09-26,8458
00923,群益台ESG低碳50,6,0,6,康和-台南,2023-09-26,8458
5469,瀚宇博,100,0,100,康和-台南,2023-09-27,8458
2002,中鋼,92,3,89,康和-台南,2023-09-27,8458
00795B,中信美國公債20年,50,0,50,康和-台南,2023-09-27,8458
00929,復華台灣科技優息,63,17,46,康和-台南,2023-09-27,8458
2883,凱基金,20,0,20,康和-台南,2023-09-27,8458
00632R,元大台灣50反1,20,0,20,康和-台南,2023-09-27,8458
2408,南亞科,21,1,20,康和-台南,2023-09-27,8458
2634,漢翔,17,1,16,康和-台南,2023-09-27,8458
2363,矽統,20,4,16,康和-台南,2023-09-27,8458
1560,中砂,16,0,16,康和-台南,2023-09-27,8458
2881,富邦金,14,0,14,康和-台南,2023-09-27,8458
6901,鑽石投資,14,1,13,康和-台南,2023-09-27,8458
1519,華城,36,23,13,康和-台南,2023-09-27,8458
2891,中信金,33,21,12,康和-台南,2023-09-27,8458
2355,敬鵬,18,6,12,康和-台南,2023-09-27,8458
00891,中信關鍵半導體,12,0,12,康和-台南,2023-09-27,8458
4979,華星光,18,6,12,康和-台南,2023-09-27,8458
2313,華通,12,1,11,康和-台南,2023-09-27,8458
1618,合機,50,40,10,康和-台南,2023-09-27,8458
2409,友達,10,0,10,康和-台南,2023-09-27,8458
8201,無敵,10,0,10,康和-台南,2023-09-27,8458
2367,燿華,18,10,8,康和-台南,2023-09-27,8458
3264,欣銓,8,0,8,康和-台南,2023-09-27,8458
00900,富邦特選高股息30,6,0,6,康和-台南,2023-09-27,8458
2303,聯電,7,2,5,康和-台南,2023-09-27,8458
1711,永光,17,12,5,康和-台南,2023-09-27,8458
2337,旺宏,5,0,5,康和-台南,2023-09-27,8458
5864,致和證,5,0,5,康和-台南,2023-09-27,8458
1609,大亞,5,0,5,康和-台南,2023-09-27,8458
8088,品安,5,0,5,康和-台南,2023-09-27,8458
6271,同欣電,6,1,5,康和-台南,2023-09-27,8458
2338,光罩,4,0,4,康和-台南,2023-09-27,8458
2368,金像電,6,2,4,康和-台南,2023-09-27,8458
3390,旭軟,6,2,4,康和-台南,2023-09-27,8458
6288,聯嘉,4,0,4,康和-台南,2023-09-27,8458
8091,翔名,4,0,4,康和-台南,2023-09-27,8458
2886,兆豐金,4,0,4,康和-台南,2023-09-27,8458
1101,台泥,4,0,4,康和-台南,2023-09-27,8458
2376,技嘉,13,10,3,康和-台南,2023-09-27,8458
00712,復華富時不動產,3,0,3,康和-台南,2023-09-27,8458
1522,堤維西,10,7,3,康和-台南,2023-09-27,8458
1529,樂事綠能,4,1,3,康和-台南,2023-09-27,8458
2010,春源,3,0,3,康和-台南,2023-09-27,8458
2425,承啟,3,0,3,康和-台南,2023-09-27,8458
2834,臺企銀,3,0,3,康和-台南,2023-09-27,8458
3056,富華新,3,0,3,康和-台南,2023-09-27,8458
3163,波若威,7,4,3,康和-台南,2023-09-27,8458
3363,上詮,7,4,3,康和-台南,2023-09-27,8458
3709,鑫聯大投控,3,0,3,康和-台南,2023-09-27,8458
4564,元翎,3,0,3,康和-台南,2023-09-27,8458
00680L,元大美債20正2,200,1,199,康和-台南,2023-09-28,8458
2618,長榮航,56,0,56,康和-台南,2023-09-28,8458
1210,大成,31,0,31,康和-台南,2023-09-28,8458
2606,裕民,60,30,30,康和-台南,2023-09-28,8458
3037,欣興,29,0,29,康和-台南,2023-09-28,8458
3036,文曄,32,11,21,康和-台南,2023-09-28,8458
2344,華邦電,38,18,20,康和-台南,2023-09-28,8458
3032,偉訓,34,14,20,康和-台南,2023-09-28,8458
3013,晟銘電,31,12,19,康和-台南,2023-09-28,8458
00720B,元大投資級公司債,17,0,17,康和-台南,2023-09-28,8458
00929,復華台灣科技優息,27,11,16,康和-台南,2023-09-28,8458
00931B,統一美債20年,26,10,16,康和-台南,2023-09-28,8458
2402,毅嘉,18,2,16,康和-台南,2023-09-28,8458
3576,聯合再生,15,0,15,康和-台南,2023-09-28,8458
3231,緯創,36,22,14,康和-台南,2023-09-28,8458
00687B,國泰20年美債,12,0,12,康和-台南,2023-09-28,8458
3276,宇環,14,2,12,康和-台南,2023-09-28,8458
2014,中鴻,11,0,11,康和-台南,2023-09-28,8458
2317,鴻海,10,1,9,康和-台南,2023-09-28,8458
00679B,元大美債20年,9,0,9,康和-台南,2023-09-28,8458
2329,華泰,14,5,9,康和-台南,2023-09-28,8458
2313,華通,9,1,8,康和-台南,2023-09-28,8458
00795B,中信美國公債20年,7,0,7,康和-台南,2023-09-28,8458
2891,中信金,10,4,6,康和-台南,2023-09-28,8458
3051,力特,6,0,6,康和-台南,2023-09-28,8458
3704,合勤控,7,1,6,康和-台南,2023-09-28,8458
5533,皇鼎,6,0,6,康和-台南,2023-09-28,8458
1524,耿鼎,5,0,5,康和-台南,2023-09-28,8458
2337,旺宏,5,0,5,康和-台南,2023-09-28,8458
3706,神達,5,0,5,康和-台南,2023-09-28,8458
6245,立端,5,0,5,康和-台南,2023-09-28,8458
1339,昭輝,5,0,5,康和-台南,2023-09-28,8458
00712,復華富時不動產,4,0,4,康和-台南,2023-09-28,8458
2408,南亞科,4,0,4,康和-台南,2023-09-28,8458
8210,勤誠,8,4,4,康和-台南,2023-09-28,8458
00932,兆豐永續高息等權,4,0,4,康和-台南,2023-09-28,8458
2363,矽統,46,42,4,康和-台南,2023-09-28,8458
2368,金像電,10,6,4,康和-台南,2023-09-28,8458
3390,旭軟,5,1,4,康和-台南,2023-09-28,8458
6235,華孚,5,1,4,康和-台南,2023-09-28,8458
8110,華東,4,0,4,康和-台南,2023-09-28,8458
00891,中信關鍵半導體,3,0,3,康和-台南,2023-09-28,8458
00921,兆豐龍頭等權重,3,0,3,康和-台南,2023-09-28,8458
2201,裕隆,4,1,3,康和-台南,2023-09-28,8458
2356,英業達,7,4,3,康和-台南,2023-09-28,8458
2388,威盛,8,5,3,康和-台南,2023-09-28,8458
2723,美食-KY,3,0,3,康和-台南,2023-09-28,8458
3044,健鼎,15,12,3,康和-台南,2023-09-28,8458
3171,炎洲流通,3,0,3,康和-台南,2023-09-28,8458
4566,時碩工業,3,0,3,康和-台南,2023-09-28,8458
2618,長榮航,93,2,91,康和-台南,2023-10-02,8458
2313,華通,63,2,61,康和-台南,2023-10-02,8458
2002,中鋼,42,0,42,康和-台南,2023-10-02,8458
00864B,中信美國公債0-1,34,0,34,康和-台南,2023-10-02,8458
2885,元大金,31,0,31,康和-台南,2023-10-02,8458
2606,裕民,30,0,30,康和-台南,2023-10-02,8458
8215,明基材,30,0,30,康和-台南,2023-10-02,8458
3481,群創,34,5,29,康和-台南,2023-10-02,8458
5465,富驊,29,2,27,康和-台南,2023-10-02,8458
2891,中信金,25,2,23,康和-台南,2023-10-02,8458
2329,華泰,46,23,23,康和-台南,2023-10-02,8458
2601,益航,33,10,23,康和-台南,2023-10-02,8458
1711,永光,19,0,19,康和-台南,2023-10-02,8458
2388,威盛,23,7,16,康和-台南,2023-10-02,8458
2356,英業達,26,13,13,康和-台南,2023-10-02,8458
2316,楠梓電,12,0,12,康和-台南,2023-10-02,8458
3580,友威科,11,0,11,康和-台南,2023-10-02,8458
2834,臺企銀,13,3,10,康和-台南,2023-10-02,8458
1402,遠東新,10,0,10,康和-台南,2023-10-02,8458
2630,亞航,10,0,10,康和-台南,2023-10-02,8458
6108,競國,10,0,10,康和-台南,2023-10-02,8458
6546,正基,10,0,10,康和-台南,2023-10-02,8458
8210,勤誠,32,23,9,康和-台南,2023-10-02,8458
00878,國泰永續高股息,18,10,8,康和-台南,2023-10-02,8458
00751B,元大AAA至A公司債,8,0,8,康和-台南,2023-10-02,8458
3715,定穎投控,20,12,8,康和-台南,2023-10-02,8458
00720B,元大投資級公司債,7,0,7,康和-台南,2023-10-02,8458
2324,仁寶,8,1,7,康和-台南,2023-10-02,8458
2609,陽明,11,5,6,康和-台南,2023-10-02,8458
5469,瀚宇博,6,0,6,康和-台南,2023-10-02,8458
9919,康那香,6,0,6,康和-台南,2023-10-02,8458
2888,新光金,6,0,6,康和-台南,2023-10-02,8458
2886,兆豐金,8,3,5,康和-台南,2023-10-02,8458
2201,裕隆,5,0,5,康和-台南,2023-10-02,8458
00857B,永豐20年美公債,5,0,5,康和-台南,2023-10-02,8458
1210,大成,5,0,5,康和-台南,2023-10-02,8458
1308,亞聚,5,0,5,康和-台南,2023-10-02,8458
2104,國際中橡,5,0,5,康和-台南,2023-10-02,8458
3305,昇貿,6,1,5,康和-台南,2023-10-02,8458
3322,建舜電,5,0,5,康和-台南,2023-10-02,8458
3324,雙鴻,12,7,5,康和-台南,2023-10-02,8458
6026,福邦證,5,0,5,康和-台南,2023-10-02,8458
6415,矽力*-KY,5,0,5,康和-台南,2023-10-02,8458
1319,東陽,11,7,4,康和-台南,2023-10-02,8458
00931B,統一美債20年,4,0,4,康和-台南,2023-10-02,8458
1519,華城,17,13,4,康和-台南,2023-10-02,8458
3702,大聯大,4,0,4,康和-台南,2023-10-02,8458
4155,訊映,4,0,4,康和-台南,2023-10-02,8458
6531,愛普*,4,0,4,康和-台南,2023-10-02,8458
00919,群益台灣精選高息,4,0,4,康和-台南,2023-10-02,8458
00631L,元大台灣50正2,200,0,200,康和-台南,2023-10-03,8458
3481,群創,64,12,52,康和-台南,2023-10-03,8458
2427,三商電,37,0,37,康和-台南,2023-10-03,8458
2409,友達,50,16,34,康和-台南,2023-10-03,8458
00929,復華台灣科技優息,90,66,24,康和-台南,2023-10-03,8458
1605,華新,23,1,22,康和-台南,2023-10-03,8458
3260,威剛,35,14,21,康和-台南,2023-10-03,8458
4953,緯軟,20,0,20,康和-台南,2023-10-03,8458
2367,燿華,23,6,17,康和-台南,2023-10-03,8458
2888,新光金,20,5,15,康和-台南,2023-10-03,8458
2382,廣達,19,5,14,康和-台南,2023-10-03,8458
00931B,統一美債20年,13,0,13,康和-台南,2023-10-03,8458
3483,力致,12,0,12,康和-台南,2023-10-03,8458
2316,楠梓電,11,0,11,康和-台南,2023-10-03,8458
2002,中鋼,10,0,10,康和-台南,2023-10-03,8458
1108,幸福,10,0,10,康和-台南,2023-10-03,8458
00655L,國泰中國A50正2,10,0,10,康和-台南,2023-10-03,8458
2606,裕民,10,0,10,康和-台南,2023-10-03,8458
2838A,聯邦銀甲特,10,0,10,康和-台南,2023-10-03,8458
3704,合勤控,10,0,10,康和-台南,2023-10-03,8458
3231,緯創,20,11,9,康和-台南,2023-10-03,8458
2891,中信金,10,1,9,康和-台南,2023-10-03,8458
2883,凱基金,9,0,9,康和-台南,2023-10-03,8458
2313,華通,9,0,9,康和-台南,2023-10-03,8458
2368,金像電,12,3,9,康和-台南,2023-10-03,8458
2881,富邦金,10,1,9,康和-台南,2023-10-03,8458
2201,裕隆,9,1,8,康和-台南,2023-10-03,8458
00720B,元大投資級公司債,8,0,8,康和-台南,2023-10-03,8458
1609,大亞,10,2,8,康和-台南,2023-10-03,8458
00712,復華富時不動產,7,0,7,康和-台南,2023-10-03,8458
2402,毅嘉,8,1,7,康和-台南,2023-10-03,8458
5439,高技,7,0,7,康和-台南,2023-10-03,8458
8435,鉅邁,7,0,7,康和-台南,2023-10-03,8458
00795B,中信美國公債20年,6,0,6,康和-台南,2023-10-03,8458
00633L,富邦上証正2,6,0,6,康和-台南,2023-10-03,8458
1513,中興電,13,7,6,康和-台南,2023-10-03,8458
1522,堤維西,11,5,6,康和-台南,2023-10-03,8458
0056,元大高股息,16,10,6,康和-台南,2023-10-03,8458
2356,英業達,10,5,5,康和-台南,2023-10-03,8458
00878,國泰永續高股息,11,6,5,康和-台南,2023-10-03,8458
00676R,富邦臺灣加權反1,5,0,5,康和-台南,2023-10-03,8458
00665L,富邦�琤肭磪囓�2,5,0,5,康和-台南,2023-10-03,8458
2365,昆盈,5,0,5,康和-台南,2023-10-03,8458
2449,京元電子,5,0,5,康和-台南,2023-10-03,8458
3013,晟銘電,37,32,5,康和-台南,2023-10-03,8458
3044,健鼎,5,0,5,康和-台南,2023-10-03,8458
6122,擎邦,5,0,5,康和-台南,2023-10-03,8458
6182,合晶,6,1,5,康和-台南,2023-10-03,8458
6139,亞翔,8,3,5,康和-台南,2023-10-03,8458
1815,富喬,21,17,4,康和-台南,2023-10-03,8458
00632R,元大台灣50反1,400,0,400,康和-台南,2023-10-04,8458
00673R,期元大S＆P原油反1,165,0,165,康和-台南,2023-10-04,8458
2303,聯電,134,3,131,康和-台南,2023-10-04,8458
00631L,元大台灣50正2,200,100,100,康和-台南,2023-10-04,8458
00680L,元大美債20正2,100,29,71,康和-台南,2023-10-04,8458
2515,中工,70,0,70,康和-台南,2023-10-04,8458
00922,國泰台灣領袖50,69,0,69,康和-台南,2023-10-04,8458
2892,第一金,50,0,50,康和-台南,2023-10-04,8458
00931B,統一美債20年,48,0,48,康和-台南,2023-10-04,8458
1301,台塑,43,0,43,康和-台南,2023-10-04,8458
00712,復華富時不動產,36,0,36,康和-台南,2023-10-04,8458
00864B,中信美國公債0-1,34,0,34,康和-台南,2023-10-04,8458
3481,群創,41,10,31,康和-台南,2023-10-04,8458
00753L,中信中國50正2,30,0,30,康和-台南,2023-10-04,8458
2881,富邦金,27,1,26,康和-台南,2023-10-04,8458
00679B,元大美債20年,24,0,24,康和-台南,2023-10-04,8458
2883,凱基金,22,0,22,康和-台南,2023-10-04,8458
1711,永光,20,0,20,康和-台南,2023-10-04,8458
2409,友達,25,5,20,康和-台南,2023-10-04,8458
00720B,元大投資級公司債,18,0,18,康和-台南,2023-10-04,8458
00905,FT臺灣Smart,17,0,17,康和-台南,2023-10-04,8458
2891,中信金,31,15,16,康和-台南,2023-10-04,8458
2886,兆豐金,14,0,14,康和-台南,2023-10-04,8458
00773B,中信優先金融債,12,0,12,康和-台南,2023-10-04,8458
00725B,國泰投資級公司債,11,0,11,康和-台南,2023-10-04,8458
1108,幸福,11,0,11,康和-台南,2023-10-04,8458
1605,華新,26,15,11,康和-台南,2023-10-04,8458
2609,陽明,17,6,11,康和-台南,2023-10-04,8458
2344,華邦電,10,0,10,康和-台南,2023-10-04,8458
2606,裕民,16,6,10,康和-台南,2023-10-04,8458
2838A,聯邦銀甲特,10,0,10,康和-台南,2023-10-04,8458
8147,正淩,10,0,10,康和-台南,2023-10-04,8458
1216,統一,10,0,10,康和-台南,2023-10-04,8458
00878,國泰永續高股息,10,1,9,康和-台南,2023-10-04,8458
2313,華通,13,4,9,康和-台南,2023-10-04,8458
2520,冠德,9,0,9,康和-台南,2023-10-04,8458
2330,台積電,9,1,8,康和-台南,2023-10-04,8458
2884,玉山金,8,0,8,康和-台南,2023-10-04,8458
00751B,元大AAA至A公司債,8,0,8,康和-台南,2023-10-04,8458
006208,富邦台50,8,0,8,康和-台南,2023-10-04,8458
2338,光罩,8,0,8,康和-台南,2023-10-04,8458
2547,日勝生,8,0,8,康和-台南,2023-10-04,8458
8467,波力-KY,9,1,8,康和-台南,2023-10-04,8458
5452,佶優,7,0,7,康和-台南,2023-10-04,8458
5009,榮剛,6,0,6,康和-台南,2023-10-04,8458
2880,華南金,6,0,6,康和-台南,2023-10-04,8458
3231,緯創,18,13,5,康和-台南,2023-10-04,8458
00857B,永豐20年美公債,5,0,5,康和-台南,2023-10-04,8458
2352,佳世達,5,0,5,康和-台南,2023-10-04,8458
2402,毅嘉,5,0,5,康和-台南,2023-10-04,8458
00673R,期元大S＆P原油反1,342,0,342,康和-台南,2023-10-05,8458
00712,復華富時不動產,40,0,40,康和-台南,2023-10-05,8458
2486,一詮,49,14,35,康和-台南,2023-10-05,8458
4908,前鼎,32,9,23,康和-台南,2023-10-05,8458
2606,裕民,31,10,21,康和-台南,2023-10-05,8458
2419,仲琦,19,0,19,康和-台南,2023-10-05,8458
3231,緯創,26,9,17,康和-台南,2023-10-05,8458
00929,復華台灣科技優息,60,44,16,康和-台南,2023-10-05,8458
3576,聯合再生,20,4,16,康和-台南,2023-10-05,8458
5258,虹堡,17,1,16,康和-台南,2023-10-05,8458
2382,廣達,18,6,12,康和-台南,2023-10-05,8458
00680L,元大美債20正2,11,0,11,康和-台南,2023-10-05,8458
3094,聯傑,10,0,10,康和-台南,2023-10-05,8458
6426,統新,12,4,8,康和-台南,2023-10-05,8458
4979,華星光,8,1,7,康和-台南,2023-10-05,8458
2421,建準,9,2,7,康和-台南,2023-10-05,8458
2834,臺企銀,6,0,6,康和-台南,2023-10-05,8458
1324,地球,5,0,5,康和-台南,2023-10-05,8458
2892,第一金,5,0,5,康和-台南,2023-10-05,8458
3044,健鼎,5,0,5,康和-台南,2023-10-05,8458
6285,啟��,4,0,4,康和-台南,2023-10-05,8458
1609,大亞,9,5,4,康和-台南,2023-10-05,8458
2002,中鋼,14,10,4,康和-台南,2023-10-05,8458
3276,宇環,4,0,4,康和-台南,2023-10-05,8458
3450,聯鈞,11,7,4,康和-台南,2023-10-05,8458
9919,康那香,6,2,4,康和-台南,2023-10-05,8458
9950,萬國通,4,0,4,康和-台南,2023-10-05,8458
1319,東陽,6,2,4,康和-台南,2023-10-05,8458
2364,倫飛,3,0,3,康和-台南,2023-10-05,8458
2439,美律,3,0,3,康和-台南,2023-10-05,8458
3022,威強電,3,0,3,康和-台南,2023-10-05,8458
3032,偉訓,5,2,3,康和-台南,2023-10-05,8458
3081,聯亞,3,0,3,康和-台南,2023-10-05,8458
3419,譁裕,3,0,3,康和-台南,2023-10-05,8458
4961,天鈺,3,0,3,康和-台南,2023-10-05,8458
6151,晉倫,3,0,3,康和-台南,2023-10-05,8458
6243,迅杰,3,0,3,康和-台南,2023-10-05,8458
8403,盛弘,3,0,3,康和-台南,2023-10-05,8458
9904,寶成,3,0,3,康和-台南,2023-10-05,8458
3037,欣興,3,1,2,康和-台南,2023-10-05,8458
3540,曜越,2,0,2,康和-台南,2023-10-05,8458
00679B,元大美債20年,2,0,2,康和-台南,2023-10-05,8458
00720B,元大投資級公司債,2,0,2,康和-台南,2023-10-05,8458
00931B,統一美債20年,2,0,2,康和-台南,2023-10-05,8458
1210,大成,2,0,2,康和-台南,2023-10-05,8458
1504,東元,2,0,2,康和-台南,2023-10-05,8458
2006,東和鋼鐵,2,0,2,康和-台南,2023-10-05,8458
2436,偉詮電,3,1,2,康和-台南,2023-10-05,8458
2535,達欣工,2,0,2,康和-台南,2023-10-05,8458
2637,慧洋-KY,4,2,2,康和-台南,2023-10-05,8458
00637L,元大滬深300正2,70,0,70,康和-台南,2023-10-06,8458
2618,長榮航,77,7,70,康和-台南,2023-10-06,8458
2501,國建,47,0,47,康和-台南,2023-10-06,8458
3051,力特,56,12,44,康和-台南,2023-10-06,8458
2439,美律,40,1,39,康和-台南,2023-10-06,8458
3013,晟銘電,48,11,37,康和-台南,2023-10-06,8458
3231,緯創,43,9,34,康和-台南,2023-10-06,8458
5469,瀚宇博,20,0,20,康和-台南,2023-10-06,8458
2313,華通,17,1,16,康和-台南,2023-10-06,8458
2409,友達,22,6,16,康和-台南,2023-10-06,8458
2367,燿華,15,0,15,康和-台南,2023-10-06,8458
00893,國泰智能電動車,14,0,14,康和-台南,2023-10-06,8458
3483,力致,20,6,14,康和-台南,2023-10-06,8458
6668,中揚光,12,0,12,康和-台南,2023-10-06,8458
00715L,期街口布蘭特正2,11,0,11,康和-台南,2023-10-06,8458
3036A,文曄甲特,11,0,11,康和-台南,2023-10-06,8458
8046,南電,10,0,10,康和-台南,2023-10-06,8458
8112,至上,10,0,10,康和-台南,2023-10-06,8458
1108,幸福,10,0,10,康和-台南,2023-10-06,8458
1710,東聯,10,0,10,康和-台南,2023-10-06,8458
2838A,聯邦銀甲特,10,0,10,康和-台南,2023-10-06,8458
9950,萬國通,9,0,9,康和-台南,2023-10-06,8458
8210,勤誠,21,13,8,康和-台南,2023-10-06,8458
2368,金像電,10,2,8,康和-台南,2023-10-06,8458
3673,TPK-KY,15,7,8,康和-台南,2023-10-06,8458
3715,定穎投控,27,19,8,康和-台南,2023-10-06,8458
2002,中鋼,8,0,8,康和-台南,2023-10-06,8458
8096,擎亞,7,0,7,康和-台南,2023-10-06,8458
9105,泰金寶-DR,7,0,7,康和-台南,2023-10-06,8458
2402,毅嘉,9,2,7,康和-台南,2023-10-06,8458
2355,敬鵬,6,0,6,康和-台南,2023-10-06,8458
2641,正德,10,4,6,康和-台南,2023-10-06,8458
3338,泰碩,6,0,6,康和-台南,2023-10-06,8458
6139,亞翔,6,1,5,康和-台南,2023-10-06,8458
1522,堤維西,5,0,5,康和-台南,2023-10-06,8458
5465,富驊,5,0,5,康和-台南,2023-10-06,8458
8467,波力-KY,6,1,5,康和-台南,2023-10-06,8458
1815,富喬,5,0,5,康和-台南,2023-10-06,8458
00929,復華台灣科技優息,5,0,5,康和-台南,2023-10-06,8458
00900,富邦特選高股息30,6,1,5,康和-台南,2023-10-06,8458
2356,英業達,5,1,4,康和-台南,2023-10-06,8458
00712,復華富時不動產,4,0,4,康和-台南,2023-10-06,8458
00720B,元大投資級公司債,4,0,4,康和-台南,2023-10-06,8458
3036,文曄,9,5,4,康和-台南,2023-10-06,8458
00923,群益台ESG低碳50,4,0,4,康和-台南,2023-10-06,8458
2374,佳能,4,0,4,康和-台南,2023-10-06,8458
3317,尼克森,4,0,4,康和-台南,2023-10-06,8458
3531,先益,4,0,4,康和-台南,2023-10-06,8458
6182,合晶,6,2,4,康和-台南,2023-10-06,8458
00882,中信中國高股息,4,0,4,康和-台南,2023-10-06,8458
2886,兆豐金,151,24,127,康和-台南,2023-10-11,8458
1319,東陽,88,1,87,康和-台南,2023-10-11,8458
5512,力麒,70,0,70,康和-台南,2023-10-11,8458
2618,長榮航,72,3,69,康和-台南,2023-10-11,8458
3231,緯創,66,10,56,康和-台南,2023-10-11,8458
1108,幸福,31,0,31,康和-台南,2023-10-11,8458
2606,裕民,90,60,30,康和-台南,2023-10-11,8458
2601,益航,30,0,30,康和-台南,2023-10-11,8458
3276,宇環,26,1,25,康和-台南,2023-10-11,8458
3362,先進光,25,0,25,康和-台南,2023-10-11,8458
00922,國泰台灣領袖50,20,0,20,康和-台南,2023-10-11,8458
3325,旭品,17,0,17,康和-台南,2023-10-11,8458
1519,華城,29,15,14,康和-台南,2023-10-11,8458
6197,佳必琪,15,1,14,康和-台南,2023-10-11,8458
1504,東元,13,0,13,康和-台南,2023-10-11,8458
2014,中鴻,13,0,13,康和-台南,2023-10-11,8458
6150,撼訊,13,0,13,康和-台南,2023-10-11,8458
2603,長榮,15,4,11,康和-台南,2023-10-11,8458
00637L,元大滬深300正2,11,0,11,康和-台南,2023-10-11,8458
6216,居易,15,4,11,康和-台南,2023-10-11,8458
2002,中鋼,11,0,11,康和-台南,2023-10-11,8458
2610,華航,11,0,11,康和-台南,2023-10-11,8458
1101,台泥,10,0,10,康和-台南,2023-10-11,8458
00921,兆豐龍頭等權重,10,0,10,康和-台南,2023-10-11,8458
00642U,期元大S＆P石油,10,0,10,康和-台南,2023-10-11,8458
1440,南紡,10,0,10,康和-台南,2023-10-11,8458
2634,漢翔,16,6,10,康和-台南,2023-10-11,8458
3666,光耀,10,0,10,康和-台南,2023-10-11,8458
6160,欣技,10,0,10,康和-台南,2023-10-11,8458
1210,大成,9,0,9,康和-台南,2023-10-11,8458
2405,輔信,9,0,9,康和-台南,2023-10-11,8458
5603,陸海,8,0,8,康和-台南,2023-10-11,8458
1339,昭輝,8,1,7,康和-台南,2023-10-11,8458
1710,東聯,7,0,7,康和-台南,2023-10-11,8458
2905,三商,7,0,7,康和-台南,2023-10-11,8458
2609,陽明,10,4,6,康和-台南,2023-10-11,8458
3706,神達,11,5,6,康和-台南,2023-10-11,8458
1524,耿鼎,6,0,6,康和-台南,2023-10-11,8458
2367,燿華,26,20,6,康和-台南,2023-10-11,8458
2388,威盛,9,3,6,康和-台南,2023-10-11,8458
2393,億光,6,0,6,康和-台南,2023-10-11,8458
2417,圓剛,6,0,6,康和-台南,2023-10-11,8458
3481,群創,6,0,6,康和-台南,2023-10-11,8458
2883,凱基金,5,0,5,康和-台南,2023-10-11,8458
00919,群益台灣精選高息,5,0,5,康和-台南,2023-10-11,8458
00679B,元大美債20年,5,0,5,康和-台南,2023-10-11,8458
3035,智原,33,28,5,康和-台南,2023-10-11,8458
2365,昆盈,5,0,5,康和-台南,2023-10-11,8458
3356,奇偶,5,0,5,康和-台南,2023-10-11,8458
4714,永捷,5,0,5,康和-台南,2023-10-11,8458
2886,兆豐金,250,12,238,康和-台南,2023-10-12,8458
1568,倉佑,93,0,93,康和-台南,2023-10-12,8458
5512,力麒,31,1,30,康和-台南,2023-10-12,8458
00680L,元大美債20正2,25,0,25,康和-台南,2023-10-12,8458
00929,復華台灣科技優息,22,0,22,康和-台南,2023-10-12,8458
00632R,元大台灣50反1,30,10,20,康和-台南,2023-10-12,8458
6168,宏齊,20,2,18,康和-台南,2023-10-12,8458
2382,廣達,29,12,17,康和-台南,2023-10-12,8458
6156,松上,16,1,15,康和-台南,2023-10-12,8458
3325,旭品,20,8,12,康和-台南,2023-10-12,8458
1717,長興,12,1,11,康和-台南,2023-10-12,8458
3576,聯合再生,11,0,11,康和-台南,2023-10-12,8458
00888,永豐台灣ESG,10,0,10,康和-台南,2023-10-12,8458
00642U,期元大S＆P石油,10,0,10,康和-台南,2023-10-12,8458
00931B,統一美債20年,10,0,10,康和-台南,2023-10-12,8458
1307,三芳,10,0,10,康和-台南,2023-10-12,8458
3060,銘異,10,0,10,康和-台南,2023-10-12,8458
3078,僑威,12,2,10,康和-台南,2023-10-12,8458
8150,南茂,12,2,10,康和-台南,2023-10-12,8458
3036,文曄,16,7,9,康和-台南,2023-10-12,8458
8222,寶一,8,1,7,康和-台南,2023-10-12,8458
3234,光環,11,5,6,康和-台南,2023-10-12,8458
3450,聯鈞,8,2,6,康和-台南,2023-10-12,8458
6121,新普,6,0,6,康和-台南,2023-10-12,8458
1339,昭輝,6,1,5,康和-台南,2023-10-12,8458
2316,楠梓電,5,0,5,康和-台南,2023-10-12,8458
2329,華泰,43,38,5,康和-台南,2023-10-12,8458
2360,致茂,5,0,5,康和-台南,2023-10-12,8458
3694,海華,5,0,5,康和-台南,2023-10-12,8458
4906,正文,5,0,5,康和-台南,2023-10-12,8458
6190,萬泰科,5,0,5,康和-台南,2023-10-12,8458
8093,保銳,5,0,5,康和-台南,2023-10-12,8458
9105,泰金寶-DR,5,0,5,康和-台南,2023-10-12,8458
9950,萬國通,5,0,5,康和-台南,2023-10-12,8458
1444,力麗,6,1,5,康和-台南,2023-10-12,8458
1710,東聯,4,0,4,康和-台南,2023-10-12,8458
1776,展宇,4,0,4,康和-台南,2023-10-12,8458
2486,一詮,9,5,4,康和-台南,2023-10-12,8458
4916,事欣科,5,1,4,康和-台南,2023-10-12,8458
8942,森鉅,4,0,4,康和-台南,2023-10-12,8458
2356,英業達,9,6,3,康和-台南,2023-10-12,8458
1723,中碳,3,0,3,康和-台南,2023-10-12,8458
2314,台揚,3,0,3,康和-台南,2023-10-12,8458
2359,所羅門,3,0,3,康和-台南,2023-10-12,8458
2417,圓剛,3,0,3,康和-台南,2023-10-12,8458
2634,漢翔,3,0,3,康和-台南,2023-10-12,8458
3032,偉訓,6,3,3,康和-台南,2023-10-12,8458
3324,雙鴻,3,0,3,康和-台南,2023-10-12,8458
3346,麗清,4,1,3,康和-台南,2023-10-12,8458
5285,界霖,3,0,3,康和-台南,2023-10-12,8458
1108,幸福,80,0,80,康和-台南,2023-10-13,8458
00922,國泰台灣領袖50,55,0,55,康和-台南,2023-10-13,8458
2888,新光金,60,6,54,康和-台南,2023-10-13,8458
2365,昆盈,50,0,50,康和-台南,2023-10-13,8458
1568,倉佑,52,3,49,康和-台南,2023-10-13,8458
1319,東陽,62,21,41,康和-台南,2023-10-13,8458
3025,星通,43,3,40,康和-台南,2023-10-13,8458
2881,富邦金,32,0,32,康和-台南,2023-10-13,8458
00929,復華台灣科技優息,32,0,32,康和-台南,2023-10-13,8458
3231,緯創,34,5,29,康和-台南,2023-10-13,8458
8112,至上,29,0,29,康和-台南,2023-10-13,8458
9902,台火,28,0,28,康和-台南,2023-10-13,8458
3078,僑威,30,4,26,康和-台南,2023-10-13,8458
1101,台泥,24,0,24,康和-台南,2023-10-13,8458
2201,裕隆,77,54,23,康和-台南,2023-10-13,8458
1710,東聯,20,0,20,康和-台南,2023-10-13,8458
2382,廣達,41,23,18,康和-台南,2023-10-13,8458
2233,宇隆,18,2,16,康和-台南,2023-10-13,8458
5347,世界,21,5,16,康和-台南,2023-10-13,8458
00931B,統一美債20年,15,0,15,康和-台南,2023-10-13,8458
3576,聯合再生,13,0,13,康和-台南,2023-10-13,8458
6442,光聖,13,0,13,康和-台南,2023-10-13,8458
3390,旭軟,12,0,12,康和-台南,2023-10-13,8458
3325,旭品,14,3,11,康和-台南,2023-10-13,8458
1815,富喬,11,0,11,康和-台南,2023-10-13,8458
5608,四維航,71,60,11,康和-台南,2023-10-13,8458
2340,台亞,10,0,10,康和-台南,2023-10-13,8458
2606,裕民,42,32,10,康和-台南,2023-10-13,8458
2913,農林,10,0,10,康和-台南,2023-10-13,8458
6139,亞翔,11,1,10,康和-台南,2023-10-13,8458
6216,居易,10,0,10,康和-台南,2023-10-13,8458
8201,無敵,10,0,10,康和-台南,2023-10-13,8458
2376,技嘉,12,3,9,康和-台南,2023-10-13,8458
2610,華航,9,0,9,康和-台南,2023-10-13,8458
2363,矽統,93,84,9,康和-台南,2023-10-13,8458
2449,京元電子,10,2,8,康和-台南,2023-10-13,8458
00878,國泰永續高股息,15,7,8,康和-台南,2023-10-13,8458
2301,光寶科,11,4,7,康和-台南,2023-10-13,8458
3715,定穎投控,10,4,6,康和-台南,2023-10-13,8458
3675,德微,6,0,6,康和-台南,2023-10-13,8458
6274,台燿,9,3,6,康和-台南,2023-10-13,8458
8996,高力,6,0,6,康和-台南,2023-10-13,8458
3037,欣興,5,0,5,康和-台南,2023-10-13,8458
00637L,元大滬深300正2,5,0,5,康和-台南,2023-10-13,8458
1609,大亞,5,0,5,康和-台南,2023-10-13,8458
2104,國際中橡,5,0,5,康和-台南,2023-10-13,8458
2106,建大,5,0,5,康和-台南,2023-10-13,8458
4906,正文,5,0,5,康和-台南,2023-10-13,8458
6136,富爾特,5,0,5,康和-台南,2023-10-13,8458
9904,寶成,5,0,5,康和-台南,2023-10-13,8458
00631L,元大台灣50正2,400,55,345,康和-台南,2023-10-16,8458
2618,長榮航,250,3,247,康和-台南,2023-10-16,8458
2515,中工,207,17,190,康和-台南,2023-10-16,8458
1568,倉佑,170,1,169,康和-台南,2023-10-16,8458
1314,中石化,203,38,165,康和-台南,2023-10-16,8458
5608,四維航,120,0,120,康和-台南,2023-10-16,8458
1905,華紙,86,6,80,康和-台南,2023-10-16,8458
2344,華邦電,88,9,79,康和-台南,2023-10-16,8458
00642U,期元大S＆P石油,55,0,55,康和-台南,2023-10-16,8458
3276,宇環,25,0,25,康和-台南,2023-10-16,8458
2363,矽統,91,66,25,康和-台南,2023-10-16,8458
4908,前鼎,29,7,22,康和-台南,2023-10-16,8458
6139,亞翔,22,0,22,康和-台南,2023-10-16,8458
2324,仁寶,20,0,20,康和-台南,2023-10-16,8458
2340,台亞,20,0,20,康和-台南,2023-10-16,8458
0056,元大高股息,15,0,15,康和-台南,2023-10-16,8458
00795B,中信美國公債20年,15,0,15,康和-台南,2023-10-16,8458
1609,大亞,23,10,13,康和-台南,2023-10-16,8458
3706,神達,14,2,12,康和-台南,2023-10-16,8458
3491,昇達科,12,0,12,康和-台南,2023-10-16,8458
5521,工信,12,0,12,康和-台南,2023-10-16,8458
6274,台燿,16,4,12,康和-台南,2023-10-16,8458
00751B,元大AAA至A公司債,41,30,11,康和-台南,2023-10-16,8458
2301,光寶科,12,1,11,康和-台南,2023-10-16,8458
3380,明泰,12,1,11,康和-台南,2023-10-16,8458
6120,達運,13,2,11,康和-台南,2023-10-16,8458
3390,旭軟,12,2,10,康和-台南,2023-10-16,8458
8093,保銳,10,0,10,康和-台南,2023-10-16,8458
00919,群益台灣精選高息,9,0,9,康和-台南,2023-10-16,8458
6125,廣運,9,0,9,康和-台南,2023-10-16,8458
8996,高力,11,3,8,康和-台南,2023-10-16,8458
6284,佳邦,7,0,7,康和-台南,2023-10-16,8458
2610,華航,8,2,6,康和-台南,2023-10-16,8458
00720B,元大投資級公司債,6,0,6,康和-台南,2023-10-16,8458
2634,漢翔,12,6,6,康和-台南,2023-10-16,8458
5309,系統電,6,0,6,康和-台南,2023-10-16,8458
8210,勤誠,9,3,6,康和-台南,2023-10-16,8458
2355,敬鵬,5,0,5,康和-台南,2023-10-16,8458
00679B,元大美債20年,5,0,5,康和-台南,2023-10-16,8458
8112,至上,5,0,5,康和-台南,2023-10-16,8458
1303,南亞,5,0,5,康和-台南,2023-10-16,8458
00632R,元大台灣50反1,5,0,5,康和-台南,2023-10-16,8458
00932,兆豐永續高息等權,5,0,5,康和-台南,2023-10-16,8458
2382,廣達,11,6,5,康和-台南,2023-10-16,8458
4503,金雨,10,5,5,康和-台南,2023-10-16,8458
8011,台通,5,0,5,康和-台南,2023-10-16,8458
8064,東捷,5,0,5,康和-台南,2023-10-16,8458
3481,群創,5,1,4,康和-台南,2023-10-16,8458
00922,國泰台灣領袖50,5,1,4,康和-台南,2023-10-16,8458
2002,中鋼,4,0,4,康和-台南,2023-10-16,8458
2618,長榮航,137,1,136,康和-台南,2023-10-17,8458
3231,緯創,98,32,66,康和-台南,2023-10-17,8458
3078,僑威,34,2,32,康和-台南,2023-10-17,8458
0056,元大高股息,30,1,29,康和-台南,2023-10-17,8458
1609,大亞,29,4,25,康和-台南,2023-10-17,8458
1440,南紡,28,5,23,康和-台南,2023-10-17,8458
3704,合勤控,24,2,22,康和-台南,2023-10-17,8458
00687B,國泰20年美債,21,0,21,康和-台南,2023-10-17,8458
00929,復華台灣科技優息,21,0,21,康和-台南,2023-10-17,8458
2888,新光金,20,0,20,康和-台南,2023-10-17,8458
3260,威剛,23,3,20,康和-台南,2023-10-17,8458
3701,大眾控,21,1,20,康和-台南,2023-10-17,8458
00878,國泰永續高股息,17,0,17,康和-台南,2023-10-17,8458
1568,倉佑,27,11,16,康和-台南,2023-10-17,8458
6139,亞翔,16,0,16,康和-台南,2023-10-17,8458
6664,群翊,15,0,15,康和-台南,2023-10-17,8458
2201,裕隆,15,2,13,康和-台南,2023-10-17,8458
8996,高力,12,1,11,康和-台南,2023-10-17,8458
1504,東元,10,0,10,康和-台南,2023-10-17,8458
1584,精剛,10,0,10,康和-台南,2023-10-17,8458
3694,海華,10,0,10,康和-台南,2023-10-17,8458
6016,康和證,10,0,10,康和-台南,2023-10-17,8458
9955,佳龍,17,7,10,康和-台南,2023-10-17,8458
1513,中興電,9,1,8,康和-台南,2023-10-17,8458
3481,群創,8,0,8,康和-台南,2023-10-17,8458
2610,華航,9,1,8,康和-台南,2023-10-17,8458
3029,零壹,9,1,8,康和-台南,2023-10-17,8458
00751B,元大AAA至A公司債,7,0,7,康和-台南,2023-10-17,8458
2891,中信金,7,0,7,康和-台南,2023-10-17,8458
6288,聯嘉,7,0,7,康和-台南,2023-10-17,8458
00922,國泰台灣領袖50,6,0,6,康和-台南,2023-10-17,8458
2104,國際中橡,6,0,6,康和-台南,2023-10-17,8458
2352,佳世達,6,0,6,康和-台南,2023-10-17,8458
4746,台耀,6,0,6,康和-台南,2023-10-17,8458
8227,巨有科技,14,8,6,康和-台南,2023-10-17,8458
2301,光寶科,9,4,5,康和-台南,2023-10-17,8458
1210,大成,5,0,5,康和-台南,2023-10-17,8458
2002,中鋼,5,0,5,康和-台南,2023-10-17,8458
2105,正新,5,0,5,康和-台南,2023-10-17,8458
2425,承啟,5,0,5,康和-台南,2023-10-17,8458
2889,國票金,5,0,5,康和-台南,2023-10-17,8458
3276,宇環,9,4,5,康和-台南,2023-10-17,8458
8064,東捷,5,0,5,康和-台南,2023-10-17,8458
8390,金益鼎,5,0,5,康和-台南,2023-10-17,8458
8942,森鉅,5,0,5,康和-台南,2023-10-17,8458
00893,國泰智能電動車,4,0,4,康和-台南,2023-10-17,8458
3227,原相,4,0,4,康和-台南,2023-10-17,8458
5234,達興材料,4,0,4,康和-台南,2023-10-17,8458
5443,均豪,4,0,4,康和-台南,2023-10-17,8458
6213,聯茂,4,0,4,康和-台南,2023-10-17,8458
00631L,元大台灣50正2,600,0,600,康和-台南,2023-10-18,8458
2883,凱基金,452,0,452,康和-台南,2023-10-18,8458
00680L,元大美債20正2,206,0,206,康和-台南,2023-10-18,8458
00922,國泰台灣領袖50,144,0,144,康和-台南,2023-10-18,8458
2610,華航,110,13,97,康和-台南,2023-10-18,8458
6168,宏齊,95,22,73,康和-台南,2023-10-18,8458
2515,中工,55,2,53,康和-台南,2023-10-18,8458
00878,國泰永續高股息,60,12,48,康和-台南,2023-10-18,8458
0056,元大高股息,43,0,43,康和-台南,2023-10-18,8458
4908,前鼎,43,3,40,康和-台南,2023-10-18,8458
1314,中石化,51,20,31,康和-台南,2023-10-18,8458
00929,復華台灣科技優息,27,0,27,康和-台南,2023-10-18,8458
3037,欣興,28,1,27,康和-台南,2023-10-18,8458
1609,大亞,27,0,27,康和-台南,2023-10-18,8458
2352,佳世達,27,0,27,康和-台南,2023-10-18,8458
2369,菱生,24,2,22,康和-台南,2023-10-18,8458
2312,金寶,20,0,20,康和-台南,2023-10-18,8458
2324,仁寶,35,15,20,康和-台南,2023-10-18,8458
2367,燿華,22,2,20,康和-台南,2023-10-18,8458
9938,百和,20,0,20,康和-台南,2023-10-18,8458
2338,光罩,19,1,18,康和-台南,2023-10-18,8458
2002,中鋼,19,3,16,康和-台南,2023-10-18,8458
3078,僑威,16,1,15,康和-台南,2023-10-18,8458
2363,矽統,61,47,14,康和-台南,2023-10-18,8458
1815,富喬,20,8,12,康和-台南,2023-10-18,8458
2330,台積電,12,1,11,康和-台南,2023-10-18,8458
2105,正新,11,0,11,康和-台南,2023-10-18,8458
5351,鈺創,11,0,11,康和-台南,2023-10-18,8458
00888,永豐台灣ESG,10,0,10,康和-台南,2023-10-18,8458
1736,喬山,10,0,10,康和-台南,2023-10-18,8458
2332,友訊,10,0,10,康和-台南,2023-10-18,8458
2449,京元電子,11,1,10,康和-台南,2023-10-18,8458
2882,國泰金,10,0,10,康和-台南,2023-10-18,8458
3576,聯合再生,45,35,10,康和-台南,2023-10-18,8458
6104,創惟,13,3,10,康和-台南,2023-10-18,8458
9955,佳龍,21,11,10,康和-台南,2023-10-18,8458
2313,華通,12,3,9,康和-台南,2023-10-18,8458
2340,台亞,10,1,9,康和-台南,2023-10-18,8458
2618,長榮航,11,2,9,康和-台南,2023-10-18,8458
3715,定穎投控,36,27,9,康和-台南,2023-10-18,8458
3706,神達,8,0,8,康和-台南,2023-10-18,8458
2388,威盛,26,18,8,康和-台南,2023-10-18,8458
00919,群益台灣精選高息,8,0,8,康和-台南,2023-10-18,8458
2344,華邦電,13,5,8,康和-台南,2023-10-18,8458
1440,南紡,35,28,7,康和-台南,2023-10-18,8458
00893,國泰智能電動車,6,0,6,康和-台南,2023-10-18,8458
2371,大同,6,0,6,康和-台南,2023-10-18,8458
4951,精拓科,6,0,6,康和-台南,2023-10-18,8458
2010,春源,5,0,5,康和-台南,2023-10-18,8458
2104,國際中橡,5,0,5,康和-台南,2023-10-18,8458
0056,元大高股息,95,4,91,康和-台南,2023-10-19,8458
00931B,統一美債20年,82,0,82,康和-台南,2023-10-19,8458
00753L,中信中國50正2,52,0,52,康和-台南,2023-10-19,8458
2892,第一金,51,0,51,康和-台南,2023-10-19,8458
1524,耿鼎,43,1,42,康和-台南,2023-10-19,8458
00878,國泰永續高股息,37,7,30,康和-台南,2023-10-19,8458
1101,台泥,30,1,29,康和-台南,2023-10-19,8458
2885,元大金,26,0,26,康和-台南,2023-10-19,8458
2888,新光金,42,20,22,康和-台南,2023-10-19,8458
2405,輔信,18,0,18,康和-台南,2023-10-19,8458
9950,萬國通,18,0,18,康和-台南,2023-10-19,8458
00751B,元大AAA至A公司債,16,0,16,康和-台南,2023-10-19,8458
1762,中化生,15,0,15,康和-台南,2023-10-19,8458
8016,矽創,14,0,14,康和-台南,2023-10-19,8458
00679B,元大美債20年,12,0,12,康和-台南,2023-10-19,8458
1504,東元,21,10,11,康和-台南,2023-10-19,8458
6269,台郡,11,0,11,康和-台南,2023-10-19,8458
8093,保銳,11,0,11,康和-台南,2023-10-19,8458
3481,群創,25,15,10,康和-台南,2023-10-19,8458
1522,堤維西,17,7,10,康和-台南,2023-10-19,8458
2239,英利-KY,10,0,10,康和-台南,2023-10-19,8458
2368,金像電,15,5,10,康和-台南,2023-10-19,8458
2375,凱美,10,0,10,康和-台南,2023-10-19,8458
2472,立隆電,10,0,10,康和-台南,2023-10-19,8458
5243,乙盛-KY,10,0,10,康和-台南,2023-10-19,8458
8024,佑華,10,0,10,康和-台南,2023-10-19,8458
8050,廣積,10,0,10,康和-台南,2023-10-19,8458
2812,台中銀,10,1,9,康和-台南,2023-10-19,8458
2331,精英,9,0,9,康和-台南,2023-10-19,8458
00795B,中信美國公債20年,8,0,8,康和-台南,2023-10-19,8458
1904,正隆,8,0,8,康和-台南,2023-10-19,8458
00929,復華台灣科技優息,7,0,7,康和-台南,2023-10-19,8458
00712,復華富時不動產,7,0,7,康和-台南,2023-10-19,8458
00893,國泰智能電動車,7,0,7,康和-台南,2023-10-19,8458
6257,矽格,11,4,7,康和-台南,2023-10-19,8458
6770,力積電,6,0,6,康和-台南,2023-10-19,8458
00919,群益台灣精選高息,6,0,6,康和-台南,2023-10-19,8458
00720B,元大投資級公司債,6,0,6,康和-台南,2023-10-19,8458
2354,鴻準,6,0,6,康和-台南,2023-10-19,8458
00722B,群益投資級電信債,6,0,6,康和-台南,2023-10-19,8458
1305,華夏,6,0,6,康和-台南,2023-10-19,8458
00881,國泰台灣5G+,7,1,6,康和-台南,2023-10-19,8458
2610,華航,9,3,6,康和-台南,2023-10-19,8458
00922,國泰台灣領袖50,5,0,5,康和-台南,2023-10-19,8458
2317,鴻海,6,1,5,康和-台南,2023-10-19,8458
1316,上曜,5,0,5,康和-台南,2023-10-19,8458
1303,南亞,5,0,5,康和-台南,2023-10-19,8458
00932,兆豐永續高息等權,5,0,5,康和-台南,2023-10-19,8458
00857B,永豐20年美公債,5,0,5,康和-台南,2023-10-19,8458
2486,一詮,5,0,5,康和-台南,2023-10-19,8458
2892,第一金,150,0,150,康和-台南,2023-10-20,8458
00893,國泰智能電動車,100,0,100,康和-台南,2023-10-20,8458
2606,裕民,62,0,62,康和-台南,2023-10-20,8458
2886,兆豐金,62,0,62,康和-台南,2023-10-20,8458
00631L,元大台灣50正2,159,100,59,康和-台南,2023-10-20,8458
00642U,期元大S＆P石油,32,2,30,康和-台南,2023-10-20,8458
2365,昆盈,35,5,30,康和-台南,2023-10-20,8458
9955,佳龍,30,1,29,康和-台南,2023-10-20,8458
2002,中鋼,28,1,27,康和-台南,2023-10-20,8458
00878,國泰永續高股息,28,6,22,康和-台南,2023-10-20,8458
2344,華邦電,22,0,22,康和-台南,2023-10-20,8458
00753L,中信中國50正2,20,0,20,康和-台南,2023-10-20,8458
2337,旺宏,30,10,20,康和-台南,2023-10-20,8458
00712,復華富時不動產,19,0,19,康和-台南,2023-10-20,8458
6202,盛群,17,0,17,康和-台南,2023-10-20,8458
6770,力積電,21,5,16,康和-台南,2023-10-20,8458
4908,前鼎,45,30,15,康和-台南,2023-10-20,8458
2883,凱基金,13,0,13,康和-台南,2023-10-20,8458
2881,富邦金,12,0,12,康和-台南,2023-10-20,8458
00902,中信電池及儲能,12,0,12,康和-台南,2023-10-20,8458
1522,堤維西,16,4,12,康和-台南,2023-10-20,8458
3094,聯傑,16,4,12,康和-台南,2023-10-20,8458
00919,群益台灣精選高息,11,0,11,康和-台南,2023-10-20,8458
0050,元大台灣50,10,0,10,康和-台南,2023-10-20,8458
1605,華新,10,0,10,康和-台南,2023-10-20,8458
0056,元大高股息,10,1,9,康和-台南,2023-10-20,8458
3583,辛耘,10,2,8,康和-台南,2023-10-20,8458
6235,華孚,8,0,8,康和-台南,2023-10-20,8458
00929,復華台灣科技優息,27,20,7,康和-台南,2023-10-20,8458
2201,裕隆,7,0,7,康和-台南,2023-10-20,8458
6282,康舒,7,0,7,康和-台南,2023-10-20,8458
9907,統一實,7,0,7,康和-台南,2023-10-20,8458
2603,長榮,6,0,6,康和-台南,2023-10-20,8458
1440,南紡,6,0,6,康和-台南,2023-10-20,8458
2101,南港,6,0,6,康和-台南,2023-10-20,8458
4915,致伸,6,0,6,康和-台南,2023-10-20,8458
5353,台林,6,0,6,康和-台南,2023-10-20,8458
2382,廣達,22,16,6,康和-台南,2023-10-20,8458
2891,中信金,15,10,5,康和-台南,2023-10-20,8458
2885,元大金,20,15,5,康和-台南,2023-10-20,8458
00907,永豐優息存股,5,0,5,康和-台南,2023-10-20,8458
1736,喬山,5,0,5,康和-台南,2023-10-20,8458
2204,中華,5,0,5,康和-台南,2023-10-20,8458
2409,友達,5,0,5,康和-台南,2023-10-20,8458
3325,旭品,8,3,5,康和-台南,2023-10-20,8458
4190,佐登-KY,5,0,5,康和-台南,2023-10-20,8458
5272,笙科,5,0,5,康和-台南,2023-10-20,8458
6283,淳安,5,0,5,康和-台南,2023-10-20,8458
00687B,國泰20年美債,4,0,4,康和-台南,2023-10-20,8458
1711,永光,4,0,4,康和-台南,2023-10-20,8458
00631L,元大台灣50正2,501,0,501,康和-台南,2023-10-23,8458
00893,國泰智能電動車,50,0,50,康和-台南,2023-10-23,8458
00929,復華台灣科技優息,52,4,48,康和-台南,2023-10-23,8458
2891,中信金,39,0,39,康和-台南,2023-10-23,8458
3051,力特,60,25,35,康和-台南,2023-10-23,8458
3481,群創,33,0,33,康和-台南,2023-10-23,8458
6770,力積電,25,1,24,康和-台南,2023-10-23,8458
00712,復華富時不動產,22,2,20,康和-台南,2023-10-23,8458
2883,凱基金,20,0,20,康和-台南,2023-10-23,8458
3701,大眾控,20,1,19,康和-台南,2023-10-23,8458
2317,鴻海,24,8,16,康和-台南,2023-10-23,8458
6901,鑽石投資,17,2,15,康和-台南,2023-10-23,8458
2886,兆豐金,14,0,14,康和-台南,2023-10-23,8458
2330,台積電,13,0,13,康和-台南,2023-10-23,8458
6668,中揚光,13,0,13,康和-台南,2023-10-23,8458
3704,合勤控,13,1,12,康和-台南,2023-10-23,8458
2363,矽統,26,16,10,康和-台南,2023-10-23,8458
1603,華電,10,0,10,康和-台南,2023-10-23,8458
2025,千興,10,0,10,康和-台南,2023-10-23,8458
2812,台中銀,10,0,10,康和-台南,2023-10-23,8458
2915,潤泰全,10,0,10,康和-台南,2023-10-23,8458
6156,松上,10,0,10,康和-台南,2023-10-23,8458
8016,矽創,10,0,10,康和-台南,2023-10-23,8458
2630,亞航,10,0,10,康和-台南,2023-10-23,8458
00753L,中信中國50正2,8,0,8,康和-台南,2023-10-23,8458
1524,耿鼎,9,1,8,康和-台南,2023-10-23,8458
2204,中華,8,0,8,康和-台南,2023-10-23,8458
8227,巨有科技,8,0,8,康和-台南,2023-10-23,8458
00931B,統一美債20年,6,0,6,康和-台南,2023-10-23,8458
00642U,期元大S＆P石油,30,24,6,康和-台南,2023-10-23,8458
006208,富邦台50,6,0,6,康和-台南,2023-10-23,8458
00881,國泰台灣5G+,6,0,6,康和-台南,2023-10-23,8458
00932,兆豐永續高息等權,5,0,5,康和-台南,2023-10-23,8458
2344,華邦電,5,0,5,康和-台南,2023-10-23,8458
2421,建準,7,2,5,康和-台南,2023-10-23,8458
2882,國泰金,5,0,5,康和-台南,2023-10-23,8458
8176,智捷,5,0,5,康和-台南,2023-10-23,8458
1101,台泥,5,0,5,康和-台南,2023-10-23,8458
00919,群益台灣精選高息,4,0,4,康和-台南,2023-10-23,8458
2308,台達電,4,0,4,康和-台南,2023-10-23,8458
00922,國泰台灣領袖50,4,0,4,康和-台南,2023-10-23,8458
1723,中碳,4,0,4,康和-台南,2023-10-23,8458
2605,新興,5,1,4,康和-台南,2023-10-23,8458
2753,八方雲集,5,1,4,康和-台南,2023-10-23,8458
2881,富邦金,4,0,4,康和-台南,2023-10-23,8458
2002,中鋼,4,0,4,康和-台南,2023-10-23,8458
3037,欣興,3,0,3,康和-台南,2023-10-23,8458
2634,漢翔,4,1,3,康和-台南,2023-10-23,8458
8150,南茂,4,1,3,康和-台南,2023-10-23,8458
00923,群益台ESG低碳50,2,0,2,康和-台南,2023-10-23,8458
00893,國泰智能電動車,301,0,301,康和-台南,2023-10-24,8458
2303,聯電,160,2,158,康和-台南,2023-10-24,8458
00642U,期元大S＆P石油,50,0,50,康和-台南,2023-10-24,8458
2883,凱基金,47,0,47,康和-台南,2023-10-24,8458
2337,旺宏,32,0,32,康和-台南,2023-10-24,8458
2888,新光金,30,0,30,康和-台南,2023-10-24,8458
2317,鴻海,29,0,29,康和-台南,2023-10-24,8458
00919,群益台灣精選高息,26,1,25,康和-台南,2023-10-24,8458
2885,元大金,25,0,25,康和-台南,2023-10-24,8458
2887,台新金,22,0,22,康和-台南,2023-10-24,8458
4960,誠美材,27,7,20,康和-台南,2023-10-24,8458
4979,華星光,38,20,18,康和-台南,2023-10-24,8458
00929,復華台灣科技優息,26,10,16,康和-台南,2023-10-24,8458
2368,金像電,20,5,15,康和-台南,2023-10-24,8458
6139,亞翔,17,2,15,康和-台南,2023-10-24,8458
3481,群創,25,11,14,康和-台南,2023-10-24,8458
2344,華邦電,14,0,14,康和-台南,2023-10-24,8458
2002,中鋼,13,0,13,康和-台南,2023-10-24,8458
2882,國泰金,13,0,13,康和-台南,2023-10-24,8458
1471,首利,11,0,11,康和-台南,2023-10-24,8458
1721,三晃,15,4,11,康和-台南,2023-10-24,8458
6901,鑽石投資,10,0,10,康和-台南,2023-10-24,8458
00712,復華富時不動產,13,3,10,康和-台南,2023-10-24,8458
1504,東元,10,0,10,康和-台南,2023-10-24,8458
2014,中鴻,10,0,10,康和-台南,2023-10-24,8458
2371,大同,11,1,10,康和-台南,2023-10-24,8458
2324,仁寶,20,11,9,康和-台南,2023-10-24,8458
6770,力積電,15,6,9,康和-台南,2023-10-24,8458
2352,佳世達,8,0,8,康和-台南,2023-10-24,8458
3583,辛耘,8,0,8,康和-台南,2023-10-24,8458
3231,緯創,23,15,8,康和-台南,2023-10-24,8458
2884,玉山金,7,0,7,康和-台南,2023-10-24,8458
2367,燿華,7,0,7,康和-台南,2023-10-24,8458
2388,威盛,9,2,7,康和-台南,2023-10-24,8458
3715,定穎投控,16,10,6,康和-台南,2023-10-24,8458
1710,東聯,5,0,5,康和-台南,2023-10-24,8458
3338,泰碩,5,0,5,康和-台南,2023-10-24,8458
3666,光耀,10,5,5,康和-台南,2023-10-24,8458
6202,盛群,6,1,5,康和-台南,2023-10-24,8458
6432,今展科,5,0,5,康和-台南,2023-10-24,8458
6443,元晶,7,2,5,康和-台南,2023-10-24,8458
6530,創威,5,0,5,康和-台南,2023-10-24,8458
8024,佑華,7,2,5,康和-台南,2023-10-24,8458
4533,協易機,5,0,5,康和-台南,2023-10-24,8458
0056,元大高股息,5,0,5,康和-台南,2023-10-24,8458
2881,富邦金,4,0,4,康和-台南,2023-10-24,8458
3548,兆利,5,1,4,康和-台南,2023-10-24,8458
1301,台塑,4,0,4,康和-台南,2023-10-24,8458
00931B,統一美債20年,4,0,4,康和-台南,2023-10-24,8458
2204,中華,5,1,4,康和-台南,2023-10-24,8458
2883,凱基金,106,0,106,康和-台南,2023-10-25,8458
1568,倉佑,88,5,83,康和-台南,2023-10-25,8458
2888,新光金,80,0,80,康和-台南,2023-10-25,8458
2892,第一金,50,0,50,康和-台南,2023-10-25,8458
3013,晟銘電,45,10,35,康和-台南,2023-10-25,8458
4908,前鼎,46,11,35,康和-台南,2023-10-25,8458
1618,合機,32,2,30,康和-台南,2023-10-25,8458
2331,精英,31,1,30,康和-台南,2023-10-25,8458
2801,彰銀,30,0,30,康和-台南,2023-10-25,8458
2427,三商電,37,8,29,康和-台南,2023-10-25,8458
2486,一詮,25,1,24,康和-台南,2023-10-25,8458
3450,聯鈞,30,8,22,康和-台南,2023-10-25,8458
2408,南亞科,21,1,20,康和-台南,2023-10-25,8458
4960,誠美材,38,18,20,康和-台南,2023-10-25,8458
00720B,元大投資級公司債,18,0,18,康和-台南,2023-10-25,8458
3032,偉訓,18,0,18,康和-台南,2023-10-25,8458
9955,佳龍,16,0,16,康和-台南,2023-10-25,8458
2886,兆豐金,18,4,14,康和-台南,2023-10-25,8458
3704,合勤控,35,21,14,康和-台南,2023-10-25,8458
00680L,元大美債20正2,31,20,11,康和-台南,2023-10-25,8458
2014,中鴻,10,0,10,康和-台南,2023-10-25,8458
2421,建準,10,0,10,康和-台南,2023-10-25,8458
2812,台中銀,10,0,10,康和-台南,2023-10-25,8458
3535,晶彩科,10,0,10,康和-台南,2023-10-25,8458
5258,虹堡,13,3,10,康和-台南,2023-10-25,8458
6901,鑽石投資,9,0,9,康和-台南,2023-10-25,8458
8110,華東,10,1,9,康和-台南,2023-10-25,8458
1436,華友聯,8,0,8,康和-台南,2023-10-25,8458
1101,台泥,8,0,8,康和-台南,2023-10-25,8458
2329,華泰,9,1,8,康和-台南,2023-10-25,8458
2905,三商,10,2,8,康和-台南,2023-10-25,8458
3044,健鼎,7,0,7,康和-台南,2023-10-25,8458
3231,緯創,22,15,7,康和-台南,2023-10-25,8458
8112,至上,7,0,7,康和-台南,2023-10-25,8458
1815,富喬,10,3,7,康和-台南,2023-10-25,8458
00712,復華富時不動產,8,2,6,康和-台南,2023-10-25,8458
2317,鴻海,11,5,6,康和-台南,2023-10-25,8458
2891,中信金,6,0,6,康和-台南,2023-10-25,8458
4503,金雨,6,0,6,康和-台南,2023-10-25,8458
0056,元大高股息,5,0,5,康和-台南,2023-10-25,8458
1303,南亞,5,0,5,康和-台南,2023-10-25,8458
00753L,中信中國50正2,5,0,5,康和-台南,2023-10-25,8458
00857B,永豐20年美公債,5,0,5,康和-台南,2023-10-25,8458
00891,中信關鍵半導體,30,25,5,康和-台南,2023-10-25,8458
2359,所羅門,5,0,5,康和-台南,2023-10-25,8458
2436,偉詮電,7,2,5,康和-台南,2023-10-25,8458
2458,義隆,6,1,5,康和-台南,2023-10-25,8458
2485,兆赫,5,0,5,康和-台南,2023-10-25,8458
2887,台新金,5,0,5,康和-台南,2023-10-25,8458
3234,光環,5,0,5,康和-台南,2023-10-25,8458
1568,倉佑,155,2,153,康和-台南,2023-10-26,8458
00631L,元大台灣50正2,300,157,143,康和-台南,2023-10-26,8458
2303,聯電,116,3,113,康和-台南,2023-10-26,8458
2344,華邦電,87,5,82,康和-台南,2023-10-26,8458
6770,力積電,71,5,66,康和-台南,2023-10-26,8458
2892,第一金,62,0,62,康和-台南,2023-10-26,8458
00929,復華台灣科技優息,129,70,59,康和-台南,2023-10-26,8458
2888,新光金,125,70,55,康和-台南,2023-10-26,8458
00893,國泰智能電動車,52,0,52,康和-台南,2023-10-26,8458
2886,兆豐金,42,0,42,康和-台南,2023-10-26,8458
5608,四維航,35,0,35,康和-台南,2023-10-26,8458
2606,裕民,33,0,33,康和-台南,2023-10-26,8458
3052,夆典,30,0,30,康和-台南,2023-10-26,8458
1721,三晃,47,18,29,康和-台南,2023-10-26,8458
00891,中信關鍵半導體,22,0,22,康和-台南,2023-10-26,8458
2883,凱基金,20,0,20,康和-台南,2023-10-26,8458
006208,富邦台50,20,0,20,康和-台南,2023-10-26,8458
1314,中石化,20,0,20,康和-台南,2023-10-26,8458
2515,中工,80,60,20,康和-台南,2023-10-26,8458
00712,復華富時不動產,17,0,17,康和-台南,2023-10-26,8458
8110,華東,122,106,16,康和-台南,2023-10-26,8458
2607,榮運,14,0,14,康和-台南,2023-10-26,8458
1504,東元,13,0,13,康和-台南,2023-10-26,8458
2401,凌陽,11,0,11,康和-台南,2023-10-26,8458
1815,富喬,11,0,11,康和-台南,2023-10-26,8458
2367,燿華,11,1,10,康和-台南,2023-10-26,8458
2887,台新金,10,0,10,康和-台南,2023-10-26,8458
3346,麗清,10,0,10,康和-台南,2023-10-26,8458
6016,康和證,10,0,10,康和-台南,2023-10-26,8458
6276,安鈦克,10,0,10,康和-台南,2023-10-26,8458
00878,國泰永續高股息,12,2,10,康和-台南,2023-10-26,8458
00857B,永豐20年美公債,9,0,9,康和-台南,2023-10-26,8458
2402,毅嘉,12,3,9,康和-台南,2023-10-26,8458
4542,科嶠,9,0,9,康和-台南,2023-10-26,8458
0056,元大高股息,8,0,8,康和-台南,2023-10-26,8458
2330,台積電,9,1,8,康和-台南,2023-10-26,8458
2317,鴻海,8,1,7,康和-台南,2023-10-26,8458
1326,台化,7,0,7,康和-台南,2023-10-26,8458
2834,臺企銀,7,0,7,康和-台南,2023-10-26,8458
3706,神達,7,0,7,康和-台南,2023-10-26,8458
6719,力智,8,1,7,康和-台南,2023-10-26,8458
8210,勤誠,8,1,7,康和-台南,2023-10-26,8458
00931B,統一美債20年,6,0,6,康和-台南,2023-10-26,8458
6415,矽力*-KY,6,0,6,康和-台南,2023-10-26,8458
6274,台燿,8,3,5,康和-台南,2023-10-26,8458
00900,富邦特選高股息30,5,0,5,康和-台南,2023-10-26,8458
00885,富邦越南,5,0,5,康和-台南,2023-10-26,8458
00927,群益半導體收益,5,0,5,康和-台南,2023-10-26,8458
2313,華通,6,1,5,康和-台南,2023-10-26,8458
2458,義隆,5,0,5,康和-台南,2023-10-26,8458
00893,國泰智能電動車,100,4,96,康和-台南,2023-10-27,8458
1568,倉佑,92,0,92,康和-台南,2023-10-27,8458
2892,第一金,50,0,50,康和-台南,2023-10-27,8458
3032,偉訓,41,1,40,康和-台南,2023-10-27,8458
2317,鴻海,32,0,32,康和-台南,2023-10-27,8458
1416,廣豐,27,0,27,康和-台南,2023-10-27,8458
2367,燿華,46,21,25,康和-台南,2023-10-27,8458
00929,復華台灣科技優息,38,15,23,康和-台南,2023-10-27,8458
2883,凱基金,21,0,21,康和-台南,2023-10-27,8458
2356,英業達,22,3,19,康和-台南,2023-10-27,8458
3322,建舜電,21,2,19,康和-台南,2023-10-27,8458
2313,華通,18,0,18,康和-台南,2023-10-27,8458
2610,華航,24,7,17,康和-台南,2023-10-27,8458
1524,耿鼎,23,7,16,康和-台南,2023-10-27,8458
3094,聯傑,20,4,16,康和-台南,2023-10-27,8458
2337,旺宏,29,15,14,康和-台南,2023-10-27,8458
3055,蔚華科,12,0,12,康和-台南,2023-10-27,8458
4105,東洋,12,0,12,康和-台南,2023-10-27,8458
3481,群創,14,2,12,康和-台南,2023-10-27,8458
1522,堤維西,12,1,11,康和-台南,2023-10-27,8458
1301,台塑,10,0,10,康和-台南,2023-10-27,8458
00753L,中信中國50正2,10,0,10,康和-台南,2023-10-27,8458
00891,中信關鍵半導體,10,0,10,康和-台南,2023-10-27,8458
2338,光罩,10,0,10,康和-台南,2023-10-27,8458
2388,威盛,15,5,10,康和-台南,2023-10-27,8458
2605,新興,11,1,10,康和-台南,2023-10-27,8458
4960,誠美材,14,4,10,康和-台南,2023-10-27,8458
00878,國泰永續高股息,9,0,9,康和-台南,2023-10-27,8458
2363,矽統,14,5,9,康和-台南,2023-10-27,8458
1440,南紡,11,3,8,康和-台南,2023-10-27,8458
2453,凌群,8,0,8,康和-台南,2023-10-27,8458
6244,茂迪,21,14,7,康和-台南,2023-10-27,8458
00712,復華富時不動產,7,0,7,康和-台南,2023-10-27,8458
3078,僑威,8,1,7,康和-台南,2023-10-27,8458
3041,揚智,6,0,6,康和-台南,2023-10-27,8458
6133,金橋,6,0,6,康和-台南,2023-10-27,8458
2886,兆豐金,5,0,5,康和-台南,2023-10-27,8458
3715,定穎投控,42,37,5,康和-台南,2023-10-27,8458
3305,昇貿,6,1,5,康和-台南,2023-10-27,8458
8358,金居,5,0,5,康和-台南,2023-10-27,8458
8478,東哥遊艇,5,0,5,康和-台南,2023-10-27,8458
2637,慧洋-KY,60,55,5,康和-台南,2023-10-27,8458
00885,富邦越南,4,0,4,康和-台南,2023-10-27,8458
2329,華泰,21,17,4,康和-台南,2023-10-27,8458
2427,三商電,5,1,4,康和-台南,2023-10-27,8458
2462,良得電,4,0,4,康和-台南,2023-10-27,8458
2617,台航,4,0,4,康和-台南,2023-10-27,8458
5460,同協,4,0,4,康和-台南,2023-10-27,8458
6150,撼訊,4,0,4,康和-台南,2023-10-27,8458
6233,旺玖,4,0,4,康和-台南,2023-10-27,8458
2618,長榮航,127,9,118,康和-台南,2023-10-30,8458
1568,倉佑,51,0,51,康和-台南,2023-10-30,8458
2892,第一金,51,0,51,康和-台南,2023-10-30,8458
1416,廣豐,44,0,44,康和-台南,2023-10-30,8458
2883,凱基金,37,0,37,康和-台南,2023-10-30,8458
2317,鴻海,40,6,34,康和-台南,2023-10-30,8458
6244,茂迪,30,6,24,康和-台南,2023-10-30,8458
2353,宏��,30,10,20,康和-台南,2023-10-30,8458
6243,迅杰,25,5,20,康和-台南,2023-10-30,8458
2409,友達,17,1,16,康和-台南,2023-10-30,8458
2460,建通,13,0,13,康和-台南,2023-10-30,8458
3669,圓展,13,0,13,康和-台南,2023-10-30,8458
6139,亞翔,13,1,12,康和-台南,2023-10-30,8458
00922,國泰台灣領袖50,11,0,11,康和-台南,2023-10-30,8458
2369,菱生,12,1,11,康和-台南,2023-10-30,8458
2881,富邦金,10,0,10,康和-台南,2023-10-30,8458
2419,仲琦,11,1,10,康和-台南,2023-10-30,8458
6016,康和證,10,0,10,康和-台南,2023-10-30,8458
6443,元晶,11,1,10,康和-台南,2023-10-30,8458
00929,復華台灣科技優息,21,11,10,康和-台南,2023-10-30,8458
2390,云辰,10,1,9,康和-台南,2023-10-30,8458
8409,商之器,9,0,9,康和-台南,2023-10-30,8458
2002,中鋼,8,0,8,康和-台南,2023-10-30,8458
3715,定穎投控,20,13,7,康和-台南,2023-10-30,8458
3305,昇貿,7,0,7,康和-台南,2023-10-30,8458
3530,晶相光,7,0,7,康和-台南,2023-10-30,8458
2337,旺宏,20,14,6,康和-台南,2023-10-30,8458
00712,復華富時不動產,6,0,6,康和-台南,2023-10-30,8458
1436,華友聯,6,0,6,康和-台南,2023-10-30,8458
1319,東陽,9,3,6,康和-台南,2023-10-30,8458
3029,零壹,6,0,6,康和-台南,2023-10-30,8458
3444,利機,6,0,6,康和-台南,2023-10-30,8458
0056,元大高股息,5,0,5,康和-台南,2023-10-30,8458
2886,兆豐金,5,0,5,康和-台南,2023-10-30,8458
1444,力麗,5,0,5,康和-台南,2023-10-30,8458
2344,華邦電,5,0,5,康和-台南,2023-10-30,8458
2425,承啟,5,0,5,康和-台南,2023-10-30,8458
3646,艾恩特,5,0,5,康和-台南,2023-10-30,8458
4120,友華,6,1,5,康和-台南,2023-10-30,8458
8432,東生華,5,0,5,康和-台南,2023-10-30,8458
3231,緯創,15,11,4,康和-台南,2023-10-30,8458
2201,裕隆,4,0,4,康和-台南,2023-10-30,8458
2462,良得電,4,0,4,康和-台南,2023-10-30,8458
2890,永豐金,4,0,4,康和-台南,2023-10-30,8458
4979,華星光,18,14,4,康和-台南,2023-10-30,8458
6462,神盾,4,0,4,康和-台南,2023-10-30,8458
8930,青鋼,4,0,4,康和-台南,2023-10-30,8458
00679B,元大美債20年,4,0,4,康和-台南,2023-10-30,8458
2330,台積電,3,0,3,康和-台南,2023-10-30,8458
00902,中信電池及儲能,3,0,3,康和-台南,2023-10-30,8458
1568,倉佑,86,2,84,康和-台南,2023-10-31,8458
2515,中工,87,42,45,康和-台南,2023-10-31,8458
00929,復華台灣科技優息,31,0,31,康和-台南,2023-10-31,8458
2883,凱基金,30,0,30,康和-台南,2023-10-31,8458
2607,榮運,29,0,29,康和-台南,2023-10-31,8458
6244,茂迪,31,7,24,康和-台南,2023-10-31,8458
3231,緯創,29,8,21,康和-台南,2023-10-31,8458
00878,國泰永續高股息,23,2,21,康和-台南,2023-10-31,8458
2617,台航,19,0,19,康和-台南,2023-10-31,8458
2301,光寶科,19,3,16,康和-台南,2023-10-31,8458
9955,佳龍,16,0,16,康和-台南,2023-10-31,8458
2460,建通,15,0,15,康和-台南,2023-10-31,8458
3390,旭軟,15,0,15,康和-台南,2023-10-31,8458
2382,廣達,24,10,14,康和-台南,2023-10-31,8458
2344,華邦電,16,2,14,康和-台南,2023-10-31,8458
5469,瀚宇博,15,2,13,康和-台南,2023-10-31,8458
0056,元大高股息,18,5,13,康和-台南,2023-10-31,8458
1101,台泥,12,0,12,康和-台南,2023-10-31,8458
2401,凌陽,14,2,12,康和-台南,2023-10-31,8458
00919,群益台灣精選高息,12,1,11,康和-台南,2023-10-31,8458
1722,台肥,11,0,11,康和-台南,2023-10-31,8458
2409,友達,15,5,10,康和-台南,2023-10-31,8458
2313,華通,17,7,10,康和-台南,2023-10-31,8458
2303,聯電,14,4,10,康和-台南,2023-10-31,8458
6657,華安,10,0,10,康和-台南,2023-10-31,8458
2455,全新,9,1,8,康和-台南,2023-10-31,8458
3078,僑威,12,4,8,康和-台南,2023-10-31,8458
3548,兆利,11,3,8,康和-台南,2023-10-31,8458
2352,佳世達,8,1,7,康和-台南,2023-10-31,8458
1605,華新,7,0,7,康和-台南,2023-10-31,8458
3346,麗清,7,0,7,康和-台南,2023-10-31,8458
8390,金益鼎,7,0,7,康和-台南,2023-10-31,8458
00922,國泰台灣領袖50,6,0,6,康和-台南,2023-10-31,8458
2104,國際中橡,6,0,6,康和-台南,2023-10-31,8458
2371,大同,6,0,6,康和-台南,2023-10-31,8458
3041,揚智,10,4,6,康和-台南,2023-10-31,8458
3094,聯傑,26,20,6,康和-台南,2023-10-31,8458
3380,明泰,19,13,6,康和-台南,2023-10-31,8458
4977,眾達-KY,6,0,6,康和-台南,2023-10-31,8458
2330,台積電,5,0,5,康和-台南,2023-10-31,8458
1319,東陽,7,2,5,康和-台南,2023-10-31,8458
2359,所羅門,5,0,5,康和-台南,2023-10-31,8458
2367,燿華,12,7,5,康和-台南,2023-10-31,8458
2520,冠德,5,0,5,康和-台南,2023-10-31,8458
3213,茂訊,5,0,5,康和-台南,2023-10-31,8458
3290,東浦,5,0,5,康和-台南,2023-10-31,8458
3715,定穎投控,20,15,5,康和-台南,2023-10-31,8458
4714,永捷,5,0,5,康和-台南,2023-10-31,8458
5493,三聯,5,0,5,康和-台南,2023-10-31,8458
6213,聯茂,8,3,5,康和-台南,2023-10-31,8458
5608,四維航,63,0,63,康和-台南,2023-11-01,8458
2367,燿華,77,20,57,康和-台南,2023-11-01,8458
2892,第一金,50,2,48,康和-台南,2023-11-01,8458
00929,復華台灣科技優息,48,0,48,康和-台南,2023-11-01,8458
1568,倉佑,30,0,30,康和-台南,2023-11-01,8458
2606,裕民,30,2,28,康和-台南,2023-11-01,8458
2409,友達,36,10,26,康和-台南,2023-11-01,8458
2883,凱基金,33,10,23,康和-台南,2023-11-01,8458
2888,新光金,21,0,21,康和-台南,2023-11-01,8458
00753L,中信中國50正2,15,0,15,康和-台南,2023-11-01,8458
2610,華航,22,8,14,康和-台南,2023-11-01,8458
2368,金像電,13,0,13,康和-台南,2023-11-01,8458
6173,信昌電,13,0,13,康和-台南,2023-11-01,8458
00878,國泰永續高股息,15,2,13,康和-台南,2023-11-01,8458
2208,台船,10,0,10,康和-台南,2023-11-01,8458
2358,廷鑫,10,0,10,康和-台南,2023-11-01,8458
5301,寶得利,10,0,10,康和-台南,2023-11-01,8458
3029,零壹,9,0,9,康和-台南,2023-11-01,8458
6111,大宇資,10,1,9,康和-台南,2023-11-01,8458
2345,智邦,13,5,8,康和-台南,2023-11-01,8458
2617,台航,8,0,8,康和-台南,2023-11-01,8458
00885,富邦越南,7,0,7,康和-台南,2023-11-01,8458
2303,聯電,11,4,7,康和-台南,2023-11-01,8458
1605,華新,8,1,7,康和-台南,2023-11-01,8458
2492,華新科,14,7,7,康和-台南,2023-11-01,8458
2382,廣達,24,18,6,康和-台南,2023-11-01,8458
00632R,元大台灣50反1,6,0,6,康和-台南,2023-11-01,8458
2801,彰銀,6,0,6,康和-台南,2023-11-01,8458
4414,如興,6,0,6,康和-台南,2023-11-01,8458
0056,元大高股息,8,2,6,康和-台南,2023-11-01,8458
00687B,國泰20年美債,5,0,5,康和-台南,2023-11-01,8458
00712,復華富時不動產,5,0,5,康和-台南,2023-11-01,8458
2338,光罩,5,0,5,康和-台南,2023-11-01,8458
2425,承啟,5,0,5,康和-台南,2023-11-01,8458
3035,智原,22,17,5,康和-台南,2023-11-01,8458
3088,艾訊,5,0,5,康和-台南,2023-11-01,8458
3163,波若威,8,3,5,康和-台南,2023-11-01,8458
3268,海德威,5,0,5,康和-台南,2023-11-01,8458
3317,尼克森,5,0,5,康和-台南,2023-11-01,8458
6189,豐藝,5,0,5,康和-台南,2023-11-01,8458
8024,佑華,5,0,5,康和-台南,2023-11-01,8458
8110,華東,9,4,5,康和-台南,2023-11-01,8458
2356,英業達,4,0,4,康和-台南,2023-11-01,8458
2375,凱美,6,2,4,康和-台南,2023-11-01,8458
2401,凌陽,4,0,4,康和-台南,2023-11-01,8458
6243,迅杰,6,2,4,康和-台南,2023-11-01,8458
6695,芯鼎,4,0,4,康和-台南,2023-11-01,8458
6285,啟��,3,0,3,康和-台南,2023-11-01,8458
1795,美時,5,2,3,康和-台南,2023-11-01,8458
2344,華邦電,3,0,3,康和-台南,2023-11-01,8458
00935,野村臺灣新科技50,65,20,45,康和-台南,2023-11-02,8458
00878,國泰永續高股息,36,0,36,康和-台南,2023-11-02,8458
3576,聯合再生,38,2,36,康和-台南,2023-11-02,8458
3481,群創,37,5,32,康和-台南,2023-11-02,8458
2888,新光金,31,0,31,康和-台南,2023-11-02,8458
2427,三商電,32,3,29,康和-台南,2023-11-02,8458
00933B,國泰10Y+金融債,40,12,28,康和-台南,2023-11-02,8458
3041,揚智,19,0,19,康和-台南,2023-11-02,8458
00934,中信成長高股息,16,0,16,康和-台南,2023-11-02,8458
3036,文曄,15,1,14,康和-台南,2023-11-02,8458
3548,兆利,36,24,12,康和-台南,2023-11-02,8458
00922,國泰台灣領袖50,15,4,11,康和-台南,2023-11-02,8458
2324,仁寶,10,0,10,康和-台南,2023-11-02,8458
2889,國票金,10,0,10,康和-台南,2023-11-02,8458
6244,茂迪,10,0,10,康和-台南,2023-11-02,8458
5439,高技,8,0,8,康和-台南,2023-11-02,8458
6197,佳必琪,22,14,8,康和-台南,2023-11-02,8458
3078,僑威,7,0,7,康和-台南,2023-11-02,8458
6214,精誠,7,0,7,康和-台南,2023-11-02,8458
6603,富強鑫,20,13,7,康和-台南,2023-11-02,8458
4979,華星光,7,1,6,康和-台南,2023-11-02,8458
6191,精成科,12,6,6,康和-台南,2023-11-02,8458
8054,安國,44,38,6,康和-台南,2023-11-02,8458
00715L,期街口布蘭特正2,5,0,5,康和-台南,2023-11-02,8458
00712,復華富時不動產,7,2,5,康和-台南,2023-11-02,8458
1436,華友聯,5,0,5,康和-台南,2023-11-02,8458
3617,碩天,5,0,5,康和-台南,2023-11-02,8458
4543,萬在,5,0,5,康和-台南,2023-11-02,8458
6155,鈞寶,5,0,5,康和-台南,2023-11-02,8458
6278,台表科,5,0,5,康和-台南,2023-11-02,8458
8093,保銳,5,0,5,康和-台南,2023-11-02,8458
8234,新漢,5,0,5,康和-台南,2023-11-02,8458
1519,華城,7,3,4,康和-台南,2023-11-02,8458
3035,智原,20,16,4,康和-台南,2023-11-02,8458
6841,長佳智能,4,0,4,康和-台南,2023-11-02,8458
2376,技嘉,6,3,3,康和-台南,2023-11-02,8458
2006,東和鋼鐵,3,0,3,康和-台南,2023-11-02,8458
2364,倫飛,4,1,3,康和-台南,2023-11-02,8458
2417,圓剛,3,0,3,康和-台南,2023-11-02,8458
3029,零壹,4,1,3,康和-台南,2023-11-02,8458
3290,東浦,5,2,3,康和-台南,2023-11-02,8458
4960,誠美材,6,3,3,康和-台南,2023-11-02,8458
6204,艾華,4,1,3,康和-台南,2023-11-02,8458
6233,旺玖,3,0,3,康和-台南,2023-11-02,8458
6485,點序,3,0,3,康和-台南,2023-11-02,8458
3260,威剛,8,5,3,康和-台南,2023-11-02,8458
00680L,元大美債20正2,2,0,2,康和-台南,2023-11-02,8458
00792B,群益A級公司債,2,0,2,康和-台南,2023-11-02,8458
00746B,富邦A級公司債,2,0,2,康和-台南,2023-11-02,8458
2034,允強,2,0,2,康和-台南,2023-11-02,8458
1568,倉佑,52,0,52,康和-台南,2023-11-03,8458
8150,南茂,69,22,47,康和-台南,2023-11-03,8458
00715L,期街口布蘭特正2,45,1,44,康和-台南,2023-11-03,8458
2363,矽統,77,44,33,康和-台南,2023-11-03,8458
2324,仁寶,30,1,29,康和-台南,2023-11-03,8458
3032,偉訓,35,10,25,康和-台南,2023-11-03,8458
00679B,元大美債20年,33,10,23,康和-台南,2023-11-03,8458
8068,全達,27,5,22,康和-台南,2023-11-03,8458
2816,旺旺保,21,1,20,康和-台南,2023-11-03,8458
8210,勤誠,21,3,18,康和-台南,2023-11-03,8458
2405,輔信,16,1,15,康和-台南,2023-11-03,8458
9950,萬國通,20,5,15,康和-台南,2023-11-03,8458
2353,宏��,12,0,12,康和-台南,2023-11-03,8458
6189,豐藝,11,0,11,康和-台南,2023-11-03,8458
3231,緯創,38,28,10,康和-台南,2023-11-03,8458
2379,瑞昱,10,0,10,康和-台南,2023-11-03,8458
5483,中美晶,10,0,10,康和-台南,2023-11-03,8458
8110,華東,13,3,10,康和-台南,2023-11-03,8458
00931B,統一美債20年,10,0,10,康和-台南,2023-11-03,8458
3055,蔚華科,19,11,8,康和-台南,2023-11-03,8458
6412,群電,8,0,8,康和-台南,2023-11-03,8458
8044,網家,9,1,8,康和-台南,2023-11-03,8458
8176,智捷,8,0,8,康和-台南,2023-11-03,8458
2488,漢平,7,0,7,康和-台南,2023-11-03,8458
00934,中信成長高股息,6,0,6,康和-台南,2023-11-03,8458
1524,耿鼎,10,4,6,康和-台南,2023-11-03,8458
00637L,元大滬深300正2,5,0,5,康和-台南,2023-11-03,8458
2421,建準,5,0,5,康和-台南,2023-11-03,8458
2881,富邦金,155,150,5,康和-台南,2023-11-03,8458
4960,誠美材,7,2,5,康和-台南,2023-11-03,8458
6122,擎邦,5,0,5,康和-台南,2023-11-03,8458
6767,台微醫,5,0,5,康和-台南,2023-11-03,8458
2313,華通,10,6,4,康和-台南,2023-11-03,8458
2352,佳世達,4,0,4,康和-台南,2023-11-03,8458
3078,僑威,5,1,4,康和-台南,2023-11-03,8458
6191,精成科,7,3,4,康和-台南,2023-11-03,8458
6197,佳必琪,19,15,4,康和-台南,2023-11-03,8458
6732,昇佳電子,4,0,4,康和-台南,2023-11-03,8458
6841,長佳智能,4,0,4,康和-台南,2023-11-03,8458
8433,弘帆,4,0,4,康和-台南,2023-11-03,8458
00935,野村臺灣新科技50,3,0,3,康和-台南,2023-11-03,8458
2337,旺宏,3,0,3,康和-台南,2023-11-03,8458
2390,云辰,3,0,3,康和-台南,2023-11-03,8458
2458,義隆,6,3,3,康和-台南,2023-11-03,8458
2498,宏達電,11,8,3,康和-台南,2023-11-03,8458
3003,健和興,3,0,3,康和-台南,2023-11-03,8458
3552,同致,3,0,3,康和-台南,2023-11-03,8458
4162,智擎,3,0,3,康和-台南,2023-11-03,8458
6223,旺矽,5,2,3,康和-台南,2023-11-03,8458
8046,南電,3,0,3,康和-台南,2023-11-03,8458
2367,燿華,132,12,120,康和-台南,2023-11-06,8458
00878,國泰永續高股息,85,8,77,康和-台南,2023-11-06,8458
00642U,期元大S＆P石油,50,0,50,康和-台南,2023-11-06,8458
00679B,元大美債20年,41,0,41,康和-台南,2023-11-06,8458
00632R,元大台灣50反1,40,0,40,康和-台南,2023-11-06,8458
2888,新光金,40,2,38,康和-台南,2023-11-06,8458
2239,英利-KY,30,0,30,康和-台南,2023-11-06,8458
2363,矽統,59,30,29,康和-台南,2023-11-06,8458
3715,定穎投控,42,16,26,康和-台南,2023-11-06,8458
2617,台航,32,9,23,康和-台南,2023-11-06,8458
1522,堤維西,22,0,22,康和-台南,2023-11-06,8458
1568,倉佑,21,0,21,康和-台南,2023-11-06,8458
1710,東聯,20,0,20,康和-台南,2023-11-06,8458
6139,亞翔,17,2,15,康和-台南,2023-11-06,8458
2388,威盛,28,14,14,康和-台南,2023-11-06,8458
00687B,國泰20年美債,11,0,11,康和-台南,2023-11-06,8458
2387,精元,10,0,10,康和-台南,2023-11-06,8458
2511,太子,10,0,10,康和-台南,2023-11-06,8458
4908,前鼎,44,34,10,康和-台南,2023-11-06,8458
5258,虹堡,13,3,10,康和-台南,2023-11-06,8458
5301,寶得利,10,0,10,康和-台南,2023-11-06,8458
6133,金橋,10,0,10,康和-台南,2023-11-06,8458
6189,豐藝,10,0,10,康和-台南,2023-11-06,8458
3322,建舜電,13,5,8,康和-台南,2023-11-06,8458
00751B,元大AAA至A公司債,6,0,6,康和-台南,2023-11-06,8458
1540,喬福,6,0,6,康和-台南,2023-11-06,8458
2421,建準,13,7,6,康和-台南,2023-11-06,8458
00900,富邦特選高股息30,5,0,5,康和-台南,2023-11-06,8458
00637L,元大滬深300正2,10,5,5,康和-台南,2023-11-06,8458
2353,宏��,6,1,5,康和-台南,2023-11-06,8458
3022,威強電,5,0,5,康和-台南,2023-11-06,8458
4164,承業醫,5,0,5,康和-台南,2023-11-06,8458
6153,嘉聯益,5,0,5,康和-台南,2023-11-06,8458
00720B,元大投資級公司債,4,0,4,康和-台南,2023-11-06,8458
1436,華友聯,5,1,4,康和-台南,2023-11-06,8458
2025,千興,4,0,4,康和-台南,2023-11-06,8458
2383,台光電,5,1,4,康和-台南,2023-11-06,8458
2462,良得電,4,0,4,康和-台南,2023-11-06,8458
2834,臺企銀,4,0,4,康和-台南,2023-11-06,8458
5285,界霖,4,0,4,康和-台南,2023-11-06,8458
5488,松普,9,5,4,康和-台南,2023-11-06,8458
6770,力積電,100,96,4,康和-台南,2023-11-06,8458
00680L,元大美債20正2,3,0,3,康和-台南,2023-11-06,8458
2230,泰茂,3,0,3,康和-台南,2023-11-06,8458
2354,鴻準,4,1,3,康和-台南,2023-11-06,8458
3013,晟銘電,5,2,3,康和-台南,2023-11-06,8458
3041,揚智,11,8,3,康和-台南,2023-11-06,8458
3576,聯合再生,4,1,3,康和-台南,2023-11-06,8458
3704,合勤控,3,0,3,康和-台南,2023-11-06,8458
5439,高技,3,0,3,康和-台南,2023-11-06,8458
2883,凱基金,105,0,105,康和-台南,2023-11-07,8458
2618,長榮航,108,21,87,康和-台南,2023-11-07,8458
2239,英利-KY,80,0,80,康和-台南,2023-11-07,8458
4915,致伸,80,0,80,康和-台南,2023-11-07,8458
3231,緯創,66,12,54,康和-台南,2023-11-07,8458
2367,燿華,38,0,38,康和-台南,2023-11-07,8458
00679B,元大美債20年,35,0,35,康和-台南,2023-11-07,8458
3189,景碩,30,0,30,康和-台南,2023-11-07,8458
8150,南茂,35,5,30,康和-台南,2023-11-07,8458
8054,安國,27,0,27,康和-台南,2023-11-07,8458
6901,鑽石投資,34,9,25,康和-台南,2023-11-07,8458
00878,國泰永續高股息,23,0,23,康和-台南,2023-11-07,8458
2324,仁寶,27,10,17,康和-台南,2023-11-07,8458
6243,迅杰,16,2,14,康和-台南,2023-11-07,8458
2332,友訊,10,0,10,康和-台南,2023-11-07,8458
2371,大同,10,0,10,康和-台南,2023-11-07,8458
2882,國泰金,10,0,10,康和-台南,2023-11-07,8458
6123,上奇,10,0,10,康和-台南,2023-11-07,8458
8046,南電,10,0,10,康和-台南,2023-11-07,8458
8049,晶采,10,0,10,康和-台南,2023-11-07,8458
3376,新日興,13,4,9,康和-台南,2023-11-07,8458
3444,利機,9,0,9,康和-台南,2023-11-07,8458
8358,金居,9,0,9,康和-台南,2023-11-07,8458
6185,幃翔,10,2,8,康和-台南,2023-11-07,8458
8040,九暘,8,0,8,康和-台南,2023-11-07,8458
8086,宏捷科,32,24,8,康和-台南,2023-11-07,8458
2359,所羅門,10,3,7,康和-台南,2023-11-07,8458
3530,晶相光,7,0,7,康和-台南,2023-11-07,8458
4533,協易機,7,0,7,康和-台南,2023-11-07,8458
8044,網家,7,0,7,康和-台南,2023-11-07,8458
1721,三晃,5,0,5,康和-台南,2023-11-07,8458
2485,兆赫,5,0,5,康和-台南,2023-11-07,8458
00650L,復華香港正2,5,0,5,康和-台南,2023-11-07,8458
1524,耿鼎,5,0,5,康和-台南,2023-11-07,8458
1568,倉佑,5,0,5,康和-台南,2023-11-07,8458
1608,華榮,5,0,5,康和-台南,2023-11-07,8458
1714,和桐,5,0,5,康和-台南,2023-11-07,8458
1723,中碳,5,0,5,康和-台南,2023-11-07,8458
2353,宏��,6,1,5,康和-台南,2023-11-07,8458
2498,宏達電,6,1,5,康和-台南,2023-11-07,8458
4979,華星光,10,5,5,康和-台南,2023-11-07,8458
5301,寶得利,5,0,5,康和-台南,2023-11-07,8458
6415,矽力*-KY,5,0,5,康和-台南,2023-11-07,8458
00922,國泰台灣領袖50,5,1,4,康和-台南,2023-11-07,8458
00935,野村臺灣新科技50,4,0,4,康和-台南,2023-11-07,8458
2002,中鋼,64,60,4,康和-台南,2023-11-07,8458
3078,僑威,9,5,4,康和-台南,2023-11-07,8458
6139,亞翔,6,2,4,康和-台南,2023-11-07,8458
8110,華東,7,3,4,康和-台南,2023-11-07,8458
3037,欣興,3,0,3,康和-台南,2023-11-07,8458
1568,倉佑,102,1,101,康和-台南,2023-11-08,8458
2883,凱基金,91,0,91,康和-台南,2023-11-08,8458
1314,中石化,83,0,83,康和-台南,2023-11-08,8458
2515,中工,81,0,81,康和-台南,2023-11-08,8458
00929,復華台灣科技優息,82,7,75,康和-台南,2023-11-08,8458
2618,長榮航,145,75,70,康和-台南,2023-11-08,8458
2002,中鋼,60,0,60,康和-台南,2023-11-08,8458
2367,燿華,59,5,54,康和-台南,2023-11-08,8458
00642U,期元大S＆P石油,50,0,50,康和-台南,2023-11-08,8458
00936,台新永續高息中小,46,0,46,康和-台南,2023-11-08,8458
2606,裕民,40,0,40,康和-台南,2023-11-08,8458
5243,乙盛-KY,35,0,35,康和-台南,2023-11-08,8458
6185,幃翔,40,8,32,康和-台南,2023-11-08,8458
2472,立隆電,30,0,30,康和-台南,2023-11-08,8458
3015,全漢,30,0,30,康和-台南,2023-11-08,8458
4102,永日,30,0,30,康和-台南,2023-11-08,8458
4128,中天,30,6,24,康和-台南,2023-11-08,8458
5483,中美晶,21,0,21,康和-台南,2023-11-08,8458
00687B,國泰20年美債,20,0,20,康和-台南,2023-11-08,8458
1802,台玻,20,0,20,康和-台南,2023-11-08,8458
3357,臺慶科,20,0,20,康和-台南,2023-11-08,8458
2363,矽統,66,47,19,康和-台南,2023-11-08,8458
3036,文曄,23,4,19,康和-台南,2023-11-08,8458
3022,威強電,19,1,18,康和-台南,2023-11-08,8458
6117,迎廣,21,4,17,康和-台南,2023-11-08,8458
4743,合一,18,1,17,康和-台南,2023-11-08,8458
2353,宏��,15,1,14,康和-台南,2023-11-08,8458
2368,金像電,15,3,12,康和-台南,2023-11-08,8458
6282,康舒,11,0,11,康和-台南,2023-11-08,8458
6770,力積電,73,62,11,康和-台南,2023-11-08,8458
1304,台聚,10,0,10,康和-台南,2023-11-08,8458
2520,冠德,10,0,10,康和-台南,2023-11-08,8458
6485,點序,8,0,8,康和-台南,2023-11-08,8458
2388,威盛,10,3,7,康和-台南,2023-11-08,8458
6290,良維,9,2,7,康和-台南,2023-11-08,8458
8110,華東,10,3,7,康和-台南,2023-11-08,8458
1514,亞力,7,1,6,康和-台南,2023-11-08,8458
1605,華新,6,0,6,康和-台南,2023-11-08,8458
2323,中環,6,0,6,康和-台南,2023-11-08,8458
4108,懷特,6,0,6,康和-台南,2023-11-08,8458
6123,上奇,6,0,6,康和-台南,2023-11-08,8458
8024,佑華,6,0,6,康和-台南,2023-11-08,8458
00905,FT臺灣Smart,5,0,5,康和-台南,2023-11-08,8458
00676R,富邦臺灣加權反1,5,0,5,康和-台南,2023-11-08,8458
00637L,元大滬深300正2,5,0,5,康和-台南,2023-11-08,8458
2369,菱生,5,0,5,康和-台南,2023-11-08,8458
2605,新興,7,2,5,康和-台南,2023-11-08,8458
2607,榮運,8,3,5,康和-台南,2023-11-08,8458
2609,陽明,5,0,5,康和-台南,2023-11-08,8458
2888,新光金,5,0,5,康和-台南,2023-11-08,8458
00680L,元大美債20正2,200,0,200,康和-台南,2023-11-09,8458
2610,華航,154,4,150,康和-台南,2023-11-09,8458
00929,復華台灣科技優息,75,1,74,康和-台南,2023-11-09,8458
6185,幃翔,70,0,70,康和-台南,2023-11-09,8458
2883,凱基金,55,0,55,康和-台南,2023-11-09,8458
3032,偉訓,57,15,42,康和-台南,2023-11-09,8458
2606,裕民,40,0,40,康和-台南,2023-11-09,8458
1314,中石化,33,0,33,康和-台南,2023-11-09,8458
1568,倉佑,35,2,33,康和-台南,2023-11-09,8458
2888,新光金,40,10,30,康和-台南,2023-11-09,8458
00679B,元大美債20年,44,15,29,康和-台南,2023-11-09,8458
00712,復華富時不動產,26,0,26,康和-台南,2023-11-09,8458
1522,堤維西,49,23,26,康和-台南,2023-11-09,8458
4915,致伸,23,1,22,康和-台南,2023-11-09,8458
8085,福華,20,0,20,康和-台南,2023-11-09,8458
5483,中美晶,20,1,19,康和-台南,2023-11-09,8458
00715L,期街口布蘭特正2,16,0,16,康和-台南,2023-11-09,8458
4533,協易機,20,4,16,康和-台南,2023-11-09,8458
3704,合勤控,14,0,14,康和-台南,2023-11-09,8458
6150,撼訊,16,2,14,康和-台南,2023-11-09,8458
5347,世界,12,0,12,康和-台南,2023-11-09,8458
2427,三商電,23,11,12,康和-台南,2023-11-09,8458
3122,笙泉,15,3,12,康和-台南,2023-11-09,8458
00882,中信中國高股息,10,0,10,康和-台南,2023-11-09,8458
1101,台泥,10,0,10,康和-台南,2023-11-09,8458
1802,台玻,10,0,10,康和-台南,2023-11-09,8458
1810,和成,10,0,10,康和-台南,2023-11-09,8458
2472,立隆電,10,0,10,康和-台南,2023-11-09,8458
3015,全漢,10,0,10,康和-台南,2023-11-09,8458
5243,乙盛-KY,10,0,10,康和-台南,2023-11-09,8458
6189,豐藝,10,0,10,康和-台南,2023-11-09,8458
3090,日電貿,10,0,10,康和-台南,2023-11-09,8458
2329,華泰,17,8,9,康和-台南,2023-11-09,8458
6830,汎銓,9,0,9,康和-台南,2023-11-09,8458
8210,勤誠,9,1,8,康和-台南,2023-11-09,8458
6530,創威,9,2,7,康和-台南,2023-11-09,8458
6234,高僑,7,0,7,康和-台南,2023-11-09,8458
00931B,統一美債20年,6,0,6,康和-台南,2023-11-09,8458
2852,第一保,6,0,6,康和-台南,2023-11-09,8458
6125,廣運,7,1,6,康和-台南,2023-11-09,8458
6282,康舒,6,0,6,康和-台南,2023-11-09,8458
3376,新日興,6,0,6,康和-台南,2023-11-09,8458
00725B,國泰投資級公司債,5,0,5,康和-台南,2023-11-09,8458
1708,東鹼,5,0,5,康和-台南,2023-11-09,8458
2736,富野,7,2,5,康和-台南,2023-11-09,8458
3017,奇鋐,7,2,5,康和-台南,2023-11-09,8458
5289,宜鼎,5,0,5,康和-台南,2023-11-09,8458
6104,創惟,5,0,5,康和-台南,2023-11-09,8458
3013,晟銘電,5,1,4,康和-台南,2023-11-09,8458
2338,光罩,4,0,4,康和-台南,2023-11-09,8458
2606,裕民,90,0,90,康和-台南,2023-11-10,8458
00679B,元大美債20年,66,0,66,康和-台南,2023-11-10,8458
6770,力積電,61,1,60,康和-台南,2023-11-10,8458
1731,美吾華,51,1,50,康和-台南,2023-11-10,8458
2363,矽統,80,39,41,康和-台南,2023-11-10,8458
2883,凱基金,40,0,40,康和-台南,2023-11-10,8458
6185,幃翔,40,0,40,康和-台南,2023-11-10,8458
4930,燦星網,30,0,30,康和-台南,2023-11-10,8458
5469,瀚宇博,30,0,30,康和-台南,2023-11-10,8458
4919,新唐,30,2,28,康和-台南,2023-11-10,8458
3231,緯創,42,15,27,康和-台南,2023-11-10,8458
3276,宇環,23,0,23,康和-台南,2023-11-10,8458
00901,永豐智能車供應鏈,20,0,20,康和-台南,2023-11-10,8458
00795B,中信美國公債20年,20,0,20,康和-台南,2023-11-10,8458
6449,鈺邦,20,0,20,康和-台南,2023-11-10,8458
3032,偉訓,34,16,18,康和-台南,2023-11-10,8458
00687B,國泰20年美債,14,0,14,康和-台南,2023-11-10,8458
2331,精英,18,5,13,康和-台南,2023-11-10,8458
6117,迎廣,12,1,11,康和-台南,2023-11-10,8458
00935,野村臺灣新科技50,10,0,10,康和-台南,2023-11-10,8458
1810,和成,10,0,10,康和-台南,2023-11-10,8458
2409,友達,10,0,10,康和-台南,2023-11-10,8458
2748,雲品,11,1,10,康和-台南,2023-11-10,8458
8034,榮群,14,4,10,康和-台南,2023-11-10,8458
8054,安國,18,8,10,康和-台南,2023-11-10,8458
00878,國泰永續高股息,9,0,9,康和-台南,2023-11-10,8458
2313,華通,80,71,9,康和-台南,2023-11-10,8458
3228,金麗科,9,1,8,康和-台南,2023-11-10,8458
1529,樂事綠能,7,0,7,康和-台南,2023-11-10,8458
2338,光罩,7,0,7,康和-台南,2023-11-10,8458
4979,華星光,13,6,7,康和-台南,2023-11-10,8458
6523,達爾膚,7,0,7,康和-台南,2023-11-10,8458
6585,鼎基,8,1,7,康和-台南,2023-11-10,8458
00751B,元大AAA至A公司債,6,0,6,康和-台南,2023-11-10,8458
2201,裕隆,6,0,6,康和-台南,2023-11-10,8458
2344,華邦電,14,8,6,康和-台南,2023-11-10,8458
4190,佐登-KY,6,0,6,康和-台南,2023-11-10,8458
4967,十銓,10,4,6,康和-台南,2023-11-10,8458
3017,奇鋐,7,1,6,康和-台南,2023-11-10,8458
6122,擎邦,7,1,6,康和-台南,2023-11-10,8458
4743,合一,11,6,5,康和-台南,2023-11-10,8458
00642U,期元大S＆P石油,5,0,5,康和-台南,2023-11-10,8458
1101,台泥,5,0,5,康和-台南,2023-11-10,8458
00882,中信中國高股息,5,0,5,康和-台南,2023-11-10,8458
1568,倉佑,5,0,5,康和-台南,2023-11-10,8458
2610,華航,5,0,5,康和-台南,2023-11-10,8458
3338,泰碩,5,0,5,康和-台南,2023-11-10,8458
3607,谷崧,5,0,5,康和-台南,2023-11-10,8458
5515,建國,35,30,5,康和-台南,2023-11-10,8458
6415,矽力*-KY,11,6,5,康和-台南,2023-11-10,8458
2618,長榮航,168,87,81,康和-台南,2023-11-13,8458
6770,力積電,80,2,78,康和-台南,2023-11-13,8458
00878,國泰永續高股息,48,0,48,康和-台南,2023-11-13,8458
1305,華夏,33,0,33,康和-台南,2023-11-13,8458
2888,新光金,30,0,30,康和-台南,2023-11-13,8458
00632R,元大台灣50反1,30,0,30,康和-台南,2023-11-13,8458
3715,定穎投控,47,20,27,康和-台南,2023-11-13,8458
6282,康舒,26,2,24,康和-台南,2023-11-13,8458
6185,幃翔,20,0,20,康和-台南,2023-11-13,8458
8163,達方,21,1,20,康和-台南,2023-11-13,8458
8936,國統,20,0,20,康和-台南,2023-11-13,8458
3374,精材,20,1,19,康和-台南,2023-11-13,8458
3576,聯合再生,18,0,18,康和-台南,2023-11-13,8458
2387,精元,20,2,18,康和-台南,2023-11-13,8458
3078,僑威,17,0,17,康和-台南,2023-11-13,8458
3163,波若威,15,0,15,康和-台南,2023-11-13,8458
2369,菱生,19,5,14,康和-台南,2023-11-13,8458
2485,兆赫,13,0,13,康和-台南,2023-11-13,8458
8150,南茂,15,2,13,康和-台南,2023-11-13,8458
4919,新唐,12,0,12,康和-台南,2023-11-13,8458
6016,康和證,12,0,12,康和-台南,2023-11-13,8458
9958,世紀鋼,12,0,12,康和-台南,2023-11-13,8458
00687B,國泰20年美債,11,1,10,康和-台南,2023-11-13,8458
3036,文曄,14,4,10,康和-台南,2023-11-13,8458
00786B,元大10年IG銀行債,10,0,10,康和-台南,2023-11-13,8458
2352,佳世達,10,0,10,康和-台南,2023-11-13,8458
2905,三商,10,0,10,康和-台南,2023-11-13,8458
6189,豐藝,10,0,10,康和-台南,2023-11-13,8458
00679B,元大美債20年,9,0,9,康和-台南,2023-11-13,8458
00915,凱基優選高股息30,9,0,9,康和-台南,2023-11-13,8458
5483,中美晶,10,1,9,康和-台南,2023-11-13,8458
2486,一詮,10,2,8,康和-台南,2023-11-13,8458
5009,榮剛,8,0,8,康和-台南,2023-11-13,8458
00933B,國泰10Y+金融債,7,0,7,康和-台南,2023-11-13,8458
2409,友達,20,13,7,康和-台南,2023-11-13,8458
6231,系微,7,0,7,康和-台南,2023-11-13,8458
6657,華安,7,0,7,康和-台南,2023-11-13,8458
8112,至上,7,0,7,康和-台南,2023-11-13,8458
2834,臺企銀,6,0,6,康和-台南,2023-11-13,8458
00900,富邦特選高股息30,6,0,6,康和-台南,2023-11-13,8458
6139,亞翔,6,0,6,康和-台南,2023-11-13,8458
2884,玉山金,6,0,6,康和-台南,2023-11-13,8458
2382,廣達,18,13,5,康和-台南,2023-11-13,8458
5351,鈺創,5,0,5,康和-台南,2023-11-13,8458
2301,光寶科,14,9,5,康和-台南,2023-11-13,8458
2353,宏��,5,0,5,康和-台南,2023-11-13,8458
00665L,富邦�琤肭磪囓�2,5,0,5,康和-台南,2023-11-13,8458
2425,承啟,5,0,5,康和-台南,2023-11-13,8458
3022,威強電,5,0,5,康和-台南,2023-11-13,8458
3322,建舜電,9,4,5,康和-台南,2023-11-13,8458
2883,凱基金,90,0,90,康和-台南,2023-11-14,8458
00632R,元大台灣50反1,100,30,70,康和-台南,2023-11-14,8458
5483,中美晶,42,1,41,康和-台南,2023-11-14,8458
2417,圓剛,32,0,32,康和-台南,2023-11-14,8458
1305,華夏,27,0,27,康和-台南,2023-11-14,8458
2363,矽統,38,21,17,康和-台南,2023-11-14,8458
2472,立隆電,17,0,17,康和-台南,2023-11-14,8458
3059,華晶科,15,0,15,康和-台南,2023-11-14,8458
00878,國泰永續高股息,15,2,13,康和-台南,2023-11-14,8458
2359,所羅門,17,4,13,康和-台南,2023-11-14,8458
3036,文曄,13,0,13,康和-台南,2023-11-14,8458
3535,晶彩科,14,1,13,康和-台南,2023-11-14,8458
2002,中鋼,12,0,12,康和-台南,2023-11-14,8458
2485,兆赫,14,2,12,康和-台南,2023-11-14,8458
6139,亞翔,16,5,11,康和-台南,2023-11-14,8458
00935,野村臺灣新科技50,10,0,10,康和-台南,2023-11-14,8458
00882,中信中國高股息,10,0,10,康和-台南,2023-11-14,8458
2324,仁寶,10,0,10,康和-台南,2023-11-14,8458
2401,凌陽,10,0,10,康和-台南,2023-11-14,8458
3380,明泰,10,0,10,康和-台南,2023-11-14,8458
6185,幃翔,10,0,10,康和-台南,2023-11-14,8458
6667,信紘科,10,0,10,康和-台南,2023-11-14,8458
6668,中揚光,10,0,10,康和-台南,2023-11-14,8458
8110,華東,11,1,10,康和-台南,2023-11-14,8458
00857B,永豐20年美公債,9,0,9,康和-台南,2023-11-14,8458
3147,大綜,9,0,9,康和-台南,2023-11-14,8458
6625,必應,10,1,9,康和-台南,2023-11-14,8458
8044,網家,9,0,9,康和-台南,2023-11-14,8458
8150,南茂,17,8,9,康和-台南,2023-11-14,8458
8271,宇瞻,9,0,9,康和-台南,2023-11-14,8458
3231,緯創,31,22,9,康和-台南,2023-11-14,8458
00687B,國泰20年美債,8,0,8,康和-台南,2023-11-14,8458
3163,波若威,8,0,8,康和-台南,2023-11-14,8458
4919,新唐,8,0,8,康和-台南,2023-11-14,8458
5314,世紀,6,0,6,康和-台南,2023-11-14,8458
6266,泰詠,6,0,6,康和-台南,2023-11-14,8458
3548,兆利,48,43,5,康和-台南,2023-11-14,8458
00786B,元大10年IG銀行債,5,0,5,康和-台南,2023-11-14,8458
2301,光寶科,8,3,5,康和-台南,2023-11-14,8458
2455,全新,5,0,5,康和-台南,2023-11-14,8458
2607,榮運,11,6,5,康和-台南,2023-11-14,8458
4768,晶呈科技,5,0,5,康和-台南,2023-11-14,8458
1514,亞力,5,0,5,康和-台南,2023-11-14,8458
6274,台燿,4,0,4,康和-台南,2023-11-14,8458
00919,群益台灣精選高息,4,0,4,康和-台南,2023-11-14,8458
3017,奇鋐,7,3,4,康和-台南,2023-11-14,8458
3043,科風,4,0,4,康和-台南,2023-11-14,8458
6016,康和證,4,0,4,康和-台南,2023-11-14,8458
6112,邁達特,4,0,4,康和-台南,2023-11-14,8458
6217,中探針,4,0,4,康和-台南,2023-11-14,8458
00882,中信中國高股息,66,0,66,康和-台南,2023-11-15,8458
4167,松瑞藥,56,0,56,康和-台南,2023-11-15,8458
00878,國泰永續高股息,80,25,55,康和-台南,2023-11-15,8458
3706,神達,50,2,48,康和-台南,2023-11-15,8458
2363,矽統,124,79,45,康和-台南,2023-11-15,8458
1810,和成,40,0,40,康和-台南,2023-11-15,8458
2449,京元電子,39,1,38,康和-台南,2023-11-15,8458
3276,宇環,46,8,38,康和-台南,2023-11-15,8458
8011,台通,34,2,32,康和-台南,2023-11-15,8458
2634,漢翔,31,0,31,康和-台南,2023-11-15,8458
5351,鈺創,25,3,22,康和-台南,2023-11-15,8458
00632R,元大台灣50反1,20,0,20,康和-台南,2023-11-15,8458
6271,同欣電,20,0,20,康和-台南,2023-11-15,8458
2887,台新金,20,1,19,康和-台南,2023-11-15,8458
1815,富喬,17,0,17,康和-台南,2023-11-15,8458
3025,星通,19,2,17,康和-台南,2023-11-15,8458
00680L,元大美債20正2,13,0,13,康和-台南,2023-11-15,8458
2313,華通,17,5,12,康和-台南,2023-11-15,8458
2369,菱生,17,5,12,康和-台南,2023-11-15,8458
6235,華孚,14,2,12,康和-台南,2023-11-15,8458
8996,高力,14,3,11,康和-台南,2023-11-15,8458
6139,亞翔,12,1,11,康和-台南,2023-11-15,8458
6274,台燿,17,6,11,康和-台南,2023-11-15,8458
00892,富邦台灣半導體,11,0,11,康和-台南,2023-11-15,8458
00857B,永豐20年美公債,10,0,10,康和-台南,2023-11-15,8458
00688L,國泰20年美債正2,10,0,10,康和-台南,2023-11-15,8458
1460,宏遠,10,0,10,康和-台南,2023-11-15,8458
1471,首利,10,0,10,康和-台南,2023-11-15,8458
1720,生達,10,0,10,康和-台南,2023-11-15,8458
2436,偉詮電,12,2,10,康和-台南,2023-11-15,8458
2501,國建,10,0,10,康和-台南,2023-11-15,8458
2801,彰銀,10,0,10,康和-台南,2023-11-15,8458
3305,昇貿,12,2,10,康和-台南,2023-11-15,8458
3363,上詮,14,4,10,康和-台南,2023-11-15,8458
1519,華城,19,10,9,康和-台南,2023-11-15,8458
2882,國泰金,26,18,8,康和-台南,2023-11-15,8458
3548,兆利,22,14,8,康和-台南,2023-11-15,8458
3013,晟銘電,7,0,7,康和-台南,2023-11-15,8458
5439,高技,7,0,7,康和-台南,2023-11-15,8458
2329,華泰,16,10,6,康和-台南,2023-11-15,8458
2364,倫飛,7,1,6,康和-台南,2023-11-15,8458
2630,亞航,7,1,6,康和-台南,2023-11-15,8458
6284,佳邦,9,3,6,康和-台南,2023-11-15,8458
8104,錸寶,6,0,6,康和-台南,2023-11-15,8458
1605,華新,17,12,5,康和-台南,2023-11-15,8458
1611,中電,6,1,5,康和-台南,2023-11-15,8458
2462,良得電,5,0,5,康和-台南,2023-11-15,8458
2913,農林,5,0,5,康和-台南,2023-11-15,8458
3043,科風,5,0,5,康和-台南,2023-11-15,8458
3163,波若威,5,0,5,康和-台南,2023-11-15,8458
2417,圓剛,77,44,33,康和-台南,2023-11-16,8458
00687B,國泰20年美債,26,0,26,康和-台南,2023-11-16,8458
1815,富喬,25,0,25,康和-台南,2023-11-16,8458
5706,鳳凰,25,0,25,康和-台南,2023-11-16,8458
2736,富野,24,0,24,康和-台南,2023-11-16,8458
2748,雲品,21,1,20,康和-台南,2023-11-16,8458
3669,圓展,19,0,19,康和-台南,2023-11-16,8458
8150,南茂,28,10,18,康和-台南,2023-11-16,8458
6276,安鈦克,18,0,18,康和-台南,2023-11-16,8458
00919,群益台灣精選高息,17,1,16,康和-台南,2023-11-16,8458
2352,佳世達,13,0,13,康和-台南,2023-11-16,8458
2402,毅嘉,16,3,13,康和-台南,2023-11-16,8458
5324,士開,16,3,13,康和-台南,2023-11-16,8458
00935,野村臺灣新科技50,12,0,12,康和-台南,2023-11-16,8458
2353,宏��,12,0,12,康和-台南,2023-11-16,8458
6282,康舒,12,0,12,康和-台南,2023-11-16,8458
2618,長榮航,91,79,12,康和-台南,2023-11-16,8458
2329,華泰,32,21,11,康和-台南,2023-11-16,8458
00882,中信中國高股息,13,2,11,康和-台南,2023-11-16,8458
1584,精剛,11,0,11,康和-台南,2023-11-16,8458
2354,鴻準,11,0,11,康和-台南,2023-11-16,8458
6414,樺漢,10,0,10,康和-台南,2023-11-16,8458
1711,永光,10,0,10,康和-台南,2023-11-16,8458
2367,燿華,10,0,10,康和-台南,2023-11-16,8458
2472,立隆電,10,0,10,康和-台南,2023-11-16,8458
5516,雙喜,10,0,10,康和-台南,2023-11-16,8458
6451,訊芯-KY,10,0,10,康和-台南,2023-11-16,8458
00878,國泰永續高股息,15,5,10,康和-台南,2023-11-16,8458
0056,元大高股息,13,4,9,康和-台南,2023-11-16,8458
3036,文曄,10,1,9,康和-台南,2023-11-16,8458
6139,亞翔,11,2,9,康和-台南,2023-11-16,8458
6462,神盾,9,0,9,康和-台南,2023-11-16,8458
2891,中信金,15,7,8,康和-台南,2023-11-16,8458
3041,揚智,15,7,8,康和-台南,2023-11-16,8458
00679B,元大美債20年,6,0,6,康和-台南,2023-11-16,8458
2633,台灣高鐵,6,0,6,康和-台南,2023-11-16,8458
3260,威剛,6,0,6,康和-台南,2023-11-16,8458
3694,海華,11,5,6,康和-台南,2023-11-16,8458
8432,東生華,6,0,6,康和-台南,2023-11-16,8458
9914,美利達,8,2,6,康和-台南,2023-11-16,8458
00751B,元大AAA至A公司債,5,0,5,康和-台南,2023-11-16,8458
1742,台蠟,5,0,5,康和-台南,2023-11-16,8458
2031,新光鋼,5,0,5,康和-台南,2023-11-16,8458
3042,晶技,5,0,5,康和-台南,2023-11-16,8458
3078,僑威,6,1,5,康和-台南,2023-11-16,8458
6265,方土昶,5,0,5,康和-台南,2023-11-16,8458
6695,芯鼎,6,1,5,康和-台南,2023-11-16,8458
1301,台塑,5,1,4,康和-台南,2023-11-16,8458
00891,中信關鍵半導體,14,10,4,康和-台南,2023-11-16,8458
2739,寒舍,4,0,4,康和-台南,2023-11-16,8458
2834,臺企銀,800,4,796,康和-台南,2023-11-17,8458
00680L,元大美債20正2,100,0,100,康和-台南,2023-11-17,8458
2331,精英,33,0,33,康和-台南,2023-11-17,8458
1810,和成,30,0,30,康和-台南,2023-11-17,8458
00715L,期街口布蘭特正2,28,0,28,康和-台南,2023-11-17,8458
2363,矽統,86,61,25,康和-台南,2023-11-17,8458
2401,凌陽,43,20,23,康和-台南,2023-11-17,8458
00632R,元大台灣50反1,20,0,20,康和-台南,2023-11-17,8458
6243,迅杰,28,8,20,康和-台南,2023-11-17,8458
3701,大眾控,24,6,18,康和-台南,2023-11-17,8458
2743,山富,28,11,17,康和-台南,2023-11-17,8458
00919,群益台灣精選高息,21,5,16,康和-台南,2023-11-17,8458
3041,揚智,42,27,15,康和-台南,2023-11-17,8458
4931,新盛力,15,0,15,康和-台南,2023-11-17,8458
2344,華邦電,15,3,12,康和-台南,2023-11-17,8458
6127,九豪,12,1,11,康和-台南,2023-11-17,8458
00786B,元大10年IG銀行債,10,0,10,康和-台南,2023-11-17,8458
00882,中信中國高股息,10,0,10,康和-台南,2023-11-17,8458
00637L,元大滬深300正2,10,0,10,康和-台南,2023-11-17,8458
1815,富喬,11,1,10,康和-台南,2023-11-17,8458
2316,楠梓電,10,0,10,康和-台南,2023-11-17,8458
2425,承啟,10,0,10,康和-台南,2023-11-17,8458
3268,海德威,10,0,10,康和-台南,2023-11-17,8458
3576,聯合再生,10,0,10,康和-台南,2023-11-17,8458
6204,艾華,10,0,10,康和-台南,2023-11-17,8458
3189,景碩,10,1,9,康和-台南,2023-11-17,8458
3522,御嵿,9,0,9,康和-台南,2023-11-17,8458
4746,台耀,16,7,9,康和-台南,2023-11-17,8458
2355,敬鵬,10,1,9,康和-台南,2023-11-17,8458
2731,雄獅,14,6,8,康和-台南,2023-11-17,8458
4533,協易機,8,0,8,康和-台南,2023-11-17,8458
00688L,國泰20年美債正2,7,0,7,康和-台南,2023-11-17,8458
6125,廣運,8,1,7,康和-台南,2023-11-17,8458
9950,萬國通,10,3,7,康和-台南,2023-11-17,8458
1540,喬福,6,0,6,康和-台南,2023-11-17,8458
2204,中華,6,0,6,康和-台南,2023-11-17,8458
2371,大同,6,0,6,康和-台南,2023-11-17,8458
1301,台塑,5,0,5,康和-台南,2023-11-17,8458
00931B,統一美債20年,5,0,5,康和-台南,2023-11-17,8458
00642U,期元大S＆P石油,5,0,5,康和-台南,2023-11-17,8458
2308,台達電,5,0,5,康和-台南,2023-11-17,8458
2327,國巨,5,0,5,康和-台南,2023-11-17,8458
2409,友達,10,5,5,康和-台南,2023-11-17,8458
3652,精聯,5,0,5,康和-台南,2023-11-17,8458
4952,凌通,5,0,5,康和-台南,2023-11-17,8458
5243,乙盛-KY,5,0,5,康和-台南,2023-11-17,8458
6122,擎邦,5,0,5,康和-台南,2023-11-17,8458
6185,幃翔,5,0,5,康和-台南,2023-11-17,8458
8046,南電,5,0,5,康和-台南,2023-11-17,8458
1609,大亞,9,5,4,康和-台南,2023-11-17,8458
2834,臺企銀,350,0,350,康和-台南,2023-11-20,8458
1609,大亞,126,13,113,康和-台南,2023-11-20,8458
00885,富邦越南,101,0,101,康和-台南,2023-11-20,8458
00680L,元大美債20正2,100,0,100,康和-台南,2023-11-20,8458
6125,廣運,53,3,50,康和-台南,2023-11-20,8458
5512,力麒,52,7,45,康和-台南,2023-11-20,8458
6270,倍微,41,1,40,康和-台南,2023-11-20,8458
2606,裕民,38,0,38,康和-台南,2023-11-20,8458
2344,華邦電,32,5,27,康和-台南,2023-11-20,8458
2883,凱基金,35,10,25,康和-台南,2023-11-20,8458
2603,長榮,21,1,20,康和-台南,2023-11-20,8458
6244,茂迪,16,0,16,康和-台南,2023-11-20,8458
2329,華泰,25,10,15,康和-台南,2023-11-20,8458
2409,友達,20,5,15,康和-台南,2023-11-20,8458
00679B,元大美債20年,13,0,13,康和-台南,2023-11-20,8458
2201,裕隆,12,0,12,康和-台南,2023-11-20,8458
3530,晶相光,11,0,11,康和-台南,2023-11-20,8458
6799,來頡,12,1,11,康和-台南,2023-11-20,8458
8086,宏捷科,12,1,11,康和-台南,2023-11-20,8458
1810,和成,10,0,10,康和-台南,2023-11-20,8458
2007,燁興,10,0,10,康和-台南,2023-11-20,8458
2105,正新,10,0,10,康和-台南,2023-11-20,8458
2359,所羅門,19,9,10,康和-台南,2023-11-20,8458
2501,國建,10,0,10,康和-台南,2023-11-20,8458
3380,明泰,10,0,10,康和-台南,2023-11-20,8458
6168,宏齊,11,1,10,康和-台南,2023-11-20,8458
2369,菱生,11,3,8,康和-台南,2023-11-20,8458
6188,廣明,8,0,8,康和-台南,2023-11-20,8458
00687B,國泰20年美債,7,0,7,康和-台南,2023-11-20,8458
1519,華城,7,0,7,康和-台南,2023-11-20,8458
5706,鳳凰,8,1,7,康和-台南,2023-11-20,8458
2308,台達電,6,0,6,康和-台南,2023-11-20,8458
2497,怡利電,6,0,6,康和-台南,2023-11-20,8458
2610,華航,7,1,6,康和-台南,2023-11-20,8458
6243,迅杰,35,29,6,康和-台南,2023-11-20,8458
3481,群創,5,0,5,康和-台南,2023-11-20,8458
2891,中信金,5,0,5,康和-台南,2023-11-20,8458
00795B,中信美國公債20年,5,0,5,康和-台南,2023-11-20,8458
00786B,元大10年IG銀行債,5,0,5,康和-台南,2023-11-20,8458
00725B,國泰投資級公司債,5,0,5,康和-台南,2023-11-20,8458
1319,東陽,8,3,5,康和-台南,2023-11-20,8458
2915,潤泰全,5,0,5,康和-台南,2023-11-20,8458
3081,聯亞,5,0,5,康和-台南,2023-11-20,8458
3219,倚強科,5,0,5,康和-台南,2023-11-20,8458
3454,晶睿,5,0,5,康和-台南,2023-11-20,8458
3673,TPK-KY,5,0,5,康和-台南,2023-11-20,8458
4766,南寶,5,0,5,康和-台南,2023-11-20,8458
4968,立積,8,3,5,康和-台南,2023-11-20,8458
6139,亞翔,17,12,5,康和-台南,2023-11-20,8458
6191,精成科,5,0,5,康和-台南,2023-11-20,8458
00885,富邦越南,100,0,100,康和-台南,2023-11-21,8458
1447,力鵬,85,0,85,康和-台南,2023-11-21,8458
00669R,國泰美國道瓊反1,50,0,50,康和-台南,2023-11-21,8458
4952,凌通,41,1,40,康和-台南,2023-11-21,8458
2356,英業達,40,5,35,康和-台南,2023-11-21,8458
2748,雲品,38,5,33,康和-台南,2023-11-21,8458
1810,和成,30,0,30,康和-台南,2023-11-21,8458
3062,建漢,32,2,30,康和-台南,2023-11-21,8458
2606,裕民,22,0,22,康和-台南,2023-11-21,8458
1409,新纖,21,0,21,康和-台南,2023-11-21,8458
2603,長榮,22,1,21,康和-台南,2023-11-21,8458
00688L,國泰20年美債正2,20,0,20,康和-台南,2023-11-21,8458
2618,長榮航,28,8,20,康和-台南,2023-11-21,8458
8054,安國,18,0,18,康和-台南,2023-11-21,8458
1522,堤維西,21,4,17,康和-台南,2023-11-21,8458
8121,越峰,16,0,16,康和-台南,2023-11-21,8458
5302,太欣,14,0,14,康和-台南,2023-11-21,8458
6233,旺玖,25,12,13,康和-台南,2023-11-21,8458
8289,泰藝,24,11,13,康和-台南,2023-11-21,8458
6288,聯嘉,12,0,12,康和-台南,2023-11-21,8458
3535,晶彩科,11,0,11,康和-台南,2023-11-21,8458
2736,富野,11,0,11,康和-台南,2023-11-21,8458
00931B,統一美債20年,10,0,10,康和-台南,2023-11-21,8458
00632R,元大台灣50反1,10,0,10,康和-台南,2023-11-21,8458
2838A,聯邦銀甲特,10,0,10,康和-台南,2023-11-21,8458
3231,緯創,55,46,9,康和-台南,2023-11-21,8458
6237,驊訊,15,6,9,康和-台南,2023-11-21,8458
00679B,元大美債20年,8,0,8,康和-台南,2023-11-21,8458
1440,南紡,12,4,8,康和-台南,2023-11-21,8458
5706,鳳凰,19,11,8,康和-台南,2023-11-21,8458
2301,光寶科,10,3,7,康和-台南,2023-11-21,8458
4543,萬在,8,1,7,康和-台南,2023-11-21,8458
6150,撼訊,7,0,7,康和-台南,2023-11-21,8458
6160,欣技,7,0,7,康和-台南,2023-11-21,8458
6213,聯茂,8,1,7,康和-台南,2023-11-21,8458
00772B,中信高評級公司債,7,0,7,康和-台南,2023-11-21,8458
2427,三商電,6,0,6,康和-台南,2023-11-21,8458
00929,復華台灣科技優息,13,7,6,康和-台南,2023-11-21,8458
00637L,元大滬深300正2,5,0,5,康和-台南,2023-11-21,8458
00725B,國泰投資級公司債,5,0,5,康和-台南,2023-11-21,8458
2104,國際中橡,5,0,5,康和-台南,2023-11-21,8458
3038,全台,5,0,5,康和-台南,2023-11-21,8458
3078,僑威,5,0,5,康和-台南,2023-11-21,8458
6805,富世達,5,0,5,康和-台南,2023-11-21,8458
3041,揚智,10,6,4,康和-台南,2023-11-21,8458
4979,華星光,22,18,4,康和-台南,2023-11-21,8458
1568,倉佑,10,6,4,康和-台南,2023-11-21,8458
2498,宏達電,6,2,4,康和-台南,2023-11-21,8458
3032,偉訓,4,0,4,康和-台南,2023-11-21,8458
3257,虹冠電,4,0,4,康和-台南,2023-11-21,8458
2883,凱基金,650,204,446,康和-台南,2023-11-22,8458
00878,國泰永續高股息,128,20,108,康和-台南,2023-11-22,8458
6770,力積電,91,1,90,康和-台南,2023-11-22,8458
3047,訊舟,60,0,60,康和-台南,2023-11-22,8458
2610,華航,51,1,50,康和-台南,2023-11-22,8458
3356,奇偶,60,10,50,康和-台南,2023-11-22,8458
4919,新唐,52,7,45,康和-台南,2023-11-22,8458
2363,矽統,58,14,44,康和-台南,2023-11-22,8458
6282,康舒,68,24,44,康和-台南,2023-11-22,8458
2442,新美齊,28,0,28,康和-台南,2023-11-22,8458
3231,緯創,29,3,26,康和-台南,2023-11-22,8458
6005,群益證,25,3,22,康和-台南,2023-11-22,8458
5443,均豪,29,9,20,康和-台南,2023-11-22,8458
5258,虹堡,24,5,19,康和-台南,2023-11-22,8458
6243,迅杰,24,5,19,康和-台南,2023-11-22,8458
4566,時碩工業,17,0,17,康和-台南,2023-11-22,8458
2402,毅嘉,16,0,16,康和-台南,2023-11-22,8458
6125,廣運,17,3,14,康和-台南,2023-11-22,8458
8289,泰藝,15,1,14,康和-台南,2023-11-22,8458
00905,FT臺灣Smart,13,0,13,康和-台南,2023-11-22,8458
2382,廣達,22,10,12,康和-台南,2023-11-22,8458
0056,元大高股息,11,0,11,康和-台南,2023-11-22,8458
00929,復華台灣科技優息,22,11,11,康和-台南,2023-11-22,8458
00900,富邦特選高股息30,11,0,11,康和-台南,2023-11-22,8458
00679B,元大美債20年,10,0,10,康和-台南,2023-11-22,8458
2618,長榮航,55,45,10,康和-台南,2023-11-22,8458
3189,景碩,10,0,10,康和-台南,2023-11-22,8458
3535,晶彩科,10,0,10,康和-台南,2023-11-22,8458
2301,光寶科,12,3,9,康和-台南,2023-11-22,8458
2352,佳世達,9,0,9,康和-台南,2023-11-22,8458
2201,裕隆,8,0,8,康和-台南,2023-11-22,8458
3147,大綜,10,2,8,康和-台南,2023-11-22,8458
3163,波若威,10,2,8,康和-台南,2023-11-22,8458
00882,中信中國高股息,6,0,6,康和-台南,2023-11-22,8458
1515,力山,6,0,6,康和-台南,2023-11-22,8458
2313,華通,13,7,6,康和-台南,2023-11-22,8458
5498,凱崴,6,0,6,康和-台南,2023-11-22,8458
6191,精成科,6,0,6,康和-台南,2023-11-22,8458
0050,元大台灣50,5,0,5,康和-台南,2023-11-22,8458
00919,群益台灣精選高息,5,0,5,康和-台南,2023-11-22,8458
3406,玉晶光,5,0,5,康和-台南,2023-11-22,8458
00857B,永豐20年美公債,5,0,5,康和-台南,2023-11-22,8458
00936,台新永續高息中小,5,0,5,康和-台南,2023-11-22,8458
1316,上曜,5,0,5,康和-台南,2023-11-22,8458
2258,鴻華先進-創,5,0,5,康和-台南,2023-11-22,8458
2419,仲琦,5,0,5,康和-台南,2023-11-22,8458
2421,建準,10,5,5,康和-台南,2023-11-22,8458
2455,全新,10,5,5,康和-台南,2023-11-22,8458
3035,智原,18,13,5,康和-台南,2023-11-22,8458
6416,瑞祺電通,5,0,5,康和-台南,2023-11-22,8458
4919,新唐,80,6,74,康和-台南,2023-11-23,8458
00878,國泰永續高股息,66,1,65,康和-台南,2023-11-23,8458
6142,友勁,62,0,62,康和-台南,2023-11-23,8458
5706,鳳凰,53,5,48,康和-台南,2023-11-23,8458
3363,上詮,40,0,40,康和-台南,2023-11-23,8458
3078,僑威,68,32,36,康和-台南,2023-11-23,8458
2027,大成鋼,30,0,30,康和-台南,2023-11-23,8458
3122,笙泉,41,11,30,康和-台南,2023-11-23,8458
6233,旺玖,33,3,30,康和-台南,2023-11-23,8458
2881,富邦金,30,0,30,康和-台南,2023-11-23,8458
2457,飛宏,30,1,29,康和-台南,2023-11-23,8458
2867,三商壽,26,0,26,康和-台南,2023-11-23,8458
2344,華邦電,32,7,25,康和-台南,2023-11-23,8458
5347,世界,25,1,24,康和-台南,2023-11-23,8458
2417,圓剛,28,5,23,康和-台南,2023-11-23,8458
2387,精元,22,0,22,康和-台南,2023-11-23,8458
6117,迎廣,28,8,20,康和-台南,2023-11-23,8458
8163,達方,20,1,19,康和-台南,2023-11-23,8458
3006,晶豪科,26,8,18,康和-台南,2023-11-23,8458
6139,亞翔,20,2,18,康和-台南,2023-11-23,8458
6170,統振,21,3,18,康和-台南,2023-11-23,8458
1522,堤維西,19,4,15,康和-台南,2023-11-23,8458
6462,神盾,12,0,12,康和-台南,2023-11-23,8458
3260,威剛,14,2,12,康和-台南,2023-11-23,8458
1568,倉佑,11,0,11,康和-台南,2023-11-23,8458
6245,立端,14,3,11,康和-台南,2023-11-23,8458
3231,緯創,27,17,10,康和-台南,2023-11-23,8458
1101,台泥,15,5,10,康和-台南,2023-11-23,8458
4906,正文,10,0,10,康和-台南,2023-11-23,8458
6016,康和證,10,0,10,康和-台南,2023-11-23,8458
00881,國泰台灣5G+,10,0,10,康和-台南,2023-11-23,8458
2382,廣達,14,6,8,康和-台南,2023-11-23,8458
2455,全新,21,13,8,康和-台南,2023-11-23,8458
3032,偉訓,17,9,8,康和-台南,2023-11-23,8458
4513,福裕,8,0,8,康和-台南,2023-11-23,8458
4746,台耀,9,1,8,康和-台南,2023-11-23,8458
00919,群益台灣精選高息,7,0,7,康和-台南,2023-11-23,8458
2301,光寶科,7,0,7,康和-台南,2023-11-23,8458
2367,燿華,14,7,7,康和-台南,2023-11-23,8458
3450,聯鈞,8,1,7,康和-台南,2023-11-23,8458
3715,定穎投控,13,6,7,康和-台南,2023-11-23,8458
3530,晶相光,6,0,6,康和-台南,2023-11-23,8458
3694,海華,8,2,6,康和-台南,2023-11-23,8458
8033,雷虎,6,0,6,康和-台南,2023-11-23,8458
3402,漢科,13,7,6,康和-台南,2023-11-23,8458
6901,鑽石投資,6,1,5,康和-台南,2023-11-23,8458
1608,華榮,6,1,5,康和-台南,2023-11-23,8458
1815,富喬,5,0,5,康和-台南,2023-11-23,8458
2017,官田鋼,5,0,5,康和-台南,2023-11-23,8458
6187,萬潤,6,1,5,康和-台南,2023-11-23,8458
00885,富邦越南,120,0,120,康和-台南,2023-11-24,8458
00929,復華台灣科技優息,92,0,92,康和-台南,2023-11-24,8458
1810,和成,70,1,69,康和-台南,2023-11-24,8458
6142,友勁,66,0,66,康和-台南,2023-11-24,8458
00878,國泰永續高股息,51,0,51,康和-台南,2023-11-24,8458
2618,長榮航,55,8,47,康和-台南,2023-11-24,8458
3231,緯創,34,3,31,康和-台南,2023-11-24,8458
5515,建國,30,0,30,康和-台南,2023-11-24,8458
3706,神達,27,5,22,康和-台南,2023-11-24,8458
8222,寶一,31,10,21,康和-台南,2023-11-24,8458
1310,台苯,20,0,20,康和-台南,2023-11-24,8458
2641,正德,20,0,20,康和-台南,2023-11-24,8458
2881,富邦金,30,10,20,康和-台南,2023-11-24,8458
1515,力山,17,0,17,康和-台南,2023-11-24,8458
2371,大同,21,4,17,康和-台南,2023-11-24,8458
3052,夆典,16,0,16,康和-台南,2023-11-24,8458
5351,鈺創,24,8,16,康和-台南,2023-11-24,8458
00720B,元大投資級公司債,15,0,15,康和-台南,2023-11-24,8458
2492,華新科,18,3,15,康和-台南,2023-11-24,8458
3576,聯合再生,25,10,15,康和-台南,2023-11-24,8458
8358,金居,12,0,12,康和-台南,2023-11-24,8458
1519,華城,24,14,10,康和-台南,2023-11-24,8458
3078,僑威,11,1,10,康和-台南,2023-11-24,8458
5521,工信,10,0,10,康和-台南,2023-11-24,8458
2748,雲品,10,1,9,康和-台南,2023-11-24,8458
6546,正基,9,0,9,康和-台南,2023-11-24,8458
2367,燿華,10,2,8,康和-台南,2023-11-24,8458
3548,兆利,21,13,8,康和-台南,2023-11-24,8458
8906,花王,8,0,8,康和-台南,2023-11-24,8458
2345,智邦,7,0,7,康和-台南,2023-11-24,8458
2419,仲琦,7,0,7,康和-台南,2023-11-24,8458
2867,三商壽,13,6,7,康和-台南,2023-11-24,8458
3260,威剛,12,5,7,康和-台南,2023-11-24,8458
00687B,國泰20年美債,6,0,6,康和-台南,2023-11-24,8458
2455,全新,18,12,6,康和-台南,2023-11-24,8458
6243,迅杰,7,1,6,康和-台南,2023-11-24,8458
8110,華東,7,1,6,康和-台南,2023-11-24,8458
2027,大成鋼,6,0,6,康和-台南,2023-11-24,8458
2301,光寶科,5,0,5,康和-台南,2023-11-24,8458
00751B,元大AAA至A公司債,5,0,5,康和-台南,2023-11-24,8458
00688L,國泰20年美債正2,5,0,5,康和-台南,2023-11-24,8458
1815,富喬,13,8,5,康和-台南,2023-11-24,8458
2329,華泰,16,11,5,康和-台南,2023-11-24,8458
2363,矽統,34,29,5,康和-台南,2023-11-24,8458
2374,佳能,12,7,5,康和-台南,2023-11-24,8458
2516,新建,5,0,5,康和-台南,2023-11-24,8458
2884,玉山金,5,0,5,康和-台南,2023-11-24,8458
3062,建漢,5,0,5,康和-台南,2023-11-24,8458
3530,晶相光,6,1,5,康和-台南,2023-11-24,8458
4130,健亞,5,0,5,康和-台南,2023-11-24,8458
2883,凱基金,333,5,328,康和-台南,2023-11-27,8458
00680L,元大美債20正2,101,0,101,康和-台南,2023-11-27,8458
1810,和成,51,0,51,康和-台南,2023-11-27,8458
2881,富邦金,34,0,34,康和-台南,2023-11-27,8458
2809,京城銀,30,0,30,康和-台南,2023-11-27,8458
2393,億光,30,1,29,康和-台南,2023-11-27,8458
3706,神達,43,17,26,康和-台南,2023-11-27,8458
2344,華邦電,28,4,24,康和-台南,2023-11-27,8458
2816,旺旺保,22,0,22,康和-台南,2023-11-27,8458
2618,長榮航,27,7,20,康和-台南,2023-11-27,8458
1762,中化生,19,0,19,康和-台南,2023-11-27,8458
00687B,國泰20年美債,18,0,18,康和-台南,2023-11-27,8458
3231,緯創,22,6,16,康和-台南,2023-11-27,8458
2905,三商,20,5,15,康和-台南,2023-11-27,8458
2605,新興,22,8,14,康和-台南,2023-11-27,8458
2356,英業達,16,4,12,康和-台南,2023-11-27,8458
1609,大亞,17,6,11,康和-台南,2023-11-27,8458
2317,鴻海,11,0,11,康和-台南,2023-11-27,8458
2458,義隆,11,0,11,康和-台南,2023-11-27,8458
6112,邁達特,11,0,11,康和-台南,2023-11-27,8458
00636,國泰中國A50,10,0,10,康和-台南,2023-11-27,8458
2387,精元,10,0,10,康和-台南,2023-11-27,8458
2417,圓剛,10,0,10,康和-台南,2023-11-27,8458
3530,晶相光,10,0,10,康和-台南,2023-11-27,8458
8163,達方,10,0,10,康和-台南,2023-11-27,8458
00878,國泰永續高股息,10,0,10,康和-台南,2023-11-27,8458
2382,廣達,17,8,9,康和-台南,2023-11-27,8458
1515,力山,10,1,9,康和-台南,2023-11-27,8458
2634,漢翔,9,0,9,康和-台南,2023-11-27,8458
3217,優群,9,0,9,康和-台南,2023-11-27,8458
2201,裕隆,8,0,8,康和-台南,2023-11-27,8458
5347,世界,13,5,8,康和-台南,2023-11-27,8458
6122,擎邦,18,10,8,康和-台南,2023-11-27,8458
6282,康舒,21,13,8,康和-台南,2023-11-27,8458
00720B,元大投資級公司債,7,0,7,康和-台南,2023-11-27,8458
00786B,元大10年IG銀行債,7,0,7,康和-台南,2023-11-27,8458
2363,矽統,18,11,7,康和-台南,2023-11-27,8458
3031,佰鴻,13,6,7,康和-台南,2023-11-27,8458
4114,健喬,8,1,7,康和-台南,2023-11-27,8458
4746,台耀,14,7,7,康和-台南,2023-11-27,8458
8261,富鼎,6,0,6,康和-台南,2023-11-27,8458
00900,富邦特選高股息30,6,0,6,康和-台南,2023-11-27,8458
4909,新復興,6,0,6,康和-台南,2023-11-27,8458
3325,旭品,7,2,5,康和-台南,2023-11-27,8458
00919,群益台灣精選高息,5,0,5,康和-台南,2023-11-27,8458
1307,三芳,5,0,5,康和-台南,2023-11-27,8458
00857B,永豐20年美公債,5,0,5,康和-台南,2023-11-27,8458
1101,台泥,5,0,5,康和-台南,2023-11-27,8458
1795,美時,17,12,5,康和-台南,2023-11-27,8458
2722,夏都,5,0,5,康和-台南,2023-11-27,8458
2641,正德,40,0,40,康和-台南,2023-11-28,8458
3576,聯合再生,40,0,40,康和-台南,2023-11-28,8458
2367,燿華,56,24,32,康和-台南,2023-11-28,8458
2605,新興,44,15,29,康和-台南,2023-11-28,8458
1905,華紙,28,0,28,康和-台南,2023-11-28,8458
2353,宏��,28,0,28,康和-台南,2023-11-28,8458
2355,敬鵬,22,3,19,康和-台南,2023-11-28,8458
6122,擎邦,48,31,17,康和-台南,2023-11-28,8458
2637,慧洋-KY,20,4,16,康和-台南,2023-11-28,8458
00902,中信電池及儲能,15,0,15,康和-台南,2023-11-28,8458
2303,聯電,18,4,14,康和-台南,2023-11-28,8458
2371,大同,12,0,12,康和-台南,2023-11-28,8458
1101,台泥,13,2,11,康和-台南,2023-11-28,8458
1442,名軒,10,0,10,康和-台南,2023-11-28,8458
6246,臺龍,10,0,10,康和-台南,2023-11-28,8458
1815,富喬,12,2,10,康和-台南,2023-11-28,8458
00712,復華富時不動產,7,0,7,康和-台南,2023-11-28,8458
5876,上海商銀,6,0,6,康和-台南,2023-11-28,8458
1524,耿鼎,6,0,6,康和-台南,2023-11-28,8458
3703,欣陸,6,0,6,康和-台南,2023-11-28,8458
00929,復華台灣科技優息,6,0,6,康和-台南,2023-11-28,8458
3437,榮創,5,0,5,康和-台南,2023-11-28,8458
1515,力山,14,9,5,康和-台南,2023-11-28,8458
2344,華邦電,7,2,5,康和-台南,2023-11-28,8458
3163,波若威,5,0,5,康和-台南,2023-11-28,8458
3374,精材,5,0,5,康和-台南,2023-11-28,8458
6770,力積電,10,5,5,康和-台南,2023-11-28,8458
8011,台通,5,0,5,康和-台南,2023-11-28,8458
8110,華東,5,0,5,康和-台南,2023-11-28,8458
8936,國統,7,2,5,康和-台南,2023-11-28,8458
9910,豐泰,5,0,5,康和-台南,2023-11-28,8458
4979,華星光,4,0,4,康和-台南,2023-11-28,8458
1103,嘉泥,4,0,4,康和-台南,2023-11-28,8458
1216,統一,4,0,4,康和-台南,2023-11-28,8458
1504,東元,4,0,4,康和-台南,2023-11-28,8458
1701,中化,4,0,4,康和-台南,2023-11-28,8458
2231,為升,4,0,4,康和-台南,2023-11-28,8458
2405,輔信,4,0,4,康和-台南,2023-11-28,8458
4543,萬在,4,0,4,康和-台南,2023-11-28,8458
6125,廣運,11,7,4,康和-台南,2023-11-28,8458
4306,炎洲,5,1,4,康和-台南,2023-11-28,8458
3035,智原,10,6,4,康和-台南,2023-11-28,8458
2630,亞航,3,0,3,康和-台南,2023-11-28,8458
1514,亞力,6,3,3,康和-台南,2023-11-28,8458
2457,飛宏,4,1,3,康和-台南,2023-11-28,8458
2501,國建,3,0,3,康和-台南,2023-11-28,8458
2722,夏都,3,0,3,康和-台南,2023-11-28,8458
3013,晟銘電,3,0,3,康和-台南,2023-11-28,8458
4956,光鋐,7,4,3,康和-台南,2023-11-28,8458
8068,全達,3,0,3,康和-台南,2023-11-28,8458
00935,野村臺灣新科技50,85,10,75,康和-台南,2023-11-29,8458
6125,廣運,72,12,60,康和-台南,2023-11-29,8458
2369,菱生,62,5,57,康和-台南,2023-11-29,8458
2883,凱基金,62,12,50,康和-台南,2023-11-29,8458
2610,華航,50,0,50,康和-台南,2023-11-29,8458
3363,上詮,92,61,31,康和-台南,2023-11-29,8458
2606,裕民,30,0,30,康和-台南,2023-11-29,8458
2888,新光金,30,1,29,康和-台南,2023-11-29,8458
2367,燿華,31,6,25,康和-台南,2023-11-29,8458
6122,擎邦,42,20,22,康和-台南,2023-11-29,8458
3090,日電貿,20,0,20,康和-台南,2023-11-29,8458
2618,長榮航,27,8,19,康和-台南,2023-11-29,8458
8054,安國,23,4,19,康和-台南,2023-11-29,8458
4979,華星光,23,6,17,康和-台南,2023-11-29,8458
2399,映泰,17,1,16,康和-台南,2023-11-29,8458
3032,偉訓,25,11,14,康和-台南,2023-11-29,8458
6282,康舒,14,0,14,康和-台南,2023-11-29,8458
6695,芯鼎,16,4,12,康和-台南,2023-11-29,8458
2891,中信金,10,0,10,康和-台南,2023-11-29,8458
4133,亞諾法,10,0,10,康和-台南,2023-11-29,8458
6799,來頡,12,2,10,康和-台南,2023-11-29,8458
8261,富鼎,10,0,10,康和-台南,2023-11-29,8458
3094,聯傑,15,6,9,康和-台南,2023-11-29,8458
8068,全達,9,0,9,康和-台南,2023-11-29,8458
2313,華通,27,19,8,康和-台南,2023-11-29,8458
3078,僑威,9,1,8,康和-台南,2023-11-29,8458
4104,佳醫,7,0,7,康和-台南,2023-11-29,8458
4768,晶呈科技,6,0,6,康和-台南,2023-11-29,8458
5876,上海商銀,6,0,6,康和-台南,2023-11-29,8458
6245,立端,6,0,6,康和-台南,2023-11-29,8458
6770,力積電,6,0,6,康和-台南,2023-11-29,8458
00753L,中信中國50正2,5,0,5,康和-台南,2023-11-29,8458
00885,富邦越南,5,0,5,康和-台南,2023-11-29,8458
00665L,富邦�琤肭磪囓�2,5,0,5,康和-台南,2023-11-29,8458
2617,台航,5,0,5,康和-台南,2023-11-29,8458
3465,進泰電子,5,0,5,康和-台南,2023-11-29,8458
4714,永捷,5,0,5,康和-台南,2023-11-29,8458
6188,廣明,5,0,5,康和-台南,2023-11-29,8458
8034,榮群,5,0,5,康和-台南,2023-11-29,8458
8390,金益鼎,6,1,5,康和-台南,2023-11-29,8458
1514,亞力,9,4,5,康和-台南,2023-11-29,8458
1440,南紡,4,0,4,康和-台南,2023-11-29,8458
00633L,富邦上証正2,4,0,4,康和-台南,2023-11-29,8458
1503,士電,5,1,4,康和-台南,2023-11-29,8458
2492,華新科,8,4,4,康和-台南,2023-11-29,8458
5347,世界,5,1,4,康和-台南,2023-11-29,8458
1513,中興電,4,0,4,康和-台南,2023-11-29,8458
2383,台光電,4,1,3,康和-台南,2023-11-29,8458
3231,緯創,10,7,3,康和-台南,2023-11-29,8458
00882,中信中國高股息,3,0,3,康和-台南,2023-11-29,8458
00680L,元大美債20正2,290,0,290,康和-台南,2023-11-30,8458
00905,FT臺灣Smart,80,0,80,康和-台南,2023-11-30,8458
00922,國泰台灣領袖50,30,0,30,康和-台南,2023-11-30,8458
9921,巨大,34,6,28,康和-台南,2023-11-30,8458
2905,三商,20,0,20,康和-台南,2023-11-30,8458
5381,合正,20,0,20,康和-台南,2023-11-30,8458
00892,富邦台灣半導體,20,1,19,康和-台南,2023-11-30,8458
6435,大中,19,0,19,康和-台南,2023-11-30,8458
2363,矽統,28,11,17,康和-台南,2023-11-30,8458
2344,華邦電,38,22,16,康和-台南,2023-11-30,8458
6122,擎邦,20,5,15,康和-台南,2023-11-30,8458
1513,中興電,15,3,12,康和-台南,2023-11-30,8458
6243,迅杰,13,1,12,康和-台南,2023-11-30,8458
00919,群益台灣精選高息,11,0,11,康和-台南,2023-11-30,8458
2069,運錩,11,0,11,康和-台南,2023-11-30,8458
2367,燿華,13,2,11,康和-台南,2023-11-30,8458
3402,漢科,15,4,11,康和-台南,2023-11-30,8458
6154,順發,11,0,11,康和-台南,2023-11-30,8458
00935,野村臺灣新科技50,10,0,10,康和-台南,2023-11-30,8458
1711,永光,10,0,10,康和-台南,2023-11-30,8458
2402,毅嘉,10,0,10,康和-台南,2023-11-30,8458
2409,友達,17,7,10,康和-台南,2023-11-30,8458
4746,台耀,10,0,10,康和-台南,2023-11-30,8458
3481,群創,12,3,9,康和-台南,2023-11-30,8458
3013,晟銘電,18,9,9,康和-台南,2023-11-30,8458
3090,日電貿,10,1,9,康和-台南,2023-11-30,8458
00934,中信成長高股息,8,0,8,康和-台南,2023-11-30,8458
2888,新光金,8,0,8,康和-台南,2023-11-30,8458
2313,華通,10,3,7,康和-台南,2023-11-30,8458
1789,神隆,7,0,7,康和-台南,2023-11-30,8458
3715,定穎投控,16,9,7,康和-台南,2023-11-30,8458
6538,倉和,7,0,7,康和-台南,2023-11-30,8458
3231,緯創,22,16,6,康和-台南,2023-11-30,8458
8068,全達,6,0,6,康和-台南,2023-11-30,8458
00900,富邦特選高股息30,5,0,5,康和-台南,2023-11-30,8458
1616,億泰,5,0,5,康和-台南,2023-11-30,8458
2031,新光鋼,5,0,5,康和-台南,2023-11-30,8458
2607,榮運,5,0,5,康和-台南,2023-11-30,8458
3406,玉晶光,5,0,5,康和-台南,2023-11-30,8458
4739,康普,5,0,5,康和-台南,2023-11-30,8458
6438,迅得,5,0,5,康和-台南,2023-11-30,8458
8112,至上,5,0,5,康和-台南,2023-11-30,8458
8261,富鼎,15,10,5,康和-台南,2023-11-30,8458
6789,采鈺,7,3,4,康和-台南,2023-11-30,8458
00720B,元大投資級公司債,4,0,4,康和-台南,2023-11-30,8458
2634,漢翔,5,1,4,康和-台南,2023-11-30,8458
3052,夆典,4,0,4,康和-台南,2023-11-30,8458
3305,昇貿,4,0,4,康和-台南,2023-11-30,8458
4961,天鈺,4,0,4,康和-台南,2023-11-30,8458
8176,智捷,4,0,4,康和-台南,2023-11-30,8458
2882,國泰金,101,0,101,康和-台南,2023-12-01,8458
00680L,元大美債20正2,100,0,100,康和-台南,2023-12-01,8458
2886,兆豐金,64,0,64,康和-台南,2023-12-01,8458
2367,燿華,58,7,51,康和-台南,2023-12-01,8458
3360,尚立,42,0,42,康和-台南,2023-12-01,8458
2887,台新金,40,0,40,康和-台南,2023-12-01,8458
2618,長榮航,68,29,39,康和-台南,2023-12-01,8458
5425,台半,30,1,29,康和-台南,2023-12-01,8458
2883,凱基金,23,2,21,康和-台南,2023-12-01,8458
1314,中石化,20,0,20,康和-台南,2023-12-01,8458
6122,擎邦,49,32,17,康和-台南,2023-12-01,8458
3037,欣興,20,3,17,康和-台南,2023-12-01,8458
00687B,國泰20年美債,17,0,17,康和-台南,2023-12-01,8458
1582,信錦,20,3,17,康和-台南,2023-12-01,8458
2393,億光,17,0,17,康和-台南,2023-12-01,8458
3231,緯創,25,9,16,康和-台南,2023-12-01,8458
3715,定穎投控,30,14,16,康和-台南,2023-12-01,8458
3013,晟銘電,25,11,14,康和-台南,2023-12-01,8458
00919,群益台灣精選高息,14,0,14,康和-台南,2023-12-01,8458
2371,大同,13,0,13,康和-台南,2023-12-01,8458
3050,鈺德,14,1,13,康和-台南,2023-12-01,8458
3687,歐買尬,13,0,13,康和-台南,2023-12-01,8458
9919,康那香,20,7,13,康和-台南,2023-12-01,8458
2363,矽統,26,14,12,康和-台南,2023-12-01,8458
00878,國泰永續高股息,11,0,11,康和-台南,2023-12-01,8458
2358,廷鑫,11,0,11,康和-台南,2023-12-01,8458
3450,聯鈞,12,2,10,康和-台南,2023-12-01,8458
1605,華新,10,0,10,康和-台南,2023-12-01,8458
00905,FT臺灣Smart,10,0,10,康和-台南,2023-12-01,8458
2327,國巨,10,0,10,康和-台南,2023-12-01,8458
2337,旺宏,10,0,10,康和-台南,2023-12-01,8458
4956,光鋐,12,2,10,康和-台南,2023-12-01,8458
6126,信音,10,0,10,康和-台南,2023-12-01,8458
8255,朋程,10,0,10,康和-台南,2023-12-01,8458
3548,兆利,11,1,10,康和-台南,2023-12-01,8458
6271,同欣電,9,0,9,康和-台南,2023-12-01,8458
9933,中鼎,9,0,9,康和-台南,2023-12-01,8458
2324,仁寶,8,0,8,康和-台南,2023-12-01,8458
6125,廣運,18,10,8,康和-台南,2023-12-01,8458
00720B,元大投資級公司債,7,0,7,康和-台南,2023-12-01,8458
4526,東台,7,0,7,康和-台南,2023-12-01,8458
5388,中磊,7,0,7,康和-台南,2023-12-01,8458
00857B,永豐20年美公債,6,0,6,康和-台南,2023-12-01,8458
8932,智通*,6,0,6,康和-台南,2023-12-01,8458
9921,巨大,6,0,6,康和-台南,2023-12-01,8458
1101,台泥,6,1,5,康和-台南,2023-12-01,8458
1210,大成,5,0,5,康和-台南,2023-12-01,8458
00936,台新永續高息中小,5,0,5,康和-台南,2023-12-01,8458
4766,南寶,5,0,5,康和-台南,2023-12-01,8458
5289,宜鼎,5,0,5,康和-台南,2023-12-01,8458
2618,長榮航,151,6,145,康和-台南,2023-12-04,8458
2883,凱基金,141,1,140,康和-台南,2023-12-04,8458
8033,雷虎,82,0,82,康和-台南,2023-12-04,8458
6668,中揚光,65,1,64,康和-台南,2023-12-04,8458
2882,國泰金,60,0,60,康和-台南,2023-12-04,8458
00715L,期街口布蘭特正2,56,0,56,康和-台南,2023-12-04,8458
2409,友達,82,37,45,康和-台南,2023-12-04,8458
6122,擎邦,35,0,35,康和-台南,2023-12-04,8458
2809,京城銀,33,0,33,康和-台南,2023-12-04,8458
2331,精英,26,0,26,康和-台南,2023-12-04,8458
1326,台化,22,0,22,康和-台南,2023-12-04,8458
00905,FT臺灣Smart,21,0,21,康和-台南,2023-12-04,8458
3090,日電貿,21,1,20,康和-台南,2023-12-04,8458
00679B,元大美債20年,20,0,20,康和-台南,2023-12-04,8458
6233,旺玖,22,2,20,康和-台南,2023-12-04,8458
00929,復華台灣科技優息,30,12,18,康和-台南,2023-12-04,8458
3231,緯創,22,5,17,康和-台南,2023-12-04,8458
6271,同欣電,16,0,16,康和-台南,2023-12-04,8458
2330,台積電,19,4,15,康和-台南,2023-12-04,8458
1513,中興電,20,5,15,康和-台南,2023-12-04,8458
3339,泰谷,15,0,15,康和-台南,2023-12-04,8458
3706,神達,14,0,14,康和-台南,2023-12-04,8458
6257,矽格,16,2,14,康和-台南,2023-12-04,8458
2329,華泰,54,41,13,康和-台南,2023-12-04,8458
5347,世界,14,1,13,康和-台南,2023-12-04,8458
2402,毅嘉,12,0,12,康和-台南,2023-12-04,8458
3264,欣銓,17,5,12,康和-台南,2023-12-04,8458
1612,宏泰,11,0,11,康和-台南,2023-12-04,8458
6180,橘子,11,0,11,康和-台南,2023-12-04,8458
2355,敬鵬,26,15,11,康和-台南,2023-12-04,8458
00881,國泰台灣5G+,10,0,10,康和-台南,2023-12-04,8458
1339,昭輝,10,0,10,康和-台南,2023-12-04,8458
1314,中石化,20,10,10,康和-台南,2023-12-04,8458
2353,宏��,10,0,10,康和-台南,2023-12-04,8458
2363,矽統,34,24,10,康和-台南,2023-12-04,8458
4533,協易機,13,3,10,康和-台南,2023-12-04,8458
6153,嘉聯益,10,0,10,康和-台南,2023-12-04,8458
8433,弘帆,10,0,10,康和-台南,2023-12-04,8458
9907,統一實,10,0,10,康和-台南,2023-12-04,8458
5426,振發,14,5,9,康和-台南,2023-12-04,8458
8936,國統,9,0,9,康和-台南,2023-12-04,8458
2303,聯電,37,28,9,康和-台南,2023-12-04,8458
5351,鈺創,8,0,8,康和-台南,2023-12-04,8458
1504,東元,18,10,8,康和-台南,2023-12-04,8458
00772B,中信高評級公司債,8,1,7,康和-台南,2023-12-04,8458
00934,中信成長高股息,7,0,7,康和-台南,2023-12-04,8458
6245,立端,7,0,7,康和-台南,2023-12-04,8458
3325,旭品,24,17,7,康和-台南,2023-12-04,8458
6231,系微,7,0,7,康和-台南,2023-12-04,8458
2106,建大,6,0,6,康和-台南,2023-12-04,8458
2883,凱基金,319,0,319,康和-台南,2023-12-05,8458
6770,力積電,160,0,160,康和-台南,2023-12-05,8458
00680L,元大美債20正2,100,0,100,康和-台南,2023-12-05,8458
00679B,元大美債20年,70,5,65,康和-台南,2023-12-05,8458
00929,復華台灣科技優息,75,13,62,康和-台南,2023-12-05,8458
2882,國泰金,45,0,45,康和-台南,2023-12-05,8458
2344,華邦電,54,11,43,康和-台南,2023-12-05,8458
2371,大同,52,11,41,康和-台南,2023-12-05,8458
2915,潤泰全,41,0,41,康和-台南,2023-12-05,8458
1326,台化,40,0,40,康和-台南,2023-12-05,8458
1504,東元,34,1,33,康和-台南,2023-12-05,8458
4919,新唐,33,0,33,康和-台南,2023-12-05,8458
2641,正德,55,23,32,康和-台南,2023-12-05,8458
00662,富邦NASDAQ,30,0,30,康和-台南,2023-12-05,8458
2881,富邦金,30,0,30,康和-台南,2023-12-05,8458
5347,世界,25,0,25,康和-台南,2023-12-05,8458
2303,聯電,22,0,22,康和-台南,2023-12-05,8458
5464,霖宏,21,0,21,康和-台南,2023-12-05,8458
00687B,國泰20年美債,20,0,20,康和-台南,2023-12-05,8458
00753L,中信中國50正2,20,0,20,康和-台南,2023-12-05,8458
2387,精元,20,0,20,康和-台南,2023-12-05,8458
2363,矽統,29,10,19,康和-台南,2023-12-05,8458
8163,達方,20,1,19,康和-台南,2023-12-05,8458
3481,群創,25,7,18,康和-台南,2023-12-05,8458
2888,新光金,15,0,15,康和-台南,2023-12-05,8458
4133,亞諾法,17,2,15,康和-台南,2023-12-05,8458
4167,松瑞藥,37,22,15,康和-台南,2023-12-05,8458
5351,鈺創,15,0,15,康和-台南,2023-12-05,8458
00882,中信中國高股息,14,0,14,康和-台南,2023-12-05,8458
3037,欣興,33,19,14,康和-台南,2023-12-05,8458
6122,擎邦,18,5,13,康和-台南,2023-12-05,8458
3078,僑威,13,0,13,康和-台南,2023-12-05,8458
2329,華泰,39,27,12,康和-台南,2023-12-05,8458
2489,瑞軒,17,5,12,康和-台南,2023-12-05,8458
9907,統一實,12,0,12,康和-台南,2023-12-05,8458
3715,定穎投控,17,6,11,康和-台南,2023-12-05,8458
6233,旺玖,27,16,11,康和-台南,2023-12-05,8458
6806,森崴能源,11,0,11,康和-台南,2023-12-05,8458
00935,野村臺灣新科技50,10,0,10,康和-台南,2023-12-05,8458
00919,群益台灣精選高息,14,4,10,康和-台南,2023-12-05,8458
2332,友訊,10,0,10,康和-台南,2023-12-05,8458
2405,輔信,12,2,10,康和-台南,2023-12-05,8458
2543,皇昌,10,0,10,康和-台南,2023-12-05,8458
3015,全漢,10,0,10,康和-台南,2023-12-05,8458
5386,青雲,15,5,10,康和-台南,2023-12-05,8458
5603,陸海,11,1,10,康和-台南,2023-12-05,8458
6016,康和證,10,0,10,康和-台南,2023-12-05,8458
6117,迎廣,15,5,10,康和-台南,2023-12-05,8458
6271,同欣電,10,0,10,康和-台南,2023-12-05,8458
2355,敬鵬,11,2,9,康和-台南,2023-12-05,8458
9103,美德醫療-DR,100,0,100,康和-台南,2023-12-06,8458
2606,裕民,108,32,76,康和-台南,2023-12-06,8458
6770,力積電,91,15,76,康和-台南,2023-12-06,8458
00631L,元大台灣50正2,67,0,67,康和-台南,2023-12-06,8458
2881,富邦金,61,0,61,康和-台南,2023-12-06,8458
2303,聯電,57,10,47,康和-台南,2023-12-06,8458
00687B,國泰20年美債,54,10,44,康和-台南,2023-12-06,8458
3481,群創,48,5,43,康和-台南,2023-12-06,8458
1608,華榮,33,0,33,康和-台南,2023-12-06,8458
2344,華邦電,52,20,32,康和-台南,2023-12-06,8458
00857B,永豐20年美公債,31,0,31,康和-台南,2023-12-06,8458
2618,長榮航,41,11,30,康和-台南,2023-12-06,8458
8443,阿瘦,30,0,30,康和-台南,2023-12-06,8458
4420,光明,29,0,29,康和-台南,2023-12-06,8458
2601,益航,42,20,22,康和-台南,2023-12-06,8458
2002,中鋼,25,4,21,康和-台南,2023-12-06,8458
2882,國泰金,20,0,20,康和-台南,2023-12-06,8458
8936,國統,27,9,18,康和-台南,2023-12-06,8458
3706,神達,20,2,18,康和-台南,2023-12-06,8458
6143,振曜,17,0,17,康和-台南,2023-12-06,8458
2329,華泰,19,2,17,康和-台南,2023-12-06,8458
6122,擎邦,32,15,17,康和-台南,2023-12-06,8458
2355,敬鵬,37,20,17,康和-台南,2023-12-06,8458
2408,南亞科,16,0,16,康和-台南,2023-12-06,8458
1711,永光,20,5,15,康和-台南,2023-12-06,8458
00712,復華富時不動產,14,0,14,康和-台南,2023-12-06,8458
5706,鳳凰,13,0,13,康和-台南,2023-12-06,8458
2838A,聯邦銀甲特,12,0,12,康和-台南,2023-12-06,8458
00715L,期街口布蘭特正2,21,10,11,康和-台南,2023-12-06,8458
00688L,國泰20年美債正2,10,0,10,康和-台南,2023-12-06,8458
2393,億光,10,0,10,康和-台南,2023-12-06,8458
2413,環科,10,0,10,康和-台南,2023-12-06,8458
2505,國揚,10,0,10,康和-台南,2023-12-06,8458
1529,樂事綠能,16,6,10,康和-台南,2023-12-06,8458
6189,豐藝,10,0,10,康和-台南,2023-12-06,8458
3035,智原,16,7,9,康和-台南,2023-12-06,8458
3059,華晶科,10,1,9,康和-台南,2023-12-06,8458
00900,富邦特選高股息30,8,0,8,康和-台南,2023-12-06,8458
2359,所羅門,11,3,8,康和-台南,2023-12-06,8458
4956,光鋐,11,3,8,康和-台南,2023-12-06,8458
3260,威剛,9,3,6,康和-台南,2023-12-06,8458
3037,欣興,6,0,6,康和-台南,2023-12-06,8458
1809,中釉,6,0,6,康和-台南,2023-12-06,8458
2365,昆盈,6,0,6,康和-台南,2023-12-06,8458
2425,承啟,24,18,6,康和-台南,2023-12-06,8458
3078,僑威,8,2,6,康和-台南,2023-12-06,8458
00632R,元大台灣50反1,5,0,5,康和-台南,2023-12-06,8458
00637L,元大滬深300正2,5,0,5,康和-台南,2023-12-06,8458
1436,華友聯,5,0,5,康和-台南,2023-12-06,8458
2340,台亞,5,0,5,康和-台南,2023-12-06,8458
00679B,元大美債20年,557,2,555,康和-台南,2023-12-07,8458
00919,群益台灣精選高息,221,0,221,康和-台南,2023-12-07,8458
00937B,群益ESG投等債20,210,59,151,康和-台南,2023-12-07,8458
00885,富邦越南,130,5,125,康和-台南,2023-12-07,8458
2881,富邦金,89,1,88,康和-台南,2023-12-07,8458
2303,聯電,69,0,69,康和-台南,2023-12-07,8458
3052,夆典,60,0,60,康和-台南,2023-12-07,8458
00687B,國泰20年美債,73,15,58,康和-台南,2023-12-07,8458
2605,新興,62,7,55,康和-台南,2023-12-07,8458
3576,聯合再生,50,0,50,康和-台南,2023-12-07,8458
6770,力積電,60,11,49,康和-台南,2023-12-07,8458
1314,中石化,41,1,40,康和-台南,2023-12-07,8458
5425,台半,38,0,38,康和-台南,2023-12-07,8458
2606,裕民,141,106,35,康和-台南,2023-12-07,8458
4915,致伸,34,0,34,康和-台南,2023-12-07,8458
00715L,期街口布蘭特正2,31,0,31,康和-台南,2023-12-07,8458
2014,中鴻,30,0,30,康和-台南,2023-12-07,8458
1618,合機,35,11,24,康和-台南,2023-12-07,8458
2915,潤泰全,24,0,24,康和-台南,2023-12-07,8458
2399,映泰,41,18,23,康和-台南,2023-12-07,8458
1609,大亞,45,22,23,康和-台南,2023-12-07,8458
5347,世界,22,0,22,康和-台南,2023-12-07,8458
2376,技嘉,38,23,15,康和-台南,2023-12-07,8458
00712,復華富時不動產,14,0,14,康和-台南,2023-12-07,8458
4420,光明,13,0,13,康和-台南,2023-12-07,8458
00857B,永豐20年美公債,12,0,12,康和-台南,2023-12-07,8458
5351,鈺創,14,2,12,康和-台南,2023-12-07,8458
6114,久威,12,0,12,康和-台南,2023-12-07,8458
1504,東元,13,1,12,康和-台南,2023-12-07,8458
2481,強茂,11,0,11,康和-台南,2023-12-07,8458
2610,華航,11,0,11,康和-台南,2023-12-07,8458
3479,安勤,54,43,11,康和-台南,2023-12-07,8458
00642U,期元大S＆P石油,10,0,10,康和-台南,2023-12-07,8458
00636,國泰中國A50,10,0,10,康和-台南,2023-12-07,8458
1603,華電,10,0,10,康和-台南,2023-12-07,8458
2027,大成鋼,10,0,10,康和-台南,2023-12-07,8458
2468,華經,11,1,10,康和-台南,2023-12-07,8458
4157,太景*-KY,10,0,10,康和-台南,2023-12-07,8458
6257,矽格,15,5,10,康和-台南,2023-12-07,8458
8163,達方,10,0,10,康和-台南,2023-12-07,8458
2543,皇昌,11,1,10,康和-台南,2023-12-07,8458
2883,凱基金,12,2,10,康和-台南,2023-12-07,8458
2363,矽統,12,3,9,康和-台南,2023-12-07,8458
2369,菱生,11,2,9,康和-台南,2023-12-07,8458
00923,群益台ESG低碳50,9,0,9,康和-台南,2023-12-07,8458
00900,富邦特選高股息30,8,0,8,康和-台南,2023-12-07,8458
00918,大華優利高填息30,7,0,7,康和-台南,2023-12-07,8458
2388,威盛,21,14,7,康和-台南,2023-12-07,8458
2344,華邦電,18,11,7,康和-台南,2023-12-07,8458
3006,晶豪科,7,0,7,康和-台南,2023-12-07,8458
00680L,元大美債20正2,100,1,99,康和-台南,2023-12-08,8458
00687B,國泰20年美債,85,0,85,康和-台南,2023-12-08,8458
00934,中信成長高股息,77,0,77,康和-台南,2023-12-08,8458
2881,富邦金,70,1,69,康和-台南,2023-12-08,8458
2611,志信,55,2,53,康和-台南,2023-12-08,8458
2610,華航,51,1,50,康和-台南,2023-12-08,8458
3015,全漢,50,0,50,康和-台南,2023-12-08,8458
2303,聯電,50,2,48,康和-台南,2023-12-08,8458
00665L,富邦�琤肭磪囓�2,40,0,40,康和-台南,2023-12-08,8458
2344,華邦電,36,0,36,康和-台南,2023-12-08,8458
4133,亞諾法,36,5,31,康和-台南,2023-12-08,8458
00715L,期街口布蘭特正2,30,1,29,康和-台南,2023-12-08,8458
00679B,元大美債20年,22,0,22,康和-台南,2023-12-08,8458
6233,旺玖,32,10,22,康和-台南,2023-12-08,8458
4906,正文,24,3,21,康和-台南,2023-12-08,8458
00720B,元大投資級公司債,17,0,17,康和-台南,2023-12-08,8458
00633L,富邦上証正2,15,0,15,康和-台南,2023-12-08,8458
2897,王道銀行,14,0,14,康和-台南,2023-12-08,8458
00929,復華台灣科技優息,13,0,13,康和-台南,2023-12-08,8458
1504,東元,21,9,12,康和-台南,2023-12-08,8458
00919,群益台灣精選高息,11,0,11,康和-台南,2023-12-08,8458
6125,廣運,11,0,11,康和-台南,2023-12-08,8458
2504,國產,10,0,10,康和-台南,2023-12-08,8458
00751B,元大AAA至A公司債,10,0,10,康和-台南,2023-12-08,8458
00712,復華富時不動產,10,0,10,康和-台南,2023-12-08,8458
1531,高林股,10,0,10,康和-台南,2023-12-08,8458
1605,華新,10,0,10,康和-台南,2023-12-08,8458
1815,富喬,12,2,10,康和-台南,2023-12-08,8458
2412,中華電,10,0,10,康和-台南,2023-12-08,8458
2634,漢翔,10,0,10,康和-台南,2023-12-08,8458
4967,十銓,14,4,10,康和-台南,2023-12-08,8458
6122,擎邦,24,14,10,康和-台南,2023-12-08,8458
6257,矽格,10,0,10,康和-台南,2023-12-08,8458
2605,新興,76,67,9,康和-台南,2023-12-08,8458
00882,中信中國高股息,9,1,8,康和-台南,2023-12-08,8458
2106,建大,8,0,8,康和-台南,2023-12-08,8458
2405,輔信,13,5,8,康和-台南,2023-12-08,8458
2449,京元電子,8,0,8,康和-台南,2023-12-08,8458
2607,榮運,8,0,8,康和-台南,2023-12-08,8458
3213,茂訊,11,3,8,康和-台南,2023-12-08,8458
3290,東浦,24,16,8,康和-台南,2023-12-08,8458
2313,華通,9,2,7,康和-台南,2023-12-08,8458
1714,和桐,6,0,6,康和-台南,2023-12-08,8458
3147,大綜,6,0,6,康和-台南,2023-12-08,8458
6548,長科*,6,0,6,康和-台南,2023-12-08,8458
00642U,期元大S＆P石油,5,0,5,康和-台南,2023-12-08,8458
00632R,元大台灣50反1,5,0,5,康和-台南,2023-12-08,8458
1591,駿吉-KY,5,0,5,康和-台南,2023-12-08,8458
1611,中電,5,0,5,康和-台南,2023-12-08,8458
2399,映泰,5,0,5,康和-台南,2023-12-08,8458
2105,正新,185,0,185,康和-台南,2023-12-11,8458
2002,中鋼,78,15,63,康和-台南,2023-12-11,8458
2606,裕民,63,0,63,康和-台南,2023-12-11,8458
00919,群益台灣精選高息,70,11,59,康和-台南,2023-12-11,8458
1326,台化,56,0,56,康和-台南,2023-12-11,8458
2605,新興,59,3,56,康和-台南,2023-12-11,8458
00929,復華台灣科技優息,66,14,52,康和-台南,2023-12-11,8458
5324,士開,57,7,50,康和-台南,2023-12-11,8458
3078,僑威,55,11,44,康和-台南,2023-12-11,8458
2402,毅嘉,37,5,32,康和-台南,2023-12-11,8458
00687B,國泰20年美債,29,0,29,康和-台南,2023-12-11,8458
1524,耿鼎,35,7,28,康和-台南,2023-12-11,8458
3041,揚智,21,1,20,康和-台南,2023-12-11,8458
3552,同致,20,0,20,康和-台南,2023-12-11,8458
8163,達方,20,0,20,康和-台南,2023-12-11,8458
2607,榮運,18,0,18,康和-台南,2023-12-11,8458
3706,神達,20,3,17,康和-台南,2023-12-11,8458
1519,華城,27,11,16,康和-台南,2023-12-11,8458
1609,大亞,23,7,16,康和-台南,2023-12-11,8458
2388,威盛,22,7,15,康和-台南,2023-12-11,8458
2882,國泰金,15,0,15,康和-台南,2023-12-11,8458
3322,建舜電,14,0,14,康和-台南,2023-12-11,8458
00882,中信中國高股息,12,0,12,康和-台南,2023-12-11,8458
00680L,元大美債20正2,12,0,12,康和-台南,2023-12-11,8458
3576,聯合再生,12,0,12,康和-台南,2023-12-11,8458
6288,聯嘉,12,0,12,康和-台南,2023-12-11,8458
5880,合庫金,11,0,11,康和-台南,2023-12-11,8458
2888,新光金,11,0,11,康和-台南,2023-12-11,8458
2412,中華電,10,0,10,康和-台南,2023-12-11,8458
3231,緯創,10,0,10,康和-台南,2023-12-11,8458
1303,南亞,10,0,10,康和-台南,2023-12-11,8458
2419,仲琦,14,4,10,康和-台南,2023-12-11,8458
4533,協易機,15,5,10,康和-台南,2023-12-11,8458
6530,創威,10,0,10,康和-台南,2023-12-11,8458
4906,正文,9,0,9,康和-台南,2023-12-11,8458
00679B,元大美債20年,8,0,8,康和-台南,2023-12-11,8458
2883,凱基金,8,0,8,康和-台南,2023-12-11,8458
2349,錸德,8,0,8,康和-台南,2023-12-11,8458
6806,森崴能源,8,1,7,康和-台南,2023-12-11,8458
1515,力山,7,0,7,康和-台南,2023-12-11,8458
2731,雄獅,10,3,7,康和-台南,2023-12-11,8458
1612,宏泰,7,1,6,康和-台南,2023-12-11,8458
4168,醣聯,6,0,6,康和-台南,2023-12-11,8458
3228,金麗科,6,0,6,康和-台南,2023-12-11,8458
2801,彰銀,5,0,5,康和-台南,2023-12-11,8458
3346,麗清,6,1,5,康和-台南,2023-12-11,8458
00936,台新永續高息中小,5,0,5,康和-台南,2023-12-11,8458
00632R,元大台灣50反1,5,0,5,康和-台南,2023-12-11,8458
1802,台玻,5,0,5,康和-台南,2023-12-11,8458
2323,中環,5,0,5,康和-台南,2023-12-11,8458
2905,三商,125,0,125,康和-台南,2023-12-12,8458
2002,中鋼,123,3,120,康和-台南,2023-12-12,8458
2610,華航,103,0,103,康和-台南,2023-12-12,8458
3231,緯創,97,11,86,康和-台南,2023-12-12,8458
3360,尚立,72,0,72,康和-台南,2023-12-12,8458
00919,群益台灣精選高息,72,1,71,康和-台南,2023-12-12,8458
00687B,國泰20年美債,62,0,62,康和-台南,2023-12-12,8458
1310,台苯,50,0,50,康和-台南,2023-12-12,8458
2820,華票,50,0,50,康和-台南,2023-12-12,8458
5222,全訊,40,0,40,康和-台南,2023-12-12,8458
5324,士開,39,0,39,康和-台南,2023-12-12,8458
3059,華晶科,34,0,34,康和-台南,2023-12-12,8458
2605,新興,57,24,33,康和-台南,2023-12-12,8458
2331,精英,28,0,28,康和-台南,2023-12-12,8458
4908,前鼎,29,2,27,康和-台南,2023-12-12,8458
1514,亞力,42,17,25,康和-台南,2023-12-12,8458
2618,長榮航,34,12,22,康和-台南,2023-12-12,8458
1568,倉佑,20,0,20,康和-台南,2023-12-12,8458
2313,華通,39,19,20,康和-台南,2023-12-12,8458
3308,聯德,20,0,20,康和-台南,2023-12-12,8458
2889,國票金,19,0,19,康和-台南,2023-12-12,8458
00918,大華優利高填息30,17,0,17,康和-台南,2023-12-12,8458
1612,宏泰,32,15,17,康和-台南,2023-12-12,8458
1608,華榮,22,7,15,康和-台南,2023-12-12,8458
2243,宏旭-KY,15,0,15,康和-台南,2023-12-12,8458
4967,十銓,17,2,15,康和-台南,2023-12-12,8458
2308,台達電,13,0,13,康和-台南,2023-12-12,8458
3029,零壹,13,0,13,康和-台南,2023-12-12,8458
3481,群創,24,14,10,康和-台南,2023-12-12,8458
1504,東元,10,0,10,康和-台南,2023-12-12,8458
1591,駿吉-KY,20,10,10,康和-台南,2023-12-12,8458
1815,富喬,12,2,10,康和-台南,2023-12-12,8458
2023,燁輝,10,0,10,康和-台南,2023-12-12,8458
2538,基泰,10,0,10,康和-台南,2023-12-12,8458
3025,星通,10,1,9,康和-台南,2023-12-12,8458
00937B,群益ESG投等債20,11,2,9,康和-台南,2023-12-12,8458
6548,長科*,9,0,9,康和-台南,2023-12-12,8458
5351,鈺創,10,1,9,康和-台南,2023-12-12,8458
2417,圓剛,8,0,8,康和-台南,2023-12-12,8458
2427,三商電,10,2,8,康和-台南,2023-12-12,8458
3032,偉訓,9,1,8,康和-台南,2023-12-12,8458
2375,凱美,7,0,7,康和-台南,2023-12-12,8458
4746,台耀,7,0,7,康和-台南,2023-12-12,8458
6156,松上,10,3,7,康和-台南,2023-12-12,8458
2337,旺宏,10,3,7,康和-台南,2023-12-12,8458
00878,國泰永續高股息,12,5,7,康和-台南,2023-12-12,8458
00713,元大台灣高息低波,6,0,6,康和-台南,2023-12-12,8458
3041,揚智,7,1,6,康和-台南,2023-12-12,8458
6282,康舒,7,1,6,康和-台南,2023-12-12,8458
2888,新光金,21,15,6,康和-台南,2023-12-12,8458
2832,台產,110,0,110,康和-台南,2023-12-13,8458
2002,中鋼,84,10,74,康和-台南,2023-12-13,8458
2883,凱基金,57,0,57,康和-台南,2023-12-13,8458
1310,台苯,50,0,50,康和-台南,2023-12-13,8458
00669R,國泰美國道瓊反1,50,0,50,康和-台南,2023-12-13,8458
2618,長榮航,75,30,45,康和-台南,2023-12-13,8458
00919,群益台灣精選高息,48,4,44,康和-台南,2023-12-13,8458
00918,大華優利高填息30,36,0,36,康和-台南,2023-12-13,8458
2347,聯強,28,0,28,康和-台南,2023-12-13,8458
3481,群創,33,7,26,康和-台南,2023-12-13,8458
2465,麗臺,25,0,25,康和-台南,2023-12-13,8458
6182,合晶,27,4,23,康和-台南,2023-12-13,8458
1104,環泥,20,0,20,康和-台南,2023-12-13,8458
00712,復華富時不動產,18,0,18,康和-台南,2023-12-13,8458
1815,富喬,36,19,17,康和-台南,2023-12-13,8458
2201,裕隆,16,0,16,康和-台南,2023-12-13,8458
3059,華晶科,16,0,16,康和-台南,2023-12-13,8458
3704,合勤控,19,3,16,康和-台南,2023-12-13,8458
1905,華紙,15,0,15,康和-台南,2023-12-13,8458
2419,仲琦,27,12,15,康和-台南,2023-12-13,8458
2485,兆赫,16,1,15,康和-台南,2023-12-13,8458
00929,復華台灣科技優息,17,3,14,康和-台南,2023-12-13,8458
3694,海華,15,1,14,康和-台南,2023-12-13,8458
6243,迅杰,16,2,14,康和-台南,2023-12-13,8458
00715L,期街口布蘭特正2,13,0,13,康和-台南,2023-12-13,8458
2402,毅嘉,33,20,13,康和-台南,2023-12-13,8458
3005,神基,13,0,13,康和-台南,2023-12-13,8458
3622,洋華,16,3,13,康和-台南,2023-12-13,8458
1582,信錦,12,0,12,康和-台南,2023-12-13,8458
2615,萬海,12,0,12,康和-台南,2023-12-13,8458
00642U,期元大S＆P石油,11,0,11,康和-台南,2023-12-13,8458
3013,晟銘電,13,2,11,康和-台南,2023-12-13,8458
3715,定穎投控,20,9,11,康和-台南,2023-12-13,8458
00636,國泰中國A50,10,0,10,康和-台南,2023-12-13,8458
3081,聯亞,10,0,10,康和-台南,2023-12-13,8458
4746,台耀,10,0,10,康和-台南,2023-12-13,8458
6168,宏齊,11,1,10,康和-台南,2023-12-13,8458
6246,臺龍,10,0,10,康和-台南,2023-12-13,8458
2027,大成鋼,8,0,8,康和-台南,2023-12-13,8458
2609,陽明,12,4,8,康和-台南,2023-12-13,8458
3360,尚立,8,0,8,康和-台南,2023-12-13,8458
5222,全訊,8,0,8,康和-台南,2023-12-13,8458
8930,青鋼,9,1,8,康和-台南,2023-12-13,8458
00934,中信成長高股息,7,0,7,康和-台南,2023-12-13,8458
00882,中信中國高股息,7,0,7,康和-台南,2023-12-13,8458
3264,欣銓,10,3,7,康和-台南,2023-12-13,8458
2486,一詮,8,2,6,康和-台南,2023-12-13,8458
6187,萬潤,7,1,6,康和-台南,2023-12-13,8458
2340,台亞,5,0,5,康和-台南,2023-12-13,8458
2497,怡利電,5,0,5,康和-台南,2023-12-13,8458
6770,力積電,181,1,180,康和-台南,2023-12-14,8458
2606,裕民,150,0,150,康和-台南,2023-12-14,8458
1416,廣豐,129,0,129,康和-台南,2023-12-14,8458
00631L,元大台灣50正2,49,0,49,康和-台南,2023-12-14,8458
2516,新建,30,0,30,康和-台南,2023-12-14,8458
1314,中石化,25,0,25,康和-台南,2023-12-14,8458
2425,承啟,26,1,25,康和-台南,2023-12-14,8458
4532,瑞智,20,0,20,康和-台南,2023-12-14,8458
6116,彩晶,20,0,20,康和-台南,2023-12-14,8458
00919,群益台灣精選高息,26,7,19,康和-台南,2023-12-14,8458
2887,台新金,19,0,19,康和-台南,2023-12-14,8458
00937B,群益ESG投等債20,18,1,17,康和-台南,2023-12-14,8458
2515,中工,33,17,16,康和-台南,2023-12-14,8458
2387,精元,18,3,15,康和-台南,2023-12-14,8458
5328,華容,21,6,15,康和-台南,2023-12-14,8458
3234,光環,14,0,14,康和-台南,2023-12-14,8458
3576,聯合再生,36,22,14,康和-台南,2023-12-14,8458
00934,中信成長高股息,13,0,13,康和-台南,2023-12-14,8458
1503,士電,15,2,13,康和-台南,2023-12-14,8458
4533,協易機,13,0,13,康和-台南,2023-12-14,8458
3231,緯創,18,5,13,康和-台南,2023-12-14,8458
1609,大亞,14,2,12,康和-台南,2023-12-14,8458
5351,鈺創,19,7,12,康和-台南,2023-12-14,8458
3047,訊舟,12,0,12,康和-台南,2023-12-14,8458
9933,中鼎,12,0,12,康和-台南,2023-12-14,8458
1514,亞力,15,4,11,康和-台南,2023-12-14,8458
8096,擎亞,18,7,11,康和-台南,2023-12-14,8458
2303,聯電,18,8,10,康和-台南,2023-12-14,8458
3041,揚智,34,24,10,康和-台南,2023-12-14,8458
00632R,元大台灣50反1,10,0,10,康和-台南,2023-12-14,8458
00636,國泰中國A50,10,0,10,康和-台南,2023-12-14,8458
1711,永光,10,0,10,康和-台南,2023-12-14,8458
1776,展宇,10,0,10,康和-台南,2023-12-14,8458
2365,昆盈,10,0,10,康和-台南,2023-12-14,8458
3015,全漢,10,0,10,康和-台南,2023-12-14,8458
4939,亞電,10,0,10,康和-台南,2023-12-14,8458
5464,霖宏,10,0,10,康和-台南,2023-12-14,8458
6290,良維,10,0,10,康和-台南,2023-12-14,8458
2615,萬海,10,1,9,康和-台南,2023-12-14,8458
00688L,國泰20年美債正2,8,0,8,康和-台南,2023-12-14,8458
3390,旭軟,11,3,8,康和-台南,2023-12-14,8458
3163,波若威,7,0,7,康和-台南,2023-12-14,8458
2609,陽明,9,3,6,康和-台南,2023-12-14,8458
2465,麗臺,6,0,6,康和-台南,2023-12-14,8458
3481,群創,6,0,6,康和-台南,2023-12-14,8458
5324,士開,10,4,6,康和-台南,2023-12-14,8458
2492,華新科,6,0,6,康和-台南,2023-12-14,8458
00679B,元大美債20年,10,5,5,康和-台南,2023-12-14,8458
00671R,富邦NASDAQ反1,5,0,5,康和-台南,2023-12-14,8458
00637L,元大滬深300正2,5,0,5,康和-台南,2023-12-14,8458
00885,富邦越南,78,0,78,康和-台南,2023-12-15,8458
2363,矽統,119,63,56,康和-台南,2023-12-15,8458
00929,復華台灣科技優息,91,35,56,康和-台南,2023-12-15,8458
2887,台新金,50,0,50,康和-台南,2023-12-15,8458
00687B,國泰20年美債,66,20,46,康和-台南,2023-12-15,8458
1584,精剛,37,2,35,康和-台南,2023-12-15,8458
2883,凱基金,35,5,30,康和-台南,2023-12-15,8458
6257,矽格,29,2,27,康和-台南,2023-12-15,8458
2356,英業達,71,45,26,康和-台南,2023-12-15,8458
2367,燿華,28,6,22,康和-台南,2023-12-15,8458
2337,旺宏,34,13,21,康和-台南,2023-12-15,8458
00935,野村臺灣新科技50,20,0,20,康和-台南,2023-12-15,8458
2851,中再保,20,0,20,康和-台南,2023-12-15,8458
2618,長榮航,41,21,20,康和-台南,2023-12-15,8458
2603,長榮,22,3,19,康和-台南,2023-12-15,8458
2027,大成鋼,44,26,18,康和-台南,2023-12-15,8458
1504,東元,52,35,17,康和-台南,2023-12-15,8458
2009,第一銅,17,0,17,康和-台南,2023-12-15,8458
2402,毅嘉,16,0,16,康和-台南,2023-12-15,8458
8358,金居,16,0,16,康和-台南,2023-12-15,8458
1776,展宇,12,0,12,康和-台南,2023-12-15,8458
2211,長榮鋼,12,0,12,康和-台南,2023-12-15,8458
2412,中華電,12,0,12,康和-台南,2023-12-15,8458
2801,彰銀,12,0,12,康和-台南,2023-12-15,8458
3706,神達,19,8,11,康和-台南,2023-12-15,8458
3022,威強電,11,0,11,康和-台南,2023-12-15,8458
00665L,富邦�琤肭磪囓�2,10,0,10,康和-台南,2023-12-15,8458
1104,環泥,10,0,10,康和-台南,2023-12-15,8458
1314,中石化,10,0,10,康和-台南,2023-12-15,8458
3090,日電貿,10,0,10,康和-台南,2023-12-15,8458
3712,永崴投控,13,3,10,康和-台南,2023-12-15,8458
4931,新盛力,10,0,10,康和-台南,2023-12-15,8458
6016,康和證,10,0,10,康和-台南,2023-12-15,8458
6204,艾華,10,0,10,康和-台南,2023-12-15,8458
2401,凌陽,10,1,9,康和-台南,2023-12-15,8458
6153,嘉聯益,9,0,9,康和-台南,2023-12-15,8458
00878,國泰永續高股息,9,1,8,康和-台南,2023-12-15,8458
2359,所羅門,8,0,8,康和-台南,2023-12-15,8458
2605,新興,9,2,7,康和-台南,2023-12-15,8458
3624,光頡,7,0,7,康和-台南,2023-12-15,8458
2425,承啟,6,0,6,康和-台南,2023-12-15,8458
3122,笙泉,6,0,6,康和-台南,2023-12-15,8458
3707,漢磊,11,5,6,康和-台南,2023-12-15,8458
4739,康普,6,0,6,康和-台南,2023-12-15,8458
00923,群益台ESG低碳50,5,0,5,康和-台南,2023-12-15,8458
00922,國泰台灣領袖50,5,0,5,康和-台南,2023-12-15,8458
1591,駿吉-KY,5,0,5,康和-台南,2023-12-15,8458
2201,裕隆,5,0,5,康和-台南,2023-12-15,8458
2302,麗正,5,0,5,康和-台南,2023-12-15,8458
2313,華通,12,7,5,康和-台南,2023-12-15,8458
00688L,國泰20年美債正2,282,0,282,康和-台南,2023-12-18,8458
6770,力積電,180,0,180,康和-台南,2023-12-18,8458
2618,長榮航,96,5,91,康和-台南,2023-12-18,8458
5425,台半,83,1,82,康和-台南,2023-12-18,8458
5530,龍巖,60,0,60,康和-台南,2023-12-18,8458
00937B,群益ESG投等債20,205,146,59,康和-台南,2023-12-18,8458
00919,群益台灣精選高息,87,35,52,康和-台南,2023-12-18,8458
2481,強茂,42,0,42,康和-台南,2023-12-18,8458
1568,倉佑,38,0,38,康和-台南,2023-12-18,8458
2605,新興,43,8,35,康和-台南,2023-12-18,8458
00929,復華台灣科技優息,102,69,33,康和-台南,2023-12-18,8458
2002,中鋼,53,20,33,康和-台南,2023-12-18,8458
2883,凱基金,32,0,32,康和-台南,2023-12-18,8458
00795B,中信美國公債20年,21,0,21,康和-台南,2023-12-18,8458
1231,聯華食,21,0,21,康和-台南,2023-12-18,8458
3052,夆典,21,0,21,康和-台南,2023-12-18,8458
2347,聯強,20,0,20,康和-台南,2023-12-18,8458
3006,晶豪科,26,10,16,康和-台南,2023-12-18,8458
3051,力特,17,1,16,康和-台南,2023-12-18,8458
2913,農林,24,9,15,康和-台南,2023-12-18,8458
8358,金居,15,0,15,康和-台南,2023-12-18,8458
2356,英業達,36,21,15,康和-台南,2023-12-18,8458
2030,彰源,28,15,13,康和-台南,2023-12-18,8458
2331,精英,28,15,13,康和-台南,2023-12-18,8458
2363,矽統,35,22,13,康和-台南,2023-12-18,8458
2401,凌陽,13,0,13,康和-台南,2023-12-18,8458
3059,華晶科,18,5,13,康和-台南,2023-12-18,8458
00934,中信成長高股息,12,0,12,康和-台南,2023-12-18,8458
2313,華通,14,2,12,康和-台南,2023-12-18,8458
00687B,國泰20年美債,11,0,11,康和-台南,2023-12-18,8458
1319,東陽,14,3,11,康和-台南,2023-12-18,8458
2023,燁輝,26,15,11,康和-台南,2023-12-18,8458
8076,伍豐,11,0,11,康和-台南,2023-12-18,8458
2323,中環,10,0,10,康和-台南,2023-12-18,8458
4911,德英,10,0,10,康和-台南,2023-12-18,8458
5864,致和證,10,0,10,康和-台南,2023-12-18,8458
6116,彩晶,10,0,10,康和-台南,2023-12-18,8458
2812,台中銀,10,0,10,康和-台南,2023-12-18,8458
2465,麗臺,9,0,9,康和-台南,2023-12-18,8458
2617,台航,11,2,9,康和-台南,2023-12-18,8458
5608,四維航,13,4,9,康和-台南,2023-12-18,8458
1514,亞力,12,4,8,康和-台南,2023-12-18,8458
1905,華紙,13,5,8,康和-台南,2023-12-18,8458
2444,兆勁,8,0,8,康和-台南,2023-12-18,8458
6276,安鈦克,8,0,8,康和-台南,2023-12-18,8458
2801,彰銀,7,0,7,康和-台南,2023-12-18,8458
6213,聯茂,7,0,7,康和-台南,2023-12-18,8458
1609,大亞,10,3,7,康和-台南,2023-12-18,8458
1808,潤隆,7,1,6,康和-台南,2023-12-18,8458
2028,威致,6,0,6,康和-台南,2023-12-18,8458
00929,復華台灣科技優息,255,30,225,康和-台南,2023-12-19,8458
00631L,元大台灣50正2,200,0,200,康和-台南,2023-12-19,8458
2618,長榮航,176,0,176,康和-台南,2023-12-19,8458
3576,聯合再生,135,5,130,康和-台南,2023-12-19,8458
2881,富邦金,121,0,121,康和-台南,2023-12-19,8458
2820,華票,79,0,79,康和-台南,2023-12-19,8458
1776,展宇,78,0,78,康和-台南,2023-12-19,8458
2606,裕民,110,38,72,康和-台南,2023-12-19,8458
00919,群益台灣精選高息,69,2,67,康和-台南,2023-12-19,8458
6770,力積電,60,0,60,康和-台南,2023-12-19,8458
1568,倉佑,57,0,57,康和-台南,2023-12-19,8458
2365,昆盈,56,5,51,康和-台南,2023-12-19,8458
00669R,國泰美國道瓊反1,50,0,50,康和-台南,2023-12-19,8458
2312,金寶,50,0,50,康和-台南,2023-12-19,8458
3481,群創,41,3,38,康和-台南,2023-12-19,8458
1326,台化,30,0,30,康和-台南,2023-12-19,8458
2547,日勝生,30,0,30,康和-台南,2023-12-19,8458
5426,振發,29,1,28,康和-台南,2023-12-19,8458
2845,遠東銀,25,0,25,康和-台南,2023-12-19,8458
2356,英業達,34,13,21,康和-台南,2023-12-19,8458
2363,矽統,29,8,21,康和-台南,2023-12-19,8458
2888,新光金,20,0,20,康和-台南,2023-12-19,8458
1437,勤益控,20,0,20,康和-台南,2023-12-19,8458
2409,友達,26,7,19,康和-台南,2023-12-19,8458
6125,廣運,17,0,17,康和-台南,2023-12-19,8458
6191,精成科,16,0,16,康和-台南,2023-12-19,8458
3105,穩懋,15,0,15,康和-台南,2023-12-19,8458
00918,大華優利高填息30,14,0,14,康和-台南,2023-12-19,8458
2038,海光,17,3,14,康和-台南,2023-12-19,8458
2882,國泰金,13,0,13,康和-台南,2023-12-19,8458
2801,彰銀,13,0,13,康和-台南,2023-12-19,8458
4420,光明,13,0,13,康和-台南,2023-12-19,8458
4432,銘旺實,13,0,13,康和-台南,2023-12-19,8458
2636,台驊控股,17,5,12,康和-台南,2023-12-19,8458
6285,啟��,13,1,12,康和-台南,2023-12-19,8458
3712,永崴投控,15,4,11,康和-台南,2023-12-19,8458
2344,華邦電,14,3,11,康和-台南,2023-12-19,8458
3704,合勤控,12,2,10,康和-台南,2023-12-19,8458
2323,中環,10,0,10,康和-台南,2023-12-19,8458
00795B,中信美國公債20年,10,0,10,康和-台南,2023-12-19,8458
00915,凱基優選高股息30,10,0,10,康和-台南,2023-12-19,8458
2460,建通,10,0,10,康和-台南,2023-12-19,8458
2637,慧洋-KY,11,1,10,康和-台南,2023-12-19,8458
2897,王道銀行,10,0,10,康和-台南,2023-12-19,8458
3714,富采,10,0,10,康和-台南,2023-12-19,8458
5533,皇鼎,10,0,10,康和-台南,2023-12-19,8458
6811,宏�硌穈T,10,0,10,康和-台南,2023-12-19,8458
3051,力特,8,0,8,康和-台南,2023-12-19,8458
00751B,元大AAA至A公司債,10,3,7,康和-台南,2023-12-19,8458
1416,廣豐,7,0,7,康和-台南,2023-12-19,8458
3481,群創,102,25,77,康和-台南,2023-12-20,8458
2801,彰銀,49,0,49,康和-台南,2023-12-20,8458
4432,銘旺實,48,0,48,康和-台南,2023-12-20,8458
1609,大亞,35,0,35,康和-台南,2023-12-20,8458
2820,華票,33,0,33,康和-台南,2023-12-20,8458
00919,群益台灣精選高息,47,20,27,康和-台南,2023-12-20,8458
2303,聯電,22,1,21,康和-台南,2023-12-20,8458
2409,友達,29,8,21,康和-台南,2023-12-20,8458
2812,台中銀,20,0,20,康和-台南,2023-12-20,8458
3264,欣銓,13,0,13,康和-台南,2023-12-20,8458
3712,永崴投控,13,0,13,康和-台南,2023-12-20,8458
3706,神達,17,6,11,康和-台南,2023-12-20,8458
1437,勤益控,10,0,10,康和-台南,2023-12-20,8458
1514,亞力,11,1,10,康和-台南,2023-12-20,8458
2605,新興,10,0,10,康和-台南,2023-12-20,8458
4721,美琪瑪,10,0,10,康和-台南,2023-12-20,8458
4739,康普,10,0,10,康和-台南,2023-12-20,8458
2208,台船,10,0,10,康和-台南,2023-12-20,8458
00772B,中信高評級公司債,15,6,9,康和-台南,2023-12-20,8458
00929,復華台灣科技優息,10,1,9,康和-台南,2023-12-20,8458
6263,普萊德,9,0,9,康和-台南,2023-12-20,8458
1905,華紙,21,13,8,康和-台南,2023-12-20,8458
6117,迎廣,8,0,8,康和-台南,2023-12-20,8458
1314,中石化,10,3,7,康和-台南,2023-12-20,8458
6191,精成科,8,1,7,康和-台南,2023-12-20,8458
2425,承啟,6,0,6,康和-台南,2023-12-20,8458
3006,晶豪科,9,3,6,康和-台南,2023-12-20,8458
5314,世紀,6,0,6,康和-台南,2023-12-20,8458
1701,中化,5,0,5,康和-台南,2023-12-20,8458
2402,毅嘉,5,0,5,康和-台南,2023-12-20,8458
3265,台星科,5,0,5,康和-台南,2023-12-20,8458
3276,宇環,5,0,5,康和-台南,2023-12-20,8458
3321,同泰,5,0,5,康和-台南,2023-12-20,8458
3540,曜越,5,0,5,康和-台南,2023-12-20,8458
5272,笙科,5,0,5,康和-台南,2023-12-20,8458
5608,四維航,5,0,5,康和-台南,2023-12-20,8458
5876,上海商銀,5,0,5,康和-台南,2023-12-20,8458
8358,金居,5,0,5,康和-台南,2023-12-20,8458
2883,凱基金,5,1,4,康和-台南,2023-12-20,8458
3548,兆利,25,21,4,康和-台南,2023-12-20,8458
6269,台郡,4,0,4,康和-台南,2023-12-20,8458
00922,國泰台灣領袖50,3,0,3,康和-台南,2023-12-20,8458
1584,精剛,3,0,3,康和-台南,2023-12-20,8458
2367,燿華,18,15,3,康和-台南,2023-12-20,8458
2881,富邦金,3,0,3,康和-台南,2023-12-20,8458
3522,御嵿,3,0,3,康和-台南,2023-12-20,8458
3703,欣陸,3,0,3,康和-台南,2023-12-20,8458
5386,青雲,3,0,3,康和-台南,2023-12-20,8458
5388,中磊,3,0,3,康和-台南,2023-12-20,8458
6248,沛波,3,0,3,康和-台南,2023-12-20,8458
00679B,元大美債20年,508,32,476,康和-台南,2023-12-21,8458
2312,金寶,109,2,107,康和-台南,2023-12-21,8458
2356,英業達,84,27,57,康和-台南,2023-12-21,8458
2820,華票,55,0,55,康和-台南,2023-12-21,8458
2891,中信金,52,0,52,康和-台南,2023-12-21,8458
1316,上曜,30,0,30,康和-台南,2023-12-21,8458
1326,台化,30,0,30,康和-台南,2023-12-21,8458
2888,新光金,30,0,30,康和-台南,2023-12-21,8458
00919,群益台灣精選高息,24,0,24,康和-台南,2023-12-21,8458
2801,彰銀,22,0,22,康和-台南,2023-12-21,8458
2881,富邦金,21,0,21,康和-台南,2023-12-21,8458
6016,康和證,20,0,20,康和-台南,2023-12-21,8458
6668,中揚光,20,0,20,康和-台南,2023-12-21,8458
2453,凌群,20,1,19,康和-台南,2023-12-21,8458
00937B,群益ESG投等債20,41,23,18,康和-台南,2023-12-21,8458
3006,晶豪科,18,0,18,康和-台南,2023-12-21,8458
3264,欣銓,20,2,18,康和-台南,2023-12-21,8458
00929,復華台灣科技優息,27,10,17,康和-台南,2023-12-21,8458
2353,宏��,22,7,15,康和-台南,2023-12-21,8458
2634,漢翔,13,0,13,康和-台南,2023-12-21,8458
1522,堤維西,20,9,11,康和-台南,2023-12-21,8458
1609,大亞,13,2,11,康和-台南,2023-12-21,8458
2883,凱基金,10,0,10,康和-台南,2023-12-21,8458
5876,上海商銀,10,0,10,康和-台南,2023-12-21,8458
00715L,期街口布蘭特正2,10,0,10,康和-台南,2023-12-21,8458
2017,官田鋼,10,0,10,康和-台南,2023-12-21,8458
5469,瀚宇博,10,0,10,康和-台南,2023-12-21,8458
6123,上奇,10,0,10,康和-台南,2023-12-21,8458
6443,元晶,11,1,10,康和-台南,2023-12-21,8458
2641,正德,14,4,10,康和-台南,2023-12-21,8458
2506,太設,8,0,8,康和-台南,2023-12-21,8458
5457,宣德,8,0,8,康和-台南,2023-12-21,8458
7402,邑錡,10,2,8,康和-台南,2023-12-21,8458
00712,復華富時不動產,6,0,6,康和-台南,2023-12-21,8458
2337,旺宏,6,0,6,康和-台南,2023-12-21,8458
6139,亞翔,7,1,6,康和-台南,2023-12-21,8458
9919,康那香,7,1,6,康和-台南,2023-12-21,8458
2885,元大金,5,0,5,康和-台南,2023-12-21,8458
00671R,富邦NASDAQ反1,5,0,5,康和-台南,2023-12-21,8458
1314,中石化,13,8,5,康和-台南,2023-12-21,8458
1909,榮成,5,0,5,康和-台南,2023-12-21,8458
2402,毅嘉,5,0,5,康和-台南,2023-12-21,8458
2537,聯上發,5,0,5,康和-台南,2023-12-21,8458
2748,雲品,6,1,5,康和-台南,2023-12-21,8458
3338,泰碩,5,0,5,康和-台南,2023-12-21,8458
3540,曜越,5,0,5,康和-台南,2023-12-21,8458
5014,建錩,5,0,5,康和-台南,2023-12-21,8458
2324,仁寶,14,9,5,康和-台南,2023-12-21,8458
00923,群益台ESG低碳50,5,1,4,康和-台南,2023-12-21,8458
2330,台積電,4,0,4,康和-台南,2023-12-21,8458
00680L,元大美債20正2,329,10,319,康和-台南,2023-12-22,8458
1326,台化,68,0,68,康和-台南,2023-12-22,8458
2017,官田鋼,55,0,55,康和-台南,2023-12-22,8458
2365,昆盈,50,0,50,康和-台南,2023-12-22,8458
00631L,元大台灣50正2,49,0,49,康和-台南,2023-12-22,8458
2353,宏��,73,28,45,康和-台南,2023-12-22,8458
3231,緯創,46,6,40,康和-台南,2023-12-22,8458
1531,高林股,29,0,29,康和-台南,2023-12-22,8458
5533,皇鼎,30,1,29,康和-台南,2023-12-22,8458
1314,中石化,30,3,27,康和-台南,2023-12-22,8458
6139,亞翔,33,8,25,康和-台南,2023-12-22,8458
3013,晟銘電,25,2,23,康和-台南,2023-12-22,8458
2427,三商電,21,0,21,康和-台南,2023-12-22,8458
2014,中鴻,24,4,20,康和-台南,2023-12-22,8458
3257,虹冠電,20,0,20,康和-台南,2023-12-22,8458
3014,聯陽,17,0,17,康和-台南,2023-12-22,8458
6243,迅杰,23,8,15,康和-台南,2023-12-22,8458
5608,四維航,14,0,14,康和-台南,2023-12-22,8458
6546,正基,25,11,14,康和-台南,2023-12-22,8458
5498,凱崴,18,5,13,康和-台南,2023-12-22,8458
00919,群益台灣精選高息,12,1,11,康和-台南,2023-12-22,8458
00891,中信關鍵半導體,10,0,10,康和-台南,2023-12-22,8458
00795B,中信美國公債20年,10,0,10,康和-台南,2023-12-22,8458
1504,東元,10,0,10,康和-台南,2023-12-22,8458
2303,聯電,11,1,10,康和-台南,2023-12-22,8458
6237,驊訊,10,0,10,康和-台南,2023-12-22,8458
6257,矽格,11,1,10,康和-台南,2023-12-22,8458
8085,福華,10,0,10,康和-台南,2023-12-22,8458
8112,至上,11,1,10,康和-台南,2023-12-22,8458
2324,仁寶,12,2,10,康和-台南,2023-12-22,8458
00929,復華台灣科技優息,15,5,10,康和-台南,2023-12-22,8458
2338,光罩,9,0,9,康和-台南,2023-12-22,8458
2363,矽統,11,2,9,康和-台南,2023-12-22,8458
3338,泰碩,10,1,9,康和-台南,2023-12-22,8458
3630,新鉅科,10,1,9,康和-台南,2023-12-22,8458
2388,威盛,13,4,9,康和-台南,2023-12-22,8458
2027,大成鋼,9,1,8,康和-台南,2023-12-22,8458
2323,中環,8,0,8,康和-台南,2023-12-22,8458
3041,揚智,10,2,8,康和-台南,2023-12-22,8458
6443,元晶,8,0,8,康和-台南,2023-12-22,8458
2382,廣達,10,2,8,康和-台南,2023-12-22,8458
1449,佳和,7,0,7,康和-台南,2023-12-22,8458
2882,國泰金,10,3,7,康和-台南,2023-12-22,8458
5009,榮剛,12,5,7,康和-台南,2023-12-22,8458
5328,華容,7,0,7,康和-台南,2023-12-22,8458
5426,振發,7,0,7,康和-台南,2023-12-22,8458
6191,精成科,8,1,7,康和-台南,2023-12-22,8458
2883,凱基金,6,0,6,康和-台南,2023-12-22,8458
2748,雲品,6,0,6,康和-台南,2023-12-22,8458
00786B,元大10年IG銀行債,5,0,5,康和-台南,2023-12-22,8458
00919,群益台灣精選高息,202,0,202,康和-台南,2023-12-25,8458
00680L,元大美債20正2,200,6,194,康和-台南,2023-12-25,8458
2606,裕民,153,34,119,康和-台南,2023-12-25,8458
2324,仁寶,189,112,77,康和-台南,2023-12-25,8458
00937B,群益ESG投等債20,68,4,64,康和-台南,2023-12-25,8458
3052,夆典,60,0,60,康和-台南,2023-12-25,8458
2609,陽明,99,44,55,康和-台南,2023-12-25,8458
6770,力積電,60,6,54,康和-台南,2023-12-25,8458
1316,上曜,47,0,47,康和-台南,2023-12-25,8458
2603,長榮,51,4,47,康和-台南,2023-12-25,8458
2618,長榮航,57,15,42,康和-台南,2023-12-25,8458
6668,中揚光,41,1,40,康和-台南,2023-12-25,8458
1314,中石化,30,0,30,康和-台南,2023-12-25,8458
2601,益航,30,0,30,康和-台南,2023-12-25,8458
2356,英業達,115,87,28,康和-台南,2023-12-25,8458
2637,慧洋-KY,26,1,25,康和-台南,2023-12-25,8458
2820,華票,22,0,22,康和-台南,2023-12-25,8458
3014,聯陽,21,0,21,康和-台南,2023-12-25,8458
5328,華容,20,0,20,康和-台南,2023-12-25,8458
2498,宏達電,23,3,20,康和-台南,2023-12-25,8458
6125,廣運,20,1,19,康和-台南,2023-12-25,8458
2363,矽統,17,2,15,康和-台南,2023-12-25,8458
3257,虹冠電,15,0,15,康和-台南,2023-12-25,8458
9904,寶成,14,0,14,康和-台南,2023-12-25,8458
1514,亞力,21,8,13,康和-台南,2023-12-25,8458
2017,官田鋼,12,0,12,康和-台南,2023-12-25,8458
3264,欣銓,12,0,12,康和-台南,2023-12-25,8458
2382,廣達,15,3,12,康和-台南,2023-12-25,8458
00933B,國泰10Y+金融債,11,0,11,康和-台南,2023-12-25,8458
1718,中纖,11,0,11,康和-台南,2023-12-25,8458
2412,中華電,11,0,11,康和-台南,2023-12-25,8458
2605,新興,12,1,11,康和-台南,2023-12-25,8458
00679B,元大美債20年,10,0,10,康和-台南,2023-12-25,8458
00931B,統一美債20年,10,0,10,康和-台南,2023-12-25,8458
1568,倉佑,10,0,10,康和-台南,2023-12-25,8458
2851,中再保,10,0,10,康和-台南,2023-12-25,8458
5521,工信,10,0,10,康和-台南,2023-12-25,8458
5864,致和證,10,0,10,康和-台南,2023-12-25,8458
6548,長科*,10,0,10,康和-台南,2023-12-25,8458
6695,芯鼎,10,0,10,康和-台南,2023-12-25,8458
1808,潤隆,9,0,9,康和-台南,2023-12-25,8458
2369,菱生,8,0,8,康和-台南,2023-12-25,8458
2511,太子,8,0,8,康和-台南,2023-12-25,8458
8112,至上,9,1,8,康和-台南,2023-12-25,8458
00934,中信成長高股息,7,0,7,康和-台南,2023-12-25,8458
00642U,期元大S＆P石油,7,0,7,康和-台南,2023-12-25,8458
2809,京城銀,7,0,7,康和-台南,2023-12-25,8458
6237,驊訊,18,11,7,康和-台南,2023-12-25,8458
2882,國泰金,6,0,6,康和-台南,2023-12-25,8458
00918,大華優利高填息30,6,0,6,康和-台南,2023-12-25,8458
00929,復華台灣科技優息,30,1,29,康和-台南,2023-12-26,8458
2401,凌陽,23,0,23,康和-台南,2023-12-26,8458
2371,大同,21,0,21,康和-台南,2023-12-26,8458
2820,華票,21,0,21,康和-台南,2023-12-26,8458
1568,倉佑,20,0,20,康和-台南,2023-12-26,8458
3704,合勤控,14,0,14,康和-台南,2023-12-26,8458
2353,宏��,128,116,12,康和-台南,2023-12-26,8458
00632R,元大台灣50反1,10,0,10,康和-台南,2023-12-26,8458
1307,三芳,10,0,10,康和-台南,2023-12-26,8458
1314,中石化,20,10,10,康和-台南,2023-12-26,8458
3033,威健,10,0,10,康和-台南,2023-12-26,8458
6180,橘子,10,0,10,康和-台南,2023-12-26,8458
1519,華城,27,18,9,康和-台南,2023-12-26,8458
2101,南港,10,1,9,康和-台南,2023-12-26,8458
1312,國喬,8,0,8,康和-台南,2023-12-26,8458
1531,高林股,16,8,8,康和-台南,2023-12-26,8458
2511,太子,8,0,8,康和-台南,2023-12-26,8458
6168,宏齊,9,1,8,康和-台南,2023-12-26,8458
00919,群益台灣精選高息,7,0,7,康和-台南,2023-12-26,8458
1504,東元,7,0,7,康和-台南,2023-12-26,8458
2883,凱基金,7,0,7,康和-台南,2023-12-26,8458
1618,合機,6,0,6,康和-台南,2023-12-26,8458
2610,華航,9,3,6,康和-台南,2023-12-26,8458
3530,晶相光,6,0,6,康和-台南,2023-12-26,8458
5309,系統電,8,2,6,康和-台南,2023-12-26,8458
2609,陽明,26,20,6,康和-台南,2023-12-26,8458
6756,威鋒電子,8,3,5,康和-台南,2023-12-26,8458
6223,旺矽,5,0,5,康和-台南,2023-12-26,8458
2743,山富,5,0,5,康和-台南,2023-12-26,8458
4939,亞電,5,0,5,康和-台南,2023-12-26,8458
5011,久陽,5,0,5,康和-台南,2023-12-26,8458
6116,彩晶,10,5,5,康和-台南,2023-12-26,8458
6125,廣運,5,0,5,康和-台南,2023-12-26,8458
6244,茂迪,5,0,5,康和-台南,2023-12-26,8458
8068,全達,10,5,5,康和-台南,2023-12-26,8458
9914,美利達,5,0,5,康和-台南,2023-12-26,8458
1582,信錦,4,0,4,康和-台南,2023-12-26,8458
2014,中鴻,7,3,4,康和-台南,2023-12-26,8458
2349,錸德,4,0,4,康和-台南,2023-12-26,8458
2618,長榮航,8,4,4,康和-台南,2023-12-26,8458
00713,元大台灣高息低波,4,0,4,康和-台南,2023-12-26,8458
00937B,群益ESG投等債20,6,3,3,康和-台南,2023-12-26,8458
00671R,富邦NASDAQ反1,3,0,3,康和-台南,2023-12-26,8458
00751B,元大AAA至A公司債,3,0,3,康和-台南,2023-12-26,8458
2359,所羅門,6,3,3,康和-台南,2023-12-26,8458
2374,佳能,4,1,3,康和-台南,2023-12-26,8458
2426,鼎元,3,0,3,康和-台南,2023-12-26,8458
3264,欣銓,6,3,3,康和-台南,2023-12-26,8458
1229,聯華,2,0,2,康和-台南,2023-12-26,8458
00733,富邦臺灣中小,2,0,2,康和-台南,2023-12-26,8458
00937B,群益ESG投等債20,149,8,141,康和-台南,2023-12-27,8458
2409,友達,134,25,109,康和-台南,2023-12-27,8458
2356,英業達,95,30,65,康和-台南,2023-12-27,8458
2618,長榮航,78,33,45,康和-台南,2023-12-27,8458
4129,聯合,32,0,32,康和-台南,2023-12-27,8458
2905,三商,31,0,31,康和-台南,2023-12-27,8458
1568,倉佑,30,0,30,康和-台南,2023-12-27,8458
2347,聯強,29,0,29,康和-台南,2023-12-27,8458
2883,凱基金,30,1,29,康和-台南,2023-12-27,8458
2501,國建,26,1,25,康和-台南,2023-12-27,8458
6695,芯鼎,25,1,24,康和-台南,2023-12-27,8458
1909,榮成,20,0,20,康和-台南,2023-12-27,8458
4303,信立,20,0,20,康和-台南,2023-12-27,8458
00719B,元大美債1-3,17,0,17,康和-台南,2023-12-27,8458
2402,毅嘉,14,0,14,康和-台南,2023-12-27,8458
1504,東元,14,1,13,康和-台南,2023-12-27,8458
3706,神達,25,12,13,康和-台南,2023-12-27,8458
00687B,國泰20年美債,12,0,12,康和-台南,2023-12-27,8458
00919,群益台灣精選高息,17,5,12,康和-台南,2023-12-27,8458
1531,高林股,12,0,12,康和-台南,2023-12-27,8458
2392,正崴,12,0,12,康和-台南,2023-12-27,8458
3078,僑威,12,0,12,康和-台南,2023-12-27,8458
6126,信音,12,0,12,康和-台南,2023-12-27,8458
00680L,元大美債20正2,10,0,10,康和-台南,2023-12-27,8458
2401,凌陽,11,1,10,康和-台南,2023-12-27,8458
2516,新建,10,0,10,康和-台南,2023-12-27,8458
3015,全漢,10,0,10,康和-台南,2023-12-27,8458
3094,聯傑,10,0,10,康和-台南,2023-12-27,8458
3548,兆利,10,0,10,康和-台南,2023-12-27,8458
6288,聯嘉,11,1,10,康和-台南,2023-12-27,8458
6462,神盾,11,1,10,康和-台南,2023-12-27,8458
6270,倍微,8,0,8,康和-台南,2023-12-27,8458
8054,安國,12,6,6,康和-台南,2023-12-27,8458
00632R,元大台灣50反1,6,0,6,康和-台南,2023-12-27,8458
3338,泰碩,11,5,6,康和-台南,2023-12-27,8458
00786B,元大10年IG銀行債,5,0,5,康和-台南,2023-12-27,8458
1815,富喬,6,1,5,康和-台南,2023-12-27,8458
2369,菱生,5,0,5,康和-台南,2023-12-27,8458
2388,威盛,6,1,5,康和-台南,2023-12-27,8458
2605,新興,5,0,5,康和-台南,2023-12-27,8458
2888,新光金,5,0,5,康和-台南,2023-12-27,8458
5464,霖宏,5,0,5,康和-台南,2023-12-27,8458
6125,廣運,5,0,5,康和-台南,2023-12-27,8458
6243,迅杰,6,1,5,康和-台南,2023-12-27,8458
8050,廣積,6,1,5,康和-台南,2023-12-27,8458
8112,至上,4,0,4,康和-台南,2023-12-27,8458
2328,廣宇,4,0,4,康和-台南,2023-12-27,8458
2405,輔信,14,10,4,康和-台南,2023-12-27,8458
6175,立敦,4,0,4,康和-台南,2023-12-27,8458
6182,合晶,5,1,4,康和-台南,2023-12-27,8458
6668,中揚光,70,0,70,康和-台南,2023-12-28,8458
5864,致和證,50,0,50,康和-台南,2023-12-28,8458
2365,昆盈,43,2,41,康和-台南,2023-12-28,8458
5425,台半,38,0,38,康和-台南,2023-12-28,8458
2905,三商,34,0,34,康和-台南,2023-12-28,8458
1514,亞力,51,20,31,康和-台南,2023-12-28,8458
00688L,國泰20年美債正2,30,0,30,康和-台南,2023-12-28,8458
2017,官田鋼,30,0,30,康和-台南,2023-12-28,8458
2606,裕民,30,0,30,康和-台南,2023-12-28,8458
00715L,期街口布蘭特正2,37,10,27,康和-台南,2023-12-28,8458
6179,亞通,31,4,27,康和-台南,2023-12-28,8458
3231,緯創,34,8,26,康和-台南,2023-12-28,8458
1618,合機,26,3,23,康和-台南,2023-12-28,8458
2609,陽明,25,2,23,康和-台南,2023-12-28,8458
00919,群益台灣精選高息,23,0,23,康和-台南,2023-12-28,8458
2618,長榮航,29,7,22,康和-台南,2023-12-28,8458
1316,上曜,20,0,20,康和-台南,2023-12-28,8458
1513,中興電,23,5,18,康和-台南,2023-12-28,8458
2344,華邦電,109,93,16,康和-台南,2023-12-28,8458
2425,承啟,15,0,15,康和-台南,2023-12-28,8458
8096,擎亞,35,20,15,康和-台南,2023-12-28,8458
1210,大成,15,0,15,康和-台南,2023-12-28,8458
4129,聯合,13,0,13,康和-台南,2023-12-28,8458
6233,旺玖,13,1,12,康和-台南,2023-12-28,8458
2382,廣達,15,4,11,康和-台南,2023-12-28,8458
2428,興勤,11,0,11,康和-台南,2023-12-28,8458
00679B,元大美債20年,10,0,10,康和-台南,2023-12-28,8458
00795B,中信美國公債20年,10,0,10,康和-台南,2023-12-28,8458
2025,千興,10,0,10,康和-台南,2023-12-28,8458
2851,中再保,10,0,10,康和-台南,2023-12-28,8458
3362,先進光,10,0,10,康和-台南,2023-12-28,8458
3630,新鉅科,10,0,10,康和-台南,2023-12-28,8458
8112,至上,12,2,10,康和-台南,2023-12-28,8458
3481,群創,10,1,9,康和-台南,2023-12-28,8458
2421,建準,14,5,9,康和-台南,2023-12-28,8458
00937B,群益ESG投等債20,28,20,8,康和-台南,2023-12-28,8458
2481,強茂,10,2,8,康和-台南,2023-12-28,8458
2501,國建,8,0,8,康和-台南,2023-12-28,8458
4303,信立,8,0,8,康和-台南,2023-12-28,8458
2605,新興,7,0,7,康和-台南,2023-12-28,8458
00918,大華優利高填息30,6,0,6,康和-台南,2023-12-28,8458
2520,冠德,6,0,6,康和-台南,2023-12-28,8458
3545,敦泰,6,0,6,康和-台南,2023-12-28,8458
00915,凱基優選高股息30,5,0,5,康和-台南,2023-12-28,8458
8054,安國,9,4,5,康和-台南,2023-12-28,8458
2603,長榮,6,1,5,康和-台南,2023-12-28,8458
1734,杏輝,5,0,5,康和-台南,2023-12-28,8458
2375,凱美,5,0,5,康和-台南,2023-12-28,8458
3022,威強電,5,0,5,康和-台南,2023-12-28,8458
4979,華星光,7,2,5,康和-台南,2023-12-28,8458
00680L,元大美債20正2,100,0,100,康和-台南,2023-12-29,8458
6770,力積電,70,1,69,康和-台南,2023-12-29,8458
00919,群益台灣精選高息,65,0,65,康和-台南,2023-12-29,8458
1314,中石化,40,0,40,康和-台南,2023-12-29,8458
2903,遠百,40,1,39,康和-台南,2023-12-29,8458
2329,華泰,31,0,31,康和-台南,2023-12-29,8458
3360,尚立,25,0,25,康和-台南,2023-12-29,8458
3264,欣銓,21,0,21,康和-台南,2023-12-29,8458
1210,大成,40,20,20,康和-台南,2023-12-29,8458
2390,云辰,20,0,20,康和-台南,2023-12-29,8458
2481,強茂,20,0,20,康和-台南,2023-12-29,8458
2883,凱基金,20,0,20,康和-台南,2023-12-29,8458
2888,新光金,50,30,20,康和-台南,2023-12-29,8458
3260,威剛,40,21,19,康和-台南,2023-12-29,8458
2421,建準,23,5,18,康和-台南,2023-12-29,8458
8069,元太,21,3,18,康和-台南,2023-12-29,8458
2324,仁寶,135,118,17,康和-台南,2023-12-29,8458
8112,至上,16,0,16,康和-台南,2023-12-29,8458
6168,宏齊,14,0,14,康和-台南,2023-12-29,8458
00936,台新永續高息中小,12,0,12,康和-台南,2023-12-29,8458
00751B,元大AAA至A公司債,11,0,11,康和-台南,2023-12-29,8458
00679B,元大美債20年,10,0,10,康和-台南,2023-12-29,8458
1591,駿吉-KY,10,0,10,康和-台南,2023-12-29,8458
1603,華電,10,0,10,康和-台南,2023-12-29,8458
2009,第一銅,10,0,10,康和-台南,2023-12-29,8458
2208,台船,10,0,10,康和-台南,2023-12-29,8458
2332,友訊,10,0,10,康和-台南,2023-12-29,8458
2609,陽明,10,0,10,康和-台南,2023-12-29,8458
8093,保銳,10,0,10,康和-台南,2023-12-29,8458
2891,中信金,10,0,10,康和-台南,2023-12-29,8458
1568,倉佑,10,1,9,康和-台南,2023-12-29,8458
3006,晶豪科,27,18,9,康和-台南,2023-12-29,8458
6668,中揚光,19,10,9,康和-台南,2023-12-29,8458
00795B,中信美國公債20年,8,0,8,康和-台南,2023-12-29,8458
00632R,元大台灣50反1,8,0,8,康和-台南,2023-12-29,8458
2515,中工,9,2,7,康和-台南,2023-12-29,8458
1605,華新,9,2,7,康和-台南,2023-12-29,8458
1808,潤隆,7,0,7,康和-台南,2023-12-29,8458
3715,定穎投控,10,3,7,康和-台南,2023-12-29,8458
6257,矽格,7,0,7,康和-台南,2023-12-29,8458
6667,信紘科,8,1,7,康和-台南,2023-12-29,8458
2425,承啟,6,0,6,康和-台南,2023-12-29,8458
6189,豐藝,6,0,6,康和-台南,2023-12-29,8458
6244,茂迪,10,4,6,康和-台南,2023-12-29,8458
00929,復華台灣科技優息,16,11,5,康和-台南,2023-12-29,8458
1213,大飲,5,0,5,康和-台南,2023-12-29,8458
1304,台聚,5,0,5,康和-台南,2023-12-29,8458
00712,復華富時不動產,5,0,5,康和-台南,2023-12-29,8458
00882,中信中國高股息,5,0,5,康和-台南,2023-12-29,8458
2017,官田鋼,5,0,5,康和-台南,2023-12-29,8458
00680L,元大美債20正2,630,0,630,康和-台南,2024-01-02,8458
1312,國喬,156,0,156,康和-台南,2024-01-02,8458
6770,力積電,120,1,119,康和-台南,2024-01-02,8458
8105,凌巨,70,0,70,康和-台南,2024-01-02,8458
5521,工信,64,12,52,康和-台南,2024-01-02,8458
00937B,群益ESG投等債20,63,23,40,康和-台南,2024-01-02,8458
00929,復華台灣科技優息,58,20,38,康和-台南,2024-01-02,8458
1326,台化,30,0,30,康和-台南,2024-01-02,8458
8069,元太,30,0,30,康和-台南,2024-01-02,8458
2312,金寶,23,0,23,康和-台南,2024-01-02,8458
2352,佳世達,26,3,23,康和-台南,2024-01-02,8458
3231,緯創,33,11,22,康和-台南,2024-01-02,8458
00931B,統一美債20年,21,0,21,康和-台南,2024-01-02,8458
2408,南亞科,21,0,21,康和-台南,2024-01-02,8458
2356,英業達,24,4,20,康和-台南,2024-01-02,8458
2905,三商,20,0,20,康和-台南,2024-01-02,8458
6139,亞翔,20,0,20,康和-台南,2024-01-02,8458
8039,台虹,20,0,20,康和-台南,2024-01-02,8458
2344,華邦電,44,26,18,康和-台南,2024-01-02,8458
00919,群益台灣精選高息,17,0,17,康和-台南,2024-01-02,8458
00712,復華富時不動產,17,0,17,康和-台南,2024-01-02,8458
1531,高林股,17,0,17,康和-台南,2024-01-02,8458
00878,國泰永續高股息,19,3,16,康和-台南,2024-01-02,8458
2421,建準,25,10,15,康和-台南,2024-01-02,8458
5864,致和證,15,0,15,康和-台南,2024-01-02,8458
2353,宏��,51,36,15,康和-台南,2024-01-02,8458
5425,台半,13,0,13,康和-台南,2024-01-02,8458
3052,夆典,60,47,13,康和-台南,2024-01-02,8458
00688L,國泰20年美債正2,12,0,12,康和-台南,2024-01-02,8458
2515,中工,18,7,11,康和-台南,2024-01-02,8458
3338,泰碩,15,4,11,康和-台南,2024-01-02,8458
2303,聯電,10,0,10,康和-台南,2024-01-02,8458
1210,大成,10,0,10,康和-台南,2024-01-02,8458
2605,新興,11,1,10,康和-台南,2024-01-02,8458
3706,神達,28,18,10,康和-台南,2024-01-02,8458
6153,嘉聯益,10,0,10,康和-台南,2024-01-02,8458
2357,華碩,10,1,9,康和-台南,2024-01-02,8458
2367,燿華,20,11,9,康和-台南,2024-01-02,8458
2331,精英,10,2,8,康和-台南,2024-01-02,8458
0056,元大高股息,8,1,7,康和-台南,2024-01-02,8458
2329,華泰,13,6,7,康和-台南,2024-01-02,8458
2890,永豐金,6,0,6,康和-台南,2024-01-02,8458
3027,盛達,6,0,6,康和-台南,2024-01-02,8458
5236,凌陽創新,6,0,6,康和-台南,2024-01-02,8458
6125,廣運,8,2,6,康和-台南,2024-01-02,8458
00751B,元大AAA至A公司債,5,0,5,康和-台南,2024-01-02,8458
00720B,元大投資級公司債,5,0,5,康和-台南,2024-01-02,8458
6138,茂達,5,0,5,康和-台南,2024-01-02,8458
2301,光寶科,5,0,5,康和-台南,2024-01-02,8458
00637L,元大滬深300正2,5,0,5,康和-台南,2024-01-02,8458
00631L,元大台灣50正2,900,0,900,康和-台南,2024-01-03,8458
00929,復華台灣科技優息,132,0,132,康和-台南,2024-01-03,8458
2905,三商,84,0,84,康和-台南,2024-01-03,8458
5355,佳總,68,0,68,康和-台南,2024-01-03,8458
2353,宏��,88,22,66,康和-台南,2024-01-03,8458
5425,台半,45,0,45,康和-台南,2024-01-03,8458
2324,仁寶,146,102,44,康和-台南,2024-01-03,8458
3022,威強電,44,0,44,康和-台南,2024-01-03,8458
00919,群益台灣精選高息,43,0,43,康和-台南,2024-01-03,8458
5512,力麒,40,0,40,康和-台南,2024-01-03,8458
8069,元太,40,1,39,康和-台南,2024-01-03,8458
6770,力積電,34,1,33,康和-台南,2024-01-03,8458
8110,華東,31,0,31,康和-台南,2024-01-03,8458
1326,台化,30,0,30,康和-台南,2024-01-03,8458
8105,凌巨,30,0,30,康和-台南,2024-01-03,8458
0056,元大高股息,25,1,24,康和-台南,2024-01-03,8458
2303,聯電,27,4,23,康和-台南,2024-01-03,8458
2352,佳世達,23,2,21,康和-台南,2024-01-03,8458
2885,元大金,21,0,21,康和-台南,2024-01-03,8458
1210,大成,20,0,20,康和-台南,2024-01-03,8458
8050,廣積,20,0,20,康和-台南,2024-01-03,8458
00937B,群益ESG投等債20,23,5,18,康和-台南,2024-01-03,8458
00891,中信關鍵半導體,21,5,16,康和-台南,2024-01-03,8458
00922,國泰台灣領袖50,15,0,15,康和-台南,2024-01-03,8458
4968,立積,16,1,15,康和-台南,2024-01-03,8458
6117,迎廣,16,2,14,康和-台南,2024-01-03,8458
3231,緯創,18,5,13,康和-台南,2024-01-03,8458
0050,元大台灣50,14,1,13,康和-台南,2024-01-03,8458
2330,台積電,12,0,12,康和-台南,2024-01-03,8458
1802,台玻,12,0,12,康和-台南,2024-01-03,8458
2344,華邦電,16,4,12,康和-台南,2024-01-03,8458
1905,華紙,11,0,11,康和-台南,2024-01-03,8458
2323,中環,12,1,11,康和-台南,2024-01-03,8458
2331,精英,15,4,11,康和-台南,2024-01-03,8458
4906,正文,12,1,11,康和-台南,2024-01-03,8458
6233,旺玖,12,1,11,康和-台南,2024-01-03,8458
2610,華航,11,0,11,康和-台南,2024-01-03,8458
00934,中信成長高股息,10,0,10,康和-台南,2024-01-03,8458
00680L,元大美債20正2,10,0,10,康和-台南,2024-01-03,8458
00688L,國泰20年美債正2,10,0,10,康和-台南,2024-01-03,8458
2017,官田鋼,10,0,10,康和-台南,2024-01-03,8458
6163,華電網,18,8,10,康和-台南,2024-01-03,8458
2002,中鋼,10,1,9,康和-台南,2024-01-03,8458
3037,欣興,9,0,9,康和-台南,2024-01-03,8458
2913,農林,9,0,9,康和-台南,2024-01-03,8458
3325,旭品,21,12,9,康和-台南,2024-01-03,8458
00751B,元大AAA至A公司債,8,0,8,康和-台南,2024-01-03,8458
1609,大亞,9,1,8,康和-台南,2024-01-03,8458
2882,國泰金,7,0,7,康和-台南,2024-01-03,8458
6138,茂達,7,0,7,康和-台南,2024-01-03,8458
00680L,元大美債20正2,826,0,826,康和-台南,2024-01-04,8458
2312,金寶,63,2,61,康和-台南,2024-01-04,8458
6770,力積電,63,12,51,康和-台南,2024-01-04,8458
1568,倉佑,50,1,49,康和-台南,2024-01-04,8458
2303,聯電,42,0,42,康和-台南,2024-01-04,8458
1210,大成,35,0,35,康和-台南,2024-01-04,8458
2615,萬海,46,14,32,康和-台南,2024-01-04,8458
1326,台化,31,0,31,康和-台南,2024-01-04,8458
2367,燿華,61,30,31,康和-台南,2024-01-04,8458
1314,中石化,30,0,30,康和-台南,2024-01-04,8458
00937B,群益ESG投等債20,27,0,27,康和-台南,2024-01-04,8458
00929,復華台灣科技優息,23,0,23,康和-台南,2024-01-04,8458
3373,熱映,22,0,22,康和-台南,2024-01-04,8458
8069,元太,21,0,21,康和-台南,2024-01-04,8458
4968,立積,21,1,20,康和-台南,2024-01-04,8458
6668,中揚光,20,0,20,康和-台南,2024-01-04,8458
2812,台中銀,20,0,20,康和-台南,2024-01-04,8458
2323,中環,20,1,19,康和-台南,2024-01-04,8458
2408,南亞科,22,3,19,康和-台南,2024-01-04,8458
6122,擎邦,19,1,18,康和-台南,2024-01-04,8458
2401,凌陽,15,0,15,康和-台南,2024-01-04,8458
3706,神達,27,13,14,康和-台南,2024-01-04,8458
2362,藍天,15,2,13,康和-台南,2024-01-04,8458
2605,新興,31,18,13,康和-台南,2024-01-04,8458
2363,矽統,13,1,12,康和-台南,2024-01-04,8458
6233,旺玖,13,1,12,康和-台南,2024-01-04,8458
9919,康那香,19,8,11,康和-台南,2024-01-04,8458
1522,堤維西,12,1,11,康和-台南,2024-01-04,8458
2356,英業達,14,3,11,康和-台南,2024-01-04,8458
2610,華航,12,1,11,康和-台南,2024-01-04,8458
2636,台驊控股,12,1,11,康和-台南,2024-01-04,8458
3033,威健,11,0,11,康和-台南,2024-01-04,8458
8011,台通,18,7,11,康和-台南,2024-01-04,8458
00891,中信關鍵半導體,10,0,10,康和-台南,2024-01-04,8458
6108,競國,15,5,10,康和-台南,2024-01-04,8458
8086,宏捷科,11,2,9,康和-台南,2024-01-04,8458
00712,復華富時不動產,8,0,8,康和-台南,2024-01-04,8458
5355,佳總,9,1,8,康和-台南,2024-01-04,8458
3078,僑威,8,1,7,康和-台南,2024-01-04,8458
3402,漢科,7,1,6,康和-台南,2024-01-04,8458
2338,光罩,6,0,6,康和-台南,2024-01-04,8458
2486,一詮,16,10,6,康和-台南,2024-01-04,8458
8932,智通*,6,0,6,康和-台南,2024-01-04,8458
1303,南亞,5,0,5,康和-台南,2024-01-04,8458
1560,中砂,5,0,5,康和-台南,2024-01-04,8458
2208,台船,5,0,5,康和-台南,2024-01-04,8458
2402,毅嘉,5,0,5,康和-台南,2024-01-04,8458
3006,晶豪科,6,1,5,康和-台南,2024-01-04,8458
3026,禾伸堂,5,0,5,康和-台南,2024-01-04,8458
3071,協禧,5,0,5,康和-台南,2024-01-04,8458
00937B,群益ESG投等債20,327,22,305,康和-台南,2024-01-05,8458
00680L,元大美債20正2,309,25,284,康和-台南,2024-01-05,8458
2633,台灣高鐵,95,0,95,康和-台南,2024-01-05,8458
2881,富邦金,60,0,60,康和-台南,2024-01-05,8458
6668,中揚光,51,1,50,康和-台南,2024-01-05,8458
4711,永純,35,0,35,康和-台南,2024-01-05,8458
3037,欣興,26,0,26,康和-台南,2024-01-05,8458
2885,元大金,26,0,26,康和-台南,2024-01-05,8458
1568,倉佑,25,0,25,康和-台南,2024-01-05,8458
2353,宏��,34,11,23,康和-台南,2024-01-05,8458
1514,亞力,24,3,21,康和-台南,2024-01-05,8458
00922,國泰台灣領袖50,20,0,20,康和-台南,2024-01-05,8458
2801,彰銀,20,0,20,康和-台南,2024-01-05,8458
2903,遠百,20,0,20,康和-台南,2024-01-05,8458
2812,台中銀,20,0,20,康和-台南,2024-01-05,8458
6233,旺玖,19,0,19,康和-台南,2024-01-05,8458
2618,長榮航,23,7,16,康和-台南,2024-01-05,8458
00919,群益台灣精選高息,15,1,14,康和-台南,2024-01-05,8458
2344,華邦電,37,24,13,康和-台南,2024-01-05,8458
6695,芯鼎,26,13,13,康和-台南,2024-01-05,8458
3380,明泰,14,3,11,康和-台南,2024-01-05,8458
5608,四維航,12,1,11,康和-台南,2024-01-05,8458
00795B,中信美國公債20年,10,0,10,康和-台南,2024-01-05,8458
00687B,國泰20年美債,10,0,10,康和-台南,2024-01-05,8458
00881,國泰台灣5G+,10,0,10,康和-台南,2024-01-05,8458
00751B,元大AAA至A公司債,13,3,10,康和-台南,2024-01-05,8458
1519,華城,13,3,10,康和-台南,2024-01-05,8458
2009,第一銅,10,0,10,康和-台南,2024-01-05,8458
2323,中環,10,0,10,康和-台南,2024-01-05,8458
2356,英業達,13,3,10,康和-台南,2024-01-05,8458
1416,廣豐,9,0,9,康和-台南,2024-01-05,8458
2486,一詮,14,5,9,康和-台南,2024-01-05,8458
3406,玉晶光,14,5,9,康和-台南,2024-01-05,8458
6123,上奇,9,0,9,康和-台南,2024-01-05,8458
00929,復華台灣科技優息,49,41,8,康和-台南,2024-01-05,8458
8096,擎亞,29,21,8,康和-台南,2024-01-05,8458
2368,金像電,7,0,7,康和-台南,2024-01-05,8458
2421,建準,7,0,7,康和-台南,2024-01-05,8458
8054,安國,16,9,7,康和-台南,2024-01-05,8458
00722B,群益投資級電信債,6,0,6,康和-台南,2024-01-05,8458
1560,中砂,6,0,6,康和-台南,2024-01-05,8458
2338,光罩,6,0,6,康和-台南,2024-01-05,8458
6125,廣運,6,0,6,康和-台南,2024-01-05,8458
00772B,中信高評級公司債,12,7,5,康和-台南,2024-01-05,8458
00632R,元大台灣50反1,5,0,5,康和-台南,2024-01-05,8458
1515,力山,5,0,5,康和-台南,2024-01-05,8458
1815,富喬,6,1,5,康和-台南,2024-01-05,8458
3346,麗清,5,0,5,康和-台南,2024-01-05,8458
3390,旭軟,5,0,5,康和-台南,2024-01-05,8458
4977,眾達-KY,5,0,5,康和-台南,2024-01-05,8458
6770,力積電,270,62,208,康和-台南,2024-01-08,8458
2905,三商,100,0,100,康和-台南,2024-01-08,8458
2601,益航,70,0,70,康和-台南,2024-01-08,8458
2002,中鋼,61,0,61,康和-台南,2024-01-08,8458
1416,廣豐,56,0,56,康和-台南,2024-01-08,8458
2303,聯電,57,1,56,康和-台南,2024-01-08,8458
1609,大亞,44,0,44,康和-台南,2024-01-08,8458
2506,太設,40,0,40,康和-台南,2024-01-08,8458
2606,裕民,151,120,31,康和-台南,2024-01-08,8458
6113,亞矽,29,0,29,康和-台南,2024-01-08,8458
6668,中揚光,32,3,29,康和-台南,2024-01-08,8458
00795B,中信美國公債20年,23,0,23,康和-台南,2024-01-08,8458
00878,國泰永續高股息,30,7,23,康和-台南,2024-01-08,8458
00882,中信中國高股息,23,0,23,康和-台南,2024-01-08,8458
3032,偉訓,25,3,22,康和-台南,2024-01-08,8458
2356,英業達,32,12,20,康和-台南,2024-01-08,8458
00753L,中信中國50正2,20,0,20,康和-台南,2024-01-08,8458
2313,華通,22,4,18,康和-台南,2024-01-08,8458
00688L,國泰20年美債正2,17,0,17,康和-台南,2024-01-08,8458
1815,富喬,16,1,15,康和-台南,2024-01-08,8458
00720B,元大投資級公司債,14,0,14,康和-台南,2024-01-08,8458
3047,訊舟,14,0,14,康和-台南,2024-01-08,8458
3360,尚立,14,0,14,康和-台南,2024-01-08,8458
8069,元太,20,6,14,康和-台南,2024-01-08,8458
6125,廣運,12,0,12,康和-台南,2024-01-08,8458
3339,泰谷,11,0,11,康和-台南,2024-01-08,8458
00877,復華中國5G,10,0,10,康和-台南,2024-01-08,8458
1504,東元,10,0,10,康和-台南,2024-01-08,8458
1568,倉佑,10,0,10,康和-台南,2024-01-08,8458
3576,聯合再生,25,15,10,康和-台南,2024-01-08,8458
2605,新興,10,1,9,康和-台南,2024-01-08,8458
6245,立端,9,0,9,康和-台南,2024-01-08,8458
6482,弘煜科,10,1,9,康和-台南,2024-01-08,8458
6446,藥華藥,8,0,8,康和-台南,2024-01-08,8458
00934,中信成長高股息,8,0,8,康和-台南,2024-01-08,8458
2344,華邦電,24,16,8,康和-台南,2024-01-08,8458
2363,矽統,8,0,8,康和-台南,2024-01-08,8458
00927,群益半導體收益,7,0,7,康和-台南,2024-01-08,8458
00751B,元大AAA至A公司債,7,0,7,康和-台南,2024-01-08,8458
3078,僑威,7,0,7,康和-台南,2024-01-08,8458
00772B,中信高評級公司債,13,7,6,康和-台南,2024-01-08,8458
00665L,富邦�琤肭磪囓�2,6,0,6,康和-台南,2024-01-08,8458
1522,堤維西,6,0,6,康和-台南,2024-01-08,8458
2607,榮運,7,1,6,康和-台南,2024-01-08,8458
2630,亞航,6,0,6,康和-台南,2024-01-08,8458
6684,安格,6,0,6,康和-台南,2024-01-08,8458
2317,鴻海,10,5,5,康和-台南,2024-01-08,8458
00900,富邦特選高股息30,5,0,5,康和-台南,2024-01-08,8458
1560,中砂,5,0,5,康和-台南,2024-01-08,8458
6191,精成科,5,0,5,康和-台南,2024-01-08,8458
5533,皇鼎,120,2,118,康和-台南,2024-01-09,8458
2606,裕民,115,24,91,康和-台南,2024-01-09,8458
9105,泰金寶-DR,86,0,86,康和-台南,2024-01-09,8458
1416,廣豐,85,0,85,康和-台南,2024-01-09,8458
2609,陽明,100,22,78,康和-台南,2024-01-09,8458
6770,力積電,64,3,61,康和-台南,2024-01-09,8458
1305,華夏,60,0,60,康和-台南,2024-01-09,8458
2002,中鋼,72,20,52,康和-台南,2024-01-09,8458
6668,中揚光,31,0,31,康和-台南,2024-01-09,8458
00882,中信中國高股息,30,0,30,康和-台南,2024-01-09,8458
2601,益航,30,0,30,康和-台南,2024-01-09,8458
3360,尚立,30,0,30,康和-台南,2024-01-09,8458
00919,群益台灣精選高息,30,2,28,康和-台南,2024-01-09,8458
2603,長榮,25,2,23,康和-台南,2024-01-09,8458
2329,華泰,35,13,22,康和-台南,2024-01-09,8458
1314,中石化,20,0,20,康和-台南,2024-01-09,8458
2888,新光金,20,0,20,康和-台南,2024-01-09,8458
2905,三商,20,0,20,康和-台南,2024-01-09,8458
00772B,中信高評級公司債,26,7,19,康和-台南,2024-01-09,8458
00929,復華台灣科技優息,27,8,19,康和-台南,2024-01-09,8458
2303,聯電,22,5,17,康和-台南,2024-01-09,8458
2337,旺宏,17,0,17,康和-台南,2024-01-09,8458
1568,倉佑,16,0,16,康和-台南,2024-01-09,8458
2331,精英,16,0,16,康和-台南,2024-01-09,8458
1603,華電,15,0,15,康和-台南,2024-01-09,8458
2359,所羅門,21,6,15,康和-台南,2024-01-09,8458
2882,國泰金,15,0,15,康和-台南,2024-01-09,8458
2352,佳世達,14,0,14,康和-台南,2024-01-09,8458
00680L,元大美債20正2,13,0,13,康和-台南,2024-01-09,8458
2368,金像電,14,1,13,康和-台南,2024-01-09,8458
00687B,國泰20年美債,12,0,12,康和-台南,2024-01-09,8458
2363,矽統,14,2,12,康和-台南,2024-01-09,8458
1210,大成,12,0,12,康和-台南,2024-01-09,8458
1449,佳和,10,0,10,康和-台南,2024-01-09,8458
1907,永豐餘,10,0,10,康和-台南,2024-01-09,8458
3234,光環,10,0,10,康和-台南,2024-01-09,8458
2371,大同,12,3,9,康和-台南,2024-01-09,8458
6182,合晶,9,0,9,康和-台南,2024-01-09,8458
3260,威剛,8,0,8,康和-台南,2024-01-09,8458
2388,威盛,15,8,7,康和-台南,2024-01-09,8458
00688L,國泰20年美債正2,8,1,7,康和-台南,2024-01-09,8458
2308,台達電,6,0,6,康和-台南,2024-01-09,8458
2104,國際中橡,6,0,6,康和-台南,2024-01-09,8458
2634,漢翔,5,0,5,康和-台南,2024-01-09,8458
2610,華航,5,0,5,康和-台南,2024-01-09,8458
3026,禾伸堂,5,0,5,康和-台南,2024-01-09,8458
3346,麗清,5,0,5,康和-台南,2024-01-09,8458
6112,邁達特,5,0,5,康和-台南,2024-01-09,8458
3228,金麗科,5,0,5,康和-台南,2024-01-09,8458
0056,元大高股息,5,0,5,康和-台南,2024-01-09,8458
00631L,元大台灣50正2,213,100,113,康和-台南,2024-01-10,8458
6770,力積電,85,9,76,康和-台南,2024-01-10,8458
00687B,國泰20年美債,61,0,61,康和-台南,2024-01-10,8458
2365,昆盈,62,2,60,康和-台南,2024-01-10,8458
5512,力麒,60,0,60,康和-台南,2024-01-10,8458
6668,中揚光,52,0,52,康和-台南,2024-01-10,8458
2323,中環,50,0,50,康和-台南,2024-01-10,8458
2834,臺企銀,50,0,50,康和-台南,2024-01-10,8458
1314,中石化,41,0,41,康和-台南,2024-01-10,8458
6684,安格,38,3,35,康和-台南,2024-01-10,8458
2606,裕民,64,30,34,康和-台南,2024-01-10,8458
2301,光寶科,33,0,33,康和-台南,2024-01-10,8458
2881,富邦金,30,0,30,康和-台南,2024-01-10,8458
2371,大同,34,4,30,康和-台南,2024-01-10,8458
2427,三商電,30,0,30,康和-台南,2024-01-10,8458
2547,日勝生,30,0,30,康和-台南,2024-01-10,8458
2617,台航,30,0,30,康和-台南,2024-01-10,8458
2905,三商,30,0,30,康和-台南,2024-01-10,8458
2609,陽明,41,12,29,康和-台南,2024-01-10,8458
2027,大成鋼,22,0,22,康和-台南,2024-01-10,8458
4303,信立,22,0,22,康和-台南,2024-01-10,8458
2883,凱基金,21,0,21,康和-台南,2024-01-10,8458
9105,泰金寶-DR,20,0,20,康和-台南,2024-01-10,8458
6243,迅杰,20,2,18,康和-台南,2024-01-10,8458
2892,第一金,17,0,17,康和-台南,2024-01-10,8458
00919,群益台灣精選高息,16,0,16,康和-台南,2024-01-10,8458
5876,上海商銀,15,0,15,康和-台南,2024-01-10,8458
3360,尚立,14,0,14,康和-台南,2024-01-10,8458
2374,佳能,14,0,14,康和-台南,2024-01-10,8458
1101,台泥,13,0,13,康和-台南,2024-01-10,8458
2618,長榮航,14,2,12,康和-台南,2024-01-10,8458
3052,夆典,12,0,12,康和-台南,2024-01-10,8458
2382,廣達,13,1,12,康和-台南,2024-01-10,8458
3712,永崴投控,11,0,11,康和-台南,2024-01-10,8458
2812,台中銀,11,0,11,康和-台南,2024-01-10,8458
1609,大亞,10,0,10,康和-台南,2024-01-10,8458
1210,大成,10,0,10,康和-台南,2024-01-10,8458
1449,佳和,10,0,10,康和-台南,2024-01-10,8458
00904,新光臺灣半導體30,10,0,10,康和-台南,2024-01-10,8458
1568,倉佑,10,0,10,康和-台南,2024-01-10,8458
2882,國泰金,10,0,10,康和-台南,2024-01-10,8458
3234,光環,10,0,10,康和-台南,2024-01-10,8458
1815,富喬,15,6,9,康和-台南,2024-01-10,8458
2888,新光金,10,1,9,康和-台南,2024-01-10,8458
2353,宏��,8,0,8,康和-台南,2024-01-10,8458
3036,文曄,11,3,8,康和-台南,2024-01-10,8458
00688L,國泰20年美債正2,7,0,7,康和-台南,2024-01-10,8458
3402,漢科,9,2,7,康和-台南,2024-01-10,8458
6446,藥華藥,6,0,6,康和-台南,2024-01-10,8458
9921,巨大,5,0,5,康和-台南,2024-01-10,8458
6770,力積電,68,5,63,康和-台南,2024-01-11,8458
3088,艾訊,60,0,60,康和-台南,2024-01-11,8458
2353,宏��,74,20,54,康和-台南,2024-01-11,8458
00929,復華台灣科技優息,49,9,40,康和-台南,2024-01-11,8458
2329,華泰,51,16,35,康和-台南,2024-01-11,8458
2606,裕民,32,1,31,康和-台南,2024-01-11,8458
2017,官田鋼,30,0,30,康和-台南,2024-01-11,8458
6120,達運,35,11,24,康和-台南,2024-01-11,8458
2408,南亞科,23,0,23,康和-台南,2024-01-11,8458
2344,華邦電,25,3,22,康和-台南,2024-01-11,8458
2324,仁寶,40,21,19,康和-台南,2024-01-11,8458
1568,倉佑,15,0,15,康和-台南,2024-01-11,8458
2610,華航,14,0,14,康和-台南,2024-01-11,8458
00687B,國泰20年美債,13,0,13,康和-台南,2024-01-11,8458
00919,群益台灣精選高息,11,0,11,康和-台南,2024-01-11,8458
00927,群益半導體收益,11,0,11,康和-台南,2024-01-11,8458
1519,華城,24,13,11,康和-台南,2024-01-11,8458
1514,亞力,16,5,11,康和-台南,2024-01-11,8458
3576,聯合再生,10,0,10,康和-台南,2024-01-11,8458
2485,兆赫,10,0,10,康和-台南,2024-01-11,8458
2303,聯電,11,1,10,康和-台南,2024-01-11,8458
6219,富旺,10,0,10,康和-台南,2024-01-11,8458
3481,群創,13,4,9,康和-台南,2024-01-11,8458
1528,恩德,11,2,9,康和-台南,2024-01-11,8458
6482,弘煜科,9,0,9,康和-台南,2024-01-11,8458
00688L,國泰20年美債正2,8,0,8,康和-台南,2024-01-11,8458
00937B,群益ESG投等債20,7,0,7,康和-台南,2024-01-11,8458
4908,前鼎,8,1,7,康和-台南,2024-01-11,8458
1810,和成,6,0,6,康和-台南,2024-01-11,8458
2605,新興,6,0,6,康和-台南,2024-01-11,8458
3360,尚立,6,0,6,康和-台南,2024-01-11,8458
4960,誠美材,6,0,6,康和-台南,2024-01-11,8458
4968,立積,6,0,6,康和-台南,2024-01-11,8458
0056,元大高股息,8,2,6,康和-台南,2024-01-11,8458
6182,合晶,5,0,5,康和-台南,2024-01-11,8458
00680L,元大美債20正2,5,0,5,康和-台南,2024-01-11,8458
00671R,富邦NASDAQ反1,5,0,5,康和-台南,2024-01-11,8458
00637L,元大滬深300正2,7,2,5,康和-台南,2024-01-11,8458
00753L,中信中國50正2,5,0,5,康和-台南,2024-01-11,8458
1714,和桐,5,0,5,康和-台南,2024-01-11,8458
2104,國際中橡,5,0,5,康和-台南,2024-01-11,8458
2367,燿華,50,45,5,康和-台南,2024-01-11,8458
2402,毅嘉,6,1,5,康和-台南,2024-01-11,8458
2449,京元電子,5,0,5,康和-台南,2024-01-11,8458
2515,中工,5,0,5,康和-台南,2024-01-11,8458
3066,李洲,9,4,5,康和-台南,2024-01-11,8458
3704,合勤控,5,0,5,康和-台南,2024-01-11,8458
4533,協易機,5,0,5,康和-台南,2024-01-11,8458
6163,華電網,6,1,5,康和-台南,2024-01-11,8458
6257,矽格,6,1,5,康和-台南,2024-01-11,8458
1301,台塑,102,0,102,康和-台南,2024-01-12,8458
00881,國泰台灣5G+,60,0,60,康和-台南,2024-01-12,8458
2891,中信金,53,1,52,康和-台南,2024-01-12,8458
6770,力積電,46,1,45,康和-台南,2024-01-12,8458
3088,艾訊,40,0,40,康和-台南,2024-01-12,8458
1535,中宇,38,0,38,康和-台南,2024-01-12,8458
00929,復華台灣科技優息,36,0,36,康和-台南,2024-01-12,8458
3360,尚立,35,0,35,康和-台南,2024-01-12,8458
2486,一詮,47,13,34,康和-台南,2024-01-12,8458
2887,台新金,31,0,31,康和-台南,2024-01-12,8458
1326,台化,31,0,31,康和-台南,2024-01-12,8458
2547,日勝生,30,0,30,康和-台南,2024-01-12,8458
3036,文曄,50,21,29,康和-台南,2024-01-12,8458
3622,洋華,24,0,24,康和-台南,2024-01-12,8458
2903,遠百,23,0,23,康和-台南,2024-01-12,8458
00927,群益半導體收益,20,0,20,康和-台南,2024-01-12,8458
1568,倉佑,20,0,20,康和-台南,2024-01-12,8458
2401,凌陽,20,0,20,康和-台南,2024-01-12,8458
5533,皇鼎,20,0,20,康和-台南,2024-01-12,8458
8039,台虹,20,0,20,康和-台南,2024-01-12,8458
2905,三商,14,0,14,康和-台南,2024-01-12,8458
2353,宏��,32,18,14,康和-台南,2024-01-12,8458
2331,精英,14,4,10,康和-台南,2024-01-12,8458
2404,漢唐,10,0,10,康和-台南,2024-01-12,8458
3669,圓展,10,0,10,康和-台南,2024-01-12,8458
00679B,元大美債20年,11,2,9,康和-台南,2024-01-12,8458
2449,京元電子,10,3,7,康和-台南,2024-01-12,8458
2313,華通,8,1,7,康和-台南,2024-01-12,8458
3306,鼎天,7,0,7,康和-台南,2024-01-12,8458
3481,群創,7,0,7,康和-台南,2024-01-12,8458
00687B,國泰20年美債,6,0,6,康和-台南,2024-01-12,8458
1522,堤維西,6,0,6,康和-台南,2024-01-12,8458
3264,欣銓,24,18,6,康和-台南,2024-01-12,8458
3362,先進光,19,13,6,康和-台南,2024-01-12,8458
3576,聯合再生,20,15,5,康和-台南,2024-01-12,8458
00665L,富邦�琤肭磪囓�2,5,0,5,康和-台南,2024-01-12,8458
00919,群益台灣精選高息,5,0,5,康和-台南,2024-01-12,8458
1528,恩德,29,24,5,康和-台南,2024-01-12,8458
2208,台船,9,4,5,康和-台南,2024-01-12,8458
2405,輔信,5,0,5,康和-台南,2024-01-12,8458
2421,建準,5,0,5,康和-台南,2024-01-12,8458
2901,欣欣,5,0,5,康和-台南,2024-01-12,8458
6175,立敦,5,0,5,康和-台南,2024-01-12,8458
6470,宇智,5,0,5,康和-台南,2024-01-12,8458
8068,全達,5,0,5,康和-台南,2024-01-12,8458
8150,南茂,6,1,5,康和-台南,2024-01-12,8458
2892,第一金,10,6,4,康和-台南,2024-01-12,8458
1304,台聚,4,0,4,康和-台南,2024-01-12,8458
1612,宏泰,4,0,4,康和-台南,2024-01-12,8458
2402,毅嘉,4,0,4,康和-台南,2024-01-12,8458
2883,凱基金,308,0,308,康和-台南,2024-01-15,8458
00637L,元大滬深300正2,150,0,150,康和-台南,2024-01-15,8458
00933B,國泰10Y+金融債,100,0,100,康和-台南,2024-01-15,8458
00929,復華台灣科技優息,66,12,54,康和-台南,2024-01-15,8458
00631L,元大台灣50正2,50,0,50,康和-台南,2024-01-15,8458
3481,群創,41,3,38,康和-台南,2024-01-15,8458
2344,華邦電,84,47,37,康和-台南,2024-01-15,8458
3231,緯創,45,16,29,康和-台南,2024-01-15,8458
2905,三商,26,0,26,康和-台南,2024-01-15,8458
2618,長榮航,29,3,26,康和-台南,2024-01-15,8458
2423,固緯,21,0,21,康和-台南,2024-01-15,8458
2324,仁寶,23,2,21,康和-台南,2024-01-15,8458
00931B,統一美債20年,20,0,20,康和-台南,2024-01-15,8458
1802,台玻,20,0,20,康和-台南,2024-01-15,8458
2880,華南金,20,0,20,康和-台南,2024-01-15,8458
2903,遠百,20,0,20,康和-台南,2024-01-15,8458
2409,友達,27,8,19,康和-台南,2024-01-15,8458
5355,佳總,20,1,19,康和-台南,2024-01-15,8458
3032,偉訓,22,4,18,康和-台南,2024-01-15,8458
2748,雲品,21,4,17,康和-台南,2024-01-15,8458
2356,英業達,19,2,17,康和-台南,2024-01-15,8458
00881,國泰台灣5G+,15,0,15,康和-台南,2024-01-15,8458
2421,建準,16,1,15,康和-台南,2024-01-15,8458
6122,擎邦,16,1,15,康和-台南,2024-01-15,8458
8039,台虹,15,0,15,康和-台南,2024-01-15,8458
8085,福華,14,0,14,康和-台南,2024-01-15,8458
3704,合勤控,13,0,13,康和-台南,2024-01-15,8458
8011,台通,12,0,12,康和-台南,2024-01-15,8458
00665L,富邦�琤肭磪囓�2,11,0,11,康和-台南,2024-01-15,8458
2885,元大金,10,0,10,康和-台南,2024-01-15,8458
1416,廣豐,10,0,10,康和-台南,2024-01-15,8458
1449,佳和,10,0,10,康和-台南,2024-01-15,8458
00919,群益台灣精選高息,10,0,10,康和-台南,2024-01-15,8458
00715L,期街口布蘭特正2,10,0,10,康和-台南,2024-01-15,8458
4541,晟田,10,0,10,康和-台南,2024-01-15,8458
6244,茂迪,10,0,10,康和-台南,2024-01-15,8458
3715,定穎投控,24,15,9,康和-台南,2024-01-15,8458
6125,廣運,10,1,9,康和-台南,2024-01-15,8458
0056,元大高股息,8,2,6,康和-台南,2024-01-15,8458
00770,國泰北美科技,6,0,6,康和-台南,2024-01-15,8458
2402,毅嘉,6,0,6,康和-台南,2024-01-15,8458
1805,寶徠,5,0,5,康和-台南,2024-01-15,8458
2515,中工,5,0,5,康和-台南,2024-01-15,8458
3339,泰谷,5,0,5,康和-台南,2024-01-15,8458
5464,霖宏,5,0,5,康和-台南,2024-01-15,8458
6163,華電網,5,0,5,康和-台南,2024-01-15,8458
00937B,群益ESG投等債20,4,0,4,康和-台南,2024-01-15,8458
2610,華航,4,0,4,康和-台南,2024-01-15,8458
3031,佰鴻,5,1,4,康和-台南,2024-01-15,8458
5426,振發,8,4,4,康和-台南,2024-01-15,8458
2883,凱基金,395,5,390,康和-台南,2024-01-16,8458
2905,三商,121,0,121,康和-台南,2024-01-16,8458
1710,東聯,88,0,88,康和-台南,2024-01-16,8458
2881,富邦金,88,0,88,康和-台南,2024-01-16,8458
1326,台化,62,0,62,康和-台南,2024-01-16,8458
2606,裕民,61,0,61,康和-台南,2024-01-16,8458
2344,華邦電,72,22,50,康和-台南,2024-01-16,8458
2405,輔信,65,16,49,康和-台南,2024-01-16,8458
2329,華泰,82,35,47,康和-台南,2024-01-16,8458
2885,元大金,42,0,42,康和-台南,2024-01-16,8458
3052,夆典,41,0,41,康和-台南,2024-01-16,8458
2880,華南金,40,0,40,康和-台南,2024-01-16,8458
2501,國建,40,0,40,康和-台南,2024-01-16,8458
1416,廣豐,34,0,34,康和-台南,2024-01-16,8458
2892,第一金,33,0,33,康和-台南,2024-01-16,8458
2618,長榮航,36,3,33,康和-台南,2024-01-16,8458
0056,元大高股息,32,0,32,康和-台南,2024-01-16,8458
2547,日勝生,30,0,30,康和-台南,2024-01-16,8458
6120,達運,34,5,29,康和-台南,2024-01-16,8458
2609,陽明,44,16,28,康和-台南,2024-01-16,8458
4908,前鼎,32,4,28,康和-台南,2024-01-16,8458
00929,復華台灣科技優息,46,22,24,康和-台南,2024-01-16,8458
2331,精英,27,4,23,康和-台南,2024-01-16,8458
2374,佳能,23,0,23,康和-台南,2024-01-16,8458
2457,飛宏,23,0,23,康和-台南,2024-01-16,8458
3231,緯創,47,25,22,康和-台南,2024-01-16,8458
00679B,元大美債20年,24,2,22,康和-台南,2024-01-16,8458
2812,台中銀,21,0,21,康和-台南,2024-01-16,8458
9938,百和,20,0,20,康和-台南,2024-01-16,8458
00904,新光臺灣半導體30,19,0,19,康和-台南,2024-01-16,8458
2887,台新金,18,0,18,康和-台南,2024-01-16,8458
2603,長榮,28,12,16,康和-台南,2024-01-16,8458
2312,金寶,15,0,15,康和-台南,2024-01-16,8458
2610,華航,15,0,15,康和-台南,2024-01-16,8458
5876,上海商銀,15,0,15,康和-台南,2024-01-16,8458
2486,一詮,15,2,13,康和-台南,2024-01-16,8458
2317,鴻海,12,0,12,康和-台南,2024-01-16,8458
2332,友訊,12,0,12,康和-台南,2024-01-16,8458
6684,安格,15,3,12,康和-台南,2024-01-16,8458
6695,芯鼎,26,15,11,康和-台南,2024-01-16,8458
1529,樂事綠能,11,0,11,康和-台南,2024-01-16,8458
2357,華碩,11,0,11,康和-台南,2024-01-16,8458
5355,佳總,15,4,11,康和-台南,2024-01-16,8458
2912,統一超,10,0,10,康和-台南,2024-01-16,8458
2897,王道銀行,10,0,10,康和-台南,2024-01-16,8458
5488,松普,12,2,10,康和-台南,2024-01-16,8458
1609,大亞,18,9,9,康和-台南,2024-01-16,8458
2104,國際中橡,10,1,9,康和-台南,2024-01-16,8458
2801,彰銀,13,5,8,康和-台南,2024-01-16,8458
2888,新光金,8,0,8,康和-台南,2024-01-16,8458
2883,凱基金,764,0,764,康和-台南,2024-01-17,8458
00631L,元大台灣50正2,150,0,150,康和-台南,2024-01-17,8458
2303,聯電,96,8,88,康和-台南,2024-01-17,8458
00919,群益台灣精選高息,88,0,88,康和-台南,2024-01-17,8458
6770,力積電,97,13,84,康和-台南,2024-01-17,8458
2344,華邦電,128,48,80,康和-台南,2024-01-17,8458
2881,富邦金,78,0,78,康和-台南,2024-01-17,8458
2547,日勝生,60,0,60,康和-台南,2024-01-17,8458
2801,彰銀,42,0,42,康和-台南,2024-01-17,8458
00891,中信關鍵半導體,40,0,40,康和-台南,2024-01-17,8458
2365,昆盈,40,0,40,康和-台南,2024-01-17,8458
2609,陽明,45,6,39,康和-台南,2024-01-17,8458
0056,元大高股息,39,0,39,康和-台南,2024-01-17,8458
2892,第一金,34,0,34,康和-台南,2024-01-17,8458
00922,國泰台灣領袖50,35,3,32,康和-台南,2024-01-17,8458
2880,華南金,30,0,30,康和-台南,2024-01-17,8458
4960,誠美材,27,1,26,康和-台南,2024-01-17,8458
2002,中鋼,26,1,25,康和-台南,2024-01-17,8458
2353,宏��,60,35,25,康和-台南,2024-01-17,8458
2331,精英,24,1,23,康和-台南,2024-01-17,8458
2371,大同,26,4,22,康和-台南,2024-01-17,8458
00679B,元大美債20年,26,5,21,康和-台南,2024-01-17,8458
2885,元大金,20,0,20,康和-台南,2024-01-17,8458
4968,立積,20,0,20,康和-台南,2024-01-17,8458
2812,台中銀,20,0,20,康和-台南,2024-01-17,8458
00882,中信中國高股息,25,6,19,康和-台南,2024-01-17,8458
00929,復華台灣科技優息,92,74,18,康和-台南,2024-01-17,8458
1568,倉佑,17,0,17,康和-台南,2024-01-17,8458
2317,鴻海,19,3,16,康和-台南,2024-01-17,8458
00687B,國泰20年美債,16,0,16,康和-台南,2024-01-17,8458
2884,玉山金,15,0,15,康和-台南,2024-01-17,8458
00665L,富邦�琤肭磪囓�2,14,0,14,康和-台南,2024-01-17,8458
6216,居易,17,3,14,康和-台南,2024-01-17,8458
3029,零壹,13,0,13,康和-台南,2024-01-17,8458
3712,永崴投控,15,2,13,康和-台南,2024-01-17,8458
2301,光寶科,16,4,12,康和-台南,2024-01-17,8458
2882,國泰金,12,0,12,康和-台南,2024-01-17,8458
0050,元大台灣50,12,1,11,康和-台南,2024-01-17,8458
00878,國泰永續高股息,15,4,11,康和-台南,2024-01-17,8458
1326,台化,10,0,10,康和-台南,2024-01-17,8458
1449,佳和,10,0,10,康和-台南,2024-01-17,8458
2375,凱美,10,0,10,康和-台南,2024-01-17,8458
2606,裕民,10,0,10,康和-台南,2024-01-17,8458
2887,台新金,10,0,10,康和-台南,2024-01-17,8458
2891,中信金,10,0,10,康和-台南,2024-01-17,8458
2913,農林,10,0,10,康和-台南,2024-01-17,8458
4105,東洋,10,0,10,康和-台南,2024-01-17,8458
1504,東元,11,2,9,康和-台南,2024-01-17,8458
00770,國泰北美科技,9,0,9,康和-台南,2024-01-17,8458
6282,康舒,9,0,9,康和-台南,2024-01-17,8458
2883,凱基金,182,0,182,康和-台南,2024-01-18,8458
00937B,群益ESG投等債20,62,0,62,康和-台南,2024-01-18,8458
3481,群創,520,473,47,康和-台南,2024-01-18,8458
2812,台中銀,40,0,40,康和-台南,2024-01-18,8458
2887,台新金,29,0,29,康和-台南,2024-01-18,8458
2881,富邦金,20,0,20,康和-台南,2024-01-18,8458
3231,緯創,50,30,20,康和-台南,2024-01-18,8458
2329,華泰,31,11,20,康和-台南,2024-01-18,8458
2885,元大金,20,0,20,康和-台南,2024-01-18,8458
00929,復華台灣科技優息,99,80,19,康和-台南,2024-01-18,8458
2324,仁寶,154,136,18,康和-台南,2024-01-18,8458
1519,華城,22,6,16,康和-台南,2024-01-18,8458
2801,彰銀,14,0,14,康和-台南,2024-01-18,8458
2303,聯電,21,8,13,康和-台南,2024-01-18,8458
1305,華夏,12,0,12,康和-台南,2024-01-18,8458
2882,國泰金,12,0,12,康和-台南,2024-01-18,8458
4916,事欣科,12,0,12,康和-台南,2024-01-18,8458
6770,力積電,18,6,12,康和-台南,2024-01-18,8458
00720B,元大投資級公司債,11,0,11,康和-台南,2024-01-18,8458
4979,華星光,12,2,10,康和-台南,2024-01-18,8458
1449,佳和,10,0,10,康和-台南,2024-01-18,8458
1504,東元,10,0,10,康和-台南,2024-01-18,8458
2888,新光金,70,60,10,康和-台南,2024-01-18,8458
9904,寶成,10,0,10,康和-台南,2024-01-18,8458
6233,旺玖,10,1,9,康和-台南,2024-01-18,8458
00931B,統一美債20年,8,0,8,康和-台南,2024-01-18,8458
00882,中信中國高股息,8,0,8,康和-台南,2024-01-18,8458
2382,廣達,13,6,7,康和-台南,2024-01-18,8458
2880,華南金,7,0,7,康和-台南,2024-01-18,8458
6113,亞矽,7,0,7,康和-台南,2024-01-18,8458
5426,振發,37,30,7,康和-台南,2024-01-18,8458
1324,地球,6,0,6,康和-台南,2024-01-18,8458
2344,華邦電,12,6,6,康和-台南,2024-01-18,8458
2405,輔信,12,6,6,康和-台南,2024-01-18,8458
8112,至上,7,1,6,康和-台南,2024-01-18,8458
00713,元大台灣高息低波,6,0,6,康和-台南,2024-01-18,8458
1101,台泥,6,1,5,康和-台南,2024-01-18,8458
6196,帆宣,5,0,5,康和-台南,2024-01-18,8458
00688L,國泰20年美債正2,5,0,5,康和-台南,2024-01-18,8458
1522,堤維西,9,4,5,康和-台南,2024-01-18,8458
2332,友訊,5,0,5,康和-台南,2024-01-18,8458
8034,榮群,10,5,5,康和-台南,2024-01-18,8458
2002,中鋼,4,0,4,康和-台南,2024-01-18,8458
00878,國泰永續高股息,5,1,4,康和-台南,2024-01-18,8458
2301,光寶科,4,0,4,康和-台南,2024-01-18,8458
2368,金像電,8,4,4,康和-台南,2024-01-18,8458
1307,三芳,4,0,4,康和-台南,2024-01-18,8458
2367,燿華,4,0,4,康和-台南,2024-01-18,8458
2421,建準,6,2,4,康和-台南,2024-01-18,8458
3357,臺慶科,4,0,4,康和-台南,2024-01-18,8458
00933B,國泰10Y+金融債,66,0,66,康和-台南,2024-01-19,8458
00631L,元大台灣50正2,51,1,50,康和-台南,2024-01-19,8458
00679B,元大美債20年,47,5,42,康和-台南,2024-01-19,8458
2356,英業達,68,27,41,康和-台南,2024-01-19,8458
3257,虹冠電,31,0,31,康和-台南,2024-01-19,8458
2618,長榮航,34,4,30,康和-台南,2024-01-19,8458
3036,文曄,32,3,29,康和-台南,2024-01-19,8458
00720B,元大投資級公司債,27,0,27,康和-台南,2024-01-19,8458
1514,亞力,28,2,26,康和-台南,2024-01-19,8458
2324,仁寶,182,157,25,康和-台南,2024-01-19,8458
00937B,群益ESG投等債20,24,0,24,康和-台南,2024-01-19,8458
8150,南茂,24,0,24,康和-台南,2024-01-19,8458
00751B,元大AAA至A公司債,23,0,23,康和-台南,2024-01-19,8458
6108,競國,25,2,23,康和-台南,2024-01-19,8458
00857B,永豐20年美公債,22,0,22,康和-台南,2024-01-19,8458
00931B,統一美債20年,21,0,21,康和-台南,2024-01-19,8458
2607,榮運,20,0,20,康和-台南,2024-01-19,8458
00687B,國泰20年美債,19,0,19,康和-台南,2024-01-19,8458
1301,台塑,16,0,16,康和-台南,2024-01-19,8458
6233,旺玖,65,51,14,康和-台南,2024-01-19,8458
2609,陽明,14,2,12,康和-台南,2024-01-19,8458
1905,華紙,12,0,12,康和-台南,2024-01-19,8458
3374,精材,12,0,12,康和-台南,2024-01-19,8458
00712,復華富時不動產,10,0,10,康和-台南,2024-01-19,8458
00919,群益台灣精選高息,12,2,10,康和-台南,2024-01-19,8458
2419,仲琦,10,0,10,康和-台南,2024-01-19,8458
5011,久陽,10,0,10,康和-台南,2024-01-19,8458
9938,百和,10,0,10,康和-台南,2024-01-19,8458
00680L,元大美債20正2,9,0,9,康和-台南,2024-01-19,8458
3033,威健,12,3,9,康和-台南,2024-01-19,8458
2106,建大,8,0,8,康和-台南,2024-01-19,8458
2405,輔信,16,8,8,康和-台南,2024-01-19,8458
3715,定穎投控,16,8,8,康和-台南,2024-01-19,8458
8112,至上,12,4,8,康和-台南,2024-01-19,8458
6285,啟��,7,0,7,康和-台南,2024-01-19,8458
00882,中信中國高股息,7,0,7,康和-台南,2024-01-19,8458
2362,藍天,22,15,7,康和-台南,2024-01-19,8458
2409,友達,23,16,7,康和-台南,2024-01-19,8458
2486,一詮,9,2,7,康和-台南,2024-01-19,8458
6547,高端疫苗,7,0,7,康和-台南,2024-01-19,8458
2002,中鋼,7,0,7,康和-台南,2024-01-19,8458
1609,大亞,6,0,6,康和-台南,2024-01-19,8458
1815,富喬,6,0,6,康和-台南,2024-01-19,8458
6443,元晶,6,0,6,康和-台南,2024-01-19,8458
5443,均豪,7,2,5,康和-台南,2024-01-19,8458
1316,上曜,5,0,5,康和-台南,2024-01-19,8458
2301,光寶科,7,2,5,康和-台南,2024-01-19,8458
4566,時碩工業,5,0,5,康和-台南,2024-01-19,8458
1718,中纖,4,0,4,康和-台南,2024-01-19,8458
2801,彰銀,4,0,4,康和-台南,2024-01-19,8458
00637L,元大滬深300正2,100,1,99,康和-台南,2024-01-22,8458
2867,三商壽,50,0,50,康和-台南,2024-01-22,8458
2603,長榮,45,0,45,康和-台南,2024-01-22,8458
2618,長榮航,53,11,42,康和-台南,2024-01-22,8458
00752,中信中國50,40,0,40,康和-台南,2024-01-22,8458
00882,中信中國高股息,39,0,39,康和-台南,2024-01-22,8458
2609,陽明,56,22,34,康和-台南,2024-01-22,8458
2375,凱美,34,0,34,康和-台南,2024-01-22,8458
1416,廣豐,30,0,30,康和-台南,2024-01-22,8458
3022,威強電,30,0,30,康和-台南,2024-01-22,8458
8905,裕國,30,0,30,康和-台南,2024-01-22,8458
2887,台新金,25,0,25,康和-台南,2024-01-22,8458
00650L,復華香港正2,25,0,25,康和-台南,2024-01-22,8458
3265,台星科,25,0,25,康和-台南,2024-01-22,8458
2617,台航,20,0,20,康和-台南,2024-01-22,8458
6712,長聖,20,0,20,康和-台南,2024-01-22,8458
2353,宏��,65,48,17,康和-台南,2024-01-22,8458
2327,國巨,17,0,17,康和-台南,2024-01-22,8458
2369,菱生,17,0,17,康和-台南,2024-01-22,8458
6589,台康生技,15,0,15,康和-台南,2024-01-22,8458
6770,力積電,15,0,15,康和-台南,2024-01-22,8458
00900,富邦特選高股息30,13,0,13,康和-台南,2024-01-22,8458
3576,聯合再生,11,0,11,康和-台南,2024-01-22,8458
4915,致伸,11,0,11,康和-台南,2024-01-22,8458
8054,安國,19,8,11,康和-台南,2024-01-22,8458
1449,佳和,10,0,10,康和-台南,2024-01-22,8458
2492,華新科,10,0,10,康和-台南,2024-01-22,8458
3346,麗清,10,0,10,康和-台南,2024-01-22,8458
3715,定穎投控,18,8,10,康和-台南,2024-01-22,8458
4746,台耀,10,0,10,康和-台南,2024-01-22,8458
5009,榮剛,10,0,10,康和-台南,2024-01-22,8458
5328,華容,10,0,10,康和-台南,2024-01-22,8458
00937B,群益ESG投等債20,12,3,9,康和-台南,2024-01-22,8458
1609,大亞,21,12,9,康和-台南,2024-01-22,8458
2208,台船,9,0,9,康和-台南,2024-01-22,8458
3490,單井,9,0,9,康和-台南,2024-01-22,8458
3504,揚明光,9,0,9,康和-台南,2024-01-22,8458
2316,楠梓電,18,12,6,康和-台南,2024-01-22,8458
00680L,元大美債20正2,5,0,5,康和-台南,2024-01-22,8458
4714,永捷,13,8,5,康和-台南,2024-01-22,8458
4973,廣穎,5,0,5,康和-台南,2024-01-22,8458
5521,工信,5,0,5,康和-台南,2024-01-22,8458
6244,茂迪,5,0,5,康和-台南,2024-01-22,8458
6672,騰輝電子-KY,5,0,5,康和-台南,2024-01-22,8458
6799,來頡,5,0,5,康和-台南,2024-01-22,8458
6937,天虹,5,0,5,康和-台南,2024-01-22,8458
2801,彰銀,5,0,5,康和-台南,2024-01-22,8458
2317,鴻海,5,1,4,康和-台南,2024-01-22,8458
6139,亞翔,6,2,4,康和-台南,2024-01-22,8458
2412,中華電,5,1,4,康和-台南,2024-01-22,8458
2409,友達,197,55,142,康和-台南,2024-01-23,8458
6116,彩晶,103,10,93,康和-台南,2024-01-23,8458
2371,大同,81,10,71,康和-台南,2024-01-23,8458
2511,太子,90,30,60,康和-台南,2024-01-23,8458
2609,陽明,50,6,44,康和-台南,2024-01-23,8458
2801,彰銀,40,0,40,康和-台南,2024-01-23,8458
2618,長榮航,37,3,34,康和-台南,2024-01-23,8458
6124,業強,20,0,20,康和-台南,2024-01-23,8458
6216,居易,19,0,19,康和-台南,2024-01-23,8458
6112,邁達特,20,3,17,康和-台南,2024-01-23,8458
1308,亞聚,15,0,15,康和-台南,2024-01-23,8458
6712,長聖,15,0,15,康和-台南,2024-01-23,8458
2405,輔信,22,8,14,康和-台南,2024-01-23,8458
00935,野村臺灣新科技50,15,1,14,康和-台南,2024-01-23,8458
2356,英業達,167,153,14,康和-台南,2024-01-23,8458
1795,美時,13,0,13,康和-台南,2024-01-23,8458
8996,高力,13,0,13,康和-台南,2024-01-23,8458
2352,佳世達,12,0,12,康和-台南,2024-01-23,8458
2363,矽統,14,3,11,康和-台南,2024-01-23,8458
2453,凌群,12,1,11,康和-台南,2024-01-23,8458
4746,台耀,11,0,11,康和-台南,2024-01-23,8458
2404,漢唐,10,0,10,康和-台南,2024-01-23,8458
00919,群益台灣精選高息,11,1,10,康和-台南,2024-01-23,8458
1524,耿鼎,10,0,10,康和-台南,2024-01-23,8458
1532,勤美,10,0,10,康和-台南,2024-01-23,8458
3189,景碩,10,0,10,康和-台南,2024-01-23,8458
3339,泰谷,10,0,10,康和-台南,2024-01-23,8458
3346,麗清,10,0,10,康和-台南,2024-01-23,8458
8040,九暘,10,0,10,康和-台南,2024-01-23,8458
2344,華邦電,27,17,10,康和-台南,2024-01-23,8458
2425,承啟,10,0,10,康和-台南,2024-01-23,8458
2002,中鋼,6,0,6,康和-台南,2024-01-23,8458
00857B,永豐20年美公債,6,0,6,康和-台南,2024-01-23,8458
1905,華紙,6,0,6,康和-台南,2024-01-23,8458
3576,聯合再生,9,3,6,康和-台南,2024-01-23,8458
6155,鈞寶,7,1,6,康和-台南,2024-01-23,8458
6233,旺玖,17,11,6,康和-台南,2024-01-23,8458
2884,玉山金,5,0,5,康和-台南,2024-01-23,8458
1568,倉佑,5,0,5,康和-台南,2024-01-23,8458
2388,威盛,21,16,5,康和-台南,2024-01-23,8458
3265,台星科,30,25,5,康和-台南,2024-01-23,8458
4973,廣穎,6,1,5,康和-台南,2024-01-23,8458
5328,華容,5,0,5,康和-台南,2024-01-23,8458
6138,茂達,5,0,5,康和-台南,2024-01-23,8458
2486,一詮,4,0,4,康和-台南,2024-01-23,8458
3703,欣陸,4,0,4,康和-台南,2024-01-23,8458
3708,上緯投控,4,0,4,康和-台南,2024-01-23,8458
5608,四維航,4,0,4,康和-台南,2024-01-23,8458
8489,三貝德,5,1,4,康和-台南,2024-01-23,8458
3325,旭品,4,1,3,康和-台南,2024-01-23,8458
2369,菱生,62,10,52,康和-台南,2024-01-24,8458
2409,友達,214,170,44,康和-台南,2024-01-24,8458
2845,遠東銀,40,0,40,康和-台南,2024-01-24,8458
4714,永捷,34,2,32,康和-台南,2024-01-24,8458
00937B,群益ESG投等債20,29,0,29,康和-台南,2024-01-24,8458
6233,旺玖,34,7,27,康和-台南,2024-01-24,8458
4968,立積,25,3,22,康和-台南,2024-01-24,8458
3257,虹冠電,21,0,21,康和-台南,2024-01-24,8458
3694,海華,20,0,20,康和-台南,2024-01-24,8458
2353,宏��,68,49,19,康和-台南,2024-01-24,8458
2329,華泰,25,9,16,康和-台南,2024-01-24,8458
3481,群創,60,44,16,康和-台南,2024-01-24,8458
00679B,元大美債20年,20,7,13,康和-台南,2024-01-24,8458
3036,文曄,13,1,12,康和-台南,2024-01-24,8458
3005,神基,12,0,12,康和-台南,2024-01-24,8458
00931B,統一美債20年,11,0,11,康和-台南,2024-01-24,8458
2401,凌陽,13,2,11,康和-台南,2024-01-24,8458
2886,兆豐金,11,0,11,康和-台南,2024-01-24,8458
2425,承啟,10,0,10,康和-台南,2024-01-24,8458
2617,台航,10,0,10,康和-台南,2024-01-24,8458
3014,聯陽,10,0,10,康和-台南,2024-01-24,8458
3114,好德,10,0,10,康和-台南,2024-01-24,8458
6237,驊訊,14,4,10,康和-台南,2024-01-24,8458
5426,振發,10,1,9,康和-台南,2024-01-24,8458
3605,宏致,10,1,9,康和-台南,2024-01-24,8458
8104,錸寶,9,0,9,康和-台南,2024-01-24,8458
1785,光洋科,10,2,8,康和-台南,2024-01-24,8458
2106,建大,8,0,8,康和-台南,2024-01-24,8458
3483,力致,9,1,8,康和-台南,2024-01-24,8458
00751B,元大AAA至A公司債,7,0,7,康和-台南,2024-01-24,8458
2374,佳能,10,3,7,康和-台南,2024-01-24,8458
2801,彰銀,7,0,7,康和-台南,2024-01-24,8458
3006,晶豪科,7,0,7,康和-台南,2024-01-24,8458
3013,晟銘電,7,0,7,康和-台南,2024-01-24,8458
3583,辛耘,7,0,7,康和-台南,2024-01-24,8458
8111,立��,10,3,7,康和-台南,2024-01-24,8458
00933B,國泰10Y+金融債,6,0,6,康和-台南,2024-01-24,8458
00680L,元大美債20正2,6,0,6,康和-台南,2024-01-24,8458
2030,彰源,6,0,6,康和-台南,2024-01-24,8458
2363,矽統,9,3,6,康和-台南,2024-01-24,8458
5469,瀚宇博,6,0,6,康和-台南,2024-01-24,8458
2308,台達電,5,0,5,康和-台南,2024-01-24,8458
1231,聯華食,5,0,5,康和-台南,2024-01-24,8458
00720B,元大投資級公司債,5,0,5,康和-台南,2024-01-24,8458
00857B,永豐20年美公債,5,0,5,康和-台南,2024-01-24,8458
00637L,元大滬深300正2,5,0,5,康和-台南,2024-01-24,8458
00688L,國泰20年美債正2,5,0,5,康和-台南,2024-01-24,8458
1618,合機,5,0,5,康和-台南,2024-01-24,8458
2208,台船,5,0,5,康和-台南,2024-01-24,8458
3437,榮創,6,1,5,康和-台南,2024-01-24,8458
2344,華邦電,77,10,67,康和-台南,2024-01-25,8458
00637L,元大滬深300正2,497,449,48,康和-台南,2024-01-25,8458
2905,三商,41,0,41,康和-台南,2024-01-25,8458
00665L,富邦�琤肭磪囓�2,55,15,40,康和-台南,2024-01-25,8458
00931B,統一美債20年,32,0,32,康和-台南,2024-01-25,8458
00679B,元大美債20年,34,6,28,康和-台南,2024-01-25,8458
00857B,永豐20年美公債,23,0,23,康和-台南,2024-01-25,8458
00633L,富邦上証正2,24,2,22,康和-台南,2024-01-25,8458
3149,正達,35,13,22,康和-台南,2024-01-25,8458
2882,國泰金,20,0,20,康和-台南,2024-01-25,8458
8040,九暘,19,0,19,康和-台南,2024-01-25,8458
6244,茂迪,18,2,16,康和-台南,2024-01-25,8458
9105,泰金寶-DR,15,0,15,康和-台南,2024-01-25,8458
5009,榮剛,15,1,14,康和-台南,2024-01-25,8458
6233,旺玖,15,1,14,康和-台南,2024-01-25,8458
3548,兆利,13,0,13,康和-台南,2024-01-25,8458
2603,長榮,13,0,13,康和-台南,2024-01-25,8458
2353,宏��,46,34,12,康和-台南,2024-01-25,8458
2467,志聖,24,13,11,康和-台南,2024-01-25,8458
2609,陽明,13,2,11,康和-台南,2024-01-25,8458
3013,晟銘電,17,6,11,康和-台南,2024-01-25,8458
00687B,國泰20年美債,10,0,10,康和-台南,2024-01-25,8458
2618,長榮航,21,11,10,康和-台南,2024-01-25,8458
6155,鈞寶,10,0,10,康和-台南,2024-01-25,8458
8163,達方,10,0,10,康和-台南,2024-01-25,8458
2425,承啟,10,0,10,康和-台南,2024-01-25,8458
2345,智邦,9,0,9,康和-台南,2024-01-25,8458
2401,凌陽,9,0,9,康和-台南,2024-01-25,8458
8112,至上,9,0,9,康和-台南,2024-01-25,8458
2356,英業達,26,18,8,康和-台南,2024-01-25,8458
2301,光寶科,14,6,8,康和-台南,2024-01-25,8458
3022,威強電,8,0,8,康和-台南,2024-01-25,8458
1301,台塑,6,0,6,康和-台南,2024-01-25,8458
2382,廣達,14,8,6,康和-台南,2024-01-25,8458
2457,飛宏,6,0,6,康和-台南,2024-01-25,8458
3362,先進光,6,0,6,康和-台南,2024-01-25,8458
3406,玉晶光,6,0,6,康和-台南,2024-01-25,8458
6274,台燿,6,0,6,康和-台南,2024-01-25,8458
3114,好德,10,4,6,康和-台南,2024-01-25,8458
3402,漢科,6,1,5,康和-台南,2024-01-25,8458
2360,致茂,5,0,5,康和-台南,2024-01-25,8458
2371,大同,5,0,5,康和-台南,2024-01-25,8458
2421,建準,26,21,5,康和-台南,2024-01-25,8458
3006,晶豪科,5,0,5,康和-台南,2024-01-25,8458
3026,禾伸堂,5,0,5,康和-台南,2024-01-25,8458
3338,泰碩,6,1,5,康和-台南,2024-01-25,8458
4968,立積,5,0,5,康和-台南,2024-01-25,8458
4999,鑫禾,5,0,5,康和-台南,2024-01-25,8458
1609,大亞,4,0,4,康和-台南,2024-01-25,8458
2106,建大,4,0,4,康和-台南,2024-01-25,8458
00637L,元大滬深300正2,180,0,180,康和-台南,2024-01-26,8458
2882,國泰金,100,2,98,康和-台南,2024-01-26,8458
2303,聯電,93,2,91,康和-台南,2024-01-26,8458
00929,復華台灣科技優息,78,1,77,康和-台南,2024-01-26,8458
6164,華興,51,1,50,康和-台南,2024-01-26,8458
00687B,國泰20年美債,39,0,39,康和-台南,2024-01-26,8458
3257,虹冠電,31,0,31,康和-台南,2024-01-26,8458
2365,昆盈,33,4,29,康和-台南,2024-01-26,8458
8085,福華,20,1,19,康和-台南,2024-01-26,8458
6770,力積電,18,1,17,康和-台南,2024-01-26,8458
4746,台耀,17,1,16,康和-台南,2024-01-26,8458
3231,緯創,31,17,14,康和-台南,2024-01-26,8458
00688L,國泰20年美債正2,13,0,13,康和-台南,2024-01-26,8458
2382,廣達,17,5,12,康和-台南,2024-01-26,8458
3036,文曄,13,1,12,康和-台南,2024-01-26,8458
3360,尚立,19,7,12,康和-台南,2024-01-26,8458
3694,海華,13,1,12,康和-台南,2024-01-26,8458
4162,智擎,13,1,12,康和-台南,2024-01-26,8458
00857B,永豐20年美公債,12,1,11,康和-台南,2024-01-26,8458
2399,映泰,10,0,10,康和-台南,2024-01-26,8458
2845,遠東銀,10,0,10,康和-台南,2024-01-26,8458
3066,李洲,12,2,10,康和-台南,2024-01-26,8458
4939,亞電,10,0,10,康和-台南,2024-01-26,8458
6233,旺玖,10,0,10,康和-台南,2024-01-26,8458
2356,英業達,16,7,9,康和-台南,2024-01-26,8458
1316,上曜,14,6,8,康和-台南,2024-01-26,8458
2317,鴻海,8,0,8,康和-台南,2024-01-26,8458
2405,輔信,14,7,7,康和-台南,2024-01-26,8458
3013,晟銘電,6,0,6,康和-台南,2024-01-26,8458
1514,亞力,7,1,6,康和-台南,2024-01-26,8458
2375,凱美,6,0,6,康和-台南,2024-01-26,8458
4956,光鋐,7,1,6,康和-台南,2024-01-26,8458
2376,技嘉,7,1,6,康和-台南,2024-01-26,8458
2467,志聖,5,0,5,康和-台南,2024-01-26,8458
2611,志信,5,0,5,康和-台南,2024-01-26,8458
5443,均豪,5,0,5,康和-台南,2024-01-26,8458
6125,廣運,5,0,5,康和-台南,2024-01-26,8458
8040,九暘,5,0,5,康和-台南,2024-01-26,8458
1522,堤維西,12,8,4,康和-台南,2024-01-26,8458
2316,楠梓電,5,1,4,康和-台南,2024-01-26,8458
3380,明泰,5,1,4,康和-台南,2024-01-26,8458
6235,華孚,4,0,4,康和-台南,2024-01-26,8458
6425,易發,4,0,4,康和-台南,2024-01-26,8458
6799,來頡,4,0,4,康和-台南,2024-01-26,8458
6937,天虹,4,0,4,康和-台南,2024-01-26,8458
8072,陞泰,6,2,4,康和-台南,2024-01-26,8458
2324,仁寶,9,6,3,康和-台南,2024-01-26,8458
8489,三貝德,3,0,3,康和-台南,2024-01-26,8458
3037,欣興,4,1,3,康和-台南,2024-01-26,8458
2314,台揚,5,2,3,康和-台南,2024-01-26,8458
00680L,元大美債20正2,100,0,100,康和-台南,2024-01-29,8458
2882,國泰金,100,1,99,康和-台南,2024-01-29,8458
6770,力積電,60,0,60,康和-台南,2024-01-29,8458
00902,中信電池及儲能,40,0,40,康和-台南,2024-01-29,8458
00887,永豐中國科技50大,40,0,40,康和-台南,2024-01-29,8458
8085,福華,33,0,33,康和-台南,2024-01-29,8458
2303,聯電,32,3,29,康和-台南,2024-01-29,8458
00650L,復華香港正2,25,0,25,康和-台南,2024-01-29,8458
4968,立積,23,2,21,康和-台南,2024-01-29,8458
00752,中信中國50,20,0,20,康和-台南,2024-01-29,8458
3265,台星科,21,1,20,康和-台南,2024-01-29,8458
2337,旺宏,18,2,16,康和-台南,2024-01-29,8458
2356,英業達,26,13,13,康和-台南,2024-01-29,8458
8064,東捷,14,1,13,康和-台南,2024-01-29,8458
00639,富邦深100,12,0,12,康和-台南,2024-01-29,8458
00679B,元大美債20年,17,5,12,康和-台南,2024-01-29,8458
3041,揚智,11,0,11,康和-台南,2024-01-29,8458
1308,亞聚,10,0,10,康和-台南,2024-01-29,8458
2906,高林,10,0,10,康和-台南,2024-01-29,8458
3044,健鼎,10,0,10,康和-台南,2024-01-29,8458
3264,欣銓,10,0,10,康和-台南,2024-01-29,8458
3605,宏致,12,2,10,康和-台南,2024-01-29,8458
1815,富喬,10,1,9,康和-台南,2024-01-29,8458
2409,友達,21,12,9,康和-台南,2024-01-29,8458
00688L,國泰20年美債正2,8,0,8,康和-台南,2024-01-29,8458
3481,群創,18,11,7,康和-台南,2024-01-29,8458
00687B,國泰20年美債,8,0,8,康和-台南,2024-01-29,8458
00937B,群益ESG投等債20,7,0,7,康和-台南,2024-01-29,8458
8936,國統,13,6,7,康和-台南,2024-01-29,8458
3362,先進光,6,0,6,康和-台南,2024-01-29,8458
2382,廣達,13,7,6,康和-台南,2024-01-29,8458
6229,研通,7,1,6,康和-台南,2024-01-29,8458
1301,台塑,6,1,5,康和-台南,2024-01-29,8458
2440,太空梭,5,0,5,康和-台南,2024-01-29,8458
3078,僑威,5,0,5,康和-台南,2024-01-29,8458
3406,玉晶光,5,0,5,康和-台南,2024-01-29,8458
3615,安可,5,0,5,康和-台南,2024-01-29,8458
6182,合晶,5,0,5,康和-台南,2024-01-29,8458
6216,居易,8,3,5,康和-台南,2024-01-29,8458
6546,正基,9,4,5,康和-台南,2024-01-29,8458
1217,愛之味,4,0,4,康和-台南,2024-01-29,8458
00882,中信中國高股息,4,0,4,康和-台南,2024-01-29,8458
2349,錸德,4,0,4,康和-台南,2024-01-29,8458
4306,炎洲,4,0,4,康和-台南,2024-01-29,8458
8215,明基材,3,0,3,康和-台南,2024-01-29,8458
00764B,群益25年美債,3,0,3,康和-台南,2024-01-29,8458
2317,鴻海,3,0,3,康和-台南,2024-01-29,8458
2352,佳世達,3,0,3,康和-台南,2024-01-29,8458
2355,敬鵬,3,0,3,康和-台南,2024-01-29,8458
2408,南亞科,4,1,3,康和-台南,2024-01-29,8458
2882,國泰金,159,0,159,康和-台南,2024-01-30,8458
6770,力積電,152,2,150,康和-台南,2024-01-30,8458
00933B,國泰10Y+金融債,90,0,90,康和-台南,2024-01-30,8458
3052,夆典,86,0,86,康和-台南,2024-01-30,8458
00937B,群益ESG投等債20,47,1,46,康和-台南,2024-01-30,8458
2883,凱基金,36,0,36,康和-台南,2024-01-30,8458
2606,裕民,32,0,32,康和-台南,2024-01-30,8458
1326,台化,30,0,30,康和-台南,2024-01-30,8458
8064,東捷,40,13,27,康和-台南,2024-01-30,8458
3297,杭特,39,16,23,康和-台南,2024-01-30,8458
00882,中信中國高股息,21,0,21,康和-台南,2024-01-30,8458
2330,台積電,19,1,18,康和-台南,2024-01-30,8458
3715,定穎投控,30,14,16,康和-台南,2024-01-30,8458
6547,高端疫苗,15,0,15,康和-台南,2024-01-30,8458
3576,聯合再生,15,2,13,康和-台南,2024-01-30,8458
6123,上奇,12,0,12,康和-台南,2024-01-30,8458
2303,聯電,13,2,11,康和-台南,2024-01-30,8458
3338,泰碩,11,0,11,康和-台南,2024-01-30,8458
6274,台燿,12,1,11,康和-台南,2024-01-30,8458
2467,志聖,11,1,10,康和-台南,2024-01-30,8458
2421,建準,28,18,10,康和-台南,2024-01-30,8458
00929,復華台灣科技優息,9,0,9,康和-台南,2024-01-30,8458
2345,智邦,10,1,9,康和-台南,2024-01-30,8458
3535,晶彩科,10,1,9,康和-台南,2024-01-30,8458
1440,南紡,8,0,8,康和-台南,2024-01-30,8458
6689,伊雲谷,8,0,8,康和-台南,2024-01-30,8458
00688L,國泰20年美債正2,7,0,7,康和-台南,2024-01-30,8458
2353,宏��,9,2,7,康和-台南,2024-01-30,8458
3324,雙鴻,15,9,6,康和-台南,2024-01-30,8458
3483,力致,21,15,6,康和-台南,2024-01-30,8458
4543,萬在,11,5,6,康和-台南,2024-01-30,8458
6153,嘉聯益,6,0,6,康和-台南,2024-01-30,8458
00753L,中信中國50正2,5,0,5,康和-台南,2024-01-30,8458
00687B,國泰20年美債,6,1,5,康和-台南,2024-01-30,8458
00680L,元大美債20正2,5,0,5,康和-台南,2024-01-30,8458
2337,旺宏,5,0,5,康和-台南,2024-01-30,8458
2027,大成鋼,4,0,4,康和-台南,2024-01-30,8458
2317,鴻海,5,1,4,康和-台南,2024-01-30,8458
2425,承啟,4,0,4,康和-台南,2024-01-30,8458
3380,明泰,4,0,4,康和-台南,2024-01-30,8458
4979,華星光,4,0,4,康和-台南,2024-01-30,8458
8936,國統,16,12,4,康和-台南,2024-01-30,8458
2323,中環,3,0,3,康和-台南,2024-01-30,8458
2324,仁寶,136,133,3,康和-台南,2024-01-30,8458
2462,良得電,3,0,3,康和-台南,2024-01-30,8458
3002,歐格,3,0,3,康和-台南,2024-01-30,8458
3664,安瑞-KY,3,0,3,康和-台南,2024-01-30,8458
4702,中美實,4,1,3,康和-台南,2024-01-30,8458
4729,熒茂,3,0,3,康和-台南,2024-01-30,8458
4746,台耀,3,0,3,康和-台南,2024-01-30,8458
2002,中鋼,62,4,58,康和-台南,2024-01-31,8458
6695,芯鼎,38,3,35,康和-台南,2024-01-31,8458
6257,矽格,33,0,33,康和-台南,2024-01-31,8458
2883,凱基金,32,0,32,康和-台南,2024-01-31,8458
00933B,國泰10Y+金融債,30,0,30,康和-台南,2024-01-31,8458
8147,正淩,28,0,28,康和-台南,2024-01-31,8458
00752,中信中國50,23,0,23,康和-台南,2024-01-31,8458
6243,迅杰,23,2,21,康和-台南,2024-01-31,8458
6667,信紘科,21,2,19,康和-台南,2024-01-31,8458
2382,廣達,18,2,16,康和-台南,2024-01-31,8458
2369,菱生,30,14,16,康和-台南,2024-01-31,8458
3706,神達,18,4,14,康和-台南,2024-01-31,8458
2303,聯電,18,5,13,康和-台南,2024-01-31,8458
00882,中信中國高股息,12,0,12,康和-台南,2024-01-31,8458
4960,誠美材,12,0,12,康和-台南,2024-01-31,8458
6113,亞矽,19,7,12,康和-台南,2024-01-31,8458
8096,擎亞,17,5,12,康和-台南,2024-01-31,8458
2330,台積電,12,0,12,康和-台南,2024-01-31,8458
2421,建準,16,5,11,康和-台南,2024-01-31,8458
1449,佳和,10,0,10,康和-台南,2024-01-31,8458
00888,永豐台灣ESG,10,0,10,康和-台南,2024-01-31,8458
3013,晟銘電,10,0,10,康和-台南,2024-01-31,8458
5425,台半,10,0,10,康和-台南,2024-01-31,8458
5533,皇鼎,10,0,10,康和-台南,2024-01-31,8458
6237,驊訊,17,8,9,康和-台南,2024-01-31,8458
8089,康全電訊,8,0,8,康和-台南,2024-01-31,8458
2356,英業達,14,6,8,康和-台南,2024-01-31,8458
6139,亞翔,12,6,6,康和-台南,2024-01-31,8458
1560,中砂,6,0,6,康和-台南,2024-01-31,8458
3481,群創,10,4,6,康和-台南,2024-01-31,8458
3576,聯合再生,6,0,6,康和-台南,2024-01-31,8458
6684,安格,10,4,6,康和-台南,2024-01-31,8458
5457,宣德,6,0,6,康和-台南,2024-01-31,8458
00688L,國泰20年美債正2,5,0,5,康和-台南,2024-01-31,8458
2328,廣宇,5,0,5,康和-台南,2024-01-31,8458
2363,矽統,5,0,5,康和-台南,2024-01-31,8458
2408,南亞科,6,1,5,康和-台南,2024-01-31,8458
3376,新日興,7,2,5,康和-台南,2024-01-31,8458
4413,飛寶企業,5,0,5,康和-台南,2024-01-31,8458
5340,建榮,5,0,5,康和-台南,2024-01-31,8458
6233,旺玖,5,0,5,康和-台南,2024-01-31,8458
8111,立��,6,1,5,康和-台南,2024-01-31,8458
00687B,國泰20年美債,4,0,4,康和-台南,2024-01-31,8458
2368,金像電,8,4,4,康和-台南,2024-01-31,8458
5426,振發,5,1,4,康和-台南,2024-01-31,8458
00934,中信成長高股息,4,0,4,康和-台南,2024-01-31,8458
2634,漢翔,14,10,4,康和-台南,2024-01-31,8458
2884,玉山金,4,0,4,康和-台南,2024-01-31,8458
3339,泰谷,4,0,4,康和-台南,2024-01-31,8458
4934,太極,4,0,4,康和-台南,2024-01-31,8458
00933B,國泰10Y+金融債,300,0,300,康和-台南,2024-02-01,8458
00632R,元大台灣50反1,230,0,230,康和-台南,2024-02-01,8458
2017,官田鋼,100,0,100,康和-台南,2024-02-01,8458
2812,台中銀,109,14,95,康和-台南,2024-02-01,8458
3231,緯創,60,29,31,康和-台南,2024-02-01,8458
00712,復華富時不動產,27,0,27,康和-台南,2024-02-01,8458
3032,偉訓,30,3,27,康和-台南,2024-02-01,8458
2371,大同,28,10,18,康和-台南,2024-02-01,8458
8936,國統,25,8,17,康和-台南,2024-02-01,8458
1609,大亞,28,11,17,康和-台南,2024-02-01,8458
4939,亞電,16,0,16,康和-台南,2024-02-01,8458
3481,群創,23,8,15,康和-台南,2024-02-01,8458
2409,友達,28,13,15,康和-台南,2024-02-01,8458
6274,台燿,21,6,15,康和-台南,2024-02-01,8458
6530,創威,15,1,14,康和-台南,2024-02-01,8458
3548,兆利,24,12,12,康和-台南,2024-02-01,8458
2365,昆盈,11,0,11,康和-台南,2024-02-01,8458
00929,復華台灣科技優息,25,14,11,康和-台南,2024-02-01,8458
00636,國泰中國A50,10,0,10,康和-台南,2024-02-01,8458
2323,中環,10,0,10,康和-台南,2024-02-01,8458
8040,九暘,12,2,10,康和-台南,2024-02-01,8458
9928,中視,10,0,10,康和-台南,2024-02-01,8458
00919,群益台灣精選高息,11,2,9,康和-台南,2024-02-01,8458
2382,廣達,8,0,8,康和-台南,2024-02-01,8458
2886,兆豐金,10,2,8,康和-台南,2024-02-01,8458
3287,廣寰科,9,1,8,康和-台南,2024-02-01,8458
6116,彩晶,8,0,8,康和-台南,2024-02-01,8458
4532,瑞智,7,0,7,康和-台南,2024-02-01,8458
4533,協易機,10,3,7,康和-台南,2024-02-01,8458
4916,事欣科,7,0,7,康和-台南,2024-02-01,8458
5328,華容,7,0,7,康和-台南,2024-02-01,8458
8147,正淩,7,0,7,康和-台南,2024-02-01,8458
2454,聯發科,7,1,6,康和-台南,2024-02-01,8458
3360,尚立,10,5,5,康和-台南,2024-02-01,8458
00662,富邦NASDAQ,5,0,5,康和-台南,2024-02-01,8458
00770,國泰北美科技,5,0,5,康和-台南,2024-02-01,8458
2537,聯上發,5,0,5,康和-台南,2024-02-01,8458
3090,日電貿,5,0,5,康和-台南,2024-02-01,8458
5310,天剛,5,0,5,康和-台南,2024-02-01,8458
8011,台通,7,2,5,康和-台南,2024-02-01,8458
2330,台積電,6,1,5,康和-台南,2024-02-01,8458
2367,燿華,13,9,4,康和-台南,2024-02-01,8458
3324,雙鴻,7,3,4,康和-台南,2024-02-01,8458
4543,萬在,4,0,4,康和-台南,2024-02-01,8458
6425,易發,7,3,4,康和-台南,2024-02-01,8458
6695,芯鼎,46,42,4,康和-台南,2024-02-01,8458
3363,上詮,9,5,4,康和-台南,2024-02-01,8458
2376,技嘉,11,8,3,康和-台南,2024-02-01,8458
3265,台星科,13,10,3,康和-台南,2024-02-01,8458
00935,野村臺灣新科技50,3,0,3,康和-台南,2024-02-01,8458
00712,復華富時不動產,113,0,113,康和-台南,2024-02-02,8458
6770,力積電,91,0,91,康和-台南,2024-02-02,8458
00933B,國泰10Y+金融債,83,2,81,康和-台南,2024-02-02,8458
00937B,群益ESG投等債20,83,3,80,康和-台南,2024-02-02,8458
8936,國統,63,1,62,康和-台南,2024-02-02,8458
5512,力麒,62,4,58,康和-台南,2024-02-02,8458
2603,長榮,51,3,48,康和-台南,2024-02-02,8458
00631L,元大台灣50正2,48,0,48,康和-台南,2024-02-02,8458
8085,福華,31,2,29,康和-台南,2024-02-02,8458
2356,英業達,34,9,25,康和-台南,2024-02-02,8458
1324,地球,19,0,19,康和-台南,2024-02-02,8458
2344,華邦電,17,0,17,康和-台南,2024-02-02,8458
00929,復華台灣科技優息,27,11,16,康和-台南,2024-02-02,8458
3036,文曄,22,7,15,康和-台南,2024-02-02,8458
3434,哲固,14,0,14,康和-台南,2024-02-02,8458
1513,中興電,21,8,13,康和-台南,2024-02-02,8458
3338,泰碩,15,2,13,康和-台南,2024-02-02,8458
2331,精英,12,0,12,康和-台南,2024-02-02,8458
2368,金像電,18,6,12,康和-台南,2024-02-02,8458
3483,力致,23,11,12,康和-台南,2024-02-02,8458
2883,凱基金,20,9,11,康和-台南,2024-02-02,8458
2324,仁寶,115,104,11,康和-台南,2024-02-02,8458
2337,旺宏,13,2,11,康和-台南,2024-02-02,8458
2369,菱生,11,0,11,康和-台南,2024-02-02,8458
3576,聯合再生,20,10,10,康和-台南,2024-02-02,8458
00632R,元大台灣50反1,10,0,10,康和-台南,2024-02-02,8458
00715L,期街口布蘭特正2,10,0,10,康和-台南,2024-02-02,8458
00923,群益台ESG低碳50,10,0,10,康和-台南,2024-02-02,8458
1504,東元,10,0,10,康和-台南,2024-02-02,8458
2492,華新科,10,0,10,康和-台南,2024-02-02,8458
2615,萬海,10,0,10,康和-台南,2024-02-02,8458
3673,TPK-KY,10,0,10,康和-台南,2024-02-02,8458
3694,海華,10,0,10,康和-台南,2024-02-02,8458
6160,欣技,10,0,10,康和-台南,2024-02-02,8458
2017,官田鋼,10,1,9,康和-台南,2024-02-02,8458
3289,宜特,11,2,9,康和-台南,2024-02-02,8458
1514,亞力,10,1,9,康和-台南,2024-02-02,8458
00878,國泰永續高股息,11,3,8,康和-台南,2024-02-02,8458
3450,聯鈞,8,0,8,康和-台南,2024-02-02,8458
4906,正文,11,3,8,康和-台南,2024-02-02,8458
2377,微星,9,2,7,康和-台南,2024-02-02,8458
2889,國票金,7,0,7,康和-台南,2024-02-02,8458
8996,高力,11,4,7,康和-台南,2024-02-02,8458
2371,大同,7,1,6,康和-台南,2024-02-02,8458
3530,晶相光,10,4,6,康和-台南,2024-02-02,8458
6126,信音,6,0,6,康和-台南,2024-02-02,8458
1449,佳和,5,0,5,康和-台南,2024-02-02,8458
00688L,國泰20年美債正2,5,0,5,康和-台南,2024-02-02,8458
00637L,元大滬深300正2,8,3,5,康和-台南,2024-02-02,8458
2353,宏��,5,0,5,康和-台南,2024-02-02,8458
2369,菱生,118,10,108,康和-台南,2024-02-05,8458
2515,中工,100,0,100,康和-台南,2024-02-05,8458
00937B,群益ESG投等債20,99,7,92,康和-台南,2024-02-05,8458
2002,中鋼,65,0,65,康和-台南,2024-02-05,8458
6668,中揚光,65,0,65,康和-台南,2024-02-05,8458
00878,國泰永續高股息,56,5,51,康和-台南,2024-02-05,8458
2801,彰銀,50,0,50,康和-台南,2024-02-05,8458
2891,中信金,50,0,50,康和-台南,2024-02-05,8458
1326,台化,40,0,40,康和-台南,2024-02-05,8458
1416,廣豐,30,0,30,康和-台南,2024-02-05,8458
2606,裕民,30,0,30,康和-台南,2024-02-05,8458
3231,緯創,82,54,28,康和-台南,2024-02-05,8458
00687B,國泰20年美債,29,2,27,康和-台南,2024-02-05,8458
1568,倉佑,21,0,21,康和-台南,2024-02-05,8458
0056,元大高股息,20,0,20,康和-台南,2024-02-05,8458
00639,富邦深100,20,0,20,康和-台南,2024-02-05,8458
00680L,元大美債20正2,20,0,20,康和-台南,2024-02-05,8458
2027,大成鋼,22,2,20,康和-台南,2024-02-05,8458
3706,神達,20,0,20,康和-台南,2024-02-05,8458
5864,致和證,20,0,20,康和-台南,2024-02-05,8458
6213,聯茂,21,4,17,康和-台南,2024-02-05,8458
6123,上奇,15,0,15,康和-台南,2024-02-05,8458
00671R,富邦NASDAQ反1,15,0,15,康和-台南,2024-02-05,8458
3362,先進光,15,0,15,康和-台南,2024-02-05,8458
6244,茂迪,15,0,15,康和-台南,2024-02-05,8458
8163,達方,15,0,15,康和-台南,2024-02-05,8458
2303,聯電,16,2,14,康和-台南,2024-02-05,8458
2421,建準,37,23,14,康和-台南,2024-02-05,8458
2382,廣達,16,3,13,康和-台南,2024-02-05,8458
1528,恩德,19,6,13,康和-台南,2024-02-05,8458
2365,昆盈,19,6,13,康和-台南,2024-02-05,8458
1609,大亞,12,0,12,康和-台南,2024-02-05,8458
00700,富邦�琤肭磪�,12,0,12,康和-台南,2024-02-05,8458
1718,中纖,11,0,11,康和-台南,2024-02-05,8458
3036,文曄,14,4,10,康和-台南,2024-02-05,8458
00752,中信中國50,10,0,10,康和-台南,2024-02-05,8458
00679B,元大美債20年,10,0,10,康和-台南,2024-02-05,8458
2419,仲琦,10,0,10,康和-台南,2024-02-05,8458
7402,邑錡,10,0,10,康和-台南,2024-02-05,8458
2356,英業達,22,13,9,康和-台南,2024-02-05,8458
6188,廣明,10,1,9,康和-台南,2024-02-05,8458
8054,安國,9,0,9,康和-台南,2024-02-05,8458
2329,華泰,11,3,8,康和-台南,2024-02-05,8458
2498,宏達電,8,0,8,康和-台南,2024-02-05,8458
00688L,國泰20年美債正2,8,0,8,康和-台南,2024-02-05,8458
2017,官田鋼,8,0,8,康和-台南,2024-02-05,8458
2344,華邦電,8,0,8,康和-台南,2024-02-05,8458
3483,力致,24,16,8,康和-台南,2024-02-05,8458
00712,復華富時不動產,7,0,7,康和-台南,2024-02-05,8458
6285,啟��,7,0,7,康和-台南,2024-02-05,8458
00680L,元大美債20正2,460,0,460,康和-台南,2024-02-15,8458
00937B,群益ESG投等債20,107,15,92,康和-台南,2024-02-15,8458
3052,夆典,86,0,86,康和-台南,2024-02-15,8458
00933B,國泰10Y+金融債,58,0,58,康和-台南,2024-02-15,8458
00929,復華台灣科技優息,59,3,56,康和-台南,2024-02-15,8458
00857B,永豐20年美公債,52,0,52,康和-台南,2024-02-15,8458
00913,兆豐台灣晶圓製造,50,0,50,康和-台南,2024-02-15,8458
00931B,統一美債20年,40,0,40,康和-台南,2024-02-15,8458
3209,全科,35,0,35,康和-台南,2024-02-15,8458
6245,立端,33,0,33,康和-台南,2024-02-15,8458
2344,華邦電,52,21,31,康和-台南,2024-02-15,8458
00878,國泰永續高股息,74,44,30,康和-台南,2024-02-15,8458
00679B,元大美債20年,28,0,28,康和-台南,2024-02-15,8458
00712,復華富時不動產,24,0,24,康和-台南,2024-02-15,8458
2472,立隆電,21,0,21,康和-台南,2024-02-15,8458
2607,榮運,20,0,20,康和-台南,2024-02-15,8458
2301,光寶科,20,0,20,康和-台南,2024-02-15,8458
3014,聯陽,20,2,18,康和-台南,2024-02-15,8458
6246,臺龍,15,0,15,康和-台南,2024-02-15,8458
8085,福華,15,0,15,康和-台南,2024-02-15,8458
2421,建準,28,14,14,康和-台南,2024-02-15,8458
00687B,國泰20年美債,13,0,13,康和-台南,2024-02-15,8458
00706L,期元大S＆P日圓正2,11,0,11,康和-台南,2024-02-15,8458
2511,太子,11,0,11,康和-台南,2024-02-15,8458
00632R,元大台灣50反1,140,130,10,康和-台南,2024-02-15,8458
00751B,元大AAA至A公司債,10,0,10,康和-台南,2024-02-15,8458
2352,佳世達,21,11,10,康和-台南,2024-02-15,8458
3022,威強電,10,0,10,康和-台南,2024-02-15,8458
6237,驊訊,12,2,10,康和-台南,2024-02-15,8458
6530,創威,10,0,10,康和-台南,2024-02-15,8458
2353,宏��,10,1,9,康和-台南,2024-02-15,8458
3712,永崴投控,28,19,9,康和-台南,2024-02-15,8458
2408,南亞科,14,6,8,康和-台南,2024-02-15,8458
2888,新光金,10,2,8,康和-台南,2024-02-15,8458
1524,耿鼎,8,0,8,康和-台南,2024-02-15,8458
4714,永捷,19,12,7,康和-台南,2024-02-15,8458
3481,群創,10,3,7,康和-台南,2024-02-15,8458
2328,廣宇,6,0,6,康和-台南,2024-02-15,8458
2409,友達,14,8,6,康和-台南,2024-02-15,8458
3049,精金,6,0,6,康和-台南,2024-02-15,8458
8048,德勝,6,0,6,康和-台南,2024-02-15,8458
2801,彰銀,6,0,6,康和-台南,2024-02-15,8458
00772B,中信高評級公司債,5,0,5,康和-台南,2024-02-15,8458
2609,陽明,6,1,5,康和-台南,2024-02-15,8458
00786B,元大10年IG銀行債,5,0,5,康和-台南,2024-02-15,8458
2603,長榮,6,1,5,康和-台南,2024-02-15,8458
2897,王道銀行,5,0,5,康和-台南,2024-02-15,8458
3029,零壹,5,0,5,康和-台南,2024-02-15,8458
3360,尚立,5,0,5,康和-台南,2024-02-15,8458
3706,神達,19,14,5,康和-台南,2024-02-15,8458
00637L,元大滬深300正2,292,32,260,康和-台南,2024-02-16,8458
00680L,元大美債20正2,201,0,201,康和-台南,2024-02-16,8458
2371,大同,158,5,153,康和-台南,2024-02-16,8458
6901,鑽石投資,139,0,139,康和-台南,2024-02-16,8458
00929,復華台灣科技優息,130,45,85,康和-台南,2024-02-16,8458
2888,新光金,71,0,71,康和-台南,2024-02-16,8458
2382,廣達,66,14,52,康和-台南,2024-02-16,8458
4979,華星光,31,3,28,康和-台南,2024-02-16,8458
00937B,群益ESG投等債20,21,0,21,康和-台南,2024-02-16,8458
2332,友訊,20,0,20,康和-台南,2024-02-16,8458
1785,光洋科,19,1,18,康和-台南,2024-02-16,8458
3014,聯陽,19,2,17,康和-台南,2024-02-16,8458
2027,大成鋼,16,0,16,康和-台南,2024-02-16,8458
00722B,群益投資級電信債,15,0,15,康和-台南,2024-02-16,8458
5531,鄉林,15,0,15,康和-台南,2024-02-16,8458
00679B,元大美債20年,24,10,14,康和-台南,2024-02-16,8458
3090,日電貿,15,2,13,康和-台南,2024-02-16,8458
00687B,國泰20年美債,13,0,13,康和-台南,2024-02-16,8458
3038,全台,13,1,12,康和-台南,2024-02-16,8458
6216,居易,22,10,12,康和-台南,2024-02-16,8458
00764B,群益25年美債,11,0,11,康和-台南,2024-02-16,8458
2633,台灣高鐵,11,0,11,康和-台南,2024-02-16,8458
6446,藥華藥,11,1,10,康和-台南,2024-02-16,8458
00795B,中信美國公債20年,10,0,10,康和-台南,2024-02-16,8458
00676R,富邦臺灣加權反1,10,0,10,康和-台南,2024-02-16,8458
1519,華城,14,4,10,康和-台南,2024-02-16,8458
1752,南光,10,0,10,康和-台南,2024-02-16,8458
1815,富喬,27,17,10,康和-台南,2024-02-16,8458
2367,燿華,15,5,10,康和-台南,2024-02-16,8458
8097,常珵,10,0,10,康和-台南,2024-02-16,8458
8112,至上,10,0,10,康和-台南,2024-02-16,8458
2408,南亞科,11,1,10,康和-台南,2024-02-16,8458
2374,佳能,12,3,9,康和-台南,2024-02-16,8458
3036,文曄,9,0,9,康和-台南,2024-02-16,8458
2486,一詮,20,11,9,康和-台南,2024-02-16,8458
3265,台星科,9,1,8,康和-台南,2024-02-16,8458
2330,台積電,8,0,8,康和-台南,2024-02-16,8458
2543,皇昌,9,1,8,康和-台南,2024-02-16,8458
6443,元晶,8,0,8,康和-台南,2024-02-16,8458
4908,前鼎,56,49,7,康和-台南,2024-02-16,8458
00751B,元大AAA至A公司債,7,0,7,康和-台南,2024-02-16,8458
1808,潤隆,7,0,7,康和-台南,2024-02-16,8458
6695,芯鼎,7,0,7,康和-台南,2024-02-16,8458
5880,合庫金,7,0,7,康和-台南,2024-02-16,8458
00919,群益台灣精選高息,7,0,7,康和-台南,2024-02-16,8458
00933B,國泰10Y+金融債,11,5,6,康和-台南,2024-02-16,8458
00913,兆豐台灣晶圓製造,6,0,6,康和-台南,2024-02-16,8458
6189,豐藝,11,5,6,康和-台南,2024-02-16,8458
2355,敬鵬,14,8,6,康和-台南,2024-02-16,8458
00720B,元大投資級公司債,5,0,5,康和-台南,2024-02-16,8458
00680L,元大美債20正2,103,0,103,康和-台南,2024-02-19,8458
3231,緯創,121,30,91,康和-台南,2024-02-19,8458
2610,華航,76,1,75,康和-台南,2024-02-19,8458
00937B,群益ESG投等債20,55,2,53,康和-台南,2024-02-19,8458
00919,群益台灣精選高息,59,10,49,康和-台南,2024-02-19,8458
8110,華東,51,5,46,康和-台南,2024-02-19,8458
2489,瑞軒,36,4,32,康和-台南,2024-02-19,8458
2495,普安,30,0,30,康和-台南,2024-02-19,8458
2405,輔信,30,2,28,康和-台南,2024-02-19,8458
00878,國泰永續高股息,36,9,27,康和-台南,2024-02-19,8458
2382,廣達,33,8,25,康和-台南,2024-02-19,8458
2353,宏��,43,19,24,康和-台南,2024-02-19,8458
5426,振發,23,1,22,康和-台南,2024-02-19,8458
00712,復華富時不動產,22,1,21,康和-台南,2024-02-19,8458
00933B,國泰10Y+金融債,18,0,18,康和-台南,2024-02-19,8458
00679B,元大美債20年,18,0,18,康和-台南,2024-02-19,8458
2356,英業達,20,4,16,康和-台南,2024-02-19,8458
4939,亞電,16,0,16,康和-台南,2024-02-19,8458
4979,華星光,20,4,16,康和-台南,2024-02-19,8458
1527,鑽全,20,5,15,康和-台南,2024-02-19,8458
6016,康和證,15,0,15,康和-台南,2024-02-19,8458
2457,飛宏,18,4,14,康和-台南,2024-02-19,8458
6548,長科*,14,0,14,康和-台南,2024-02-19,8458
6233,旺玖,13,0,13,康和-台南,2024-02-19,8458
3047,訊舟,14,2,12,康和-台南,2024-02-19,8458
6901,鑽石投資,12,0,12,康和-台南,2024-02-19,8458
2492,華新科,11,0,11,康和-台南,2024-02-19,8458
3036,文曄,13,2,11,康和-台南,2024-02-19,8458
3363,上詮,13,2,11,康和-台南,2024-02-19,8458
3588,通嘉,12,1,11,康和-台南,2024-02-19,8458
4909,新復興,15,4,11,康和-台南,2024-02-19,8458
6275,元山,20,9,11,康和-台南,2024-02-19,8458
1570,力肯,20,10,10,康和-台南,2024-02-19,8458
2425,承啟,10,0,10,康和-台南,2024-02-19,8458
2504,國產,10,0,10,康和-台南,2024-02-19,8458
2605,新興,18,8,10,康和-台南,2024-02-19,8458
3178,公準,10,0,10,康和-台南,2024-02-19,8458
3437,榮創,17,7,10,康和-台南,2024-02-19,8458
6117,迎廣,20,10,10,康和-台南,2024-02-19,8458
8024,佑華,10,0,10,康和-台南,2024-02-19,8458
8070,長華*,10,0,10,康和-台南,2024-02-19,8458
3105,穩懋,9,0,9,康和-台南,2024-02-19,8458
4543,萬在,9,0,9,康和-台南,2024-02-19,8458
6170,統振,12,3,9,康和-台南,2024-02-19,8458
1733,五鼎,8,0,8,康和-台南,2024-02-19,8458
4714,永捷,14,6,8,康和-台南,2024-02-19,8458
00687B,國泰20年美債,7,0,7,康和-台南,2024-02-19,8458
00857B,永豐20年美公債,7,0,7,康和-台南,2024-02-19,8458
1503,士電,35,28,7,康和-台南,2024-02-19,8458
2362,藍天,7,0,7,康和-台南,2024-02-19,8458
4714,永捷,170,19,151,康和-台南,2024-02-20,8458
00937B,群益ESG投等債20,110,1,109,康和-台南,2024-02-20,8458
2495,普安,87,0,87,康和-台南,2024-02-20,8458
00637L,元大滬深300正2,80,0,80,康和-台南,2024-02-20,8458
00878,國泰永續高股息,57,1,56,康和-台南,2024-02-20,8458
2888,新光金,57,11,46,康和-台南,2024-02-20,8458
6244,茂迪,22,0,22,康和-台南,2024-02-20,8458
00933B,國泰10Y+金融債,21,0,21,康和-台南,2024-02-20,8458
2344,華邦電,20,0,20,康和-台南,2024-02-20,8458
2331,精英,17,0,17,康和-台南,2024-02-20,8458
2371,大同,16,0,16,康和-台南,2024-02-20,8458
3014,聯陽,15,0,15,康和-台南,2024-02-20,8458
2329,華泰,23,9,14,康和-台南,2024-02-20,8458
2409,友達,25,13,12,康和-台南,2024-02-20,8458
2356,英業達,12,1,11,康和-台南,2024-02-20,8458
00679B,元大美債20年,11,0,11,康和-台南,2024-02-20,8458
1455,集盛,12,1,11,康和-台南,2024-02-20,8458
4979,華星光,35,24,11,康和-台南,2024-02-20,8458
6180,橘子,11,0,11,康和-台南,2024-02-20,8458
00680L,元大美債20正2,10,0,10,康和-台南,2024-02-20,8458
1437,勤益控,10,0,10,康和-台南,2024-02-20,8458
1612,宏泰,10,0,10,康和-台南,2024-02-20,8458
2845,遠東銀,10,0,10,康和-台南,2024-02-20,8458
4906,正文,10,0,10,康和-台南,2024-02-20,8458
00687B,國泰20年美債,9,0,9,康和-台南,2024-02-20,8458
2542,興富發,10,1,9,康和-台南,2024-02-20,8458
3047,訊舟,15,6,9,康和-台南,2024-02-20,8458
6282,康舒,9,0,9,康和-台南,2024-02-20,8458
2382,廣達,11,4,7,康和-台南,2024-02-20,8458
2365,昆盈,10,3,7,康和-台南,2024-02-20,8458
3231,緯創,69,62,7,康和-台南,2024-02-20,8458
2420,新巨,7,0,7,康和-台南,2024-02-20,8458
4953,緯軟,8,1,7,康和-台南,2024-02-20,8458
6187,萬潤,13,6,7,康和-台南,2024-02-20,8458
8426,紅木-KY,7,0,7,康和-台南,2024-02-20,8458
00712,復華富時不動產,6,0,6,康和-台南,2024-02-20,8458
2610,華航,17,11,6,康和-台南,2024-02-20,8458
2834,臺企銀,9,3,6,康和-台南,2024-02-20,8458
3311,閎暉,6,0,6,康和-台南,2024-02-20,8458
3607,谷崧,10,4,6,康和-台南,2024-02-20,8458
6667,信紘科,7,1,6,康和-台南,2024-02-20,8458
8070,長華*,7,1,6,康和-台南,2024-02-20,8458
3703,欣陸,6,0,6,康和-台南,2024-02-20,8458
00720B,元大投資級公司債,5,0,5,康和-台南,2024-02-20,8458
00786B,元大10年IG銀行債,5,0,5,康和-台南,2024-02-20,8458
1805,寶徠,5,0,5,康和-台南,2024-02-20,8458
2353,宏��,12,7,5,康和-台南,2024-02-20,8458
2362,藍天,5,0,5,康和-台南,2024-02-20,8458
2633,台灣高鐵,5,0,5,康和-台南,2024-02-20,8458
2882,國泰金,6,1,5,康和-台南,2024-02-20,8458
00937B,群益ESG投等債20,208,5,203,康和-台南,2024-02-21,8458
2495,普安,80,0,80,康和-台南,2024-02-21,8458
3231,緯創,91,21,70,康和-台南,2024-02-21,8458
1314,中石化,60,0,60,康和-台南,2024-02-21,8458
2025,千興,55,0,55,康和-台南,2024-02-21,8458
2883,凱基金,32,0,32,康和-台南,2024-02-21,8458
2369,菱生,32,3,29,康和-台南,2024-02-21,8458
6285,啟��,30,2,28,康和-台南,2024-02-21,8458
00933B,國泰10Y+金融債,22,0,22,康和-台南,2024-02-21,8458
00891,中信關鍵半導體,21,0,21,康和-台南,2024-02-21,8458
00878,國泰永續高股息,21,1,20,康和-台南,2024-02-21,8458
6770,力積電,22,2,20,康和-台南,2024-02-21,8458
8085,福華,20,0,20,康和-台南,2024-02-21,8458
6189,豐藝,20,2,18,康和-台南,2024-02-21,8458
2303,聯電,16,0,16,康和-台南,2024-02-21,8458
6290,良維,29,13,16,康和-台南,2024-02-21,8458
3005,神基,18,3,15,康和-台南,2024-02-21,8458
4967,十銓,15,0,15,康和-台南,2024-02-21,8458
2457,飛宏,15,1,14,康和-台南,2024-02-21,8458
5469,瀚宇博,13,0,13,康和-台南,2024-02-21,8458
3047,訊舟,19,7,12,康和-台南,2024-02-21,8458
3311,閎暉,12,0,12,康和-台南,2024-02-21,8458
3535,晶彩科,12,0,12,康和-台南,2024-02-21,8458
2368,金像電,13,3,10,康和-台南,2024-02-21,8458
00888,永豐台灣ESG,10,0,10,康和-台南,2024-02-21,8458
00931B,統一美債20年,10,0,10,康和-台南,2024-02-21,8458
2609,陽明,11,1,10,康和-台南,2024-02-21,8458
8110,華東,10,0,10,康和-台南,2024-02-21,8458
00712,復華富時不動產,10,0,10,康和-台南,2024-02-21,8458
1805,寶徠,10,1,9,康和-台南,2024-02-21,8458
3066,李洲,13,4,9,康和-台南,2024-02-21,8458
2888,新光金,8,0,8,康和-台南,2024-02-21,8458
00929,復華台灣科技優息,45,37,8,康和-台南,2024-02-21,8458
1784,訊聯,7,0,7,康和-台南,2024-02-21,8458
2401,凌陽,9,2,7,康和-台南,2024-02-21,8458
2421,建準,11,4,7,康和-台南,2024-02-21,8458
3041,揚智,10,3,7,康和-台南,2024-02-21,8458
5488,松普,10,3,7,康和-台南,2024-02-21,8458
6274,台燿,17,10,7,康和-台南,2024-02-21,8458
2356,英業達,13,7,6,康和-台南,2024-02-21,8458
3481,群創,6,0,6,康和-台南,2024-02-21,8458
4916,事欣科,6,0,6,康和-台南,2024-02-21,8458
5515,建國,6,0,6,康和-台南,2024-02-21,8458
6282,康舒,12,6,6,康和-台南,2024-02-21,8458
1560,中砂,6,0,6,康和-台南,2024-02-21,8458
2618,長榮航,7,1,6,康和-台南,2024-02-21,8458
8059,凱碩,5,0,5,康和-台南,2024-02-21,8458
3035,智原,9,4,5,康和-台南,2024-02-21,8458
2337,旺宏,5,0,5,康和-台南,2024-02-21,8458
2489,瑞軒,12,7,5,康和-台南,2024-02-21,8458
1316,上曜,195,11,184,康和-台南,2024-02-22,8458
2331,精英,130,0,130,康和-台南,2024-02-22,8458
6282,康舒,115,1,114,康和-台南,2024-02-22,8458
2897,王道銀行,100,0,100,康和-台南,2024-02-22,8458
8085,福華,115,18,97,康和-台南,2024-02-22,8458
2618,長榮航,100,4,96,康和-台南,2024-02-22,8458
6189,豐藝,105,19,86,康和-台南,2024-02-22,8458
2801,彰銀,60,0,60,康和-台南,2024-02-22,8458
8110,華東,53,0,53,康和-台南,2024-02-22,8458
2606,裕民,125,75,50,康和-台南,2024-02-22,8458
1584,精剛,50,1,49,康和-台南,2024-02-22,8458
1326,台化,41,1,40,康和-台南,2024-02-22,8458
1802,台玻,40,0,40,康和-台南,2024-02-22,8458
1524,耿鼎,40,4,36,康和-台南,2024-02-22,8458
2371,大同,47,11,36,康和-台南,2024-02-22,8458
2356,英業達,39,13,26,康和-台南,2024-02-22,8458
00937B,群益ESG投等債20,23,2,21,康和-台南,2024-02-22,8458
6196,帆宣,21,0,21,康和-台南,2024-02-22,8458
4939,亞電,20,0,20,康和-台南,2024-02-22,8458
9904,寶成,20,0,20,康和-台南,2024-02-22,8458
3576,聯合再生,24,5,19,康和-台南,2024-02-22,8458
2913,農林,20,3,17,康和-台南,2024-02-22,8458
1612,宏泰,15,0,15,康和-台南,2024-02-22,8458
5457,宣德,15,0,15,康和-台南,2024-02-22,8458
3163,波若威,16,2,14,康和-台南,2024-02-22,8458
1503,士電,44,31,13,康和-台南,2024-02-22,8458
6244,茂迪,15,2,13,康和-台南,2024-02-22,8458
3265,台星科,44,31,13,康和-台南,2024-02-22,8458
2303,聯電,12,0,12,康和-台南,2024-02-22,8458
1711,永光,12,0,12,康和-台南,2024-02-22,8458
3047,訊舟,12,1,11,康和-台南,2024-02-22,8458
00933B,國泰10Y+金融債,11,0,11,康和-台南,2024-02-22,8458
3520,華盈,11,0,11,康和-台南,2024-02-22,8458
6257,矽格,12,1,11,康和-台南,2024-02-22,8458
00857B,永豐20年美公債,10,0,10,康和-台南,2024-02-22,8458
2025,千興,10,0,10,康和-台南,2024-02-22,8458
2845,遠東銀,10,0,10,康和-台南,2024-02-22,8458
4564,元翎,10,0,10,康和-台南,2024-02-22,8458
5315,光聯,12,2,10,康和-台南,2024-02-22,8458
3360,尚立,10,0,10,康和-台南,2024-02-22,8458
00757,統一FANG+,10,1,9,康和-台南,2024-02-22,8458
00687B,國泰20年美債,10,1,9,康和-台南,2024-02-22,8458
3587,閎康,9,0,9,康和-台南,2024-02-22,8458
3706,神達,12,3,9,康和-台南,2024-02-22,8458
8182,加高,21,12,9,康和-台南,2024-02-22,8458
4164,承業醫,8,0,8,康和-台南,2024-02-22,8458
6117,迎廣,10,2,8,康和-台南,2024-02-22,8458
6233,旺玖,8,0,8,康和-台南,2024-02-22,8458
8936,國統,7,0,7,康和-台南,2024-02-22,8458
2353,宏��,27,20,7,康和-台南,2024-02-22,8458
1101,台泥,151,0,151,康和-台南,2024-02-23,8458
6770,力積電,131,10,121,康和-台南,2024-02-23,8458
2371,大同,103,23,80,康和-台南,2024-02-23,8458
2618,長榮航,74,0,74,康和-台南,2024-02-23,8458
00919,群益台灣精選高息,69,0,69,康和-台南,2024-02-23,8458
2002,中鋼,60,11,49,康和-台南,2024-02-23,8458
5469,瀚宇博,49,2,47,康和-台南,2024-02-23,8458
8163,達方,40,0,40,康和-台南,2024-02-23,8458
00679B,元大美債20年,38,0,38,康和-台南,2024-02-23,8458
8358,金居,35,0,35,康和-台南,2024-02-23,8458
2353,宏��,31,0,31,康和-台南,2024-02-23,8458
00929,復華台灣科技優息,68,37,31,康和-台南,2024-02-23,8458
00687B,國泰20年美債,28,0,28,康和-台南,2024-02-23,8458
2356,英業達,33,8,25,康和-台南,2024-02-23,8458
1514,亞力,40,19,21,康和-台南,2024-02-23,8458
00753L,中信中國50正2,21,0,21,康和-台南,2024-02-23,8458
2355,敬鵬,21,0,21,康和-台南,2024-02-23,8458
3450,聯鈞,28,7,21,康和-台南,2024-02-23,8458
3706,神達,25,4,21,康和-台南,2024-02-23,8458
2820,華票,20,0,20,康和-台南,2024-02-23,8458
7402,邑錡,20,0,20,康和-台南,2024-02-23,8458
00881,國泰台灣5G+,30,11,19,康和-台南,2024-02-23,8458
2884,玉山金,18,0,18,康和-台南,2024-02-23,8458
2231,為升,17,0,17,康和-台南,2024-02-23,8458
2329,華泰,37,22,15,康和-台南,2024-02-23,8458
00922,國泰台灣領袖50,15,0,15,康和-台南,2024-02-23,8458
00900,富邦特選高股息30,15,1,14,康和-台南,2024-02-23,8458
2515,中工,12,0,12,康和-台南,2024-02-23,8458
8064,東捷,24,13,11,康和-台南,2024-02-23,8458
2421,建準,13,2,11,康和-台南,2024-02-23,8458
9917,中保科,11,0,11,康和-台南,2024-02-23,8458
2408,南亞科,10,0,10,康和-台南,2024-02-23,8458
00701,國泰股利精選30,10,0,10,康和-台南,2024-02-23,8458
1307,三芳,10,0,10,康和-台南,2024-02-23,8458
1312,國喬,10,0,10,康和-台南,2024-02-23,8458
3049,精金,10,0,10,康和-台南,2024-02-23,8458
3311,閎暉,10,0,10,康和-台南,2024-02-23,8458
9904,寶成,10,0,10,康和-台南,2024-02-23,8458
3047,訊舟,18,8,10,康和-台南,2024-02-23,8458
6141,柏承,10,1,9,康和-台南,2024-02-23,8458
6667,信紘科,9,0,9,康和-台南,2024-02-23,8458
8210,勤誠,16,7,9,康和-台南,2024-02-23,8458
2312,金寶,8,0,8,康和-台南,2024-02-23,8458
8215,明基材,8,0,8,康和-台南,2024-02-23,8458
00937B,群益ESG投等債20,28,20,8,康和-台南,2024-02-23,8458
3535,晶彩科,10,2,8,康和-台南,2024-02-23,8458
5474,聰泰,8,0,8,康和-台南,2024-02-23,8458
6288,聯嘉,9,1,8,康和-台南,2024-02-23,8458
00665L,富邦�琤肭磪囓�2,10,3,7,康和-台南,2024-02-23,8458
2363,矽統,7,0,7,康和-台南,2024-02-23,8458
6288,聯嘉,91,0,91,康和-台南,2024-02-26,8458
00878,國泰永續高股息,78,10,68,康和-台南,2024-02-26,8458
3231,緯創,68,8,60,康和-台南,2024-02-26,8458
6668,中揚光,59,0,59,康和-台南,2024-02-26,8458
2331,精英,81,34,47,康和-台南,2024-02-26,8458
3689,湧德,45,0,45,康和-台南,2024-02-26,8458
00937B,群益ESG投等債20,43,0,43,康和-台南,2024-02-26,8458
2617,台航,41,0,41,康和-台南,2024-02-26,8458
1326,台化,40,0,40,康和-台南,2024-02-26,8458
00933B,國泰10Y+金融債,37,2,35,康和-台南,2024-02-26,8458
00679B,元大美債20年,25,0,25,康和-台南,2024-02-26,8458
1504,東元,28,5,23,康和-台南,2024-02-26,8458
8069,元太,23,1,22,康和-台南,2024-02-26,8458
8936,國統,24,4,20,康和-台南,2024-02-26,8458
00633L,富邦上証正2,20,0,20,康和-台南,2024-02-26,8458
6154,順發,20,0,20,康和-台南,2024-02-26,8458
7402,邑錡,20,0,20,康和-台南,2024-02-26,8458
8044,網家,20,0,20,康和-台南,2024-02-26,8458
2344,華邦電,30,11,19,康和-台南,2024-02-26,8458
6244,茂迪,15,0,15,康和-台南,2024-02-26,8458
00919,群益台灣精選高息,14,0,14,康和-台南,2024-02-26,8458
00915,凱基優選高股息30,12,0,12,康和-台南,2024-02-26,8458
3169,亞信,19,7,12,康和-台南,2024-02-26,8458
1513,中興電,40,28,12,康和-台南,2024-02-26,8458
1618,合機,11,0,11,康和-台南,2024-02-26,8458
6104,創惟,13,2,11,康和-台南,2024-02-26,8458
00885,富邦越南,10,0,10,康和-台南,2024-02-26,8458
00922,國泰台灣領袖50,10,0,10,康和-台南,2024-02-26,8458
1416,廣豐,10,0,10,康和-台南,2024-02-26,8458
2305,全友,20,10,10,康和-台南,2024-02-26,8458
2313,華通,32,22,10,康和-台南,2024-02-26,8458
3313,斐成,10,0,10,康和-台南,2024-02-26,8458
3360,尚立,10,0,10,康和-台南,2024-02-26,8458
6160,欣技,10,0,10,康和-台南,2024-02-26,8458
6581,鋼聯,10,0,10,康和-台南,2024-02-26,8458
3481,群創,11,2,9,康和-台南,2024-02-26,8458
4303,信立,10,1,9,康和-台南,2024-02-26,8458
2329,華泰,21,12,9,康和-台南,2024-02-26,8458
4979,華星光,20,12,8,康和-台南,2024-02-26,8458
1905,華紙,10,2,8,康和-台南,2024-02-26,8458
2369,菱生,20,12,8,康和-台南,2024-02-26,8458
2425,承啟,8,0,8,康和-台南,2024-02-26,8458
2609,陽明,8,0,8,康和-台南,2024-02-26,8458
4534,慶騰,8,0,8,康和-台南,2024-02-26,8458
6182,合晶,8,0,8,康和-台南,2024-02-26,8458
00712,復華富時不動產,7,0,7,康和-台南,2024-02-26,8458
4147,中裕,8,1,7,康和-台南,2024-02-26,8458
6126,信音,9,2,7,康和-台南,2024-02-26,8458
6227,茂綸,7,0,7,康和-台南,2024-02-26,8458
8289,泰藝,7,0,7,康和-台南,2024-02-26,8458
2834,臺企銀,1072,4,1068,康和-台南,2024-02-27,8458
2618,長榮航,150,1,149,康和-台南,2024-02-27,8458
00885,富邦越南,150,15,135,康和-台南,2024-02-27,8458
6668,中揚光,104,5,99,康和-台南,2024-02-27,8458
00929,復華台灣科技優息,114,30,84,康和-台南,2024-02-27,8458
6233,旺玖,115,43,72,康和-台南,2024-02-27,8458
2905,三商,66,0,66,康和-台南,2024-02-27,8458
6770,力積電,94,29,65,康和-台南,2024-02-27,8458
00933B,國泰10Y+金融債,64,0,64,康和-台南,2024-02-27,8458
2888,新光金,61,0,61,康和-台南,2024-02-27,8458
1524,耿鼎,75,16,59,康和-台南,2024-02-27,8458
2606,裕民,63,6,57,康和-台南,2024-02-27,8458
00937B,群益ESG投等債20,55,0,55,康和-台南,2024-02-27,8458
00878,國泰永續高股息,56,3,53,康和-台南,2024-02-27,8458
1319,東陽,62,10,52,康和-台南,2024-02-27,8458
5347,世界,43,0,43,康和-台南,2024-02-27,8458
6806,森崴能源,47,7,40,康和-台南,2024-02-27,8458
2428,興勤,30,0,30,康和-台南,2024-02-27,8458
2801,彰銀,30,0,30,康和-台南,2024-02-27,8458
4945,陞達科技,30,2,28,康和-台南,2024-02-27,8458
6282,康舒,47,23,24,康和-台南,2024-02-27,8458
2406,國碩,28,5,23,康和-台南,2024-02-27,8458
1815,富喬,23,2,21,康和-台南,2024-02-27,8458
1784,訊聯,20,0,20,康和-台南,2024-02-27,8458
1305,華夏,19,0,19,康和-台南,2024-02-27,8458
3036,文曄,26,7,19,康和-台南,2024-02-27,8458
2363,矽統,35,16,19,康和-台南,2024-02-27,8458
2324,仁寶,32,13,19,康和-台南,2024-02-27,8458
6126,信音,36,18,18,康和-台南,2024-02-27,8458
4588,玖鼎電力,20,4,16,康和-台南,2024-02-27,8458
00680L,元大美債20正2,15,0,15,康和-台南,2024-02-27,8458
2887,台新金,15,0,15,康和-台南,2024-02-27,8458
3209,全科,15,0,15,康和-台南,2024-02-27,8458
8091,翔名,15,0,15,康和-台南,2024-02-27,8458
3037,欣興,20,6,14,康和-台南,2024-02-27,8458
00679B,元大美債20年,14,0,14,康和-台南,2024-02-27,8458
00919,群益台灣精選高息,23,10,13,康和-台南,2024-02-27,8458
2421,建準,15,3,12,康和-台南,2024-02-27,8458
6237,驊訊,14,2,12,康和-台南,2024-02-27,8458
2537,聯上發,11,0,11,康和-台南,2024-02-27,8458
9904,寶成,11,0,11,康和-台南,2024-02-27,8458
1519,華城,10,0,10,康和-台南,2024-02-27,8458
2009,第一銅,10,0,10,康和-台南,2024-02-27,8458
2401,凌陽,10,0,10,康和-台南,2024-02-27,8458
2405,輔信,21,11,10,康和-台南,2024-02-27,8458
2450,神腦,10,0,10,康和-台南,2024-02-27,8458
2547,日勝生,10,0,10,康和-台南,2024-02-27,8458
2617,台航,10,0,10,康和-台南,2024-02-27,8458
2889,國票金,10,0,10,康和-台南,2024-02-27,8458
3520,華盈,10,0,10,康和-台南,2024-02-27,8458
00706L,期元大S＆P日圓正2,115,0,115,康和-台南,2024-02-29,8458
00937B,群益ESG投等債20,96,0,96,康和-台南,2024-02-29,8458
2905,三商,34,0,34,康和-台南,2024-02-29,8458
5511,德昌,30,0,30,康和-台南,2024-02-29,8458
00650L,復華香港正2,25,0,25,康和-台南,2024-02-29,8458
8091,翔名,25,0,25,康和-台南,2024-02-29,8458
1101,台泥,21,1,20,康和-台南,2024-02-29,8458
8110,華東,21,2,19,康和-台南,2024-02-29,8458
1503,士電,44,26,18,康和-台南,2024-02-29,8458
3231,緯創,25,8,17,康和-台南,2024-02-29,8458
2353,宏��,17,1,16,康和-台南,2024-02-29,8458
2884,玉山金,16,0,16,康和-台南,2024-02-29,8458
00929,復華台灣科技優息,36,21,15,康和-台南,2024-02-29,8458
2303,聯電,18,4,14,康和-台南,2024-02-29,8458
1711,永光,14,0,14,康和-台南,2024-02-29,8458
5443,均豪,16,2,14,康和-台南,2024-02-29,8458
4123,晟德,13,0,13,康和-台南,2024-02-29,8458
8028,昇陽半導體,12,0,12,康和-台南,2024-02-29,8458
2027,大成鋼,12,0,12,康和-台南,2024-02-29,8458
2405,輔信,13,1,12,康和-台南,2024-02-29,8458
3236,千如,12,0,12,康和-台南,2024-02-29,8458
6446,藥華藥,11,0,11,康和-台南,2024-02-29,8458
6239,力成,11,1,10,康和-台南,2024-02-29,8458
00687B,國泰20年美債,10,0,10,康和-台南,2024-02-29,8458
00751B,元大AAA至A公司債,10,0,10,康和-台南,2024-02-29,8458
1591,駿吉-KY,10,0,10,康和-台南,2024-02-29,8458
1795,美時,10,0,10,康和-台南,2024-02-29,8458
2332,友訊,10,0,10,康和-台南,2024-02-29,8458
2438,翔耀,10,0,10,康和-台南,2024-02-29,8458
3023,信邦,10,0,10,康和-台南,2024-02-29,8458
4979,華星光,11,1,10,康和-台南,2024-02-29,8458
5243,乙盛-KY,10,0,10,康和-台南,2024-02-29,8458
6216,居易,12,2,10,康和-台南,2024-02-29,8458
6275,元山,16,6,10,康和-台南,2024-02-29,8458
6712,長聖,10,0,10,康和-台南,2024-02-29,8458
2890,永豐金,10,0,10,康和-台南,2024-02-29,8458
2352,佳世達,10,0,10,康和-台南,2024-02-29,8458
2609,陽明,9,0,9,康和-台南,2024-02-29,8458
6668,中揚光,26,18,8,康和-台南,2024-02-29,8458
00878,國泰永續高股息,7,0,7,康和-台南,2024-02-29,8458
1608,華榮,7,1,6,康和-台南,2024-02-29,8458
2340,台亞,6,0,6,康和-台南,2024-02-29,8458
5388,中磊,6,0,6,康和-台南,2024-02-29,8458
8047,星雲,12,6,6,康和-台南,2024-02-29,8458
3163,波若威,17,12,5,康和-台南,2024-02-29,8458
00680L,元大美債20正2,5,0,5,康和-台南,2024-02-29,8458
1599,宏佳騰,5,0,5,康和-台南,2024-02-29,8458
1612,宏泰,5,0,5,康和-台南,2024-02-29,8458
2002,中鋼,6,1,5,康和-台南,2024-02-29,8458
3325,旭品,5,0,5,康和-台南,2024-02-29,8458
2363,矽統,130,4,126,康和-台南,2024-03-01,8458
00919,群益台灣精選高息,90,0,90,康和-台南,2024-03-01,8458
2002,中鋼,74,1,73,康和-台南,2024-03-01,8458
1316,上曜,83,17,66,康和-台南,2024-03-01,8458
00878,國泰永續高股息,62,0,62,康和-台南,2024-03-01,8458
00687B,國泰20年美債,48,1,47,康和-台南,2024-03-01,8458
1217,愛之味,40,1,39,康和-台南,2024-03-01,8458
2888,新光金,41,2,39,康和-台南,2024-03-01,8458
1618,合機,46,11,35,康和-台南,2024-03-01,8458
2606,裕民,35,0,35,康和-台南,2024-03-01,8458
2881,富邦金,32,1,31,康和-台南,2024-03-01,8458
3033,威健,30,0,30,康和-台南,2024-03-01,8458
6125,廣運,53,23,30,康和-台南,2024-03-01,8458
3712,永崴投控,37,10,27,康和-台南,2024-03-01,8458
3481,群創,23,0,23,康和-台南,2024-03-01,8458
2886,兆豐金,20,0,20,康和-台南,2024-03-01,8458
00680L,元大美債20正2,20,0,20,康和-台南,2024-03-01,8458
1806,冠軍,20,0,20,康和-台南,2024-03-01,8458
2356,英業達,23,3,20,康和-台南,2024-03-01,8458
6443,元晶,20,0,20,康和-台南,2024-03-01,8458
6126,信音,27,11,16,康和-台南,2024-03-01,8458
1711,永光,16,2,14,康和-台南,2024-03-01,8458
6235,華孚,15,1,14,康和-台南,2024-03-01,8458
2355,敬鵬,12,0,12,康和-台南,2024-03-01,8458
2368,金像電,12,0,12,康和-台南,2024-03-01,8458
2303,聯電,35,24,11,康和-台南,2024-03-01,8458
2882,國泰金,11,0,11,康和-台南,2024-03-01,8458
00918,大華優利高填息30,10,0,10,康和-台南,2024-03-01,8458
2327,國巨,10,0,10,康和-台南,2024-03-01,8458
00650L,復華香港正2,10,0,10,康和-台南,2024-03-01,8458
00757,統一FANG+,10,0,10,康和-台南,2024-03-01,8458
1314,中石化,20,10,10,康和-台南,2024-03-01,8458
2025,千興,10,0,10,康和-台南,2024-03-01,8458
2409,友達,16,6,10,康和-台南,2024-03-01,8458
3052,夆典,10,0,10,康和-台南,2024-03-01,8458
3704,合勤控,10,0,10,康和-台南,2024-03-01,8458
5488,松普,11,1,10,康和-台南,2024-03-01,8458
2371,大同,35,25,10,康和-台南,2024-03-01,8458
2330,台積電,10,1,9,康和-台南,2024-03-01,8458
1609,大亞,14,5,9,康和-台南,2024-03-01,8458
3035,智原,13,5,8,康和-台南,2024-03-01,8458
4707,磐亞,8,0,8,康和-台南,2024-03-01,8458
2883,凱基金,7,0,7,康和-台南,2024-03-01,8458
2421,建準,19,12,7,康和-台南,2024-03-01,8458
1712,興農,7,0,7,康和-台南,2024-03-01,8458
2362,藍天,7,0,7,康和-台南,2024-03-01,8458
3071,協禧,7,0,7,康和-台南,2024-03-01,8458
1513,中興電,12,5,7,康和-台南,2024-03-01,8458
2454,聯發科,6,0,6,康和-台南,2024-03-01,8458
1319,東陽,28,22,6,康和-台南,2024-03-01,8458
2633,台灣高鐵,100,0,100,康和-台南,2024-03-04,8458
1305,華夏,91,0,91,康和-台南,2024-03-04,8458
1416,廣豐,90,0,90,康和-台南,2024-03-04,8458
00687B,國泰20年美債,69,0,69,康和-台南,2024-03-04,8458
00919,群益台灣精選高息,84,16,68,康和-台南,2024-03-04,8458
2367,燿華,100,37,63,康和-台南,2024-03-04,8458
2324,仁寶,171,117,54,康和-台南,2024-03-04,8458
2359,所羅門,58,8,50,康和-台南,2024-03-04,8458
00631L,元大台灣50正2,46,0,46,康和-台南,2024-03-04,8458
00632R,元大台灣50反1,41,0,41,康和-台南,2024-03-04,8458
1326,台化,41,0,41,康和-台南,2024-03-04,8458
2855,統一證,36,0,36,康和-台南,2024-03-04,8458
4979,華星光,41,6,35,康和-台南,2024-03-04,8458
6668,中揚光,33,2,31,康和-台南,2024-03-04,8458
1504,東元,28,1,27,康和-台南,2024-03-04,8458
1609,大亞,31,4,27,康和-台南,2024-03-04,8458
00937B,群益ESG投等債20,48,26,22,康和-台南,2024-03-04,8458
2002,中鋼,20,0,20,康和-台南,2024-03-04,8458
2344,華邦電,22,2,20,康和-台南,2024-03-04,8458
6196,帆宣,20,0,20,康和-台南,2024-03-04,8458
2880,華南金,20,0,20,康和-台南,2024-03-04,8458
1101,台泥,21,2,19,康和-台南,2024-03-04,8458
8070,長華*,20,1,19,康和-台南,2024-03-04,8458
6806,森崴能源,43,27,16,康和-台南,2024-03-04,8458
1513,中興電,21,6,15,康和-台南,2024-03-04,8458
1514,亞力,18,4,14,康和-台南,2024-03-04,8458
2014,中鴻,22,8,14,康和-台南,2024-03-04,8458
6123,上奇,14,0,14,康和-台南,2024-03-04,8458
2349,錸德,13,0,13,康和-台南,2024-03-04,8458
8105,凌巨,12,0,12,康和-台南,2024-03-04,8458
8131,福懋科,12,0,12,康和-台南,2024-03-04,8458
8085,福華,12,0,12,康和-台南,2024-03-04,8458
2421,建準,14,3,11,康和-台南,2024-03-04,8458
2329,華泰,40,30,10,康和-台南,2024-03-04,8458
2888,新光金,20,10,10,康和-台南,2024-03-04,8458
6216,居易,14,4,10,康和-台南,2024-03-04,8458
6506,雙邦,10,0,10,康和-台南,2024-03-04,8458
8390,金益鼎,10,0,10,康和-台南,2024-03-04,8458
6446,藥華藥,10,0,10,康和-台南,2024-03-04,8458
6547,高端疫苗,9,0,9,康和-台南,2024-03-04,8458
3711,日月光投控,10,1,9,康和-台南,2024-03-04,8458
3048,益登,9,0,9,康和-台南,2024-03-04,8458
2408,南亞科,8,0,8,康和-台南,2024-03-04,8458
2462,良得電,10,2,8,康和-台南,2024-03-04,8458
3622,洋華,9,1,8,康和-台南,2024-03-04,8458
1608,華榮,7,0,7,康和-台南,2024-03-04,8458
3313,斐成,7,0,7,康和-台南,2024-03-04,8458
00857B,永豐20年美公債,6,0,6,康和-台南,2024-03-04,8458
2208,台船,6,0,6,康和-台南,2024-03-04,8458
2308,台達電,6,0,6,康和-台南,2024-03-04,8458
1101,台泥,152,3,149,康和-台南,2024-03-05,8458
2537,聯上發,120,0,120,康和-台南,2024-03-05,8458
3481,群創,144,29,115,康和-台南,2024-03-05,8458
2002,中鋼,81,1,80,康和-台南,2024-03-05,8458
00918,大華優利高填息30,55,0,55,康和-台南,2024-03-05,8458
6282,康舒,50,0,50,康和-台南,2024-03-05,8458
4979,華星光,44,0,44,康和-台南,2024-03-05,8458
1326,台化,41,0,41,康和-台南,2024-03-05,8458
6126,信音,41,4,37,康和-台南,2024-03-05,8458
00937B,群益ESG投等債20,40,6,34,康和-台南,2024-03-05,8458
00919,群益台灣精選高息,39,6,33,康和-台南,2024-03-05,8458
2606,裕民,30,0,30,康和-台南,2024-03-05,8458
1409,新纖,30,4,26,康和-台南,2024-03-05,8458
1522,堤維西,27,1,26,康和-台南,2024-03-05,8458
5306,桂盟,26,0,26,康和-台南,2024-03-05,8458
6284,佳邦,25,0,25,康和-台南,2024-03-05,8458
1314,中石化,21,0,21,康和-台南,2024-03-05,8458
2801,彰銀,20,0,20,康和-台南,2024-03-05,8458
4906,正文,28,9,19,康和-台南,2024-03-05,8458
8131,福懋科,19,0,19,康和-台南,2024-03-05,8458
6506,雙邦,18,0,18,康和-台南,2024-03-05,8458
00687B,國泰20年美債,17,0,17,康和-台南,2024-03-05,8458
3032,偉訓,29,12,17,康和-台南,2024-03-05,8458
3372,典範,23,7,16,康和-台南,2024-03-05,8458
6257,矽格,15,0,15,康和-台南,2024-03-05,8458
2612,中航,13,0,13,康和-台南,2024-03-05,8458
2485,兆赫,12,1,11,康和-台南,2024-03-05,8458
00692,富邦公司治理,10,0,10,康和-台南,2024-03-05,8458
00751B,元大AAA至A公司債,10,0,10,康和-台南,2024-03-05,8458
2883,凱基金,10,0,10,康和-台南,2024-03-05,8458
4716,大立,10,0,10,康和-台南,2024-03-05,8458
00915,凱基優選高股息30,9,0,9,康和-台南,2024-03-05,8458
2489,瑞軒,9,0,9,康和-台南,2024-03-05,8458
4707,磐亞,10,1,9,康和-台南,2024-03-05,8458
2313,華通,8,0,8,康和-台南,2024-03-05,8458
3062,建漢,9,1,8,康和-台南,2024-03-05,8458
6125,廣運,16,8,8,康和-台南,2024-03-05,8458
8996,高力,10,2,8,康和-台南,2024-03-05,8458
2355,敬鵬,8,0,8,康和-台南,2024-03-05,8458
6446,藥華藥,7,0,7,康和-台南,2024-03-05,8458
1612,宏泰,9,2,7,康和-台南,2024-03-05,8458
2402,毅嘉,7,0,7,康和-台南,2024-03-05,8458
2425,承啟,7,0,7,康和-台南,2024-03-05,8458
2882,國泰金,10,3,7,康和-台南,2024-03-05,8458
3583,辛耘,7,0,7,康和-台南,2024-03-05,8458
6233,旺玖,7,0,7,康和-台南,2024-03-05,8458
2401,凌陽,6,0,6,康和-台南,2024-03-05,8458
2472,立隆電,6,0,6,康和-台南,2024-03-05,8458
3360,尚立,6,0,6,康和-台南,2024-03-05,8458
8069,元太,7,1,6,康和-台南,2024-03-05,8458
0056,元大高股息,100,7,93,康和-台南,2024-03-06,8458
00937B,群益ESG投等債20,91,5,86,康和-台南,2024-03-06,8458
6770,力積電,64,1,63,康和-台南,2024-03-06,8458
1305,華夏,60,0,60,康和-台南,2024-03-06,8458
2606,裕民,122,65,57,康和-台南,2024-03-06,8458
1314,中石化,55,0,55,康和-台南,2024-03-06,8458
3231,緯創,52,5,47,康和-台南,2024-03-06,8458
1326,台化,40,0,40,康和-台南,2024-03-06,8458
2542,興富發,30,0,30,康和-台南,2024-03-06,8458
2603,長榮,30,3,27,康和-台南,2024-03-06,8458
5426,振發,26,0,26,康和-台南,2024-03-06,8458
2801,彰銀,23,0,23,康和-台南,2024-03-06,8458
2002,中鋼,25,3,22,康和-台南,2024-03-06,8458
2409,友達,34,13,21,康和-台南,2024-03-06,8458
1416,廣豐,20,1,19,康和-台南,2024-03-06,8458
2405,輔信,21,2,19,康和-台南,2024-03-06,8458
2609,陽明,19,0,19,康和-台南,2024-03-06,8458
3013,晟銘電,104,85,19,康和-台南,2024-03-06,8458
2467,志聖,20,2,18,康和-台南,2024-03-06,8458
00687B,國泰20年美債,18,1,17,康和-台南,2024-03-06,8458
3689,湧德,42,25,17,康和-台南,2024-03-06,8458
6216,居易,19,2,17,康和-台南,2024-03-06,8458
1802,台玻,15,0,15,康和-台南,2024-03-06,8458
4934,太極,15,0,15,康和-台南,2024-03-06,8458
6117,迎廣,21,6,15,康和-台南,2024-03-06,8458
6163,華電網,17,2,15,康和-台南,2024-03-06,8458
4746,台耀,14,0,14,康和-台南,2024-03-06,8458
5439,高技,15,1,14,康和-台南,2024-03-06,8458
00919,群益台灣精選高息,22,8,14,康和-台南,2024-03-06,8458
2368,金像電,13,0,13,康和-台南,2024-03-06,8458
1609,大亞,46,34,12,康和-台南,2024-03-06,8458
2495,普安,12,0,12,康和-台南,2024-03-06,8458
6274,台燿,41,30,11,康和-台南,2024-03-06,8458
3325,旭品,34,23,11,康和-台南,2024-03-06,8458
8926,台汽電,12,1,11,康和-台南,2024-03-06,8458
9904,寶成,11,0,11,康和-台南,2024-03-06,8458
5388,中磊,12,2,10,康和-台南,2024-03-06,8458
2617,台航,10,0,10,康和-台南,2024-03-06,8458
3022,威強電,10,0,10,康和-台南,2024-03-06,8458
3052,夆典,10,0,10,康和-台南,2024-03-06,8458
6284,佳邦,14,4,10,康和-台南,2024-03-06,8458
6698,旭暉應材,11,1,10,康和-台南,2024-03-06,8458
9950,萬國通,10,0,10,康和-台南,2024-03-06,8458
00891,中信關鍵半導體,15,5,10,康和-台南,2024-03-06,8458
2543,皇昌,13,4,9,康和-台南,2024-03-06,8458
6531,愛普*,8,0,8,康和-台南,2024-03-06,8458
2498,宏達電,8,0,8,康和-台南,2024-03-06,8458
2401,凌陽,11,3,8,康和-台南,2024-03-06,8458
4543,萬在,10,2,8,康和-台南,2024-03-06,8458
6126,信音,19,11,8,康和-台南,2024-03-06,8458
00927,群益半導體收益,150,1,149,康和-台南,2024-03-07,8458
2905,三商,130,0,130,康和-台南,2024-03-07,8458
1301,台塑,102,0,102,康和-台南,2024-03-07,8458
8112,至上,123,22,101,康和-台南,2024-03-07,8458
8110,華東,93,1,92,康和-台南,2024-03-07,8458
2537,聯上發,99,9,90,康和-台南,2024-03-07,8458
6933,AMAX-KY,69,0,69,康和-台南,2024-03-07,8458
3481,群創,64,0,64,康和-台南,2024-03-07,8458
2025,千興,78,20,58,康和-台南,2024-03-07,8458
2324,仁寶,109,51,58,康和-台南,2024-03-07,8458
6770,力積電,75,20,55,康和-台南,2024-03-07,8458
2331,精英,58,14,44,康和-台南,2024-03-07,8458
5864,致和證,40,0,40,康和-台南,2024-03-07,8458
2387,精元,30,0,30,康和-台南,2024-03-07,8458
2606,裕民,73,43,30,康和-台南,2024-03-07,8458
2344,華邦電,62,35,27,康和-台南,2024-03-07,8458
00918,大華優利高填息30,26,0,26,康和-台南,2024-03-07,8458
2486,一詮,27,3,24,康和-台南,2024-03-07,8458
5521,工信,25,1,24,康和-台南,2024-03-07,8458
6125,廣運,35,11,24,康和-台南,2024-03-07,8458
3231,緯創,44,21,23,康和-台南,2024-03-07,8458
2002,中鋼,22,0,22,康和-台南,2024-03-07,8458
00687B,國泰20年美債,23,1,22,康和-台南,2024-03-07,8458
00632R,元大台灣50反1,22,0,22,康和-台南,2024-03-07,8458
6426,統新,22,0,22,康和-台南,2024-03-07,8458
2485,兆赫,22,1,21,康和-台南,2024-03-07,8458
8091,翔名,21,0,21,康和-台南,2024-03-07,8458
1568,倉佑,20,0,20,康和-台南,2024-03-07,8458
2027,大成鋼,20,0,20,康和-台南,2024-03-07,8458
2107,厚生,20,0,20,康和-台南,2024-03-07,8458
3014,聯陽,20,0,20,康和-台南,2024-03-07,8458
9904,寶成,20,0,20,康和-台南,2024-03-07,8458
00937B,群益ESG投等債20,20,2,18,康和-台南,2024-03-07,8458
1815,富喬,23,6,17,康和-台南,2024-03-07,8458
00671R,富邦NASDAQ反1,15,0,15,康和-台南,2024-03-07,8458
6244,茂迪,20,5,15,康和-台南,2024-03-07,8458
2409,友達,34,20,14,康和-台南,2024-03-07,8458
3576,聯合再生,13,0,13,康和-台南,2024-03-07,8458
2367,燿華,26,13,13,康和-台南,2024-03-07,8458
4533,協易機,22,10,12,康和-台南,2024-03-07,8458
1905,華紙,12,0,12,康和-台南,2024-03-07,8458
2421,建準,35,23,12,康和-台南,2024-03-07,8458
2313,華通,14,3,11,康和-台南,2024-03-07,8458
3372,典範,10,0,10,康和-台南,2024-03-07,8458
8011,台通,14,4,10,康和-台南,2024-03-07,8458
00919,群益台灣精選高息,12,3,9,康和-台南,2024-03-07,8458
3338,泰碩,23,14,9,康和-台南,2024-03-07,8458
00915,凱基優選高股息30,8,0,8,康和-台南,2024-03-07,8458
1582,信錦,11,3,8,康和-台南,2024-03-07,8458
2836,高雄銀,8,0,8,康和-台南,2024-03-07,8458
00927,群益半導體收益,153,0,153,康和-台南,2024-03-08,8458
2498,宏達電,91,1,90,康和-台南,2024-03-08,8458
3171,炎洲流通,73,0,73,康和-台南,2024-03-08,8458
2905,三商,70,0,70,康和-台南,2024-03-08,8458
3413,京鼎,53,0,53,康和-台南,2024-03-08,8458
2025,千興,57,5,52,康和-台南,2024-03-08,8458
00915,凱基優選高股息30,46,9,37,康和-台南,2024-03-08,8458
2208,台船,36,0,36,康和-台南,2024-03-08,8458
00937B,群益ESG投等債20,46,12,34,康和-台南,2024-03-08,8458
1568,倉佑,32,0,32,康和-台南,2024-03-08,8458
2834,臺企銀,43,11,32,康和-台南,2024-03-08,8458
8110,華東,32,0,32,康和-台南,2024-03-08,8458
3325,旭品,29,2,27,康和-台南,2024-03-08,8458
6668,中揚光,20,0,20,康和-台南,2024-03-08,8458
5498,凱崴,25,6,19,康和-台南,2024-03-08,8458
2888,新光金,18,2,16,康和-台南,2024-03-08,8458
2913,農林,15,0,15,康和-台南,2024-03-08,8458
00921,兆豐龍頭等權重,15,0,15,康和-台南,2024-03-08,8458
1307,三芳,15,0,15,康和-台南,2024-03-08,8458
2636,台驊控股,18,3,15,康和-台南,2024-03-08,8458
3006,晶豪科,18,3,15,康和-台南,2024-03-08,8458
5347,世界,57,42,15,康和-台南,2024-03-08,8458
3363,上詮,15,1,14,康和-台南,2024-03-08,8458
4916,事欣科,14,0,14,康和-台南,2024-03-08,8458
6269,台郡,13,0,13,康和-台南,2024-03-08,8458
2365,昆盈,14,2,12,康和-台南,2024-03-08,8458
6197,佳必琪,16,4,12,康和-台南,2024-03-08,8458
3714,富采,11,0,11,康和-台南,2024-03-08,8458
2356,英業達,20,9,11,康和-台南,2024-03-08,8458
2515,中工,11,0,11,康和-台南,2024-03-08,8458
2006,東和鋼鐵,10,0,10,康和-台南,2024-03-08,8458
2603,長榮,24,14,10,康和-台南,2024-03-08,8458
3234,光環,10,0,10,康和-台南,2024-03-08,8458
4906,正文,12,2,10,康和-台南,2024-03-08,8458
5483,中美晶,12,2,10,康和-台南,2024-03-08,8458
00632R,元大台灣50反1,9,0,9,康和-台南,2024-03-08,8458
2441,超豐,12,3,9,康和-台南,2024-03-08,8458
5306,桂盟,10,1,9,康和-台南,2024-03-08,8458
00918,大華優利高填息30,15,6,9,康和-台南,2024-03-08,8458
2327,國巨,9,1,8,康和-台南,2024-03-08,8458
3169,亞信,22,14,8,康和-台南,2024-03-08,8458
4128,中天,10,2,8,康和-台南,2024-03-08,8458
6213,聯茂,10,2,8,康和-台南,2024-03-08,8458
6830,汎銓,8,0,8,康和-台南,2024-03-08,8458
3540,曜越,9,1,8,康和-台南,2024-03-08,8458
2002,中鋼,7,0,7,康和-台南,2024-03-08,8458
3047,訊舟,12,5,7,康和-台南,2024-03-08,8458
3712,永崴投控,19,12,7,康和-台南,2024-03-08,8458
6274,台燿,18,12,6,康和-台南,2024-03-08,8458
3338,泰碩,19,13,6,康和-台南,2024-03-08,8458
6015,宏遠證,125,0,125,康和-台南,2024-03-11,8458
2618,長榮航,122,0,122,康和-台南,2024-03-11,8458
00929,復華台灣科技優息,70,11,59,康和-台南,2024-03-11,8458
2495,普安,55,0,55,康和-台南,2024-03-11,8458
00919,群益台灣精選高息,68,15,53,康和-台南,2024-03-11,8458
9933,中鼎,52,0,52,康和-台南,2024-03-11,8458
1568,倉佑,46,3,43,康和-台南,2024-03-11,8458
00937B,群益ESG投等債20,42,0,42,康和-台南,2024-03-11,8458
8054,安國,49,10,39,康和-台南,2024-03-11,8458
2367,燿華,37,0,37,康和-台南,2024-03-11,8458
5292,華懋,33,0,33,康和-台南,2024-03-11,8458
6275,元山,35,2,33,康和-台南,2024-03-11,8458
00637L,元大滬深300正2,80,50,30,康和-台南,2024-03-11,8458
2025,千興,30,0,30,康和-台南,2024-03-11,8458
2462,良得電,30,0,30,康和-台南,2024-03-11,8458
8044,網家,30,0,30,康和-台南,2024-03-11,8458
3171,炎洲流通,30,0,30,康和-台南,2024-03-11,8458
1416,廣豐,55,30,25,康和-台南,2024-03-11,8458
2849,安泰銀,23,0,23,康和-台南,2024-03-11,8458
3022,威強電,22,0,22,康和-台南,2024-03-11,8458
2617,台航,20,0,20,康和-台南,2024-03-11,8458
3706,神達,28,8,20,康和-台南,2024-03-11,8458
4303,信立,20,0,20,康和-台南,2024-03-11,8458
6259,百徽,20,0,20,康和-台南,2024-03-11,8458
0056,元大高股息,17,0,17,康和-台南,2024-03-11,8458
00918,大華優利高填息30,16,0,16,康和-台南,2024-03-11,8458
2371,大同,15,0,15,康和-台南,2024-03-11,8458
6147,頎邦,15,0,15,康和-台南,2024-03-11,8458
00688L,國泰20年美債正2,14,0,14,康和-台南,2024-03-11,8458
1316,上曜,15,2,13,康和-台南,2024-03-11,8458
3711,日月光投控,14,2,12,康和-台南,2024-03-11,8458
1618,合機,12,1,11,康和-台南,2024-03-11,8458
00725B,國泰投資級公司債,10,0,10,康和-台南,2024-03-11,8458
00706L,期元大S＆P日圓正2,10,0,10,康和-台南,2024-03-11,8458
2303,聯電,17,7,10,康和-台南,2024-03-11,8458
3090,日電貿,10,0,10,康和-台南,2024-03-11,8458
2886,兆豐金,11,1,10,康和-台南,2024-03-11,8458
2308,台達電,9,0,9,康和-台南,2024-03-11,8458
1711,永光,9,0,9,康和-台南,2024-03-11,8458
3481,群創,28,19,9,康和-台南,2024-03-11,8458
6257,矽格,10,1,9,康和-台南,2024-03-11,8458
3231,緯創,118,109,9,康和-台南,2024-03-11,8458
2330,台積電,14,5,9,康和-台南,2024-03-11,8458
2356,英業達,11,3,8,康和-台南,2024-03-11,8458
2344,華邦電,8,0,8,康和-台南,2024-03-11,8458
3264,欣銓,12,4,8,康和-台南,2024-03-11,8458
3624,光頡,8,0,8,康和-台南,2024-03-11,8458
3707,漢磊,11,3,8,康和-台南,2024-03-11,8458
5272,笙科,9,1,8,康和-台南,2024-03-11,8458
2897,王道銀行,7,0,7,康和-台南,2024-03-11,8458
2834,臺企銀,600,10,590,康和-台南,2024-03-12,8458
2882,國泰金,150,2,148,康和-台南,2024-03-12,8458
2886,兆豐金,50,0,50,康和-台南,2024-03-12,8458
1416,廣豐,94,46,48,康和-台南,2024-03-12,8458
3171,炎洲流通,44,0,44,康和-台南,2024-03-12,8458
2352,佳世達,36,0,36,康和-台南,2024-03-12,8458
2543,皇昌,49,15,34,康和-台南,2024-03-12,8458
00687B,國泰20年美債,25,0,25,康和-台南,2024-03-12,8458
00919,群益台灣精選高息,23,1,22,康和-台南,2024-03-12,8458
1504,東元,25,4,21,康和-台南,2024-03-12,8458
2344,華邦電,31,10,21,康和-台南,2024-03-12,8458
2883,凱基金,20,1,19,康和-台南,2024-03-12,8458
4906,正文,20,1,19,康和-台南,2024-03-12,8458
1513,中興電,24,6,18,康和-台南,2024-03-12,8458
2888,新光金,16,0,16,康和-台南,2024-03-12,8458
2421,建準,20,4,16,康和-台南,2024-03-12,8458
6147,頎邦,16,1,15,康和-台南,2024-03-12,8458
3325,旭品,40,26,14,康和-台南,2024-03-12,8458
3338,泰碩,15,2,13,康和-台南,2024-03-12,8458
1522,堤維西,21,9,12,康和-台南,2024-03-12,8458
2383,台光電,13,1,12,康和-台南,2024-03-12,8458
6165,浪凡,12,0,12,康和-台南,2024-03-12,8458
2406,國碩,12,1,11,康和-台南,2024-03-12,8458
00757,統一FANG+,10,0,10,康和-台南,2024-03-12,8458
3704,合勤控,11,1,10,康和-台南,2024-03-12,8458
5328,華容,10,0,10,康和-台南,2024-03-12,8458
00937B,群益ESG投等債20,11,2,9,康和-台南,2024-03-12,8458
1455,集盛,11,2,9,康和-台南,2024-03-12,8458
3022,威強電,10,1,9,康和-台南,2024-03-12,8458
3624,光頡,10,1,9,康和-台南,2024-03-12,8458
8039,台虹,10,1,9,康和-台南,2024-03-12,8458
8054,安國,9,1,8,康和-台南,2024-03-12,8458
00679B,元大美債20年,8,0,8,康和-台南,2024-03-12,8458
2324,仁寶,29,21,8,康和-台南,2024-03-12,8458
4714,永捷,9,1,8,康和-台南,2024-03-12,8458
5876,上海商銀,26,18,8,康和-台南,2024-03-12,8458
1514,亞力,10,3,7,康和-台南,2024-03-12,8458
5511,德昌,7,0,7,康和-台南,2024-03-12,8458
8096,擎亞,15,8,7,康和-台南,2024-03-12,8458
00795B,中信美國公債20年,6,0,6,康和-台南,2024-03-12,8458
2358,廷鑫,7,1,6,康和-台南,2024-03-12,8458
3033,威健,6,0,6,康和-台南,2024-03-12,8458
5498,凱崴,7,1,6,康和-台南,2024-03-12,8458
8996,高力,18,12,6,康和-台南,2024-03-12,8458
6596,寬宏藝術,6,0,6,康和-台南,2024-03-12,8458
2330,台積電,11,6,5,康和-台南,2024-03-12,8458
00786B,元大10年IG銀行債,5,0,5,康和-台南,2024-03-12,8458
1449,佳和,5,0,5,康和-台南,2024-03-12,8458
1815,富喬,6,1,5,康和-台南,2024-03-12,8458
2836,高雄銀,5,0,5,康和-台南,2024-03-12,8458
00680L,元大美債20正2,101,0,101,康和-台南,2024-03-13,8458
2486,一詮,115,35,80,康和-台南,2024-03-13,8458
3171,炎洲流通,60,0,60,康和-台南,2024-03-13,8458
2606,裕民,60,1,59,康和-台南,2024-03-13,8458
2303,聯電,63,12,51,康和-台南,2024-03-13,8458
00638R,元大滬深300反1,50,0,50,康和-台南,2024-03-13,8458
3231,緯創,84,36,48,康和-台南,2024-03-13,8458
2409,友達,100,55,45,康和-台南,2024-03-13,8458
1568,倉佑,42,0,42,康和-台南,2024-03-13,8458
2312,金寶,30,0,30,康和-台南,2024-03-13,8458
2537,聯上發,30,0,30,康和-台南,2024-03-13,8458
8112,至上,30,0,30,康和-台南,2024-03-13,8458
00918,大華優利高填息30,28,1,27,康和-台南,2024-03-13,8458
1326,台化,24,0,24,康和-台南,2024-03-13,8458
3363,上詮,24,0,24,康和-台南,2024-03-13,8458
5243,乙盛-KY,25,2,23,康和-台南,2024-03-13,8458
2610,華航,22,0,22,康和-台南,2024-03-13,8458
3016,嘉晶,22,0,22,康和-台南,2024-03-13,8458
6443,元晶,21,0,21,康和-台南,2024-03-13,8458
8926,台汽電,23,2,21,康和-台南,2024-03-13,8458
2511,太子,20,0,20,康和-台南,2024-03-13,8458
9902,台火,20,0,20,康和-台南,2024-03-13,8458
1514,亞力,32,13,19,康和-台南,2024-03-13,8458
8054,安國,14,1,13,康和-台南,2024-03-13,8458
2884,玉山金,13,0,13,康和-台南,2024-03-13,8458
3005,神基,45,32,13,康和-台南,2024-03-13,8458
00929,復華台灣科技優息,58,45,13,康和-台南,2024-03-13,8458
00922,國泰台灣領袖50,12,0,12,康和-台南,2024-03-13,8458
2359,所羅門,15,3,12,康和-台南,2024-03-13,8458
2332,友訊,11,0,11,康和-台南,2024-03-13,8458
1752,南光,11,0,11,康和-台南,2024-03-13,8458
2301,光寶科,11,0,11,康和-台南,2024-03-13,8458
1316,上曜,90,80,10,康和-台南,2024-03-13,8458
00931B,統一美債20年,10,0,10,康和-台南,2024-03-13,8458
2547,日勝生,10,0,10,康和-台南,2024-03-13,8458
4931,新盛力,10,0,10,康和-台南,2024-03-13,8458
6213,聯茂,10,0,10,康和-台南,2024-03-13,8458
1464,得力,9,0,9,康和-台南,2024-03-13,8458
2344,華邦電,46,37,9,康和-台南,2024-03-13,8458
2484,希華,9,0,9,康和-台南,2024-03-13,8458
1513,中興電,45,36,9,康和-台南,2024-03-13,8458
2002,中鋼,12,4,8,康和-台南,2024-03-13,8458
2329,華泰,15,7,8,康和-台南,2024-03-13,8458
00915,凱基優選高股息30,9,1,8,康和-台南,2024-03-13,8458
00687B,國泰20年美債,8,1,7,康和-台南,2024-03-13,8458
2025,千興,12,5,7,康和-台南,2024-03-13,8458
2313,華通,8,1,7,康和-台南,2024-03-13,8458
6125,廣運,31,25,6,康和-台南,2024-03-13,8458
1701,中化,6,0,6,康和-台南,2024-03-13,8458
2337,旺宏,6,0,6,康和-台南,2024-03-13,8458
2618,長榮航,250,14,236,康和-台南,2024-03-14,8458
2371,大同,151,0,151,康和-台南,2024-03-14,8458
00680L,元大美債20正2,134,4,130,康和-台南,2024-03-14,8458
2408,南亞科,104,1,103,康和-台南,2024-03-14,8458
00929,復華台灣科技優息,133,38,95,康和-台南,2024-03-14,8458
2486,一詮,84,13,71,康和-台南,2024-03-14,8458
2883,凱基金,139,70,69,康和-台南,2024-03-14,8458
1314,中石化,66,0,66,康和-台南,2024-03-14,8458
00919,群益台灣精選高息,59,2,57,康和-台南,2024-03-14,8458
2603,長榮,40,1,39,康和-台南,2024-03-14,8458
6015,宏遠證,34,0,34,康和-台南,2024-03-14,8458
2886,兆豐金,35,3,32,康和-台南,2024-03-14,8458
6120,達運,31,0,31,康和-台南,2024-03-14,8458
2832,台產,29,1,28,康和-台南,2024-03-14,8458
00688L,國泰20年美債正2,26,0,26,康和-台南,2024-03-14,8458
1609,大亞,53,33,20,康和-台南,2024-03-14,8458
2359,所羅門,19,0,19,康和-台南,2024-03-14,8458
5512,力麒,18,0,18,康和-台南,2024-03-14,8458
00918,大華優利高填息30,29,12,17,康和-台南,2024-03-14,8458
2303,聯電,37,20,17,康和-台南,2024-03-14,8458
2511,太子,20,3,17,康和-台南,2024-03-14,8458
2883B,凱基金乙特,17,0,17,康和-台南,2024-03-14,8458
6117,迎廣,18,1,17,康和-台南,2024-03-14,8458
1568,倉佑,16,0,16,康和-台南,2024-03-14,8458
00915,凱基優選高股息30,28,13,15,康和-台南,2024-03-14,8458
2014,中鴻,21,7,14,康和-台南,2024-03-14,8458
8105,凌巨,14,0,14,康和-台南,2024-03-14,8458
6274,台燿,14,1,13,康和-台南,2024-03-14,8458
3363,上詮,14,1,13,康和-台南,2024-03-14,8458
2354,鴻準,15,3,12,康和-台南,2024-03-14,8458
3360,尚立,12,1,11,康和-台南,2024-03-14,8458
2025,千興,10,0,10,康和-台南,2024-03-14,8458
2605,新興,10,0,10,康和-台南,2024-03-14,8458
2851,中再保,10,0,10,康和-台南,2024-03-14,8458
3032,偉訓,11,1,10,康和-台南,2024-03-14,8458
3625,西勝,10,0,10,康和-台南,2024-03-14,8458
6275,元山,13,3,10,康和-台南,2024-03-14,8458
2547,日勝生,10,0,10,康和-台南,2024-03-14,8458
2344,華邦電,20,12,8,康和-台南,2024-03-14,8458
3171,炎洲流通,8,0,8,康和-台南,2024-03-14,8458
00878,國泰永續高股息,13,5,8,康和-台南,2024-03-14,8458
2329,華泰,10,3,7,康和-台南,2024-03-14,8458
3711,日月光投控,14,7,7,康和-台南,2024-03-14,8458
00679B,元大美債20年,7,0,7,康和-台南,2024-03-14,8458
2301,光寶科,7,0,7,康和-台南,2024-03-14,8458
00857B,永豐20年美公債,7,0,7,康和-台南,2024-03-14,8458
3588,通嘉,7,0,7,康和-台南,2024-03-14,8458
00885,富邦越南,6,0,6,康和-台南,2024-03-14,8458
2211,長榮鋼,6,0,6,康和-台南,2024-03-14,8458
2313,華通,6,0,6,康和-台南,2024-03-14,8458
3052,夆典,233,0,233,康和-台南,2024-03-15,8458
00919,群益台灣精選高息,171,24,147,康和-台南,2024-03-15,8458
2618,長榮航,154,8,146,康和-台南,2024-03-15,8458
2371,大同,108,0,108,康和-台南,2024-03-15,8458
2886,兆豐金,91,0,91,康和-台南,2024-03-15,8458
00680L,元大美債20正2,62,0,62,康和-台南,2024-03-15,8458
1305,華夏,60,0,60,康和-台南,2024-03-15,8458
6120,達運,50,0,50,康和-台南,2024-03-15,8458
2882,國泰金,50,6,44,康和-台南,2024-03-15,8458
6015,宏遠證,41,0,41,康和-台南,2024-03-15,8458
9904,寶成,40,3,37,康和-台南,2024-03-15,8458
1314,中石化,40,4,36,康和-台南,2024-03-15,8458
4714,永捷,39,7,32,康和-台南,2024-03-15,8458
2606,裕民,30,0,30,康和-台南,2024-03-15,8458
2607,榮運,30,0,30,康和-台南,2024-03-15,8458
3694,海華,30,0,30,康和-台南,2024-03-15,8458
00751B,元大AAA至A公司債,28,0,28,康和-台南,2024-03-15,8458
2330,台積電,33,7,26,康和-台南,2024-03-15,8458
1568,倉佑,26,0,26,康和-台南,2024-03-15,8458
2303,聯電,36,10,26,康和-台南,2024-03-15,8458
3710,連展投控,25,0,25,康和-台南,2024-03-15,8458
2409,友達,29,6,23,康和-台南,2024-03-15,8458
00937B,群益ESG投等債20,22,0,22,康和-台南,2024-03-15,8458
2367,燿華,30,9,21,康和-台南,2024-03-15,8458
1802,台玻,20,0,20,康和-台南,2024-03-15,8458
6446,藥華藥,20,0,20,康和-台南,2024-03-15,8458
3481,群創,82,63,19,康和-台南,2024-03-15,8458
6108,競國,22,3,19,康和-台南,2024-03-15,8458
2344,華邦電,18,0,18,康和-台南,2024-03-15,8458
2888,新光金,20,2,18,康和-台南,2024-03-15,8458
8040,九暘,22,5,17,康和-台南,2024-03-15,8458
1809,中釉,16,0,16,康和-台南,2024-03-15,8458
00712,復華富時不動產,16,1,15,康和-台南,2024-03-15,8458
00857B,永豐20年美公債,15,0,15,康和-台南,2024-03-15,8458
2352,佳世達,15,0,15,康和-台南,2024-03-15,8458
2637,慧洋-KY,16,1,15,康和-台南,2024-03-15,8458
2025,千興,27,12,15,康和-台南,2024-03-15,8458
2031,新光鋼,14,0,14,康和-台南,2024-03-15,8458
1210,大成,13,0,13,康和-台南,2024-03-15,8458
6577,勁豐,13,0,13,康和-台南,2024-03-15,8458
3576,聯合再生,29,17,12,康和-台南,2024-03-15,8458
1806,冠軍,11,0,11,康和-台南,2024-03-15,8458
3022,威強電,11,0,11,康和-台南,2024-03-15,8458
2377,微星,10,0,10,康和-台南,2024-03-15,8458
3015,全漢,10,0,10,康和-台南,2024-03-15,8458
00687B,國泰20年美債,9,0,9,康和-台南,2024-03-15,8458
1524,耿鼎,12,3,9,康和-台南,2024-03-15,8458
2471,資通,19,10,9,康和-台南,2024-03-15,8458
2889,國票金,21,12,9,康和-台南,2024-03-15,8458
1101,台泥,20,12,8,康和-台南,2024-03-15,8458
1416,廣豐,234,0,234,康和-台南,2024-03-18,8458
2312,金寶,120,2,118,康和-台南,2024-03-18,8458
00937B,群益ESG投等債20,53,0,53,康和-台南,2024-03-18,8458
2801,彰銀,50,0,50,康和-台南,2024-03-18,8458
00919,群益台灣精選高息,55,12,43,康和-台南,2024-03-18,8458
2025,千興,55,21,34,康和-台南,2024-03-18,8458
2547,日勝生,30,0,30,康和-台南,2024-03-18,8458
2486,一詮,63,37,26,康和-台南,2024-03-18,8458
00941,中信上游半導體,47,24,23,康和-台南,2024-03-18,8458
00931B,統一美債20年,20,0,20,康和-台南,2024-03-18,8458
2002,中鋼,20,0,20,康和-台南,2024-03-18,8458
2031,新光鋼,19,0,19,康和-台南,2024-03-18,8458
5443,均豪,22,3,19,康和-台南,2024-03-18,8458
3050,鈺德,15,0,15,康和-台南,2024-03-18,8458
1504,東元,20,7,13,康和-台南,2024-03-18,8458
00933B,國泰10Y+金融債,12,0,12,康和-台南,2024-03-18,8458
1809,中釉,18,6,12,康和-台南,2024-03-18,8458
3231,緯創,25,13,12,康和-台南,2024-03-18,8458
2617,台航,12,0,12,康和-台南,2024-03-18,8458
00918,大華優利高填息30,12,1,11,康和-台南,2024-03-18,8458
00712,復華富時不動產,10,0,10,康和-台南,2024-03-18,8458
00688L,國泰20年美債正2,10,0,10,康和-台南,2024-03-18,8458
00857B,永豐20年美公債,10,0,10,康和-台南,2024-03-18,8458
1514,亞力,18,8,10,康和-台南,2024-03-18,8458
2637,慧洋-KY,10,0,10,康和-台南,2024-03-18,8458
3041,揚智,10,0,10,康和-台南,2024-03-18,8458
3062,建漢,11,1,10,康和-台南,2024-03-18,8458
1513,中興電,55,45,10,康和-台南,2024-03-18,8458
2618,長榮航,12,3,9,康和-台南,2024-03-18,8458
3016,嘉晶,30,21,9,康和-台南,2024-03-18,8458
2408,南亞科,12,3,9,康和-台南,2024-03-18,8458
2610,華航,8,0,8,康和-台南,2024-03-18,8458
1905,華紙,8,0,8,康和-台南,2024-03-18,8458
8210,勤誠,8,0,8,康和-台南,2024-03-18,8458
9934,成霖,8,0,8,康和-台南,2024-03-18,8458
2634,漢翔,10,3,7,康和-台南,2024-03-18,8458
4766,南寶,9,2,7,康和-台南,2024-03-18,8458
6015,宏遠證,7,0,7,康和-台南,2024-03-18,8458
6244,茂迪,8,1,7,康和-台南,2024-03-18,8458
2382,廣達,17,11,6,康和-台南,2024-03-18,8458
00915,凱基優選高股息30,6,0,6,康和-台南,2024-03-18,8458
2329,華泰,26,20,6,康和-台南,2024-03-18,8458
6217,中探針,6,0,6,康和-台南,2024-03-18,8458
2609,陽明,10,4,6,康和-台南,2024-03-18,8458
00679B,元大美債20年,5,0,5,康和-台南,2024-03-18,8458
5483,中美晶,6,1,5,康和-台南,2024-03-18,8458
2888,新光金,5,0,5,康和-台南,2024-03-18,8458
00687B,國泰20年美債,5,0,5,康和-台南,2024-03-18,8458
00795B,中信美國公債20年,5,0,5,康和-台南,2024-03-18,8458
1316,上曜,5,0,5,康和-台南,2024-03-18,8458
2836,高雄銀,184,0,184,康和-台南,2024-03-19,8458
00706L,期元大S＆P日圓正2,145,0,145,康和-台南,2024-03-19,8458
00680L,元大美債20正2,117,0,117,康和-台南,2024-03-19,8458
2367,燿華,82,19,63,康和-台南,2024-03-19,8458
00687B,國泰20年美債,54,0,54,康和-台南,2024-03-19,8458
00930,永豐ESG低碳高息,53,0,53,康和-台南,2024-03-19,8458
6753,龍德造船,50,1,49,康和-台南,2024-03-19,8458
2464,盟立,50,9,41,康和-台南,2024-03-19,8458
1326,台化,40,0,40,康和-台南,2024-03-19,8458
2834,臺企銀,42,5,37,康和-台南,2024-03-19,8458
6116,彩晶,41,5,36,康和-台南,2024-03-19,8458
00919,群益台灣精選高息,52,21,31,康和-台南,2024-03-19,8458
1416,廣豐,31,0,31,康和-台南,2024-03-19,8458
6514,芮特-KY,30,0,30,康和-台南,2024-03-19,8458
2405,輔信,30,2,28,康和-台南,2024-03-19,8458
2886,兆豐金,25,0,25,康和-台南,2024-03-19,8458
2002,中鋼,23,0,23,康和-台南,2024-03-19,8458
2607,榮運,20,0,20,康和-台南,2024-03-19,8458
8064,東捷,21,1,20,康和-台南,2024-03-19,8458
3005,神基,29,13,16,康和-台南,2024-03-19,8458
2885,元大金,15,0,15,康和-台南,2024-03-19,8458
00679B,元大美債20年,14,1,13,康和-台南,2024-03-19,8458
1609,大亞,14,2,12,康和-台南,2024-03-19,8458
2103,台橡,12,0,12,康和-台南,2024-03-19,8458
1316,上曜,15,4,11,康和-台南,2024-03-19,8458
00857B,永豐20年美公債,11,0,11,康和-台南,2024-03-19,8458
2486,一詮,82,71,11,康和-台南,2024-03-19,8458
3059,華晶科,13,2,11,康和-台南,2024-03-19,8458
00931B,統一美債20年,11,0,11,康和-台南,2024-03-19,8458
00671R,富邦NASDAQ反1,10,0,10,康和-台南,2024-03-19,8458
1526,日馳,10,0,10,康和-台南,2024-03-19,8458
2353,宏��,10,0,10,康和-台南,2024-03-19,8458
3090,日電貿,10,0,10,康和-台南,2024-03-19,8458
3209,全科,10,0,10,康和-台南,2024-03-19,8458
4414,如興,10,0,10,康和-台南,2024-03-19,8458
4908,前鼎,12,2,10,康和-台南,2024-03-19,8458
5381,合正,10,0,10,康和-台南,2024-03-19,8458
2382,廣達,15,6,9,康和-台南,2024-03-19,8458
00922,國泰台灣領袖50,9,0,9,康和-台南,2024-03-19,8458
2025,千興,8,0,8,康和-台南,2024-03-19,8458
2467,志聖,9,1,8,康和-台南,2024-03-19,8458
2888,新光金,8,0,8,康和-台南,2024-03-19,8458
3512,皇龍,9,1,8,康和-台南,2024-03-19,8458
5243,乙盛-KY,9,1,8,康和-台南,2024-03-19,8458
6274,台燿,19,12,7,康和-台南,2024-03-19,8458
4953,緯軟,10,3,7,康和-台南,2024-03-19,8458
1504,東元,12,5,7,康和-台南,2024-03-19,8458
6244,茂迪,7,0,7,康和-台南,2024-03-19,8458
6546,正基,7,0,7,康和-台南,2024-03-19,8458
6125,廣運,7,1,6,康和-台南,2024-03-19,8458
00939,統一台灣高息動能,641,246,395,康和-台南,2024-03-20,8458
00687B,國泰20年美債,208,3,205,康和-台南,2024-03-20,8458
2618,長榮航,127,8,119,康和-台南,2024-03-20,8458
2344,華邦電,104,7,97,康和-台南,2024-03-20,8458
00919,群益台灣精選高息,116,28,88,康和-台南,2024-03-20,8458
4938,和碩,81,6,75,康和-台南,2024-03-20,8458
6770,力積電,122,60,62,康和-台南,2024-03-20,8458
00665L,富邦�琤肭磪囓�2,45,0,45,康和-台南,2024-03-20,8458
1568,倉佑,32,0,32,康和-台南,2024-03-20,8458
2851,中再保,25,0,25,康和-台南,2024-03-20,8458
2892,第一金,23,0,23,康和-台南,2024-03-20,8458
2354,鴻準,47,24,23,康和-台南,2024-03-20,8458
2543,皇昌,22,0,22,康和-台南,2024-03-20,8458
5488,松普,20,0,20,康和-台南,2024-03-20,8458
1504,東元,29,11,18,康和-台南,2024-03-20,8458
2356,英業達,78,60,18,康和-台南,2024-03-20,8458
2025,千興,15,0,15,康和-台南,2024-03-20,8458
3455,由田,19,4,15,康和-台南,2024-03-20,8458
2834,臺企銀,14,0,14,康和-台南,2024-03-20,8458
1513,中興電,27,13,14,康和-台南,2024-03-20,8458
2880,華南金,14,0,14,康和-台南,2024-03-20,8458
2888,新光金,14,0,14,康和-台南,2024-03-20,8458
2889,國票金,14,0,14,康和-台南,2024-03-20,8458
5498,凱崴,14,0,14,康和-台南,2024-03-20,8458
1815,富喬,13,0,13,康和-台南,2024-03-20,8458
00930,永豐ESG低碳高息,12,0,12,康和-台南,2024-03-20,8458
00679B,元大美債20年,18,6,12,康和-台南,2024-03-20,8458
4908,前鼎,12,0,12,康和-台南,2024-03-20,8458
2101,南港,11,0,11,康和-台南,2024-03-20,8458
00712,復華富時不動產,10,0,10,康和-台南,2024-03-20,8458
2374,佳能,21,11,10,康和-台南,2024-03-20,8458
2606,裕民,61,51,10,康和-台南,2024-03-20,8458
3006,晶豪科,11,1,10,康和-台南,2024-03-20,8458
3015,全漢,10,0,10,康和-台南,2024-03-20,8458
4510,高鋒,10,0,10,康和-台南,2024-03-20,8458
8081,致新,10,0,10,康和-台南,2024-03-20,8458
2881,富邦金,20,10,10,康和-台南,2024-03-20,8458
2885,元大金,11,2,9,康和-台南,2024-03-20,8458
6581,鋼聯,9,0,9,康和-台南,2024-03-20,8458
2634,漢翔,8,0,8,康和-台南,2024-03-20,8458
2449,京元電子,8,1,7,康和-台南,2024-03-20,8458
3041,揚智,8,1,7,康和-台南,2024-03-20,8458
3325,旭品,7,0,7,康和-台南,2024-03-20,8458
6414,樺漢,11,4,7,康和-台南,2024-03-20,8458
2382,廣達,22,15,7,康和-台南,2024-03-20,8458
00937B,群益ESG投等債20,6,0,6,康和-台南,2024-03-20,8458
1609,大亞,7,1,6,康和-台南,2024-03-20,8458
2886,兆豐金,6,0,6,康和-台南,2024-03-20,8458
8150,南茂,8,2,6,康和-台南,2024-03-20,8458
6239,力成,6,0,6,康和-台南,2024-03-20,8458
2834,臺企銀,311,0,311,康和-台南,2024-03-21,8458
00939,統一台灣高息動能,279,8,271,康和-台南,2024-03-21,8458
1101,台泥,151,2,149,康和-台南,2024-03-21,8458
2889,國票金,101,0,101,康和-台南,2024-03-21,8458
00919,群益台灣精選高息,83,19,64,康和-台南,2024-03-21,8458
2606,裕民,62,0,62,康和-台南,2024-03-21,8458
1416,廣豐,133,80,53,康和-台南,2024-03-21,8458
2892,第一金,58,5,53,康和-台南,2024-03-21,8458
00680L,元大美債20正2,52,0,52,康和-台南,2024-03-21,8458
00632R,元大台灣50反1,30,0,30,康和-台南,2024-03-21,8458
1711,永光,20,0,20,康和-台南,2024-03-21,8458
3372,典範,21,1,20,康和-台南,2024-03-21,8458
6271,同欣電,20,0,20,康和-台南,2024-03-21,8458
5469,瀚宇博,25,5,20,康和-台南,2024-03-21,8458
2618,長榮航,20,1,19,康和-台南,2024-03-21,8458
3322,建舜電,19,1,18,康和-台南,2024-03-21,8458
6274,台燿,20,3,17,康和-台南,2024-03-21,8458
2329,華泰,24,8,16,康和-台南,2024-03-21,8458
6244,茂迪,16,0,16,康和-台南,2024-03-21,8458
00631L,元大台灣50正2,15,0,15,康和-台南,2024-03-21,8458
6216,居易,15,0,15,康和-台南,2024-03-21,8458
3015,全漢,13,0,13,康和-台南,2024-03-21,8458
5443,均豪,25,12,13,康和-台南,2024-03-21,8458
3694,海華,11,0,11,康和-台南,2024-03-21,8458
00881,國泰台灣5G+,30,19,11,康和-台南,2024-03-21,8458
00929,復華台灣科技優息,28,18,10,康和-台南,2024-03-21,8458
1568,倉佑,10,0,10,康和-台南,2024-03-21,8458
1570,力肯,11,1,10,康和-台南,2024-03-21,8458
2347,聯強,10,0,10,康和-台南,2024-03-21,8458
2607,榮運,10,0,10,康和-台南,2024-03-21,8458
00687B,國泰20年美債,9,0,9,康和-台南,2024-03-21,8458
2486,一詮,30,22,8,康和-台南,2024-03-21,8458
3005,神基,20,12,8,康和-台南,2024-03-21,8458
2851,中再保,8,0,8,康和-台南,2024-03-21,8458
1303,南亞,9,1,8,康和-台南,2024-03-21,8458
6117,迎廣,7,0,7,康和-台南,2024-03-21,8458
8271,宇瞻,10,3,7,康和-台南,2024-03-21,8458
00679B,元大美債20年,6,0,6,康和-台南,2024-03-21,8458
2353,宏��,7,1,6,康和-台南,2024-03-21,8458
3711,日月光投控,9,3,6,康和-台南,2024-03-21,8458
2401,凌陽,6,0,6,康和-台南,2024-03-21,8458
2439,美律,6,0,6,康和-台南,2024-03-21,8458
3498,陽程,7,1,6,康和-台南,2024-03-21,8458
6128,上福,6,0,6,康和-台南,2024-03-21,8458
6190,萬泰科,7,1,6,康和-台南,2024-03-21,8458
00885,富邦越南,5,0,5,康和-台南,2024-03-21,8458
2208,台船,5,0,5,康和-台南,2024-03-21,8458
2362,藍天,5,0,5,康和-台南,2024-03-21,8458
3035,智原,5,0,5,康和-台南,2024-03-21,8458
3049,精金,5,0,5,康和-台南,2024-03-21,8458
2834,臺企銀,401,0,401,康和-台南,2024-03-22,8458
00939,統一台灣高息動能,110,17,93,康和-台南,2024-03-22,8458
2486,一詮,91,8,83,康和-台南,2024-03-22,8458
2312,金寶,51,0,51,康和-台南,2024-03-22,8458
3706,神達,64,27,37,康和-台南,2024-03-22,8458
00665L,富邦�琤肭磪囓�2,35,0,35,康和-台南,2024-03-22,8458
1504,東元,37,3,34,康和-台南,2024-03-22,8458
2883,凱基金,32,0,32,康和-台南,2024-03-22,8458
2405,輔信,31,0,31,康和-台南,2024-03-22,8458
00679B,元大美債20年,28,0,28,康和-台南,2024-03-22,8458
1416,廣豐,27,0,27,康和-台南,2024-03-22,8458
6443,元晶,25,4,21,康和-台南,2024-03-22,8458
5483,中美晶,31,11,20,康和-台南,2024-03-22,8458
3481,群創,27,7,20,康和-台南,2024-03-22,8458
2027,大成鋼,21,2,19,康和-台南,2024-03-22,8458
8112,至上,28,9,19,康和-台南,2024-03-22,8458
3058,立德,20,2,18,康和-台南,2024-03-22,8458
3576,聯合再生,22,4,18,康和-台南,2024-03-22,8458
2881,富邦金,20,2,18,康和-台南,2024-03-22,8458
2303,聯電,25,8,17,康和-台南,2024-03-22,8458
00929,復華台灣科技優息,35,18,17,康和-台南,2024-03-22,8458
2453,凌群,29,16,13,康和-台南,2024-03-22,8458
3322,建舜電,13,0,13,康和-台南,2024-03-22,8458
2888,新光金,12,0,12,康和-台南,2024-03-22,8458
2002,中鋼,12,0,12,康和-台南,2024-03-22,8458
00919,群益台灣精選高息,35,24,11,康和-台南,2024-03-22,8458
2006,東和鋼鐵,11,0,11,康和-台南,2024-03-22,8458
1101,台泥,11,0,11,康和-台南,2024-03-22,8458
1102,亞泥,10,0,10,康和-台南,2024-03-22,8458
1568,倉佑,10,0,10,康和-台南,2024-03-22,8458
2409,友達,19,9,10,康和-台南,2024-03-22,8458
3703,欣陸,10,0,10,康和-台南,2024-03-22,8458
4934,太極,10,0,10,康和-台南,2024-03-22,8458
6257,矽格,10,0,10,康和-台南,2024-03-22,8458
6770,力積電,12,2,10,康和-台南,2024-03-22,8458
0056,元大高股息,11,2,9,康和-台南,2024-03-22,8458
6191,精成科,9,0,9,康和-台南,2024-03-22,8458
3306,鼎天,8,0,8,康和-台南,2024-03-22,8458
3707,漢磊,8,0,8,康和-台南,2024-03-22,8458
2376,技嘉,10,2,8,康和-台南,2024-03-22,8458
2371,大同,8,1,7,康和-台南,2024-03-22,8458
3015,全漢,7,0,7,康和-台南,2024-03-22,8458
6176,瑞儀,7,0,7,康和-台南,2024-03-22,8458
2353,宏��,137,130,7,康和-台南,2024-03-22,8458
2328,廣宇,6,0,6,康和-台南,2024-03-22,8458
3041,揚智,6,0,6,康和-台南,2024-03-22,8458
3338,泰碩,6,0,6,康和-台南,2024-03-22,8458
3712,永崴投控,6,0,6,康和-台南,2024-03-22,8458
2208,台船,10,5,5,康和-台南,2024-03-22,8458
2313,華通,6,1,5,康和-台南,2024-03-22,8458
00679B,元大美債20年,566,0,566,康和-台南,2024-03-25,8458
00939,統一台灣高息動能,103,7,96,康和-台南,2024-03-25,8458
00680L,元大美債20正2,151,66,85,康和-台南,2024-03-25,8458
6770,力積電,72,9,63,康和-台南,2024-03-25,8458
2888,新光金,59,0,59,康和-台南,2024-03-25,8458
1416,廣豐,58,0,58,康和-台南,2024-03-25,8458
3059,華晶科,69,17,52,康和-台南,2024-03-25,8458
2881,富邦金,47,1,46,康和-台南,2024-03-25,8458
6443,元晶,41,2,39,康和-台南,2024-03-25,8458
3015,全漢,31,0,31,康和-台南,2024-03-25,8458
3376,新日興,26,0,26,康和-台南,2024-03-25,8458
2882,國泰金,25,0,25,康和-台南,2024-03-25,8458
00941,中信上游半導體,69,45,24,康和-台南,2024-03-25,8458
3062,建漢,33,9,24,康和-台南,2024-03-25,8458
1409,新纖,22,0,22,康和-台南,2024-03-25,8458
1714,和桐,24,4,20,康和-台南,2024-03-25,8458
2511,太子,20,0,20,康和-台南,2024-03-25,8458
3058,立德,20,0,20,康和-台南,2024-03-25,8458
00937B,群益ESG投等債20,23,7,16,康和-台南,2024-03-25,8458
2464,盟立,39,23,16,康和-台南,2024-03-25,8458
6933,AMAX-KY,14,1,13,康和-台南,2024-03-25,8458
00687B,國泰20年美債,12,0,12,康和-台南,2024-03-25,8458
1314,中石化,12,0,12,康和-台南,2024-03-25,8458
2010,春源,12,0,12,康和-台南,2024-03-25,8458
2889,國票金,12,0,12,康和-台南,2024-03-25,8458
1529,樂事綠能,11,0,11,康和-台南,2024-03-25,8458
6243,迅杰,11,0,11,康和-台南,2024-03-25,8458
2331,精英,16,6,10,康和-台南,2024-03-25,8458
2404,漢唐,10,0,10,康和-台南,2024-03-25,8458
2849,安泰銀,10,0,10,康和-台南,2024-03-25,8458
4760,勤凱,10,0,10,康和-台南,2024-03-25,8458
3704,合勤控,10,0,10,康和-台南,2024-03-25,8458
00891,中信關鍵半導體,9,0,9,康和-台南,2024-03-25,8458
3044,健鼎,9,0,9,康和-台南,2024-03-25,8458
1319,東陽,12,3,9,康和-台南,2024-03-25,8458
1504,東元,11,2,9,康和-台南,2024-03-25,8458
5443,均豪,15,6,9,康和-台南,2024-03-25,8458
2301,光寶科,13,5,8,康和-台南,2024-03-25,8458
5309,系統電,8,0,8,康和-台南,2024-03-25,8458
2368,金像電,12,5,7,康和-台南,2024-03-25,8458
1597,直得,8,1,7,康和-台南,2024-03-25,8458
2383,台光電,8,1,7,康和-台南,2024-03-25,8458
6284,佳邦,11,4,7,康和-台南,2024-03-25,8458
2359,所羅門,7,0,7,康和-台南,2024-03-25,8458
3706,神達,13,6,7,康和-台南,2024-03-25,8458
6269,台郡,7,0,7,康和-台南,2024-03-25,8458
00918,大華優利高填息30,6,0,6,康和-台南,2024-03-25,8458
3005,神基,6,0,6,康和-台南,2024-03-25,8458
1587,吉茂,6,0,6,康和-台南,2024-03-25,8458
2025,千興,8,2,6,康和-台南,2024-03-25,8458
2618,長榮航,130,10,120,康和-台南,2024-03-26,8458
2606,裕民,63,0,63,康和-台南,2024-03-26,8458
2832,台產,60,0,60,康和-台南,2024-03-26,8458
00680L,元大美債20正2,55,0,55,康和-台南,2024-03-26,8458
2486,一詮,61,6,55,康和-台南,2024-03-26,8458
2356,英業達,63,9,54,康和-台南,2024-03-26,8458
1568,倉佑,52,0,52,康和-台南,2024-03-26,8458
3231,緯創,66,14,52,康和-台南,2024-03-26,8458
3037,欣興,50,1,49,康和-台南,2024-03-26,8458
2888,新光金,50,7,43,康和-台南,2024-03-26,8458
00939,統一台灣高息動能,71,32,39,康和-台南,2024-03-26,8458
1504,東元,45,8,37,康和-台南,2024-03-26,8458
00706L,期元大S＆P日圓正2,35,0,35,康和-台南,2024-03-26,8458
2801,彰銀,35,0,35,康和-台南,2024-03-26,8458
1513,中興電,46,13,33,康和-台南,2024-03-26,8458
5381,合正,31,0,31,康和-台南,2024-03-26,8458
1618,合機,43,16,27,康和-台南,2024-03-26,8458
6163,華電網,30,4,26,康和-台南,2024-03-26,8458
6216,居易,31,5,26,康和-台南,2024-03-26,8458
1612,宏泰,38,13,25,康和-台南,2024-03-26,8458
4979,華星光,30,6,24,康和-台南,2024-03-26,8458
00941,中信上游半導體,101,79,22,康和-台南,2024-03-26,8458
1711,永光,20,0,20,康和-台南,2024-03-26,8458
2515,中工,20,0,20,康和-台南,2024-03-26,8458
2897,王道銀行,20,0,20,康和-台南,2024-03-26,8458
3706,神達,22,2,20,康和-台南,2024-03-26,8458
6257,矽格,20,0,20,康和-台南,2024-03-26,8458
1316,上曜,19,0,19,康和-台南,2024-03-26,8458
5483,中美晶,15,0,15,康和-台南,2024-03-26,8458
2834,臺企銀,15,0,15,康和-台南,2024-03-26,8458
2313,華通,14,1,13,康和-台南,2024-03-26,8458
00933B,國泰10Y+金融債,13,0,13,康和-台南,2024-03-26,8458
3044,健鼎,15,2,13,康和-台南,2024-03-26,8458
6215,和椿,13,0,13,康和-台南,2024-03-26,8458
00929,復華台灣科技優息,46,34,12,康和-台南,2024-03-26,8458
00687B,國泰20年美債,11,0,11,康和-台南,2024-03-26,8458
2388,威盛,13,2,11,康和-台南,2024-03-26,8458
2637,慧洋-KY,11,0,11,康和-台南,2024-03-26,8458
2367,燿華,31,20,11,康和-台南,2024-03-26,8458
3035,智原,10,0,10,康和-台南,2024-03-26,8458
2301,光寶科,14,4,10,康和-台南,2024-03-26,8458
00937B,群益ESG投等債20,10,0,10,康和-台南,2024-03-26,8458
1714,和桐,10,0,10,康和-台南,2024-03-26,8458
2609,陽明,10,0,10,康和-台南,2024-03-26,8458
2849,安泰銀,10,0,10,康和-台南,2024-03-26,8458
3027,盛達,10,0,10,康和-台南,2024-03-26,8458
4564,元翎,10,0,10,康和-台南,2024-03-26,8458
6121,新普,10,0,10,康和-台南,2024-03-26,8458
6274,台燿,12,2,10,康和-台南,2024-03-26,8458
1785,光洋科,9,0,9,康和-台南,2024-03-26,8458
2851,中再保,123,0,123,康和-台南,2024-03-27,8458
2409,友達,119,16,103,康和-台南,2024-03-27,8458
00939,統一台灣高息動能,76,33,43,康和-台南,2024-03-27,8458
2515,中工,54,18,36,康和-台南,2024-03-27,8458
2104,國際中橡,35,0,35,康和-台南,2024-03-27,8458
00665L,富邦�琤肭磪囓�2,30,0,30,康和-台南,2024-03-27,8458
2002,中鋼,30,6,24,康和-台南,2024-03-27,8458
1101,台泥,22,1,21,康和-台南,2024-03-27,8458
2303,聯電,20,2,18,康和-台南,2024-03-27,8458
6189,豐藝,18,0,18,康和-台南,2024-03-27,8458
1504,東元,19,2,17,康和-台南,2024-03-27,8458
2464,盟立,46,29,17,康和-台南,2024-03-27,8458
2486,一詮,22,5,17,康和-台南,2024-03-27,8458
00688L,國泰20年美債正2,26,10,16,康和-台南,2024-03-27,8458
2367,燿華,28,12,16,康和-台南,2024-03-27,8458
2371,大同,32,16,16,康和-台南,2024-03-27,8458
2356,英業達,45,30,15,康和-台南,2024-03-27,8458
4540,全球傳動,21,6,15,康和-台南,2024-03-27,8458
6274,台燿,16,1,15,康和-台南,2024-03-27,8458
00919,群益台灣精選高息,17,2,15,康和-台南,2024-03-27,8458
00941,中信上游半導體,37,23,14,康和-台南,2024-03-27,8458
2801,彰銀,12,0,12,康和-台南,2024-03-27,8458
00720B,元大投資級公司債,11,0,11,康和-台南,2024-03-27,8458
6188,廣明,11,1,10,康和-台南,2024-03-27,8458
1310,台苯,10,0,10,康和-台南,2024-03-27,8458
1409,新纖,10,0,10,康和-台南,2024-03-27,8458
2337,旺宏,10,0,10,康和-台南,2024-03-27,8458
3011,今皓,10,0,10,康和-台南,2024-03-27,8458
2301,光寶科,11,2,9,康和-台南,2024-03-27,8458
8271,宇瞻,10,1,9,康和-台南,2024-03-27,8458
3481,群創,10,1,9,康和-台南,2024-03-27,8458
2408,南亞科,8,0,8,康和-台南,2024-03-27,8458
4114,健喬,9,1,8,康和-台南,2024-03-27,8458
1603,華電,23,15,8,康和-台南,2024-03-27,8458
1611,中電,8,0,8,康和-台南,2024-03-27,8458
1732,毛寶,8,0,8,康和-台南,2024-03-27,8458
6244,茂迪,8,0,8,康和-台南,2024-03-27,8458
6806,森崴能源,11,3,8,康和-台南,2024-03-27,8458
7402,邑錡,8,0,8,康和-台南,2024-03-27,8458
2609,陽明,7,0,7,康和-台南,2024-03-27,8458
2834,臺企銀,7,0,7,康和-台南,2024-03-27,8458
6517,保勝光學,7,0,7,康和-台南,2024-03-27,8458
2359,所羅門,9,2,7,康和-台南,2024-03-27,8458
1568,倉佑,6,0,6,康和-台南,2024-03-27,8458
3540,曜越,6,0,6,康和-台南,2024-03-27,8458
3711,日月光投控,6,0,6,康和-台南,2024-03-27,8458
6603,富強鑫,6,0,6,康和-台南,2024-03-27,8458
6668,中揚光,6,0,6,康和-台南,2024-03-27,8458
00918,大華優利高填息30,5,0,5,康和-台南,2024-03-27,8458
00937B,群益ESG投等債20,5,0,5,康和-台南,2024-03-27,8458
2851,中再保,442,123,319,康和-台南,2024-03-28,8458
2883,凱基金,122,7,115,康和-台南,2024-03-28,8458
2409,友達,110,5,105,康和-台南,2024-03-28,8458
5243,乙盛-KY,114,9,105,康和-台南,2024-03-28,8458
1713,國化,86,0,86,康和-台南,2024-03-28,8458
1326,台化,42,0,42,康和-台南,2024-03-28,8458
2881,富邦金,41,0,41,康和-台南,2024-03-28,8458
2547,日勝生,60,30,30,康和-台南,2024-03-28,8458
00937B,群益ESG投等債20,43,14,29,康和-台南,2024-03-28,8458
4303,信立,34,6,28,康和-台南,2024-03-28,8458
3576,聯合再生,27,0,27,康和-台南,2024-03-28,8458
2301,光寶科,29,3,26,康和-台南,2024-03-28,8458
2317,鴻海,69,46,23,康和-台南,2024-03-28,8458
2354,鴻準,78,56,22,康和-台南,2024-03-28,8458
00941,中信上游半導體,67,45,22,康和-台南,2024-03-28,8458
2359,所羅門,26,6,20,康和-台南,2024-03-28,8458
00939,統一台灣高息動能,42,23,19,康和-台南,2024-03-28,8458
3062,建漢,25,7,18,康和-台南,2024-03-28,8458
1314,中石化,20,3,17,康和-台南,2024-03-28,8458
4510,高鋒,20,3,17,康和-台南,2024-03-28,8458
2634,漢翔,28,12,16,康和-台南,2024-03-28,8458
2330,台積電,17,1,16,康和-台南,2024-03-28,8458
2104,國際中橡,15,0,15,康和-台南,2024-03-28,8458
2886,兆豐金,15,0,15,康和-台南,2024-03-28,8458
6506,雙邦,15,0,15,康和-台南,2024-03-28,8458
1723,中碳,12,0,12,康和-台南,2024-03-28,8458
3706,神達,19,8,11,康和-台南,2024-03-28,8458
3005,神基,11,0,11,康和-台南,2024-03-28,8458
6901,鑽石投資,11,0,11,康和-台南,2024-03-28,8458
5483,中美晶,12,2,10,康和-台南,2024-03-28,8458
2888,新光金,10,0,10,康和-台南,2024-03-28,8458
4906,正文,10,0,10,康和-台南,2024-03-28,8458
6443,元晶,11,2,9,康和-台南,2024-03-28,8458
1325,恆大,8,0,8,康和-台南,2024-03-28,8458
2356,英業達,39,31,8,康和-台南,2024-03-28,8458
8147,正淩,8,0,8,康和-台南,2024-03-28,8458
1513,中興電,13,6,7,康和-台南,2024-03-28,8458
8291,尚茂,7,0,7,康和-台南,2024-03-28,8458
2303,聯電,13,6,7,康和-台南,2024-03-28,8458
1570,力肯,6,0,6,康和-台南,2024-03-28,8458
3268,海德威,6,0,6,康和-台南,2024-03-28,8458
4714,永捷,13,7,6,康和-台南,2024-03-28,8458
2890,永豐金,5,0,5,康和-台南,2024-03-28,8458
1522,堤維西,19,14,5,康和-台南,2024-03-28,8458
2002,中鋼,5,0,5,康和-台南,2024-03-28,8458
2488,漢平,5,0,5,康和-台南,2024-03-28,8458
3011,今皓,5,0,5,康和-台南,2024-03-28,8458
3015,全漢,5,0,5,康和-台南,2024-03-28,8458
3188,鑫龍騰,5,0,5,康和-台南,2024-03-28,8458
3701,大眾控,5,0,5,康和-台南,2024-03-28,8458
00939,統一台灣高息動能,170,4,166,康和-台南,2024-03-29,8458
1570,力肯,140,0,140,康和-台南,2024-03-29,8458
1513,中興電,112,5,107,康和-台南,2024-03-29,8458
8033,雷虎,75,1,74,康和-台南,2024-03-29,8458
1568,倉佑,62,0,62,康和-台南,2024-03-29,8458
3710,連展投控,64,5,59,康和-台南,2024-03-29,8458
6770,力積電,75,17,58,康和-台南,2024-03-29,8458
3413,京鼎,37,0,37,康和-台南,2024-03-29,8458
1101,台泥,34,0,34,康和-台南,2024-03-29,8458
2606,裕民,63,30,33,康和-台南,2024-03-29,8458
1503,士電,34,1,33,康和-台南,2024-03-29,8458
3058,立德,30,0,30,康和-台南,2024-03-29,8458
1713,國化,28,0,28,康和-台南,2024-03-29,8458
2367,燿華,41,15,26,康和-台南,2024-03-29,8458
3013,晟銘電,44,20,24,康和-台南,2024-03-29,8458
6139,亞翔,26,5,21,康和-台南,2024-03-29,8458
4533,協易機,21,0,21,康和-台南,2024-03-29,8458
6933,AMAX-KY,20,0,20,康和-台南,2024-03-29,8458
2371,大同,31,13,18,康和-台南,2024-03-29,8458
00941,中信上游半導體,96,80,16,康和-台南,2024-03-29,8458
2324,仁寶,21,5,16,康和-台南,2024-03-29,8458
1815,富喬,28,14,14,康和-台南,2024-03-29,8458
2328,廣宇,14,1,13,康和-台南,2024-03-29,8458
2609,陽明,15,2,13,康和-台南,2024-03-29,8458
2301,光寶科,79,67,12,康和-台南,2024-03-29,8458
5309,系統電,12,0,12,康和-台南,2024-03-29,8458
2889,國票金,12,0,12,康和-台南,2024-03-29,8458
6244,茂迪,13,2,11,康和-台南,2024-03-29,8458
2009,第一銅,10,0,10,康和-台南,2024-03-29,8458
2892,第一金,10,0,10,康和-台南,2024-03-29,8458
3002,歐格,10,0,10,康和-台南,2024-03-29,8458
4906,正文,11,1,10,康和-台南,2024-03-29,8458
6164,華興,10,0,10,康和-台南,2024-03-29,8458
6274,台燿,27,17,10,康和-台南,2024-03-29,8458
1303,南亞,8,0,8,康和-台南,2024-03-29,8458
00930,永豐ESG低碳高息,8,0,8,康和-台南,2024-03-29,8458
2355,敬鵬,8,0,8,康和-台南,2024-03-29,8458
2527,宏璟,9,1,8,康和-台南,2024-03-29,8458
4768,晶呈科技,8,1,7,康和-台南,2024-03-29,8458
2313,華通,12,6,6,康和-台南,2024-03-29,8458
2465,麗臺,6,0,6,康和-台南,2024-03-29,8458
3011,今皓,6,0,6,康和-台南,2024-03-29,8458
6531,愛普*,6,0,6,康和-台南,2024-03-29,8458
2376,技嘉,11,5,6,康和-台南,2024-03-29,8458
8390,金益鼎,7,1,6,康和-台南,2024-03-29,8458
00929,復華台灣科技優息,5,0,5,康和-台南,2024-03-29,8458
2615,萬海,6,1,5,康和-台南,2024-03-29,8458
3022,威強電,8,3,5,康和-台南,2024-03-29,8458
3338,泰碩,6,1,5,康和-台南,2024-03-29,8458
3605,宏致,5,0,5,康和-台南,2024-03-29,8458
00940,元大台灣價值高息,302,5,297,康和-台南,2024-04-01,8458
00632R,元大台灣50反1,100,0,100,康和-台南,2024-04-01,8458
00939,統一台灣高息動能,62,5,57,康和-台南,2024-04-01,8458
2104,國際中橡,50,0,50,康和-台南,2024-04-01,8458
2883,凱基金,49,0,49,康和-台南,2024-04-01,8458
1713,國化,47,0,47,康和-台南,2024-04-01,8458
2884,玉山金,50,10,40,康和-台南,2024-04-01,8458
2889,國票金,40,0,40,康和-台南,2024-04-01,8458
2369,菱生,40,4,36,康和-台南,2024-04-01,8458
1504,東元,40,12,28,康和-台南,2024-04-01,8458
4533,協易機,27,1,26,康和-台南,2024-04-01,8458
1513,中興電,26,5,21,康和-台南,2024-04-01,8458
3013,晟銘電,20,3,17,康和-台南,2024-04-01,8458
1316,上曜,20,4,16,康和-台南,2024-04-01,8458
00929,復華台灣科技優息,14,0,14,康和-台南,2024-04-01,8458
5902,德記,14,0,14,康和-台南,2024-04-01,8458
2421,建準,15,3,12,康和-台南,2024-04-01,8458
3715,定穎投控,19,7,12,康和-台南,2024-04-01,8458
00687B,國泰20年美債,10,0,10,康和-台南,2024-04-01,8458
00891,中信關鍵半導體,10,0,10,康和-台南,2024-04-01,8458
2020,美亞,20,10,10,康和-台南,2024-04-01,8458
2105,正新,10,0,10,康和-台南,2024-04-01,8458
2354,鴻準,23,13,10,康和-台南,2024-04-01,8458
3014,聯陽,10,0,10,康和-台南,2024-04-01,8458
3481,群創,17,7,10,康和-台南,2024-04-01,8458
8926,台汽電,10,0,10,康和-台南,2024-04-01,8458
9940,信義,10,0,10,康和-台南,2024-04-01,8458
00941,中信上游半導體,9,0,9,康和-台南,2024-04-01,8458
3178,公準,11,2,9,康和-台南,2024-04-01,8458
6188,廣明,13,4,9,康和-台南,2024-04-01,8458
8277,商丞,9,0,9,康和-台南,2024-04-01,8458
2303,聯電,8,0,8,康和-台南,2024-04-01,8458
2603,長榮,8,0,8,康和-台南,2024-04-01,8458
3231,緯創,32,24,8,康和-台南,2024-04-01,8458
1524,耿鼎,10,2,8,康和-台南,2024-04-01,8458
3032,偉訓,11,3,8,康和-台南,2024-04-01,8458
3711,日月光投控,7,0,7,康和-台南,2024-04-01,8458
2881,富邦金,7,0,7,康和-台南,2024-04-01,8458
1609,大亞,7,0,7,康和-台南,2024-04-01,8458
2317,鴻海,22,16,6,康和-台南,2024-04-01,8458
2801,彰銀,6,0,6,康和-台南,2024-04-01,8458
3710,連展投控,11,5,6,康和-台南,2024-04-01,8458
2330,台積電,6,1,5,康和-台南,2024-04-01,8458
2316,楠梓電,10,5,5,康和-台南,2024-04-01,8458
2476,鉅祥,5,0,5,康和-台南,2024-04-01,8458
2548,華固,5,0,5,康和-台南,2024-04-01,8458
3313,斐成,5,0,5,康和-台南,2024-04-01,8458
8112,至上,5,0,5,康和-台南,2024-04-01,8458
2301,光寶科,13,9,4,康和-台南,2024-04-01,8458
00885,富邦越南,4,0,4,康和-台南,2024-04-01,8458
00680L,元大美債20正2,462,0,462,康和-台南,2024-04-02,8458
1570,力肯,274,0,274,康和-台南,2024-04-02,8458
00637L,元大滬深300正2,200,5,195,康和-台南,2024-04-02,8458
2618,長榮航,186,0,186,康和-台南,2024-04-02,8458
00940,元大台灣價值高息,143,0,143,康和-台南,2024-04-02,8458
00632R,元大台灣50反1,70,0,70,康和-台南,2024-04-02,8458
2888,新光金,50,0,50,康和-台南,2024-04-02,8458
00687B,國泰20年美債,40,0,40,康和-台南,2024-04-02,8458
00941,中信上游半導體,42,5,37,康和-台南,2024-04-02,8458
2371,大同,81,44,37,康和-台南,2024-04-02,8458
2606,裕民,36,0,36,康和-台南,2024-04-02,8458
00720B,元大投資級公司債,33,0,33,康和-台南,2024-04-02,8458
00929,復華台灣科技優息,34,1,33,康和-台南,2024-04-02,8458
1714,和桐,31,0,31,康和-台南,2024-04-02,8458
2369,菱生,30,0,30,康和-台南,2024-04-02,8458
00679B,元大美債20年,28,0,28,康和-台南,2024-04-02,8458
2834,臺企銀,25,0,25,康和-台南,2024-04-02,8458
1416,廣豐,24,0,24,康和-台南,2024-04-02,8458
6188,廣明,39,15,24,康和-台南,2024-04-02,8458
00857B,永豐20年美公債,22,0,22,康和-台南,2024-04-02,8458
2025,千興,20,0,20,康和-台南,2024-04-02,8458
3058,立德,20,0,20,康和-台南,2024-04-02,8458
3090,日電貿,20,0,20,康和-台南,2024-04-02,8458
2331,精英,20,1,19,康和-台南,2024-04-02,8458
1608,華榮,21,3,18,康和-台南,2024-04-02,8458
00933B,國泰10Y+金融債,17,0,17,康和-台南,2024-04-02,8458
00939,統一台灣高息動能,17,0,17,康和-台南,2024-04-02,8458
6120,達運,18,2,16,康和-台南,2024-04-02,8458
00937B,群益ESG投等債20,15,0,15,康和-台南,2024-04-02,8458
2501,國建,15,0,15,康和-台南,2024-04-02,8458
3372,典範,15,0,15,康和-台南,2024-04-02,8458
3305,昇貿,12,0,12,康和-台南,2024-04-02,8458
3540,曜越,12,0,12,康和-台南,2024-04-02,8458
2324,仁寶,10,0,10,康和-台南,2024-04-02,8458
2345,智邦,10,0,10,康和-台南,2024-04-02,8458
2387,精元,10,0,10,康和-台南,2024-04-02,8458
2897,王道銀行,10,0,10,康和-台南,2024-04-02,8458
3694,海華,10,0,10,康和-台南,2024-04-02,8458
4967,十銓,14,4,10,康和-台南,2024-04-02,8458
5371,中光電,16,6,10,康和-台南,2024-04-02,8458
6197,佳必琪,14,4,10,康和-台南,2024-04-02,8458
2891,中信金,10,0,10,康和-台南,2024-04-02,8458
00927,群益半導體收益,10,1,9,康和-台南,2024-04-02,8458
00712,復華富時不動產,10,1,9,康和-台南,2024-04-02,8458
2467,志聖,9,0,9,康和-台南,2024-04-02,8458
2637,慧洋-KY,9,0,9,康和-台南,2024-04-02,8458
00751B,元大AAA至A公司債,8,0,8,康和-台南,2024-04-02,8458
2408,南亞科,12,4,8,康和-台南,2024-04-02,8458
2492,華新科,10,2,8,康和-台南,2024-04-02,8458
4906,正文,8,0,8,康和-台南,2024-04-02,8458
00940,元大台灣價值高息,216,30,186,康和-台南,2024-04-03,8458
2618,長榮航,186,6,180,康和-台南,2024-04-03,8458
1301,台塑,103,0,103,康和-台南,2024-04-03,8458
00929,復華台灣科技優息,92,13,79,康和-台南,2024-04-03,8458
2881,富邦金,64,0,64,康和-台南,2024-04-03,8458
2515,中工,92,36,56,康和-台南,2024-04-03,8458
4533,協易機,50,0,50,康和-台南,2024-04-03,8458
1314,中石化,44,0,44,康和-台南,2024-04-03,8458
3481,群創,48,10,38,康和-台南,2024-04-03,8458
2547,日勝生,34,0,34,康和-台南,2024-04-03,8458
2356,英業達,37,9,28,康和-台南,2024-04-03,8458
2317,鴻海,44,18,26,康和-台南,2024-04-03,8458
2486,一詮,50,24,26,康和-台南,2024-04-03,8458
00687B,國泰20年美債,24,0,24,康和-台南,2024-04-03,8458
00937B,群益ESG投等債20,21,0,21,康和-台南,2024-04-03,8458
1568,倉佑,20,0,20,康和-台南,2024-04-03,8458
2832,台產,20,0,20,康和-台南,2024-04-03,8458
8112,至上,20,0,20,康和-台南,2024-04-03,8458
3013,晟銘電,35,17,18,康和-台南,2024-04-03,8458
2801,彰銀,17,0,17,康和-台南,2024-04-03,8458
4541,晟田,15,0,15,康和-台南,2024-04-03,8458
9904,寶成,22,7,15,康和-台南,2024-04-03,8458
2027,大成鋼,14,0,14,康和-台南,2024-04-03,8458
2421,建準,15,1,14,康和-台南,2024-04-03,8458
6770,力積電,16,3,13,康和-台南,2024-04-03,8458
8054,安國,21,8,13,康和-台南,2024-04-03,8458
2344,華邦電,25,13,12,康和-台南,2024-04-03,8458
2886,兆豐金,12,0,12,康和-台南,2024-04-03,8458
2464,盟立,13,2,11,康和-台南,2024-04-03,8458
2851,中再保,11,0,11,康和-台南,2024-04-03,8458
2382,廣達,13,2,11,康和-台南,2024-04-03,8458
2892,第一金,10,0,10,康和-台南,2024-04-03,8458
00751B,元大AAA至A公司債,10,0,10,康和-台南,2024-04-03,8458
1316,上曜,10,0,10,康和-台南,2024-04-03,8458
3011,今皓,10,0,10,康和-台南,2024-04-03,8458
4414,如興,10,0,10,康和-台南,2024-04-03,8458
5243,乙盛-KY,10,0,10,康和-台南,2024-04-03,8458
6016,康和證,10,0,10,康和-台南,2024-04-03,8458
8040,九暘,10,0,10,康和-台南,2024-04-03,8458
8088,品安,10,0,10,康和-台南,2024-04-03,8458
1609,大亞,15,6,9,康和-台南,2024-04-03,8458
2331,精英,9,0,9,康和-台南,2024-04-03,8458
2323,中環,9,0,9,康和-台南,2024-04-03,8458
2330,台積電,8,0,8,康和-台南,2024-04-03,8458
1752,南光,8,0,8,康和-台南,2024-04-03,8458
4147,中裕,8,1,7,康和-台南,2024-04-03,8458
00927,群益半導體收益,7,0,7,康和-台南,2024-04-03,8458
1605,華新,8,1,7,康和-台南,2024-04-03,8458
1717,長興,8,1,7,康和-台南,2024-04-03,8458
2013,中鋼構,8,1,7,康和-台南,2024-04-03,8458
00680L,元大美債20正2,334,15,319,康和-台南,2024-04-08,8458
00940,元大台灣價值高息,103,2,101,康和-台南,2024-04-08,8458
4716,大立,103,33,70,康和-台南,2024-04-08,8458
3706,神達,62,7,55,康和-台南,2024-04-08,8458
00720B,元大投資級公司債,51,0,51,康和-台南,2024-04-08,8458
2882,國泰金,50,0,50,康和-台南,2024-04-08,8458
2017,官田鋼,50,1,49,康和-台南,2024-04-08,8458
00679B,元大美債20年,46,0,46,康和-台南,2024-04-08,8458
3294,英濟,46,1,45,康和-台南,2024-04-08,8458
2014,中鴻,42,0,42,康和-台南,2024-04-08,8458
1210,大成,41,1,40,康和-台南,2024-04-08,8458
1314,中石化,60,20,40,康和-台南,2024-04-08,8458
2495,普安,40,0,40,康和-台南,2024-04-08,8458
9933,中鼎,29,0,29,康和-台南,2024-04-08,8458
6188,廣明,49,20,29,康和-台南,2024-04-08,8458
2301,光寶科,32,4,28,康和-台南,2024-04-08,8458
6120,達運,31,3,28,康和-台南,2024-04-08,8458
00937B,群益ESG投等債20,24,0,24,康和-台南,2024-04-08,8458
1519,華城,20,0,20,康和-台南,2024-04-08,8458
1618,合機,23,3,20,康和-台南,2024-04-08,8458
2617,台航,20,0,20,康和-台南,2024-04-08,8458
2832,台產,20,0,20,康和-台南,2024-04-08,8458
2609,陽明,22,3,19,康和-台南,2024-04-08,8458
1513,中興電,26,8,18,康和-台南,2024-04-08,8458
3481,群創,26,8,18,康和-台南,2024-04-08,8458
6257,矽格,18,0,18,康和-台南,2024-04-08,8458
2355,敬鵬,17,0,17,康和-台南,2024-04-08,8458
2618,長榮航,25,9,16,康和-台南,2024-04-08,8458
2891,中信金,17,1,16,康和-台南,2024-04-08,8458
00687B,國泰20年美債,15,0,15,康和-台南,2024-04-08,8458
5371,中光電,16,2,14,康和-台南,2024-04-08,8458
4746,台耀,14,0,14,康和-台南,2024-04-08,8458
6438,迅得,14,0,14,康和-台南,2024-04-08,8458
00751B,元大AAA至A公司債,13,0,13,康和-台南,2024-04-08,8458
2465,麗臺,12,0,12,康和-台南,2024-04-08,8458
3576,聯合再生,22,10,12,康和-台南,2024-04-08,8458
6770,力積電,14,2,12,康和-台南,2024-04-08,8458
2834,臺企銀,11,0,11,康和-台南,2024-04-08,8458
2382,廣達,12,1,11,康和-台南,2024-04-08,8458
1467,南緯,11,0,11,康和-台南,2024-04-08,8458
4968,立積,13,2,11,康和-台南,2024-04-08,8458
2317,鴻海,27,17,10,康和-台南,2024-04-08,8458
00919,群益台灣精選高息,11,1,10,康和-台南,2024-04-08,8458
2427,三商電,11,1,10,康和-台南,2024-04-08,8458
5285,界霖,10,0,10,康和-台南,2024-04-08,8458
2359,所羅門,11,2,9,康和-台南,2024-04-08,8458
00929,復華台灣科技優息,14,5,9,康和-台南,2024-04-08,8458
1612,宏泰,13,4,9,康和-台南,2024-04-08,8458
2634,漢翔,12,3,9,康和-台南,2024-04-08,8458
2884,玉山金,10,1,9,康和-台南,2024-04-08,8458
00940,元大台灣價值高息,1055,34,1021,康和-台南,2024-04-09,8458
2515,中工,215,13,202,康和-台南,2024-04-09,8458
2882,國泰金,150,13,137,康和-台南,2024-04-09,8458
1570,力肯,114,0,114,康和-台南,2024-04-09,8458
2017,官田鋼,90,4,86,康和-台南,2024-04-09,8458
00919,群益台灣精選高息,51,0,51,康和-台南,2024-04-09,8458
2371,大同,69,25,44,康和-台南,2024-04-09,8458
6770,力積電,64,21,43,康和-台南,2024-04-09,8458
3231,緯創,63,21,42,康和-台南,2024-04-09,8458
1713,國化,30,0,30,康和-台南,2024-04-09,8458
1714,和桐,30,0,30,康和-台南,2024-04-09,8458
8040,九暘,30,1,29,康和-台南,2024-04-09,8458
1513,中興電,75,52,23,康和-台南,2024-04-09,8458
3022,威強電,21,0,21,康和-台南,2024-04-09,8458
8112,至上,36,15,21,康和-台南,2024-04-09,8458
00632R,元大台灣50反1,20,0,20,康和-台南,2024-04-09,8458
3712,永崴投控,20,0,20,康和-台南,2024-04-09,8458
6278,台表科,20,0,20,康和-台南,2024-04-09,8458
1603,華電,17,0,17,康和-台南,2024-04-09,8458
8110,華東,16,0,16,康和-台南,2024-04-09,8458
4714,永捷,16,1,15,康和-台南,2024-04-09,8458
2344,華邦電,24,10,14,康和-台南,2024-04-09,8458
3013,晟銘電,19,5,14,康和-台南,2024-04-09,8458
3706,神達,16,2,14,康和-台南,2024-04-09,8458
4510,高鋒,14,0,14,康和-台南,2024-04-09,8458
00941,中信上游半導體,17,3,14,康和-台南,2024-04-09,8458
2421,建準,20,7,13,康和-台南,2024-04-09,8458
8072,陞泰,13,1,12,康和-台南,2024-04-09,8458
1308,亞聚,10,0,10,康和-台南,2024-04-09,8458
00720B,元大投資級公司債,10,0,10,康和-台南,2024-04-09,8458
1442,名軒,10,0,10,康和-台南,2024-04-09,8458
2488,漢平,10,0,10,康和-台南,2024-04-09,8458
3015,全漢,10,0,10,康和-台南,2024-04-09,8458
3264,欣銓,10,0,10,康和-台南,2024-04-09,8458
4306,炎洲,10,0,10,康和-台南,2024-04-09,8458
5443,均豪,18,8,10,康和-台南,2024-04-09,8458
0056,元大高股息,11,2,9,康和-台南,2024-04-09,8458
1909,榮成,10,1,9,康和-台南,2024-04-09,8458
3512,皇龍,10,1,9,康和-台南,2024-04-09,8458
6244,茂迪,9,0,9,康和-台南,2024-04-09,8458
2354,鴻準,17,8,9,康和-台南,2024-04-09,8458
2476,鉅祥,9,0,9,康和-台南,2024-04-09,8458
00905,FT臺灣Smart,10,2,8,康和-台南,2024-04-09,8458
2301,光寶科,8,0,8,康和-台南,2024-04-09,8458
2303,聯電,31,23,8,康和-台南,2024-04-09,8458
3376,新日興,8,0,8,康和-台南,2024-04-09,8458
6234,高僑,9,1,8,康和-台南,2024-04-09,8458
00937B,群益ESG投等債20,8,0,8,康和-台南,2024-04-09,8458
3583,辛耘,17,10,7,康和-台南,2024-04-09,8458
5285,界霖,7,0,7,康和-台南,2024-04-09,8458
2363,矽統,156,37,119,康和-台南,2024-04-10,8458
00937B,群益ESG投等債20,95,10,85,康和-台南,2024-04-10,8458
2371,大同,111,28,83,康和-台南,2024-04-10,8458
2882,國泰金,82,0,82,康和-台南,2024-04-10,8458
1416,廣豐,75,12,63,康和-台南,2024-04-10,8458
2888,新光金,77,15,62,康和-台南,2024-04-10,8458
2618,長榮航,62,1,61,康和-台南,2024-04-10,8458
1570,力肯,59,0,59,康和-台南,2024-04-10,8458
6016,康和證,58,0,58,康和-台南,2024-04-10,8458
2408,南亞科,50,4,46,康和-台南,2024-04-10,8458
1714,和桐,41,0,41,康和-台南,2024-04-10,8458
1568,倉佑,40,0,40,康和-台南,2024-04-10,8458
2017,官田鋼,37,0,37,康和-台南,2024-04-10,8458
2353,宏��,78,41,37,康和-台南,2024-04-10,8458
1504,東元,31,0,31,康和-台南,2024-04-10,8458
3022,威強電,30,0,30,康和-台南,2024-04-10,8458
2606,裕民,30,3,27,康和-台南,2024-04-10,8458
2891,中信金,27,0,27,康和-台南,2024-04-10,8458
2427,三商電,45,22,23,康和-台南,2024-04-10,8458
8112,至上,73,52,21,康和-台南,2024-04-10,8458
2801,彰銀,20,0,20,康和-台南,2024-04-10,8458
2312,金寶,20,3,17,康和-台南,2024-04-10,8458
4967,十銓,27,11,16,康和-台南,2024-04-10,8458
1101,台泥,18,2,16,康和-台南,2024-04-10,8458
3706,神達,16,0,16,康和-台南,2024-04-10,8458
1609,大亞,30,15,15,康和-台南,2024-04-10,8458
1785,光洋科,14,1,13,康和-台南,2024-04-10,8458
2634,漢翔,30,18,12,康和-台南,2024-04-10,8458
6215,和椿,19,7,12,康和-台南,2024-04-10,8458
8210,勤誠,13,1,12,康和-台南,2024-04-10,8458
6257,矽格,12,1,11,康和-台南,2024-04-10,8458
2382,廣達,13,3,10,康和-台南,2024-04-10,8458
2881,富邦金,10,0,10,康和-台南,2024-04-10,8458
1447,力鵬,10,0,10,康和-台南,2024-04-10,8458
2022,聚亨,10,0,10,康和-台南,2024-04-10,8458
2328,廣宇,10,0,10,康和-台南,2024-04-10,8458
3264,欣銓,11,1,10,康和-台南,2024-04-10,8458
6191,精成科,10,0,10,康和-台南,2024-04-10,8458
8076,伍豐,10,0,10,康和-台南,2024-04-10,8458
6197,佳必琪,10,1,9,康和-台南,2024-04-10,8458
2383,台光電,10,1,9,康和-台南,2024-04-10,8458
6284,佳邦,8,0,8,康和-台南,2024-04-10,8458
6443,元晶,11,3,8,康和-台南,2024-04-10,8458
2028,威致,7,0,7,康和-台南,2024-04-10,8458
2527,宏璟,7,0,7,康和-台南,2024-04-10,8458
6668,中揚光,7,0,7,康和-台南,2024-04-10,8458
8096,擎亞,17,11,6,康和-台南,2024-04-10,8458
8996,高力,6,0,6,康和-台南,2024-04-10,8458
1608,華榮,19,13,6,康和-台南,2024-04-10,8458
2537,聯上發,11,5,6,康和-台南,2024-04-10,8458
00680L,元大美債20正2,202,0,202,康和-台南,2024-04-11,8458
2889,國票金,151,0,151,康和-台南,2024-04-11,8458
3481,群創,148,15,133,康和-台南,2024-04-11,8458
1568,倉佑,91,0,91,康和-台南,2024-04-11,8458
2881,富邦金,88,0,88,康和-台南,2024-04-11,8458
6770,力積電,135,47,88,康和-台南,2024-04-11,8458
8112,至上,80,0,80,康和-台南,2024-04-11,8458
2317,鴻海,91,37,54,康和-台南,2024-04-11,8458
3576,聯合再生,63,14,49,康和-台南,2024-04-11,8458
3013,晟銘電,52,4,48,康和-台南,2024-04-11,8458
2009,第一銅,42,0,42,康和-台南,2024-04-11,8458
2371,大同,77,36,41,康和-台南,2024-04-11,8458
1442,名軒,40,0,40,康和-台南,2024-04-11,8458
2897,王道銀行,31,0,31,康和-台南,2024-04-11,8458
00665L,富邦�琤肭磪囓�2,30,0,30,康和-台南,2024-04-11,8458
2025,千興,27,0,27,康和-台南,2024-04-11,8458
2355,敬鵬,29,6,23,康和-台南,2024-04-11,8458
2409,友達,29,6,23,康和-台南,2024-04-11,8458
6125,廣運,25,2,23,康和-台南,2024-04-11,8458
2801,彰銀,20,0,20,康和-台南,2024-04-11,8458
2312,金寶,20,0,20,康和-台南,2024-04-11,8458
3052,夆典,20,0,20,康和-台南,2024-04-11,8458
2634,漢翔,36,17,19,康和-台南,2024-04-11,8458
00687B,國泰20年美債,18,0,18,康和-台南,2024-04-11,8458
00940,元大台灣價值高息,32,15,17,康和-台南,2024-04-11,8458
2630,亞航,19,3,16,康和-台南,2024-04-11,8458
6806,森崴能源,24,8,16,康和-台南,2024-04-11,8458
2367,燿華,21,6,15,康和-台南,2024-04-11,8458
2303,聯電,26,11,15,康和-台南,2024-04-11,8458
00712,復華富時不動產,14,0,14,康和-台南,2024-04-11,8458
2405,輔信,18,4,14,康和-台南,2024-04-11,8458
00937B,群益ESG投等債20,24,11,13,康和-台南,2024-04-11,8458
1514,亞力,18,5,13,康和-台南,2024-04-11,8458
2886,兆豐金,13,0,13,康和-台南,2024-04-11,8458
00929,復華台灣科技優息,27,15,12,康和-台南,2024-04-11,8458
00931B,統一美債20年,12,0,12,康和-台南,2024-04-11,8458
2401,凌陽,16,4,12,康和-台南,2024-04-11,8458
6278,台表科,12,0,12,康和-台南,2024-04-11,8458
00679B,元大美債20年,15,3,12,康和-台南,2024-04-11,8458
2382,廣達,13,1,12,康和-台南,2024-04-11,8458
00933B,國泰10Y+金融債,11,0,11,康和-台南,2024-04-11,8458
2344,華邦電,26,15,11,康和-台南,2024-04-11,8458
3512,皇龍,11,0,11,康和-台南,2024-04-11,8458
4714,永捷,17,6,11,康和-台南,2024-04-11,8458
1101,台泥,13,3,10,康和-台南,2024-04-11,8458
2888,新光金,10,0,10,康和-台南,2024-04-11,8458
00751B,元大AAA至A公司債,10,0,10,康和-台南,2024-04-11,8458
1805,寶徠,10,0,10,康和-台南,2024-04-11,8458
2017,官田鋼,20,10,10,康和-台南,2024-04-11,8458
2356,英業達,13,3,10,康和-台南,2024-04-11,8458
00680L,元大美債20正2,110,0,110,康和-台南,2024-04-12,8458
2618,長榮航,166,78,88,康和-台南,2024-04-12,8458
2371,大同,232,154,78,康和-台南,2024-04-12,8458
1568,倉佑,75,0,75,康和-台南,2024-04-12,8458
2882,國泰金,70,0,70,康和-台南,2024-04-12,8458
1312,國喬,70,0,70,康和-台南,2024-04-12,8458
2889,國票金,67,0,67,康和-台南,2024-04-12,8458
2367,燿華,90,26,64,康和-台南,2024-04-12,8458
00929,復華台灣科技優息,63,1,62,康和-台南,2024-04-12,8458
6770,力積電,61,0,61,康和-台南,2024-04-12,8458
2002,中鋼,64,7,57,康和-台南,2024-04-12,8458
2464,盟立,69,12,57,康和-台南,2024-04-12,8458
2353,宏��,82,32,50,康和-台南,2024-04-12,8458
2408,南亞科,50,3,47,康和-台南,2024-04-12,8458
2881,富邦金,43,0,43,康和-台南,2024-04-12,8458
1326,台化,42,0,42,康和-台南,2024-04-12,8458
00687B,國泰20年美債,41,0,41,康和-台南,2024-04-12,8458
00940,元大台灣價值高息,35,1,34,康和-台南,2024-04-12,8458
00878,國泰永續高股息,29,0,29,康和-台南,2024-04-12,8458
6216,居易,26,1,25,康和-台南,2024-04-12,8458
00679B,元大美債20年,22,0,22,康和-台南,2024-04-12,8458
5351,鈺創,34,13,21,康和-台南,2024-04-12,8458
2457,飛宏,22,2,20,康和-台南,2024-04-12,8458
1514,亞力,35,16,19,康和-台南,2024-04-12,8458
4714,永捷,20,2,18,康和-台南,2024-04-12,8458
4526,東台,28,11,17,康和-台南,2024-04-12,8458
2344,華邦電,28,12,16,康和-台南,2024-04-12,8458
00720B,元大投資級公司債,15,0,15,康和-台南,2024-04-12,8458
6016,康和證,15,0,15,康和-台南,2024-04-12,8458
2033,佳大,13,0,13,康和-台南,2024-04-12,8458
6425,易發,13,0,13,康和-台南,2024-04-12,8458
2382,廣達,14,2,12,康和-台南,2024-04-12,8458
3312,弘憶股,17,5,12,康和-台南,2024-04-12,8458
2337,旺宏,11,0,11,康和-台南,2024-04-12,8458
00939,統一台灣高息動能,10,0,10,康和-台南,2024-04-12,8458
00751B,元大AAA至A公司債,10,0,10,康和-台南,2024-04-12,8458
1409,新纖,10,0,10,康和-台南,2024-04-12,8458
2022,聚亨,10,0,10,康和-台南,2024-04-12,8458
4956,光鋐,10,0,10,康和-台南,2024-04-12,8458
6139,亞翔,10,0,10,康和-台南,2024-04-12,8458
8105,凌巨,10,0,10,康和-台南,2024-04-12,8458
0050,元大台灣50,9,0,9,康和-台南,2024-04-12,8458
2820,華票,9,0,9,康和-台南,2024-04-12,8458
3188,鑫龍騰,9,0,9,康和-台南,2024-04-12,8458
5426,振發,15,6,9,康和-台南,2024-04-12,8458
6188,廣明,15,6,9,康和-台南,2024-04-12,8458
3030,德律,9,0,9,康和-台南,2024-04-12,8458
2392,正崴,10,2,8,康和-台南,2024-04-12,8458
3231,緯創,12,4,8,康和-台南,2024-04-12,8458
3044,健鼎,7,0,7,康和-台南,2024-04-12,8458
00631L,元大台灣50正2,102,0,102,康和-台南,2024-04-15,8458
00680L,元大美債20正2,100,10,90,康和-台南,2024-04-15,8458
2618,長榮航,141,61,80,康和-台南,2024-04-15,8458
1568,倉佑,80,2,78,康和-台南,2024-04-15,8458
2867,三商壽,78,5,73,康和-台南,2024-04-15,8458
2739,寒舍,60,0,60,康和-台南,2024-04-15,8458
2303,聯電,55,2,53,康和-台南,2024-04-15,8458
00638R,元大滬深300反1,50,0,50,康和-台南,2024-04-15,8458
00929,復華台灣科技優息,53,3,50,康和-台南,2024-04-15,8458
1608,華榮,64,28,36,康和-台南,2024-04-15,8458
1612,宏泰,59,23,36,康和-台南,2024-04-15,8458
00720B,元大投資級公司債,34,0,34,康和-台南,2024-04-15,8458
0056,元大高股息,34,1,33,康和-台南,2024-04-15,8458
2637,慧洋-KY,30,1,29,康和-台南,2024-04-15,8458
4513,福裕,28,2,26,康和-台南,2024-04-15,8458
5009,榮剛,29,3,26,康和-台南,2024-04-15,8458
2409,友達,31,6,25,康和-台南,2024-04-15,8458
00940,元大台灣價值高息,25,2,23,康和-台南,2024-04-15,8458
3033,威健,25,3,22,康和-台南,2024-04-15,8458
6153,嘉聯益,21,0,21,康和-台南,2024-04-15,8458
8096,擎亞,23,2,21,康和-台南,2024-04-15,8458
00941,中信上游半導體,24,4,20,康和-台南,2024-04-15,8458
00642U,期元大S＆P石油,20,0,20,康和-台南,2024-04-15,8458
2014,中鴻,20,0,20,康和-台南,2024-04-15,8458
2317,鴻海,27,8,19,康和-台南,2024-04-15,8458
2408,南亞科,20,2,18,康和-台南,2024-04-15,8458
2367,燿華,34,17,17,康和-台南,2024-04-15,8458
6139,亞翔,17,1,16,康和-台南,2024-04-15,8458
1909,榮成,16,0,16,康和-台南,2024-04-15,8458
6188,廣明,18,2,16,康和-台南,2024-04-15,8458
1504,東元,18,3,15,康和-台南,2024-04-15,8458
2002,中鋼,20,5,15,康和-台南,2024-04-15,8458
4916,事欣科,16,1,15,康和-台南,2024-04-15,8458
4960,誠美材,15,0,15,康和-台南,2024-04-15,8458
8110,華東,15,1,14,康和-台南,2024-04-15,8458
00679B,元大美債20年,13,0,13,康和-台南,2024-04-15,8458
3583,辛耘,15,2,13,康和-台南,2024-04-15,8458
3231,緯創,20,8,12,康和-台南,2024-04-15,8458
2472,立隆電,12,0,12,康和-台南,2024-04-15,8458
2371,大同,95,83,12,康和-台南,2024-04-15,8458
00891,中信關鍵半導體,11,0,11,康和-台南,2024-04-15,8458
4908,前鼎,11,0,11,康和-台南,2024-04-15,8458
1611,中電,37,27,10,康和-台南,2024-04-15,8458
2329,華泰,19,9,10,康和-台南,2024-04-15,8458
3017,奇鋐,11,2,9,康和-台南,2024-04-15,8458
2374,佳能,14,5,9,康和-台南,2024-04-15,8458
00857B,永豐20年美公債,10,1,9,康和-台南,2024-04-15,8458
6213,聯茂,10,1,9,康和-台南,2024-04-15,8458
8040,九暘,10,1,9,康和-台南,2024-04-15,8458
2330,台積電,12,3,9,康和-台南,2024-04-15,8458
00631L,元大台灣50正2,603,2,601,康和-台南,2024-04-16,8458
00680L,元大美債20正2,470,0,470,康和-台南,2024-04-16,8458
00940,元大台灣價值高息,236,0,236,康和-台南,2024-04-16,8458
1568,倉佑,137,0,137,康和-台南,2024-04-16,8458
3022,威強電,100,0,100,康和-台南,2024-04-16,8458
00929,復華台灣科技優息,90,1,89,康和-台南,2024-04-16,8458
6164,華興,88,0,88,康和-台南,2024-04-16,8458
2618,長榮航,81,0,81,康和-台南,2024-04-16,8458
00939,統一台灣高息動能,72,1,71,康和-台南,2024-04-16,8458
00937B,群益ESG投等債20,69,1,68,康和-台南,2024-04-16,8458
2888,新光金,60,2,58,康和-台南,2024-04-16,8458
00919,群益台灣精選高息,69,17,52,康和-台南,2024-04-16,8458
3481,群創,56,8,48,康和-台南,2024-04-16,8458
00632R,元大台灣50反1,61,20,41,康和-台南,2024-04-16,8458
00878,國泰永續高股息,41,0,41,康和-台南,2024-04-16,8458
1442,名軒,40,0,40,康和-台南,2024-04-16,8458
0056,元大高股息,35,0,35,康和-台南,2024-04-16,8458
2303,聯電,36,1,35,康和-台南,2024-04-16,8458
1609,大亞,69,34,35,康和-台南,2024-04-16,8458
2025,千興,35,3,32,康和-台南,2024-04-16,8458
9904,寶成,31,0,31,康和-台南,2024-04-16,8458
1416,廣豐,30,0,30,康和-台南,2024-04-16,8458
2488,漢平,30,0,30,康和-台南,2024-04-16,8458
9949,琉園,30,0,30,康和-台南,2024-04-16,8458
2323,中環,27,0,27,康和-台南,2024-04-16,8458
5309,系統電,27,0,27,康和-台南,2024-04-16,8458
1608,華榮,25,1,24,康和-台南,2024-04-16,8458
6139,亞翔,23,0,23,康和-台南,2024-04-16,8458
3231,緯創,36,14,22,康和-台南,2024-04-16,8458
2317,鴻海,26,3,23,康和-台南,2024-04-16,8458
00885,富邦越南,22,0,22,康和-台南,2024-04-16,8458
2014,中鴻,22,0,22,康和-台南,2024-04-16,8458
2363,矽統,36,16,20,康和-台南,2024-04-16,8458
3052,夆典,20,0,20,康和-台南,2024-04-16,8458
8040,九暘,20,0,20,康和-台南,2024-04-16,8458
2881,富邦金,18,0,18,康和-台南,2024-04-16,8458
2330,台積電,20,2,18,康和-台南,2024-04-16,8458
2301,光寶科,18,1,17,康和-台南,2024-04-16,8458
1101,台泥,21,5,16,康和-台南,2024-04-16,8458
1504,東元,17,1,16,康和-台南,2024-04-16,8458
3490,單井,27,11,16,康和-台南,2024-04-16,8458
2408,南亞科,16,1,15,康和-台南,2024-04-16,8458
3038,全台,15,0,15,康和-台南,2024-04-16,8458
4960,誠美材,23,8,15,康和-台南,2024-04-16,8458
8096,擎亞,24,9,15,康和-台南,2024-04-16,8458
2834,臺企銀,14,0,14,康和-台南,2024-04-16,8458
00679B,元大美債20年,13,0,13,康和-台南,2024-04-16,8458
2106,建大,13,0,13,康和-台南,2024-04-16,8458
00670L,富邦NASDAQ正2,12,0,12,康和-台南,2024-04-16,8458
00891,中信關鍵半導體,12,0,12,康和-台南,2024-04-16,8458
4716,大立,77,0,77,康和-台南,2024-04-17,8458
6770,力積電,96,25,71,康和-台南,2024-04-17,8458
00931B,統一美債20年,65,0,65,康和-台南,2024-04-17,8458
2883,凱基金,50,0,50,康和-台南,2024-04-17,8458
1570,力肯,45,2,43,康和-台南,2024-04-17,8458
2637,慧洋-KY,40,4,36,康和-台南,2024-04-17,8458
00940,元大台灣價值高息,40,5,35,康和-台南,2024-04-17,8458
00937B,群益ESG投等債20,40,7,33,康和-台南,2024-04-17,8458
00929,復華台灣科技優息,42,10,32,康和-台南,2024-04-17,8458
00680L,元大美債20正2,30,0,30,康和-台南,2024-04-17,8458
9904,寶成,30,0,30,康和-台南,2024-04-17,8458
00857B,永豐20年美公債,29,0,29,康和-台南,2024-04-17,8458
2606,裕民,31,2,29,康和-台南,2024-04-17,8458
0056,元大高股息,28,0,28,康和-台南,2024-04-17,8458
2354,鴻準,28,1,27,康和-台南,2024-04-17,8458
00878,國泰永續高股息,21,0,21,康和-台南,2024-04-17,8458
2303,聯電,22,1,21,康和-台南,2024-04-17,8458
00632R,元大台灣50反1,21,0,21,康和-台南,2024-04-17,8458
2356,英業達,26,5,21,康和-台南,2024-04-17,8458
2739,寒舍,20,0,20,康和-台南,2024-04-17,8458
2618,長榮航,20,1,19,康和-台南,2024-04-17,8458
2617,台航,20,1,19,康和-台南,2024-04-17,8458
00905,FT臺灣Smart,17,0,17,康和-台南,2024-04-17,8458
2353,宏��,18,3,15,康和-台南,2024-04-17,8458
2834,臺企銀,16,2,14,康和-台南,2024-04-17,8458
3231,緯創,27,13,14,康和-台南,2024-04-17,8458
00720B,元大投資級公司債,12,0,12,康和-台南,2024-04-17,8458
2103,台橡,12,0,12,康和-台南,2024-04-17,8458
4127,天良,12,0,12,康和-台南,2024-04-17,8458
6197,佳必琪,14,2,12,康和-台南,2024-04-17,8458
00679B,元大美債20年,11,0,11,康和-台南,2024-04-17,8458
1101,台泥,11,0,11,康和-台南,2024-04-17,8458
8110,華東,11,0,11,康和-台南,2024-04-17,8458
2382,廣達,12,2,10,康和-台南,2024-04-17,8458
3583,辛耘,26,16,10,康和-台南,2024-04-17,8458
00637L,元大滬深300正2,10,0,10,康和-台南,2024-04-17,8458
2014,中鴻,10,0,10,康和-台南,2024-04-17,8458
2892,第一金,10,0,10,康和-台南,2024-04-17,8458
3027,盛達,50,40,10,康和-台南,2024-04-17,8458
4303,信立,10,0,10,康和-台南,2024-04-17,8458
6016,康和證,10,0,10,康和-台南,2024-04-17,8458
8390,金益鼎,11,1,10,康和-台南,2024-04-17,8458
00919,群益台灣精選高息,9,0,9,康和-台南,2024-04-17,8458
2603,長榮,9,1,8,康和-台南,2024-04-17,8458
2421,建準,8,0,8,康和-台南,2024-04-17,8458
4576,大銀微系統,8,0,8,康和-台南,2024-04-17,8458
8064,東捷,9,1,8,康和-台南,2024-04-17,8458
00933B,國泰10Y+金融債,7,0,7,康和-台南,2024-04-17,8458
6472,保瑞,7,0,7,康和-台南,2024-04-17,8458
1301,台塑,7,0,7,康和-台南,2024-04-17,8458
2897,王道銀行,80,0,80,康和-台南,2024-04-18,8458
2836,高雄銀,64,0,64,康和-台南,2024-04-18,8458
00931B,統一美債20年,60,6,54,康和-台南,2024-04-18,8458
3013,晟銘電,68,16,52,康和-台南,2024-04-18,8458
2739,寒舍,40,0,40,康和-台南,2024-04-18,8458
1605,華新,96,58,38,康和-台南,2024-04-18,8458
3481,群創,32,5,27,康和-台南,2024-04-18,8458
0056,元大高股息,26,0,26,康和-台南,2024-04-18,8458
2371,大同,83,59,24,康和-台南,2024-04-18,8458
9955,佳龍,29,8,21,康和-台南,2024-04-18,8458
3707,漢磊,26,6,20,康和-台南,2024-04-18,8458
6154,順發,20,0,20,康和-台南,2024-04-18,8458
6170,統振,20,0,20,康和-台南,2024-04-18,8458
2504,國產,21,1,20,康和-台南,2024-04-18,8458
00919,群益台灣精選高息,19,0,19,康和-台南,2024-04-18,8458
2537,聯上發,40,21,19,康和-台南,2024-04-18,8458
4532,瑞智,15,1,14,康和-台南,2024-04-18,8458
00929,復華台灣科技優息,13,0,13,康和-台南,2024-04-18,8458
2610,華航,133,120,13,康和-台南,2024-04-18,8458
3576,聯合再生,19,6,13,康和-台南,2024-04-18,8458
4303,信立,22,10,12,康和-台南,2024-04-18,8458
1529,樂事綠能,20,8,12,康和-台南,2024-04-18,8458
2883,凱基金,11,0,11,康和-台南,2024-04-18,8458
4726,永昕,11,0,11,康和-台南,2024-04-18,8458
6125,廣運,11,0,11,康和-台南,2024-04-18,8458
1467,南緯,10,0,10,康和-台南,2024-04-18,8458
1526,日馳,10,0,10,康和-台南,2024-04-18,8458
2028,威致,10,0,10,康和-台南,2024-04-18,8458
2329,華泰,15,5,10,康和-台南,2024-04-18,8458
3322,建舜電,10,0,10,康和-台南,2024-04-18,8458
00937B,群益ESG投等債20,9,0,9,康和-台南,2024-04-18,8458
2409,友達,13,4,9,康和-台南,2024-04-18,8458
8435,鉅邁,9,0,9,康和-台南,2024-04-18,8458
2867,三商壽,10,2,8,康和-台南,2024-04-18,8458
1611,中電,36,28,8,康和-台南,2024-04-18,8458
2467,志聖,9,1,8,康和-台南,2024-04-18,8458
4576,大銀微系統,9,1,8,康和-台南,2024-04-18,8458
1513,中興電,43,36,7,康和-台南,2024-04-18,8458
2330,台積電,8,1,7,康和-台南,2024-04-18,8458
2002,中鋼,9,2,7,康和-台南,2024-04-18,8458
3062,建漢,7,0,7,康和-台南,2024-04-18,8458
2317,鴻海,24,18,6,康和-台南,2024-04-18,8458
2241,艾姆勒,9,3,6,康和-台南,2024-04-18,8458
2344,華邦電,6,0,6,康和-台南,2024-04-18,8458
2425,承啟,7,1,6,康和-台南,2024-04-18,8458
2457,飛宏,12,6,6,康和-台南,2024-04-18,8458
3413,京鼎,6,0,6,康和-台南,2024-04-18,8458
3532,台勝科,6,0,6,康和-台南,2024-04-18,8458
1504,東元,74,68,6,康和-台南,2024-04-18,8458
1316,上曜,7,2,5,康和-台南,2024-04-18,8458
00929,復華台灣科技優息,188,4,184,康和-台南,2024-04-19,8458
2618,長榮航,186,20,166,康和-台南,2024-04-19,8458
2515,中工,202,67,135,康和-台南,2024-04-19,8458
00940,元大台灣價值高息,119,0,119,康和-台南,2024-04-19,8458
2897,王道銀行,113,0,113,康和-台南,2024-04-19,8458
1568,倉佑,112,0,112,康和-台南,2024-04-19,8458
1609,大亞,142,65,77,康和-台南,2024-04-19,8458
2303,聯電,81,7,74,康和-台南,2024-04-19,8458
2881,富邦金,73,0,73,康和-台南,2024-04-19,8458
00919,群益台灣精選高息,70,12,58,康和-台南,2024-04-19,8458
1714,和桐,52,0,52,康和-台南,2024-04-19,8458
2836,高雄銀,50,1,49,康和-台南,2024-04-19,8458
2323,中環,50,2,48,康和-台南,2024-04-19,8458
00922,國泰台灣領袖50,41,0,41,康和-台南,2024-04-19,8458
6125,廣運,122,82,40,康和-台南,2024-04-19,8458
4716,大立,39,1,38,康和-台南,2024-04-19,8458
2330,台積電,42,4,38,康和-台南,2024-04-19,8458
00941,中信上游半導體,41,7,34,康和-台南,2024-04-19,8458
9933,中鼎,45,12,33,康和-台南,2024-04-19,8458
2511,太子,273,242,31,康和-台南,2024-04-19,8458
00655L,國泰中國A50正2,30,0,30,康和-台南,2024-04-19,8458
00636,國泰中國A50,30,0,30,康和-台南,2024-04-19,8458
3481,群創,35,9,26,康和-台南,2024-04-19,8458
00885,富邦越南,25,0,25,康和-台南,2024-04-19,8458
00878,國泰永續高股息,30,5,25,康和-台南,2024-04-19,8458
2610,華航,27,5,22,康和-台南,2024-04-19,8458
8111,立��,22,0,22,康和-台南,2024-04-19,8458
3231,緯創,47,25,22,康和-台南,2024-04-19,8458
2401,凌陽,36,16,20,康和-台南,2024-04-19,8458
6170,統振,20,0,20,康和-台南,2024-04-19,8458
0056,元大高股息,38,20,18,康和-台南,2024-04-19,8458
6278,台表科,18,0,18,康和-台南,2024-04-19,8458
8040,九暘,18,0,18,康和-台南,2024-04-19,8458
1101,台泥,17,0,17,康和-台南,2024-04-19,8458
4306,炎洲,16,0,16,康和-台南,2024-04-19,8458
0050,元大台灣50,19,3,16,康和-台南,2024-04-19,8458
00670L,富邦NASDAQ正2,15,0,15,康和-台南,2024-04-19,8458
2605,新興,34,19,15,康和-台南,2024-04-19,8458
00937B,群益ESG投等債20,17,3,14,康和-台南,2024-04-19,8458
00905,FT臺灣Smart,14,0,14,康和-台南,2024-04-19,8458
6485,點序,18,4,14,康和-台南,2024-04-19,8458
00891,中信關鍵半導體,15,2,13,康和-台南,2024-04-19,8458
2883,凱基金,13,0,13,康和-台南,2024-04-19,8458
1605,華新,40,28,12,康和-台南,2024-04-19,8458
1752,南光,12,0,12,康和-台南,2024-04-19,8458
6244,茂迪,20,8,12,康和-台南,2024-04-19,8458
2002,中鋼,29,18,11,康和-台南,2024-04-19,8458
1301,台塑,11,0,11,康和-台南,2024-04-19,8458
1727,中華化,11,0,11,康和-台南,2024-04-19,8458
1909,榮成,11,0,11,康和-台南,2024-04-19,8458
2883,凱基金,645,50,595,康和-台南,2024-04-22,8458
00929,復華台灣科技優息,79,2,77,康和-台南,2024-04-22,8458
3481,群創,105,28,77,康和-台南,2024-04-22,8458
00940,元大台灣價值高息,84,9,75,康和-台南,2024-04-22,8458
6770,力積電,79,19,60,康和-台南,2024-04-22,8458
00937B,群益ESG投等債20,59,0,59,康和-台南,2024-04-22,8458
2303,聯電,87,28,59,康和-台南,2024-04-22,8458
00680L,元大美債20正2,50,0,50,康和-台南,2024-04-22,8458
2331,精英,55,13,42,康和-台南,2024-04-22,8458
00919,群益台灣精選高息,45,6,39,康和-台南,2024-04-22,8458
2501,國建,39,1,38,康和-台南,2024-04-22,8458
1442,名軒,36,2,34,康和-台南,2024-04-22,8458
3706,神達,33,0,33,康和-台南,2024-04-22,8458
6005,群益證,36,5,31,康和-台南,2024-04-22,8458
2405,輔信,30,0,30,康和-台南,2024-04-22,8458
2537,聯上發,141,111,30,康和-台南,2024-04-22,8458
8112,至上,30,0,30,康和-台南,2024-04-22,8458
8443,阿瘦,30,0,30,康和-台南,2024-04-22,8458
00878,國泰永續高股息,38,12,26,康和-台南,2024-04-22,8458
2101,南港,30,4,26,康和-台南,2024-04-22,8458
2367,燿華,38,13,25,康和-台南,2024-04-22,8458
3231,緯創,26,5,21,康和-台南,2024-04-22,8458
2374,佳能,21,0,21,康和-台南,2024-04-22,8458
3703,欣陸,35,15,20,康和-台南,2024-04-22,8458
2409,友達,34,14,20,康和-台南,2024-04-22,8458
00632R,元大台灣50反1,20,0,20,康和-台南,2024-04-22,8458
2369,菱生,21,1,20,康和-台南,2024-04-22,8458
00939,統一台灣高息動能,18,0,18,康和-台南,2024-04-22,8458
2363,矽統,31,14,17,康和-台南,2024-04-22,8458
6116,彩晶,16,0,16,康和-台南,2024-04-22,8458
2542,興富發,28,12,16,康和-台南,2024-04-22,8458
3015,全漢,24,8,16,康和-台南,2024-04-22,8458
1316,上曜,22,7,15,康和-台南,2024-04-22,8458
2329,華泰,57,44,13,康和-台南,2024-04-22,8458
00941,中信上游半導體,15,3,12,康和-台南,2024-04-22,8458
1609,大亞,36,24,12,康和-台南,2024-04-22,8458
8390,金益鼎,13,1,12,康和-台南,2024-04-22,8458
1436,華友聯,11,0,11,康和-台南,2024-04-22,8458
2402,毅嘉,11,0,11,康和-台南,2024-04-22,8458
00881,國泰台灣5G+,11,0,11,康和-台南,2024-04-22,8458
1310,台苯,10,0,10,康和-台南,2024-04-22,8458
2516,新建,10,0,10,康和-台南,2024-04-22,8458
6219,富旺,10,0,10,康和-台南,2024-04-22,8458
6485,點序,10,0,10,康和-台南,2024-04-22,8458
2527,宏璟,9,0,9,康和-台南,2024-04-22,8458
8033,雷虎,9,0,9,康和-台南,2024-04-22,8458
8110,華東,10,1,9,康和-台南,2024-04-22,8458
5009,榮剛,10,2,8,康和-台南,2024-04-22,8458
5309,系統電,7,0,7,康和-台南,2024-04-22,8458
1608,華榮,9,2,7,康和-台南,2024-04-22,8458
2883,凱基金,404,12,392,康和-台南,2024-04-23,8458
2017,官田鋼,77,0,77,康和-台南,2024-04-23,8458
1316,上曜,60,4,56,康和-台南,2024-04-23,8458
1514,亞力,48,12,36,康和-台南,2024-04-23,8458
3022,威強電,33,0,33,康和-台南,2024-04-23,8458
5864,致和證,30,0,30,康和-台南,2024-04-23,8458
8111,立��,30,0,30,康和-台南,2024-04-23,8458
00929,復華台灣科技優息,28,0,28,康和-台南,2024-04-23,8458
2344,華邦電,26,0,26,康和-台南,2024-04-23,8458
2331,精英,20,0,20,康和-台南,2024-04-23,8458
1609,大亞,32,12,20,康和-台南,2024-04-23,8458
1587,吉茂,23,4,19,康和-台南,2024-04-23,8458
1513,中興電,53,36,17,康和-台南,2024-04-23,8458
6125,廣運,20,5,15,康和-台南,2024-04-23,8458
2515,中工,40,25,15,康和-台南,2024-04-23,8458
00940,元大台灣價值高息,17,4,13,康和-台南,2024-04-23,8458
2241,艾姆勒,16,3,13,康和-台南,2024-04-23,8458
1608,華榮,11,0,11,康和-台南,2024-04-23,8458
00937B,群益ESG投等債20,10,0,10,康和-台南,2024-04-23,8458
1314,中石化,25,15,10,康和-台南,2024-04-23,8458
3576,聯合再生,17,7,10,康和-台南,2024-04-23,8458
6233,旺玖,10,0,10,康和-台南,2024-04-23,8458
5009,榮剛,10,0,10,康和-台南,2024-04-23,8458
1612,宏泰,12,3,9,康和-台南,2024-04-23,8458
2603,長榮,9,1,8,康和-台南,2024-04-23,8458
3715,定穎投控,8,0,8,康和-台南,2024-04-23,8458
1617,榮星,8,0,8,康和-台南,2024-04-23,8458
2547,日勝生,8,0,8,康和-台南,2024-04-23,8458
3324,雙鴻,9,1,8,康和-台南,2024-04-23,8458
6770,力積電,8,0,8,康和-台南,2024-04-23,8458
8150,南茂,8,0,8,康和-台南,2024-04-23,8458
00919,群益台灣精選高息,7,0,7,康和-台南,2024-04-23,8458
2427,三商電,8,1,7,康和-台南,2024-04-23,8458
2449,京元電子,7,0,7,康和-台南,2024-04-23,8458
2367,燿華,25,19,6,康和-台南,2024-04-23,8458
2630,亞航,6,0,6,康和-台南,2024-04-23,8458
2731,雄獅,6,0,6,康和-台南,2024-04-23,8458
5706,鳳凰,6,0,6,康和-台南,2024-04-23,8458
3041,揚智,5,0,5,康和-台南,2024-04-23,8458
1210,大成,5,0,5,康和-台南,2024-04-23,8458
3015,全漢,7,2,5,康和-台南,2024-04-23,8458
3024,憶聲,5,0,5,康和-台南,2024-04-23,8458
3322,建舜電,5,0,5,康和-台南,2024-04-23,8458
5452,佶優,5,0,5,康和-台南,2024-04-23,8458
9902,台火,11,6,5,康和-台南,2024-04-23,8458
6806,森崴能源,5,1,4,康和-台南,2024-04-23,8458
1605,華新,8,4,4,康和-台南,2024-04-23,8458
2107,厚生,4,0,4,康和-台南,2024-04-23,8458
4123,晟德,5,1,4,康和-台南,2024-04-23,8458
4908,前鼎,5,1,4,康和-台南,2024-04-23,8458
2883,凱基金,173,0,173,康和-台南,2024-04-24,8458
3231,緯創,102,21,81,康和-台南,2024-04-24,8458
1305,華夏,60,0,60,康和-台南,2024-04-24,8458
1402,遠東新,60,0,60,康和-台南,2024-04-24,8458
2002,中鋼,60,2,58,康和-台南,2024-04-24,8458
00632R,元大台灣50反1,50,1,49,康和-台南,2024-04-24,8458
2017,官田鋼,42,0,42,康和-台南,2024-04-24,8458
4306,炎洲,43,3,40,康和-台南,2024-04-24,8458
2241,艾姆勒,35,0,35,康和-台南,2024-04-24,8458
2606,裕民,61,31,30,康和-台南,2024-04-24,8458
6125,廣運,77,50,27,康和-台南,2024-04-24,8458
2739,寒舍,26,0,26,康和-台南,2024-04-24,8458
3576,聯合再生,25,0,25,康和-台南,2024-04-24,8458
5009,榮剛,28,4,24,康和-台南,2024-04-24,8458
2890,永豐金,24,1,23,康和-台南,2024-04-24,8458
2371,大同,81,58,23,康和-台南,2024-04-24,8458
2409,友達,31,9,22,康和-台南,2024-04-24,8458
00919,群益台灣精選高息,20,0,20,康和-台南,2024-04-24,8458
2511,太子,121,101,20,康和-台南,2024-04-24,8458
2801,彰銀,20,0,20,康和-台南,2024-04-24,8458
6190,萬泰科,25,6,19,康和-台南,2024-04-24,8458
1618,合機,35,17,18,康和-台南,2024-04-24,8458
1436,華友聯,15,0,15,康和-台南,2024-04-24,8458
6207,雷科,19,5,14,康和-台南,2024-04-24,8458
00937B,群益ESG投等債20,13,0,13,康和-台南,2024-04-24,8458
1314,中石化,16,3,13,康和-台南,2024-04-24,8458
1905,華紙,15,2,13,康和-台南,2024-04-24,8458
2634,漢翔,23,10,13,康和-台南,2024-04-24,8458
6108,競國,13,0,13,康和-台南,2024-04-24,8458
00940,元大台灣價值高息,34,22,12,康和-台南,2024-04-24,8458
1608,華榮,14,2,12,康和-台南,2024-04-24,8458
2630,亞航,11,0,11,康和-台南,2024-04-24,8458
2834,臺企銀,10,0,10,康和-台南,2024-04-24,8458
1731,美吾華,10,0,10,康和-台南,2024-04-24,8458
2509,全坤建,10,0,10,康和-台南,2024-04-24,8458
3011,今皓,10,0,10,康和-台南,2024-04-24,8458
6215,和椿,12,2,10,康和-台南,2024-04-24,8458
6668,中揚光,10,0,10,康和-台南,2024-04-24,8458
2363,矽統,79,69,10,康和-台南,2024-04-24,8458
00687B,國泰20年美債,10,0,10,康和-台南,2024-04-24,8458
2486,一詮,14,6,8,康和-台南,2024-04-24,8458
2317,鴻海,57,49,8,康和-台南,2024-04-24,8458
2402,毅嘉,7,0,7,康和-台南,2024-04-24,8458
3305,昇貿,7,0,7,康和-台南,2024-04-24,8458
5371,中光電,11,4,7,康和-台南,2024-04-24,8458
6139,亞翔,7,0,7,康和-台南,2024-04-24,8458
2206,三陽工業,27,20,7,康和-台南,2024-04-24,8458
5512,力麒,17,11,6,康和-台南,2024-04-24,8458
3703,欣陸,20,14,6,康和-台南,2024-04-24,8458
00642U,期元大S＆P石油,6,0,6,康和-台南,2024-04-24,8458
2317,鴻海,134,10,124,康和-台南,2024-04-25,8458
2511,太子,294,202,92,康和-台南,2024-04-25,8458
00753L,中信中國50正2,90,0,90,康和-台南,2024-04-25,8458
6770,力積電,84,5,79,康和-台南,2024-04-25,8458
2892,第一金,61,1,60,康和-台南,2024-04-25,8458
00931B,統一美債20年,53,0,53,康和-台南,2024-04-25,8458
2017,官田鋼,50,0,50,康和-台南,2024-04-25,8458
2618,長榮航,70,20,50,康和-台南,2024-04-25,8458
5531,鄉林,47,3,44,康和-台南,2024-04-25,8458
1326,台化,42,0,42,康和-台南,2024-04-25,8458
3481,群創,49,14,35,康和-台南,2024-04-25,8458
00919,群益台灣精選高息,31,0,31,康和-台南,2024-04-25,8458
1312,國喬,30,0,30,康和-台南,2024-04-25,8458
8112,至上,30,0,30,康和-台南,2024-04-25,8458
2344,華邦電,26,0,26,康和-台南,2024-04-25,8458
2739,寒舍,29,3,26,康和-台南,2024-04-25,8458
2706,第一店,27,2,25,康和-台南,2024-04-25,8458
00929,復華台灣科技優息,48,24,24,康和-台南,2024-04-25,8458
3704,合勤控,21,0,21,康和-台南,2024-04-25,8458
1609,大亞,48,27,21,康和-台南,2024-04-25,8458
1305,華夏,20,0,20,康和-台南,2024-04-25,8458
2107,厚生,20,0,20,康和-台南,2024-04-25,8458
2801,彰銀,20,0,20,康和-台南,2024-04-25,8458
1416,廣豐,48,31,17,康和-台南,2024-04-25,8458
2701,萬企,17,0,17,康和-台南,2024-04-25,8458
1605,華新,18,3,15,康和-台南,2024-04-25,8458
2882,國泰金,15,0,15,康和-台南,2024-04-25,8458
6213,聯茂,15,0,15,康和-台南,2024-04-25,8458
3013,晟銘電,69,55,14,康和-台南,2024-04-25,8458
3231,緯創,15,2,13,康和-台南,2024-04-25,8458
2880,華南金,12,0,12,康和-台南,2024-04-25,8458
5251,天鉞電,12,0,12,康和-台南,2024-04-25,8458
3036,文曄,12,1,11,康和-台南,2024-04-25,8458
2736,富野,11,0,11,康和-台南,2024-04-25,8458
4303,信立,12,2,10,康和-台南,2024-04-25,8458
1314,中石化,10,0,10,康和-台南,2024-04-25,8458
1612,宏泰,10,0,10,康和-台南,2024-04-25,8458
2002,中鋼,10,0,10,康和-台南,2024-04-25,8458
2025,千興,10,0,10,康和-台南,2024-04-25,8458
2354,鴻準,12,2,10,康和-台南,2024-04-25,8458
5203,訊連,10,0,10,康和-台南,2024-04-25,8458
6548,長科*,13,3,10,康和-台南,2024-04-25,8458
8070,長華*,10,0,10,康和-台南,2024-04-25,8458
2886,兆豐金,9,0,9,康和-台南,2024-04-25,8458
2356,英業達,9,0,9,康和-台南,2024-04-25,8458
2537,聯上發,50,41,9,康和-台南,2024-04-25,8458
2891,中信金,10,1,9,康和-台南,2024-04-25,8458
00940,元大台灣價值高息,13,4,9,康和-台南,2024-04-25,8458
00937B,群益ESG投等債20,8,0,8,康和-台南,2024-04-25,8458
3171,炎洲流通,8,0,8,康和-台南,2024-04-25,8458
5905,南仁湖,327,0,327,康和-台南,2024-04-26,8458
2371,大同,328,62,266,康和-台南,2024-04-26,8458
6125,廣運,123,40,83,康和-台南,2024-04-26,8458
2369,菱生,60,0,60,康和-台南,2024-04-26,8458
2892,第一金,50,0,50,康和-台南,2024-04-26,8458
00885,富邦越南,50,0,50,康和-台南,2024-04-26,8458
00931B,統一美債20年,80,30,50,康和-台南,2024-04-26,8458
00631L,元大台灣50正2,45,3,42,康和-台南,2024-04-26,8458
1618,合機,65,33,32,康和-台南,2024-04-26,8458
3703,欣陸,46,14,32,康和-台南,2024-04-26,8458
5512,力麒,33,1,32,康和-台南,2024-04-26,8458
3481,群創,40,11,29,康和-台南,2024-04-26,8458
2618,長榮航,142,116,26,康和-台南,2024-04-26,8458
00715L,期街口布蘭特正2,25,0,25,康和-台南,2024-04-26,8458
2706,第一店,25,0,25,康和-台南,2024-04-26,8458
2363,矽統,24,0,24,康和-台南,2024-04-26,8458
2356,英業達,26,2,24,康和-台南,2024-04-26,8458
6275,元山,25,3,22,康和-台南,2024-04-26,8458
1409,新纖,30,9,21,康和-台南,2024-04-26,8458
2014,中鴻,20,0,20,康和-台南,2024-04-26,8458
1608,華榮,37,20,17,康和-台南,2024-04-26,8458
3013,晟銘電,50,34,16,康和-台南,2024-04-26,8458
00733,富邦臺灣中小,16,0,16,康和-台南,2024-04-26,8458
1605,華新,22,6,16,康和-台南,2024-04-26,8458
3059,華晶科,16,1,15,康和-台南,2024-04-26,8458
00637L,元大滬深300正2,15,1,14,康和-台南,2024-04-26,8458
3231,緯創,20,7,13,康和-台南,2024-04-26,8458
00933B,國泰10Y+金融債,12,0,12,康和-台南,2024-04-26,8458
1504,東元,19,8,11,康和-台南,2024-04-26,8458
3312,弘憶股,11,0,11,康和-台南,2024-04-26,8458
4532,瑞智,11,0,11,康和-台南,2024-04-26,8458
2101,南港,17,7,10,康和-台南,2024-04-26,8458
5009,榮剛,20,10,10,康和-台南,2024-04-26,8458
5464,霖宏,10,0,10,康和-台南,2024-04-26,8458
6806,森崴能源,11,1,10,康和-台南,2024-04-26,8458
00937B,群益ESG投等債20,9,0,9,康和-台南,2024-04-26,8458
2382,廣達,21,12,9,康和-台南,2024-04-26,8458
2537,聯上發,40,31,9,康和-台南,2024-04-26,8458
5371,中光電,20,11,9,康和-台南,2024-04-26,8458
00929,復華台灣科技優息,20,12,8,康和-台南,2024-04-26,8458
00919,群益台灣精選高息,12,4,8,康和-台南,2024-04-26,8458
3030,德律,12,4,8,康和-台南,2024-04-26,8458
3171,炎洲流通,8,0,8,康和-台南,2024-04-26,8458
00687B,國泰20年美債,7,0,7,康和-台南,2024-04-26,8458
2025,千興,7,0,7,康和-台南,2024-04-26,8458
2901,欣欣,7,0,7,康和-台南,2024-04-26,8458
2534,宏盛,6,0,6,康和-台南,2024-04-26,8458
9933,中鼎,12,6,6,康和-台南,2024-04-26,8458
1436,華友聯,10,5,5,康和-台南,2024-04-26,8458
1736,喬山,5,0,5,康和-台南,2024-04-26,8458
2618,長榮航,144,20,124,康和-台南,2024-04-29,8458
2363,矽統,86,25,61,康和-台南,2024-04-29,8458
2107,厚生,40,0,40,康和-台南,2024-04-29,8458
2515,中工,158,120,38,康和-台南,2024-04-29,8458
2461,光群雷,35,2,33,康和-台南,2024-04-29,8458
00753L,中信中國50正2,30,0,30,康和-台南,2024-04-29,8458
2739,寒舍,31,1,30,康和-台南,2024-04-29,8458
2547,日勝生,65,37,28,康和-台南,2024-04-29,8458
9902,台火,26,0,26,康和-台南,2024-04-29,8458
00940,元大台灣價值高息,31,8,23,康和-台南,2024-04-29,8458
1504,東元,40,17,23,康和-台南,2024-04-29,8458
2323,中環,25,4,21,康和-台南,2024-04-29,8458
2801,彰銀,21,0,21,康和-台南,2024-04-29,8458
2014,中鴻,20,0,20,康和-台南,2024-04-29,8458
1903,士紙,22,3,19,康和-台南,2024-04-29,8458
2367,燿華,22,3,19,康和-台南,2024-04-29,8458
8234,新漢,19,0,19,康和-台南,2024-04-29,8458
2610,華航,24,6,18,康和-台南,2024-04-29,8458
2331,精英,16,0,16,康和-台南,2024-04-29,8458
2009,第一銅,18,3,15,康和-台南,2024-04-29,8458
5512,力麒,20,6,14,康和-台南,2024-04-29,8458
6806,森崴能源,15,2,13,康和-台南,2024-04-29,8458
2706,第一店,13,0,13,康和-台南,2024-04-29,8458
7402,邑錡,11,0,11,康和-台南,2024-04-29,8458
2359,所羅門,14,4,10,康和-台南,2024-04-29,8458
00655L,國泰中國A50正2,10,0,10,康和-台南,2024-04-29,8458
1515,力山,10,0,10,康和-台南,2024-04-29,8458
1802,台玻,10,0,10,康和-台南,2024-04-29,8458
2608,嘉里大榮,10,0,10,康和-台南,2024-04-29,8458
2915,潤泰全,10,0,10,康和-台南,2024-04-29,8458
3010,華立,10,0,10,康和-台南,2024-04-29,8458
3380,明泰,10,0,10,康和-台南,2024-04-29,8458
2103,台橡,10,0,10,康和-台南,2024-04-29,8458
3059,華晶科,21,12,9,康和-台南,2024-04-29,8458
4726,永昕,9,0,9,康和-台南,2024-04-29,8458
8438,昶昕,9,0,9,康和-台南,2024-04-29,8458
2101,南港,11,3,8,康和-台南,2024-04-29,8458
6548,長科*,8,0,8,康和-台南,2024-04-29,8458
4716,大立,7,0,7,康和-台南,2024-04-29,8458
5328,華容,7,0,7,康和-台南,2024-04-29,8458
9958,世紀鋼,8,1,7,康和-台南,2024-04-29,8458
8349,�矬�,8,2,6,康和-台南,2024-04-29,8458
1615,大山,6,0,6,康和-台南,2024-04-29,8458
3264,欣銓,7,1,6,康和-台南,2024-04-29,8458
4513,福裕,6,0,6,康和-台南,2024-04-29,8458
6443,元晶,8,2,6,康和-台南,2024-04-29,8458
6552,易華電,6,0,6,康和-台南,2024-04-29,8458
2464,盟立,8,2,6,康和-台南,2024-04-29,8458
1734,杏輝,5,0,5,康和-台南,2024-04-29,8458
2371,大同,49,44,5,康和-台南,2024-04-29,8458
00940,元大台灣價值高息,68,4,64,康和-台南,2024-04-30,8458
3052,夆典,62,0,62,康和-台南,2024-04-30,8458
00919,群益台灣精選高息,37,1,36,康和-台南,2024-04-30,8458
2331,精英,34,4,30,康和-台南,2024-04-30,8458
2606,裕民,30,0,30,康和-台南,2024-04-30,8458
1219,福壽,26,0,26,康和-台南,2024-04-30,8458
3715,定穎投控,36,11,25,康和-台南,2024-04-30,8458
2888,新光金,30,8,22,康和-台南,2024-04-30,8458
2618,長榮航,25,4,21,康和-台南,2024-04-30,8458
00941,中信上游半導體,20,0,20,康和-台南,2024-04-30,8458
2801,彰銀,20,0,20,康和-台南,2024-04-30,8458
6283,淳安,20,0,20,康和-台南,2024-04-30,8458
9924,福興,20,0,20,康和-台南,2024-04-30,8458
1909,榮成,19,0,19,康和-台南,2024-04-30,8458
2371,大同,36,18,18,康和-台南,2024-04-30,8458
5009,榮剛,21,3,18,康和-台南,2024-04-30,8458
2317,鴻海,22,4,18,康和-台南,2024-04-30,8458
1605,華新,17,0,17,康和-台南,2024-04-30,8458
3576,聯合再生,16,0,16,康和-台南,2024-04-30,8458
2014,中鴻,15,0,15,康和-台南,2024-04-30,8458
1717,長興,15,1,14,康和-台南,2024-04-30,8458
00929,復華台灣科技優息,13,1,12,康和-台南,2024-04-30,8458
2605,新興,12,0,12,康和-台南,2024-04-30,8458
1514,亞力,24,13,11,康和-台南,2024-04-30,8458
6190,萬泰科,12,1,11,康和-台南,2024-04-30,8458
2891,中信金,29,19,10,康和-台南,2024-04-30,8458
1312,國喬,10,0,10,康和-台南,2024-04-30,8458
1504,東元,20,10,10,康和-台南,2024-04-30,8458
1515,力山,10,0,10,康和-台南,2024-04-30,8458
1609,大亞,15,5,10,康和-台南,2024-04-30,8458
2440,太空梭,10,0,10,康和-台南,2024-04-30,8458
2547,日勝生,10,0,10,康和-台南,2024-04-30,8458
3006,晶豪科,10,0,10,康和-台南,2024-04-30,8458
6116,彩晶,10,0,10,康和-台南,2024-04-30,8458
6830,汎銓,10,0,10,康和-台南,2024-04-30,8458
8074,鉅橡,10,0,10,康和-台南,2024-04-30,8458
8088,品安,10,0,10,康和-台南,2024-04-30,8458
2637,慧洋-KY,11,2,9,康和-台南,2024-04-30,8458
3706,神達,17,8,9,康和-台南,2024-04-30,8458
8150,南茂,12,3,9,康和-台南,2024-04-30,8458
3234,光環,10,2,8,康和-台南,2024-04-30,8458
1314,中石化,25,17,8,康和-台南,2024-04-30,8458
2461,光群雷,9,1,8,康和-台南,2024-04-30,8458
2834,臺企銀,7,0,7,康和-台南,2024-04-30,8458
2363,矽統,36,30,6,康和-台南,2024-04-30,8458
2392,正崴,6,0,6,康和-台南,2024-04-30,8458
4303,信立,8,2,6,康和-台南,2024-04-30,8458
4974,亞泰,6,0,6,康和-台南,2024-04-30,8458
8096,擎亞,12,6,6,康和-台南,2024-04-30,8458
9945,潤泰新,9,3,6,康和-台南,2024-04-30,8458
00929,復華台灣科技優息,172,0,172,康和-台南,2024-05-02,8458
00631L,元大台灣50正2,201,42,159,康和-台南,2024-05-02,8458
2801,彰銀,110,0,110,康和-台南,2024-05-02,8458
1316,上曜,100,5,95,康和-台南,2024-05-02,8458
00940,元大台灣價值高息,110,24,86,康和-台南,2024-05-02,8458
6283,淳安,80,0,80,康和-台南,2024-05-02,8458
3481,群創,60,13,47,康和-台南,2024-05-02,8458
5512,力麒,61,20,41,康和-台南,2024-05-02,8458
00878,國泰永續高股息,41,3,38,康和-台南,2024-05-02,8458
2363,矽統,43,9,34,康和-台南,2024-05-02,8458
2401,凌陽,42,11,31,康和-台南,2024-05-02,8458
2880,華南金,31,5,26,康和-台南,2024-05-02,8458
2618,長榮航,160,137,23,康和-台南,2024-05-02,8458
2881,富邦金,20,0,20,康和-台南,2024-05-02,8458
00680L,元大美債20正2,20,0,20,康和-台南,2024-05-02,8458
2355,敬鵬,20,0,20,康和-台南,2024-05-02,8458
5425,台半,20,0,20,康和-台南,2024-05-02,8458
5880,合庫金,21,3,18,康和-台南,2024-05-02,8458
6425,易發,17,0,17,康和-台南,2024-05-02,8458
5371,中光電,19,3,16,康和-台南,2024-05-02,8458
1445,大宇,15,0,15,康和-台南,2024-05-02,8458
1446,宏和,15,0,15,康和-台南,2024-05-02,8458
2515,中工,49,34,15,康和-台南,2024-05-02,8458
4526,東台,14,1,13,康和-台南,2024-05-02,8458
2330,台積電,13,0,13,康和-台南,2024-05-02,8458
2327,國巨,12,0,12,康和-台南,2024-05-02,8458
2317,鴻海,16,5,11,康和-台南,2024-05-02,8458
2743,山富,14,3,11,康和-台南,2024-05-02,8458
00941,中信上游半導體,11,0,11,康和-台南,2024-05-02,8458
2891,中信金,22,12,10,康和-台南,2024-05-02,8458
1612,宏泰,10,0,10,康和-台南,2024-05-02,8458
2374,佳能,11,1,10,康和-台南,2024-05-02,8458
2543,皇昌,11,1,10,康和-台南,2024-05-02,8458
2641,正德,22,12,10,康和-台南,2024-05-02,8458
5328,華容,10,0,10,康和-台南,2024-05-02,8458
5516,雙喜,10,0,10,康和-台南,2024-05-02,8458
8064,東捷,11,3,8,康和-台南,2024-05-02,8458
1532,勤美,9,1,8,康和-台南,2024-05-02,8458
9933,中鼎,10,2,8,康和-台南,2024-05-02,8458
00937B,群益ESG投等債20,7,0,7,康和-台南,2024-05-02,8458
3234,光環,7,0,7,康和-台南,2024-05-02,8458
3287,廣寰科,8,1,7,康和-台南,2024-05-02,8458
3706,神達,7,0,7,康和-台南,2024-05-02,8458
2009,第一銅,7,0,7,康和-台南,2024-05-02,8458
00733,富邦臺灣中小,6,0,6,康和-台南,2024-05-02,8458
2208,台船,6,0,6,康和-台南,2024-05-02,8458
1905,華紙,6,0,6,康和-台南,2024-05-02,8458
2301,光寶科,6,0,6,康和-台南,2024-05-02,8458
2427,三商電,6,0,6,康和-台南,2024-05-02,8458
2501,國建,21,15,6,康和-台南,2024-05-02,8458
2801,彰銀,75,0,75,康和-台南,2024-05-03,8458
9904,寶成,61,0,61,康和-台南,2024-05-03,8458
8096,擎亞,63,11,52,康和-台南,2024-05-03,8458
1446,宏和,77,27,50,康和-台南,2024-05-03,8458
2838,聯邦銀,50,0,50,康和-台南,2024-05-03,8458
9945,潤泰新,37,2,35,康和-台南,2024-05-03,8458
5531,鄉林,37,6,31,康和-台南,2024-05-03,8458
3052,夆典,30,0,30,康和-台南,2024-05-03,8458
2344,華邦電,70,44,26,康和-台南,2024-05-03,8458
1608,華榮,24,0,24,康和-台南,2024-05-03,8458
1609,大亞,26,4,22,康和-台南,2024-05-03,8458
2501,國建,29,7,22,康和-台南,2024-05-03,8458
2617,台航,20,0,20,康和-台南,2024-05-03,8458
6278,台表科,20,0,20,康和-台南,2024-05-03,8458
00919,群益台灣精選高息,21,1,20,康和-台南,2024-05-03,8458
8110,華東,20,1,19,康和-台南,2024-05-03,8458
1514,亞力,18,0,18,康和-台南,2024-05-03,8458
2887,台新金,16,0,16,康和-台南,2024-05-03,8458
1909,榮成,16,0,16,康和-台南,2024-05-03,8458
2610,華航,15,1,14,康和-台南,2024-05-03,8458
6120,達運,14,0,14,康和-台南,2024-05-03,8458
3231,緯創,15,2,13,康和-台南,2024-05-03,8458
00937B,群益ESG投等債20,13,0,13,康和-台南,2024-05-03,8458
1504,東元,22,10,12,康和-台南,2024-05-03,8458
1307,三芳,10,0,10,康和-台南,2024-05-03,8458
2101,南港,13,3,10,康和-台南,2024-05-03,8458
2355,敬鵬,11,1,10,康和-台南,2024-05-03,8458
5512,力麒,13,3,10,康和-台南,2024-05-03,8458
5864,致和證,10,0,10,康和-台南,2024-05-03,8458
6216,居易,10,0,10,康和-台南,2024-05-03,8458
2103,台橡,10,0,10,康和-台南,2024-05-03,8458
1612,宏泰,9,0,9,康和-台南,2024-05-03,8458
1785,光洋科,10,1,9,康和-台南,2024-05-03,8458
3715,定穎投控,11,2,9,康和-台南,2024-05-03,8458
1515,力山,9,0,9,康和-台南,2024-05-03,8458
1815,富喬,11,2,9,康和-台南,2024-05-03,8458
2025,千興,9,0,9,康和-台南,2024-05-03,8458
4533,協易機,10,1,9,康和-台南,2024-05-03,8458
00679B,元大美債20年,8,0,8,康和-台南,2024-05-03,8458
2406,國碩,13,5,8,康和-台南,2024-05-03,8458
3706,神達,8,0,8,康和-台南,2024-05-03,8458
6770,力積電,17,9,8,康和-台南,2024-05-03,8458
6213,聯茂,8,1,7,康和-台南,2024-05-03,8458
2354,鴻準,8,1,7,康和-台南,2024-05-03,8458
2392,正崴,7,0,7,康和-台南,2024-05-03,8458
2888,新光金,10,3,7,康和-台南,2024-05-03,8458
4967,十銓,20,13,7,康和-台南,2024-05-03,8458
3712,永崴投控,9,3,6,康和-台南,2024-05-03,8458
2363,矽統,10,5,5,康和-台南,2024-05-03,8458
1445,大宇,5,0,5,康和-台南,2024-05-03,8458
2897,王道銀行,215,0,215,康和-台南,2024-05-06,8458
00665L,富邦�琤肭磪囓�2,80,0,80,康和-台南,2024-05-06,8458
2618,長榮航,149,73,76,康和-台南,2024-05-06,8458
9933,中鼎,66,3,63,康和-台南,2024-05-06,8458
9904,寶成,59,1,58,康和-台南,2024-05-06,8458
2355,敬鵬,40,0,40,康和-台南,2024-05-06,8458
5864,致和證,35,0,35,康和-台南,2024-05-06,8458
1609,大亞,38,6,32,康和-台南,2024-05-06,8458
2409,友達,37,6,31,康和-台南,2024-05-06,8458
8110,華東,30,0,30,康和-台南,2024-05-06,8458
3234,光環,29,0,29,康和-台南,2024-05-06,8458
2107,厚生,29,0,29,康和-台南,2024-05-06,8458
2520,冠德,31,2,29,康和-台南,2024-05-06,8458
2706,第一店,21,0,21,康和-台南,2024-05-06,8458
1402,遠東新,20,0,20,康和-台南,2024-05-06,8458
4716,大立,21,1,20,康和-台南,2024-05-06,8458
2392,正崴,19,2,17,康和-台南,2024-05-06,8458
1445,大宇,31,15,16,康和-台南,2024-05-06,8458
2543,皇昌,17,1,16,康和-台南,2024-05-06,8458
2353,宏��,30,14,16,康和-台南,2024-05-06,8458
00679B,元大美債20年,19,4,15,康和-台南,2024-05-06,8458
2537,聯上發,20,5,15,康和-台南,2024-05-06,8458
6283,淳安,15,0,15,康和-台南,2024-05-06,8458
2547,日勝生,17,4,13,康和-台南,2024-05-06,8458
1316,上曜,118,106,12,康和-台南,2024-05-06,8458
2449,京元電子,12,0,12,康和-台南,2024-05-06,8458
2511,太子,14,2,12,康和-台南,2024-05-06,8458
4714,永捷,14,2,12,康和-台南,2024-05-06,8458
2308,台達電,11,0,11,康和-台南,2024-05-06,8458
6143,振曜,31,20,11,康和-台南,2024-05-06,8458
1605,華新,11,1,10,康和-台南,2024-05-06,8458
3036,文曄,10,0,10,康和-台南,2024-05-06,8458
6168,宏齊,10,0,10,康和-台南,2024-05-06,8458
6177,達麗,15,5,10,康和-台南,2024-05-06,8458
8111,立��,10,0,10,康和-台南,2024-05-06,8458
2834,臺企銀,9,0,9,康和-台南,2024-05-06,8458
3090,日電貿,9,0,9,康和-台南,2024-05-06,8458
2515,中工,18,9,9,康和-台南,2024-05-06,8458
2363,矽統,15,6,9,康和-台南,2024-05-06,8458
00933B,國泰10Y+金融債,10,2,8,康和-台南,2024-05-06,8458
1522,堤維西,8,0,8,康和-台南,2024-05-06,8458
2427,三商電,8,0,8,康和-台南,2024-05-06,8458
2495,普安,10,2,8,康和-台南,2024-05-06,8458
2539,櫻花建,8,0,8,康和-台南,2024-05-06,8458
3712,永崴投控,8,0,8,康和-台南,2024-05-06,8458
5457,宣德,8,0,8,康和-台南,2024-05-06,8458
00940,元大台灣價值高息,11,4,7,康和-台南,2024-05-06,8458
2371,大同,37,30,7,康和-台南,2024-05-06,8458
2501,國建,9,2,7,康和-台南,2024-05-06,8458
5371,中光電,7,0,7,康和-台南,2024-05-06,8458
2515,中工,143,36,107,康和-台南,2024-05-07,8458
2801,彰銀,105,1,104,康和-台南,2024-05-07,8458
2618,長榮航,277,202,75,康和-台南,2024-05-07,8458
6770,力積電,63,0,63,康和-台南,2024-05-07,8458
1305,華夏,60,0,60,康和-台南,2024-05-07,8458
00929,復華台灣科技優息,67,16,51,康和-台南,2024-05-07,8458
1446,宏和,80,30,50,康和-台南,2024-05-07,8458
00631L,元大台灣50正2,41,1,40,康和-台南,2024-05-07,8458
2881,富邦金,40,0,40,康和-台南,2024-05-07,8458
1326,台化,40,0,40,康和-台南,2024-05-07,8458
1108,幸福,36,0,36,康和-台南,2024-05-07,8458
1612,宏泰,43,9,34,康和-台南,2024-05-07,8458
3052,夆典,30,0,30,康和-台南,2024-05-07,8458
3481,群創,40,11,29,康和-台南,2024-05-07,8458
1416,廣豐,40,16,24,康和-台南,2024-05-07,8458
3013,晟銘電,32,10,22,康和-台南,2024-05-07,8458
1314,中石化,30,9,21,康和-台南,2024-05-07,8458
00632R,元大台灣50反1,50,30,20,康和-台南,2024-05-07,8458
2344,華邦電,22,2,20,康和-台南,2024-05-07,8458
5531,鄉林,21,1,20,康和-台南,2024-05-07,8458
5864,致和證,20,0,20,康和-台南,2024-05-07,8458
2891,中信金,38,21,17,康和-台南,2024-05-07,8458
5009,榮剛,17,0,17,康和-台南,2024-05-07,8458
2486,一詮,48,31,17,康和-台南,2024-05-07,8458
9958,世紀鋼,18,1,17,康和-台南,2024-05-07,8458
3004,豐達科,16,0,16,康和-台南,2024-05-07,8458
6016,康和證,15,0,15,康和-台南,2024-05-07,8458
1513,中興電,15,1,14,康和-台南,2024-05-07,8458
1524,耿鼎,13,0,13,康和-台南,2024-05-07,8458
1608,華榮,51,38,13,康和-台南,2024-05-07,8458
4306,炎洲,13,0,13,康和-台南,2024-05-07,8458
2027,大成鋼,12,0,12,康和-台南,2024-05-07,8458
4967,十銓,20,8,12,康和-台南,2024-05-07,8458
1605,華新,11,0,11,康和-台南,2024-05-07,8458
3587,閎康,11,0,11,康和-台南,2024-05-07,8458
2883,凱基金,11,0,11,康和-台南,2024-05-07,8458
2834,臺企銀,10,0,10,康和-台南,2024-05-07,8458
2324,仁寶,10,0,10,康和-台南,2024-05-07,8458
2485,兆赫,10,0,10,康和-台南,2024-05-07,8458
3036,文曄,10,0,10,康和-台南,2024-05-07,8458
3209,全科,10,0,10,康和-台南,2024-05-07,8458
4167,松瑞藥,10,0,10,康和-台南,2024-05-07,8458
4513,福裕,10,0,10,康和-台南,2024-05-07,8458
4973,廣穎,10,0,10,康和-台南,2024-05-07,8458
6239,力成,10,0,10,康和-台南,2024-05-07,8458
2887,台新金,11,2,9,康和-台南,2024-05-07,8458
2025,千興,10,1,9,康和-台南,2024-05-07,8458
2354,鴻準,16,7,9,康和-台南,2024-05-07,8458
6117,迎廣,18,9,9,康和-台南,2024-05-07,8458
00881,國泰台灣5G+,10,2,8,康和-台南,2024-05-07,8458
00633L,富邦上証正2,100,0,100,康和-台南,2024-05-08,8458
00940,元大台灣價值高息,105,15,90,康和-台南,2024-05-08,8458
1416,廣豐,60,0,60,康和-台南,2024-05-08,8458
2029,盛餘,60,0,60,康和-台南,2024-05-08,8458
5521,工信,60,0,60,康和-台南,2024-05-08,8458
1314,中石化,56,1,55,康和-台南,2024-05-08,8458
6005,群益證,50,5,45,康和-台南,2024-05-08,8458
2881,富邦金,43,0,43,康和-台南,2024-05-08,8458
00665L,富邦�琤肭磪囓�2,40,0,40,康和-台南,2024-05-08,8458
00932,兆豐永續高息等權,40,0,40,康和-台南,2024-05-08,8458
2852,第一保,40,1,39,康和-台南,2024-05-08,8458
00918,大華優利高填息30,29,0,29,康和-台南,2024-05-08,8458
00878,國泰永續高股息,56,27,29,康和-台南,2024-05-08,8458
00939,統一台灣高息動能,30,2,28,康和-台南,2024-05-08,8458
2501,國建,27,1,26,康和-台南,2024-05-08,8458
2392,正崴,33,9,24,康和-台南,2024-05-08,8458
1503,士電,23,1,22,康和-台南,2024-05-08,8458
2832,台產,21,0,21,康和-台南,2024-05-08,8458
4588,玖鼎電力,22,1,21,康和-台南,2024-05-08,8458
2739,寒舍,20,0,20,康和-台南,2024-05-08,8458
6790,永豐實,21,1,20,康和-台南,2024-05-08,8458
8064,東捷,20,0,20,康和-台南,2024-05-08,8458
2301,光寶科,20,1,19,康和-台南,2024-05-08,8458
3036,文曄,29,12,17,康和-台南,2024-05-08,8458
2606,裕民,19,3,16,康和-台南,2024-05-08,8458
1440,南紡,15,1,14,康和-台南,2024-05-08,8458
5871,中租-KY,14,0,14,康和-台南,2024-05-08,8458
2634,漢翔,16,3,13,康和-台南,2024-05-08,8458
3512,皇龍,15,2,13,康和-台南,2024-05-08,8458
4967,十銓,16,4,12,康和-台南,2024-05-08,8458
2545,皇翔,11,0,11,康和-台南,2024-05-08,8458
6207,雷科,12,1,11,康和-台南,2024-05-08,8458
8112,至上,14,3,11,康和-台南,2024-05-08,8458
2543,皇昌,10,0,10,康和-台南,2024-05-08,8458
2637,慧洋-KY,16,6,10,康和-台南,2024-05-08,8458
6016,康和證,10,0,10,康和-台南,2024-05-08,8458
6219,富旺,10,0,10,康和-台南,2024-05-08,8458
2527,宏璟,9,0,9,康和-台南,2024-05-08,8458
1609,大亞,15,6,9,康和-台南,2024-05-08,8458
00933B,國泰10Y+金融債,10,1,9,康和-台南,2024-05-08,8458
3376,新日興,8,0,8,康和-台南,2024-05-08,8458
00929,復華台灣科技優息,8,1,7,康和-台南,2024-05-08,8458
2371,大同,37,30,7,康和-台南,2024-05-08,8458
3306,鼎天,8,2,6,康和-台南,2024-05-08,8458
4306,炎洲,6,0,6,康和-台南,2024-05-08,8458
2515,中工,6,1,5,康和-台南,2024-05-08,8458
2834,臺企銀,5,0,5,康和-台南,2024-05-08,8458
00937B,群益ESG投等債20,5,0,5,康和-台南,2024-05-08,8458
1515,力山,7,2,5,康和-台南,2024-05-08,8458
1526,日馳,5,0,5,康和-台南,2024-05-08,8458
2618,長榮航,435,10,425,康和-台南,2024-05-09,8458
00680L,元大美債20正2,303,0,303,康和-台南,2024-05-09,8458
2851,中再保,254,0,254,康和-台南,2024-05-09,8458
1416,廣豐,147,50,97,康和-台南,2024-05-09,8458
2888,新光金,90,5,85,康和-台南,2024-05-09,8458
00878,國泰永續高股息,69,12,57,康和-台南,2024-05-09,8458
1409,新纖,50,0,50,康和-台南,2024-05-09,8458
2801,彰銀,49,0,49,康和-台南,2024-05-09,8458
2367,燿華,69,21,48,康和-台南,2024-05-09,8458
1514,亞力,54,7,47,康和-台南,2024-05-09,8458
6790,永豐實,44,0,44,康和-台南,2024-05-09,8458
1326,台化,40,0,40,康和-台南,2024-05-09,8458
1513,中興電,33,1,32,康和-台南,2024-05-09,8458
5864,致和證,31,0,31,康和-台南,2024-05-09,8458
2605,新興,34,5,29,康和-台南,2024-05-09,8458
3313,斐成,28,0,28,康和-台南,2024-05-09,8458
2408,南亞科,26,0,26,康和-台南,2024-05-09,8458
00937B,群益ESG投等債20,25,0,25,康和-台南,2024-05-09,8458
2353,宏��,28,3,25,康和-台南,2024-05-09,8458
00929,復華台灣科技優息,26,2,24,康和-台南,2024-05-09,8458
00665L,富邦�琤肭磪囓�2,24,0,24,康和-台南,2024-05-09,8458
2363,矽統,36,12,24,康和-台南,2024-05-09,8458
3231,緯創,24,2,22,康和-台南,2024-05-09,8458
2317,鴻海,53,33,20,康和-台南,2024-05-09,8458
00637L,元大滬深300正2,20,0,20,康和-台南,2024-05-09,8458
2852,第一保,20,0,20,康和-台南,2024-05-09,8458
2881,富邦金,30,13,17,康和-台南,2024-05-09,8458
2884,玉山金,16,0,16,康和-台南,2024-05-09,8458
3260,威剛,17,2,15,康和-台南,2024-05-09,8458
1608,華榮,15,1,14,康和-台南,2024-05-09,8458
2515,中工,14,1,13,康和-台南,2024-05-09,8458
00932,兆豐永續高息等權,13,0,13,康和-台南,2024-05-09,8458
00919,群益台灣精選高息,13,0,13,康和-台南,2024-05-09,8458
1436,華友聯,13,0,13,康和-台南,2024-05-09,8458
2362,藍天,15,2,13,康和-台南,2024-05-09,8458
00679B,元大美債20年,37,25,12,康和-台南,2024-05-09,8458
6414,樺漢,12,0,12,康和-台南,2024-05-09,8458
3715,定穎投控,11,0,11,康和-台南,2024-05-09,8458
1615,大山,14,4,10,康和-台南,2024-05-09,8458
00795B,中信美國公債20年,35,25,10,康和-台南,2024-05-09,8458
00944,野村趨勢動能高息,10,0,10,康和-台南,2024-05-09,8458
1442,名軒,10,0,10,康和-台南,2024-05-09,8458
2387,精元,10,0,10,康和-台南,2024-05-09,8458
2392,正崴,10,0,10,康和-台南,2024-05-09,8458
6233,旺玖,10,0,10,康和-台南,2024-05-09,8458
3036,文曄,13,4,9,康和-台南,2024-05-09,8458
1618,合機,10,1,9,康和-台南,2024-05-09,8458
2329,華泰,9,0,9,康和-台南,2024-05-09,8458
6120,達運,9,0,9,康和-台南,2024-05-09,8458
1605,華新,14,5,9,康和-台南,2024-05-09,8458
2371,大同,102,6,96,康和-台南,2024-05-10,8458
00929,復華台灣科技優息,66,6,60,康和-台南,2024-05-10,8458
2002,中鋼,60,2,58,康和-台南,2024-05-10,8458
3481,群創,38,3,35,康和-台南,2024-05-10,8458
00946,群益科技高息成長,31,0,31,康和-台南,2024-05-10,8458
2313,華通,35,4,31,康和-台南,2024-05-10,8458
2029,盛餘,30,0,30,康和-台南,2024-05-10,8458
6216,居易,30,2,28,康和-台南,2024-05-10,8458
1446,宏和,25,3,22,康和-台南,2024-05-10,8458
1515,力山,22,0,22,康和-台南,2024-05-10,8458
00878,國泰永續高股息,31,10,21,康和-台南,2024-05-10,8458
00941,中信上游半導體,19,0,19,康和-台南,2024-05-10,8458
6668,中揚光,20,1,19,康和-台南,2024-05-10,8458
5521,工信,20,2,18,康和-台南,2024-05-10,8458
8112,至上,22,6,16,康和-台南,2024-05-10,8458
00637L,元大滬深300正2,20,5,15,康和-台南,2024-05-10,8458
1608,華榮,15,0,15,康和-台南,2024-05-10,8458
2739,寒舍,15,0,15,康和-台南,2024-05-10,8458
3013,晟銘電,58,46,12,康和-台南,2024-05-10,8458
3231,緯創,17,6,11,康和-台南,2024-05-10,8458
00680L,元大美債20正2,11,0,11,康和-台南,2024-05-10,8458
2527,宏璟,11,0,11,康和-台南,2024-05-10,8458
8234,新漢,11,0,11,康和-台南,2024-05-10,8458
1307,三芳,10,0,10,康和-台南,2024-05-10,8458
1402,遠東新,10,0,10,康和-台南,2024-05-10,8458
2337,旺宏,10,0,10,康和-台南,2024-05-10,8458
6425,易發,10,0,10,康和-台南,2024-05-10,8458
2449,京元電子,10,0,10,康和-台南,2024-05-10,8458
2486,一詮,24,14,10,康和-台南,2024-05-10,8458
1504,東元,20,11,9,康和-台南,2024-05-10,8458
3022,威強電,9,0,9,康和-台南,2024-05-10,8458
3706,神達,33,24,9,康和-台南,2024-05-10,8458
2363,矽統,10,2,8,康和-台南,2024-05-10,8458
2501,國建,12,5,7,康和-台南,2024-05-10,8458
2617,台航,38,31,7,康和-台南,2024-05-10,8458
6189,豐藝,7,0,7,康和-台南,2024-05-10,8458
1440,南紡,6,0,6,康和-台南,2024-05-10,8458
2374,佳能,8,2,6,康和-台南,2024-05-10,8458
2421,建準,7,1,6,康和-台南,2024-05-10,8458
2545,皇翔,6,0,6,康和-台南,2024-05-10,8458
6005,群益證,6,0,6,康和-台南,2024-05-10,8458
6180,橘子,7,1,6,康和-台南,2024-05-10,8458
6414,樺漢,6,0,6,康和-台南,2024-05-10,8458
9944,新麗,19,13,6,康和-台南,2024-05-10,8458
0056,元大高股息,8,2,6,康和-台南,2024-05-10,8458
00697B,元大美債7-10,6,0,6,康和-台南,2024-05-10,8458
3715,定穎投控,5,0,5,康和-台南,2024-05-10,8458
2206,三陽工業,6,1,5,康和-台南,2024-05-10,8458
00881,國泰台灣5G+,5,0,5,康和-台南,2024-05-10,8458
1308,亞聚,5,0,5,康和-台南,2024-05-10,8458
2801,彰銀,150,0,150,康和-台南,2024-05-13,8458
2618,長榮航,272,132,140,康和-台南,2024-05-13,8458
6770,力積電,140,3,137,康和-台南,2024-05-13,8458
2371,大同,188,97,91,康和-台南,2024-05-13,8458
1409,新纖,60,0,60,康和-台南,2024-05-13,8458
2409,友達,58,5,53,康和-台南,2024-05-13,8458
2601,益航,50,0,50,康和-台南,2024-05-13,8458
2836,高雄銀,50,0,50,康和-台南,2024-05-13,8458
5521,工信,50,0,50,康和-台南,2024-05-13,8458
00929,復華台灣科技優息,44,0,44,康和-台南,2024-05-13,8458
00665L,富邦�琤肭磪囓�2,40,0,40,康和-台南,2024-05-13,8458
2881,富邦金,40,2,38,康和-台南,2024-05-13,8458
00937B,群益ESG投等債20,38,3,35,康和-台南,2024-05-13,8458
2641,正德,35,2,33,康和-台南,2024-05-13,8458
00878,國泰永續高股息,29,3,26,康和-台南,2024-05-13,8458
3339,泰谷,22,0,22,康和-台南,2024-05-13,8458
2401,凌陽,20,0,20,康和-台南,2024-05-13,8458
00919,群益台灣精選高息,18,0,18,康和-台南,2024-05-13,8458
2501,國建,25,7,18,康和-台南,2024-05-13,8458
3231,緯創,20,3,17,康和-台南,2024-05-13,8458
5508,永信建,19,3,16,康和-台南,2024-05-13,8458
6257,矽格,16,0,16,康和-台南,2024-05-13,8458
1446,宏和,15,0,15,康和-台南,2024-05-13,8458
2891,中信金,19,6,13,康和-台南,2024-05-13,8458
9950,萬國通,13,0,13,康和-台南,2024-05-13,8458
1524,耿鼎,14,2,12,康和-台南,2024-05-13,8458
00931B,統一美債20年,21,11,10,康和-台南,2024-05-13,8458
1532,勤美,10,0,10,康和-台南,2024-05-13,8458
2031,新光鋼,10,0,10,康和-台南,2024-05-13,8458
2313,華通,10,0,10,康和-台南,2024-05-13,8458
2906,高林,10,0,10,康和-台南,2024-05-13,8458
2449,京元電子,10,1,9,康和-台南,2024-05-13,8458
2636,台驊控股,9,0,9,康和-台南,2024-05-13,8458
00946,群益科技高息成長,8,0,8,康和-台南,2024-05-13,8458
1504,東元,10,2,8,康和-台南,2024-05-13,8458
2731,雄獅,7,1,6,康和-台南,2024-05-13,8458
8150,南茂,10,4,6,康和-台南,2024-05-13,8458
9945,潤泰新,8,2,6,康和-台南,2024-05-13,8458
2486,一詮,35,30,5,康和-台南,2024-05-13,8458
1104,環泥,5,0,5,康和-台南,2024-05-13,8458
00932,兆豐永續高息等權,5,0,5,康和-台南,2024-05-13,8458
1319,東陽,5,0,5,康和-台南,2024-05-13,8458
1436,華友聯,5,0,5,康和-台南,2024-05-13,8458
1449,佳和,5,0,5,康和-台南,2024-05-13,8458
1786,科妍,5,0,5,康和-台南,2024-05-13,8458
1909,榮成,5,0,5,康和-台南,2024-05-13,8458
2241,艾姆勒,5,0,5,康和-台南,2024-05-13,8458
2344,華邦電,5,0,5,康和-台南,2024-05-13,8458
2461,光群雷,5,0,5,康和-台南,2024-05-13,8458
2485,兆赫,5,0,5,康和-台南,2024-05-13,8458
2511,太子,253,0,253,康和-台南,2024-05-14,8458
2801,彰銀,100,0,100,康和-台南,2024-05-14,8458
8107,大億金茂,40,0,40,康和-台南,2024-05-14,8458
2301,光寶科,31,0,31,康和-台南,2024-05-14,8458
1416,廣豐,30,0,30,康和-台南,2024-05-14,8458
2852,第一保,30,0,30,康和-台南,2024-05-14,8458
2867,三商壽,30,0,30,康和-台南,2024-05-14,8458
2363,矽統,70,41,29,康和-台南,2024-05-14,8458
1609,大亞,34,6,28,康和-台南,2024-05-14,8458
2891,中信金,46,19,27,康和-台南,2024-05-14,8458
6123,上奇,27,0,27,康和-台南,2024-05-14,8458
2731,雄獅,26,1,25,康和-台南,2024-05-14,8458
2739,寒舍,25,0,25,康和-台南,2024-05-14,8458
6414,樺漢,25,0,25,康和-台南,2024-05-14,8458
2882,國泰金,30,6,24,康和-台南,2024-05-14,8458
2618,長榮航,32,11,21,康和-台南,2024-05-14,8458
3481,群創,26,5,21,康和-台南,2024-05-14,8458
6668,中揚光,21,0,21,康和-台南,2024-05-14,8458
2851,中再保,30,10,20,康和-台南,2024-05-14,8458
2884,玉山金,20,0,20,康和-台南,2024-05-14,8458
00891,中信關鍵半導體,18,0,18,康和-台南,2024-05-14,8458
6216,居易,18,0,18,康和-台南,2024-05-14,8458
2344,華邦電,41,25,16,康和-台南,2024-05-14,8458
3060,銘異,19,3,16,康和-台南,2024-05-14,8458
00631L,元大台灣50正2,16,0,16,康和-台南,2024-05-14,8458
00937B,群益ESG投等債20,14,0,14,康和-台南,2024-05-14,8458
2324,仁寶,32,18,14,康和-台南,2024-05-14,8458
2392,正崴,13,1,12,康和-台南,2024-05-14,8458
3231,緯創,18,6,12,康和-台南,2024-05-14,8458
00933B,國泰10Y+金融債,11,0,11,康和-台南,2024-05-14,8458
6425,易發,11,0,11,康和-台南,2024-05-14,8458
00946,群益科技高息成長,10,0,10,康和-台南,2024-05-14,8458
3363,上詮,20,10,10,康和-台南,2024-05-14,8458
00857B,永豐20年美公債,60,50,10,康和-台南,2024-05-14,8458
1312,國喬,10,0,10,康和-台南,2024-05-14,8458
1446,宏和,10,0,10,康和-台南,2024-05-14,8458
2374,佳能,15,5,10,康和-台南,2024-05-14,8458
5392,能率,12,2,10,康和-台南,2024-05-14,8458
5464,霖宏,10,0,10,康和-台南,2024-05-14,8458
1324,地球,14,5,9,康和-台南,2024-05-14,8458
2537,聯上發,10,1,9,康和-台南,2024-05-14,8458
2913,農林,9,0,9,康和-台南,2024-05-14,8458
8112,至上,13,4,9,康和-台南,2024-05-14,8458
00936,台新永續高息中小,8,0,8,康和-台南,2024-05-14,8458
2355,敬鵬,10,2,8,康和-台南,2024-05-14,8458
2820,華票,8,0,8,康和-台南,2024-05-14,8458
9945,潤泰新,11,3,8,康和-台南,2024-05-14,8458
3376,新日興,8,1,7,康和-台南,2024-05-14,8458
00940,元大台灣價值高息,13,7,6,康和-台南,2024-05-14,8458
2313,華通,7,1,6,康和-台南,2024-05-14,8458
2312,金寶,95,10,85,康和-台南,2024-05-15,8458
2888,新光金,100,15,85,康和-台南,2024-05-15,8458
2618,長榮航,77,0,77,康和-台南,2024-05-15,8458
2317,鴻海,116,59,57,康和-台南,2024-05-15,8458
00929,復華台灣科技優息,67,11,56,康和-台南,2024-05-15,8458
2801,彰銀,56,0,56,康和-台南,2024-05-15,8458
00632R,元大台灣50反1,51,0,51,康和-台南,2024-05-15,8458
9933,中鼎,47,0,47,康和-台南,2024-05-15,8458
1609,大亞,39,4,35,康和-台南,2024-05-15,8458
2356,英業達,46,16,30,康和-台南,2024-05-15,8458
4533,協易機,28,3,25,康和-台南,2024-05-15,8458
00878,國泰永續高股息,27,3,24,康和-台南,2024-05-15,8458
00946,群益科技高息成長,23,0,23,康和-台南,2024-05-15,8458
00637L,元大滬深300正2,22,0,22,康和-台南,2024-05-15,8458
6790,永豐實,21,0,21,康和-台南,2024-05-15,8458
00720B,元大投資級公司債,21,0,21,康和-台南,2024-05-15,8458
2331,精英,33,12,21,康和-台南,2024-05-15,8458
2906,高林,21,0,21,康和-台南,2024-05-15,8458
5533,皇鼎,20,0,20,康和-台南,2024-05-15,8458
6215,和椿,32,12,20,康和-台南,2024-05-15,8458
3035,智原,20,1,19,康和-台南,2024-05-15,8458
5608,四維航,25,6,19,康和-台南,2024-05-15,8458
00919,群益台灣精選高息,18,0,18,康和-台南,2024-05-15,8458
3376,新日興,18,1,17,康和-台南,2024-05-15,8458
3708,上緯投控,16,0,16,康和-台南,2024-05-15,8458
00940,元大台灣價值高息,19,4,15,康和-台南,2024-05-15,8458
6244,茂迪,15,0,15,康和-台南,2024-05-15,8458
00918,大華優利高填息30,14,0,14,康和-台南,2024-05-15,8458
2515,中工,14,0,14,康和-台南,2024-05-15,8458
2545,皇翔,15,1,14,康和-台南,2024-05-15,8458
2486,一詮,20,8,12,康和-台南,2024-05-15,8458
00932,兆豐永續高息等權,12,0,12,康和-台南,2024-05-15,8458
8054,安國,12,1,11,康和-台南,2024-05-15,8458
00935,野村臺灣新科技50,10,0,10,康和-台南,2024-05-15,8458
1909,榮成,10,0,10,康和-台南,2024-05-15,8458
2449,京元電子,10,0,10,康和-台南,2024-05-15,8458
3557,嘉威,10,0,10,康和-台南,2024-05-15,8458
4414,如興,10,0,10,康和-台南,2024-05-15,8458
6668,中揚光,10,0,10,康和-台南,2024-05-15,8458
00631L,元大台灣50正2,110,100,10,康和-台南,2024-05-15,8458
4588,玖鼎電力,10,0,10,康和-台南,2024-05-15,8458
5371,中光電,9,0,9,康和-台南,2024-05-15,8458
2014,中鴻,9,0,9,康和-台南,2024-05-15,8458
3287,廣寰科,10,1,9,康和-台南,2024-05-15,8458
3564,其陽,9,0,9,康和-台南,2024-05-15,8458
9945,潤泰新,20,11,9,康和-台南,2024-05-15,8458
2603,長榮,14,6,8,康和-台南,2024-05-15,8458
6806,森崴能源,19,11,8,康和-台南,2024-05-15,8458
2464,盟立,14,6,8,康和-台南,2024-05-15,8458
2617,台航,10,2,8,康和-台南,2024-05-15,8458
00637L,元大滬深300正2,1000,0,1000,康和-台南,2024-05-16,8458
00679B,元大美債20年,547,1,546,康和-台南,2024-05-16,8458
2371,大同,122,4,118,康和-台南,2024-05-16,8458
1309,台達化,100,0,100,康和-台南,2024-05-16,8458
2888,新光金,100,6,94,康和-台南,2024-05-16,8458
1305,華夏,90,0,90,康和-台南,2024-05-16,8458
2801,彰銀,85,0,85,康和-台南,2024-05-16,8458
2897,王道銀行,60,1,59,康和-台南,2024-05-16,8458
00929,復華台灣科技優息,57,8,49,康和-台南,2024-05-16,8458
2617,台航,40,0,40,康和-台南,2024-05-16,8458
8091,翔名,50,15,35,康和-台南,2024-05-16,8458
2881,富邦金,41,7,34,康和-台南,2024-05-16,8458
3052,夆典,32,0,32,康和-台南,2024-05-16,8458
2359,所羅門,38,7,31,康和-台南,2024-05-16,8458
5351,鈺創,28,5,23,康和-台南,2024-05-16,8458
3231,緯創,25,4,21,康和-台南,2024-05-16,8458
2382,廣達,30,9,21,康和-台南,2024-05-16,8458
2501,國建,27,6,21,康和-台南,2024-05-16,8458
2834,臺企銀,20,0,20,康和-台南,2024-05-16,8458
1569,濱川,20,0,20,康和-台南,2024-05-16,8458
2362,藍天,35,15,20,康和-台南,2024-05-16,8458
2365,昆盈,24,4,20,康和-台南,2024-05-16,8458
3712,永崴投控,20,2,18,康和-台南,2024-05-16,8458
6425,易發,40,23,17,康和-台南,2024-05-16,8458
2356,英業達,33,21,12,康和-台南,2024-05-16,8458
2402,毅嘉,12,0,12,康和-台南,2024-05-16,8458
00932,兆豐永續高息等權,11,0,11,康和-台南,2024-05-16,8458
2337,旺宏,10,0,10,康和-台南,2024-05-16,8458
2515,中工,23,13,10,康和-台南,2024-05-16,8458
3022,威強電,10,0,10,康和-台南,2024-05-16,8458
5234,達興材料,16,6,10,康和-台南,2024-05-16,8458
6015,宏遠證,10,0,10,康和-台南,2024-05-16,8458
6414,樺漢,10,0,10,康和-台南,2024-05-16,8458
9105,泰金寶-DR,10,0,10,康和-台南,2024-05-16,8458
2405,輔信,9,0,9,康和-台南,2024-05-16,8458
6188,廣明,12,3,9,康和-台南,2024-05-16,8458
1612,宏泰,13,4,9,康和-台南,2024-05-16,8458
2101,南港,9,1,8,康和-台南,2024-05-16,8458
3312,弘憶股,8,0,8,康和-台南,2024-05-16,8458
4551,智伸科,8,0,8,康和-台南,2024-05-16,8458
8089,康全電訊,8,0,8,康和-台南,2024-05-16,8458
2423,固緯,7,0,7,康和-台南,2024-05-16,8458
0056,元大高股息,10,3,7,康和-台南,2024-05-16,8458
1514,亞力,9,2,7,康和-台南,2024-05-16,8458
2317,鴻海,35,28,7,康和-台南,2024-05-16,8458
2605,新興,10,3,7,康和-台南,2024-05-16,8458
2613,中櫃,8,1,7,康和-台南,2024-05-16,8458
4562,穎漢,7,0,7,康和-台南,2024-05-16,8458
6806,森崴能源,7,1,6,康和-台南,2024-05-16,8458
1319,東陽,7,1,6,康和-台南,2024-05-16,8458
2618,長榮航,184,85,99,康和-台南,2024-05-17,8458
6770,力積電,138,60,78,康和-台南,2024-05-17,8458
2617,台航,71,0,71,康和-台南,2024-05-17,8458
00878,國泰永續高股息,66,0,66,康和-台南,2024-05-17,8458
00929,復華台灣科技優息,63,0,63,康和-台南,2024-05-17,8458
2801,彰銀,62,0,62,康和-台南,2024-05-17,8458
3576,聯合再生,64,20,44,康和-台南,2024-05-17,8458
2353,宏��,34,1,33,康和-台南,2024-05-17,8458
3264,欣銓,32,0,32,康和-台南,2024-05-17,8458
6123,上奇,50,21,29,康和-台南,2024-05-17,8458
2845,遠東銀,25,2,23,康和-台南,2024-05-17,8458
1312,國喬,22,2,20,康和-台南,2024-05-17,8458
2344,華邦電,20,0,20,康和-台南,2024-05-17,8458
2852,第一保,20,0,20,康和-台南,2024-05-17,8458
6414,樺漢,20,0,20,康和-台南,2024-05-17,8458
6790,永豐實,20,0,20,康和-台南,2024-05-17,8458
00940,元大台灣價值高息,25,6,19,康和-台南,2024-05-17,8458
6443,元晶,23,6,17,康和-台南,2024-05-17,8458
2606,裕民,18,3,15,康和-台南,2024-05-17,8458
2834,臺企銀,15,0,15,康和-台南,2024-05-17,8458
2915,潤泰全,15,0,15,康和-台南,2024-05-17,8458
4128,中天,15,0,15,康和-台南,2024-05-17,8458
1446,宏和,20,6,14,康和-台南,2024-05-17,8458
1609,大亞,15,4,11,康和-台南,2024-05-17,8458
2356,英業達,11,0,11,康和-台南,2024-05-17,8458
2547,日勝生,12,1,11,康和-台南,2024-05-17,8458
9105,泰金寶-DR,11,0,11,康和-台南,2024-05-17,8458
00720B,元大投資級公司債,10,0,10,康和-台南,2024-05-17,8458
2489,瑞軒,15,5,10,康和-台南,2024-05-17,8458
6126,信音,11,1,10,康和-台南,2024-05-17,8458
2330,台積電,10,0,10,康和-台南,2024-05-17,8458
2609,陽明,50,41,9,康和-台南,2024-05-17,8458
1305,華夏,10,1,9,康和-台南,2024-05-17,8458
2474,可成,10,1,9,康和-台南,2024-05-17,8458
2883,凱基金,10,2,8,康和-台南,2024-05-17,8458
5498,凱崴,9,1,8,康和-台南,2024-05-17,8458
5512,力麒,10,2,8,康和-台南,2024-05-17,8458
6239,力成,8,0,8,康和-台南,2024-05-17,8458
2501,國建,13,6,7,康和-台南,2024-05-17,8458
2731,雄獅,7,0,7,康和-台南,2024-05-17,8458
2882,國泰金,7,0,7,康和-台南,2024-05-17,8458
3363,上詮,10,3,7,康和-台南,2024-05-17,8458
1227,佳格,6,0,6,康和-台南,2024-05-17,8458
00946,群益科技高息成長,6,0,6,康和-台南,2024-05-17,8458
2241,艾姆勒,15,9,6,康和-台南,2024-05-17,8458
2409,友達,11,5,6,康和-台南,2024-05-17,8458
6442,光聖,12,6,6,康和-台南,2024-05-17,8458
2317,鴻海,23,17,6,康和-台南,2024-05-17,8458
2349,錸德,7,2,5,康和-台南,2024-05-17,8458
6259,百徽,5,0,5,康和-台南,2024-05-17,8458
2883,凱基金,304,10,294,康和-台南,2024-05-20,8458
2618,長榮航,436,207,229,康和-台南,2024-05-20,8458
00631L,元大台灣50正2,300,100,200,康和-台南,2024-05-20,8458
00929,復華台灣科技優息,167,38,129,康和-台南,2024-05-20,8458
2801,彰銀,122,0,122,康和-台南,2024-05-20,8458
6770,力積電,86,3,83,康和-台南,2024-05-20,8458
3576,聯合再生,117,43,74,康和-台南,2024-05-20,8458
2906,高林,72,0,72,康和-台南,2024-05-20,8458
2331,精英,70,0,70,康和-台南,2024-05-20,8458
00878,國泰永續高股息,63,1,62,康和-台南,2024-05-20,8458
2881,富邦金,60,1,59,康和-台南,2024-05-20,8458
2610,華航,55,4,51,康和-台南,2024-05-20,8458
4526,東台,50,0,50,康和-台南,2024-05-20,8458
2836,高雄銀,49,0,49,康和-台南,2024-05-20,8458
5512,力麒,47,0,47,康和-台南,2024-05-20,8458
6125,廣運,55,11,44,康和-台南,2024-05-20,8458
1608,華榮,51,12,39,康和-台南,2024-05-20,8458
6425,易發,37,1,36,康和-台南,2024-05-20,8458
9945,潤泰新,37,3,34,康和-台南,2024-05-20,8458
2301,光寶科,23,1,22,康和-台南,2024-05-20,8458
9904,寶成,20,1,19,康和-台南,2024-05-20,8458
2882,國泰金,20,3,17,康和-台南,2024-05-20,8458
3013,晟銘電,36,19,17,康和-台南,2024-05-20,8458
8112,至上,34,17,17,康和-台南,2024-05-20,8458
3231,緯創,16,1,15,康和-台南,2024-05-20,8458
00857B,永豐20年美公債,15,0,15,康和-台南,2024-05-20,8458
2634,漢翔,22,7,15,康和-台南,2024-05-20,8458
2611,志信,15,1,14,康和-台南,2024-05-20,8458
00943,兆豐電子高息等權,13,0,13,康和-台南,2024-05-20,8458
3715,定穎投控,13,0,13,康和-台南,2024-05-20,8458
4167,松瑞藥,12,1,11,康和-台南,2024-05-20,8458
00919,群益台灣精選高息,14,3,11,康和-台南,2024-05-20,8458
2885,元大金,10,0,10,康和-台南,2024-05-20,8458
4130,健亞,10,0,10,康和-台南,2024-05-20,8458
4916,事欣科,10,0,10,康和-台南,2024-05-20,8458
8011,台通,10,0,10,康和-台南,2024-05-20,8458
8028,昇陽半導體,12,2,10,康和-台南,2024-05-20,8458
2369,菱生,10,0,10,康和-台南,2024-05-20,8458
2317,鴻海,12,3,9,康和-台南,2024-05-20,8458
5009,榮剛,11,2,9,康和-台南,2024-05-20,8458
4906,正文,12,3,9,康和-台南,2024-05-20,8458
2609,陽明,38,29,9,康和-台南,2024-05-20,8458
2504,國產,11,3,8,康和-台南,2024-05-20,8458
1531,高林股,10,2,8,康和-台南,2024-05-20,8458
4402,郡都開發,8,0,8,康和-台南,2024-05-20,8458
6136,富爾特,8,0,8,康和-台南,2024-05-20,8458
00713,元大台灣高息低波,11,4,7,康和-台南,2024-05-20,8458
2603,長榮,11,4,7,康和-台南,2024-05-20,8458
2356,英業達,11,4,7,康和-台南,2024-05-20,8458
2442,新美齊,8,1,7,康和-台南,2024-05-20,8458
2883,凱基金,425,0,425,康和-台南,2024-05-21,8458
2618,長榮航,155,62,93,康和-台南,2024-05-21,8458
1416,廣豐,87,0,87,康和-台南,2024-05-21,8458
2882,國泰金,84,0,84,康和-台南,2024-05-21,8458
2883B,凱基金乙特,70,0,70,康和-台南,2024-05-21,8458
2301,光寶科,66,4,62,康和-台南,2024-05-21,8458
2617,台航,60,0,60,康和-台南,2024-05-21,8458
3576,聯合再生,72,25,47,康和-台南,2024-05-21,8458
3652,精聯,42,0,42,康和-台南,2024-05-21,8458
2832,台產,40,0,40,康和-台南,2024-05-21,8458
2887,台新金,34,0,34,康和-台南,2024-05-21,8458
2511,太子,32,2,30,康和-台南,2024-05-21,8458
00878,國泰永續高股息,23,0,23,康和-台南,2024-05-21,8458
8028,昇陽半導體,30,7,23,康和-台南,2024-05-21,8458
2515,中工,24,3,21,康和-台南,2024-05-21,8458
2029,盛餘,20,0,20,康和-台南,2024-05-21,8458
2356,英業達,23,3,20,康和-台南,2024-05-21,8458
5533,皇鼎,20,0,20,康和-台南,2024-05-21,8458
2409,友達,19,0,19,康和-台南,2024-05-21,8458
6790,永豐實,19,0,19,康和-台南,2024-05-21,8458
8112,至上,33,14,19,康和-台南,2024-05-21,8458
2363,矽統,24,6,18,康和-台南,2024-05-21,8458
4967,十銓,29,11,18,康和-台南,2024-05-21,8458
6443,元晶,18,0,18,康和-台南,2024-05-21,8458
2317,鴻海,21,4,17,康和-台南,2024-05-21,8458
1909,榮成,17,0,17,康和-台南,2024-05-21,8458
3138,耀登,16,0,16,康和-台南,2024-05-21,8458
2867,三商壽,16,1,15,康和-台南,2024-05-21,8458
1326,台化,13,1,12,康和-台南,2024-05-21,8458
2891,中信金,12,0,12,康和-台南,2024-05-21,8458
00929,復華台灣科技優息,12,0,12,康和-台南,2024-05-21,8458
3059,華晶科,24,13,11,康和-台南,2024-05-21,8458
00936,台新永續高息中小,11,0,11,康和-台南,2024-05-21,8458
2801,彰銀,11,0,11,康和-台南,2024-05-21,8458
6928,攸泰科技,10,0,10,康和-台南,2024-05-21,8458
1307,三芳,10,0,10,康和-台南,2024-05-21,8458
2547,日勝生,20,10,10,康和-台南,2024-05-21,8458
2897,王道銀行,10,0,10,康和-台南,2024-05-21,8458
3313,斐成,10,0,10,康和-台南,2024-05-21,8458
8234,新漢,9,0,9,康和-台南,2024-05-21,8458
3702,大聯大,9,0,9,康和-台南,2024-05-21,8458
2401,凌陽,14,6,8,康和-台南,2024-05-21,8458
3673,TPK-KY,13,5,8,康和-台南,2024-05-21,8458
8435,鉅邁,8,0,8,康和-台南,2024-05-21,8458
2374,佳能,18,11,7,康和-台南,2024-05-21,8458
3706,神達,17,10,7,康和-台南,2024-05-21,8458
2354,鴻準,16,9,7,康和-台南,2024-05-21,8458
1314,中石化,7,0,7,康和-台南,2024-05-21,8458
1612,宏泰,8,1,7,康和-台南,2024-05-21,8458
3024,憶聲,7,0,7,康和-台南,2024-05-21,8458
00680L,元大美債20正2,200,0,200,康和-台南,2024-05-22,8458
2371,大同,104,1,103,康和-台南,2024-05-22,8458
1316,上曜,80,0,80,康和-台南,2024-05-22,8458
1416,廣豐,79,0,79,康和-台南,2024-05-22,8458
2002,中鋼,72,0,72,康和-台南,2024-05-22,8458
3481,群創,86,17,69,康和-台南,2024-05-22,8458
2107,厚生,60,0,60,康和-台南,2024-05-22,8458
2618,長榮航,90,31,59,康和-台南,2024-05-22,8458
2883,凱基金,50,3,47,康和-台南,2024-05-22,8458
2464,盟立,81,34,47,康和-台南,2024-05-22,8458
2367,燿華,52,15,37,康和-台南,2024-05-22,8458
3338,泰碩,38,2,36,康和-台南,2024-05-22,8458
6188,廣明,59,25,34,康和-台南,2024-05-22,8458
2511,太子,27,1,26,康和-台南,2024-05-22,8458
2610,華航,249,223,26,康和-台南,2024-05-22,8458
6425,易發,23,0,23,康和-台南,2024-05-22,8458
3339,泰谷,22,1,21,康和-台南,2024-05-22,8458
5864,致和證,20,0,20,康和-台南,2024-05-22,8458
6213,聯茂,20,2,18,康和-台南,2024-05-22,8458
6116,彩晶,17,0,17,康和-台南,2024-05-22,8458
00929,復華台灣科技優息,57,41,16,康和-台南,2024-05-22,8458
3576,聯合再生,30,15,15,康和-台南,2024-05-22,8458
2603,長榮,17,3,14,康和-台南,2024-05-22,8458
00909,國泰數位支付服務,14,0,14,康和-台南,2024-05-22,8458
00878,國泰永續高股息,17,3,14,康和-台南,2024-05-22,8458
3013,晟銘電,40,27,13,康和-台南,2024-05-22,8458
3540,曜越,16,3,13,康和-台南,2024-05-22,8458
3715,定穎投控,12,0,12,康和-台南,2024-05-22,8458
3483,力致,20,8,12,康和-台南,2024-05-22,8458
4111,濟生,11,0,11,康和-台南,2024-05-22,8458
2401,凌陽,24,13,11,康和-台南,2024-05-22,8458
3652,精聯,11,0,11,康和-台南,2024-05-22,8458
2357,華碩,14,3,11,康和-台南,2024-05-22,8458
00857B,永豐20年美公債,10,0,10,康和-台南,2024-05-22,8458
1708,東鹼,10,0,10,康和-台南,2024-05-22,8458
1809,中釉,13,3,10,康和-台南,2024-05-22,8458
2025,千興,10,0,10,康和-台南,2024-05-22,8458
2316,楠梓電,13,3,10,康和-台南,2024-05-22,8458
2450,神腦,10,0,10,康和-台南,2024-05-22,8458
3287,廣寰科,10,0,10,康和-台南,2024-05-22,8458
6016,康和證,10,0,10,康和-台南,2024-05-22,8458
6125,廣運,27,17,10,康和-台南,2024-05-22,8458
2486,一詮,16,7,9,康和-台南,2024-05-22,8458
9955,佳龍,22,13,9,康和-台南,2024-05-22,8458
3047,訊舟,13,4,9,康和-台南,2024-05-22,8458
00919,群益台灣精選高息,9,0,9,康和-台南,2024-05-22,8458
3090,日電貿,12,4,8,康和-台南,2024-05-22,8458
8064,東捷,16,8,8,康和-台南,2024-05-22,8458
2634,漢翔,7,0,7,康和-台南,2024-05-22,8458
1909,榮成,7,0,7,康和-台南,2024-05-22,8458
2002,中鋼,96,1,95,康和-台南,2024-05-23,8458
1303,南亞,95,0,95,康和-台南,2024-05-23,8458
2883B,凱基金乙特,70,0,70,康和-台南,2024-05-23,8458
2353,宏��,109,44,65,康和-台南,2024-05-23,8458
1326,台化,53,0,53,康和-台南,2024-05-23,8458
00936,台新永續高息中小,51,0,51,康和-台南,2024-05-23,8458
2354,鴻準,81,30,51,康和-台南,2024-05-23,8458
2367,燿華,63,21,42,康和-台南,2024-05-23,8458
2617,台航,40,0,40,康和-台南,2024-05-23,8458
2905,三商,40,0,40,康和-台南,2024-05-23,8458
1416,廣豐,39,0,39,康和-台南,2024-05-23,8458
2618,長榮航,169,134,35,康和-台南,2024-05-23,8458
8112,至上,31,0,31,康和-台南,2024-05-23,8458
00882,中信中國高股息,30,0,30,康和-台南,2024-05-23,8458
2886,兆豐金,30,0,30,康和-台南,2024-05-23,8458
2610,華航,31,2,29,康和-台南,2024-05-23,8458
2029,盛餘,20,0,20,康和-台南,2024-05-23,8458
2331,精英,37,17,20,康和-台南,2024-05-23,8458
2832,台產,20,0,20,康和-台南,2024-05-23,8458
5521,工信,20,0,20,康和-台南,2024-05-23,8458
6790,永豐實,20,0,20,康和-台南,2024-05-23,8458
2324,仁寶,19,0,19,康和-台南,2024-05-23,8458
2882,國泰金,21,2,19,康和-台南,2024-05-23,8458
1316,上曜,22,5,17,康和-台南,2024-05-23,8458
6509,聚和,17,0,17,康和-台南,2024-05-23,8458
6147,頎邦,16,0,16,康和-台南,2024-05-23,8458
4533,協易機,20,5,15,康和-台南,2024-05-23,8458
2363,矽統,18,4,14,康和-台南,2024-05-23,8458
2027,大成鋼,15,2,13,康和-台南,2024-05-23,8458
2449,京元電子,13,1,12,康和-台南,2024-05-23,8458
4513,福裕,12,0,12,康和-台南,2024-05-23,8458
2312,金寶,12,0,12,康和-台南,2024-05-23,8458
2009,第一銅,12,1,11,康和-台南,2024-05-23,8458
2520,冠德,11,0,11,康和-台南,2024-05-23,8458
4906,正文,11,0,11,康和-台南,2024-05-23,8458
8383,千附,11,0,11,康和-台南,2024-05-23,8458
3715,定穎投控,10,0,10,康和-台南,2024-05-23,8458
00753L,中信中國50正2,10,0,10,康和-台南,2024-05-23,8458
00943,兆豐電子高息等權,10,0,10,康和-台南,2024-05-23,8458
1526,日馳,10,0,10,康和-台南,2024-05-23,8458
1584,精剛,10,0,10,康和-台南,2024-05-23,8458
1708,東鹼,10,0,10,康和-台南,2024-05-23,8458
1727,中華化,10,0,10,康和-台南,2024-05-23,8458
6216,居易,24,14,10,康和-台南,2024-05-23,8458
8926,台汽電,10,0,10,康和-台南,2024-05-23,8458
6139,亞翔,9,0,9,康和-台南,2024-05-23,8458
3346,麗清,9,0,9,康和-台南,2024-05-23,8458
1314,中石化,9,0,9,康和-台南,2024-05-23,8458
2352,佳世達,8,0,8,康和-台南,2024-05-23,8458
2356,英業達,9,1,8,康和-台南,2024-05-23,8458
2324,仁寶,138,19,119,康和-台南,2024-05-24,8458
2002,中鋼,84,0,84,康和-台南,2024-05-24,8458
2363,矽統,131,53,78,康和-台南,2024-05-24,8458
2353,宏��,88,28,60,康和-台南,2024-05-24,8458
00933B,國泰10Y+金融債,110,65,45,康和-台南,2024-05-24,8458
1326,台化,41,0,41,康和-台南,2024-05-24,8458
3481,群創,75,35,40,康和-台南,2024-05-24,8458
00937B,群益ESG投等債20,45,5,40,康和-台南,2024-05-24,8458
1416,廣豐,27,0,27,康和-台南,2024-05-24,8458
2511,太子,26,0,26,康和-台南,2024-05-24,8458
2867,三商壽,122,100,22,康和-台南,2024-05-24,8458
3062,建漢,31,9,22,康和-台南,2024-05-24,8458
2618,長榮航,22,1,21,康和-台南,2024-05-24,8458
00637L,元大滬深300正2,31,10,21,康和-台南,2024-05-24,8458
8064,東捷,42,22,20,康和-台南,2024-05-24,8458
6147,頎邦,20,0,20,康和-台南,2024-05-24,8458
2374,佳能,55,35,20,康和-台南,2024-05-24,8458
6282,康舒,19,0,19,康和-台南,2024-05-24,8458
8033,雷虎,33,14,19,康和-台南,2024-05-24,8458
2408,南亞科,21,3,18,康和-台南,2024-05-24,8458
4967,十銓,19,1,18,康和-台南,2024-05-24,8458
6188,廣明,33,16,17,康和-台南,2024-05-24,8458
2634,漢翔,18,2,16,康和-台南,2024-05-24,8458
6197,佳必琪,25,10,15,康和-台南,2024-05-24,8458
00830,國泰費城半導體,14,0,14,康和-台南,2024-05-24,8458
2027,大成鋼,14,0,14,康和-台南,2024-05-24,8458
2107,厚生,16,2,14,康和-台南,2024-05-24,8458
00929,復華台灣科技優息,13,0,13,康和-台南,2024-05-24,8458
6432,今展科,13,0,13,康和-台南,2024-05-24,8458
8210,勤誠,13,1,12,康和-台南,2024-05-24,8458
2464,盟立,26,15,11,康和-台南,2024-05-24,8458
00712,復華富時不動產,10,0,10,康和-台南,2024-05-24,8458
2349,錸德,10,0,10,康和-台南,2024-05-24,8458
2883B,凱基金乙特,10,0,10,康和-台南,2024-05-24,8458
6288,聯嘉,10,0,10,康和-台南,2024-05-24,8458
8110,華東,10,0,10,康和-台南,2024-05-24,8458
2323,中環,12,3,9,康和-台南,2024-05-24,8458
3230,錦明,9,0,9,康和-台南,2024-05-24,8458
6278,台表科,10,1,9,康和-台南,2024-05-24,8458
2486,一詮,70,61,9,康和-台南,2024-05-24,8458
3047,訊舟,21,12,9,康和-台南,2024-05-24,8458
2885,元大金,9,0,9,康和-台南,2024-05-24,8458
6209,今國光,8,0,8,康和-台南,2024-05-24,8458
00715L,期街口布蘭特正2,8,0,8,康和-台南,2024-05-24,8458
2241,艾姆勒,10,2,8,康和-台南,2024-05-24,8458
2449,京元電子,10,2,8,康和-台南,2024-05-24,8458
6190,萬泰科,8,0,8,康和-台南,2024-05-24,8458
3363,上詮,16,9,7,康和-台南,2024-05-24,8458
3564,其陽,31,24,7,康和-台南,2024-05-24,8458
3706,神達,9,2,7,康和-台南,2024-05-24,8458
2883,凱基金,103,11,92,康和-台南,2024-05-27,8458
2409,友達,106,17,89,康和-台南,2024-05-27,8458
2832,台產,65,0,65,康和-台南,2024-05-27,8458
2405,輔信,40,4,36,康和-台南,2024-05-27,8458
3234,光環,34,1,33,康和-台南,2024-05-27,8458
2887,台新金,30,0,30,康和-台南,2024-05-27,8458
1305,華夏,30,0,30,康和-台南,2024-05-27,8458
5521,工信,30,0,30,康和-台南,2024-05-27,8458
2417,圓剛,26,1,25,康和-台南,2024-05-27,8458
3231,緯創,26,7,19,康和-台南,2024-05-27,8458
3202,樺晟,18,0,18,康和-台南,2024-05-27,8458
2489,瑞軒,42,25,17,康和-台南,2024-05-27,8458
2618,長榮航,19,3,16,康和-台南,2024-05-27,8458
8096,擎亞,16,0,16,康和-台南,2024-05-27,8458
2302,麗正,15,0,15,康和-台南,2024-05-27,8458
2617,台航,15,0,15,康和-台南,2024-05-27,8458
6197,佳必琪,18,4,14,康和-台南,2024-05-27,8458
2367,燿華,34,21,13,康和-台南,2024-05-27,8458
3013,晟銘電,24,11,13,康和-台南,2024-05-27,8458
1319,東陽,13,1,12,康和-台南,2024-05-27,8458
2375,凱美,15,3,12,康和-台南,2024-05-27,8458
2453,凌群,25,13,12,康和-台南,2024-05-27,8458
6166,凌華,14,2,12,康和-台南,2024-05-27,8458
1815,富喬,22,11,11,康和-台南,2024-05-27,8458
2392,正崴,14,3,11,康和-台南,2024-05-27,8458
6108,競國,11,0,11,康和-台南,2024-05-27,8458
6117,迎廣,12,1,11,康和-台南,2024-05-27,8458
1527,鑽全,10,0,10,康和-台南,2024-05-27,8458
2881,富邦金,10,0,10,康和-台南,2024-05-27,8458
3022,威強電,10,0,10,康和-台南,2024-05-27,8458
3499,環天科,10,0,10,康和-台南,2024-05-27,8458
5213,亞昕,10,0,10,康和-台南,2024-05-27,8458
5706,鳳凰,10,0,10,康和-台南,2024-05-27,8458
5864,致和證,10,0,10,康和-台南,2024-05-27,8458
2377,微星,12,4,8,康和-台南,2024-05-27,8458
2352,佳世達,10,2,8,康和-台南,2024-05-27,8458
5498,凱崴,22,14,8,康和-台南,2024-05-27,8458
6799,來頡,8,0,8,康和-台南,2024-05-27,8458
8112,至上,8,0,8,康和-台南,2024-05-27,8458
2609,陽明,17,9,8,康和-台南,2024-05-27,8458
6125,廣運,14,6,8,康和-台南,2024-05-27,8458
00881,國泰台灣5G+,8,1,7,康和-台南,2024-05-27,8458
00946,群益科技高息成長,17,10,7,康和-台南,2024-05-27,8458
3047,訊舟,28,21,7,康和-台南,2024-05-27,8458
6227,茂綸,7,0,7,康和-台南,2024-05-27,8458
1513,中興電,9,2,7,康和-台南,2024-05-27,8458
6234,高僑,8,2,6,康和-台南,2024-05-27,8458
4111,濟生,7,1,6,康和-台南,2024-05-27,8458
8147,正淩,7,2,5,康和-台南,2024-05-27,8458
00936,台新永續高息中小,5,0,5,康和-台南,2024-05-27,8458
2882,國泰金,205,24,181,康和-台南,2024-05-28,8458
00753L,中信中國50正2,100,0,100,康和-台南,2024-05-28,8458
4510,高鋒,98,0,98,康和-台南,2024-05-28,8458
2354,鴻準,213,122,91,康和-台南,2024-05-28,8458
4952,凌通,95,5,90,康和-台南,2024-05-28,8458
00940,元大台灣價值高息,72,1,71,康和-台南,2024-05-28,8458
2363,矽統,111,41,70,康和-台南,2024-05-28,8458
00665L,富邦�琤肭磪囓�2,100,35,65,康和-台南,2024-05-28,8458
2820,華票,40,0,40,康和-台南,2024-05-28,8458
8064,東捷,91,52,39,康和-台南,2024-05-28,8458
4503,金雨,35,0,35,康和-台南,2024-05-28,8458
2891,中信金,32,1,31,康和-台南,2024-05-28,8458
3055,蔚華科,36,5,31,康和-台南,2024-05-28,8458
00895,富邦未來車,28,0,28,康和-台南,2024-05-28,8458
2027,大成鋼,31,4,27,康和-台南,2024-05-28,8458
2353,宏��,54,30,24,康和-台南,2024-05-28,8458
00937B,群益ESG投等債20,20,0,20,康和-台南,2024-05-28,8458
4543,萬在,25,7,18,康和-台南,2024-05-28,8458
3380,明泰,18,1,17,康和-台南,2024-05-28,8458
2301,光寶科,18,3,15,康和-台南,2024-05-28,8458
4303,信立,19,4,15,康和-台南,2024-05-28,8458
2397,友通,16,2,14,康和-台南,2024-05-28,8458
3481,群創,19,6,13,康和-台南,2024-05-28,8458
2615,萬海,34,22,12,康和-台南,2024-05-28,8458
2392,正崴,14,3,11,康和-台南,2024-05-28,8458
3564,其陽,60,49,11,康和-台南,2024-05-28,8458
8271,宇瞻,11,0,11,康和-台南,2024-05-28,8458
2382,廣達,12,2,10,康和-台南,2024-05-28,8458
2607,榮運,10,0,10,康和-台南,2024-05-28,8458
00637L,元大滬深300正2,10,0,10,康和-台南,2024-05-28,8458
1528,恩德,20,10,10,康和-台南,2024-05-28,8458
1531,高林股,10,0,10,康和-台南,2024-05-28,8458
2367,燿華,38,28,10,康和-台南,2024-05-28,8458
3576,聯合再生,22,12,10,康和-台南,2024-05-28,8458
5236,凌陽創新,10,0,10,康和-台南,2024-05-28,8458
6216,居易,10,0,10,康和-台南,2024-05-28,8458
2495,普安,13,3,10,康和-台南,2024-05-28,8458
6531,愛普*,11,2,9,康和-台南,2024-05-28,8458
3594,磐儀,10,1,9,康和-台南,2024-05-28,8458
1815,富喬,20,11,9,康和-台南,2024-05-28,8458
3024,憶聲,9,1,8,康和-台南,2024-05-28,8458
3413,京鼎,8,0,8,康和-台南,2024-05-28,8458
8054,安國,8,0,8,康和-台南,2024-05-28,8458
00631L,元大台灣50正2,157,150,7,康和-台南,2024-05-28,8458
2355,敬鵬,15,8,7,康和-台南,2024-05-28,8458
3515,華擎,7,0,7,康和-台南,2024-05-28,8458
6414,樺漢,7,1,6,康和-台南,2024-05-28,8458
2365,昆盈,7,1,6,康和-台南,2024-05-28,8458
3706,神達,6,0,6,康和-台南,2024-05-28,8458
5512,力麒,16,10,6,康和-台南,2024-05-28,8458
00680L,元大美債20正2,220,10,210,康和-台南,2024-05-29,8458
2883B,凱基金乙特,133,0,133,康和-台南,2024-05-29,8458
00937B,群益ESG投等債20,102,0,102,康和-台南,2024-05-29,8458
00631L,元大台灣50正2,200,100,100,康和-台南,2024-05-29,8458
2371,大同,100,4,96,康和-台南,2024-05-29,8458
2002,中鋼,88,1,87,康和-台南,2024-05-29,8458
2618,長榮航,251,193,58,康和-台南,2024-05-29,8458
2409,友達,63,6,57,康和-台南,2024-05-29,8458
2897,王道銀行,44,0,44,康和-台南,2024-05-29,8458
2886,兆豐金,41,0,41,康和-台南,2024-05-29,8458
1326,台化,40,0,40,康和-台南,2024-05-29,8458
2353,宏��,47,10,37,康和-台南,2024-05-29,8458
3231,緯創,38,4,34,康和-台南,2024-05-29,8458
3047,訊舟,76,42,34,康和-台南,2024-05-29,8458
2317,鴻海,33,2,31,康和-台南,2024-05-29,8458
1305,華夏,40,10,30,康和-台南,2024-05-29,8458
2845,遠東銀,24,0,24,康和-台南,2024-05-29,8458
2801,彰銀,23,0,23,康和-台南,2024-05-29,8458
00679B,元大美債20年,22,0,22,康和-台南,2024-05-29,8458
2885,元大金,22,0,22,康和-台南,2024-05-29,8458
3202,樺晟,22,1,21,康和-台南,2024-05-29,8458
2881,富邦金,20,0,20,康和-台南,2024-05-29,8458
1909,榮成,20,0,20,康和-台南,2024-05-29,8458
2374,佳能,22,2,20,康和-台南,2024-05-29,8458
2832,台產,20,0,20,康和-台南,2024-05-29,8458
2852,第一保,20,0,20,康和-台南,2024-05-29,8458
3062,建漢,23,3,20,康和-台南,2024-05-29,8458
8358,金居,20,0,20,康和-台南,2024-05-29,8458
2324,仁寶,20,0,20,康和-台南,2024-05-29,8458
3060,銘異,23,4,19,康和-台南,2024-05-29,8458
4510,高鋒,19,0,19,康和-台南,2024-05-29,8458
00915,凱基優選高股息30,18,0,18,康和-台南,2024-05-29,8458
2610,華航,18,0,18,康和-台南,2024-05-29,8458
2867,三商壽,19,1,18,康和-台南,2024-05-29,8458
6257,矽格,16,0,16,康和-台南,2024-05-29,8458
6770,力積電,39,26,13,康和-台南,2024-05-29,8458
2883,凱基金,28,15,13,康和-台南,2024-05-29,8458
2330,台積電,12,0,12,康和-台南,2024-05-29,8458
2340,台亞,12,0,12,康和-台南,2024-05-29,8458
6140,訊達,18,6,12,康和-台南,2024-05-29,8458
6456,GIS-KY,12,0,12,康和-台南,2024-05-29,8458
5347,世界,16,5,11,康和-台南,2024-05-29,8458
2888,新光金,11,0,11,康和-台南,2024-05-29,8458
6668,中揚光,12,1,11,康和-台南,2024-05-29,8458
00946,群益科技高息成長,10,0,10,康和-台南,2024-05-29,8458
2880,華南金,10,0,10,康和-台南,2024-05-29,8458
8028,昇陽半導體,17,7,10,康和-台南,2024-05-29,8458
00857B,永豐20年美公債,10,0,10,康和-台南,2024-05-29,8458
00665L,富邦�琤肭磪囓�2,40,30,10,康和-台南,2024-05-29,8458
1609,大亞,10,0,10,康和-台南,2024-05-29,8458
00680L,元大美債20正2,210,0,210,康和-台南,2024-05-30,8458
00631L,元大台灣50正2,401,248,153,康和-台南,2024-05-30,8458
2618,長榮航,283,167,116,康和-台南,2024-05-30,8458
00937B,群益ESG投等債20,98,0,98,康和-台南,2024-05-30,8458
2369,菱生,100,5,95,康和-台南,2024-05-30,8458
6005,群益證,93,0,93,康和-台南,2024-05-30,8458
00650L,復華香港正2,90,0,90,康和-台南,2024-05-30,8458
6770,力積電,88,20,68,康和-台南,2024-05-30,8458
00933B,國泰10Y+金融債,62,0,62,康和-台南,2024-05-30,8458
6269,台郡,52,0,52,康和-台南,2024-05-30,8458
3390,旭軟,44,1,43,康和-台南,2024-05-30,8458
2402,毅嘉,44,5,39,康和-台南,2024-05-30,8458
8091,翔名,45,10,35,康和-台南,2024-05-30,8458
2367,燿華,47,15,32,康和-台南,2024-05-30,8458
2401,凌陽,50,19,31,康和-台南,2024-05-30,8458
3033,威健,36,6,30,康和-台南,2024-05-30,8458
6695,芯鼎,31,1,30,康和-台南,2024-05-30,8458
3231,緯創,26,0,26,康和-台南,2024-05-30,8458
3227,原相,28,3,25,康和-台南,2024-05-30,8458
2611,志信,24,1,23,康和-台南,2024-05-30,8458
2408,南亞科,22,0,22,康和-台南,2024-05-30,8458
2883,凱基金,22,0,22,康和-台南,2024-05-30,8458
6197,佳必琪,35,13,22,康和-台南,2024-05-30,8458
2002,中鋼,22,1,21,康和-台南,2024-05-30,8458
1314,中石化,20,0,20,康和-台南,2024-05-30,8458
1568,倉佑,20,0,20,康和-台南,2024-05-30,8458
8358,金居,20,0,20,康和-台南,2024-05-30,8458
2330,台積電,18,0,18,康和-台南,2024-05-30,8458
2353,宏��,30,12,18,康和-台南,2024-05-30,8458
2328,廣宇,23,6,17,康和-台南,2024-05-30,8458
2317,鴻海,26,9,17,康和-台南,2024-05-30,8458
1609,大亞,17,0,17,康和-台南,2024-05-30,8458
2324,仁寶,41,26,15,康和-台南,2024-05-30,8458
2301,光寶科,15,1,14,康和-台南,2024-05-30,8458
2313,華通,14,1,13,康和-台南,2024-05-30,8458
4566,時碩工業,21,8,13,康和-台南,2024-05-30,8458
3202,樺晟,17,5,12,康和-台南,2024-05-30,8458
5443,均豪,16,4,12,康和-台南,2024-05-30,8458
00939,統一台灣高息動能,11,0,11,康和-台南,2024-05-30,8458
4562,穎漢,12,1,11,康和-台南,2024-05-30,8458
00940,元大台灣價值高息,12,1,11,康和-台南,2024-05-30,8458
4903,聯光通,10,0,10,康和-台南,2024-05-30,8458
0056,元大高股息,10,0,10,康和-台南,2024-05-30,8458
2885,元大金,10,0,10,康和-台南,2024-05-30,8458
00637L,元大滬深300正2,10,0,10,康和-台南,2024-05-30,8458
00857B,永豐20年美公債,10,0,10,康和-台南,2024-05-30,8458
00915,凱基優選高股息30,10,0,10,康和-台南,2024-05-30,8458
1608,華榮,10,0,10,康和-台南,2024-05-30,8458
2886,兆豐金,10,0,10,康和-台南,2024-05-30,8458
2897,王道銀行,10,0,10,康和-台南,2024-05-30,8458
00933B,國泰10Y+金融債,264,0,264,康和-台南,2024-05-31,8458
00631L,元大台灣50正2,200,100,100,康和-台南,2024-05-31,8458
2609,陽明,107,21,86,康和-台南,2024-05-31,8458
00940,元大台灣價值高息,80,1,79,康和-台南,2024-05-31,8458
3022,威強電,55,4,51,康和-台南,2024-05-31,8458
00878,國泰永續高股息,45,6,39,康和-台南,2024-05-31,8458
6770,力積電,177,142,35,康和-台南,2024-05-31,8458
4563,百德,35,0,35,康和-台南,2024-05-31,8458
00939,統一台灣高息動能,34,0,34,康和-台南,2024-05-31,8458
8112,至上,32,1,31,康和-台南,2024-05-31,8458
2363,矽統,35,6,29,康和-台南,2024-05-31,8458
2324,仁寶,31,4,27,康和-台南,2024-05-31,8458
3231,緯創,31,6,25,康和-台南,2024-05-31,8458
1314,中石化,40,15,25,康和-台南,2024-05-31,8458
2101,南港,33,10,23,康和-台南,2024-05-31,8458
1568,倉佑,20,0,20,康和-台南,2024-05-31,8458
2801,彰銀,20,0,20,康和-台南,2024-05-31,8458
4536,拓凱,20,0,20,康和-台南,2024-05-31,8458
6188,廣明,28,10,18,康和-台南,2024-05-31,8458
2323,中環,23,5,18,康和-台南,2024-05-31,8458
2867,三商壽,20,3,17,康和-台南,2024-05-31,8458
2489,瑞軒,21,4,17,康和-台南,2024-05-31,8458
9945,潤泰新,19,2,17,康和-台南,2024-05-31,8458
2402,毅嘉,16,0,16,康和-台南,2024-05-31,8458
2603,長榮,17,2,15,康和-台南,2024-05-31,8458
8091,翔名,25,10,15,康和-台南,2024-05-31,8458
2369,菱生,16,3,13,康和-台南,2024-05-31,8458
3338,泰碩,13,2,11,康和-台南,2024-05-31,8458
2356,英業達,12,1,11,康和-台南,2024-05-31,8458
2520,冠德,11,0,11,康和-台南,2024-05-31,8458
00946,群益科技高息成長,11,0,11,康和-台南,2024-05-31,8458
00891,中信關鍵半導體,10,0,10,康和-台南,2024-05-31,8458
2401,凌陽,46,36,10,康和-台南,2024-05-31,8458
2495,普安,10,0,10,康和-台南,2024-05-31,8458
2108,南帝,10,0,10,康和-台南,2024-05-31,8458
2454,聯發科,9,0,9,康和-台南,2024-05-31,8458
2409,友達,14,5,9,康和-台南,2024-05-31,8458
2382,廣達,12,3,9,康和-台南,2024-05-31,8458
1442,名軒,9,0,9,康和-台南,2024-05-31,8458
2353,宏��,14,5,9,康和-台南,2024-05-31,8458
2467,志聖,10,1,9,康和-台南,2024-05-31,8458
9912,偉聯,9,0,9,康和-台南,2024-05-31,8458
6435,大中,9,1,8,康和-台南,2024-05-31,8458
2241,艾姆勒,10,2,8,康和-台南,2024-05-31,8458
3564,其陽,8,0,8,康和-台南,2024-05-31,8458
4716,大立,8,0,8,康和-台南,2024-05-31,8458
6290,良維,8,0,8,康和-台南,2024-05-31,8458
3312,弘憶股,16,9,7,康和-台南,2024-05-31,8458
3040,遠見,7,0,7,康和-台南,2024-05-31,8458
3346,麗清,7,0,7,康和-台南,2024-05-31,8458
1101,台泥,300,0,300,康和-台南,2024-06-03,8458
2618,長榮航,230,10,220,康和-台南,2024-06-03,8458
1308,亞聚,100,0,100,康和-台南,2024-06-03,8458
00665L,富邦�琤肭磪囓�2,80,0,80,康和-台南,2024-06-03,8458
00753L,中信中國50正2,70,0,70,康和-台南,2024-06-03,8458
00940,元大台灣價值高息,50,0,50,康和-台南,2024-06-03,8458
00929,復華台灣科技優息,52,10,42,康和-台南,2024-06-03,8458
2354,鴻準,55,13,42,康和-台南,2024-06-03,8458
2353,宏��,40,1,39,康和-台南,2024-06-03,8458
1305,華夏,35,0,35,康和-台南,2024-06-03,8458
00878,國泰永續高股息,35,2,33,康和-台南,2024-06-03,8458
2329,華泰,32,2,30,康和-台南,2024-06-03,8458
2610,華航,30,0,30,康和-台南,2024-06-03,8458
3013,晟銘電,135,106,29,康和-台南,2024-06-03,8458
00919,群益台灣精選高息,38,10,28,康和-台南,2024-06-03,8458
5426,振發,28,2,26,康和-台南,2024-06-03,8458
2867,三商壽,25,0,25,康和-台南,2024-06-03,8458
8091,翔名,25,0,25,康和-台南,2024-06-03,8458
3537,堡達,32,8,24,康和-台南,2024-06-03,8458
2365,昆盈,60,37,23,康和-台南,2024-06-03,8458
1314,中石化,22,0,22,康和-台南,2024-06-03,8458
2542,興富發,22,1,21,康和-台南,2024-06-03,8458
2801,彰銀,22,0,22,康和-台南,2024-06-03,8458
1444,力麗,20,0,20,康和-台南,2024-06-03,8458
2617,台航,20,0,20,康和-台南,2024-06-03,8458
2464,盟立,44,25,19,康和-台南,2024-06-03,8458
2609,陽明,150,132,18,康和-台南,2024-06-03,8458
2409,友達,25,8,17,康和-台南,2024-06-03,8458
2374,佳能,36,21,15,康和-台南,2024-06-03,8458
6290,良維,21,6,15,康和-台南,2024-06-03,8458
2317,鴻海,19,6,13,康和-台南,2024-06-03,8458
2605,新興,17,4,13,康和-台南,2024-06-03,8458
5392,能率,13,0,13,康和-台南,2024-06-03,8458
2887,台新金,12,0,12,康和-台南,2024-06-03,8458
1582,信錦,19,7,12,康和-台南,2024-06-03,8458
2402,毅嘉,17,5,12,康和-台南,2024-06-03,8458
4938,和碩,15,3,12,康和-台南,2024-06-03,8458
00901,永豐智能車供應鏈,11,0,11,康和-台南,2024-06-03,8458
2363,矽統,16,5,11,康和-台南,2024-06-03,8458
2489,瑞軒,14,3,11,康和-台南,2024-06-03,8458
3055,蔚華科,16,5,11,康和-台南,2024-06-03,8458
6770,力積電,31,20,11,康和-台南,2024-06-03,8458
1568,倉佑,10,0,10,康和-台南,2024-06-03,8458
2070,精湛,11,1,10,康和-台南,2024-06-03,8458
2401,凌陽,36,26,10,康和-台南,2024-06-03,8458
2838A,聯邦銀甲特,10,0,10,康和-台南,2024-06-03,8458
3703,欣陸,10,0,10,康和-台南,2024-06-03,8458
5706,鳳凰,10,0,10,康和-台南,2024-06-03,8458
3059,華晶科,17,8,9,康和-台南,2024-06-03,8458
2442,新美齊,11,3,8,康和-台南,2024-06-03,8458
00631L,元大台灣50正2,300,0,300,康和-台南,2024-06-04,8458
2324,仁寶,72,0,72,康和-台南,2024-06-04,8458
00919,群益台灣精選高息,49,3,46,康和-台南,2024-06-04,8458
00942B,台新美A公司債20+,40,0,40,康和-台南,2024-06-04,8458
5864,致和證,40,0,40,康和-台南,2024-06-04,8458
6443,元晶,52,12,40,康和-台南,2024-06-04,8458
1714,和桐,36,0,36,康和-台南,2024-06-04,8458
2888,新光金,71,35,36,康和-台南,2024-06-04,8458
2331,精英,61,27,34,康和-台南,2024-06-04,8458
2881,富邦金,30,0,30,康和-台南,2024-06-04,8458
1305,華夏,30,0,30,康和-台南,2024-06-04,8458
2328,廣宇,32,5,27,康和-台南,2024-06-04,8458
0056,元大高股息,25,0,25,康和-台南,2024-06-04,8458
00929,復華台灣科技優息,41,18,23,康和-台南,2024-06-04,8458
2312,金寶,35,12,23,康和-台南,2024-06-04,8458
2353,宏��,23,1,22,康和-台南,2024-06-04,8458
00936,台新永續高息中小,22,0,22,康和-台南,2024-06-04,8458
2610,華航,22,1,21,康和-台南,2024-06-04,8458
2845,遠東銀,21,0,21,康和-台南,2024-06-04,8458
2107,厚生,20,0,20,康和-台南,2024-06-04,8458
2834,臺企銀,20,0,20,康和-台南,2024-06-04,8458
3022,威強電,22,2,20,康和-台南,2024-06-04,8458
9904,寶成,20,0,20,康和-台南,2024-06-04,8458
2027,大成鋼,20,1,19,康和-台南,2024-06-04,8458
2317,鴻海,21,2,19,康和-台南,2024-06-04,8458
6770,力積電,70,52,18,康和-台南,2024-06-04,8458
6160,欣技,18,0,18,康和-台南,2024-06-04,8458
2367,燿華,43,25,18,康和-台南,2024-06-04,8458
3231,緯創,18,1,17,康和-台南,2024-06-04,8458
2002,中鋼,16,0,16,康和-台南,2024-06-04,8458
00900,富邦特選高股息30,15,0,15,康和-台南,2024-06-04,8458
2313,華通,16,1,15,康和-台南,2024-06-04,8458
2303,聯電,14,0,14,康和-台南,2024-06-04,8458
4562,穎漢,18,4,14,康和-台南,2024-06-04,8458
00713,元大台灣高息低波,13,0,13,康和-台南,2024-06-04,8458
8234,新漢,24,12,12,康和-台南,2024-06-04,8458
00918,大華優利高填息30,11,0,11,康和-台南,2024-06-04,8458
1326,台化,11,0,11,康和-台南,2024-06-04,8458
0050,元大台灣50,11,0,11,康和-台南,2024-06-04,8458
2617,台航,10,0,10,康和-台南,2024-06-04,8458
3324,雙鴻,10,0,10,康和-台南,2024-06-04,8458
3362,先進光,10,0,10,康和-台南,2024-06-04,8458
4916,事欣科,10,0,10,康和-台南,2024-06-04,8458
6126,信音,10,0,10,康和-台南,2024-06-04,8458
00878,國泰永續高股息,11,1,10,康和-台南,2024-06-04,8458
5880,合庫金,11,1,10,康和-台南,2024-06-04,8458
2409,友達,9,0,9,康和-台南,2024-06-04,8458
6188,廣明,19,10,9,康和-台南,2024-06-04,8458
2344,華邦電,58,49,9,康和-台南,2024-06-04,8458
00715L,期街口布蘭特正2,9,0,9,康和-台南,2024-06-04,8458
2883,凱基金,1012,0,1012,康和-台南,2024-06-05,8458
2017,官田鋼,70,0,70,康和-台南,2024-06-05,8458
00936,台新永續高息中小,64,2,62,康和-台南,2024-06-05,8458
2344,華邦電,52,0,52,康和-台南,2024-06-05,8458
6116,彩晶,46,6,40,康和-台南,2024-06-05,8458
1514,亞力,33,0,33,康和-台南,2024-06-05,8458
00929,復華台灣科技優息,74,43,31,康和-台南,2024-06-05,8458
00919,群益台灣精選高息,30,2,28,康和-台南,2024-06-05,8458
2442,新美齊,27,2,25,康和-台南,2024-06-05,8458
9950,萬國通,25,0,25,康和-台南,2024-06-05,8458
6197,佳必琪,25,2,23,康和-台南,2024-06-05,8458
2303,聯電,23,1,22,康和-台南,2024-06-05,8458
1446,宏和,35,15,20,康和-台南,2024-06-05,8458
2029,盛餘,20,0,20,康和-台南,2024-06-05,8458
2417,圓剛,22,5,17,康和-台南,2024-06-05,8458
6147,頎邦,17,0,17,康和-台南,2024-06-05,8458
3231,緯創,17,2,15,康和-台南,2024-06-05,8458
2501,國建,16,1,15,康和-台南,2024-06-05,8458
2374,佳能,25,11,14,康和-台南,2024-06-05,8458
3088,艾訊,14,0,14,康和-台南,2024-06-05,8458
2323,中環,24,11,13,康和-台南,2024-06-05,8458
2352,佳世達,13,0,13,康和-台南,2024-06-05,8458
3481,群創,22,9,13,康和-台南,2024-06-05,8458
2025,千興,14,2,12,康和-台南,2024-06-05,8458
2401,凌陽,64,52,12,康和-台南,2024-06-05,8458
2405,輔信,12,0,12,康和-台南,2024-06-05,8458
5009,榮剛,12,0,12,康和-台南,2024-06-05,8458
00939,統一台灣高息動能,11,0,11,康和-台南,2024-06-05,8458
2002,中鋼,11,0,11,康和-台南,2024-06-05,8458
00942B,台新美A公司債20+,11,0,11,康和-台南,2024-06-05,8458
2888,新光金,11,0,11,康和-台南,2024-06-05,8458
6161,捷波,12,2,10,康和-台南,2024-06-05,8458
2603,長榮,14,4,10,康和-台南,2024-06-05,8458
1714,和桐,10,0,10,康和-台南,2024-06-05,8458
2515,中工,11,1,10,康和-台南,2024-06-05,8458
5871A,中租-KY甲特,10,0,10,康和-台南,2024-06-05,8458
8110,華東,10,0,10,康和-台南,2024-06-05,8458
3708,上緯投控,10,0,10,康和-台南,2024-06-05,8458
5521,工信,10,0,10,康和-台南,2024-06-05,8458
4543,萬在,9,0,9,康和-台南,2024-06-05,8458
6189,豐藝,9,0,9,康和-台南,2024-06-05,8458
8096,擎亞,9,0,9,康和-台南,2024-06-05,8458
1314,中石化,10,2,8,康和-台南,2024-06-05,8458
2206,三陽工業,8,0,8,康和-台南,2024-06-05,8458
1313,聯成,7,0,7,康和-台南,2024-06-05,8458
2365,昆盈,34,27,7,康和-台南,2024-06-05,8458
2489,瑞軒,7,0,7,康和-台南,2024-06-05,8458
00918,大華優利高填息30,6,0,6,康和-台南,2024-06-05,8458
00712,復華富時不動產,11,5,6,康和-台南,2024-06-05,8458
6188,廣明,31,25,6,康和-台南,2024-06-05,8458
00687B,國泰20年美債,273,74,199,康和-台南,2024-06-06,8458
00936,台新永續高息中小,131,0,131,康和-台南,2024-06-06,8458
6770,力積電,65,6,59,康和-台南,2024-06-06,8458
00933B,國泰10Y+金融債,50,0,50,康和-台南,2024-06-06,8458
1568,倉佑,40,0,40,康和-台南,2024-06-06,8458
1714,和桐,40,0,40,康和-台南,2024-06-06,8458
1305,華夏,30,0,30,康和-台南,2024-06-06,8458
5347,世界,39,11,28,康和-台南,2024-06-06,8458
2344,華邦電,26,0,26,康和-台南,2024-06-06,8458
2353,宏��,20,0,20,康和-台南,2024-06-06,8458
00632R,元大台灣50反1,20,0,20,康和-台南,2024-06-06,8458
1445,大宇,20,0,20,康和-台南,2024-06-06,8458
00929,復華台灣科技優息,22,3,19,康和-台南,2024-06-06,8458
2354,鴻準,23,6,17,康和-台南,2024-06-06,8458
2101,南港,26,10,16,康和-台南,2024-06-06,8458
2002,中鋼,15,0,15,康和-台南,2024-06-06,8458
00918,大華優利高填息30,14,0,14,康和-台南,2024-06-06,8458
1319,東陽,28,14,14,康和-台南,2024-06-06,8458
2328,廣宇,26,12,14,康和-台南,2024-06-06,8458
2495,普安,13,0,13,康和-台南,2024-06-06,8458
00878,國泰永續高股息,34,22,12,康和-台南,2024-06-06,8458
3324,雙鴻,11,0,11,康和-台南,2024-06-06,8458
2301,光寶科,11,1,10,康和-台南,2024-06-06,8458
00671R,富邦NASDAQ反1,10,0,10,康和-台南,2024-06-06,8458
3022,威強電,12,2,10,康和-台南,2024-06-06,8458
6213,聯茂,11,1,10,康和-台南,2024-06-06,8458
9904,寶成,10,0,10,康和-台南,2024-06-06,8458
6531,愛普*,9,0,9,康和-台南,2024-06-06,8458
3260,威剛,9,0,9,康和-台南,2024-06-06,8458
3362,先進光,10,1,9,康和-台南,2024-06-06,8458
4979,華星光,11,2,9,康和-台南,2024-06-06,8458
1416,廣豐,8,0,8,康和-台南,2024-06-06,8458
2401,凌陽,56,48,8,康和-台南,2024-06-06,8458
3231,緯創,8,0,8,康和-台南,2024-06-06,8458
4123,晟德,8,0,8,康和-台南,2024-06-06,8458
1303,南亞,7,0,7,康和-台南,2024-06-06,8458
2392,正崴,9,2,7,康和-台南,2024-06-06,8458
2611,志信,17,10,7,康和-台南,2024-06-06,8458
6015,宏遠證,7,0,7,康和-台南,2024-06-06,8458
6449,鈺邦,8,1,7,康和-台南,2024-06-06,8458
2382,廣達,7,1,6,康和-台南,2024-06-06,8458
3413,京鼎,6,0,6,康和-台南,2024-06-06,8458
3564,其陽,5,0,5,康和-台南,2024-06-06,8458
1446,宏和,5,0,5,康和-台南,2024-06-06,8458
1503,士電,5,0,5,康和-台南,2024-06-06,8458
1526,日馳,5,0,5,康和-台南,2024-06-06,8458
2363,矽統,8,3,5,康和-台南,2024-06-06,8458
2606,裕民,5,0,5,康和-台南,2024-06-06,8458
3057,喬鼎,6,1,5,康和-台南,2024-06-06,8458
3583,辛耘,10,5,5,康和-台南,2024-06-06,8458
1101,台泥,132,2,130,康和-台南,2024-06-07,8458
00936,台新永續高息中小,88,0,88,康和-台南,2024-06-07,8458
2312,金寶,90,7,83,康和-台南,2024-06-07,8458
00631L,元大台灣50正2,201,134,67,康和-台南,2024-06-07,8458
1314,中石化,33,1,32,康和-台南,2024-06-07,8458
3231,緯創,34,3,31,康和-台南,2024-06-07,8458
2486,一詮,43,13,30,康和-台南,2024-06-07,8458
1568,倉佑,30,0,30,康和-台南,2024-06-07,8458
2605,新興,30,0,30,康和-台南,2024-06-07,8458
00662,富邦NASDAQ,27,0,27,康和-台南,2024-06-07,8458
2330,台積電,27,2,25,康和-台南,2024-06-07,8458
5392,能率,40,16,24,康和-台南,2024-06-07,8458
1503,士電,24,1,23,康和-台南,2024-06-07,8458
4956,光鋐,31,8,23,康和-台南,2024-06-07,8458
8089,康全電訊,26,5,21,康和-台南,2024-06-07,8458
2495,普安,20,0,20,康和-台南,2024-06-07,8458
1612,宏泰,18,0,18,康和-台南,2024-06-07,8458
2356,英業達,18,0,18,康和-台南,2024-06-07,8458
00687B,國泰20年美債,16,0,16,康和-台南,2024-06-07,8458
00919,群益台灣精選高息,13,0,13,康和-台南,2024-06-07,8458
00830,國泰費城半導體,13,0,13,康和-台南,2024-06-07,8458
3202,樺晟,28,15,13,康和-台南,2024-06-07,8458
2353,宏��,12,0,12,康和-台南,2024-06-07,8458
00918,大華優利高填息30,12,0,12,康和-台南,2024-06-07,8458
00929,復華台灣科技優息,29,18,11,康和-台南,2024-06-07,8458
00637L,元大滬深300正2,11,0,11,康和-台南,2024-06-07,8458
2105,正新,11,0,11,康和-台南,2024-06-07,8458
2603,長榮,15,4,11,康和-台南,2024-06-07,8458
3047,訊舟,16,5,11,康和-台南,2024-06-07,8458
2888,新光金,371,360,11,康和-台南,2024-06-07,8458
2331,精英,18,8,10,康和-台南,2024-06-07,8458
2547,日勝生,30,20,10,康和-台南,2024-06-07,8458
2612,中航,10,0,10,康和-台南,2024-06-07,8458
4513,福裕,10,0,10,康和-台南,2024-06-07,8458
6207,雷科,10,0,10,康和-台南,2024-06-07,8458
3122,笙泉,16,6,10,康和-台南,2024-06-07,8458
00713,元大台灣高息低波,14,4,10,康和-台南,2024-06-07,8458
5371,中光電,11,2,9,康和-台南,2024-06-07,8458
2382,廣達,10,2,8,康和-台南,2024-06-07,8458
2337,旺宏,8,0,8,康和-台南,2024-06-07,8458
2367,燿華,22,15,7,康和-台南,2024-06-07,8458
4533,協易機,8,1,7,康和-台南,2024-06-07,8458
00931B,統一美債20年,6,0,6,康和-台南,2024-06-07,8458
1532,勤美,6,0,6,康和-台南,2024-06-07,8458
1616,億泰,6,0,6,康和-台南,2024-06-07,8458
2892,第一金,6,0,6,康和-台南,2024-06-07,8458
5608,四維航,9,3,6,康和-台南,2024-06-07,8458
6128,上福,6,0,6,康和-台南,2024-06-07,8458
8033,雷虎,6,0,6,康和-台南,2024-06-07,8458
9105,泰金寶-DR,10,4,6,康和-台南,2024-06-07,8458
00680L,元大美債20正2,1020,0,1020,康和-台南,2024-06-11,8458
00936,台新永續高息中小,108,0,108,康和-台南,2024-06-11,8458
00725B,國泰投資級公司債,102,0,102,康和-台南,2024-06-11,8458
2609,陽明,97,27,70,康和-台南,2024-06-11,8458
3022,威強電,69,0,69,康和-台南,2024-06-11,8458
00687B,國泰20年美債,149,88,61,康和-台南,2024-06-11,8458
2888,新光金,57,2,55,康和-台南,2024-06-11,8458
2603,長榮,50,5,45,康和-台南,2024-06-11,8458
2515,中工,43,0,43,康和-台南,2024-06-11,8458
00929,復華台灣科技優息,35,0,35,康和-台南,2024-06-11,8458
00918,大華優利高填息30,34,0,34,康和-台南,2024-06-11,8458
2601,益航,60,30,30,康和-台南,2024-06-11,8458
00878,國泰永續高股息,28,0,28,康和-台南,2024-06-11,8458
1815,富喬,26,0,26,康和-台南,2024-06-11,8458
2002,中鋼,27,1,26,康和-台南,2024-06-11,8458
00937B,群益ESG投等債20,25,0,25,康和-台南,2024-06-11,8458
2027,大成鋼,21,0,21,康和-台南,2024-06-11,8458
5521,工信,20,2,18,康和-台南,2024-06-11,8458
00933B,國泰10Y+金融債,18,0,18,康和-台南,2024-06-11,8458
00679B,元大美債20年,17,0,17,康和-台南,2024-06-11,8458
2883B,凱基金乙特,17,0,17,康和-台南,2024-06-11,8458
2344,華邦電,25,10,15,康和-台南,2024-06-11,8458
2495,普安,15,0,15,康和-台南,2024-06-11,8458
1618,合機,28,14,14,康和-台南,2024-06-11,8458
2615,萬海,19,6,13,康和-台南,2024-06-11,8458
00882,中信中國高股息,12,0,12,康和-台南,2024-06-11,8458
3481,群創,13,1,12,康和-台南,2024-06-11,8458
4967,十銓,32,20,12,康和-台南,2024-06-11,8458
5608,四維航,14,2,12,康和-台南,2024-06-11,8458
6122,擎邦,12,0,12,康和-台南,2024-06-11,8458
2374,佳能,14,2,12,康和-台南,2024-06-11,8458
00919,群益台灣精選高息,18,7,11,康和-台南,2024-06-11,8458
2340,台亞,11,0,11,康和-台南,2024-06-11,8458
9945,潤泰新,11,0,11,康和-台南,2024-06-11,8458
2887,台新金,11,0,11,康和-台南,2024-06-11,8458
6153,嘉聯益,10,0,10,康和-台南,2024-06-11,8458
3231,緯創,13,3,10,康和-台南,2024-06-11,8458
00830,國泰費城半導體,10,0,10,康和-台南,2024-06-11,8458
1301,台塑,10,0,10,康和-台南,2024-06-11,8458
1568,倉佑,10,0,10,康和-台南,2024-06-11,8458
1608,華榮,11,1,10,康和-台南,2024-06-11,8458
5706,鳳凰,10,0,10,康和-台南,2024-06-11,8458
9105,泰金寶-DR,10,0,10,康和-台南,2024-06-11,8458
2324,仁寶,10,1,9,康和-台南,2024-06-11,8458
2501,國建,15,6,9,康和-台南,2024-06-11,8458
2608,嘉里大榮,10,1,9,康和-台南,2024-06-11,8458
2845,遠東銀,9,0,9,康和-台南,2024-06-11,8458
6274,台燿,10,1,9,康和-台南,2024-06-11,8458
1473,台南,8,0,8,康和-台南,2024-06-11,8458
2330,台積電,13,6,7,康和-台南,2024-06-11,8458
6209,今國光,100,0,100,康和-台南,2024-06-12,8458
00942B,台新美A公司債20+,51,0,51,康和-台南,2024-06-12,8458
2812,台中銀,50,0,50,康和-台南,2024-06-12,8458
2888,新光金,72,25,47,康和-台南,2024-06-12,8458
2354,鴻準,46,7,39,康和-台南,2024-06-12,8458
00948B,中信優息投資級債,115,78,37,康和-台南,2024-06-12,8458
9946,三發地產,32,0,32,康和-台南,2024-06-12,8458
3022,威強電,31,0,31,康和-台南,2024-06-12,8458
1714,和桐,30,0,30,康和-台南,2024-06-12,8458
2353,宏��,31,2,29,康和-台南,2024-06-12,8458
2002,中鋼,29,0,29,康和-台南,2024-06-12,8458
6695,芯鼎,29,2,27,康和-台南,2024-06-12,8458
1416,廣豐,24,0,24,康和-台南,2024-06-12,8458
2617,台航,23,0,23,康和-台南,2024-06-12,8458
5608,四維航,23,1,22,康和-台南,2024-06-12,8458
2501,國建,31,9,22,康和-台南,2024-06-12,8458
00918,大華優利高填息30,24,3,21,康和-台南,2024-06-12,8458
1604,聲寶,20,0,20,康和-台南,2024-06-12,8458
1446,宏和,20,0,20,康和-台南,2024-06-12,8458
2515,中工,22,2,20,康和-台南,2024-06-12,8458
2882,國泰金,20,1,19,康和-台南,2024-06-12,8458
2881,富邦金,20,3,17,康和-台南,2024-06-12,8458
9904,寶成,20,3,17,康和-台南,2024-06-12,8458
00919,群益台灣精選高息,17,0,17,康和-台南,2024-06-12,8458
00929,復華台灣科技優息,17,0,17,康和-台南,2024-06-12,8458
2883,凱基金,26,11,15,康和-台南,2024-06-12,8458
00947,台新臺灣IC設計,15,0,15,康和-台南,2024-06-12,8458
00671R,富邦NASDAQ反1,15,0,15,康和-台南,2024-06-12,8458
2337,旺宏,15,0,15,康和-台南,2024-06-12,8458
3413,京鼎,19,4,15,康和-台南,2024-06-12,8458
2392,正崴,13,0,13,康和-台南,2024-06-12,8458
4580,捷流閥業,13,0,13,康和-台南,2024-06-12,8458
6117,迎廣,13,0,13,康和-台南,2024-06-12,8458
6207,雷科,26,13,13,康和-台南,2024-06-12,8458
0056,元大高股息,12,0,12,康和-台南,2024-06-12,8458
2367,燿華,35,23,12,康和-台南,2024-06-12,8458
2425,承啟,13,1,12,康和-台南,2024-06-12,8458
2605,新興,16,4,12,康和-台南,2024-06-12,8458
6443,元晶,12,0,12,康和-台南,2024-06-12,8458
00713,元大台灣高息低波,11,0,11,康和-台南,2024-06-12,8458
3363,上詮,13,2,11,康和-台南,2024-06-12,8458
5880,合庫金,10,0,10,康和-台南,2024-06-12,8458
3231,緯創,31,21,10,康和-台南,2024-06-12,8458
2495,普安,10,0,10,康和-台南,2024-06-12,8458
2867,三商壽,10,0,10,康和-台南,2024-06-12,8458
3035,智原,10,0,10,康和-台南,2024-06-12,8458
4513,福裕,10,0,10,康和-台南,2024-06-12,8458
6188,廣明,11,2,9,康和-台南,2024-06-12,8458
1570,力肯,9,0,9,康和-台南,2024-06-12,8458
2542,興富發,10,1,9,康和-台南,2024-06-12,8458
00940,元大台灣價值高息,558,111,447,康和-台南,2024-06-13,8458
2618,長榮航,147,28,119,康和-台南,2024-06-13,8458
00725B,國泰投資級公司債,100,0,100,康和-台南,2024-06-13,8458
00687B,國泰20年美債,100,19,81,康和-台南,2024-06-13,8458
8466,美吉吉-KY,68,0,68,康和-台南,2024-06-13,8458
00929,復華台灣科技優息,97,37,60,康和-台南,2024-06-13,8458
2812,台中銀,50,0,50,康和-台南,2024-06-13,8458
8112,至上,46,2,44,康和-台南,2024-06-13,8458
2354,鴻準,46,3,43,康和-台南,2024-06-13,8458
8085,福華,37,1,36,康和-台南,2024-06-13,8458
00936,台新永續高息中小,31,0,31,康和-台南,2024-06-13,8458
00671R,富邦NASDAQ反1,25,0,25,康和-台南,2024-06-13,8458
2374,佳能,27,4,23,康和-台南,2024-06-13,8458
1522,堤維西,25,3,22,康和-台南,2024-06-13,8458
4707,磐亞,15,0,15,康和-台南,2024-06-13,8458
8105,凌巨,15,0,15,康和-台南,2024-06-13,8458
2537,聯上發,20,6,14,康和-台南,2024-06-13,8458
6216,居易,18,4,14,康和-台南,2024-06-13,8458
2882,國泰金,11,0,11,康和-台南,2024-06-13,8458
2426,鼎元,11,0,11,康和-台南,2024-06-13,8458
00923,群益台ESG低碳50,10,0,10,康和-台南,2024-06-13,8458
00944,野村趨勢動能高息,10,0,10,康和-台南,2024-06-13,8458
2409,友達,10,0,10,康和-台南,2024-06-13,8458
3564,其陽,25,15,10,康和-台南,2024-06-13,8458
6290,良維,12,2,10,康和-台南,2024-06-13,8458
2603,長榮,14,5,9,康和-台南,2024-06-13,8458
1316,上曜,10,1,9,康和-台南,2024-06-13,8458
5706,鳳凰,10,1,9,康和-台南,2024-06-13,8458
5347,世界,14,5,9,康和-台南,2024-06-13,8458
00662,富邦NASDAQ,8,0,8,康和-台南,2024-06-13,8458
2449,京元電子,18,10,8,康和-台南,2024-06-13,8458
2427,三商電,12,4,8,康和-台南,2024-06-13,8458
3312,弘憶股,11,3,8,康和-台南,2024-06-13,8458
00918,大華優利高填息30,11,3,8,康和-台南,2024-06-13,8458
00942B,台新美A公司債20+,7,0,7,康和-台南,2024-06-13,8458
2101,南港,7,0,7,康和-台南,2024-06-13,8458
2328,廣宇,10,3,7,康和-台南,2024-06-13,8458
3202,樺晟,17,10,7,康和-台南,2024-06-13,8458
3481,群創,22,15,7,康和-台南,2024-06-13,8458
3483,力致,12,5,7,康和-台南,2024-06-13,8458
912000,晨訊科-DR,7,0,7,康和-台南,2024-06-13,8458
1442,名軒,6,0,6,康和-台南,2024-06-13,8458
2392,正崴,6,0,6,康和-台南,2024-06-13,8458
8358,金居,7,1,6,康和-台南,2024-06-13,8458
8936,國統,14,8,6,康和-台南,2024-06-13,8458
1514,亞力,10,5,5,康和-台南,2024-06-13,8458
00931B,統一美債20年,5,0,5,康和-台南,2024-06-13,8458
00679B,元大美債20年,7,2,5,康和-台南,2024-06-13,8458
1526,日馳,5,0,5,康和-台南,2024-06-13,8458
2204,中華,5,0,5,康和-台南,2024-06-13,8458
00725B,國泰投資級公司債,215,0,215,康和-台南,2024-06-14,8458
1301,台塑,121,0,121,康和-台南,2024-06-14,8458
00940,元大台灣價值高息,92,0,92,康和-台南,2024-06-14,8458
2371,大同,116,46,70,康和-台南,2024-06-14,8458
00918,大華優利高填息30,62,0,62,康和-台南,2024-06-14,8458
2367,燿華,59,16,43,康和-台南,2024-06-14,8458
2363,矽統,45,4,41,康和-台南,2024-06-14,8458
1101,台泥,42,18,24,康和-台南,2024-06-14,8458
00942B,台新美A公司債20+,24,0,24,康和-台南,2024-06-14,8458
1609,大亞,65,43,22,康和-台南,2024-06-14,8458
1611,中電,21,0,21,康和-台南,2024-06-14,8458
4958,臻鼎-KY,20,0,20,康和-台南,2024-06-14,8458
3450,聯鈞,27,8,19,康和-台南,2024-06-14,8458
2801,彰銀,16,0,16,康和-台南,2024-06-14,8458
912000,晨訊科-DR,15,0,15,康和-台南,2024-06-14,8458
2392,正崴,31,16,15,康和-台南,2024-06-14,8458
2330,台積電,17,2,15,康和-台南,2024-06-14,8458
1319,東陽,27,13,14,康和-台南,2024-06-14,8458
8096,擎亞,35,21,14,康和-台南,2024-06-14,8458
5292,華懋,13,0,13,康和-台南,2024-06-14,8458
00919,群益台灣精選高息,17,5,12,康和-台南,2024-06-14,8458
2427,三商電,15,3,12,康和-台南,2024-06-14,8458
2337,旺宏,11,0,11,康和-台南,2024-06-14,8458
2605,新興,13,2,11,康和-台南,2024-06-14,8458
3362,先進光,11,0,11,康和-台南,2024-06-14,8458
6154,順發,11,0,11,康和-台南,2024-06-14,8458
2017,官田鋼,10,0,10,康和-台南,2024-06-14,8458
2431,聯昌,10,0,10,康和-台南,2024-06-14,8458
2601,益航,10,0,10,康和-台南,2024-06-14,8458
3013,晟銘電,28,18,10,康和-台南,2024-06-14,8458
1513,中興電,34,25,9,康和-台南,2024-06-14,8458
2377,微星,9,0,9,康和-台南,2024-06-14,8458
6112,邁達特,9,0,9,康和-台南,2024-06-14,8458
8040,九暘,15,6,9,康和-台南,2024-06-14,8458
2002,中鋼,8,0,8,康和-台南,2024-06-14,8458
2486,一詮,19,11,8,康和-台南,2024-06-14,8458
3372,典範,8,0,8,康和-台南,2024-06-14,8458
4108,懷特,8,0,8,康和-台南,2024-06-14,8458
6139,亞翔,9,1,8,康和-台南,2024-06-14,8458
00679B,元大美債20年,11,4,7,康和-台南,2024-06-14,8458
3048,益登,20,13,7,康和-台南,2024-06-14,8458
3324,雙鴻,7,0,7,康和-台南,2024-06-14,8458
3413,京鼎,7,0,7,康和-台南,2024-06-14,8458
2376,技嘉,6,0,6,康和-台南,2024-06-14,8458
1591,駿吉-KY,6,0,6,康和-台南,2024-06-14,8458
2492,華新科,9,3,6,康和-台南,2024-06-14,8458
3706,神達,6,0,6,康和-台南,2024-06-14,8458
3707,漢磊,6,0,6,康和-台南,2024-06-14,8458
3708,上緯投控,7,1,6,康和-台南,2024-06-14,8458
5243,乙盛-KY,6,0,6,康和-台南,2024-06-14,8458
00751B,元大AAA至A公司債,455,0,455,康和-台南,2024-06-17,8458
2618,長榮航,161,0,161,康和-台南,2024-06-17,8458
2515,中工,106,2,104,康和-台南,2024-06-17,8458
00940,元大台灣價值高息,100,2,98,康和-台南,2024-06-17,8458
00936,台新永續高息中小,57,0,57,康和-台南,2024-06-17,8458
00687B,國泰20年美債,53,0,53,康和-台南,2024-06-17,8458
2371,大同,152,107,45,康和-台南,2024-06-17,8458
2501,國建,42,2,40,康和-台南,2024-06-17,8458
2897,王道銀行,36,0,36,康和-台南,2024-06-17,8458
00948B,中信優息投資級債,55,20,35,康和-台南,2024-06-17,8458
00918,大華優利高填息30,43,11,32,康和-台南,2024-06-17,8458
00937B,群益ESG投等債20,30,0,30,康和-台南,2024-06-17,8458
00830,國泰費城半導體,19,0,19,康和-台南,2024-06-17,8458
8936,國統,20,1,19,康和-台南,2024-06-17,8458
2888,新光金,70,51,19,康和-台南,2024-06-17,8458
2609,陽明,19,2,17,康和-台南,2024-06-17,8458
2354,鴻準,24,7,17,康和-台南,2024-06-17,8458
2867,三商壽,15,0,15,康和-台南,2024-06-17,8458
2610,華航,15,1,14,康和-台南,2024-06-17,8458
00713,元大台灣高息低波,13,0,13,康和-台南,2024-06-17,8458
4979,華星光,13,0,13,康和-台南,2024-06-17,8458
6216,居易,16,4,12,康和-台南,2024-06-17,8458
1503,士電,19,7,12,康和-台南,2024-06-17,8458
2402,毅嘉,22,11,11,康和-台南,2024-06-17,8458
6213,聯茂,11,0,11,康和-台南,2024-06-17,8458
6117,迎廣,19,9,10,康和-台南,2024-06-17,8458
00671R,富邦NASDAQ反1,10,0,10,康和-台南,2024-06-17,8458
1451,年興,10,0,10,康和-台南,2024-06-17,8458
1532,勤美,10,0,10,康和-台南,2024-06-17,8458
1568,倉佑,10,0,10,康和-台南,2024-06-17,8458
2106,建大,10,0,10,康和-台南,2024-06-17,8458
2548,華固,10,0,10,康和-台南,2024-06-17,8458
3016,嘉晶,10,0,10,康和-台南,2024-06-17,8458
3062,建漢,16,6,10,康和-台南,2024-06-17,8458
3163,波若威,13,3,10,康和-台南,2024-06-17,8458
5521,工信,10,0,10,康和-台南,2024-06-17,8458
8111,立��,10,0,10,康和-台南,2024-06-17,8458
2027,大成鋼,10,0,10,康和-台南,2024-06-17,8458
3706,神達,10,1,9,康和-台南,2024-06-17,8458
6188,廣明,10,1,9,康和-台南,2024-06-17,8458
2615,萬海,14,6,8,康和-台南,2024-06-17,8458
00935,野村臺灣新科技50,8,0,8,康和-台南,2024-06-17,8458
1815,富喬,12,4,8,康和-台南,2024-06-17,8458
2353,宏��,12,4,8,康和-台南,2024-06-17,8458
2392,正崴,20,12,8,康和-台南,2024-06-17,8458
9103,美德醫療-DR,8,0,8,康和-台南,2024-06-17,8458
00946,群益科技高息成長,8,1,7,康和-台南,2024-06-17,8458
00881,國泰台灣5G+,7,0,7,康和-台南,2024-06-17,8458
4743,合一,7,0,7,康和-台南,2024-06-17,8458
6290,良維,11,5,6,康和-台南,2024-06-17,8458
00918,大華優利高填息30,98,5,93,康和-台南,2024-06-18,8458
2002,中鋼,66,1,65,康和-台南,2024-06-18,8458
911608,明輝-DR,50,0,50,康和-台南,2024-06-18,8458
00937B,群益ESG投等債20,32,1,31,康和-台南,2024-06-18,8458
00671R,富邦NASDAQ反1,30,0,30,康和-台南,2024-06-18,8458
1305,華夏,30,0,30,康和-台南,2024-06-18,8458
8096,擎亞,52,26,26,康和-台南,2024-06-18,8458
1514,亞力,38,12,26,康和-台南,2024-06-18,8458
2025,千興,24,0,24,康和-台南,2024-06-18,8458
8064,東捷,29,7,22,康和-台南,2024-06-18,8458
1618,合機,28,7,21,康和-台南,2024-06-18,8458
5521,工信,20,0,20,康和-台南,2024-06-18,8458
00687B,國泰20年美債,21,1,20,康和-台南,2024-06-18,8458
2382,廣達,23,5,18,康和-台南,2024-06-18,8458
2324,仁寶,15,0,15,康和-台南,2024-06-18,8458
4533,協易機,27,12,15,康和-台南,2024-06-18,8458
8054,安國,13,1,12,康和-台南,2024-06-18,8458
4142,國光生,12,1,11,康和-台南,2024-06-18,8458
3013,晟銘電,11,0,11,康和-台南,2024-06-18,8458
2317,鴻海,16,5,11,康和-台南,2024-06-18,8458
00929,復華台灣科技優息,10,0,10,康和-台南,2024-06-18,8458
00894,中信小資高價30,10,0,10,康和-台南,2024-06-18,8458
2515,中工,10,0,10,康和-台南,2024-06-18,8458
4956,光鋐,10,0,10,康和-台南,2024-06-18,8458
5706,鳳凰,10,0,10,康和-台南,2024-06-18,8458
4534,慶騰,10,0,10,康和-台南,2024-06-18,8458
00713,元大台灣高息低波,9,0,9,康和-台南,2024-06-18,8458
2328,廣宇,9,0,9,康和-台南,2024-06-18,8458
2354,鴻準,13,4,9,康和-台南,2024-06-18,8458
1446,宏和,8,0,8,康和-台南,2024-06-18,8458
4767,誠泰科技,8,0,8,康和-台南,2024-06-18,8458
6770,力積電,9,1,8,康和-台南,2024-06-18,8458
1815,富喬,15,7,8,康和-台南,2024-06-18,8458
00936,台新永續高息中小,14,7,7,康和-台南,2024-06-18,8458
3308,聯德,7,0,7,康和-台南,2024-06-18,8458
6233,旺玖,7,0,7,康和-台南,2024-06-18,8458
3402,漢科,7,0,7,康和-台南,2024-06-18,8458
4967,十銓,16,10,6,康和-台南,2024-06-18,8458
1802,台玻,11,5,6,康和-台南,2024-06-18,8458
2014,中鴻,6,0,6,康和-台南,2024-06-18,8458
2204,中華,6,0,6,康和-台南,2024-06-18,8458
2349,錸德,6,0,6,康和-台南,2024-06-18,8458
2641,正德,6,0,6,康和-台南,2024-06-18,8458
3625,西勝,6,0,6,康和-台南,2024-06-18,8458
4562,穎漢,12,6,6,康和-台南,2024-06-18,8458
4580,捷流閥業,6,0,6,康和-台南,2024-06-18,8458
4726,永昕,8,2,6,康和-台南,2024-06-18,8458
6140,訊達,6,0,6,康和-台南,2024-06-18,8458
2454,聯發科,8,2,6,康和-台南,2024-06-18,8458
2486,一詮,10,5,5,康和-台南,2024-06-18,8458
6770,力積電,142,27,115,康和-台南,2024-06-19,8458
2409,友達,105,5,100,康和-台南,2024-06-19,8458
00937B,群益ESG投等債20,82,17,65,康和-台南,2024-06-19,8458
1305,華夏,60,0,60,康和-台南,2024-06-19,8458
8085,福華,52,2,50,康和-台南,2024-06-19,8458
1316,上曜,50,0,50,康和-台南,2024-06-19,8458
2104,國際中橡,50,0,50,康和-台南,2024-06-19,8458
00665L,富邦�琤肭磪囓�2,40,0,40,康和-台南,2024-06-19,8458
1416,廣豐,36,0,36,康和-台南,2024-06-19,8458
00948B,中信優息投資級債,35,0,35,康和-台南,2024-06-19,8458
2405,輔信,30,0,30,康和-台南,2024-06-19,8458
2889,國票金,30,0,30,康和-台南,2024-06-19,8458
8112,至上,32,4,28,康和-台南,2024-06-19,8458
4958,臻鼎-KY,66,41,25,康和-台南,2024-06-19,8458
2301,光寶科,25,1,24,康和-台南,2024-06-19,8458
2323,中環,24,0,24,康和-台南,2024-06-19,8458
3041,揚智,25,2,23,康和-台南,2024-06-19,8458
2371,大同,35,13,22,康和-台南,2024-06-19,8458
00946,群益科技高息成長,22,0,22,康和-台南,2024-06-19,8458
1319,東陽,22,0,22,康和-台南,2024-06-19,8458
3231,緯創,36,14,22,康和-台南,2024-06-19,8458
2610,華航,23,2,21,康和-台南,2024-06-19,8458
00753L,中信中國50正2,20,0,20,康和-台南,2024-06-19,8458
2832,台產,20,0,20,康和-台南,2024-06-19,8458
00929,復華台灣科技優息,53,35,18,康和-台南,2024-06-19,8458
4566,時碩工業,22,6,16,康和-台南,2024-06-19,8458
912000,晨訊科-DR,15,0,15,康和-台南,2024-06-19,8458
2615,萬海,26,11,15,康和-台南,2024-06-19,8458
3362,先進光,15,1,14,康和-台南,2024-06-19,8458
4979,華星光,14,0,14,康和-台南,2024-06-19,8458
00687B,國泰20年美債,13,0,13,康和-台南,2024-06-19,8458
1815,富喬,16,3,13,康和-台南,2024-06-19,8458
2392,正崴,26,13,13,康和-台南,2024-06-19,8458
3202,樺晟,13,0,13,康和-台南,2024-06-19,8458
00940,元大台灣價值高息,27,14,13,康和-台南,2024-06-19,8458
3163,波若威,24,12,12,康和-台南,2024-06-19,8458
00881,國泰台灣5G+,13,1,12,康和-台南,2024-06-19,8458
2401,凌陽,39,27,12,康和-台南,2024-06-19,8458
3062,建漢,42,30,12,康和-台南,2024-06-19,8458
6189,豐藝,12,1,11,康和-台南,2024-06-19,8458
00936,台新永續高息中小,11,0,11,康和-台南,2024-06-19,8458
3013,晟銘電,14,3,11,康和-台南,2024-06-19,8458
3450,聯鈞,33,22,11,康和-台南,2024-06-19,8458
1605,華新,10,0,10,康和-台南,2024-06-19,8458
1503,士電,34,24,10,康和-台南,2024-06-19,8458
2537,聯上發,10,0,10,康和-台南,2024-06-19,8458
3324,雙鴻,12,2,10,康和-台南,2024-06-19,8458
5706,鳳凰,10,0,10,康和-台南,2024-06-19,8458
6668,中揚光,10,0,10,康和-台南,2024-06-19,8458
2317,鴻海,28,18,10,康和-台南,2024-06-19,8458
00631L,元大台灣50正2,300,0,300,康和-台南,2024-06-20,8458
00919,群益台灣精選高息,86,1,85,康和-台南,2024-06-20,8458
2344,華邦電,113,37,76,康和-台南,2024-06-20,8458
1101,台泥,70,0,70,康和-台南,2024-06-20,8458
2888,新光金,56,0,56,康和-台南,2024-06-20,8458
00936,台新永續高息中小,61,10,51,康和-台南,2024-06-20,8458
8096,擎亞,48,7,41,康和-台南,2024-06-20,8458
6901,鑽石投資,40,1,39,康和-台南,2024-06-20,8458
00687B,國泰20年美債,75,40,35,康和-台南,2024-06-20,8458
8085,福華,31,1,30,康和-台南,2024-06-20,8458
2618,長榮航,91,64,27,康和-台南,2024-06-20,8458
8040,九暘,25,0,25,康和-台南,2024-06-20,8458
1316,上曜,24,2,22,康和-台南,2024-06-20,8458
1503,士電,54,32,22,康和-台南,2024-06-20,8458
9904,寶成,21,0,21,康和-台南,2024-06-20,8458
00671R,富邦NASDAQ反1,20,0,20,康和-台南,2024-06-20,8458
1308,亞聚,20,0,20,康和-台南,2024-06-20,8458
2029,盛餘,20,0,20,康和-台南,2024-06-20,8458
2323,中環,20,0,20,康和-台南,2024-06-20,8458
2889,國票金,20,0,20,康和-台南,2024-06-20,8458
6216,居易,24,6,18,康和-台南,2024-06-20,8458
00946,群益科技高息成長,17,0,17,康和-台南,2024-06-20,8458
1513,中興電,23,8,15,康和-台南,2024-06-20,8458
00937B,群益ESG投等債20,15,0,15,康和-台南,2024-06-20,8458
1309,台達化,15,0,15,康和-台南,2024-06-20,8458
6016,康和證,15,1,14,康和-台南,2024-06-20,8458
8011,台通,14,1,13,康和-台南,2024-06-20,8458
2883,凱基金,13,0,13,康和-台南,2024-06-20,8458
2913,農林,11,0,11,康和-台南,2024-06-20,8458
3450,聯鈞,19,8,11,康和-台南,2024-06-20,8458
4909,新復興,13,2,11,康和-台南,2024-06-20,8458
00942B,台新美A公司債20+,10,0,10,康和-台南,2024-06-20,8458
2547,日勝生,10,0,10,康和-台南,2024-06-20,8458
2891,中信金,10,0,10,康和-台南,2024-06-20,8458
5706,鳳凰,10,0,10,康和-台南,2024-06-20,8458
2353,宏��,12,2,10,康和-台南,2024-06-20,8458
2615,萬海,20,10,10,康和-台南,2024-06-20,8458
2365,昆盈,15,6,9,康和-台南,2024-06-20,8458
2489,瑞軒,9,0,9,康和-台南,2024-06-20,8458
2884,玉山金,11,2,9,康和-台南,2024-06-20,8458
3437,榮創,10,1,9,康和-台南,2024-06-20,8458
3673,TPK-KY,11,2,9,康和-台南,2024-06-20,8458
00948B,中信優息投資級債,8,0,8,康和-台南,2024-06-20,8458
2301,光寶科,8,0,8,康和-台南,2024-06-20,8458
2330,台積電,16,8,8,康和-台南,2024-06-20,8458
6531,愛普*,9,2,7,康和-台南,2024-06-20,8458
1303,南亞,8,1,7,康和-台南,2024-06-20,8458
2449,京元電子,10,3,7,康和-台南,2024-06-20,8458
2610,華航,7,0,7,康和-台南,2024-06-20,8458
4306,炎洲,7,0,7,康和-台南,2024-06-20,8458
00631L,元大台灣50正2,100,1,99,康和-台南,2024-06-21,8458
2323,中環,90,8,82,康和-台南,2024-06-21,8458
00665L,富邦�琤肭磪囓�2,50,0,50,康和-台南,2024-06-21,8458
00919,群益台灣精選高息,111,62,49,康和-台南,2024-06-21,8458
00937B,群益ESG投等債20,58,17,41,康和-台南,2024-06-21,8458
00664R,國泰臺灣加權反1,40,0,40,康和-台南,2024-06-21,8458
6770,力積電,115,78,37,康和-台南,2024-06-21,8458
00671R,富邦NASDAQ反1,35,0,35,康和-台南,2024-06-21,8458
912000,晨訊科-DR,30,0,30,康和-台南,2024-06-21,8458
5521,工信,24,2,22,康和-台南,2024-06-21,8458
4906,正文,21,0,21,康和-台南,2024-06-21,8458
2337,旺宏,20,0,20,康和-台南,2024-06-21,8458
3088,艾訊,21,1,20,康和-台南,2024-06-21,8458
8011,台通,31,11,20,康和-台南,2024-06-21,8458
2313,華通,20,2,18,康和-台南,2024-06-21,8458
00936,台新永續高息中小,17,0,17,康和-台南,2024-06-21,8458
1303,南亞,20,4,16,康和-台南,2024-06-21,8458
6443,元晶,17,1,16,康和-台南,2024-06-21,8458
2401,凌陽,17,1,16,康和-台南,2024-06-21,8458
00948B,中信優息投資級債,15,0,15,康和-台南,2024-06-21,8458
2367,燿華,23,9,14,康和-台南,2024-06-21,8458
3163,波若威,15,1,14,康和-台南,2024-06-21,8458
6695,芯鼎,15,2,13,康和-台南,2024-06-21,8458
3048,益登,12,0,12,康和-台南,2024-06-21,8458
1608,華榮,11,0,11,康和-台南,2024-06-21,8458
2515,中工,11,0,11,康和-台南,2024-06-21,8458
4909,新復興,18,7,11,康和-台南,2024-06-21,8458
8070,長華*,11,0,11,康和-台南,2024-06-21,8458
8096,擎亞,13,2,11,康和-台南,2024-06-21,8458
00679B,元大美債20年,10,0,10,康和-台南,2024-06-21,8458
3607,谷崧,12,2,10,康和-台南,2024-06-21,8458
3588,通嘉,10,0,10,康和-台南,2024-06-21,8458
2363,矽統,9,0,9,康和-台南,2024-06-21,8458
6016,康和證,19,10,9,康和-台南,2024-06-21,8458
6188,廣明,14,5,9,康和-台南,2024-06-21,8458
8936,國統,10,2,8,康和-台南,2024-06-21,8458
1220,台榮,8,0,8,康和-台南,2024-06-21,8458
3673,TPK-KY,9,1,8,康和-台南,2024-06-21,8458
2330,台積電,12,4,8,康和-台南,2024-06-21,8458
2427,三商電,7,0,7,康和-台南,2024-06-21,8458
2504,國產,7,0,7,康和-台南,2024-06-21,8458
1316,上曜,13,6,7,康和-台南,2024-06-21,8458
1802,台玻,7,0,7,康和-台南,2024-06-21,8458
8076,伍豐,9,2,7,康和-台南,2024-06-21,8458
3580,友威科,8,1,7,康和-台南,2024-06-21,8458
2002,中鋼,6,0,6,康和-台南,2024-06-21,8458
1560,中砂,6,0,6,康和-台南,2024-06-21,8458
1609,大亞,7,1,6,康和-台南,2024-06-21,8458
2104,國際中橡,6,0,6,康和-台南,2024-06-21,8458
2603,長榮,7,1,6,康和-台南,2024-06-21,8458
2618,長榮航,259,22,237,康和-台南,2024-06-24,8458
1815,富喬,117,5,112,康和-台南,2024-06-24,8458
00919,群益台灣精選高息,107,1,106,康和-台南,2024-06-24,8458
6770,力積電,123,23,100,康和-台南,2024-06-24,8458
00929,復華台灣科技優息,98,9,89,康和-台南,2024-06-24,8458
1416,廣豐,88,0,88,康和-台南,2024-06-24,8458
2409,友達,130,44,86,康和-台南,2024-06-24,8458
1326,台化,72,0,72,康和-台南,2024-06-24,8458
00940,元大台灣價值高息,67,2,65,康和-台南,2024-06-24,8458
3062,建漢,97,41,56,康和-台南,2024-06-24,8458
00631L,元大台灣50正2,100,45,55,康和-台南,2024-06-24,8458
912000,晨訊科-DR,55,0,55,康和-台南,2024-06-24,8458
3481,群創,144,90,54,康和-台南,2024-06-24,8458
2303,聯電,59,9,50,康和-台南,2024-06-24,8458
1409,新纖,60,31,29,康和-台南,2024-06-24,8458
00936,台新永續高息中小,27,0,27,康和-台南,2024-06-24,8458
2107,厚生,26,0,26,康和-台南,2024-06-24,8458
2641,正德,25,0,25,康和-台南,2024-06-24,8458
2025,千興,23,0,23,康和-台南,2024-06-24,8458
2605,新興,23,1,22,康和-台南,2024-06-24,8458
00679B,元大美債20年,21,0,21,康和-台南,2024-06-24,8458
2317,鴻海,30,10,20,康和-台南,2024-06-24,8458
2888,新光金,20,0,20,康和-台南,2024-06-24,8458
1316,上曜,20,0,20,康和-台南,2024-06-24,8458
2014,中鴻,20,0,20,康和-台南,2024-06-24,8458
3049,精金,21,1,20,康和-台南,2024-06-24,8458
2368,金像電,21,2,19,康和-台南,2024-06-24,8458
2402,毅嘉,25,6,19,康和-台南,2024-06-24,8458
3047,訊舟,30,11,19,康和-台南,2024-06-24,8458
3088,艾訊,21,2,19,康和-台南,2024-06-24,8458
6499,益安,19,0,19,康和-台南,2024-06-24,8458
2353,宏��,18,0,18,康和-台南,2024-06-24,8458
8064,東捷,37,19,18,康和-台南,2024-06-24,8458
1785,光洋科,26,8,18,康和-台南,2024-06-24,8458
6841,長佳智能,16,0,16,康和-台南,2024-06-24,8458
8040,九暘,16,1,15,康和-台南,2024-06-24,8458
2344,華邦電,25,10,15,康和-台南,2024-06-24,8458
2449,京元電子,35,20,15,康和-台南,2024-06-24,8458
2002,中鋼,14,0,14,康和-台南,2024-06-24,8458
5371,中光電,16,2,14,康和-台南,2024-06-24,8458
00918,大華優利高填息30,17,4,13,康和-台南,2024-06-24,8458
5512,力麒,15,2,13,康和-台南,2024-06-24,8458
2330,台積電,14,2,12,康和-台南,2024-06-24,8458
3706,神達,41,30,11,康和-台南,2024-06-24,8458
3163,波若威,12,1,11,康和-台南,2024-06-24,8458
5443,均豪,24,13,11,康和-台南,2024-06-24,8458
00671R,富邦NASDAQ反1,10,0,10,康和-台南,2024-06-24,8458
00665L,富邦�琤肭磪囓�2,10,0,10,康和-台南,2024-06-24,8458
2337,旺宏,11,1,10,康和-台南,2024-06-24,8458
2363,矽統,11,1,10,康和-台南,2024-06-24,8458
5452,佶優,132,16,116,康和-台南,2024-06-25,8458
3481,群創,122,38,84,康和-台南,2024-06-25,8458
2002,中鋼,62,0,62,康和-台南,2024-06-25,8458
1714,和桐,60,0,60,康和-台南,2024-06-25,8458
00942B,台新美A公司債20+,55,0,55,康和-台南,2024-06-25,8458
2344,華邦電,80,27,53,康和-台南,2024-06-25,8458
00929,復華台灣科技優息,74,26,48,康和-台南,2024-06-25,8458
2409,友達,41,5,36,康和-台南,2024-06-25,8458
00936,台新永續高息中小,33,0,33,康和-台南,2024-06-25,8458
00940,元大台灣價值高息,35,4,31,康和-台南,2024-06-25,8458
4533,協易機,26,2,24,康和-台南,2024-06-25,8458
2406,國碩,25,4,21,康和-台南,2024-06-25,8458
1568,倉佑,20,0,20,康和-台南,2024-06-25,8458
2324,仁寶,20,0,20,康和-台南,2024-06-25,8458
2610,華航,20,0,20,康和-台南,2024-06-25,8458
1104,環泥,20,0,20,康和-台南,2024-06-25,8458
2313,華通,19,1,18,康和-台南,2024-06-25,8458
8096,擎亞,20,2,18,康和-台南,2024-06-25,8458
1503,士電,30,13,17,康和-台南,2024-06-25,8458
9933,中鼎,21,4,17,康和-台南,2024-06-25,8458
00671R,富邦NASDAQ反1,15,0,15,康和-台南,2024-06-25,8458
2367,燿華,37,22,15,康和-台南,2024-06-25,8458
00919,群益台灣精選高息,34,21,13,康和-台南,2024-06-25,8458
5512,力麒,13,0,13,康和-台南,2024-06-25,8458
9105,泰金寶-DR,30,18,12,康和-台南,2024-06-25,8458
1815,富喬,15,4,11,康和-台南,2024-06-25,8458
2352,佳世達,18,7,11,康和-台南,2024-06-25,8458
3231,緯創,14,3,11,康和-台南,2024-06-25,8458
00632R,元大台灣50反1,10,0,10,康和-台南,2024-06-25,8458
006206,元大上證50,10,0,10,康和-台南,2024-06-25,8458
00751B,元大AAA至A公司債,10,0,10,康和-台南,2024-06-25,8458
1584,精剛,10,0,10,康和-台南,2024-06-25,8458
2355,敬鵬,14,4,10,康和-台南,2024-06-25,8458
2605,新興,12,2,10,康和-台南,2024-06-25,8458
3088,艾訊,11,1,10,康和-台南,2024-06-25,8458
6282,康舒,10,0,10,康和-台南,2024-06-25,8458
6477,安集,10,0,10,康和-台南,2024-06-25,8458
00878,國泰永續高股息,10,0,10,康和-台南,2024-06-25,8458
2317,鴻海,48,39,9,康和-台南,2024-06-25,8458
2408,南亞科,10,1,9,康和-台南,2024-06-25,8458
2412,中華電,10,2,8,康和-台南,2024-06-25,8458
3413,京鼎,8,0,8,康和-台南,2024-06-25,8458
6770,力積電,11,3,8,康和-台南,2024-06-25,8458
00946,群益科技高息成長,7,0,7,康和-台南,2024-06-25,8458
1611,中電,7,0,7,康和-台南,2024-06-25,8458
2368,金像電,10,3,7,康和-台南,2024-06-25,8458
2801,彰銀,7,0,7,康和-台南,2024-06-25,8458
2834,臺企銀,7,0,7,康和-台南,2024-06-25,8458
3515,華擎,7,0,7,康和-台南,2024-06-25,8458
6182,合晶,7,0,7,康和-台南,2024-06-25,8458
2409,友達,125,21,104,康和-台南,2024-06-26,8458
6770,力積電,82,7,75,康和-台南,2024-06-26,8458
3088,艾訊,59,12,47,康和-台南,2024-06-26,8458
00631L,元大台灣50正2,144,100,44,康和-台南,2024-06-26,8458
00680L,元大美債20正2,40,0,40,康和-台南,2024-06-26,8458
1316,上曜,32,0,32,康和-台南,2024-06-26,8458
1326,台化,32,0,32,康和-台南,2024-06-26,8458
1305,華夏,30,0,30,康和-台南,2024-06-26,8458
1402,遠東新,30,0,30,康和-台南,2024-06-26,8458
6443,元晶,30,0,30,康和-台南,2024-06-26,8458
00929,復華台灣科技優息,33,10,23,康和-台南,2024-06-26,8458
9904,寶成,21,0,21,康和-台南,2024-06-26,8458
00637L,元大滬深300正2,20,0,20,康和-台南,2024-06-26,8458
2029,盛餘,20,0,20,康和-台南,2024-06-26,8458
8110,華東,41,21,20,康和-台南,2024-06-26,8458
2353,宏��,25,6,19,康和-台南,2024-06-26,8458
00940,元大台灣價值高息,20,1,19,康和-台南,2024-06-26,8458
00919,群益台灣精選高息,18,1,17,康和-台南,2024-06-26,8458
1609,大亞,38,21,17,康和-台南,2024-06-26,8458
1301,台塑,17,1,16,康和-台南,2024-06-26,8458
4566,時碩工業,29,13,16,康和-台南,2024-06-26,8458
3483,力致,18,3,15,康和-台南,2024-06-26,8458
2882,國泰金,17,3,14,康和-台南,2024-06-26,8458
1815,富喬,13,0,13,康和-台南,2024-06-26,8458
2354,鴻準,19,7,12,康和-台南,2024-06-26,8458
00936,台新永續高息中小,12,0,12,康和-台南,2024-06-26,8458
2002,中鋼,10,0,10,康和-台南,2024-06-26,8458
00687B,國泰20年美債,10,0,10,康和-台南,2024-06-26,8458
2392,正崴,16,6,10,康和-台南,2024-06-26,8458
2412,中華電,10,0,10,康和-台南,2024-06-26,8458
2611,志信,11,1,10,康和-台南,2024-06-26,8458
5328,華容,11,1,10,康和-台南,2024-06-26,8458
5521,工信,10,0,10,康和-台南,2024-06-26,8458
8054,安國,10,0,10,康和-台南,2024-06-26,8458
2883,凱基金,10,1,9,康和-台南,2024-06-26,8458
2884,玉山金,9,0,9,康和-台南,2024-06-26,8458
2482,連宇,10,1,9,康和-台南,2024-06-26,8458
3581,博磊,9,0,9,康和-台南,2024-06-26,8458
8112,至上,9,0,9,康和-台南,2024-06-26,8458
8942,森鉅,8,0,8,康和-台南,2024-06-26,8458
1514,亞力,13,5,8,康和-台南,2024-06-26,8458
1611,中電,8,0,8,康和-台南,2024-06-26,8458
2025,千興,8,0,8,康和-台南,2024-06-26,8458
1785,光洋科,18,11,7,康和-台南,2024-06-26,8458
2455,全新,8,2,6,康和-台南,2024-06-26,8458
2615,萬海,9,3,6,康和-台南,2024-06-26,8458
2812,台中銀,6,0,6,康和-台南,2024-06-26,8458
3062,建漢,28,22,6,康和-台南,2024-06-26,8458
3691,碩禾,7,1,6,康和-台南,2024-06-26,8458
6244,茂迪,8,2,6,康和-台南,2024-06-26,8458
00948B,中信優息投資級債,340,0,340,康和-台南,2024-06-27,8458
00680L,元大美債20正2,292,0,292,康和-台南,2024-06-27,8458
00665L,富邦�琤肭磪囓�2,80,0,80,康和-台南,2024-06-27,8458
8085,福華,76,1,75,康和-台南,2024-06-27,8458
2317,鴻海,78,9,69,康和-台南,2024-06-27,8458
6770,力積電,60,0,60,康和-台南,2024-06-27,8458
2606,裕民,33,3,30,康和-台南,2024-06-27,8458
3481,群創,44,14,30,康和-台南,2024-06-27,8458
2515,中工,28,0,28,康和-台南,2024-06-27,8458
00937B,群益ESG投等債20,26,0,26,康和-台南,2024-06-27,8458
8104,錸寶,26,0,26,康和-台南,2024-06-27,8458
1522,堤維西,31,6,25,康和-台南,2024-06-27,8458
00940,元大台灣價值高息,29,7,22,康和-台南,2024-06-27,8458
3149,正達,23,3,20,康和-台南,2024-06-27,8458
1785,光洋科,24,4,20,康和-台南,2024-06-27,8458
2353,宏��,19,0,19,康和-台南,2024-06-27,8458
6244,茂迪,35,18,17,康和-台南,2024-06-27,8458
6443,元晶,99,83,16,康和-台南,2024-06-27,8458
2367,燿華,18,2,16,康和-台南,2024-06-27,8458
2885,元大金,16,0,16,康和-台南,2024-06-27,8458
1609,大亞,31,16,15,康和-台南,2024-06-27,8458
2465,麗臺,15,0,15,康和-台南,2024-06-27,8458
8096,擎亞,16,1,15,康和-台南,2024-06-27,8458
00929,復華台灣科技優息,14,0,14,康和-台南,2024-06-27,8458
1540,喬福,20,7,13,康和-台南,2024-06-27,8458
00679B,元大美債20年,12,0,12,康和-台南,2024-06-27,8458
3708,上緯投控,10,0,10,康和-台南,2024-06-27,8458
1309,台達化,10,0,10,康和-台南,2024-06-27,8458
00922,國泰台灣領袖50,10,0,10,康和-台南,2024-06-27,8458
1447,力鵬,10,0,10,康和-台南,2024-06-27,8458
2208,台船,10,0,10,康和-台南,2024-06-27,8458
2402,毅嘉,10,0,10,康和-台南,2024-06-27,8458
4414,如興,10,0,10,康和-台南,2024-06-27,8458
5521,工信,10,0,10,康和-台南,2024-06-27,8458
2882,國泰金,11,2,9,康和-台南,2024-06-27,8458
00936,台新永續高息中小,9,0,9,康和-台南,2024-06-27,8458
00687B,國泰20年美債,8,0,8,康和-台南,2024-06-27,8458
2405,輔信,13,5,8,康和-台南,2024-06-27,8458
2884,玉山金,8,0,8,康和-台南,2024-06-27,8458
3312,弘憶股,20,12,8,康和-台南,2024-06-27,8458
2002,中鋼,7,0,7,康和-台南,2024-06-27,8458
1905,華紙,7,0,7,康和-台南,2024-06-27,8458
9919,康那香,7,0,7,康和-台南,2024-06-27,8458
4958,臻鼎-KY,11,4,7,康和-台南,2024-06-27,8458
9945,潤泰新,6,0,6,康和-台南,2024-06-27,8458
3055,蔚華科,7,1,6,康和-台南,2024-06-27,8458
3673,TPK-KY,7,1,6,康和-台南,2024-06-27,8458
3017,奇鋐,8,2,6,康和-台南,2024-06-27,8458
3062,建漢,10,4,6,康和-台南,2024-06-27,8458
3531,先益,6,0,6,康和-台南,2024-06-27,8458
2349,錸德,72,12,60,康和-台南,2024-06-28,8458
2406,國碩,71,25,46,康和-台南,2024-06-28,8458
2374,佳能,44,8,36,康和-台南,2024-06-28,8458
3264,欣銓,34,4,30,康和-台南,2024-06-28,8458
1309,台達化,30,2,28,康和-台南,2024-06-28,8458
6901,鑽石投資,22,0,22,康和-台南,2024-06-28,8458
2610,華航,342,320,22,康和-台南,2024-06-28,8458
4306,炎洲,21,0,21,康和-台南,2024-06-28,8458
00664R,國泰臺灣加權反1,20,0,20,康和-台南,2024-06-28,8458
2464,盟立,22,3,19,康和-台南,2024-06-28,8458
6245,立端,18,0,18,康和-台南,2024-06-28,8458
6116,彩晶,18,2,16,康和-台南,2024-06-28,8458
00671R,富邦NASDAQ反1,15,0,15,康和-台南,2024-06-28,8458
00948B,中信優息投資級債,43,30,13,康和-台南,2024-06-28,8458
2618,長榮航,13,0,13,康和-台南,2024-06-28,8458
3712,永崴投控,11,0,11,康和-台南,2024-06-28,8458
4956,光鋐,17,6,11,康和-台南,2024-06-28,8458
2882,國泰金,55,44,11,康和-台南,2024-06-28,8458
3149,正達,16,6,10,康和-台南,2024-06-28,8458
1217,愛之味,10,0,10,康和-台南,2024-06-28,8458
2353,宏��,10,0,10,康和-台南,2024-06-28,8458
2607,榮運,10,0,10,康和-台南,2024-06-28,8458
2883B,凱基金乙特,10,0,10,康和-台南,2024-06-28,8458
3048,益登,23,13,10,康和-台南,2024-06-28,8458
3078,僑威,10,0,10,康和-台南,2024-06-28,8458
3338,泰碩,15,5,10,康和-台南,2024-06-28,8458
4168,醣聯,10,0,10,康和-台南,2024-06-28,8458
00881,國泰台灣5G+,10,1,9,康和-台南,2024-06-28,8458
4919,新唐,10,1,9,康和-台南,2024-06-28,8458
00919,群益台灣精選高息,12,3,9,康和-台南,2024-06-28,8458
9958,世紀鋼,9,1,8,康和-台南,2024-06-28,8458
2449,京元電子,10,2,8,康和-台南,2024-06-28,8458
6216,居易,8,0,8,康和-台南,2024-06-28,8458
8033,雷虎,8,0,8,康和-台南,2024-06-28,8458
8096,擎亞,9,1,8,康和-台南,2024-06-28,8458
3312,弘憶股,12,5,7,康和-台南,2024-06-28,8458
4533,協易機,8,1,7,康和-台南,2024-06-28,8458
6125,廣運,8,1,7,康和-台南,2024-06-28,8458
00929,復華台灣科技優息,9,3,6,康和-台南,2024-06-28,8458
6806,森崴能源,9,3,6,康和-台南,2024-06-28,8458
00937B,群益ESG投等債20,5,0,5,康和-台南,2024-06-28,8458
2402,毅嘉,5,0,5,康和-台南,2024-06-28,8458
2731,雄獅,5,0,5,康和-台南,2024-06-28,8458
3049,精金,5,0,5,康和-台南,2024-06-28,8458
3092,鴻碩,5,0,5,康和-台南,2024-06-28,8458
3231,緯創,8,3,5,康和-台南,2024-06-28,8458
3481,群創,51,46,5,康和-台南,2024-06-28,8458
3576,聯合再生,19,14,5,康和-台南,2024-06-28,8458
4564,元翎,5,0,5,康和-台南,2024-06-28,8458
5009,榮剛,5,0,5,康和-台南,2024-06-28,8458
00680L,元大美債20正2,653,0,653,康和-台南,2024-07-01,8458
2347,聯強,100,0,100,康和-台南,2024-07-01,8458
1713,國化,101,1,100,康和-台南,2024-07-01,8458
00936,台新永續高息中小,72,0,72,康和-台南,2024-07-01,8458
3481,群創,77,5,72,康和-台南,2024-07-01,8458
1305,華夏,60,0,60,康和-台南,2024-07-01,8458
2317,鴻海,61,9,52,康和-台南,2024-07-01,8458
00937B,群益ESG投等債20,45,0,45,康和-台南,2024-07-01,8458
2464,盟立,77,32,45,康和-台南,2024-07-01,8458
00940,元大台灣價值高息,50,6,44,康和-台南,2024-07-01,8458
3706,神達,45,2,43,康和-台南,2024-07-01,8458
6244,茂迪,43,2,41,康和-台南,2024-07-01,8458
9904,寶成,41,0,41,康和-台南,2024-07-01,8458
2365,昆盈,55,17,38,康和-台南,2024-07-01,8458
2812,台中銀,50,12,38,康和-台南,2024-07-01,8458
0056,元大高股息,37,0,37,康和-台南,2024-07-01,8458
00679B,元大美債20年,31,0,31,康和-台南,2024-07-01,8458
1326,台化,30,0,30,康和-台南,2024-07-01,8458
00948B,中信優息投資級債,30,0,30,康和-台南,2024-07-01,8458
3105,穩懋,34,7,27,康和-台南,2024-07-01,8458
2401,凌陽,29,3,26,康和-台南,2024-07-01,8458
8096,擎亞,30,4,26,康和-台南,2024-07-01,8458
1802,台玻,24,0,24,康和-台南,2024-07-01,8458
00929,復華台灣科技優息,24,1,23,康和-台南,2024-07-01,8458
2313,華通,44,21,23,康和-台南,2024-07-01,8458
4956,光鋐,25,2,23,康和-台南,2024-07-01,8458
00687B,國泰20年美債,21,0,21,康和-台南,2024-07-01,8458
2402,毅嘉,20,0,20,康和-台南,2024-07-01,8458
2303,聯電,26,9,17,康和-台南,2024-07-01,8458
6197,佳必琪,17,1,16,康和-台南,2024-07-01,8458
3450,聯鈞,53,38,15,康和-台南,2024-07-01,8458
2352,佳世達,14,0,14,康和-台南,2024-07-01,8458
2405,輔信,15,1,14,康和-台南,2024-07-01,8458
3038,全台,20,6,14,康和-台南,2024-07-01,8458
3372,典範,16,2,14,康和-台南,2024-07-01,8458
1611,中電,15,2,13,康和-台南,2024-07-01,8458
3149,正達,15,2,13,康和-台南,2024-07-01,8458
3703,欣陸,15,2,13,康和-台南,2024-07-01,8458
4743,合一,13,1,12,康和-台南,2024-07-01,8458
6117,迎廣,20,8,12,康和-台南,2024-07-01,8458
00772B,中信高評級公司債,12,0,12,康和-台南,2024-07-01,8458
2409,友達,12,0,12,康和-台南,2024-07-01,8458
2820,華票,12,0,12,康和-台南,2024-07-01,8458
6901,鑽石投資,12,0,12,康和-台南,2024-07-01,8458
1785,光洋科,20,9,11,康和-台南,2024-07-01,8458
6182,合晶,13,2,11,康和-台南,2024-07-01,8458
6187,萬潤,14,3,11,康和-台南,2024-07-01,8458
2890,永豐金,10,0,10,康和-台南,2024-07-01,8458
00720B,元大投資級公司債,10,0,10,康和-台南,2024-07-01,8458
00688L,國泰20年美債正2,10,0,10,康和-台南,2024-07-01,8458
00934,中信成長高股息,137,0,137,康和-台南,2024-07-02,8458
00929,復華台灣科技優息,94,2,92,康和-台南,2024-07-02,8458
2317,鴻海,88,5,83,康和-台南,2024-07-02,8458
00631L,元大台灣50正2,84,2,82,康和-台南,2024-07-02,8458
2303,聯電,76,6,70,康和-台南,2024-07-02,8458
2002,中鋼,70,0,70,康和-台南,2024-07-02,8458
6770,力積電,62,0,62,康和-台南,2024-07-02,8458
4720,德淵,61,0,61,康和-台南,2024-07-02,8458
00936,台新永續高息中小,42,0,42,康和-台南,2024-07-02,8458
9905,大華,35,0,35,康和-台南,2024-07-02,8458
1326,台化,33,0,33,康和-台南,2024-07-02,8458
2347,聯強,32,0,32,康和-台南,2024-07-02,8458
00680L,元大美債20正2,30,0,30,康和-台南,2024-07-02,8458
2611,志信,31,1,30,康和-台南,2024-07-02,8458
3052,夆典,30,0,30,康和-台南,2024-07-02,8458
3059,華晶科,32,2,30,康和-台南,2024-07-02,8458
2897,王道銀行,28,0,28,康和-台南,2024-07-02,8458
00942B,台新美A公司債20+,27,0,27,康和-台南,2024-07-02,8458
4562,穎漢,31,5,26,康和-台南,2024-07-02,8458
2352,佳世達,25,1,24,康和-台南,2024-07-02,8458
00881,國泰台灣5G+,23,0,23,康和-台南,2024-07-02,8458
5483,中美晶,23,1,22,康和-台南,2024-07-02,8458
1604,聲寶,20,0,20,康和-台南,2024-07-02,8458
4306,炎洲,20,0,20,康和-台南,2024-07-02,8458
5521,工信,20,0,20,康和-台南,2024-07-02,8458
3706,神達,20,1,19,康和-台南,2024-07-02,8458
4123,晟德,19,0,19,康和-台南,2024-07-02,8458
5452,佶優,28,9,19,康和-台南,2024-07-02,8458
2313,華通,27,10,17,康和-台南,2024-07-02,8458
5328,華容,25,8,17,康和-台南,2024-07-02,8458
5230,雷笛克光學,18,3,15,康和-台南,2024-07-02,8458
1514,亞力,19,5,14,康和-台南,2024-07-02,8458
6117,迎廣,14,0,14,康和-台南,2024-07-02,8458
5347,世界,20,6,14,康和-台南,2024-07-02,8458
1522,堤維西,15,2,13,康和-台南,2024-07-02,8458
2485,兆赫,13,0,13,康和-台南,2024-07-02,8458
2834,臺企銀,13,0,13,康和-台南,2024-07-02,8458
00679B,元大美債20年,22,10,12,康和-台南,2024-07-02,8458
00918,大華優利高填息30,12,0,12,康和-台南,2024-07-02,8458
0056,元大高股息,17,5,12,康和-台南,2024-07-02,8458
5443,均豪,16,4,12,康和-台南,2024-07-02,8458
00751B,元大AAA至A公司債,11,0,11,康和-台南,2024-07-02,8458
1785,光洋科,51,40,11,康和-台南,2024-07-02,8458
2449,京元電子,17,6,11,康和-台南,2024-07-02,8458
2515,中工,11,0,11,康和-台南,2024-07-02,8458
00937B,群益ESG投等債20,10,0,10,康和-台南,2024-07-02,8458
1444,力麗,10,0,10,康和-台南,2024-07-02,8458
1584,精剛,10,0,10,康和-台南,2024-07-02,8458
1806,冠軍,10,0,10,康和-台南,2024-07-02,8458
2027,大成鋼,10,0,10,康和-台南,2024-07-02,8458
00934,中信成長高股息,190,0,190,康和-台南,2024-07-03,8458
00882,中信中國高股息,70,7,63,康和-台南,2024-07-03,8458
6154,順發,62,0,62,康和-台南,2024-07-03,8458
00687B,國泰20年美債,110,59,51,康和-台南,2024-07-03,8458
2317,鴻海,37,1,36,康和-台南,2024-07-03,8458
2105,正新,31,0,31,康和-台南,2024-07-03,8458
2464,盟立,45,14,31,康和-台南,2024-07-03,8458
00751B,元大AAA至A公司債,30,0,30,康和-台南,2024-07-03,8458
2347,聯強,30,2,28,康和-台南,2024-07-03,8458
8085,福華,25,0,25,康和-台南,2024-07-03,8458
3047,訊舟,26,2,24,康和-台南,2024-07-03,8458
4906,正文,37,14,23,康和-台南,2024-07-03,8458
3043,科風,23,1,22,康和-台南,2024-07-03,8458
1522,堤維西,22,2,20,康和-台南,2024-07-03,8458
2331,精英,20,0,20,康和-台南,2024-07-03,8458
6117,迎廣,19,1,18,康和-台南,2024-07-03,8458
2344,華邦電,32,15,17,康和-台南,2024-07-03,8458
6443,元晶,24,7,17,康和-台南,2024-07-03,8458
6213,聯茂,23,7,16,康和-台南,2024-07-03,8458
2323,中環,41,26,15,康和-台南,2024-07-03,8458
00671R,富邦NASDAQ反1,15,0,15,康和-台南,2024-07-03,8458
9905,大華,15,0,15,康和-台南,2024-07-03,8458
3005,神基,21,7,14,康和-台南,2024-07-03,8458
5355,佳總,14,0,14,康和-台南,2024-07-03,8458
6126,信音,14,0,14,康和-台南,2024-07-03,8458
8096,擎亞,14,0,14,康和-台南,2024-07-03,8458
2303,聯電,19,5,14,康和-台南,2024-07-03,8458
5443,均豪,34,21,13,康和-台南,2024-07-03,8458
00927,群益半導體收益,13,0,13,康和-台南,2024-07-03,8458
5902,德記,13,0,13,康和-台南,2024-07-03,8458
2356,英業達,13,1,12,康和-台南,2024-07-03,8458
4167,松瑞藥,12,0,12,康和-台南,2024-07-03,8458
4720,德淵,12,0,12,康和-台南,2024-07-03,8458
00881,國泰台灣5G+,10,0,10,康和-台南,2024-07-03,8458
2029,盛餘,10,0,10,康和-台南,2024-07-03,8458
2352,佳世達,10,0,10,康和-台南,2024-07-03,8458
2362,藍天,10,0,10,康和-台南,2024-07-03,8458
4707,磐亞,10,0,10,康和-台南,2024-07-03,8458
6188,廣明,11,1,10,康和-台南,2024-07-03,8458
6245,立端,10,0,10,康和-台南,2024-07-03,8458
8064,東捷,12,2,10,康和-台南,2024-07-03,8458
1104,環泥,10,1,9,康和-台南,2024-07-03,8458
5347,世界,10,2,8,康和-台南,2024-07-03,8458
6806,森崴能源,9,1,8,康和-台南,2024-07-03,8458
3066,李洲,8,0,8,康和-台南,2024-07-03,8458
8086,宏捷科,8,0,8,康和-台南,2024-07-03,8458
1436,華友聯,12,5,7,康和-台南,2024-07-03,8458
2392,正崴,10,3,7,康和-台南,2024-07-03,8458
9910,豐泰,7,0,7,康和-台南,2024-07-03,8458
00944,野村趨勢動能高息,6,0,6,康和-台南,2024-07-03,8458
00937B,群益ESG投等債20,109,11,98,康和-台南,2024-07-04,8458
2402,毅嘉,92,12,80,康和-台南,2024-07-04,8458
2618,長榮航,89,10,79,康和-台南,2024-07-04,8458
00911,兆豐洲際半導體,30,0,30,康和-台南,2024-07-04,8458
00942B,台新美A公司債20+,25,0,25,康和-台南,2024-07-04,8458
2405,輔信,34,11,23,康和-台南,2024-07-04,8458
2412,中華電,21,0,21,康和-台南,2024-07-04,8458
00688L,國泰20年美債正2,20,0,20,康和-台南,2024-07-04,8458
00632R,元大台灣50反1,20,0,20,康和-台南,2024-07-04,8458
1514,亞力,46,26,20,康和-台南,2024-07-04,8458
1714,和桐,20,0,20,康和-台南,2024-07-04,8458
1785,光洋科,91,72,19,康和-台南,2024-07-04,8458
3481,群創,34,16,18,康和-台南,2024-07-04,8458
2349,錸德,19,1,18,康和-台南,2024-07-04,8458
00878,國泰永續高股息,46,30,16,康和-台南,2024-07-04,8458
1513,中興電,46,30,16,康和-台南,2024-07-04,8458
8234,新漢,46,31,15,康和-台南,2024-07-04,8458
0056,元大高股息,14,0,14,康和-台南,2024-07-04,8458
00687B,國泰20年美債,15,2,13,康和-台南,2024-07-04,8458
8096,擎亞,13,0,13,康和-台南,2024-07-04,8458
2352,佳世達,12,0,12,康和-台南,2024-07-04,8458
3260,威剛,12,0,12,康和-台南,2024-07-04,8458
4566,時碩工業,13,1,12,康和-台南,2024-07-04,8458
4956,光鋐,12,0,12,康和-台南,2024-07-04,8458
00830,國泰費城半導體,11,0,11,康和-台南,2024-07-04,8458
3047,訊舟,16,5,11,康和-台南,2024-07-04,8458
3231,緯創,33,22,11,康和-台南,2024-07-04,8458
2617,台航,12,1,11,康和-台南,2024-07-04,8458
3450,聯鈞,15,4,11,康和-台南,2024-07-04,8458
6753,龍德造船,11,0,11,康和-台南,2024-07-04,8458
2891,中信金,22,11,11,康和-台南,2024-07-04,8458
00671R,富邦NASDAQ反1,10,0,10,康和-台南,2024-07-04,8458
2474,可成,10,0,10,康和-台南,2024-07-04,8458
5347,世界,11,1,10,康和-台南,2024-07-04,8458
6531,愛普*,17,7,10,康和-台南,2024-07-04,8458
6901,鑽石投資,20,10,10,康和-台南,2024-07-04,8458
4743,合一,11,1,10,康和-台南,2024-07-04,8458
2371,大同,21,11,10,康和-台南,2024-07-04,8458
2882,國泰金,31,22,9,康和-台南,2024-07-04,8458
00934,中信成長高股息,9,0,9,康和-台南,2024-07-04,8458
00923,群益台ESG低碳50,9,0,9,康和-台南,2024-07-04,8458
2605,新興,9,0,9,康和-台南,2024-07-04,8458
8064,東捷,20,11,9,康和-台南,2024-07-04,8458
2329,華泰,11,2,9,康和-台南,2024-07-04,8458
1595,川寶,10,2,8,康和-台南,2024-07-04,8458
8086,宏捷科,9,1,8,康和-台南,2024-07-04,8458
2324,仁寶,7,0,7,康和-台南,2024-07-04,8458
00712,復華富時不動產,6,0,6,康和-台南,2024-07-04,8458
00637L,元大滬深300正2,6,0,6,康和-台南,2024-07-04,8458
1815,富喬,6,0,6,康和-台南,2024-07-04,8458
9105,泰金寶-DR,220,1,219,康和-台南,2024-07-05,8458
2618,長榮航,95,21,74,康和-台南,2024-07-05,8458
00937B,群益ESG投等債20,60,4,56,康和-台南,2024-07-05,8458
00934,中信成長高股息,55,0,55,康和-台南,2024-07-05,8458
2107,厚生,55,0,55,康和-台南,2024-07-05,8458
3037,欣興,54,1,53,康和-台南,2024-07-05,8458
5392,能率,48,2,46,康和-台南,2024-07-05,8458
2367,燿華,105,62,43,康和-台南,2024-07-05,8458
1809,中釉,41,0,41,康和-台南,2024-07-05,8458
3622,洋華,34,0,34,康和-台南,2024-07-05,8458
3052,夆典,33,0,33,康和-台南,2024-07-05,8458
2611,志信,31,0,31,康和-台南,2024-07-05,8458
3060,銘異,34,3,31,康和-台南,2024-07-05,8458
00948B,中信優息投資級債,30,0,30,康和-台南,2024-07-05,8458
3105,穩懋,32,2,30,康和-台南,2024-07-05,8458
2374,佳能,39,10,29,康和-台南,2024-07-05,8458
6207,雷科,33,6,27,康和-台南,2024-07-05,8458
00687B,國泰20年美債,32,6,26,康和-台南,2024-07-05,8458
8112,至上,45,20,25,康和-台南,2024-07-05,8458
00919,群益台灣精選高息,26,1,25,康和-台南,2024-07-05,8458
8096,擎亞,24,1,23,康和-台南,2024-07-05,8458
2344,華邦電,23,1,22,康和-台南,2024-07-05,8458
1309,台達化,20,0,20,康和-台南,2024-07-05,8458
1312,國喬,20,0,20,康和-台南,2024-07-05,8458
2832,台產,20,0,20,康和-台南,2024-07-05,8458
2897,王道銀行,20,0,20,康和-台南,2024-07-05,8458
3083,網龍,20,0,20,康和-台南,2024-07-05,8458
3576,聯合再生,30,11,19,康和-台南,2024-07-05,8458
6901,鑽石投資,30,11,19,康和-台南,2024-07-05,8458
2486,一詮,47,29,18,康和-台南,2024-07-05,8458
2542,興富發,20,2,18,康和-台南,2024-07-05,8458
8234,新漢,64,47,17,康和-台南,2024-07-05,8458
2301,光寶科,21,5,16,康和-台南,2024-07-05,8458
2801,彰銀,16,0,16,康和-台南,2024-07-05,8458
00918,大華優利高填息30,15,0,15,康和-台南,2024-07-05,8458
2455,全新,18,3,15,康和-台南,2024-07-05,8458
3362,先進光,15,0,15,康和-台南,2024-07-05,8458
4967,十銓,35,20,15,康和-台南,2024-07-05,8458
2356,英業達,19,5,14,康和-台南,2024-07-05,8458
2610,華航,13,0,13,康和-台南,2024-07-05,8458
2498,宏達電,17,4,13,康和-台南,2024-07-05,8458
1522,堤維西,13,1,12,康和-台南,2024-07-05,8458
1608,華榮,14,2,12,康和-台南,2024-07-05,8458
2387,精元,11,0,11,康和-台南,2024-07-05,8458
3673,TPK-KY,14,3,11,康和-台南,2024-07-05,8458
6179,亞通,11,0,11,康和-台南,2024-07-05,8458
1104,環泥,10,0,10,康和-台南,2024-07-05,8458
6257,矽格,12,2,10,康和-台南,2024-07-05,8458
00936,台新永續高息中小,10,0,10,康和-台南,2024-07-05,8458
2485,兆赫,11,1,10,康和-台南,2024-07-05,8458
00679B,元大美債20年,515,0,515,康和-台南,2024-07-08,8458
2618,長榮航,231,60,171,康和-台南,2024-07-08,8458
1713,國化,117,1,116,康和-台南,2024-07-08,8458
00934,中信成長高股息,71,0,71,康和-台南,2024-07-08,8458
6244,茂迪,70,0,70,康和-台南,2024-07-08,8458
2606,裕民,68,2,66,康和-台南,2024-07-08,8458
2029,盛餘,60,0,60,康和-台南,2024-07-08,8458
3481,群創,57,1,56,康和-台南,2024-07-08,8458
2401,凌陽,67,15,52,康和-台南,2024-07-08,8458
2313,華通,84,33,51,康和-台南,2024-07-08,8458
2352,佳世達,53,3,50,康和-台南,2024-07-08,8458
8473,山林水,47,0,47,康和-台南,2024-07-08,8458
2883,凱基金,44,1,43,康和-台南,2024-07-08,8458
00937B,群益ESG投等債20,43,3,40,康和-台南,2024-07-08,8458
1785,光洋科,97,57,40,康和-台南,2024-07-08,8458
2906,高林,35,0,35,康和-台南,2024-07-08,8458
2105,正新,30,0,30,康和-台南,2024-07-08,8458
3374,精材,45,16,29,康和-台南,2024-07-08,8458
6443,元晶,25,1,24,康和-台南,2024-07-08,8458
1522,堤維西,25,2,23,康和-台南,2024-07-08,8458
8111,立��,33,10,23,康和-台南,2024-07-08,8458
5452,佶優,80,58,22,康和-台南,2024-07-08,8458
3005,神基,31,9,22,康和-台南,2024-07-08,8458
2609,陽明,33,12,21,康和-台南,2024-07-08,8458
1454,台富,20,0,20,康和-台南,2024-07-08,8458
1536,和大,26,6,20,康和-台南,2024-07-08,8458
2832,台產,20,0,20,康和-台南,2024-07-08,8458
4973,廣穎,20,0,20,康和-台南,2024-07-08,8458
9904,寶成,20,0,20,康和-台南,2024-07-08,8458
1409,新纖,16,1,15,康和-台南,2024-07-08,8458
1718,中纖,24,9,15,康和-台南,2024-07-08,8458
2323,中環,25,10,15,康和-台南,2024-07-08,8458
2355,敬鵬,29,15,14,康和-台南,2024-07-08,8458
6189,豐藝,16,3,13,康和-台南,2024-07-08,8458
1802,台玻,13,0,13,康和-台南,2024-07-08,8458
2104,國際中橡,13,0,13,康和-台南,2024-07-08,8458
2365,昆盈,34,21,13,康和-台南,2024-07-08,8458
2706,第一店,13,0,13,康和-台南,2024-07-08,8458
2363,矽統,35,23,12,康和-台南,2024-07-08,8458
6188,廣明,12,0,12,康和-台南,2024-07-08,8458
2515,中工,31,19,12,康和-台南,2024-07-08,8458
4908,前鼎,15,3,12,康和-台南,2024-07-08,8458
6153,嘉聯益,13,1,12,康和-台南,2024-07-08,8458
00949,復華日本龍頭,17,5,12,康和-台南,2024-07-08,8458
2603,長榮,13,2,11,康和-台南,2024-07-08,8458
00671R,富邦NASDAQ反1,10,0,10,康和-台南,2024-07-08,8458
1309,台達化,10,0,10,康和-台南,2024-07-08,8458
1445,大宇,10,0,10,康和-台南,2024-07-08,8458
1809,中釉,10,0,10,康和-台南,2024-07-08,8458
2524,京城,10,0,10,康和-台南,2024-07-08,8458
00631L,元大台灣50正2,400,200,200,康和-台南,2024-07-09,8458
2609,陽明,98,1,97,康和-台南,2024-07-09,8458
1714,和桐,90,1,89,康和-台南,2024-07-09,8458
1217,愛之味,74,0,74,康和-台南,2024-07-09,8458
9105,泰金寶-DR,310,237,73,康和-台南,2024-07-09,8458
1713,國化,71,0,71,康和-台南,2024-07-09,8458
2834,臺企銀,71,0,71,康和-台南,2024-07-09,8458
6016,康和證,65,0,65,康和-台南,2024-07-09,8458
2025,千興,55,0,55,康和-台南,2024-07-09,8458
2367,燿華,81,29,52,康和-台南,2024-07-09,8458
2812,台中銀,50,0,50,康和-台南,2024-07-09,8458
1536,和大,49,2,47,康和-台南,2024-07-09,8458
00934,中信成長高股息,43,0,43,康和-台南,2024-07-09,8458
00665L,富邦�琤肭磪囓�2,40,0,40,康和-台南,2024-07-09,8458
2606,裕民,33,0,33,康和-台南,2024-07-09,8458
1314,中石化,31,0,31,康和-台南,2024-07-09,8458
2601,益航,30,0,30,康和-台南,2024-07-09,8458
2633,台灣高鐵,30,0,30,康和-台南,2024-07-09,8458
5521,工信,30,0,30,康和-台南,2024-07-09,8458
3060,銘異,29,0,29,康和-台南,2024-07-09,8458
1785,光洋科,54,28,26,康和-台南,2024-07-09,8458
0056,元大高股息,25,0,25,康和-台南,2024-07-09,8458
2107,厚生,25,0,25,康和-台南,2024-07-09,8458
8111,立��,31,8,23,康和-台南,2024-07-09,8458
00878,國泰永續高股息,23,1,22,康和-台南,2024-07-09,8458
2542,興富發,22,0,22,康和-台南,2024-07-09,8458
2610,華航,22,0,22,康和-台南,2024-07-09,8458
3062,建漢,27,6,21,康和-台南,2024-07-09,8458
6426,統新,21,0,21,康和-台南,2024-07-09,8458
00671R,富邦NASDAQ反1,20,0,20,康和-台南,2024-07-09,8458
1109,信大,20,0,20,康和-台南,2024-07-09,8458
2029,盛餘,20,0,20,康和-台南,2024-07-09,8458
2349,錸德,40,20,20,康和-台南,2024-07-09,8458
2852,第一保,20,0,20,康和-台南,2024-07-09,8458
4716,大立,23,3,20,康和-台南,2024-07-09,8458
6790,永豐實,20,0,20,康和-台南,2024-07-09,8458
8277,商丞,20,1,19,康和-台南,2024-07-09,8458
00919,群益台灣精選高息,21,3,18,康和-台南,2024-07-09,8458
00881,國泰台灣5G+,20,2,18,康和-台南,2024-07-09,8458
3048,益登,22,4,18,康和-台南,2024-07-09,8458
8096,擎亞,22,4,18,康和-台南,2024-07-09,8458
5452,佶優,62,45,17,康和-台南,2024-07-09,8458
2312,金寶,44,29,15,康和-台南,2024-07-09,8458
1609,大亞,20,6,14,康和-台南,2024-07-09,8458
1711,永光,14,0,14,康和-台南,2024-07-09,8458
3050,鈺德,32,18,14,康和-台南,2024-07-09,8458
00901,永豐智能車供應鏈,12,0,12,康和-台南,2024-07-09,8458
1303,南亞,12,0,12,康和-台南,2024-07-09,8458
3019,亞光,12,0,12,康和-台南,2024-07-09,8458
3149,正達,30,18,12,康和-台南,2024-07-09,8458
00881,國泰台灣5G+,82,0,82,康和-台南,2024-07-10,8458
2834,臺企銀,51,0,51,康和-台南,2024-07-10,8458
00940,元大台灣價值高息,55,9,46,康和-台南,2024-07-10,8458
2606,裕民,40,0,40,康和-台南,2024-07-10,8458
9105,泰金寶-DR,37,0,37,康和-台南,2024-07-10,8458
2489,瑞軒,56,23,33,康和-台南,2024-07-10,8458
2353,宏��,44,21,23,康和-台南,2024-07-10,8458
6190,萬泰科,25,3,22,康和-台南,2024-07-10,8458
1314,中石化,22,1,21,康和-台南,2024-07-10,8458
2356,英業達,28,7,21,康和-台南,2024-07-10,8458
2317,鴻海,23,3,20,康和-台南,2024-07-10,8458
00936,台新永續高息中小,20,0,20,康和-台南,2024-07-10,8458
2029,盛餘,20,0,20,康和-台南,2024-07-10,8458
6790,永豐實,20,0,20,康和-台南,2024-07-10,8458
2886,兆豐金,20,0,20,康和-台南,2024-07-10,8458
00696B,富邦美債20年,16,0,16,康和-台南,2024-07-10,8458
6443,元晶,19,4,15,康和-台南,2024-07-10,8458
2605,新興,15,0,15,康和-台南,2024-07-10,8458
3060,銘異,15,0,15,康和-台南,2024-07-10,8458
8110,華東,15,0,15,康和-台南,2024-07-10,8458
8105,凌巨,16,2,14,康和-台南,2024-07-10,8458
1514,亞力,51,38,13,康和-台南,2024-07-10,8458
2537,聯上發,13,0,13,康和-台南,2024-07-10,8458
1409,新纖,12,0,12,康和-台南,2024-07-10,8458
2392,正崴,26,14,12,康和-台南,2024-07-10,8458
4108,懷特,12,0,12,康和-台南,2024-07-10,8458
5471,松翰,13,1,12,康和-台南,2024-07-10,8458
00934,中信成長高股息,11,0,11,康和-台南,2024-07-10,8458
3231,緯創,17,6,11,康和-台南,2024-07-10,8458
8071,能率網通,11,0,11,康和-台南,2024-07-10,8458
1201,味全,10,0,10,康和-台南,2024-07-10,8458
00671R,富邦NASDAQ反1,10,0,10,康和-台南,2024-07-10,8458
1454,台富,10,0,10,康和-台南,2024-07-10,8458
1504,東元,10,0,10,康和-台南,2024-07-10,8458
1710,東聯,10,0,10,康和-台南,2024-07-10,8458
1905,華紙,10,0,10,康和-台南,2024-07-10,8458
2375,凱美,10,0,10,康和-台南,2024-07-10,8458
3047,訊舟,14,4,10,康和-台南,2024-07-10,8458
3078,僑威,10,0,10,康和-台南,2024-07-10,8458
6216,居易,10,0,10,康和-台南,2024-07-10,8458
00679B,元大美債20年,10,1,9,康和-台南,2024-07-10,8458
6456,GIS-KY,11,2,9,康和-台南,2024-07-10,8458
2316,楠梓電,10,1,9,康和-台南,2024-07-10,8458
6127,九豪,13,5,8,康和-台南,2024-07-10,8458
00929,復華台灣科技優息,7,0,7,康和-台南,2024-07-10,8458
2323,中環,12,5,7,康和-台南,2024-07-10,8458
2457,飛宏,7,0,7,康和-台南,2024-07-10,8458
5608,四維航,7,0,7,康和-台南,2024-07-10,8458
2615,萬海,13,6,7,康和-台南,2024-07-10,8458
1217,愛之味,6,0,6,康和-台南,2024-07-10,8458
1444,力麗,290,0,290,康和-台南,2024-07-11,8458
2495,普安,250,0,250,康和-台南,2024-07-11,8458
2618,長榮航,173,23,150,康和-台南,2024-07-11,8458
2353,宏��,112,4,108,康和-台南,2024-07-11,8458
2884,玉山金,59,1,58,康和-台南,2024-07-11,8458
2371,大同,55,0,55,康和-台南,2024-07-11,8458
00934,中信成長高股息,173,123,50,康和-台南,2024-07-11,8458
1309,台達化,50,0,50,康和-台南,2024-07-11,8458
6244,茂迪,41,0,41,康和-台南,2024-07-11,8458
2405,輔信,33,0,33,康和-台南,2024-07-11,8458
2408,南亞科,48,16,32,康和-台南,2024-07-11,8458
1416,廣豐,30,0,30,康和-台南,2024-07-11,8458
1714,和桐,30,0,30,康和-台南,2024-07-11,8458
2107,厚生,31,2,29,康和-台南,2024-07-11,8458
1447,力鵬,25,0,25,康和-台南,2024-07-11,8458
3062,建漢,32,7,25,康和-台南,2024-07-11,8458
2889,國票金,35,11,24,康和-台南,2024-07-11,8458
3663,鑫科,25,1,24,康和-台南,2024-07-11,8458
5452,佶優,22,0,22,康和-台南,2024-07-11,8458
3081,聯亞,23,3,20,康和-台南,2024-07-11,8458
4973,廣穎,20,0,20,康和-台南,2024-07-11,8458
1513,中興電,31,11,20,康和-台南,2024-07-11,8458
8358,金居,31,13,18,康和-台南,2024-07-11,8458
8936,國統,21,3,18,康和-台南,2024-07-11,8458
2867,三商壽,33,16,17,康和-台南,2024-07-11,8458
1785,光洋科,47,31,16,康和-台南,2024-07-11,8458
2702,華園,16,0,16,康和-台南,2024-07-11,8458
9105,泰金寶-DR,20,4,16,康和-台南,2024-07-11,8458
2888,新光金,69,54,15,康和-台南,2024-07-11,8458
00706L,期元大S＆P日圓正2,15,0,15,康和-台南,2024-07-11,8458
00680L,元大美債20正2,15,0,15,康和-台南,2024-07-11,8458
2537,聯上發,28,13,15,康和-台南,2024-07-11,8458
00929,復華台灣科技優息,15,2,13,康和-台南,2024-07-11,8458
2609,陽明,14,1,13,康和-台南,2024-07-11,8458
6449,鈺邦,13,0,13,康和-台南,2024-07-11,8458
2891,中信金,21,10,11,康和-台南,2024-07-11,8458
2105,正新,11,0,11,康和-台南,2024-07-11,8458
4908,前鼎,15,4,11,康和-台南,2024-07-11,8458
6506,雙邦,11,0,11,康和-台南,2024-07-11,8458
2464,盟立,20,9,11,康和-台南,2024-07-11,8458
00671R,富邦NASDAQ反1,10,0,10,康和-台南,2024-07-11,8458
00688L,國泰20年美債正2,10,0,10,康和-台南,2024-07-11,8458
1454,台富,10,0,10,康和-台南,2024-07-11,8458
2363,矽統,16,6,10,康和-台南,2024-07-11,8458
3594,磐儀,13,3,10,康和-台南,2024-07-11,8458
6005,群益證,10,0,10,康和-台南,2024-07-11,8458
2542,興富發,20,10,10,康和-台南,2024-07-11,8458
00679B,元大美債20年,11,2,9,康和-台南,2024-07-11,8458
00772B,中信高評級公司債,9,0,9,康和-台南,2024-07-11,8458
6426,統新,9,0,9,康和-台南,2024-07-11,8458
00631L,元大台灣50正2,504,160,344,康和-台南,2024-07-12,8458
00927,群益半導體收益,209,2,207,康和-台南,2024-07-12,8458
9945,潤泰新,175,10,165,康和-台南,2024-07-12,8458
1316,上曜,150,5,145,康和-台南,2024-07-12,8458
2889,國票金,111,0,111,康和-台南,2024-07-12,8458
2371,大同,131,28,103,康和-台南,2024-07-12,8458
00945B,凱基美國非投等債,100,0,100,康和-台南,2024-07-12,8458
2537,聯上發,103,10,93,康和-台南,2024-07-12,8458
2888,新光金,151,71,80,康和-台南,2024-07-12,8458
00929,復華台灣科技優息,74,3,71,康和-台南,2024-07-12,8458
2884,玉山金,58,1,57,康和-台南,2024-07-12,8458
00919,群益台灣精選高息,53,1,52,康和-台南,2024-07-12,8458
2317,鴻海,64,12,52,康和-台南,2024-07-12,8458
1612,宏泰,64,18,46,康和-台南,2024-07-12,8458
3712,永崴投控,56,10,46,康和-台南,2024-07-12,8458
1777,生泰,42,0,42,康和-台南,2024-07-12,8458
2312,金寶,86,49,37,康和-台南,2024-07-12,8458
00688L,國泰20年美債正2,45,10,35,康和-台南,2024-07-12,8458
00934,中信成長高股息,35,2,33,康和-台南,2024-07-12,8458
2303,聯電,33,0,33,康和-台南,2024-07-12,8458
2363,矽統,41,10,31,康和-台南,2024-07-12,8458
2606,裕民,30,0,30,康和-台南,2024-07-12,8458
2618,長榮航,31,1,30,康和-台南,2024-07-12,8458
2867,三商壽,116,87,29,康和-台南,2024-07-12,8458
2330,台積電,29,5,24,康和-台南,2024-07-12,8458
00911,兆豐洲際半導體,20,0,20,康和-台南,2024-07-12,8458
2617,台航,20,0,20,康和-台南,2024-07-12,8458
4973,廣穎,20,0,20,康和-台南,2024-07-12,8458
6788,華景電,22,2,20,康和-台南,2024-07-12,8458
00881,國泰台灣5G+,18,0,18,康和-台南,2024-07-12,8458
2883,凱基金,21,3,18,康和-台南,2024-07-12,8458
8234,新漢,17,0,17,康和-台南,2024-07-12,8458
2915,潤泰全,21,4,17,康和-台南,2024-07-12,8458
2408,南亞科,15,0,15,康和-台南,2024-07-12,8458
1314,中石化,15,0,15,康和-台南,2024-07-12,8458
00935,野村臺灣新科技50,14,0,14,康和-台南,2024-07-12,8458
3706,神達,14,1,13,康和-台南,2024-07-12,8458
0050,元大台灣50,11,0,11,康和-台南,2024-07-12,8458
00922,國泰台灣領袖50,11,0,11,康和-台南,2024-07-12,8458
2887,台新金,11,0,11,康和-台南,2024-07-12,8458
00712,復華富時不動產,61,50,11,康和-台南,2024-07-12,8458
2367,燿華,34,23,11,康和-台南,2024-07-12,8458
00936,台新永續高息中小,10,0,10,康和-台南,2024-07-12,8458
1454,台富,10,0,10,康和-台南,2024-07-12,8458
2731,雄獅,10,0,10,康和-台南,2024-07-12,8458
5871,中租-KY,10,0,10,康和-台南,2024-07-12,8458
6264,富裔,10,0,10,康和-台南,2024-07-12,8458
8033,雷虎,10,0,10,康和-台南,2024-07-12,8458
2313,華通,16,7,9,康和-台南,2024-07-12,8458
2353,宏��,11,2,9,康和-台南,2024-07-12,8458
2618,長榮航,178,0,178,康和-台南,2024-07-15,8458
2884,玉山金,161,6,155,康和-台南,2024-07-15,8458
8215,明基材,100,0,100,康和-台南,2024-07-15,8458
00929,復華台灣科技優息,64,0,64,康和-台南,2024-07-15,8458
00934,中信成長高股息,60,0,60,康和-台南,2024-07-15,8458
1314,中石化,53,0,53,康和-台南,2024-07-15,8458
9105,泰金寶-DR,48,2,46,康和-台南,2024-07-15,8458
2834,臺企銀,42,0,42,康和-台南,2024-07-15,8458
2882,國泰金,51,14,37,康和-台南,2024-07-15,8458
2332,友訊,41,4,37,康和-台南,2024-07-15,8458
0056,元大高股息,32,0,32,康和-台南,2024-07-15,8458
2409,友達,37,6,31,康和-台南,2024-07-15,8458
6770,力積電,31,0,31,康和-台南,2024-07-15,8458
2606,裕民,30,0,30,康和-台南,2024-07-15,8458
2029,盛餘,35,10,25,康和-台南,2024-07-15,8458
1316,上曜,29,5,24,康和-台南,2024-07-15,8458
2891,中信金,38,15,23,康和-台南,2024-07-15,8458
2617,台航,22,0,22,康和-台南,2024-07-15,8458
2883,凱基金,25,3,22,康和-台南,2024-07-15,8458
2002,中鋼,22,1,21,康和-台南,2024-07-15,8458
2367,燿華,36,15,21,康和-台南,2024-07-15,8458
1109,信大,20,0,20,康和-台南,2024-07-15,8458
1308,亞聚,20,0,20,康和-台南,2024-07-15,8458
2608,嘉里大榮,20,0,20,康和-台南,2024-07-15,8458
3535,晶彩科,26,6,20,康和-台南,2024-07-15,8458
4564,元翎,20,0,20,康和-台南,2024-07-15,8458
2885,元大金,20,1,19,康和-台南,2024-07-15,8458
2356,英業達,48,29,19,康和-台南,2024-07-15,8458
2363,矽統,19,0,19,康和-台南,2024-07-15,8458
6116,彩晶,17,0,17,康和-台南,2024-07-15,8458
2739,寒舍,17,0,17,康和-台南,2024-07-15,8458
2610,華航,19,3,16,康和-台南,2024-07-15,8458
8111,立��,17,1,16,康和-台南,2024-07-15,8458
2323,中環,15,0,15,康和-台南,2024-07-15,8458
4108,懷特,15,0,15,康和-台南,2024-07-15,8458
4533,協易機,19,4,15,康和-台南,2024-07-15,8458
00713,元大台灣高息低波,13,0,13,康和-台南,2024-07-15,8458
1784,訊聯,12,0,12,康和-台南,2024-07-15,8458
3545,敦泰,12,0,12,康和-台南,2024-07-15,8458
2881,富邦金,11,0,11,康和-台南,2024-07-15,8458
00671R,富邦NASDAQ反1,10,0,10,康和-台南,2024-07-15,8458
1721,三晃,10,0,10,康和-台南,2024-07-15,8458
2838,聯邦銀,10,0,10,康和-台南,2024-07-15,8458
4973,廣穎,10,0,10,康和-台南,2024-07-15,8458
8040,九暘,10,0,10,康和-台南,2024-07-15,8458
1503,士電,23,13,10,康和-台南,2024-07-15,8458
00891,中信關鍵半導體,10,1,9,康和-台南,2024-07-15,8458
2401,凌陽,28,19,9,康和-台南,2024-07-15,8458
3712,永崴投控,25,16,9,康和-台南,2024-07-15,8458
6411,晶焱,11,2,9,康和-台南,2024-07-15,8458
2888,新光金,100,24,76,康和-台南,2024-07-16,8458
1720,生達,70,0,70,康和-台南,2024-07-16,8458
2886,兆豐金,60,0,60,康和-台南,2024-07-16,8458
2104,國際中橡,52,0,52,康和-台南,2024-07-16,8458
2409,友達,56,5,51,康和-台南,2024-07-16,8458
2313,華通,49,3,46,康和-台南,2024-07-16,8458
00929,復華台灣科技優息,49,4,45,康和-台南,2024-07-16,8458
2603,長榮,43,1,42,康和-台南,2024-07-16,8458
00911,兆豐洲際半導體,42,0,42,康和-台南,2024-07-16,8458
8046,南電,41,0,41,康和-台南,2024-07-16,8458
2891,中信金,37,1,36,康和-台南,2024-07-16,8458
00937B,群益ESG投等債20,35,0,35,康和-台南,2024-07-16,8458
3105,穩懋,30,0,30,康和-台南,2024-07-16,8458
2002,中鋼,28,1,27,康和-台南,2024-07-16,8458
1608,華榮,26,1,25,康和-台南,2024-07-16,8458
2489,瑞軒,38,14,24,康和-台南,2024-07-16,8458
9105,泰金寶-DR,24,0,24,康和-台南,2024-07-16,8458
00679B,元大美債20年,23,0,23,康和-台南,2024-07-16,8458
00881,國泰台灣5G+,21,0,21,康和-台南,2024-07-16,8458
00905,FT臺灣Smart,20,0,20,康和-台南,2024-07-16,8458
1777,生泰,20,0,20,康和-台南,2024-07-16,8458
1907,永豐餘,20,0,20,康和-台南,2024-07-16,8458
1314,中石化,20,1,19,康和-台南,2024-07-16,8458
2913,農林,25,6,19,康和-台南,2024-07-16,8458
1718,中纖,18,0,18,康和-台南,2024-07-16,8458
4564,元翎,23,5,18,康和-台南,2024-07-16,8458
5443,均豪,21,3,18,康和-台南,2024-07-16,8458
2367,燿華,25,8,17,康和-台南,2024-07-16,8458
2312,金寶,29,13,16,康和-台南,2024-07-16,8458
1815,富喬,17,2,15,康和-台南,2024-07-16,8458
1618,合機,13,0,13,康和-台南,2024-07-16,8458
0056,元大高股息,13,0,13,康和-台南,2024-07-16,8458
2365,昆盈,17,5,12,康和-台南,2024-07-16,8458
1513,中興電,17,5,12,康和-台南,2024-07-16,8458
3078,僑威,12,0,12,康和-台南,2024-07-16,8458
2538,基泰,11,0,11,康和-台南,2024-07-16,8458
1785,光洋科,18,8,10,康和-台南,2024-07-16,8458
1303,南亞,10,0,10,康和-台南,2024-07-16,8458
00895,富邦未來車,10,0,10,康和-台南,2024-07-16,8458
2509,全坤建,10,0,10,康和-台南,2024-07-16,8458
2547,日勝生,19,9,10,康和-台南,2024-07-16,8458
2702,華園,10,0,10,康和-台南,2024-07-16,8458
3062,建漢,10,0,10,康和-台南,2024-07-16,8458
4956,光鋐,17,7,10,康和-台南,2024-07-16,8458
5328,華容,23,13,10,康和-台南,2024-07-16,8458
6279,胡連,10,0,10,康和-台南,2024-07-16,8458
6834,天二科技,10,0,10,康和-台南,2024-07-16,8458
3189,景碩,11,1,10,康和-台南,2024-07-16,8458
2317,鴻海,15,5,10,康和-台南,2024-07-16,8458
00725B,國泰投資級公司債,9,0,9,康和-台南,2024-07-16,8458
3481,群創,420,111,309,康和-台南,2024-07-17,8458
00631L,元大台灣50正2,302,101,201,康和-台南,2024-07-17,8458
00940,元大台灣價值高息,139,4,135,康和-台南,2024-07-17,8458
2515,中工,123,14,109,康和-台南,2024-07-17,8458
3686,達能,52,0,52,康和-台南,2024-07-17,8458
3231,緯創,45,3,42,康和-台南,2024-07-17,8458
2618,長榮航,72,30,42,康和-台南,2024-07-17,8458
2312,金寶,53,13,40,康和-台南,2024-07-17,8458
00679B,元大美債20年,42,3,39,康和-台南,2024-07-17,8458
2239,英利-KY,38,0,38,康和-台南,2024-07-17,8458
00919,群益台灣精選高息,35,0,35,康和-台南,2024-07-17,8458
2313,華通,37,4,33,康和-台南,2024-07-17,8458
3050,鈺德,30,3,27,康和-台南,2024-07-17,8458
4906,正文,40,16,24,康和-台南,2024-07-17,8458
8091,翔名,23,0,23,康和-台南,2024-07-17,8458
9105,泰金寶-DR,21,0,21,康和-台南,2024-07-17,8458
2888,新光金,33,12,21,康和-台南,2024-07-17,8458
00937B,群益ESG投等債20,20,0,20,康和-台南,2024-07-17,8458
00715L,期街口布蘭特正2,20,0,20,康和-台南,2024-07-17,8458
00918,大華優利高填息30,20,0,20,康和-台南,2024-07-17,8458
1312,國喬,20,0,20,康和-台南,2024-07-17,8458
2834,臺企銀,20,0,20,康和-台南,2024-07-17,8458
6414,樺漢,20,0,20,康和-台南,2024-07-17,8458
1513,中興電,29,11,18,康和-台南,2024-07-17,8458
6695,芯鼎,24,6,18,康和-台南,2024-07-17,8458
1409,新纖,30,12,18,康和-台南,2024-07-17,8458
1522,堤維西,28,11,17,康和-台南,2024-07-17,8458
2537,聯上發,73,57,16,康和-台南,2024-07-17,8458
00929,復華台灣科技優息,50,35,15,康和-台南,2024-07-17,8458
6790,永豐實,15,0,15,康和-台南,2024-07-17,8458
00881,國泰台灣5G+,15,0,15,康和-台南,2024-07-17,8458
6770,力積電,31,19,12,康和-台南,2024-07-17,8458
3324,雙鴻,17,5,12,康和-台南,2024-07-17,8458
2405,輔信,36,24,12,康和-台南,2024-07-17,8458
2845,遠東銀,12,0,12,康和-台南,2024-07-17,8458
1785,光洋科,20,8,12,康和-台南,2024-07-17,8458
2449,京元電子,11,0,11,康和-台南,2024-07-17,8458
00725B,國泰投資級公司債,11,0,11,康和-台南,2024-07-17,8458
2402,毅嘉,28,17,11,康和-台南,2024-07-17,8458
4927,泰鼎-KY,11,0,11,康和-台南,2024-07-17,8458
8936,國統,16,5,11,康和-台南,2024-07-17,8458
6117,迎廣,23,12,11,康和-台南,2024-07-17,8458
0056,元大高股息,11,0,11,康和-台南,2024-07-17,8458
1201,味全,10,0,10,康和-台南,2024-07-17,8458
3706,神達,14,4,10,康和-台南,2024-07-17,8458
00687B,國泰20年美債,10,0,10,康和-台南,2024-07-17,8458
00891,中信關鍵半導體,10,0,10,康和-台南,2024-07-17,8458
2029,盛餘,10,0,10,康和-台南,2024-07-17,8458
3689,湧德,14,4,10,康和-台南,2024-07-17,8458
6016,康和證,10,0,10,康和-台南,2024-07-17,8458
2888,新光金,255,13,242,康和-台南,2024-07-18,8458
2371,大同,103,6,97,康和-台南,2024-07-18,8458
2317,鴻海,103,13,90,康和-台南,2024-07-18,8458
00929,復華台灣科技優息,84,0,84,康和-台南,2024-07-18,8458
2618,長榮航,60,0,60,康和-台南,2024-07-18,8458
2027,大成鋼,100,43,57,康和-台南,2024-07-18,8458
1522,堤維西,55,0,55,康和-台南,2024-07-18,8458
2495,普安,51,1,50,康和-台南,2024-07-18,8458
2409,友達,63,15,48,康和-台南,2024-07-18,8458
00919,群益台灣精選高息,48,8,40,康和-台南,2024-07-18,8458
1609,大亞,44,5,39,康和-台南,2024-07-18,8458
00927,群益半導體收益,38,0,38,康和-台南,2024-07-18,8458
6155,鈞寶,39,3,36,康和-台南,2024-07-18,8458
2489,瑞軒,38,3,35,康和-台南,2024-07-18,8458
2356,英業達,37,2,35,康和-台南,2024-07-18,8458
00937B,群益ESG投等債20,31,1,30,康和-台南,2024-07-18,8458
2897,王道銀行,30,0,30,康和-台南,2024-07-18,8458
3013,晟銘電,28,4,24,康和-台南,2024-07-18,8458
3105,穩懋,23,0,23,康和-台南,2024-07-18,8458
00940,元大台灣價值高息,35,12,23,康和-台南,2024-07-18,8458
3078,僑威,21,0,21,康和-台南,2024-07-18,8458
2029,盛餘,20,0,20,康和-台南,2024-07-18,8458
2605,新興,20,0,20,康和-台南,2024-07-18,8458
2617,台航,20,0,20,康和-台南,2024-07-18,8458
00878,國泰永續高股息,23,3,20,康和-台南,2024-07-18,8458
3231,緯創,19,0,19,康和-台南,2024-07-18,8458
0056,元大高股息,19,1,18,康和-台南,2024-07-18,8458
2882,國泰金,81,63,18,康和-台南,2024-07-18,8458
2239,英利-KY,17,0,17,康和-台南,2024-07-18,8458
6244,茂迪,20,3,17,康和-台南,2024-07-18,8458
2520,冠德,18,2,16,康和-台南,2024-07-18,8458
00949,復華日本龍頭,15,0,15,康和-台南,2024-07-18,8458
1608,華榮,16,1,15,康和-台南,2024-07-18,8458
2542,興富發,22,7,15,康和-台南,2024-07-18,8458
00946,群益科技高息成長,14,0,14,康和-台南,2024-07-18,8458
8936,國統,29,15,14,康和-台南,2024-07-18,8458
2376,技嘉,15,1,14,康和-台南,2024-07-18,8458
2610,華航,24,10,14,康和-台南,2024-07-18,8458
3033,威健,14,0,14,康和-台南,2024-07-18,8458
2382,廣達,17,3,14,康和-台南,2024-07-18,8458
00881,國泰台灣5G+,15,1,14,康和-台南,2024-07-18,8458
2330,台積電,25,12,13,康和-台南,2024-07-18,8458
6890,來億-KY,16,4,12,康和-台南,2024-07-18,8458
6188,廣明,13,2,11,康和-台南,2024-07-18,8458
00918,大華優利高填息30,13,2,11,康和-台南,2024-07-18,8458
6414,樺漢,11,0,11,康和-台南,2024-07-18,8458
6668,中揚光,13,2,11,康和-台南,2024-07-18,8458
8096,擎亞,11,0,11,康和-台南,2024-07-18,8458
9105,泰金寶-DR,11,0,11,康和-台南,2024-07-18,8458
00944,野村趨勢動能高息,10,0,10,康和-台南,2024-07-18,8458
00631L,元大台灣50正2,505,4,501,康和-台南,2024-07-19,8458
2882,國泰金,136,4,132,康和-台南,2024-07-19,8458
2617,台航,120,2,118,康和-台南,2024-07-19,8458
1522,堤維西,92,0,92,康和-台南,2024-07-19,8458
1310,台苯,74,0,74,康和-台南,2024-07-19,8458
2618,長榮航,70,1,69,康和-台南,2024-07-19,8458
1416,廣豐,94,32,62,康和-台南,2024-07-19,8458
1714,和桐,60,0,60,康和-台南,2024-07-19,8458
2606,裕民,60,1,59,康和-台南,2024-07-19,8458
2883,凱基金,56,0,56,康和-台南,2024-07-19,8458
00919,群益台灣精選高息,64,11,53,康和-台南,2024-07-19,8458
6770,力積電,64,18,46,康和-台南,2024-07-19,8458
2330,台積電,52,8,44,康和-台南,2024-07-19,8458
1907,永豐餘,40,0,40,康和-台南,2024-07-19,8458
00929,復華台灣科技優息,56,16,40,康和-台南,2024-07-19,8458
2832,台產,35,0,35,康和-台南,2024-07-19,8458
6155,鈞寶,34,0,34,康和-台南,2024-07-19,8458
2891,中信金,30,0,30,康和-台南,2024-07-19,8458
00669R,國泰美國道瓊反1,30,0,30,康和-台南,2024-07-19,8458
2419,仲琦,56,26,30,康和-台南,2024-07-19,8458
00878,國泰永續高股息,29,0,29,康和-台南,2024-07-19,8458
00905,FT臺灣Smart,28,0,28,康和-台南,2024-07-19,8458
3481,群創,75,48,27,康和-台南,2024-07-19,8458
2897,王道銀行,27,0,27,康和-台南,2024-07-19,8458
00918,大華優利高填息30,26,0,26,康和-台南,2024-07-19,8458
2312,金寶,27,3,24,康和-台南,2024-07-19,8458
2474,可成,31,7,24,康和-台南,2024-07-19,8458
0050,元大台灣50,23,0,23,康和-台南,2024-07-19,8458
6163,華電網,27,6,21,康和-台南,2024-07-19,8458
1314,中石化,21,0,21,康和-台南,2024-07-19,8458
2344,華邦電,35,14,21,康和-台南,2024-07-19,8458
4973,廣穎,20,0,20,康和-台南,2024-07-19,8458
6658,聯策,19,0,19,康和-台南,2024-07-19,8458
8039,台虹,18,0,18,康和-台南,2024-07-19,8458
00679B,元大美債20年,17,0,17,康和-台南,2024-07-19,8458
3710,連展投控,17,0,17,康和-台南,2024-07-19,8458
2323,中環,16,0,16,康和-台南,2024-07-19,8458
6015,宏遠證,16,0,16,康和-台南,2024-07-19,8458
6234,高僑,16,0,16,康和-台南,2024-07-19,8458
2834,臺企銀,16,0,16,康和-台南,2024-07-19,8458
2356,英業達,20,5,15,康和-台南,2024-07-19,8458
00944,野村趨勢動能高息,15,0,15,康和-台南,2024-07-19,8458
5309,系統電,24,9,15,康和-台南,2024-07-19,8458
4108,懷特,14,0,14,康和-台南,2024-07-19,8458
6117,迎廣,21,7,14,康和-台南,2024-07-19,8458
8054,安國,36,22,14,康和-台南,2024-07-19,8458
2881,富邦金,33,20,13,康和-台南,2024-07-19,8458
4916,事欣科,27,14,13,康和-台南,2024-07-19,8458
2809,京城銀,13,0,13,康和-台南,2024-07-19,8458
2408,南亞科,13,0,13,康和-台南,2024-07-19,8458
3481,群創,151,10,141,康和-台南,2024-07-22,8458
00631L,元大台灣50正2,254,119,135,康和-台南,2024-07-22,8458
00929,復華台灣科技優息,148,25,123,康和-台南,2024-07-22,8458
2312,金寶,249,141,108,康和-台南,2024-07-22,8458
1568,倉佑,106,1,105,康和-台南,2024-07-22,8458
1416,廣豐,97,0,97,康和-台南,2024-07-22,8458
00940,元大台灣價值高息,99,10,89,康和-台南,2024-07-22,8458
1316,上曜,69,0,69,康和-台南,2024-07-22,8458
1522,堤維西,68,10,58,康和-台南,2024-07-22,8458
6015,宏遠證,57,0,57,康和-台南,2024-07-22,8458
00918,大華優利高填息30,67,13,54,康和-台南,2024-07-22,8458
2618,長榮航,62,9,53,康和-台南,2024-07-22,8458
6506,雙邦,50,0,50,康和-台南,2024-07-22,8458
00919,群益台灣精選高息,65,19,46,康和-台南,2024-07-22,8458
5512,力麒,80,34,46,康和-台南,2024-07-22,8458
2881,富邦金,39,0,39,康和-台南,2024-07-22,8458
00679B,元大美債20年,40,4,36,康和-台南,2024-07-22,8458
6603,富強鑫,38,2,36,康和-台南,2024-07-22,8458
6901,鑽石投資,44,8,36,康和-台南,2024-07-22,8458
2882,國泰金,36,1,35,康和-台南,2024-07-22,8458
2888,新光金,50,16,34,康和-台南,2024-07-22,8458
1409,新纖,30,4,26,康和-台南,2024-07-22,8458
00934,中信成長高股息,24,0,24,康和-台南,2024-07-22,8458
8105,凌巨,22,0,22,康和-台南,2024-07-22,8458
2303,聯電,27,7,20,康和-台南,2024-07-22,8458
1301,台塑,24,5,19,康和-台南,2024-07-22,8458
4128,中天,27,8,19,康和-台南,2024-07-22,8458
8040,九暘,17,0,17,康和-台南,2024-07-22,8458
00688L,國泰20年美債正2,16,0,16,康和-台南,2024-07-22,8458
00669R,國泰美國道瓊反1,15,0,15,康和-台南,2024-07-22,8458
3322,建舜電,15,0,15,康和-台南,2024-07-22,8458
2492,華新科,14,0,14,康和-台南,2024-07-22,8458
2832,台產,14,0,14,康和-台南,2024-07-22,8458
5443,均豪,68,55,13,康和-台南,2024-07-22,8458
2891,中信金,12,0,12,康和-台南,2024-07-22,8458
2356,英業達,14,2,12,康和-台南,2024-07-22,8458
2409,友達,12,0,12,康和-台南,2024-07-22,8458
4303,信立,13,1,12,康和-台南,2024-07-22,8458
4566,時碩工業,13,1,12,康和-台南,2024-07-22,8458
6216,居易,12,0,12,康和-台南,2024-07-22,8458
8473,山林水,35,23,12,康和-台南,2024-07-22,8458
00878,國泰永續高股息,26,14,12,康和-台南,2024-07-22,8458
8027,鈦昇,11,0,11,康和-台南,2024-07-22,8458
8111,立��,11,0,11,康和-台南,2024-07-22,8458
2801,彰銀,10,0,10,康和-台南,2024-07-22,8458
2883,凱基金,37,27,10,康和-台南,2024-07-22,8458
00795B,中信美國公債20年,10,0,10,康和-台南,2024-07-22,8458
1314,中石化,20,10,10,康和-台南,2024-07-22,8458
1711,永光,10,0,10,康和-台南,2024-07-22,8458
1718,中纖,10,0,10,康和-台南,2024-07-22,8458
00680L,元大美債20正2,400,0,400,康和-台南,2024-07-23,8458
2409,友達,159,8,151,康和-台南,2024-07-23,8458
9945,潤泰新,111,6,105,康和-台南,2024-07-23,8458
3481,群創,110,23,87,康和-台南,2024-07-23,8458
8096,擎亞,74,4,70,康和-台南,2024-07-23,8458
6274,台燿,50,0,50,康和-台南,2024-07-23,8458
00931B,統一美債20年,50,0,50,康和-台南,2024-07-23,8458
2408,南亞科,53,4,49,康和-台南,2024-07-23,8458
2332,友訊,40,0,40,康和-台南,2024-07-23,8458
2511,太子,40,0,40,康和-台南,2024-07-23,8458
2888,新光金,48,10,38,康和-台南,2024-07-23,8458
8033,雷虎,40,6,34,康和-台南,2024-07-23,8458
8046,南電,31,0,31,康和-台南,2024-07-23,8458
00688L,國泰20年美債正2,30,0,30,康和-台南,2024-07-23,8458
3047,訊舟,43,17,26,康和-台南,2024-07-23,8458
1416,廣豐,23,0,23,康和-台南,2024-07-23,8458
2313,華通,23,0,23,康和-台南,2024-07-23,8458
00881,國泰台灣5G+,23,0,23,康和-台南,2024-07-23,8458
3149,正達,21,0,21,康和-台南,2024-07-23,8458
3663,鑫科,22,1,21,康和-台南,2024-07-23,8458
5452,佶優,21,0,21,康和-台南,2024-07-23,8458
1907,永豐餘,20,0,20,康和-台南,2024-07-23,8458
2897,王道銀行,20,0,20,康和-台南,2024-07-23,8458
8076,伍豐,32,14,18,康和-台南,2024-07-23,8458
1609,大亞,20,3,17,康和-台南,2024-07-23,8458
2832,台產,16,0,16,康和-台南,2024-07-23,8458
2356,英業達,13,0,13,康和-台南,2024-07-23,8458
3535,晶彩科,13,0,13,康和-台南,2024-07-23,8458
4108,懷特,12,0,12,康和-台南,2024-07-23,8458
5309,系統電,12,0,12,康和-台南,2024-07-23,8458
00946,群益科技高息成長,11,0,11,康和-台南,2024-07-23,8458
00919,群益台灣精選高息,12,1,11,康和-台南,2024-07-23,8458
2615,萬海,12,1,11,康和-台南,2024-07-23,8458
3324,雙鴻,10,0,10,康和-台南,2024-07-23,8458
4916,事欣科,21,11,10,康和-台南,2024-07-23,8458
8105,凌巨,10,0,10,康和-台南,2024-07-23,8458
00918,大華優利高填息30,10,0,10,康和-台南,2024-07-23,8458
2485,兆赫,10,1,9,康和-台南,2024-07-23,8458
3413,京鼎,9,0,9,康和-台南,2024-07-23,8458
6901,鑽石投資,10,1,9,康和-台南,2024-07-23,8458
2891,中信金,19,10,9,康和-台南,2024-07-23,8458
4303,信立,8,0,8,康和-台南,2024-07-23,8458
4726,永昕,11,3,8,康和-台南,2024-07-23,8458
6233,旺玖,10,2,8,康和-台南,2024-07-23,8458
8440,綠電,13,5,8,康和-台南,2024-07-23,8458
6806,森崴能源,16,8,8,康和-台南,2024-07-23,8458
00687B,國泰20年美債,8,1,7,康和-台南,2024-07-23,8458
1513,中興電,27,20,7,康和-台南,2024-07-23,8458
2344,華邦電,7,0,7,康和-台南,2024-07-23,8458
5324,士開,7,0,7,康和-台南,2024-07-23,8458
00919,群益台灣精選高息,132,0,132,康和-台南,2024-07-26,8458
00951,台新日本半導體,107,0,107,康和-台南,2024-07-26,8458
1568,倉佑,103,0,103,康和-台南,2024-07-26,8458
00929,復華台灣科技優息,182,112,70,康和-台南,2024-07-26,8458
00631L,元大台灣50正2,63,0,63,康和-台南,2024-07-26,8458
2107,厚生,61,1,60,康和-台南,2024-07-26,8458
1522,堤維西,45,0,45,康和-台南,2024-07-26,8458
6177,達麗,52,10,42,康和-台南,2024-07-26,8458
2905,三商,40,0,40,康和-台南,2024-07-26,8458
2349,錸德,34,0,34,康和-台南,2024-07-26,8458
00878,國泰永續高股息,32,0,32,康和-台南,2024-07-26,8458
2330,台積電,36,5,31,康和-台南,2024-07-26,8458
2515,中工,37,7,30,康和-台南,2024-07-26,8458
2495,普安,30,0,30,康和-台南,2024-07-26,8458
2889,國票金,30,0,30,康和-台南,2024-07-26,8458
4128,中天,27,1,26,康和-台南,2024-07-26,8458
3711,日月光投控,27,1,26,康和-台南,2024-07-26,8458
00946,群益科技高息成長,25,0,25,康和-台南,2024-07-26,8458
00939,統一台灣高息動能,24,0,24,康和-台南,2024-07-26,8458
2409,友達,39,18,21,康和-台南,2024-07-26,8458
00891,中信關鍵半導體,21,1,20,康和-台南,2024-07-26,8458
00688L,國泰20年美債正2,20,0,20,康和-台南,2024-07-26,8458
2547,日勝生,20,0,20,康和-台南,2024-07-26,8458
2897,王道銀行,20,0,20,康和-台南,2024-07-26,8458
00937B,群益ESG投等債20,19,0,19,康和-台南,2024-07-26,8458
6692,進能服,18,0,18,康和-台南,2024-07-26,8458
00752,中信中國50,15,0,15,康和-台南,2024-07-26,8458
2486,一詮,19,5,14,康和-台南,2024-07-26,8458
3706,神達,15,3,12,康和-台南,2024-07-26,8458
2882,國泰金,17,5,12,康和-台南,2024-07-26,8458
2885,元大金,12,0,12,康和-台南,2024-07-26,8458
3167,大量,15,3,12,康和-台南,2024-07-26,8458
3673,TPK-KY,14,2,12,康和-台南,2024-07-26,8458
00949,復華日本龍頭,11,0,11,康和-台南,2024-07-26,8458
2303,聯電,17,6,11,康和-台南,2024-07-26,8458
1540,喬福,19,8,11,康和-台南,2024-07-26,8458
1701,中化,11,0,11,康和-台南,2024-07-26,8458
2383,台光電,11,0,11,康和-台南,2024-07-26,8458
8033,雷虎,40,29,11,康和-台南,2024-07-26,8458
3019,亞光,11,1,10,康和-台南,2024-07-26,8458
00900,富邦特選高股息30,10,0,10,康和-台南,2024-07-26,8458
2301,光寶科,10,0,10,康和-台南,2024-07-26,8458
2408,南亞科,11,1,10,康和-台南,2024-07-26,8458
4721,美琪瑪,10,0,10,康和-台南,2024-07-26,8458
6160,欣技,10,0,10,康和-台南,2024-07-26,8458
2002,中鋼,12,3,9,康和-台南,2024-07-26,8458
2323,中環,9,0,9,康和-台南,2024-07-26,8458
2731,雄獅,10,1,9,康和-台南,2024-07-26,8458
8104,錸寶,14,5,9,康和-台南,2024-07-26,8458
00940,元大台灣價值高息,39,30,9,康和-台南,2024-07-26,8458
00929,復華台灣科技優息,83,5,78,康和-台南,2024-07-29,8458
6770,力積電,64,0,64,康和-台南,2024-07-29,8458
00669R,國泰美國道瓊反1,60,0,60,康和-台南,2024-07-29,8458
6116,彩晶,59,0,59,康和-台南,2024-07-29,8458
1568,倉佑,40,0,40,康和-台南,2024-07-29,8458
1808,潤隆,34,0,34,康和-台南,2024-07-29,8458
3535,晶彩科,30,0,30,康和-台南,2024-07-29,8458
1522,堤維西,67,42,25,康和-台南,2024-07-29,8458
2515,中工,57,32,25,康和-台南,2024-07-29,8458
00940,元大台灣價值高息,23,0,23,康和-台南,2024-07-29,8458
3078,僑威,23,0,23,康和-台南,2024-07-29,8458
3037,欣興,27,5,22,康和-台南,2024-07-29,8458
6015,宏遠證,22,0,22,康和-台南,2024-07-29,8458
2915,潤泰全,21,0,21,康和-台南,2024-07-29,8458
1312,國喬,20,0,20,康和-台南,2024-07-29,8458
2888,新光金,24,4,20,康和-台南,2024-07-29,8458
2906,高林,20,0,20,康和-台南,2024-07-29,8458
00687B,國泰20年美債,19,0,19,康和-台南,2024-07-29,8458
1102,亞泥,18,0,18,康和-台南,2024-07-29,8458
4108,懷特,17,0,17,康和-台南,2024-07-29,8458
6234,高僑,16,0,16,康和-台南,2024-07-29,8458
2317,鴻海,16,1,15,康和-台南,2024-07-29,8458
3013,晟銘電,15,0,15,康和-台南,2024-07-29,8458
8054,安國,31,16,15,康和-台南,2024-07-29,8458
2486,一詮,20,6,14,康和-台南,2024-07-29,8458
2537,聯上發,26,12,14,康和-台南,2024-07-29,8458
2104,國際中橡,13,0,13,康和-台南,2024-07-29,8458
2530,華建,13,0,13,康和-台南,2024-07-29,8458
6547,高端疫苗,14,1,13,康和-台南,2024-07-29,8458
6658,聯策,13,0,13,康和-台南,2024-07-29,8458
0056,元大高股息,14,2,12,康和-台南,2024-07-29,8458
2303,聯電,18,6,12,康和-台南,2024-07-29,8458
2356,英業達,12,0,12,康和-台南,2024-07-29,8458
4906,正文,14,2,12,康和-台南,2024-07-29,8458
2444,兆勁,11,0,11,康和-台南,2024-07-29,8458
6869,雲豹能源,12,1,11,康和-台南,2024-07-29,8458
8271,宇瞻,11,0,11,康和-台南,2024-07-29,8458
00939,統一台灣高息動能,10,0,10,康和-台南,2024-07-29,8458
5443,均豪,39,29,10,康和-台南,2024-07-29,8458
1309,台達化,10,0,10,康和-台南,2024-07-29,8458
2634,漢翔,10,0,10,康和-台南,2024-07-29,8458
4956,光鋐,10,0,10,康和-台南,2024-07-29,8458
6213,聯茂,10,0,10,康和-台南,2024-07-29,8458
9945,潤泰新,13,3,10,康和-台南,2024-07-29,8458
2408,南亞科,9,0,9,康和-台南,2024-07-29,8458
2344,華邦電,9,0,9,康和-台南,2024-07-29,8458
8926,台汽電,10,1,9,康和-台南,2024-07-29,8458
6239,力成,8,0,8,康和-台南,2024-07-29,8458
3163,波若威,16,8,8,康和-台南,2024-07-29,8458
2402,毅嘉,24,16,8,康和-台南,2024-07-29,8458
3022,威強電,170,0,170,康和-台南,2024-07-30,8458
00631L,元大台灣50正2,105,3,102,康和-台南,2024-07-30,8458
00929,復華台灣科技優息,104,2,102,康和-台南,2024-07-30,8458
4513,福裕,57,4,53,康和-台南,2024-07-30,8458
00881,國泰台灣5G+,51,0,51,康和-台南,2024-07-30,8458
8064,東捷,53,17,36,康和-台南,2024-07-30,8458
2344,華邦電,76,45,31,康和-台南,2024-07-30,8458
00680L,元大美債20正2,31,0,31,康和-台南,2024-07-30,8458
2405,輔信,30,1,29,康和-台南,2024-07-30,8458
6116,彩晶,29,4,25,康和-台南,2024-07-30,8458
00878,國泰永續高股息,27,2,25,康和-台南,2024-07-30,8458
3362,先進光,21,0,21,康和-台南,2024-07-30,8458
2107,厚生,20,0,20,康和-台南,2024-07-30,8458
9904,寶成,20,0,20,康和-台南,2024-07-30,8458
9911,櫻花,20,0,20,康和-台南,2024-07-30,8458
2881,富邦金,17,0,17,康和-台南,2024-07-30,8458
1522,堤維西,19,2,17,康和-台南,2024-07-30,8458
1568,倉佑,17,0,17,康和-台南,2024-07-30,8458
6015,宏遠證,17,0,17,康和-台南,2024-07-30,8458
00946,群益科技高息成長,15,0,15,康和-台南,2024-07-30,8458
00669R,國泰美國道瓊反1,15,0,15,康和-台南,2024-07-30,8458
2104,國際中橡,15,0,15,康和-台南,2024-07-30,8458
2610,華航,15,0,15,康和-台南,2024-07-30,8458
4128,中天,20,5,15,康和-台南,2024-07-30,8458
3374,精材,22,7,15,康和-台南,2024-07-30,8458
2317,鴻海,26,12,14,康和-台南,2024-07-30,8458
2882,國泰金,18,5,13,康和-台南,2024-07-30,8458
3189,景碩,18,5,13,康和-台南,2024-07-30,8458
3413,京鼎,16,3,13,康和-台南,2024-07-30,8458
00940,元大台灣價值高息,12,0,12,康和-台南,2024-07-30,8458
2618,長榮航,131,120,11,康和-台南,2024-07-30,8458
3710,連展投控,11,0,11,康和-台南,2024-07-30,8458
2438,翔耀,10,0,10,康和-台南,2024-07-30,8458
2467,志聖,13,3,10,康和-台南,2024-07-30,8458
3712,永崴投控,10,0,10,康和-台南,2024-07-30,8458
6284,佳邦,10,0,10,康和-台南,2024-07-30,8458
8040,九暘,10,0,10,康和-台南,2024-07-30,8458
2867,三商壽,9,0,9,康和-台南,2024-07-30,8458
1314,中石化,10,1,9,康和-台南,2024-07-30,8458
2353,宏��,10,1,9,康和-台南,2024-07-30,8458
3481,群創,11,2,9,康和-台南,2024-07-30,8458
0056,元大高股息,9,0,9,康和-台南,2024-07-30,8458
8028,昇陽半導體,15,6,9,康和-台南,2024-07-30,8458
00918,大華優利高填息30,8,0,8,康和-台南,2024-07-30,8458
1316,上曜,13,5,8,康和-台南,2024-07-30,8458
2801,彰銀,8,0,8,康和-台南,2024-07-30,8458
3055,蔚華科,8,0,8,康和-台南,2024-07-30,8458
00939,統一台灣高息動能,7,0,7,康和-台南,2024-07-30,8458
2364,倫飛,9,2,7,康和-台南,2024-07-30,8458
3050,鈺德,9,2,7,康和-台南,2024-07-30,8458
9105,泰金寶-DR,310,0,310,康和-台南,2024-07-31,8458
00929,復華台灣科技優息,71,0,71,康和-台南,2024-07-31,8458
3481,群創,95,27,68,康和-台南,2024-07-31,8458
00638R,元大滬深300反1,50,0,50,康和-台南,2024-07-31,8458
1522,堤維西,44,1,43,康和-台南,2024-07-31,8458
2317,鴻海,45,8,37,康和-台南,2024-07-31,8458
1416,廣豐,28,0,28,康和-台南,2024-07-31,8458
00946,群益科技高息成長,21,0,21,康和-台南,2024-07-31,8458
00882,中信中國高股息,20,0,20,康和-台南,2024-07-31,8458
4513,福裕,24,4,20,康和-台南,2024-07-31,8458
5521,工信,30,10,20,康和-台南,2024-07-31,8458
1447,力鵬,30,11,19,康和-台南,2024-07-31,8458
3312,弘憶股,19,0,19,康和-台南,2024-07-31,8458
3047,訊舟,47,30,17,康和-台南,2024-07-31,8458
00934,中信成長高股息,20,4,16,康和-台南,2024-07-31,8458
2834,臺企銀,16,0,16,康和-台南,2024-07-31,8458
1210,大成,20,6,14,康和-台南,2024-07-31,8458
1568,倉佑,13,0,13,康和-台南,2024-07-31,8458
2204,中華,13,0,13,康和-台南,2024-07-31,8458
3024,憶聲,14,1,13,康和-台南,2024-07-31,8458
2486,一詮,15,3,12,康和-台南,2024-07-31,8458
00936,台新永續高息中小,11,0,11,康和-台南,2024-07-31,8458
2331,精英,11,0,11,康和-台南,2024-07-31,8458
2344,華邦電,21,10,11,康和-台南,2024-07-31,8458
3715,定穎投控,20,9,11,康和-台南,2024-07-31,8458
00878,國泰永續高股息,13,2,11,康和-台南,2024-07-31,8458
3663,鑫科,43,33,10,康和-台南,2024-07-31,8458
1806,冠軍,10,0,10,康和-台南,2024-07-31,8458
2467,志聖,10,0,10,康和-台南,2024-07-31,8458
4128,中天,10,0,10,康和-台南,2024-07-31,8458
5533,皇鼎,10,0,10,康和-台南,2024-07-31,8458
6177,達麗,20,10,10,康和-台南,2024-07-31,8458
912000,晨訊科-DR,10,0,10,康和-台南,2024-07-31,8458
9911,櫻花,10,0,10,康和-台南,2024-07-31,8458
00919,群益台灣精選高息,10,0,10,康和-台南,2024-07-31,8458
3167,大量,14,5,9,康和-台南,2024-07-31,8458
2801,彰銀,9,0,9,康和-台南,2024-07-31,8458
00891,中信關鍵半導體,8,0,8,康和-台南,2024-07-31,8458
2515,中工,15,7,8,康和-台南,2024-07-31,8458
2537,聯上發,9,1,8,康和-台南,2024-07-31,8458
2547,日勝生,12,4,8,康和-台南,2024-07-31,8458
3017,奇鋐,7,0,7,康和-台南,2024-07-31,8458
00940,元大台灣價值高息,7,0,7,康和-台南,2024-07-31,8458
8096,擎亞,9,2,7,康和-台南,2024-07-31,8458
5443,均豪,12,6,6,康和-台南,2024-07-31,8458
1216,統一,6,0,6,康和-台南,2024-07-31,8458
2356,英業達,6,0,6,康和-台南,2024-07-31,8458
2409,友達,21,15,6,康和-台南,2024-07-31,8458
8064,東捷,64,58,6,康和-台南,2024-07-31,8458
8271,宇瞻,6,0,6,康和-台南,2024-07-31,8458
00687B,國泰20年美債,320,2,318,康和-台南,2024-08-01,8458
8033,雷虎,80,2,78,康和-台南,2024-08-01,8458
2618,長榮航,67,5,62,康和-台南,2024-08-01,8458
2409,友達,71,10,61,康和-台南,2024-08-01,8458
2442,新美齊,41,1,40,康和-台南,2024-08-01,8458
2897,王道銀行,40,0,40,康和-台南,2024-08-01,8458
3535,晶彩科,56,17,39,康和-台南,2024-08-01,8458
9945,潤泰新,45,7,38,康和-台南,2024-08-01,8458
6016,康和證,29,0,29,康和-台南,2024-08-01,8458
2545,皇翔,26,1,25,康和-台南,2024-08-01,8458
00631L,元大台灣50正2,103,79,24,康和-台南,2024-08-01,8458
3580,友威科,35,13,22,康和-台南,2024-08-01,8458
00669R,國泰美國道瓊反1,20,0,20,康和-台南,2024-08-01,8458
6177,達麗,20,0,20,康和-台南,2024-08-01,8458
6191,精成科,20,0,20,康和-台南,2024-08-01,8458
2915,潤泰全,21,2,19,康和-台南,2024-08-01,8458
2402,毅嘉,20,2,18,康和-台南,2024-08-01,8458
0056,元大高股息,18,1,17,康和-台南,2024-08-01,8458
00642U,期元大S＆P石油,15,0,15,康和-台南,2024-08-01,8458
00949,復華日本龍頭,14,0,14,康和-台南,2024-08-01,8458
2352,佳世達,14,1,13,康和-台南,2024-08-01,8458
2501,國建,20,7,13,康和-台南,2024-08-01,8458
6197,佳必琪,13,0,13,康和-台南,2024-08-01,8458
00946,群益科技高息成長,12,0,12,康和-台南,2024-08-01,8458
00940,元大台灣價值高息,12,0,12,康和-台南,2024-08-01,8458
00795B,中信美國公債20年,159,148,11,康和-台南,2024-08-01,8458
6156,松上,11,0,11,康和-台南,2024-08-01,8458
6443,元晶,11,0,11,康和-台南,2024-08-01,8458
00881,國泰台灣5G+,10,0,10,康和-台南,2024-08-01,8458
00891,中信關鍵半導體,10,0,10,康和-台南,2024-08-01,8458
3702A,大聯大甲特,10,0,10,康和-台南,2024-08-01,8458
5371,中光電,10,0,10,康和-台南,2024-08-01,8458
00919,群益台灣精選高息,11,2,9,康和-台南,2024-08-01,8458
00688L,國泰20年美債正2,9,0,9,康和-台南,2024-08-01,8458
2356,英業達,11,2,9,康和-台南,2024-08-01,8458
2610,華航,21,12,9,康和-台南,2024-08-01,8458
4967,十銓,9,0,9,康和-台南,2024-08-01,8458
3663,鑫科,24,16,8,康和-台南,2024-08-01,8458
2702,華園,8,0,8,康和-台南,2024-08-01,8458
3266,昇陽,8,0,8,康和-台南,2024-08-01,8458
6239,力成,8,0,8,康和-台南,2024-08-01,8458
00932,兆豐永續高息等權,7,0,7,康和-台南,2024-08-01,8458
3167,大量,8,1,7,康和-台南,2024-08-01,8458
00905,FT臺灣Smart,6,0,6,康和-台南,2024-08-01,8458
1216,統一,7,1,6,康和-台南,2024-08-01,8458
6585,鼎基,6,0,6,康和-台南,2024-08-01,8458
00934,中信成長高股息,5,0,5,康和-台南,2024-08-01,8458
00671R,富邦NASDAQ反1,5,0,5,康和-台南,2024-08-01,8458
2204,中華,5,0,5,康和-台南,2024-08-01,8458
3217,優群,5,0,5,康和-台南,2024-08-01,8458
1522,堤維西,216,2,214,康和-台南,2024-08-02,8458
2618,長榮航,196,70,126,康和-台南,2024-08-02,8458
00940,元大台灣價值高息,119,0,119,康和-台南,2024-08-02,8458
00878,國泰永續高股息,117,0,117,康和-台南,2024-08-02,8458
1316,上曜,96,2,94,康和-台南,2024-08-02,8458
2317,鴻海,82,8,74,康和-台南,2024-08-02,8458
00688L,國泰20年美債正2,72,0,72,康和-台南,2024-08-02,8458
00919,群益台灣精選高息,69,0,69,康和-台南,2024-08-02,8458
1416,廣豐,67,0,67,康和-台南,2024-08-02,8458
00936,台新永續高息中小,65,0,65,康和-台南,2024-08-02,8458
00706L,期元大S＆P日圓正2,60,0,60,康和-台南,2024-08-02,8458
1714,和桐,60,0,60,康和-台南,2024-08-02,8458
00631L,元大台灣50正2,85,25,60,康和-台南,2024-08-02,8458
00929,復華台灣科技優息,80,30,50,康和-台南,2024-08-02,8458
00932,兆豐永續高息等權,49,2,47,康和-台南,2024-08-02,8458
2832,台產,41,0,41,康和-台南,2024-08-02,8458
0056,元大高股息,38,0,38,康和-台南,2024-08-02,8458
00947,台新臺灣IC設計,36,0,36,康和-台南,2024-08-02,8458
00946,群益科技高息成長,38,2,36,康和-台南,2024-08-02,8458
00949,復華日本龍頭,35,0,35,康和-台南,2024-08-02,8458
2891,中信金,31,0,31,康和-台南,2024-08-02,8458
2606,裕民,30,0,30,康和-台南,2024-08-02,8458
1718,中纖,30,0,30,康和-台南,2024-08-02,8458
2547,日勝生,54,24,30,康和-台南,2024-08-02,8458
5443,均豪,35,9,26,康和-台南,2024-08-02,8458
2392,正崴,26,1,25,康和-台南,2024-08-02,8458
2330,台積電,33,8,25,康和-台南,2024-08-02,8458
3037,欣興,25,1,24,康和-台南,2024-08-02,8458
00891,中信關鍵半導體,22,0,22,康和-台南,2024-08-02,8458
1447,力鵬,21,0,21,康和-台南,2024-08-02,8458
0050,元大台灣50,20,0,20,康和-台南,2024-08-02,8458
2020,美亞,20,0,20,康和-台南,2024-08-02,8458
2107,厚生,20,0,20,康和-台南,2024-08-02,8458
00951,台新日本半導體,17,0,17,康和-台南,2024-08-02,8458
1568,倉佑,20,3,17,康和-台南,2024-08-02,8458
2312,金寶,27,10,17,康和-台南,2024-08-02,8458
2363,矽統,19,3,16,康和-台南,2024-08-02,8458
2405,輔信,16,0,16,康和-台南,2024-08-02,8458
6202,盛群,16,0,16,康和-台南,2024-08-02,8458
9105,泰金寶-DR,16,0,16,康和-台南,2024-08-02,8458
2382,廣達,19,5,14,康和-台南,2024-08-02,8458
1609,大亞,18,4,14,康和-台南,2024-08-02,8458
1711,永光,14,0,14,康和-台南,2024-08-02,8458
2313,華通,13,0,13,康和-台南,2024-08-02,8458
00933B,國泰10Y+金融債,13,0,13,康和-台南,2024-08-02,8458
00881,國泰台灣5G+,12,0,12,康和-台南,2024-08-02,8458
2884,玉山金,11,0,11,康和-台南,2024-08-02,8458
2885,元大金,11,0,11,康和-台南,2024-08-02,8458
1210,大成,11,0,11,康和-台南,2024-08-02,8458
1584,精剛,12,1,11,康和-台南,2024-08-02,8458
00688L,國泰20年美債正2,579,37,542,康和-台南,2024-08-05,8458
00680L,元大美債20正2,521,30,491,康和-台南,2024-08-05,8458
3022,威強電,260,0,260,康和-台南,2024-08-05,8458
2882,國泰金,244,20,224,康和-台南,2024-08-05,8458
00929,復華台灣科技優息,233,17,216,康和-台南,2024-08-05,8458
00940,元大台灣價值高息,192,4,188,康和-台南,2024-08-05,8458
2834,臺企銀,150,1,149,康和-台南,2024-08-05,8458
2618,長榮航,127,5,122,康和-台南,2024-08-05,8458
1568,倉佑,121,0,121,康和-台南,2024-08-05,8458
3024,憶聲,107,3,104,康和-台南,2024-08-05,8458
1316,上曜,101,0,101,康和-台南,2024-08-05,8458
2014,中鴻,101,0,101,康和-台南,2024-08-05,8458
2617,台航,100,0,100,康和-台南,2024-08-05,8458
1314,中石化,93,20,73,康和-台南,2024-08-05,8458
2881,富邦金,92,21,71,康和-台南,2024-08-05,8458
00878,國泰永續高股息,95,24,71,康和-台南,2024-08-05,8458
2317,鴻海,85,23,62,康和-台南,2024-08-05,8458
1440,南紡,67,5,62,康和-台南,2024-08-05,8458
2020,美亞,60,0,60,康和-台南,2024-08-05,8458
00669R,國泰美國道瓊反1,60,0,60,康和-台南,2024-08-05,8458
00936,台新永續高息中小,74,15,59,康和-台南,2024-08-05,8458
2409,友達,68,10,58,康和-台南,2024-08-05,8458
3037,欣興,58,2,56,康和-台南,2024-08-05,8458
2891,中信金,65,11,54,康和-台南,2024-08-05,8458
1720,生達,51,2,49,康和-台南,2024-08-05,8458
9904,寶成,41,0,41,康和-台南,2024-08-05,8458
3481,群創,152,112,40,康和-台南,2024-08-05,8458
5531,鄉林,40,0,40,康和-台南,2024-08-05,8458
2883,凱基金,40,0,40,康和-台南,2024-08-05,8458
3189,景碩,36,4,32,康和-台南,2024-08-05,8458
2801,彰銀,34,3,31,康和-台南,2024-08-05,8458
2002,中鋼,42,12,30,康和-台南,2024-08-05,8458
911608,明輝-DR,30,0,30,康和-台南,2024-08-05,8458
00679B,元大美債20年,58,29,29,康和-台南,2024-08-05,8458
2880,華南金,27,0,27,康和-台南,2024-08-05,8458
6770,力積電,28,1,27,康和-台南,2024-08-05,8458
2104,國際中橡,26,0,26,康和-台南,2024-08-05,8458
2352,佳世達,30,4,26,康和-台南,2024-08-05,8458
1714,和桐,25,0,25,康和-台南,2024-08-05,8458
2303,聯電,30,5,25,康和-台南,2024-08-05,8458
1313,聯成,24,0,24,康和-台南,2024-08-05,8458
6274,台燿,24,1,23,康和-台南,2024-08-05,8458
4105,東洋,21,0,21,康和-台南,2024-08-05,8458
5521,工信,20,0,20,康和-台南,2024-08-05,8458
2501,國建,20,0,20,康和-台南,2024-08-05,8458
2897,王道銀行,20,0,20,康和-台南,2024-08-05,8458
4973,廣穎,20,0,20,康和-台南,2024-08-05,8458
6234,高僑,20,0,20,康和-台南,2024-08-05,8458
3413,京鼎,20,1,19,康和-台南,2024-08-05,8458
6239,力成,21,2,19,康和-台南,2024-08-05,8458
1568,倉佑,91,0,91,康和-台南,2024-08-06,8458
3481,群創,92,6,86,康和-台南,2024-08-06,8458
1316,上曜,67,1,66,康和-台南,2024-08-06,8458
2317,鴻海,95,30,65,康和-台南,2024-08-06,8458
00940,元大台灣價值高息,67,3,64,康和-台南,2024-08-06,8458
2801,彰銀,59,0,59,康和-台南,2024-08-06,8458
3037,欣興,71,16,55,康和-台南,2024-08-06,8458
3189,景碩,45,0,45,康和-台南,2024-08-06,8458
00931B,統一美債20年,50,6,44,康和-台南,2024-08-06,8458
00878,國泰永續高股息,45,8,37,康和-台南,2024-08-06,8458
1319,東陽,37,1,36,康和-台南,2024-08-06,8458
1714,和桐,34,2,32,康和-台南,2024-08-06,8458
2905,三商,30,0,30,康和-台南,2024-08-06,8458
3052,夆典,30,0,30,康和-台南,2024-08-06,8458
2511,太子,30,2,28,康和-台南,2024-08-06,8458
2352,佳世達,25,1,24,康和-台南,2024-08-06,8458
2739,寒舍,24,0,24,康和-台南,2024-08-06,8458
00946,群益科技高息成長,23,0,23,康和-台南,2024-08-06,8458
6257,矽格,22,0,22,康和-台南,2024-08-06,8458
00919,群益台灣精選高息,35,13,22,康和-台南,2024-08-06,8458
00715L,期街口布蘭特正2,21,0,21,康和-台南,2024-08-06,8458
2501,國建,21,0,21,康和-台南,2024-08-06,8458
1436,華友聯,20,0,20,康和-台南,2024-08-06,8458
2367,燿華,39,21,18,康和-台南,2024-08-06,8458
6770,力積電,34,17,17,康和-台南,2024-08-06,8458
00671R,富邦NASDAQ反1,15,0,15,康和-台南,2024-08-06,8458
4707,磐亞,15,0,15,康和-台南,2024-08-06,8458
5386,青雲,15,0,15,康和-台南,2024-08-06,8458
2409,友達,30,16,14,康和-台南,2024-08-06,8458
2542,興富發,27,13,14,康和-台南,2024-08-06,8458
5531,鄉林,14,0,14,康和-台南,2024-08-06,8458
3576,聯合再生,13,0,13,康和-台南,2024-08-06,8458
1101,台泥,12,0,12,康和-台南,2024-08-06,8458
2312,金寶,83,71,12,康和-台南,2024-08-06,8458
3715,定穎投控,26,15,11,康和-台南,2024-08-06,8458
2020,美亞,10,0,10,康和-台南,2024-08-06,8458
3022,威強電,11,1,10,康和-台南,2024-08-06,8458
3665,貿聯-KY,10,0,10,康和-台南,2024-08-06,8458
4303,信立,16,6,10,康和-台南,2024-08-06,8458
5512,力麒,10,0,10,康和-台南,2024-08-06,8458
6120,達運,10,0,10,康和-台南,2024-08-06,8458
2338,光罩,9,0,9,康和-台南,2024-08-06,8458
5521,工信,10,1,9,康和-台南,2024-08-06,8458
8467,波力-KY,9,0,9,康和-台南,2024-08-06,8458
8358,金居,13,5,8,康和-台南,2024-08-06,8458
6187,萬潤,7,0,7,康和-台南,2024-08-06,8458
6668,中揚光,7,0,7,康和-台南,2024-08-06,8458
9105,泰金寶-DR,7,0,7,康和-台南,2024-08-06,8458
00631L,元大台灣50正2,13,6,7,康和-台南,2024-08-06,8458
0050,元大台灣50,12,6,6,康和-台南,2024-08-06,8458
9945,潤泰新,63,2,61,康和-台南,2024-08-07,8458
2409,友達,49,10,39,康和-台南,2024-08-07,8458
2834,臺企銀,29,1,28,康和-台南,2024-08-07,8458
00929,復華台灣科技優息,41,14,27,康和-台南,2024-08-07,8458
00942B,台新美A公司債20+,24,0,24,康和-台南,2024-08-07,8458
3576,聯合再生,51,27,24,康和-台南,2024-08-07,8458
2915,潤泰全,23,0,23,康和-台南,2024-08-07,8458
8105,凌巨,23,1,22,康和-台南,2024-08-07,8458
00680L,元大美債20正2,21,0,21,康和-台南,2024-08-07,8458
00878,國泰永續高股息,24,4,20,康和-台南,2024-08-07,8458
00936,台新永續高息中小,20,0,20,康和-台南,2024-08-07,8458
00671R,富邦NASDAQ反1,20,0,20,康和-台南,2024-08-07,8458
2542,興富發,18,0,18,康和-台南,2024-08-07,8458
1710,東聯,17,0,17,康和-台南,2024-08-07,8458
2731,雄獅,17,0,17,康和-台南,2024-08-07,8458
3481,群創,20,3,17,康和-台南,2024-08-07,8458
00715L,期街口布蘭特正2,16,0,16,康和-台南,2024-08-07,8458
5386,青雲,17,2,15,康和-台南,2024-08-07,8458
6015,宏遠證,15,0,15,康和-台南,2024-08-07,8458
8076,伍豐,15,0,15,康和-台南,2024-08-07,8458
00923,群益台ESG低碳50,14,0,14,康和-台南,2024-08-07,8458
00919,群益台灣精選高息,14,0,14,康和-台南,2024-08-07,8458
2886,兆豐金,14,0,14,康和-台南,2024-08-07,8458
1314,中石化,15,1,14,康和-台南,2024-08-07,8458
2312,金寶,28,16,12,康和-台南,2024-08-07,8458
8111,立��,12,0,12,康和-台南,2024-08-07,8458
2408,南亞科,11,0,11,康和-台南,2024-08-07,8458
6279,胡連,11,0,11,康和-台南,2024-08-07,8458
2382,廣達,13,3,10,康和-台南,2024-08-07,8458
1313,聯成,10,0,10,康和-台南,2024-08-07,8458
2428,興勤,10,0,10,康和-台南,2024-08-07,8458
6226,光鼎,10,0,10,康和-台南,2024-08-07,8458
8112,至上,10,0,10,康和-台南,2024-08-07,8458
00934,中信成長高股息,10,1,9,康和-台南,2024-08-07,8458
2867,三商壽,9,0,9,康和-台南,2024-08-07,8458
3673,TPK-KY,19,10,9,康和-台南,2024-08-07,8458
6215,和椿,10,1,9,康和-台南,2024-08-07,8458
2354,鴻準,9,1,8,康和-台南,2024-08-07,8458
1609,大亞,14,6,8,康和-台南,2024-08-07,8458
2892,第一金,10,4,6,康和-台南,2024-08-07,8458
00795B,中信美國公債20年,237,231,6,康和-台南,2024-08-07,8458
3019,亞光,8,2,6,康和-台南,2024-08-07,8458
3045,台灣大,6,0,6,康和-台南,2024-08-07,8458
00951,台新日本半導體,5,0,5,康和-台南,2024-08-07,8458
00753L,中信中國50正2,5,0,5,康和-台南,2024-08-07,8458
00891,中信關鍵半導體,5,0,5,康和-台南,2024-08-07,8458
1308,亞聚,5,0,5,康和-台南,2024-08-07,8458
2104,國際中橡,55,50,5,康和-台南,2024-08-07,8458
2527,宏璟,5,0,5,康和-台南,2024-08-07,8458
2706,第一店,5,0,5,康和-台南,2024-08-07,8458
00933B,國泰10Y+金融債,201,5,196,康和-台南,2024-08-08,8458
1714,和桐,103,4,99,康和-台南,2024-08-08,8458
00929,復華台灣科技優息,90,1,89,康和-台南,2024-08-08,8458
00665L,富邦�琤肭磪囓�2,70,0,70,康和-台南,2024-08-08,8458
00679B,元大美債20年,61,0,61,康和-台南,2024-08-08,8458
2618,長榮航,90,30,60,康和-台南,2024-08-08,8458
00931B,統一美債20年,50,3,47,康和-台南,2024-08-08,8458
2356,英業達,46,1,45,康和-台南,2024-08-08,8458
1310,台苯,44,0,44,康和-台南,2024-08-08,8458
00936,台新永續高息中小,51,10,41,康和-台南,2024-08-08,8458
3231,緯創,43,5,38,康和-台南,2024-08-08,8458
00940,元大台灣價值高息,35,0,35,康和-台南,2024-08-08,8458
1416,廣豐,30,0,30,康和-台南,2024-08-08,8458
2606,裕民,30,0,30,康和-台南,2024-08-08,8458
2317,鴻海,46,17,29,康和-台南,2024-08-08,8458
00671R,富邦NASDAQ反1,25,0,25,康和-台南,2024-08-08,8458
2915,潤泰全,25,0,25,康和-台南,2024-08-08,8458
6015,宏遠證,23,0,23,康和-台南,2024-08-08,8458
00878,國泰永續高股息,20,0,20,康和-台南,2024-08-08,8458
5443,均豪,30,10,20,康和-台南,2024-08-08,8458
00631L,元大台灣50正2,31,11,20,康和-台南,2024-08-08,8458
00795B,中信美國公債20年,171,151,20,康和-台南,2024-08-08,8458
00942B,台新美A公司債20+,20,0,20,康和-台南,2024-08-08,8458
9945,潤泰新,20,0,20,康和-台南,2024-08-08,8458
00937B,群益ESG投等債20,17,0,17,康和-台南,2024-08-08,8458
00680L,元大美債20正2,21,5,16,康和-台南,2024-08-08,8458
2886,兆豐金,15,0,15,康和-台南,2024-08-08,8458
2353,宏��,12,0,12,康和-台南,2024-08-08,8458
2538,基泰,12,0,12,康和-台南,2024-08-08,8458
3024,憶聲,24,12,12,康和-台南,2024-08-08,8458
2324,仁寶,11,0,11,康和-台南,2024-08-08,8458
00919,群益台灣精選高息,11,0,11,康和-台南,2024-08-08,8458
2392,正崴,11,0,11,康和-台南,2024-08-08,8458
2834,臺企銀,12,1,11,康和-台南,2024-08-08,8458
1522,堤維西,11,1,10,康和-台南,2024-08-08,8458
2537,聯上發,11,1,10,康和-台南,2024-08-08,8458
3036,文曄,10,0,10,康和-台南,2024-08-08,8458
5533,皇鼎,10,0,10,康和-台南,2024-08-08,8458
6165,浪凡,10,0,10,康和-台南,2024-08-08,8458
4510,高鋒,38,28,10,康和-台南,2024-08-08,8458
2382,廣達,14,4,10,康和-台南,2024-08-08,8458
00676R,富邦臺灣加權反1,8,0,8,康和-台南,2024-08-08,8458
2027,大成鋼,8,0,8,康和-台南,2024-08-08,8458
2349,錸德,14,6,8,康和-台南,2024-08-08,8458
2464,盟立,12,4,8,康和-台南,2024-08-08,8458
2515,中工,8,0,8,康和-台南,2024-08-08,8458
3047,訊舟,16,8,8,康和-台南,2024-08-08,8458
5386,青雲,15,7,8,康和-台南,2024-08-08,8458
1301,台塑,8,1,7,康和-台南,2024-08-08,8458
00881,國泰台灣5G+,6,0,6,康和-台南,2024-08-08,8458
00680L,元大美債20正2,423,1,422,康和-台南,2024-08-09,8458
2515,中工,118,1,117,康和-台南,2024-08-09,8458
2537,聯上發,104,6,98,康和-台南,2024-08-09,8458
00878,國泰永續高股息,112,26,86,康和-台南,2024-08-09,8458
00679B,元大美債20年,71,0,71,康和-台南,2024-08-09,8458
00632R,元大台灣50反1,51,0,51,康和-台南,2024-08-09,8458
00687B,國泰20年美債,53,10,43,康和-台南,2024-08-09,8458
00937B,群益ESG投等債20,37,1,36,康和-台南,2024-08-09,8458
2542,興富發,30,1,29,康和-台南,2024-08-09,8458
1514,亞力,35,10,25,康和-台南,2024-08-09,8458
9945,潤泰新,23,0,23,康和-台南,2024-08-09,8458
00669R,國泰美國道瓊反1,20,0,20,康和-台南,2024-08-09,8458
3303,岱稜,17,0,17,康和-台南,2024-08-09,8458
1609,大亞,24,8,16,康和-台南,2024-08-09,8458
3673,TPK-KY,20,5,15,康和-台南,2024-08-09,8458
5464,霖宏,13,0,13,康和-台南,2024-08-09,8458
1440,南紡,11,0,11,康和-台南,2024-08-09,8458
00637L,元大滬深300正2,10,0,10,康和-台南,2024-08-09,8458
00671R,富邦NASDAQ反1,10,0,10,康和-台南,2024-08-09,8458
00919,群益台灣精選高息,14,4,10,康和-台南,2024-08-09,8458
00857B,永豐20年美公債,10,0,10,康和-台南,2024-08-09,8458
00947,台新臺灣IC設計,10,0,10,康和-台南,2024-08-09,8458
2385,群光,10,0,10,康和-台南,2024-08-09,8458
3437,榮創,10,0,10,康和-台南,2024-08-09,8458
5521,工信,10,0,10,康和-台南,2024-08-09,8458
00932,兆豐永續高息等權,10,1,9,康和-台南,2024-08-09,8458
2331,精英,15,6,9,康和-台南,2024-08-09,8458
5474,聰泰,10,1,9,康和-台南,2024-08-09,8458
3324,雙鴻,12,4,8,康和-台南,2024-08-09,8458
4533,協易機,54,46,8,康和-台南,2024-08-09,8458
6603,富強鑫,58,50,8,康和-台南,2024-08-09,8458
2464,盟立,14,7,7,康和-台南,2024-08-09,8458
00795B,中信美國公債20年,123,116,7,康和-台南,2024-08-09,8458
1569,濱川,8,1,7,康和-台南,2024-08-09,8458
2323,中環,12,5,7,康和-台南,2024-08-09,8458
8454,富邦媒,7,0,7,康和-台南,2024-08-09,8458
2486,一詮,9,3,6,康和-台南,2024-08-09,8458
2002,中鋼,6,0,6,康和-台南,2024-08-09,8458
2913,農林,6,0,6,康和-台南,2024-08-09,8458
3374,精材,15,9,6,康和-台南,2024-08-09,8458
1305,華夏,5,0,5,康和-台南,2024-08-09,8458
00946,群益科技高息成長,5,0,5,康和-台南,2024-08-09,8458
2382,廣達,10,5,5,康和-台南,2024-08-09,8458
00934,中信成長高股息,15,10,5,康和-台南,2024-08-09,8458
00949,復華日本龍頭,5,0,5,康和-台南,2024-08-09,8458
2104,國際中橡,6,1,5,康和-台南,2024-08-09,8458
2489,瑞軒,16,11,5,康和-台南,2024-08-09,8458
2704,國賓,5,0,5,康和-台南,2024-08-09,8458
3217,優群,5,0,5,康和-台南,2024-08-09,8458
8054,安國,8,3,5,康和-台南,2024-08-09,8458
00878,國泰永續高股息,220,2,218,康和-台南,2024-08-12,8458
00669R,國泰美國道瓊反1,60,0,60,康和-台南,2024-08-12,8458
00933B,國泰10Y+金融債,50,0,50,康和-台南,2024-08-12,8458
2610,華航,41,0,41,康和-台南,2024-08-12,8458
00687B,國泰20年美債,123,93,30,康和-台南,2024-08-12,8458
00948B,中信優息投資級債,30,0,30,康和-台南,2024-08-12,8458
1326,台化,30,0,30,康和-台南,2024-08-12,8458
2606,裕民,32,2,30,康和-台南,2024-08-12,8458
2880,華南金,28,0,28,康和-台南,2024-08-12,8458
2890,永豐金,28,0,28,康和-台南,2024-08-12,8458
2718,全心投控,25,0,25,康和-台南,2024-08-12,8458
1513,中興電,42,19,23,康和-台南,2024-08-12,8458
3339,泰谷,23,2,21,康和-台南,2024-08-12,8458
1305,華夏,20,0,20,康和-台南,2024-08-12,8458
2891,中信金,19,0,19,康和-台南,2024-08-12,8458
9907,統一實,18,2,16,康和-台南,2024-08-12,8458
00857B,永豐20年美公債,15,0,15,康和-台南,2024-08-12,8458
2408,南亞科,15,1,14,康和-台南,2024-08-12,8458
4526,東台,14,1,13,康和-台南,2024-08-12,8458
8096,擎亞,16,4,12,康和-台南,2024-08-12,8458
00929,復華台灣科技優息,16,5,11,康和-台南,2024-08-12,8458
2885,元大金,11,0,11,康和-台南,2024-08-12,8458
00915,凱基優選高股息30,10,0,10,康和-台南,2024-08-12,8458
00671R,富邦NASDAQ反1,10,0,10,康和-台南,2024-08-12,8458
4973,廣穎,10,0,10,康和-台南,2024-08-12,8458
3481,群創,45,35,10,康和-台南,2024-08-12,8458
2369,菱生,10,1,9,康和-台南,2024-08-12,8458
3413,京鼎,9,0,9,康和-台南,2024-08-12,8458
3535,晶彩科,9,0,9,康和-台南,2024-08-12,8458
5519,隆大,10,1,9,康和-台南,2024-08-12,8458
2312,金寶,17,8,9,康和-台南,2024-08-12,8458
1608,華榮,10,2,8,康和-台南,2024-08-12,8458
2367,燿華,9,1,8,康和-台南,2024-08-12,8458
3024,憶聲,9,1,8,康和-台南,2024-08-12,8458
3706,神達,11,3,8,康和-台南,2024-08-12,8458
4303,信立,12,4,8,康和-台南,2024-08-12,8458
2477,美隆電,6,0,6,康和-台南,2024-08-12,8458
2489,瑞軒,17,11,6,康和-台南,2024-08-12,8458
8291,尚茂,6,0,6,康和-台南,2024-08-12,8458
006208,富邦台50,5,0,5,康和-台南,2024-08-12,8458
3167,大量,6,1,5,康和-台南,2024-08-12,8458
2365,昆盈,17,12,5,康和-台南,2024-08-12,8458
2359,所羅門,14,9,5,康和-台南,2024-08-12,8458
3680,家登,5,0,5,康和-台南,2024-08-12,8458
4564,元翎,10,5,5,康和-台南,2024-08-12,8458
8011,台通,5,0,5,康和-台南,2024-08-12,8458
6278,台表科,4,0,4,康和-台南,2024-08-12,8458
1815,富喬,4,0,4,康和-台南,2024-08-12,8458
2061,風青,4,0,4,康和-台南,2024-08-12,8458
2388,威盛,4,0,4,康和-台南,2024-08-12,8458
1310,台苯,100,0,100,康和-台南,2024-08-13,8458
6770,力積電,62,0,62,康和-台南,2024-08-13,8458
2880,華南金,59,0,59,康和-台南,2024-08-13,8458
2607,榮運,71,12,59,康和-台南,2024-08-13,8458
6269,台郡,39,0,39,康和-台南,2024-08-13,8458
2606,裕民,30,0,30,康和-台南,2024-08-13,8458
2401,凌陽,34,6,28,康和-台南,2024-08-13,8458
00929,復華台灣科技優息,21,0,21,康和-台南,2024-08-13,8458
1789,神隆,20,0,20,康和-台南,2024-08-13,8458
6245,立端,20,0,20,康和-台南,2024-08-13,8458
2208,台船,33,14,19,康和-台南,2024-08-13,8458
2353,宏��,18,0,18,康和-台南,2024-08-13,8458
6532,瑞耘,20,2,18,康和-台南,2024-08-13,8458
6215,和椿,29,14,15,康和-台南,2024-08-13,8458
2891,中信金,16,1,15,康和-台南,2024-08-13,8458
1314,中石化,16,2,14,康和-台南,2024-08-13,8458
1436,華友聯,14,0,14,康和-台南,2024-08-13,8458
2834,臺企銀,13,0,13,康和-台南,2024-08-13,8458
2886,兆豐金,12,0,12,康和-台南,2024-08-13,8458
2515,中工,20,8,12,康和-台南,2024-08-13,8458
00940,元大台灣價值高息,11,0,11,康和-台南,2024-08-13,8458
3231,緯創,13,2,11,康和-台南,2024-08-13,8458
6790,永豐實,11,0,11,康和-台南,2024-08-13,8458
00907,永豐優息存股,10,0,10,康和-台南,2024-08-13,8458
00669R,國泰美國道瓊反1,10,0,10,康和-台南,2024-08-13,8458
00671R,富邦NASDAQ反1,10,0,10,康和-台南,2024-08-13,8458
1307,三芳,10,0,10,康和-台南,2024-08-13,8458
1447,力鵬,10,0,10,康和-台南,2024-08-13,8458
3296,勝德,10,0,10,康和-台南,2024-08-13,8458
3665,貿聯-KY,12,2,10,康和-台南,2024-08-13,8458
2374,佳能,9,1,8,康和-台南,2024-08-13,8458
3013,晟銘電,12,4,8,康和-台南,2024-08-13,8458
3024,憶聲,7,0,7,康和-台南,2024-08-13,8458
3663,鑫科,8,1,7,康和-台南,2024-08-13,8458
4564,元翎,9,3,6,康和-台南,2024-08-13,8458
6142,友勁,6,0,6,康和-台南,2024-08-13,8458
6207,雷科,7,1,6,康和-台南,2024-08-13,8458
00712,復華富時不動產,5,0,5,康和-台南,2024-08-13,8458
2885,元大金,10,5,5,康和-台南,2024-08-13,8458
1440,南紡,5,0,5,康和-台南,2024-08-13,8458
2537,聯上發,5,0,5,康和-台南,2024-08-13,8458
3450,聯鈞,11,6,5,康和-台南,2024-08-13,8458
3712,永崴投控,6,1,5,康和-台南,2024-08-13,8458
4979,華星光,7,2,5,康和-台南,2024-08-13,8458
5483,中美晶,5,0,5,康和-台南,2024-08-13,8458
6603,富強鑫,11,6,5,康和-台南,2024-08-13,8458
00878,國泰永續高股息,7,2,5,康和-台南,2024-08-13,8458
5880,合庫金,4,0,4,康和-台南,2024-08-13,8458
2801,彰銀,4,0,4,康和-台南,2024-08-13,8458
2365,昆盈,19,15,4,康和-台南,2024-08-13,8458
00687B,國泰20年美債,725,40,685,康和-台南,2024-08-14,8458
00712,復華富時不動產,123,0,123,康和-台南,2024-08-14,8458
2888,新光金,108,3,105,康和-台南,2024-08-14,8458
2890,永豐金,86,2,84,康和-台南,2024-08-14,8458
00936,台新永續高息中小,60,1,59,康和-台南,2024-08-14,8458
2607,榮運,50,0,50,康和-台南,2024-08-14,8458
00679B,元大美債20年,41,0,41,康和-台南,2024-08-14,8458
3715,定穎投控,40,0,40,康和-台南,2024-08-14,8458
00929,復華台灣科技優息,37,3,34,康和-台南,2024-08-14,8458
2405,輔信,30,0,30,康和-台南,2024-08-14,8458
00688L,國泰20年美債正2,25,0,25,康和-台南,2024-08-14,8458
8076,伍豐,22,2,20,康和-台南,2024-08-14,8458
1314,中石化,22,3,19,康和-台南,2024-08-14,8458
4562,穎漢,37,18,19,康和-台南,2024-08-14,8458
2515,中工,32,15,17,康和-台南,2024-08-14,8458
3673,TPK-KY,17,0,17,康和-台南,2024-08-14,8458
3705,永信,17,0,17,康和-台南,2024-08-14,8458
2801,彰銀,16,0,16,康和-台南,2024-08-14,8458
3019,亞光,24,8,16,康和-台南,2024-08-14,8458
00671R,富邦NASDAQ反1,15,0,15,康和-台南,2024-08-14,8458
1609,大亞,15,1,14,康和-台南,2024-08-14,8458
2365,昆盈,27,13,14,康和-台南,2024-08-14,8458
8096,擎亞,18,4,14,康和-台南,2024-08-14,8458
6173,信昌電,12,0,12,康和-台南,2024-08-14,8458
6443,元晶,12,0,12,康和-台南,2024-08-14,8458
3260,威剛,11,0,11,康和-台南,2024-08-14,8458
4303,信立,11,0,11,康和-台南,2024-08-14,8458
1308,亞聚,10,0,10,康和-台南,2024-08-14,8458
2353,宏��,12,2,10,康和-台南,2024-08-14,8458
2610,華航,11,1,10,康和-台南,2024-08-14,8458
2611,志信,10,0,10,康和-台南,2024-08-14,8458
3268,海德威,10,0,10,康和-台南,2024-08-14,8458
3665,貿聯-KY,11,1,10,康和-台南,2024-08-14,8458
4720,德淵,10,0,10,康和-台南,2024-08-14,8458
1568,倉佑,9,0,9,康和-台南,2024-08-14,8458
6152,百一,10,1,9,康和-台南,2024-08-14,8458
00900,富邦特選高股息30,8,0,8,康和-台南,2024-08-14,8458
8467,波力-KY,8,0,8,康和-台南,2024-08-14,8458
8028,昇陽半導體,9,1,8,康和-台南,2024-08-14,8458
4561,健椿,8,1,7,康和-台南,2024-08-14,8458
0056,元大高股息,7,0,7,康和-台南,2024-08-14,8458
2609,陽明,9,3,6,康和-台南,2024-08-14,8458
2363,矽統,12,7,5,康和-台南,2024-08-14,8458
1301,台塑,5,0,5,康和-台南,2024-08-14,8458
00894,中信小資高價30,5,0,5,康和-台南,2024-08-14,8458
00795B,中信美國公債20年,5,0,5,康和-台南,2024-08-14,8458
00937B,群益ESG投等債20,5,0,5,康和-台南,2024-08-14,8458
1714,和桐,5,0,5,康和-台南,2024-08-14,8458
2027,大成鋼,5,0,5,康和-台南,2024-08-14,8458
2331,精英,12,7,5,康和-台南,2024-08-14,8458
00687B,國泰20年美債,241,60,181,康和-台南,2024-08-15,8458
00680L,元大美債20正2,140,0,140,康和-台南,2024-08-15,8458
00878,國泰永續高股息,112,9,103,康和-台南,2024-08-15,8458
6770,力積電,70,0,70,康和-台南,2024-08-15,8458
00900,富邦特選高股息30,66,0,66,康和-台南,2024-08-15,8458
00881,國泰台灣5G+,64,1,63,康和-台南,2024-08-15,8458
00937B,群益ESG投等債20,62,0,62,康和-台南,2024-08-15,8458
00948B,中信優息投資級債,50,0,50,康和-台南,2024-08-15,8458
6506,雙邦,45,0,45,康和-台南,2024-08-15,8458
1326,台化,42,0,42,康和-台南,2024-08-15,8458
00795B,中信美國公債20年,33,0,33,康和-台南,2024-08-15,8458
00932,兆豐永續高息等權,24,0,24,康和-台南,2024-08-15,8458
00740B,富邦全球投等債,24,0,24,康和-台南,2024-08-15,8458
3047,訊舟,34,10,24,康和-台南,2024-08-15,8458
2017,官田鋼,20,0,20,康和-台南,2024-08-15,8458
5519,隆大,20,1,19,康和-台南,2024-08-15,8458
2892,第一金,16,0,16,康和-台南,2024-08-15,8458
5443,均豪,35,20,15,康和-台南,2024-08-15,8458
8150,南茂,15,0,15,康和-台南,2024-08-15,8458
4561,健椿,25,12,13,康和-台南,2024-08-15,8458
5324,士開,13,0,13,康和-台南,2024-08-15,8458
2002,中鋼,12,0,12,康和-台南,2024-08-15,8458
6197,佳必琪,13,1,12,康和-台南,2024-08-15,8458
2801,彰銀,13,1,12,康和-台南,2024-08-15,8458
2367,燿華,14,3,11,康和-台南,2024-08-15,8458
00671R,富邦NASDAQ反1,10,0,10,康和-台南,2024-08-15,8458
00679B,元大美債20年,12,2,10,康和-台南,2024-08-15,8458
00894,中信小資高價30,10,0,10,康和-台南,2024-08-15,8458
1711,永光,10,0,10,康和-台南,2024-08-15,8458
2376,技嘉,20,10,10,康和-台南,2024-08-15,8458
2637,慧洋-KY,10,0,10,康和-台南,2024-08-15,8458
2885,元大金,15,5,10,康和-台南,2024-08-15,8458
5864,致和證,10,0,10,康和-台南,2024-08-15,8458
3715,定穎投控,38,30,8,康和-台南,2024-08-15,8458
3017,奇鋐,8,0,8,康和-台南,2024-08-15,8458
3663,鑫科,43,35,8,康和-台南,2024-08-15,8458
6108,競國,8,0,8,康和-台南,2024-08-15,8458
6188,廣明,8,0,8,康和-台南,2024-08-15,8458
00919,群益台灣精選高息,8,0,8,康和-台南,2024-08-15,8458
1808,潤隆,10,3,7,康和-台南,2024-08-15,8458
2363,矽統,11,4,7,康和-台南,2024-08-15,8458
2834,臺企銀,7,0,7,康和-台南,2024-08-15,8458
2915,潤泰全,7,0,7,康和-台南,2024-08-15,8458
2317,鴻海,23,16,7,康和-台南,2024-08-15,8458
2882,國泰金,11,4,7,康和-台南,2024-08-15,8458
4562,穎漢,7,1,6,康和-台南,2024-08-15,8458
2881,富邦金,7,1,6,康和-台南,2024-08-15,8458
00940,元大台灣價值高息,5,0,5,康和-台南,2024-08-15,8458
1608,華榮,5,0,5,康和-台南,2024-08-15,8458
2312,金寶,6,1,5,康和-台南,2024-08-15,8458
2062,橋椿,145,7,138,康和-台南,2024-08-16,8458
00687B,國泰20年美債,130,30,100,康和-台南,2024-08-16,8458
00632R,元大台灣50反1,100,0,100,康和-台南,2024-08-16,8458
3597,映興,95,0,95,康和-台南,2024-08-16,8458
00772B,中信高評級公司債,100,7,93,康和-台南,2024-08-16,8458
6016,康和證,110,20,90,康和-台南,2024-08-16,8458
00631L,元大台灣50正2,73,1,72,康和-台南,2024-08-16,8458
2905,三商,60,1,59,康和-台南,2024-08-16,8458
8096,擎亞,75,19,56,康和-台南,2024-08-16,8458
2618,長榮航,61,7,54,康和-台南,2024-08-16,8458
00671R,富邦NASDAQ反1,40,0,40,康和-台南,2024-08-16,8458
3284,太普高,37,9,28,康和-台南,2024-08-16,8458
2363,矽統,66,43,23,康和-台南,2024-08-16,8458
1785,光洋科,21,1,20,康和-台南,2024-08-16,8458
2359,所羅門,35,16,19,康和-台南,2024-08-16,8458
2888,新光金,30,11,19,康和-台南,2024-08-16,8458
00795B,中信美國公債20年,18,0,18,康和-台南,2024-08-16,8458
1312,國喬,15,0,15,康和-台南,2024-08-16,8458
2401,凌陽,17,2,15,康和-台南,2024-08-16,8458
2867,三商壽,15,0,15,康和-台南,2024-08-16,8458
1308,亞聚,12,0,12,康和-台南,2024-08-16,8458
1316,上曜,16,4,12,康和-台南,2024-08-16,8458
2383,台光電,11,0,11,康和-台南,2024-08-16,8458
2392,正崴,12,1,11,康和-台南,2024-08-16,8458
00857B,永豐20年美公債,10,0,10,康和-台南,2024-08-16,8458
2611,志信,10,0,10,康和-台南,2024-08-16,8458
3491,昇達科,12,2,10,康和-台南,2024-08-16,8458
6550,北極星藥業-KY,10,0,10,康和-台南,2024-08-16,8458
8076,伍豐,10,0,10,康和-台南,2024-08-16,8458
9802,鈺齊-KY,10,0,10,康和-台南,2024-08-16,8458
2548,華固,12,2,10,康和-台南,2024-08-16,8458
1307,三芳,10,0,10,康和-台南,2024-08-16,8458
00929,復華台灣科技優息,12,3,9,康和-台南,2024-08-16,8458
00706L,期元大S＆P日圓正2,10,1,9,康和-台南,2024-08-16,8458
2489,瑞軒,13,4,9,康和-台南,2024-08-16,8458
3498,陽程,11,2,9,康和-台南,2024-08-16,8458
2455,全新,10,2,8,康和-台南,2024-08-16,8458
3413,京鼎,8,0,8,康和-台南,2024-08-16,8458
6197,佳必琪,22,14,8,康和-台南,2024-08-16,8458
2891,中信金,11,3,8,康和-台南,2024-08-16,8458
00923,群益台ESG低碳50,8,0,8,康和-台南,2024-08-16,8458
6446,藥華藥,7,0,7,康和-台南,2024-08-16,8458
1314,中石化,7,0,7,康和-台南,2024-08-16,8458
1609,大亞,7,0,7,康和-台南,2024-08-16,8458
2834,臺企銀,7,0,7,康和-台南,2024-08-16,8458
6116,彩晶,7,0,7,康和-台南,2024-08-16,8458
6532,瑞耘,7,0,7,康和-台南,2024-08-16,8458
2367,燿華,6,0,6,康和-台南,2024-08-16,8458
3217,優群,6,0,6,康和-台南,2024-08-16,8458
3518,柏騰,6,0,6,康和-台南,2024-08-16,8458
00951,台新日本半導體,50,0,50,康和-台南,2024-08-19,8458
2881,富邦金,42,0,42,康和-台南,2024-08-19,8458
8234,新漢,50,10,40,康和-台南,2024-08-19,8458
2303,聯電,43,3,40,康和-台南,2024-08-19,8458
00929,復華台灣科技優息,48,12,36,康和-台南,2024-08-19,8458
00878,國泰永續高股息,49,20,29,康和-台南,2024-08-19,8458
00687B,國泰20年美債,99,77,22,康和-台南,2024-08-19,8458
00947,台新臺灣IC設計,22,1,21,康和-台南,2024-08-19,8458
4903,聯光通,20,1,19,康和-台南,2024-08-19,8458
8105,凌巨,20,1,19,康和-台南,2024-08-19,8458
00795B,中信美國公債20年,17,0,17,康和-台南,2024-08-19,8458
2344,華邦電,16,0,16,康和-台南,2024-08-19,8458
00712,復華富時不動產,15,0,15,康和-台南,2024-08-19,8458
3498,陽程,22,8,14,康和-台南,2024-08-19,8458
2369,菱生,13,0,13,康和-台南,2024-08-19,8458
4526,東台,15,2,13,康和-台南,2024-08-19,8458
6213,聯茂,13,0,13,康和-台南,2024-08-19,8458
2376,技嘉,13,1,12,康和-台南,2024-08-19,8458
00720B,元大投資級公司債,11,0,11,康和-台南,2024-08-19,8458
2397,友通,11,0,11,康和-台南,2024-08-19,8458
3374,精材,17,6,11,康和-台南,2024-08-19,8458
3645,達邁,11,0,11,康和-台南,2024-08-19,8458
4564,元翎,11,0,11,康和-台南,2024-08-19,8458
4908,前鼎,11,0,11,康和-台南,2024-08-19,8458
8150,南茂,12,1,11,康和-台南,2024-08-19,8458
00946,群益科技高息成長,10,0,10,康和-台南,2024-08-19,8458
8028,昇陽半導體,30,20,10,康和-台南,2024-08-19,8458
00671R,富邦NASDAQ反1,10,0,10,康和-台南,2024-08-19,8458
2610,華航,10,0,10,康和-台南,2024-08-19,8458
6248,沛波,11,1,10,康和-台南,2024-08-19,8458
3260,威剛,10,0,10,康和-台南,2024-08-19,8458
2882,國泰金,10,0,10,康和-台南,2024-08-19,8458
2337,旺宏,9,0,9,康和-台南,2024-08-19,8458
4566,時碩工業,10,1,9,康和-台南,2024-08-19,8458
1326,台化,8,0,8,康和-台南,2024-08-19,8458
2002,中鋼,8,0,8,康和-台南,2024-08-19,8458
1565,精華,7,0,7,康和-台南,2024-08-19,8458
3167,大量,16,9,7,康和-台南,2024-08-19,8458
8076,伍豐,7,0,7,康和-台南,2024-08-19,8458
3413,京鼎,6,0,6,康和-台南,2024-08-19,8458
4303,信立,7,1,6,康和-台南,2024-08-19,8458
2891,中信金,8,2,6,康和-台南,2024-08-19,8458
00786B,元大10年IG銀行債,5,0,5,康和-台南,2024-08-19,8458
00857B,永豐20年美公債,95,90,5,康和-台南,2024-08-19,8458
00751B,元大AAA至A公司債,5,0,5,康和-台南,2024-08-19,8458
2354,鴻準,7,2,5,康和-台南,2024-08-19,8458
2467,志聖,18,13,5,康和-台南,2024-08-19,8458
3581,博磊,12,7,5,康和-台南,2024-08-19,8458
5324,士開,5,0,5,康和-台南,2024-08-19,8458
6117,迎廣,5,0,5,康和-台南,2024-08-19,8458
00937B,群益ESG投等債20,141,0,141,康和-台南,2024-08-20,8458
1312,國喬,92,0,92,康和-台南,2024-08-20,8458
1416,廣豐,90,0,90,康和-台南,2024-08-20,8458
1220,台榮,80,0,80,康和-台南,2024-08-20,8458
2890,永豐金,82,3,79,康和-台南,2024-08-20,8458
2882,國泰金,87,15,72,康和-台南,2024-08-20,8458
2913,農林,70,0,70,康和-台南,2024-08-20,8458
1218,泰山,60,0,60,康和-台南,2024-08-20,8458
00764B,群益25年美債,45,0,45,康和-台南,2024-08-20,8458
1314,中石化,48,6,42,康和-台南,2024-08-20,8458
1436,華友聯,35,1,34,康和-台南,2024-08-20,8458
2356,英業達,33,2,31,康和-台南,2024-08-20,8458
3284,太普高,27,0,27,康和-台南,2024-08-20,8458
00929,復華台灣科技優息,25,1,24,康和-台南,2024-08-20,8458
00687B,國泰20年美債,71,50,21,康和-台南,2024-08-20,8458
8028,昇陽半導體,43,22,21,康和-台南,2024-08-20,8458
00720B,元大投資級公司債,20,0,20,康和-台南,2024-08-20,8458
2442,新美齊,20,0,20,康和-台南,2024-08-20,8458
1776,展宇,19,0,19,康和-台南,2024-08-20,8458
00940,元大台灣價值高息,22,5,17,康和-台南,2024-08-20,8458
3231,緯創,20,3,17,康和-台南,2024-08-20,8458
00715L,期街口布蘭特正2,16,0,16,康和-台南,2024-08-20,8458
5443,均豪,27,11,16,康和-台南,2024-08-20,8458
00751B,元大AAA至A公司債,15,0,15,康和-台南,2024-08-20,8458
00740B,富邦全球投等債,15,0,15,康和-台南,2024-08-20,8458
1568,倉佑,15,0,15,康和-台南,2024-08-20,8458
5388,中磊,20,5,15,康和-台南,2024-08-20,8458
3413,京鼎,14,0,14,康和-台南,2024-08-20,8458
00947,台新臺灣IC設計,13,0,13,康和-台南,2024-08-20,8458
3363,上詮,14,1,13,康和-台南,2024-08-20,8458
2881,富邦金,15,3,12,康和-台南,2024-08-20,8458
00923,群益台ESG低碳50,11,0,11,康和-台南,2024-08-20,8458
1301,台塑,11,0,11,康和-台南,2024-08-20,8458
2331,精英,15,4,11,康和-台南,2024-08-20,8458
00671R,富邦NASDAQ反1,10,0,10,康和-台南,2024-08-20,8458
1444,力麗,10,0,10,康和-台南,2024-08-20,8458
3576,聯合再生,12,2,10,康和-台南,2024-08-20,8458
8070,長華*,10,0,10,康和-台南,2024-08-20,8458
6213,聯茂,12,2,10,康和-台南,2024-08-20,8458
2891,中信金,15,6,9,康和-台南,2024-08-20,8458
1608,華榮,10,1,9,康和-台南,2024-08-20,8458
8440,綠電,30,21,9,康和-台南,2024-08-20,8458
2374,佳能,18,10,8,康和-台南,2024-08-20,8458
3706,神達,9,1,8,康和-台南,2024-08-20,8458
1714,和桐,14,6,8,康和-台南,2024-08-20,8458
2351,順德,8,0,8,康和-台南,2024-08-20,8458
2365,昆盈,11,3,8,康和-台南,2024-08-20,8458
2317,鴻海,17,10,7,康和-台南,2024-08-20,8458
3580,友威科,11,4,7,康和-台南,2024-08-20,8458
1210,大成,30,23,7,康和-台南,2024-08-20,8458
2891,中信金,89,2,87,康和-台南,2024-08-21,8458
6274,台燿,62,0,62,康和-台南,2024-08-21,8458
3047,訊舟,71,19,52,康和-台南,2024-08-21,8458
3594,磐儀,50,0,50,康和-台南,2024-08-21,8458
2609,陽明,43,2,41,康和-台南,2024-08-21,8458
00878,國泰永續高股息,40,0,40,康和-台南,2024-08-21,8458
00929,復華台灣科技優息,42,11,31,康和-台南,2024-08-21,8458
2409,友達,36,5,31,康和-台南,2024-08-21,8458
00948B,中信優息投資級債,30,0,30,康和-台南,2024-08-21,8458
2428,興勤,30,0,30,康和-台南,2024-08-21,8458
6770,力積電,30,0,30,康和-台南,2024-08-21,8458
2606,裕民,33,7,26,康和-台南,2024-08-21,8458
3189,景碩,21,0,21,康和-台南,2024-08-21,8458
2605,新興,20,0,20,康和-台南,2024-08-21,8458
2905,三商,20,0,20,康和-台南,2024-08-21,8458
00687B,國泰20年美債,18,1,17,康和-台南,2024-08-21,8458
8011,台通,17,0,17,康和-台南,2024-08-21,8458
8043,蜜望實,42,25,17,康和-台南,2024-08-21,8458
1304,台聚,15,0,15,康和-台南,2024-08-21,8458
3673,TPK-KY,20,5,15,康和-台南,2024-08-21,8458
4720,德淵,15,0,15,康和-台南,2024-08-21,8458
00919,群益台灣精選高息,15,0,15,康和-台南,2024-08-21,8458
2312,金寶,15,1,14,康和-台南,2024-08-21,8458
2331,精英,22,8,14,康和-台南,2024-08-21,8458
8054,安國,15,2,13,康和-台南,2024-08-21,8458
3037,欣興,14,2,12,康和-台南,2024-08-21,8458
2543,皇昌,11,0,11,康和-台南,2024-08-21,8458
3535,晶彩科,21,10,11,康和-台南,2024-08-21,8458
2317,鴻海,17,6,11,康和-台南,2024-08-21,8458
8096,擎亞,30,20,10,康和-台南,2024-08-21,8458
3036,文曄,10,0,10,康和-台南,2024-08-21,8458
00940,元大台灣價值高息,9,0,9,康和-台南,2024-08-21,8458
3048,益登,12,3,9,康和-台南,2024-08-21,8458
3163,波若威,12,3,9,康和-台南,2024-08-21,8458
3202,樺晟,10,1,9,康和-台南,2024-08-21,8458
3715,定穎投控,10,1,9,康和-台南,2024-08-21,8458
2801,彰銀,8,0,8,康和-台南,2024-08-21,8458
2359,所羅門,9,1,8,康和-台南,2024-08-21,8458
2376,技嘉,11,3,8,康和-台南,2024-08-21,8458
2344,華邦電,10,2,8,康和-台南,2024-08-21,8458
00933B,國泰10Y+金融債,8,0,8,康和-台南,2024-08-21,8458
00923,群益台ESG低碳50,7,0,7,康和-台南,2024-08-21,8458
2349,錸德,17,10,7,康和-台南,2024-08-21,8458
2363,矽統,10,3,7,康和-台南,2024-08-21,8458
4160,訊聯基因,7,0,7,康和-台南,2024-08-21,8458
2313,華通,9,3,6,康和-台南,2024-08-21,8458
2323,中環,16,10,6,康和-台南,2024-08-21,8458
2356,英業達,7,1,6,康和-台南,2024-08-21,8458
2421,建準,7,1,6,康和-台南,2024-08-21,8458
3088,艾訊,6,0,6,康和-台南,2024-08-21,8458
2062,橋椿,109,8,101,康和-台南,2024-08-22,8458
2618,長榮航,60,0,60,康和-台南,2024-08-22,8458
2537,聯上發,58,1,57,康和-台南,2024-08-22,8458
2107,厚生,45,0,45,康和-台南,2024-08-22,8458
3052,夆典,40,0,40,康和-台南,2024-08-22,8458
1416,廣豐,60,23,37,康和-台南,2024-08-22,8458
2891,中信金,52,18,34,康和-台南,2024-08-22,8458
2349,錸德,57,26,31,康和-台南,2024-08-22,8458
00687B,國泰20年美債,142,120,22,康和-台南,2024-08-22,8458
5443,均豪,27,6,21,康和-台南,2024-08-22,8458
2428,興勤,20,0,20,康和-台南,2024-08-22,8458
2317,鴻海,33,16,17,康和-台南,2024-08-22,8458
3011,今皓,16,0,16,康和-台南,2024-08-22,8458
3518,柏騰,17,1,16,康和-台南,2024-08-22,8458
00936,台新永續高息中小,17,2,15,康和-台南,2024-08-22,8458
00953B,群益優選非投等債,25,10,15,康和-台南,2024-08-22,8458
00715L,期街口布蘭特正2,15,0,15,康和-台南,2024-08-22,8458
1584,精剛,20,5,15,康和-台南,2024-08-22,8458
1314,中石化,24,10,14,康和-台南,2024-08-22,8458
00679B,元大美債20年,12,0,12,康和-台南,2024-08-22,8458
6216,居易,11,0,11,康和-台南,2024-08-22,8458
1785,光洋科,19,9,10,康和-台南,2024-08-22,8458
00940,元大台灣價值高息,10,0,10,康和-台南,2024-08-22,8458
00948B,中信優息投資級債,10,0,10,康和-台南,2024-08-22,8458
1307,三芳,10,0,10,康和-台南,2024-08-22,8458
1717,長興,18,8,10,康和-台南,2024-08-22,8458
2368,金像電,10,0,10,康和-台南,2024-08-22,8458
2905,三商,10,0,10,康和-台南,2024-08-22,8458
4561,健椿,14,4,10,康和-台南,2024-08-22,8458
5009,榮剛,11,1,10,康和-台南,2024-08-22,8458
6235,華孚,10,0,10,康和-台南,2024-08-22,8458
00881,國泰台灣5G+,10,1,9,康和-台南,2024-08-22,8458
4109,加捷生醫,10,1,9,康和-台南,2024-08-22,8458
2890,永豐金,9,1,8,康和-台南,2024-08-22,8458
2340,台亞,9,1,8,康和-台南,2024-08-22,8458
4532,瑞智,8,0,8,康和-台南,2024-08-22,8458
2881,富邦金,12,5,7,康和-台南,2024-08-22,8458
1809,中釉,7,0,7,康和-台南,2024-08-22,8458
6667,信紘科,7,0,7,康和-台南,2024-08-22,8458
9945,潤泰新,7,0,7,康和-台南,2024-08-22,8458
1522,堤維西,7,1,6,康和-台南,2024-08-22,8458
8054,安國,8,2,6,康和-台南,2024-08-22,8458
3312,弘憶股,6,1,5,康和-台南,2024-08-22,8458
00671R,富邦NASDAQ反1,5,0,5,康和-台南,2024-08-22,8458
2365,昆盈,12,7,5,康和-台南,2024-08-22,8458
2472,立隆電,5,0,5,康和-台南,2024-08-22,8458
2520,冠德,5,0,5,康和-台南,2024-08-22,8458
3491,昇達科,5,0,5,康和-台南,2024-08-22,8458
3597,映興,5,0,5,康和-台南,2024-08-22,8458
3663,鑫科,8,3,5,康和-台南,2024-08-22,8458
1314,中石化,313,23,290,康和-台南,2024-08-23,8458
2208,台船,212,11,201,康和-台南,2024-08-23,8458
00680L,元大美債20正2,153,0,153,康和-台南,2024-08-23,8458
6770,力積電,83,15,68,康和-台南,2024-08-23,8458
1710,東聯,50,0,50,康和-台南,2024-08-23,8458
00937B,群益ESG投等債20,43,0,43,康和-台南,2024-08-23,8458
00929,復華台灣科技優息,53,11,42,康和-台南,2024-08-23,8458
2891,中信金,43,3,40,康和-台南,2024-08-23,8458
00948B,中信優息投資級債,40,0,40,康和-台南,2024-08-23,8458
1326,台化,43,5,38,康和-台南,2024-08-23,8458
8064,東捷,82,48,34,康和-台南,2024-08-23,8458
1460,宏遠,33,0,33,康和-台南,2024-08-23,8458
2887,台新金,41,10,31,康和-台南,2024-08-23,8458
3189,景碩,27,2,25,康和-台南,2024-08-23,8458
6274,台燿,25,1,24,康和-台南,2024-08-23,8458
00953B,群益優選非投等債,21,0,21,康和-台南,2024-08-23,8458
2349,錸德,105,85,20,康和-台南,2024-08-23,8458
2363,矽統,23,7,16,康和-台南,2024-08-23,8458
00687B,國泰20年美債,55,40,15,康和-台南,2024-08-23,8458
9945,潤泰新,15,0,15,康和-台南,2024-08-23,8458
00919,群益台灣精選高息,13,0,13,康和-台南,2024-08-23,8458
1721,三晃,45,35,10,康和-台南,2024-08-23,8458
2615,萬海,11,1,10,康和-台南,2024-08-23,8458
5009,榮剛,10,0,10,康和-台南,2024-08-23,8458
5864,致和證,10,0,10,康和-台南,2024-08-23,8458
6288,聯嘉,10,0,10,康和-台南,2024-08-23,8458
8046,南電,10,0,10,康和-台南,2024-08-23,8458
8070,長華*,13,3,10,康和-台南,2024-08-23,8458
2204,中華,9,0,9,康和-台南,2024-08-23,8458
1584,精剛,11,2,9,康和-台南,2024-08-23,8458
4903,聯光通,8,0,8,康和-台南,2024-08-23,8458
2382,廣達,10,3,7,康和-台南,2024-08-23,8458
8096,擎亞,12,5,7,康和-台南,2024-08-23,8458
2365,昆盈,9,2,7,康和-台南,2024-08-23,8458
5309,系統電,7,0,7,康和-台南,2024-08-23,8458
2801,彰銀,6,0,6,康和-台南,2024-08-23,8458
2303,聯電,10,4,6,康和-台南,2024-08-23,8458
3047,訊舟,11,5,6,康和-台南,2024-08-23,8458
00878,國泰永續高股息,10,4,6,康和-台南,2024-08-23,8458
2317,鴻海,11,5,6,康和-台南,2024-08-23,8458
2885,元大金,5,0,5,康和-台南,2024-08-23,8458
00671R,富邦NASDAQ反1,5,0,5,康和-台南,2024-08-23,8458
00947,台新臺灣IC設計,5,0,5,康和-台南,2024-08-23,8458
1409,新纖,6,1,5,康和-台南,2024-08-23,8458
1529,樂事綠能,5,0,5,康和-台南,2024-08-23,8458
1540,喬福,6,1,5,康和-台南,2024-08-23,8458
1708,東鹼,6,1,5,康和-台南,2024-08-23,8458
1815,富喬,5,0,5,康和-台南,2024-08-23,8458
2356,英業達,5,0,5,康和-台南,2024-08-23,8458
3322,建舜電,5,0,5,康和-台南,2024-08-23,8458
2888,新光金,1240,545,695,康和-台南,2024-08-26,8458
2208,台船,82,0,82,康和-台南,2024-08-26,8458
2409,友達,75,14,61,康和-台南,2024-08-26,8458
1711,永光,59,16,43,康和-台南,2024-08-26,8458
00953B,群益優選非投等債,35,0,35,康和-台南,2024-08-26,8458
2401,凌陽,34,0,34,康和-台南,2024-08-26,8458
1314,中石化,37,7,30,康和-台南,2024-08-26,8458
00772B,中信高評級公司債,25,0,25,康和-台南,2024-08-26,8458
2492,華新科,25,1,24,康和-台南,2024-08-26,8458
00795B,中信美國公債20年,128,106,22,康和-台南,2024-08-26,8458
6548,長科*,24,2,22,康和-台南,2024-08-26,8458
1444,力麗,20,0,20,康和-台南,2024-08-26,8458
00687B,國泰20年美債,59,40,19,康和-台南,2024-08-26,8458
00900,富邦特選高股息30,21,3,18,康和-台南,2024-08-26,8458
3597,映興,17,0,17,康和-台南,2024-08-26,8458
1409,新纖,66,51,15,康和-台南,2024-08-26,8458
2323,中環,13,0,13,康和-台南,2024-08-26,8458
2706,第一店,12,0,12,康和-台南,2024-08-26,8458
4561,健椿,14,2,12,康和-台南,2024-08-26,8458
6451,訊芯-KY,11,0,11,康和-台南,2024-08-26,8458
2881,富邦金,12,1,11,康和-台南,2024-08-26,8458
00671R,富邦NASDAQ反1,10,0,10,康和-台南,2024-08-26,8458
2006,東和鋼鐵,10,0,10,康和-台南,2024-08-26,8458
3576,聯合再生,10,0,10,康和-台南,2024-08-26,8458
5871,中租-KY,10,0,10,康和-台南,2024-08-26,8458
6016,康和證,10,0,10,康和-台南,2024-08-26,8458
6274,台燿,11,1,10,康和-台南,2024-08-26,8458
1316,上曜,9,0,9,康和-台南,2024-08-26,8458
1584,精剛,9,0,9,康和-台南,2024-08-26,8458
2511,太子,9,0,9,康和-台南,2024-08-26,8458
2363,矽統,16,7,9,康和-台南,2024-08-26,8458
1605,華新,15,7,8,康和-台南,2024-08-26,8458
2377,微星,16,8,8,康和-台南,2024-08-26,8458
2376,技嘉,24,17,7,康和-台南,2024-08-26,8458
2317,鴻海,17,11,6,康和-台南,2024-08-26,8458
3312,弘憶股,7,1,6,康和-台南,2024-08-26,8458
2382,廣達,13,7,6,康和-台南,2024-08-26,8458
2537,聯上發,8,2,6,康和-台南,2024-08-26,8458
2851,中再保,6,0,6,康和-台南,2024-08-26,8458
6127,九豪,6,0,6,康和-台南,2024-08-26,8458
0056,元大高股息,5,0,5,康和-台南,2024-08-26,8458
2002,中鋼,5,0,5,康和-台南,2024-08-26,8458
2331,精英,9,4,5,康和-台南,2024-08-26,8458
2355,敬鵬,5,0,5,康和-台南,2024-08-26,8458
2383,台光電,6,1,5,康和-台南,2024-08-26,8458
2486,一詮,5,0,5,康和-台南,2024-08-26,8458
2701,萬企,5,0,5,康和-台南,2024-08-26,8458
3260,威剛,6,1,5,康和-台南,2024-08-26,8458
3702,大聯大,5,0,5,康和-台南,2024-08-26,8458
4551,智伸科,5,0,5,康和-台南,2024-08-26,8458
00679B,元大美債20年,68,0,68,康和-台南,2024-08-27,8458
1409,新纖,66,2,64,康和-台南,2024-08-27,8458
2208,台船,62,14,48,康和-台南,2024-08-27,8458
2891,中信金,71,26,45,康和-台南,2024-08-27,8458
00687B,國泰20年美債,51,15,36,康和-台南,2024-08-27,8458
00934,中信成長高股息,35,0,35,康和-台南,2024-08-27,8458
3481,群創,75,41,34,康和-台南,2024-08-27,8458
00878,國泰永續高股息,32,0,32,康和-台南,2024-08-27,8458
00948B,中信優息投資級債,30,0,30,康和-台南,2024-08-27,8458
2897,王道銀行,30,0,30,康和-台南,2024-08-27,8458
2606,裕民,30,3,27,康和-台南,2024-08-27,8458
6143,振曜,23,0,23,康和-台南,2024-08-27,8458
2371,大同,21,1,20,康和-台南,2024-08-27,8458
2542,興富發,20,0,20,康和-台南,2024-08-27,8458
6548,長科*,24,6,18,康和-台南,2024-08-27,8458
8027,鈦昇,18,2,16,康和-台南,2024-08-27,8458
5469,瀚宇博,14,0,14,康和-台南,2024-08-27,8458
8028,昇陽半導體,30,16,14,康和-台南,2024-08-27,8458
8070,長華*,32,20,12,康和-台南,2024-08-27,8458
00642U,期元大S＆P石油,11,0,11,康和-台南,2024-08-27,8458
2365,昆盈,13,2,11,康和-台南,2024-08-27,8458
6133,金橋,11,0,11,康和-台南,2024-08-27,8458
2495,普安,12,2,10,康和-台南,2024-08-27,8458
2880,華南金,10,0,10,康和-台南,2024-08-27,8458
3019,亞光,14,4,10,康和-台南,2024-08-27,8458
3036,文曄,10,0,10,康和-台南,2024-08-27,8458
5009,榮剛,10,1,9,康和-台南,2024-08-27,8458
2399,映泰,13,4,9,康和-台南,2024-08-27,8458
2615,萬海,10,1,9,康和-台南,2024-08-27,8458
3580,友威科,15,7,8,康和-台南,2024-08-27,8458
4726,永昕,8,0,8,康和-台南,2024-08-27,8458
1584,精剛,11,4,7,康和-台南,2024-08-27,8458
2609,陽明,9,3,6,康和-台南,2024-08-27,8458
00939,統一台灣高息動能,6,0,6,康和-台南,2024-08-27,8458
1609,大亞,6,0,6,康和-台南,2024-08-27,8458
2002,中鋼,6,0,6,康和-台南,2024-08-27,8458
2368,金像電,6,0,6,康和-台南,2024-08-27,8458
2605,新興,10,4,6,康和-台南,2024-08-27,8458
3062,建漢,6,0,6,康和-台南,2024-08-27,8458
2382,廣達,9,3,6,康和-台南,2024-08-27,8458
2317,鴻海,7,2,5,康和-台南,2024-08-27,8458
2498,宏達電,6,1,5,康和-台南,2024-08-27,8458
00945B,凱基美國非投等債,5,0,5,康和-台南,2024-08-27,8458
00922,國泰台灣領袖50,5,0,5,康和-台南,2024-08-27,8458
00882,中信中國高股息,5,0,5,康和-台南,2024-08-27,8458
00671R,富邦NASDAQ反1,5,0,5,康和-台南,2024-08-27,8458
1611,中電,5,0,5,康和-台南,2024-08-27,8458
1905,華紙,5,0,5,康和-台南,2024-08-27,8458
2034,允強,5,0,5,康和-台南,2024-08-27,8458
2402,毅嘉,16,11,5,康和-台南,2024-08-27,8458
00637L,元大滬深300正2,100,0,100,康和-台南,2024-08-28,8458
2897,王道銀行,70,0,70,康和-台南,2024-08-28,8458
2312,金寶,42,0,42,康和-台南,2024-08-28,8458
2606,裕民,30,0,30,康和-台南,2024-08-28,8458
2409,友達,34,7,27,康和-台南,2024-08-28,8458
6143,振曜,28,6,22,康和-台南,2024-08-28,8458
3062,建漢,23,5,18,康和-台南,2024-08-28,8458
1597,直得,20,3,17,康和-台南,2024-08-28,8458
3231,緯創,18,1,17,康和-台南,2024-08-28,8458
2888,新光金,31,15,16,康和-台南,2024-08-28,8458
2402,毅嘉,32,16,16,康和-台南,2024-08-28,8458
2481,強茂,16,1,15,康和-台南,2024-08-28,8458
6596,寬宏藝術,15,0,15,康和-台南,2024-08-28,8458
4533,協易機,15,1,14,康和-台南,2024-08-28,8458
4534,慶騰,14,0,14,康和-台南,2024-08-28,8458
2356,英業達,13,0,13,康和-台南,2024-08-28,8458
6274,台燿,18,5,13,康和-台南,2024-08-28,8458
2542,興富發,13,0,13,康和-台南,2024-08-28,8458
8932,智通*,12,0,12,康和-台南,2024-08-28,8458
3597,映興,11,0,11,康和-台南,2024-08-28,8458
3715,定穎投控,11,0,11,康和-台南,2024-08-28,8458
2886,兆豐金,10,0,10,康和-台南,2024-08-28,8458
1319,東陽,10,0,10,康和-台南,2024-08-28,8458
1314,中石化,10,0,10,康和-台南,2024-08-28,8458
00936,台新永續高息中小,10,0,10,康和-台南,2024-08-28,8458
00934,中信成長高股息,10,0,10,康和-台南,2024-08-28,8458
2905,三商,10,0,10,康和-台南,2024-08-28,8458
3535,晶彩科,16,6,10,康和-台南,2024-08-28,8458
6271,同欣電,10,0,10,康和-台南,2024-08-28,8458
1540,喬福,27,17,10,康和-台南,2024-08-28,8458
3374,精材,10,1,9,康和-台南,2024-08-28,8458
3010,華立,10,1,9,康和-台南,2024-08-28,8458
2030,彰源,8,0,8,康和-台南,2024-08-28,8458
3303,岱稜,8,0,8,康和-台南,2024-08-28,8458
3689,湧德,9,1,8,康和-台南,2024-08-28,8458
8039,台虹,8,2,6,康和-台南,2024-08-28,8458
4763,材料-KY,6,0,6,康和-台南,2024-08-28,8458
1714,和桐,6,0,6,康和-台南,2024-08-28,8458
1717,長興,7,1,6,康和-台南,2024-08-28,8458
2489,瑞軒,8,2,6,康和-台南,2024-08-28,8458
3522,御嵿,6,0,6,康和-台南,2024-08-28,8458
4903,聯光通,6,0,6,康和-台南,2024-08-28,8458
4908,前鼎,8,2,6,康和-台南,2024-08-28,8458
6290,良維,6,0,6,康和-台南,2024-08-28,8458
1785,光洋科,7,1,6,康和-台南,2024-08-28,8458
2801,彰銀,5,0,5,康和-台南,2024-08-28,8458
2891,中信金,21,15,6,康和-台南,2024-08-28,8458
00937B,群益ESG投等債20,5,0,5,康和-台南,2024-08-28,8458
5484,慧友,6,1,5,康和-台南,2024-08-28,8458
1815,富喬,5,0,5,康和-台南,2024-08-28,8458
2888,新光金,70,6,64,康和-台南,2024-08-29,8458
2323,中環,40,0,40,康和-台南,2024-08-29,8458
2368,金像電,40,0,40,康和-台南,2024-08-29,8458
3019,亞光,42,12,30,康和-台南,2024-08-29,8458
00687B,國泰20年美債,52,25,27,康和-台南,2024-08-29,8458
2883,凱基金,26,0,26,康和-台南,2024-08-29,8458
8111,立��,32,10,22,康和-台南,2024-08-29,8458
1569,濱川,20,0,20,康和-台南,2024-08-29,8458
2617,台航,20,0,20,康和-台南,2024-08-29,8458
2886,兆豐金,20,0,20,康和-台南,2024-08-29,8458
2891,中信金,23,4,19,康和-台南,2024-08-29,8458
3062,建漢,84,67,17,康和-台南,2024-08-29,8458
2881,富邦金,15,0,15,康和-台南,2024-08-29,8458
2610,華航,15,0,15,康和-台南,2024-08-29,8458
3550,聯穎,15,0,15,康和-台南,2024-08-29,8458
3481,群創,33,20,13,康和-台南,2024-08-29,8458
1316,上曜,15,4,11,康和-台南,2024-08-29,8458
3147,大綜,11,0,11,康和-台南,2024-08-29,8458
3450,聯鈞,29,18,11,康和-台南,2024-08-29,8458
3580,友威科,25,14,11,康和-台南,2024-08-29,8458
1535,中宇,10,0,10,康和-台南,2024-08-29,8458
2455,全新,10,0,10,康和-台南,2024-08-29,8458
2374,佳能,14,4,10,康和-台南,2024-08-29,8458
2383,台光電,10,1,9,康和-台南,2024-08-29,8458
2882,國泰金,10,1,9,康和-台南,2024-08-29,8458
3149,正達,14,5,9,康和-台南,2024-08-29,8458
6869,雲豹能源,10,1,9,康和-台南,2024-08-29,8458
00937B,群益ESG投等債20,8,0,8,康和-台南,2024-08-29,8458
2371,大同,10,2,8,康和-台南,2024-08-29,8458
1314,中石化,23,15,8,康和-台南,2024-08-29,8458
3437,榮創,20,12,8,康和-台南,2024-08-29,8458
2330,台積電,9,2,7,康和-台南,2024-08-29,8458
1727,中華化,9,2,7,康和-台南,2024-08-29,8458
5215,科嘉-KY,8,1,7,康和-台南,2024-08-29,8458
5905,南仁湖,7,0,7,康和-台南,2024-08-29,8458
2887,台新金,7,1,6,康和-台南,2024-08-29,8458
2382,廣達,8,2,6,康和-台南,2024-08-29,8458
00922,國泰台灣領袖50,6,0,6,康和-台南,2024-08-29,8458
2317,鴻海,12,7,5,康和-台南,2024-08-29,8458
00671R,富邦NASDAQ反1,5,0,5,康和-台南,2024-08-29,8458
00857B,永豐20年美公債,5,0,5,康和-台南,2024-08-29,8458
1721,三晃,10,5,5,康和-台南,2024-08-29,8458
2034,允強,5,0,5,康和-台南,2024-08-29,8458
2062,橋椿,5,0,5,康和-台南,2024-08-29,8458
2913,農林,5,0,5,康和-台南,2024-08-29,8458
3591,艾笛森,5,0,5,康和-台南,2024-08-29,8458
5009,榮剛,5,0,5,康和-台南,2024-08-29,8458
5388,中磊,5,0,5,康和-台南,2024-08-29,8458
5512,力麒,5,0,5,康和-台南,2024-08-29,8458
6405,悅城,5,0,5,康和-台南,2024-08-29,8458
00680L,元大美債20正2,123,0,123,康和-台南,2024-08-30,8458
1711,永光,136,46,90,康和-台南,2024-08-30,8458
2618,長榮航,143,68,75,康和-台南,2024-08-30,8458
1217,愛之味,71,1,70,康和-台南,2024-08-30,8458
2367,燿華,58,12,46,康和-台南,2024-08-30,8458
2368,金像電,40,0,40,康和-台南,2024-08-30,8458
3481,群創,59,25,34,康和-台南,2024-08-30,8458
2317,鴻海,33,0,33,康和-台南,2024-08-30,8458
3357,臺慶科,30,0,30,康和-台南,2024-08-30,8458
2801,彰銀,30,0,30,康和-台南,2024-08-30,8458
1584,精剛,35,7,28,康和-台南,2024-08-30,8458
00679B,元大美債20年,26,0,26,康和-台南,2024-08-30,8458
1785,光洋科,54,31,23,康和-台南,2024-08-30,8458
2340,台亞,22,0,22,康和-台南,2024-08-30,8458
00937B,群益ESG投等債20,24,4,20,康和-台南,2024-08-30,8458
2641,正德,20,0,20,康和-台南,2024-08-30,8458
3062,建漢,25,8,17,康和-台南,2024-08-30,8458
00665L,富邦�琤肭磪囓�2,15,0,15,康和-台南,2024-08-30,8458
4526,東台,76,62,14,康和-台南,2024-08-30,8458
8107,大億金茂,13,0,13,康和-台南,2024-08-30,8458
2891,中信金,12,0,12,康和-台南,2024-08-30,8458
5443,均豪,19,7,12,康和-台南,2024-08-30,8458
3147,大綜,16,5,11,康和-台南,2024-08-30,8458
2882,國泰金,11,0,11,康和-台南,2024-08-30,8458
00751B,元大AAA至A公司債,10,0,10,康和-台南,2024-08-30,8458
00688L,國泰20年美債正2,10,0,10,康和-台南,2024-08-30,8458
2313,華通,22,12,10,康和-台南,2024-08-30,8458
2605,新興,11,1,10,康和-台南,2024-08-30,8458
2832,台產,10,0,10,康和-台南,2024-08-30,8458
3066,李洲,10,0,10,康和-台南,2024-08-30,8458
6743,安普新,13,4,9,康和-台南,2024-08-30,8458
2383,台光電,15,7,8,康和-台南,2024-08-30,8458
2486,一詮,9,1,8,康和-台南,2024-08-30,8458
3019,亞光,13,6,7,康和-台南,2024-08-30,8458
00687B,國泰20年美債,37,30,7,康和-台南,2024-08-30,8458
2409,友達,15,8,7,康和-台南,2024-08-30,8458
3535,晶彩科,7,1,6,康和-台南,2024-08-30,8458
3015,全漢,6,0,6,康和-台南,2024-08-30,8458
3284,太普高,6,0,6,康和-台南,2024-08-30,8458
3356,奇偶,7,1,6,康和-台南,2024-08-30,8458
3715,定穎投控,6,0,6,康和-台南,2024-08-30,8458
4160,訊聯基因,6,0,6,康和-台南,2024-08-30,8458
00959B,大華投等美債15Y+,5,0,5,康和-台南,2024-08-30,8458
00720B,元大投資級公司債,5,0,5,康和-台南,2024-08-30,8458
1540,喬福,9,4,5,康和-台南,2024-08-30,8458
2461,光群雷,5,0,5,康和-台南,2024-08-30,8458
2886,兆豐金,5,0,5,康和-台南,2024-08-30,8458
4711,永純,5,0,5,康和-台南,2024-08-30,8458
4974,亞泰,5,0,5,康和-台南,2024-08-30,8458
4989,榮科,5,0,5,康和-台南,2024-08-30,8458
6770,力積電,77,16,61,康和-台南,2024-09-02,8458
2867,三商壽,60,0,60,康和-台南,2024-09-02,8458
00637L,元大滬深300正2,110,60,50,康和-台南,2024-09-02,8458
1711,永光,71,22,49,康和-台南,2024-09-02,8458
4979,華星光,42,0,42,康和-台南,2024-09-02,8458
1326,台化,41,0,41,康和-台南,2024-09-02,8458
00680L,元大美債20正2,40,0,40,康和-台南,2024-09-02,8458
1305,華夏,30,0,30,康和-台南,2024-09-02,8458
2606,裕民,30,0,30,康和-台南,2024-09-02,8458
1217,愛之味,25,0,25,康和-台南,2024-09-02,8458
2881,富邦金,31,6,25,康和-台南,2024-09-02,8458
1416,廣豐,23,0,23,康和-台南,2024-09-02,8458
3036,文曄,22,0,22,康和-台南,2024-09-02,8458
00936,台新永續高息中小,21,0,21,康和-台南,2024-09-02,8458
2367,燿華,44,23,21,康和-台南,2024-09-02,8458
00715L,期街口布蘭特正2,19,0,19,康和-台南,2024-09-02,8458
2313,華通,23,4,19,康和-台南,2024-09-02,8458
8070,長華*,34,15,19,康和-台南,2024-09-02,8458
2104,國際中橡,14,0,14,康和-台南,2024-09-02,8458
6197,佳必琪,31,17,14,康和-台南,2024-09-02,8458
8039,台虹,15,1,14,康和-台南,2024-09-02,8458
1540,喬福,32,18,14,康和-台南,2024-09-02,8458
1314,中石化,23,10,13,康和-台南,2024-09-02,8458
2801,彰銀,13,0,13,康和-台南,2024-09-02,8458
5386,青雲,13,0,13,康和-台南,2024-09-02,8458
3066,李洲,12,0,12,康和-台南,2024-09-02,8458
2892,第一金,11,0,11,康和-台南,2024-09-02,8458
6213,聯茂,16,5,11,康和-台南,2024-09-02,8458
00919,群益台灣精選高息,12,1,11,康和-台南,2024-09-02,8458
00642U,期元大S＆P石油,10,0,10,康和-台南,2024-09-02,8458
00959B,大華投等美債15Y+,10,0,10,康和-台南,2024-09-02,8458
2368,金像電,11,1,10,康和-台南,2024-09-02,8458
2611,志信,10,0,10,康和-台南,2024-09-02,8458
4532,瑞智,10,0,10,康和-台南,2024-09-02,8458
1316,上曜,11,2,9,康和-台南,2024-09-02,8458
2537,聯上發,9,0,9,康和-台南,2024-09-02,8458
3437,榮創,9,0,9,康和-台南,2024-09-02,8458
6451,訊芯-KY,13,4,9,康和-台南,2024-09-02,8458
1303,南亞,8,0,8,康和-台南,2024-09-02,8458
1722,台肥,8,0,8,康和-台南,2024-09-02,8458
2347,聯強,8,0,8,康和-台南,2024-09-02,8458
6548,長科*,8,0,8,康和-台南,2024-09-02,8458
00878,國泰永續高股息,8,1,7,康和-台南,2024-09-02,8458
3149,正達,15,8,7,康和-台南,2024-09-02,8458
1530,亞崴,7,0,7,康和-台南,2024-09-02,8458
1608,華榮,7,0,7,康和-台南,2024-09-02,8458
4303,信立,7,0,7,康和-台南,2024-09-02,8458
5498,凱崴,9,2,7,康和-台南,2024-09-02,8458
6505,台塑化,8,1,7,康和-台南,2024-09-02,8458
8028,昇陽半導體,8,2,6,康和-台南,2024-09-02,8458
1416,廣豐,90,0,90,康和-台南,2024-09-03,8458
00688L,國泰20年美債正2,66,0,66,康和-台南,2024-09-03,8458
2867,三商壽,60,0,60,康和-台南,2024-09-03,8458
2834,臺企銀,59,5,54,康和-台南,2024-09-03,8458
1326,台化,40,0,40,康和-台南,2024-09-03,8458
1584,精剛,40,1,39,康和-台南,2024-09-03,8458
2104,國際中橡,39,0,39,康和-台南,2024-09-03,8458
00929,復華台灣科技優息,49,12,37,康和-台南,2024-09-03,8458
2891,中信金,46,10,36,康和-台南,2024-09-03,8458
00878,國泰永續高股息,31,1,30,康和-台南,2024-09-03,8458
00948B,中信優息投資級債,30,0,30,康和-台南,2024-09-03,8458
1305,華夏,30,0,30,康和-台南,2024-09-03,8458
1539,巨庭,30,0,30,康和-台南,2024-09-03,8458
2606,裕民,30,0,30,康和-台南,2024-09-03,8458
2323,中環,25,0,25,康和-台南,2024-09-03,8458
8103,瀚荃,26,1,25,康和-台南,2024-09-03,8458
1711,永光,65,42,23,康和-台南,2024-09-03,8458
00919,群益台灣精選高息,21,0,21,康和-台南,2024-09-03,8458
00706L,期元大S＆P日圓正2,20,0,20,康和-台南,2024-09-03,8458
3357,臺慶科,20,0,20,康和-台南,2024-09-03,8458
3189,景碩,21,2,19,康和-台南,2024-09-03,8458
3047,訊舟,18,0,18,康和-台南,2024-09-03,8458
1460,宏遠,17,0,17,康和-台南,2024-09-03,8458
6143,振曜,19,2,17,康和-台南,2024-09-03,8458
6863,永道-KY,17,0,17,康和-台南,2024-09-03,8458
2365,昆盈,22,6,16,康和-台南,2024-09-03,8458
4906,正文,28,13,15,康和-台南,2024-09-03,8458
2882,國泰金,22,7,15,康和-台南,2024-09-03,8458
2515,中工,14,0,14,康和-台南,2024-09-03,8458
4566,時碩工業,16,2,14,康和-台南,2024-09-03,8458
6197,佳必琪,16,2,14,康和-台南,2024-09-03,8458
6213,聯茂,13,1,12,康和-台南,2024-09-03,8458
00918,大華優利高填息30,11,0,11,康和-台南,2024-09-03,8458
00687B,國泰20年美債,21,10,11,康和-台南,2024-09-03,8458
2363,矽統,11,0,11,康和-台南,2024-09-03,8458
4979,華星光,11,0,11,康和-台南,2024-09-03,8458
00943,兆豐電子高息等權,10,0,10,康和-台南,2024-09-03,8458
3048,益登,10,0,10,康和-台南,2024-09-03,8458
00951,台新日本半導體,9,0,9,康和-台南,2024-09-03,8458
1609,大亞,8,0,8,康和-台南,2024-09-03,8458
2408,南亞科,20,12,8,康和-台南,2024-09-03,8458
2884,玉山金,8,0,8,康和-台南,2024-09-03,8458
3031,佰鴻,7,0,7,康和-台南,2024-09-03,8458
00915,凱基優選高股息30,6,0,6,康和-台南,2024-09-03,8458
3013,晟銘電,10,4,6,康和-台南,2024-09-03,8458
8028,昇陽半導體,11,5,6,康和-台南,2024-09-03,8458
2002,中鋼,5,0,5,康和-台南,2024-09-03,8458
3481,群創,12,7,5,康和-台南,2024-09-03,8458
3037,欣興,8,3,5,康和-台南,2024-09-03,8458
2885,元大金,5,0,5,康和-台南,2024-09-03,8458
2891,中信金,117,2,115,康和-台南,2024-09-04,8458
3481,群創,107,14,93,康和-台南,2024-09-04,8458
00929,復華台灣科技優息,70,0,70,康和-台南,2024-09-04,8458
2882,國泰金,63,4,59,康和-台南,2024-09-04,8458
00878,國泰永續高股息,73,15,58,康和-台南,2024-09-04,8458
2618,長榮航,210,155,55,康和-台南,2024-09-04,8458
00919,群益台灣精選高息,64,10,54,康和-台南,2024-09-04,8458
00631L,元大台灣50正2,57,4,53,康和-台南,2024-09-04,8458
00918,大華優利高填息30,48,0,48,康和-台南,2024-09-04,8458
2905,三商,45,0,45,康和-台南,2024-09-04,8458
4303,信立,47,3,44,康和-台南,2024-09-04,8458
2883,凱基金,43,1,42,康和-台南,2024-09-04,8458
00940,元大台灣價值高息,37,1,36,康和-台南,2024-09-04,8458
3362,先進光,30,0,30,康和-台南,2024-09-04,8458
2617,台航,30,0,30,康和-台南,2024-09-04,8458
8091,翔名,30,0,30,康和-台南,2024-09-04,8458
2303,聯電,32,3,29,康和-台南,2024-09-04,8458
6197,佳必琪,27,2,25,康和-台南,2024-09-04,8458
2892,第一金,23,0,23,康和-台南,2024-09-04,8458
00900,富邦特選高股息30,21,0,21,康和-台南,2024-09-04,8458
1907,永豐餘,21,0,21,康和-台南,2024-09-04,8458
2832,台產,20,0,20,康和-台南,2024-09-04,8458
3052,夆典,20,0,20,康和-台南,2024-09-04,8458
0056,元大高股息,19,0,19,康和-台南,2024-09-04,8458
2317,鴻海,35,16,19,康和-台南,2024-09-04,8458
2464,盟立,18,1,17,康和-台南,2024-09-04,8458
5386,青雲,16,0,16,康和-台南,2024-09-04,8458
3037,欣興,18,3,15,康和-台南,2024-09-04,8458
3062,建漢,25,10,15,康和-台南,2024-09-04,8458
1815,富喬,14,0,14,康和-台南,2024-09-04,8458
2312,金寶,14,0,14,康和-台南,2024-09-04,8458
2356,英業達,15,1,14,康和-台南,2024-09-04,8458
8011,台通,14,0,14,康和-台南,2024-09-04,8458
2382,廣達,17,3,14,康和-台南,2024-09-04,8458
2330,台積電,22,8,14,康和-台南,2024-09-04,8458
2402,毅嘉,31,17,14,康和-台南,2024-09-04,8458
1301,台塑,13,0,13,康和-台南,2024-09-04,8458
2367,燿華,56,45,11,康和-台南,2024-09-04,8458
5871,中租-KY,11,0,11,康和-台南,2024-09-04,8458
00715L,期街口布蘭特正2,11,0,11,康和-台南,2024-09-04,8458
2486,一詮,11,0,11,康和-台南,2024-09-04,8458
3532,台勝科,11,0,11,康和-台南,2024-09-04,8458
3036,文曄,11,0,11,康和-台南,2024-09-04,8458
2515,中工,10,0,10,康和-台南,2024-09-04,8458
1314,中石化,10,0,10,康和-台南,2024-09-04,8458
00945B,凱基美國非投等債,10,0,10,康和-台南,2024-09-04,8458
2368,金像電,10,0,10,康和-台南,2024-09-04,8458
5309,系統電,10,0,10,康和-台南,2024-09-04,8458
912000,晨訊科-DR,10,0,10,康和-台南,2024-09-04,8458
00915,凱基優選高股息30,9,0,9,康和-台南,2024-09-04,8458
2002,中鋼,67,0,67,康和-台南,2024-09-05,8458
2834,臺企銀,60,0,60,康和-台南,2024-09-05,8458
1303,南亞,50,0,50,康和-台南,2024-09-05,8458
9136,巨騰-DR,43,0,43,康和-台南,2024-09-05,8458
00951,台新日本半導體,41,0,41,康和-台南,2024-09-05,8458
00936,台新永續高息中小,42,2,40,康和-台南,2024-09-05,8458
2027,大成鋼,32,0,32,康和-台南,2024-09-05,8458
00929,復華台灣科技優息,40,9,31,康和-台南,2024-09-05,8458
1326,台化,31,0,31,康和-台南,2024-09-05,8458
00919,群益台灣精選高息,29,0,29,康和-台南,2024-09-05,8458
00715L,期街口布蘭特正2,29,0,29,康和-台南,2024-09-05,8458
2344,華邦電,44,17,27,康和-台南,2024-09-05,8458
00918,大華優利高填息30,26,0,26,康和-台南,2024-09-05,8458
00679B,元大美債20年,20,0,20,康和-台南,2024-09-05,8458
2368,金像電,21,1,20,康和-台南,2024-09-05,8458
2832,台產,20,0,20,康和-台南,2024-09-05,8458
1308,亞聚,18,0,18,康和-台南,2024-09-05,8458
1314,中石化,18,0,18,康和-台南,2024-09-05,8458
2313,華通,19,1,18,康和-台南,2024-09-05,8458
3362,先進光,18,0,18,康和-台南,2024-09-05,8458
2367,燿華,48,32,16,康和-台南,2024-09-05,8458
00772B,中信高評級公司債,14,0,14,康和-台南,2024-09-05,8458
6126,信音,13,0,13,康和-台南,2024-09-05,8458
2317,鴻海,24,12,12,康和-台南,2024-09-05,8458
4303,信立,18,6,12,康和-台南,2024-09-05,8458
1789,神隆,11,0,11,康和-台南,2024-09-05,8458
2409,友達,11,0,11,康和-台南,2024-09-05,8458
2605,新興,11,0,11,康和-台南,2024-09-05,8458
6213,聯茂,11,0,11,康和-台南,2024-09-05,8458
1301,台塑,10,0,10,康和-台南,2024-09-05,8458
1447,力鵬,10,0,10,康和-台南,2024-09-05,8458
1528,恩德,10,0,10,康和-台南,2024-09-05,8458
1617,榮星,10,0,10,康和-台南,2024-09-05,8458
1722,台肥,10,0,10,康和-台南,2024-09-05,8458
2007,燁興,10,0,10,康和-台南,2024-09-05,8458
3455,由田,10,0,10,康和-台南,2024-09-05,8458
4919,新唐,10,0,10,康和-台南,2024-09-05,8458
3047,訊舟,9,0,9,康和-台南,2024-09-05,8458
1503,士電,10,1,9,康和-台南,2024-09-05,8458
3037,欣興,12,4,8,康和-台南,2024-09-05,8458
00935,野村臺灣新科技50,8,0,8,康和-台南,2024-09-05,8458
00946,群益科技高息成長,7,0,7,康和-台南,2024-09-05,8458
3163,波若威,7,0,7,康和-台南,2024-09-05,8458
2388,威盛,7,0,7,康和-台南,2024-09-05,8458
2889,國票金,7,0,7,康和-台南,2024-09-05,8458
8011,台通,17,10,7,康和-台南,2024-09-05,8458
2641,正德,6,0,6,康和-台南,2024-09-05,8458
2701,萬企,6,0,6,康和-台南,2024-09-05,8458
8039,台虹,15,9,6,康和-台南,2024-09-05,8458
1540,喬福,30,24,6,康和-台南,2024-09-05,8458
1316,上曜,80,0,80,康和-台南,2024-09-06,8458
2618,長榮航,106,41,65,康和-台南,2024-09-06,8458
6770,力積電,70,10,60,康和-台南,2024-09-06,8458
2408,南亞科,67,10,57,康和-台南,2024-09-06,8458
2610,華航,51,0,51,康和-台南,2024-09-06,8458
00951,台新日本半導體,33,0,33,康和-台南,2024-09-06,8458
1711,永光,34,11,23,康和-台南,2024-09-06,8458
5009,榮剛,23,0,23,康和-台南,2024-09-06,8458
00929,復華台灣科技優息,25,4,21,康和-台南,2024-09-06,8458
00688L,國泰20年美債正2,20,0,20,康和-台南,2024-09-06,8458
2547,日勝生,20,0,20,康和-台南,2024-09-06,8458
00919,群益台灣精選高息,21,1,20,康和-台南,2024-09-06,8458
2425,承啟,18,0,18,康和-台南,2024-09-06,8458
2489,瑞軒,16,0,16,康和-台南,2024-09-06,8458
00918,大華優利高填息30,31,16,15,康和-台南,2024-09-06,8458
00949,復華日本龍頭,15,0,15,康和-台南,2024-09-06,8458
5443,均豪,25,10,15,康和-台南,2024-09-06,8458
6405,悅城,18,3,15,康和-台南,2024-09-06,8458
00945B,凱基美國非投等債,13,0,13,康和-台南,2024-09-06,8458
2401,凌陽,13,0,13,康和-台南,2024-09-06,8458
2412,中華電,13,0,13,康和-台南,2024-09-06,8458
3062,建漢,13,0,13,康和-台南,2024-09-06,8458
2891,中信金,18,5,13,康和-台南,2024-09-06,8458
00715L,期街口布蘭特正2,12,0,12,康和-台南,2024-09-06,8458
1440,南紡,12,0,12,康和-台南,2024-09-06,8458
2344,華邦電,16,4,12,康和-台南,2024-09-06,8458
3581,博磊,15,3,12,康和-台南,2024-09-06,8458
00706L,期元大S＆P日圓正2,10,0,10,康和-台南,2024-09-06,8458
2323,中環,10,0,10,康和-台南,2024-09-06,8458
2832,台產,10,0,10,康和-台南,2024-09-06,8458
3022,威強電,10,0,10,康和-台南,2024-09-06,8458
3260,威剛,10,0,10,康和-台南,2024-09-06,8458
6120,達運,10,0,10,康和-台南,2024-09-06,8458
00931B,統一美債20年,9,0,9,康和-台南,2024-09-06,8458
00915,凱基優選高股息30,9,0,9,康和-台南,2024-09-06,8458
2641,正德,9,0,9,康和-台南,2024-09-06,8458
8927,北基,10,1,9,康和-台南,2024-09-06,8458
2881,富邦金,10,1,9,康和-台南,2024-09-06,8458
00878,國泰永續高股息,8,0,8,康和-台南,2024-09-06,8458
00936,台新永續高息中小,8,0,8,康和-台南,2024-09-06,8458
2002,中鋼,9,1,8,康和-台南,2024-09-06,8458
3066,李洲,12,4,8,康和-台南,2024-09-06,8458
2313,華通,9,2,7,康和-台南,2024-09-06,8458
4566,時碩工業,7,0,7,康和-台南,2024-09-06,8458
4935,茂林-KY,15,8,7,康和-台南,2024-09-06,8458
6217,中探針,11,4,7,康和-台南,2024-09-06,8458
00946,群益科技高息成長,6,0,6,康和-台南,2024-09-06,8458
1905,華紙,6,0,6,康和-台南,2024-09-06,8458
2101,南港,6,0,6,康和-台南,2024-09-06,8458
3437,榮創,10,4,6,康和-台南,2024-09-06,8458
00933B,國泰10Y+金融債,463,0,463,康和-台南,2024-09-09,8458
3022,威強電,123,0,123,康和-台南,2024-09-09,8458
00680L,元大美債20正2,119,29,90,康和-台南,2024-09-09,8458
2891,中信金,75,1,74,康和-台南,2024-09-09,8458
00919,群益台灣精選高息,54,0,54,康和-台南,2024-09-09,8458
2303,聯電,52,2,50,康和-台南,2024-09-09,8458
1310,台苯,42,4,38,康和-台南,2024-09-09,8458
2317,鴻海,42,8,34,康和-台南,2024-09-09,8458
2618,長榮航,31,0,31,康和-台南,2024-09-09,8458
2606,裕民,30,0,30,康和-台南,2024-09-09,8458
6279,胡連,30,0,30,康和-台南,2024-09-09,8458
00929,復華台灣科技優息,34,7,27,康和-台南,2024-09-09,8458
2801,彰銀,22,0,22,康和-台南,2024-09-09,8458
1101,台泥,22,0,22,康和-台南,2024-09-09,8458
2882,國泰金,21,1,20,康和-台南,2024-09-09,8458
2832,台產,20,0,20,康和-台南,2024-09-09,8458
6589,台康生技,20,0,20,康和-台南,2024-09-09,8458
00878,國泰永續高股息,18,0,18,康和-台南,2024-09-09,8458
2313,華通,17,0,17,康和-台南,2024-09-09,8458
8039,台虹,33,16,17,康和-台南,2024-09-09,8458
1815,富喬,23,8,15,康和-台南,2024-09-09,8458
2515,中工,16,2,14,康和-台南,2024-09-09,8458
00943,兆豐電子高息等權,12,0,12,康和-台南,2024-09-09,8458
2881,富邦金,11,0,11,康和-台南,2024-09-09,8458
3037,欣興,13,2,11,康和-台南,2024-09-09,8458
1785,光洋科,12,1,11,康和-台南,2024-09-09,8458
4513,福裕,10,0,10,康和-台南,2024-09-09,8458
00948B,中信優息投資級債,10,0,10,康和-台南,2024-09-09,8458
2027,大成鋼,10,0,10,康和-台南,2024-09-09,8458
2547,日勝生,10,0,10,康和-台南,2024-09-09,8458
2641,正德,10,0,10,康和-台南,2024-09-09,8458
3481,群創,31,21,10,康和-台南,2024-09-09,8458
5225,東科-KY,10,0,10,康和-台南,2024-09-09,8458
6449,鈺邦,10,0,10,康和-台南,2024-09-09,8458
8112,至上,10,0,10,康和-台南,2024-09-09,8458
5902,德記,10,0,10,康和-台南,2024-09-09,8458
6770,力積電,23,15,8,康和-台南,2024-09-09,8458
00715L,期街口布蘭特正2,8,0,8,康和-台南,2024-09-09,8458
6120,達運,20,12,8,康和-台南,2024-09-09,8458
1540,喬福,38,30,8,康和-台南,2024-09-09,8458
2382,廣達,9,2,7,康和-台南,2024-09-09,8458
00952,凱基台灣AI50,7,0,7,康和-台南,2024-09-09,8458
00936,台新永續高息中小,7,0,7,康和-台南,2024-09-09,8458
1711,永光,8,1,7,康和-台南,2024-09-09,8458
2406,國碩,7,0,7,康和-台南,2024-09-09,8458
3623,富晶通,7,0,7,康和-台南,2024-09-09,8458
6194,育富,15,8,7,康和-台南,2024-09-09,8458
0056,元大高股息,6,0,6,康和-台南,2024-09-09,8458
1314,中石化,8,2,6,康和-台南,2024-09-09,8458
2498,宏達電,9,3,6,康和-台南,2024-09-09,8458
1316,上曜,101,0,101,康和-台南,2024-09-10,8458
2905,三商,80,0,80,康和-台南,2024-09-10,8458
3022,威強電,85,16,69,康和-台南,2024-09-10,8458
00929,復華台灣科技優息,52,2,50,康和-台南,2024-09-10,8458
00933B,國泰10Y+金融債,50,1,49,康和-台南,2024-09-10,8458
6156,松上,44,0,44,康和-台南,2024-09-10,8458
00936,台新永續高息中小,60,21,39,康和-台南,2024-09-10,8458
3481,群創,54,17,37,康和-台南,2024-09-10,8458
00878,國泰永續高股息,32,0,32,康和-台南,2024-09-10,8458
1539,巨庭,32,0,32,康和-台南,2024-09-10,8458
00919,群益台灣精選高息,30,0,30,康和-台南,2024-09-10,8458
6279,胡連,28,2,26,康和-台南,2024-09-10,8458
6216,居易,29,4,25,康和-台南,2024-09-10,8458
2363,矽統,21,1,20,康和-台南,2024-09-10,8458
00687B,國泰20年美債,15,0,15,康和-台南,2024-09-10,8458
2382,廣達,16,2,14,康和-台南,2024-09-10,8458
2317,鴻海,27,14,13,康和-台南,2024-09-10,8458
6244,茂迪,15,4,11,康和-台南,2024-09-10,8458
8089,康全電訊,11,0,11,康和-台南,2024-09-10,8458
8071,能率網通,11,1,10,康和-台南,2024-09-10,8458
1308,亞聚,10,0,10,康和-台南,2024-09-10,8458
2461,光群雷,10,0,10,康和-台南,2024-09-10,8458
2609,陽明,12,2,10,康和-台南,2024-09-10,8458
3227,原相,13,3,10,康和-台南,2024-09-10,8458
3455,由田,10,0,10,康和-台南,2024-09-10,8458
3580,友威科,10,0,10,康和-台南,2024-09-10,8458
00940,元大台灣價值高息,9,0,9,康和-台南,2024-09-10,8458
2303,聯電,11,2,9,康和-台南,2024-09-10,8458
4956,光鋐,9,0,9,康和-台南,2024-09-10,8458
4743,合一,9,1,8,康和-台南,2024-09-10,8458
3218,大學光,8,0,8,康和-台南,2024-09-10,8458
4714,永捷,13,5,8,康和-台南,2024-09-10,8458
6257,矽格,11,3,8,康和-台南,2024-09-10,8458
1584,精剛,22,15,7,康和-台南,2024-09-10,8458
3483,力致,7,0,7,康和-台南,2024-09-10,8458
3535,晶彩科,7,0,7,康和-台南,2024-09-10,8458
00881,國泰台灣5G+,6,0,6,康和-台南,2024-09-10,8458
6838,台新藥,8,2,6,康和-台南,2024-09-10,8458
00951,台新日本半導體,6,0,6,康和-台南,2024-09-10,8458
1605,華新,6,0,6,康和-台南,2024-09-10,8458
2511,太子,6,0,6,康和-台南,2024-09-10,8458
2610,華航,6,0,6,康和-台南,2024-09-10,8458
2702,華園,6,0,6,康和-台南,2024-09-10,8458
3230,錦明,6,0,6,康和-台南,2024-09-10,8458
4974,亞泰,13,7,6,康和-台南,2024-09-10,8458
6187,萬潤,7,1,6,康和-台南,2024-09-10,8458
8467,波力-KY,6,0,6,康和-台南,2024-09-10,8458
6194,育富,14,8,6,康和-台南,2024-09-10,8458
2301,光寶科,6,0,6,康和-台南,2024-09-10,8458
2027,大成鋼,5,0,5,康和-台南,2024-09-10,8458
3597,映興,130,0,130,康和-台南,2024-09-11,8458
00751B,元大AAA至A公司債,100,0,100,康和-台南,2024-09-11,8458
2905,三商,81,0,81,康和-台南,2024-09-11,8458
2891,中信金,44,1,43,康和-台南,2024-09-11,8458
00948B,中信優息投資級債,30,0,30,康和-台南,2024-09-11,8458
3052,夆典,30,0,30,康和-台南,2024-09-11,8458
4974,亞泰,31,3,28,康和-台南,2024-09-11,8458
00715L,期街口布蘭特正2,26,0,26,康和-台南,2024-09-11,8458
9136,巨騰-DR,25,0,25,康和-台南,2024-09-11,8458
2367,燿華,25,2,23,康和-台南,2024-09-11,8458
00900,富邦特選高股息30,22,0,22,康和-台南,2024-09-11,8458
5871,中租-KY,20,0,20,康和-台南,2024-09-11,8458
1316,上曜,21,2,19,康和-台南,2024-09-11,8458
2002,中鋼,18,0,18,康和-台南,2024-09-11,8458
00878,國泰永續高股息,17,0,17,康和-台南,2024-09-11,8458
00688L,國泰20年美債正2,16,0,16,康和-台南,2024-09-11,8458
6191,精成科,16,0,16,康和-台南,2024-09-11,8458
2401,凌陽,13,0,13,康和-台南,2024-09-11,8458
6156,松上,22,10,12,康和-台南,2024-09-11,8458
00929,復華台灣科技優息,14,2,12,康和-台南,2024-09-11,8458
1514,亞力,11,0,11,康和-台南,2024-09-11,8458
1522,堤維西,20,9,11,康和-台南,2024-09-11,8458
2349,錸德,10,0,10,康和-台南,2024-09-11,8458
2547,日勝生,10,0,10,康和-台南,2024-09-11,8458
6217,中探針,10,0,10,康和-台南,2024-09-11,8458
4566,時碩工業,14,6,8,康和-台南,2024-09-11,8458
6446,藥華藥,9,1,8,康和-台南,2024-09-11,8458
6838,台新藥,8,0,8,康和-台南,2024-09-11,8458
2881,富邦金,7,0,7,康和-台南,2024-09-11,8458
00936,台新永續高息中小,7,0,7,康和-台南,2024-09-11,8458
2637,慧洋-KY,7,0,7,康和-台南,2024-09-11,8458
00951,台新日本半導體,6,0,6,康和-台南,2024-09-11,8458
3149,正達,6,0,6,康和-台南,2024-09-11,8458
3227,原相,9,3,6,康和-台南,2024-09-11,8458
5309,系統電,6,0,6,康和-台南,2024-09-11,8458
9105,泰金寶-DR,6,0,6,康和-台南,2024-09-11,8458
8028,昇陽半導體,6,0,6,康和-台南,2024-09-11,8458
00940,元大台灣價值高息,6,1,5,康和-台南,2024-09-11,8458
2883,凱基金,5,0,5,康和-台南,2024-09-11,8458
00642U,期元大S＆P石油,5,0,5,康和-台南,2024-09-11,8458
3022,威強電,5,0,5,康和-台南,2024-09-11,8458
4743,合一,5,0,5,康和-台南,2024-09-11,8458
5443,均豪,16,11,5,康和-台南,2024-09-11,8458
6160,欣技,5,0,5,康和-台南,2024-09-11,8458
6177,達麗,5,0,5,康和-台南,2024-09-11,8458
1905,華紙,6,2,4,康和-台南,2024-09-11,8458
3013,晟銘電,6,2,4,康和-台南,2024-09-11,8458
4303,信立,4,0,4,康和-台南,2024-09-11,8458
6127,九豪,5,1,4,康和-台南,2024-09-11,8458
1303,南亞,5,1,4,康和-台南,2024-09-11,8458
00671R,富邦NASDAQ反1,330,0,330,康和-台南,2024-09-12,8458
00772B,中信高評級公司債,100,0,100,康和-台南,2024-09-12,8458
3189,景碩,63,2,61,康和-台南,2024-09-12,8458
2891,中信金,46,0,46,康和-台南,2024-09-12,8458
2618,長榮航,94,61,33,康和-台南,2024-09-12,8458
2801,彰銀,31,0,31,康和-台南,2024-09-12,8458
1446,宏和,30,0,30,康和-台南,2024-09-12,8458
8046,南電,30,0,30,康和-台南,2024-09-12,8458
00929,復華台灣科技優息,29,3,26,康和-台南,2024-09-12,8458
3022,威強電,30,5,25,康和-台南,2024-09-12,8458
6143,振曜,38,18,20,康和-台南,2024-09-12,8458
00919,群益台灣精選高息,21,3,18,康和-台南,2024-09-12,8458
3706,神達,21,3,18,康和-台南,2024-09-12,8458
6530,創威,35,17,18,康和-台南,2024-09-12,8458
00687B,國泰20年美債,17,0,17,康和-台南,2024-09-12,8458
8064,東捷,16,0,16,康和-台南,2024-09-12,8458
6290,良維,16,1,15,康和-台南,2024-09-12,8458
6739,竹陞科技,16,1,15,康和-台南,2024-09-12,8458
6216,居易,19,7,12,康和-台南,2024-09-12,8458
1460,宏遠,11,0,11,康和-台南,2024-09-12,8458
2401,凌陽,12,1,11,康和-台南,2024-09-12,8458
8932,智通*,11,0,11,康和-台南,2024-09-12,8458
2886,兆豐金,10,0,10,康和-台南,2024-09-12,8458
00720B,元大投資級公司債,10,0,10,康和-台南,2024-09-12,8458
3037,欣興,13,3,10,康和-台南,2024-09-12,8458
5213,亞昕,10,0,10,康和-台南,2024-09-12,8458
6108,競國,15,5,10,康和-台南,2024-09-12,8458
2402,毅嘉,10,1,9,康和-台南,2024-09-12,8458
6133,金橋,15,6,9,康和-台南,2024-09-12,8458
00679B,元大美債20年,8,0,8,康和-台南,2024-09-12,8458
3312,弘憶股,12,4,8,康和-台南,2024-09-12,8458
5469,瀚宇博,8,0,8,康和-台南,2024-09-12,8458
6134,萬旭,8,1,7,康和-台南,2024-09-12,8458
6510,精測,8,1,7,康和-台南,2024-09-12,8458
2313,華通,14,8,6,康和-台南,2024-09-12,8458
2489,瑞軒,6,0,6,康和-台南,2024-09-12,8458
3033,威健,6,0,6,康和-台南,2024-09-12,8458
3062,建漢,9,3,6,康和-台南,2024-09-12,8458
5443,均豪,40,35,5,康和-台南,2024-09-12,8458
2406,國碩,5,0,5,康和-台南,2024-09-12,8458
3049,精金,5,0,5,康和-台南,2024-09-12,8458
6125,廣運,5,0,5,康和-台南,2024-09-12,8458
6770,力積電,5,0,5,康和-台南,2024-09-12,8458
00878,國泰永續高股息,4,0,4,康和-台南,2024-09-12,8458
5347,世界,4,0,4,康和-台南,2024-09-12,8458
00680L,元大美債20正2,5,1,4,康和-台南,2024-09-12,8458
1522,堤維西,4,0,4,康和-台南,2024-09-12,8458
1905,華紙,5,1,4,康和-台南,2024-09-12,8458
2371,大同,20,16,4,康和-台南,2024-09-12,8458
3218,大學光,4,0,4,康和-台南,2024-09-12,8458
00931B,統一美債20年,80,0,80,康和-台南,2024-09-13,8458
2303,聯電,52,4,48,康和-台南,2024-09-13,8458
3715,定穎投控,47,6,41,康和-台南,2024-09-13,8458
00929,復華台灣科技優息,27,2,25,康和-台南,2024-09-13,8458
00680L,元大美債20正2,22,0,22,康和-台南,2024-09-13,8458
3013,晟銘電,41,19,22,康和-台南,2024-09-13,8458
1711,永光,24,3,21,康和-台南,2024-09-13,8458
6431,光麗-KY,21,0,21,康和-台南,2024-09-13,8458
2317,鴻海,43,22,21,康和-台南,2024-09-13,8458
2542,興富發,21,3,18,康和-台南,2024-09-13,8458
4909,新復興,26,8,18,康和-台南,2024-09-13,8458
3019,亞光,29,13,16,康和-台南,2024-09-13,8458
3011,今皓,14,0,14,康和-台南,2024-09-13,8458
2356,英業達,12,0,12,康和-台南,2024-09-13,8458
00637L,元大滬深300正2,13,1,12,康和-台南,2024-09-13,8458
3455,由田,12,0,12,康和-台南,2024-09-13,8458
00948B,中信優息投資級債,10,0,10,康和-台南,2024-09-13,8458
00952,凱基台灣AI50,10,0,10,康和-台南,2024-09-13,8458
00671R,富邦NASDAQ反1,10,0,10,康和-台南,2024-09-13,8458
4743,合一,10,0,10,康和-台南,2024-09-13,8458
5225,東科-KY,10,0,10,康和-台南,2024-09-13,8458
3712,永崴投控,9,0,9,康和-台南,2024-09-13,8458
3706,神達,10,1,9,康和-台南,2024-09-13,8458
6446,藥華藥,9,1,8,康和-台南,2024-09-13,8458
00915,凱基優選高股息30,8,0,8,康和-台南,2024-09-13,8458
3663,鑫科,20,12,8,康和-台南,2024-09-13,8458
5386,青雲,10,2,8,康和-台南,2024-09-13,8458
8089,康全電訊,9,2,7,康和-台南,2024-09-13,8458
00878,國泰永續高股息,16,10,6,康和-台南,2024-09-13,8458
2881,富邦金,8,2,6,康和-台南,2024-09-13,8458
1584,精剛,8,2,6,康和-台南,2024-09-13,8458
2062,橋椿,10,4,6,康和-台南,2024-09-13,8458
2401,凌陽,12,6,6,康和-台南,2024-09-13,8458
4916,事欣科,6,0,6,康和-台南,2024-09-13,8458
8933,愛地雅,6,0,6,康和-台南,2024-09-13,8458
3481,群創,5,0,5,康和-台南,2024-09-13,8458
4510,高鋒,17,12,5,康和-台南,2024-09-13,8458
00642U,期元大S＆P石油,5,0,5,康和-台南,2024-09-13,8458
2402,毅嘉,5,0,5,康和-台南,2024-09-13,8458
2883,凱基金,6,1,5,康和-台南,2024-09-13,8458
3033,威健,5,0,5,康和-台南,2024-09-13,8458
3711,日月光投控,5,0,5,康和-台南,2024-09-13,8458
5234,達興材料,5,0,5,康和-台南,2024-09-13,8458
5392,能率,5,0,5,康和-台南,2024-09-13,8458
8249,菱光,10,5,5,康和-台南,2024-09-13,8458
3031,佰鴻,4,0,4,康和-台南,2024-09-13,8458
4979,華星光,9,5,4,康和-台南,2024-09-13,8458
6104,創惟,6,2,4,康和-台南,2024-09-13,8458
00919,群益台灣精選高息,4,0,4,康和-台南,2024-09-13,8458
1540,喬福,8,5,3,康和-台南,2024-09-13,8458
00631L,元大台灣50正2,75,2,73,康和-台南,2024-09-16,8458
00929,復華台灣科技優息,62,4,58,康和-台南,2024-09-16,8458
00919,群益台灣精選高息,53,0,53,康和-台南,2024-09-16,8458
00687B,國泰20年美債,50,0,50,康和-台南,2024-09-16,8458
00632R,元大台灣50反1,50,0,50,康和-台南,2024-09-16,8458
2618,長榮航,32,0,32,康和-台南,2024-09-16,8458
00946,群益科技高息成長,30,0,30,康和-台南,2024-09-16,8458
3022,威強電,30,0,30,康和-台南,2024-09-16,8458
4746,台耀,30,1,29,康和-台南,2024-09-16,8458
00915,凱基優選高股息30,21,0,21,康和-台南,2024-09-16,8458
6899,創為精密,20,0,20,康和-台南,2024-09-16,8458
9935,慶豐富,20,1,19,康和-台南,2024-09-16,8458
8105,凌巨,17,0,17,康和-台南,2024-09-16,8458
2406,國碩,17,1,16,康和-台南,2024-09-16,8458
4561,健椿,15,0,15,康和-台南,2024-09-16,8458
00921,兆豐龍頭等權重,13,0,13,康和-台南,2024-09-16,8458
3231,緯創,20,7,13,康和-台南,2024-09-16,8458
00679B,元大美債20年,12,0,12,康和-台南,2024-09-16,8458
00948B,中信優息投資級債,12,0,12,康和-台南,2024-09-16,8458
1447,力鵬,12,0,12,康和-台南,2024-09-16,8458
2845,遠東銀,12,0,12,康和-台南,2024-09-16,8458
00918,大華優利高填息30,10,0,10,康和-台南,2024-09-16,8458
2009,第一銅,10,0,10,康和-台南,2024-09-16,8458
5230,雷笛克光學,28,18,10,康和-台南,2024-09-16,8458
2344,華邦電,25,16,9,康和-台南,2024-09-16,8458
6431,光麗-KY,8,0,8,康和-台南,2024-09-16,8458
8076,伍豐,8,0,8,康和-台南,2024-09-16,8458
4563,百德,7,0,7,康和-台南,2024-09-16,8458
2312,金寶,7,0,7,康和-台南,2024-09-16,8458
2834,臺企銀,8,1,7,康和-台南,2024-09-16,8458
6216,居易,7,0,7,康和-台南,2024-09-16,8458
1905,華紙,7,1,6,康和-台南,2024-09-16,8458
3605,宏致,7,1,6,康和-台南,2024-09-16,8458
6405,悅城,10,4,6,康和-台南,2024-09-16,8458
3062,建漢,19,14,5,康和-台南,2024-09-16,8458
2881,富邦金,5,0,5,康和-台南,2024-09-16,8458
00945B,凱基美國非投等債,5,0,5,康和-台南,2024-09-16,8458
00857B,永豐20年美公債,5,0,5,康和-台南,2024-09-16,8458
2340,台亞,5,0,5,康和-台南,2024-09-16,8458
2610,華航,10,5,5,康和-台南,2024-09-16,8458
3437,榮創,5,0,5,康和-台南,2024-09-16,8458
5324,士開,5,0,5,康和-台南,2024-09-16,8458
5871,中租-KY,5,0,5,康和-台南,2024-09-16,8458
6177,達麗,5,0,5,康和-台南,2024-09-16,8458
9105,泰金寶-DR,5,0,5,康和-台南,2024-09-16,8458
4903,聯光通,13,8,5,康和-台南,2024-09-16,8458
2838,聯邦銀,4,0,4,康和-台南,2024-09-16,8458
1460,宏遠,4,0,4,康和-台南,2024-09-16,8458
2323,中環,6,2,4,康和-台南,2024-09-16,8458
2349,錸德,19,15,4,康和-台南,2024-09-16,8458
2888,新光金,888,206,682,康和-台南,2024-09-18,8458
00929,復華台灣科技優息,131,0,131,康和-台南,2024-09-18,8458
2905,三商,80,0,80,康和-台南,2024-09-18,8458
00688L,國泰20年美債正2,50,0,50,康和-台南,2024-09-18,8458
4746,台耀,40,1,39,康和-台南,2024-09-18,8458
3550,聯穎,57,22,35,康和-台南,2024-09-18,8458
2883,凱基金,28,0,28,康和-台南,2024-09-18,8458
2317,鴻海,40,13,27,康和-台南,2024-09-18,8458
00878,國泰永續高股息,26,0,26,康和-台南,2024-09-18,8458
1711,永光,113,88,25,康和-台南,2024-09-18,8458
4977,眾達-KY,33,8,25,康和-台南,2024-09-18,8458
00687B,國泰20年美債,32,10,22,康和-台南,2024-09-18,8458
00857B,永豐20年美公債,20,0,20,康和-台南,2024-09-18,8458
2313,華通,20,0,20,康和-台南,2024-09-18,8458
00918,大華優利高填息30,19,0,19,康和-台南,2024-09-18,8458
1785,光洋科,36,17,19,康和-台南,2024-09-18,8458
2515,中工,18,0,18,康和-台南,2024-09-18,8458
00706L,期元大S＆P日圓正2,17,0,17,康和-台南,2024-09-18,8458
3706,神達,17,0,17,康和-台南,2024-09-18,8458
3033,威健,16,0,16,康和-台南,2024-09-18,8458
2426,鼎元,17,3,14,康和-台南,2024-09-18,8458
1309,台達化,13,0,13,康和-台南,2024-09-18,8458
00905,FT臺灣Smart,11,0,11,康和-台南,2024-09-18,8458
00940,元大台灣價值高息,11,0,11,康和-台南,2024-09-18,8458
2363,矽統,13,3,10,康和-台南,2024-09-18,8458
1714,和桐,10,0,10,康和-台南,2024-09-18,8458
2009,第一銅,11,1,10,康和-台南,2024-09-18,8458
2030,彰源,10,0,10,康和-台南,2024-09-18,8458
2367,燿華,20,10,10,康和-台南,2024-09-18,8458
4566,時碩工業,10,0,10,康和-台南,2024-09-18,8458
5905,南仁湖,10,0,10,康和-台南,2024-09-18,8458
6438,迅得,18,8,10,康和-台南,2024-09-18,8458
6589,台康生技,10,0,10,康和-台南,2024-09-18,8458
3374,精材,10,1,9,康和-台南,2024-09-18,8458
00943,兆豐電子高息等權,8,0,8,康和-台南,2024-09-18,8458
2201,裕隆,10,2,8,康和-台南,2024-09-18,8458
2344,華邦電,9,2,7,康和-台南,2024-09-18,8458
2486,一詮,12,5,7,康和-台南,2024-09-18,8458
3071,協禧,7,0,7,康和-台南,2024-09-18,8458
3708,上緯投控,8,1,7,康和-台南,2024-09-18,8458
6194,育富,15,8,7,康和-台南,2024-09-18,8458
6442,光聖,10,3,7,康和-台南,2024-09-18,8458
8043,蜜望實,8,1,7,康和-台南,2024-09-18,8458
6446,藥華藥,8,1,7,康和-台南,2024-09-18,8458
1301,台塑,6,0,6,康和-台南,2024-09-18,8458
1316,上曜,6,0,6,康和-台南,2024-09-18,8458
1447,力鵬,6,0,6,康和-台南,2024-09-18,8458
4564,元翎,6,0,6,康和-台南,2024-09-18,8458
4903,聯光通,18,12,6,康和-台南,2024-09-18,8458
6257,矽格,6,0,6,康和-台南,2024-09-18,8458
00919,群益台灣精選高息,123,0,123,康和-台南,2024-09-19,8458
2344,華邦電,106,18,88,康和-台南,2024-09-19,8458
3189,景碩,72,0,72,康和-台南,2024-09-19,8458
00929,復華台灣科技優息,78,11,67,康和-台南,2024-09-19,8458
2888,新光金,121,58,63,康和-台南,2024-09-19,8458
5452,佶優,55,0,55,康和-台南,2024-09-19,8458
3037,欣興,34,3,31,康和-台南,2024-09-19,8458
1711,永光,77,47,30,康和-台南,2024-09-19,8458
8091,翔名,30,0,30,康和-台南,2024-09-19,8458
00857B,永豐20年美公債,26,0,26,康和-台南,2024-09-19,8458
00637L,元大滬深300正2,25,0,25,康和-台南,2024-09-19,8458
1447,力鵬,25,0,25,康和-台南,2024-09-19,8458
2399,映泰,53,28,25,康和-台南,2024-09-19,8458
2382,廣達,26,2,24,康和-台南,2024-09-19,8458
2317,鴻海,36,14,22,康和-台南,2024-09-19,8458
00706L,期元大S＆P日圓正2,17,0,17,康和-台南,2024-09-19,8458
00918,大華優利高填息30,19,2,17,康和-台南,2024-09-19,8458
3013,晟銘電,21,6,15,康和-台南,2024-09-19,8458
3066,李洲,14,0,14,康和-台南,2024-09-19,8458
00795B,中信美國公債20年,137,125,12,康和-台南,2024-09-19,8458
00945B,凱基美國非投等債,12,0,12,康和-台南,2024-09-19,8458
2376,技嘉,15,3,12,康和-台南,2024-09-19,8458
3665,貿聯-KY,10,0,10,康和-台南,2024-09-19,8458
1229,聯華,10,0,10,康和-台南,2024-09-19,8458
2610,華航,10,0,10,康和-台南,2024-09-19,8458
6179,亞通,10,0,10,康和-台南,2024-09-19,8458
1314,中石化,10,0,10,康和-台南,2024-09-19,8458
3481,群創,18,9,9,康和-台南,2024-09-19,8458
00915,凱基優選高股息30,8,0,8,康和-台南,2024-09-19,8458
1540,喬福,13,5,8,康和-台南,2024-09-19,8458
2891,中信金,17,9,8,康和-台南,2024-09-19,8458
3011,今皓,8,0,8,康和-台南,2024-09-19,8458
3583,辛耘,10,2,8,康和-台南,2024-09-19,8458
6488,環球晶,8,0,8,康和-台南,2024-09-19,8458
00687B,國泰20年美債,38,31,7,康和-台南,2024-09-19,8458
2801,彰銀,7,0,7,康和-台南,2024-09-19,8458
3430,奇鈦科,7,0,7,康和-台南,2024-09-19,8458
4916,事欣科,14,7,7,康和-台南,2024-09-19,8458
2449,京元電子,6,0,6,康和-台南,2024-09-19,8458
1784,訊聯,7,1,6,康和-台南,2024-09-19,8458
2401,凌陽,6,0,6,康和-台南,2024-09-19,8458
4979,華星光,28,22,6,康和-台南,2024-09-19,8458
8150,南茂,6,0,6,康和-台南,2024-09-19,8458
2025,千興,6,0,6,康和-台南,2024-09-19,8458
00671R,富邦NASDAQ反1,5,0,5,康和-台南,2024-09-19,8458
2359,所羅門,5,0,5,康和-台南,2024-09-19,8458
2371,大同,10,5,5,康和-台南,2024-09-19,8458
2472,立隆電,5,0,5,康和-台南,2024-09-19,8458
3050,鈺德,5,0,5,康和-台南,2024-09-19,8458
3059,華晶科,5,0,5,康和-台南,2024-09-19,8458
1316,上曜,198,0,198,康和-台南,2024-09-20,8458
2515,中工,183,0,183,康和-台南,2024-09-20,8458
00680L,元大美債20正2,103,0,103,康和-台南,2024-09-20,8458
6108,競國,100,0,100,康和-台南,2024-09-20,8458
00919,群益台灣精選高息,69,0,69,康和-台南,2024-09-20,8458
5213,亞昕,62,2,60,康和-台南,2024-09-20,8458
1314,中石化,69,10,59,康和-台南,2024-09-20,8458
1436,華友聯,53,0,53,康和-台南,2024-09-20,8458
2542,興富發,47,0,47,康和-台南,2024-09-20,8458
3715,定穎投控,51,11,40,康和-台南,2024-09-20,8458
2610,華航,50,10,40,康和-台南,2024-09-20,8458
3049,精金,48,15,33,康和-台南,2024-09-20,8458
3062,建漢,42,12,30,康和-台南,2024-09-20,8458
3202,樺晟,28,0,28,康和-台南,2024-09-20,8458
3576,聯合再生,35,10,25,康和-台南,2024-09-20,8458
5452,佶優,23,0,23,康和-台南,2024-09-20,8458
00940,元大台灣價值高息,20,0,20,康和-台南,2024-09-20,8458
5230,雷笛克光學,20,1,19,康和-台南,2024-09-20,8458
00687B,國泰20年美債,21,4,17,康和-台南,2024-09-20,8458
3710,連展投控,14,0,14,康和-台南,2024-09-20,8458
2887,台新金,15,2,13,康和-台南,2024-09-20,8458
2399,映泰,55,43,12,康和-台南,2024-09-20,8458
2002,中鋼,62,50,12,康和-台南,2024-09-20,8458
2402,毅嘉,12,1,11,康和-台南,2024-09-20,8458
2889,國票金,11,0,11,康和-台南,2024-09-20,8458
6134,萬旭,13,2,11,康和-台南,2024-09-20,8458
00933B,國泰10Y+金融債,10,0,10,康和-台南,2024-09-20,8458
00857B,永豐20年美公債,10,0,10,康和-台南,2024-09-20,8458
00720B,元大投資級公司債,10,0,10,康和-台南,2024-09-20,8458
1608,華榮,10,0,10,康和-台南,2024-09-20,8458
2104,國際中橡,10,0,10,康和-台南,2024-09-20,8458
2547,日勝生,10,0,10,康和-台南,2024-09-20,8458
2905,三商,10,0,10,康和-台南,2024-09-20,8458
5483,中美晶,10,0,10,康和-台南,2024-09-20,8458
6863,永道-KY,11,1,10,康和-台南,2024-09-20,8458
8064,東捷,24,14,10,康和-台南,2024-09-20,8458
8104,錸寶,10,0,10,康和-台南,2024-09-20,8458
1808,潤隆,10,1,9,康和-台南,2024-09-20,8458
6530,創威,9,0,9,康和-台南,2024-09-20,8458
9105,泰金寶-DR,10,1,9,康和-台南,2024-09-20,8458
9958,世紀鋼,15,6,9,康和-台南,2024-09-20,8458
2511,太子,8,0,8,康和-台南,2024-09-20,8458
3227,原相,11,3,8,康和-台南,2024-09-20,8458
2101,南港,8,0,8,康和-台南,2024-09-20,8458
2501,國建,8,0,8,康和-台南,2024-09-20,8458
00934,中信成長高股息,7,0,7,康和-台南,2024-09-20,8458
4108,懷特,7,0,7,康和-台南,2024-09-20,8458
00937B,群益ESG投等債20,6,0,6,康和-台南,2024-09-20,8458
2483,百容,6,0,6,康和-台南,2024-09-20,8458
3036,文曄,6,0,6,康和-台南,2024-09-20,8458
1310,台苯,70,0,70,康和-台南,2024-09-23,8458
00687B,國泰20年美債,57,2,55,康和-台南,2024-09-23,8458
2515,中工,60,6,54,康和-台南,2024-09-23,8458
00943,兆豐電子高息等權,50,0,50,康和-台南,2024-09-23,8458
1711,永光,109,61,48,康和-台南,2024-09-23,8458
1609,大亞,40,1,39,康和-台南,2024-09-23,8458
1436,華友聯,32,0,32,康和-台南,2024-09-23,8458
00795B,中信美國公債20年,22,0,22,康和-台南,2024-09-23,8458
00919,群益台灣精選高息,23,3,20,康和-台南,2024-09-23,8458
2401,凌陽,20,0,20,康和-台南,2024-09-23,8458
8032,光菱,28,8,20,康和-台南,2024-09-23,8458
1316,上曜,19,0,19,康和-台南,2024-09-23,8458
3049,精金,19,0,19,康和-台南,2024-09-23,8458
00679B,元大美債20年,17,0,17,康和-台南,2024-09-23,8458
00680L,元大美債20正2,16,0,16,康和-台南,2024-09-23,8458
2539,櫻花建,15,0,15,康和-台南,2024-09-23,8458
6869,雲豹能源,16,4,12,康和-台南,2024-09-23,8458
2892,第一金,11,0,11,康和-台南,2024-09-23,8458
1312,國喬,10,0,10,康和-台南,2024-09-23,8458
00931B,統一美債20年,10,0,10,康和-台南,2024-09-23,8458
1307,三芳,10,0,10,康和-台南,2024-09-23,8458
1714,和桐,10,0,10,康和-台南,2024-09-23,8458
1735,日勝化,18,8,10,康和-台南,2024-09-23,8458
2347,聯強,40,30,10,康和-台南,2024-09-23,8458
6257,矽格,10,0,10,康和-台南,2024-09-23,8458
2348,海悅,9,0,9,康和-台南,2024-09-23,8458
3019,亞光,12,3,9,康和-台南,2024-09-23,8458
3037,欣興,11,2,9,康和-台南,2024-09-23,8458
1785,光洋科,14,6,8,康和-台南,2024-09-23,8458
3011,今皓,8,0,8,康和-台南,2024-09-23,8458
6194,育富,16,8,8,康和-台南,2024-09-23,8458
1721,三晃,14,7,7,康和-台南,2024-09-23,8458
2464,盟立,8,1,7,康和-台南,2024-09-23,8458
5452,佶優,7,0,7,康和-台南,2024-09-23,8458
2425,承啟,9,3,6,康和-台南,2024-09-23,8458
00937B,群益ESG投等債20,6,0,6,康和-台南,2024-09-23,8458
1336,台翰,6,0,6,康和-台南,2024-09-23,8458
1447,力鵬,6,0,6,康和-台南,2024-09-23,8458
1702,南僑,6,0,6,康和-台南,2024-09-23,8458
3312,弘憶股,6,0,6,康和-台南,2024-09-23,8458
2867,三商壽,6,0,6,康和-台南,2024-09-23,8458
8089,康全電訊,5,0,5,康和-台南,2024-09-23,8458
3202,樺晟,5,0,5,康和-台南,2024-09-23,8458
3362,先進光,5,0,5,康和-台南,2024-09-23,8458
3705,永信,5,0,5,康和-台南,2024-09-23,8458
912000,晨訊科-DR,5,0,5,康和-台南,2024-09-23,8458
8299,群聯,5,1,4,康和-台南,2024-09-23,8458
4979,華星光,4,0,4,康和-台南,2024-09-23,8458
00915,凱基優選高股息30,4,0,4,康和-台南,2024-09-23,8458
3374,精材,4,0,4,康和-台南,2024-09-23,8458
00680L,元大美債20正2,516,0,516,康和-台南,2024-09-24,8458
00942B,台新美A公司債20+,100,0,100,康和-台南,2024-09-24,8458
1720,生達,60,0,60,康和-台南,2024-09-24,8458
00679B,元大美債20年,61,10,51,康和-台南,2024-09-24,8458
3481,群創,42,1,41,康和-台南,2024-09-24,8458
00688L,國泰20年美債正2,50,20,30,康和-台南,2024-09-24,8458
1305,華夏,30,0,30,康和-台南,2024-09-24,8458
3052,夆典,30,0,30,康和-台南,2024-09-24,8458
3710,連展投控,25,0,25,康和-台南,2024-09-24,8458
00943,兆豐電子高息等權,22,0,22,康和-台南,2024-09-24,8458
1326,台化,21,0,21,康和-台南,2024-09-24,8458
2888,新光金,31,10,21,康和-台南,2024-09-24,8458
00937B,群益ESG投等債20,20,0,20,康和-台南,2024-09-24,8458
00687B,國泰20年美債,22,2,20,康和-台南,2024-09-24,8458
1539,巨庭,21,1,20,康和-台南,2024-09-24,8458
2515,中工,24,6,18,康和-台南,2024-09-24,8458
00929,復華台灣科技優息,26,9,17,康和-台南,2024-09-24,8458
3576,聯合再生,17,0,17,康和-台南,2024-09-24,8458
00671R,富邦NASDAQ反1,15,0,15,康和-台南,2024-09-24,8458
6405,悅城,28,13,15,康和-台南,2024-09-24,8458
2891,中信金,14,1,13,康和-台南,2024-09-24,8458
6446,藥華藥,12,0,12,康和-台南,2024-09-24,8458
00951,台新日本半導體,12,0,12,康和-台南,2024-09-24,8458
2497,怡利電,22,10,12,康和-台南,2024-09-24,8458
3665,貿聯-KY,13,1,12,康和-台南,2024-09-24,8458
6163,華電網,12,0,12,康和-台南,2024-09-24,8458
2388,威盛,16,5,11,康和-台南,2024-09-24,8458
3581,博磊,12,1,11,康和-台南,2024-09-24,8458
2812,台中銀,11,0,11,康和-台南,2024-09-24,8458
1316,上曜,11,1,10,康和-台南,2024-09-24,8458
1709,和益,10,0,10,康和-台南,2024-09-24,8458
6506,雙邦,10,0,10,康和-台南,2024-09-24,8458
6589,台康生技,11,1,10,康和-台南,2024-09-24,8458
8112,至上,10,0,10,康和-台南,2024-09-24,8458
00940,元大台灣價值高息,9,0,9,康和-台南,2024-09-24,8458
2377,微星,10,1,9,康和-台南,2024-09-24,8458
6197,佳必琪,12,3,9,康和-台南,2024-09-24,8458
6530,創威,9,0,9,康和-台南,2024-09-24,8458
1815,富喬,8,0,8,康和-台南,2024-09-24,8458
3013,晟銘電,19,11,8,康和-台南,2024-09-24,8458
2504,國產,7,0,7,康和-台南,2024-09-24,8458
3019,亞光,15,8,7,康和-台南,2024-09-24,8458
4979,華星光,9,2,7,康和-台南,2024-09-24,8458
00957B,兆豐US優選投等債,6,0,6,康和-台南,2024-09-24,8458
4566,時碩工業,6,0,6,康和-台南,2024-09-24,8458
5905,南仁湖,6,0,6,康和-台南,2024-09-24,8458
3149,正達,17,12,5,康和-台南,2024-09-24,8458
00945B,凱基美國非投等債,5,0,5,康和-台南,2024-09-24,8458
1609,大亞,5,0,5,康和-台南,2024-09-24,8458
1735,日勝化,5,0,5,康和-台南,2024-09-24,8458
00680L,元大美債20正2,100,0,100,康和-台南,2024-09-25,8458
00665L,富邦�琤肭磪囓�2,65,0,65,康和-台南,2024-09-25,8458
3481,群創,57,4,53,康和-台南,2024-09-25,8458
1720,生達,50,0,50,康和-台南,2024-09-25,8458
3455,由田,50,0,50,康和-台南,2024-09-25,8458
2610,華航,60,11,49,康和-台南,2024-09-25,8458
1711,永光,51,8,43,康和-台南,2024-09-25,8458
2888,新光金,48,17,31,康和-台南,2024-09-25,8458
6609,瀧澤科,23,1,22,康和-台南,2024-09-25,8458
3062,建漢,26,5,21,康和-台南,2024-09-25,8458
2377,微星,20,0,20,康和-台南,2024-09-25,8458
2905,三商,20,0,20,康和-台南,2024-09-25,8458
6274,台燿,40,21,19,康和-台南,2024-09-25,8458
00632R,元大台灣50反1,21,3,18,康和-台南,2024-09-25,8458
00679B,元大美債20年,20,2,18,康和-台南,2024-09-25,8458
00945B,凱基美國非投等債,17,0,17,康和-台南,2024-09-25,8458
2401,凌陽,37,20,17,康和-台南,2024-09-25,8458
6109,亞元,15,0,15,康和-台南,2024-09-25,8458
4977,眾達-KY,16,2,14,康和-台南,2024-09-25,8458
2329,華泰,13,0,13,康和-台南,2024-09-25,8458
6830,汎銓,16,3,13,康和-台南,2024-09-25,8458
3550,聯穎,23,11,12,康和-台南,2024-09-25,8458
4939,亞電,12,0,12,康和-台南,2024-09-25,8458
4974,亞泰,13,1,12,康和-台南,2024-09-25,8458
00795B,中信美國公債20年,36,25,11,康和-台南,2024-09-25,8458
6257,矽格,15,4,11,康和-台南,2024-09-25,8458
2801,彰銀,11,1,10,康和-台南,2024-09-25,8458
00671R,富邦NASDAQ反1,10,0,10,康和-台南,2024-09-25,8458
006205,富邦上証,10,0,10,康和-台南,2024-09-25,8458
1307,三芳,10,0,10,康和-台南,2024-09-25,8458
2323,中環,10,0,10,康和-台南,2024-09-25,8458
2351,順德,12,2,10,康和-台南,2024-09-25,8458
2464,盟立,11,1,10,康和-台南,2024-09-25,8458
2845,遠東銀,10,0,10,康和-台南,2024-09-25,8458
2887,台新金,10,0,10,康和-台南,2024-09-25,8458
3702A,大聯大甲特,10,0,10,康和-台南,2024-09-25,8458
2883,凱基金,15,5,10,康和-台南,2024-09-25,8458
2515,中工,10,1,9,康和-台南,2024-09-25,8458
00960,野村全球航運龍頭,28,19,9,康和-台南,2024-09-25,8458
2367,燿華,11,2,9,康和-台南,2024-09-25,8458
3498,陽程,10,1,9,康和-台南,2024-09-25,8458
6197,佳必琪,13,4,9,康和-台南,2024-09-25,8458
2891,中信金,8,0,8,康和-台南,2024-09-25,8458
3665,貿聯-KY,11,3,8,康和-台南,2024-09-25,8458
5483,中美晶,8,0,8,康和-台南,2024-09-25,8458
2399,映泰,19,12,7,康和-台南,2024-09-25,8458
4510,高鋒,50,43,7,康和-台南,2024-09-25,8458
6548,長科*,10,3,7,康和-台南,2024-09-25,8458
8473,山林水,7,0,7,康和-台南,2024-09-25,8458
2497,怡利電,25,18,7,康和-台南,2024-09-25,8458
00665L,富邦�琤肭磪囓�2,130,0,130,康和-台南,2024-09-26,8458
00942B,台新美A公司債20+,98,0,98,康和-台南,2024-09-26,8458
2363,矽統,110,16,94,康和-台南,2024-09-26,8458
00679B,元大美債20年,68,0,68,康和-台南,2024-09-26,8458
6770,力積電,60,0,60,康和-台南,2024-09-26,8458
00937B,群益ESG投等債20,54,1,53,康和-台南,2024-09-26,8458
2888,新光金,51,3,48,康和-台南,2024-09-26,8458
00945B,凱基美國非投等債,46,0,46,康和-台南,2024-09-26,8458
8110,華東,43,3,40,康和-台南,2024-09-26,8458
2331,精英,42,3,39,康和-台南,2024-09-26,8458
00948B,中信優息投資級債,31,0,31,康和-台南,2024-09-26,8458
2377,微星,30,0,30,康和-台南,2024-09-26,8458
0056,元大高股息,22,0,22,康和-台南,2024-09-26,8458
1815,富喬,17,0,17,康和-台南,2024-09-26,8458
00671R,富邦NASDAQ反1,15,0,15,康和-台南,2024-09-26,8458
1540,喬福,25,10,15,康和-台南,2024-09-26,8458
2801,彰銀,14,0,14,康和-台南,2024-09-26,8458
1316,上曜,16,2,14,康和-台南,2024-09-26,8458
00751B,元大AAA至A公司債,12,0,12,康和-台南,2024-09-26,8458
2347,聯強,11,0,11,康和-台南,2024-09-26,8458
3715,定穎投控,18,7,11,康和-台南,2024-09-26,8458
8096,擎亞,14,3,11,康和-台南,2024-09-26,8458
3019,亞光,18,7,11,康和-台南,2024-09-26,8458
00655L,國泰中國A50正2,10,0,10,康和-台南,2024-09-26,8458
1735,日勝化,10,0,10,康和-台南,2024-09-26,8458
8105,凌巨,10,0,10,康和-台南,2024-09-26,8458
3141,晶宏,10,1,9,康和-台南,2024-09-26,8458
6257,矽格,12,3,9,康和-台南,2024-09-26,8458
00960,野村全球航運龍頭,8,0,8,康和-台南,2024-09-26,8458
2344,華邦電,14,6,8,康和-台南,2024-09-26,8458
2464,盟立,9,1,8,康和-台南,2024-09-26,8458
2025,千興,7,0,7,康和-台南,2024-09-26,8458
3673,TPK-KY,16,9,7,康和-台南,2024-09-26,8458
8033,雷虎,7,0,7,康和-台南,2024-09-26,8458
1785,光洋科,26,19,7,康和-台南,2024-09-26,8458
1584,精剛,6,0,6,康和-台南,2024-09-26,8458
2409,友達,8,2,6,康和-台南,2024-09-26,8458
4906,正文,8,2,6,康和-台南,2024-09-26,8458
5371,中光電,6,0,6,康和-台南,2024-09-26,8458
2542,興富發,5,0,5,康和-台南,2024-09-26,8458
00954,中信日本半導體,5,0,5,康和-台南,2024-09-26,8458
1905,華紙,6,1,5,康和-台南,2024-09-26,8458
2312,金寶,5,0,5,康和-台南,2024-09-26,8458
2371,大同,5,0,5,康和-台南,2024-09-26,8458
2421,建準,5,0,5,康和-台南,2024-09-26,8458
3005,神基,6,1,5,康和-台南,2024-09-26,8458
3094,聯傑,11,6,5,康和-台南,2024-09-26,8458
3625,西勝,5,0,5,康和-台南,2024-09-26,8458
5512,力麒,16,11,5,康和-台南,2024-09-26,8458
6104,創惟,9,4,5,康和-台南,2024-09-26,8458
00680L,元大美債20正2,215,0,215,康和-台南,2024-09-27,8458
3550,聯穎,100,0,100,康和-台南,2024-09-27,8458
9907,統一實,70,0,70,康和-台南,2024-09-27,8458
5484,慧友,51,0,51,康和-台南,2024-09-27,8458
2409,友達,60,10,50,康和-台南,2024-09-27,8458
00960,野村全球航運龍頭,33,0,33,康和-台南,2024-09-27,8458
00948B,中信優息投資級債,30,0,30,康和-台南,2024-09-27,8458
1595,川寶,25,0,25,康和-台南,2024-09-27,8458
2376,技嘉,20,0,20,康和-台南,2024-09-27,8458
00795B,中信美國公債20年,20,0,20,康和-台南,2024-09-27,8458
2377,微星,21,1,20,康和-台南,2024-09-27,8458
8112,至上,22,3,19,康和-台南,2024-09-27,8458
00933B,國泰10Y+金融債,19,0,19,康和-台南,2024-09-27,8458
2615,萬海,34,17,17,康和-台南,2024-09-27,8458
2881,富邦金,17,1,16,康和-台南,2024-09-27,8458
3481,群創,41,26,15,康和-台南,2024-09-27,8458
3363,上詮,29,14,15,康和-台南,2024-09-27,8458
3163,波若威,31,16,15,康和-台南,2024-09-27,8458
00929,復華台灣科技優息,43,28,15,康和-台南,2024-09-27,8458
00922,國泰台灣領袖50,14,0,14,康和-台南,2024-09-27,8458
00715L,期街口布蘭特正2,14,0,14,康和-台南,2024-09-27,8458
6443,元晶,18,5,13,康和-台南,2024-09-27,8458
00687B,國泰20年美債,20,8,12,康和-台南,2024-09-27,8458
3037,欣興,15,3,12,康和-台南,2024-09-27,8458
2891,中信金,18,6,12,康和-台南,2024-09-27,8458
00937B,群益ESG投等債20,11,0,11,康和-台南,2024-09-27,8458
2399,映泰,11,0,11,康和-台南,2024-09-27,8458
3033,威健,11,0,11,康和-台南,2024-09-27,8458
3362,先進光,11,0,11,康和-台南,2024-09-27,8458
4979,華星光,19,8,11,康和-台南,2024-09-27,8458
6609,瀧澤科,12,1,11,康和-台南,2024-09-27,8458
00857B,永豐20年美公債,10,0,10,康和-台南,2024-09-27,8458
1402,遠東新,10,0,10,康和-台南,2024-09-27,8458
3265,台星科,10,0,10,康和-台南,2024-09-27,8458
4306,炎洲,10,0,10,康和-台南,2024-09-27,8458
6573,虹揚-KY,10,0,10,康和-台南,2024-09-27,8458
8105,凌巨,10,0,10,康和-台南,2024-09-27,8458
3047,訊舟,12,3,9,康和-台南,2024-09-27,8458
1540,喬福,15,6,9,康和-台南,2024-09-27,8458
4549,桓達,9,0,9,康和-台南,2024-09-27,8458
2070,精湛,12,4,8,康和-台南,2024-09-27,8458
1319,東陽,7,0,7,康和-台南,2024-09-27,8458
2313,華通,9,2,7,康和-台南,2024-09-27,8458
2359,所羅門,12,5,7,康和-台南,2024-09-27,8458
3715,定穎投控,16,9,7,康和-台南,2024-09-27,8458
8111,立��,12,5,7,康和-台南,2024-09-27,8458
00931B,統一美債20年,6,0,6,康和-台南,2024-09-27,8458
2388,威盛,9,3,6,康和-台南,2024-09-27,8458
3019,亞光,9,3,6,康和-台南,2024-09-27,8458
4551,智伸科,6,0,6,康和-台南,2024-09-27,8458
6770,力積電,130,10,120,康和-台南,2024-09-30,8458
2820,華票,90,0,90,康和-台南,2024-09-30,8458
00665L,富邦�琤肭磪囓�2,66,4,62,康和-台南,2024-09-30,8458
2905,三商,60,0,60,康和-台南,2024-09-30,8458
3481,群創,81,21,60,康和-台南,2024-09-30,8458
2845,遠東銀,50,0,50,康和-台南,2024-09-30,8458
00919,群益台灣精選高息,75,25,50,康和-台南,2024-09-30,8458
2303,聯電,47,0,47,康和-台南,2024-09-30,8458
2611,志信,40,0,40,康和-台南,2024-09-30,8458
1785,光洋科,35,4,31,康和-台南,2024-09-30,8458
2363,矽統,35,12,23,康和-台南,2024-09-30,8458
00939,統一台灣高息動能,22,2,20,康和-台南,2024-09-30,8458
1789,神隆,20,0,20,康和-台南,2024-09-30,8458
8112,至上,20,0,20,康和-台南,2024-09-30,8458
2609,陽明,21,3,18,康和-台南,2024-09-30,8458
2497,怡利電,27,9,18,康和-台南,2024-09-30,8458
2009,第一銅,17,1,16,康和-台南,2024-09-30,8458
2367,燿華,26,10,16,康和-台南,2024-09-30,8458
2888,新光金,22,6,16,康和-台南,2024-09-30,8458
00937B,群益ESG投等債20,15,0,15,康和-台南,2024-09-30,8458
2330,台積電,15,1,14,康和-台南,2024-09-30,8458
2317,鴻海,28,15,13,康和-台南,2024-09-30,8458
00679B,元大美債20年,12,1,11,康和-台南,2024-09-30,8458
6197,佳必琪,13,2,11,康和-台南,2024-09-30,8458
1307,三芳,11,0,11,康和-台南,2024-09-30,8458
006205,富邦上証,10,0,10,康和-台南,2024-09-30,8458
00795B,中信美國公債20年,154,144,10,康和-台南,2024-09-30,8458
2347,聯強,20,10,10,康和-台南,2024-09-30,8458
3036A,文曄甲特,10,0,10,康和-台南,2024-09-30,8458
3702A,大聯大甲特,10,0,10,康和-台南,2024-09-30,8458
6257,矽格,10,0,10,康和-台南,2024-09-30,8458
00878,國泰永續高股息,9,0,9,康和-台南,2024-09-30,8458
0056,元大高股息,9,0,9,康和-台南,2024-09-30,8458
0061,元大寶滬深,20,12,8,康和-台南,2024-09-30,8458
2028,威致,8,0,8,康和-台南,2024-09-30,8458
2313,華通,11,3,8,康和-台南,2024-09-30,8458
6152,百一,8,0,8,康和-台南,2024-09-30,8458
2449,京元電子,12,5,7,康和-台南,2024-09-30,8458
00918,大華優利高填息30,7,0,7,康和-台南,2024-09-30,8458
2882,國泰金,7,0,7,康和-台南,2024-09-30,8458
9907,統一實,10,3,7,康和-台南,2024-09-30,8458
2603,長榮,9,2,7,康和-台南,2024-09-30,8458
1734,杏輝,6,0,6,康和-台南,2024-09-30,8458
3019,亞光,6,0,6,康和-台南,2024-09-30,8458
3071,協禧,6,0,6,康和-台南,2024-09-30,8458
3362,先進光,6,0,6,康和-台南,2024-09-30,8458
6243,迅杰,6,0,6,康和-台南,2024-09-30,8458
8105,凌巨,6,0,6,康和-台南,2024-09-30,8458
8111,立��,21,15,6,康和-台南,2024-09-30,8458
9958,世紀鋼,8,2,6,康和-台南,2024-09-30,8458
00687B,國泰20年美債,270,39,231,康和-台南,2024-10-01,8458
00945B,凱基美國非投等債,150,0,150,康和-台南,2024-10-01,8458
2888,新光金,151,2,149,康和-台南,2024-10-01,8458
6770,力積電,138,15,123,康和-台南,2024-10-01,8458
00753L,中信中國50正2,102,0,102,康和-台南,2024-10-01,8458
1734,杏輝,69,0,69,康和-台南,2024-10-01,8458
00960,野村全球航運龍頭,60,0,60,康和-台南,2024-10-01,8458
00929,復華台灣科技優息,59,0,59,康和-台南,2024-10-01,8458
2881,富邦金,56,5,51,康和-台南,2024-10-01,8458
1539,巨庭,45,0,45,康和-台南,2024-10-01,8458
2363,矽統,32,0,32,康和-台南,2024-10-01,8458
00948B,中信優息投資級債,30,0,30,康和-台南,2024-10-01,8458
2399,映泰,34,11,23,康和-台南,2024-10-01,8458
0061,元大寶滬深,21,0,21,康和-台南,2024-10-01,8458
0056,元大高股息,21,0,21,康和-台南,2024-10-01,8458
2030,彰源,20,0,20,康和-台南,2024-10-01,8458
2515,中工,20,0,20,康和-台南,2024-10-01,8458
6443,元晶,22,2,20,康和-台南,2024-10-01,8458
9907,統一實,20,0,20,康和-台南,2024-10-01,8458
00679B,元大美債20年,20,2,18,康和-台南,2024-10-01,8458
3231,緯創,16,0,16,康和-台南,2024-10-01,8458
6509,聚和,16,0,16,康和-台南,2024-10-01,8458
00878,國泰永續高股息,16,0,16,康和-台南,2024-10-01,8458
2444,兆勁,15,0,15,康和-台南,2024-10-01,8458
2882,國泰金,15,0,15,康和-台南,2024-10-01,8458
00919,群益台灣精選高息,19,5,14,康和-台南,2024-10-01,8458
8249,菱光,12,0,12,康和-台南,2024-10-01,8458
2511,太子,11,0,11,康和-台南,2024-10-01,8458
00937B,群益ESG投等債20,15,5,10,康和-台南,2024-10-01,8458
1231,聯華食,10,0,10,康和-台南,2024-10-01,8458
00671R,富邦NASDAQ反1,10,0,10,康和-台南,2024-10-01,8458
1560,中砂,10,0,10,康和-台南,2024-10-01,8458
2347,聯強,10,0,10,康和-台南,2024-10-01,8458
2377,微星,10,0,10,康和-台南,2024-10-01,8458
2504,國產,9,0,9,康和-台南,2024-10-01,8458
3227,原相,11,3,8,康和-台南,2024-10-01,8458
2606,裕民,11,3,8,康和-台南,2024-10-01,8458
2615,萬海,12,6,6,康和-台南,2024-10-01,8458
00712,復華富時不動產,6,0,6,康和-台南,2024-10-01,8458
1524,耿鼎,6,0,6,康和-台南,2024-10-01,8458
1527,鑽全,6,0,6,康和-台南,2024-10-01,8458
2009,第一銅,9,3,6,康和-台南,2024-10-01,8458
2486,一詮,9,3,6,康和-台南,2024-10-01,8458
3058,立德,6,0,6,康和-台南,2024-10-01,8458
5443,均豪,8,2,6,康和-台南,2024-10-01,8458
6143,振曜,9,3,6,康和-台南,2024-10-01,8458
6160,欣技,6,0,6,康和-台南,2024-10-01,8458
2885,元大金,5,0,5,康和-台南,2024-10-01,8458
6239,力成,5,0,5,康和-台南,2024-10-01,8458
00665L,富邦�琤肭磪囓�2,5,0,5,康和-台南,2024-10-01,8458
2801,彰銀,91,0,91,康和-台南,2024-10-04,8458
2610,華航,67,2,65,康和-台南,2024-10-04,8458
00631L,元大台灣50正2,61,1,60,康和-台南,2024-10-04,8458
00642U,期元大S＆P石油,60,1,59,康和-台南,2024-10-04,8458
2014,中鴻,57,5,52,康和-台南,2024-10-04,8458
00919,群益台灣精選高息,44,2,42,康和-台南,2024-10-04,8458
00929,復華台灣科技優息,49,9,40,康和-台南,2024-10-04,8458
2609,陽明,42,4,38,康和-台南,2024-10-04,8458
2515,中工,31,0,31,康和-台南,2024-10-04,8458
1734,杏輝,30,0,30,康和-台南,2024-10-04,8458
2611,志信,30,0,30,康和-台南,2024-10-04,8458
3481,群創,36,6,30,康和-台南,2024-10-04,8458
1718,中纖,30,1,29,康和-台南,2024-10-04,8458
8091,翔名,28,0,28,康和-台南,2024-10-04,8458
1539,巨庭,34,7,27,康和-台南,2024-10-04,8458
4909,新復興,27,3,24,康和-台南,2024-10-04,8458
00679B,元大美債20年,23,0,23,康和-台南,2024-10-04,8458
2882,國泰金,31,10,21,康和-台南,2024-10-04,8458
2401,凌陽,20,0,20,康和-台南,2024-10-04,8458
00943,兆豐電子高息等權,19,0,19,康和-台南,2024-10-04,8458
2303,聯電,20,2,18,康和-台南,2024-10-04,8458
2603,長榮,18,1,17,康和-台南,2024-10-04,8458
8033,雷虎,17,0,17,康和-台南,2024-10-04,8458
1802,台玻,53,37,16,康和-台南,2024-10-04,8458
2618,長榮航,25,9,16,康和-台南,2024-10-04,8458
8068,全達,16,0,16,康和-台南,2024-10-04,8458
0056,元大高股息,17,1,16,康和-台南,2024-10-04,8458
1721,三晃,39,26,13,康和-台南,2024-10-04,8458
3019,亞光,13,0,13,康和-台南,2024-10-04,8458
00712,復華富時不動產,13,2,11,康和-台南,2024-10-04,8458
00680L,元大美債20正2,11,0,11,康和-台南,2024-10-04,8458
1309,台達化,11,0,11,康和-台南,2024-10-04,8458
2425,承啟,12,1,11,康和-台南,2024-10-04,8458
3498,陽程,10,0,10,康和-台南,2024-10-04,8458
2884,玉山金,10,0,10,康和-台南,2024-10-04,8458
00671R,富邦NASDAQ反1,10,0,10,康和-台南,2024-10-04,8458
00930,永豐ESG低碳高息,10,0,10,康和-台南,2024-10-04,8458
00885,富邦越南,10,0,10,康和-台南,2024-10-04,8458
00937B,群益ESG投等債20,10,0,10,康和-台南,2024-10-04,8458
1307,三芳,10,0,10,康和-台南,2024-10-04,8458
4956,光鋐,10,0,10,康和-台南,2024-10-04,8458
5014,建錩,11,1,10,康和-台南,2024-10-04,8458
6134,萬旭,18,8,10,康和-台南,2024-10-04,8458
00918,大華優利高填息30,9,0,9,康和-台南,2024-10-04,8458
0050,元大台灣50,10,2,8,康和-台南,2024-10-04,8458
2331,精英,10,2,8,康和-台南,2024-10-04,8458
2449,京元電子,9,1,8,康和-台南,2024-10-04,8458
3062,建漢,11,3,8,康和-台南,2024-10-04,8458
5309,系統電,8,0,8,康和-台南,2024-10-04,8458
8039,台虹,19,11,8,康和-台南,2024-10-04,8458
00706L,期元大S＆P日圓正2,222,0,222,康和-台南,2024-10-07,8458
3481,群創,67,1,66,康和-台南,2024-10-07,8458
00665L,富邦�琤肭磪囓�2,51,0,51,康和-台南,2024-10-07,8458
00948B,中信優息投資級債,50,0,50,康和-台南,2024-10-07,8458
1714,和桐,50,0,50,康和-台南,2024-10-07,8458
00637L,元大滬深300正2,153,114,39,康和-台南,2024-10-07,8458
2606,裕民,36,0,36,康和-台南,2024-10-07,8458
1305,華夏,30,0,30,康和-台南,2024-10-07,8458
00922,國泰台灣領袖50,28,2,26,康和-台南,2024-10-07,8458
6425,易發,29,8,21,康和-台南,2024-10-07,8458
3576,聯合再生,25,5,20,康和-台南,2024-10-07,8458
1229,聯華,19,0,19,康和-台南,2024-10-07,8458
1718,中纖,20,1,19,康和-台南,2024-10-07,8458
00878,國泰永續高股息,18,0,18,康和-台南,2024-10-07,8458
1711,永光,23,5,18,康和-台南,2024-10-07,8458
2356,英業達,16,0,16,康和-台南,2024-10-07,8458
1314,中石化,50,35,15,康和-台南,2024-10-07,8458
2820,華票,20,5,15,康和-台南,2024-10-07,8458
2615,萬海,19,6,13,康和-台南,2024-10-07,8458
00753L,中信中國50正2,101,90,11,康和-台南,2024-10-07,8458
00943,兆豐電子高息等權,10,0,10,康和-台南,2024-10-07,8458
2355,敬鵬,10,0,10,康和-台南,2024-10-07,8458
2313,華通,9,0,9,康和-台南,2024-10-07,8458
00919,群益台灣精選高息,19,11,8,康和-台南,2024-10-07,8458
1605,華新,8,0,8,康和-台南,2024-10-07,8458
2363,矽統,11,3,8,康和-台南,2024-10-07,8458
2382,廣達,14,6,8,康和-台南,2024-10-07,8458
2317,鴻海,32,25,7,康和-台南,2024-10-07,8458
00679B,元大美債20年,7,0,7,康和-台南,2024-10-07,8458
1454,台富,7,0,7,康和-台南,2024-10-07,8458
2421,建準,7,0,7,康和-台南,2024-10-07,8458
3591,艾笛森,12,5,7,康和-台南,2024-10-07,8458
8091,翔名,7,0,7,康和-台南,2024-10-07,8458
4979,華星光,10,3,7,康和-台南,2024-10-07,8458
8996,高力,7,0,7,康和-台南,2024-10-07,8458
00712,復華富時不動產,6,0,6,康和-台南,2024-10-07,8458
3013,晟銘電,10,4,6,康和-台南,2024-10-07,8458
00752,中信中國50,6,0,6,康和-台南,2024-10-07,8458
3038,全台,6,0,6,康和-台南,2024-10-07,8458
2515,中工,62,57,5,康和-台南,2024-10-07,8458
3550,聯穎,6,1,5,康和-台南,2024-10-07,8458
2887,台新金,5,0,5,康和-台南,2024-10-07,8458
00671R,富邦NASDAQ反1,5,0,5,康和-台南,2024-10-07,8458
1569,濱川,8,3,5,康和-台南,2024-10-07,8458
1710,東聯,5,0,5,康和-台南,2024-10-07,8458
1717,長興,10,5,5,康和-台南,2024-10-07,8458
1909,榮成,5,0,5,康和-台南,2024-10-07,8458
2486,一詮,12,7,5,康和-台南,2024-10-07,8458
2495,普安,5,0,5,康和-台南,2024-10-07,8458
2633,台灣高鐵,5,0,5,康和-台南,2024-10-07,8458
2103,台橡,638,0,638,康和-台南,2024-10-08,8458
00753L,中信中國50正2,428,124,304,康和-台南,2024-10-08,8458
8404,百和興業-KY,134,0,134,康和-台南,2024-10-08,8458
00680L,元大美債20正2,125,9,116,康和-台南,2024-10-08,8458
00688L,國泰20年美債正2,100,4,96,康和-台南,2024-10-08,8458
00637L,元大滬深300正2,277,186,91,康和-台南,2024-10-08,8458
2317,鴻海,94,23,71,康和-台南,2024-10-08,8458
3481,群創,51,3,48,康和-台南,2024-10-08,8458
2880,華南金,42,0,42,康和-台南,2024-10-08,8458
2883,凱基金,41,0,41,康和-台南,2024-10-08,8458
1326,台化,40,0,40,康和-台南,2024-10-08,8458
00937B,群益ESG投等債20,40,0,40,康和-台南,2024-10-08,8458
00929,復華台灣科技優息,33,0,33,康和-台南,2024-10-08,8458
00751B,元大AAA至A公司債,32,0,32,康和-台南,2024-10-08,8458
00919,群益台灣精選高息,31,0,31,康和-台南,2024-10-08,8458
1305,華夏,30,0,30,康和-台南,2024-10-08,8458
2511,太子,30,0,30,康和-台南,2024-10-08,8458
2367,燿華,31,5,26,康和-台南,2024-10-08,8458
2515,中工,25,0,25,康和-台南,2024-10-08,8458
00665L,富邦�琤肭磪囓�2,25,0,25,康和-台南,2024-10-08,8458
00940,元大台灣價值高息,24,0,24,康和-台南,2024-10-08,8458
00878,國泰永續高股息,21,0,21,康和-台南,2024-10-08,8458
2845,遠東銀,21,0,21,康和-台南,2024-10-08,8458
1711,永光,21,0,21,康和-台南,2024-10-08,8458
2601,益航,25,4,21,康和-台南,2024-10-08,8458
00900,富邦特選高股息30,20,0,20,康和-台南,2024-10-08,8458
1718,中纖,40,20,20,康和-台南,2024-10-08,8458
2832,台產,20,0,20,康和-台南,2024-10-08,8458
6642,富致,20,0,20,康和-台南,2024-10-08,8458
00922,國泰台灣領袖50,19,0,19,康和-台南,2024-10-08,8458
1802,台玻,19,0,19,康和-台南,2024-10-08,8458
2399,映泰,53,34,19,康和-台南,2024-10-08,8458
1229,聯華,15,0,15,康和-台南,2024-10-08,8458
1717,長興,15,0,15,康和-台南,2024-10-08,8458
00712,復華富時不動產,14,0,14,康和-台南,2024-10-08,8458
00918,大華優利高填息30,11,0,11,康和-台南,2024-10-08,8458
3234,光環,14,3,11,康和-台南,2024-10-08,8458
6533,晶心科,11,0,11,康和-台南,2024-10-08,8458
0050,元大台灣50,11,0,11,康和-台南,2024-10-08,8458
00936,台新永續高息中小,10,0,10,康和-台南,2024-10-08,8458
2101,南港,11,1,10,康和-台南,2024-10-08,8458
2444,兆勁,10,0,10,康和-台南,2024-10-08,8458
2838A,聯邦銀甲特,10,0,10,康和-台南,2024-10-08,8458
3019,亞光,10,0,10,康和-台南,2024-10-08,8458
3036A,文曄甲特,10,0,10,康和-台南,2024-10-08,8458
3702A,大聯大甲特,10,0,10,康和-台南,2024-10-08,8458
6134,萬旭,35,25,10,康和-台南,2024-10-08,8458
00752,中信中國50,11,2,9,康和-台南,2024-10-08,8458
1303,南亞,9,0,9,康和-台南,2024-10-08,8458
1809,中釉,10,1,9,康和-台南,2024-10-08,8458
00753L,中信中國50正2,213,100,113,康和-台南,2024-10-09,8458
00637L,元大滬深300正2,116,19,97,康和-台南,2024-10-09,8458
2511,太子,65,0,65,康和-台南,2024-10-09,8458
2606,裕民,63,0,63,康和-台南,2024-10-09,8458
2002,中鋼,61,0,61,康和-台南,2024-10-09,8458
6770,力積電,74,14,60,康和-台南,2024-10-09,8458
3481,群創,58,6,52,康和-台南,2024-10-09,8458
8112,至上,52,0,52,康和-台南,2024-10-09,8458
2618,長榮航,61,20,41,康和-台南,2024-10-09,8458
5014,建錩,41,2,39,康和-台南,2024-10-09,8458
1314,中石化,108,71,37,康和-台南,2024-10-09,8458
2892,第一金,45,9,36,康和-台南,2024-10-09,8458
00882,中信中國高股息,35,0,35,康和-台南,2024-10-09,8458
1718,中纖,32,0,32,康和-台南,2024-10-09,8458
00650L,復華香港正2,30,0,30,康和-台南,2024-10-09,8458
1305,華夏,30,0,30,康和-台南,2024-10-09,8458
3036,文曄,30,0,30,康和-台南,2024-10-09,8458
00907,永豐優息存股,30,1,29,康和-台南,2024-10-09,8458
00948B,中信優息投資級債,28,0,28,康和-台南,2024-10-09,8458
3025,星通,42,14,28,康和-台南,2024-10-09,8458
1316,上曜,26,0,26,康和-台南,2024-10-09,8458
00665L,富邦�琤肭磪囓�2,55,30,25,康和-台南,2024-10-09,8458
3715,定穎投控,23,0,23,康和-台南,2024-10-09,8458
2515,中工,22,0,22,康和-台南,2024-10-09,8458
1734,杏輝,20,0,20,康和-台南,2024-10-09,8458
6284,佳邦,20,0,20,康和-台南,2024-10-09,8458
00940,元大台灣價值高息,20,1,19,康和-台南,2024-10-09,8458
3605,宏致,20,1,19,康和-台南,2024-10-09,8458
4977,眾達-KY,24,5,19,康和-台南,2024-10-09,8458
2363,矽統,41,22,19,康和-台南,2024-10-09,8458
2367,燿華,42,26,16,康和-台南,2024-10-09,8458
8028,昇陽半導體,15,0,15,康和-台南,2024-10-09,8458
2243,宏旭-KY,20,5,15,康和-台南,2024-10-09,8458
3234,光環,19,4,15,康和-台南,2024-10-09,8458
3710,連展投控,11,0,11,康和-台南,2024-10-09,8458
6216,居易,11,0,11,康和-台南,2024-10-09,8458
2382,廣達,32,21,11,康和-台南,2024-10-09,8458
00937B,群益ESG投等債20,10,0,10,康和-台南,2024-10-09,8458
6187,萬潤,10,0,10,康和-台南,2024-10-09,8458
2402,毅嘉,13,3,10,康和-台南,2024-10-09,8458
2455,全新,11,1,10,康和-台南,2024-10-09,8458
6120,達運,10,0,10,康和-台南,2024-10-09,8458
0056,元大高股息,10,0,10,康和-台南,2024-10-09,8458
00680L,元大美債20正2,9,0,9,康和-台南,2024-10-09,8458
00712,復華富時不動產,9,0,9,康和-台南,2024-10-09,8458
00752,中信中國50,8,0,8,康和-台南,2024-10-09,8458
5230,雷笛克光學,8,0,8,康和-台南,2024-10-09,8458
2498,宏達電,12,5,7,康和-台南,2024-10-09,8458
2399,映泰,19,12,7,康和-台南,2024-10-09,8458
00720B,元大投資級公司債,7,0,7,康和-台南,2024-10-09,8458
00953B,群益優選非投等債,102,0,102,康和-台南,2024-10-11,8458
00631L,元大台灣50正2,102,0,102,康和-台南,2024-10-11,8458
2801,彰銀,90,0,90,康和-台南,2024-10-11,8458
6770,力積電,60,0,60,康和-台南,2024-10-11,8458
2317,鴻海,71,23,48,康和-台南,2024-10-11,8458
2449,京元電子,43,3,40,康和-台南,2024-10-11,8458
00919,群益台灣精選高息,33,1,32,康和-台南,2024-10-11,8458
2515,中工,31,0,31,康和-台南,2024-10-11,8458
1734,杏輝,30,0,30,康和-台南,2024-10-11,8458
3052,夆典,30,0,30,康和-台南,2024-10-11,8458
6284,佳邦,30,0,30,康和-台南,2024-10-11,8458
5009,榮剛,30,8,22,康和-台南,2024-10-11,8458
00688L,國泰20年美債正2,23,2,21,康和-台南,2024-10-11,8458
00637L,元大滬深300正2,82,62,20,康和-台南,2024-10-11,8458
1229,聯華,20,0,20,康和-台南,2024-10-11,8458
2406,國碩,20,0,20,康和-台南,2024-10-11,8458
6241,易通展,19,0,19,康和-台南,2024-10-11,8458
1308,亞聚,15,0,15,康和-台南,2024-10-11,8458
1815,富喬,16,1,15,康和-台南,2024-10-11,8458
3163,波若威,38,25,13,康和-台南,2024-10-11,8458
4306,炎洲,13,0,13,康和-台南,2024-10-11,8458
4909,新復興,13,0,13,康和-台南,2024-10-11,8458
6160,欣技,13,0,13,康和-台南,2024-10-11,8458
1312,國喬,12,0,12,康和-台南,2024-10-11,8458
8033,雷虎,15,3,12,康和-台南,2024-10-11,8458
6216,居易,35,23,12,康和-台南,2024-10-11,8458
3303,岱稜,11,0,11,康和-台南,2024-10-11,8458
00753L,中信中國50正2,15,4,11,康和-台南,2024-10-11,8458
00918,大華優利高填息30,18,7,11,康和-台南,2024-10-11,8458
2388,威盛,12,1,11,康和-台南,2024-10-11,8458
2493,揚博,11,0,11,康和-台南,2024-10-11,8458
3580,友威科,12,1,11,康和-台南,2024-10-11,8458
8996,高力,11,0,11,康和-台南,2024-10-11,8458
00662,富邦NASDAQ,10,0,10,康和-台南,2024-10-11,8458
00830,國泰費城半導體,10,0,10,康和-台南,2024-10-11,8458
00671R,富邦NASDAQ反1,10,0,10,康和-台南,2024-10-11,8458
00680L,元大美債20正2,10,0,10,康和-台南,2024-10-11,8458
1313,聯成,10,0,10,康和-台南,2024-10-11,8458
2323,中環,10,0,10,康和-台南,2024-10-11,8458
3049,精金,16,6,10,康和-台南,2024-10-11,8458
3591,艾笛森,13,3,10,康和-台南,2024-10-11,8458
5905,南仁湖,10,0,10,康和-台南,2024-10-11,8458
6220,岳豐,11,1,10,康和-台南,2024-10-11,8458
5309,系統電,9,0,9,康和-台南,2024-10-11,8458
00887,永豐中國科技50大,9,1,8,康和-台南,2024-10-11,8458
1560,中砂,8,0,8,康和-台南,2024-10-11,8458
1605,華新,14,6,8,康和-台南,2024-10-11,8458
6510,精測,9,1,8,康和-台南,2024-10-11,8458
00912,中信臺灣智慧50,7,0,7,康和-台南,2024-10-11,8458
1611,中電,8,1,7,康和-台南,2024-10-11,8458
2618,長榮航,63,1,62,康和-台南,2024-10-14,8458
2820,華票,60,0,60,康和-台南,2024-10-14,8458
00887,永豐中國科技50大,49,1,48,康和-台南,2024-10-14,8458
2881,富邦金,51,9,42,康和-台南,2024-10-14,8458
9105,泰金寶-DR,40,2,38,康和-台南,2024-10-14,8458
6530,創威,35,3,32,康和-台南,2024-10-14,8458
2801,彰銀,30,0,30,康和-台南,2024-10-14,8458
0056,元大高股息,33,4,29,康和-台南,2024-10-14,8458
2312,金寶,37,13,24,康和-台南,2024-10-14,8458
3704,合勤控,22,2,20,康和-台南,2024-10-14,8458
3234,光環,29,12,17,康和-台南,2024-10-14,8458
6117,迎廣,23,7,16,康和-台南,2024-10-14,8458
00679B,元大美債20年,13,0,13,康和-台南,2024-10-14,8458
2495,普安,13,0,13,康和-台南,2024-10-14,8458
00687B,國泰20年美債,13,0,13,康和-台南,2024-10-14,8458
00751B,元大AAA至A公司債,12,0,12,康和-台南,2024-10-14,8458
2412,中華電,12,0,12,康和-台南,2024-10-14,8458
6187,萬潤,12,1,11,康和-台南,2024-10-14,8458
6123,上奇,12,1,11,康和-台南,2024-10-14,8458
00680L,元大美債20正2,11,1,10,康和-台南,2024-10-14,8458
00671R,富邦NASDAQ反1,10,0,10,康和-台南,2024-10-14,8458
00857B,永豐20年美公債,10,0,10,康和-台南,2024-10-14,8458
5009,榮剛,10,0,10,康和-台南,2024-10-14,8458
6156,松上,10,0,10,康和-台南,2024-10-14,8458
8089,康全電訊,11,1,10,康和-台南,2024-10-14,8458
8110,華東,10,0,10,康和-台南,2024-10-14,8458
8466,美吉吉-KY,10,0,10,康和-台南,2024-10-14,8458
6451,訊芯-KY,22,13,9,康和-台南,2024-10-14,8458
1514,亞力,12,3,9,康和-台南,2024-10-14,8458
1569,濱川,14,5,9,康和-台南,2024-10-14,8458
4104,佳醫,9,0,9,康和-台南,2024-10-14,8458
2317,鴻海,22,13,9,康和-台南,2024-10-14,8458
00753L,中信中國50正2,13,5,8,康和-台南,2024-10-14,8458
00943,兆豐電子高息等權,8,0,8,康和-台南,2024-10-14,8458
00662,富邦NASDAQ,7,0,7,康和-台南,2024-10-14,8458
3013,晟銘電,16,9,7,康和-台南,2024-10-14,8458
2882,國泰金,6,0,6,康和-台南,2024-10-14,8458
2887,台新金,6,0,6,康和-台南,2024-10-14,8458
1597,直得,6,0,6,康和-台南,2024-10-14,8458
2344,華邦電,6,0,6,康和-台南,2024-10-14,8458
4564,元翎,6,0,6,康和-台南,2024-10-14,8458
00905,FT臺灣Smart,5,0,5,康和-台南,2024-10-14,8458
00877,復華中國5G,5,0,5,康和-台南,2024-10-14,8458
00634R,富邦上証反1,5,0,5,康和-台南,2024-10-14,8458
1785,光洋科,9,4,5,康和-台南,2024-10-14,8458
2356,英業達,10,5,5,康和-台南,2024-10-14,8458
2367,燿華,5,0,5,康和-台南,2024-10-14,8458
4303,信立,6,1,5,康和-台南,2024-10-14,8458
6016,康和證,5,0,5,康和-台南,2024-10-14,8458
6164,華興,5,0,5,康和-台南,2024-10-14,8458
00679B,元大美債20年,517,0,517,康和-台南,2024-10-15,8458
2801,彰銀,164,1,163,康和-台南,2024-10-15,8458
00680L,元大美債20正2,120,10,110,康和-台南,2024-10-15,8458
00753L,中信中國50正2,81,3,78,康和-台南,2024-10-15,8458
1727,中華化,54,1,53,康和-台南,2024-10-15,8458
2867,三商壽,50,0,50,康和-台南,2024-10-15,8458
00637L,元大滬深300正2,84,36,48,康和-台南,2024-10-15,8458
3062,建漢,113,65,48,康和-台南,2024-10-15,8458
00665L,富邦�琤肭磪囓�2,77,40,37,康和-台南,2024-10-15,8458
3149,正達,42,10,32,康和-台南,2024-10-15,8458
00720B,元大投資級公司債,30,0,30,康和-台南,2024-10-15,8458
3704,合勤控,30,0,30,康和-台南,2024-10-15,8458
00948B,中信優息投資級債,28,0,28,康和-台南,2024-10-15,8458
00715L,期街口布蘭特正2,26,0,26,康和-台南,2024-10-15,8458
00937B,群益ESG投等債20,24,0,24,康和-台南,2024-10-15,8458
00887,永豐中國科技50大,25,1,24,康和-台南,2024-10-15,8458
00687B,國泰20年美債,139,117,22,康和-台南,2024-10-15,8458
1308,亞聚,22,0,22,康和-台南,2024-10-15,8458
00907,永豐優息存股,25,5,20,康和-台南,2024-10-15,8458
2820,華票,20,0,20,康和-台南,2024-10-15,8458
2905,三商,20,0,20,康和-台南,2024-10-15,8458
6245,立端,20,0,20,康和-台南,2024-10-15,8458
3710,連展投控,24,5,19,康和-台南,2024-10-15,8458
4956,光鋐,28,13,15,康和-台南,2024-10-15,8458
3013,晟銘電,37,23,14,康和-台南,2024-10-15,8458
2383,台光電,14,0,14,康和-台南,2024-10-15,8458
8054,安國,18,4,14,康和-台南,2024-10-15,8458
6706,惠特,18,5,13,康和-台南,2024-10-15,8458
1324,地球,13,0,13,康和-台南,2024-10-15,8458
4979,華星光,27,14,13,康和-台南,2024-10-15,8458
2610,華航,13,1,12,康和-台南,2024-10-15,8458
5225,東科-KY,20,8,12,康和-台南,2024-10-15,8458
5452,佶優,30,18,12,康和-台南,2024-10-15,8458
6548,長科*,12,0,12,康和-台南,2024-10-15,8458
8011,台通,18,7,11,康和-台南,2024-10-15,8458
2241,艾姆勒,13,2,11,康和-台南,2024-10-15,8458
2313,華通,11,0,11,康和-台南,2024-10-15,8458
1569,濱川,10,0,10,康和-台南,2024-10-15,8458
3029,零壹,13,3,10,康和-台南,2024-10-15,8458
3033,威健,10,0,10,康和-台南,2024-10-15,8458
5521,工信,10,0,10,康和-台南,2024-10-15,8458
6216,居易,13,3,10,康和-台南,2024-10-15,8458
6443,元晶,15,5,10,康和-台南,2024-10-15,8458
912000,晨訊科-DR,10,0,10,康和-台南,2024-10-15,8458
3374,精材,9,1,8,康和-台南,2024-10-15,8458
4909,新復興,11,3,8,康和-台南,2024-10-15,8458
6743,安普新,8,0,8,康和-台南,2024-10-15,8458
5230,雷笛克光學,7,0,7,康和-台南,2024-10-15,8458
2472,立隆電,7,0,7,康和-台南,2024-10-15,8458
4927,泰鼎-KY,7,0,7,康和-台南,2024-10-15,8458
1310,台苯,70,0,70,康和-台南,2024-10-16,8458
00887,永豐中國科技50大,59,3,56,康和-台南,2024-10-16,8458
00922,國泰台灣領袖50,54,2,52,康和-台南,2024-10-16,8458
1309,台達化,50,0,50,康和-台南,2024-10-16,8458
00948B,中信優息投資級債,38,0,38,康和-台南,2024-10-16,8458
0056,元大高股息,32,0,32,康和-台南,2024-10-16,8458
3036,文曄,32,2,30,康和-台南,2024-10-16,8458
2367,燿華,40,13,27,康和-台南,2024-10-16,8458
00687B,國泰20年美債,28,4,24,康和-台南,2024-10-16,8458
2002,中鋼,23,0,23,康和-台南,2024-10-16,8458
00637L,元大滬深300正2,62,41,21,康和-台南,2024-10-16,8458
3511,矽瑪,19,0,19,康和-台南,2024-10-16,8458
2314,台揚,20,2,18,康和-台南,2024-10-16,8458
2313,華通,18,3,15,康和-台南,2024-10-16,8458
2401,凌陽,23,9,14,康和-台南,2024-10-16,8458
2317,鴻海,36,23,13,康和-台南,2024-10-16,8458
6126,信音,13,0,13,康和-台南,2024-10-16,8458
6215,和椿,15,2,13,康和-台南,2024-10-16,8458
1416,廣豐,12,0,12,康和-台南,2024-10-16,8458
1714,和桐,12,0,12,康和-台南,2024-10-16,8458
6530,創威,20,8,12,康和-台南,2024-10-16,8458
2363,矽統,14,3,11,康和-台南,2024-10-16,8458
2344,華邦電,10,0,10,康和-台南,2024-10-16,8458
2605,新興,10,0,10,康和-台南,2024-10-16,8458
2634,漢翔,10,0,10,康和-台南,2024-10-16,8458
5521,工信,10,0,10,康和-台南,2024-10-16,8458
2330,台積電,17,8,9,康和-台南,2024-10-16,8458
6274,台燿,9,0,9,康和-台南,2024-10-16,8458
6658,聯策,10,1,9,康和-台南,2024-10-16,8458
00919,群益台灣精選高息,8,0,8,康和-台南,2024-10-16,8458
00900,富邦特選高股息30,20,12,8,康和-台南,2024-10-16,8458
2303,聯電,8,0,8,康和-台南,2024-10-16,8458
1786,科妍,7,0,7,康和-台南,2024-10-16,8458
5483,中美晶,7,0,7,康和-台南,2024-10-16,8458
00929,復華台灣科技優息,13,6,7,康和-台南,2024-10-16,8458
1785,光洋科,7,1,6,康和-台南,2024-10-16,8458
8011,台通,6,0,6,康和-台南,2024-10-16,8458
3450,聯鈞,20,14,6,康和-台南,2024-10-16,8458
1308,亞聚,6,0,6,康和-台南,2024-10-16,8458
6416,瑞祺電通,6,0,6,康和-台南,2024-10-16,8458
00688L,國泰20年美債正2,5,0,5,康和-台南,2024-10-16,8458
00638R,元大滬深300反1,5,0,5,康和-台南,2024-10-16,8458
1303,南亞,5,0,5,康和-台南,2024-10-16,8458
1313,聯成,5,0,5,康和-台南,2024-10-16,8458
1905,華紙,5,0,5,康和-台南,2024-10-16,8458
2031,新光鋼,6,1,5,康和-台南,2024-10-16,8458
2439,美律,5,0,5,康和-台南,2024-10-16,8458
2441,超豐,5,0,5,康和-台南,2024-10-16,8458
2913,農林,5,0,5,康和-台南,2024-10-16,8458
6167,久正,6,1,5,康和-台南,2024-10-16,8458
00960,野村全球航運龍頭,60,0,60,康和-台南,2024-10-17,8458
3710,連展投控,60,3,57,康和-台南,2024-10-17,8458
2882,國泰金,44,13,31,康和-台南,2024-10-17,8458
00887,永豐中國科技50大,46,17,29,康和-台南,2024-10-17,8458
2376,技嘉,41,12,29,康和-台南,2024-10-17,8458
2888,新光金,26,0,26,康和-台南,2024-10-17,8458
1708,東鹼,23,0,23,康和-台南,2024-10-17,8458
00665L,富邦�琤肭磪囓�2,41,20,21,康和-台南,2024-10-17,8458
00941,中信上游半導體,20,0,20,康和-台南,2024-10-17,8458
3062,建漢,41,25,16,康和-台南,2024-10-17,8458
3615,安可,20,5,15,康和-台南,2024-10-17,8458
00922,國泰台灣領袖50,24,10,14,康和-台南,2024-10-17,8458
3060,銘異,20,6,14,康和-台南,2024-10-17,8458
2486,一詮,15,2,13,康和-台南,2024-10-17,8458
0056,元大高股息,13,1,12,康和-台南,2024-10-17,8458
2421,建準,12,0,12,康和-台南,2024-10-17,8458
2634,漢翔,11,0,11,康和-台南,2024-10-17,8458
1727,中華化,12,1,11,康和-台南,2024-10-17,8458
00687B,國泰20年美債,20,10,10,康和-台南,2024-10-17,8458
3041,揚智,10,0,10,康和-台南,2024-10-17,8458
00637L,元大滬深300正2,80,70,10,康和-台南,2024-10-17,8458
00671R,富邦NASDAQ反1,10,0,10,康和-台南,2024-10-17,8458
1718,中纖,10,0,10,康和-台南,2024-10-17,8458
2444,兆勁,10,0,10,康和-台南,2024-10-17,8458
5521,工信,10,0,10,康和-台南,2024-10-17,8458
8069,元太,10,0,10,康和-台南,2024-10-17,8458
3013,晟銘電,60,50,10,康和-台南,2024-10-17,8458
3149,正達,12,3,9,康和-台南,2024-10-17,8458
00959B,大華投等美債15Y+,10,1,9,康和-台南,2024-10-17,8458
2399,映泰,27,18,9,康和-台南,2024-10-17,8458
4533,協易機,9,0,9,康和-台南,2024-10-17,8458
3591,艾笛森,9,0,9,康和-台南,2024-10-17,8458
00919,群益台灣精選高息,8,0,8,康和-台南,2024-10-17,8458
00715L,期街口布蘭特正2,8,0,8,康和-台南,2024-10-17,8458
3231,緯創,14,6,8,康和-台南,2024-10-17,8458
3576,聯合再生,8,0,8,康和-台南,2024-10-17,8458
8374,羅昇,27,19,8,康和-台南,2024-10-17,8458
2330,台積電,9,2,7,康和-台南,2024-10-17,8458
00662,富邦NASDAQ,7,0,7,康和-台南,2024-10-17,8458
3379,彬台,16,9,7,康和-台南,2024-10-17,8458
6274,台燿,7,1,6,康和-台南,2024-10-17,8458
00633L,富邦上証正2,6,0,6,康和-台南,2024-10-17,8458
1454,台富,6,0,6,康和-台南,2024-10-17,8458
1809,中釉,6,0,6,康和-台南,2024-10-17,8458
3049,精金,6,0,6,康和-台南,2024-10-17,8458
3066,李洲,7,1,6,康和-台南,2024-10-17,8458
6179,亞通,6,0,6,康和-台南,2024-10-17,8458
1569,濱川,6,1,5,康和-台南,2024-10-17,8458
2243,宏旭-KY,5,0,5,康和-台南,2024-10-17,8458
2303,聯電,5,0,5,康和-台南,2024-10-17,8458
3052,夆典,135,0,135,康和-台南,2024-10-18,8458
3710,連展投控,121,13,108,康和-台南,2024-10-18,8458
6770,力積電,70,0,70,康和-台南,2024-10-18,8458
2303,聯電,71,3,68,康和-台南,2024-10-18,8458
00632R,元大台灣50反1,51,0,51,康和-台南,2024-10-18,8458
1721,三晃,55,11,44,康和-台南,2024-10-18,8458
2489,瑞軒,31,0,31,康和-台南,2024-10-18,8458
2367,燿華,48,18,30,康和-台南,2024-10-18,8458
3615,安可,40,13,27,康和-台南,2024-10-18,8458
00687B,國泰20年美債,67,41,26,康和-台南,2024-10-18,8458
00631L,元大台灣50正2,27,2,25,康和-台南,2024-10-18,8458
6197,佳必琪,23,2,21,康和-台南,2024-10-18,8458
006208,富邦台50,20,2,18,康和-台南,2024-10-18,8458
2316,楠梓電,28,10,18,康和-台南,2024-10-18,8458
2401,凌陽,22,4,18,康和-台南,2024-10-18,8458
1711,永光,44,27,17,康和-台南,2024-10-18,8458
8091,翔名,17,0,17,康和-台南,2024-10-18,8458
1785,光洋科,16,1,15,康和-台南,2024-10-18,8458
00942B,台新美A公司債20+,12,0,12,康和-台南,2024-10-18,8458
2363,矽統,19,7,12,康和-台南,2024-10-18,8458
4968,立積,12,0,12,康和-台南,2024-10-18,8458
3031,佰鴻,14,3,11,康和-台南,2024-10-18,8458
4909,新復興,15,4,11,康和-台南,2024-10-18,8458
00751B,元大AAA至A公司債,10,0,10,康和-台南,2024-10-18,8458
00927,群益半導體收益,10,0,10,康和-台南,2024-10-18,8458
1714,和桐,10,0,10,康和-台南,2024-10-18,8458
2838A,聯邦銀甲特,10,0,10,康和-台南,2024-10-18,8458
3036,文曄,10,0,10,康和-台南,2024-10-18,8458
00919,群益台灣精選高息,14,5,9,康和-台南,2024-10-18,8458
1324,地球,9,0,9,康和-台南,2024-10-18,8458
2449,京元電子,15,7,8,康和-台南,2024-10-18,8458
3550,聯穎,8,0,8,康和-台南,2024-10-18,8458
5443,均豪,11,3,8,康和-台南,2024-10-18,8458
2801,彰銀,8,0,8,康和-台南,2024-10-18,8458
4979,華星光,18,11,7,康和-台南,2024-10-18,8458
00671R,富邦NASDAQ反1,7,0,7,康和-台南,2024-10-18,8458
3029,零壹,7,0,7,康和-台南,2024-10-18,8458
3066,李洲,8,1,7,康和-台南,2024-10-18,8458
8210,勤誠,7,0,7,康和-台南,2024-10-18,8458
3163,波若威,6,0,6,康和-台南,2024-10-18,8458
00795B,中信美國公債20年,6,0,6,康和-台南,2024-10-18,8458
00957B,兆豐US優選投等債,6,0,6,康和-台南,2024-10-18,8458
1231,聯華食,6,0,6,康和-台南,2024-10-18,8458
4977,眾達-KY,9,3,6,康和-台南,2024-10-18,8458
2312,金寶,29,23,6,康和-台南,2024-10-18,8458
1718,中纖,5,0,5,康和-台南,2024-10-18,8458
00932,兆豐永續高息等權,5,0,5,康和-台南,2024-10-18,8458
1584,精剛,5,0,5,康和-台南,2024-10-18,8458
1611,中電,5,0,5,康和-台南,2024-10-18,8458
1727,中華化,5,0,5,康和-台南,2024-10-18,8458
00680L,元大美債20正2,998,0,998,康和-台南,2024-10-21,8458
00637L,元大滬深300正2,538,30,508,康和-台南,2024-10-21,8458
00665L,富邦�琤肭磪囓�2,196,63,133,康和-台南,2024-10-21,8458
2882,國泰金,80,0,80,康和-台南,2024-10-21,8458
00887,永豐中國科技50大,65,6,59,康和-台南,2024-10-21,8458
00937B,群益ESG投等債20,55,0,55,康和-台南,2024-10-21,8458
00687B,國泰20年美債,34,0,34,康和-台南,2024-10-21,8458
2891,中信金,32,0,32,康和-台南,2024-10-21,8458
1326,台化,32,0,32,康和-台南,2024-10-21,8458
1305,華夏,30,0,30,康和-台南,2024-10-21,8458
3149,正達,35,6,29,康和-台南,2024-10-21,8458
2618,長榮航,34,6,28,康和-台南,2024-10-21,8458
2002,中鋼,25,0,25,康和-台南,2024-10-21,8458
1301,台塑,22,0,22,康和-台南,2024-10-21,8458
2881,富邦金,23,2,21,康和-台南,2024-10-21,8458
006208,富邦台50,21,1,20,康和-台南,2024-10-21,8458
00795B,中信美國公債20年,80,60,20,康和-台南,2024-10-21,8458
1708,東鹼,20,1,19,康和-台南,2024-10-21,8458
2883,凱基金,17,0,17,康和-台南,2024-10-21,8458
2303,聯電,19,2,17,康和-台南,2024-10-21,8458
3481,群創,17,0,17,康和-台南,2024-10-21,8458
00905,FT臺灣Smart,15,0,15,康和-台南,2024-10-21,8458
2419,仲琦,15,0,15,康和-台南,2024-10-21,8458
4526,東台,24,9,15,康和-台南,2024-10-21,8458
3605,宏致,14,0,14,康和-台南,2024-10-21,8458
3551,世禾,13,1,12,康和-台南,2024-10-21,8458
00715L,期街口布蘭特正2,11,0,11,康和-台南,2024-10-21,8458
8110,華東,11,0,11,康和-台南,2024-10-21,8458
2323,中環,10,0,10,康和-台南,2024-10-21,8458
2374,佳能,15,5,10,康和-台南,2024-10-21,8458
3036A,文曄甲特,10,0,10,康和-台南,2024-10-21,8458
3339,泰谷,10,0,10,康和-台南,2024-10-21,8458
6451,訊芯-KY,22,12,10,康和-台南,2024-10-21,8458
6664,群翊,10,0,10,康和-台南,2024-10-21,8458
00720B,元大投資級公司債,10,1,9,康和-台南,2024-10-21,8458
2312,金寶,11,2,9,康和-台南,2024-10-21,8458
00679B,元大美債20年,8,0,8,康和-台南,2024-10-21,8458
2376,技嘉,8,0,8,康和-台南,2024-10-21,8458
4927,泰鼎-KY,8,0,8,康和-台南,2024-10-21,8458
00919,群益台灣精選高息,8,0,8,康和-台南,2024-10-21,8458
2890,永豐金,8,0,8,康和-台南,2024-10-21,8458
2885,元大金,7,0,7,康和-台南,2024-10-21,8458
00927,群益半導體收益,7,0,7,康和-台南,2024-10-21,8458
00948B,中信優息投資級債,7,0,7,康和-台南,2024-10-21,8458
00933B,國泰10Y+金融債,6,0,6,康和-台南,2024-10-21,8458
00912,中信臺灣智慧50,6,0,6,康和-台南,2024-10-21,8458
1303,南亞,6,0,6,康和-台南,2024-10-21,8458
1569,濱川,6,0,6,康和-台南,2024-10-21,8458
2486,一詮,7,1,6,康和-台南,2024-10-21,8458
6443,元晶,6,0,6,康和-台南,2024-10-21,8458
00680L,元大美債20正2,514,0,514,康和-台南,2024-10-22,8458
00637L,元大滬深300正2,130,21,109,康和-台南,2024-10-22,8458
2371,大同,100,0,100,康和-台南,2024-10-22,8458
00931B,統一美債20年,86,3,83,康和-台南,2024-10-22,8458
00687B,國泰20年美債,60,3,57,康和-台南,2024-10-22,8458
4533,協易機,62,6,56,康和-台南,2024-10-22,8458
6239,力成,50,1,49,康和-台南,2024-10-22,8458
5315,光聯,50,3,47,康和-台南,2024-10-22,8458
2363,矽統,80,43,37,康和-台南,2024-10-22,8458
00948B,中信優息投資級債,30,0,30,康和-台南,2024-10-22,8458
1714,和桐,30,0,30,康和-台南,2024-10-22,8458
2388,威盛,34,5,29,康和-台南,2024-10-22,8458
00795B,中信美國公債20年,116,88,28,康和-台南,2024-10-22,8458
3227,原相,27,0,27,康和-台南,2024-10-22,8458
00887,永豐中國科技50大,25,0,25,康和-台南,2024-10-22,8458
2426,鼎元,25,0,25,康和-台南,2024-10-22,8458
1711,永光,22,1,21,康和-台南,2024-10-22,8458
00679B,元大美債20年,20,0,20,康和-台南,2024-10-22,8458
2002,中鋼,20,0,20,康和-台南,2024-10-22,8458
1309,台達化,20,0,20,康和-台南,2024-10-22,8458
2511,太子,25,5,20,康和-台南,2024-10-22,8458
00922,國泰台灣領袖50,16,0,16,康和-台南,2024-10-22,8458
2891,中信金,23,8,15,康和-台南,2024-10-22,8458
4729,熒茂,22,7,15,康和-台南,2024-10-22,8458
1522,堤維西,15,0,15,康和-台南,2024-10-22,8458
3013,晟銘電,21,6,15,康和-台南,2024-10-22,8458
5438,東友,32,18,14,康和-台南,2024-10-22,8458
00905,FT臺灣Smart,13,0,13,康和-台南,2024-10-22,8458
6763,綠界科技*,13,0,13,康和-台南,2024-10-22,8458
6138,茂達,12,0,12,康和-台南,2024-10-22,8458
00915,凱基優選高股息30,10,0,10,康和-台南,2024-10-22,8458
2888,新光金,11,1,10,康和-台南,2024-10-22,8458
00671R,富邦NASDAQ反1,10,0,10,康和-台南,2024-10-22,8458
00753L,中信中國50正2,10,0,10,康和-台南,2024-10-22,8458
00943,兆豐電子高息等權,10,0,10,康和-台南,2024-10-22,8458
2303,聯電,12,2,10,康和-台南,2024-10-22,8458
2399,映泰,25,15,10,康和-台南,2024-10-22,8458
2406,國碩,10,0,10,康和-台南,2024-10-22,8458
2615,萬海,12,2,10,康和-台南,2024-10-22,8458
3036A,文曄甲特,10,0,10,康和-台南,2024-10-22,8458
3702A,大聯大甲特,10,0,10,康和-台南,2024-10-22,8458
6438,迅得,13,4,9,康和-台南,2024-10-22,8458
1815,富喬,14,5,9,康和-台南,2024-10-22,8458
2383,台光電,11,2,9,康和-台南,2024-10-22,8458
4561,健椿,9,0,9,康和-台南,2024-10-22,8458
5864,致和證,9,0,9,康和-台南,2024-10-22,8458
6505,台塑化,9,0,9,康和-台南,2024-10-22,8458
5452,佶優,10,2,8,康和-台南,2024-10-22,8458
1808,潤隆,8,0,8,康和-台南,2024-10-22,8458
3049,精金,26,18,8,康和-台南,2024-10-22,8458
00637L,元大滬深300正2,731,47,684,康和-台南,2024-10-23,8458
2371,大同,151,0,151,康和-台南,2024-10-23,8458
2892,第一金,122,0,122,康和-台南,2024-10-23,8458
00631L,元大台灣50正2,100,0,100,康和-台南,2024-10-23,8458
2618,長榮航,72,0,72,康和-台南,2024-10-23,8458
00680L,元大美債20正2,72,0,72,康和-台南,2024-10-23,8458
1312,國喬,64,0,64,康和-台南,2024-10-23,8458
2511,太子,70,10,60,康和-台南,2024-10-23,8458
3049,精金,67,16,51,康和-台南,2024-10-23,8458
00929,復華台灣科技優息,51,1,50,康和-台南,2024-10-23,8458
8110,華東,33,0,33,康和-台南,2024-10-23,8458
1309,台達化,30,0,30,康和-台南,2024-10-23,8458
2606,裕民,30,0,30,康和-台南,2024-10-23,8458
6770,力積電,151,125,26,康和-台南,2024-10-23,8458
6530,創威,30,4,26,康和-台南,2024-10-23,8458
2303,聯電,24,0,24,康和-台南,2024-10-23,8458
2888,新光金,21,0,21,康和-台南,2024-10-23,8458
2323,中環,20,0,20,康和-台南,2024-10-23,8458
00915,凱基優選高股息30,18,0,18,康和-台南,2024-10-23,8458
0056,元大高股息,20,3,17,康和-台南,2024-10-23,8458
2401,凌陽,22,5,17,康和-台南,2024-10-23,8458
00937B,群益ESG投等債20,19,2,17,康和-台南,2024-10-23,8458
4746,台耀,16,0,16,康和-台南,2024-10-23,8458
00948B,中信優息投資級債,13,0,13,康和-台南,2024-10-23,8458
3149,正達,22,11,11,康和-台南,2024-10-23,8458
6156,松上,15,4,11,康和-台南,2024-10-23,8458
6120,達運,10,0,10,康和-台南,2024-10-23,8458
1522,堤維西,10,1,9,康和-台南,2024-10-23,8458
6405,悅城,76,67,9,康和-台南,2024-10-23,8458
00712,復華富時不動產,8,0,8,康和-台南,2024-10-23,8458
2542,興富發,8,0,8,康和-台南,2024-10-23,8458
3663,鑫科,10,2,8,康和-台南,2024-10-23,8458
00959B,大華投等美債15Y+,7,0,7,康和-台南,2024-10-23,8458
3703,欣陸,7,0,7,康和-台南,2024-10-23,8458
6806,森崴能源,10,3,7,康和-台南,2024-10-23,8458
6862,三集瑞-KY,8,1,7,康和-台南,2024-10-23,8458
2317,鴻海,10,4,6,康和-台南,2024-10-23,8458
2330,台積電,9,3,6,康和-台南,2024-10-23,8458
1324,地球,6,0,6,康和-台南,2024-10-23,8458
2353,宏��,6,0,6,康和-台南,2024-10-23,8458
2540,愛山林,6,0,6,康和-台南,2024-10-23,8458
2382,廣達,10,5,5,康和-台南,2024-10-23,8458
6505,台塑化,5,0,5,康和-台南,2024-10-23,8458
3551,世禾,5,0,5,康和-台南,2024-10-23,8458
2885,元大金,5,0,5,康和-台南,2024-10-23,8458
00772B,中信高評級公司債,5,0,5,康和-台南,2024-10-23,8458
006205,富邦上証,5,0,5,康和-台南,2024-10-23,8458
1308,亞聚,5,0,5,康和-台南,2024-10-23,8458
1337,再生-KY,5,0,5,康和-台南,2024-10-23,8458
2347,聯強,5,0,5,康和-台南,2024-10-23,8458
8935,邦泰,234,0,234,康和-台南,2024-10-24,8458
00637L,元大滬深300正2,238,35,203,康和-台南,2024-10-24,8458
00679B,元大美債20年,100,1,99,康和-台南,2024-10-24,8458
00631L,元大台灣50正2,50,0,50,康和-台南,2024-10-24,8458
6770,力積電,75,25,50,康和-台南,2024-10-24,8458
2431,聯昌,44,0,44,康和-台南,2024-10-24,8458
1310,台苯,36,0,36,康和-台南,2024-10-24,8458
2399,映泰,39,4,35,康和-台南,2024-10-24,8458
6197,佳必琪,36,2,34,康和-台南,2024-10-24,8458
3036,文曄,30,0,30,康和-台南,2024-10-24,8458
8404,百和興業-KY,30,0,30,康和-台南,2024-10-24,8458
9105,泰金寶-DR,30,0,30,康和-台南,2024-10-24,8458
1711,永光,32,3,29,康和-台南,2024-10-24,8458
00948B,中信優息投資級債,24,0,24,康和-台南,2024-10-24,8458
2317,鴻海,32,8,24,康和-台南,2024-10-24,8458
00959B,大華投等美債15Y+,20,0,20,康和-台南,2024-10-24,8458
00671R,富邦NASDAQ反1,20,0,20,康和-台南,2024-10-24,8458
2493,揚博,19,0,19,康和-台南,2024-10-24,8458
9935,慶豐富,21,2,19,康和-台南,2024-10-24,8458
1802,台玻,22,6,16,康和-台南,2024-10-24,8458
2303,聯電,17,1,16,康和-台南,2024-10-24,8458
2354,鴻準,58,42,16,康和-台南,2024-10-24,8458
2891,中信金,21,5,16,康和-台南,2024-10-24,8458
1522,堤維西,14,0,14,康和-台南,2024-10-24,8458
1324,地球,12,0,12,康和-台南,2024-10-24,8458
2486,一詮,13,1,12,康和-台南,2024-10-24,8458
3033,威健,13,2,11,康和-台南,2024-10-24,8458
3211,順達,11,0,11,康和-台南,2024-10-24,8458
8054,安國,11,0,11,康和-台南,2024-10-24,8458
2489,瑞軒,13,3,10,康和-台南,2024-10-24,8458
2382,廣達,12,2,10,康和-台南,2024-10-24,8458
00949,復華日本龍頭,10,0,10,康和-台南,2024-10-24,8458
2882,國泰金,11,1,10,康和-台南,2024-10-24,8458
00887,永豐中國科技50大,11,1,10,康和-台南,2024-10-24,8458
1721,三晃,18,8,10,康和-台南,2024-10-24,8458
2312,金寶,10,0,10,康和-台南,2024-10-24,8458
2383,台光電,9,0,9,康和-台南,2024-10-24,8458
3167,大量,11,2,9,康和-台南,2024-10-24,8458
2498,宏達電,15,7,8,康和-台南,2024-10-24,8458
1524,耿鼎,9,1,8,康和-台南,2024-10-24,8458
2356,英業達,9,1,8,康和-台南,2024-10-24,8458
2515,中工,15,7,8,康和-台南,2024-10-24,8458
6213,聯茂,11,3,8,康和-台南,2024-10-24,8458
8926,台汽電,8,0,8,康和-台南,2024-10-24,8458
1540,喬福,17,10,7,康和-台南,2024-10-24,8458
1101,台泥,7,0,7,康和-台南,2024-10-24,8458
2402,毅嘉,11,4,7,康和-台南,2024-10-24,8458
00939,統一台灣高息動能,20,14,6,康和-台南,2024-10-24,8458
0056,元大高股息,6,0,6,康和-台南,2024-10-24,8458
3581,博磊,14,8,6,康和-台南,2024-10-24,8458
00680L,元大美債20正2,500,0,500,康和-台南,2024-10-25,8458
00679B,元大美債20年,281,0,281,康和-台南,2024-10-25,8458
2646,星宇航空,73,10,63,康和-台南,2024-10-25,8458
6158,禾昌,56,0,56,康和-台南,2024-10-25,8458
00960,野村全球航運龍頭,41,0,41,康和-台南,2024-10-25,8458
1310,台苯,34,0,34,康和-台南,2024-10-25,8458
3597,映興,23,0,23,康和-台南,2024-10-25,8458
2354,鴻準,61,39,22,康和-台南,2024-10-25,8458
5521,工信,20,0,20,康和-台南,2024-10-25,8458
2495,普安,64,48,16,康和-台南,2024-10-25,8458
6405,悅城,56,41,15,康和-台南,2024-10-25,8458
1536,和大,13,0,13,康和-台南,2024-10-25,8458
5230,雷笛克光學,13,0,13,康和-台南,2024-10-25,8458
8249,菱光,27,14,13,康和-台南,2024-10-25,8458
2504,國產,12,0,12,康和-台南,2024-10-25,8458
1324,地球,12,0,12,康和-台南,2024-10-25,8458
1617,榮星,12,0,12,康和-台南,2024-10-25,8458
2439,美律,12,1,11,康和-台南,2024-10-25,8458
3013,晟銘電,37,26,11,康和-台南,2024-10-25,8458
1718,中纖,10,0,10,康和-台南,2024-10-25,8458
00945B,凱基美國非投等債,10,0,10,康和-台南,2024-10-25,8458
00753L,中信中國50正2,10,0,10,康和-台南,2024-10-25,8458
1309,台達化,10,0,10,康和-台南,2024-10-25,8458
1447,力鵬,10,0,10,康和-台南,2024-10-25,8458
2401,凌陽,12,2,10,康和-台南,2024-10-25,8458
2458,義隆,10,0,10,康和-台南,2024-10-25,8458
2889,國票金,10,0,10,康和-台南,2024-10-25,8458
3704,合勤控,10,0,10,康和-台南,2024-10-25,8458
6016,康和證,10,0,10,康和-台南,2024-10-25,8458
6284,佳邦,10,0,10,康和-台南,2024-10-25,8458
6658,聯策,10,0,10,康和-台南,2024-10-25,8458
8091,翔名,10,0,10,康和-台南,2024-10-25,8458
2543,皇昌,24,15,9,康和-台南,2024-10-25,8458
5009,榮剛,9,0,9,康和-台南,2024-10-25,8458
2344,華邦電,9,1,8,康和-台南,2024-10-25,8458
00715L,期街口布蘭特正2,8,0,8,康和-台南,2024-10-25,8458
4952,凌通,8,0,8,康和-台南,2024-10-25,8458
3617,碩天,7,0,7,康和-台南,2024-10-25,8458
2891,中信金,10,3,7,康和-台南,2024-10-25,8458
1229,聯華,6,0,6,康和-台南,2024-10-25,8458
2399,映泰,7,1,6,康和-台南,2024-10-25,8458
8033,雷虎,6,0,6,康和-台南,2024-10-25,8458
00632R,元大台灣50反1,5,0,5,康和-台南,2024-10-25,8458
00687B,國泰20年美債,5,0,5,康和-台南,2024-10-25,8458
1809,中釉,5,0,5,康和-台南,2024-10-25,8458
2340,台亞,5,0,5,康和-台南,2024-10-25,8458
2421,建準,5,0,5,康和-台南,2024-10-25,8458
2542,興富發,6,1,5,康和-台南,2024-10-25,8458
2609,陽明,6,1,5,康和-台南,2024-10-25,8458
3029,零壹,5,0,5,康和-台南,2024-10-25,8458
8935,邦泰,229,0,229,康和-台南,2024-10-28,8458
00637L,元大滬深300正2,201,65,136,康和-台南,2024-10-28,8458
00753L,中信中國50正2,30,0,30,康和-台南,2024-10-28,8458
3597,映興,30,1,29,康和-台南,2024-10-28,8458
8404,百和興業-KY,22,0,22,康和-台南,2024-10-28,8458
1711,永光,70,48,22,康和-台南,2024-10-28,8458
2303,聯電,22,2,20,康和-台南,2024-10-28,8458
00715L,期街口布蘭特正2,17,0,17,康和-台南,2024-10-28,8458
00665L,富邦�琤肭磪囓�2,20,3,17,康和-台南,2024-10-28,8458
1522,堤維西,18,1,17,康和-台南,2024-10-28,8458
1568,倉佑,17,0,17,康和-台南,2024-10-28,8458
6770,力積電,40,25,15,康和-台南,2024-10-28,8458
3715,定穎投控,13,0,13,康和-台南,2024-10-28,8458
4513,福裕,12,0,12,康和-台南,2024-10-28,8458
2883,凱基金,13,1,12,康和-台南,2024-10-28,8458
00887,永豐中國科技50大,12,0,12,康和-台南,2024-10-28,8458
00919,群益台灣精選高息,15,4,11,康和-台南,2024-10-28,8458
3551,世禾,12,1,11,康和-台南,2024-10-28,8458
00679B,元大美債20年,10,0,10,康和-台南,2024-10-28,8458
00936,台新永續高息中小,10,0,10,康和-台南,2024-10-28,8458
2349,錸德,10,0,10,康和-台南,2024-10-28,8458
2444,兆勁,10,0,10,康和-台南,2024-10-28,8458
5521,工信,10,0,10,康和-台南,2024-10-28,8458
6668,中揚光,10,0,10,康和-台南,2024-10-28,8458
1307,三芳,20,11,9,康和-台南,2024-10-28,8458
2401,凌陽,13,4,9,康和-台南,2024-10-28,8458
5386,青雲,13,5,8,康和-台南,2024-10-28,8458
5309,系統電,8,0,8,康和-台南,2024-10-28,8458
6546,正基,8,0,8,康和-台南,2024-10-28,8458
6706,惠特,8,0,8,康和-台南,2024-10-28,8458
00922,國泰台灣領袖50,10,3,7,康和-台南,2024-10-28,8458
2312,金寶,9,2,7,康和-台南,2024-10-28,8458
2486,一詮,8,1,7,康和-台南,2024-10-28,8458
2867,三商壽,7,0,7,康和-台南,2024-10-28,8458
4545,銘鈺,7,0,7,康和-台南,2024-10-28,8458
00795B,中信美國公債20年,13,7,6,康和-台南,2024-10-28,8458
1324,地球,6,0,6,康和-台南,2024-10-28,8458
1617,榮星,6,0,6,康和-台南,2024-10-28,8458
1815,富喬,6,0,6,康和-台南,2024-10-28,8458
2302,麗正,7,1,6,康和-台南,2024-10-28,8458
2646,星宇航空,25,19,6,康和-台南,2024-10-28,8458
4532,瑞智,6,0,6,康和-台南,2024-10-28,8458
00687B,國泰20年美債,6,0,6,康和-台南,2024-10-28,8458
2489,瑞軒,6,1,5,康和-台南,2024-10-28,8458
3231,緯創,20,15,5,康和-台南,2024-10-28,8458
2376,技嘉,6,1,5,康和-台南,2024-10-28,8458
00885,富邦越南,5,0,5,康和-台南,2024-10-28,8458
1718,中纖,5,0,5,康和-台南,2024-10-28,8458
2426,鼎元,5,0,5,康和-台南,2024-10-28,8458
3019,亞光,5,0,5,康和-台南,2024-10-28,8458
00959B,大華投等美債15Y+,275,0,275,康和-台南,2024-10-29,8458
8935,邦泰,81,0,81,康和-台南,2024-10-29,8458
00919,群益台灣精選高息,73,1,72,康和-台南,2024-10-29,8458
00929,復華台灣科技優息,61,0,61,康和-台南,2024-10-29,8458
00631L,元大台灣50正2,255,202,53,康和-台南,2024-10-29,8458
6156,松上,52,2,50,康和-台南,2024-10-29,8458
00922,國泰台灣領袖50,42,0,42,康和-台南,2024-10-29,8458
5876,上海商銀,41,0,41,康和-台南,2024-10-29,8458
2892,第一金,40,0,40,康和-台南,2024-10-29,8458
2303,聯電,38,1,37,康和-台南,2024-10-29,8458
00940,元大台灣價值高息,36,0,36,康和-台南,2024-10-29,8458
5202,力新,37,1,36,康和-台南,2024-10-29,8458
2511,太子,35,0,35,康和-台南,2024-10-29,8458
00960,野村全球航運龍頭,31,0,31,康和-台南,2024-10-29,8458
2849,安泰銀,29,0,29,康和-台南,2024-10-29,8458
2354,鴻準,34,5,29,康和-台南,2024-10-29,8458
1522,堤維西,27,2,25,康和-台南,2024-10-29,8458
00632R,元大台灣50反1,20,1,19,康和-台南,2024-10-29,8458
1708,東鹼,21,2,19,康和-台南,2024-10-29,8458
2891,中信金,21,3,18,康和-台南,2024-10-29,8458
2883,凱基金,22,4,18,康和-台南,2024-10-29,8458
2882,國泰金,17,0,17,康和-台南,2024-10-29,8458
3013,晟銘電,35,18,17,康和-台南,2024-10-29,8458
0050,元大台灣50,16,1,15,康和-台南,2024-10-29,8458
1449,佳和,17,3,14,康和-台南,2024-10-29,8458
00715L,期街口布蘭特正2,13,0,13,康和-台南,2024-10-29,8458
1447,力鵬,13,0,13,康和-台南,2024-10-29,8458
4909,新復興,13,0,13,康和-台南,2024-10-29,8458
3715,定穎投控,22,10,12,康和-台南,2024-10-29,8458
2515,中工,12,0,12,康和-台南,2024-10-29,8458
1307,三芳,12,0,12,康和-台南,2024-10-29,8458
00946,群益科技高息成長,21,10,11,康和-台南,2024-10-29,8458
1711,永光,14,3,11,康和-台南,2024-10-29,8458
2312,金寶,11,0,11,康和-台南,2024-10-29,8458
2355,敬鵬,11,0,11,康和-台南,2024-10-29,8458
4746,台耀,11,0,11,康和-台南,2024-10-29,8458
4968,立積,11,0,11,康和-台南,2024-10-29,8458
1802,台玻,15,5,10,康和-台南,2024-10-29,8458
2340,台亞,10,0,10,康和-台南,2024-10-29,8458
2356,英業達,11,1,10,康和-台南,2024-10-29,8458
3036,文曄,10,0,10,康和-台南,2024-10-29,8458
8147,正淩,10,0,10,康和-台南,2024-10-29,8458
00878,國泰永續高股息,10,0,10,康和-台南,2024-10-29,8458
2382,廣達,11,2,9,康和-台南,2024-10-29,8458
3481,群創,21,12,9,康和-台南,2024-10-29,8458
2330,台積電,12,2,10,康和-台南,2024-10-29,8458
2317,鴻海,31,22,9,康和-台南,2024-10-29,8458
00887,永豐中國科技50大,14,5,9,康和-台南,2024-10-29,8458
00939,統一台灣高息動能,8,0,8,康和-台南,2024-10-29,8458
1440,南紡,8,0,8,康和-台南,2024-10-29,8458
1312,國喬,102,0,102,康和-台南,2024-10-30,8458
2303,聯電,56,1,55,康和-台南,2024-10-30,8458
00753L,中信中國50正2,50,0,50,康和-台南,2024-10-30,8458
00665L,富邦�琤肭磪囓�2,40,5,35,康和-台南,2024-10-30,8458
00945B,凱基美國非投等債,30,0,30,康和-台南,2024-10-30,8458
1310,台苯,30,0,30,康和-台南,2024-10-30,8458
6274,台燿,30,0,30,康和-台南,2024-10-30,8458
00878,國泰永續高股息,33,5,28,康和-台南,2024-10-30,8458
3481,群創,79,51,28,康和-台南,2024-10-30,8458
6770,力積電,27,0,27,康和-台南,2024-10-30,8458
4906,正文,27,1,26,康和-台南,2024-10-30,8458
1568,倉佑,112,92,20,康和-台南,2024-10-30,8458
3715,定穎投控,18,0,18,康和-台南,2024-10-30,8458
3550,聯穎,19,2,17,康和-台南,2024-10-30,8458
2888,新光金,16,0,16,康和-台南,2024-10-30,8458
6156,松上,18,2,16,康和-台南,2024-10-30,8458
8069,元太,16,0,16,康和-台南,2024-10-30,8458
2031,新光鋼,15,0,15,康和-台南,2024-10-30,8458
2323,中環,15,0,15,康和-台南,2024-10-30,8458
2344,華邦電,15,0,15,康和-台南,2024-10-30,8458
1569,濱川,14,0,14,康和-台南,2024-10-30,8458
2314,台揚,14,0,14,康和-台南,2024-10-30,8458
2401,凌陽,15,2,13,康和-台南,2024-10-30,8458
3231,緯創,12,0,12,康和-台南,2024-10-30,8458
2884,玉山金,12,0,12,康和-台南,2024-10-30,8458
5213,亞昕,11,0,11,康和-台南,2024-10-30,8458
6284,佳邦,12,2,10,康和-台南,2024-10-30,8458
00680L,元大美債20正2,10,0,10,康和-台南,2024-10-30,8458
00688L,國泰20年美債正2,11,1,10,康和-台南,2024-10-30,8458
1584,精剛,10,0,10,康和-台南,2024-10-30,8458
4919,新唐,15,5,10,康和-台南,2024-10-30,8458
8091,翔名,10,0,10,康和-台南,2024-10-30,8458
8110,華東,10,0,10,康和-台南,2024-10-30,8458
00885,富邦越南,8,0,8,康和-台南,2024-10-30,8458
2882,國泰金,10,2,8,康和-台南,2024-10-30,8458
3052,夆典,8,0,8,康和-台南,2024-10-30,8458
00929,復華台灣科技優息,11,3,8,康和-台南,2024-10-30,8458
00919,群益台灣精選高息,7,0,7,康和-台南,2024-10-30,8458
00712,復華富時不動產,7,0,7,康和-台南,2024-10-30,8458
4956,光鋐,7,0,7,康和-台南,2024-10-30,8458
00637L,元大滬深300正2,126,120,6,康和-台南,2024-10-30,8458
1313,聯成,6,0,6,康和-台南,2024-10-30,8458
6548,長科*,6,0,6,康和-台南,2024-10-30,8458
8404,百和興業-KY,6,0,6,康和-台南,2024-10-30,8458
0056,元大高股息,6,0,6,康和-台南,2024-10-30,8458
00664R,國泰臺灣加權反1,5,0,5,康和-台南,2024-10-30,8458
2337,旺宏,5,0,5,康和-台南,2024-10-30,8458
2542,興富發,5,0,5,康和-台南,2024-10-30,8458
2605,新興,5,0,5,康和-台南,2024-10-30,8458
3032,偉訓,5,0,5,康和-台南,2024-10-30,8458
2303,聯電,89,4,85,康和-台南,2024-11-01,8458
2354,鴻準,135,52,83,康和-台南,2024-11-01,8458
00929,復華台灣科技優息,71,0,71,康和-台南,2024-11-01,8458
2884,玉山金,52,0,52,康和-台南,2024-11-01,8458
3481,群創,52,2,50,康和-台南,2024-11-01,8458
2317,鴻海,34,5,29,康和-台南,2024-11-01,8458
00919,群益台灣精選高息,24,0,24,康和-台南,2024-11-01,8458
00878,國泰永續高股息,22,0,22,康和-台南,2024-11-01,8458
2882,國泰金,21,0,21,康和-台南,2024-11-01,8458
1708,東鹼,21,2,19,康和-台南,2024-11-01,8458
1711,永光,19,0,19,康和-台南,2024-11-01,8458
2353,宏��,19,0,19,康和-台南,2024-11-01,8458
1569,濱川,15,0,15,康和-台南,2024-11-01,8458
00922,國泰台灣領袖50,14,0,14,康和-台南,2024-11-01,8458
00949,復華日本龍頭,14,0,14,康和-台南,2024-11-01,8458
6216,居易,29,16,13,康和-台南,2024-11-01,8458
1307,三芳,79,67,12,康和-台南,2024-11-01,8458
2543,皇昌,21,9,12,康和-台南,2024-11-01,8458
2892,第一金,12,0,12,康和-台南,2024-11-01,8458
2363,矽統,11,0,11,康和-台南,2024-11-01,8458
2834,臺企銀,11,0,11,康和-台南,2024-11-01,8458
3167,大量,21,10,11,康和-台南,2024-11-01,8458
00940,元大台灣價值高息,11,0,11,康和-台南,2024-11-01,8458
2337,旺宏,17,7,10,康和-台南,2024-11-01,8458
2867,三商壽,10,0,10,康和-台南,2024-11-01,8458
2382,廣達,12,3,9,康和-台南,2024-11-01,8458
2330,台積電,10,3,7,康和-台南,2024-11-01,8458
2642,宅配通,7,0,7,康和-台南,2024-11-01,8458
2646,星宇航空,8,1,7,康和-台南,2024-11-01,8458
4109,加捷生醫,7,0,7,康和-台南,2024-11-01,8458
00918,大華優利高填息30,6,0,6,康和-台南,2024-11-01,8458
00885,富邦越南,6,0,6,康和-台南,2024-11-01,8458
1528,恩德,6,0,6,康和-台南,2024-11-01,8458
1540,喬福,6,0,6,康和-台南,2024-11-01,8458
00713,元大台灣高息低波,6,0,6,康和-台南,2024-11-01,8458
0056,元大高股息,7,2,5,康和-台南,2024-11-01,8458
2891,中信金,5,0,5,康和-台南,2024-11-01,8458
8039,台虹,5,0,5,康和-台南,2024-11-01,8458
00676R,富邦臺灣加權反1,5,0,5,康和-台南,2024-11-01,8458
00671R,富邦NASDAQ反1,5,0,5,康和-台南,2024-11-01,8458
00936,台新永續高息中小,5,0,5,康和-台南,2024-11-01,8458
00948B,中信優息投資級債,5,0,5,康和-台南,2024-11-01,8458
2313,華通,6,1,5,康和-台南,2024-11-01,8458
2405,輔信,5,0,5,康和-台南,2024-11-01,8458
2409,友達,10,5,5,康和-台南,2024-11-01,8458
2489,瑞軒,5,0,5,康和-台南,2024-11-01,8458
3557,嘉威,5,0,5,康和-台南,2024-11-01,8458
6425,易發,11,6,5,康和-台南,2024-11-01,8458
00933B,國泰10Y+金融債,4,0,4,康和-台南,2024-11-01,8458
00670L,富邦NASDAQ正2,4,0,4,康和-台南,2024-11-01,8458
6770,力積電,55,0,55,康和-台南,2024-11-04,8458
00887,永豐中國科技50大,52,0,52,康和-台南,2024-11-04,8458
6220,岳豐,40,0,40,康和-台南,2024-11-04,8458
6257,矽格,20,0,20,康和-台南,2024-11-04,8458
00632R,元大台灣50反1,20,0,20,康和-台南,2024-11-04,8458
1522,堤維西,21,1,20,康和-台南,2024-11-04,8458
2354,鴻準,80,60,20,康和-台南,2024-11-04,8458
00878,國泰永續高股息,17,1,16,康和-台南,2024-11-04,8458
1568,倉佑,15,0,15,康和-台南,2024-11-04,8458
3710,連展投控,14,0,14,康和-台南,2024-11-04,8458
00885,富邦越南,13,0,13,康和-台南,2024-11-04,8458
2449,京元電子,15,2,13,康和-台南,2024-11-04,8458
3013,晟銘電,15,2,13,康和-台南,2024-11-04,8458
00933B,國泰10Y+金融債,13,0,13,康和-台南,2024-11-04,8458
2351,順德,20,8,12,康和-台南,2024-11-04,8458
2431,聯昌,11,0,11,康和-台南,2024-11-04,8458
6182,合晶,12,1,11,康和-台南,2024-11-04,8458
00712,復華富時不動產,10,0,10,康和-台南,2024-11-04,8458
1436,華友聯,10,0,10,康和-台南,2024-11-04,8458
1718,中纖,10,0,10,康和-台南,2024-11-04,8458
2323,中環,10,0,10,康和-台南,2024-11-04,8458
2401,凌陽,10,0,10,康和-台南,2024-11-04,8458
2883B,凱基金乙特,10,0,10,康和-台南,2024-11-04,8458
3019,亞光,13,3,10,康和-台南,2024-11-04,8458
8111,立��,14,4,10,康和-台南,2024-11-04,8458
2356,英業達,13,4,9,康和-台南,2024-11-04,8458
6706,惠特,9,0,9,康和-台南,2024-11-04,8458
0056,元大高股息,9,1,8,康和-台南,2024-11-04,8458
2402,毅嘉,12,4,8,康和-台南,2024-11-04,8458
00715L,期街口布蘭特正2,7,0,7,康和-台南,2024-11-04,8458
2615,萬海,25,18,7,康和-台南,2024-11-04,8458
8070,長華*,9,2,7,康和-台南,2024-11-04,8458
2303,聯電,28,21,7,康和-台南,2024-11-04,8458
1815,富喬,7,1,6,康和-台南,2024-11-04,8458
2605,新興,12,6,6,康和-台南,2024-11-04,8458
4977,眾達-KY,9,3,6,康和-台南,2024-11-04,8458
6425,易發,7,1,6,康和-台南,2024-11-04,8458
00937B,群益ESG投等債20,26,20,6,康和-台南,2024-11-04,8458
00919,群益台灣精選高息,8,3,5,康和-台南,2024-11-04,8458
2646,星宇航空,8,2,6,康和-台南,2024-11-04,8458
00713,元大台灣高息低波,5,0,5,康和-台南,2024-11-04,8458
1108,幸福,7,2,5,康和-台南,2024-11-04,8458
00934,中信成長高股息,5,0,5,康和-台南,2024-11-04,8458
00752,中信中國50,5,0,5,康和-台南,2024-11-04,8458
2409,友達,5,0,5,康和-台南,2024-11-04,8458
2489,瑞軒,6,1,5,康和-台南,2024-11-04,8458
2537,聯上發,5,0,5,康和-台南,2024-11-04,8458
3066,李洲,5,0,5,康和-台南,2024-11-04,8458
4571,鈞興-KY,5,0,5,康和-台南,2024-11-04,8458
8404,百和興業-KY,5,0,5,康和-台南,2024-11-04,8458
1447,力鵬,150,0,150,康和-台南,2024-11-05,8458
00887,永豐中國科技50大,150,4,146,康和-台南,2024-11-05,8458
2363,矽統,78,0,78,康和-台南,2024-11-05,8458
6770,力積電,60,0,60,康和-台南,2024-11-05,8458
00933B,國泰10Y+金融債,58,0,58,康和-台南,2024-11-05,8458
00948B,中信優息投資級債,50,0,50,康和-台南,2024-11-05,8458
3234,光環,31,0,31,康和-台南,2024-11-05,8458
2303,聯電,31,7,24,康和-台南,2024-11-05,8458
00929,復華台灣科技優息,23,0,23,康和-台南,2024-11-05,8458
00900,富邦特選高股息30,20,0,20,康和-台南,2024-11-05,8458
6216,居易,26,6,20,康和-台南,2024-11-05,8458
00878,國泰永續高股息,22,6,16,康和-台南,2024-11-05,8458
1540,喬福,15,0,15,康和-台南,2024-11-05,8458
3049,精金,18,3,15,康和-台南,2024-11-05,8458
8091,翔名,13,0,13,康和-台南,2024-11-05,8458
00680L,元大美債20正2,12,0,12,康和-台南,2024-11-05,8458
2312,金寶,18,6,12,康和-台南,2024-11-05,8458
5315,光聯,18,6,12,康和-台南,2024-11-05,8458
00688L,國泰20年美債正2,10,0,10,康和-台南,2024-11-05,8458
00936,台新永續高息中小,10,0,10,康和-台南,2024-11-05,8458
1522,堤維西,10,0,10,康和-台南,2024-11-05,8458
2515,中工,10,0,10,康和-台南,2024-11-05,8458
3052,夆典,10,0,10,康和-台南,2024-11-05,8458
3490,單井,12,2,10,康和-台南,2024-11-05,8458
3576,聯合再生,10,0,10,康和-台南,2024-11-05,8458
4927,泰鼎-KY,10,0,10,康和-台南,2024-11-05,8458
4956,光鋐,11,1,10,康和-台南,2024-11-05,8458
1777,生泰,10,1,9,康和-台南,2024-11-05,8458
00919,群益台灣精選高息,8,0,8,康和-台南,2024-11-05,8458
2399,映泰,15,7,8,康和-台南,2024-11-05,8458
00943,兆豐電子高息等權,7,0,7,康和-台南,2024-11-05,8458
6578,達邦蛋白,7,0,7,康和-台南,2024-11-05,8458
8047,星雲,7,0,7,康和-台南,2024-11-05,8458
1324,地球,6,0,6,康和-台南,2024-11-05,8458
2634,漢翔,6,0,6,康和-台南,2024-11-05,8458
4533,協易機,7,1,6,康和-台南,2024-11-05,8458
4549,桓達,6,0,6,康和-台南,2024-11-05,8458
6425,易發,8,2,6,康和-台南,2024-11-05,8458
2344,華邦電,26,20,6,康和-台南,2024-11-05,8458
2542,興富發,6,0,6,康和-台南,2024-11-05,8458
00885,富邦越南,5,0,5,康和-台南,2024-11-05,8458
8044,網家,12,7,5,康和-台南,2024-11-05,8458
00934,中信成長高股息,5,0,5,康和-台南,2024-11-05,8458
00915,凱基優選高股息30,5,0,5,康和-台南,2024-11-05,8458
00877,復華中國5G,5,0,5,康和-台南,2024-11-05,8458
00952,凱基台灣AI50,5,0,5,康和-台南,2024-11-05,8458
2889,國票金,5,0,5,康和-台南,2024-11-05,8458
3704,合勤控,10,5,5,康和-台南,2024-11-05,8458
3711,日月光投控,5,0,5,康和-台南,2024-11-05,8458
8404,百和興業-KY,5,0,5,康和-台南,2024-11-05,8458
00680L,元大美債20正2,75,0,75,康和-台南,2024-11-06,8458
00679B,元大美債20年,71,0,71,康和-台南,2024-11-06,8458
00943,兆豐電子高息等權,55,0,55,康和-台南,2024-11-06,8458
2363,矽統,43,1,42,康和-台南,2024-11-06,8458
00931B,統一美債20年,40,0,40,康和-台南,2024-11-06,8458
3706,神達,34,4,30,康和-台南,2024-11-06,8458
00665L,富邦�琤肭磪囓�2,26,0,26,康和-台南,2024-11-06,8458
2611,志信,24,0,24,康和-台南,2024-11-06,8458
00687B,國泰20年美債,182,159,23,康和-台南,2024-11-06,8458
8032,光菱,33,10,23,康和-台南,2024-11-06,8458
1708,東鹼,24,2,22,康和-台南,2024-11-06,8458
00878,國泰永續高股息,36,16,20,康和-台南,2024-11-06,8458
2031,新光鋼,19,0,19,康和-台南,2024-11-06,8458
00637L,元大滬深300正2,61,43,18,康和-台南,2024-11-06,8458
1522,堤維西,18,1,17,康和-台南,2024-11-06,8458
00882,中信中國高股息,16,0,16,康和-台南,2024-11-06,8458
1449,佳和,32,16,16,康和-台南,2024-11-06,8458
00959B,大華投等美債15Y+,15,0,15,康和-台南,2024-11-06,8458
2608,嘉里大榮,15,0,15,康和-台南,2024-11-06,8458
00795B,中信美國公債20年,18,4,14,康和-台南,2024-11-06,8458
2486,一詮,14,0,14,康和-台南,2024-11-06,8458
6156,松上,23,9,14,康和-台南,2024-11-06,8458
00752,中信中國50,13,0,13,康和-台南,2024-11-06,8458
2375,凱美,12,0,12,康和-台南,2024-11-06,8458
2303,聯電,16,5,11,康和-台南,2024-11-06,8458
2495,普安,19,8,11,康和-台南,2024-11-06,8458
4510,高鋒,14,3,11,康和-台南,2024-11-06,8458
00933B,國泰10Y+金融債,10,0,10,康和-台南,2024-11-06,8458
00632R,元大台灣50反1,10,0,10,康和-台南,2024-11-06,8458
00937B,群益ESG投等債20,10,0,10,康和-台南,2024-11-06,8458
00844B,新光15年IG金融債,10,0,10,康和-台南,2024-11-06,8458
00688L,國泰20年美債正2,12,3,9,康和-台南,2024-11-06,8458
2419,仲琦,18,10,8,康和-台南,2024-11-06,8458
3149,正達,9,1,8,康和-台南,2024-11-06,8458
2609,陽明,10,3,7,康和-台南,2024-11-06,8458
1324,地球,7,0,7,康和-台南,2024-11-06,8458
1609,大亞,9,2,7,康和-台南,2024-11-06,8458
2449,京元電子,16,9,7,康和-台南,2024-11-06,8458
8404,百和興業-KY,7,0,7,康和-台南,2024-11-06,8458
00919,群益台灣精選高息,7,0,7,康和-台南,2024-11-06,8458
2881,富邦金,6,0,6,康和-台南,2024-11-06,8458
2603,長榮,18,12,6,康和-台南,2024-11-06,8458
3715,定穎投控,66,60,6,康和-台南,2024-11-06,8458
4526,東台,15,9,6,康和-台南,2024-11-06,8458
6133,金橋,10,4,6,康和-台南,2024-11-06,8458
8261,富鼎,7,1,6,康和-台南,2024-11-06,8458
00725B,國泰投資級公司債,5,0,5,康和-台南,2024-11-06,8458
00957B,兆豐US優選投等債,5,0,5,康和-台南,2024-11-06,8458
00936,台新永續高息中小,5,0,5,康和-台南,2024-11-06,8458
1210,大成,5,0,5,康和-台南,2024-11-06,8458
00887,永豐中國科技50大,151,6,145,康和-台南,2024-11-07,8458
00943,兆豐電子高息等權,75,5,70,康和-台南,2024-11-07,8458
5864,致和證,66,0,66,康和-台南,2024-11-07,8458
00680L,元大美債20正2,62,0,62,康和-台南,2024-11-07,8458
00687B,國泰20年美債,45,6,39,康和-台南,2024-11-07,8458
2312,金寶,51,16,35,康和-台南,2024-11-07,8458
3551,世禾,30,0,30,康和-台南,2024-11-07,8458
3062,建漢,62,41,21,康和-台南,2024-11-07,8458
00671R,富邦NASDAQ反1,20,0,20,康和-台南,2024-11-07,8458
2107,厚生,20,0,20,康和-台南,2024-11-07,8458
00795B,中信美國公債20年,19,0,19,康和-台南,2024-11-07,8458
2331,精英,19,0,19,康和-台南,2024-11-07,8458
4906,正文,21,2,19,康和-台南,2024-11-07,8458
3701,大眾控,17,1,16,康和-台南,2024-11-07,8458
2027,大成鋼,19,3,16,康和-台南,2024-11-07,8458
8404,百和興業-KY,14,0,14,康和-台南,2024-11-07,8458
9105,泰金寶-DR,28,14,14,康和-台南,2024-11-07,8458
8358,金居,12,0,12,康和-台南,2024-11-07,8458
6488,環球晶,10,0,10,康和-台南,2024-11-07,8458
1528,恩德,10,0,10,康和-台南,2024-11-07,8458
2332,友訊,21,11,10,康和-台南,2024-11-07,8458
2613,中櫃,11,1,10,康和-台南,2024-11-07,8458
3689,湧德,14,4,10,康和-台南,2024-11-07,8458
3704,合勤控,10,0,10,康和-台南,2024-11-07,8458
6239,力成,10,0,10,康和-台南,2024-11-07,8458
00637L,元大滬深300正2,30,23,7,康和-台南,2024-11-07,8458
6443,元晶,12,5,7,康和-台南,2024-11-07,8458
6625,必應,7,0,7,康和-台南,2024-11-07,8458
00951,台新日本半導體,6,0,6,康和-台南,2024-11-07,8458
2014,中鴻,10,4,6,康和-台南,2024-11-07,8458
3576,聯合再生,12,6,6,康和-台南,2024-11-07,8458
6288,聯嘉,19,13,6,康和-台南,2024-11-07,8458
00885,富邦越南,5,0,5,康和-台南,2024-11-07,8458
2412,中華電,5,0,5,康和-台南,2024-11-07,8458
2542,興富發,5,0,5,康和-台南,2024-11-07,8458
2646,星宇航空,5,0,5,康和-台南,2024-11-07,8458
4977,眾達-KY,8,3,5,康和-台南,2024-11-07,8458
5386,青雲,22,17,5,康和-台南,2024-11-07,8458
6869,雲豹能源,5,1,4,康和-台南,2024-11-07,8458
1608,華榮,4,0,4,康和-台南,2024-11-07,8458
2328,廣宇,9,5,4,康和-台南,2024-11-07,8458
3189,景碩,5,1,4,康和-台南,2024-11-07,8458
6244,茂迪,9,5,4,康和-台南,2024-11-07,8458
6578,達邦蛋白,4,0,4,康和-台南,2024-11-07,8458
9907,統一實,4,0,4,康和-台南,2024-11-07,8458
2330,台積電,6,2,4,康和-台南,2024-11-07,8458
2885,元大金,3,0,3,康和-台南,2024-11-07,8458
6667,信紘科,3,0,3,康和-台南,2024-11-07,8458
2038,海光,4,1,3,康和-台南,2024-11-07,8458
2405,輔信,3,0,3,康和-台南,2024-11-07,8458
00637L,元大滬深300正2,165,35,130,康和-台南,2024-11-08,8458
00948B,中信優息投資級債,127,0,127,康和-台南,2024-11-08,8458
3062,建漢,150,23,127,康和-台南,2024-11-08,8458
2363,矽統,121,11,110,康和-台南,2024-11-08,8458
1310,台苯,100,2,98,康和-台南,2024-11-08,8458
6770,力積電,60,0,60,康和-台南,2024-11-08,8458
2331,精英,67,11,56,康和-台南,2024-11-08,8458
3149,正達,44,2,42,康和-台南,2024-11-08,8458
00878,國泰永續高股息,37,2,35,康和-台南,2024-11-08,8458
1305,華夏,30,0,30,康和-台南,2024-11-08,8458
2905,三商,30,0,30,康和-台南,2024-11-08,8458
00671R,富邦NASDAQ反1,20,0,20,康和-台南,2024-11-08,8458
00665L,富邦�琤肭磪囓�2,20,0,20,康和-台南,2024-11-08,8458
00680L,元大美債20正2,20,0,20,康和-台南,2024-11-08,8458
6216,居易,19,0,19,康和-台南,2024-11-08,8458
6477,安集,22,3,19,康和-台南,2024-11-08,8458
2489,瑞軒,17,0,17,康和-台南,2024-11-08,8458
2392,正崴,51,34,17,康和-台南,2024-11-08,8458
00632R,元大台灣50反1,21,5,16,康和-台南,2024-11-08,8458
2340,台亞,16,0,16,康和-台南,2024-11-08,8458
4956,光鋐,15,0,15,康和-台南,2024-11-08,8458
1307,三芳,28,14,14,康和-台南,2024-11-08,8458
3374,精材,15,3,12,康和-台南,2024-11-08,8458
1326,台化,11,0,11,康和-台南,2024-11-08,8458
2388,威盛,15,4,11,康和-台南,2024-11-08,8458
2406,國碩,11,0,11,康和-台南,2024-11-08,8458
3167,大量,12,1,11,康和-台南,2024-11-08,8458
3710,連展投控,11,0,11,康和-台南,2024-11-08,8458
5452,佶優,17,6,11,康和-台南,2024-11-08,8458
1101,台泥,10,0,10,康和-台南,2024-11-08,8458
00953B,群益優選非投等債,10,0,10,康和-台南,2024-11-08,8458
1568,倉佑,11,1,10,康和-台南,2024-11-08,8458
3694,海華,10,0,10,康和-台南,2024-11-08,8458
5864,致和證,10,0,10,康和-台南,2024-11-08,8458
00885,富邦越南,9,0,9,康和-台南,2024-11-08,8458
6197,佳必琪,11,2,9,康和-台南,2024-11-08,8458
8358,金居,9,0,9,康和-台南,2024-11-08,8458
00882,中信中國高股息,8,0,8,康和-台南,2024-11-08,8458
3714,富采,7,0,7,康和-台南,2024-11-08,8458
1216,統一,7,0,7,康和-台南,2024-11-08,8458
2313,華通,6,0,6,康和-台南,2024-11-08,8458
2327,國巨,8,2,6,康和-台南,2024-11-08,8458
0056,元大高股息,7,1,6,康和-台南,2024-11-08,8458
00940,元大台灣價值高息,10,4,6,康和-台南,2024-11-08,8458
2356,英業達,21,15,6,康和-台南,2024-11-08,8458
3163,波若威,6,0,6,康和-台南,2024-11-08,8458
4109,加捷生醫,6,0,6,康和-台南,2024-11-08,8458
5484,慧友,6,0,6,康和-台南,2024-11-08,8458
1314,中石化,10,4,6,康和-台南,2024-11-08,8458
1711,永光,23,17,6,康和-台南,2024-11-08,8458
00887,永豐中國科技50大,377,61,316,康和-台南,2024-11-11,8458
00679B,元大美債20年,224,0,224,康和-台南,2024-11-11,8458
2609,陽明,113,12,101,康和-台南,2024-11-11,8458
6770,力積電,72,18,54,康和-台南,2024-11-11,8458
3062,建漢,61,8,53,康和-台南,2024-11-11,8458
00922,國泰台灣領袖50,70,31,39,康和-台南,2024-11-11,8458
6239,力成,30,0,30,康和-台南,2024-11-11,8458
6278,台表科,30,0,30,康和-台南,2024-11-11,8458
8091,翔名,30,0,30,康和-台南,2024-11-11,8458
2356,英業達,46,16,30,康和-台南,2024-11-11,8458
00878,國泰永續高股息,32,3,29,康和-台南,2024-11-11,8458
3036,文曄,26,0,26,康和-台南,2024-11-11,8458
4989,榮科,25,0,25,康和-台南,2024-11-11,8458
00637L,元大滬深300正2,22,0,22,康和-台南,2024-11-11,8458
00904,新光臺灣半導體30,20,0,20,康和-台南,2024-11-11,8458
00891,中信關鍵半導體,20,0,20,康和-台南,2024-11-11,8458
2313,華通,22,2,20,康和-台南,2024-11-11,8458
8111,立��,22,2,20,康和-台南,2024-11-11,8458
00929,復華台灣科技優息,19,1,18,康和-台南,2024-11-11,8458
00715L,期街口布蘭特正2,17,0,17,康和-台南,2024-11-11,8458
2354,鴻準,25,9,16,康和-台南,2024-11-11,8458
2882,國泰金,17,1,16,康和-台南,2024-11-11,8458
2891,中信金,23,7,16,康和-台南,2024-11-11,8458
00671R,富邦NASDAQ反1,15,0,15,康和-台南,2024-11-11,8458
2401,凌陽,15,2,13,康和-台南,2024-11-11,8458
00888,永豐台灣ESG,12,0,12,康和-台南,2024-11-11,8458
00892,富邦台灣半導體,12,0,12,康和-台南,2024-11-11,8458
2486,一詮,13,1,12,康和-台南,2024-11-11,8458
4909,新復興,12,0,12,康和-台南,2024-11-11,8458
6763,綠界科技*,15,3,12,康和-台南,2024-11-11,8458
00912,中信臺灣智慧50,11,0,11,康和-台南,2024-11-11,8458
8105,凌巨,11,0,11,康和-台南,2024-11-11,8458
8240,華宏,13,2,11,康和-台南,2024-11-11,8458
00905,FT臺灣Smart,10,0,10,康和-台南,2024-11-11,8458
8112,至上,10,0,10,康和-台南,2024-11-11,8458
00930,永豐ESG低碳高息,10,0,10,康和-台南,2024-11-11,8458
1568,倉佑,10,0,10,康和-台南,2024-11-11,8458
2103,台橡,10,0,10,康和-台南,2024-11-11,8458
2520,冠德,10,0,10,康和-台南,2024-11-11,8458
2901,欣欣,10,0,10,康和-台南,2024-11-11,8458
6120,達運,10,0,10,康和-台南,2024-11-11,8458
1307,三芳,10,0,10,康和-台南,2024-11-11,8458
00881,國泰台灣5G+,10,0,10,康和-台南,2024-11-11,8458
0056,元大高股息,11,3,8,康和-台南,2024-11-11,8458
2489,瑞軒,10,2,8,康和-台南,2024-11-11,8458
4916,事欣科,16,8,8,康和-台南,2024-11-11,8458
1449,佳和,15,8,7,康和-台南,2024-11-11,8458
3024,憶聲,8,1,7,康和-台南,2024-11-11,8458
6248,沛波,7,0,7,康和-台南,2024-11-11,8458
8097,常珵,8,1,7,康和-台南,2024-11-11,8458
2883,凱基金,117,0,117,康和-台南,2024-11-12,8458
1312,國喬,100,0,100,康和-台南,2024-11-12,8458
00878,國泰永續高股息,62,4,58,康和-台南,2024-11-12,8458
0056,元大高股息,54,1,53,康和-台南,2024-11-12,8458
00929,復華台灣科技優息,47,3,44,康和-台南,2024-11-12,8458
00753L,中信中國50正2,40,0,40,康和-台南,2024-11-12,8458
3481,群創,38,0,38,康和-台南,2024-11-12,8458
6216,居易,39,6,33,康和-台南,2024-11-12,8458
1714,和桐,30,0,30,康和-台南,2024-11-12,8458
2511,太子,30,0,30,康和-台南,2024-11-12,8458
5521,工信,30,0,30,康和-台南,2024-11-12,8458
9105,泰金寶-DR,31,1,30,康和-台南,2024-11-12,8458
00632R,元大台灣50反1,30,1,29,康和-台南,2024-11-12,8458
6274,台燿,29,0,29,康和-台南,2024-11-12,8458
4303,信立,39,11,28,康和-台南,2024-11-12,8458
00715L,期街口布蘭特正2,25,0,25,康和-台南,2024-11-12,8458
00915,凱基優選高股息30,25,0,25,康和-台南,2024-11-12,8458
6271,同欣電,22,0,22,康和-台南,2024-11-12,8458
00943,兆豐電子高息等權,22,0,22,康和-台南,2024-11-12,8458
6278,台表科,21,0,21,康和-台南,2024-11-12,8458
3231,緯創,23,3,20,康和-台南,2024-11-12,8458
6239,力成,21,1,20,康和-台南,2024-11-12,8458
2882,國泰金,19,0,19,康和-台南,2024-11-12,8458
6877,鏵友益,20,1,19,康和-台南,2024-11-12,8458
0050,元大台灣50,19,1,18,康和-台南,2024-11-12,8458
2356,英業達,49,31,18,康和-台南,2024-11-12,8458
4306,炎洲,18,0,18,康和-台南,2024-11-12,8458
00665L,富邦�琤肭磪囓�2,17,0,17,康和-台南,2024-11-12,8458
2409,友達,22,5,17,康和-台南,2024-11-12,8458
5309,系統電,40,23,17,康和-台南,2024-11-12,8458
00922,國泰台灣領袖50,16,0,16,康和-台南,2024-11-12,8458
6156,松上,15,0,15,康和-台南,2024-11-12,8458
6191,精成科,17,2,15,康和-台南,2024-11-12,8458
00919,群益台灣精選高息,18,3,15,康和-台南,2024-11-12,8458
00934,中信成長高股息,14,0,14,康和-台南,2024-11-12,8458
3062,建漢,23,9,14,康和-台南,2024-11-12,8458
2515,中工,13,0,13,康和-台南,2024-11-12,8458
2353,宏��,13,0,13,康和-台南,2024-11-12,8458
1301,台塑,12,0,12,康和-台南,2024-11-12,8458
2106,建大,12,0,12,康和-台南,2024-11-12,8458
2646,星宇航空,13,1,12,康和-台南,2024-11-12,8458
00905,FT臺灣Smart,11,0,11,康和-台南,2024-11-12,8458
00918,大華優利高填息30,11,0,11,康和-台南,2024-11-12,8458
3710,連展投控,11,0,11,康和-台南,2024-11-12,8458
2382,廣達,14,4,10,康和-台南,2024-11-12,8458
2337,旺宏,10,0,10,康和-台南,2024-11-12,8458
2330,台積電,14,4,10,康和-台南,2024-11-12,8458
2317,鴻海,13,3,10,康和-台南,2024-11-12,8458
2363,矽統,9,0,9,康和-台南,2024-11-12,8458
1524,耿鼎,29,21,8,康和-台南,2024-11-12,8458
00878,國泰永續高股息,88,0,88,康和-台南,2024-11-13,8458
1303,南亞,50,0,50,康和-台南,2024-11-13,8458
2472,立隆電,50,0,50,康和-台南,2024-11-13,8458
3024,憶聲,48,0,48,康和-台南,2024-11-13,8458
00679B,元大美債20年,43,0,43,康和-台南,2024-11-13,8458
2324,仁寶,71,28,43,康和-台南,2024-11-13,8458
3062,建漢,48,6,42,康和-台南,2024-11-13,8458
2883,凱基金,35,0,35,康和-台南,2024-11-13,8458
3036,文曄,32,0,32,康和-台南,2024-11-13,8458
1313,聯成,32,0,32,康和-台南,2024-11-13,8458
00943,兆豐電子高息等權,25,0,25,康和-台南,2024-11-13,8458
2889,國票金,25,0,25,康和-台南,2024-11-13,8458
2882,國泰金,26,1,25,康和-台南,2024-11-13,8458
00680L,元大美債20正2,23,0,23,康和-台南,2024-11-13,8458
1785,光洋科,20,0,20,康和-台南,2024-11-13,8458
3481,群創,25,5,20,康和-台南,2024-11-13,8458
2641,正德,22,4,18,康和-台南,2024-11-13,8458
8089,康全電訊,26,8,18,康和-台南,2024-11-13,8458
00665L,富邦�琤肭磪囓�2,14,0,14,康和-台南,2024-11-13,8458
8011,台通,22,9,13,康和-台南,2024-11-13,8458
2881,富邦金,18,5,13,康和-台南,2024-11-13,8458
2609,陽明,16,4,12,康和-台南,2024-11-13,8458
3047,訊舟,15,3,12,康和-台南,2024-11-13,8458
6505,台塑化,11,0,11,康和-台南,2024-11-13,8458
3050,鈺德,11,0,11,康和-台南,2024-11-13,8458
3167,大量,12,1,11,康和-台南,2024-11-13,8458
00772B,中信高評級公司債,11,0,11,康和-台南,2024-11-13,8458
00905,FT臺灣Smart,11,0,11,康和-台南,2024-11-13,8458
00720B,元大投資級公司債,10,0,10,康和-台南,2024-11-13,8458
1568,倉佑,10,0,10,康和-台南,2024-11-13,8458
4919,新唐,12,2,10,康和-台南,2024-11-13,8458
5521,工信,10,0,10,康和-台南,2024-11-13,8458
6235,華孚,11,1,10,康和-台南,2024-11-13,8458
6257,矽格,10,0,10,康和-台南,2024-11-13,8458
3013,晟銘電,30,21,9,康和-台南,2024-11-13,8458
1795,美時,10,1,9,康和-台南,2024-11-13,8458
00929,復華台灣科技優息,10,1,9,康和-台南,2024-11-13,8458
1718,中纖,10,1,9,康和-台南,2024-11-13,8458
8111,立��,10,1,9,康和-台南,2024-11-13,8458
3711,日月光投控,10,1,9,康和-台南,2024-11-13,8458
0056,元大高股息,8,0,8,康和-台南,2024-11-13,8458
1409,新纖,8,0,8,康和-台南,2024-11-13,8458
2354,鴻準,13,5,8,康和-台南,2024-11-13,8458
2739,寒舍,8,0,8,康和-台南,2024-11-13,8458
4979,華星光,9,1,8,康和-台南,2024-11-13,8458
8064,東捷,8,0,8,康和-台南,2024-11-13,8458
2408,南亞科,7,0,7,康和-台南,2024-11-13,8458
2520,冠德,8,1,7,康和-台南,2024-11-13,8458
00930,永豐ESG低碳高息,6,0,6,康和-台南,2024-11-13,8458
00932,兆豐永續高息等權,6,0,6,康和-台南,2024-11-13,8458
00878,國泰永續高股息,179,0,179,康和-台南,2024-11-14,8458
2883,凱基金,123,1,122,康和-台南,2024-11-14,8458
3062,建漢,120,9,111,康和-台南,2024-11-14,8458
6770,力積電,91,0,91,康和-台南,2024-11-14,8458
00929,復華台灣科技優息,83,2,81,康和-台南,2024-11-14,8458
2905,三商,80,0,80,康和-台南,2024-11-14,8458
1303,南亞,57,0,57,康和-台南,2024-11-14,8458
00679B,元大美債20年,42,2,40,康和-台南,2024-11-14,8458
4162,智擎,42,2,40,康和-台南,2024-11-14,8458
00680L,元大美債20正2,36,0,36,康和-台南,2024-11-14,8458
2349,錸德,35,1,34,康和-台南,2024-11-14,8458
2303,聯電,40,7,33,康和-台南,2024-11-14,8458
1568,倉佑,35,3,32,康和-台南,2024-11-14,8458
3481,群創,30,3,27,康和-台南,2024-11-14,8458
1313,聯成,26,0,26,康和-台南,2024-11-14,8458
00932,兆豐永續高息等權,25,0,25,康和-台南,2024-11-14,8458
2884,玉山金,23,0,23,康和-台南,2024-11-14,8458
2607,榮運,20,0,20,康和-台南,2024-11-14,8458
00632R,元大台灣50反1,20,1,19,康和-台南,2024-11-14,8458
1708,東鹼,18,0,18,康和-台南,2024-11-14,8458
00943,兆豐電子高息等權,16,0,16,康和-台南,2024-11-14,8458
2344,華邦電,16,0,16,康和-台南,2024-11-14,8458
2409,友達,24,9,15,康和-台南,2024-11-14,8458
3704,合勤控,14,0,14,康和-台南,2024-11-14,8458
2646,星宇航空,15,2,13,康和-台南,2024-11-14,8458
0056,元大高股息,12,0,12,康和-台南,2024-11-14,8458
00891,中信關鍵半導體,12,0,12,康和-台南,2024-11-14,8458
00905,FT臺灣Smart,12,0,12,康和-台南,2024-11-14,8458
00927,群益半導體收益,10,0,10,康和-台南,2024-11-14,8458
00688L,國泰20年美債正2,10,0,10,康和-台南,2024-11-14,8458
1718,中纖,15,5,10,康和-台南,2024-11-14,8458
1785,光洋科,10,0,10,康和-台南,2024-11-14,8458
2641,正德,10,0,10,康和-台南,2024-11-14,8458
2832,台產,10,0,10,康和-台南,2024-11-14,8458
3022,威強電,10,0,10,康和-台南,2024-11-14,8458
6488,環球晶,10,0,10,康和-台南,2024-11-14,8458
2327,國巨,9,0,9,康和-台南,2024-11-14,8458
2603,長榮,12,3,9,康和-台南,2024-11-14,8458
2382,廣達,8,0,8,康和-台南,2024-11-14,8458
3712,永崴投控,14,6,8,康和-台南,2024-11-14,8458
00951,台新日本半導體,8,0,8,康和-台南,2024-11-14,8458
2376,技嘉,11,3,8,康和-台南,2024-11-14,8458
2449,京元電子,9,1,8,康和-台南,2024-11-14,8458
00940,元大台灣價值高息,7,0,7,康和-台南,2024-11-14,8458
1301,台塑,7,0,7,康和-台南,2024-11-14,8458
2312,金寶,9,2,7,康和-台南,2024-11-14,8458
2401,凌陽,50,43,7,康和-台南,2024-11-14,8458
2892,第一金,7,0,7,康和-台南,2024-11-14,8458
4989,榮科,7,0,7,康和-台南,2024-11-14,8458
1229,聯華,6,0,6,康和-台南,2024-11-14,8458
00931B,統一美債20年,400,0,400,康和-台南,2024-11-15,8458
00679B,元大美債20年,221,0,221,康和-台南,2024-11-15,8458
2883,凱基金,220,11,209,康和-台南,2024-11-15,8458
00878,國泰永續高股息,134,2,132,康和-台南,2024-11-15,8458
00687B,國泰20年美債,104,9,95,康和-台南,2024-11-15,8458
00764B,群益25年美債,50,0,50,康和-台南,2024-11-15,8458
2317,鴻海,50,11,39,康和-台南,2024-11-15,8458
2002,中鋼,30,0,30,康和-台南,2024-11-15,8458
2382,廣達,30,2,28,康和-台南,2024-11-15,8458
00929,復華台灣科技優息,25,3,22,康和-台南,2024-11-15,8458
00715L,期街口布蘭特正2,20,0,20,康和-台南,2024-11-15,8458
1587,吉茂,17,1,16,康和-台南,2024-11-15,8458
3605,宏致,15,0,15,康和-台南,2024-11-15,8458
00690,兆豐藍籌30,12,0,12,康和-台南,2024-11-15,8458
2354,鴻準,112,100,12,康和-台南,2024-11-15,8458
2495,普安,12,0,12,康和-台南,2024-11-15,8458
9105,泰金寶-DR,33,21,12,康和-台南,2024-11-15,8458
00632R,元大台灣50反1,10,0,10,康和-台南,2024-11-15,8458
2103,台橡,10,0,10,康和-台南,2024-11-15,8458
2323,中環,10,0,10,康和-台南,2024-11-15,8458
2421,建準,14,4,10,康和-台南,2024-11-15,8458
2461,光群雷,10,0,10,康和-台南,2024-11-15,8458
2489,瑞軒,10,0,10,康和-台南,2024-11-15,8458
2646,星宇航空,10,0,10,康和-台南,2024-11-15,8458
3706,神達,15,5,10,康和-台南,2024-11-15,8458
5243,乙盛-KY,11,1,10,康和-台南,2024-11-15,8458
9958,世紀鋼,11,1,10,康和-台南,2024-11-15,8458
00951,台新日本半導體,9,0,9,康和-台南,2024-11-15,8458
2405,輔信,9,0,9,康和-台南,2024-11-15,8458
3017,奇鋐,10,3,7,康和-台南,2024-11-15,8458
1471,首利,7,0,7,康和-台南,2024-11-15,8458
6739,竹陞科技,8,1,7,康和-台南,2024-11-15,8458
9904,寶成,13,6,7,康和-台南,2024-11-15,8458
3231,緯創,9,3,6,康和-台南,2024-11-15,8458
1527,鑽全,6,0,6,康和-台南,2024-11-15,8458
2838,聯邦銀,6,0,6,康和-台南,2024-11-15,8458
3550,聯穎,17,11,6,康和-台南,2024-11-15,8458
4109,加捷生醫,6,0,6,康和-台南,2024-11-15,8458
6187,萬潤,13,7,6,康和-台南,2024-11-15,8458
8050,廣積,6,0,6,康和-台南,2024-11-15,8458
0056,元大高股息,6,0,6,康和-台南,2024-11-15,8458
00943,兆豐電子高息等權,5,0,5,康和-台南,2024-11-15,8458
00937B,群益ESG投等債20,5,0,5,康和-台南,2024-11-15,8458
00905,FT臺灣Smart,5,0,5,康和-台南,2024-11-15,8458
00887,永豐中國科技50大,5,0,5,康和-台南,2024-11-15,8458
2483,百容,5,0,5,康和-台南,2024-11-15,8458
2641,正德,5,0,5,康和-台南,2024-11-15,8458
2915,潤泰全,5,0,5,康和-台南,2024-11-15,8458
3596,智易,5,0,5,康和-台南,2024-11-15,8458
6118,建達,5,0,5,康和-台南,2024-11-15,8458
00887,永豐中國科技50大,213,0,213,康和-台南,2024-11-18,8458
8112,至上,60,0,60,康和-台南,2024-11-18,8458
00937B,群益ESG投等債20,50,0,50,康和-台南,2024-11-18,8458
00878,國泰永續高股息,47,1,46,康和-台南,2024-11-18,8458
2881,富邦金,41,1,40,康和-台南,2024-11-18,8458
00943,兆豐電子高息等權,32,0,32,康和-台南,2024-11-18,8458
2511,太子,32,1,31,康和-台南,2024-11-18,8458
2908,特力,27,0,27,康和-台南,2024-11-18,8458
3062,建漢,25,0,25,康和-台南,2024-11-18,8458
00951,台新日本半導體,23,0,23,康和-台南,2024-11-18,8458
00885,富邦越南,20,0,20,康和-台南,2024-11-18,8458
8089,康全電訊,21,2,19,康和-台南,2024-11-18,8458
00680L,元大美債20正2,17,0,17,康和-台南,2024-11-18,8458
3005,神基,17,0,17,康和-台南,2024-11-18,8458
0056,元大高股息,15,0,15,康和-台南,2024-11-18,8458
00671R,富邦NASDAQ反1,15,0,15,康和-台南,2024-11-18,8458
2610,華航,15,0,15,康和-台南,2024-11-18,8458
3090,日電貿,23,9,14,康和-台南,2024-11-18,8458
2317,鴻海,37,23,14,康和-台南,2024-11-18,8458
1522,堤維西,12,0,12,康和-台南,2024-11-18,8458
3704,合勤控,69,57,12,康和-台南,2024-11-18,8458
00715L,期街口布蘭特正2,11,0,11,康和-台南,2024-11-18,8458
00932,兆豐永續高息等權,11,0,11,康和-台南,2024-11-18,8458
1568,倉佑,11,0,11,康和-台南,2024-11-18,8458
2344,華邦電,51,40,11,康和-台南,2024-11-18,8458
1734,杏輝,10,0,10,康和-台南,2024-11-18,8458
2328,廣宇,10,0,10,康和-台南,2024-11-18,8458
2633,台灣高鐵,10,0,10,康和-台南,2024-11-18,8458
3605,宏致,10,0,10,康和-台南,2024-11-18,8458
3702A,大聯大甲特,10,0,10,康和-台南,2024-11-18,8458
5512,力麒,10,0,10,康和-台南,2024-11-18,8458
6284,佳邦,10,0,10,康和-台南,2024-11-18,8458
00929,復華台灣科技優息,16,6,10,康和-台南,2024-11-18,8458
1785,光洋科,11,2,9,康和-台南,2024-11-18,8458
2208,台船,9,0,9,康和-台南,2024-11-18,8458
2613,中櫃,9,0,9,康和-台南,2024-11-18,8458
0050,元大台灣50,8,0,8,康和-台南,2024-11-18,8458
2449,京元電子,8,0,8,康和-台南,2024-11-18,8458
2515,中工,8,0,8,康和-台南,2024-11-18,8458
4956,光鋐,8,0,8,康和-台南,2024-11-18,8458
2356,英業達,11,3,8,康和-台南,2024-11-18,8458
4931,新盛力,23,16,7,康和-台南,2024-11-18,8458
2618,長榮航,38,32,6,康和-台南,2024-11-18,8458
2204,中華,6,0,6,康和-台南,2024-11-18,8458
2641,正德,6,0,6,康和-台南,2024-11-18,8458
3290,東浦,6,0,6,康和-台南,2024-11-18,8458
3689,湧德,6,0,6,康和-台南,2024-11-18,8458
6216,居易,6,0,6,康和-台南,2024-11-18,8458
2382,廣達,8,2,6,康和-台南,2024-11-18,8458
2376,技嘉,6,0,6,康和-台南,2024-11-18,8458
2312,金寶,343,18,325,康和-台南,2024-11-19,8458
00637L,元大滬深300正2,88,24,64,康和-台南,2024-11-19,8458
3062,建漢,120,60,60,康和-台南,2024-11-19,8458
00929,復華台灣科技優息,44,0,44,康和-台南,2024-11-19,8458
4931,新盛力,42,8,34,康和-台南,2024-11-19,8458
4162,智擎,25,0,25,康和-台南,2024-11-19,8458
9105,泰金寶-DR,24,0,24,康和-台南,2024-11-19,8458
1711,永光,20,0,20,康和-台南,2024-11-19,8458
00633L,富邦上証正2,23,3,20,康和-台南,2024-11-19,8458
1714,和桐,20,0,20,康和-台南,2024-11-19,8458
2488,漢平,20,2,18,康和-台南,2024-11-19,8458
2883,凱基金,18,0,18,康和-台南,2024-11-19,8458
00680L,元大美債20正2,17,0,17,康和-台南,2024-11-19,8458
00688L,國泰20年美債正2,14,0,14,康和-台南,2024-11-19,8458
2392,正崴,20,6,14,康和-台南,2024-11-19,8458
8044,網家,15,1,14,康和-台南,2024-11-19,8458
8104,錸寶,22,9,13,康和-台南,2024-11-19,8458
8111,立��,14,1,13,康和-台南,2024-11-19,8458
00943,兆豐電子高息等權,12,0,12,康和-台南,2024-11-19,8458
2349,錸德,23,11,12,康和-台南,2024-11-19,8458
2489,瑞軒,12,0,12,康和-台南,2024-11-19,8458
2317,鴻海,23,12,11,康和-台南,2024-11-19,8458
6274,台燿,10,0,10,康和-台南,2024-11-19,8458
00671R,富邦NASDAQ反1,10,0,10,康和-台南,2024-11-19,8458
00665L,富邦�琤肭磪囓�2,10,0,10,康和-台南,2024-11-19,8458
3481,群創,22,12,10,康和-台南,2024-11-19,8458
2444,兆勁,9,0,9,康和-台南,2024-11-19,8458
1449,佳和,9,1,8,康和-台南,2024-11-19,8458
1522,堤維西,8,0,8,康和-台南,2024-11-19,8458
3024,憶聲,9,1,8,康和-台南,2024-11-19,8458
2382,廣達,10,2,8,康和-台南,2024-11-19,8458
2409,友達,13,6,7,康和-台南,2024-11-19,8458
00940,元大台灣價值高息,7,0,7,康和-台南,2024-11-19,8458
1303,南亞,6,0,6,康和-台南,2024-11-19,8458
3090,日電貿,16,10,6,康和-台南,2024-11-19,8458
2891,中信金,6,0,6,康和-台南,2024-11-19,8458
1447,力鵬,6,1,5,康和-台南,2024-11-19,8458
1528,恩德,5,0,5,康和-台南,2024-11-19,8458
2204,中華,10,5,5,康和-台南,2024-11-19,8458
2329,華泰,25,20,5,康和-台南,2024-11-19,8458
2337,旺宏,5,0,5,康和-台南,2024-11-19,8458
3607,谷崧,5,0,5,康和-台南,2024-11-19,8458
6592,和潤企業,5,0,5,康和-台南,2024-11-19,8458
2208,台船,4,0,4,康和-台南,2024-11-19,8458
2324,仁寶,4,0,4,康和-台南,2024-11-19,8458
2605,新興,4,0,4,康和-台南,2024-11-19,8458
2890,永豐金,4,0,4,康和-台南,2024-11-19,8458
3231,緯創,6,2,4,康和-台南,2024-11-19,8458
4739,康普,4,0,4,康和-台南,2024-11-19,8458
4977,眾達-KY,8,4,4,康和-台南,2024-11-19,8458
00665L,富邦�琤肭磪囓�2,160,0,160,康和-台南,2024-11-20,8458
2883,凱基金,150,0,150,康和-台南,2024-11-20,8458
6770,力積電,95,0,95,康和-台南,2024-11-20,8458
2312,金寶,59,0,59,康和-台南,2024-11-20,8458
2349,錸德,72,21,51,康和-台南,2024-11-20,8458
1447,力鵬,42,0,42,康和-台南,2024-11-20,8458
2002,中鋼,30,0,30,康和-台南,2024-11-20,8458
6446,藥華藥,29,0,29,康和-台南,2024-11-20,8458
6443,元晶,27,0,27,康和-台南,2024-11-20,8458
2609,陽明,94,68,26,康和-台南,2024-11-20,8458
3167,大量,28,3,25,康和-台南,2024-11-20,8458
00680L,元大美債20正2,22,0,22,康和-台南,2024-11-20,8458
00930,永豐ESG低碳高息,21,0,21,康和-台南,2024-11-20,8458
6142,友勁,21,0,21,康和-台南,2024-11-20,8458
1718,中纖,20,0,20,康和-台南,2024-11-20,8458
2633,台灣高鐵,20,0,20,康和-台南,2024-11-20,8458
00878,國泰永續高股息,17,0,17,康和-台南,2024-11-20,8458
00637L,元大滬深300正2,40,24,16,康和-台南,2024-11-20,8458
3015,全漢,20,4,16,康和-台南,2024-11-20,8458
00963,中信全球高股息,15,0,15,康和-台南,2024-11-20,8458
1735,日勝化,15,0,15,康和-台南,2024-11-20,8458
2356,英業達,19,5,14,康和-台南,2024-11-20,8458
2515,中工,12,0,12,康和-台南,2024-11-20,8458
8044,網家,13,1,12,康和-台南,2024-11-20,8458
2392,正崴,12,1,11,康和-台南,2024-11-20,8458
5243,乙盛-KY,12,1,11,康和-台南,2024-11-20,8458
2881,富邦金,10,0,10,康和-台南,2024-11-20,8458
00934,中信成長高股息,10,0,10,康和-台南,2024-11-20,8458
1216,統一,10,0,10,康和-台南,2024-11-20,8458
1568,倉佑,10,0,10,康和-台南,2024-11-20,8458
2365,昆盈,10,0,10,康和-台南,2024-11-20,8458
3551,世禾,10,0,10,康和-台南,2024-11-20,8458
8043,蜜望實,10,0,10,康和-台南,2024-11-20,8458
2413,環科,11,2,9,康和-台南,2024-11-20,8458
9105,泰金寶-DR,9,0,9,康和-台南,2024-11-20,8458
1784,訊聯,10,2,8,康和-台南,2024-11-20,8458
1471,首利,7,0,7,康和-台南,2024-11-20,8458
2408,南亞科,7,0,7,康和-台南,2024-11-20,8458
2615,萬海,28,21,7,康和-台南,2024-11-20,8458
3006,晶豪科,7,0,7,康和-台南,2024-11-20,8458
2354,鴻準,117,110,7,康和-台南,2024-11-20,8458
2313,華通,6,0,6,康和-台南,2024-11-20,8458
3062,建漢,26,20,6,康和-台南,2024-11-20,8458
3521,鴻翊,6,0,6,康和-台南,2024-11-20,8458
8064,東捷,7,1,6,康和-台南,2024-11-20,8458
3227,原相,6,1,5,康和-台南,2024-11-20,8458
00671R,富邦NASDAQ反1,5,0,5,康和-台南,2024-11-20,8458
1449,佳和,13,8,5,康和-台南,2024-11-20,8458
2328,廣宇,5,0,5,康和-台南,2024-11-20,8458
2449,京元電子,6,1,5,康和-台南,2024-11-20,8458
2312,金寶,163,28,135,康和-台南,2024-11-21,8458
3490,單井,79,0,79,康和-台南,2024-11-21,8458
00665L,富邦�琤肭磪囓�2,60,0,60,康和-台南,2024-11-21,8458
1532,勤美,60,0,60,康和-台南,2024-11-21,8458
2905,三商,60,0,60,康和-台南,2024-11-21,8458
8104,錸寶,61,17,44,康和-台南,2024-11-21,8458
4746,台耀,41,0,41,康和-台南,2024-11-21,8458
2027,大成鋼,31,0,31,康和-台南,2024-11-21,8458
00945B,凱基美國非投等債,24,0,24,康和-台南,2024-11-21,8458
9919,康那香,20,0,20,康和-台南,2024-11-21,8458
2324,仁寶,20,1,19,康和-台南,2024-11-21,8458
00922,國泰台灣領袖50,19,0,19,康和-台南,2024-11-21,8458
2331,精英,18,0,18,康和-台南,2024-11-21,8458
2204,中華,65,48,17,康和-台南,2024-11-21,8458
1301,台塑,17,0,17,康和-台南,2024-11-21,8458
2349,錸德,53,36,17,康和-台南,2024-11-21,8458
3481,群創,25,8,17,康和-台南,2024-11-21,8458
1569,濱川,31,15,16,康和-台南,2024-11-21,8458
2105,正新,17,1,16,康和-台南,2024-11-21,8458
00878,國泰永續高股息,15,0,15,康和-台南,2024-11-21,8458
1714,和桐,15,0,15,康和-台南,2024-11-21,8458
2344,華邦電,30,15,15,康和-台南,2024-11-21,8458
2881,富邦金,14,0,14,康和-台南,2024-11-21,8458
2317,鴻海,14,2,12,康和-台南,2024-11-21,8458
00671R,富邦NASDAQ反1,11,0,11,康和-台南,2024-11-21,8458
1447,力鵬,11,0,11,康和-台南,2024-11-21,8458
6505,台塑化,10,0,10,康和-台南,2024-11-21,8458
00959B,大華投等美債15Y+,10,0,10,康和-台南,2024-11-21,8458
1316,上曜,12,2,10,康和-台南,2024-11-21,8458
00919,群益台灣精選高息,11,2,9,康和-台南,2024-11-21,8458
2413,環科,10,2,8,康和-台南,2024-11-21,8458
6187,萬潤,11,3,8,康和-台南,2024-11-21,8458
2353,宏��,7,0,7,康和-台南,2024-11-21,8458
6134,萬旭,7,0,7,康和-台南,2024-11-21,8458
2208,台船,6,0,6,康和-台南,2024-11-21,8458
2308,台達電,6,0,6,康和-台南,2024-11-21,8458
2352,佳世達,6,0,6,康和-台南,2024-11-21,8458
3290,東浦,11,5,6,康和-台南,2024-11-21,8458
2618,長榮航,12,7,5,康和-台南,2024-11-21,8458
00715L,期街口布蘭特正2,5,0,5,康和-台南,2024-11-21,8458
00680L,元大美債20正2,5,0,5,康和-台南,2024-11-21,8458
3024,憶聲,5,0,5,康和-台南,2024-11-21,8458
4162,智擎,5,0,5,康和-台南,2024-11-21,8458
2890,永豐金,5,0,5,康和-台南,2024-11-21,8458
2002,中鋼,5,1,4,康和-台南,2024-11-21,8458
3663,鑫科,5,1,4,康和-台南,2024-11-21,8458
4108,懷特,4,0,4,康和-台南,2024-11-21,8458
4931,新盛力,64,60,4,康和-台南,2024-11-21,8458
8089,康全電訊,4,0,4,康和-台南,2024-11-21,8458
00929,復華台灣科技優息,6,2,4,康和-台南,2024-11-21,8458
9105,泰金寶-DR,1224,64,1160,康和-台南,2024-11-22,8458
2367,燿華,113,10,103,康和-台南,2024-11-22,8458
6120,達運,80,0,80,康和-台南,2024-11-22,8458
00937B,群益ESG投等債20,67,0,67,康和-台南,2024-11-22,8458
00680L,元大美債20正2,60,0,60,康和-台南,2024-11-22,8458
9904,寶成,60,0,60,康和-台南,2024-11-22,8458
00687B,國泰20年美債,46,0,46,康和-台南,2024-11-22,8458
1708,東鹼,45,6,39,康和-台南,2024-11-22,8458
4746,台耀,29,0,29,康和-台南,2024-11-22,8458
2908,特力,23,0,23,康和-台南,2024-11-22,8458
5315,光聯,41,20,21,康和-台南,2024-11-22,8458
5309,系統電,29,9,20,康和-台南,2024-11-22,8458
6901,鑽石投資,20,0,20,康和-台南,2024-11-22,8458
2303,聯電,25,6,19,康和-台南,2024-11-22,8458
2891,中信金,19,1,18,康和-台南,2024-11-22,8458
9958,世紀鋼,15,0,15,康和-台南,2024-11-22,8458
3552,同致,11,0,11,康和-台南,2024-11-22,8458
00934,中信成長高股息,10,0,10,康和-台南,2024-11-22,8458
00945B,凱基美國非投等債,10,0,10,康和-台南,2024-11-22,8458
00941,中信上游半導體,10,0,10,康和-台南,2024-11-22,8458
00953B,群益優選非投等債,10,0,10,康和-台南,2024-11-22,8458
1307,三芳,10,0,10,康和-台南,2024-11-22,8458
1905,華紙,10,0,10,康和-台南,2024-11-22,8458
2323,中環,10,0,10,康和-台南,2024-11-22,8458
4576,大銀微系統,10,0,10,康和-台南,2024-11-22,8458
5864,致和證,10,0,10,康和-台南,2024-11-22,8458
8171,天宇,11,1,10,康和-台南,2024-11-22,8458
2349,錸德,46,37,9,康和-台南,2024-11-22,8458
2376,技嘉,9,0,9,康和-台南,2024-11-22,8458
2504,國產,8,0,8,康和-台南,2024-11-22,8458
1568,倉佑,8,0,8,康和-台南,2024-11-22,8458
2615,萬海,9,1,8,康和-台南,2024-11-22,8458
3511,矽瑪,9,2,7,康和-台南,2024-11-22,8458
6213,聯茂,9,2,7,康和-台南,2024-11-22,8458
8163,達方,10,3,7,康和-台南,2024-11-22,8458
6282,康舒,6,0,6,康和-台南,2024-11-22,8458
6285,啟��,6,0,6,康和-台南,2024-11-22,8458
1319,東陽,6,0,6,康和-台南,2024-11-22,8458
1449,佳和,21,15,6,康和-台南,2024-11-22,8458
2641,正德,6,0,6,康和-台南,2024-11-22,8458
8064,東捷,8,2,6,康和-台南,2024-11-22,8458
2888,新光金,5,0,5,康和-台南,2024-11-22,8458
2002,中鋼,5,0,5,康和-台南,2024-11-22,8458
00753L,中信中國50正2,20,15,5,康和-台南,2024-11-22,8458
1710,東聯,5,0,5,康和-台南,2024-11-22,8458
2344,華邦電,5,0,5,康和-台南,2024-11-22,8458
2426,鼎元,5,0,5,康和-台南,2024-11-22,8458
3522,御嵿,5,0,5,康和-台南,2024-11-22,8458
3694,海華,5,0,5,康和-台南,2024-11-22,8458
6134,萬旭,12,7,5,康和-台南,2024-11-22,8458
9105,泰金寶-DR,248,25,223,康和-台南,2024-11-25,8458
2312,金寶,131,40,91,康和-台南,2024-11-25,8458
2367,燿華,81,1,80,康和-台南,2024-11-25,8458
00687B,國泰20年美債,72,0,72,康和-台南,2024-11-25,8458
2618,長榮航,66,0,66,康和-台南,2024-11-25,8458
6901,鑽石投資,60,0,60,康和-台南,2024-11-25,8458
6770,力積電,60,2,58,康和-台南,2024-11-25,8458
00753L,中信中國50正2,50,0,50,康和-台南,2024-11-25,8458
00919,群益台灣精選高息,58,12,46,康和-台南,2024-11-25,8458
5483,中美晶,43,0,43,康和-台南,2024-11-25,8458
3481,群創,35,3,32,康和-台南,2024-11-25,8458
1786,科妍,30,0,30,康和-台南,2024-11-25,8458
00905,FT臺灣Smart,25,0,25,康和-台南,2024-11-25,8458
2105,正新,35,10,25,康和-台南,2024-11-25,8458
4162,智擎,25,0,25,康和-台南,2024-11-25,8458
6126,信音,25,0,25,康和-台南,2024-11-25,8458
2887,台新金,22,0,22,康和-台南,2024-11-25,8458
3712,永崴投控,31,9,22,康和-台南,2024-11-25,8458
00671R,富邦NASDAQ反1,20,0,20,康和-台南,2024-11-25,8458
8104,錸寶,22,4,18,康和-台南,2024-11-25,8458
3625,西勝,16,0,16,康和-台南,2024-11-25,8458
3037,欣興,13,1,12,康和-台南,2024-11-25,8458
1584,精剛,13,1,12,康和-台南,2024-11-25,8458
00662,富邦NASDAQ,11,0,11,康和-台南,2024-11-25,8458
2354,鴻準,23,12,11,康和-台南,2024-11-25,8458
2409,友達,17,6,11,康和-台南,2024-11-25,8458
2615,萬海,13,2,11,康和-台南,2024-11-25,8458
00953B,群益優選非投等債,10,0,10,康和-台南,2024-11-25,8458
1301,台塑,10,0,10,康和-台南,2024-11-25,8458
00887,永豐中國科技50大,10,0,10,康和-台南,2024-11-25,8458
1522,堤維西,10,0,10,康和-台南,2024-11-25,8458
1815,富喬,37,29,8,康和-台南,2024-11-25,8458
2332,友訊,8,0,8,康和-台南,2024-11-25,8458
2610,華航,28,20,8,康和-台南,2024-11-25,8458
3025,星通,9,1,8,康和-台南,2024-11-25,8458
00680L,元大美債20正2,7,0,7,康和-台南,2024-11-25,8458
8044,網家,7,0,7,康和-台南,2024-11-25,8458
2603,長榮,9,2,7,康和-台南,2024-11-25,8458
1303,南亞,6,0,6,康和-台南,2024-11-25,8458
4952,凌通,6,0,6,康和-台南,2024-11-25,8458
5465,富驊,6,1,5,康和-台南,2024-11-25,8458
00665L,富邦�琤肭磪囓�2,10,5,5,康和-台南,2024-11-25,8458
2371,大同,10,5,5,康和-台南,2024-11-25,8458
2449,京元電子,9,4,5,康和-台南,2024-11-25,8458
2477,美隆電,5,0,5,康和-台南,2024-11-25,8458
2834,臺企銀,5,0,5,康和-台南,2024-11-25,8458
2444,兆勁,5,1,4,康和-台南,2024-11-25,8458
5243,乙盛-KY,7,3,4,康和-台南,2024-11-25,8458
3663,鑫科,3,0,3,康和-台南,2024-11-25,8458
00937B,群益ESG投等債20,3,0,3,康和-台南,2024-11-25,8458
2897,王道銀行,95,0,95,康和-台南,2024-11-26,8458
2881,富邦金,73,12,61,康和-台南,2024-11-26,8458
00945B,凱基美國非投等債,60,0,60,康和-台南,2024-11-26,8458
6901,鑽石投資,60,3,57,康和-台南,2024-11-26,8458
2317,鴻海,68,13,55,康和-台南,2024-11-26,8458
2344,華邦電,48,0,48,康和-台南,2024-11-26,8458
2371,大同,46,0,46,康和-台南,2024-11-26,8458
4931,新盛力,56,21,35,康和-台南,2024-11-26,8458
00715L,期街口布蘭特正2,28,0,28,康和-台南,2024-11-26,8458
1815,富喬,40,14,26,康和-台南,2024-11-26,8458
6126,信音,22,0,22,康和-台南,2024-11-26,8458
8044,網家,25,3,22,康和-台南,2024-11-26,8458
1718,中纖,20,0,20,康和-台南,2024-11-26,8458
5880,合庫金,20,0,20,康和-台南,2024-11-26,8458
2887,台新金,20,0,20,康和-台南,2024-11-26,8458
3231,緯創,19,4,15,康和-台南,2024-11-26,8458
00951,台新日本半導體,14,0,14,康和-台南,2024-11-26,8458
00878,國泰永續高股息,12,0,12,康和-台南,2024-11-26,8458
00932,兆豐永續高息等權,10,0,10,康和-台南,2024-11-26,8458
1301,台塑,10,0,10,康和-台南,2024-11-26,8458
6282,康舒,14,4,10,康和-台南,2024-11-26,8458
9907,統一實,10,0,10,康和-台南,2024-11-26,8458
2474,可成,10,1,9,康和-台南,2024-11-26,8458
2542,興富發,9,0,9,康和-台南,2024-11-26,8458
5309,系統電,16,7,9,康和-台南,2024-11-26,8458
2330,台積電,9,0,9,康和-台南,2024-11-26,8458
1528,恩德,9,2,7,康和-台南,2024-11-26,8458
3050,鈺德,9,2,7,康和-台南,2024-11-26,8458
00905,FT臺灣Smart,7,0,7,康和-台南,2024-11-26,8458
00915,凱基優選高股息30,6,0,6,康和-台南,2024-11-26,8458
1540,喬福,6,0,6,康和-台南,2024-11-26,8458
2615,萬海,6,0,6,康和-台南,2024-11-26,8458
3444,利機,6,0,6,康和-台南,2024-11-26,8458
5007,三星,6,0,6,康和-台南,2024-11-26,8458
0056,元大高股息,6,1,5,康和-台南,2024-11-26,8458
00939,統一台灣高息動能,5,0,5,康和-台南,2024-11-26,8458
00902,中信電池及儲能,5,0,5,康和-台南,2024-11-26,8458
1722,台肥,5,0,5,康和-台南,2024-11-26,8458
2401,凌陽,25,20,5,康和-台南,2024-11-26,8458
3673,TPK-KY,5,0,5,康和-台南,2024-11-26,8458
4979,華星光,7,3,4,康和-台南,2024-11-26,8458
2353,宏��,10,6,4,康和-台南,2024-11-26,8458
00930,永豐ESG低碳高息,4,0,4,康和-台南,2024-11-26,8458
00922,國泰台灣領袖50,14,10,4,康和-台南,2024-11-26,8458
1324,地球,4,0,4,康和-台南,2024-11-26,8458
1504,東元,4,0,4,康和-台南,2024-11-26,8458
2329,華泰,4,0,4,康和-台南,2024-11-26,8458
2426,鼎元,6,2,4,康和-台南,2024-11-26,8458
6213,聯茂,4,0,4,康和-台南,2024-11-26,8458
8033,雷虎,13,9,4,康和-台南,2024-11-26,8458
2897,王道銀行,275,0,275,康和-台南,2024-11-27,8458
3521,鴻翊,269,0,269,康和-台南,2024-11-27,8458
6770,力積電,143,15,128,康和-台南,2024-11-27,8458
9105,泰金寶-DR,117,13,104,康和-台南,2024-11-27,8458
2312,金寶,126,24,102,康和-台南,2024-11-27,8458
2408,南亞科,101,0,101,康和-台南,2024-11-27,8458
00680L,元大美債20正2,90,0,90,康和-台南,2024-11-27,8458
00878,國泰永續高股息,57,0,57,康和-台南,2024-11-27,8458
2002,中鋼,66,10,56,康和-台南,2024-11-27,8458
2883,凱基金,60,4,56,康和-台南,2024-11-27,8458
4746,台耀,54,0,54,康和-台南,2024-11-27,8458
3090,日電貿,51,0,51,康和-台南,2024-11-27,8458
2371,大同,52,4,48,康和-台南,2024-11-27,8458
00940,元大台灣價值高息,46,0,46,康和-台南,2024-11-27,8458
0056,元大高股息,34,0,34,康和-台南,2024-11-27,8458
2881,富邦金,33,0,33,康和-台南,2024-11-27,8458
5880,合庫金,31,0,31,康和-台南,2024-11-27,8458
1536,和大,36,5,31,康和-台南,2024-11-27,8458
1714,和桐,30,0,30,康和-台南,2024-11-27,8458
2303,聯電,31,2,29,康和-台南,2024-11-27,8458
2317,鴻海,32,5,27,康和-台南,2024-11-27,8458
2609,陽明,29,6,23,康和-台南,2024-11-27,8458
3580,友威科,22,0,22,康和-台南,2024-11-27,8458
00922,國泰台灣領袖50,21,0,21,康和-台南,2024-11-27,8458
00919,群益台灣精選高息,21,0,21,康和-台南,2024-11-27,8458
00706L,期元大S＆P日圓正2,20,0,20,康和-台南,2024-11-27,8458
6142,友勁,20,0,20,康和-台南,2024-11-27,8458
3013,晟銘電,19,0,19,康和-台南,2024-11-27,8458
1802,台玻,17,0,17,康和-台南,2024-11-27,8458
3231,緯創,26,10,16,康和-台南,2024-11-27,8458
00939,統一台灣高息動能,16,0,16,康和-台南,2024-11-27,8458
1447,力鵬,15,0,15,康和-台南,2024-11-27,8458
3663,鑫科,15,1,14,康和-台南,2024-11-27,8458
1708,東鹼,17,4,13,康和-台南,2024-11-27,8458
00915,凱基優選高股息30,12,0,12,康和-台南,2024-11-27,8458
2615,萬海,26,14,12,康和-台南,2024-11-27,8458
3037,欣興,12,0,12,康和-台南,2024-11-27,8458
00929,復華台灣科技優息,11,0,11,康和-台南,2024-11-27,8458
00830,國泰費城半導體,11,0,11,康和-台南,2024-11-27,8458
4303,信立,11,0,11,康和-台南,2024-11-27,8458
00953B,群益優選非投等債,10,0,10,康和-台南,2024-11-27,8458
2515,中工,10,0,10,康和-台南,2024-11-27,8458
5521,工信,20,10,10,康和-台南,2024-11-27,8458
6530,創威,12,2,10,康和-台南,2024-11-27,8458
8043,蜜望實,10,0,10,康和-台南,2024-11-27,8458
3227,原相,10,1,9,康和-台南,2024-11-27,8458
6257,矽格,8,0,8,康和-台南,2024-11-27,8458
2603,長榮,16,8,8,康和-台南,2024-11-27,8458
00951,台新日本半導體,8,0,8,康和-台南,2024-11-27,8458
2349,錸德,28,20,8,康和-台南,2024-11-27,8458
00931B,統一美債20年,400,1,399,康和-台南,2024-11-28,8458
1312,國喬,200,0,200,康和-台南,2024-11-28,8458
00687B,國泰20年美債,200,1,199,康和-台南,2024-11-28,8458
00679B,元大美債20年,137,40,97,康和-台南,2024-11-28,8458
3037,欣興,56,1,55,康和-台南,2024-11-28,8458
00946,群益科技高息成長,51,0,51,康和-台南,2024-11-28,8458
00878,國泰永續高股息,54,4,50,康和-台南,2024-11-28,8458
9105,泰金寶-DR,145,106,39,康和-台南,2024-11-28,8458
00919,群益台灣精選高息,37,0,37,康和-台南,2024-11-28,8458
2354,鴻準,58,23,35,康和-台南,2024-11-28,8458
2641,正德,30,0,30,康和-台南,2024-11-28,8458
3231,緯創,34,5,29,康和-台南,2024-11-28,8458
00940,元大台灣價值高息,21,0,21,康和-台南,2024-11-28,8458
2312,金寶,44,24,20,康和-台南,2024-11-28,8458
00922,國泰台灣領袖50,20,0,20,康和-台南,2024-11-28,8458
00929,復華台灣科技優息,17,0,17,康和-台南,2024-11-28,8458
3419,譁裕,18,1,17,康和-台南,2024-11-28,8458
5309,系統電,18,1,17,康和-台南,2024-11-28,8458
00930,永豐ESG低碳高息,16,0,16,康和-台南,2024-11-28,8458
2367,燿華,36,20,16,康和-台南,2024-11-28,8458
00918,大華優利高填息30,13,0,13,康和-台南,2024-11-28,8458
2204,中華,18,5,13,康和-台南,2024-11-28,8458
2609,陽明,88,76,12,康和-台南,2024-11-28,8458
2887,台新金,12,0,12,康和-台南,2024-11-28,8458
0056,元大高股息,14,2,12,康和-台南,2024-11-28,8458
1815,富喬,37,25,12,康和-台南,2024-11-28,8458
4510,高鋒,173,162,11,康和-台南,2024-11-28,8458
3167,大量,12,1,11,康和-台南,2024-11-28,8458
00671R,富邦NASDAQ反1,10,0,10,康和-台南,2024-11-28,8458
00924,復華S＆P500成長,10,0,10,康和-台南,2024-11-28,8458
1568,倉佑,10,0,10,康和-台南,2024-11-28,8458
2426,鼎元,15,5,10,康和-台南,2024-11-28,8458
2515,中工,10,0,10,康和-台南,2024-11-28,8458
2610,華航,11,1,10,康和-台南,2024-11-28,8458
3362,先進光,10,0,10,康和-台南,2024-11-28,8458
00900,富邦特選高股息30,9,0,9,康和-台南,2024-11-28,8458
2399,映泰,10,1,9,康和-台南,2024-11-28,8458
2330,台積電,10,2,8,康和-台南,2024-11-28,8458
1301,台塑,8,0,8,康和-台南,2024-11-28,8458
2419,仲琦,12,4,8,康和-台南,2024-11-28,8458
006208,富邦台50,7,0,7,康和-台南,2024-11-28,8458
2323,中環,10,3,7,康和-台南,2024-11-28,8458
3062,建漢,28,21,7,康和-台南,2024-11-28,8458
4108,懷特,7,0,7,康和-台南,2024-11-28,8458
6117,迎廣,9,2,7,康和-台南,2024-11-28,8458
1324,地球,6,0,6,康和-台南,2024-11-28,8458
1710,東聯,6,0,6,康和-台南,2024-11-28,8458
1711,永光,6,0,6,康和-台南,2024-11-28,8458
5871,中租-KY,6,0,6,康和-台南,2024-11-28,8458
8044,網家,6,0,6,康和-台南,2024-11-28,8458
1586,和勤,102,0,102,康和-台南,2024-11-29,8458
2883,凱基金,102,0,102,康和-台南,2024-11-29,8458
2408,南亞科,50,0,50,康和-台南,2024-11-29,8458
1714,和桐,39,0,39,康和-台南,2024-11-29,8458
3521,鴻翊,36,0,36,康和-台南,2024-11-29,8458
3706,神達,82,51,31,康和-台南,2024-11-29,8458
2014,中鴻,30,0,30,康和-台南,2024-11-29,8458
5244,弘凱,32,2,30,康和-台南,2024-11-29,8458
6509,聚和,31,2,29,康和-台南,2024-11-29,8458
4931,新盛力,54,29,25,康和-台南,2024-11-29,8458
00878,國泰永續高股息,24,0,24,康和-台南,2024-11-29,8458
3481,群創,31,7,24,康和-台南,2024-11-29,8458
0056,元大高股息,22,0,22,康和-台南,2024-11-29,8458
9904,寶成,22,0,22,康和-台南,2024-11-29,8458
2312,金寶,25,6,19,康和-台南,2024-11-29,8458
2002,中鋼,18,0,18,康和-台南,2024-11-29,8458
5876,上海商銀,15,0,15,康和-台南,2024-11-29,8458
2392,正崴,13,1,12,康和-台南,2024-11-29,8458
00919,群益台灣精選高息,12,1,11,康和-台南,2024-11-29,8458
1301,台塑,10,0,10,康和-台南,2024-11-29,8458
2618,長榮航,14,4,10,康和-台南,2024-11-29,8458
00940,元大台灣價值高息,10,0,10,康和-台南,2024-11-29,8458
00882,中信中國高股息,10,0,10,康和-台南,2024-11-29,8458
1402,遠東新,10,0,10,康和-台南,2024-11-29,8458
1568,倉佑,10,0,10,康和-台南,2024-11-29,8458
1718,中纖,10,0,10,康和-台南,2024-11-29,8458
1734,杏輝,10,0,10,康和-台南,2024-11-29,8458
2905,三商,10,0,10,康和-台南,2024-11-29,8458
3088,艾訊,10,0,10,康和-台南,2024-11-29,8458
4746,台耀,10,0,10,康和-台南,2024-11-29,8458
4956,光鋐,10,0,10,康和-台南,2024-11-29,8458
8104,錸寶,12,2,10,康和-台南,2024-11-29,8458
00770,國泰北美科技,10,0,10,康和-台南,2024-11-29,8458
6770,力積電,13,4,9,康和-台南,2024-11-29,8458
2891,中信金,8,0,8,康和-台南,2024-11-29,8458
6505,台塑化,8,0,8,康和-台南,2024-11-29,8458
8044,網家,10,2,8,康和-台南,2024-11-29,8458
2881,富邦金,8,0,8,康和-台南,2024-11-29,8458
1308,亞聚,7,0,7,康和-台南,2024-11-29,8458
3090,日電貿,9,2,7,康和-台南,2024-11-29,8458
4510,高鋒,12,5,7,康和-台南,2024-11-29,8458
4971,IET-KY,7,0,7,康和-台南,2024-11-29,8458
2888,新光金,7,0,7,康和-台南,2024-11-29,8458
00713,元大台灣高息低波,6,0,6,康和-台南,2024-11-29,8458
2444,兆勁,7,1,6,康和-台南,2024-11-29,8458
4927,泰鼎-KY,17,11,6,康和-台南,2024-11-29,8458
00930,永豐ESG低碳高息,5,0,5,康和-台南,2024-11-29,8458
00960,野村全球航運龍頭,5,0,5,康和-台南,2024-11-29,8458
2313,華通,5,0,5,康和-台南,2024-11-29,8458
2489,瑞軒,5,0,5,康和-台南,2024-11-29,8458
6770,力積電,60,0,60,康和-台南,2024-12-02,8458
9949,琉園,56,0,56,康和-台南,2024-12-02,8458
5864,致和證,56,2,54,康和-台南,2024-12-02,8458
3702A,大聯大甲特,50,0,50,康和-台南,2024-12-02,8458
8935,邦泰,45,0,45,康和-台南,2024-12-02,8458
00670L,富邦NASDAQ正2,40,0,40,康和-台南,2024-12-02,8458
3521,鴻翊,39,0,39,康和-台南,2024-12-02,8458
2371,大同,30,0,30,康和-台南,2024-12-02,8458
6558,興能高,30,2,28,康和-台南,2024-12-02,8458
00715L,期街口布蘭特正2,24,0,24,康和-台南,2024-12-02,8458
1710,東聯,24,0,24,康和-台南,2024-12-02,8458
1815,富喬,34,10,24,康和-台南,2024-12-02,8458
1308,亞聚,23,0,23,康和-台南,2024-12-02,8458
2312,金寶,37,14,23,康和-台南,2024-12-02,8458
3605,宏致,23,0,23,康和-台南,2024-12-02,8458
1711,永光,21,0,21,康和-台南,2024-12-02,8458
1568,倉佑,20,0,20,康和-台南,2024-12-02,8458
2349,錸德,20,0,20,康和-台南,2024-12-02,8458
3036,文曄,20,1,19,康和-台南,2024-12-02,8458
3712,永崴投控,18,0,18,康和-台南,2024-12-02,8458
2329,華泰,14,0,14,康和-台南,2024-12-02,8458
3019,亞光,11,0,11,康和-台南,2024-12-02,8458
00909,國泰數位支付服務,10,0,10,康和-台南,2024-12-02,8458
00665L,富邦�琤肭磪囓�2,10,0,10,康和-台南,2024-12-02,8458
2634,漢翔,10,0,10,康和-台南,2024-12-02,8458
6160,欣技,10,0,10,康和-台南,2024-12-02,8458
1522,堤維西,21,12,9,康和-台南,2024-12-02,8458
4979,華星光,19,10,9,康和-台南,2024-12-02,8458
5371,中光電,45,37,8,康和-台南,2024-12-02,8458
2392,正崴,13,5,8,康和-台南,2024-12-02,8458
2426,鼎元,11,3,8,康和-台南,2024-12-02,8458
2801,彰銀,20,12,8,康和-台南,2024-12-02,8458
2204,中華,7,0,7,康和-台南,2024-12-02,8458
3013,晟銘電,8,1,7,康和-台南,2024-12-02,8458
3052,夆典,9,2,7,康和-台南,2024-12-02,8458
3211,順達,11,4,7,康和-台南,2024-12-02,8458
5309,系統電,9,2,7,康和-台南,2024-12-02,8458
1702,南僑,6,0,6,康和-台南,2024-12-02,8458
2455,全新,6,0,6,康和-台南,2024-12-02,8458
5328,華容,8,2,6,康和-台南,2024-12-02,8458
1904,正隆,6,0,6,康和-台南,2024-12-02,8458
5244,弘凱,45,40,5,康和-台南,2024-12-02,8458
1605,華新,28,23,5,康和-台南,2024-12-02,8458
00637L,元大滬深300正2,25,20,5,康和-台南,2024-12-02,8458
2515,中工,5,0,5,康和-台南,2024-12-02,8458
3419,譁裕,5,0,5,康和-台南,2024-12-02,8458
4726,永昕,5,0,5,康和-台南,2024-12-02,8458
00891,中信關鍵半導體,4,0,4,康和-台南,2024-12-02,8458
1708,東鹼,15,11,4,康和-台南,2024-12-02,8458
2495,普安,4,0,4,康和-台南,2024-12-02,8458
2426,鼎元,120,2,118,康和-台南,2024-12-03,8458
00919,群益台灣精選高息,105,12,93,康和-台南,2024-12-03,8458
4534,慶騰,80,0,80,康和-台南,2024-12-03,8458
2371,大同,60,0,60,康和-台南,2024-12-03,8458
9105,泰金寶-DR,209,161,48,康和-台南,2024-12-03,8458
4755,三福化,30,0,30,康和-台南,2024-12-03,8458
2303,聯電,37,8,29,康和-台南,2024-12-03,8458
00918,大華優利高填息30,28,0,28,康和-台南,2024-12-03,8458
2312,金寶,38,12,26,康和-台南,2024-12-03,8458
2014,中鴻,23,0,23,康和-台南,2024-12-03,8458
6156,松上,15,0,15,康和-台南,2024-12-03,8458
2323,中環,15,1,14,康和-台南,2024-12-03,8458
2901,欣欣,13,0,13,康和-台南,2024-12-03,8458
00715L,期街口布蘭特正2,12,0,12,康和-台南,2024-12-03,8458
3231,緯創,27,15,12,康和-台南,2024-12-03,8458
1714,和桐,10,0,10,康和-台南,2024-12-03,8458
3094,聯傑,10,0,10,康和-台南,2024-12-03,8458
2887,台新金,10,0,10,康和-台南,2024-12-03,8458
5315,光聯,10,1,9,康和-台南,2024-12-03,8458
5309,系統電,8,0,8,康和-台南,2024-12-03,8458
8150,南茂,16,8,8,康和-台南,2024-12-03,8458
4956,光鋐,7,0,7,康和-台南,2024-12-03,8458
4303,信立,19,12,7,康和-台南,2024-12-03,8458
1449,佳和,15,9,6,康和-台南,2024-12-03,8458
2444,兆勁,12,6,6,康和-台南,2024-12-03,8458
4942,嘉彰,6,0,6,康和-台南,2024-12-03,8458
6142,友勁,6,0,6,康和-台南,2024-12-03,8458
00713,元大台灣高息低波,6,1,5,康和-台南,2024-12-03,8458
00891,中信關鍵半導體,5,0,5,康和-台南,2024-12-03,8458
1568,倉佑,5,0,5,康和-台南,2024-12-03,8458
1710,東聯,5,0,5,康和-台南,2024-12-03,8458
2332,友訊,5,0,5,康和-台南,2024-12-03,8458
2646,星宇航空,5,0,5,康和-台南,2024-12-03,8458
3550,聯穎,5,0,5,康和-台南,2024-12-03,8458
4714,永捷,6,1,5,康和-台南,2024-12-03,8458
4906,正文,15,10,5,康和-台南,2024-12-03,8458
5245,智晶,5,0,5,康和-台南,2024-12-03,8458
5483,中美晶,5,0,5,康和-台南,2024-12-03,8458
6509,聚和,5,0,5,康和-台南,2024-12-03,8458
8112,至上,4,0,4,康和-台南,2024-12-03,8458
00915,凱基優選高股息30,4,0,4,康和-台南,2024-12-03,8458
1336,台翰,4,0,4,康和-台南,2024-12-03,8458
5465,富驊,5,1,4,康和-台南,2024-12-03,8458
6873,泓德能源,3,0,3,康和-台南,2024-12-03,8458
8028,昇陽半導體,19,16,3,康和-台南,2024-12-03,8458
00945B,凱基美國非投等債,3,0,3,康和-台南,2024-12-03,8458
00724B,群益投資級金融債,3,0,3,康和-台南,2024-12-03,8458
00952,凱基台灣AI50,3,0,3,康和-台南,2024-12-03,8458
00959B,大華投等美債15Y+,3,0,3,康和-台南,2024-12-03,8458
2382,廣達,5,2,3,康和-台南,2024-12-03,8458
2367,燿華,155,5,150,康和-台南,2024-12-04,8458
2371,大同,69,0,69,康和-台南,2024-12-04,8458
00665L,富邦�琤肭磪囓�2,50,0,50,康和-台南,2024-12-04,8458
4746,台耀,40,0,40,康和-台南,2024-12-04,8458
5244,弘凱,80,42,38,康和-台南,2024-12-04,8458
5309,系統電,69,35,34,康和-台南,2024-12-04,8458
2347,聯強,32,0,32,康和-台南,2024-12-04,8458
2891,中信金,31,1,30,康和-台南,2024-12-04,8458
2344,華邦電,30,3,27,康和-台南,2024-12-04,8458
3605,宏致,22,0,22,康和-台南,2024-12-04,8458
00918,大華優利高填息30,23,2,21,康和-台南,2024-12-04,8458
2486,一詮,23,2,21,康和-台南,2024-12-04,8458
1711,永光,20,0,20,康和-台南,2024-12-04,8458
2845,遠東銀,20,0,20,康和-台南,2024-12-04,8458
2419,仲琦,19,1,18,康和-台南,2024-12-04,8458
8104,錸寶,38,21,17,康和-台南,2024-12-04,8458
00687B,國泰20年美債,14,0,14,康和-台南,2024-12-04,8458
1595,川寶,15,1,14,康和-台南,2024-12-04,8458
2349,錸德,19,5,14,康和-台南,2024-12-04,8458
00937B,群益ESG投等債20,12,0,12,康和-台南,2024-12-04,8458
6530,創威,16,4,12,康和-台南,2024-12-04,8458
2392,正崴,12,1,11,康和-台南,2024-12-04,8458
00887,永豐中國科技50大,10,0,10,康和-台南,2024-12-04,8458
00671R,富邦NASDAQ反1,10,0,10,康和-台南,2024-12-04,8458
3702A,大聯大甲特,10,0,10,康和-台南,2024-12-04,8458
3712,永崴投控,10,0,10,康和-台南,2024-12-04,8458
4510,高鋒,10,0,10,康和-台南,2024-12-04,8458
3025,星通,10,1,9,康和-台南,2024-12-04,8458
00679B,元大美債20年,8,0,8,康和-台南,2024-12-04,8458
2062,橋椿,14,6,8,康和-台南,2024-12-04,8458
8121,越峰,8,0,8,康和-台南,2024-12-04,8458
1301,台塑,7,0,7,康和-台南,2024-12-04,8458
1307,三芳,13,7,6,康和-台南,2024-12-04,8458
2354,鴻準,14,8,6,康和-台南,2024-12-04,8458
2408,南亞科,6,0,6,康和-台南,2024-12-04,8458
2426,鼎元,7,1,6,康和-台南,2024-12-04,8458
3024,憶聲,7,1,6,康和-台南,2024-12-04,8458
3694,海華,8,2,6,康和-台南,2024-12-04,8458
4971,IET-KY,7,1,6,康和-台南,2024-12-04,8458
6166,凌華,6,0,6,康和-台南,2024-12-04,8458
3376,新日興,10,4,6,康和-台南,2024-12-04,8458
00795B,中信美國公債20年,5,0,5,康和-台南,2024-12-04,8458
2014,中鴻,5,0,5,康和-台南,2024-12-04,8458
2897,王道銀行,5,0,5,康和-台南,2024-12-04,8458
3202,樺晟,5,0,5,康和-台南,2024-12-04,8458
4979,華星光,19,14,5,康和-台南,2024-12-04,8458
6117,迎廣,7,2,5,康和-台南,2024-12-04,8458
6449,鈺邦,5,0,5,康和-台南,2024-12-04,8458
3323,加百裕,20,15,5,康和-台南,2024-12-04,8458
3013,晟銘電,7,3,4,康和-台南,2024-12-04,8458
2354,鴻準,289,71,218,康和-台南,2024-12-05,8458
00918,大華優利高填息30,156,0,156,康和-台南,2024-12-05,8458
3481,群創,112,0,112,康和-台南,2024-12-05,8458
1815,富喬,143,76,67,康和-台南,2024-12-05,8458
4746,台耀,52,1,51,康和-台南,2024-12-05,8458
6770,力積電,61,15,46,康和-台南,2024-12-05,8458
2337,旺宏,35,1,34,康和-台南,2024-12-05,8458
00878,國泰永續高股息,31,1,30,康和-台南,2024-12-05,8458
1595,川寶,40,10,30,康和-台南,2024-12-05,8458
00919,群益台灣精選高息,31,9,22,康和-台南,2024-12-05,8458
3036,文曄,20,0,20,康和-台南,2024-12-05,8458
00909,國泰數位支付服務,18,0,18,康和-台南,2024-12-05,8458
3231,緯創,36,18,18,康和-台南,2024-12-05,8458
2356,英業達,19,2,17,康和-台南,2024-12-05,8458
1568,倉佑,16,0,16,康和-台南,2024-12-05,8458
6104,創惟,32,16,16,康和-台南,2024-12-05,8458
2105,正新,15,0,15,康和-台南,2024-12-05,8458
2515,中工,15,0,15,康和-台南,2024-12-05,8458
2331,精英,26,12,14,康和-台南,2024-12-05,8458
2888,新光金,13,0,13,康和-台南,2024-12-05,8458
4576,大銀微系統,12,0,12,康和-台南,2024-12-05,8458
5328,華容,14,2,12,康和-台南,2024-12-05,8458
3032,偉訓,11,0,11,康和-台南,2024-12-05,8458
00965,元大航太防衛科技,10,0,10,康和-台南,2024-12-05,8458
2444,兆勁,11,1,10,康和-台南,2024-12-05,8458
2617,台航,10,0,10,康和-台南,2024-12-05,8458
3019,亞光,12,2,10,康和-台南,2024-12-05,8458
3036A,文曄甲特,10,0,10,康和-台南,2024-12-05,8458
8163,達方,10,0,10,康和-台南,2024-12-05,8458
9904,寶成,10,0,10,康和-台南,2024-12-05,8458
1608,華榮,9,0,9,康和-台南,2024-12-05,8458
2349,錸德,23,14,9,康和-台南,2024-12-05,8458
2476,鉅祥,9,0,9,康和-台南,2024-12-05,8458
9938,百和,10,1,9,康和-台南,2024-12-05,8458
2618,長榮航,21,12,9,康和-台南,2024-12-05,8458
2317,鴻海,12,3,9,康和-台南,2024-12-05,8458
2303,聯電,16,8,8,康和-台南,2024-12-05,8458
2392,正崴,22,14,8,康和-台南,2024-12-05,8458
2489,瑞軒,10,2,8,康和-台南,2024-12-05,8458
2884,玉山金,10,2,8,康和-台南,2024-12-05,8458
3303,岱稜,9,1,8,康和-台南,2024-12-05,8458
3211,順達,12,5,7,康和-台南,2024-12-05,8458
00915,凱基優選高股息30,7,0,7,康和-台南,2024-12-05,8458
6530,創威,8,1,7,康和-台南,2024-12-05,8458
6552,易華電,7,0,7,康和-台南,2024-12-05,8458
1605,華新,6,0,6,康和-台南,2024-12-05,8458
3323,加百裕,12,6,6,康和-台南,2024-12-05,8458
1718,中纖,6,0,6,康和-台南,2024-12-05,8458
2542,興富發,6,0,6,康和-台南,2024-12-05,8458
3024,憶聲,8,2,6,康和-台南,2024-12-05,8458
00919,群益台灣精選高息,474,0,474,康和-台南,2024-12-06,8458
2344,華邦電,173,11,162,康和-台南,2024-12-06,8458
2882,國泰金,50,0,50,康和-台南,2024-12-06,8458
2367,燿華,43,0,43,康和-台南,2024-12-06,8458
8935,邦泰,36,0,36,康和-台南,2024-12-06,8458
0056,元大高股息,31,0,31,康和-台南,2024-12-06,8458
2312,金寶,31,1,30,康和-台南,2024-12-06,8458
00713,元大台灣高息低波,26,0,26,康和-台南,2024-12-06,8458
2610,華航,23,2,21,康和-台南,2024-12-06,8458
2303,聯電,18,1,17,康和-台南,2024-12-06,8458
2486,一詮,20,3,17,康和-台南,2024-12-06,8458
2405,輔信,28,13,15,康和-台南,2024-12-06,8458
1605,華新,19,6,13,康和-台南,2024-12-06,8458
2477,美隆電,12,0,12,康和-台南,2024-12-06,8458
2317,鴻海,13,2,11,康和-台南,2024-12-06,8458
6288,聯嘉,13,2,11,康和-台南,2024-12-06,8458
00891,中信關鍵半導體,10,0,10,康和-台南,2024-12-06,8458
3550,聯穎,10,0,10,康和-台南,2024-12-06,8458
3605,宏致,10,0,10,康和-台南,2024-12-06,8458
4956,光鋐,18,8,10,康和-台南,2024-12-06,8458
8097,常珵,13,3,10,康和-台南,2024-12-06,8458
8111,立��,17,7,10,康和-台南,2024-12-06,8458
2891,中信金,10,0,10,康和-台南,2024-12-06,8458
6257,矽格,10,1,9,康和-台南,2024-12-06,8458
8358,金居,10,1,9,康和-台南,2024-12-06,8458
00953B,群益優選非投等債,8,0,8,康和-台南,2024-12-06,8458
1815,富喬,31,24,7,康和-台南,2024-12-06,8458
3545,敦泰,7,0,7,康和-台南,2024-12-06,8458
3090,日電貿,7,1,6,康和-台南,2024-12-06,8458
8028,昇陽半導體,7,1,6,康和-台南,2024-12-06,8458
00715L,期街口布蘭特正2,6,0,6,康和-台南,2024-12-06,8458
00962,台新AI優息動能,6,0,6,康和-台南,2024-12-06,8458
1802,台玻,8,2,6,康和-台南,2024-12-06,8458
4919,新唐,10,4,6,康和-台南,2024-12-06,8458
5309,系統電,7,1,6,康和-台南,2024-12-06,8458
00918,大華優利高填息30,5,0,5,康和-台南,2024-12-06,8458
1529,樂事綠能,5,0,5,康和-台南,2024-12-06,8458
6139,亞翔,11,6,5,康和-台南,2024-12-06,8458
1714,和桐,5,0,5,康和-台南,2024-12-06,8458
2376,技嘉,5,0,5,康和-台南,2024-12-06,8458
3303,岱稜,5,0,5,康和-台南,2024-12-06,8458
4303,信立,11,6,5,康和-台南,2024-12-06,8458
4916,事欣科,5,0,5,康和-台南,2024-12-06,8458
5438,東友,5,0,5,康和-台南,2024-12-06,8458
6438,迅得,6,1,5,康和-台南,2024-12-06,8458
8210,勤誠,11,6,5,康和-台南,2024-12-06,8458
8926,台汽電,5,0,5,康和-台南,2024-12-06,8458
2603,長榮,4,0,4,康和-台南,2024-12-06,8458
4977,眾達-KY,5,1,4,康和-台南,2024-12-06,8458
1522,堤維西,4,0,4,康和-台南,2024-12-06,8458
2515,中工,88,10,78,康和-台南,2024-12-09,8458
2337,旺宏,62,2,60,康和-台南,2024-12-09,8458
2409,友達,65,5,60,康和-台南,2024-12-09,8458
3715,定穎投控,58,5,53,康和-台南,2024-12-09,8458
2882,國泰金,50,1,49,康和-台南,2024-12-09,8458
9105,泰金寶-DR,45,0,45,康和-台南,2024-12-09,8458
2405,輔信,34,0,34,康和-台南,2024-12-09,8458
9907,統一實,30,0,30,康和-台南,2024-12-09,8458
8112,至上,30,1,29,康和-台南,2024-12-09,8458
6015,宏遠證,28,0,28,康和-台南,2024-12-09,8458
1708,東鹼,31,8,23,康和-台南,2024-12-09,8458
3025,星通,24,3,21,康和-台南,2024-12-09,8458
2324,仁寶,44,25,19,康和-台南,2024-12-09,8458
2436,偉詮電,28,12,16,康和-台南,2024-12-09,8458
1584,精剛,15,0,15,康和-台南,2024-12-09,8458
6245,立端,15,0,15,康和-台南,2024-12-09,8458
8358,金居,15,0,15,康和-台南,2024-12-09,8458
00915,凱基優選高股息30,14,0,14,康和-台南,2024-12-09,8458
2312,金寶,23,9,14,康和-台南,2024-12-09,8458
2603,長榮,15,2,13,康和-台南,2024-12-09,8458
6592,和潤企業,12,0,12,康和-台南,2024-12-09,8458
00918,大華優利高填息30,12,0,12,康和-台南,2024-12-09,8458
2477,美隆電,11,0,11,康和-台南,2024-12-09,8458
2615,萬海,18,7,11,康和-台南,2024-12-09,8458
3167,大量,11,0,11,康和-台南,2024-12-09,8458
5309,系統電,12,1,11,康和-台南,2024-12-09,8458
6505,台塑化,12,1,11,康和-台南,2024-12-09,8458
8935,邦泰,11,0,11,康和-台南,2024-12-09,8458
3706,神達,23,12,11,康和-台南,2024-12-09,8458
1595,川寶,10,0,10,康和-台南,2024-12-09,8458
1711,永光,10,0,10,康和-台南,2024-12-09,8458
1734,杏輝,10,0,10,康和-台南,2024-12-09,8458
2303,聯電,15,5,10,康和-台南,2024-12-09,8458
2884,玉山金,10,1,9,康和-台南,2024-12-09,8458
2349,錸德,34,25,9,康和-台南,2024-12-09,8458
0056,元大高股息,10,2,8,康和-台南,2024-12-09,8458
00951,台新日本半導體,8,0,8,康和-台南,2024-12-09,8458
1522,堤維西,8,0,8,康和-台南,2024-12-09,8458
00878,國泰永續高股息,12,5,7,康和-台南,2024-12-09,8458
2453,凌群,17,10,7,康和-台南,2024-12-09,8458
3323,加百裕,8,1,7,康和-台南,2024-12-09,8458
2317,鴻海,12,5,7,康和-台南,2024-12-09,8458
00922,國泰台灣領袖50,6,0,6,康和-台南,2024-12-09,8458
2049,上銀,6,0,6,康和-台南,2024-12-09,8458
5202,力新,6,0,6,康和-台南,2024-12-09,8458
8089,康全電訊,6,0,6,康和-台南,2024-12-09,8458
2356,英業達,6,1,5,康和-台南,2024-12-09,8458
00953B,群益優選非投等債,5,0,5,康和-台南,2024-12-09,8458
00900,富邦特選高股息30,5,0,5,康和-台南,2024-12-09,8458
00671R,富邦NASDAQ反1,5,0,5,康和-台南,2024-12-09,8458
8935,邦泰,92,0,92,康和-台南,2024-12-10,8458
2888,新光金,91,4,87,康和-台南,2024-12-10,8458
2883,凱基金,67,0,67,康和-台南,2024-12-10,8458
00665L,富邦�琤肭磪囓�2,220,154,66,康和-台南,2024-12-10,8458
9105,泰金寶-DR,46,10,36,康和-台南,2024-12-10,8458
2027,大成鋼,30,0,30,康和-台南,2024-12-10,8458
2882,國泰金,32,3,29,康和-台南,2024-12-10,8458
2020,美亞,29,0,29,康和-台南,2024-12-10,8458
3481,群創,31,3,28,康和-台南,2024-12-10,8458
3706,神達,98,74,24,康和-台南,2024-12-10,8458
1734,杏輝,20,0,20,康和-台南,2024-12-10,8458
1786,科妍,20,0,20,康和-台南,2024-12-10,8458
00881,國泰台灣5G+,18,0,18,康和-台南,2024-12-10,8458
2884,玉山金,18,0,18,康和-台南,2024-12-10,8458
1568,倉佑,15,0,15,康和-台南,2024-12-10,8458
2515,中工,15,0,15,康和-台南,2024-12-10,8458
4303,信立,18,4,14,康和-台南,2024-12-10,8458
1449,佳和,17,5,12,康和-台南,2024-12-10,8458
2303,聯電,19,7,12,康和-台南,2024-12-10,8458
3607,谷崧,13,1,12,康和-台南,2024-12-10,8458
6015,宏遠證,12,0,12,康和-台南,2024-12-10,8458
00915,凱基優選高股息30,12,0,12,康和-台南,2024-12-10,8458
00937B,群益ESG投等債20,11,0,11,康和-台南,2024-12-10,8458
2353,宏��,11,0,11,康和-台南,2024-12-10,8458
2317,鴻海,12,1,11,康和-台南,2024-12-10,8458
00919,群益台灣精選高息,10,0,10,康和-台南,2024-12-10,8458
1338,廣華-KY,10,0,10,康和-台南,2024-12-10,8458
1532,勤美,10,0,10,康和-台南,2024-12-10,8458
1612,宏泰,10,0,10,康和-台南,2024-12-10,8458
1806,冠軍,10,0,10,康和-台南,2024-12-10,8458
2472,立隆電,10,0,10,康和-台南,2024-12-10,8458
5521,工信,10,0,10,康和-台南,2024-12-10,8458
6016,康和證,10,0,10,康和-台南,2024-12-10,8458
6163,華電網,12,2,10,康和-台南,2024-12-10,8458
6239,力成,10,0,10,康和-台南,2024-12-10,8458
2363,矽統,21,12,9,康和-台南,2024-12-10,8458
3036,文曄,20,11,9,康和-台南,2024-12-10,8458
6197,佳必琪,9,0,9,康和-台南,2024-12-10,8458
6592,和潤企業,9,0,9,康和-台南,2024-12-10,8458
0056,元大高股息,8,0,8,康和-台南,2024-12-10,8458
2354,鴻準,30,23,7,康和-台南,2024-12-10,8458
2477,美隆電,7,0,7,康和-台南,2024-12-10,8458
3211,順達,22,15,7,康和-台南,2024-12-10,8458
1319,東陽,6,0,6,康和-台南,2024-12-10,8458
00878,國泰永續高股息,6,0,6,康和-台南,2024-12-10,8458
8054,安國,19,13,6,康和-台南,2024-12-10,8458
1815,富喬,29,23,6,康和-台南,2024-12-10,8458
1303,南亞,11,5,6,康和-台南,2024-12-10,8458
2382,廣達,6,0,6,康和-台南,2024-12-10,8458
3059,華晶科,6,0,6,康和-台南,2024-12-10,8458
1310,台苯,186,0,186,康和-台南,2024-12-11,8458
9904,寶成,122,0,122,康和-台南,2024-12-11,8458
6770,力積電,111,10,101,康和-台南,2024-12-11,8458
4746,台耀,56,0,56,康和-台南,2024-12-11,8458
2105,正新,50,0,50,康和-台南,2024-12-11,8458
2641,正德,50,0,50,康和-台南,2024-12-11,8458
6015,宏遠證,35,0,35,康和-台南,2024-12-11,8458
00919,群益台灣精選高息,46,15,31,康和-台南,2024-12-11,8458
00940,元大台灣價值高息,31,0,31,康和-台南,2024-12-11,8458
2618,長榮航,34,6,28,康和-台南,2024-12-11,8458
1605,華新,27,2,25,康和-台南,2024-12-11,8458
2303,聯電,25,3,22,康和-台南,2024-12-11,8458
2392,正崴,22,1,21,康和-台南,2024-12-11,8458
6668,中揚光,21,0,21,康和-台南,2024-12-11,8458
2610,華航,22,1,21,康和-台南,2024-12-11,8458
6505,台塑化,20,0,20,康和-台南,2024-12-11,8458
2020,美亞,20,0,20,康和-台南,2024-12-11,8458
2363,矽統,19,0,19,康和-台南,2024-12-11,8458
00918,大華優利高填息30,18,0,18,康和-台南,2024-12-11,8458
2030,彰源,16,0,16,康和-台南,2024-12-11,8458
00753L,中信中國50正2,15,0,15,康和-台南,2024-12-11,8458
6214,精誠,14,2,12,康和-台南,2024-12-11,8458
6589,台康生技,12,0,12,康和-台南,2024-12-11,8458
00713,元大台灣高息低波,11,0,11,康和-台南,2024-12-11,8458
2002,中鋼,11,0,11,康和-台南,2024-12-11,8458
3706,神達,48,37,11,康和-台南,2024-12-11,8458
4931,新盛力,18,7,11,康和-台南,2024-12-11,8458
1229,聯華,10,0,10,康和-台南,2024-12-11,8458
00962,台新AI優息動能,10,0,10,康和-台南,2024-12-11,8458
1447,力鵬,10,0,10,康和-台南,2024-12-11,8458
1584,精剛,10,0,10,康和-台南,2024-12-11,8458
1734,杏輝,10,0,10,康和-台南,2024-12-11,8458
2101,南港,10,0,10,康和-台南,2024-12-11,8458
5521,工信,10,0,10,康和-台南,2024-12-11,8458
6216,居易,10,0,10,康和-台南,2024-12-11,8458
9105,泰金寶-DR,40,30,10,康和-台南,2024-12-11,8458
9907,統一實,10,0,10,康和-台南,2024-12-11,8458
1595,川寶,15,6,9,康和-台南,2024-12-11,8458
2453,凌群,8,0,8,康和-台南,2024-12-11,8458
2382,廣達,8,1,7,康和-台南,2024-12-11,8458
2204,中華,7,0,7,康和-台南,2024-12-11,8458
5876,上海商銀,7,0,7,康和-台南,2024-12-11,8458
1305,華夏,6,0,6,康和-台南,2024-12-11,8458
1449,佳和,6,0,6,康和-台南,2024-12-11,8458
1569,濱川,7,1,6,康和-台南,2024-12-11,8458
2337,旺宏,7,1,6,康和-台南,2024-12-11,8458
4967,十銓,6,0,6,康和-台南,2024-12-11,8458
5371,中光電,32,26,6,康和-台南,2024-12-11,8458
6213,聯茂,7,1,6,康和-台南,2024-12-11,8458
6224,聚鼎,6,0,6,康和-台南,2024-12-11,8458
2495,普安,114,1,113,康和-台南,2024-12-12,8458
00680L,元大美債20正2,101,0,101,康和-台南,2024-12-12,8458
2371,大同,101,1,100,康和-台南,2024-12-12,8458
00945B,凱基美國非投等債,90,0,90,康和-台南,2024-12-12,8458
2515,中工,52,0,52,康和-台南,2024-12-12,8458
00939,統一台灣高息動能,33,0,33,康和-台南,2024-12-12,8458
2375,凱美,26,0,26,康和-台南,2024-12-12,8458
9914,美利達,23,0,23,康和-台南,2024-12-12,8458
3044,健鼎,22,0,22,康和-台南,2024-12-12,8458
1711,永光,20,0,20,康和-台南,2024-12-12,8458
5521,工信,20,0,20,康和-台南,2024-12-12,8458
00918,大華優利高填息30,16,0,16,康和-台南,2024-12-12,8458
1310,台苯,14,0,14,康和-台南,2024-12-12,8458
1524,耿鼎,23,9,14,康和-台南,2024-12-12,8458
2312,金寶,37,24,13,康和-台南,2024-12-12,8458
00679B,元大美債20年,18,6,12,康和-台南,2024-12-12,8458
3702,大聯大,12,0,12,康和-台南,2024-12-12,8458
2832,台產,11,0,11,康和-台南,2024-12-12,8458
3019,亞光,14,3,11,康和-台南,2024-12-12,8458
6770,力積電,41,30,11,康和-台南,2024-12-12,8458
00909,國泰數位支付服務,11,1,10,康和-台南,2024-12-12,8458
00881,國泰台灣5G+,10,0,10,康和-台南,2024-12-12,8458
4977,眾達-KY,13,3,10,康和-台南,2024-12-12,8458
00922,國泰台灣領袖50,10,0,10,康和-台南,2024-12-12,8458
3013,晟銘電,33,23,10,康和-台南,2024-12-12,8458
6016,康和證,10,0,10,康和-台南,2024-12-12,8458
2615,萬海,9,0,9,康和-台南,2024-12-12,8458
2609,陽明,15,7,8,康和-台南,2024-12-12,8458
1531,高林股,13,5,8,康和-台南,2024-12-12,8458
8097,常珵,8,0,8,康和-台南,2024-12-12,8458
3037,欣興,9,2,7,康和-台南,2024-12-12,8458
2317,鴻海,8,1,7,康和-台南,2024-12-12,8458
2337,旺宏,7,0,7,康和-台南,2024-12-12,8458
2376,技嘉,7,0,7,康和-台南,2024-12-12,8458
2468,華經,12,5,7,康和-台南,2024-12-12,8458
3041,揚智,22,15,7,康和-台南,2024-12-12,8458
4931,新盛力,9,2,7,康和-台南,2024-12-12,8458
2891,中信金,14,7,7,康和-台南,2024-12-12,8458
00751B,元大AAA至A公司債,6,0,6,康和-台南,2024-12-12,8458
1597,直得,6,0,6,康和-台南,2024-12-12,8458
1802,台玻,8,2,6,康和-台南,2024-12-12,8458
2354,鴻準,26,20,6,康和-台南,2024-12-12,8458
2359,所羅門,8,2,6,康和-台南,2024-12-12,8458
2374,佳能,14,8,6,康和-台南,2024-12-12,8458
3147,大綜,13,7,6,康和-台南,2024-12-12,8458
00926,凱基全球菁英55,5,0,5,康和-台南,2024-12-12,8458
00687B,國泰20年美債,5,0,5,康和-台南,2024-12-12,8458
00671R,富邦NASDAQ反1,5,0,5,康和-台南,2024-12-12,8458
00665L,富邦�琤肭磪囓�2,25,20,5,康和-台南,2024-12-12,8458
00719B,元大美債1-3,5,0,5,康和-台南,2024-12-12,8458
2511,太子,132,0,132,康和-台南,2024-12-13,8458
00680L,元大美債20正2,100,0,100,康和-台南,2024-12-13,8458
3037,欣興,80,9,71,康和-台南,2024-12-13,8458
2002,中鋼,70,0,70,康和-台南,2024-12-13,8458
00919,群益台灣精選高息,56,1,55,康和-台南,2024-12-13,8458
2515,中工,55,0,55,康和-台南,2024-12-13,8458
6770,力積電,42,0,42,康和-台南,2024-12-13,8458
2303,聯電,50,15,35,康和-台南,2024-12-13,8458
3052,夆典,30,0,30,康和-台南,2024-12-13,8458
5521,工信,30,0,30,康和-台南,2024-12-13,8458
00918,大華優利高填息30,25,0,25,康和-台南,2024-12-13,8458
1605,華新,42,18,24,康和-台南,2024-12-13,8458
00665L,富邦�琤肭磪囓�2,20,0,20,康和-台南,2024-12-13,8458
2105,正新,20,0,20,康和-台南,2024-12-13,8458
2375,凱美,20,0,20,康和-台南,2024-12-13,8458
2887,台新金,21,1,20,康和-台南,2024-12-13,8458
6446,藥華藥,18,0,18,康和-台南,2024-12-13,8458
3706,神達,48,31,17,康和-台南,2024-12-13,8458
00878,國泰永續高股息,15,0,15,康和-台南,2024-12-13,8458
8111,立��,17,2,15,康和-台南,2024-12-13,8458
2106,建大,14,0,14,康和-台南,2024-12-13,8458
3231,緯創,14,0,14,康和-台南,2024-12-13,8458
2312,金寶,15,1,14,康和-台南,2024-12-13,8458
6215,和椿,28,14,14,康和-台南,2024-12-13,8458
2317,鴻海,21,7,14,康和-台南,2024-12-13,8458
0056,元大高股息,15,2,13,康和-台南,2024-12-13,8458
2618,長榮航,16,3,13,康和-台南,2024-12-13,8458
00753L,中信中國50正2,12,0,12,康和-台南,2024-12-13,8458
4956,光鋐,12,0,12,康和-台南,2024-12-13,8458
6205,詮欣,12,0,12,康和-台南,2024-12-13,8458
00937B,群益ESG投等債20,11,0,11,康和-台南,2024-12-13,8458
1569,濱川,11,0,11,康和-台南,2024-12-13,8458
8404,百和興業-KY,11,0,11,康和-台南,2024-12-13,8458
1307,三芳,10,0,10,康和-台南,2024-12-13,8458
00940,元大台灣價值高息,10,0,10,康和-台南,2024-12-13,8458
1532,勤美,10,0,10,康和-台南,2024-12-13,8458
1568,倉佑,10,0,10,康和-台南,2024-12-13,8458
2020,美亞,10,0,10,康和-台南,2024-12-13,8458
2301,光寶科,10,0,10,康和-台南,2024-12-13,8458
2349,錸德,10,0,10,康和-台南,2024-12-13,8458
2355,敬鵬,10,0,10,康和-台南,2024-12-13,8458
2634,漢翔,10,0,10,康和-台南,2024-12-13,8458
3694,海華,11,1,10,康和-台南,2024-12-13,8458
5202,力新,10,0,10,康和-台南,2024-12-13,8458
6505,台塑化,10,0,10,康和-台南,2024-12-13,8458
9938,百和,10,0,10,康和-台南,2024-12-13,8458
2401,凌陽,15,6,9,康和-台南,2024-12-13,8458
3712,永崴投控,10,1,9,康和-台南,2024-12-13,8458
8074,鉅橡,9,0,9,康和-台南,2024-12-13,8458
3211,順達,20,12,8,康和-台南,2024-12-13,8458
2033,佳大,208,0,208,康和-台南,2024-12-16,8458
00915,凱基優選高股息30,101,0,101,康和-台南,2024-12-16,8458
6770,力積電,180,80,100,康和-台南,2024-12-16,8458
4540,全球傳動,106,40,66,康和-台南,2024-12-16,8458
8935,邦泰,62,0,62,康和-台南,2024-12-16,8458
00919,群益台灣精選高息,66,6,60,康和-台南,2024-12-16,8458
2104,國際中橡,58,0,58,康和-台南,2024-12-16,8458
00852L,國泰美國道瓊正2,50,0,50,康和-台南,2024-12-16,8458
1568,倉佑,45,0,45,康和-台南,2024-12-16,8458
2344,華邦電,60,20,40,康和-台南,2024-12-16,8458
3580,友威科,40,0,40,康和-台南,2024-12-16,8458
3706,神達,68,28,40,康和-台南,2024-12-16,8458
2002,中鋼,43,5,38,康和-台南,2024-12-16,8458
2515,中工,36,0,36,康和-台南,2024-12-16,8458
3455,由田,30,0,30,康和-台南,2024-12-16,8458
2609,陽明,41,18,23,康和-台南,2024-12-16,8458
2317,鴻海,27,4,23,康和-台南,2024-12-16,8458
3052,夆典,21,0,21,康和-台南,2024-12-16,8458
6505,台塑化,21,1,20,康和-台南,2024-12-16,8458
00706L,期元大S＆P日圓正2,20,0,20,康和-台南,2024-12-16,8458
00753L,中信中國50正2,20,0,20,康和-台南,2024-12-16,8458
1714,和桐,20,0,20,康和-台南,2024-12-16,8458
2832,台產,20,0,20,康和-台南,2024-12-16,8458
2884,玉山金,19,0,19,康和-台南,2024-12-16,8458
8097,常珵,17,0,17,康和-台南,2024-12-16,8458
00918,大華優利高填息30,17,1,16,康和-台南,2024-12-16,8458
9105,泰金寶-DR,29,13,16,康和-台南,2024-12-16,8458
6197,佳必琪,15,0,15,康和-台南,2024-12-16,8458
2887,台新金,15,0,15,康和-台南,2024-12-16,8458
2392,正崴,16,2,14,康和-台南,2024-12-16,8458
00926,凱基全球菁英55,12,0,12,康和-台南,2024-12-16,8458
00893,國泰智能電動車,12,0,12,康和-台南,2024-12-16,8458
00878,國泰永續高股息,12,0,12,康和-台南,2024-12-16,8458
2449,京元電子,12,0,12,康和-台南,2024-12-16,8458
3450,聯鈞,17,5,12,康和-台南,2024-12-16,8458
2618,長榮航,13,1,12,康和-台南,2024-12-16,8458
2498,宏達電,12,1,11,康和-台南,2024-12-16,8458
6446,藥華藥,11,0,11,康和-台南,2024-12-16,8458
6757,台灣虎航,11,0,11,康和-台南,2024-12-16,8458
00680L,元大美債20正2,10,0,10,康和-台南,2024-12-16,8458
00895,富邦未來車,10,0,10,康和-台南,2024-12-16,8458
2641,正德,10,0,10,康和-台南,2024-12-16,8458
3152,璟德,10,0,10,康和-台南,2024-12-16,8458
2062,橋椿,11,2,9,康和-台南,2024-12-16,8458
2540,愛山林,9,0,9,康和-台南,2024-12-16,8458
2486,一詮,8,0,8,康和-台南,2024-12-16,8458
2354,鴻準,22,15,7,康和-台南,2024-12-16,8458
00946,群益科技高息成長,7,0,7,康和-台南,2024-12-16,8458
2349,錸德,10,3,7,康和-台南,2024-12-16,8458
2368,金像電,12,5,7,康和-台南,2024-12-16,8458
00680L,元大美債20正2,1022,0,1022,康和-台南,2024-12-17,8458
6770,力積電,514,114,400,康和-台南,2024-12-17,8458
2883,凱基金,124,0,124,康和-台南,2024-12-17,8458
00937B,群益ESG投等債20,116,0,116,康和-台南,2024-12-17,8458
3052,夆典,80,0,80,康和-台南,2024-12-17,8458
2409,友達,40,0,40,康和-台南,2024-12-17,8458
8935,邦泰,34,0,34,康和-台南,2024-12-17,8458
00970B,新光BBB投等債20,70,41,29,康和-台南,2024-12-17,8458
1568,倉佑,26,0,26,康和-台南,2024-12-17,8458
2887,台新金,59,34,25,康和-台南,2024-12-17,8458
00713,元大台灣高息低波,22,0,22,康和-台南,2024-12-17,8458
2020,美亞,20,0,20,康和-台南,2024-12-17,8458
2834,臺企銀,20,0,20,康和-台南,2024-12-17,8458
00687B,國泰20年美債,19,0,19,康和-台南,2024-12-17,8458
8111,立��,31,12,19,康和-台南,2024-12-17,8458
2002,中鋼,18,0,18,康和-台南,2024-12-17,8458
3227,原相,18,0,18,康和-台南,2024-12-17,8458
3217,優群,15,0,15,康和-台南,2024-12-17,8458
2882,國泰金,14,0,14,康和-台南,2024-12-17,8458
6205,詮欣,15,1,14,康和-台南,2024-12-17,8458
3706,神達,33,20,13,康和-台南,2024-12-17,8458
2359,所羅門,16,3,13,康和-台南,2024-12-17,8458
2363,矽統,14,2,12,康和-台南,2024-12-17,8458
3455,由田,12,0,12,康和-台南,2024-12-17,8458
6104,創惟,12,0,12,康和-台南,2024-12-17,8458
2449,京元電子,16,6,10,康和-台南,2024-12-17,8458
00665L,富邦�琤肭磪囓�2,10,0,10,康和-台南,2024-12-17,8458
00951,台新日本半導體,10,0,10,康和-台南,2024-12-17,8458
1314,中石化,10,0,10,康和-台南,2024-12-17,8458
2349,錸德,10,0,10,康和-台南,2024-12-17,8458
2439,美律,10,0,10,康和-台南,2024-12-17,8458
2515,中工,10,0,10,康和-台南,2024-12-17,8458
5202,力新,10,0,10,康和-台南,2024-12-17,8458
8374,羅昇,16,6,10,康和-台南,2024-12-17,8458
3481,群創,9,0,9,康和-台南,2024-12-17,8458
6214,精誠,12,3,9,康和-台南,2024-12-17,8458
6187,萬潤,10,2,8,康和-台南,2024-12-17,8458
6216,居易,8,0,8,康和-台南,2024-12-17,8458
2881,富邦金,7,0,7,康和-台南,2024-12-17,8458
00943,兆豐電子高息等權,7,0,7,康和-台南,2024-12-17,8458
00679B,元大美債20年,7,0,7,康和-台南,2024-12-17,8458
1785,光洋科,8,1,7,康和-台南,2024-12-17,8458
2105,正新,10,3,7,康和-台南,2024-12-17,8458
4977,眾達-KY,9,3,6,康和-台南,2024-12-17,8458
2464,盟立,8,2,6,康和-台南,2024-12-17,8458
00918,大華優利高填息30,5,0,5,康和-台南,2024-12-17,8458
00671R,富邦NASDAQ反1,5,0,5,康和-台南,2024-12-17,8458
1301,台塑,7,2,5,康和-台南,2024-12-17,8458
1718,中纖,5,0,5,康和-台南,2024-12-17,8458
2301,光寶科,5,0,5,康和-台南,2024-12-17,8458
2882,國泰金,61,2,59,康和-台南,2024-12-18,8458
6770,力積電,202,145,57,康和-台南,2024-12-18,8458
00937B,群益ESG投等債20,50,0,50,康和-台南,2024-12-18,8458
2367,燿華,56,10,46,康和-台南,2024-12-18,8458
00918,大華優利高填息30,44,0,44,康和-台南,2024-12-18,8458
1522,堤維西,42,1,41,康和-台南,2024-12-18,8458
8249,菱光,53,15,38,康和-台南,2024-12-18,8458
9904,寶成,31,0,31,康和-台南,2024-12-18,8458
1568,倉佑,22,0,22,康和-台南,2024-12-18,8458
2832,台產,20,0,20,康和-台南,2024-12-18,8458
00932,兆豐永續高息等權,16,0,16,康和-台南,2024-12-18,8458
4510,高鋒,21,5,16,康和-台南,2024-12-18,8458
2883,凱基金,22,6,16,康和-台南,2024-12-18,8458
00857B,永豐20年美公債,15,0,15,康和-台南,2024-12-18,8458
1447,力鵬,15,0,15,康和-台南,2024-12-18,8458
2891,中信金,12,0,12,康和-台南,2024-12-18,8458
8011,台通,11,0,11,康和-台南,2024-12-18,8458
3041,揚智,71,60,11,康和-台南,2024-12-18,8458
2303,聯電,16,6,10,康和-台南,2024-12-18,8458
00757,統一FANG+,10,0,10,康和-台南,2024-12-18,8458
1314,中石化,10,0,10,康和-台南,2024-12-18,8458
00679B,元大美債20年,10,0,10,康和-台南,2024-12-18,8458
00922,國泰台灣領袖50,10,0,10,康和-台南,2024-12-18,8458
2355,敬鵬,10,0,10,康和-台南,2024-12-18,8458
3605,宏致,10,0,10,康和-台南,2024-12-18,8458
6208,日揚,10,0,10,康和-台南,2024-12-18,8458
6187,萬潤,9,0,9,康和-台南,2024-12-18,8458
2382,廣達,10,1,9,康和-台南,2024-12-18,8458
2374,佳能,20,11,9,康和-台南,2024-12-18,8458
00919,群益台灣精選高息,8,0,8,康和-台南,2024-12-18,8458
2354,鴻準,11,3,8,康和-台南,2024-12-18,8458
3715,定穎投控,9,2,7,康和-台南,2024-12-18,8458
1303,南亞,22,15,7,康和-台南,2024-12-18,8458
2049,上銀,10,3,7,康和-台南,2024-12-18,8458
3580,友威科,6,0,6,康和-台南,2024-12-18,8458
2002,中鋼,6,0,6,康和-台南,2024-12-18,8458
2312,金寶,10,4,6,康和-台南,2024-12-18,8458
2472,立隆電,6,0,6,康和-台南,2024-12-18,8458
3037,欣興,7,1,6,康和-台南,2024-12-18,8458
2027,大成鋼,5,0,5,康和-台南,2024-12-18,8458
2646,星宇航空,5,0,5,康和-台南,2024-12-18,8458
4540,全球傳動,30,25,5,康和-台南,2024-12-18,8458
4108,懷特,5,0,5,康和-台南,2024-12-18,8458
00713,元大台灣高息低波,6,1,5,康和-台南,2024-12-18,8458
1605,華新,20,15,5,康和-台南,2024-12-18,8458
2230,泰茂,7,2,5,康和-台南,2024-12-18,8458
2233,宇隆,7,2,5,康和-台南,2024-12-18,8458
2633,台灣高鐵,5,0,5,康和-台南,2024-12-18,8458
3481,群創,5,0,5,康和-台南,2024-12-18,8458
3689,湧德,10,5,5,康和-台南,2024-12-18,8458
2883,凱基金,302,6,296,康和-台南,2024-12-19,8458
00680L,元大美債20正2,220,0,220,康和-台南,2024-12-19,8458
9949,琉園,100,0,100,康和-台南,2024-12-19,8458
2887,台新金,90,0,90,康和-台南,2024-12-19,8458
2409,友達,85,0,85,康和-台南,2024-12-19,8458
2888,新光金,40,2,38,康和-台南,2024-12-19,8458
00919,群益台灣精選高息,37,1,36,康和-台南,2024-12-19,8458
00918,大華優利高填息30,36,1,35,康和-台南,2024-12-19,8458
00679B,元大美債20年,35,0,35,康和-台南,2024-12-19,8458
4109,加捷生醫,35,0,35,康和-台南,2024-12-19,8458
2881,富邦金,33,0,33,康和-台南,2024-12-19,8458
2367,燿華,32,0,32,康和-台南,2024-12-19,8458
4906,正文,32,1,31,康和-台南,2024-12-19,8458
2820,華票,30,0,30,康和-台南,2024-12-19,8458
00687B,國泰20年美債,28,2,26,康和-台南,2024-12-19,8458
2303,聯電,26,6,20,康和-台南,2024-12-19,8458
00688L,國泰20年美債正2,20,0,20,康和-台南,2024-12-19,8458
2359,所羅門,28,8,20,康和-台南,2024-12-19,8458
3455,由田,20,0,20,康和-台南,2024-12-19,8458
9105,泰金寶-DR,49,31,18,康和-台南,2024-12-19,8458
3518,柏騰,16,0,16,康和-台南,2024-12-19,8458
1446,宏和,15,0,15,康和-台南,2024-12-19,8458
2354,鴻準,19,4,15,康和-台南,2024-12-19,8458
3580,友威科,15,0,15,康和-台南,2024-12-19,8458
00878,國泰永續高股息,16,1,15,康和-台南,2024-12-19,8458
2882,國泰金,16,2,14,康和-台南,2024-12-19,8458
2106,建大,14,0,14,康和-台南,2024-12-19,8458
2609,陽明,20,6,14,康和-台南,2024-12-19,8458
00757,統一FANG+,12,0,12,康和-台南,2024-12-19,8458
00945B,凱基美國非投等債,12,0,12,康和-台南,2024-12-19,8458
2468,華經,13,1,12,康和-台南,2024-12-19,8458
6962,ITH-KY,16,4,12,康和-台南,2024-12-19,8458
2020,美亞,11,0,11,康和-台南,2024-12-19,8458
00930,永豐ESG低碳高息,10,0,10,康和-台南,2024-12-19,8458
00951,台新日本半導體,10,0,10,康和-台南,2024-12-19,8458
1303,南亞,17,7,10,康和-台南,2024-12-19,8458
2347,聯強,10,0,10,康和-台南,2024-12-19,8458
5521,工信,10,0,10,康和-台南,2024-12-19,8458
6120,達運,10,0,10,康和-台南,2024-12-19,8458
6239,力成,10,0,10,康和-台南,2024-12-19,8458
3231,緯創,13,3,10,康和-台南,2024-12-19,8458
2330,台積電,9,1,8,康和-台南,2024-12-19,8458
00948B,中信優息投資級債,8,0,8,康和-台南,2024-12-19,8458
2382,廣達,10,3,7,康和-台南,2024-12-19,8458
00922,國泰台灣領袖50,7,0,7,康和-台南,2024-12-19,8458
4958,臻鼎-KY,8,1,7,康和-台南,2024-12-19,8458
5278,尚凡*,6,0,6,康和-台南,2024-12-19,8458
8150,南茂,12,6,6,康和-台南,2024-12-19,8458
00926,凱基全球菁英55,11,5,6,康和-台南,2024-12-19,8458
1568,倉佑,6,0,6,康和-台南,2024-12-19,8458
