Ticker,Name,buy,sell,diff,Branch,Date,Branch_Code
2892,第一金,50,0,50,康和-嘉義,2023-01-03,8459
1720,生達,53,5,48,康和-嘉義,2023-01-03,8459
4114,健喬,56,16,40,康和-嘉義,2023-01-03,8459
2498,宏達電,87,56,31,康和-嘉義,2023-01-03,8459
5009,榮剛,50,20,30,康和-嘉義,2023-01-03,8459
1519,華城,37,8,29,康和-嘉義,2023-01-03,8459
1605,華新,154,127,27,康和-嘉義,2023-01-03,8459
2897,王道銀行,25,0,25,康和-嘉義,2023-01-03,8459
6153,嘉聯益,22,0,22,康和-嘉義,2023-01-03,8459
4746,台耀,21,1,20,康和-嘉義,2023-01-03,8459
4716,大立,20,2,18,康和-嘉義,2023-01-03,8459
6443,元晶,23,6,17,康和-嘉義,2023-01-03,8459
00631L,元大台灣50正2,15,0,15,康和-嘉義,2023-01-03,8459
6180,橘子,21,7,14,康和-嘉義,2023-01-03,8459
6689,伊雲谷,14,0,14,康和-嘉義,2023-01-03,8459
4743,合一,27,14,13,康和-嘉義,2023-01-03,8459
2880,華南金,12,0,12,康和-嘉義,2023-01-03,8459
2603,長榮,17,7,10,康和-嘉義,2023-01-03,8459
00896,中信綠能及電動車,10,0,10,康和-嘉義,2023-01-03,8459
1609,大亞,21,11,10,康和-嘉義,2023-01-03,8459
1795,美時,42,33,9,康和-嘉義,2023-01-03,8459
2371,大同,10,1,9,康和-嘉義,2023-01-03,8459
2748,雲品,8,0,8,康和-嘉義,2023-01-03,8459
6806,森崴能源,40,32,8,康和-嘉義,2023-01-03,8459
1789,神隆,7,0,7,康和-嘉義,2023-01-03,8459
2028,威致,7,0,7,康和-嘉義,2023-01-03,8459
6605,帝寶,8,1,7,康和-嘉義,2023-01-03,8459
1513,中興電,258,251,7,康和-嘉義,2023-01-03,8459
6118,建達,48,42,6,康和-嘉義,2023-01-03,8459
1514,亞力,7,1,6,康和-嘉義,2023-01-03,8459
1760,寶齡富錦,30,24,6,康和-嘉義,2023-01-03,8459
3693,營邦,6,0,6,康和-嘉義,2023-01-03,8459
2882,國泰金,11,5,6,康和-嘉義,2023-01-03,8459
9802,鈺齊-KY,5,0,5,康和-嘉義,2023-01-03,8459
3702,大聯大,5,0,5,康和-嘉義,2023-01-03,8459
1319,東陽,5,0,5,康和-嘉義,2023-01-03,8459
00673R,期元大S＆P原油反1,5,0,5,康和-嘉義,2023-01-03,8459
00772B,中信高評級公司債,5,0,5,康和-嘉義,2023-01-03,8459
2425,承啟,12,7,5,康和-嘉義,2023-01-03,8459
2542,興富發,5,0,5,康和-嘉義,2023-01-03,8459
3515,華擎,45,40,5,康和-嘉義,2023-01-03,8459
3576,聯合再生,10,5,5,康和-嘉義,2023-01-03,8459
3704,合勤控,8,3,5,康和-嘉義,2023-01-03,8459
4130,健亞,9,4,5,康和-嘉義,2023-01-03,8459
4563,百德,5,0,5,康和-嘉義,2023-01-03,8459
6134,萬旭,5,0,5,康和-嘉義,2023-01-03,8459
6282,康舒,11,6,5,康和-嘉義,2023-01-03,8459
00679B,元大美債20年,4,0,4,康和-嘉義,2023-01-03,8459
2027,大成鋼,11,7,4,康和-嘉義,2023-01-03,8459
2480,敦陽科,4,0,4,康和-嘉義,2023-01-03,8459
2885,元大金,80,0,80,康和-嘉義,2023-01-04,8459
6443,元晶,87,7,80,康和-嘉義,2023-01-04,8459
1909,榮成,125,46,79,康和-嘉義,2023-01-04,8459
6235,華孚,151,91,60,康和-嘉義,2023-01-04,8459
8046,南電,73,15,58,康和-嘉義,2023-01-04,8459
2609,陽明,58,3,55,康和-嘉義,2023-01-04,8459
00643,群益深証中小,40,0,40,康和-嘉義,2023-01-04,8459
6244,茂迪,39,8,31,康和-嘉義,2023-01-04,8459
1720,生達,43,15,28,康和-嘉義,2023-01-04,8459
00673R,期元大S＆P原油反1,27,1,26,康和-嘉義,2023-01-04,8459
00715L,期街口布蘭特正2,29,5,24,康和-嘉義,2023-01-04,8459
3711,日月光投控,24,0,24,康和-嘉義,2023-01-04,8459
2610,華航,21,1,20,康和-嘉義,2023-01-04,8459
2888B,新光金乙特,20,0,20,康和-嘉義,2023-01-04,8459
9935,慶豐富,18,0,18,康和-嘉義,2023-01-04,8459
1907,永豐餘,19,2,17,康和-嘉義,2023-01-04,8459
2014,中鴻,21,4,17,康和-嘉義,2023-01-04,8459
2603,長榮,20,4,16,康和-嘉義,2023-01-04,8459
3163,波若威,14,0,14,康和-嘉義,2023-01-04,8459
2317,鴻海,17,3,14,康和-嘉義,2023-01-04,8459
1101,台泥,12,0,12,康和-嘉義,2023-01-04,8459
2465,麗臺,18,7,11,康和-嘉義,2023-01-04,8459
4746,台耀,12,1,11,康和-嘉義,2023-01-04,8459
8070,長華*,11,0,11,康和-嘉義,2023-01-04,8459
00773B,中信優先金融債,10,0,10,康和-嘉義,2023-01-04,8459
00651R,復華香港反1,10,0,10,康和-嘉義,2023-01-04,8459
2032,新鋼,10,0,10,康和-嘉義,2023-01-04,8459
2457,飛宏,30,20,10,康和-嘉義,2023-01-04,8459
2482,連宇,22,12,10,康和-嘉義,2023-01-04,8459
3011,今皓,10,0,10,康和-嘉義,2023-01-04,8459
5371,中光電,10,0,10,康和-嘉義,2023-01-04,8459
5608,四維航,10,0,10,康和-嘉義,2023-01-04,8459
9907,統一實,10,0,10,康和-嘉義,2023-01-04,8459
6472,保瑞,13,4,9,康和-嘉義,2023-01-04,8459
00712,復華富時不動產,10,2,8,康和-嘉義,2023-01-04,8459
00680L,元大美債20正2,8,0,8,康和-嘉義,2023-01-04,8459
2480,敦陽科,8,0,8,康和-嘉義,2023-01-04,8459
5425,台半,12,4,8,康和-嘉義,2023-01-04,8459
3704,合勤控,71,64,7,康和-嘉義,2023-01-04,8459
00881,國泰台灣5G+,6,0,6,康和-嘉義,2023-01-04,8459
00795B,中信美國公債20年,6,0,6,康和-嘉義,2023-01-04,8459
00679B,元大美債20年,6,0,6,康和-嘉義,2023-01-04,8459
1568,倉佑,6,0,6,康和-嘉義,2023-01-04,8459
1611,中電,6,0,6,康和-嘉義,2023-01-04,8459
1783,和康生,6,0,6,康和-嘉義,2023-01-04,8459
8171,天宇,47,41,6,康和-嘉義,2023-01-04,8459
2884,玉山金,5,0,5,康和-嘉義,2023-01-04,8459
00631L,元大台灣50正2,5,0,5,康和-嘉義,2023-01-04,8459
3027,盛達,155,150,5,康和-嘉義,2023-01-04,8459
6111,大宇資,21,16,5,康和-嘉義,2023-01-04,8459
8086,宏捷科,42,2,40,康和-嘉義,2023-01-05,8459
1513,中興電,161,124,37,康和-嘉義,2023-01-05,8459
00715L,期街口布蘭特正2,37,1,36,康和-嘉義,2023-01-05,8459
1752,南光,81,46,35,康和-嘉義,2023-01-05,8459
6153,嘉聯益,34,0,34,康和-嘉義,2023-01-05,8459
1342,八貫,31,0,31,康和-嘉義,2023-01-05,8459
3706,神達,30,0,30,康和-嘉義,2023-01-05,8459
4968,立積,40,14,26,康和-嘉義,2023-01-05,8459
2419,仲琦,36,13,23,康和-嘉義,2023-01-05,8459
6477,安集,23,0,23,康和-嘉義,2023-01-05,8459
2201,裕隆,128,106,22,康和-嘉義,2023-01-05,8459
00641R,富邦日本反1,20,0,20,康和-嘉義,2023-01-05,8459
1467,南緯,20,0,20,康和-嘉義,2023-01-05,8459
4147,中裕,20,0,20,康和-嘉義,2023-01-05,8459
4961,天鈺,80,60,20,康和-嘉義,2023-01-05,8459
8104,錸寶,21,1,20,康和-嘉義,2023-01-05,8459
2353,宏��,21,3,18,康和-嘉義,2023-01-05,8459
5009,榮剛,48,32,16,康和-嘉義,2023-01-05,8459
3592,瑞鼎,16,1,15,康和-嘉義,2023-01-05,8459
4130,健亞,21,6,15,康和-嘉義,2023-01-05,8459
6118,建達,17,2,15,康和-嘉義,2023-01-05,8459
2313,華通,21,7,14,康和-嘉義,2023-01-05,8459
9939,宏全,12,0,12,康和-嘉義,2023-01-05,8459
1609,大亞,11,0,11,康和-嘉義,2023-01-05,8459
3035,智原,15,4,11,康和-嘉義,2023-01-05,8459
2317,鴻海,15,4,11,康和-嘉義,2023-01-05,8459
6111,大宇資,79,69,10,康和-嘉義,2023-01-05,8459
1529,樂事綠能,41,31,10,康和-嘉義,2023-01-05,8459
5371,中光電,11,2,9,康和-嘉義,2023-01-05,8459
8033,雷虎,16,7,9,康和-嘉義,2023-01-05,8459
3693,營邦,16,8,8,康和-嘉義,2023-01-05,8459
4979,華星光,8,0,8,康和-嘉義,2023-01-05,8459
3711,日月光投控,7,0,7,康和-嘉義,2023-01-05,8459
8933,愛地雅,7,0,7,康和-嘉義,2023-01-05,8459
2547,日勝生,6,0,6,康和-嘉義,2023-01-05,8459
2368,金像電,6,1,5,康和-嘉義,2023-01-05,8459
1210,大成,5,0,5,康和-嘉義,2023-01-05,8459
1736,喬山,13,8,5,康和-嘉義,2023-01-05,8459
1795,美時,21,16,5,康和-嘉義,2023-01-05,8459
2338,光罩,7,2,5,康和-嘉義,2023-01-05,8459
4566,時碩工業,5,0,5,康和-嘉義,2023-01-05,8459
6532,瑞耘,5,0,5,康和-嘉義,2023-01-05,8459
8069,元太,11,6,5,康和-嘉義,2023-01-05,8459
00642U,期元大S＆P石油,4,0,4,康和-嘉義,2023-01-05,8459
1708,東鹼,6,2,4,康和-嘉義,2023-01-05,8459
2606,裕民,4,0,4,康和-嘉義,2023-01-05,8459
2812,台中銀,4,0,4,康和-嘉義,2023-01-05,8459
3046,建��,4,0,4,康和-嘉義,2023-01-05,8459
3189,景碩,7,3,4,康和-嘉義,2023-01-05,8459
3380,明泰,5,1,4,康和-嘉義,2023-01-05,8459
3481,群創,282,155,127,康和-嘉義,2023-01-06,8459
00753L,中信中國50正2,100,5,95,康和-嘉義,2023-01-06,8459
1519,華城,383,304,79,康和-嘉義,2023-01-06,8459
4167,松瑞藥,70,10,60,康和-嘉義,2023-01-06,8459
00670L,富邦NASDAQ正2,38,0,38,康和-嘉義,2023-01-06,8459
3027,盛達,46,15,31,康和-嘉義,2023-01-06,8459
3711,日月光投控,32,1,31,康和-嘉義,2023-01-06,8459
5009,榮剛,59,35,24,康和-嘉義,2023-01-06,8459
5905,南仁湖,22,0,22,康和-嘉義,2023-01-06,8459
2612,中航,21,0,21,康和-嘉義,2023-01-06,8459
4977,眾達-KY,21,0,21,康和-嘉義,2023-01-06,8459
3162,精確,20,0,20,康和-嘉義,2023-01-06,8459
4958,臻鼎-KY,19,0,19,康和-嘉義,2023-01-06,8459
1701,中化,19,1,18,康和-嘉義,2023-01-06,8459
00715L,期街口布蘭特正2,20,5,15,康和-嘉義,2023-01-06,8459
8069,元太,45,31,14,康和-嘉義,2023-01-06,8459
8222,寶一,14,0,14,康和-嘉義,2023-01-06,8459
8358,金居,34,20,14,康和-嘉義,2023-01-06,8459
00673R,期元大S＆P原油反1,17,5,12,康和-嘉義,2023-01-06,8459
2430,燦坤,12,0,12,康和-嘉義,2023-01-06,8459
2615,萬海,20,8,12,康和-嘉義,2023-01-06,8459
3594,磐儀,11,0,11,康和-嘉義,2023-01-06,8459
2419,仲琦,16,7,9,康和-嘉義,2023-01-06,8459
00772B,中信高評級公司債,9,0,9,康和-嘉義,2023-01-06,8459
1714,和桐,9,0,9,康和-嘉義,2023-01-06,8459
2939,永邑-KY,9,0,9,康和-嘉義,2023-01-06,8459
6550,北極星藥業-KY,17,8,9,康和-嘉義,2023-01-06,8459
6689,伊雲谷,10,1,9,康和-嘉義,2023-01-06,8459
6806,森崴能源,12,3,9,康和-嘉義,2023-01-06,8459
2317,鴻海,10,2,8,康和-嘉義,2023-01-06,8459
1605,華新,241,233,8,康和-嘉義,2023-01-06,8459
1513,中興電,127,119,8,康和-嘉義,2023-01-06,8459
3209,全科,10,2,8,康和-嘉義,2023-01-06,8459
6257,矽格,10,2,8,康和-嘉義,2023-01-06,8459
00902,中信電池及儲能,10,3,7,康和-嘉義,2023-01-06,8459
2352,佳世達,7,0,7,康和-嘉義,2023-01-06,8459
2812,台中銀,6,0,6,康和-嘉義,2023-01-06,8459
1460,宏遠,6,0,6,康和-嘉義,2023-01-06,8459
3693,營邦,23,17,6,康和-嘉義,2023-01-06,8459
3033,威健,5,0,5,康和-嘉義,2023-01-06,8459
00773B,中信優先金融債,5,0,5,康和-嘉義,2023-01-06,8459
2413,環科,5,0,5,康和-嘉義,2023-01-06,8459
2465,麗臺,5,0,5,康和-嘉義,2023-01-06,8459
4924,欣厚-KY,5,0,5,康和-嘉義,2023-01-06,8459
5351,鈺創,14,9,5,康和-嘉義,2023-01-06,8459
6111,大宇資,20,15,5,康和-嘉義,2023-01-06,8459
6153,嘉聯益,6,1,5,康和-嘉義,2023-01-06,8459
6609,瀧澤科,5,0,5,康和-嘉義,2023-01-06,8459
8930,青鋼,5,0,5,康和-嘉義,2023-01-06,8459
0056,元大高股息,5,1,4,康和-嘉義,2023-01-06,8459
00632R,元大台灣50反1,154,0,154,康和-嘉義,2023-01-09,8459
00683L,期元大美元指正2,108,0,108,康和-嘉義,2023-01-09,8459
00753L,中信中國50正2,100,0,100,康和-嘉義,2023-01-09,8459
8049,晶采,93,2,91,康和-嘉義,2023-01-09,8459
4128,中天,75,5,70,康和-嘉義,2023-01-09,8459
2609,陽明,64,10,54,康和-嘉義,2023-01-09,8459
2201,裕隆,232,187,45,康和-嘉義,2023-01-09,8459
2883,凱基金,57,13,44,康和-嘉義,2023-01-09,8459
4974,亞泰,46,11,35,康和-嘉義,2023-01-09,8459
4743,合一,31,4,27,康和-嘉義,2023-01-09,8459
8930,青鋼,25,0,25,康和-嘉義,2023-01-09,8459
2313,華通,26,3,23,康和-嘉義,2023-01-09,8459
00878,國泰永續高股息,27,4,23,康和-嘉義,2023-01-09,8459
00715L,期街口布蘭特正2,23,0,23,康和-嘉義,2023-01-09,8459
1795,美時,64,44,20,康和-嘉義,2023-01-09,8459
4162,智擎,27,11,16,康和-嘉義,2023-01-09,8459
1444,力麗,20,5,15,康和-嘉義,2023-01-09,8459
1701,中化,13,0,13,康和-嘉義,2023-01-09,8459
3162,精確,13,0,13,康和-嘉義,2023-01-09,8459
2430,燦坤,12,0,12,康和-嘉義,2023-01-09,8459
6153,嘉聯益,19,7,12,康和-嘉義,2023-01-09,8459
8933,愛地雅,12,0,12,康和-嘉義,2023-01-09,8459
2486,一詮,13,2,11,康和-嘉義,2023-01-09,8459
5009,榮剛,46,35,11,康和-嘉義,2023-01-09,8459
00669R,國泰美國道瓊反1,10,0,10,康和-嘉義,2023-01-09,8459
00664R,國泰臺灣加權反1,10,0,10,康和-嘉義,2023-01-09,8459
2359,所羅門,12,2,10,康和-嘉義,2023-01-09,8459
2406,國碩,10,0,10,康和-嘉義,2023-01-09,8459
2520,冠德,10,0,10,康和-嘉義,2023-01-09,8459
2897,王道銀行,10,0,10,康和-嘉義,2023-01-09,8459
4942,嘉彰,10,0,10,康和-嘉義,2023-01-09,8459
6789,采鈺,31,22,9,康和-嘉義,2023-01-09,8459
6806,森崴能源,16,7,9,康和-嘉義,2023-01-09,8459
2603,長榮,19,11,8,康和-嘉義,2023-01-09,8459
8046,南電,16,8,8,康和-嘉義,2023-01-09,8459
00881,國泰台灣5G+,10,2,8,康和-嘉義,2023-01-09,8459
2867,三商壽,8,0,8,康和-嘉義,2023-01-09,8459
6643,M31,12,4,8,康和-嘉義,2023-01-09,8459
00679B,元大美債20年,8,0,8,康和-嘉義,2023-01-09,8459
1513,中興電,75,68,7,康和-嘉義,2023-01-09,8459
2465,麗臺,9,2,7,康和-嘉義,2023-01-09,8459
3665,貿聯-KY,7,0,7,康和-嘉義,2023-01-09,8459
1314,中石化,6,0,6,康和-嘉義,2023-01-09,8459
1529,樂事綠能,33,27,6,康和-嘉義,2023-01-09,8459
1708,東鹼,11,5,6,康和-嘉義,2023-01-09,8459
3484,崧騰,6,0,6,康和-嘉義,2023-01-09,8459
6133,金橋,58,52,6,康和-嘉義,2023-01-09,8459
6139,亞翔,22,16,6,康和-嘉義,2023-01-09,8459
2882,國泰金,61,55,6,康和-嘉義,2023-01-09,8459
2317,鴻海,18,13,5,康和-嘉義,2023-01-09,8459
2812,台中銀,100,0,100,康和-嘉義,2023-01-10,8459
00683L,期元大美元指正2,80,0,80,康和-嘉義,2023-01-10,8459
3036,文曄,79,5,74,康和-嘉義,2023-01-10,8459
8222,寶一,35,0,35,康和-嘉義,2023-01-10,8459
6223,旺矽,45,13,32,康和-嘉義,2023-01-10,8459
6122,擎邦,28,0,28,康和-嘉義,2023-01-10,8459
5347,世界,68,41,27,康和-嘉義,2023-01-10,8459
00882,中信中國高股息,23,0,23,康和-嘉義,2023-01-10,8459
2028,威致,23,0,23,康和-嘉義,2023-01-10,8459
6282,康舒,22,0,22,康和-嘉義,2023-01-10,8459
1560,中砂,73,52,21,康和-嘉義,2023-01-10,8459
1701,中化,32,11,21,康和-嘉義,2023-01-10,8459
1815,富喬,20,0,20,康和-嘉義,2023-01-10,8459
2493,揚博,20,0,20,康和-嘉義,2023-01-10,8459
2038,海光,20,1,19,康和-嘉義,2023-01-10,8459
2504,國產,18,0,18,康和-嘉義,2023-01-10,8459
2845,遠東銀,20,3,17,康和-嘉義,2023-01-10,8459
6806,森崴能源,14,0,14,康和-嘉義,2023-01-10,8459
9962,有益,20,6,14,康和-嘉義,2023-01-10,8459
5351,鈺創,17,4,13,康和-嘉義,2023-01-10,8459
00893,國泰智能電動車,13,1,12,康和-嘉義,2023-01-10,8459
1720,生達,12,0,12,康和-嘉義,2023-01-10,8459
6182,合晶,14,2,12,康和-嘉義,2023-01-10,8459
2313,華通,13,3,10,康和-嘉義,2023-01-10,8459
00892,富邦台灣半導體,10,0,10,康和-嘉義,2023-01-10,8459
00676R,富邦臺灣加權反1,10,0,10,康和-嘉義,2023-01-10,8459
00651R,復華香港反1,10,0,10,康和-嘉義,2023-01-10,8459
1460,宏遠,10,0,10,康和-嘉義,2023-01-10,8459
3162,精確,12,2,10,康和-嘉義,2023-01-10,8459
3234,光環,13,3,10,康和-嘉義,2023-01-10,8459
3711,日月光投控,10,0,10,康和-嘉義,2023-01-10,8459
5009,榮剛,15,5,10,康和-嘉義,2023-01-10,8459
5309,系統電,15,5,10,康和-嘉義,2023-01-10,8459
5321,美而快,11,1,10,康和-嘉義,2023-01-10,8459
5403,中菲,10,0,10,康和-嘉義,2023-01-10,8459
8064,東捷,10,0,10,康和-嘉義,2023-01-10,8459
2609,陽明,14,5,9,康和-嘉義,2023-01-10,8459
2338,光罩,45,36,9,康和-嘉義,2023-01-10,8459
4130,健亞,13,4,9,康和-嘉義,2023-01-10,8459
6215,和椿,9,0,9,康和-嘉義,2023-01-10,8459
6443,元晶,16,7,9,康和-嘉義,2023-01-10,8459
3704,合勤控,78,70,8,康和-嘉義,2023-01-10,8459
6438,迅得,7,0,7,康和-嘉義,2023-01-10,8459
5425,台半,29,23,6,康和-嘉義,2023-01-10,8459
00638R,元大滬深300反1,6,0,6,康和-嘉義,2023-01-10,8459
2618,長榮航,6,0,6,康和-嘉義,2023-01-10,8459
3498,陽程,6,0,6,康和-嘉義,2023-01-10,8459
6689,伊雲谷,6,0,6,康和-嘉義,2023-01-10,8459
3105,穩懋,11,6,5,康和-嘉義,2023-01-10,8459
2359,所羅門,5,0,5,康和-嘉義,2023-01-10,8459
00753L,中信中國50正2,100,0,100,康和-嘉義,2023-01-11,8459
4979,華星光,73,4,69,康和-嘉義,2023-01-11,8459
6150,撼訊,50,0,50,康和-嘉義,2023-01-11,8459
1605,華新,49,3,46,康和-嘉義,2023-01-11,8459
2615,萬海,71,39,32,康和-嘉義,2023-01-11,8459
1519,華城,50,23,27,康和-嘉義,2023-01-11,8459
2404,漢唐,27,1,26,康和-嘉義,2023-01-11,8459
00878,國泰永續高股息,27,1,26,康和-嘉義,2023-01-11,8459
4550,長佳,21,0,21,康和-嘉義,2023-01-11,8459
2888B,新光金乙特,20,0,20,康和-嘉義,2023-01-11,8459
4743,合一,24,4,20,康和-嘉義,2023-01-11,8459
5475,德宏,20,0,20,康和-嘉義,2023-01-11,8459
1720,生達,20,1,19,康和-嘉義,2023-01-11,8459
4961,天鈺,47,28,19,康和-嘉義,2023-01-11,8459
2897,王道銀行,55,37,18,康和-嘉義,2023-01-11,8459
8046,南電,17,1,16,康和-嘉義,2023-01-11,8459
8938,明安,15,0,15,康和-嘉義,2023-01-11,8459
2313,華通,22,8,14,康和-嘉義,2023-01-11,8459
3494,誠研,13,0,13,康和-嘉義,2023-01-11,8459
4904,遠傳,12,0,12,康和-嘉義,2023-01-11,8459
00905,FT臺灣Smart,12,0,12,康和-嘉義,2023-01-11,8459
3455,由田,12,0,12,康和-嘉義,2023-01-11,8459
2884,玉山金,11,0,11,康和-嘉義,2023-01-11,8459
2314,台揚,11,0,11,康和-嘉義,2023-01-11,8459
3570,大塚,11,0,11,康和-嘉義,2023-01-11,8459
1460,宏遠,10,0,10,康和-嘉義,2023-01-11,8459
3088,艾訊,10,0,10,康和-嘉義,2023-01-11,8459
3162,精確,10,0,10,康和-嘉義,2023-01-11,8459
6282,康舒,10,0,10,康和-嘉義,2023-01-11,8459
8112,至上,10,0,10,康和-嘉義,2023-01-11,8459
2892,第一金,9,0,9,康和-嘉義,2023-01-11,8459
2312,金寶,9,0,9,康和-嘉義,2023-01-11,8459
4958,臻鼎-KY,9,0,9,康和-嘉義,2023-01-11,8459
5227,立凱-KY,9,0,9,康和-嘉義,2023-01-11,8459
1444,力麗,8,0,8,康和-嘉義,2023-01-11,8459
2618,長榮航,121,113,8,康和-嘉義,2023-01-11,8459
4130,健亞,14,6,8,康和-嘉義,2023-01-11,8459
5251,天鉞電,8,0,8,康和-嘉義,2023-01-11,8459
6415,矽力*-KY,13,5,8,康和-嘉義,2023-01-11,8459
6806,森崴能源,18,10,8,康和-嘉義,2023-01-11,8459
2611,志信,8,1,7,康和-嘉義,2023-01-11,8459
2834,臺企銀,10,3,7,康和-嘉義,2023-01-11,8459
2929,淘帝-KY,7,0,7,康和-嘉義,2023-01-11,8459
1701,中化,9,3,6,康和-嘉義,2023-01-11,8459
3711,日月光投控,20,15,5,康和-嘉義,2023-01-11,8459
00715L,期街口布蘭特正2,5,0,5,康和-嘉義,2023-01-11,8459
3664,安瑞-KY,5,0,5,康和-嘉義,2023-01-11,8459
4942,嘉彰,5,0,5,康和-嘉義,2023-01-11,8459
6605,帝寶,16,11,5,康和-嘉義,2023-01-11,8459
8110,華東,5,0,5,康和-嘉義,2023-01-11,8459
2618,長榮航,208,22,186,康和-嘉義,2023-01-12,8459
3209,全科,72,0,72,康和-嘉義,2023-01-12,8459
00753L,中信中國50正2,69,0,69,康和-嘉義,2023-01-12,8459
6129,普誠,74,20,54,康和-嘉義,2023-01-12,8459
00905,FT臺灣Smart,32,0,32,康和-嘉義,2023-01-12,8459
5880,合庫金,29,0,29,康和-嘉義,2023-01-12,8459
2892,第一金,27,0,27,康和-嘉義,2023-01-12,8459
2601,益航,20,0,20,康和-嘉義,2023-01-12,8459
00892,富邦台灣半導體,20,0,20,康和-嘉義,2023-01-12,8459
1444,力麗,19,1,18,康和-嘉義,2023-01-12,8459
2023,燁輝,23,6,17,康和-嘉義,2023-01-12,8459
5258,虹堡,19,4,15,康和-嘉義,2023-01-12,8459
6188,廣明,17,3,14,康和-嘉義,2023-01-12,8459
2303,聯電,40,26,14,康和-嘉義,2023-01-12,8459
2313,華通,18,8,10,康和-嘉義,2023-01-12,8459
3673,TPK-KY,10,0,10,康和-嘉義,2023-01-12,8459
4977,眾達-KY,10,0,10,康和-嘉義,2023-01-12,8459
8255,朋程,22,12,10,康和-嘉義,2023-01-12,8459
8933,愛地雅,10,0,10,康和-嘉義,2023-01-12,8459
6806,森崴能源,19,10,9,康和-嘉義,2023-01-12,8459
1720,生達,10,1,9,康和-嘉義,2023-01-12,8459
2027,大成鋼,10,1,9,康和-嘉義,2023-01-12,8459
4171,瑞基,8,0,8,康和-嘉義,2023-01-12,8459
1517,利奇,10,2,8,康和-嘉義,2023-01-12,8459
2317,鴻海,11,3,8,康和-嘉義,2023-01-12,8459
2897,王道銀行,8,1,7,康和-嘉義,2023-01-12,8459
3702,大聯大,7,0,7,康和-嘉義,2023-01-12,8459
6215,和椿,7,0,7,康和-嘉義,2023-01-12,8459
4904,遠傳,6,0,6,康和-嘉義,2023-01-12,8459
1529,樂事綠能,40,34,6,康和-嘉義,2023-01-12,8459
2419,仲琦,6,0,6,康和-嘉義,2023-01-12,8459
2732,六角,17,11,6,康和-嘉義,2023-01-12,8459
3521,鴻翊,6,0,6,康和-嘉義,2023-01-12,8459
2354,鴻準,7,2,5,康和-嘉義,2023-01-12,8459
1760,寶齡富錦,6,1,5,康和-嘉義,2023-01-12,8459
1789,神隆,5,0,5,康和-嘉義,2023-01-12,8459
2614,東森,5,0,5,康和-嘉義,2023-01-12,8459
3494,誠研,5,0,5,康和-嘉義,2023-01-12,8459
5371,中光電,5,0,5,康和-嘉義,2023-01-12,8459
5905,南仁湖,5,0,5,康和-嘉義,2023-01-12,8459
6153,嘉聯益,7,2,5,康和-嘉義,2023-01-12,8459
6649,台生材,5,0,5,康和-嘉義,2023-01-12,8459
6689,伊雲谷,6,1,5,康和-嘉義,2023-01-12,8459
8930,青鋼,5,0,5,康和-嘉義,2023-01-12,8459
2845,遠東銀,15,11,4,康和-嘉義,2023-01-12,8459
3704,合勤控,103,99,4,康和-嘉義,2023-01-12,8459
4121,優盛,4,0,4,康和-嘉義,2023-01-12,8459
6244,茂迪,8,4,4,康和-嘉義,2023-01-12,8459
8044,網家,4,0,4,康和-嘉義,2023-01-12,8459
00878,國泰永續高股息,3,0,3,康和-嘉義,2023-01-12,8459
6443,元晶,53,0,53,康和-嘉義,2023-01-13,8459
2845,遠東銀,50,0,50,康和-嘉義,2023-01-13,8459
3704,合勤控,60,17,43,康和-嘉義,2023-01-13,8459
5347,世界,114,73,41,康和-嘉義,2023-01-13,8459
4961,天鈺,34,2,32,康和-嘉義,2023-01-13,8459
4919,新唐,29,3,26,康和-嘉義,2023-01-13,8459
1701,中化,21,0,21,康和-嘉義,2023-01-13,8459
00905,FT臺灣Smart,60,40,20,康和-嘉義,2023-01-13,8459
2609,陽明,26,6,20,康和-嘉義,2023-01-13,8459
2897,王道銀行,20,0,20,康和-嘉義,2023-01-13,8459
4128,中天,21,1,20,康和-嘉義,2023-01-13,8459
2023,燁輝,20,1,19,康和-嘉義,2023-01-13,8459
8930,青鋼,18,0,18,康和-嘉義,2023-01-13,8459
6189,豐藝,16,0,16,康和-嘉義,2023-01-13,8459
3162,精確,15,0,15,康和-嘉義,2023-01-13,8459
4977,眾達-KY,13,1,12,康和-嘉義,2023-01-13,8459
2498,宏達電,42,31,11,康和-嘉義,2023-01-13,8459
3706,神達,10,0,10,康和-嘉義,2023-01-13,8459
00715L,期街口布蘭特正2,10,0,10,康和-嘉義,2023-01-13,8459
00773B,中信優先金融債,10,0,10,康和-嘉義,2023-01-13,8459
1608,華榮,10,0,10,康和-嘉義,2023-01-13,8459
2399,映泰,10,0,10,康和-嘉義,2023-01-13,8459
2888B,新光金乙特,10,0,10,康和-嘉義,2023-01-13,8459
3047,訊舟,12,2,10,康和-嘉義,2023-01-13,8459
3652,精聯,10,0,10,康和-嘉義,2023-01-13,8459
1795,美時,30,21,9,康和-嘉義,2023-01-13,8459
1605,華新,30,22,8,康和-嘉義,2023-01-13,8459
2880,華南金,8,0,8,康和-嘉義,2023-01-13,8459
6215,和椿,7,0,7,康和-嘉義,2023-01-13,8459
00897,富邦基因免疫生技,6,0,6,康和-嘉義,2023-01-13,8459
00881,國泰台灣5G+,6,0,6,康和-嘉義,2023-01-13,8459
6153,嘉聯益,6,0,6,康和-嘉義,2023-01-13,8459
3680,家登,43,37,6,康和-嘉義,2023-01-13,8459
2317,鴻海,8,3,5,康和-嘉義,2023-01-13,8459
1536,和大,5,0,5,康和-嘉義,2023-01-13,8459
2331,精英,5,0,5,康和-嘉義,2023-01-13,8459
2371,大同,5,0,5,康和-嘉義,2023-01-13,8459
2468,華經,7,2,5,康和-嘉義,2023-01-13,8459
3209,全科,10,5,5,康和-嘉義,2023-01-13,8459
3498,陽程,5,0,5,康和-嘉義,2023-01-13,8459
6235,華孚,6,1,5,康和-嘉義,2023-01-13,8459
6279,胡連,5,0,5,康和-嘉義,2023-01-13,8459
8011,台通,5,0,5,康和-嘉義,2023-01-13,8459
8421,旭源,5,0,5,康和-嘉義,2023-01-13,8459
2337,旺宏,5,0,5,康和-嘉義,2023-01-13,8459
0056,元大高股息,4,0,4,康和-嘉義,2023-01-13,8459
6472,保瑞,4,0,4,康和-嘉義,2023-01-13,8459
2886,兆豐金,4,0,4,康和-嘉義,2023-01-13,8459
1513,中興電,4,0,4,康和-嘉義,2023-01-13,8459
2891,中信金,4,0,4,康和-嘉義,2023-01-13,8459
2618,長榮航,221,21,200,康和-嘉義,2023-01-16,8459
00753L,中信中國50正2,172,0,172,康和-嘉義,2023-01-16,8459
00632R,元大台灣50反1,156,0,156,康和-嘉義,2023-01-16,8459
2897,王道銀行,107,0,107,康和-嘉義,2023-01-16,8459
1605,華新,98,29,69,康和-嘉義,2023-01-16,8459
00673R,期元大S＆P原油反1,50,0,50,康和-嘉義,2023-01-16,8459
2204,中華,40,0,40,康和-嘉義,2023-01-16,8459
3481,群創,40,5,35,康和-嘉義,2023-01-16,8459
8436,大江,20,1,19,康和-嘉義,2023-01-16,8459
6770,力積電,21,4,17,康和-嘉義,2023-01-16,8459
1701,中化,17,0,17,康和-嘉義,2023-01-16,8459
2317,鴻海,27,10,17,康和-嘉義,2023-01-16,8459
2358,廷鑫,14,0,14,康和-嘉義,2023-01-16,8459
3680,家登,25,13,12,康和-嘉義,2023-01-16,8459
3706,神達,11,0,11,康和-嘉義,2023-01-16,8459
5706,鳳凰,11,0,11,康和-嘉義,2023-01-16,8459
2369,菱生,10,0,10,康和-嘉義,2023-01-16,8459
00669R,國泰美國道瓊反1,10,0,10,康和-嘉義,2023-01-16,8459
00905,FT臺灣Smart,10,0,10,康和-嘉義,2023-01-16,8459
2338,光罩,15,5,10,康和-嘉義,2023-01-16,8459
3704,合勤控,16,6,10,康和-嘉義,2023-01-16,8459
4942,嘉彰,10,0,10,康和-嘉義,2023-01-16,8459
6139,亞翔,10,0,10,康和-嘉義,2023-01-16,8459
2032,新鋼,10,1,9,康和-嘉義,2023-01-16,8459
2882,國泰金,9,0,9,康和-嘉義,2023-01-16,8459
5347,世界,40,31,9,康和-嘉義,2023-01-16,8459
2006,東和鋼鐵,8,0,8,康和-嘉義,2023-01-16,8459
1434,福懋,6,0,6,康和-嘉義,2023-01-16,8459
2498,宏達電,20,14,6,康和-嘉義,2023-01-16,8459
2809,京城銀,6,0,6,康和-嘉義,2023-01-16,8459
6470,宇智,6,0,6,康和-嘉義,2023-01-16,8459
8069,元太,12,6,6,康和-嘉義,2023-01-16,8459
1718,中纖,5,0,5,康和-嘉義,2023-01-16,8459
1308,亞聚,5,0,5,康和-嘉義,2023-01-16,8459
1218,泰山,5,0,5,康和-嘉義,2023-01-16,8459
1513,中興電,5,0,5,康和-嘉義,2023-01-16,8459
3664,安瑞-KY,5,0,5,康和-嘉義,2023-01-16,8459
4743,合一,31,26,5,康和-嘉義,2023-01-16,8459
4958,臻鼎-KY,5,0,5,康和-嘉義,2023-01-16,8459
8930,青鋼,5,0,5,康和-嘉義,2023-01-16,8459
2884,玉山金,12,7,5,康和-嘉義,2023-01-16,8459
00882,中信中國高股息,10,6,4,康和-嘉義,2023-01-16,8459
2368,金像電,25,21,4,康和-嘉義,2023-01-16,8459
4163,鐿鈦,4,0,4,康和-嘉義,2023-01-16,8459
1219,福壽,4,0,4,康和-嘉義,2023-01-16,8459
1795,美時,61,57,4,康和-嘉義,2023-01-16,8459
3037,欣興,13,9,4,康和-嘉義,2023-01-16,8459
2515,中工,3,0,3,康和-嘉義,2023-01-16,8459
1909,榮成,6,3,3,康和-嘉義,2023-01-16,8459
2301,光寶科,4,1,3,康和-嘉義,2023-01-16,8459
4128,中天,79,3,76,康和-嘉義,2023-01-17,8459
3042,晶技,50,0,50,康和-嘉義,2023-01-17,8459
00673R,期元大S＆P原油反1,60,20,40,康和-嘉義,2023-01-17,8459
1752,南光,46,15,31,康和-嘉義,2023-01-17,8459
6244,茂迪,27,0,27,康和-嘉義,2023-01-17,8459
3704,合勤控,37,11,26,康和-嘉義,2023-01-17,8459
2317,鴻海,28,3,25,康和-嘉義,2023-01-17,8459
00753L,中信中國50正2,23,0,23,康和-嘉義,2023-01-17,8459
00892,富邦台灣半導體,20,0,20,康和-嘉義,2023-01-17,8459
6770,力積電,18,0,18,康和-嘉義,2023-01-17,8459
3209,全科,18,0,18,康和-嘉義,2023-01-17,8459
4974,亞泰,15,0,15,康和-嘉義,2023-01-17,8459
0050,元大台灣50,14,0,14,康和-嘉義,2023-01-17,8459
00632R,元大台灣50反1,13,0,13,康和-嘉義,2023-01-17,8459
1795,美時,19,8,11,康和-嘉義,2023-01-17,8459
2614,東森,28,17,11,康和-嘉義,2023-01-17,8459
00664R,國泰臺灣加權反1,10,0,10,康和-嘉義,2023-01-17,8459
2340,台亞,10,0,10,康和-嘉義,2023-01-17,8459
2637,慧洋-KY,11,1,10,康和-嘉義,2023-01-17,8459
4114,健喬,10,0,10,康和-嘉義,2023-01-17,8459
4931,新盛力,10,0,10,康和-嘉義,2023-01-17,8459
6182,合晶,10,0,10,康和-嘉義,2023-01-17,8459
2606,裕民,9,0,9,康和-嘉義,2023-01-17,8459
2330,台積電,14,6,8,康和-嘉義,2023-01-17,8459
2884,玉山金,8,0,8,康和-嘉義,2023-01-17,8459
00902,中信電池及儲能,8,0,8,康和-嘉義,2023-01-17,8459
2465,麗臺,8,0,8,康和-嘉義,2023-01-17,8459
6443,元晶,10,2,8,康和-嘉義,2023-01-17,8459
2615,萬海,13,6,7,康和-嘉義,2023-01-17,8459
5321,美而快,28,21,7,康和-嘉義,2023-01-17,8459
6153,嘉聯益,7,0,7,康和-嘉義,2023-01-17,8459
6290,良維,10,3,7,康和-嘉義,2023-01-17,8459
6708,天擎,7,0,7,康和-嘉義,2023-01-17,8459
4763,材料-KY,10,3,7,康和-嘉義,2023-01-17,8459
2388,威盛,11,5,6,康和-嘉義,2023-01-17,8459
1789,神隆,6,0,6,康和-嘉義,2023-01-17,8459
2313,華通,6,0,6,康和-嘉義,2023-01-17,8459
2610,華航,7,1,6,康和-嘉義,2023-01-17,8459
1711,永光,5,0,5,康和-嘉義,2023-01-17,8459
1512,瑞利,5,0,5,康和-嘉義,2023-01-17,8459
00669R,國泰美國道瓊反1,5,0,5,康和-嘉義,2023-01-17,8459
0056,元大高股息,5,0,5,康和-嘉義,2023-01-17,8459
2482,連宇,5,0,5,康和-嘉義,2023-01-17,8459
2616,山隆,5,0,5,康和-嘉義,2023-01-17,8459
2888B,新光金乙特,5,0,5,康和-嘉義,2023-01-17,8459
3092,鴻碩,5,0,5,康和-嘉義,2023-01-17,8459
3162,精確,5,0,5,康和-嘉義,2023-01-17,8459
3498,陽程,5,0,5,康和-嘉義,2023-01-17,8459
3558,神準,8,3,5,康和-嘉義,2023-01-17,8459
4130,健亞,5,0,5,康和-嘉義,2023-01-17,8459
00753L,中信中國50正2,146,15,131,康和-嘉義,2023-01-30,8459
2317,鴻海,71,12,59,康和-嘉義,2023-01-30,8459
00632R,元大台灣50反1,86,36,50,康和-嘉義,2023-01-30,8459
00673R,期元大S＆P原油反1,50,0,50,康和-嘉義,2023-01-30,8459
2883,凱基金,53,5,48,康和-嘉義,2023-01-30,8459
5009,榮剛,54,8,46,康和-嘉義,2023-01-30,8459
8033,雷虎,50,5,45,康和-嘉義,2023-01-30,8459
2542,興富發,44,0,44,康和-嘉義,2023-01-30,8459
00676R,富邦臺灣加權反1,40,0,40,康和-嘉義,2023-01-30,8459
1314,中石化,35,0,35,康和-嘉義,2023-01-30,8459
2303,聯電,231,197,34,康和-嘉義,2023-01-30,8459
3706,神達,35,5,30,康和-嘉義,2023-01-30,8459
2892,第一金,28,2,26,康和-嘉義,2023-01-30,8459
2609,陽明,28,5,23,康和-嘉義,2023-01-30,8459
2897,王道銀行,25,3,22,康和-嘉義,2023-01-30,8459
8358,金居,24,3,21,康和-嘉義,2023-01-30,8459
2845,遠東銀,20,0,20,康和-嘉義,2023-01-30,8459
6443,元晶,31,12,19,康和-嘉義,2023-01-30,8459
5425,台半,120,101,19,康和-嘉義,2023-01-30,8459
4974,亞泰,15,0,15,康和-嘉義,2023-01-30,8459
1795,美時,41,26,15,康和-嘉義,2023-01-30,8459
2363,矽統,13,1,12,康和-嘉義,2023-01-30,8459
4157,太景*-KY,12,0,12,康和-嘉義,2023-01-30,8459
1809,中釉,12,1,11,康和-嘉義,2023-01-30,8459
1569,濱川,10,0,10,康和-嘉義,2023-01-30,8459
2230,泰茂,10,0,10,康和-嘉義,2023-01-30,8459
3004,豐達科,10,0,10,康和-嘉義,2023-01-30,8459
3033,威健,10,0,10,康和-嘉義,2023-01-30,8459
3081,聯亞,10,0,10,康和-嘉義,2023-01-30,8459
4114,健喬,10,0,10,康和-嘉義,2023-01-30,8459
2603,長榮,12,3,9,康和-嘉義,2023-01-30,8459
1319,東陽,15,6,9,康和-嘉義,2023-01-30,8459
2399,映泰,9,0,9,康和-嘉義,2023-01-30,8459
2520,冠德,8,0,8,康和-嘉義,2023-01-30,8459
6111,大宇資,21,13,8,康和-嘉義,2023-01-30,8459
8050,廣積,17,9,8,康和-嘉義,2023-01-30,8459
9103,美德醫療-DR,26,18,8,康和-嘉義,2023-01-30,8459
3059,華晶科,8,1,7,康和-嘉義,2023-01-30,8459
3163,波若威,8,1,7,康和-嘉義,2023-01-30,8459
3447,展達,7,0,7,康和-嘉義,2023-01-30,8459
4768,晶呈科技,7,0,7,康和-嘉義,2023-01-30,8459
1477,聚陽,6,0,6,康和-嘉義,2023-01-30,8459
9802,鈺齊-KY,6,0,6,康和-嘉義,2023-01-30,8459
1460,宏遠,6,0,6,康和-嘉義,2023-01-30,8459
8038,長園科,6,0,6,康和-嘉義,2023-01-30,8459
9905,大華,6,0,6,康和-嘉義,2023-01-30,8459
2891,中信金,6,0,6,康和-嘉義,2023-01-30,8459
2888,新光金,16,11,5,康和-嘉義,2023-01-30,8459
00772B,中信高評級公司債,5,0,5,康和-嘉義,2023-01-30,8459
1527,鑽全,5,0,5,康和-嘉義,2023-01-30,8459
3231,緯創,128,8,120,康和-嘉義,2023-01-31,8459
2380,虹光,93,0,93,康和-嘉義,2023-01-31,8459
8105,凌巨,134,55,79,康和-嘉義,2023-01-31,8459
2344,華邦電,61,1,60,康和-嘉義,2023-01-31,8459
2892,第一金,50,0,50,康和-嘉義,2023-01-31,8459
4743,合一,67,19,48,康和-嘉義,2023-01-31,8459
00905,FT臺灣Smart,57,15,42,康和-嘉義,2023-01-31,8459
5009,榮剛,51,11,40,康和-嘉義,2023-01-31,8459
5347,世界,60,26,34,康和-嘉義,2023-01-31,8459
2009,第一銅,65,32,33,康和-嘉義,2023-01-31,8459
3711,日月光投控,32,1,31,康和-嘉義,2023-01-31,8459
2634,漢翔,32,4,28,康和-嘉義,2023-01-31,8459
00715L,期街口布蘭特正2,26,0,26,康和-嘉義,2023-01-31,8459
2317,鴻海,61,36,25,康和-嘉義,2023-01-31,8459
00679B,元大美債20年,24,0,24,康和-嘉義,2023-01-31,8459
8996,高力,28,7,21,康和-嘉義,2023-01-31,8459
2880,華南金,20,0,20,康和-嘉義,2023-01-31,8459
1717,長興,20,0,20,康和-嘉義,2023-01-31,8459
00772B,中信高評級公司債,19,0,19,康和-嘉義,2023-01-31,8459
1227,佳格,20,2,18,康和-嘉義,2023-01-31,8459
2330,台積電,19,2,17,康和-嘉義,2023-01-31,8459
9802,鈺齊-KY,21,4,17,康和-嘉義,2023-01-31,8459
1101,台泥,17,0,17,康和-嘉義,2023-01-31,8459
00895,富邦未來車,14,0,14,康和-嘉義,2023-01-31,8459
1760,寶齡富錦,26,12,14,康和-嘉義,2023-01-31,8459
4128,中天,21,7,14,康和-嘉義,2023-01-31,8459
00633L,富邦上証正2,13,0,13,康和-嘉義,2023-01-31,8459
8033,雷虎,13,0,13,康和-嘉義,2023-01-31,8459
4979,華星光,98,86,12,康和-嘉義,2023-01-31,8459
2368,金像電,12,1,11,康和-嘉義,2023-01-31,8459
5880,合庫金,11,0,11,康和-嘉義,2023-01-31,8459
1612,宏泰,12,1,11,康和-嘉義,2023-01-31,8459
6789,采鈺,11,0,11,康和-嘉義,2023-01-31,8459
9939,宏全,11,0,11,康和-嘉義,2023-01-31,8459
1313,聯成,10,0,10,康和-嘉義,2023-01-31,8459
2455,全新,10,0,10,康和-嘉義,2023-01-31,8459
00651R,復華香港反1,10,0,10,康和-嘉義,2023-01-31,8459
00720B,元大投資級公司債,10,0,10,康和-嘉義,2023-01-31,8459
00669R,國泰美國道瓊反1,10,0,10,康和-嘉義,2023-01-31,8459
00664R,國泰臺灣加權反1,10,0,10,康和-嘉義,2023-01-31,8459
1789,神隆,12,2,10,康和-嘉義,2023-01-31,8459
2354,鴻準,10,0,10,康和-嘉義,2023-01-31,8459
3265,台星科,10,0,10,康和-嘉義,2023-01-31,8459
6205,詮欣,10,0,10,康和-嘉義,2023-01-31,8459
6279,胡連,22,12,10,康和-嘉義,2023-01-31,8459
8038,長園科,12,2,10,康和-嘉義,2023-01-31,8459
8930,青鋼,10,0,10,康和-嘉義,2023-01-31,8459
00632R,元大台灣50反1,12,3,9,康和-嘉義,2023-01-31,8459
00830,國泰費城半導體,10,1,9,康和-嘉義,2023-01-31,8459
2412,中華電,9,0,9,康和-嘉義,2023-01-31,8459
2618,長榮航,223,144,79,康和-嘉義,2023-02-01,8459
2610,華航,218,145,73,康和-嘉義,2023-02-01,8459
5009,榮剛,105,39,66,康和-嘉義,2023-02-01,8459
5425,台半,82,34,48,康和-嘉義,2023-02-01,8459
2897,王道銀行,55,11,44,康和-嘉義,2023-02-01,8459
1810,和成,48,6,42,康和-嘉義,2023-02-01,8459
8358,金居,93,55,38,康和-嘉義,2023-02-01,8459
2457,飛宏,37,2,35,康和-嘉義,2023-02-01,8459
1584,精剛,54,20,34,康和-嘉義,2023-02-01,8459
8050,廣積,38,4,34,康和-嘉義,2023-02-01,8459
4128,中天,33,0,33,康和-嘉義,2023-02-01,8459
00673R,期元大S＆P原油反1,30,0,30,康和-嘉義,2023-02-01,8459
00905,FT臺灣Smart,27,0,27,康和-嘉義,2023-02-01,8459
1313,聯成,27,2,25,康和-嘉義,2023-02-01,8459
6150,撼訊,23,0,23,康和-嘉義,2023-02-01,8459
1701,中化,29,6,23,康和-嘉義,2023-02-01,8459
3481,群創,28,5,23,康和-嘉義,2023-02-01,8459
2892,第一金,22,0,22,康和-嘉義,2023-02-01,8459
2845,遠東銀,20,0,20,康和-嘉義,2023-02-01,8459
5905,南仁湖,20,0,20,康和-嘉義,2023-02-01,8459
2317,鴻海,57,40,17,康和-嘉義,2023-02-01,8459
9939,宏全,17,0,17,康和-嘉義,2023-02-01,8459
1568,倉佑,15,0,15,康和-嘉義,2023-02-01,8459
0056,元大高股息,20,5,15,康和-嘉義,2023-02-01,8459
2353,宏��,15,0,15,康和-嘉義,2023-02-01,8459
3576,聯合再生,21,7,14,康和-嘉義,2023-02-01,8459
00679B,元大美債20年,14,0,14,康和-嘉義,2023-02-01,8459
2369,菱生,15,1,14,康和-嘉義,2023-02-01,8459
2883,凱基金,13,0,13,康和-嘉義,2023-02-01,8459
3035,智原,37,24,13,康和-嘉義,2023-02-01,8459
6244,茂迪,29,16,13,康和-嘉義,2023-02-01,8459
2014,中鴻,18,5,13,康和-嘉義,2023-02-01,8459
00632R,元大台灣50反1,17,5,12,康和-嘉義,2023-02-01,8459
3479,安勤,13,1,12,康和-嘉義,2023-02-01,8459
4114,健喬,13,1,12,康和-嘉義,2023-02-01,8459
4743,合一,32,22,10,康和-嘉義,2023-02-01,8459
2032,新鋼,10,0,10,康和-嘉義,2023-02-01,8459
3062,建漢,10,0,10,康和-嘉義,2023-02-01,8459
4904,遠傳,10,0,10,康和-嘉義,2023-02-01,8459
5608,四維航,15,5,10,康和-嘉義,2023-02-01,8459
6741,91APP*-KY,11,1,10,康和-嘉義,2023-02-01,8459
8069,元太,42,32,10,康和-嘉義,2023-02-01,8459
2615,萬海,64,55,9,康和-嘉義,2023-02-01,8459
2834,臺企銀,12,3,9,康和-嘉義,2023-02-01,8459
3665,貿聯-KY,11,2,9,康和-嘉義,2023-02-01,8459
6649,台生材,12,3,9,康和-嘉義,2023-02-01,8459
5880,合庫金,8,0,8,康和-嘉義,2023-02-01,8459
8478,東哥遊艇,8,0,8,康和-嘉義,2023-02-01,8459
1612,宏泰,23,15,8,康和-嘉義,2023-02-01,8459
2891,中信金,10,2,8,康和-嘉義,2023-02-01,8459
2618,長榮航,148,52,96,康和-嘉義,2023-02-02,8459
2014,中鴻,75,1,74,康和-嘉義,2023-02-02,8459
4927,泰鼎-KY,70,0,70,康和-嘉義,2023-02-02,8459
00632R,元大台灣50反1,55,0,55,康和-嘉義,2023-02-02,8459
2610,華航,121,70,51,康和-嘉義,2023-02-02,8459
6589,台康生技,75,31,44,康和-嘉義,2023-02-02,8459
00878,國泰永續高股息,42,0,42,康和-嘉義,2023-02-02,8459
3346,麗清,41,0,41,康和-嘉義,2023-02-02,8459
3515,華擎,40,2,38,康和-嘉義,2023-02-02,8459
3057,喬鼎,37,0,37,康和-嘉義,2023-02-02,8459
3481,群創,39,3,36,康和-嘉義,2023-02-02,8459
2834,臺企銀,35,0,35,康和-嘉義,2023-02-02,8459
3062,建漢,35,2,33,康和-嘉義,2023-02-02,8459
2609,陽明,49,22,27,康和-嘉義,2023-02-02,8459
2457,飛宏,26,0,26,康和-嘉義,2023-02-02,8459
6438,迅得,26,0,26,康和-嘉義,2023-02-02,8459
3290,東浦,25,0,25,康和-嘉義,2023-02-02,8459
00715L,期街口布蘭特正2,38,14,24,康和-嘉義,2023-02-02,8459
8050,廣積,29,5,24,康和-嘉義,2023-02-02,8459
1809,中釉,23,0,23,康和-嘉義,2023-02-02,8459
1905,華紙,20,0,20,康和-嘉義,2023-02-02,8459
1717,長興,20,1,19,康和-嘉義,2023-02-02,8459
00885,富邦越南,18,0,18,康和-嘉義,2023-02-02,8459
6284,佳邦,32,14,18,康和-嘉義,2023-02-02,8459
00679B,元大美債20年,17,0,17,康和-嘉義,2023-02-02,8459
1313,聯成,16,0,16,康和-嘉義,2023-02-02,8459
00751B,元大AAA至A公司債,15,0,15,康和-嘉義,2023-02-02,8459
00720B,元大投資級公司債,15,0,15,康和-嘉義,2023-02-02,8459
2201,裕隆,227,214,13,康和-嘉義,2023-02-02,8459
00786B,元大10年IG銀行債,13,0,13,康和-嘉義,2023-02-02,8459
1460,宏遠,12,0,12,康和-嘉義,2023-02-02,8459
2634,漢翔,13,1,12,康和-嘉義,2023-02-02,8459
3265,台星科,14,2,12,康和-嘉義,2023-02-02,8459
3704,合勤控,44,33,11,康和-嘉義,2023-02-02,8459
1101,台泥,11,0,11,康和-嘉義,2023-02-02,8459
2468,華經,12,1,11,康和-嘉義,2023-02-02,8459
8068,全達,11,0,11,康和-嘉義,2023-02-02,8459
00772B,中信高評級公司債,10,0,10,康和-嘉義,2023-02-02,8459
1760,寶齡富錦,13,3,10,康和-嘉義,2023-02-02,8459
2413,環科,10,0,10,康和-嘉義,2023-02-02,8459
2484,希華,21,11,10,康和-嘉義,2023-02-02,8459
2885,元大金,10,0,10,康和-嘉義,2023-02-02,8459
8213,志超,10,0,10,康和-嘉義,2023-02-02,8459
8222,寶一,16,6,10,康和-嘉義,2023-02-02,8459
2605,新興,10,0,10,康和-嘉義,2023-02-02,8459
2801,彰銀,10,1,9,康和-嘉義,2023-02-02,8459
00897,富邦基因免疫生技,9,0,9,康和-嘉義,2023-02-02,8459
2009,第一銅,9,0,9,康和-嘉義,2023-02-02,8459
2612,中航,11,2,9,康和-嘉義,2023-02-02,8459
3163,波若威,11,2,9,康和-嘉義,2023-02-02,8459
00632R,元大台灣50反1,69,0,69,康和-嘉義,2023-02-03,8459
1605,華新,109,64,45,康和-嘉義,2023-02-03,8459
2014,中鴻,43,0,43,康和-嘉義,2023-02-03,8459
4743,合一,64,30,34,康和-嘉義,2023-02-03,8459
2201,裕隆,67,34,33,康和-嘉義,2023-02-03,8459
2038,海光,28,0,28,康和-嘉義,2023-02-03,8459
00637L,元大滬深300正2,25,0,25,康和-嘉義,2023-02-03,8459
3481,群創,25,1,24,康和-嘉義,2023-02-03,8459
2603,長榮,42,20,22,康和-嘉義,2023-02-03,8459
00882,中信中國高股息,21,0,21,康和-嘉義,2023-02-03,8459
00878,國泰永續高股息,22,1,21,康和-嘉義,2023-02-03,8459
3706,神達,25,4,21,康和-嘉義,2023-02-03,8459
00679B,元大美債20年,20,0,20,康和-嘉義,2023-02-03,8459
00664R,國泰臺灣加權反1,20,0,20,康和-嘉義,2023-02-03,8459
00772B,中信高評級公司債,31,11,20,康和-嘉義,2023-02-03,8459
5905,南仁湖,20,0,20,康和-嘉義,2023-02-03,8459
00903,富邦元宇宙,20,2,18,康和-嘉義,2023-02-03,8459
1336,台翰,20,2,18,康和-嘉義,2023-02-03,8459
5483,中美晶,19,2,17,康和-嘉義,2023-02-03,8459
00753L,中信中國50正2,13,0,13,康和-嘉義,2023-02-03,8459
2413,環科,13,1,12,康和-嘉義,2023-02-03,8459
00671R,富邦NASDAQ反1,12,0,12,康和-嘉義,2023-02-03,8459
6175,立敦,22,10,12,康和-嘉義,2023-02-03,8459
6719,力智,17,5,12,康和-嘉義,2023-02-03,8459
2618,長榮航,13,2,11,康和-嘉義,2023-02-03,8459
1701,中化,17,6,11,康和-嘉義,2023-02-03,8459
3027,盛達,15,4,11,康和-嘉義,2023-02-03,8459
2867,三商壽,10,0,10,康和-嘉義,2023-02-03,8459
00905,FT臺灣Smart,10,0,10,康和-嘉義,2023-02-03,8459
3047,訊舟,10,0,10,康和-嘉義,2023-02-03,8459
3051,力特,10,0,10,康和-嘉義,2023-02-03,8459
6462,神盾,10,0,10,康和-嘉義,2023-02-03,8459
8358,金居,11,1,10,康和-嘉義,2023-02-03,8459
2610,華航,20,11,9,康和-嘉義,2023-02-03,8459
3708,上緯投控,9,0,9,康和-嘉義,2023-02-03,8459
4162,智擎,34,25,9,康和-嘉義,2023-02-03,8459
2317,鴻海,13,4,9,康和-嘉義,2023-02-03,8459
3576,聯合再生,15,7,8,康和-嘉義,2023-02-03,8459
1584,精剛,11,3,8,康和-嘉義,2023-02-03,8459
4979,華星光,28,20,8,康和-嘉義,2023-02-03,8459
5608,四維航,10,2,8,康和-嘉義,2023-02-03,8459
6125,廣運,8,0,8,康和-嘉義,2023-02-03,8459
00715L,期街口布蘭特正2,37,30,7,康和-嘉義,2023-02-03,8459
1789,神隆,8,1,7,康和-嘉義,2023-02-03,8459
1810,和成,10,3,7,康和-嘉義,2023-02-03,8459
2891,中信金,7,0,7,康和-嘉義,2023-02-03,8459
6282,康舒,12,5,7,康和-嘉義,2023-02-03,8459
00900,富邦特選高股息30,6,0,6,康和-嘉義,2023-02-03,8459
1447,力鵬,6,0,6,康和-嘉義,2023-02-03,8459
2498,宏達電,96,90,6,康和-嘉義,2023-02-03,8459
2208,台船,102,0,102,康和-嘉義,2023-02-06,8459
2313,華通,102,8,94,康和-嘉義,2023-02-06,8459
2603,長榮,87,33,54,康和-嘉義,2023-02-06,8459
2610,華航,67,27,40,康和-嘉義,2023-02-06,8459
2498,宏達電,147,111,36,康和-嘉義,2023-02-06,8459
0056,元大高股息,38,3,35,康和-嘉義,2023-02-06,8459
3481,群創,39,5,34,康和-嘉義,2023-02-06,8459
00679B,元大美債20年,33,0,33,康和-嘉義,2023-02-06,8459
00664R,國泰臺灣加權反1,30,0,30,康和-嘉義,2023-02-06,8459
00637L,元大滬深300正2,25,0,25,康和-嘉義,2023-02-06,8459
1783,和康生,80,57,23,康和-嘉義,2023-02-06,8459
9958,世紀鋼,23,1,22,康和-嘉義,2023-02-06,8459
00715L,期街口布蘭特正2,24,2,22,康和-嘉義,2023-02-06,8459
6789,采鈺,24,3,21,康和-嘉義,2023-02-06,8459
2388,威盛,59,38,21,康和-嘉義,2023-02-06,8459
3545,敦泰,21,0,21,康和-嘉義,2023-02-06,8459
1513,中興電,35,15,20,康和-嘉義,2023-02-06,8459
2637,慧洋-KY,20,0,20,康和-嘉義,2023-02-06,8459
1605,華新,107,89,18,康和-嘉義,2023-02-06,8459
2609,陽明,21,3,18,康和-嘉義,2023-02-06,8459
6165,浪凡,18,0,18,康和-嘉義,2023-02-06,8459
2201,裕隆,42,25,17,康和-嘉義,2023-02-06,8459
3454,晶睿,25,8,17,康和-嘉義,2023-02-06,8459
00878,國泰永續高股息,17,0,17,康和-嘉義,2023-02-06,8459
6116,彩晶,17,0,17,康和-嘉義,2023-02-06,8459
00772B,中信高評級公司債,15,0,15,康和-嘉義,2023-02-06,8459
2317,鴻海,70,56,14,康和-嘉義,2023-02-06,8459
3057,喬鼎,13,0,13,康和-嘉義,2023-02-06,8459
2834,臺企銀,22,9,13,康和-嘉義,2023-02-06,8459
5351,鈺創,17,5,12,康和-嘉義,2023-02-06,8459
2354,鴻準,11,0,11,康和-嘉義,2023-02-06,8459
4746,台耀,20,9,11,康和-嘉義,2023-02-06,8459
2330,台積電,16,6,10,康和-嘉義,2023-02-06,8459
00795B,中信美國公債20年,10,0,10,康和-嘉義,2023-02-06,8459
00918,大華優利高填息30,10,0,10,康和-嘉義,2023-02-06,8459
2356,英業達,10,0,10,康和-嘉義,2023-02-06,8459
3090,日電貿,10,0,10,康和-嘉義,2023-02-06,8459
3265,台星科,10,0,10,康和-嘉義,2023-02-06,8459
5483,中美晶,18,8,10,康和-嘉義,2023-02-06,8459
6205,詮欣,10,0,10,康和-嘉義,2023-02-06,8459
2408,南亞科,8,0,8,康和-嘉義,2023-02-06,8459
00642U,期元大S＆P石油,8,0,8,康和-嘉義,2023-02-06,8459
2891,中信金,8,0,8,康和-嘉義,2023-02-06,8459
3558,神準,22,14,8,康和-嘉義,2023-02-06,8459
8033,雷虎,11,3,8,康和-嘉義,2023-02-06,8459
9939,宏全,8,0,8,康和-嘉義,2023-02-06,8459
00753L,中信中國50正2,7,0,7,康和-嘉義,2023-02-06,8459
2468,華經,8,1,7,康和-嘉義,2023-02-06,8459
2634,漢翔,23,16,7,康和-嘉義,2023-02-06,8459
2364,倫飛,6,0,6,康和-嘉義,2023-02-06,8459
2303,聯電,129,38,91,康和-嘉義,2023-02-07,8459
2344,華邦電,74,0,74,康和-嘉義,2023-02-07,8459
2618,長榮航,61,3,58,康和-嘉義,2023-02-07,8459
6116,彩晶,55,0,55,康和-嘉義,2023-02-07,8459
3265,台星科,50,0,50,康和-嘉義,2023-02-07,8459
1314,中石化,45,1,44,康和-嘉義,2023-02-07,8459
00632R,元大台灣50反1,40,0,40,康和-嘉義,2023-02-07,8459
00715L,期街口布蘭特正2,50,12,38,康和-嘉義,2023-02-07,8459
2401,凌陽,38,0,38,康和-嘉義,2023-02-07,8459
4114,健喬,64,30,34,康和-嘉義,2023-02-07,8459
1529,樂事綠能,30,0,30,康和-嘉義,2023-02-07,8459
1815,富喬,30,0,30,康和-嘉義,2023-02-07,8459
3037,欣興,31,5,26,康和-嘉義,2023-02-07,8459
2880,華南金,25,0,25,康和-嘉義,2023-02-07,8459
2603,長榮,26,2,24,康和-嘉義,2023-02-07,8459
4163,鐿鈦,21,0,21,康和-嘉義,2023-02-07,8459
6441,廣錠,26,8,18,康和-嘉義,2023-02-07,8459
2103,台橡,19,2,17,康和-嘉義,2023-02-07,8459
00679B,元大美債20年,16,0,16,康和-嘉義,2023-02-07,8459
2419,仲琦,15,0,15,康和-嘉義,2023-02-07,8459
00878,國泰永續高股息,14,0,14,康和-嘉義,2023-02-07,8459
2317,鴻海,26,12,14,康和-嘉義,2023-02-07,8459
4102,永日,17,3,14,康和-嘉義,2023-02-07,8459
5258,虹堡,37,24,13,康和-嘉義,2023-02-07,8459
8069,元太,14,1,13,康和-嘉義,2023-02-07,8459
2891,中信金,13,1,12,康和-嘉義,2023-02-07,8459
2897,王道銀行,22,10,12,康和-嘉義,2023-02-07,8459
8050,廣積,20,8,12,康和-嘉義,2023-02-07,8459
6770,力積電,16,4,12,康和-嘉義,2023-02-07,8459
1313,聯成,11,0,11,康和-嘉義,2023-02-07,8459
1701,中化,20,9,11,康和-嘉義,2023-02-07,8459
3035,智原,32,21,11,康和-嘉義,2023-02-07,8459
3022,威強電,13,2,11,康和-嘉義,2023-02-07,8459
1219,福壽,10,0,10,康和-嘉義,2023-02-07,8459
2105,正新,10,0,10,康和-嘉義,2023-02-07,8459
2427,三商電,10,0,10,康和-嘉義,2023-02-07,8459
2430,燦坤,10,0,10,康和-嘉義,2023-02-07,8459
2609,陽明,11,1,10,康和-嘉義,2023-02-07,8459
2883,凱基金,10,0,10,康和-嘉義,2023-02-07,8459
2906,高林,10,0,10,康和-嘉義,2023-02-07,8459
6603,富強鑫,10,0,10,康和-嘉義,2023-02-07,8459
6282,康舒,41,32,9,康和-嘉義,2023-02-07,8459
2884,玉山金,9,1,8,康和-嘉義,2023-02-07,8459
6173,信昌電,8,0,8,康和-嘉義,2023-02-07,8459
2888,新光金,12,5,7,康和-嘉義,2023-02-07,8459
6235,華孚,78,71,7,康和-嘉義,2023-02-07,8459
2492,華新科,7,1,6,康和-嘉義,2023-02-07,8459
3231,緯創,6,0,6,康和-嘉義,2023-02-07,8459
4532,瑞智,6,0,6,康和-嘉義,2023-02-07,8459
4979,華星光,8,2,6,康和-嘉義,2023-02-07,8459
4121,優盛,137,10,127,康和-嘉義,2023-02-08,8459
2890,永豐金,86,0,86,康和-嘉義,2023-02-08,8459
4128,中天,156,73,83,康和-嘉義,2023-02-08,8459
1326,台化,72,0,72,康和-嘉義,2023-02-08,8459
2498,宏達電,144,87,57,康和-嘉義,2023-02-08,8459
2892,第一金,54,0,54,康和-嘉義,2023-02-08,8459
00632R,元大台灣50反1,57,3,54,康和-嘉義,2023-02-08,8459
2897,王道銀行,55,1,54,康和-嘉義,2023-02-08,8459
1612,宏泰,60,7,53,康和-嘉義,2023-02-08,8459
2884,玉山金,52,0,52,康和-嘉義,2023-02-08,8459
2023,燁輝,41,0,41,康和-嘉義,2023-02-08,8459
3706,神達,39,0,39,康和-嘉義,2023-02-08,8459
2425,承啟,55,18,37,康和-嘉義,2023-02-08,8459
6269,台郡,35,0,35,康和-嘉義,2023-02-08,8459
2834,臺企銀,32,0,32,康和-嘉義,2023-02-08,8459
00878,國泰永續高股息,31,1,30,康和-嘉義,2023-02-08,8459
2027,大成鋼,22,0,22,康和-嘉義,2023-02-08,8459
2731,雄獅,20,0,20,康和-嘉義,2023-02-08,8459
3322,建舜電,20,0,20,康和-嘉義,2023-02-08,8459
3491,昇達科,20,0,20,康和-嘉義,2023-02-08,8459
5244,弘凱,20,0,20,康和-嘉義,2023-02-08,8459
00715L,期街口布蘭特正2,63,44,19,康和-嘉義,2023-02-08,8459
2367,燿華,71,53,18,康和-嘉義,2023-02-08,8459
6531,愛普*,37,19,18,康和-嘉義,2023-02-08,8459
4114,健喬,38,23,15,康和-嘉義,2023-02-08,8459
6239,力成,15,0,15,康和-嘉義,2023-02-08,8459
3624,光頡,20,6,14,康和-嘉義,2023-02-08,8459
2329,華泰,12,0,12,康和-嘉義,2023-02-08,8459
2419,仲琦,18,6,12,康和-嘉義,2023-02-08,8459
2430,燦坤,12,0,12,康和-嘉義,2023-02-08,8459
6188,廣明,27,15,12,康和-嘉義,2023-02-08,8459
3059,華晶科,21,10,11,康和-嘉義,2023-02-08,8459
3479,安勤,30,20,10,康和-嘉義,2023-02-08,8459
1434,福懋,10,0,10,康和-嘉義,2023-02-08,8459
1522,堤維西,10,0,10,康和-嘉義,2023-02-08,8459
1611,中電,10,0,10,康和-嘉義,2023-02-08,8459
4207,環泰,10,0,10,康和-嘉義,2023-02-08,8459
6245,立端,13,3,10,康和-嘉義,2023-02-08,8459
6505,台塑化,10,0,10,康和-嘉義,2023-02-08,8459
6589,台康生技,46,36,10,康和-嘉義,2023-02-08,8459
6643,M31,16,6,10,康和-嘉義,2023-02-08,8459
8933,愛地雅,10,0,10,康和-嘉義,2023-02-08,8459
2323,中環,10,0,10,康和-嘉義,2023-02-08,8459
3027,盛達,10,1,9,康和-嘉義,2023-02-08,8459
1795,美時,58,50,8,康和-嘉義,2023-02-08,8459
6104,創惟,22,14,8,康和-嘉義,2023-02-08,8459
6712,長聖,8,0,8,康和-嘉義,2023-02-08,8459
1760,寶齡富錦,8,1,7,康和-嘉義,2023-02-08,8459
3209,全科,7,0,7,康和-嘉義,2023-02-08,8459
4162,智擎,32,25,7,康和-嘉義,2023-02-08,8459
1605,華新,171,28,143,康和-嘉義,2023-02-09,8459
3206,志豐,136,0,136,康和-嘉義,2023-02-09,8459
3209,全科,128,9,119,康和-嘉義,2023-02-09,8459
2884,玉山金,52,0,52,康和-嘉義,2023-02-09,8459
2484,希華,53,3,50,康和-嘉義,2023-02-09,8459
1326,台化,42,1,41,康和-嘉義,2023-02-09,8459
00878,國泰永續高股息,41,0,41,康和-嘉義,2023-02-09,8459
3711,日月光投控,41,1,40,康和-嘉義,2023-02-09,8459
2201,裕隆,57,21,36,康和-嘉義,2023-02-09,8459
6235,華孚,137,106,31,康和-嘉義,2023-02-09,8459
2812,台中銀,30,0,30,康和-嘉義,2023-02-09,8459
3515,華擎,31,1,30,康和-嘉義,2023-02-09,8459
2603,長榮,40,13,27,康和-嘉義,2023-02-09,8459
8289,泰藝,25,1,24,康和-嘉義,2023-02-09,8459
5425,台半,51,27,24,康和-嘉義,2023-02-09,8459
2328,廣宇,23,0,23,康和-嘉義,2023-02-09,8459
1519,華城,23,1,22,康和-嘉義,2023-02-09,8459
4130,健亞,26,5,21,康和-嘉義,2023-02-09,8459
1760,寶齡富錦,22,5,17,康和-嘉義,2023-02-09,8459
4736,泰博,18,1,17,康和-嘉義,2023-02-09,8459
8069,元太,19,2,17,康和-嘉義,2023-02-09,8459
8261,富鼎,17,0,17,康和-嘉義,2023-02-09,8459
2614,東森,15,0,15,康和-嘉義,2023-02-09,8459
2834,臺企銀,15,0,15,康和-嘉義,2023-02-09,8459
3162,精確,35,20,15,康和-嘉義,2023-02-09,8459
5011,久陽,15,0,15,康和-嘉義,2023-02-09,8459
6111,大宇資,31,16,15,康和-嘉義,2023-02-09,8459
00715L,期街口布蘭特正2,30,16,14,康和-嘉義,2023-02-09,8459
6605,帝寶,14,0,14,康和-嘉義,2023-02-09,8459
8033,雷虎,20,6,14,康和-嘉義,2023-02-09,8459
00633L,富邦上証正2,13,0,13,康和-嘉義,2023-02-09,8459
1101,台泥,13,0,13,康和-嘉義,2023-02-09,8459
00900,富邦特選高股息30,12,0,12,康和-嘉義,2023-02-09,8459
1524,耿鼎,14,2,12,康和-嘉義,2023-02-09,8459
3046,建��,24,12,12,康和-嘉義,2023-02-09,8459
4931,新盛力,46,34,12,康和-嘉義,2023-02-09,8459
8996,高力,42,30,12,康和-嘉義,2023-02-09,8459
2367,燿華,11,0,11,康和-嘉義,2023-02-09,8459
5285,界霖,11,0,11,康和-嘉義,2023-02-09,8459
6129,普誠,13,2,11,康和-嘉義,2023-02-09,8459
1342,八貫,25,14,11,康和-嘉義,2023-02-09,8459
2520,冠德,10,0,10,康和-嘉義,2023-02-09,8459
1309,台達化,10,0,10,康和-嘉義,2023-02-09,8459
00679B,元大美債20年,10,0,10,康和-嘉義,2023-02-09,8459
1453,大將,10,0,10,康和-嘉義,2023-02-09,8459
2243,宏旭-KY,10,0,10,康和-嘉義,2023-02-09,8459
3708,上緯投控,10,0,10,康和-嘉義,2023-02-09,8459
4153,鈺緯,10,0,10,康和-嘉義,2023-02-09,8459
6282,康舒,63,54,9,康和-嘉義,2023-02-09,8459
1809,中釉,11,2,9,康和-嘉義,2023-02-09,8459
2618,長榮航,145,66,79,康和-嘉義,2023-02-10,8459
5465,富驊,73,0,73,康和-嘉義,2023-02-10,8459
4550,長佳,71,0,71,康和-嘉義,2023-02-10,8459
6266,泰詠,72,14,58,康和-嘉義,2023-02-10,8459
6806,森崴能源,66,16,50,康和-嘉義,2023-02-10,8459
1314,中石化,45,0,45,康和-嘉義,2023-02-10,8459
1605,華新,140,97,43,康和-嘉義,2023-02-10,8459
4743,合一,72,34,38,康和-嘉義,2023-02-10,8459
9939,宏全,37,0,37,康和-嘉義,2023-02-10,8459
6153,嘉聯益,38,3,35,康和-嘉義,2023-02-10,8459
2891,中信金,34,0,34,康和-嘉義,2023-02-10,8459
00882,中信中國高股息,30,0,30,康和-嘉義,2023-02-10,8459
5469,瀚宇博,30,0,30,康和-嘉義,2023-02-10,8459
1802,台玻,40,10,30,康和-嘉義,2023-02-10,8459
3322,建舜電,28,0,28,康和-嘉義,2023-02-10,8459
3036,文曄,29,2,27,康和-嘉義,2023-02-10,8459
6215,和椿,25,0,25,康和-嘉義,2023-02-10,8459
2542,興富發,24,0,24,康和-嘉義,2023-02-10,8459
3545,敦泰,25,1,24,康和-嘉義,2023-02-10,8459
3624,光頡,60,38,22,康和-嘉義,2023-02-10,8459
00712,復華富時不動產,22,0,22,康和-嘉義,2023-02-10,8459
2023,燁輝,21,0,21,康和-嘉義,2023-02-10,8459
3305,昇貿,20,0,20,康和-嘉義,2023-02-10,8459
4746,台耀,20,1,19,康和-嘉義,2023-02-10,8459
1795,美時,37,19,18,康和-嘉義,2023-02-10,8459
3032,偉訓,18,0,18,康和-嘉義,2023-02-10,8459
6113,亞矽,20,2,18,康和-嘉義,2023-02-10,8459
00772B,中信高評級公司債,17,0,17,康和-嘉義,2023-02-10,8459
1460,宏遠,22,6,16,康和-嘉義,2023-02-10,8459
4968,立積,17,1,16,康和-嘉義,2023-02-10,8459
4979,華星光,90,77,13,康和-嘉義,2023-02-10,8459
1584,精剛,190,178,12,康和-嘉義,2023-02-10,8459
1789,神隆,13,1,12,康和-嘉義,2023-02-10,8459
2610,華航,22,10,12,康和-嘉義,2023-02-10,8459
2883,凱基金,20,8,12,康和-嘉義,2023-02-10,8459
6237,驊訊,12,0,12,康和-嘉義,2023-02-10,8459
1810,和成,72,61,11,康和-嘉義,2023-02-10,8459
2007,燁興,11,0,11,康和-嘉義,2023-02-10,8459
6180,橘子,11,0,11,康和-嘉義,2023-02-10,8459
6770,力積電,11,0,11,康和-嘉義,2023-02-10,8459
6116,彩晶,10,0,10,康和-嘉義,2023-02-10,8459
2105,正新,10,0,10,康和-嘉義,2023-02-10,8459
2382,廣達,10,0,10,康和-嘉義,2023-02-10,8459
3272,東碩,10,0,10,康和-嘉義,2023-02-10,8459
3557,嘉威,10,0,10,康和-嘉義,2023-02-10,8459
3617,碩天,11,1,10,康和-嘉義,2023-02-10,8459
3685,元創精密,10,0,10,康和-嘉義,2023-02-10,8459
6165,浪凡,10,0,10,康和-嘉義,2023-02-10,8459
6182,合晶,11,1,10,康和-嘉義,2023-02-10,8459
6217,中探針,10,0,10,康和-嘉義,2023-02-10,8459
2409,友達,564,1,563,康和-嘉義,2023-02-13,8459
00673R,期元大S＆P原油反1,211,0,211,康和-嘉義,2023-02-13,8459
2206,三陽工業,85,0,85,康和-嘉義,2023-02-13,8459
3207,耀勝,73,0,73,康和-嘉義,2023-02-13,8459
3624,光頡,73,8,65,康和-嘉義,2023-02-13,8459
2892,第一金,55,0,55,康和-嘉義,2023-02-13,8459
00878,國泰永續高股息,65,10,55,康和-嘉義,2023-02-13,8459
2201,裕隆,71,34,37,康和-嘉義,2023-02-13,8459
2603,長榮,40,4,36,康和-嘉義,2023-02-13,8459
5347,世界,35,4,31,康和-嘉義,2023-02-13,8459
00632R,元大台灣50反1,30,0,30,康和-嘉義,2023-02-13,8459
1540,喬福,30,0,30,康和-嘉義,2023-02-13,8459
2314,台揚,32,3,29,康和-嘉義,2023-02-13,8459
2243,宏旭-KY,22,0,22,康和-嘉義,2023-02-13,8459
00892,富邦台灣半導體,20,0,20,康和-嘉義,2023-02-13,8459
4106,雃博,22,2,20,康和-嘉義,2023-02-13,8459
8088,品安,18,0,18,康和-嘉義,2023-02-13,8459
4979,華星光,18,2,16,康和-嘉義,2023-02-13,8459
1527,鑽全,15,0,15,康和-嘉義,2023-02-13,8459
2405,輔信,15,0,15,康和-嘉義,2023-02-13,8459
9904,寶成,15,0,15,康和-嘉義,2023-02-13,8459
3231,緯創,15,1,14,康和-嘉義,2023-02-13,8459
3454,晶睿,48,34,14,康和-嘉義,2023-02-13,8459
1712,興農,13,0,13,康和-嘉義,2023-02-13,8459
2609,陽明,13,0,13,康和-嘉義,2023-02-13,8459
3305,昇貿,13,0,13,康和-嘉義,2023-02-13,8459
3481,群創,12,0,12,康和-嘉義,2023-02-13,8459
3498,陽程,12,0,12,康和-嘉義,2023-02-13,8459
6139,亞翔,12,0,12,康和-嘉義,2023-02-13,8459
6712,長聖,13,1,12,康和-嘉義,2023-02-13,8459
2388,威盛,11,0,11,康和-嘉義,2023-02-13,8459
8436,大江,11,0,11,康和-嘉義,2023-02-13,8459
9939,宏全,16,5,11,康和-嘉義,2023-02-13,8459
8222,寶一,35,24,11,康和-嘉義,2023-02-13,8459
00679B,元大美債20年,10,0,10,康和-嘉義,2023-02-13,8459
2465,麗臺,10,0,10,康和-嘉義,2023-02-13,8459
3029,零壹,16,6,10,康和-嘉義,2023-02-13,8459
3209,全科,13,3,10,康和-嘉義,2023-02-13,8459
4804,大略-KY,10,0,10,康和-嘉義,2023-02-13,8459
5011,久陽,10,0,10,康和-嘉義,2023-02-13,8459
6129,普誠,10,0,10,康和-嘉義,2023-02-13,8459
6153,嘉聯益,10,0,10,康和-嘉義,2023-02-13,8459
6168,宏齊,20,10,10,康和-嘉義,2023-02-13,8459
1101,台泥,9,0,9,康和-嘉義,2023-02-13,8459
8996,高力,26,17,9,康和-嘉義,2023-02-13,8459
00905,FT臺灣Smart,10,1,9,康和-嘉義,2023-02-13,8459
6643,M31,15,6,9,康和-嘉義,2023-02-13,8459
4763,材料-KY,8,0,8,康和-嘉義,2023-02-13,8459
1609,大亞,8,0,8,康和-嘉義,2023-02-13,8459
2359,所羅門,8,0,8,康和-嘉義,2023-02-13,8459
1432,大魯閣,110,3,107,康和-嘉義,2023-02-14,8459
00632R,元大台灣50反1,110,5,105,康和-嘉義,2023-02-14,8459
1447,力鵬,103,8,95,康和-嘉義,2023-02-14,8459
6509,聚和,93,7,86,康和-嘉義,2023-02-14,8459
00673R,期元大S＆P原油反1,80,0,80,康和-嘉義,2023-02-14,8459
1605,華新,102,30,72,康和-嘉義,2023-02-14,8459
6147,頎邦,70,1,69,康和-嘉義,2023-02-14,8459
3481,群創,215,178,37,康和-嘉義,2023-02-14,8459
3515,華擎,30,0,30,康和-嘉義,2023-02-14,8459
2897,王道銀行,20,0,20,康和-嘉義,2023-02-14,8459
6443,元晶,20,0,20,康和-嘉義,2023-02-14,8459
8222,寶一,38,21,17,康和-嘉義,2023-02-14,8459
2754,亞洲藏壽司,18,3,15,康和-嘉義,2023-02-14,8459
6806,森崴能源,17,3,14,康和-嘉義,2023-02-14,8459
3037,欣興,17,4,13,康和-嘉義,2023-02-14,8459
2324,仁寶,12,0,12,康和-嘉義,2023-02-14,8459
1101,台泥,13,1,12,康和-嘉義,2023-02-14,8459
2023,燁輝,11,0,11,康和-嘉義,2023-02-14,8459
2303,聯電,40,29,11,康和-嘉義,2023-02-14,8459
6188,廣明,11,0,11,康和-嘉義,2023-02-14,8459
2885,元大金,11,0,11,康和-嘉義,2023-02-14,8459
5425,台半,22,12,10,康和-嘉義,2023-02-14,8459
1217,愛之味,10,0,10,康和-嘉義,2023-02-14,8459
2485,兆赫,10,0,10,康和-嘉義,2023-02-14,8459
6654,天正國際,10,0,10,康和-嘉義,2023-02-14,8459
6180,橘子,24,15,9,康和-嘉義,2023-02-14,8459
2884,玉山金,8,0,8,康和-嘉義,2023-02-14,8459
6112,邁達特,14,6,8,康和-嘉義,2023-02-14,8459
2888,新光金,10,2,8,康和-嘉義,2023-02-14,8459
3029,零壹,10,2,8,康和-嘉義,2023-02-14,8459
3583,辛耘,8,0,8,康和-嘉義,2023-02-14,8459
8215,明基材,8,0,8,康和-嘉義,2023-02-14,8459
3704,合勤控,9,2,7,康和-嘉義,2023-02-14,8459
5258,虹堡,12,5,7,康和-嘉義,2023-02-14,8459
9939,宏全,7,0,7,康和-嘉義,2023-02-14,8459
00772B,中信高評級公司債,6,0,6,康和-嘉義,2023-02-14,8459
2243,宏旭-KY,6,0,6,康和-嘉義,2023-02-14,8459
8112,至上,6,0,6,康和-嘉義,2023-02-14,8459
0056,元大高股息,10,5,5,康和-嘉義,2023-02-14,8459
6643,M31,6,1,5,康和-嘉義,2023-02-14,8459
2317,鴻海,14,9,5,康和-嘉義,2023-02-14,8459
3035,智原,6,1,5,康和-嘉義,2023-02-14,8459
00720B,元大投資級公司債,5,0,5,康和-嘉義,2023-02-14,8459
1720,生達,8,3,5,康和-嘉義,2023-02-14,8459
2332,友訊,5,0,5,康和-嘉義,2023-02-14,8459
2351,順德,9,4,5,康和-嘉義,2023-02-14,8459
2465,麗臺,5,0,5,康和-嘉義,2023-02-14,8459
2515,中工,5,0,5,康和-嘉義,2023-02-14,8459
3529,力旺,6,1,5,康和-嘉義,2023-02-14,8459
4164,承業醫,5,0,5,康和-嘉義,2023-02-14,8459
8088,品安,84,0,84,康和-嘉義,2023-02-15,8459
00878,國泰永續高股息,70,10,60,康和-嘉義,2023-02-15,8459
2323,中環,60,0,60,康和-嘉義,2023-02-15,8459
00885,富邦越南,57,0,57,康和-嘉義,2023-02-15,8459
5512,力麒,55,15,40,康和-嘉義,2023-02-15,8459
2897,王道銀行,62,25,37,康和-嘉義,2023-02-15,8459
3419,譁裕,35,0,35,康和-嘉義,2023-02-15,8459
2344,華邦電,32,1,31,康和-嘉義,2023-02-15,8459
4979,華星光,30,2,28,康和-嘉義,2023-02-15,8459
5347,世界,28,3,25,康和-嘉義,2023-02-15,8459
2208,台船,25,2,23,康和-嘉義,2023-02-15,8459
6147,頎邦,23,0,23,康和-嘉義,2023-02-15,8459
3710,連展投控,23,2,21,康和-嘉義,2023-02-15,8459
2314,台揚,20,0,20,康和-嘉義,2023-02-15,8459
1447,力鵬,18,0,18,康和-嘉義,2023-02-15,8459
2330,台積電,26,10,16,康和-嘉義,2023-02-15,8459
2603,長榮,17,1,16,康和-嘉義,2023-02-15,8459
1326,台化,15,0,15,康和-嘉義,2023-02-15,8459
6235,華孚,46,31,15,康和-嘉義,2023-02-15,8459
2485,兆赫,14,0,14,康和-嘉義,2023-02-15,8459
2889,國票金,14,0,14,康和-嘉義,2023-02-15,8459
3029,零壹,14,0,14,康和-嘉義,2023-02-15,8459
6182,合晶,13,0,13,康和-嘉義,2023-02-15,8459
6188,廣明,12,0,12,康和-嘉義,2023-02-15,8459
4564,元翎,11,0,11,康和-嘉義,2023-02-15,8459
00891,中信關鍵半導體,10,0,10,康和-嘉義,2023-02-15,8459
1609,大亞,92,82,10,康和-嘉義,2023-02-15,8459
1512,瑞利,10,0,10,康和-嘉義,2023-02-15,8459
1720,生達,10,0,10,康和-嘉義,2023-02-15,8459
2486,一詮,10,0,10,康和-嘉義,2023-02-15,8459
3221,台嘉碩,21,11,10,康和-嘉義,2023-02-15,8459
6153,嘉聯益,10,0,10,康和-嘉義,2023-02-15,8459
3035,智原,10,2,8,康和-嘉義,2023-02-15,8459
2358,廷鑫,8,0,8,康和-嘉義,2023-02-15,8459
2745,五福,8,0,8,康和-嘉義,2023-02-15,8459
3588,通嘉,8,0,8,康和-嘉義,2023-02-15,8459
3027,盛達,25,18,7,康和-嘉義,2023-02-15,8459
2498,宏達電,96,89,7,康和-嘉義,2023-02-15,8459
1514,亞力,7,0,7,康和-嘉義,2023-02-15,8459
2457,飛宏,10,3,7,康和-嘉義,2023-02-15,8459
6505,台塑化,7,0,7,康和-嘉義,2023-02-15,8459
8105,凌巨,7,0,7,康和-嘉義,2023-02-15,8459
2337,旺宏,20,14,6,康和-嘉義,2023-02-15,8459
00706L,期元大S＆P日圓正2,6,0,6,康和-嘉義,2023-02-15,8459
2327,國巨,6,0,6,康和-嘉義,2023-02-15,8459
2351,順德,6,0,6,康和-嘉義,2023-02-15,8459
2702,華園,11,5,6,康和-嘉義,2023-02-15,8459
2743,山富,11,5,6,康和-嘉義,2023-02-15,8459
2812,台中銀,6,0,6,康和-嘉義,2023-02-15,8459
3576,聯合再生,7,1,6,康和-嘉義,2023-02-15,8459
2610,華航,1022,252,770,康和-嘉義,2023-02-16,8459
8234,新漢,100,0,100,康和-嘉義,2023-02-16,8459
3481,群創,235,145,90,康和-嘉義,2023-02-16,8459
00878,國泰永續高股息,71,7,64,康和-嘉義,2023-02-16,8459
1513,中興電,84,32,52,康和-嘉義,2023-02-16,8459
3710,連展投控,50,0,50,康和-嘉義,2023-02-16,8459
2618,長榮航,133,90,43,康和-嘉義,2023-02-16,8459
2929,淘帝-KY,30,0,30,康和-嘉義,2023-02-16,8459
00715L,期街口布蘭特正2,30,3,27,康和-嘉義,2023-02-16,8459
2892,第一金,20,0,20,康和-嘉義,2023-02-16,8459
00679B,元大美債20年,20,0,20,康和-嘉義,2023-02-16,8459
6248,沛波,20,0,20,康和-嘉義,2023-02-16,8459
6712,長聖,19,2,17,康和-嘉義,2023-02-16,8459
1304,台聚,17,0,17,康和-嘉義,2023-02-16,8459
4979,華星光,76,59,17,康和-嘉義,2023-02-16,8459
00664R,國泰臺灣加權反1,15,0,15,康和-嘉義,2023-02-16,8459
2344,華邦電,21,8,13,康和-嘉義,2023-02-16,8459
00632R,元大台灣50反1,12,0,12,康和-嘉義,2023-02-16,8459
00633L,富邦上証正2,11,0,11,康和-嘉義,2023-02-16,8459
2641,正德,11,0,11,康和-嘉義,2023-02-16,8459
8016,矽創,28,17,11,康和-嘉義,2023-02-16,8459
3062,建漢,10,0,10,康和-嘉義,2023-02-16,8459
1784,訊聯,14,4,10,康和-嘉義,2023-02-16,8459
2402,毅嘉,10,0,10,康和-嘉義,2023-02-16,8459
2449,京元電子,10,0,10,康和-嘉義,2023-02-16,8459
6223,旺矽,10,0,10,康和-嘉義,2023-02-16,8459
6443,元晶,12,2,10,康和-嘉義,2023-02-16,8459
5706,鳳凰,17,7,10,康和-嘉義,2023-02-16,8459
00674R,期元大S＆P黃金反1,10,1,9,康和-嘉義,2023-02-16,8459
00631L,元大台灣50正2,10,1,9,康和-嘉義,2023-02-16,8459
8105,凌巨,21,12,9,康和-嘉義,2023-02-16,8459
00772B,中信高評級公司債,9,0,9,康和-嘉義,2023-02-16,8459
2609,陽明,10,2,8,康和-嘉義,2023-02-16,8459
6215,和椿,8,0,8,康和-嘉義,2023-02-16,8459
3027,盛達,12,4,8,康和-嘉義,2023-02-16,8459
00885,富邦越南,7,0,7,康和-嘉義,2023-02-16,8459
3037,欣興,16,9,7,康和-嘉義,2023-02-16,8459
2472,立隆電,7,0,7,康和-嘉義,2023-02-16,8459
6835,圓裕,7,0,7,康和-嘉義,2023-02-16,8459
8171,天宇,16,9,7,康和-嘉義,2023-02-16,8459
00706L,期元大S＆P日圓正2,6,0,6,康和-嘉義,2023-02-16,8459
2049,上銀,6,0,6,康和-嘉義,2023-02-16,8459
2103,台橡,6,0,6,康和-嘉義,2023-02-16,8459
4153,鈺緯,6,0,6,康和-嘉義,2023-02-16,8459
2337,旺宏,5,0,5,康和-嘉義,2023-02-16,8459
1466,聚隆,11,6,5,康和-嘉義,2023-02-16,8459
1503,士電,53,48,5,康和-嘉義,2023-02-16,8459
1711,永光,5,0,5,康和-嘉義,2023-02-16,8459
2399,映泰,5,0,5,康和-嘉義,2023-02-16,8459
2441,超豐,5,0,5,康和-嘉義,2023-02-16,8459
2610,華航,475,290,185,康和-嘉義,2023-02-17,8459
1210,大成,105,0,105,康和-嘉義,2023-02-17,8459
2618,長榮航,84,23,61,康和-嘉義,2023-02-17,8459
1513,中興電,81,38,43,康和-嘉義,2023-02-17,8459
5469,瀚宇博,42,0,42,康和-嘉義,2023-02-17,8459
2201,裕隆,78,51,27,康和-嘉義,2023-02-17,8459
3006,晶豪科,30,4,26,康和-嘉義,2023-02-17,8459
1605,華新,219,198,21,康和-嘉義,2023-02-17,8459
6265,方土昶,20,0,20,康和-嘉義,2023-02-17,8459
1456,怡華,20,0,20,康和-嘉義,2023-02-17,8459
00892,富邦台灣半導體,20,0,20,康和-嘉義,2023-02-17,8459
00773B,中信優先金融債,19,0,19,康和-嘉義,2023-02-17,8459
4961,天鈺,74,58,16,康和-嘉義,2023-02-17,8459
00680L,元大美債20正2,15,0,15,康和-嘉義,2023-02-17,8459
2331,精英,15,0,15,康和-嘉義,2023-02-17,8459
3128,昇銳,15,0,15,康和-嘉義,2023-02-17,8459
5289,宜鼎,15,0,15,康和-嘉義,2023-02-17,8459
6153,嘉聯益,20,5,15,康和-嘉義,2023-02-17,8459
2867,三商壽,11,0,11,康和-嘉義,2023-02-17,8459
2891,中信金,12,1,11,康和-嘉義,2023-02-17,8459
3189,景碩,11,0,11,康和-嘉義,2023-02-17,8459
5227,立凱-KY,11,0,11,康和-嘉義,2023-02-17,8459
2337,旺宏,10,0,10,康和-嘉義,2023-02-17,8459
00882,中信中國高股息,10,0,10,康和-嘉義,2023-02-17,8459
00898,國泰基因免疫革命,10,0,10,康和-嘉義,2023-02-17,8459
00670L,富邦NASDAQ正2,10,0,10,康和-嘉義,2023-02-17,8459
00669R,國泰美國道瓊反1,10,0,10,康和-嘉義,2023-02-17,8459
00647L,元大S＆P500正2,10,0,10,康和-嘉義,2023-02-17,8459
1528,恩德,10,0,10,康和-嘉義,2023-02-17,8459
6127,九豪,10,0,10,康和-嘉義,2023-02-17,8459
6139,亞翔,10,0,10,康和-嘉義,2023-02-17,8459
6188,廣明,10,0,10,康和-嘉義,2023-02-17,8459
6257,矽格,10,0,10,康和-嘉義,2023-02-17,8459
2330,台積電,17,8,9,康和-嘉義,2023-02-17,8459
00679B,元大美債20年,11,2,9,康和-嘉義,2023-02-17,8459
2034,允強,10,1,9,康和-嘉義,2023-02-17,8459
4977,眾達-KY,14,5,9,康和-嘉義,2023-02-17,8459
1342,八貫,10,2,8,康和-嘉義,2023-02-17,8459
00642U,期元大S＆P石油,7,0,7,康和-嘉義,2023-02-17,8459
00720B,元大投資級公司債,7,0,7,康和-嘉義,2023-02-17,8459
00715L,期街口布蘭特正2,7,0,7,康和-嘉義,2023-02-17,8459
2497,怡利電,7,0,7,康和-嘉義,2023-02-17,8459
3711,日月光投控,7,0,7,康和-嘉義,2023-02-17,8459
6288,聯嘉,9,2,7,康和-嘉義,2023-02-17,8459
6874,倍力,8,1,7,康和-嘉義,2023-02-17,8459
8996,高力,10,3,7,康和-嘉義,2023-02-17,8459
00893,國泰智能電動車,6,0,6,康和-嘉義,2023-02-17,8459
1609,大亞,7,1,6,康和-嘉義,2023-02-17,8459
3037,欣興,12,6,6,康和-嘉義,2023-02-17,8459
6446,藥華藥,6,0,6,康和-嘉義,2023-02-17,8459
3481,群創,433,249,184,康和-嘉義,2023-02-20,8459
3576,聯合再生,123,1,122,康和-嘉義,2023-02-20,8459
1210,大成,105,0,105,康和-嘉義,2023-02-20,8459
2208,台船,86,2,84,康和-嘉義,2023-02-20,8459
00632R,元大台灣50反1,70,0,70,康和-嘉義,2023-02-20,8459
3062,建漢,75,16,59,康和-嘉義,2023-02-20,8459
2314,台揚,51,0,51,康和-嘉義,2023-02-20,8459
4743,合一,62,21,41,康和-嘉義,2023-02-20,8459
1503,士電,95,57,38,康和-嘉義,2023-02-20,8459
1529,樂事綠能,40,4,36,康和-嘉義,2023-02-20,8459
2498,宏達電,64,29,35,康和-嘉義,2023-02-20,8459
2457,飛宏,67,32,35,康和-嘉義,2023-02-20,8459
1314,中石化,46,15,31,康和-嘉義,2023-02-20,8459
3162,精確,36,5,31,康和-嘉義,2023-02-20,8459
6164,華興,30,0,30,康和-嘉義,2023-02-20,8459
3624,光頡,26,0,26,康和-嘉義,2023-02-20,8459
2312,金寶,60,35,25,康和-嘉義,2023-02-20,8459
6116,彩晶,49,25,24,康和-嘉義,2023-02-20,8459
2867,三商壽,23,0,23,康和-嘉義,2023-02-20,8459
6282,康舒,23,0,23,康和-嘉義,2023-02-20,8459
1513,中興電,77,55,22,康和-嘉義,2023-02-20,8459
5284,jpp-KY,21,0,21,康和-嘉義,2023-02-20,8459
6271,同欣電,21,0,21,康和-嘉義,2023-02-20,8459
1612,宏泰,25,5,20,康和-嘉義,2023-02-20,8459
4953,緯軟,20,0,20,康和-嘉義,2023-02-20,8459
5905,南仁湖,22,2,20,康和-嘉義,2023-02-20,8459
2834,臺企銀,31,13,18,康和-嘉義,2023-02-20,8459
2409,友達,128,111,17,康和-嘉義,2023-02-20,8459
2388,威盛,36,20,16,康和-嘉義,2023-02-20,8459
6235,華孚,19,3,16,康和-嘉義,2023-02-20,8459
2317,鴻海,16,1,15,康和-嘉義,2023-02-20,8459
00893,國泰智能電動車,15,0,15,康和-嘉義,2023-02-20,8459
00760B,復華新興企業債,15,0,15,康和-嘉義,2023-02-20,8459
00674R,期元大S＆P黃金反1,13,0,13,康和-嘉義,2023-02-20,8459
8076,伍豐,12,0,12,康和-嘉義,2023-02-20,8459
4763,材料-KY,26,14,12,康和-嘉義,2023-02-20,8459
00878,國泰永續高股息,13,1,12,康和-嘉義,2023-02-20,8459
8222,寶一,15,4,11,康和-嘉義,2023-02-20,8459
8150,南茂,11,0,11,康和-嘉義,2023-02-20,8459
2027,大成鋼,41,31,10,康和-嘉義,2023-02-20,8459
2392,正崴,10,0,10,康和-嘉義,2023-02-20,8459
2442,新美齊,10,0,10,康和-嘉義,2023-02-20,8459
3046,建��,15,5,10,康和-嘉義,2023-02-20,8459
3265,台星科,10,0,10,康和-嘉義,2023-02-20,8459
6550,北極星藥業-KY,11,1,10,康和-嘉義,2023-02-20,8459
6577,勁豐,10,0,10,康和-嘉義,2023-02-20,8459
8033,雷虎,37,27,10,康和-嘉義,2023-02-20,8459
8105,凌巨,10,0,10,康和-嘉義,2023-02-20,8459
8215,明基材,11,1,10,康和-嘉義,2023-02-20,8459
6770,力積電,10,1,9,康和-嘉義,2023-02-20,8459
3162,精確,112,1,111,康和-嘉義,2023-02-21,8459
2897,王道銀行,80,1,79,康和-嘉義,2023-02-21,8459
2884,玉山金,101,26,75,康和-嘉義,2023-02-21,8459
3297,杭特,53,0,53,康和-嘉義,2023-02-21,8459
2007,燁興,50,5,45,康和-嘉義,2023-02-21,8459
00878,國泰永續高股息,46,4,42,康和-嘉義,2023-02-21,8459
1524,耿鼎,54,15,39,康和-嘉義,2023-02-21,8459
2634,漢翔,39,7,32,康和-嘉義,2023-02-21,8459
6245,立端,37,5,32,康和-嘉義,2023-02-21,8459
1605,華新,75,46,29,康和-嘉義,2023-02-21,8459
3013,晟銘電,40,11,29,康和-嘉義,2023-02-21,8459
6806,森崴能源,45,18,27,康和-嘉義,2023-02-21,8459
6282,康舒,53,27,26,康和-嘉義,2023-02-21,8459
5289,宜鼎,25,0,25,康和-嘉義,2023-02-21,8459
8222,寶一,58,33,25,康和-嘉義,2023-02-21,8459
3594,磐儀,40,18,22,康和-嘉義,2023-02-21,8459
9958,世紀鋼,24,3,21,康和-嘉義,2023-02-21,8459
3044,健鼎,21,0,21,康和-嘉義,2023-02-21,8459
4931,新盛力,34,13,21,康和-嘉義,2023-02-21,8459
1584,精剛,31,12,19,康和-嘉義,2023-02-21,8459
8069,元太,38,20,18,康和-嘉義,2023-02-21,8459
2371,大同,17,0,17,康和-嘉義,2023-02-21,8459
6603,富強鑫,22,5,17,康和-嘉義,2023-02-21,8459
00882,中信中國高股息,20,4,16,康和-嘉義,2023-02-21,8459
4168,醣聯,15,0,15,康和-嘉義,2023-02-21,8459
6235,華孚,130,115,15,康和-嘉義,2023-02-21,8459
2485,兆赫,34,20,14,康和-嘉義,2023-02-21,8459
2317,鴻海,25,11,14,康和-嘉義,2023-02-21,8459
1701,中化,14,0,14,康和-嘉義,2023-02-21,8459
8936,國統,21,7,14,康和-嘉義,2023-02-21,8459
2402,毅嘉,14,0,14,康和-嘉義,2023-02-21,8459
4961,天鈺,30,17,13,康和-嘉義,2023-02-21,8459
2201,裕隆,38,26,12,康和-嘉義,2023-02-21,8459
9935,慶豐富,12,0,12,康和-嘉義,2023-02-21,8459
00903,富邦元宇宙,11,0,11,康和-嘉義,2023-02-21,8459
4114,健喬,46,35,11,康和-嘉義,2023-02-21,8459
8171,天宇,16,5,11,康和-嘉義,2023-02-21,8459
00712,復華富時不動產,10,0,10,康和-嘉義,2023-02-21,8459
1103,嘉泥,10,0,10,康和-嘉義,2023-02-21,8459
00680L,元大美債20正2,10,0,10,康和-嘉義,2023-02-21,8459
00679B,元大美債20年,10,0,10,康和-嘉義,2023-02-21,8459
2323,中環,10,0,10,康和-嘉義,2023-02-21,8459
2399,映泰,10,0,10,康和-嘉義,2023-02-21,8459
2476,鉅祥,11,1,10,康和-嘉義,2023-02-21,8459
2903,遠百,10,0,10,康和-嘉義,2023-02-21,8459
8150,南茂,10,0,10,康和-嘉義,2023-02-21,8459
2618,長榮航,16,7,9,康和-嘉義,2023-02-21,8459
3047,訊舟,10,1,9,康和-嘉義,2023-02-21,8459
3704,合勤控,16,7,9,康和-嘉義,2023-02-21,8459
0056,元大高股息,12,4,8,康和-嘉義,2023-02-21,8459
6282,康舒,193,60,133,康和-嘉義,2023-02-22,8459
2009,第一銅,47,0,47,康和-嘉義,2023-02-22,8459
00878,國泰永續高股息,44,0,44,康和-嘉義,2023-02-22,8459
00893,國泰智能電動車,40,0,40,康和-嘉義,2023-02-22,8459
00715L,期街口布蘭特正2,40,0,40,康和-嘉義,2023-02-22,8459
00712,復華富時不動產,39,0,39,康和-嘉義,2023-02-22,8459
2884,玉山金,52,13,39,康和-嘉義,2023-02-22,8459
1513,中興電,68,29,39,康和-嘉義,2023-02-22,8459
6125,廣運,37,0,37,康和-嘉義,2023-02-22,8459
1268,漢來美食,35,0,35,康和-嘉義,2023-02-22,8459
1519,華城,44,13,31,康和-嘉義,2023-02-22,8459
2371,大同,30,0,30,康和-嘉義,2023-02-22,8459
6223,旺矽,30,1,29,康和-嘉義,2023-02-22,8459
1795,美時,101,73,28,康和-嘉義,2023-02-22,8459
4979,華星光,27,1,26,康和-嘉義,2023-02-22,8459
2498,宏達電,32,6,26,康和-嘉義,2023-02-22,8459
4743,合一,39,14,25,康和-嘉義,2023-02-22,8459
2317,鴻海,24,0,24,康和-嘉義,2023-02-22,8459
2812,台中銀,27,3,24,康和-嘉義,2023-02-22,8459
2618,長榮航,28,5,23,康和-嘉義,2023-02-22,8459
2382,廣達,22,0,22,康和-嘉義,2023-02-22,8459
2332,友訊,20,0,20,康和-嘉義,2023-02-22,8459
3029,零壹,20,0,20,康和-嘉義,2023-02-22,8459
2027,大成鋼,41,22,19,康和-嘉義,2023-02-22,8459
00895,富邦未來車,18,0,18,康和-嘉義,2023-02-22,8459
0056,元大高股息,16,0,16,康和-嘉義,2023-02-22,8459
3564,其陽,15,0,15,康和-嘉義,2023-02-22,8459
00761B,國泰A級公司債,16,3,13,康和-嘉義,2023-02-22,8459
8930,青鋼,12,0,12,康和-嘉義,2023-02-22,8459
00713,元大台灣高息低波,11,0,11,康和-嘉義,2023-02-22,8459
4977,眾達-KY,14,3,11,康和-嘉義,2023-02-22,8459
6116,彩晶,11,0,11,康和-嘉義,2023-02-22,8459
6517,保勝光學,16,5,11,康和-嘉義,2023-02-22,8459
00892,富邦台灣半導體,10,0,10,康和-嘉義,2023-02-22,8459
2459,敦吉,10,0,10,康和-嘉義,2023-02-22,8459
4168,醣聯,11,1,10,康和-嘉義,2023-02-22,8459
5289,宜鼎,10,0,10,康和-嘉義,2023-02-22,8459
6153,嘉聯益,10,0,10,康和-嘉義,2023-02-22,8459
6165,浪凡,15,5,10,康和-嘉義,2023-02-22,8459
6269,台郡,11,1,10,康和-嘉義,2023-02-22,8459
8436,大江,10,0,10,康和-嘉義,2023-02-22,8459
3037,欣興,18,8,10,康和-嘉義,2023-02-22,8459
4931,新盛力,10,1,9,康和-嘉義,2023-02-22,8459
6129,普誠,10,1,9,康和-嘉義,2023-02-22,8459
6235,華孚,118,109,9,康和-嘉義,2023-02-22,8459
8016,矽創,10,1,9,康和-嘉義,2023-02-22,8459
2330,台積電,9,0,9,康和-嘉義,2023-02-22,8459
2891,中信金,11,3,8,康和-嘉義,2023-02-22,8459
1907,永豐餘,8,0,8,康和-嘉義,2023-02-22,8459
1503,士電,14,6,8,康和-嘉義,2023-02-22,8459
00632R,元大台灣50反1,1048,2,1046,康和-嘉義,2023-02-23,8459
3481,群創,267,107,160,康和-嘉義,2023-02-23,8459
8936,國統,182,24,158,康和-嘉義,2023-02-23,8459
6266,泰詠,108,0,108,康和-嘉義,2023-02-23,8459
5009,榮剛,108,51,57,康和-嘉義,2023-02-23,8459
2332,友訊,51,0,51,康和-嘉義,2023-02-23,8459
2303,聯電,65,18,47,康和-嘉義,2023-02-23,8459
8091,翔名,46,0,46,康和-嘉義,2023-02-23,8459
00720B,元大投資級公司債,41,0,41,康和-嘉義,2023-02-23,8459
00885,富邦越南,35,0,35,康和-嘉義,2023-02-23,8459
00715L,期街口布蘭特正2,39,5,34,康和-嘉義,2023-02-23,8459
6443,元晶,31,0,31,康和-嘉義,2023-02-23,8459
2482,連宇,37,7,30,康和-嘉義,2023-02-23,8459
3491,昇達科,30,0,30,康和-嘉義,2023-02-23,8459
2867,三商壽,29,0,29,康和-嘉義,2023-02-23,8459
3665,貿聯-KY,31,2,29,康和-嘉義,2023-02-23,8459
8222,寶一,35,6,29,康和-嘉義,2023-02-23,8459
6153,嘉聯益,25,0,25,康和-嘉義,2023-02-23,8459
3022,威強電,25,1,24,康和-嘉義,2023-02-23,8459
8358,金居,45,21,24,康和-嘉義,2023-02-23,8459
5905,南仁湖,20,1,19,康和-嘉義,2023-02-23,8459
1609,大亞,25,7,18,康和-嘉義,2023-02-23,8459
3058,立德,17,0,17,康和-嘉義,2023-02-23,8459
4162,智擎,33,17,16,康和-嘉義,2023-02-23,8459
8420,明揚,16,0,16,康和-嘉義,2023-02-23,8459
6509,聚和,16,1,15,康和-嘉義,2023-02-23,8459
8928,鉅明,15,0,15,康和-嘉義,2023-02-23,8459
4532,瑞智,14,0,14,康和-嘉義,2023-02-23,8459
2028,威致,15,1,14,康和-嘉義,2023-02-23,8459
8996,高力,19,5,14,康和-嘉義,2023-02-23,8459
1444,力麗,18,5,13,康和-嘉義,2023-02-23,8459
2485,兆赫,13,0,13,康和-嘉義,2023-02-23,8459
3038,全台,12,0,12,康和-嘉義,2023-02-23,8459
4931,新盛力,12,0,12,康和-嘉義,2023-02-23,8459
00712,復華富時不動產,11,0,11,康和-嘉義,2023-02-23,8459
3419,譁裕,16,5,11,康和-嘉義,2023-02-23,8459
3062,建漢,10,0,10,康和-嘉義,2023-02-23,8459
6129,普誠,20,10,10,康和-嘉義,2023-02-23,8459
6182,合晶,10,0,10,康和-嘉義,2023-02-23,8459
8049,晶采,10,0,10,康和-嘉義,2023-02-23,8459
2313,華通,11,2,9,康和-嘉義,2023-02-23,8459
4743,合一,40,31,9,康和-嘉義,2023-02-23,8459
3141,晶宏,52,44,8,康和-嘉義,2023-02-23,8459
6126,信音,10,2,8,康和-嘉義,2023-02-23,8459
2618,長榮航,8,1,7,康和-嘉義,2023-02-23,8459
3209,全科,10,3,7,康和-嘉義,2023-02-23,8459
3702,大聯大,7,0,7,康和-嘉義,2023-02-23,8459
6411,晶焱,9,2,7,康和-嘉義,2023-02-23,8459
8916,光隆,7,0,7,康和-嘉義,2023-02-23,8459
6120,達運,6,0,6,康和-嘉義,2023-02-23,8459
5512,力麒,303,193,110,康和-嘉義,2023-02-24,8459
2492,華新科,50,2,48,康和-嘉義,2023-02-24,8459
1314,中石化,45,0,45,康和-嘉義,2023-02-24,8459
00878,國泰永續高股息,41,1,40,康和-嘉義,2023-02-24,8459
5009,榮剛,66,28,38,康和-嘉義,2023-02-24,8459
2606,裕民,51,17,34,康和-嘉義,2023-02-24,8459
2609,陽明,52,19,33,康和-嘉義,2023-02-24,8459
00637L,元大滬深300正2,32,0,32,康和-嘉義,2023-02-24,8459
00753L,中信中國50正2,32,0,32,康和-嘉義,2023-02-24,8459
00885,富邦越南,31,0,31,康和-嘉義,2023-02-24,8459
1519,華城,41,10,31,康和-嘉義,2023-02-24,8459
2498,宏達電,38,8,30,康和-嘉義,2023-02-24,8459
2892,第一金,29,0,29,康和-嘉義,2023-02-24,8459
6173,信昌電,30,2,28,康和-嘉義,2023-02-24,8459
3058,立德,26,0,26,康和-嘉義,2023-02-24,8459
00712,復華富時不動產,25,0,25,康和-嘉義,2023-02-24,8459
5452,佶優,25,0,25,康和-嘉義,2023-02-24,8459
3022,威強電,23,0,23,康和-嘉義,2023-02-24,8459
2303,聯電,37,16,21,康和-嘉義,2023-02-24,8459
2482,連宇,28,8,20,康和-嘉義,2023-02-24,8459
5450,南良,20,0,20,康和-嘉義,2023-02-24,8459
2732,六角,42,22,20,康和-嘉義,2023-02-24,8459
8938,明安,46,27,19,康和-嘉義,2023-02-24,8459
1701,中化,18,0,18,康和-嘉義,2023-02-24,8459
3264,欣銓,18,0,18,康和-嘉義,2023-02-24,8459
2371,大同,16,0,16,康和-嘉義,2023-02-24,8459
8436,大江,24,8,16,康和-嘉義,2023-02-24,8459
3027,盛達,19,4,15,康和-嘉義,2023-02-24,8459
8222,寶一,16,1,15,康和-嘉義,2023-02-24,8459
2344,華邦電,16,2,14,康和-嘉義,2023-02-24,8459
6282,康舒,45,32,13,康和-嘉義,2023-02-24,8459
2355,敬鵬,12,0,12,康和-嘉義,2023-02-24,8459
2897,王道銀行,12,0,12,康和-嘉義,2023-02-24,8459
6213,聯茂,12,0,12,康和-嘉義,2023-02-24,8459
4961,天鈺,13,2,11,康和-嘉義,2023-02-24,8459
9958,世紀鋼,16,5,11,康和-嘉義,2023-02-24,8459
2399,映泰,15,4,11,康和-嘉義,2023-02-24,8459
2358,廷鑫,10,0,10,康和-嘉義,2023-02-24,8459
1108,幸福,10,0,10,康和-嘉義,2023-02-24,8459
1714,和桐,10,0,10,康和-嘉義,2023-02-24,8459
3062,建漢,10,0,10,康和-嘉義,2023-02-24,8459
3346,麗清,11,1,10,康和-嘉義,2023-02-24,8459
4564,元翎,10,0,10,康和-嘉義,2023-02-24,8459
5285,界霖,16,6,10,康和-嘉義,2023-02-24,8459
6127,九豪,10,0,10,康和-嘉義,2023-02-24,8459
6223,旺矽,12,2,10,康和-嘉義,2023-02-24,8459
6689,伊雲谷,10,1,9,康和-嘉義,2023-02-24,8459
6770,力積電,9,0,9,康和-嘉義,2023-02-24,8459
3037,欣興,22,14,8,康和-嘉義,2023-02-24,8459
6128,上福,8,0,8,康和-嘉義,2023-02-24,8459
1605,華新,202,36,166,康和-嘉義,2023-03-01,8459
8936,國統,122,8,114,康和-嘉義,2023-03-01,8459
3206,志豐,112,0,112,康和-嘉義,2023-03-01,8459
00632R,元大台灣50反1,200,93,107,康和-嘉義,2023-03-01,8459
1210,大成,72,0,72,康和-嘉義,2023-03-01,8459
2017,官田鋼,61,1,60,康和-嘉義,2023-03-01,8459
1314,中石化,55,2,53,康和-嘉義,2023-03-01,8459
6266,泰詠,51,0,51,康和-嘉義,2023-03-01,8459
5465,富驊,51,1,50,康和-嘉義,2023-03-01,8459
2022,聚亨,50,0,50,康和-嘉義,2023-03-01,8459
2606,裕民,70,24,46,康和-嘉義,2023-03-01,8459
2605,新興,68,22,46,康和-嘉義,2023-03-01,8459
8091,翔名,37,0,37,康和-嘉義,2023-03-01,8459
2634,漢翔,35,0,35,康和-嘉義,2023-03-01,8459
2332,友訊,35,4,31,康和-嘉義,2023-03-01,8459
1101,台泥,36,6,30,康和-嘉義,2023-03-01,8459
1612,宏泰,35,5,30,康和-嘉義,2023-03-01,8459
00676R,富邦臺灣加權反1,30,0,30,康和-嘉義,2023-03-01,8459
3005,神基,30,0,30,康和-嘉義,2023-03-01,8459
3564,其陽,23,0,23,康和-嘉義,2023-03-01,8459
2482,連宇,54,33,21,康和-嘉義,2023-03-01,8459
6271,同欣電,41,20,21,康和-嘉義,2023-03-01,8459
2881,富邦金,20,0,20,康和-嘉義,2023-03-01,8459
3056,富華新,20,0,20,康和-嘉義,2023-03-01,8459
9935,慶豐富,20,0,20,康和-嘉義,2023-03-01,8459
8033,雷虎,19,0,19,康和-嘉義,2023-03-01,8459
2002,中鋼,19,2,17,康和-嘉義,2023-03-01,8459
2023,燁輝,15,0,15,康和-嘉義,2023-03-01,8459
00712,復華富時不動產,14,0,14,康和-嘉義,2023-03-01,8459
2601,益航,36,22,14,康和-嘉義,2023-03-01,8459
8105,凌巨,15,1,14,康和-嘉義,2023-03-01,8459
3081,聯亞,12,0,12,康和-嘉義,2023-03-01,8459
6290,良維,12,0,12,康和-嘉義,2023-03-01,8459
5009,榮剛,18,7,11,康和-嘉義,2023-03-01,8459
00674R,期元大S＆P黃金反1,10,0,10,康和-嘉義,2023-03-01,8459
00680L,元大美債20正2,10,0,10,康和-嘉義,2023-03-01,8459
00679B,元大美債20年,10,0,10,康和-嘉義,2023-03-01,8459
5438,東友,10,0,10,康和-嘉義,2023-03-01,8459
2888,新光金,9,0,9,康和-嘉義,2023-03-01,8459
3092,鴻碩,9,0,9,康和-嘉義,2023-03-01,8459
2454,聯發科,19,10,9,康和-嘉義,2023-03-01,8459
2014,中鴻,10,2,8,康和-嘉義,2023-03-01,8459
2702,華園,9,1,8,康和-嘉義,2023-03-01,8459
3362,先進光,41,33,8,康和-嘉義,2023-03-01,8459
4763,材料-KY,10,2,8,康和-嘉義,2023-03-01,8459
8210,勤誠,14,6,8,康和-嘉義,2023-03-01,8459
8415,大國鋼,10,2,8,康和-嘉義,2023-03-01,8459
3027,盛達,15,7,8,康和-嘉義,2023-03-01,8459
2892,第一金,7,0,7,康和-嘉義,2023-03-01,8459
2497,怡利電,7,0,7,康和-嘉義,2023-03-01,8459
8936,國統,80,9,71,康和-嘉義,2023-03-02,8459
00712,復華富時不動產,60,0,60,康和-嘉義,2023-03-02,8459
00673R,期元大S＆P原油反1,50,0,50,康和-嘉義,2023-03-02,8459
00773B,中信優先金融債,33,0,33,康和-嘉義,2023-03-02,8459
00898,國泰基因免疫革命,32,0,32,康和-嘉義,2023-03-02,8459
5347,世界,32,0,32,康和-嘉義,2023-03-02,8459
2443,昶虹,30,0,30,康和-嘉義,2023-03-02,8459
4942,嘉彰,30,0,30,康和-嘉義,2023-03-02,8459
6223,旺矽,30,0,30,康和-嘉義,2023-03-02,8459
00878,國泰永續高股息,40,10,30,康和-嘉義,2023-03-02,8459
9958,世紀鋼,30,1,29,康和-嘉義,2023-03-02,8459
2605,新興,52,30,22,康和-嘉義,2023-03-02,8459
6266,泰詠,19,0,19,康和-嘉義,2023-03-02,8459
00772B,中信高評級公司債,16,0,16,康和-嘉義,2023-03-02,8459
2201,裕隆,62,46,16,康和-嘉義,2023-03-02,8459
2618,長榮航,20,4,16,康和-嘉義,2023-03-02,8459
6741,91APP*-KY,35,19,16,康和-嘉義,2023-03-02,8459
8091,翔名,16,0,16,康和-嘉義,2023-03-02,8459
3481,群創,18,2,16,康和-嘉義,2023-03-02,8459
1708,東鹼,21,6,15,康和-嘉義,2023-03-02,8459
6509,聚和,20,5,15,康和-嘉義,2023-03-02,8459
2834,臺企銀,22,7,15,康和-嘉義,2023-03-02,8459
00632R,元大台灣50反1,14,0,14,康和-嘉義,2023-03-02,8459
2634,漢翔,14,1,13,康和-嘉義,2023-03-02,8459
5464,霖宏,43,30,13,康和-嘉義,2023-03-02,8459
8033,雷虎,19,6,13,康和-嘉義,2023-03-02,8459
2337,旺宏,16,3,13,康和-嘉義,2023-03-02,8459
1101,台泥,13,0,13,康和-嘉義,2023-03-02,8459
2603,長榮,42,30,12,康和-嘉義,2023-03-02,8459
2615,萬海,18,6,12,康和-嘉義,2023-03-02,8459
5452,佶優,12,0,12,康和-嘉義,2023-03-02,8459
2498,宏達電,33,21,12,康和-嘉義,2023-03-02,8459
2890,永豐金,11,0,11,康和-嘉義,2023-03-02,8459
1451,年興,11,0,11,康和-嘉義,2023-03-02,8459
00680L,元大美債20正2,36,26,10,康和-嘉義,2023-03-02,8459
00905,FT臺灣Smart,10,0,10,康和-嘉義,2023-03-02,8459
1718,中纖,10,0,10,康和-嘉義,2023-03-02,8459
4739,康普,10,0,10,康和-嘉義,2023-03-02,8459
6173,信昌電,10,0,10,康和-嘉義,2023-03-02,8459
2883,凱基金,10,1,9,康和-嘉義,2023-03-02,8459
2897,王道銀行,9,0,9,康和-嘉義,2023-03-02,8459
00903,富邦元宇宙,9,0,9,康和-嘉義,2023-03-02,8459
2449,京元電子,10,1,9,康和-嘉義,2023-03-02,8459
00893,國泰智能電動車,8,0,8,康和-嘉義,2023-03-02,8459
2208,台船,8,0,8,康和-嘉義,2023-03-02,8459
2371,大同,12,4,8,康和-嘉義,2023-03-02,8459
2489,瑞軒,8,0,8,康和-嘉義,2023-03-02,8459
2402,毅嘉,7,0,7,康和-嘉義,2023-03-02,8459
2484,希華,7,0,7,康和-嘉義,2023-03-02,8459
2601,益航,33,26,7,康和-嘉義,2023-03-02,8459
1103,嘉泥,176,0,176,康和-嘉義,2023-03-03,8459
1605,華新,236,115,121,康和-嘉義,2023-03-03,8459
3481,群創,216,159,57,康和-嘉義,2023-03-03,8459
5425,台半,50,3,47,康和-嘉義,2023-03-03,8459
3037,欣興,65,22,43,康和-嘉義,2023-03-03,8459
6223,旺矽,40,1,39,康和-嘉義,2023-03-03,8459
2845,遠東銀,36,0,36,康和-嘉義,2023-03-03,8459
2897,王道銀行,31,0,31,康和-嘉義,2023-03-03,8459
3169,亞信,35,4,31,康和-嘉義,2023-03-03,8459
6239,力成,31,0,31,康和-嘉義,2023-03-03,8459
2498,宏達電,61,31,30,康和-嘉義,2023-03-03,8459
3051,力特,30,0,30,康和-嘉義,2023-03-03,8459
8936,國統,39,10,29,康和-嘉義,2023-03-03,8459
00632R,元大台灣50反1,23,0,23,康和-嘉義,2023-03-03,8459
1529,樂事綠能,23,0,23,康和-嘉義,2023-03-03,8459
2834,臺企銀,25,5,20,康和-嘉義,2023-03-03,8459
3594,磐儀,22,2,20,康和-嘉義,2023-03-03,8459
6190,萬泰科,20,0,20,康和-嘉義,2023-03-03,8459
4979,華星光,21,2,19,康和-嘉義,2023-03-03,8459
00712,復華富時不動產,18,1,17,康和-嘉義,2023-03-03,8459
4961,天鈺,24,7,17,康和-嘉義,2023-03-03,8459
00679B,元大美債20年,15,0,15,康和-嘉義,2023-03-03,8459
2369,菱生,20,5,15,康和-嘉義,2023-03-03,8459
2017,官田鋼,14,0,14,康和-嘉義,2023-03-03,8459
2337,旺宏,13,1,12,康和-嘉義,2023-03-03,8459
8091,翔名,12,0,12,康和-嘉義,2023-03-03,8459
8277,商丞,12,0,12,康和-嘉義,2023-03-03,8459
2301,光寶科,12,1,11,康和-嘉義,2023-03-03,8459
00702,國泰標普低波高息,10,0,10,康和-嘉義,2023-03-03,8459
00676R,富邦臺灣加權反1,10,0,10,康和-嘉義,2023-03-03,8459
2440,太空梭,10,0,10,康和-嘉義,2023-03-03,8459
4564,元翎,10,0,10,康和-嘉義,2023-03-03,8459
6174,安��,10,0,10,康和-嘉義,2023-03-03,8459
6477,安集,10,0,10,康和-嘉義,2023-03-03,8459
8927,北基,10,0,10,康和-嘉義,2023-03-03,8459
1907,永豐餘,10,0,10,康和-嘉義,2023-03-03,8459
1514,亞力,11,2,9,康和-嘉義,2023-03-03,8459
2371,大同,9,0,9,康和-嘉義,2023-03-03,8459
8215,明基材,16,7,9,康和-嘉義,2023-03-03,8459
1609,大亞,11,3,8,康和-嘉義,2023-03-03,8459
1539,巨庭,7,0,7,康和-嘉義,2023-03-03,8459
2201,裕隆,32,25,7,康和-嘉義,2023-03-03,8459
2368,金像電,8,1,7,康和-嘉義,2023-03-03,8459
3035,智原,9,2,7,康和-嘉義,2023-03-03,8459
3209,全科,8,1,7,康和-嘉義,2023-03-03,8459
6517,保勝光學,14,7,7,康和-嘉義,2023-03-03,8459
6576,逸達,8,1,7,康和-嘉義,2023-03-03,8459
2388,威盛,42,36,6,康和-嘉義,2023-03-03,8459
1526,日馳,6,0,6,康和-嘉義,2023-03-03,8459
1709,和益,6,0,6,康和-嘉義,2023-03-03,8459
00673R,期元大S＆P原油反1,750,0,750,康和-嘉義,2023-03-06,8459
2618,長榮航,107,5,102,康和-嘉義,2023-03-06,8459
3432,台端,115,16,99,康和-嘉義,2023-03-06,8459
2388,威盛,263,166,97,康和-嘉義,2023-03-06,8459
8936,國統,127,40,87,康和-嘉義,2023-03-06,8459
00900,富邦特選高股息30,70,0,70,康和-嘉義,2023-03-06,8459
2834,臺企銀,77,10,67,康和-嘉義,2023-03-06,8459
8033,雷虎,67,9,58,康和-嘉義,2023-03-06,8459
6239,力成,50,1,49,康和-嘉義,2023-03-06,8459
00637L,元大滬深300正2,45,0,45,康和-嘉義,2023-03-06,8459
2344,華邦電,47,7,40,康和-嘉義,2023-03-06,8459
6147,頎邦,40,2,38,康和-嘉義,2023-03-06,8459
1905,華紙,40,3,37,康和-嘉義,2023-03-06,8459
6443,元晶,38,1,37,康和-嘉義,2023-03-06,8459
6235,華孚,58,27,31,康和-嘉義,2023-03-06,8459
2637,慧洋-KY,38,16,22,康和-嘉義,2023-03-06,8459
1342,八貫,33,12,21,康和-嘉義,2023-03-06,8459
2536,宏普,21,0,21,康和-嘉義,2023-03-06,8459
00712,復華富時不動產,20,0,20,康和-嘉義,2023-03-06,8459
2484,希華,23,3,20,康和-嘉義,2023-03-06,8459
4167,松瑞藥,20,0,20,康和-嘉義,2023-03-06,8459
8403,盛弘,20,0,20,康和-嘉義,2023-03-06,8459
2359,所羅門,21,2,19,康和-嘉義,2023-03-06,8459
3047,訊舟,20,2,18,康和-嘉義,2023-03-06,8459
2486,一詮,35,18,17,康和-嘉義,2023-03-06,8459
3362,先進光,39,23,16,康和-嘉義,2023-03-06,8459
2603,長榮,23,7,16,康和-嘉義,2023-03-06,8459
2485,兆赫,15,0,15,康和-嘉義,2023-03-06,8459
2641,正德,20,5,15,康和-嘉義,2023-03-06,8459
6153,嘉聯益,15,1,14,康和-嘉義,2023-03-06,8459
1760,寶齡富錦,47,34,13,康和-嘉義,2023-03-06,8459
4977,眾達-KY,37,24,13,康和-嘉義,2023-03-06,8459
2374,佳能,34,21,13,康和-嘉義,2023-03-06,8459
3548,兆利,11,0,11,康和-嘉義,2023-03-06,8459
1101,台泥,15,4,11,康和-嘉義,2023-03-06,8459
6217,中探針,10,0,10,康和-嘉義,2023-03-06,8459
1909,榮成,10,0,10,康和-嘉義,2023-03-06,8459
2332,友訊,15,5,10,康和-嘉義,2023-03-06,8459
3265,台星科,10,0,10,康和-嘉義,2023-03-06,8459
3416,融程電,10,0,10,康和-嘉義,2023-03-06,8459
5469,瀚宇博,11,1,10,康和-嘉義,2023-03-06,8459
5498,凱崴,10,0,10,康和-嘉義,2023-03-06,8459
6174,安��,10,0,10,康和-嘉義,2023-03-06,8459
6804,明係,10,0,10,康和-嘉義,2023-03-06,8459
9907,統一實,10,0,10,康和-嘉義,2023-03-06,8459
6190,萬泰科,10,0,10,康和-嘉義,2023-03-06,8459
6576,逸達,9,0,9,康和-嘉義,2023-03-06,8459
3056,富華新,9,0,9,康和-嘉義,2023-03-06,8459
4564,元翎,9,0,9,康和-嘉義,2023-03-06,8459
8112,至上,9,0,9,康和-嘉義,2023-03-06,8459
2409,友達,367,123,244,康和-嘉義,2023-03-07,8459
5864,致和證,216,0,216,康和-嘉義,2023-03-07,8459
5512,力麒,108,14,94,康和-嘉義,2023-03-07,8459
1519,華城,106,24,82,康和-嘉義,2023-03-07,8459
00712,復華富時不動產,57,0,57,康和-嘉義,2023-03-07,8459
1513,中興電,88,31,57,康和-嘉義,2023-03-07,8459
00673R,期元大S＆P原油反1,103,50,53,康和-嘉義,2023-03-07,8459
00878,國泰永續高股息,47,5,42,康和-嘉義,2023-03-07,8459
2065,世豐,41,0,41,康和-嘉義,2023-03-07,8459
2609,陽明,86,47,39,康和-嘉義,2023-03-07,8459
6770,力積電,71,35,36,康和-嘉義,2023-03-07,8459
3479,安勤,95,59,36,康和-嘉義,2023-03-07,8459
2882,國泰金,35,0,35,康和-嘉義,2023-03-07,8459
00637L,元大滬深300正2,32,0,32,康和-嘉義,2023-03-07,8459
8091,翔名,30,0,30,康和-嘉義,2023-03-07,8459
3162,精確,35,6,29,康和-嘉義,2023-03-07,8459
3481,群創,39,13,26,康和-嘉義,2023-03-07,8459
00905,FT臺灣Smart,25,0,25,康和-嘉義,2023-03-07,8459
4126,太醫,25,0,25,康和-嘉義,2023-03-07,8459
2303,聯電,32,8,24,康和-嘉義,2023-03-07,8459
8028,昇陽半導體,34,11,23,康和-嘉義,2023-03-07,8459
00632R,元大台灣50反1,68,46,22,康和-嘉義,2023-03-07,8459
00882,中信中國高股息,20,0,20,康和-嘉義,2023-03-07,8459
2066,世德,20,0,20,康和-嘉義,2023-03-07,8459
2402,毅嘉,20,0,20,康和-嘉義,2023-03-07,8459
2618,長榮航,24,4,20,康和-嘉義,2023-03-07,8459
3708,上緯投控,19,0,19,康和-嘉義,2023-03-07,8459
2605,新興,17,0,17,康和-嘉義,2023-03-07,8459
4953,緯軟,22,6,16,康和-嘉義,2023-03-07,8459
1434,福懋,15,0,15,康和-嘉義,2023-03-07,8459
2399,映泰,14,0,14,康和-嘉義,2023-03-07,8459
3209,全科,19,5,14,康和-嘉義,2023-03-07,8459
2812,台中銀,13,0,13,康和-嘉義,2023-03-07,8459
6509,聚和,15,2,13,康和-嘉義,2023-03-07,8459
2482,連宇,25,13,12,康和-嘉義,2023-03-07,8459
6239,力成,15,3,12,康和-嘉義,2023-03-07,8459
00900,富邦特選高股息30,11,0,11,康和-嘉義,2023-03-07,8459
3037,欣興,23,12,11,康和-嘉義,2023-03-07,8459
6788,華景電,11,0,11,康和-嘉義,2023-03-07,8459
6457,紘康,10,0,10,康和-嘉義,2023-03-07,8459
3576,聯合再生,15,5,10,康和-嘉義,2023-03-07,8459
6015,宏遠證,10,0,10,康和-嘉義,2023-03-07,8459
6113,亞矽,10,0,10,康和-嘉義,2023-03-07,8459
2344,華邦電,13,4,9,康和-嘉義,2023-03-07,8459
2328,廣宇,10,1,9,康和-嘉義,2023-03-07,8459
2890,永豐金,9,0,9,康和-嘉義,2023-03-07,8459
4915,致伸,9,0,9,康和-嘉義,2023-03-07,8459
5905,南仁湖,10,1,9,康和-嘉義,2023-03-07,8459
1701,中化,8,0,8,康和-嘉義,2023-03-07,8459
2731,雄獅,14,6,8,康和-嘉義,2023-03-07,8459
00632R,元大台灣50反1,1055,20,1035,康和-嘉義,2023-03-08,8459
6016,康和證,737,9,728,康和-嘉義,2023-03-08,8459
5864,致和證,219,0,219,康和-嘉義,2023-03-08,8459
2065,世豐,163,0,163,康和-嘉義,2023-03-08,8459
2409,友達,189,66,123,康和-嘉義,2023-03-08,8459
1108,幸福,100,0,100,康和-嘉義,2023-03-08,8459
6770,力積電,99,13,86,康和-嘉義,2023-03-08,8459
6005,群益證,83,5,78,康和-嘉義,2023-03-08,8459
00900,富邦特選高股息30,65,0,65,康和-嘉義,2023-03-08,8459
2303,聯電,117,52,65,康和-嘉義,2023-03-08,8459
8936,國統,82,20,62,康和-嘉義,2023-03-08,8459
00637L,元大滬深300正2,52,0,52,康和-嘉義,2023-03-08,8459
2884,玉山金,51,3,48,康和-嘉義,2023-03-08,8459
1795,美時,79,34,45,康和-嘉義,2023-03-08,8459
00712,復華富時不動產,41,0,41,康和-嘉義,2023-03-08,8459
00878,國泰永續高股息,42,3,39,康和-嘉義,2023-03-08,8459
6167,久正,40,3,37,康和-嘉義,2023-03-08,8459
2344,華邦電,76,46,30,康和-嘉義,2023-03-08,8459
2388,威盛,75,45,30,康和-嘉義,2023-03-08,8459
6235,華孚,121,92,29,康和-嘉義,2023-03-08,8459
00753L,中信中國50正2,26,0,26,康和-嘉義,2023-03-08,8459
2498,宏達電,49,23,26,康和-嘉義,2023-03-08,8459
3013,晟銘電,33,7,26,康和-嘉義,2023-03-08,8459
6509,聚和,43,17,26,康和-嘉義,2023-03-08,8459
0056,元大高股息,26,2,24,康和-嘉義,2023-03-08,8459
2201,裕隆,40,16,24,康和-嘉義,2023-03-08,8459
8033,雷虎,32,10,22,康和-嘉義,2023-03-08,8459
3481,群創,36,15,21,康和-嘉義,2023-03-08,8459
5425,台半,57,37,20,康和-嘉義,2023-03-08,8459
1701,中化,23,4,19,康和-嘉義,2023-03-08,8459
2486,一詮,26,7,19,康和-嘉義,2023-03-08,8459
4977,眾達-KY,63,44,19,康和-嘉義,2023-03-08,8459
6589,台康生技,21,2,19,康和-嘉義,2023-03-08,8459
00882,中信中國高股息,17,0,17,康和-嘉義,2023-03-08,8459
5243,乙盛-KY,19,2,17,康和-嘉義,2023-03-08,8459
6104,創惟,24,7,17,康和-嘉義,2023-03-08,8459
00683L,期元大美元指正2,15,0,15,康和-嘉義,2023-03-08,8459
5321,美而快,15,0,15,康和-嘉義,2023-03-08,8459
8105,凌巨,17,2,15,康和-嘉義,2023-03-08,8459
1103,嘉泥,13,0,13,康和-嘉義,2023-03-08,8459
1102,亞泥,13,0,13,康和-嘉義,2023-03-08,8459
1514,亞力,15,2,13,康和-嘉義,2023-03-08,8459
1536,和大,15,2,13,康和-嘉義,2023-03-08,8459
2834,臺企銀,38,25,13,康和-嘉義,2023-03-08,8459
5521,工信,15,2,13,康和-嘉義,2023-03-08,8459
3062,建漢,12,0,12,康和-嘉義,2023-03-08,8459
8111,立��,13,1,12,康和-嘉義,2023-03-08,8459
6282,康舒,68,57,11,康和-嘉義,2023-03-08,8459
2609,陽明,52,41,11,康和-嘉義,2023-03-08,8459
1718,中纖,10,0,10,康和-嘉義,2023-03-08,8459
00665L,富邦�琤肭磪囓�2,206,0,206,康和-嘉義,2023-03-09,8459
2409,友達,130,15,115,康和-嘉義,2023-03-09,8459
6282,康舒,158,62,96,康和-嘉義,2023-03-09,8459
8938,明安,87,0,87,康和-嘉義,2023-03-09,8459
2605,新興,135,61,74,康和-嘉義,2023-03-09,8459
00655L,國泰中國A50正2,68,0,68,康和-嘉義,2023-03-09,8459
5864,致和證,64,0,64,康和-嘉義,2023-03-09,8459
3481,群創,90,33,57,康和-嘉義,2023-03-09,8459
3624,光頡,118,61,57,康和-嘉義,2023-03-09,8459
8222,寶一,86,45,41,康和-嘉義,2023-03-09,8459
00633L,富邦上証正2,39,0,39,康和-嘉義,2023-03-09,8459
6550,北極星藥業-KY,40,2,38,康和-嘉義,2023-03-09,8459
3005,神基,38,1,37,康和-嘉義,2023-03-09,8459
2498,宏達電,63,26,37,康和-嘉義,2023-03-09,8459
1529,樂事綠能,37,1,36,康和-嘉義,2023-03-09,8459
1605,華新,71,35,36,康和-嘉義,2023-03-09,8459
2457,飛宏,134,98,36,康和-嘉義,2023-03-09,8459
3035,智原,63,29,34,康和-嘉義,2023-03-09,8459
4128,中天,35,2,33,康和-嘉義,2023-03-09,8459
2344,華邦電,39,7,32,康和-嘉義,2023-03-09,8459
2329,華泰,30,1,29,康和-嘉義,2023-03-09,8459
2610,華航,60,31,29,康和-嘉義,2023-03-09,8459
2489,瑞軒,29,0,29,康和-嘉義,2023-03-09,8459
00878,國泰永續高股息,29,0,29,康和-嘉義,2023-03-09,8459
3362,先進光,44,17,27,康和-嘉義,2023-03-09,8459
8091,翔名,25,0,25,康和-嘉義,2023-03-09,8459
1536,和大,24,0,24,康和-嘉義,2023-03-09,8459
3011,今皓,24,0,24,康和-嘉義,2023-03-09,8459
00637L,元大滬深300正2,23,0,23,康和-嘉義,2023-03-09,8459
5243,乙盛-KY,24,1,23,康和-嘉義,2023-03-09,8459
2332,友訊,25,3,22,康和-嘉義,2023-03-09,8459
6244,茂迪,22,0,22,康和-嘉義,2023-03-09,8459
6799,來頡,40,18,22,康和-嘉義,2023-03-09,8459
2891,中信金,21,0,21,康和-嘉義,2023-03-09,8459
2887,台新金,22,1,21,康和-嘉義,2023-03-09,8459
5309,系統電,21,0,21,康和-嘉義,2023-03-09,8459
1101,台泥,20,0,20,康和-嘉義,2023-03-09,8459
2801,彰銀,20,0,20,康和-嘉義,2023-03-09,8459
00921,兆豐龍頭等權重,20,0,20,康和-嘉義,2023-03-09,8459
9907,統一實,30,10,20,康和-嘉義,2023-03-09,8459
6426,統新,19,0,19,康和-嘉義,2023-03-09,8459
6672,騰輝電子-KY,21,2,19,康和-嘉義,2023-03-09,8459
1789,神隆,17,0,17,康和-嘉義,2023-03-09,8459
2732,六角,18,1,17,康和-嘉義,2023-03-09,8459
2009,第一銅,16,0,16,康和-嘉義,2023-03-09,8459
3013,晟銘電,17,1,16,康和-嘉義,2023-03-09,8459
4743,合一,17,1,16,康和-嘉義,2023-03-09,8459
8069,元太,20,4,16,康和-嘉義,2023-03-09,8459
8936,國統,53,37,16,康和-嘉義,2023-03-09,8459
2317,鴻海,16,1,15,康和-嘉義,2023-03-09,8459
6122,擎邦,400,0,400,康和-嘉義,2023-03-10,8459
2618,長榮航,274,2,272,康和-嘉義,2023-03-10,8459
2485,兆赫,131,0,131,康和-嘉義,2023-03-10,8459
2609,陽明,406,279,127,康和-嘉義,2023-03-10,8459
6248,沛波,133,13,120,康和-嘉義,2023-03-10,8459
00878,國泰永續高股息,111,8,103,康和-嘉義,2023-03-10,8459
1612,宏泰,100,0,100,康和-嘉義,2023-03-10,8459
2486,一詮,93,0,93,康和-嘉義,2023-03-10,8459
2897,王道銀行,90,5,85,康和-嘉義,2023-03-10,8459
00715L,期街口布蘭特正2,85,0,85,康和-嘉義,2023-03-10,8459
6770,力積電,85,4,81,康和-嘉義,2023-03-10,8459
3011,今皓,97,24,73,康和-嘉義,2023-03-10,8459
2610,華航,86,25,61,康和-嘉義,2023-03-10,8459
2884,玉山金,65,10,55,康和-嘉義,2023-03-10,8459
2534,宏盛,51,0,51,康和-嘉義,2023-03-10,8459
00673R,期元大S＆P原油反1,50,2,48,康和-嘉義,2023-03-10,8459
2413,環科,106,58,48,康和-嘉義,2023-03-10,8459
2208,台船,43,0,43,康和-嘉義,2023-03-10,8459
9907,統一實,38,0,38,康和-嘉義,2023-03-10,8459
2371,大同,40,3,37,康和-嘉義,2023-03-10,8459
5425,台半,51,16,35,康和-嘉義,2023-03-10,8459
1447,力鵬,35,2,33,康和-嘉義,2023-03-10,8459
2344,華邦電,67,35,32,康和-嘉義,2023-03-10,8459
1313,聯成,30,0,30,康和-嘉義,2023-03-10,8459
3570,大塚,30,0,30,康和-嘉義,2023-03-10,8459
3162,精確,50,22,28,康和-嘉義,2023-03-10,8459
8069,元太,58,31,27,康和-嘉義,2023-03-10,8459
00665L,富邦�琤肭磪囓�2,26,0,26,康和-嘉義,2023-03-10,8459
3029,零壹,24,0,24,康和-嘉義,2023-03-10,8459
2330,台積電,24,1,23,康和-嘉義,2023-03-10,8459
1101,台泥,40,17,23,康和-嘉義,2023-03-10,8459
2882,國泰金,23,0,23,康和-嘉義,2023-03-10,8459
2367,燿華,25,2,23,康和-嘉義,2023-03-10,8459
00713,元大台灣高息低波,22,0,22,康和-嘉義,2023-03-10,8459
3038,全台,20,0,20,康和-嘉義,2023-03-10,8459
00641R,富邦日本反1,20,0,20,康和-嘉義,2023-03-10,8459
1434,福懋,20,0,20,康和-嘉義,2023-03-10,8459
2845,遠東銀,20,1,19,康和-嘉義,2023-03-10,8459
2887,台新金,21,2,19,康和-嘉義,2023-03-10,8459
3022,威強電,18,0,18,康和-嘉義,2023-03-10,8459
6274,台燿,52,34,18,康和-嘉義,2023-03-10,8459
1519,華城,22,4,18,康和-嘉義,2023-03-10,8459
5706,鳳凰,20,3,17,康和-嘉義,2023-03-10,8459
2303,聯電,17,1,16,康和-嘉義,2023-03-10,8459
3231,緯創,16,0,16,康和-嘉義,2023-03-10,8459
5315,光聯,16,0,16,康和-嘉義,2023-03-10,8459
0056,元大高股息,15,0,15,康和-嘉義,2023-03-10,8459
1802,台玻,15,0,15,康和-嘉義,2023-03-10,8459
00921,兆豐龍頭等權重,15,0,15,康和-嘉義,2023-03-10,8459
00882,中信中國高股息,15,0,15,康和-嘉義,2023-03-10,8459
6248,沛波,204,0,204,康和-嘉義,2023-03-13,8459
6163,華電網,141,0,141,康和-嘉義,2023-03-13,8459
3038,全台,102,2,100,康和-嘉義,2023-03-13,8459
4550,長佳,100,9,91,康和-嘉義,2023-03-13,8459
00878,國泰永續高股息,84,2,82,康和-嘉義,2023-03-13,8459
6274,台燿,92,23,69,康和-嘉義,2023-03-13,8459
2427,三商電,52,0,52,康和-嘉義,2023-03-13,8459
2634,漢翔,54,6,48,康和-嘉義,2023-03-13,8459
2606,裕民,128,83,45,康和-嘉義,2023-03-13,8459
00712,復華富時不動產,42,0,42,康和-嘉義,2023-03-13,8459
8091,翔名,49,8,41,康和-嘉義,2023-03-13,8459
6227,茂綸,39,0,39,康和-嘉義,2023-03-13,8459
2303,聯電,43,5,38,康和-嘉義,2023-03-13,8459
6770,力積電,35,0,35,康和-嘉義,2023-03-13,8459
3236,千如,43,11,32,康和-嘉義,2023-03-13,8459
6235,華孚,71,44,27,康和-嘉義,2023-03-13,8459
2211,長榮鋼,23,0,23,康和-嘉義,2023-03-13,8459
3481,群創,276,253,23,康和-嘉義,2023-03-13,8459
4157,太景*-KY,22,0,22,康和-嘉義,2023-03-13,8459
2929,淘帝-KY,21,0,21,康和-嘉義,2023-03-13,8459
3046,建��,53,32,21,康和-嘉義,2023-03-13,8459
1513,中興電,42,22,20,康和-嘉義,2023-03-13,8459
1569,濱川,21,1,20,康和-嘉義,2023-03-13,8459
2404,漢唐,20,0,20,康和-嘉義,2023-03-13,8459
2601,益航,20,0,20,康和-嘉義,2023-03-13,8459
5439,高技,20,0,20,康和-嘉義,2023-03-13,8459
00751B,元大AAA至A公司債,20,1,19,康和-嘉義,2023-03-13,8459
2884,玉山金,19,2,17,康和-嘉義,2023-03-13,8459
2034,允強,17,0,17,康和-嘉義,2023-03-13,8459
2017,官田鋼,20,4,16,康和-嘉義,2023-03-13,8459
2482,連宇,18,2,16,康和-嘉義,2023-03-13,8459
6278,台表科,24,8,16,康和-嘉義,2023-03-13,8459
8033,雷虎,17,1,16,康和-嘉義,2023-03-13,8459
2340,台亞,15,0,15,康和-嘉義,2023-03-13,8459
3209,全科,35,20,15,康和-嘉義,2023-03-13,8459
6127,九豪,15,0,15,康和-嘉義,2023-03-13,8459
2615,萬海,39,25,14,康和-嘉義,2023-03-13,8459
6182,合晶,23,11,12,康和-嘉義,2023-03-13,8459
00679B,元大美債20年,16,5,11,康和-嘉義,2023-03-13,8459
00713,元大台灣高息低波,12,2,10,康和-嘉義,2023-03-13,8459
2637,慧洋-KY,11,1,10,康和-嘉義,2023-03-13,8459
4147,中裕,10,0,10,康和-嘉義,2023-03-13,8459
8420,明揚,10,0,10,康和-嘉義,2023-03-13,8459
8938,明安,10,0,10,康和-嘉義,2023-03-13,8459
2809,京城銀,10,0,10,康和-嘉義,2023-03-13,8459
2520,冠德,10,0,10,康和-嘉義,2023-03-13,8459
3570,大塚,10,1,9,康和-嘉義,2023-03-13,8459
2498,宏達電,38,30,8,康和-嘉義,2023-03-13,8459
6576,逸達,8,0,8,康和-嘉義,2023-03-13,8459
0050,元大台灣50,7,0,7,康和-嘉義,2023-03-13,8459
00715L,期街口布蘭特正2,195,10,185,康和-嘉義,2023-03-14,8459
4550,長佳,157,2,155,康和-嘉義,2023-03-14,8459
2883,凱基金,92,10,82,康和-嘉義,2023-03-14,8459
6248,沛波,71,0,71,康和-嘉義,2023-03-14,8459
2618,長榮航,76,10,66,康和-嘉義,2023-03-14,8459
00878,國泰永續高股息,65,0,65,康和-嘉義,2023-03-14,8459
6122,擎邦,58,2,56,康和-嘉義,2023-03-14,8459
2897,王道銀行,55,0,55,康和-嘉義,2023-03-14,8459
3576,聯合再生,52,2,50,康和-嘉義,2023-03-14,8459
2610,華航,44,5,39,康和-嘉義,2023-03-14,8459
00665L,富邦�琤肭磪囓�2,35,0,35,康和-嘉義,2023-03-14,8459
2027,大成鋼,134,105,29,康和-嘉義,2023-03-14,8459
2845,遠東銀,27,0,27,康和-嘉義,2023-03-14,8459
3481,群創,48,21,27,康和-嘉義,2023-03-14,8459
2359,所羅門,38,12,26,康和-嘉義,2023-03-14,8459
2881,富邦金,25,0,25,康和-嘉義,2023-03-14,8459
2399,映泰,26,1,25,康和-嘉義,2023-03-14,8459
2891,中信金,24,0,24,康和-嘉義,2023-03-14,8459
2801,彰銀,24,0,24,康和-嘉義,2023-03-14,8459
8390,金益鼎,31,8,23,康和-嘉義,2023-03-14,8459
2344,華邦電,24,3,21,康和-嘉義,2023-03-14,8459
8936,國統,27,6,21,康和-嘉義,2023-03-14,8459
4119,旭富,22,1,21,康和-嘉義,2023-03-14,8459
2023,燁輝,20,0,20,康和-嘉義,2023-03-14,8459
00882,中信中國高股息,20,0,20,康和-嘉義,2023-03-14,8459
00687B,國泰20年美債,20,0,20,康和-嘉義,2023-03-14,8459
1815,富喬,20,0,20,康和-嘉義,2023-03-14,8459
2601,益航,20,0,20,康和-嘉義,2023-03-14,8459
2889,國票金,20,0,20,康和-嘉義,2023-03-14,8459
2482,連宇,60,41,19,康和-嘉義,2023-03-14,8459
3058,立德,18,0,18,康和-嘉義,2023-03-14,8459
2884,玉山金,17,0,17,康和-嘉義,2023-03-14,8459
6274,台燿,22,5,17,康和-嘉義,2023-03-14,8459
1762,中化生,75,59,16,康和-嘉義,2023-03-14,8459
00632R,元大台灣50反1,31,16,15,康和-嘉義,2023-03-14,8459
1339,昭輝,15,0,15,康和-嘉義,2023-03-14,8459
1701,中化,16,1,15,康和-嘉義,2023-03-14,8459
3264,欣銓,17,2,15,康和-嘉義,2023-03-14,8459
4934,太極,41,26,15,康和-嘉義,2023-03-14,8459
1101,台泥,14,0,14,康和-嘉義,2023-03-14,8459
2880,華南金,14,0,14,康和-嘉義,2023-03-14,8459
5425,台半,23,9,14,康和-嘉義,2023-03-14,8459
00713,元大台灣高息低波,13,0,13,康和-嘉義,2023-03-14,8459
2882,國泰金,13,0,13,康和-嘉義,2023-03-14,8459
5483,中美晶,13,0,13,康和-嘉義,2023-03-14,8459
2317,鴻海,13,1,12,康和-嘉義,2023-03-14,8459
6509,聚和,12,0,12,康和-嘉義,2023-03-14,8459
1326,台化,11,0,11,康和-嘉義,2023-03-14,8459
6548,長科*,21,10,11,康和-嘉義,2023-03-14,8459
00712,復華富時不動產,10,0,10,康和-嘉義,2023-03-14,8459
00715L,期街口布蘭特正2,906,10,896,康和-嘉義,2023-03-15,8459
9907,統一實,213,0,213,康和-嘉義,2023-03-15,8459
1301,台塑,117,1,116,康和-嘉義,2023-03-15,8459
3209,全科,79,4,75,康和-嘉義,2023-03-15,8459
6163,華電網,86,14,72,康和-嘉義,2023-03-15,8459
2603,長榮,118,47,71,康和-嘉義,2023-03-15,8459
00878,國泰永續高股息,70,0,70,康和-嘉義,2023-03-15,8459
1314,中石化,61,2,59,康和-嘉義,2023-03-15,8459
6248,沛波,57,0,57,康和-嘉義,2023-03-15,8459
2606,裕民,164,118,46,康和-嘉義,2023-03-15,8459
00713,元大台灣高息低波,43,2,41,康和-嘉義,2023-03-15,8459
2607,榮運,46,13,33,康和-嘉義,2023-03-15,8459
6153,嘉聯益,31,0,31,康和-嘉義,2023-03-15,8459
2891,中信金,31,0,31,康和-嘉義,2023-03-15,8459
3624,光頡,70,42,28,康和-嘉義,2023-03-15,8459
00712,復華富時不動產,27,0,27,康和-嘉義,2023-03-15,8459
6770,力積電,26,0,26,康和-嘉義,2023-03-15,8459
1605,華新,42,18,24,康和-嘉義,2023-03-15,8459
2010,春源,23,0,23,康和-嘉義,2023-03-15,8459
3029,零壹,23,0,23,康和-嘉義,2023-03-15,8459
3005,神基,24,2,22,康和-嘉義,2023-03-15,8459
1219,福壽,21,0,21,康和-嘉義,2023-03-15,8459
1454,台富,20,0,20,康和-嘉義,2023-03-15,8459
1513,中興電,29,11,18,康和-嘉義,2023-03-15,8459
2546,根基,18,0,18,康和-嘉義,2023-03-15,8459
6243,迅杰,21,3,18,康和-嘉義,2023-03-15,8459
2028,威致,14,0,14,康和-嘉義,2023-03-15,8459
3491,昇達科,27,13,14,康和-嘉義,2023-03-15,8459
8222,寶一,18,4,14,康和-嘉義,2023-03-15,8459
00772B,中信高評級公司債,12,0,12,康和-嘉義,2023-03-15,8459
00679B,元大美債20年,12,0,12,康和-嘉義,2023-03-15,8459
2615,萬海,44,32,12,康和-嘉義,2023-03-15,8459
3481,群創,11,0,11,康和-嘉義,2023-03-15,8459
4564,元翎,11,0,11,康和-嘉義,2023-03-15,8459
2344,華邦電,14,3,11,康和-嘉義,2023-03-15,8459
2601,益航,11,0,11,康和-嘉義,2023-03-15,8459
2645,長榮航太,11,1,10,康和-嘉義,2023-03-15,8459
1309,台達化,10,0,10,康和-嘉義,2023-03-15,8459
2208,台船,10,0,10,康和-嘉義,2023-03-15,8459
2371,大同,15,5,10,康和-嘉義,2023-03-15,8459
2641,正德,12,2,10,康和-嘉義,2023-03-15,8459
2867,三商壽,10,0,10,康和-嘉義,2023-03-15,8459
3703,欣陸,10,0,10,康和-嘉義,2023-03-15,8459
3162,精確,78,69,9,康和-嘉義,2023-03-15,8459
3455,由田,10,1,9,康和-嘉義,2023-03-15,8459
4126,太醫,11,2,9,康和-嘉義,2023-03-15,8459
2801,彰銀,8,0,8,康和-嘉義,2023-03-15,8459
8436,大江,8,0,8,康和-嘉義,2023-03-15,8459
2314,台揚,11,3,8,康和-嘉義,2023-03-15,8459
4989,榮科,8,0,8,康和-嘉義,2023-03-15,8459
00715L,期街口布蘭特正2,1390,6,1384,康和-嘉義,2023-03-16,8459
3481,群創,143,26,117,康和-嘉義,2023-03-16,8459
2486,一詮,91,6,85,康和-嘉義,2023-03-16,8459
2883,凱基金,109,25,84,康和-嘉義,2023-03-16,8459
2834,臺企銀,197,122,75,康和-嘉義,2023-03-16,8459
6116,彩晶,67,3,64,康和-嘉義,2023-03-16,8459
4128,中天,98,45,53,康和-嘉義,2023-03-16,8459
2603,長榮,85,35,50,康和-嘉義,2023-03-16,8459
1301,台塑,49,1,48,康和-嘉義,2023-03-16,8459
3162,精確,64,21,43,康和-嘉義,2023-03-16,8459
2546,根基,41,0,41,康和-嘉義,2023-03-16,8459
2023,燁輝,40,0,40,康和-嘉義,2023-03-16,8459
2891,中信金,40,1,39,康和-嘉義,2023-03-16,8459
4306,炎洲,39,1,38,康和-嘉義,2023-03-16,8459
1339,昭輝,35,1,34,康和-嘉義,2023-03-16,8459
9945,潤泰新,46,13,33,康和-嘉義,2023-03-16,8459
1905,華紙,33,0,33,康和-嘉義,2023-03-16,8459
5011,久陽,30,0,30,康和-嘉義,2023-03-16,8459
2610,華航,29,0,29,康和-嘉義,2023-03-16,8459
00679B,元大美債20年,28,0,28,康和-嘉義,2023-03-16,8459
2371,大同,31,3,28,康和-嘉義,2023-03-16,8459
1314,中石化,27,0,27,康和-嘉義,2023-03-16,8459
4743,合一,32,5,27,康和-嘉義,2023-03-16,8459
2890,永豐金,25,0,25,康和-嘉義,2023-03-16,8459
4974,亞泰,24,0,24,康和-嘉義,2023-03-16,8459
2882,國泰金,23,1,22,康和-嘉義,2023-03-16,8459
1714,和桐,23,1,22,康和-嘉義,2023-03-16,8459
5227,立凱-KY,22,0,22,康和-嘉義,2023-03-16,8459
2482,連宇,44,24,20,康和-嘉義,2023-03-16,8459
2358,廷鑫,20,0,20,康和-嘉義,2023-03-16,8459
1503,士電,20,0,20,康和-嘉義,2023-03-16,8459
6223,旺矽,20,0,20,康和-嘉義,2023-03-16,8459
2609,陽明,84,66,18,康和-嘉義,2023-03-16,8459
1612,宏泰,50,32,18,康和-嘉義,2023-03-16,8459
2409,友達,295,277,18,康和-嘉義,2023-03-16,8459
1101,台泥,20,4,16,康和-嘉義,2023-03-16,8459
2618,長榮航,19,3,16,康和-嘉義,2023-03-16,8459
2888,新光金,14,0,14,康和-嘉義,2023-03-16,8459
4126,太醫,14,0,14,康和-嘉義,2023-03-16,8459
5706,鳳凰,14,0,14,康和-嘉義,2023-03-16,8459
6235,華孚,30,16,14,康和-嘉義,2023-03-16,8459
1533,車王電,15,3,12,康和-嘉義,2023-03-16,8459
2354,鴻準,12,0,12,康和-嘉義,2023-03-16,8459
6244,茂迪,135,123,12,康和-嘉義,2023-03-16,8459
9962,有益,14,2,12,康和-嘉義,2023-03-16,8459
2884,玉山金,12,1,11,康和-嘉義,2023-03-16,8459
2852,第一保,15,4,11,康和-嘉義,2023-03-16,8459
2017,官田鋼,11,0,11,康和-嘉義,2023-03-16,8459
3062,建漢,12,1,11,康和-嘉義,2023-03-16,8459
6550,北極星藥業-KY,12,1,11,康和-嘉義,2023-03-16,8459
2303,聯電,142,17,125,康和-嘉義,2023-03-17,8459
2892,第一金,112,0,112,康和-嘉義,2023-03-17,8459
4111,濟生,84,2,82,康和-嘉義,2023-03-17,8459
2880,華南金,60,2,58,康和-嘉義,2023-03-17,8459
3264,欣銓,67,10,57,康和-嘉義,2023-03-17,8459
2897,王道銀行,51,0,51,康和-嘉義,2023-03-17,8459
8105,凌巨,50,0,50,康和-嘉義,2023-03-17,8459
5388,中磊,48,0,48,康和-嘉義,2023-03-17,8459
00878,國泰永續高股息,53,10,43,康和-嘉義,2023-03-17,8459
3236,千如,40,0,40,康和-嘉義,2023-03-17,8459
1709,和益,50,11,39,康和-嘉義,2023-03-17,8459
2891,中信金,36,0,36,康和-嘉義,2023-03-17,8459
2634,漢翔,28,2,26,康和-嘉義,2023-03-17,8459
3046,建��,32,7,25,康和-嘉義,2023-03-17,8459
3062,建漢,26,3,23,康和-嘉義,2023-03-17,8459
5483,中美晶,26,3,23,康和-嘉義,2023-03-17,8459
6799,來頡,24,2,22,康和-嘉義,2023-03-17,8459
1467,南緯,22,0,22,康和-嘉義,2023-03-17,8459
00715L,期街口布蘭特正2,104,82,22,康和-嘉義,2023-03-17,8459
3033,威健,25,4,21,康和-嘉義,2023-03-17,8459
1268,漢來美食,20,0,20,康和-嘉義,2023-03-17,8459
2748,雲品,20,0,20,康和-嘉義,2023-03-17,8459
6266,泰詠,20,0,20,康和-嘉義,2023-03-17,8459
6239,力成,20,1,19,康和-嘉義,2023-03-17,8459
2498,宏達電,31,13,18,康和-嘉義,2023-03-17,8459
3005,神基,18,0,18,康和-嘉義,2023-03-17,8459
2882,國泰金,16,0,16,康和-嘉義,2023-03-17,8459
1434,福懋,15,0,15,康和-嘉義,2023-03-17,8459
2606,裕民,34,19,15,康和-嘉義,2023-03-17,8459
5452,佶優,20,5,15,康和-嘉義,2023-03-17,8459
2884,玉山金,22,8,14,康和-嘉義,2023-03-17,8459
2605,新興,19,6,13,康和-嘉義,2023-03-17,8459
9904,寶成,13,0,13,康和-嘉義,2023-03-17,8459
1609,大亞,15,2,13,康和-嘉義,2023-03-17,8459
00712,復華富時不動產,13,0,13,康和-嘉義,2023-03-17,8459
3217,優群,52,40,12,康和-嘉義,2023-03-17,8459
3570,大塚,13,1,12,康和-嘉義,2023-03-17,8459
1503,士電,11,0,11,康和-嘉義,2023-03-17,8459
00671R,富邦NASDAQ反1,10,0,10,康和-嘉義,2023-03-17,8459
1711,永光,10,0,10,康和-嘉義,2023-03-17,8459
2486,一詮,10,0,10,康和-嘉義,2023-03-17,8459
3479,安勤,23,13,10,康和-嘉義,2023-03-17,8459
4961,天鈺,14,4,10,康和-嘉義,2023-03-17,8459
8086,宏捷科,10,0,10,康和-嘉義,2023-03-17,8459
00713,元大台灣高息低波,9,0,9,康和-嘉義,2023-03-17,8459
1218,泰山,10,1,9,康和-嘉義,2023-03-17,8459
1720,生達,9,0,9,康和-嘉義,2023-03-17,8459
2889,國票金,18,10,8,康和-嘉義,2023-03-17,8459
2337,旺宏,11,3,8,康和-嘉義,2023-03-17,8459
2495,普安,8,0,8,康和-嘉義,2023-03-17,8459
00715L,期街口布蘭特正2,242,45,197,康和-嘉義,2023-03-20,8459
1709,和益,81,0,81,康和-嘉義,2023-03-20,8459
3624,光頡,103,31,72,康和-嘉義,2023-03-20,8459
2834,臺企銀,78,13,65,康和-嘉義,2023-03-20,8459
3005,神基,63,0,63,康和-嘉義,2023-03-20,8459
1605,華新,78,38,40,康和-嘉義,2023-03-20,8459
00878,國泰永續高股息,33,1,32,康和-嘉義,2023-03-20,8459
2547,日勝生,30,0,30,康和-嘉義,2023-03-20,8459
6185,幃翔,30,1,29,康和-嘉義,2023-03-20,8459
2546,根基,27,0,27,康和-嘉義,2023-03-20,8459
2888,新光金,22,0,22,康和-嘉義,2023-03-20,8459
2103,台橡,22,0,22,康和-嘉義,2023-03-20,8459
3217,優群,25,3,22,康和-嘉義,2023-03-20,8459
5880,合庫金,20,0,20,康和-嘉義,2023-03-20,8459
2610,華航,24,4,20,康和-嘉義,2023-03-20,8459
2603,長榮,29,11,18,康和-嘉義,2023-03-20,8459
4979,華星光,70,52,18,康和-嘉義,2023-03-20,8459
1304,台聚,17,0,17,康和-嘉義,2023-03-20,8459
2404,漢唐,17,0,17,康和-嘉義,2023-03-20,8459
5425,台半,24,7,17,康和-嘉義,2023-03-20,8459
00637L,元大滬深300正2,16,0,16,康和-嘉義,2023-03-20,8459
00753L,中信中國50正2,15,0,15,康和-嘉義,2023-03-20,8459
2605,新興,25,10,15,康和-嘉義,2023-03-20,8459
2312,金寶,14,0,14,康和-嘉義,2023-03-20,8459
2344,華邦電,14,0,14,康和-嘉義,2023-03-20,8459
2486,一詮,14,0,14,康和-嘉義,2023-03-20,8459
4977,眾達-KY,15,1,14,康和-嘉義,2023-03-20,8459
6531,愛普*,33,19,14,康和-嘉義,2023-03-20,8459
2890,永豐金,18,5,13,康和-嘉義,2023-03-20,8459
00882,中信中國高股息,13,0,13,康和-嘉義,2023-03-20,8459
00712,復華富時不動產,13,0,13,康和-嘉義,2023-03-20,8459
3038,全台,12,0,12,康和-嘉義,2023-03-20,8459
4919,新唐,13,1,12,康和-嘉義,2023-03-20,8459
2338,光罩,50,38,12,康和-嘉義,2023-03-20,8459
00650L,復華香港正2,11,0,11,康和-嘉義,2023-03-20,8459
2618,長榮航,17,6,11,康和-嘉義,2023-03-20,8459
3576,聯合再生,28,17,11,康和-嘉義,2023-03-20,8459
3481,群創,13,2,11,康和-嘉義,2023-03-20,8459
1314,中石化,10,0,10,康和-嘉義,2023-03-20,8459
1701,中化,10,0,10,康和-嘉義,2023-03-20,8459
2515,中工,10,0,10,康和-嘉義,2023-03-20,8459
3702,大聯大,10,0,10,康和-嘉義,2023-03-20,8459
8105,凌巨,9,0,9,康和-嘉義,2023-03-20,8459
1589,永冠-KY,12,3,9,康和-嘉義,2023-03-20,8459
2033,佳大,9,0,9,康和-嘉義,2023-03-20,8459
3027,盛達,34,25,9,康和-嘉義,2023-03-20,8459
6477,安集,19,10,9,康和-嘉義,2023-03-20,8459
2891,中信金,8,0,8,康和-嘉義,2023-03-20,8459
2374,佳能,8,0,8,康和-嘉義,2023-03-20,8459
4916,事欣科,9,1,8,康和-嘉義,2023-03-20,8459
1709,和益,263,3,260,康和-嘉義,2023-03-21,8459
1584,精剛,130,1,129,康和-嘉義,2023-03-21,8459
1718,中纖,101,0,101,康和-嘉義,2023-03-21,8459
2884,玉山金,84,0,84,康和-嘉義,2023-03-21,8459
5880,合庫金,70,5,65,康和-嘉義,2023-03-21,8459
5465,富驊,60,0,60,康和-嘉義,2023-03-21,8459
2495,普安,67,8,59,康和-嘉義,2023-03-21,8459
2201,裕隆,64,10,54,康和-嘉義,2023-03-21,8459
1519,華城,57,13,44,康和-嘉義,2023-03-21,8459
2457,飛宏,202,159,43,康和-嘉義,2023-03-21,8459
3094,聯傑,48,7,41,康和-嘉義,2023-03-21,8459
3515,華擎,40,0,40,康和-嘉義,2023-03-21,8459
2515,中工,50,14,36,康和-嘉義,2023-03-21,8459
8121,越峰,34,1,33,康和-嘉義,2023-03-21,8459
00715L,期街口布蘭特正2,60,30,30,康和-嘉義,2023-03-21,8459
1905,華紙,30,0,30,康和-嘉義,2023-03-21,8459
5353,台林,50,20,30,康和-嘉義,2023-03-21,8459
6140,訊達,30,0,30,康和-嘉義,2023-03-21,8459
8210,勤誠,26,0,26,康和-嘉義,2023-03-21,8459
1504,東元,32,8,24,康和-嘉義,2023-03-21,8459
2892,第一金,25,3,22,康和-嘉義,2023-03-21,8459
2303,聯電,24,2,22,康和-嘉義,2023-03-21,8459
2605,新興,32,12,20,康和-嘉義,2023-03-21,8459
9935,慶豐富,20,0,20,康和-嘉義,2023-03-21,8459
00878,國泰永續高股息,19,0,19,康和-嘉義,2023-03-21,8459
2033,佳大,16,0,16,康和-嘉義,2023-03-21,8459
3558,神準,18,3,15,康和-嘉義,2023-03-21,8459
1434,福懋,15,0,15,康和-嘉義,2023-03-21,8459
2845,遠東銀,15,0,15,康和-嘉義,2023-03-21,8459
6234,高僑,14,0,14,康和-嘉義,2023-03-21,8459
2612,中航,13,0,13,康和-嘉義,2023-03-21,8459
00885,富邦越南,12,0,12,康和-嘉義,2023-03-21,8459
00680L,元大美債20正2,12,0,12,康和-嘉義,2023-03-21,8459
3056,富華新,12,0,12,康和-嘉義,2023-03-21,8459
3231,緯創,79,67,12,康和-嘉義,2023-03-21,8459
1319,東陽,14,2,12,康和-嘉義,2023-03-21,8459
2313,華通,13,2,11,康和-嘉義,2023-03-21,8459
8936,國統,14,3,11,康和-嘉義,2023-03-21,8459
9955,佳龍,12,1,11,康和-嘉義,2023-03-21,8459
3570,大塚,10,0,10,康和-嘉義,2023-03-21,8459
3708,上緯投控,10,0,10,康和-嘉義,2023-03-21,8459
4532,瑞智,10,0,10,康和-嘉義,2023-03-21,8459
4564,元翎,10,0,10,康和-嘉義,2023-03-21,8459
4960,誠美材,10,0,10,康和-嘉義,2023-03-21,8459
6235,華孚,20,10,10,康和-嘉義,2023-03-21,8459
8105,凌巨,20,10,10,康和-嘉義,2023-03-21,8459
8928,鉅明,8,0,8,康和-嘉義,2023-03-21,8459
2356,英業達,13,5,8,康和-嘉義,2023-03-21,8459
2388,威盛,70,64,6,康和-嘉義,2023-03-21,8459
5512,力麒,6,0,6,康和-嘉義,2023-03-21,8459
00632R,元大台灣50反1,187,1,186,康和-嘉義,2023-03-22,8459
2834,臺企銀,101,2,99,康和-嘉義,2023-03-22,8459
4157,太景*-KY,82,0,82,康和-嘉義,2023-03-22,8459
00680L,元大美債20正2,98,17,81,康和-嘉義,2023-03-22,8459
2368,金像電,98,46,52,康和-嘉義,2023-03-22,8459
6244,茂迪,57,19,38,康和-嘉義,2023-03-22,8459
4919,新唐,44,7,37,康和-嘉義,2023-03-22,8459
00878,國泰永續高股息,63,30,33,康和-嘉義,2023-03-22,8459
2606,裕民,42,12,30,康和-嘉義,2023-03-22,8459
2388,威盛,37,8,29,康和-嘉義,2023-03-22,8459
2605,新興,99,71,28,康和-嘉義,2023-03-22,8459
3013,晟銘電,29,5,24,康和-嘉義,2023-03-22,8459
3306,鼎天,30,7,23,康和-嘉義,2023-03-22,8459
3317,尼克森,23,0,23,康和-嘉義,2023-03-22,8459
6128,上福,23,0,23,康和-嘉義,2023-03-22,8459
2892,第一金,25,3,22,康和-嘉義,2023-03-22,8459
2636,台驊控股,23,1,22,康和-嘉義,2023-03-22,8459
5258,虹堡,24,2,22,康和-嘉義,2023-03-22,8459
3056,富華新,27,6,21,康和-嘉義,2023-03-22,8459
3576,聯合再生,21,0,21,康和-嘉義,2023-03-22,8459
1434,福懋,20,0,20,康和-嘉義,2023-03-22,8459
6695,芯鼎,20,0,20,康和-嘉義,2023-03-22,8459
8091,翔名,20,0,20,康和-嘉義,2023-03-22,8459
2302,麗正,18,0,18,康和-嘉義,2023-03-22,8459
2891,中信金,18,1,17,康和-嘉義,2023-03-22,8459
1605,華新,32,17,15,康和-嘉義,2023-03-22,8459
1609,大亞,17,2,15,康和-嘉義,2023-03-22,8459
5351,鈺創,34,19,15,康和-嘉義,2023-03-22,8459
2014,中鴻,19,5,14,康和-嘉義,2023-03-22,8459
3491,昇達科,14,0,14,康和-嘉義,2023-03-22,8459
6139,亞翔,14,0,14,康和-嘉義,2023-03-22,8459
00679B,元大美債20年,13,0,13,康和-嘉義,2023-03-22,8459
2609,陽明,16,4,12,康和-嘉義,2023-03-22,8459
3209,全科,13,1,12,康和-嘉義,2023-03-22,8459
4974,亞泰,12,0,12,康和-嘉義,2023-03-22,8459
2882,國泰金,11,0,11,康和-嘉義,2023-03-22,8459
2883,凱基金,17,6,11,康和-嘉義,2023-03-22,8459
8033,雷虎,17,6,11,康和-嘉義,2023-03-22,8459
00687B,國泰20年美債,10,0,10,康和-嘉義,2023-03-22,8459
1584,精剛,10,0,10,康和-嘉義,2023-03-22,8459
1708,東鹼,10,0,10,康和-嘉義,2023-03-22,8459
1709,和益,11,1,10,康和-嘉義,2023-03-22,8459
1907,永豐餘,10,0,10,康和-嘉義,2023-03-22,8459
3483,力致,13,3,10,康和-嘉義,2023-03-22,8459
6114,久威,10,0,10,康和-嘉義,2023-03-22,8459
8110,華東,10,0,10,康和-嘉義,2023-03-22,8459
4961,天鈺,13,4,9,康和-嘉義,2023-03-22,8459
6217,中探針,10,1,9,康和-嘉義,2023-03-22,8459
6863,永道-KY,8,0,8,康和-嘉義,2023-03-22,8459
2105,正新,8,0,8,康和-嘉義,2023-03-22,8459
3481,群創,182,50,132,康和-嘉義,2023-03-23,8459
2027,大成鋼,70,0,70,康和-嘉義,2023-03-23,8459
00632R,元大台灣50反1,69,3,66,康和-嘉義,2023-03-23,8459
2606,裕民,67,5,62,康和-嘉義,2023-03-23,8459
3441,聯一光,49,6,43,康和-嘉義,2023-03-23,8459
3338,泰碩,36,0,36,康和-嘉義,2023-03-23,8459
8222,寶一,52,19,33,康和-嘉義,2023-03-23,8459
2402,毅嘉,64,38,26,康和-嘉義,2023-03-23,8459
8234,新漢,55,30,25,康和-嘉義,2023-03-23,8459
1319,東陽,40,20,20,康和-嘉義,2023-03-23,8459
00664R,國泰臺灣加權反1,20,0,20,康和-嘉義,2023-03-23,8459
4953,緯軟,21,2,19,康和-嘉義,2023-03-23,8459
2493,揚博,19,0,19,康和-嘉義,2023-03-23,8459
6233,旺玖,30,12,18,康和-嘉義,2023-03-23,8459
2615,萬海,15,0,15,康和-嘉義,2023-03-23,8459
6768,志強-KY,15,0,15,康和-嘉義,2023-03-23,8459
6443,元晶,23,10,13,康和-嘉義,2023-03-23,8459
2605,新興,21,8,13,康和-嘉義,2023-03-23,8459
3217,優群,35,22,13,康和-嘉義,2023-03-23,8459
00772B,中信高評級公司債,13,0,13,康和-嘉義,2023-03-23,8459
1442,名軒,13,0,13,康和-嘉義,2023-03-23,8459
2204,中華,14,1,13,康和-嘉義,2023-03-23,8459
2330,台積電,28,15,13,康和-嘉義,2023-03-23,8459
2009,第一銅,12,0,12,康和-嘉義,2023-03-23,8459
3491,昇達科,23,11,12,康和-嘉義,2023-03-23,8459
6244,茂迪,31,19,12,康和-嘉義,2023-03-23,8459
2399,映泰,12,1,11,康和-嘉義,2023-03-23,8459
6235,華孚,12,1,11,康和-嘉義,2023-03-23,8459
2409,友達,16,5,11,康和-嘉義,2023-03-23,8459
2388,威盛,12,2,10,康和-嘉義,2023-03-23,8459
3545,敦泰,11,1,10,康和-嘉義,2023-03-23,8459
5222,全訊,12,2,10,康和-嘉義,2023-03-23,8459
2603,長榮,31,21,10,康和-嘉義,2023-03-23,8459
1584,精剛,10,1,9,康和-嘉義,2023-03-23,8459
3011,今皓,9,0,9,康和-嘉義,2023-03-23,8459
4128,中天,10,1,9,康和-嘉義,2023-03-23,8459
6279,胡連,10,1,9,康和-嘉義,2023-03-23,8459
6863,永道-KY,10,1,9,康和-嘉義,2023-03-23,8459
8050,廣積,11,2,9,康和-嘉義,2023-03-23,8459
3034,聯詠,13,4,9,康和-嘉義,2023-03-23,8459
2892,第一金,10,2,8,康和-嘉義,2023-03-23,8459
2457,飛宏,102,94,8,康和-嘉義,2023-03-23,8459
4164,承業醫,8,0,8,康和-嘉義,2023-03-23,8459
5284,jpp-KY,10,2,8,康和-嘉義,2023-03-23,8459
2313,華通,7,0,7,康和-嘉義,2023-03-23,8459
2412,中華電,8,1,7,康和-嘉義,2023-03-23,8459
3611,鼎翰,7,0,7,康和-嘉義,2023-03-23,8459
5203,訊連,33,26,7,康和-嘉義,2023-03-23,8459
8112,至上,7,0,7,康和-嘉義,2023-03-23,8459
4743,合一,26,19,7,康和-嘉義,2023-03-23,8459
2408,南亞科,90,4,86,康和-嘉義,2023-03-24,8459
00632R,元大台灣50反1,84,1,83,康和-嘉義,2023-03-24,8459
1605,華新,185,116,69,康和-嘉義,2023-03-24,8459
1319,東陽,73,4,69,康和-嘉義,2023-03-24,8459
2834,臺企銀,68,0,68,康和-嘉義,2023-03-24,8459
3005,神基,59,0,59,康和-嘉義,2023-03-24,8459
2892,第一金,45,0,45,康和-嘉義,2023-03-24,8459
4960,誠美材,77,37,40,康和-嘉義,2023-03-24,8459
6175,立敦,40,0,40,康和-嘉義,2023-03-24,8459
2482,連宇,67,31,36,康和-嘉義,2023-03-24,8459
6213,聯茂,27,0,27,康和-嘉義,2023-03-24,8459
2883,凱基金,28,2,26,康和-嘉義,2023-03-24,8459
6443,元晶,25,0,25,康和-嘉義,2023-03-24,8459
2388,威盛,52,28,24,康和-嘉義,2023-03-24,8459
1524,耿鼎,39,15,24,康和-嘉義,2023-03-24,8459
2392,正崴,36,13,23,康和-嘉義,2023-03-24,8459
5285,界霖,47,25,22,康和-嘉義,2023-03-24,8459
3011,今皓,21,0,21,康和-嘉義,2023-03-24,8459
6174,安��,21,0,21,康和-嘉義,2023-03-24,8459
2105,正新,41,21,20,康和-嘉義,2023-03-24,8459
8024,佑華,22,3,19,康和-嘉義,2023-03-24,8459
3209,全科,27,10,17,康和-嘉義,2023-03-24,8459
3481,群創,20,3,17,康和-嘉義,2023-03-24,8459
5475,德宏,16,0,16,康和-嘉義,2023-03-24,8459
2421,建準,16,1,15,康和-嘉義,2023-03-24,8459
9103,美德醫療-DR,15,0,15,康和-嘉義,2023-03-24,8459
2453,凌群,42,28,14,康和-嘉義,2023-03-24,8459
3701,大眾控,14,0,14,康和-嘉義,2023-03-24,8459
1504,東元,61,47,14,康和-嘉義,2023-03-24,8459
00712,復華富時不動產,13,0,13,康和-嘉義,2023-03-24,8459
3715,定穎投控,24,11,13,康和-嘉義,2023-03-24,8459
5009,榮剛,16,3,13,康和-嘉義,2023-03-24,8459
6191,精成科,20,7,13,康和-嘉義,2023-03-24,8459
6863,永道-KY,16,3,13,康和-嘉義,2023-03-24,8459
5258,虹堡,23,11,12,康和-嘉義,2023-03-24,8459
5871,中租-KY,12,0,12,康和-嘉義,2023-03-24,8459
6243,迅杰,15,3,12,康和-嘉義,2023-03-24,8459
3162,精確,36,25,11,康和-嘉義,2023-03-24,8459
3217,優群,21,10,11,康和-嘉義,2023-03-24,8459
6605,帝寶,11,0,11,康和-嘉義,2023-03-24,8459
2547,日勝生,10,0,10,康和-嘉義,2023-03-24,8459
1584,精剛,10,0,10,康和-嘉義,2023-03-24,8459
2101,南港,10,0,10,康和-嘉義,2023-03-24,8459
2351,順德,48,38,10,康和-嘉義,2023-03-24,8459
3033,威健,10,0,10,康和-嘉義,2023-03-24,8459
3056,富華新,10,0,10,康和-嘉義,2023-03-24,8459
4977,眾達-KY,10,0,10,康和-嘉義,2023-03-24,8459
6116,彩晶,10,0,10,康和-嘉義,2023-03-24,8459
6123,上奇,10,0,10,康和-嘉義,2023-03-24,8459
8091,翔名,10,0,10,康和-嘉義,2023-03-24,8459
1584,精剛,122,54,68,康和-嘉義,2023-03-27,8459
5511,德昌,60,0,60,康和-嘉義,2023-03-27,8459
4128,中天,50,1,49,康和-嘉義,2023-03-27,8459
1605,華新,85,38,47,康和-嘉義,2023-03-27,8459
3557,嘉威,47,0,47,康和-嘉義,2023-03-27,8459
2634,漢翔,75,40,35,康和-嘉義,2023-03-27,8459
6733,博晟生醫,35,0,35,康和-嘉義,2023-03-27,8459
6770,力積電,36,2,34,康和-嘉義,2023-03-27,8459
2211,長榮鋼,30,0,30,康和-嘉義,2023-03-27,8459
8121,越峰,30,0,30,康和-嘉義,2023-03-27,8459
6152,百一,30,1,29,康和-嘉義,2023-03-27,8459
2105,正新,36,7,29,康和-嘉義,2023-03-27,8459
3231,緯創,193,166,27,康和-嘉義,2023-03-27,8459
3017,奇鋐,46,20,26,康和-嘉義,2023-03-27,8459
2609,陽明,31,6,25,康和-嘉義,2023-03-27,8459
3479,安勤,51,27,24,康和-嘉義,2023-03-27,8459
2504,國產,24,0,24,康和-嘉義,2023-03-27,8459
00632R,元大台灣50反1,23,0,23,康和-嘉義,2023-03-27,8459
2340,台亞,36,14,22,康和-嘉義,2023-03-27,8459
8201,無敵,22,0,22,康和-嘉義,2023-03-27,8459
3217,優群,41,20,21,康和-嘉義,2023-03-27,8459
1219,福壽,20,0,20,康和-嘉義,2023-03-27,8459
1589,永冠-KY,20,0,20,康和-嘉義,2023-03-27,8459
4743,合一,37,17,20,康和-嘉義,2023-03-27,8459
2867,三商壽,17,0,17,康和-嘉義,2023-03-27,8459
2332,友訊,23,8,15,康和-嘉義,2023-03-27,8459
1319,東陽,17,3,14,康和-嘉義,2023-03-27,8459
2495,普安,14,0,14,康和-嘉義,2023-03-27,8459
2344,華邦電,16,3,13,康和-嘉義,2023-03-27,8459
9907,統一實,13,0,13,康和-嘉義,2023-03-27,8459
1760,寶齡富錦,23,11,12,康和-嘉義,2023-03-27,8459
2342,茂矽,24,12,12,康和-嘉義,2023-03-27,8459
2596,綠意,12,0,12,康和-嘉義,2023-03-27,8459
3162,精確,22,10,12,康和-嘉義,2023-03-27,8459
4147,中裕,15,3,12,康和-嘉義,2023-03-27,8459
2303,聯電,11,0,11,康和-嘉義,2023-03-27,8459
3576,聯合再生,20,9,11,康和-嘉義,2023-03-27,8459
2645,長榮航太,11,0,11,康和-嘉義,2023-03-27,8459
00715L,期街口布蘭特正2,11,0,11,康和-嘉義,2023-03-27,8459
6163,華電網,16,5,11,康和-嘉義,2023-03-27,8459
2317,鴻海,16,6,10,康和-嘉義,2023-03-27,8459
8011,台通,10,0,10,康和-嘉義,2023-03-27,8459
00633L,富邦上証正2,10,0,10,康和-嘉義,2023-03-27,8459
1504,東元,104,94,10,康和-嘉義,2023-03-27,8459
2743,山富,10,0,10,康和-嘉義,2023-03-27,8459
3306,鼎天,10,0,10,康和-嘉義,2023-03-27,8459
3714,富采,24,14,10,康和-嘉義,2023-03-27,8459
4532,瑞智,25,15,10,康和-嘉義,2023-03-27,8459
6244,茂迪,131,121,10,康和-嘉義,2023-03-27,8459
8070,長華*,10,0,10,康和-嘉義,2023-03-27,8459
6235,華孚,173,22,151,康和-嘉義,2023-03-28,8459
00679B,元大美債20年,57,0,57,康和-嘉義,2023-03-28,8459
1605,華新,113,59,54,康和-嘉義,2023-03-28,8459
2340,台亞,46,5,41,康和-嘉義,2023-03-28,8459
1529,樂事綠能,40,1,39,康和-嘉義,2023-03-28,8459
2485,兆赫,40,2,38,康和-嘉義,2023-03-28,8459
4979,華星光,67,30,37,康和-嘉義,2023-03-28,8459
6116,彩晶,34,0,34,康和-嘉義,2023-03-28,8459
3624,光頡,131,98,33,康和-嘉義,2023-03-28,8459
3028,增你強,31,0,31,康和-嘉義,2023-03-28,8459
1319,東陽,33,3,30,康和-嘉義,2023-03-28,8459
2344,華邦電,31,1,30,康和-嘉義,2023-03-28,8459
8046,南電,31,5,26,康和-嘉義,2023-03-28,8459
3017,奇鋐,28,4,24,康和-嘉義,2023-03-28,8459
3011,今皓,22,0,22,康和-嘉義,2023-03-28,8459
6274,台燿,34,13,21,康和-嘉義,2023-03-28,8459
1447,力鵬,20,0,20,康和-嘉義,2023-03-28,8459
2204,中華,20,0,20,康和-嘉義,2023-03-28,8459
3105,穩懋,28,9,19,康和-嘉義,2023-03-28,8459
4128,中天,22,3,19,康和-嘉義,2023-03-28,8459
6770,力積電,22,4,18,康和-嘉義,2023-03-28,8459
1802,台玻,24,6,18,康和-嘉義,2023-03-28,8459
6768,志強-KY,18,0,18,康和-嘉義,2023-03-28,8459
4907,富宇,17,0,17,康和-嘉義,2023-03-28,8459
6215,和椿,17,0,17,康和-嘉義,2023-03-28,8459
9945,潤泰新,16,0,16,康和-嘉義,2023-03-28,8459
4743,合一,17,1,16,康和-嘉義,2023-03-28,8459
3209,全科,15,0,15,康和-嘉義,2023-03-28,8459
1609,大亞,40,26,14,康和-嘉義,2023-03-28,8459
8088,品安,19,5,14,康和-嘉義,2023-03-28,8459
1589,永冠-KY,13,0,13,康和-嘉義,2023-03-28,8459
1216,統一,14,2,12,康和-嘉義,2023-03-28,8459
2481,強茂,26,14,12,康和-嘉義,2023-03-28,8459
00680L,元大美債20正2,12,0,12,康和-嘉義,2023-03-28,8459
2337,旺宏,12,0,12,康和-嘉義,2023-03-28,8459
00772B,中信高評級公司債,11,0,11,康和-嘉義,2023-03-28,8459
3037,欣興,17,6,11,康和-嘉義,2023-03-28,8459
00688L,國泰20年美債正2,11,0,11,康和-嘉義,2023-03-28,8459
3324,雙鴻,22,11,11,康和-嘉義,2023-03-28,8459
00751B,元大AAA至A公司債,10,0,10,康和-嘉義,2023-03-28,8459
3049,精金,10,0,10,康和-嘉義,2023-03-28,8459
2342,茂矽,86,76,10,康和-嘉義,2023-03-28,8459
2887,台新金,10,0,10,康和-嘉義,2023-03-28,8459
00687B,國泰20年美債,10,0,10,康和-嘉義,2023-03-28,8459
1104,環泥,10,0,10,康和-嘉義,2023-03-28,8459
2331,精英,11,1,10,康和-嘉義,2023-03-28,8459
2542,興富發,10,0,10,康和-嘉義,2023-03-28,8459
4157,太景*-KY,10,0,10,康和-嘉義,2023-03-28,8459
6026,福邦證,10,0,10,康和-嘉義,2023-03-28,8459
6733,博晟生醫,11,1,10,康和-嘉義,2023-03-28,8459
6235,華孚,500,304,196,康和-嘉義,2023-03-29,8459
3312,弘憶股,142,5,137,康和-嘉義,2023-03-29,8459
3481,群創,100,5,95,康和-嘉義,2023-03-29,8459
2371,大同,138,72,66,康和-嘉義,2023-03-29,8459
2888,新光金,47,1,46,康和-嘉義,2023-03-29,8459
6244,茂迪,39,4,35,康和-嘉義,2023-03-29,8459
3715,定穎投控,136,105,31,康和-嘉義,2023-03-29,8459
2359,所羅門,31,3,28,康和-嘉義,2023-03-29,8459
8091,翔名,30,4,26,康和-嘉義,2023-03-29,8459
2485,兆赫,25,0,25,康和-嘉義,2023-03-29,8459
2883,凱基金,45,20,25,康和-嘉義,2023-03-29,8459
4979,華星光,75,51,24,康和-嘉義,2023-03-29,8459
3570,大塚,18,0,18,康和-嘉義,2023-03-29,8459
1101,台泥,20,3,17,康和-嘉義,2023-03-29,8459
4128,中天,20,3,17,康和-嘉義,2023-03-29,8459
6239,力成,17,0,17,康和-嘉義,2023-03-29,8459
00679B,元大美債20年,16,0,16,康和-嘉義,2023-03-29,8459
5425,台半,16,0,16,康和-嘉義,2023-03-29,8459
2329,華泰,16,0,16,康和-嘉義,2023-03-29,8459
5871,中租-KY,19,3,16,康和-嘉義,2023-03-29,8459
2634,漢翔,16,1,15,康和-嘉義,2023-03-29,8459
3447,展達,16,1,15,康和-嘉義,2023-03-29,8459
1504,東元,113,98,15,康和-嘉義,2023-03-29,8459
6770,力積電,13,0,13,康和-嘉義,2023-03-29,8459
3338,泰碩,16,3,13,康和-嘉義,2023-03-29,8459
3682,亞太電,14,2,12,康和-嘉義,2023-03-29,8459
3545,敦泰,12,0,12,康和-嘉義,2023-03-29,8459
00673R,期元大S＆P原油反1,11,0,11,康和-嘉義,2023-03-29,8459
00637L,元大滬深300正2,11,0,11,康和-嘉義,2023-03-29,8459
6443,元晶,11,0,11,康和-嘉義,2023-03-29,8459
00772B,中信高評級公司債,10,0,10,康和-嘉義,2023-03-29,8459
2023,燁輝,10,0,10,康和-嘉義,2023-03-29,8459
2201,裕隆,10,0,10,康和-嘉義,2023-03-29,8459
2426,鼎元,10,0,10,康和-嘉義,2023-03-29,8459
2637,慧洋-KY,11,1,10,康和-嘉義,2023-03-29,8459
6672,騰輝電子-KY,10,0,10,康和-嘉義,2023-03-29,8459
6753,龍德造船,9,0,9,康和-嘉義,2023-03-29,8459
3037,欣興,17,8,9,康和-嘉義,2023-03-29,8459
6266,泰詠,11,2,9,康和-嘉義,2023-03-29,8459
8222,寶一,10,1,9,康和-嘉義,2023-03-29,8459
8940,新天地,9,0,9,康和-嘉義,2023-03-29,8459
1314,中石化,8,0,8,康和-嘉義,2023-03-29,8459
1795,美時,17,9,8,康和-嘉義,2023-03-29,8459
3047,訊舟,9,1,8,康和-嘉義,2023-03-29,8459
4743,合一,23,15,8,康和-嘉義,2023-03-29,8459
5347,世界,8,0,8,康和-嘉義,2023-03-29,8459
6245,立端,9,1,8,康和-嘉義,2023-03-29,8459
3017,奇鋐,23,15,8,康和-嘉義,2023-03-29,8459
6288,聯嘉,11,3,8,康和-嘉義,2023-03-29,8459
3013,晟銘電,7,0,7,康和-嘉義,2023-03-29,8459
1609,大亞,349,45,304,康和-嘉義,2023-03-30,8459
3322,建舜電,85,0,85,康和-嘉義,2023-03-30,8459
00715L,期街口布蘭特正2,82,15,67,康和-嘉義,2023-03-30,8459
4967,十銓,68,1,67,康和-嘉義,2023-03-30,8459
2402,毅嘉,58,1,57,康和-嘉義,2023-03-30,8459
2897,王道銀行,50,0,50,康和-嘉義,2023-03-30,8459
00772B,中信高評級公司債,45,2,43,康和-嘉義,2023-03-30,8459
5871,中租-KY,35,2,33,康和-嘉義,2023-03-30,8459
5511,德昌,31,0,31,康和-嘉義,2023-03-30,8459
2455,全新,31,0,31,康和-嘉義,2023-03-30,8459
6223,旺矽,30,0,30,康和-嘉義,2023-03-30,8459
2371,大同,27,0,27,康和-嘉義,2023-03-30,8459
00680L,元大美債20正2,26,0,26,康和-嘉義,2023-03-30,8459
3037,欣興,70,48,22,康和-嘉義,2023-03-30,8459
8046,南電,30,10,20,康和-嘉義,2023-03-30,8459
2458,義隆,20,0,20,康和-嘉義,2023-03-30,8459
3483,力致,29,9,20,康和-嘉義,2023-03-30,8459
6239,力成,23,3,20,康和-嘉義,2023-03-30,8459
1605,華新,27,7,20,康和-嘉義,2023-03-30,8459
2387,精元,17,0,17,康和-嘉義,2023-03-30,8459
1314,中石化,15,0,15,康和-嘉義,2023-03-30,8459
2890,永豐金,15,0,15,康和-嘉義,2023-03-30,8459
4950,牧東,15,0,15,康和-嘉義,2023-03-30,8459
3027,盛達,15,2,13,康和-嘉義,2023-03-30,8459
6770,力積電,14,1,13,康和-嘉義,2023-03-30,8459
2368,金像電,20,8,12,康和-嘉義,2023-03-30,8459
5475,德宏,20,8,12,康和-嘉義,2023-03-30,8459
6279,胡連,12,0,12,康和-嘉義,2023-03-30,8459
2353,宏��,15,4,11,康和-嘉義,2023-03-30,8459
3049,精金,10,0,10,康和-嘉義,2023-03-30,8459
1218,泰山,10,0,10,康和-嘉義,2023-03-30,8459
3188,鑫龍騰,10,0,10,康和-嘉義,2023-03-30,8459
3380,明泰,10,0,10,康和-嘉義,2023-03-30,8459
3653,健策,16,6,10,康和-嘉義,2023-03-30,8459
8213,志超,10,0,10,康和-嘉義,2023-03-30,8459
8926,台汽電,10,0,10,康和-嘉義,2023-03-30,8459
2453,凌群,10,1,9,康和-嘉義,2023-03-30,8459
2883,凱基金,9,0,9,康和-嘉義,2023-03-30,8459
3675,德微,27,18,9,康和-嘉義,2023-03-30,8459
5225,東科-KY,9,0,9,康和-嘉義,2023-03-30,8459
6153,嘉聯益,8,0,8,康和-嘉義,2023-03-30,8459
6245,立端,9,1,8,康和-嘉義,2023-03-30,8459
8050,廣積,15,7,8,康和-嘉義,2023-03-30,8459
1447,力鵬,7,0,7,康和-嘉義,2023-03-30,8459
6282,康舒,6,0,6,康和-嘉義,2023-03-30,8459
2331,精英,6,0,6,康和-嘉義,2023-03-30,8459
2380,虹光,6,0,6,康和-嘉義,2023-03-30,8459
2609,陽明,8,3,5,康和-嘉義,2023-03-30,8459
3594,磐儀,6,1,5,康和-嘉義,2023-03-30,8459
2547,日勝生,5,0,5,康和-嘉義,2023-03-30,8459
4979,華星光,132,45,87,康和-嘉義,2023-03-31,8459
8070,長華*,95,15,80,康和-嘉義,2023-03-31,8459
00772B,中信高評級公司債,63,3,60,康和-嘉義,2023-03-31,8459
2065,世豐,52,1,51,康和-嘉義,2023-03-31,8459
3264,欣銓,54,6,48,康和-嘉義,2023-03-31,8459
4128,中天,35,0,35,康和-嘉義,2023-03-31,8459
6223,旺矽,32,0,32,康和-嘉義,2023-03-31,8459
6248,沛波,32,0,32,康和-嘉義,2023-03-31,8459
2371,大同,22,0,22,康和-嘉義,2023-03-31,8459
1605,華新,42,21,21,康和-嘉義,2023-03-31,8459
5289,宜鼎,22,1,21,康和-嘉義,2023-03-31,8459
3217,優群,20,0,20,康和-嘉義,2023-03-31,8459
1718,中纖,19,0,19,康和-嘉義,2023-03-31,8459
2482,連宇,76,60,16,康和-嘉義,2023-03-31,8459
5351,鈺創,22,7,15,康和-嘉義,2023-03-31,8459
6829,千附精密,15,0,15,康和-嘉義,2023-03-31,8459
2634,漢翔,15,1,14,康和-嘉義,2023-03-31,8459
2867,三商壽,14,0,14,康和-嘉義,2023-03-31,8459
3162,精確,21,7,14,康和-嘉義,2023-03-31,8459
8938,明安,15,1,14,康和-嘉義,2023-03-31,8459
8436,大江,12,0,12,康和-嘉義,2023-03-31,8459
1802,台玻,117,105,12,康和-嘉義,2023-03-31,8459
6163,華電網,23,11,12,康和-嘉義,2023-03-31,8459
5871,中租-KY,12,1,11,康和-嘉義,2023-03-31,8459
6245,立端,13,2,11,康和-嘉義,2023-03-31,8459
4564,元翎,10,0,10,康和-嘉義,2023-03-31,8459
2892,第一金,10,0,10,康和-嘉義,2023-03-31,8459
2023,燁輝,10,0,10,康和-嘉義,2023-03-31,8459
2359,所羅門,10,0,10,康和-嘉義,2023-03-31,8459
5388,中磊,10,0,10,康和-嘉義,2023-03-31,8459
8088,品安,16,6,10,康和-嘉義,2023-03-31,8459
8227,巨有科技,10,0,10,康和-嘉義,2023-03-31,8459
9907,統一實,10,0,10,康和-嘉義,2023-03-31,8459
3188,鑫龍騰,10,1,9,康和-嘉義,2023-03-31,8459
00665L,富邦�琤肭磪囓�2,12,3,9,康和-嘉義,2023-03-31,8459
2546,根基,9,0,9,康和-嘉義,2023-03-31,8459
1513,中興電,20,12,8,康和-嘉義,2023-03-31,8459
6148,驊宏資,8,0,8,康和-嘉義,2023-03-31,8459
6603,富強鑫,8,0,8,康和-嘉義,2023-03-31,8459
8050,廣積,12,4,8,康和-嘉義,2023-03-31,8459
8210,勤誠,11,3,8,康和-嘉義,2023-03-31,8459
2615,萬海,8,1,7,康和-嘉義,2023-03-31,8459
00900,富邦特選高股息30,20,13,7,康和-嘉義,2023-03-31,8459
4111,濟生,8,1,7,康和-嘉義,2023-03-31,8459
6227,茂綸,7,0,7,康和-嘉義,2023-03-31,8459
2027,大成鋼,11,5,6,康和-嘉義,2023-03-31,8459
6231,系微,6,0,6,康和-嘉義,2023-03-31,8459
2337,旺宏,16,10,6,康和-嘉義,2023-03-31,8459
3711,日月光投控,37,32,5,康和-嘉義,2023-03-31,8459
4938,和碩,5,0,5,康和-嘉義,2023-03-31,8459
00632R,元大台灣50反1,1006,3,1003,康和-嘉義,2023-04-06,8459
00665L,富邦�琤肭磪囓�2,171,0,171,康和-嘉義,2023-04-06,8459
2485,兆赫,128,0,128,康和-嘉義,2023-04-06,8459
2344,華邦電,99,28,71,康和-嘉義,2023-04-06,8459
00655L,國泰中國A50正2,63,0,63,康和-嘉義,2023-04-06,8459
3231,緯創,89,34,55,康和-嘉義,2023-04-06,8459
2208,台船,122,74,48,康和-嘉義,2023-04-06,8459
1220,台榮,45,4,41,康和-嘉義,2023-04-06,8459
2105,正新,40,0,40,康和-嘉義,2023-04-06,8459
2609,陽明,39,6,33,康和-嘉義,2023-04-06,8459
3272,東碩,33,0,33,康和-嘉義,2023-04-06,8459
00633L,富邦上証正2,28,0,28,康和-嘉義,2023-04-06,8459
2027,大成鋼,27,0,27,康和-嘉義,2023-04-06,8459
3013,晟銘電,33,6,27,康和-嘉義,2023-04-06,8459
6548,長科*,91,65,26,康和-嘉義,2023-04-06,8459
1312,國喬,23,1,22,康和-嘉義,2023-04-06,8459
6770,力積電,21,1,20,康和-嘉義,2023-04-06,8459
1802,台玻,125,105,20,康和-嘉義,2023-04-06,8459
1219,福壽,20,0,20,康和-嘉義,2023-04-06,8459
2355,敬鵬,21,1,20,康和-嘉義,2023-04-06,8459
3162,精確,40,20,20,康和-嘉義,2023-04-06,8459
3322,建舜電,20,0,20,康和-嘉義,2023-04-06,8459
3715,定穎投控,22,2,20,康和-嘉義,2023-04-06,8459
2457,飛宏,29,11,18,康和-嘉義,2023-04-06,8459
00679B,元大美債20年,33,16,17,康和-嘉義,2023-04-06,8459
00878,國泰永續高股息,40,23,17,康和-嘉義,2023-04-06,8459
3035,智原,22,6,16,康和-嘉義,2023-04-06,8459
3025,星通,30,14,16,康和-嘉義,2023-04-06,8459
00772B,中信高評級公司債,31,15,16,康和-嘉義,2023-04-06,8459
2023,燁輝,15,0,15,康和-嘉義,2023-04-06,8459
00669R,國泰美國道瓊反1,15,0,15,康和-嘉義,2023-04-06,8459
3088,艾訊,15,0,15,康和-嘉義,2023-04-06,8459
2317,鴻海,14,0,14,康和-嘉義,2023-04-06,8459
00673R,期元大S＆P原油反1,14,0,14,康和-嘉義,2023-04-06,8459
00893,國泰智能電動車,16,3,13,康和-嘉義,2023-04-06,8459
3306,鼎天,13,0,13,康和-嘉義,2023-04-06,8459
3188,鑫龍騰,13,0,13,康和-嘉義,2023-04-06,8459
00882,中信中國高股息,12,0,12,康和-嘉義,2023-04-06,8459
1795,美時,69,57,12,康和-嘉義,2023-04-06,8459
2332,友訊,21,9,12,康和-嘉義,2023-04-06,8459
3027,盛達,12,0,12,康和-嘉義,2023-04-06,8459
8210,勤誠,12,0,12,康和-嘉義,2023-04-06,8459
1308,亞聚,12,0,12,康和-嘉義,2023-04-06,8459
8046,南電,22,10,12,康和-嘉義,2023-04-06,8459
4979,華星光,107,96,11,康和-嘉義,2023-04-06,8459
2358,廷鑫,10,0,10,康和-嘉義,2023-04-06,8459
2353,宏��,10,0,10,康和-嘉義,2023-04-06,8459
2371,大同,16,6,10,康和-嘉義,2023-04-06,8459
2428,興勤,10,0,10,康和-嘉義,2023-04-06,8459
2618,長榮航,10,0,10,康和-嘉義,2023-04-06,8459
00632R,元大台灣50反1,627,10,617,康和-嘉義,2023-04-07,8459
2634,漢翔,505,8,497,康和-嘉義,2023-04-07,8459
3481,群創,113,25,88,康和-嘉義,2023-04-07,8459
1605,華新,101,28,73,康和-嘉義,2023-04-07,8459
3038,全台,52,0,52,康和-嘉義,2023-04-07,8459
5475,德宏,50,0,50,康和-嘉義,2023-04-07,8459
6138,茂達,40,0,40,康和-嘉義,2023-04-07,8459
8028,昇陽半導體,49,17,32,康和-嘉義,2023-04-07,8459
1795,美時,85,55,30,康和-嘉義,2023-04-07,8459
6185,幃翔,30,0,30,康和-嘉義,2023-04-07,8459
8289,泰藝,31,2,29,康和-嘉義,2023-04-07,8459
1714,和桐,29,0,29,康和-嘉義,2023-04-07,8459
2208,台船,25,0,25,康和-嘉義,2023-04-07,8459
2349,錸德,23,0,23,康和-嘉義,2023-04-07,8459
2344,華邦電,93,70,23,康和-嘉義,2023-04-07,8459
3430,奇鈦科,20,0,20,康和-嘉義,2023-04-07,8459
4979,華星光,20,0,20,康和-嘉義,2023-04-07,8459
1308,亞聚,20,0,20,康和-嘉義,2023-04-07,8459
1504,東元,151,131,20,康和-嘉義,2023-04-07,8459
2867,三商壽,18,0,18,康和-嘉義,2023-04-07,8459
3005,神基,34,16,18,康和-嘉義,2023-04-07,8459
3682,亞太電,17,0,17,康和-嘉義,2023-04-07,8459
5301,寶得利,17,0,17,康和-嘉義,2023-04-07,8459
2609,陽明,154,138,16,康和-嘉義,2023-04-07,8459
2495,普安,15,0,15,康和-嘉義,2023-04-07,8459
1519,華城,522,507,15,康和-嘉義,2023-04-07,8459
2449,京元電子,16,1,15,康和-嘉義,2023-04-07,8459
2603,長榮,48,34,14,康和-嘉義,2023-04-07,8459
00878,國泰永續高股息,13,0,13,康和-嘉義,2023-04-07,8459
5009,榮剛,13,0,13,康和-嘉義,2023-04-07,8459
1339,昭輝,11,0,11,康和-嘉義,2023-04-07,8459
2645,長榮航太,11,0,11,康和-嘉義,2023-04-07,8459
3715,定穎投控,34,23,11,康和-嘉義,2023-04-07,8459
6197,佳必琪,16,5,11,康和-嘉義,2023-04-07,8459
4564,元翎,10,0,10,康和-嘉義,2023-04-07,8459
1314,中石化,10,0,10,康和-嘉義,2023-04-07,8459
00882,中信中國高股息,10,0,10,康和-嘉義,2023-04-07,8459
2430,燦坤,10,0,10,康和-嘉義,2023-04-07,8459
3078,僑威,10,0,10,康和-嘉義,2023-04-07,8459
4907,富宇,10,0,10,康和-嘉義,2023-04-07,8459
4976,佳凌,11,1,10,康和-嘉義,2023-04-07,8459
8409,商之器,10,0,10,康和-嘉義,2023-04-07,8459
6485,點序,13,4,9,康和-嘉義,2023-04-07,8459
2351,順德,18,9,9,康和-嘉義,2023-04-07,8459
4916,事欣科,15,6,9,康和-嘉義,2023-04-07,8459
6244,茂迪,20,11,9,康和-嘉義,2023-04-07,8459
7402,邑錡,12,3,9,康和-嘉義,2023-04-07,8459
2482,連宇,25,16,9,康和-嘉義,2023-04-07,8459
1319,東陽,9,1,8,康和-嘉義,2023-04-07,8459
2485,兆赫,8,0,8,康和-嘉義,2023-04-07,8459
2634,漢翔,1717,209,1508,康和-嘉義,2023-04-10,8459
00632R,元大台灣50反1,402,0,402,康和-嘉義,2023-04-10,8459
00673R,期元大S＆P原油反1,106,0,106,康和-嘉義,2023-04-10,8459
1605,華新,124,26,98,康和-嘉義,2023-04-10,8459
2834,臺企銀,102,8,94,康和-嘉義,2023-04-10,8459
5475,德宏,51,0,51,康和-嘉義,2023-04-10,8459
9945,潤泰新,41,0,41,康和-嘉義,2023-04-10,8459
5015,華祺,40,0,40,康和-嘉義,2023-04-10,8459
6152,百一,40,0,40,康和-嘉義,2023-04-10,8459
8028,昇陽半導體,63,23,40,康和-嘉義,2023-04-10,8459
1504,東元,95,56,39,康和-嘉義,2023-04-10,8459
3481,群創,41,8,33,康和-嘉義,2023-04-10,8459
2206,三陽工業,30,0,30,康和-嘉義,2023-04-10,8459
3162,精確,37,10,27,康和-嘉義,2023-04-10,8459
2867,三商壽,26,0,26,康和-嘉義,2023-04-10,8459
2485,兆赫,23,0,23,康和-嘉義,2023-04-10,8459
00720B,元大投資級公司債,22,0,22,康和-嘉義,2023-04-10,8459
3046,建��,34,12,22,康和-嘉義,2023-04-10,8459
4960,誠美材,23,1,22,康和-嘉義,2023-04-10,8459
5403,中菲,22,0,22,康和-嘉義,2023-04-10,8459
1784,訊聯,21,1,20,康和-嘉義,2023-04-10,8459
4907,富宇,19,0,19,康和-嘉義,2023-04-10,8459
3715,定穎投控,86,69,17,康和-嘉義,2023-04-10,8459
6153,嘉聯益,16,0,16,康和-嘉義,2023-04-10,8459
2546,根基,15,0,15,康和-嘉義,2023-04-10,8459
3362,先進光,28,13,15,康和-嘉義,2023-04-10,8459
3711,日月光投控,40,25,15,康和-嘉義,2023-04-10,8459
2471,資通,14,0,14,康和-嘉義,2023-04-10,8459
4919,新唐,16,3,13,康和-嘉義,2023-04-10,8459
8383,千附,13,0,13,康和-嘉義,2023-04-10,8459
1560,中砂,12,0,12,康和-嘉義,2023-04-10,8459
2492,華新科,40,28,12,康和-嘉義,2023-04-10,8459
1513,中興電,70,58,12,康和-嘉義,2023-04-10,8459
00878,國泰永續高股息,36,25,11,康和-嘉義,2023-04-10,8459
00772B,中信高評級公司債,11,0,11,康和-嘉義,2023-04-10,8459
2497,怡利電,14,4,10,康和-嘉義,2023-04-10,8459
3479,安勤,10,0,10,康和-嘉義,2023-04-10,8459
4967,十銓,12,2,10,康和-嘉義,2023-04-10,8459
9907,統一實,10,0,10,康和-嘉義,2023-04-10,8459
3306,鼎天,9,0,9,康和-嘉義,2023-04-10,8459
4736,泰博,20,11,9,康和-嘉義,2023-04-10,8459
2388,威盛,13,5,8,康和-嘉義,2023-04-10,8459
3583,辛耘,8,0,8,康和-嘉義,2023-04-10,8459
5533,皇鼎,10,2,8,康和-嘉義,2023-04-10,8459
6139,亞翔,10,2,8,康和-嘉義,2023-04-10,8459
8409,商之器,18,10,8,康和-嘉義,2023-04-10,8459
1708,東鹼,11,4,7,康和-嘉義,2023-04-10,8459
2359,所羅門,8,1,7,康和-嘉義,2023-04-10,8459
3188,鑫龍騰,7,0,7,康和-嘉義,2023-04-10,8459
4541,晟田,12,5,7,康和-嘉義,2023-04-10,8459
2888,新光金,556,0,556,康和-嘉義,2023-04-11,8459
00632R,元大台灣50反1,213,0,213,康和-嘉義,2023-04-11,8459
1609,大亞,274,70,204,康和-嘉義,2023-04-11,8459
5864,致和證,111,0,111,康和-嘉義,2023-04-11,8459
00673R,期元大S＆P原油反1,100,0,100,康和-嘉義,2023-04-11,8459
3540,曜越,100,0,100,康和-嘉義,2023-04-11,8459
00633L,富邦上証正2,96,0,96,康和-嘉義,2023-04-11,8459
00772B,中信高評級公司債,83,0,83,康和-嘉義,2023-04-11,8459
00888,永豐台灣ESG,50,0,50,康和-嘉義,2023-04-11,8459
1513,中興電,83,35,48,康和-嘉義,2023-04-11,8459
00720B,元大投資級公司債,49,1,48,康和-嘉義,2023-04-11,8459
3162,精確,46,0,46,康和-嘉義,2023-04-11,8459
4736,泰博,50,5,45,康和-嘉義,2023-04-11,8459
2547,日勝生,40,0,40,康和-嘉義,2023-04-11,8459
4942,嘉彰,40,0,40,康和-嘉義,2023-04-11,8459
2883,凱基金,40,2,38,康和-嘉義,2023-04-11,8459
3011,今皓,34,0,34,康和-嘉義,2023-04-11,8459
2303,聯電,32,0,32,康和-嘉義,2023-04-11,8459
2892,第一金,31,0,31,康和-嘉義,2023-04-11,8459
1784,訊聯,30,0,30,康和-嘉義,2023-04-11,8459
00655L,國泰中國A50正2,28,0,28,康和-嘉義,2023-04-11,8459
2338,光罩,27,0,27,康和-嘉義,2023-04-11,8459
6829,千附精密,45,18,27,康和-嘉義,2023-04-11,8459
00713,元大台灣高息低波,25,0,25,康和-嘉義,2023-04-11,8459
3046,建��,58,33,25,康和-嘉義,2023-04-11,8459
3260,威剛,54,32,22,康和-嘉義,2023-04-11,8459
9945,潤泰新,22,0,22,康和-嘉義,2023-04-11,8459
3711,日月光投控,20,0,20,康和-嘉義,2023-04-11,8459
2889,國票金,20,0,20,康和-嘉義,2023-04-11,8459
3673,TPK-KY,20,0,20,康和-嘉義,2023-04-11,8459
2486,一詮,18,1,17,康和-嘉義,2023-04-11,8459
6770,力積電,33,17,16,康和-嘉義,2023-04-11,8459
2231,為升,16,0,16,康和-嘉義,2023-04-11,8459
2812,台中銀,16,0,16,康和-嘉義,2023-04-11,8459
3029,零壹,21,6,15,康和-嘉義,2023-04-11,8459
3512,皇龍,15,0,15,康和-嘉義,2023-04-11,8459
5225,東科-KY,15,0,15,康和-嘉義,2023-04-11,8459
4147,中裕,16,2,14,康和-嘉義,2023-04-11,8459
00878,國泰永續高股息,14,0,14,康和-嘉義,2023-04-11,8459
2368,金像電,39,26,13,康和-嘉義,2023-04-11,8459
1308,亞聚,11,0,11,康和-嘉義,2023-04-11,8459
1514,亞力,85,74,11,康和-嘉義,2023-04-11,8459
2645,長榮航太,11,0,11,康和-嘉義,2023-04-11,8459
6245,立端,11,0,11,康和-嘉義,2023-04-11,8459
2317,鴻海,10,0,10,康和-嘉義,2023-04-11,8459
00898,國泰基因免疫革命,10,0,10,康和-嘉義,2023-04-11,8459
2312,金寶,10,0,10,康和-嘉義,2023-04-11,8459
2801,彰銀,10,0,10,康和-嘉義,2023-04-11,8459
2897,王道銀行,10,0,10,康和-嘉義,2023-04-11,8459
6462,神盾,10,0,10,康和-嘉義,2023-04-11,8459
6266,泰詠,1055,45,1010,康和-嘉義,2023-04-12,8459
1609,大亞,667,406,261,康和-嘉義,2023-04-12,8459
00632R,元大台灣50反1,211,1,210,康和-嘉義,2023-04-12,8459
00665L,富邦�琤肭磪囓�2,173,0,173,康和-嘉義,2023-04-12,8459
00673R,期元大S＆P原油反1,153,0,153,康和-嘉義,2023-04-12,8459
2347,聯強,122,0,122,康和-嘉義,2023-04-12,8459
3011,今皓,138,67,71,康和-嘉義,2023-04-12,8459
8213,志超,66,0,66,康和-嘉義,2023-04-12,8459
6128,上福,59,0,59,康和-嘉義,2023-04-12,8459
6223,旺矽,53,2,51,康和-嘉義,2023-04-12,8459
2105,正新,50,7,43,康和-嘉義,2023-04-12,8459
3576,聯合再生,40,2,38,康和-嘉義,2023-04-12,8459
1752,南光,33,2,31,康和-嘉義,2023-04-12,8459
2329,華泰,49,18,31,康和-嘉義,2023-04-12,8459
6443,元晶,41,10,31,康和-嘉義,2023-04-12,8459
3711,日月光投控,26,0,26,康和-嘉義,2023-04-12,8459
2603,長榮,56,32,24,康和-嘉義,2023-04-12,8459
8926,台汽電,38,15,23,康和-嘉義,2023-04-12,8459
00882,中信中國高股息,36,13,23,康和-嘉義,2023-04-12,8459
2027,大成鋼,28,5,23,康和-嘉義,2023-04-12,8459
3518,柏騰,23,0,23,康和-嘉義,2023-04-12,8459
3027,盛達,39,17,22,康和-嘉義,2023-04-12,8459
2457,飛宏,108,87,21,康和-嘉義,2023-04-12,8459
00888,永豐台灣ESG,20,0,20,康和-嘉義,2023-04-12,8459
00676R,富邦臺灣加權反1,20,0,20,康和-嘉義,2023-04-12,8459
00680L,元大美債20正2,20,0,20,康和-嘉義,2023-04-12,8459
2367,燿華,21,1,20,康和-嘉義,2023-04-12,8459
6806,森崴能源,57,37,20,康和-嘉義,2023-04-12,8459
8091,翔名,20,0,20,康和-嘉義,2023-04-12,8459
6265,方土昶,20,0,20,康和-嘉義,2023-04-12,8459
2485,兆赫,20,1,19,康和-嘉義,2023-04-12,8459
1417,嘉裕,20,2,18,康和-嘉義,2023-04-12,8459
1815,富喬,18,0,18,康和-嘉義,2023-04-12,8459
3693,營邦,22,4,18,康和-嘉義,2023-04-12,8459
1504,東元,75,58,17,康和-嘉義,2023-04-12,8459
6829,千附精密,28,12,16,康和-嘉義,2023-04-12,8459
3162,精確,36,20,16,康和-嘉義,2023-04-12,8459
3665,貿聯-KY,15,0,15,康和-嘉義,2023-04-12,8459
1711,永光,14,0,14,康和-嘉義,2023-04-12,8459
4977,眾達-KY,19,5,14,康和-嘉義,2023-04-12,8459
1339,昭輝,13,0,13,康和-嘉義,2023-04-12,8459
4541,晟田,52,39,13,康和-嘉義,2023-04-12,8459
1409,新纖,12,0,12,康和-嘉義,2023-04-12,8459
1784,訊聯,12,0,12,康和-嘉義,2023-04-12,8459
3490,單井,12,0,12,康和-嘉義,2023-04-12,8459
3583,辛耘,12,0,12,康和-嘉義,2023-04-12,8459
6770,力積電,15,3,12,康和-嘉義,2023-04-12,8459
2208,台船,105,94,11,康和-嘉義,2023-04-12,8459
2402,毅嘉,17,6,11,康和-嘉義,2023-04-12,8459
6531,愛普*,22,11,11,康和-嘉義,2023-04-12,8459
6266,泰詠,704,0,704,康和-嘉義,2023-04-13,8459
00673R,期元大S＆P原油反1,531,0,531,康和-嘉義,2023-04-13,8459
1503,士電,221,59,162,康和-嘉義,2023-04-13,8459
8213,志超,111,0,111,康和-嘉義,2023-04-13,8459
1440,南紡,100,0,100,康和-嘉義,2023-04-13,8459
6128,上福,98,0,98,康和-嘉義,2023-04-13,8459
2211,長榮鋼,96,3,93,康和-嘉義,2023-04-13,8459
1605,華新,119,33,86,康和-嘉義,2023-04-13,8459
1810,和成,99,17,82,康和-嘉義,2023-04-13,8459
2610,華航,271,198,73,康和-嘉義,2023-04-13,8459
6235,華孚,136,74,62,康和-嘉義,2023-04-13,8459
2206,三陽工業,65,4,61,康和-嘉義,2023-04-13,8459
6163,華電網,145,91,54,康和-嘉義,2023-04-13,8459
1720,生達,53,1,52,康和-嘉義,2023-04-13,8459
3025,星通,50,1,49,康和-嘉義,2023-04-13,8459
9907,統一實,77,28,49,康和-嘉義,2023-04-13,8459
4979,華星光,133,86,47,康和-嘉義,2023-04-13,8459
2748,雲品,47,5,42,康和-嘉義,2023-04-13,8459
2457,飛宏,128,88,40,康和-嘉義,2023-04-13,8459
4162,智擎,50,15,35,康和-嘉義,2023-04-13,8459
2208,台船,84,51,33,康和-嘉義,2023-04-13,8459
1513,中興電,55,23,32,康和-嘉義,2023-04-13,8459
5511,德昌,32,0,32,康和-嘉義,2023-04-13,8459
3264,欣銓,32,1,31,康和-嘉義,2023-04-13,8459
1519,華城,44,14,30,康和-嘉義,2023-04-13,8459
2347,聯強,29,0,29,康和-嘉義,2023-04-13,8459
2886,兆豐金,29,0,29,康和-嘉義,2023-04-13,8459
2493,揚博,28,0,28,康和-嘉義,2023-04-13,8459
8046,南電,33,6,27,康和-嘉義,2023-04-13,8459
3006,晶豪科,30,4,26,康和-嘉義,2023-04-13,8459
00720B,元大投資級公司債,25,1,24,康和-嘉義,2023-04-13,8459
00632R,元大台灣50反1,23,0,23,康和-嘉義,2023-04-13,8459
2399,映泰,22,0,22,康和-嘉義,2023-04-13,8459
2883,凱基金,21,1,20,康和-嘉義,2023-04-13,8459
2492,華新科,50,29,21,康和-嘉義,2023-04-13,8459
2066,世德,20,0,20,康和-嘉義,2023-04-13,8459
2455,全新,20,0,20,康和-嘉義,2023-04-13,8459
2014,中鴻,22,3,19,康和-嘉義,2023-04-13,8459
5309,系統電,25,6,19,康和-嘉義,2023-04-13,8459
2359,所羅門,19,2,17,康和-嘉義,2023-04-13,8459
5213,亞昕,14,0,14,康和-嘉義,2023-04-13,8459
6244,茂迪,17,3,14,康和-嘉義,2023-04-13,8459
3037,欣興,16,3,13,康和-嘉義,2023-04-13,8459
00772B,中信高評級公司債,14,0,14,康和-嘉義,2023-04-13,8459
00676R,富邦臺灣加權反1,13,0,13,康和-嘉義,2023-04-13,8459
3209,全科,18,5,13,康和-嘉義,2023-04-13,8459
3682,亞太電,12,0,12,康和-嘉義,2023-04-13,8459
6182,合晶,12,0,12,康和-嘉義,2023-04-13,8459
5388,中磊,11,0,11,康和-嘉義,2023-04-13,8459
00712,復華富時不動產,10,0,10,康和-嘉義,2023-04-13,8459
00632R,元大台灣50反1,533,20,513,康和-嘉義,2023-04-14,8459
2515,中工,288,47,241,康和-嘉義,2023-04-14,8459
1701,中化,233,50,183,康和-嘉義,2023-04-14,8459
2609,陽明,97,16,81,康和-嘉義,2023-04-14,8459
4126,太醫,78,1,77,康和-嘉義,2023-04-14,8459
2413,環科,75,5,70,康和-嘉義,2023-04-14,8459
4111,濟生,63,0,63,康和-嘉義,2023-04-14,8459
00673R,期元大S＆P原油反1,50,0,50,康和-嘉義,2023-04-14,8459
2634,漢翔,240,190,50,康和-嘉義,2023-04-14,8459
4128,中天,41,0,41,康和-嘉義,2023-04-14,8459
6153,嘉聯益,44,4,40,康和-嘉義,2023-04-14,8459
00679B,元大美債20年,38,0,38,康和-嘉義,2023-04-14,8459
4736,泰博,36,0,36,康和-嘉義,2023-04-14,8459
2471,資通,36,1,35,康和-嘉義,2023-04-14,8459
2014,中鴻,32,0,32,康和-嘉義,2023-04-14,8459
2489,瑞軒,30,0,30,康和-嘉義,2023-04-14,8459
3090,日電貿,30,0,30,康和-嘉義,2023-04-14,8459
3491,昇達科,30,0,30,康和-嘉義,2023-04-14,8459
9942,茂順,31,4,27,康和-嘉義,2023-04-14,8459
2027,大成鋼,27,0,27,康和-嘉義,2023-04-14,8459
2485,兆赫,26,0,26,康和-嘉義,2023-04-14,8459
2352,佳世達,25,0,25,康和-嘉義,2023-04-14,8459
6550,北極星藥業-KY,25,0,25,康和-嘉義,2023-04-14,8459
6829,千附精密,29,4,25,康和-嘉義,2023-04-14,8459
3594,磐儀,24,0,24,康和-嘉義,2023-04-14,8459
00712,復華富時不動產,22,0,22,康和-嘉義,2023-04-14,8459
1587,吉茂,20,0,20,康和-嘉義,2023-04-14,8459
2402,毅嘉,40,21,19,康和-嘉義,2023-04-14,8459
1514,亞力,30,12,18,康和-嘉義,2023-04-14,8459
2208,台船,103,85,18,康和-嘉義,2023-04-14,8459
3715,定穎投控,53,35,18,康和-嘉義,2023-04-14,8459
1529,樂事綠能,85,67,18,康和-嘉義,2023-04-14,8459
3032,偉訓,46,30,16,康和-嘉義,2023-04-14,8459
6547,高端疫苗,38,22,16,康和-嘉義,2023-04-14,8459
3029,零壹,18,3,15,康和-嘉義,2023-04-14,8459
2387,精元,15,0,15,康和-嘉義,2023-04-14,8459
2497,怡利電,16,1,15,康和-嘉義,2023-04-14,8459
8936,國統,19,6,13,康和-嘉義,2023-04-14,8459
3026,禾伸堂,13,0,13,康和-嘉義,2023-04-14,8459
4728,雙美,24,12,12,康和-嘉義,2023-04-14,8459
3209,全科,18,6,12,康和-嘉義,2023-04-14,8459
2748,雲品,18,7,11,康和-嘉義,2023-04-14,8459
6789,采鈺,11,0,11,康和-嘉義,2023-04-14,8459
2601,益航,10,0,10,康和-嘉義,2023-04-14,8459
1718,中纖,10,0,10,康和-嘉義,2023-04-14,8459
1308,亞聚,10,0,10,康和-嘉義,2023-04-14,8459
2363,矽統,10,0,10,康和-嘉義,2023-04-14,8459
3447,展達,10,0,10,康和-嘉義,2023-04-14,8459
3693,營邦,14,4,10,康和-嘉義,2023-04-14,8459
8383,千附,11,1,10,康和-嘉義,2023-04-14,8459
2888,新光金,150,11,139,康和-嘉義,2023-04-17,8459
2887,台新金,131,6,125,康和-嘉義,2023-04-17,8459
5009,榮剛,203,84,119,康和-嘉義,2023-04-17,8459
1810,和成,100,0,100,康和-嘉義,2023-04-17,8459
00679B,元大美債20年,76,0,76,康和-嘉義,2023-04-17,8459
4979,華星光,111,42,69,康和-嘉義,2023-04-17,8459
4111,濟生,69,2,67,康和-嘉義,2023-04-17,8459
1784,訊聯,52,1,51,康和-嘉義,2023-04-17,8459
6266,泰詠,48,1,47,康和-嘉義,2023-04-17,8459
3037,欣興,67,22,45,康和-嘉義,2023-04-17,8459
2897,王道銀行,60,20,40,康和-嘉義,2023-04-17,8459
00878,國泰永續高股息,39,0,39,康和-嘉義,2023-04-17,8459
1519,華城,59,20,39,康和-嘉義,2023-04-17,8459
3715,定穎投控,49,14,35,康和-嘉義,2023-04-17,8459
2371,大同,53,19,34,康和-嘉義,2023-04-17,8459
2208,台船,97,65,32,康和-嘉義,2023-04-17,8459
1720,生達,34,5,29,康和-嘉義,2023-04-17,8459
1513,中興電,69,41,28,康和-嘉義,2023-04-17,8459
5371,中光電,101,75,26,康和-嘉義,2023-04-17,8459
3013,晟銘電,45,20,25,康和-嘉義,2023-04-17,8459
1809,中釉,34,10,24,康和-嘉義,2023-04-17,8459
4541,晟田,64,41,23,康和-嘉義,2023-04-17,8459
5347,世界,23,0,23,康和-嘉義,2023-04-17,8459
8088,品安,23,0,23,康和-嘉義,2023-04-17,8459
2630,亞航,87,66,21,康和-嘉義,2023-04-17,8459
1307,三芳,20,0,20,康和-嘉義,2023-04-17,8459
3209,全科,21,1,20,康和-嘉義,2023-04-17,8459
3479,安勤,28,8,20,康和-嘉義,2023-04-17,8459
6443,元晶,23,3,20,康和-嘉義,2023-04-17,8459
1609,大亞,52,33,19,康和-嘉義,2023-04-17,8459
4967,十銓,22,4,18,康和-嘉義,2023-04-17,8459
1444,力麗,34,16,18,康和-嘉義,2023-04-17,8459
2344,華邦電,39,21,18,康和-嘉義,2023-04-17,8459
3046,建��,85,67,18,康和-嘉義,2023-04-17,8459
00772B,中信高評級公司債,17,0,17,康和-嘉義,2023-04-17,8459
00720B,元大投資級公司債,17,0,17,康和-嘉義,2023-04-17,8459
4736,泰博,17,0,17,康和-嘉義,2023-04-17,8459
3617,碩天,15,0,15,康和-嘉義,2023-04-17,8459
00712,復華富時不動產,14,0,14,康和-嘉義,2023-04-17,8459
2359,所羅門,35,21,14,康和-嘉義,2023-04-17,8459
2486,一詮,23,9,14,康和-嘉義,2023-04-17,8459
3231,緯創,23,9,14,康和-嘉義,2023-04-17,8459
3027,盛達,16,3,13,康和-嘉義,2023-04-17,8459
3706,神達,15,2,13,康和-嘉義,2023-04-17,8459
2002,中鋼,13,1,12,康和-嘉義,2023-04-17,8459
1618,合機,12,0,12,康和-嘉義,2023-04-17,8459
3289,宜特,12,0,12,康和-嘉義,2023-04-17,8459
6606,建德工業,13,1,12,康和-嘉義,2023-04-17,8459
2382,廣達,13,2,11,康和-嘉義,2023-04-17,8459
1611,中電,37,26,11,康和-嘉義,2023-04-17,8459
1810,和成,542,1,541,康和-嘉義,2023-04-18,8459
2515,中工,265,36,229,康和-嘉義,2023-04-18,8459
3481,群創,167,3,164,康和-嘉義,2023-04-18,8459
2832,台產,94,0,94,康和-嘉義,2023-04-18,8459
6190,萬泰科,94,4,90,康和-嘉義,2023-04-18,8459
2413,環科,179,97,82,康和-嘉義,2023-04-18,8459
00715L,期街口布蘭特正2,56,0,56,康和-嘉義,2023-04-18,8459
2402,毅嘉,52,2,50,康和-嘉義,2023-04-18,8459
00673R,期元大S＆P原油反1,50,1,49,康和-嘉義,2023-04-18,8459
2453,凌群,49,1,48,康和-嘉義,2023-04-18,8459
2457,飛宏,183,137,46,康和-嘉義,2023-04-18,8459
6244,茂迪,89,44,45,康和-嘉義,2023-04-18,8459
4977,眾達-KY,54,12,42,康和-嘉義,2023-04-18,8459
4743,合一,53,14,39,康和-嘉義,2023-04-18,8459
1471,首利,42,4,38,康和-嘉義,2023-04-18,8459
3234,光環,37,2,35,康和-嘉義,2023-04-18,8459
2211,長榮鋼,66,31,35,康和-嘉義,2023-04-18,8459
5309,系統電,37,4,33,康和-嘉義,2023-04-18,8459
8110,華東,31,0,31,康和-嘉義,2023-04-18,8459
1314,中石化,30,0,30,康和-嘉義,2023-04-18,8459
2317,鴻海,31,1,30,康和-嘉義,2023-04-18,8459
00679B,元大美債20年,29,0,29,康和-嘉義,2023-04-18,8459
6266,泰詠,30,4,26,康和-嘉義,2023-04-18,8459
6672,騰輝電子-KY,27,1,26,康和-嘉義,2023-04-18,8459
3032,偉訓,49,24,25,康和-嘉義,2023-04-18,8459
00720B,元大投資級公司債,24,0,24,康和-嘉義,2023-04-18,8459
4147,中裕,36,12,24,康和-嘉義,2023-04-18,8459
2373,震旦行,22,0,22,康和-嘉義,2023-04-18,8459
4961,天鈺,36,14,22,康和-嘉義,2023-04-18,8459
2605,新興,21,0,21,康和-嘉義,2023-04-18,8459
3062,建漢,48,27,21,康和-嘉義,2023-04-18,8459
2108,南帝,20,0,20,康和-嘉義,2023-04-18,8459
2492,華新科,19,0,19,康和-嘉義,2023-04-18,8459
1795,美時,23,4,19,康和-嘉義,2023-04-18,8459
1101,台泥,21,3,18,康和-嘉義,2023-04-18,8459
00680L,元大美債20正2,18,0,18,康和-嘉義,2023-04-18,8459
3231,緯創,24,6,18,康和-嘉義,2023-04-18,8459
00772B,中信高評級公司債,17,0,17,康和-嘉義,2023-04-18,8459
2301,光寶科,16,0,16,康和-嘉義,2023-04-18,8459
2371,大同,21,5,16,康和-嘉義,2023-04-18,8459
3455,由田,16,0,16,康和-嘉義,2023-04-18,8459
9907,統一實,15,0,15,康和-嘉義,2023-04-18,8459
3499,環天科,15,0,15,康和-嘉義,2023-04-18,8459
8088,品安,18,3,15,康和-嘉義,2023-04-18,8459
1514,亞力,40,25,15,康和-嘉義,2023-04-18,8459
1584,精剛,92,78,14,康和-嘉義,2023-04-18,8459
1809,中釉,49,35,14,康和-嘉義,2023-04-18,8459
2329,華泰,18,4,14,康和-嘉義,2023-04-18,8459
4721,美琪瑪,13,0,13,康和-嘉義,2023-04-18,8459
2313,華通,72,61,11,康和-嘉義,2023-04-18,8459
1609,大亞,593,132,461,康和-嘉義,2023-04-19,8459
3481,群創,609,304,305,康和-嘉義,2023-04-19,8459
6266,泰詠,148,1,147,康和-嘉義,2023-04-19,8459
2634,漢翔,412,316,96,康和-嘉義,2023-04-19,8459
00715L,期街口布蘭特正2,65,0,65,康和-嘉義,2023-04-19,8459
3236,千如,62,1,61,康和-嘉義,2023-04-19,8459
6116,彩晶,145,86,59,康和-嘉義,2023-04-19,8459
4128,中天,57,2,55,康和-嘉義,2023-04-19,8459
8210,勤誠,61,11,50,康和-嘉義,2023-04-19,8459
4934,太極,50,7,43,康和-嘉義,2023-04-19,8459
1504,東元,110,68,42,康和-嘉義,2023-04-19,8459
3047,訊舟,53,15,38,康和-嘉義,2023-04-19,8459
6477,安集,43,5,38,康和-嘉義,2023-04-19,8459
3013,晟銘電,37,0,37,康和-嘉義,2023-04-19,8459
2206,三陽工業,40,4,36,康和-嘉義,2023-04-19,8459
00637L,元大滬深300正2,35,0,35,康和-嘉義,2023-04-19,8459
2739,寒舍,34,0,34,康和-嘉義,2023-04-19,8459
00720B,元大投資級公司債,33,0,33,康和-嘉義,2023-04-19,8459
2014,中鴻,33,1,32,康和-嘉義,2023-04-19,8459
2344,華邦電,36,5,31,康和-嘉義,2023-04-19,8459
2371,大同,31,0,31,康和-嘉義,2023-04-19,8459
4714,永捷,31,0,31,康和-嘉義,2023-04-19,8459
8926,台汽電,31,0,31,康和-嘉義,2023-04-19,8459
6770,力積電,30,5,25,康和-嘉義,2023-04-19,8459
2332,友訊,25,0,25,康和-嘉義,2023-04-19,8459
6163,華電網,42,17,25,康和-嘉義,2023-04-19,8459
8046,南電,29,5,24,康和-嘉義,2023-04-19,8459
1444,力麗,42,20,22,康和-嘉義,2023-04-19,8459
3570,大塚,22,0,22,康和-嘉義,2023-04-19,8459
5347,世界,26,4,22,康和-嘉義,2023-04-19,8459
2201,裕隆,48,26,22,康和-嘉義,2023-04-19,8459
2399,映泰,21,0,21,康和-嘉義,2023-04-19,8459
1712,興農,20,0,20,康和-嘉義,2023-04-19,8459
2331,精英,21,1,20,康和-嘉義,2023-04-19,8459
8403,盛弘,20,0,20,康和-嘉義,2023-04-19,8459
9945,潤泰新,20,0,20,康和-嘉義,2023-04-19,8459
1447,力鵬,18,0,18,康和-嘉義,2023-04-19,8459
2009,第一銅,48,30,18,康和-嘉義,2023-04-19,8459
2409,友達,18,0,18,康和-嘉義,2023-04-19,8459
6470,宇智,25,7,18,康和-嘉義,2023-04-19,8459
00679B,元大美債20年,16,0,16,康和-嘉義,2023-04-19,8459
2208,台船,16,0,16,康和-嘉義,2023-04-19,8459
6160,欣技,29,13,16,康和-嘉義,2023-04-19,8459
1339,昭輝,15,0,15,康和-嘉義,2023-04-19,8459
1760,寶齡富錦,39,24,15,康和-嘉義,2023-04-19,8459
3231,緯創,153,139,14,康和-嘉義,2023-04-19,8459
2498,宏達電,14,0,14,康和-嘉義,2023-04-19,8459
9962,有益,23,9,14,康和-嘉義,2023-04-19,8459
2317,鴻海,13,0,13,康和-嘉義,2023-04-19,8459
1720,生達,40,28,12,康和-嘉義,2023-04-19,8459
2634,漢翔,304,117,187,康和-嘉義,2023-04-20,8459
3576,聯合再生,207,76,131,康和-嘉義,2023-04-20,8459
2884,玉山金,86,1,85,康和-嘉義,2023-04-20,8459
2609,陽明,86,4,82,康和-嘉義,2023-04-20,8459
2515,中工,146,65,81,康和-嘉義,2023-04-20,8459
2603,長榮,96,30,66,康和-嘉義,2023-04-20,8459
6841,長佳智能,63,6,57,康和-嘉義,2023-04-20,8459
2913,農林,65,20,45,康和-嘉義,2023-04-20,8459
8110,華東,45,0,45,康和-嘉義,2023-04-20,8459
3011,今皓,45,1,44,康和-嘉義,2023-04-20,8459
00673R,期元大S＆P原油反1,40,4,36,康和-嘉義,2023-04-20,8459
1339,昭輝,35,0,35,康和-嘉義,2023-04-20,8459
2485,兆赫,37,2,35,康和-嘉義,2023-04-20,8459
6770,力積電,48,16,32,康和-嘉義,2023-04-20,8459
2206,三陽工業,37,6,31,康和-嘉義,2023-04-20,8459
2402,毅嘉,49,18,31,康和-嘉義,2023-04-20,8459
1609,大亞,64,34,30,康和-嘉義,2023-04-20,8459
6185,幃翔,30,0,30,康和-嘉義,2023-04-20,8459
1717,長興,29,0,29,康和-嘉義,2023-04-20,8459
2630,亞航,29,0,29,康和-嘉義,2023-04-20,8459
4128,中天,28,1,27,康和-嘉義,2023-04-20,8459
1519,華城,35,11,24,康和-嘉義,2023-04-20,8459
6288,聯嘉,33,10,23,康和-嘉義,2023-04-20,8459
1605,華新,51,29,22,康和-嘉義,2023-04-20,8459
2498,宏達電,32,10,22,康和-嘉義,2023-04-20,8459
3715,定穎投控,33,11,22,康和-嘉義,2023-04-20,8459
2344,華邦電,24,2,22,康和-嘉義,2023-04-20,8459
3236,千如,21,0,21,康和-嘉義,2023-04-20,8459
8033,雷虎,40,19,21,康和-嘉義,2023-04-20,8459
1789,神隆,22,2,20,康和-嘉義,2023-04-20,8459
3188,鑫龍騰,20,0,20,康和-嘉義,2023-04-20,8459
5347,世界,21,1,20,康和-嘉義,2023-04-20,8459
2888,新光金,19,0,19,康和-嘉義,2023-04-20,8459
4961,天鈺,38,19,19,康和-嘉義,2023-04-20,8459
2645,長榮航太,26,9,17,康和-嘉義,2023-04-20,8459
6129,普誠,17,0,17,康和-嘉義,2023-04-20,8459
1710,東聯,18,2,16,康和-嘉義,2023-04-20,8459
3078,僑威,26,10,16,康和-嘉義,2023-04-20,8459
3673,TPK-KY,16,0,16,康和-嘉義,2023-04-20,8459
1444,力麗,20,4,16,康和-嘉義,2023-04-20,8459
1447,力鵬,16,1,15,康和-嘉義,2023-04-20,8459
5483,中美晶,17,2,15,康和-嘉義,2023-04-20,8459
6863,永道-KY,16,1,15,康和-嘉義,2023-04-20,8459
4167,松瑞藥,15,1,14,康和-嘉義,2023-04-20,8459
6768,志強-KY,14,0,14,康和-嘉義,2023-04-20,8459
1810,和成,24,10,14,康和-嘉義,2023-04-20,8459
2014,中鴻,14,1,13,康和-嘉義,2023-04-20,8459
4147,中裕,55,42,13,康和-嘉義,2023-04-20,8459
6712,長聖,17,4,13,康和-嘉義,2023-04-20,8459
6282,康舒,64,51,13,康和-嘉義,2023-04-20,8459
00665L,富邦�琤肭磪囓�2,371,15,356,康和-嘉義,2023-04-21,8459
00632R,元大台灣50反1,300,5,295,康和-嘉義,2023-04-21,8459
1905,華紙,280,8,272,康和-嘉義,2023-04-21,8459
00753L,中信中國50正2,68,2,66,康和-嘉義,2023-04-21,8459
00715L,期街口布蘭特正2,70,8,62,康和-嘉義,2023-04-21,8459
4931,新盛力,127,67,60,康和-嘉義,2023-04-21,8459
1444,力麗,42,2,40,康和-嘉義,2023-04-21,8459
2884,玉山金,39,0,39,康和-嘉義,2023-04-21,8459
2645,長榮航太,35,1,34,康和-嘉義,2023-04-21,8459
4979,華星光,76,43,33,康和-嘉義,2023-04-21,8459
2615,萬海,25,0,25,康和-嘉義,2023-04-21,8459
6770,力積電,27,4,23,康和-嘉義,2023-04-21,8459
3004,豐達科,23,2,21,康和-嘉義,2023-04-21,8459
5009,榮剛,21,0,21,康和-嘉義,2023-04-21,8459
3576,聯合再生,18,0,18,康和-嘉義,2023-04-21,8459
2317,鴻海,26,8,18,康和-嘉義,2023-04-21,8459
00919,群益台灣精選高息,17,0,17,康和-嘉義,2023-04-21,8459
1809,中釉,17,0,17,康和-嘉義,2023-04-21,8459
2402,毅嘉,26,9,17,康和-嘉義,2023-04-21,8459
6218,豪勉,30,13,17,康和-嘉義,2023-04-21,8459
1760,寶齡富錦,16,0,16,康和-嘉義,2023-04-21,8459
1907,永豐餘,15,0,15,康和-嘉義,2023-04-21,8459
3570,大塚,15,0,15,康和-嘉義,2023-04-21,8459
3325,旭品,14,0,14,康和-嘉義,2023-04-21,8459
1447,力鵬,17,4,13,康和-嘉義,2023-04-21,8459
2002,中鋼,14,1,13,康和-嘉義,2023-04-21,8459
4961,天鈺,23,10,13,康和-嘉義,2023-04-21,8459
8016,矽創,13,0,13,康和-嘉義,2023-04-21,8459
6285,啟��,23,10,13,康和-嘉義,2023-04-21,8459
1339,昭輝,12,0,12,康和-嘉義,2023-04-21,8459
2351,順德,23,12,11,康和-嘉義,2023-04-21,8459
00720B,元大投資級公司債,11,0,11,康和-嘉義,2023-04-21,8459
2610,華航,11,0,11,康和-嘉義,2023-04-21,8459
3006,晶豪科,13,2,11,康和-嘉義,2023-04-21,8459
3708,上緯投控,11,0,11,康和-嘉義,2023-04-21,8459
4128,中天,15,4,11,康和-嘉義,2023-04-21,8459
5301,寶得利,14,3,11,康和-嘉義,2023-04-21,8459
00888,永豐台灣ESG,10,0,10,康和-嘉義,2023-04-21,8459
5234,達興材料,14,4,10,康和-嘉義,2023-04-21,8459
9945,潤泰新,12,2,10,康和-嘉義,2023-04-21,8459
00680L,元大美債20正2,10,0,10,康和-嘉義,2023-04-21,8459
1712,興農,10,0,10,康和-嘉義,2023-04-21,8459
2601,益航,10,0,10,康和-嘉義,2023-04-21,8459
2867,三商壽,10,0,10,康和-嘉義,2023-04-21,8459
3209,全科,10,0,10,康和-嘉義,2023-04-21,8459
3236,千如,10,0,10,康和-嘉義,2023-04-21,8459
4743,合一,13,3,10,康和-嘉義,2023-04-21,8459
6712,長聖,13,3,10,康和-嘉義,2023-04-21,8459
2492,華新科,9,0,9,康和-嘉義,2023-04-21,8459
2014,中鴻,32,23,9,康和-嘉義,2023-04-21,8459
00632R,元大台灣50反1,600,0,600,康和-嘉義,2023-04-24,8459
00665L,富邦�琤肭磪囓�2,271,0,271,康和-嘉義,2023-04-24,8459
1101,台泥,248,24,224,康和-嘉義,2023-04-24,8459
3481,群創,193,4,189,康和-嘉義,2023-04-24,8459
00673R,期元大S＆P原油反1,150,3,147,康和-嘉義,2023-04-24,8459
1609,大亞,77,17,60,康和-嘉義,2023-04-24,8459
2634,漢翔,297,241,56,康和-嘉義,2023-04-24,8459
1709,和益,57,10,47,康和-嘉義,2023-04-24,8459
6190,萬泰科,46,2,44,康和-嘉義,2023-04-24,8459
2883,凱基金,45,2,43,康和-嘉義,2023-04-24,8459
3078,僑威,53,20,33,康和-嘉義,2023-04-24,8459
5347,世界,62,34,28,康和-嘉義,2023-04-24,8459
2515,中工,69,43,26,康和-嘉義,2023-04-24,8459
4979,華星光,72,47,25,康和-嘉義,2023-04-24,8459
9902,台火,24,0,24,康和-嘉義,2023-04-24,8459
00885,富邦越南,21,0,21,康和-嘉義,2023-04-24,8459
1513,中興電,31,11,20,康和-嘉義,2023-04-24,8459
1504,東元,67,47,20,康和-嘉義,2023-04-24,8459
2313,華通,21,1,20,康和-嘉義,2023-04-24,8459
2332,友訊,20,0,20,康和-嘉義,2023-04-24,8459
2455,全新,20,0,20,康和-嘉義,2023-04-24,8459
3071,協禧,26,6,20,康和-嘉義,2023-04-24,8459
6163,華電網,20,0,20,康和-嘉義,2023-04-24,8459
2317,鴻海,23,4,19,康和-嘉義,2023-04-24,8459
2208,台船,42,23,19,康和-嘉義,2023-04-24,8459
6235,華孚,32,13,19,康和-嘉義,2023-04-24,8459
2884,玉山金,28,10,18,康和-嘉義,2023-04-24,8459
00637L,元大滬深300正2,17,0,17,康和-嘉義,2023-04-24,8459
4743,合一,19,2,17,康和-嘉義,2023-04-24,8459
1409,新纖,16,0,16,康和-嘉義,2023-04-24,8459
4162,智擎,32,16,16,康和-嘉義,2023-04-24,8459
6153,嘉聯益,17,1,16,康和-嘉義,2023-04-24,8459
9907,統一實,16,0,16,康和-嘉義,2023-04-24,8459
8383,千附,15,0,15,康和-嘉義,2023-04-24,8459
1444,力麗,16,2,14,康和-嘉義,2023-04-24,8459
1519,華城,31,17,14,康和-嘉義,2023-04-24,8459
1722,台肥,14,0,14,康和-嘉義,2023-04-24,8459
1605,華新,27,14,13,康和-嘉義,2023-04-24,8459
1215,卜蜂,13,0,13,康和-嘉義,2023-04-24,8459
3062,建漢,13,0,13,康和-嘉義,2023-04-24,8459
5478,智冠,13,0,13,康和-嘉義,2023-04-24,8459
6829,千附精密,39,27,12,康和-嘉義,2023-04-24,8459
1339,昭輝,11,0,11,康和-嘉義,2023-04-24,8459
2206,三陽工業,15,4,11,康和-嘉義,2023-04-24,8459
2352,佳世達,11,0,11,康和-嘉義,2023-04-24,8459
2006,東和鋼鐵,10,0,10,康和-嘉義,2023-04-24,8459
4541,晟田,11,1,10,康和-嘉義,2023-04-24,8459
5483,中美晶,11,2,9,康和-嘉義,2023-04-24,8459
1802,台玻,10,1,9,康和-嘉義,2023-04-24,8459
5371,中光電,8,0,8,康和-嘉義,2023-04-24,8459
2515,中工,293,20,273,康和-嘉義,2023-04-25,8459
00665L,富邦�琤肭磪囓�2,202,0,202,康和-嘉義,2023-04-25,8459
2634,漢翔,728,645,83,康和-嘉義,2023-04-25,8459
6116,彩晶,69,0,69,康和-嘉義,2023-04-25,8459
6244,茂迪,82,17,65,康和-嘉義,2023-04-25,8459
2884,玉山金,63,4,59,康和-嘉義,2023-04-25,8459
3419,譁裕,54,0,54,康和-嘉義,2023-04-25,8459
4106,雃博,50,0,50,康和-嘉義,2023-04-25,8459
8070,長華*,41,0,41,康和-嘉義,2023-04-25,8459
8383,千附,43,2,41,康和-嘉義,2023-04-25,8459
0056,元大高股息,40,0,40,康和-嘉義,2023-04-25,8459
00878,國泰永續高股息,43,4,39,康和-嘉義,2023-04-25,8459
2603,長榮,42,4,38,康和-嘉義,2023-04-25,8459
6218,豪勉,51,15,36,康和-嘉義,2023-04-25,8459
1215,卜蜂,39,5,34,康和-嘉義,2023-04-25,8459
2303,聯電,45,12,33,康和-嘉義,2023-04-25,8459
00885,富邦越南,30,0,30,康和-嘉義,2023-04-25,8459
3005,神基,30,2,28,康和-嘉義,2023-04-25,8459
3209,全科,28,1,27,康和-嘉義,2023-04-25,8459
00881,國泰台灣5G+,23,0,23,康和-嘉義,2023-04-25,8459
1503,士電,25,5,20,康和-嘉義,2023-04-25,8459
1605,華新,28,8,20,康和-嘉義,2023-04-25,8459
1815,富喬,20,0,20,康和-嘉義,2023-04-25,8459
3026,禾伸堂,20,0,20,康和-嘉義,2023-04-25,8459
4173,久裕,20,0,20,康和-嘉義,2023-04-25,8459
5483,中美晶,21,1,20,康和-嘉義,2023-04-25,8459
3037,欣興,27,9,18,康和-嘉義,2023-04-25,8459
3231,緯創,67,50,17,康和-嘉義,2023-04-25,8459
2002,中鋼,16,1,15,康和-嘉義,2023-04-25,8459
00641R,富邦日本反1,15,0,15,康和-嘉義,2023-04-25,8459
1339,昭輝,15,0,15,康和-嘉義,2023-04-25,8459
1504,東元,67,52,15,康和-嘉義,2023-04-25,8459
2615,萬海,14,0,14,康和-嘉義,2023-04-25,8459
2402,毅嘉,15,1,14,康和-嘉義,2023-04-25,8459
3025,星通,14,0,14,康和-嘉義,2023-04-25,8459
5222,全訊,46,32,14,康和-嘉義,2023-04-25,8459
2883,凱基金,13,0,13,康和-嘉義,2023-04-25,8459
3006,晶豪科,14,1,13,康和-嘉義,2023-04-25,8459
3078,僑威,20,7,13,康和-嘉義,2023-04-25,8459
3324,雙鴻,15,2,13,康和-嘉義,2023-04-25,8459
00720B,元大投資級公司債,11,0,11,康和-嘉義,2023-04-25,8459
4977,眾達-KY,11,0,11,康和-嘉義,2023-04-25,8459
6153,嘉聯益,19,8,11,康和-嘉義,2023-04-25,8459
6288,聯嘉,12,1,11,康和-嘉義,2023-04-25,8459
6443,元晶,13,2,11,康和-嘉義,2023-04-25,8459
9907,統一實,11,0,11,康和-嘉義,2023-04-25,8459
00772B,中信高評級公司債,20,10,10,康和-嘉義,2023-04-25,8459
1434,福懋,10,0,10,康和-嘉義,2023-04-25,8459
1710,東聯,11,1,10,康和-嘉義,2023-04-25,8459
2006,東和鋼鐵,10,0,10,康和-嘉義,2023-04-25,8459
1907,永豐餘,246,15,231,康和-嘉義,2023-04-26,8459
1905,華紙,195,130,65,康和-嘉義,2023-04-26,8459
2897,王道銀行,45,0,45,康和-嘉義,2023-04-26,8459
3013,晟銘電,41,0,41,康和-嘉義,2023-04-26,8459
6829,千附精密,70,34,36,康和-嘉義,2023-04-26,8459
2609,陽明,32,2,30,康和-嘉義,2023-04-26,8459
4566,時碩工業,55,25,30,康和-嘉義,2023-04-26,8459
1310,台苯,76,49,27,康和-嘉義,2023-04-26,8459
8222,寶一,56,30,26,康和-嘉義,2023-04-26,8459
00715L,期街口布蘭特正2,27,2,25,康和-嘉義,2023-04-26,8459
2913,農林,53,28,25,康和-嘉義,2023-04-26,8459
2352,佳世達,21,0,21,康和-嘉義,2023-04-26,8459
2383,台光電,21,0,21,康和-嘉義,2023-04-26,8459
2303,聯電,24,5,19,康和-嘉義,2023-04-26,8459
3265,台星科,18,1,17,康和-嘉義,2023-04-26,8459
1609,大亞,17,1,16,康和-嘉義,2023-04-26,8459
1101,台泥,25,9,16,康和-嘉義,2023-04-26,8459
00772B,中信高評級公司債,15,0,15,康和-嘉義,2023-04-26,8459
1409,新纖,15,0,15,康和-嘉義,2023-04-26,8459
2610,華航,19,5,14,康和-嘉義,2023-04-26,8459
3540,曜越,15,1,14,康和-嘉義,2023-04-26,8459
2002,中鋼,13,0,13,康和-嘉義,2023-04-26,8459
5351,鈺創,13,0,13,康和-嘉義,2023-04-26,8459
2867,三商壽,16,4,12,康和-嘉義,2023-04-26,8459
5880,合庫金,12,1,11,康和-嘉義,2023-04-26,8459
6116,彩晶,11,0,11,康和-嘉義,2023-04-26,8459
6129,普誠,11,0,11,康和-嘉義,2023-04-26,8459
6770,力積電,10,0,10,康和-嘉義,2023-04-26,8459
6752,叡揚,30,20,10,康和-嘉義,2023-04-26,8459
00664R,國泰臺灣加權反1,10,0,10,康和-嘉義,2023-04-26,8459
1810,和成,10,0,10,康和-嘉義,2023-04-26,8459
2332,友訊,10,0,10,康和-嘉義,2023-04-26,8459
2374,佳能,10,0,10,康和-嘉義,2023-04-26,8459
3062,建漢,10,0,10,康和-嘉義,2023-04-26,8459
3289,宜特,11,1,10,康和-嘉義,2023-04-26,8459
4960,誠美材,16,6,10,康和-嘉義,2023-04-26,8459
6285,啟��,15,5,10,康和-嘉義,2023-04-26,8459
6290,良維,10,0,10,康和-嘉義,2023-04-26,8459
2027,大成鋼,10,0,10,康和-嘉義,2023-04-26,8459
1714,和桐,12,3,9,康和-嘉義,2023-04-26,8459
1720,生達,10,1,9,康和-嘉義,2023-04-26,8459
3481,群創,80,71,9,康和-嘉義,2023-04-26,8459
5475,德宏,10,1,9,康和-嘉義,2023-04-26,8459
8938,明安,7,0,7,康和-嘉義,2023-04-26,8459
00830,國泰費城半導體,7,0,7,康和-嘉義,2023-04-26,8459
6443,元晶,8,1,7,康和-嘉義,2023-04-26,8459
6712,長聖,8,1,7,康和-嘉義,2023-04-26,8459
0050,元大台灣50,7,0,7,康和-嘉義,2023-04-26,8459
2340,台亞,6,0,6,康和-嘉義,2023-04-26,8459
8403,盛弘,6,0,6,康和-嘉義,2023-04-26,8459
2610,華航,920,39,881,康和-嘉義,2023-04-27,8459
4967,十銓,114,34,80,康和-嘉義,2023-04-27,8459
4106,雃博,70,0,70,康和-嘉義,2023-04-27,8459
00715L,期街口布蘭特正2,64,0,64,康和-嘉義,2023-04-27,8459
4960,誠美材,60,8,52,康和-嘉義,2023-04-27,8459
6282,康舒,47,9,38,康和-嘉義,2023-04-27,8459
2634,漢翔,344,311,33,康和-嘉義,2023-04-27,8459
3624,光頡,59,32,27,康和-嘉義,2023-04-27,8459
2801,彰銀,26,2,24,康和-嘉義,2023-04-27,8459
1711,永光,56,34,22,康和-嘉義,2023-04-27,8459
1784,訊聯,21,0,21,康和-嘉義,2023-04-27,8459
2352,佳世達,28,8,20,康和-嘉義,2023-04-27,8459
2338,光罩,20,0,20,康和-嘉義,2023-04-27,8459
6266,泰詠,20,0,20,康和-嘉義,2023-04-27,8459
5347,世界,22,4,18,康和-嘉義,2023-04-27,8459
8222,寶一,19,2,17,康和-嘉義,2023-04-27,8459
1605,華新,23,7,16,康和-嘉義,2023-04-27,8459
6244,茂迪,121,105,16,康和-嘉義,2023-04-27,8459
6116,彩晶,15,0,15,康和-嘉義,2023-04-27,8459
1721,三晃,49,37,12,康和-嘉義,2023-04-27,8459
2412,中華電,13,1,12,康和-嘉義,2023-04-27,8459
8176,智捷,11,0,11,康和-嘉義,2023-04-27,8459
1802,台玻,10,0,10,康和-嘉義,2023-04-27,8459
1314,中石化,10,0,10,康和-嘉義,2023-04-27,8459
00641R,富邦日本反1,10,0,10,康和-嘉義,2023-04-27,8459
00885,富邦越南,10,0,10,康和-嘉義,2023-04-27,8459
00905,FT臺灣Smart,10,0,10,康和-嘉義,2023-04-27,8459
1104,環泥,10,0,10,康和-嘉義,2023-04-27,8459
2387,精元,10,0,10,康和-嘉義,2023-04-27,8459
3051,力特,10,0,10,康和-嘉義,2023-04-27,8459
4157,太景*-KY,10,0,10,康和-嘉義,2023-04-27,8459
5483,中美晶,10,0,10,康和-嘉義,2023-04-27,8459
6672,騰輝電子-KY,10,0,10,康和-嘉義,2023-04-27,8459
6770,力積電,9,0,9,康和-嘉義,2023-04-27,8459
1789,神隆,15,6,9,康和-嘉義,2023-04-27,8459
2471,資通,21,12,9,康和-嘉義,2023-04-27,8459
5425,台半,17,8,9,康和-嘉義,2023-04-27,8459
3455,由田,8,0,8,康和-嘉義,2023-04-27,8459
4541,晟田,30,22,8,康和-嘉義,2023-04-27,8459
4581,光隆精密-KY,10,2,8,康和-嘉義,2023-04-27,8459
6863,永道-KY,9,1,8,康和-嘉義,2023-04-27,8459
2330,台積電,12,5,7,康和-嘉義,2023-04-27,8459
2603,長榮,8,1,7,康和-嘉義,2023-04-27,8459
3088,艾訊,7,0,7,康和-嘉義,2023-04-27,8459
8171,天宇,9,2,7,康和-嘉義,2023-04-27,8459
2409,友達,61,55,6,康和-嘉義,2023-04-27,8459
1434,福懋,6,0,6,康和-嘉義,2023-04-27,8459
3264,欣銓,8,2,6,康和-嘉義,2023-04-27,8459
6190,萬泰科,16,10,6,康和-嘉義,2023-04-27,8459
1101,台泥,7,2,5,康和-嘉義,2023-04-27,8459
2409,友達,419,32,387,康和-嘉義,2023-04-28,8459
00715L,期街口布蘭特正2,103,7,96,康和-嘉義,2023-04-28,8459
2888,新光金,65,1,64,康和-嘉義,2023-04-28,8459
3481,群創,77,18,59,康和-嘉義,2023-04-28,8459
2402,毅嘉,71,16,55,康和-嘉義,2023-04-28,8459
6266,泰詠,54,3,51,康和-嘉義,2023-04-28,8459
1717,長興,42,1,41,康和-嘉義,2023-04-28,8459
1701,中化,84,44,40,康和-嘉義,2023-04-28,8459
2801,彰銀,43,3,40,康和-嘉義,2023-04-28,8459
00878,國泰永續高股息,41,3,38,康和-嘉義,2023-04-28,8459
1504,東元,43,5,38,康和-嘉義,2023-04-28,8459
1215,卜蜂,37,0,37,康和-嘉義,2023-04-28,8459
8213,志超,36,1,35,康和-嘉義,2023-04-28,8459
00720B,元大投資級公司債,33,0,33,康和-嘉義,2023-04-28,8459
4106,雃博,91,61,30,康和-嘉義,2023-04-28,8459
6190,萬泰科,30,0,30,康和-嘉義,2023-04-28,8459
2880,華南金,89,60,29,康和-嘉義,2023-04-28,8459
4960,誠美材,32,4,28,康和-嘉義,2023-04-28,8459
2609,陽明,33,7,26,康和-嘉義,2023-04-28,8459
6116,彩晶,24,0,24,康和-嘉義,2023-04-28,8459
2449,京元電子,22,1,21,康和-嘉義,2023-04-28,8459
2206,三陽工業,45,25,20,康和-嘉義,2023-04-28,8459
3289,宜特,22,2,20,康和-嘉義,2023-04-28,8459
3006,晶豪科,26,7,19,康和-嘉義,2023-04-28,8459
4168,醣聯,22,5,17,康和-嘉義,2023-04-28,8459
4572,駐龍,31,14,17,康和-嘉義,2023-04-28,8459
1519,華城,36,20,16,康和-嘉義,2023-04-28,8459
2882,國泰金,19,4,15,康和-嘉義,2023-04-28,8459
1710,東聯,18,5,13,康和-嘉義,2023-04-28,8459
00713,元大台灣高息低波,12,0,12,康和-嘉義,2023-04-28,8459
1795,美時,16,4,12,康和-嘉義,2023-04-28,8459
2453,凌群,55,43,12,康和-嘉義,2023-04-28,8459
2413,環科,11,0,11,康和-嘉義,2023-04-28,8459
2637,慧洋-KY,11,0,11,康和-嘉義,2023-04-28,8459
6271,同欣電,11,0,11,康和-嘉義,2023-04-28,8459
00772B,中信高評級公司債,10,0,10,康和-嘉義,2023-04-28,8459
00885,富邦越南,10,0,10,康和-嘉義,2023-04-28,8459
00882,中信中國高股息,15,5,10,康和-嘉義,2023-04-28,8459
00898,國泰基因免疫革命,10,0,10,康和-嘉義,2023-04-28,8459
00671R,富邦NASDAQ反1,10,0,10,康和-嘉義,2023-04-28,8459
00632R,元大台灣50反1,10,0,10,康和-嘉義,2023-04-28,8459
00687B,國泰20年美債,10,0,10,康和-嘉義,2023-04-28,8459
1815,富喬,10,0,10,康和-嘉義,2023-04-28,8459
2612,中航,10,0,10,康和-嘉義,2023-04-28,8459
3499,環天科,10,0,10,康和-嘉義,2023-04-28,8459
6443,元晶,10,0,10,康和-嘉義,2023-04-28,8459
8227,巨有科技,25,15,10,康和-嘉義,2023-04-28,8459
4746,台耀,9,0,9,康和-嘉義,2023-04-28,8459
2731,雄獅,11,3,8,康和-嘉義,2023-04-28,8459
3088,艾訊,8,0,8,康和-嘉義,2023-04-28,8459
00665L,富邦�琤肭磪囓�2,370,6,364,康和-嘉義,2023-05-02,8459
00680L,元大美債20正2,299,0,299,康和-嘉義,2023-05-02,8459
8085,福華,250,0,250,康和-嘉義,2023-05-02,8459
1101,台泥,207,42,165,康和-嘉義,2023-05-02,8459
2409,友達,315,181,134,康和-嘉義,2023-05-02,8459
8222,寶一,228,162,66,康和-嘉義,2023-05-02,8459
3481,群創,177,115,62,康和-嘉義,2023-05-02,8459
0056,元大高股息,62,17,45,康和-嘉義,2023-05-02,8459
00679B,元大美債20年,42,2,40,康和-嘉義,2023-05-02,8459
2603,長榮,40,3,37,康和-嘉義,2023-05-02,8459
1721,三晃,46,11,35,康和-嘉義,2023-05-02,8459
1514,亞力,57,23,34,康和-嘉義,2023-05-02,8459
2609,陽明,34,4,30,康和-嘉義,2023-05-02,8459
4162,智擎,56,26,30,康和-嘉義,2023-05-02,8459
6244,茂迪,41,11,30,康和-嘉義,2023-05-02,8459
1776,展宇,32,3,29,康和-嘉義,2023-05-02,8459
4736,泰博,27,0,27,康和-嘉義,2023-05-02,8459
3045,台灣大,26,0,26,康和-嘉義,2023-05-02,8459
2892,第一金,20,0,20,康和-嘉義,2023-05-02,8459
6150,撼訊,20,0,20,康和-嘉義,2023-05-02,8459
5347,世界,20,1,19,康和-嘉義,2023-05-02,8459
6234,高僑,53,34,19,康和-嘉義,2023-05-02,8459
9935,慶豐富,20,1,19,康和-嘉義,2023-05-02,8459
2884,玉山金,19,0,19,康和-嘉義,2023-05-02,8459
2888,新光金,20,2,18,康和-嘉義,2023-05-02,8459
2880,華南金,18,1,17,康和-嘉義,2023-05-02,8459
2515,中工,31,15,16,康和-嘉義,2023-05-02,8459
4439,冠星-KY,16,0,16,康和-嘉義,2023-05-02,8459
2834,臺企銀,14,0,14,康和-嘉義,2023-05-02,8459
2913,農林,26,12,14,康和-嘉義,2023-05-02,8459
1711,永光,30,17,13,康和-嘉義,2023-05-02,8459
2344,華邦電,40,28,12,康和-嘉義,2023-05-02,8459
1524,耿鼎,12,0,12,康和-嘉義,2023-05-02,8459
2504,國產,12,0,12,康和-嘉義,2023-05-02,8459
3202,樺晟,14,2,12,康和-嘉義,2023-05-02,8459
6770,力積電,27,15,12,康和-嘉義,2023-05-02,8459
1219,福壽,10,0,10,康和-嘉義,2023-05-02,8459
1104,環泥,19,9,10,康和-嘉義,2023-05-02,8459
00888,永豐台灣ESG,10,0,10,康和-嘉義,2023-05-02,8459
00687B,國泰20年美債,10,0,10,康和-嘉義,2023-05-02,8459
1434,福懋,10,0,10,康和-嘉義,2023-05-02,8459
1784,訊聯,24,14,10,康和-嘉義,2023-05-02,8459
8091,翔名,10,0,10,康和-嘉義,2023-05-02,8459
1513,中興電,30,21,9,康和-嘉義,2023-05-02,8459
1529,樂事綠能,9,0,9,康和-嘉義,2023-05-02,8459
2453,凌群,10,1,9,康和-嘉義,2023-05-02,8459
6190,萬泰科,19,10,9,康和-嘉義,2023-05-02,8459
8069,元太,25,16,9,康和-嘉義,2023-05-02,8459
1612,宏泰,10,1,9,康和-嘉義,2023-05-02,8459
2206,三陽工業,63,55,8,康和-嘉義,2023-05-02,8459
00715L,期街口布蘭特正2,205,50,155,康和-嘉義,2023-05-03,8459
2344,華邦電,125,23,102,康和-嘉義,2023-05-03,8459
3206,志豐,101,10,91,康和-嘉義,2023-05-03,8459
2417,圓剛,52,1,51,康和-嘉義,2023-05-03,8459
1905,華紙,121,71,50,康和-嘉義,2023-05-03,8459
2634,漢翔,131,89,42,康和-嘉義,2023-05-03,8459
1514,亞力,68,31,37,康和-嘉義,2023-05-03,8459
2801,彰銀,35,3,32,康和-嘉義,2023-05-03,8459
8110,華東,30,0,30,康和-嘉義,2023-05-03,8459
00893,國泰智能電動車,27,0,27,康和-嘉義,2023-05-03,8459
4915,致伸,47,20,27,康和-嘉義,2023-05-03,8459
2884,玉山金,43,16,27,康和-嘉義,2023-05-03,8459
2603,長榮,40,14,26,康和-嘉義,2023-05-03,8459
2609,陽明,27,4,23,康和-嘉義,2023-05-03,8459
2457,飛宏,87,64,23,康和-嘉義,2023-05-03,8459
3147,大綜,22,0,22,康和-嘉義,2023-05-03,8459
3419,譁裕,23,1,22,康和-嘉義,2023-05-03,8459
8222,寶一,513,491,22,康和-嘉義,2023-05-03,8459
2455,全新,21,0,21,康和-嘉義,2023-05-03,8459
2489,瑞軒,32,11,21,康和-嘉義,2023-05-03,8459
2485,兆赫,20,0,20,康和-嘉義,2023-05-03,8459
2888B,新光金乙特,20,0,20,康和-嘉義,2023-05-03,8459
3712,永崴投控,20,0,20,康和-嘉義,2023-05-03,8459
5009,榮剛,52,32,20,康和-嘉義,2023-05-03,8459
8064,東捷,20,0,20,康和-嘉義,2023-05-03,8459
6741,91APP*-KY,21,3,18,康和-嘉義,2023-05-03,8459
3447,展達,16,0,16,康和-嘉義,2023-05-03,8459
6153,嘉聯益,17,1,16,康和-嘉義,2023-05-03,8459
6160,欣技,18,2,16,康和-嘉義,2023-05-03,8459
2495,普安,17,2,15,康和-嘉義,2023-05-03,8459
4950,牧東,15,0,15,康和-嘉義,2023-05-03,8459
3363,上詮,16,2,14,康和-嘉義,2023-05-03,8459
4736,泰博,23,10,13,康和-嘉義,2023-05-03,8459
2492,華新科,13,1,12,康和-嘉義,2023-05-03,8459
8069,元太,25,13,12,康和-嘉義,2023-05-03,8459
1104,環泥,28,17,11,康和-嘉義,2023-05-03,8459
2605,新興,20,9,11,康和-嘉義,2023-05-03,8459
2615,萬海,11,0,11,康和-嘉義,2023-05-03,8459
3231,緯創,139,128,11,康和-嘉義,2023-05-03,8459
4128,中天,12,1,11,康和-嘉義,2023-05-03,8459
4439,冠星-KY,11,0,11,康和-嘉義,2023-05-03,8459
1529,樂事綠能,10,0,10,康和-嘉義,2023-05-03,8459
4121,優盛,14,4,10,康和-嘉義,2023-05-03,8459
5222,全訊,82,72,10,康和-嘉義,2023-05-03,8459
6185,幃翔,10,0,10,康和-嘉義,2023-05-03,8459
00712,復華富時不動產,9,0,9,康和-嘉義,2023-05-03,8459
1304,台聚,9,0,9,康和-嘉義,2023-05-03,8459
2359,所羅門,9,0,9,康和-嘉義,2023-05-03,8459
3029,零壹,9,0,9,康和-嘉義,2023-05-03,8459
9958,世紀鋼,10,1,9,康和-嘉義,2023-05-03,8459
2610,華航,510,0,510,康和-嘉義,2023-05-04,8459
6191,精成科,234,5,229,康和-嘉義,2023-05-04,8459
00715L,期街口布蘭特正2,186,3,183,康和-嘉義,2023-05-04,8459
1609,大亞,319,146,173,康和-嘉義,2023-05-04,8459
2618,長榮航,101,0,101,康和-嘉義,2023-05-04,8459
3537,堡達,51,0,51,康和-嘉義,2023-05-04,8459
8213,志超,44,0,44,康和-嘉義,2023-05-04,8459
4439,冠星-KY,38,0,38,康和-嘉義,2023-05-04,8459
8086,宏捷科,30,0,30,康和-嘉義,2023-05-04,8459
6829,千附精密,36,7,29,康和-嘉義,2023-05-04,8459
2441,超豐,28,0,28,康和-嘉義,2023-05-04,8459
1504,東元,156,129,27,康和-嘉義,2023-05-04,8459
3206,志豐,26,1,25,康和-嘉義,2023-05-04,8459
4541,晟田,41,16,25,康和-嘉義,2023-05-04,8459
2338,光罩,23,0,23,康和-嘉義,2023-05-04,8459
1795,美時,84,62,22,康和-嘉義,2023-05-04,8459
00642U,期元大S＆P石油,21,0,21,康和-嘉義,2023-05-04,8459
2204,中華,21,0,21,康和-嘉義,2023-05-04,8459
4162,智擎,43,22,21,康和-嘉義,2023-05-04,8459
5309,系統電,23,2,21,康和-嘉義,2023-05-04,8459
2352,佳世達,20,0,20,康和-嘉義,2023-05-04,8459
4736,泰博,20,0,20,康和-嘉義,2023-05-04,8459
5488,松普,20,0,20,康和-嘉義,2023-05-04,8459
8064,東捷,20,0,20,康和-嘉義,2023-05-04,8459
2634,漢翔,96,78,18,康和-嘉義,2023-05-04,8459
6112,邁達特,20,2,18,康和-嘉義,2023-05-04,8459
6116,彩晶,18,0,18,康和-嘉義,2023-05-04,8459
2344,華邦電,48,31,17,康和-嘉義,2023-05-04,8459
1720,生達,19,2,17,康和-嘉義,2023-05-04,8459
1809,中釉,17,1,16,康和-嘉義,2023-05-04,8459
6214,精誠,32,16,16,康和-嘉義,2023-05-04,8459
2409,友達,16,1,15,康和-嘉義,2023-05-04,8459
3049,精金,15,0,15,康和-嘉義,2023-05-04,8459
1783,和康生,31,16,15,康和-嘉義,2023-05-04,8459
2329,華泰,15,0,15,康和-嘉義,2023-05-04,8459
3006,晶豪科,15,1,14,康和-嘉義,2023-05-04,8459
4174,浩鼎,14,0,14,康和-嘉義,2023-05-04,8459
4953,緯軟,15,2,13,康和-嘉義,2023-05-04,8459
4915,致伸,13,0,13,康和-嘉義,2023-05-04,8459
6477,安集,14,1,13,康和-嘉義,2023-05-04,8459
2480,敦陽科,29,17,12,康和-嘉義,2023-05-04,8459
4128,中天,23,11,12,康和-嘉義,2023-05-04,8459
8938,明安,11,0,11,康和-嘉義,2023-05-04,8459
00885,富邦越南,11,0,11,康和-嘉義,2023-05-04,8459
2495,普安,13,2,11,康和-嘉義,2023-05-04,8459
3715,定穎投控,45,34,11,康和-嘉義,2023-05-04,8459
4746,台耀,24,13,11,康和-嘉義,2023-05-04,8459
4909,新復興,11,0,11,康和-嘉義,2023-05-04,8459
6443,元晶,11,0,11,康和-嘉義,2023-05-04,8459
00674R,期元大S＆P黃金反1,10,0,10,康和-嘉義,2023-05-04,8459
8930,青鋼,478,7,471,康和-嘉義,2023-05-05,8459
6191,精成科,255,3,252,康和-嘉義,2023-05-05,8459
1609,大亞,285,62,223,康和-嘉義,2023-05-05,8459
4114,健喬,106,14,92,康和-嘉義,2023-05-05,8459
00664R,國泰臺灣加權反1,45,0,45,康和-嘉義,2023-05-05,8459
3689,湧德,45,0,45,康和-嘉義,2023-05-05,8459
6244,茂迪,85,46,39,康和-嘉義,2023-05-05,8459
2630,亞航,71,34,37,康和-嘉義,2023-05-05,8459
00878,國泰永續高股息,30,0,30,康和-嘉義,2023-05-05,8459
2812,台中銀,30,0,30,康和-嘉義,2023-05-05,8459
8086,宏捷科,30,0,30,康和-嘉義,2023-05-05,8459
3005,神基,65,38,27,康和-嘉義,2023-05-05,8459
6129,普誠,30,5,25,康和-嘉義,2023-05-05,8459
4541,晟田,74,52,22,康和-嘉義,2023-05-05,8459
4743,合一,23,2,21,康和-嘉義,2023-05-05,8459
1907,永豐餘,20,0,20,康和-嘉義,2023-05-05,8459
3324,雙鴻,26,6,20,康和-嘉義,2023-05-05,8459
6239,力成,20,0,20,康和-嘉義,2023-05-05,8459
6578,達邦蛋白,20,0,20,康和-嘉義,2023-05-05,8459
4123,晟德,22,3,19,康和-嘉義,2023-05-05,8459
1529,樂事綠能,21,3,18,康和-嘉義,2023-05-05,8459
00715L,期街口布蘭特正2,28,11,17,康和-嘉義,2023-05-05,8459
1752,南光,22,5,17,康和-嘉義,2023-05-05,8459
2886,兆豐金,17,0,17,康和-嘉義,2023-05-05,8459
4736,泰博,34,17,17,康和-嘉義,2023-05-05,8459
4746,台耀,17,0,17,康和-嘉義,2023-05-05,8459
6167,久正,21,4,17,康和-嘉義,2023-05-05,8459
6235,華孚,17,0,17,康和-嘉義,2023-05-05,8459
6829,千附精密,30,13,17,康和-嘉義,2023-05-05,8459
2881,富邦金,16,0,16,康和-嘉義,2023-05-05,8459
2880,華南金,16,1,15,康和-嘉義,2023-05-05,8459
3231,緯創,46,31,15,康和-嘉義,2023-05-05,8459
2002,中鋼,25,11,14,康和-嘉義,2023-05-05,8459
00632R,元大台灣50反1,15,1,14,康和-嘉義,2023-05-05,8459
6443,元晶,14,0,14,康和-嘉義,2023-05-05,8459
3687,歐買尬,12,1,11,康和-嘉義,2023-05-05,8459
6160,欣技,13,2,11,康和-嘉義,2023-05-05,8459
2443,昶虹,10,0,10,康和-嘉義,2023-05-05,8459
4128,中天,12,2,10,康和-嘉義,2023-05-05,8459
6220,岳豐,10,0,10,康和-嘉義,2023-05-05,8459
2352,佳世達,14,5,9,康和-嘉義,2023-05-05,8459
2637,慧洋-KY,10,1,9,康和-嘉義,2023-05-05,8459
3024,憶聲,9,0,9,康和-嘉義,2023-05-05,8459
3576,聯合再生,14,5,9,康和-嘉義,2023-05-05,8459
6282,康舒,11,2,9,康和-嘉義,2023-05-05,8459
2609,陽明,9,1,8,康和-嘉義,2023-05-05,8459
2727,王品,11,3,8,康和-嘉義,2023-05-05,8459
4968,立積,23,15,8,康和-嘉義,2023-05-05,8459
2206,三陽工業,32,25,7,康和-嘉義,2023-05-05,8459
00642U,期元大S＆P石油,7,0,7,康和-嘉義,2023-05-05,8459
2851,中再保,864,10,854,康和-嘉義,2023-05-08,8459
3481,群創,165,2,163,康和-嘉義,2023-05-08,8459
8930,青鋼,139,3,136,康和-嘉義,2023-05-08,8459
6125,廣運,52,0,52,康和-嘉義,2023-05-08,8459
2104,國際中橡,50,0,50,康和-嘉義,2023-05-08,8459
1215,卜蜂,47,0,47,康和-嘉義,2023-05-08,8459
8942,森鉅,48,1,47,康和-嘉義,2023-05-08,8459
1609,大亞,126,80,46,康和-嘉義,2023-05-08,8459
00715L,期街口布蘭特正2,71,27,44,康和-嘉義,2023-05-08,8459
3005,神基,51,11,40,康和-嘉義,2023-05-08,8459
2609,陽明,46,8,38,康和-嘉義,2023-05-08,8459
2634,漢翔,67,29,38,康和-嘉義,2023-05-08,8459
6190,萬泰科,40,2,38,康和-嘉義,2023-05-08,8459
2630,亞航,35,0,35,康和-嘉義,2023-05-08,8459
4979,華星光,38,7,31,康和-嘉義,2023-05-08,8459
2812,台中銀,30,0,30,康和-嘉義,2023-05-08,8459
1524,耿鼎,29,0,29,康和-嘉義,2023-05-08,8459
3715,定穎投控,101,72,29,康和-嘉義,2023-05-08,8459
1319,東陽,28,0,28,康和-嘉義,2023-05-08,8459
1504,東元,240,216,24,康和-嘉義,2023-05-08,8459
4736,泰博,23,0,23,康和-嘉義,2023-05-08,8459
1513,中興電,62,40,22,康和-嘉義,2023-05-08,8459
6234,高僑,22,0,22,康和-嘉義,2023-05-08,8459
2884,玉山金,21,0,21,康和-嘉義,2023-05-08,8459
2353,宏��,27,7,20,康和-嘉義,2023-05-08,8459
5876,上海商銀,20,0,20,康和-嘉義,2023-05-08,8459
8064,東捷,20,0,20,康和-嘉義,2023-05-08,8459
4744,皇將,21,2,19,康和-嘉義,2023-05-08,8459
1519,華城,55,37,18,康和-嘉義,2023-05-08,8459
1314,中石化,16,0,16,康和-嘉義,2023-05-08,8459
00878,國泰永續高股息,18,3,15,康和-嘉義,2023-05-08,8459
2883,凱基金,46,31,15,康和-嘉義,2023-05-08,8459
2897,王道銀行,15,0,15,康和-嘉義,2023-05-08,8459
2328,廣宇,15,0,15,康和-嘉義,2023-05-08,8459
6625,必應,16,1,15,康和-嘉義,2023-05-08,8459
00632R,元大台灣50反1,14,0,14,康和-嘉義,2023-05-08,8459
2402,毅嘉,71,57,14,康和-嘉義,2023-05-08,8459
2615,萬海,15,1,14,康和-嘉義,2023-05-08,8459
5425,台半,22,8,14,康和-嘉義,2023-05-08,8459
6245,立端,15,1,14,康和-嘉義,2023-05-08,8459
2457,飛宏,34,21,13,康和-嘉義,2023-05-08,8459
2038,海光,13,0,13,康和-嘉義,2023-05-08,8459
6244,茂迪,17,4,13,康和-嘉義,2023-05-08,8459
4164,承業醫,12,0,12,康和-嘉義,2023-05-08,8459
8069,元太,35,23,12,康和-嘉義,2023-05-08,8459
2482,連宇,15,4,11,康和-嘉義,2023-05-08,8459
1905,華紙,23,12,11,康和-嘉義,2023-05-08,8459
2352,佳世達,13,2,11,康和-嘉義,2023-05-08,8459
3035,智原,12,1,11,康和-嘉義,2023-05-08,8459
5464,霖宏,16,5,11,康和-嘉義,2023-05-08,8459
1447,力鵬,220,10,210,康和-嘉義,2023-05-09,8459
00680L,元大美債20正2,115,0,115,康和-嘉義,2023-05-09,8459
3206,志豐,115,0,115,康和-嘉義,2023-05-09,8459
00673R,期元大S＆P原油反1,105,0,105,康和-嘉義,2023-05-09,8459
2637,慧洋-KY,99,0,99,康和-嘉義,2023-05-09,8459
4931,新盛力,92,3,89,康和-嘉義,2023-05-09,8459
1609,大亞,111,28,83,康和-嘉義,2023-05-09,8459
1815,富喬,70,1,69,康和-嘉義,2023-05-09,8459
00773B,中信優先金融債,54,0,54,康和-嘉義,2023-05-09,8459
00687B,國泰20年美債,50,0,50,康和-嘉義,2023-05-09,8459
2331,精英,50,0,50,康和-嘉義,2023-05-09,8459
3006,晶豪科,40,4,36,康和-嘉義,2023-05-09,8459
2609,陽明,33,0,33,康和-嘉義,2023-05-09,8459
4129,聯合,30,0,30,康和-嘉義,2023-05-09,8459
8926,台汽電,30,0,30,康和-嘉義,2023-05-09,8459
1513,中興電,66,37,29,康和-嘉義,2023-05-09,8459
1339,昭輝,28,0,28,康和-嘉義,2023-05-09,8459
8069,元太,31,3,28,康和-嘉義,2023-05-09,8459
1319,東陽,28,0,28,康和-嘉義,2023-05-09,8459
6239,力成,25,1,24,康和-嘉義,2023-05-09,8459
2485,兆赫,22,1,21,康和-嘉義,2023-05-09,8459
00888,永豐台灣ESG,21,0,21,康和-嘉義,2023-05-09,8459
2367,燿華,21,1,20,康和-嘉義,2023-05-09,8459
2812,台中銀,20,0,20,康和-嘉義,2023-05-09,8459
3308,聯德,20,0,20,康和-嘉義,2023-05-09,8459
6112,邁達特,80,60,20,康和-嘉義,2023-05-09,8459
1101,台泥,26,7,19,康和-嘉義,2023-05-09,8459
1907,永豐餘,30,11,19,康和-嘉義,2023-05-09,8459
4967,十銓,17,0,17,康和-嘉義,2023-05-09,8459
00720B,元大投資級公司債,16,0,16,康和-嘉義,2023-05-09,8459
2387,精元,15,0,15,康和-嘉義,2023-05-09,8459
2484,希華,15,0,15,康和-嘉義,2023-05-09,8459
6127,九豪,15,0,15,康和-嘉義,2023-05-09,8459
8436,大江,15,0,15,康和-嘉義,2023-05-09,8459
5425,台半,14,1,13,康和-嘉義,2023-05-09,8459
2886,兆豐金,24,12,12,康和-嘉義,2023-05-09,8459
1524,耿鼎,12,0,12,康和-嘉義,2023-05-09,8459
8222,寶一,39,27,12,康和-嘉義,2023-05-09,8459
1218,泰山,12,0,12,康和-嘉義,2023-05-09,8459
8210,勤誠,12,1,11,康和-嘉義,2023-05-09,8459
2801,彰銀,11,0,11,康和-嘉義,2023-05-09,8459
3147,大綜,16,5,11,康和-嘉義,2023-05-09,8459
2014,中鴻,14,4,10,康和-嘉義,2023-05-09,8459
3062,建漢,10,0,10,康和-嘉義,2023-05-09,8459
3708,上緯投控,10,0,10,康和-嘉義,2023-05-09,8459
4736,泰博,10,0,10,康和-嘉義,2023-05-09,8459
5465,富驊,10,0,10,康和-嘉義,2023-05-09,8459
5475,德宏,10,0,10,康和-嘉義,2023-05-09,8459
5516,雙喜,10,0,10,康和-嘉義,2023-05-09,8459
5876,上海商銀,10,0,10,康和-嘉義,2023-05-09,8459
2618,長榮航,705,211,494,康和-嘉義,2023-05-10,8459
00665L,富邦�琤肭磪囓�2,372,1,371,康和-嘉義,2023-05-10,8459
2887,台新金,315,4,311,康和-嘉義,2023-05-10,8459
2006,東和鋼鐵,181,0,181,康和-嘉義,2023-05-10,8459
6122,擎邦,127,2,125,康和-嘉義,2023-05-10,8459
3206,志豐,72,0,72,康和-嘉義,2023-05-10,8459
2845,遠東銀,50,0,50,康和-嘉義,2023-05-10,8459
1440,南紡,30,0,30,康和-嘉義,2023-05-10,8459
2010,春源,30,0,30,康和-嘉義,2023-05-10,8459
2634,漢翔,51,21,30,康和-嘉義,2023-05-10,8459
3013,晟銘電,35,5,30,康和-嘉義,2023-05-10,8459
2603,長榮,44,15,29,康和-嘉義,2023-05-10,8459
00878,國泰永續高股息,28,0,28,康和-嘉義,2023-05-10,8459
1319,東陽,25,0,25,康和-嘉義,2023-05-10,8459
3058,立德,30,5,25,康和-嘉義,2023-05-10,8459
3702,大聯大,21,0,21,康和-嘉義,2023-05-10,8459
1810,和成,34,14,20,康和-嘉義,2023-05-10,8459
2455,全新,20,0,20,康和-嘉義,2023-05-10,8459
6239,力成,20,0,20,康和-嘉義,2023-05-10,8459
3231,緯創,23,4,19,康和-嘉義,2023-05-10,8459
3236,千如,18,0,18,康和-嘉義,2023-05-10,8459
8093,保銳,18,0,18,康和-嘉義,2023-05-10,8459
3481,群創,20,3,17,康和-嘉義,2023-05-10,8459
00720B,元大投資級公司債,15,0,15,康和-嘉義,2023-05-10,8459
6806,森崴能源,28,13,15,康和-嘉義,2023-05-10,8459
3025,星通,14,0,14,康和-嘉義,2023-05-10,8459
3209,全科,18,4,14,康和-嘉義,2023-05-10,8459
2884,玉山金,21,8,13,康和-嘉義,2023-05-10,8459
00637L,元大滬深300正2,13,0,13,康和-嘉義,2023-05-10,8459
3202,樺晟,12,0,12,康和-嘉義,2023-05-10,8459
2344,華邦電,32,20,12,康和-嘉義,2023-05-10,8459
6245,立端,20,8,12,康和-嘉義,2023-05-10,8459
6276,安鈦克,28,16,12,康和-嘉義,2023-05-10,8459
1447,力鵬,11,0,11,康和-嘉義,2023-05-10,8459
2610,華航,15,4,11,康和-嘉義,2023-05-10,8459
3078,僑威,11,0,11,康和-嘉義,2023-05-10,8459
00713,元大台灣高息低波,10,0,10,康和-嘉義,2023-05-10,8459
6235,華孚,12,2,10,康和-嘉義,2023-05-10,8459
1589,永冠-KY,10,0,10,康和-嘉義,2023-05-10,8459
4736,泰博,10,0,10,康和-嘉義,2023-05-10,8459
6248,沛波,10,0,10,康和-嘉義,2023-05-10,8459
6269,台郡,11,1,10,康和-嘉義,2023-05-10,8459
6829,千附精密,41,31,10,康和-嘉義,2023-05-10,8459
1731,美吾華,10,0,10,康和-嘉義,2023-05-10,8459
2880,華南金,9,0,9,康和-嘉義,2023-05-10,8459
2204,中華,12,3,9,康和-嘉義,2023-05-10,8459
1339,昭輝,8,0,8,康和-嘉義,2023-05-10,8459
4960,誠美材,8,0,8,康和-嘉義,2023-05-10,8459
00687B,國泰20年美債,7,0,7,康和-嘉義,2023-05-10,8459
1905,華紙,7,0,7,康和-嘉義,2023-05-10,8459
00673R,期元大S＆P原油反1,730,5,725,康和-嘉義,2023-05-11,8459
2618,長榮航,272,49,223,康和-嘉義,2023-05-11,8459
00665L,富邦�琤肭磪囓�2,169,1,168,康和-嘉義,2023-05-11,8459
1609,大亞,217,51,166,康和-嘉義,2023-05-11,8459
6122,擎邦,194,53,141,康和-嘉義,2023-05-11,8459
1522,堤維西,72,0,72,康和-嘉義,2023-05-11,8459
2501,國建,50,0,50,康和-嘉義,2023-05-11,8459
2887,台新金,52,5,47,康和-嘉義,2023-05-11,8459
1762,中化生,46,0,46,康和-嘉義,2023-05-11,8459
8213,志超,45,0,45,康和-嘉義,2023-05-11,8459
1784,訊聯,48,3,45,康和-嘉義,2023-05-11,8459
00878,國泰永續高股息,45,0,45,康和-嘉義,2023-05-11,8459
8905,裕國,40,0,40,康和-嘉義,2023-05-11,8459
2812,台中銀,40,1,39,康和-嘉義,2023-05-11,8459
3006,晶豪科,66,35,31,康和-嘉義,2023-05-11,8459
6192,巨路,31,0,31,康和-嘉義,2023-05-11,8459
00772B,中信高評級公司債,30,0,30,康和-嘉義,2023-05-11,8459
3005,神基,33,4,29,康和-嘉義,2023-05-11,8459
2006,東和鋼鐵,27,0,27,康和-嘉義,2023-05-11,8459
1319,東陽,26,0,26,康和-嘉義,2023-05-11,8459
5536,聖暉*,25,0,25,康和-嘉義,2023-05-11,8459
3206,志豐,24,0,24,康和-嘉義,2023-05-11,8459
1802,台玻,20,0,20,康和-嘉義,2023-05-11,8459
2485,兆赫,20,0,20,康和-嘉義,2023-05-11,8459
1731,美吾華,20,0,20,康和-嘉義,2023-05-11,8459
1215,卜蜂,21,2,19,康和-嘉義,2023-05-11,8459
1905,華紙,85,66,19,康和-嘉義,2023-05-11,8459
2455,全新,20,1,19,康和-嘉義,2023-05-11,8459
1475,業旺,18,0,18,康和-嘉義,2023-05-11,8459
1776,展宇,16,0,16,康和-嘉義,2023-05-11,8459
2201,裕隆,16,0,16,康和-嘉義,2023-05-11,8459
2610,華航,21,5,16,康和-嘉義,2023-05-11,8459
4967,十銓,16,0,16,康和-嘉義,2023-05-11,8459
1514,亞力,16,2,14,康和-嘉義,2023-05-11,8459
5227,立凱-KY,18,4,14,康和-嘉義,2023-05-11,8459
5425,台半,15,1,14,康和-嘉義,2023-05-11,8459
1339,昭輝,14,1,13,康和-嘉義,2023-05-11,8459
1503,士電,13,0,13,康和-嘉義,2023-05-11,8459
1760,寶齡富錦,17,4,13,康和-嘉義,2023-05-11,8459
2014,中鴻,13,0,13,康和-嘉義,2023-05-11,8459
8215,明基材,14,1,13,康和-嘉義,2023-05-11,8459
6285,啟��,27,14,13,康和-嘉義,2023-05-11,8459
4766,南寶,12,0,12,康和-嘉義,2023-05-11,8459
1513,中興電,20,8,12,康和-嘉義,2023-05-11,8459
2515,中工,30,18,12,康和-嘉義,2023-05-11,8459
1718,中纖,12,0,12,康和-嘉義,2023-05-11,8459
1720,生達,12,0,12,康和-嘉義,2023-05-11,8459
4157,太景*-KY,12,0,12,康和-嘉義,2023-05-11,8459
6016,康和證,13,1,12,康和-嘉義,2023-05-11,8459
3037,欣興,22,10,12,康和-嘉義,2023-05-11,8459
00715L,期街口布蘭特正2,340,5,335,康和-嘉義,2023-05-12,8459
3481,群創,86,4,82,康和-嘉義,2023-05-12,8459
5533,皇鼎,54,0,54,康和-嘉義,2023-05-12,8459
2409,友達,65,21,44,康和-嘉義,2023-05-12,8459
2317,鴻海,47,5,42,康和-嘉義,2023-05-12,8459
8033,雷虎,33,0,33,康和-嘉義,2023-05-12,8459
2371,大同,90,58,32,康和-嘉義,2023-05-12,8459
2888,新光金,32,1,31,康和-嘉義,2023-05-12,8459
4532,瑞智,30,0,30,康和-嘉義,2023-05-12,8459
2482,連宇,31,3,28,康和-嘉義,2023-05-12,8459
2743,山富,30,2,28,康和-嘉義,2023-05-12,8459
2618,長榮航,38,11,27,康和-嘉義,2023-05-12,8459
3078,僑威,31,4,27,康和-嘉義,2023-05-12,8459
5511,德昌,27,0,27,康和-嘉義,2023-05-12,8459
1101,台泥,25,1,24,康和-嘉義,2023-05-12,8459
2303,聯電,22,0,22,康和-嘉義,2023-05-12,8459
1513,中興電,54,33,21,康和-嘉義,2023-05-12,8459
1742,台蠟,20,0,20,康和-嘉義,2023-05-12,8459
2344,華邦電,20,0,20,康和-嘉義,2023-05-12,8459
3673,TPK-KY,21,1,20,康和-嘉義,2023-05-12,8459
6167,久正,20,0,20,康和-嘉義,2023-05-12,8459
8050,廣積,20,0,20,康和-嘉義,2023-05-12,8459
6589,台康生技,22,3,19,康和-嘉義,2023-05-12,8459
6218,豪勉,40,22,18,康和-嘉義,2023-05-12,8459
2734,易飛網,14,0,14,康和-嘉義,2023-05-12,8459
6016,康和證,21,7,14,康和-嘉義,2023-05-12,8459
2106,建大,13,0,13,康和-嘉義,2023-05-12,8459
6112,邁達特,39,26,13,康和-嘉義,2023-05-12,8459
1432,大魯閣,12,0,12,康和-嘉義,2023-05-12,8459
4744,皇將,45,33,12,康和-嘉義,2023-05-12,8459
6244,茂迪,12,0,12,康和-嘉義,2023-05-12,8459
2204,中華,11,0,11,康和-嘉義,2023-05-12,8459
2421,建準,33,23,10,康和-嘉義,2023-05-12,8459
4147,中裕,31,21,10,康和-嘉義,2023-05-12,8459
5258,虹堡,33,23,10,康和-嘉義,2023-05-12,8459
6188,廣明,11,1,10,康和-嘉義,2023-05-12,8459
6223,旺矽,11,1,10,康和-嘉義,2023-05-12,8459
6285,啟��,27,18,9,康和-嘉義,2023-05-12,8459
1727,中華化,9,0,9,康和-嘉義,2023-05-12,8459
5284,jpp-KY,10,1,9,康和-嘉義,2023-05-12,8459
3596,智易,9,1,8,康和-嘉義,2023-05-12,8459
00882,中信中國高股息,8,0,8,康和-嘉義,2023-05-12,8459
00637L,元大滬深300正2,8,0,8,康和-嘉義,2023-05-12,8459
1503,士電,11,3,8,康和-嘉義,2023-05-12,8459
0056,元大高股息,7,0,7,康和-嘉義,2023-05-12,8459
2610,華航,9,2,7,康和-嘉義,2023-05-12,8459
3324,雙鴻,8,1,7,康和-嘉義,2023-05-12,8459
3576,聯合再生,11,4,7,康和-嘉義,2023-05-12,8459
6266,泰詠,10,3,7,康和-嘉義,2023-05-12,8459
9907,統一實,7,0,7,康和-嘉義,2023-05-12,8459
00715L,期街口布蘭特正2,310,18,292,康和-嘉義,2023-05-15,8459
2834,臺企銀,233,0,233,康和-嘉義,2023-05-15,8459
8936,國統,116,0,116,康和-嘉義,2023-05-15,8459
2845,遠東銀,101,0,101,康和-嘉義,2023-05-15,8459
5498,凱崴,70,0,70,康和-嘉義,2023-05-15,8459
1504,東元,107,40,67,康和-嘉義,2023-05-15,8459
2887,台新金,52,0,52,康和-嘉義,2023-05-15,8459
6188,廣明,50,0,50,康和-嘉義,2023-05-15,8459
1731,美吾華,40,0,40,康和-嘉義,2023-05-15,8459
2455,全新,41,1,40,康和-嘉義,2023-05-15,8459
8086,宏捷科,39,4,35,康和-嘉義,2023-05-15,8459
2421,建準,39,8,31,康和-嘉義,2023-05-15,8459
2630,亞航,31,0,31,康和-嘉義,2023-05-15,8459
2404,漢唐,30,0,30,康和-嘉義,2023-05-15,8459
2618,長榮航,221,191,30,康和-嘉義,2023-05-15,8459
2743,山富,32,2,30,康和-嘉義,2023-05-15,8459
6190,萬泰科,32,2,30,康和-嘉義,2023-05-15,8459
5511,德昌,29,0,29,康和-嘉義,2023-05-15,8459
5536,聖暉*,29,0,29,康和-嘉義,2023-05-15,8459
1762,中化生,35,7,28,康和-嘉義,2023-05-15,8459
5225,東科-KY,30,2,28,康和-嘉義,2023-05-15,8459
2206,三陽工業,44,18,26,康和-嘉義,2023-05-15,8459
1618,合機,26,0,26,康和-嘉義,2023-05-15,8459
2886,兆豐金,25,1,24,康和-嘉義,2023-05-15,8459
1101,台泥,23,1,22,康和-嘉義,2023-05-15,8459
2880,華南金,22,0,22,康和-嘉義,2023-05-15,8459
3017,奇鋐,29,8,21,康和-嘉義,2023-05-15,8459
6139,亞翔,36,15,21,康和-嘉義,2023-05-15,8459
8016,矽創,28,7,21,康和-嘉義,2023-05-15,8459
00888,永豐台灣ESG,20,0,20,康和-嘉義,2023-05-15,8459
1314,中石化,30,10,20,康和-嘉義,2023-05-15,8459
1326,台化,20,0,20,康和-嘉義,2023-05-15,8459
2734,易飛網,21,1,20,康和-嘉義,2023-05-15,8459
3078,僑威,32,12,20,康和-嘉義,2023-05-15,8459
6829,千附精密,30,10,20,康和-嘉義,2023-05-15,8459
2832,台產,18,0,18,康和-嘉義,2023-05-15,8459
3105,穩懋,21,5,16,康和-嘉義,2023-05-15,8459
1529,樂事綠能,16,0,16,康和-嘉義,2023-05-15,8459
8076,伍豐,94,78,16,康和-嘉義,2023-05-15,8459
8048,德勝,15,0,15,康和-嘉義,2023-05-15,8459
1722,台肥,14,0,14,康和-嘉義,2023-05-15,8459
2331,精英,14,0,14,康和-嘉義,2023-05-15,8459
8234,新漢,14,0,14,康和-嘉義,2023-05-15,8459
3005,神基,14,1,13,康和-嘉義,2023-05-15,8459
6163,華電網,13,0,13,康和-嘉義,2023-05-15,8459
3202,樺晟,25,13,12,康和-嘉義,2023-05-15,8459
8940,新天地,12,0,12,康和-嘉義,2023-05-15,8459
2615,萬海,36,25,11,康和-嘉義,2023-05-15,8459
5258,虹堡,30,19,11,康和-嘉義,2023-05-15,8459
6234,高僑,16,5,11,康和-嘉義,2023-05-15,8459
00632R,元大台灣50反1,1065,1,1064,康和-嘉義,2023-05-16,8459
6122,擎邦,107,0,107,康和-嘉義,2023-05-16,8459
2851,中再保,62,0,62,康和-嘉義,2023-05-16,8459
00680L,元大美債20正2,50,0,50,康和-嘉義,2023-05-16,8459
2323,中環,60,13,47,康和-嘉義,2023-05-16,8459
1337,再生-KY,143,98,45,康和-嘉義,2023-05-16,8459
3715,定穎投控,63,22,41,康和-嘉義,2023-05-16,8459
00772B,中信高評級公司債,39,0,39,康和-嘉義,2023-05-16,8459
5227,立凱-KY,42,3,39,康和-嘉義,2023-05-16,8459
8076,伍豐,67,31,36,康和-嘉義,2023-05-16,8459
00878,國泰永續高股息,58,23,35,康和-嘉義,2023-05-16,8459
2634,漢翔,43,11,32,康和-嘉義,2023-05-16,8459
2382,廣達,62,31,31,康和-嘉義,2023-05-16,8459
6712,長聖,33,2,31,康和-嘉義,2023-05-16,8459
1519,華城,56,31,25,康和-嘉義,2023-05-16,8459
8011,台通,45,20,25,康和-嘉義,2023-05-16,8459
3693,營邦,41,20,21,康和-嘉義,2023-05-16,8459
2610,華航,20,0,20,康和-嘉義,2023-05-16,8459
3363,上詮,43,23,20,康和-嘉義,2023-05-16,8459
3673,TPK-KY,23,3,20,康和-嘉義,2023-05-16,8459
6288,聯嘉,20,0,20,康和-嘉義,2023-05-16,8459
8101,華冠,20,0,20,康和-嘉義,2023-05-16,8459
2371,大同,100,81,19,康和-嘉義,2023-05-16,8459
8403,盛弘,15,0,15,康和-嘉義,2023-05-16,8459
1608,華榮,17,3,14,康和-嘉義,2023-05-16,8459
1504,東元,86,73,13,康和-嘉義,2023-05-16,8459
1319,東陽,11,0,11,康和-嘉義,2023-05-16,8459
1709,和益,12,1,11,康和-嘉義,2023-05-16,8459
00646,元大S＆P500,10,0,10,康和-嘉義,2023-05-16,8459
00713,元大台灣高息低波,10,0,10,康和-嘉義,2023-05-16,8459
00751B,元大AAA至A公司債,10,0,10,康和-嘉義,2023-05-16,8459
1104,環泥,13,3,10,康和-嘉義,2023-05-16,8459
00786B,元大10年IG銀行債,10,0,10,康和-嘉義,2023-05-16,8459
1905,華紙,10,0,10,康和-嘉義,2023-05-16,8459
2356,英業達,10,0,10,康和-嘉義,2023-05-16,8459
3703,欣陸,10,0,10,康和-嘉義,2023-05-16,8459
4532,瑞智,10,0,10,康和-嘉義,2023-05-16,8459
6125,廣運,14,4,10,康和-嘉義,2023-05-16,8459
6239,力成,12,2,10,康和-嘉義,2023-05-16,8459
8050,廣積,11,1,10,康和-嘉義,2023-05-16,8459
2888,新光金,10,1,9,康和-嘉義,2023-05-16,8459
2845,遠東銀,8,0,8,康和-嘉義,2023-05-16,8459
00885,富邦越南,10,2,8,康和-嘉義,2023-05-16,8459
2344,華邦電,17,9,8,康和-嘉義,2023-05-16,8459
3022,威強電,50,42,8,康和-嘉義,2023-05-16,8459
2887,台新金,10,2,8,康和-嘉義,2023-05-16,8459
1529,樂事綠能,7,0,7,康和-嘉義,2023-05-16,8459
2736,富野,14,7,7,康和-嘉義,2023-05-16,8459
2206,三陽工業,15,9,6,康和-嘉義,2023-05-16,8459
2313,華通,6,0,6,康和-嘉義,2023-05-16,8459
00632R,元大台灣50反1,1119,0,1119,康和-嘉義,2023-05-17,8459
2402,毅嘉,211,43,168,康和-嘉義,2023-05-17,8459
2618,長榮航,157,55,102,康和-嘉義,2023-05-17,8459
00674R,期元大S＆P黃金反1,100,0,100,康和-嘉義,2023-05-17,8459
2332,友訊,90,7,83,康和-嘉義,2023-05-17,8459
4953,緯軟,50,0,50,康和-嘉義,2023-05-17,8459
3231,緯創,73,40,33,康和-嘉義,2023-05-17,8459
4128,中天,32,0,32,康和-嘉義,2023-05-17,8459
1609,大亞,60,30,30,康和-嘉義,2023-05-17,8459
2383,台光電,23,0,23,康和-嘉義,2023-05-17,8459
6285,啟��,24,1,23,康和-嘉義,2023-05-17,8459
3011,今皓,22,0,22,康和-嘉義,2023-05-17,8459
6122,擎邦,33,11,22,康和-嘉義,2023-05-17,8459
00720B,元大投資級公司債,21,0,21,康和-嘉義,2023-05-17,8459
2515,中工,30,10,20,康和-嘉義,2023-05-17,8459
2367,燿華,20,0,20,康和-嘉義,2023-05-17,8459
4147,中裕,22,2,20,康和-嘉義,2023-05-17,8459
00772B,中信高評級公司債,18,0,18,康和-嘉義,2023-05-17,8459
3712,永崴投控,18,0,18,康和-嘉義,2023-05-17,8459
00712,復華富時不動產,17,0,17,康和-嘉義,2023-05-17,8459
8076,伍豐,19,2,17,康和-嘉義,2023-05-17,8459
2834,臺企銀,18,1,17,康和-嘉義,2023-05-17,8459
00664R,國泰臺灣加權反1,15,0,15,康和-嘉義,2023-05-17,8459
4123,晟德,17,2,15,康和-嘉義,2023-05-17,8459
6589,台康生技,36,21,15,康和-嘉義,2023-05-17,8459
8050,廣積,15,0,15,康和-嘉義,2023-05-17,8459
9943,好樂迪,18,3,15,康和-嘉義,2023-05-17,8459
2206,三陽工業,128,114,14,康和-嘉義,2023-05-17,8459
00878,國泰永續高股息,22,9,13,康和-嘉義,2023-05-17,8459
1104,環泥,13,0,13,康和-嘉義,2023-05-17,8459
3005,神基,41,29,12,康和-嘉義,2023-05-17,8459
3324,雙鴻,17,6,11,康和-嘉義,2023-05-17,8459
5227,立凱-KY,11,0,11,康和-嘉義,2023-05-17,8459
6414,樺漢,11,0,11,康和-嘉義,2023-05-17,8459
1616,億泰,20,10,10,康和-嘉義,2023-05-17,8459
2356,英業達,10,0,10,康和-嘉義,2023-05-17,8459
2528,皇普,10,0,10,康和-嘉義,2023-05-17,8459
5206,坤悅,10,0,10,康和-嘉義,2023-05-17,8459
2745,五福,11,2,9,康和-嘉義,2023-05-17,8459
3466,德晉,9,0,9,康和-嘉義,2023-05-17,8459
8924,大田,8,0,8,康和-嘉義,2023-05-17,8459
00687B,國泰20年美債,8,0,8,康和-嘉義,2023-05-17,8459
8222,寶一,13,5,8,康和-嘉義,2023-05-17,8459
2603,長榮,7,0,7,康和-嘉義,2023-05-17,8459
00680L,元大美債20正2,7,0,7,康和-嘉義,2023-05-17,8459
3046,建��,23,16,7,康和-嘉義,2023-05-17,8459
6191,精成科,10,3,7,康和-嘉義,2023-05-17,8459
6223,旺矽,13,6,7,康和-嘉義,2023-05-17,8459
6751,智聯服務,7,0,7,康和-嘉義,2023-05-17,8459
9946,三發地產,7,0,7,康和-嘉義,2023-05-17,8459
00632R,元大台灣50反1,720,606,114,康和-嘉義,2023-05-18,8459
00878,國泰永續高股息,114,12,102,康和-嘉義,2023-05-18,8459
2402,毅嘉,128,68,60,康和-嘉義,2023-05-18,8459
2939,永邑-KY,54,0,54,康和-嘉義,2023-05-18,8459
5536,聖暉*,49,0,49,康和-嘉義,2023-05-18,8459
8358,金居,47,4,43,康和-嘉義,2023-05-18,8459
4168,醣聯,40,0,40,康和-嘉義,2023-05-18,8459
6192,巨路,39,0,39,康和-嘉義,2023-05-18,8459
3363,上詮,50,12,38,康和-嘉義,2023-05-18,8459
2887,台新金,34,0,34,康和-嘉義,2023-05-18,8459
6190,萬泰科,31,0,31,康和-嘉義,2023-05-18,8459
8926,台汽電,30,1,29,康和-嘉義,2023-05-18,8459
2609,陽明,24,0,24,康和-嘉義,2023-05-18,8459
6282,康舒,50,28,22,康和-嘉義,2023-05-18,8459
00720B,元大投資級公司債,21,0,21,康和-嘉義,2023-05-18,8459
6218,豪勉,28,7,21,康和-嘉義,2023-05-18,8459
00664R,國泰臺灣加權反1,20,0,20,康和-嘉義,2023-05-18,8459
2328,廣宇,20,0,20,康和-嘉義,2023-05-18,8459
3675,德微,41,21,20,康和-嘉義,2023-05-18,8459
1101,台泥,20,1,19,康和-嘉義,2023-05-18,8459
6244,茂迪,28,9,19,康和-嘉義,2023-05-18,8459
2745,五福,24,6,18,康和-嘉義,2023-05-18,8459
1519,華城,32,15,17,康和-嘉義,2023-05-18,8459
2453,凌群,71,54,17,康和-嘉義,2023-05-18,8459
2480,敦陽科,32,15,17,康和-嘉義,2023-05-18,8459
6271,同欣電,15,0,15,康和-嘉義,2023-05-18,8459
1215,卜蜂,14,0,14,康和-嘉義,2023-05-18,8459
3022,威強電,32,18,14,康和-嘉義,2023-05-18,8459
2371,大同,300,287,13,康和-嘉義,2023-05-18,8459
1529,樂事綠能,23,10,13,康和-嘉義,2023-05-18,8459
3011,今皓,13,0,13,康和-嘉義,2023-05-18,8459
6689,伊雲谷,21,9,12,康和-嘉義,2023-05-18,8459
1795,美時,38,26,12,康和-嘉義,2023-05-18,8459
3540,曜越,17,5,12,康和-嘉義,2023-05-18,8459
1796,金穎生技,12,1,11,康和-嘉義,2023-05-18,8459
2495,普安,26,15,11,康和-嘉義,2023-05-18,8459
4114,健喬,11,0,11,康和-嘉義,2023-05-18,8459
00895,富邦未來車,10,0,10,康和-嘉義,2023-05-18,8459
1503,士電,34,24,10,康和-嘉義,2023-05-18,8459
2332,友訊,18,8,10,康和-嘉義,2023-05-18,8459
5324,士開,10,0,10,康和-嘉義,2023-05-18,8459
2603,長榮,20,11,9,康和-嘉義,2023-05-18,8459
2449,京元電子,10,1,9,康和-嘉義,2023-05-18,8459
3673,TPK-KY,30,21,9,康和-嘉義,2023-05-18,8459
6180,橘子,10,1,9,康和-嘉義,2023-05-18,8459
6243,迅杰,12,3,9,康和-嘉義,2023-05-18,8459
6270,倍微,11,2,9,康和-嘉義,2023-05-18,8459
2610,華航,14,6,8,康和-嘉義,2023-05-18,8459
3306,鼎天,10,2,8,康和-嘉義,2023-05-18,8459
5243,乙盛-KY,50,42,8,康和-嘉義,2023-05-18,8459
2504,國產,3005,0,3005,康和-嘉義,2023-05-19,8459
00665L,富邦�琤肭磪囓�2,541,1,540,康和-嘉義,2023-05-19,8459
3706,神達,170,22,148,康和-嘉義,2023-05-19,8459
2303,聯電,62,11,51,康和-嘉義,2023-05-19,8459
5009,榮剛,53,7,46,康和-嘉義,2023-05-19,8459
2939,永邑-KY,29,0,29,康和-嘉義,2023-05-19,8459
00878,國泰永續高股息,34,9,25,康和-嘉義,2023-05-19,8459
1609,大亞,124,100,24,康和-嘉義,2023-05-19,8459
00668,國泰美國道瓊,23,0,23,康和-嘉義,2023-05-19,8459
00646,元大S＆P500,23,0,23,康和-嘉義,2023-05-19,8459
2884,玉山金,60,38,22,康和-嘉義,2023-05-19,8459
00795B,中信美國公債20年,21,0,21,康和-嘉義,2023-05-19,8459
1314,中石化,20,0,20,康和-嘉義,2023-05-19,8459
2443,昶虹,20,0,20,康和-嘉義,2023-05-19,8459
2453,凌群,21,1,20,康和-嘉義,2023-05-19,8459
6112,邁達特,22,3,19,康和-嘉義,2023-05-19,8459
5258,虹堡,23,5,18,康和-嘉義,2023-05-19,8459
2618,長榮航,648,630,18,康和-嘉義,2023-05-19,8459
00632R,元大台灣50反1,20,3,17,康和-嘉義,2023-05-19,8459
1605,華新,23,6,17,康和-嘉義,2023-05-19,8459
4746,台耀,17,0,17,康和-嘉義,2023-05-19,8459
8011,台通,17,0,17,康和-嘉義,2023-05-19,8459
00680L,元大美債20正2,16,0,16,康和-嘉義,2023-05-19,8459
5425,台半,52,37,15,康和-嘉義,2023-05-19,8459
3059,華晶科,15,0,15,康和-嘉義,2023-05-19,8459
3540,曜越,15,0,15,康和-嘉義,2023-05-19,8459
6125,廣運,15,0,15,康和-嘉義,2023-05-19,8459
8076,伍豐,21,6,15,康和-嘉義,2023-05-19,8459
2332,友訊,32,18,14,康和-嘉義,2023-05-19,8459
1513,中興電,45,31,14,康和-嘉義,2023-05-19,8459
2834,臺企銀,15,1,14,康和-嘉義,2023-05-19,8459
6470,宇智,14,0,14,康和-嘉義,2023-05-19,8459
6266,泰詠,14,1,13,康和-嘉義,2023-05-19,8459
8069,元太,16,3,13,康和-嘉義,2023-05-19,8459
8176,智捷,12,0,12,康和-嘉義,2023-05-19,8459
00687B,國泰20年美債,12,0,12,康和-嘉義,2023-05-19,8459
2471,資通,14,2,12,康和-嘉義,2023-05-19,8459
6443,元晶,13,1,12,康和-嘉義,2023-05-19,8459
00715L,期街口布蘭特正2,14,3,11,康和-嘉義,2023-05-19,8459
1305,華夏,11,0,11,康和-嘉義,2023-05-19,8459
2603,長榮,15,4,11,康和-嘉義,2023-05-19,8459
2645,長榮航太,10,0,10,康和-嘉義,2023-05-19,8459
2745,五福,10,0,10,康和-嘉義,2023-05-19,8459
3466,德晉,10,0,10,康和-嘉義,2023-05-19,8459
6163,華電網,10,0,10,康和-嘉義,2023-05-19,8459
6841,長佳智能,10,0,10,康和-嘉義,2023-05-19,8459
2748,雲品,14,5,9,康和-嘉義,2023-05-19,8459
6104,創惟,9,0,9,康和-嘉義,2023-05-19,8459
8358,金居,10,1,9,康和-嘉義,2023-05-19,8459
2731,雄獅,20,12,8,康和-嘉義,2023-05-19,8459
2610,華航,368,145,223,康和-嘉義,2023-05-22,8459
2888,新光金,166,1,165,康和-嘉義,2023-05-22,8459
3706,神達,116,4,112,康和-嘉義,2023-05-22,8459
1514,亞力,110,25,85,康和-嘉義,2023-05-22,8459
1504,東元,108,40,68,康和-嘉義,2023-05-22,8459
00679B,元大美債20年,70,6,64,康和-嘉義,2023-05-22,8459
8222,寶一,129,75,54,康和-嘉義,2023-05-22,8459
8942,森鉅,50,0,50,康和-嘉義,2023-05-22,8459
2344,華邦電,44,0,44,康和-嘉義,2023-05-22,8459
2303,聯電,44,3,41,康和-嘉義,2023-05-22,8459
00878,國泰永續高股息,39,0,39,康和-嘉義,2023-05-22,8459
2206,三陽工業,67,28,39,康和-嘉義,2023-05-22,8459
2368,金像電,53,17,36,康和-嘉義,2023-05-22,8459
2331,精英,68,38,30,康和-嘉義,2023-05-22,8459
1519,華城,49,20,29,康和-嘉義,2023-05-22,8459
2743,山富,29,0,29,康和-嘉義,2023-05-22,8459
00632R,元大台灣50反1,45,20,25,康和-嘉義,2023-05-22,8459
2104,國際中橡,30,6,24,康和-嘉義,2023-05-22,8459
3044,健鼎,24,3,21,康和-嘉義,2023-05-22,8459
3466,德晉,20,0,20,康和-嘉義,2023-05-22,8459
6142,友勁,20,1,19,康和-嘉義,2023-05-22,8459
9904,寶成,20,1,19,康和-嘉義,2023-05-22,8459
1905,華紙,18,2,16,康和-嘉義,2023-05-22,8459
2485,兆赫,14,0,14,康和-嘉義,2023-05-22,8459
6112,邁達特,27,14,13,康和-嘉義,2023-05-22,8459
2443,昶虹,13,0,13,康和-嘉義,2023-05-22,8459
2421,建準,15,3,12,康和-嘉義,2023-05-22,8459
2332,友訊,12,1,11,康和-嘉義,2023-05-22,8459
2409,友達,153,143,10,康和-嘉義,2023-05-22,8459
1314,中石化,10,0,10,康和-嘉義,2023-05-22,8459
00687B,國泰20年美債,10,0,10,康和-嘉義,2023-05-22,8459
00637L,元大滬深300正2,12,2,10,康和-嘉義,2023-05-22,8459
3017,奇鋐,23,13,10,康和-嘉義,2023-05-22,8459
3570,大塚,10,0,10,康和-嘉義,2023-05-22,8459
3617,碩天,10,0,10,康和-嘉義,2023-05-22,8459
1101,台泥,11,2,9,康和-嘉義,2023-05-22,8459
00646,元大S＆P500,9,0,9,康和-嘉義,2023-05-22,8459
00668,國泰美國道瓊,9,0,9,康和-嘉義,2023-05-22,8459
1784,訊聯,9,0,9,康和-嘉義,2023-05-22,8459
2734,易飛網,9,0,9,康和-嘉義,2023-05-22,8459
4979,華星光,12,3,9,康和-嘉義,2023-05-22,8459
6266,泰詠,10,1,9,康和-嘉義,2023-05-22,8459
2892,第一金,9,0,9,康和-嘉義,2023-05-22,8459
1528,恩德,12,4,8,康和-嘉義,2023-05-22,8459
00680L,元大美債20正2,7,0,7,康和-嘉義,2023-05-22,8459
4532,瑞智,7,0,7,康和-嘉義,2023-05-22,8459
6188,廣明,7,0,7,康和-嘉義,2023-05-22,8459
6288,聯嘉,11,4,7,康和-嘉義,2023-05-22,8459
1795,美時,13,7,6,康和-嘉義,2023-05-22,8459
2327,國巨,7,1,6,康和-嘉義,2023-05-22,8459
1608,華榮,83,4,79,康和-嘉義,2023-05-23,8459
6239,力成,67,0,67,康和-嘉義,2023-05-23,8459
1905,華紙,177,131,46,康和-嘉義,2023-05-23,8459
2634,漢翔,116,74,42,康和-嘉義,2023-05-23,8459
2104,國際中橡,40,0,40,康和-嘉義,2023-05-23,8459
00680L,元大美債20正2,33,0,33,康和-嘉義,2023-05-23,8459
00687B,國泰20年美債,30,0,30,康和-嘉義,2023-05-23,8459
00632R,元大台灣50反1,31,2,29,康和-嘉義,2023-05-23,8459
9939,宏全,30,2,28,康和-嘉義,2023-05-23,8459
5227,立凱-KY,26,0,26,康和-嘉義,2023-05-23,8459
4114,健喬,40,16,24,康和-嘉義,2023-05-23,8459
6235,華孚,41,17,24,康和-嘉義,2023-05-23,8459
8358,金居,24,1,23,康和-嘉義,2023-05-23,8459
5531,鄉林,22,0,22,康和-嘉義,2023-05-23,8459
2201,裕隆,51,30,21,康和-嘉義,2023-05-23,8459
2515,中工,25,5,20,康和-嘉義,2023-05-23,8459
2025,千興,20,0,20,康和-嘉義,2023-05-23,8459
2887E,台新戊特,20,0,20,康和-嘉義,2023-05-23,8459
8942,森鉅,20,0,20,康和-嘉義,2023-05-23,8459
5340,建榮,20,1,19,康和-嘉義,2023-05-23,8459
3044,健鼎,18,0,18,康和-嘉義,2023-05-23,8459
5009,榮剛,47,29,18,康和-嘉義,2023-05-23,8459
00882,中信中國高股息,17,0,17,康和-嘉義,2023-05-23,8459
00688L,國泰20年美債正2,16,0,16,康和-嘉義,2023-05-23,8459
2421,建準,17,1,16,康和-嘉義,2023-05-23,8459
2722,夏都,16,0,16,康和-嘉義,2023-05-23,8459
5324,士開,16,0,16,康和-嘉義,2023-05-23,8459
3032,偉訓,15,0,15,康和-嘉義,2023-05-23,8459
2368,金像電,21,7,14,康和-嘉義,2023-05-23,8459
2610,華航,322,308,14,康和-嘉義,2023-05-23,8459
6282,康舒,54,41,13,康和-嘉義,2023-05-23,8459
2303,聯電,15,3,12,康和-嘉義,2023-05-23,8459
2913,農林,12,0,12,康和-嘉義,2023-05-23,8459
6190,萬泰科,32,20,12,康和-嘉義,2023-05-23,8459
2485,兆赫,11,0,11,康和-嘉義,2023-05-23,8459
2731,雄獅,49,38,11,康和-嘉義,2023-05-23,8459
3231,緯創,81,70,11,康和-嘉義,2023-05-23,8459
6288,聯嘉,15,4,11,康和-嘉義,2023-05-23,8459
1455,集盛,10,0,10,康和-嘉義,2023-05-23,8459
2208,台船,10,0,10,康和-嘉義,2023-05-23,8459
2809,京城銀,10,0,10,康和-嘉義,2023-05-23,8459
2897,王道銀行,10,0,10,康和-嘉義,2023-05-23,8459
3419,譁裕,10,0,10,康和-嘉義,2023-05-23,8459
8163,達方,11,1,10,康和-嘉義,2023-05-23,8459
1104,環泥,9,0,9,康和-嘉義,2023-05-23,8459
2332,友訊,11,2,9,康和-嘉義,2023-05-23,8459
2367,燿華,10,1,9,康和-嘉義,2023-05-23,8459
3324,雙鴻,11,2,9,康和-嘉義,2023-05-23,8459
2702,華園,14,6,8,康和-嘉義,2023-05-23,8459
3013,晟銘電,10,2,8,康和-嘉義,2023-05-23,8459
00665L,富邦�琤肭磪囓�2,645,0,645,康和-嘉義,2023-05-24,8459
5512,力麒,287,37,250,康和-嘉義,2023-05-24,8459
2888,新光金,68,3,65,康和-嘉義,2023-05-24,8459
4950,牧東,53,0,53,康和-嘉義,2023-05-24,8459
8076,伍豐,81,41,40,康和-嘉義,2023-05-24,8459
2457,飛宏,208,169,39,康和-嘉義,2023-05-24,8459
2913,農林,39,0,39,康和-嘉義,2023-05-24,8459
00637L,元大滬深300正2,36,0,36,康和-嘉義,2023-05-24,8459
5009,榮剛,38,3,35,康和-嘉義,2023-05-24,8459
1513,中興電,67,33,34,康和-嘉義,2023-05-24,8459
2009,第一銅,35,2,33,康和-嘉義,2023-05-24,8459
1815,富喬,30,0,30,康和-嘉義,2023-05-24,8459
2736,富野,30,0,30,康和-嘉義,2023-05-24,8459
3484,崧騰,30,0,30,康和-嘉義,2023-05-24,8459
2458,義隆,29,2,27,康和-嘉義,2023-05-24,8459
2834,臺企銀,23,0,23,康和-嘉義,2023-05-24,8459
00882,中信中國高股息,22,0,22,康和-嘉義,2023-05-24,8459
1514,亞力,59,37,22,康和-嘉義,2023-05-24,8459
2206,三陽工業,22,0,22,康和-嘉義,2023-05-24,8459
1616,億泰,21,0,21,康和-嘉義,2023-05-24,8459
00679B,元大美債20年,30,14,16,康和-嘉義,2023-05-24,8459
3206,志豐,15,0,15,康和-嘉義,2023-05-24,8459
1608,華榮,28,13,15,康和-嘉義,2023-05-24,8459
2702,華園,27,13,14,康和-嘉義,2023-05-24,8459
1504,東元,50,37,13,康和-嘉義,2023-05-24,8459
2634,漢翔,78,65,13,康和-嘉義,2023-05-24,8459
00687B,國泰20年美債,12,0,12,康和-嘉義,2023-05-24,8459
1609,大亞,13,1,12,康和-嘉義,2023-05-24,8459
3046,建��,17,5,12,康和-嘉義,2023-05-24,8459
3004,豐達科,11,0,11,康和-嘉義,2023-05-24,8459
3014,聯陽,13,2,11,康和-嘉義,2023-05-24,8459
6589,台康生技,12,1,11,康和-嘉義,2023-05-24,8459
1524,耿鼎,10,0,10,康和-嘉義,2023-05-24,8459
2528,皇普,10,0,10,康和-嘉義,2023-05-24,8459
2888B,新光金乙特,10,0,10,康和-嘉義,2023-05-24,8459
3363,上詮,18,8,10,康和-嘉義,2023-05-24,8459
6160,欣技,10,0,10,康和-嘉義,2023-05-24,8459
6283,淳安,10,0,10,康和-嘉義,2023-05-24,8459
6470,宇智,10,0,10,康和-嘉義,2023-05-24,8459
6596,寬宏藝術,11,1,10,康和-嘉義,2023-05-24,8459
2032,新鋼,9,0,9,康和-嘉義,2023-05-24,8459
3033,威健,9,0,9,康和-嘉義,2023-05-24,8459
4129,聯合,9,0,9,康和-嘉義,2023-05-24,8459
5258,虹堡,20,11,9,康和-嘉義,2023-05-24,8459
6202,盛群,11,2,9,康和-嘉義,2023-05-24,8459
8996,高力,11,2,9,康和-嘉義,2023-05-24,8459
00878,國泰永續高股息,21,12,9,康和-嘉義,2023-05-24,8459
2313,華通,9,1,8,康和-嘉義,2023-05-24,8459
1802,台玻,9,1,8,康和-嘉義,2023-05-24,8459
2606,裕民,8,0,8,康和-嘉義,2023-05-24,8459
2610,華航,229,30,199,康和-嘉義,2023-05-25,8459
2618,長榮航,253,70,183,康和-嘉義,2023-05-25,8459
2832,台產,111,0,111,康和-嘉義,2023-05-25,8459
2349,錸德,111,15,96,康和-嘉義,2023-05-25,8459
00632R,元大台灣50反1,76,7,69,康和-嘉義,2023-05-25,8459
00637L,元大滬深300正2,66,0,66,康和-嘉義,2023-05-25,8459
2303,聯電,57,2,55,康和-嘉義,2023-05-25,8459
2705,六福,54,1,53,康和-嘉義,2023-05-25,8459
1802,台玻,52,3,49,康和-嘉義,2023-05-25,8459
3483,力致,70,22,48,康和-嘉義,2023-05-25,8459
00665L,富邦�琤肭磪囓�2,37,0,37,康和-嘉義,2023-05-25,8459
6235,華孚,49,12,37,康和-嘉義,2023-05-25,8459
3037,欣興,75,39,36,康和-嘉義,2023-05-25,8459
2734,易飛網,32,0,32,康和-嘉義,2023-05-25,8459
2888,新光金,52,20,32,康和-嘉義,2023-05-25,8459
5512,力麒,41,10,31,康和-嘉義,2023-05-25,8459
2611,志信,30,0,30,康和-嘉義,2023-05-25,8459
6116,彩晶,30,0,30,康和-嘉義,2023-05-25,8459
00753L,中信中國50正2,29,0,29,康和-嘉義,2023-05-25,8459
1608,華榮,33,4,29,康和-嘉義,2023-05-25,8459
2331,精英,33,4,29,康和-嘉義,2023-05-25,8459
4147,中裕,32,3,29,康和-嘉義,2023-05-25,8459
5258,虹堡,52,23,29,康和-嘉義,2023-05-25,8459
6164,華興,31,4,27,康和-嘉義,2023-05-25,8459
8011,台通,35,12,23,康和-嘉義,2023-05-25,8459
00680L,元大美債20正2,22,0,22,康和-嘉義,2023-05-25,8459
3005,神基,43,21,22,康和-嘉義,2023-05-25,8459
3207,耀勝,22,0,22,康和-嘉義,2023-05-25,8459
2009,第一銅,21,0,21,康和-嘉義,2023-05-25,8459
2890,永豐金,20,0,20,康和-嘉義,2023-05-25,8459
1591,駿吉-KY,20,0,20,康和-嘉義,2023-05-25,8459
1809,中釉,20,0,20,康和-嘉義,2023-05-25,8459
2706,第一店,22,2,20,康和-嘉義,2023-05-25,8459
2809,京城銀,20,0,20,康和-嘉義,2023-05-25,8459
3025,星通,31,11,20,康和-嘉義,2023-05-25,8459
6127,九豪,20,0,20,康和-嘉義,2023-05-25,8459
2103,台橡,19,0,19,康和-嘉義,2023-05-25,8459
1503,士電,26,7,19,康和-嘉義,2023-05-25,8459
9919,康那香,20,1,19,康和-嘉義,2023-05-25,8459
2736,富野,56,37,19,康和-嘉義,2023-05-25,8459
00679B,元大美債20年,18,1,17,康和-嘉義,2023-05-25,8459
6689,伊雲谷,19,5,14,康和-嘉義,2023-05-25,8459
2883,凱基金,18,4,14,康和-嘉義,2023-05-25,8459
2402,毅嘉,19,5,14,康和-嘉義,2023-05-25,8459
6188,廣明,23,9,14,康和-嘉義,2023-05-25,8459
00882,中信中國高股息,16,3,13,康和-嘉義,2023-05-25,8459
00712,復華富時不動產,13,0,13,康和-嘉義,2023-05-25,8459
00633L,富邦上証正2,13,0,13,康和-嘉義,2023-05-25,8459
6589,台康生技,13,0,13,康和-嘉義,2023-05-25,8459
2352,佳世達,22,10,12,康和-嘉義,2023-05-25,8459
00632R,元大台灣50反1,194,0,194,康和-嘉義,2023-05-26,8459
00680L,元大美債20正2,168,0,168,康和-嘉義,2023-05-26,8459
2421,建準,245,152,93,康和-嘉義,2023-05-26,8459
3481,群創,82,2,80,康和-嘉義,2023-05-26,8459
6190,萬泰科,132,61,71,康和-嘉義,2023-05-26,8459
4128,中天,55,0,55,康和-嘉義,2023-05-26,8459
1522,堤維西,54,0,54,康和-嘉義,2023-05-26,8459
3625,西勝,51,0,51,康和-嘉義,2023-05-26,8459
2939,永邑-KY,36,0,36,康和-嘉義,2023-05-26,8459
2832,台產,35,0,35,康和-嘉義,2023-05-26,8459
00712,復華富時不動產,33,0,33,康和-嘉義,2023-05-26,8459
2323,中環,81,51,30,康和-嘉義,2023-05-26,8459
00773B,中信優先金融債,30,0,30,康和-嘉義,2023-05-26,8459
5512,力麒,81,52,29,康和-嘉義,2023-05-26,8459
2888,新光金,59,30,29,康和-嘉義,2023-05-26,8459
4114,健喬,24,1,23,康和-嘉義,2023-05-26,8459
4931,新盛力,25,2,23,康和-嘉義,2023-05-26,8459
6282,康舒,30,7,23,康和-嘉義,2023-05-26,8459
3231,緯創,207,184,23,康和-嘉義,2023-05-26,8459
3466,德晉,22,0,22,康和-嘉義,2023-05-26,8459
5258,虹堡,21,0,21,康和-嘉義,2023-05-26,8459
4532,瑞智,20,0,20,康和-嘉義,2023-05-26,8459
3229,晟鈦,20,0,20,康和-嘉義,2023-05-26,8459
8926,台汽電,20,0,20,康和-嘉義,2023-05-26,8459
1731,美吾華,20,0,20,康和-嘉義,2023-05-26,8459
00665L,富邦�琤肭磪囓�2,19,0,19,康和-嘉義,2023-05-26,8459
3013,晟銘電,27,8,19,康和-嘉義,2023-05-26,8459
3189,景碩,20,1,19,康和-嘉義,2023-05-26,8459
6234,高僑,20,1,19,康和-嘉義,2023-05-26,8459
00725B,國泰投資級公司債,17,0,17,康和-嘉義,2023-05-26,8459
3324,雙鴻,36,19,17,康和-嘉義,2023-05-26,8459
6127,九豪,20,3,17,康和-嘉義,2023-05-26,8459
2645,長榮航太,21,5,16,康和-嘉義,2023-05-26,8459
3207,耀勝,18,2,16,康和-嘉義,2023-05-26,8459
00715L,期街口布蘭特正2,17,2,15,康和-嘉義,2023-05-26,8459
00637L,元大滬深300正2,20,5,15,康和-嘉義,2023-05-26,8459
2402,毅嘉,16,1,15,康和-嘉義,2023-05-26,8459
3188,鑫龍騰,15,0,15,康和-嘉義,2023-05-26,8459
1460,宏遠,15,0,15,康和-嘉義,2023-05-26,8459
00679B,元大美債20年,19,5,14,康和-嘉義,2023-05-26,8459
3033,威健,15,1,14,康和-嘉義,2023-05-26,8459
6821,聯寶,14,0,14,康和-嘉義,2023-05-26,8459
3041,揚智,14,0,14,康和-嘉義,2023-05-26,8459
2484,希華,13,0,13,康和-嘉義,2023-05-26,8459
1584,精剛,13,1,12,康和-嘉義,2023-05-26,8459
5284,jpp-KY,13,1,12,康和-嘉義,2023-05-26,8459
8358,金居,20,8,12,康和-嘉義,2023-05-26,8459
3715,定穎投控,15,4,11,康和-嘉義,2023-05-26,8459
4746,台耀,14,3,11,康和-嘉義,2023-05-26,8459
6733,博晟生醫,11,0,11,康和-嘉義,2023-05-26,8459
00665L,富邦�琤肭磪囓�2,191,3,188,康和-嘉義,2023-05-29,8459
2610,華航,421,267,154,康和-嘉義,2023-05-29,8459
1608,華榮,98,31,67,康和-嘉義,2023-05-29,8459
3006,晶豪科,153,88,65,康和-嘉義,2023-05-29,8459
2515,中工,58,5,53,康和-嘉義,2023-05-29,8459
00878,國泰永續高股息,59,8,51,康和-嘉義,2023-05-29,8459
00898,國泰基因免疫革命,50,0,50,康和-嘉義,2023-05-29,8459
2353,宏��,50,0,50,康和-嘉義,2023-05-29,8459
4919,新唐,48,5,43,康和-嘉義,2023-05-29,8459
2323,中環,144,101,43,康和-嘉義,2023-05-29,8459
4564,元翎,48,7,41,康和-嘉義,2023-05-29,8459
2736,富野,46,10,36,康和-嘉義,2023-05-29,8459
1905,華紙,42,10,32,康和-嘉義,2023-05-29,8459
3094,聯傑,30,2,28,康和-嘉義,2023-05-29,8459
2834,臺企銀,25,0,25,康和-嘉義,2023-05-29,8459
6239,力成,25,0,25,康和-嘉義,2023-05-29,8459
0056,元大高股息,31,7,24,康和-嘉義,2023-05-29,8459
3265,台星科,39,15,24,康和-嘉義,2023-05-29,8459
2888,新光金,28,5,23,康和-嘉義,2023-05-29,8459
3037,欣興,32,11,21,康和-嘉義,2023-05-29,8459
1731,美吾華,20,0,20,康和-嘉義,2023-05-29,8459
2455,全新,40,20,20,康和-嘉義,2023-05-29,8459
4961,天鈺,23,5,18,康和-嘉義,2023-05-29,8459
1503,士電,41,23,18,康和-嘉義,2023-05-29,8459
00893,國泰智能電動車,114,97,17,康和-嘉義,2023-05-29,8459
00687B,國泰20年美債,16,0,16,康和-嘉義,2023-05-29,8459
00679B,元大美債20年,16,0,16,康和-嘉義,2023-05-29,8459
6269,台郡,15,0,15,康和-嘉義,2023-05-29,8459
2380,虹光,13,0,13,康和-嘉義,2023-05-29,8459
2892,第一金,13,0,13,康和-嘉義,2023-05-29,8459
2103,台橡,12,0,12,康和-嘉義,2023-05-29,8459
2313,華通,12,0,12,康和-嘉義,2023-05-29,8459
2882,國泰金,15,3,12,康和-嘉義,2023-05-29,8459
3706,神達,45,33,12,康和-嘉義,2023-05-29,8459
2482,連宇,11,0,11,康和-嘉義,2023-05-29,8459
3617,碩天,11,0,11,康和-嘉義,2023-05-29,8459
6235,華孚,28,17,11,康和-嘉義,2023-05-29,8459
9962,有益,11,0,11,康和-嘉義,2023-05-29,8459
1101,台泥,14,4,10,康和-嘉義,2023-05-29,8459
00637L,元大滬深300正2,15,5,10,康和-嘉義,2023-05-29,8459
1589,永冠-KY,13,3,10,康和-嘉義,2023-05-29,8459
2480,敦陽科,21,11,10,康和-嘉義,2023-05-29,8459
2897A,王道銀甲特,10,0,10,康和-嘉義,2023-05-29,8459
3346,麗清,10,0,10,康和-嘉義,2023-05-29,8459
5202,力新,10,0,10,康和-嘉義,2023-05-29,8459
5328,華容,10,0,10,康和-嘉義,2023-05-29,8459
2886,兆豐金,10,1,9,康和-嘉義,2023-05-29,8459
5443,均豪,11,2,9,康和-嘉義,2023-05-29,8459
8150,南茂,10,1,9,康和-嘉義,2023-05-29,8459
2330,台積電,12,3,9,康和-嘉義,2023-05-29,8459
2618,長榮航,392,147,245,康和-嘉義,2023-05-30,8459
2371,大同,304,200,104,康和-嘉義,2023-05-30,8459
6188,廣明,84,21,63,康和-嘉義,2023-05-30,8459
00674R,期元大S＆P黃金反1,50,0,50,康和-嘉義,2023-05-30,8459
2201,裕隆,162,115,47,康和-嘉義,2023-05-30,8459
2421,建準,58,15,43,康和-嘉義,2023-05-30,8459
2009,第一銅,30,0,30,康和-嘉義,2023-05-30,8459
6269,台郡,30,1,29,康和-嘉義,2023-05-30,8459
3032,偉訓,28,1,27,康和-嘉義,2023-05-30,8459
2382,廣達,28,7,21,康和-嘉義,2023-05-30,8459
1609,大亞,26,5,21,康和-嘉義,2023-05-30,8459
3481,群創,21,0,21,康和-嘉義,2023-05-30,8459
2455,全新,20,0,20,康和-嘉義,2023-05-30,8459
2482,連宇,20,0,20,康和-嘉義,2023-05-30,8459
3005,神基,43,23,20,康和-嘉義,2023-05-30,8459
6245,立端,26,6,20,康和-嘉義,2023-05-30,8459
00687B,國泰20年美債,19,0,19,康和-嘉義,2023-05-30,8459
2014,中鴻,20,1,19,康和-嘉義,2023-05-30,8459
2356,英業達,90,74,16,康和-嘉義,2023-05-30,8459
00882,中信中國高股息,16,0,16,康和-嘉義,2023-05-30,8459
00665L,富邦�琤肭磪囓�2,16,0,16,康和-嘉義,2023-05-30,8459
1460,宏遠,22,6,16,康和-嘉義,2023-05-30,8459
4736,泰博,16,0,16,康和-嘉義,2023-05-30,8459
2006,東和鋼鐵,15,0,15,康和-嘉義,2023-05-30,8459
3380,明泰,17,2,15,康和-嘉義,2023-05-30,8459
2103,台橡,14,0,14,康和-嘉義,2023-05-30,8459
1314,中石化,14,0,14,康和-嘉義,2023-05-30,8459
8076,伍豐,16,2,14,康和-嘉義,2023-05-30,8459
1504,東元,14,1,13,康和-嘉義,2023-05-30,8459
8046,南電,22,9,13,康和-嘉義,2023-05-30,8459
3356,奇偶,12,0,12,康和-嘉義,2023-05-30,8459
6550,北極星藥業-KY,12,0,12,康和-嘉義,2023-05-30,8459
00706L,期元大S＆P日圓正2,11,0,11,康和-嘉義,2023-05-30,8459
2453,凌群,11,0,11,康和-嘉義,2023-05-30,8459
1313,聯成,10,0,10,康和-嘉義,2023-05-30,8459
1522,堤維西,10,0,10,康和-嘉義,2023-05-30,8459
2031,新光鋼,10,0,10,康和-嘉義,2023-05-30,8459
2486,一詮,10,0,10,康和-嘉義,2023-05-30,8459
2634,漢翔,24,14,10,康和-嘉義,2023-05-30,8459
2897,王道銀行,10,0,10,康和-嘉義,2023-05-30,8459
3324,雙鴻,11,1,10,康和-嘉義,2023-05-30,8459
6218,豪勉,11,1,10,康和-嘉義,2023-05-30,8459
6417,韋僑,10,0,10,康和-嘉義,2023-05-30,8459
2892,第一金,10,0,10,康和-嘉義,2023-05-30,8459
2465,麗臺,14,5,9,康和-嘉義,2023-05-30,8459
2883,凱基金,20,11,9,康和-嘉義,2023-05-30,8459
3704,合勤控,21,12,9,康和-嘉義,2023-05-30,8459
5443,均豪,9,0,9,康和-嘉義,2023-05-30,8459
5289,宜鼎,12,4,8,康和-嘉義,2023-05-30,8459
2002,中鋼,8,0,8,康和-嘉義,2023-05-30,8459
00715L,期街口布蘭特正2,441,4,437,康和-嘉義,2023-05-31,8459
8358,金居,96,8,88,康和-嘉義,2023-05-31,8459
1101,台泥,59,1,58,康和-嘉義,2023-05-31,8459
2331,精英,72,14,58,康和-嘉義,2023-05-31,8459
2610,華航,295,238,57,康和-嘉義,2023-05-31,8459
2382,廣達,62,23,39,康和-嘉義,2023-05-31,8459
2328,廣宇,63,25,38,康和-嘉義,2023-05-31,8459
00687B,國泰20年美債,35,0,35,康和-嘉義,2023-05-31,8459
3025,星通,52,21,31,康和-嘉義,2023-05-31,8459
00720B,元大投資級公司債,28,0,28,康和-嘉義,2023-05-31,8459
2913,農林,25,0,25,康和-嘉義,2023-05-31,8459
3163,波若威,26,1,25,康和-嘉義,2023-05-31,8459
00919,群益台灣精選高息,24,0,24,康和-嘉義,2023-05-31,8459
1608,華榮,24,0,24,康和-嘉義,2023-05-31,8459
3017,奇鋐,51,27,24,康和-嘉義,2023-05-31,8459
5243,乙盛-KY,75,51,24,康和-嘉義,2023-05-31,8459
3362,先進光,24,1,23,康和-嘉義,2023-05-31,8459
8271,宇瞻,22,0,22,康和-嘉義,2023-05-31,8459
00712,復華富時不動產,23,2,21,康和-嘉義,2023-05-31,8459
1319,東陽,26,5,21,康和-嘉義,2023-05-31,8459
2009,第一銅,21,0,21,康和-嘉義,2023-05-31,8459
3006,晶豪科,136,115,21,康和-嘉義,2023-05-31,8459
3290,東浦,21,0,21,康和-嘉義,2023-05-31,8459
2886,兆豐金,20,1,19,康和-嘉義,2023-05-31,8459
3704,合勤控,26,7,19,康和-嘉義,2023-05-31,8459
2630,亞航,33,15,18,康和-嘉義,2023-05-31,8459
2368,金像電,26,8,18,康和-嘉義,2023-05-31,8459
5475,德宏,18,0,18,康和-嘉義,2023-05-31,8459
1905,華紙,44,27,17,康和-嘉義,2023-05-31,8459
2748,雲品,23,7,16,康和-嘉義,2023-05-31,8459
00882,中信中國高股息,15,0,15,康和-嘉義,2023-05-31,8459
2421,建準,24,9,15,康和-嘉義,2023-05-31,8459
6269,台郡,15,0,15,康和-嘉義,2023-05-31,8459
00665L,富邦�琤肭磪囓�2,14,0,14,康和-嘉義,2023-05-31,8459
3011,今皓,18,5,13,康和-嘉義,2023-05-31,8459
00637L,元大滬深300正2,27,15,12,康和-嘉義,2023-05-31,8459
2338,光罩,12,0,12,康和-嘉義,2023-05-31,8459
2353,宏��,11,0,11,康和-嘉義,2023-05-31,8459
2453,凌群,15,4,11,康和-嘉義,2023-05-31,8459
6290,良維,10,0,10,康和-嘉義,2023-05-31,8459
00753L,中信中國50正2,10,0,10,康和-嘉義,2023-05-31,8459
00795B,中信美國公債20年,10,0,10,康和-嘉義,2023-05-31,8459
1310,台苯,10,0,10,康和-嘉義,2023-05-31,8459
1731,美吾華,10,0,10,康和-嘉義,2023-05-31,8459
1785,光洋科,10,0,10,康和-嘉義,2023-05-31,8459
2006,東和鋼鐵,10,0,10,康和-嘉義,2023-05-31,8459
2520,冠德,10,0,10,康和-嘉義,2023-05-31,8459
4736,泰博,10,0,10,康和-嘉義,2023-05-31,8459
6133,金橋,10,0,10,康和-嘉義,2023-05-31,8459
6218,豪勉,10,0,10,康和-嘉義,2023-05-31,8459
2610,華航,664,411,253,康和-嘉義,2023-06-01,8459
1905,華紙,186,75,111,康和-嘉義,2023-06-01,8459
00715L,期街口布蘭特正2,88,0,88,康和-嘉義,2023-06-01,8459
8088,品安,93,27,66,康和-嘉義,2023-06-01,8459
8271,宇瞻,90,39,51,康和-嘉義,2023-06-01,8459
8105,凌巨,50,0,50,康和-嘉義,2023-06-01,8459
4979,華星光,126,90,36,康和-嘉義,2023-06-01,8459
2323,中環,49,15,34,康和-嘉義,2023-06-01,8459
2722,夏都,35,3,32,康和-嘉義,2023-06-01,8459
2371,大同,79,51,28,康和-嘉義,2023-06-01,8459
6161,捷波,25,0,25,康和-嘉義,2023-06-01,8459
2356,英業達,53,30,23,康和-嘉義,2023-06-01,8459
2103,台橡,21,0,21,康和-嘉義,2023-06-01,8459
2832,台產,21,0,21,康和-嘉義,2023-06-01,8459
3556,禾瑞亞,20,0,20,康和-嘉義,2023-06-01,8459
3594,磐儀,24,4,20,康和-嘉義,2023-06-01,8459
6016,康和證,20,1,19,康和-嘉義,2023-06-01,8459
4968,立積,19,2,17,康和-嘉義,2023-06-01,8459
1215,卜蜂,16,0,16,康和-嘉義,2023-06-01,8459
5425,台半,15,0,15,康和-嘉義,2023-06-01,8459
5443,均豪,20,5,15,康和-嘉義,2023-06-01,8459
8936,國統,15,0,15,康和-嘉義,2023-06-01,8459
00882,中信中國高股息,13,0,13,康和-嘉義,2023-06-01,8459
1513,中興電,24,11,13,康和-嘉義,2023-06-01,8459
6164,華興,13,0,13,康和-嘉義,2023-06-01,8459
8048,德勝,13,0,13,康和-嘉義,2023-06-01,8459
2892,第一金,12,0,12,康和-嘉義,2023-06-01,8459
3324,雙鴻,14,2,12,康和-嘉義,2023-06-01,8459
8086,宏捷科,14,2,12,康和-嘉義,2023-06-01,8459
3264,欣銓,12,0,12,康和-嘉義,2023-06-01,8459
6163,華電網,16,4,12,康和-嘉義,2023-06-01,8459
6443,元晶,12,0,12,康和-嘉義,2023-06-01,8459
6215,和椿,12,1,11,康和-嘉義,2023-06-01,8459
0056,元大高股息,12,1,11,康和-嘉義,2023-06-01,8459
4532,瑞智,10,0,10,康和-嘉義,2023-06-01,8459
00898,國泰基因免疫革命,10,0,10,康和-嘉義,2023-06-01,8459
00897,富邦基因免疫生技,10,0,10,康和-嘉義,2023-06-01,8459
00642U,期元大S＆P石油,10,0,10,康和-嘉義,2023-06-01,8459
1417,嘉裕,10,0,10,康和-嘉義,2023-06-01,8459
1560,中砂,10,0,10,康和-嘉義,2023-06-01,8459
2105,正新,10,0,10,康和-嘉義,2023-06-01,8459
2329,華泰,15,5,10,康和-嘉義,2023-06-01,8459
2423,固緯,10,0,10,康和-嘉義,2023-06-01,8459
2449,京元電子,10,0,10,康和-嘉義,2023-06-01,8459
2484,希華,10,0,10,康和-嘉義,2023-06-01,8459
2504,國產,10,0,10,康和-嘉義,2023-06-01,8459
2611,志信,10,0,10,康和-嘉義,2023-06-01,8459
2809,京城銀,10,0,10,康和-嘉義,2023-06-01,8459
4561,健椿,10,0,10,康和-嘉義,2023-06-01,8459
5511,德昌,10,0,10,康和-嘉義,2023-06-01,8459
2324,仁寶,287,186,101,康和-嘉義,2023-06-02,8459
2515,中工,103,12,91,康和-嘉義,2023-06-02,8459
6190,萬泰科,69,3,66,康和-嘉義,2023-06-02,8459
1608,華榮,89,25,64,康和-嘉義,2023-06-02,8459
1504,東元,91,35,56,康和-嘉義,2023-06-02,8459
00878,國泰永續高股息,65,13,52,康和-嘉義,2023-06-02,8459
3306,鼎天,50,2,48,康和-嘉義,2023-06-02,8459
2371,大同,67,24,43,康和-嘉義,2023-06-02,8459
2421,建準,117,75,42,康和-嘉義,2023-06-02,8459
2897,王道銀行,35,0,35,康和-嘉義,2023-06-02,8459
6548,長科*,33,0,33,康和-嘉義,2023-06-02,8459
00919,群益台灣精選高息,51,20,31,康和-嘉義,2023-06-02,8459
00882,中信中國高股息,31,0,31,康和-嘉義,2023-06-02,8459
4128,中天,66,35,31,康和-嘉義,2023-06-02,8459
2444,兆勁,30,0,30,康和-嘉義,2023-06-02,8459
6276,安鈦克,30,0,30,康和-嘉義,2023-06-02,8459
1513,中興電,72,43,29,康和-嘉義,2023-06-02,8459
1522,堤維西,44,17,27,康和-嘉義,2023-06-02,8459
2442,新美齊,25,0,25,康和-嘉義,2023-06-02,8459
3163,波若威,24,0,24,康和-嘉義,2023-06-02,8459
2323,中環,166,142,24,康和-嘉義,2023-06-02,8459
5258,虹堡,24,1,23,康和-嘉義,2023-06-02,8459
1519,華城,31,8,23,康和-嘉義,2023-06-02,8459
3209,全科,20,0,20,康和-嘉義,2023-06-02,8459
5907,大洋-KY,20,0,20,康和-嘉義,2023-06-02,8459
8091,翔名,20,0,20,康和-嘉義,2023-06-02,8459
4102,永日,19,0,19,康和-嘉義,2023-06-02,8459
2886,兆豐金,32,14,18,康和-嘉義,2023-06-02,8459
1591,駿吉-KY,18,0,18,康和-嘉義,2023-06-02,8459
6150,撼訊,21,3,18,康和-嘉義,2023-06-02,8459
6223,旺矽,19,1,18,康和-嘉義,2023-06-02,8459
00712,復華富時不動產,18,1,17,康和-嘉義,2023-06-02,8459
1806,冠軍,16,0,16,康和-嘉義,2023-06-02,8459
1503,士電,35,20,15,康和-嘉義,2023-06-02,8459
6234,高僑,15,0,15,康和-嘉義,2023-06-02,8459
4564,元翎,19,4,15,康和-嘉義,2023-06-02,8459
1711,永光,18,4,14,康和-嘉義,2023-06-02,8459
5009,榮剛,17,3,14,康和-嘉義,2023-06-02,8459
6274,台燿,26,12,14,康和-嘉義,2023-06-02,8459
2236,百達-KY,14,1,13,康和-嘉義,2023-06-02,8459
3003,健和興,13,0,13,康和-嘉義,2023-06-02,8459
3013,晟銘電,71,58,13,康和-嘉義,2023-06-02,8459
3454,晶睿,13,1,12,康和-嘉義,2023-06-02,8459
6271,同欣電,11,0,11,康和-嘉義,2023-06-02,8459
1734,杏輝,12,1,11,康和-嘉義,2023-06-02,8459
2453,凌群,11,0,11,康和-嘉義,2023-06-02,8459
3047,訊舟,11,0,11,康和-嘉義,2023-06-02,8459
4147,中裕,13,2,11,康和-嘉義,2023-06-02,8459
5227,立凱-KY,11,0,11,康和-嘉義,2023-06-02,8459
2409,友達,12,2,10,康和-嘉義,2023-06-02,8459
2888,新光金,974,89,885,康和-嘉義,2023-06-05,8459
00632R,元大台灣50反1,706,204,502,康和-嘉義,2023-06-05,8459
2492,華新科,128,1,127,康和-嘉義,2023-06-05,8459
00712,復華富時不動產,106,2,104,康和-嘉義,2023-06-05,8459
1905,華紙,104,22,82,康和-嘉義,2023-06-05,8459
2630,亞航,101,22,79,康和-嘉義,2023-06-05,8459
8011,台通,72,0,72,康和-嘉義,2023-06-05,8459
2610,華航,61,1,60,康和-嘉義,2023-06-05,8459
2618,長榮航,61,8,53,康和-嘉義,2023-06-05,8459
1529,樂事綠能,65,16,49,康和-嘉義,2023-06-05,8459
6282,康舒,82,38,44,康和-嘉義,2023-06-05,8459
1314,中石化,73,31,42,康和-嘉義,2023-06-05,8459
2353,宏��,104,62,42,康和-嘉義,2023-06-05,8459
2208,台船,34,1,33,康和-嘉義,2023-06-05,8459
6191,精成科,30,1,29,康和-嘉義,2023-06-05,8459
4174,浩鼎,28,0,28,康和-嘉義,2023-06-05,8459
00679B,元大美債20年,26,0,26,康和-嘉義,2023-06-05,8459
7402,邑錡,26,0,26,康和-嘉義,2023-06-05,8459
4173,久裕,30,5,25,康和-嘉義,2023-06-05,8459
8271,宇瞻,30,5,25,康和-嘉義,2023-06-05,8459
1503,士電,38,15,23,康和-嘉義,2023-06-05,8459
1795,美時,46,23,23,康和-嘉義,2023-06-05,8459
2323,中環,68,46,22,康和-嘉義,2023-06-05,8459
9945,潤泰新,33,11,22,康和-嘉義,2023-06-05,8459
5258,虹堡,21,0,21,康和-嘉義,2023-06-05,8459
5410,國眾,21,0,21,康和-嘉義,2023-06-05,8459
1514,亞力,92,72,20,康和-嘉義,2023-06-05,8459
3141,晶宏,20,0,20,康和-嘉義,2023-06-05,8459
1789,神隆,21,2,19,康和-嘉義,2023-06-05,8459
4938,和碩,69,50,19,康和-嘉義,2023-06-05,8459
8210,勤誠,19,0,19,康和-嘉義,2023-06-05,8459
1806,冠軍,17,0,17,康和-嘉義,2023-06-05,8459
2312,金寶,19,2,17,康和-嘉義,2023-06-05,8459
4564,元翎,22,5,17,康和-嘉義,2023-06-05,8459
6140,訊達,19,2,17,康和-嘉義,2023-06-05,8459
2425,承啟,15,0,15,康和-嘉義,2023-06-05,8459
3706,神達,16,1,15,康和-嘉義,2023-06-05,8459
4123,晟德,16,1,15,康和-嘉義,2023-06-05,8459
8050,廣積,15,0,15,康和-嘉義,2023-06-05,8459
00881,國泰台灣5G+,14,0,14,康和-嘉義,2023-06-05,8459
2845,遠東銀,21,7,14,康和-嘉義,2023-06-05,8459
2204,中華,13,0,13,康和-嘉義,2023-06-05,8459
3016,嘉晶,14,1,13,康和-嘉義,2023-06-05,8459
3055,蔚華科,17,4,13,康和-嘉義,2023-06-05,8459
1605,華新,58,45,13,康和-嘉義,2023-06-05,8459
2337,旺宏,12,0,12,康和-嘉義,2023-06-05,8459
5328,華容,12,0,12,康和-嘉義,2023-06-05,8459
6239,力成,12,0,12,康和-嘉義,2023-06-05,8459
6276,安鈦克,12,0,12,康和-嘉義,2023-06-05,8459
2201,裕隆,12,1,11,康和-嘉義,2023-06-05,8459
6116,彩晶,135,0,135,康和-嘉義,2023-06-06,8459
2402,毅嘉,180,73,107,康和-嘉義,2023-06-06,8459
3706,神達,133,54,79,康和-嘉義,2023-06-06,8459
00664R,國泰臺灣加權反1,70,0,70,康和-嘉義,2023-06-06,8459
2367,燿華,70,0,70,康和-嘉義,2023-06-06,8459
2353,宏��,114,61,53,康和-嘉義,2023-06-06,8459
2897,王道銀行,50,0,50,康和-嘉義,2023-06-06,8459
8011,台通,48,0,48,康和-嘉義,2023-06-06,8459
00679B,元大美債20年,44,5,39,康和-嘉義,2023-06-06,8459
2399,映泰,44,9,35,康和-嘉義,2023-06-06,8459
2888,新光金,85,54,31,康和-嘉義,2023-06-06,8459
1609,大亞,253,226,27,康和-嘉義,2023-06-06,8459
1514,亞力,47,21,26,康和-嘉義,2023-06-06,8459
2492,華新科,25,0,25,康和-嘉義,2023-06-06,8459
2352,佳世達,22,0,22,康和-嘉義,2023-06-06,8459
8046,南電,29,7,22,康和-嘉義,2023-06-06,8459
2421,建準,21,0,21,康和-嘉義,2023-06-06,8459
6125,廣運,76,55,21,康和-嘉義,2023-06-06,8459
8088,品安,20,1,19,康和-嘉義,2023-06-06,8459
2457,飛宏,48,31,17,康和-嘉義,2023-06-06,8459
1525,江申,17,0,17,康和-嘉義,2023-06-06,8459
2634,漢翔,46,29,17,康和-嘉義,2023-06-06,8459
5243,乙盛-KY,22,5,17,康和-嘉義,2023-06-06,8459
2498,宏達電,19,3,16,康和-嘉義,2023-06-06,8459
00712,復華富時不動產,18,2,16,康和-嘉義,2023-06-06,8459
2427,三商電,16,1,15,康和-嘉義,2023-06-06,8459
5227,立凱-KY,15,0,15,康和-嘉義,2023-06-06,8459
6770,力積電,13,2,11,康和-嘉義,2023-06-06,8459
2014,中鴻,11,0,11,康和-嘉義,2023-06-06,8459
2736,富野,11,0,11,康和-嘉義,2023-06-06,8459
3217,優群,11,0,11,康和-嘉義,2023-06-06,8459
4147,中裕,14,3,11,康和-嘉義,2023-06-06,8459
4916,事欣科,24,13,11,康和-嘉義,2023-06-06,8459
8050,廣積,11,0,11,康和-嘉義,2023-06-06,8459
3052,夆典,10,0,10,康和-嘉義,2023-06-06,8459
1304,台聚,10,0,10,康和-嘉義,2023-06-06,8459
2105,正新,10,0,10,康和-嘉義,2023-06-06,8459
2368,金像電,10,0,10,康和-嘉義,2023-06-06,8459
5328,華容,10,0,10,康和-嘉義,2023-06-06,8459
6167,久正,10,0,10,康和-嘉義,2023-06-06,8459
6239,力成,11,1,10,康和-嘉義,2023-06-06,8459
6470,宇智,10,0,10,康和-嘉義,2023-06-06,8459
2603,長榮,13,4,9,康和-嘉義,2023-06-06,8459
00927,群益半導體收益,9,0,9,康和-嘉義,2023-06-06,8459
1777,生泰,9,0,9,康和-嘉義,2023-06-06,8459
5706,鳳凰,15,6,9,康和-嘉義,2023-06-06,8459
1528,恩德,8,0,8,康和-嘉義,2023-06-06,8459
2461,光群雷,10,2,8,康和-嘉義,2023-06-06,8459
3046,建��,10,2,8,康和-嘉義,2023-06-06,8459
8016,矽創,8,0,8,康和-嘉義,2023-06-06,8459
1608,華榮,462,64,398,康和-嘉義,2023-06-07,8459
00632R,元大台灣50反1,79,0,79,康和-嘉義,2023-06-07,8459
8936,國統,65,0,65,康和-嘉義,2023-06-07,8459
2402,毅嘉,73,9,64,康和-嘉義,2023-06-07,8459
2515,中工,76,22,54,康和-嘉義,2023-06-07,8459
2371,大同,93,42,51,康和-嘉義,2023-06-07,8459
2610,華航,68,17,51,康和-嘉義,2023-06-07,8459
2634,漢翔,169,120,49,康和-嘉義,2023-06-07,8459
6125,廣運,77,31,46,康和-嘉義,2023-06-07,8459
2367,燿華,40,0,40,康和-嘉義,2023-06-07,8459
6282,康舒,56,16,40,康和-嘉義,2023-06-07,8459
5009,榮剛,38,6,32,康和-嘉義,2023-06-07,8459
6116,彩晶,64,32,32,康和-嘉義,2023-06-07,8459
2888,新光金,90,63,27,康和-嘉義,2023-06-07,8459
6233,旺玖,27,1,26,康和-嘉義,2023-06-07,8459
8046,南電,38,13,25,康和-嘉義,2023-06-07,8459
2368,金像電,55,30,25,康和-嘉義,2023-06-07,8459
2344,華邦電,24,0,24,康和-嘉義,2023-06-07,8459
1519,華城,25,2,23,康和-嘉義,2023-06-07,8459
3005,神基,23,1,22,康和-嘉義,2023-06-07,8459
4173,久裕,24,3,21,康和-嘉義,2023-06-07,8459
1905,華紙,28,7,21,康和-嘉義,2023-06-07,8459
3231,緯創,36,15,21,康和-嘉義,2023-06-07,8459
5258,虹堡,21,0,21,康和-嘉義,2023-06-07,8459
00720B,元大投資級公司債,20,0,20,康和-嘉義,2023-06-07,8459
2363,矽統,20,0,20,康和-嘉義,2023-06-07,8459
2884,玉山金,26,6,20,康和-嘉義,2023-06-07,8459
2006,東和鋼鐵,19,0,19,康和-嘉義,2023-06-07,8459
6806,森崴能源,21,2,19,康和-嘉義,2023-06-07,8459
3037,欣興,27,9,18,康和-嘉義,2023-06-07,8459
5531,鄉林,22,4,18,康和-嘉義,2023-06-07,8459
6122,擎邦,18,0,18,康和-嘉義,2023-06-07,8459
00795B,中信美國公債20年,16,0,16,康和-嘉義,2023-06-07,8459
2832,台產,16,0,16,康和-嘉義,2023-06-07,8459
5328,華容,16,0,16,康和-嘉義,2023-06-07,8459
6219,富旺,16,0,16,康和-嘉義,2023-06-07,8459
1504,東元,67,52,15,康和-嘉義,2023-06-07,8459
8112,至上,15,0,15,康和-嘉義,2023-06-07,8459
2399,映泰,17,2,15,康和-嘉義,2023-06-07,8459
2606,裕民,15,0,15,康和-嘉義,2023-06-07,8459
2702,華園,16,2,14,康和-嘉義,2023-06-07,8459
1903,士紙,43,30,13,康和-嘉義,2023-06-07,8459
5706,鳳凰,17,4,13,康和-嘉義,2023-06-07,8459
1731,美吾華,13,1,12,康和-嘉義,2023-06-07,8459
1802,台玻,13,1,12,康和-嘉義,2023-06-07,8459
2444,兆勁,12,0,12,康和-嘉義,2023-06-07,8459
3209,全科,12,0,12,康和-嘉義,2023-06-07,8459
6167,久正,13,1,12,康和-嘉義,2023-06-07,8459
1584,精剛,18,7,11,康和-嘉義,2023-06-07,8459
1612,宏泰,23,12,11,康和-嘉義,2023-06-07,8459
2888,新光金,524,20,504,康和-嘉義,2023-06-08,8459
2063,世鎧,148,0,148,康和-嘉義,2023-06-08,8459
1815,富喬,105,6,99,康和-嘉義,2023-06-08,8459
4919,新唐,102,11,91,康和-嘉義,2023-06-08,8459
2323,中環,137,63,74,康和-嘉義,2023-06-08,8459
2515,中工,81,8,73,康和-嘉義,2023-06-08,8459
6191,精成科,70,0,70,康和-嘉義,2023-06-08,8459
3037,欣興,82,21,61,康和-嘉義,2023-06-08,8459
2601,益航,112,51,61,康和-嘉義,2023-06-08,8459
00919,群益台灣精選高息,59,0,59,康和-嘉義,2023-06-08,8459
2329,華泰,69,10,59,康和-嘉義,2023-06-08,8459
3325,旭品,45,0,45,康和-嘉義,2023-06-08,8459
2618,長榮航,167,125,42,康和-嘉義,2023-06-08,8459
00679B,元大美債20年,36,0,36,康和-嘉義,2023-06-08,8459
6116,彩晶,46,11,35,康和-嘉義,2023-06-08,8459
3673,TPK-KY,35,6,29,康和-嘉義,2023-06-08,8459
2206,三陽工業,28,3,25,康和-嘉義,2023-06-08,8459
3706,神達,30,5,25,康和-嘉義,2023-06-08,8459
3217,優群,27,3,24,康和-嘉義,2023-06-08,8459
00878,國泰永續高股息,38,14,24,康和-嘉義,2023-06-08,8459
3011,今皓,28,5,23,康和-嘉義,2023-06-08,8459
00893,國泰智能電動車,24,3,21,康和-嘉義,2023-06-08,8459
8046,南電,30,9,21,康和-嘉義,2023-06-08,8459
3046,建��,48,27,21,康和-嘉義,2023-06-08,8459
6441,廣錠,21,0,21,康和-嘉義,2023-06-08,8459
00902,中信電池及儲能,20,0,20,康和-嘉義,2023-06-08,8459
4561,健椿,20,0,20,康和-嘉義,2023-06-08,8459
6271,同欣電,20,0,20,康和-嘉義,2023-06-08,8459
2344,華邦電,38,19,19,康和-嘉義,2023-06-08,8459
2356,英業達,19,2,17,康和-嘉義,2023-06-08,8459
6187,萬潤,38,22,16,康和-嘉義,2023-06-08,8459
2401,凌陽,17,1,16,康和-嘉義,2023-06-08,8459
2881,富邦金,16,0,16,康和-嘉義,2023-06-08,8459
1605,華新,32,17,15,康和-嘉義,2023-06-08,8459
6282,康舒,41,26,15,康和-嘉義,2023-06-08,8459
1503,士電,14,0,14,康和-嘉義,2023-06-08,8459
3025,星通,30,16,14,康和-嘉義,2023-06-08,8459
2706,第一店,15,3,12,康和-嘉義,2023-06-08,8459
2734,易飛網,12,0,12,康和-嘉義,2023-06-08,8459
8271,宇瞻,12,0,12,康和-嘉義,2023-06-08,8459
6517,保勝光學,11,0,11,康和-嘉義,2023-06-08,8459
2365,昆盈,11,0,11,康和-嘉義,2023-06-08,8459
2476,鉅祥,11,0,11,康和-嘉義,2023-06-08,8459
2498,宏達電,13,2,11,康和-嘉義,2023-06-08,8459
3013,晟銘電,13,2,11,康和-嘉義,2023-06-08,8459
3058,立德,11,0,11,康和-嘉義,2023-06-08,8459
4102,永日,13,2,11,康和-嘉義,2023-06-08,8459
6129,普誠,11,0,11,康和-嘉義,2023-06-08,8459
6235,華孚,14,3,11,康和-嘉義,2023-06-08,8459
6443,元晶,15,4,11,康和-嘉義,2023-06-08,8459
2610,華航,301,40,261,康和-嘉義,2023-06-09,8459
2888,新光金,210,30,180,康和-嘉義,2023-06-09,8459
1217,愛之味,186,51,135,康和-嘉義,2023-06-09,8459
1514,亞力,154,47,107,康和-嘉義,2023-06-09,8459
2421,建準,152,77,75,康和-嘉義,2023-06-09,8459
2832,台產,54,0,54,康和-嘉義,2023-06-09,8459
2014,中鴻,50,0,50,康和-嘉義,2023-06-09,8459
3325,旭品,50,1,49,康和-嘉義,2023-06-09,8459
2063,世鎧,47,0,47,康和-嘉義,2023-06-09,8459
3673,TPK-KY,47,0,47,康和-嘉義,2023-06-09,8459
4979,華星光,206,166,40,康和-嘉義,2023-06-09,8459
8105,凌巨,40,0,40,康和-嘉義,2023-06-09,8459
2371,大同,90,52,38,康和-嘉義,2023-06-09,8459
2388,威盛,67,30,37,康和-嘉義,2023-06-09,8459
6128,上福,39,2,37,康和-嘉義,2023-06-09,8459
6116,彩晶,31,0,31,康和-嘉義,2023-06-09,8459
00929,復華台灣科技優息,30,0,30,康和-嘉義,2023-06-09,8459
3027,盛達,39,9,30,康和-嘉義,2023-06-09,8459
2886,兆豐金,32,3,29,康和-嘉義,2023-06-09,8459
1609,大亞,217,190,27,康和-嘉義,2023-06-09,8459
3231,緯創,326,302,24,康和-嘉義,2023-06-09,8459
1752,南光,42,20,22,康和-嘉義,2023-06-09,8459
1612,宏泰,22,1,21,康和-嘉義,2023-06-09,8459
00715L,期街口布蘭特正2,50,30,20,康和-嘉義,2023-06-09,8459
1504,東元,31,11,20,康和-嘉義,2023-06-09,8459
2107,厚生,20,0,20,康和-嘉義,2023-06-09,8459
2332,友訊,20,0,20,康和-嘉義,2023-06-09,8459
6125,廣運,58,39,19,康和-嘉義,2023-06-09,8459
6235,華孚,51,32,19,康和-嘉義,2023-06-09,8459
2356,英業達,152,134,18,康和-嘉義,2023-06-09,8459
2482,連宇,60,43,17,康和-嘉義,2023-06-09,8459
2368,金像電,41,24,17,康和-嘉義,2023-06-09,8459
1802,台玻,18,2,16,康和-嘉義,2023-06-09,8459
4541,晟田,16,0,16,康和-嘉義,2023-06-09,8459
2337,旺宏,15,0,15,康和-嘉義,2023-06-09,8459
6282,康舒,23,8,15,康和-嘉義,2023-06-09,8459
2377,微星,33,19,14,康和-嘉義,2023-06-09,8459
2736,富野,15,1,14,康和-嘉義,2023-06-09,8459
2801,彰銀,18,5,13,康和-嘉義,2023-06-09,8459
2359,所羅門,27,14,13,康和-嘉義,2023-06-09,8459
3630,新鉅科,15,2,13,康和-嘉義,2023-06-09,8459
2634,漢翔,13,1,12,康和-嘉義,2023-06-09,8459
6239,力成,14,2,12,康和-嘉義,2023-06-09,8459
9939,宏全,12,0,12,康和-嘉義,2023-06-09,8459
9945,潤泰新,12,0,12,康和-嘉義,2023-06-09,8459
6202,盛群,11,0,11,康和-嘉義,2023-06-09,8459
6517,保勝光學,11,0,11,康和-嘉義,2023-06-09,8459
00712,復華富時不動產,10,0,10,康和-嘉義,2023-06-09,8459
8210,勤誠,19,9,10,康和-嘉義,2023-06-09,8459
1528,恩德,10,0,10,康和-嘉義,2023-06-09,8459
2832,台產,314,0,314,康和-嘉義,2023-06-12,8459
4128,中天,200,0,200,康和-嘉義,2023-06-12,8459
8936,國統,167,0,167,康和-嘉義,2023-06-12,8459
2705,六福,113,0,113,康和-嘉義,2023-06-12,8459
2887,台新金,111,8,103,康和-嘉義,2023-06-12,8459
5511,德昌,98,0,98,康和-嘉義,2023-06-12,8459
2618,長榮航,172,77,95,康和-嘉義,2023-06-12,8459
6128,上福,84,0,84,康和-嘉義,2023-06-12,8459
6276,安鈦克,103,20,83,康和-嘉義,2023-06-12,8459
2888,新光金,168,90,78,康和-嘉義,2023-06-12,8459
3374,精材,134,64,70,康和-嘉義,2023-06-12,8459
3128,昇銳,67,2,65,康和-嘉義,2023-06-12,8459
00715L,期街口布蘭特正2,88,24,64,康和-嘉義,2023-06-12,8459
00895,富邦未來車,60,0,60,康和-嘉義,2023-06-12,8459
00929,復華台灣科技優息,56,0,56,康和-嘉義,2023-06-12,8459
6443,元晶,52,3,49,康和-嘉義,2023-06-12,8459
6016,康和證,47,0,47,康和-嘉義,2023-06-12,8459
2356,英業達,80,37,43,康和-嘉義,2023-06-12,8459
2371,大同,58,17,41,康和-嘉義,2023-06-12,8459
00878,國泰永續高股息,45,6,39,康和-嘉義,2023-06-12,8459
6122,擎邦,39,2,37,康和-嘉義,2023-06-12,8459
1752,南光,37,1,36,康和-嘉義,2023-06-12,8459
2913,農林,35,5,30,康和-嘉義,2023-06-12,8459
6243,迅杰,28,1,27,康和-嘉義,2023-06-12,8459
2886,兆豐金,27,0,27,康和-嘉義,2023-06-12,8459
5410,國眾,26,0,26,康和-嘉義,2023-06-12,8459
2607,榮運,24,0,24,康和-嘉義,2023-06-12,8459
2634,漢翔,37,13,24,康和-嘉義,2023-06-12,8459
4968,立積,37,14,23,康和-嘉義,2023-06-12,8459
2344,華邦電,32,10,22,康和-嘉義,2023-06-12,8459
2801,彰銀,22,0,22,康和-嘉義,2023-06-12,8459
4532,瑞智,20,0,20,康和-嘉義,2023-06-12,8459
1455,集盛,20,0,20,康和-嘉義,2023-06-12,8459
2399,映泰,27,7,20,康和-嘉義,2023-06-12,8459
2939,永邑-KY,20,0,20,康和-嘉義,2023-06-12,8459
5227,立凱-KY,19,0,19,康和-嘉義,2023-06-12,8459
2421,建準,105,87,18,康和-嘉義,2023-06-12,8459
1529,樂事綠能,20,3,17,康和-嘉義,2023-06-12,8459
1612,宏泰,17,0,17,康和-嘉義,2023-06-12,8459
5009,榮剛,21,4,17,康和-嘉義,2023-06-12,8459
00632R,元大台灣50反1,16,0,16,康和-嘉義,2023-06-12,8459
00919,群益台灣精選高息,15,0,15,康和-嘉義,2023-06-12,8459
1460,宏遠,15,0,15,康和-嘉義,2023-06-12,8459
1584,精剛,24,10,14,康和-嘉義,2023-06-12,8459
3062,建漢,16,2,14,康和-嘉義,2023-06-12,8459
2436,偉詮電,20,7,13,康和-嘉義,2023-06-12,8459
6163,華電網,13,0,13,康和-嘉義,2023-06-12,8459
2312,金寶,15,3,12,康和-嘉義,2023-06-12,8459
3711,日月光投控,12,1,11,康和-嘉義,2023-06-12,8459
4541,晟田,11,0,11,康和-嘉義,2023-06-12,8459
00715L,期街口布蘭特正2,376,11,365,康和-嘉義,2023-06-13,8459
00632R,元大台灣50反1,141,22,119,康和-嘉義,2023-06-13,8459
2888,新光金,127,12,115,康和-嘉義,2023-06-13,8459
2897,王道銀行,84,0,84,康和-嘉義,2023-06-13,8459
6016,康和證,256,180,76,康和-嘉義,2023-06-13,8459
3231,緯創,171,100,71,康和-嘉義,2023-06-13,8459
3217,優群,71,7,64,康和-嘉義,2023-06-13,8459
3308,聯德,61,4,57,康和-嘉義,2023-06-13,8459
4173,久裕,52,2,50,康和-嘉義,2023-06-13,8459
2352,佳世達,66,17,49,康和-嘉義,2023-06-13,8459
2323,中環,132,87,45,康和-嘉義,2023-06-13,8459
2356,英業達,127,86,41,康和-嘉義,2023-06-13,8459
2030,彰源,40,0,40,康和-嘉義,2023-06-13,8459
6277,宏正,31,0,31,康和-嘉義,2023-06-13,8459
2382,廣達,72,44,28,康和-嘉義,2023-06-13,8459
1905,華紙,54,28,26,康和-嘉義,2023-06-13,8459
2404,漢唐,26,0,26,康和-嘉義,2023-06-13,8459
00712,復華富時不動產,25,0,25,康和-嘉義,2023-06-13,8459
8358,金居,31,7,24,康和-嘉義,2023-06-13,8459
2630,亞航,29,7,22,康和-嘉義,2023-06-13,8459
6139,亞翔,77,56,21,康和-嘉義,2023-06-13,8459
3017,奇鋐,42,21,21,康和-嘉義,2023-06-13,8459
2867,三商壽,20,0,20,康和-嘉義,2023-06-13,8459
00664R,國泰臺灣加權反1,20,0,20,康和-嘉義,2023-06-13,8459
2611,志信,20,0,20,康和-嘉義,2023-06-13,8459
2887E,台新戊特,20,0,20,康和-嘉義,2023-06-13,8459
00919,群益台灣精選高息,19,0,19,康和-嘉義,2023-06-13,8459
00892,富邦台灣半導體,20,2,18,康和-嘉義,2023-06-13,8459
3715,定穎投控,17,0,17,康和-嘉義,2023-06-13,8459
3209,全科,15,0,15,康和-嘉義,2023-06-13,8459
8271,宇瞻,15,0,15,康和-嘉義,2023-06-13,8459
1319,東陽,19,5,14,康和-嘉義,2023-06-13,8459
2453,凌群,18,4,14,康和-嘉義,2023-06-13,8459
3704,合勤控,15,1,14,康和-嘉義,2023-06-13,8459
3576,聯合再生,12,0,12,康和-嘉義,2023-06-13,8459
2485,兆赫,15,3,12,康和-嘉義,2023-06-13,8459
2704,國賓,12,0,12,康和-嘉義,2023-06-13,8459
5706,鳳凰,34,22,12,康和-嘉義,2023-06-13,8459
4533,協易機,17,5,12,康和-嘉義,2023-06-13,8459
6153,嘉聯益,11,0,11,康和-嘉義,2023-06-13,8459
6278,台表科,11,0,11,康和-嘉義,2023-06-13,8459
8069,元太,21,10,11,康和-嘉義,2023-06-13,8459
00772B,中信高評級公司債,10,0,10,康和-嘉義,2023-06-13,8459
2027,大成鋼,11,1,10,康和-嘉義,2023-06-13,8459
3006,晶豪科,29,19,10,康和-嘉義,2023-06-13,8459
5410,國眾,10,0,10,康和-嘉義,2023-06-13,8459
6185,幃翔,13,3,10,康和-嘉義,2023-06-13,8459
8234,新漢,10,0,10,康和-嘉義,2023-06-13,8459
8255,朋程,10,0,10,康和-嘉義,2023-06-13,8459
1612,宏泰,9,0,9,康和-嘉義,2023-06-13,8459
00680L,元大美債20正2,171,0,171,康和-嘉義,2023-06-14,8459
2618,長榮航,946,802,144,康和-嘉義,2023-06-14,8459
2356,英業達,418,348,70,康和-嘉義,2023-06-14,8459
2353,宏��,126,60,66,康和-嘉義,2023-06-14,8459
00892,富邦台灣半導體,60,0,60,康和-嘉義,2023-06-14,8459
2317,鴻海,87,30,57,康和-嘉義,2023-06-14,8459
00712,復華富時不動產,51,0,51,康和-嘉義,2023-06-14,8459
00919,群益台灣精選高息,49,0,49,康和-嘉義,2023-06-14,8459
2743,山富,47,1,46,康和-嘉義,2023-06-14,8459
2427,三商電,48,6,42,康和-嘉義,2023-06-14,8459
3481,群創,40,1,39,康和-嘉義,2023-06-14,8459
2404,漢唐,39,0,39,康和-嘉義,2023-06-14,8459
2031,新光鋼,35,0,35,康和-嘉義,2023-06-14,8459
6116,彩晶,33,0,33,康和-嘉義,2023-06-14,8459
2601,益航,30,0,30,康和-嘉義,2023-06-14,8459
3363,上詮,33,4,29,康和-嘉義,2023-06-14,8459
6770,力積電,36,8,28,康和-嘉義,2023-06-14,8459
00772B,中信高評級公司債,25,0,25,康和-嘉義,2023-06-14,8459
2009,第一銅,30,5,25,康和-嘉義,2023-06-14,8459
2228,劍麟,52,28,24,康和-嘉義,2023-06-14,8459
6016,康和證,33,10,23,康和-嘉義,2023-06-14,8459
1806,冠軍,21,0,21,康和-嘉義,2023-06-14,8459
6282,康舒,34,13,21,康和-嘉義,2023-06-14,8459
00885,富邦越南,20,0,20,康和-嘉義,2023-06-14,8459
3062,建漢,20,0,20,康和-嘉義,2023-06-14,8459
6190,萬泰科,21,1,20,康和-嘉義,2023-06-14,8459
6683,雍智科技,20,0,20,康和-嘉義,2023-06-14,8459
1314,中石化,20,1,19,康和-嘉義,2023-06-14,8459
3374,精材,19,0,19,康和-嘉義,2023-06-14,8459
3005,神基,21,3,18,康和-嘉義,2023-06-14,8459
2888,新光金,34,17,17,康和-嘉義,2023-06-14,8459
2482,連宇,118,101,17,康和-嘉義,2023-06-14,8459
2913,農林,20,3,17,康和-嘉義,2023-06-14,8459
6288,聯嘉,23,9,14,康和-嘉義,2023-06-14,8459
8054,安國,14,0,14,康和-嘉義,2023-06-14,8459
1504,東元,66,52,14,康和-嘉義,2023-06-14,8459
4102,永日,28,14,14,康和-嘉義,2023-06-14,8459
4906,正文,24,11,13,康和-嘉義,2023-06-14,8459
1802,台玻,15,2,13,康和-嘉義,2023-06-14,8459
2313,華通,15,2,13,康和-嘉義,2023-06-14,8459
3563,牧德,13,0,13,康和-嘉義,2023-06-14,8459
4746,台耀,13,0,13,康和-嘉義,2023-06-14,8459
6150,撼訊,13,0,13,康和-嘉義,2023-06-14,8459
6278,台表科,13,0,13,康和-嘉義,2023-06-14,8459
2017,官田鋼,12,0,12,康和-嘉義,2023-06-14,8459
2834,臺企銀,12,0,12,康和-嘉義,2023-06-14,8459
3583,辛耘,12,0,12,康和-嘉義,2023-06-14,8459
1101,台泥,14,2,12,康和-嘉義,2023-06-14,8459
2609,陽明,29,18,11,康和-嘉義,2023-06-14,8459
3202,樺晟,11,0,11,康和-嘉義,2023-06-14,8459
2610,華航,935,672,263,康和-嘉義,2023-06-15,8459
3213,茂訊,141,0,141,康和-嘉義,2023-06-15,8459
00893,國泰智能電動車,112,5,107,康和-嘉義,2023-06-15,8459
1609,大亞,235,139,96,康和-嘉義,2023-06-15,8459
00751B,元大AAA至A公司債,101,15,86,康和-嘉義,2023-06-15,8459
2515,中工,70,2,68,康和-嘉義,2023-06-15,8459
6116,彩晶,70,2,68,康和-嘉義,2023-06-15,8459
6196,帆宣,62,2,60,康和-嘉義,2023-06-15,8459
00715L,期街口布蘭特正2,168,111,57,康和-嘉義,2023-06-15,8459
2501,國建,55,0,55,康和-嘉義,2023-06-15,8459
1504,東元,70,16,54,康和-嘉義,2023-06-15,8459
2880,華南金,35,0,35,康和-嘉義,2023-06-15,8459
00772B,中信高評級公司債,31,0,31,康和-嘉義,2023-06-15,8459
3356,奇偶,77,49,28,康和-嘉義,2023-06-15,8459
2482,連宇,78,52,26,康和-嘉義,2023-06-15,8459
2382,廣達,59,33,26,康和-嘉義,2023-06-15,8459
2323,中環,66,41,25,康和-嘉義,2023-06-15,8459
5531,鄉林,41,16,25,康和-嘉義,2023-06-15,8459
1714,和桐,21,0,21,康和-嘉義,2023-06-15,8459
3563,牧德,24,4,20,康和-嘉義,2023-06-15,8459
8926,台汽電,21,1,20,康和-嘉義,2023-06-15,8459
1503,士電,32,13,19,康和-嘉義,2023-06-15,8459
6188,廣明,42,24,18,康和-嘉義,2023-06-15,8459
3217,優群,17,0,17,康和-嘉義,2023-06-15,8459
6282,康舒,228,211,17,康和-嘉義,2023-06-15,8459
2368,金像電,72,56,16,康和-嘉義,2023-06-15,8459
00632R,元大台灣50反1,15,0,15,康和-嘉義,2023-06-15,8459
3521,鴻翊,15,0,15,康和-嘉義,2023-06-15,8459
2882,國泰金,16,2,14,康和-嘉義,2023-06-15,8459
1519,華城,39,25,14,康和-嘉義,2023-06-15,8459
3308,聯德,18,4,14,康和-嘉義,2023-06-15,8459
3017,奇鋐,44,30,14,康和-嘉義,2023-06-15,8459
00676R,富邦臺灣加權反1,13,0,13,康和-嘉義,2023-06-15,8459
00687B,國泰20年美債,13,0,13,康和-嘉義,2023-06-15,8459
6122,擎邦,20,7,13,康和-嘉義,2023-06-15,8459
00897,富邦基因免疫生技,12,0,12,康和-嘉義,2023-06-15,8459
3707,漢磊,15,3,12,康和-嘉義,2023-06-15,8459
2317,鴻海,18,6,12,康和-嘉義,2023-06-15,8459
2887,台新金,12,0,12,康和-嘉義,2023-06-15,8459
00712,復華富時不動產,11,0,11,康和-嘉義,2023-06-15,8459
3033,威健,11,0,11,康和-嘉義,2023-06-15,8459
3058,立德,13,2,11,康和-嘉義,2023-06-15,8459
6205,詮欣,11,0,11,康和-嘉義,2023-06-15,8459
8234,新漢,21,10,11,康和-嘉義,2023-06-15,8459
4906,正文,12,2,10,康和-嘉義,2023-06-15,8459
00902,中信電池及儲能,10,0,10,康和-嘉義,2023-06-15,8459
2704,國賓,10,0,10,康和-嘉義,2023-06-15,8459
5425,台半,16,6,10,康和-嘉義,2023-06-15,8459
5498,凱崴,10,0,10,康和-嘉義,2023-06-15,8459
6789,采鈺,11,2,9,康和-嘉義,2023-06-15,8459
1609,大亞,609,184,425,康和-嘉義,2023-06-16,8459
00753L,中信中國50正2,369,22,347,康和-嘉義,2023-06-16,8459
4979,華星光,224,40,184,康和-嘉義,2023-06-16,8459
2832,台產,174,0,174,康和-嘉義,2023-06-16,8459
3706,神達,244,88,156,康和-嘉義,2023-06-16,8459
2006,東和鋼鐵,126,0,126,康和-嘉義,2023-06-16,8459
8936,國統,114,0,114,康和-嘉義,2023-06-16,8459
2353,宏��,262,181,81,康和-嘉義,2023-06-16,8459
1540,喬福,60,0,60,康和-嘉義,2023-06-16,8459
2371,大同,159,99,60,康和-嘉義,2023-06-16,8459
3128,昇銳,56,0,56,康和-嘉義,2023-06-16,8459
2331,精英,52,1,51,康和-嘉義,2023-06-16,8459
1605,華新,227,185,42,康和-嘉義,2023-06-16,8459
2374,佳能,40,0,40,康和-嘉義,2023-06-16,8459
2405,輔信,50,10,40,康和-嘉義,2023-06-16,8459
2897,王道銀行,40,0,40,康和-嘉義,2023-06-16,8459
1789,神隆,44,9,35,康和-嘉義,2023-06-16,8459
3213,茂訊,33,0,33,康和-嘉義,2023-06-16,8459
2504,國產,31,0,31,康和-嘉義,2023-06-16,8459
6188,廣明,32,1,31,康和-嘉義,2023-06-16,8459
2332,友訊,33,4,29,康和-嘉義,2023-06-16,8459
00919,群益台灣精選高息,28,3,25,康和-嘉義,2023-06-16,8459
6190,萬泰科,23,2,21,康和-嘉義,2023-06-16,8459
00929,復華台灣科技優息,20,0,20,康和-嘉義,2023-06-16,8459
1611,中電,25,5,20,康和-嘉義,2023-06-16,8459
3024,憶聲,20,0,20,康和-嘉義,2023-06-16,8459
2409,友達,21,1,20,康和-嘉義,2023-06-16,8459
5905,南仁湖,22,4,18,康和-嘉義,2023-06-16,8459
3231,緯創,170,153,17,康和-嘉義,2023-06-16,8459
3264,欣銓,21,4,17,康和-嘉義,2023-06-16,8459
2301,光寶科,20,3,17,康和-嘉義,2023-06-16,8459
2457,飛宏,18,3,15,康和-嘉義,2023-06-16,8459
3013,晟銘電,23,8,15,康和-嘉義,2023-06-16,8459
1612,宏泰,14,0,14,康和-嘉義,2023-06-16,8459
2359,所羅門,20,6,14,康和-嘉義,2023-06-16,8459
3027,盛達,16,2,14,康和-嘉義,2023-06-16,8459
3363,上詮,14,1,13,康和-嘉義,2023-06-16,8459
6163,華電網,13,0,13,康和-嘉義,2023-06-16,8459
8105,凌巨,15,2,13,康和-嘉義,2023-06-16,8459
2883,凱基金,13,1,12,康和-嘉義,2023-06-16,8459
00712,復華富時不動產,12,0,12,康和-嘉義,2023-06-16,8459
2379,瑞昱,13,1,12,康和-嘉義,2023-06-16,8459
2453,凌群,12,0,12,康和-嘉義,2023-06-16,8459
8271,宇瞻,12,0,12,康和-嘉義,2023-06-16,8459
1905,華紙,113,102,11,康和-嘉義,2023-06-16,8459
2423,固緯,11,0,11,康和-嘉義,2023-06-16,8459
6176,瑞儀,11,0,11,康和-嘉義,2023-06-16,8459
6205,詮欣,11,0,11,康和-嘉義,2023-06-16,8459
8091,翔名,11,0,11,康和-嘉義,2023-06-16,8459
6244,茂迪,11,1,10,康和-嘉義,2023-06-16,8459
3481,群創,844,668,176,康和-嘉義,2023-06-19,8459
2312,金寶,115,3,112,康和-嘉義,2023-06-19,8459
3706,神達,190,95,95,康和-嘉義,2023-06-19,8459
6148,驊宏資,118,74,44,康和-嘉義,2023-06-19,8459
8277,商丞,43,0,43,康和-嘉義,2023-06-19,8459
2014,中鴻,82,42,40,康和-嘉義,2023-06-19,8459
2405,輔信,44,10,34,康和-嘉義,2023-06-19,8459
7402,邑錡,33,0,33,康和-嘉義,2023-06-19,8459
2344,華邦電,33,0,33,康和-嘉義,2023-06-19,8459
2356,英業達,116,86,30,康和-嘉義,2023-06-19,8459
8390,金益鼎,30,0,30,康和-嘉義,2023-06-19,8459
2353,宏��,95,66,29,康和-嘉義,2023-06-19,8459
00772B,中信高評級公司債,29,0,29,康和-嘉義,2023-06-19,8459
2748,雲品,33,5,28,康和-嘉義,2023-06-19,8459
2887,台新金,25,0,25,康和-嘉義,2023-06-19,8459
1609,大亞,60,35,25,康和-嘉義,2023-06-19,8459
3324,雙鴻,31,6,25,康和-嘉義,2023-06-19,8459
6190,萬泰科,30,5,25,康和-嘉義,2023-06-19,8459
2504,國產,23,0,23,康和-嘉義,2023-06-19,8459
2630,亞航,47,26,21,康和-嘉義,2023-06-19,8459
2883,凱基金,20,0,20,康和-嘉義,2023-06-19,8459
6126,信音,20,0,20,康和-嘉義,2023-06-19,8459
6282,康舒,24,4,20,康和-嘉義,2023-06-19,8459
2324,仁寶,19,0,19,康和-嘉義,2023-06-19,8459
2421,建準,37,18,19,康和-嘉義,2023-06-19,8459
3583,辛耘,26,8,18,康和-嘉義,2023-06-19,8459
6770,力積電,17,1,16,康和-嘉義,2023-06-19,8459
3231,緯創,39,23,16,康和-嘉義,2023-06-19,8459
00919,群益台灣精選高息,20,5,15,康和-嘉義,2023-06-19,8459
1477,聚陽,15,0,15,康和-嘉義,2023-06-19,8459
1528,恩德,16,1,15,康和-嘉義,2023-06-19,8459
3209,全科,15,0,15,康和-嘉義,2023-06-19,8459
6120,達運,61,47,14,康和-嘉義,2023-06-19,8459
00712,復華富時不動產,19,5,14,康和-嘉義,2023-06-19,8459
2607,榮運,14,0,14,康和-嘉義,2023-06-19,8459
2834,臺企銀,15,1,14,康和-嘉義,2023-06-19,8459
2402,毅嘉,15,2,13,康和-嘉義,2023-06-19,8459
2498,宏達電,16,3,13,康和-嘉義,2023-06-19,8459
5706,鳳凰,23,10,13,康和-嘉義,2023-06-19,8459
1326,台化,12,0,12,康和-嘉義,2023-06-19,8459
1218,泰山,13,1,12,康和-嘉義,2023-06-19,8459
2388,威盛,12,0,12,康和-嘉義,2023-06-19,8459
2457,飛宏,16,4,12,康和-嘉義,2023-06-19,8459
2913,農林,12,0,12,康和-嘉義,2023-06-19,8459
2303,聯電,11,0,11,康和-嘉義,2023-06-19,8459
2382,廣達,59,48,11,康和-嘉義,2023-06-19,8459
3046,建��,12,1,11,康和-嘉義,2023-06-19,8459
5243,乙盛-KY,13,2,11,康和-嘉義,2023-06-19,8459
00673R,期元大S＆P原油反1,10,0,10,康和-嘉義,2023-06-19,8459
00927,群益半導體收益,10,0,10,康和-嘉義,2023-06-19,8459
00632R,元大台灣50反1,200,3,197,康和-嘉義,2023-06-20,8459
2610,華航,349,243,106,康和-嘉義,2023-06-20,8459
00900,富邦特選高股息30,101,0,101,康和-嘉義,2023-06-20,8459
2618,長榮航,162,65,97,康和-嘉義,2023-06-20,8459
5426,振發,60,0,60,康和-嘉義,2023-06-20,8459
3576,聯合再生,58,0,58,康和-嘉義,2023-06-20,8459
6271,同欣電,50,0,50,康和-嘉義,2023-06-20,8459
6190,萬泰科,50,0,50,康和-嘉義,2023-06-20,8459
3231,緯創,121,74,47,康和-嘉義,2023-06-20,8459
1504,東元,84,41,43,康和-嘉義,2023-06-20,8459
2801,彰銀,40,0,40,康和-嘉義,2023-06-20,8459
1519,華城,50,17,33,康和-嘉義,2023-06-20,8459
6016,康和證,40,7,33,康和-嘉義,2023-06-20,8459
3706,神達,109,77,32,康和-嘉義,2023-06-20,8459
3013,晟銘電,65,35,30,康和-嘉義,2023-06-20,8459
2939,永邑-KY,27,0,27,康和-嘉義,2023-06-20,8459
3191,雲嘉南,25,0,25,康和-嘉義,2023-06-20,8459
1101,台泥,28,6,22,康和-嘉義,2023-06-20,8459
2867,三商壽,25,3,22,康和-嘉義,2023-06-20,8459
3652,精聯,21,0,21,康和-嘉義,2023-06-20,8459
1815,富喬,40,20,20,康和-嘉義,2023-06-20,8459
6180,橘子,22,3,19,康和-嘉義,2023-06-20,8459
3673,TPK-KY,18,0,18,康和-嘉義,2023-06-20,8459
4536,拓凱,18,0,18,康和-嘉義,2023-06-20,8459
6282,康舒,26,9,17,康和-嘉義,2023-06-20,8459
6111,大宇資,38,22,16,康和-嘉義,2023-06-20,8459
6770,力積電,31,15,16,康和-嘉義,2023-06-20,8459
1609,大亞,46,31,15,康和-嘉義,2023-06-20,8459
2353,宏��,46,31,15,康和-嘉義,2023-06-20,8459
3545,敦泰,13,0,13,康和-嘉義,2023-06-20,8459
2337,旺宏,13,0,13,康和-嘉義,2023-06-20,8459
3338,泰碩,13,0,13,康和-嘉義,2023-06-20,8459
5009,榮剛,17,4,13,康和-嘉義,2023-06-20,8459
6153,嘉聯益,13,0,13,康和-嘉義,2023-06-20,8459
2421,建準,15,3,12,康和-嘉義,2023-06-20,8459
2834,臺企銀,12,0,12,康和-嘉義,2023-06-20,8459
3704,合勤控,14,2,12,康和-嘉義,2023-06-20,8459
2453,凌群,19,8,11,康和-嘉義,2023-06-20,8459
3209,全科,11,0,11,康和-嘉義,2023-06-20,8459
3289,宜特,14,3,11,康和-嘉義,2023-06-20,8459
2454,聯發科,12,1,11,康和-嘉義,2023-06-20,8459
00916,國泰全球品牌50,10,0,10,康和-嘉義,2023-06-20,8459
2504,國產,10,0,10,康和-嘉義,2023-06-20,8459
3615,安可,10,0,10,康和-嘉義,2023-06-20,8459
5512,力麒,73,63,10,康和-嘉義,2023-06-20,8459
8210,勤誠,26,16,10,康和-嘉義,2023-06-20,8459
8403,盛弘,10,0,10,康和-嘉義,2023-06-20,8459
2484,希華,10,1,9,康和-嘉義,2023-06-20,8459
3049,精金,15,6,9,康和-嘉義,2023-06-20,8459
3056,富華新,9,0,9,康和-嘉義,2023-06-20,8459
00665L,富邦�琤肭磪囓�2,286,5,281,康和-嘉義,2023-06-21,8459
3481,群創,257,43,214,康和-嘉義,2023-06-21,8459
2618,長榮航,264,112,152,康和-嘉義,2023-06-21,8459
2323,中環,242,93,149,康和-嘉義,2023-06-21,8459
1905,華紙,176,76,100,康和-嘉義,2023-06-21,8459
2312,金寶,123,72,51,康和-嘉義,2023-06-21,8459
2409,友達,89,44,45,康和-嘉義,2023-06-21,8459
2888,新光金,88,45,43,康和-嘉義,2023-06-21,8459
2104,國際中橡,41,1,40,康和-嘉義,2023-06-21,8459
1609,大亞,73,34,39,康和-嘉義,2023-06-21,8459
6016,康和證,41,9,32,康和-嘉義,2023-06-21,8459
8086,宏捷科,30,0,30,康和-嘉義,2023-06-21,8459
8942,森鉅,30,0,30,康和-嘉義,2023-06-21,8459
2324,仁寶,32,3,29,康和-嘉義,2023-06-21,8459
6120,達運,69,40,29,康和-嘉義,2023-06-21,8459
8028,昇陽半導體,29,0,29,康和-嘉義,2023-06-21,8459
1471,首利,27,0,27,康和-嘉義,2023-06-21,8459
00882,中信中國高股息,27,0,27,康和-嘉義,2023-06-21,8459
2356,英業達,46,20,26,康和-嘉義,2023-06-21,8459
4551,智伸科,26,1,25,康和-嘉義,2023-06-21,8459
00753L,中信中國50正2,23,0,23,康和-嘉義,2023-06-21,8459
2634,漢翔,90,67,23,康和-嘉義,2023-06-21,8459
2705,六福,28,5,23,康和-嘉義,2023-06-21,8459
6182,合晶,21,0,21,康和-嘉義,2023-06-21,8459
2317,鴻海,25,5,20,康和-嘉義,2023-06-21,8459
00892,富邦台灣半導體,20,0,20,康和-嘉義,2023-06-21,8459
1447,力鵬,20,0,20,康和-嘉義,2023-06-21,8459
2883,凱基金,20,1,19,康和-嘉義,2023-06-21,8459
00687B,國泰20年美債,20,1,19,康和-嘉義,2023-06-21,8459
6125,廣運,27,8,19,康和-嘉義,2023-06-21,8459
8358,金居,40,22,18,康和-嘉義,2023-06-21,8459
8210,勤誠,49,32,17,康和-嘉義,2023-06-21,8459
2736,富野,149,133,16,康和-嘉義,2023-06-21,8459
5324,士開,16,0,16,康和-嘉義,2023-06-21,8459
6188,廣明,37,23,14,康和-嘉義,2023-06-21,8459
8076,伍豐,17,4,13,康和-嘉義,2023-06-21,8459
00712,復華富時不動產,12,0,12,康和-嘉義,2023-06-21,8459
2427,三商電,13,1,12,康和-嘉義,2023-06-21,8459
1533,車王電,12,0,12,康和-嘉義,2023-06-21,8459
2313,華通,11,0,11,康和-嘉義,2023-06-21,8459
2486,一詮,12,1,11,康和-嘉義,2023-06-21,8459
2913,農林,16,5,11,康和-嘉義,2023-06-21,8459
5227,立凱-KY,11,0,11,康和-嘉義,2023-06-21,8459
5383,金利,11,0,11,康和-嘉義,2023-06-21,8459
6163,華電網,11,0,11,康和-嘉義,2023-06-21,8459
4916,事欣科,49,38,11,康和-嘉義,2023-06-21,8459
00893,國泰智能電動車,30,19,11,康和-嘉義,2023-06-21,8459
2412,中華電,10,0,10,康和-嘉義,2023-06-21,8459
00772B,中信高評級公司債,10,0,10,康和-嘉義,2023-06-21,8459
1314,中石化,10,0,10,康和-嘉義,2023-06-21,8459
2610,華航,273,59,214,康和-嘉義,2023-06-26,8459
1504,東元,133,47,86,康和-嘉義,2023-06-26,8459
8271,宇瞻,80,0,80,康和-嘉義,2023-06-26,8459
00715L,期街口布蘭特正2,77,1,76,康和-嘉義,2023-06-26,8459
2356,英業達,97,24,73,康和-嘉義,2023-06-26,8459
6016,康和證,71,9,62,康和-嘉義,2023-06-26,8459
3049,精金,118,60,58,康和-嘉義,2023-06-26,8459
00637L,元大滬深300正2,57,0,57,康和-嘉義,2023-06-26,8459
6120,達運,78,38,40,康和-嘉義,2023-06-26,8459
2482,連宇,37,1,36,康和-嘉義,2023-06-26,8459
2317,鴻海,69,33,36,康和-嘉義,2023-06-26,8459
3202,樺晟,42,12,30,康和-嘉義,2023-06-26,8459
2104,國際中橡,31,1,30,康和-嘉義,2023-06-26,8459
2615,萬海,35,6,29,康和-嘉義,2023-06-26,8459
2705,六福,40,15,25,康和-嘉義,2023-06-26,8459
00919,群益台灣精選高息,24,0,24,康和-嘉義,2023-06-26,8459
3231,緯創,97,74,23,康和-嘉義,2023-06-26,8459
4979,華星光,25,3,22,康和-嘉義,2023-06-26,8459
3264,欣銓,24,3,21,康和-嘉義,2023-06-26,8459
6180,橘子,32,11,21,康和-嘉義,2023-06-26,8459
00712,復華富時不動產,24,4,20,康和-嘉義,2023-06-26,8459
1802,台玻,36,16,20,康和-嘉義,2023-06-26,8459
5465,富驊,25,5,20,康和-嘉義,2023-06-26,8459
2634,漢翔,66,47,19,康和-嘉義,2023-06-26,8459
2371,大同,93,75,18,康和-嘉義,2023-06-26,8459
2382,廣達,25,8,17,康和-嘉義,2023-06-26,8459
8358,金居,20,3,17,康和-嘉義,2023-06-26,8459
00772B,中信高評級公司債,16,0,16,康和-嘉義,2023-06-26,8459
3013,晟銘電,36,20,16,康和-嘉義,2023-06-26,8459
3583,辛耘,18,2,16,康和-嘉義,2023-06-26,8459
4503,金雨,29,13,16,康和-嘉義,2023-06-26,8459
6226,光鼎,16,0,16,康和-嘉義,2023-06-26,8459
1609,大亞,15,0,15,康和-嘉義,2023-06-26,8459
6282,康舒,19,6,13,康和-嘉義,2023-06-26,8459
00921,兆豐龍頭等權重,13,0,13,康和-嘉義,2023-06-26,8459
00753L,中信中國50正2,13,0,13,康和-嘉義,2023-06-26,8459
3266,昇陽,13,0,13,康和-嘉義,2023-06-26,8459
4938,和碩,13,0,13,康和-嘉義,2023-06-26,8459
1477,聚陽,16,4,12,康和-嘉義,2023-06-26,8459
6288,聯嘉,12,0,12,康和-嘉義,2023-06-26,8459
6770,力積電,13,1,12,康和-嘉義,2023-06-26,8459
2344,華邦電,12,1,11,康和-嘉義,2023-06-26,8459
00882,中信中國高股息,11,0,11,康和-嘉義,2023-06-26,8459
1785,光洋科,13,2,11,康和-嘉義,2023-06-26,8459
2421,建準,16,5,11,康和-嘉義,2023-06-26,8459
2897,王道銀行,11,0,11,康和-嘉義,2023-06-26,8459
6111,大宇資,35,24,11,康和-嘉義,2023-06-26,8459
8926,台汽電,11,0,11,康和-嘉義,2023-06-26,8459
00892,富邦台灣半導體,10,0,10,康和-嘉義,2023-06-26,8459
00897,富邦基因免疫生技,10,0,10,康和-嘉義,2023-06-26,8459
2323,中環,445,202,243,康和-嘉義,2023-06-27,8459
2303,聯電,137,14,123,康和-嘉義,2023-06-27,8459
3013,晟銘電,109,14,95,康和-嘉義,2023-06-27,8459
6016,康和證,90,1,89,康和-嘉義,2023-06-27,8459
4128,中天,90,5,85,康和-嘉義,2023-06-27,8459
2515,中工,72,0,72,康和-嘉義,2023-06-27,8459
00921,兆豐龍頭等權重,58,0,58,康和-嘉義,2023-06-27,8459
1471,首利,58,7,51,康和-嘉義,2023-06-27,8459
2897,王道銀行,50,0,50,康和-嘉義,2023-06-27,8459
2618,長榮航,252,205,47,康和-嘉義,2023-06-27,8459
1609,大亞,87,41,46,康和-嘉義,2023-06-27,8459
3038,全台,63,17,46,康和-嘉義,2023-06-27,8459
1605,華新,40,0,40,康和-嘉義,2023-06-27,8459
00885,富邦越南,50,10,40,康和-嘉義,2023-06-27,8459
6182,合晶,42,4,38,康和-嘉義,2023-06-27,8459
4967,十銓,73,44,29,康和-嘉義,2023-06-27,8459
3032,偉訓,28,1,27,康和-嘉義,2023-06-27,8459
3231,緯創,117,92,25,康和-嘉義,2023-06-27,8459
8046,南電,35,11,24,康和-嘉義,2023-06-27,8459
2405,輔信,36,12,24,康和-嘉義,2023-06-27,8459
6288,聯嘉,25,1,24,康和-嘉義,2023-06-27,8459
2880,華南金,23,0,23,康和-嘉義,2023-06-27,8459
1752,南光,25,2,23,康和-嘉義,2023-06-27,8459
4173,久裕,27,4,23,康和-嘉義,2023-06-27,8459
6116,彩晶,47,26,21,康和-嘉義,2023-06-27,8459
3266,昇陽,21,0,21,康和-嘉義,2023-06-27,8459
6188,廣明,36,16,20,康和-嘉義,2023-06-27,8459
1519,華城,20,1,19,康和-嘉義,2023-06-27,8459
3071,協禧,21,2,19,康和-嘉義,2023-06-27,8459
6111,大宇資,29,10,19,康和-嘉義,2023-06-27,8459
6770,力積電,18,0,18,康和-嘉義,2023-06-27,8459
2368,金像電,27,9,18,康和-嘉義,2023-06-27,8459
00878,國泰永續高股息,19,1,18,康和-嘉義,2023-06-27,8459
3058,立德,17,0,17,康和-嘉義,2023-06-27,8459
6203,海韻電,16,0,16,康和-嘉義,2023-06-27,8459
00633L,富邦上証正2,15,0,15,康和-嘉義,2023-06-27,8459
1789,神隆,16,1,15,康和-嘉義,2023-06-27,8459
3052,夆典,15,0,15,康和-嘉義,2023-06-27,8459
4979,華星光,15,0,15,康和-嘉義,2023-06-27,8459
1301,台塑,14,0,14,康和-嘉義,2023-06-27,8459
00897,富邦基因免疫生技,13,0,13,康和-嘉義,2023-06-27,8459
5227,立凱-KY,13,0,13,康和-嘉義,2023-06-27,8459
6274,台燿,13,0,13,康和-嘉義,2023-06-27,8459
2344,華邦電,13,1,12,康和-嘉義,2023-06-27,8459
00706L,期元大S＆P日圓正2,12,0,12,康和-嘉義,2023-06-27,8459
1319,東陽,12,0,12,康和-嘉義,2023-06-27,8459
2634,漢翔,25,13,12,康和-嘉義,2023-06-27,8459
00753L,中信中國50正2,11,0,11,康和-嘉義,2023-06-27,8459
2201,裕隆,11,0,11,康和-嘉義,2023-06-27,8459
2888,新光金,10,0,10,康和-嘉義,2023-06-27,8459
2906,高林,215,4,211,康和-嘉義,2023-06-28,8459
2371,大同,297,122,175,康和-嘉義,2023-06-28,8459
00715L,期街口布蘭特正2,157,11,146,康和-嘉義,2023-06-28,8459
1605,華新,234,129,105,康和-嘉義,2023-06-28,8459
2888,新光金,102,0,102,康和-嘉義,2023-06-28,8459
2634,漢翔,131,51,80,康和-嘉義,2023-06-28,8459
3231,緯創,117,60,57,康和-嘉義,2023-06-28,8459
4906,正文,63,14,49,康和-嘉義,2023-06-28,8459
2211,長榮鋼,42,0,42,康和-嘉義,2023-06-28,8459
4994,傳奇,40,2,38,康和-嘉義,2023-06-28,8459
1101,台泥,35,0,35,康和-嘉義,2023-06-28,8459
1714,和桐,27,0,27,康和-嘉義,2023-06-28,8459
3025,星通,27,0,27,康和-嘉義,2023-06-28,8459
2495,普安,31,9,22,康和-嘉義,2023-06-28,8459
00921,兆豐龍頭等權重,20,0,20,康和-嘉義,2023-06-28,8459
6016,康和證,27,10,17,康和-嘉義,2023-06-28,8459
2303,聯電,21,4,17,康和-嘉義,2023-06-28,8459
4174,浩鼎,24,7,17,康和-嘉義,2023-06-28,8459
3576,聯合再生,33,16,17,康和-嘉義,2023-06-28,8459
4128,中天,21,4,17,康和-嘉義,2023-06-28,8459
2913,農林,17,1,16,康和-嘉義,2023-06-28,8459
4551,智伸科,16,0,16,康和-嘉義,2023-06-28,8459
1339,昭輝,15,0,15,康和-嘉義,2023-06-28,8459
1444,力麗,23,8,15,康和-嘉義,2023-06-28,8459
3037,欣興,28,14,14,康和-嘉義,2023-06-28,8459
8046,南電,19,5,14,康和-嘉義,2023-06-28,8459
1533,車王電,20,6,14,康和-嘉義,2023-06-28,8459
1795,美時,24,10,14,康和-嘉義,2023-06-28,8459
2332,友訊,40,26,14,康和-嘉義,2023-06-28,8459
1471,首利,13,0,13,康和-嘉義,2023-06-28,8459
1504,東元,23,10,13,康和-嘉義,2023-06-28,8459
6203,海韻電,15,2,13,康和-嘉義,2023-06-28,8459
2630,亞航,12,0,12,康和-嘉義,2023-06-28,8459
2880,華南金,12,0,12,康和-嘉義,2023-06-28,8459
6288,聯嘉,11,0,11,康和-嘉義,2023-06-28,8459
8210,勤誠,49,38,11,康和-嘉義,2023-06-28,8459
2892,第一金,10,0,10,康和-嘉義,2023-06-28,8459
00712,復華富時不動產,20,10,10,康和-嘉義,2023-06-28,8459
00772B,中信高評級公司債,10,0,10,康和-嘉義,2023-06-28,8459
00893,國泰智能電動車,10,0,10,康和-嘉義,2023-06-28,8459
1611,中電,10,0,10,康和-嘉義,2023-06-28,8459
1752,南光,16,6,10,康和-嘉義,2023-06-28,8459
3011,今皓,10,0,10,康和-嘉義,2023-06-28,8459
3266,昇陽,10,0,10,康和-嘉義,2023-06-28,8459
5450,南良,10,0,10,康和-嘉義,2023-06-28,8459
6290,良維,10,0,10,康和-嘉義,2023-06-28,8459
8091,翔名,10,0,10,康和-嘉義,2023-06-28,8459
2340,台亞,15,6,9,康和-嘉義,2023-06-28,8459
2482,連宇,10,1,9,康和-嘉義,2023-06-28,8459
2409,友達,32,23,9,康和-嘉義,2023-06-28,8459
2323,中環,169,75,94,康和-嘉義,2023-06-29,8459
2618,長榮航,166,78,88,康和-嘉義,2023-06-29,8459
1905,華紙,123,38,85,康和-嘉義,2023-06-29,8459
3706,神達,124,40,84,康和-嘉義,2023-06-29,8459
2603,長榮,113,51,62,康和-嘉義,2023-06-29,8459
4967,十銓,78,16,62,康和-嘉義,2023-06-29,8459
2610,華航,91,32,59,康和-嘉義,2023-06-29,8459
6190,萬泰科,60,23,37,康和-嘉義,2023-06-29,8459
4746,台耀,42,6,36,康和-嘉義,2023-06-29,8459
2317,鴻海,41,6,35,康和-嘉義,2023-06-29,8459
1101,台泥,32,1,31,康和-嘉義,2023-06-29,8459
5426,振發,50,20,30,康和-嘉義,2023-06-29,8459
2353,宏��,32,3,29,康和-嘉義,2023-06-29,8459
2356,英業達,38,10,28,康和-嘉義,2023-06-29,8459
2419,仲琦,104,76,28,康和-嘉義,2023-06-29,8459
6282,康舒,31,6,25,康和-嘉義,2023-06-29,8459
2607,榮運,27,2,25,康和-嘉義,2023-06-29,8459
3128,昇銳,25,0,25,康和-嘉義,2023-06-29,8459
4908,前鼎,27,2,25,康和-嘉義,2023-06-29,8459
3005,神基,29,5,24,康和-嘉義,2023-06-29,8459
2303,聯電,23,1,22,康和-嘉義,2023-06-29,8459
1605,華新,48,28,20,康和-嘉義,2023-06-29,8459
2376,技嘉,21,1,20,康和-嘉義,2023-06-29,8459
6167,久正,20,0,20,康和-嘉義,2023-06-29,8459
2382,廣達,48,31,17,康和-嘉義,2023-06-29,8459
1319,東陽,22,5,17,康和-嘉義,2023-06-29,8459
1529,樂事綠能,15,0,15,康和-嘉義,2023-06-29,8459
4979,華星光,39,24,15,康和-嘉義,2023-06-29,8459
5258,虹堡,16,1,15,康和-嘉義,2023-06-29,8459
3017,奇鋐,23,10,13,康和-嘉義,2023-06-29,8459
8112,至上,13,1,12,康和-嘉義,2023-06-29,8459
2485,兆赫,12,0,12,康和-嘉義,2023-06-29,8459
00687B,國泰20年美債,12,1,11,康和-嘉義,2023-06-29,8459
3022,威強電,11,0,11,康和-嘉義,2023-06-29,8459
6016,康和證,12,1,11,康和-嘉義,2023-06-29,8459
1714,和桐,10,0,10,康和-嘉義,2023-06-29,8459
00637L,元大滬深300正2,10,0,10,康和-嘉義,2023-06-29,8459
2476,鉅祥,10,0,10,康和-嘉義,2023-06-29,8459
2609,陽明,20,10,10,康和-嘉義,2023-06-29,8459
8213,志超,10,0,10,康和-嘉義,2023-06-29,8459
3324,雙鴻,11,2,9,康和-嘉義,2023-06-29,8459
4994,傳奇,16,7,9,康和-嘉義,2023-06-29,8459
00919,群益台灣精選高息,8,0,8,康和-嘉義,2023-06-29,8459
3078,僑威,13,5,8,康和-嘉義,2023-06-29,8459
3264,欣銓,8,0,8,康和-嘉義,2023-06-29,8459
3356,奇偶,28,20,8,康和-嘉義,2023-06-29,8459
5452,佶優,12,5,7,康和-嘉義,2023-06-29,8459
1711,永光,11,4,7,康和-嘉義,2023-06-29,8459
2308,台達電,7,0,7,康和-嘉義,2023-06-29,8459
2495,普安,7,0,7,康和-嘉義,2023-06-29,8459
00673R,期元大S＆P原油反1,1000,0,1000,康和-嘉義,2023-06-30,8459
2504,國產,789,155,634,康和-嘉義,2023-06-30,8459
2610,華航,252,62,190,康和-嘉義,2023-06-30,8459
2618,長榮航,259,85,174,康和-嘉義,2023-06-30,8459
2409,友達,75,2,73,康和-嘉義,2023-06-30,8459
1301,台塑,63,0,63,康和-嘉義,2023-06-30,8459
1605,華新,110,54,56,康和-嘉義,2023-06-30,8459
1217,愛之味,128,74,54,康和-嘉義,2023-06-30,8459
1528,恩德,70,23,47,康和-嘉義,2023-06-30,8459
3706,神達,79,33,46,康和-嘉義,2023-06-30,8459
6153,嘉聯益,136,90,46,康和-嘉義,2023-06-30,8459
4543,萬在,47,5,42,康和-嘉義,2023-06-30,8459
4414,如興,35,0,35,康和-嘉義,2023-06-30,8459
1905,華紙,56,22,34,康和-嘉義,2023-06-30,8459
2344,華邦電,48,15,33,康和-嘉義,2023-06-30,8459
3540,曜越,30,0,30,康和-嘉義,2023-06-30,8459
9907,統一實,30,0,30,康和-嘉義,2023-06-30,8459
2371,大同,42,16,26,康和-嘉義,2023-06-30,8459
4908,前鼎,26,0,26,康和-嘉義,2023-06-30,8459
2368,金像電,69,48,21,康和-嘉義,2023-06-30,8459
6276,安鈦克,24,3,21,康和-嘉義,2023-06-30,8459
1752,南光,21,1,20,康和-嘉義,2023-06-30,8459
2455,全新,20,0,20,康和-嘉義,2023-06-30,8459
2356,英業達,60,41,19,康和-嘉義,2023-06-30,8459
1513,中興電,57,39,18,康和-嘉義,2023-06-30,8459
2634,漢翔,32,14,18,康和-嘉義,2023-06-30,8459
8926,台汽電,14,0,14,康和-嘉義,2023-06-30,8459
2882,國泰金,13,0,13,康和-嘉義,2023-06-30,8459
2206,三陽工業,15,2,13,康和-嘉義,2023-06-30,8459
3025,星通,37,24,13,康和-嘉義,2023-06-30,8459
3356,奇偶,57,44,13,康和-嘉義,2023-06-30,8459
00882,中信中國高股息,12,0,12,康和-嘉義,2023-06-30,8459
1519,華城,11,0,11,康和-嘉義,2023-06-30,8459
1710,東聯,11,0,11,康和-嘉義,2023-06-30,8459
1314,中石化,11,0,11,康和-嘉義,2023-06-30,8459
00713,元大台灣高息低波,10,0,10,康和-嘉義,2023-06-30,8459
2101,南港,10,0,10,康和-嘉義,2023-06-30,8459
2615,萬海,16,6,10,康和-嘉義,2023-06-30,8459
3057,喬鼎,10,0,10,康和-嘉義,2023-06-30,8459
4714,永捷,10,0,10,康和-嘉義,2023-06-30,8459
6266,泰詠,15,5,10,康和-嘉義,2023-06-30,8459
8930,青鋼,10,0,10,康和-嘉義,2023-06-30,8459
2353,宏��,19,10,9,康和-嘉義,2023-06-30,8459
00795B,中信美國公債20年,9,0,9,康和-嘉義,2023-06-30,8459
1584,精剛,10,1,9,康和-嘉義,2023-06-30,8459
2340,台亞,16,7,9,康和-嘉義,2023-06-30,8459
2382,廣達,40,31,9,康和-嘉義,2023-06-30,8459
4161,聿新科,9,0,9,康和-嘉義,2023-06-30,8459
4168,醣聯,9,0,9,康和-嘉義,2023-06-30,8459
2303,聯電,13,5,8,康和-嘉義,2023-06-30,8459
00673R,期元大S＆P原油反1,1000,0,1000,康和-嘉義,2023-07-03,8459
2618,長榮航,387,155,232,康和-嘉義,2023-07-03,8459
2610,華航,473,264,209,康和-嘉義,2023-07-03,8459
4960,誠美材,140,0,140,康和-嘉義,2023-07-03,8459
2331,精英,93,2,91,康和-嘉義,2023-07-03,8459
1301,台塑,89,0,89,康和-嘉義,2023-07-03,8459
2421,建準,159,80,79,康和-嘉義,2023-07-03,8459
2515,中工,63,0,63,康和-嘉義,2023-07-03,8459
8446,華研,55,0,55,康和-嘉義,2023-07-03,8459
2820,華票,50,0,50,康和-嘉義,2023-07-03,8459
3260,威剛,63,16,47,康和-嘉義,2023-07-03,8459
2371,大同,157,113,44,康和-嘉義,2023-07-03,8459
3356,奇偶,73,30,43,康和-嘉義,2023-07-03,8459
1603,華電,39,6,33,康和-嘉義,2023-07-03,8459
2427,三商電,50,19,31,康和-嘉義,2023-07-03,8459
3481,群創,38,7,31,康和-嘉義,2023-07-03,8459
6126,信音,32,2,30,康和-嘉義,2023-07-03,8459
1598,岱宇,27,0,27,康和-嘉義,2023-07-03,8459
6153,嘉聯益,53,26,27,康和-嘉義,2023-07-03,8459
1319,東陽,27,1,26,康和-嘉義,2023-07-03,8459
3706,神達,107,82,25,康和-嘉義,2023-07-03,8459
3018,隆銘綠能,23,0,23,康和-嘉義,2023-07-03,8459
2376,技嘉,49,27,22,康和-嘉義,2023-07-03,8459
2883,凱基金,21,0,21,康和-嘉義,2023-07-03,8459
00712,復華富時不動產,22,2,20,康和-嘉義,2023-07-03,8459
1326,台化,20,0,20,康和-嘉義,2023-07-03,8459
3266,昇陽,20,0,20,康和-嘉義,2023-07-03,8459
5706,鳳凰,30,10,20,康和-嘉義,2023-07-03,8459
4105,東洋,20,0,20,康和-嘉義,2023-07-03,8459
1218,泰山,16,0,16,康和-嘉義,2023-07-03,8459
2308,台達電,23,7,16,康和-嘉義,2023-07-03,8459
6214,精誠,16,0,16,康和-嘉義,2023-07-03,8459
3207,耀勝,25,9,16,康和-嘉義,2023-07-03,8459
2888,新光金,15,0,15,康和-嘉義,2023-07-03,8459
2913,農林,23,8,15,康和-嘉義,2023-07-03,8459
3363,上詮,45,30,15,康和-嘉義,2023-07-03,8459
3128,昇銳,16,2,14,康和-嘉義,2023-07-03,8459
1795,美時,24,11,13,康和-嘉義,2023-07-03,8459
2449,京元電子,29,16,13,康和-嘉義,2023-07-03,8459
5347,世界,12,0,12,康和-嘉義,2023-07-03,8459
3006,晶豪科,18,7,11,康和-嘉義,2023-07-03,8459
6185,幃翔,17,6,11,康和-嘉義,2023-07-03,8459
6217,中探針,21,10,11,康和-嘉義,2023-07-03,8459
2884,玉山金,10,0,10,康和-嘉義,2023-07-03,8459
00888,永豐台灣ESG,10,0,10,康和-嘉義,2023-07-03,8459
2897,王道銀行,10,0,10,康和-嘉義,2023-07-03,8459
2915,潤泰全,10,0,10,康和-嘉義,2023-07-03,8459
3687,歐買尬,10,0,10,康和-嘉義,2023-07-03,8459
4564,元翎,10,0,10,康和-嘉義,2023-07-03,8459
4746,台耀,17,7,10,康和-嘉義,2023-07-03,8459
2618,長榮航,237,124,113,康和-嘉義,2023-07-04,8459
1905,華紙,147,58,89,康和-嘉義,2023-07-04,8459
2356,英業達,870,786,84,康和-嘉義,2023-07-04,8459
2883,凱基金,65,2,63,康和-嘉義,2023-07-04,8459
8358,金居,62,5,57,康和-嘉義,2023-07-04,8459
2317,鴻海,79,33,46,康和-嘉義,2023-07-04,8459
00772B,中信高評級公司債,37,0,37,康和-嘉義,2023-07-04,8459
2449,京元電子,35,3,32,康和-嘉義,2023-07-04,8459
1598,岱宇,30,0,30,康和-嘉義,2023-07-04,8459
5608,四維航,30,0,30,康和-嘉義,2023-07-04,8459
2323,中環,133,104,29,康和-嘉義,2023-07-04,8459
4967,十銓,32,3,29,康和-嘉義,2023-07-04,8459
2031,新光鋼,25,0,25,康和-嘉義,2023-07-04,8459
6290,良維,26,3,23,康和-嘉義,2023-07-04,8459
2455,全新,22,0,22,康和-嘉義,2023-07-04,8459
3356,奇偶,57,35,22,康和-嘉義,2023-07-04,8459
1477,聚陽,32,11,21,康和-嘉義,2023-07-04,8459
4566,時碩工業,45,24,21,康和-嘉義,2023-07-04,8459
1714,和桐,20,0,20,康和-嘉義,2023-07-04,8459
2515,中工,25,5,20,康和-嘉義,2023-07-04,8459
3617,碩天,20,1,19,康和-嘉義,2023-07-04,8459
6276,安鈦克,22,3,19,康和-嘉義,2023-07-04,8459
1513,中興電,33,15,18,康和-嘉義,2023-07-04,8459
2313,華通,20,2,18,康和-嘉義,2023-07-04,8459
2485,兆赫,18,0,18,康和-嘉義,2023-07-04,8459
2609,陽明,59,41,18,康和-嘉義,2023-07-04,8459
1608,華榮,18,1,17,康和-嘉義,2023-07-04,8459
2206,三陽工業,24,7,17,康和-嘉義,2023-07-04,8459
3128,昇銳,16,0,16,康和-嘉義,2023-07-04,8459
4551,智伸科,16,0,16,康和-嘉義,2023-07-04,8459
4908,前鼎,16,0,16,康和-嘉義,2023-07-04,8459
2486,一詮,48,33,15,康和-嘉義,2023-07-04,8459
3596,智易,18,3,15,康和-嘉義,2023-07-04,8459
9958,世紀鋼,17,3,14,康和-嘉義,2023-07-04,8459
1611,中電,35,22,13,康和-嘉義,2023-07-04,8459
3665,貿聯-KY,19,6,13,康和-嘉義,2023-07-04,8459
00929,復華台灣科技優息,12,0,12,康和-嘉義,2023-07-04,8459
00632R,元大台灣50反1,12,0,12,康和-嘉義,2023-07-04,8459
2328,廣宇,14,2,12,康和-嘉義,2023-07-04,8459
4564,元翎,20,8,12,康和-嘉義,2023-07-04,8459
5315,光聯,12,0,12,康和-嘉義,2023-07-04,8459
6153,嘉聯益,13,1,12,康和-嘉義,2023-07-04,8459
6589,台康生技,13,1,12,康和-嘉義,2023-07-04,8459
2882,國泰金,11,0,11,康和-嘉義,2023-07-04,8459
3025,星通,19,8,11,康和-嘉義,2023-07-04,8459
1312,國喬,10,0,10,康和-嘉義,2023-07-04,8459
2368,金像電,13,3,10,康和-嘉義,2023-07-04,8459
2419,仲琦,32,22,10,康和-嘉義,2023-07-04,8459
2425,承啟,15,5,10,康和-嘉義,2023-07-04,8459
3266,昇陽,10,0,10,康和-嘉義,2023-07-04,8459
2609,陽明,194,77,117,康和-嘉義,2023-07-05,8459
2634,漢翔,206,89,117,康和-嘉義,2023-07-05,8459
3231,緯創,155,43,112,康和-嘉義,2023-07-05,8459
2371,大同,118,17,101,康和-嘉義,2023-07-05,8459
2312,金寶,86,5,81,康和-嘉義,2023-07-05,8459
8358,金居,84,4,80,康和-嘉義,2023-07-05,8459
1522,堤維西,78,0,78,康和-嘉義,2023-07-05,8459
2382,廣達,181,111,70,康和-嘉義,2023-07-05,8459
6282,康舒,312,243,69,康和-嘉義,2023-07-05,8459
3037,欣興,82,21,61,康和-嘉義,2023-07-05,8459
1598,岱宇,60,0,60,康和-嘉義,2023-07-05,8459
6116,彩晶,50,0,50,康和-嘉義,2023-07-05,8459
2897,王道銀行,54,8,46,康和-嘉義,2023-07-05,8459
8110,華東,46,0,46,康和-嘉義,2023-07-05,8459
4155,訊映,40,7,33,康和-嘉義,2023-07-05,8459
1608,華榮,33,4,29,康和-嘉義,2023-07-05,8459
6470,宇智,30,1,29,康和-嘉義,2023-07-05,8459
2340,台亞,28,1,27,康和-嘉義,2023-07-05,8459
5309,系統電,28,1,27,康和-嘉義,2023-07-05,8459
2888,新光金,26,0,26,康和-嘉義,2023-07-05,8459
3363,上詮,62,40,22,康和-嘉義,2023-07-05,8459
6285,啟��,57,36,21,康和-嘉義,2023-07-05,8459
1616,億泰,20,0,20,康和-嘉義,2023-07-05,8459
2419,仲琦,34,14,20,康和-嘉義,2023-07-05,8459
2636,台驊控股,20,1,19,康和-嘉義,2023-07-05,8459
8076,伍豐,30,11,19,康和-嘉義,2023-07-05,8459
1477,聚陽,23,5,18,康和-嘉義,2023-07-05,8459
2014,中鴻,18,0,18,康和-嘉義,2023-07-05,8459
2645,長榮航太,19,1,18,康和-嘉義,2023-07-05,8459
1514,亞力,22,7,15,康和-嘉義,2023-07-05,8459
3078,僑威,51,36,15,康和-嘉義,2023-07-05,8459
3687,歐買尬,26,11,15,康和-嘉義,2023-07-05,8459
6111,大宇資,22,8,14,康和-嘉義,2023-07-05,8459
00712,復華富時不動產,13,0,13,康和-嘉義,2023-07-05,8459
1802,台玻,15,2,13,康和-嘉義,2023-07-05,8459
6153,嘉聯益,13,0,13,康和-嘉義,2023-07-05,8459
1605,華新,29,17,12,康和-嘉義,2023-07-05,8459
2104,國際中橡,12,0,12,康和-嘉義,2023-07-05,8459
2376,技嘉,16,4,12,康和-嘉義,2023-07-05,8459
3042,晶技,14,2,12,康和-嘉義,2023-07-05,8459
9945,潤泰新,12,0,12,康和-嘉義,2023-07-05,8459
2105,正新,12,0,12,康和-嘉義,2023-07-05,8459
00772B,中信高評級公司債,21,10,11,康和-嘉義,2023-07-05,8459
2301,光寶科,13,3,10,康和-嘉義,2023-07-05,8459
1312,國喬,10,0,10,康和-嘉義,2023-07-05,8459
1310,台苯,10,0,10,康和-嘉義,2023-07-05,8459
2464,盟立,10,0,10,康和-嘉義,2023-07-05,8459
2809,京城銀,11,1,10,康和-嘉義,2023-07-05,8459
2882,國泰金,10,0,10,康和-嘉義,2023-07-05,8459
3051,力特,10,0,10,康和-嘉義,2023-07-05,8459
00665L,富邦�琤肭磪囓�2,373,0,373,康和-嘉義,2023-07-06,8459
2356,英業達,254,134,120,康和-嘉義,2023-07-06,8459
3481,群創,231,111,120,康和-嘉義,2023-07-06,8459
2323,中環,100,11,89,康和-嘉義,2023-07-06,8459
2409,友達,120,31,89,康和-嘉義,2023-07-06,8459
3706,神達,113,27,86,康和-嘉義,2023-07-06,8459
4979,華星光,222,140,82,康和-嘉義,2023-07-06,8459
8936,國統,62,5,57,康和-嘉義,2023-07-06,8459
00713,元大台灣高息低波,56,1,55,康和-嘉義,2023-07-06,8459
0056,元大高股息,57,5,52,康和-嘉義,2023-07-06,8459
4123,晟德,55,3,52,康和-嘉義,2023-07-06,8459
3037,欣興,72,22,50,康和-嘉義,2023-07-06,8459
1609,大亞,58,9,49,康和-嘉義,2023-07-06,8459
2603,長榮,51,5,46,康和-嘉義,2023-07-06,8459
2610,華航,95,50,45,康和-嘉義,2023-07-06,8459
6770,力積電,45,0,45,康和-嘉義,2023-07-06,8459
1598,岱宇,45,0,45,康和-嘉義,2023-07-06,8459
2892,第一金,41,0,41,康和-嘉義,2023-07-06,8459
00632R,元大台灣50反1,74,34,40,康和-嘉義,2023-07-06,8459
1584,精剛,37,0,37,康和-嘉義,2023-07-06,8459
5009,榮剛,36,1,35,康和-嘉義,2023-07-06,8459
2888,新光金,32,0,32,康和-嘉義,2023-07-06,8459
2897,王道銀行,31,0,31,康和-嘉義,2023-07-06,8459
00892,富邦台灣半導體,30,0,30,康和-嘉義,2023-07-06,8459
8933,愛地雅,30,0,30,康和-嘉義,2023-07-06,8459
1101,台泥,47,18,29,康和-嘉義,2023-07-06,8459
8215,明基材,83,56,27,康和-嘉義,2023-07-06,8459
1513,中興電,42,15,27,康和-嘉義,2023-07-06,8459
2301,光寶科,34,7,27,康和-嘉義,2023-07-06,8459
2883,凱基金,25,0,25,康和-嘉義,2023-07-06,8459
4906,正文,35,10,25,康和-嘉義,2023-07-06,8459
4566,時碩工業,86,62,24,康和-嘉義,2023-07-06,8459
2882,國泰金,23,0,23,康和-嘉義,2023-07-06,8459
2317,鴻海,35,13,22,康和-嘉義,2023-07-06,8459
1339,昭輝,21,0,21,康和-嘉義,2023-07-06,8459
4960,誠美材,20,1,19,康和-嘉義,2023-07-06,8459
00753L,中信中國50正2,19,0,19,康和-嘉義,2023-07-06,8459
1560,中砂,19,0,19,康和-嘉義,2023-07-06,8459
1783,和康生,20,1,19,康和-嘉義,2023-07-06,8459
2419,仲琦,21,2,19,康和-嘉義,2023-07-06,8459
2002,中鋼,18,0,18,康和-嘉義,2023-07-06,8459
8046,南電,28,10,18,康和-嘉義,2023-07-06,8459
00882,中信中國高股息,17,0,17,康和-嘉義,2023-07-06,8459
3013,晟銘電,52,35,17,康和-嘉義,2023-07-06,8459
00712,復華富時不動產,16,0,16,康和-嘉義,2023-07-06,8459
1905,華紙,16,0,16,康和-嘉義,2023-07-06,8459
6214,精誠,16,0,16,康和-嘉義,2023-07-06,8459
3707,漢磊,134,119,15,康和-嘉義,2023-07-06,8459
2457,飛宏,16,1,15,康和-嘉義,2023-07-06,8459
3583,辛耘,34,19,15,康和-嘉義,2023-07-06,8459
00673R,期元大S＆P原油反1,500,0,500,康和-嘉義,2023-07-07,8459
00665L,富邦�琤肭磪囓�2,205,0,205,康和-嘉義,2023-07-07,8459
9907,統一實,153,0,153,康和-嘉義,2023-07-07,8459
00687B,國泰20年美債,117,0,117,康和-嘉義,2023-07-07,8459
2880,華南金,90,0,90,康和-嘉義,2023-07-07,8459
8930,青鋼,87,15,72,康和-嘉義,2023-07-07,8459
3213,茂訊,69,0,69,康和-嘉義,2023-07-07,8459
2618,長榮航,285,219,66,康和-嘉義,2023-07-07,8459
3231,緯創,160,116,44,康和-嘉義,2023-07-07,8459
2884,玉山金,44,2,42,康和-嘉義,2023-07-07,8459
4714,永捷,40,0,40,康和-嘉義,2023-07-07,8459
2882,國泰金,42,3,39,康和-嘉義,2023-07-07,8459
3689,湧德,41,2,39,康和-嘉義,2023-07-07,8459
4533,協易機,54,20,34,康和-嘉義,2023-07-07,8459
6116,彩晶,44,10,34,康和-嘉義,2023-07-07,8459
8076,伍豐,57,25,32,康和-嘉義,2023-07-07,8459
3481,群創,39,8,31,康和-嘉義,2023-07-07,8459
1339,昭輝,28,0,28,康和-嘉義,2023-07-07,8459
3051,力特,28,0,28,康和-嘉義,2023-07-07,8459
2317,鴻海,32,5,27,康和-嘉義,2023-07-07,8459
1714,和桐,24,0,24,康和-嘉義,2023-07-07,8459
2344,華邦電,24,0,24,康和-嘉義,2023-07-07,8459
1711,永光,23,1,22,康和-嘉義,2023-07-07,8459
3025,星通,87,66,21,康和-嘉義,2023-07-07,8459
3521,鴻翊,40,19,21,康和-嘉義,2023-07-07,8459
6117,迎廣,20,0,20,康和-嘉義,2023-07-07,8459
6126,信音,25,5,20,康和-嘉義,2023-07-07,8459
8110,華東,41,22,19,康和-嘉義,2023-07-07,8459
3706,神達,29,11,18,康和-嘉義,2023-07-07,8459
2349,錸德,20,2,18,康和-嘉義,2023-07-07,8459
2010,春源,20,4,16,康和-嘉義,2023-07-07,8459
3356,奇偶,39,23,16,康和-嘉義,2023-07-07,8459
5284,jpp-KY,26,10,16,康和-嘉義,2023-07-07,8459
8046,南電,25,10,15,康和-嘉義,2023-07-07,8459
00772B,中信高評級公司債,15,0,15,康和-嘉義,2023-07-07,8459
4967,十銓,16,1,15,康和-嘉義,2023-07-07,8459
1301,台塑,15,1,14,康和-嘉義,2023-07-07,8459
2889,國票金,13,0,13,康和-嘉義,2023-07-07,8459
1522,堤維西,19,6,13,康和-嘉義,2023-07-07,8459
6443,元晶,13,0,13,康和-嘉義,2023-07-07,8459
2897,王道銀行,12,0,12,康和-嘉義,2023-07-07,8459
3693,營邦,17,5,12,康和-嘉義,2023-07-07,8459
5009,榮剛,17,5,12,康和-嘉義,2023-07-07,8459
3037,欣興,34,23,11,康和-嘉義,2023-07-07,8459
00897,富邦基因免疫生技,11,0,11,康和-嘉義,2023-07-07,8459
1701,中化,11,0,11,康和-嘉義,2023-07-07,8459
4566,時碩工業,28,17,11,康和-嘉義,2023-07-07,8459
00929,復華台灣科技優息,10,0,10,康和-嘉義,2023-07-07,8459
3576,聯合再生,10,0,10,康和-嘉義,2023-07-07,8459
00679B,元大美債20年,10,0,10,康和-嘉義,2023-07-07,8459
2211,長榮鋼,131,0,131,康和-嘉義,2023-07-10,8459
2888,新光金,65,0,65,康和-嘉義,2023-07-10,8459
2303,聯電,75,13,62,康和-嘉義,2023-07-10,8459
3025,星通,63,5,58,康和-嘉義,2023-07-10,8459
2801,彰銀,55,1,54,康和-嘉義,2023-07-10,8459
2105,正新,64,15,49,康和-嘉義,2023-07-10,8459
2845,遠東銀,45,0,45,康和-嘉義,2023-07-10,8459
2233,宇隆,40,0,40,康和-嘉義,2023-07-10,8459
3289,宜特,40,0,40,康和-嘉義,2023-07-10,8459
3707,漢磊,75,36,39,康和-嘉義,2023-07-10,8459
2317,鴻海,41,5,36,康和-嘉義,2023-07-10,8459
3236,千如,30,0,30,康和-嘉義,2023-07-10,8459
3576,聯合再生,30,0,30,康和-嘉義,2023-07-10,8459
6248,沛波,30,0,30,康和-嘉義,2023-07-10,8459
2329,華泰,75,46,29,康和-嘉義,2023-07-10,8459
2436,偉詮電,77,48,29,康和-嘉義,2023-07-10,8459
3017,奇鋐,31,2,29,康和-嘉義,2023-07-10,8459
1101,台泥,28,1,27,康和-嘉義,2023-07-10,8459
2371,大同,32,5,27,康和-嘉義,2023-07-10,8459
3706,神達,26,0,26,康和-嘉義,2023-07-10,8459
4532,瑞智,101,75,26,康和-嘉義,2023-07-10,8459
00929,復華台灣科技優息,25,0,25,康和-嘉義,2023-07-10,8459
4908,前鼎,27,2,25,康和-嘉義,2023-07-10,8459
0056,元大高股息,24,0,24,康和-嘉義,2023-07-10,8459
2618,長榮航,28,8,20,康和-嘉義,2023-07-10,8459
6203,海韻電,17,0,17,康和-嘉義,2023-07-10,8459
9907,統一實,17,0,17,康和-嘉義,2023-07-10,8459
00688L,國泰20年美債正2,16,0,16,康和-嘉義,2023-07-10,8459
1802,台玻,16,0,16,康和-嘉義,2023-07-10,8459
5243,乙盛-KY,17,2,15,康和-嘉義,2023-07-10,8459
00679B,元大美債20年,18,3,15,康和-嘉義,2023-07-10,8459
2886,兆豐金,15,0,15,康和-嘉義,2023-07-10,8459
5285,界霖,15,0,15,康和-嘉義,2023-07-10,8459
8222,寶一,18,3,15,康和-嘉義,2023-07-10,8459
00878,國泰永續高股息,14,0,14,康和-嘉義,2023-07-10,8459
3013,晟銘電,14,0,14,康和-嘉義,2023-07-10,8459
00882,中信中國高股息,18,5,13,康和-嘉義,2023-07-10,8459
2313,華通,19,6,13,康和-嘉義,2023-07-10,8459
4916,事欣科,21,8,13,康和-嘉義,2023-07-10,8459
2419,仲琦,53,41,12,康和-嘉義,2023-07-10,8459
2615,萬海,14,2,12,康和-嘉義,2023-07-10,8459
2913,農林,12,0,12,康和-嘉義,2023-07-10,8459
1337,再生-KY,11,0,11,康和-嘉義,2023-07-10,8459
3035,智原,62,52,10,康和-嘉義,2023-07-10,8459
00927,群益半導體收益,10,0,10,康和-嘉義,2023-07-10,8459
1449,佳和,10,0,10,康和-嘉義,2023-07-10,8459
4561,健椿,10,0,10,康和-嘉義,2023-07-10,8459
5483,中美晶,10,0,10,康和-嘉義,2023-07-10,8459
6257,矽格,11,1,10,康和-嘉義,2023-07-10,8459
2603,長榮,12,2,10,康和-嘉義,2023-07-10,8459
3052,夆典,658,4,654,康和-嘉義,2023-07-11,8459
2610,華航,1081,651,430,康和-嘉義,2023-07-11,8459
00665L,富邦�琤肭磪囓�2,368,121,247,康和-嘉義,2023-07-11,8459
2323,中環,199,89,110,康和-嘉義,2023-07-11,8459
2891,中信金,103,1,102,康和-嘉義,2023-07-11,8459
2897,王道銀行,100,0,100,康和-嘉義,2023-07-11,8459
6128,上福,69,0,69,康和-嘉義,2023-07-11,8459
2888,新光金,61,0,61,康和-嘉義,2023-07-11,8459
2211,長榮鋼,57,0,57,康和-嘉義,2023-07-11,8459
1558,伸興,40,0,40,康和-嘉義,2023-07-11,8459
2609,陽明,45,10,35,康和-嘉義,2023-07-11,8459
8930,青鋼,46,11,35,康和-嘉義,2023-07-11,8459
6248,沛波,32,0,32,康和-嘉義,2023-07-11,8459
6282,康舒,55,23,32,康和-嘉義,2023-07-11,8459
1101,台泥,33,2,31,康和-嘉義,2023-07-11,8459
2340,台亞,163,132,31,康和-嘉義,2023-07-11,8459
8050,廣積,30,0,30,康和-嘉義,2023-07-11,8459
4532,瑞智,72,44,28,康和-嘉義,2023-07-11,8459
6235,華孚,45,17,28,康和-嘉義,2023-07-11,8459
2409,友達,40,13,27,康和-嘉義,2023-07-11,8459
2645,長榮航太,27,0,27,康和-嘉義,2023-07-11,8459
3163,波若威,36,10,26,康和-嘉義,2023-07-11,8459
3714,富采,24,0,24,康和-嘉義,2023-07-11,8459
6443,元晶,24,0,24,康和-嘉義,2023-07-11,8459
2313,華通,23,0,23,康和-嘉義,2023-07-11,8459
2886,兆豐金,25,2,23,康和-嘉義,2023-07-11,8459
3356,奇偶,52,30,22,康和-嘉義,2023-07-11,8459
3689,湧德,20,0,20,康和-嘉義,2023-07-11,8459
4714,永捷,20,0,20,康和-嘉義,2023-07-11,8459
6153,嘉聯益,22,2,20,康和-嘉義,2023-07-11,8459
6266,泰詠,18,0,18,康和-嘉義,2023-07-11,8459
2368,金像電,34,17,17,康和-嘉義,2023-07-11,8459
2331,精英,19,3,16,康和-嘉義,2023-07-11,8459
4142,國光生,16,0,16,康和-嘉義,2023-07-11,8459
2380,虹光,15,0,15,康和-嘉義,2023-07-11,8459
3032,偉訓,17,2,15,康和-嘉義,2023-07-11,8459
4162,智擎,15,0,15,康和-嘉義,2023-07-11,8459
5457,宣德,16,1,15,康和-嘉義,2023-07-11,8459
6122,擎邦,18,3,15,康和-嘉義,2023-07-11,8459
1611,中電,14,0,14,康和-嘉義,2023-07-11,8459
2352,佳世達,13,0,13,康和-嘉義,2023-07-11,8459
3046,建��,13,0,13,康和-嘉義,2023-07-11,8459
4746,台耀,24,11,13,康和-嘉義,2023-07-11,8459
2468,華經,14,2,12,康和-嘉義,2023-07-11,8459
3078,僑威,13,1,12,康和-嘉義,2023-07-11,8459
6120,達運,37,25,12,康和-嘉義,2023-07-11,8459
2743,山富,12,1,11,康和-嘉義,2023-07-11,8459
3515,華擎,15,4,11,康和-嘉義,2023-07-11,8459
3018,隆銘綠能,10,0,10,康和-嘉義,2023-07-11,8459
2312,金寶,11,1,10,康和-嘉義,2023-07-11,8459
2356,英業達,454,188,266,康和-嘉義,2023-07-12,8459
00673R,期元大S＆P原油反1,78,0,78,康和-嘉義,2023-07-12,8459
2618,長榮航,183,110,73,康和-嘉義,2023-07-12,8459
00885,富邦越南,50,0,50,康和-嘉義,2023-07-12,8459
2031,新光鋼,50,0,50,康和-嘉義,2023-07-12,8459
2883,凱基金,52,5,47,康和-嘉義,2023-07-12,8459
2303,聯電,58,13,45,康和-嘉義,2023-07-12,8459
2344,華邦電,50,14,36,康和-嘉義,2023-07-12,8459
00679B,元大美債20年,34,0,34,康和-嘉義,2023-07-12,8459
00713,元大台灣高息低波,32,0,32,康和-嘉義,2023-07-12,8459
3058,立德,32,1,31,康和-嘉義,2023-07-12,8459
1540,喬福,30,0,30,康和-嘉義,2023-07-12,8459
2368,金像電,36,7,29,康和-嘉義,2023-07-12,8459
2515,中工,27,0,27,康和-嘉義,2023-07-12,8459
0056,元大高股息,62,36,26,康和-嘉義,2023-07-12,8459
1905,華紙,25,0,25,康和-嘉義,2023-07-12,8459
6153,嘉聯益,25,0,25,康和-嘉義,2023-07-12,8459
2444,兆勁,21,0,21,康和-嘉義,2023-07-12,8459
3217,優群,25,5,20,康和-嘉義,2023-07-12,8459
4979,華星光,26,6,20,康和-嘉義,2023-07-12,8459
6213,聯茂,29,10,19,康和-嘉義,2023-07-12,8459
6116,彩晶,19,0,19,康和-嘉義,2023-07-12,8459
1101,台泥,18,0,18,康和-嘉義,2023-07-12,8459
9958,世紀鋼,20,2,18,康和-嘉義,2023-07-12,8459
2485,兆赫,17,0,17,康和-嘉義,2023-07-12,8459
2449,京元電子,23,7,16,康和-嘉義,2023-07-12,8459
3032,偉訓,50,34,16,康和-嘉義,2023-07-12,8459
4564,元翎,29,13,16,康和-嘉義,2023-07-12,8459
8092,建暐,16,0,16,康和-嘉義,2023-07-12,8459
2399,映泰,26,11,15,康和-嘉義,2023-07-12,8459
3038,全台,15,0,15,康和-嘉義,2023-07-12,8459
3707,漢磊,17,2,15,康和-嘉義,2023-07-12,8459
4968,立積,15,0,15,康和-嘉義,2023-07-12,8459
6182,合晶,16,2,14,康和-嘉義,2023-07-12,8459
1339,昭輝,13,0,13,康和-嘉義,2023-07-12,8459
1513,中興電,22,9,13,康和-嘉義,2023-07-12,8459
3057,喬鼎,13,0,13,康和-嘉義,2023-07-12,8459
3209,全科,13,0,13,康和-嘉義,2023-07-12,8459
2888,新光金,33,20,13,康和-嘉義,2023-07-12,8459
2419,仲琦,22,10,12,康和-嘉義,2023-07-12,8459
1608,華榮,16,5,11,康和-嘉義,2023-07-12,8459
1810,和成,12,1,11,康和-嘉義,2023-07-12,8459
3016,嘉晶,13,2,11,康和-嘉義,2023-07-12,8459
3284,太普高,11,0,11,康和-嘉義,2023-07-12,8459
4953,緯軟,31,20,11,康和-嘉義,2023-07-12,8459
2402,毅嘉,17,6,11,康和-嘉義,2023-07-12,8459
00892,富邦台灣半導體,10,0,10,康和-嘉義,2023-07-12,8459
2427,三商電,11,1,10,康和-嘉義,2023-07-12,8459
2457,飛宏,28,18,10,康和-嘉義,2023-07-12,8459
2820,華票,10,0,10,康和-嘉義,2023-07-12,8459
2312,金寶,253,117,136,康和-嘉義,2023-07-13,8459
00632R,元大台灣50反1,103,20,83,康和-嘉義,2023-07-13,8459
1714,和桐,81,0,81,康和-嘉義,2023-07-13,8459
1609,大亞,79,7,72,康和-嘉義,2023-07-13,8459
00673R,期元大S＆P原油反1,147,80,67,康和-嘉義,2023-07-13,8459
2329,華泰,329,263,66,康和-嘉義,2023-07-13,8459
3035,智原,223,168,55,康和-嘉義,2023-07-13,8459
2637,慧洋-KY,54,0,54,康和-嘉義,2023-07-13,8459
2610,華航,442,390,52,康和-嘉義,2023-07-13,8459
2421,建準,69,22,47,康和-嘉義,2023-07-13,8459
6111,大宇資,63,17,46,康和-嘉義,2023-07-13,8459
4532,瑞智,127,84,43,康和-嘉義,2023-07-13,8459
2332,友訊,41,0,41,康和-嘉義,2023-07-13,8459
00665L,富邦�琤肭磪囓�2,40,2,38,康和-嘉義,2023-07-13,8459
2376,技嘉,90,54,36,康和-嘉義,2023-07-13,8459
5483,中美晶,50,14,36,康和-嘉義,2023-07-13,8459
2881,富邦金,33,1,32,康和-嘉義,2023-07-13,8459
1605,華新,34,5,29,康和-嘉義,2023-07-13,8459
2609,陽明,76,50,26,康和-嘉義,2023-07-13,8459
1802,台玻,26,1,25,康和-嘉義,2023-07-13,8459
2481,強茂,23,0,23,康和-嘉義,2023-07-13,8459
6282,康舒,55,33,22,康和-嘉義,2023-07-13,8459
00930,永豐ESG低碳高息,21,0,21,康和-嘉義,2023-07-13,8459
1711,永光,21,0,21,康和-嘉義,2023-07-13,8459
2515,中工,20,0,20,康和-嘉義,2023-07-13,8459
1513,中興電,28,8,20,康和-嘉義,2023-07-13,8459
8930,青鋼,20,0,20,康和-嘉義,2023-07-13,8459
2399,映泰,35,17,18,康和-嘉義,2023-07-13,8459
2888,新光金,48,31,17,康和-嘉義,2023-07-13,8459
2388,威盛,18,2,16,康和-嘉義,2023-07-13,8459
6417,韋僑,16,1,15,康和-嘉義,2023-07-13,8459
1409,新纖,14,0,14,康和-嘉義,2023-07-13,8459
2486,一詮,25,11,14,康和-嘉義,2023-07-13,8459
3046,建��,14,0,14,康和-嘉義,2023-07-13,8459
5457,宣德,14,0,14,康和-嘉義,2023-07-13,8459
2382,廣達,62,48,14,康和-嘉義,2023-07-13,8459
2892,第一金,13,0,13,康和-嘉義,2023-07-13,8459
1810,和成,16,3,13,康和-嘉義,2023-07-13,8459
2634,漢翔,22,9,13,康和-嘉義,2023-07-13,8459
2884,玉山金,11,0,11,康和-嘉義,2023-07-13,8459
00679B,元大美債20年,11,0,11,康和-嘉義,2023-07-13,8459
2534,宏盛,11,0,11,康和-嘉義,2023-07-13,8459
6548,長科*,11,0,11,康和-嘉義,2023-07-13,8459
8936,國統,19,8,11,康和-嘉義,2023-07-13,8459
2363,矽統,10,0,10,康和-嘉義,2023-07-13,8459
00905,FT臺灣Smart,10,0,10,康和-嘉義,2023-07-13,8459
1773,勝一,10,0,10,康和-嘉義,2023-07-13,8459
2031,新光鋼,12,2,10,康和-嘉義,2023-07-13,8459
2444,兆勁,10,0,10,康和-嘉義,2023-07-13,8459
3057,喬鼎,10,0,10,康和-嘉義,2023-07-13,8459
2618,長榮航,369,193,176,康和-嘉義,2023-07-14,8459
00673R,期元大S＆P原油反1,90,0,90,康和-嘉義,2023-07-14,8459
3704,合勤控,175,96,79,康和-嘉義,2023-07-14,8459
1809,中釉,75,0,75,康和-嘉義,2023-07-14,8459
1471,首利,74,0,74,康和-嘉義,2023-07-14,8459
2329,華泰,266,196,70,康和-嘉義,2023-07-14,8459
6153,嘉聯益,63,0,63,康和-嘉義,2023-07-14,8459
2888,新光金,70,13,57,康和-嘉義,2023-07-14,8459
2356,英業達,318,267,51,康和-嘉義,2023-07-14,8459
3325,旭品,61,15,46,康和-嘉義,2023-07-14,8459
1314,中石化,45,0,45,康和-嘉義,2023-07-14,8459
2328,廣宇,106,64,42,康和-嘉義,2023-07-14,8459
2312,金寶,73,33,40,康和-嘉義,2023-07-14,8459
5457,宣德,39,0,39,康和-嘉義,2023-07-14,8459
4533,協易機,82,44,38,康和-嘉義,2023-07-14,8459
2228,劍麟,36,0,36,康和-嘉義,2023-07-14,8459
6122,擎邦,39,3,36,康和-嘉義,2023-07-14,8459
2104,國際中橡,31,0,31,康和-嘉義,2023-07-14,8459
2419,仲琦,57,27,30,康和-嘉義,2023-07-14,8459
2881,富邦金,29,0,29,康和-嘉義,2023-07-14,8459
1101,台泥,27,1,26,康和-嘉義,2023-07-14,8459
6187,萬潤,26,3,23,康和-嘉義,2023-07-14,8459
6188,廣明,72,49,23,康和-嘉義,2023-07-14,8459
3209,全科,22,0,22,康和-嘉義,2023-07-14,8459
4938,和碩,34,12,22,康和-嘉義,2023-07-14,8459
2382,廣達,86,66,20,康和-嘉義,2023-07-14,8459
3231,緯創,36,16,20,康和-嘉義,2023-07-14,8459
1504,東元,29,10,19,康和-嘉義,2023-07-14,8459
4736,泰博,20,1,19,康和-嘉義,2023-07-14,8459
8210,勤誠,19,0,19,康和-嘉義,2023-07-14,8459
2211,長榮鋼,20,2,18,康和-嘉義,2023-07-14,8459
3289,宜特,19,1,18,康和-嘉義,2023-07-14,8459
2363,矽統,15,0,15,康和-嘉義,2023-07-14,8459
6523,達爾膚,15,0,15,康和-嘉義,2023-07-14,8459
3032,偉訓,36,22,14,康和-嘉義,2023-07-14,8459
3532,台勝科,13,0,13,康和-嘉義,2023-07-14,8459
2317,鴻海,45,32,13,康和-嘉義,2023-07-14,8459
2359,所羅門,42,29,13,康和-嘉義,2023-07-14,8459
6118,建達,16,3,13,康和-嘉義,2023-07-14,8459
5607,遠雄港,60,47,13,康和-嘉義,2023-07-14,8459
00930,永豐ESG低碳高息,12,0,12,康和-嘉義,2023-07-14,8459
1609,大亞,15,3,12,康和-嘉義,2023-07-14,8459
1714,和桐,12,0,12,康和-嘉義,2023-07-14,8459
2436,偉詮電,79,68,11,康和-嘉義,2023-07-14,8459
3583,辛耘,15,4,11,康和-嘉義,2023-07-14,8459
6223,旺矽,31,20,11,康和-嘉義,2023-07-14,8459
2444,兆勁,10,0,10,康和-嘉義,2023-07-14,8459
2486,一詮,23,13,10,康和-嘉義,2023-07-14,8459
3287,廣寰科,11,1,10,康和-嘉義,2023-07-14,8459
4551,智伸科,10,0,10,康和-嘉義,2023-07-14,8459
2881,富邦金,1059,36,1023,康和-嘉義,2023-07-17,8459
1609,大亞,329,121,208,康和-嘉義,2023-07-17,8459
2317,鴻海,117,19,98,康和-嘉義,2023-07-17,8459
4938,和碩,104,34,70,康和-嘉義,2023-07-17,8459
4967,十銓,52,2,50,康和-嘉義,2023-07-17,8459
2421,建準,111,68,43,康和-嘉義,2023-07-17,8459
00772B,中信高評級公司債,41,0,41,康和-嘉義,2023-07-17,8459
4953,緯軟,39,0,39,康和-嘉義,2023-07-17,8459
4746,台耀,39,2,37,康和-嘉義,2023-07-17,8459
2409,友達,46,9,37,康和-嘉義,2023-07-17,8459
2353,宏��,54,18,36,康和-嘉義,2023-07-17,8459
6116,彩晶,221,186,35,康和-嘉義,2023-07-17,8459
3217,優群,33,1,32,康和-嘉義,2023-07-17,8459
4736,泰博,32,0,32,康和-嘉義,2023-07-17,8459
2301,光寶科,80,50,30,康和-嘉義,2023-07-17,8459
00888,永豐台灣ESG,29,0,29,康和-嘉義,2023-07-17,8459
2603,長榮,56,28,28,康和-嘉義,2023-07-17,8459
2332,友訊,41,13,28,康和-嘉義,2023-07-17,8459
6470,宇智,31,3,28,康和-嘉義,2023-07-17,8459
1710,東聯,33,6,27,康和-嘉義,2023-07-17,8459
2845,遠東銀,25,0,25,康和-嘉義,2023-07-17,8459
2498,宏達電,27,3,24,康和-嘉義,2023-07-17,8459
1618,合機,25,3,22,康和-嘉義,2023-07-17,8459
2449,京元電子,89,67,22,康和-嘉義,2023-07-17,8459
2313,華通,49,28,21,康和-嘉義,2023-07-17,8459
6126,信音,21,0,21,康和-嘉義,2023-07-17,8459
2615,萬海,35,14,21,康和-嘉義,2023-07-17,8459
5457,宣德,29,8,21,康和-嘉義,2023-07-17,8459
2890,永豐金,21,0,21,康和-嘉義,2023-07-17,8459
2882,國泰金,29,9,20,康和-嘉義,2023-07-17,8459
2417,圓剛,20,0,20,康和-嘉義,2023-07-17,8459
3362,先進光,24,4,20,康和-嘉義,2023-07-17,8459
00712,復華富時不動產,19,0,19,康和-嘉義,2023-07-17,8459
3032,偉訓,44,25,19,康和-嘉義,2023-07-17,8459
6257,矽格,20,1,19,康和-嘉義,2023-07-17,8459
6191,精成科,20,2,18,康和-嘉義,2023-07-17,8459
2038,海光,22,5,17,康和-嘉義,2023-07-17,8459
3062,建漢,22,5,17,康和-嘉義,2023-07-17,8459
00929,復華台灣科技優息,26,10,16,康和-嘉義,2023-07-17,8459
2303,聯電,31,15,16,康和-嘉義,2023-07-17,8459
2486,一詮,16,0,16,康和-嘉義,2023-07-17,8459
2382,廣達,80,65,15,康和-嘉義,2023-07-17,8459
3011,今皓,15,0,15,康和-嘉義,2023-07-17,8459
2610,華航,17,3,14,康和-嘉義,2023-07-17,8459
2634,漢翔,27,13,14,康和-嘉義,2023-07-17,8459
3163,波若威,17,3,14,康和-嘉義,2023-07-17,8459
00905,FT臺灣Smart,13,0,13,康和-嘉義,2023-07-17,8459
3045,台灣大,13,0,13,康和-嘉義,2023-07-17,8459
4532,瑞智,49,36,13,康和-嘉義,2023-07-17,8459
6523,達爾膚,13,1,12,康和-嘉義,2023-07-17,8459
2409,友達,310,5,305,康和-嘉義,2023-07-18,8459
2515,中工,210,0,210,康和-嘉義,2023-07-18,8459
4938,和碩,223,85,138,康和-嘉義,2023-07-18,8459
3706,神達,223,124,99,康和-嘉義,2023-07-18,8459
1434,福懋,100,2,98,康和-嘉義,2023-07-18,8459
2457,飛宏,114,18,96,康和-嘉義,2023-07-18,8459
1609,大亞,91,14,77,康和-嘉義,2023-07-18,8459
3163,波若威,85,21,64,康和-嘉義,2023-07-18,8459
2883,凱基金,70,10,60,康和-嘉義,2023-07-18,8459
2324,仁寶,219,177,42,康和-嘉義,2023-07-18,8459
2603,長榮,111,70,41,康和-嘉義,2023-07-18,8459
3078,僑威,68,31,37,康和-嘉義,2023-07-18,8459
4123,晟德,70,35,35,康和-嘉義,2023-07-18,8459
4128,中天,38,3,35,康和-嘉義,2023-07-18,8459
3005,神基,36,2,34,康和-嘉義,2023-07-18,8459
1611,中電,33,0,33,康和-嘉義,2023-07-18,8459
2323,中環,35,2,33,康和-嘉義,2023-07-18,8459
2211,長榮鋼,32,0,32,康和-嘉義,2023-07-18,8459
8390,金益鼎,33,2,31,康和-嘉義,2023-07-18,8459
2301,光寶科,38,7,31,康和-嘉義,2023-07-18,8459
5469,瀚宇博,29,0,29,康和-嘉義,2023-07-18,8459
2427,三商電,33,4,29,康和-嘉義,2023-07-18,8459
2344,華邦電,27,0,27,康和-嘉義,2023-07-18,8459
00929,復華台灣科技優息,43,17,26,康和-嘉義,2023-07-18,8459
00882,中信中國高股息,26,0,26,康和-嘉義,2023-07-18,8459
2031,新光鋼,25,0,25,康和-嘉義,2023-07-18,8459
6257,矽格,30,5,25,康和-嘉義,2023-07-18,8459
3047,訊舟,25,2,23,康和-嘉義,2023-07-18,8459
4967,十銓,26,3,23,康和-嘉義,2023-07-18,8459
3057,喬鼎,59,36,23,康和-嘉義,2023-07-18,8459
00720B,元大投資級公司債,22,0,22,康和-嘉義,2023-07-18,8459
6274,台燿,45,24,21,康和-嘉義,2023-07-18,8459
2801,彰銀,20,0,20,康和-嘉義,2023-07-18,8459
1409,新纖,20,0,20,康和-嘉義,2023-07-18,8459
1714,和桐,23,4,19,康和-嘉義,2023-07-18,8459
1313,聯成,96,77,19,康和-嘉義,2023-07-18,8459
2363,矽統,34,15,19,康和-嘉義,2023-07-18,8459
3362,先進光,31,13,18,康和-嘉義,2023-07-18,8459
1513,中興電,25,7,18,康和-嘉義,2023-07-18,8459
3105,穩懋,20,2,18,康和-嘉義,2023-07-18,8459
2881,富邦金,18,0,18,康和-嘉義,2023-07-18,8459
1524,耿鼎,18,1,17,康和-嘉義,2023-07-18,8459
4533,協易機,22,6,16,康和-嘉義,2023-07-18,8459
2634,漢翔,26,11,15,康和-嘉義,2023-07-18,8459
2368,金像電,48,34,14,康和-嘉義,2023-07-18,8459
2376,技嘉,75,61,14,康和-嘉義,2023-07-18,8459
3305,昇貿,56,42,14,康和-嘉義,2023-07-18,8459
8930,青鋼,14,0,14,康和-嘉義,2023-07-18,8459
2609,陽明,112,99,13,康和-嘉義,2023-07-18,8459
1711,永光,13,0,13,康和-嘉義,2023-07-18,8459
00665L,富邦�琤肭磪囓�2,371,0,371,康和-嘉義,2023-07-19,8459
3052,夆典,126,0,126,康和-嘉義,2023-07-19,8459
00900,富邦特選高股息30,93,1,92,康和-嘉義,2023-07-19,8459
2891,中信金,84,0,84,康和-嘉義,2023-07-19,8459
1312,國喬,76,0,76,康和-嘉義,2023-07-19,8459
00712,復華富時不動產,80,8,72,康和-嘉義,2023-07-19,8459
2867,三商壽,73,2,71,康和-嘉義,2023-07-19,8459
2329,華泰,216,146,70,康和-嘉義,2023-07-19,8459
3035,智原,124,62,62,康和-嘉義,2023-07-19,8459
00632R,元大台灣50反1,74,18,56,康和-嘉義,2023-07-19,8459
2317,鴻海,59,5,54,康和-嘉義,2023-07-19,8459
1609,大亞,52,0,52,康和-嘉義,2023-07-19,8459
6282,康舒,89,42,47,康和-嘉義,2023-07-19,8459
2324,仁寶,66,22,44,康和-嘉義,2023-07-19,8459
4123,晟德,196,157,39,康和-嘉義,2023-07-19,8459
1471,首利,35,0,35,康和-嘉義,2023-07-19,8459
2303,聯電,36,2,34,康和-嘉義,2023-07-19,8459
4714,永捷,30,0,30,康和-嘉義,2023-07-19,8459
6257,矽格,30,0,30,康和-嘉義,2023-07-19,8459
1514,亞力,49,20,29,康和-嘉義,2023-07-19,8459
4736,泰博,30,1,29,康和-嘉義,2023-07-19,8459
2634,漢翔,38,11,27,康和-嘉義,2023-07-19,8459
2881,富邦金,30,7,23,康和-嘉義,2023-07-19,8459
2630,亞航,23,0,23,康和-嘉義,2023-07-19,8459
6128,上福,22,0,22,康和-嘉義,2023-07-19,8459
6187,萬潤,53,32,21,康和-嘉義,2023-07-19,8459
3362,先進光,35,14,21,康和-嘉義,2023-07-19,8459
3046,建��,20,0,20,康和-嘉義,2023-07-19,8459
2707,晶華,20,0,20,康和-嘉義,2023-07-19,8459
2888,新光金,50,30,20,康和-嘉義,2023-07-19,8459
1210,大成,20,0,20,康和-嘉義,2023-07-19,8459
2485,兆赫,19,0,19,康和-嘉義,2023-07-19,8459
3051,力特,19,0,19,康和-嘉義,2023-07-19,8459
3189,景碩,27,8,19,康和-嘉義,2023-07-19,8459
00882,中信中國高股息,22,4,18,康和-嘉義,2023-07-19,8459
5258,虹堡,28,10,18,康和-嘉義,2023-07-19,8459
5009,榮剛,17,0,17,康和-嘉義,2023-07-19,8459
2344,華邦電,18,1,17,康和-嘉義,2023-07-19,8459
1504,東元,27,10,17,康和-嘉義,2023-07-19,8459
1711,永光,16,0,16,康和-嘉義,2023-07-19,8459
2415,錩新,16,0,16,康和-嘉義,2023-07-19,8459
1598,岱宇,15,0,15,康和-嘉義,2023-07-19,8459
5905,南仁湖,15,0,15,康和-嘉義,2023-07-19,8459
2892,第一金,14,0,14,康和-嘉義,2023-07-19,8459
6197,佳必琪,14,0,14,康和-嘉義,2023-07-19,8459
1785,光洋科,16,2,14,康和-嘉義,2023-07-19,8459
3702,大聯大,13,0,13,康和-嘉義,2023-07-19,8459
6244,茂迪,13,0,13,康和-嘉義,2023-07-19,8459
8046,南電,25,12,13,康和-嘉義,2023-07-19,8459
3231,緯創,33,20,13,康和-嘉義,2023-07-19,8459
2891,中信金,358,0,358,康和-嘉義,2023-07-20,8459
2832,台產,196,0,196,康和-嘉義,2023-07-20,8459
2634,漢翔,163,76,87,康和-嘉義,2023-07-20,8459
2303,聯電,72,7,65,康和-嘉義,2023-07-20,8459
1560,中砂,60,1,59,康和-嘉義,2023-07-20,8459
5392,能率,60,5,55,康和-嘉義,2023-07-20,8459
8936,國統,51,1,50,康和-嘉義,2023-07-20,8459
2312,金寶,61,15,46,康和-嘉義,2023-07-20,8459
2329,華泰,196,167,29,康和-嘉義,2023-07-20,8459
1529,樂事綠能,89,61,28,康和-嘉義,2023-07-20,8459
2405,輔信,32,5,27,康和-嘉義,2023-07-20,8459
2316,楠梓電,60,36,24,康和-嘉義,2023-07-20,8459
1102,亞泥,22,0,22,康和-嘉義,2023-07-20,8459
2356,英業達,48,27,21,康和-嘉義,2023-07-20,8459
00878,國泰永續高股息,37,17,20,康和-嘉義,2023-07-20,8459
2444,兆勁,20,0,20,康和-嘉義,2023-07-20,8459
2882,國泰金,20,0,20,康和-嘉義,2023-07-20,8459
3057,喬鼎,20,0,20,康和-嘉義,2023-07-20,8459
3149,正達,20,0,20,康和-嘉義,2023-07-20,8459
6213,聯茂,34,14,20,康和-嘉義,2023-07-20,8459
6405,悅城,20,0,20,康和-嘉義,2023-07-20,8459
6125,廣運,20,0,20,康和-嘉義,2023-07-20,8459
3583,辛耘,25,6,19,康和-嘉義,2023-07-20,8459
2834,臺企銀,20,2,18,康和-嘉義,2023-07-20,8459
6188,廣明,68,50,18,康和-嘉義,2023-07-20,8459
4126,太醫,17,0,17,康和-嘉義,2023-07-20,8459
4908,前鼎,20,4,16,康和-嘉義,2023-07-20,8459
2363,矽統,15,0,15,康和-嘉義,2023-07-20,8459
2353,宏��,72,57,15,康和-嘉義,2023-07-20,8459
2845,遠東銀,15,0,15,康和-嘉義,2023-07-20,8459
6120,達運,26,11,15,康和-嘉義,2023-07-20,8459
6657,華安,16,1,15,康和-嘉義,2023-07-20,8459
3163,波若威,17,3,14,康和-嘉義,2023-07-20,8459
2324,仁寶,15,1,14,康和-嘉義,2023-07-20,8459
2301,光寶科,19,6,13,康和-嘉義,2023-07-20,8459
2913,農林,20,7,13,康和-嘉義,2023-07-20,8459
3037,欣興,36,24,12,康和-嘉義,2023-07-20,8459
00669R,國泰美國道瓊反1,12,0,12,康和-嘉義,2023-07-20,8459
5234,達興材料,12,0,12,康和-嘉義,2023-07-20,8459
3071,協禧,15,4,11,康和-嘉義,2023-07-20,8459
2867,三商壽,11,0,11,康和-嘉義,2023-07-20,8459
2352,佳世達,18,8,10,康和-嘉義,2023-07-20,8459
2514,龍邦,10,0,10,康和-嘉義,2023-07-20,8459
00892,富邦台灣半導體,10,0,10,康和-嘉義,2023-07-20,8459
00922,國泰台灣領袖50,10,0,10,康和-嘉義,2023-07-20,8459
2939,永邑-KY,10,0,10,康和-嘉義,2023-07-20,8459
3055,蔚華科,12,2,10,康和-嘉義,2023-07-20,8459
4968,立積,11,1,10,康和-嘉義,2023-07-20,8459
5315,光聯,10,0,10,康和-嘉義,2023-07-20,8459
6248,沛波,10,0,10,康和-嘉義,2023-07-20,8459
00715L,期街口布蘭特正2,138,2,136,康和-嘉義,2023-07-21,8459
2303,聯電,133,37,96,康和-嘉義,2023-07-21,8459
1609,大亞,169,86,83,康和-嘉義,2023-07-21,8459
6218,豪勉,72,0,72,康和-嘉義,2023-07-21,8459
2382,廣達,286,235,51,康和-嘉義,2023-07-21,8459
1905,華紙,82,31,51,康和-嘉義,2023-07-21,8459
2376,技嘉,221,174,47,康和-嘉義,2023-07-21,8459
4746,台耀,99,53,46,康和-嘉義,2023-07-21,8459
4123,晟德,162,118,44,康和-嘉義,2023-07-21,8459
3037,欣興,75,41,34,康和-嘉義,2023-07-21,8459
4953,緯軟,47,18,29,康和-嘉義,2023-07-21,8459
3013,晟銘電,223,196,27,康和-嘉義,2023-07-21,8459
2324,仁寶,38,12,26,康和-嘉義,2023-07-21,8459
1560,中砂,27,1,26,康和-嘉義,2023-07-21,8459
2609,陽明,40,15,25,康和-嘉義,2023-07-21,8459
2405,輔信,24,0,24,康和-嘉義,2023-07-21,8459
1513,中興電,93,70,23,康和-嘉義,2023-07-21,8459
6275,元山,42,19,23,康和-嘉義,2023-07-21,8459
3264,欣銓,23,2,21,康和-嘉義,2023-07-21,8459
4961,天鈺,20,0,20,康和-嘉義,2023-07-21,8459
5324,士開,20,0,20,康和-嘉義,2023-07-21,8459
8150,南茂,20,0,20,康和-嘉義,2023-07-21,8459
5347,世界,19,0,19,康和-嘉義,2023-07-21,8459
6120,達運,36,17,19,康和-嘉義,2023-07-21,8459
1102,亞泥,24,6,18,康和-嘉義,2023-07-21,8459
00878,國泰永續高股息,24,7,17,康和-嘉義,2023-07-21,8459
2317,鴻海,60,43,17,康和-嘉義,2023-07-21,8459
8046,南電,22,6,16,康和-嘉義,2023-07-21,8459
2399,映泰,19,3,16,康和-嘉義,2023-07-21,8459
2402,毅嘉,18,2,16,康和-嘉義,2023-07-21,8459
2330,台積電,18,2,16,康和-嘉義,2023-07-21,8459
00893,國泰智能電動車,15,0,15,康和-嘉義,2023-07-21,8459
6112,邁達特,18,3,15,康和-嘉義,2023-07-21,8459
8936,國統,24,10,14,康和-嘉義,2023-07-21,8459
2457,飛宏,18,4,14,康和-嘉義,2023-07-21,8459
6122,擎邦,14,0,14,康和-嘉義,2023-07-21,8459
00929,復華台灣科技優息,12,0,12,康和-嘉義,2023-07-21,8459
2323,中環,14,2,12,康和-嘉義,2023-07-21,8459
4147,中裕,12,0,12,康和-嘉義,2023-07-21,8459
6124,業強,13,1,12,康和-嘉義,2023-07-21,8459
1714,和桐,11,0,11,康和-嘉義,2023-07-21,8459
2353,宏��,109,98,11,康和-嘉義,2023-07-21,8459
3057,喬鼎,13,2,11,康和-嘉義,2023-07-21,8459
3265,台星科,44,33,11,康和-嘉義,2023-07-21,8459
8155,博智,13,2,11,康和-嘉義,2023-07-21,8459
00892,富邦台灣半導體,10,0,10,康和-嘉義,2023-07-21,8459
4726,永昕,10,0,10,康和-嘉義,2023-07-21,8459
6213,聯茂,51,41,10,康和-嘉義,2023-07-21,8459
8070,長華*,10,0,10,康和-嘉義,2023-07-21,8459
8096,擎亞,10,0,10,康和-嘉義,2023-07-21,8459
3037,欣興,297,162,135,康和-嘉義,2023-07-24,8459
2461,光群雷,104,3,101,康和-嘉義,2023-07-24,8459
6274,台燿,162,74,88,康和-嘉義,2023-07-24,8459
2353,宏��,176,92,84,康和-嘉義,2023-07-24,8459
00715L,期街口布蘭特正2,82,5,77,康和-嘉義,2023-07-24,8459
3481,群創,76,2,74,康和-嘉義,2023-07-24,8459
9958,世紀鋼,71,28,43,康和-嘉義,2023-07-24,8459
2352,佳世達,43,1,42,康和-嘉義,2023-07-24,8459
2301,光寶科,141,99,42,康和-嘉義,2023-07-24,8459
1714,和桐,33,0,33,康和-嘉義,2023-07-24,8459
2609,陽明,39,7,32,康和-嘉義,2023-07-24,8459
1513,中興電,58,27,31,康和-嘉義,2023-07-24,8459
2881,富邦金,30,0,30,康和-嘉義,2023-07-24,8459
2897,王道銀行,30,0,30,康和-嘉義,2023-07-24,8459
4746,台耀,55,26,29,康和-嘉義,2023-07-24,8459
1104,環泥,28,1,27,康和-嘉義,2023-07-24,8459
6153,嘉聯益,26,0,26,康和-嘉義,2023-07-24,8459
1708,東鹼,23,0,23,康和-嘉義,2023-07-24,8459
1711,永光,23,0,23,康和-嘉義,2023-07-24,8459
3264,欣銓,25,2,23,康和-嘉義,2023-07-24,8459
00679B,元大美債20年,22,0,22,康和-嘉義,2023-07-24,8459
1102,亞泥,21,0,21,康和-嘉義,2023-07-24,8459
4953,緯軟,45,24,21,康和-嘉義,2023-07-24,8459
8086,宏捷科,21,0,21,康和-嘉義,2023-07-24,8459
2834,臺企銀,30,10,20,康和-嘉義,2023-07-24,8459
6282,康舒,68,48,20,康和-嘉義,2023-07-24,8459
2103,台橡,19,0,19,康和-嘉義,2023-07-24,8459
2630,亞航,21,2,19,康和-嘉義,2023-07-24,8459
3060,銘異,19,0,19,康和-嘉義,2023-07-24,8459
6122,擎邦,19,0,19,康和-嘉義,2023-07-24,8459
3006,晶豪科,20,2,18,康和-嘉義,2023-07-24,8459
5452,佶優,40,22,18,康和-嘉義,2023-07-24,8459
1752,南光,38,22,16,康和-嘉義,2023-07-24,8459
2891,中信金,15,0,15,康和-嘉義,2023-07-24,8459
5457,宣德,14,0,14,康和-嘉義,2023-07-24,8459
1905,華紙,213,199,14,康和-嘉義,2023-07-24,8459
2323,中環,33,20,13,康和-嘉義,2023-07-24,8459
00712,復華富時不動產,13,0,13,康和-嘉義,2023-07-24,8459
1229,聯華,14,1,13,康和-嘉義,2023-07-24,8459
2313,華通,13,0,13,康和-嘉義,2023-07-24,8459
3231,緯創,20,8,12,康和-嘉義,2023-07-24,8459
3265,台星科,22,10,12,康和-嘉義,2023-07-24,8459
1477,聚陽,12,1,11,康和-嘉義,2023-07-24,8459
2634,漢翔,44,33,11,康和-嘉義,2023-07-24,8459
2887,台新金,11,0,11,康和-嘉義,2023-07-24,8459
3092,鴻碩,11,0,11,康和-嘉義,2023-07-24,8459
00905,FT臺灣Smart,10,0,10,康和-嘉義,2023-07-24,8459
1527,鑽全,10,0,10,康和-嘉義,2023-07-24,8459
2022,聚亨,10,0,10,康和-嘉義,2023-07-24,8459
2425,承啟,11,1,10,康和-嘉義,2023-07-24,8459
1504,東元,462,277,185,康和-嘉義,2023-07-25,8459
2328,廣宇,108,1,107,康和-嘉義,2023-07-25,8459
00632R,元大台灣50反1,105,0,105,康和-嘉義,2023-07-25,8459
00878,國泰永續高股息,122,39,83,康和-嘉義,2023-07-25,8459
2610,華航,78,20,58,康和-嘉義,2023-07-25,8459
1714,和桐,55,0,55,康和-嘉義,2023-07-25,8459
2317,鴻海,105,54,51,康和-嘉義,2023-07-25,8459
1560,中砂,79,29,50,康和-嘉義,2023-07-25,8459
5258,虹堡,83,44,39,康和-嘉義,2023-07-25,8459
1708,東鹼,39,2,37,康和-嘉義,2023-07-25,8459
2405,輔信,31,0,31,康和-嘉義,2023-07-25,8459
0056,元大高股息,52,23,29,康和-嘉義,2023-07-25,8459
3583,辛耘,45,16,29,康和-嘉義,2023-07-25,8459
8926,台汽電,27,1,26,康和-嘉義,2023-07-25,8459
1514,亞力,31,5,26,康和-嘉義,2023-07-25,8459
2312,金寶,31,7,24,康和-嘉義,2023-07-25,8459
2356,英業達,43,19,24,康和-嘉義,2023-07-25,8459
3032,偉訓,64,41,23,康和-嘉義,2023-07-25,8459
1303,南亞,21,0,21,康和-嘉義,2023-07-25,8459
2340,台亞,24,3,21,康和-嘉義,2023-07-25,8459
2913,農林,20,0,20,康和-嘉義,2023-07-25,8459
6187,萬潤,65,45,20,康和-嘉義,2023-07-25,8459
2316,楠梓電,19,0,19,康和-嘉義,2023-07-25,8459
4953,緯軟,28,9,19,康和-嘉義,2023-07-25,8459
6196,帆宣,19,1,18,康和-嘉義,2023-07-25,8459
1711,永光,17,1,16,康和-嘉義,2023-07-25,8459
6188,廣明,27,11,16,康和-嘉義,2023-07-25,8459
3231,緯創,27,11,16,康和-嘉義,2023-07-25,8459
2027,大成鋼,17,2,15,康和-嘉義,2023-07-25,8459
00720B,元大投資級公司債,15,0,15,康和-嘉義,2023-07-25,8459
4746,台耀,36,21,15,康和-嘉義,2023-07-25,8459
3706,神達,23,9,14,康和-嘉義,2023-07-25,8459
1609,大亞,22,8,14,康和-嘉義,2023-07-25,8459
3702,大聯大,13,0,13,康和-嘉義,2023-07-25,8459
1789,神隆,14,2,12,康和-嘉義,2023-07-25,8459
2421,建準,15,3,12,康和-嘉義,2023-07-25,8459
6128,上福,12,0,12,康和-嘉義,2023-07-25,8459
2301,光寶科,192,181,11,康和-嘉義,2023-07-25,8459
8936,國統,11,0,11,康和-嘉義,2023-07-25,8459
2365,昆盈,11,0,11,康和-嘉義,2023-07-25,8459
2609,陽明,30,19,11,康和-嘉義,2023-07-25,8459
8150,南茂,11,0,11,康和-嘉義,2023-07-25,8459
00671R,富邦NASDAQ反1,10,0,10,康和-嘉義,2023-07-25,8459
00688L,國泰20年美債正2,10,0,10,康和-嘉義,2023-07-25,8459
00751B,元大AAA至A公司債,10,0,10,康和-嘉義,2023-07-25,8459
2359,所羅門,12,2,10,康和-嘉義,2023-07-25,8459
2736,富野,10,0,10,康和-嘉義,2023-07-25,8459
3338,泰碩,12,2,10,康和-嘉義,2023-07-25,8459
3360,尚立,10,0,10,康和-嘉義,2023-07-25,8459
5450,南良,10,0,10,康和-嘉義,2023-07-25,8459
2409,友達,174,100,74,康和-嘉義,2023-07-26,8459
2301,光寶科,162,88,74,康和-嘉義,2023-07-26,8459
4938,和碩,61,0,61,康和-嘉義,2023-07-26,8459
3450,聯鈞,83,28,55,康和-嘉義,2023-07-26,8459
00673R,期元大S＆P原油反1,50,0,50,康和-嘉義,2023-07-26,8459
1609,大亞,47,0,47,康和-嘉義,2023-07-26,8459
6016,康和證,50,3,47,康和-嘉義,2023-07-26,8459
2382,廣達,167,123,44,康和-嘉義,2023-07-26,8459
2354,鴻準,45,3,42,康和-嘉義,2023-07-26,8459
00679B,元大美債20年,38,2,36,康和-嘉義,2023-07-26,8459
1815,富喬,31,1,30,康和-嘉義,2023-07-26,8459
2801,彰銀,30,0,30,康和-嘉義,2023-07-26,8459
8358,金居,45,15,30,康和-嘉義,2023-07-26,8459
2884,玉山金,32,4,28,康和-嘉義,2023-07-26,8459
8936,國統,28,1,27,康和-嘉義,2023-07-26,8459
2845,遠東銀,25,0,25,康和-嘉義,2023-07-26,8459
6275,元山,30,6,24,康和-嘉義,2023-07-26,8459
2344,華邦電,25,1,24,康和-嘉義,2023-07-26,8459
2421,建準,66,44,22,康和-嘉義,2023-07-26,8459
3044,健鼎,33,12,21,康和-嘉義,2023-07-26,8459
5392,能率,23,2,21,康和-嘉義,2023-07-26,8459
8086,宏捷科,22,1,21,康和-嘉義,2023-07-26,8459
6203,海韻電,32,12,20,康和-嘉義,2023-07-26,8459
5483,中美晶,21,2,19,康和-嘉義,2023-07-26,8459
00929,復華台灣科技優息,19,0,19,康和-嘉義,2023-07-26,8459
6770,力積電,19,0,19,康和-嘉義,2023-07-26,8459
4746,台耀,20,1,19,康和-嘉義,2023-07-26,8459
2603,長榮,23,6,17,康和-嘉義,2023-07-26,8459
2436,偉詮電,18,1,17,康和-嘉義,2023-07-26,8459
6122,擎邦,17,0,17,康和-嘉義,2023-07-26,8459
8110,華東,16,0,16,康和-嘉義,2023-07-26,8459
1720,生達,16,0,16,康和-嘉義,2023-07-26,8459
2014,中鴻,20,4,16,康和-嘉義,2023-07-26,8459
6861,睿生光電,17,2,15,康和-嘉義,2023-07-26,8459
3088,艾訊,15,1,14,康和-嘉義,2023-07-26,8459
3702,大聯大,13,0,13,康和-嘉義,2023-07-26,8459
6235,華孚,36,23,13,康和-嘉義,2023-07-26,8459
1905,華紙,82,69,13,康和-嘉義,2023-07-26,8459
6120,達運,22,10,12,康和-嘉義,2023-07-26,8459
2204,中華,12,0,12,康和-嘉義,2023-07-26,8459
3356,奇偶,32,20,12,康和-嘉義,2023-07-26,8459
6182,合晶,11,0,11,康和-嘉義,2023-07-26,8459
2417,圓剛,11,0,11,康和-嘉義,2023-07-26,8459
2897,王道銀行,10,0,10,康和-嘉義,2023-07-26,8459
1467,南緯,10,0,10,康和-嘉義,2023-07-26,8459
4188,安克,10,0,10,康和-嘉義,2023-07-26,8459
8085,福華,10,0,10,康和-嘉義,2023-07-26,8459
8121,越峰,10,0,10,康和-嘉義,2023-07-26,8459
8201,無敵,10,0,10,康和-嘉義,2023-07-26,8459
6239,力成,10,0,10,康和-嘉義,2023-07-26,8459
2888,新光金,354,50,304,康和-嘉義,2023-07-27,8459
2610,華航,535,371,164,康和-嘉義,2023-07-27,8459
1316,上曜,154,0,154,康和-嘉義,2023-07-27,8459
2409,友達,413,260,153,康和-嘉義,2023-07-27,8459
6282,康舒,233,150,83,康和-嘉義,2023-07-27,8459
3481,群創,116,70,46,康和-嘉義,2023-07-27,8459
00679B,元大美債20年,45,0,45,康和-嘉義,2023-07-27,8459
3037,欣興,81,37,44,康和-嘉義,2023-07-27,8459
2609,陽明,52,8,44,康和-嘉義,2023-07-27,8459
6190,萬泰科,53,16,37,康和-嘉義,2023-07-27,8459
6274,台燿,40,5,35,康和-嘉義,2023-07-27,8459
1905,華紙,239,205,34,康和-嘉義,2023-07-27,8459
00929,復華台灣科技優息,31,0,31,康和-嘉義,2023-07-27,8459
2104,國際中橡,30,1,29,康和-嘉義,2023-07-27,8459
2369,菱生,46,17,29,康和-嘉義,2023-07-27,8459
2634,漢翔,31,3,28,康和-嘉義,2023-07-27,8459
4979,華星光,147,120,27,康和-嘉義,2023-07-27,8459
2421,建準,140,115,25,康和-嘉義,2023-07-27,8459
8112,至上,29,4,25,康和-嘉義,2023-07-27,8459
2027,大成鋼,31,6,25,康和-嘉義,2023-07-27,8459
3046,建��,23,0,23,康和-嘉義,2023-07-27,8459
00751B,元大AAA至A公司債,22,0,22,康和-嘉義,2023-07-27,8459
2891,中信金,21,1,20,康和-嘉義,2023-07-27,8459
2939,永邑-KY,20,0,20,康和-嘉義,2023-07-27,8459
2405,輔信,30,11,19,康和-嘉義,2023-07-27,8459
2317,鴻海,26,8,18,康和-嘉義,2023-07-27,8459
2354,鴻準,30,12,18,康和-嘉義,2023-07-27,8459
00720B,元大投資級公司債,18,0,18,康和-嘉義,2023-07-27,8459
1909,榮成,17,2,15,康和-嘉義,2023-07-27,8459
5439,高技,15,0,15,康和-嘉義,2023-07-27,8459
00881,國泰台灣5G+,20,5,15,康和-嘉義,2023-07-27,8459
3706,神達,15,1,14,康和-嘉義,2023-07-27,8459
8926,台汽電,14,0,14,康和-嘉義,2023-07-27,8459
2368,金像電,32,18,14,康和-嘉義,2023-07-27,8459
1217,愛之味,19,6,13,康和-嘉義,2023-07-27,8459
00632R,元大台灣50反1,13,0,13,康和-嘉義,2023-07-27,8459
00673R,期元大S＆P原油反1,13,0,13,康和-嘉義,2023-07-27,8459
4123,晟德,31,18,13,康和-嘉義,2023-07-27,8459
2022,聚亨,12,0,12,康和-嘉義,2023-07-27,8459
2913,農林,121,109,12,康和-嘉義,2023-07-27,8459
6257,矽格,13,1,12,康和-嘉義,2023-07-27,8459
6796,晉弘,12,0,12,康和-嘉義,2023-07-27,8459
2356,英業達,37,25,12,康和-嘉義,2023-07-27,8459
1102,亞泥,11,0,11,康和-嘉義,2023-07-27,8459
1529,樂事綠能,15,4,11,康和-嘉義,2023-07-27,8459
2417,圓剛,11,0,11,康和-嘉義,2023-07-27,8459
3088,艾訊,12,1,11,康和-嘉義,2023-07-27,8459
4175,杏一,10,0,10,康和-嘉義,2023-07-27,8459
3058,立德,10,0,10,康和-嘉義,2023-07-27,8459
4938,和碩,14,4,10,康和-嘉義,2023-07-27,8459
2301,光寶科,328,257,71,康和-嘉義,2023-07-28,8459
00679B,元大美債20年,67,0,67,康和-嘉義,2023-07-28,8459
00772B,中信高評級公司債,61,1,60,康和-嘉義,2023-07-28,8459
6016,康和證,51,0,51,康和-嘉義,2023-07-28,8459
6116,彩晶,57,12,45,康和-嘉義,2023-07-28,8459
2317,鴻海,40,0,40,康和-嘉義,2023-07-28,8459
6187,萬潤,86,46,40,康和-嘉義,2023-07-28,8459
2104,國際中橡,63,23,40,康和-嘉義,2023-07-28,8459
2883,凱基金,34,0,34,康和-嘉義,2023-07-28,8459
00929,復華台灣科技優息,36,2,34,康和-嘉義,2023-07-28,8459
3706,神達,44,15,29,康和-嘉義,2023-07-28,8459
00688L,國泰20年美債正2,28,0,28,康和-嘉義,2023-07-28,8459
3689,湧德,30,4,26,康和-嘉義,2023-07-28,8459
00878,國泰永續高股息,30,7,23,康和-嘉義,2023-07-28,8459
6531,愛普*,40,17,23,康和-嘉義,2023-07-28,8459
00919,群益台灣精選高息,24,2,22,康和-嘉義,2023-07-28,8459
00795B,中信美國公債20年,21,0,21,康和-嘉義,2023-07-28,8459
3149,正達,20,0,20,康和-嘉義,2023-07-28,8459
3037,欣興,56,38,18,康和-嘉義,2023-07-28,8459
6213,聯茂,19,1,18,康和-嘉義,2023-07-28,8459
4953,緯軟,20,2,18,康和-嘉義,2023-07-28,8459
00712,復華富時不動產,17,0,17,康和-嘉義,2023-07-28,8459
4967,十銓,28,11,17,康和-嘉義,2023-07-28,8459
1802,台玻,57,41,16,康和-嘉義,2023-07-28,8459
3521,鴻翊,16,0,16,康和-嘉義,2023-07-28,8459
00720B,元大投資級公司債,15,0,15,康和-嘉義,2023-07-28,8459
1310,台苯,15,0,15,康和-嘉義,2023-07-28,8459
8358,金居,51,36,15,康和-嘉義,2023-07-28,8459
2002,中鋼,17,2,15,康和-嘉義,2023-07-28,8459
4128,中天,17,3,14,康和-嘉義,2023-07-28,8459
5608,四維航,20,6,14,康和-嘉義,2023-07-28,8459
00673R,期元大S＆P原油反1,13,0,13,康和-嘉義,2023-07-28,8459
3022,威強電,16,3,13,康和-嘉義,2023-07-28,8459
6443,元晶,14,1,13,康和-嘉義,2023-07-28,8459
1504,東元,44,32,12,康和-嘉義,2023-07-28,8459
1710,東聯,12,0,12,康和-嘉義,2023-07-28,8459
8110,華東,11,0,11,康和-嘉義,2023-07-28,8459
2332,友訊,11,0,11,康和-嘉義,2023-07-28,8459
3029,零壹,13,2,11,康和-嘉義,2023-07-28,8459
4533,協易機,36,25,11,康和-嘉義,2023-07-28,8459
4746,台耀,18,7,11,康和-嘉義,2023-07-28,8459
2027,大成鋼,22,11,11,康和-嘉義,2023-07-28,8459
6275,元山,34,23,11,康和-嘉義,2023-07-28,8459
2809,京城銀,10,0,10,康和-嘉義,2023-07-28,8459
1216,統一,10,0,10,康和-嘉義,2023-07-28,8459
1301,台塑,11,1,10,康和-嘉義,2023-07-28,8459
2441,超豐,10,0,10,康和-嘉義,2023-07-28,8459
3060,銘異,10,0,10,康和-嘉義,2023-07-28,8459
6203,海韻電,30,20,10,康和-嘉義,2023-07-28,8459
00881,國泰台灣5G+,10,1,9,康和-嘉義,2023-07-28,8459
00715L,期街口布蘭特正2,1500,3,1497,康和-嘉義,2023-07-31,8459
1905,華紙,505,364,141,康和-嘉義,2023-07-31,8459
2409,友達,223,105,118,康和-嘉義,2023-07-31,8459
1815,富喬,113,8,105,康和-嘉義,2023-07-31,8459
6116,彩晶,101,1,100,康和-嘉義,2023-07-31,8459
3481,群創,83,5,78,康和-嘉義,2023-07-31,8459
2323,中環,70,4,66,康和-嘉義,2023-07-31,8459
6190,萬泰科,90,29,61,康和-嘉義,2023-07-31,8459
00878,國泰永續高股息,73,13,60,康和-嘉義,2023-07-31,8459
3013,晟銘電,75,18,57,康和-嘉義,2023-07-31,8459
2888,新光金,205,155,50,康和-嘉義,2023-07-31,8459
1802,台玻,92,44,48,康和-嘉義,2023-07-31,8459
2382,廣達,157,119,38,康和-嘉義,2023-07-31,8459
6257,矽格,35,0,35,康和-嘉義,2023-07-31,8459
5443,均豪,33,4,29,康和-嘉義,2023-07-31,8459
2610,華航,34,6,28,康和-嘉義,2023-07-31,8459
2425,承啟,46,19,27,康和-嘉義,2023-07-31,8459
6446,藥華藥,31,6,25,康和-嘉義,2023-07-31,8459
1514,亞力,22,1,21,康和-嘉義,2023-07-31,8459
4908,前鼎,47,26,21,康和-嘉義,2023-07-31,8459
6203,海韻電,21,0,21,康和-嘉義,2023-07-31,8459
6546,正基,21,0,21,康和-嘉義,2023-07-31,8459
00893,國泰智能電動車,30,10,20,康和-嘉義,2023-07-31,8459
1806,冠軍,20,0,20,康和-嘉義,2023-07-31,8459
3540,曜越,20,0,20,康和-嘉義,2023-07-31,8459
3591,艾笛森,20,0,20,康和-嘉義,2023-07-31,8459
3265,台星科,22,4,18,康和-嘉義,2023-07-31,8459
1711,永光,22,5,17,康和-嘉義,2023-07-31,8459
3231,緯創,113,96,17,康和-嘉義,2023-07-31,8459
2356,英業達,36,20,16,康和-嘉義,2023-07-31,8459
00919,群益台灣精選高息,15,0,15,康和-嘉義,2023-07-31,8459
1101,台泥,21,6,15,康和-嘉義,2023-07-31,8459
2884,玉山金,18,3,15,康和-嘉義,2023-07-31,8459
5340,建榮,16,1,15,康和-嘉義,2023-07-31,8459
00688L,國泰20年美債正2,15,0,15,康和-嘉義,2023-07-31,8459
2495,普安,15,0,15,康和-嘉義,2023-07-31,8459
00679B,元大美債20年,14,0,14,康和-嘉義,2023-07-31,8459
2324,仁寶,35,21,14,康和-嘉義,2023-07-31,8459
6288,聯嘉,14,0,14,康和-嘉義,2023-07-31,8459
1301,台塑,15,2,13,康和-嘉義,2023-07-31,8459
1907,永豐餘,23,10,13,康和-嘉義,2023-07-31,8459
2338,光罩,13,0,13,康和-嘉義,2023-07-31,8459
5236,凌陽創新,13,0,13,康和-嘉義,2023-07-31,8459
6244,茂迪,14,1,13,康和-嘉義,2023-07-31,8459
4938,和碩,12,0,12,康和-嘉義,2023-07-31,8459
6176,瑞儀,26,14,12,康和-嘉義,2023-07-31,8459
5425,台半,23,12,11,康和-嘉義,2023-07-31,8459
2891,中信金,22,11,11,康和-嘉義,2023-07-31,8459
2314,台揚,10,0,10,康和-嘉義,2023-07-31,8459
1216,統一,10,0,10,康和-嘉義,2023-07-31,8459
2301,光寶科,294,156,138,康和-嘉義,2023-08-01,8459
2382,廣達,441,332,109,康和-嘉義,2023-08-01,8459
8930,青鋼,89,0,89,康和-嘉義,2023-08-01,8459
2312,金寶,115,30,85,康和-嘉義,2023-08-01,8459
6128,上福,54,0,54,康和-嘉義,2023-08-01,8459
3052,夆典,52,0,52,康和-嘉義,2023-08-01,8459
3231,緯創,184,140,44,康和-嘉義,2023-08-01,8459
4126,太醫,42,0,42,康和-嘉義,2023-08-01,8459
2356,英業達,52,14,38,康和-嘉義,2023-08-01,8459
3062,建漢,41,3,38,康和-嘉義,2023-08-01,8459
2801,彰銀,35,0,35,康和-嘉義,2023-08-01,8459
4162,智擎,30,0,30,康和-嘉義,2023-08-01,8459
0056,元大高股息,33,4,29,康和-嘉義,2023-08-01,8459
3324,雙鴻,43,16,27,康和-嘉義,2023-08-01,8459
2328,廣宇,28,1,27,康和-嘉義,2023-08-01,8459
2353,宏��,38,12,26,康和-嘉義,2023-08-01,8459
6125,廣運,46,20,26,康和-嘉義,2023-08-01,8459
2388,威盛,25,2,23,康和-嘉義,2023-08-01,8459
3419,譁裕,23,0,23,康和-嘉義,2023-08-01,8459
3689,湧德,22,1,21,康和-嘉義,2023-08-01,8459
00715L,期街口布蘭特正2,20,1,19,康和-嘉義,2023-08-01,8459
3013,晟銘電,33,14,19,康和-嘉義,2023-08-01,8459
1217,愛之味,20,1,19,康和-嘉義,2023-08-01,8459
1504,東元,21,3,18,康和-嘉義,2023-08-01,8459
2308,台達電,23,8,15,康和-嘉義,2023-08-01,8459
00632R,元大台灣50反1,15,0,15,康和-嘉義,2023-08-01,8459
2881,富邦金,43,28,15,康和-嘉義,2023-08-01,8459
3029,零壹,17,2,15,康和-嘉義,2023-08-01,8459
3032,偉訓,16,1,15,康和-嘉義,2023-08-01,8459
2376,技嘉,24,10,14,康和-嘉義,2023-08-01,8459
3264,欣銓,15,1,14,康和-嘉義,2023-08-01,8459
4161,聿新科,14,0,14,康和-嘉義,2023-08-01,8459
2884,玉山金,13,0,13,康和-嘉義,2023-08-01,8459
00688L,國泰20年美債正2,12,0,12,康和-嘉義,2023-08-01,8459
00673R,期元大S＆P原油反1,12,0,12,康和-嘉義,2023-08-01,8459
00720B,元大投資級公司債,11,0,11,康和-嘉義,2023-08-01,8459
3071,協禧,11,0,11,康和-嘉義,2023-08-01,8459
3704,合勤控,16,5,11,康和-嘉義,2023-08-01,8459
2601,益航,10,0,10,康和-嘉義,2023-08-01,8459
2630,亞航,10,0,10,康和-嘉義,2023-08-01,8459
2745,五福,20,10,10,康和-嘉義,2023-08-01,8459
2809,京城銀,10,0,10,康和-嘉義,2023-08-01,8459
3105,穩懋,12,2,10,康和-嘉義,2023-08-01,8459
4123,晟德,10,0,10,康和-嘉義,2023-08-01,8459
4961,天鈺,16,6,10,康和-嘉義,2023-08-01,8459
1711,永光,11,2,9,康和-嘉義,2023-08-01,8459
3033,威健,15,6,9,康和-嘉義,2023-08-01,8459
4953,緯軟,14,5,9,康和-嘉義,2023-08-01,8459
2345,智邦,9,1,8,康和-嘉義,2023-08-01,8459
4919,新唐,14,6,8,康和-嘉義,2023-08-01,8459
00878,國泰永續高股息,168,13,155,康和-嘉義,2023-08-02,8459
2312,金寶,128,6,122,康和-嘉義,2023-08-02,8459
1905,華紙,379,292,87,康和-嘉義,2023-08-02,8459
1605,華新,797,714,83,康和-嘉義,2023-08-02,8459
6282,康舒,81,5,76,康和-嘉義,2023-08-02,8459
00923,群益台ESG低碳50,63,0,63,康和-嘉義,2023-08-02,8459
00679B,元大美債20年,57,0,57,康和-嘉義,2023-08-02,8459
3037,欣興,101,48,53,康和-嘉義,2023-08-02,8459
3481,群創,109,57,52,康和-嘉義,2023-08-02,8459
4746,台耀,183,132,51,康和-嘉義,2023-08-02,8459
2014,中鴻,68,20,48,康和-嘉義,2023-08-02,8459
1709,和益,44,1,43,康和-嘉義,2023-08-02,8459
3231,緯創,123,85,38,康和-嘉義,2023-08-02,8459
0056,元大高股息,57,19,38,康和-嘉義,2023-08-02,8459
2630,亞航,38,1,37,康和-嘉義,2023-08-02,8459
00900,富邦特選高股息30,123,90,33,康和-嘉義,2023-08-02,8459
6190,萬泰科,31,1,30,康和-嘉義,2023-08-02,8459
1708,東鹼,51,23,28,康和-嘉義,2023-08-02,8459
1314,中石化,191,164,27,康和-嘉義,2023-08-02,8459
3027,盛達,30,3,27,康和-嘉義,2023-08-02,8459
6285,啟��,29,2,27,康和-嘉義,2023-08-02,8459
2607,榮運,25,0,25,康和-嘉義,2023-08-02,8459
2885,元大金,25,0,25,康和-嘉義,2023-08-02,8459
2353,宏��,30,6,24,康和-嘉義,2023-08-02,8459
2883,凱基金,22,0,22,康和-嘉義,2023-08-02,8459
2880,華南金,21,0,21,康和-嘉義,2023-08-02,8459
00722B,群益投資級電信債,21,0,21,康和-嘉義,2023-08-02,8459
2017,官田鋼,23,2,21,康和-嘉義,2023-08-02,8459
2399,映泰,21,0,21,康和-嘉義,2023-08-02,8459
00892,富邦台灣半導體,20,0,20,康和-嘉義,2023-08-02,8459
00637L,元大滬深300正2,20,0,20,康和-嘉義,2023-08-02,8459
3052,夆典,19,0,19,康和-嘉義,2023-08-02,8459
2801,彰銀,20,2,18,康和-嘉義,2023-08-02,8459
2882,國泰金,19,1,18,康和-嘉義,2023-08-02,8459
1310,台苯,19,2,17,康和-嘉義,2023-08-02,8459
3033,威健,17,0,17,康和-嘉義,2023-08-02,8459
00929,復華台灣科技優息,26,9,17,康和-嘉義,2023-08-02,8459
8930,青鋼,16,0,16,康和-嘉義,2023-08-02,8459
00712,復華富時不動產,16,1,15,康和-嘉義,2023-08-02,8459
2498,宏達電,15,0,15,康和-嘉義,2023-08-02,8459
4161,聿新科,15,0,15,康和-嘉義,2023-08-02,8459
00881,國泰台灣5G+,14,0,14,康和-嘉義,2023-08-02,8459
2323,中環,107,93,14,康和-嘉義,2023-08-02,8459
00688L,國泰20年美債正2,14,0,14,康和-嘉義,2023-08-02,8459
3652,精聯,14,0,14,康和-嘉義,2023-08-02,8459
4126,太醫,14,0,14,康和-嘉義,2023-08-02,8459
2612,中航,21,8,13,康和-嘉義,2023-08-02,8459
1907,永豐餘,40,27,13,康和-嘉義,2023-08-02,8459
2486,一詮,14,1,13,康和-嘉義,2023-08-02,8459
3025,星通,15,2,13,康和-嘉義,2023-08-02,8459
3231,緯創,475,363,112,康和-嘉義,2023-08-04,8459
2610,華航,112,0,112,康和-嘉義,2023-08-04,8459
2344,華邦電,92,7,85,康和-嘉義,2023-08-04,8459
1605,華新,94,9,85,康和-嘉義,2023-08-04,8459
00772B,中信高評級公司債,59,0,59,康和-嘉義,2023-08-04,8459
6128,上福,58,0,58,康和-嘉義,2023-08-04,8459
00679B,元大美債20年,54,4,50,康和-嘉義,2023-08-04,8459
00929,復華台灣科技優息,59,10,49,康和-嘉義,2023-08-04,8459
4746,台耀,125,79,46,康和-嘉義,2023-08-04,8459
4994,傳奇,49,7,42,康和-嘉義,2023-08-04,8459
2603,長榮,47,7,40,康和-嘉義,2023-08-04,8459
8942,森鉅,40,0,40,康和-嘉義,2023-08-04,8459
2882,國泰金,40,2,38,康和-嘉義,2023-08-04,8459
00923,群益台ESG低碳50,35,0,35,康和-嘉義,2023-08-04,8459
00900,富邦特選高股息30,33,2,31,康和-嘉義,2023-08-04,8459
4439,冠星-KY,31,0,31,康和-嘉義,2023-08-04,8459
00632R,元大台灣50反1,30,0,30,康和-嘉義,2023-08-04,8459
00688L,國泰20年美債正2,28,0,28,康和-嘉義,2023-08-04,8459
2458,義隆,27,0,27,康和-嘉義,2023-08-04,8459
00712,復華富時不動產,26,0,26,康和-嘉義,2023-08-04,8459
3583,辛耘,29,5,24,康和-嘉義,2023-08-04,8459
2382,廣達,173,149,24,康和-嘉義,2023-08-04,8459
4126,太醫,23,0,23,康和-嘉義,2023-08-04,8459
00680L,元大美債20正2,21,0,21,康和-嘉義,2023-08-04,8459
1708,東鹼,22,1,21,康和-嘉義,2023-08-04,8459
00664R,國泰臺灣加權反1,20,0,20,康和-嘉義,2023-08-04,8459
2388,威盛,52,36,16,康和-嘉義,2023-08-04,8459
6274,台燿,111,95,16,康和-嘉義,2023-08-04,8459
2301,光寶科,284,268,16,康和-嘉義,2023-08-04,8459
00720B,元大投資級公司債,15,0,15,康和-嘉義,2023-08-04,8459
1616,億泰,15,0,15,康和-嘉義,2023-08-04,8459
6125,廣運,44,30,14,康和-嘉義,2023-08-04,8459
1727,中華化,14,0,14,康和-嘉義,2023-08-04,8459
4162,智擎,14,0,14,康和-嘉義,2023-08-04,8459
1785,光洋科,12,0,12,康和-嘉義,2023-08-04,8459
3056,富華新,12,0,12,康和-嘉義,2023-08-04,8459
3209,全科,12,0,12,康和-嘉義,2023-08-04,8459
2913,農林,196,185,11,康和-嘉義,2023-08-04,8459
3189,景碩,17,6,11,康和-嘉義,2023-08-04,8459
00881,國泰台灣5G+,10,0,10,康和-嘉義,2023-08-04,8459
1717,長興,10,0,10,康和-嘉義,2023-08-04,8459
2323,中環,12,2,10,康和-嘉義,2023-08-04,8459
3356,奇偶,12,2,10,康和-嘉義,2023-08-04,8459
3529,力旺,10,0,10,康和-嘉義,2023-08-04,8459
4755,三福化,10,0,10,康和-嘉義,2023-08-04,8459
4961,天鈺,10,0,10,康和-嘉義,2023-08-04,8459
00751B,元大AAA至A公司債,10,1,9,康和-嘉義,2023-08-04,8459
1608,華榮,9,0,9,康和-嘉義,2023-08-04,8459
6275,元山,9,0,9,康和-嘉義,2023-08-04,8459
8215,明基材,10,1,9,康和-嘉義,2023-08-04,8459
2504,國產,1502,1001,501,康和-嘉義,2023-08-07,8459
2356,英業達,169,52,117,康和-嘉義,2023-08-07,8459
5009,榮剛,124,9,115,康和-嘉義,2023-08-07,8459
1720,生達,93,0,93,康和-嘉義,2023-08-07,8459
4953,緯軟,93,2,91,康和-嘉義,2023-08-07,8459
00715L,期街口布蘭特正2,80,0,80,康和-嘉義,2023-08-07,8459
00929,復華台灣科技優息,70,0,70,康和-嘉義,2023-08-07,8459
00637L,元大滬深300正2,70,0,70,康和-嘉義,2023-08-07,8459
1777,生泰,66,0,66,康和-嘉義,2023-08-07,8459
6128,上福,50,0,50,康和-嘉義,2023-08-07,8459
2610,華航,92,53,39,康和-嘉義,2023-08-07,8459
2009,第一銅,39,5,34,康和-嘉義,2023-08-07,8459
8390,金益鼎,37,3,34,康和-嘉義,2023-08-07,8459
2913,農林,70,39,31,康和-嘉義,2023-08-07,8459
2208,台船,30,0,30,康和-嘉義,2023-08-07,8459
00632R,元大台灣50反1,30,0,30,康和-嘉義,2023-08-07,8459
2515,中工,30,0,30,康和-嘉義,2023-08-07,8459
1904,正隆,30,4,26,康和-嘉義,2023-08-07,8459
2485,兆赫,31,8,23,康和-嘉義,2023-08-07,8459
2891,中信金,22,0,22,康和-嘉義,2023-08-07,8459
2449,京元電子,20,2,18,康和-嘉義,2023-08-07,8459
2303,聯電,17,0,17,康和-嘉義,2023-08-07,8459
2409,友達,20,3,17,康和-嘉義,2023-08-07,8459
00900,富邦特選高股息30,18,2,16,康和-嘉義,2023-08-07,8459
3693,營邦,20,4,16,康和-嘉義,2023-08-07,8459
3706,神達,83,67,16,康和-嘉義,2023-08-07,8459
2890,永豐金,20,5,15,康和-嘉義,2023-08-07,8459
1102,亞泥,15,0,15,康和-嘉義,2023-08-07,8459
2388,威盛,59,44,15,康和-嘉義,2023-08-07,8459
4128,中天,15,0,15,康和-嘉義,2023-08-07,8459
00907,永豐優息存股,14,0,14,康和-嘉義,2023-08-07,8459
3013,晟銘電,34,21,13,康和-嘉義,2023-08-07,8459
2352,佳世達,16,4,12,康和-嘉義,2023-08-07,8459
3017,奇鋐,46,35,11,康和-嘉義,2023-08-07,8459
00720B,元大投資級公司債,11,0,11,康和-嘉義,2023-08-07,8459
3581,博磊,11,0,11,康和-嘉義,2023-08-07,8459
6120,達運,12,1,11,康和-嘉義,2023-08-07,8459
6276,安鈦克,11,0,11,康和-嘉義,2023-08-07,8459
8358,金居,11,0,11,康和-嘉義,2023-08-07,8459
4743,合一,11,0,11,康和-嘉義,2023-08-07,8459
00882,中信中國高股息,10,0,10,康和-嘉義,2023-08-07,8459
00751B,元大AAA至A公司債,10,0,10,康和-嘉義,2023-08-07,8459
1612,宏泰,10,0,10,康和-嘉義,2023-08-07,8459
1711,永光,10,0,10,康和-嘉義,2023-08-07,8459
2421,建準,12,2,10,康和-嘉義,2023-08-07,8459
3033,威健,10,0,10,康和-嘉義,2023-08-07,8459
6733,博晟生醫,10,0,10,康和-嘉義,2023-08-07,8459
8926,台汽電,10,0,10,康和-嘉義,2023-08-07,8459
6177,達麗,9,0,9,康和-嘉義,2023-08-07,8459
9927,泰銘,14,5,9,康和-嘉義,2023-08-07,8459
00665L,富邦�琤肭磪囓�2,277,0,277,康和-嘉義,2023-08-08,8459
00680L,元大美債20正2,108,0,108,康和-嘉義,2023-08-08,8459
00929,復華台灣科技優息,87,0,87,康和-嘉義,2023-08-08,8459
2488,漢平,84,0,84,康和-嘉義,2023-08-08,8459
3231,緯創,254,181,73,康和-嘉義,2023-08-08,8459
1708,東鹼,51,0,51,康和-嘉義,2023-08-08,8459
6016,康和證,50,0,50,康和-嘉義,2023-08-08,8459
2356,英業達,782,733,49,康和-嘉義,2023-08-08,8459
00878,國泰永續高股息,103,62,41,康和-嘉義,2023-08-08,8459
00900,富邦特選高股息30,39,0,39,康和-嘉義,2023-08-08,8459
2371,大同,41,2,39,康和-嘉義,2023-08-08,8459
4906,正文,40,2,38,康和-嘉義,2023-08-08,8459
9934,成霖,35,0,35,康和-嘉義,2023-08-08,8459
00923,群益台ESG低碳50,34,0,34,康和-嘉義,2023-08-08,8459
3027,盛達,43,12,31,康和-嘉義,2023-08-08,8459
1609,大亞,32,2,30,康和-嘉義,2023-08-08,8459
2515,中工,30,0,30,康和-嘉義,2023-08-08,8459
9906,欣巴巴,29,0,29,康和-嘉義,2023-08-08,8459
9939,宏全,29,0,29,康和-嘉義,2023-08-08,8459
1802,台玻,58,30,28,康和-嘉義,2023-08-08,8459
2485,兆赫,26,0,26,康和-嘉義,2023-08-08,8459
00931B,統一美債20年,24,0,24,康和-嘉義,2023-08-08,8459
1504,東元,26,2,24,康和-嘉義,2023-08-08,8459
4532,瑞智,23,0,23,康和-嘉義,2023-08-08,8459
2303,聯電,24,2,22,康和-嘉義,2023-08-08,8459
2409,友達,23,1,22,康和-嘉義,2023-08-08,8459
2208,台船,21,0,21,康和-嘉義,2023-08-08,8459
2329,華泰,29,8,21,康和-嘉義,2023-08-08,8459
2634,漢翔,89,68,21,康和-嘉義,2023-08-08,8459
6139,亞翔,23,2,21,康和-嘉義,2023-08-08,8459
00715L,期街口布蘭特正2,20,0,20,康和-嘉義,2023-08-08,8459
1101,台泥,16,0,16,康和-嘉義,2023-08-08,8459
2801,彰銀,18,2,16,康和-嘉義,2023-08-08,8459
00673R,期元大S＆P原油反1,15,0,15,康和-嘉義,2023-08-08,8459
3035,智原,15,1,14,康和-嘉義,2023-08-08,8459
8936,國統,13,0,13,康和-嘉義,2023-08-08,8459
2344,華邦電,13,0,13,康和-嘉義,2023-08-08,8459
2352,佳世達,31,18,13,康和-嘉義,2023-08-08,8459
2402,毅嘉,17,4,13,康和-嘉義,2023-08-08,8459
3363,上詮,36,23,13,康和-嘉義,2023-08-08,8459
3022,威強電,14,2,12,康和-嘉義,2023-08-08,8459
8049,晶采,12,0,12,康和-嘉義,2023-08-08,8459
2363,矽統,22,11,11,康和-嘉義,2023-08-08,8459
2317,鴻海,17,7,10,康和-嘉義,2023-08-08,8459
1460,宏遠,10,0,10,康和-嘉義,2023-08-08,8459
00751B,元大AAA至A公司債,10,0,10,康和-嘉義,2023-08-08,8459
1560,中砂,10,0,10,康和-嘉義,2023-08-08,8459
1904,正隆,14,4,10,康和-嘉義,2023-08-08,8459
2707,晶華,11,1,10,康和-嘉義,2023-08-08,8459
3032,偉訓,17,7,10,康和-嘉義,2023-08-08,8459
2607,榮運,666,1,665,康和-嘉義,2023-08-09,8459
2610,華航,274,134,140,康和-嘉義,2023-08-09,8459
2208,台船,139,0,139,康和-嘉義,2023-08-09,8459
00900,富邦特選高股息30,90,5,85,康和-嘉義,2023-08-09,8459
5523,豐謙,80,5,75,康和-嘉義,2023-08-09,8459
2913,農林,74,4,70,康和-嘉義,2023-08-09,8459
3209,全科,54,0,54,康和-嘉義,2023-08-09,8459
2535,達欣工,46,0,46,康和-嘉義,2023-08-09,8459
2382,廣達,276,235,41,康和-嘉義,2023-08-09,8459
6274,台燿,75,36,39,康和-嘉義,2023-08-09,8459
3217,優群,36,0,36,康和-嘉義,2023-08-09,8459
2376,技嘉,41,10,31,康和-嘉義,2023-08-09,8459
8011,台通,30,0,30,康和-嘉義,2023-08-09,8459
2353,宏��,30,6,24,康和-嘉義,2023-08-09,8459
3324,雙鴻,55,31,24,康和-嘉義,2023-08-09,8459
3010,華立,24,3,21,康和-嘉義,2023-08-09,8459
00929,復華台灣科技優息,20,0,20,康和-嘉義,2023-08-09,8459
1708,東鹼,20,0,20,康和-嘉義,2023-08-09,8459
2801,彰銀,24,4,20,康和-嘉義,2023-08-09,8459
3317,尼克森,20,0,20,康和-嘉義,2023-08-09,8459
2892,第一金,19,1,18,康和-嘉義,2023-08-09,8459
00715L,期街口布蘭特正2,20,3,17,康和-嘉義,2023-08-09,8459
2303,聯電,15,0,15,康和-嘉義,2023-08-09,8459
3481,群創,19,4,15,康和-嘉義,2023-08-09,8459
3689,湧德,15,0,15,康和-嘉義,2023-08-09,8459
9958,世紀鋼,15,0,15,康和-嘉義,2023-08-09,8459
2834,臺企銀,14,0,14,康和-嘉義,2023-08-09,8459
2388,威盛,24,11,13,康和-嘉義,2023-08-09,8459
2718,全心投控,13,0,13,康和-嘉義,2023-08-09,8459
2103,台橡,11,0,11,康和-嘉義,2023-08-09,8459
5009,榮剛,11,0,11,康和-嘉義,2023-08-09,8459
8049,晶采,11,0,11,康和-嘉義,2023-08-09,8459
3034,聯詠,14,4,10,康和-嘉義,2023-08-09,8459
00894,中信小資高價30,10,0,10,康和-嘉義,2023-08-09,8459
00923,群益台ESG低碳50,10,0,10,康和-嘉義,2023-08-09,8459
00931B,統一美債20年,10,0,10,康和-嘉義,2023-08-09,8459
2399,映泰,10,0,10,康和-嘉義,2023-08-09,8459
3323,加百裕,11,1,10,康和-嘉義,2023-08-09,8459
3325,旭品,11,1,10,康和-嘉義,2023-08-09,8459
3596,智易,10,0,10,康和-嘉義,2023-08-09,8459
4533,協易機,10,0,10,康和-嘉義,2023-08-09,8459
6284,佳邦,11,1,10,康和-嘉義,2023-08-09,8459
2340,台亞,9,0,9,康和-嘉義,2023-08-09,8459
5450,南良,9,0,9,康和-嘉義,2023-08-09,8459
1905,華紙,11,3,8,康和-嘉義,2023-08-09,8459
2891,中信金,9,1,8,康和-嘉義,2023-08-09,8459
3665,貿聯-KY,16,8,8,康和-嘉義,2023-08-09,8459
6016,康和證,9,1,8,康和-嘉義,2023-08-09,8459
6275,元山,8,0,8,康和-嘉義,2023-08-09,8459
6535,順藥,8,0,8,康和-嘉義,2023-08-09,8459
2409,友達,142,6,136,康和-嘉義,2023-08-10,8459
1217,愛之味,120,0,120,康和-嘉義,2023-08-10,8459
8112,至上,105,6,99,康和-嘉義,2023-08-10,8459
3481,群創,87,11,76,康和-嘉義,2023-08-10,8459
2323,中環,71,0,71,康和-嘉義,2023-08-10,8459
3231,緯創,285,218,67,康和-嘉義,2023-08-10,8459
00923,群益台ESG低碳50,66,0,66,康和-嘉義,2023-08-10,8459
00929,復華台灣科技優息,56,0,56,康和-嘉義,2023-08-10,8459
4938,和碩,51,1,50,康和-嘉義,2023-08-10,8459
2913,農林,55,7,48,康和-嘉義,2023-08-10,8459
5469,瀚宇博,46,3,43,康和-嘉義,2023-08-10,8459
2610,華航,193,155,38,康和-嘉義,2023-08-10,8459
1802,台玻,41,5,36,康和-嘉義,2023-08-10,8459
2535,達欣工,34,0,34,康和-嘉義,2023-08-10,8459
2316,楠梓電,33,2,31,康和-嘉義,2023-08-10,8459
00893,國泰智能電動車,32,2,30,康和-嘉義,2023-08-10,8459
2485,兆赫,29,0,29,康和-嘉義,2023-08-10,8459
3236,千如,30,1,29,康和-嘉義,2023-08-10,8459
3706,神達,30,2,28,康和-嘉義,2023-08-10,8459
00900,富邦特選高股息30,33,5,28,康和-嘉義,2023-08-10,8459
3581,博磊,33,8,25,康和-嘉義,2023-08-10,8459
2344,華邦電,26,3,23,康和-嘉義,2023-08-10,8459
2356,英業達,45,24,21,康和-嘉義,2023-08-10,8459
2892,第一金,22,1,21,康和-嘉義,2023-08-10,8459
3027,盛達,23,2,21,康和-嘉義,2023-08-10,8459
3037,欣興,35,15,20,康和-嘉義,2023-08-10,8459
4743,合一,21,1,20,康和-嘉義,2023-08-10,8459
9934,成霖,20,0,20,康和-嘉義,2023-08-10,8459
2402,毅嘉,20,1,19,康和-嘉義,2023-08-10,8459
1444,力麗,18,0,18,康和-嘉義,2023-08-10,8459
3032,偉訓,18,0,18,康和-嘉義,2023-08-10,8459
8011,台通,18,0,18,康和-嘉義,2023-08-10,8459
2208,台船,37,20,17,康和-嘉義,2023-08-10,8459
1447,力鵬,16,0,16,康和-嘉義,2023-08-10,8459
3035,智原,18,2,16,康和-嘉義,2023-08-10,8459
00931B,統一美債20年,15,0,15,康和-嘉義,2023-08-10,8459
1609,大亞,14,0,14,康和-嘉義,2023-08-10,8459
2388,威盛,21,7,14,康和-嘉義,2023-08-10,8459
2939,永邑-KY,14,0,14,康和-嘉義,2023-08-10,8459
4157,太景*-KY,14,0,14,康和-嘉義,2023-08-10,8459
2002,中鋼,12,0,12,康和-嘉義,2023-08-10,8459
00673R,期元大S＆P原油反1,12,0,12,康和-嘉義,2023-08-10,8459
2881,富邦金,12,0,12,康和-嘉義,2023-08-10,8459
6116,彩晶,13,1,12,康和-嘉義,2023-08-10,8459
3325,旭品,25,13,12,康和-嘉義,2023-08-10,8459
1504,東元,15,4,11,康和-嘉義,2023-08-10,8459
2340,台亞,14,3,11,康和-嘉義,2023-08-10,8459
3041,揚智,11,0,11,康和-嘉義,2023-08-10,8459
6215,和椿,11,0,11,康和-嘉義,2023-08-10,8459
8215,明基材,11,0,11,康和-嘉義,2023-08-10,8459
2387,精元,306,3,303,康和-嘉義,2023-08-11,8459
00680L,元大美債20正2,178,0,178,康和-嘉義,2023-08-11,8459
6116,彩晶,103,0,103,康和-嘉義,2023-08-11,8459
3043,科風,75,0,75,康和-嘉義,2023-08-11,8459
2892,第一金,77,10,67,康和-嘉義,2023-08-11,8459
2903,遠百,54,0,54,康和-嘉義,2023-08-11,8459
2882,國泰金,50,1,49,康和-嘉義,2023-08-11,8459
1109,信大,41,0,41,康和-嘉義,2023-08-11,8459
1905,華紙,41,5,36,康和-嘉義,2023-08-11,8459
2801,彰銀,35,0,35,康和-嘉義,2023-08-11,8459
1504,東元,45,16,29,康和-嘉義,2023-08-11,8459
2301,光寶科,49,22,27,康和-嘉義,2023-08-11,8459
3481,群創,31,5,26,康和-嘉義,2023-08-11,8459
1409,新纖,25,0,25,康和-嘉義,2023-08-11,8459
6712,長聖,25,1,24,康和-嘉義,2023-08-11,8459
00931B,統一美債20年,23,0,23,康和-嘉義,2023-08-11,8459
1519,華城,44,21,23,康和-嘉義,2023-08-11,8459
00921,兆豐龍頭等權重,20,0,20,康和-嘉義,2023-08-11,8459
2618,長榮航,41,21,20,康和-嘉義,2023-08-11,8459
6770,力積電,19,0,19,康和-嘉義,2023-08-11,8459
5009,榮剛,19,0,19,康和-嘉義,2023-08-11,8459
00929,復華台灣科技優息,16,0,16,康和-嘉義,2023-08-11,8459
1217,愛之味,16,0,16,康和-嘉義,2023-08-11,8459
1444,力麗,16,0,16,康和-嘉義,2023-08-11,8459
3483,力致,18,2,16,康和-嘉義,2023-08-11,8459
00637L,元大滬深300正2,15,0,15,康和-嘉義,2023-08-11,8459
2440,太空梭,15,0,15,康和-嘉義,2023-08-11,8459
3231,緯創,167,152,15,康和-嘉義,2023-08-11,8459
2881,富邦金,18,4,14,康和-嘉義,2023-08-11,8459
3217,優群,15,1,14,康和-嘉義,2023-08-11,8459
2883,凱基金,13,0,13,康和-嘉義,2023-08-11,8459
2421,建準,16,3,13,康和-嘉義,2023-08-11,8459
00882,中信中國高股息,12,0,12,康和-嘉義,2023-08-11,8459
3583,辛耘,23,11,12,康和-嘉義,2023-08-11,8459
2330,台積電,13,1,12,康和-嘉義,2023-08-11,8459
6125,廣運,28,16,12,康和-嘉義,2023-08-11,8459
0056,元大高股息,12,0,12,康和-嘉義,2023-08-11,8459
00720B,元大投資級公司債,11,0,11,康和-嘉義,2023-08-11,8459
6153,嘉聯益,11,0,11,康和-嘉義,2023-08-11,8459
6257,矽格,11,0,11,康和-嘉義,2023-08-11,8459
8069,元太,11,0,11,康和-嘉義,2023-08-11,8459
8215,明基材,17,6,11,康和-嘉義,2023-08-11,8459
2449,京元電子,11,0,11,康和-嘉義,2023-08-11,8459
1795,美時,16,5,11,康和-嘉義,2023-08-11,8459
00923,群益台ESG低碳50,10,0,10,康和-嘉義,2023-08-11,8459
1447,力鵬,10,0,10,康和-嘉義,2023-08-11,8459
2485,兆赫,10,0,10,康和-嘉義,2023-08-11,8459
3025,星通,10,0,10,康和-嘉義,2023-08-11,8459
6190,萬泰科,10,0,10,康和-嘉義,2023-08-11,8459
6284,佳邦,10,0,10,康和-嘉義,2023-08-11,8459
1217,愛之味,301,0,301,康和-嘉義,2023-08-14,8459
2610,華航,276,14,262,康和-嘉義,2023-08-14,8459
2888,新光金,308,50,258,康和-嘉義,2023-08-14,8459
2323,中環,331,85,246,康和-嘉義,2023-08-14,8459
00664R,國泰臺灣加權反1,200,0,200,康和-嘉義,2023-08-14,8459
00900,富邦特選高股息30,142,0,142,康和-嘉義,2023-08-14,8459
00929,復華台灣科技優息,129,0,129,康和-嘉義,2023-08-14,8459
2363,矽統,97,29,68,康和-嘉義,2023-08-14,8459
1609,大亞,82,26,56,康和-嘉義,2023-08-14,8459
2349,錸德,56,2,54,康和-嘉義,2023-08-14,8459
5533,皇鼎,54,0,54,康和-嘉義,2023-08-14,8459
00637L,元大滬深300正2,50,5,45,康和-嘉義,2023-08-14,8459
3043,科風,45,0,45,康和-嘉義,2023-08-14,8459
00923,群益台ESG低碳50,41,0,41,康和-嘉義,2023-08-14,8459
6215,和椿,41,2,39,康和-嘉義,2023-08-14,8459
2883,凱基金,38,0,38,康和-嘉義,2023-08-14,8459
00882,中信中國高股息,36,0,36,康和-嘉義,2023-08-14,8459
00752,中信中國50,35,0,35,康和-嘉義,2023-08-14,8459
00878,國泰永續高股息,38,5,33,康和-嘉義,2023-08-14,8459
3483,力致,44,14,30,康和-嘉義,2023-08-14,8459
2913,農林,26,1,25,康和-嘉義,2023-08-14,8459
8215,明基材,24,0,24,康和-嘉義,2023-08-14,8459
2488,漢平,23,0,23,康和-嘉義,2023-08-14,8459
6613,朋億*,23,0,23,康和-嘉義,2023-08-14,8459
2890,永豐金,22,0,22,康和-嘉義,2023-08-14,8459
1312,國喬,21,0,21,康和-嘉義,2023-08-14,8459
2301,光寶科,47,26,21,康和-嘉義,2023-08-14,8459
6016,康和證,24,3,21,康和-嘉義,2023-08-14,8459
2382,廣達,121,101,20,康和-嘉義,2023-08-14,8459
00921,兆豐龍頭等權重,20,0,20,康和-嘉義,2023-08-14,8459
00669R,國泰美國道瓊反1,20,0,20,康和-嘉義,2023-08-14,8459
1731,美吾華,20,0,20,康和-嘉義,2023-08-14,8459
2208,台船,20,0,20,康和-嘉義,2023-08-14,8459
6203,海韻電,41,21,20,康和-嘉義,2023-08-14,8459
2897,王道銀行,19,0,19,康和-嘉義,2023-08-14,8459
2348,海悅,17,0,17,康和-嘉義,2023-08-14,8459
2356,英業達,81,64,17,康和-嘉義,2023-08-14,8459
6472,保瑞,21,4,17,康和-嘉義,2023-08-14,8459
2002,中鋼,16,1,15,康和-嘉義,2023-08-14,8459
4123,晟德,21,6,15,康和-嘉義,2023-08-14,8459
1802,台玻,17,2,15,康和-嘉義,2023-08-14,8459
1513,中興電,20,6,14,康和-嘉義,2023-08-14,8459
3706,神達,17,3,14,康和-嘉義,2023-08-14,8459
2353,宏��,19,6,13,康和-嘉義,2023-08-14,8459
6274,台燿,18,5,13,康和-嘉義,2023-08-14,8459
6770,力積電,17,5,12,康和-嘉義,2023-08-14,8459
00893,國泰智能電動車,12,0,12,康和-嘉義,2023-08-14,8459
3231,緯創,179,168,11,康和-嘉義,2023-08-14,8459
2368,金像電,26,15,11,康和-嘉義,2023-08-14,8459
2707,晶華,13,2,11,康和-嘉義,2023-08-14,8459
2488,漢平,239,5,234,康和-嘉義,2023-08-15,8459
5469,瀚宇博,197,23,174,康和-嘉義,2023-08-15,8459
00929,復華台灣科技優息,139,4,135,康和-嘉義,2023-08-15,8459
00923,群益台ESG低碳50,94,0,94,康和-嘉義,2023-08-15,8459
6613,朋億*,88,1,87,康和-嘉義,2023-08-15,8459
2323,中環,73,8,65,康和-嘉義,2023-08-15,8459
00900,富邦特選高股息30,63,0,63,康和-嘉義,2023-08-15,8459
2884,玉山金,56,0,56,康和-嘉義,2023-08-15,8459
2834,臺企銀,43,0,43,康和-嘉義,2023-08-15,8459
00931B,統一美債20年,52,10,42,康和-嘉義,2023-08-15,8459
2317,鴻海,43,3,40,康和-嘉義,2023-08-15,8459
2883,凱基金,40,0,40,康和-嘉義,2023-08-15,8459
3231,緯創,146,114,32,康和-嘉義,2023-08-15,8459
00878,國泰永續高股息,36,5,31,康和-嘉義,2023-08-15,8459
2845,遠東銀,30,0,30,康和-嘉義,2023-08-15,8459
3481,群創,30,2,28,康和-嘉義,2023-08-15,8459
3163,波若威,42,21,21,康和-嘉義,2023-08-15,8459
1312,國喬,20,0,20,康和-嘉義,2023-08-15,8459
3051,力特,20,0,20,康和-嘉義,2023-08-15,8459
00885,富邦越南,22,4,18,康和-嘉義,2023-08-15,8459
2324,仁寶,271,254,17,康和-嘉義,2023-08-15,8459
00680L,元大美債20正2,16,0,16,康和-嘉義,2023-08-15,8459
4743,合一,15,1,14,康和-嘉義,2023-08-15,8459
1609,大亞,15,2,13,康和-嘉義,2023-08-15,8459
2014,中鴻,12,0,12,康和-嘉義,2023-08-15,8459
2887,台新金,12,0,12,康和-嘉義,2023-08-15,8459
3025,星通,12,0,12,康和-嘉義,2023-08-15,8459
3689,湧德,12,0,12,康和-嘉義,2023-08-15,8459
2312,金寶,22,11,11,康和-嘉義,2023-08-15,8459
2458,義隆,11,0,11,康和-嘉義,2023-08-15,8459
00712,復華富時不動產,10,0,10,康和-嘉義,2023-08-15,8459
00892,富邦台灣半導體,10,0,10,康和-嘉義,2023-08-15,8459
1217,愛之味,10,0,10,康和-嘉義,2023-08-15,8459
00665L,富邦�琤肭磪囓�2,10,0,10,康和-嘉義,2023-08-15,8459
00715L,期街口布蘭特正2,10,0,10,康和-嘉義,2023-08-15,8459
00907,永豐優息存股,10,0,10,康和-嘉義,2023-08-15,8459
2108,南帝,10,0,10,康和-嘉義,2023-08-15,8459
2388,威盛,17,7,10,康和-嘉義,2023-08-15,8459
2640,大車隊,10,0,10,康和-嘉義,2023-08-15,8459
3014,聯陽,11,1,10,康和-嘉義,2023-08-15,8459
4128,中天,10,0,10,康和-嘉義,2023-08-15,8459
6115,鎰勝,10,0,10,康和-嘉義,2023-08-15,8459
2603,長榮,9,0,9,康和-嘉義,2023-08-15,8459
3017,奇鋐,20,11,9,康和-嘉義,2023-08-15,8459
4916,事欣科,12,4,8,康和-嘉義,2023-08-15,8459
2002,中鋼,8,0,8,康和-嘉義,2023-08-15,8459
1102,亞泥,8,0,8,康和-嘉義,2023-08-15,8459
2939,永邑-KY,8,0,8,康和-嘉義,2023-08-15,8459
6712,長聖,10,2,8,康和-嘉義,2023-08-15,8459
2103,台橡,7,0,7,康和-嘉義,2023-08-15,8459
2488,漢平,171,0,171,康和-嘉義,2023-08-16,8459
2880,華南金,356,203,153,康和-嘉義,2023-08-16,8459
2409,友達,107,0,107,康和-嘉義,2023-08-16,8459
00664R,國泰臺灣加權反1,100,0,100,康和-嘉義,2023-08-16,8459
2323,中環,110,24,86,康和-嘉義,2023-08-16,8459
1101,台泥,70,2,68,康和-嘉義,2023-08-16,8459
2618,長榮航,71,4,67,康和-嘉義,2023-08-16,8459
00929,復華台灣科技優息,68,8,60,康和-嘉義,2023-08-16,8459
1612,宏泰,50,0,50,康和-嘉義,2023-08-16,8459
6016,康和證,50,0,50,康和-嘉義,2023-08-16,8459
2606,裕民,40,0,40,康和-嘉義,2023-08-16,8459
4128,中天,31,1,30,康和-嘉義,2023-08-16,8459
8390,金益鼎,30,1,29,康和-嘉義,2023-08-16,8459
00712,復華富時不動產,24,0,24,康和-嘉義,2023-08-16,8459
2890,永豐金,24,0,24,康和-嘉義,2023-08-16,8459
1909,榮成,20,0,20,康和-嘉義,2023-08-16,8459
2340,台亞,21,1,20,康和-嘉義,2023-08-16,8459
4714,永捷,20,0,20,康和-嘉義,2023-08-16,8459
3715,定穎投控,28,9,19,康和-嘉義,2023-08-16,8459
2867,三商壽,19,0,19,康和-嘉義,2023-08-16,8459
5227,立凱-KY,19,0,19,康和-嘉義,2023-08-16,8459
00923,群益台ESG低碳50,17,0,17,康和-嘉義,2023-08-16,8459
6116,彩晶,17,0,17,康和-嘉義,2023-08-16,8459
1720,生達,17,0,17,康和-嘉義,2023-08-16,8459
6215,和椿,17,2,15,康和-嘉義,2023-08-16,8459
2344,華邦電,15,1,14,康和-嘉義,2023-08-16,8459
3706,神達,16,3,13,康和-嘉義,2023-08-16,8459
5483,中美晶,14,2,12,康和-嘉義,2023-08-16,8459
6274,台燿,33,21,12,康和-嘉義,2023-08-16,8459
00878,國泰永續高股息,20,9,11,康和-嘉義,2023-08-16,8459
00772B,中信高評級公司債,11,0,11,康和-嘉義,2023-08-16,8459
3481,群創,21,10,11,康和-嘉義,2023-08-16,8459
2356,英業達,44,33,11,康和-嘉義,2023-08-16,8459
6218,豪勉,11,0,11,康和-嘉義,2023-08-16,8459
2317,鴻海,11,1,10,康和-嘉義,2023-08-16,8459
2801,彰銀,10,0,10,康和-嘉義,2023-08-16,8459
3567,逸昌,13,3,10,康和-嘉義,2023-08-16,8459
3581,博磊,11,1,10,康和-嘉義,2023-08-16,8459
3596,智易,10,0,10,康和-嘉義,2023-08-16,8459
2421,建準,69,59,10,康和-嘉義,2023-08-16,8459
2886,兆豐金,9,0,9,康和-嘉義,2023-08-16,8459
2206,三陽工業,57,48,9,康和-嘉義,2023-08-16,8459
00720B,元大投資級公司債,9,0,9,康和-嘉義,2023-08-16,8459
1905,華紙,11,2,9,康和-嘉義,2023-08-16,8459
2208,台船,9,0,9,康和-嘉義,2023-08-16,8459
3308,聯德,13,4,9,康和-嘉義,2023-08-16,8459
3483,力致,25,16,9,康和-嘉義,2023-08-16,8459
1710,東聯,8,0,8,康和-嘉義,2023-08-16,8459
1802,台玻,21,14,7,康和-嘉義,2023-08-16,8459
1409,新纖,7,0,7,康和-嘉義,2023-08-16,8459
00688L,國泰20年美債正2,759,0,759,康和-嘉義,2023-08-17,8459
3231,緯創,346,157,189,康和-嘉義,2023-08-17,8459
5210,寶碩,78,0,78,康和-嘉義,2023-08-17,8459
2618,長榮航,68,16,52,康和-嘉義,2023-08-17,8459
1101,台泥,66,16,50,康和-嘉義,2023-08-17,8459
2801,彰銀,44,0,44,康和-嘉義,2023-08-17,8459
00772B,中信高評級公司債,38,0,38,康和-嘉義,2023-08-17,8459
6274,台燿,80,43,37,康和-嘉義,2023-08-17,8459
5425,台半,45,11,34,康和-嘉義,2023-08-17,8459
2888,新光金,32,1,31,康和-嘉義,2023-08-17,8459
2607,榮運,26,0,26,康和-嘉義,2023-08-17,8459
5469,瀚宇博,48,24,24,康和-嘉義,2023-08-17,8459
3044,健鼎,50,27,23,康和-嘉義,2023-08-17,8459
8358,金居,69,46,23,康和-嘉義,2023-08-17,8459
2610,華航,124,102,22,康和-嘉義,2023-08-17,8459
00882,中信中國高股息,22,0,22,康和-嘉義,2023-08-17,8459
00715L,期街口布蘭特正2,22,0,22,康和-嘉義,2023-08-17,8459
2387,精元,29,8,21,康和-嘉義,2023-08-17,8459
2312,金寶,25,5,20,康和-嘉義,2023-08-17,8459
2356,英業達,194,174,20,康和-嘉義,2023-08-17,8459
00712,復華富時不動產,21,3,18,康和-嘉義,2023-08-17,8459
3163,波若威,79,61,18,康和-嘉義,2023-08-17,8459
3583,辛耘,34,17,17,康和-嘉義,2023-08-17,8459
00753L,中信中國50正2,17,0,17,康和-嘉義,2023-08-17,8459
00929,復華台灣科技優息,17,0,17,康和-嘉義,2023-08-17,8459
2535,達欣工,17,0,17,康和-嘉義,2023-08-17,8459
2609,陽明,64,47,17,康和-嘉義,2023-08-17,8459
2002,中鋼,17,1,16,康和-嘉義,2023-08-17,8459
2603,長榮,21,6,15,康和-嘉義,2023-08-17,8459
1109,信大,15,0,15,康和-嘉義,2023-08-17,8459
2324,仁寶,162,147,15,康和-嘉義,2023-08-17,8459
6223,旺矽,15,0,15,康和-嘉義,2023-08-17,8459
2382,廣達,239,225,14,康和-嘉義,2023-08-17,8459
00720B,元大投資級公司債,14,0,14,康和-嘉義,2023-08-17,8459
2883,凱基金,18,5,13,康和-嘉義,2023-08-17,8459
2303,聯電,69,56,13,康和-嘉義,2023-08-17,8459
2891,中信金,14,1,13,康和-嘉義,2023-08-17,8459
2409,友達,19,7,12,康和-嘉義,2023-08-17,8459
4938,和碩,12,0,12,康和-嘉義,2023-08-17,8459
5516,雙喜,12,0,12,康和-嘉義,2023-08-17,8459
6770,力積電,13,2,11,康和-嘉義,2023-08-17,8459
3043,科風,17,6,11,康和-嘉義,2023-08-17,8459
8050,廣積,18,8,10,康和-嘉義,2023-08-17,8459
1909,榮成,10,0,10,康和-嘉義,2023-08-17,8459
00893,國泰智能電動車,10,0,10,康和-嘉義,2023-08-17,8459
00637L,元大滬深300正2,10,0,10,康和-嘉義,2023-08-17,8459
2867,三商壽,26,16,10,康和-嘉義,2023-08-17,8459
4908,前鼎,10,0,10,康和-嘉義,2023-08-17,8459
6203,海韻電,20,10,10,康和-嘉義,2023-08-17,8459
6266,泰詠,10,0,10,康和-嘉義,2023-08-17,8459
3231,緯創,190,77,113,康和-嘉義,2023-08-18,8459
2363,矽統,588,497,91,康和-嘉義,2023-08-18,8459
2323,中環,91,21,70,康和-嘉義,2023-08-18,8459
2313,華通,65,0,65,康和-嘉義,2023-08-18,8459
3707,漢磊,65,4,61,康和-嘉義,2023-08-18,8459
1217,愛之味,60,0,60,康和-嘉義,2023-08-18,8459
00929,復華台灣科技優息,51,0,51,康和-嘉義,2023-08-18,8459
6235,華孚,90,39,51,康和-嘉義,2023-08-18,8459
2356,英業達,136,87,49,康和-嘉義,2023-08-18,8459
1609,大亞,51,6,45,康和-嘉義,2023-08-18,8459
8215,明基材,47,3,44,康和-嘉義,2023-08-18,8459
2618,長榮航,62,20,42,康和-嘉義,2023-08-18,8459
00720B,元大投資級公司債,38,0,38,康和-嘉義,2023-08-18,8459
3706,神達,297,266,31,康和-嘉義,2023-08-18,8459
2382,廣達,272,246,26,康和-嘉義,2023-08-18,8459
00712,復華富時不動產,25,0,25,康和-嘉義,2023-08-18,8459
00687B,國泰20年美債,30,6,24,康和-嘉義,2023-08-18,8459
1905,華紙,26,3,23,康和-嘉義,2023-08-18,8459
2832,台產,24,1,23,康和-嘉義,2023-08-18,8459
4767,誠泰科技,23,0,23,康和-嘉義,2023-08-18,8459
00921,兆豐龍頭等權重,20,0,20,康和-嘉義,2023-08-18,8459
2324,仁寶,99,79,20,康和-嘉義,2023-08-18,8459
2415,錩新,20,0,20,康和-嘉義,2023-08-18,8459
2881,富邦金,19,1,18,康和-嘉義,2023-08-18,8459
3624,光頡,23,5,18,康和-嘉義,2023-08-18,8459
1101,台泥,17,3,14,康和-嘉義,2023-08-18,8459
00878,國泰永續高股息,33,19,14,康和-嘉義,2023-08-18,8459
00885,富邦越南,15,1,14,康和-嘉義,2023-08-18,8459
2402,毅嘉,20,6,14,康和-嘉義,2023-08-18,8459
2886,兆豐金,13,0,13,康和-嘉義,2023-08-18,8459
1777,生泰,13,0,13,康和-嘉義,2023-08-18,8459
6274,台燿,58,46,12,康和-嘉義,2023-08-18,8459
00893,國泰智能電動車,11,0,11,康和-嘉義,2023-08-18,8459
2340,台亞,21,10,11,康和-嘉義,2023-08-18,8459
3078,僑威,23,12,11,康和-嘉義,2023-08-18,8459
2301,光寶科,130,120,10,康和-嘉義,2023-08-18,8459
00753L,中信中國50正2,10,0,10,康和-嘉義,2023-08-18,8459
1310,台苯,10,0,10,康和-嘉義,2023-08-18,8459
3019,亞光,10,0,10,康和-嘉義,2023-08-18,8459
3071,協禧,11,1,10,康和-嘉義,2023-08-18,8459
3363,上詮,12,2,10,康和-嘉義,2023-08-18,8459
4714,永捷,10,0,10,康和-嘉義,2023-08-18,8459
6116,彩晶,11,1,10,康和-嘉義,2023-08-18,8459
6167,久正,10,0,10,康和-嘉義,2023-08-18,8459
2329,華泰,487,477,10,康和-嘉義,2023-08-18,8459
2409,友達,9,0,9,康和-嘉義,2023-08-18,8459
1460,宏遠,9,0,9,康和-嘉義,2023-08-18,8459
2388,威盛,16,7,9,康和-嘉義,2023-08-18,8459
5227,立凱-KY,9,0,9,康和-嘉義,2023-08-18,8459
6158,禾昌,10,1,9,康和-嘉義,2023-08-18,8459
00688L,國泰20年美債正2,401,0,401,康和-嘉義,2023-08-21,8459
2610,華航,75,3,72,康和-嘉義,2023-08-21,8459
2356,英業達,279,220,59,康和-嘉義,2023-08-21,8459
2516,新建,50,0,50,康和-嘉義,2023-08-21,8459
4552,力達-KY,44,0,44,康和-嘉義,2023-08-21,8459
3706,神達,44,9,35,康和-嘉義,2023-08-21,8459
2329,華泰,68,37,31,康和-嘉義,2023-08-21,8459
4746,台耀,49,18,31,康和-嘉義,2023-08-21,8459
00715L,期街口布蘭特正2,30,2,28,康和-嘉義,2023-08-21,8459
2421,建準,85,60,25,康和-嘉義,2023-08-21,8459
4707,磐亞,25,0,25,康和-嘉義,2023-08-21,8459
8046,南電,38,13,25,康和-嘉義,2023-08-21,8459
6285,啟��,44,20,24,康和-嘉義,2023-08-21,8459
3231,緯創,162,140,22,康和-嘉義,2023-08-21,8459
2892,第一金,21,0,21,康和-嘉義,2023-08-21,8459
2382,廣達,107,87,20,康和-嘉義,2023-08-21,8459
2609,陽明,20,0,20,康和-嘉義,2023-08-21,8459
3483,力致,91,73,18,康和-嘉義,2023-08-21,8459
2402,毅嘉,20,2,18,康和-嘉義,2023-08-21,8459
00885,富邦越南,17,1,16,康和-嘉義,2023-08-21,8459
00882,中信中國高股息,15,0,15,康和-嘉義,2023-08-21,8459
00720B,元大投資級公司債,15,0,15,康和-嘉義,2023-08-21,8459
2801,彰銀,15,0,15,康和-嘉義,2023-08-21,8459
6770,力積電,13,1,12,康和-嘉義,2023-08-21,8459
3037,欣興,24,12,12,康和-嘉義,2023-08-21,8459
3715,定穎投控,37,25,12,康和-嘉義,2023-08-21,8459
6163,華電網,12,0,12,康和-嘉義,2023-08-21,8459
6215,和椿,12,0,12,康和-嘉義,2023-08-21,8459
00712,復華富時不動產,11,0,11,康和-嘉義,2023-08-21,8459
1339,昭輝,11,0,11,康和-嘉義,2023-08-21,8459
2027,大成鋼,11,0,11,康和-嘉義,2023-08-21,8459
2324,仁寶,57,46,11,康和-嘉義,2023-08-21,8459
4906,正文,20,10,10,康和-嘉義,2023-08-21,8459
00878,國泰永續高股息,12,2,10,康和-嘉義,2023-08-21,8459
00687B,國泰20年美債,10,0,10,康和-嘉義,2023-08-21,8459
1460,宏遠,10,0,10,康和-嘉義,2023-08-21,8459
00680L,元大美債20正2,10,0,10,康和-嘉義,2023-08-21,8459
2606,裕民,25,15,10,康和-嘉義,2023-08-21,8459
3052,夆典,10,0,10,康和-嘉義,2023-08-21,8459
2605,新興,11,2,9,康和-嘉義,2023-08-21,8459
8210,勤誠,10,1,9,康和-嘉義,2023-08-21,8459
3017,奇鋐,10,1,9,康和-嘉義,2023-08-21,8459
6167,久正,9,0,9,康和-嘉義,2023-08-21,8459
6206,飛捷,9,0,9,康和-嘉義,2023-08-21,8459
00725B,國泰投資級公司債,8,0,8,康和-嘉義,2023-08-21,8459
1720,生達,8,0,8,康和-嘉義,2023-08-21,8459
1777,生泰,8,0,8,康和-嘉義,2023-08-21,8459
1609,大亞,10,2,8,康和-嘉義,2023-08-21,8459
2313,華通,9,2,7,康和-嘉義,2023-08-21,8459
00753L,中信中國50正2,7,0,7,康和-嘉義,2023-08-21,8459
6125,廣運,156,46,110,康和-嘉義,2023-08-22,8459
2382,廣達,327,241,86,康和-嘉義,2023-08-22,8459
2363,矽統,588,515,73,康和-嘉義,2023-08-22,8459
3689,湧德,68,3,65,康和-嘉義,2023-08-22,8459
2324,仁寶,127,82,45,康和-嘉義,2023-08-22,8459
2618,長榮航,127,90,37,康和-嘉義,2023-08-22,8459
4552,力達-KY,37,0,37,康和-嘉義,2023-08-22,8459
2301,光寶科,266,230,36,康和-嘉義,2023-08-22,8459
00712,復華富時不動產,30,0,30,康和-嘉義,2023-08-22,8459
6215,和椿,25,0,25,康和-嘉義,2023-08-22,8459
6613,朋億*,23,0,23,康和-嘉義,2023-08-22,8459
6108,競國,21,0,21,康和-嘉義,2023-08-22,8459
6275,元山,27,6,21,康和-嘉義,2023-08-22,8459
2511,太子,20,0,20,康和-嘉義,2023-08-22,8459
8215,明基材,23,3,20,康和-嘉義,2023-08-22,8459
2515,中工,16,0,16,康和-嘉義,2023-08-22,8459
00633L,富邦上証正2,15,0,15,康和-嘉義,2023-08-22,8459
3013,晟銘電,49,35,14,康和-嘉義,2023-08-22,8459
6712,長聖,11,0,11,康和-嘉義,2023-08-22,8459
2886,兆豐金,11,0,11,康和-嘉義,2023-08-22,8459
1504,東元,18,8,10,康和-嘉義,2023-08-22,8459
2369,菱生,10,0,10,康和-嘉義,2023-08-22,8459
4128,中天,10,0,10,康和-嘉義,2023-08-22,8459
4532,瑞智,10,0,10,康和-嘉義,2023-08-22,8459
4714,永捷,10,0,10,康和-嘉義,2023-08-22,8459
5328,華容,10,0,10,康和-嘉義,2023-08-22,8459
6231,系微,11,1,10,康和-嘉義,2023-08-22,8459
6266,泰詠,10,0,10,康和-嘉義,2023-08-22,8459
6139,亞翔,21,12,9,康和-嘉義,2023-08-22,8459
00679B,元大美債20年,8,0,8,康和-嘉義,2023-08-22,8459
6005,群益證,7,0,7,康和-嘉義,2023-08-22,8459
1339,昭輝,7,0,7,康和-嘉義,2023-08-22,8459
3032,偉訓,8,1,7,康和-嘉義,2023-08-22,8459
3363,上詮,11,4,7,康和-嘉義,2023-08-22,8459
8150,南茂,7,0,7,康和-嘉義,2023-08-22,8459
2645,長榮航太,8,2,6,康和-嘉義,2023-08-22,8459
6282,康舒,25,19,6,康和-嘉義,2023-08-22,8459
3008,大立光,6,0,6,康和-嘉義,2023-08-22,8459
1714,和桐,6,0,6,康和-嘉義,2023-08-22,8459
4543,萬在,13,7,6,康和-嘉義,2023-08-22,8459
00680L,元大美債20正2,6,0,6,康和-嘉義,2023-08-22,8459
00897,富邦基因免疫生技,6,0,6,康和-嘉義,2023-08-22,8459
1710,東聯,6,0,6,康和-嘉義,2023-08-22,8459
2059,川湖,6,0,6,康和-嘉義,2023-08-22,8459
2211,長榮鋼,7,1,6,康和-嘉義,2023-08-22,8459
1513,中興電,14,9,5,康和-嘉義,2023-08-22,8459
2888,新光金,5,0,5,康和-嘉義,2023-08-22,8459
6234,高僑,5,0,5,康和-嘉義,2023-08-22,8459
00919,群益台灣精選高息,5,0,5,康和-嘉義,2023-08-22,8459
1101,台泥,5,0,5,康和-嘉義,2023-08-22,8459
2610,華航,104,3,101,康和-嘉義,2023-08-23,8459
2618,長榮航,172,92,80,康和-嘉義,2023-08-23,8459
4552,力達-KY,54,0,54,康和-嘉義,2023-08-23,8459
6282,康舒,72,28,44,康和-嘉義,2023-08-23,8459
8358,金居,47,6,41,康和-嘉義,2023-08-23,8459
2332,友訊,68,30,38,康和-嘉義,2023-08-23,8459
2883,凱基金,35,1,34,康和-嘉義,2023-08-23,8459
8390,金益鼎,32,5,27,康和-嘉義,2023-08-23,8459
2605,新興,33,6,27,康和-嘉義,2023-08-23,8459
6275,元山,66,39,27,康和-嘉義,2023-08-23,8459
00878,國泰永續高股息,31,5,26,康和-嘉義,2023-08-23,8459
2609,陽明,28,3,25,康和-嘉義,2023-08-23,8459
4906,正文,28,7,21,康和-嘉義,2023-08-23,8459
3715,定穎投控,75,54,21,康和-嘉義,2023-08-23,8459
1609,大亞,21,1,20,康和-嘉義,2023-08-23,8459
2383,台光電,32,12,20,康和-嘉義,2023-08-23,8459
4126,太醫,20,0,20,康和-嘉義,2023-08-23,8459
2356,英業達,41,22,19,康和-嘉義,2023-08-23,8459
2634,漢翔,186,169,17,康和-嘉義,2023-08-23,8459
2421,建準,31,16,15,康和-嘉義,2023-08-23,8459
2884,玉山金,16,2,14,康和-嘉義,2023-08-23,8459
2002,中鋼,14,0,14,康和-嘉義,2023-08-23,8459
1101,台泥,13,0,13,康和-嘉義,2023-08-23,8459
3163,波若威,17,4,13,康和-嘉義,2023-08-23,8459
2303,聯電,30,18,12,康和-嘉義,2023-08-23,8459
2939,永邑-KY,12,0,12,康和-嘉義,2023-08-23,8459
4960,誠美材,15,3,12,康和-嘉義,2023-08-23,8459
5465,富驊,11,0,11,康和-嘉義,2023-08-23,8459
1905,華紙,13,3,10,康和-嘉義,2023-08-23,8459
00715L,期街口布蘭特正2,10,0,10,康和-嘉義,2023-08-23,8459
3013,晟銘電,108,98,10,康和-嘉義,2023-08-23,8459
3323,加百裕,10,0,10,康和-嘉義,2023-08-23,8459
3707,漢磊,10,0,10,康和-嘉義,2023-08-23,8459
4167,松瑞藥,13,3,10,康和-嘉義,2023-08-23,8459
5009,榮剛,10,0,10,康和-嘉義,2023-08-23,8459
00712,復華富時不動產,9,0,9,康和-嘉義,2023-08-23,8459
2486,一詮,21,12,9,康和-嘉義,2023-08-23,8459
6203,海韻電,10,1,9,康和-嘉義,2023-08-23,8459
1795,美時,8,0,8,康和-嘉義,2023-08-23,8459
2615,萬海,9,1,8,康和-嘉義,2023-08-23,8459
2449,京元電子,98,90,8,康和-嘉義,2023-08-23,8459
3042,晶技,9,1,8,康和-嘉義,2023-08-23,8459
1802,台玻,8,1,7,康和-嘉義,2023-08-23,8459
6122,擎邦,7,0,7,康和-嘉義,2023-08-23,8459
6016,康和證,7,1,6,康和-嘉義,2023-08-23,8459
3071,協禧,24,18,6,康和-嘉義,2023-08-23,8459
3078,僑威,6,0,6,康和-嘉義,2023-08-23,8459
3290,東浦,6,0,6,康和-嘉義,2023-08-23,8459
5371,中光電,7,1,6,康和-嘉義,2023-08-23,8459
6191,精成科,6,0,6,康和-嘉義,2023-08-23,8459
2888,新光金,100,0,100,康和-嘉義,2023-08-24,8459
8467,波力-KY,95,0,95,康和-嘉義,2023-08-24,8459
3037,欣興,188,107,81,康和-嘉義,2023-08-24,8459
2421,建準,112,55,57,康和-嘉義,2023-08-24,8459
00665L,富邦�琤肭磪囓�2,50,2,48,康和-嘉義,2023-08-24,8459
2883,凱基金,41,0,41,康和-嘉義,2023-08-24,8459
6190,萬泰科,40,0,40,康和-嘉義,2023-08-24,8459
00632R,元大台灣50反1,55,20,35,康和-嘉義,2023-08-24,8459
2892,第一金,33,0,33,康和-嘉義,2023-08-24,8459
2615,萬海,33,0,33,康和-嘉義,2023-08-24,8459
1905,華紙,31,1,30,康和-嘉義,2023-08-24,8459
5410,國眾,32,2,30,康和-嘉義,2023-08-24,8459
2885,元大金,30,0,30,康和-嘉義,2023-08-24,8459
3257,虹冠電,30,2,28,康和-嘉義,2023-08-24,8459
3051,力特,27,2,25,康和-嘉義,2023-08-24,8459
2363,矽統,303,282,21,康和-嘉義,2023-08-24,8459
2344,華邦電,32,11,21,康和-嘉義,2023-08-24,8459
1460,宏遠,20,0,20,康和-嘉義,2023-08-24,8459
3305,昇貿,21,1,20,康和-嘉義,2023-08-24,8459
00712,復華富時不動產,22,3,19,康和-嘉義,2023-08-24,8459
3017,奇鋐,21,2,19,康和-嘉義,2023-08-24,8459
3078,僑威,27,8,19,康和-嘉義,2023-08-24,8459
2645,長榮航太,21,3,18,康和-嘉義,2023-08-24,8459
6125,廣運,33,15,18,康和-嘉義,2023-08-24,8459
6451,訊芯-KY,18,0,18,康和-嘉義,2023-08-24,8459
3324,雙鴻,29,12,17,康和-嘉義,2023-08-24,8459
2449,京元電子,52,36,16,康和-嘉義,2023-08-24,8459
2368,金像電,23,7,16,康和-嘉義,2023-08-24,8459
3013,晟銘電,50,35,15,康和-嘉義,2023-08-24,8459
2211,長榮鋼,15,1,14,康和-嘉義,2023-08-24,8459
2882,國泰金,18,5,13,康和-嘉義,2023-08-24,8459
2609,陽明,15,2,13,康和-嘉義,2023-08-24,8459
1101,台泥,13,0,13,康和-嘉義,2023-08-24,8459
2324,仁寶,45,33,12,康和-嘉義,2023-08-24,8459
4979,華星光,36,24,12,康和-嘉義,2023-08-24,8459
2834,臺企銀,17,7,10,康和-嘉義,2023-08-24,8459
2515,中工,10,0,10,康和-嘉義,2023-08-24,8459
2630,亞航,12,2,10,康和-嘉義,2023-08-24,8459
6168,宏齊,11,1,10,康和-嘉義,2023-08-24,8459
8930,青鋼,10,0,10,康和-嘉義,2023-08-24,8459
1504,東元,19,10,9,康和-嘉義,2023-08-24,8459
2419,仲琦,25,16,9,康和-嘉義,2023-08-24,8459
5340,建榮,9,0,9,康和-嘉義,2023-08-24,8459
6139,亞翔,10,1,9,康和-嘉義,2023-08-24,8459
6274,台燿,24,15,9,康和-嘉義,2023-08-24,8459
2103,台橡,8,0,8,康和-嘉義,2023-08-24,8459
3576,聯合再生,8,0,8,康和-嘉義,2023-08-24,8459
6122,擎邦,8,0,8,康和-嘉義,2023-08-24,8459
2436,偉詮電,7,0,7,康和-嘉義,2023-08-24,8459
2618,長榮航,24,17,7,康和-嘉義,2023-08-24,8459
00688L,國泰20年美債正2,200,0,200,康和-嘉義,2023-08-25,8459
3231,緯創,274,166,108,康和-嘉義,2023-08-25,8459
4906,正文,113,44,69,康和-嘉義,2023-08-25,8459
2834,臺企銀,55,6,49,康和-嘉義,2023-08-25,8459
00878,國泰永續高股息,53,10,43,康和-嘉義,2023-08-25,8459
2382,廣達,212,177,35,康和-嘉義,2023-08-25,8459
2880,華南金,34,0,34,康和-嘉義,2023-08-25,8459
2618,長榮航,48,15,33,康和-嘉義,2023-08-25,8459
2363,矽統,356,325,31,康和-嘉義,2023-08-25,8459
1402,遠東新,30,0,30,康和-嘉義,2023-08-25,8459
2388,威盛,115,87,28,康和-嘉義,2023-08-25,8459
3051,力特,26,0,26,康和-嘉義,2023-08-25,8459
2356,英業達,67,46,21,康和-嘉義,2023-08-25,8459
2867,三商壽,20,0,20,康和-嘉義,2023-08-25,8459
2704,國賓,20,0,20,康和-嘉義,2023-08-25,8459
6541,泰福-KY,20,0,20,康和-嘉義,2023-08-25,8459
5227,立凱-KY,18,0,18,康和-嘉義,2023-08-25,8459
2883,凱基金,19,2,17,康和-嘉義,2023-08-25,8459
00919,群益台灣精選高息,16,0,16,康和-嘉義,2023-08-25,8459
6282,康舒,35,19,16,康和-嘉義,2023-08-25,8459
00757,統一FANG+,14,0,14,康和-嘉義,2023-08-25,8459
2303,聯電,15,3,12,康和-嘉義,2023-08-25,8459
2301,光寶科,36,24,12,康和-嘉義,2023-08-25,8459
5608,四維航,15,3,12,康和-嘉義,2023-08-25,8459
2208,台船,12,0,12,康和-嘉義,2023-08-25,8459
00893,國泰智能電動車,11,0,11,康和-嘉義,2023-08-25,8459
6168,宏齊,15,4,11,康和-嘉義,2023-08-25,8459
2331,精英,46,35,11,康和-嘉義,2023-08-25,8459
1477,聚陽,11,1,10,康和-嘉義,2023-08-25,8459
1314,中石化,10,0,10,康和-嘉義,2023-08-25,8459
00633L,富邦上証正2,10,0,10,康和-嘉義,2023-08-25,8459
2349,錸德,10,0,10,康和-嘉義,2023-08-25,8459
8215,明基材,24,14,10,康和-嘉義,2023-08-25,8459
00923,群益台ESG低碳50,9,0,9,康和-嘉義,2023-08-25,8459
2014,中鴻,10,1,9,康和-嘉義,2023-08-25,8459
2323,中環,10,1,9,康和-嘉義,2023-08-25,8459
2330,台積電,12,3,9,康和-嘉義,2023-08-25,8459
3042,晶技,9,1,8,康和-嘉義,2023-08-25,8459
3483,力致,13,5,8,康和-嘉義,2023-08-25,8459
2002,中鋼,8,0,8,康和-嘉義,2023-08-25,8459
00881,國泰台灣5G+,7,0,7,康和-嘉義,2023-08-25,8459
00830,國泰費城半導體,7,0,7,康和-嘉義,2023-08-25,8459
2329,華泰,65,58,7,康和-嘉義,2023-08-25,8459
2645,長榮航太,9,2,7,康和-嘉義,2023-08-25,8459
3052,夆典,8,1,7,康和-嘉義,2023-08-25,8459
0056,元大高股息,11,5,6,康和-嘉義,2023-08-25,8459
2344,華邦電,7,1,6,康和-嘉義,2023-08-25,8459
020022,元大電動車N,6,0,6,康和-嘉義,2023-08-25,8459
1471,首利,7,1,6,康和-嘉義,2023-08-25,8459
3234,光環,6,0,6,康和-嘉義,2023-08-25,8459
5225,東科-KY,169,3,166,康和-嘉義,2023-08-28,8459
1584,精剛,133,5,128,康和-嘉義,2023-08-28,8459
1217,愛之味,120,0,120,康和-嘉義,2023-08-28,8459
00929,復華台灣科技優息,100,15,85,康和-嘉義,2023-08-28,8459
2610,華航,83,0,83,康和-嘉義,2023-08-28,8459
3231,緯創,209,138,71,康和-嘉義,2023-08-28,8459
2882,國泰金,50,1,49,康和-嘉義,2023-08-28,8459
6541,泰福-KY,47,0,47,康和-嘉義,2023-08-28,8459
2363,矽統,237,191,46,康和-嘉義,2023-08-28,8459
2382,廣達,103,68,35,康和-嘉義,2023-08-28,8459
00878,國泰永續高股息,46,11,35,康和-嘉義,2023-08-28,8459
3325,旭品,32,0,32,康和-嘉義,2023-08-28,8459
2852,第一保,28,0,28,康和-嘉義,2023-08-28,8459
4960,誠美材,38,14,24,康和-嘉義,2023-08-28,8459
2888,新光金,100,76,24,康和-嘉義,2023-08-28,8459
2301,光寶科,57,34,23,康和-嘉義,2023-08-28,8459
6274,台燿,48,25,23,康和-嘉義,2023-08-28,8459
00882,中信中國高股息,23,0,23,康和-嘉義,2023-08-28,8459
2457,飛宏,29,6,23,康和-嘉義,2023-08-28,8459
8215,明基材,23,0,23,康和-嘉義,2023-08-28,8459
6223,旺矽,22,0,22,康和-嘉義,2023-08-28,8459
1460,宏遠,20,0,20,康和-嘉義,2023-08-28,8459
2609,陽明,20,0,20,康和-嘉義,2023-08-28,8459
6829,千附精密,20,1,19,康和-嘉義,2023-08-28,8459
2329,華泰,24,6,18,康和-嘉義,2023-08-28,8459
3078,僑威,18,0,18,康和-嘉義,2023-08-28,8459
6235,華孚,90,74,16,康和-嘉義,2023-08-28,8459
8358,金居,19,3,16,康和-嘉義,2023-08-28,8459
2881,富邦金,16,0,16,康和-嘉義,2023-08-28,8459
1504,東元,16,2,14,康和-嘉義,2023-08-28,8459
2002,中鋼,13,0,13,康和-嘉義,2023-08-28,8459
6215,和椿,13,0,13,康和-嘉義,2023-08-28,8459
1477,聚陽,16,4,12,康和-嘉義,2023-08-28,8459
2634,漢翔,62,50,12,康和-嘉義,2023-08-28,8459
6285,啟��,44,32,12,康和-嘉義,2023-08-28,8459
1609,大亞,11,0,11,康和-嘉義,2023-08-28,8459
3217,優群,14,3,11,康和-嘉義,2023-08-28,8459
3289,宜特,16,5,11,康和-嘉義,2023-08-28,8459
4161,聿新科,11,0,11,康和-嘉義,2023-08-28,8459
2317,鴻海,13,2,11,康和-嘉義,2023-08-28,8459
00725B,國泰投資級公司債,10,0,10,康和-嘉義,2023-08-28,8459
2409,友達,10,0,10,康和-嘉義,2023-08-28,8459
4157,太景*-KY,10,0,10,康和-嘉義,2023-08-28,8459
5210,寶碩,10,0,10,康和-嘉義,2023-08-28,8459
5371,中光電,10,0,10,康和-嘉義,2023-08-28,8459
8110,華東,10,0,10,康和-嘉義,2023-08-28,8459
8930,青鋼,10,0,10,康和-嘉義,2023-08-28,8459
2353,宏��,12,3,9,康和-嘉義,2023-08-28,8459
2356,英業達,21,12,9,康和-嘉義,2023-08-28,8459
4167,松瑞藥,9,0,9,康和-嘉義,2023-08-28,8459
1217,愛之味,475,0,475,康和-嘉義,2023-08-29,8459
00929,復華台灣科技優息,81,4,77,康和-嘉義,2023-08-29,8459
00919,群益台灣精選高息,60,0,60,康和-嘉義,2023-08-29,8459
1584,精剛,56,9,47,康和-嘉義,2023-08-29,8459
2329,華泰,55,10,45,康和-嘉義,2023-08-29,8459
5225,東科-KY,38,2,36,康和-嘉義,2023-08-29,8459
2323,中環,81,47,34,康和-嘉義,2023-08-29,8459
00632R,元大台灣50反1,33,0,33,康和-嘉義,2023-08-29,8459
2618,長榮航,26,2,24,康和-嘉義,2023-08-29,8459
6170,統振,25,1,24,康和-嘉義,2023-08-29,8459
2002,中鋼,21,0,21,康和-嘉義,2023-08-29,8459
00923,群益台ESG低碳50,21,0,21,康和-嘉義,2023-08-29,8459
2332,友訊,33,12,21,康和-嘉義,2023-08-29,8459
1519,華城,29,9,20,康和-嘉義,2023-08-29,8459
2615,萬海,20,0,20,康和-嘉義,2023-08-29,8459
8050,廣積,18,0,18,康和-嘉義,2023-08-29,8459
2317,鴻海,37,20,17,康和-嘉義,2023-08-29,8459
00878,國泰永續高股息,21,6,15,康和-嘉義,2023-08-29,8459
1609,大亞,18,3,15,康和-嘉義,2023-08-29,8459
2486,一詮,15,1,14,康和-嘉義,2023-08-29,8459
3035,智原,26,12,14,康和-嘉義,2023-08-29,8459
2369,菱生,13,1,12,康和-嘉義,2023-08-29,8459
00673R,期元大S＆P原油反1,10,0,10,康和-嘉義,2023-08-29,8459
2356,英業達,36,26,10,康和-嘉義,2023-08-29,8459
4128,中天,11,1,10,康和-嘉義,2023-08-29,8459
6261,久元,10,0,10,康和-嘉義,2023-08-29,8459
1737,臺鹽,11,2,9,康和-嘉義,2023-08-29,8459
1219,福壽,9,0,9,康和-嘉義,2023-08-29,8459
2014,中鴻,9,0,9,康和-嘉義,2023-08-29,8459
2303,聯電,70,61,9,康和-嘉義,2023-08-29,8459
6188,廣明,13,4,9,康和-嘉義,2023-08-29,8459
2888,新光金,11,2,9,康和-嘉義,2023-08-29,8459
2609,陽明,22,14,8,康和-嘉義,2023-08-29,8459
6122,擎邦,8,0,8,康和-嘉義,2023-08-29,8459
2301,光寶科,19,12,7,康和-嘉義,2023-08-29,8459
2059,川湖,7,1,6,康和-嘉義,2023-08-29,8459
1504,東元,10,4,6,康和-嘉義,2023-08-29,8459
2401,凌陽,9,3,6,康和-嘉義,2023-08-29,8459
2867,三商壽,6,0,6,康和-嘉義,2023-08-29,8459
3706,神達,9,3,6,康和-嘉義,2023-08-29,8459
6191,精成科,7,1,6,康和-嘉義,2023-08-29,8459
6176,瑞儀,6,1,5,康和-嘉義,2023-08-29,8459
6244,茂迪,5,0,5,康和-嘉義,2023-08-29,8459
2884,玉山金,5,0,5,康和-嘉義,2023-08-29,8459
1310,台苯,5,0,5,康和-嘉義,2023-08-29,8459
00679B,元大美債20年,5,0,5,康和-嘉義,2023-08-29,8459
1467,南緯,5,0,5,康和-嘉義,2023-08-29,8459
4532,瑞智,5,0,5,康和-嘉義,2023-08-29,8459
4533,協易機,5,0,5,康和-嘉義,2023-08-29,8459
5371,中光電,13,8,5,康和-嘉義,2023-08-29,8459
00753L,中信中國50正2,200,0,200,康和-嘉義,2023-08-30,8459
2332,友訊,128,4,124,康和-嘉義,2023-08-30,8459
1217,愛之味,122,0,122,康和-嘉義,2023-08-30,8459
4128,中天,98,1,97,康和-嘉義,2023-08-30,8459
3231,緯創,128,92,36,康和-嘉義,2023-08-30,8459
2883,凱基金,37,1,36,康和-嘉義,2023-08-30,8459
2409,友達,34,0,34,康和-嘉義,2023-08-30,8459
2449,京元電子,36,8,28,康和-嘉義,2023-08-30,8459
5009,榮剛,33,8,25,康和-嘉義,2023-08-30,8459
2882,國泰金,30,5,25,康和-嘉義,2023-08-30,8459
2382,廣達,155,132,23,康和-嘉義,2023-08-30,8459
2618,長榮航,76,53,23,康和-嘉義,2023-08-30,8459
8442,威宏-KY,22,0,22,康和-嘉義,2023-08-30,8459
6472,保瑞,21,2,19,康和-嘉義,2023-08-30,8459
2301,光寶科,71,52,19,康和-嘉義,2023-08-30,8459
1737,臺鹽,20,1,19,康和-嘉義,2023-08-30,8459
2891,中信金,20,1,19,康和-嘉義,2023-08-30,8459
00632R,元大台灣50反1,16,0,16,康和-嘉義,2023-08-30,8459
8033,雷虎,16,1,15,康和-嘉義,2023-08-30,8459
3017,奇鋐,16,2,14,康和-嘉義,2023-08-30,8459
3035,智原,83,69,14,康和-嘉義,2023-08-30,8459
2329,華泰,19,7,12,康和-嘉義,2023-08-30,8459
00923,群益台ESG低碳50,11,1,10,康和-嘉義,2023-08-30,8459
2457,飛宏,18,8,10,康和-嘉義,2023-08-30,8459
4123,晟德,10,0,10,康和-嘉義,2023-08-30,8459
00882,中信中國高股息,10,1,9,康和-嘉義,2023-08-30,8459
1102,亞泥,11,2,9,康和-嘉義,2023-08-30,8459
2312,金寶,10,1,9,康和-嘉義,2023-08-30,8459
3325,旭品,55,46,9,康和-嘉義,2023-08-30,8459
6770,力積電,13,5,8,康和-嘉義,2023-08-30,8459
5243,乙盛-KY,10,2,8,康和-嘉義,2023-08-30,8459
00929,復華台灣科技優息,55,47,8,康和-嘉義,2023-08-30,8459
2344,華邦電,13,6,7,康和-嘉義,2023-08-30,8459
9904,寶成,9,2,7,康和-嘉義,2023-08-30,8459
2349,錸德,6,0,6,康和-嘉義,2023-08-30,8459
00673R,期元大S＆P原油反1,6,0,6,康和-嘉義,2023-08-30,8459
1710,東聯,17,11,6,康和-嘉義,2023-08-30,8459
5371,中光電,35,29,6,康和-嘉義,2023-08-30,8459
8210,勤誠,10,4,6,康和-嘉義,2023-08-30,8459
00679B,元大美債20年,5,0,5,康和-嘉義,2023-08-30,8459
1515,力山,5,0,5,康和-嘉義,2023-08-30,8459
1540,喬福,5,0,5,康和-嘉義,2023-08-30,8459
2455,全新,6,1,5,康和-嘉義,2023-08-30,8459
3002,歐格,5,0,5,康和-嘉義,2023-08-30,8459
3032,偉訓,10,5,5,康和-嘉義,2023-08-30,8459
3094,聯傑,5,0,5,康和-嘉義,2023-08-30,8459
3105,穩懋,7,2,5,康和-嘉義,2023-08-30,8459
3521,鴻翊,5,0,5,康和-嘉義,2023-08-30,8459
6129,普誠,5,0,5,康和-嘉義,2023-08-30,8459
8110,華東,5,0,5,康和-嘉義,2023-08-30,8459
3481,群創,89,36,53,康和-嘉義,2023-08-31,8459
6547,高端疫苗,57,5,52,康和-嘉義,2023-08-31,8459
2801,彰銀,50,0,50,康和-嘉義,2023-08-31,8459
1802,台玻,77,29,48,康和-嘉義,2023-08-31,8459
2323,中環,52,5,47,康和-嘉義,2023-08-31,8459
1101,台泥,38,0,38,康和-嘉義,2023-08-31,8459
6282,康舒,55,17,38,康和-嘉義,2023-08-31,8459
4128,中天,37,0,37,康和-嘉義,2023-08-31,8459
3483,力致,36,4,32,康和-嘉義,2023-08-31,8459
2834,臺企銀,50,22,28,康和-嘉義,2023-08-31,8459
2485,兆赫,89,62,27,康和-嘉義,2023-08-31,8459
2883,凱基金,24,0,24,康和-嘉義,2023-08-31,8459
5225,東科-KY,50,27,23,康和-嘉義,2023-08-31,8459
1605,華新,32,11,21,康和-嘉義,2023-08-31,8459
1795,美時,24,3,21,康和-嘉義,2023-08-31,8459
2880,華南金,20,0,20,康和-嘉義,2023-08-31,8459
6589,台康生技,20,0,20,康和-嘉義,2023-08-31,8459
4908,前鼎,19,0,19,康和-嘉義,2023-08-31,8459
6770,力積電,27,9,18,康和-嘉義,2023-08-31,8459
6741,91APP*-KY,20,3,17,康和-嘉義,2023-08-31,8459
9904,寶成,17,0,17,康和-嘉義,2023-08-31,8459
2390,云辰,19,3,16,康和-嘉義,2023-08-31,8459
3260,威剛,34,18,16,康和-嘉義,2023-08-31,8459
1455,集盛,15,0,15,康和-嘉義,2023-08-31,8459
2887,台新金,15,0,15,康和-嘉義,2023-08-31,8459
00919,群益台灣精選高息,16,2,14,康和-嘉義,2023-08-31,8459
1409,新纖,13,0,13,康和-嘉義,2023-08-31,8459
00673R,期元大S＆P原油反1,13,0,13,康和-嘉義,2023-08-31,8459
5469,瀚宇博,13,0,13,康和-嘉義,2023-08-31,8459
2412,中華電,12,0,12,康和-嘉義,2023-08-31,8459
2609,陽明,12,0,12,康和-嘉義,2023-08-31,8459
6284,佳邦,11,0,11,康和-嘉義,2023-08-31,8459
2317,鴻海,12,2,10,康和-嘉義,2023-08-31,8459
2324,仁寶,14,4,10,康和-嘉義,2023-08-31,8459
4714,永捷,10,0,10,康和-嘉義,2023-08-31,8459
5351,鈺創,12,2,10,康和-嘉義,2023-08-31,8459
3051,力特,13,4,9,康和-嘉義,2023-08-31,8459
2884,玉山金,10,1,9,康和-嘉義,2023-08-31,8459
3311,閎暉,12,4,8,康和-嘉義,2023-08-31,8459
1319,東陽,27,19,8,康和-嘉義,2023-08-31,8459
6160,欣技,8,0,8,康和-嘉義,2023-08-31,8459
2301,光寶科,45,38,7,康和-嘉義,2023-08-31,8459
3706,神達,10,3,7,康和-嘉義,2023-08-31,8459
2376,技嘉,20,13,7,康和-嘉義,2023-08-31,8459
2033,佳大,7,0,7,康和-嘉義,2023-08-31,8459
2303,聯電,159,152,7,康和-嘉義,2023-08-31,8459
4934,太極,21,14,7,康和-嘉義,2023-08-31,8459
6117,迎廣,7,0,7,康和-嘉義,2023-08-31,8459
2330,台積電,7,0,7,康和-嘉義,2023-08-31,8459
1313,聯成,6,0,6,康和-嘉義,2023-08-31,8459
00632R,元大台灣50反1,1901,2,1899,康和-嘉義,2023-09-01,8459
00919,群益台灣精選高息,178,0,178,康和-嘉義,2023-09-01,8459
2331,精英,151,23,128,康和-嘉義,2023-09-01,8459
3231,緯創,194,105,89,康和-嘉義,2023-09-01,8459
2816,旺旺保,55,2,53,康和-嘉義,2023-09-01,8459
2356,英業達,52,7,45,康和-嘉義,2023-09-01,8459
00929,復華台灣科技優息,44,0,44,康和-嘉義,2023-09-01,8459
2610,華航,54,12,42,康和-嘉義,2023-09-01,8459
6547,高端疫苗,46,10,36,康和-嘉義,2023-09-01,8459
4123,晟德,30,0,30,康和-嘉義,2023-09-01,8459
6274,台燿,48,19,29,康和-嘉義,2023-09-01,8459
3209,全科,25,0,25,康和-嘉義,2023-09-01,8459
6282,康舒,56,33,23,康和-嘉義,2023-09-01,8459
1522,堤維西,28,6,22,康和-嘉義,2023-09-01,8459
5328,華容,22,0,22,康和-嘉義,2023-09-01,8459
3234,光環,21,0,21,康和-嘉義,2023-09-01,8459
6284,佳邦,22,1,21,康和-嘉義,2023-09-01,8459
5484,慧友,20,0,20,康和-嘉義,2023-09-01,8459
6443,元晶,21,1,20,康和-嘉義,2023-09-01,8459
3706,神達,21,4,17,康和-嘉義,2023-09-01,8459
2363,矽統,279,262,17,康和-嘉義,2023-09-01,8459
2369,菱生,42,26,16,康和-嘉義,2023-09-01,8459
6285,啟��,37,21,16,康和-嘉義,2023-09-01,8459
00932,兆豐永續高息等權,15,0,15,康和-嘉義,2023-09-01,8459
4906,正文,25,10,15,康和-嘉義,2023-09-01,8459
2367,燿華,66,52,14,康和-嘉義,2023-09-01,8459
2485,兆赫,93,79,14,康和-嘉義,2023-09-01,8459
2402,毅嘉,121,107,14,康和-嘉義,2023-09-01,8459
1605,華新,18,5,13,康和-嘉義,2023-09-01,8459
1609,大亞,19,6,13,康和-嘉義,2023-09-01,8459
2323,中環,12,0,12,康和-嘉義,2023-09-01,8459
2401,凌陽,11,0,11,康和-嘉義,2023-09-01,8459
3081,聯亞,11,0,11,康和-嘉義,2023-09-01,8459
2892,第一金,12,1,11,康和-嘉義,2023-09-01,8459
3707,漢磊,10,0,10,康和-嘉義,2023-09-01,8459
3481,群創,16,8,8,康和-嘉義,2023-09-01,8459
2891,中信金,8,0,8,康和-嘉義,2023-09-01,8459
3011,今皓,7,0,7,康和-嘉義,2023-09-01,8459
3308,聯德,20,13,7,康和-嘉義,2023-09-01,8459
4916,事欣科,7,0,7,康和-嘉義,2023-09-01,8459
8069,元太,8,1,7,康和-嘉義,2023-09-01,8459
00881,國泰台灣5G+,6,0,6,康和-嘉義,2023-09-01,8459
2421,建準,10,4,6,康和-嘉義,2023-09-01,8459
1319,東陽,6,0,6,康和-嘉義,2023-09-01,8459
00673R,期元大S＆P原油反1,6,0,6,康和-嘉義,2023-09-01,8459
1608,華榮,6,0,6,康和-嘉義,2023-09-01,8459
2031,新光鋼,6,0,6,康和-嘉義,2023-09-01,8459
2324,仁寶,9,3,6,康和-嘉義,2023-09-01,8459
3037,欣興,19,13,6,康和-嘉義,2023-09-01,8459
6234,高僑,6,0,6,康和-嘉義,2023-09-01,8459
2485,兆赫,157,31,126,康和-嘉義,2023-09-04,8459
00673R,期元大S＆P原油反1,95,0,95,康和-嘉義,2023-09-04,8459
1802,台玻,192,139,53,康和-嘉義,2023-09-04,8459
2332,友訊,108,56,52,康和-嘉義,2023-09-04,8459
5225,東科-KY,54,2,52,康和-嘉義,2023-09-04,8459
3231,緯創,145,94,51,康和-嘉義,2023-09-04,8459
2323,中環,56,13,43,康和-嘉義,2023-09-04,8459
2382,廣達,90,49,41,康和-嘉義,2023-09-04,8459
2371,大同,46,14,32,康和-嘉義,2023-09-04,8459
00919,群益台灣精選高息,30,0,30,康和-嘉義,2023-09-04,8459
6213,聯茂,28,0,28,康和-嘉義,2023-09-04,8459
2409,友達,28,0,28,康和-嘉義,2023-09-04,8459
00929,復華台灣科技優息,48,20,28,康和-嘉義,2023-09-04,8459
8085,福華,28,0,28,康和-嘉義,2023-09-04,8459
5009,榮剛,36,10,26,康和-嘉義,2023-09-04,8459
2369,菱生,47,22,25,康和-嘉義,2023-09-04,8459
8110,華東,30,6,24,康和-嘉義,2023-09-04,8459
2031,新光鋼,23,0,23,康和-嘉義,2023-09-04,8459
1616,億泰,25,5,20,康和-嘉義,2023-09-04,8459
3011,今皓,19,0,19,康和-嘉義,2023-09-04,8459
8222,寶一,29,10,19,康和-嘉義,2023-09-04,8459
1210,大成,18,0,18,康和-嘉義,2023-09-04,8459
1795,美時,25,8,17,康和-嘉義,2023-09-04,8459
2618,長榮航,37,20,17,康和-嘉義,2023-09-04,8459
00751B,元大AAA至A公司債,15,0,15,康和-嘉義,2023-09-04,8459
1605,華新,16,2,14,康和-嘉義,2023-09-04,8459
3078,僑威,16,2,14,康和-嘉義,2023-09-04,8459
2330,台積電,16,2,14,康和-嘉義,2023-09-04,8459
2014,中鴻,15,2,13,康和-嘉義,2023-09-04,8459
2363,矽統,209,196,13,康和-嘉義,2023-09-04,8459
2492,華新科,21,8,13,康和-嘉義,2023-09-04,8459
1444,力麗,12,0,12,康和-嘉義,2023-09-04,8459
00687B,國泰20年美債,12,0,12,康和-嘉義,2023-09-04,8459
2812,台中銀,12,0,12,康和-嘉義,2023-09-04,8459
00915,凱基優選高股息30,11,0,11,康和-嘉義,2023-09-04,8459
00679B,元大美債20年,10,0,10,康和-嘉義,2023-09-04,8459
00892,富邦台灣半導體,10,0,10,康和-嘉義,2023-09-04,8459
2486,一詮,11,1,10,康和-嘉義,2023-09-04,8459
2707,晶華,12,2,10,康和-嘉義,2023-09-04,8459
2801,彰銀,30,20,10,康和-嘉義,2023-09-04,8459
3046,建��,10,0,10,康和-嘉義,2023-09-04,8459
3035,智原,38,29,9,康和-嘉義,2023-09-04,8459
00878,國泰永續高股息,13,4,9,康和-嘉義,2023-09-04,8459
00932,兆豐永續高息等權,10,1,9,康和-嘉義,2023-09-04,8459
00931B,統一美債20年,9,0,9,康和-嘉義,2023-09-04,8459
1737,臺鹽,9,0,9,康和-嘉義,2023-09-04,8459
2303,聯電,10,1,9,康和-嘉義,2023-09-04,8459
3081,聯亞,16,7,9,康和-嘉義,2023-09-04,8459
5371,中光電,14,5,9,康和-嘉義,2023-09-04,8459
6116,彩晶,13,4,9,康和-嘉義,2023-09-04,8459
00688L,國泰20年美債正2,250,0,250,康和-嘉義,2023-09-05,8459
00673R,期元大S＆P原油反1,150,0,150,康和-嘉義,2023-09-05,8459
1314,中石化,81,3,78,康和-嘉義,2023-09-05,8459
1802,台玻,72,6,66,康和-嘉義,2023-09-05,8459
2485,兆赫,83,18,65,康和-嘉義,2023-09-05,8459
00919,群益台灣精選高息,67,6,61,康和-嘉義,2023-09-05,8459
3062,建漢,50,0,50,康和-嘉義,2023-09-05,8459
3149,正達,49,5,44,康和-嘉義,2023-09-05,8459
00929,復華台灣科技優息,53,19,34,康和-嘉義,2023-09-05,8459
1584,精剛,29,0,29,康和-嘉義,2023-09-05,8459
2634,漢翔,52,24,28,康和-嘉義,2023-09-05,8459
6122,擎邦,32,7,25,康和-嘉義,2023-09-05,8459
2392,正崴,28,4,24,康和-嘉義,2023-09-05,8459
2887,台新金,24,2,22,康和-嘉義,2023-09-05,8459
2401,凌陽,45,24,21,康和-嘉義,2023-09-05,8459
2511,太子,20,0,20,康和-嘉義,2023-09-05,8459
4207,環泰,20,0,20,康和-嘉義,2023-09-05,8459
9103,美德醫療-DR,20,0,20,康和-嘉義,2023-09-05,8459
3312,弘憶股,17,0,17,康和-嘉義,2023-09-05,8459
2201,裕隆,33,16,17,康和-嘉義,2023-09-05,8459
3044,健鼎,27,13,14,康和-嘉義,2023-09-05,8459
3046,建��,14,0,14,康和-嘉義,2023-09-05,8459
2330,台積電,14,1,13,康和-嘉義,2023-09-05,8459
00751B,元大AAA至A公司債,12,0,12,康和-嘉義,2023-09-05,8459
00882,中信中國高股息,12,0,12,康和-嘉義,2023-09-05,8459
1605,華新,11,0,11,康和-嘉義,2023-09-05,8459
1905,華紙,13,2,11,康和-嘉義,2023-09-05,8459
3004,豐達科,11,0,11,康和-嘉義,2023-09-05,8459
5225,東科-KY,22,11,11,康和-嘉義,2023-09-05,8459
1785,光洋科,10,0,10,康和-嘉義,2023-09-05,8459
4714,永捷,10,0,10,康和-嘉義,2023-09-05,8459
5608,四維航,10,0,10,康和-嘉義,2023-09-05,8459
6494,九齊,10,0,10,康和-嘉義,2023-09-05,8459
3260,威剛,35,25,10,康和-嘉義,2023-09-05,8459
2344,華邦電,82,72,10,康和-嘉義,2023-09-05,8459
2312,金寶,31,22,9,康和-嘉義,2023-09-05,8459
2377,微星,10,1,9,康和-嘉義,2023-09-05,8459
2884,玉山金,9,0,9,康和-嘉義,2023-09-05,8459
2376,技嘉,14,6,8,康和-嘉義,2023-09-05,8459
1720,生達,8,0,8,康和-嘉義,2023-09-05,8459
2883,凱基金,10,2,8,康和-嘉義,2023-09-05,8459
3078,僑威,18,10,8,康和-嘉義,2023-09-05,8459
4543,萬在,8,0,8,康和-嘉義,2023-09-05,8459
8222,寶一,9,1,8,康和-嘉義,2023-09-05,8459
2436,偉詮電,13,5,8,康和-嘉義,2023-09-05,8459
2353,宏��,10,3,7,康和-嘉義,2023-09-05,8459
2356,英業達,33,26,7,康和-嘉義,2023-09-05,8459
3022,威強電,7,0,7,康和-嘉義,2023-09-05,8459
3051,力特,48,41,7,康和-嘉義,2023-09-05,8459
2801,彰銀,6,0,6,康和-嘉義,2023-09-05,8459
00673R,期元大S＆P原油反1,1060,0,1060,康和-嘉義,2023-09-06,8459
1101,台泥,91,0,91,康和-嘉義,2023-09-06,8459
00929,復華台灣科技優息,103,20,83,康和-嘉義,2023-09-06,8459
3481,群創,80,17,63,康和-嘉義,2023-09-06,8459
00932,兆豐永續高息等權,60,0,60,康和-嘉義,2023-09-06,8459
2363,矽統,547,494,53,康和-嘉義,2023-09-06,8459
2409,友達,82,33,49,康和-嘉義,2023-09-06,8459
2485,兆赫,76,31,45,康和-嘉義,2023-09-06,8459
1777,生泰,42,0,42,康和-嘉義,2023-09-06,8459
6411,晶焱,40,0,40,康和-嘉義,2023-09-06,8459
1802,台玻,53,22,31,康和-嘉義,2023-09-06,8459
2880,華南金,30,0,30,康和-嘉義,2023-09-06,8459
6116,彩晶,35,5,30,康和-嘉義,2023-09-06,8459
8926,台汽電,30,0,30,康和-嘉義,2023-09-06,8459
6285,啟��,83,54,29,康和-嘉義,2023-09-06,8459
3715,定穎投控,106,77,29,康和-嘉義,2023-09-06,8459
00919,群益台灣精選高息,33,10,23,康和-嘉義,2023-09-06,8459
3163,波若威,34,13,21,康和-嘉義,2023-09-06,8459
00752,中信中國50,20,0,20,康和-嘉義,2023-09-06,8459
2888,新光金,20,1,19,康和-嘉義,2023-09-06,8459
6176,瑞儀,23,4,19,康和-嘉義,2023-09-06,8459
1504,東元,18,0,18,康和-嘉義,2023-09-06,8459
2356,英業達,169,151,18,康和-嘉義,2023-09-06,8459
6274,台燿,29,13,16,康和-嘉義,2023-09-06,8459
8011,台通,33,17,16,康和-嘉義,2023-09-06,8459
2002,中鋼,18,2,16,康和-嘉義,2023-09-06,8459
2603,長榮,15,0,15,康和-嘉義,2023-09-06,8459
8930,青鋼,16,1,15,康和-嘉義,2023-09-06,8459
00882,中信中國高股息,13,0,13,康和-嘉義,2023-09-06,8459
2891,中信金,14,1,13,康和-嘉義,2023-09-06,8459
00679B,元大美債20年,12,0,12,康和-嘉義,2023-09-06,8459
2618,長榮航,12,0,12,康和-嘉義,2023-09-06,8459
6213,聯茂,24,12,12,康和-嘉義,2023-09-06,8459
2634,漢翔,13,1,12,康和-嘉義,2023-09-06,8459
2801,彰銀,10,0,10,康和-嘉義,2023-09-06,8459
6412,群電,10,0,10,康和-嘉義,2023-09-06,8459
00671R,富邦NASDAQ反1,10,0,10,康和-嘉義,2023-09-06,8459
00751B,元大AAA至A公司債,10,0,10,康和-嘉義,2023-09-06,8459
00896,中信綠能及電動車,10,0,10,康和-嘉義,2023-09-06,8459
1339,昭輝,10,0,10,康和-嘉義,2023-09-06,8459
2939,永邑-KY,10,0,10,康和-嘉義,2023-09-06,8459
4714,永捷,10,0,10,康和-嘉義,2023-09-06,8459
6266,泰詠,10,0,10,康和-嘉義,2023-09-06,8459
9934,成霖,10,0,10,康和-嘉義,2023-09-06,8459
5381,合正,67,57,10,康和-嘉義,2023-09-06,8459
8358,金居,22,12,10,康和-嘉義,2023-09-06,8459
5880,合庫金,10,1,9,康和-嘉義,2023-09-06,8459
2436,偉詮電,11,2,9,康和-嘉義,2023-09-06,8459
3706,神達,15,6,9,康和-嘉義,2023-09-06,8459
2881,富邦金,9,1,8,康和-嘉義,2023-09-06,8459
00673R,期元大S＆P原油反1,608,0,608,康和-嘉義,2023-09-07,8459
00715L,期街口布蘭特正2,150,0,150,康和-嘉義,2023-09-07,8459
5225,東科-KY,143,49,94,康和-嘉義,2023-09-07,8459
00929,復華台灣科技優息,115,29,86,康和-嘉義,2023-09-07,8459
2063,世鎧,84,0,84,康和-嘉義,2023-09-07,8459
2610,華航,57,0,57,康和-嘉義,2023-09-07,8459
00632R,元大台灣50反1,50,0,50,康和-嘉義,2023-09-07,8459
3481,群創,61,15,46,康和-嘉義,2023-09-07,8459
3231,緯創,55,16,39,康和-嘉義,2023-09-07,8459
2303,聯電,45,15,30,康和-嘉義,2023-09-07,8459
2845,遠東銀,30,0,30,康和-嘉義,2023-09-07,8459
2031,新光鋼,29,0,29,康和-嘉義,2023-09-07,8459
3363,上詮,44,15,29,康和-嘉義,2023-09-07,8459
3149,正達,30,5,25,康和-嘉義,2023-09-07,8459
1339,昭輝,23,0,23,康和-嘉義,2023-09-07,8459
1307,三芳,23,0,23,康和-嘉義,2023-09-07,8459
1714,和桐,22,0,22,康和-嘉義,2023-09-07,8459
6213,聯茂,20,0,20,康和-嘉義,2023-09-07,8459
6274,台燿,34,14,20,康和-嘉義,2023-09-07,8459
1708,東鹼,18,0,18,康和-嘉義,2023-09-07,8459
1815,富喬,21,4,17,康和-嘉義,2023-09-07,8459
2358,廷鑫,23,6,17,康和-嘉義,2023-09-07,8459
8215,明基材,16,1,15,康和-嘉義,2023-09-07,8459
2314,台揚,16,2,14,康和-嘉義,2023-09-07,8459
3217,優群,14,0,14,康和-嘉義,2023-09-07,8459
2002,中鋼,12,0,12,康和-嘉義,2023-09-07,8459
8088,品安,12,0,12,康和-嘉義,2023-09-07,8459
2488,漢平,12,0,12,康和-嘉義,2023-09-07,8459
4934,太極,27,15,12,康和-嘉義,2023-09-07,8459
3010,華立,12,0,12,康和-嘉義,2023-09-07,8459
1802,台玻,26,15,11,康和-嘉義,2023-09-07,8459
3078,僑威,32,21,11,康和-嘉義,2023-09-07,8459
9103,美德醫療-DR,20,9,11,康和-嘉義,2023-09-07,8459
2408,南亞科,12,1,11,康和-嘉義,2023-09-07,8459
8112,至上,16,6,10,康和-嘉義,2023-09-07,8459
2884,玉山金,11,1,10,康和-嘉義,2023-09-07,8459
00882,中信中國高股息,10,0,10,康和-嘉義,2023-09-07,8459
2331,精英,13,3,10,康和-嘉義,2023-09-07,8459
2492,華新科,14,4,10,康和-嘉義,2023-09-07,8459
4414,如興,10,0,10,康和-嘉義,2023-09-07,8459
4935,茂林-KY,10,0,10,康和-嘉義,2023-09-07,8459
8070,長華*,10,0,10,康和-嘉義,2023-09-07,8459
2313,華通,29,19,10,康和-嘉義,2023-09-07,8459
2888,新光金,25,15,10,康和-嘉義,2023-09-07,8459
3035,智原,27,18,9,康和-嘉義,2023-09-07,8459
2409,友達,9,0,9,康和-嘉義,2023-09-07,8459
5457,宣德,23,14,9,康和-嘉義,2023-09-07,8459
6182,合晶,10,1,9,康和-嘉義,2023-09-07,8459
2103,台橡,8,0,8,康和-嘉義,2023-09-07,8459
6202,盛群,15,7,8,康和-嘉義,2023-09-07,8459
2891,中信金,209,1,208,康和-嘉義,2023-09-08,8459
00673R,期元大S＆P原油反1,140,1,139,康和-嘉義,2023-09-08,8459
2535,達欣工,138,0,138,康和-嘉義,2023-09-08,8459
2834,臺企銀,137,0,137,康和-嘉義,2023-09-08,8459
2387,精元,95,1,94,康和-嘉義,2023-09-08,8459
2332,友訊,68,9,59,康和-嘉義,2023-09-08,8459
3483,力致,98,42,56,康和-嘉義,2023-09-08,8459
00929,復華台灣科技優息,90,40,50,康和-嘉義,2023-09-08,8459
2436,偉詮電,45,11,34,康和-嘉義,2023-09-08,8459
00919,群益台灣精選高息,33,0,33,康和-嘉義,2023-09-08,8459
2323,中環,80,48,32,康和-嘉義,2023-09-08,8459
2382,廣達,218,189,29,康和-嘉義,2023-09-08,8459
2337,旺宏,31,2,29,康和-嘉義,2023-09-08,8459
2405,輔信,24,0,24,康和-嘉義,2023-09-08,8459
00918,大華優利高填息30,19,0,19,康和-嘉義,2023-09-08,8459
2303,聯電,21,2,19,康和-嘉義,2023-09-08,8459
3046,建��,43,24,19,康和-嘉義,2023-09-08,8459
8215,明基材,16,0,16,康和-嘉義,2023-09-08,8459
1216,統一,15,0,15,康和-嘉義,2023-09-08,8459
2618,長榮航,18,3,15,康和-嘉義,2023-09-08,8459
2409,友達,115,101,14,康和-嘉義,2023-09-08,8459
5608,四維航,15,1,14,康和-嘉義,2023-09-08,8459
2359,所羅門,15,2,13,康和-嘉義,2023-09-08,8459
2329,華泰,21,9,12,康和-嘉義,2023-09-08,8459
3707,漢磊,12,0,12,康和-嘉義,2023-09-08,8459
4935,茂林-KY,12,0,12,康和-嘉義,2023-09-08,8459
1339,昭輝,11,0,11,康和-嘉義,2023-09-08,8459
2887,台新金,11,0,11,康和-嘉義,2023-09-08,8459
00915,凱基優選高股息30,10,0,10,康和-嘉義,2023-09-08,8459
3325,旭品,11,1,10,康和-嘉義,2023-09-08,8459
4538,大詠城,10,0,10,康和-嘉義,2023-09-08,8459
6016,康和證,15,5,10,康和-嘉義,2023-09-08,8459
6412,群電,10,0,10,康和-嘉義,2023-09-08,8459
8255,朋程,10,0,10,康和-嘉義,2023-09-08,8459
4743,合一,10,0,10,康和-嘉義,2023-09-08,8459
1618,合機,49,40,9,康和-嘉義,2023-09-08,8459
2317,鴻海,8,0,8,康和-嘉義,2023-09-08,8459
1101,台泥,38,30,8,康和-嘉義,2023-09-08,8459
3049,精金,8,0,8,康和-嘉義,2023-09-08,8459
6531,愛普*,16,8,8,康和-嘉義,2023-09-08,8459
2344,華邦電,14,6,8,康和-嘉義,2023-09-08,8459
2402,毅嘉,15,8,7,康和-嘉義,2023-09-08,8459
2610,華航,8,1,7,康和-嘉義,2023-09-08,8459
2883,凱基金,10,3,7,康和-嘉義,2023-09-08,8459
5009,榮剛,7,0,7,康和-嘉義,2023-09-08,8459
5225,東科-KY,8,1,7,康和-嘉義,2023-09-08,8459
1714,和桐,6,0,6,康和-嘉義,2023-09-08,8459
3324,雙鴻,11,5,6,康和-嘉義,2023-09-08,8459
2355,敬鵬,7,1,6,康和-嘉義,2023-09-08,8459
2425,承啟,6,0,6,康和-嘉義,2023-09-08,8459
00688L,國泰20年美債正2,500,0,500,康和-嘉義,2023-09-11,8459
6807,峰源-KY,154,0,154,康和-嘉義,2023-09-11,8459
1471,首利,114,5,109,康和-嘉義,2023-09-11,8459
5533,皇鼎,92,0,92,康和-嘉義,2023-09-11,8459
00878,國泰永續高股息,83,1,82,康和-嘉義,2023-09-11,8459
2535,達欣工,68,1,67,康和-嘉義,2023-09-11,8459
2402,毅嘉,60,3,57,康和-嘉義,2023-09-11,8459
00919,群益台灣精選高息,48,0,48,康和-嘉義,2023-09-11,8459
4552,力達-KY,48,1,47,康和-嘉義,2023-09-11,8459
6215,和椿,45,0,45,康和-嘉義,2023-09-11,8459
8033,雷虎,50,6,44,康和-嘉義,2023-09-11,8459
3206,志豐,41,0,41,康和-嘉義,2023-09-11,8459
00929,復華台灣科技優息,65,27,38,康和-嘉義,2023-09-11,8459
2352,佳世達,34,2,32,康和-嘉義,2023-09-11,8459
2618,長榮航,30,0,30,康和-嘉義,2023-09-11,8459
3311,閎暉,30,0,30,康和-嘉義,2023-09-11,8459
8215,明基材,30,0,30,康和-嘉義,2023-09-11,8459
1720,生達,30,1,29,康和-嘉義,2023-09-11,8459
2645,長榮航太,27,0,27,康和-嘉義,2023-09-11,8459
2063,世鎧,27,0,27,康和-嘉義,2023-09-11,8459
3481,群創,32,7,25,康和-嘉義,2023-09-11,8459
3231,緯創,154,133,21,康和-嘉義,2023-09-11,8459
2486,一詮,20,1,19,康和-嘉義,2023-09-11,8459
2356,英業達,67,49,18,康和-嘉義,2023-09-11,8459
2332,友訊,21,4,17,康和-嘉義,2023-09-11,8459
3537,堡達,17,0,17,康和-嘉義,2023-09-11,8459
2312,金寶,21,5,16,康和-嘉義,2023-09-11,8459
1618,合機,18,2,16,康和-嘉義,2023-09-11,8459
2105,正新,16,0,16,康和-嘉義,2023-09-11,8459
6282,康舒,17,2,15,康和-嘉義,2023-09-11,8459
4934,太極,13,0,13,康和-嘉義,2023-09-11,8459
0056,元大高股息,17,4,13,康和-嘉義,2023-09-11,8459
00915,凱基優選高股息30,11,0,11,康和-嘉義,2023-09-11,8459
00715L,期街口布蘭特正2,13,2,11,康和-嘉義,2023-09-11,8459
3013,晟銘電,16,5,11,康和-嘉義,2023-09-11,8459
3479,安勤,11,0,11,康和-嘉義,2023-09-11,8459
5225,東科-KY,11,0,11,康和-嘉義,2023-09-11,8459
2401,凌陽,13,2,11,康和-嘉義,2023-09-11,8459
2002,中鋼,10,0,10,康和-嘉義,2023-09-11,8459
00752,中信中國50,10,0,10,康和-嘉義,2023-09-11,8459
2488,漢平,10,0,10,康和-嘉義,2023-09-11,8459
3540,曜越,10,0,10,康和-嘉義,2023-09-11,8459
3715,定穎投控,149,139,10,康和-嘉義,2023-09-11,8459
2330,台積電,11,2,9,康和-嘉義,2023-09-11,8459
1307,三芳,9,0,9,康和-嘉義,2023-09-11,8459
1477,聚陽,9,0,9,康和-嘉義,2023-09-11,8459
1789,神隆,9,0,9,康和-嘉義,2023-09-11,8459
2359,所羅門,19,10,9,康和-嘉義,2023-09-11,8459
2357,華碩,11,3,8,康和-嘉義,2023-09-11,8459
6770,力積電,8,0,8,康和-嘉義,2023-09-11,8459
00715L,期街口布蘭特正2,187,0,187,康和-嘉義,2023-09-12,8459
6869,雲豹能源,97,1,96,康和-嘉義,2023-09-12,8459
00929,復華台灣科技優息,122,32,90,康和-嘉義,2023-09-12,8459
3325,旭品,68,0,68,康和-嘉義,2023-09-12,8459
6282,康舒,93,26,67,康和-嘉義,2023-09-12,8459
5533,皇鼎,64,0,64,康和-嘉義,2023-09-12,8459
1319,東陽,60,13,47,康和-嘉義,2023-09-12,8459
3078,僑威,44,8,36,康和-嘉義,2023-09-12,8459
3481,群創,34,1,33,康和-嘉義,2023-09-12,8459
2328,廣宇,30,1,29,康和-嘉義,2023-09-12,8459
3206,志豐,30,1,29,康和-嘉義,2023-09-12,8459
6120,達運,36,8,28,康和-嘉義,2023-09-12,8459
2538,基泰,30,2,28,康和-嘉義,2023-09-12,8459
2801,彰銀,20,0,20,康和-嘉義,2023-09-12,8459
6116,彩晶,20,0,20,康和-嘉義,2023-09-12,8459
00725B,國泰投資級公司債,20,0,20,康和-嘉義,2023-09-12,8459
2883,凱基金,30,10,20,康和-嘉義,2023-09-12,8459
2645,長榮航太,22,5,17,康和-嘉義,2023-09-12,8459
1584,精剛,17,0,17,康和-嘉義,2023-09-12,8459
2402,毅嘉,21,5,16,康和-嘉義,2023-09-12,8459
6163,華電網,19,3,16,康和-嘉義,2023-09-12,8459
6807,峰源-KY,16,0,16,康和-嘉義,2023-09-12,8459
00932,兆豐永續高息等權,15,0,15,康和-嘉義,2023-09-12,8459
3014,聯陽,24,9,15,康和-嘉義,2023-09-12,8459
6451,訊芯-KY,19,5,14,康和-嘉義,2023-09-12,8459
3715,定穎投控,21,8,13,康和-嘉義,2023-09-12,8459
6215,和椿,13,0,13,康和-嘉義,2023-09-12,8459
00931B,統一美債20年,11,0,11,康和-嘉義,2023-09-12,8459
3537,堡達,11,0,11,康和-嘉義,2023-09-12,8459
6243,迅杰,13,2,11,康和-嘉義,2023-09-12,8459
2880,華南金,10,0,10,康和-嘉義,2023-09-12,8459
00680L,元大美債20正2,10,0,10,康和-嘉義,2023-09-12,8459
2610,華航,12,2,10,康和-嘉義,2023-09-12,8459
2867,三商壽,16,6,10,康和-嘉義,2023-09-12,8459
3044,健鼎,11,1,10,康和-嘉義,2023-09-12,8459
4532,瑞智,10,0,10,康和-嘉義,2023-09-12,8459
2313,華通,87,77,10,康和-嘉義,2023-09-12,8459
2892,第一金,19,10,9,康和-嘉義,2023-09-12,8459
3035,智原,26,17,9,康和-嘉義,2023-09-12,8459
1504,東元,11,2,9,康和-嘉義,2023-09-12,8459
2609,陽明,10,1,9,康和-嘉義,2023-09-12,8459
8255,朋程,12,3,9,康和-嘉義,2023-09-12,8459
6188,廣明,10,2,8,康和-嘉義,2023-09-12,8459
6234,高僑,7,0,7,康和-嘉義,2023-09-12,8459
2382,廣達,138,131,7,康和-嘉義,2023-09-12,8459
2002,中鋼,7,0,7,康和-嘉義,2023-09-12,8459
2486,一詮,7,0,7,康和-嘉義,2023-09-12,8459
2488,漢平,7,0,7,康和-嘉義,2023-09-12,8459
4744,皇將,7,0,7,康和-嘉義,2023-09-12,8459
6139,亞翔,16,9,7,康和-嘉義,2023-09-12,8459
2504,國產,261,0,261,康和-嘉義,2023-09-13,8459
00929,復華台灣科技優息,169,43,126,康和-嘉義,2023-09-13,8459
00919,群益台灣精選高息,103,1,102,康和-嘉義,2023-09-13,8459
2535,達欣工,80,0,80,康和-嘉義,2023-09-13,8459
1584,精剛,55,2,53,康和-嘉義,2023-09-13,8459
00918,大華優利高填息30,43,0,43,康和-嘉義,2023-09-13,8459
2485,兆赫,35,2,33,康和-嘉義,2023-09-13,8459
1609,大亞,67,37,30,康和-嘉義,2023-09-13,8459
3346,麗清,33,11,22,康和-嘉義,2023-09-13,8459
2010,春源,20,0,20,康和-嘉義,2023-09-13,8459
3231,緯創,38,20,18,康和-嘉義,2023-09-13,8459
2332,友訊,16,0,16,康和-嘉義,2023-09-13,8459
1519,華城,30,14,16,康和-嘉義,2023-09-13,8459
2492,華新科,15,0,15,康和-嘉義,2023-09-13,8459
4953,緯軟,15,0,15,康和-嘉義,2023-09-13,8459
6770,力積電,16,1,15,康和-嘉義,2023-09-13,8459
2352,佳世達,15,1,14,康和-嘉義,2023-09-13,8459
2402,毅嘉,30,16,14,康和-嘉義,2023-09-13,8459
8255,朋程,15,1,14,康和-嘉義,2023-09-13,8459
00679B,元大美債20年,13,0,13,康和-嘉義,2023-09-13,8459
3706,神達,17,4,13,康和-嘉義,2023-09-13,8459
4561,健椿,29,16,13,康和-嘉義,2023-09-13,8459
2355,敬鵬,46,34,12,康和-嘉義,2023-09-13,8459
2388,威盛,26,14,12,康和-嘉義,2023-09-13,8459
5243,乙盛-KY,13,1,12,康和-嘉義,2023-09-13,8459
6284,佳邦,21,9,12,康和-嘉義,2023-09-13,8459
4207,環泰,11,0,11,康和-嘉義,2023-09-13,8459
1102,亞泥,10,0,10,康和-嘉義,2023-09-13,8459
00673R,期元大S＆P原油反1,10,0,10,康和-嘉義,2023-09-13,8459
00752,中信中國50,10,0,10,康和-嘉義,2023-09-13,8459
2211,長榮鋼,10,0,10,康和-嘉義,2023-09-13,8459
2328,廣宇,10,0,10,康和-嘉義,2023-09-13,8459
2634,漢翔,10,0,10,康和-嘉義,2023-09-13,8459
3209,全科,10,0,10,康和-嘉義,2023-09-13,8459
3325,旭品,13,3,10,康和-嘉義,2023-09-13,8459
4904,遠傳,10,0,10,康和-嘉義,2023-09-13,8459
5009,榮剛,15,5,10,康和-嘉義,2023-09-13,8459
2883,凱基金,10,1,9,康和-嘉義,2023-09-13,8459
5225,東科-KY,9,0,9,康和-嘉義,2023-09-13,8459
3037,欣興,10,1,9,康和-嘉義,2023-09-13,8459
8046,南電,14,6,8,康和-嘉義,2023-09-13,8459
3711,日月光投控,8,0,8,康和-嘉義,2023-09-13,8459
00715L,期街口布蘭特正2,10,2,8,康和-嘉義,2023-09-13,8459
4105,東洋,13,5,8,康和-嘉義,2023-09-13,8459
8222,寶一,9,1,8,康和-嘉義,2023-09-13,8459
2329,華泰,9,2,7,康和-嘉義,2023-09-13,8459
2610,華航,20,13,7,康和-嘉義,2023-09-13,8459
3548,兆利,8,1,7,康和-嘉義,2023-09-13,8459
2317,鴻海,8,1,7,康和-嘉義,2023-09-13,8459
5347,世界,9,2,7,康和-嘉義,2023-09-13,8459
2488,漢平,86,0,86,康和-嘉義,2023-09-14,8459
2485,兆赫,82,3,79,康和-嘉義,2023-09-14,8459
00751B,元大AAA至A公司債,71,0,71,康和-嘉義,2023-09-14,8459
00752,中信中國50,40,0,40,康和-嘉義,2023-09-14,8459
00882,中信中國高股息,40,0,40,康和-嘉義,2023-09-14,8459
2618,長榮航,40,2,38,康和-嘉義,2023-09-14,8459
2382,廣達,138,102,36,康和-嘉義,2023-09-14,8459
1319,東陽,78,42,36,康和-嘉義,2023-09-14,8459
4128,中天,30,0,30,康和-嘉義,2023-09-14,8459
1560,中砂,27,0,27,康和-嘉義,2023-09-14,8459
6282,康舒,34,9,25,康和-嘉義,2023-09-14,8459
2313,華通,96,73,23,康和-嘉義,2023-09-14,8459
00919,群益台灣精選高息,44,22,22,康和-嘉義,2023-09-14,8459
1584,精剛,23,2,21,康和-嘉義,2023-09-14,8459
2356,英業達,34,14,20,康和-嘉義,2023-09-14,8459
2801,彰銀,30,11,19,康和-嘉義,2023-09-14,8459
3163,波若威,59,40,19,康和-嘉義,2023-09-14,8459
2363,矽統,338,320,18,康和-嘉義,2023-09-14,8459
00885,富邦越南,17,0,17,康和-嘉義,2023-09-14,8459
2402,毅嘉,25,9,16,康和-嘉義,2023-09-14,8459
6274,台燿,33,17,16,康和-嘉義,2023-09-14,8459
8086,宏捷科,17,1,16,康和-嘉義,2023-09-14,8459
2103,台橡,15,0,15,康和-嘉義,2023-09-14,8459
2405,輔信,15,1,14,康和-嘉義,2023-09-14,8459
2603,長榮,22,10,12,康和-嘉義,2023-09-14,8459
8358,金居,13,1,12,康和-嘉義,2023-09-14,8459
3257,虹冠電,18,7,11,康和-嘉義,2023-09-14,8459
6244,茂迪,11,0,11,康和-嘉義,2023-09-14,8459
00923,群益台ESG低碳50,10,0,10,康和-嘉義,2023-09-14,8459
2538,基泰,10,0,10,康和-嘉義,2023-09-14,8459
00673R,期元大S＆P原油反1,10,0,10,康和-嘉義,2023-09-14,8459
1409,新纖,10,0,10,康和-嘉義,2023-09-14,8459
1718,中纖,10,0,10,康和-嘉義,2023-09-14,8459
2369,菱生,10,0,10,康和-嘉義,2023-09-14,8459
2736,富野,10,0,10,康和-嘉義,2023-09-14,8459
3266,昇陽,10,0,10,康和-嘉義,2023-09-14,8459
3591,艾笛森,10,0,10,康和-嘉義,2023-09-14,8459
6197,佳必琪,10,0,10,康和-嘉義,2023-09-14,8459
2601,益航,10,0,10,康和-嘉義,2023-09-14,8459
2323,中環,12,2,10,康和-嘉義,2023-09-14,8459
1310,台苯,10,0,10,康和-嘉義,2023-09-14,8459
2436,偉詮電,13,4,9,康和-嘉義,2023-09-14,8459
5225,東科-KY,9,0,9,康和-嘉義,2023-09-14,8459
3090,日電貿,10,1,9,康和-嘉義,2023-09-14,8459
1101,台泥,10,2,8,康和-嘉義,2023-09-14,8459
2371,大同,9,1,8,康和-嘉義,2023-09-14,8459
2634,漢翔,18,10,8,康和-嘉義,2023-09-14,8459
4979,華星光,56,48,8,康和-嘉義,2023-09-14,8459
6285,啟��,28,20,8,康和-嘉義,2023-09-14,8459
00929,復華台灣科技優息,129,122,7,康和-嘉義,2023-09-14,8459
00929,復華台灣科技優息,199,26,173,康和-嘉義,2023-09-15,8459
00919,群益台灣精選高息,176,5,171,康和-嘉義,2023-09-15,8459
2618,長榮航,83,5,78,康和-嘉義,2023-09-15,8459
4529,淳紳,44,0,44,康和-嘉義,2023-09-15,8459
3481,群創,40,1,39,康和-嘉義,2023-09-15,8459
2488,漢平,38,5,33,康和-嘉義,2023-09-15,8459
6279,胡連,31,1,30,康和-嘉義,2023-09-15,8459
2634,漢翔,44,16,28,康和-嘉義,2023-09-15,8459
2486,一詮,55,28,27,康和-嘉義,2023-09-15,8459
00900,富邦特選高股息30,49,23,26,康和-嘉義,2023-09-15,8459
2405,輔信,33,10,23,康和-嘉義,2023-09-15,8459
1522,堤維西,50,28,22,康和-嘉義,2023-09-15,8459
2880,華南金,20,0,20,康和-嘉義,2023-09-15,8459
2103,台橡,20,0,20,康和-嘉義,2023-09-15,8459
1815,富喬,20,0,20,康和-嘉義,2023-09-15,8459
2317,鴻海,21,1,20,康和-嘉義,2023-09-15,8459
2535,達欣工,19,0,19,康和-嘉義,2023-09-15,8459
6104,創惟,17,0,17,康和-嘉義,2023-09-15,8459
3715,定穎投控,100,84,16,康和-嘉義,2023-09-15,8459
9958,世紀鋼,33,17,16,康和-嘉義,2023-09-15,8459
3163,波若威,73,57,16,康和-嘉義,2023-09-15,8459
3266,昇陽,16,0,16,康和-嘉義,2023-09-15,8459
2303,聯電,21,6,15,康和-嘉義,2023-09-15,8459
2884,玉山金,17,3,14,康和-嘉義,2023-09-15,8459
1319,東陽,18,6,12,康和-嘉義,2023-09-15,8459
5706,鳳凰,12,0,12,康和-嘉義,2023-09-15,8459
2606,裕民,79,67,12,康和-嘉義,2023-09-15,8459
2014,中鴻,16,5,11,康和-嘉義,2023-09-15,8459
2449,京元電子,15,4,11,康和-嘉義,2023-09-15,8459
8358,金居,13,2,11,康和-嘉義,2023-09-15,8459
2897,王道銀行,10,0,10,康和-嘉義,2023-09-15,8459
00673R,期元大S＆P原油反1,10,0,10,康和-嘉義,2023-09-15,8459
00918,大華優利高填息30,10,0,10,康和-嘉義,2023-09-15,8459
2069,運錩,10,0,10,康和-嘉義,2023-09-15,8459
6170,統振,10,0,10,康和-嘉義,2023-09-15,8459
8110,華東,10,0,10,康和-嘉義,2023-09-15,8459
8112,至上,20,10,10,康和-嘉義,2023-09-15,8459
2063,世鎧,9,0,9,康和-嘉義,2023-09-15,8459
5243,乙盛-KY,9,0,9,康和-嘉義,2023-09-15,8459
6244,茂迪,10,1,9,康和-嘉義,2023-09-15,8459
2329,華泰,11,3,8,康和-嘉義,2023-09-15,8459
6223,旺矽,11,3,8,康和-嘉義,2023-09-15,8459
2358,廷鑫,10,2,8,康和-嘉義,2023-09-15,8459
3380,明泰,11,3,8,康和-嘉義,2023-09-15,8459
4967,十銓,31,23,8,康和-嘉義,2023-09-15,8459
9103,美德醫療-DR,8,0,8,康和-嘉義,2023-09-15,8459
2409,友達,10,2,8,康和-嘉義,2023-09-15,8459
2891,中信金,10,3,7,康和-嘉義,2023-09-15,8459
00931B,統一美債20年,7,0,7,康和-嘉義,2023-09-15,8459
00715L,期街口布蘭特正2,10,3,7,康和-嘉義,2023-09-15,8459
00929,復華台灣科技優息,117,11,106,康和-嘉義,2023-09-18,8459
2344,華邦電,90,2,88,康和-嘉義,2023-09-18,8459
2603,長榮,91,33,58,康和-嘉義,2023-09-18,8459
00679B,元大美債20年,60,2,58,康和-嘉義,2023-09-18,8459
2367,燿華,121,72,49,康和-嘉義,2023-09-18,8459
2363,矽統,174,126,48,康和-嘉義,2023-09-18,8459
00919,群益台灣精選高息,51,6,45,康和-嘉義,2023-09-18,8459
2382,廣達,88,54,34,康和-嘉義,2023-09-18,8459
3231,緯創,62,38,24,康和-嘉義,2023-09-18,8459
00878,國泰永續高股息,22,0,22,康和-嘉義,2023-09-18,8459
1447,力鵬,16,0,16,康和-嘉義,2023-09-18,8459
00633L,富邦上証正2,15,0,15,康和-嘉義,2023-09-18,8459
2023,燁輝,15,1,14,康和-嘉義,2023-09-18,8459
1504,東元,15,2,13,康和-嘉義,2023-09-18,8459
1101,台泥,12,0,12,康和-嘉義,2023-09-18,8459
00931B,統一美債20年,14,2,12,康和-嘉義,2023-09-18,8459
2888,新光金,122,110,12,康和-嘉義,2023-09-18,8459
4561,健椿,20,9,11,康和-嘉義,2023-09-18,8459
2330,台積電,13,2,11,康和-嘉義,2023-09-18,8459
00680L,元大美債20正2,10,0,10,康和-嘉義,2023-09-18,8459
1326,台化,13,3,10,康和-嘉義,2023-09-18,8459
2618,長榮航,24,14,10,康和-嘉義,2023-09-18,8459
2633,台灣高鐵,10,0,10,康和-嘉義,2023-09-18,8459
2881,富邦金,10,0,10,康和-嘉義,2023-09-18,8459
5371,中光電,14,4,10,康和-嘉義,2023-09-18,8459
6188,廣明,14,4,10,康和-嘉義,2023-09-18,8459
6234,高僑,10,0,10,康和-嘉義,2023-09-18,8459
2355,敬鵬,27,17,10,康和-嘉義,2023-09-18,8459
2408,南亞科,10,0,10,康和-嘉義,2023-09-18,8459
4979,華星光,11,2,9,康和-嘉義,2023-09-18,8459
2634,漢翔,15,6,9,康和-嘉義,2023-09-18,8459
1584,精剛,12,3,9,康和-嘉義,2023-09-18,8459
2356,英業達,40,31,9,康和-嘉義,2023-09-18,8459
3163,波若威,35,26,9,康和-嘉義,2023-09-18,8459
3338,泰碩,9,0,9,康和-嘉義,2023-09-18,8459
6446,藥華藥,18,9,9,康和-嘉義,2023-09-18,8459
3017,奇鋐,18,10,8,康和-嘉義,2023-09-18,8459
00921,兆豐龍頭等權重,8,0,8,康和-嘉義,2023-09-18,8459
00830,國泰費城半導體,8,0,8,康和-嘉義,2023-09-18,8459
2063,世鎧,7,0,7,康和-嘉義,2023-09-18,8459
2630,亞航,10,3,7,康和-嘉義,2023-09-18,8459
3324,雙鴻,13,6,7,康和-嘉義,2023-09-18,8459
4174,浩鼎,7,0,7,康和-嘉義,2023-09-18,8459
6274,台燿,31,24,7,康和-嘉義,2023-09-18,8459
9103,美德醫療-DR,7,0,7,康和-嘉義,2023-09-18,8459
2027,大成鋼,10,4,6,康和-嘉義,2023-09-18,8459
3706,神達,7,1,6,康和-嘉義,2023-09-18,8459
00730,富邦臺灣優質高息,6,0,6,康和-嘉義,2023-09-18,8459
2637,慧洋-KY,7,1,6,康和-嘉義,2023-09-18,8459
2939,永邑-KY,6,0,6,康和-嘉義,2023-09-18,8459
00673R,期元大S＆P原油反1,210,0,210,康和-嘉義,2023-09-19,8459
2363,矽統,181,121,60,康和-嘉義,2023-09-19,8459
00921,兆豐龍頭等權重,59,0,59,康和-嘉義,2023-09-19,8459
00929,復華台灣科技優息,54,7,47,康和-嘉義,2023-09-19,8459
2356,英業達,66,20,46,康和-嘉義,2023-09-19,8459
6411,晶焱,42,0,42,康和-嘉義,2023-09-19,8459
6150,撼訊,33,0,33,康和-嘉義,2023-09-19,8459
2637,慧洋-KY,41,9,32,康和-嘉義,2023-09-19,8459
2610,華航,29,2,27,康和-嘉義,2023-09-19,8459
2201,裕隆,28,2,26,康和-嘉義,2023-09-19,8459
6901,鑽石投資,28,2,26,康和-嘉義,2023-09-19,8459
2376,技嘉,63,38,25,康和-嘉義,2023-09-19,8459
00919,群益台灣精選高息,25,2,23,康和-嘉義,2023-09-19,8459
2392,正崴,23,1,22,康和-嘉義,2023-09-19,8459
3081,聯亞,21,0,21,康和-嘉義,2023-09-19,8459
3689,湧德,22,1,21,康和-嘉義,2023-09-19,8459
3481,群創,21,0,21,康和-嘉義,2023-09-19,8459
4967,十銓,23,4,19,康和-嘉義,2023-09-19,8459
2603,長榮,53,34,19,康和-嘉義,2023-09-19,8459
2618,長榮航,18,1,17,康和-嘉義,2023-09-19,8459
5225,東科-KY,16,0,16,康和-嘉義,2023-09-19,8459
8215,明基材,16,1,15,康和-嘉義,2023-09-19,8459
3035,智原,32,18,14,康和-嘉義,2023-09-19,8459
2401,凌陽,25,11,14,康和-嘉義,2023-09-19,8459
2330,台積電,17,4,13,康和-嘉義,2023-09-19,8459
3380,明泰,13,0,13,康和-嘉義,2023-09-19,8459
3450,聯鈞,19,6,13,康和-嘉義,2023-09-19,8459
1409,新纖,12,0,12,康和-嘉義,2023-09-19,8459
2485,兆赫,13,1,12,康和-嘉義,2023-09-19,8459
2402,毅嘉,22,11,11,康和-嘉義,2023-09-19,8459
2834,臺企銀,10,0,10,康和-嘉義,2023-09-19,8459
00752,中信中國50,10,0,10,康和-嘉義,2023-09-19,8459
00898,國泰基因免疫革命,10,0,10,康和-嘉義,2023-09-19,8459
1524,耿鼎,10,0,10,康和-嘉義,2023-09-19,8459
1720,生達,10,0,10,康和-嘉義,2023-09-19,8459
2606,裕民,10,0,10,康和-嘉義,2023-09-19,8459
3707,漢磊,10,0,10,康和-嘉義,2023-09-19,8459
4714,永捷,12,2,10,康和-嘉義,2023-09-19,8459
5457,宣德,11,1,10,康和-嘉義,2023-09-19,8459
2913,農林,10,0,10,康和-嘉義,2023-09-19,8459
3231,緯創,55,46,9,康和-嘉義,2023-09-19,8459
3046,建��,20,11,9,康和-嘉義,2023-09-19,8459
3092,鴻碩,9,0,9,康和-嘉義,2023-09-19,8459
2425,承啟,8,0,8,康和-嘉義,2023-09-19,8459
2498,宏達電,8,0,8,康和-嘉義,2023-09-19,8459
4532,瑞智,8,0,8,康和-嘉義,2023-09-19,8459
4944,兆遠,8,0,8,康和-嘉義,2023-09-19,8459
6446,藥華藥,24,16,8,康和-嘉義,2023-09-19,8459
8076,伍豐,8,0,8,康和-嘉義,2023-09-19,8459
1795,美時,11,4,7,康和-嘉義,2023-09-19,8459
2888,新光金,104,0,104,康和-嘉義,2023-09-20,8459
2344,華邦電,95,5,90,康和-嘉義,2023-09-20,8459
00921,兆豐龍頭等權重,73,0,73,康和-嘉義,2023-09-20,8459
00919,群益台灣精選高息,65,0,65,康和-嘉義,2023-09-20,8459
3481,群創,42,0,42,康和-嘉義,2023-09-20,8459
2449,京元電子,80,39,41,康和-嘉義,2023-09-20,8459
00673R,期元大S＆P原油反1,33,3,30,康和-嘉義,2023-09-20,8459
2332,友訊,45,17,28,康和-嘉義,2023-09-20,8459
2354,鴻準,43,19,24,康和-嘉義,2023-09-20,8459
3036,文曄,79,55,24,康和-嘉義,2023-09-20,8459
1513,中興電,25,1,24,康和-嘉義,2023-09-20,8459
4561,健椿,24,2,22,康和-嘉義,2023-09-20,8459
5880,合庫金,22,0,22,康和-嘉義,2023-09-20,8459
2104,國際中橡,20,0,20,康和-嘉義,2023-09-20,8459
1712,興農,20,0,20,康和-嘉義,2023-09-20,8459
00712,復華富時不動產,18,0,18,康和-嘉義,2023-09-20,8459
2618,長榮航,26,9,17,康和-嘉義,2023-09-20,8459
8046,南電,22,5,17,康和-嘉義,2023-09-20,8459
8064,東捷,21,5,16,康和-嘉義,2023-09-20,8459
6150,撼訊,16,0,16,康和-嘉義,2023-09-20,8459
2330,台積電,21,6,15,康和-嘉義,2023-09-20,8459
3265,台星科,77,62,15,康和-嘉義,2023-09-20,8459
2382,廣達,62,48,14,康和-嘉義,2023-09-20,8459
2498,宏達電,14,0,14,康和-嘉義,2023-09-20,8459
00715L,期街口布蘭特正2,12,0,12,康和-嘉義,2023-09-20,8459
8215,明基材,12,0,12,康和-嘉義,2023-09-20,8459
6215,和椿,11,0,11,康和-嘉義,2023-09-20,8459
1609,大亞,31,20,11,康和-嘉義,2023-09-20,8459
2417,圓剛,11,1,10,康和-嘉義,2023-09-20,8459
2883,凱基金,10,0,10,康和-嘉義,2023-09-20,8459
00898,國泰基因免疫革命,10,0,10,康和-嘉義,2023-09-20,8459
00636,國泰中國A50,10,0,10,康和-嘉義,2023-09-20,8459
2615,萬海,25,15,10,康和-嘉義,2023-09-20,8459
3217,優群,10,0,10,康和-嘉義,2023-09-20,8459
4207,環泰,10,0,10,康和-嘉義,2023-09-20,8459
5483,中美晶,10,0,10,康和-嘉義,2023-09-20,8459
912000,晨訊科-DR,10,0,10,康和-嘉義,2023-09-20,8459
9950,萬國通,10,0,10,康和-嘉義,2023-09-20,8459
2409,友達,13,4,9,康和-嘉義,2023-09-20,8459
3163,波若威,18,9,9,康和-嘉義,2023-09-20,8459
6177,達麗,9,0,9,康和-嘉義,2023-09-20,8459
00665L,富邦�琤肭磪囓�2,8,0,8,康和-嘉義,2023-09-20,8459
2610,華航,8,0,8,康和-嘉義,2023-09-20,8459
3032,偉訓,35,27,8,康和-嘉義,2023-09-20,8459
1795,美時,9,2,7,康和-嘉義,2023-09-20,8459
1809,中釉,12,5,7,康和-嘉義,2023-09-20,8459
3004,豐達科,7,0,7,康和-嘉義,2023-09-20,8459
3013,晟銘電,10,3,7,康和-嘉義,2023-09-20,8459
1802,台玻,11,4,7,康和-嘉義,2023-09-20,8459
2834,臺企銀,6,0,6,康和-嘉義,2023-09-20,8459
00665L,富邦�琤肭磪囓�2,170,0,170,康和-嘉義,2023-09-21,8459
2610,華航,167,2,165,康和-嘉義,2023-09-21,8459
00632R,元大台灣50反1,205,64,141,康和-嘉義,2023-09-21,8459
00929,復華台灣科技優息,96,19,77,康和-嘉義,2023-09-21,8459
2888,新光金,53,0,53,康和-嘉義,2023-09-21,8459
5880,合庫金,48,0,48,康和-嘉義,2023-09-21,8459
2344,華邦電,45,1,44,康和-嘉義,2023-09-21,8459
3037,欣興,59,21,38,康和-嘉義,2023-09-21,8459
2313,華通,39,4,35,康和-嘉義,2023-09-21,8459
3450,聯鈞,61,27,34,康和-嘉義,2023-09-21,8459
2880,華南金,32,1,31,康和-嘉義,2023-09-21,8459
2324,仁寶,28,0,28,康和-嘉義,2023-09-21,8459
2618,長榮航,35,7,28,康和-嘉義,2023-09-21,8459
2891,中信金,28,0,28,康和-嘉義,2023-09-21,8459
6215,和椿,27,0,27,康和-嘉義,2023-09-21,8459
00919,群益台灣精選高息,26,0,26,康和-嘉義,2023-09-21,8459
3617,碩天,26,3,23,康和-嘉義,2023-09-21,8459
2330,台積電,28,5,23,康和-嘉義,2023-09-21,8459
00679B,元大美債20年,22,0,22,康和-嘉義,2023-09-21,8459
1101,台泥,23,2,21,康和-嘉義,2023-09-21,8459
00680L,元大美債20正2,21,0,21,康和-嘉義,2023-09-21,8459
2312,金寶,25,4,21,康和-嘉義,2023-09-21,8459
2883,凱基金,20,0,20,康和-嘉義,2023-09-21,8459
3231,緯創,183,164,19,康和-嘉義,2023-09-21,8459
00922,國泰台灣領袖50,18,0,18,康和-嘉義,2023-09-21,8459
3707,漢磊,25,7,18,康和-嘉義,2023-09-21,8459
2882,國泰金,18,0,18,康和-嘉義,2023-09-21,8459
6153,嘉聯益,17,0,17,康和-嘉義,2023-09-21,8459
3013,晟銘電,25,9,16,康和-嘉義,2023-09-21,8459
2645,長榮航太,15,0,15,康和-嘉義,2023-09-21,8459
1714,和桐,15,0,15,康和-嘉義,2023-09-21,8459
00637L,元大滬深300正2,15,0,15,康和-嘉義,2023-09-21,8459
8215,明基材,16,1,15,康和-嘉義,2023-09-21,8459
00878,國泰永續高股息,26,12,14,康和-嘉義,2023-09-21,8459
2834,臺企銀,14,0,14,康和-嘉義,2023-09-21,8459
2367,燿華,71,57,14,康和-嘉義,2023-09-21,8459
4561,健椿,19,5,14,康和-嘉義,2023-09-21,8459
6168,宏齊,16,2,14,康和-嘉義,2023-09-21,8459
6223,旺矽,14,0,14,康和-嘉義,2023-09-21,8459
3715,定穎投控,61,48,13,康和-嘉義,2023-09-21,8459
3035,智原,45,32,13,康和-嘉義,2023-09-21,8459
5227,立凱-KY,13,0,13,康和-嘉義,2023-09-21,8459
4979,華星光,18,6,12,康和-嘉義,2023-09-21,8459
0056,元大高股息,12,0,12,康和-嘉義,2023-09-21,8459
6197,佳必琪,11,0,11,康和-嘉義,2023-09-21,8459
2884,玉山金,12,1,11,康和-嘉義,2023-09-21,8459
0050,元大台灣50,10,0,10,康和-嘉義,2023-09-21,8459
8068,全達,18,8,10,康和-嘉義,2023-09-21,8459
00892,富邦台灣半導體,10,0,10,康和-嘉義,2023-09-21,8459
00636,國泰中國A50,10,0,10,康和-嘉義,2023-09-21,8459
00680L,元大美債20正2,190,0,190,康和-嘉義,2023-09-22,8459
1714,和桐,58,0,58,康和-嘉義,2023-09-22,8459
00715L,期街口布蘭特正2,55,0,55,康和-嘉義,2023-09-22,8459
00712,復華富時不動產,49,0,49,康和-嘉義,2023-09-22,8459
2618,長榮航,47,4,43,康和-嘉義,2023-09-22,8459
1440,南紡,40,0,40,康和-嘉義,2023-09-22,8459
1101,台泥,38,0,38,康和-嘉義,2023-09-22,8459
3548,兆利,39,7,32,康和-嘉義,2023-09-22,8459
6150,撼訊,31,1,30,康和-嘉義,2023-09-22,8459
2801,彰銀,27,0,27,康和-嘉義,2023-09-22,8459
2303,聯電,25,0,25,康和-嘉義,2023-09-22,8459
00679B,元大美債20年,35,10,25,康和-嘉義,2023-09-22,8459
3062,建漢,20,0,20,康和-嘉義,2023-09-22,8459
00931B,統一美債20年,19,0,19,康和-嘉義,2023-09-22,8459
3078,僑威,22,5,17,康和-嘉義,2023-09-22,8459
00687B,國泰20年美債,16,0,16,康和-嘉義,2023-09-22,8459
2485,兆赫,15,0,15,康和-嘉義,2023-09-22,8459
2409,友達,14,0,14,康和-嘉義,2023-09-22,8459
2834,臺企銀,14,0,14,康和-嘉義,2023-09-22,8459
1795,美時,18,5,13,康和-嘉義,2023-09-22,8459
2329,華泰,18,6,12,康和-嘉義,2023-09-22,8459
3707,漢磊,13,1,12,康和-嘉義,2023-09-22,8459
6191,精成科,14,2,12,康和-嘉義,2023-09-22,8459
00885,富邦越南,12,1,11,康和-嘉義,2023-09-22,8459
00772B,中信高評級公司債,11,0,11,康和-嘉義,2023-09-22,8459
1447,力鵬,10,0,10,康和-嘉義,2023-09-22,8459
2010,春源,10,0,10,康和-嘉義,2023-09-22,8459
3588,通嘉,10,0,10,康和-嘉義,2023-09-22,8459
2330,台積電,15,6,9,康和-嘉義,2023-09-22,8459
2630,亞航,9,0,9,康和-嘉義,2023-09-22,8459
5880,合庫金,8,0,8,康和-嘉義,2023-09-22,8459
00720B,元大投資級公司債,8,0,8,康和-嘉義,2023-09-22,8459
2468,華經,10,2,8,康和-嘉義,2023-09-22,8459
3037,欣興,42,35,7,康和-嘉義,2023-09-22,8459
00725B,國泰投資級公司債,7,0,7,康和-嘉義,2023-09-22,8459
3029,零壹,7,0,7,康和-嘉義,2023-09-22,8459
5225,東科-KY,7,0,7,康和-嘉義,2023-09-22,8459
2892,第一金,9,2,7,康和-嘉義,2023-09-22,8459
2881,富邦金,6,0,6,康和-嘉義,2023-09-22,8459
2301,光寶科,9,3,6,康和-嘉義,2023-09-22,8459
2884,玉山金,6,0,6,康和-嘉義,2023-09-22,8459
1789,神隆,6,0,6,康和-嘉義,2023-09-22,8459
2449,京元電子,14,8,6,康和-嘉義,2023-09-22,8459
3217,優群,6,0,6,康和-嘉義,2023-09-22,8459
3704,合勤控,7,1,6,康和-嘉義,2023-09-22,8459
4908,前鼎,14,8,6,康和-嘉義,2023-09-22,8459
5340,建榮,6,0,6,康和-嘉義,2023-09-22,8459
6901,鑽石投資,7,1,6,康和-嘉義,2023-09-22,8459
2421,建準,7,2,5,康和-嘉義,2023-09-22,8459
2603,長榮,19,14,5,康和-嘉義,2023-09-22,8459
00632R,元大台灣50反1,505,0,505,康和-嘉義,2023-09-25,8459
00665L,富邦�琤肭磪囓�2,173,2,171,康和-嘉義,2023-09-25,8459
2363,矽統,129,45,84,康和-嘉義,2023-09-25,8459
2542,興富發,51,0,51,康和-嘉義,2023-09-25,8459
2618,長榮航,107,71,36,康和-嘉義,2023-09-25,8459
1815,富喬,86,50,36,康和-嘉義,2023-09-25,8459
2888,新光金,35,4,31,康和-嘉義,2023-09-25,8459
4128,中天,30,0,30,康和-嘉義,2023-09-25,8459
6901,鑽石投資,32,2,30,康和-嘉義,2023-09-25,8459
00679B,元大美債20年,24,0,24,康和-嘉義,2023-09-25,8459
2313,華通,31,8,23,康和-嘉義,2023-09-25,8459
2382,廣達,71,49,22,康和-嘉義,2023-09-25,8459
2834,臺企銀,22,0,22,康和-嘉義,2023-09-25,8459
1101,台泥,21,0,21,康和-嘉義,2023-09-25,8459
2419,仲琦,22,1,21,康和-嘉義,2023-09-25,8459
00929,復華台灣科技優息,32,12,20,康和-嘉義,2023-09-25,8459
4529,淳紳,20,0,20,康和-嘉義,2023-09-25,8459
2367,燿華,69,53,16,康和-嘉義,2023-09-25,8459
2891,中信金,16,0,16,康和-嘉義,2023-09-25,8459
2376,技嘉,71,56,15,康和-嘉義,2023-09-25,8459
2882,國泰金,14,0,14,康和-嘉義,2023-09-25,8459
3037,欣興,30,16,14,康和-嘉義,2023-09-25,8459
3051,力特,15,3,12,康和-嘉義,2023-09-25,8459
2353,宏��,11,0,11,康和-嘉義,2023-09-25,8459
00919,群益台灣精選高息,11,1,10,康和-嘉義,2023-09-25,8459
00687B,國泰20年美債,10,0,10,康和-嘉義,2023-09-25,8459
2010,春源,10,0,10,康和-嘉義,2023-09-25,8459
1102,亞泥,10,0,10,康和-嘉義,2023-09-25,8459
2801,彰銀,10,0,10,康和-嘉義,2023-09-25,8459
1504,東元,27,18,9,康和-嘉義,2023-09-25,8459
2421,建準,16,7,9,康和-嘉義,2023-09-25,8459
6282,康舒,12,3,9,康和-嘉義,2023-09-25,8459
2845,遠東銀,8,0,8,康和-嘉義,2023-09-25,8459
1522,堤維西,10,2,8,康和-嘉義,2023-09-25,8459
3149,正達,15,7,8,康和-嘉義,2023-09-25,8459
2303,聯電,10,3,7,康和-嘉義,2023-09-25,8459
3706,神達,16,9,7,康和-嘉義,2023-09-25,8459
3583,辛耘,16,9,7,康和-嘉義,2023-09-25,8459
3325,旭品,7,0,7,康和-嘉義,2023-09-25,8459
4979,華星光,23,16,7,康和-嘉義,2023-09-25,8459
6727,亞泰金屬,7,0,7,康和-嘉義,2023-09-25,8459
3515,華擎,6,0,6,康和-嘉義,2023-09-25,8459
4542,科嶠,7,1,6,康和-嘉義,2023-09-25,8459
2388,威盛,19,14,5,康和-嘉義,2023-09-25,8459
00720B,元大投資級公司債,5,0,5,康和-嘉義,2023-09-25,8459
00924,復華S＆P500成長,5,0,5,康和-嘉義,2023-09-25,8459
2606,裕民,5,0,5,康和-嘉義,2023-09-25,8459
2890,永豐金,5,0,5,康和-嘉義,2023-09-25,8459
3290,東浦,5,0,5,康和-嘉義,2023-09-25,8459
8147,正淩,5,0,5,康和-嘉義,2023-09-25,8459
00665L,富邦�琤肭磪囓�2,106,0,106,康和-嘉義,2023-09-26,8459
2610,華航,107,3,104,康和-嘉義,2023-09-26,8459
00929,復華台灣科技優息,54,5,49,康和-嘉義,2023-09-26,8459
2845,遠東銀,42,0,42,康和-嘉義,2023-09-26,8459
2344,華邦電,44,7,37,康和-嘉義,2023-09-26,8459
2367,燿華,41,6,35,康和-嘉義,2023-09-26,8459
3325,旭品,35,0,35,康和-嘉義,2023-09-26,8459
2409,友達,34,0,34,康和-嘉義,2023-09-26,8459
2303,聯電,33,0,33,康和-嘉義,2023-09-26,8459
00905,FT臺灣Smart,30,0,30,康和-嘉義,2023-09-26,8459
2618,長榮航,30,1,29,康和-嘉義,2023-09-26,8459
6122,擎邦,29,0,29,康和-嘉義,2023-09-26,8459
00919,群益台灣精選高息,28,1,27,康和-嘉義,2023-09-26,8459
1504,東元,48,21,27,康和-嘉義,2023-09-26,8459
2332,友訊,26,0,26,康和-嘉義,2023-09-26,8459
8210,勤誠,57,31,26,康和-嘉義,2023-09-26,8459
5465,富驊,24,0,24,康和-嘉義,2023-09-26,8459
00893,國泰智能電動車,23,0,23,康和-嘉義,2023-09-26,8459
3290,東浦,22,0,22,康和-嘉義,2023-09-26,8459
2208,台船,20,0,20,康和-嘉義,2023-09-26,8459
6160,欣技,20,0,20,康和-嘉義,2023-09-26,8459
00712,復華富時不動產,32,13,19,康和-嘉義,2023-09-26,8459
2402,毅嘉,22,3,19,康和-嘉義,2023-09-26,8459
1101,台泥,18,0,18,康和-嘉義,2023-09-26,8459
2634,漢翔,23,5,18,康和-嘉義,2023-09-26,8459
6579,研揚,17,0,17,康和-嘉義,2023-09-26,8459
1605,華新,17,1,16,康和-嘉義,2023-09-26,8459
4128,中天,16,0,16,康和-嘉義,2023-09-26,8459
1519,華城,88,73,15,康和-嘉義,2023-09-26,8459
3707,漢磊,18,3,15,康和-嘉義,2023-09-26,8459
6901,鑽石投資,15,0,15,康和-嘉義,2023-09-26,8459
2883,凱基金,15,1,14,康和-嘉義,2023-09-26,8459
00679B,元大美債20年,13,0,13,康和-嘉義,2023-09-26,8459
3481,群創,25,12,13,康和-嘉義,2023-09-26,8459
2881,富邦金,13,0,13,康和-嘉義,2023-09-26,8459
2313,華通,35,23,12,康和-嘉義,2023-09-26,8459
2377,微星,21,10,11,康和-嘉義,2023-09-26,8459
1460,宏遠,10,0,10,康和-嘉義,2023-09-26,8459
2419,仲琦,10,0,10,康和-嘉義,2023-09-26,8459
3044,健鼎,11,1,10,康和-嘉義,2023-09-26,8459
3715,定穎投控,158,148,10,康和-嘉義,2023-09-26,8459
4157,太景*-KY,10,0,10,康和-嘉義,2023-09-26,8459
5483,中美晶,10,0,10,康和-嘉義,2023-09-26,8459
8930,青鋼,10,0,10,康和-嘉義,2023-09-26,8459
2382,廣達,34,25,9,康和-嘉義,2023-09-26,8459
3693,營邦,13,4,9,康和-嘉義,2023-09-26,8459
6215,和椿,9,0,9,康和-嘉義,2023-09-26,8459
2330,台積電,9,0,9,康和-嘉義,2023-09-26,8459
2002,中鋼,10,2,8,康和-嘉義,2023-09-26,8459
00680L,元大美債20正2,8,0,8,康和-嘉義,2023-09-26,8459
00929,復華台灣科技優息,104,3,101,康和-嘉義,2023-09-27,8459
3715,定穎投控,355,287,68,康和-嘉義,2023-09-27,8459
00893,國泰智能電動車,58,0,58,康和-嘉義,2023-09-27,8459
6213,聯茂,66,14,52,康和-嘉義,2023-09-27,8459
2002,中鋼,55,4,51,康和-嘉義,2023-09-27,8459
2883,凱基金,47,1,46,康和-嘉義,2023-09-27,8459
3037,欣興,88,42,46,康和-嘉義,2023-09-27,8459
2405,輔信,40,0,40,康和-嘉義,2023-09-27,8459
2313,華通,89,52,37,康和-嘉義,2023-09-27,8459
1522,堤維西,27,2,25,康和-嘉義,2023-09-27,8459
6202,盛群,25,0,25,康和-嘉義,2023-09-27,8459
00919,群益台灣精選高息,23,0,23,康和-嘉義,2023-09-27,8459
6451,訊芯-KY,23,1,22,康和-嘉義,2023-09-27,8459
3013,晟銘電,24,3,21,康和-嘉義,2023-09-27,8459
6274,台燿,37,16,21,康和-嘉義,2023-09-27,8459
1605,華新,23,5,18,康和-嘉義,2023-09-27,8459
2834,臺企銀,17,0,17,康和-嘉義,2023-09-27,8459
4908,前鼎,38,22,16,康和-嘉義,2023-09-27,8459
6215,和椿,15,0,15,康和-嘉義,2023-09-27,8459
8210,勤誠,17,2,15,康和-嘉義,2023-09-27,8459
2368,金像電,21,8,13,康和-嘉義,2023-09-27,8459
3032,偉訓,33,20,13,康和-嘉義,2023-09-27,8459
4561,健椿,13,0,13,康和-嘉義,2023-09-27,8459
2363,矽統,57,45,12,康和-嘉義,2023-09-27,8459
3163,波若威,63,51,12,康和-嘉義,2023-09-27,8459
5227,立凱-KY,12,0,12,康和-嘉義,2023-09-27,8459
1101,台泥,11,0,11,康和-嘉義,2023-09-27,8459
3444,利機,11,0,11,康和-嘉義,2023-09-27,8459
4979,華星光,38,27,11,康和-嘉義,2023-09-27,8459
00673R,期元大S＆P原油反1,10,0,10,康和-嘉義,2023-09-27,8459
5483,中美晶,10,0,10,康和-嘉義,2023-09-27,8459
1815,富喬,45,35,10,康和-嘉義,2023-09-27,8459
00712,復華富時不動產,9,0,9,康和-嘉義,2023-09-27,8459
1560,中砂,16,7,9,康和-嘉義,2023-09-27,8459
2303,聯電,9,0,9,康和-嘉義,2023-09-27,8459
2382,廣達,114,106,8,康和-嘉義,2023-09-27,8459
2014,中鴻,7,0,7,康和-嘉義,2023-09-27,8459
2388,威盛,36,29,7,康和-嘉義,2023-09-27,8459
2485,兆赫,7,0,7,康和-嘉義,2023-09-27,8459
3051,力特,13,6,7,康和-嘉義,2023-09-27,8459
3713,新晶投控,7,0,7,康和-嘉義,2023-09-27,8459
6191,精成科,8,1,7,康和-嘉義,2023-09-27,8459
8068,全達,7,0,7,康和-嘉義,2023-09-27,8459
00715L,期街口布蘭特正2,12,6,6,康和-嘉義,2023-09-27,8459
2206,三陽工業,7,1,6,康和-嘉義,2023-09-27,8459
2417,圓剛,6,0,6,康和-嘉義,2023-09-27,8459
3036,文曄,86,80,6,康和-嘉義,2023-09-27,8459
3666,光耀,6,0,6,康和-嘉義,2023-09-27,8459
6548,長科*,6,0,6,康和-嘉義,2023-09-27,8459
1409,新纖,5,0,5,康和-嘉義,2023-09-27,8459
00673R,期元大S＆P原油反1,1443,0,1443,康和-嘉義,2023-09-28,8459
1471,首利,190,0,190,康和-嘉義,2023-09-28,8459
00665L,富邦�琤肭磪囓�2,104,0,104,康和-嘉義,2023-09-28,8459
2883,凱基金,70,2,68,康和-嘉義,2023-09-28,8459
2515,中工,73,7,66,康和-嘉義,2023-09-28,8459
3231,緯創,94,37,57,康和-嘉義,2023-09-28,8459
2610,華航,56,0,56,康和-嘉義,2023-09-28,8459
2382,廣達,204,148,56,康和-嘉義,2023-09-28,8459
2344,華邦電,44,3,41,康和-嘉義,2023-09-28,8459
2313,華通,82,45,37,康和-嘉義,2023-09-28,8459
2208,台船,40,10,30,康和-嘉義,2023-09-28,8459
00712,復華富時不動產,27,3,24,康和-嘉義,2023-09-28,8459
6282,康舒,35,11,24,康和-嘉義,2023-09-28,8459
6122,擎邦,29,6,23,康和-嘉義,2023-09-28,8459
2801,彰銀,20,0,20,康和-嘉義,2023-09-28,8459
2332,友訊,20,0,20,康和-嘉義,2023-09-28,8459
2377,微星,20,0,20,康和-嘉義,2023-09-28,8459
00919,群益台灣精選高息,18,1,17,康和-嘉義,2023-09-28,8459
00929,復華台灣科技優息,19,2,17,康和-嘉義,2023-09-28,8459
8420,明揚,16,0,16,康和-嘉義,2023-09-28,8459
00882,中信中國高股息,20,5,15,康和-嘉義,2023-09-28,8459
3290,東浦,15,0,15,康和-嘉義,2023-09-28,8459
00878,國泰永續高股息,16,2,14,康和-嘉義,2023-09-28,8459
2609,陽明,13,0,13,康和-嘉義,2023-09-28,8459
2408,南亞科,20,7,13,康和-嘉義,2023-09-28,8459
2939,永邑-KY,12,0,12,康和-嘉義,2023-09-28,8459
2002,中鋼,19,8,11,康和-嘉義,2023-09-28,8459
2606,裕民,11,0,11,康和-嘉義,2023-09-28,8459
3044,健鼎,12,1,11,康和-嘉義,2023-09-28,8459
9904,寶成,11,0,11,康和-嘉義,2023-09-28,8459
1460,宏遠,10,0,10,康和-嘉義,2023-09-28,8459
00681R,元大美債20反1,10,0,10,康和-嘉義,2023-09-28,8459
2485,兆赫,12,2,10,康和-嘉義,2023-09-28,8459
6146,耕興,10,0,10,康和-嘉義,2023-09-28,8459
1815,富喬,58,48,10,康和-嘉義,2023-09-28,8459
1301,台塑,9,0,9,康和-嘉義,2023-09-28,8459
3260,威剛,8,0,8,康和-嘉義,2023-09-28,8459
1809,中釉,9,1,8,康和-嘉義,2023-09-28,8459
2329,華泰,14,6,8,康和-嘉義,2023-09-28,8459
6806,森崴能源,10,2,8,康和-嘉義,2023-09-28,8459
2356,英業達,38,31,7,康和-嘉義,2023-09-28,8459
2317,鴻海,7,1,6,康和-嘉義,2023-09-28,8459
00795B,中信美國公債20年,5,0,5,康和-嘉義,2023-09-28,8459
2369,菱生,5,0,5,康和-嘉義,2023-09-28,8459
2402,毅嘉,23,18,5,康和-嘉義,2023-09-28,8459
2543,皇昌,10,5,5,康和-嘉義,2023-09-28,8459
3338,泰碩,6,1,5,康和-嘉義,2023-09-28,8459
3443,創意,5,0,5,康和-嘉義,2023-09-28,8459
3689,湧德,5,0,5,康和-嘉義,2023-09-28,8459
4142,國光生,5,0,5,康和-嘉義,2023-09-28,8459
1815,富喬,438,309,129,康和-嘉義,2023-10-02,8459
3058,立德,106,0,106,康和-嘉義,2023-10-02,8459
2356,英業達,192,121,71,康和-嘉義,2023-10-02,8459
2331,精英,55,0,55,康和-嘉義,2023-10-02,8459
00929,復華台灣科技優息,84,37,47,康和-嘉義,2023-10-02,8459
2888,新光金,46,0,46,康和-嘉義,2023-10-02,8459
3450,聯鈞,72,31,41,康和-嘉義,2023-10-02,8459
3325,旭品,82,44,38,康和-嘉義,2023-10-02,8459
4906,正文,39,7,32,康和-嘉義,2023-10-02,8459
2634,漢翔,30,6,24,康和-嘉義,2023-10-02,8459
2891,中信金,22,0,22,康和-嘉義,2023-10-02,8459
00919,群益台灣精選高息,24,2,22,康和-嘉義,2023-10-02,8459
2365,昆盈,20,0,20,康和-嘉義,2023-10-02,8459
6122,擎邦,23,4,19,康和-嘉義,2023-10-02,8459
2002,中鋼,18,0,18,康和-嘉義,2023-10-02,8459
2388,威盛,27,10,17,康和-嘉義,2023-10-02,8459
5227,立凱-KY,16,0,16,康和-嘉義,2023-10-02,8459
2618,長榮航,14,0,14,康和-嘉義,2023-10-02,8459
2612,中航,14,1,13,康和-嘉義,2023-10-02,8459
1584,精剛,15,2,13,康和-嘉義,2023-10-02,8459
2834,臺企銀,12,0,12,康和-嘉義,2023-10-02,8459
5371,中光電,16,5,11,康和-嘉義,2023-10-02,8459
3481,群創,11,0,11,康和-嘉義,2023-10-02,8459
2317,鴻海,11,0,11,康和-嘉義,2023-10-02,8459
1319,東陽,17,6,11,康和-嘉義,2023-10-02,8459
2892,第一金,12,1,11,康和-嘉義,2023-10-02,8459
4108,懷特,10,0,10,康和-嘉義,2023-10-02,8459
00764B,群益25年美債,10,0,10,康和-嘉義,2023-10-02,8459
1524,耿鼎,10,0,10,康和-嘉義,2023-10-02,8459
2640,大車隊,10,0,10,康和-嘉義,2023-10-02,8459
3081,聯亞,17,7,10,康和-嘉義,2023-10-02,8459
3308,聯德,10,0,10,康和-嘉義,2023-10-02,8459
3588,通嘉,10,0,10,康和-嘉義,2023-10-02,8459
6271,同欣電,10,0,10,康和-嘉義,2023-10-02,8459
8938,明安,10,0,10,康和-嘉義,2023-10-02,8459
00687B,國泰20年美債,10,0,10,康和-嘉義,2023-10-02,8459
00932,兆豐永續高息等權,10,1,9,康和-嘉義,2023-10-02,8459
2367,燿華,49,40,9,康和-嘉義,2023-10-02,8459
4979,華星光,9,0,9,康和-嘉義,2023-10-02,8459
2355,敬鵬,22,13,9,康和-嘉義,2023-10-02,8459
2605,新興,9,1,8,康和-嘉義,2023-10-02,8459
1102,亞泥,8,0,8,康和-嘉義,2023-10-02,8459
1618,合機,9,1,8,康和-嘉義,2023-10-02,8459
3105,穩懋,10,2,8,康和-嘉義,2023-10-02,8459
6275,元山,8,0,8,康和-嘉義,2023-10-02,8459
2409,友達,7,0,7,康和-嘉義,2023-10-02,8459
00632R,元大台灣50反1,7,0,7,康和-嘉義,2023-10-02,8459
4960,誠美材,7,0,7,康和-嘉義,2023-10-02,8459
8227,巨有科技,9,2,7,康和-嘉義,2023-10-02,8459
1809,中釉,12,6,6,康和-嘉義,2023-10-02,8459
00665L,富邦�琤肭磪囓�2,105,0,105,康和-嘉義,2023-10-03,8459
3058,立德,55,3,52,康和-嘉義,2023-10-03,8459
00922,國泰台灣領袖50,50,5,45,康和-嘉義,2023-10-03,8459
2409,友達,64,24,40,康和-嘉義,2023-10-03,8459
00712,復華富時不動產,37,0,37,康和-嘉義,2023-10-03,8459
2363,矽統,81,44,37,康和-嘉義,2023-10-03,8459
00680L,元大美債20正2,31,0,31,康和-嘉義,2023-10-03,8459
3231,緯創,93,67,26,康和-嘉義,2023-10-03,8459
00715L,期街口布蘭特正2,29,4,25,康和-嘉義,2023-10-03,8459
6806,森崴能源,23,1,22,康和-嘉義,2023-10-03,8459
2376,技嘉,30,8,22,康和-嘉義,2023-10-03,8459
3032,偉訓,51,31,20,康和-嘉義,2023-10-03,8459
6122,擎邦,21,2,19,康和-嘉義,2023-10-03,8459
2301,光寶科,25,7,18,康和-嘉義,2023-10-03,8459
3029,零壹,20,2,18,康和-嘉義,2023-10-03,8459
00753L,中信中國50正2,17,0,17,康和-嘉義,2023-10-03,8459
2421,建準,17,1,16,康和-嘉義,2023-10-03,8459
6146,耕興,16,0,16,康和-嘉義,2023-10-03,8459
00772B,中信高評級公司債,15,0,15,康和-嘉義,2023-10-03,8459
5227,立凱-KY,15,0,15,康和-嘉義,2023-10-03,8459
8222,寶一,17,2,15,康和-嘉義,2023-10-03,8459
00882,中信中國高股息,14,0,14,康和-嘉義,2023-10-03,8459
6288,聯嘉,52,38,14,康和-嘉義,2023-10-03,8459
3481,群創,25,12,13,康和-嘉義,2023-10-03,8459
00720B,元大投資級公司債,13,0,13,康和-嘉義,2023-10-03,8459
1904,正隆,13,0,13,康和-嘉義,2023-10-03,8459
2419,仲琦,15,2,13,康和-嘉義,2023-10-03,8459
4906,正文,12,0,12,康和-嘉義,2023-10-03,8459
2002,中鋼,12,0,12,康和-嘉義,2023-10-03,8459
1714,和桐,12,0,12,康和-嘉義,2023-10-03,8459
3308,聯德,12,0,12,康和-嘉義,2023-10-03,8459
9904,寶成,12,0,12,康和-嘉義,2023-10-03,8459
2834,臺企銀,11,0,11,康和-嘉義,2023-10-03,8459
4123,晟德,11,0,11,康和-嘉義,2023-10-03,8459
4960,誠美材,11,0,11,康和-嘉義,2023-10-03,8459
0056,元大高股息,18,7,11,康和-嘉義,2023-10-03,8459
00919,群益台灣精選高息,16,6,10,康和-嘉義,2023-10-03,8459
5864,致和證,10,0,10,康和-嘉義,2023-10-03,8459
2867,三商壽,10,0,10,康和-嘉義,2023-10-03,8459
00905,FT臺灣Smart,10,0,10,康和-嘉義,2023-10-03,8459
00637L,元大滬深300正2,10,0,10,康和-嘉義,2023-10-03,8459
1717,長興,10,0,10,康和-嘉義,2023-10-03,8459
3035,智原,17,7,10,康和-嘉義,2023-10-03,8459
3049,精金,10,0,10,康和-嘉義,2023-10-03,8459
9958,世紀鋼,20,10,10,康和-嘉義,2023-10-03,8459
2606,裕民,26,17,9,康和-嘉義,2023-10-03,8459
1514,亞力,13,4,9,康和-嘉義,2023-10-03,8459
2357,華碩,9,0,9,康和-嘉義,2023-10-03,8459
2748,雲品,10,1,9,康和-嘉義,2023-10-03,8459
6712,長聖,16,7,9,康和-嘉義,2023-10-03,8459
1447,力鵬,352,0,352,康和-嘉義,2023-10-04,8459
2409,友達,124,6,118,康和-嘉義,2023-10-04,8459
0056,元大高股息,70,3,67,康和-嘉義,2023-10-04,8459
1444,力麗,60,0,60,康和-嘉義,2023-10-04,8459
2486,一詮,123,66,57,康和-嘉義,2023-10-04,8459
2897,王道銀行,53,0,53,康和-嘉義,2023-10-04,8459
00679B,元大美債20年,43,1,42,康和-嘉義,2023-10-04,8459
6770,力積電,37,0,37,康和-嘉義,2023-10-04,8459
2303,聯電,37,2,35,康和-嘉義,2023-10-04,8459
3231,緯創,98,64,34,康和-嘉義,2023-10-04,8459
00680L,元大美債20正2,33,0,33,康和-嘉義,2023-10-04,8459
6274,台燿,64,32,32,康和-嘉義,2023-10-04,8459
00772B,中信高評級公司債,31,0,31,康和-嘉義,2023-10-04,8459
3058,立德,30,0,30,康和-嘉義,2023-10-04,8459
2344,華邦電,31,2,29,康和-嘉義,2023-10-04,8459
00929,復華台灣科技優息,30,2,28,康和-嘉義,2023-10-04,8459
8215,明基材,33,6,27,康和-嘉義,2023-10-04,8459
6187,萬潤,29,2,27,康和-嘉義,2023-10-04,8459
2884,玉山金,27,0,27,康和-嘉義,2023-10-04,8459
00712,復華富時不動產,27,0,27,康和-嘉義,2023-10-04,8459
2834,臺企銀,25,0,25,康和-嘉義,2023-10-04,8459
1714,和桐,25,0,25,康和-嘉義,2023-10-04,8459
3715,定穎投控,241,216,25,康和-嘉義,2023-10-04,8459
00720B,元大投資級公司債,25,0,25,康和-嘉義,2023-10-04,8459
6901,鑽石投資,25,2,23,康和-嘉義,2023-10-04,8459
2888,新光金,22,0,22,康和-嘉義,2023-10-04,8459
5483,中美晶,32,11,21,康和-嘉義,2023-10-04,8459
3481,群創,56,37,19,康和-嘉義,2023-10-04,8459
00919,群益台灣精選高息,18,0,18,康和-嘉義,2023-10-04,8459
2002,中鋼,17,0,17,康和-嘉義,2023-10-04,8459
2880,華南金,17,0,17,康和-嘉義,2023-10-04,8459
3234,光環,16,0,16,康和-嘉義,2023-10-04,8459
2887,台新金,16,0,16,康和-嘉義,2023-10-04,8459
2103,台橡,16,0,16,康和-嘉義,2023-10-04,8459
2329,華泰,17,1,16,康和-嘉義,2023-10-04,8459
2382,廣達,101,85,16,康和-嘉義,2023-10-04,8459
2402,毅嘉,16,1,15,康和-嘉義,2023-10-04,8459
00751B,元大AAA至A公司債,14,0,14,康和-嘉義,2023-10-04,8459
2367,燿華,20,6,14,康和-嘉義,2023-10-04,8459
3324,雙鴻,20,6,14,康和-嘉義,2023-10-04,8459
1605,華新,15,1,14,康和-嘉義,2023-10-04,8459
00931B,統一美債20年,14,1,13,康和-嘉義,2023-10-04,8459
2891,中信金,13,0,13,康和-嘉義,2023-10-04,8459
2630,亞航,13,1,12,康和-嘉義,2023-10-04,8459
3532,台勝科,11,0,11,康和-嘉義,2023-10-04,8459
4979,華星光,31,20,11,康和-嘉義,2023-10-04,8459
2881,富邦金,10,0,10,康和-嘉義,2023-10-04,8459
2349,錸德,10,0,10,康和-嘉義,2023-10-04,8459
1909,榮成,10,0,10,康和-嘉義,2023-10-04,8459
00932,兆豐永續高息等權,10,0,10,康和-嘉義,2023-10-04,8459
2374,佳能,100,0,100,康和-嘉義,2023-10-05,8459
3325,旭品,122,51,71,康和-嘉義,2023-10-05,8459
2892,第一金,63,2,61,康和-嘉義,2023-10-05,8459
00712,復華富時不動產,50,0,50,康和-嘉義,2023-10-05,8459
2363,矽統,108,58,50,康和-嘉義,2023-10-05,8459
2313,華通,80,33,47,康和-嘉義,2023-10-05,8459
00715L,期街口布蘭特正2,47,5,42,康和-嘉義,2023-10-05,8459
2356,英業達,65,31,34,康和-嘉義,2023-10-05,8459
5225,東科-KY,34,3,31,康和-嘉義,2023-10-05,8459
8110,華東,30,0,30,康和-嘉義,2023-10-05,8459
2834,臺企銀,24,0,24,康和-嘉義,2023-10-05,8459
3260,威剛,18,0,18,康和-嘉義,2023-10-05,8459
2538,基泰,22,6,16,康和-嘉義,2023-10-05,8459
6288,聯嘉,32,16,16,康和-嘉義,2023-10-05,8459
1301,台塑,15,0,15,康和-嘉義,2023-10-05,8459
2002,中鋼,16,1,15,康和-嘉義,2023-10-05,8459
2367,燿華,15,0,15,康和-嘉義,2023-10-05,8459
3078,僑威,20,5,15,康和-嘉義,2023-10-05,8459
3450,聯鈞,50,35,15,康和-嘉義,2023-10-05,8459
9950,萬國通,15,0,15,康和-嘉義,2023-10-05,8459
9958,世紀鋼,15,0,15,康和-嘉義,2023-10-05,8459
3265,台星科,17,3,14,康和-嘉義,2023-10-05,8459
3711,日月光投控,15,1,14,康和-嘉義,2023-10-05,8459
1609,大亞,14,1,13,康和-嘉義,2023-10-05,8459
2465,麗臺,13,0,13,康和-嘉義,2023-10-05,8459
6191,精成科,13,0,13,康和-嘉義,2023-10-05,8459
00922,國泰台灣領袖50,12,0,12,康和-嘉義,2023-10-05,8459
6223,旺矽,15,4,11,康和-嘉義,2023-10-05,8459
8046,南電,21,10,11,康和-嘉義,2023-10-05,8459
2010,春源,10,0,10,康和-嘉義,2023-10-05,8459
00724B,群益投資級金融債,10,0,10,康和-嘉義,2023-10-05,8459
2312,金寶,25,15,10,康和-嘉義,2023-10-05,8459
2323,中環,10,0,10,康和-嘉義,2023-10-05,8459
2542,興富發,10,0,10,康和-嘉義,2023-10-05,8459
3047,訊舟,10,0,10,康和-嘉義,2023-10-05,8459
3058,立德,10,0,10,康和-嘉義,2023-10-05,8459
5328,華容,10,0,10,康和-嘉義,2023-10-05,8459
6126,信音,10,0,10,康和-嘉義,2023-10-05,8459
8109,博大,10,0,10,康和-嘉義,2023-10-05,8459
6120,達運,13,3,10,康和-嘉義,2023-10-05,8459
3380,明泰,9,0,9,康和-嘉義,2023-10-05,8459
2882,國泰金,11,2,9,康和-嘉義,2023-10-05,8459
6197,佳必琪,9,0,9,康和-嘉義,2023-10-05,8459
8050,廣積,10,1,9,康和-嘉義,2023-10-05,8459
2409,友達,12,3,9,康和-嘉義,2023-10-05,8459
2402,毅嘉,9,1,8,康和-嘉義,2023-10-05,8459
2606,裕民,13,5,8,康和-嘉義,2023-10-05,8459
6684,安格,10,2,8,康和-嘉義,2023-10-05,8459
1326,台化,7,0,7,康和-嘉義,2023-10-05,8459
1522,堤維西,9,2,7,康和-嘉義,2023-10-05,8459
00632R,元大台灣50反1,3605,0,3605,康和-嘉義,2023-10-06,8459
2504,國產,421,0,421,康和-嘉義,2023-10-06,8459
1605,華新,302,11,291,康和-嘉義,2023-10-06,8459
3481,群創,76,0,76,康和-嘉義,2023-10-06,8459
2486,一詮,117,63,54,康和-嘉義,2023-10-06,8459
2374,佳能,50,0,50,康和-嘉義,2023-10-06,8459
4561,健椿,49,6,43,康和-嘉義,2023-10-06,8459
1444,力麗,31,0,31,康和-嘉義,2023-10-06,8459
9921,巨大,28,0,28,康和-嘉義,2023-10-06,8459
1609,大亞,35,9,26,康和-嘉義,2023-10-06,8459
3037,欣興,45,21,24,康和-嘉義,2023-10-06,8459
2301,光寶科,23,0,23,康和-嘉義,2023-10-06,8459
1101,台泥,21,0,21,康和-嘉義,2023-10-06,8459
4746,台耀,26,5,21,康和-嘉義,2023-10-06,8459
8110,華東,20,0,20,康和-嘉義,2023-10-06,8459
9950,萬國通,20,0,20,康和-嘉義,2023-10-06,8459
2402,毅嘉,19,0,19,康和-嘉義,2023-10-06,8459
8046,南電,27,9,18,康和-嘉義,2023-10-06,8459
00929,復華台灣科技優息,18,0,18,康和-嘉義,2023-10-06,8459
3058,立德,16,0,16,康和-嘉義,2023-10-06,8459
3325,旭品,46,30,16,康和-嘉義,2023-10-06,8459
1477,聚陽,15,0,15,康和-嘉義,2023-10-06,8459
3006,晶豪科,161,147,14,康和-嘉義,2023-10-06,8459
6139,亞翔,18,4,14,康和-嘉義,2023-10-06,8459
6218,豪勉,14,0,14,康和-嘉義,2023-10-06,8459
2329,華泰,122,110,12,康和-嘉義,2023-10-06,8459
3029,零壹,16,4,12,康和-嘉義,2023-10-06,8459
2421,建準,17,6,11,康和-嘉義,2023-10-06,8459
4953,緯軟,12,1,11,康和-嘉義,2023-10-06,8459
8076,伍豐,13,2,11,康和-嘉義,2023-10-06,8459
2409,友達,11,0,11,康和-嘉義,2023-10-06,8459
2382,廣達,107,97,10,康和-嘉義,2023-10-06,8459
00751B,元大AAA至A公司債,9,0,9,康和-嘉義,2023-10-06,8459
2618,長榮航,16,7,9,康和-嘉義,2023-10-06,8459
3013,晟銘電,205,196,9,康和-嘉義,2023-10-06,8459
00772B,中信高評級公司債,8,0,8,康和-嘉義,2023-10-06,8459
2468,華經,57,49,8,康和-嘉義,2023-10-06,8459
3044,健鼎,15,7,8,康和-嘉義,2023-10-06,8459
6527,明達醫,8,0,8,康和-嘉義,2023-10-06,8459
8210,勤誠,13,5,8,康和-嘉義,2023-10-06,8459
6451,訊芯-KY,12,5,7,康和-嘉義,2023-10-06,8459
2208,台船,7,0,7,康和-嘉義,2023-10-06,8459
6153,嘉聯益,8,1,7,康和-嘉義,2023-10-06,8459
2415,錩新,6,0,6,康和-嘉義,2023-10-06,8459
1616,億泰,6,0,6,康和-嘉義,2023-10-06,8459
3189,景碩,7,1,6,康和-嘉義,2023-10-06,8459
9105,泰金寶-DR,6,0,6,康和-嘉義,2023-10-06,8459
1447,力鵬,5,0,5,康和-嘉義,2023-10-06,8459
00688L,國泰20年美債正2,5,0,5,康和-嘉義,2023-10-06,8459
00687B,國泰20年美債,5,0,5,康和-嘉義,2023-10-06,8459
00632R,元大台灣50反1,1032,0,1032,康和-嘉義,2023-10-11,8459
3231,緯創,260,133,127,康和-嘉義,2023-10-11,8459
1605,華新,127,2,125,康和-嘉義,2023-10-11,8459
6153,嘉聯益,109,0,109,康和-嘉義,2023-10-11,8459
2609,陽明,100,8,92,康和-嘉義,2023-10-11,8459
4105,東洋,77,0,77,康和-嘉義,2023-10-11,8459
3058,立德,60,0,60,康和-嘉義,2023-10-11,8459
8093,保銳,40,0,40,康和-嘉義,2023-10-11,8459
3217,優群,39,0,39,康和-嘉義,2023-10-11,8459
00929,復華台灣科技優息,41,4,37,康和-嘉義,2023-10-11,8459
8390,金益鼎,38,1,37,康和-嘉義,2023-10-11,8459
2363,矽統,84,51,33,康和-嘉義,2023-10-11,8459
2356,英業達,55,23,32,康和-嘉義,2023-10-11,8459
3363,上詮,31,0,31,康和-嘉義,2023-10-11,8459
5227,立凱-KY,31,0,31,康和-嘉義,2023-10-11,8459
6215,和椿,31,0,31,康和-嘉義,2023-10-11,8459
2516,新建,30,0,30,康和-嘉義,2023-10-11,8459
6217,中探針,30,0,30,康和-嘉義,2023-10-11,8459
1714,和桐,34,5,29,康和-嘉義,2023-10-11,8459
1905,華紙,26,0,26,康和-嘉義,2023-10-11,8459
2630,亞航,65,43,22,康和-嘉義,2023-10-11,8459
6120,達運,25,3,22,康和-嘉義,2023-10-11,8459
6244,茂迪,22,0,22,康和-嘉義,2023-10-11,8459
6271,同欣電,21,0,21,康和-嘉義,2023-10-11,8459
2328,廣宇,21,1,20,康和-嘉義,2023-10-11,8459
4561,健椿,24,4,20,康和-嘉義,2023-10-11,8459
6672,騰輝電子-KY,20,0,20,康和-嘉義,2023-10-11,8459
8215,明基材,19,0,19,康和-嘉義,2023-10-11,8459
2392,正崴,17,1,16,康和-嘉義,2023-10-11,8459
2465,麗臺,39,23,16,康和-嘉義,2023-10-11,8459
00922,國泰台灣領袖50,15,0,15,康和-嘉義,2023-10-11,8459
2939,永邑-KY,15,0,15,康和-嘉義,2023-10-11,8459
3260,威剛,13,0,13,康和-嘉義,2023-10-11,8459
3092,鴻碩,13,0,13,康和-嘉義,2023-10-11,8459
2634,漢翔,24,12,12,康和-嘉義,2023-10-11,8459
3014,聯陽,14,2,12,康和-嘉義,2023-10-11,8459
6531,愛普*,21,10,11,康和-嘉義,2023-10-11,8459
00931B,統一美債20年,11,0,11,康和-嘉義,2023-10-11,8459
1326,台化,11,0,11,康和-嘉義,2023-10-11,8459
5285,界霖,11,0,11,康和-嘉義,2023-10-11,8459
3715,定穎投控,118,107,11,康和-嘉義,2023-10-11,8459
2603,長榮,17,7,10,康和-嘉義,2023-10-11,8459
2412,中華電,10,0,10,康和-嘉義,2023-10-11,8459
1460,宏遠,10,0,10,康和-嘉義,2023-10-11,8459
1731,美吾華,10,0,10,康和-嘉義,2023-10-11,8459
00932,兆豐永續高息等權,10,0,10,康和-嘉義,2023-10-11,8459
2006,東和鋼鐵,10,0,10,康和-嘉義,2023-10-11,8459
2707,晶華,10,0,10,康和-嘉義,2023-10-11,8459
5009,榮剛,11,1,10,康和-嘉義,2023-10-11,8459
5351,鈺創,10,0,10,康和-嘉義,2023-10-11,8459
4552,力達-KY,344,35,309,康和-嘉義,2023-10-12,8459
1605,華新,235,6,229,康和-嘉義,2023-10-12,8459
1815,富喬,126,24,102,康和-嘉義,2023-10-12,8459
3715,定穎投控,162,100,62,康和-嘉義,2023-10-12,8459
2382,廣達,146,90,56,康和-嘉義,2023-10-12,8459
9904,寶成,50,0,50,康和-嘉義,2023-10-12,8459
3006,晶豪科,154,107,47,康和-嘉義,2023-10-12,8459
00632R,元大台灣50反1,42,0,42,康和-嘉義,2023-10-12,8459
2832,台產,31,0,31,康和-嘉義,2023-10-12,8459
2313,華通,35,9,26,康和-嘉義,2023-10-12,8459
6282,康舒,50,24,26,康和-嘉義,2023-10-12,8459
2359,所羅門,22,0,22,康和-嘉義,2023-10-12,8459
5009,榮剛,21,0,21,康和-嘉義,2023-10-12,8459
1718,中纖,20,0,20,康和-嘉義,2023-10-12,8459
1612,宏泰,20,0,20,康和-嘉義,2023-10-12,8459
2312,金寶,20,0,20,康和-嘉義,2023-10-12,8459
4529,淳紳,20,0,20,康和-嘉義,2023-10-12,8459
2618,長榮航,52,33,19,康和-嘉義,2023-10-12,8459
00919,群益台灣精選高息,16,0,16,康和-嘉義,2023-10-12,8459
2331,精英,17,1,16,康和-嘉義,2023-10-12,8459
2402,毅嘉,16,0,16,康和-嘉義,2023-10-12,8459
1584,精剛,18,2,16,康和-嘉義,2023-10-12,8459
2338,光罩,31,16,15,康和-嘉義,2023-10-12,8459
2421,建準,31,16,15,康和-嘉義,2023-10-12,8459
00929,復華台灣科技優息,26,12,14,康和-嘉義,2023-10-12,8459
6215,和椿,13,0,13,康和-嘉義,2023-10-12,8459
00878,國泰永續高股息,12,0,12,康和-嘉義,2023-10-12,8459
2303,聯電,23,11,12,康和-嘉義,2023-10-12,8459
2883,凱基金,18,7,11,康和-嘉義,2023-10-12,8459
2401,凌陽,18,7,11,康和-嘉義,2023-10-12,8459
6150,撼訊,14,3,11,康和-嘉義,2023-10-12,8459
6901,鑽石投資,12,1,11,康和-嘉義,2023-10-12,8459
8076,伍豐,12,1,11,康和-嘉義,2023-10-12,8459
00715L,期街口布蘭特正2,22,12,10,康和-嘉義,2023-10-12,8459
3032,偉訓,10,0,10,康和-嘉義,2023-10-12,8459
3325,旭品,19,9,10,康和-嘉義,2023-10-12,8459
6616,特昇-KY,11,1,10,康和-嘉義,2023-10-12,8459
6158,禾昌,10,1,9,康和-嘉義,2023-10-12,8459
6271,同欣電,9,0,9,康和-嘉義,2023-10-12,8459
00642U,期元大S＆P石油,8,0,8,康和-嘉義,2023-10-12,8459
6530,創威,8,0,8,康和-嘉義,2023-10-12,8459
1714,和桐,7,0,7,康和-嘉義,2023-10-12,8459
2465,麗臺,33,26,7,康和-嘉義,2023-10-12,8459
1101,台泥,10,3,7,康和-嘉義,2023-10-12,8459
4933,友輝,8,2,6,康和-嘉義,2023-10-12,8459
2201,裕隆,27,21,6,康和-嘉義,2023-10-12,8459
2301,光寶科,28,23,5,康和-嘉義,2023-10-12,8459
2412,中華電,5,0,5,康和-嘉義,2023-10-12,8459
00676R,富邦臺灣加權反1,5,0,5,康和-嘉義,2023-10-12,8459
2014,中鴻,6,1,5,康和-嘉義,2023-10-12,8459
3231,緯創,399,290,109,康和-嘉義,2023-10-13,8459
1605,華新,98,6,92,康和-嘉義,2023-10-13,8459
1609,大亞,91,1,90,康和-嘉義,2023-10-13,8459
2618,長榮航,52,3,49,康和-嘉義,2023-10-13,8459
2382,廣達,152,105,47,康和-嘉義,2023-10-13,8459
3363,上詮,54,10,44,康和-嘉義,2023-10-13,8459
3062,建漢,65,28,37,康和-嘉義,2023-10-13,8459
2409,友達,42,5,37,康和-嘉義,2023-10-13,8459
00878,國泰永續高股息,46,10,36,康和-嘉義,2023-10-13,8459
2399,映泰,35,1,34,康和-嘉義,2023-10-13,8459
3450,聯鈞,81,50,31,康和-嘉義,2023-10-13,8459
2834,臺企銀,28,0,28,康和-嘉義,2023-10-13,8459
4503,金雨,28,0,28,康和-嘉義,2023-10-13,8459
3037,欣興,54,27,27,康和-嘉義,2023-10-13,8459
00772B,中信高評級公司債,26,0,26,康和-嘉義,2023-10-13,8459
6276,安鈦克,28,3,25,康和-嘉義,2023-10-13,8459
00680L,元大美債20正2,24,0,24,康和-嘉義,2023-10-13,8459
3058,立德,22,0,22,康和-嘉義,2023-10-13,8459
6126,信音,20,0,20,康和-嘉義,2023-10-13,8459
2485,兆赫,20,1,19,康和-嘉義,2023-10-13,8459
2609,陽明,22,4,18,康和-嘉義,2023-10-13,8459
8076,伍豐,24,8,16,康和-嘉義,2023-10-13,8459
2615,萬海,15,0,15,康和-嘉義,2023-10-13,8459
0056,元大高股息,15,1,14,康和-嘉義,2023-10-13,8459
00931B,統一美債20年,14,0,14,康和-嘉義,2023-10-13,8459
2402,毅嘉,19,6,13,康和-嘉義,2023-10-13,8459
2308,台達電,12,0,12,康和-嘉義,2023-10-13,8459
00922,國泰台灣領袖50,12,0,12,康和-嘉義,2023-10-13,8459
5215,科嘉-KY,38,26,12,康和-嘉義,2023-10-13,8459
6187,萬潤,15,4,11,康和-嘉義,2023-10-13,8459
020022,元大電動車N,10,0,10,康和-嘉義,2023-10-13,8459
2314,台揚,10,0,10,康和-嘉義,2023-10-13,8459
2380,虹光,10,0,10,康和-嘉義,2023-10-13,8459
3005,神基,10,0,10,康和-嘉義,2023-10-13,8459
6168,宏齊,10,0,10,康和-嘉義,2023-10-13,8459
00712,復華富時不動產,9,0,9,康和-嘉義,2023-10-13,8459
1795,美時,11,2,9,康和-嘉義,2023-10-13,8459
1904,正隆,9,0,9,康和-嘉義,2023-10-13,8459
3483,力致,17,8,9,康和-嘉義,2023-10-13,8459
4105,東洋,10,1,9,康和-嘉義,2023-10-13,8459
4529,淳紳,9,0,9,康和-嘉義,2023-10-13,8459
00919,群益台灣精選高息,8,0,8,康和-嘉義,2023-10-13,8459
00720B,元大投資級公司債,8,0,8,康和-嘉義,2023-10-13,8459
3017,奇鋐,9,1,8,康和-嘉義,2023-10-13,8459
6138,茂達,9,1,8,康和-嘉義,2023-10-13,8459
5425,台半,9,2,7,康和-嘉義,2023-10-13,8459
6257,矽格,9,2,7,康和-嘉義,2023-10-13,8459
6191,精成科,9,3,6,康和-嘉義,2023-10-13,8459
1712,興農,6,0,6,康和-嘉義,2023-10-13,8459
3013,晟銘電,10,4,6,康和-嘉義,2023-10-13,8459
1314,中石化,844,183,661,康和-嘉義,2023-10-16,8459
00665L,富邦�琤肭磪囓�2,469,0,469,康和-嘉義,2023-10-16,8459
4503,金雨,152,2,150,康和-嘉義,2023-10-16,8459
2618,長榮航,76,3,73,康和-嘉義,2023-10-16,8459
2344,華邦電,88,21,67,康和-嘉義,2023-10-16,8459
2890,永豐金,52,0,52,康和-嘉義,2023-10-16,8459
2610,華航,51,0,51,康和-嘉義,2023-10-16,8459
00632R,元大台灣50反1,50,0,50,康和-嘉義,2023-10-16,8459
3346,麗清,28,0,28,康和-嘉義,2023-10-16,8459
4908,前鼎,70,42,28,康和-嘉義,2023-10-16,8459
00929,復華台灣科技優息,26,0,26,康和-嘉義,2023-10-16,8459
00922,國泰台灣領袖50,26,0,26,康和-嘉義,2023-10-16,8459
0056,元大高股息,25,0,25,康和-嘉義,2023-10-16,8459
4979,華星光,50,25,25,康和-嘉義,2023-10-16,8459
1815,富喬,114,91,23,康和-嘉義,2023-10-16,8459
2363,矽統,446,423,23,康和-嘉義,2023-10-16,8459
3058,立德,20,0,20,康和-嘉義,2023-10-16,8459
6215,和椿,20,0,20,康和-嘉義,2023-10-16,8459
2201,裕隆,34,15,19,康和-嘉義,2023-10-16,8459
2353,宏��,18,0,18,康和-嘉義,2023-10-16,8459
1605,華新,17,0,17,康和-嘉義,2023-10-16,8459
5009,榮剛,24,7,17,康和-嘉義,2023-10-16,8459
8054,安國,35,18,17,康和-嘉義,2023-10-16,8459
1609,大亞,18,2,16,康和-嘉義,2023-10-16,8459
3260,威剛,16,0,16,康和-嘉義,2023-10-16,8459
2002,中鋼,18,3,15,康和-嘉義,2023-10-16,8459
8215,明基材,16,1,15,康和-嘉義,2023-10-16,8459
2332,友訊,14,0,14,康和-嘉義,2023-10-16,8459
00712,復華富時不動產,12,0,12,康和-嘉義,2023-10-16,8459
1584,精剛,12,0,12,康和-嘉義,2023-10-16,8459
2607,榮運,12,0,12,康和-嘉義,2023-10-16,8459
4532,瑞智,12,0,12,康和-嘉義,2023-10-16,8459
2355,敬鵬,11,0,11,康和-嘉義,2023-10-16,8459
3325,旭品,13,2,11,康和-嘉義,2023-10-16,8459
3715,定穎投控,53,42,11,康和-嘉義,2023-10-16,8459
3706,神達,20,10,10,康和-嘉義,2023-10-16,8459
1216,統一,10,0,10,康和-嘉義,2023-10-16,8459
2485,兆赫,10,0,10,康和-嘉義,2023-10-16,8459
3062,建漢,10,0,10,康和-嘉義,2023-10-16,8459
6416,瑞祺電通,10,0,10,康和-嘉義,2023-10-16,8459
3481,群創,9,0,9,康和-嘉義,2023-10-16,8459
1319,東陽,12,3,9,康和-嘉義,2023-10-16,8459
2388,威盛,19,10,9,康和-嘉義,2023-10-16,8459
2515,中工,569,560,9,康和-嘉義,2023-10-16,8459
3092,鴻碩,9,0,9,康和-嘉義,2023-10-16,8459
6188,廣明,9,1,8,康和-嘉義,2023-10-16,8459
6120,達運,8,0,8,康和-嘉義,2023-10-16,8459
00715L,期街口布蘭特正2,20,12,8,康和-嘉義,2023-10-16,8459
3234,光環,8,0,8,康和-嘉義,2023-10-16,8459
2883,凱基金,8,1,7,康和-嘉義,2023-10-16,8459
2834,臺企銀,99,1,98,康和-嘉義,2023-10-17,8459
2303,聯電,165,101,64,康和-嘉義,2023-10-17,8459
0056,元大高股息,72,9,63,康和-嘉義,2023-10-17,8459
3483,力致,62,11,51,康和-嘉義,2023-10-17,8459
2323,中環,47,3,44,康和-嘉義,2023-10-17,8459
2468,華經,39,0,39,康和-嘉義,2023-10-17,8459
4503,金雨,40,1,39,康和-嘉義,2023-10-17,8459
00680L,元大美債20正2,38,0,38,康和-嘉義,2023-10-17,8459
2883,凱基金,37,0,37,康和-嘉義,2023-10-17,8459
00929,復華台灣科技優息,35,2,33,康和-嘉義,2023-10-17,8459
00712,復華富時不動產,31,1,30,康和-嘉義,2023-10-17,8459
2402,毅嘉,24,3,21,康和-嘉義,2023-10-17,8459
3346,麗清,79,58,21,康和-嘉義,2023-10-17,8459
00905,FT臺灣Smart,20,0,20,康和-嘉義,2023-10-17,8459
00922,國泰台灣領袖50,20,0,20,康和-嘉義,2023-10-17,8459
2338,光罩,20,0,20,康和-嘉義,2023-10-17,8459
2349,錸德,20,0,20,康和-嘉義,2023-10-17,8459
2913,農林,20,0,20,康和-嘉義,2023-10-17,8459
2939,永邑-KY,20,0,20,康和-嘉義,2023-10-17,8459
3058,立德,20,0,20,康和-嘉義,2023-10-17,8459
00878,國泰永續高股息,15,0,15,康和-嘉義,2023-10-17,8459
3138,耀登,16,1,15,康和-嘉義,2023-10-17,8459
2891,中信金,14,0,14,康和-嘉義,2023-10-17,8459
2890,永豐金,20,6,14,康和-嘉義,2023-10-17,8459
6215,和椿,12,0,12,康和-嘉義,2023-10-17,8459
3231,緯創,79,68,11,康和-嘉義,2023-10-17,8459
00931B,統一美債20年,11,0,11,康和-嘉義,2023-10-17,8459
3025,星通,16,5,11,康和-嘉義,2023-10-17,8459
3213,茂訊,13,2,11,康和-嘉義,2023-10-17,8459
4961,天鈺,11,0,11,康和-嘉義,2023-10-17,8459
4207,環泰,10,0,10,康和-嘉義,2023-10-17,8459
2376,技嘉,11,1,10,康和-嘉義,2023-10-17,8459
5009,榮剛,11,1,10,康和-嘉義,2023-10-17,8459
5227,立凱-KY,10,0,10,康和-嘉義,2023-10-17,8459
6218,豪勉,10,0,10,康和-嘉義,2023-10-17,8459
3552,同致,9,0,9,康和-嘉義,2023-10-17,8459
3704,合勤控,10,1,9,康和-嘉義,2023-10-17,8459
6150,撼訊,13,4,9,康和-嘉義,2023-10-17,8459
6770,力積電,27,19,8,康和-嘉義,2023-10-17,8459
2605,新興,7,0,7,康和-嘉義,2023-10-17,8459
3078,僑威,19,12,7,康和-嘉義,2023-10-17,8459
2002,中鋼,10,3,7,康和-嘉義,2023-10-17,8459
3481,群創,7,1,6,康和-嘉義,2023-10-17,8459
1101,台泥,6,0,6,康和-嘉義,2023-10-17,8459
3265,台星科,15,9,6,康和-嘉義,2023-10-17,8459
4529,淳紳,6,0,6,康和-嘉義,2023-10-17,8459
2352,佳世達,6,1,5,康和-嘉義,2023-10-17,8459
6643,M31,8,3,5,康和-嘉義,2023-10-17,8459
6133,金橋,5,0,5,康和-嘉義,2023-10-17,8459
2103,台橡,5,0,5,康和-嘉義,2023-10-17,8459
1815,富喬,239,86,153,康和-嘉義,2023-10-18,8459
2303,聯電,203,126,77,康和-嘉義,2023-10-18,8459
2344,華邦電,73,0,73,康和-嘉義,2023-10-18,8459
00878,國泰永續高股息,71,3,68,康和-嘉義,2023-10-18,8459
2201,裕隆,186,119,67,康和-嘉義,2023-10-18,8459
00922,國泰台灣領袖50,61,0,61,康和-嘉義,2023-10-18,8459
2323,中環,105,47,58,康和-嘉義,2023-10-18,8459
6442,光聖,57,2,55,康和-嘉義,2023-10-18,8459
3588,通嘉,99,49,50,康和-嘉義,2023-10-18,8459
0056,元大高股息,52,5,47,康和-嘉義,2023-10-18,8459
6530,創威,133,89,44,康和-嘉義,2023-10-18,8459
00919,群益台灣精選高息,43,0,43,康和-嘉義,2023-10-18,8459
3704,合勤控,39,0,39,康和-嘉義,2023-10-18,8459
00929,復華台灣科技優息,38,0,38,康和-嘉義,2023-10-18,8459
8215,明基材,35,0,35,康和-嘉義,2023-10-18,8459
4979,華星光,70,44,26,康和-嘉義,2023-10-18,8459
00687B,國泰20年美債,43,20,23,康和-嘉義,2023-10-18,8459
1477,聚陽,31,10,21,康和-嘉義,2023-10-18,8459
2618,長榮航,22,1,21,康和-嘉義,2023-10-18,8459
1460,宏遠,20,0,20,康和-嘉義,2023-10-18,8459
4128,中天,20,0,20,康和-嘉義,2023-10-18,8459
2353,宏��,24,6,18,康和-嘉義,2023-10-18,8459
6245,立端,18,0,18,康和-嘉義,2023-10-18,8459
2834,臺企銀,18,0,18,康和-嘉義,2023-10-18,8459
6122,擎邦,23,5,18,康和-嘉義,2023-10-18,8459
1101,台泥,17,0,17,康和-嘉義,2023-10-18,8459
4743,合一,17,0,17,康和-嘉義,2023-10-18,8459
6215,和椿,16,0,16,康和-嘉義,2023-10-18,8459
2363,矽統,40,25,15,康和-嘉義,2023-10-18,8459
3037,欣興,19,6,13,康和-嘉義,2023-10-18,8459
2103,台橡,15,2,13,康和-嘉義,2023-10-18,8459
8176,智捷,18,5,13,康和-嘉義,2023-10-18,8459
3078,僑威,17,5,12,康和-嘉義,2023-10-18,8459
3017,奇鋐,21,9,12,康和-嘉義,2023-10-18,8459
6443,元晶,11,0,11,康和-嘉義,2023-10-18,8459
2388,威盛,37,26,11,康和-嘉義,2023-10-18,8459
2609,陽明,51,40,11,康和-嘉義,2023-10-18,8459
2317,鴻海,10,0,10,康和-嘉義,2023-10-18,8459
2888,新光金,10,0,10,康和-嘉義,2023-10-18,8459
2913,農林,10,0,10,康和-嘉義,2023-10-18,8459
3265,台星科,16,6,10,康和-嘉義,2023-10-18,8459
4564,元翎,10,0,10,康和-嘉義,2023-10-18,8459
6146,耕興,10,0,10,康和-嘉義,2023-10-18,8459
6695,芯鼎,14,4,10,康和-嘉義,2023-10-18,8459
3260,威剛,32,23,9,康和-嘉義,2023-10-18,8459
5227,立凱-KY,9,0,9,康和-嘉義,2023-10-18,8459
1714,和桐,9,0,9,康和-嘉義,2023-10-18,8459
6139,亞翔,15,6,9,康和-嘉義,2023-10-18,8459
2640,大車隊,8,0,8,康和-嘉義,2023-10-18,8459
3035,智原,24,16,8,康和-嘉義,2023-10-18,8459
00637L,元大滬深300正2,774,0,774,康和-嘉義,2023-10-19,8459
2303,聯電,453,160,293,康和-嘉義,2023-10-19,8459
2883,凱基金,77,0,77,康和-嘉義,2023-10-19,8459
00893,國泰智能電動車,55,0,55,康和-嘉義,2023-10-19,8459
2888,新光金,45,0,45,康和-嘉義,2023-10-19,8459
2845,遠東銀,45,0,45,康和-嘉義,2023-10-19,8459
2449,京元電子,43,3,40,康和-嘉義,2023-10-19,8459
2402,毅嘉,47,12,35,康和-嘉義,2023-10-19,8459
2363,矽統,52,19,33,康和-嘉義,2023-10-19,8459
2834,臺企銀,32,0,32,康和-嘉義,2023-10-19,8459
0056,元大高股息,32,0,32,康和-嘉義,2023-10-19,8459
1795,美時,37,5,32,康和-嘉義,2023-10-19,8459
00680L,元大美債20正2,30,0,30,康和-嘉義,2023-10-19,8459
2317,鴻海,29,0,29,康和-嘉義,2023-10-19,8459
3715,定穎投控,228,199,29,康和-嘉義,2023-10-19,8459
2890,永豐金,30,2,28,康和-嘉義,2023-10-19,8459
6901,鑽石投資,38,11,27,康和-嘉義,2023-10-19,8459
00720B,元大投資級公司債,26,0,26,康和-嘉義,2023-10-19,8459
2515,中工,66,41,25,康和-嘉義,2023-10-19,8459
2801,彰銀,20,0,20,康和-嘉義,2023-10-19,8459
1477,聚陽,21,1,20,康和-嘉義,2023-10-19,8459
00712,復華富時不動產,19,0,19,康和-嘉義,2023-10-19,8459
00878,國泰永續高股息,29,10,19,康和-嘉義,2023-10-19,8459
1101,台泥,20,2,18,康和-嘉義,2023-10-19,8459
2421,建準,22,5,17,康和-嘉義,2023-10-19,8459
1314,中石化,33,18,15,康和-嘉義,2023-10-19,8459
8222,寶一,15,0,15,康和-嘉義,2023-10-19,8459
2002,中鋼,15,0,15,康和-嘉義,2023-10-19,8459
00687B,國泰20年美債,14,0,14,康和-嘉義,2023-10-19,8459
1303,南亞,15,1,14,康和-嘉義,2023-10-19,8459
4503,金雨,15,1,14,康和-嘉義,2023-10-19,8459
3231,緯創,57,43,14,康和-嘉義,2023-10-19,8459
00751B,元大AAA至A公司債,13,0,13,康和-嘉義,2023-10-19,8459
1815,富喬,17,5,12,康和-嘉義,2023-10-19,8459
00688L,國泰20年美債正2,11,0,11,康和-嘉義,2023-10-19,8459
1324,地球,12,1,11,康和-嘉義,2023-10-19,8459
4746,台耀,13,2,11,康和-嘉義,2023-10-19,8459
1102,亞泥,10,0,10,康和-嘉義,2023-10-19,8459
1712,興農,11,1,10,康和-嘉義,2023-10-19,8459
4968,立積,10,0,10,康和-嘉義,2023-10-19,8459
6116,彩晶,10,0,10,康和-嘉義,2023-10-19,8459
6176,瑞儀,10,0,10,康和-嘉義,2023-10-19,8459
6276,安鈦克,13,3,10,康和-嘉義,2023-10-19,8459
6625,必應,10,0,10,康和-嘉義,2023-10-19,8459
6530,創威,100,91,9,康和-嘉義,2023-10-19,8459
6158,禾昌,21,12,9,康和-嘉義,2023-10-19,8459
6605,帝寶,9,0,9,康和-嘉義,2023-10-19,8459
2609,陽明,9,1,8,康和-嘉義,2023-10-19,8459
2618,長榮航,11,3,8,康和-嘉義,2023-10-19,8459
5009,榮剛,8,0,8,康和-嘉義,2023-10-19,8459
2303,聯電,510,215,295,康和-嘉義,2023-10-20,8459
00929,復華台灣科技優息,73,0,73,康和-嘉義,2023-10-20,8459
00712,復華富時不動產,79,10,69,康和-嘉義,2023-10-20,8459
3231,緯創,147,84,63,康和-嘉義,2023-10-20,8459
0056,元大高股息,41,3,38,康和-嘉義,2023-10-20,8459
1524,耿鼎,40,8,32,康和-嘉義,2023-10-20,8459
6235,華孚,31,0,31,康和-嘉義,2023-10-20,8459
4979,華星光,49,19,30,康和-嘉義,2023-10-20,8459
3005,神基,26,0,26,康和-嘉義,2023-10-20,8459
2382,廣達,112,87,25,康和-嘉義,2023-10-20,8459
00680L,元大美債20正2,25,0,25,康和-嘉義,2023-10-20,8459
00637L,元大滬深300正2,25,0,25,康和-嘉義,2023-10-20,8459
2208,台船,25,0,25,康和-嘉義,2023-10-20,8459
2606,裕民,28,3,25,康和-嘉義,2023-10-20,8459
6187,萬潤,26,1,25,康和-嘉義,2023-10-20,8459
2002,中鋼,34,10,24,康和-嘉義,2023-10-20,8459
00878,國泰永續高股息,24,1,23,康和-嘉義,2023-10-20,8459
8085,福華,21,0,21,康和-嘉義,2023-10-20,8459
3221,台嘉碩,20,0,20,康和-嘉義,2023-10-20,8459
2399,映泰,20,0,20,康和-嘉義,2023-10-20,8459
2888,新光金,19,0,19,康和-嘉義,2023-10-20,8459
3058,立德,19,0,19,康和-嘉義,2023-10-20,8459
6182,合晶,20,1,19,康和-嘉義,2023-10-20,8459
6168,宏齊,20,3,17,康和-嘉義,2023-10-20,8459
00919,群益台灣精選高息,16,0,16,康和-嘉義,2023-10-20,8459
2883,凱基金,62,46,16,康和-嘉義,2023-10-20,8459
2887,台新金,15,0,15,康和-嘉義,2023-10-20,8459
00931B,統一美債20年,15,0,15,康和-嘉義,2023-10-20,8459
2368,金像電,15,0,15,康和-嘉義,2023-10-20,8459
2356,英業達,59,44,15,康和-嘉義,2023-10-20,8459
1303,南亞,15,1,14,康和-嘉義,2023-10-20,8459
8176,智捷,30,16,14,康和-嘉義,2023-10-20,8459
2317,鴻海,16,2,14,康和-嘉義,2023-10-20,8459
2913,農林,13,0,13,康和-嘉義,2023-10-20,8459
00893,國泰智能電動車,12,0,12,康和-嘉義,2023-10-20,8459
1795,美時,19,7,12,康和-嘉義,2023-10-20,8459
3035,智原,25,13,12,康和-嘉義,2023-10-20,8459
6770,力積電,15,4,11,康和-嘉義,2023-10-20,8459
2834,臺企銀,16,5,11,康和-嘉義,2023-10-20,8459
1785,光洋科,15,4,11,康和-嘉義,2023-10-20,8459
2882,國泰金,25,14,11,康和-嘉義,2023-10-20,8459
3545,敦泰,11,0,11,康和-嘉義,2023-10-20,8459
5227,立凱-KY,11,0,11,康和-嘉義,2023-10-20,8459
6215,和椿,12,1,11,康和-嘉義,2023-10-20,8459
2605,新興,28,18,10,康和-嘉義,2023-10-20,8459
00891,中信關鍵半導體,10,0,10,康和-嘉義,2023-10-20,8459
1503,士電,10,0,10,康和-嘉義,2023-10-20,8459
3163,波若威,10,0,10,康和-嘉義,2023-10-20,8459
3450,聯鈞,11,1,10,康和-嘉義,2023-10-20,8459
4533,協易機,10,0,10,康和-嘉義,2023-10-20,8459
00637L,元大滬深300正2,210,0,210,康和-嘉義,2023-10-23,8459
00929,復華台灣科技優息,98,1,97,康和-嘉義,2023-10-23,8459
2515,中工,136,65,71,康和-嘉義,2023-10-23,8459
3715,定穎投控,99,37,62,康和-嘉義,2023-10-23,8459
2801,彰銀,50,1,49,康和-嘉義,2023-10-23,8459
2851,中再保,48,0,48,康和-嘉義,2023-10-23,8459
2002,中鋼,50,2,48,康和-嘉義,2023-10-23,8459
2356,英業達,70,25,45,康和-嘉義,2023-10-23,8459
00900,富邦特選高股息30,38,0,38,康和-嘉義,2023-10-23,8459
2409,友達,32,0,32,康和-嘉義,2023-10-23,8459
2883,凱基金,29,0,29,康和-嘉義,2023-10-23,8459
1723,中碳,29,0,29,康和-嘉義,2023-10-23,8459
2382,廣達,117,90,27,康和-嘉義,2023-10-23,8459
2401,凌陽,27,0,27,康和-嘉義,2023-10-23,8459
2845,遠東銀,25,0,25,康和-嘉義,2023-10-23,8459
00882,中信中國高股息,25,0,25,康和-嘉義,2023-10-23,8459
6290,良維,24,1,23,康和-嘉義,2023-10-23,8459
2317,鴻海,35,13,22,康和-嘉義,2023-10-23,8459
00680L,元大美債20正2,20,0,20,康和-嘉義,2023-10-23,8459
1324,地球,20,0,20,康和-嘉義,2023-10-23,8459
00919,群益台灣精選高息,19,0,19,康和-嘉義,2023-10-23,8459
6901,鑽石投資,20,2,18,康和-嘉義,2023-10-23,8459
2103,台橡,17,1,16,康和-嘉義,2023-10-23,8459
3058,立德,16,0,16,康和-嘉義,2023-10-23,8459
2330,台積電,16,1,15,康和-嘉義,2023-10-23,8459
0056,元大高股息,14,0,14,康和-嘉義,2023-10-23,8459
6770,力積電,14,0,14,康和-嘉義,2023-10-23,8459
2606,裕民,17,3,14,康和-嘉義,2023-10-23,8459
2891,中信金,13,1,12,康和-嘉義,2023-10-23,8459
2405,輔信,12,0,12,康和-嘉義,2023-10-23,8459
3701,大眾控,27,15,12,康和-嘉義,2023-10-23,8459
00712,復華富時不動產,11,0,11,康和-嘉義,2023-10-23,8459
2344,華邦電,11,0,11,康和-嘉義,2023-10-23,8459
2457,飛宏,13,2,11,康和-嘉義,2023-10-23,8459
5009,榮剛,14,3,11,康和-嘉義,2023-10-23,8459
2379,瑞昱,12,2,10,康和-嘉義,2023-10-23,8459
2832,台產,10,0,10,康和-嘉義,2023-10-23,8459
6125,廣運,10,0,10,康和-嘉義,2023-10-23,8459
00893,國泰智能電動車,12,2,10,康和-嘉義,2023-10-23,8459
3576,聯合再生,9,0,9,康和-嘉義,2023-10-23,8459
2882,國泰金,9,0,9,康和-嘉義,2023-10-23,8459
1519,華城,10,1,9,康和-嘉義,2023-10-23,8459
2338,光罩,10,1,9,康和-嘉義,2023-10-23,8459
2385,群光,16,7,9,康和-嘉義,2023-10-23,8459
2605,新興,10,1,9,康和-嘉義,2023-10-23,8459
4743,合一,12,3,9,康和-嘉義,2023-10-23,8459
3481,群創,8,0,8,康和-嘉義,2023-10-23,8459
8110,華東,33,25,8,康和-嘉義,2023-10-23,8459
00878,國泰永續高股息,12,5,7,康和-嘉義,2023-10-23,8459
00687B,國泰20年美債,7,0,7,康和-嘉義,2023-10-23,8459
00665L,富邦�琤肭磪囓�2,201,0,201,康和-嘉義,2023-10-24,8459
00637L,元大滬深300正2,106,0,106,康和-嘉義,2023-10-24,8459
2367,燿華,84,0,84,康和-嘉義,2023-10-24,8459
2610,華航,62,1,61,康和-嘉義,2023-10-24,8459
3576,聯合再生,56,0,56,康和-嘉義,2023-10-24,8459
1711,永光,56,2,54,康和-嘉義,2023-10-24,8459
3049,精金,50,0,50,康和-嘉義,2023-10-24,8459
1568,倉佑,47,1,46,康和-嘉義,2023-10-24,8459
2897,王道銀行,45,0,45,康和-嘉義,2023-10-24,8459
2883,凱基金,42,0,42,康和-嘉義,2023-10-24,8459
3052,夆典,42,0,42,康和-嘉義,2023-10-24,8459
3231,緯創,344,309,35,康和-嘉義,2023-10-24,8459
00715L,期街口布蘭特正2,30,0,30,康和-嘉義,2023-10-24,8459
1522,堤維西,29,0,29,康和-嘉義,2023-10-24,8459
2834,臺企銀,27,0,27,康和-嘉義,2023-10-24,8459
3260,威剛,53,26,27,康和-嘉義,2023-10-24,8459
3122,笙泉,33,7,26,康和-嘉義,2023-10-24,8459
2324,仁寶,50,26,24,康和-嘉義,2023-10-24,8459
6290,良維,25,1,24,康和-嘉義,2023-10-24,8459
00687B,國泰20年美債,22,0,22,康和-嘉義,2023-10-24,8459
6443,元晶,21,0,21,康和-嘉義,2023-10-24,8459
2002,中鋼,22,3,19,康和-嘉義,2023-10-24,8459
00712,復華富時不動產,28,12,16,康和-嘉義,2023-10-24,8459
4960,誠美材,20,4,16,康和-嘉義,2023-10-24,8459
00720B,元大投資級公司債,16,1,15,康和-嘉義,2023-10-24,8459
00922,國泰台灣領袖50,14,0,14,康和-嘉義,2023-10-24,8459
2832,台產,14,0,14,康和-嘉義,2023-10-24,8459
6158,禾昌,19,5,14,康和-嘉義,2023-10-24,8459
4746,台耀,15,2,13,康和-嘉義,2023-10-24,8459
6113,亞矽,14,1,13,康和-嘉義,2023-10-24,8459
3006,晶豪科,25,13,12,康和-嘉義,2023-10-24,8459
3481,群創,11,0,11,康和-嘉義,2023-10-24,8459
00679B,元大美債20年,11,0,11,康和-嘉義,2023-10-24,8459
00929,復華台灣科技優息,16,5,11,康和-嘉義,2023-10-24,8459
3037,欣興,44,34,10,康和-嘉義,2023-10-24,8459
5880,合庫金,10,0,10,康和-嘉義,2023-10-24,8459
00753L,中信中國50正2,10,0,10,康和-嘉義,2023-10-24,8459
1313,聯成,10,0,10,康和-嘉義,2023-10-24,8459
2314,台揚,10,0,10,康和-嘉義,2023-10-24,8459
3033,威健,10,0,10,康和-嘉義,2023-10-24,8459
3058,立德,10,0,10,康和-嘉義,2023-10-24,8459
6168,宏齊,32,22,10,康和-嘉義,2023-10-24,8459
8150,南茂,11,1,10,康和-嘉義,2023-10-24,8459
9958,世紀鋼,10,0,10,康和-嘉義,2023-10-24,8459
2317,鴻海,58,49,9,康和-嘉義,2023-10-24,8459
2329,華泰,17,8,9,康和-嘉義,2023-10-24,8459
2457,飛宏,82,73,9,康和-嘉義,2023-10-24,8459
2363,矽統,13,4,9,康和-嘉義,2023-10-24,8459
2867,三商壽,8,0,8,康和-嘉義,2023-10-24,8459
2208,台船,8,0,8,康和-嘉義,2023-10-24,8459
00715L,期街口布蘭特正2,332,15,317,康和-嘉義,2023-10-25,8459
5225,東科-KY,41,0,41,康和-嘉義,2023-10-25,8459
4128,中天,41,1,40,康和-嘉義,2023-10-25,8459
2405,輔信,77,38,39,康和-嘉義,2023-10-25,8459
2317,鴻海,49,14,35,康和-嘉義,2023-10-25,8459
00687B,國泰20年美債,33,0,33,康和-嘉義,2023-10-25,8459
1524,耿鼎,66,33,33,康和-嘉義,2023-10-25,8459
00712,復華富時不動產,41,9,32,康和-嘉義,2023-10-25,8459
9105,泰金寶-DR,31,0,31,康和-嘉義,2023-10-25,8459
2401,凌陽,83,54,29,康和-嘉義,2023-10-25,8459
00772B,中信高評級公司債,22,0,22,康和-嘉義,2023-10-25,8459
1618,合機,22,1,21,康和-嘉義,2023-10-25,8459
2610,華航,21,0,21,康和-嘉義,2023-10-25,8459
1785,光洋科,36,16,20,康和-嘉義,2023-10-25,8459
5328,華容,20,0,20,康和-嘉義,2023-10-25,8459
2633,台灣高鐵,20,0,20,康和-嘉義,2023-10-25,8459
2323,中環,20,2,18,康和-嘉義,2023-10-25,8459
3025,星通,65,47,18,康和-嘉義,2023-10-25,8459
2387,精元,17,0,17,康和-嘉義,2023-10-25,8459
3260,威剛,31,15,16,康和-嘉義,2023-10-25,8459
1732,毛寶,15,0,15,康和-嘉義,2023-10-25,8459
2376,技嘉,23,8,15,康和-嘉義,2023-10-25,8459
2607,榮運,30,15,15,康和-嘉義,2023-10-25,8459
3037,欣興,34,19,15,康和-嘉義,2023-10-25,8459
3308,聯德,15,0,15,康和-嘉義,2023-10-25,8459
6120,達運,15,0,15,康和-嘉義,2023-10-25,8459
6257,矽格,17,2,15,康和-嘉義,2023-10-25,8459
00929,復華台灣科技優息,26,12,14,康和-嘉義,2023-10-25,8459
4529,淳紳,14,0,14,康和-嘉義,2023-10-25,8459
1303,南亞,12,0,12,康和-嘉義,2023-10-25,8459
3032,偉訓,24,12,12,康和-嘉義,2023-10-25,8459
2888,新光金,11,0,11,康和-嘉義,2023-10-25,8459
5880,合庫金,11,0,11,康和-嘉義,2023-10-25,8459
3227,原相,12,1,11,康和-嘉義,2023-10-25,8459
2337,旺宏,13,3,10,康和-嘉義,2023-10-25,8459
2883,凱基金,20,10,10,康和-嘉義,2023-10-25,8459
2832,台產,10,0,10,康和-嘉義,2023-10-25,8459
6664,群翊,10,0,10,康和-嘉義,2023-10-25,8459
6684,安格,10,0,10,康和-嘉義,2023-10-25,8459
3035,智原,13,4,9,康和-嘉義,2023-10-25,8459
00878,國泰永續高股息,14,5,9,康和-嘉義,2023-10-25,8459
2038,海光,8,0,8,康和-嘉義,2023-10-25,8459
2204,中華,8,0,8,康和-嘉義,2023-10-25,8459
2402,毅嘉,11,3,8,康和-嘉義,2023-10-25,8459
5215,科嘉-KY,8,0,8,康和-嘉義,2023-10-25,8459
2476,鉅祥,9,2,7,康和-嘉義,2023-10-25,8459
2882,國泰金,7,0,7,康和-嘉義,2023-10-25,8459
6531,愛普*,16,9,7,康和-嘉義,2023-10-25,8459
2409,友達,11,5,6,康和-嘉義,2023-10-25,8459
00642U,期元大S＆P石油,6,0,6,康和-嘉義,2023-10-25,8459
00665L,富邦�琤肭磪囓�2,201,0,201,康和-嘉義,2023-10-26,8459
2303,聯電,189,33,156,康和-嘉義,2023-10-26,8459
2834,臺企銀,74,0,74,康和-嘉義,2023-10-26,8459
2485,兆赫,68,3,65,康和-嘉義,2023-10-26,8459
6274,台燿,76,12,64,康和-嘉義,2023-10-26,8459
2884,玉山金,57,0,57,康和-嘉義,2023-10-26,8459
2883,凱基金,55,0,55,康和-嘉義,2023-10-26,8459
2515,中工,54,5,49,康和-嘉義,2023-10-26,8459
00882,中信中國高股息,46,0,46,康和-嘉義,2023-10-26,8459
00878,國泰永續高股息,46,2,44,康和-嘉義,2023-10-26,8459
00712,復華富時不動產,37,0,37,康和-嘉義,2023-10-26,8459
00922,國泰台灣領袖50,31,0,31,康和-嘉義,2023-10-26,8459
3231,緯創,111,81,30,康和-嘉義,2023-10-26,8459
2344,華邦電,83,54,29,康和-嘉義,2023-10-26,8459
2330,台積電,28,2,26,康和-嘉義,2023-10-26,8459
2376,技嘉,35,9,26,康和-嘉義,2023-10-26,8459
2206,三陽工業,41,15,26,康和-嘉義,2023-10-26,8459
2402,毅嘉,24,0,24,康和-嘉義,2023-10-26,8459
6462,神盾,23,0,23,康和-嘉義,2023-10-26,8459
2382,廣達,44,22,22,康和-嘉義,2023-10-26,8459
8040,九暘,21,0,21,康和-嘉義,2023-10-26,8459
00795B,中信美國公債20年,20,0,20,康和-嘉義,2023-10-26,8459
00931B,統一美債20年,20,0,20,康和-嘉義,2023-10-26,8459
00929,復華台灣科技優息,58,39,19,康和-嘉義,2023-10-26,8459
2888,新光金,19,0,19,康和-嘉義,2023-10-26,8459
00680L,元大美債20正2,20,3,17,康和-嘉義,2023-10-26,8459
1795,美時,45,29,16,康和-嘉義,2023-10-26,8459
3715,定穎投控,65,49,16,康和-嘉義,2023-10-26,8459
2317,鴻海,24,9,15,康和-嘉義,2023-10-26,8459
3481,群創,316,301,15,康和-嘉義,2023-10-26,8459
2886,兆豐金,15,1,14,康和-嘉義,2023-10-26,8459
00919,群益台灣精選高息,12,0,12,康和-嘉義,2023-10-26,8459
00893,國泰智能電動車,12,0,12,康和-嘉義,2023-10-26,8459
2368,金像電,13,1,12,康和-嘉義,2023-10-26,8459
2605,新興,37,26,11,康和-嘉義,2023-10-26,8459
3122,笙泉,11,0,11,康和-嘉義,2023-10-26,8459
5880,合庫金,11,0,11,康和-嘉義,2023-10-26,8459
2606,裕民,11,1,10,康和-嘉義,2023-10-26,8459
3078,僑威,14,4,10,康和-嘉義,2023-10-26,8459
4529,淳紳,10,0,10,康和-嘉義,2023-10-26,8459
4533,協易機,10,0,10,康和-嘉義,2023-10-26,8459
5210,寶碩,10,0,10,康和-嘉義,2023-10-26,8459
5328,華容,10,0,10,康和-嘉義,2023-10-26,8459
0050,元大台灣50,10,0,10,康和-嘉義,2023-10-26,8459
0056,元大高股息,14,5,9,康和-嘉義,2023-10-26,8459
00633L,富邦上証正2,10,1,9,康和-嘉義,2023-10-26,8459
00687B,國泰20年美債,9,0,9,康和-嘉義,2023-10-26,8459
2369,菱生,11,2,9,康和-嘉義,2023-10-26,8459
2882,國泰金,9,0,9,康和-嘉義,2023-10-26,8459
3704,合勤控,9,0,9,康和-嘉義,2023-10-26,8459
2485,兆赫,2000,30,1970,康和-嘉義,2023-10-27,8459
00712,復華富時不動產,60,10,50,康和-嘉義,2023-10-27,8459
2888,新光金,45,0,45,康和-嘉義,2023-10-27,8459
4743,合一,42,2,40,康和-嘉義,2023-10-27,8459
4529,淳紳,38,0,38,康和-嘉義,2023-10-27,8459
3715,定穎投控,84,57,27,康和-嘉義,2023-10-27,8459
8085,福華,27,0,27,康和-嘉義,2023-10-27,8459
3704,合勤控,30,5,25,康和-嘉義,2023-10-27,8459
3260,威剛,33,8,25,康和-嘉義,2023-10-27,8459
4552,力達-KY,27,5,22,康和-嘉義,2023-10-27,8459
00878,國泰永續高股息,21,0,21,康和-嘉義,2023-10-27,8459
2312,金寶,20,0,20,康和-嘉義,2023-10-27,8459
3213,茂訊,20,0,20,康和-嘉義,2023-10-27,8459
2634,漢翔,20,1,19,康和-嘉義,2023-10-27,8459
2498,宏達電,22,4,18,康和-嘉義,2023-10-27,8459
00715L,期街口布蘭特正2,27,10,17,康和-嘉義,2023-10-27,8459
2344,華邦電,20,3,17,康和-嘉義,2023-10-27,8459
3037,欣興,36,19,17,康和-嘉義,2023-10-27,8459
3058,立德,26,9,17,康和-嘉義,2023-10-27,8459
5880,合庫金,16,0,16,康和-嘉義,2023-10-27,8459
6139,亞翔,19,3,16,康和-嘉義,2023-10-27,8459
2206,三陽工業,15,0,15,康和-嘉義,2023-10-27,8459
2233,宇隆,32,17,15,康和-嘉義,2023-10-27,8459
2363,矽統,16,1,15,康和-嘉義,2023-10-27,8459
6418,詠昇,15,0,15,康和-嘉義,2023-10-27,8459
2412,中華電,13,0,13,康和-嘉義,2023-10-27,8459
2359,所羅門,14,1,13,康和-嘉義,2023-10-27,8459
2543,皇昌,13,0,13,康和-嘉義,2023-10-27,8459
6712,長聖,15,2,13,康和-嘉義,2023-10-27,8459
3481,群創,13,1,12,康和-嘉義,2023-10-27,8459
2340,台亞,12,0,12,康和-嘉義,2023-10-27,8459
8215,明基材,12,0,12,康和-嘉義,2023-10-27,8459
8358,金居,12,0,12,康和-嘉義,2023-10-27,8459
1795,美時,117,106,11,康和-嘉義,2023-10-27,8459
2009,第一銅,10,0,10,康和-嘉義,2023-10-27,8459
3171,炎洲流通,10,0,10,康和-嘉義,2023-10-27,8459
4714,永捷,10,0,10,康和-嘉義,2023-10-27,8459
5210,寶碩,10,0,10,康和-嘉義,2023-10-27,8459
6126,信音,10,0,10,康和-嘉義,2023-10-27,8459
8240,華宏,12,2,10,康和-嘉義,2023-10-27,8459
2317,鴻海,9,0,9,康和-嘉義,2023-10-27,8459
00900,富邦特選高股息30,10,1,9,康和-嘉義,2023-10-27,8459
00919,群益台灣精選高息,9,0,9,康和-嘉義,2023-10-27,8459
3324,雙鴻,17,8,9,康和-嘉義,2023-10-27,8459
2408,南亞科,9,0,9,康和-嘉義,2023-10-27,8459
00933B,國泰10Y+金融債,20,13,7,康和-嘉義,2023-10-27,8459
1584,精剛,8,1,7,康和-嘉義,2023-10-27,8459
2427,三商電,7,0,7,康和-嘉義,2023-10-27,8459
3276,宇環,8,1,7,康和-嘉義,2023-10-27,8459
6133,金橋,13,6,7,康和-嘉義,2023-10-27,8459
4960,誠美材,82,4,78,康和-嘉義,2023-10-30,8459
00885,富邦越南,60,4,56,康和-嘉義,2023-10-30,8459
2897,王道銀行,55,0,55,康和-嘉義,2023-10-30,8459
3058,立德,51,0,51,康和-嘉義,2023-10-30,8459
6290,良維,46,0,46,康和-嘉義,2023-10-30,8459
2317,鴻海,76,37,39,康和-嘉義,2023-10-30,8459
4162,智擎,38,4,34,康和-嘉義,2023-10-30,8459
1815,富喬,39,7,32,康和-嘉義,2023-10-30,8459
2883,凱基金,27,0,27,康和-嘉義,2023-10-30,8459
2891,中信金,22,0,22,康和-嘉義,2023-10-30,8459
2303,聯電,22,0,22,康和-嘉義,2023-10-30,8459
00751B,元大AAA至A公司債,20,0,20,康和-嘉義,2023-10-30,8459
2850,新產,18,0,18,康和-嘉義,2023-10-30,8459
3037,欣興,53,36,17,康和-嘉義,2023-10-30,8459
5880,合庫金,17,0,17,康和-嘉義,2023-10-30,8459
2408,南亞科,15,0,15,康和-嘉義,2023-10-30,8459
1785,光洋科,16,2,14,康和-嘉義,2023-10-30,8459
3266,昇陽,13,0,13,康和-嘉義,2023-10-30,8459
00882,中信中國高股息,14,2,12,康和-嘉義,2023-10-30,8459
6244,茂迪,13,1,12,康和-嘉義,2023-10-30,8459
00878,國泰永續高股息,12,1,11,康和-嘉義,2023-10-30,8459
00720B,元大投資級公司債,11,0,11,康和-嘉義,2023-10-30,8459
1609,大亞,15,4,11,康和-嘉義,2023-10-30,8459
8222,寶一,11,0,11,康和-嘉義,2023-10-30,8459
9928,中視,10,0,10,康和-嘉義,2023-10-30,8459
2356,英業達,57,47,10,康和-嘉義,2023-10-30,8459
2801,彰銀,10,0,10,康和-嘉義,2023-10-30,8459
3450,聯鈞,11,1,10,康和-嘉義,2023-10-30,8459
4529,淳紳,10,0,10,康和-嘉義,2023-10-30,8459
4714,永捷,10,0,10,康和-嘉義,2023-10-30,8459
6136,富爾特,10,0,10,康和-嘉義,2023-10-30,8459
8076,伍豐,18,8,10,康和-嘉義,2023-10-30,8459
9105,泰金寶-DR,13,3,10,康和-嘉義,2023-10-30,8459
00679B,元大美債20年,9,0,9,康和-嘉義,2023-10-30,8459
3078,僑威,14,5,9,康和-嘉義,2023-10-30,8459
2002,中鋼,9,0,9,康和-嘉義,2023-10-30,8459
6531,愛普*,12,4,8,康和-嘉義,2023-10-30,8459
00929,復華台灣科技優息,13,6,7,康和-嘉義,2023-10-30,8459
00687B,國泰20年美債,7,0,7,康和-嘉義,2023-10-30,8459
6530,創威,8,1,7,康和-嘉義,2023-10-30,8459
2618,長榮航,6,0,6,康和-嘉義,2023-10-30,8459
3032,偉訓,16,10,6,康和-嘉義,2023-10-30,8459
6158,禾昌,7,1,6,康和-嘉義,2023-10-30,8459
2330,台積電,6,1,5,康和-嘉義,2023-10-30,8459
1477,聚陽,5,0,5,康和-嘉義,2023-10-30,8459
00680L,元大美債20正2,5,0,5,康和-嘉義,2023-10-30,8459
2340,台亞,5,0,5,康和-嘉義,2023-10-30,8459
2462,良得電,5,0,5,康和-嘉義,2023-10-30,8459
2476,鉅祥,5,0,5,康和-嘉義,2023-10-30,8459
2885,元大金,5,0,5,康和-嘉義,2023-10-30,8459
00665L,富邦�琤肭磪囓�2,220,0,220,康和-嘉義,2023-10-31,8459
5469,瀚宇博,104,1,103,康和-嘉義,2023-10-31,8459
2344,華邦電,95,32,63,康和-嘉義,2023-10-31,8459
6191,精成科,82,29,53,康和-嘉義,2023-10-31,8459
2382,廣達,86,35,51,康和-嘉義,2023-10-31,8459
2313,華通,43,4,39,康和-嘉義,2023-10-31,8459
3037,欣興,61,26,35,康和-嘉義,2023-10-31,8459
2485,兆赫,126,93,33,康和-嘉義,2023-10-31,8459
6235,華孚,29,0,29,康和-嘉義,2023-10-31,8459
8222,寶一,29,0,29,康和-嘉義,2023-10-31,8459
3545,敦泰,33,5,28,康和-嘉義,2023-10-31,8459
00878,國泰永續高股息,31,5,26,康和-嘉義,2023-10-31,8459
1504,東元,27,2,25,康和-嘉義,2023-10-31,8459
1447,力鵬,23,0,23,康和-嘉義,2023-10-31,8459
00715L,期街口布蘭特正2,44,21,23,康和-嘉義,2023-10-31,8459
00893,國泰智能電動車,22,0,22,康和-嘉義,2023-10-31,8459
1524,耿鼎,32,11,21,康和-嘉義,2023-10-31,8459
3576,聯合再生,85,65,20,康和-嘉義,2023-10-31,8459
8215,明基材,26,6,20,康和-嘉義,2023-10-31,8459
2317,鴻海,101,81,20,康和-嘉義,2023-10-31,8459
00712,復華富時不動產,22,2,20,康和-嘉義,2023-10-31,8459
4714,永捷,20,0,20,康和-嘉義,2023-10-31,8459
2208,台船,20,2,18,康和-嘉義,2023-10-31,8459
6213,聯茂,18,0,18,康和-嘉義,2023-10-31,8459
8040,九暘,35,18,17,康和-嘉義,2023-10-31,8459
3231,緯創,103,88,15,康和-嘉義,2023-10-31,8459
1326,台化,15,0,15,康和-嘉義,2023-10-31,8459
2939,永邑-KY,15,0,15,康和-嘉義,2023-10-31,8459
00922,國泰台灣領袖50,14,0,14,康和-嘉義,2023-10-31,8459
2312,金寶,15,1,14,康和-嘉義,2023-10-31,8459
2605,新興,16,3,13,康和-嘉義,2023-10-31,8459
00929,復華台灣科技優息,14,1,13,康和-嘉義,2023-10-31,8459
3094,聯傑,18,5,13,康和-嘉義,2023-10-31,8459
6139,亞翔,24,11,13,康和-嘉義,2023-10-31,8459
6202,盛群,13,0,13,康和-嘉義,2023-10-31,8459
3058,立德,12,0,12,康和-嘉義,2023-10-31,8459
5227,立凱-KY,12,0,12,康和-嘉義,2023-10-31,8459
5355,佳總,12,0,12,康和-嘉義,2023-10-31,8459
1460,宏遠,10,0,10,康和-嘉義,2023-10-31,8459
00891,中信關鍵半導體,10,0,10,康和-嘉義,2023-10-31,8459
3092,鴻碩,12,2,10,康和-嘉義,2023-10-31,8459
3290,東浦,10,0,10,康和-嘉義,2023-10-31,8459
3450,聯鈞,10,0,10,康和-嘉義,2023-10-31,8459
3715,定穎投控,75,65,10,康和-嘉義,2023-10-31,8459
6443,元晶,29,19,10,康和-嘉義,2023-10-31,8459
3491,昇達科,40,30,10,康和-嘉義,2023-10-31,8459
2353,宏��,10,1,9,康和-嘉義,2023-10-31,8459
4106,雃博,9,0,9,康和-嘉義,2023-10-31,8459
2363,矽統,13,5,8,康和-嘉義,2023-10-31,8459
3078,僑威,16,8,8,康和-嘉義,2023-10-31,8459
00715L,期街口布蘭特正2,571,23,548,康和-嘉義,2023-11-01,8459
2485,兆赫,195,58,137,康和-嘉義,2023-11-01,8459
3715,定穎投控,251,182,69,康和-嘉義,2023-11-01,8459
2610,華航,44,4,40,康和-嘉義,2023-11-01,8459
1815,富喬,40,1,39,康和-嘉義,2023-11-01,8459
6191,精成科,47,13,34,康和-嘉義,2023-11-01,8459
1721,三晃,79,50,29,康和-嘉義,2023-11-01,8459
3545,敦泰,29,1,28,康和-嘉義,2023-11-01,8459
5355,佳總,25,0,25,康和-嘉義,2023-11-01,8459
6770,力積電,35,12,23,康和-嘉義,2023-11-01,8459
2363,矽統,31,8,23,康和-嘉義,2023-11-01,8459
3363,上詮,26,5,21,康和-嘉義,2023-11-01,8459
00878,國泰永續高股息,25,5,20,康和-嘉義,2023-11-01,8459
1795,美時,31,12,19,康和-嘉義,2023-11-01,8459
3265,台星科,19,2,17,康和-嘉義,2023-11-01,8459
2892,第一金,17,1,16,康和-嘉義,2023-11-01,8459
2353,宏��,15,0,15,康和-嘉義,2023-11-01,8459
6139,亞翔,35,20,15,康和-嘉義,2023-11-01,8459
8215,明基材,15,0,15,康和-嘉義,2023-11-01,8459
00935,野村臺灣新科技50,12,0,12,康和-嘉義,2023-11-01,8459
00929,復華台灣科技優息,11,1,10,康和-嘉義,2023-11-01,8459
6245,立端,10,0,10,康和-嘉義,2023-11-01,8459
3481,群創,10,0,10,康和-嘉義,2023-11-01,8459
6589,台康生技,11,1,10,康和-嘉義,2023-11-01,8459
1314,中石化,14,4,10,康和-嘉義,2023-11-01,8459
00919,群益台灣精選高息,9,0,9,康和-嘉義,2023-11-01,8459
2312,金寶,11,3,8,康和-嘉義,2023-11-01,8459
2743,山富,16,8,8,康和-嘉義,2023-11-01,8459
3122,笙泉,13,5,8,康和-嘉義,2023-11-01,8459
3231,緯創,55,47,8,康和-嘉義,2023-11-01,8459
3380,明泰,8,1,7,康和-嘉義,2023-11-01,8459
4551,智伸科,7,0,7,康和-嘉義,2023-11-01,8459
2308,台達電,9,2,7,康和-嘉義,2023-11-01,8459
2498,宏達電,8,2,6,康和-嘉義,2023-11-01,8459
2329,華泰,6,0,6,康和-嘉義,2023-11-01,8459
1605,華新,6,0,6,康和-嘉義,2023-11-01,8459
1708,東鹼,6,0,6,康和-嘉義,2023-11-01,8459
2208,台船,6,0,6,康和-嘉義,2023-11-01,8459
2402,毅嘉,7,1,6,康和-嘉義,2023-11-01,8459
2609,陽明,6,0,6,康和-嘉義,2023-11-01,8459
00679B,元大美債20年,5,0,5,康和-嘉義,2023-11-01,8459
1909,榮成,5,0,5,康和-嘉義,2023-11-01,8459
00915,凱基優選高股息30,5,0,5,康和-嘉義,2023-11-01,8459
2204,中華,5,0,5,康和-嘉義,2023-11-01,8459
2328,廣宇,5,0,5,康和-嘉義,2023-11-01,8459
2939,永邑-KY,5,0,5,康和-嘉義,2023-11-01,8459
3081,聯亞,5,0,5,康和-嘉義,2023-11-01,8459
3704,合勤控,6,1,5,康和-嘉義,2023-11-01,8459
4746,台耀,6,1,5,康和-嘉義,2023-11-01,8459
4979,華星光,15,10,5,康和-嘉義,2023-11-01,8459
00632R,元大台灣50反1,1007,1,1006,康和-嘉義,2023-11-02,8459
6531,愛普*,255,46,209,康和-嘉義,2023-11-02,8459
1815,富喬,277,168,109,康和-嘉義,2023-11-02,8459
1409,新纖,80,0,80,康和-嘉義,2023-11-02,8459
2845,遠東銀,45,0,45,康和-嘉義,2023-11-02,8459
1455,集盛,40,0,40,康和-嘉義,2023-11-02,8459
8110,華東,35,1,34,康和-嘉義,2023-11-02,8459
00934,中信成長高股息,43,10,33,康和-嘉義,2023-11-02,8459
2363,矽統,63,30,33,康和-嘉義,2023-11-02,8459
00642U,期元大S＆P石油,30,0,30,康和-嘉義,2023-11-02,8459
6901,鑽石投資,30,0,30,康和-嘉義,2023-11-02,8459
3231,緯創,166,136,30,康和-嘉義,2023-11-02,8459
4960,誠美材,28,1,27,康和-嘉義,2023-11-02,8459
2405,輔信,36,16,20,康和-嘉義,2023-11-02,8459
2367,燿華,42,23,19,康和-嘉義,2023-11-02,8459
6177,達麗,17,0,17,康和-嘉義,2023-11-02,8459
3322,建舜電,18,2,16,康和-嘉義,2023-11-02,8459
5483,中美晶,22,8,14,康和-嘉義,2023-11-02,8459
6288,聯嘉,13,0,13,康和-嘉義,2023-11-02,8459
2317,鴻海,14,4,10,康和-嘉義,2023-11-02,8459
5355,佳總,10,0,10,康和-嘉義,2023-11-02,8459
00715L,期街口布蘭特正2,30,20,10,康和-嘉義,2023-11-02,8459
00893,國泰智能電動車,10,0,10,康和-嘉義,2023-11-02,8459
1708,東鹼,10,0,10,康和-嘉義,2023-11-02,8459
2201,裕隆,20,10,10,康和-嘉義,2023-11-02,8459
2939,永邑-KY,10,0,10,康和-嘉義,2023-11-02,8459
4906,正文,10,0,10,康和-嘉義,2023-11-02,8459
6274,台燿,20,11,9,康和-嘉義,2023-11-02,8459
2498,宏達電,18,10,8,康和-嘉義,2023-11-02,8459
00919,群益台灣精選高息,7,0,7,康和-嘉義,2023-11-02,8459
00687B,國泰20年美債,13,7,6,康和-嘉義,2023-11-02,8459
2376,技嘉,19,13,6,康和-嘉義,2023-11-02,8459
6579,研揚,6,0,6,康和-嘉義,2023-11-02,8459
8176,智捷,6,0,6,康和-嘉義,2023-11-02,8459
1313,聯成,5,0,5,康和-嘉義,2023-11-02,8459
00935,野村臺灣新科技50,5,0,5,康和-嘉義,2023-11-02,8459
1609,大亞,6,1,5,康和-嘉義,2023-11-02,8459
3531,先益,5,0,5,康和-嘉義,2023-11-02,8459
3548,兆利,12,7,5,康和-嘉義,2023-11-02,8459
3710,連展投控,5,0,5,康和-嘉義,2023-11-02,8459
4934,太極,5,0,5,康和-嘉義,2023-11-02,8459
5227,立凱-KY,5,0,5,康和-嘉義,2023-11-02,8459
6136,富爾特,5,0,5,康和-嘉義,2023-11-02,8459
6138,茂達,5,0,5,康和-嘉義,2023-11-02,8459
6216,居易,12,7,5,康和-嘉義,2023-11-02,8459
6417,韋僑,5,0,5,康和-嘉義,2023-11-02,8459
9938,百和,5,0,5,康和-嘉義,2023-11-02,8459
1721,三晃,7,2,5,康和-嘉義,2023-11-02,8459
8088,品安,9,4,5,康和-嘉義,2023-11-02,8459
2634,漢翔,10,6,4,康和-嘉義,2023-11-02,8459
00632R,元大台灣50反1,1003,0,1003,康和-嘉義,2023-11-03,8459
2834,臺企銀,91,0,91,康和-嘉義,2023-11-03,8459
3213,茂訊,46,0,46,康和-嘉義,2023-11-03,8459
3147,大綜,39,0,39,康和-嘉義,2023-11-03,8459
2382,廣達,57,25,32,康和-嘉義,2023-11-03,8459
00679B,元大美債20年,31,6,25,康和-嘉義,2023-11-03,8459
2367,燿華,26,2,24,康和-嘉義,2023-11-03,8459
3481,群創,37,13,24,康和-嘉義,2023-11-03,8459
00934,中信成長高股息,22,2,20,康和-嘉義,2023-11-03,8459
6136,富爾特,20,0,20,康和-嘉義,2023-11-03,8459
00929,復華台灣科技優息,25,6,19,康和-嘉義,2023-11-03,8459
2543,皇昌,18,0,18,康和-嘉義,2023-11-03,8459
1314,中石化,16,0,16,康和-嘉義,2023-11-03,8459
1477,聚陽,15,0,15,康和-嘉義,2023-11-03,8459
8046,南電,18,4,14,康和-嘉義,2023-11-03,8459
8150,南茂,14,0,14,康和-嘉義,2023-11-03,8459
8227,巨有科技,14,0,14,康和-嘉義,2023-11-03,8459
00687B,國泰20年美債,20,7,13,康和-嘉義,2023-11-03,8459
2816,旺旺保,14,1,13,康和-嘉義,2023-11-03,8459
2388,威盛,44,31,13,康和-嘉義,2023-11-03,8459
2408,南亞科,13,0,13,康和-嘉義,2023-11-03,8459
2369,菱生,12,0,12,康和-嘉義,2023-11-03,8459
3078,僑威,15,3,12,康和-嘉義,2023-11-03,8459
6526,達發,12,0,12,康和-嘉義,2023-11-03,8459
6120,達運,11,0,11,康和-嘉義,2023-11-03,8459
00633L,富邦上証正2,10,0,10,康和-嘉義,2023-11-03,8459
00772B,中信高評級公司債,10,0,10,康和-嘉義,2023-11-03,8459
2903,遠百,10,0,10,康和-嘉義,2023-11-03,8459
3450,聯鈞,10,0,10,康和-嘉義,2023-11-03,8459
4934,太極,10,0,10,康和-嘉義,2023-11-03,8459
8277,商丞,10,0,10,康和-嘉義,2023-11-03,8459
5210,寶碩,10,0,10,康和-嘉義,2023-11-03,8459
2317,鴻海,28,18,10,康和-嘉義,2023-11-03,8459
2485,兆赫,11,2,9,康和-嘉義,2023-11-03,8459
3002,歐格,9,0,9,康和-嘉義,2023-11-03,8459
5469,瀚宇博,10,1,9,康和-嘉義,2023-11-03,8459
6869,雲豹能源,9,0,9,康和-嘉義,2023-11-03,8459
5227,立凱-KY,8,0,8,康和-嘉義,2023-11-03,8459
2338,光罩,8,0,8,康和-嘉義,2023-11-03,8459
4162,智擎,16,8,8,康和-嘉義,2023-11-03,8459
4979,華星光,8,0,8,康和-嘉義,2023-11-03,8459
00919,群益台灣精選高息,7,0,7,康和-嘉義,2023-11-03,8459
2344,華邦電,21,14,7,康和-嘉義,2023-11-03,8459
8054,安國,9,2,7,康和-嘉義,2023-11-03,8459
2867,三商壽,6,0,6,康和-嘉義,2023-11-03,8459
00878,國泰永續高股息,6,0,6,康和-嘉義,2023-11-03,8459
2353,宏��,11,5,6,康和-嘉義,2023-11-03,8459
00885,富邦越南,6,0,6,康和-嘉義,2023-11-03,8459
2356,英業達,8,2,6,康和-嘉義,2023-11-03,8459
2371,大同,6,0,6,康和-嘉義,2023-11-03,8459
00632R,元大台灣50反1,1556,100,1456,康和-嘉義,2023-11-06,8459
9924,福興,272,3,269,康和-嘉義,2023-11-06,8459
2618,長榮航,82,11,71,康和-嘉義,2023-11-06,8459
6603,富強鑫,65,0,65,康和-嘉義,2023-11-06,8459
1802,台玻,59,3,56,康和-嘉義,2023-11-06,8459
5490,同亨,53,0,53,康和-嘉義,2023-11-06,8459
2897,王道銀行,45,0,45,康和-嘉義,2023-11-06,8459
3176,基亞,46,4,42,康和-嘉義,2023-11-06,8459
2303,聯電,47,12,35,康和-嘉義,2023-11-06,8459
00931B,統一美債20年,30,0,30,康和-嘉義,2023-11-06,8459
00934,中信成長高股息,30,5,25,康和-嘉義,2023-11-06,8459
00687B,國泰20年美債,21,0,21,康和-嘉義,2023-11-06,8459
3058,立德,21,0,21,康和-嘉義,2023-11-06,8459
4162,智擎,34,13,21,康和-嘉義,2023-11-06,8459
6127,九豪,20,0,20,康和-嘉義,2023-11-06,8459
6147,頎邦,20,0,20,康和-嘉義,2023-11-06,8459
8341,日友,20,0,20,康和-嘉義,2023-11-06,8459
1795,美時,34,17,17,康和-嘉義,2023-11-06,8459
00878,國泰永續高股息,18,2,16,康和-嘉義,2023-11-06,8459
00919,群益台灣精選高息,16,0,16,康和-嘉義,2023-11-06,8459
2208,台船,16,0,16,康和-嘉義,2023-11-06,8459
2867,三商壽,22,7,15,康和-嘉義,2023-11-06,8459
00712,復華富時不動產,15,1,14,康和-嘉義,2023-11-06,8459
00715L,期街口布蘭特正2,33,20,13,康和-嘉義,2023-11-06,8459
6243,迅杰,13,0,13,康和-嘉義,2023-11-06,8459
2488,漢平,15,3,12,康和-嘉義,2023-11-06,8459
2382,廣達,37,25,12,康和-嘉義,2023-11-06,8459
00935,野村臺灣新科技50,11,0,11,康和-嘉義,2023-11-06,8459
2609,陽明,11,0,11,康和-嘉義,2023-11-06,8459
1447,力鵬,10,0,10,康和-嘉義,2023-11-06,8459
00893,國泰智能電動車,10,0,10,康和-嘉義,2023-11-06,8459
00795B,中信美國公債20年,10,0,10,康和-嘉義,2023-11-06,8459
1522,堤維西,10,0,10,康和-嘉義,2023-11-06,8459
2417,圓剛,10,0,10,康和-嘉義,2023-11-06,8459
2801,彰銀,10,0,10,康和-嘉義,2023-11-06,8459
3046,建��,10,0,10,康和-嘉義,2023-11-06,8459
3013,晟銘電,9,0,9,康和-嘉義,2023-11-06,8459
5258,虹堡,42,33,9,康和-嘉義,2023-11-06,8459
2408,南亞科,12,3,9,康和-嘉義,2023-11-06,8459
1711,永光,8,0,8,康和-嘉義,2023-11-06,8459
2313,華通,8,0,8,康和-嘉義,2023-11-06,8459
2834,臺企銀,20,12,8,康和-嘉義,2023-11-06,8459
5289,宜鼎,11,3,8,康和-嘉義,2023-11-06,8459
5351,鈺創,10,2,8,康和-嘉義,2023-11-06,8459
5371,中光電,8,1,7,康和-嘉義,2023-11-06,8459
2603,長榮,19,12,7,康和-嘉義,2023-11-06,8459
00933B,國泰10Y+金融債,7,0,7,康和-嘉義,2023-11-06,8459
1504,東元,9,2,7,康和-嘉義,2023-11-06,8459
2369,菱生,17,10,7,康和-嘉義,2023-11-06,8459
2881,富邦金,12,5,7,康和-嘉義,2023-11-06,8459
4552,力達-KY,69,1,68,康和-嘉義,2023-11-07,8459
2488,漢平,69,16,53,康和-嘉義,2023-11-07,8459
1802,台玻,46,0,46,康和-嘉義,2023-11-07,8459
2888,新光金,45,0,45,康和-嘉義,2023-11-07,8459
00929,復華台灣科技優息,46,7,39,康和-嘉義,2023-11-07,8459
2388,威盛,45,8,37,康和-嘉義,2023-11-07,8459
00919,群益台灣精選高息,31,0,31,康和-嘉義,2023-11-07,8459
2344,華邦電,33,2,31,康和-嘉義,2023-11-07,8459
4746,台耀,32,1,31,康和-嘉義,2023-11-07,8459
6603,富強鑫,30,0,30,康和-嘉義,2023-11-07,8459
1447,力鵬,29,0,29,康和-嘉義,2023-11-07,8459
9924,福興,25,0,25,康和-嘉義,2023-11-07,8459
2485,兆赫,26,2,24,康和-嘉義,2023-11-07,8459
8069,元太,24,0,24,康和-嘉義,2023-11-07,8459
2417,圓剛,20,0,20,康和-嘉義,2023-11-07,8459
3548,兆利,36,17,19,康和-嘉義,2023-11-07,8459
1795,美時,55,37,18,康和-嘉義,2023-11-07,8459
2421,建準,31,13,18,康和-嘉義,2023-11-07,8459
3481,群創,20,3,17,康和-嘉義,2023-11-07,8459
0056,元大高股息,20,3,17,康和-嘉義,2023-11-07,8459
3376,新日興,57,40,17,康和-嘉義,2023-11-07,8459
2363,矽統,467,451,16,康和-嘉義,2023-11-07,8459
6189,豐藝,16,0,16,康和-嘉義,2023-11-07,8459
3693,營邦,19,5,14,康和-嘉義,2023-11-07,8459
2369,菱生,14,0,14,康和-嘉義,2023-11-07,8459
4967,十銓,22,9,13,康和-嘉義,2023-11-07,8459
00712,復華富時不動產,13,0,13,康和-嘉義,2023-11-07,8459
6901,鑽石投資,24,12,12,康和-嘉義,2023-11-07,8459
00715L,期街口布蘭特正2,12,0,12,康和-嘉義,2023-11-07,8459
00687B,國泰20年美債,12,0,12,康和-嘉義,2023-11-07,8459
5533,皇鼎,12,0,12,康和-嘉義,2023-11-07,8459
8215,明基材,14,2,12,康和-嘉義,2023-11-07,8459
2330,台積電,16,4,12,康和-嘉義,2023-11-07,8459
6197,佳必琪,12,1,11,康和-嘉義,2023-11-07,8459
4108,懷特,11,0,11,康和-嘉義,2023-11-07,8459
2634,漢翔,32,22,10,康和-嘉義,2023-11-07,8459
2002,中鋼,10,0,10,康和-嘉義,2023-11-07,8459
00900,富邦特選高股息30,10,0,10,康和-嘉義,2023-11-07,8459
00688L,國泰20年美債正2,10,0,10,康和-嘉義,2023-11-07,8459
00753L,中信中國50正2,10,0,10,康和-嘉義,2023-11-07,8459
1305,華夏,10,0,10,康和-嘉義,2023-11-07,8459
2484,希華,10,0,10,康和-嘉義,2023-11-07,8459
2486,一詮,11,1,10,康和-嘉義,2023-11-07,8459
3015,全漢,10,0,10,康和-嘉義,2023-11-07,8459
3265,台星科,10,0,10,康和-嘉義,2023-11-07,8459
4906,正文,10,0,10,康和-嘉義,2023-11-07,8459
2891,中信金,10,1,9,康和-嘉義,2023-11-07,8459
5371,中光電,9,0,9,康和-嘉義,2023-11-07,8459
5469,瀚宇博,19,10,9,康和-嘉義,2023-11-07,8459
8054,安國,9,0,9,康和-嘉義,2023-11-07,8459
00632R,元大台灣50反1,514,2,512,康和-嘉義,2023-11-08,8459
00933B,國泰10Y+金融債,152,3,149,康和-嘉義,2023-11-08,8459
00936,台新永續高息中小,104,0,104,康和-嘉義,2023-11-08,8459
2618,長榮航,98,9,89,康和-嘉義,2023-11-08,8459
9924,福興,83,0,83,康和-嘉義,2023-11-08,8459
00919,群益台灣精選高息,64,0,64,康和-嘉義,2023-11-08,8459
3206,志豐,67,3,64,康和-嘉義,2023-11-08,8459
00715L,期街口布蘭特正2,67,5,62,康和-嘉義,2023-11-08,8459
3231,緯創,276,226,50,康和-嘉義,2023-11-08,8459
3689,湧德,50,0,50,康和-嘉義,2023-11-08,8459
2883,凱基金,47,2,45,康和-嘉義,2023-11-08,8459
4105,東洋,45,0,45,康和-嘉義,2023-11-08,8459
3706,神達,46,3,43,康和-嘉義,2023-11-08,8459
8390,金益鼎,40,0,40,康和-嘉義,2023-11-08,8459
00687B,國泰20年美債,61,22,39,康和-嘉義,2023-11-08,8459
5533,皇鼎,39,0,39,康和-嘉義,2023-11-08,8459
1568,倉佑,43,5,38,康和-嘉義,2023-11-08,8459
00756B,群益投等新興公債,32,0,32,康和-嘉義,2023-11-08,8459
6279,胡連,32,2,30,康和-嘉義,2023-11-08,8459
8054,安國,33,3,30,康和-嘉義,2023-11-08,8459
1477,聚陽,26,0,26,康和-嘉義,2023-11-08,8459
6901,鑽石投資,32,9,23,康和-嘉義,2023-11-08,8459
4979,華星光,31,9,22,康和-嘉義,2023-11-08,8459
6811,宏�硌穈T,21,0,21,康和-嘉義,2023-11-08,8459
00680L,元大美債20正2,20,0,20,康和-嘉義,2023-11-08,8459
1319,東陽,31,12,19,康和-嘉義,2023-11-08,8459
1504,東元,20,2,18,康和-嘉義,2023-11-08,8459
2369,菱生,80,62,18,康和-嘉義,2023-11-08,8459
6274,台燿,38,21,17,康和-嘉義,2023-11-08,8459
2376,技嘉,25,9,16,康和-嘉義,2023-11-08,8459
5490,同亨,16,0,16,康和-嘉義,2023-11-08,8459
5520,力泰,16,0,16,康和-嘉義,2023-11-08,8459
1304,台聚,15,0,15,康和-嘉義,2023-11-08,8459
1815,富喬,34,19,15,康和-嘉義,2023-11-08,8459
1795,美時,32,18,14,康和-嘉義,2023-11-08,8459
3374,精材,14,1,13,康和-嘉義,2023-11-08,8459
6143,振曜,14,1,13,康和-嘉義,2023-11-08,8459
5512,力麒,12,0,12,康和-嘉義,2023-11-08,8459
6117,迎廣,25,13,12,康和-嘉義,2023-11-08,8459
2486,一詮,31,20,11,康和-嘉義,2023-11-08,8459
3006,晶豪科,18,7,11,康和-嘉義,2023-11-08,8459
8110,華東,14,3,11,康和-嘉義,2023-11-08,8459
1708,東鹼,10,0,10,康和-嘉義,2023-11-08,8459
3014,聯陽,10,0,10,康和-嘉義,2023-11-08,8459
3094,聯傑,10,0,10,康和-嘉義,2023-11-08,8459
3221,台嘉碩,12,2,10,康和-嘉義,2023-11-08,8459
4714,永捷,10,0,10,康和-嘉義,2023-11-08,8459
6227,茂綸,10,0,10,康和-嘉義,2023-11-08,8459
6443,元晶,10,0,10,康和-嘉義,2023-11-08,8459
2329,華泰,92,82,10,康和-嘉義,2023-11-08,8459
00715L,期街口布蘭特正2,606,10,596,康和-嘉義,2023-11-09,8459
4550,長佳,156,0,156,康和-嘉義,2023-11-09,8459
1504,東元,43,0,43,康和-嘉義,2023-11-09,8459
2363,矽統,206,164,42,康和-嘉義,2023-11-09,8459
4167,松瑞藥,43,3,40,康和-嘉義,2023-11-09,8459
00878,國泰永續高股息,36,7,29,康和-嘉義,2023-11-09,8459
1449,佳和,29,0,29,康和-嘉義,2023-11-09,8459
00680L,元大美債20正2,35,7,28,康和-嘉義,2023-11-09,8459
00632R,元大台灣50反1,25,0,25,康和-嘉義,2023-11-09,8459
2331,精英,44,22,22,康和-嘉義,2023-11-09,8459
6177,達麗,22,0,22,康和-嘉義,2023-11-09,8459
00900,富邦特選高股息30,21,0,21,康和-嘉義,2023-11-09,8459
1905,華紙,22,1,21,康和-嘉義,2023-11-09,8459
0056,元大高股息,25,5,20,康和-嘉義,2023-11-09,8459
2501,國建,20,0,20,康和-嘉義,2023-11-09,8459
3213,茂訊,20,1,19,康和-嘉義,2023-11-09,8459
00891,中信關鍵半導體,17,0,17,康和-嘉義,2023-11-09,8459
2303,聯電,22,5,17,康和-嘉義,2023-11-09,8459
2382,廣達,43,27,16,康和-嘉義,2023-11-09,8459
8054,安國,16,1,15,康和-嘉義,2023-11-09,8459
00929,復華台灣科技優息,57,43,14,康和-嘉義,2023-11-09,8459
8046,南電,32,18,14,康和-嘉義,2023-11-09,8459
2816,旺旺保,14,0,14,康和-嘉義,2023-11-09,8459
3548,兆利,25,11,14,康和-嘉義,2023-11-09,8459
6143,振曜,32,20,12,康和-嘉義,2023-11-09,8459
6189,豐藝,16,4,12,康和-嘉義,2023-11-09,8459
6227,茂綸,12,0,12,康和-嘉義,2023-11-09,8459
8936,國統,18,6,12,康和-嘉義,2023-11-09,8459
00934,中信成長高股息,11,0,11,康和-嘉義,2023-11-09,8459
3094,聯傑,11,0,11,康和-嘉義,2023-11-09,8459
4743,合一,28,17,11,康和-嘉義,2023-11-09,8459
6122,擎邦,19,8,11,康和-嘉義,2023-11-09,8459
2634,漢翔,17,7,10,康和-嘉義,2023-11-09,8459
00688L,國泰20年美債正2,20,10,10,康和-嘉義,2023-11-09,8459
1440,南紡,10,0,10,康和-嘉義,2023-11-09,8459
2431,聯昌,10,0,10,康和-嘉義,2023-11-09,8459
2546,根基,10,0,10,康和-嘉義,2023-11-09,8459
4958,臻鼎-KY,10,0,10,康和-嘉義,2023-11-09,8459
8111,立��,16,6,10,康和-嘉義,2023-11-09,8459
9924,福興,10,0,10,康和-嘉義,2023-11-09,8459
3308,聯德,10,0,10,康和-嘉義,2023-11-09,8459
1522,堤維西,14,5,9,康和-嘉義,2023-11-09,8459
1721,三晃,40,31,9,康和-嘉義,2023-11-09,8459
3013,晟銘電,17,8,9,康和-嘉義,2023-11-09,8459
4967,十銓,9,0,9,康和-嘉義,2023-11-09,8459
6170,統振,11,2,9,康和-嘉義,2023-11-09,8459
3231,緯創,346,338,8,康和-嘉義,2023-11-09,8459
3035,智原,13,5,8,康和-嘉義,2023-11-09,8459
1815,富喬,15,8,7,康和-嘉義,2023-11-09,8459
2340,台亞,8,1,7,康和-嘉義,2023-11-09,8459
3312,弘憶股,369,0,369,康和-嘉義,2023-11-10,8459
00665L,富邦�琤肭磪囓�2,207,5,202,康和-嘉義,2023-11-10,8459
3209,全科,142,0,142,康和-嘉義,2023-11-10,8459
2387,精元,93,18,75,康和-嘉義,2023-11-10,8459
00929,復華台灣科技優息,84,10,74,康和-嘉義,2023-11-10,8459
1210,大成,74,1,73,康和-嘉義,2023-11-10,8459
4128,中天,77,8,69,康和-嘉義,2023-11-10,8459
00919,群益台灣精選高息,50,1,49,康和-嘉義,2023-11-10,8459
1319,東陽,50,4,46,康和-嘉義,2023-11-10,8459
00715L,期街口布蘭特正2,50,5,45,康和-嘉義,2023-11-10,8459
4743,合一,63,18,45,康和-嘉義,2023-11-10,8459
2344,華邦電,32,1,31,康和-嘉義,2023-11-10,8459
2427,三商電,31,0,31,康和-嘉義,2023-11-10,8459
00712,復華富時不動產,30,0,30,康和-嘉義,2023-11-10,8459
2329,華泰,94,68,26,康和-嘉義,2023-11-10,8459
6016,康和證,28,3,25,康和-嘉義,2023-11-10,8459
8054,安國,25,1,24,康和-嘉義,2023-11-10,8459
6901,鑽石投資,31,7,24,康和-嘉義,2023-11-10,8459
00936,台新永續高息中小,24,1,23,康和-嘉義,2023-11-10,8459
1101,台泥,25,2,23,康和-嘉義,2023-11-10,8459
3481,群創,23,1,22,康和-嘉義,2023-11-10,8459
2340,台亞,21,0,21,康和-嘉義,2023-11-10,8459
5230,雷笛克光學,20,0,20,康和-嘉義,2023-11-10,8459
4107,邦特,19,0,19,康和-嘉義,2023-11-10,8459
2618,長榮航,21,3,18,康和-嘉義,2023-11-10,8459
00687B,國泰20年美債,18,0,18,康和-嘉義,2023-11-10,8459
2363,矽統,311,293,18,康和-嘉義,2023-11-10,8459
6122,擎邦,40,23,17,康和-嘉義,2023-11-10,8459
2312,金寶,17,1,16,康和-嘉義,2023-11-10,8459
2845,遠東銀,15,1,14,康和-嘉義,2023-11-10,8459
2313,華通,93,79,14,康和-嘉義,2023-11-10,8459
2417,圓剛,14,0,14,康和-嘉義,2023-11-10,8459
2356,英業達,14,1,13,康和-嘉義,2023-11-10,8459
3450,聯鈞,14,1,13,康和-嘉義,2023-11-10,8459
6770,力積電,13,0,13,康和-嘉義,2023-11-10,8459
8936,國統,16,3,13,康和-嘉義,2023-11-10,8459
9904,寶成,13,0,13,康和-嘉義,2023-11-10,8459
1504,東元,23,12,11,康和-嘉義,2023-11-10,8459
00688L,國泰20年美債正2,11,0,11,康和-嘉義,2023-11-10,8459
2455,全新,11,0,11,康和-嘉義,2023-11-10,8459
2801,彰銀,10,0,10,康和-嘉義,2023-11-10,8459
3051,力特,10,0,10,康和-嘉義,2023-11-10,8459
3071,協禧,10,0,10,康和-嘉義,2023-11-10,8459
4908,前鼎,10,0,10,康和-嘉義,2023-11-10,8459
8011,台通,10,0,10,康和-嘉義,2023-11-10,8459
6215,和椿,9,0,9,康和-嘉義,2023-11-10,8459
6288,聯嘉,9,0,9,康和-嘉義,2023-11-10,8459
6664,群翊,13,4,9,康和-嘉義,2023-11-10,8459
00878,國泰永續高股息,9,1,8,康和-嘉義,2023-11-10,8459
4532,瑞智,8,0,8,康和-嘉義,2023-11-10,8459
00632R,元大台灣50反1,1012,10,1002,康和-嘉義,2023-11-13,8459
3402,漢科,130,10,120,康和-嘉義,2023-11-13,8459
4533,協易機,82,0,82,康和-嘉義,2023-11-13,8459
3312,弘憶股,69,0,69,康和-嘉義,2023-11-13,8459
2382,廣達,102,47,55,康和-嘉義,2023-11-13,8459
2606,裕民,51,23,28,康和-嘉義,2023-11-13,8459
2618,長榮航,32,4,28,康和-嘉義,2023-11-13,8459
1540,喬福,25,0,25,康和-嘉義,2023-11-13,8459
00687B,國泰20年美債,28,5,23,康和-嘉義,2023-11-13,8459
00882,中信中國高股息,21,0,21,康和-嘉義,2023-11-13,8459
00679B,元大美債20年,22,1,21,康和-嘉義,2023-11-13,8459
00688L,國泰20年美債正2,21,0,21,康和-嘉義,2023-11-13,8459
00936,台新永續高息中小,20,0,20,康和-嘉義,2023-11-13,8459
1708,東鹼,20,0,20,康和-嘉義,2023-11-13,8459
2743,山富,22,2,20,康和-嘉義,2023-11-13,8459
00878,國泰永續高股息,19,0,19,康和-嘉義,2023-11-13,8459
00900,富邦特選高股息30,23,5,18,康和-嘉義,2023-11-13,8459
00929,復華台灣科技優息,18,3,15,康和-嘉義,2023-11-13,8459
2387,精元,64,50,14,康和-嘉義,2023-11-13,8459
2392,正崴,19,5,14,康和-嘉義,2023-11-13,8459
00919,群益台灣精選高息,13,0,13,康和-嘉義,2023-11-13,8459
3032,偉訓,13,1,12,康和-嘉義,2023-11-13,8459
3078,僑威,16,4,12,康和-嘉義,2023-11-13,8459
00692,富邦公司治理,12,1,11,康和-嘉義,2023-11-13,8459
1477,聚陽,12,1,11,康和-嘉義,2023-11-13,8459
8076,伍豐,13,2,11,康和-嘉義,2023-11-13,8459
2891,中信金,10,0,10,康和-嘉義,2023-11-13,8459
1504,東元,19,9,10,康和-嘉義,2023-11-13,8459
00680L,元大美債20正2,20,10,10,康和-嘉義,2023-11-13,8459
00720B,元大投資級公司債,10,0,10,康和-嘉義,2023-11-13,8459
2355,敬鵬,10,0,10,康和-嘉義,2023-11-13,8459
2745,五福,10,0,10,康和-嘉義,2023-11-13,8459
3276,宇環,10,0,10,康和-嘉義,2023-11-13,8459
3682,亞太電,10,0,10,康和-嘉義,2023-11-13,8459
3707,漢磊,10,0,10,康和-嘉義,2023-11-13,8459
4173,久裕,11,1,10,康和-嘉義,2023-11-13,8459
5227,立凱-KY,10,0,10,康和-嘉義,2023-11-13,8459
6139,亞翔,11,1,10,康和-嘉義,2023-11-13,8459
1539,巨庭,9,0,9,康和-嘉義,2023-11-13,8459
8215,明基材,9,0,9,康和-嘉義,2023-11-13,8459
2888,新光金,8,0,8,康和-嘉義,2023-11-13,8459
1609,大亞,8,0,8,康和-嘉義,2023-11-13,8459
2206,三陽工業,7,0,7,康和-嘉義,2023-11-13,8459
5225,東科-KY,16,9,7,康和-嘉義,2023-11-13,8459
2608,嘉里大榮,6,0,6,康和-嘉義,2023-11-13,8459
2353,宏��,10,4,6,康和-嘉義,2023-11-13,8459
6138,茂達,8,2,6,康和-嘉義,2023-11-13,8459
6216,居易,6,0,6,康和-嘉義,2023-11-13,8459
9925,新保,9,3,6,康和-嘉義,2023-11-13,8459
2002,中鋼,6,0,6,康和-嘉義,2023-11-13,8459
00673R,期元大S＆P原油反1,430,0,430,康和-嘉義,2023-11-14,8459
3231,緯創,224,56,168,康和-嘉義,2023-11-14,8459
2392,正崴,110,0,110,康和-嘉義,2023-11-14,8459
2417,圓剛,99,12,87,康和-嘉義,2023-11-14,8459
2515,中工,84,0,84,康和-嘉義,2023-11-14,8459
1504,東元,46,3,43,康和-嘉義,2023-11-14,8459
2323,中環,46,3,43,康和-嘉義,2023-11-14,8459
1540,喬福,42,0,42,康和-嘉義,2023-11-14,8459
3312,弘憶股,42,0,42,康和-嘉義,2023-11-14,8459
2449,京元電子,91,53,38,康和-嘉義,2023-11-14,8459
3548,兆利,71,38,33,康和-嘉義,2023-11-14,8459
5452,佶優,32,2,30,康和-嘉義,2023-11-14,8459
2465,麗臺,28,0,28,康和-嘉義,2023-11-14,8459
2363,矽統,58,31,27,康和-嘉義,2023-11-14,8459
3545,敦泰,62,38,24,康和-嘉義,2023-11-14,8459
2850,新產,20,0,20,康和-嘉義,2023-11-14,8459
6122,擎邦,159,139,20,康和-嘉義,2023-11-14,8459
6016,康和證,20,1,19,康和-嘉義,2023-11-14,8459
2329,華泰,19,4,15,康和-嘉義,2023-11-14,8459
6578,達邦蛋白,15,0,15,康和-嘉義,2023-11-14,8459
2303,聯電,14,0,14,康和-嘉義,2023-11-14,8459
2356,英業達,16,2,14,康和-嘉義,2023-11-14,8459
6282,康舒,13,0,13,康和-嘉義,2023-11-14,8459
1515,力山,102,89,13,康和-嘉義,2023-11-14,8459
2206,三陽工業,14,1,13,康和-嘉義,2023-11-14,8459
1477,聚陽,13,1,12,康和-嘉義,2023-11-14,8459
8046,南電,21,9,12,康和-嘉義,2023-11-14,8459
5439,高技,11,0,11,康和-嘉義,2023-11-14,8459
1460,宏遠,10,0,10,康和-嘉義,2023-11-14,8459
00679B,元大美債20年,11,1,10,康和-嘉義,2023-11-14,8459
3047,訊舟,10,0,10,康和-嘉義,2023-11-14,8459
5009,榮剛,11,1,10,康和-嘉義,2023-11-14,8459
6538,倉和,20,10,10,康和-嘉義,2023-11-14,8459
5388,中磊,11,2,9,康和-嘉義,2023-11-14,8459
00688L,國泰20年美債正2,10,1,9,康和-嘉義,2023-11-14,8459
00878,國泰永續高股息,14,5,9,康和-嘉義,2023-11-14,8459
1519,華城,17,9,8,康和-嘉義,2023-11-14,8459
2439,美律,9,1,8,康和-嘉義,2023-11-14,8459
2324,仁寶,8,0,8,康和-嘉義,2023-11-14,8459
2313,華通,20,12,8,康和-嘉義,2023-11-14,8459
2412,中華電,7,0,7,康和-嘉義,2023-11-14,8459
1319,東陽,18,11,7,康和-嘉義,2023-11-14,8459
3264,欣銓,28,21,7,康和-嘉義,2023-11-14,8459
3682,亞太電,10,3,7,康和-嘉義,2023-11-14,8459
6120,達運,12,5,7,康和-嘉義,2023-11-14,8459
5483,中美晶,7,0,7,康和-嘉義,2023-11-14,8459
1714,和桐,10,4,6,康和-嘉義,2023-11-14,8459
2603,長榮,33,27,6,康和-嘉義,2023-11-14,8459
2867,三商壽,6,0,6,康和-嘉義,2023-11-14,8459
2634,漢翔,58,52,6,康和-嘉義,2023-11-14,8459
9904,寶成,272,0,272,康和-嘉義,2023-11-15,8459
2356,英業達,143,13,130,康和-嘉義,2023-11-15,8459
00919,群益台灣精選高息,140,11,129,康和-嘉義,2023-11-15,8459
1210,大成,119,0,119,康和-嘉義,2023-11-15,8459
00878,國泰永續高股息,123,25,98,康和-嘉義,2023-11-15,8459
00679B,元大美債20年,79,1,78,康和-嘉義,2023-11-15,8459
2344,華邦電,250,183,67,康和-嘉義,2023-11-15,8459
2303,聯電,42,3,39,康和-嘉義,2023-11-15,8459
2408,南亞科,40,2,38,康和-嘉義,2023-11-15,8459
4529,淳紳,33,0,33,康和-嘉義,2023-11-15,8459
1795,美時,63,31,32,康和-嘉義,2023-11-15,8459
2618,長榮航,100,69,31,康和-嘉義,2023-11-15,8459
00712,復華富時不動產,40,14,26,康和-嘉義,2023-11-15,8459
2317,鴻海,28,4,24,康和-嘉義,2023-11-15,8459
6235,華孚,46,23,23,康和-嘉義,2023-11-15,8459
3276,宇環,68,46,22,康和-嘉義,2023-11-15,8459
00900,富邦特選高股息30,24,2,22,康和-嘉義,2023-11-15,8459
2610,華航,22,0,22,康和-嘉義,2023-11-15,8459
2201,裕隆,36,16,20,康和-嘉義,2023-11-15,8459
2382,廣達,56,36,20,康和-嘉義,2023-11-15,8459
3450,聯鈞,21,2,19,康和-嘉義,2023-11-15,8459
4967,十銓,22,3,19,康和-嘉義,2023-11-15,8459
00922,國泰台灣領袖50,18,0,18,康和-嘉義,2023-11-15,8459
3037,欣興,19,3,16,康和-嘉義,2023-11-15,8459
2390,云辰,20,6,14,康和-嘉義,2023-11-15,8459
4743,合一,16,3,13,康和-嘉義,2023-11-15,8459
2498,宏達電,13,1,12,康和-嘉義,2023-11-15,8459
3078,僑威,20,8,12,康和-嘉義,2023-11-15,8459
3217,優群,26,14,12,康和-嘉義,2023-11-15,8459
3693,營邦,14,2,12,康和-嘉義,2023-11-15,8459
2388,威盛,121,109,12,康和-嘉義,2023-11-15,8459
2401,凌陽,11,0,11,康和-嘉義,2023-11-15,8459
3169,亞信,13,2,11,康和-嘉義,2023-11-15,8459
8234,新漢,11,0,11,康和-嘉義,2023-11-15,8459
4105,東洋,10,0,10,康和-嘉義,2023-11-15,8459
2010,春源,10,0,10,康和-嘉義,2023-11-15,8459
2313,華通,22,12,10,康和-嘉義,2023-11-15,8459
3682,亞太電,10,0,10,康和-嘉義,2023-11-15,8459
6127,九豪,10,0,10,康和-嘉義,2023-11-15,8459
6136,富爾特,10,0,10,康和-嘉義,2023-11-15,8459
3044,健鼎,11,2,9,康和-嘉義,2023-11-15,8459
3702,大聯大,9,0,9,康和-嘉義,2023-11-15,8459
4157,太景*-KY,9,0,9,康和-嘉義,2023-11-15,8459
6281,全國電,9,0,9,康和-嘉義,2023-11-15,8459
9927,泰銘,10,1,9,康和-嘉義,2023-11-15,8459
9945,潤泰新,11,2,9,康和-嘉義,2023-11-15,8459
2892,第一金,10,1,9,康和-嘉義,2023-11-15,8459
5258,虹堡,8,0,8,康和-嘉義,2023-11-15,8459
6139,亞翔,22,14,8,康和-嘉義,2023-11-15,8459
3706,神達,12,5,7,康和-嘉義,2023-11-15,8459
00632R,元大台灣50反1,1000,0,1000,康和-嘉義,2023-11-16,8459
9904,寶成,194,11,183,康和-嘉義,2023-11-16,8459
1210,大成,157,0,157,康和-嘉義,2023-11-16,8459
2610,華航,147,64,83,康和-嘉義,2023-11-16,8459
00679B,元大美債20年,36,0,36,康和-嘉義,2023-11-16,8459
2323,中環,40,4,36,康和-嘉義,2023-11-16,8459
9950,萬國通,34,1,33,康和-嘉義,2023-11-16,8459
2367,燿華,53,21,32,康和-嘉義,2023-11-16,8459
2504,國產,27,0,27,康和-嘉義,2023-11-16,8459
3024,憶聲,25,0,25,康和-嘉義,2023-11-16,8459
1101,台泥,24,0,24,康和-嘉義,2023-11-16,8459
00878,國泰永續高股息,20,2,18,康和-嘉義,2023-11-16,8459
2369,菱生,18,1,17,康和-嘉義,2023-11-16,8459
3037,欣興,37,20,17,康和-嘉義,2023-11-16,8459
4162,智擎,18,2,16,康和-嘉義,2023-11-16,8459
6288,聯嘉,16,0,16,康和-嘉義,2023-11-16,8459
00720B,元大投資級公司債,15,0,15,康和-嘉義,2023-11-16,8459
00687B,國泰20年美債,15,0,15,康和-嘉義,2023-11-16,8459
1515,力山,96,83,13,康和-嘉義,2023-11-16,8459
4746,台耀,17,4,13,康和-嘉義,2023-11-16,8459
00891,中信關鍵半導體,12,0,12,康和-嘉義,2023-11-16,8459
2371,大同,16,4,12,康和-嘉義,2023-11-16,8459
2387,精元,12,0,12,康和-嘉義,2023-11-16,8459
2439,美律,14,2,12,康和-嘉義,2023-11-16,8459
1760,寶齡富錦,12,1,11,康和-嘉義,2023-11-16,8459
00772B,中信高評級公司債,10,0,10,康和-嘉義,2023-11-16,8459
2891,中信金,10,0,10,康和-嘉義,2023-11-16,8459
2915,潤泰全,10,0,10,康和-嘉義,2023-11-16,8459
3045,台灣大,10,0,10,康和-嘉義,2023-11-16,8459
3094,聯傑,10,0,10,康和-嘉義,2023-11-16,8459
3540,曜越,10,0,10,康和-嘉義,2023-11-16,8459
3682,亞太電,10,0,10,康和-嘉義,2023-11-16,8459
6672,騰輝電子-KY,17,7,10,康和-嘉義,2023-11-16,8459
5880,合庫金,11,1,10,康和-嘉義,2023-11-16,8459
2014,中鴻,11,2,9,康和-嘉義,2023-11-16,8459
6245,立端,13,4,9,康和-嘉義,2023-11-16,8459
2603,長榮,11,3,8,康和-嘉義,2023-11-16,8459
4105,東洋,8,0,8,康和-嘉義,2023-11-16,8459
2382,廣達,50,42,8,康和-嘉義,2023-11-16,8459
6223,旺矽,8,0,8,康和-嘉義,2023-11-16,8459
1524,耿鼎,22,15,7,康和-嘉義,2023-11-16,8459
1742,台蠟,7,0,7,康和-嘉義,2023-11-16,8459
3450,聯鈞,14,7,7,康和-嘉義,2023-11-16,8459
6276,安鈦克,8,1,7,康和-嘉義,2023-11-16,8459
2355,敬鵬,70,63,7,康和-嘉義,2023-11-16,8459
2303,聯電,12,6,6,康和-嘉義,2023-11-16,8459
00642U,期元大S＆P石油,6,0,6,康和-嘉義,2023-11-16,8459
6191,精成科,6,0,6,康和-嘉義,2023-11-16,8459
2736,富野,7,2,5,康和-嘉義,2023-11-16,8459
2607,榮運,8,3,5,康和-嘉義,2023-11-16,8459
2705,六福,98,7,91,康和-嘉義,2023-11-17,8459
00712,復華富時不動產,85,0,85,康和-嘉義,2023-11-17,8459
2516,新建,80,0,80,康和-嘉義,2023-11-17,8459
2618,長榮航,154,81,73,康和-嘉義,2023-11-17,8459
00690,兆豐藍籌30,69,0,69,康和-嘉義,2023-11-17,8459
00715L,期街口布蘭特正2,76,12,64,康和-嘉義,2023-11-17,8459
2371,大同,41,0,41,康和-嘉義,2023-11-17,8459
4107,邦特,39,0,39,康和-嘉義,2023-11-17,8459
2543,皇昌,48,11,37,康和-嘉義,2023-11-17,8459
00632R,元大台灣50反1,56,20,36,康和-嘉義,2023-11-17,8459
2363,矽統,57,25,32,康和-嘉義,2023-11-17,8459
6235,華孚,34,3,31,康和-嘉義,2023-11-17,8459
2353,宏��,28,0,28,康和-嘉義,2023-11-17,8459
6290,良維,27,0,27,康和-嘉義,2023-11-17,8459
2743,山富,28,3,25,康和-嘉義,2023-11-17,8459
2845,遠東銀,25,0,25,康和-嘉義,2023-11-17,8459
4543,萬在,31,7,24,康和-嘉義,2023-11-17,8459
3306,鼎天,22,0,22,康和-嘉義,2023-11-17,8459
3035,智原,43,21,22,康和-嘉義,2023-11-17,8459
2382,廣達,63,42,21,康和-嘉義,2023-11-17,8459
6125,廣運,21,3,18,康和-嘉義,2023-11-17,8459
2313,華通,49,31,18,康和-嘉義,2023-11-17,8459
00637L,元大滬深300正2,17,0,17,康和-嘉義,2023-11-17,8459
2312,金寶,27,11,16,康和-嘉義,2023-11-17,8459
5521,工信,15,0,15,康和-嘉義,2023-11-17,8459
6271,同欣電,22,9,13,康和-嘉義,2023-11-17,8459
2405,輔信,19,6,13,康和-嘉義,2023-11-17,8459
2745,五福,13,0,13,康和-嘉義,2023-11-17,8459
00772B,中信高評級公司債,12,0,12,康和-嘉義,2023-11-17,8459
2417,圓剛,16,4,12,康和-嘉義,2023-11-17,8459
2609,陽明,12,0,12,康和-嘉義,2023-11-17,8459
6117,迎廣,12,0,12,康和-嘉義,2023-11-17,8459
1795,美時,34,22,12,康和-嘉義,2023-11-17,8459
00878,國泰永續高股息,11,0,11,康和-嘉義,2023-11-17,8459
2365,昆盈,11,0,11,康和-嘉義,2023-11-17,8459
8936,國統,16,5,11,康和-嘉義,2023-11-17,8459
00795B,中信美國公債20年,10,0,10,康和-嘉義,2023-11-17,8459
3682,亞太電,10,0,10,康和-嘉義,2023-11-17,8459
4768,晶呈科技,11,1,10,康和-嘉義,2023-11-17,8459
4909,新復興,10,0,10,康和-嘉義,2023-11-17,8459
5009,榮剛,10,0,10,康和-嘉義,2023-11-17,8459
6243,迅杰,31,21,10,康和-嘉義,2023-11-17,8459
4979,華星光,13,4,9,康和-嘉義,2023-11-17,8459
2367,燿華,51,42,9,康和-嘉義,2023-11-17,8459
6276,安鈦克,12,3,9,康和-嘉義,2023-11-17,8459
5258,虹堡,11,3,8,康和-嘉義,2023-11-17,8459
8163,達方,8,0,8,康和-嘉義,2023-11-17,8459
9919,康那香,7,0,7,康和-嘉義,2023-11-17,8459
2201,裕隆,17,11,6,康和-嘉義,2023-11-17,8459
00664R,國泰臺灣加權反1,6,0,6,康和-嘉義,2023-11-17,8459
00673R,期元大S＆P原油反1,1513,0,1513,康和-嘉義,2023-11-20,8459
2516,新建,73,0,73,康和-嘉義,2023-11-20,8459
2313,華通,124,76,48,康和-嘉義,2023-11-20,8459
6290,良維,46,1,45,康和-嘉義,2023-11-20,8459
3715,定穎投控,209,164,45,康和-嘉義,2023-11-20,8459
2883,凱基金,31,0,31,康和-嘉義,2023-11-20,8459
00687B,國泰20年美債,31,0,31,康和-嘉義,2023-11-20,8459
2465,麗臺,31,1,30,康和-嘉義,2023-11-20,8459
8046,南電,46,17,29,康和-嘉義,2023-11-20,8459
2412,中華電,29,1,28,康和-嘉義,2023-11-20,8459
00679B,元大美債20年,26,0,26,康和-嘉義,2023-11-20,8459
2888,新光金,25,0,25,康和-嘉義,2023-11-20,8459
2891,中信金,25,1,24,康和-嘉義,2023-11-20,8459
5706,鳳凰,23,0,23,康和-嘉義,2023-11-20,8459
8931,大汽電,26,3,23,康和-嘉義,2023-11-20,8459
6282,康舒,22,0,22,康和-嘉義,2023-11-20,8459
00690,兆豐藍籌30,20,0,20,康和-嘉義,2023-11-20,8459
6158,禾昌,25,5,20,康和-嘉義,2023-11-20,8459
1540,喬福,20,0,20,康和-嘉義,2023-11-20,8459
4979,華星光,31,12,19,康和-嘉義,2023-11-20,8459
1319,東陽,23,4,19,康和-嘉義,2023-11-20,8459
2356,英業達,23,5,18,康和-嘉義,2023-11-20,8459
00929,復華台灣科技優息,18,0,18,康和-嘉義,2023-11-20,8459
2312,金寶,27,10,17,康和-嘉義,2023-11-20,8459
2363,矽統,56,39,17,康和-嘉義,2023-11-20,8459
3548,兆利,17,0,17,康和-嘉義,2023-11-20,8459
1101,台泥,21,5,16,康和-嘉義,2023-11-20,8459
2492,華新科,17,1,16,康和-嘉義,2023-11-20,8459
4533,協易機,16,0,16,康和-嘉義,2023-11-20,8459
5236,凌陽創新,18,2,16,康和-嘉義,2023-11-20,8459
00772B,中信高評級公司債,15,0,15,康和-嘉義,2023-11-20,8459
2369,菱生,16,3,13,康和-嘉義,2023-11-20,8459
2606,裕民,13,0,13,康和-嘉義,2023-11-20,8459
3376,新日興,15,3,12,康和-嘉義,2023-11-20,8459
3032,偉訓,14,2,12,康和-嘉義,2023-11-20,8459
00885,富邦越南,11,0,11,康和-嘉義,2023-11-20,8459
8215,明基材,16,5,11,康和-嘉義,2023-11-20,8459
2707,晶華,10,0,10,康和-嘉義,2023-11-20,8459
00931B,統一美債20年,10,0,10,康和-嘉義,2023-11-20,8459
00680L,元大美債20正2,10,0,10,康和-嘉義,2023-11-20,8459
2323,中環,10,0,10,康和-嘉義,2023-11-20,8459
2745,五福,10,0,10,康和-嘉義,2023-11-20,8459
3276,宇環,13,3,10,康和-嘉義,2023-11-20,8459
3312,弘憶股,10,0,10,康和-嘉義,2023-11-20,8459
4105,東洋,10,0,10,康和-嘉義,2023-11-20,8459
8930,青鋼,10,0,10,康和-嘉義,2023-11-20,8459
6270,倍微,10,0,10,康和-嘉義,2023-11-20,8459
2610,華航,21,12,9,康和-嘉義,2023-11-20,8459
2915,潤泰全,9,0,9,康和-嘉義,2023-11-20,8459
6026,福邦證,8,0,8,康和-嘉義,2023-11-20,8459
00673R,期元大S＆P原油反1,60,0,60,康和-嘉義,2023-11-21,8459
6153,嘉聯益,50,0,50,康和-嘉義,2023-11-21,8459
1101,台泥,53,6,47,康和-嘉義,2023-11-21,8459
2618,長榮航,61,16,45,康和-嘉義,2023-11-21,8459
6233,旺玖,54,14,40,康和-嘉義,2023-11-21,8459
6158,禾昌,48,13,35,康和-嘉義,2023-11-21,8459
2516,新建,99,70,29,康和-嘉義,2023-11-21,8459
6558,興能高,35,6,29,康和-嘉義,2023-11-21,8459
1720,生達,37,10,27,康和-嘉義,2023-11-21,8459
5443,均豪,26,0,26,康和-嘉義,2023-11-21,8459
8936,國統,39,14,25,康和-嘉義,2023-11-21,8459
00632R,元大台灣50反1,78,54,24,康和-嘉義,2023-11-21,8459
3266,昇陽,24,0,24,康和-嘉義,2023-11-21,8459
6285,啟��,33,9,24,康和-嘉義,2023-11-21,8459
5351,鈺創,37,14,23,康和-嘉義,2023-11-21,8459
2344,華邦電,25,3,22,康和-嘉義,2023-11-21,8459
4967,十銓,23,1,22,康和-嘉義,2023-11-21,8459
6190,萬泰科,22,0,22,康和-嘉義,2023-11-21,8459
1717,長興,20,0,20,康和-嘉義,2023-11-21,8459
2401,凌陽,49,29,20,康和-嘉義,2023-11-21,8459
3583,辛耘,30,12,18,康和-嘉義,2023-11-21,8459
4908,前鼎,28,11,17,康和-嘉義,2023-11-21,8459
8210,勤誠,20,3,17,康和-嘉義,2023-11-21,8459
3483,力致,77,60,17,康和-嘉義,2023-11-21,8459
4906,正文,22,6,16,康和-嘉義,2023-11-21,8459
6125,廣運,17,2,15,康和-嘉義,2023-11-21,8459
2634,漢翔,15,3,12,康和-嘉義,2023-11-21,8459
5227,立凱-KY,12,0,12,康和-嘉義,2023-11-21,8459
3041,揚智,15,3,12,康和-嘉義,2023-11-21,8459
3276,宇環,18,6,12,康和-嘉義,2023-11-21,8459
00712,復華富時不動產,11,0,11,康和-嘉義,2023-11-21,8459
6143,振曜,11,0,11,康和-嘉義,2023-11-21,8459
00669R,國泰美國道瓊反1,10,0,10,康和-嘉義,2023-11-21,8459
00904,新光臺灣半導體30,10,0,10,康和-嘉義,2023-11-21,8459
2615,萬海,10,0,10,康和-嘉義,2023-11-21,8459
4532,瑞智,10,0,10,康和-嘉義,2023-11-21,8459
4770,上品,10,0,10,康和-嘉義,2023-11-21,8459
4931,新盛力,10,0,10,康和-嘉義,2023-11-21,8459
6168,宏齊,15,5,10,康和-嘉義,2023-11-21,8459
8069,元太,10,0,10,康和-嘉義,2023-11-21,8459
8933,愛地雅,10,0,10,康和-嘉義,2023-11-21,8459
3545,敦泰,35,25,10,康和-嘉義,2023-11-21,8459
2376,技嘉,19,9,10,康和-嘉義,2023-11-21,8459
00922,國泰台灣領袖50,17,7,10,康和-嘉義,2023-11-21,8459
6197,佳必琪,9,0,9,康和-嘉義,2023-11-21,8459
00687B,國泰20年美債,19,10,9,康和-嘉義,2023-11-21,8459
00902,中信電池及儲能,9,0,9,康和-嘉義,2023-11-21,8459
1582,信錦,12,4,8,康和-嘉義,2023-11-21,8459
2453,凌群,8,0,8,康和-嘉義,2023-11-21,8459
2485,兆赫,23,15,8,康和-嘉義,2023-11-21,8459
2014,中鴻,171,1,170,康和-嘉義,2023-11-22,8459
6770,力積電,107,0,107,康和-嘉義,2023-11-22,8459
3231,緯創,221,127,94,康和-嘉義,2023-11-22,8459
2382,廣達,106,25,81,康和-嘉義,2023-11-22,8459
2344,華邦電,72,4,68,康和-嘉義,2023-11-22,8459
2516,新建,66,11,55,康和-嘉義,2023-11-22,8459
00673R,期元大S＆P原油反1,50,0,50,康和-嘉義,2023-11-22,8459
2002,中鋼,44,2,42,康和-嘉義,2023-11-22,8459
1210,大成,43,1,42,康和-嘉義,2023-11-22,8459
4142,國光生,39,0,39,康和-嘉義,2023-11-22,8459
2356,英業達,43,5,38,康和-嘉義,2023-11-22,8459
2388,威盛,98,60,38,康和-嘉義,2023-11-22,8459
1101,台泥,33,0,33,康和-嘉義,2023-11-22,8459
2353,宏��,34,2,32,康和-嘉義,2023-11-22,8459
8261,富鼎,43,12,31,康和-嘉義,2023-11-22,8459
5258,虹堡,62,35,27,康和-嘉義,2023-11-22,8459
2492,華新科,29,4,25,康和-嘉義,2023-11-22,8459
1720,生達,25,2,23,康和-嘉義,2023-11-22,8459
5443,均豪,24,2,22,康和-嘉義,2023-11-22,8459
3706,神達,23,3,20,康和-嘉義,2023-11-22,8459
2313,華通,48,29,19,康和-嘉義,2023-11-22,8459
00929,復華台灣科技優息,18,0,18,康和-嘉義,2023-11-22,8459
3689,湧德,17,0,17,康和-嘉義,2023-11-22,8459
00687B,國泰20年美債,16,0,16,康和-嘉義,2023-11-22,8459
6418,詠昇,24,8,16,康和-嘉義,2023-11-22,8459
8996,高力,22,6,16,康和-嘉義,2023-11-22,8459
2845,遠東銀,15,1,14,康和-嘉義,2023-11-22,8459
3376,新日興,15,1,14,康和-嘉義,2023-11-22,8459
5009,榮剛,18,4,14,康和-嘉義,2023-11-22,8459
5521,工信,164,150,14,康和-嘉義,2023-11-22,8459
8046,南電,17,3,14,康和-嘉義,2023-11-22,8459
00882,中信中國高股息,13,0,13,康和-嘉義,2023-11-22,8459
2630,亞航,13,0,13,康和-嘉義,2023-11-22,8459
3715,定穎投控,27,14,13,康和-嘉義,2023-11-22,8459
2371,大同,14,2,12,康和-嘉義,2023-11-22,8459
2201,裕隆,12,0,12,康和-嘉義,2023-11-22,8459
00679B,元大美債20年,11,0,11,康和-嘉義,2023-11-22,8459
2323,中環,11,0,11,康和-嘉義,2023-11-22,8459
5227,立凱-KY,11,0,11,康和-嘉義,2023-11-22,8459
6257,矽格,10,0,10,康和-嘉義,2023-11-22,8459
1815,富喬,13,3,10,康和-嘉義,2023-11-22,8459
4162,智擎,10,0,10,康和-嘉義,2023-11-22,8459
4903,聯光通,10,0,10,康和-嘉義,2023-11-22,8459
5392,能率,10,0,10,康和-嘉義,2023-11-22,8459
6901,鑽石投資,10,0,10,康和-嘉義,2023-11-22,8459
2408,南亞科,30,21,9,康和-嘉義,2023-11-22,8459
2892,第一金,10,1,9,康和-嘉義,2023-11-22,8459
4183,福永生技,9,0,9,康和-嘉義,2023-11-22,8459
00720B,元大投資級公司債,8,0,8,康和-嘉義,2023-11-22,8459
1449,佳和,9,1,8,康和-嘉義,2023-11-22,8459
1609,大亞,151,6,145,康和-嘉義,2023-11-23,8459
6139,亞翔,80,28,52,康和-嘉義,2023-11-23,8459
3006,晶豪科,90,38,52,康和-嘉義,2023-11-23,8459
2426,鼎元,40,0,40,康和-嘉義,2023-11-23,8459
6290,良維,40,0,40,康和-嘉義,2023-11-23,8459
2408,南亞科,40,0,40,康和-嘉義,2023-11-23,8459
2355,敬鵬,45,6,39,康和-嘉義,2023-11-23,8459
00715L,期街口布蘭特正2,35,1,34,康和-嘉義,2023-11-23,8459
6104,創惟,49,16,33,康和-嘉義,2023-11-23,8459
2845,遠東銀,30,0,30,康和-嘉義,2023-11-23,8459
00919,群益台灣精選高息,32,2,30,康和-嘉義,2023-11-23,8459
2891,中信金,30,0,30,康和-嘉義,2023-11-23,8459
1416,廣豐,26,0,26,康和-嘉義,2023-11-23,8459
2888,新光金,30,6,24,康和-嘉義,2023-11-23,8459
2543,皇昌,22,0,22,康和-嘉義,2023-11-23,8459
3504,揚明光,24,2,22,康和-嘉義,2023-11-23,8459
8054,安國,41,19,22,康和-嘉義,2023-11-23,8459
3266,昇陽,21,0,21,康和-嘉義,2023-11-23,8459
2401,凌陽,26,6,20,康和-嘉義,2023-11-23,8459
3231,緯創,31,13,18,康和-嘉義,2023-11-23,8459
2344,華邦電,18,0,18,康和-嘉義,2023-11-23,8459
2516,新建,38,20,18,康和-嘉義,2023-11-23,8459
6129,普誠,19,3,16,康和-嘉義,2023-11-23,8459
2436,偉詮電,25,9,16,康和-嘉義,2023-11-23,8459
5515,建國,28,12,16,康和-嘉義,2023-11-23,8459
3374,精材,29,15,14,康和-嘉義,2023-11-23,8459
6197,佳必琪,17,3,14,康和-嘉義,2023-11-23,8459
3035,智原,18,6,12,康和-嘉義,2023-11-23,8459
2453,凌群,12,0,12,康和-嘉義,2023-11-23,8459
6275,元山,15,3,12,康和-嘉義,2023-11-23,8459
2382,廣達,35,24,11,康和-嘉義,2023-11-23,8459
3706,神達,12,1,11,康和-嘉義,2023-11-23,8459
00905,FT臺灣Smart,12,1,11,康和-嘉義,2023-11-23,8459
2476,鉅祥,13,2,11,康和-嘉義,2023-11-23,8459
3044,健鼎,11,0,11,康和-嘉義,2023-11-23,8459
6122,擎邦,11,0,11,康和-嘉義,2023-11-23,8459
6517,保勝光學,11,0,11,康和-嘉義,2023-11-23,8459
5009,榮剛,12,2,10,康和-嘉義,2023-11-23,8459
00795B,中信美國公債20年,10,0,10,康和-嘉義,2023-11-23,8459
1503,士電,10,0,10,康和-嘉義,2023-11-23,8459
3038,全台,10,0,10,康和-嘉義,2023-11-23,8459
3276,宇環,10,0,10,康和-嘉義,2023-11-23,8459
5531,鄉林,10,0,10,康和-嘉義,2023-11-23,8459
6168,宏齊,27,17,10,康和-嘉義,2023-11-23,8459
6191,精成科,10,0,10,康和-嘉義,2023-11-23,8459
8105,凌巨,10,0,10,康和-嘉義,2023-11-23,8459
2317,鴻海,9,0,9,康和-嘉義,2023-11-23,8459
1432,大魯閣,9,0,9,康和-嘉義,2023-11-23,8459
0056,元大高股息,8,0,8,康和-嘉義,2023-11-23,8459
2883,凱基金,9,1,8,康和-嘉義,2023-11-23,8459
2618,長榮航,221,28,193,康和-嘉義,2023-11-24,8459
1609,大亞,159,11,148,康和-嘉義,2023-11-24,8459
00665L,富邦�琤肭磪囓�2,100,0,100,康和-嘉義,2023-11-24,8459
2515,中工,88,6,82,康和-嘉義,2023-11-24,8459
2344,華邦電,77,1,76,康和-嘉義,2023-11-24,8459
6770,力積電,50,0,50,康和-嘉義,2023-11-24,8459
2313,華通,161,121,40,康和-嘉義,2023-11-24,8459
6290,良維,41,1,40,康和-嘉義,2023-11-24,8459
1449,佳和,35,0,35,康和-嘉義,2023-11-24,8459
6411,晶焱,30,2,28,康和-嘉義,2023-11-24,8459
00929,復華台灣科技優息,41,13,28,康和-嘉義,2023-11-24,8459
00720B,元大投資級公司債,27,0,27,康和-嘉義,2023-11-24,8459
2204,中華,23,0,23,康和-嘉義,2023-11-24,8459
5351,鈺創,188,166,22,康和-嘉義,2023-11-24,8459
2892,第一金,21,0,21,康和-嘉義,2023-11-24,8459
3032,偉訓,22,1,21,康和-嘉義,2023-11-24,8459
6143,振曜,21,0,21,康和-嘉義,2023-11-24,8459
00687B,國泰20年美債,20,0,20,康和-嘉義,2023-11-24,8459
00673R,期元大S＆P原油反1,20,0,20,康和-嘉義,2023-11-24,8459
2543,皇昌,20,0,20,康和-嘉義,2023-11-24,8459
4420,光明,20,0,20,康和-嘉義,2023-11-24,8459
5706,鳳凰,20,0,20,康和-嘉義,2023-11-24,8459
6197,佳必琪,21,4,17,康和-嘉義,2023-11-24,8459
5521,工信,22,6,16,康和-嘉義,2023-11-24,8459
3706,神達,15,0,15,康和-嘉義,2023-11-24,8459
2417,圓剛,17,2,15,康和-嘉義,2023-11-24,8459
5515,建國,15,0,15,康和-嘉義,2023-11-24,8459
6235,華孚,21,6,15,康和-嘉義,2023-11-24,8459
2356,英業達,19,5,14,康和-嘉義,2023-11-24,8459
6667,信紘科,14,0,14,康和-嘉義,2023-11-24,8459
5347,世界,26,12,14,康和-嘉義,2023-11-24,8459
00878,國泰永續高股息,23,10,13,康和-嘉義,2023-11-24,8459
3094,聯傑,24,11,13,康和-嘉義,2023-11-24,8459
5236,凌陽創新,18,5,13,康和-嘉義,2023-11-24,8459
8936,國統,35,22,13,康和-嘉義,2023-11-24,8459
00933B,國泰10Y+金融債,12,0,12,康和-嘉義,2023-11-24,8459
3013,晟銘電,12,0,12,康和-嘉義,2023-11-24,8459
3025,星通,14,2,12,康和-嘉義,2023-11-24,8459
6139,亞翔,30,19,11,康和-嘉義,2023-11-24,8459
8940,新天地,11,0,11,康和-嘉義,2023-11-24,8459
6533,晶心科,11,0,11,康和-嘉義,2023-11-24,8459
3260,威剛,13,3,10,康和-嘉義,2023-11-24,8459
00919,群益台灣精選高息,10,0,10,康和-嘉義,2023-11-24,8459
2402,毅嘉,10,0,10,康和-嘉義,2023-11-24,8459
2891,中信金,20,10,10,康和-嘉義,2023-11-24,8459
2913,農林,10,0,10,康和-嘉義,2023-11-24,8459
3374,精材,17,7,10,康和-嘉義,2023-11-24,8459
3588,通嘉,10,0,10,康和-嘉義,2023-11-24,8459
6129,普誠,10,0,10,康和-嘉義,2023-11-24,8459
6578,達邦蛋白,10,0,10,康和-嘉義,2023-11-24,8459
1714,和桐,153,11,142,康和-嘉義,2023-11-27,8459
4106,雃博,50,0,50,康和-嘉義,2023-11-27,8459
1795,美時,79,30,49,康和-嘉義,2023-11-27,8459
2883,凱基金,79,36,43,康和-嘉義,2023-11-27,8459
2323,中環,40,0,40,康和-嘉義,2023-11-27,8459
3231,緯創,67,27,40,康和-嘉義,2023-11-27,8459
2382,廣達,46,10,36,康和-嘉義,2023-11-27,8459
00688L,國泰20年美債正2,31,0,31,康和-嘉義,2023-11-27,8459
6235,華孚,73,44,29,康和-嘉義,2023-11-27,8459
1609,大亞,33,5,28,康和-嘉義,2023-11-27,8459
6668,中揚光,32,4,28,康和-嘉義,2023-11-27,8459
2408,南亞科,26,1,25,康和-嘉義,2023-11-27,8459
00882,中信中國高股息,24,0,24,康和-嘉義,2023-11-27,8459
00929,復華台灣科技優息,26,2,24,康和-嘉義,2023-11-27,8459
2353,宏��,28,4,24,康和-嘉義,2023-11-27,8459
6274,台燿,28,4,24,康和-嘉義,2023-11-27,8459
4167,松瑞藥,31,8,23,康和-嘉義,2023-11-27,8459
3094,聯傑,22,0,22,康和-嘉義,2023-11-27,8459
2492,華新科,22,1,21,康和-嘉義,2023-11-27,8459
3051,力特,21,0,21,康和-嘉義,2023-11-27,8459
6667,信紘科,29,8,21,康和-嘉義,2023-11-27,8459
2834,臺企銀,20,0,20,康和-嘉義,2023-11-27,8459
2887,台新金,20,0,20,康和-嘉義,2023-11-27,8459
2606,裕民,46,27,19,康和-嘉義,2023-11-27,8459
6282,康舒,24,5,19,康和-嘉義,2023-11-27,8459
2882,國泰金,18,1,17,康和-嘉義,2023-11-27,8459
2352,佳世達,17,1,16,康和-嘉義,2023-11-27,8459
2427,三商電,16,0,16,康和-嘉義,2023-11-27,8459
5213,亞昕,17,1,16,康和-嘉義,2023-11-27,8459
1314,中石化,15,0,15,康和-嘉義,2023-11-27,8459
00679B,元大美債20年,15,0,15,康和-嘉義,2023-11-27,8459
00720B,元大投資級公司債,15,0,15,康和-嘉義,2023-11-27,8459
2380,虹光,15,0,15,康和-嘉義,2023-11-27,8459
00712,復華富時不動產,25,10,15,康和-嘉義,2023-11-27,8459
3042,晶技,20,7,13,康和-嘉義,2023-11-27,8459
4116,明基醫,13,0,13,康和-嘉義,2023-11-27,8459
1540,喬福,24,12,12,康和-嘉義,2023-11-27,8459
2014,中鴻,12,1,11,康和-嘉義,2023-11-27,8459
00933B,國泰10Y+金融債,11,0,11,康和-嘉義,2023-11-27,8459
00900,富邦特選高股息30,11,0,11,康和-嘉義,2023-11-27,8459
00687B,國泰20年美債,11,0,11,康和-嘉義,2023-11-27,8459
4533,協易機,11,0,11,康和-嘉義,2023-11-27,8459
5706,鳳凰,15,4,11,康和-嘉義,2023-11-27,8459
0056,元大高股息,10,0,10,康和-嘉義,2023-11-27,8459
2707,晶華,10,0,10,康和-嘉義,2023-11-27,8459
2405,輔信,10,0,10,康和-嘉義,2023-11-27,8459
2516,新建,21,11,10,康和-嘉義,2023-11-27,8459
3014,聯陽,10,0,10,康和-嘉義,2023-11-27,8459
3362,先進光,11,1,10,康和-嘉義,2023-11-27,8459
4121,優盛,10,0,10,康和-嘉義,2023-11-27,8459
1609,大亞,139,5,134,康和-嘉義,2023-11-28,8459
2303,聯電,81,0,81,康和-嘉義,2023-11-28,8459
1905,華紙,65,6,59,康和-嘉義,2023-11-28,8459
5521,工信,60,1,59,康和-嘉義,2023-11-28,8459
1101,台泥,74,17,57,康和-嘉義,2023-11-28,8459
2329,華泰,356,314,42,康和-嘉義,2023-11-28,8459
2367,燿華,113,77,36,康和-嘉義,2023-11-28,8459
2637,慧洋-KY,82,46,36,康和-嘉義,2023-11-28,8459
2485,兆赫,32,0,32,康和-嘉義,2023-11-28,8459
00712,復華富時不動產,34,5,29,康和-嘉義,2023-11-28,8459
2618,長榮航,46,22,24,康和-嘉義,2023-11-28,8459
00637L,元大滬深300正2,20,0,20,康和-嘉義,2023-11-28,8459
2439,美律,21,1,20,康和-嘉義,2023-11-28,8459
6282,康舒,22,2,20,康和-嘉義,2023-11-28,8459
3231,緯創,24,5,19,康和-嘉義,2023-11-28,8459
2543,皇昌,19,0,19,康和-嘉義,2023-11-28,8459
3217,優群,121,102,19,康和-嘉義,2023-11-28,8459
3083,網龍,20,2,18,康和-嘉義,2023-11-28,8459
2883,凱基金,36,20,16,康和-嘉義,2023-11-28,8459
5347,世界,38,23,15,康和-嘉義,2023-11-28,8459
9907,統一實,15,0,15,康和-嘉義,2023-11-28,8459
3437,榮創,16,2,14,康和-嘉義,2023-11-28,8459
1701,中化,15,2,13,康和-嘉義,2023-11-28,8459
2436,偉詮電,14,2,12,康和-嘉義,2023-11-28,8459
9919,康那香,120,108,12,康和-嘉義,2023-11-28,8459
2421,建準,20,9,11,康和-嘉義,2023-11-28,8459
6129,普誠,14,3,11,康和-嘉義,2023-11-28,8459
3548,兆利,21,10,11,康和-嘉義,2023-11-28,8459
2390,云辰,10,0,10,康和-嘉義,2023-11-28,8459
1605,華新,15,5,10,康和-嘉義,2023-11-28,8459
1723,中碳,10,0,10,康和-嘉義,2023-11-28,8459
2314,台揚,10,0,10,康和-嘉義,2023-11-28,8459
2601,益航,10,0,10,康和-嘉義,2023-11-28,8459
4744,皇將,10,0,10,康和-嘉義,2023-11-28,8459
4956,光鋐,10,0,10,康和-嘉義,2023-11-28,8459
4157,太景*-KY,13,3,10,康和-嘉義,2023-11-28,8459
2516,新建,23,14,9,康和-嘉義,2023-11-28,8459
6770,力積電,10,1,9,康和-嘉義,2023-11-28,8459
00885,富邦越南,8,0,8,康和-嘉義,2023-11-28,8459
00893,國泰智能電動車,10,2,8,康和-嘉義,2023-11-28,8459
5258,虹堡,9,1,8,康和-嘉義,2023-11-28,8459
8261,富鼎,21,13,8,康和-嘉義,2023-11-28,8459
2402,毅嘉,13,6,7,康和-嘉義,2023-11-28,8459
9927,泰銘,7,0,7,康和-嘉義,2023-11-28,8459
2317,鴻海,11,4,7,康和-嘉義,2023-11-28,8459
00632R,元大台灣50反1,6,0,6,康和-嘉義,2023-11-28,8459
00715L,期街口布蘭特正2,20,14,6,康和-嘉義,2023-11-28,8459
2457,飛宏,7,1,6,康和-嘉義,2023-11-28,8459
3701,大眾控,6,0,6,康和-嘉義,2023-11-28,8459
4968,立積,10,4,6,康和-嘉義,2023-11-28,8459
2867,三商壽,200,0,200,康和-嘉義,2023-11-29,8459
1605,華新,78,8,70,康和-嘉義,2023-11-29,8459
2369,菱生,77,11,66,康和-嘉義,2023-11-29,8459
2618,長榮航,72,6,66,康和-嘉義,2023-11-29,8459
2610,華航,72,10,62,康和-嘉義,2023-11-29,8459
4979,華星光,89,38,51,康和-嘉義,2023-11-29,8459
5608,四維航,59,9,50,康和-嘉義,2023-11-29,8459
2408,南亞科,83,34,49,康和-嘉義,2023-11-29,8459
2888,新光金,47,0,47,康和-嘉義,2023-11-29,8459
2883,凱基金,76,30,46,康和-嘉義,2023-11-29,8459
00679B,元大美債20年,45,0,45,康和-嘉義,2023-11-29,8459
1540,喬福,45,0,45,康和-嘉義,2023-11-29,8459
00632R,元大台灣50反1,40,1,39,康和-嘉義,2023-11-29,8459
6438,迅得,38,0,38,康和-嘉義,2023-11-29,8459
3363,上詮,53,22,31,康和-嘉義,2023-11-29,8459
2258,鴻華先進-創,30,0,30,康和-嘉義,2023-11-29,8459
00882,中信中國高股息,29,0,29,康和-嘉義,2023-11-29,8459
00715L,期街口布蘭特正2,30,1,29,康和-嘉義,2023-11-29,8459
3545,敦泰,40,13,27,康和-嘉義,2023-11-29,8459
00712,復華富時不動產,26,0,26,康和-嘉義,2023-11-29,8459
2845,遠東銀,25,0,25,康和-嘉義,2023-11-29,8459
00878,國泰永續高股息,26,1,25,康和-嘉義,2023-11-29,8459
1609,大亞,26,1,25,康和-嘉義,2023-11-29,8459
3694,海華,25,0,25,康和-嘉義,2023-11-29,8459
1513,中興電,47,23,24,康和-嘉義,2023-11-29,8459
00665L,富邦�琤肭磪囓�2,24,0,24,康和-嘉義,2023-11-29,8459
2356,英業達,26,2,24,康和-嘉義,2023-11-29,8459
5213,亞昕,24,0,24,康和-嘉義,2023-11-29,8459
00669R,國泰美國道瓊反1,22,0,22,康和-嘉義,2023-11-29,8459
00934,中信成長高股息,21,0,21,康和-嘉義,2023-11-29,8459
4442,竣邦-KY,20,0,20,康和-嘉義,2023-11-29,8459
2472,立隆電,20,2,18,康和-嘉義,2023-11-29,8459
3231,緯創,46,30,16,康和-嘉義,2023-11-29,8459
2891,中信金,21,6,15,康和-嘉義,2023-11-29,8459
3373,熱映,20,5,15,康和-嘉義,2023-11-29,8459
3122,笙泉,22,8,14,康和-嘉義,2023-11-29,8459
6139,亞翔,27,13,14,康和-嘉義,2023-11-29,8459
00680L,元大美債20正2,20,7,13,康和-嘉義,2023-11-29,8459
3317,尼克森,44,31,13,康和-嘉義,2023-11-29,8459
2303,聯電,27,16,11,康和-嘉義,2023-11-29,8459
00673R,期元大S＆P原油反1,11,0,11,康和-嘉義,2023-11-29,8459
1325,恆大,12,2,10,康和-嘉義,2023-11-29,8459
00726B,國泰新興投等債,10,0,10,康和-嘉義,2023-11-29,8459
00720B,元大投資級公司債,10,0,10,康和-嘉義,2023-11-29,8459
00905,FT臺灣Smart,10,0,10,康和-嘉義,2023-11-29,8459
2314,台揚,10,0,10,康和-嘉義,2023-11-29,8459
3128,昇銳,10,0,10,康和-嘉義,2023-11-29,8459
3266,昇陽,10,0,10,康和-嘉義,2023-11-29,8459
5225,東科-KY,10,0,10,康和-嘉義,2023-11-29,8459
6127,九豪,10,0,10,康和-嘉義,2023-11-29,8459
2606,裕民,236,19,217,康和-嘉義,2023-11-30,8459
6438,迅得,70,0,70,康和-嘉義,2023-11-30,8459
1514,亞力,288,223,65,康和-嘉義,2023-11-30,8459
6016,康和證,61,0,61,康和-嘉義,2023-11-30,8459
1616,億泰,60,0,60,康和-嘉義,2023-11-30,8459
2883,凱基金,124,65,59,康和-嘉義,2023-11-30,8459
2312,金寶,60,6,54,康和-嘉義,2023-11-30,8459
3041,揚智,55,2,53,康和-嘉義,2023-11-30,8459
5347,世界,50,0,50,康和-嘉義,2023-11-30,8459
1449,佳和,41,3,38,康和-嘉義,2023-11-30,8459
8086,宏捷科,48,15,33,康和-嘉義,2023-11-30,8459
00632R,元大台灣50反1,31,0,31,康和-嘉義,2023-11-30,8459
2834,臺企銀,62,33,29,康和-嘉義,2023-11-30,8459
3363,上詮,40,12,28,康和-嘉義,2023-11-30,8459
3081,聯亞,27,0,27,康和-嘉義,2023-11-30,8459
00882,中信中國高股息,26,0,26,康和-嘉義,2023-11-30,8459
3231,緯創,50,26,24,康和-嘉義,2023-11-30,8459
2332,友訊,51,27,24,康和-嘉義,2023-11-30,8459
3374,精材,47,23,24,康和-嘉義,2023-11-30,8459
6290,良維,24,1,23,康和-嘉義,2023-11-30,8459
8155,博智,30,8,22,康和-嘉義,2023-11-30,8459
00929,復華台灣科技優息,37,15,22,康和-嘉義,2023-11-30,8459
00934,中信成長高股息,21,0,21,康和-嘉義,2023-11-30,8459
4114,健喬,22,1,21,康和-嘉義,2023-11-30,8459
3624,光頡,21,1,20,康和-嘉義,2023-11-30,8459
4529,淳紳,20,0,20,康和-嘉義,2023-11-30,8459
2845,遠東銀,20,1,19,康和-嘉義,2023-11-30,8459
00665L,富邦�琤肭磪囓�2,19,0,19,康和-嘉義,2023-11-30,8459
3047,訊舟,19,1,18,康和-嘉義,2023-11-30,8459
3715,定穎投控,29,12,17,康和-嘉義,2023-11-30,8459
1609,大亞,31,14,17,康和-嘉義,2023-11-30,8459
1734,杏輝,17,0,17,康和-嘉義,2023-11-30,8459
2498,宏達電,16,0,16,康和-嘉義,2023-11-30,8459
1513,中興電,77,62,15,康和-嘉義,2023-11-30,8459
1540,喬福,15,0,15,康和-嘉義,2023-11-30,8459
3615,安可,16,1,15,康和-嘉義,2023-11-30,8459
2002,中鋼,15,1,14,康和-嘉義,2023-11-30,8459
1444,力麗,14,1,13,康和-嘉義,2023-11-30,8459
2025,千興,13,0,13,康和-嘉義,2023-11-30,8459
1519,華城,24,11,13,康和-嘉義,2023-11-30,8459
8112,至上,13,0,13,康和-嘉義,2023-11-30,8459
8054,安國,88,76,12,康和-嘉義,2023-11-30,8459
1605,華新,48,37,11,康和-嘉義,2023-11-30,8459
2405,輔信,25,14,11,康和-嘉義,2023-11-30,8459
4183,福永生技,11,0,11,康和-嘉義,2023-11-30,8459
4953,緯軟,11,0,11,康和-嘉義,2023-11-30,8459
2317,鴻海,13,3,10,康和-嘉義,2023-11-30,8459
1517,利奇,10,0,10,康和-嘉義,2023-11-30,8459
3402,漢科,10,0,10,康和-嘉義,2023-11-30,8459
4442,竣邦-KY,10,0,10,康和-嘉義,2023-11-30,8459
00637L,元大滬深300正2,600,0,600,康和-嘉義,2023-12-01,8459
3312,弘憶股,190,5,185,康和-嘉義,2023-12-01,8459
2891,中信金,231,80,151,康和-嘉義,2023-12-01,8459
2883,凱基金,117,2,115,康和-嘉義,2023-12-01,8459
2516,新建,98,0,98,康和-嘉義,2023-12-01,8459
2313,華通,286,212,74,康和-嘉義,2023-12-01,8459
00715L,期街口布蘭特正2,60,0,60,康和-嘉義,2023-12-01,8459
5225,東科-KY,69,9,60,康和-嘉義,2023-12-01,8459
00688L,國泰20年美債正2,50,0,50,康和-嘉義,2023-12-01,8459
3013,晟銘電,91,46,45,康和-嘉義,2023-12-01,8459
3163,波若威,45,2,43,康和-嘉義,2023-12-01,8459
4106,雃博,44,1,43,康和-嘉義,2023-12-01,8459
9924,福興,42,0,42,康和-嘉義,2023-12-01,8459
2408,南亞科,71,30,41,康和-嘉義,2023-12-01,8459
4167,松瑞藥,137,97,40,康和-嘉義,2023-12-01,8459
2387,精元,39,0,39,康和-嘉義,2023-12-01,8459
5471,松翰,35,0,35,康和-嘉義,2023-12-01,8459
2359,所羅門,32,0,32,康和-嘉義,2023-12-01,8459
9904,寶成,32,0,32,康和-嘉義,2023-12-01,8459
3081,聯亞,32,1,31,康和-嘉義,2023-12-01,8459
00919,群益台灣精選高息,38,9,29,康和-嘉義,2023-12-01,8459
00679B,元大美債20年,26,0,26,康和-嘉義,2023-12-01,8459
2405,輔信,36,10,26,康和-嘉義,2023-12-01,8459
2618,長榮航,37,12,25,康和-嘉義,2023-12-01,8459
4977,眾達-KY,24,0,24,康和-嘉義,2023-12-01,8459
1101,台泥,23,0,23,康和-嘉義,2023-12-01,8459
9919,康那香,31,8,23,康和-嘉義,2023-12-01,8459
6126,信音,22,0,22,康和-嘉義,2023-12-01,8459
5347,世界,46,24,22,康和-嘉義,2023-12-01,8459
00882,中信中國高股息,20,0,20,康和-嘉義,2023-12-01,8459
5213,亞昕,20,0,20,康和-嘉義,2023-12-01,8459
6155,鈞寶,20,0,20,康和-嘉義,2023-12-01,8459
00665L,富邦�琤肭磪囓�2,18,0,18,康和-嘉義,2023-12-01,8459
2017,官田鋼,20,2,18,康和-嘉義,2023-12-01,8459
2601,益航,20,3,17,康和-嘉義,2023-12-01,8459
1760,寶齡富錦,16,0,16,康和-嘉義,2023-12-01,8459
2881,富邦金,15,0,15,康和-嘉義,2023-12-01,8459
1795,美時,48,33,15,康和-嘉義,2023-12-01,8459
5258,虹堡,15,0,15,康和-嘉義,2023-12-01,8459
5425,台半,14,0,14,康和-嘉義,2023-12-01,8459
2317,鴻海,13,0,13,康和-嘉義,2023-12-01,8459
00720B,元大投資級公司債,18,5,13,康和-嘉義,2023-12-01,8459
3050,鈺德,14,1,13,康和-嘉義,2023-12-01,8459
3105,穩懋,19,6,13,康和-嘉義,2023-12-01,8459
3374,精材,32,19,13,康和-嘉義,2023-12-01,8459
5351,鈺創,16,3,13,康和-嘉義,2023-12-01,8459
6733,博晟生醫,22,9,13,康和-嘉義,2023-12-01,8459
2356,英業達,26,13,13,康和-嘉義,2023-12-01,8459
00915,凱基優選高股息30,12,0,12,康和-嘉義,2023-12-01,8459
2637,慧洋-KY,58,47,11,康和-嘉義,2023-12-01,8459
00715L,期街口布蘭特正2,1460,6,1454,康和-嘉義,2023-12-04,8459
5608,四維航,96,0,96,康和-嘉義,2023-12-04,8459
00772B,中信高評級公司債,100,10,90,康和-嘉義,2023-12-04,8459
2883,凱基金,81,0,81,康和-嘉義,2023-12-04,8459
5603,陸海,81,5,76,康和-嘉義,2023-12-04,8459
2618,長榮航,87,31,56,康和-嘉義,2023-12-04,8459
6125,廣運,83,30,53,康和-嘉義,2023-12-04,8459
2355,敬鵬,146,96,50,康和-嘉義,2023-12-04,8459
2607,榮運,56,6,50,康和-嘉義,2023-12-04,8459
2329,華泰,400,353,47,康和-嘉義,2023-12-04,8459
2367,燿華,303,258,45,康和-嘉義,2023-12-04,8459
2615,萬海,61,16,45,康和-嘉義,2023-12-04,8459
5469,瀚宇博,65,25,40,康和-嘉義,2023-12-04,8459
4157,太景*-KY,46,9,37,康和-嘉義,2023-12-04,8459
00919,群益台灣精選高息,37,0,37,康和-嘉義,2023-12-04,8459
6126,信音,36,0,36,康和-嘉義,2023-12-04,8459
2468,華經,33,0,33,康和-嘉義,2023-12-04,8459
3231,緯創,36,5,31,康和-嘉義,2023-12-04,8459
1616,億泰,31,0,31,康和-嘉義,2023-12-04,8459
6016,康和證,30,0,30,康和-嘉義,2023-12-04,8459
3047,訊舟,40,15,25,康和-嘉義,2023-12-04,8459
2353,宏��,28,4,24,康和-嘉義,2023-12-04,8459
2465,麗臺,23,0,23,康和-嘉義,2023-12-04,8459
00882,中信中國高股息,42,20,22,康和-嘉義,2023-12-04,8459
2313,華通,196,176,20,康和-嘉義,2023-12-04,8459
2867,三商壽,20,0,20,康和-嘉義,2023-12-04,8459
4744,皇將,20,0,20,康和-嘉義,2023-12-04,8459
2543,皇昌,20,0,20,康和-嘉義,2023-12-04,8459
2382,廣達,58,39,19,康和-嘉義,2023-12-04,8459
1504,東元,25,7,18,康和-嘉義,2023-12-04,8459
2316,楠梓電,20,2,18,康和-嘉義,2023-12-04,8459
6426,統新,23,5,18,康和-嘉義,2023-12-04,8459
00665L,富邦�琤肭磪囓�2,19,2,17,康和-嘉義,2023-12-04,8459
1514,亞力,104,87,17,康和-嘉義,2023-12-04,8459
6233,旺玖,35,19,16,康和-嘉義,2023-12-04,8459
6281,全國電,15,0,15,康和-嘉義,2023-12-04,8459
3481,群創,79,64,15,康和-嘉義,2023-12-04,8459
6122,擎邦,25,12,13,康和-嘉義,2023-12-04,8459
2834,臺企銀,12,0,12,康和-嘉義,2023-12-04,8459
5351,鈺創,33,21,12,康和-嘉義,2023-12-04,8459
6127,九豪,12,0,12,康和-嘉義,2023-12-04,8459
2892,第一金,11,0,11,康和-嘉義,2023-12-04,8459
6235,華孚,20,10,10,康和-嘉義,2023-12-04,8459
00918,大華優利高填息30,10,0,10,康和-嘉義,2023-12-04,8459
00934,中信成長高股息,10,0,10,康和-嘉義,2023-12-04,8459
00706L,期元大S＆P日圓正2,10,0,10,康和-嘉義,2023-12-04,8459
2038,海光,10,0,10,康和-嘉義,2023-12-04,8459
2401,凌陽,11,1,10,康和-嘉義,2023-12-04,8459
3303,岱稜,10,0,10,康和-嘉義,2023-12-04,8459
4906,正文,11,1,10,康和-嘉義,2023-12-04,8459
2641,正德,237,108,129,康和-嘉義,2023-12-05,8459
00919,群益台灣精選高息,107,7,100,康和-嘉義,2023-12-05,8459
2883B,凱基金乙特,100,0,100,康和-嘉義,2023-12-05,8459
2303,聯電,86,0,86,康和-嘉義,2023-12-05,8459
00680L,元大美債20正2,70,1,69,康和-嘉義,2023-12-05,8459
3013,晟銘電,225,158,67,康和-嘉義,2023-12-05,8459
2601,益航,75,16,59,康和-嘉義,2023-12-05,8459
00687B,國泰20年美債,56,0,56,康和-嘉義,2023-12-05,8459
1503,士電,99,49,50,康和-嘉義,2023-12-05,8459
2344,華邦電,43,0,43,康和-嘉義,2023-12-05,8459
00929,復華台灣科技優息,55,13,42,康和-嘉義,2023-12-05,8459
2883,凱基金,57,15,42,康和-嘉義,2023-12-05,8459
1514,亞力,205,166,39,康和-嘉義,2023-12-05,8459
3276,宇環,40,2,38,康和-嘉義,2023-12-05,8459
00882,中信中國高股息,41,4,37,康和-嘉義,2023-12-05,8459
2337,旺宏,33,0,33,康和-嘉義,2023-12-05,8459
00715L,期街口布蘭特正2,32,0,32,康和-嘉義,2023-12-05,8459
00896,中信綠能及電動車,30,0,30,康和-嘉義,2023-12-05,8459
4503,金雨,30,0,30,康和-嘉義,2023-12-05,8459
2460,建通,30,2,28,康和-嘉義,2023-12-05,8459
5603,陸海,37,10,27,康和-嘉義,2023-12-05,8459
2887,台新金,26,0,26,康和-嘉義,2023-12-05,8459
00637L,元大滬深300正2,22,0,22,康和-嘉義,2023-12-05,8459
1781,合世,24,3,21,康和-嘉義,2023-12-05,8459
2834,臺企銀,20,0,20,康和-嘉義,2023-12-05,8459
6150,撼訊,23,3,20,康和-嘉義,2023-12-05,8459
00665L,富邦�琤肭磪囓�2,20,0,20,康和-嘉義,2023-12-05,8459
2489,瑞軒,26,6,20,康和-嘉義,2023-12-05,8459
1905,華紙,20,1,19,康和-嘉義,2023-12-05,8459
2349,錸德,20,1,19,康和-嘉義,2023-12-05,8459
2637,慧洋-KY,215,198,17,康和-嘉義,2023-12-05,8459
2492,華新科,19,2,17,康和-嘉義,2023-12-05,8459
3231,緯創,20,4,16,康和-嘉義,2023-12-05,8459
00918,大華優利高填息30,15,0,15,康和-嘉義,2023-12-05,8459
00712,復華富時不動產,20,5,15,康和-嘉義,2023-12-05,8459
2618,長榮航,37,23,14,康和-嘉義,2023-12-05,8459
4743,合一,14,0,14,康和-嘉義,2023-12-05,8459
2543,皇昌,20,7,13,康和-嘉義,2023-12-05,8459
6435,大中,19,6,13,康和-嘉義,2023-12-05,8459
2617,台航,13,1,12,康和-嘉義,2023-12-05,8459
3715,定穎投控,28,16,12,康和-嘉義,2023-12-05,8459
6202,盛群,12,0,12,康和-嘉義,2023-12-05,8459
2399,映泰,27,16,11,康和-嘉義,2023-12-05,8459
1522,堤維西,13,2,11,康和-嘉義,2023-12-05,8459
2363,矽統,19,8,11,康和-嘉義,2023-12-05,8459
2882,國泰金,11,0,11,康和-嘉義,2023-12-05,8459
4173,久裕,11,0,11,康和-嘉義,2023-12-05,8459
5210,寶碩,12,1,11,康和-嘉義,2023-12-05,8459
6547,高端疫苗,14,3,11,康和-嘉義,2023-12-05,8459
2323,中環,10,0,10,康和-嘉義,2023-12-05,8459
2886,兆豐金,116,0,116,康和-嘉義,2023-12-06,8459
3312,弘憶股,102,0,102,康和-嘉義,2023-12-06,8459
5213,亞昕,117,19,98,康和-嘉義,2023-12-06,8459
1108,幸福,80,0,80,康和-嘉義,2023-12-06,8459
2332,友訊,65,1,64,康和-嘉義,2023-12-06,8459
1522,堤維西,80,19,61,康和-嘉義,2023-12-06,8459
00715L,期街口布蘭特正2,61,10,51,康和-嘉義,2023-12-06,8459
2371,大同,48,0,48,康和-嘉義,2023-12-06,8459
4107,邦特,44,0,44,康和-嘉義,2023-12-06,8459
2867,三商壽,44,1,43,康和-嘉義,2023-12-06,8459
5347,世界,47,4,43,康和-嘉義,2023-12-06,8459
5386,青雲,72,29,43,康和-嘉義,2023-12-06,8459
2516,新建,60,20,40,康和-嘉義,2023-12-06,8459
6117,迎廣,41,6,35,康和-嘉義,2023-12-06,8459
8054,安國,45,10,35,康和-嘉義,2023-12-06,8459
4533,協易機,152,119,33,康和-嘉義,2023-12-06,8459
2408,南亞科,32,0,32,康和-嘉義,2023-12-06,8459
2419,仲琦,47,16,31,康和-嘉義,2023-12-06,8459
2329,華泰,107,77,30,康和-嘉義,2023-12-06,8459
2449,京元電子,60,30,30,康和-嘉義,2023-12-06,8459
00665L,富邦�琤肭磪囓�2,26,0,26,康和-嘉義,2023-12-06,8459
2425,承啟,55,31,24,康和-嘉義,2023-12-06,8459
2485,兆赫,23,0,23,康和-嘉義,2023-12-06,8459
3715,定穎投控,54,31,23,康和-嘉義,2023-12-06,8459
2367,燿華,33,12,21,康和-嘉義,2023-12-06,8459
2468,華經,21,0,21,康和-嘉義,2023-12-06,8459
3047,訊舟,31,11,20,康和-嘉義,2023-12-06,8459
2812,台中銀,21,2,19,康和-嘉義,2023-12-06,8459
2883,凱基金,18,0,18,康和-嘉義,2023-12-06,8459
2605,新興,320,303,17,康和-嘉義,2023-12-06,8459
2344,華邦電,17,0,17,康和-嘉義,2023-12-06,8459
5439,高技,17,0,17,康和-嘉義,2023-12-06,8459
00919,群益台灣精選高息,17,0,17,康和-嘉義,2023-12-06,8459
00918,大華優利高填息30,16,0,16,康和-嘉義,2023-12-06,8459
1513,中興電,90,74,16,康和-嘉義,2023-12-06,8459
3264,欣銓,16,0,16,康和-嘉義,2023-12-06,8459
5533,皇鼎,16,0,16,康和-嘉義,2023-12-06,8459
8155,博智,16,0,16,康和-嘉義,2023-12-06,8459
2355,敬鵬,63,48,15,康和-嘉義,2023-12-06,8459
1582,信錦,21,7,14,康和-嘉義,2023-12-06,8459
5236,凌陽創新,16,2,14,康和-嘉義,2023-12-06,8459
9924,福興,14,0,14,康和-嘉義,2023-12-06,8459
6446,藥華藥,19,6,13,康和-嘉義,2023-12-06,8459
1616,億泰,13,0,13,康和-嘉義,2023-12-06,8459
1101,台泥,12,0,12,康和-嘉義,2023-12-06,8459
2388,威盛,16,4,12,康和-嘉義,2023-12-06,8459
4979,華星光,34,22,12,康和-嘉義,2023-12-06,8459
6122,擎邦,17,5,12,康和-嘉義,2023-12-06,8459
6126,信音,13,1,12,康和-嘉義,2023-12-06,8459
8261,富鼎,13,1,12,康和-嘉義,2023-12-06,8459
1609,大亞,481,58,423,康和-嘉義,2023-12-07,8459
00937B,群益ESG投等債20,250,55,195,康和-嘉義,2023-12-07,8459
3013,晟銘電,138,23,115,康和-嘉義,2023-12-07,8459
2399,映泰,222,112,110,康和-嘉義,2023-12-07,8459
00715L,期街口布蘭特正2,267,181,86,康和-嘉義,2023-12-07,8459
1108,幸福,79,1,78,康和-嘉義,2023-12-07,8459
3231,緯創,223,146,77,康和-嘉義,2023-12-07,8459
00687B,國泰20年美債,63,5,58,康和-嘉義,2023-12-07,8459
2303,聯電,63,19,44,康和-嘉義,2023-12-07,8459
3402,漢科,46,2,44,康和-嘉義,2023-12-07,8459
1603,華電,43,3,40,康和-嘉義,2023-12-07,8459
1540,喬福,35,0,35,康和-嘉義,2023-12-07,8459
1618,合機,78,44,34,康和-嘉義,2023-12-07,8459
00933B,國泰10Y+金融債,32,0,32,康和-嘉義,2023-12-07,8459
00919,群益台灣精選高息,32,0,32,康和-嘉義,2023-12-07,8459
1504,東元,38,8,30,康和-嘉義,2023-12-07,8459
1605,華新,39,9,30,康和-嘉義,2023-12-07,8459
2312,金寶,65,36,29,康和-嘉義,2023-12-07,8459
3483,力致,29,0,29,康和-嘉義,2023-12-07,8459
2344,華邦電,33,6,27,康和-嘉義,2023-12-07,8459
2637,慧洋-KY,46,19,27,康和-嘉義,2023-12-07,8459
1101,台泥,29,2,27,康和-嘉義,2023-12-07,8459
2330,台積電,26,0,26,康和-嘉義,2023-12-07,8459
5227,立凱-KY,26,0,26,康和-嘉義,2023-12-07,8459
1795,美時,38,12,26,康和-嘉義,2023-12-07,8459
3715,定穎投控,59,34,25,康和-嘉義,2023-12-07,8459
6197,佳必琪,26,3,23,康和-嘉義,2023-12-07,8459
3312,弘憶股,22,0,22,康和-嘉義,2023-12-07,8459
1503,士電,49,28,21,康和-嘉義,2023-12-07,8459
6233,旺玖,21,0,21,康和-嘉義,2023-12-07,8459
1616,億泰,22,2,20,康和-嘉義,2023-12-07,8459
3419,譁裕,20,0,20,康和-嘉義,2023-12-07,8459
4744,皇將,20,0,20,康和-嘉義,2023-12-07,8459
6126,信音,38,18,20,康和-嘉義,2023-12-07,8459
00929,復華台灣科技優息,36,17,19,康和-嘉義,2023-12-07,8459
4561,健椿,19,2,17,康和-嘉義,2023-12-07,8459
4967,十銓,48,32,16,康和-嘉義,2023-12-07,8459
00918,大華優利高填息30,15,0,15,康和-嘉義,2023-12-07,8459
2886,兆豐金,14,0,14,康和-嘉義,2023-12-07,8459
2356,英業達,34,20,14,康和-嘉義,2023-12-07,8459
1519,華城,63,50,13,康和-嘉義,2023-12-07,8459
1513,中興電,81,69,12,康和-嘉義,2023-12-07,8459
2603,長榮,12,0,12,康和-嘉義,2023-12-07,8459
1444,力麗,13,1,12,康和-嘉義,2023-12-07,8459
1582,信錦,33,21,12,康和-嘉義,2023-12-07,8459
2102,泰豐,18,6,12,康和-嘉義,2023-12-07,8459
3041,揚智,266,255,11,康和-嘉義,2023-12-07,8459
2313,華通,15,4,11,康和-嘉義,2023-12-07,8459
2367,燿華,20,9,11,康和-嘉義,2023-12-07,8459
2543,皇昌,11,0,11,康和-嘉義,2023-12-07,8459
00715L,期街口布蘭特正2,681,400,281,康和-嘉義,2023-12-08,8459
2610,華航,208,4,204,康和-嘉義,2023-12-08,8459
2605,新興,570,366,204,康和-嘉義,2023-12-08,8459
2606,裕民,144,58,86,康和-嘉義,2023-12-08,8459
8112,至上,83,27,56,康和-嘉義,2023-12-08,8459
5519,隆大,52,0,52,康和-嘉義,2023-12-08,8459
1522,堤維西,47,3,44,康和-嘉義,2023-12-08,8459
4967,十銓,125,82,43,康和-嘉義,2023-12-08,8459
1707,葡萄王,41,0,41,康和-嘉義,2023-12-08,8459
6170,統振,35,1,34,康和-嘉義,2023-12-08,8459
00919,群益台灣精選高息,44,11,33,康和-嘉義,2023-12-08,8459
4529,淳紳,28,0,28,康和-嘉義,2023-12-08,8459
00720B,元大投資級公司債,28,1,27,康和-嘉義,2023-12-08,8459
2492,華新科,29,3,26,康和-嘉義,2023-12-08,8459
00679B,元大美債20年,24,0,24,康和-嘉義,2023-12-08,8459
00933B,國泰10Y+金融債,23,0,23,康和-嘉義,2023-12-08,8459
1513,中興電,29,6,23,康和-嘉義,2023-12-08,8459
00937B,群益ESG投等債20,22,0,22,康和-嘉義,2023-12-08,8459
00712,復華富時不動產,22,0,22,康和-嘉義,2023-12-08,8459
6274,台燿,21,0,21,康和-嘉義,2023-12-08,8459
00665L,富邦�琤肭磪囓�2,20,0,20,康和-嘉義,2023-12-08,8459
1314,中石化,20,0,20,康和-嘉義,2023-12-08,8459
2104,國際中橡,20,0,20,康和-嘉義,2023-12-08,8459
2365,昆盈,22,2,20,康和-嘉義,2023-12-08,8459
2601,益航,23,3,20,康和-嘉義,2023-12-08,8459
1312,國喬,19,0,19,康和-嘉義,2023-12-08,8459
00706L,期元大S＆P日圓正2,20,1,19,康和-嘉義,2023-12-08,8459
2405,輔信,33,14,19,康和-嘉義,2023-12-08,8459
5355,佳總,19,0,19,康和-嘉義,2023-12-08,8459
6462,神盾,31,12,19,康和-嘉義,2023-12-08,8459
1582,信錦,25,7,18,康和-嘉義,2023-12-08,8459
5227,立凱-KY,18,0,18,康和-嘉義,2023-12-08,8459
00632R,元大台灣50反1,20,5,15,康和-嘉義,2023-12-08,8459
6016,康和證,14,0,14,康和-嘉義,2023-12-08,8459
00687B,國泰20年美債,23,10,13,康和-嘉義,2023-12-08,8459
6443,元晶,23,10,13,康和-嘉義,2023-12-08,8459
2882,國泰金,12,0,12,康和-嘉義,2023-12-08,8459
1514,亞力,284,272,12,康和-嘉義,2023-12-08,8459
2609,陽明,21,9,12,康和-嘉義,2023-12-08,8459
2641,正德,12,0,12,康和-嘉義,2023-12-08,8459
2103,台橡,11,0,11,康和-嘉義,2023-12-08,8459
2465,麗臺,11,0,11,康和-嘉義,2023-12-08,8459
3325,旭品,14,3,11,康和-嘉義,2023-12-08,8459
6197,佳必琪,22,11,11,康和-嘉義,2023-12-08,8459
5347,世界,11,1,10,康和-嘉義,2023-12-08,8459
2617,台航,12,2,10,康和-嘉義,2023-12-08,8459
2380,虹光,10,0,10,康和-嘉義,2023-12-08,8459
00929,復華台灣科技優息,19,9,10,康和-嘉義,2023-12-08,8459
1723,中碳,10,0,10,康和-嘉義,2023-12-08,8459
2329,華泰,46,36,10,康和-嘉義,2023-12-08,8459
2392,正崴,114,3,111,康和-嘉義,2023-12-11,8459
00919,群益台灣精選高息,93,27,66,康和-嘉義,2023-12-11,8459
3705,永信,58,0,58,康和-嘉義,2023-12-11,8459
1312,國喬,56,1,55,康和-嘉義,2023-12-11,8459
00931B,統一美債20年,50,0,50,康和-嘉義,2023-12-11,8459
2615,萬海,64,15,49,康和-嘉義,2023-12-11,8459
2618,長榮航,66,17,49,康和-嘉義,2023-12-11,8459
00712,復華富時不動產,45,1,44,康和-嘉義,2023-12-11,8459
6139,亞翔,66,29,37,康和-嘉義,2023-12-11,8459
00918,大華優利高填息30,36,0,36,康和-嘉義,2023-12-11,8459
2355,敬鵬,33,2,31,康和-嘉義,2023-12-11,8459
1605,華新,26,0,26,康和-嘉義,2023-12-11,8459
00687B,國泰20年美債,25,0,25,康和-嘉義,2023-12-11,8459
1503,士電,29,4,25,康和-嘉義,2023-12-11,8459
1529,樂事綠能,29,4,25,康和-嘉義,2023-12-11,8459
1540,喬福,24,0,24,康和-嘉義,2023-12-11,8459
00929,復華台灣科技優息,27,4,23,康和-嘉義,2023-12-11,8459
2891,中信金,34,11,23,康和-嘉義,2023-12-11,8459
00665L,富邦�琤肭磪囓�2,20,0,20,康和-嘉義,2023-12-11,8459
2109,華豐,19,0,19,康和-嘉義,2023-12-11,8459
1609,大亞,38,22,16,康和-嘉義,2023-12-11,8459
3402,漢科,18,2,16,康和-嘉義,2023-12-11,8459
8227,巨有科技,19,3,16,康和-嘉義,2023-12-11,8459
00679B,元大美債20年,18,3,15,康和-嘉義,2023-12-11,8459
4564,元翎,15,0,15,康和-嘉義,2023-12-11,8459
1718,中纖,14,0,14,康和-嘉義,2023-12-11,8459
5227,立凱-KY,14,0,14,康和-嘉義,2023-12-11,8459
2421,建準,13,0,13,康和-嘉義,2023-12-11,8459
3374,精材,15,2,13,康和-嘉義,2023-12-11,8459
5351,鈺創,19,6,13,康和-嘉義,2023-12-11,8459
6285,啟��,120,108,12,康和-嘉義,2023-12-11,8459
2888,新光金,12,0,12,康和-嘉義,2023-12-11,8459
3051,力特,12,0,12,康和-嘉義,2023-12-11,8459
3694,海華,14,2,12,康和-嘉義,2023-12-11,8459
4906,正文,12,0,12,康和-嘉義,2023-12-11,8459
00882,中信中國高股息,11,0,11,康和-嘉義,2023-12-11,8459
00933B,國泰10Y+金融債,11,0,11,康和-嘉義,2023-12-11,8459
2371,大同,24,13,11,康和-嘉義,2023-12-11,8459
3088,艾訊,14,3,11,康和-嘉義,2023-12-11,8459
5213,亞昕,11,0,11,康和-嘉義,2023-12-11,8459
2017,官田鋼,10,0,10,康和-嘉義,2023-12-11,8459
2204,中華,23,13,10,康和-嘉義,2023-12-11,8459
2323,中環,10,0,10,康和-嘉義,2023-12-11,8459
2425,承啟,10,0,10,康和-嘉義,2023-12-11,8459
6136,富爾特,10,0,10,康和-嘉義,2023-12-11,8459
6274,台燿,10,0,10,康和-嘉義,2023-12-11,8459
8150,南茂,10,0,10,康和-嘉義,2023-12-11,8459
8210,勤誠,24,14,10,康和-嘉義,2023-12-11,8459
1806,冠軍,10,0,10,康和-嘉義,2023-12-11,8459
00680L,元大美債20正2,9,0,9,康和-嘉義,2023-12-11,8459
2903,遠百,630,0,630,康和-嘉義,2023-12-12,8459
00919,群益台灣精選高息,196,14,182,康和-嘉義,2023-12-12,8459
1108,幸福,169,0,169,康和-嘉義,2023-12-12,8459
2888,新光金,130,0,130,康和-嘉義,2023-12-12,8459
00680L,元大美債20正2,75,0,75,康和-嘉義,2023-12-12,8459
2349,錸德,70,0,70,康和-嘉義,2023-12-12,8459
1312,國喬,61,1,60,康和-嘉義,2023-12-12,8459
6182,合晶,58,12,46,康和-嘉義,2023-12-12,8459
2344,華邦電,288,244,44,康和-嘉義,2023-12-12,8459
1612,宏泰,44,4,40,康和-嘉義,2023-12-12,8459
4128,中天,40,0,40,康和-嘉義,2023-12-12,8459
1806,冠軍,40,0,40,康和-嘉義,2023-12-12,8459
2612,中航,37,1,36,康和-嘉義,2023-12-12,8459
2419,仲琦,43,8,35,康和-嘉義,2023-12-12,8459
1618,合機,75,42,33,康和-嘉義,2023-12-12,8459
2618,長榮航,43,10,33,康和-嘉義,2023-12-12,8459
3450,聯鈞,30,0,30,康和-嘉義,2023-12-12,8459
00687B,國泰20年美債,31,5,26,康和-嘉義,2023-12-12,8459
2313,華通,158,133,25,康和-嘉義,2023-12-12,8459
1540,喬福,25,0,25,康和-嘉義,2023-12-12,8459
1514,亞力,119,95,24,康和-嘉義,2023-12-12,8459
2002,中鋼,23,0,23,康和-嘉義,2023-12-12,8459
1905,華紙,25,3,22,康和-嘉義,2023-12-12,8459
2867,三商壽,21,1,20,康和-嘉義,2023-12-12,8459
00722B,群益投資級電信債,20,0,20,康和-嘉義,2023-12-12,8459
2816,旺旺保,18,0,18,康和-嘉義,2023-12-12,8459
6207,雷科,17,0,17,康和-嘉義,2023-12-12,8459
2476,鉅祥,23,6,17,康和-嘉義,2023-12-12,8459
3265,台星科,35,18,17,康和-嘉義,2023-12-12,8459
6288,聯嘉,18,1,17,康和-嘉義,2023-12-12,8459
3402,漢科,16,0,16,康和-嘉義,2023-12-12,8459
3231,緯創,42,26,16,康和-嘉義,2023-12-12,8459
00712,復華富時不動產,15,0,15,康和-嘉義,2023-12-12,8459
3014,聯陽,17,2,15,康和-嘉義,2023-12-12,8459
4973,廣穎,15,0,15,康和-嘉義,2023-12-12,8459
4908,前鼎,38,24,14,康和-嘉義,2023-12-12,8459
2425,承啟,14,0,14,康和-嘉義,2023-12-12,8459
9941,裕融,13,0,13,康和-嘉義,2023-12-12,8459
1519,華城,24,11,13,康和-嘉義,2023-12-12,8459
3694,海華,25,13,12,康和-嘉義,2023-12-12,8459
2359,所羅門,13,2,11,康和-嘉義,2023-12-12,8459
2472,立隆電,11,0,11,康和-嘉義,2023-12-12,8459
2516,新建,91,80,11,康和-嘉義,2023-12-12,8459
3029,零壹,11,0,11,康和-嘉義,2023-12-12,8459
6282,康舒,11,0,11,康和-嘉義,2023-12-12,8459
8112,至上,51,40,11,康和-嘉義,2023-12-12,8459
2323,中環,10,0,10,康和-嘉義,2023-12-12,8459
1101,台泥,10,0,10,康和-嘉義,2023-12-12,8459
00724B,群益投資級金融債,10,0,10,康和-嘉義,2023-12-12,8459
2417,圓剛,10,0,10,康和-嘉義,2023-12-12,8459
00715L,期街口布蘭特正2,721,306,415,康和-嘉義,2023-12-13,8459
00919,群益台灣精選高息,183,16,167,康和-嘉義,2023-12-13,8459
00918,大華優利高填息30,120,0,120,康和-嘉義,2023-12-13,8459
1540,喬福,79,0,79,康和-嘉義,2023-12-13,8459
2353,宏��,224,145,79,康和-嘉義,2023-12-13,8459
2405,輔信,91,21,70,康和-嘉義,2023-12-13,8459
2506,太設,66,0,66,康和-嘉義,2023-12-13,8459
2002,中鋼,64,0,64,康和-嘉義,2023-12-13,8459
3231,緯創,190,128,62,康和-嘉義,2023-12-13,8459
00915,凱基優選高股息30,54,0,54,康和-嘉義,2023-12-13,8459
5351,鈺創,51,0,51,康和-嘉義,2023-12-13,8459
00937B,群益ESG投等債20,50,0,50,康和-嘉義,2023-12-13,8459
1609,大亞,62,14,48,康和-嘉義,2023-12-13,8459
3694,海華,75,33,42,康和-嘉義,2023-12-13,8459
00923,群益台ESG低碳50,40,3,37,康和-嘉義,2023-12-13,8459
2882,國泰金,37,3,34,康和-嘉義,2023-12-13,8459
00665L,富邦�琤肭磪囓�2,30,0,30,康和-嘉義,2023-12-13,8459
6770,力積電,57,28,29,康和-嘉義,2023-12-13,8459
2609,陽明,34,6,28,康和-嘉義,2023-12-13,8459
3019,亞光,33,7,26,康和-嘉義,2023-12-13,8459
6116,彩晶,24,0,24,康和-嘉義,2023-12-13,8459
8112,至上,38,15,23,康和-嘉義,2023-12-13,8459
5515,建國,27,5,22,康和-嘉義,2023-12-13,8459
2888,新光金,21,0,21,康和-嘉義,2023-12-13,8459
6143,振曜,20,0,20,康和-嘉義,2023-12-13,8459
2867,三商壽,20,0,20,康和-嘉義,2023-12-13,8459
2303,聯電,25,6,19,康和-嘉義,2023-12-13,8459
3481,群創,22,4,18,康和-嘉義,2023-12-13,8459
2340,台亞,18,0,18,康和-嘉義,2023-12-13,8459
2359,所羅門,18,0,18,康和-嘉義,2023-12-13,8459
6756,威鋒電子,17,0,17,康和-嘉義,2023-12-13,8459
3704,合勤控,20,4,16,康和-嘉義,2023-12-13,8459
4973,廣穎,15,0,15,康和-嘉義,2023-12-13,8459
6182,合晶,33,18,15,康和-嘉義,2023-12-13,8459
3037,欣興,17,3,14,康和-嘉義,2023-12-13,8459
2317,鴻海,13,0,13,康和-嘉義,2023-12-13,8459
00882,中信中國高股息,13,0,13,康和-嘉義,2023-12-13,8459
2516,新建,52,39,13,康和-嘉義,2023-12-13,8459
2617,台航,17,5,12,康和-嘉義,2023-12-13,8459
4976,佳凌,23,11,12,康和-嘉義,2023-12-13,8459
3266,昇陽,14,2,12,康和-嘉義,2023-12-13,8459
3706,神達,33,22,11,康和-嘉義,2023-12-13,8459
3017,奇鋐,17,6,11,康和-嘉義,2023-12-13,8459
6122,擎邦,11,1,10,康和-嘉義,2023-12-13,8459
1314,中石化,11,1,10,康和-嘉義,2023-12-13,8459
2009,第一銅,11,1,10,康和-嘉義,2023-12-13,8459
1612,宏泰,13,3,10,康和-嘉義,2023-12-13,8459
2630,亞航,10,0,10,康和-嘉義,2023-12-13,8459
8109,博大,10,0,10,康和-嘉義,2023-12-13,8459
1519,華城,41,32,9,康和-嘉義,2023-12-13,8459
00632R,元大台灣50反1,183,5,178,康和-嘉義,2023-12-14,8459
2312,金寶,95,1,94,康和-嘉義,2023-12-14,8459
00712,復華富時不動產,93,10,83,康和-嘉義,2023-12-14,8459
2344,華邦電,87,8,79,康和-嘉義,2023-12-14,8459
1514,亞力,121,62,59,康和-嘉義,2023-12-14,8459
5426,振發,455,399,56,康和-嘉義,2023-12-14,8459
2883B,凱基金乙特,45,0,45,康和-嘉義,2023-12-14,8459
00929,復華台灣科技優息,67,23,44,康和-嘉義,2023-12-14,8459
2888,新光金,45,2,43,康和-嘉義,2023-12-14,8459
00885,富邦越南,40,0,40,康和-嘉義,2023-12-14,8459
2498,宏達電,64,29,35,康和-嘉義,2023-12-14,8459
6147,頎邦,42,8,34,康和-嘉義,2023-12-14,8459
3019,亞光,41,10,31,康和-嘉義,2023-12-14,8459
6005,群益證,30,0,30,康和-嘉義,2023-12-14,8459
00923,群益台ESG低碳50,30,0,30,康和-嘉義,2023-12-14,8459
5328,華容,36,6,30,康和-嘉義,2023-12-14,8459
5515,建國,52,22,30,康和-嘉義,2023-12-14,8459
5213,亞昕,27,0,27,康和-嘉義,2023-12-14,8459
00931B,統一美債20年,26,0,26,康和-嘉義,2023-12-14,8459
6244,茂迪,38,12,26,康和-嘉義,2023-12-14,8459
6625,必應,25,0,25,康和-嘉義,2023-12-14,8459
2516,新建,40,16,24,康和-嘉義,2023-12-14,8459
1540,喬福,23,0,23,康和-嘉義,2023-12-14,8459
2883,凱基金,35,12,23,康和-嘉義,2023-12-14,8459
6285,啟��,71,48,23,康和-嘉義,2023-12-14,8459
6462,神盾,23,0,23,康和-嘉義,2023-12-14,8459
2867,三商壽,22,0,22,康和-嘉義,2023-12-14,8459
1524,耿鼎,26,5,21,康和-嘉義,2023-12-14,8459
3689,湧德,21,0,21,康和-嘉義,2023-12-14,8459
1603,華電,20,0,20,康和-嘉義,2023-12-14,8459
00919,群益台灣精選高息,71,52,19,康和-嘉義,2023-12-14,8459
2453,凌群,17,0,17,康和-嘉義,2023-12-14,8459
2892,第一金,18,1,17,康和-嘉義,2023-12-14,8459
00933B,國泰10Y+金融債,16,0,16,康和-嘉義,2023-12-14,8459
2002,中鋼,21,5,16,康和-嘉義,2023-12-14,8459
2211,長榮鋼,26,10,16,康和-嘉義,2023-12-14,8459
2301,光寶科,24,8,16,康和-嘉義,2023-12-14,8459
3702,大聯大,16,0,16,康和-嘉義,2023-12-14,8459
00936,台新永續高息中小,15,0,15,康和-嘉義,2023-12-14,8459
2329,華泰,127,112,15,康和-嘉義,2023-12-14,8459
3047,訊舟,27,12,15,康和-嘉義,2023-12-14,8459
4566,時碩工業,15,0,15,康和-嘉義,2023-12-14,8459
5234,達興材料,25,10,15,康和-嘉義,2023-12-14,8459
4167,松瑞藥,14,0,14,康和-嘉義,2023-12-14,8459
3588,通嘉,13,0,13,康和-嘉義,2023-12-14,8459
3706,神達,15,2,13,康和-嘉義,2023-12-14,8459
2363,矽統,237,224,13,康和-嘉義,2023-12-14,8459
3025,星通,20,8,12,康和-嘉義,2023-12-14,8459
3576,聯合再生,13,1,12,康和-嘉義,2023-12-14,8459
6233,旺玖,13,1,12,康和-嘉義,2023-12-14,8459
00918,大華優利高填息30,143,4,139,康和-嘉義,2023-12-15,8459
00772B,中信高評級公司債,140,1,139,康和-嘉義,2023-12-15,8459
2913,農林,120,0,120,康和-嘉義,2023-12-15,8459
00680L,元大美債20正2,106,5,101,康和-嘉義,2023-12-15,8459
00919,群益台灣精選高息,139,43,96,康和-嘉義,2023-12-15,8459
5515,建國,121,40,81,康和-嘉義,2023-12-15,8459
00688L,國泰20年美債正2,72,1,71,康和-嘉義,2023-12-15,8459
6509,聚和,70,3,67,康和-嘉義,2023-12-15,8459
2891,中信金,74,21,53,康和-嘉義,2023-12-15,8459
1605,華新,131,84,47,康和-嘉義,2023-12-15,8459
2612,中航,44,0,44,康和-嘉義,2023-12-15,8459
2363,矽統,167,129,38,康和-嘉義,2023-12-15,8459
00931B,統一美債20年,30,0,30,康和-嘉義,2023-12-15,8459
1515,力山,30,1,29,康和-嘉義,2023-12-15,8459
2317,鴻海,27,0,27,康和-嘉義,2023-12-15,8459
1795,美時,51,24,27,康和-嘉義,2023-12-15,8459
2515,中工,46,19,27,康和-嘉義,2023-12-15,8459
00929,復華台灣科技優息,66,41,25,康和-嘉義,2023-12-15,8459
00712,復華富時不動產,50,26,24,康和-嘉義,2023-12-15,8459
3029,零壹,23,0,23,康和-嘉義,2023-12-15,8459
00706L,期元大S＆P日圓正2,20,0,20,康和-嘉義,2023-12-15,8459
2034,允強,20,0,20,康和-嘉義,2023-12-15,8459
2615,萬海,24,4,20,康和-嘉義,2023-12-15,8459
2834,臺企銀,20,0,20,康和-嘉義,2023-12-15,8459
2481,強茂,22,3,19,康和-嘉義,2023-12-15,8459
1513,中興電,46,27,19,康和-嘉義,2023-12-15,8459
1312,國喬,27,9,18,康和-嘉義,2023-12-15,8459
2903,遠百,18,0,18,康和-嘉義,2023-12-15,8459
5210,寶碩,20,3,17,康和-嘉義,2023-12-15,8459
2603,長榮,22,5,17,康和-嘉義,2023-12-15,8459
2009,第一銅,40,23,17,康和-嘉義,2023-12-15,8459
2331,精英,23,7,16,康和-嘉義,2023-12-15,8459
2516,新建,15,0,15,康和-嘉義,2023-12-15,8459
2609,陽明,50,35,15,康和-嘉義,2023-12-15,8459
2402,毅嘉,14,0,14,康和-嘉義,2023-12-15,8459
3694,海華,14,0,14,康和-嘉義,2023-12-15,8459
2421,建準,14,1,13,康和-嘉義,2023-12-15,8459
8112,至上,18,5,13,康和-嘉義,2023-12-15,8459
2388,威盛,48,35,13,康和-嘉義,2023-12-15,8459
3163,波若威,13,0,13,康和-嘉義,2023-12-15,8459
2645,長榮航太,12,0,12,康和-嘉義,2023-12-15,8459
5344,立衛,12,0,12,康和-嘉義,2023-12-15,8459
2356,英業達,900,888,12,康和-嘉義,2023-12-15,8459
2368,金像電,17,5,12,康和-嘉義,2023-12-15,8459
6531,愛普*,16,4,12,康和-嘉義,2023-12-15,8459
2314,台揚,11,0,11,康和-嘉義,2023-12-15,8459
4114,健喬,12,1,11,康和-嘉義,2023-12-15,8459
2892,第一金,10,0,10,康和-嘉義,2023-12-15,8459
1301,台塑,11,1,10,康和-嘉義,2023-12-15,8459
00773B,中信優先金融債,10,0,10,康和-嘉義,2023-12-15,8459
00931B,統一美債20年,310,10,300,康和-嘉義,2023-12-18,8459
2104,國際中橡,196,0,196,康和-嘉義,2023-12-18,8459
1905,華紙,162,26,136,康和-嘉義,2023-12-18,8459
2356,英業達,495,363,132,康和-嘉義,2023-12-18,8459
2605,新興,87,6,81,康和-嘉義,2023-12-18,8459
00937B,群益ESG投等債20,76,12,64,康和-嘉義,2023-12-18,8459
2344,華邦電,229,172,57,康和-嘉義,2023-12-18,8459
2425,承啟,66,17,49,康和-嘉義,2023-12-18,8459
8936,國統,31,0,31,康和-嘉義,2023-12-18,8459
00680L,元大美債20正2,40,11,29,康和-嘉義,2023-12-18,8459
00688L,國泰20年美債正2,31,3,28,康和-嘉義,2023-12-18,8459
2324,仁寶,173,147,26,康和-嘉義,2023-12-18,8459
2913,農林,35,9,26,康和-嘉義,2023-12-18,8459
1789,神隆,25,1,24,康和-嘉義,2023-12-18,8459
2637,慧洋-KY,26,2,24,康和-嘉義,2023-12-18,8459
2002,中鋼,32,8,24,康和-嘉義,2023-12-18,8459
2405,輔信,23,0,23,康和-嘉義,2023-12-18,8459
2241,艾姆勒,22,0,22,康和-嘉義,2023-12-18,8459
2884,玉山金,21,0,21,康和-嘉義,2023-12-18,8459
2030,彰源,21,0,21,康和-嘉義,2023-12-18,8459
00720B,元大投資級公司債,22,3,19,康和-嘉義,2023-12-18,8459
3231,緯創,57,40,17,康和-嘉義,2023-12-18,8459
00933B,國泰10Y+金融債,17,0,17,康和-嘉義,2023-12-18,8459
2392,正崴,20,3,17,康和-嘉義,2023-12-18,8459
2897,王道銀行,16,0,16,康和-嘉義,2023-12-18,8459
2376,技嘉,18,2,16,康和-嘉義,2023-12-18,8459
2492,華新科,16,0,16,康和-嘉義,2023-12-18,8459
2834,臺企銀,21,5,16,康和-嘉義,2023-12-18,8459
00637L,元大滬深300正2,27,12,15,康和-嘉義,2023-12-18,8459
5426,振發,16,2,14,康和-嘉義,2023-12-18,8459
3481,群創,14,1,13,康和-嘉義,2023-12-18,8459
5328,華容,13,0,13,康和-嘉義,2023-12-18,8459
6207,雷科,13,0,13,康和-嘉義,2023-12-18,8459
2634,漢翔,12,0,12,康和-嘉義,2023-12-18,8459
4744,皇將,12,0,12,康和-嘉義,2023-12-18,8459
6462,神盾,12,0,12,康和-嘉義,2023-12-18,8459
00878,國泰永續高股息,17,6,11,康和-嘉義,2023-12-18,8459
3029,零壹,11,0,11,康和-嘉義,2023-12-18,8459
6274,台燿,11,0,11,康和-嘉義,2023-12-18,8459
6122,擎邦,11,1,10,康和-嘉義,2023-12-18,8459
00918,大華優利高填息30,10,0,10,康和-嘉義,2023-12-18,8459
00706L,期元大S＆P日圓正2,10,0,10,康和-嘉義,2023-12-18,8459
1809,中釉,10,0,10,康和-嘉義,2023-12-18,8459
2399,映泰,10,0,10,康和-嘉義,2023-12-18,8459
2412,中華電,10,0,10,康和-嘉義,2023-12-18,8459
3081,聯亞,10,0,10,康和-嘉義,2023-12-18,8459
4306,炎洲,10,0,10,康和-嘉義,2023-12-18,8459
6179,亞通,11,1,10,康和-嘉義,2023-12-18,8459
6215,和椿,10,0,10,康和-嘉義,2023-12-18,8459
9962,有益,11,1,10,康和-嘉義,2023-12-18,8459
2344,華邦電,146,0,146,康和-嘉義,2023-12-19,8459
2515,中工,168,24,144,康和-嘉義,2023-12-19,8459
2014,中鴻,305,220,85,康和-嘉義,2023-12-19,8459
1540,喬福,77,0,77,康和-嘉義,2023-12-19,8459
1524,耿鼎,53,1,52,康和-嘉義,2023-12-19,8459
2023,燁輝,66,16,50,康和-嘉義,2023-12-19,8459
3231,緯創,81,36,45,康和-嘉義,2023-12-19,8459
2324,仁寶,152,108,44,康和-嘉義,2023-12-19,8459
2312,金寶,45,5,40,康和-嘉義,2023-12-19,8459
00919,群益台灣精選高息,45,5,40,康和-嘉義,2023-12-19,8459
00882,中信中國高股息,33,0,33,康和-嘉義,2023-12-19,8459
2610,華航,31,1,30,康和-嘉義,2023-12-19,8459
00929,復華台灣科技優息,63,35,28,康和-嘉義,2023-12-19,8459
6136,富爾特,27,0,27,康和-嘉義,2023-12-19,8459
9919,康那香,31,4,27,康和-嘉義,2023-12-19,8459
6275,元山,30,4,26,康和-嘉義,2023-12-19,8459
00688L,國泰20年美債正2,30,5,25,康和-嘉義,2023-12-19,8459
5213,亞昕,25,0,25,康和-嘉義,2023-12-19,8459
6215,和椿,25,0,25,康和-嘉義,2023-12-19,8459
8426,紅木-KY,25,0,25,康和-嘉義,2023-12-19,8459
3052,夆典,25,0,25,康和-嘉義,2023-12-19,8459
6182,合晶,23,0,23,康和-嘉義,2023-12-19,8459
00712,復華富時不動產,35,13,22,康和-嘉義,2023-12-19,8459
00934,中信成長高股息,21,0,21,康和-嘉義,2023-12-19,8459
00706L,期元大S＆P日圓正2,20,0,20,康和-嘉義,2023-12-19,8459
1707,葡萄王,20,0,20,康和-嘉義,2023-12-19,8459
8086,宏捷科,28,8,20,康和-嘉義,2023-12-19,8459
3049,精金,29,10,19,康和-嘉義,2023-12-19,8459
3705,永信,19,0,19,康和-嘉義,2023-12-19,8459
2449,京元電子,19,0,19,康和-嘉義,2023-12-19,8459
6191,精成科,20,2,18,康和-嘉義,2023-12-19,8459
2606,裕民,19,1,18,康和-嘉義,2023-12-19,8459
00751B,元大AAA至A公司債,17,0,17,康和-嘉義,2023-12-19,8459
8112,至上,19,3,16,康和-嘉義,2023-12-19,8459
00637L,元大滬深300正2,515,500,15,康和-嘉義,2023-12-19,8459
1609,大亞,15,0,15,康和-嘉義,2023-12-19,8459
2409,友達,16,2,14,康和-嘉義,2023-12-19,8459
00720B,元大投資級公司債,14,0,14,康和-嘉義,2023-12-19,8459
00715L,期街口布蘭特正2,15,1,14,康和-嘉義,2023-12-19,8459
3706,神達,16,4,12,康和-嘉義,2023-12-19,8459
3402,漢科,14,2,12,康和-嘉義,2023-12-19,8459
6509,聚和,12,0,12,康和-嘉義,2023-12-19,8459
8110,華東,13,1,12,康和-嘉義,2023-12-19,8459
00633L,富邦上証正2,11,0,11,康和-嘉義,2023-12-19,8459
3029,零壹,11,0,11,康和-嘉義,2023-12-19,8459
8215,明基材,11,0,11,康和-嘉義,2023-12-19,8459
3481,群創,10,0,10,康和-嘉義,2023-12-19,8459
2038,海光,20,10,10,康和-嘉義,2023-12-19,8459
2349,錸德,10,0,10,康和-嘉義,2023-12-19,8459
2890,永豐金,10,0,10,康和-嘉義,2023-12-19,8459
00688L,國泰20年美債正2,500,3,497,康和-嘉義,2023-12-20,8459
2888,新光金,100,0,100,康和-嘉義,2023-12-20,8459
8112,至上,96,1,95,康和-嘉義,2023-12-20,8459
00898,國泰基因免疫革命,63,2,61,康和-嘉義,2023-12-20,8459
2609,陽明,263,205,58,康和-嘉義,2023-12-20,8459
2605,新興,51,1,50,康和-嘉義,2023-12-20,8459
3006,晶豪科,51,1,50,康和-嘉義,2023-12-20,8459
5439,高技,44,1,43,康和-嘉義,2023-12-20,8459
5515,建國,41,0,41,康和-嘉義,2023-12-20,8459
1532,勤美,40,0,40,康和-嘉義,2023-12-20,8459
3052,夆典,36,0,36,康和-嘉義,2023-12-20,8459
00933B,國泰10Y+金融債,32,1,31,康和-嘉義,2023-12-20,8459
00882,中信中國高股息,30,0,30,康和-嘉義,2023-12-20,8459
3019,亞光,29,0,29,康和-嘉義,2023-12-20,8459
2408,南亞科,41,12,29,康和-嘉義,2023-12-20,8459
00919,群益台灣精選高息,28,0,28,康和-嘉義,2023-12-20,8459
1605,華新,27,0,27,康和-嘉義,2023-12-20,8459
00687B,國泰20年美債,25,0,25,康和-嘉義,2023-12-20,8459
2891,中信金,24,0,24,康和-嘉義,2023-12-20,8459
2618,長榮航,29,6,23,康和-嘉義,2023-12-20,8459
00885,富邦越南,21,0,21,康和-嘉義,2023-12-20,8459
00679B,元大美債20年,22,2,20,康和-嘉義,2023-12-20,8459
1582,信錦,20,0,20,康和-嘉義,2023-12-20,8459
2025,千興,20,0,20,康和-嘉義,2023-12-20,8459
2329,華泰,21,1,20,康和-嘉義,2023-12-20,8459
6136,富爾特,20,0,20,康和-嘉義,2023-12-20,8459
2425,承啟,20,1,19,康和-嘉義,2023-12-20,8459
3013,晟銘電,20,1,19,康和-嘉義,2023-12-20,8459
2913,農林,28,10,18,康和-嘉義,2023-12-20,8459
2882,國泰金,18,0,18,康和-嘉義,2023-12-20,8459
2543,皇昌,26,8,18,康和-嘉義,2023-12-20,8459
5009,榮剛,18,0,18,康和-嘉義,2023-12-20,8459
2641,正德,21,4,17,康和-嘉義,2023-12-20,8459
2881,富邦金,17,0,17,康和-嘉義,2023-12-20,8459
2387,精元,19,4,15,康和-嘉義,2023-12-20,8459
00929,復華台灣科技優息,17,4,13,康和-嘉義,2023-12-20,8459
2371,大同,72,59,13,康和-嘉義,2023-12-20,8459
8085,福華,34,22,12,康和-嘉義,2023-12-20,8459
3037,欣興,18,6,12,康和-嘉義,2023-12-20,8459
6156,松上,12,0,12,康和-嘉義,2023-12-20,8459
1781,合世,11,0,11,康和-嘉義,2023-12-20,8459
5210,寶碩,11,0,11,康和-嘉義,2023-12-20,8459
6477,安集,17,6,11,康和-嘉義,2023-12-20,8459
3049,精金,10,0,10,康和-嘉義,2023-12-20,8459
1612,宏泰,10,0,10,康和-嘉義,2023-12-20,8459
2355,敬鵬,10,0,10,康和-嘉義,2023-12-20,8459
2809,京城銀,10,0,10,康和-嘉義,2023-12-20,8459
3047,訊舟,10,0,10,康和-嘉義,2023-12-20,8459
4744,皇將,10,0,10,康和-嘉義,2023-12-20,8459
4934,太極,10,0,10,康和-嘉義,2023-12-20,8459
2324,仁寶,394,259,135,康和-嘉義,2023-12-21,8459
2353,宏��,255,144,111,康和-嘉義,2023-12-21,8459
00687B,國泰20年美債,118,10,108,康和-嘉義,2023-12-21,8459
9105,泰金寶-DR,75,0,75,康和-嘉義,2023-12-21,8459
2303,聯電,94,31,63,康和-嘉義,2023-12-21,8459
00929,復華台灣科技優息,52,0,52,康和-嘉義,2023-12-21,8459
2836,高雄銀,50,0,50,康和-嘉義,2023-12-21,8459
2845,遠東銀,50,0,50,康和-嘉義,2023-12-21,8459
00919,群益台灣精選高息,46,3,43,康和-嘉義,2023-12-21,8459
2605,新興,187,145,42,康和-嘉義,2023-12-21,8459
2615,萬海,51,12,39,康和-嘉義,2023-12-21,8459
1449,佳和,38,0,38,康和-嘉義,2023-12-21,8459
1540,喬福,31,0,31,康和-嘉義,2023-12-21,8459
00933B,國泰10Y+金融債,32,1,31,康和-嘉義,2023-12-21,8459
00680L,元大美債20正2,30,1,29,康和-嘉義,2023-12-21,8459
2329,華泰,27,0,27,康和-嘉義,2023-12-21,8459
2883,凱基金,26,1,25,康和-嘉義,2023-12-21,8459
2506,太設,23,0,23,康和-嘉義,2023-12-21,8459
2637,慧洋-KY,87,64,23,康和-嘉義,2023-12-21,8459
8054,安國,94,71,23,康和-嘉義,2023-12-21,8459
00892,富邦台灣半導體,22,0,22,康和-嘉義,2023-12-21,8459
00893,國泰智能電動車,20,0,20,康和-嘉義,2023-12-21,8459
2610,華航,25,5,20,康和-嘉義,2023-12-21,8459
1513,中興電,21,1,20,康和-嘉義,2023-12-21,8459
2365,昆盈,24,7,17,康和-嘉義,2023-12-21,8459
2603,長榮,60,45,15,康和-嘉義,2023-12-21,8459
7402,邑錡,15,0,15,康和-嘉義,2023-12-21,8459
2425,承啟,19,6,13,康和-嘉義,2023-12-21,8459
00671R,富邦NASDAQ反1,12,0,12,康和-嘉義,2023-12-21,8459
2618,長榮航,12,0,12,康和-嘉義,2023-12-21,8459
2331,精英,72,61,11,康和-嘉義,2023-12-21,8459
00888,永豐台灣ESG,11,0,11,康和-嘉義,2023-12-21,8459
2449,京元電子,11,0,11,康和-嘉義,2023-12-21,8459
2323,中環,15,4,11,康和-嘉義,2023-12-21,8459
6770,力積電,10,0,10,康和-嘉義,2023-12-21,8459
2349,錸德,10,0,10,康和-嘉義,2023-12-21,8459
00637L,元大滬深300正2,526,516,10,康和-嘉義,2023-12-21,8459
1536,和大,10,0,10,康和-嘉義,2023-12-21,8459
1569,濱川,10,0,10,康和-嘉義,2023-12-21,8459
1720,生達,10,0,10,康和-嘉義,2023-12-21,8459
2369,菱生,11,1,10,康和-嘉義,2023-12-21,8459
2495,普安,10,0,10,康和-嘉義,2023-12-21,8459
3704,合勤控,10,0,10,康和-嘉義,2023-12-21,8459
4133,亞諾法,10,0,10,康和-嘉義,2023-12-21,8459
1714,和桐,10,0,10,康和-嘉義,2023-12-21,8459
9919,康那香,14,4,10,康和-嘉義,2023-12-21,8459
2330,台積電,12,2,10,康和-嘉義,2023-12-21,8459
2317,鴻海,10,1,9,康和-嘉義,2023-12-21,8459
4174,浩鼎,9,0,9,康和-嘉義,2023-12-21,8459
1781,合世,9,0,9,康和-嘉義,2023-12-21,8459
00665L,富邦�琤肭磪囓�2,200,0,200,康和-嘉義,2023-12-22,8459
5521,工信,198,68,130,康和-嘉義,2023-12-22,8459
2504,國產,129,0,129,康和-嘉義,2023-12-22,8459
2356,英業達,279,151,128,康和-嘉義,2023-12-22,8459
2641,正德,100,4,96,康和-嘉義,2023-12-22,8459
4167,松瑞藥,69,1,68,康和-嘉義,2023-12-22,8459
2515,中工,54,5,49,康和-嘉義,2023-12-22,8459
00720B,元大投資級公司債,49,0,49,康和-嘉義,2023-12-22,8459
3607,谷崧,42,0,42,康和-嘉義,2023-12-22,8459
00715L,期街口布蘭特正2,42,4,38,康和-嘉義,2023-12-22,8459
2303,聯電,62,24,38,康和-嘉義,2023-12-22,8459
6182,合晶,41,3,38,康和-嘉義,2023-12-22,8459
2014,中鴻,67,33,34,康和-嘉義,2023-12-22,8459
2408,南亞科,100,67,33,康和-嘉義,2023-12-22,8459
5009,榮剛,42,11,31,康和-嘉義,2023-12-22,8459
5426,振發,30,0,30,康和-嘉義,2023-12-22,8459
1514,亞力,53,26,27,康和-嘉義,2023-12-22,8459
1326,台化,26,0,26,康和-嘉義,2023-12-22,8459
6136,富爾特,25,0,25,康和-嘉義,2023-12-22,8459
3346,麗清,40,15,25,康和-嘉義,2023-12-22,8459
5213,亞昕,35,11,24,康和-嘉義,2023-12-22,8459
6233,旺玖,35,11,24,康和-嘉義,2023-12-22,8459
2405,輔信,33,10,23,康和-嘉義,2023-12-22,8459
00857B,永豐20年美公債,22,0,22,康和-嘉義,2023-12-22,8459
2353,宏��,75,53,22,康和-嘉義,2023-12-22,8459
2038,海光,21,0,21,康和-嘉義,2023-12-22,8459
00885,富邦越南,20,0,20,康和-嘉義,2023-12-22,8459
00933B,國泰10Y+金融債,18,0,18,康和-嘉義,2023-12-22,8459
00688L,國泰20年美債正2,17,0,17,康和-嘉義,2023-12-22,8459
3483,力致,21,4,17,康和-嘉義,2023-12-22,8459
1101,台泥,15,0,15,康和-嘉義,2023-12-22,8459
2328,廣宇,15,0,15,康和-嘉義,2023-12-22,8459
5512,力麒,14,0,14,康和-嘉義,2023-12-22,8459
00929,復華台灣科技優息,16,3,13,康和-嘉義,2023-12-22,8459
2543,皇昌,40,27,13,康和-嘉義,2023-12-22,8459
2498,宏達電,33,20,13,康和-嘉義,2023-12-22,8459
4967,十銓,17,5,12,康和-嘉義,2023-12-22,8459
2401,凌陽,22,10,12,康和-嘉義,2023-12-22,8459
8046,南電,20,9,11,康和-嘉義,2023-12-22,8459
1723,中碳,11,0,11,康和-嘉義,2023-12-22,8459
00772B,中信高評級公司債,11,0,11,康和-嘉義,2023-12-22,8459
00751B,元大AAA至A公司債,11,0,11,康和-嘉義,2023-12-22,8459
2314,台揚,11,0,11,康和-嘉義,2023-12-22,8459
2516,新建,33,22,11,康和-嘉義,2023-12-22,8459
2601,益航,20,10,10,康和-嘉義,2023-12-22,8459
2612,中航,10,0,10,康和-嘉義,2023-12-22,8459
1714,和桐,10,0,10,康和-嘉義,2023-12-22,8459
00931B,統一美債20年,10,0,10,康和-嘉義,2023-12-22,8459
1815,富喬,11,1,10,康和-嘉義,2023-12-22,8459
2801,彰銀,10,0,10,康和-嘉義,2023-12-22,8459
2641,正德,100,1,99,康和-嘉義,2023-12-25,8459
2014,中鴻,132,36,96,康和-嘉義,2023-12-25,8459
2606,裕民,95,1,94,康和-嘉義,2023-12-25,8459
3325,旭品,97,7,90,康和-嘉義,2023-12-25,8459
1540,喬福,82,0,82,康和-嘉義,2023-12-25,8459
2356,英業達,317,236,81,康和-嘉義,2023-12-25,8459
2605,新興,130,78,52,康和-嘉義,2023-12-25,8459
6182,合晶,46,0,46,康和-嘉義,2023-12-25,8459
00680L,元大美債20正2,45,1,44,康和-嘉義,2023-12-25,8459
00919,群益台灣精選高息,43,0,43,康和-嘉義,2023-12-25,8459
3231,緯創,152,113,39,康和-嘉義,2023-12-25,8459
2612,中航,38,0,38,康和-嘉義,2023-12-25,8459
3481,群創,120,83,37,康和-嘉義,2023-12-25,8459
4714,永捷,33,0,33,康和-嘉義,2023-12-25,8459
2408,南亞科,35,4,31,康和-嘉義,2023-12-25,8459
2506,太設,37,7,30,康和-嘉義,2023-12-25,8459
8112,至上,28,1,27,康和-嘉義,2023-12-25,8459
3005,神基,49,23,26,康和-嘉義,2023-12-25,8459
2007,燁興,24,0,24,康和-嘉義,2023-12-25,8459
2313,華通,28,6,22,康和-嘉義,2023-12-25,8459
2421,建準,49,28,21,康和-嘉義,2023-12-25,8459
5213,亞昕,30,13,17,康和-嘉義,2023-12-25,8459
00687B,國泰20年美債,16,0,16,康和-嘉義,2023-12-25,8459
3712,永崴投控,16,0,16,康和-嘉義,2023-12-25,8459
2888,新光金,14,0,14,康和-嘉義,2023-12-25,8459
1711,永光,13,0,13,康和-嘉義,2023-12-25,8459
00720B,元大投資級公司債,13,0,13,康和-嘉義,2023-12-25,8459
2515,中工,135,122,13,康和-嘉義,2023-12-25,8459
8277,商丞,15,2,13,康和-嘉義,2023-12-25,8459
1444,力麗,12,0,12,康和-嘉義,2023-12-25,8459
1605,華新,26,14,12,康和-嘉義,2023-12-25,8459
2460,建通,11,0,11,康和-嘉義,2023-12-25,8459
3029,零壹,11,0,11,康和-嘉義,2023-12-25,8459
1714,和桐,10,0,10,康和-嘉義,2023-12-25,8459
00712,復華富時不動產,10,0,10,康和-嘉義,2023-12-25,8459
00882,中信中國高股息,10,0,10,康和-嘉義,2023-12-25,8459
5512,力麒,20,10,10,康和-嘉義,2023-12-25,8459
6136,富爾特,10,0,10,康和-嘉義,2023-12-25,8459
6219,富旺,10,0,10,康和-嘉義,2023-12-25,8459
6645,金萬林-創,10,0,10,康和-嘉義,2023-12-25,8459
6237,驊訊,27,18,9,康和-嘉義,2023-12-25,8459
2303,聯電,22,13,9,康和-嘉義,2023-12-25,8459
6139,亞翔,19,11,8,康和-嘉義,2023-12-25,8459
6215,和椿,8,0,8,康和-嘉義,2023-12-25,8459
6248,沛波,8,0,8,康和-嘉義,2023-12-25,8459
5009,榮剛,10,2,8,康和-嘉義,2023-12-25,8459
3211,順達,7,0,7,康和-嘉義,2023-12-25,8459
00857B,永豐20年美公債,7,0,7,康和-嘉義,2023-12-25,8459
3013,晟銘電,32,25,7,康和-嘉義,2023-12-25,8459
3152,璟德,9,2,7,康和-嘉義,2023-12-25,8459
2324,仁寶,340,228,112,康和-嘉義,2023-12-26,8459
2605,新興,67,5,62,康和-嘉義,2023-12-26,8459
1605,華新,69,19,50,康和-嘉義,2023-12-26,8459
4114,健喬,50,0,50,康和-嘉義,2023-12-26,8459
00632R,元大台灣50反1,48,0,48,康和-嘉義,2023-12-26,8459
2897,王道銀行,45,0,45,康和-嘉義,2023-12-26,8459
2303,聯電,169,126,43,康和-嘉義,2023-12-26,8459
2323,中環,42,2,40,康和-嘉義,2023-12-26,8459
3530,晶相光,27,3,24,康和-嘉義,2023-12-26,8459
2009,第一銅,22,0,22,康和-嘉義,2023-12-26,8459
2359,所羅門,22,0,22,康和-嘉義,2023-12-26,8459
2612,中航,20,0,20,康和-嘉義,2023-12-26,8459
2515,中工,34,14,20,康和-嘉義,2023-12-26,8459
00885,富邦越南,20,1,19,康和-嘉義,2023-12-26,8459
00919,群益台灣精選高息,19,1,18,康和-嘉義,2023-12-26,8459
00937B,群益ESG投等債20,16,0,16,康和-嘉義,2023-12-26,8459
00929,復華台灣科技優息,27,11,16,康和-嘉義,2023-12-26,8459
2618,長榮航,17,2,15,康和-嘉義,2023-12-26,8459
2607,榮運,18,3,15,康和-嘉義,2023-12-26,8459
00687B,國泰20年美債,17,3,14,康和-嘉義,2023-12-26,8459
2745,五福,13,0,13,康和-嘉義,2023-12-26,8459
8105,凌巨,11,0,11,康和-嘉義,2023-12-26,8459
8110,華東,10,0,10,康和-嘉義,2023-12-26,8459
00706L,期元大S＆P日圓正2,10,0,10,康和-嘉義,2023-12-26,8459
00637L,元大滬深300正2,810,800,10,康和-嘉義,2023-12-26,8459
3019,亞光,11,1,10,康和-嘉義,2023-12-26,8459
4960,誠美材,10,0,10,康和-嘉義,2023-12-26,8459
5608,四維航,17,7,10,康和-嘉義,2023-12-26,8459
8039,台虹,21,11,10,康和-嘉義,2023-12-26,8459
5009,榮剛,22,13,9,康和-嘉義,2023-12-26,8459
3027,盛達,8,0,8,康和-嘉義,2023-12-26,8459
3372,典範,7,0,7,康和-嘉義,2023-12-26,8459
6282,康舒,7,0,7,康和-嘉義,2023-12-26,8459
8210,勤誠,7,0,7,康和-嘉義,2023-12-26,8459
1540,喬福,6,0,6,康和-嘉義,2023-12-26,8459
2543,皇昌,8,2,6,康和-嘉義,2023-12-26,8459
3322,建舜電,6,0,6,康和-嘉義,2023-12-26,8459
5512,力麒,6,0,6,康和-嘉義,2023-12-26,8459
6187,萬潤,9,3,6,康和-嘉義,2023-12-26,8459
6215,和椿,6,0,6,康和-嘉義,2023-12-26,8459
6534,正瀚-創,6,0,6,康和-嘉義,2023-12-26,8459
2038,海光,12,7,5,康和-嘉義,2023-12-26,8459
1102,亞泥,5,0,5,康和-嘉義,2023-12-26,8459
1319,東陽,5,0,5,康和-嘉義,2023-12-26,8459
1616,億泰,5,0,5,康和-嘉義,2023-12-26,8459
2020,美亞,5,0,5,康和-嘉義,2023-12-26,8459
2314,台揚,5,0,5,康和-嘉義,2023-12-26,8459
2460,建通,5,0,5,康和-嘉義,2023-12-26,8459
3576,聯合再生,5,0,5,康和-嘉義,2023-12-26,8459
4167,松瑞藥,20,15,5,康和-嘉義,2023-12-26,8459
00688L,國泰20年美債正2,511,0,511,康和-嘉義,2023-12-27,8459
00937B,群益ESG投等債20,252,0,252,康和-嘉義,2023-12-27,8459
00687B,國泰20年美債,216,0,216,康和-嘉義,2023-12-27,8459
2353,宏��,484,332,152,康和-嘉義,2023-12-27,8459
2303,聯電,769,629,140,康和-嘉義,2023-12-27,8459
00933B,國泰10Y+金融債,125,1,124,康和-嘉義,2023-12-27,8459
00936,台新永續高息中小,100,0,100,康和-嘉義,2023-12-27,8459
00632R,元大台灣50反1,161,67,94,康和-嘉義,2023-12-27,8459
2344,華邦電,214,138,76,康和-嘉義,2023-12-27,8459
00919,群益台灣精選高息,69,11,58,康和-嘉義,2023-12-27,8459
2606,裕民,73,25,48,康和-嘉義,2023-12-27,8459
3481,群創,169,125,44,康和-嘉義,2023-12-27,8459
2609,陽明,245,204,41,康和-嘉義,2023-12-27,8459
00878,國泰永續高股息,53,19,34,康和-嘉義,2023-12-27,8459
00665L,富邦�琤肭磪囓�2,26,0,26,康和-嘉義,2023-12-27,8459
5347,世界,29,3,26,康和-嘉義,2023-12-27,8459
6695,芯鼎,213,191,22,康和-嘉義,2023-12-27,8459
2915,潤泰全,22,0,22,康和-嘉義,2023-12-27,8459
1582,信錦,23,4,19,康和-嘉義,2023-12-27,8459
2515,中工,18,1,17,康和-嘉義,2023-12-27,8459
6411,晶焱,17,0,17,康和-嘉義,2023-12-27,8459
0056,元大高股息,32,16,16,康和-嘉義,2023-12-27,8459
2329,華泰,17,1,16,康和-嘉義,2023-12-27,8459
3041,揚智,20,4,16,康和-嘉義,2023-12-27,8459
2618,長榮航,15,0,15,康和-嘉義,2023-12-27,8459
1560,中砂,17,3,14,康和-嘉義,2023-12-27,8459
5425,台半,16,3,13,康和-嘉義,2023-12-27,8459
2427,三商電,11,0,11,康和-嘉義,2023-12-27,8459
3032,偉訓,11,0,11,康和-嘉義,2023-12-27,8459
3092,鴻碩,11,0,11,康和-嘉義,2023-12-27,8459
3211,順達,12,1,11,康和-嘉義,2023-12-27,8459
00931B,統一美債20年,11,0,11,康和-嘉義,2023-12-27,8459
2374,佳能,10,0,10,康和-嘉義,2023-12-27,8459
5210,寶碩,10,0,10,康和-嘉義,2023-12-27,8459
6182,合晶,10,0,10,康和-嘉義,2023-12-27,8459
9105,泰金寶-DR,10,0,10,康和-嘉義,2023-12-27,8459
3231,緯創,16,7,9,康和-嘉義,2023-12-27,8459
5426,振發,9,0,9,康和-嘉義,2023-12-27,8459
6625,必應,9,0,9,康和-嘉義,2023-12-27,8459
1591,駿吉-KY,8,0,8,康和-嘉義,2023-12-27,8459
8110,華東,10,2,8,康和-嘉義,2023-12-27,8459
3346,麗清,8,1,7,康和-嘉義,2023-12-27,8459
5483,中美晶,8,1,7,康和-嘉義,2023-12-27,8459
00772B,中信高評級公司債,7,0,7,康和-嘉義,2023-12-27,8459
2331,精英,8,1,7,康和-嘉義,2023-12-27,8459
2634,漢翔,12,5,7,康和-嘉義,2023-12-27,8459
3265,台星科,11,4,7,康和-嘉義,2023-12-27,8459
5227,立凱-KY,7,0,7,康和-嘉義,2023-12-27,8459
6538,倉和,12,5,7,康和-嘉義,2023-12-27,8459
3376,新日興,11,4,7,康和-嘉義,2023-12-27,8459
2303,聯電,557,461,96,康和-嘉義,2023-12-28,8459
2324,仁寶,182,90,92,康和-嘉義,2023-12-28,8459
2606,裕民,68,1,67,康和-嘉義,2023-12-28,8459
2409,友達,71,5,66,康和-嘉義,2023-12-28,8459
2353,宏��,573,520,53,康和-嘉義,2023-12-28,8459
00937B,群益ESG投等債20,52,0,52,康和-嘉義,2023-12-28,8459
2408,南亞科,125,81,44,康和-嘉義,2023-12-28,8459
2313,華通,40,5,35,康和-嘉義,2023-12-28,8459
2356,英業達,178,145,33,康和-嘉義,2023-12-28,8459
3706,神達,239,209,30,康和-嘉義,2023-12-28,8459
3078,僑威,30,4,26,康和-嘉義,2023-12-28,8459
2882,國泰金,30,5,25,康和-嘉義,2023-12-28,8459
4979,華星光,21,1,20,康和-嘉義,2023-12-28,8459
5210,寶碩,37,17,20,康和-嘉義,2023-12-28,8459
8112,至上,29,9,20,康和-嘉義,2023-12-28,8459
6182,合晶,18,0,18,康和-嘉義,2023-12-28,8459
00919,群益台灣精選高息,17,0,17,康和-嘉義,2023-12-28,8459
2883,凱基金,17,1,16,康和-嘉義,2023-12-28,8459
8936,國統,22,6,16,康和-嘉義,2023-12-28,8459
8096,擎亞,131,115,16,康和-嘉義,2023-12-28,8459
00712,復華富時不動產,14,0,14,康和-嘉義,2023-12-28,8459
00931B,統一美債20年,11,0,11,康和-嘉義,2023-12-28,8459
1514,亞力,69,59,10,康和-嘉義,2023-12-28,8459
2038,海光,11,1,10,康和-嘉義,2023-12-28,8459
00915,凱基優選高股息30,10,0,10,康和-嘉義,2023-12-28,8459
2204,中華,10,0,10,康和-嘉義,2023-12-28,8459
2401,凌陽,16,6,10,康和-嘉義,2023-12-28,8459
3694,海華,10,0,10,康和-嘉義,2023-12-28,8459
6281,全國電,10,0,10,康和-嘉義,2023-12-28,8459
6733,博晟生醫,10,0,10,康和-嘉義,2023-12-28,8459
8054,安國,10,0,10,康和-嘉義,2023-12-28,8459
2365,昆盈,12,2,10,康和-嘉義,2023-12-28,8459
1101,台泥,10,1,9,康和-嘉義,2023-12-28,8459
2443,昶虹,10,1,9,康和-嘉義,2023-12-28,8459
2615,萬海,14,5,9,康和-嘉義,2023-12-28,8459
6189,豐藝,9,0,9,康和-嘉義,2023-12-28,8459
1707,葡萄王,8,0,8,康和-嘉義,2023-12-28,8459
00918,大華優利高填息30,8,0,8,康和-嘉義,2023-12-28,8459
2402,毅嘉,8,0,8,康和-嘉義,2023-12-28,8459
3035,智原,14,6,8,康和-嘉義,2023-12-28,8459
3305,昇貿,8,0,8,康和-嘉義,2023-12-28,8459
6546,正基,8,0,8,康和-嘉義,2023-12-28,8459
00633L,富邦上証正2,7,0,7,康和-嘉義,2023-12-28,8459
2201,裕隆,9,2,7,康和-嘉義,2023-12-28,8459
2359,所羅門,8,1,7,康和-嘉義,2023-12-28,8459
00715L,期街口布蘭特正2,6,0,6,康和-嘉義,2023-12-28,8459
2208,台船,6,0,6,康和-嘉義,2023-12-28,8459
2405,輔信,19,13,6,康和-嘉義,2023-12-28,8459
2739,寒舍,6,0,6,康和-嘉義,2023-12-28,8459
3702,大聯大,6,0,6,康和-嘉義,2023-12-28,8459
00688L,國泰20年美債正2,1252,0,1252,康和-嘉義,2023-12-29,8459
00715L,期街口布蘭特正2,1084,45,1039,康和-嘉義,2023-12-29,8459
00937B,群益ESG投等債20,223,0,223,康和-嘉義,2023-12-29,8459
1609,大亞,122,2,120,康和-嘉義,2023-12-29,8459
3260,威剛,102,30,72,康和-嘉義,2023-12-29,8459
2897,王道銀行,50,0,50,康和-嘉義,2023-12-29,8459
3006,晶豪科,78,31,47,康和-嘉義,2023-12-29,8459
2888,新光金,42,0,42,康和-嘉義,2023-12-29,8459
2913,農林,35,0,35,康和-嘉義,2023-12-29,8459
6016,康和證,35,0,35,康和-嘉義,2023-12-29,8459
2405,輔信,44,10,34,康和-嘉義,2023-12-29,8459
2312,金寶,51,18,33,康和-嘉義,2023-12-29,8459
00933B,國泰10Y+金融債,29,0,29,康和-嘉義,2023-12-29,8459
00679B,元大美債20年,25,0,25,康和-嘉義,2023-12-29,8459
1605,華新,87,64,23,康和-嘉義,2023-12-29,8459
3402,漢科,25,2,23,康和-嘉義,2023-12-29,8459
00712,復華富時不動產,23,1,22,康和-嘉義,2023-12-29,8459
1532,勤美,20,0,20,康和-嘉義,2023-12-29,8459
3630,新鉅科,25,5,20,康和-嘉義,2023-12-29,8459
6538,倉和,20,0,20,康和-嘉義,2023-12-29,8459
2362,藍天,21,3,18,康和-嘉義,2023-12-29,8459
2353,宏��,247,229,18,康和-嘉義,2023-12-29,8459
2329,華泰,18,1,17,康和-嘉義,2023-12-29,8459
2363,矽統,23,7,16,康和-嘉義,2023-12-29,8459
00664R,國泰臺灣加權反1,13,0,13,康和-嘉義,2023-12-29,8459
00929,復華台灣科技優息,13,0,13,康和-嘉義,2023-12-29,8459
3264,欣銓,13,0,13,康和-嘉義,2023-12-29,8459
5210,寶碩,14,1,13,康和-嘉義,2023-12-29,8459
2038,海光,12,0,12,康和-嘉義,2023-12-29,8459
3607,谷崧,12,0,12,康和-嘉義,2023-12-29,8459
3450,聯鈞,17,6,11,康和-嘉義,2023-12-29,8459
00919,群益台灣精選高息,10,0,10,康和-嘉義,2023-12-29,8459
00923,群益台ESG低碳50,10,0,10,康和-嘉義,2023-12-29,8459
2328,廣宇,10,0,10,康和-嘉義,2023-12-29,8459
5521,工信,35,25,10,康和-嘉義,2023-12-29,8459
6176,瑞儀,10,0,10,康和-嘉義,2023-12-29,8459
8930,青鋼,10,0,10,康和-嘉義,2023-12-29,8459
2609,陽明,53,44,9,康和-嘉義,2023-12-29,8459
2324,仁寶,99,90,9,康和-嘉義,2023-12-29,8459
8477,創業家,10,1,9,康和-嘉義,2023-12-29,8459
2618,長榮航,29,20,9,康和-嘉義,2023-12-29,8459
2834,臺企銀,10,2,8,康和-嘉義,2023-12-29,8459
2887,台新金,8,0,8,康和-嘉義,2023-12-29,8459
00720B,元大投資級公司債,6,0,6,康和-嘉義,2023-12-29,8459
1504,東元,8,2,6,康和-嘉義,2023-12-29,8459
2313,華通,11,5,6,康和-嘉義,2023-12-29,8459
2465,麗臺,6,0,6,康和-嘉義,2023-12-29,8459
2480,敦陽科,6,0,6,康和-嘉義,2023-12-29,8459
2610,華航,7,1,6,康和-嘉義,2023-12-29,8459
3122,笙泉,6,0,6,康和-嘉義,2023-12-29,8459
1609,大亞,444,3,441,康和-嘉義,2024-01-02,8459
00632R,元大台灣50反1,92,3,89,康和-嘉義,2024-01-02,8459
00679B,元大美債20年,82,0,82,康和-嘉義,2024-01-02,8459
00687B,國泰20年美債,74,2,72,康和-嘉義,2024-01-02,8459
3231,緯創,117,48,69,康和-嘉義,2024-01-02,8459
00929,復華台灣科技優息,68,0,68,康和-嘉義,2024-01-02,8459
00934,中信成長高股息,61,0,61,康和-嘉義,2024-01-02,8459
2610,華航,136,75,61,康和-嘉義,2024-01-02,8459
00937B,群益ESG投等債20,60,0,60,康和-嘉義,2024-01-02,8459
00919,群益台灣精選高息,52,3,49,康和-嘉義,2024-01-02,8459
2637,慧洋-KY,35,0,35,康和-嘉義,2024-01-02,8459
2344,華邦電,100,66,34,康和-嘉義,2024-01-02,8459
2609,陽明,237,204,33,康和-嘉義,2024-01-02,8459
4939,亞電,32,3,29,康和-嘉義,2024-01-02,8459
1540,喬福,27,0,27,康和-嘉義,2024-01-02,8459
3346,麗清,30,3,27,康和-嘉義,2024-01-02,8459
00712,復華富時不動產,43,17,26,康和-嘉義,2024-01-02,8459
3006,晶豪科,34,11,23,康和-嘉義,2024-01-02,8459
00933B,國泰10Y+金融債,22,0,22,康和-嘉義,2024-01-02,8459
1806,冠軍,22,0,22,康和-嘉義,2024-01-02,8459
3037,欣興,29,9,20,康和-嘉義,2024-01-02,8459
00688L,國泰20年美債正2,20,0,20,康和-嘉義,2024-01-02,8459
1701,中化,20,0,20,康和-嘉義,2024-01-02,8459
5603,陸海,20,0,20,康和-嘉義,2024-01-02,8459
6176,瑞儀,30,11,19,康和-嘉義,2024-01-02,8459
5425,台半,20,2,18,康和-嘉義,2024-01-02,8459
00918,大華優利高填息30,17,0,17,康和-嘉義,2024-01-02,8459
00720B,元大投資級公司債,18,2,16,康和-嘉義,2024-01-02,8459
00857B,永豐20年美公債,14,0,14,康和-嘉義,2024-01-02,8459
3325,旭品,13,0,13,康和-嘉義,2024-01-02,8459
8054,安國,24,12,12,康和-嘉義,2024-01-02,8459
5426,振發,14,3,11,康和-嘉義,2024-01-02,8459
00891,中信關鍵半導體,10,0,10,康和-嘉義,2024-01-02,8459
2387,精元,10,0,10,康和-嘉義,2024-01-02,8459
2634,漢翔,16,6,10,康和-嘉義,2024-01-02,8459
6274,台燿,10,0,10,康和-嘉義,2024-01-02,8459
2382,廣達,13,4,9,康和-嘉義,2024-01-02,8459
1727,中華化,9,0,9,康和-嘉義,2024-01-02,8459
3260,威剛,20,12,8,康和-嘉義,2024-01-02,8459
2017,官田鋼,8,0,8,康和-嘉義,2024-01-02,8459
2883,凱基金,28,20,8,康和-嘉義,2024-01-02,8459
00637L,元大滬深300正2,8,0,8,康和-嘉義,2024-01-02,8459
2352,佳世達,10,2,8,康和-嘉義,2024-01-02,8459
3504,揚明光,13,5,8,康和-嘉義,2024-01-02,8459
6155,鈞寶,8,0,8,康和-嘉義,2024-01-02,8459
5213,亞昕,15,8,7,康和-嘉義,2024-01-02,8459
3265,台星科,7,0,7,康和-嘉義,2024-01-02,8459
5225,東科-KY,7,0,7,康和-嘉義,2024-01-02,8459
6016,康和證,7,0,7,康和-嘉義,2024-01-02,8459
6122,擎邦,23,17,6,康和-嘉義,2024-01-02,8459
00688L,國泰20年美債正2,822,0,822,康和-嘉義,2024-01-03,8459
00929,復華台灣科技優息,199,9,190,康和-嘉義,2024-01-03,8459
2344,華邦電,130,40,90,康和-嘉義,2024-01-03,8459
1444,力麗,60,0,60,康和-嘉義,2024-01-03,8459
00892,富邦台灣半導體,57,0,57,康和-嘉義,2024-01-03,8459
2303,聯電,57,1,56,康和-嘉義,2024-01-03,8459
3402,漢科,84,29,55,康和-嘉義,2024-01-03,8459
2618,長榮航,84,30,54,康和-嘉義,2024-01-03,8459
00919,群益台灣精選高息,52,0,52,康和-嘉義,2024-01-03,8459
2881,富邦金,51,0,51,康和-嘉義,2024-01-03,8459
00715L,期街口布蘭特正2,68,20,48,康和-嘉義,2024-01-03,8459
2408,南亞科,46,1,45,康和-嘉義,2024-01-03,8459
2330,台積電,43,5,38,康和-嘉義,2024-01-03,8459
2362,藍天,108,72,36,康和-嘉義,2024-01-03,8459
2324,仁寶,57,22,35,康和-嘉義,2024-01-03,8459
2883,凱基金,31,0,31,康和-嘉義,2024-01-03,8459
00915,凱基優選高股息30,28,0,28,康和-嘉義,2024-01-03,8459
2845,遠東銀,26,0,26,康和-嘉義,2024-01-03,8459
00934,中信成長高股息,27,1,26,康和-嘉義,2024-01-03,8459
3037,欣興,30,4,26,康和-嘉義,2024-01-03,8459
2208,台船,25,0,25,康和-嘉義,2024-01-03,8459
00937B,群益ESG投等債20,24,0,24,康和-嘉義,2024-01-03,8459
1540,喬福,24,0,24,康和-嘉義,2024-01-03,8459
4167,松瑞藥,27,3,24,康和-嘉義,2024-01-03,8459
2353,宏��,126,103,23,康和-嘉義,2024-01-03,8459
5426,振發,23,0,23,康和-嘉義,2024-01-03,8459
2367,燿華,22,0,22,康和-嘉義,2024-01-03,8459
9945,潤泰新,30,8,22,康和-嘉義,2024-01-03,8459
00712,復華富時不動產,21,0,21,康和-嘉義,2024-01-03,8459
00893,國泰智能電動車,20,0,20,康和-嘉義,2024-01-03,8459
3005,神基,23,3,20,康和-嘉義,2024-01-03,8459
4714,永捷,20,0,20,康和-嘉義,2024-01-03,8459
2357,華碩,24,7,17,康和-嘉義,2024-01-03,8459
00687B,國泰20年美債,26,10,16,康和-嘉義,2024-01-03,8459
3588,通嘉,19,4,15,康和-嘉義,2024-01-03,8459
00922,國泰台灣領袖50,13,0,13,康和-嘉義,2024-01-03,8459
1905,華紙,24,11,13,康和-嘉義,2024-01-03,8459
2340,台亞,13,0,13,康和-嘉義,2024-01-03,8459
5425,台半,12,0,12,康和-嘉義,2024-01-03,8459
5521,工信,31,19,12,康和-嘉義,2024-01-03,8459
00891,中信關鍵半導體,11,0,11,康和-嘉義,2024-01-03,8459
1513,中興電,12,1,11,康和-嘉義,2024-01-03,8459
2891,中信金,11,0,11,康和-嘉義,2024-01-03,8459
2393,億光,11,0,11,康和-嘉義,2024-01-03,8459
8086,宏捷科,12,1,11,康和-嘉義,2024-01-03,8459
6770,力積電,16,6,10,康和-嘉義,2024-01-03,8459
1605,華新,12,2,10,康和-嘉義,2024-01-03,8459
2008,高興昌,10,0,10,康和-嘉義,2024-01-03,8459
3363,上詮,10,0,10,康和-嘉義,2024-01-03,8459
4123,晟德,10,0,10,康和-嘉義,2024-01-03,8459
00637L,元大滬深300正2,731,12,719,康和-嘉義,2024-01-04,8459
2883,凱基金,451,29,422,康和-嘉義,2024-01-04,8459
2331,精英,103,0,103,康和-嘉義,2024-01-04,8459
2014,中鴻,162,60,102,康和-嘉義,2024-01-04,8459
00929,復華台灣科技優息,82,8,74,康和-嘉義,2024-01-04,8459
2009,第一銅,55,4,51,康和-嘉義,2024-01-04,8459
00927,群益半導體收益,50,0,50,康和-嘉義,2024-01-04,8459
8936,國統,42,0,42,康和-嘉義,2024-01-04,8459
2506,太設,40,0,40,康和-嘉義,2024-01-04,8459
00712,復華富時不動產,47,12,35,康和-嘉義,2024-01-04,8459
3402,漢科,32,4,28,康和-嘉義,2024-01-04,8459
00680L,元大美債20正2,27,0,27,康和-嘉義,2024-01-04,8459
2419,仲琦,26,1,25,康和-嘉義,2024-01-04,8459
00937B,群益ESG投等債20,24,0,24,康和-嘉義,2024-01-04,8459
2303,聯電,24,1,23,康和-嘉義,2024-01-04,8459
5603,陸海,23,1,22,康和-嘉義,2024-01-04,8459
8046,南電,23,2,21,康和-嘉義,2024-01-04,8459
00933B,國泰10Y+金融債,21,0,21,康和-嘉義,2024-01-04,8459
3260,威剛,41,21,20,康和-嘉義,2024-01-04,8459
00931B,統一美債20年,20,0,20,康和-嘉義,2024-01-04,8459
2845,遠東銀,20,0,20,康和-嘉義,2024-01-04,8459
3162,精確,20,0,20,康和-嘉義,2024-01-04,8459
1513,中興電,20,1,19,康和-嘉義,2024-01-04,8459
2485,兆赫,17,0,17,康和-嘉義,2024-01-04,8459
9945,潤泰新,16,0,16,康和-嘉義,2024-01-04,8459
00772B,中信高評級公司債,15,0,15,康和-嘉義,2024-01-04,8459
3325,旭品,16,1,15,康和-嘉義,2024-01-04,8459
6215,和椿,14,0,14,康和-嘉義,2024-01-04,8459
1540,喬福,13,0,13,康和-嘉義,2024-01-04,8459
3706,神達,18,5,13,康和-嘉義,2024-01-04,8459
9103,美德醫療-DR,13,0,13,康和-嘉義,2024-01-04,8459
3033,威健,14,1,13,康和-嘉義,2024-01-04,8459
2601,益航,31,19,12,康和-嘉義,2024-01-04,8459
3163,波若威,12,0,12,康和-嘉義,2024-01-04,8459
00720B,元大投資級公司債,11,0,11,康和-嘉義,2024-01-04,8459
00706L,期元大S＆P日圓正2,11,0,11,康和-嘉義,2024-01-04,8459
6416,瑞祺電通,18,7,11,康和-嘉義,2024-01-04,8459
2455,全新,12,2,10,康和-嘉義,2024-01-04,8459
2357,華碩,13,3,10,康和-嘉義,2024-01-04,8459
4157,太景*-KY,10,0,10,康和-嘉義,2024-01-04,8459
6112,邁達特,10,0,10,康和-嘉義,2024-01-04,8459
2401,凌陽,21,12,9,康和-嘉義,2024-01-04,8459
2745,五福,9,0,9,康和-嘉義,2024-01-04,8459
2515,中工,8,0,8,康和-嘉義,2024-01-04,8459
2362,藍天,22,14,8,康和-嘉義,2024-01-04,8459
1612,宏泰,9,1,8,康和-嘉義,2024-01-04,8459
2637,慧洋-KY,10,2,8,康和-嘉義,2024-01-04,8459
6016,康和證,8,0,8,康和-嘉義,2024-01-04,8459
8210,勤誠,15,7,8,康和-嘉義,2024-01-04,8459
00687B,國泰20年美債,17,10,7,康和-嘉義,2024-01-04,8459
00715L,期街口布蘭特正2,562,12,550,康和-嘉義,2024-01-05,8459
8096,擎亞,81,18,63,康和-嘉義,2024-01-05,8459
00929,復華台灣科技優息,69,12,57,康和-嘉義,2024-01-05,8459
2323,中環,49,2,47,康和-嘉義,2024-01-05,8459
00919,群益台灣精選高息,43,0,43,康和-嘉義,2024-01-05,8459
3390,旭軟,45,3,42,康和-嘉義,2024-01-05,8459
00680L,元大美債20正2,34,0,34,康和-嘉義,2024-01-05,8459
3231,緯創,46,13,33,康和-嘉義,2024-01-05,8459
6695,芯鼎,44,11,33,康和-嘉義,2024-01-05,8459
00687B,國泰20年美債,34,2,32,康和-嘉義,2024-01-05,8459
2405,輔信,36,5,31,康和-嘉義,2024-01-05,8459
2020,美亞,30,0,30,康和-嘉義,2024-01-05,8459
2303,聯電,43,14,29,康和-嘉義,2024-01-05,8459
2617,台航,32,6,26,康和-嘉義,2024-01-05,8459
6176,瑞儀,23,0,23,康和-嘉義,2024-01-05,8459
2605,新興,31,10,21,康和-嘉義,2024-01-05,8459
1727,中華化,20,0,20,康和-嘉義,2024-01-05,8459
1312,國喬,20,2,18,康和-嘉義,2024-01-05,8459
6161,捷波,16,0,16,康和-嘉義,2024-01-05,8459
6215,和椿,16,0,16,康和-嘉義,2024-01-05,8459
00712,復華富時不動產,22,8,14,康和-嘉義,2024-01-05,8459
00720B,元大投資級公司債,12,0,12,康和-嘉義,2024-01-05,8459
00931B,統一美債20年,17,5,12,康和-嘉義,2024-01-05,8459
00937B,群益ESG投等債20,21,9,12,康和-嘉義,2024-01-05,8459
2421,建準,15,4,11,康和-嘉義,2024-01-05,8459
3037,欣興,13,3,10,康和-嘉義,2024-01-05,8459
00933B,國泰10Y+金融債,10,0,10,康和-嘉義,2024-01-05,8459
00690,兆豐藍籌30,10,0,10,康和-嘉義,2024-01-05,8459
00751B,元大AAA至A公司債,10,0,10,康和-嘉義,2024-01-05,8459
1707,葡萄王,10,0,10,康和-嘉義,2024-01-05,8459
2358,廷鑫,12,2,10,康和-嘉義,2024-01-05,8459
2401,凌陽,10,0,10,康和-嘉義,2024-01-05,8459
2606,裕民,15,5,10,康和-嘉義,2024-01-05,8459
8249,菱光,10,0,10,康和-嘉義,2024-01-05,8459
00772B,中信高評級公司債,9,0,9,康和-嘉義,2024-01-05,8459
2486,一詮,11,2,9,康和-嘉義,2024-01-05,8459
2611,志信,12,3,9,康和-嘉義,2024-01-05,8459
6276,安鈦克,9,0,9,康和-嘉義,2024-01-05,8459
2344,華邦電,81,73,8,康和-嘉義,2024-01-05,8459
1442,名軒,8,0,8,康和-嘉義,2024-01-05,8459
2324,仁寶,36,28,8,康和-嘉義,2024-01-05,8459
3312,弘憶股,10,2,8,康和-嘉義,2024-01-05,8459
2027,大成鋼,10,2,8,康和-嘉義,2024-01-05,8459
00927,群益半導體收益,7,0,7,康和-嘉義,2024-01-05,8459
2382,廣達,13,6,7,康和-嘉義,2024-01-05,8459
6645,金萬林-創,7,0,7,康和-嘉義,2024-01-05,8459
00706L,期元大S＆P日圓正2,6,0,6,康和-嘉義,2024-01-05,8459
1504,東元,8,2,6,康和-嘉義,2024-01-05,8459
1605,華新,6,0,6,康和-嘉義,2024-01-05,8459
6288,聯嘉,6,0,6,康和-嘉義,2024-01-05,8459
00637L,元大滬深300正2,2327,0,2327,康和-嘉義,2024-01-08,8459
3481,群創,653,267,386,康和-嘉義,2024-01-08,8459
00688L,國泰20年美債正2,372,0,372,康和-嘉義,2024-01-08,8459
2303,聯電,112,11,101,康和-嘉義,2024-01-08,8459
3325,旭品,43,0,43,康和-嘉義,2024-01-08,8459
00929,復華台灣科技優息,41,3,38,康和-嘉義,2024-01-08,8459
2353,宏��,259,222,37,康和-嘉義,2024-01-08,8459
00927,群益半導體收益,31,0,31,康和-嘉義,2024-01-08,8459
6770,力積電,41,11,30,康和-嘉義,2024-01-08,8459
2317,鴻海,30,1,29,康和-嘉義,2024-01-08,8459
8068,全達,27,0,27,康和-嘉義,2024-01-08,8459
00720B,元大投資級公司債,27,1,26,康和-嘉義,2024-01-08,8459
00680L,元大美債20正2,26,0,26,康和-嘉義,2024-01-08,8459
00687B,國泰20年美債,38,17,21,康和-嘉義,2024-01-08,8459
2365,昆盈,22,1,21,康和-嘉義,2024-01-08,8459
3006,晶豪科,24,4,20,康和-嘉義,2024-01-08,8459
2204,中華,30,10,20,康和-嘉義,2024-01-08,8459
2388,威盛,33,13,20,康和-嘉義,2024-01-08,8459
3162,精確,20,0,20,康和-嘉義,2024-01-08,8459
6274,台燿,20,0,20,康和-嘉義,2024-01-08,8459
2838,聯邦銀,19,0,19,康和-嘉義,2024-01-08,8459
2609,陽明,235,217,18,康和-嘉義,2024-01-08,8459
3346,麗清,18,2,16,康和-嘉義,2024-01-08,8459
4956,光鋐,18,2,16,康和-嘉義,2024-01-08,8459
6163,華電網,20,4,16,康和-嘉義,2024-01-08,8459
2358,廷鑫,15,0,15,康和-嘉義,2024-01-08,8459
00712,復華富時不動產,16,2,14,康和-嘉義,2024-01-08,8459
8110,華東,13,0,13,康和-嘉義,2024-01-08,8459
2617,台航,19,7,12,康和-嘉義,2024-01-08,8459
2332,友訊,12,0,12,康和-嘉義,2024-01-08,8459
1417,嘉裕,12,1,11,康和-嘉義,2024-01-08,8459
6215,和椿,11,0,11,康和-嘉義,2024-01-08,8459
1101,台泥,11,0,11,康和-嘉義,2024-01-08,8459
00679B,元大美債20年,36,26,10,康和-嘉義,2024-01-08,8459
2014,中鴻,10,0,10,康和-嘉義,2024-01-08,8459
2065,世豐,10,0,10,康和-嘉義,2024-01-08,8459
6550,北極星藥業-KY,10,0,10,康和-嘉義,2024-01-08,8459
9105,泰金寶-DR,10,0,10,康和-嘉義,2024-01-08,8459
2509,全坤建,10,0,10,康和-嘉義,2024-01-08,8459
1312,國喬,10,1,9,康和-嘉義,2024-01-08,8459
2436,偉詮電,9,0,9,康和-嘉義,2024-01-08,8459
3044,健鼎,10,1,9,康和-嘉義,2024-01-08,8459
2515,中工,10,1,9,康和-嘉義,2024-01-08,8459
2543,皇昌,10,1,9,康和-嘉義,2024-01-08,8459
2603,長榮,9,1,8,康和-嘉義,2024-01-08,8459
00878,國泰永續高股息,9,1,8,康和-嘉義,2024-01-08,8459
3019,亞光,8,0,8,康和-嘉義,2024-01-08,8459
3317,尼克森,8,0,8,康和-嘉義,2024-01-08,8459
5225,東科-KY,12,4,8,康和-嘉義,2024-01-08,8459
6194,育富,8,0,8,康和-嘉義,2024-01-08,8459
00919,群益台灣精選高息,95,0,95,康和-嘉義,2024-01-09,8459
2634,漢翔,81,0,81,康和-嘉義,2024-01-09,8459
3231,緯創,122,43,79,康和-嘉義,2024-01-09,8459
1540,喬福,56,0,56,康和-嘉義,2024-01-09,8459
2883,凱基金,56,1,55,康和-嘉義,2024-01-09,8459
2609,陽明,185,142,43,康和-嘉義,2024-01-09,8459
00712,復華富時不動產,55,12,43,康和-嘉義,2024-01-09,8459
8096,擎亞,46,6,40,康和-嘉義,2024-01-09,8459
9919,康那香,45,6,39,康和-嘉義,2024-01-09,8459
0056,元大高股息,47,8,39,康和-嘉義,2024-01-09,8459
00937B,群益ESG投等債20,38,2,36,康和-嘉義,2024-01-09,8459
00929,復華台灣科技優息,37,3,34,康和-嘉義,2024-01-09,8459
2610,華航,31,0,31,康和-嘉義,2024-01-09,8459
6505,台塑化,30,0,30,康和-嘉義,2024-01-09,8459
00715L,期街口布蘭特正2,67,42,25,康和-嘉義,2024-01-09,8459
4114,健喬,23,0,23,康和-嘉義,2024-01-09,8459
3162,精確,20,0,20,康和-嘉義,2024-01-09,8459
2308,台達電,19,1,18,康和-嘉義,2024-01-09,8459
2881,富邦金,20,3,17,康和-嘉義,2024-01-09,8459
3481,群創,172,157,15,康和-嘉義,2024-01-09,8459
00927,群益半導體收益,15,0,15,康和-嘉義,2024-01-09,8459
2643,捷迅,15,0,15,康和-嘉義,2024-01-09,8459
6901,鑽石投資,15,0,15,康和-嘉義,2024-01-09,8459
2331,精英,26,12,14,康和-嘉義,2024-01-09,8459
2402,毅嘉,19,5,14,康和-嘉義,2024-01-09,8459
2324,仁寶,51,38,13,康和-嘉義,2024-01-09,8459
2002,中鋼,13,1,12,康和-嘉義,2024-01-09,8459
6117,迎廣,45,33,12,康和-嘉義,2024-01-09,8459
6120,達運,37,25,12,康和-嘉義,2024-01-09,8459
3006,晶豪科,13,2,11,康和-嘉義,2024-01-09,8459
5210,寶碩,12,1,11,康和-嘉義,2024-01-09,8459
1229,聯華,10,0,10,康和-嘉義,2024-01-09,8459
00933B,國泰10Y+金融債,10,0,10,康和-嘉義,2024-01-09,8459
1720,生達,10,0,10,康和-嘉義,2024-01-09,8459
2340,台亞,10,0,10,康和-嘉義,2024-01-09,8459
2606,裕民,10,0,10,康和-嘉義,2024-01-09,8459
2883B,凱基金乙特,10,0,10,康和-嘉義,2024-01-09,8459
6530,創威,10,0,10,康和-嘉義,2024-01-09,8459
2363,矽統,37,28,9,康和-嘉義,2024-01-09,8459
2204,中華,10,1,9,康和-嘉義,2024-01-09,8459
3051,力特,12,3,9,康和-嘉義,2024-01-09,8459
6207,雷科,9,0,9,康和-嘉義,2024-01-09,8459
3260,威剛,10,2,8,康和-嘉義,2024-01-09,8459
2362,藍天,23,15,8,康和-嘉義,2024-01-09,8459
6182,合晶,28,20,8,康和-嘉義,2024-01-09,8459
1442,名軒,7,0,7,康和-嘉義,2024-01-09,8459
2913,農林,7,0,7,康和-嘉義,2024-01-09,8459
8403,盛弘,7,0,7,康和-嘉義,2024-01-09,8459
2891,中信金,7,0,7,康和-嘉義,2024-01-09,8459
1102,亞泥,6,0,6,康和-嘉義,2024-01-09,8459
5533,皇鼎,116,0,116,康和-嘉義,2024-01-10,8459
6116,彩晶,74,2,72,康和-嘉義,2024-01-10,8459
2882,國泰金,83,16,67,康和-嘉義,2024-01-10,8459
1514,亞力,76,13,63,康和-嘉義,2024-01-10,8459
1449,佳和,61,2,59,康和-嘉義,2024-01-10,8459
00929,復華台灣科技優息,60,3,57,康和-嘉義,2024-01-10,8459
2323,中環,45,0,45,康和-嘉義,2024-01-10,8459
00904,新光臺灣半導體30,39,0,39,康和-嘉義,2024-01-10,8459
2348,海悅,39,0,39,康和-嘉義,2024-01-10,8459
2609,陽明,269,231,38,康和-嘉義,2024-01-10,8459
2897,王道銀行,35,0,35,康和-嘉義,2024-01-10,8459
8222,寶一,61,29,32,康和-嘉義,2024-01-10,8459
2643,捷迅,31,0,31,康和-嘉義,2024-01-10,8459
2408,南亞科,40,10,30,康和-嘉義,2024-01-10,8459
8096,擎亞,113,84,29,康和-嘉義,2024-01-10,8459
1540,喬福,24,0,24,康和-嘉義,2024-01-10,8459
00919,群益台灣精選高息,22,0,22,康和-嘉義,2024-01-10,8459
1301,台塑,21,0,21,康和-嘉義,2024-01-10,8459
00930,永豐ESG低碳高息,21,0,21,康和-嘉義,2024-01-10,8459
2883,凱基金,21,0,21,康和-嘉義,2024-01-10,8459
2356,英業達,62,42,20,康和-嘉義,2024-01-10,8459
2303,聯電,21,1,20,康和-嘉義,2024-01-10,8459
3162,精確,20,0,20,康和-嘉義,2024-01-10,8459
4938,和碩,20,0,20,康和-嘉義,2024-01-10,8459
6113,亞矽,20,0,20,康和-嘉義,2024-01-10,8459
1303,南亞,20,1,19,康和-嘉義,2024-01-10,8459
1707,葡萄王,18,0,18,康和-嘉義,2024-01-10,8459
6016,康和證,16,0,16,康和-嘉義,2024-01-10,8459
00927,群益半導體收益,16,0,16,康和-嘉義,2024-01-10,8459
2374,佳能,15,0,15,康和-嘉義,2024-01-10,8459
3312,弘憶股,14,0,14,康和-嘉義,2024-01-10,8459
3622,洋華,14,0,14,康和-嘉義,2024-01-10,8459
2515,中工,13,0,13,康和-嘉義,2024-01-10,8459
2603,長榮,103,90,13,康和-嘉義,2024-01-10,8459
2313,華通,14,2,12,康和-嘉義,2024-01-10,8459
4909,新復興,12,0,12,康和-嘉義,2024-01-10,8459
2330,台積電,12,0,12,康和-嘉義,2024-01-10,8459
2301,光寶科,17,6,11,康和-嘉義,2024-01-10,8459
1312,國喬,11,0,11,康和-嘉義,2024-01-10,8459
6182,合晶,11,0,11,康和-嘉義,2024-01-10,8459
00665L,富邦�琤肭磪囓�2,11,0,11,康和-嘉義,2024-01-10,8459
6770,力積電,17,6,11,康和-嘉義,2024-01-10,8459
1721,三晃,10,0,10,康和-嘉義,2024-01-10,8459
00931B,統一美債20年,10,0,10,康和-嘉義,2024-01-10,8459
6112,邁達特,10,0,10,康和-嘉義,2024-01-10,8459
6462,神盾,24,14,10,康和-嘉義,2024-01-10,8459
6625,必應,10,0,10,康和-嘉義,2024-01-10,8459
00878,國泰永續高股息,10,0,10,康和-嘉義,2024-01-10,8459
2109,華豐,9,0,9,康和-嘉義,2024-01-10,8459
2520,冠德,9,0,9,康和-嘉義,2024-01-10,8459
2504,國產,256,0,256,康和-嘉義,2024-01-11,8459
2643,捷迅,112,0,112,康和-嘉義,2024-01-11,8459
00929,復華台灣科技優息,108,6,102,康和-嘉義,2024-01-11,8459
00904,新光臺灣半導體30,70,0,70,康和-嘉義,2024-01-11,8459
2353,宏��,209,147,62,康和-嘉義,2024-01-11,8459
6695,芯鼎,126,68,58,康和-嘉義,2024-01-11,8459
00688L,國泰20年美債正2,55,0,55,康和-嘉義,2024-01-11,8459
2344,華邦電,55,1,54,康和-嘉義,2024-01-11,8459
1720,生達,52,0,52,康和-嘉義,2024-01-11,8459
3705,永信,46,0,46,康和-嘉義,2024-01-11,8459
5533,皇鼎,44,0,44,康和-嘉義,2024-01-11,8459
2348,海悅,31,0,31,康和-嘉義,2024-01-11,8459
6244,茂迪,22,0,22,康和-嘉義,2024-01-11,8459
2312,金寶,31,10,21,康和-嘉義,2024-01-11,8459
4714,永捷,20,0,20,康和-嘉義,2024-01-11,8459
6668,中揚光,20,0,20,康和-嘉義,2024-01-11,8459
2606,裕民,19,0,19,康和-嘉義,2024-01-11,8459
8068,全達,19,0,19,康和-嘉義,2024-01-11,8459
2449,京元電子,25,6,19,康和-嘉義,2024-01-11,8459
0056,元大高股息,17,0,17,康和-嘉義,2024-01-11,8459
2409,友達,37,21,16,康和-嘉義,2024-01-11,8459
2845,遠東銀,15,0,15,康和-嘉義,2024-01-11,8459
4129,聯合,15,1,14,康和-嘉義,2024-01-11,8459
6166,凌華,21,7,14,康和-嘉義,2024-01-11,8459
2476,鉅祥,19,6,13,康和-嘉義,2024-01-11,8459
3025,星通,39,26,13,康和-嘉義,2024-01-11,8459
00927,群益半導體收益,12,0,12,康和-嘉義,2024-01-11,8459
1584,精剛,12,0,12,康和-嘉義,2024-01-11,8459
4968,立積,12,0,12,康和-嘉義,2024-01-11,8459
2356,英業達,47,35,12,康和-嘉義,2024-01-11,8459
2884,玉山金,22,11,11,康和-嘉義,2024-01-11,8459
9919,康那香,11,0,11,康和-嘉義,2024-01-11,8459
1108,幸福,11,0,11,康和-嘉義,2024-01-11,8459
2881,富邦金,11,0,11,康和-嘉義,2024-01-11,8459
2882,國泰金,11,0,11,康和-嘉義,2024-01-11,8459
2408,南亞科,11,1,10,康和-嘉義,2024-01-11,8459
3032,偉訓,36,26,10,康和-嘉義,2024-01-11,8459
4107,邦特,10,0,10,康和-嘉義,2024-01-11,8459
4938,和碩,10,0,10,康和-嘉義,2024-01-11,8459
1513,中興電,11,1,10,康和-嘉義,2024-01-11,8459
2109,華豐,9,0,9,康和-嘉義,2024-01-11,8459
2515,中工,17,8,9,康和-嘉義,2024-01-11,8459
3312,弘憶股,10,1,9,康和-嘉義,2024-01-11,8459
4956,光鋐,41,32,9,康和-嘉義,2024-01-11,8459
6163,華電網,10,1,9,康和-嘉義,2024-01-11,8459
2603,長榮,23,15,8,康和-嘉義,2024-01-11,8459
3325,旭品,20,12,8,康和-嘉義,2024-01-11,8459
3055,蔚華科,14,7,7,康和-嘉義,2024-01-11,8459
2324,仁寶,7,0,7,康和-嘉義,2024-01-11,8459
2352,佳世達,11,4,7,康和-嘉義,2024-01-11,8459
00929,復華台灣科技優息,172,24,148,康和-嘉義,2024-01-12,8459
2353,宏��,105,50,55,康和-嘉義,2024-01-12,8459
00664R,國泰臺灣加權反1,47,0,47,康和-嘉義,2024-01-12,8459
2897,王道銀行,51,10,41,康和-嘉義,2024-01-12,8459
3481,群創,101,60,41,康和-嘉義,2024-01-12,8459
2883,凱基金,35,0,35,康和-嘉義,2024-01-12,8459
3006,晶豪科,31,0,31,康和-嘉義,2024-01-12,8459
3029,零壹,29,0,29,康和-嘉義,2024-01-12,8459
2607,榮運,28,0,28,康和-嘉義,2024-01-12,8459
2641,正德,22,0,22,康和-嘉義,2024-01-12,8459
00927,群益半導體收益,21,0,21,康和-嘉義,2024-01-12,8459
2331,精英,21,0,21,康和-嘉義,2024-01-12,8459
00904,新光臺灣半導體30,20,0,20,康和-嘉義,2024-01-12,8459
2891,中信金,20,0,20,康和-嘉義,2024-01-12,8459
3666,光耀,19,0,19,康和-嘉義,2024-01-12,8459
2329,華泰,30,12,18,康和-嘉義,2024-01-12,8459
00637L,元大滬深300正2,917,900,17,康和-嘉義,2024-01-12,8459
00931B,統一美債20年,15,0,15,康和-嘉義,2024-01-12,8459
5347,世界,18,3,15,康和-嘉義,2024-01-12,8459
8477,創業家,15,0,15,康和-嘉義,2024-01-12,8459
2371,大同,15,1,14,康和-嘉義,2024-01-12,8459
5425,台半,13,0,13,康和-嘉義,2024-01-12,8459
5213,亞昕,12,0,12,康和-嘉義,2024-01-12,8459
6244,茂迪,12,0,12,康和-嘉義,2024-01-12,8459
00930,永豐ESG低碳高息,11,0,11,康和-嘉義,2024-01-12,8459
1449,佳和,44,33,11,康和-嘉義,2024-01-12,8459
2358,廷鑫,11,0,11,康和-嘉義,2024-01-12,8459
2455,全新,11,0,11,康和-嘉義,2024-01-12,8459
5469,瀚宇博,11,0,11,康和-嘉義,2024-01-12,8459
00730,富邦臺灣優質高息,10,0,10,康和-嘉義,2024-01-12,8459
1605,華新,10,0,10,康和-嘉義,2024-01-12,8459
2838,聯邦銀,10,0,10,康和-嘉義,2024-01-12,8459
3066,李洲,11,1,10,康和-嘉義,2024-01-12,8459
3532,台勝科,10,0,10,康和-嘉義,2024-01-12,8459
4960,誠美材,10,0,10,康和-嘉義,2024-01-12,8459
1229,聯華,9,0,9,康和-嘉義,2024-01-12,8459
2460,建通,9,0,9,康和-嘉義,2024-01-12,8459
3044,健鼎,10,1,9,康和-嘉義,2024-01-12,8459
3543,州巧,9,0,9,康和-嘉義,2024-01-12,8459
8096,擎亞,276,268,8,康和-嘉義,2024-01-12,8459
2314,台揚,9,1,8,康和-嘉義,2024-01-12,8459
2356,英業達,37,29,8,康和-嘉義,2024-01-12,8459
2393,億光,8,0,8,康和-嘉義,2024-01-12,8459
2939,永邑-KY,8,0,8,康和-嘉義,2024-01-12,8459
8150,南茂,8,0,8,康和-嘉義,2024-01-12,8459
2881,富邦金,8,0,8,康和-嘉義,2024-01-12,8459
9927,泰銘,7,0,7,康和-嘉義,2024-01-12,8459
00933B,國泰10Y+金融債,7,0,7,康和-嘉義,2024-01-12,8459
6163,華電網,21,14,7,康和-嘉義,2024-01-12,8459
8163,達方,7,0,7,康和-嘉義,2024-01-12,8459
00712,復華富時不動產,248,30,218,康和-嘉義,2024-01-15,8459
2888,新光金,224,39,185,康和-嘉義,2024-01-15,8459
2883,凱基金,69,12,57,康和-嘉義,2024-01-15,8459
00632R,元大台灣50反1,50,0,50,康和-嘉義,2024-01-15,8459
2323,中環,44,7,37,康和-嘉義,2024-01-15,8459
00687B,國泰20年美債,30,0,30,康和-嘉義,2024-01-15,8459
2356,英業達,36,8,28,康和-嘉義,2024-01-15,8459
00725B,國泰投資級公司債,26,0,26,康和-嘉義,2024-01-15,8459
2845,遠東銀,25,0,25,康和-嘉義,2024-01-15,8459
2897,王道銀行,25,0,25,康和-嘉義,2024-01-15,8459
8096,擎亞,161,137,24,康和-嘉義,2024-01-15,8459
2609,陽明,69,47,22,康和-嘉義,2024-01-15,8459
2887,台新金,23,1,22,康和-嘉義,2024-01-15,8459
00637L,元大滬深300正2,28,8,20,康和-嘉義,2024-01-15,8459
1514,亞力,97,77,20,康和-嘉義,2024-01-15,8459
2387,精元,20,0,20,康和-嘉義,2024-01-15,8459
5706,鳳凰,20,0,20,康和-嘉義,2024-01-15,8459
2317,鴻海,20,0,20,康和-嘉義,2024-01-15,8459
3706,神達,24,6,18,康和-嘉義,2024-01-15,8459
3017,奇鋐,22,5,17,康和-嘉義,2024-01-15,8459
5521,工信,21,4,17,康和-嘉義,2024-01-15,8459
6139,亞翔,31,14,17,康和-嘉義,2024-01-15,8459
00715L,期街口布蘭特正2,56,40,16,康和-嘉義,2024-01-15,8459
00919,群益台灣精選高息,16,0,16,康和-嘉義,2024-01-15,8459
3481,群創,66,51,15,康和-嘉義,2024-01-15,8459
5880,合庫金,18,4,14,康和-嘉義,2024-01-15,8459
3287,廣寰科,12,0,12,康和-嘉義,2024-01-15,8459
8930,青鋼,12,0,12,康和-嘉義,2024-01-15,8459
1609,大亞,133,122,11,康和-嘉義,2024-01-15,8459
00937B,群益ESG投等債20,10,0,10,康和-嘉義,2024-01-15,8459
2027,大成鋼,11,0,11,康和-嘉義,2024-01-15,8459
00927,群益半導體收益,12,2,10,康和-嘉義,2024-01-15,8459
00665L,富邦�琤肭磪囓�2,10,0,10,康和-嘉義,2024-01-15,8459
1815,富喬,10,0,10,康和-嘉義,2024-01-15,8459
5398,慕康生醫,10,0,10,康和-嘉義,2024-01-15,8459
6016,康和證,10,0,10,康和-嘉義,2024-01-15,8459
6176,瑞儀,10,0,10,康和-嘉義,2024-01-15,8459
2610,華航,28,18,10,康和-嘉義,2024-01-15,8459
5351,鈺創,35,26,9,康和-嘉義,2024-01-15,8459
2344,華邦電,17,8,9,康和-嘉義,2024-01-15,8459
2634,漢翔,17,8,9,康和-嘉義,2024-01-15,8459
2748,雲品,9,0,9,康和-嘉義,2024-01-15,8459
2892,第一金,10,1,9,康和-嘉義,2024-01-15,8459
6125,廣運,10,1,9,康和-嘉義,2024-01-15,8459
6237,驊訊,9,0,9,康和-嘉義,2024-01-15,8459
2312,金寶,11,3,8,康和-嘉義,2024-01-15,8459
3325,旭品,29,21,8,康和-嘉義,2024-01-15,8459
2467,志聖,16,8,8,康和-嘉義,2024-01-15,8459
00878,國泰永續高股息,10,3,7,康和-嘉義,2024-01-15,8459
00722B,群益投資級電信債,7,0,7,康和-嘉義,2024-01-15,8459
2353,宏��,159,57,102,康和-嘉義,2024-01-16,8459
2888,新光金,72,0,72,康和-嘉義,2024-01-16,8459
2329,華泰,146,85,61,康和-嘉義,2024-01-16,8459
1609,大亞,62,13,49,康和-嘉義,2024-01-16,8459
5880,合庫金,46,0,46,康和-嘉義,2024-01-16,8459
00770,國泰北美科技,44,5,39,康和-嘉義,2024-01-16,8459
6163,華電網,54,15,39,康和-嘉義,2024-01-16,8459
2109,華豐,37,0,37,康和-嘉義,2024-01-16,8459
00929,復華台灣科技優息,36,0,36,康和-嘉義,2024-01-16,8459
6244,茂迪,37,2,35,康和-嘉義,2024-01-16,8459
00927,群益半導體收益,34,0,34,康和-嘉義,2024-01-16,8459
1714,和桐,32,0,32,康和-嘉義,2024-01-16,8459
2017,官田鋼,30,1,29,康和-嘉義,2024-01-16,8459
2405,輔信,32,7,25,康和-嘉義,2024-01-16,8459
5443,均豪,44,19,25,康和-嘉義,2024-01-16,8459
3231,緯創,72,48,24,康和-嘉義,2024-01-16,8459
2408,南亞科,30,7,23,康和-嘉義,2024-01-16,8459
2103,台橡,22,0,22,康和-嘉義,2024-01-16,8459
1905,華紙,21,0,21,康和-嘉義,2024-01-16,8459
2845,遠東銀,20,0,20,康和-嘉義,2024-01-16,8459
2312,金寶,27,8,19,康和-嘉義,2024-01-16,8459
3006,晶豪科,18,0,18,康和-嘉義,2024-01-16,8459
0056,元大高股息,20,3,17,康和-嘉義,2024-01-16,8459
2834,臺企銀,16,0,16,康和-嘉義,2024-01-16,8459
3588,通嘉,16,0,16,康和-嘉義,2024-01-16,8459
4167,松瑞藥,16,0,16,康和-嘉義,2024-01-16,8459
2838,聯邦銀,15,0,15,康和-嘉義,2024-01-16,8459
00882,中信中國高股息,15,0,15,康和-嘉義,2024-01-16,8459
00688L,國泰20年美債正2,15,0,15,康和-嘉義,2024-01-16,8459
3706,神達,24,9,15,康和-嘉義,2024-01-16,8459
5483,中美晶,18,3,15,康和-嘉義,2024-01-16,8459
3622,洋華,17,3,14,康和-嘉義,2024-01-16,8459
2506,太設,15,2,13,康和-嘉義,2024-01-16,8459
6113,亞矽,13,0,13,康和-嘉義,2024-01-16,8459
6120,達運,38,25,13,康和-嘉義,2024-01-16,8459
1605,華新,22,10,12,康和-嘉義,2024-01-16,8459
6538,倉和,12,0,12,康和-嘉義,2024-01-16,8459
2605,新興,11,0,11,康和-嘉義,2024-01-16,8459
1540,喬福,11,0,11,康和-嘉義,2024-01-16,8459
00919,群益台灣精選高息,21,10,11,康和-嘉義,2024-01-16,8459
00665L,富邦�琤肭磪囓�2,11,0,11,康和-嘉義,2024-01-16,8459
1524,耿鼎,11,0,11,康和-嘉義,2024-01-16,8459
2486,一詮,14,3,11,康和-嘉義,2024-01-16,8459
8936,國統,16,5,11,康和-嘉義,2024-01-16,8459
8034,榮群,132,121,11,康和-嘉義,2024-01-16,8459
1326,台化,11,0,11,康和-嘉義,2024-01-16,8459
00933B,國泰10Y+金融債,10,0,10,康和-嘉義,2024-01-16,8459
00637L,元大滬深300正2,1051,1041,10,康和-嘉義,2024-01-16,8459
2399,映泰,10,0,10,康和-嘉義,2024-01-16,8459
3532,台勝科,10,0,10,康和-嘉義,2024-01-16,8459
00929,復華台灣科技優息,186,14,172,康和-嘉義,2024-01-17,8459
2303,聯電,126,26,100,康和-嘉義,2024-01-17,8459
2014,中鴻,102,3,99,康和-嘉義,2024-01-17,8459
8096,擎亞,240,154,86,康和-嘉義,2024-01-17,8459
00882,中信中國高股息,54,0,54,康和-嘉義,2024-01-17,8459
2356,英業達,64,10,54,康和-嘉義,2024-01-17,8459
3231,緯創,177,124,53,康和-嘉義,2024-01-17,8459
00919,群益台灣精選高息,50,0,50,康和-嘉義,2024-01-17,8459
00688L,國泰20年美債正2,45,0,45,康和-嘉義,2024-01-17,8459
0056,元大高股息,39,0,39,康和-嘉義,2024-01-17,8459
2344,華邦電,68,31,37,康和-嘉義,2024-01-17,8459
2498,宏達電,37,1,36,康和-嘉義,2024-01-17,8459
1101,台泥,35,0,35,康和-嘉義,2024-01-17,8459
00878,國泰永續高股息,35,0,35,康和-嘉義,2024-01-17,8459
00937B,群益ESG投等債20,35,0,35,康和-嘉義,2024-01-17,8459
00687B,國泰20年美債,32,0,32,康和-嘉義,2024-01-17,8459
6215,和椿,41,9,32,康和-嘉義,2024-01-17,8459
1303,南亞,34,3,31,康和-嘉義,2024-01-17,8459
2884,玉山金,32,1,31,康和-嘉義,2024-01-17,8459
2109,華豐,30,0,30,康和-嘉義,2024-01-17,8459
00933B,國泰10Y+金融債,30,0,30,康和-嘉義,2024-01-17,8459
3260,威剛,30,1,29,康和-嘉義,2024-01-17,8459
2208,台船,23,0,23,康和-嘉義,2024-01-17,8459
3587,閎康,25,2,23,康和-嘉義,2024-01-17,8459
2103,台橡,22,0,22,康和-嘉義,2024-01-17,8459
3622,洋華,26,4,22,康和-嘉義,2024-01-17,8459
5880,合庫金,27,6,21,康和-嘉義,2024-01-17,8459
00665L,富邦�琤肭磪囓�2,21,0,21,康和-嘉義,2024-01-17,8459
1460,宏遠,20,0,20,康和-嘉義,2024-01-17,8459
1605,華新,20,0,20,康和-嘉義,2024-01-17,8459
1612,宏泰,20,0,20,康和-嘉義,2024-01-17,8459
3162,精確,20,0,20,康和-嘉義,2024-01-17,8459
2317,鴻海,20,0,20,康和-嘉義,2024-01-17,8459
2308,台達電,20,1,19,康和-嘉義,2024-01-17,8459
2610,華航,22,3,19,康和-嘉義,2024-01-17,8459
2880,華南金,23,6,17,康和-嘉義,2024-01-17,8459
00679B,元大美債20年,17,0,17,康和-嘉義,2024-01-17,8459
2371,大同,19,2,17,康和-嘉義,2024-01-17,8459
2888,新光金,19,2,17,康和-嘉義,2024-01-17,8459
2887,台新金,21,5,16,康和-嘉義,2024-01-17,8459
1528,恩德,26,10,16,康和-嘉義,2024-01-17,8459
00637L,元大滬深300正2,1126,1111,15,康和-嘉義,2024-01-17,8459
2618,長榮航,24,9,15,康和-嘉義,2024-01-17,8459
3543,州巧,15,0,15,康和-嘉義,2024-01-17,8459
2002,中鋼,14,0,14,康和-嘉義,2024-01-17,8459
2609,陽明,63,50,13,康和-嘉義,2024-01-17,8459
2881,富邦金,14,1,13,康和-嘉義,2024-01-17,8459
1584,精剛,13,0,13,康和-嘉義,2024-01-17,8459
2460,建通,16,3,13,康和-嘉義,2024-01-17,8459
3044,健鼎,17,4,13,康和-嘉義,2024-01-17,8459
5426,振發,188,111,77,康和-嘉義,2024-01-18,8459
6244,茂迪,71,0,71,康和-嘉義,2024-01-18,8459
2208,台船,70,0,70,康和-嘉義,2024-01-18,8459
00637L,元大滬深300正2,711,644,67,康和-嘉義,2024-01-18,8459
3321,同泰,51,0,51,康和-嘉義,2024-01-18,8459
2880,華南金,39,0,39,康和-嘉義,2024-01-18,8459
6120,達運,132,95,37,康和-嘉義,2024-01-18,8459
00680L,元大美債20正2,30,0,30,康和-嘉義,2024-01-18,8459
2634,漢翔,27,1,26,康和-嘉義,2024-01-18,8459
00919,群益台灣精選高息,24,0,24,康和-嘉義,2024-01-18,8459
4167,松瑞藥,36,12,24,康和-嘉義,2024-01-18,8459
4960,誠美材,33,10,23,康和-嘉義,2024-01-18,8459
00712,復華富時不動產,51,28,23,康和-嘉義,2024-01-18,8459
3013,晟銘電,22,1,21,康和-嘉義,2024-01-18,8459
1101,台泥,20,0,20,康和-嘉義,2024-01-18,8459
2607,榮運,20,1,19,康和-嘉義,2024-01-18,8459
2344,華邦電,30,12,18,康和-嘉義,2024-01-18,8459
3587,閎康,24,7,17,康和-嘉義,2024-01-18,8459
910322,康師傅-DR,16,0,16,康和-嘉義,2024-01-18,8459
2106,建大,15,0,15,康和-嘉義,2024-01-18,8459
00882,中信中國高股息,13,0,13,康和-嘉義,2024-01-18,8459
0050,元大台灣50,12,0,12,康和-嘉義,2024-01-18,8459
0056,元大高股息,14,2,12,康和-嘉義,2024-01-18,8459
2637,慧洋-KY,16,4,12,康和-嘉義,2024-01-18,8459
6176,瑞儀,12,0,12,康和-嘉義,2024-01-18,8459
1312,國喬,11,0,11,康和-嘉義,2024-01-18,8459
2801,彰銀,11,0,11,康和-嘉義,2024-01-18,8459
2884,玉山金,12,1,11,康和-嘉義,2024-01-18,8459
2480,敦陽科,11,0,11,康和-嘉義,2024-01-18,8459
5880,合庫金,13,2,11,康和-嘉義,2024-01-18,8459
6139,亞翔,40,29,11,康和-嘉義,2024-01-18,8459
2887,台新金,11,1,10,康和-嘉義,2024-01-18,8459
2103,台橡,10,0,10,康和-嘉義,2024-01-18,8459
3715,定穎投控,18,8,10,康和-嘉義,2024-01-18,8459
3437,榮創,65,55,10,康和-嘉義,2024-01-18,8459
6274,台燿,10,0,10,康和-嘉義,2024-01-18,8459
2436,偉詮電,11,2,9,康和-嘉義,2024-01-18,8459
6667,信紘科,44,35,9,康和-嘉義,2024-01-18,8459
8936,國統,28,19,9,康和-嘉義,2024-01-18,8459
2313,華通,13,5,8,康和-嘉義,2024-01-18,8459
2405,輔信,8,0,8,康和-嘉義,2024-01-18,8459
3706,神達,14,6,8,康和-嘉義,2024-01-18,8459
2834,臺企銀,7,0,7,康和-嘉義,2024-01-18,8459
2371,大同,11,4,7,康和-嘉義,2024-01-18,8459
2867,三商壽,6,0,6,康和-嘉義,2024-01-18,8459
00878,國泰永續高股息,6,0,6,康和-嘉義,2024-01-18,8459
3035,智原,8,2,6,康和-嘉義,2024-01-18,8459
1540,喬福,6,0,6,康和-嘉義,2024-01-18,8459
5328,華容,15,9,6,康和-嘉義,2024-01-18,8459
6116,彩晶,7,1,6,康和-嘉義,2024-01-18,8459
00904,新光臺灣半導體30,213,7,206,康和-嘉義,2024-01-19,8459
00687B,國泰20年美債,64,2,62,康和-嘉義,2024-01-19,8459
3325,旭品,56,6,50,康和-嘉義,2024-01-19,8459
2618,長榮航,77,27,50,康和-嘉義,2024-01-19,8459
00679B,元大美債20年,48,0,48,康和-嘉義,2024-01-19,8459
2002,中鋼,45,1,44,康和-嘉義,2024-01-19,8459
00688L,國泰20年美債正2,40,0,40,康和-嘉義,2024-01-19,8459
00680L,元大美債20正2,39,0,39,康和-嘉義,2024-01-19,8459
3036,文曄,50,15,35,康和-嘉義,2024-01-19,8459
3287,廣寰科,84,50,34,康和-嘉義,2024-01-19,8459
4128,中天,31,0,31,康和-嘉義,2024-01-19,8459
6120,達運,123,92,31,康和-嘉義,2024-01-19,8459
2312,金寶,30,0,30,康和-嘉義,2024-01-19,8459
3029,零壹,55,27,28,康和-嘉義,2024-01-19,8459
3490,單井,27,2,25,康和-嘉義,2024-01-19,8459
2880,華南金,25,1,24,康和-嘉義,2024-01-19,8459
00937B,群益ESG投等債20,22,0,22,康和-嘉義,2024-01-19,8459
00931B,統一美債20年,22,0,22,康和-嘉義,2024-01-19,8459
00720B,元大投資級公司債,22,0,22,康和-嘉義,2024-01-19,8459
3162,精確,22,0,22,康和-嘉義,2024-01-19,8459
00772B,中信高評級公司債,21,0,21,康和-嘉義,2024-01-19,8459
2409,友達,66,47,19,康和-嘉義,2024-01-19,8459
2881,富邦金,18,1,17,康和-嘉義,2024-01-19,8459
1707,葡萄王,16,0,16,康和-嘉義,2024-01-19,8459
2353,宏��,74,58,16,康和-嘉義,2024-01-19,8459
2460,建通,16,0,16,康和-嘉義,2024-01-19,8459
00919,群益台灣精選高息,15,0,15,康和-嘉義,2024-01-19,8459
1101,台泥,14,0,14,康和-嘉義,2024-01-19,8459
2457,飛宏,14,0,14,康和-嘉義,2024-01-19,8459
00751B,元大AAA至A公司債,13,0,13,康和-嘉義,2024-01-19,8459
00712,復華富時不動產,23,10,13,康和-嘉義,2024-01-19,8459
8936,國統,16,3,13,康和-嘉義,2024-01-19,8459
4114,健喬,12,0,12,康和-嘉義,2024-01-19,8459
2208,台船,14,2,12,康和-嘉義,2024-01-19,8459
6285,啟��,23,12,11,康和-嘉義,2024-01-19,8459
2399,映泰,11,0,11,康和-嘉義,2024-01-19,8459
00673R,期元大S＆P原油反1,10,0,10,康和-嘉義,2024-01-19,8459
00706L,期元大S＆P日圓正2,10,0,10,康和-嘉義,2024-01-19,8459
2324,仁寶,33,23,10,康和-嘉義,2024-01-19,8459
2332,友訊,10,0,10,康和-嘉義,2024-01-19,8459
2352,佳世達,10,0,10,康和-嘉義,2024-01-19,8459
2363,矽統,14,4,10,康和-嘉義,2024-01-19,8459
3163,波若威,10,0,10,康和-嘉義,2024-01-19,8459
6901,鑽石投資,11,1,10,康和-嘉義,2024-01-19,8459
3437,榮創,26,16,10,康和-嘉義,2024-01-19,8459
6163,華電網,20,10,10,康和-嘉義,2024-01-19,8459
5426,振發,64,55,9,康和-嘉義,2024-01-19,8459
9103,美德醫療-DR,9,0,9,康和-嘉義,2024-01-19,8459
2317,鴻海,10,2,8,康和-嘉義,2024-01-19,8459
00632R,元大台灣50反1,13,5,8,康和-嘉義,2024-01-19,8459
2610,華航,344,8,336,康和-嘉義,2024-01-22,8459
2356,英業達,449,352,97,康和-嘉義,2024-01-22,8459
00632R,元大台灣50反1,109,20,89,康和-嘉義,2024-01-22,8459
00715L,期街口布蘭特正2,76,0,76,康和-嘉義,2024-01-22,8459
2606,裕民,59,2,57,康和-嘉義,2024-01-22,8459
2317,鴻海,56,0,56,康和-嘉義,2024-01-22,8459
8201,無敵,63,11,52,康和-嘉義,2024-01-22,8459
6233,旺玖,50,3,47,康和-嘉義,2024-01-22,8459
2486,一詮,40,2,38,康和-嘉義,2024-01-22,8459
5880,合庫金,33,0,33,康和-嘉義,2024-01-22,8459
00882,中信中國高股息,55,25,30,康和-嘉義,2024-01-22,8459
1514,亞力,68,39,29,康和-嘉義,2024-01-22,8459
2897,王道銀行,29,0,29,康和-嘉義,2024-01-22,8459
2618,長榮航,32,3,29,康和-嘉義,2024-01-22,8459
6155,鈞寶,35,7,28,康和-嘉義,2024-01-22,8459
5426,振發,39,16,23,康和-嘉義,2024-01-22,8459
2883,凱基金,22,0,22,康和-嘉義,2024-01-22,8459
00712,復華富時不動產,21,0,21,康和-嘉義,2024-01-22,8459
00679B,元大美債20年,18,0,18,康和-嘉義,2024-01-22,8459
2906,高林,16,0,16,康和-嘉義,2024-01-22,8459
3029,零壹,19,3,16,康和-嘉義,2024-01-22,8459
2425,承啟,15,0,15,康和-嘉義,2024-01-22,8459
2316,楠梓電,22,8,14,康和-嘉義,2024-01-22,8459
2360,致茂,14,0,14,康和-嘉義,2024-01-22,8459
8054,安國,18,4,14,康和-嘉義,2024-01-22,8459
2603,長榮,23,9,14,康和-嘉義,2024-01-22,8459
00900,富邦特選高股息30,13,0,13,康和-嘉義,2024-01-22,8459
00665L,富邦�琤肭磪囓�2,12,0,12,康和-嘉義,2024-01-22,8459
1605,華新,20,8,12,康和-嘉義,2024-01-22,8459
4129,聯合,12,0,12,康和-嘉義,2024-01-22,8459
00937B,群益ESG投等債20,16,5,11,康和-嘉義,2024-01-22,8459
3321,同泰,10,0,10,康和-嘉義,2024-01-22,8459
00753L,中信中國50正2,10,0,10,康和-嘉義,2024-01-22,8459
1524,耿鼎,32,22,10,康和-嘉義,2024-01-22,8459
2027,大成鋼,11,1,10,康和-嘉義,2024-01-22,8459
2402,毅嘉,12,2,10,康和-嘉義,2024-01-22,8459
2408,南亞科,10,0,10,康和-嘉義,2024-01-22,8459
2476,鉅祥,10,0,10,康和-嘉義,2024-01-22,8459
3617,碩天,10,0,10,康和-嘉義,2024-01-22,8459
6116,彩晶,35,25,10,康和-嘉義,2024-01-22,8459
6202,盛群,10,0,10,康和-嘉義,2024-01-22,8459
8011,台通,10,0,10,康和-嘉義,2024-01-22,8459
2887,台新金,10,0,10,康和-嘉義,2024-01-22,8459
2103,台橡,11,2,9,康和-嘉義,2024-01-22,8459
2455,全新,9,0,9,康和-嘉義,2024-01-22,8459
3490,單井,9,1,8,康和-嘉義,2024-01-22,8459
6218,豪勉,10,2,8,康和-嘉義,2024-01-22,8459
4743,合一,7,0,7,康和-嘉義,2024-01-22,8459
1301,台塑,7,0,7,康和-嘉義,2024-01-22,8459
2344,華邦電,62,56,6,康和-嘉義,2024-01-22,8459
8096,擎亞,398,290,108,康和-嘉義,2024-01-23,8459
00937B,群益ESG投等債20,68,6,62,康和-嘉義,2024-01-23,8459
2618,長榮航,62,4,58,康和-嘉義,2024-01-23,8459
2344,華邦電,106,51,55,康和-嘉義,2024-01-23,8459
2605,新興,39,0,39,康和-嘉義,2024-01-23,8459
6239,力成,47,13,34,康和-嘉義,2024-01-23,8459
3029,零壹,30,0,30,康和-嘉義,2024-01-23,8459
8054,安國,46,18,28,康和-嘉義,2024-01-23,8459
3694,海華,27,3,24,康和-嘉義,2024-01-23,8459
00679B,元大美債20年,22,0,22,康和-嘉義,2024-01-23,8459
2408,南亞科,31,10,21,康和-嘉義,2024-01-23,8459
6117,迎廣,28,12,16,康和-嘉義,2024-01-23,8459
00687B,國泰20年美債,15,0,15,康和-嘉義,2024-01-23,8459
00882,中信中國高股息,15,0,15,康和-嘉義,2024-01-23,8459
3706,神達,16,2,14,康和-嘉義,2024-01-23,8459
4968,立積,16,2,14,康和-嘉義,2024-01-23,8459
2363,矽統,18,5,13,康和-嘉義,2024-01-23,8459
2887,台新金,12,0,12,康和-嘉義,2024-01-23,8459
3530,晶相光,16,4,12,康和-嘉義,2024-01-23,8459
2316,楠梓電,22,11,11,康和-嘉義,2024-01-23,8459
8034,榮群,13,2,11,康和-嘉義,2024-01-23,8459
9945,潤泰新,11,0,11,康和-嘉義,2024-01-23,8459
00878,國泰永續高股息,17,7,10,康和-嘉義,2024-01-23,8459
2834,臺企銀,10,0,10,康和-嘉義,2024-01-23,8459
1815,富喬,10,0,10,康和-嘉義,2024-01-23,8459
3714,富采,10,0,10,康和-嘉義,2024-01-23,8459
6155,鈞寶,10,0,10,康和-嘉義,2024-01-23,8459
3545,敦泰,16,7,9,康和-嘉義,2024-01-23,8459
00720B,元大投資級公司債,9,0,9,康和-嘉義,2024-01-23,8459
2208,台船,10,1,9,康和-嘉義,2024-01-23,8459
6111,大宇資,9,0,9,康和-嘉義,2024-01-23,8459
1785,光洋科,10,2,8,康和-嘉義,2024-01-23,8459
2014,中鴻,10,2,8,康和-嘉義,2024-01-23,8459
2884,玉山金,7,0,7,康和-嘉義,2024-01-23,8459
4129,聯合,7,0,7,康和-嘉義,2024-01-23,8459
3025,星通,13,7,6,康和-嘉義,2024-01-23,8459
3450,聯鈞,6,0,6,康和-嘉義,2024-01-23,8459
4956,光鋐,6,0,6,康和-嘉義,2024-01-23,8459
6188,廣明,8,2,6,康和-嘉義,2024-01-23,8459
1519,華城,15,9,6,康和-嘉義,2024-01-23,8459
6770,力積電,8,2,6,康和-嘉義,2024-01-23,8459
4967,十銓,6,1,5,康和-嘉義,2024-01-23,8459
00712,復華富時不動產,5,0,5,康和-嘉義,2024-01-23,8459
00673R,期元大S＆P原油反1,5,0,5,康和-嘉義,2024-01-23,8459
1710,東聯,5,0,5,康和-嘉義,2024-01-23,8459
2816,旺旺保,5,0,5,康和-嘉義,2024-01-23,8459
2939,永邑-KY,5,0,5,康和-嘉義,2024-01-23,8459
3014,聯陽,5,0,5,康和-嘉義,2024-01-23,8459
3227,原相,5,0,5,康和-嘉義,2024-01-23,8459
4979,華星光,10,5,5,康和-嘉義,2024-01-23,8459
00715L,期街口布蘭特正2,1003,18,985,康和-嘉義,2024-01-24,8459
4123,晟德,77,1,76,康和-嘉義,2024-01-24,8459
8936,國統,137,63,74,康和-嘉義,2024-01-24,8459
3231,緯創,107,56,51,康和-嘉義,2024-01-24,8459
00637L,元大滬深300正2,56,8,48,康和-嘉義,2024-01-24,8459
2344,華邦電,110,62,48,康和-嘉義,2024-01-24,8459
2329,華泰,54,13,41,康和-嘉義,2024-01-24,8459
8089,康全電訊,42,3,39,康和-嘉義,2024-01-24,8459
2356,英業達,246,208,38,康和-嘉義,2024-01-24,8459
00687B,國泰20年美債,34,0,34,康和-嘉義,2024-01-24,8459
3066,李洲,30,0,30,康和-嘉義,2024-01-24,8459
8105,凌巨,35,7,28,康和-嘉義,2024-01-24,8459
6873,泓德能源,27,0,27,康和-嘉義,2024-01-24,8459
00937B,群益ESG投等債20,24,0,24,康和-嘉義,2024-01-24,8459
3006,晶豪科,25,2,23,康和-嘉義,2024-01-24,8459
6901,鑽石投資,23,0,23,康和-嘉義,2024-01-24,8459
1815,富喬,21,0,21,康和-嘉義,2024-01-24,8459
3416,融程電,21,0,21,康和-嘉義,2024-01-24,8459
00680L,元大美債20正2,20,0,20,康和-嘉義,2024-01-24,8459
3260,威剛,57,38,19,康和-嘉義,2024-01-24,8459
2489,瑞軒,17,0,17,康和-嘉義,2024-01-24,8459
6237,驊訊,276,259,17,康和-嘉義,2024-01-24,8459
2618,長榮航,54,38,16,康和-嘉義,2024-01-24,8459
5426,振發,53,37,16,康和-嘉義,2024-01-24,8459
3362,先進光,16,0,16,康和-嘉義,2024-01-24,8459
4306,炎洲,15,0,15,康和-嘉義,2024-01-24,8459
6016,康和證,13,0,13,康和-嘉義,2024-01-24,8459
2401,凌陽,13,0,13,康和-嘉義,2024-01-24,8459
6770,力積電,14,1,13,康和-嘉義,2024-01-24,8459
8068,全達,13,0,13,康和-嘉義,2024-01-24,8459
2889,國票金,16,3,13,康和-嘉義,2024-01-24,8459
3354,律勝,12,0,12,康和-嘉義,2024-01-24,8459
2465,麗臺,12,1,11,康和-嘉義,2024-01-24,8459
2607,榮運,11,0,11,康和-嘉義,2024-01-24,8459
6231,系微,11,0,11,康和-嘉義,2024-01-24,8459
00931B,統一美債20年,10,0,10,康和-嘉義,2024-01-24,8459
2610,華航,14,4,10,康和-嘉義,2024-01-24,8459
2939,永邑-KY,10,0,10,康和-嘉義,2024-01-24,8459
6182,合晶,10,0,10,康和-嘉義,2024-01-24,8459
6535,順藥,10,0,10,康和-嘉義,2024-01-24,8459
8011,台通,10,0,10,康和-嘉義,2024-01-24,8459
00679B,元大美債20年,9,0,9,康和-嘉義,2024-01-24,8459
1101,台泥,9,0,9,康和-嘉義,2024-01-24,8459
3296,勝德,9,0,9,康和-嘉義,2024-01-24,8459
3490,單井,30,21,9,康和-嘉義,2024-01-24,8459
6239,力成,10,1,9,康和-嘉義,2024-01-24,8459
6578,達邦蛋白,9,0,9,康和-嘉義,2024-01-24,8459
2498,宏達電,9,0,9,康和-嘉義,2024-01-24,8459
00933B,國泰10Y+金融債,8,0,8,康和-嘉義,2024-01-24,8459
00633L,富邦上証正2,9,1,8,康和-嘉義,2024-01-24,8459
00632R,元大台灣50反1,1127,2,1125,康和-嘉義,2024-01-25,8459
00687B,國泰20年美債,53,0,53,康和-嘉義,2024-01-25,8459
6535,順藥,34,1,33,康和-嘉義,2024-01-25,8459
2618,長榮航,32,3,29,康和-嘉義,2024-01-25,8459
3036,文曄,38,10,28,康和-嘉義,2024-01-25,8459
00751B,元大AAA至A公司債,26,0,26,康和-嘉義,2024-01-25,8459
00753L,中信中國50正2,25,0,25,康和-嘉義,2024-01-25,8459
3706,神達,40,16,24,康和-嘉義,2024-01-25,8459
6462,神盾,29,6,23,康和-嘉義,2024-01-25,8459
8034,榮群,21,0,21,康和-嘉義,2024-01-25,8459
3038,全台,20,0,20,康和-嘉義,2024-01-25,8459
3339,泰谷,21,2,19,康和-嘉義,2024-01-25,8459
3490,單井,22,3,19,康和-嘉義,2024-01-25,8459
6120,達運,26,9,17,康和-嘉義,2024-01-25,8459
00733,富邦臺灣中小,16,0,16,康和-嘉義,2024-01-25,8459
00937B,群益ESG投等債20,18,2,16,康和-嘉義,2024-01-25,8459
00650L,復華香港正2,15,0,15,康和-嘉義,2024-01-25,8459
3162,精確,21,6,15,康和-嘉義,2024-01-25,8459
5534,長虹,15,0,15,康和-嘉義,2024-01-25,8459
2609,陽明,14,0,14,康和-嘉義,2024-01-25,8459
2399,映泰,16,2,14,康和-嘉義,2024-01-25,8459
3548,兆利,30,17,13,康和-嘉義,2024-01-25,8459
6274,台燿,16,3,13,康和-嘉義,2024-01-25,8459
1303,南亞,12,0,12,康和-嘉義,2024-01-25,8459
00904,新光臺灣半導體30,12,0,12,康和-嘉義,2024-01-25,8459
2409,友達,22,10,12,康和-嘉義,2024-01-25,8459
00679B,元大美債20年,11,0,11,康和-嘉義,2024-01-25,8459
00688L,國泰20年美債正2,11,0,11,康和-嘉義,2024-01-25,8459
2486,一詮,11,0,11,康和-嘉義,2024-01-25,8459
5351,鈺創,11,0,11,康和-嘉義,2024-01-25,8459
6155,鈞寶,11,0,11,康和-嘉義,2024-01-25,8459
6163,華電網,15,4,11,康和-嘉義,2024-01-25,8459
8201,無敵,11,0,11,康和-嘉義,2024-01-25,8459
2017,官田鋼,10,0,10,康和-嘉義,2024-01-25,8459
00720B,元大投資級公司債,10,0,10,康和-嘉義,2024-01-25,8459
1316,上曜,10,0,10,康和-嘉義,2024-01-25,8459
2010,春源,10,0,10,康和-嘉義,2024-01-25,8459
2369,菱生,13,3,10,康和-嘉義,2024-01-25,8459
2401,凌陽,10,0,10,康和-嘉義,2024-01-25,8459
4173,久裕,10,0,10,康和-嘉義,2024-01-25,8459
4714,永捷,10,0,10,康和-嘉義,2024-01-25,8459
9105,泰金寶-DR,10,0,10,康和-嘉義,2024-01-25,8459
2314,台揚,9,0,9,康和-嘉義,2024-01-25,8459
2484,希華,11,2,9,康和-嘉義,2024-01-25,8459
4402,郡都開發,9,0,9,康和-嘉義,2024-01-25,8459
2103,台橡,8,0,8,康和-嘉義,2024-01-25,8459
3712,永崴投控,8,0,8,康和-嘉義,2024-01-25,8459
6645,金萬林-創,9,1,8,康和-嘉義,2024-01-25,8459
8046,南電,14,6,8,康和-嘉義,2024-01-25,8459
3376,新日興,31,23,8,康和-嘉義,2024-01-25,8459
00632R,元大台灣50反1,600,5,595,康和-嘉義,2024-01-26,8459
2516,新建,68,0,68,康和-嘉義,2024-01-26,8459
2605,新興,69,4,65,康和-嘉義,2024-01-26,8459
2884,玉山金,51,0,51,康和-嘉義,2024-01-26,8459
6117,迎廣,43,0,43,康和-嘉義,2024-01-26,8459
6182,合晶,42,0,42,康和-嘉義,2024-01-26,8459
2324,仁寶,52,12,40,康和-嘉義,2024-01-26,8459
2409,友達,53,18,35,康和-嘉義,2024-01-26,8459
00929,復華台灣科技優息,29,8,21,康和-嘉義,2024-01-26,8459
1440,南紡,21,0,21,康和-嘉義,2024-01-26,8459
00927,群益半導體收益,20,0,20,康和-嘉義,2024-01-26,8459
1336,台翰,20,0,20,康和-嘉義,2024-01-26,8459
00665L,富邦�琤肭磪囓�2,20,0,20,康和-嘉義,2024-01-26,8459
6806,森崴能源,19,0,19,康和-嘉義,2024-01-26,8459
2431,聯昌,21,3,18,康和-嘉義,2024-01-26,8459
2329,華泰,25,9,16,康和-嘉義,2024-01-26,8459
5443,均豪,22,6,16,康和-嘉義,2024-01-26,8459
6785,昱展新藥,17,1,16,康和-嘉義,2024-01-26,8459
2371,大同,20,5,15,康和-嘉義,2024-01-26,8459
3232,昱捷,15,0,15,康和-嘉義,2024-01-26,8459
6462,神盾,30,15,15,康和-嘉義,2024-01-26,8459
6274,台燿,13,0,13,康和-嘉義,2024-01-26,8459
00919,群益台灣精選高息,14,1,13,康和-嘉義,2024-01-26,8459
3706,神達,16,4,12,康和-嘉義,2024-01-26,8459
4939,亞電,12,0,12,康和-嘉義,2024-01-26,8459
2377,微星,15,4,11,康和-嘉義,2024-01-26,8459
6189,豐藝,11,0,11,康和-嘉義,2024-01-26,8459
8068,全達,11,0,11,康和-嘉義,2024-01-26,8459
1101,台泥,10,0,10,康和-嘉義,2024-01-26,8459
2358,廷鑫,10,0,10,康和-嘉義,2024-01-26,8459
3049,精金,10,0,10,康和-嘉義,2024-01-26,8459
3483,力致,11,1,10,康和-嘉義,2024-01-26,8459
2382,廣達,20,11,9,康和-嘉義,2024-01-26,8459
3339,泰谷,15,6,9,康和-嘉義,2024-01-26,8459
3563,牧德,9,0,9,康和-嘉義,2024-01-26,8459
8147,正淩,10,1,9,康和-嘉義,2024-01-26,8459
3066,李洲,12,4,8,康和-嘉義,2024-01-26,8459
6684,安格,8,0,8,康和-嘉義,2024-01-26,8459
1326,台化,8,1,7,康和-嘉義,2024-01-26,8459
5015,華祺,7,0,7,康和-嘉義,2024-01-26,8459
2867,三商壽,6,0,6,康和-嘉義,2024-01-26,8459
4919,新唐,6,0,6,康和-嘉義,2024-01-26,8459
00878,國泰永續高股息,6,0,6,康和-嘉義,2024-01-26,8459
00673R,期元大S＆P原油反1,6,0,6,康和-嘉義,2024-01-26,8459
6245,立端,7,1,6,康和-嘉義,2024-01-26,8459
6535,順藥,6,0,6,康和-嘉義,2024-01-26,8459
6546,正基,8,2,6,康和-嘉義,2024-01-26,8459
8096,擎亞,34,28,6,康和-嘉義,2024-01-26,8459
2454,聯發科,6,1,5,康和-嘉義,2024-01-26,8459
00891,中信關鍵半導體,5,0,5,康和-嘉義,2024-01-26,8459
3052,夆典,216,0,216,康和-嘉義,2024-01-29,8459
5864,致和證,188,0,188,康和-嘉義,2024-01-29,8459
3576,聯合再生,107,0,107,康和-嘉義,2024-01-29,8459
00937B,群益ESG投等債20,98,0,98,康和-嘉義,2024-01-29,8459
2356,英業達,186,99,87,康和-嘉義,2024-01-29,8459
00637L,元大滬深300正2,66,2,64,康和-嘉義,2024-01-29,8459
2303,聯電,63,1,62,康和-嘉義,2024-01-29,8459
00680L,元大美債20正2,50,0,50,康和-嘉義,2024-01-29,8459
3162,精確,50,0,50,康和-嘉義,2024-01-29,8459
3402,漢科,78,28,50,康和-嘉義,2024-01-29,8459
2888,新光金,44,6,38,康和-嘉義,2024-01-29,8459
6167,久正,30,0,30,康和-嘉義,2024-01-29,8459
00687B,國泰20年美債,30,0,30,康和-嘉義,2024-01-29,8459
2610,華航,77,51,26,康和-嘉義,2024-01-29,8459
6462,神盾,29,8,21,康和-嘉義,2024-01-29,8459
3066,李洲,28,9,19,康和-嘉義,2024-01-29,8459
2883,凱基金,25,6,19,康和-嘉義,2024-01-29,8459
2329,華泰,19,3,16,康和-嘉義,2024-01-29,8459
3490,單井,36,21,15,康和-嘉義,2024-01-29,8459
5706,鳳凰,15,0,15,康和-嘉義,2024-01-29,8459
8150,南茂,15,0,15,康和-嘉義,2024-01-29,8459
4529,淳紳,15,0,15,康和-嘉義,2024-01-29,8459
8227,巨有科技,13,0,13,康和-嘉義,2024-01-29,8459
8040,九暘,13,0,13,康和-嘉義,2024-01-29,8459
2365,昆盈,18,6,12,康和-嘉義,2024-01-29,8459
6116,彩晶,11,0,11,康和-嘉義,2024-01-29,8459
8068,全達,13,2,11,康和-嘉義,2024-01-29,8459
8215,明基材,12,1,11,康和-嘉義,2024-01-29,8459
00933B,國泰10Y+金融債,10,0,10,康和-嘉義,2024-01-29,8459
00927,群益半導體收益,10,0,10,康和-嘉義,2024-01-29,8459
2201,裕隆,20,10,10,康和-嘉義,2024-01-29,8459
2457,飛宏,10,0,10,康和-嘉義,2024-01-29,8459
2867,三商壽,9,0,9,康和-嘉義,2024-01-29,8459
1514,亞力,14,5,9,康和-嘉義,2024-01-29,8459
1785,光洋科,9,0,9,康和-嘉義,2024-01-29,8459
00929,復華台灣科技優息,10,2,8,康和-嘉義,2024-01-29,8459
00902,中信電池及儲能,8,0,8,康和-嘉義,2024-01-29,8459
2527,宏璟,8,0,8,康和-嘉義,2024-01-29,8459
6229,研通,39,31,8,康和-嘉義,2024-01-29,8459
6695,芯鼎,15,8,7,康和-嘉義,2024-01-29,8459
2324,仁寶,17,10,7,康和-嘉義,2024-01-29,8459
00673R,期元大S＆P原油反1,6,0,6,康和-嘉義,2024-01-29,8459
1722,台肥,9,3,6,康和-嘉義,2024-01-29,8459
5469,瀚宇博,13,7,6,康和-嘉義,2024-01-29,8459
6155,鈞寶,6,0,6,康和-嘉義,2024-01-29,8459
3715,定穎投控,21,16,5,康和-嘉義,2024-01-29,8459
00679B,元大美債20年,5,0,5,康和-嘉義,2024-01-29,8459
2314,台揚,5,0,5,康和-嘉義,2024-01-29,8459
2337,旺宏,5,0,5,康和-嘉義,2024-01-29,8459
2485,兆赫,5,0,5,康和-嘉義,2024-01-29,8459
6026,福邦證,152,0,152,康和-嘉義,2024-01-30,8459
6016,康和證,151,0,151,康和-嘉義,2024-01-30,8459
00637L,元大滬深300正2,890,836,54,康和-嘉義,2024-01-30,8459
3615,安可,53,2,51,康和-嘉義,2024-01-30,8459
00929,復華台灣科技優息,51,0,51,康和-嘉義,2024-01-30,8459
00933B,國泰10Y+金融債,50,0,50,康和-嘉義,2024-01-30,8459
00664R,國泰臺灣加權反1,50,0,50,康和-嘉義,2024-01-30,8459
6873,泓德能源,50,0,50,康和-嘉義,2024-01-30,8459
2610,華航,50,2,48,康和-嘉義,2024-01-30,8459
3481,群創,85,44,41,康和-嘉義,2024-01-30,8459
1702,南僑,38,1,37,康和-嘉義,2024-01-30,8459
8068,全達,37,0,37,康和-嘉義,2024-01-30,8459
3038,全台,36,0,36,康和-嘉義,2024-01-30,8459
6182,合晶,60,25,35,康和-嘉義,2024-01-30,8459
00712,復華富時不動產,35,1,34,康和-嘉義,2024-01-30,8459
2344,華邦電,43,10,33,康和-嘉義,2024-01-30,8459
00687B,國泰20年美債,40,10,30,康和-嘉義,2024-01-30,8459
2303,聯電,51,22,29,康和-嘉義,2024-01-30,8459
8096,擎亞,168,139,29,康和-嘉義,2024-01-30,8459
6282,康舒,28,2,26,康和-嘉義,2024-01-30,8459
2103,台橡,25,0,25,康和-嘉義,2024-01-30,8459
3033,威健,39,18,21,康和-嘉義,2024-01-30,8459
00680L,元大美債20正2,30,10,20,康和-嘉義,2024-01-30,8459
1605,華新,20,0,20,康和-嘉義,2024-01-30,8459
6425,易發,22,2,20,康和-嘉義,2024-01-30,8459
4908,前鼎,92,73,19,康和-嘉義,2024-01-30,8459
2845,遠東銀,15,0,15,康和-嘉義,2024-01-30,8459
2007,燁興,15,0,15,康和-嘉義,2024-01-30,8459
2603,長榮,15,0,15,康和-嘉義,2024-01-30,8459
3712,永崴投控,15,0,15,康和-嘉義,2024-01-30,8459
2017,官田鋼,14,0,14,康和-嘉義,2024-01-30,8459
2889,國票金,14,0,14,康和-嘉義,2024-01-30,8459
2886,兆豐金,13,0,13,康和-嘉義,2024-01-30,8459
1611,中電,13,0,13,康和-嘉義,2024-01-30,8459
2634,漢翔,12,0,12,康和-嘉義,2024-01-30,8459
3540,曜越,12,0,12,康和-嘉義,2024-01-30,8459
6546,正基,60,48,12,康和-嘉義,2024-01-30,8459
8064,東捷,17,5,12,康和-嘉義,2024-01-30,8459
9105,泰金寶-DR,14,2,12,康和-嘉義,2024-01-30,8459
00937B,群益ESG投等債20,11,0,11,康和-嘉義,2024-01-30,8459
1722,台肥,12,1,11,康和-嘉義,2024-01-30,8459
3006,晶豪科,12,1,11,康和-嘉義,2024-01-30,8459
3114,好德,17,6,11,康和-嘉義,2024-01-30,8459
6155,鈞寶,18,7,11,康和-嘉義,2024-01-30,8459
6271,同欣電,11,0,11,康和-嘉義,2024-01-30,8459
2887,台新金,10,0,10,康和-嘉義,2024-01-30,8459
1432,大魯閣,10,0,10,康和-嘉義,2024-01-30,8459
2481,強茂,10,0,10,康和-嘉義,2024-01-30,8459
4588,玖鼎電力,10,0,10,康和-嘉義,2024-01-30,8459
8249,菱光,10,0,10,康和-嘉義,2024-01-30,8459
3481,群創,126,44,82,康和-嘉義,2024-01-31,8459
2883,凱基金,62,0,62,康和-嘉義,2024-01-31,8459
5426,振發,66,6,60,康和-嘉義,2024-01-31,8459
2897,王道銀行,45,2,43,康和-嘉義,2024-01-31,8459
6139,亞翔,66,27,39,康和-嘉義,2024-01-31,8459
2516,新建,35,0,35,康和-嘉義,2024-01-31,8459
00679B,元大美債20年,32,0,32,康和-嘉義,2024-01-31,8459
3706,神達,55,29,26,康和-嘉義,2024-01-31,8459
6016,康和證,23,0,23,康和-嘉義,2024-01-31,8459
2303,聯電,66,44,22,康和-嘉義,2024-01-31,8459
2356,英業達,42,20,22,康和-嘉義,2024-01-31,8459
00893,國泰智能電動車,21,0,21,康和-嘉義,2024-01-31,8459
2618,長榮航,23,3,20,康和-嘉義,2024-01-31,8459
3078,僑威,20,0,20,康和-嘉義,2024-01-31,8459
2634,漢翔,34,14,20,康和-嘉義,2024-01-31,8459
2382,廣達,23,4,19,康和-嘉義,2024-01-31,8459
3712,永崴投控,27,8,19,康和-嘉義,2024-01-31,8459
6443,元晶,17,0,17,康和-嘉義,2024-01-31,8459
1714,和桐,17,0,17,康和-嘉義,2024-01-31,8459
00637L,元大滬深300正2,16,0,16,康和-嘉義,2024-01-31,8459
3055,蔚華科,70,55,15,康和-嘉義,2024-01-31,8459
00712,復華富時不動產,14,0,14,康和-嘉義,2024-01-31,8459
2017,官田鋼,13,0,13,康和-嘉義,2024-01-31,8459
1799,易威,11,0,11,康和-嘉義,2024-01-31,8459
2880,華南金,11,0,11,康和-嘉義,2024-01-31,8459
3483,力致,13,2,11,康和-嘉義,2024-01-31,8459
3715,定穎投控,31,21,10,康和-嘉義,2024-01-31,8459
00795B,中信美國公債20年,10,0,10,康和-嘉義,2024-01-31,8459
1732,毛寶,10,0,10,康和-嘉義,2024-01-31,8459
2323,中環,10,0,10,康和-嘉義,2024-01-31,8459
2355,敬鵬,11,1,10,康和-嘉義,2024-01-31,8459
2399,映泰,10,0,10,康和-嘉義,2024-01-31,8459
3041,揚智,11,1,10,康和-嘉義,2024-01-31,8459
3312,弘憶股,10,0,10,康和-嘉義,2024-01-31,8459
8021,尖點,10,0,10,康和-嘉義,2024-01-31,8459
8085,福華,10,0,10,康和-嘉義,2024-01-31,8459
3434,哲固,10,1,9,康和-嘉義,2024-01-31,8459
2368,金像電,9,0,9,康和-嘉義,2024-01-31,8459
1524,耿鼎,9,0,9,康和-嘉義,2024-01-31,8459
2204,中華,10,1,9,康和-嘉義,2024-01-31,8459
3576,聯合再生,9,0,9,康和-嘉義,2024-01-31,8459
4908,前鼎,33,24,9,康和-嘉義,2024-01-31,8459
6237,驊訊,20,11,9,康和-嘉義,2024-01-31,8459
8215,明基材,9,0,9,康和-嘉義,2024-01-31,8459
0056,元大高股息,8,0,8,康和-嘉義,2024-01-31,8459
3694,海華,17,9,8,康和-嘉義,2024-01-31,8459
2344,華邦電,20,12,8,康和-嘉義,2024-01-31,8459
6163,華電網,22,14,8,康和-嘉義,2024-01-31,8459
8112,至上,13,5,8,康和-嘉義,2024-01-31,8459
9919,康那香,11,3,8,康和-嘉義,2024-01-31,8459
6116,彩晶,129,10,119,康和-嘉義,2024-02-01,8459
00687B,國泰20年美債,125,22,103,康和-嘉義,2024-02-01,8459
2303,聯電,90,36,54,康和-嘉義,2024-02-01,8459
2516,新建,72,42,30,康和-嘉義,2024-02-01,8459
2607,榮運,30,0,30,康和-嘉義,2024-02-01,8459
2382,廣達,35,11,24,康和-嘉義,2024-02-01,8459
00712,復華富時不動產,20,0,20,康和-嘉義,2024-02-01,8459
2889,國票金,20,0,20,康和-嘉義,2024-02-01,8459
2409,友達,28,11,17,康和-嘉義,2024-02-01,8459
6282,康舒,56,39,17,康和-嘉義,2024-02-01,8459
6695,芯鼎,79,62,17,康和-嘉義,2024-02-01,8459
2454,聯發科,17,1,16,康和-嘉義,2024-02-01,8459
2455,全新,18,2,16,康和-嘉義,2024-02-01,8459
6016,康和證,15,0,15,康和-嘉義,2024-02-01,8459
2617,台航,16,1,15,康和-嘉義,2024-02-01,8459
3360,尚立,14,0,14,康和-嘉義,2024-02-01,8459
8011,台通,14,0,14,康和-嘉義,2024-02-01,8459
1714,和桐,13,0,13,康和-嘉義,2024-02-01,8459
8068,全達,12,0,12,康和-嘉義,2024-02-01,8459
00882,中信中國高股息,11,0,11,康和-嘉義,2024-02-01,8459
1605,華新,11,0,11,康和-嘉義,2024-02-01,8459
2419,仲琦,11,0,11,康和-嘉義,2024-02-01,8459
4174,浩鼎,11,0,11,康和-嘉義,2024-02-01,8459
00679B,元大美債20年,12,2,10,康和-嘉義,2024-02-01,8459
00931B,統一美債20年,10,0,10,康和-嘉義,2024-02-01,8459
1616,億泰,10,0,10,康和-嘉義,2024-02-01,8459
2007,燁興,10,0,10,康和-嘉義,2024-02-01,8459
2610,華航,12,2,10,康和-嘉義,2024-02-01,8459
3162,精確,10,0,10,康和-嘉義,2024-02-01,8459
6154,順發,10,0,10,康和-嘉義,2024-02-01,8459
6234,高僑,10,0,10,康和-嘉義,2024-02-01,8459
1514,亞力,63,54,9,康和-嘉義,2024-02-01,8459
6155,鈞寶,9,0,9,康和-嘉義,2024-02-01,8459
3402,漢科,12,4,8,康和-嘉義,2024-02-01,8459
6799,來頡,17,9,8,康和-嘉義,2024-02-01,8459
8996,高力,8,0,8,康和-嘉義,2024-02-01,8459
3490,單井,10,3,7,康和-嘉義,2024-02-01,8459
6182,合晶,10,3,7,康和-嘉義,2024-02-01,8459
8096,擎亞,9,2,7,康和-嘉義,2024-02-01,8459
00929,復華台灣科技優息,6,0,6,康和-嘉義,2024-02-01,8459
1325,恆大,16,10,6,康和-嘉義,2024-02-01,8459
3051,力特,10,4,6,康和-嘉義,2024-02-01,8459
8069,元太,6,0,6,康和-嘉義,2024-02-01,8459
6235,華孚,5,0,5,康和-嘉義,2024-02-01,8459
2017,官田鋼,5,0,5,康和-嘉義,2024-02-01,8459
1503,士電,14,9,5,康和-嘉義,2024-02-01,8459
2105,正新,5,0,5,康和-嘉義,2024-02-01,8459
2204,中華,5,0,5,康和-嘉義,2024-02-01,8459
2388,威盛,9,4,5,康和-嘉義,2024-02-01,8459
2484,希華,6,1,5,康和-嘉義,2024-02-01,8459
2365,昆盈,305,15,290,康和-嘉義,2024-02-02,8459
00715L,期街口布蘭特正2,70,7,63,康和-嘉義,2024-02-02,8459
2634,漢翔,56,7,49,康和-嘉義,2024-02-02,8459
2888,新光金,42,1,41,康和-嘉義,2024-02-02,8459
3162,精確,40,1,39,康和-嘉義,2024-02-02,8459
2317,鴻海,37,0,37,康和-嘉義,2024-02-02,8459
2603,長榮,39,9,30,康和-嘉義,2024-02-02,8459
6465,威潤,29,0,29,康和-嘉義,2024-02-02,8459
3548,兆利,36,10,26,康和-嘉義,2024-02-02,8459
00712,復華富時不動產,30,5,25,康和-嘉義,2024-02-02,8459
2356,英業達,58,36,22,康和-嘉義,2024-02-02,8459
2323,中環,20,0,20,康和-嘉義,2024-02-02,8459
2611,志信,20,0,20,康和-嘉義,2024-02-02,8459
00706L,期元大S＆P日圓正2,20,1,19,康和-嘉義,2024-02-02,8459
3576,聯合再生,19,0,19,康和-嘉義,2024-02-02,8459
2408,南亞科,26,10,16,康和-嘉義,2024-02-02,8459
00937B,群益ESG投等債20,23,8,15,康和-嘉義,2024-02-02,8459
8085,福華,18,4,14,康和-嘉義,2024-02-02,8459
3694,海華,15,1,14,康和-嘉義,2024-02-02,8459
3450,聯鈞,13,0,13,康和-嘉義,2024-02-02,8459
6188,廣明,20,7,13,康和-嘉義,2024-02-02,8459
8034,榮群,13,0,13,康和-嘉義,2024-02-02,8459
2329,華泰,22,10,12,康和-嘉義,2024-02-02,8459
3006,晶豪科,18,6,12,康和-嘉義,2024-02-02,8459
3706,神達,12,0,12,康和-嘉義,2024-02-02,8459
8936,國統,47,35,12,康和-嘉義,2024-02-02,8459
2882,國泰金,101,90,11,康和-嘉義,2024-02-02,8459
1513,中興電,32,21,11,康和-嘉義,2024-02-02,8459
2369,菱生,13,2,11,康和-嘉義,2024-02-02,8459
3268,海德威,38,27,11,康和-嘉義,2024-02-02,8459
5272,笙科,11,0,11,康和-嘉義,2024-02-02,8459
1514,亞力,25,14,11,康和-嘉義,2024-02-02,8459
2637,慧洋-KY,10,0,10,康和-嘉義,2024-02-02,8459
3036,文曄,51,41,10,康和-嘉義,2024-02-02,8459
3593,力銘,10,0,10,康和-嘉義,2024-02-02,8459
5706,鳳凰,10,0,10,康和-嘉義,2024-02-02,8459
6168,宏齊,10,0,10,康和-嘉義,2024-02-02,8459
3615,安可,27,17,10,康和-嘉義,2024-02-02,8459
2353,宏��,68,59,9,康和-嘉義,2024-02-02,8459
2891,中信金,10,1,9,康和-嘉義,2024-02-02,8459
8112,至上,9,0,9,康和-嘉義,2024-02-02,8459
2609,陽明,18,10,8,康和-嘉義,2024-02-02,8459
3402,漢科,13,5,8,康和-嘉義,2024-02-02,8459
3490,單井,9,1,8,康和-嘉義,2024-02-02,8459
6237,驊訊,11,3,8,康和-嘉義,2024-02-02,8459
8096,擎亞,13,5,8,康和-嘉義,2024-02-02,8459
00933B,國泰10Y+金融債,9,2,7,康和-嘉義,2024-02-02,8459
2027,大成鋼,7,0,7,康和-嘉義,2024-02-02,8459
2739,寒舍,7,0,7,康和-嘉義,2024-02-02,8459
4961,天鈺,8,1,7,康和-嘉義,2024-02-02,8459
00715L,期街口布蘭特正2,237,15,222,康和-嘉義,2024-02-05,8459
1731,美吾華,151,0,151,康和-嘉義,2024-02-05,8459
6873,泓德能源,137,0,137,康和-嘉義,2024-02-05,8459
2809,京城銀,98,0,98,康和-嘉義,2024-02-05,8459
00929,復華台灣科技優息,70,1,69,康和-嘉義,2024-02-05,8459
00937B,群益ESG投等債20,52,1,51,康和-嘉義,2024-02-05,8459
1714,和桐,44,0,44,康和-嘉義,2024-02-05,8459
00706L,期元大S＆P日圓正2,36,0,36,康和-嘉義,2024-02-05,8459
00687B,國泰20年美債,35,0,35,康和-嘉義,2024-02-05,8459
2610,華航,30,0,30,康和-嘉義,2024-02-05,8459
6830,汎銓,30,0,30,康和-嘉義,2024-02-05,8459
00680L,元大美債20正2,29,3,26,康和-嘉義,2024-02-05,8459
3530,晶相光,45,19,26,康和-嘉義,2024-02-05,8459
2332,友訊,25,0,25,康和-嘉義,2024-02-05,8459
2618,長榮航,38,14,24,康和-嘉義,2024-02-05,8459
00882,中信中國高股息,23,0,23,康和-嘉義,2024-02-05,8459
00679B,元大美債20年,23,0,23,康和-嘉義,2024-02-05,8459
2303,聯電,34,11,23,康和-嘉義,2024-02-05,8459
6770,力積電,25,3,22,康和-嘉義,2024-02-05,8459
2883,凱基金,21,1,20,康和-嘉義,2024-02-05,8459
4973,廣穎,20,0,20,康和-嘉義,2024-02-05,8459
2884,玉山金,20,0,20,康和-嘉義,2024-02-05,8459
5534,長虹,16,0,16,康和-嘉義,2024-02-05,8459
6584,南俊國際,16,0,16,康和-嘉義,2024-02-05,8459
00712,復華富時不動產,15,0,15,康和-嘉義,2024-02-05,8459
2409,友達,16,1,15,康和-嘉義,2024-02-05,8459
5880,合庫金,15,0,15,康和-嘉義,2024-02-05,8459
3268,海德威,25,10,15,康和-嘉義,2024-02-05,8459
6112,邁達特,17,2,15,康和-嘉義,2024-02-05,8459
3033,威健,14,0,14,康和-嘉義,2024-02-05,8459
3363,上詮,24,10,14,康和-嘉義,2024-02-05,8459
6806,森崴能源,16,3,13,康和-嘉義,2024-02-05,8459
9105,泰金寶-DR,13,0,13,康和-嘉義,2024-02-05,8459
3294,英濟,13,0,13,康和-嘉義,2024-02-05,8459
3036,文曄,58,46,12,康和-嘉義,2024-02-05,8459
1528,恩德,88,77,11,康和-嘉義,2024-02-05,8459
00688L,國泰20年美債正2,11,0,11,康和-嘉義,2024-02-05,8459
3006,晶豪科,12,1,11,康和-嘉義,2024-02-05,8459
6122,擎邦,11,0,11,康和-嘉義,2024-02-05,8459
6150,撼訊,11,0,11,康和-嘉義,2024-02-05,8459
3312,弘憶股,11,1,10,康和-嘉義,2024-02-05,8459
2887,台新金,10,0,10,康和-嘉義,2024-02-05,8459
2634,漢翔,15,5,10,康和-嘉義,2024-02-05,8459
1733,五鼎,11,1,10,康和-嘉義,2024-02-05,8459
2359,所羅門,10,0,10,康和-嘉義,2024-02-05,8459
2421,建準,89,79,10,康和-嘉義,2024-02-05,8459
3481,群創,102,92,10,康和-嘉義,2024-02-05,8459
6016,康和證,10,0,10,康和-嘉義,2024-02-05,8459
8249,菱光,10,0,10,康和-嘉義,2024-02-05,8459
8478,東哥遊艇,10,0,10,康和-嘉義,2024-02-05,8459
3206,志豐,375,0,375,康和-嘉義,2024-02-15,8459
00937B,群益ESG投等債20,264,3,261,康和-嘉義,2024-02-15,8459
00632R,元大台灣50反1,179,20,159,康和-嘉義,2024-02-15,8459
6005,群益證,124,0,124,康和-嘉義,2024-02-15,8459
00929,復華台灣科技優息,98,1,97,康和-嘉義,2024-02-15,8459
3312,弘憶股,107,13,94,康和-嘉義,2024-02-15,8459
2883,凱基金,75,4,71,康和-嘉義,2024-02-15,8459
4767,誠泰科技,66,0,66,康和-嘉義,2024-02-15,8459
00679B,元大美債20年,68,3,65,康和-嘉義,2024-02-15,8459
00687B,國泰20年美債,63,2,61,康和-嘉義,2024-02-15,8459
2897,王道銀行,58,0,58,康和-嘉義,2024-02-15,8459
00680L,元大美債20正2,77,20,57,康和-嘉義,2024-02-15,8459
00706L,期元大S＆P日圓正2,52,0,52,康和-嘉義,2024-02-15,8459
3294,英濟,57,5,52,康和-嘉義,2024-02-15,8459
00712,復華富時不動產,48,5,43,康和-嘉義,2024-02-15,8459
00878,國泰永續高股息,94,51,43,康和-嘉義,2024-02-15,8459
00720B,元大投資級公司債,42,0,42,康和-嘉義,2024-02-15,8459
00933B,國泰10Y+金融債,44,2,42,康和-嘉義,2024-02-15,8459
2353,宏��,100,59,41,康和-嘉義,2024-02-15,8459
00688L,國泰20年美債正2,37,0,37,康和-嘉義,2024-02-15,8459
2449,京元電子,70,41,29,康和-嘉義,2024-02-15,8459
6443,元晶,31,2,29,康和-嘉義,2024-02-15,8459
3483,力致,33,7,26,康和-嘉義,2024-02-15,8459
00751B,元大AAA至A公司債,25,0,25,康和-嘉義,2024-02-15,8459
00882,中信中國高股息,29,5,24,康和-嘉義,2024-02-15,8459
2605,新興,72,48,24,康和-嘉義,2024-02-15,8459
8011,台通,31,7,24,康和-嘉義,2024-02-15,8459
2408,南亞科,23,0,23,康和-嘉義,2024-02-15,8459
1714,和桐,22,0,22,康和-嘉義,2024-02-15,8459
1503,士電,28,6,22,康和-嘉義,2024-02-15,8459
1720,生達,22,0,22,康和-嘉義,2024-02-15,8459
00673R,期元大S＆P原油反1,21,0,21,康和-嘉義,2024-02-15,8459
8111,立��,20,0,20,康和-嘉義,2024-02-15,8459
3481,群創,152,133,19,康和-嘉義,2024-02-15,8459
3234,光環,19,1,18,康和-嘉義,2024-02-15,8459
1101,台泥,17,0,17,康和-嘉義,2024-02-15,8459
00923,群益台ESG低碳50,17,0,17,康和-嘉義,2024-02-15,8459
2359,所羅門,18,1,17,康和-嘉義,2024-02-15,8459
2884,玉山金,16,0,16,康和-嘉義,2024-02-15,8459
2379,瑞昱,16,0,16,康和-嘉義,2024-02-15,8459
4909,新復興,16,2,14,康和-嘉義,2024-02-15,8459
2855,統一證,12,0,12,康和-嘉義,2024-02-15,8459
00902,中信電池及儲能,13,1,12,康和-嘉義,2024-02-15,8459
1514,亞力,13,1,12,康和-嘉義,2024-02-15,8459
2313,華通,16,4,12,康和-嘉義,2024-02-15,8459
3036,文曄,65,53,12,康和-嘉義,2024-02-15,8459
3037,欣興,15,3,12,康和-嘉義,2024-02-15,8459
3035,智原,41,30,11,康和-嘉義,2024-02-15,8459
2882,國泰金,12,1,11,康和-嘉義,2024-02-15,8459
8105,凌巨,10,0,10,康和-嘉義,2024-02-15,8459
2387,精元,270,3,267,康和-嘉義,2024-02-16,8459
2353,宏��,279,194,85,康和-嘉義,2024-02-16,8459
3209,全科,81,1,80,康和-嘉義,2024-02-16,8459
3231,緯創,116,53,63,康和-嘉義,2024-02-16,8459
3206,志豐,62,0,62,康和-嘉義,2024-02-16,8459
8096,擎亞,154,95,59,康和-嘉義,2024-02-16,8459
2324,仁寶,73,19,54,康和-嘉義,2024-02-16,8459
00706L,期元大S＆P日圓正2,52,0,52,康和-嘉義,2024-02-16,8459
00680L,元大美債20正2,47,0,47,康和-嘉義,2024-02-16,8459
8011,台通,40,1,39,康和-嘉義,2024-02-16,8459
00687B,國泰20年美債,38,6,32,康和-嘉義,2024-02-16,8459
5521,工信,35,4,31,康和-嘉義,2024-02-16,8459
00688L,國泰20年美債正2,28,0,28,康和-嘉義,2024-02-16,8459
1540,喬福,26,0,26,康和-嘉義,2024-02-16,8459
3481,群創,131,106,25,康和-嘉義,2024-02-16,8459
2382,廣達,43,19,24,康和-嘉義,2024-02-16,8459
6248,沛波,24,0,24,康和-嘉義,2024-02-16,8459
3163,波若威,28,5,23,康和-嘉義,2024-02-16,8459
3711,日月光投控,29,6,23,康和-嘉義,2024-02-16,8459
00933B,國泰10Y+金融債,22,0,22,康和-嘉義,2024-02-16,8459
00907,永豐優息存股,20,0,20,康和-嘉義,2024-02-16,8459
2337,旺宏,20,0,20,康和-嘉義,2024-02-16,8459
3027,盛達,20,0,20,康和-嘉義,2024-02-16,8459
1616,億泰,20,0,20,康和-嘉義,2024-02-16,8459
3322,建舜電,19,0,19,康和-嘉義,2024-02-16,8459
2421,建準,18,0,18,康和-嘉義,2024-02-16,8459
2890,永豐金,20,2,18,康和-嘉義,2024-02-16,8459
00931B,統一美債20年,16,0,16,康和-嘉義,2024-02-16,8459
1513,中興電,66,51,15,康和-嘉義,2024-02-16,8459
6153,嘉聯益,21,6,15,康和-嘉義,2024-02-16,8459
6546,正基,16,1,15,康和-嘉義,2024-02-16,8459
5347,世界,15,1,14,康和-嘉義,2024-02-16,8459
2425,承啟,27,13,14,康和-嘉義,2024-02-16,8459
2476,鉅祥,14,0,14,康和-嘉義,2024-02-16,8459
1101,台泥,13,0,13,康和-嘉義,2024-02-16,8459
00679B,元大美債20年,13,0,13,康和-嘉義,2024-02-16,8459
00715L,期街口布蘭特正2,20,7,13,康和-嘉義,2024-02-16,8459
3178,公準,12,0,12,康和-嘉義,2024-02-16,8459
6282,康舒,35,23,12,康和-嘉義,2024-02-16,8459
00922,國泰台灣領袖50,12,0,12,康和-嘉義,2024-02-16,8459
3090,日電貿,11,0,11,康和-嘉義,2024-02-16,8459
4162,智擎,12,1,11,康和-嘉義,2024-02-16,8459
4994,傳奇,11,0,11,康和-嘉義,2024-02-16,8459
6790,永豐實,11,0,11,康和-嘉義,2024-02-16,8459
2887,台新金,11,1,10,康和-嘉義,2024-02-16,8459
2889,國票金,10,0,10,康和-嘉義,2024-02-16,8459
3081,聯亞,11,1,10,康和-嘉義,2024-02-16,8459
4527,方土霖,10,0,10,康和-嘉義,2024-02-16,8459
4767,誠泰科技,10,0,10,康和-嘉義,2024-02-16,8459
5215,科嘉-KY,10,0,10,康和-嘉義,2024-02-16,8459
2387,精元,102,2,100,康和-嘉義,2024-02-19,8459
2832,台產,79,0,79,康和-嘉義,2024-02-19,8459
3209,全科,51,0,51,康和-嘉義,2024-02-19,8459
00937B,群益ESG投等債20,50,1,49,康和-嘉義,2024-02-19,8459
5426,振發,54,7,47,康和-嘉義,2024-02-19,8459
00679B,元大美債20年,47,1,46,康和-嘉義,2024-02-19,8459
00680L,元大美債20正2,46,0,46,康和-嘉義,2024-02-19,8459
00688L,國泰20年美債正2,40,0,40,康和-嘉義,2024-02-19,8459
4105,東洋,39,1,38,康和-嘉義,2024-02-19,8459
2606,裕民,60,22,38,康和-嘉義,2024-02-19,8459
3206,志豐,37,0,37,康和-嘉義,2024-02-19,8459
3231,緯創,156,123,33,康和-嘉義,2024-02-19,8459
2329,華泰,98,68,30,康和-嘉義,2024-02-19,8459
2405,輔信,31,1,30,康和-嘉義,2024-02-19,8459
2888,新光金,29,1,28,康和-嘉義,2024-02-19,8459
00929,復華台灣科技優息,45,18,27,康和-嘉義,2024-02-19,8459
6189,豐藝,39,12,27,康和-嘉義,2024-02-19,8459
6790,永豐實,26,0,26,康和-嘉義,2024-02-19,8459
00919,群益台灣精選高息,28,3,25,康和-嘉義,2024-02-19,8459
00933B,國泰10Y+金融債,25,0,25,康和-嘉義,2024-02-19,8459
2515,中工,34,9,25,康和-嘉義,2024-02-19,8459
2355,敬鵬,35,10,25,康和-嘉義,2024-02-19,8459
1475,業旺,25,0,25,康和-嘉義,2024-02-19,8459
6789,采鈺,30,5,25,康和-嘉義,2024-02-19,8459
1455,集盛,36,14,22,康和-嘉義,2024-02-19,8459
2337,旺宏,23,1,22,康和-嘉義,2024-02-19,8459
3037,欣興,99,77,22,康和-嘉義,2024-02-19,8459
4402,郡都開發,21,0,21,康和-嘉義,2024-02-19,8459
00706L,期元大S＆P日圓正2,20,0,20,康和-嘉義,2024-02-19,8459
3593,力銘,20,0,20,康和-嘉義,2024-02-19,8459
6216,居易,20,0,20,康和-嘉義,2024-02-19,8459
3289,宜特,19,0,19,康和-嘉義,2024-02-19,8459
6126,信音,20,2,18,康和-嘉義,2024-02-19,8459
3402,漢科,25,8,17,康和-嘉義,2024-02-19,8459
2340,台亞,17,0,17,康和-嘉義,2024-02-19,8459
2419,仲琦,20,3,17,康和-嘉義,2024-02-19,8459
8996,高力,28,12,16,康和-嘉義,2024-02-19,8459
00891,中信關鍵半導體,16,0,16,康和-嘉義,2024-02-19,8459
1312,國喬,15,0,15,康和-嘉義,2024-02-19,8459
2369,菱生,212,198,14,康和-嘉義,2024-02-19,8459
3010,華立,14,0,14,康和-嘉義,2024-02-19,8459
6269,台郡,14,0,14,康和-嘉義,2024-02-19,8459
1733,五鼎,24,11,13,康和-嘉義,2024-02-19,8459
00712,復華富時不動產,18,5,13,康和-嘉義,2024-02-19,8459
2020,美亞,13,0,13,康和-嘉義,2024-02-19,8459
3694,海華,16,3,13,康和-嘉義,2024-02-19,8459
4915,致伸,13,0,13,康和-嘉義,2024-02-19,8459
3105,穩懋,35,24,11,康和-嘉義,2024-02-19,8459
3530,晶相光,12,1,11,康和-嘉義,2024-02-19,8459
00882,中信中國高股息,11,0,11,康和-嘉義,2024-02-19,8459
4767,誠泰科技,165,0,165,康和-嘉義,2024-02-20,8459
00929,復華台灣科技優息,98,14,84,康和-嘉義,2024-02-20,8459
00687B,國泰20年美債,87,5,82,康和-嘉義,2024-02-20,8459
3231,緯創,100,27,73,康和-嘉義,2024-02-20,8459
2382,廣達,76,6,70,康和-嘉義,2024-02-20,8459
4906,正文,68,0,68,康和-嘉義,2024-02-20,8459
2303,聯電,67,5,62,康和-嘉義,2024-02-20,8459
1815,富喬,88,33,55,康和-嘉義,2024-02-20,8459
2014,中鴻,55,0,55,康和-嘉義,2024-02-20,8459
1609,大亞,56,5,51,康和-嘉義,2024-02-20,8459
2332,友訊,49,3,46,康和-嘉義,2024-02-20,8459
8011,台通,50,7,43,康和-嘉義,2024-02-20,8459
8110,華東,57,14,43,康和-嘉義,2024-02-20,8459
5426,振發,40,0,40,康和-嘉義,2024-02-20,8459
6126,信音,46,11,35,康和-嘉義,2024-02-20,8459
00688L,國泰20年美債正2,31,0,31,康和-嘉義,2024-02-20,8459
6189,豐藝,115,85,30,康和-嘉義,2024-02-20,8459
3481,群創,149,120,29,康和-嘉義,2024-02-20,8459
2356,英業達,53,26,27,康和-嘉義,2024-02-20,8459
3081,聯亞,27,0,27,康和-嘉義,2024-02-20,8459
2329,華泰,99,73,26,康和-嘉義,2024-02-20,8459
2371,大同,28,2,26,康和-嘉義,2024-02-20,8459
3209,全科,26,0,26,康和-嘉義,2024-02-20,8459
3483,力致,28,2,26,康和-嘉義,2024-02-20,8459
00937B,群益ESG投等債20,37,15,22,康和-嘉義,2024-02-20,8459
00665L,富邦�琤肭磪囓�2,21,0,21,康和-嘉義,2024-02-20,8459
6136,富爾特,21,0,21,康和-嘉義,2024-02-20,8459
2610,華航,20,0,20,康和-嘉義,2024-02-20,8459
8936,國統,25,6,19,康和-嘉義,2024-02-20,8459
00878,國泰永續高股息,40,21,19,康和-嘉義,2024-02-20,8459
5306,桂盟,18,0,18,康和-嘉義,2024-02-20,8459
00882,中信中國高股息,17,1,16,康和-嘉義,2024-02-20,8459
2890,永豐金,16,0,16,康和-嘉義,2024-02-20,8459
00931B,統一美債20年,15,0,15,康和-嘉義,2024-02-20,8459
3593,力銘,15,0,15,康和-嘉義,2024-02-20,8459
2352,佳世達,15,1,14,康和-嘉義,2024-02-20,8459
3324,雙鴻,20,6,14,康和-嘉義,2024-02-20,8459
2355,敬鵬,20,7,13,康和-嘉義,2024-02-20,8459
3712,永崴投控,48,35,13,康和-嘉義,2024-02-20,8459
5457,宣德,13,0,13,康和-嘉義,2024-02-20,8459
4714,永捷,33,20,13,康和-嘉義,2024-02-20,8459
2369,菱生,22,10,12,康和-嘉義,2024-02-20,8459
4503,金雨,12,0,12,康和-嘉義,2024-02-20,8459
3587,閎康,13,1,12,康和-嘉義,2024-02-20,8459
00795B,中信美國公債20年,12,0,12,康和-嘉義,2024-02-20,8459
3234,光環,12,0,12,康和-嘉義,2024-02-20,8459
3535,晶彩科,13,2,11,康和-嘉義,2024-02-20,8459
8112,至上,11,0,11,康和-嘉義,2024-02-20,8459
4109,加捷生醫,11,0,11,康和-嘉義,2024-02-20,8459
00933B,國泰10Y+金融債,11,0,11,康和-嘉義,2024-02-20,8459
2610,華航,510,0,510,康和-嘉義,2024-02-21,8459
00919,群益台灣精選高息,355,68,287,康和-嘉義,2024-02-21,8459
00929,復華台灣科技優息,95,26,69,康和-嘉義,2024-02-21,8459
8940,新天地,68,0,68,康和-嘉義,2024-02-21,8459
1513,中興電,106,51,55,康和-嘉義,2024-02-21,8459
2515,中工,53,0,53,康和-嘉義,2024-02-21,8459
1714,和桐,52,0,52,康和-嘉義,2024-02-21,8459
2609,陽明,77,33,44,康和-嘉義,2024-02-21,8459
3209,全科,43,0,43,康和-嘉義,2024-02-21,8459
5426,振發,54,11,43,康和-嘉義,2024-02-21,8459
00933B,國泰10Y+金融債,42,1,41,康和-嘉義,2024-02-21,8459
3057,喬鼎,41,0,41,康和-嘉義,2024-02-21,8459
6668,中揚光,40,1,39,康和-嘉義,2024-02-21,8459
6282,康舒,48,17,31,康和-嘉義,2024-02-21,8459
3712,永崴投控,60,29,31,康和-嘉義,2024-02-21,8459
1527,鑽全,25,0,25,康和-嘉義,2024-02-21,8459
2353,宏��,54,30,24,康和-嘉義,2024-02-21,8459
3450,聯鈞,35,11,24,康和-嘉義,2024-02-21,8459
00712,復華富時不動產,44,21,23,康和-嘉義,2024-02-21,8459
3551,世禾,22,0,22,康和-嘉義,2024-02-21,8459
6799,來頡,24,2,22,康和-嘉義,2024-02-21,8459
2303,聯電,21,0,21,康和-嘉義,2024-02-21,8459
00937B,群益ESG投等債20,21,0,21,康和-嘉義,2024-02-21,8459
3372,典範,51,30,21,康和-嘉義,2024-02-21,8459
4908,前鼎,50,29,21,康和-嘉義,2024-02-21,8459
00687B,國泰20年美債,20,0,20,康和-嘉義,2024-02-21,8459
3708,上緯投控,20,0,20,康和-嘉義,2024-02-21,8459
2356,英業達,26,6,20,康和-嘉義,2024-02-21,8459
2883B,凱基金乙特,20,0,20,康和-嘉義,2024-02-21,8459
3303,岱稜,20,0,20,康和-嘉義,2024-02-21,8459
6112,邁達特,21,1,20,康和-嘉義,2024-02-21,8459
6830,汎銓,21,1,20,康和-嘉義,2024-02-21,8459
2201,裕隆,22,6,16,康和-嘉義,2024-02-21,8459
2409,友達,20,6,14,康和-嘉義,2024-02-21,8459
3163,波若威,22,8,14,康和-嘉義,2024-02-21,8459
8110,華東,19,5,14,康和-嘉義,2024-02-21,8459
2382,廣達,22,9,13,康和-嘉義,2024-02-21,8459
1519,華城,18,6,12,康和-嘉義,2024-02-21,8459
1733,五鼎,13,1,12,康和-嘉義,2024-02-21,8459
3576,聯合再生,12,0,12,康和-嘉義,2024-02-21,8459
5488,松普,11,0,11,康和-嘉義,2024-02-21,8459
6116,彩晶,20,9,11,康和-嘉義,2024-02-21,8459
4953,緯軟,11,0,11,康和-嘉義,2024-02-21,8459
00679B,元大美債20年,10,0,10,康和-嘉義,2024-02-21,8459
1336,台翰,10,0,10,康和-嘉義,2024-02-21,8459
1536,和大,10,0,10,康和-嘉義,2024-02-21,8459
2328,廣宇,10,0,10,康和-嘉義,2024-02-21,8459
5607,遠雄港,10,0,10,康和-嘉義,2024-02-21,8459
6248,沛波,10,0,10,康和-嘉義,2024-02-21,8459
8176,智捷,10,0,10,康和-嘉義,2024-02-21,8459
00919,群益台灣精選高息,341,18,323,康和-嘉義,2024-02-22,8459
2888,新光金,100,15,85,康和-嘉義,2024-02-22,8459
1714,和桐,74,0,74,康和-嘉義,2024-02-22,8459
1815,富喬,83,11,72,康和-嘉義,2024-02-22,8459
2449,京元電子,111,45,66,康和-嘉義,2024-02-22,8459
3231,緯創,126,62,64,康和-嘉義,2024-02-22,8459
8105,凌巨,100,44,56,康和-嘉義,2024-02-22,8459
2610,華航,55,5,50,康和-嘉義,2024-02-22,8459
00687B,國泰20年美債,47,0,47,康和-嘉義,2024-02-22,8459
2371,大同,148,105,43,康和-嘉義,2024-02-22,8459
00878,國泰永續高股息,44,5,39,康和-嘉義,2024-02-22,8459
2356,英業達,58,20,38,康和-嘉義,2024-02-22,8459
2313,華通,163,127,36,康和-嘉義,2024-02-22,8459
2889,國票金,33,0,33,康和-嘉義,2024-02-22,8459
2883,凱基金,45,19,26,康和-嘉義,2024-02-22,8459
2481,強茂,25,0,25,康和-嘉義,2024-02-22,8459
2489,瑞軒,51,26,25,康和-嘉義,2024-02-22,8459
6116,彩晶,25,0,25,康和-嘉義,2024-02-22,8459
1733,五鼎,26,3,23,康和-嘉義,2024-02-22,8459
8096,擎亞,47,25,22,康和-嘉義,2024-02-22,8459
1104,環泥,20,0,20,康和-嘉義,2024-02-22,8459
2426,鼎元,21,1,20,康和-嘉義,2024-02-22,8459
2855,統一證,20,0,20,康和-嘉義,2024-02-22,8459
2367,燿華,21,3,18,康和-嘉義,2024-02-22,8459
8936,國統,17,1,16,康和-嘉義,2024-02-22,8459
00632R,元大台灣50反1,16,0,16,康和-嘉義,2024-02-22,8459
2609,陽明,161,146,15,康和-嘉義,2024-02-22,8459
3013,晟銘電,29,14,15,康和-嘉義,2024-02-22,8459
3339,泰谷,18,3,15,康和-嘉義,2024-02-22,8459
5315,光聯,15,0,15,康和-嘉義,2024-02-22,8459
6207,雷科,20,5,15,康和-嘉義,2024-02-22,8459
8478,東哥遊艇,15,0,15,康和-嘉義,2024-02-22,8459
2409,友達,28,14,14,康和-嘉義,2024-02-22,8459
6282,康舒,24,10,14,康和-嘉義,2024-02-22,8459
8112,至上,21,7,14,康和-嘉義,2024-02-22,8459
2208,台船,18,5,13,康和-嘉義,2024-02-22,8459
2915,潤泰全,13,0,13,康和-嘉義,2024-02-22,8459
3005,神基,17,4,13,康和-嘉義,2024-02-22,8459
6290,良維,21,9,12,康和-嘉義,2024-02-22,8459
8996,高力,17,5,12,康和-嘉義,2024-02-22,8459
9907,統一實,11,0,11,康和-嘉義,2024-02-22,8459
3047,訊舟,23,12,11,康和-嘉義,2024-02-22,8459
3221,台嘉碩,14,3,11,康和-嘉義,2024-02-22,8459
3450,聯鈞,16,5,11,康和-嘉義,2024-02-22,8459
6770,力積電,14,4,10,康和-嘉義,2024-02-22,8459
00923,群益台ESG低碳50,10,0,10,康和-嘉義,2024-02-22,8459
00891,中信關鍵半導體,10,0,10,康和-嘉義,2024-02-22,8459
1336,台翰,10,0,10,康和-嘉義,2024-02-22,8459
2543,皇昌,37,27,10,康和-嘉義,2024-02-22,8459
2618,長榮航,15,5,10,康和-嘉義,2024-02-22,8459
2610,華航,77,2,75,康和-嘉義,2024-02-23,8459
00919,群益台灣精選高息,69,2,67,康和-嘉義,2024-02-23,8459
1514,亞力,187,120,67,康和-嘉義,2024-02-23,8459
2883,凱基金,75,11,64,康和-嘉義,2024-02-23,8459
2014,中鴻,64,0,64,康和-嘉義,2024-02-23,8459
1316,上曜,135,76,59,康和-嘉義,2024-02-23,8459
1714,和桐,54,5,49,康和-嘉義,2024-02-23,8459
2329,華泰,136,89,47,康和-嘉義,2024-02-23,8459
3081,聯亞,47,2,45,康和-嘉義,2024-02-23,8459
00878,國泰永續高股息,58,23,35,康和-嘉義,2024-02-23,8459
1605,華新,35,1,34,康和-嘉義,2024-02-23,8459
5426,振發,43,10,33,康和-嘉義,2024-02-23,8459
2002,中鋼,31,1,30,康和-嘉義,2024-02-23,8459
6770,力積電,42,14,28,康和-嘉義,2024-02-23,8459
2303,聯電,30,3,27,康和-嘉義,2024-02-23,8459
4906,正文,26,0,26,康和-嘉義,2024-02-23,8459
3481,群創,31,7,24,康和-嘉義,2024-02-23,8459
6189,豐藝,81,57,24,康和-嘉義,2024-02-23,8459
2515,中工,23,0,23,康和-嘉義,2024-02-23,8459
2845,遠東銀,25,2,23,康和-嘉義,2024-02-23,8459
6197,佳必琪,22,0,22,康和-嘉義,2024-02-23,8459
6005,群益證,29,7,22,康和-嘉義,2024-02-23,8459
00673R,期元大S＆P原油反1,20,0,20,康和-嘉義,2024-02-23,8459
2355,敬鵬,22,2,20,康和-嘉義,2024-02-23,8459
2633,台灣高鐵,20,0,20,康和-嘉義,2024-02-23,8459
6136,富爾特,20,0,20,康和-嘉義,2024-02-23,8459
2887,台新金,19,0,19,康和-嘉義,2024-02-23,8459
3715,定穎投控,20,2,18,康和-嘉義,2024-02-23,8459
2368,金像電,21,4,17,康和-嘉義,2024-02-23,8459
3047,訊舟,25,8,17,康和-嘉義,2024-02-23,8459
6274,台燿,45,28,17,康和-嘉義,2024-02-23,8459
1519,華城,22,5,17,康和-嘉義,2024-02-23,8459
2484,希華,23,7,16,康和-嘉義,2024-02-23,8459
1449,佳和,15,0,15,康和-嘉義,2024-02-23,8459
6285,啟��,28,13,15,康和-嘉義,2024-02-23,8459
2421,建準,22,7,15,康和-嘉義,2024-02-23,8459
00687B,國泰20年美債,19,5,14,康和-嘉義,2024-02-23,8459
2352,佳世達,15,1,14,康和-嘉義,2024-02-23,8459
3563,牧德,14,0,14,康和-嘉義,2024-02-23,8459
5512,力麒,16,2,14,康和-嘉義,2024-02-23,8459
2891,中信金,33,20,13,康和-嘉義,2024-02-23,8459
8110,華東,14,1,13,康和-嘉義,2024-02-23,8459
2882,國泰金,13,0,13,康和-嘉義,2024-02-23,8459
020038,元大ESG配息N,12,0,12,康和-嘉義,2024-02-23,8459
1786,科妍,12,0,12,康和-嘉義,2024-02-23,8459
2492,華新科,12,0,12,康和-嘉義,2024-02-23,8459
1524,耿鼎,12,1,11,康和-嘉義,2024-02-23,8459
2618,長榮航,11,0,11,康和-嘉義,2024-02-23,8459
3712,永崴投控,17,6,11,康和-嘉義,2024-02-23,8459
4953,緯軟,16,5,11,康和-嘉義,2024-02-23,8459
00929,復華台灣科技優息,140,1,139,康和-嘉義,2024-02-26,8459
00933B,國泰10Y+金融債,101,0,101,康和-嘉義,2024-02-26,8459
2363,矽統,173,77,96,康和-嘉義,2024-02-26,8459
9945,潤泰新,100,5,95,康和-嘉義,2024-02-26,8459
6248,沛波,99,20,79,康和-嘉義,2024-02-26,8459
4526,東台,89,12,77,康和-嘉義,2024-02-26,8459
3303,岱稜,86,14,72,康和-嘉義,2024-02-26,8459
2329,華泰,97,28,69,康和-嘉義,2024-02-26,8459
1455,集盛,69,0,69,康和-嘉義,2024-02-26,8459
9103,美德醫療-DR,65,8,57,康和-嘉義,2024-02-26,8459
1503,士電,320,264,56,康和-嘉義,2024-02-26,8459
1795,美時,130,81,49,康和-嘉義,2024-02-26,8459
2606,裕民,63,17,46,康和-嘉義,2024-02-26,8459
6122,擎邦,54,10,44,康和-嘉義,2024-02-26,8459
2883,凱基金,46,3,43,康和-嘉義,2024-02-26,8459
00878,國泰永續高股息,48,9,39,康和-嘉義,2024-02-26,8459
4939,亞電,40,2,38,康和-嘉義,2024-02-26,8459
8011,台通,38,2,36,康和-嘉義,2024-02-26,8459
4123,晟德,35,1,34,康和-嘉義,2024-02-26,8459
4915,致伸,30,0,30,康和-嘉義,2024-02-26,8459
3712,永崴投控,52,23,29,康和-嘉義,2024-02-26,8459
00937B,群益ESG投等債20,39,15,24,康和-嘉義,2024-02-26,8459
1712,興農,70,47,23,康和-嘉義,2024-02-26,8459
00680L,元大美債20正2,30,7,23,康和-嘉義,2024-02-26,8459
2353,宏��,35,13,22,康和-嘉義,2024-02-26,8459
6182,合晶,20,0,20,康和-嘉義,2024-02-26,8459
5521,工信,20,0,20,康和-嘉義,2024-02-26,8459
2409,友達,32,13,19,康和-嘉義,2024-02-26,8459
2405,輔信,37,18,19,康和-嘉義,2024-02-26,8459
6233,旺玖,23,4,19,康和-嘉義,2024-02-26,8459
4931,新盛力,17,0,17,康和-嘉義,2024-02-26,8459
2880,華南金,18,2,16,康和-嘉義,2024-02-26,8459
3036,文曄,22,7,15,康和-嘉義,2024-02-26,8459
1316,上曜,45,30,15,康和-嘉義,2024-02-26,8459
3430,奇鈦科,15,0,15,康和-嘉義,2024-02-26,8459
6284,佳邦,15,0,15,康和-嘉義,2024-02-26,8459
6668,中揚光,25,10,15,康和-嘉義,2024-02-26,8459
2002,中鋼,14,0,14,康和-嘉義,2024-02-26,8459
3025,星通,30,16,14,康和-嘉義,2024-02-26,8459
3234,光環,14,0,14,康和-嘉義,2024-02-26,8459
6785,昱展新藥,14,0,14,康和-嘉義,2024-02-26,8459
2887,台新金,14,1,13,康和-嘉義,2024-02-26,8459
2206,三陽工業,15,2,13,康和-嘉義,2024-02-26,8459
3706,神達,12,0,12,康和-嘉義,2024-02-26,8459
00688L,國泰20年美債正2,13,1,12,康和-嘉義,2024-02-26,8459
1609,大亞,30,18,12,康和-嘉義,2024-02-26,8459
2484,希華,13,1,12,康和-嘉義,2024-02-26,8459
6189,豐藝,53,41,12,康和-嘉義,2024-02-26,8459
4131,浩泰,11,0,11,康和-嘉義,2024-02-26,8459
00882,中信中國高股息,20,10,10,康和-嘉義,2024-02-26,8459
1817,凱撒衛,107,0,107,康和-嘉義,2024-02-27,8459
1815,富喬,108,7,101,康和-嘉義,2024-02-27,8459
00878,國泰永續高股息,81,0,81,康和-嘉義,2024-02-27,8459
8096,擎亞,627,547,80,康和-嘉義,2024-02-27,8459
6116,彩晶,85,20,65,康和-嘉義,2024-02-27,8459
00795B,中信美國公債20年,60,0,60,康和-嘉義,2024-02-27,8459
3450,聯鈞,74,17,57,康和-嘉義,2024-02-27,8459
00937B,群益ESG投等債20,53,1,52,康和-嘉義,2024-02-27,8459
6237,驊訊,51,0,51,康和-嘉義,2024-02-27,8459
00900,富邦特選高股息30,50,0,50,康和-嘉義,2024-02-27,8459
5483,中美晶,51,2,49,康和-嘉義,2024-02-27,8459
00687B,國泰20年美債,62,13,49,康和-嘉義,2024-02-27,8459
00929,復華台灣科技優息,55,7,48,康和-嘉義,2024-02-27,8459
1319,東陽,81,35,46,康和-嘉義,2024-02-27,8459
3037,欣興,81,38,43,康和-嘉義,2024-02-27,8459
00919,群益台灣精選高息,47,7,40,康和-嘉義,2024-02-27,8459
8092,建暐,30,0,30,康和-嘉義,2024-02-27,8459
2382,廣達,33,3,30,康和-嘉義,2024-02-27,8459
6113,亞矽,28,2,26,康和-嘉義,2024-02-27,8459
2109,華豐,25,0,25,康和-嘉義,2024-02-27,8459
3055,蔚華科,24,0,24,康和-嘉義,2024-02-27,8459
1540,喬福,22,0,22,康和-嘉義,2024-02-27,8459
2017,官田鋼,22,0,22,康和-嘉義,2024-02-27,8459
1524,耿鼎,111,90,21,康和-嘉義,2024-02-27,8459
2208,台船,21,0,21,康和-嘉義,2024-02-27,8459
2812,台中銀,19,1,18,康和-嘉義,2024-02-27,8459
6139,亞翔,45,27,18,康和-嘉義,2024-02-27,8459
00679B,元大美債20年,50,33,17,康和-嘉義,2024-02-27,8459
2359,所羅門,28,11,17,康和-嘉義,2024-02-27,8459
6770,力積電,18,2,16,康和-嘉義,2024-02-27,8459
3402,漢科,29,13,16,康和-嘉義,2024-02-27,8459
2609,陽明,44,29,15,康和-嘉義,2024-02-27,8459
3490,單井,27,12,15,康和-嘉義,2024-02-27,8459
4714,永捷,15,0,15,康和-嘉義,2024-02-27,8459
6189,豐藝,39,25,14,康和-嘉義,2024-02-27,8459
2313,華通,16,3,13,康和-嘉義,2024-02-27,8459
6451,訊芯-KY,32,19,13,康和-嘉義,2024-02-27,8459
8046,南電,19,6,13,康和-嘉義,2024-02-27,8459
2103,台橡,12,0,12,康和-嘉義,2024-02-27,8459
2365,昆盈,12,0,12,康和-嘉義,2024-02-27,8459
2485,兆赫,12,0,12,康和-嘉義,2024-02-27,8459
3701,大眾控,14,2,12,康和-嘉義,2024-02-27,8459
4543,萬在,54,42,12,康和-嘉義,2024-02-27,8459
4908,前鼎,36,24,12,康和-嘉義,2024-02-27,8459
4967,十銓,17,5,12,康和-嘉義,2024-02-27,8459
5351,鈺創,15,3,12,康和-嘉義,2024-02-27,8459
3231,緯創,46,34,12,康和-嘉義,2024-02-27,8459
2883,凱基金,31,20,11,康和-嘉義,2024-02-27,8459
3481,群創,12,1,11,康和-嘉義,2024-02-27,8459
2489,瑞軒,11,0,11,康和-嘉義,2024-02-27,8459
00665L,富邦�琤肭磪囓�2,207,0,207,康和-嘉義,2024-02-29,8459
00919,群益台灣精選高息,153,5,148,康和-嘉義,2024-02-29,8459
9911,櫻花,84,0,84,康和-嘉義,2024-02-29,8459
1514,亞力,231,167,64,康和-嘉義,2024-02-29,8459
1504,東元,73,9,64,康和-嘉義,2024-02-29,8459
00795B,中信美國公債20年,60,0,60,康和-嘉義,2024-02-29,8459
00937B,群益ESG投等債20,58,0,58,康和-嘉義,2024-02-29,8459
2480,敦陽科,52,0,52,康和-嘉義,2024-02-29,8459
8936,國統,132,80,52,康和-嘉義,2024-02-29,8459
2371,大同,108,62,46,康和-嘉義,2024-02-29,8459
2897,王道銀行,45,0,45,康和-嘉義,2024-02-29,8459
2109,華豐,39,0,39,康和-嘉義,2024-02-29,8459
3715,定穎投控,36,1,35,康和-嘉義,2024-02-29,8459
3081,聯亞,34,0,34,康和-嘉義,2024-02-29,8459
6127,九豪,34,2,32,康和-嘉義,2024-02-29,8459
1718,中纖,30,0,30,康和-嘉義,2024-02-29,8459
3530,晶相光,35,6,29,康和-嘉義,2024-02-29,8459
6136,富爾特,27,0,27,康和-嘉義,2024-02-29,8459
2353,宏��,46,21,25,康和-嘉義,2024-02-29,8459
5452,佶優,41,16,25,康和-嘉義,2024-02-29,8459
1503,士電,80,56,24,康和-嘉義,2024-02-29,8459
2467,志聖,23,0,23,康和-嘉義,2024-02-29,8459
9958,世紀鋼,24,1,23,康和-嘉義,2024-02-29,8459
3163,波若威,23,1,22,康和-嘉義,2024-02-29,8459
00673R,期元大S＆P原油反1,21,0,21,康和-嘉義,2024-02-29,8459
2887,台新金,21,0,21,康和-嘉義,2024-02-29,8459
00715L,期街口布蘭特正2,20,0,20,康和-嘉義,2024-02-29,8459
2329,華泰,57,37,20,康和-嘉義,2024-02-29,8459
5009,榮剛,23,4,19,康和-嘉義,2024-02-29,8459
1618,合機,19,1,18,康和-嘉義,2024-02-29,8459
6182,合晶,17,0,17,康和-嘉義,2024-02-29,8459
00712,復華富時不動產,16,0,16,康和-嘉義,2024-02-29,8459
8011,台通,16,0,16,康和-嘉義,2024-02-29,8459
5202,力新,15,0,15,康和-嘉義,2024-02-29,8459
5213,亞昕,16,1,15,康和-嘉義,2024-02-29,8459
5483,中美晶,15,0,15,康和-嘉義,2024-02-29,8459
6274,台燿,17,2,15,康和-嘉義,2024-02-29,8459
8926,台汽電,19,4,15,康和-嘉義,2024-02-29,8459
2884,玉山金,17,3,14,康和-嘉義,2024-02-29,8459
2317,鴻海,14,1,13,康和-嘉義,2024-02-29,8459
3540,曜越,37,24,13,康和-嘉義,2024-02-29,8459
6806,森崴能源,42,29,13,康和-嘉義,2024-02-29,8459
6189,豐藝,36,24,12,康和-嘉義,2024-02-29,8459
2376,技嘉,16,4,12,康和-嘉義,2024-02-29,8459
3047,訊舟,26,14,12,康和-嘉義,2024-02-29,8459
3356,奇偶,12,0,12,康和-嘉義,2024-02-29,8459
4128,中天,12,0,12,康和-嘉義,2024-02-29,8459
5225,東科-KY,17,5,12,康和-嘉義,2024-02-29,8459
00933B,國泰10Y+金融債,16,5,11,康和-嘉義,2024-02-29,8459
1560,中砂,11,0,11,康和-嘉義,2024-02-29,8459
00937B,群益ESG投等債20,350,100,250,康和-嘉義,2024-03-01,8459
020031,統一IC設計臺灣N,120,0,120,康和-嘉義,2024-03-01,8459
00795B,中信美國公債20年,110,0,110,康和-嘉義,2024-03-01,8459
00632R,元大台灣50反1,100,0,100,康和-嘉義,2024-03-01,8459
00919,群益台灣精選高息,80,8,72,康和-嘉義,2024-03-01,8459
2206,三陽工業,72,5,67,康和-嘉義,2024-03-01,8459
2208,台船,62,0,62,康和-嘉義,2024-03-01,8459
2329,華泰,95,33,62,康和-嘉義,2024-03-01,8459
8401,白紗科,59,0,59,康和-嘉義,2024-03-01,8459
8085,福華,77,21,56,康和-嘉義,2024-03-01,8459
00690,兆豐藍籌30,51,0,51,康和-嘉義,2024-03-01,8459
1316,上曜,265,214,51,康和-嘉義,2024-03-01,8459
2455,全新,53,12,41,康和-嘉義,2024-03-01,8459
3548,兆利,62,22,40,康和-嘉義,2024-03-01,8459
6116,彩晶,40,0,40,康和-嘉義,2024-03-01,8459
2603,長榮,35,3,32,康和-嘉義,2024-03-01,8459
1605,華新,32,0,32,康和-嘉義,2024-03-01,8459
00878,國泰永續高股息,36,5,31,康和-嘉義,2024-03-01,8459
4908,前鼎,40,10,30,康和-嘉義,2024-03-01,8459
4977,眾達-KY,30,0,30,康和-嘉義,2024-03-01,8459
3037,欣興,29,5,24,康和-嘉義,2024-03-01,8459
8926,台汽電,33,10,23,康和-嘉義,2024-03-01,8459
8996,高力,53,31,22,康和-嘉義,2024-03-01,8459
3402,漢科,34,13,21,康和-嘉義,2024-03-01,8459
6125,廣運,68,48,20,康和-嘉義,2024-03-01,8459
2409,友達,20,2,18,康和-嘉義,2024-03-01,8459
2002,中鋼,26,8,18,康和-嘉義,2024-03-01,8459
2399,映泰,78,61,17,康和-嘉義,2024-03-01,8459
2413,環科,16,0,16,康和-嘉義,2024-03-01,8459
00933B,國泰10Y+金融債,15,0,15,康和-嘉義,2024-03-01,8459
00918,大華優利高填息30,15,0,15,康和-嘉義,2024-03-01,8459
2312,金寶,15,0,15,康和-嘉義,2024-03-01,8459
5512,力麒,15,0,15,康和-嘉義,2024-03-01,8459
6785,昱展新藥,15,0,15,康和-嘉義,2024-03-01,8459
6136,富爾特,13,0,13,康和-嘉義,2024-03-01,8459
1727,中華化,19,7,12,康和-嘉義,2024-03-01,8459
00929,復華台灣科技優息,49,38,11,康和-嘉義,2024-03-01,8459
5284,jpp-KY,17,6,11,康和-嘉義,2024-03-01,8459
2317,鴻海,11,0,11,康和-嘉義,2024-03-01,8459
2485,兆赫,10,0,10,康和-嘉義,2024-03-01,8459
2609,陽明,10,0,10,康和-嘉義,2024-03-01,8459
2349,錸德,10,0,10,康和-嘉義,2024-03-01,8459
00882,中信中國高股息,17,7,10,康和-嘉義,2024-03-01,8459
00633L,富邦上証正2,10,0,10,康和-嘉義,2024-03-01,8459
1336,台翰,10,0,10,康和-嘉義,2024-03-01,8459
2201,裕隆,20,10,10,康和-嘉義,2024-03-01,8459
3010,華立,10,0,10,康和-嘉義,2024-03-01,8459
3322,建舜電,10,0,10,康和-嘉義,2024-03-01,8459
3551,世禾,15,5,10,康和-嘉義,2024-03-01,8459
6229,研通,11,1,10,康和-嘉義,2024-03-01,8459
020031,統一IC設計臺灣N,300,0,300,康和-嘉義,2024-03-04,8459
2324,仁寶,330,128,202,康和-嘉義,2024-03-04,8459
2356,英業達,171,10,161,康和-嘉義,2024-03-04,8459
00632R,元大台灣50反1,162,10,152,康和-嘉義,2024-03-04,8459
1513,中興電,98,29,69,康和-嘉義,2024-03-04,8459
00918,大華優利高填息30,67,0,67,康和-嘉義,2024-03-04,8459
2313,華通,114,47,67,康和-嘉義,2024-03-04,8459
2615,萬海,65,0,65,康和-嘉義,2024-03-04,8459
5347,世界,61,0,61,康和-嘉義,2024-03-04,8459
6530,創威,57,1,56,康和-嘉義,2024-03-04,8459
1503,士電,81,29,52,康和-嘉義,2024-03-04,8459
2888B,新光金乙特,50,0,50,康和-嘉義,2024-03-04,8459
6126,信音,48,0,48,康和-嘉義,2024-03-04,8459
1714,和桐,47,0,47,康和-嘉義,2024-03-04,8459
2317,鴻海,88,41,47,康和-嘉義,2024-03-04,8459
00665L,富邦�琤肭磪囓�2,36,5,31,康和-嘉義,2024-03-04,8459
1702,南僑,30,0,30,康和-嘉義,2024-03-04,8459
2610,華航,30,0,30,康和-嘉義,2024-03-04,8459
3376,新日興,41,12,29,康和-嘉義,2024-03-04,8459
6182,合晶,33,5,28,康和-嘉義,2024-03-04,8459
5009,榮剛,30,3,27,康和-嘉義,2024-03-04,8459
2609,陽明,32,6,26,康和-嘉義,2024-03-04,8459
1514,亞力,114,88,26,康和-嘉義,2024-03-04,8459
3268,海德威,26,0,26,康和-嘉義,2024-03-04,8459
5213,亞昕,26,0,26,康和-嘉義,2024-03-04,8459
3055,蔚華科,26,2,24,康和-嘉義,2024-03-04,8459
9105,泰金寶-DR,22,0,22,康和-嘉義,2024-03-04,8459
4979,華星光,62,40,22,康和-嘉義,2024-03-04,8459
00753L,中信中國50正2,20,0,20,康和-嘉義,2024-03-04,8459
1603,華電,20,0,20,康和-嘉義,2024-03-04,8459
3005,神基,22,2,20,康和-嘉義,2024-03-04,8459
6806,森崴能源,24,4,20,康和-嘉義,2024-03-04,8459
1316,上曜,25,6,19,康和-嘉義,2024-03-04,8459
4402,郡都開發,19,0,19,康和-嘉義,2024-03-04,8459
2885,元大金,19,0,19,康和-嘉義,2024-03-04,8459
5880,合庫金,18,1,17,康和-嘉義,2024-03-04,8459
6139,亞翔,29,12,17,康和-嘉義,2024-03-04,8459
3264,欣銓,24,7,17,康和-嘉義,2024-03-04,8459
2449,京元電子,37,21,16,康和-嘉義,2024-03-04,8459
2402,毅嘉,21,5,16,康和-嘉義,2024-03-04,8459
2812,台中銀,15,0,15,康和-嘉義,2024-03-04,8459
3294,英濟,15,0,15,康和-嘉義,2024-03-04,8459
3437,榮創,15,1,14,康和-嘉義,2024-03-04,8459
2331,精英,17,3,14,康和-嘉義,2024-03-04,8459
8289,泰藝,14,0,14,康和-嘉義,2024-03-04,8459
2603,長榮,48,34,14,康和-嘉義,2024-03-04,8459
1301,台塑,15,2,13,康和-嘉義,2024-03-04,8459
8271,宇瞻,15,3,12,康和-嘉義,2024-03-04,8459
00637L,元大滬深300正2,938,926,12,康和-嘉義,2024-03-04,8459
3685,元創精密,22,10,12,康和-嘉義,2024-03-04,8459
1702,南僑,134,0,134,康和-嘉義,2024-03-05,8459
020031,統一IC設計臺灣N,120,0,120,康和-嘉義,2024-03-05,8459
3231,緯創,219,99,120,康和-嘉義,2024-03-05,8459
4906,正文,134,49,85,康和-嘉義,2024-03-05,8459
3209,全科,74,0,74,康和-嘉義,2024-03-05,8459
1513,中興電,197,132,65,康和-嘉義,2024-03-05,8459
1714,和桐,64,2,62,康和-嘉義,2024-03-05,8459
1504,東元,100,40,60,康和-嘉義,2024-03-05,8459
2889,國票金,56,0,56,康和-嘉義,2024-03-05,8459
2485,兆赫,99,50,49,康和-嘉義,2024-03-05,8459
5521,工信,51,2,49,康和-嘉義,2024-03-05,8459
00937B,群益ESG投等債20,46,0,46,康和-嘉義,2024-03-05,8459
2382,廣達,55,12,43,康和-嘉義,2024-03-05,8459
2606,裕民,54,11,43,康和-嘉義,2024-03-05,8459
2376,技嘉,39,6,33,康和-嘉義,2024-03-05,8459
1605,華新,32,0,32,康和-嘉義,2024-03-05,8459
2516,新建,42,11,31,康和-嘉義,2024-03-05,8459
6116,彩晶,30,0,30,康和-嘉義,2024-03-05,8459
00915,凱基優選高股息30,30,0,30,康和-嘉義,2024-03-05,8459
8096,擎亞,38,10,28,康和-嘉義,2024-03-05,8459
3029,零壹,27,0,27,康和-嘉義,2024-03-05,8459
3356,奇偶,28,1,27,康和-嘉義,2024-03-05,8459
6275,元山,35,11,24,康和-嘉義,2024-03-05,8459
3701,大眾控,23,0,23,康和-嘉義,2024-03-05,8459
3588,通嘉,25,2,23,康和-嘉義,2024-03-05,8459
2329,華泰,32,10,22,康和-嘉義,2024-03-05,8459
3268,海德威,23,1,22,康和-嘉義,2024-03-05,8459
8271,宇瞻,22,0,22,康和-嘉義,2024-03-05,8459
6150,撼訊,32,11,21,康和-嘉義,2024-03-05,8459
00712,復華富時不動產,23,3,20,康和-嘉義,2024-03-05,8459
1444,力麗,20,0,20,康和-嘉義,2024-03-05,8459
2618,長榮航,24,4,20,康和-嘉義,2024-03-05,8459
6188,廣明,35,15,20,康和-嘉義,2024-03-05,8459
3689,湧德,24,4,20,康和-嘉義,2024-03-05,8459
2002,中鋼,20,1,19,康和-嘉義,2024-03-05,8459
3062,建漢,25,7,18,康和-嘉義,2024-03-05,8459
3081,聯亞,19,1,18,康和-嘉義,2024-03-05,8459
2888,新光金,18,0,18,康和-嘉義,2024-03-05,8459
1314,中石化,15,0,15,康和-嘉義,2024-03-05,8459
2371,大同,33,18,15,康和-嘉義,2024-03-05,8459
00918,大華優利高填息30,14,0,14,康和-嘉義,2024-03-05,8459
1795,美時,54,40,14,康和-嘉義,2024-03-05,8459
2438,翔耀,14,0,14,康和-嘉義,2024-03-05,8459
2897,王道銀行,65,51,14,康和-嘉義,2024-03-05,8459
3694,海華,20,6,14,康和-嘉義,2024-03-05,8459
3481,群創,102,89,13,康和-嘉義,2024-03-05,8459
2392,正崴,13,0,13,康和-嘉義,2024-03-05,8459
2887Z1,台新己特,13,0,13,康和-嘉義,2024-03-05,8459
2331,精英,16,4,12,康和-嘉義,2024-03-05,8459
2460,建通,12,0,12,康和-嘉義,2024-03-05,8459
1409,新纖,682,2,680,康和-嘉義,2024-03-06,8459
2845,遠東銀,337,60,277,康和-嘉義,2024-03-06,8459
2633,台灣高鐵,160,0,160,康和-嘉義,2024-03-06,8459
2313,華通,126,5,121,康和-嘉義,2024-03-06,8459
3209,全科,119,3,116,康和-嘉義,2024-03-06,8459
2317,鴻海,117,21,96,康和-嘉義,2024-03-06,8459
2515,中工,662,598,64,康和-嘉義,2024-03-06,8459
00918,大華優利高填息30,67,15,52,康和-嘉義,2024-03-06,8459
00632R,元大台灣50反1,55,5,50,康和-嘉義,2024-03-06,8459
6116,彩晶,52,10,42,康和-嘉義,2024-03-06,8459
1817,凱撒衛,42,0,42,康和-嘉義,2024-03-06,8459
2618,長榮航,60,21,39,康和-嘉義,2024-03-06,8459
6156,松上,41,3,38,康和-嘉義,2024-03-06,8459
5452,佶優,45,9,36,康和-嘉義,2024-03-06,8459
8011,台通,60,24,36,康和-嘉義,2024-03-06,8459
8936,國統,147,111,36,康和-嘉義,2024-03-06,8459
8996,高力,39,10,29,康和-嘉義,2024-03-06,8459
2103,台橡,27,0,27,康和-嘉義,2024-03-06,8459
2610,華航,51,26,25,康和-嘉義,2024-03-06,8459
2606,裕民,24,1,23,康和-嘉義,2024-03-06,8459
6160,欣技,21,0,21,康和-嘉義,2024-03-06,8459
00795B,中信美國公債20年,20,0,20,康和-嘉義,2024-03-06,8459
5515,建國,30,11,19,康和-嘉義,2024-03-06,8459
2352,佳世達,23,5,18,康和-嘉義,2024-03-06,8459
1444,力麗,20,3,17,康和-嘉義,2024-03-06,8459
8110,華東,22,5,17,康和-嘉義,2024-03-06,8459
8401,白紗科,17,0,17,康和-嘉義,2024-03-06,8459
3013,晟銘電,240,224,16,康和-嘉義,2024-03-06,8459
6120,達運,15,0,15,康和-嘉義,2024-03-06,8459
00679B,元大美債20年,17,2,15,康和-嘉義,2024-03-06,8459
3339,泰谷,15,0,15,康和-嘉義,2024-03-06,8459
8210,勤誠,21,6,15,康和-嘉義,2024-03-06,8459
2603,長榮,15,1,14,康和-嘉義,2024-03-06,8459
6182,合晶,14,0,14,康和-嘉義,2024-03-06,8459
3029,零壹,18,4,14,康和-嘉義,2024-03-06,8459
3338,泰碩,15,1,14,康和-嘉義,2024-03-06,8459
4916,事欣科,16,3,13,康和-嘉義,2024-03-06,8459
3689,湧德,50,37,13,康和-嘉義,2024-03-06,8459
020031,統一IC設計臺灣N,12,0,12,康和-嘉義,2024-03-06,8459
3354,律勝,20,8,12,康和-嘉義,2024-03-06,8459
8050,廣積,15,3,12,康和-嘉義,2024-03-06,8459
1316,上曜,48,37,11,康和-嘉義,2024-03-06,8459
5347,世界,11,0,11,康和-嘉義,2024-03-06,8459
1305,華夏,16,5,11,康和-嘉義,2024-03-06,8459
1560,中砂,31,20,11,康和-嘉義,2024-03-06,8459
2408,南亞科,11,0,11,康和-嘉義,2024-03-06,8459
2498,宏達電,13,2,11,康和-嘉義,2024-03-06,8459
6190,萬泰科,31,20,11,康和-嘉義,2024-03-06,8459
00933B,國泰10Y+金融債,11,0,11,康和-嘉義,2024-03-06,8459
00904,新光臺灣半導體30,10,0,10,康和-嘉義,2024-03-06,8459
00937B,群益ESG投等債20,2045,0,2045,康和-嘉義,2024-03-07,8459
00632R,元大台灣50反1,1055,0,1055,康和-嘉義,2024-03-07,8459
1734,杏輝,528,22,506,康和-嘉義,2024-03-07,8459
2855,統一證,331,110,221,康和-嘉義,2024-03-07,8459
8112,至上,248,31,217,康和-嘉義,2024-03-07,8459
2356,英業達,125,7,118,康和-嘉義,2024-03-07,8459
00679B,元大美債20年,116,5,111,康和-嘉義,2024-03-07,8459
6016,康和證,195,124,71,康和-嘉義,2024-03-07,8459
020031,統一IC設計臺灣N,70,0,70,康和-嘉義,2024-03-07,8459
00919,群益台灣精選高息,202,141,61,康和-嘉義,2024-03-07,8459
2888,新光金,52,0,52,康和-嘉義,2024-03-07,8459
1504,東元,52,6,46,康和-嘉義,2024-03-07,8459
1714,和桐,43,0,43,康和-嘉義,2024-03-07,8459
8011,台通,51,8,43,康和-嘉義,2024-03-07,8459
1471,首利,41,0,41,康和-嘉義,2024-03-07,8459
2882,國泰金,35,0,35,康和-嘉義,2024-03-07,8459
2352,佳世達,34,5,29,康和-嘉義,2024-03-07,8459
3308,聯德,29,0,29,康和-嘉義,2024-03-07,8459
8110,華東,70,41,29,康和-嘉義,2024-03-07,8459
2323,中環,31,3,28,康和-嘉義,2024-03-07,8459
00933B,國泰10Y+金融債,30,3,27,康和-嘉義,2024-03-07,8459
00712,復華富時不動產,27,0,27,康和-嘉義,2024-03-07,8459
8034,榮群,29,2,27,康和-嘉義,2024-03-07,8459
3231,緯創,61,35,26,康和-嘉義,2024-03-07,8459
2883B,凱基金乙特,25,0,25,康和-嘉義,2024-03-07,8459
3325,旭品,32,7,25,康和-嘉義,2024-03-07,8459
3289,宜特,27,2,25,康和-嘉義,2024-03-07,8459
3006,晶豪科,25,1,24,康和-嘉義,2024-03-07,8459
3217,優群,23,0,23,康和-嘉義,2024-03-07,8459
5521,工信,43,21,22,康和-嘉義,2024-03-07,8459
3481,群創,22,1,21,康和-嘉義,2024-03-07,8459
3551,世禾,22,1,21,康和-嘉義,2024-03-07,8459
5452,佶優,22,2,20,康和-嘉義,2024-03-07,8459
8215,明基材,20,0,20,康和-嘉義,2024-03-07,8459
3052,夆典,20,0,20,康和-嘉義,2024-03-07,8459
6584,南俊國際,20,1,19,康和-嘉義,2024-03-07,8459
8096,擎亞,27,8,19,康和-嘉義,2024-03-07,8459
3294,英濟,58,39,19,康和-嘉義,2024-03-07,8459
2353,宏��,74,56,18,康和-嘉義,2024-03-07,8459
00687B,國泰20年美債,19,1,18,康和-嘉義,2024-03-07,8459
2534,宏盛,18,0,18,康和-嘉義,2024-03-07,8459
2634,漢翔,36,19,17,康和-嘉義,2024-03-07,8459
2486,一詮,19,2,17,康和-嘉義,2024-03-07,8459
3042,晶技,18,1,17,康和-嘉義,2024-03-07,8459
6770,力積電,22,7,15,康和-嘉義,2024-03-07,8459
1785,光洋科,70,55,15,康和-嘉義,2024-03-07,8459
2413,環科,15,0,15,康和-嘉義,2024-03-07,8459
3376,新日興,80,65,15,康和-嘉義,2024-03-07,8459
3380,明泰,15,0,15,康和-嘉義,2024-03-07,8459
3450,聯鈞,19,4,15,康和-嘉義,2024-03-07,8459
00632R,元大台灣50反1,1122,75,1047,康和-嘉義,2024-03-08,8459
6016,康和證,531,45,486,康和-嘉義,2024-03-08,8459
00937B,群益ESG投等債20,233,5,228,康和-嘉義,2024-03-08,8459
00919,群益台灣精選高息,208,34,174,康和-嘉義,2024-03-08,8459
1714,和桐,133,0,133,康和-嘉義,2024-03-08,8459
5009,榮剛,115,0,115,康和-嘉義,2024-03-08,8459
00933B,國泰10Y+金融債,122,21,101,康和-嘉義,2024-03-08,8459
2615,萬海,122,36,86,康和-嘉義,2024-03-08,8459
2002,中鋼,84,18,66,康和-嘉義,2024-03-08,8459
2618,長榮航,100,44,56,康和-嘉義,2024-03-08,8459
5498,凱崴,65,15,50,康和-嘉義,2024-03-08,8459
6234,高僑,39,0,39,康和-嘉義,2024-03-08,8459
00918,大華優利高填息30,52,15,37,康和-嘉義,2024-03-08,8459
2344,華邦電,38,2,36,康和-嘉義,2024-03-08,8459
00857B,永豐20年美公債,30,0,30,康和-嘉義,2024-03-08,8459
00648R,元大S＆P500反1,30,0,30,康和-嘉義,2024-03-08,8459
2897,王道銀行,30,0,30,康和-嘉義,2024-03-08,8459
3481,群創,59,30,29,康和-嘉義,2024-03-08,8459
2317,鴻海,40,10,30,康和-嘉義,2024-03-08,8459
4123,晟德,30,4,26,康和-嘉義,2024-03-08,8459
6122,擎邦,29,4,25,康和-嘉義,2024-03-08,8459
6290,良維,26,1,25,康和-嘉義,2024-03-08,8459
1316,上曜,61,37,24,康和-嘉義,2024-03-08,8459
2468,華經,23,0,23,康和-嘉義,2024-03-08,8459
2371,大同,33,10,23,康和-嘉義,2024-03-08,8459
3402,漢科,22,0,22,康和-嘉義,2024-03-08,8459
2485,兆赫,26,5,21,康和-嘉義,2024-03-08,8459
3551,世禾,21,0,21,康和-嘉義,2024-03-08,8459
00637L,元大滬深300正2,30,10,20,康和-嘉義,2024-03-08,8459
00706L,期元大S＆P日圓正2,20,0,20,康和-嘉義,2024-03-08,8459
8215,明基材,21,1,20,康和-嘉義,2024-03-08,8459
3711,日月光投控,30,11,19,康和-嘉義,2024-03-08,8459
1540,喬福,19,0,19,康和-嘉義,2024-03-08,8459
3051,力特,46,27,19,康和-嘉義,2024-03-08,8459
2845,遠東銀,20,1,19,康和-嘉義,2024-03-08,8459
2603,長榮,58,40,18,康和-嘉義,2024-03-08,8459
6197,佳必琪,19,1,18,康和-嘉義,2024-03-08,8459
2103,台橡,18,0,18,康和-嘉義,2024-03-08,8459
2353,宏��,59,41,18,康和-嘉義,2024-03-08,8459
2465,麗臺,17,0,17,康和-嘉義,2024-03-08,8459
1560,中砂,31,15,16,康和-嘉義,2024-03-08,8459
2515,中工,15,0,15,康和-嘉義,2024-03-08,8459
2883B,凱基金乙特,15,0,15,康和-嘉義,2024-03-08,8459
3434,哲固,15,0,15,康和-嘉義,2024-03-08,8459
3713,新晶投控,15,0,15,康和-嘉義,2024-03-08,8459
4533,協易機,15,0,15,康和-嘉義,2024-03-08,8459
6550,北極星藥業-KY,15,0,15,康和-嘉義,2024-03-08,8459
5347,世界,18,5,13,康和-嘉義,2024-03-08,8459
2634,漢翔,26,14,12,康和-嘉義,2024-03-08,8459
2352,佳世達,12,0,12,康和-嘉義,2024-03-08,8459
2883,凱基金,593,66,527,康和-嘉義,2024-03-11,8459
2851,中再保,376,0,376,康和-嘉義,2024-03-11,8459
2845,遠東銀,306,0,306,康和-嘉義,2024-03-11,8459
00937B,群益ESG投等債20,245,0,245,康和-嘉義,2024-03-11,8459
00857B,永豐20年美公債,105,0,105,康和-嘉義,2024-03-11,8459
2610,華航,63,0,63,康和-嘉義,2024-03-11,8459
4107,邦特,57,0,57,康和-嘉義,2024-03-11,8459
5515,建國,71,22,49,康和-嘉義,2024-03-11,8459
2344,華邦電,56,8,48,康和-嘉義,2024-03-11,8459
3689,湧德,58,10,48,康和-嘉義,2024-03-11,8459
00637L,元大滬深300正2,80,37,43,康和-嘉義,2024-03-11,8459
00878,國泰永續高股息,43,6,37,康和-嘉義,2024-03-11,8459
2916,滿心,36,0,36,康和-嘉義,2024-03-11,8459
8011,台通,41,6,35,康和-嘉義,2024-03-11,8459
3231,緯創,192,159,33,康和-嘉義,2024-03-11,8459
1312,國喬,30,3,27,康和-嘉義,2024-03-11,8459
6589,台康生技,27,0,27,康和-嘉義,2024-03-11,8459
9911,櫻花,27,0,27,康和-嘉義,2024-03-11,8459
3264,欣銓,34,8,26,康和-嘉義,2024-03-11,8459
1714,和桐,29,3,26,康和-嘉義,2024-03-11,8459
2887,台新金,25,0,25,康和-嘉義,2024-03-11,8459
3294,英濟,25,2,23,康和-嘉義,2024-03-11,8459
2606,裕民,41,19,22,康和-嘉義,2024-03-11,8459
5351,鈺創,28,6,22,康和-嘉義,2024-03-11,8459
2891,中信金,21,0,21,康和-嘉義,2024-03-11,8459
2323,中環,26,5,21,康和-嘉義,2024-03-11,8459
00934,中信成長高股息,21,0,21,康和-嘉義,2024-03-11,8459
3027,盛達,22,1,21,康和-嘉義,2024-03-11,8459
00706L,期元大S＆P日圓正2,20,0,20,康和-嘉義,2024-03-11,8459
2426,鼎元,20,0,20,康和-嘉義,2024-03-11,8459
2301,光寶科,27,9,18,康和-嘉義,2024-03-11,8459
00919,群益台灣精選高息,124,107,17,康和-嘉義,2024-03-11,8459
8150,南茂,20,3,17,康和-嘉義,2024-03-11,8459
00918,大華優利高填息30,26,10,16,康和-嘉義,2024-03-11,8459
2609,陽明,28,13,15,康和-嘉義,2024-03-11,8459
2451,創見,15,0,15,康和-嘉義,2024-03-11,8459
2516,新建,15,0,15,康和-嘉義,2024-03-11,8459
3356,奇偶,14,0,14,康和-嘉義,2024-03-11,8459
00687B,國泰20年美債,23,10,13,康和-嘉義,2024-03-11,8459
2455,全新,15,2,13,康和-嘉義,2024-03-11,8459
3479,安勤,13,0,13,康和-嘉義,2024-03-11,8459
1582,信錦,35,23,12,康和-嘉義,2024-03-11,8459
6712,長聖,12,0,12,康和-嘉義,2024-03-11,8459
3583,辛耘,26,14,12,康和-嘉義,2024-03-11,8459
3313,斐成,11,0,11,康和-嘉義,2024-03-11,8459
3588,通嘉,11,0,11,康和-嘉義,2024-03-11,8459
8059,凱碩,10,0,10,康和-嘉義,2024-03-11,8459
1529,樂事綠能,10,0,10,康和-嘉義,2024-03-11,8459
2441,超豐,10,0,10,康和-嘉義,2024-03-11,8459
3051,力特,11,1,10,康和-嘉義,2024-03-11,8459
00937B,群益ESG投等債20,363,0,363,康和-嘉義,2024-03-12,8459
2344,華邦電,186,3,183,康和-嘉義,2024-03-12,8459
2832,台產,188,68,120,康和-嘉義,2024-03-12,8459
2916,滿心,77,0,77,康和-嘉義,2024-03-12,8459
00929,復華台灣科技優息,102,30,72,康和-嘉義,2024-03-12,8459
2348,海悅,71,0,71,康和-嘉義,2024-03-12,8459
8096,擎亞,377,310,67,康和-嘉義,2024-03-12,8459
00919,群益台灣精選高息,72,15,57,康和-嘉義,2024-03-12,8459
1702,南僑,54,0,54,康和-嘉義,2024-03-12,8459
4107,邦特,53,0,53,康和-嘉義,2024-03-12,8459
3325,旭品,60,8,52,康和-嘉義,2024-03-12,8459
1720,生達,44,0,44,康和-嘉義,2024-03-12,8459
1210,大成,41,5,36,康和-嘉義,2024-03-12,8459
2371,大同,38,2,36,康和-嘉義,2024-03-12,8459
8147,正淩,34,0,34,康和-嘉義,2024-03-12,8459
00918,大華優利高填息30,30,0,30,康和-嘉義,2024-03-12,8459
2007,燁興,29,0,29,康和-嘉義,2024-03-12,8459
3294,英濟,28,1,27,康和-嘉義,2024-03-12,8459
1316,上曜,27,0,27,康和-嘉義,2024-03-12,8459
1815,富喬,27,0,27,康和-嘉義,2024-03-12,8459
2316,楠梓電,28,1,27,康和-嘉義,2024-03-12,8459
1714,和桐,24,0,24,康和-嘉義,2024-03-12,8459
3705,永信,24,0,24,康和-嘉義,2024-03-12,8459
3707,漢磊,24,0,24,康和-嘉義,2024-03-12,8459
2201,裕隆,34,11,23,康和-嘉義,2024-03-12,8459
1519,華城,26,4,22,康和-嘉義,2024-03-12,8459
1504,東元,23,2,21,康和-嘉義,2024-03-12,8459
2913,農林,21,0,21,康和-嘉義,2024-03-12,8459
3171,炎洲流通,20,0,20,康和-嘉義,2024-03-12,8459
3689,湧德,34,15,19,康和-嘉義,2024-03-12,8459
00687B,國泰20年美債,18,1,17,康和-嘉義,2024-03-12,8459
2328,廣宇,17,0,17,康和-嘉義,2024-03-12,8459
4714,永捷,25,8,17,康和-嘉義,2024-03-12,8459
8279,生展,17,0,17,康和-嘉義,2024-03-12,8459
3481,群創,21,5,16,康和-嘉義,2024-03-12,8459
2606,裕民,17,1,16,康和-嘉義,2024-03-12,8459
00857B,永豐20年美公債,15,0,15,康和-嘉義,2024-03-12,8459
2204,中華,15,0,15,康和-嘉義,2024-03-12,8459
5498,凱崴,14,0,14,康和-嘉義,2024-03-12,8459
1513,中興電,76,63,13,康和-嘉義,2024-03-12,8459
3303,岱稜,13,0,13,康和-嘉義,2024-03-12,8459
4906,正文,20,7,13,康和-嘉義,2024-03-12,8459
2324,仁寶,36,25,11,康和-嘉義,2024-03-12,8459
2476,鉅祥,12,1,11,康和-嘉義,2024-03-12,8459
3041,揚智,11,0,11,康和-嘉義,2024-03-12,8459
3163,波若威,58,47,11,康和-嘉義,2024-03-12,8459
6933,AMAX-KY,11,0,11,康和-嘉義,2024-03-12,8459
00931B,統一美債20年,10,0,10,康和-嘉義,2024-03-12,8459
00712,復華富時不動產,10,0,10,康和-嘉義,2024-03-12,8459
00795B,中信美國公債20年,10,0,10,康和-嘉義,2024-03-12,8459
00673R,期元大S＆P原油反1,100,0,100,康和-嘉義,2024-03-13,8459
00918,大華優利高填息30,69,0,69,康和-嘉義,2024-03-13,8459
1514,亞力,150,86,64,康和-嘉義,2024-03-13,8459
6125,廣運,73,10,63,康和-嘉義,2024-03-13,8459
00937B,群益ESG投等債20,72,14,58,康和-嘉義,2024-03-13,8459
1714,和桐,53,0,53,康和-嘉義,2024-03-13,8459
00933B,國泰10Y+金融債,63,11,52,康和-嘉義,2024-03-13,8459
00919,群益台灣精選高息,95,49,46,康和-嘉義,2024-03-13,8459
3356,奇偶,45,0,45,康和-嘉義,2024-03-13,8459
2883B,凱基金乙特,43,0,43,康和-嘉義,2024-03-13,8459
00915,凱基優選高股息30,50,11,39,康和-嘉義,2024-03-13,8459
1702,南僑,49,10,39,康和-嘉義,2024-03-13,8459
3313,斐成,36,2,34,康和-嘉義,2024-03-13,8459
2516,新建,42,12,30,康和-嘉義,2024-03-13,8459
2897,王道銀行,28,0,28,康和-嘉義,2024-03-13,8459
2888,新光金,30,3,27,康和-嘉義,2024-03-13,8459
2332,友訊,27,1,26,康和-嘉義,2024-03-13,8459
2408,南亞科,25,0,25,康和-嘉義,2024-03-13,8459
2371,大同,58,33,25,康和-嘉義,2024-03-13,8459
3013,晟銘電,24,0,24,康和-嘉義,2024-03-13,8459
6275,元山,70,46,24,康和-嘉義,2024-03-13,8459
2027,大成鋼,23,0,23,康和-嘉義,2024-03-13,8459
3231,緯創,127,104,23,康和-嘉義,2024-03-13,8459
00857B,永豐20年美公債,22,0,22,康和-嘉義,2024-03-13,8459
2367,燿華,48,26,22,康和-嘉義,2024-03-13,8459
3081,聯亞,25,4,21,康和-嘉義,2024-03-13,8459
3665,貿聯-KY,21,0,21,康和-嘉義,2024-03-13,8459
8926,台汽電,30,9,21,康和-嘉義,2024-03-13,8459
1110,東泥,20,0,20,康和-嘉義,2024-03-13,8459
2534,宏盛,20,0,20,康和-嘉義,2024-03-13,8459
4942,嘉彰,20,0,20,康和-嘉義,2024-03-13,8459
6278,台表科,33,13,20,康和-嘉義,2024-03-13,8459
1540,喬福,18,0,18,康和-嘉義,2024-03-13,8459
00679B,元大美債20年,18,0,18,康和-嘉義,2024-03-13,8459
1608,華榮,21,3,18,康和-嘉義,2024-03-13,8459
2313,華通,48,30,18,康和-嘉義,2024-03-13,8459
6530,創威,28,10,18,康和-嘉義,2024-03-13,8459
3006,晶豪科,22,6,16,康和-嘉義,2024-03-13,8459
2002,中鋼,16,0,16,康和-嘉義,2024-03-13,8459
1312,國喬,16,0,16,康和-嘉義,2024-03-13,8459
00712,復華富時不動產,32,17,15,康和-嘉義,2024-03-13,8459
1720,生達,15,0,15,康和-嘉義,2024-03-13,8459
2413,環科,15,0,15,康和-嘉義,2024-03-13,8459
3713,新晶投控,15,0,15,康和-嘉義,2024-03-13,8459
1316,上曜,38,24,14,康和-嘉義,2024-03-13,8459
6120,達運,21,7,14,康和-嘉義,2024-03-13,8459
6770,力積電,21,7,14,康和-嘉義,2024-03-13,8459
3171,炎洲流通,13,0,13,康和-嘉義,2024-03-13,8459
3363,上詮,13,0,13,康和-嘉義,2024-03-13,8459
4919,新唐,23,10,13,康和-嘉義,2024-03-13,8459
2608,嘉里大榮,218,0,218,康和-嘉義,2024-03-14,8459
00915,凱基優選高股息30,136,0,136,康和-嘉義,2024-03-14,8459
2618,長榮航,131,16,115,康和-嘉義,2024-03-14,8459
2888,新光金,113,11,102,康和-嘉義,2024-03-14,8459
6770,力積電,96,0,96,康和-嘉義,2024-03-14,8459
3481,群創,101,5,96,康和-嘉義,2024-03-14,8459
00937B,群益ESG投等債20,76,0,76,康和-嘉義,2024-03-14,8459
2892,第一金,60,1,59,康和-嘉義,2024-03-14,8459
00687B,國泰20年美債,56,0,56,康和-嘉義,2024-03-14,8459
00696B,富邦美債20年,55,0,55,康和-嘉義,2024-03-14,8459
2834,臺企銀,74,24,50,康和-嘉義,2024-03-14,8459
1316,上曜,68,26,42,康和-嘉義,2024-03-14,8459
6139,亞翔,45,6,39,康和-嘉義,2024-03-14,8459
00637L,元大滬深300正2,53,20,33,康和-嘉義,2024-03-14,8459
1103,嘉泥,30,0,30,康和-嘉義,2024-03-14,8459
6901,鑽石投資,31,1,30,康和-嘉義,2024-03-14,8459
6806,森崴能源,29,0,29,康和-嘉義,2024-03-14,8459
8011,台通,27,0,27,康和-嘉義,2024-03-14,8459
1514,亞力,66,40,26,康和-嘉義,2024-03-14,8459
00930,永豐ESG低碳高息,20,0,20,康和-嘉義,2024-03-14,8459
3010,華立,22,2,20,康和-嘉義,2024-03-14,8459
2066,世德,19,0,19,康和-嘉義,2024-03-14,8459
9945,潤泰新,19,1,18,康和-嘉義,2024-03-14,8459
1110,東泥,17,0,17,康和-嘉義,2024-03-14,8459
2344,華邦電,20,3,17,康和-嘉義,2024-03-14,8459
2606,裕民,17,0,17,康和-嘉義,2024-03-14,8459
3231,緯創,57,41,16,康和-嘉義,2024-03-14,8459
2885,元大金,18,2,16,康和-嘉義,2024-03-14,8459
2382,廣達,29,14,15,康和-嘉義,2024-03-14,8459
8059,凱碩,15,0,15,康和-嘉義,2024-03-14,8459
2330,台積電,24,10,14,康和-嘉義,2024-03-14,8459
1457,宜進,15,1,14,康和-嘉義,2024-03-14,8459
3090,日電貿,14,0,14,康和-嘉義,2024-03-14,8459
6217,中探針,14,0,14,康和-嘉義,2024-03-14,8459
1101,台泥,13,0,13,康和-嘉義,2024-03-14,8459
2363,矽統,15,2,13,康和-嘉義,2024-03-14,8459
6136,富爾特,15,2,13,康和-嘉義,2024-03-14,8459
8147,正淩,14,1,13,康和-嘉義,2024-03-14,8459
8112,至上,16,4,12,康和-嘉義,2024-03-14,8459
00918,大華優利高填息30,41,30,11,康和-嘉義,2024-03-14,8459
2615,萬海,11,0,11,康和-嘉義,2024-03-14,8459
2301,光寶科,17,7,10,康和-嘉義,2024-03-14,8459
2897,王道銀行,26,16,10,康和-嘉義,2024-03-14,8459
00857B,永豐20年美公債,10,0,10,康和-嘉義,2024-03-14,8459
00751B,元大AAA至A公司債,10,0,10,康和-嘉義,2024-03-14,8459
00632R,元大台灣50反1,15,5,10,康和-嘉義,2024-03-14,8459
1618,合機,11,1,10,康和-嘉義,2024-03-14,8459
3356,奇偶,12,2,10,康和-嘉義,2024-03-14,8459
3689,湧德,10,0,10,康和-嘉義,2024-03-14,8459
4173,久裕,10,0,10,康和-嘉義,2024-03-14,8459
6128,上福,412,1,411,康和-嘉義,2024-03-15,8459
2888,新光金,301,42,259,康和-嘉義,2024-03-15,8459
1608,華榮,278,77,201,康和-嘉義,2024-03-15,8459
2883,凱基金,157,47,110,康和-嘉義,2024-03-15,8459
00919,群益台灣精選高息,139,45,94,康和-嘉義,2024-03-15,8459
2834,臺企銀,180,86,94,康和-嘉義,2024-03-15,8459
4529,淳紳,90,0,90,康和-嘉義,2024-03-15,8459
2618,長榮航,93,11,82,康和-嘉義,2024-03-15,8459
2354,鴻準,99,17,82,康和-嘉義,2024-03-15,8459
00937B,群益ESG投等債20,80,2,78,康和-嘉義,2024-03-15,8459
2002,中鋼,72,0,72,康和-嘉義,2024-03-15,8459
2867,三商壽,71,0,71,康和-嘉義,2024-03-15,8459
2409,友達,71,3,68,康和-嘉義,2024-03-15,8459
2323,中環,105,42,63,康和-嘉義,2024-03-15,8459
2303,聯電,118,56,62,康和-嘉義,2024-03-15,8459
8085,福華,61,0,61,康和-嘉義,2024-03-15,8459
3081,聯亞,54,0,54,康和-嘉義,2024-03-15,8459
00687B,國泰20年美債,52,0,52,康和-嘉義,2024-03-15,8459
2615,萬海,66,21,45,康和-嘉義,2024-03-15,8459
2501,國建,44,2,42,康和-嘉義,2024-03-15,8459
2610,華航,43,2,41,康和-嘉義,2024-03-15,8459
00712,復華富時不動產,40,2,38,康和-嘉義,2024-03-15,8459
1513,中興電,92,56,36,康和-嘉義,2024-03-15,8459
4961,天鈺,56,20,36,康和-嘉義,2024-03-15,8459
2367,燿華,35,2,33,康和-嘉義,2024-03-15,8459
2405,輔信,30,0,30,康和-嘉義,2024-03-15,8459
5213,亞昕,32,2,30,康和-嘉義,2024-03-15,8459
5425,台半,32,2,30,康和-嘉義,2024-03-15,8459
3483,力致,37,10,27,康和-嘉義,2024-03-15,8459
00688L,國泰20年美債正2,26,0,26,康和-嘉義,2024-03-15,8459
00882,中信中國高股息,25,0,25,康和-嘉義,2024-03-15,8459
6807,峰源-KY,25,0,25,康和-嘉義,2024-03-15,8459
1110,東泥,23,0,23,康和-嘉義,2024-03-15,8459
2331,精英,23,0,23,康和-嘉義,2024-03-15,8459
3438,類比科,42,22,20,康和-嘉義,2024-03-15,8459
8112,至上,33,13,20,康和-嘉義,2024-03-15,8459
5519,隆大,18,0,18,康和-嘉義,2024-03-15,8459
2103,台橡,17,0,17,康和-嘉義,2024-03-15,8459
2891,中信金,38,21,17,康和-嘉義,2024-03-15,8459
8996,高力,23,6,17,康和-嘉義,2024-03-15,8459
00918,大華優利高填息30,17,1,16,康和-嘉義,2024-03-15,8459
1781,合世,16,0,16,康和-嘉義,2024-03-15,8459
5483,中美晶,20,4,16,康和-嘉義,2024-03-15,8459
6770,力積電,16,1,15,康和-嘉義,2024-03-15,8459
00680L,元大美債20正2,35,20,15,康和-嘉義,2024-03-15,8459
3010,華立,15,0,15,康和-嘉義,2024-03-15,8459
2471,資通,30,15,15,康和-嘉義,2024-03-15,8459
00891,中信關鍵半導體,13,0,13,康和-嘉義,2024-03-15,8459
00679B,元大美債20年,12,0,12,康和-嘉義,2024-03-15,8459
2009,第一銅,64,52,12,康和-嘉義,2024-03-15,8459
00937B,群益ESG投等債20,204,10,194,康和-嘉義,2024-03-18,8459
2888,新光金,168,16,152,康和-嘉義,2024-03-18,8459
2834,臺企銀,202,52,150,康和-嘉義,2024-03-18,8459
00687B,國泰20年美債,126,4,122,康和-嘉義,2024-03-18,8459
2515,中工,115,18,97,康和-嘉義,2024-03-18,8459
2501,國建,96,0,96,康和-嘉義,2024-03-18,8459
8112,至上,102,7,95,康和-嘉義,2024-03-18,8459
2884,玉山金,95,2,93,康和-嘉義,2024-03-18,8459
4973,廣穎,81,6,75,康和-嘉義,2024-03-18,8459
2382,廣達,180,106,74,康和-嘉義,2024-03-18,8459
6005,群益證,65,0,65,康和-嘉義,2024-03-18,8459
00679B,元大美債20年,62,0,62,康和-嘉義,2024-03-18,8459
3481,群創,77,20,57,康和-嘉義,2024-03-18,8459
1503,士電,79,22,57,康和-嘉義,2024-03-18,8459
6116,彩晶,49,0,49,康和-嘉義,2024-03-18,8459
3294,英濟,57,11,46,康和-嘉義,2024-03-18,8459
3356,奇偶,49,3,46,康和-嘉義,2024-03-18,8459
00918,大華優利高填息30,44,0,44,康和-嘉義,2024-03-18,8459
1608,華榮,69,25,44,康和-嘉義,2024-03-18,8459
2303,聯電,57,13,44,康和-嘉義,2024-03-18,8459
00919,群益台灣精選高息,56,15,41,康和-嘉義,2024-03-18,8459
2891,中信金,53,13,40,康和-嘉義,2024-03-18,8459
2367,燿華,131,98,33,康和-嘉義,2024-03-18,8459
2892,第一金,43,10,33,康和-嘉義,2024-03-18,8459
1514,亞力,108,76,32,康和-嘉義,2024-03-18,8459
6015,宏遠證,30,0,30,康和-嘉義,2024-03-18,8459
00929,復華台灣科技優息,73,45,28,康和-嘉義,2024-03-18,8459
1101,台泥,31,4,27,康和-嘉義,2024-03-18,8459
00637L,元大滬深300正2,30,4,26,康和-嘉義,2024-03-18,8459
2608,嘉里大榮,25,0,25,康和-嘉義,2024-03-18,8459
2495,普安,33,9,24,康和-嘉義,2024-03-18,8459
5515,建國,23,0,23,康和-嘉義,2024-03-18,8459
8011,台通,31,9,22,康和-嘉義,2024-03-18,8459
2371,大同,46,24,22,康和-嘉義,2024-03-18,8459
2937,集雅社,22,0,22,康和-嘉義,2024-03-18,8459
2313,華通,82,60,22,康和-嘉義,2024-03-18,8459
3006,晶豪科,22,1,21,康和-嘉義,2024-03-18,8459
2890,永豐金,20,0,20,康和-嘉義,2024-03-18,8459
2369,菱生,22,2,20,康和-嘉義,2024-03-18,8459
2488,漢平,20,0,20,康和-嘉義,2024-03-18,8459
6589,台康生技,20,0,20,康和-嘉義,2024-03-18,8459
1513,中興電,294,274,20,康和-嘉義,2024-03-18,8459
1304,台聚,20,2,18,康和-嘉義,2024-03-18,8459
3013,晟銘電,21,4,17,康和-嘉義,2024-03-18,8459
4714,永捷,21,4,17,康和-嘉義,2024-03-18,8459
2409,友達,16,0,16,康和-嘉義,2024-03-18,8459
1477,聚陽,13,0,13,康和-嘉義,2024-03-18,8459
5213,亞昕,16,3,13,康和-嘉義,2024-03-18,8459
2354,鴻準,35,23,12,康和-嘉義,2024-03-18,8459
00706L,期元大S＆P日圓正2,12,0,12,康和-嘉義,2024-03-18,8459
2356,英業達,348,23,325,康和-嘉義,2024-03-19,8459
4973,廣穎,149,1,148,康和-嘉義,2024-03-19,8459
2303,聯電,300,180,120,康和-嘉義,2024-03-19,8459
00919,群益台灣精選高息,123,25,98,康和-嘉義,2024-03-19,8459
00715L,期街口布蘭特正2,100,6,94,康和-嘉義,2024-03-19,8459
2851,中再保,62,0,62,康和-嘉義,2024-03-19,8459
4938,和碩,184,125,59,康和-嘉義,2024-03-19,8459
2501,國建,58,0,58,康和-嘉義,2024-03-19,8459
2208,台船,74,18,56,康和-嘉義,2024-03-19,8459
2608,嘉里大榮,54,0,54,康和-嘉義,2024-03-19,8459
2486,一詮,53,9,44,康和-嘉義,2024-03-19,8459
00929,復華台灣科技優息,54,12,42,康和-嘉義,2024-03-19,8459
6425,易發,41,0,41,康和-嘉義,2024-03-19,8459
3005,神基,111,73,38,康和-嘉義,2024-03-19,8459
00706L,期元大S＆P日圓正2,36,0,36,康和-嘉義,2024-03-19,8459
00933B,國泰10Y+金融債,35,0,35,康和-嘉義,2024-03-19,8459
1101,台泥,48,14,34,康和-嘉義,2024-03-19,8459
2834,臺企銀,91,57,34,康和-嘉義,2024-03-19,8459
6116,彩晶,34,1,33,康和-嘉義,2024-03-19,8459
4503,金雨,34,2,32,康和-嘉義,2024-03-19,8459
3481,群創,37,6,31,康和-嘉義,2024-03-19,8459
1513,中興電,268,237,31,康和-嘉義,2024-03-19,8459
2399,映泰,31,0,31,康和-嘉義,2024-03-19,8459
2317,鴻海,95,65,30,康和-嘉義,2024-03-19,8459
1605,華新,105,75,30,康和-嘉義,2024-03-19,8459
2344,華邦電,32,2,30,康和-嘉義,2024-03-19,8459
2611,志信,31,3,28,康和-嘉義,2024-03-19,8459
00918,大華優利高填息30,27,0,27,康和-嘉義,2024-03-19,8459
00937B,群益ESG投等債20,26,0,26,康和-嘉義,2024-03-19,8459
2363,矽統,25,2,23,康和-嘉義,2024-03-19,8459
2347,聯強,22,0,22,康和-嘉義,2024-03-19,8459
2393,億光,21,0,21,康和-嘉義,2024-03-19,8459
3548,兆利,39,18,21,康和-嘉義,2024-03-19,8459
5515,建國,20,0,20,康和-嘉義,2024-03-19,8459
1618,合機,21,2,19,康和-嘉義,2024-03-19,8459
3041,揚智,23,5,18,康和-嘉義,2024-03-19,8459
2353,宏��,21,3,18,康和-嘉義,2024-03-19,8459
2892,第一金,18,0,18,康和-嘉義,2024-03-19,8459
2324,仁寶,16,0,16,康和-嘉義,2024-03-19,8459
2609,陽明,15,0,15,康和-嘉義,2024-03-19,8459
2883,凱基金,55,40,15,康和-嘉義,2024-03-19,8459
1110,東泥,15,0,15,康和-嘉義,2024-03-19,8459
2845,遠東銀,15,0,15,康和-嘉義,2024-03-19,8459
3706,神達,110,96,14,康和-嘉義,2024-03-19,8459
2373,震旦行,13,0,13,康和-嘉義,2024-03-19,8459
5521,工信,13,0,13,康和-嘉義,2024-03-19,8459
6128,上福,13,0,13,康和-嘉義,2024-03-19,8459
4138,曜亞,12,0,12,康和-嘉義,2024-03-19,8459
8401,白紗科,12,0,12,康和-嘉義,2024-03-19,8459
3090,日電貿,11,0,11,康和-嘉義,2024-03-19,8459
00939,統一台灣高息動能,644,441,203,康和-嘉義,2024-03-20,8459
2356,英業達,443,241,202,康和-嘉義,2024-03-20,8459
2317,鴻海,394,233,161,康和-嘉義,2024-03-20,8459
2323,中環,160,29,131,康和-嘉義,2024-03-20,8459
00919,群益台灣精選高息,148,40,108,康和-嘉義,2024-03-20,8459
1734,杏輝,103,0,103,康和-嘉義,2024-03-20,8459
2887,台新金,101,0,101,康和-嘉義,2024-03-20,8459
4714,永捷,98,2,96,康和-嘉義,2024-03-20,8459
00941,中信上游半導體,104,13,91,康和-嘉義,2024-03-20,8459
1709,和益,72,0,72,康和-嘉義,2024-03-20,8459
00687B,國泰20年美債,62,0,62,康和-嘉義,2024-03-20,8459
3006,晶豪科,51,0,51,康和-嘉義,2024-03-20,8459
2834,臺企銀,69,18,51,康和-嘉義,2024-03-20,8459
2344,華邦電,52,4,48,康和-嘉義,2024-03-20,8459
3481,群創,48,0,48,康和-嘉義,2024-03-20,8459
8234,新漢,45,1,44,康和-嘉義,2024-03-20,8459
4540,全球傳動,40,1,39,康和-嘉義,2024-03-20,8459
2891,中信金,43,5,38,康和-嘉義,2024-03-20,8459
2855,統一證,38,0,38,康和-嘉義,2024-03-20,8459
8112,至上,43,5,38,康和-嘉義,2024-03-20,8459
1905,華紙,37,0,37,康和-嘉義,2024-03-20,8459
8085,福華,34,0,34,康和-嘉義,2024-03-20,8459
2332,友訊,32,1,31,康和-嘉義,2024-03-20,8459
4973,廣穎,28,0,28,康和-嘉義,2024-03-20,8459
2328,廣宇,30,3,27,康和-嘉義,2024-03-20,8459
2937,集雅社,26,0,26,康和-嘉義,2024-03-20,8459
1608,華榮,45,20,25,康和-嘉義,2024-03-20,8459
8150,南茂,30,6,24,康和-嘉義,2024-03-20,8459
2889,國票金,22,0,22,康和-嘉義,2024-03-20,8459
1514,亞力,26,5,21,康和-嘉義,2024-03-20,8459
2820,華票,20,0,20,康和-嘉義,2024-03-20,8459
2399,映泰,20,0,20,康和-嘉義,2024-03-20,8459
00878,國泰永續高股息,23,3,20,康和-嘉義,2024-03-20,8459
1101,台泥,50,31,19,康和-嘉義,2024-03-20,8459
00637L,元大滬深300正2,20,1,19,康和-嘉義,2024-03-20,8459
2382,廣達,48,30,18,康和-嘉義,2024-03-20,8459
2313,華通,29,11,18,康和-嘉義,2024-03-20,8459
6462,神盾,22,5,17,康和-嘉義,2024-03-20,8459
00706L,期元大S＆P日圓正2,16,0,16,康和-嘉義,2024-03-20,8459
1524,耿鼎,16,0,16,康和-嘉義,2024-03-20,8459
3036,文曄,17,1,16,康和-嘉義,2024-03-20,8459
8054,安國,30,14,16,康和-嘉義,2024-03-20,8459
2615,萬海,20,5,15,康和-嘉義,2024-03-20,8459
00893,國泰智能電動車,23,9,14,康和-嘉義,2024-03-20,8459
00915,凱基優選高股息30,24,10,14,康和-嘉義,2024-03-20,8459
5521,工信,16,2,14,康和-嘉義,2024-03-20,8459
2832,台產,13,0,13,康和-嘉義,2024-03-20,8459
3059,華晶科,18,5,13,康和-嘉義,2024-03-20,8459
4958,臻鼎-KY,32,19,13,康和-嘉義,2024-03-20,8459
2354,鴻準,58,45,13,康和-嘉義,2024-03-20,8459
3576,聯合再生,209,8,201,康和-嘉義,2024-03-21,8459
00933B,國泰10Y+金融債,154,0,154,康和-嘉義,2024-03-21,8459
6005,群益證,150,0,150,康和-嘉義,2024-03-21,8459
00679B,元大美債20年,122,0,122,康和-嘉義,2024-03-21,8459
00857B,永豐20年美公債,103,0,103,康和-嘉義,2024-03-21,8459
6147,頎邦,102,0,102,康和-嘉義,2024-03-21,8459
1514,亞力,172,86,86,康和-嘉義,2024-03-21,8459
00939,統一台灣高息動能,154,73,81,康和-嘉義,2024-03-21,8459
2367,燿華,186,112,74,康和-嘉義,2024-03-21,8459
6153,嘉聯益,62,0,62,康和-嘉義,2024-03-21,8459
1504,東元,82,23,59,康和-嘉義,2024-03-21,8459
2855,統一證,58,0,58,康和-嘉義,2024-03-21,8459
2834,臺企銀,56,6,50,康和-嘉義,2024-03-21,8459
00665L,富邦�琤肭磪囓�2,50,0,50,康和-嘉義,2024-03-21,8459
1513,中興電,170,121,49,康和-嘉義,2024-03-21,8459
00929,復華台灣科技優息,77,35,42,康和-嘉義,2024-03-21,8459
2405,輔信,42,4,38,康和-嘉義,2024-03-21,8459
00632R,元大台灣50反1,538,500,38,康和-嘉義,2024-03-21,8459
2329,華泰,38,0,38,康和-嘉義,2024-03-21,8459
2409,友達,139,106,33,康和-嘉義,2024-03-21,8459
4938,和碩,73,41,32,康和-嘉義,2024-03-21,8459
8996,高力,44,18,26,康和-嘉義,2024-03-21,8459
2354,鴻準,46,21,25,康和-嘉義,2024-03-21,8459
2399,映泰,21,0,21,康和-嘉義,2024-03-21,8459
3498,陽程,28,10,18,康和-嘉義,2024-03-21,8459
8936,國統,29,13,16,康和-嘉義,2024-03-21,8459
2867,三商壽,15,0,15,康和-嘉義,2024-03-21,8459
2609,陽明,17,3,14,康和-嘉義,2024-03-21,8459
00687B,國泰20年美債,16,2,14,康和-嘉義,2024-03-21,8459
6120,達運,16,3,13,康和-嘉義,2024-03-21,8459
1229,聯華,13,0,13,康和-嘉義,2024-03-21,8459
5498,凱崴,13,0,13,康和-嘉義,2024-03-21,8459
2406,國碩,18,6,12,康和-嘉義,2024-03-21,8459
3339,泰谷,12,0,12,康和-嘉義,2024-03-21,8459
2362,藍天,13,2,11,康和-嘉義,2024-03-21,8459
8942,森鉅,11,0,11,康和-嘉義,2024-03-21,8459
00931B,統一美債20年,10,0,10,康和-嘉義,2024-03-21,8459
2303,聯電,42,32,10,康和-嘉義,2024-03-21,8459
2480,敦陽科,10,0,10,康和-嘉義,2024-03-21,8459
2530,華建,10,0,10,康和-嘉義,2024-03-21,8459
2705,六福,10,0,10,康和-嘉義,2024-03-21,8459
2897,王道銀行,10,0,10,康和-嘉義,2024-03-21,8459
3202,樺晟,10,0,10,康和-嘉義,2024-03-21,8459
3515,華擎,12,2,10,康和-嘉義,2024-03-21,8459
4934,太極,10,0,10,康和-嘉義,2024-03-21,8459
6150,撼訊,10,0,10,康和-嘉義,2024-03-21,8459
6244,茂迪,22,12,10,康和-嘉義,2024-03-21,8459
6263,普萊德,10,0,10,康和-嘉義,2024-03-21,8459
2009,第一銅,13,3,10,康和-嘉義,2024-03-21,8459
00720B,元大投資級公司債,9,0,9,康和-嘉義,2024-03-21,8459
1608,華榮,1304,132,1172,康和-嘉義,2024-03-22,8459
00680L,元大美債20正2,260,0,260,康和-嘉義,2024-03-22,8459
2367,燿華,317,117,200,康和-嘉義,2024-03-22,8459
00715L,期街口布蘭特正2,501,350,151,康和-嘉義,2024-03-22,8459
3481,群創,170,24,146,康和-嘉義,2024-03-22,8459
2353,宏��,215,98,117,康和-嘉義,2024-03-22,8459
00687B,國泰20年美債,106,0,106,康和-嘉義,2024-03-22,8459
2888,新光金,100,20,80,康和-嘉義,2024-03-22,8459
00919,群益台灣精選高息,128,57,71,康和-嘉義,2024-03-22,8459
2845,遠東銀,60,0,60,康和-嘉義,2024-03-22,8459
3231,緯創,106,46,60,康和-嘉義,2024-03-22,8459
2344,華邦電,68,10,58,康和-嘉義,2024-03-22,8459
00929,復華台灣科技優息,92,35,57,康和-嘉義,2024-03-22,8459
2405,輔信,60,6,54,康和-嘉義,2024-03-22,8459
2603,長榮,51,3,48,康和-嘉義,2024-03-22,8459
2354,鴻準,59,14,45,康和-嘉義,2024-03-22,8459
00665L,富邦�琤肭磪囓�2,55,10,45,康和-嘉義,2024-03-22,8459
3706,神達,140,96,44,康和-嘉義,2024-03-22,8459
8033,雷虎,41,1,40,康和-嘉義,2024-03-22,8459
3704,合勤控,57,20,37,康和-嘉義,2024-03-22,8459
00941,中信上游半導體,51,17,34,康和-嘉義,2024-03-22,8459
2303,聯電,57,23,34,康和-嘉義,2024-03-22,8459
1513,中興電,118,85,33,康和-嘉義,2024-03-22,8459
6188,廣明,47,16,31,康和-嘉義,2024-03-22,8459
00637L,元大滬深300正2,28,0,28,康和-嘉義,2024-03-22,8459
2368,金像電,44,16,28,康和-嘉義,2024-03-22,8459
6274,台燿,78,51,27,康和-嘉義,2024-03-22,8459
6668,中揚光,32,5,27,康和-嘉義,2024-03-22,8459
00706L,期元大S＆P日圓正2,25,0,25,康和-嘉義,2024-03-22,8459
2406,國碩,29,4,25,康和-嘉義,2024-03-22,8459
6197,佳必琪,26,2,24,康和-嘉義,2024-03-22,8459
6538,倉和,34,10,24,康和-嘉義,2024-03-22,8459
2617,台航,23,0,23,康和-嘉義,2024-03-22,8459
3583,辛耘,24,1,23,康和-嘉義,2024-03-22,8459
6806,森崴能源,29,6,23,康和-嘉義,2024-03-22,8459
2208,台船,29,7,22,康和-嘉義,2024-03-22,8459
00882,中信中國高股息,20,0,20,康和-嘉義,2024-03-22,8459
3540,曜越,20,0,20,康和-嘉義,2024-03-22,8459
6146,耕興,20,0,20,康和-嘉義,2024-03-22,8459
3207,耀勝,19,0,19,康和-嘉義,2024-03-22,8459
6163,華電網,23,5,18,康和-嘉義,2024-03-22,8459
2408,南亞科,65,47,18,康和-嘉義,2024-03-22,8459
2006,東和鋼鐵,17,1,16,康和-嘉義,2024-03-22,8459
2480,敦陽科,15,0,15,康和-嘉義,2024-03-22,8459
4938,和碩,41,26,15,康和-嘉義,2024-03-22,8459
6016,康和證,15,0,15,康和-嘉義,2024-03-22,8459
3013,晟銘電,17,3,14,康和-嘉義,2024-03-22,8459
2376,技嘉,30,16,14,康和-嘉義,2024-03-22,8459
2323,中環,28,14,14,康和-嘉義,2024-03-22,8459
2206,三陽工業,13,1,12,康和-嘉義,2024-03-22,8459
1714,和桐,378,30,348,康和-嘉義,2024-03-25,8459
9105,泰金寶-DR,120,0,120,康和-嘉義,2024-03-25,8459
1734,杏輝,109,17,92,康和-嘉義,2024-03-25,8459
2883,凱基金,95,22,73,康和-嘉義,2024-03-25,8459
3339,泰谷,78,6,72,康和-嘉義,2024-03-25,8459
2371,大同,100,32,68,康和-嘉義,2024-03-25,8459
00632R,元大台灣50反1,65,0,65,康和-嘉義,2024-03-25,8459
2486,一詮,128,66,62,康和-嘉義,2024-03-25,8459
6026,福邦證,57,1,56,康和-嘉義,2024-03-25,8459
00937B,群益ESG投等債20,45,0,45,康和-嘉義,2024-03-25,8459
2851,中再保,45,0,45,康和-嘉義,2024-03-25,8459
1513,中興電,180,135,45,康和-嘉義,2024-03-25,8459
2313,華通,49,5,44,康和-嘉義,2024-03-25,8459
2356,英業達,327,283,44,康和-嘉義,2024-03-25,8459
1455,集盛,47,8,39,康和-嘉義,2024-03-25,8459
2353,宏��,85,56,29,康和-嘉義,2024-03-25,8459
8112,至上,35,9,26,康和-嘉義,2024-03-25,8459
2897,王道銀行,25,0,25,康和-嘉義,2024-03-25,8459
2301,光寶科,27,3,24,康和-嘉義,2024-03-25,8459
6139,亞翔,46,22,24,康和-嘉義,2024-03-25,8459
6188,廣明,42,18,24,康和-嘉義,2024-03-25,8459
6125,廣運,81,57,24,康和-嘉義,2024-03-25,8459
1217,愛之味,22,0,22,康和-嘉義,2024-03-25,8459
1608,華榮,117,96,21,康和-嘉義,2024-03-25,8459
00882,中信中國高股息,20,0,20,康和-嘉義,2024-03-25,8459
2312,金寶,20,0,20,康和-嘉義,2024-03-25,8459
9907,統一實,20,0,20,康和-嘉義,2024-03-25,8459
3706,神達,24,5,19,康和-嘉義,2024-03-25,8459
2002,中鋼,18,0,18,康和-嘉義,2024-03-25,8459
8070,長華*,18,0,18,康和-嘉義,2024-03-25,8459
2323,中環,22,5,17,康和-嘉義,2024-03-25,8459
2376,技嘉,22,5,17,康和-嘉義,2024-03-25,8459
6285,啟��,52,35,17,康和-嘉義,2024-03-25,8459
2014,中鴻,15,0,15,康和-嘉義,2024-03-25,8459
2412,中華電,15,0,15,康和-嘉義,2024-03-25,8459
1514,亞力,73,59,14,康和-嘉義,2024-03-25,8459
8936,國統,25,11,14,康和-嘉義,2024-03-25,8459
2603,長榮,20,6,14,康和-嘉義,2024-03-25,8459
2303,聯電,40,27,13,康和-嘉義,2024-03-25,8459
1584,精剛,13,1,12,康和-嘉義,2024-03-25,8459
1560,中砂,12,0,12,康和-嘉義,2024-03-25,8459
3042,晶技,12,0,12,康和-嘉義,2024-03-25,8459
8033,雷虎,23,11,12,康和-嘉義,2024-03-25,8459
2317,鴻海,81,70,11,康和-嘉義,2024-03-25,8459
00712,復華富時不動產,11,0,11,康和-嘉義,2024-03-25,8459
3322,建舜電,17,6,11,康和-嘉義,2024-03-25,8459
4533,協易機,22,11,11,康和-嘉義,2024-03-25,8459
4906,正文,11,0,11,康和-嘉義,2024-03-25,8459
4912,聯德控股-KY,11,0,11,康和-嘉義,2024-03-25,8459
5469,瀚宇博,12,1,11,康和-嘉義,2024-03-25,8459
2883,凱基金,391,66,325,康和-嘉義,2024-03-26,8459
2356,英業達,342,98,244,康和-嘉義,2024-03-26,8459
00715L,期街口布蘭特正2,237,1,236,康和-嘉義,2024-03-26,8459
2888,新光金,201,0,201,康和-嘉義,2024-03-26,8459
2603,長榮,97,5,92,康和-嘉義,2024-03-26,8459
8112,至上,101,19,82,康和-嘉義,2024-03-26,8459
00919,群益台灣精選高息,118,38,80,康和-嘉義,2024-03-26,8459
2344,華邦電,71,1,70,康和-嘉義,2024-03-26,8459
3231,緯創,67,25,42,康和-嘉義,2024-03-26,8459
2382,廣達,61,20,41,康和-嘉義,2024-03-26,8459
3005,神基,64,24,40,康和-嘉義,2024-03-26,8459
2408,南亞科,72,34,38,康和-嘉義,2024-03-26,8459
3390,旭軟,38,0,38,康和-嘉義,2024-03-26,8459
00929,復華台灣科技優息,48,13,35,康和-嘉義,2024-03-26,8459
5426,振發,38,6,32,康和-嘉義,2024-03-26,8459
2610,華航,31,0,31,康和-嘉義,2024-03-26,8459
3706,神達,44,13,31,康和-嘉義,2024-03-26,8459
1609,大亞,135,107,28,康和-嘉義,2024-03-26,8459
8011,台通,29,1,28,康和-嘉義,2024-03-26,8459
3006,晶豪科,41,16,25,康和-嘉義,2024-03-26,8459
00915,凱基優選高股息30,24,0,24,康和-嘉義,2024-03-26,8459
2367,燿華,110,88,22,康和-嘉義,2024-03-26,8459
9907,統一實,20,0,20,康和-嘉義,2024-03-26,8459
4743,合一,20,0,20,康和-嘉義,2024-03-26,8459
3163,波若威,25,5,20,康和-嘉義,2024-03-26,8459
2317,鴻海,123,105,18,康和-嘉義,2024-03-26,8459
3498,陽程,21,3,18,康和-嘉義,2024-03-26,8459
3372,典範,22,6,16,康和-嘉義,2024-03-26,8459
6530,創威,25,10,15,康和-嘉義,2024-03-26,8459
4967,十銓,15,1,14,康和-嘉義,2024-03-26,8459
1229,聯華,13,0,13,康和-嘉義,2024-03-26,8459
2401,凌陽,16,3,13,康和-嘉義,2024-03-26,8459
2615,萬海,12,0,12,康和-嘉義,2024-03-26,8459
3032,偉訓,20,8,12,康和-嘉義,2024-03-26,8459
3313,斐成,12,0,12,康和-嘉義,2024-03-26,8459
3694,海華,20,8,12,康和-嘉義,2024-03-26,8459
00937B,群益ESG投等債20,11,0,11,康和-嘉義,2024-03-26,8459
3312,弘憶股,14,3,11,康和-嘉義,2024-03-26,8459
3356,奇偶,13,2,11,康和-嘉義,2024-03-26,8459
6122,擎邦,16,5,11,康和-嘉義,2024-03-26,8459
6443,元晶,26,15,11,康和-嘉義,2024-03-26,8459
8046,南電,11,0,11,康和-嘉義,2024-03-26,8459
8086,宏捷科,11,0,11,康和-嘉義,2024-03-26,8459
8171,天宇,11,0,11,康和-嘉義,2024-03-26,8459
00907,永豐優息存股,10,0,10,康和-嘉義,2024-03-26,8459
00882,中信中國高股息,10,0,10,康和-嘉義,2024-03-26,8459
00676R,富邦臺灣加權反1,10,0,10,康和-嘉義,2024-03-26,8459
00688L,國泰20年美債正2,10,0,10,康和-嘉義,2024-03-26,8459
2104,國際中橡,10,0,10,康和-嘉義,2024-03-26,8459
3062,建漢,10,0,10,康和-嘉義,2024-03-26,8459
00937B,群益ESG投等債20,265,10,255,康和-嘉義,2024-03-27,8459
00939,統一台灣高息動能,284,37,247,康和-嘉義,2024-03-27,8459
2515,中工,286,157,129,康和-嘉義,2024-03-27,8459
2634,漢翔,135,13,122,康和-嘉義,2024-03-27,8459
00857B,永豐20年美公債,217,100,117,康和-嘉義,2024-03-27,8459
1584,精剛,105,2,103,康和-嘉義,2024-03-27,8459
00679B,元大美債20年,102,0,102,康和-嘉義,2024-03-27,8459
00919,群益台灣精選高息,117,21,96,康和-嘉義,2024-03-27,8459
1605,華新,121,30,91,康和-嘉義,2024-03-27,8459
2367,燿華,125,43,82,康和-嘉義,2024-03-27,8459
2405,輔信,77,11,66,康和-嘉義,2024-03-27,8459
2890,永豐金,62,0,62,康和-嘉義,2024-03-27,8459
3583,辛耘,61,2,59,康和-嘉義,2024-03-27,8459
9105,泰金寶-DR,50,0,50,康和-嘉義,2024-03-27,8459
1513,中興電,133,83,50,康和-嘉義,2024-03-27,8459
2356,英業達,99,50,49,康和-嘉義,2024-03-27,8459
8033,雷虎,44,3,41,康和-嘉義,2024-03-27,8459
2464,盟立,53,16,37,康和-嘉義,2024-03-27,8459
1808,潤隆,37,2,35,康和-嘉義,2024-03-27,8459
1560,中砂,46,17,29,康和-嘉義,2024-03-27,8459
2845,遠東銀,28,0,28,康和-嘉義,2024-03-27,8459
4938,和碩,40,13,27,康和-嘉義,2024-03-27,8459
2913,農林,33,6,27,康和-嘉義,2024-03-27,8459
2392,正崴,35,10,25,康和-嘉義,2024-03-27,8459
3704,合勤控,30,5,25,康和-嘉義,2024-03-27,8459
3231,緯創,26,3,23,康和-嘉義,2024-03-27,8459
6125,廣運,26,3,23,康和-嘉義,2024-03-27,8459
2630,亞航,30,8,22,康和-嘉義,2024-03-27,8459
1616,億泰,22,1,21,康和-嘉義,2024-03-27,8459
2421,建準,26,5,21,康和-嘉義,2024-03-27,8459
3390,旭軟,21,0,21,康和-嘉義,2024-03-27,8459
2609,陽明,21,0,21,康和-嘉義,2024-03-27,8459
2705,六福,20,0,20,康和-嘉義,2024-03-27,8459
3042,晶技,20,0,20,康和-嘉義,2024-03-27,8459
8183,精星,20,0,20,康和-嘉義,2024-03-27,8459
2328,廣宇,31,12,19,康和-嘉義,2024-03-27,8459
5381,合正,18,0,18,康和-嘉義,2024-03-27,8459
1611,中電,27,10,17,康和-嘉義,2024-03-27,8459
8215,明基材,17,0,17,康和-嘉義,2024-03-27,8459
8996,高力,21,4,17,康和-嘉義,2024-03-27,8459
00929,復華台灣科技優息,23,7,16,康和-嘉義,2024-03-27,8459
1316,上曜,23,8,15,康和-嘉義,2024-03-27,8459
2359,所羅門,26,11,15,康和-嘉義,2024-03-27,8459
8926,台汽電,15,0,15,康和-嘉義,2024-03-27,8459
2301,光寶科,18,3,15,康和-嘉義,2024-03-27,8459
6188,廣明,108,94,14,康和-嘉義,2024-03-27,8459
2412,中華電,15,2,13,康和-嘉義,2024-03-27,8459
9933,中鼎,15,2,13,康和-嘉義,2024-03-27,8459
2547,日勝生,13,0,13,康和-嘉義,2024-03-27,8459
2376,技嘉,17,5,12,康和-嘉義,2024-03-27,8459
2356,英業達,250,54,196,康和-嘉義,2024-03-28,8459
1303,南亞,107,1,106,康和-嘉義,2024-03-28,8459
2883,凱基金,299,201,98,康和-嘉義,2024-03-28,8459
2382,廣達,256,159,97,康和-嘉義,2024-03-28,8459
2371,大同,145,79,66,康和-嘉義,2024-03-28,8459
00937B,群益ESG投等債20,59,0,59,康和-嘉義,2024-03-28,8459
3062,建漢,93,36,57,康和-嘉義,2024-03-28,8459
1504,東元,81,33,48,康和-嘉義,2024-03-28,8459
3512,皇龍,43,0,43,康和-嘉義,2024-03-28,8459
2419,仲琦,41,0,41,康和-嘉義,2024-03-28,8459
2605,新興,40,0,40,康和-嘉義,2024-03-28,8459
1609,大亞,87,51,36,康和-嘉義,2024-03-28,8459
3704,合勤控,64,30,34,康和-嘉義,2024-03-28,8459
2303,聯電,52,21,31,康和-嘉義,2024-03-28,8459
5243,乙盛-KY,27,1,26,康和-嘉義,2024-03-28,8459
00882,中信中國高股息,31,5,26,康和-嘉義,2024-03-28,8459
2405,輔信,55,31,24,康和-嘉義,2024-03-28,8459
6425,易發,30,7,23,康和-嘉義,2024-03-28,8459
6789,采鈺,36,15,21,康和-嘉義,2024-03-28,8459
5880,合庫金,21,0,21,康和-嘉義,2024-03-28,8459
00706L,期元大S＆P日圓正2,21,2,19,康和-嘉義,2024-03-28,8459
2412,中華電,17,0,17,康和-嘉義,2024-03-28,8459
4714,永捷,32,15,17,康和-嘉義,2024-03-28,8459
5371,中光電,23,6,17,康和-嘉義,2024-03-28,8459
3346,麗清,26,10,16,康和-嘉義,2024-03-28,8459
3372,典範,17,2,15,康和-嘉義,2024-03-28,8459
3694,海華,23,8,15,康和-嘉義,2024-03-28,8459
2885,元大金,14,0,14,康和-嘉義,2024-03-28,8459
2385,群光,22,8,14,康和-嘉義,2024-03-28,8459
4919,新唐,29,15,14,康和-嘉義,2024-03-28,8459
8086,宏捷科,14,0,14,康和-嘉義,2024-03-28,8459
8390,金益鼎,15,1,14,康和-嘉義,2024-03-28,8459
1101,台泥,16,3,13,康和-嘉義,2024-03-28,8459
1785,光洋科,13,0,13,康和-嘉義,2024-03-28,8459
1905,華紙,38,25,13,康和-嘉義,2024-03-28,8459
2891,中信金,14,1,13,康和-嘉義,2024-03-28,8459
2504,國產,13,1,12,康和-嘉義,2024-03-28,8459
8210,勤誠,22,10,12,康和-嘉義,2024-03-28,8459
1316,上曜,40,29,11,康和-嘉義,2024-03-28,8459
2485,兆赫,12,1,11,康和-嘉義,2024-03-28,8459
9910,豐泰,11,0,11,康和-嘉義,2024-03-28,8459
00642U,期元大S＆P石油,10,0,10,康和-嘉義,2024-03-28,8459
3191,雲嘉南,10,0,10,康和-嘉義,2024-03-28,8459
4109,加捷生醫,14,4,10,康和-嘉義,2024-03-28,8459
4513,福裕,10,0,10,康和-嘉義,2024-03-28,8459
5515,建國,12,2,10,康和-嘉義,2024-03-28,8459
1513,中興電,128,119,9,康和-嘉義,2024-03-28,8459
00919,群益台灣精選高息,41,32,9,康和-嘉義,2024-03-28,8459
2812,台中銀,10,1,9,康和-嘉義,2024-03-28,8459
3264,欣銓,11,2,9,康和-嘉義,2024-03-28,8459
4938,和碩,828,50,778,康和-嘉義,2024-03-29,8459
9105,泰金寶-DR,130,0,130,康和-嘉義,2024-03-29,8459
2883B,凱基金乙特,90,0,90,康和-嘉義,2024-03-29,8459
3013,晟銘電,102,12,90,康和-嘉義,2024-03-29,8459
00937B,群益ESG投等債20,71,5,66,康和-嘉義,2024-03-29,8459
8112,至上,68,5,63,康和-嘉義,2024-03-29,8459
2002,中鋼,62,0,62,康和-嘉義,2024-03-29,8459
00939,統一台灣高息動能,56,3,53,康和-嘉義,2024-03-29,8459
2367,燿華,121,68,53,康和-嘉義,2024-03-29,8459
3481,群創,50,2,48,康和-嘉義,2024-03-29,8459
2344,華邦電,43,1,42,康和-嘉義,2024-03-29,8459
2888,新光金,40,0,40,康和-嘉義,2024-03-29,8459
1584,精剛,45,6,39,康和-嘉義,2024-03-29,8459
4714,永捷,41,6,35,康和-嘉義,2024-03-29,8459
2317,鴻海,199,167,32,康和-嘉義,2024-03-29,8459
2301,光寶科,29,3,26,康和-嘉義,2024-03-29,8459
1905,華紙,25,0,25,康和-嘉義,2024-03-29,8459
5521,工信,25,0,25,康和-嘉義,2024-03-29,8459
3665,貿聯-KY,22,0,22,康和-嘉義,2024-03-29,8459
5309,系統電,22,0,22,康和-嘉義,2024-03-29,8459
1503,士電,30,10,20,康和-嘉義,2024-03-29,8459
00893,國泰智能電動車,20,0,20,康和-嘉義,2024-03-29,8459
4968,立積,21,1,20,康和-嘉義,2024-03-29,8459
2324,仁寶,27,8,19,康和-嘉義,2024-03-29,8459
8442,威宏-KY,20,2,18,康和-嘉義,2024-03-29,8459
3576,聯合再生,19,2,17,康和-嘉義,2024-03-29,8459
00680L,元大美債20正2,15,0,15,康和-嘉義,2024-03-29,8459
1540,喬福,14,0,14,康和-嘉義,2024-03-29,8459
3163,波若威,14,0,14,康和-嘉義,2024-03-29,8459
6443,元晶,16,3,13,康和-嘉義,2024-03-29,8459
1773,勝一,11,0,11,康和-嘉義,2024-03-29,8459
3207,耀勝,11,0,11,康和-嘉義,2024-03-29,8459
6188,廣明,14,3,11,康和-嘉義,2024-03-29,8459
1608,華榮,16,6,10,康和-嘉義,2024-03-29,8459
2913,農林,10,0,10,康和-嘉義,2024-03-29,8459
3032,偉訓,19,9,10,康和-嘉義,2024-03-29,8459
3042,晶技,15,5,10,康和-嘉義,2024-03-29,8459
3498,陽程,10,0,10,康和-嘉義,2024-03-29,8459
4915,致伸,15,5,10,康和-嘉義,2024-03-29,8459
6215,和椿,10,0,10,康和-嘉義,2024-03-29,8459
2330,台積電,13,4,9,康和-嘉義,2024-03-29,8459
2308,台達電,12,3,9,康和-嘉義,2024-03-29,8459
6125,廣運,16,7,9,康和-嘉義,2024-03-29,8459
6285,啟��,24,15,9,康和-嘉義,2024-03-29,8459
8147,正淩,15,6,9,康和-嘉義,2024-03-29,8459
3372,典範,14,6,8,康和-嘉義,2024-03-29,8459
3234,光環,10,2,8,康和-嘉義,2024-03-29,8459
4576,大銀微系統,8,0,8,康和-嘉義,2024-03-29,8459
5515,建國,21,13,8,康和-嘉義,2024-03-29,8459
6274,台燿,20,12,8,康和-嘉義,2024-03-29,8459
00940,元大台灣價值高息,628,12,616,康和-嘉義,2024-04-01,8459
2009,第一銅,221,52,169,康和-嘉義,2024-04-01,8459
3339,泰谷,140,7,133,康和-嘉義,2024-04-01,8459
3231,緯創,245,138,107,康和-嘉義,2024-04-01,8459
2634,漢翔,241,155,86,康和-嘉義,2024-04-01,8459
00680L,元大美債20正2,80,0,80,康和-嘉義,2024-04-01,8459
2891,中信金,68,0,68,康和-嘉義,2024-04-01,8459
2371,大同,79,15,64,康和-嘉義,2024-04-01,8459
1513,中興電,141,79,62,康和-嘉義,2024-04-01,8459
3706,神達,72,14,58,康和-嘉義,2024-04-01,8459
2832,台產,58,2,56,康和-嘉義,2024-04-01,8459
8096,擎亞,199,147,52,康和-嘉義,2024-04-01,8459
1101,台泥,53,3,50,康和-嘉義,2024-04-01,8459
5483,中美晶,45,0,45,康和-嘉義,2024-04-01,8459
5386,青雲,42,0,42,康和-嘉義,2024-04-01,8459
6005,群益證,41,0,41,康和-嘉義,2024-04-01,8459
4938,和碩,46,11,35,康和-嘉義,2024-04-01,8459
1504,東元,35,0,35,康和-嘉義,2024-04-01,8459
2313,華通,50,15,35,康和-嘉義,2024-04-01,8459
8092,建暐,35,2,33,康和-嘉義,2024-04-01,8459
2492,華新科,44,13,31,康和-嘉義,2024-04-01,8459
2049,上銀,30,2,28,康和-嘉義,2024-04-01,8459
2421,建準,44,16,28,康和-嘉義,2024-04-01,8459
7402,邑錡,25,1,24,康和-嘉義,2024-04-01,8459
5443,均豪,40,18,22,康和-嘉義,2024-04-01,8459
1795,美時,33,11,22,康和-嘉義,2024-04-01,8459
2382,廣達,28,7,21,康和-嘉義,2024-04-01,8459
8028,昇陽半導體,21,0,21,康和-嘉義,2024-04-01,8459
8996,高力,23,2,21,康和-嘉義,2024-04-01,8459
00919,群益台灣精選高息,20,0,20,康和-嘉義,2024-04-01,8459
2332,友訊,20,0,20,康和-嘉義,2024-04-01,8459
2467,志聖,20,0,20,康和-嘉義,2024-04-01,8459
2897,王道銀行,20,0,20,康和-嘉義,2024-04-01,8459
00715L,期街口布蘭特正2,20,2,18,康和-嘉義,2024-04-01,8459
2353,宏��,19,1,18,康和-嘉義,2024-04-01,8459
2374,佳能,22,5,17,康和-嘉義,2024-04-01,8459
4973,廣穎,16,0,16,康和-嘉義,2024-04-01,8459
3081,聯亞,31,16,15,康和-嘉義,2024-04-01,8459
4961,天鈺,17,2,15,康和-嘉義,2024-04-01,8459
2402,毅嘉,18,4,14,康和-嘉義,2024-04-01,8459
3704,合勤控,15,1,14,康和-嘉義,2024-04-01,8459
6425,易發,44,30,14,康和-嘉義,2024-04-01,8459
8033,雷虎,38,24,14,康和-嘉義,2024-04-01,8459
2451,創見,13,0,13,康和-嘉義,2024-04-01,8459
1540,喬福,12,0,12,康和-嘉義,2024-04-01,8459
3092,鴻碩,18,6,12,康和-嘉義,2024-04-01,8459
2603,長榮,17,5,12,康和-嘉義,2024-04-01,8459
3260,威剛,16,4,12,康和-嘉義,2024-04-01,8459
1609,大亞,61,50,11,康和-嘉義,2024-04-01,8459
2892,第一金,11,0,11,康和-嘉義,2024-04-01,8459
00940,元大台灣價值高息,237,21,216,康和-嘉義,2024-04-02,8459
00632R,元大台灣50反1,134,13,121,康和-嘉義,2024-04-02,8459
00929,復華台灣科技優息,150,53,97,康和-嘉義,2024-04-02,8459
2367,燿華,80,2,78,康和-嘉義,2024-04-02,8459
00937B,群益ESG投等債20,65,0,65,康和-嘉義,2024-04-02,8459
00687B,國泰20年美債,71,20,51,康和-嘉義,2024-04-02,8459
00679B,元大美債20年,48,5,43,康和-嘉義,2024-04-02,8459
3207,耀勝,36,0,36,康和-嘉義,2024-04-02,8459
2834,臺企銀,38,6,32,康和-嘉義,2024-04-02,8459
2356,英業達,48,17,31,康和-嘉義,2024-04-02,8459
2354,鴻準,47,18,29,康和-嘉義,2024-04-02,8459
1513,中興電,35,7,28,康和-嘉義,2024-04-02,8459
4967,十銓,62,34,28,康和-嘉義,2024-04-02,8459
6462,神盾,40,13,27,康和-嘉義,2024-04-02,8459
2324,仁寶,26,0,26,康和-嘉義,2024-04-02,8459
1815,富喬,27,2,25,康和-嘉義,2024-04-02,8459
8088,品安,29,5,24,康和-嘉義,2024-04-02,8459
8936,國統,24,1,23,康和-嘉義,2024-04-02,8459
1605,華新,25,3,22,康和-嘉義,2024-04-02,8459
2009,第一銅,39,17,22,康和-嘉義,2024-04-02,8459
8215,明基材,21,0,21,康和-嘉義,2024-04-02,8459
3231,緯創,58,37,21,康和-嘉義,2024-04-02,8459
2897,王道銀行,20,0,20,康和-嘉義,2024-04-02,8459
3234,光環,21,1,20,康和-嘉義,2024-04-02,8459
2451,創見,19,0,19,康和-嘉義,2024-04-02,8459
3092,鴻碩,29,10,19,康和-嘉義,2024-04-02,8459
3707,漢磊,23,4,19,康和-嘉義,2024-04-02,8459
8064,東捷,22,5,17,康和-嘉義,2024-04-02,8459
1609,大亞,38,21,17,康和-嘉義,2024-04-02,8459
1504,東元,20,4,16,康和-嘉義,2024-04-02,8459
3044,健鼎,21,5,16,康和-嘉義,2024-04-02,8459
6120,達運,88,72,16,康和-嘉義,2024-04-02,8459
2022,聚亨,15,0,15,康和-嘉義,2024-04-02,8459
2547,日勝生,15,0,15,康和-嘉義,2024-04-02,8459
4904,遠傳,15,0,15,康和-嘉義,2024-04-02,8459
1905,華紙,14,0,14,康和-嘉義,2024-04-02,8459
3090,日電貿,14,0,14,康和-嘉義,2024-04-02,8459
1608,華榮,38,25,13,康和-嘉義,2024-04-02,8459
3260,威剛,18,5,13,康和-嘉義,2024-04-02,8459
3715,定穎投控,48,35,13,康和-嘉義,2024-04-02,8459
00919,群益台灣精選高息,23,11,12,康和-嘉義,2024-04-02,8459
00688L,國泰20年美債正2,12,0,12,康和-嘉義,2024-04-02,8459
1316,上曜,16,4,12,康和-嘉義,2024-04-02,8459
4931,新盛力,12,0,12,康和-嘉義,2024-04-02,8459
6288,聯嘉,30,18,12,康和-嘉義,2024-04-02,8459
00720B,元大投資級公司債,11,0,11,康和-嘉義,2024-04-02,8459
00715L,期街口布蘭特正2,11,0,11,康和-嘉義,2024-04-02,8459
4714,永捷,31,20,11,康和-嘉義,2024-04-02,8459
4174,浩鼎,11,0,11,康和-嘉義,2024-04-02,8459
2884,玉山金,20,10,10,康和-嘉義,2024-04-02,8459
6770,力積電,403,1,402,康和-嘉義,2024-04-03,8459
00940,元大台灣價值高息,129,2,127,康和-嘉義,2024-04-03,8459
2344,華邦電,344,230,114,康和-嘉義,2024-04-03,8459
3013,晟銘電,79,16,63,康和-嘉義,2024-04-03,8459
2489,瑞軒,54,0,54,康和-嘉義,2024-04-03,8459
00937B,群益ESG投等債20,52,0,52,康和-嘉義,2024-04-03,8459
3481,群創,50,0,50,康和-嘉義,2024-04-03,8459
2610,華航,47,0,47,康和-嘉義,2024-04-03,8459
2374,佳能,48,3,45,康和-嘉義,2024-04-03,8459
2851,中再保,42,0,42,康和-嘉義,2024-04-03,8459
2382,廣達,64,23,41,康和-嘉義,2024-04-03,8459
8054,安國,63,24,39,康和-嘉義,2024-04-03,8459
6120,達運,93,54,39,康和-嘉義,2024-04-03,8459
1609,大亞,70,34,36,康和-嘉義,2024-04-03,8459
00688L,國泰20年美債正2,36,0,36,康和-嘉義,2024-04-03,8459
2009,第一銅,40,4,36,康和-嘉義,2024-04-03,8459
3032,偉訓,41,5,36,康和-嘉義,2024-04-03,8459
1714,和桐,31,0,31,康和-嘉義,2024-04-03,8459
00929,復華台灣科技優息,35,5,30,康和-嘉義,2024-04-03,8459
3356,奇偶,32,3,29,康和-嘉義,2024-04-03,8459
00941,中信上游半導體,27,0,27,康和-嘉義,2024-04-03,8459
1503,士電,29,2,27,康和-嘉義,2024-04-03,8459
2002,中鋼,64,37,27,康和-嘉義,2024-04-03,8459
00687B,國泰20年美債,26,0,26,康和-嘉義,2024-04-03,8459
1101,台泥,97,72,25,康和-嘉義,2024-04-03,8459
00893,國泰智能電動車,25,0,25,康和-嘉義,2024-04-03,8459
2486,一詮,36,15,21,康和-嘉義,2024-04-03,8459
2897,王道銀行,20,0,20,康和-嘉義,2024-04-03,8459
1605,華新,55,35,20,康和-嘉義,2024-04-03,8459
2608,嘉里大榮,20,0,20,康和-嘉義,2024-04-03,8459
2883B,凱基金乙特,20,0,20,康和-嘉義,2024-04-03,8459
1316,上曜,22,3,19,康和-嘉義,2024-04-03,8459
00927,群益半導體收益,18,0,18,康和-嘉義,2024-04-03,8459
2354,鴻準,35,17,18,康和-嘉義,2024-04-03,8459
6125,廣運,28,10,18,康和-嘉義,2024-04-03,8459
6139,亞翔,66,48,18,康和-嘉義,2024-04-03,8459
2049,上銀,31,14,17,康和-嘉義,2024-04-03,8459
00680L,元大美債20正2,17,0,17,康和-嘉義,2024-04-03,8459
3092,鴻碩,16,0,16,康和-嘉義,2024-04-03,8459
1808,潤隆,15,0,15,康和-嘉義,2024-04-03,8459
3622,洋華,15,0,15,康和-嘉義,2024-04-03,8459
6026,福邦證,15,0,15,康和-嘉義,2024-04-03,8459
2303,聯電,15,1,14,康和-嘉義,2024-04-03,8459
2884,玉山金,14,0,14,康和-嘉義,2024-04-03,8459
3322,建舜電,13,0,13,康和-嘉義,2024-04-03,8459
5471,松翰,13,0,13,康和-嘉義,2024-04-03,8459
3017,奇鋐,21,8,13,康和-嘉義,2024-04-03,8459
3576,聯合再生,15,2,13,康和-嘉義,2024-04-03,8459
8358,金居,20,7,13,康和-嘉義,2024-04-03,8459
6462,神盾,31,19,12,康和-嘉義,2024-04-03,8459
2374,佳能,249,56,193,康和-嘉義,2024-04-08,8459
6016,康和證,356,171,185,康和-嘉義,2024-04-08,8459
6015,宏遠證,158,0,158,康和-嘉義,2024-04-08,8459
00715L,期街口布蘭特正2,300,153,147,康和-嘉義,2024-04-08,8459
2851,中再保,108,0,108,康和-嘉義,2024-04-08,8459
00937B,群益ESG投等債20,114,10,104,康和-嘉義,2024-04-08,8459
00941,中信上游半導體,104,0,104,康和-嘉義,2024-04-08,8459
6005,群益證,120,32,88,康和-嘉義,2024-04-08,8459
00940,元大台灣價值高息,95,11,84,康和-嘉義,2024-04-08,8459
00929,復華台灣科技優息,66,0,66,康和-嘉義,2024-04-08,8459
5864,致和證,97,32,65,康和-嘉義,2024-04-08,8459
2356,英業達,59,4,55,康和-嘉義,2024-04-08,8459
2515,中工,95,45,50,康和-嘉義,2024-04-08,8459
2359,所羅門,47,5,42,康和-嘉義,2024-04-08,8459
5371,中光電,54,13,41,康和-嘉義,2024-04-08,8459
00688L,國泰20年美債正2,38,0,38,康和-嘉義,2024-04-08,8459
2637,慧洋-KY,38,0,38,康和-嘉義,2024-04-08,8459
2316,楠梓電,36,1,35,康和-嘉義,2024-04-08,8459
3059,華晶科,39,5,34,康和-嘉義,2024-04-08,8459
00931B,統一美債20年,30,0,30,康和-嘉義,2024-04-08,8459
00772B,中信高評級公司債,30,0,30,康和-嘉義,2024-04-08,8459
00679B,元大美債20年,30,0,30,康和-嘉義,2024-04-08,8459
2376,技嘉,88,59,29,康和-嘉義,2024-04-08,8459
3092,鴻碩,36,8,28,康和-嘉義,2024-04-08,8459
1615,大山,25,0,25,康和-嘉義,2024-04-08,8459
4746,台耀,29,4,25,康和-嘉義,2024-04-08,8459
6548,長科*,27,2,25,康和-嘉義,2024-04-08,8459
6442,光聖,24,0,24,康和-嘉義,2024-04-08,8459
3027,盛達,23,0,23,康和-嘉義,2024-04-08,8459
8936,國統,32,9,23,康和-嘉義,2024-04-08,8459
6215,和椿,34,13,21,康和-嘉義,2024-04-08,8459
00795B,中信美國公債20年,21,0,21,康和-嘉義,2024-04-08,8459
4938,和碩,38,17,21,康和-嘉義,2024-04-08,8459
2845,遠東銀,20,0,20,康和-嘉義,2024-04-08,8459
1108,幸福,20,0,20,康和-嘉義,2024-04-08,8459
8390,金益鼎,37,17,20,康和-嘉義,2024-04-08,8459
1603,華電,20,0,20,康和-嘉義,2024-04-08,8459
8112,至上,94,74,20,康和-嘉義,2024-04-08,8459
3006,晶豪科,30,11,19,康和-嘉義,2024-04-08,8459
6125,廣運,62,43,19,康和-嘉義,2024-04-08,8459
2329,華泰,78,60,18,康和-嘉義,2024-04-08,8459
3704,合勤控,23,5,18,康和-嘉義,2024-04-08,8459
2371,大同,45,28,17,康和-嘉義,2024-04-08,8459
2883,凱基金,28,11,17,康和-嘉義,2024-04-08,8459
5457,宣德,17,0,17,康和-嘉義,2024-04-08,8459
1618,合機,39,22,17,康和-嘉義,2024-04-08,8459
2883B,凱基金乙特,15,0,15,康和-嘉義,2024-04-08,8459
2888,新光金,14,0,14,康和-嘉義,2024-04-08,8459
2485,兆赫,14,0,14,康和-嘉義,2024-04-08,8459
2610,華航,14,0,14,康和-嘉義,2024-04-08,8459
2515,中工,405,146,259,康和-嘉義,2024-04-09,8459
3231,緯創,250,80,170,康和-嘉義,2024-04-09,8459
2634,漢翔,431,276,155,康和-嘉義,2024-04-09,8459
2606,裕民,185,73,112,康和-嘉義,2024-04-09,8459
6807,峰源-KY,104,0,104,康和-嘉義,2024-04-09,8459
00632R,元大台灣50反1,99,0,99,康和-嘉義,2024-04-09,8459
2603,長榮,159,62,97,康和-嘉義,2024-04-09,8459
2317,鴻海,122,44,78,康和-嘉義,2024-04-09,8459
4714,永捷,69,3,66,康和-嘉義,2024-04-09,8459
00929,復華台灣科技優息,65,1,64,康和-嘉義,2024-04-09,8459
3294,英濟,81,18,63,康和-嘉義,2024-04-09,8459
3217,優群,68,7,61,康和-嘉義,2024-04-09,8459
2486,一詮,130,69,61,康和-嘉義,2024-04-09,8459
3059,華晶科,78,22,56,康和-嘉義,2024-04-09,8459
2608,嘉里大榮,52,0,52,康和-嘉義,2024-04-09,8459
2832,台產,51,0,51,康和-嘉義,2024-04-09,8459
2323,中環,50,0,50,康和-嘉義,2024-04-09,8459
1802,台玻,50,1,49,康和-嘉義,2024-04-09,8459
00919,群益台灣精選高息,49,1,48,康和-嘉義,2024-04-09,8459
2637,慧洋-KY,40,1,39,康和-嘉義,2024-04-09,8459
2329,華泰,59,22,37,康和-嘉義,2024-04-09,8459
2303,聯電,38,4,34,康和-嘉義,2024-04-09,8459
2027,大成鋼,40,6,34,康和-嘉義,2024-04-09,8459
2363,矽統,116,83,33,康和-嘉義,2024-04-09,8459
2374,佳能,216,184,32,康和-嘉義,2024-04-09,8459
2641,正德,30,0,30,康和-嘉義,2024-04-09,8459
1616,億泰,31,1,30,康和-嘉義,2024-04-09,8459
2409,友達,55,28,27,康和-嘉義,2024-04-09,8459
6189,豐藝,42,16,26,康和-嘉義,2024-04-09,8459
3551,世禾,42,17,25,康和-嘉義,2024-04-09,8459
4529,淳紳,25,0,25,康和-嘉義,2024-04-09,8459
2010,春源,25,1,24,康和-嘉義,2024-04-09,8459
6139,亞翔,31,8,23,康和-嘉義,2024-04-09,8459
1609,大亞,231,209,22,康和-嘉義,2024-04-09,8459
1336,台翰,20,0,20,康和-嘉義,2024-04-09,8459
3027,盛達,20,0,20,康和-嘉義,2024-04-09,8459
3325,旭品,20,0,20,康和-嘉義,2024-04-09,8459
6188,廣明,28,8,20,康和-嘉義,2024-04-09,8459
1718,中纖,19,0,19,康和-嘉義,2024-04-09,8459
00941,中信上游半導體,18,0,18,康和-嘉義,2024-04-09,8459
1513,中興電,442,425,17,康和-嘉義,2024-04-09,8459
1733,五鼎,25,8,17,康和-嘉義,2024-04-09,8459
8234,新漢,17,0,17,康和-嘉義,2024-04-09,8459
5864,致和證,16,0,16,康和-嘉義,2024-04-09,8459
8070,長華*,15,0,15,康和-嘉義,2024-04-09,8459
00720B,元大投資級公司債,14,0,14,康和-嘉義,2024-04-09,8459
1442,名軒,14,0,14,康和-嘉義,2024-04-09,8459
2511,太子,12,0,12,康和-嘉義,2024-04-09,8459
3014,聯陽,12,0,12,康和-嘉義,2024-04-09,8459
00878,國泰永續高股息,12,1,11,康和-嘉義,2024-04-09,8459
3481,群創,286,31,255,康和-嘉義,2024-04-10,8459
2303,聯電,550,352,198,康和-嘉義,2024-04-10,8459
6016,康和證,189,10,179,康和-嘉義,2024-04-10,8459
2883,凱基金,146,15,131,康和-嘉義,2024-04-10,8459
2374,佳能,134,13,121,康和-嘉義,2024-04-10,8459
8112,至上,144,44,100,康和-嘉義,2024-04-10,8459
2329,華泰,236,137,99,康和-嘉義,2024-04-10,8459
1701,中化,91,0,91,康和-嘉義,2024-04-10,8459
2363,矽統,310,224,86,康和-嘉義,2024-04-10,8459
2891,中信金,63,8,55,康和-嘉義,2024-04-10,8459
1210,大成,54,0,54,康和-嘉義,2024-04-10,8459
1608,華榮,79,26,53,康和-嘉義,2024-04-10,8459
6213,聯茂,44,5,39,康和-嘉義,2024-04-10,8459
2027,大成鋼,39,0,39,康和-嘉義,2024-04-10,8459
3013,晟銘電,63,29,34,康和-嘉義,2024-04-10,8459
6153,嘉聯益,31,0,31,康和-嘉義,2024-04-10,8459
2890,永豐金,32,2,30,康和-嘉義,2024-04-10,8459
2356,英業達,32,3,29,康和-嘉義,2024-04-10,8459
4529,淳紳,25,0,25,康和-嘉義,2024-04-10,8459
2618,長榮航,24,0,24,康和-嘉義,2024-04-10,8459
2025,千興,24,0,24,康和-嘉義,2024-04-10,8459
3056,富華新,26,2,24,康和-嘉義,2024-04-10,8459
3374,精材,26,2,24,康和-嘉義,2024-04-10,8459
2382,廣達,28,5,23,康和-嘉義,2024-04-10,8459
1717,長興,23,0,23,康和-嘉義,2024-04-10,8459
4931,新盛力,23,0,23,康和-嘉義,2024-04-10,8459
3706,神達,25,4,21,康和-嘉義,2024-04-10,8459
3217,優群,31,11,20,康和-嘉義,2024-04-10,8459
3059,華晶科,50,30,20,康和-嘉義,2024-04-10,8459
3548,兆利,21,1,20,康和-嘉義,2024-04-10,8459
1795,美時,25,7,18,康和-嘉義,2024-04-10,8459
5864,致和證,17,0,17,康和-嘉義,2024-04-10,8459
3092,鴻碩,17,1,16,康和-嘉義,2024-04-10,8459
3689,湧德,16,0,16,康和-嘉義,2024-04-10,8459
6425,易發,20,4,16,康和-嘉義,2024-04-10,8459
6538,倉和,16,0,16,康和-嘉義,2024-04-10,8459
00795B,中信美國公債20年,15,0,15,康和-嘉義,2024-04-10,8459
2323,中環,51,36,15,康和-嘉義,2024-04-10,8459
2313,華通,46,32,14,康和-嘉義,2024-04-10,8459
2371,大同,31,17,14,康和-嘉義,2024-04-10,8459
1785,光洋科,17,4,13,康和-嘉義,2024-04-10,8459
1789,神隆,21,8,13,康和-嘉義,2024-04-10,8459
5201,凱衛,13,0,13,康和-嘉義,2024-04-10,8459
6806,森崴能源,19,6,13,康和-嘉義,2024-04-10,8459
8076,伍豐,13,0,13,康和-嘉義,2024-04-10,8459
3313,斐成,30,18,12,康和-嘉義,2024-04-10,8459
2486,一詮,25,13,12,康和-嘉義,2024-04-10,8459
4306,炎洲,11,0,11,康和-嘉義,2024-04-10,8459
2109,華豐,11,0,11,康和-嘉義,2024-04-10,8459
6136,富爾特,11,0,11,康和-嘉義,2024-04-10,8459
2882,國泰金,242,3,239,康和-嘉義,2024-04-11,8459
3481,群創,279,51,228,康和-嘉義,2024-04-11,8459
3557,嘉威,165,2,163,康和-嘉義,2024-04-11,8459
3576,聯合再生,173,18,155,康和-嘉義,2024-04-11,8459
00673R,期元大S＆P原油反1,140,0,140,康和-嘉義,2024-04-11,8459
1513,中興電,999,904,95,康和-嘉義,2024-04-11,8459
2353,宏��,206,119,87,康和-嘉義,2024-04-11,8459
2545,皇翔,65,5,60,康和-嘉義,2024-04-11,8459
2888,新光金,58,0,58,康和-嘉義,2024-04-11,8459
8213,志超,58,0,58,康和-嘉義,2024-04-11,8459
2409,友達,92,37,55,康和-嘉義,2024-04-11,8459
2603,長榮,113,59,54,康和-嘉義,2024-04-11,8459
8112,至上,103,51,52,康和-嘉義,2024-04-11,8459
1608,華榮,109,58,51,康和-嘉義,2024-04-11,8459
2371,大同,101,54,47,康和-嘉義,2024-04-11,8459
00937B,群益ESG投等債20,45,0,45,康和-嘉義,2024-04-11,8459
1785,光洋科,52,8,44,康和-嘉義,2024-04-11,8459
00940,元大台灣價值高息,49,5,44,康和-嘉義,2024-04-11,8459
00939,統一台灣高息動能,43,0,43,康和-嘉義,2024-04-11,8459
6117,迎廣,53,12,41,康和-嘉義,2024-04-11,8459
00637L,元大滬深300正2,630,600,30,康和-嘉義,2024-04-11,8459
3059,華晶科,61,32,29,康和-嘉義,2024-04-11,8459
2630,亞航,555,526,29,康和-嘉義,2024-04-11,8459
3060,銘異,30,2,28,康和-嘉義,2024-04-11,8459
4529,淳紳,26,0,26,康和-嘉義,2024-04-11,8459
00919,群益台灣精選高息,25,2,23,康和-嘉義,2024-04-11,8459
3231,緯創,57,34,23,康和-嘉義,2024-04-11,8459
2465,麗臺,25,2,23,康和-嘉義,2024-04-11,8459
2634,漢翔,33,10,23,康和-嘉義,2024-04-11,8459
00715L,期街口布蘭特正2,26,4,22,康和-嘉義,2024-04-11,8459
00712,復華富時不動產,21,0,21,康和-嘉義,2024-04-11,8459
6120,達運,32,11,21,康和-嘉義,2024-04-11,8459
2618,長榮航,176,155,21,康和-嘉義,2024-04-11,8459
8033,雷虎,24,4,20,康和-嘉義,2024-04-11,8459
4961,天鈺,26,6,20,康和-嘉義,2024-04-11,8459
6016,康和證,21,1,20,康和-嘉義,2024-04-11,8459
6712,長聖,20,0,20,康和-嘉義,2024-04-11,8459
2537,聯上發,23,3,20,康和-嘉義,2024-04-11,8459
0056,元大高股息,18,0,18,康和-嘉義,2024-04-11,8459
00687B,國泰20年美債,28,10,18,康和-嘉義,2024-04-11,8459
3036,文曄,49,32,17,康和-嘉義,2024-04-11,8459
2330,台積電,20,3,17,康和-嘉義,2024-04-11,8459
00679B,元大美債20年,16,0,16,康和-嘉義,2024-04-11,8459
3313,斐成,22,6,16,康和-嘉義,2024-04-11,8459
00720B,元大投資級公司債,15,0,15,康和-嘉義,2024-04-11,8459
4401,東隆興,20,5,15,康和-嘉義,2024-04-11,8459
2883,凱基金,17,2,15,康和-嘉義,2024-04-11,8459
00929,復華台灣科技優息,15,1,14,康和-嘉義,2024-04-11,8459
6789,采鈺,41,27,14,康和-嘉義,2024-04-11,8459
6026,福邦證,15,1,14,康和-嘉義,2024-04-11,8459
8213,志超,266,0,266,康和-嘉義,2024-04-12,8459
2832,台產,236,2,234,康和-嘉義,2024-04-12,8459
2344,華邦電,100,1,99,康和-嘉義,2024-04-12,8459
2374,佳能,273,174,99,康和-嘉義,2024-04-12,8459
6770,力積電,82,2,80,康和-嘉義,2024-04-12,8459
5519,隆大,79,0,79,康和-嘉義,2024-04-12,8459
00937B,群益ESG投等債20,81,14,67,康和-嘉義,2024-04-12,8459
3325,旭品,65,1,64,康和-嘉義,2024-04-12,8459
4529,淳紳,54,0,54,康和-嘉義,2024-04-12,8459
2014,中鴻,53,0,53,康和-嘉義,2024-04-12,8459
2406,國碩,69,18,51,康和-嘉義,2024-04-12,8459
2890,永豐金,51,0,51,康和-嘉義,2024-04-12,8459
3060,銘異,84,35,49,康和-嘉義,2024-04-12,8459
00940,元大台灣價值高息,57,12,45,康和-嘉義,2024-04-12,8459
2897,王道銀行,45,0,45,康和-嘉義,2024-04-12,8459
2867,三商壽,50,6,44,康和-嘉義,2024-04-12,8459
1529,樂事綠能,49,6,43,康和-嘉義,2024-04-12,8459
2883,凱基金,58,18,40,康和-嘉義,2024-04-12,8459
2353,宏��,123,83,40,康和-嘉義,2024-04-12,8459
4938,和碩,41,6,35,康和-嘉義,2024-04-12,8459
00929,復華台灣科技優息,80,46,34,康和-嘉義,2024-04-12,8459
00687B,國泰20年美債,34,0,34,康和-嘉義,2024-04-12,8459
1519,華城,36,5,31,康和-嘉義,2024-04-12,8459
8011,台通,46,15,31,康和-嘉義,2024-04-12,8459
8092,建暐,27,0,27,康和-嘉義,2024-04-12,8459
6146,耕興,26,1,25,康和-嘉義,2024-04-12,8459
00933B,國泰10Y+金融債,24,0,24,康和-嘉義,2024-04-12,8459
2356,英業達,28,4,24,康和-嘉義,2024-04-12,8459
2371,大同,335,314,21,康和-嘉義,2024-04-12,8459
2382,廣達,26,6,20,康和-嘉義,2024-04-12,8459
00909,國泰數位支付服務,20,0,20,康和-嘉義,2024-04-12,8459
1108,幸福,20,0,20,康和-嘉義,2024-04-12,8459
1532,勤美,20,0,20,康和-嘉義,2024-04-12,8459
3576,聯合再生,20,0,20,康和-嘉義,2024-04-12,8459
6215,和椿,25,5,20,康和-嘉義,2024-04-12,8459
8163,達方,20,0,20,康和-嘉義,2024-04-12,8459
6197,佳必琪,24,6,18,康和-嘉義,2024-04-12,8459
00680L,元大美債20正2,28,10,18,康和-嘉義,2024-04-12,8459
3313,斐成,20,3,17,康和-嘉義,2024-04-12,8459
00878,國泰永續高股息,18,1,17,康和-嘉義,2024-04-12,8459
00927,群益半導體收益,16,0,16,康和-嘉義,2024-04-12,8459
2413,環科,15,0,15,康和-嘉義,2024-04-12,8459
3036,文曄,273,259,14,康和-嘉義,2024-04-12,8459
00679B,元大美債20年,14,0,14,康和-嘉義,2024-04-12,8459
2337,旺宏,14,0,14,康和-嘉義,2024-04-12,8459
2363,矽統,427,413,14,康和-嘉義,2024-04-12,8459
2812,台中銀,15,2,13,康和-嘉義,2024-04-12,8459
5425,台半,15,2,13,康和-嘉義,2024-04-12,8459
00939,統一台灣高息動能,13,1,12,康和-嘉義,2024-04-12,8459
1101,台泥,12,0,12,康和-嘉義,2024-04-12,8459
00929,復華台灣科技優息,172,4,168,康和-嘉義,2024-04-15,8459
1609,大亞,209,77,132,康和-嘉義,2024-04-15,8459
2603,長榮,137,9,128,康和-嘉義,2024-04-15,8459
2371,大同,289,171,118,康和-嘉義,2024-04-15,8459
00795B,中信美國公債20年,116,0,116,康和-嘉義,2024-04-15,8459
2630,亞航,146,44,102,康和-嘉義,2024-04-15,8459
2867,三商壽,135,36,99,康和-嘉義,2024-04-15,8459
2611,志信,80,5,75,康和-嘉義,2024-04-15,8459
2374,佳能,135,73,62,康和-嘉義,2024-04-15,8459
3481,群創,75,20,55,康和-嘉義,2024-04-15,8459
00940,元大台灣價值高息,75,25,50,康和-嘉義,2024-04-15,8459
2645,長榮航太,84,37,47,康和-嘉義,2024-04-15,8459
3260,威剛,50,7,43,康和-嘉義,2024-04-15,8459
3081,聯亞,42,0,42,康和-嘉義,2024-04-15,8459
2615,萬海,42,0,42,康和-嘉義,2024-04-15,8459
1612,宏泰,46,6,40,康和-嘉義,2024-04-15,8459
2317,鴻海,64,28,36,康和-嘉義,2024-04-15,8459
2002,中鋼,34,0,34,康和-嘉義,2024-04-15,8459
5519,隆大,30,0,30,康和-嘉義,2024-04-15,8459
00941,中信上游半導體,29,1,28,康和-嘉義,2024-04-15,8459
2303,聯電,27,1,26,康和-嘉義,2024-04-15,8459
4960,誠美材,30,5,25,康和-嘉義,2024-04-15,8459
3372,典範,22,0,22,康和-嘉義,2024-04-15,8459
5521,工信,22,0,22,康和-嘉義,2024-04-15,8459
2409,友達,22,0,22,康和-嘉義,2024-04-15,8459
8046,南電,22,1,21,康和-嘉義,2024-04-15,8459
5443,均豪,21,0,21,康和-嘉義,2024-04-15,8459
1733,五鼎,21,0,21,康和-嘉義,2024-04-15,8459
2609,陽明,24,4,20,康和-嘉義,2024-04-15,8459
2892,第一金,20,0,20,康和-嘉義,2024-04-15,8459
2344,華邦電,114,95,19,康和-嘉義,2024-04-15,8459
5426,振發,24,5,19,康和-嘉義,2024-04-15,8459
2515,中工,23,8,15,康和-嘉義,2024-04-15,8459
4979,華星光,15,0,15,康和-嘉義,2024-04-15,8459
5351,鈺創,16,2,14,康和-嘉義,2024-04-15,8459
00878,國泰永續高股息,20,7,13,康和-嘉義,2024-04-15,8459
2356,英業達,23,10,13,康和-嘉義,2024-04-15,8459
1605,華新,33,21,12,康和-嘉義,2024-04-15,8459
00931B,統一美債20年,12,0,12,康和-嘉義,2024-04-15,8459
1815,富喬,12,0,12,康和-嘉義,2024-04-15,8459
2464,盟立,12,0,12,康和-嘉義,2024-04-15,8459
3563,牧德,14,2,12,康和-嘉義,2024-04-15,8459
6274,台燿,12,1,11,康和-嘉義,2024-04-15,8459
00933B,國泰10Y+金融債,11,0,11,康和-嘉義,2024-04-15,8459
2369,菱生,11,0,11,康和-嘉義,2024-04-15,8459
2485,兆赫,17,6,11,康和-嘉義,2024-04-15,8459
2618,長榮航,22,11,11,康和-嘉義,2024-04-15,8459
3036,文曄,13,2,11,康和-嘉義,2024-04-15,8459
5009,榮剛,48,37,11,康和-嘉義,2024-04-15,8459
5388,中磊,11,0,11,康和-嘉義,2024-04-15,8459
2883,凱基金,230,1,229,康和-嘉義,2024-04-16,8459
1210,大成,148,0,148,康和-嘉義,2024-04-16,8459
00929,復華台灣科技優息,140,9,131,康和-嘉義,2024-04-16,8459
2891,中信金,123,1,122,康和-嘉義,2024-04-16,8459
6016,康和證,103,2,101,康和-嘉義,2024-04-16,8459
00673R,期元大S＆P原油反1,100,0,100,康和-嘉義,2024-04-16,8459
8213,志超,99,0,99,康和-嘉義,2024-04-16,8459
5519,隆大,99,0,99,康和-嘉義,2024-04-16,8459
2867,三商壽,185,93,92,康和-嘉義,2024-04-16,8459
00919,群益台灣精選高息,100,9,91,康和-嘉義,2024-04-16,8459
00937B,群益ESG投等債20,125,35,90,康和-嘉義,2024-04-16,8459
2882,國泰金,85,2,83,康和-嘉義,2024-04-16,8459
1513,中興電,122,39,83,康和-嘉義,2024-04-16,8459
1540,喬福,81,0,81,康和-嘉義,2024-04-16,8459
2367,燿華,131,52,79,康和-嘉義,2024-04-16,8459
1714,和桐,84,6,78,康和-嘉義,2024-04-16,8459
2356,英業達,78,4,74,康和-嘉義,2024-04-16,8459
2608,嘉里大榮,74,0,74,康和-嘉義,2024-04-16,8459
00878,國泰永續高股息,87,17,70,康和-嘉義,2024-04-16,8459
2801,彰銀,65,0,65,康和-嘉義,2024-04-16,8459
2637,慧洋-KY,91,30,61,康和-嘉義,2024-04-16,8459
4960,誠美材,55,2,53,康和-嘉義,2024-04-16,8459
8215,明基材,51,0,51,康和-嘉義,2024-04-16,8459
3231,緯創,59,8,51,康和-嘉義,2024-04-16,8459
5443,均豪,43,0,43,康和-嘉義,2024-04-16,8459
1503,士電,49,7,42,康和-嘉義,2024-04-16,8459
3557,嘉威,41,1,40,康和-嘉義,2024-04-16,8459
2303,聯電,55,19,36,康和-嘉義,2024-04-16,8459
1608,華榮,53,17,36,康和-嘉義,2024-04-16,8459
2897,王道銀行,37,3,34,康和-嘉義,2024-04-16,8459
3260,威剛,43,10,33,康和-嘉義,2024-04-16,8459
1702,南僑,33,0,33,康和-嘉義,2024-04-16,8459
00882,中信中國高股息,30,0,30,康和-嘉義,2024-04-16,8459
2419,仲琦,30,0,30,康和-嘉義,2024-04-16,8459
1605,華新,56,28,28,康和-嘉義,2024-04-16,8459
2323,中環,28,0,28,康和-嘉義,2024-04-16,8459
6197,佳必琪,28,0,28,康和-嘉義,2024-04-16,8459
2363,矽統,29,3,26,康和-嘉義,2024-04-16,8459
00680L,元大美債20正2,25,0,25,康和-嘉義,2024-04-16,8459
2515,中工,32,8,24,康和-嘉義,2024-04-16,8459
2634,漢翔,65,41,24,康和-嘉義,2024-04-16,8459
3689,湧德,25,2,23,康和-嘉義,2024-04-16,8459
8440,綠電,38,16,22,康和-嘉義,2024-04-16,8459
5457,宣德,22,0,22,康和-嘉義,2024-04-16,8459
00712,復華富時不動產,31,10,21,康和-嘉義,2024-04-16,8459
00679B,元大美債20年,21,0,21,康和-嘉義,2024-04-16,8459
00688L,國泰20年美債正2,21,0,21,康和-嘉義,2024-04-16,8459
3059,華晶科,30,9,21,康和-嘉義,2024-04-16,8459
3645,達邁,21,0,21,康和-嘉義,2024-04-16,8459
2103,台橡,22,2,20,康和-嘉義,2024-04-16,8459
00857B,永豐20年美公債,124,0,124,康和-嘉義,2024-04-17,8459
00937B,群益ESG投等債20,99,0,99,康和-嘉義,2024-04-17,8459
1609,大亞,145,76,69,康和-嘉義,2024-04-17,8459
3481,群創,65,6,59,康和-嘉義,2024-04-17,8459
00929,復華台灣科技優息,59,3,56,康和-嘉義,2024-04-17,8459
2353,宏��,110,59,51,康和-嘉義,2024-04-17,8459
2892,第一金,61,11,50,康和-嘉義,2024-04-17,8459
2615,萬海,66,20,46,康和-嘉義,2024-04-17,8459
3231,緯創,57,15,42,康和-嘉義,2024-04-17,8459
2101,南港,46,6,40,康和-嘉義,2024-04-17,8459
00919,群益台灣精選高息,38,1,37,康和-嘉義,2024-04-17,8459
00720B,元大投資級公司債,36,0,36,康和-嘉義,2024-04-17,8459
2427,三商電,36,2,34,康和-嘉義,2024-04-17,8459
2884,玉山金,33,0,33,康和-嘉義,2024-04-17,8459
4533,協易機,36,4,32,康和-嘉義,2024-04-17,8459
3339,泰谷,30,0,30,康和-嘉義,2024-04-17,8459
2329,華泰,50,21,29,康和-嘉義,2024-04-17,8459
0056,元大高股息,30,2,28,康和-嘉義,2024-04-17,8459
00905,FT臺灣Smart,26,0,26,康和-嘉義,2024-04-17,8459
5519,隆大,25,0,25,康和-嘉義,2024-04-17,8459
2303,聯電,34,10,24,康和-嘉義,2024-04-17,8459
2537,聯上發,23,0,23,康和-嘉義,2024-04-17,8459
8011,台通,60,37,23,康和-嘉義,2024-04-17,8459
6283,淳安,21,0,21,康和-嘉義,2024-04-17,8459
1101,台泥,21,0,21,康和-嘉義,2024-04-17,8459
3081,聯亞,20,0,20,康和-嘉義,2024-04-17,8459
9105,泰金寶-DR,20,0,20,康和-嘉義,2024-04-17,8459
2401,凌陽,25,7,18,康和-嘉義,2024-04-17,8459
2409,友達,18,0,18,康和-嘉義,2024-04-17,8459
8033,雷虎,22,4,18,康和-嘉義,2024-04-17,8459
2340,台亞,20,3,17,康和-嘉義,2024-04-17,8459
3706,神達,29,13,16,康和-嘉義,2024-04-17,8459
2356,英業達,21,5,16,康和-嘉義,2024-04-17,8459
3294,英濟,17,1,16,康和-嘉義,2024-04-17,8459
1615,大山,15,0,15,康和-嘉義,2024-04-17,8459
1733,五鼎,15,0,15,康和-嘉義,2024-04-17,8459
3296,勝德,15,0,15,康和-嘉義,2024-04-17,8459
4532,瑞智,15,0,15,康和-嘉義,2024-04-17,8459
4961,天鈺,16,1,15,康和-嘉義,2024-04-17,8459
6197,佳必琪,19,4,15,康和-嘉義,2024-04-17,8459
00712,復華富時不動產,14,0,14,康和-嘉義,2024-04-17,8459
2618,長榮航,24,10,14,康和-嘉義,2024-04-17,8459
8096,擎亞,29,15,14,康和-嘉義,2024-04-17,8459
2002,中鋼,13,0,13,康和-嘉義,2024-04-17,8459
2850,新產,12,0,12,康和-嘉義,2024-04-17,8459
2867,三商壽,42,31,11,康和-嘉義,2024-04-17,8459
3027,盛達,23,12,11,康和-嘉義,2024-04-17,8459
5483,中美晶,12,1,11,康和-嘉義,2024-04-17,8459
00878,國泰永續高股息,13,3,10,康和-嘉義,2024-04-17,8459
2515,中工,15,5,10,康和-嘉義,2024-04-17,8459
00937B,群益ESG投等債20,261,1,260,康和-嘉義,2024-04-18,8459
2867,三商壽,172,3,169,康和-嘉義,2024-04-18,8459
2347,聯強,100,0,100,康和-嘉義,2024-04-18,8459
6016,康和證,101,1,100,康和-嘉義,2024-04-18,8459
2374,佳能,159,60,99,康和-嘉義,2024-04-18,8459
4529,淳紳,93,0,93,康和-嘉義,2024-04-18,8459
00679B,元大美債20年,101,12,89,康和-嘉義,2024-04-18,8459
2356,英業達,70,6,64,康和-嘉義,2024-04-18,8459
00929,復華台灣科技優息,58,0,58,康和-嘉義,2024-04-18,8459
2637,慧洋-KY,56,0,56,康和-嘉義,2024-04-18,8459
2363,矽統,78,22,56,康和-嘉義,2024-04-18,8459
2634,漢翔,145,92,53,康和-嘉義,2024-04-18,8459
00665L,富邦�琤肭磪囓�2,50,0,50,康和-嘉義,2024-04-18,8459
1314,中石化,50,2,48,康和-嘉義,2024-04-18,8459
3013,晟銘電,90,51,39,康和-嘉義,2024-04-18,8459
3707,漢磊,99,61,38,康和-嘉義,2024-04-18,8459
2630,亞航,52,14,38,康和-嘉義,2024-04-18,8459
1467,南緯,36,0,36,康和-嘉義,2024-04-18,8459
3645,達邁,35,0,35,康和-嘉義,2024-04-18,8459
4533,協易機,37,5,32,康和-嘉義,2024-04-18,8459
6770,力積電,56,26,30,康和-嘉義,2024-04-18,8459
2609,陽明,29,4,25,康和-嘉義,2024-04-18,8459
2349,錸德,24,0,24,康和-嘉義,2024-04-18,8459
00687B,國泰20年美債,23,0,23,康和-嘉義,2024-04-18,8459
4526,東台,31,9,22,康和-嘉義,2024-04-18,8459
6213,聯茂,25,3,22,康和-嘉義,2024-04-18,8459
2884,玉山金,22,1,21,康和-嘉義,2024-04-18,8459
00940,元大台灣價值高息,45,25,20,康和-嘉義,2024-04-18,8459
6425,易發,21,1,20,康和-嘉義,2024-04-18,8459
9933,中鼎,30,11,19,康和-嘉義,2024-04-18,8459
2897,王道銀行,33,14,19,康和-嘉義,2024-04-18,8459
00919,群益台灣精選高息,18,0,18,康和-嘉義,2024-04-18,8459
8390,金益鼎,18,0,18,康和-嘉義,2024-04-18,8459
00941,中信上游半導體,17,0,17,康和-嘉義,2024-04-18,8459
2801,彰銀,17,0,17,康和-嘉義,2024-04-18,8459
2009,第一銅,22,6,16,康和-嘉義,2024-04-18,8459
2101,南港,20,4,16,康和-嘉義,2024-04-18,8459
1786,科妍,15,0,15,康和-嘉義,2024-04-18,8459
6125,廣運,23,8,15,康和-嘉義,2024-04-18,8459
1108,幸福,18,4,14,康和-嘉義,2024-04-18,8459
2516,新建,25,11,14,康和-嘉義,2024-04-18,8459
1587,吉茂,14,1,13,康和-嘉義,2024-04-18,8459
1785,光洋科,17,4,13,康和-嘉義,2024-04-18,8459
2850,新產,16,3,13,康和-嘉義,2024-04-18,8459
4956,光鋐,15,2,13,康和-嘉義,2024-04-18,8459
00632R,元大台灣50反1,12,0,12,康和-嘉義,2024-04-18,8459
2017,官田鋼,20,8,12,康和-嘉義,2024-04-18,8459
2369,菱生,13,1,12,康和-嘉義,2024-04-18,8459
3706,神達,13,1,12,康和-嘉義,2024-04-18,8459
0056,元大高股息,12,0,12,康和-嘉義,2024-04-18,8459
00929,復華台灣科技優息,320,33,287,康和-嘉義,2024-04-19,8459
2883,凱基金,260,5,255,康和-嘉義,2024-04-19,8459
2371,大同,625,435,190,康和-嘉義,2024-04-19,8459
2009,第一銅,193,5,188,康和-嘉義,2024-04-19,8459
00940,元大台灣價值高息,221,57,164,康和-嘉義,2024-04-19,8459
5512,力麒,195,52,143,康和-嘉義,2024-04-19,8459
2888,新光金,110,1,109,康和-嘉義,2024-04-19,8459
00715L,期街口布蘭特正2,124,20,104,康和-嘉義,2024-04-19,8459
00795B,中信美國公債20年,100,0,100,康和-嘉義,2024-04-19,8459
2367,燿華,91,7,84,康和-嘉義,2024-04-19,8459
1467,南緯,77,1,76,康和-嘉義,2024-04-19,8459
2374,佳能,218,145,73,康和-嘉義,2024-04-19,8459
2605,新興,150,79,71,康和-嘉義,2024-04-19,8459
0056,元大高股息,64,4,60,康和-嘉義,2024-04-19,8459
00878,國泰永續高股息,78,20,58,康和-嘉義,2024-04-19,8459
6197,佳必琪,70,16,54,康和-嘉義,2024-04-19,8459
2303,聯電,62,9,53,康和-嘉義,2024-04-19,8459
2330,台積電,85,33,52,康和-嘉義,2024-04-19,8459
5531,鄉林,61,10,51,康和-嘉義,2024-04-19,8459
1301,台塑,50,0,50,康和-嘉義,2024-04-19,8459
2611,志信,52,3,49,康和-嘉義,2024-04-19,8459
5443,均豪,47,3,44,康和-嘉義,2024-04-19,8459
2891,中信金,43,0,43,康和-嘉義,2024-04-19,8459
00919,群益台灣精選高息,42,1,41,康和-嘉義,2024-04-19,8459
2344,華邦電,46,5,41,康和-嘉義,2024-04-19,8459
1605,華新,58,18,40,康和-嘉義,2024-04-19,8459
5880,合庫金,38,0,38,康和-嘉義,2024-04-19,8459
8215,明基材,41,3,38,康和-嘉義,2024-04-19,8459
2201,裕隆,42,5,37,康和-嘉義,2024-04-19,8459
1314,中石化,35,1,34,康和-嘉義,2024-04-19,8459
9955,佳龍,60,29,31,康和-嘉義,2024-04-19,8459
2317,鴻海,89,59,30,康和-嘉義,2024-04-19,8459
5519,隆大,30,0,30,康和-嘉義,2024-04-19,8459
2867,三商壽,29,1,28,康和-嘉義,2024-04-19,8459
3231,緯創,45,17,28,康和-嘉義,2024-04-19,8459
1608,華榮,143,116,27,康和-嘉義,2024-04-19,8459
6016,康和證,28,1,27,康和-嘉義,2024-04-19,8459
2515,中工,239,212,27,康和-嘉義,2024-04-19,8459
8054,安國,72,46,26,康和-嘉義,2024-04-19,8459
2882,國泰金,25,2,23,康和-嘉義,2024-04-19,8459
2618,長榮航,50,27,23,康和-嘉義,2024-04-19,8459
2323,中環,33,10,23,康和-嘉義,2024-04-19,8459
1905,華紙,28,6,22,康和-嘉義,2024-04-19,8459
1101,台泥,22,0,22,康和-嘉義,2024-04-19,8459
1609,大亞,377,355,22,康和-嘉義,2024-04-19,8459
3260,威剛,37,17,20,康和-嘉義,2024-04-19,8459
4743,合一,21,1,20,康和-嘉義,2024-04-19,8459
3037,欣興,21,2,19,康和-嘉義,2024-04-19,8459
2413,環科,20,1,19,康和-嘉義,2024-04-19,8459
3036,文曄,27,10,17,康和-嘉義,2024-04-19,8459
00929,復華台灣科技優息,152,5,147,康和-嘉義,2024-04-22,8459
00795B,中信美國公債20年,101,0,101,康和-嘉義,2024-04-22,8459
1314,中石化,119,26,93,康和-嘉義,2024-04-22,8459
00940,元大台灣價值高息,109,17,92,康和-嘉義,2024-04-22,8459
4513,福裕,76,3,73,康和-嘉義,2024-04-22,8459
2374,佳能,155,83,72,康和-嘉義,2024-04-22,8459
2520,冠德,109,48,61,康和-嘉義,2024-04-22,8459
2317,鴻海,129,75,54,康和-嘉義,2024-04-22,8459
2812,台中銀,50,1,49,康和-嘉義,2024-04-22,8459
4533,協易機,46,1,45,康和-嘉義,2024-04-22,8459
2406,國碩,58,18,40,康和-嘉義,2024-04-22,8459
2515,中工,496,456,40,康和-嘉義,2024-04-22,8459
2516,新建,81,42,39,康和-嘉義,2024-04-22,8459
00637L,元大滬深300正2,36,0,36,康和-嘉義,2024-04-22,8459
3024,憶聲,35,0,35,康和-嘉義,2024-04-22,8459
8936,國統,47,14,33,康和-嘉義,2024-04-22,8459
00937B,群益ESG投等債20,28,0,28,康和-嘉義,2024-04-22,8459
00939,統一台灣高息動能,38,10,28,康和-嘉義,2024-04-22,8459
00680L,元大美債20正2,36,10,26,康和-嘉義,2024-04-22,8459
3231,緯創,64,38,26,康和-嘉義,2024-04-22,8459
2038,海光,25,0,25,康和-嘉義,2024-04-22,8459
2344,華邦電,25,0,25,康和-嘉義,2024-04-22,8459
8213,志超,25,0,25,康和-嘉義,2024-04-22,8459
1612,宏泰,29,4,25,康和-嘉義,2024-04-22,8459
2618,長榮航,89,65,24,康和-嘉義,2024-04-22,8459
2356,英業達,31,8,23,康和-嘉義,2024-04-22,8459
5521,工信,165,143,22,康和-嘉義,2024-04-22,8459
3013,晟銘電,28,7,21,康和-嘉義,2024-04-22,8459
6116,彩晶,21,0,21,康和-嘉義,2024-04-22,8459
00931B,統一美債20年,20,0,20,康和-嘉義,2024-04-22,8459
1467,南緯,20,0,20,康和-嘉義,2024-04-22,8459
5498,凱崴,20,0,20,康和-嘉義,2024-04-22,8459
3706,神達,23,4,19,康和-嘉義,2024-04-22,8459
00878,國泰永續高股息,21,3,18,康和-嘉義,2024-04-22,8459
3037,欣興,18,0,18,康和-嘉義,2024-04-22,8459
5512,力麒,52,34,18,康和-嘉義,2024-04-22,8459
2543,皇昌,43,25,18,康和-嘉義,2024-04-22,8459
2303,聯電,73,56,17,康和-嘉義,2024-04-22,8459
3402,漢科,19,2,17,康和-嘉義,2024-04-22,8459
3466,德晉,18,2,16,康和-嘉義,2024-04-22,8459
00919,群益台灣精選高息,26,10,16,康和-嘉義,2024-04-22,8459
1504,東元,19,4,15,康和-嘉義,2024-04-22,8459
4714,永捷,21,6,15,康和-嘉義,2024-04-22,8459
6869,雲豹能源,14,0,14,康和-嘉義,2024-04-22,8459
8112,至上,18,4,14,康和-嘉義,2024-04-22,8459
3015,全漢,13,0,13,康和-嘉義,2024-04-22,8459
6125,廣運,22,9,13,康和-嘉義,2024-04-22,8459
8215,明基材,14,1,13,康和-嘉義,2024-04-22,8459
4157,太景*-KY,12,0,12,康和-嘉義,2024-04-22,8459
4303,信立,14,2,12,康和-嘉義,2024-04-22,8459
00637L,元大滬深300正2,450,0,450,康和-嘉義,2024-04-23,8459
2834,臺企銀,224,20,204,康和-嘉義,2024-04-23,8459
2371,大同,210,121,89,康和-嘉義,2024-04-23,8459
2897,王道銀行,70,0,70,康和-嘉義,2024-04-23,8459
2845,遠東銀,60,0,60,康和-嘉義,2024-04-23,8459
1618,合機,58,2,56,康和-嘉義,2024-04-23,8459
1609,大亞,190,144,46,康和-嘉義,2024-04-23,8459
1440,南紡,49,3,46,康和-嘉義,2024-04-23,8459
2367,燿華,46,0,46,康和-嘉義,2024-04-23,8459
00937B,群益ESG投等債20,46,1,45,康和-嘉義,2024-04-23,8459
1611,中電,40,0,40,康和-嘉義,2024-04-23,8459
3576,聯合再生,35,0,35,康和-嘉義,2024-04-23,8459
2102,泰豐,31,0,31,康和-嘉義,2024-04-23,8459
1513,中興電,34,6,28,康和-嘉義,2024-04-23,8459
2317,鴻海,68,40,28,康和-嘉義,2024-04-23,8459
00929,復華台灣科技優息,30,3,27,康和-嘉義,2024-04-23,8459
2888,新光金,50,27,23,康和-嘉義,2024-04-23,8459
3081,聯亞,21,0,21,康和-嘉義,2024-04-23,8459
1414,東和,20,0,20,康和-嘉義,2024-04-23,8459
2329,華泰,21,2,19,康和-嘉義,2024-04-23,8459
00940,元大台灣價值高息,18,0,18,康和-嘉義,2024-04-23,8459
3313,斐成,18,0,18,康和-嘉義,2024-04-23,8459
1605,華新,18,0,18,康和-嘉義,2024-04-23,8459
1467,南緯,18,1,17,康和-嘉義,2024-04-23,8459
5009,榮剛,28,11,17,康和-嘉義,2024-04-23,8459
4532,瑞智,18,2,16,康和-嘉義,2024-04-23,8459
5512,力麒,49,33,16,康和-嘉義,2024-04-23,8459
2009,第一銅,18,3,15,康和-嘉義,2024-04-23,8459
3092,鴻碩,19,4,15,康和-嘉義,2024-04-23,8459
2303,聯電,15,1,14,康和-嘉義,2024-04-23,8459
8454,富邦媒,13,0,13,康和-嘉義,2024-04-23,8459
2331,精英,13,0,13,康和-嘉義,2024-04-23,8459
4533,協易機,17,4,13,康和-嘉義,2024-04-23,8459
4743,合一,13,0,13,康和-嘉義,2024-04-23,8459
6163,華電網,13,1,12,康和-嘉義,2024-04-23,8459
1101,台泥,11,0,11,康和-嘉義,2024-04-23,8459
2515,中工,333,322,11,康和-嘉義,2024-04-23,8459
2603,長榮,18,7,11,康和-嘉義,2024-04-23,8459
2356,英業達,16,5,11,康和-嘉義,2024-04-23,8459
2301,光寶科,11,1,10,康和-嘉義,2024-04-23,8459
1734,杏輝,10,0,10,康和-嘉義,2024-04-23,8459
2409,友達,12,2,10,康和-嘉義,2024-04-23,8459
3708,上緯投控,11,1,10,康和-嘉義,2024-04-23,8459
00680L,元大美債20正2,9,0,9,康和-嘉義,2024-04-23,8459
2405,輔信,10,1,9,康和-嘉義,2024-04-23,8459
4513,福裕,28,19,9,康和-嘉義,2024-04-23,8459
1905,華紙,9,1,8,康和-嘉義,2024-04-23,8459
2464,盟立,10,2,8,康和-嘉義,2024-04-23,8459
2547,日勝生,29,21,8,康和-嘉義,2024-04-23,8459
2634,漢翔,10,2,8,康和-嘉義,2024-04-23,8459
00637L,元大滬深300正2,390,0,390,康和-嘉義,2024-04-24,8459
6770,力積電,377,63,314,康和-嘉義,2024-04-24,8459
00937B,群益ESG投等債20,252,20,232,康和-嘉義,2024-04-24,8459
2374,佳能,318,101,217,康和-嘉義,2024-04-24,8459
00679B,元大美債20年,104,0,104,康和-嘉義,2024-04-24,8459
00929,復華台灣科技優息,134,39,95,康和-嘉義,2024-04-24,8459
2610,華航,104,24,80,康和-嘉義,2024-04-24,8459
2609,陽明,124,50,74,康和-嘉義,2024-04-24,8459
2883B,凱基金乙特,65,0,65,康和-嘉義,2024-04-24,8459
2409,友達,64,3,61,康和-嘉義,2024-04-24,8459
1467,南緯,60,0,60,康和-嘉義,2024-04-24,8459
8054,安國,60,7,53,康和-嘉義,2024-04-24,8459
3481,群創,144,92,52,康和-嘉義,2024-04-24,8459
00941,中信上游半導體,50,0,50,康和-嘉義,2024-04-24,8459
5230,雷笛克光學,56,7,49,康和-嘉義,2024-04-24,8459
2603,長榮,89,42,47,康和-嘉義,2024-04-24,8459
3231,緯創,91,45,46,康和-嘉義,2024-04-24,8459
1608,華榮,150,107,43,康和-嘉義,2024-04-24,8459
2634,漢翔,45,4,41,康和-嘉義,2024-04-24,8459
2845,遠東銀,40,4,36,康和-嘉義,2024-04-24,8459
2834,臺企銀,36,1,35,康和-嘉義,2024-04-24,8459
6190,萬泰科,35,5,30,康和-嘉義,2024-04-24,8459
2009,第一銅,38,13,25,康和-嘉義,2024-04-24,8459
2323,中環,35,10,25,康和-嘉義,2024-04-24,8459
00632R,元大台灣50反1,23,0,23,康和-嘉義,2024-04-24,8459
00720B,元大投資級公司債,21,0,21,康和-嘉義,2024-04-24,8459
2489,瑞軒,20,0,20,康和-嘉義,2024-04-24,8459
2889,國票金,20,0,20,康和-嘉義,2024-04-24,8459
2637,慧洋-KY,19,0,19,康和-嘉義,2024-04-24,8459
2206,三陽工業,64,47,17,康和-嘉義,2024-04-24,8459
3703,欣陸,71,54,17,康和-嘉義,2024-04-24,8459
5324,士開,18,2,16,康和-嘉義,2024-04-24,8459
1611,中電,16,0,16,康和-嘉義,2024-04-24,8459
6443,元晶,15,0,15,康和-嘉義,2024-04-24,8459
2543,皇昌,17,2,15,康和-嘉義,2024-04-24,8459
00687B,國泰20年美債,17,3,14,康和-嘉義,2024-04-24,8459
3491,昇達科,19,5,14,康和-嘉義,2024-04-24,8459
4526,東台,14,0,14,康和-嘉義,2024-04-24,8459
2317,鴻海,269,256,13,康和-嘉義,2024-04-24,8459
00795B,中信美國公債20年,12,0,12,康和-嘉義,2024-04-24,8459
00753L,中信中國50正2,15,3,12,康和-嘉義,2024-04-24,8459
2027,大成鋼,12,0,12,康和-嘉義,2024-04-24,8459
3628,盈正,12,0,12,康和-嘉義,2024-04-24,8459
8147,正淩,12,0,12,康和-嘉義,2024-04-24,8459
1314,中石化,11,0,11,康和-嘉義,2024-04-24,8459
00857B,永豐20年美公債,11,0,11,康和-嘉義,2024-04-24,8459
1529,樂事綠能,11,0,11,康和-嘉義,2024-04-24,8459
8358,金居,12,1,11,康和-嘉義,2024-04-24,8459
5531,鄉林,11,0,11,康和-嘉義,2024-04-24,8459
3032,偉訓,10,0,10,康和-嘉義,2024-04-24,8459
1608,華榮,315,37,278,康和-嘉義,2024-04-25,8459
2515,中工,210,55,155,康和-嘉義,2024-04-25,8459
2834,臺企銀,156,7,149,康和-嘉義,2024-04-25,8459
1609,大亞,250,105,145,康和-嘉義,2024-04-25,8459
1101,台泥,123,12,111,康和-嘉義,2024-04-25,8459
2362,藍天,106,6,100,康和-嘉義,2024-04-25,8459
1605,華新,69,5,64,康和-嘉義,2024-04-25,8459
6462,神盾,37,2,35,康和-嘉義,2024-04-25,8459
00795B,中信美國公債20年,31,0,31,康和-嘉義,2024-04-25,8459
2324,仁寶,30,0,30,康和-嘉義,2024-04-25,8459
4157,太景*-KY,30,0,30,康和-嘉義,2024-04-25,8459
00940,元大台灣價值高息,32,5,27,康和-嘉義,2024-04-25,8459
6139,亞翔,45,20,25,康和-嘉義,2024-04-25,8459
2891,中信金,27,3,24,康和-嘉義,2024-04-25,8459
2406,國碩,28,5,23,康和-嘉義,2024-04-25,8459
6264,富裔,23,0,23,康和-嘉義,2024-04-25,8459
00929,復華台灣科技優息,23,2,21,康和-嘉義,2024-04-25,8459
8096,擎亞,22,2,20,康和-嘉義,2024-04-25,8459
00878,國泰永續高股息,24,5,19,康和-嘉義,2024-04-25,8459
3037,欣興,45,26,19,康和-嘉義,2024-04-25,8459
4562,穎漢,20,1,19,康和-嘉義,2024-04-25,8459
1467,南緯,20,2,18,康和-嘉義,2024-04-25,8459
2103,台橡,17,0,17,康和-嘉義,2024-04-25,8459
1815,富喬,17,0,17,康和-嘉義,2024-04-25,8459
3092,鴻碩,19,2,17,康和-嘉義,2024-04-25,8459
5534,長虹,24,7,17,康和-嘉義,2024-04-25,8459
2630,亞航,33,17,16,康和-嘉義,2024-04-25,8459
2637,慧洋-KY,14,0,14,康和-嘉義,2024-04-25,8459
3481,群創,131,117,14,康和-嘉義,2024-04-25,8459
4532,瑞智,32,18,14,康和-嘉義,2024-04-25,8459
2888,新光金,13,0,13,康和-嘉義,2024-04-25,8459
3013,晟銘電,24,11,13,康和-嘉義,2024-04-25,8459
2506,太設,15,3,12,康和-嘉義,2024-04-25,8459
5324,士開,27,15,12,康和-嘉義,2024-04-25,8459
1611,中電,11,0,11,康和-嘉義,2024-04-25,8459
1618,合機,27,16,11,康和-嘉義,2024-04-25,8459
2323,中環,44,33,11,康和-嘉義,2024-04-25,8459
5533,皇鼎,11,0,11,康和-嘉義,2024-04-25,8459
6770,力積電,12,2,10,康和-嘉義,2024-04-25,8459
2409,友達,10,0,10,康和-嘉義,2024-04-25,8459
2739,寒舍,10,0,10,康和-嘉義,2024-04-25,8459
6125,廣運,31,21,10,康和-嘉義,2024-04-25,8459
1733,五鼎,9,0,9,康和-嘉義,2024-04-25,8459
2399,映泰,9,0,9,康和-嘉義,2024-04-25,8459
2641,正德,9,0,9,康和-嘉義,2024-04-25,8459
4919,新唐,21,12,9,康和-嘉義,2024-04-25,8459
6197,佳必琪,26,17,9,康和-嘉義,2024-04-25,8459
00680L,元大美債20正2,8,0,8,康和-嘉義,2024-04-25,8459
3372,典範,10,2,8,康和-嘉義,2024-04-25,8459
6288,聯嘉,8,0,8,康和-嘉義,2024-04-25,8459
1608,華榮,425,42,383,康和-嘉義,2024-04-26,8459
00937B,群益ESG投等債20,140,0,140,康和-嘉義,2024-04-26,8459
00857B,永豐20年美公債,116,0,116,康和-嘉義,2024-04-26,8459
2374,佳能,133,49,84,康和-嘉義,2024-04-26,8459
00632R,元大台灣50反1,75,0,75,康和-嘉義,2024-04-26,8459
2101,南港,82,14,68,康和-嘉義,2024-04-26,8459
5301,寶得利,62,0,62,康和-嘉義,2024-04-26,8459
1442,名軒,60,0,60,康和-嘉義,2024-04-26,8459
2892,第一金,52,0,52,康和-嘉義,2024-04-26,8459
00795B,中信美國公債20年,50,0,50,康和-嘉義,2024-04-26,8459
00882,中信中國高股息,42,2,40,康和-嘉義,2024-04-26,8459
2025,千興,30,0,30,康和-嘉義,2024-04-26,8459
6264,富裔,30,0,30,康和-嘉義,2024-04-26,8459
3363,上詮,39,14,25,康和-嘉義,2024-04-26,8459
00715L,期街口布蘭特正2,30,7,23,康和-嘉義,2024-04-26,8459
2897,王道銀行,23,0,23,康和-嘉義,2024-04-26,8459
8996,高力,28,6,22,康和-嘉義,2024-04-26,8459
00680L,元大美債20正2,31,10,21,康和-嘉義,2024-04-26,8459
1587,吉茂,22,2,20,康和-嘉義,2024-04-26,8459
2812,台中銀,20,0,20,康和-嘉義,2024-04-26,8459
2537,聯上發,20,1,19,康和-嘉義,2024-04-26,8459
8064,東捷,66,47,19,康和-嘉義,2024-04-26,8459
3450,聯鈞,32,14,18,康和-嘉義,2024-04-26,8459
6425,易發,18,0,18,康和-嘉義,2024-04-26,8459
6207,雷科,29,12,17,康和-嘉義,2024-04-26,8459
2405,輔信,16,0,16,康和-嘉義,2024-04-26,8459
2506,太設,18,3,15,康和-嘉義,2024-04-26,8459
2515,中工,570,555,15,康和-嘉義,2024-04-26,8459
3576,聯合再生,15,0,15,康和-嘉義,2024-04-26,8459
6197,佳必琪,37,22,15,康和-嘉義,2024-04-26,8459
6274,台燿,20,5,15,康和-嘉義,2024-04-26,8459
3715,定穎投控,19,5,14,康和-嘉義,2024-04-26,8459
00919,群益台灣精選高息,15,1,14,康和-嘉義,2024-04-26,8459
2630,亞航,23,9,14,康和-嘉義,2024-04-26,8459
2615,萬海,25,11,14,康和-嘉義,2024-04-26,8459
6548,長科*,16,3,13,康和-嘉義,2024-04-26,8459
00720B,元大投資級公司債,12,0,12,康和-嘉義,2024-04-26,8459
1605,華新,14,2,12,康和-嘉義,2024-04-26,8459
2520,冠德,17,5,12,康和-嘉義,2024-04-26,8459
6244,茂迪,14,2,12,康和-嘉義,2024-04-26,8459
6591,動力-KY,12,0,12,康和-嘉義,2024-04-26,8459
6770,力積電,15,4,11,康和-嘉義,2024-04-26,8459
00688L,國泰20年美債正2,11,0,11,康和-嘉義,2024-04-26,8459
1540,喬福,11,0,11,康和-嘉義,2024-04-26,8459
3622,洋華,23,12,11,康和-嘉義,2024-04-26,8459
2601,益航,10,0,10,康和-嘉義,2024-04-26,8459
2241,艾姆勒,11,1,10,康和-嘉義,2024-04-26,8459
1617,榮星,15,5,10,康和-嘉義,2024-04-26,8459
2331,精英,10,0,10,康和-嘉義,2024-04-26,8459
2543,皇昌,13,3,10,康和-嘉義,2024-04-26,8459
1316,上曜,693,7,686,康和-嘉義,2024-04-29,8459
00795B,中信美國公債20年,100,0,100,康和-嘉義,2024-04-29,8459
2883,凱基金,122,24,98,康和-嘉義,2024-04-29,8459
2323,中環,179,86,93,康和-嘉義,2024-04-29,8459
2613,中櫃,80,0,80,康和-嘉義,2024-04-29,8459
8213,志超,68,0,68,康和-嘉義,2024-04-29,8459
2882,國泰金,99,35,64,康和-嘉義,2024-04-29,8459
3163,波若威,73,10,63,康和-嘉義,2024-04-29,8459
2634,漢翔,60,1,59,康和-嘉義,2024-04-29,8459
2609,陽明,149,93,56,康和-嘉義,2024-04-29,8459
2489,瑞軒,80,30,50,康和-嘉義,2024-04-29,8459
1513,中興電,59,10,49,康和-嘉義,2024-04-29,8459
3338,泰碩,50,4,46,康和-嘉義,2024-04-29,8459
4303,信立,44,1,43,康和-嘉義,2024-04-29,8459
2363,矽統,71,29,42,康和-嘉義,2024-04-29,8459
2516,新建,60,21,39,康和-嘉義,2024-04-29,8459
2610,華航,63,24,39,康和-嘉義,2024-04-29,8459
2514,龍邦,41,2,39,康和-嘉義,2024-04-29,8459
2892,第一金,44,6,38,康和-嘉義,2024-04-29,8459
2883B,凱基金乙特,35,0,35,康和-嘉義,2024-04-29,8459
4743,合一,35,0,35,康和-嘉義,2024-04-29,8459
2611,志信,30,2,28,康和-嘉義,2024-04-29,8459
2392,正崴,27,0,27,康和-嘉義,2024-04-29,8459
6215,和椿,38,13,25,康和-嘉義,2024-04-29,8459
2353,宏��,101,78,23,康和-嘉義,2024-04-29,8459
2354,鴻準,28,5,23,康和-嘉義,2024-04-29,8459
2832,台產,23,0,23,康和-嘉義,2024-04-29,8459
2241,艾姆勒,22,1,21,康和-嘉義,2024-04-29,8459
00664R,國泰臺灣加權反1,20,0,20,康和-嘉義,2024-04-29,8459
8080,印鉐,21,2,19,康和-嘉義,2024-04-29,8459
1532,勤美,18,0,18,康和-嘉義,2024-04-29,8459
2409,友達,22,4,18,康和-嘉義,2024-04-29,8459
2360,致茂,18,1,17,康和-嘉義,2024-04-29,8459
1314,中石化,295,279,16,康和-嘉義,2024-04-29,8459
6125,廣運,47,31,16,康和-嘉義,2024-04-29,8459
2743,山富,16,0,16,康和-嘉義,2024-04-29,8459
4714,永捷,18,3,15,康和-嘉義,2024-04-29,8459
2303,聯電,27,12,15,康和-嘉義,2024-04-29,8459
1903,士紙,16,2,14,康和-嘉義,2024-04-29,8459
1612,宏泰,14,1,13,康和-嘉義,2024-04-29,8459
3312,弘憶股,17,4,13,康和-嘉義,2024-04-29,8459
6230,尼得科超眾,21,8,13,康和-嘉義,2024-04-29,8459
00919,群益台灣精選高息,14,1,13,康和-嘉義,2024-04-29,8459
1608,華榮,18,6,12,康和-嘉義,2024-04-29,8459
1817,凱撒衛,11,0,11,康和-嘉義,2024-04-29,8459
5521,工信,22,11,11,康和-嘉義,2024-04-29,8459
1810,和成,10,0,10,康和-嘉義,2024-04-29,8459
2031,新光鋼,12,2,10,康和-嘉義,2024-04-29,8459
2312,金寶,10,0,10,康和-嘉義,2024-04-29,8459
2939,永邑-KY,10,0,10,康和-嘉義,2024-04-29,8459
2883,凱基金,643,121,522,康和-嘉義,2024-04-30,8459
2501,國建,382,221,161,康和-嘉義,2024-04-30,8459
2889,國票金,107,0,107,康和-嘉義,2024-04-30,8459
3059,華晶科,102,0,102,康和-嘉義,2024-04-30,8459
1101,台泥,103,7,96,康和-嘉義,2024-04-30,8459
1717,長興,82,0,82,康和-嘉義,2024-04-30,8459
2882,國泰金,76,0,76,康和-嘉義,2024-04-30,8459
2363,矽統,242,169,73,康和-嘉義,2024-04-30,8459
2371,大同,67,13,54,康和-嘉義,2024-04-30,8459
00795B,中信美國公債20年,50,0,50,康和-嘉義,2024-04-30,8459
9904,寶成,50,0,50,康和-嘉義,2024-04-30,8459
00929,復華台灣科技優息,46,5,41,康和-嘉義,2024-04-30,8459
6235,華孚,77,36,41,康和-嘉義,2024-04-30,8459
5531,鄉林,38,0,38,康和-嘉義,2024-04-30,8459
8064,東捷,36,4,32,康和-嘉義,2024-04-30,8459
8213,志超,31,0,31,康和-嘉義,2024-04-30,8459
1605,華新,45,16,29,康和-嘉義,2024-04-30,8459
2880,華南金,36,10,26,康和-嘉義,2024-04-30,8459
2241,艾姆勒,26,3,23,康和-嘉義,2024-04-30,8459
3481,群創,80,59,21,康和-嘉義,2024-04-30,8459
00650L,復華香港正2,20,0,20,康和-嘉義,2024-04-30,8459
00940,元大台灣價值高息,19,0,19,康和-嘉義,2024-04-30,8459
2615,萬海,20,1,19,康和-嘉義,2024-04-30,8459
3231,緯創,35,16,19,康和-嘉義,2024-04-30,8459
2537,聯上發,39,21,18,康和-嘉義,2024-04-30,8459
2832,台產,18,0,18,康和-嘉義,2024-04-30,8459
2486,一詮,64,47,17,康和-嘉義,2024-04-30,8459
2913,農林,18,2,16,康和-嘉義,2024-04-30,8459
1516,川飛,18,2,16,康和-嘉義,2024-04-30,8459
1584,精剛,16,0,16,康和-嘉義,2024-04-30,8459
2465,麗臺,35,19,16,康和-嘉義,2024-04-30,8459
3033,威健,36,20,16,康和-嘉義,2024-04-30,8459
00665L,富邦�琤肭磪囓�2,21,6,15,康和-嘉義,2024-04-30,8459
2881,富邦金,15,0,15,康和-嘉義,2024-04-30,8459
2603,長榮,23,8,15,康和-嘉義,2024-04-30,8459
00878,國泰永續高股息,15,1,14,康和-嘉義,2024-04-30,8459
6139,亞翔,62,48,14,康和-嘉義,2024-04-30,8459
2103,台橡,12,0,12,康和-嘉義,2024-04-30,8459
2884,玉山金,12,0,12,康和-嘉義,2024-04-30,8459
3017,奇鋐,23,11,12,康和-嘉義,2024-04-30,8459
8080,印鉐,12,0,12,康和-嘉義,2024-04-30,8459
1477,聚陽,11,0,11,康和-嘉義,2024-04-30,8459
2801,彰銀,11,0,11,康和-嘉義,2024-04-30,8459
1611,中電,10,0,10,康和-嘉義,2024-04-30,8459
2313,華通,11,1,10,康和-嘉義,2024-04-30,8459
2355,敬鵬,10,0,10,康和-嘉義,2024-04-30,8459
2845,遠東銀,10,0,10,康和-嘉義,2024-04-30,8459
3287,廣寰科,11,1,10,康和-嘉義,2024-04-30,8459
3363,上詮,11,1,10,康和-嘉義,2024-04-30,8459
6269,台郡,10,0,10,康和-嘉義,2024-04-30,8459
2897,王道銀行,1650,20,1630,康和-嘉義,2024-05-02,8459
2852,第一保,609,0,609,康和-嘉義,2024-05-02,8459
2820,華票,529,0,529,康和-嘉義,2024-05-02,8459
2890,永豐金,450,2,448,康和-嘉義,2024-05-02,8459
2618,長榮航,534,221,313,康和-嘉義,2024-05-02,8459
1314,中石化,272,43,229,康和-嘉義,2024-05-02,8459
2371,大同,338,164,174,康和-嘉義,2024-05-02,8459
2816,旺旺保,140,0,140,康和-嘉義,2024-05-02,8459
6770,力積電,142,36,106,康和-嘉義,2024-05-02,8459
2515,中工,93,29,64,康和-嘉義,2024-05-02,8459
00878,國泰永續高股息,52,0,52,康和-嘉義,2024-05-02,8459
3481,群創,95,52,43,康和-嘉義,2024-05-02,8459
1717,長興,52,10,42,康和-嘉義,2024-05-02,8459
2883B,凱基金乙特,35,0,35,康和-嘉義,2024-05-02,8459
8011,台通,35,0,35,康和-嘉義,2024-05-02,8459
00715L,期街口布蘭特正2,34,0,34,康和-嘉義,2024-05-02,8459
2363,矽統,59,27,32,康和-嘉義,2024-05-02,8459
00936,台新永續高息中小,32,0,32,康和-嘉義,2024-05-02,8459
00929,復華台灣科技優息,32,0,32,康和-嘉義,2024-05-02,8459
6113,亞矽,30,0,30,康和-嘉義,2024-05-02,8459
2374,佳能,70,45,25,康和-嘉義,2024-05-02,8459
2511,太子,25,0,25,康和-嘉義,2024-05-02,8459
1718,中纖,24,0,24,康和-嘉義,2024-05-02,8459
00941,中信上游半導體,23,0,23,康和-嘉義,2024-05-02,8459
8936,國統,32,10,22,康和-嘉義,2024-05-02,8459
1442,名軒,26,5,21,康和-嘉義,2024-05-02,8459
00931B,統一美債20年,20,0,20,康和-嘉義,2024-05-02,8459
6806,森崴能源,20,0,20,康和-嘉義,2024-05-02,8459
1608,華榮,23,4,19,康和-嘉義,2024-05-02,8459
00919,群益台灣精選高息,19,1,18,康和-嘉義,2024-05-02,8459
2609,陽明,24,6,18,康和-嘉義,2024-05-02,8459
6213,聯茂,20,2,18,康和-嘉義,2024-05-02,8459
2486,一詮,22,5,17,康和-嘉義,2024-05-02,8459
6290,良維,16,0,16,康和-嘉義,2024-05-02,8459
2356,英業達,32,17,15,康和-嘉義,2024-05-02,8459
2603,長榮,27,12,15,康和-嘉義,2024-05-02,8459
2401,凌陽,14,0,14,康和-嘉義,2024-05-02,8459
2536,宏普,15,1,14,康和-嘉義,2024-05-02,8459
2317,鴻海,61,47,14,康和-嘉義,2024-05-02,8459
6116,彩晶,13,0,13,康和-嘉義,2024-05-02,8459
3049,精金,13,0,13,康和-嘉義,2024-05-02,8459
3037,欣興,20,7,13,康和-嘉義,2024-05-02,8459
2892,第一金,12,0,12,康和-嘉義,2024-05-02,8459
2330,台積電,15,3,12,康和-嘉義,2024-05-02,8459
5210,寶碩,12,0,12,康和-嘉義,2024-05-02,8459
6552,易華電,12,0,12,康和-嘉義,2024-05-02,8459
1440,南紡,13,1,12,康和-嘉義,2024-05-02,8459
1609,大亞,31,20,11,康和-嘉義,2024-05-02,8459
00679B,元大美債20年,11,0,11,康和-嘉義,2024-05-02,8459
1533,車王電,11,0,11,康和-嘉義,2024-05-02,8459
00715L,期街口布蘭特正2,738,0,738,康和-嘉義,2024-05-03,8459
2344,華邦電,220,39,181,康和-嘉義,2024-05-03,8459
2374,佳能,211,67,144,康和-嘉義,2024-05-03,8459
2515,中工,185,60,125,康和-嘉義,2024-05-03,8459
00937B,群益ESG投等債20,117,3,114,康和-嘉義,2024-05-03,8459
2890,永豐金,97,0,97,康和-嘉義,2024-05-03,8459
6770,力積電,122,26,96,康和-嘉義,2024-05-03,8459
5531,鄉林,117,32,85,康和-嘉義,2024-05-03,8459
1608,華榮,92,13,79,康和-嘉義,2024-05-03,8459
2897,王道銀行,65,0,65,康和-嘉義,2024-05-03,8459
6177,達麗,91,32,59,康和-嘉義,2024-05-03,8459
2501,國建,125,66,59,康和-嘉義,2024-05-03,8459
3576,聯合再生,53,0,53,康和-嘉義,2024-05-03,8459
2615,萬海,63,13,50,康和-嘉義,2024-05-03,8459
3060,銘異,49,1,48,康和-嘉義,2024-05-03,8459
00940,元大台灣價值高息,45,1,44,康和-嘉義,2024-05-03,8459
2618,長榮航,488,444,44,康和-嘉義,2024-05-03,8459
2609,陽明,157,113,44,康和-嘉義,2024-05-03,8459
1442,名軒,44,4,40,康和-嘉義,2024-05-03,8459
4533,協易機,41,1,40,康和-嘉義,2024-05-03,8459
5521,工信,60,20,40,康和-嘉義,2024-05-03,8459
5009,榮剛,39,0,39,康和-嘉義,2024-05-03,8459
6120,達運,38,3,35,康和-嘉義,2024-05-03,8459
1314,中石化,381,349,32,康和-嘉義,2024-05-03,8459
00929,復華台灣科技優息,29,3,26,康和-嘉義,2024-05-03,8459
3062,建漢,26,0,26,康和-嘉義,2024-05-03,8459
1717,長興,36,11,25,康和-嘉義,2024-05-03,8459
2511,太子,130,105,25,康和-嘉義,2024-05-03,8459
6180,橘子,25,1,24,康和-嘉義,2024-05-03,8459
5512,力麒,2026,2003,23,康和-嘉義,2024-05-03,8459
2323,中環,24,3,21,康和-嘉義,2024-05-03,8459
2427,三商電,20,0,20,康和-嘉義,2024-05-03,8459
2363,矽統,23,4,19,康和-嘉義,2024-05-03,8459
3207,耀勝,21,3,18,康和-嘉義,2024-05-03,8459
2458,義隆,21,4,17,康和-嘉義,2024-05-03,8459
00932,兆豐永續高息等權,15,0,15,康和-嘉義,2024-05-03,8459
1815,富喬,16,1,15,康和-嘉義,2024-05-03,8459
2014,中鴻,16,1,15,康和-嘉義,2024-05-03,8459
6257,矽格,14,0,14,康和-嘉義,2024-05-03,8459
2536,宏普,46,33,13,康和-嘉義,2024-05-03,8459
5498,凱崴,13,0,13,康和-嘉義,2024-05-03,8459
8926,台汽電,15,2,13,康和-嘉義,2024-05-03,8459
1522,堤維西,15,3,12,康和-嘉義,2024-05-03,8459
2915,潤泰全,12,0,12,康和-嘉義,2024-05-03,8459
2330,台積電,15,4,11,康和-嘉義,2024-05-03,8459
00795B,中信美國公債20年,11,0,11,康和-嘉義,2024-05-03,8459
1611,中電,11,0,11,康和-嘉義,2024-05-03,8459
2520,冠德,21,10,11,康和-嘉義,2024-05-03,8459
5230,雷笛克光學,12,1,11,康和-嘉義,2024-05-03,8459
3041,揚智,10,0,10,康和-嘉義,2024-05-03,8459
2883B,凱基金乙特,325,0,325,康和-嘉義,2024-05-06,8459
2885,元大金,318,15,303,康和-嘉義,2024-05-06,8459
2022,聚亨,134,0,134,康和-嘉義,2024-05-06,8459
2883,凱基金,123,1,122,康和-嘉義,2024-05-06,8459
3059,華晶科,126,10,116,康和-嘉義,2024-05-06,8459
00929,復華台灣科技優息,103,1,102,康和-嘉義,2024-05-06,8459
00937B,群益ESG投等債20,94,1,93,康和-嘉義,2024-05-06,8459
2228,劍麟,81,1,80,康和-嘉義,2024-05-06,8459
6757,台灣虎航,73,0,73,康和-嘉義,2024-05-06,8459
2891,中信金,107,39,68,康和-嘉義,2024-05-06,8459
3312,弘憶股,85,23,62,康和-嘉義,2024-05-06,8459
2888B,新光金乙特,50,0,50,康和-嘉義,2024-05-06,8459
2301,光寶科,44,2,42,康和-嘉義,2024-05-06,8459
2511,太子,86,48,38,康和-嘉義,2024-05-06,8459
8112,至上,49,12,37,康和-嘉義,2024-05-06,8459
2534,宏盛,36,4,32,康和-嘉義,2024-05-06,8459
6442,光聖,41,10,31,康和-嘉義,2024-05-06,8459
2888,新光金,44,15,29,康和-嘉義,2024-05-06,8459
2317,鴻海,208,180,28,康和-嘉義,2024-05-06,8459
2371,大同,51,26,25,康和-嘉義,2024-05-06,8459
00679B,元大美債20年,25,0,25,康和-嘉義,2024-05-06,8459
9933,中鼎,25,1,24,康和-嘉義,2024-05-06,8459
6005,群益證,24,0,24,康和-嘉義,2024-05-06,8459
2363,矽統,44,21,23,康和-嘉義,2024-05-06,8459
5457,宣德,23,0,23,康和-嘉義,2024-05-06,8459
8070,長華*,32,9,23,康和-嘉義,2024-05-06,8459
1608,華榮,22,0,22,康和-嘉義,2024-05-06,8459
2328,廣宇,28,6,22,康和-嘉義,2024-05-06,8459
2834,臺企銀,22,0,22,康和-嘉義,2024-05-06,8459
4714,永捷,33,12,21,康和-嘉義,2024-05-06,8459
6213,聯茂,21,0,21,康和-嘉義,2024-05-06,8459
2887,台新金,20,1,19,康和-嘉義,2024-05-06,8459
1815,富喬,20,1,19,康和-嘉義,2024-05-06,8459
00919,群益台灣精選高息,18,0,18,康和-嘉義,2024-05-06,8459
2453,凌群,17,0,17,康和-嘉義,2024-05-06,8459
4160,訊聯基因,17,0,17,康和-嘉義,2024-05-06,8459
1582,信錦,24,8,16,康和-嘉義,2024-05-06,8459
5443,均豪,48,32,16,康和-嘉義,2024-05-06,8459
2603,長榮,17,1,16,康和-嘉義,2024-05-06,8459
2449,京元電子,30,15,15,康和-嘉義,2024-05-06,8459
2889,國票金,20,5,15,康和-嘉義,2024-05-06,8459
4303,信立,17,3,14,康和-嘉義,2024-05-06,8459
5432,新門,14,0,14,康和-嘉義,2024-05-06,8459
6152,百一,13,0,13,康和-嘉義,2024-05-06,8459
3564,其陽,18,5,13,康和-嘉義,2024-05-06,8459
1717,長興,14,2,12,康和-嘉義,2024-05-06,8459
2308,台達電,12,0,12,康和-嘉義,2024-05-06,8459
6125,廣運,34,22,12,康和-嘉義,2024-05-06,8459
3708,上緯投控,12,1,11,康和-嘉義,2024-05-06,8459
2201,裕隆,31,21,10,康和-嘉義,2024-05-06,8459
00937B,群益ESG投等債20,328,0,328,康和-嘉義,2024-05-07,8459
1608,華榮,294,21,273,康和-嘉義,2024-05-07,8459
00878,國泰永續高股息,170,7,163,康和-嘉義,2024-05-07,8459
2887,台新金,168,31,137,康和-嘉義,2024-05-07,8459
2888,新光金,115,7,108,康和-嘉義,2024-05-07,8459
5009,榮剛,103,1,102,康和-嘉義,2024-05-07,8459
5864,致和證,91,0,91,康和-嘉義,2024-05-07,8459
2501,國建,209,120,89,康和-嘉義,2024-05-07,8459
00795B,中信美國公債20年,90,30,60,康和-嘉義,2024-05-07,8459
2352,佳世達,61,12,49,康和-嘉義,2024-05-07,8459
1453,大將,48,6,42,康和-嘉義,2024-05-07,8459
1905,華紙,42,0,42,康和-嘉義,2024-05-07,8459
2323,中環,43,1,42,康和-嘉義,2024-05-07,8459
2610,華航,44,3,41,康和-嘉義,2024-05-07,8459
4303,信立,43,2,41,康和-嘉義,2024-05-07,8459
00929,復華台灣科技優息,43,6,37,康和-嘉義,2024-05-07,8459
1612,宏泰,37,1,36,康和-嘉義,2024-05-07,8459
2406,國碩,35,0,35,康和-嘉義,2024-05-07,8459
00919,群益台灣精選高息,36,3,33,康和-嘉義,2024-05-07,8459
5512,力麒,31,0,31,康和-嘉義,2024-05-07,8459
2637,慧洋-KY,39,11,28,康和-嘉義,2024-05-07,8459
2369,菱生,26,0,26,康和-嘉義,2024-05-07,8459
5392,能率,26,0,26,康和-嘉義,2024-05-07,8459
6541,泰福-KY,25,0,25,康和-嘉義,2024-05-07,8459
1708,東鹼,32,9,23,康和-嘉義,2024-05-07,8459
2009,第一銅,24,1,23,康和-嘉義,2024-05-07,8459
1446,宏和,22,0,22,康和-嘉義,2024-05-07,8459
2022,聚亨,22,0,22,康和-嘉義,2024-05-07,8459
2486,一詮,79,57,22,康和-嘉義,2024-05-07,8459
2545,皇翔,22,0,22,康和-嘉義,2024-05-07,8459
3013,晟銘電,40,18,22,康和-嘉義,2024-05-07,8459
3609,三一東林,22,0,22,康和-嘉義,2024-05-07,8459
2913,農林,25,4,21,康和-嘉義,2024-05-07,8459
6213,聯茂,25,4,21,康和-嘉義,2024-05-07,8459
6712,長聖,21,0,21,康和-嘉義,2024-05-07,8459
3706,神達,20,0,20,康和-嘉義,2024-05-07,8459
8121,越峰,19,0,19,康和-嘉義,2024-05-07,8459
2611,志信,23,5,18,康和-嘉義,2024-05-07,8459
5498,凱崴,21,5,16,康和-嘉義,2024-05-07,8459
1717,長興,26,11,15,康和-嘉義,2024-05-07,8459
2801,彰銀,14,0,14,康和-嘉義,2024-05-07,8459
3576,聯合再生,29,15,14,康和-嘉義,2024-05-07,8459
8215,明基材,14,0,14,康和-嘉義,2024-05-07,8459
2363,矽統,42,29,13,康和-嘉義,2024-05-07,8459
4137,麗豐-KY,13,0,13,康和-嘉義,2024-05-07,8459
1609,大亞,43,30,13,康和-嘉義,2024-05-07,8459
1617,榮星,15,3,12,康和-嘉義,2024-05-07,8459
3033,威健,17,5,12,康和-嘉義,2024-05-07,8459
3583,辛耘,47,35,12,康和-嘉義,2024-05-07,8459
5483,中美晶,12,0,12,康和-嘉義,2024-05-07,8459
2820,華票,294,0,294,康和-嘉義,2024-05-08,8459
2611,志信,105,2,103,康和-嘉義,2024-05-08,8459
00795B,中信美國公債20年,90,0,90,康和-嘉義,2024-05-08,8459
2606,裕民,119,39,80,康和-嘉義,2024-05-08,8459
1612,宏泰,98,27,71,康和-嘉義,2024-05-08,8459
2374,佳能,122,57,65,康和-嘉義,2024-05-08,8459
2501,國建,83,18,65,康和-嘉義,2024-05-08,8459
4561,健椿,81,16,65,康和-嘉義,2024-05-08,8459
2344,華邦電,65,1,64,康和-嘉義,2024-05-08,8459
2892,第一金,61,0,61,康和-嘉義,2024-05-08,8459
4306,炎洲,50,0,50,康和-嘉義,2024-05-08,8459
00878,國泰永續高股息,51,2,49,康和-嘉義,2024-05-08,8459
2845,遠東銀,39,0,39,康和-嘉義,2024-05-08,8459
2367,燿華,163,129,34,康和-嘉義,2024-05-08,8459
5498,凱崴,34,0,34,康和-嘉義,2024-05-08,8459
3363,上詮,74,47,27,康和-嘉義,2024-05-08,8459
2612,中航,35,9,26,康和-嘉義,2024-05-08,8459
00940,元大台灣價值高息,25,0,25,康和-嘉義,2024-05-08,8459
2618,長榮航,49,25,24,康和-嘉義,2024-05-08,8459
3481,群創,23,0,23,康和-嘉義,2024-05-08,8459
6147,頎邦,23,0,23,康和-嘉義,2024-05-08,8459
8936,國統,23,1,22,康和-嘉義,2024-05-08,8459
1618,合機,35,14,21,康和-嘉義,2024-05-08,8459
3036,文曄,19,0,19,康和-嘉義,2024-05-08,8459
2103,台橡,21,2,19,康和-嘉義,2024-05-08,8459
2022,聚亨,19,0,19,康和-嘉義,2024-05-08,8459
00929,復華台灣科技優息,18,0,18,康和-嘉義,2024-05-08,8459
2891,中信金,21,4,17,康和-嘉義,2024-05-08,8459
2515,中工,26,10,16,康和-嘉義,2024-05-08,8459
6770,力積電,16,0,16,康和-嘉義,2024-05-08,8459
2543,皇昌,16,0,16,康和-嘉義,2024-05-08,8459
1504,東元,16,1,15,康和-嘉義,2024-05-08,8459
9933,中鼎,15,0,15,康和-嘉義,2024-05-08,8459
2405,輔信,15,0,15,康和-嘉義,2024-05-08,8459
3689,湧德,22,7,15,康和-嘉義,2024-05-08,8459
00919,群益台灣精選高息,14,0,14,康和-嘉義,2024-05-08,8459
1503,士電,24,10,14,康和-嘉義,2024-05-08,8459
1587,吉茂,23,10,13,康和-嘉義,2024-05-08,8459
2359,所羅門,52,39,13,康和-嘉義,2024-05-08,8459
1101,台泥,20,8,12,康和-嘉義,2024-05-08,8459
2527,宏璟,12,0,12,康和-嘉義,2024-05-08,8459
2636,台驊控股,12,0,12,康和-嘉義,2024-05-08,8459
2323,中環,12,0,12,康和-嘉義,2024-05-08,8459
8089,康全電訊,22,11,11,康和-嘉義,2024-05-08,8459
00688L,國泰20年美債正2,10,0,10,康和-嘉義,2024-05-08,8459
00712,復華富時不動產,10,0,10,康和-嘉義,2024-05-08,8459
1316,上曜,10,0,10,康和-嘉義,2024-05-08,8459
1614,三洋電,10,0,10,康和-嘉義,2024-05-08,8459
1720,生達,10,0,10,康和-嘉義,2024-05-08,8459
3092,鴻碩,10,0,10,康和-嘉義,2024-05-08,8459
2851,中再保,608,0,608,康和-嘉義,2024-05-09,8459
9944,新麗,357,0,357,康和-嘉義,2024-05-09,8459
2409,友達,105,0,105,康和-嘉義,2024-05-09,8459
8112,至上,89,11,78,康和-嘉義,2024-05-09,8459
2609,陽明,301,224,77,康和-嘉義,2024-05-09,8459
00688L,國泰20年美債正2,70,0,70,康和-嘉義,2024-05-09,8459
2374,佳能,126,66,60,康和-嘉義,2024-05-09,8459
2618,長榮航,84,25,59,康和-嘉義,2024-05-09,8459
2888,新光金,150,100,50,康和-嘉義,2024-05-09,8459
1440,南紡,52,3,49,康和-嘉義,2024-05-09,8459
8121,越峰,39,0,39,康和-嘉義,2024-05-09,8459
1101,台泥,49,11,38,康和-嘉義,2024-05-09,8459
00944,野村趨勢動能高息,37,0,37,康和-嘉義,2024-05-09,8459
00929,復華台灣科技優息,36,0,36,康和-嘉義,2024-05-09,8459
00715L,期街口布蘭特正2,41,8,33,康和-嘉義,2024-05-09,8459
2317,鴻海,84,51,33,康和-嘉義,2024-05-09,8459
5519,隆大,29,0,29,康和-嘉義,2024-05-09,8459
3715,定穎投控,30,2,28,康和-嘉義,2024-05-09,8459
2603,長榮,61,33,28,康和-嘉義,2024-05-09,8459
1316,上曜,28,1,27,康和-嘉義,2024-05-09,8459
3260,威剛,39,13,26,康和-嘉義,2024-05-09,8459
1605,華新,32,7,25,康和-嘉義,2024-05-09,8459
4909,新復興,43,18,25,康和-嘉義,2024-05-09,8459
00937B,群益ESG投等債20,24,0,24,康和-嘉義,2024-05-09,8459
5426,振發,26,3,23,康和-嘉義,2024-05-09,8459
8215,明基材,22,0,22,康和-嘉義,2024-05-09,8459
2103,台橡,21,0,21,康和-嘉義,2024-05-09,8459
2356,英業達,22,1,21,康和-嘉義,2024-05-09,8459
2363,矽統,40,19,21,康和-嘉義,2024-05-09,8459
2369,菱生,20,0,20,康和-嘉義,2024-05-09,8459
2801,彰銀,20,0,20,康和-嘉義,2024-05-09,8459
3564,其陽,24,5,19,康和-嘉義,2024-05-09,8459
6189,豐藝,21,2,19,康和-嘉義,2024-05-09,8459
6541,泰福-KY,18,0,18,康和-嘉義,2024-05-09,8459
1608,華榮,34,17,17,康和-嘉義,2024-05-09,8459
2520,冠德,56,39,17,康和-嘉義,2024-05-09,8459
5880,合庫金,17,0,17,康和-嘉義,2024-05-09,8459
1609,大亞,39,22,17,康和-嘉義,2024-05-09,8459
00878,國泰永續高股息,26,10,16,康和-嘉義,2024-05-09,8459
4714,永捷,31,15,16,康和-嘉義,2024-05-09,8459
00932,兆豐永續高息等權,15,0,15,康和-嘉義,2024-05-09,8459
00731,復華富時高息低波,15,0,15,康和-嘉義,2024-05-09,8459
2025,千興,15,0,15,康和-嘉義,2024-05-09,8459
2355,敬鵬,15,0,15,康和-嘉義,2024-05-09,8459
9105,泰金寶-DR,15,0,15,康和-嘉義,2024-05-09,8459
3049,精金,13,0,13,康和-嘉義,2024-05-09,8459
00679B,元大美債20年,13,0,13,康和-嘉義,2024-05-09,8459
2449,京元電子,14,1,13,康和-嘉義,2024-05-09,8459
00665L,富邦�琤肭磪囓�2,25,13,12,康和-嘉義,2024-05-09,8459
00795B,中信美國公債20年,11,0,11,康和-嘉義,2024-05-09,8459
2883,凱基金,705,153,552,康和-嘉義,2024-05-10,8459
1316,上曜,391,28,363,康和-嘉義,2024-05-10,8459
00715L,期街口布蘭特正2,256,2,254,康和-嘉義,2024-05-10,8459
2851,中再保,110,2,108,康和-嘉義,2024-05-10,8459
00946,群益科技高息成長,194,111,83,康和-嘉義,2024-05-10,8459
2323,中環,127,50,77,康和-嘉義,2024-05-10,8459
3576,聯合再生,76,12,64,康和-嘉義,2024-05-10,8459
1720,生達,62,1,61,康和-嘉義,2024-05-10,8459
00929,復華台灣科技優息,51,2,49,康和-嘉義,2024-05-10,8459
3013,晟銘電,116,71,45,康和-嘉義,2024-05-10,8459
00669R,國泰美國道瓊反1,40,0,40,康和-嘉義,2024-05-10,8459
8112,至上,80,40,40,康和-嘉義,2024-05-10,8459
3481,群創,47,12,35,康和-嘉義,2024-05-10,8459
1605,華新,34,0,34,康和-嘉義,2024-05-10,8459
2892,第一金,38,4,34,康和-嘉義,2024-05-10,8459
2816,旺旺保,33,0,33,康和-嘉義,2024-05-10,8459
2344,華邦電,35,3,32,康和-嘉義,2024-05-10,8459
2317,鴻海,51,21,30,康和-嘉義,2024-05-10,8459
00688L,國泰20年美債正2,30,0,30,康和-嘉義,2024-05-10,8459
3209,全科,29,0,29,康和-嘉義,2024-05-10,8459
8215,明基材,32,3,29,康和-嘉義,2024-05-10,8459
1532,勤美,37,10,27,康和-嘉義,2024-05-10,8459
3303,岱稜,27,1,26,康和-嘉義,2024-05-10,8459
2905,三商,25,1,24,康和-嘉義,2024-05-10,8459
2421,建準,23,0,23,康和-嘉義,2024-05-10,8459
4102,永日,23,0,23,康和-嘉義,2024-05-10,8459
3260,威剛,57,35,22,康和-嘉義,2024-05-10,8459
2371,大同,27,6,21,康和-嘉義,2024-05-10,8459
2313,華通,43,23,20,康和-嘉義,2024-05-10,8459
2897,王道銀行,20,0,20,康和-嘉義,2024-05-10,8459
6285,啟��,21,2,19,康和-嘉義,2024-05-10,8459
2511,太子,19,0,19,康和-嘉義,2024-05-10,8459
2014,中鴻,22,4,18,康和-嘉義,2024-05-10,8459
8936,國統,29,13,16,康和-嘉義,2024-05-10,8459
1524,耿鼎,133,117,16,康和-嘉義,2024-05-10,8459
2515,中工,23,7,16,康和-嘉義,2024-05-10,8459
3036,文曄,51,35,16,康和-嘉義,2024-05-10,8459
6505,台塑化,16,0,16,康和-嘉義,2024-05-10,8459
3049,精金,15,0,15,康和-嘉義,2024-05-10,8459
2324,仁寶,15,0,15,康和-嘉義,2024-05-10,8459
2420,新巨,14,0,14,康和-嘉義,2024-05-10,8459
2501,國建,108,94,14,康和-嘉義,2024-05-10,8459
4968,立積,15,1,14,康和-嘉義,2024-05-10,8459
00940,元大台灣價值高息,17,3,14,康和-嘉義,2024-05-10,8459
0056,元大高股息,13,0,13,康和-嘉義,2024-05-10,8459
1446,宏和,29,16,13,康和-嘉義,2024-05-10,8459
1708,東鹼,13,0,13,康和-嘉義,2024-05-10,8459
8436,大江,13,0,13,康和-嘉義,2024-05-10,8459
1611,中電,15,2,13,康和-嘉義,2024-05-10,8459
4714,永捷,14,2,12,康和-嘉義,2024-05-10,8459
2834,臺企銀,412,0,412,康和-嘉義,2024-05-13,8459
00937B,群益ESG投等債20,383,10,373,康和-嘉義,2024-05-13,8459
2317,鴻海,108,12,96,康和-嘉義,2024-05-13,8459
3705,永信,95,1,94,康和-嘉義,2024-05-13,8459
2515,中工,73,1,72,康和-嘉義,2024-05-13,8459
00929,復華台灣科技優息,65,0,65,康和-嘉義,2024-05-13,8459
2323,中環,113,50,63,康和-嘉義,2024-05-13,8459
1522,堤維西,62,4,58,康和-嘉義,2024-05-13,8459
2609,陽明,125,67,58,康和-嘉義,2024-05-13,8459
2897,王道銀行,76,18,58,康和-嘉義,2024-05-13,8459
2883B,凱基金乙特,50,0,50,康和-嘉義,2024-05-13,8459
2888,新光金,50,1,49,康和-嘉義,2024-05-13,8459
2618,長榮航,66,19,47,康和-嘉義,2024-05-13,8459
4303,信立,47,0,47,康和-嘉義,2024-05-13,8459
2520,冠德,64,18,46,康和-嘉義,2024-05-13,8459
2615,萬海,111,69,42,康和-嘉義,2024-05-13,8459
6147,頎邦,40,2,38,康和-嘉義,2024-05-13,8459
3356,奇偶,35,0,35,康和-嘉義,2024-05-13,8459
2611,志信,33,0,33,康和-嘉義,2024-05-13,8459
3710,連展投控,32,0,32,康和-嘉義,2024-05-13,8459
9918,欣天然,32,0,32,康和-嘉義,2024-05-13,8459
2489,瑞軒,30,0,30,康和-嘉義,2024-05-13,8459
2406,國碩,43,14,29,康和-嘉義,2024-05-13,8459
2812,台中銀,29,0,29,康和-嘉義,2024-05-13,8459
2891,中信金,27,0,27,康和-嘉義,2024-05-13,8459
1608,華榮,29,2,27,康和-嘉義,2024-05-13,8459
2363,矽統,63,36,27,康和-嘉義,2024-05-13,8459
3231,緯創,40,16,24,康和-嘉義,2024-05-13,8459
2892,第一金,22,0,22,康和-嘉義,2024-05-13,8459
00795B,中信美國公債20年,22,0,22,康和-嘉義,2024-05-13,8459
6213,聯茂,24,2,22,康和-嘉義,2024-05-13,8459
00688L,國泰20年美債正2,20,0,20,康和-嘉義,2024-05-13,8459
00719B,元大美債1-3,20,0,20,康和-嘉義,2024-05-13,8459
1731,美吾華,20,0,20,康和-嘉義,2024-05-13,8459
00878,國泰永續高股息,21,1,20,康和-嘉義,2024-05-13,8459
6120,達運,18,0,18,康和-嘉義,2024-05-13,8459
2887,台新金,18,0,18,康和-嘉義,2024-05-13,8459
5521,工信,20,3,17,康和-嘉義,2024-05-13,8459
5880,合庫金,17,0,17,康和-嘉義,2024-05-13,8459
1612,宏泰,56,41,15,康和-嘉義,2024-05-13,8459
1609,大亞,26,11,15,康和-嘉義,2024-05-13,8459
2884,玉山金,18,5,13,康和-嘉義,2024-05-13,8459
2382,廣達,29,17,12,康和-嘉義,2024-05-13,8459
6873,泓德能源,12,0,12,康和-嘉義,2024-05-13,8459
8088,品安,12,0,12,康和-嘉義,2024-05-13,8459
2641,正德,26,15,11,康和-嘉義,2024-05-13,8459
3689,湧德,12,1,11,康和-嘉義,2024-05-13,8459
4938,和碩,11,0,11,康和-嘉義,2024-05-13,8459
3260,威剛,39,29,10,康和-嘉義,2024-05-13,8459
00632R,元大台灣50反1,10,0,10,康和-嘉義,2024-05-13,8459
00637L,元大滬深300正2,825,170,655,康和-嘉義,2024-05-14,8459
2883,凱基金,328,5,323,康和-嘉義,2024-05-14,8459
2374,佳能,326,154,172,康和-嘉義,2024-05-14,8459
1714,和桐,153,1,152,康和-嘉義,2024-05-14,8459
2882,國泰金,123,3,120,康和-嘉義,2024-05-14,8459
2834,臺企銀,94,0,94,康和-嘉義,2024-05-14,8459
2520,冠德,81,17,64,康和-嘉義,2024-05-14,8459
00857B,永豐20年美公債,60,0,60,康和-嘉義,2024-05-14,8459
5213,亞昕,64,6,58,康和-嘉義,2024-05-14,8459
2636,台驊控股,74,16,58,康和-嘉義,2024-05-14,8459
00935,野村臺灣新科技50,50,0,50,康和-嘉義,2024-05-14,8459
2618,長榮航,62,12,50,康和-嘉義,2024-05-14,8459
6116,彩晶,46,0,46,康和-嘉義,2024-05-14,8459
2367,燿華,156,111,45,康和-嘉義,2024-05-14,8459
2371,大同,128,86,42,康和-嘉義,2024-05-14,8459
3231,緯創,55,14,41,康和-嘉義,2024-05-14,8459
4967,十銓,35,0,35,康和-嘉義,2024-05-14,8459
3576,聯合再生,35,0,35,康和-嘉義,2024-05-14,8459
2884,玉山金,33,0,33,康和-嘉義,2024-05-14,8459
1524,耿鼎,107,75,32,康和-嘉義,2024-05-14,8459
00795B,中信美國公債20年,30,0,30,康和-嘉義,2024-05-14,8459
1608,華榮,36,10,26,康和-嘉義,2024-05-14,8459
2538,基泰,30,4,26,康和-嘉義,2024-05-14,8459
3356,奇偶,31,6,25,康和-嘉義,2024-05-14,8459
2382,廣達,53,28,25,康和-嘉義,2024-05-14,8459
1605,華新,25,1,24,康和-嘉義,2024-05-14,8459
00632R,元大台灣50反1,23,0,23,康和-嘉義,2024-05-14,8459
5522,遠雄,22,0,22,康和-嘉義,2024-05-14,8459
2816,旺旺保,21,0,21,康和-嘉義,2024-05-14,8459
00688L,國泰20年美債正2,20,0,20,康和-嘉義,2024-05-14,8459
00673R,期元大S＆P原油反1,20,0,20,康和-嘉義,2024-05-14,8459
1310,台苯,20,0,20,康和-嘉義,2024-05-14,8459
2883B,凱基金乙特,20,0,20,康和-嘉義,2024-05-14,8459
2376,技嘉,22,4,18,康和-嘉義,2024-05-14,8459
00929,復華台灣科技優息,19,2,17,康和-嘉義,2024-05-14,8459
3013,晟銘電,99,82,17,康和-嘉義,2024-05-14,8459
3481,群創,20,3,17,康和-嘉義,2024-05-14,8459
2515,中工,15,0,15,康和-嘉義,2024-05-14,8459
4714,永捷,18,3,15,康和-嘉義,2024-05-14,8459
00712,復華富時不動產,20,6,14,康和-嘉義,2024-05-14,8459
2891,中信金,25,11,14,康和-嘉義,2024-05-14,8459
2482,連宇,14,1,13,康和-嘉義,2024-05-14,8459
5392,能率,56,43,13,康和-嘉義,2024-05-14,8459
5880,合庫金,12,0,12,康和-嘉義,2024-05-14,8459
1785,光洋科,12,0,12,康和-嘉義,2024-05-14,8459
1795,美時,27,15,12,康和-嘉義,2024-05-14,8459
5009,榮剛,18,6,12,康和-嘉義,2024-05-14,8459
5609,中菲行,26,14,12,康和-嘉義,2024-05-14,8459
6541,泰福-KY,12,0,12,康和-嘉義,2024-05-14,8459
8110,華東,12,0,12,康和-嘉義,2024-05-14,8459
00937B,群益ESG投等債20,112,1,111,康和-嘉義,2024-05-15,8459
5213,亞昕,100,43,57,康和-嘉義,2024-05-15,8459
00632R,元大台灣50反1,62,5,57,康和-嘉義,2024-05-15,8459
2610,華航,56,5,51,康和-嘉義,2024-05-15,8459
00919,群益台灣精選高息,47,0,47,康和-嘉義,2024-05-15,8459
1540,喬福,44,0,44,康和-嘉義,2024-05-15,8459
3231,緯創,181,137,44,康和-嘉義,2024-05-15,8459
4533,協易機,48,12,36,康和-嘉義,2024-05-15,8459
00795B,中信美國公債20年,35,0,35,康和-嘉義,2024-05-15,8459
00940,元大台灣價值高息,36,7,29,康和-嘉義,2024-05-15,8459
1316,上曜,29,0,29,康和-嘉義,2024-05-15,8459
3047,訊舟,46,17,29,康和-嘉義,2024-05-15,8459
2420,新巨,26,0,26,康和-嘉義,2024-05-15,8459
2888,新光金,33,7,26,康和-嘉義,2024-05-15,8459
2356,英業達,116,91,25,康和-嘉義,2024-05-15,8459
2317,鴻海,214,190,24,康和-嘉義,2024-05-15,8459
6125,廣運,28,4,24,康和-嘉義,2024-05-15,8459
2634,漢翔,23,2,21,康和-嘉義,2024-05-15,8459
5508,永信建,22,1,21,康和-嘉義,2024-05-15,8459
2520,冠德,32,12,20,康和-嘉義,2024-05-15,8459
2636,台驊控股,21,1,20,康和-嘉義,2024-05-15,8459
2897A,王道銀甲特,20,0,20,康和-嘉義,2024-05-15,8459
3013,晟銘電,49,29,20,康和-嘉義,2024-05-15,8459
4543,萬在,21,2,19,康和-嘉義,2024-05-15,8459
00929,復華台灣科技優息,18,0,18,康和-嘉義,2024-05-15,8459
2501,國建,19,1,18,康和-嘉義,2024-05-15,8459
2630,亞航,23,5,18,康和-嘉義,2024-05-15,8459
6753,龍德造船,21,3,18,康和-嘉義,2024-05-15,8459
3481,群創,20,2,18,康和-嘉義,2024-05-15,8459
2009,第一銅,37,20,17,康和-嘉義,2024-05-15,8459
5608,四維航,19,3,16,康和-嘉義,2024-05-15,8459
2883B,凱基金乙特,15,0,15,康和-嘉義,2024-05-15,8459
6757,台灣虎航,15,0,15,康和-嘉義,2024-05-15,8459
00637L,元大滬深300正2,321,307,14,康和-嘉義,2024-05-15,8459
1303,南亞,16,2,14,康和-嘉義,2024-05-15,8459
2615,萬海,92,78,14,康和-嘉義,2024-05-15,8459
4909,新復興,14,0,14,康和-嘉義,2024-05-15,8459
6807,峰源-KY,14,0,14,康和-嘉義,2024-05-15,8459
1608,華榮,533,520,13,康和-嘉義,2024-05-15,8459
1717,長興,13,0,13,康和-嘉義,2024-05-15,8459
2371,大同,17,4,13,康和-嘉義,2024-05-15,8459
5439,高技,12,0,12,康和-嘉義,2024-05-15,8459
2324,仁寶,11,0,11,康和-嘉義,2024-05-15,8459
9918,欣天然,11,0,11,康和-嘉義,2024-05-15,8459
2618,長榮航,20,9,11,康和-嘉義,2024-05-15,8459
2031,新光鋼,10,0,10,康和-嘉義,2024-05-15,8459
4967,十銓,12,2,10,康和-嘉義,2024-05-15,8459
00706L,期元大S＆P日圓正2,10,0,10,康和-嘉義,2024-05-15,8459
1609,大亞,25,15,10,康和-嘉義,2024-05-15,8459
00719B,元大美債1-3,10,0,10,康和-嘉義,2024-05-15,8459
2610,華航,302,137,165,康和-嘉義,2024-05-16,8459
2514,龍邦,158,5,153,康和-嘉義,2024-05-16,8459
2905,三商,180,45,135,康和-嘉義,2024-05-16,8459
2501,國建,166,40,126,康和-嘉義,2024-05-16,8459
2609,陽明,514,392,122,康和-嘉義,2024-05-16,8459
2613,中櫃,100,8,92,康和-嘉義,2024-05-16,8459
2356,英業達,134,49,85,康和-嘉義,2024-05-16,8459
6227,茂綸,61,0,61,康和-嘉義,2024-05-16,8459
2323,中環,43,4,39,康和-嘉義,2024-05-16,8459
00929,復華台灣科技優息,47,9,38,康和-嘉義,2024-05-16,8459
2834,臺企銀,34,3,31,康和-嘉義,2024-05-16,8459
9945,潤泰新,55,24,31,康和-嘉義,2024-05-16,8459
2365,昆盈,85,55,30,康和-嘉義,2024-05-16,8459
6168,宏齊,38,10,28,康和-嘉義,2024-05-16,8459
1815,富喬,39,12,27,康和-嘉義,2024-05-16,8459
2897,王道銀行,27,0,27,康和-嘉義,2024-05-16,8459
1522,堤維西,26,0,26,康和-嘉義,2024-05-16,8459
1802,台玻,26,0,26,康和-嘉義,2024-05-16,8459
1608,華榮,75,51,24,康和-嘉義,2024-05-16,8459
2440,太空梭,30,6,24,康和-嘉義,2024-05-16,8459
2301,光寶科,25,1,24,康和-嘉義,2024-05-16,8459
2603,長榮,87,63,24,康和-嘉義,2024-05-16,8459
2812,台中銀,23,0,23,康和-嘉義,2024-05-16,8459
1467,南緯,22,0,22,康和-嘉義,2024-05-16,8459
00706L,期元大S＆P日圓正2,20,0,20,康和-嘉義,2024-05-16,8459
00632R,元大台灣50反1,20,0,20,康和-嘉義,2024-05-16,8459
1717,長興,40,20,20,康和-嘉義,2024-05-16,8459
1605,華新,20,0,20,康和-嘉義,2024-05-16,8459
00933B,國泰10Y+金融債,20,2,18,康和-嘉義,2024-05-16,8459
2891,中信金,22,5,17,康和-嘉義,2024-05-16,8459
8358,金居,66,50,16,康和-嘉義,2024-05-16,8459
00940,元大台灣價值高息,21,5,16,康和-嘉義,2024-05-16,8459
2312,金寶,15,0,15,康和-嘉義,2024-05-16,8459
2303,聯電,41,27,14,康和-嘉義,2024-05-16,8459
00679B,元大美債20年,24,10,14,康和-嘉義,2024-05-16,8459
5508,永信建,30,16,14,康和-嘉義,2024-05-16,8459
2353,宏��,61,48,13,康和-嘉義,2024-05-16,8459
2605,新興,20,7,13,康和-嘉義,2024-05-16,8459
4967,十銓,13,2,11,康和-嘉義,2024-05-16,8459
6274,台燿,12,1,11,康和-嘉義,2024-05-16,8459
2637,慧洋-KY,23,12,11,康和-嘉義,2024-05-16,8459
00687B,國泰20年美債,10,0,10,康和-嘉義,2024-05-16,8459
2383,台光電,12,2,10,康和-嘉義,2024-05-16,8459
2467,志聖,11,1,10,康和-嘉義,2024-05-16,8459
3030,德律,14,4,10,康和-嘉義,2024-05-16,8459
4157,太景*-KY,10,0,10,康和-嘉義,2024-05-16,8459
5243,乙盛-KY,10,0,10,康和-嘉義,2024-05-16,8459
6197,佳必琪,11,1,10,康和-嘉義,2024-05-16,8459
3037,欣興,9,0,9,康和-嘉義,2024-05-16,8459
3234,光環,9,0,9,康和-嘉義,2024-05-16,8459
2867,三商壽,2076,33,2043,康和-嘉義,2024-05-17,8459
2489,瑞軒,466,15,451,康和-嘉義,2024-05-17,8459
00937B,群益ESG投等債20,203,0,203,康和-嘉義,2024-05-17,8459
2374,佳能,240,121,119,康和-嘉義,2024-05-17,8459
2409,友達,89,3,86,康和-嘉義,2024-05-17,8459
2382,廣達,95,21,74,康和-嘉義,2024-05-17,8459
1314,中石化,61,1,60,康和-嘉義,2024-05-17,8459
2369,菱生,55,0,55,康和-嘉義,2024-05-17,8459
00929,復華台灣科技優息,54,2,52,康和-嘉義,2024-05-17,8459
4513,福裕,52,0,52,康和-嘉義,2024-05-17,8459
6770,力積電,58,13,45,康和-嘉義,2024-05-17,8459
2630,亞航,45,0,45,康和-嘉義,2024-05-17,8459
9945,潤泰新,53,12,41,康和-嘉義,2024-05-17,8459
6219,富旺,40,0,40,康和-嘉義,2024-05-17,8459
3312,弘憶股,41,3,38,康和-嘉義,2024-05-17,8459
2367,燿華,331,295,36,康和-嘉義,2024-05-17,8459
6244,茂迪,54,18,36,康和-嘉義,2024-05-17,8459
2349,錸德,40,6,34,康和-嘉義,2024-05-17,8459
2356,英業達,52,19,33,康和-嘉義,2024-05-17,8459
3059,華晶科,93,61,32,康和-嘉義,2024-05-17,8459
00673R,期元大S＆P原油反1,30,0,30,康和-嘉義,2024-05-17,8459
00688L,國泰20年美債正2,30,0,30,康和-嘉義,2024-05-17,8459
1784,訊聯,27,0,27,康和-嘉義,2024-05-17,8459
2344,華邦電,38,14,24,康和-嘉義,2024-05-17,8459
3694,海華,31,9,22,康和-嘉義,2024-05-17,8459
1101,台泥,26,5,21,康和-嘉義,2024-05-17,8459
3305,昇貿,21,0,21,康和-嘉義,2024-05-17,8459
2812,台中銀,21,0,21,康和-嘉義,2024-05-17,8459
1605,華新,24,4,20,康和-嘉義,2024-05-17,8459
2514,龍邦,22,2,20,康和-嘉義,2024-05-17,8459
6188,廣明,26,6,20,康和-嘉義,2024-05-17,8459
8054,安國,27,7,20,康和-嘉義,2024-05-17,8459
3260,威剛,21,2,19,康和-嘉義,2024-05-17,8459
3706,神達,21,4,17,康和-嘉義,2024-05-17,8459
00665L,富邦�琤肭磪囓�2,15,0,15,康和-嘉義,2024-05-17,8459
2634,漢翔,27,12,15,康和-嘉義,2024-05-17,8459
3234,光環,15,0,15,康和-嘉義,2024-05-17,8459
2362,藍天,22,7,15,康和-嘉義,2024-05-17,8459
2511,太子,13,0,13,康和-嘉義,2024-05-17,8459
2353,宏��,55,43,12,康和-嘉義,2024-05-17,8459
2440,太空梭,15,3,12,康和-嘉義,2024-05-17,8459
5392,能率,24,12,12,康和-嘉義,2024-05-17,8459
9958,世紀鋼,16,4,12,康和-嘉義,2024-05-17,8459
00687B,國泰20年美債,11,0,11,康和-嘉義,2024-05-17,8459
5210,寶碩,11,0,11,康和-嘉義,2024-05-17,8459
1608,華榮,15,5,10,康和-嘉義,2024-05-17,8459
00706L,期元大S＆P日圓正2,10,0,10,康和-嘉義,2024-05-17,8459
2739,寒舍,10,0,10,康和-嘉義,2024-05-17,8459
00679B,元大美債20年,10,0,10,康和-嘉義,2024-05-17,8459
00795B,中信美國公債20年,10,0,10,康和-嘉義,2024-05-17,8459
1609,大亞,149,19,130,康和-嘉義,2024-05-20,8459
2618,長榮航,146,42,104,康和-嘉義,2024-05-20,8459
00929,復華台灣科技優息,98,3,95,康和-嘉義,2024-05-20,8459
1608,華榮,183,91,92,康和-嘉義,2024-05-20,8459
2816,旺旺保,65,0,65,康和-嘉義,2024-05-20,8459
2851,中再保,65,0,65,康和-嘉義,2024-05-20,8459
6116,彩晶,85,27,58,康和-嘉義,2024-05-20,8459
00637L,元大滬深300正2,61,8,53,康和-嘉義,2024-05-20,8459
2363,矽統,115,67,48,康和-嘉義,2024-05-20,8459
6219,富旺,40,0,40,康和-嘉義,2024-05-20,8459
2611,志信,36,0,36,康和-嘉義,2024-05-20,8459
2514,龍邦,46,11,35,康和-嘉義,2024-05-20,8459
3231,緯創,48,14,34,康和-嘉義,2024-05-20,8459
00688L,國泰20年美債正2,30,0,30,康和-嘉義,2024-05-20,8459
2211,長榮鋼,38,10,28,康和-嘉義,2024-05-20,8459
2313,華通,33,7,26,康和-嘉義,2024-05-20,8459
3092,鴻碩,27,3,24,康和-嘉義,2024-05-20,8459
1784,訊聯,25,2,23,康和-嘉義,2024-05-20,8459
2337,旺宏,30,7,23,康和-嘉義,2024-05-20,8459
3033,威健,29,6,23,康和-嘉義,2024-05-20,8459
2609,陽明,38,15,23,康和-嘉義,2024-05-20,8459
2537,聯上發,26,4,22,康和-嘉義,2024-05-20,8459
8054,安國,23,1,22,康和-嘉義,2024-05-20,8459
00900,富邦特選高股息30,20,0,20,康和-嘉義,2024-05-20,8459
5706,鳳凰,21,2,19,康和-嘉義,2024-05-20,8459
5351,鈺創,20,1,19,康和-嘉義,2024-05-20,8459
2201,裕隆,30,12,18,康和-嘉義,2024-05-20,8459
2834,臺企銀,41,24,17,康和-嘉義,2024-05-20,8459
2376,技嘉,32,16,16,康和-嘉義,2024-05-20,8459
1540,喬福,15,0,15,康和-嘉義,2024-05-20,8459
4909,新復興,17,2,15,康和-嘉義,2024-05-20,8459
00878,國泰永續高股息,15,2,13,康和-嘉義,2024-05-20,8459
2406,國碩,23,10,13,康和-嘉義,2024-05-20,8459
5457,宣德,13,0,13,康和-嘉義,2024-05-20,8459
2362,藍天,15,2,13,康和-嘉義,2024-05-20,8459
2359,所羅門,62,50,12,康和-嘉義,2024-05-20,8459
5508,永信建,12,0,12,康和-嘉義,2024-05-20,8459
1815,富喬,11,0,11,康和-嘉義,2024-05-20,8459
2641,正德,11,0,11,康和-嘉義,2024-05-20,8459
3706,神達,16,5,11,康和-嘉義,2024-05-20,8459
8033,雷虎,13,3,10,康和-嘉義,2024-05-20,8459
00946,群益科技高息成長,10,0,10,康和-嘉義,2024-05-20,8459
1727,中華化,10,0,10,康和-嘉義,2024-05-20,8459
2420,新巨,10,0,10,康和-嘉義,2024-05-20,8459
5498,凱崴,10,0,10,康和-嘉義,2024-05-20,8459
6136,富爾特,10,0,10,康和-嘉義,2024-05-20,8459
8936,國統,10,0,10,康和-嘉義,2024-05-20,8459
2880,華南金,10,0,10,康和-嘉義,2024-05-20,8459
2743,山富,45,35,10,康和-嘉義,2024-05-20,8459
1504,東元,9,0,9,康和-嘉義,2024-05-20,8459
2867,三商壽,1028,13,1015,康和-嘉義,2024-05-21,8459
2489,瑞軒,307,39,268,康和-嘉義,2024-05-21,8459
1714,和桐,156,0,156,康和-嘉義,2024-05-21,8459
8358,金居,206,59,147,康和-嘉義,2024-05-21,8459
2312,金寶,115,8,107,康和-嘉義,2024-05-21,8459
5371,中光電,63,10,53,康和-嘉義,2024-05-21,8459
2374,佳能,260,213,47,康和-嘉義,2024-05-21,8459
2323,中環,46,2,44,康和-嘉義,2024-05-21,8459
2883,凱基金,43,0,43,康和-嘉義,2024-05-21,8459
2367,燿華,98,56,42,康和-嘉義,2024-05-21,8459
9904,寶成,35,3,32,康和-嘉義,2024-05-21,8459
1905,華紙,30,0,30,康和-嘉義,2024-05-21,8459
3483,力致,34,5,29,康和-嘉義,2024-05-21,8459
5009,榮剛,29,0,29,康和-嘉義,2024-05-21,8459
2103,台橡,28,0,28,康和-嘉義,2024-05-21,8459
3231,緯創,50,23,27,康和-嘉義,2024-05-21,8459
2317,鴻海,35,9,26,康和-嘉義,2024-05-21,8459
1303,南亞,23,0,23,康和-嘉義,2024-05-21,8459
1301,台塑,21,0,21,康和-嘉義,2024-05-21,8459
2440,太空梭,21,0,21,康和-嘉義,2024-05-21,8459
3481,群創,22,1,21,康和-嘉義,2024-05-21,8459
5014,建錩,20,0,20,康和-嘉義,2024-05-21,8459
6290,良維,20,1,19,康和-嘉義,2024-05-21,8459
2409,友達,21,3,18,康和-嘉義,2024-05-21,8459
8936,國統,23,5,18,康和-嘉義,2024-05-21,8459
2890,永豐金,17,0,17,康和-嘉義,2024-05-21,8459
2611,志信,16,0,16,康和-嘉義,2024-05-21,8459
6139,亞翔,17,2,15,康和-嘉義,2024-05-21,8459
2618,長榮航,27,13,14,康和-嘉義,2024-05-21,8459
2027,大成鋼,49,35,14,康和-嘉義,2024-05-21,8459
1307,三芳,15,1,14,康和-嘉義,2024-05-21,8459
9945,潤泰新,16,2,14,康和-嘉義,2024-05-21,8459
2009,第一銅,64,51,13,康和-嘉義,2024-05-21,8459
2884,玉山金,15,2,13,康和-嘉義,2024-05-21,8459
2382,廣達,19,6,13,康和-嘉義,2024-05-21,8459
6282,康舒,14,1,13,康和-嘉義,2024-05-21,8459
2889,國票金,14,1,13,康和-嘉義,2024-05-21,8459
2609,陽明,16,4,12,康和-嘉義,2024-05-21,8459
00939,統一台灣高息動能,12,0,12,康和-嘉義,2024-05-21,8459
4909,新復興,15,4,11,康和-嘉義,2024-05-21,8459
2636,台驊控股,11,0,11,康和-嘉義,2024-05-21,8459
5230,雷笛克光學,13,2,11,康和-嘉義,2024-05-21,8459
8086,宏捷科,10,0,10,康和-嘉義,2024-05-21,8459
2547,日勝生,10,0,10,康和-嘉義,2024-05-21,8459
1611,中電,21,11,10,康和-嘉義,2024-05-21,8459
00944,野村趨勢動能高息,10,0,10,康和-嘉義,2024-05-21,8459
1536,和大,11,1,10,康和-嘉義,2024-05-21,8459
2392,正崴,11,1,10,康和-嘉義,2024-05-21,8459
2406,國碩,38,28,10,康和-嘉義,2024-05-21,8459
2543,皇昌,10,0,10,康和-嘉義,2024-05-21,8459
2312,金寶,690,26,664,康和-嘉義,2024-05-22,8459
4714,永捷,299,1,298,康和-嘉義,2024-05-22,8459
3481,群創,493,326,167,康和-嘉義,2024-05-22,8459
1605,華新,168,25,143,康和-嘉義,2024-05-22,8459
3535,晶彩科,134,8,126,康和-嘉義,2024-05-22,8459
2324,仁寶,223,118,105,康和-嘉義,2024-05-22,8459
2883,凱基金,103,0,103,康和-嘉義,2024-05-22,8459
2706,第一店,102,0,102,康和-嘉義,2024-05-22,8459
00715L,期街口布蘭特正2,105,20,85,康和-嘉義,2024-05-22,8459
1784,訊聯,77,2,75,康和-嘉義,2024-05-22,8459
4533,協易機,79,20,59,康和-嘉義,2024-05-22,8459
6770,力積電,67,21,46,康和-嘉義,2024-05-22,8459
2892,第一金,45,1,44,康和-嘉義,2024-05-22,8459
5351,鈺創,50,7,43,康和-嘉義,2024-05-22,8459
3013,晟銘電,167,129,38,康和-嘉義,2024-05-22,8459
2834,臺企銀,32,0,32,康和-嘉義,2024-05-22,8459
2369,菱生,87,58,29,康和-嘉義,2024-05-22,8459
2002,中鋼,30,2,28,康和-嘉義,2024-05-22,8459
5392,能率,36,8,28,康和-嘉義,2024-05-22,8459
2449,京元電子,28,1,27,康和-嘉義,2024-05-22,8459
2489,瑞軒,34,7,27,康和-嘉義,2024-05-22,8459
00632R,元大台灣50反1,26,0,26,康和-嘉義,2024-05-22,8459
1714,和桐,25,0,25,康和-嘉義,2024-05-22,8459
2353,宏��,116,94,22,康和-嘉義,2024-05-22,8459
2547,日勝生,22,0,22,康和-嘉義,2024-05-22,8459
2603,長榮,37,15,22,康和-嘉義,2024-05-22,8459
1608,華榮,62,41,21,康和-嘉義,2024-05-22,8459
2486,一詮,30,9,21,康和-嘉義,2024-05-22,8459
1734,杏輝,20,0,20,康和-嘉義,2024-05-22,8459
2374,佳能,164,144,20,康和-嘉義,2024-05-22,8459
3705,永信,20,1,19,康和-嘉義,2024-05-22,8459
8064,東捷,24,7,17,康和-嘉義,2024-05-22,8459
8110,華東,23,6,17,康和-嘉義,2024-05-22,8459
8358,金居,45,28,17,康和-嘉義,2024-05-22,8459
00937B,群益ESG投等債20,26,10,16,康和-嘉義,2024-05-22,8459
2323,中環,30,15,15,康和-嘉義,2024-05-22,8459
2409,友達,190,176,14,康和-嘉義,2024-05-22,8459
5243,乙盛-KY,13,0,13,康和-嘉義,2024-05-22,8459
2027,大成鋼,39,27,12,康和-嘉義,2024-05-22,8459
2206,三陽工業,13,1,12,康和-嘉義,2024-05-22,8459
2354,鴻準,25,13,12,康和-嘉義,2024-05-22,8459
8096,擎亞,28,16,12,康和-嘉義,2024-05-22,8459
2367,燿華,44,33,11,康和-嘉義,2024-05-22,8459
3041,揚智,11,0,11,康和-嘉義,2024-05-22,8459
3490,單井,20,9,11,康和-嘉義,2024-05-22,8459
4968,立積,11,0,11,康和-嘉義,2024-05-22,8459
8105,凌巨,11,0,11,康和-嘉義,2024-05-22,8459
6125,廣運,53,42,11,康和-嘉義,2024-05-22,8459
1720,生達,10,0,10,康和-嘉義,2024-05-22,8459
2338,光罩,10,0,10,康和-嘉義,2024-05-22,8459
6770,力積電,1013,58,955,康和-嘉義,2024-05-23,8459
2888,新光金,205,8,197,康和-嘉義,2024-05-23,8459
1714,和桐,162,3,159,康和-嘉義,2024-05-23,8459
4714,永捷,168,22,146,康和-嘉義,2024-05-23,8459
00857B,永豐20年美公債,115,0,115,康和-嘉義,2024-05-23,8459
2520,冠德,215,104,111,康和-嘉義,2024-05-23,8459
00715L,期街口布蘭特正2,104,0,104,康和-嘉義,2024-05-23,8459
00679B,元大美債20年,101,0,101,康和-嘉義,2024-05-23,8459
2630,亞航,109,22,87,康和-嘉義,2024-05-23,8459
2356,英業達,93,17,76,康和-嘉義,2024-05-23,8459
2363,矽統,79,25,54,康和-嘉義,2024-05-23,8459
2228,劍麟,51,1,50,康和-嘉義,2024-05-23,8459
2444,兆勁,47,0,47,康和-嘉義,2024-05-23,8459
2489,瑞軒,64,22,42,康和-嘉義,2024-05-23,8459
2897,王道銀行,40,0,40,康和-嘉義,2024-05-23,8459
1609,大亞,40,2,38,康和-嘉義,2024-05-23,8459
3450,聯鈞,51,13,38,康和-嘉義,2024-05-23,8459
6209,今國光,44,8,36,康和-嘉義,2024-05-23,8459
2464,盟立,95,60,35,康和-嘉義,2024-05-23,8459
5508,永信建,35,3,32,康和-嘉義,2024-05-23,8459
3231,緯創,48,16,32,康和-嘉義,2024-05-23,8459
2409,友達,45,13,32,康和-嘉義,2024-05-23,8459
2014,中鴻,31,0,31,康和-嘉義,2024-05-23,8459
2514,龍邦,30,0,30,康和-嘉義,2024-05-23,8459
00937B,群益ESG投等債20,29,0,29,康和-嘉義,2024-05-23,8459
5213,亞昕,29,0,29,康和-嘉義,2024-05-23,8459
2367,燿華,33,6,27,康和-嘉義,2024-05-23,8459
2440,太空梭,39,13,26,康和-嘉義,2024-05-23,8459
2303,聯電,68,42,26,康和-嘉義,2024-05-23,8459
00669R,國泰美國道瓊反1,25,0,25,康和-嘉義,2024-05-23,8459
2002,中鋼,25,1,24,康和-嘉義,2024-05-23,8459
00712,復華富時不動產,21,0,21,康和-嘉義,2024-05-23,8459
3338,泰碩,117,96,21,康和-嘉義,2024-05-23,8459
2486,一詮,60,39,21,康和-嘉義,2024-05-23,8459
4306,炎洲,20,0,20,康和-嘉義,2024-05-23,8459
1591,駿吉-KY,20,0,20,康和-嘉義,2024-05-23,8459
3356,奇偶,22,2,20,康和-嘉義,2024-05-23,8459
2103,台橡,19,0,19,康和-嘉義,2024-05-23,8459
5392,能率,32,14,18,康和-嘉義,2024-05-23,8459
2376,技嘉,23,6,17,康和-嘉義,2024-05-23,8459
2634,漢翔,34,18,16,康和-嘉義,2024-05-23,8459
2354,鴻準,63,47,16,康和-嘉義,2024-05-23,8459
1513,中興電,35,20,15,康和-嘉義,2024-05-23,8459
1540,喬福,15,0,15,康和-嘉義,2024-05-23,8459
2401,凌陽,18,3,15,康和-嘉義,2024-05-23,8459
2739,寒舍,15,0,15,康和-嘉義,2024-05-23,8459
3162,精確,15,0,15,康和-嘉義,2024-05-23,8459
2515,中工,16,2,14,康和-嘉義,2024-05-23,8459
3363,上詮,19,5,14,康和-嘉義,2024-05-23,8459
2406,國碩,42,28,14,康和-嘉義,2024-05-23,8459
6770,力積電,148,1,147,康和-嘉義,2024-05-24,8459
00937B,群益ESG投等債20,144,0,144,康和-嘉義,2024-05-24,8459
2312,金寶,106,5,101,康和-嘉義,2024-05-24,8459
00715L,期街口布蘭特正2,100,0,100,康和-嘉義,2024-05-24,8459
00946,群益科技高息成長,109,21,88,康和-嘉義,2024-05-24,8459
4714,永捷,67,1,66,康和-嘉義,2024-05-24,8459
2884,玉山金,55,0,55,康和-嘉義,2024-05-24,8459
2324,仁寶,101,47,54,康和-嘉義,2024-05-24,8459
2611,志信,50,5,45,康和-嘉義,2024-05-24,8459
00940,元大台灣價值高息,52,12,40,康和-嘉義,2024-05-24,8459
00712,復華富時不動產,37,0,37,康和-嘉義,2024-05-24,8459
2317,鴻海,60,26,34,康和-嘉義,2024-05-24,8459
2892,第一金,34,0,34,康和-嘉義,2024-05-24,8459
3033,威健,54,22,32,康和-嘉義,2024-05-24,8459
2547,日勝生,30,0,30,康和-嘉義,2024-05-24,8459
00933B,國泰10Y+金融債,30,0,30,康和-嘉義,2024-05-24,8459
2392,正崴,80,52,28,康和-嘉義,2024-05-24,8459
00637L,元大滬深300正2,33,5,28,康和-嘉義,2024-05-24,8459
2344,華邦電,31,3,28,康和-嘉義,2024-05-24,8459
5521,工信,28,0,28,康和-嘉義,2024-05-24,8459
2444,兆勁,26,0,26,康和-嘉義,2024-05-24,8459
4157,太景*-KY,23,0,23,康和-嘉義,2024-05-24,8459
2883,凱基金,23,0,23,康和-嘉義,2024-05-24,8459
4967,十銓,49,27,22,康和-嘉義,2024-05-24,8459
5392,能率,22,0,22,康和-嘉義,2024-05-24,8459
6190,萬泰科,19,0,19,康和-嘉義,2024-05-24,8459
2002,中鋼,18,0,18,康和-嘉義,2024-05-24,8459
1714,和桐,17,0,17,康和-嘉義,2024-05-24,8459
1810,和成,29,12,17,康和-嘉義,2024-05-24,8459
2009,第一銅,22,7,15,康和-嘉義,2024-05-24,8459
2520,冠德,94,80,14,康和-嘉義,2024-05-24,8459
3055,蔚華科,26,12,14,康和-嘉義,2024-05-24,8459
4561,健椿,13,0,13,康和-嘉義,2024-05-24,8459
3689,湧德,13,0,13,康和-嘉義,2024-05-24,8459
4976,佳凌,13,0,13,康和-嘉義,2024-05-24,8459
4968,立積,13,1,12,康和-嘉義,2024-05-24,8459
3163,波若威,24,13,11,康和-嘉義,2024-05-24,8459
4743,合一,11,0,11,康和-嘉義,2024-05-24,8459
6282,康舒,10,0,10,康和-嘉義,2024-05-24,8459
00931B,統一美債20年,10,0,10,康和-嘉義,2024-05-24,8459
2382,廣達,24,14,10,康和-嘉義,2024-05-24,8459
00943,兆豐電子高息等權,10,0,10,康和-嘉義,2024-05-24,8459
00795B,中信美國公債20年,10,0,10,康和-嘉義,2024-05-24,8459
00764B,群益25年美債,10,0,10,康和-嘉義,2024-05-24,8459
00706L,期元大S＆P日圓正2,10,0,10,康和-嘉義,2024-05-24,8459
2939,永邑-KY,10,0,10,康和-嘉義,2024-05-24,8459
3466,德晉,10,0,10,康和-嘉義,2024-05-24,8459
3694,海華,12,2,10,康和-嘉義,2024-05-24,8459
4707,磐亞,10,0,10,康和-嘉義,2024-05-24,8459
4979,華星光,26,16,10,康和-嘉義,2024-05-24,8459
00937B,群益ESG投等債20,357,4,353,康和-嘉義,2024-05-27,8459
2303,聯電,245,92,153,康和-嘉義,2024-05-27,8459
00933B,國泰10Y+金融債,122,50,72,康和-嘉義,2024-05-27,8459
00795B,中信美國公債20年,50,0,50,康和-嘉義,2024-05-27,8459
2883B,凱基金乙特,45,0,45,康和-嘉義,2024-05-27,8459
2002,中鋼,44,0,44,康和-嘉義,2024-05-27,8459
00857B,永豐20年美公債,37,0,37,康和-嘉義,2024-05-27,8459
1714,和桐,35,0,35,康和-嘉義,2024-05-27,8459
6161,捷波,35,0,35,康和-嘉義,2024-05-27,8459
3706,神達,37,4,33,康和-嘉義,2024-05-27,8459
1815,富喬,108,77,31,康和-嘉義,2024-05-27,8459
5230,雷笛克光學,36,7,29,康和-嘉義,2024-05-27,8459
4714,永捷,27,3,24,康和-嘉義,2024-05-27,8459
2489,瑞軒,172,149,23,康和-嘉義,2024-05-27,8459
2331,精英,28,5,23,康和-嘉義,2024-05-27,8459
2453,凌群,29,6,23,康和-嘉義,2024-05-27,8459
2103,台橡,21,0,21,康和-嘉義,2024-05-27,8459
2444,兆勁,21,0,21,康和-嘉義,2024-05-27,8459
2402,毅嘉,31,10,21,康和-嘉義,2024-05-27,8459
4533,協易機,34,13,21,康和-嘉義,2024-05-27,8459
2017,官田鋼,20,0,20,康和-嘉義,2024-05-27,8459
00853B,統一美債10年Aa-,20,0,20,康和-嘉義,2024-05-27,8459
00919,群益台灣精選高息,21,1,20,康和-嘉義,2024-05-27,8459
00929,復華台灣科技優息,27,9,18,康和-嘉義,2024-05-27,8459
2401,凌陽,25,7,18,康和-嘉義,2024-05-27,8459
2883,凱基金,21,3,18,康和-嘉義,2024-05-27,8459
3313,斐成,20,3,17,康和-嘉義,2024-05-27,8459
6139,亞翔,20,3,17,康和-嘉義,2024-05-27,8459
6227,茂綸,27,10,17,康和-嘉義,2024-05-27,8459
6117,迎廣,27,11,16,康和-嘉義,2024-05-27,8459
4979,華星光,23,8,15,康和-嘉義,2024-05-27,8459
1781,合世,15,0,15,康和-嘉義,2024-05-27,8459
2420,新巨,15,0,15,康和-嘉義,2024-05-27,8459
2610,華航,18,3,15,康和-嘉義,2024-05-27,8459
4976,佳凌,14,0,14,康和-嘉義,2024-05-27,8459
1784,訊聯,18,5,13,康和-嘉義,2024-05-27,8459
3025,星通,18,5,13,康和-嘉義,2024-05-27,8459
2392,正崴,17,4,13,康和-嘉義,2024-05-27,8459
1101,台泥,15,2,13,康和-嘉義,2024-05-27,8459
2458,義隆,14,2,12,康和-嘉義,2024-05-27,8459
5009,榮剛,14,2,12,康和-嘉義,2024-05-27,8459
5880,合庫金,12,0,12,康和-嘉義,2024-05-27,8459
2888,新光金,31,20,11,康和-嘉義,2024-05-27,8459
2208,台船,11,0,11,康和-嘉義,2024-05-27,8459
2476,鉅祥,11,0,11,康和-嘉義,2024-05-27,8459
2801,彰銀,11,0,11,康和-嘉義,2024-05-27,8459
6125,廣運,44,33,11,康和-嘉義,2024-05-27,8459
6274,台燿,12,2,10,康和-嘉義,2024-05-27,8459
00931B,統一美債20年,10,0,10,康和-嘉義,2024-05-27,8459
00942B,台新美A公司債20+,10,0,10,康和-嘉義,2024-05-27,8459
00637L,元大滬深300正2,665,285,380,康和-嘉義,2024-05-28,8459
2618,長榮航,341,146,195,康和-嘉義,2024-05-28,8459
2892,第一金,170,0,170,康和-嘉義,2024-05-28,8459
2610,華航,405,246,159,康和-嘉義,2024-05-28,8459
2301,光寶科,132,4,128,康和-嘉義,2024-05-28,8459
1815,富喬,362,250,112,康和-嘉義,2024-05-28,8459
6164,華興,100,0,100,康和-嘉義,2024-05-28,8459
5371,中光電,117,23,94,康和-嘉義,2024-05-28,8459
4543,萬在,123,45,78,康和-嘉義,2024-05-28,8459
2464,盟立,95,26,69,康和-嘉義,2024-05-28,8459
00946,群益科技高息成長,70,9,61,康和-嘉義,2024-05-28,8459
6282,康舒,53,1,52,康和-嘉義,2024-05-28,8459
6207,雷科,69,22,47,康和-嘉義,2024-05-28,8459
2444,兆勁,42,0,42,康和-嘉義,2024-05-28,8459
00772B,中信高評級公司債,40,0,40,康和-嘉義,2024-05-28,8459
00931B,統一美債20年,40,0,40,康和-嘉義,2024-05-28,8459
2501,國建,40,0,40,康和-嘉義,2024-05-28,8459
8064,東捷,228,195,33,康和-嘉義,2024-05-28,8459
2371,大同,31,0,31,康和-嘉義,2024-05-28,8459
3535,晶彩科,42,12,30,康和-嘉義,2024-05-28,8459
1217,愛之味,30,2,28,康和-嘉義,2024-05-28,8459
3202,樺晟,30,2,28,康和-嘉義,2024-05-28,8459
6257,矽格,34,6,28,康和-嘉義,2024-05-28,8459
8110,華東,30,2,28,康和-嘉義,2024-05-28,8459
00937B,群益ESG投等債20,28,0,28,康和-嘉義,2024-05-28,8459
2369,菱生,43,17,26,康和-嘉義,2024-05-28,8459
00882,中信中國高股息,23,0,23,康和-嘉義,2024-05-28,8459
2397,友通,23,0,23,康和-嘉義,2024-05-28,8459
4533,協易機,41,18,23,康和-嘉義,2024-05-28,8459
00885,富邦越南,22,0,22,康和-嘉義,2024-05-28,8459
2636,台驊控股,28,7,21,康和-嘉義,2024-05-28,8459
2615,萬海,36,16,20,康和-嘉義,2024-05-28,8459
00933B,國泰10Y+金融債,20,0,20,康和-嘉義,2024-05-28,8459
2891,中信金,19,0,19,康和-嘉義,2024-05-28,8459
3006,晶豪科,31,13,18,康和-嘉義,2024-05-28,8459
00651R,復華香港反1,18,0,18,康和-嘉義,2024-05-28,8459
3035,智原,55,38,17,康和-嘉義,2024-05-28,8459
3305,昇貿,17,0,17,康和-嘉義,2024-05-28,8459
3062,建漢,17,1,16,康和-嘉義,2024-05-28,8459
3450,聯鈞,133,117,16,康和-嘉義,2024-05-28,8459
6215,和椿,20,5,15,康和-嘉義,2024-05-28,8459
2731,雄獅,26,12,14,康和-嘉義,2024-05-28,8459
00943,兆豐電子高息等權,13,0,13,康和-嘉義,2024-05-28,8459
6213,聯茂,18,5,13,康和-嘉義,2024-05-28,8459
00712,復華富時不動產,12,0,12,康和-嘉義,2024-05-28,8459
2367,燿華,13,1,12,康和-嘉義,2024-05-28,8459
3090,日電貿,12,0,12,康和-嘉義,2024-05-28,8459
3092,鴻碩,13,1,12,康和-嘉義,2024-05-28,8459
5880,合庫金,12,0,12,康和-嘉義,2024-05-28,8459
2313,華通,14,2,12,康和-嘉義,2024-05-28,8459
2303,聯電,1534,3,1531,康和-嘉義,2024-05-29,8459
00937B,群益ESG投等債20,157,0,157,康和-嘉義,2024-05-29,8459
2312,金寶,156,4,152,康和-嘉義,2024-05-29,8459
2888,新光金,150,8,142,康和-嘉義,2024-05-29,8459
00931B,統一美債20年,112,0,112,康和-嘉義,2024-05-29,8459
4714,永捷,196,108,88,康和-嘉義,2024-05-29,8459
2801,彰銀,79,0,79,康和-嘉義,2024-05-29,8459
2367,燿華,87,16,71,康和-嘉義,2024-05-29,8459
3231,緯創,93,27,66,康和-嘉義,2024-05-29,8459
00772B,中信高評級公司債,60,0,60,康和-嘉義,2024-05-29,8459
3047,訊舟,74,23,51,康和-嘉義,2024-05-29,8459
2356,英業達,61,12,49,康和-嘉義,2024-05-29,8459
00940,元大台灣價值高息,50,3,47,康和-嘉義,2024-05-29,8459
2834,臺企銀,47,0,47,康和-嘉義,2024-05-29,8459
3013,晟銘電,68,24,44,康和-嘉義,2024-05-29,8459
5498,凱崴,45,1,44,康和-嘉義,2024-05-29,8459
2883,凱基金,60,20,40,康和-嘉義,2024-05-29,8459
6189,豐藝,104,66,38,康和-嘉義,2024-05-29,8459
2353,宏��,76,39,37,康和-嘉義,2024-05-29,8459
00933B,國泰10Y+金融債,42,5,37,康和-嘉義,2024-05-29,8459
4543,萬在,49,15,34,康和-嘉義,2024-05-29,8459
2615,萬海,37,5,32,康和-嘉義,2024-05-29,8459
6257,矽格,32,0,32,康和-嘉義,2024-05-29,8459
1101,台泥,31,1,30,康和-嘉義,2024-05-29,8459
3062,建漢,40,10,30,康和-嘉義,2024-05-29,8459
4952,凌通,37,7,30,康和-嘉義,2024-05-29,8459
00679B,元大美債20年,30,0,30,康和-嘉義,2024-05-29,8459
2630,亞航,30,2,28,康和-嘉義,2024-05-29,8459
00795B,中信美國公債20年,27,0,27,康和-嘉義,2024-05-29,8459
8064,東捷,41,15,26,康和-嘉義,2024-05-29,8459
00680L,元大美債20正2,25,0,25,康和-嘉義,2024-05-29,8459
2301,光寶科,42,19,23,康和-嘉義,2024-05-29,8459
1442,名軒,23,0,23,康和-嘉義,2024-05-29,8459
3712,永崴投控,39,17,22,康和-嘉義,2024-05-29,8459
2882,國泰金,23,2,21,康和-嘉義,2024-05-29,8459
2369,菱生,34,13,21,康和-嘉義,2024-05-29,8459
2401,凌陽,48,27,21,康和-嘉義,2024-05-29,8459
3374,精材,22,1,21,康和-嘉義,2024-05-29,8459
4157,太景*-KY,20,0,20,康和-嘉義,2024-05-29,8459
2611,志信,30,11,19,康和-嘉義,2024-05-29,8459
2888B,新光金乙特,19,0,19,康和-嘉義,2024-05-29,8459
3483,力致,53,34,19,康和-嘉義,2024-05-29,8459
5210,寶碩,20,1,19,康和-嘉義,2024-05-29,8459
1784,訊聯,28,10,18,康和-嘉義,2024-05-29,8459
2605,新興,70,52,18,康和-嘉義,2024-05-29,8459
3689,湧德,39,21,18,康和-嘉義,2024-05-29,8459
00878,國泰永續高股息,17,0,17,康和-嘉義,2024-05-29,8459
5880,合庫金,17,0,17,康和-嘉義,2024-05-29,8459
2617,台航,31,14,17,康和-嘉義,2024-05-29,8459
2363,矽統,46,30,16,康和-嘉義,2024-05-29,8459
2312,金寶,200,0,200,康和-嘉義,2024-05-30,8459
00632R,元大台灣50反1,200,15,185,康和-嘉義,2024-05-30,8459
00680L,元大美債20正2,110,0,110,康和-嘉義,2024-05-30,8459
2354,鴻準,118,18,100,康和-嘉義,2024-05-30,8459
6209,今國光,167,90,77,康和-嘉義,2024-05-30,8459
2603,長榮,85,22,63,康和-嘉義,2024-05-30,8459
1784,訊聯,77,14,63,康和-嘉義,2024-05-30,8459
2618,長榮航,77,15,62,康和-嘉義,2024-05-30,8459
00679B,元大美債20年,47,0,47,康和-嘉義,2024-05-30,8459
8028,昇陽半導體,49,2,47,康和-嘉義,2024-05-30,8459
2489,瑞軒,72,26,46,康和-嘉義,2024-05-30,8459
2353,宏��,56,11,45,康和-嘉義,2024-05-30,8459
2002,中鋼,44,0,44,康和-嘉義,2024-05-30,8459
3338,泰碩,64,22,42,康和-嘉義,2024-05-30,8459
2363,矽統,86,46,40,康和-嘉義,2024-05-30,8459
2897,王道銀行,40,0,40,康和-嘉義,2024-05-30,8459
2867,三商壽,42,3,39,康和-嘉義,2024-05-30,8459
2323,中環,49,11,38,康和-嘉義,2024-05-30,8459
2610,華航,38,3,35,康和-嘉義,2024-05-30,8459
2609,陽明,48,15,33,康和-嘉義,2024-05-30,8459
00937B,群益ESG投等債20,43,10,33,康和-嘉義,2024-05-30,8459
4533,協易機,85,54,31,康和-嘉義,2024-05-30,8459
2605,新興,79,50,29,康和-嘉義,2024-05-30,8459
2634,漢翔,41,12,29,康和-嘉義,2024-05-30,8459
1815,富喬,306,278,28,康和-嘉義,2024-05-30,8459
6188,廣明,33,7,26,康和-嘉義,2024-05-30,8459
2330,台積電,26,0,26,康和-嘉義,2024-05-30,8459
2324,仁寶,25,0,25,康和-嘉義,2024-05-30,8459
2834,臺企銀,54,30,24,康和-嘉義,2024-05-30,8459
3231,緯創,77,53,24,康和-嘉義,2024-05-30,8459
00946,群益科技高息成長,24,0,24,康和-嘉義,2024-05-30,8459
2514,龍邦,40,20,20,康和-嘉義,2024-05-30,8459
3059,華晶科,32,13,19,康和-嘉義,2024-05-30,8459
2891,中信金,18,0,18,康和-嘉義,2024-05-30,8459
1303,南亞,19,1,18,康和-嘉義,2024-05-30,8459
5498,凱崴,17,0,17,康和-嘉義,2024-05-30,8459
2501,國建,16,0,16,康和-嘉義,2024-05-30,8459
3356,奇偶,24,8,16,康和-嘉義,2024-05-30,8459
6197,佳必琪,22,7,15,康和-嘉義,2024-05-30,8459
00878,國泰永續高股息,14,0,14,康和-嘉義,2024-05-30,8459
2707,晶華,14,0,14,康和-嘉義,2024-05-30,8459
5880,合庫金,14,0,14,康和-嘉義,2024-05-30,8459
2538,基泰,44,30,14,康和-嘉義,2024-05-30,8459
2641,正德,19,5,14,康和-嘉義,2024-05-30,8459
6829,千附精密,14,0,14,康和-嘉義,2024-05-30,8459
1101,台泥,13,0,13,康和-嘉義,2024-05-30,8459
1301,台塑,14,1,13,康和-嘉義,2024-05-30,8459
2444,兆勁,18,5,13,康和-嘉義,2024-05-30,8459
4973,廣穎,33,20,13,康和-嘉義,2024-05-30,8459
8358,金居,17,4,13,康和-嘉義,2024-05-30,8459
2641,正德,196,9,187,康和-嘉義,2024-05-31,8459
2892,第一金,150,0,150,康和-嘉義,2024-05-31,8459
00933B,國泰10Y+金融債,122,0,122,康和-嘉義,2024-05-31,8459
1303,南亞,106,9,97,康和-嘉義,2024-05-31,8459
2367,燿華,114,19,95,康和-嘉義,2024-05-31,8459
2303,聯電,123,31,92,康和-嘉義,2024-05-31,8459
2543,皇昌,77,2,75,康和-嘉義,2024-05-31,8459
00919,群益台灣精選高息,60,0,60,康和-嘉義,2024-05-31,8459
2002,中鋼,60,2,58,康和-嘉義,2024-05-31,8459
2374,佳能,70,15,55,康和-嘉義,2024-05-31,8459
2317,鴻海,100,47,53,康和-嘉義,2024-05-31,8459
2356,英業達,56,4,52,康和-嘉義,2024-05-31,8459
4549,桓達,52,0,52,康和-嘉義,2024-05-31,8459
2834,臺企銀,55,5,50,康和-嘉義,2024-05-31,8459
1522,堤維西,39,0,39,康和-嘉義,2024-05-31,8459
8110,華東,39,2,37,康和-嘉義,2024-05-31,8459
2891,中信金,50,15,35,康和-嘉義,2024-05-31,8459
2609,陽明,164,130,34,康和-嘉義,2024-05-31,8459
2615,萬海,46,15,31,康和-嘉義,2024-05-31,8459
2344,華邦電,31,0,31,康和-嘉義,2024-05-31,8459
2375,凱美,32,1,31,康和-嘉義,2024-05-31,8459
00929,復華台灣科技優息,45,20,25,康和-嘉義,2024-05-31,8459
2323,中環,45,21,24,康和-嘉義,2024-05-31,8459
2630,亞航,22,0,22,康和-嘉義,2024-05-31,8459
4979,華星光,24,3,21,康和-嘉義,2024-05-31,8459
6435,大中,22,1,21,康和-嘉義,2024-05-31,8459
3058,立德,20,0,20,康和-嘉義,2024-05-31,8459
3483,力致,45,25,20,康和-嘉義,2024-05-31,8459
5880,合庫金,25,6,19,康和-嘉義,2024-05-31,8459
3059,華晶科,66,48,18,康和-嘉義,2024-05-31,8459
5531,鄉林,20,2,18,康和-嘉義,2024-05-31,8459
2330,台積電,19,2,17,康和-嘉義,2024-05-31,8459
2101,南港,24,7,17,康和-嘉義,2024-05-31,8459
3312,弘憶股,147,131,16,康和-嘉義,2024-05-31,8459
00946,群益科技高息成長,15,0,15,康和-嘉義,2024-05-31,8459
2353,宏��,30,15,15,康和-嘉義,2024-05-31,8459
3490,單井,18,3,15,康和-嘉義,2024-05-31,8459
8438,昶昕,36,21,15,康和-嘉義,2024-05-31,8459
3231,緯創,33,18,15,康和-嘉義,2024-05-31,8459
2377,微星,17,3,14,康和-嘉義,2024-05-31,8459
2444,兆勁,13,0,13,康和-嘉義,2024-05-31,8459
2409,友達,13,0,13,康和-嘉義,2024-05-31,8459
3481,群創,14,2,12,康和-嘉義,2024-05-31,8459
2365,昆盈,12,1,11,康和-嘉義,2024-05-31,8459
00940,元大台灣價值高息,14,3,11,康和-嘉義,2024-05-31,8459
4543,萬在,15,4,11,康和-嘉義,2024-05-31,8459
6667,信紘科,11,0,11,康和-嘉義,2024-05-31,8459
3687,歐買尬,12,1,11,康和-嘉義,2024-05-31,8459
1560,中砂,33,23,10,康和-嘉義,2024-05-31,8459
3260,威剛,13,3,10,康和-嘉義,2024-05-31,8459
2888,新光金,447,139,308,康和-嘉義,2024-06-03,8459
9105,泰金寶-DR,150,13,137,康和-嘉義,2024-06-03,8459
1714,和桐,141,18,123,康和-嘉義,2024-06-03,8459
1460,宏遠,120,0,120,康和-嘉義,2024-06-03,8459
1784,訊聯,117,1,116,康和-嘉義,2024-06-03,8459
2303,聯電,108,10,98,康和-嘉義,2024-06-03,8459
2892,第一金,87,0,87,康和-嘉義,2024-06-03,8459
4562,穎漢,93,6,87,康和-嘉義,2024-06-03,8459
2641,正德,68,0,68,康和-嘉義,2024-06-03,8459
2867,三商壽,63,0,63,康和-嘉義,2024-06-03,8459
2317,鴻海,74,11,63,康和-嘉義,2024-06-03,8459
4533,協易機,181,123,58,康和-嘉義,2024-06-03,8459
2301,光寶科,79,24,55,康和-嘉義,2024-06-03,8459
2367,燿華,62,10,52,康和-嘉義,2024-06-03,8459
2354,鴻準,63,18,45,康和-嘉義,2024-06-03,8459
1471,首利,45,0,45,康和-嘉義,2024-06-03,8459
2609,陽明,171,126,45,康和-嘉義,2024-06-03,8459
2883B,凱基金乙特,45,0,45,康和-嘉義,2024-06-03,8459
2489,瑞軒,44,3,41,康和-嘉義,2024-06-03,8459
6188,廣明,127,90,37,康和-嘉義,2024-06-03,8459
1815,富喬,239,206,33,康和-嘉義,2024-06-03,8459
3231,緯創,50,19,31,康和-嘉義,2024-06-03,8459
4714,永捷,54,23,31,康和-嘉義,2024-06-03,8459
00929,復華台灣科技優息,30,0,30,康和-嘉義,2024-06-03,8459
1303,南亞,44,20,24,康和-嘉義,2024-06-03,8459
2486,一詮,39,15,24,康和-嘉義,2024-06-03,8459
2353,宏��,35,12,23,康和-嘉義,2024-06-03,8459
2888B,新光金乙特,22,0,22,康和-嘉義,2024-06-03,8459
4168,醣聯,24,2,22,康和-嘉義,2024-06-03,8459
6443,元晶,22,1,21,康和-嘉義,2024-06-03,8459
2374,佳能,62,42,20,康和-嘉義,2024-06-03,8459
3056,富華新,21,1,20,康和-嘉義,2024-06-03,8459
3706,神達,29,9,20,康和-嘉義,2024-06-03,8459
00918,大華優利高填息30,19,0,19,康和-嘉義,2024-06-03,8459
2103,台橡,18,0,18,康和-嘉義,2024-06-03,8459
2355,敬鵬,23,5,18,康和-嘉義,2024-06-03,8459
2882,國泰金,20,2,18,康和-嘉義,2024-06-03,8459
00919,群益台灣精選高息,28,10,18,康和-嘉義,2024-06-03,8459
00882,中信中國高股息,15,0,15,康和-嘉義,2024-06-03,8459
6695,芯鼎,19,4,15,康和-嘉義,2024-06-03,8459
2880,華南金,13,0,13,康和-嘉義,2024-06-03,8459
6770,力積電,16,3,13,康和-嘉義,2024-06-03,8459
6120,達運,13,0,13,康和-嘉義,2024-06-03,8459
00637L,元大滬深300正2,64,51,13,康和-嘉義,2024-06-03,8459
00712,復華富時不動產,13,0,13,康和-嘉義,2024-06-03,8459
2402,毅嘉,14,1,13,康和-嘉義,2024-06-03,8459
2637,慧洋-KY,13,0,13,康和-嘉義,2024-06-03,8459
2618,長榮航,16,4,12,康和-嘉義,2024-06-03,8459
2324,仁寶,21,9,12,康和-嘉義,2024-06-03,8459
2605,新興,32,20,12,康和-嘉義,2024-06-03,8459
9105,泰金寶-DR,389,2,387,康和-嘉義,2024-06-04,8459
1815,富喬,275,180,95,康和-嘉義,2024-06-04,8459
2324,仁寶,141,47,94,康和-嘉義,2024-06-04,8459
00929,復華台灣科技優息,83,3,80,康和-嘉義,2024-06-04,8459
00715L,期街口布蘭特正2,70,0,70,康和-嘉義,2024-06-04,8459
2354,鴻準,104,35,69,康和-嘉義,2024-06-04,8459
2331,精英,186,122,64,康和-嘉義,2024-06-04,8459
00918,大華優利高填息30,60,0,60,康和-嘉義,2024-06-04,8459
2352,佳世達,52,2,50,康和-嘉義,2024-06-04,8459
1608,華榮,130,81,49,康和-嘉義,2024-06-04,8459
2851,中再保,48,1,47,康和-嘉義,2024-06-04,8459
6125,廣運,64,25,39,康和-嘉義,2024-06-04,8459
3260,威剛,57,19,38,康和-嘉義,2024-06-04,8459
1714,和桐,46,10,36,康和-嘉義,2024-06-04,8459
2514,龍邦,36,1,35,康和-嘉義,2024-06-04,8459
2501,國建,44,10,34,康和-嘉義,2024-06-04,8459
8110,華東,34,1,33,康和-嘉義,2024-06-04,8459
2323,中環,32,2,30,康和-嘉義,2024-06-04,8459
6197,佳必琪,65,35,30,康和-嘉義,2024-06-04,8459
1305,華夏,32,3,29,康和-嘉義,2024-06-04,8459
1784,訊聯,36,7,29,康和-嘉義,2024-06-04,8459
4562,穎漢,37,10,27,康和-嘉義,2024-06-04,8459
2618,長榮航,62,36,26,康和-嘉義,2024-06-04,8459
1905,華紙,26,0,26,康和-嘉義,2024-06-04,8459
4726,永昕,31,6,25,康和-嘉義,2024-06-04,8459
2409,友達,25,0,25,康和-嘉義,2024-06-04,8459
2101,南港,79,55,24,康和-嘉義,2024-06-04,8459
2405,輔信,38,14,24,康和-嘉義,2024-06-04,8459
2356,英業達,27,4,23,康和-嘉義,2024-06-04,8459
1453,大將,22,1,21,康和-嘉義,2024-06-04,8459
4533,協易機,107,86,21,康和-嘉義,2024-06-04,8459
8064,東捷,47,26,21,康和-嘉義,2024-06-04,8459
3231,緯創,35,15,20,康和-嘉義,2024-06-04,8459
5498,凱崴,40,20,20,康和-嘉義,2024-06-04,8459
2641,正德,22,3,19,康和-嘉義,2024-06-04,8459
3086,華義,20,1,19,康和-嘉義,2024-06-04,8459
6147,頎邦,18,0,18,康和-嘉義,2024-06-04,8459
4967,十銓,50,33,17,康和-嘉義,2024-06-04,8459
2376,技嘉,24,7,17,康和-嘉義,2024-06-04,8459
8011,台通,17,0,17,康和-嘉義,2024-06-04,8459
2374,佳能,24,8,16,康和-嘉義,2024-06-04,8459
2377,微星,29,13,16,康和-嘉義,2024-06-04,8459
3059,華晶科,17,1,16,康和-嘉義,2024-06-04,8459
6807,峰源-KY,16,0,16,康和-嘉義,2024-06-04,8459
2892,第一金,18,2,16,康和-嘉義,2024-06-04,8459
00919,群益台灣精選高息,16,1,15,康和-嘉義,2024-06-04,8459
2317,鴻海,67,51,16,康和-嘉義,2024-06-04,8459
3481,群創,16,1,15,康和-嘉義,2024-06-04,8459
1101,台泥,15,0,15,康和-嘉義,2024-06-04,8459
2834,臺企銀,15,0,15,康和-嘉義,2024-06-04,8459
9105,泰金寶-DR,351,110,241,康和-嘉義,2024-06-05,8459
3481,群創,200,0,200,康和-嘉義,2024-06-05,8459
2328,廣宇,258,68,190,康和-嘉義,2024-06-05,8459
1608,華榮,130,45,85,康和-嘉義,2024-06-05,8459
2610,華航,90,5,85,康和-嘉義,2024-06-05,8459
4513,福裕,79,3,76,康和-嘉義,2024-06-05,8459
00929,復華台灣科技優息,73,2,71,康和-嘉義,2024-06-05,8459
2317,鴻海,90,35,55,康和-嘉義,2024-06-05,8459
2605,新興,56,5,51,康和-嘉義,2024-06-05,8459
00795B,中信美國公債20年,50,0,50,康和-嘉義,2024-06-05,8459
2417,圓剛,53,5,48,康和-嘉義,2024-06-05,8459
00918,大華優利高填息30,43,0,43,康和-嘉義,2024-06-05,8459
6116,彩晶,39,0,39,康和-嘉義,2024-06-05,8459
2834,臺企銀,48,10,38,康和-嘉義,2024-06-05,8459
00936,台新永續高息中小,37,0,37,康和-嘉義,2024-06-05,8459
1714,和桐,42,5,37,康和-嘉義,2024-06-05,8459
00712,復華富時不動產,35,0,35,康和-嘉義,2024-06-05,8459
00715L,期街口布蘭特正2,31,0,31,康和-嘉義,2024-06-05,8459
00940,元大台灣價值高息,30,0,30,康和-嘉義,2024-06-05,8459
1789,神隆,31,1,30,康和-嘉義,2024-06-05,8459
4123,晟德,42,12,30,康和-嘉義,2024-06-05,8459
2489,瑞軒,30,2,28,康和-嘉義,2024-06-05,8459
3015,全漢,67,41,26,康和-嘉義,2024-06-05,8459
2609,陽明,266,244,22,康和-嘉義,2024-06-05,8459
3494,誠研,22,0,22,康和-嘉義,2024-06-05,8459
00919,群益台灣精選高息,25,4,21,康和-嘉義,2024-06-05,8459
1618,合機,23,2,21,康和-嘉義,2024-06-05,8459
2353,宏��,26,5,21,康和-嘉義,2024-06-05,8459
4160,訊聯基因,21,0,21,康和-嘉義,2024-06-05,8459
5490,同亨,30,10,20,康和-嘉義,2024-06-05,8459
2365,昆盈,22,3,19,康和-嘉義,2024-06-05,8459
2355,敬鵬,28,9,19,康和-嘉義,2024-06-05,8459
8277,商丞,23,4,19,康和-嘉義,2024-06-05,8459
2331,精英,28,10,18,康和-嘉義,2024-06-05,8459
2105,正新,24,6,18,康和-嘉義,2024-06-05,8459
2356,英業達,18,0,18,康和-嘉義,2024-06-05,8459
2867,三商壽,20,2,18,康和-嘉義,2024-06-05,8459
3338,泰碩,19,1,18,康和-嘉義,2024-06-05,8459
00878,國泰永續高股息,19,2,17,康和-嘉義,2024-06-05,8459
2002,中鋼,17,0,17,康和-嘉義,2024-06-05,8459
4976,佳凌,14,0,14,康和-嘉義,2024-06-05,8459
1514,亞力,15,2,13,康和-嘉義,2024-06-05,8459
3432,台端,13,0,13,康和-嘉義,2024-06-05,8459
1540,喬福,12,0,12,康和-嘉義,2024-06-05,8459
3380,明泰,12,0,12,康和-嘉義,2024-06-05,8459
3030,德律,13,1,12,康和-嘉義,2024-06-05,8459
2444,兆勁,11,0,11,康和-嘉義,2024-06-05,8459
1810,和成,12,1,11,康和-嘉義,2024-06-05,8459
2014,中鴻,11,0,11,康和-嘉義,2024-06-05,8459
00713,元大台灣高息低波,10,0,10,康和-嘉義,2024-06-05,8459
1714,和桐,217,0,217,康和-嘉義,2024-06-06,8459
00936,台新永續高息中小,107,0,107,康和-嘉義,2024-06-06,8459
2489,瑞軒,107,2,105,康和-嘉義,2024-06-06,8459
9105,泰金寶-DR,70,1,69,康和-嘉義,2024-06-06,8459
1467,南緯,56,0,56,康和-嘉義,2024-06-06,8459
2331,精英,65,28,37,康和-嘉義,2024-06-06,8459
2417,圓剛,35,3,32,康和-嘉義,2024-06-06,8459
2610,華航,105,74,31,康和-嘉義,2024-06-06,8459
2615,萬海,167,136,31,康和-嘉義,2024-06-06,8459
4160,訊聯基因,34,3,31,康和-嘉義,2024-06-06,8459
00641R,富邦日本反1,30,0,30,康和-嘉義,2024-06-06,8459
2103,台橡,29,0,29,康和-嘉義,2024-06-06,8459
2002,中鋼,33,5,28,康和-嘉義,2024-06-06,8459
2374,佳能,45,17,28,康和-嘉義,2024-06-06,8459
5490,同亨,48,20,28,康和-嘉義,2024-06-06,8459
2323,中環,52,24,28,康和-嘉義,2024-06-06,8459
6462,神盾,30,3,27,康和-嘉義,2024-06-06,8459
8114,振樺電,39,12,27,康和-嘉義,2024-06-06,8459
2353,宏��,28,3,25,康和-嘉義,2024-06-06,8459
2312,金寶,130,107,23,康和-嘉義,2024-06-06,8459
1316,上曜,22,1,21,康和-嘉義,2024-06-06,8459
2367,燿華,82,61,21,康和-嘉義,2024-06-06,8459
00712,復華富時不動產,20,0,20,康和-嘉義,2024-06-06,8459
1587,吉茂,20,0,20,康和-嘉義,2024-06-06,8459
1784,訊聯,22,2,20,康和-嘉義,2024-06-06,8459
3059,華晶科,23,3,20,康和-嘉義,2024-06-06,8459
5344,立衛,20,0,20,康和-嘉義,2024-06-06,8459
2537,聯上發,33,14,19,康和-嘉義,2024-06-06,8459
3024,憶聲,18,0,18,康和-嘉義,2024-06-06,8459
2427,三商電,51,34,17,康和-嘉義,2024-06-06,8459
6188,廣明,22,5,17,康和-嘉義,2024-06-06,8459
6290,良維,28,11,17,康和-嘉義,2024-06-06,8459
8064,東捷,18,2,16,康和-嘉義,2024-06-06,8459
1303,南亞,18,3,15,康和-嘉義,2024-06-06,8459
2392,正崴,19,4,15,康和-嘉義,2024-06-06,8459
2897,王道銀行,15,0,15,康和-嘉義,2024-06-06,8459
5302,太欣,16,1,15,康和-嘉義,2024-06-06,8459
8432,東生華,18,3,15,康和-嘉義,2024-06-06,8459
2453,凌群,15,1,14,康和-嘉義,2024-06-06,8459
3481,群創,16,3,13,康和-嘉義,2024-06-06,8459
1777,生泰,13,0,13,康和-嘉義,2024-06-06,8459
2405,輔信,16,3,13,康和-嘉義,2024-06-06,8459
4726,永昕,17,4,13,康和-嘉義,2024-06-06,8459
00632R,元大台灣50反1,12,0,12,康和-嘉義,2024-06-06,8459
1305,華夏,22,10,12,康和-嘉義,2024-06-06,8459
3231,緯創,23,11,12,康和-嘉義,2024-06-06,8459
4915,致伸,20,8,12,康和-嘉義,2024-06-06,8459
5009,榮剛,12,0,12,康和-嘉義,2024-06-06,8459
8040,九暘,13,1,12,康和-嘉義,2024-06-06,8459
2801,彰銀,12,0,12,康和-嘉義,2024-06-06,8459
2312,金寶,292,50,242,康和-嘉義,2024-06-07,8459
00665L,富邦�琤肭磪囓�2,200,0,200,康和-嘉義,2024-06-07,8459
2511,太子,123,4,119,康和-嘉義,2024-06-07,8459
3231,緯創,113,7,106,康和-嘉義,2024-06-07,8459
1815,富喬,371,277,94,康和-嘉義,2024-06-07,8459
4183,福永生技,80,0,80,康和-嘉義,2024-06-07,8459
4566,時碩工業,75,11,64,康和-嘉義,2024-06-07,8459
00936,台新永續高息中小,61,10,51,康和-嘉義,2024-06-07,8459
00929,復華台灣科技優息,43,0,43,康和-嘉義,2024-06-07,8459
8155,博智,41,0,41,康和-嘉義,2024-06-07,8459
1513,中興電,79,42,37,康和-嘉義,2024-06-07,8459
2365,昆盈,40,3,37,康和-嘉義,2024-06-07,8459
2834,臺企銀,39,6,33,康和-嘉義,2024-06-07,8459
3356,奇偶,32,0,32,康和-嘉義,2024-06-07,8459
1220,台榮,31,0,31,康和-嘉義,2024-06-07,8459
1514,亞力,34,5,29,康和-嘉義,2024-06-07,8459
2353,宏��,31,6,25,康和-嘉義,2024-06-07,8459
00669R,國泰美國道瓊反1,25,0,25,康和-嘉義,2024-06-07,8459
00637L,元大滬深300正2,448,423,25,康和-嘉義,2024-06-07,8459
4534,慶騰,25,0,25,康和-嘉義,2024-06-07,8459
1609,大亞,48,23,25,康和-嘉義,2024-06-07,8459
3481,群創,27,4,23,康和-嘉義,2024-06-07,8459
2449,京元電子,23,0,23,康和-嘉義,2024-06-07,8459
2489,瑞軒,74,52,22,康和-嘉義,2024-06-07,8459
4513,福裕,32,10,22,康和-嘉義,2024-06-07,8459
1540,喬福,22,4,18,康和-嘉義,2024-06-07,8459
2382,廣達,22,6,16,康和-嘉義,2024-06-07,8459
2330,台積電,16,0,16,康和-嘉義,2024-06-07,8459
5508,永信建,14,1,13,康和-嘉義,2024-06-07,8459
1503,士電,14,2,12,康和-嘉義,2024-06-07,8459
1524,耿鼎,14,2,12,康和-嘉義,2024-06-07,8459
2002,中鋼,12,0,12,康和-嘉義,2024-06-07,8459
1446,宏和,10,0,10,康和-嘉義,2024-06-07,8459
2349,錸德,10,0,10,康和-嘉義,2024-06-07,8459
2420,新巨,10,0,10,康和-嘉義,2024-06-07,8459
2534,宏盛,10,0,10,康和-嘉義,2024-06-07,8459
3033,威健,21,11,10,康和-嘉義,2024-06-07,8459
8039,台虹,15,5,10,康和-嘉義,2024-06-07,8459
8040,九暘,11,1,10,康和-嘉義,2024-06-07,8459
8105,凌巨,10,0,10,康和-嘉義,2024-06-07,8459
3710,連展投控,10,0,10,康和-嘉義,2024-06-07,8459
1810,和成,9,0,9,康和-嘉義,2024-06-07,8459
2464,盟立,11,2,9,康和-嘉義,2024-06-07,8459
3092,鴻碩,10,1,9,康和-嘉義,2024-06-07,8459
4919,新唐,9,0,9,康和-嘉義,2024-06-07,8459
4956,光鋐,9,0,9,康和-嘉義,2024-06-07,8459
6285,啟��,12,3,9,康和-嘉義,2024-06-07,8459
5371,中光電,21,13,8,康和-嘉義,2024-06-07,8459
00918,大華優利高填息30,8,0,8,康和-嘉義,2024-06-07,8459
00882,中信中國高股息,8,0,8,康和-嘉義,2024-06-07,8459
9105,泰金寶-DR,226,5,221,康和-嘉義,2024-06-11,8459
2609,陽明,210,97,113,康和-嘉義,2024-06-11,8459
2514,龍邦,91,12,79,康和-嘉義,2024-06-11,8459
00929,復華台灣科技優息,76,2,74,康和-嘉義,2024-06-11,8459
2888,新光金,66,5,61,康和-嘉義,2024-06-11,8459
2356,英業達,70,9,61,康和-嘉義,2024-06-11,8459
00712,復華富時不動產,57,0,57,康和-嘉義,2024-06-11,8459
00937B,群益ESG投等債20,57,0,57,康和-嘉義,2024-06-11,8459
00687B,國泰20年美債,53,0,53,康和-嘉義,2024-06-11,8459
3036,文曄,53,1,52,康和-嘉義,2024-06-11,8459
2374,佳能,61,11,50,康和-嘉義,2024-06-11,8459
2834,臺企銀,46,0,46,康和-嘉義,2024-06-11,8459
1310,台苯,44,1,43,康和-嘉義,2024-06-11,8459
00919,群益台灣精選高息,39,0,39,康和-嘉義,2024-06-11,8459
3047,訊舟,82,44,38,康和-嘉義,2024-06-11,8459
6015,宏遠證,37,0,37,康和-嘉義,2024-06-11,8459
2323,中環,33,0,33,康和-嘉義,2024-06-11,8459
2332,友訊,32,0,32,康和-嘉義,2024-06-11,8459
00637L,元大滬深300正2,33,2,31,康和-嘉義,2024-06-11,8459
1608,華榮,57,26,31,康和-嘉義,2024-06-11,8459
2636,台驊控股,30,0,30,康和-嘉義,2024-06-11,8459
2615,萬海,162,134,28,康和-嘉義,2024-06-11,8459
3122,笙泉,169,142,27,康和-嘉義,2024-06-11,8459
6807,峰源-KY,27,0,27,康和-嘉義,2024-06-11,8459
2613,中櫃,124,97,27,康和-嘉義,2024-06-11,8459
2353,宏��,64,40,24,康和-嘉義,2024-06-11,8459
2371,大同,31,7,24,康和-嘉義,2024-06-11,8459
2867,三商壽,38,15,23,康和-嘉義,2024-06-11,8459
9945,潤泰新,24,2,22,康和-嘉義,2024-06-11,8459
2801,彰銀,22,0,22,康和-嘉義,2024-06-11,8459
2444,兆勁,21,0,21,康和-嘉義,2024-06-11,8459
00940,元大台灣價值高息,24,3,21,康和-嘉義,2024-06-11,8459
2392,正崴,20,0,20,康和-嘉義,2024-06-11,8459
2641,正德,29,10,19,康和-嘉義,2024-06-11,8459
3226,至寶電,17,0,17,康和-嘉義,2024-06-11,8459
2365,昆盈,20,3,17,康和-嘉義,2024-06-11,8459
4513,福裕,16,0,16,康和-嘉義,2024-06-11,8459
2108,南帝,15,0,15,康和-嘉義,2024-06-11,8459
00918,大華優利高填息30,14,0,14,康和-嘉義,2024-06-11,8459
00674R,期元大S＆P黃金反1,15,1,14,康和-嘉義,2024-06-11,8459
2301,光寶科,14,0,14,康和-嘉義,2024-06-11,8459
2486,一詮,80,66,14,康和-嘉義,2024-06-11,8459
2002,中鋼,24,10,14,康和-嘉義,2024-06-11,8459
2634,漢翔,13,0,13,康和-嘉義,2024-06-11,8459
3231,緯創,49,36,13,康和-嘉義,2024-06-11,8459
1802,台玻,15,3,12,康和-嘉義,2024-06-11,8459
3455,由田,12,0,12,康和-嘉義,2024-06-11,8459
4976,佳凌,21,9,12,康和-嘉義,2024-06-11,8459
00679B,元大美債20年,11,0,11,康和-嘉義,2024-06-11,8459
6188,廣明,12,1,11,康和-嘉義,2024-06-11,8459
2501,國建,357,2,355,康和-嘉義,2024-06-12,8459
2367,燿華,217,56,161,康和-嘉義,2024-06-12,8459
1314,中石化,182,39,143,康和-嘉義,2024-06-12,8459
00679B,元大美債20年,122,5,117,康和-嘉義,2024-06-12,8459
2349,錸德,112,2,110,康和-嘉義,2024-06-12,8459
00687B,國泰20年美債,101,0,101,康和-嘉義,2024-06-12,8459
00933B,國泰10Y+金融債,121,40,81,康和-嘉義,2024-06-12,8459
6116,彩晶,80,0,80,康和-嘉義,2024-06-12,8459
2317,鴻海,151,75,76,康和-嘉義,2024-06-12,8459
2353,宏��,117,45,72,康和-嘉義,2024-06-12,8459
00712,復華富時不動產,70,0,70,康和-嘉義,2024-06-12,8459
00918,大華優利高填息30,70,1,69,康和-嘉義,2024-06-12,8459
4543,萬在,65,1,64,康和-嘉義,2024-06-12,8459
1815,富喬,68,16,52,康和-嘉義,2024-06-12,8459
2208,台船,54,2,52,康和-嘉義,2024-06-12,8459
6164,華興,52,1,51,康和-嘉義,2024-06-12,8459
2801,彰銀,51,0,51,康和-嘉義,2024-06-12,8459
2615,萬海,147,99,48,康和-嘉義,2024-06-12,8459
1720,生達,40,0,40,康和-嘉義,2024-06-12,8459
2482,連宇,40,1,39,康和-嘉義,2024-06-12,8459
2206,三陽工業,46,11,35,康和-嘉義,2024-06-12,8459
2103,台橡,32,0,32,康和-嘉義,2024-06-12,8459
3047,訊舟,49,17,32,康和-嘉義,2024-06-12,8459
2514,龍邦,41,10,31,康和-嘉義,2024-06-12,8459
2888,新光金,40,11,29,康和-嘉義,2024-06-12,8459
3013,晟銘電,68,40,28,康和-嘉義,2024-06-12,8459
2637,慧洋-KY,26,0,26,康和-嘉義,2024-06-12,8459
1734,杏輝,25,0,25,康和-嘉義,2024-06-12,8459
8110,華東,32,7,25,康和-嘉義,2024-06-12,8459
3622,洋華,41,17,24,康和-嘉義,2024-06-12,8459
3363,上詮,62,39,23,康和-嘉義,2024-06-12,8459
6146,耕興,25,2,23,康和-嘉義,2024-06-12,8459
1101,台泥,25,3,22,康和-嘉義,2024-06-12,8459
2892,第一金,22,0,22,康和-嘉義,2024-06-12,8459
00896,中信綠能及電動車,20,0,20,康和-嘉義,2024-06-12,8459
9105,泰金寶-DR,20,0,20,康和-嘉義,2024-06-12,8459
2365,昆盈,22,3,19,康和-嘉義,2024-06-12,8459
9945,潤泰新,28,10,18,康和-嘉義,2024-06-12,8459
00948B,中信優息投資級債,18,0,18,康和-嘉義,2024-06-12,8459
4102,永日,18,0,18,康和-嘉義,2024-06-12,8459
6855,數泓科,17,0,17,康和-嘉義,2024-06-12,8459
8432,東生華,17,0,17,康和-嘉義,2024-06-12,8459
5371,中光電,32,16,16,康和-嘉義,2024-06-12,8459
2323,中環,15,0,15,康和-嘉義,2024-06-12,8459
3048,益登,16,1,15,康和-嘉義,2024-06-12,8459
1540,喬福,15,0,15,康和-嘉義,2024-06-12,8459
1310,台苯,15,0,15,康和-嘉義,2024-06-12,8459
00929,復華台灣科技優息,27,13,14,康和-嘉義,2024-06-12,8459
6016,康和證,14,0,14,康和-嘉義,2024-06-12,8459
3705,永信,14,0,14,康和-嘉義,2024-06-12,8459
9105,泰金寶-DR,186,71,115,康和-嘉義,2024-06-13,8459
00632R,元大台灣50反1,111,24,87,康和-嘉義,2024-06-13,8459
6116,彩晶,84,1,83,康和-嘉義,2024-06-13,8459
1514,亞力,91,9,82,康和-嘉義,2024-06-13,8459
00680L,元大美債20正2,63,0,63,康和-嘉義,2024-06-13,8459
2603,長榮,65,14,51,康和-嘉義,2024-06-13,8459
1220,台榮,51,0,51,康和-嘉義,2024-06-13,8459
1314,中石化,50,0,50,康和-嘉義,2024-06-13,8459
2382,廣達,64,17,47,康和-嘉義,2024-06-13,8459
1513,中興電,72,38,34,康和-嘉義,2024-06-13,8459
1608,華榮,44,11,33,康和-嘉義,2024-06-13,8459
2103,台橡,32,0,32,康和-嘉義,2024-06-13,8459
1734,杏輝,32,0,32,康和-嘉義,2024-06-13,8459
2867,三商壽,47,16,31,康和-嘉義,2024-06-13,8459
5880,合庫金,31,0,31,康和-嘉義,2024-06-13,8459
1503,士電,51,23,28,康和-嘉義,2024-06-13,8459
2501,國建,30,2,28,康和-嘉義,2024-06-13,8459
8112,至上,40,13,27,康和-嘉義,2024-06-13,8459
2883B,凱基金乙特,25,0,25,康和-嘉義,2024-06-13,8459
3055,蔚華科,30,6,24,康和-嘉義,2024-06-13,8459
2002,中鋼,27,3,24,康和-嘉義,2024-06-13,8459
00947,台新臺灣IC設計,24,2,22,康和-嘉義,2024-06-13,8459
2328,廣宇,22,0,22,康和-嘉義,2024-06-13,8459
4128,中天,22,0,22,康和-嘉義,2024-06-13,8459
2374,佳能,155,137,18,康和-嘉義,2024-06-13,8459
2888,新光金,20,3,17,康和-嘉義,2024-06-13,8459
1618,合機,22,6,16,康和-嘉義,2024-06-13,8459
2406,國碩,22,6,16,康和-嘉義,2024-06-13,8459
4561,健椿,17,1,16,康和-嘉義,2024-06-13,8459
5243,乙盛-KY,32,16,16,康和-嘉義,2024-06-13,8459
00946,群益科技高息成長,15,0,15,康和-嘉義,2024-06-13,8459
00918,大華優利高填息30,15,0,15,康和-嘉義,2024-06-13,8459
3580,友威科,15,0,15,康和-嘉義,2024-06-13,8459
6197,佳必琪,16,1,15,康和-嘉義,2024-06-13,8459
2641,正德,17,4,13,康和-嘉義,2024-06-13,8459
00713,元大台灣高息低波,12,0,12,康和-嘉義,2024-06-13,8459
00669R,國泰美國道瓊反1,12,0,12,康和-嘉義,2024-06-13,8459
1611,中電,12,0,12,康和-嘉義,2024-06-13,8459
3013,晟銘電,56,44,12,康和-嘉義,2024-06-13,8459
3081,聯亞,12,0,12,康和-嘉義,2024-06-13,8459
4102,永日,12,0,12,康和-嘉義,2024-06-13,8459
9958,世紀鋼,14,2,12,康和-嘉義,2024-06-13,8459
2892,第一金,11,0,11,康和-嘉義,2024-06-13,8459
3705,永信,11,0,11,康和-嘉義,2024-06-13,8459
6147,頎邦,11,0,11,康和-嘉義,2024-06-13,8459
1325,恆大,10,0,10,康和-嘉義,2024-06-13,8459
6120,達運,13,3,10,康和-嘉義,2024-06-13,8459
00686R,群益臺灣加權反1,10,0,10,康和-嘉義,2024-06-13,8459
00921,兆豐龍頭等權重,10,0,10,康和-嘉義,2024-06-13,8459
00795B,中信美國公債20年,10,0,10,康和-嘉義,2024-06-13,8459
9105,泰金寶-DR,444,88,356,康和-嘉義,2024-06-14,8459
2371,大同,311,152,159,康和-嘉義,2024-06-14,8459
00857B,永豐20年美公債,115,0,115,康和-嘉義,2024-06-14,8459
2801,彰銀,130,45,85,康和-嘉義,2024-06-14,8459
4534,慶騰,73,6,67,康和-嘉義,2024-06-14,8459
2323,中環,54,0,54,康和-嘉義,2024-06-14,8459
2317,鴻海,180,130,50,康和-嘉義,2024-06-14,8459
00919,群益台灣精選高息,44,0,44,康和-嘉義,2024-06-14,8459
2359,所羅門,55,16,39,康和-嘉義,2024-06-14,8459
00936,台新永續高息中小,43,5,38,康和-嘉義,2024-06-14,8459
2392,正崴,82,44,38,康和-嘉義,2024-06-14,8459
2812,台中銀,36,0,36,康和-嘉義,2024-06-14,8459
2514,龍邦,55,20,35,康和-嘉義,2024-06-14,8459
2367,燿華,75,42,33,康和-嘉義,2024-06-14,8459
2905,三商,31,0,31,康和-嘉義,2024-06-14,8459
1815,富喬,36,5,31,康和-嘉義,2024-06-14,8459
4160,訊聯基因,31,2,29,康和-嘉義,2024-06-14,8459
2363,矽統,91,63,28,康和-嘉義,2024-06-14,8459
4967,十銓,79,51,28,康和-嘉義,2024-06-14,8459
6695,芯鼎,28,0,28,康和-嘉義,2024-06-14,8459
2353,宏��,75,50,25,康和-嘉義,2024-06-14,8459
00632R,元大台灣50反1,24,0,24,康和-嘉義,2024-06-14,8459
6799,來頡,24,0,24,康和-嘉義,2024-06-14,8459
2105,正新,30,9,21,康和-嘉義,2024-06-14,8459
6689,伊雲谷,21,0,21,康和-嘉義,2024-06-14,8459
1718,中纖,20,0,20,康和-嘉義,2024-06-14,8459
00885,富邦越南,20,0,20,康和-嘉義,2024-06-14,8459
2405,輔信,22,2,20,康和-嘉義,2024-06-14,8459
3071,協禧,20,0,20,康和-嘉義,2024-06-14,8459
3705,永信,19,0,19,康和-嘉義,2024-06-14,8459
1220,台榮,19,0,19,康和-嘉義,2024-06-14,8459
4183,福永生技,18,0,18,康和-嘉義,2024-06-14,8459
1734,杏輝,17,0,17,康和-嘉義,2024-06-14,8459
6285,啟��,18,1,17,康和-嘉義,2024-06-14,8459
1314,中石化,37,21,16,康和-嘉義,2024-06-14,8459
8103,瀚荃,32,16,16,康和-嘉義,2024-06-14,8459
2354,鴻準,55,41,14,康和-嘉義,2024-06-14,8459
6117,迎廣,15,1,14,康和-嘉義,2024-06-14,8459
2609,陽明,153,140,13,康和-嘉義,2024-06-14,8459
00637L,元大滬深300正2,36,23,13,康和-嘉義,2024-06-14,8459
3162,精確,13,0,13,康和-嘉義,2024-06-14,8459
2103,台橡,12,0,12,康和-嘉義,2024-06-14,8459
00931B,統一美債20年,20,8,12,康和-嘉義,2024-06-14,8459
00947,台新臺灣IC設計,12,0,12,康和-嘉義,2024-06-14,8459
1808,潤隆,15,3,12,康和-嘉義,2024-06-14,8459
2352,佳世達,12,0,12,康和-嘉義,2024-06-14,8459
2374,佳能,73,61,12,康和-嘉義,2024-06-14,8459
3374,精材,59,47,12,康和-嘉義,2024-06-14,8459
6546,正基,13,1,12,康和-嘉義,2024-06-14,8459
2002,中鋼,12,1,11,康和-嘉義,2024-06-14,8459
2888,新光金,375,20,355,康和-嘉義,2024-06-17,8459
00937B,群益ESG投等債20,354,101,253,康和-嘉義,2024-06-17,8459
00688L,國泰20年美債正2,221,11,210,康和-嘉義,2024-06-17,8459
1815,富喬,173,41,132,康和-嘉義,2024-06-17,8459
9105,泰金寶-DR,160,41,119,康和-嘉義,2024-06-17,8459
00936,台新永續高息中小,122,30,92,康和-嘉義,2024-06-17,8459
00929,復華台灣科技優息,82,0,82,康和-嘉義,2024-06-17,8459
2464,盟立,133,58,75,康和-嘉義,2024-06-17,8459
2615,萬海,102,30,72,康和-嘉義,2024-06-17,8459
6770,力積電,171,106,65,康和-嘉義,2024-06-17,8459
2515,中工,65,1,64,康和-嘉義,2024-06-17,8459
1802,台玻,134,71,63,康和-嘉義,2024-06-17,8459
3163,波若威,56,4,52,康和-嘉義,2024-06-17,8459
8103,瀚荃,58,8,50,康和-嘉義,2024-06-17,8459
00687B,國泰20年美債,48,0,48,康和-嘉義,2024-06-17,8459
2883B,凱基金乙特,50,5,45,康和-嘉義,2024-06-17,8459
3013,晟銘電,78,35,43,康和-嘉義,2024-06-17,8459
00940,元大台灣價值高息,45,3,42,康和-嘉義,2024-06-17,8459
2637,慧洋-KY,40,0,40,康和-嘉義,2024-06-17,8459
00857B,永豐20年美公債,50,10,40,康和-嘉義,2024-06-17,8459
00918,大華優利高填息30,39,0,39,康和-嘉義,2024-06-17,8459
6216,居易,37,6,31,康和-嘉義,2024-06-17,8459
4167,松瑞藥,32,3,29,康和-嘉義,2024-06-17,8459
00669R,國泰美國道瓊反1,28,0,28,康和-嘉義,2024-06-17,8459
2363,矽統,126,99,27,康和-嘉義,2024-06-17,8459
00947,台新臺灣IC設計,26,0,26,康和-嘉義,2024-06-17,8459
2312,金寶,34,8,26,康和-嘉義,2024-06-17,8459
2897,王道銀行,25,0,25,康和-嘉義,2024-06-17,8459
00919,群益台灣精選高息,27,3,24,康和-嘉義,2024-06-17,8459
3686,達能,25,2,23,康和-嘉義,2024-06-17,8459
5498,凱崴,24,1,23,康和-嘉義,2024-06-17,8459
3356,奇偶,22,0,22,康和-嘉義,2024-06-17,8459
2354,鴻準,28,8,20,康和-嘉義,2024-06-17,8459
2420,新巨,20,0,20,康和-嘉義,2024-06-17,8459
3689,湧德,21,2,19,康和-嘉義,2024-06-17,8459
4979,華星光,20,2,18,康和-嘉義,2024-06-17,8459
1702,南僑,20,2,18,康和-嘉義,2024-06-17,8459
1503,士電,72,55,17,康和-嘉義,2024-06-17,8459
4534,慶騰,24,7,17,康和-嘉義,2024-06-17,8459
1605,華新,31,15,16,康和-嘉義,2024-06-17,8459
5213,亞昕,16,0,16,康和-嘉義,2024-06-17,8459
00878,國泰永續高股息,17,1,16,康和-嘉義,2024-06-17,8459
2486,一詮,53,38,15,康和-嘉義,2024-06-17,8459
2356,英業達,27,12,15,康和-嘉義,2024-06-17,8459
2618,長榮航,31,16,15,康和-嘉義,2024-06-17,8459
2867,三商壽,17,2,15,康和-嘉義,2024-06-17,8459
6548,長科*,15,0,15,康和-嘉義,2024-06-17,8459
1777,生泰,14,0,14,康和-嘉義,2024-06-17,8459
9945,潤泰新,14,0,14,康和-嘉義,2024-06-17,8459
2609,陽明,73,60,13,康和-嘉義,2024-06-17,8459
00929,復華台灣科技優息,138,27,111,康和-嘉義,2024-06-18,8459
5905,南仁湖,93,1,92,康和-嘉義,2024-06-18,8459
3013,晟銘電,83,12,71,康和-嘉義,2024-06-18,8459
1514,亞力,78,21,57,康和-嘉義,2024-06-18,8459
6180,橘子,52,0,52,康和-嘉義,2024-06-18,8459
2332,友訊,55,4,51,康和-嘉義,2024-06-18,8459
00688L,國泰20年美債正2,50,0,50,康和-嘉義,2024-06-18,8459
00937B,群益ESG投等債20,50,3,47,康和-嘉義,2024-06-18,8459
00936,台新永續高息中小,50,5,45,康和-嘉義,2024-06-18,8459
2888,新光金,57,15,42,康和-嘉義,2024-06-18,8459
5490,同亨,62,21,41,康和-嘉義,2024-06-18,8459
00687B,國泰20年美債,41,0,41,康和-嘉義,2024-06-18,8459
5439,高技,40,2,38,康和-嘉義,2024-06-18,8459
2615,萬海,53,17,36,康和-嘉義,2024-06-18,8459
4566,時碩工業,80,44,36,康和-嘉義,2024-06-18,8459
8110,華東,35,1,34,康和-嘉義,2024-06-18,8459
2610,華航,173,140,33,康和-嘉義,2024-06-18,8459
2374,佳能,32,0,32,康和-嘉義,2024-06-18,8459
2331,精英,30,0,30,康和-嘉義,2024-06-18,8459
2485,兆赫,30,0,30,康和-嘉義,2024-06-18,8459
1513,中興電,77,50,27,康和-嘉義,2024-06-18,8459
2515,中工,30,5,25,康和-嘉義,2024-06-18,8459
6951,青新-創,25,0,25,康和-嘉義,2024-06-18,8459
2382,廣達,48,23,25,康和-嘉義,2024-06-18,8459
9105,泰金寶-DR,349,325,24,康和-嘉義,2024-06-18,8459
2939,永邑-KY,24,0,24,康和-嘉義,2024-06-18,8459
4958,臻鼎-KY,33,10,23,康和-嘉義,2024-06-18,8459
4906,正文,52,30,22,康和-嘉義,2024-06-18,8459
8121,越峰,22,0,22,康和-嘉義,2024-06-18,8459
2353,宏��,71,50,21,康和-嘉義,2024-06-18,8459
00637L,元大滬深300正2,420,400,20,康和-嘉義,2024-06-18,8459
00632R,元大台灣50反1,30,10,20,康和-嘉義,2024-06-18,8459
4967,十銓,85,67,18,康和-嘉義,2024-06-18,8459
8277,商丞,20,2,18,康和-嘉義,2024-06-18,8459
2031,新光鋼,17,0,17,康和-嘉義,2024-06-18,8459
00720B,元大投資級公司債,16,0,16,康和-嘉義,2024-06-18,8459
2103,台橡,16,0,16,康和-嘉義,2024-06-18,8459
1503,士電,49,33,16,康和-嘉義,2024-06-18,8459
3686,達能,16,0,16,康和-嘉義,2024-06-18,8459
2377,微星,14,0,14,康和-嘉義,2024-06-18,8459
2892,第一金,15,1,14,康和-嘉義,2024-06-18,8459
1608,華榮,13,0,13,康和-嘉義,2024-06-18,8459
3580,友威科,13,0,13,康和-嘉義,2024-06-18,8459
6462,神盾,14,1,13,康和-嘉義,2024-06-18,8459
3122,笙泉,17,5,12,康和-嘉義,2024-06-18,8459
1519,華城,14,3,11,康和-嘉義,2024-06-18,8459
1784,訊聯,26,15,11,康和-嘉義,2024-06-18,8459
2427,三商電,11,0,11,康和-嘉義,2024-06-18,8459
2301,光寶科,10,0,10,康和-嘉義,2024-06-18,8459
00664R,國泰臺灣加權反1,10,0,10,康和-嘉義,2024-06-18,8459
00933B,國泰10Y+金融債,140,1,139,康和-嘉義,2024-06-19,8459
1314,中石化,115,10,105,康和-嘉義,2024-06-19,8459
00940,元大台灣價值高息,123,47,76,康和-嘉義,2024-06-19,8459
4128,中天,60,1,59,康和-嘉義,2024-06-19,8459
3231,緯創,117,59,58,康和-嘉義,2024-06-19,8459
00632R,元大台灣50反1,58,0,58,康和-嘉義,2024-06-19,8459
00937B,群益ESG投等債20,60,5,55,康和-嘉義,2024-06-19,8459
00712,復華富時不動產,55,6,49,康和-嘉義,2024-06-19,8459
3013,晟銘電,85,38,47,康和-嘉義,2024-06-19,8459
5905,南仁湖,50,3,47,康和-嘉義,2024-06-19,8459
2371,大同,77,32,45,康和-嘉義,2024-06-19,8459
2615,萬海,127,90,37,康和-嘉義,2024-06-19,8459
3308,聯德,34,0,34,康和-嘉義,2024-06-19,8459
1702,南僑,33,0,33,康和-嘉義,2024-06-19,8459
3059,華晶科,35,3,32,康和-嘉義,2024-06-19,8459
2352,佳世達,31,0,31,康和-嘉義,2024-06-19,8459
4157,太景*-KY,30,0,30,康和-嘉義,2024-06-19,8459
1785,光洋科,42,13,29,康和-嘉義,2024-06-19,8459
00936,台新永續高息中小,36,10,26,康和-嘉義,2024-06-19,8459
2376,技嘉,34,9,25,康和-嘉義,2024-06-19,8459
4534,慶騰,41,16,25,康和-嘉義,2024-06-19,8459
1319,東陽,23,0,23,康和-嘉義,2024-06-19,8459
3374,精材,28,6,22,康和-嘉義,2024-06-19,8459
2103,台橡,22,0,22,康和-嘉義,2024-06-19,8459
00946,群益科技高息成長,22,0,22,康和-嘉義,2024-06-19,8459
4160,訊聯基因,27,6,21,康和-嘉義,2024-06-19,8459
6152,百一,21,1,20,康和-嘉義,2024-06-19,8459
4533,協易機,19,1,18,康和-嘉義,2024-06-19,8459
2515,中工,29,12,17,康和-嘉義,2024-06-19,8459
3062,建漢,121,104,17,康和-嘉義,2024-06-19,8459
3481,群創,31,15,16,康和-嘉義,2024-06-19,8459
2314,台揚,21,5,16,康和-嘉義,2024-06-19,8459
2330,台積電,53,38,15,康和-嘉義,2024-06-19,8459
2485,兆赫,15,0,15,康和-嘉義,2024-06-19,8459
5498,凱崴,15,0,15,康和-嘉義,2024-06-19,8459
6197,佳必琪,16,1,15,康和-嘉義,2024-06-19,8459
2328,廣宇,14,0,14,康和-嘉義,2024-06-19,8459
2867,三商壽,14,0,14,康和-嘉義,2024-06-19,8459
6140,訊達,42,28,14,康和-嘉義,2024-06-19,8459
4979,華星光,15,2,13,康和-嘉義,2024-06-19,8459
8110,華東,13,0,13,康和-嘉義,2024-06-19,8459
912000,晨訊科-DR,13,0,13,康和-嘉義,2024-06-19,8459
9945,潤泰新,14,1,13,康和-嘉義,2024-06-19,8459
2353,宏��,73,61,12,康和-嘉義,2024-06-19,8459
00673R,期元大S＆P原油反1,12,0,12,康和-嘉義,2024-06-19,8459
2337,旺宏,14,2,12,康和-嘉義,2024-06-19,8459
2344,華邦電,30,18,12,康和-嘉義,2024-06-19,8459
5457,宣德,15,3,12,康和-嘉義,2024-06-19,8459
6188,廣明,13,1,12,康和-嘉義,2024-06-19,8459
00795B,中信美國公債20年,11,0,11,康和-嘉義,2024-06-19,8459
00632R,元大台灣50反1,1033,0,1033,康和-嘉義,2024-06-20,8459
00940,元大台灣價值高息,311,22,289,康和-嘉義,2024-06-20,8459
1314,中石化,125,0,125,康和-嘉義,2024-06-20,8459
00937B,群益ESG投等債20,97,0,97,康和-嘉義,2024-06-20,8459
00687B,國泰20年美債,84,0,84,康和-嘉義,2024-06-20,8459
2371,大同,125,48,77,康和-嘉義,2024-06-20,8459
2609,陽明,114,41,73,康和-嘉義,2024-06-20,8459
1815,富喬,146,76,70,康和-嘉義,2024-06-20,8459
9105,泰金寶-DR,95,29,66,康和-嘉義,2024-06-20,8459
2317,鴻海,228,162,66,康和-嘉義,2024-06-20,8459
1220,台榮,65,0,65,康和-嘉義,2024-06-20,8459
3047,訊舟,68,14,54,康和-嘉義,2024-06-20,8459
00936,台新永續高息中小,52,0,52,康和-嘉義,2024-06-20,8459
4566,時碩工業,67,16,51,康和-嘉義,2024-06-20,8459
00650L,復華香港正2,50,0,50,康和-嘉義,2024-06-20,8459
2834,臺企銀,57,12,45,康和-嘉義,2024-06-20,8459
2498,宏達電,197,159,38,康和-嘉義,2024-06-20,8459
8105,凌巨,53,17,36,康和-嘉義,2024-06-20,8459
2363,矽統,48,19,29,康和-嘉義,2024-06-20,8459
2344,華邦電,70,42,28,康和-嘉義,2024-06-20,8459
2353,宏��,30,4,26,康和-嘉義,2024-06-20,8459
2374,佳能,31,6,25,康和-嘉義,2024-06-20,8459
2486,一詮,31,7,24,康和-嘉義,2024-06-20,8459
3048,益登,27,5,22,康和-嘉義,2024-06-20,8459
6216,居易,41,20,21,康和-嘉義,2024-06-20,8459
8027,鈦昇,31,10,21,康和-嘉義,2024-06-20,8459
1301,台塑,22,2,20,康和-嘉義,2024-06-20,8459
2492,華新科,20,0,20,康和-嘉義,2024-06-20,8459
2387,精元,20,0,20,康和-嘉義,2024-06-20,8459
2812,台中銀,20,0,20,康和-嘉義,2024-06-20,8459
4157,太景*-KY,20,0,20,康和-嘉義,2024-06-20,8459
2332,友訊,23,5,18,康和-嘉義,2024-06-20,8459
00772B,中信高評級公司債,16,0,16,康和-嘉義,2024-06-20,8459
2405,輔信,20,4,16,康和-嘉義,2024-06-20,8459
6605,帝寶,16,0,16,康和-嘉義,2024-06-20,8459
6695,芯鼎,23,7,16,康和-嘉義,2024-06-20,8459
1503,士電,48,32,16,康和-嘉義,2024-06-20,8459
00679B,元大美債20年,16,1,15,康和-嘉義,2024-06-20,8459
3689,湧德,15,0,15,康和-嘉義,2024-06-20,8459
4977,眾達-KY,15,0,15,康和-嘉義,2024-06-20,8459
6451,訊芯-KY,23,8,15,康和-嘉義,2024-06-20,8459
1777,生泰,14,0,14,康和-嘉義,2024-06-20,8459
9910,豐泰,13,0,13,康和-嘉義,2024-06-20,8459
2464,盟立,17,4,13,康和-嘉義,2024-06-20,8459
2501,國建,13,0,13,康和-嘉義,2024-06-20,8459
2603,長榮,19,6,13,康和-嘉義,2024-06-20,8459
2438,翔耀,12,0,12,康和-嘉義,2024-06-20,8459
6213,聯茂,41,29,12,康和-嘉義,2024-06-20,8459
6492,生華科,15,3,12,康和-嘉義,2024-06-20,8459
6811,宏�硌穈T,12,0,12,康和-嘉義,2024-06-20,8459
00632R,元大台灣50反1,400,61,339,康和-嘉義,2024-06-21,8459
00679B,元大美債20年,177,0,177,康和-嘉義,2024-06-21,8459
00937B,群益ESG投等債20,150,0,150,康和-嘉義,2024-06-21,8459
2409,友達,317,183,134,康和-嘉義,2024-06-21,8459
00946,群益科技高息成長,90,7,83,康和-嘉義,2024-06-21,8459
4526,東台,115,49,66,康和-嘉義,2024-06-21,8459
2405,輔信,78,17,61,康和-嘉義,2024-06-21,8459
2801,彰銀,51,0,51,康和-嘉義,2024-06-21,8459
2897,王道銀行,45,0,45,康和-嘉義,2024-06-21,8459
0056,元大高股息,44,0,44,康和-嘉義,2024-06-21,8459
8096,擎亞,45,3,42,康和-嘉義,2024-06-21,8459
2323,中環,44,5,39,康和-嘉義,2024-06-21,8459
00713,元大台灣高息低波,41,6,35,康和-嘉義,2024-06-21,8459
00919,群益台灣精選高息,54,19,35,康和-嘉義,2024-06-21,8459
00687B,國泰20年美債,35,1,34,康和-嘉義,2024-06-21,8459
1618,合機,38,5,33,康和-嘉義,2024-06-21,8459
1220,台榮,33,0,33,康和-嘉義,2024-06-21,8459
2371,大同,38,7,31,康和-嘉義,2024-06-21,8459
5347,世界,32,1,31,康和-嘉義,2024-06-21,8459
6173,信昌電,105,74,31,康和-嘉義,2024-06-21,8459
2374,佳能,30,3,27,康和-嘉義,2024-06-21,8459
00936,台新永續高息中小,25,0,25,康和-嘉義,2024-06-21,8459
00637L,元大滬深300正2,436,411,25,康和-嘉義,2024-06-21,8459
1784,訊聯,25,0,25,康和-嘉義,2024-06-21,8459
1514,亞力,32,8,24,康和-嘉義,2024-06-21,8459
6451,訊芯-KY,24,1,23,康和-嘉義,2024-06-21,8459
2449,京元電子,23,2,21,康和-嘉義,2024-06-21,8459
00753L,中信中國50正2,20,0,20,康和-嘉義,2024-06-21,8459
2547,日勝生,20,0,20,康和-嘉義,2024-06-21,8459
2349,錸德,33,13,20,康和-嘉義,2024-06-21,8459
1101,台泥,53,35,18,康和-嘉義,2024-06-21,8459
5498,凱崴,21,3,18,康和-嘉義,2024-06-21,8459
2498,宏達電,76,58,18,康和-嘉義,2024-06-21,8459
1503,士電,53,36,17,康和-嘉義,2024-06-21,8459
2887,台新金,31,13,18,康和-嘉義,2024-06-21,8459
3615,安可,20,3,17,康和-嘉義,2024-06-21,8459
3715,定穎投控,17,0,17,康和-嘉義,2024-06-21,8459
8048,德勝,33,16,17,康和-嘉義,2024-06-21,8459
2492,華新科,23,7,16,康和-嘉義,2024-06-21,8459
2002,中鋼,15,1,14,康和-嘉義,2024-06-21,8459
1504,東元,14,0,14,康和-嘉義,2024-06-21,8459
2504,國產,14,0,14,康和-嘉義,2024-06-21,8459
3006,晶豪科,14,0,14,康和-嘉義,2024-06-21,8459
6605,帝寶,14,0,14,康和-嘉義,2024-06-21,8459
8121,越峰,14,0,14,康和-嘉義,2024-06-21,8459
00885,富邦越南,13,0,13,康和-嘉義,2024-06-21,8459
2014,中鴻,13,0,13,康和-嘉義,2024-06-21,8459
2515,中工,21,8,13,康和-嘉義,2024-06-21,8459
1529,樂事綠能,16,4,12,康和-嘉義,2024-06-21,8459
3226,至寶電,12,0,12,康和-嘉義,2024-06-21,8459
2542,興富發,123,3,120,康和-嘉義,2024-06-24,8459
3047,訊舟,92,8,84,康和-嘉義,2024-06-24,8459
5443,均豪,88,21,67,康和-嘉義,2024-06-24,8459
9105,泰金寶-DR,127,64,63,康和-嘉義,2024-06-24,8459
00929,復華台灣科技優息,135,76,59,康和-嘉義,2024-06-24,8459
6116,彩晶,69,18,51,康和-嘉義,2024-06-24,8459
00936,台新永續高息中小,54,5,49,康和-嘉義,2024-06-24,8459
00940,元大台灣價值高息,78,29,49,康和-嘉義,2024-06-24,8459
3062,建漢,359,312,47,康和-嘉義,2024-06-24,8459
6695,芯鼎,46,2,44,康和-嘉義,2024-06-24,8459
2374,佳能,39,1,38,康和-嘉義,2024-06-24,8459
6173,信昌電,100,62,38,康和-嘉義,2024-06-24,8459
2801,彰銀,50,13,37,康和-嘉義,2024-06-24,8459
3483,力致,35,0,35,康和-嘉義,2024-06-24,8459
2365,昆盈,43,11,32,康和-嘉義,2024-06-24,8459
2323,中環,34,3,31,康和-嘉義,2024-06-24,8459
2382,廣達,42,12,30,康和-嘉義,2024-06-24,8459
2332,友訊,30,0,30,康和-嘉義,2024-06-24,8459
1785,光洋科,65,40,25,康和-嘉義,2024-06-24,8459
2330,台積電,26,4,22,康和-嘉義,2024-06-24,8459
3260,威剛,21,0,21,康和-嘉義,2024-06-24,8459
3715,定穎投控,25,4,21,康和-嘉義,2024-06-24,8459
4562,穎漢,21,0,21,康和-嘉義,2024-06-24,8459
6449,鈺邦,27,6,21,康和-嘉義,2024-06-24,8459
00753L,中信中國50正2,20,0,20,康和-嘉義,2024-06-24,8459
00944,野村趨勢動能高息,20,0,20,康和-嘉義,2024-06-24,8459
1316,上曜,20,0,20,康和-嘉義,2024-06-24,8459
1609,大亞,45,26,19,康和-嘉義,2024-06-24,8459
2352,佳世達,20,2,18,康和-嘉義,2024-06-24,8459
2618,長榮航,22,4,18,康和-嘉義,2024-06-24,8459
00637L,元大滬深300正2,20,2,18,康和-嘉義,2024-06-24,8459
3694,海華,18,0,18,康和-嘉義,2024-06-24,8459
2314,台揚,17,0,17,康和-嘉義,2024-06-24,8459
1605,華新,21,5,16,康和-嘉義,2024-06-24,8459
2540,愛山林,16,0,16,康和-嘉義,2024-06-24,8459
3092,鴻碩,16,0,16,康和-嘉義,2024-06-24,8459
6282,康舒,20,4,16,康和-嘉義,2024-06-24,8459
2615,萬海,56,40,16,康和-嘉義,2024-06-24,8459
2883B,凱基金乙特,15,0,15,康和-嘉義,2024-06-24,8459
6216,居易,15,0,15,康和-嘉義,2024-06-24,8459
6292,迅德,15,0,15,康和-嘉義,2024-06-24,8459
6425,易發,15,0,15,康和-嘉義,2024-06-24,8459
1504,東元,19,5,14,康和-嘉義,2024-06-24,8459
6197,佳必琪,34,20,14,康和-嘉義,2024-06-24,8459
1701,中化,15,1,14,康和-嘉義,2024-06-24,8459
1524,耿鼎,13,0,13,康和-嘉義,2024-06-24,8459
8064,東捷,57,44,13,康和-嘉義,2024-06-24,8459
1301,台塑,12,0,12,康和-嘉義,2024-06-24,8459
2504,國產,12,0,12,康和-嘉義,2024-06-24,8459
3033,威健,16,4,12,康和-嘉義,2024-06-24,8459
2888,新光金,514,1,513,康和-嘉義,2024-06-25,8459
3481,群創,375,220,155,康和-嘉義,2024-06-25,8459
2317,鴻海,213,119,94,康和-嘉義,2024-06-25,8459
2609,陽明,136,48,88,康和-嘉義,2024-06-25,8459
1514,亞力,99,14,85,康和-嘉義,2024-06-25,8459
00919,群益台灣精選高息,73,0,73,康和-嘉義,2024-06-25,8459
2303,聯電,69,7,62,康和-嘉義,2024-06-25,8459
00929,復華台灣科技優息,80,24,56,康和-嘉義,2024-06-25,8459
1513,中興電,87,33,54,康和-嘉義,2024-06-25,8459
2409,友達,59,5,54,康和-嘉義,2024-06-25,8459
1714,和桐,52,0,52,康和-嘉義,2024-06-25,8459
2449,京元電子,91,40,51,康和-嘉義,2024-06-25,8459
00688L,國泰20年美債正2,50,0,50,康和-嘉義,2024-06-25,8459
00893,國泰智能電動車,46,0,46,康和-嘉義,2024-06-25,8459
3056,富華新,47,1,46,康和-嘉義,2024-06-25,8459
2374,佳能,100,57,43,康和-嘉義,2024-06-25,8459
4128,中天,40,0,40,康和-嘉義,2024-06-25,8459
00715L,期街口布蘭特正2,40,0,40,康和-嘉義,2024-06-25,8459
2615,萬海,79,40,39,康和-嘉義,2024-06-25,8459
5009,榮剛,46,9,37,康和-嘉義,2024-06-25,8459
1314,中石化,43,9,34,康和-嘉義,2024-06-25,8459
3535,晶彩科,40,7,33,康和-嘉義,2024-06-25,8459
2356,英業達,59,27,32,康和-嘉義,2024-06-25,8459
9945,潤泰新,28,1,27,康和-嘉義,2024-06-25,8459
2002,中鋼,25,1,24,康和-嘉義,2024-06-25,8459
3576,聯合再生,24,0,24,康和-嘉義,2024-06-25,8459
8110,華東,52,29,23,康和-嘉義,2024-06-25,8459
00936,台新永續高息中小,33,10,23,康和-嘉義,2024-06-25,8459
2472,立隆電,29,7,22,康和-嘉義,2024-06-25,8459
3037,欣興,21,0,21,康和-嘉義,2024-06-25,8459
2406,國碩,28,7,21,康和-嘉義,2024-06-25,8459
3029,零壹,25,4,21,康和-嘉義,2024-06-25,8459
2007,燁興,20,0,20,康和-嘉義,2024-06-25,8459
1310,台苯,19,0,19,康和-嘉義,2024-06-25,8459
2438,翔耀,19,0,19,康和-嘉義,2024-06-25,8459
3047,訊舟,37,19,18,康和-嘉義,2024-06-25,8459
2313,華通,26,9,17,康和-嘉義,2024-06-25,8459
1609,大亞,164,148,16,康和-嘉義,2024-06-25,8459
3705,永信,16,0,16,康和-嘉義,2024-06-25,8459
00713,元大台灣高息低波,15,0,15,康和-嘉義,2024-06-25,8459
1611,中電,20,5,15,康和-嘉義,2024-06-25,8459
2444,兆勁,15,0,15,康和-嘉義,2024-06-25,8459
6698,旭暉應材,32,18,14,康和-嘉義,2024-06-25,8459
8096,擎亞,20,6,14,康和-嘉義,2024-06-25,8459
1503,士電,29,16,13,康和-嘉義,2024-06-25,8459
2455,全新,15,2,13,康和-嘉義,2024-06-25,8459
3092,鴻碩,17,5,12,康和-嘉義,2024-06-25,8459
6873,泓德能源,12,0,12,康和-嘉義,2024-06-25,8459
1802,台玻,11,0,11,康和-嘉義,2024-06-25,8459
2801,彰銀,11,0,11,康和-嘉義,2024-06-25,8459
2618,長榮航,3010,1,3009,康和-嘉義,2024-06-26,8459
00940,元大台灣價值高息,251,15,236,康和-嘉義,2024-06-26,8459
2312,金寶,162,21,141,康和-嘉義,2024-06-26,8459
2884,玉山金,115,0,115,康和-嘉義,2024-06-26,8459
00857B,永豐20年美公債,115,1,114,康和-嘉義,2024-06-26,8459
2354,鴻準,114,4,110,康和-嘉義,2024-06-26,8459
2834,臺企銀,83,8,75,康和-嘉義,2024-06-26,8459
8110,華東,109,41,68,康和-嘉義,2024-06-26,8459
1303,南亞,60,2,58,康和-嘉義,2024-06-26,8459
2344,華邦電,55,0,55,康和-嘉義,2024-06-26,8459
2409,友達,54,2,52,康和-嘉義,2024-06-26,8459
1447,力鵬,45,0,45,康和-嘉義,2024-06-26,8459
00937B,群益ESG投等債20,40,0,40,康和-嘉義,2024-06-26,8459
2882,國泰金,47,7,40,康和-嘉義,2024-06-26,8459
1310,台苯,38,0,38,康和-嘉義,2024-06-26,8459
1815,富喬,65,28,37,康和-嘉義,2024-06-26,8459
1795,美時,70,37,33,康和-嘉義,2024-06-26,8459
6695,芯鼎,50,19,31,康和-嘉義,2024-06-26,8459
6806,森崴能源,56,25,31,康和-嘉義,2024-06-26,8459
1905,華紙,30,0,30,康和-嘉義,2024-06-26,8459
1220,台榮,29,0,29,康和-嘉義,2024-06-26,8459
1314,中石化,31,3,28,康和-嘉義,2024-06-26,8459
4168,醣聯,25,0,25,康和-嘉義,2024-06-26,8459
5213,亞昕,26,1,25,康和-嘉義,2024-06-26,8459
4909,新復興,28,4,24,康和-嘉義,2024-06-26,8459
4157,太景*-KY,24,0,24,康和-嘉義,2024-06-26,8459
5452,佶優,50,26,24,康和-嘉義,2024-06-26,8459
2485,兆赫,25,2,23,康和-嘉義,2024-06-26,8459
2537,聯上發,22,0,22,康和-嘉義,2024-06-26,8459
3296,勝德,22,0,22,康和-嘉義,2024-06-26,8459
8996,高力,21,0,21,康和-嘉義,2024-06-26,8459
4714,永捷,21,0,21,康和-嘉義,2024-06-26,8459
5009,榮剛,21,0,21,康和-嘉義,2024-06-26,8459
2002,中鋼,20,0,20,康和-嘉義,2024-06-26,8459
2543,皇昌,20,1,19,康和-嘉義,2024-06-26,8459
00936,台新永續高息中小,18,0,18,康和-嘉義,2024-06-26,8459
1734,杏輝,21,3,18,康和-嘉義,2024-06-26,8459
2352,佳世達,20,2,18,康和-嘉義,2024-06-26,8459
4526,東台,41,24,17,康和-嘉義,2024-06-26,8459
9945,潤泰新,18,1,17,康和-嘉義,2024-06-26,8459
3715,定穎投控,25,9,16,康和-嘉義,2024-06-26,8459
6505,台塑化,16,0,16,康和-嘉義,2024-06-26,8459
2460,建通,15,0,15,康和-嘉義,2024-06-26,8459
2313,華通,39,25,14,康和-嘉義,2024-06-26,8459
1532,勤美,14,0,14,康和-嘉義,2024-06-26,8459
1560,中砂,15,1,14,康和-嘉義,2024-06-26,8459
6117,迎廣,17,3,14,康和-嘉義,2024-06-26,8459
9105,泰金寶-DR,15,1,14,康和-嘉義,2024-06-26,8459
3483,力致,13,1,12,康和-嘉義,2024-06-26,8459
2374,佳能,59,47,12,康和-嘉義,2024-06-26,8459
2618,長榮航,737,38,699,康和-嘉義,2024-06-27,8459
3481,群創,411,174,237,康和-嘉義,2024-06-27,8459
2610,華航,233,65,168,康和-嘉義,2024-06-27,8459
00679B,元大美債20年,151,0,151,康和-嘉義,2024-06-27,8459
9105,泰金寶-DR,130,5,125,康和-嘉義,2024-06-27,8459
00929,復華台灣科技優息,100,1,99,康和-嘉義,2024-06-27,8459
2888,新光金,93,1,92,康和-嘉義,2024-06-27,8459
00940,元大台灣價值高息,87,1,86,康和-嘉義,2024-06-27,8459
1513,中興電,80,5,75,康和-嘉義,2024-06-27,8459
4167,松瑞藥,123,60,63,康和-嘉義,2024-06-27,8459
3047,訊舟,100,38,62,康和-嘉義,2024-06-27,8459
00936,台新永續高息中小,54,0,54,康和-嘉義,2024-06-27,8459
1310,台苯,50,0,50,康和-嘉義,2024-06-27,8459
00937B,群益ESG投等債20,151,101,50,康和-嘉義,2024-06-27,8459
2885,元大金,49,0,49,康和-嘉義,2024-06-27,8459
2317,鴻海,73,26,47,康和-嘉義,2024-06-27,8459
00878,國泰永續高股息,48,1,47,康和-嘉義,2024-06-27,8459
2485,兆赫,45,0,45,康和-嘉義,2024-06-27,8459
00650L,復華香港正2,43,0,43,康和-嘉義,2024-06-27,8459
1609,大亞,101,58,43,康和-嘉義,2024-06-27,8459
2367,燿華,46,4,42,康和-嘉義,2024-06-27,8459
2328,廣宇,42,1,41,康和-嘉義,2024-06-27,8459
1714,和桐,40,0,40,康和-嘉義,2024-06-27,8459
1785,光洋科,78,41,37,康和-嘉義,2024-06-27,8459
2002,中鋼,36,1,35,康和-嘉義,2024-06-27,8459
5210,寶碩,35,0,35,康和-嘉義,2024-06-27,8459
2371,大同,35,3,32,康和-嘉義,2024-06-27,8459
3150,鈺寶-創,30,0,30,康和-嘉義,2024-06-27,8459
00919,群益台灣精選高息,30,1,29,康和-嘉義,2024-06-27,8459
6197,佳必琪,28,0,28,康和-嘉義,2024-06-27,8459
00687B,國泰20年美債,29,1,28,康和-嘉義,2024-06-27,8459
1540,喬福,26,0,26,康和-嘉義,2024-06-27,8459
00795B,中信美國公債20年,25,0,25,康和-嘉義,2024-06-27,8459
2344,華邦電,25,1,24,康和-嘉義,2024-06-27,8459
3338,泰碩,29,8,21,康和-嘉義,2024-06-27,8459
2103,台橡,20,0,20,康和-嘉義,2024-06-27,8459
911868,同方友友-DR,20,0,20,康和-嘉義,2024-06-27,8459
2352,佳世達,31,12,19,康和-嘉義,2024-06-27,8459
3663,鑫科,73,54,19,康和-嘉義,2024-06-27,8459
3227,原相,23,5,18,康和-嘉義,2024-06-27,8459
4908,前鼎,27,9,18,康和-嘉義,2024-06-27,8459
3265,台星科,16,0,16,康和-嘉義,2024-06-27,8459
3712,永崴投控,22,6,16,康和-嘉義,2024-06-27,8459
1301,台塑,16,1,15,康和-嘉義,2024-06-27,8459
00931B,統一美債20年,15,0,15,康和-嘉義,2024-06-27,8459
00712,復華富時不動產,15,0,15,康和-嘉義,2024-06-27,8459
2897,王道銀行,15,0,15,康和-嘉義,2024-06-27,8459
3167,大量,15,0,15,康和-嘉義,2024-06-27,8459
3305,昇貿,16,1,15,康和-嘉義,2024-06-27,8459
8076,伍豐,81,66,15,康和-嘉義,2024-06-27,8459
00673R,期元大S＆P原油反1,577,0,577,康和-嘉義,2024-06-28,8459
2303,聯電,85,5,80,康和-嘉義,2024-06-28,8459
1781,合世,55,0,55,康和-嘉義,2024-06-28,8459
2476,鉅祥,51,1,50,康和-嘉義,2024-06-28,8459
1785,光洋科,117,71,46,康和-嘉義,2024-06-28,8459
3576,聯合再生,110,65,45,康和-嘉義,2024-06-28,8459
00936,台新永續高息中小,41,0,41,康和-嘉義,2024-06-28,8459
4566,時碩工業,41,5,36,康和-嘉義,2024-06-28,8459
2464,盟立,47,11,36,康和-嘉義,2024-06-28,8459
3312,弘憶股,152,119,33,康和-嘉義,2024-06-28,8459
1503,士電,29,2,27,康和-嘉義,2024-06-28,8459
2883,凱基金,26,0,26,康和-嘉義,2024-06-28,8459
3663,鑫科,39,13,26,康和-嘉義,2024-06-28,8459
2405,輔信,32,7,25,康和-嘉義,2024-06-28,8459
2406,國碩,61,36,25,康和-嘉義,2024-06-28,8459
911868,同方友友-DR,25,0,25,康和-嘉義,2024-06-28,8459
9945,潤泰新,24,2,22,康和-嘉義,2024-06-28,8459
1815,富喬,150,129,21,康和-嘉義,2024-06-28,8459
4157,太景*-KY,20,0,20,康和-嘉義,2024-06-28,8459
4977,眾達-KY,21,1,20,康和-嘉義,2024-06-28,8459
6901,鑽石投資,21,1,20,康和-嘉義,2024-06-28,8459
8096,擎亞,20,0,20,康和-嘉義,2024-06-28,8459
1795,美時,44,25,19,康和-嘉義,2024-06-28,8459
2313,華通,49,30,19,康和-嘉義,2024-06-28,8459
2520,冠德,19,1,18,康和-嘉義,2024-06-28,8459
00937B,群益ESG投等債20,26,9,17,康和-嘉義,2024-06-28,8459
4128,中天,17,1,16,康和-嘉義,2024-06-28,8459
2351,順德,21,6,15,康和-嘉義,2024-06-28,8459
2883B,凱基金乙特,15,0,15,康和-嘉義,2024-06-28,8459
2352,佳世達,14,1,13,康和-嘉義,2024-06-28,8459
2354,鴻準,50,37,13,康和-嘉義,2024-06-28,8459
3050,鈺德,16,3,13,康和-嘉義,2024-06-28,8459
6806,森崴能源,15,2,13,康和-嘉義,2024-06-28,8459
2314,台揚,12,0,12,康和-嘉義,2024-06-28,8459
2337,旺宏,13,1,12,康和-嘉義,2024-06-28,8459
2465,麗臺,13,1,12,康和-嘉義,2024-06-28,8459
4743,合一,14,2,12,康和-嘉義,2024-06-28,8459
6589,台康生技,12,0,12,康和-嘉義,2024-06-28,8459
00687B,國泰20年美債,11,0,11,康和-嘉義,2024-06-28,8459
00772B,中信高評級公司債,10,0,10,康和-嘉義,2024-06-28,8459
00931B,統一美債20年,10,0,10,康和-嘉義,2024-06-28,8459
1570,力肯,10,0,10,康和-嘉義,2024-06-28,8459
2376,技嘉,15,5,10,康和-嘉義,2024-06-28,8459
2412,中華電,10,0,10,康和-嘉義,2024-06-28,8459
4306,炎洲,10,0,10,康和-嘉義,2024-06-28,8459
4973,廣穎,10,0,10,康和-嘉義,2024-06-28,8459
5009,榮剛,10,0,10,康和-嘉義,2024-06-28,8459
5371,中光電,14,4,10,康和-嘉義,2024-06-28,8459
5469,瀚宇博,10,0,10,康和-嘉義,2024-06-28,8459
6197,佳必琪,11,1,10,康和-嘉義,2024-06-28,8459
00937B,群益ESG投等債20,260,5,255,康和-嘉義,2024-07-01,8459
00933B,國泰10Y+金融債,200,0,200,康和-嘉義,2024-07-01,8459
6901,鑽石投資,192,12,180,康和-嘉義,2024-07-01,8459
00679B,元大美債20年,139,0,139,康和-嘉義,2024-07-01,8459
2349,錸德,145,19,126,康和-嘉義,2024-07-01,8459
00940,元大台灣價值高息,156,36,120,康和-嘉義,2024-07-01,8459
2353,宏��,126,7,119,康和-嘉義,2024-07-01,8459
3481,群創,112,22,90,康和-嘉義,2024-07-01,8459
00946,群益科技高息成長,79,0,79,康和-嘉義,2024-07-01,8459
2547,日勝生,70,0,70,康和-嘉義,2024-07-01,8459
2303,聯電,86,31,55,康和-嘉義,2024-07-01,8459
1442,名軒,50,0,50,康和-嘉義,2024-07-01,8459
8028,昇陽半導體,82,32,50,康和-嘉義,2024-07-01,8459
0056,元大高股息,49,0,49,康和-嘉義,2024-07-01,8459
2313,華通,65,18,47,康和-嘉義,2024-07-01,8459
2103,台橡,45,0,45,康和-嘉義,2024-07-01,8459
00687B,國泰20年美債,44,1,43,康和-嘉義,2024-07-01,8459
5498,凱崴,53,10,43,康和-嘉義,2024-07-01,8459
2374,佳能,48,7,41,康和-嘉義,2024-07-01,8459
4714,永捷,41,0,41,康和-嘉義,2024-07-01,8459
3450,聯鈞,58,18,40,康和-嘉義,2024-07-01,8459
2409,友達,34,0,34,康和-嘉義,2024-07-01,8459
2486,一詮,34,2,32,康和-嘉義,2024-07-01,8459
2482,連宇,31,0,31,康和-嘉義,2024-07-01,8459
6615,慧智,30,0,30,康和-嘉義,2024-07-01,8459
6197,佳必琪,39,12,27,康和-嘉義,2024-07-01,8459
2352,佳世達,32,6,26,康和-嘉義,2024-07-01,8459
5439,高技,28,2,26,康和-嘉義,2024-07-01,8459
6290,良維,33,7,26,康和-嘉義,2024-07-01,8459
1612,宏泰,26,4,22,康和-嘉義,2024-07-01,8459
4979,華星光,22,0,22,康和-嘉義,2024-07-01,8459
6895,宏碩系統,22,0,22,康和-嘉義,2024-07-01,8459
1609,大亞,37,16,21,康和-嘉義,2024-07-01,8459
3706,神達,21,0,21,康和-嘉義,2024-07-01,8459
00948B,中信優息投資級債,21,0,21,康和-嘉義,2024-07-01,8459
2030,彰源,20,0,20,康和-嘉義,2024-07-01,8459
3296,勝德,20,0,20,康和-嘉義,2024-07-01,8459
5289,宜鼎,21,1,20,康和-嘉義,2024-07-01,8459
2540,愛山林,21,2,19,康和-嘉義,2024-07-01,8459
3491,昇達科,21,2,19,康和-嘉義,2024-07-01,8459
6177,達麗,24,5,19,康和-嘉義,2024-07-01,8459
1785,光洋科,72,55,17,康和-嘉義,2024-07-01,8459
2367,燿華,36,19,17,康和-嘉義,2024-07-01,8459
4167,松瑞藥,67,50,17,康和-嘉義,2024-07-01,8459
6753,龍德造船,39,22,17,康和-嘉義,2024-07-01,8459
00929,復華台灣科技優息,18,2,16,康和-嘉義,2024-07-01,8459
2371,大同,26,10,16,康和-嘉義,2024-07-01,8459
00936,台新永續高息中小,16,0,16,康和-嘉義,2024-07-01,8459
00753L,中信中國50正2,15,0,15,康和-嘉義,2024-07-01,8459
4174,浩鼎,15,0,15,康和-嘉義,2024-07-01,8459
00673R,期元大S＆P原油反1,916,0,916,康和-嘉義,2024-07-02,8459
9105,泰金寶-DR,472,5,467,康和-嘉義,2024-07-02,8459
2888,新光金,466,30,436,康和-嘉義,2024-07-02,8459
00929,復華台灣科技優息,249,23,226,康和-嘉義,2024-07-02,8459
2303,聯電,165,55,110,康和-嘉義,2024-07-02,8459
00934,中信成長高股息,108,0,108,康和-嘉義,2024-07-02,8459
00940,元大台灣價值高息,92,2,90,康和-嘉義,2024-07-02,8459
2610,華航,300,211,89,康和-嘉義,2024-07-02,8459
6443,元晶,224,136,88,康和-嘉義,2024-07-02,8459
2317,鴻海,174,93,81,康和-嘉義,2024-07-02,8459
8064,東捷,106,28,78,康和-嘉義,2024-07-02,8459
2406,國碩,178,100,78,康和-嘉義,2024-07-02,8459
2402,毅嘉,115,47,68,康和-嘉義,2024-07-02,8459
00936,台新永續高息中小,72,7,65,康和-嘉義,2024-07-02,8459
1514,亞力,70,6,64,康和-嘉義,2024-07-02,8459
00937B,群益ESG投等債20,63,0,63,康和-嘉義,2024-07-02,8459
2103,台橡,52,2,50,康和-嘉義,2024-07-02,8459
00679B,元大美債20年,45,0,45,康和-嘉義,2024-07-02,8459
2002,中鋼,44,0,44,康和-嘉義,2024-07-02,8459
2449,京元電子,42,0,42,康和-嘉義,2024-07-02,8459
00687B,國泰20年美債,40,0,40,康和-嘉義,2024-07-02,8459
1618,合機,38,0,38,康和-嘉義,2024-07-02,8459
1326,台化,39,2,37,康和-嘉義,2024-07-02,8459
1784,訊聯,104,69,35,康和-嘉義,2024-07-02,8459
3481,群創,50,16,34,康和-嘉義,2024-07-02,8459
2353,宏��,35,2,33,康和-嘉義,2024-07-02,8459
3150,鈺寶-創,32,0,32,康和-嘉義,2024-07-02,8459
00857B,永豐20年美公債,30,0,30,康和-嘉義,2024-07-02,8459
00933B,國泰10Y+金融債,30,0,30,康和-嘉義,2024-07-02,8459
00927,群益半導體收益,29,0,29,康和-嘉義,2024-07-02,8459
00948B,中信優息投資級債,27,0,27,康和-嘉義,2024-07-02,8459
6285,啟��,39,12,27,康和-嘉義,2024-07-02,8459
3535,晶彩科,148,122,26,康和-嘉義,2024-07-02,8459
4157,太景*-KY,30,4,26,康和-嘉義,2024-07-02,8459
5498,凱崴,26,0,26,康和-嘉義,2024-07-02,8459
6112,邁達特,25,0,25,康和-嘉義,2024-07-02,8459
2354,鴻準,45,20,25,康和-嘉義,2024-07-02,8459
2883,凱基金,31,7,24,康和-嘉義,2024-07-02,8459
3231,緯創,33,12,21,康和-嘉義,2024-07-02,8459
4909,新復興,28,7,21,康和-嘉義,2024-07-02,8459
9945,潤泰新,21,0,21,康和-嘉義,2024-07-02,8459
00772B,中信高評級公司債,20,0,20,康和-嘉義,2024-07-02,8459
1532,勤美,20,0,20,康和-嘉義,2024-07-02,8459
4968,立積,30,11,19,康和-嘉義,2024-07-02,8459
6806,森崴能源,49,30,19,康和-嘉義,2024-07-02,8459
1310,台苯,18,0,18,康和-嘉義,2024-07-02,8459
6163,華電網,40,22,18,康和-嘉義,2024-07-02,8459
0056,元大高股息,20,3,17,康和-嘉義,2024-07-02,8459
2323,中環,51,34,17,康和-嘉義,2024-07-02,8459
2365,昆盈,90,74,16,康和-嘉義,2024-07-02,8459
2323,中環,580,340,240,康和-嘉義,2024-07-03,8459
00940,元大台灣價值高息,97,9,88,康和-嘉義,2024-07-03,8459
2344,華邦電,91,13,78,康和-嘉義,2024-07-03,8459
6116,彩晶,73,0,73,康和-嘉義,2024-07-03,8459
2615,萬海,84,20,64,康和-嘉義,2024-07-03,8459
2887,台新金,75,14,61,康和-嘉義,2024-07-03,8459
6901,鑽石投資,54,1,53,康和-嘉義,2024-07-03,8459
4562,穎漢,61,9,52,康和-嘉義,2024-07-03,8459
4726,永昕,56,6,50,康和-嘉義,2024-07-03,8459
2365,昆盈,235,186,49,康和-嘉義,2024-07-03,8459
1447,力鵬,46,0,46,康和-嘉義,2024-07-03,8459
1784,訊聯,50,6,44,康和-嘉義,2024-07-03,8459
00934,中信成長高股息,44,1,43,康和-嘉義,2024-07-03,8459
5443,均豪,167,127,40,康和-嘉義,2024-07-03,8459
1815,富喬,163,126,37,康和-嘉義,2024-07-03,8459
3047,訊舟,99,62,37,康和-嘉義,2024-07-03,8459
2405,輔信,100,64,36,康和-嘉義,2024-07-03,8459
6477,安集,36,0,36,康和-嘉義,2024-07-03,8459
00679B,元大美債20年,33,0,33,康和-嘉義,2024-07-03,8459
2609,陽明,76,43,33,康和-嘉義,2024-07-03,8459
2408,南亞科,54,22,32,康和-嘉義,2024-07-03,8459
2412,中華電,33,1,32,康和-嘉義,2024-07-03,8459
2103,台橡,31,0,31,康和-嘉義,2024-07-03,8459
2371,大同,33,2,31,康和-嘉義,2024-07-03,8459
4306,炎洲,30,0,30,康和-嘉義,2024-07-03,8459
2317,鴻海,60,30,30,康和-嘉義,2024-07-03,8459
00936,台新永續高息中小,37,10,27,康和-嘉義,2024-07-03,8459
2332,友訊,46,19,27,康和-嘉義,2024-07-03,8459
2906,高林,30,3,27,康和-嘉義,2024-07-03,8459
2883B,凱基金乙特,25,0,25,康和-嘉義,2024-07-03,8459
4714,永捷,51,26,25,康和-嘉義,2024-07-03,8459
6244,茂迪,62,38,24,康和-嘉義,2024-07-03,8459
2367,燿華,96,73,23,康和-嘉義,2024-07-03,8459
00687B,國泰20年美債,22,0,22,康和-嘉義,2024-07-03,8459
1477,聚陽,37,16,21,康和-嘉義,2024-07-03,8459
1608,華榮,78,57,21,康和-嘉義,2024-07-03,8459
4114,健喬,21,0,21,康和-嘉義,2024-07-03,8459
1725,元禎,21,2,19,康和-嘉義,2024-07-03,8459
3062,建漢,25,6,19,康和-嘉義,2024-07-03,8459
6219,富旺,19,0,19,康和-嘉義,2024-07-03,8459
3663,鑫科,33,15,18,康和-嘉義,2024-07-03,8459
00680L,元大美債20正2,18,0,18,康和-嘉義,2024-07-03,8459
6005,群益證,20,2,18,康和-嘉義,2024-07-03,8459
6126,信音,20,2,18,康和-嘉義,2024-07-03,8459
6282,康舒,31,13,18,康和-嘉義,2024-07-03,8459
8076,伍豐,32,14,18,康和-嘉義,2024-07-03,8459
5011,久陽,17,0,17,康和-嘉義,2024-07-03,8459
2359,所羅門,43,28,15,康和-嘉義,2024-07-03,8459
2349,錸德,32,17,15,康和-嘉義,2024-07-03,8459
1531,高林股,15,0,15,康和-嘉義,2024-07-03,8459
2881,富邦金,943,2,941,康和-嘉義,2024-07-04,8459
6443,元晶,170,30,140,康和-嘉義,2024-07-04,8459
00632R,元大台灣50反1,138,0,138,康和-嘉義,2024-07-04,8459
1514,亞力,155,56,99,康和-嘉義,2024-07-04,8459
9105,泰金寶-DR,146,52,94,康和-嘉義,2024-07-04,8459
1609,大亞,89,19,70,康和-嘉義,2024-07-04,8459
5347,世界,62,0,62,康和-嘉義,2024-07-04,8459
2495,普安,114,58,56,康和-嘉義,2024-07-04,8459
00940,元大台灣價值高息,77,23,54,康和-嘉義,2024-07-04,8459
00937B,群益ESG投等債20,53,0,53,康和-嘉義,2024-07-04,8459
1513,中興電,218,174,44,康和-嘉義,2024-07-04,8459
2103,台橡,49,6,43,康和-嘉義,2024-07-04,8459
2406,國碩,56,14,42,康和-嘉義,2024-07-04,8459
3576,聯合再生,57,19,38,康和-嘉義,2024-07-04,8459
3013,晟銘電,44,12,32,康和-嘉義,2024-07-04,8459
00933B,國泰10Y+金融債,30,0,30,康和-嘉義,2024-07-04,8459
2888B,新光金乙特,30,0,30,康和-嘉義,2024-07-04,8459
4207,環泰,30,0,30,康和-嘉義,2024-07-04,8459
2834,臺企銀,43,13,30,康和-嘉義,2024-07-04,8459
1216,統一,30,1,29,康和-嘉義,2024-07-04,8459
4526,東台,35,6,29,康和-嘉義,2024-07-04,8459
2324,仁寶,26,0,26,康和-嘉義,2024-07-04,8459
3312,弘憶股,117,91,26,康和-嘉義,2024-07-04,8459
3481,群創,270,245,25,康和-嘉義,2024-07-04,8459
2609,陽明,25,0,25,康和-嘉義,2024-07-04,8459
2444,兆勁,24,0,24,康和-嘉義,2024-07-04,8459
6806,森崴能源,26,2,24,康和-嘉義,2024-07-04,8459
6153,嘉聯益,24,1,23,康和-嘉義,2024-07-04,8459
2637,慧洋-KY,25,3,22,康和-嘉義,2024-07-04,8459
3663,鑫科,50,28,22,康和-嘉義,2024-07-04,8459
8163,達方,22,0,22,康和-嘉義,2024-07-04,8459
00936,台新永續高息中小,32,10,22,康和-嘉義,2024-07-04,8459
3048,益登,21,0,21,康和-嘉義,2024-07-04,8459
4306,炎洲,27,6,21,康和-嘉義,2024-07-04,8459
2002,中鋼,23,2,21,康和-嘉義,2024-07-04,8459
8104,錸寶,22,1,21,康和-嘉義,2024-07-04,8459
6139,亞翔,28,8,20,康和-嘉義,2024-07-04,8459
3189,景碩,20,0,20,康和-嘉義,2024-07-04,8459
6188,廣明,30,10,20,康和-嘉義,2024-07-04,8459
8110,華東,31,11,20,康和-嘉義,2024-07-04,8459
8358,金居,19,0,19,康和-嘉義,2024-07-04,8459
2412,中華電,28,10,18,康和-嘉義,2024-07-04,8459
3374,精材,49,31,18,康和-嘉義,2024-07-04,8459
00929,復華台灣科技優息,23,5,18,康和-嘉義,2024-07-04,8459
3231,緯創,23,6,17,康和-嘉義,2024-07-04,8459
6770,力積電,19,2,17,康和-嘉義,2024-07-04,8459
3092,鴻碩,21,4,17,康和-嘉義,2024-07-04,8459
5371,中光電,21,4,17,康和-嘉義,2024-07-04,8459
3591,艾笛森,16,0,16,康和-嘉義,2024-07-04,8459
8215,明基材,16,0,16,康和-嘉義,2024-07-04,8459
3576,聯合再生,264,89,175,康和-嘉義,2024-07-05,8459
6443,元晶,335,170,165,康和-嘉義,2024-07-05,8459
2301,光寶科,157,9,148,康和-嘉義,2024-07-05,8459
00637L,元大滬深300正2,705,600,105,康和-嘉義,2024-07-05,8459
2312,金寶,77,9,68,康和-嘉義,2024-07-05,8459
2618,長榮航,88,26,62,康和-嘉義,2024-07-05,8459
2323,中環,255,200,55,康和-嘉義,2024-07-05,8459
5498,凱崴,67,14,53,康和-嘉義,2024-07-05,8459
2313,華通,76,25,51,康和-嘉義,2024-07-05,8459
1444,力麗,81,33,48,康和-嘉義,2024-07-05,8459
8064,東捷,129,82,47,康和-嘉義,2024-07-05,8459
9105,泰金寶-DR,101,54,47,康和-嘉義,2024-07-05,8459
3450,聯鈞,114,68,46,康和-嘉義,2024-07-05,8459
1734,杏輝,46,1,45,康和-嘉義,2024-07-05,8459
2349,錸德,49,9,40,康和-嘉義,2024-07-05,8459
2406,國碩,90,51,39,康和-嘉義,2024-07-05,8459
2317,鴻海,63,30,33,康和-嘉義,2024-07-05,8459
8092,建暐,48,16,32,康和-嘉義,2024-07-05,8459
1815,富喬,126,95,31,康和-嘉義,2024-07-05,8459
2467,志聖,62,31,31,康和-嘉義,2024-07-05,8459
3062,建漢,47,16,31,康和-嘉義,2024-07-05,8459
4968,立積,56,25,31,康和-嘉義,2024-07-05,8459
3593,力銘,30,0,30,康和-嘉義,2024-07-05,8459
2371,大同,43,16,27,康和-嘉義,2024-07-05,8459
2344,華邦電,31,5,26,康和-嘉義,2024-07-05,8459
3706,神達,44,18,26,康和-嘉義,2024-07-05,8459
6207,雷科,122,96,26,康和-嘉義,2024-07-05,8459
00929,復華台灣科技優息,39,13,26,康和-嘉義,2024-07-05,8459
00687B,國泰20年美債,26,1,25,康和-嘉義,2024-07-05,8459
3390,旭軟,30,5,25,康和-嘉義,2024-07-05,8459
2103,台橡,62,38,24,康和-嘉義,2024-07-05,8459
8011,台通,23,0,23,康和-嘉義,2024-07-05,8459
2485,兆赫,49,26,23,康和-嘉義,2024-07-05,8459
2392,正崴,58,36,22,康和-嘉義,2024-07-05,8459
1447,力鵬,20,0,20,康和-嘉義,2024-07-05,8459
2515,中工,21,1,20,康和-嘉義,2024-07-05,8459
3163,波若威,37,17,20,康和-嘉義,2024-07-05,8459
4167,松瑞藥,21,1,20,康和-嘉義,2024-07-05,8459
5426,振發,20,0,20,康和-嘉義,2024-07-05,8459
00934,中信成長高股息,20,0,20,康和-嘉義,2024-07-05,8459
2867,三商壽,25,6,19,康和-嘉義,2024-07-05,8459
6234,高僑,20,1,19,康和-嘉義,2024-07-05,8459
4306,炎洲,19,0,19,康和-嘉義,2024-07-05,8459
2489,瑞軒,27,10,17,康和-嘉義,2024-07-05,8459
2337,旺宏,18,2,16,康和-嘉義,2024-07-05,8459
2884,玉山金,20,4,16,康和-嘉義,2024-07-05,8459
1303,南亞,18,2,16,康和-嘉義,2024-07-05,8459
00949,復華日本龍頭,15,0,15,康和-嘉義,2024-07-05,8459
2516,新建,15,0,15,康和-嘉義,2024-07-05,8459
2606,裕民,15,0,15,康和-嘉義,2024-07-05,8459
2312,金寶,300,1,299,康和-嘉義,2024-07-08,8459
00687B,國泰20年美債,200,0,200,康和-嘉義,2024-07-08,8459
2883,凱基金,151,26,125,康和-嘉義,2024-07-08,8459
2356,英業達,122,2,120,康和-嘉義,2024-07-08,8459
00725B,國泰投資級公司債,110,0,110,康和-嘉義,2024-07-08,8459
00940,元大台灣價值高息,135,26,109,康和-嘉義,2024-07-08,8459
00934,中信成長高股息,108,0,108,康和-嘉義,2024-07-08,8459
3062,建漢,138,39,99,康和-嘉義,2024-07-08,8459
3710,連展投控,100,6,94,康和-嘉義,2024-07-08,8459
2417,圓剛,86,2,84,康和-嘉義,2024-07-08,8459
1785,光洋科,155,76,79,康和-嘉義,2024-07-08,8459
2888,新光金,301,229,72,康和-嘉義,2024-07-08,8459
8110,華東,65,1,64,康和-嘉義,2024-07-08,8459
3167,大量,55,0,55,康和-嘉義,2024-07-08,8459
6153,嘉聯益,68,13,55,康和-嘉義,2024-07-08,8459
1727,中華化,54,0,54,康和-嘉義,2024-07-08,8459
6770,力積電,55,3,52,康和-嘉義,2024-07-08,8459
2618,長榮航,65,14,51,康和-嘉義,2024-07-08,8459
4906,正文,50,2,48,康和-嘉義,2024-07-08,8459
2303,聯電,218,174,44,康和-嘉義,2024-07-08,8459
2313,華通,160,119,41,康和-嘉義,2024-07-08,8459
6873,泓德能源,38,0,38,康和-嘉義,2024-07-08,8459
4306,炎洲,61,24,37,康和-嘉義,2024-07-08,8459
3149,正達,37,0,37,康和-嘉義,2024-07-08,8459
1303,南亞,37,2,35,康和-嘉義,2024-07-08,8459
2228,劍麟,35,0,35,康和-嘉義,2024-07-08,8459
00632R,元大台灣50反1,33,0,33,康和-嘉義,2024-07-08,8459
6505,台塑化,31,0,31,康和-嘉義,2024-07-08,8459
6133,金橋,30,0,30,康和-嘉義,2024-07-08,8459
6179,亞通,30,1,29,康和-嘉義,2024-07-08,8459
2444,兆勁,27,0,27,康和-嘉義,2024-07-08,8459
6278,台表科,42,15,27,康和-嘉義,2024-07-08,8459
2801,彰銀,25,1,24,康和-嘉義,2024-07-08,8459
3419,譁裕,24,0,24,康和-嘉義,2024-07-08,8459
2427,三商電,23,0,23,康和-嘉義,2024-07-08,8459
3033,威健,54,31,23,康和-嘉義,2024-07-08,8459
6120,達運,23,0,23,康和-嘉義,2024-07-08,8459
6217,中探針,23,1,22,康和-嘉義,2024-07-08,8459
8067,志旭,22,0,22,康和-嘉義,2024-07-08,8459
2834,臺企銀,30,9,21,康和-嘉義,2024-07-08,8459
2317,鴻海,119,98,21,康和-嘉義,2024-07-08,8459
3652,精聯,20,0,20,康和-嘉義,2024-07-08,8459
4513,福裕,20,0,20,康和-嘉義,2024-07-08,8459
2449,京元電子,48,28,20,康和-嘉義,2024-07-08,8459
2867,三商壽,19,0,19,康和-嘉義,2024-07-08,8459
4977,眾達-KY,18,0,18,康和-嘉義,2024-07-08,8459
1609,大亞,23,5,18,康和-嘉義,2024-07-08,8459
2641,正德,17,0,17,康和-嘉義,2024-07-08,8459
2337,旺宏,35,19,16,康和-嘉義,2024-07-08,8459
2387,精元,20,4,16,康和-嘉義,2024-07-08,8459
2312,金寶,1273,198,1075,康和-嘉義,2024-07-09,8459
2888,新光金,1091,481,610,康和-嘉義,2024-07-09,8459
2323,中環,130,3,127,康和-嘉義,2024-07-09,8459
2801,彰銀,127,6,121,康和-嘉義,2024-07-09,8459
1784,訊聯,98,1,97,康和-嘉義,2024-07-09,8459
2103,台橡,84,0,84,康和-嘉義,2024-07-09,8459
2543,皇昌,82,5,77,康和-嘉義,2024-07-09,8459
1514,亞力,81,12,69,康和-嘉義,2024-07-09,8459
4714,永捷,66,0,66,康和-嘉義,2024-07-09,8459
00878,國泰永續高股息,62,0,62,康和-嘉義,2024-07-09,8459
00937B,群益ESG投等債20,66,5,61,康和-嘉義,2024-07-09,8459
2405,輔信,149,92,57,康和-嘉義,2024-07-09,8459
4306,炎洲,68,12,56,康和-嘉義,2024-07-09,8459
1513,中興電,81,25,56,康和-嘉義,2024-07-09,8459
00936,台新永續高息中小,53,0,53,康和-嘉義,2024-07-09,8459
5475,德宏,51,0,51,康和-嘉義,2024-07-09,8459
5371,中光電,88,37,51,康和-嘉義,2024-07-09,8459
00933B,國泰10Y+金融債,60,18,42,康和-嘉義,2024-07-09,8459
1314,中石化,46,5,41,康和-嘉義,2024-07-09,8459
6806,森崴能源,48,7,41,康和-嘉義,2024-07-09,8459
3231,緯創,58,18,40,康和-嘉義,2024-07-09,8459
3576,聯合再生,56,16,40,康和-嘉義,2024-07-09,8459
1618,合機,90,53,37,康和-嘉義,2024-07-09,8459
4533,協易機,99,63,36,康和-嘉義,2024-07-09,8459
00927,群益半導體收益,35,0,35,康和-嘉義,2024-07-09,8459
1734,杏輝,34,0,34,康和-嘉義,2024-07-09,8459
2417,圓剛,77,44,33,康和-嘉義,2024-07-09,8459
2337,旺宏,31,0,31,康和-嘉義,2024-07-09,8459
6770,力積電,44,13,31,康和-嘉義,2024-07-09,8459
2609,陽明,44,14,30,康和-嘉義,2024-07-09,8459
2409,友達,31,1,30,康和-嘉義,2024-07-09,8459
2374,佳能,131,101,30,康和-嘉義,2024-07-09,8459
2317,鴻海,115,85,30,康和-嘉義,2024-07-09,8459
2356,英業達,79,50,29,康和-嘉義,2024-07-09,8459
1788,杏昌,28,0,28,康和-嘉義,2024-07-09,8459
2365,昆盈,70,42,28,康和-嘉義,2024-07-09,8459
3312,弘憶股,66,38,28,康和-嘉義,2024-07-09,8459
6449,鈺邦,26,0,26,康和-嘉義,2024-07-09,8459
5452,佶優,43,18,25,康和-嘉義,2024-07-09,8459
6026,福邦證,25,0,25,康和-嘉義,2024-07-09,8459
2392,正崴,112,88,24,康和-嘉義,2024-07-09,8459
3276,宇環,21,0,21,康和-嘉義,2024-07-09,8459
4157,太景*-KY,21,0,21,康和-嘉義,2024-07-09,8459
1305,華夏,20,0,20,康和-嘉義,2024-07-09,8459
2363,矽統,40,20,20,康和-嘉義,2024-07-09,8459
4934,太極,20,0,20,康和-嘉義,2024-07-09,8459
5469,瀚宇博,19,0,19,康和-嘉義,2024-07-09,8459
00929,復華台灣科技優息,32,14,18,康和-嘉義,2024-07-09,8459
3047,訊舟,124,106,18,康和-嘉義,2024-07-09,8459
1519,華城,20,2,18,康和-嘉義,2024-07-09,8459
2883,凱基金,458,146,312,康和-嘉義,2024-07-10,8459
00679B,元大美債20年,291,22,269,康和-嘉義,2024-07-10,8459
2888,新光金,1298,1048,250,康和-嘉義,2024-07-10,8459
2845,遠東銀,150,0,150,康和-嘉義,2024-07-10,8459
2312,金寶,224,92,132,康和-嘉義,2024-07-10,8459
2867,三商壽,110,11,99,康和-嘉義,2024-07-10,8459
2405,輔信,104,15,89,康和-嘉義,2024-07-10,8459
2834,臺企銀,80,14,66,康和-嘉義,2024-07-10,8459
1785,光洋科,128,64,64,康和-嘉義,2024-07-10,8459
2103,台橡,63,0,63,康和-嘉義,2024-07-10,8459
2543,皇昌,89,26,63,康和-嘉義,2024-07-10,8459
2514,龍邦,60,6,54,康和-嘉義,2024-07-10,8459
00927,群益半導體收益,51,0,51,康和-嘉義,2024-07-10,8459
1516,川飛,50,0,50,康和-嘉義,2024-07-10,8459
1608,華榮,68,23,45,康和-嘉義,2024-07-10,8459
2392,正崴,87,47,40,康和-嘉義,2024-07-10,8459
6662,樂斯科,40,0,40,康和-嘉義,2024-07-10,8459
3576,聯合再生,57,19,38,康和-嘉義,2024-07-10,8459
5426,振發,46,10,36,康和-嘉義,2024-07-10,8459
2323,中環,36,2,34,康和-嘉義,2024-07-10,8459
3047,訊舟,113,82,31,康和-嘉義,2024-07-10,8459
4958,臻鼎-KY,75,44,31,康和-嘉義,2024-07-10,8459
2449,京元電子,65,35,30,康和-嘉義,2024-07-10,8459
3481,群創,136,107,29,康和-嘉義,2024-07-10,8459
2609,陽明,42,14,28,康和-嘉義,2024-07-10,8459
2367,燿華,80,52,28,康和-嘉義,2024-07-10,8459
3037,欣興,29,1,28,康和-嘉義,2024-07-10,8459
1513,中興電,154,126,28,康和-嘉義,2024-07-10,8459
2444,兆勁,28,0,28,康和-嘉義,2024-07-10,8459
3055,蔚華科,29,2,27,康和-嘉義,2024-07-10,8459
4977,眾達-KY,28,1,27,康和-嘉義,2024-07-10,8459
5488,松普,25,1,24,康和-嘉義,2024-07-10,8459
2603,長榮,27,5,22,康和-嘉義,2024-07-10,8459
6213,聯茂,22,1,21,康和-嘉義,2024-07-10,8459
00725B,國泰投資級公司債,20,0,20,康和-嘉義,2024-07-10,8459
2498,宏達電,20,0,20,康和-嘉義,2024-07-10,8459
3150,鈺寶-創,20,0,20,康和-嘉義,2024-07-10,8459
6120,達運,20,0,20,康和-嘉義,2024-07-10,8459
6244,茂迪,20,0,20,康和-嘉義,2024-07-10,8459
6667,信紘科,21,1,20,康和-嘉義,2024-07-10,8459
2897,王道銀行,26,6,20,康和-嘉義,2024-07-10,8459
2618,長榮航,27,8,19,康和-嘉義,2024-07-10,8459
2316,楠梓電,42,23,19,康和-嘉義,2024-07-10,8459
1301,台塑,22,4,18,康和-嘉義,2024-07-10,8459
6163,華電網,21,3,18,康和-嘉義,2024-07-10,8459
3605,宏致,20,3,17,康和-嘉義,2024-07-10,8459
00905,FT臺灣Smart,16,0,16,康和-嘉義,2024-07-10,8459
6462,神盾,19,3,16,康和-嘉義,2024-07-10,8459
2881,富邦金,17,1,16,康和-嘉義,2024-07-10,8459
00949,復華日本龍頭,15,0,15,康和-嘉義,2024-07-10,8459
2832,台產,321,0,321,康和-嘉義,2024-07-11,8459
1815,富喬,258,113,145,康和-嘉義,2024-07-11,8459
9105,泰金寶-DR,397,271,126,康和-嘉義,2024-07-11,8459
2313,華通,225,120,105,康和-嘉義,2024-07-11,8459
1734,杏輝,91,0,91,康和-嘉義,2024-07-11,8459
2852,第一保,84,0,84,康和-嘉義,2024-07-11,8459
2337,旺宏,130,47,83,康和-嘉義,2024-07-11,8459
00679B,元大美債20年,64,1,63,康和-嘉義,2024-07-11,8459
3050,鈺德,58,2,56,康和-嘉義,2024-07-11,8459
00881,國泰台灣5G+,55,2,53,康和-嘉義,2024-07-11,8459
2367,燿華,100,55,45,康和-嘉義,2024-07-11,8459
3707,漢磊,46,5,41,康和-嘉義,2024-07-11,8459
2492,華新科,52,11,41,康和-嘉義,2024-07-11,8459
2489,瑞軒,133,94,39,康和-嘉義,2024-07-11,8459
2455,全新,37,2,35,康和-嘉義,2024-07-11,8459
4526,東台,32,0,32,康和-嘉義,2024-07-11,8459
1808,潤隆,30,0,30,康和-嘉義,2024-07-11,8459
3481,群創,171,143,28,康和-嘉義,2024-07-11,8459
6546,正基,34,6,28,康和-嘉義,2024-07-11,8459
2353,宏��,51,24,27,康和-嘉義,2024-07-11,8459
6179,亞通,29,2,27,康和-嘉義,2024-07-11,8459
6282,康舒,28,1,27,康和-嘉義,2024-07-11,8459
6265,方土昶,28,2,26,康和-嘉義,2024-07-11,8459
1720,生達,25,0,25,康和-嘉義,2024-07-11,8459
3593,力銘,28,3,25,康和-嘉義,2024-07-11,8459
00934,中信成長高股息,36,12,24,康和-嘉義,2024-07-11,8459
2891,中信金,24,0,24,康和-嘉義,2024-07-11,8459
00687B,國泰20年美債,26,3,23,康和-嘉義,2024-07-11,8459
8064,東捷,73,50,23,康和-嘉義,2024-07-11,8459
2362,藍天,61,39,22,康和-嘉義,2024-07-11,8459
8110,華東,22,0,22,康和-嘉義,2024-07-11,8459
1781,合世,21,0,21,康和-嘉義,2024-07-11,8459
2328,廣宇,21,0,21,康和-嘉義,2024-07-11,8459
2851,中再保,24,3,21,康和-嘉義,2024-07-11,8459
00712,復華富時不動產,30,10,20,康和-嘉義,2024-07-11,8459
00948B,中信優息投資級債,20,0,20,康和-嘉義,2024-07-11,8459
1560,中砂,20,0,20,康和-嘉義,2024-07-11,8459
2201,裕隆,20,0,20,康和-嘉義,2024-07-11,8459
2845,遠東銀,20,0,20,康和-嘉義,2024-07-11,8459
2303,聯電,51,32,19,康和-嘉義,2024-07-11,8459
1504,東元,22,3,19,康和-嘉義,2024-07-11,8459
3705,永信,19,0,19,康和-嘉義,2024-07-11,8459
3708,上緯投控,23,4,19,康和-嘉義,2024-07-11,8459
00940,元大台灣價值高息,21,3,18,康和-嘉義,2024-07-11,8459
8438,昶昕,18,0,18,康和-嘉義,2024-07-11,8459
5498,凱崴,23,5,18,康和-嘉義,2024-07-11,8459
00937B,群益ESG投等債20,27,10,17,康和-嘉義,2024-07-11,8459
00933B,國泰10Y+金融債,17,0,17,康和-嘉義,2024-07-11,8459
1785,光洋科,219,202,17,康和-嘉義,2024-07-11,8459
3706,神達,81,65,16,康和-嘉義,2024-07-11,8459
1612,宏泰,1492,369,1123,康和-嘉義,2024-07-12,8459
1569,濱川,126,7,119,康和-嘉義,2024-07-12,8459
00929,復華台灣科技優息,110,4,106,康和-嘉義,2024-07-12,8459
2340,台亞,106,2,104,康和-嘉義,2024-07-12,8459
1702,南僑,100,0,100,康和-嘉義,2024-07-12,8459
00934,中信成長高股息,91,0,91,康和-嘉義,2024-07-12,8459
1514,亞力,102,23,79,康和-嘉義,2024-07-12,8459
1513,中興電,135,60,75,康和-嘉義,2024-07-12,8459
4960,誠美材,62,3,59,康和-嘉義,2024-07-12,8459
5439,高技,76,17,59,康和-嘉義,2024-07-12,8459
2312,金寶,330,273,57,康和-嘉義,2024-07-12,8459
2303,聯電,78,24,54,康和-嘉義,2024-07-12,8459
2867,三商壽,133,85,48,康和-嘉義,2024-07-12,8459
2317,鴻海,136,98,38,康和-嘉義,2024-07-12,8459
1785,光洋科,93,59,34,康和-嘉義,2024-07-12,8459
00918,大華優利高填息30,33,2,31,康和-嘉義,2024-07-12,8459
4714,永捷,119,88,31,康和-嘉義,2024-07-12,8459
00937B,群益ESG投等債20,32,4,28,康和-嘉義,2024-07-12,8459
00936,台新永續高息中小,30,4,26,康和-嘉義,2024-07-12,8459
2330,台積電,33,7,26,康和-嘉義,2024-07-12,8459
1310,台苯,30,5,25,康和-嘉義,2024-07-12,8459
2891,中信金,25,0,25,康和-嘉義,2024-07-12,8459
00935,野村臺灣新科技50,24,0,24,康和-嘉義,2024-07-12,8459
00919,群益台灣精選高息,26,2,24,康和-嘉義,2024-07-12,8459
2884,玉山金,23,1,22,康和-嘉義,2024-07-12,8459
00927,群益半導體收益,22,0,22,康和-嘉義,2024-07-12,8459
5202,力新,36,15,21,康和-嘉義,2024-07-12,8459
3711,日月光投控,24,4,20,康和-嘉義,2024-07-12,8459
4114,健喬,20,0,20,康和-嘉義,2024-07-12,8459
9105,泰金寶-DR,177,157,20,康和-嘉義,2024-07-12,8459
3673,TPK-KY,24,5,19,康和-嘉義,2024-07-12,8459
2344,華邦電,23,5,18,康和-嘉義,2024-07-12,8459
2323,中環,32,15,17,康和-嘉義,2024-07-12,8459
3019,亞光,36,19,17,康和-嘉義,2024-07-12,8459
1316,上曜,37,21,16,康和-嘉義,2024-07-12,8459
2832,台產,16,0,16,康和-嘉義,2024-07-12,8459
00725B,國泰投資級公司債,15,0,15,康和-嘉義,2024-07-12,8459
2455,全新,15,0,15,康和-嘉義,2024-07-12,8459
2495,普安,40,25,15,康和-嘉義,2024-07-12,8459
3024,憶聲,15,0,15,康和-嘉義,2024-07-12,8459
00679B,元大美債20年,30,16,14,康和-嘉義,2024-07-12,8459
3033,威健,15,1,14,康和-嘉義,2024-07-12,8459
2356,英業達,282,268,14,康和-嘉義,2024-07-12,8459
4566,時碩工業,47,34,13,康和-嘉義,2024-07-12,8459
6806,森崴能源,118,105,13,康和-嘉義,2024-07-12,8459
00878,國泰永續高股息,13,0,13,康和-嘉義,2024-07-12,8459
6451,訊芯-KY,30,18,12,康和-嘉義,2024-07-12,8459
9945,潤泰新,80,68,12,康和-嘉義,2024-07-12,8459
2609,陽明,27,15,12,康和-嘉義,2024-07-12,8459
2892,第一金,11,0,11,康和-嘉義,2024-07-12,8459
2515,中工,328,3,325,康和-嘉義,2024-07-15,8459
9105,泰金寶-DR,138,1,137,康和-嘉義,2024-07-15,8459
6770,力積電,130,3,127,康和-嘉義,2024-07-15,8459
00934,中信成長高股息,88,3,85,康和-嘉義,2024-07-15,8459
1609,大亞,125,55,70,康和-嘉義,2024-07-15,8459
2834,臺企銀,87,30,57,康和-嘉義,2024-07-15,8459
00945B,凱基美國非投等債,50,0,50,康和-嘉義,2024-07-15,8459
1905,華紙,48,0,48,康和-嘉義,2024-07-15,8459
00937B,群益ESG投等債20,45,0,45,康和-嘉義,2024-07-15,8459
2501,國建,45,0,45,康和-嘉義,2024-07-15,8459
2867,三商壽,53,10,43,康和-嘉義,2024-07-15,8459
3231,緯創,57,17,40,康和-嘉義,2024-07-15,8459
2374,佳能,51,11,40,康和-嘉義,2024-07-15,8459
2103,台橡,53,15,38,康和-嘉義,2024-07-15,8459
2477,美隆電,33,0,33,康和-嘉義,2024-07-15,8459
00688L,國泰20年美債正2,31,0,31,康和-嘉義,2024-07-15,8459
2801,彰銀,31,1,30,康和-嘉義,2024-07-15,8459
2537,聯上發,40,10,30,康和-嘉義,2024-07-15,8459
2323,中環,29,0,29,康和-嘉義,2024-07-15,8459
00940,元大台灣價值高息,34,5,29,康和-嘉義,2024-07-15,8459
2344,華邦電,28,0,28,康和-嘉義,2024-07-15,8459
8076,伍豐,35,7,28,康和-嘉義,2024-07-15,8459
2489,瑞軒,187,161,26,康和-嘉義,2024-07-15,8459
2891,中信金,27,2,25,康和-嘉義,2024-07-15,8459
8103,瀚荃,34,9,25,康和-嘉義,2024-07-15,8459
2312,金寶,111,87,24,康和-嘉義,2024-07-15,8459
3047,訊舟,28,4,24,康和-嘉義,2024-07-15,8459
1503,士電,44,21,23,康和-嘉義,2024-07-15,8459
9945,潤泰新,42,21,21,康和-嘉義,2024-07-15,8459
3706,神達,20,0,20,康和-嘉義,2024-07-15,8459
6133,金橋,20,2,18,康和-嘉義,2024-07-15,8459
00680L,元大美債20正2,17,0,17,康和-嘉義,2024-07-15,8459
2313,華通,34,17,17,康和-嘉義,2024-07-15,8459
00679B,元大美債20年,16,0,16,康和-嘉義,2024-07-15,8459
2465,麗臺,20,4,16,康和-嘉義,2024-07-15,8459
3049,精金,16,0,16,康和-嘉義,2024-07-15,8459
6117,迎廣,16,0,16,康和-嘉義,2024-07-15,8459
3450,聯鈞,46,31,15,康和-嘉義,2024-07-15,8459
3705,永信,15,0,15,康和-嘉義,2024-07-15,8459
6016,康和證,15,0,15,康和-嘉義,2024-07-15,8459
6706,惠特,20,5,15,康和-嘉義,2024-07-15,8459
4566,時碩工業,46,32,14,康和-嘉義,2024-07-15,8459
00665L,富邦�琤肭磪囓�2,13,0,13,康和-嘉義,2024-07-15,8459
2353,宏��,14,1,13,康和-嘉義,2024-07-15,8459
6163,華電網,13,0,13,康和-嘉義,2024-07-15,8459
8021,尖點,14,1,13,康和-嘉義,2024-07-15,8459
2316,楠梓電,14,2,12,康和-嘉義,2024-07-15,8459
2440,太空梭,12,0,12,康和-嘉義,2024-07-15,8459
2485,兆赫,12,0,12,康和-嘉義,2024-07-15,8459
3138,耀登,14,2,12,康和-嘉義,2024-07-15,8459
2888,新光金,1141,174,967,康和-嘉義,2024-07-16,8459
00937B,群益ESG投等債20,353,0,353,康和-嘉義,2024-07-16,8459
4714,永捷,114,13,101,康和-嘉義,2024-07-16,8459
2103,台橡,84,3,81,康和-嘉義,2024-07-16,8459
00929,復華台灣科技優息,98,23,75,康和-嘉義,2024-07-16,8459
1785,光洋科,82,22,60,康和-嘉義,2024-07-16,8459
2317,鴻海,80,27,53,康和-嘉義,2024-07-16,8459
3706,神達,130,77,53,康和-嘉義,2024-07-16,8459
2867,三商壽,60,8,52,康和-嘉義,2024-07-16,8459
3481,群創,49,5,44,康和-嘉義,2024-07-16,8459
2374,佳能,43,2,41,康和-嘉義,2024-07-16,8459
2801,彰銀,41,0,41,康和-嘉義,2024-07-16,8459
6570,維田,45,5,40,康和-嘉義,2024-07-16,8459
00712,復華富時不動產,41,2,39,康和-嘉義,2024-07-16,8459
2356,英業達,85,48,37,康和-嘉義,2024-07-16,8459
0056,元大高股息,39,2,37,康和-嘉義,2024-07-16,8459
3059,華晶科,34,3,31,康和-嘉義,2024-07-16,8459
00665L,富邦�琤肭磪囓�2,29,0,29,康和-嘉義,2024-07-16,8459
6285,啟��,41,12,29,康和-嘉義,2024-07-16,8459
5328,華容,60,32,28,康和-嘉義,2024-07-16,8459
3163,波若威,39,12,27,康和-嘉義,2024-07-16,8459
2303,聯電,55,31,24,康和-嘉義,2024-07-16,8459
3081,聯亞,25,1,24,康和-嘉義,2024-07-16,8459
3035,智原,45,22,23,康和-嘉義,2024-07-16,8459
4160,訊聯基因,23,0,23,康和-嘉義,2024-07-16,8459
1460,宏遠,21,0,21,康和-嘉義,2024-07-16,8459
3686,達能,21,0,21,康和-嘉義,2024-07-16,8459
2478,大毅,40,19,21,康和-嘉義,2024-07-16,8459
00919,群益台灣精選高息,19,0,19,康和-嘉義,2024-07-16,8459
2449,京元電子,52,33,19,康和-嘉義,2024-07-16,8459
5443,均豪,25,6,19,康和-嘉義,2024-07-16,8459
4562,穎漢,17,0,17,康和-嘉義,2024-07-16,8459
00949,復華日本龍頭,16,0,16,康和-嘉義,2024-07-16,8459
6189,豐藝,25,9,16,康和-嘉義,2024-07-16,8459
6449,鈺邦,16,0,16,康和-嘉義,2024-07-16,8459
2524,京城,19,4,15,康和-嘉義,2024-07-16,8459
2891,中信金,17,2,15,康和-嘉義,2024-07-16,8459
6546,正基,15,0,15,康和-嘉義,2024-07-16,8459
1802,台玻,15,0,15,康和-嘉義,2024-07-16,8459
5202,力新,13,0,13,康和-嘉義,2024-07-16,8459
5426,振發,21,8,13,康和-嘉義,2024-07-16,8459
00882,中信中國高股息,12,0,12,康和-嘉義,2024-07-16,8459
4526,東台,23,12,11,康和-嘉義,2024-07-16,8459
2323,中環,16,5,11,康和-嘉義,2024-07-16,8459
3563,牧德,13,2,11,康和-嘉義,2024-07-16,8459
6598,ABC-KY,11,0,11,康和-嘉義,2024-07-16,8459
4126,太醫,11,0,11,康和-嘉義,2024-07-16,8459
8110,華東,13,2,11,康和-嘉義,2024-07-16,8459
6451,訊芯-KY,10,0,10,康和-嘉義,2024-07-16,8459
00933B,國泰10Y+金融債,10,0,10,康和-嘉義,2024-07-16,8459
00687B,國泰20年美債,201,21,180,康和-嘉義,2024-07-17,8459
2312,金寶,142,59,83,康和-嘉義,2024-07-17,8459
4960,誠美材,83,6,77,康和-嘉義,2024-07-17,8459
2515,中工,79,15,64,康和-嘉義,2024-07-17,8459
00929,復華台灣科技優息,74,15,59,康和-嘉義,2024-07-17,8459
2618,長榮航,69,12,57,康和-嘉義,2024-07-17,8459
00937B,群益ESG投等債20,55,5,50,康和-嘉義,2024-07-17,8459
2520,冠德,68,18,50,康和-嘉義,2024-07-17,8459
2371,大同,78,30,48,康和-嘉義,2024-07-17,8459
00946,群益科技高息成長,46,0,46,康和-嘉義,2024-07-17,8459
2464,盟立,83,40,43,康和-嘉義,2024-07-17,8459
1227,佳格,38,0,38,康和-嘉義,2024-07-17,8459
2543,皇昌,56,20,36,康和-嘉義,2024-07-17,8459
2537,聯上發,93,58,35,康和-嘉義,2024-07-17,8459
6829,千附精密,37,2,35,康和-嘉義,2024-07-17,8459
2332,友訊,33,1,32,康和-嘉義,2024-07-17,8459
4967,十銓,41,15,26,康和-嘉義,2024-07-17,8459
1540,喬福,34,8,26,康和-嘉義,2024-07-17,8459
2888,新光金,31,6,25,康和-嘉義,2024-07-17,8459
1101,台泥,30,5,25,康和-嘉義,2024-07-17,8459
3189,景碩,104,80,24,康和-嘉義,2024-07-17,8459
00940,元大台灣價值高息,23,0,23,康和-嘉義,2024-07-17,8459
4958,臻鼎-KY,56,33,23,康和-嘉義,2024-07-17,8459
8358,金居,31,9,22,康和-嘉義,2024-07-17,8459
3481,群創,357,336,21,康和-嘉義,2024-07-17,8459
1477,聚陽,21,0,21,康和-嘉義,2024-07-17,8459
3628,盈正,21,0,21,康和-嘉義,2024-07-17,8459
6188,廣明,22,1,21,康和-嘉義,2024-07-17,8459
2382,廣達,28,7,21,康和-嘉義,2024-07-17,8459
1304,台聚,20,0,20,康和-嘉義,2024-07-17,8459
1582,信錦,23,3,20,康和-嘉義,2024-07-17,8459
1612,宏泰,45,25,20,康和-嘉義,2024-07-17,8459
8383,千附,22,2,20,康和-嘉義,2024-07-17,8459
00927,群益半導體收益,21,2,19,康和-嘉義,2024-07-17,8459
2453,凌群,19,1,18,康和-嘉義,2024-07-17,8459
6285,啟��,17,0,17,康和-嘉義,2024-07-17,8459
2365,昆盈,167,150,17,康和-嘉義,2024-07-17,8459
2887,台新金,17,0,17,康和-嘉義,2024-07-17,8459
4533,協易機,18,2,16,康和-嘉義,2024-07-17,8459
2501,國建,28,13,15,康和-嘉義,2024-07-17,8459
2897,王道銀行,35,20,15,康和-嘉義,2024-07-17,8459
3162,精確,15,0,15,康和-嘉義,2024-07-17,8459
3581,博磊,20,5,15,康和-嘉義,2024-07-17,8459
3593,力銘,15,0,15,康和-嘉義,2024-07-17,8459
6570,維田,23,8,15,康和-嘉義,2024-07-17,8459
2915,潤泰全,14,0,14,康和-嘉義,2024-07-17,8459
2323,中環,73,59,14,康和-嘉義,2024-07-17,8459
1808,潤隆,16,2,14,康和-嘉義,2024-07-17,8459
00881,國泰台灣5G+,14,1,13,康和-嘉義,2024-07-17,8459
00665L,富邦�琤肭磪囓�2,13,0,13,康和-嘉義,2024-07-17,8459
2888,新光金,246,19,227,康和-嘉義,2024-07-18,8459
2356,英業達,135,32,103,康和-嘉義,2024-07-18,8459
00929,復華台灣科技優息,96,3,93,康和-嘉義,2024-07-18,8459
00632R,元大台灣50反1,90,10,80,康和-嘉義,2024-07-18,8459
2317,鴻海,107,29,78,康和-嘉義,2024-07-18,8459
00940,元大台灣價值高息,62,0,62,康和-嘉義,2024-07-18,8459
9105,泰金寶-DR,87,26,61,康和-嘉義,2024-07-18,8459
1722,台肥,61,1,60,康和-嘉義,2024-07-18,8459
00669R,國泰美國道瓊反1,50,0,50,康和-嘉義,2024-07-18,8459
4513,福裕,50,0,50,康和-嘉義,2024-07-18,8459
5512,力麒,142,92,50,康和-嘉義,2024-07-18,8459
3062,建漢,58,9,49,康和-嘉義,2024-07-18,8459
8089,康全電訊,46,3,43,康和-嘉義,2024-07-18,8459
2313,華通,42,1,41,康和-嘉義,2024-07-18,8459
3663,鑫科,42,2,40,康和-嘉義,2024-07-18,8459
3231,緯創,47,8,39,康和-嘉義,2024-07-18,8459
1710,東聯,40,2,38,康和-嘉義,2024-07-18,8459
00893,國泰智能電動車,37,0,37,康和-嘉義,2024-07-18,8459
2489,瑞軒,86,49,37,康和-嘉義,2024-07-18,8459
9955,佳龍,56,21,35,康和-嘉義,2024-07-18,8459
00936,台新永續高息中小,41,6,35,康和-嘉義,2024-07-18,8459
1402,遠東新,32,0,32,康和-嘉義,2024-07-18,8459
00712,復華富時不動產,30,0,30,康和-嘉義,2024-07-18,8459
2515,中工,40,11,29,康和-嘉義,2024-07-18,8459
1815,富喬,191,165,26,康和-嘉義,2024-07-18,8459
8473,山林水,31,5,26,康和-嘉義,2024-07-18,8459
1785,光洋科,68,44,24,康和-嘉義,2024-07-18,8459
2369,菱生,24,0,24,康和-嘉義,2024-07-18,8459
00927,群益半導體收益,24,1,23,康和-嘉義,2024-07-18,8459
6770,力積電,28,6,22,康和-嘉義,2024-07-18,8459
0056,元大高股息,23,1,22,康和-嘉義,2024-07-18,8459
6806,森崴能源,23,1,22,康和-嘉義,2024-07-18,8459
1305,華夏,20,0,20,康和-嘉義,2024-07-18,8459
00919,群益台灣精選高息,24,6,18,康和-嘉義,2024-07-18,8459
00949,復華日本龍頭,26,10,16,康和-嘉義,2024-07-18,8459
2610,華航,33,17,16,康和-嘉義,2024-07-18,8459
00891,中信關鍵半導體,15,0,15,康和-嘉義,2024-07-18,8459
2323,中環,48,33,15,康和-嘉義,2024-07-18,8459
4562,穎漢,15,0,15,康和-嘉義,2024-07-18,8459
8383,千附,17,2,15,康和-嘉義,2024-07-18,8459
1314,中石化,20,6,14,康和-嘉義,2024-07-18,8459
8110,華東,20,6,14,康和-嘉義,2024-07-18,8459
1308,亞聚,13,0,13,康和-嘉義,2024-07-18,8459
1514,亞力,19,6,13,康和-嘉義,2024-07-18,8459
2363,矽統,15,2,13,康和-嘉義,2024-07-18,8459
2455,全新,13,1,12,康和-嘉義,2024-07-18,8459
5310,天剛,12,0,12,康和-嘉義,2024-07-18,8459
2377,微星,42,31,11,康和-嘉義,2024-07-18,8459
2392,正崴,11,0,11,康和-嘉義,2024-07-18,8459
2641,正德,11,0,11,康和-嘉義,2024-07-18,8459
2103,台橡,204,0,204,康和-嘉義,2024-07-19,8459
00919,群益台灣精選高息,115,1,114,康和-嘉義,2024-07-19,8459
00929,復華台灣科技優息,121,17,104,康和-嘉義,2024-07-19,8459
2887,台新金,96,0,96,康和-嘉義,2024-07-19,8459
2312,金寶,119,23,96,康和-嘉義,2024-07-19,8459
00937B,群益ESG投等債20,75,0,75,康和-嘉義,2024-07-19,8459
2337,旺宏,60,2,58,康和-嘉義,2024-07-19,8459
6712,長聖,54,1,53,康和-嘉義,2024-07-19,8459
2365,昆盈,137,84,53,康和-嘉義,2024-07-19,8459
2330,台積電,59,6,53,康和-嘉義,2024-07-19,8459
2323,中環,56,4,52,康和-嘉義,2024-07-19,8459
9105,泰金寶-DR,78,27,51,康和-嘉義,2024-07-19,8459
2845,遠東銀,50,0,50,康和-嘉義,2024-07-19,8459
1611,中電,77,28,49,康和-嘉義,2024-07-19,8459
00940,元大台灣價值高息,50,1,49,康和-嘉義,2024-07-19,8459
2897,王道銀行,69,20,49,康和-嘉義,2024-07-19,8459
00632R,元大台灣50反1,74,28,46,康和-嘉義,2024-07-19,8459
3580,友威科,67,24,43,康和-嘉義,2024-07-19,8459
00650L,復華香港正2,40,0,40,康和-嘉義,2024-07-19,8459
1785,光洋科,48,8,40,康和-嘉義,2024-07-19,8459
00893,國泰智能電動車,40,0,40,康和-嘉義,2024-07-19,8459
5457,宣德,40,1,39,康和-嘉義,2024-07-19,8459
3689,湧德,38,3,35,康和-嘉義,2024-07-19,8459
1446,宏和,42,8,34,康和-嘉義,2024-07-19,8459
00878,國泰永續高股息,32,0,32,康和-嘉義,2024-07-19,8459
4977,眾達-KY,31,0,31,康和-嘉義,2024-07-19,8459
2515,中工,34,4,30,康和-嘉義,2024-07-19,8459
1447,力鵬,30,0,30,康和-嘉義,2024-07-19,8459
5443,均豪,77,47,30,康和-嘉義,2024-07-19,8459
00946,群益科技高息成長,29,0,29,康和-嘉義,2024-07-19,8459
2313,華通,33,5,28,康和-嘉義,2024-07-19,8459
2374,佳能,31,5,26,康和-嘉義,2024-07-19,8459
00753L,中信中國50正2,25,0,25,康和-嘉義,2024-07-19,8459
1305,華夏,25,0,25,康和-嘉義,2024-07-19,8459
2419,仲琦,45,20,25,康和-嘉義,2024-07-19,8459
3189,景碩,35,11,24,康和-嘉義,2024-07-19,8459
1301,台塑,26,2,24,康和-嘉義,2024-07-19,8459
2485,兆赫,24,0,24,康和-嘉義,2024-07-19,8459
2362,藍天,36,12,24,康和-嘉義,2024-07-19,8459
2603,長榮,23,0,23,康和-嘉義,2024-07-19,8459
2891,中信金,23,0,23,康和-嘉義,2024-07-19,8459
3576,聯合再生,47,24,23,康和-嘉義,2024-07-19,8459
4729,熒茂,22,1,21,康和-嘉義,2024-07-19,8459
3049,精金,21,1,20,康和-嘉義,2024-07-19,8459
4726,永昕,47,27,20,康和-嘉義,2024-07-19,8459
4967,十銓,25,5,20,康和-嘉義,2024-07-19,8459
5011,久陽,20,0,20,康和-嘉義,2024-07-19,8459
2474,可成,20,0,20,康和-嘉義,2024-07-19,8459
6806,森崴能源,75,56,19,康和-嘉義,2024-07-19,8459
2834,臺企銀,19,1,18,康和-嘉義,2024-07-19,8459
3481,群創,497,196,301,康和-嘉義,2024-07-22,8459
00929,復華台灣科技優息,250,5,245,康和-嘉義,2024-07-22,8459
2103,台橡,109,15,94,康和-嘉義,2024-07-22,8459
00878,國泰永續高股息,83,3,80,康和-嘉義,2024-07-22,8459
9105,泰金寶-DR,108,34,74,康和-嘉義,2024-07-22,8459
00857B,永豐20年美公債,70,0,70,康和-嘉義,2024-07-22,8459
3231,緯創,78,16,62,康和-嘉義,2024-07-22,8459
4513,福裕,101,40,61,康和-嘉義,2024-07-22,8459
1609,大亞,100,42,58,康和-嘉義,2024-07-22,8459
6163,華電網,61,5,56,康和-嘉義,2024-07-22,8459
2349,錸德,51,0,51,康和-嘉義,2024-07-22,8459
00937B,群益ESG投等債20,65,15,50,康和-嘉義,2024-07-22,8459
00919,群益台灣精選高息,60,15,45,康和-嘉義,2024-07-22,8459
4909,新復興,50,10,40,康和-嘉義,2024-07-22,8459
2867,三商壽,58,20,38,康和-嘉義,2024-07-22,8459
2489,瑞軒,43,8,35,康和-嘉義,2024-07-22,8459
00946,群益科技高息成長,34,0,34,康和-嘉義,2024-07-22,8459
5512,力麒,77,44,33,康和-嘉義,2024-07-22,8459
4714,永捷,33,1,32,康和-嘉義,2024-07-22,8459
2317,鴻海,76,45,31,康和-嘉義,2024-07-22,8459
6016,康和證,30,0,30,康和-嘉義,2024-07-22,8459
3706,神達,33,5,28,康和-嘉義,2024-07-22,8459
8089,康全電訊,30,3,27,康和-嘉義,2024-07-22,8459
1477,聚陽,26,0,26,康和-嘉義,2024-07-22,8459
3576,聯合再生,29,3,26,康和-嘉義,2024-07-22,8459
9945,潤泰新,26,2,24,康和-嘉義,2024-07-22,8459
2352,佳世達,24,0,24,康和-嘉義,2024-07-22,8459
2353,宏��,66,43,23,康和-嘉義,2024-07-22,8459
3380,明泰,23,0,23,康和-嘉義,2024-07-22,8459
6806,森崴能源,120,97,23,康和-嘉義,2024-07-22,8459
2486,一詮,22,0,22,康和-嘉義,2024-07-22,8459
3037,欣興,26,4,22,康和-嘉義,2024-07-22,8459
4726,永昕,21,0,21,康和-嘉義,2024-07-22,8459
4157,太景*-KY,20,0,20,康和-嘉義,2024-07-22,8459
3189,景碩,39,20,19,康和-嘉義,2024-07-22,8459
2465,麗臺,21,3,18,康和-嘉義,2024-07-22,8459
2897,王道銀行,18,0,18,康和-嘉義,2024-07-22,8459
6125,廣運,29,11,18,康和-嘉義,2024-07-22,8459
6213,聯茂,18,0,18,康和-嘉義,2024-07-22,8459
2449,京元電子,20,2,18,康和-嘉義,2024-07-22,8459
2303,聯電,20,3,17,康和-嘉義,2024-07-22,8459
00936,台新永續高息中小,22,5,17,康和-嘉義,2024-07-22,8459
3006,晶豪科,27,10,17,康和-嘉義,2024-07-22,8459
2603,長榮,27,10,17,康和-嘉義,2024-07-22,8459
2330,台積電,30,14,16,康和-嘉義,2024-07-22,8459
3047,訊舟,28,12,16,康和-嘉義,2024-07-22,8459
2408,南亞科,18,2,16,康和-嘉義,2024-07-22,8459
00933B,國泰10Y+金融債,20,4,16,康和-嘉義,2024-07-22,8459
00939,統一台灣高息動能,24,8,16,康和-嘉義,2024-07-22,8459
1513,中興電,35,19,16,康和-嘉義,2024-07-22,8459
4128,中天,207,5,202,康和-嘉義,2024-07-23,8459
00929,復華台灣科技優息,151,4,147,康和-嘉義,2024-07-23,8459
00687B,國泰20年美債,101,0,101,康和-嘉義,2024-07-23,8459
2409,友達,95,2,93,康和-嘉義,2024-07-23,8459
2365,昆盈,158,91,67,康和-嘉義,2024-07-23,8459
00919,群益台灣精選高息,79,20,59,康和-嘉義,2024-07-23,8459
4909,新復興,50,0,50,康和-嘉義,2024-07-23,8459
00934,中信成長高股息,45,0,45,康和-嘉義,2024-07-23,8459
4916,事欣科,41,3,38,康和-嘉義,2024-07-23,8459
1784,訊聯,40,4,36,康和-嘉義,2024-07-23,8459
8104,錸寶,37,1,36,康和-嘉義,2024-07-23,8459
00933B,國泰10Y+金融債,34,0,34,康和-嘉義,2024-07-23,8459
3450,聯鈞,45,11,34,康和-嘉義,2024-07-23,8459
4513,福裕,101,67,34,康和-嘉義,2024-07-23,8459
2489,瑞軒,40,8,32,康和-嘉義,2024-07-23,8459
2892,第一金,51,20,31,康和-嘉義,2024-07-23,8459
2332,友訊,30,0,30,康和-嘉義,2024-07-23,8459
00940,元大台灣價值高息,29,0,29,康和-嘉義,2024-07-23,8459
3706,神達,30,1,29,康和-嘉義,2024-07-23,8459
1909,榮成,30,1,29,康和-嘉義,2024-07-23,8459
2312,金寶,47,19,28,康和-嘉義,2024-07-23,8459
9904,寶成,32,4,28,康和-嘉義,2024-07-23,8459
8110,華東,29,3,26,康和-嘉義,2024-07-23,8459
0056,元大高股息,27,1,26,康和-嘉義,2024-07-23,8459
6443,元晶,27,3,24,康和-嘉義,2024-07-23,8459
2317,鴻海,47,24,23,康和-嘉義,2024-07-23,8459
3686,達能,24,1,23,康和-嘉義,2024-07-23,8459
4956,光鋐,22,0,22,康和-嘉義,2024-07-23,8459
6179,亞通,23,1,22,康和-嘉義,2024-07-23,8459
2355,敬鵬,21,0,21,康和-嘉義,2024-07-23,8459
2367,燿華,25,5,20,康和-嘉義,2024-07-23,8459
2201,裕隆,23,4,19,康和-嘉義,2024-07-23,8459
2449,京元電子,20,2,18,康和-嘉義,2024-07-23,8459
2408,南亞科,18,1,17,康和-嘉義,2024-07-23,8459
2303,聯電,36,20,16,康和-嘉義,2024-07-23,8459
5309,系統電,17,1,16,康和-嘉義,2024-07-23,8459
3663,鑫科,45,30,15,康和-嘉義,2024-07-23,8459
2615,萬海,54,39,15,康和-嘉義,2024-07-23,8459
00937B,群益ESG投等債20,14,0,14,康和-嘉義,2024-07-23,8459
8054,安國,55,42,13,康和-嘉義,2024-07-23,8459
1609,大亞,56,43,13,康和-嘉義,2024-07-23,8459
00936,台新永續高息中小,11,0,11,康和-嘉義,2024-07-23,8459
1229,聯華,13,2,11,康和-嘉義,2024-07-23,8459
2356,英業達,46,35,11,康和-嘉義,2024-07-23,8459
4157,太景*-KY,11,0,11,康和-嘉義,2024-07-23,8459
2613,中櫃,25,14,11,康和-嘉義,2024-07-23,8459
00795B,中信美國公債20年,10,0,10,康和-嘉義,2024-07-23,8459
1304,台聚,11,1,10,康和-嘉義,2024-07-23,8459
2812,台中銀,10,0,10,康和-嘉義,2024-07-23,8459
4162,智擎,10,0,10,康和-嘉義,2024-07-23,8459
00665L,富邦�琤肭磪囓�2,1082,36,1046,康和-嘉義,2024-07-26,8459
3481,群創,326,76,250,康和-嘉義,2024-07-26,8459
00929,復華台灣科技優息,86,2,84,康和-嘉義,2024-07-26,8459
5443,均豪,82,13,69,康和-嘉義,2024-07-26,8459
00893,國泰智能電動車,65,0,65,康和-嘉義,2024-07-26,8459
9946,三發地產,62,1,61,康和-嘉義,2024-07-26,8459
00946,群益科技高息成長,59,0,59,康和-嘉義,2024-07-26,8459
4128,中天,72,19,53,康和-嘉義,2024-07-26,8459
1540,喬福,56,4,52,康和-嘉義,2024-07-26,8459
2884,玉山金,53,2,51,康和-嘉義,2024-07-26,8459
00687B,國泰20年美債,50,0,50,康和-嘉義,2024-07-26,8459
6873,泓德能源,50,0,50,康和-嘉義,2024-07-26,8459
2317,鴻海,51,4,47,康和-嘉義,2024-07-26,8459
4909,新復興,50,3,47,康和-嘉義,2024-07-26,8459
1808,潤隆,51,7,44,康和-嘉義,2024-07-26,8459
2356,英業達,46,2,44,康和-嘉義,2024-07-26,8459
00940,元大台灣價值高息,48,10,38,康和-嘉義,2024-07-26,8459
5426,振發,42,5,37,康和-嘉義,2024-07-26,8459
8043,蜜望實,36,3,33,康和-嘉義,2024-07-26,8459
2330,台積電,39,6,33,康和-嘉義,2024-07-26,8459
4155,訊映,32,0,32,康和-嘉義,2024-07-26,8459
00637L,元大滬深300正2,31,0,31,康和-嘉義,2024-07-26,8459
2845,遠東銀,30,0,30,康和-嘉義,2024-07-26,8459
1447,力鵬,28,0,28,康和-嘉義,2024-07-26,8459
1303,南亞,37,10,27,康和-嘉義,2024-07-26,8459
2301,光寶科,23,2,21,康和-嘉義,2024-07-26,8459
3081,聯亞,21,1,20,康和-嘉義,2024-07-26,8459
4153,鈺緯,20,1,19,康和-嘉義,2024-07-26,8459
00712,復華富時不動產,18,0,18,康和-嘉義,2024-07-26,8459
2337,旺宏,18,0,18,康和-嘉義,2024-07-26,8459
2353,宏��,59,41,18,康和-嘉義,2024-07-26,8459
4726,永昕,32,14,18,康和-嘉義,2024-07-26,8459
2331,精英,16,0,16,康和-嘉義,2024-07-26,8459
2349,錸德,31,15,16,康和-嘉義,2024-07-26,8459
0056,元大高股息,16,1,15,康和-嘉義,2024-07-26,8459
1609,大亞,33,19,14,康和-嘉義,2024-07-26,8459
00919,群益台灣精選高息,19,5,14,康和-嘉義,2024-07-26,8459
2002,中鋼,14,0,14,康和-嘉義,2024-07-26,8459
00930,永豐ESG低碳高息,13,0,13,康和-嘉義,2024-07-26,8459
4714,永捷,13,0,13,康和-嘉義,2024-07-26,8459
2323,中環,18,6,12,康和-嘉義,2024-07-26,8459
2461,光群雷,12,0,12,康和-嘉義,2024-07-26,8459
2409,友達,23,11,12,康和-嘉義,2024-07-26,8459
2834,臺企銀,12,0,12,康和-嘉義,2024-07-26,8459
2890,永豐金,12,1,11,康和-嘉義,2024-07-26,8459
4126,太醫,11,0,11,康和-嘉義,2024-07-26,8459
5512,力麒,12,1,11,康和-嘉義,2024-07-26,8459
8028,昇陽半導體,58,47,11,康和-嘉義,2024-07-26,8459
0050,元大台灣50,11,0,11,康和-嘉義,2024-07-26,8459
00878,國泰永續高股息,17,6,11,康和-嘉義,2024-07-26,8459
00933B,國泰10Y+金融債,528,0,528,康和-嘉義,2024-07-29,8459
4909,新復興,50,3,47,康和-嘉義,2024-07-29,8459
2374,佳能,51,9,42,康和-嘉義,2024-07-29,8459
1702,南僑,44,2,42,康和-嘉義,2024-07-29,8459
1734,杏輝,40,0,40,康和-嘉義,2024-07-29,8459
2365,昆盈,107,67,40,康和-嘉義,2024-07-29,8459
4513,福裕,40,0,40,康和-嘉義,2024-07-29,8459
4714,永捷,41,1,40,康和-嘉義,2024-07-29,8459
5498,凱崴,40,0,40,康和-嘉義,2024-07-29,8459
2313,華通,47,10,37,康和-嘉義,2024-07-29,8459
3576,聯合再生,40,5,35,康和-嘉義,2024-07-29,8459
2352,佳世達,37,5,32,康和-嘉義,2024-07-29,8459
2367,燿華,58,30,28,康和-嘉義,2024-07-29,8459
00929,復華台灣科技優息,49,23,26,康和-嘉義,2024-07-29,8459
1536,和大,36,10,26,康和-嘉義,2024-07-29,8459
00650L,復華香港正2,25,0,25,康和-嘉義,2024-07-29,8459
4128,中天,25,0,25,康和-嘉義,2024-07-29,8459
0056,元大高股息,24,0,24,康和-嘉義,2024-07-29,8459
2356,英業達,69,46,23,康和-嘉義,2024-07-29,8459
2405,輔信,27,5,22,康和-嘉義,2024-07-29,8459
3231,緯創,30,8,22,康和-嘉義,2024-07-29,8459
00878,國泰永續高股息,22,0,22,康和-嘉義,2024-07-29,8459
8104,錸寶,22,1,21,康和-嘉義,2024-07-29,8459
2208,台船,20,0,20,康和-嘉義,2024-07-29,8459
3047,訊舟,27,7,20,康和-嘉義,2024-07-29,8459
4157,太景*-KY,20,0,20,康和-嘉義,2024-07-29,8459
1722,台肥,30,11,19,康和-嘉義,2024-07-29,8459
1609,大亞,88,70,18,康和-嘉義,2024-07-29,8459
6147,頎邦,17,0,17,康和-嘉義,2024-07-29,8459
2303,聯電,16,0,16,康和-嘉義,2024-07-29,8459
3711,日月光投控,16,0,16,康和-嘉義,2024-07-29,8459
2362,藍天,15,0,15,康和-嘉義,2024-07-29,8459
3230,錦明,15,0,15,康和-嘉義,2024-07-29,8459
2884,玉山金,15,0,15,康和-嘉義,2024-07-29,8459
00946,群益科技高息成長,14,0,14,康和-嘉義,2024-07-29,8459
3518,柏騰,15,1,14,康和-嘉義,2024-07-29,8459
5508,永信建,18,4,14,康和-嘉義,2024-07-29,8459
6197,佳必琪,20,7,13,康和-嘉義,2024-07-29,8459
00919,群益台灣精選高息,12,0,12,康和-嘉義,2024-07-29,8459
3013,晟銘電,13,1,12,康和-嘉義,2024-07-29,8459
4526,東台,13,1,12,康和-嘉義,2024-07-29,8459
3037,欣興,12,0,12,康和-嘉義,2024-07-29,8459
3035,智原,20,9,11,康和-嘉義,2024-07-29,8459
1513,中興電,21,10,11,康和-嘉義,2024-07-29,8459
3006,晶豪科,11,0,11,康和-嘉義,2024-07-29,8459
4126,太醫,11,0,11,康和-嘉義,2024-07-29,8459
4726,永昕,49,38,11,康和-嘉義,2024-07-29,8459
8147,正淩,12,1,11,康和-嘉義,2024-07-29,8459
9907,統一實,10,0,10,康和-嘉義,2024-07-29,8459
3706,神達,10,0,10,康和-嘉義,2024-07-29,8459
00665L,富邦�琤肭磪囓�2,1036,1,1035,康和-嘉義,2024-07-30,8459
2349,錸德,643,506,137,康和-嘉義,2024-07-30,8459
5443,均豪,108,44,64,康和-嘉義,2024-07-30,8459
1101,台泥,55,0,55,康和-嘉義,2024-07-30,8459
00940,元大台灣價值高息,66,14,52,康和-嘉義,2024-07-30,8459
00946,群益科技高息成長,49,0,49,康和-嘉義,2024-07-30,8459
2881,富邦金,44,0,44,康和-嘉義,2024-07-30,8459
00929,復華台灣科技優息,69,29,40,康和-嘉義,2024-07-30,8459
8028,昇陽半導體,151,114,37,康和-嘉義,2024-07-30,8459
2103,台橡,35,0,35,康和-嘉義,2024-07-30,8459
2344,華邦電,33,0,33,康和-嘉義,2024-07-30,8459
2301,光寶科,34,2,32,康和-嘉義,2024-07-30,8459
2603,長榮,45,14,31,康和-嘉義,2024-07-30,8459
00637L,元大滬深300正2,56,30,26,康和-嘉義,2024-07-30,8459
2337,旺宏,31,5,26,康和-嘉義,2024-07-30,8459
00936,台新永續高息中小,34,10,24,康和-嘉義,2024-07-30,8459
1303,南亞,25,1,24,康和-嘉義,2024-07-30,8459
1326,台化,38,15,23,康和-嘉義,2024-07-30,8459
6177,達麗,22,1,21,康和-嘉義,2024-07-30,8459
6016,康和證,20,0,20,康和-嘉義,2024-07-30,8459
9105,泰金寶-DR,74,54,20,康和-嘉義,2024-07-30,8459
3706,神達,21,2,19,康和-嘉義,2024-07-30,8459
8096,擎亞,24,5,19,康和-嘉義,2024-07-30,8459
2420,新巨,19,2,17,康和-嘉義,2024-07-30,8459
00878,國泰永續高股息,23,6,17,康和-嘉義,2024-07-30,8459
2449,京元電子,31,15,16,康和-嘉義,2024-07-30,8459
2892,第一金,16,0,16,康和-嘉義,2024-07-30,8459
2303,聯電,25,9,16,康和-嘉義,2024-07-30,8459
2891,中信金,15,0,15,康和-嘉義,2024-07-30,8459
4160,訊聯基因,15,0,15,康和-嘉義,2024-07-30,8459
6570,維田,15,0,15,康和-嘉義,2024-07-30,8459
2317,鴻海,33,19,14,康和-嘉義,2024-07-30,8459
8926,台汽電,14,0,14,康和-嘉義,2024-07-30,8459
2348,海悅,15,1,14,康和-嘉義,2024-07-30,8459
2444,兆勁,23,10,13,康和-嘉義,2024-07-30,8459
8064,東捷,46,33,13,康和-嘉義,2024-07-30,8459
00712,復華富時不動產,11,0,11,康和-嘉義,2024-07-30,8459
2365,昆盈,35,24,11,康和-嘉義,2024-07-30,8459
00679B,元大美債20年,10,0,10,康和-嘉義,2024-07-30,8459
00900,富邦特選高股息30,10,0,10,康和-嘉義,2024-07-30,8459
1720,生達,10,0,10,康和-嘉義,2024-07-30,8459
2312,金寶,32,22,10,康和-嘉義,2024-07-30,8459
2845,遠東銀,10,0,10,康和-嘉義,2024-07-30,8459
3081,聯亞,10,0,10,康和-嘉義,2024-07-30,8459
3663,鑫科,76,66,10,康和-嘉義,2024-07-30,8459
4526,東台,10,0,10,康和-嘉義,2024-07-30,8459
6026,福邦證,10,0,10,康和-嘉義,2024-07-30,8459
911608,明輝-DR,10,0,10,康和-嘉義,2024-07-30,8459
2880,華南金,10,0,10,康和-嘉義,2024-07-30,8459
1308,亞聚,9,0,9,康和-嘉義,2024-07-30,8459
00715L,期街口布蘭特正2,180,0,180,康和-嘉義,2024-07-31,8459
1702,南僑,136,1,135,康和-嘉義,2024-07-31,8459
00929,復華台灣科技優息,98,5,93,康和-嘉義,2024-07-31,8459
00948B,中信優息投資級債,44,0,44,康和-嘉義,2024-07-31,8459
2515,中工,43,1,42,康和-嘉義,2024-07-31,8459
00934,中信成長高股息,33,0,33,康和-嘉義,2024-07-31,8459
2537,聯上發,37,4,33,康和-嘉義,2024-07-31,8459
00946,群益科技高息成長,32,0,32,康和-嘉義,2024-07-31,8459
00933B,國泰10Y+金融債,30,0,30,康和-嘉義,2024-07-31,8459
2613,中櫃,30,1,29,康和-嘉義,2024-07-31,8459
00937B,群益ESG投等債20,33,4,29,康和-嘉義,2024-07-31,8459
2312,金寶,49,23,26,康和-嘉義,2024-07-31,8459
3189,景碩,52,26,26,康和-嘉義,2024-07-31,8459
00919,群益台灣精選高息,24,0,24,康和-嘉義,2024-07-31,8459
00687B,國泰20年美債,23,0,23,康和-嘉義,2024-07-31,8459
2313,華通,97,74,23,康和-嘉義,2024-07-31,8459
2377,微星,48,25,23,康和-嘉義,2024-07-31,8459
2486,一詮,23,0,23,康和-嘉義,2024-07-31,8459
2489,瑞軒,24,4,20,康和-嘉義,2024-07-31,8459
2355,敬鵬,20,0,20,康和-嘉義,2024-07-31,8459
2485,兆赫,18,0,18,康和-嘉義,2024-07-31,8459
2610,華航,21,3,18,康和-嘉義,2024-07-31,8459
1609,大亞,17,0,17,康和-嘉義,2024-07-31,8459
2382,廣達,31,15,16,康和-嘉義,2024-07-31,8459
6829,千附精密,16,0,16,康和-嘉義,2024-07-31,8459
6770,力積電,16,1,15,康和-嘉義,2024-07-31,8459
00936,台新永續高息中小,15,0,15,康和-嘉義,2024-07-31,8459
6125,廣運,16,2,14,康和-嘉義,2024-07-31,8459
3481,群創,109,96,13,康和-嘉義,2024-07-31,8459
2330,台積電,19,7,12,康和-嘉義,2024-07-31,8459
6706,惠特,16,4,12,康和-嘉義,2024-07-31,8459
00857B,永豐20年美公債,11,0,11,康和-嘉義,2024-07-31,8459
2204,中華,11,0,11,康和-嘉義,2024-07-31,8459
4979,華星光,16,5,11,康和-嘉義,2024-07-31,8459
6548,長科*,11,0,11,康和-嘉義,2024-07-31,8459
00940,元大台灣價值高息,11,1,10,康和-嘉義,2024-07-31,8459
2362,藍天,19,9,10,康和-嘉義,2024-07-31,8459
2939,永邑-KY,10,0,10,康和-嘉義,2024-07-31,8459
3290,東浦,10,0,10,康和-嘉義,2024-07-31,8459
6546,正基,10,0,10,康和-嘉義,2024-07-31,8459
1314,中石化,10,0,10,康和-嘉義,2024-07-31,8459
2317,鴻海,50,40,10,康和-嘉義,2024-07-31,8459
00665L,富邦�琤肭磪囓�2,10,1,9,康和-嘉義,2024-07-31,8459
6869,雲豹能源,39,30,9,康和-嘉義,2024-07-31,8459
00878,國泰永續高股息,11,3,8,康和-嘉義,2024-07-31,8459
3715,定穎投控,59,51,8,康和-嘉義,2024-07-31,8459
6197,佳必琪,8,0,8,康和-嘉義,2024-07-31,8459
3105,穩懋,10,3,7,康和-嘉義,2024-07-31,8459
2408,南亞科,8,1,7,康和-嘉義,2024-07-31,8459
2371,大同,26,19,7,康和-嘉義,2024-07-31,8459
2888,新光金,466,59,407,康和-嘉義,2024-08-01,8459
2515,中工,477,248,229,康和-嘉義,2024-08-01,8459
8054,安國,75,17,58,康和-嘉義,2024-08-01,8459
4513,福裕,137,83,54,康和-嘉義,2024-08-01,8459
2303,聯電,229,176,53,康和-嘉義,2024-08-01,8459
6873,泓德能源,50,0,50,康和-嘉義,2024-08-01,8459
1303,南亞,47,1,46,康和-嘉義,2024-08-01,8459
9946,三發地產,46,0,46,康和-嘉義,2024-08-01,8459
2344,華邦電,48,5,43,康和-嘉義,2024-08-01,8459
2501,國建,69,30,39,康和-嘉義,2024-08-01,8459
2349,錸德,157,118,39,康和-嘉義,2024-08-01,8459
3081,聯亞,38,0,38,康和-嘉義,2024-08-01,8459
2542,興富發,35,0,35,康和-嘉義,2024-08-01,8459
2405,輔信,37,3,34,康和-嘉義,2024-08-01,8459
3710,連展投控,30,0,30,康和-嘉義,2024-08-01,8459
00940,元大台灣價值高息,32,3,29,康和-嘉義,2024-08-01,8459
9945,潤泰新,40,11,29,康和-嘉義,2024-08-01,8459
8110,華東,31,3,28,康和-嘉義,2024-08-01,8459
00715L,期街口布蘭特正2,35,8,27,康和-嘉義,2024-08-01,8459
2836,高雄銀,26,0,26,康和-嘉義,2024-08-01,8459
00878,國泰永續高股息,28,2,26,康和-嘉義,2024-08-01,8459
3163,波若威,56,34,22,康和-嘉義,2024-08-01,8459
1314,中石化,70,48,22,康和-嘉義,2024-08-01,8459
5519,隆大,40,19,21,康和-嘉義,2024-08-01,8459
2867,三商壽,22,2,20,康和-嘉義,2024-08-01,8459
4510,高鋒,50,30,20,康和-嘉義,2024-08-01,8459
2420,新巨,18,0,18,康和-嘉義,2024-08-01,8459
3689,湧德,20,2,18,康和-嘉義,2024-08-01,8459
2892,第一金,16,0,16,康和-嘉義,2024-08-01,8459
2367,燿華,22,6,16,康和-嘉義,2024-08-01,8459
4566,時碩工業,27,12,15,康和-嘉義,2024-08-01,8459
3481,群創,20,6,14,康和-嘉義,2024-08-01,8459
3518,柏騰,14,1,13,康和-嘉義,2024-08-01,8459
1785,光洋科,59,47,12,康和-嘉義,2024-08-01,8459
2337,旺宏,60,48,12,康和-嘉義,2024-08-01,8459
3059,華晶科,13,1,12,康和-嘉義,2024-08-01,8459
4526,東台,22,10,12,康和-嘉義,2024-08-01,8459
0056,元大高股息,13,1,12,康和-嘉義,2024-08-01,8459
2442,新美齊,11,0,11,康和-嘉義,2024-08-01,8459
2889,國票金,16,5,11,康和-嘉義,2024-08-01,8459
1326,台化,10,0,10,康和-嘉義,2024-08-01,8459
00905,FT臺灣Smart,10,0,10,康和-嘉義,2024-08-01,8459
00934,中信成長高股息,10,0,10,康和-嘉義,2024-08-01,8459
00941,中信上游半導體,10,0,10,康和-嘉義,2024-08-01,8459
1301,台塑,11,1,10,康和-嘉義,2024-08-01,8459
1438,三地開發,10,0,10,康和-嘉義,2024-08-01,8459
1734,杏輝,10,0,10,康和-嘉義,2024-08-01,8459
2609,陽明,18,8,10,康和-嘉義,2024-08-01,8459
3019,亞光,23,13,10,康和-嘉義,2024-08-01,8459
6109,亞元,10,0,10,康和-嘉義,2024-08-01,8459
2888,新光金,349,46,303,康和-嘉義,2024-08-02,8459
6873,泓德能源,150,0,150,康和-嘉義,2024-08-02,8459
00929,復華台灣科技優息,145,7,138,康和-嘉義,2024-08-02,8459
00940,元大台灣價值高息,85,2,83,康和-嘉義,2024-08-02,8459
2317,鴻海,119,38,81,康和-嘉義,2024-08-02,8459
2103,台橡,65,0,65,康和-嘉義,2024-08-02,8459
2337,旺宏,64,1,63,康和-嘉義,2024-08-02,8459
00881,國泰台灣5G+,62,0,62,康和-嘉義,2024-08-02,8459
00878,國泰永續高股息,56,1,55,康和-嘉義,2024-08-02,8459
6116,彩晶,53,0,53,康和-嘉義,2024-08-02,8459
2365,昆盈,168,117,51,康和-嘉義,2024-08-02,8459
00919,群益台灣精選高息,74,25,49,康和-嘉義,2024-08-02,8459
3037,欣興,59,11,48,康和-嘉義,2024-08-02,8459
00632R,元大台灣50反1,100,53,47,康和-嘉義,2024-08-02,8459
2330,台積電,55,11,44,康和-嘉義,2024-08-02,8459
2613,中櫃,50,16,34,康和-嘉義,2024-08-02,8459
1609,大亞,30,1,29,康和-嘉義,2024-08-02,8459
00679B,元大美債20年,39,13,26,康和-嘉義,2024-08-02,8459
2801,彰銀,50,25,25,康和-嘉義,2024-08-02,8459
2913,農林,25,0,25,康和-嘉義,2024-08-02,8459
00946,群益科技高息成長,23,0,23,康和-嘉義,2024-08-02,8459
00905,FT臺灣Smart,23,0,23,康和-嘉義,2024-08-02,8459
3705,永信,22,0,22,康和-嘉義,2024-08-02,8459
8473,山林水,22,0,22,康和-嘉義,2024-08-02,8459
00893,國泰智能電動車,20,0,20,康和-嘉義,2024-08-02,8459
1446,宏和,23,3,20,康和-嘉義,2024-08-02,8459
2636,台驊控股,20,0,20,康和-嘉義,2024-08-02,8459
4513,福裕,116,96,20,康和-嘉義,2024-08-02,8459
2444,兆勁,20,0,20,康和-嘉義,2024-08-02,8459
00937B,群益ESG投等債20,31,12,19,康和-嘉義,2024-08-02,8459
2362,藍天,18,0,18,康和-嘉義,2024-08-02,8459
3481,群創,36,19,17,康和-嘉義,2024-08-02,8459
00712,復華富時不動產,17,0,17,康和-嘉義,2024-08-02,8459
00935,野村臺灣新科技50,17,0,17,康和-嘉義,2024-08-02,8459
2316,楠梓電,17,1,16,康和-嘉義,2024-08-02,8459
2891,中信金,36,21,15,康和-嘉義,2024-08-02,8459
2392,正崴,18,3,15,康和-嘉義,2024-08-02,8459
00687B,國泰20年美債,25,10,15,康和-嘉義,2024-08-02,8459
2374,佳能,68,54,14,康和-嘉義,2024-08-02,8459
5871,中租-KY,14,0,14,康和-嘉義,2024-08-02,8459
6177,達麗,67,53,14,康和-嘉義,2024-08-02,8459
8926,台汽電,14,0,14,康和-嘉義,2024-08-02,8459
3062,建漢,13,0,13,康和-嘉義,2024-08-02,8459
4526,東台,13,0,13,康和-嘉義,2024-08-02,8459
6213,聯茂,13,0,13,康和-嘉義,2024-08-02,8459
6770,力積電,12,0,12,康和-嘉義,2024-08-02,8459
00949,復華日本龍頭,12,0,12,康和-嘉義,2024-08-02,8459
2308,台達電,14,2,12,康和-嘉義,2024-08-02,8459
00675L,富邦臺灣加權正2,15,3,12,康和-嘉義,2024-08-02,8459
2367,燿華,21,9,12,康和-嘉義,2024-08-02,8459
00637L,元大滬深300正2,550,5,545,康和-嘉義,2024-08-05,8459
00940,元大台灣價值高息,349,40,309,康和-嘉義,2024-08-05,8459
00919,群益台灣精選高息,304,20,284,康和-嘉義,2024-08-05,8459
00688L,國泰20年美債正2,250,2,248,康和-嘉義,2024-08-05,8459
00929,復華台灣科技優息,256,76,180,康和-嘉義,2024-08-05,8459
00878,國泰永續高股息,156,8,148,康和-嘉義,2024-08-05,8459
1714,和桐,157,12,145,康和-嘉義,2024-08-05,8459
2103,台橡,116,5,111,康和-嘉義,2024-08-05,8459
2609,陽明,148,40,108,康和-嘉義,2024-08-05,8459
0056,元大高股息,109,2,107,康和-嘉義,2024-08-05,8459
00679B,元大美債20年,168,74,94,康和-嘉義,2024-08-05,8459
3481,群創,95,14,81,康和-嘉義,2024-08-05,8459
2374,佳能,101,31,70,康和-嘉義,2024-08-05,8459
2409,友達,66,1,65,康和-嘉義,2024-08-05,8459
4513,福裕,64,0,64,康和-嘉義,2024-08-05,8459
2883,凱基金,71,13,58,康和-嘉義,2024-08-05,8459
2834,臺企銀,79,24,55,康和-嘉義,2024-08-05,8459
8927,北基,55,0,55,康和-嘉義,2024-08-05,8459
1314,中石化,57,4,53,康和-嘉義,2024-08-05,8459
1608,華榮,52,0,52,康和-嘉義,2024-08-05,8459
00893,國泰智能電動車,50,0,50,康和-嘉義,2024-08-05,8459
2303,聯電,87,37,50,康和-嘉義,2024-08-05,8459
2801,彰銀,48,1,47,康和-嘉義,2024-08-05,8459
1304,台聚,47,0,47,康和-嘉義,2024-08-05,8459
00680L,元大美債20正2,89,46,43,康和-嘉義,2024-08-05,8459
6026,福邦證,41,0,41,康和-嘉義,2024-08-05,8459
1303,南亞,40,3,37,康和-嘉義,2024-08-05,8459
5498,凱崴,37,0,37,康和-嘉義,2024-08-05,8459
00946,群益科技高息成長,49,15,34,康和-嘉義,2024-08-05,8459
4510,高鋒,106,73,33,康和-嘉義,2024-08-05,8459
2399,映泰,36,5,31,康和-嘉義,2024-08-05,8459
2891,中信金,47,16,31,康和-嘉義,2024-08-05,8459
00715L,期街口布蘭特正2,30,0,30,康和-嘉義,2024-08-05,8459
1218,泰山,30,0,30,康和-嘉義,2024-08-05,8459
2007,燁興,30,0,30,康和-嘉義,2024-08-05,8459
3044,健鼎,32,2,30,康和-嘉義,2024-08-05,8459
00891,中信關鍵半導體,30,1,29,康和-嘉義,2024-08-05,8459
00918,大華優利高填息30,24,0,24,康和-嘉義,2024-08-05,8459
2344,華邦電,28,4,24,康和-嘉義,2024-08-05,8459
9945,潤泰新,51,28,23,康和-嘉義,2024-08-05,8459
4167,松瑞藥,23,0,23,康和-嘉義,2024-08-05,8459
2515,中工,74,52,22,康和-嘉義,2024-08-05,8459
1440,南紡,22,0,22,康和-嘉義,2024-08-05,8459
2897,王道銀行,22,0,22,康和-嘉義,2024-08-05,8459
3705,永信,21,0,21,康和-嘉義,2024-08-05,8459
2413,環科,20,0,20,康和-嘉義,2024-08-05,8459
3686,達能,20,0,20,康和-嘉義,2024-08-05,8459
2330,台積電,92,74,18,康和-嘉義,2024-08-05,8459
1720,生達,20,2,18,康和-嘉義,2024-08-05,8459
2882,國泰金,28,11,17,康和-嘉義,2024-08-05,8459
00637L,元大滬深300正2,423,12,411,康和-嘉義,2024-08-06,8459
00937B,群益ESG投等債20,137,40,97,康和-嘉義,2024-08-06,8459
2377,微星,60,0,60,康和-嘉義,2024-08-06,8459
2317,鴻海,425,371,54,康和-嘉義,2024-08-06,8459
2485,兆赫,54,0,54,康和-嘉義,2024-08-06,8459
8432,東生華,60,7,53,康和-嘉義,2024-08-06,8459
2845,遠東銀,50,0,50,康和-嘉義,2024-08-06,8459
3481,群創,75,29,46,康和-嘉義,2024-08-06,8459
1540,喬福,96,51,45,康和-嘉義,2024-08-06,8459
2409,友達,51,8,43,康和-嘉義,2024-08-06,8459
00679B,元大美債20年,52,14,38,康和-嘉義,2024-08-06,8459
00946,群益科技高息成長,34,0,34,康和-嘉義,2024-08-06,8459
9105,泰金寶-DR,39,9,30,康和-嘉義,2024-08-06,8459
00878,國泰永續高股息,34,5,29,康和-嘉義,2024-08-06,8459
6216,居易,29,1,28,康和-嘉義,2024-08-06,8459
3489,森寶,30,3,27,康和-嘉義,2024-08-06,8459
3652,精聯,27,0,27,康和-嘉義,2024-08-06,8459
4510,高鋒,35,8,27,康和-嘉義,2024-08-06,8459
3037,欣興,38,13,25,康和-嘉義,2024-08-06,8459
1536,和大,43,19,24,康和-嘉義,2024-08-06,8459
5210,寶碩,26,2,24,康和-嘉義,2024-08-06,8459
00680L,元大美債20正2,40,17,23,康和-嘉義,2024-08-06,8459
2374,佳能,47,24,23,康和-嘉義,2024-08-06,8459
2408,南亞科,24,1,23,康和-嘉義,2024-08-06,8459
00940,元大台灣價值高息,43,20,23,康和-嘉義,2024-08-06,8459
6689,伊雲谷,22,0,22,康和-嘉義,2024-08-06,8459
2618,長榮航,22,1,21,康和-嘉義,2024-08-06,8459
5213,亞昕,32,11,21,康和-嘉義,2024-08-06,8459
2722,夏都,20,0,20,康和-嘉義,2024-08-06,8459
3189,景碩,26,6,20,康和-嘉義,2024-08-06,8459
5498,凱崴,20,0,20,康和-嘉義,2024-08-06,8459
6177,達麗,21,1,20,康和-嘉義,2024-08-06,8459
6770,力積電,20,1,19,康和-嘉義,2024-08-06,8459
1808,潤隆,19,1,18,康和-嘉義,2024-08-06,8459
6197,佳必琪,18,0,18,康和-嘉義,2024-08-06,8459
2405,輔信,23,6,17,康和-嘉義,2024-08-06,8459
2303,聯電,65,48,17,康和-嘉義,2024-08-06,8459
2371,大同,25,9,16,康和-嘉義,2024-08-06,8459
8064,東捷,16,0,16,康和-嘉義,2024-08-06,8459
2337,旺宏,18,3,15,康和-嘉義,2024-08-06,8459
2489,瑞軒,33,18,15,康和-嘉義,2024-08-06,8459
9945,潤泰新,104,89,15,康和-嘉義,2024-08-06,8459
4919,新唐,14,0,14,康和-嘉義,2024-08-06,8459
1314,中石化,13,0,13,康和-嘉義,2024-08-06,8459
6016,康和證,14,1,13,康和-嘉義,2024-08-06,8459
6147,頎邦,13,0,13,康和-嘉義,2024-08-06,8459
1720,生達,12,0,12,康和-嘉義,2024-08-06,8459
4432,銘旺實,12,0,12,康和-嘉義,2024-08-06,8459
4714,永捷,12,0,12,康和-嘉義,2024-08-06,8459
2352,佳世達,13,2,11,康和-嘉義,2024-08-06,8459
2312,金寶,245,122,123,康和-嘉義,2024-08-07,8459
00933B,國泰10Y+金融債,103,0,103,康和-嘉義,2024-08-07,8459
2337,旺宏,60,6,54,康和-嘉義,2024-08-07,8459
2615,萬海,145,93,52,康和-嘉義,2024-08-07,8459
2609,陽明,96,48,48,康和-嘉義,2024-08-07,8459
2317,鴻海,216,178,38,康和-嘉義,2024-08-07,8459
2392,正崴,49,12,37,康和-嘉義,2024-08-07,8459
1609,大亞,66,33,33,康和-嘉義,2024-08-07,8459
2382,廣達,75,43,32,康和-嘉義,2024-08-07,8459
4510,高鋒,43,11,32,康和-嘉義,2024-08-07,8459
6213,聯茂,35,3,32,康和-嘉義,2024-08-07,8459
00679B,元大美債20年,32,1,31,康和-嘉義,2024-08-07,8459
1722,台肥,30,0,30,康和-嘉義,2024-08-07,8459
3710,連展投控,30,0,30,康和-嘉義,2024-08-07,8459
2603,長榮,34,7,27,康和-嘉義,2024-08-07,8459
00680L,元大美債20正2,26,0,26,康和-嘉義,2024-08-07,8459
00795B,中信美國公債20年,25,0,25,康和-嘉義,2024-08-07,8459
8064,東捷,30,5,25,康和-嘉義,2024-08-07,8459
00892,富邦台灣半導體,30,6,24,康和-嘉義,2024-08-07,8459
6285,啟��,22,1,21,康和-嘉義,2024-08-07,8459
00945B,凱基美國非投等債,20,0,20,康和-嘉義,2024-08-07,8459
1909,榮成,20,0,20,康和-嘉義,2024-08-07,8459
2887,台新金,18,0,18,康和-嘉義,2024-08-07,8459
5488,松普,18,0,18,康和-嘉義,2024-08-07,8459
1314,中石化,24,7,17,康和-嘉義,2024-08-07,8459
00632R,元大台灣50反1,28,11,17,康和-嘉義,2024-08-07,8459
6776,展�眥篕�,16,0,16,康和-嘉義,2024-08-07,8459
4562,穎漢,21,6,15,康和-嘉義,2024-08-07,8459
1785,光洋科,24,10,14,康和-嘉義,2024-08-07,8459
2618,長榮航,25,12,13,康和-嘉義,2024-08-07,8459
3518,柏騰,14,1,13,康和-嘉義,2024-08-07,8459
3035,智原,19,6,13,康和-嘉義,2024-08-07,8459
6525,捷敏-KY,12,0,12,康和-嘉義,2024-08-07,8459
6257,矽格,11,0,11,康和-嘉義,2024-08-07,8459
3576,聯合再生,15,5,10,康和-嘉義,2024-08-07,8459
00888,永豐台灣ESG,10,0,10,康和-嘉義,2024-08-07,8459
00686R,群益臺灣加權反1,10,0,10,康和-嘉義,2024-08-07,8459
4528,江興鍛,10,0,10,康和-嘉義,2024-08-07,8459
5243,乙盛-KY,10,0,10,康和-嘉義,2024-08-07,8459
5469,瀚宇博,10,0,10,康和-嘉義,2024-08-07,8459
6112,邁達特,10,0,10,康和-嘉義,2024-08-07,8459
6456,GIS-KY,10,0,10,康和-嘉義,2024-08-07,8459
00936,台新永續高息中小,12,2,10,康和-嘉義,2024-08-07,8459
1514,亞力,12,3,9,康和-嘉義,2024-08-07,8459
2359,所羅門,31,22,9,康和-嘉義,2024-08-07,8459
2408,南亞科,18,10,8,康和-嘉義,2024-08-07,8459
00662,富邦NASDAQ,8,0,8,康和-嘉義,2024-08-07,8459
00907,永豐優息存股,8,0,8,康和-嘉義,2024-08-07,8459
1608,華榮,8,0,8,康和-嘉義,2024-08-07,8459
1612,宏泰,68,60,8,康和-嘉義,2024-08-07,8459
2891,中信金,282,2,280,康和-嘉義,2024-08-08,8459
00937B,群益ESG投等債20,153,14,139,康和-嘉義,2024-08-08,8459
2883,凱基金,123,0,123,康和-嘉義,2024-08-08,8459
00933B,國泰10Y+金融債,104,0,104,康和-嘉義,2024-08-08,8459
00637L,元大滬深300正2,400,310,90,康和-嘉義,2024-08-08,8459
00929,復華台灣科技優息,72,2,70,康和-嘉義,2024-08-08,8459
2888,新光金,76,8,68,康和-嘉義,2024-08-08,8459
2349,錸德,100,37,63,康和-嘉義,2024-08-08,8459
2303,聯電,86,29,57,康和-嘉義,2024-08-08,8459
2374,佳能,118,65,53,康和-嘉義,2024-08-08,8459
2892,第一金,63,10,53,康和-嘉義,2024-08-08,8459
2834,臺企銀,55,10,45,康和-嘉義,2024-08-08,8459
6727,亞泰金屬,44,0,44,康和-嘉義,2024-08-08,8459
8064,東捷,38,1,37,康和-嘉義,2024-08-08,8459
2618,長榮航,40,5,35,康和-嘉義,2024-08-08,8459
2344,華邦電,34,0,34,康和-嘉義,2024-08-08,8459
00931B,統一美債20年,30,0,30,康和-嘉義,2024-08-08,8459
1102,亞泥,30,0,30,康和-嘉義,2024-08-08,8459
00919,群益台灣精選高息,28,1,27,康和-嘉義,2024-08-08,8459
00936,台新永續高息中小,29,2,27,康和-嘉義,2024-08-08,8459
00940,元大台灣價值高息,27,0,27,康和-嘉義,2024-08-08,8459
0056,元大高股息,28,1,27,康和-嘉義,2024-08-08,8459
2002,中鋼,28,2,26,康和-嘉義,2024-08-08,8459
6806,森崴能源,22,0,22,康和-嘉義,2024-08-08,8459
00680L,元大美債20正2,21,0,21,康和-嘉義,2024-08-08,8459
3088,艾訊,24,3,21,康和-嘉義,2024-08-08,8459
00679B,元大美債20年,30,10,20,康和-嘉義,2024-08-08,8459
00878,國泰永續高股息,17,0,17,康和-嘉義,2024-08-08,8459
2233,宇隆,16,0,16,康和-嘉義,2024-08-08,8459
3024,憶聲,17,1,16,康和-嘉義,2024-08-08,8459
5309,系統電,17,1,16,康和-嘉義,2024-08-08,8459
6282,康舒,16,0,16,康和-嘉義,2024-08-08,8459
2489,瑞軒,197,182,15,康和-嘉義,2024-08-08,8459
2356,英業達,31,16,15,康和-嘉義,2024-08-08,8459
00900,富邦特選高股息30,15,0,15,康和-嘉義,2024-08-08,8459
5498,凱崴,47,32,15,康和-嘉義,2024-08-08,8459
2317,鴻海,152,137,15,康和-嘉義,2024-08-08,8459
6191,精成科,18,5,13,康和-嘉義,2024-08-08,8459
1301,台塑,12,0,12,康和-嘉義,2024-08-08,8459
2332,友訊,20,8,12,康和-嘉義,2024-08-08,8459
6873,泓德能源,12,0,12,康和-嘉義,2024-08-08,8459
2382,廣達,58,46,12,康和-嘉義,2024-08-08,8459
9958,世紀鋼,17,6,11,康和-嘉義,2024-08-08,8459
006208,富邦台50,11,0,11,康和-嘉義,2024-08-08,8459
00881,國泰台灣5G+,12,2,10,康和-嘉義,2024-08-08,8459
2636,台驊控股,10,0,10,康和-嘉義,2024-08-08,8459
00733,富邦臺灣中小,10,0,10,康和-嘉義,2024-08-08,8459
00772B,中信高評級公司債,10,0,10,康和-嘉義,2024-08-08,8459
00888,永豐台灣ESG,10,0,10,康和-嘉義,2024-08-08,8459
2393,億光,11,1,10,康和-嘉義,2024-08-08,8459
2618,長榮航,250,9,241,康和-嘉義,2024-08-09,8459
1307,三芳,193,0,193,康和-嘉義,2024-08-09,8459
2882,國泰金,143,11,132,康和-嘉義,2024-08-09,8459
2349,錸德,193,62,131,康和-嘉義,2024-08-09,8459
00680L,元大美債20正2,89,0,89,康和-嘉義,2024-08-09,8459
00940,元大台灣價值高息,106,20,86,康和-嘉義,2024-08-09,8459
6016,康和證,110,32,78,康和-嘉義,2024-08-09,8459
00937B,群益ESG投等債20,74,4,70,康和-嘉義,2024-08-09,8459
1714,和桐,64,4,60,康和-嘉義,2024-08-09,8459
00632R,元大台灣50反1,67,10,57,康和-嘉義,2024-08-09,8459
2883B,凱基金乙特,50,0,50,康和-嘉義,2024-08-09,8459
3450,聯鈞,89,39,50,康和-嘉義,2024-08-09,8459
00679B,元大美債20年,55,5,50,康和-嘉義,2024-08-09,8459
2365,昆盈,177,136,41,康和-嘉義,2024-08-09,8459
00878,國泰永續高股息,36,2,34,康和-嘉義,2024-08-09,8459
1522,堤維西,32,0,32,康和-嘉義,2024-08-09,8459
00687B,國泰20年美債,31,0,31,康和-嘉義,2024-08-09,8459
4417,金洲,31,0,31,康和-嘉義,2024-08-09,8459
4562,穎漢,38,8,30,康和-嘉義,2024-08-09,8459
3715,定穎投控,52,27,25,康和-嘉義,2024-08-09,8459
2603,長榮,70,45,25,康和-嘉義,2024-08-09,8459
2892,第一金,25,1,24,康和-嘉義,2024-08-09,8459
4580,捷流閥業,23,0,23,康和-嘉義,2024-08-09,8459
2355,敬鵬,22,0,22,康和-嘉義,2024-08-09,8459
2329,華泰,24,3,21,康和-嘉義,2024-08-09,8459
2836,高雄銀,21,0,21,康和-嘉義,2024-08-09,8459
00948B,中信優息投資級債,25,5,20,康和-嘉義,2024-08-09,8459
00942B,台新美A公司債20+,20,0,20,康和-嘉義,2024-08-09,8459
00934,中信成長高股息,20,0,20,康和-嘉義,2024-08-09,8459
3706,神達,20,0,20,康和-嘉義,2024-08-09,8459
6706,惠特,21,1,20,康和-嘉義,2024-08-09,8459
1609,大亞,59,40,19,康和-嘉義,2024-08-09,8459
2313,華通,21,2,19,康和-嘉義,2024-08-09,8459
9105,泰金寶-DR,50,31,19,康和-嘉義,2024-08-09,8459
00795B,中信美國公債20年,17,0,17,康和-嘉義,2024-08-09,8459
3044,健鼎,18,1,17,康和-嘉義,2024-08-09,8459
5443,均豪,41,24,17,康和-嘉義,2024-08-09,8459
2610,華航,16,1,15,康和-嘉義,2024-08-09,8459
3047,訊舟,58,43,15,康和-嘉義,2024-08-09,8459
00929,復華台灣科技優息,27,13,14,康和-嘉義,2024-08-09,8459
2359,所羅門,33,19,14,康和-嘉義,2024-08-09,8459
2515,中工,15,1,14,康和-嘉義,2024-08-09,8459
6598,ABC-KY,13,0,13,康和-嘉義,2024-08-09,8459
8089,康全電訊,13,0,13,康和-嘉義,2024-08-09,8459
2520,冠德,12,0,12,康和-嘉義,2024-08-09,8459
5202,力新,13,1,12,康和-嘉義,2024-08-09,8459
5519,隆大,12,0,12,康和-嘉義,2024-08-09,8459
3231,緯創,86,74,12,康和-嘉義,2024-08-09,8459
2615,萬海,71,59,12,康和-嘉義,2024-08-09,8459
0050,元大台灣50,15,4,11,康和-嘉義,2024-08-09,8459
2883,凱基金,477,10,467,康和-嘉義,2024-08-12,8459
00687B,國泰20年美債,204,4,200,康和-嘉義,2024-08-12,8459
2387,精元,196,0,196,康和-嘉義,2024-08-12,8459
3209,全科,179,0,179,康和-嘉義,2024-08-12,8459
00900,富邦特選高股息30,134,14,120,康和-嘉義,2024-08-12,8459
00878,國泰永續高股息,112,1,111,康和-嘉義,2024-08-12,8459
2618,長榮航,100,3,97,康和-嘉義,2024-08-12,8459
00632R,元大台灣50反1,95,20,75,康和-嘉義,2024-08-12,8459
2488,漢平,72,0,72,康和-嘉義,2024-08-12,8459
2881,富邦金,50,0,50,康和-嘉義,2024-08-12,8459
00940,元大台灣價值高息,60,15,45,康和-嘉義,2024-08-12,8459
3522,御嵿,40,0,40,康和-嘉義,2024-08-12,8459
00929,復華台灣科技優息,45,10,35,康和-嘉義,2024-08-12,8459
3481,群創,78,44,34,康和-嘉義,2024-08-12,8459
00937B,群益ESG投等債20,73,39,34,康和-嘉義,2024-08-12,8459
8021,尖點,43,10,33,康和-嘉義,2024-08-12,8459
3260,威剛,38,5,33,康和-嘉義,2024-08-12,8459
2031,新光鋼,32,0,32,康和-嘉義,2024-08-12,8459
4513,福裕,36,6,30,康和-嘉義,2024-08-12,8459
2520,冠德,39,13,26,康和-嘉義,2024-08-12,8459
2891,中信金,27,1,26,康和-嘉義,2024-08-12,8459
3048,益登,31,5,26,康和-嘉義,2024-08-12,8459
2363,矽統,42,17,25,康和-嘉義,2024-08-12,8459
3167,大量,36,13,23,康和-嘉義,2024-08-12,8459
00688L,國泰20年美債正2,27,6,21,康和-嘉義,2024-08-12,8459
1584,精剛,24,4,20,康和-嘉義,2024-08-12,8459
2362,藍天,17,0,17,康和-嘉義,2024-08-12,8459
3189,景碩,23,6,17,康和-嘉義,2024-08-12,8459
1514,亞力,36,20,16,康和-嘉義,2024-08-12,8459
3024,憶聲,16,0,16,康和-嘉義,2024-08-12,8459
00934,中信成長高股息,16,0,16,康和-嘉義,2024-08-12,8459
00715L,期街口布蘭特正2,20,5,15,康和-嘉義,2024-08-12,8459
00931B,統一美債20年,15,0,15,康和-嘉義,2024-08-12,8459
2312,金寶,52,38,14,康和-嘉義,2024-08-12,8459
2609,陽明,48,34,14,康和-嘉義,2024-08-12,8459
3707,漢磊,14,0,14,康和-嘉義,2024-08-12,8459
5452,佶優,13,1,12,康和-嘉義,2024-08-12,8459
6274,台燿,12,0,12,康和-嘉義,2024-08-12,8459
1440,南紡,11,0,11,康和-嘉義,2024-08-12,8459
2603,長榮,16,6,10,康和-嘉義,2024-08-12,8459
00945B,凱基美國非投等債,10,0,10,康和-嘉義,2024-08-12,8459
2515,中工,10,0,10,康和-嘉義,2024-08-12,8459
2605,新興,11,1,10,康和-嘉義,2024-08-12,8459
3163,波若威,12,2,10,康和-嘉義,2024-08-12,8459
4532,瑞智,12,2,10,康和-嘉義,2024-08-12,8459
5309,系統電,12,2,10,康和-嘉義,2024-08-12,8459
5310,天剛,10,0,10,康和-嘉義,2024-08-12,8459
1316,上曜,9,0,9,康和-嘉義,2024-08-12,8459
1307,三芳,8,0,8,康和-嘉義,2024-08-12,8459
00665L,富邦�琤肭磪囓�2,8,0,8,康和-嘉義,2024-08-12,8459
2387,精元,141,10,131,康和-嘉義,2024-08-13,8459
2520,冠德,105,3,102,康和-嘉義,2024-08-13,8459
3209,全科,90,0,90,康和-嘉義,2024-08-13,8459
2880,華南金,75,0,75,康和-嘉義,2024-08-13,8459
00929,復華台灣科技優息,61,12,49,康和-嘉義,2024-08-13,8459
2834,臺企銀,49,0,49,康和-嘉義,2024-08-13,8459
2610,華航,44,0,44,康和-嘉義,2024-08-13,8459
6215,和椿,64,24,40,康和-嘉義,2024-08-13,8459
00679B,元大美債20年,49,10,39,康和-嘉義,2024-08-13,8459
3231,緯創,80,43,37,康和-嘉義,2024-08-13,8459
9945,潤泰新,118,83,35,康和-嘉義,2024-08-13,8459
2615,萬海,100,67,33,康和-嘉義,2024-08-13,8459
2103,台橡,32,0,32,康和-嘉義,2024-08-13,8459
8096,擎亞,106,77,29,康和-嘉義,2024-08-13,8459
5443,均豪,168,143,25,康和-嘉義,2024-08-13,8459
00687B,國泰20年美債,25,3,22,康和-嘉義,2024-08-13,8459
2836,高雄銀,22,0,22,康和-嘉義,2024-08-13,8459
6239,力成,22,0,22,康和-嘉義,2024-08-13,8459
2337,旺宏,21,1,20,康和-嘉義,2024-08-13,8459
5880,合庫金,40,20,20,康和-嘉義,2024-08-13,8459
00919,群益台灣精選高息,19,0,19,康和-嘉義,2024-08-13,8459
2488,漢平,19,0,19,康和-嘉義,2024-08-13,8459
4909,新復興,23,4,19,康和-嘉義,2024-08-13,8459
00712,復華富時不動產,18,0,18,康和-嘉義,2024-08-13,8459
1314,中石化,18,0,18,康和-嘉義,2024-08-13,8459
00881,國泰台灣5G+,21,4,17,康和-嘉義,2024-08-13,8459
3481,群創,24,7,17,康和-嘉義,2024-08-13,8459
9105,泰金寶-DR,37,20,17,康和-嘉義,2024-08-13,8459
00907,永豐優息存股,16,0,16,康和-嘉義,2024-08-13,8459
6838,台新藥,16,0,16,康和-嘉義,2024-08-13,8459
00795B,中信美國公債20年,15,0,15,康和-嘉義,2024-08-13,8459
00948B,中信優息投資級債,35,20,15,康和-嘉義,2024-08-13,8459
5508,永信建,16,1,15,康和-嘉義,2024-08-13,8459
4566,時碩工業,63,50,13,康和-嘉義,2024-08-13,8459
1101,台泥,18,5,13,康和-嘉義,2024-08-13,8459
1597,直得,18,5,13,康和-嘉義,2024-08-13,8459
3031,佰鴻,13,0,13,康和-嘉義,2024-08-13,8459
8054,安國,22,9,13,康和-嘉義,2024-08-13,8459
4534,慶騰,12,0,12,康和-嘉義,2024-08-13,8459
00936,台新永續高息中小,11,0,11,康和-嘉義,2024-08-13,8459
00680L,元大美債20正2,15,4,11,康和-嘉義,2024-08-13,8459
2891,中信金,30,20,10,康和-嘉義,2024-08-13,8459
00675L,富邦臺灣加權正2,15,5,10,康和-嘉義,2024-08-13,8459
00664R,國泰臺灣加權反1,10,0,10,康和-嘉義,2024-08-13,8459
00900,富邦特選高股息30,10,0,10,康和-嘉義,2024-08-13,8459
00946,群益科技高息成長,10,0,10,康和-嘉義,2024-08-13,8459
1570,力肯,10,0,10,康和-嘉義,2024-08-13,8459
2344,華邦電,17,7,10,康和-嘉義,2024-08-13,8459
2504,國產,10,0,10,康和-嘉義,2024-08-13,8459
3630,新鉅科,15,5,10,康和-嘉義,2024-08-13,8459
2801,彰銀,500,0,500,康和-嘉義,2024-08-14,8459
2312,金寶,245,18,227,康和-嘉義,2024-08-14,8459
1314,中石化,89,1,88,康和-嘉義,2024-08-14,8459
00632R,元大台灣50反1,101,25,76,康和-嘉義,2024-08-14,8459
1101,台泥,87,16,71,康和-嘉義,2024-08-14,8459
1532,勤美,57,0,57,康和-嘉義,2024-08-14,8459
2618,長榮航,56,10,46,康和-嘉義,2024-08-14,8459
3706,神達,52,8,44,康和-嘉義,2024-08-14,8459
2374,佳能,48,7,41,康和-嘉義,2024-08-14,8459
00687B,國泰20年美債,240,201,39,康和-嘉義,2024-08-14,8459
3209,全科,37,0,37,康和-嘉義,2024-08-14,8459
4513,福裕,72,41,31,康和-嘉義,2024-08-14,8459
4562,穎漢,95,65,30,康和-嘉義,2024-08-14,8459
00669R,國泰美國道瓊反1,30,0,30,康和-嘉義,2024-08-14,8459
3048,益登,31,5,26,康和-嘉義,2024-08-14,8459
00650L,復華香港正2,25,0,25,康和-嘉義,2024-08-14,8459
3481,群創,67,42,25,康和-嘉義,2024-08-14,8459
6224,聚鼎,25,0,25,康和-嘉義,2024-08-14,8459
2356,英業達,24,2,22,康和-嘉義,2024-08-14,8459
2387,精元,21,0,21,康和-嘉義,2024-08-14,8459
3081,聯亞,22,1,21,康和-嘉義,2024-08-14,8459
00830,國泰費城半導體,20,0,20,康和-嘉義,2024-08-14,8459
00896,中信綠能及電動車,20,0,20,康和-嘉義,2024-08-14,8459
2355,敬鵬,20,0,20,康和-嘉義,2024-08-14,8459
5243,乙盛-KY,20,0,20,康和-嘉義,2024-08-14,8459
2488,漢平,19,0,19,康和-嘉義,2024-08-14,8459
3163,波若威,20,1,19,康和-嘉義,2024-08-14,8459
8064,東捷,38,19,19,康和-嘉義,2024-08-14,8459
00878,國泰永續高股息,34,15,19,康和-嘉義,2024-08-14,8459
00712,復華富時不動產,38,20,18,康和-嘉義,2024-08-14,8459
1608,華榮,17,0,17,康和-嘉義,2024-08-14,8459
2520,冠德,21,4,17,康和-嘉義,2024-08-14,8459
3013,晟銘電,55,39,16,康和-嘉義,2024-08-14,8459
2313,華通,36,20,16,康和-嘉義,2024-08-14,8459
2363,矽統,15,0,15,康和-嘉義,2024-08-14,8459
2883,凱基金,66,51,15,康和-嘉義,2024-08-14,8459
3037,欣興,34,20,14,康和-嘉義,2024-08-14,8459
00679B,元大美債20年,13,1,12,康和-嘉義,2024-08-14,8459
1734,杏輝,12,0,12,康和-嘉義,2024-08-14,8459
2328,廣宇,12,0,12,康和-嘉義,2024-08-14,8459
00918,大華優利高填息30,12,0,12,康和-嘉義,2024-08-14,8459
00633L,富邦上証正2,12,1,11,康和-嘉義,2024-08-14,8459
1708,東鹼,38,27,11,康和-嘉義,2024-08-14,8459
2371,大同,23,12,11,康和-嘉義,2024-08-14,8459
6274,台燿,12,1,11,康和-嘉義,2024-08-14,8459
00923,群益台ESG低碳50,10,0,10,康和-嘉義,2024-08-14,8459
1584,精剛,10,0,10,康和-嘉義,2024-08-14,8459
1809,中釉,10,0,10,康和-嘉義,2024-08-14,8459
2243,宏旭-KY,14,4,10,康和-嘉義,2024-08-14,8459
3592,瑞鼎,10,0,10,康和-嘉義,2024-08-14,8459
2801,彰銀,108,2,106,康和-嘉義,2024-08-15,8459
2867,三商壽,110,26,84,康和-嘉義,2024-08-15,8459
00687B,國泰20年美債,83,0,83,康和-嘉義,2024-08-15,8459
00878,國泰永續高股息,82,2,80,康和-嘉義,2024-08-15,8459
2317,鴻海,79,23,56,康和-嘉義,2024-08-15,8459
00795B,中信美國公債20年,56,0,56,康和-嘉義,2024-08-15,8459
00679B,元大美債20年,55,0,55,康和-嘉義,2024-08-15,8459
00712,復華富時不動產,50,0,50,康和-嘉義,2024-08-15,8459
3231,緯創,50,2,48,康和-嘉義,2024-08-15,8459
00900,富邦特選高股息30,41,0,41,康和-嘉義,2024-08-15,8459
4561,健椿,122,85,37,康和-嘉義,2024-08-15,8459
2883,凱基金,47,10,37,康和-嘉義,2024-08-15,8459
00936,台新永續高息中小,34,0,34,康和-嘉義,2024-08-15,8459
2313,華通,32,0,32,康和-嘉義,2024-08-15,8459
3492,長盛,30,0,30,康和-嘉義,2024-08-15,8459
00929,復華台灣科技優息,38,11,27,康和-嘉義,2024-08-15,8459
4958,臻鼎-KY,30,4,26,康和-嘉義,2024-08-15,8459
6134,萬旭,30,5,25,康和-嘉義,2024-08-15,8459
00881,國泰台灣5G+,29,5,24,康和-嘉義,2024-08-15,8459
2881,富邦金,24,2,22,康和-嘉義,2024-08-15,8459
3284,太普高,38,17,21,康和-嘉義,2024-08-15,8459
00882,中信中國高股息,19,0,19,康和-嘉義,2024-08-15,8459
2388,威盛,21,2,19,康和-嘉義,2024-08-15,8459
2488,漢平,18,0,18,康和-嘉義,2024-08-15,8459
2834,臺企銀,18,0,18,康和-嘉義,2024-08-15,8459
3219,倚強科,16,0,16,康和-嘉義,2024-08-15,8459
1708,東鹼,23,8,15,康和-嘉義,2024-08-15,8459
3663,鑫科,78,63,15,康和-嘉義,2024-08-15,8459
5371,中光電,18,3,15,康和-嘉義,2024-08-15,8459
2303,聯電,40,25,15,康和-嘉義,2024-08-15,8459
2344,華邦電,17,2,15,康和-嘉義,2024-08-15,8459
00934,中信成長高股息,14,0,14,康和-嘉義,2024-08-15,8459
00632R,元大台灣50反1,14,0,14,康和-嘉義,2024-08-15,8459
00919,群益台灣精選高息,16,2,14,康和-嘉義,2024-08-15,8459
3167,大量,17,5,12,康和-嘉義,2024-08-15,8459
1101,台泥,22,10,12,康和-嘉義,2024-08-15,8459
00680L,元大美債20正2,13,1,12,康和-嘉義,2024-08-15,8459
2387,精元,12,0,12,康和-嘉義,2024-08-15,8459
3260,威剛,12,0,12,康和-嘉義,2024-08-15,8459
3711,日月光投控,11,0,11,康和-嘉義,2024-08-15,8459
2324,仁寶,13,2,11,康和-嘉義,2024-08-15,8459
4566,時碩工業,16,5,11,康和-嘉義,2024-08-15,8459
5469,瀚宇博,22,11,11,康和-嘉義,2024-08-15,8459
00894,中信小資高價30,10,0,10,康和-嘉義,2024-08-15,8459
00913,兆豐台灣晶圓製造,10,0,10,康和-嘉義,2024-08-15,8459
2362,藍天,19,9,10,康和-嘉義,2024-08-15,8459
2543,皇昌,14,4,10,康和-嘉義,2024-08-15,8459
4128,中天,10,0,10,康和-嘉義,2024-08-15,8459
8049,晶采,10,0,10,康和-嘉義,2024-08-15,8459
6505,台塑化,9,0,9,康和-嘉義,2024-08-15,8459
00687B,國泰20年美債,284,33,251,康和-嘉義,2024-08-16,8459
2888,新光金,150,3,147,康和-嘉義,2024-08-16,8459
8064,東捷,72,11,61,康和-嘉義,2024-08-16,8459
00712,復華富時不動產,60,0,60,康和-嘉義,2024-08-16,8459
6838,台新藥,52,0,52,康和-嘉義,2024-08-16,8459
5388,中磊,50,0,50,康和-嘉義,2024-08-16,8459
2062,橋椿,67,18,49,康和-嘉義,2024-08-16,8459
2344,華邦電,52,3,49,康和-嘉義,2024-08-16,8459
00680L,元大美債20正2,48,0,48,康和-嘉義,2024-08-16,8459
8096,擎亞,189,147,42,康和-嘉義,2024-08-16,8459
00632R,元大台灣50反1,41,0,41,康和-嘉義,2024-08-16,8459
2359,所羅門,126,94,32,康和-嘉義,2024-08-16,8459
2845,遠東銀,42,10,32,康和-嘉義,2024-08-16,8459
2881,富邦金,44,13,31,康和-嘉義,2024-08-16,8459
1513,中興電,43,13,30,康和-嘉義,2024-08-16,8459
3147,大綜,29,1,28,康和-嘉義,2024-08-16,8459
1785,光洋科,36,9,27,康和-嘉義,2024-08-16,8459
6505,台塑化,25,0,25,康和-嘉義,2024-08-16,8459
00679B,元大美債20年,28,3,25,康和-嘉義,2024-08-16,8459
8249,菱光,30,5,25,康和-嘉義,2024-08-16,8459
00940,元大台灣價值高息,40,17,23,康和-嘉義,2024-08-16,8459
3592,瑞鼎,22,3,19,康和-嘉義,2024-08-16,8459
1784,訊聯,18,0,18,康和-嘉義,2024-08-16,8459
2340,台亞,18,0,18,康和-嘉義,2024-08-16,8459
2886,兆豐金,25,7,18,康和-嘉義,2024-08-16,8459
1609,大亞,46,28,18,康和-嘉義,2024-08-16,8459
4562,穎漢,119,102,17,康和-嘉義,2024-08-16,8459
8021,尖點,16,0,16,康和-嘉義,2024-08-16,8459
5443,均豪,80,65,15,康和-嘉義,2024-08-16,8459
1714,和桐,15,0,15,康和-嘉義,2024-08-16,8459
2363,矽統,87,73,14,康和-嘉義,2024-08-16,8459
2867,三商壽,102,88,14,康和-嘉義,2024-08-16,8459
6207,雷科,23,9,14,康和-嘉義,2024-08-16,8459
8043,蜜望實,14,0,14,康和-嘉義,2024-08-16,8459
2301,光寶科,15,2,13,康和-嘉義,2024-08-16,8459
3062,建漢,40,28,12,康和-嘉義,2024-08-16,8459
4157,太景*-KY,17,5,12,康和-嘉義,2024-08-16,8459
6609,瀧澤科,15,3,12,康和-嘉義,2024-08-16,8459
00931B,統一美債20年,11,0,11,康和-嘉義,2024-08-16,8459
2352,佳世達,11,0,11,康和-嘉義,2024-08-16,8459
2603,長榮,10,0,10,康和-嘉義,2024-08-16,8459
00918,大華優利高填息30,12,2,10,康和-嘉義,2024-08-16,8459
00882,中信中國高股息,10,0,10,康和-嘉義,2024-08-16,8459
1563,巧新,10,0,10,康和-嘉義,2024-08-16,8459
2031,新光鋼,10,0,10,康和-嘉義,2024-08-16,8459
2392,正崴,18,8,10,康和-嘉義,2024-08-16,8459
2393,億光,10,0,10,康和-嘉義,2024-08-16,8459
5521,工信,10,0,10,康和-嘉義,2024-08-16,8459
9103,美德醫療-DR,10,0,10,康和-嘉義,2024-08-16,8459
2464,盟立,107,97,10,康和-嘉義,2024-08-16,8459
3059,華晶科,68,0,68,康和-嘉義,2024-08-19,8459
2489,瑞軒,182,121,61,康和-嘉義,2024-08-19,8459
2883,凱基金,55,1,54,康和-嘉義,2024-08-19,8459
2239,英利-KY,52,0,52,康和-嘉義,2024-08-19,8459
00929,復華台灣科技優息,87,36,51,康和-嘉義,2024-08-19,8459
2409,友達,63,14,49,康和-嘉義,2024-08-19,8459
00687B,國泰20年美債,52,3,49,康和-嘉義,2024-08-19,8459
2354,鴻準,64,15,49,康和-嘉義,2024-08-19,8459
00933B,國泰10Y+金融債,45,3,42,康和-嘉義,2024-08-19,8459
2888,新光金,104,70,34,康和-嘉義,2024-08-19,8459
2313,華通,39,6,33,康和-嘉義,2024-08-19,8459
00936,台新永續高息中小,30,1,29,康和-嘉義,2024-08-19,8459
6179,亞通,30,2,28,康和-嘉義,2024-08-19,8459
00715L,期街口布蘭特正2,26,0,26,康和-嘉義,2024-08-19,8459
4576,大銀微系統,23,0,23,康和-嘉義,2024-08-19,8459
00795B,中信美國公債20年,21,0,21,康和-嘉義,2024-08-19,8459
2367,燿華,23,2,21,康和-嘉義,2024-08-19,8459
00712,復華富時不動產,20,0,20,康和-嘉義,2024-08-19,8459
4513,福裕,24,5,19,康和-嘉義,2024-08-19,8459
00636,國泰中國A50,15,0,15,康和-嘉義,2024-08-19,8459
3048,益登,15,0,15,康和-嘉義,2024-08-19,8459
2382,廣達,29,15,14,康和-嘉義,2024-08-19,8459
2337,旺宏,14,0,14,康和-嘉義,2024-08-19,8459
00937B,群益ESG投等債20,38,25,13,康和-嘉義,2024-08-19,8459
6188,廣明,14,2,12,康和-嘉義,2024-08-19,8459
00882,中信中國高股息,12,0,12,康和-嘉義,2024-08-19,8459
3163,波若威,34,22,12,康和-嘉義,2024-08-19,8459
6269,台郡,12,0,12,康和-嘉義,2024-08-19,8459
6869,雲豹能源,14,2,12,康和-嘉義,2024-08-19,8459
3037,欣興,14,2,12,康和-嘉義,2024-08-19,8459
00931B,統一美債20年,13,2,11,康和-嘉義,2024-08-19,8459
00679B,元大美債20年,11,0,11,康和-嘉義,2024-08-19,8459
2801,彰銀,11,0,11,康和-嘉義,2024-08-19,8459
8147,正淩,11,0,11,康和-嘉義,2024-08-19,8459
6125,廣運,21,10,11,康和-嘉義,2024-08-19,8459
6505,台塑化,10,0,10,康和-嘉義,2024-08-19,8459
2467,志聖,25,15,10,康和-嘉義,2024-08-19,8459
00688L,國泰20年美債正2,10,0,10,康和-嘉義,2024-08-19,8459
1321,大洋,10,0,10,康和-嘉義,2024-08-19,8459
3712,永崴投控,10,0,10,康和-嘉義,2024-08-19,8459
6197,佳必琪,19,9,10,康和-嘉義,2024-08-19,8459
6546,正基,10,0,10,康和-嘉義,2024-08-19,8459
2371,大同,15,6,9,康和-嘉義,2024-08-19,8459
2405,輔信,32,23,9,康和-嘉義,2024-08-19,8459
5488,松普,9,0,9,康和-嘉義,2024-08-19,8459
6215,和椿,27,18,9,康和-嘉義,2024-08-19,8459
1785,光洋科,27,19,8,康和-嘉義,2024-08-19,8459
9945,潤泰新,18,10,8,康和-嘉義,2024-08-19,8459
00664R,國泰臺灣加權反1,8,0,8,康和-嘉義,2024-08-19,8459
9955,佳龍,27,19,8,康和-嘉義,2024-08-19,8459
2888,新光金,717,456,261,康和-嘉義,2024-08-20,8459
2867,三商壽,198,1,197,康和-嘉義,2024-08-20,8459
2337,旺宏,149,2,147,康和-嘉義,2024-08-20,8459
00715L,期街口布蘭特正2,143,1,142,康和-嘉義,2024-08-20,8459
00687B,國泰20年美債,119,5,114,康和-嘉義,2024-08-20,8459
8028,昇陽半導體,149,59,90,康和-嘉義,2024-08-20,8459
00632R,元大台灣50反1,88,3,85,康和-嘉義,2024-08-20,8459
2354,鴻準,147,65,82,康和-嘉義,2024-08-20,8459
00929,復華台灣科技優息,80,19,61,康和-嘉義,2024-08-20,8459
2349,錸德,101,40,61,康和-嘉義,2024-08-20,8459
2883,凱基金,60,1,59,康和-嘉義,2024-08-20,8459
2543,皇昌,53,4,49,康和-嘉義,2024-08-20,8459
4167,松瑞藥,52,5,47,康和-嘉義,2024-08-20,8459
5371,中光電,57,11,46,康和-嘉義,2024-08-20,8459
4804,大略-KY,46,0,46,康和-嘉義,2024-08-20,8459
3059,華晶科,54,10,44,康和-嘉義,2024-08-20,8459
2312,金寶,39,1,38,康和-嘉義,2024-08-20,8459
1785,光洋科,101,63,38,康和-嘉義,2024-08-20,8459
3013,晟銘電,63,27,36,康和-嘉義,2024-08-20,8459
1466,聚隆,116,82,34,康和-嘉義,2024-08-20,8459
8064,東捷,77,44,33,康和-嘉義,2024-08-20,8459
2486,一詮,30,2,28,康和-嘉義,2024-08-20,8459
3231,緯創,36,8,28,康和-嘉義,2024-08-20,8459
2402,毅嘉,26,1,25,康和-嘉義,2024-08-20,8459
00923,群益台ESG低碳50,24,0,24,康和-嘉義,2024-08-20,8459
00679B,元大美債20年,21,0,21,康和-嘉義,2024-08-20,8459
00636,國泰中國A50,20,0,20,康和-嘉義,2024-08-20,8459
2392,正崴,28,8,20,康和-嘉義,2024-08-20,8459
2891,中信金,21,1,20,康和-嘉義,2024-08-20,8459
3450,聯鈞,53,34,19,康和-嘉義,2024-08-20,8459
3379,彬台,20,2,18,康和-嘉義,2024-08-20,8459
5443,均豪,82,64,18,康和-嘉義,2024-08-20,8459
6117,迎廣,49,31,18,康和-嘉義,2024-08-20,8459
1514,亞力,25,8,17,康和-嘉義,2024-08-20,8459
2371,大同,47,30,17,康和-嘉義,2024-08-20,8459
1513,中興電,42,26,16,康和-嘉義,2024-08-20,8459
3047,訊舟,52,37,15,康和-嘉義,2024-08-20,8459
2239,英利-KY,17,2,15,康和-嘉義,2024-08-20,8459
3592,瑞鼎,15,0,15,康和-嘉義,2024-08-20,8459
2882,國泰金,15,1,14,康和-嘉義,2024-08-20,8459
8249,菱光,16,2,14,康和-嘉義,2024-08-20,8459
2881,富邦金,16,3,13,康和-嘉義,2024-08-20,8459
1714,和桐,13,0,13,康和-嘉義,2024-08-20,8459
2356,英業達,39,26,13,康和-嘉義,2024-08-20,8459
2845,遠東銀,13,0,13,康和-嘉義,2024-08-20,8459
4994,傳奇,13,0,13,康和-嘉義,2024-08-20,8459
1303,南亞,13,1,12,康和-嘉義,2024-08-20,8459
00931B,統一美債20年,12,0,12,康和-嘉義,2024-08-20,8459
6190,萬泰科,11,0,11,康和-嘉義,2024-08-20,8459
6209,今國光,11,0,11,康和-嘉義,2024-08-20,8459
9105,泰金寶-DR,153,54,99,康和-嘉義,2024-08-21,8459
00953B,群益優選非投等債,78,0,78,康和-嘉義,2024-08-21,8459
1722,台肥,74,0,74,康和-嘉義,2024-08-21,8459
2891,中信金,93,22,71,康和-嘉義,2024-08-21,8459
00940,元大台灣價值高息,65,0,65,康和-嘉義,2024-08-21,8459
2888B,新光金乙特,45,0,45,康和-嘉義,2024-08-21,8459
2317,鴻海,43,3,40,康和-嘉義,2024-08-21,8459
2356,英業達,46,7,39,康和-嘉義,2024-08-21,8459
2613,中櫃,40,1,39,康和-嘉義,2024-08-21,8459
4979,華星光,66,30,36,康和-嘉義,2024-08-21,8459
4555,氣立,36,1,35,康和-嘉義,2024-08-21,8459
00679B,元大美債20年,31,0,31,康和-嘉義,2024-08-21,8459
2313,華通,50,20,30,康和-嘉義,2024-08-21,8459
4804,大略-KY,29,0,29,康和-嘉義,2024-08-21,8459
00907,永豐優息存股,27,0,27,康和-嘉義,2024-08-21,8459
00919,群益台灣精選高息,26,0,26,康和-嘉義,2024-08-21,8459
3019,亞光,33,8,25,康和-嘉義,2024-08-21,8459
00881,國泰台灣5G+,24,0,24,康和-嘉義,2024-08-21,8459
4563,百德,26,4,22,康和-嘉義,2024-08-21,8459
2615,萬海,37,15,22,康和-嘉義,2024-08-21,8459
2543,皇昌,21,0,21,康和-嘉義,2024-08-21,8459
6873,泓德能源,20,0,20,康和-嘉義,2024-08-21,8459
3167,大量,21,2,19,康和-嘉義,2024-08-21,8459
4716,大立,50,32,18,康和-嘉義,2024-08-21,8459
1584,精剛,39,21,18,康和-嘉義,2024-08-21,8459
00929,復華台灣科技優息,22,4,18,康和-嘉義,2024-08-21,8459
2401,凌陽,22,5,17,康和-嘉義,2024-08-21,8459
8249,菱光,18,2,16,康和-嘉義,2024-08-21,8459
3518,柏騰,17,2,15,康和-嘉義,2024-08-21,8459
6284,佳邦,17,2,15,康和-嘉義,2024-08-21,8459
00795B,中信美國公債20年,14,0,14,康和-嘉義,2024-08-21,8459
2312,金寶,63,49,14,康和-嘉義,2024-08-21,8459
00878,國泰永續高股息,14,0,14,康和-嘉義,2024-08-21,8459
3374,精材,20,7,13,康和-嘉義,2024-08-21,8459
2722,夏都,12,0,12,康和-嘉義,2024-08-21,8459
2880,華南金,14,2,12,康和-嘉義,2024-08-21,8459
8096,擎亞,182,170,12,康和-嘉義,2024-08-21,8459
1319,東陽,11,0,11,康和-嘉義,2024-08-21,8459
1471,首利,10,0,10,康和-嘉義,2024-08-21,8459
2451,創見,10,0,10,康和-嘉義,2024-08-21,8459
2537,聯上發,10,0,10,康和-嘉義,2024-08-21,8459
3592,瑞鼎,10,0,10,康和-嘉義,2024-08-21,8459
3673,TPK-KY,10,0,10,康和-嘉義,2024-08-21,8459
4502,健信,10,0,10,康和-嘉義,2024-08-21,8459
4714,永捷,10,0,10,康和-嘉義,2024-08-21,8459
5355,佳總,10,0,10,康和-嘉義,2024-08-21,8459
8150,南茂,10,0,10,康和-嘉義,2024-08-21,8459
2610,華航,13,4,9,康和-嘉義,2024-08-21,8459
1784,訊聯,10,1,9,康和-嘉義,2024-08-21,8459
1563,巧新,9,0,9,康和-嘉義,2024-08-21,8459
00937B,群益ESG投等債20,501,10,491,康和-嘉義,2024-08-22,8459
4804,大略-KY,165,0,165,康和-嘉義,2024-08-22,8459
3209,全科,150,0,150,康和-嘉義,2024-08-22,8459
00688L,國泰20年美債正2,93,0,93,康和-嘉義,2024-08-22,8459
2801,彰銀,105,17,88,康和-嘉義,2024-08-22,8459
2488,漢平,74,0,74,康和-嘉義,2024-08-22,8459
2883,凱基金,69,0,69,康和-嘉義,2024-08-22,8459
00715L,期街口布蘭特正2,67,3,64,康和-嘉義,2024-08-22,8459
2891,中信金,79,23,56,康和-嘉義,2024-08-22,8459
2409,友達,188,138,50,康和-嘉義,2024-08-22,8459
2002,中鋼,53,5,48,康和-嘉義,2024-08-22,8459
1711,永光,50,3,47,康和-嘉義,2024-08-22,8459
00929,復華台灣科技優息,44,0,44,康和-嘉義,2024-08-22,8459
8096,擎亞,194,154,40,康和-嘉義,2024-08-22,8459
8064,東捷,45,6,39,康和-嘉義,2024-08-22,8459
2388,威盛,39,0,39,康和-嘉義,2024-08-22,8459
2444,兆勁,35,0,35,康和-嘉義,2024-08-22,8459
2317,鴻海,41,8,33,康和-嘉義,2024-08-22,8459
2371,大同,50,17,33,康和-嘉義,2024-08-22,8459
00795B,中信美國公債20年,32,0,32,康和-嘉義,2024-08-22,8459
8374,羅昇,66,37,29,康和-嘉義,2024-08-22,8459
2374,佳能,31,3,28,康和-嘉義,2024-08-22,8459
00907,永豐優息存股,27,0,27,康和-嘉義,2024-08-22,8459
2609,陽明,32,6,26,康和-嘉義,2024-08-22,8459
3580,友威科,27,1,26,康和-嘉義,2024-08-22,8459
00919,群益台灣精選高息,25,0,25,康和-嘉義,2024-08-22,8459
00857B,永豐20年美公債,23,0,23,康和-嘉義,2024-08-22,8459
2354,鴻準,37,14,23,康和-嘉義,2024-08-22,8459
2464,盟立,27,4,23,康和-嘉義,2024-08-22,8459
4557,永新-KY,21,0,21,康和-嘉義,2024-08-22,8459
6177,達麗,36,15,21,康和-嘉義,2024-08-22,8459
00664R,國泰臺灣加權反1,20,0,20,康和-嘉義,2024-08-22,8459
2543,皇昌,20,0,20,康和-嘉義,2024-08-22,8459
2359,所羅門,57,39,18,康和-嘉義,2024-08-22,8459
4542,科嶠,18,0,18,康和-嘉義,2024-08-22,8459
5301,寶得利,18,0,18,康和-嘉義,2024-08-22,8459
6441,廣錠,17,0,17,康和-嘉義,2024-08-22,8459
2382,廣達,18,2,16,康和-嘉義,2024-08-22,8459
2243,宏旭-KY,15,0,15,康和-嘉義,2024-08-22,8459
8089,康全電訊,14,0,14,康和-嘉義,2024-08-22,8459
3686,達能,13,0,13,康和-嘉義,2024-08-22,8459
9906,欣巴巴,16,3,13,康和-嘉義,2024-08-22,8459
2618,長榮航,20,8,12,康和-嘉義,2024-08-22,8459
00878,國泰永續高股息,13,1,12,康和-嘉義,2024-08-22,8459
4513,福裕,26,16,10,康和-嘉義,2024-08-22,8459
2442,新美齊,10,0,10,康和-嘉義,2024-08-22,8459
3163,波若威,18,8,10,康和-嘉義,2024-08-22,8459
3593,力銘,10,0,10,康和-嘉義,2024-08-22,8459
3594,磐儀,10,0,10,康和-嘉義,2024-08-22,8459
5498,凱崴,11,1,10,康和-嘉義,2024-08-22,8459
00665L,富邦�琤肭磪囓�2,673,0,673,康和-嘉義,2024-08-23,8459
2887,台新金,334,59,275,康和-嘉義,2024-08-23,8459
1314,中石化,198,13,185,康和-嘉義,2024-08-23,8459
2834,臺企銀,170,0,170,康和-嘉義,2024-08-23,8459
2349,錸德,462,317,145,康和-嘉義,2024-08-23,8459
00687B,國泰20年美債,208,80,128,康和-嘉義,2024-08-23,8459
00673R,期元大S＆P原油反1,112,0,112,康和-嘉義,2024-08-23,8459
6133,金橋,92,15,77,康和-嘉義,2024-08-23,8459
2402,毅嘉,61,3,58,康和-嘉義,2024-08-23,8459
4513,福裕,78,21,57,康和-嘉義,2024-08-23,8459
2891,中信金,52,5,47,康和-嘉義,2024-08-23,8459
1708,東鹼,51,8,43,康和-嘉義,2024-08-23,8459
3209,全科,37,0,37,康和-嘉義,2024-08-23,8459
8076,伍豐,34,0,34,康和-嘉義,2024-08-23,8459
00795B,中信美國公債20年,33,0,33,康和-嘉義,2024-08-23,8459
1612,宏泰,32,0,32,康和-嘉義,2024-08-23,8459
2488,漢平,32,0,32,康和-嘉義,2024-08-23,8459
8089,康全電訊,42,12,30,康和-嘉義,2024-08-23,8459
00715L,期街口布蘭特正2,35,6,29,康和-嘉義,2024-08-23,8459
00669R,國泰美國道瓊反1,25,0,25,康和-嘉義,2024-08-23,8459
00680L,元大美債20正2,25,0,25,康和-嘉義,2024-08-23,8459
00936,台新永續高息中小,24,0,24,康和-嘉義,2024-08-23,8459
2603,長榮,22,0,22,康和-嘉義,2024-08-23,8459
2317,鴻海,37,17,20,康和-嘉義,2024-08-23,8459
2615,萬海,23,3,20,康和-嘉義,2024-08-23,8459
00664R,國泰臺灣加權反1,20,0,20,康和-嘉義,2024-08-23,8459
3189,景碩,48,28,20,康和-嘉義,2024-08-23,8459
5443,均豪,138,119,19,康和-嘉義,2024-08-23,8459
00919,群益台灣精選高息,22,3,19,康和-嘉義,2024-08-23,8459
5452,佶優,18,1,17,康和-嘉義,2024-08-23,8459
3615,安可,20,3,17,康和-嘉義,2024-08-23,8459
5538,東明-KY,16,0,16,康和-嘉義,2024-08-23,8459
8150,南茂,15,0,15,康和-嘉義,2024-08-23,8459
2387,精元,15,0,15,康和-嘉義,2024-08-23,8459
3522,御嵿,15,0,15,康和-嘉義,2024-08-23,8459
4542,科嶠,15,0,15,康和-嘉義,2024-08-23,8459
5905,南仁湖,18,3,15,康和-嘉義,2024-08-23,8459
1809,中釉,16,3,13,康和-嘉義,2024-08-23,8459
6143,振曜,18,5,13,康和-嘉義,2024-08-23,8459
1409,新纖,21,8,13,康和-嘉義,2024-08-23,8459
2609,陽明,23,11,12,康和-嘉義,2024-08-23,8459
00632R,元大台灣50反1,17,5,12,康和-嘉義,2024-08-23,8459
1532,勤美,12,0,12,康和-嘉義,2024-08-23,8459
2344,華邦電,12,0,12,康和-嘉義,2024-08-23,8459
5371,中光電,19,7,12,康和-嘉義,2024-08-23,8459
6244,茂迪,13,1,12,康和-嘉義,2024-08-23,8459
8028,昇陽半導體,197,185,12,康和-嘉義,2024-08-23,8459
6177,達麗,11,0,11,康和-嘉義,2024-08-23,8459
8121,越峰,21,10,11,康和-嘉義,2024-08-23,8459
00679B,元大美債20年,10,0,10,康和-嘉義,2024-08-23,8459
00673R,期元大S＆P原油反1,400,0,400,康和-嘉義,2024-08-26,8459
00712,復華富時不動產,150,0,150,康和-嘉義,2024-08-26,8459
00632R,元大台灣50反1,115,16,99,康和-嘉義,2024-08-26,8459
8096,擎亞,134,68,66,康和-嘉義,2024-08-26,8459
2353,宏��,120,57,63,康和-嘉義,2024-08-26,8459
2606,裕民,60,7,53,康和-嘉義,2024-08-26,8459
2637,慧洋-KY,56,3,53,康和-嘉義,2024-08-26,8459
4167,松瑞藥,50,0,50,康和-嘉義,2024-08-26,8459
1711,永光,47,5,42,康和-嘉義,2024-08-26,8459
2355,敬鵬,40,0,40,康和-嘉義,2024-08-26,8459
2495,普安,40,0,40,康和-嘉義,2024-08-26,8459
2891,中信金,271,232,39,康和-嘉義,2024-08-26,8459
5443,均豪,226,192,34,康和-嘉義,2024-08-26,8459
3581,博磊,58,25,33,康和-嘉義,2024-08-26,8459
2402,毅嘉,50,18,32,康和-嘉義,2024-08-26,8459
1808,潤隆,30,0,30,康和-嘉義,2024-08-26,8459
1905,華紙,30,0,30,康和-嘉義,2024-08-26,8459
00940,元大台灣價值高息,27,0,27,康和-嘉義,2024-08-26,8459
00687B,國泰20年美債,120,95,25,康和-嘉義,2024-08-26,8459
4979,華星光,26,1,25,康和-嘉義,2024-08-26,8459
3498,陽程,36,13,23,康和-嘉義,2024-08-26,8459
1785,光洋科,27,5,22,康和-嘉義,2024-08-26,8459
3050,鈺德,22,3,19,康和-嘉義,2024-08-26,8459
3189,景碩,21,3,18,康和-嘉義,2024-08-26,8459
8171,天宇,16,0,16,康和-嘉義,2024-08-26,8459
8076,伍豐,14,0,14,康和-嘉義,2024-08-26,8459
4563,百德,15,2,13,康和-嘉義,2024-08-26,8459
4714,永捷,14,2,12,康和-嘉義,2024-08-26,8459
6443,元晶,11,0,11,康和-嘉義,2024-08-26,8459
3673,TPK-KY,13,2,11,康和-嘉義,2024-08-26,8459
5371,中光電,47,36,11,康和-嘉義,2024-08-26,8459
5469,瀚宇博,14,3,11,康和-嘉義,2024-08-26,8459
9935,慶豐富,11,0,11,康和-嘉義,2024-08-26,8459
5263,智崴,16,5,11,康和-嘉義,2024-08-26,8459
1316,上曜,10,0,10,康和-嘉義,2024-08-26,8459
00881,國泰台灣5G+,10,0,10,康和-嘉義,2024-08-26,8459
2630,亞航,10,0,10,康和-嘉義,2024-08-26,8459
4542,科嶠,10,0,10,康和-嘉義,2024-08-26,8459
2409,友達,26,18,8,康和-嘉義,2024-08-26,8459
6706,惠特,8,0,8,康和-嘉義,2024-08-26,8459
1609,大亞,16,8,8,康和-嘉義,2024-08-26,8459
2464,盟立,13,5,8,康和-嘉義,2024-08-26,8459
6552,易華電,8,0,8,康和-嘉義,2024-08-26,8459
6877,鏵友益,11,3,8,康和-嘉義,2024-08-26,8459
3047,訊舟,17,9,8,康和-嘉義,2024-08-26,8459
2313,華通,6,0,6,康和-嘉義,2024-08-26,8459
2376,技嘉,22,16,6,康和-嘉義,2024-08-26,8459
3013,晟銘電,12,6,6,康和-嘉義,2024-08-26,8459
6753,龍德造船,13,7,6,康和-嘉義,2024-08-26,8459
1513,中興電,6,0,6,康和-嘉義,2024-08-26,8459
00673R,期元大S＆P原油反1,403,0,403,康和-嘉義,2024-08-27,8459
2891,中信金,205,4,201,康和-嘉義,2024-08-27,8459
2883,凱基金,118,2,116,康和-嘉義,2024-08-27,8459
00687B,國泰20年美債,95,10,85,康和-嘉義,2024-08-27,8459
6143,振曜,77,1,76,康和-嘉義,2024-08-27,8459
2615,萬海,87,29,58,康和-嘉義,2024-08-27,8459
4967,十銓,56,14,42,康和-嘉義,2024-08-27,8459
8039,台虹,98,59,39,康和-嘉義,2024-08-27,8459
2367,燿華,36,7,29,康和-嘉義,2024-08-27,8459
2365,昆盈,52,23,29,康和-嘉義,2024-08-27,8459
2609,陽明,28,3,25,康和-嘉義,2024-08-27,8459
2208,台船,28,3,25,康和-嘉義,2024-08-27,8459
3535,晶彩科,67,42,25,康和-嘉義,2024-08-27,8459
8064,東捷,51,29,22,康和-嘉義,2024-08-27,8459
3019,亞光,52,30,22,康和-嘉義,2024-08-27,8459
3209,全科,21,1,20,康和-嘉義,2024-08-27,8459
4157,太景*-KY,20,0,20,康和-嘉義,2024-08-27,8459
2301,光寶科,19,0,19,康和-嘉義,2024-08-27,8459
2610,華航,25,8,17,康和-嘉義,2024-08-27,8459
8028,昇陽半導體,82,65,17,康和-嘉義,2024-08-27,8459
00919,群益台灣精選高息,15,0,15,康和-嘉義,2024-08-27,8459
1808,潤隆,15,0,15,康和-嘉義,2024-08-27,8459
3374,精材,71,56,15,康和-嘉義,2024-08-27,8459
8121,越峰,15,0,15,康和-嘉義,2024-08-27,8459
2303,聯電,17,3,14,康和-嘉義,2024-08-27,8459
3260,威剛,22,8,14,康和-嘉義,2024-08-27,8459
00929,復華台灣科技優息,14,1,13,康和-嘉義,2024-08-27,8459
00946,群益科技高息成長,20,8,12,康和-嘉義,2024-08-27,8459
2331,精英,15,3,12,康和-嘉義,2024-08-27,8459
3652,精聯,12,0,12,康和-嘉義,2024-08-27,8459
4707,磐亞,12,0,12,康和-嘉義,2024-08-27,8459
2359,所羅門,46,34,12,康和-嘉義,2024-08-27,8459
2834,臺企銀,12,0,12,康和-嘉義,2024-08-27,8459
3481,群創,133,122,11,康和-嘉義,2024-08-27,8459
1513,中興電,45,34,11,康和-嘉義,2024-08-27,8459
3013,晟銘電,25,14,11,康和-嘉義,2024-08-27,8459
5302,太欣,11,0,11,康和-嘉義,2024-08-27,8459
5498,凱崴,21,10,11,康和-嘉義,2024-08-27,8459
1312,國喬,10,0,10,康和-嘉義,2024-08-27,8459
00664R,國泰臺灣加權反1,10,0,10,康和-嘉義,2024-08-27,8459
1316,上曜,13,3,10,康和-嘉義,2024-08-27,8459
1471,首利,10,0,10,康和-嘉義,2024-08-27,8459
2472,立隆電,10,0,10,康和-嘉義,2024-08-27,8459
4532,瑞智,10,0,10,康和-嘉義,2024-08-27,8459
6873,泓德能源,10,0,10,康和-嘉義,2024-08-27,8459
6770,力積電,10,0,10,康和-嘉義,2024-08-27,8459
3450,聯鈞,41,31,10,康和-嘉義,2024-08-27,8459
2344,華邦電,10,1,9,康和-嘉義,2024-08-27,8459
2316,楠梓電,12,3,9,康和-嘉義,2024-08-27,8459
2387,精元,9,0,9,康和-嘉義,2024-08-27,8459
2887,台新金,151,1,150,康和-嘉義,2024-08-28,8459
1101,台泥,111,5,106,康和-嘉義,2024-08-28,8459
8064,東捷,105,20,85,康和-嘉義,2024-08-28,8459
00687B,國泰20年美債,84,2,82,康和-嘉義,2024-08-28,8459
5498,凱崴,87,12,75,康和-嘉義,2024-08-28,8459
4513,福裕,86,18,68,康和-嘉義,2024-08-28,8459
6153,嘉聯益,53,1,52,康和-嘉義,2024-08-28,8459
6164,華興,50,0,50,康和-嘉義,2024-08-28,8459
1802,台玻,42,0,42,康和-嘉義,2024-08-28,8459
2399,映泰,56,17,39,康和-嘉義,2024-08-28,8459
2834,臺企銀,40,5,35,康和-嘉義,2024-08-28,8459
6873,泓德能源,35,0,35,康和-嘉義,2024-08-28,8459
5386,青雲,59,27,32,康和-嘉義,2024-08-28,8459
00936,台新永續高息中小,30,0,30,康和-嘉義,2024-08-28,8459
1609,大亞,36,7,29,康和-嘉義,2024-08-28,8459
4526,東台,38,10,28,康和-嘉義,2024-08-28,8459
6143,振曜,40,12,28,康和-嘉義,2024-08-28,8459
4532,瑞智,22,0,22,康和-嘉義,2024-08-28,8459
00919,群益台灣精選高息,21,0,21,康和-嘉義,2024-08-28,8459
3163,波若威,29,8,21,康和-嘉義,2024-08-28,8459
4534,慶騰,36,15,21,康和-嘉義,2024-08-28,8459
3592,瑞鼎,20,0,20,康和-嘉義,2024-08-28,8459
2062,橋椿,21,3,18,康和-嘉義,2024-08-28,8459
6244,茂迪,18,1,17,康和-嘉義,2024-08-28,8459
6216,居易,17,0,17,康和-嘉義,2024-08-28,8459
2349,錸德,40,25,15,康和-嘉義,2024-08-28,8459
2883B,凱基金乙特,15,0,15,康和-嘉義,2024-08-28,8459
4906,正文,18,4,14,康和-嘉義,2024-08-28,8459
2392,正崴,44,31,13,康和-嘉義,2024-08-28,8459
00959B,大華投等美債15Y+,17,5,12,康和-嘉義,2024-08-28,8459
2017,官田鋼,12,0,12,康和-嘉義,2024-08-28,8459
6598,ABC-KY,12,0,12,康和-嘉義,2024-08-28,8459
6609,瀧澤科,22,10,12,康和-嘉義,2024-08-28,8459
00929,復華台灣科技優息,13,2,11,康和-嘉義,2024-08-28,8459
1455,集盛,11,0,11,康和-嘉義,2024-08-28,8459
3078,僑威,11,0,11,康和-嘉義,2024-08-28,8459
5371,中光電,11,0,11,康和-嘉義,2024-08-28,8459
6877,鏵友益,16,5,11,康和-嘉義,2024-08-28,8459
8070,長華*,14,3,11,康和-嘉義,2024-08-28,8459
3037,欣興,15,4,11,康和-嘉義,2024-08-28,8459
2615,萬海,19,8,11,康和-嘉義,2024-08-28,8459
6177,達麗,20,10,10,康和-嘉義,2024-08-28,8459
2356,英業達,11,1,10,康和-嘉義,2024-08-28,8459
00632R,元大台灣50反1,10,0,10,康和-嘉義,2024-08-28,8459
00753L,中信中國50正2,10,0,10,康和-嘉義,2024-08-28,8459
00795B,中信美國公債20年,10,0,10,康和-嘉義,2024-08-28,8459
2324,仁寶,10,0,10,康和-嘉義,2024-08-28,8459
2501,國建,11,1,10,康和-嘉義,2024-08-28,8459
6603,富強鑫,16,6,10,康和-嘉義,2024-08-28,8459
8926,台汽電,10,1,9,康和-嘉義,2024-08-28,8459
00665L,富邦�琤肭磪囓�2,1039,0,1039,康和-嘉義,2024-08-29,8459
2891,中信金,115,4,111,康和-嘉義,2024-08-29,8459
00679B,元大美債20年,53,3,50,康和-嘉義,2024-08-29,8459
00937B,群益ESG投等債20,55,6,49,康和-嘉義,2024-08-29,8459
2610,華航,44,0,44,康和-嘉義,2024-08-29,8459
3062,建漢,108,67,41,康和-嘉義,2024-08-29,8459
6156,松上,40,0,40,康和-嘉義,2024-08-29,8459
2399,映泰,71,32,39,康和-嘉義,2024-08-29,8459
2515,中工,41,2,39,康和-嘉義,2024-08-29,8459
3019,亞光,82,50,32,康和-嘉義,2024-08-29,8459
8927,北基,31,0,31,康和-嘉義,2024-08-29,8459
00919,群益台灣精選高息,40,11,29,康和-嘉義,2024-08-29,8459
00715L,期街口布蘭特正2,42,13,29,康和-嘉義,2024-08-29,8459
2317,鴻海,86,59,27,康和-嘉義,2024-08-29,8459
1784,訊聯,26,0,26,康和-嘉義,2024-08-29,8459
4549,桓達,35,10,25,康和-嘉義,2024-08-29,8459
2371,大同,24,0,24,康和-嘉義,2024-08-29,8459
00632R,元大台灣50反1,40,16,24,康和-嘉義,2024-08-29,8459
2388,威盛,27,3,24,康和-嘉義,2024-08-29,8459
8096,擎亞,48,25,23,康和-嘉義,2024-08-29,8459
3580,友威科,33,10,23,康和-嘉義,2024-08-29,8459
2330,台積電,33,10,23,康和-嘉義,2024-08-29,8459
00830,國泰費城半導體,22,0,22,康和-嘉義,2024-08-29,8459
2615,萬海,37,15,22,康和-嘉義,2024-08-29,8459
3481,群創,43,22,21,康和-嘉義,2024-08-29,8459
6807,峰源-KY,21,0,21,康和-嘉義,2024-08-29,8459
2017,官田鋼,20,0,20,康和-嘉義,2024-08-29,8459
3303,岱稜,41,21,20,康和-嘉義,2024-08-29,8459
6179,亞通,21,2,19,康和-嘉義,2024-08-29,8459
2392,正崴,18,0,18,康和-嘉義,2024-08-29,8459
1304,台聚,18,0,18,康和-嘉義,2024-08-29,8459
00878,國泰永續高股息,17,0,17,康和-嘉義,2024-08-29,8459
1609,大亞,21,4,17,康和-嘉義,2024-08-29,8459
3312,弘憶股,23,8,15,康和-嘉義,2024-08-29,8459
4123,晟德,15,0,15,康和-嘉義,2024-08-29,8459
00946,群益科技高息成長,15,0,15,康和-嘉義,2024-08-29,8459
3363,上詮,68,54,14,康和-嘉義,2024-08-29,8459
8086,宏捷科,24,10,14,康和-嘉義,2024-08-29,8459
4958,臻鼎-KY,16,3,13,康和-嘉義,2024-08-29,8459
2408,南亞科,23,10,13,康和-嘉義,2024-08-29,8459
00751B,元大AAA至A公司債,13,0,13,康和-嘉義,2024-08-29,8459
3231,緯創,45,32,13,康和-嘉義,2024-08-29,8459
3694,海華,16,3,13,康和-嘉義,2024-08-29,8459
3037,欣興,33,20,13,康和-嘉義,2024-08-29,8459
1708,東鹼,12,0,12,康和-嘉義,2024-08-29,8459
2312,金寶,24,12,12,康和-嘉義,2024-08-29,8459
4526,東台,85,74,11,康和-嘉義,2024-08-29,8459
2353,宏��,58,47,11,康和-嘉義,2024-08-29,8459
2362,藍天,14,3,11,康和-嘉義,2024-08-29,8459
3047,訊舟,34,24,10,康和-嘉義,2024-08-29,8459
00632R,元大台灣50反1,100,0,100,康和-嘉義,2024-08-30,8459
00706L,期元大S＆P日圓正2,100,0,100,康和-嘉義,2024-08-30,8459
2543,皇昌,62,0,62,康和-嘉義,2024-08-30,8459
3673,TPK-KY,67,7,60,康和-嘉義,2024-08-30,8459
6142,友勁,60,0,60,康和-嘉義,2024-08-30,8459
2374,佳能,69,17,52,康和-嘉義,2024-08-30,8459
4977,眾達-KY,49,0,49,康和-嘉義,2024-08-30,8459
2313,華通,214,172,42,康和-嘉義,2024-08-30,8459
00936,台新永續高息中小,38,0,38,康和-嘉義,2024-08-30,8459
2883B,凱基金乙特,35,0,35,康和-嘉義,2024-08-30,8459
1540,喬福,63,32,31,康和-嘉義,2024-08-30,8459
6207,雷科,30,0,30,康和-嘉義,2024-08-30,8459
4303,信立,32,6,26,康和-嘉義,2024-08-30,8459
6284,佳邦,26,3,23,康和-嘉義,2024-08-30,8459
4549,桓達,22,0,22,康和-嘉義,2024-08-30,8459
3481,群創,87,66,21,康和-嘉義,2024-08-30,8459
00680L,元大美債20正2,21,0,21,康和-嘉義,2024-08-30,8459
2524,京城,44,24,20,康和-嘉義,2024-08-30,8459
4160,訊聯基因,20,0,20,康和-嘉義,2024-08-30,8459
6016,康和證,25,5,20,康和-嘉義,2024-08-30,8459
4561,健椿,55,36,19,康和-嘉義,2024-08-30,8459
3663,鑫科,29,12,17,康和-嘉義,2024-08-30,8459
6706,惠特,21,4,17,康和-嘉義,2024-08-30,8459
4979,華星光,45,29,16,康和-嘉義,2024-08-30,8459
1785,光洋科,70,54,16,康和-嘉義,2024-08-30,8459
2425,承啟,26,10,16,康和-嘉義,2024-08-30,8459
00929,復華台灣科技優息,22,7,15,康和-嘉義,2024-08-30,8459
2409,友達,20,5,15,康和-嘉義,2024-08-30,8459
4763,材料-KY,15,0,15,康和-嘉義,2024-08-30,8459
2883,凱基金,15,0,15,康和-嘉義,2024-08-30,8459
3036,文曄,15,0,15,康和-嘉義,2024-08-30,8459
3013,晟銘電,18,4,14,康和-嘉義,2024-08-30,8459
1708,東鹼,14,2,12,康和-嘉義,2024-08-30,8459
3047,訊舟,16,4,12,康和-嘉義,2024-08-30,8459
2323,中環,12,0,12,康和-嘉義,2024-08-30,8459
2355,敬鵬,12,0,12,康和-嘉義,2024-08-30,8459
3645,達邁,31,19,12,康和-嘉義,2024-08-30,8459
6603,富強鑫,12,0,12,康和-嘉義,2024-08-30,8459
1711,永光,19,7,12,康和-嘉義,2024-08-30,8459
1809,中釉,11,0,11,康和-嘉義,2024-08-30,8459
3624,光頡,17,6,11,康和-嘉義,2024-08-30,8459
00940,元大台灣價值高息,10,0,10,康和-嘉義,2024-08-30,8459
00687B,國泰20年美債,10,0,10,康和-嘉義,2024-08-30,8459
2845,遠東銀,10,0,10,康和-嘉義,2024-08-30,8459
2888B,新光金乙特,10,0,10,康和-嘉義,2024-08-30,8459
5245,智晶,10,0,10,康和-嘉義,2024-08-30,8459
5386,青雲,13,3,10,康和-嘉義,2024-08-30,8459
5519,隆大,10,0,10,康和-嘉義,2024-08-30,8459
8096,擎亞,29,19,10,康和-嘉義,2024-08-30,8459
1314,中石化,9,0,9,康和-嘉義,2024-08-30,8459
2882,國泰金,216,67,149,康和-嘉義,2024-09-02,8459
2349,錸德,101,31,70,康和-嘉義,2024-09-02,8459
00927,群益半導體收益,50,0,50,康和-嘉義,2024-09-02,8459
1815,富喬,205,159,46,康和-嘉義,2024-09-02,8459
2897,王道銀行,50,5,45,康和-嘉義,2024-09-02,8459
2515,中工,81,40,41,康和-嘉義,2024-09-02,8459
00919,群益台灣精選高息,40,0,40,康和-嘉義,2024-09-02,8459
00959B,大華投等美債15Y+,37,0,37,康和-嘉義,2024-09-02,8459
2313,華通,79,45,34,康和-嘉義,2024-09-02,8459
2355,敬鵬,42,10,32,康和-嘉義,2024-09-02,8459
3062,建漢,49,19,30,康和-嘉義,2024-09-02,8459
1304,台聚,29,0,29,康和-嘉義,2024-09-02,8459
00650L,復華香港正2,28,0,28,康和-嘉義,2024-09-02,8459
2615,萬海,62,34,28,康和-嘉義,2024-09-02,8459
5905,南仁湖,27,0,27,康和-嘉義,2024-09-02,8459
00929,復華台灣科技優息,25,0,25,康和-嘉義,2024-09-02,8459
2301,光寶科,23,0,23,康和-嘉義,2024-09-02,8459
00632R,元大台灣50反1,23,0,23,康和-嘉義,2024-09-02,8459
5498,凱崴,20,0,20,康和-嘉義,2024-09-02,8459
8927,北基,20,0,20,康和-嘉義,2024-09-02,8459
1609,大亞,24,5,19,康和-嘉義,2024-09-02,8459
3363,上詮,40,22,18,康和-嘉義,2024-09-02,8459
00715L,期街口布蘭特正2,37,20,17,康和-嘉義,2024-09-02,8459
00637L,元大滬深300正2,24,7,17,康和-嘉義,2024-09-02,8459
3450,聯鈞,53,37,16,康和-嘉義,2024-09-02,8459
4526,東台,43,27,16,康和-嘉義,2024-09-02,8459
5381,合正,15,0,15,康和-嘉義,2024-09-02,8459
3303,岱稜,16,1,15,康和-嘉義,2024-09-02,8459
3592,瑞鼎,15,0,15,康和-嘉義,2024-09-02,8459
00918,大華優利高填息30,14,0,14,康和-嘉義,2024-09-02,8459
2489,瑞軒,14,0,14,康和-嘉義,2024-09-02,8459
2605,新興,14,0,14,康和-嘉義,2024-09-02,8459
00688L,國泰20年美債正2,13,0,13,康和-嘉義,2024-09-02,8459
2367,燿華,23,10,13,康和-嘉義,2024-09-02,8459
00713,元大台灣高息低波,12,0,12,康和-嘉義,2024-09-02,8459
2603,長榮,18,6,12,康和-嘉義,2024-09-02,8459
2331,精英,13,1,12,康和-嘉義,2024-09-02,8459
2402,毅嘉,46,34,12,康和-嘉義,2024-09-02,8459
6869,雲豹能源,52,40,12,康和-嘉義,2024-09-02,8459
6177,達麗,11,0,11,康和-嘉義,2024-09-02,8459
3149,正達,12,1,11,康和-嘉義,2024-09-02,8459
00679B,元大美債20年,10,0,10,康和-嘉義,2024-09-02,8459
00675L,富邦臺灣加權正2,20,10,10,康和-嘉義,2024-09-02,8459
1471,首利,10,0,10,康和-嘉義,2024-09-02,8459
2442,新美齊,10,0,10,康和-嘉義,2024-09-02,8459
2485,兆赫,10,0,10,康和-嘉義,2024-09-02,8459
3550,聯穎,11,1,10,康和-嘉義,2024-09-02,8459
5474,聰泰,10,0,10,康和-嘉義,2024-09-02,8459
5512,力麒,12,2,10,康和-嘉義,2024-09-02,8459
6259,百徽,10,0,10,康和-嘉義,2024-09-02,8459
00665L,富邦�琤肭磪囓�2,1136,0,1136,康和-嘉義,2024-09-03,8459
00679B,元大美債20年,114,2,112,康和-嘉義,2024-09-03,8459
2882,國泰金,89,0,89,康和-嘉義,2024-09-03,8459
2323,中環,65,0,65,康和-嘉義,2024-09-03,8459
3149,正達,68,4,64,康和-嘉義,2024-09-03,8459
00919,群益台灣精選高息,64,2,62,康和-嘉義,2024-09-03,8459
00936,台新永續高息中小,55,3,52,康和-嘉義,2024-09-03,8459
2464,盟立,217,167,50,康和-嘉義,2024-09-03,8459
2017,官田鋼,49,0,49,康和-嘉義,2024-09-03,8459
2344,華邦電,45,0,45,康和-嘉義,2024-09-03,8459
8374,羅昇,91,52,39,康和-嘉義,2024-09-03,8459
3231,緯創,50,14,36,康和-嘉義,2024-09-03,8459
00937B,群益ESG投等債20,45,10,35,康和-嘉義,2024-09-03,8459
1808,潤隆,32,1,31,康和-嘉義,2024-09-03,8459
2486,一詮,32,2,30,康和-嘉義,2024-09-03,8459
00664R,國泰臺灣加權反1,28,0,28,康和-嘉義,2024-09-03,8459
6207,雷科,31,3,28,康和-嘉義,2024-09-03,8459
3481,群創,71,44,27,康和-嘉義,2024-09-03,8459
00637L,元大滬深300正2,30,5,25,康和-嘉義,2024-09-03,8459
00915,凱基優選高股息30,25,0,25,康和-嘉義,2024-09-03,8459
6213,聯茂,39,15,24,康和-嘉義,2024-09-03,8459
00918,大華優利高填息30,20,0,20,康和-嘉義,2024-09-03,8459
2408,南亞科,19,2,17,康和-嘉義,2024-09-03,8459
2356,英業達,22,5,17,康和-嘉義,2024-09-03,8459
00878,國泰永續高股息,16,0,16,康和-嘉義,2024-09-03,8459
3037,欣興,19,4,15,康和-嘉義,2024-09-03,8459
1101,台泥,13,0,13,康和-嘉義,2024-09-03,8459
2359,所羅門,39,26,13,康和-嘉義,2024-09-03,8459
2515,中工,13,0,13,康和-嘉義,2024-09-03,8459
6139,亞翔,15,2,13,康和-嘉義,2024-09-03,8459
8249,菱光,13,0,13,康和-嘉義,2024-09-03,8459
3260,威剛,15,2,13,康和-嘉義,2024-09-03,8459
3581,博磊,13,1,12,康和-嘉義,2024-09-03,8459
3092,鴻碩,13,1,12,康和-嘉義,2024-09-03,8459
4563,百德,38,26,12,康和-嘉義,2024-09-03,8459
4532,瑞智,11,0,11,康和-嘉義,2024-09-03,8459
3015,全漢,12,2,10,康和-嘉義,2024-09-03,8459
5498,凱崴,20,10,10,康和-嘉義,2024-09-03,8459
5234,達興材料,11,1,10,康和-嘉義,2024-09-03,8459
00940,元大台灣價值高息,10,0,10,康和-嘉義,2024-09-03,8459
2801,彰銀,10,0,10,康和-嘉義,2024-09-03,8459
3059,華晶科,10,0,10,康和-嘉義,2024-09-03,8459
3308,聯德,10,0,10,康和-嘉義,2024-09-03,8459
3380,明泰,10,0,10,康和-嘉義,2024-09-03,8459
3592,瑞鼎,10,0,10,康和-嘉義,2024-09-03,8459
3623,富晶通,12,2,10,康和-嘉義,2024-09-03,8459
3673,TPK-KY,12,2,10,康和-嘉義,2024-09-03,8459
6706,惠特,33,23,10,康和-嘉義,2024-09-03,8459
6873,泓德能源,10,0,10,康和-嘉義,2024-09-03,8459
00929,復華台灣科技優息,26,16,10,康和-嘉義,2024-09-03,8459
2801,彰銀,529,0,529,康和-嘉義,2024-09-04,8459
00948B,中信優息投資級債,195,2,193,康和-嘉義,2024-09-04,8459
00940,元大台灣價值高息,165,0,165,康和-嘉義,2024-09-04,8459
00919,群益台灣精選高息,171,11,160,康和-嘉義,2024-09-04,8459
00715L,期街口布蘭特正2,136,0,136,康和-嘉義,2024-09-04,8459
00929,復華台灣科技優息,151,43,108,康和-嘉義,2024-09-04,8459
00915,凱基優選高股息30,82,0,82,康和-嘉義,2024-09-04,8459
00878,國泰永續高股息,73,0,73,康和-嘉義,2024-09-04,8459
2891,中信金,73,4,69,康和-嘉義,2024-09-04,8459
2722,夏都,68,0,68,康和-嘉義,2024-09-04,8459
1714,和桐,64,0,64,康和-嘉義,2024-09-04,8459
2883,凱基金,108,47,61,康和-嘉義,2024-09-04,8459
2103,台橡,55,0,55,康和-嘉義,2024-09-04,8459
5880,合庫金,52,0,52,康和-嘉義,2024-09-04,8459
00918,大華優利高填息30,47,0,47,康和-嘉義,2024-09-04,8459
2017,官田鋼,47,0,47,康和-嘉義,2024-09-04,8459
3037,欣興,61,16,45,康和-嘉義,2024-09-04,8459
3576,聯合再生,60,15,45,康和-嘉義,2024-09-04,8459
2317,鴻海,125,82,43,康和-嘉義,2024-09-04,8459
2330,台積電,44,6,38,康和-嘉義,2024-09-04,8459
4714,永捷,43,6,37,康和-嘉義,2024-09-04,8459
00893,國泰智能電動車,37,0,37,康和-嘉義,2024-09-04,8459
1905,華紙,34,0,34,康和-嘉義,2024-09-04,8459
00934,中信成長高股息,33,1,32,康和-嘉義,2024-09-04,8459
2356,英業達,32,0,32,康和-嘉義,2024-09-04,8459
2002,中鋼,36,5,31,康和-嘉義,2024-09-04,8459
1536,和大,32,3,29,康和-嘉義,2024-09-04,8459
00679B,元大美債20年,31,6,25,康和-嘉義,2024-09-04,8459
00830,國泰費城半導體,24,0,24,康和-嘉義,2024-09-04,8459
1301,台塑,32,10,22,康和-嘉義,2024-09-04,8459
0056,元大高股息,31,10,21,康和-嘉義,2024-09-04,8459
6505,台塑化,33,12,21,康和-嘉義,2024-09-04,8459
00891,中信關鍵半導體,20,0,20,康和-嘉義,2024-09-04,8459
1776,展宇,20,0,20,康和-嘉義,2024-09-04,8459
00881,國泰台灣5G+,20,0,20,康和-嘉義,2024-09-04,8459
2382,廣達,43,24,19,康和-嘉義,2024-09-04,8459
2371,大同,19,1,18,康和-嘉義,2024-09-04,8459
2880,華南金,18,0,18,康和-嘉義,2024-09-04,8459
2337,旺宏,19,2,17,康和-嘉義,2024-09-04,8459
3006,晶豪科,16,0,16,康和-嘉義,2024-09-04,8459
1326,台化,16,0,16,康和-嘉義,2024-09-04,8459
6546,正基,16,0,16,康和-嘉義,2024-09-04,8459
2882,國泰金,15,0,15,康和-嘉義,2024-09-04,8459
1609,大亞,16,1,15,康和-嘉義,2024-09-04,8459
2497,怡利電,21,6,15,康和-嘉義,2024-09-04,8459
1720,生達,15,0,15,康和-嘉義,2024-09-04,8459
2316,楠梓電,17,2,15,康和-嘉義,2024-09-04,8459
2440,太空梭,15,0,15,康和-嘉義,2024-09-04,8459
2547,日勝生,15,0,15,康和-嘉義,2024-09-04,8459
4534,慶騰,14,0,14,康和-嘉義,2024-09-04,8459
00637L,元大滬深300正2,307,4,303,康和-嘉義,2024-09-05,8459
2344,華邦電,61,0,61,康和-嘉義,2024-09-05,8459
00919,群益台灣精選高息,51,0,51,康和-嘉義,2024-09-05,8459
2834,臺企銀,60,10,50,康和-嘉義,2024-09-05,8459
00952,凱基台灣AI50,48,0,48,康和-嘉義,2024-09-05,8459
2402,毅嘉,44,3,41,康和-嘉義,2024-09-05,8459
00929,復華台灣科技優息,44,4,40,康和-嘉義,2024-09-05,8459
00680L,元大美債20正2,45,6,39,康和-嘉義,2024-09-05,8459
3481,群創,34,1,33,康和-嘉義,2024-09-05,8459
00943,兆豐電子高息等權,30,0,30,康和-嘉義,2024-09-05,8459
00650L,復華香港正2,30,0,30,康和-嘉義,2024-09-05,8459
2897,王道銀行,25,0,25,康和-嘉義,2024-09-05,8459
1326,台化,26,2,24,康和-嘉義,2024-09-05,8459
8374,羅昇,36,12,24,康和-嘉義,2024-09-05,8459
4126,太醫,23,0,23,康和-嘉義,2024-09-05,8459
3189,景碩,27,5,22,康和-嘉義,2024-09-05,8459
2409,友達,21,0,21,康和-嘉義,2024-09-05,8459
00675L,富邦臺灣加權正2,21,0,21,康和-嘉義,2024-09-05,8459
2801,彰銀,26,5,21,康和-嘉義,2024-09-05,8459
1301,台塑,31,11,20,康和-嘉義,2024-09-05,8459
1731,美吾華,20,0,20,康和-嘉義,2024-09-05,8459
00715L,期街口布蘭特正2,37,20,17,康和-嘉義,2024-09-05,8459
3592,瑞鼎,17,0,17,康和-嘉義,2024-09-05,8459
2313,華通,19,3,16,康和-嘉義,2024-09-05,8459
2382,廣達,20,4,16,康和-嘉義,2024-09-05,8459
1309,台達化,16,0,16,康和-嘉義,2024-09-05,8459
3062,建漢,20,4,16,康和-嘉義,2024-09-05,8459
4576,大銀微系統,22,8,14,康和-嘉義,2024-09-05,8459
2353,宏��,63,49,14,康和-嘉義,2024-09-05,8459
6213,聯茂,49,35,14,康和-嘉義,2024-09-05,8459
2002,中鋼,13,0,13,康和-嘉義,2024-09-05,8459
2495,普安,22,9,13,康和-嘉義,2024-09-05,8459
5905,南仁湖,14,1,13,康和-嘉義,2024-09-05,8459
00918,大華優利高填息30,15,3,12,康和-嘉義,2024-09-05,8459
2408,南亞科,21,10,11,康和-嘉義,2024-09-05,8459
4714,永捷,15,4,11,康和-嘉義,2024-09-05,8459
5443,均豪,12,1,11,康和-嘉義,2024-09-05,8459
3260,威剛,12,2,10,康和-嘉義,2024-09-05,8459
00733,富邦臺灣中小,10,0,10,康和-嘉義,2024-09-05,8459
1316,上曜,13,3,10,康和-嘉義,2024-09-05,8459
1447,力鵬,10,0,10,康和-嘉義,2024-09-05,8459
1714,和桐,16,6,10,康和-嘉義,2024-09-05,8459
2356,英業達,11,1,10,康和-嘉義,2024-09-05,8459
2399,映泰,10,0,10,康和-嘉義,2024-09-05,8459
2892,第一金,10,0,10,康和-嘉義,2024-09-05,8459
3015,全漢,10,0,10,康和-嘉義,2024-09-05,8459
4526,東台,10,0,10,康和-嘉義,2024-09-05,8459
4561,健椿,31,21,10,康和-嘉義,2024-09-05,8459
1303,南亞,11,2,9,康和-嘉義,2024-09-05,8459
00878,國泰永續高股息,10,1,9,康和-嘉義,2024-09-05,8459
2017,官田鋼,139,1,138,康和-嘉義,2024-09-06,8459
4956,光鋐,141,4,137,康和-嘉義,2024-09-06,8459
2836,高雄銀,100,0,100,康和-嘉義,2024-09-06,8459
1540,喬福,82,34,48,康和-嘉義,2024-09-06,8459
2356,英業達,42,1,41,康和-嘉義,2024-09-06,8459
1777,生泰,39,0,39,康和-嘉義,2024-09-06,8459
00688L,國泰20年美債正2,70,33,37,康和-嘉義,2024-09-06,8459
3062,建漢,44,8,36,康和-嘉義,2024-09-06,8459
5443,均豪,93,58,35,康和-嘉義,2024-09-06,8459
00715L,期街口布蘭特正2,32,0,32,康和-嘉義,2024-09-06,8459
00664R,國泰臺灣加權反1,30,0,30,康和-嘉義,2024-09-06,8459
2883,凱基金,45,15,30,康和-嘉義,2024-09-06,8459
3066,李洲,40,10,30,康和-嘉義,2024-09-06,8459
8150,南茂,30,1,29,康和-嘉義,2024-09-06,8459
4510,高鋒,91,64,27,康和-嘉義,2024-09-06,8459
00915,凱基優選高股息30,27,0,27,康和-嘉義,2024-09-06,8459
00918,大華優利高填息30,25,0,25,康和-嘉義,2024-09-06,8459
1605,華新,25,0,25,康和-嘉義,2024-09-06,8459
2031,新光鋼,25,0,25,康和-嘉義,2024-09-06,8459
2834,臺企銀,25,0,25,康和-嘉義,2024-09-06,8459
4526,東台,24,2,22,康和-嘉義,2024-09-06,8459
00919,群益台灣精選高息,31,11,20,康和-嘉義,2024-09-06,8459
2347,聯強,20,0,20,康和-嘉義,2024-09-06,8459
4513,福裕,20,0,20,康和-嘉義,2024-09-06,8459
8039,台虹,19,0,19,康和-嘉義,2024-09-06,8459
2801,彰銀,19,0,19,康和-嘉義,2024-09-06,8459
00929,復華台灣科技優息,29,12,17,康和-嘉義,2024-09-06,8459
6215,和椿,130,113,17,康和-嘉義,2024-09-06,8459
2344,華邦電,18,2,16,康和-嘉義,2024-09-06,8459
6216,居易,18,3,15,康和-嘉義,2024-09-06,8459
3092,鴻碩,22,8,14,康和-嘉義,2024-09-06,8459
2891,中信金,19,5,14,康和-嘉義,2024-09-06,8459
00940,元大台灣價值高息,13,0,13,康和-嘉義,2024-09-06,8459
6869,雲豹能源,14,1,13,康和-嘉義,2024-09-06,8459
3481,群創,16,4,12,康和-嘉義,2024-09-06,8459
2486,一詮,17,5,12,康和-嘉義,2024-09-06,8459
00948B,中信優息投資級債,12,0,12,康和-嘉義,2024-09-06,8459
3552,同致,12,0,12,康和-嘉義,2024-09-06,8459
00959B,大華投等美債15Y+,11,0,11,康和-嘉義,2024-09-06,8459
1336,台翰,11,0,11,康和-嘉義,2024-09-06,8459
1446,宏和,12,1,11,康和-嘉義,2024-09-06,8459
9958,世紀鋼,17,7,10,康和-嘉義,2024-09-06,8459
1815,富喬,105,95,10,康和-嘉義,2024-09-06,8459
3016,嘉晶,10,0,10,康和-嘉義,2024-09-06,8459
6180,橘子,10,0,10,康和-嘉義,2024-09-06,8459
6219,富旺,10,0,10,康和-嘉義,2024-09-06,8459
2349,錸德,10,1,9,康和-嘉義,2024-09-06,8459
2615,萬海,19,10,9,康和-嘉義,2024-09-06,8459
8089,康全電訊,9,0,9,康和-嘉義,2024-09-06,8459
2408,南亞科,19,11,8,康和-嘉義,2024-09-06,8459
00637L,元大滬深300正2,590,50,540,康和-嘉義,2024-09-09,8459
2801,彰銀,105,0,105,康和-嘉義,2024-09-09,8459
00919,群益台灣精選高息,81,0,81,康和-嘉義,2024-09-09,8459
2888,新光金,82,21,61,康和-嘉義,2024-09-09,8459
1708,東鹼,55,2,53,康和-嘉義,2024-09-09,8459
2883,凱基金,62,10,52,康和-嘉義,2024-09-09,8459
00679B,元大美債20年,50,9,41,康和-嘉義,2024-09-09,8459
2017,官田鋼,74,33,41,康和-嘉義,2024-09-09,8459
00940,元大台灣價值高息,35,0,35,康和-嘉義,2024-09-09,8459
2317,鴻海,35,0,35,康和-嘉義,2024-09-09,8459
4956,光鋐,33,0,33,康和-嘉義,2024-09-09,8459
2845,遠東銀,32,0,32,康和-嘉義,2024-09-09,8459
00687B,國泰20年美債,30,0,30,康和-嘉義,2024-09-09,8459
00929,復華台灣科技優息,29,0,29,康和-嘉義,2024-09-09,8459
2382,廣達,41,14,27,康和-嘉義,2024-09-09,8459
00878,國泰永續高股息,24,0,24,康和-嘉義,2024-09-09,8459
8064,東捷,26,2,24,康和-嘉義,2024-09-09,8459
2464,盟立,77,53,24,康和-嘉義,2024-09-09,8459
00893,國泰智能電動車,24,0,24,康和-嘉義,2024-09-09,8459
3663,鑫科,30,9,21,康和-嘉義,2024-09-09,8459
6838,台新藥,25,4,21,康和-嘉義,2024-09-09,8459
00676R,富邦臺灣加權反1,20,0,20,康和-嘉義,2024-09-09,8459
5351,鈺創,20,0,20,康和-嘉義,2024-09-09,8459
6142,友勁,20,0,20,康和-嘉義,2024-09-09,8459
2891,中信金,20,1,19,康和-嘉義,2024-09-09,8459
8374,羅昇,58,40,18,康和-嘉義,2024-09-09,8459
0056,元大高股息,17,0,17,康和-嘉義,2024-09-09,8459
2303,聯電,21,4,17,康和-嘉義,2024-09-09,8459
1524,耿鼎,17,0,17,康和-嘉義,2024-09-09,8459
3167,大量,17,1,16,康和-嘉義,2024-09-09,8459
4557,永新-KY,16,0,16,康和-嘉義,2024-09-09,8459
6290,良維,18,2,16,康和-嘉義,2024-09-09,8459
00918,大華優利高填息30,14,0,14,康和-嘉義,2024-09-09,8459
1714,和桐,30,16,14,康和-嘉義,2024-09-09,8459
2722,夏都,13,0,13,康和-嘉義,2024-09-09,8459
6830,汎銓,15,2,13,康和-嘉義,2024-09-09,8459
2330,台積電,22,9,13,康和-嘉義,2024-09-09,8459
3481,群創,16,4,12,康和-嘉義,2024-09-09,8459
2885,元大金,13,2,11,康和-嘉義,2024-09-09,8459
2615,萬海,19,8,11,康和-嘉義,2024-09-09,8459
00952,凱基台灣AI50,11,0,11,康和-嘉義,2024-09-09,8459
1301,台塑,11,1,10,康和-嘉義,2024-09-09,8459
00888,永豐台灣ESG,10,0,10,康和-嘉義,2024-09-09,8459
2031,新光鋼,10,0,10,康和-嘉義,2024-09-09,8459
2420,新巨,10,0,10,康和-嘉義,2024-09-09,8459
2897,王道銀行,20,10,10,康和-嘉義,2024-09-09,8459
3689,湧德,11,1,10,康和-嘉義,2024-09-09,8459
4532,瑞智,10,0,10,康和-嘉義,2024-09-09,8459
8927,北基,10,0,10,康和-嘉義,2024-09-09,8459
2603,長榮,10,0,10,康和-嘉義,2024-09-09,8459
3209,全科,127,0,127,康和-嘉義,2024-09-10,8459
4956,光鋐,110,1,109,康和-嘉義,2024-09-10,8459
2387,精元,90,0,90,康和-嘉義,2024-09-10,8459
00929,復華台灣科技優息,117,50,67,康和-嘉義,2024-09-10,8459
00919,群益台灣精選高息,72,15,57,康和-嘉義,2024-09-10,8459
2497,怡利電,73,25,48,康和-嘉義,2024-09-10,8459
2382,廣達,45,12,33,康和-嘉義,2024-09-10,8459
00940,元大台灣價值高息,31,0,31,康和-嘉義,2024-09-10,8459
2882,國泰金,32,1,31,康和-嘉義,2024-09-10,8459
2545,皇翔,32,1,31,康和-嘉義,2024-09-10,8459
2891,中信金,35,4,31,康和-嘉義,2024-09-10,8459
1809,中釉,25,0,25,康和-嘉義,2024-09-10,8459
6425,易發,28,3,25,康和-嘉義,2024-09-10,8459
2317,鴻海,77,53,24,康和-嘉義,2024-09-10,8459
00945B,凱基美國非投等債,24,0,24,康和-嘉義,2024-09-10,8459
00715L,期街口布蘭特正2,24,0,24,康和-嘉義,2024-09-10,8459
2303,聯電,28,4,24,康和-嘉義,2024-09-10,8459
00632R,元大台灣50反1,23,0,23,康和-嘉義,2024-09-10,8459
00680L,元大美債20正2,31,9,22,康和-嘉義,2024-09-10,8459
00675L,富邦臺灣加權正2,22,0,22,康和-嘉義,2024-09-10,8459
9906,欣巴巴,20,0,20,康和-嘉義,2024-09-10,8459
2031,新光鋼,20,0,20,康和-嘉義,2024-09-10,8459
2371,大同,30,11,19,康和-嘉義,2024-09-10,8459
8089,康全電訊,19,0,19,康和-嘉義,2024-09-10,8459
00948B,中信優息投資級債,18,0,18,康和-嘉義,2024-09-10,8459
3481,群創,20,3,17,康和-嘉義,2024-09-10,8459
2609,陽明,21,5,16,康和-嘉義,2024-09-10,8459
4909,新復興,59,44,15,康和-嘉義,2024-09-10,8459
8478,東哥遊艇,15,0,15,康和-嘉義,2024-09-10,8459
6441,廣錠,14,0,14,康和-嘉義,2024-09-10,8459
8150,南茂,14,0,14,康和-嘉義,2024-09-10,8459
1326,台化,14,1,13,康和-嘉義,2024-09-10,8459
6530,創威,15,2,13,康和-嘉義,2024-09-10,8459
2408,南亞科,13,0,13,康和-嘉義,2024-09-10,8459
00633L,富邦上証正2,13,0,13,康和-嘉義,2024-09-10,8459
00937B,群益ESG投等債20,23,10,13,康和-嘉義,2024-09-10,8459
3031,佰鴻,16,3,13,康和-嘉義,2024-09-10,8459
2374,佳能,42,30,12,康和-嘉義,2024-09-10,8459
00936,台新永續高息中小,11,0,11,康和-嘉義,2024-09-10,8459
3014,聯陽,11,0,11,康和-嘉義,2024-09-10,8459
00882,中信中國高股息,10,0,10,康和-嘉義,2024-09-10,8459
1455,集盛,10,0,10,康和-嘉義,2024-09-10,8459
1731,美吾華,10,0,10,康和-嘉義,2024-09-10,8459
2547,日勝生,10,0,10,康和-嘉義,2024-09-10,8459
3081,聯亞,11,1,10,康和-嘉義,2024-09-10,8459
3163,波若威,27,17,10,康和-嘉義,2024-09-10,8459
4566,時碩工業,42,32,10,康和-嘉義,2024-09-10,8459
6548,長科*,10,0,10,康和-嘉義,2024-09-10,8459
9941,裕融,10,0,10,康和-嘉義,2024-09-10,8459
4958,臻鼎-KY,11,1,10,康和-嘉義,2024-09-10,8459
00715L,期街口布蘭特正2,1476,1,1475,康和-嘉義,2024-09-11,8459
4417,金洲,218,0,218,康和-嘉義,2024-09-11,8459
2399,映泰,137,32,105,康和-嘉義,2024-09-11,8459
2883,凱基金,80,10,70,康和-嘉義,2024-09-11,8459
2488,漢平,72,10,62,康和-嘉義,2024-09-11,8459
00687B,國泰20年美債,47,0,47,康和-嘉義,2024-09-11,8459
1210,大成,46,0,46,康和-嘉義,2024-09-11,8459
2317,鴻海,73,28,45,康和-嘉義,2024-09-11,8459
3481,群創,48,5,43,康和-嘉義,2024-09-11,8459
3062,建漢,48,9,39,康和-嘉義,2024-09-11,8459
1307,三芳,39,0,39,康和-嘉義,2024-09-11,8459
2495,普安,33,0,33,康和-嘉義,2024-09-11,8459
5871,中租-KY,33,0,33,康和-嘉義,2024-09-11,8459
5443,均豪,64,32,32,康和-嘉義,2024-09-11,8459
2017,官田鋼,34,3,31,康和-嘉義,2024-09-11,8459
1316,上曜,27,0,27,康和-嘉義,2024-09-11,8459
4979,華星光,50,23,27,康和-嘉義,2024-09-11,8459
3356,奇偶,24,0,24,康和-嘉義,2024-09-11,8459
00918,大華優利高填息30,24,0,24,康和-嘉義,2024-09-11,8459
4561,健椿,27,4,23,康和-嘉義,2024-09-11,8459
2497,怡利電,158,136,22,康和-嘉義,2024-09-11,8459
2405,輔信,26,5,21,康和-嘉義,2024-09-11,8459
6732,昇佳電子,20,0,20,康和-嘉義,2024-09-11,8459
3037,欣興,37,17,20,康和-嘉義,2024-09-11,8459
2002,中鋼,20,1,19,康和-嘉義,2024-09-11,8459
5438,東友,18,0,18,康和-嘉義,2024-09-11,8459
00937B,群益ESG投等債20,24,7,17,康和-嘉義,2024-09-11,8459
3363,上詮,17,0,17,康和-嘉義,2024-09-11,8459
00878,國泰永續高股息,20,5,15,康和-嘉義,2024-09-11,8459
4909,新復興,20,5,15,康和-嘉義,2024-09-11,8459
2816,旺旺保,15,0,15,康和-嘉義,2024-09-11,8459
2881,富邦金,16,1,15,康和-嘉義,2024-09-11,8459
6257,矽格,20,6,14,康和-嘉義,2024-09-11,8459
3707,漢磊,14,1,13,康和-嘉義,2024-09-11,8459
00680L,元大美債20正2,20,7,13,康和-嘉義,2024-09-11,8459
00632R,元大台灣50反1,13,1,12,康和-嘉義,2024-09-11,8459
3260,威剛,12,0,12,康和-嘉義,2024-09-11,8459
6609,瀧澤科,37,25,12,康和-嘉義,2024-09-11,8459
8076,伍豐,12,0,12,康和-嘉義,2024-09-11,8459
6187,萬潤,25,14,11,康和-嘉義,2024-09-11,8459
6244,茂迪,11,0,11,康和-嘉義,2024-09-11,8459
1326,台化,14,3,11,康和-嘉義,2024-09-11,8459
5498,凱崴,11,0,11,康和-嘉義,2024-09-11,8459
9906,欣巴巴,14,3,11,康和-嘉義,2024-09-11,8459
6712,長聖,11,1,10,康和-嘉義,2024-09-11,8459
00945B,凱基美國非投等債,10,0,10,康和-嘉義,2024-09-11,8459
2402,毅嘉,13,3,10,康和-嘉義,2024-09-11,8459
2887,台新金,14,4,10,康和-嘉義,2024-09-11,8459
6838,台新藥,10,0,10,康和-嘉義,2024-09-11,8459
00915,凱基優選高股息30,9,0,9,康和-嘉義,2024-09-11,8459
00679B,元大美債20年,451,50,401,康和-嘉義,2024-09-12,8459
2618,長榮航,112,2,110,康和-嘉義,2024-09-12,8459
00632R,元大台灣50反1,40,2,38,康和-嘉義,2024-09-12,8459
00919,群益台灣精選高息,50,13,37,康和-嘉義,2024-09-12,8459
8374,羅昇,62,25,37,康和-嘉義,2024-09-12,8459
2420,新巨,38,2,36,康和-嘉義,2024-09-12,8459
2367,燿華,31,0,31,康和-嘉義,2024-09-12,8459
1711,永光,47,16,31,康和-嘉義,2024-09-12,8459
2891,中信金,47,17,30,康和-嘉義,2024-09-12,8459
1808,潤隆,30,0,30,康和-嘉義,2024-09-12,8459
2451,創見,30,0,30,康和-嘉義,2024-09-12,8459
3209,全科,34,5,29,康和-嘉義,2024-09-12,8459
00687B,國泰20年美債,31,2,29,康和-嘉義,2024-09-12,8459
3047,訊舟,29,4,25,康和-嘉義,2024-09-12,8459
00706L,期元大S＆P日圓正2,23,0,23,康和-嘉義,2024-09-12,8459
2464,盟立,40,19,21,康和-嘉義,2024-09-12,8459
0056,元大高股息,21,0,21,康和-嘉義,2024-09-12,8459
00915,凱基優選高股息30,20,0,20,康和-嘉義,2024-09-12,8459
00713,元大台灣高息低波,20,0,20,康和-嘉義,2024-09-12,8459
2501,國建,20,0,20,康和-嘉義,2024-09-12,8459
4526,東台,31,11,20,康和-嘉義,2024-09-12,8459
6136,富爾特,20,0,20,康和-嘉義,2024-09-12,8459
00688L,國泰20年美債正2,19,0,19,康和-嘉義,2024-09-12,8459
00940,元大台灣價值高息,19,1,18,康和-嘉義,2024-09-12,8459
6706,惠特,37,19,18,康和-嘉義,2024-09-12,8459
3231,緯創,38,21,17,康和-嘉義,2024-09-12,8459
4956,光鋐,24,7,17,康和-嘉義,2024-09-12,8459
00918,大華優利高填息30,16,0,16,康和-嘉義,2024-09-12,8459
00795B,中信美國公債20年,15,0,15,康和-嘉義,2024-09-12,8459
2323,中環,15,0,15,康和-嘉義,2024-09-12,8459
3492,長盛,18,3,15,康和-嘉義,2024-09-12,8459
2887,台新金,375,361,14,康和-嘉義,2024-09-12,8459
1326,台化,14,1,13,康和-嘉義,2024-09-12,8459
6770,力積電,12,0,12,康和-嘉義,2024-09-12,8459
1524,耿鼎,22,10,12,康和-嘉義,2024-09-12,8459
4909,新復興,55,43,12,康和-嘉義,2024-09-12,8459
3141,晶宏,11,0,11,康和-嘉義,2024-09-12,8459
4958,臻鼎-KY,15,4,11,康和-嘉義,2024-09-12,8459
2488,漢平,11,0,11,康和-嘉義,2024-09-12,8459
6472,保瑞,10,0,10,康和-嘉義,2024-09-12,8459
00633L,富邦上証正2,10,0,10,康和-嘉義,2024-09-12,8459
006208,富邦台50,10,0,10,康和-嘉義,2024-09-12,8459
1513,中興電,16,6,10,康和-嘉義,2024-09-12,8459
2374,佳能,15,5,10,康和-嘉義,2024-09-12,8459
2402,毅嘉,63,53,10,康和-嘉義,2024-09-12,8459
2441,超豐,10,0,10,康和-嘉義,2024-09-12,8459
4743,合一,11,1,10,康和-嘉義,2024-09-12,8459
6126,信音,10,0,10,康和-嘉義,2024-09-12,8459
6548,長科*,10,0,10,康和-嘉義,2024-09-12,8459
8926,台汽電,10,0,10,康和-嘉義,2024-09-12,8459
1303,南亞,150,8,142,康和-嘉義,2024-09-13,8459
00918,大華優利高填息30,105,0,105,康和-嘉義,2024-09-13,8459
00687B,國泰20年美債,85,0,85,康和-嘉義,2024-09-13,8459
4956,光鋐,116,44,72,康和-嘉義,2024-09-13,8459
00915,凱基優選高股息30,61,0,61,康和-嘉義,2024-09-13,8459
1540,喬福,100,56,44,康和-嘉義,2024-09-13,8459
2070,精湛,96,52,44,康和-嘉義,2024-09-13,8459
2515,中工,41,2,39,康和-嘉義,2024-09-13,8459
1808,潤隆,40,2,38,康和-嘉義,2024-09-13,8459
00937B,群益ESG投等債20,43,6,37,康和-嘉義,2024-09-13,8459
3535,晶彩科,45,13,32,康和-嘉義,2024-09-13,8459
00919,群益台灣精選高息,33,4,29,康和-嘉義,2024-09-13,8459
4977,眾達-KY,40,11,29,康和-嘉義,2024-09-13,8459
3360,尚立,70,43,27,康和-嘉義,2024-09-13,8459
6163,華電網,31,4,27,康和-嘉義,2024-09-13,8459
6244,茂迪,25,0,25,康和-嘉義,2024-09-13,8459
2388,威盛,59,34,25,康和-嘉義,2024-09-13,8459
5460,同協,36,11,25,康和-嘉義,2024-09-13,8459
2312,金寶,36,12,24,康和-嘉義,2024-09-13,8459
00929,復華台灣科技優息,26,4,22,康和-嘉義,2024-09-13,8459
3663,鑫科,48,26,22,康和-嘉義,2024-09-13,8459
2405,輔信,20,0,20,康和-嘉義,2024-09-13,8459
2897,王道銀行,20,0,20,康和-嘉義,2024-09-13,8459
4726,永昕,20,0,20,康和-嘉義,2024-09-13,8459
5243,乙盛-KY,21,1,20,康和-嘉義,2024-09-13,8459
6603,富強鑫,21,1,20,康和-嘉義,2024-09-13,8459
00688L,國泰20年美債正2,17,0,17,康和-嘉義,2024-09-13,8459
00679B,元大美債20年,21,5,16,康和-嘉義,2024-09-13,8459
6538,倉和,16,0,16,康和-嘉義,2024-09-13,8459
00713,元大台灣高息低波,15,0,15,康和-嘉義,2024-09-13,8459
00706L,期元大S＆P日圓正2,18,3,15,康和-嘉義,2024-09-13,8459
6133,金橋,16,1,15,康和-嘉義,2024-09-13,8459
9955,佳龍,34,20,14,康和-嘉義,2024-09-13,8459
6187,萬潤,26,12,14,康和-嘉義,2024-09-13,8459
00680L,元大美債20正2,12,0,12,康和-嘉義,2024-09-13,8459
00878,國泰永續高股息,13,2,11,康和-嘉義,2024-09-13,8459
00946,群益科技高息成長,13,2,11,康和-嘉義,2024-09-13,8459
2444,兆勁,11,0,11,康和-嘉義,2024-09-13,8459
2615,萬海,19,8,11,康和-嘉義,2024-09-13,8459
2409,友達,10,0,10,康和-嘉義,2024-09-13,8459
00952,凱基台灣AI50,10,0,10,康和-嘉義,2024-09-13,8459
00857B,永豐20年美公債,20,10,10,康和-嘉義,2024-09-13,8459
00885,富邦越南,10,0,10,康和-嘉義,2024-09-13,8459
2939,永邑-KY,10,0,10,康和-嘉義,2024-09-13,8459
3706,神達,11,1,10,康和-嘉義,2024-09-13,8459
3017,奇鋐,12,2,10,康和-嘉義,2024-09-13,8459
2883B,凱基金乙特,10,1,9,康和-嘉義,2024-09-13,8459
3481,群創,9,0,9,康和-嘉義,2024-09-13,8459
4420,光明,9,0,9,康和-嘉義,2024-09-13,8459
6257,矽格,9,0,9,康和-嘉義,2024-09-13,8459
3481,群創,320,196,124,康和-嘉義,2024-09-16,8459
6153,嘉聯益,112,0,112,康和-嘉義,2024-09-16,8459
00919,群益台灣精選高息,85,0,85,康和-嘉義,2024-09-16,8459
00915,凱基優選高股息30,75,0,75,康和-嘉義,2024-09-16,8459
00946,群益科技高息成長,80,11,69,康和-嘉義,2024-09-16,8459
1711,永光,146,85,61,康和-嘉義,2024-09-16,8459
1720,生達,53,0,53,康和-嘉義,2024-09-16,8459
00929,復華台灣科技優息,51,0,51,康和-嘉義,2024-09-16,8459
4714,永捷,52,2,50,康和-嘉義,2024-09-16,8459
00687B,國泰20年美債,51,4,47,康和-嘉義,2024-09-16,8459
1785,光洋科,134,87,47,康和-嘉義,2024-09-16,8459
4977,眾達-KY,49,2,47,康和-嘉義,2024-09-16,8459
00918,大華優利高填息30,45,0,45,康和-嘉義,2024-09-16,8459
00679B,元大美債20年,51,10,41,康和-嘉義,2024-09-16,8459
00933B,國泰10Y+金融債,40,0,40,康和-嘉義,2024-09-16,8459
4532,瑞智,41,1,40,康和-嘉義,2024-09-16,8459
6538,倉和,40,0,40,康和-嘉義,2024-09-16,8459
6244,茂迪,35,0,35,康和-嘉義,2024-09-16,8459
2409,友達,46,15,31,康和-嘉義,2024-09-16,8459
00878,國泰永續高股息,32,1,31,康和-嘉義,2024-09-16,8459
8039,台虹,41,10,31,康和-嘉義,2024-09-16,8459
1721,三晃,43,12,31,康和-嘉義,2024-09-16,8459
1727,中華化,50,20,30,康和-嘉義,2024-09-16,8459
2425,承啟,30,0,30,康和-嘉義,2024-09-16,8459
3062,建漢,156,130,26,康和-嘉義,2024-09-16,8459
00934,中信成長高股息,25,0,25,康和-嘉義,2024-09-16,8459
0056,元大高股息,25,1,24,康和-嘉義,2024-09-16,8459
00688L,國泰20年美債正2,24,0,24,康和-嘉義,2024-09-16,8459
2201,裕隆,23,0,23,康和-嘉義,2024-09-16,8459
2515,中工,27,4,23,康和-嘉義,2024-09-16,8459
00680L,元大美債20正2,20,0,20,康和-嘉義,2024-09-16,8459
00795B,中信美國公債20年,20,0,20,康和-嘉義,2024-09-16,8459
2241,艾姆勒,20,0,20,康和-嘉義,2024-09-16,8459
2501,國建,20,0,20,康和-嘉義,2024-09-16,8459
2349,錸德,46,28,18,康和-嘉義,2024-09-16,8459
1524,耿鼎,21,5,16,康和-嘉義,2024-09-16,8459
3360,尚立,27,12,15,康和-嘉義,2024-09-16,8459
2313,華通,19,4,15,康和-嘉義,2024-09-16,8459
1210,大成,14,0,14,康和-嘉義,2024-09-16,8459
6147,頎邦,14,0,14,康和-嘉義,2024-09-16,8459
2062,橋椿,14,1,13,康和-嘉義,2024-09-16,8459
6609,瀧澤科,31,19,12,康和-嘉義,2024-09-16,8459
2405,輔信,16,5,11,康和-嘉義,2024-09-16,8459
3363,上詮,12,1,11,康和-嘉義,2024-09-16,8459
4510,高鋒,35,24,11,康和-嘉義,2024-09-16,8459
5443,均豪,44,33,11,康和-嘉義,2024-09-16,8459
8249,菱光,11,0,11,康和-嘉義,2024-09-16,8459
1604,聲寶,10,0,10,康和-嘉義,2024-09-16,8459
00830,國泰費城半導體,10,0,10,康和-嘉義,2024-09-16,8459
006208,富邦台50,10,0,10,康和-嘉義,2024-09-16,8459
1717,長興,501,3,498,康和-嘉義,2024-09-18,8459
2349,錸德,221,71,150,康和-嘉義,2024-09-18,8459
00680L,元大美債20正2,125,0,125,康和-嘉義,2024-09-18,8459
2889,國票金,88,0,88,康和-嘉義,2024-09-18,8459
00929,復華台灣科技優息,77,0,77,康和-嘉義,2024-09-18,8459
00946,群益科技高息成長,69,0,69,康和-嘉義,2024-09-18,8459
8096,擎亞,65,0,65,康和-嘉義,2024-09-18,8459
00919,群益台灣精選高息,66,1,65,康和-嘉義,2024-09-18,8459
2344,華邦電,59,0,59,康和-嘉義,2024-09-18,8459
2356,英業達,63,5,58,康和-嘉義,2024-09-18,8459
2317,鴻海,74,18,56,康和-嘉義,2024-09-18,8459
0056,元大高股息,54,0,54,康和-嘉義,2024-09-18,8459
2486,一詮,84,31,53,康和-嘉義,2024-09-18,8459
4128,中天,45,5,40,康和-嘉義,2024-09-18,8459
4979,華星光,84,48,36,康和-嘉義,2024-09-18,8459
8076,伍豐,37,2,35,康和-嘉義,2024-09-18,8459
3037,欣興,39,5,34,康和-嘉義,2024-09-18,8459
00948B,中信優息投資級債,30,0,30,康和-嘉義,2024-09-18,8459
00878,國泰永續高股息,29,0,29,康和-嘉義,2024-09-18,8459
2399,映泰,105,77,28,康和-嘉義,2024-09-18,8459
6274,台燿,26,0,26,康和-嘉義,2024-09-18,8459
3303,岱稜,32,7,25,康和-嘉義,2024-09-18,8459
5488,松普,25,0,25,康和-嘉義,2024-09-18,8459
2330,台積電,29,5,24,康和-嘉義,2024-09-18,8459
3189,景碩,28,5,23,康和-嘉義,2024-09-18,8459
5905,南仁湖,33,11,22,康和-嘉義,2024-09-18,8459
1720,生達,22,0,22,康和-嘉義,2024-09-18,8459
3047,訊舟,23,1,22,康和-嘉義,2024-09-18,8459
3615,安可,22,0,22,康和-嘉義,2024-09-18,8459
6207,雷科,22,0,22,康和-嘉義,2024-09-18,8459
6538,倉和,20,0,20,康和-嘉義,2024-09-18,8459
6829,千附精密,20,0,20,康和-嘉義,2024-09-18,8459
8039,台虹,28,10,18,康和-嘉義,2024-09-18,8459
6153,嘉聯益,18,1,17,康和-嘉義,2024-09-18,8459
1597,直得,16,0,16,康和-嘉義,2024-09-18,8459
2340,台亞,18,2,16,康和-嘉義,2024-09-18,8459
00915,凱基優選高股息30,15,0,15,康和-嘉義,2024-09-18,8459
2303,聯電,17,3,14,康和-嘉義,2024-09-18,8459
1514,亞力,20,6,14,康和-嘉義,2024-09-18,8459
5493,三聯,14,0,14,康和-嘉義,2024-09-18,8459
00706L,期元大S＆P日圓正2,13,0,13,康和-嘉義,2024-09-18,8459
3033,威健,16,4,12,康和-嘉義,2024-09-18,8459
5210,寶碩,15,3,12,康和-嘉義,2024-09-18,8459
1582,信錦,12,0,12,康和-嘉義,2024-09-18,8459
4114,健喬,12,0,12,康和-嘉義,2024-09-18,8459
3687,歐買尬,11,0,11,康和-嘉義,2024-09-18,8459
6548,長科*,11,0,11,康和-嘉義,2024-09-18,8459
3013,晟銘電,10,0,10,康和-嘉義,2024-09-18,8459
6187,萬潤,10,0,10,康和-嘉義,2024-09-18,8459
9105,泰金寶-DR,15,5,10,康和-嘉義,2024-09-18,8459
00632R,元大台灣50反1,4505,4,4501,康和-嘉義,2024-09-19,8459
00715L,期街口布蘭特正2,3601,1306,2295,康和-嘉義,2024-09-19,8459
1711,永光,134,20,114,康和-嘉義,2024-09-19,8459
2882,國泰金,127,25,102,康和-嘉義,2024-09-19,8459
2883B,凱基金乙特,60,0,60,康和-嘉義,2024-09-19,8459
00688L,國泰20年美債正2,54,0,54,康和-嘉義,2024-09-19,8459
00687B,國泰20年美債,55,2,53,康和-嘉義,2024-09-19,8459
00929,復華台灣科技優息,54,2,52,康和-嘉義,2024-09-19,8459
00937B,群益ESG投等債20,46,0,46,康和-嘉義,2024-09-19,8459
3049,精金,45,8,37,康和-嘉義,2024-09-19,8459
3163,波若威,52,16,36,康和-嘉義,2024-09-19,8459
3663,鑫科,86,50,36,康和-嘉義,2024-09-19,8459
00679B,元大美債20年,35,0,35,康和-嘉義,2024-09-19,8459
8070,長華*,43,12,31,康和-嘉義,2024-09-19,8459
6104,創惟,28,0,28,康和-嘉義,2024-09-19,8459
00918,大華優利高填息30,36,10,26,康和-嘉義,2024-09-19,8459
4743,合一,26,1,25,康和-嘉義,2024-09-19,8459
6517,保勝光學,33,8,25,康和-嘉義,2024-09-19,8459
00706L,期元大S＆P日圓正2,23,0,23,康和-嘉義,2024-09-19,8459
2891,中信金,23,0,23,康和-嘉義,2024-09-19,8459
1210,大成,22,0,22,康和-嘉義,2024-09-19,8459
3230,錦明,24,2,22,康和-嘉義,2024-09-19,8459
6609,瀧澤科,59,37,22,康和-嘉義,2024-09-19,8459
3455,由田,21,0,21,康和-嘉義,2024-09-19,8459
4909,新復興,48,27,21,康和-嘉義,2024-09-19,8459
00919,群益台灣精選高息,21,1,20,康和-嘉義,2024-09-19,8459
1514,亞力,20,0,20,康和-嘉義,2024-09-19,8459
1721,三晃,31,11,20,康和-嘉義,2024-09-19,8459
1909,榮成,20,0,20,康和-嘉義,2024-09-19,8459
2431,聯昌,20,0,20,康和-嘉義,2024-09-19,8459
5243,乙盛-KY,20,1,19,康和-嘉義,2024-09-19,8459
6207,雷科,25,6,19,康和-嘉義,2024-09-19,8459
1785,光洋科,104,86,18,康和-嘉義,2024-09-19,8459
00720B,元大投資級公司債,18,2,16,康和-嘉義,2024-09-19,8459
1727,中華化,46,30,16,康和-嘉義,2024-09-19,8459
5225,東科-KY,15,0,15,康和-嘉義,2024-09-19,8459
1720,生達,14,0,14,康和-嘉義,2024-09-19,8459
2365,昆盈,19,5,14,康和-嘉義,2024-09-19,8459
00946,群益科技高息成長,13,0,13,康和-嘉義,2024-09-19,8459
3437,榮創,13,2,11,康和-嘉義,2024-09-19,8459
5457,宣德,11,0,11,康和-嘉義,2024-09-19,8459
2002,中鋼,11,0,11,康和-嘉義,2024-09-19,8459
00751B,元大AAA至A公司債,10,0,10,康和-嘉義,2024-09-19,8459
1444,力麗,10,0,10,康和-嘉義,2024-09-19,8459
2228,劍麟,10,0,10,康和-嘉義,2024-09-19,8459
2312,金寶,24,14,10,康和-嘉義,2024-09-19,8459
6153,嘉聯益,10,0,10,康和-嘉義,2024-09-19,8459
8074,鉅橡,10,0,10,康和-嘉義,2024-09-19,8459
3105,穩懋,12,3,9,康和-嘉義,2024-09-19,8459
4510,高鋒,49,40,9,康和-嘉義,2024-09-19,8459
2891,中信金,213,75,138,康和-嘉義,2024-09-20,8459
3481,群創,462,357,105,康和-嘉義,2024-09-20,8459
00632R,元大台灣50反1,113,10,103,康和-嘉義,2024-09-20,8459
4720,德淵,78,0,78,康和-嘉義,2024-09-20,8459
2618,長榮航,96,28,68,康和-嘉義,2024-09-20,8459
1802,台玻,60,0,60,康和-嘉義,2024-09-20,8459
3550,聯穎,73,13,60,康和-嘉義,2024-09-20,8459
3062,建漢,112,53,59,康和-嘉義,2024-09-20,8459
1309,台達化,54,0,54,康和-嘉義,2024-09-20,8459
2312,金寶,120,66,54,康和-嘉義,2024-09-20,8459
2610,華航,51,1,50,康和-嘉義,2024-09-20,8459
4939,亞電,53,3,50,康和-嘉義,2024-09-20,8459
00706L,期元大S＆P日圓正2,50,1,49,康和-嘉義,2024-09-20,8459
1316,上曜,46,2,44,康和-嘉義,2024-09-20,8459
00919,群益台灣精選高息,44,2,42,康和-嘉義,2024-09-20,8459
4716,大立,41,3,38,康和-嘉義,2024-09-20,8459
3715,定穎投控,84,48,36,康和-嘉義,2024-09-20,8459
3017,奇鋐,55,19,36,康和-嘉義,2024-09-20,8459
6213,聯茂,40,11,29,康和-嘉義,2024-09-20,8459
1808,潤隆,32,5,27,康和-嘉義,2024-09-20,8459
00673R,期元大S＆P原油反1,26,0,26,康和-嘉義,2024-09-20,8459
1727,中華化,46,21,25,康和-嘉義,2024-09-20,8459
3149,正達,32,7,25,康和-嘉義,2024-09-20,8459
6789,采鈺,25,1,24,康和-嘉義,2024-09-20,8459
8096,擎亞,40,16,24,康和-嘉義,2024-09-20,8459
1446,宏和,22,0,22,康和-嘉義,2024-09-20,8459
2449,京元電子,27,5,22,康和-嘉義,2024-09-20,8459
3390,旭軟,25,4,21,康和-嘉義,2024-09-20,8459
2409,友達,83,63,20,康和-嘉義,2024-09-20,8459
2542,興富發,23,4,19,康和-嘉義,2024-09-20,8459
5234,達興材料,24,5,19,康和-嘉義,2024-09-20,8459
8064,東捷,73,54,19,康和-嘉義,2024-09-20,8459
3363,上詮,19,2,17,康和-嘉義,2024-09-20,8459
2801,彰銀,16,0,16,康和-嘉義,2024-09-20,8459
4979,華星光,69,53,16,康和-嘉義,2024-09-20,8459
6152,百一,16,0,16,康和-嘉義,2024-09-20,8459
2886,兆豐金,15,0,15,康和-嘉義,2024-09-20,8459
3303,岱稜,33,18,15,康和-嘉義,2024-09-20,8459
4513,福裕,16,2,14,康和-嘉義,2024-09-20,8459
2883,凱基金,26,12,14,康和-嘉義,2024-09-20,8459
00937B,群益ESG投等債20,13,0,13,康和-嘉義,2024-09-20,8459
3024,憶聲,12,0,12,康和-嘉義,2024-09-20,8459
8086,宏捷科,12,0,12,康和-嘉義,2024-09-20,8459
00679B,元大美債20年,21,10,11,康和-嘉義,2024-09-20,8459
2301,光寶科,32,21,11,康和-嘉義,2024-09-20,8459
2444,兆勁,11,0,11,康和-嘉義,2024-09-20,8459
3645,達邁,15,4,11,康和-嘉義,2024-09-20,8459
4958,臻鼎-KY,11,1,10,康和-嘉義,2024-09-20,8459
00933B,國泰10Y+金融債,10,0,10,康和-嘉義,2024-09-20,8459
1710,東聯,10,0,10,康和-嘉義,2024-09-20,8459
2888,新光金,265,58,207,康和-嘉義,2024-09-23,8459
6770,力積電,200,0,200,康和-嘉義,2024-09-23,8459
2349,錸德,398,263,135,康和-嘉義,2024-09-23,8459
00929,復華台灣科技優息,114,2,112,康和-嘉義,2024-09-23,8459
4716,大立,96,13,83,康和-嘉義,2024-09-23,8459
6235,華孚,79,3,76,康和-嘉義,2024-09-23,8459
00919,群益台灣精選高息,49,7,42,康和-嘉義,2024-09-23,8459
6530,創威,50,13,37,康和-嘉義,2024-09-23,8459
00931B,統一美債20年,32,0,32,康和-嘉義,2024-09-23,8459
00673R,期元大S＆P原油反1,31,0,31,康和-嘉義,2024-09-23,8459
2431,聯昌,48,18,30,康和-嘉義,2024-09-23,8459
00937B,群益ESG投等債20,41,12,29,康和-嘉義,2024-09-23,8459
1808,潤隆,30,1,29,康和-嘉義,2024-09-23,8459
00679B,元大美債20年,29,1,28,康和-嘉義,2024-09-23,8459
6869,雲豹能源,49,22,27,康和-嘉義,2024-09-23,8459
5258,虹堡,25,0,25,康和-嘉義,2024-09-23,8459
2317,鴻海,54,31,23,康和-嘉義,2024-09-23,8459
00632R,元大台灣50反1,23,0,23,康和-嘉義,2024-09-23,8459
3450,聯鈞,41,18,23,康和-嘉義,2024-09-23,8459
5213,亞昕,22,0,22,康和-嘉義,2024-09-23,8459
6706,惠特,21,0,21,康和-嘉義,2024-09-23,8459
1735,日勝化,30,10,20,康和-嘉義,2024-09-23,8459
2442,新美齊,20,0,20,康和-嘉義,2024-09-23,8459
1714,和桐,20,0,20,康和-嘉義,2024-09-23,8459
3062,建漢,34,16,18,康和-嘉義,2024-09-23,8459
2009,第一銅,22,5,17,康和-嘉義,2024-09-23,8459
3019,亞光,53,36,17,康和-嘉義,2024-09-23,8459
2312,金寶,35,19,16,康和-嘉義,2024-09-23,8459
00680L,元大美債20正2,16,0,16,康和-嘉義,2024-09-23,8459
2603,長榮,20,5,15,康和-嘉義,2024-09-23,8459
00637L,元大滬深300正2,50,36,14,康和-嘉義,2024-09-23,8459
00960,野村全球航運龍頭,14,0,14,康和-嘉義,2024-09-23,8459
2615,萬海,35,21,14,康和-嘉義,2024-09-23,8459
3492,長盛,16,2,14,康和-嘉義,2024-09-23,8459
2882,國泰金,25,12,13,康和-嘉義,2024-09-23,8459
00713,元大台灣高息低波,13,0,13,康和-嘉義,2024-09-23,8459
00688L,國泰20年美債正2,13,0,13,康和-嘉義,2024-09-23,8459
2464,盟立,15,2,13,康和-嘉義,2024-09-23,8459
2495,普安,29,16,13,康和-嘉義,2024-09-23,8459
4562,穎漢,20,7,13,康和-嘉義,2024-09-23,8459
6134,萬旭,15,2,13,康和-嘉義,2024-09-23,8459
3581,博磊,17,5,12,康和-嘉義,2024-09-23,8459
00687B,國泰20年美債,46,34,12,康和-嘉義,2024-09-23,8459
2444,兆勁,11,0,11,康和-嘉義,2024-09-23,8459
00857B,永豐20年美公債,10,0,10,康和-嘉義,2024-09-23,8459
00953B,群益優選非投等債,10,0,10,康和-嘉義,2024-09-23,8459
3687,歐買尬,10,0,10,康和-嘉義,2024-09-23,8459
5452,佶優,11,1,10,康和-嘉義,2024-09-23,8459
8084,巨虹,10,0,10,康和-嘉義,2024-09-23,8459
1314,中石化,12,3,9,康和-嘉義,2024-09-23,8459
2609,陽明,285,149,136,康和-嘉義,2024-09-24,8459
2399,映泰,178,59,119,康和-嘉義,2024-09-24,8459
6235,華孚,115,0,115,康和-嘉義,2024-09-24,8459
4939,亞電,102,1,101,康和-嘉義,2024-09-24,8459
00712,復華富時不動產,100,0,100,康和-嘉義,2024-09-24,8459
00679B,元大美債20年,77,0,77,康和-嘉義,2024-09-24,8459
00948B,中信優息投資級債,50,0,50,康和-嘉義,2024-09-24,8459
6134,萬旭,52,3,49,康和-嘉義,2024-09-24,8459
8089,康全電訊,62,14,48,康和-嘉義,2024-09-24,8459
4526,東台,105,59,46,康和-嘉義,2024-09-24,8459
2464,盟立,46,3,43,康和-嘉義,2024-09-24,8459
00688L,國泰20年美債正2,40,0,40,康和-嘉義,2024-09-24,8459
8064,東捷,37,2,35,康和-嘉義,2024-09-24,8459
1905,華紙,39,6,33,康和-嘉義,2024-09-24,8459
2615,萬海,173,143,30,康和-嘉義,2024-09-24,8459
1714,和桐,26,0,26,康和-嘉義,2024-09-24,8459
2497,怡利電,59,33,26,康和-嘉義,2024-09-24,8459
2883,凱基金,26,0,26,康和-嘉義,2024-09-24,8459
1720,生達,25,0,25,康和-嘉義,2024-09-24,8459
4126,太醫,25,0,25,康和-嘉義,2024-09-24,8459
1609,大亞,26,4,22,康和-嘉義,2024-09-24,8459
3189,景碩,20,0,20,康和-嘉義,2024-09-24,8459
8032,光菱,20,0,20,康和-嘉義,2024-09-24,8459
2425,承啟,45,28,17,康和-嘉義,2024-09-24,8459
6197,佳必琪,25,9,16,康和-嘉義,2024-09-24,8459
1326,台化,15,0,15,康和-嘉義,2024-09-24,8459
2801,彰銀,15,0,15,康和-嘉義,2024-09-24,8459
3481,群創,17,3,14,康和-嘉義,2024-09-24,8459
1777,生泰,14,0,14,康和-嘉義,2024-09-24,8459
2402,毅嘉,18,4,14,康和-嘉義,2024-09-24,8459
3673,TPK-KY,43,29,14,康和-嘉義,2024-09-24,8459
6136,富爾特,14,0,14,康和-嘉義,2024-09-24,8459
3062,建漢,53,39,14,康和-嘉義,2024-09-24,8459
00943,兆豐電子高息等權,13,0,13,康和-嘉義,2024-09-24,8459
6658,聯策,27,14,13,康和-嘉義,2024-09-24,8459
2002,中鋼,13,0,13,康和-嘉義,2024-09-24,8459
1314,中石化,12,0,12,康和-嘉義,2024-09-24,8459
4977,眾達-KY,12,0,12,康和-嘉義,2024-09-24,8459
6274,台燿,13,1,12,康和-嘉義,2024-09-24,8459
8076,伍豐,13,1,12,康和-嘉義,2024-09-24,8459
6446,藥華藥,14,3,11,康和-嘉義,2024-09-24,8459
00687B,國泰20年美債,11,0,11,康和-嘉義,2024-09-24,8459
00952,凱基台灣AI50,11,0,11,康和-嘉義,2024-09-24,8459
1584,精剛,14,3,11,康和-嘉義,2024-09-24,8459
3406,玉晶光,11,0,11,康和-嘉義,2024-09-24,8459
6026,福邦證,11,0,11,康和-嘉義,2024-09-24,8459
6768,志強-KY,13,2,11,康和-嘉義,2024-09-24,8459
9906,欣巴巴,11,0,11,康和-嘉義,2024-09-24,8459
2610,華航,13,3,10,康和-嘉義,2024-09-24,8459
00669R,國泰美國道瓊反1,10,0,10,康和-嘉義,2024-09-24,8459
00715L,期街口布蘭特正2,2000,0,2000,康和-嘉義,2024-09-25,8459
1612,宏泰,156,1,155,康和-嘉義,2024-09-25,8459
2883,凱基金,84,10,74,康和-嘉義,2024-09-25,8459
00679B,元大美債20年,56,0,56,康和-嘉義,2024-09-25,8459
3710,連展投控,54,1,53,康和-嘉義,2024-09-25,8459
00687B,國泰20年美債,52,0,52,康和-嘉義,2024-09-25,8459
3481,群創,61,10,51,康和-嘉義,2024-09-25,8459
2481,強茂,78,30,48,康和-嘉義,2024-09-25,8459
4979,華星光,68,23,45,康和-嘉義,2024-09-25,8459
1310,台苯,40,0,40,康和-嘉義,2024-09-25,8459
00696B,富邦美債20年,35,0,35,康和-嘉義,2024-09-25,8459
3019,亞光,49,14,35,康和-嘉義,2024-09-25,8459
00952,凱基台灣AI50,30,0,30,康和-嘉義,2024-09-25,8459
6188,廣明,51,22,29,康和-嘉義,2024-09-25,8459
6207,雷科,32,5,27,康和-嘉義,2024-09-25,8459
0056,元大高股息,27,3,24,康和-嘉義,2024-09-25,8459
6548,長科*,49,25,24,康和-嘉義,2024-09-25,8459
2618,長榮航,23,0,23,康和-嘉義,2024-09-25,8459
2351,順德,22,0,22,康和-嘉義,2024-09-25,8459
2367,燿華,30,8,22,康和-嘉義,2024-09-25,8459
2436,偉詮電,67,45,22,康和-嘉義,2024-09-25,8459
5452,佶優,25,4,21,康和-嘉義,2024-09-25,8459
1314,中石化,20,0,20,康和-嘉義,2024-09-25,8459
2328,廣宇,20,0,20,康和-嘉義,2024-09-25,8459
3062,建漢,59,39,20,康和-嘉義,2024-09-25,8459
8011,台通,19,3,16,康和-嘉義,2024-09-25,8459
6104,創惟,68,52,16,康和-嘉義,2024-09-25,8459
3013,晟銘電,67,51,16,康和-嘉義,2024-09-25,8459
3209,全科,20,4,16,康和-嘉義,2024-09-25,8459
00960,野村全球航運龍頭,17,2,15,康和-嘉義,2024-09-25,8459
2601,益航,20,5,15,康和-嘉義,2024-09-25,8459
2845,遠東銀,15,0,15,康和-嘉義,2024-09-25,8459
4571,鈞興-KY,22,7,15,康和-嘉義,2024-09-25,8459
2495,普安,33,18,15,康和-嘉義,2024-09-25,8459
6191,精成科,20,5,15,康和-嘉義,2024-09-25,8459
6233,旺玖,15,0,15,康和-嘉義,2024-09-25,8459
00946,群益科技高息成長,19,6,13,康和-嘉義,2024-09-25,8459
4563,百德,13,0,13,康和-嘉義,2024-09-25,8459
1584,精剛,15,3,12,康和-嘉義,2024-09-25,8459
5425,台半,14,2,12,康和-嘉義,2024-09-25,8459
6133,金橋,34,22,12,康和-嘉義,2024-09-25,8459
3081,聯亞,73,62,11,康和-嘉義,2024-09-25,8459
1808,潤隆,23,12,11,康和-嘉義,2024-09-25,8459
2641,正德,11,0,11,康和-嘉義,2024-09-25,8459
3227,原相,27,16,11,康和-嘉義,2024-09-25,8459
6451,訊芯-KY,15,4,11,康和-嘉義,2024-09-25,8459
00712,復華富時不動產,11,0,11,康和-嘉義,2024-09-25,8459
8054,安國,10,0,10,康和-嘉義,2024-09-25,8459
00935,野村臺灣新科技50,10,0,10,康和-嘉義,2024-09-25,8459
00948B,中信優息投資級債,10,0,10,康和-嘉義,2024-09-25,8459
2888,新光金,465,39,426,康和-嘉義,2024-09-26,8459
00687B,國泰20年美債,356,75,281,康和-嘉義,2024-09-26,8459
2641,正德,181,1,180,康和-嘉義,2024-09-26,8459
1101,台泥,160,6,154,康和-嘉義,2024-09-26,8459
2408,南亞科,111,6,105,康和-嘉義,2024-09-26,8459
2337,旺宏,104,1,103,康和-嘉義,2024-09-26,8459
00679B,元大美債20年,99,2,97,康和-嘉義,2024-09-26,8459
00937B,群益ESG投等債20,69,0,69,康和-嘉義,2024-09-26,8459
00715L,期街口布蘭特正2,127,60,67,康和-嘉義,2024-09-26,8459
00960,野村全球航運龍頭,78,11,67,康和-嘉義,2024-09-26,8459
4977,眾達-KY,62,0,62,康和-嘉義,2024-09-26,8459
00929,復華台灣科技優息,63,2,61,康和-嘉義,2024-09-26,8459
8096,擎亞,128,68,60,康和-嘉義,2024-09-26,8459
5460,同協,46,0,46,康和-嘉義,2024-09-26,8459
2367,燿華,50,7,43,康和-嘉義,2024-09-26,8459
2486,一詮,77,35,42,康和-嘉義,2024-09-26,8459
2834,臺企銀,52,14,38,康和-嘉義,2024-09-26,8459
4968,立積,40,3,37,康和-嘉義,2024-09-26,8459
1714,和桐,32,0,32,康和-嘉義,2024-09-26,8459
6873,泓德能源,29,1,28,康和-嘉義,2024-09-26,8459
3588,通嘉,25,0,25,康和-嘉義,2024-09-26,8459
1314,中石化,35,11,24,康和-嘉義,2024-09-26,8459
8937,合騏,45,25,20,康和-嘉義,2024-09-26,8459
3149,正達,47,28,19,康和-嘉義,2024-09-26,8459
00933B,國泰10Y+金融債,17,0,17,康和-嘉義,2024-09-26,8459
3147,大綜,18,1,17,康和-嘉義,2024-09-26,8459
6969,成信實業*-創,17,0,17,康和-嘉義,2024-09-26,8459
3535,晶彩科,49,33,16,康和-嘉義,2024-09-26,8459
3622,洋華,20,4,16,康和-嘉義,2024-09-26,8459
00733,富邦臺灣中小,15,0,15,康和-嘉義,2024-09-26,8459
2417,圓剛,15,0,15,康和-嘉義,2024-09-26,8459
2542,興富發,17,2,15,康和-嘉義,2024-09-26,8459
2201,裕隆,14,0,14,康和-嘉義,2024-09-26,8459
8028,昇陽半導體,23,9,14,康和-嘉義,2024-09-26,8459
4909,新復興,36,22,14,康和-嘉義,2024-09-26,8459
1301,台塑,13,0,13,康和-嘉義,2024-09-26,8459
00919,群益台灣精選高息,16,3,13,康和-嘉義,2024-09-26,8459
4716,大立,30,17,13,康和-嘉義,2024-09-26,8459
00712,復華富時不動產,12,0,12,康和-嘉義,2024-09-26,8459
00680L,元大美債20正2,12,0,12,康和-嘉義,2024-09-26,8459
4763,材料-KY,13,1,12,康和-嘉義,2024-09-26,8459
6126,信音,12,0,12,康和-嘉義,2024-09-26,8459
8150,南茂,12,0,12,康和-嘉義,2024-09-26,8459
2317,鴻海,23,11,12,康和-嘉義,2024-09-26,8459
1540,喬福,18,7,11,康和-嘉義,2024-09-26,8459
1785,光洋科,16,5,11,康和-嘉義,2024-09-26,8459
2228,劍麟,11,0,11,康和-嘉義,2024-09-26,8459
5871,中租-KY,17,6,11,康和-嘉義,2024-09-26,8459
8942,森鉅,11,0,11,康和-嘉義,2024-09-26,8459
00642U,期元大S＆P石油,10,0,10,康和-嘉義,2024-09-26,8459
5871,中租-KY,554,56,498,康和-嘉義,2024-09-27,8459
00753L,中信中國50正2,403,138,265,康和-嘉義,2024-09-27,8459
2605,新興,218,48,170,康和-嘉義,2024-09-27,8459
2888,新光金,587,426,161,康和-嘉義,2024-09-27,8459
00632R,元大台灣50反1,123,2,121,康和-嘉義,2024-09-27,8459
00919,群益台灣精選高息,119,0,119,康和-嘉義,2024-09-27,8459
3481,群創,194,81,113,康和-嘉義,2024-09-27,8459
2609,陽明,170,65,105,康和-嘉義,2024-09-27,8459
00680L,元大美債20正2,87,0,87,康和-嘉義,2024-09-27,8459
00960,野村全球航運龍頭,87,10,77,康和-嘉義,2024-09-27,8459
2891,中信金,79,3,76,康和-嘉義,2024-09-27,8459
2615,萬海,99,24,75,康和-嘉義,2024-09-27,8459
2641,正德,74,10,64,康和-嘉義,2024-09-27,8459
6244,茂迪,64,1,63,康和-嘉義,2024-09-27,8459
1308,亞聚,63,1,62,康和-嘉義,2024-09-27,8459
00687B,國泰20年美債,62,3,59,康和-嘉義,2024-09-27,8459
6754,匯僑設計,56,0,56,康和-嘉義,2024-09-27,8459
8111,立��,53,2,51,康和-嘉義,2024-09-27,8459
00679B,元大美債20年,48,1,47,康和-嘉義,2024-09-27,8459
00915,凱基優選高股息30,42,0,42,康和-嘉義,2024-09-27,8459
4720,德淵,54,12,42,康和-嘉義,2024-09-27,8459
00929,復華台灣科技優息,67,26,41,康和-嘉義,2024-09-27,8459
2883,凱基金,40,2,38,康和-嘉義,2024-09-27,8459
00948B,中信優息投資級債,29,0,29,康和-嘉義,2024-09-27,8459
5608,四維航,40,12,28,康和-嘉義,2024-09-27,8459
1727,中華化,56,30,26,康和-嘉義,2024-09-27,8459
1720,生達,24,0,24,康和-嘉義,2024-09-27,8459
2330,台積電,27,6,21,康和-嘉義,2024-09-27,8459
00931B,統一美債20年,20,0,20,康和-嘉義,2024-09-27,8459
2442,新美齊,20,0,20,康和-嘉義,2024-09-27,8459
2897,王道銀行,20,0,20,康和-嘉義,2024-09-27,8459
4167,松瑞藥,20,0,20,康和-嘉義,2024-09-27,8459
2363,矽統,42,22,20,康和-嘉義,2024-09-27,8459
00937B,群益ESG投等債20,23,6,17,康和-嘉義,2024-09-27,8459
2444,兆勁,15,0,15,康和-嘉義,2024-09-27,8459
6104,創惟,24,9,15,康和-嘉義,2024-09-27,8459
00795B,中信美國公債20年,14,0,14,康和-嘉義,2024-09-27,8459
2070,精湛,23,9,14,康和-嘉義,2024-09-27,8459
00958B,永豐ESG銀行債15,13,0,13,康和-嘉義,2024-09-27,8459
6546,正基,13,0,13,康和-嘉義,2024-09-27,8459
8076,伍豐,13,0,13,康和-嘉義,2024-09-27,8459
00933B,國泰10Y+金融債,13,0,13,康和-嘉義,2024-09-27,8459
2603,長榮,50,38,12,康和-嘉義,2024-09-27,8459
3163,波若威,23,11,12,康和-嘉義,2024-09-27,8459
6143,振曜,12,0,12,康和-嘉義,2024-09-27,8459
2897A,王道銀甲特,11,0,11,康和-嘉義,2024-09-27,8459
3710,連展投控,12,1,11,康和-嘉義,2024-09-27,8459
8043,蜜望實,15,4,11,康和-嘉義,2024-09-27,8459
8096,擎亞,21,10,11,康和-嘉義,2024-09-27,8459
2834,臺企銀,10,0,10,康和-嘉義,2024-09-27,8459
2313,華通,131,4,127,康和-嘉義,2024-09-30,8459
1722,台肥,112,0,112,康和-嘉義,2024-09-30,8459
1702,南僑,90,0,90,康和-嘉義,2024-09-30,8459
00753L,中信中國50正2,217,129,88,康和-嘉義,2024-09-30,8459
00919,群益台灣精選高息,56,0,56,康和-嘉義,2024-09-30,8459
00937B,群益ESG投等債20,54,0,54,康和-嘉義,2024-09-30,8459
2330,台積電,45,3,42,康和-嘉義,2024-09-30,8459
6204,艾華,40,0,40,康和-嘉義,2024-09-30,8459
1326,台化,40,2,38,康和-嘉義,2024-09-30,8459
1721,三晃,37,0,37,康和-嘉義,2024-09-30,8459
2444,兆勁,37,0,37,康和-嘉義,2024-09-30,8459
1309,台達化,37,1,36,康和-嘉義,2024-09-30,8459
00931B,統一美債20年,33,0,33,康和-嘉義,2024-09-30,8459
00948B,中信優息投資級債,32,0,32,康和-嘉義,2024-09-30,8459
00929,復華台灣科技優息,30,0,30,康和-嘉義,2024-09-30,8459
2030,彰源,30,0,30,康和-嘉義,2024-09-30,8459
00878,國泰永續高股息,28,0,28,康和-嘉義,2024-09-30,8459
4979,華星光,62,36,26,康和-嘉義,2024-09-30,8459
1909,榮成,65,40,25,康和-嘉義,2024-09-30,8459
6609,瀧澤科,31,7,24,康和-嘉義,2024-09-30,8459
2603,長榮,25,2,23,康和-嘉義,2024-09-30,8459
4707,磐亞,28,5,23,康和-嘉義,2024-09-30,8459
2382,廣達,24,3,21,康和-嘉義,2024-09-30,8459
8111,立��,26,5,21,康和-嘉義,2024-09-30,8459
00933B,國泰10Y+金融債,20,0,20,康和-嘉義,2024-09-30,8459
1612,宏泰,20,0,20,康和-嘉義,2024-09-30,8459
3189,景碩,21,2,19,康和-嘉義,2024-09-30,8459
1595,川寶,19,0,19,康和-嘉義,2024-09-30,8459
6239,力成,19,0,19,康和-嘉義,2024-09-30,8459
4746,台耀,18,0,18,康和-嘉義,2024-09-30,8459
00946,群益科技高息成長,16,0,16,康和-嘉義,2024-09-30,8459
00934,中信成長高股息,16,0,16,康和-嘉義,2024-09-30,8459
4909,新復興,71,55,16,康和-嘉義,2024-09-30,8459
00960,野村全球航運龍頭,23,8,15,康和-嘉義,2024-09-30,8459
00733,富邦臺灣中小,15,0,15,康和-嘉義,2024-09-30,8459
00636,國泰中國A50,25,10,15,康和-嘉義,2024-09-30,8459
1608,華榮,15,0,15,康和-嘉義,2024-09-30,8459
2312,金寶,31,16,15,康和-嘉義,2024-09-30,8459
3356,奇偶,15,0,15,康和-嘉義,2024-09-30,8459
2498,宏達電,24,9,15,康和-嘉義,2024-09-30,8459
00881,國泰台灣5G+,15,0,15,康和-嘉義,2024-09-30,8459
1711,永光,36,22,14,康和-嘉義,2024-09-30,8459
00650L,復華香港正2,16,3,13,康和-嘉義,2024-09-30,8459
3035,智原,15,3,12,康和-嘉義,2024-09-30,8459
00665L,富邦�琤肭磪囓�2,15,3,12,康和-嘉義,2024-09-30,8459
2905,三商,12,0,12,康和-嘉義,2024-09-30,8459
2363,矽統,25,13,12,康和-嘉義,2024-09-30,8459
0056,元大高股息,19,7,12,康和-嘉義,2024-09-30,8459
6274,台燿,11,0,11,康和-嘉義,2024-09-30,8459
6438,迅得,16,5,11,康和-嘉義,2024-09-30,8459
2801,彰銀,230,0,230,康和-嘉義,2024-10-01,8459
2888,新光金,104,1,103,康和-嘉義,2024-10-01,8459
2455,全新,60,1,59,康和-嘉義,2024-10-01,8459
1309,台達化,92,33,59,康和-嘉義,2024-10-01,8459
8111,立��,87,43,44,康和-嘉義,2024-10-01,8459
2543,皇昌,45,10,35,康和-嘉義,2024-10-01,8459
2883,凱基金,47,12,35,康和-嘉義,2024-10-01,8459
5907,大洋-KY,31,0,31,康和-嘉義,2024-10-01,8459
2313,華通,38,7,31,康和-嘉義,2024-10-01,8459
3044,健鼎,31,1,30,康和-嘉義,2024-10-01,8459
2399,映泰,212,182,30,康和-嘉義,2024-10-01,8459
00919,群益台灣精選高息,28,1,27,康和-嘉義,2024-10-01,8459
2613,中櫃,62,35,27,康和-嘉義,2024-10-01,8459
00665L,富邦�琤肭磪囓�2,27,0,27,康和-嘉義,2024-10-01,8459
2641,正德,24,0,24,康和-嘉義,2024-10-01,8459
00753L,中信中國50正2,41,17,24,康和-嘉義,2024-10-01,8459
3535,晶彩科,28,6,22,康和-嘉義,2024-10-01,8459
00922,國泰台灣領袖50,22,0,22,康和-嘉義,2024-10-01,8459
3013,晟銘電,26,5,21,康和-嘉義,2024-10-01,8459
3450,聯鈞,55,34,21,康和-嘉義,2024-10-01,8459
3189,景碩,21,1,20,康和-嘉義,2024-10-01,8459
00715L,期街口布蘭特正2,20,0,20,康和-嘉義,2024-10-01,8459
8249,菱光,24,5,19,康和-嘉義,2024-10-01,8459
1595,川寶,21,2,19,康和-嘉義,2024-10-01,8459
1714,和桐,18,0,18,康和-嘉義,2024-10-01,8459
2444,兆勁,18,0,18,康和-嘉義,2024-10-01,8459
3047,訊舟,19,2,17,康和-嘉義,2024-10-01,8459
0056,元大高股息,20,4,16,康和-嘉義,2024-10-01,8459
2374,佳能,15,0,15,康和-嘉義,2024-10-01,8459
6770,力積電,14,0,14,康和-嘉義,2024-10-01,8459
2371,大同,15,2,13,康和-嘉義,2024-10-01,8459
4563,百德,23,10,13,康和-嘉義,2024-10-01,8459
2241,艾姆勒,13,0,13,康和-嘉義,2024-10-01,8459
2362,藍天,13,0,13,康和-嘉義,2024-10-01,8459
2436,偉詮電,17,4,13,康和-嘉義,2024-10-01,8459
8926,台汽電,13,0,13,康和-嘉義,2024-10-01,8459
2495,普安,13,1,12,康和-嘉義,2024-10-01,8459
3652,精聯,11,0,11,康和-嘉義,2024-10-01,8459
2382,廣達,26,15,11,康和-嘉義,2024-10-01,8459
00733,富邦臺灣中小,11,0,11,康和-嘉義,2024-10-01,8459
1721,三晃,13,2,11,康和-嘉義,2024-10-01,8459
4102,永日,11,0,11,康和-嘉義,2024-10-01,8459
6109,亞元,11,0,11,康和-嘉義,2024-10-01,8459
6152,百一,11,0,11,康和-嘉義,2024-10-01,8459
6207,雷科,14,3,11,康和-嘉義,2024-10-01,8459
00881,國泰台灣5G+,10,0,10,康和-嘉義,2024-10-01,8459
2367,燿華,15,5,10,康和-嘉義,2024-10-01,8459
00935,野村臺灣新科技50,10,0,10,康和-嘉義,2024-10-01,8459
00671R,富邦NASDAQ反1,10,0,10,康和-嘉義,2024-10-01,8459
1460,宏遠,10,0,10,康和-嘉義,2024-10-01,8459
5014,建錩,101,13,88,康和-嘉義,2024-10-04,8459
00943,兆豐電子高息等權,77,0,77,康和-嘉義,2024-10-04,8459
2609,陽明,87,21,66,康和-嘉義,2024-10-04,8459
2610,華航,115,50,65,康和-嘉義,2024-10-04,8459
00919,群益台灣精選高息,70,10,60,康和-嘉義,2024-10-04,8459
2313,華通,63,10,53,康和-嘉義,2024-10-04,8459
00679B,元大美債20年,45,5,40,康和-嘉義,2024-10-04,8459
6642,富致,40,0,40,康和-嘉義,2024-10-04,8459
0056,元大高股息,39,0,39,康和-嘉義,2024-10-04,8459
2888,新光金,41,3,38,康和-嘉義,2024-10-04,8459
00680L,元大美債20正2,37,0,37,康和-嘉義,2024-10-04,8459
00915,凱基優選高股息30,32,0,32,康和-嘉義,2024-10-04,8459
6425,易發,52,23,29,康和-嘉義,2024-10-04,8459
1595,川寶,42,14,28,康和-嘉義,2024-10-04,8459
00931B,統一美債20年,27,0,27,康和-嘉義,2024-10-04,8459
2618,長榮航,25,0,25,康和-嘉義,2024-10-04,8459
3081,聯亞,48,23,25,康和-嘉義,2024-10-04,8459
1727,中華化,33,9,24,康和-嘉義,2024-10-04,8459
2303,聯電,26,4,22,康和-嘉義,2024-10-04,8459
1608,華榮,22,0,22,康和-嘉義,2024-10-04,8459
3048,益登,33,12,21,康和-嘉義,2024-10-04,8459
6116,彩晶,20,0,20,康和-嘉義,2024-10-04,8459
2353,宏��,61,41,20,康和-嘉義,2024-10-04,8459
00733,富邦臺灣中小,20,0,20,康和-嘉義,2024-10-04,8459
1711,永光,22,4,18,康和-嘉義,2024-10-04,8459
2014,中鴻,18,0,18,康和-嘉義,2024-10-04,8459
00918,大華優利高填息30,17,0,17,康和-嘉義,2024-10-04,8459
00878,國泰永續高股息,20,3,17,康和-嘉義,2024-10-04,8459
00712,復華富時不動產,16,0,16,康和-嘉義,2024-10-04,8459
8028,昇陽半導體,16,0,16,康和-嘉義,2024-10-04,8459
6873,泓德能源,19,3,16,康和-嘉義,2024-10-04,8459
2603,長榮,25,10,15,康和-嘉義,2024-10-04,8459
00688L,國泰20年美債正2,15,0,15,康和-嘉義,2024-10-04,8459
1316,上曜,18,3,15,康和-嘉義,2024-10-04,8459
3652,精聯,15,0,15,康和-嘉義,2024-10-04,8459
4102,永日,14,0,14,康和-嘉義,2024-10-04,8459
5498,凱崴,14,0,14,康和-嘉義,2024-10-04,8459
8064,東捷,19,5,14,康和-嘉義,2024-10-04,8459
00753L,中信中國50正2,40,27,13,康和-嘉義,2024-10-04,8459
2230,泰茂,13,0,13,康和-嘉義,2024-10-04,8459
2419,仲琦,28,15,13,康和-嘉義,2024-10-04,8459
2613,中櫃,29,16,13,康和-嘉義,2024-10-04,8459
3227,原相,13,0,13,康和-嘉義,2024-10-04,8459
2412,中華電,12,0,12,康和-嘉義,2024-10-04,8459
3013,晟銘電,13,1,12,康和-嘉義,2024-10-04,8459
2489,瑞軒,11,0,11,康和-嘉義,2024-10-04,8459
3356,奇偶,11,0,11,康和-嘉義,2024-10-04,8459
6969,成信實業*-創,11,0,11,康和-嘉義,2024-10-04,8459
1301,台塑,12,2,10,康和-嘉義,2024-10-04,8459
00650L,復華香港正2,10,0,10,康和-嘉義,2024-10-04,8459
1101,台泥,120,0,120,康和-嘉義,2024-10-07,8459
2892,第一金,110,0,110,康和-嘉義,2024-10-07,8459
00679B,元大美債20年,61,3,58,康和-嘉義,2024-10-07,8459
1301,台塑,45,0,45,康和-嘉義,2024-10-07,8459
3013,晟銘電,58,14,44,康和-嘉義,2024-10-07,8459
2313,華通,52,8,44,康和-嘉義,2024-10-07,8459
5443,均豪,51,9,42,康和-嘉義,2024-10-07,8459
00943,兆豐電子高息等權,41,0,41,康和-嘉義,2024-10-07,8459
00680L,元大美債20正2,38,0,38,康和-嘉義,2024-10-07,8459
1721,三晃,44,6,38,康和-嘉義,2024-10-07,8459
3450,聯鈞,42,6,36,康和-嘉義,2024-10-07,8459
1815,富喬,238,202,36,康和-嘉義,2024-10-07,8459
2317,鴻海,46,10,36,康和-嘉義,2024-10-07,8459
4979,華星光,61,26,35,康和-嘉義,2024-10-07,8459
1905,華紙,35,2,33,康和-嘉義,2024-10-07,8459
2618,長榮航,32,0,32,康和-嘉義,2024-10-07,8459
2486,一詮,64,33,31,康和-嘉義,2024-10-07,8459
00878,國泰永續高股息,31,1,30,康和-嘉義,2024-10-07,8459
00895,富邦未來車,30,0,30,康和-嘉義,2024-10-07,8459
2897,王道銀行,25,0,25,康和-嘉義,2024-10-07,8459
5306,桂盟,25,0,25,康和-嘉義,2024-10-07,8459
2367,燿華,24,0,24,康和-嘉義,2024-10-07,8459
2425,承啟,54,30,24,康和-嘉義,2024-10-07,8459
00946,群益科技高息成長,22,0,22,康和-嘉義,2024-10-07,8459
2543,皇昌,31,10,21,康和-嘉義,2024-10-07,8459
1304,台聚,26,6,20,康和-嘉義,2024-10-07,8459
3615,安可,27,7,20,康和-嘉義,2024-10-07,8459
6142,友勁,20,0,20,康和-嘉義,2024-10-07,8459
2834,臺企銀,20,0,20,康和-嘉義,2024-10-07,8459
4903,聯光通,35,15,20,康和-嘉義,2024-10-07,8459
3025,星通,61,42,19,康和-嘉義,2024-10-07,8459
3481,群創,26,7,19,康和-嘉義,2024-10-07,8459
4977,眾達-KY,25,7,18,康和-嘉義,2024-10-07,8459
00632R,元大台灣50反1,16,0,16,康和-嘉義,2024-10-07,8459
00919,群益台灣精選高息,17,2,15,康和-嘉義,2024-10-07,8459
2303,聯電,16,1,15,康和-嘉義,2024-10-07,8459
2349,錸德,15,0,15,康和-嘉義,2024-10-07,8459
3303,岱稜,15,0,15,康和-嘉義,2024-10-07,8459
3430,奇鈦科,18,3,15,康和-嘉義,2024-10-07,8459
3714,富采,16,1,15,康和-嘉義,2024-10-07,8459
6239,力成,15,0,15,康和-嘉義,2024-10-07,8459
00905,FT臺灣Smart,16,1,15,康和-嘉義,2024-10-07,8459
00922,國泰台灣領袖50,15,0,15,康和-嘉義,2024-10-07,8459
2609,陽明,35,21,14,康和-嘉義,2024-10-07,8459
2515,中工,35,22,13,康和-嘉義,2024-10-07,8459
6581,鋼聯,13,0,13,康和-嘉義,2024-10-07,8459
8039,台虹,13,1,12,康和-嘉義,2024-10-07,8459
3673,TPK-KY,14,2,12,康和-嘉義,2024-10-07,8459
8021,尖點,14,2,12,康和-嘉義,2024-10-07,8459
2613,中櫃,38,27,11,康和-嘉義,2024-10-07,8459
2883,凱基金,165,10,155,康和-嘉義,2024-10-08,8459
2801,彰銀,101,0,101,康和-嘉義,2024-10-08,8459
1314,中石化,206,113,93,康和-嘉義,2024-10-08,8459
2363,矽統,142,54,88,康和-嘉義,2024-10-08,8459
00679B,元大美債20年,77,8,69,康和-嘉義,2024-10-08,8459
2882,國泰金,58,2,56,康和-嘉義,2024-10-08,8459
2031,新光鋼,51,0,51,康和-嘉義,2024-10-08,8459
2845,遠東銀,50,0,50,康和-嘉義,2024-10-08,8459
00753L,中信中國50正2,209,171,38,康和-嘉義,2024-10-08,8459
00929,復華台灣科技優息,37,1,36,康和-嘉義,2024-10-08,8459
00948B,中信優息投資級債,35,0,35,康和-嘉義,2024-10-08,8459
0056,元大高股息,34,0,34,康和-嘉義,2024-10-08,8459
6207,雷科,138,107,31,康和-嘉義,2024-10-08,8459
2885,元大金,30,0,30,康和-嘉義,2024-10-08,8459
2317,鴻海,38,7,31,康和-嘉義,2024-10-08,8459
1605,華新,30,0,30,康和-嘉義,2024-10-08,8459
1809,中釉,33,3,30,康和-嘉義,2024-10-08,8459
4716,大立,30,1,29,康和-嘉義,2024-10-08,8459
00919,群益台灣精選高息,30,2,28,康和-嘉義,2024-10-08,8459
00665L,富邦�琤肭磪囓�2,128,100,28,康和-嘉義,2024-10-08,8459
3149,正達,120,95,25,康和-嘉義,2024-10-08,8459
00933B,國泰10Y+金融債,23,0,23,康和-嘉義,2024-10-08,8459
2388,威盛,33,10,23,康和-嘉義,2024-10-08,8459
3591,艾笛森,23,0,23,康和-嘉義,2024-10-08,8459
00922,國泰台灣領袖50,22,0,22,康和-嘉義,2024-10-08,8459
2888,新光金,29,7,22,康和-嘉義,2024-10-08,8459
00907,永豐優息存股,20,0,20,康和-嘉義,2024-10-08,8459
00675L,富邦臺灣加權正2,23,3,20,康和-嘉義,2024-10-08,8459
1714,和桐,20,0,20,康和-嘉義,2024-10-08,8459
2543,皇昌,31,11,20,康和-嘉義,2024-10-08,8459
2609,陽明,26,8,18,康和-嘉義,2024-10-08,8459
00687B,國泰20年美債,63,46,17,康和-嘉義,2024-10-08,8459
00887,永豐中國科技50大,46,29,17,康和-嘉義,2024-10-08,8459
1721,三晃,36,19,17,康和-嘉義,2024-10-08,8459
3049,精金,26,9,17,康和-嘉義,2024-10-08,8459
00720B,元大投資級公司債,15,0,15,康和-嘉義,2024-10-08,8459
4956,光鋐,23,8,15,康和-嘉義,2024-10-08,8459
2014,中鴻,32,17,15,康和-嘉義,2024-10-08,8459
2362,藍天,28,13,15,康和-嘉義,2024-10-08,8459
2498,宏達電,18,3,15,康和-嘉義,2024-10-08,8459
6581,鋼聯,16,1,15,康和-嘉義,2024-10-08,8459
00878,國泰永續高股息,15,0,15,康和-嘉義,2024-10-08,8459
00940,元大台灣價值高息,15,0,15,康和-嘉義,2024-10-08,8459
00895,富邦未來車,14,0,14,康和-嘉義,2024-10-08,8459
2436,偉詮電,33,19,14,康和-嘉義,2024-10-08,8459
6026,福邦證,12,0,12,康和-嘉義,2024-10-08,8459
2371,大同,13,1,12,康和-嘉義,2024-10-08,8459
6548,長科*,12,0,12,康和-嘉義,2024-10-08,8459
8240,華宏,12,0,12,康和-嘉義,2024-10-08,8459
2891,中信金,56,44,12,康和-嘉義,2024-10-08,8459
1314,中石化,375,25,350,康和-嘉義,2024-10-09,8459
1708,東鹼,211,0,211,康和-嘉義,2024-10-09,8459
00637L,元大滬深300正2,300,129,171,康和-嘉義,2024-10-09,8459
2832,台產,123,0,123,康和-嘉義,2024-10-09,8459
6937,天虹,89,1,88,康和-嘉義,2024-10-09,8459
00665L,富邦�琤肭磪囓�2,100,23,77,康和-嘉義,2024-10-09,8459
00937B,群益ESG投等債20,74,0,74,康和-嘉義,2024-10-09,8459
1714,和桐,71,0,71,康和-嘉義,2024-10-09,8459
00679B,元大美債20年,61,0,61,康和-嘉義,2024-10-09,8459
6152,百一,57,1,56,康和-嘉義,2024-10-09,8459
1605,華新,43,0,43,康和-嘉義,2024-10-09,8459
6637,醫影,39,0,39,康和-嘉義,2024-10-09,8459
1721,三晃,39,1,38,康和-嘉義,2024-10-09,8459
2399,映泰,130,95,35,康和-嘉義,2024-10-09,8459
2017,官田鋼,34,0,34,康和-嘉義,2024-10-09,8459
8240,華宏,40,7,33,康和-嘉義,2024-10-09,8459
00882,中信中國高股息,89,58,31,康和-嘉義,2024-10-09,8459
00753L,中信中國50正2,81,50,31,康和-嘉義,2024-10-09,8459
3706,神達,34,3,31,康和-嘉義,2024-10-09,8459
8096,擎亞,42,15,27,康和-嘉義,2024-10-09,8459
2303,聯電,31,4,27,康和-嘉義,2024-10-09,8459
2103,台橡,27,1,26,康和-嘉義,2024-10-09,8459
2905,三商,26,0,26,康和-嘉義,2024-10-09,8459
8076,伍豐,40,15,25,康和-嘉義,2024-10-09,8459
2601,益航,36,11,25,康和-嘉義,2024-10-09,8459
3025,星通,172,147,25,康和-嘉義,2024-10-09,8459
3481,群創,28,4,24,康和-嘉義,2024-10-09,8459
4956,光鋐,37,13,24,康和-嘉義,2024-10-09,8459
00943,兆豐電子高息等權,23,0,23,康和-嘉義,2024-10-09,8459
00687B,國泰20年美債,27,5,22,康和-嘉義,2024-10-09,8459
2313,華通,33,12,21,康和-嘉義,2024-10-09,8459
1301,台塑,23,3,20,康和-嘉義,2024-10-09,8459
00940,元大台灣價值高息,20,0,20,康和-嘉義,2024-10-09,8459
1609,大亞,22,2,20,康和-嘉義,2024-10-09,8459
00949,復華日本龍頭,20,0,20,康和-嘉義,2024-10-09,8459
1608,華榮,20,0,20,康和-嘉義,2024-10-09,8459
1718,中纖,22,2,20,康和-嘉義,2024-10-09,8459
2883,凱基金,40,20,20,康和-嘉義,2024-10-09,8459
1101,台泥,19,0,19,康和-嘉義,2024-10-09,8459
3511,矽瑪,23,4,19,康和-嘉義,2024-10-09,8459
3019,亞光,24,5,19,康和-嘉義,2024-10-09,8459
2603,長榮,17,1,16,康和-嘉義,2024-10-09,8459
5225,東科-KY,16,0,16,康和-嘉義,2024-10-09,8459
3048,益登,38,23,15,康和-嘉義,2024-10-09,8459
3711,日月光投控,15,0,15,康和-嘉義,2024-10-09,8459
3550,聯穎,34,20,14,康和-嘉義,2024-10-09,8459
2609,陽明,18,6,12,康和-嘉義,2024-10-09,8459
1504,東元,12,0,12,康和-嘉義,2024-10-09,8459
3492,長盛,12,0,12,康和-嘉義,2024-10-09,8459
5880,合庫金,12,0,12,康和-嘉義,2024-10-09,8459
3033,威健,513,7,506,康和-嘉義,2024-10-11,8459
2883,凱基金,311,134,177,康和-嘉義,2024-10-11,8459
00637L,元大滬深300正2,544,397,147,康和-嘉義,2024-10-11,8459
2891,中信金,90,0,90,康和-嘉義,2024-10-11,8459
2409,友達,63,1,62,康和-嘉義,2024-10-11,8459
00895,富邦未來車,60,0,60,康和-嘉義,2024-10-11,8459
3710,連展投控,78,30,48,康和-嘉義,2024-10-11,8459
00922,國泰台灣領袖50,46,0,46,康和-嘉義,2024-10-11,8459
8096,擎亞,45,0,45,康和-嘉義,2024-10-11,8459
2892,第一金,45,0,45,康和-嘉義,2024-10-11,8459
2062,橋椿,40,7,33,康和-嘉義,2024-10-11,8459
00687B,國泰20年美債,32,0,32,康和-嘉義,2024-10-11,8459
2834,臺企銀,31,0,31,康和-嘉義,2024-10-11,8459
00639,富邦深100,50,20,30,康和-嘉義,2024-10-11,8459
1446,宏和,30,0,30,康和-嘉義,2024-10-11,8459
2017,官田鋼,26,0,26,康和-嘉義,2024-10-11,8459
00937B,群益ESG投等債20,25,0,25,康和-嘉義,2024-10-11,8459
2888,新光金,25,0,25,康和-嘉義,2024-10-11,8459
00680L,元大美債20正2,24,0,24,康和-嘉義,2024-10-11,8459
0056,元大高股息,24,1,23,康和-嘉義,2024-10-11,8459
00882,中信中國高股息,31,9,22,康和-嘉義,2024-10-11,8459
2356,英業達,25,3,22,康和-嘉義,2024-10-11,8459
00679B,元大美債20年,27,6,21,康和-嘉義,2024-10-11,8459
2634,漢翔,20,0,20,康和-嘉義,2024-10-11,8459
4128,中天,20,0,20,康和-嘉義,2024-10-11,8459
6216,居易,20,0,20,康和-嘉義,2024-10-11,8459
6486,互動,20,0,20,康和-嘉義,2024-10-11,8459
4956,光鋐,44,24,20,康和-嘉義,2024-10-11,8459
2867,三商壽,20,0,20,康和-嘉義,2024-10-11,8459
3019,亞光,25,6,19,康和-嘉義,2024-10-11,8459
3437,榮創,30,11,19,康和-嘉義,2024-10-11,8459
6609,瀧澤科,42,23,19,康和-嘉義,2024-10-11,8459
3498,陽程,24,6,18,康和-嘉義,2024-10-11,8459
1714,和桐,17,0,17,康和-嘉義,2024-10-11,8459
3037,欣興,22,6,16,康和-嘉義,2024-10-11,8459
00665L,富邦�琤肭磪囓�2,20,4,16,康和-嘉義,2024-10-11,8459
8111,立��,22,6,16,康和-嘉義,2024-10-11,8459
00940,元大台灣價值高息,16,0,16,康和-嘉義,2024-10-11,8459
2489,瑞軒,16,1,15,康和-嘉義,2024-10-11,8459
5905,南仁湖,14,0,14,康和-嘉義,2024-10-11,8459
2344,華邦電,14,0,14,康和-嘉義,2024-10-11,8459
2897,王道銀行,14,0,14,康和-嘉義,2024-10-11,8459
6152,百一,13,0,13,康和-嘉義,2024-10-11,8459
4903,聯光通,126,114,12,康和-嘉義,2024-10-11,8459
2103,台橡,12,0,12,康和-嘉義,2024-10-11,8459
0052,富邦科技,12,0,12,康和-嘉義,2024-10-11,8459
8076,伍豐,13,1,12,康和-嘉義,2024-10-11,8459
2317,鴻海,55,43,12,康和-嘉義,2024-10-11,8459
2313,華通,14,3,11,康和-嘉義,2024-10-11,8459
3092,鴻碩,11,0,11,康和-嘉義,2024-10-11,8459
00887,永豐中國科技50大,131,5,126,康和-嘉義,2024-10-14,8459
00687B,國泰20年美債,120,0,120,康和-嘉義,2024-10-14,8459
00632R,元大台灣50反1,105,0,105,康和-嘉義,2024-10-14,8459
2312,金寶,118,24,94,康和-嘉義,2024-10-14,8459
00679B,元大美債20年,76,5,71,康和-嘉義,2024-10-14,8459
2892,第一金,57,0,57,康和-嘉義,2024-10-14,8459
00753L,中信中國50正2,103,50,53,康和-嘉義,2024-10-14,8459
00915,凱基優選高股息30,47,0,47,康和-嘉義,2024-10-14,8459
3450,聯鈞,76,29,47,康和-嘉義,2024-10-14,8459
00878,國泰永續高股息,39,1,38,康和-嘉義,2024-10-14,8459
4903,聯光通,87,50,37,康和-嘉義,2024-10-14,8459
3149,正達,53,18,35,康和-嘉義,2024-10-14,8459
3231,緯創,76,43,33,康和-嘉義,2024-10-14,8459
0056,元大高股息,30,3,27,康和-嘉義,2024-10-14,8459
00882,中信中國高股息,39,13,26,康和-嘉義,2024-10-14,8459
1314,中石化,31,5,26,康和-嘉義,2024-10-14,8459
5438,東友,24,0,24,康和-嘉義,2024-10-14,8459
4580,捷流閥業,23,0,23,康和-嘉義,2024-10-14,8459
5871,中租-KY,24,2,22,康和-嘉義,2024-10-14,8459
3617,碩天,25,5,20,康和-嘉義,2024-10-14,8459
4977,眾達-KY,77,57,20,康和-嘉義,2024-10-14,8459
6168,宏齊,30,10,20,康和-嘉義,2024-10-14,8459
2017,官田鋼,16,0,16,康和-嘉義,2024-10-14,8459
00665L,富邦�琤肭磪囓�2,42,26,16,康和-嘉義,2024-10-14,8459
00712,復華富時不動產,16,0,16,康和-嘉義,2024-10-14,8459
4935,茂林-KY,18,2,16,康和-嘉義,2024-10-14,8459
2887,台新金,15,0,15,康和-嘉義,2024-10-14,8459
2897,王道銀行,15,0,15,康和-嘉義,2024-10-14,8459
2399,映泰,113,100,13,康和-嘉義,2024-10-14,8459
2884,玉山金,13,1,12,康和-嘉義,2024-10-14,8459
2495,普安,12,0,12,康和-嘉義,2024-10-14,8459
00654R,富邦印度反1,11,0,11,康和-嘉義,2024-10-14,8459
00912,中信臺灣智慧50,11,0,11,康和-嘉義,2024-10-14,8459
1595,川寶,26,15,11,康和-嘉義,2024-10-14,8459
1785,光洋科,13,2,11,康和-嘉義,2024-10-14,8459
4303,信立,12,1,11,康和-嘉義,2024-10-14,8459
6117,迎廣,11,0,11,康和-嘉義,2024-10-14,8459
2455,全新,12,1,11,康和-嘉義,2024-10-14,8459
00907,永豐優息存股,10,0,10,康和-嘉義,2024-10-14,8459
00949,復華日本龍頭,10,0,10,康和-嘉義,2024-10-14,8459
2420,新巨,10,0,10,康和-嘉義,2024-10-14,8459
2464,盟立,15,5,10,康和-嘉義,2024-10-14,8459
4105,東洋,10,0,10,康和-嘉義,2024-10-14,8459
6139,亞翔,19,9,10,康和-嘉義,2024-10-14,8459
6143,振曜,15,5,10,康和-嘉義,2024-10-14,8459
6425,易發,32,22,10,康和-嘉義,2024-10-14,8459
6581,鋼聯,10,0,10,康和-嘉義,2024-10-14,8459
6830,汎銓,32,22,10,康和-嘉義,2024-10-14,8459
6204,艾華,9,0,9,康和-嘉義,2024-10-14,8459
00637L,元大滬深300正2,104,96,8,康和-嘉義,2024-10-14,8459
00715L,期街口布蘭特正2,646,224,422,康和-嘉義,2024-10-15,8459
1314,中石化,361,59,302,康和-嘉義,2024-10-15,8459
2888,新光金,159,21,138,康和-嘉義,2024-10-15,8459
00637L,元大滬深300正2,107,12,95,康和-嘉義,2024-10-15,8459
00919,群益台灣精選高息,73,1,72,康和-嘉義,2024-10-15,8459
00687B,國泰20年美債,55,0,55,康和-嘉義,2024-10-15,8459
3257,虹冠電,50,2,48,康和-嘉義,2024-10-15,8459
4716,大立,44,1,43,康和-嘉義,2024-10-15,8459
00887,永豐中國科技50大,86,47,39,康和-嘉義,2024-10-15,8459
00961,FT臺灣永續高息,30,0,30,康和-嘉義,2024-10-15,8459
2615,萬海,35,5,30,康和-嘉義,2024-10-15,8459
2363,矽統,51,21,30,康和-嘉義,2024-10-15,8459
2312,金寶,47,18,29,康和-嘉義,2024-10-15,8459
3231,緯創,56,27,29,康和-嘉義,2024-10-15,8459
5452,佶優,44,16,28,康和-嘉義,2024-10-15,8459
8064,東捷,31,4,27,康和-嘉義,2024-10-15,8459
1301,台塑,25,0,25,康和-嘉義,2024-10-15,8459
1802,台玻,25,0,25,康和-嘉義,2024-10-15,8459
3189,景碩,23,1,22,康和-嘉義,2024-10-15,8459
3710,連展投控,21,1,20,康和-嘉義,2024-10-15,8459
2634,漢翔,20,1,19,康和-嘉義,2024-10-15,8459
1312,國喬,18,0,18,康和-嘉義,2024-10-15,8459
00912,中信臺灣智慧50,18,0,18,康和-嘉義,2024-10-15,8459
00688L,國泰20年美債正2,18,0,18,康和-嘉義,2024-10-15,8459
4510,高鋒,40,22,18,康和-嘉義,2024-10-15,8459
00937B,群益ESG投等債20,17,0,17,康和-嘉義,2024-10-15,8459
6139,亞翔,38,21,17,康和-嘉義,2024-10-15,8459
6152,百一,17,0,17,康和-嘉義,2024-10-15,8459
8240,華宏,50,33,17,康和-嘉義,2024-10-15,8459
1721,三晃,15,0,15,康和-嘉義,2024-10-15,8459
5488,松普,17,2,15,康和-嘉義,2024-10-15,8459
1815,富喬,99,85,14,康和-嘉義,2024-10-15,8459
6603,富強鑫,15,1,14,康和-嘉義,2024-10-15,8459
00642U,期元大S＆P石油,14,1,13,康和-嘉義,2024-10-15,8459
5234,達興材料,14,2,12,康和-嘉義,2024-10-15,8459
4979,華星光,36,24,12,康和-嘉義,2024-10-15,8459
00706L,期元大S＆P日圓正2,11,0,11,康和-嘉義,2024-10-15,8459
00665L,富邦�琤肭磪囓�2,11,0,11,康和-嘉義,2024-10-15,8459
3025,星通,19,8,11,康和-嘉義,2024-10-15,8459
4167,松瑞藥,11,0,11,康和-嘉義,2024-10-15,8459
6177,達麗,11,0,11,康和-嘉義,2024-10-15,8459
1460,宏遠,10,0,10,康和-嘉義,2024-10-15,8459
00643,群益深証中小,10,0,10,康和-嘉義,2024-10-15,8459
1710,東聯,10,0,10,康和-嘉義,2024-10-15,8459
2241,艾姆勒,20,10,10,康和-嘉義,2024-10-15,8459
2404,漢唐,10,0,10,康和-嘉義,2024-10-15,8459
5443,均豪,10,0,10,康和-嘉義,2024-10-15,8459
5483,中美晶,10,0,10,康和-嘉義,2024-10-15,8459
6204,艾華,10,0,10,康和-嘉義,2024-10-15,8459
6451,訊芯-KY,14,4,10,康和-嘉義,2024-10-15,8459
00715L,期街口布蘭特正2,723,191,532,康和-嘉義,2024-10-16,8459
00637L,元大滬深300正2,147,37,110,康和-嘉義,2024-10-16,8459
00929,復華台灣科技優息,71,3,68,康和-嘉義,2024-10-16,8459
5481,新華,70,4,66,康和-嘉義,2024-10-16,8459
00887,永豐中國科技50大,72,7,65,康和-嘉義,2024-10-16,8459
3437,榮創,63,22,41,康和-嘉義,2024-10-16,8459
4956,光鋐,114,75,39,康和-嘉義,2024-10-16,8459
00753L,中信中國50正2,47,11,36,康和-嘉義,2024-10-16,8459
5871,中租-KY,35,0,35,康和-嘉義,2024-10-16,8459
00915,凱基優選高股息30,45,10,35,康和-嘉義,2024-10-16,8459
2883,凱基金,35,0,35,康和-嘉義,2024-10-16,8459
8111,立��,67,34,33,康和-嘉義,2024-10-16,8459
3450,聯鈞,64,32,32,康和-嘉義,2024-10-16,8459
00665L,富邦�琤肭磪囓�2,50,22,28,康和-嘉義,2024-10-16,8459
00922,國泰台灣領袖50,26,0,26,康和-嘉義,2024-10-16,8459
1714,和桐,21,0,21,康和-嘉義,2024-10-16,8459
00893,國泰智能電動車,21,0,21,康和-嘉義,2024-10-16,8459
3062,建漢,129,109,20,康和-嘉義,2024-10-16,8459
4726,永昕,20,0,20,康和-嘉義,2024-10-16,8459
6164,華興,20,0,20,康和-嘉義,2024-10-16,8459
2303,聯電,21,2,19,康和-嘉義,2024-10-16,8459
3049,精金,19,0,19,康和-嘉義,2024-10-16,8459
2845,遠東銀,17,0,17,康和-嘉義,2024-10-16,8459
3257,虹冠電,16,0,16,康和-嘉義,2024-10-16,8459
4909,新復興,19,3,16,康和-嘉義,2024-10-16,8459
2382,廣達,35,19,16,康和-嘉義,2024-10-16,8459
0050,元大台灣50,15,0,15,康和-嘉義,2024-10-16,8459
3071,協禧,14,0,14,康和-嘉義,2024-10-16,8459
00954,中信日本半導體,13,0,13,康和-嘉義,2024-10-16,8459
2344,華邦電,13,0,13,康和-嘉義,2024-10-16,8459
3576,聯合再生,13,0,13,康和-嘉義,2024-10-16,8459
4903,聯光通,67,54,13,康和-嘉義,2024-10-16,8459
0056,元大高股息,16,4,12,康和-嘉義,2024-10-16,8459
2408,南亞科,13,1,12,康和-嘉義,2024-10-16,8459
00706L,期元大S＆P日圓正2,12,0,12,康和-嘉義,2024-10-16,8459
1446,宏和,12,0,12,康和-嘉義,2024-10-16,8459
1540,喬福,21,9,12,康和-嘉義,2024-10-16,8459
2449,京元電子,29,17,12,康和-嘉義,2024-10-16,8459
1301,台塑,12,0,12,康和-嘉義,2024-10-16,8459
6104,創惟,12,1,11,康和-嘉義,2024-10-16,8459
2884,玉山金,10,0,10,康和-嘉義,2024-10-16,8459
00676R,富邦臺灣加權反1,10,0,10,康和-嘉義,2024-10-16,8459
00882,中信中國高股息,13,3,10,康和-嘉義,2024-10-16,8459
00907,永豐優息存股,10,0,10,康和-嘉義,2024-10-16,8459
00956,中信日經高股息,10,0,10,康和-嘉義,2024-10-16,8459
1597,直得,10,0,10,康和-嘉義,2024-10-16,8459
1612,宏泰,16,6,10,康和-嘉義,2024-10-16,8459
2495,普安,11,1,10,康和-嘉義,2024-10-16,8459
2511,太子,10,0,10,康和-嘉義,2024-10-16,8459
8114,振樺電,10,0,10,康和-嘉義,2024-10-16,8459
4919,新唐,100,1,99,康和-嘉義,2024-10-17,8459
2609,陽明,119,26,93,康和-嘉義,2024-10-17,8459
2374,佳能,141,57,84,康和-嘉義,2024-10-17,8459
00887,永豐中國科技50大,77,0,77,康和-嘉義,2024-10-17,8459
2888,新光金,72,0,72,康和-嘉義,2024-10-17,8459
2615,萬海,130,64,66,康和-嘉義,2024-10-17,8459
00905,FT臺灣Smart,60,0,60,康和-嘉義,2024-10-17,8459
00715L,期街口布蘭特正2,57,0,57,康和-嘉義,2024-10-17,8459
2543,皇昌,61,20,41,康和-嘉義,2024-10-17,8459
00637L,元大滬深300正2,59,22,37,康和-嘉義,2024-10-17,8459
2363,矽統,41,6,35,康和-嘉義,2024-10-17,8459
1815,富喬,32,0,32,康和-嘉義,2024-10-17,8459
00882,中信中國高股息,35,5,30,康和-嘉義,2024-10-17,8459
2486,一詮,35,5,30,康和-嘉義,2024-10-17,8459
1528,恩德,66,37,29,康和-嘉義,2024-10-17,8459
6546,正基,33,4,29,康和-嘉義,2024-10-17,8459
2489,瑞軒,28,0,28,康和-嘉義,2024-10-17,8459
3564,其陽,26,0,26,康和-嘉義,2024-10-17,8459
1785,光洋科,36,13,23,康和-嘉義,2024-10-17,8459
3050,鈺德,20,0,20,康和-嘉義,2024-10-17,8459
2603,長榮,26,6,20,康和-嘉義,2024-10-17,8459
2344,華邦電,22,4,18,康和-嘉義,2024-10-17,8459
4533,協易機,25,9,16,康和-嘉義,2024-10-17,8459
3450,聯鈞,100,84,16,康和-嘉義,2024-10-17,8459
0056,元大高股息,20,4,16,康和-嘉義,2024-10-17,8459
6274,台燿,16,1,15,康和-嘉義,2024-10-17,8459
2388,威盛,17,2,15,康和-嘉義,2024-10-17,8459
00753L,中信中國50正2,24,10,14,康和-嘉義,2024-10-17,8459
4126,太醫,14,0,14,康和-嘉義,2024-10-17,8459
4542,科嶠,58,44,14,康和-嘉義,2024-10-17,8459
2301,光寶科,18,5,13,康和-嘉義,2024-10-17,8459
3049,精金,18,5,13,康和-嘉義,2024-10-17,8459
8110,華東,13,0,13,康和-嘉義,2024-10-17,8459
3380,明泰,12,0,12,康和-嘉義,2024-10-17,8459
4906,正文,12,0,12,康和-嘉義,2024-10-17,8459
4908,前鼎,13,1,12,康和-嘉義,2024-10-17,8459
3167,大量,11,0,11,康和-嘉義,2024-10-17,8459
3714,富采,14,3,11,康和-嘉義,2024-10-17,8459
5230,雷笛克光學,16,5,11,康和-嘉義,2024-10-17,8459
00934,中信成長高股息,10,0,10,康和-嘉義,2024-10-17,8459
00907,永豐優息存股,10,0,10,康和-嘉義,2024-10-17,8459
00959B,大華投等美債15Y+,10,0,10,康和-嘉義,2024-10-17,8459
2034,允強,10,0,10,康和-嘉義,2024-10-17,8459
2364,倫飛,10,0,10,康和-嘉義,2024-10-17,8459
2535,達欣工,10,0,10,康和-嘉義,2024-10-17,8459
5439,高技,10,0,10,康和-嘉義,2024-10-17,8459
6177,達麗,20,10,10,康和-嘉義,2024-10-17,8459
6215,和椿,13,3,10,康和-嘉義,2024-10-17,8459
3379,彬台,10,1,9,康和-嘉義,2024-10-17,8459
5457,宣德,9,0,9,康和-嘉義,2024-10-17,8459
00637L,元大滬深300正2,821,602,219,康和-嘉義,2024-10-18,8459
3710,連展投控,116,2,114,康和-嘉義,2024-10-18,8459
2486,一詮,117,5,112,康和-嘉義,2024-10-18,8459
00687B,國泰20年美債,98,2,96,康和-嘉義,2024-10-18,8459
2312,金寶,235,151,84,康和-嘉義,2024-10-18,8459
00679B,元大美債20年,81,6,75,康和-嘉義,2024-10-18,8459
2845,遠東銀,65,15,50,康和-嘉義,2024-10-18,8459
3615,安可,135,85,50,康和-嘉義,2024-10-18,8459
3011,今皓,78,32,46,康和-嘉義,2024-10-18,8459
8096,擎亞,58,13,45,康和-嘉義,2024-10-18,8459
1802,台玻,56,12,44,康和-嘉義,2024-10-18,8459
1785,光洋科,72,28,44,康和-嘉義,2024-10-18,8459
5457,宣德,44,0,44,康和-嘉義,2024-10-18,8459
3714,富采,56,14,42,康和-嘉義,2024-10-18,8459
6425,易發,60,18,42,康和-嘉義,2024-10-18,8459
6838,台新藥,37,0,37,康和-嘉義,2024-10-18,8459
0056,元大高股息,46,10,36,康和-嘉義,2024-10-18,8459
2313,華通,34,0,34,康和-嘉義,2024-10-18,8459
00927,群益半導體收益,37,4,33,康和-嘉義,2024-10-18,8459
4533,協易機,38,6,32,康和-嘉義,2024-10-18,8459
4566,時碩工業,78,47,31,康和-嘉義,2024-10-18,8459
6213,聯茂,32,1,31,康和-嘉義,2024-10-18,8459
3031,佰鴻,30,0,30,康和-嘉義,2024-10-18,8459
6177,達麗,30,0,30,康和-嘉義,2024-10-18,8459
00688L,國泰20年美債正2,29,0,29,康和-嘉義,2024-10-18,8459
3167,大量,49,20,29,康和-嘉義,2024-10-18,8459
2363,矽統,152,123,29,康和-嘉義,2024-10-18,8459
3498,陽程,38,11,27,康和-嘉義,2024-10-18,8459
5347,世界,25,0,25,康和-嘉義,2024-10-18,8459
2303,聯電,24,0,24,康和-嘉義,2024-10-18,8459
3013,晟銘電,87,65,22,康和-嘉義,2024-10-18,8459
1540,喬福,45,24,21,康和-嘉義,2024-10-18,8459
6438,迅得,21,0,21,康和-嘉義,2024-10-18,8459
4562,穎漢,60,39,21,康和-嘉義,2024-10-18,8459
00676R,富邦臺灣加權反1,20,0,20,康和-嘉義,2024-10-18,8459
2436,偉詮電,20,0,20,康和-嘉義,2024-10-18,8459
1314,中石化,40,21,19,康和-嘉義,2024-10-18,8459
2388,威盛,21,3,18,康和-嘉義,2024-10-18,8459
4909,新復興,24,8,16,康和-嘉義,2024-10-18,8459
00712,復華富時不動產,16,0,16,康和-嘉義,2024-10-18,8459
5438,東友,46,30,16,康和-嘉義,2024-10-18,8459
00919,群益台灣精選高息,16,1,15,康和-嘉義,2024-10-18,8459
00937B,群益ESG投等債20,15,0,15,康和-嘉義,2024-10-18,8459
9958,世紀鋼,22,7,15,康和-嘉義,2024-10-18,8459
00940,元大台灣價值高息,16,1,15,康和-嘉義,2024-10-18,8459
1815,富喬,27,12,15,康和-嘉義,2024-10-18,8459
2467,志聖,18,5,13,康和-嘉義,2024-10-18,8459
4563,百德,13,0,13,康和-嘉義,2024-10-18,8459
00887,永豐中國科技50大,30,18,12,康和-嘉義,2024-10-18,8459
8114,振樺電,12,0,12,康和-嘉義,2024-10-18,8459
00715L,期街口布蘭特正2,764,601,163,康和-嘉義,2024-10-21,8459
2883,凱基金,125,0,125,康和-嘉義,2024-10-21,8459
2426,鼎元,112,3,109,康和-嘉義,2024-10-21,8459
2891,中信金,96,5,91,康和-嘉義,2024-10-21,8459
00687B,國泰20年美債,88,0,88,康和-嘉義,2024-10-21,8459
2603,長榮,75,7,68,康和-嘉義,2024-10-21,8459
2399,映泰,142,74,68,康和-嘉義,2024-10-21,8459
3062,建漢,98,30,68,康和-嘉義,2024-10-21,8459
1711,永光,74,13,61,康和-嘉義,2024-10-21,8459
2887,台新金,63,3,60,康和-嘉義,2024-10-21,8459
6873,泓德能源,50,0,50,康和-嘉義,2024-10-21,8459
3149,正達,63,15,48,康和-嘉義,2024-10-21,8459
2303,聯電,51,4,47,康和-嘉義,2024-10-21,8459
2402,毅嘉,44,1,43,康和-嘉義,2024-10-21,8459
2609,陽明,105,63,42,康和-嘉義,2024-10-21,8459
8096,擎亞,42,0,42,康和-嘉義,2024-10-21,8459
4540,全球傳動,54,12,42,康和-嘉義,2024-10-21,8459
00929,復華台灣科技優息,44,4,40,康和-嘉義,2024-10-21,8459
4726,永昕,40,1,39,康和-嘉義,2024-10-21,8459
00937B,群益ESG投等債20,39,0,39,康和-嘉義,2024-10-21,8459
00895,富邦未來車,35,0,35,康和-嘉義,2024-10-21,8459
2103,台橡,32,0,32,康和-嘉義,2024-10-21,8459
00696B,富邦美債20年,31,0,31,康和-嘉義,2024-10-21,8459
2834,臺企銀,30,0,30,康和-嘉義,2024-10-21,8459
00907,永豐優息存股,27,0,27,康和-嘉義,2024-10-21,8459
1597,直得,30,4,26,康和-嘉義,2024-10-21,8459
00905,FT臺灣Smart,22,0,22,康和-嘉義,2024-10-21,8459
2615,萬海,35,14,21,康和-嘉義,2024-10-21,8459
00688L,國泰20年美債正2,20,0,20,康和-嘉義,2024-10-21,8459
2038,海光,21,1,20,康和-嘉義,2024-10-21,8459
3290,東浦,30,10,20,康和-嘉義,2024-10-21,8459
1536,和大,20,1,19,康和-嘉義,2024-10-21,8459
2363,矽統,188,170,18,康和-嘉義,2024-10-21,8459
2543,皇昌,53,36,17,康和-嘉義,2024-10-21,8459
2498,宏達電,19,2,17,康和-嘉義,2024-10-21,8459
1539,巨庭,20,4,16,康和-嘉義,2024-10-21,8459
00679B,元大美債20年,16,0,16,康和-嘉義,2024-10-21,8459
00650L,復華香港正2,15,0,15,康和-嘉義,2024-10-21,8459
2449,京元電子,21,6,15,康和-嘉義,2024-10-21,8459
4979,華星光,27,13,14,康和-嘉義,2024-10-21,8459
3715,定穎投控,19,5,14,康和-嘉義,2024-10-21,8459
4772,台特化,14,0,14,康和-嘉義,2024-10-21,8459
2365,昆盈,15,2,13,康和-嘉義,2024-10-21,8459
00763U,期街口道瓊銅,12,0,12,康和-嘉義,2024-10-21,8459
00959B,大華投等美債15Y+,12,0,12,康和-嘉義,2024-10-21,8459
1314,中石化,56,45,11,康和-嘉義,2024-10-21,8459
5871,中租-KY,12,1,11,康和-嘉義,2024-10-21,8459
00942B,台新美A公司債20+,10,0,10,康和-嘉義,2024-10-21,8459
00955,中信日本商社,10,0,10,康和-嘉義,2024-10-21,8459
2340,台亞,10,0,10,康和-嘉義,2024-10-21,8459
3033,威健,135,0,135,康和-嘉義,2024-10-22,8459
2486,一詮,158,52,106,康和-嘉義,2024-10-22,8459
00679B,元大美債20年,89,0,89,康和-嘉義,2024-10-22,8459
2103,台橡,77,0,77,康和-嘉義,2024-10-22,8459
00948B,中信優息投資級債,54,0,54,康和-嘉義,2024-10-22,8459
4903,聯光通,64,10,54,康和-嘉義,2024-10-22,8459
00692,富邦公司治理,51,0,51,康和-嘉義,2024-10-22,8459
3354,律勝,49,2,47,康和-嘉義,2024-10-22,8459
00680L,元大美債20正2,32,0,32,康和-嘉義,2024-10-22,8459
2329,華泰,36,5,31,康和-嘉義,2024-10-22,8459
00857B,永豐20年美公債,30,0,30,康和-嘉義,2024-10-22,8459
5386,青雲,30,2,28,康和-嘉義,2024-10-22,8459
2017,官田鋼,26,0,26,康和-嘉義,2024-10-22,8459
3167,大量,27,1,26,康和-嘉義,2024-10-22,8459
00937B,群益ESG投等債20,105,80,25,康和-嘉義,2024-10-22,8459
00929,復華台灣科技優息,36,11,25,康和-嘉義,2024-10-22,8459
2615,萬海,56,31,25,康和-嘉義,2024-10-22,8459
2845,遠東銀,25,0,25,康和-嘉義,2024-10-22,8459
1304,台聚,25,1,24,康和-嘉義,2024-10-22,8459
2887,台新金,24,0,24,康和-嘉義,2024-10-22,8459
3013,晟銘電,38,14,24,康和-嘉義,2024-10-22,8459
3189,景碩,69,46,23,康和-嘉義,2024-10-22,8459
00933B,國泰10Y+金融債,23,0,23,康和-嘉義,2024-10-22,8459
4533,協易機,23,1,22,康和-嘉義,2024-10-22,8459
4726,永昕,22,1,21,康和-嘉義,2024-10-22,8459
6197,佳必琪,52,31,21,康和-嘉義,2024-10-22,8459
00915,凱基優選高股息30,28,8,20,康和-嘉義,2024-10-22,8459
6237,驊訊,21,1,20,康和-嘉義,2024-10-22,8459
00687B,國泰20年美債,114,96,18,康和-嘉義,2024-10-22,8459
2344,華邦電,18,0,18,康和-嘉義,2024-10-22,8459
00632R,元大台灣50反1,23,5,18,康和-嘉義,2024-10-22,8459
2374,佳能,54,37,17,康和-嘉義,2024-10-22,8459
00751B,元大AAA至A公司債,16,0,16,康和-嘉義,2024-10-22,8459
2367,燿華,17,1,16,康和-嘉義,2024-10-22,8459
00720B,元大投資級公司債,14,0,14,康和-嘉義,2024-10-22,8459
00712,復華富時不動產,14,0,14,康和-嘉義,2024-10-22,8459
6698,旭暉應材,14,0,14,康和-嘉義,2024-10-22,8459
00795B,中信美國公債20年,13,0,13,康和-嘉義,2024-10-22,8459
1316,上曜,15,2,13,康和-嘉義,2024-10-22,8459
2327,國巨,14,1,13,康和-嘉義,2024-10-22,8459
2801,彰銀,25,12,13,康和-嘉義,2024-10-22,8459
00725B,國泰投資級公司債,12,0,12,康和-嘉義,2024-10-22,8459
00946,群益科技高息成長,12,0,12,康和-嘉義,2024-10-22,8459
2356,英業達,13,2,11,康和-嘉義,2024-10-22,8459
6442,光聖,49,38,11,康和-嘉義,2024-10-22,8459
1307,三芳,16,6,10,康和-嘉義,2024-10-22,8459
1336,台翰,10,0,10,康和-嘉義,2024-10-22,8459
1609,大亞,10,0,10,康和-嘉義,2024-10-22,8459
2889,國票金,10,0,10,康和-嘉義,2024-10-22,8459
3047,訊舟,11,1,10,康和-嘉義,2024-10-22,8459
00687B,國泰20年美債,229,3,226,康和-嘉義,2024-10-23,8459
00948B,中信優息投資級債,220,0,220,康和-嘉義,2024-10-23,8459
3049,精金,125,0,125,康和-嘉義,2024-10-23,8459
2399,映泰,309,208,101,康和-嘉義,2024-10-23,8459
00712,復華富時不動產,90,0,90,康和-嘉義,2024-10-23,8459
00937B,群益ESG投等債20,73,0,73,康和-嘉義,2024-10-23,8459
3481,群創,100,30,70,康和-嘉義,2024-10-23,8459
2891,中信金,81,20,61,康和-嘉義,2024-10-23,8459
2609,陽明,92,32,60,康和-嘉義,2024-10-23,8459
9105,泰金寶-DR,52,2,50,康和-嘉義,2024-10-23,8459
2887,台新金,47,0,47,康和-嘉義,2024-10-23,8459
6405,悅城,185,146,39,康和-嘉義,2024-10-23,8459
00887,永豐中國科技50大,39,1,38,康和-嘉義,2024-10-23,8459
4977,眾達-KY,38,0,38,康和-嘉義,2024-10-23,8459
1727,中華化,53,16,37,康和-嘉義,2024-10-23,8459
3011,今皓,67,31,36,康和-嘉義,2024-10-23,8459
8064,東捷,61,25,36,康和-嘉義,2024-10-23,8459
00940,元大台灣價值高息,35,0,35,康和-嘉義,2024-10-23,8459
1905,華紙,33,0,33,康和-嘉義,2024-10-23,8459
5871,中租-KY,30,0,30,康和-嘉義,2024-10-23,8459
2017,官田鋼,28,0,28,康和-嘉義,2024-10-23,8459
2317,鴻海,108,80,28,康和-嘉義,2024-10-23,8459
2312,金寶,47,20,27,康和-嘉義,2024-10-23,8459
2603,長榮,32,6,26,康和-嘉義,2024-10-23,8459
1785,光洋科,73,47,26,康和-嘉義,2024-10-23,8459
3234,光環,27,1,26,康和-嘉義,2024-10-23,8459
3581,博磊,31,5,26,康和-嘉義,2024-10-23,8459
4772,台特化,34,8,26,康和-嘉義,2024-10-23,8459
2329,華泰,48,23,25,康和-嘉義,2024-10-23,8459
2543,皇昌,26,1,25,康和-嘉義,2024-10-23,8459
2303,聯電,31,7,24,康和-嘉義,2024-10-23,8459
2615,萬海,43,19,24,康和-嘉義,2024-10-23,8459
3033,威健,24,1,23,康和-嘉義,2024-10-23,8459
3450,聯鈞,126,103,23,康和-嘉義,2024-10-23,8459
1449,佳和,22,0,22,康和-嘉義,2024-10-23,8459
3710,連展投控,21,0,21,康和-嘉義,2024-10-23,8459
2897,王道銀行,20,0,20,康和-嘉義,2024-10-23,8459
3189,景碩,41,21,20,康和-嘉義,2024-10-23,8459
3708,上緯投控,20,0,20,康和-嘉義,2024-10-23,8459
4934,太極,20,0,20,康和-嘉義,2024-10-23,8459
6177,達麗,20,0,20,康和-嘉義,2024-10-23,8459
00951,台新日本半導體,18,0,18,康和-嘉義,2024-10-23,8459
4726,永昕,20,2,18,康和-嘉義,2024-10-23,8459
1314,中石化,49,33,16,康和-嘉義,2024-10-23,8459
2883,凱基金,16,0,16,康和-嘉義,2024-10-23,8459
3167,大量,27,11,16,康和-嘉義,2024-10-23,8459
3430,奇鈦科,28,13,15,康和-嘉義,2024-10-23,8459
8110,華東,15,0,15,康和-嘉義,2024-10-23,8459
2313,華通,25,10,15,康和-嘉義,2024-10-23,8459
00878,國泰永續高股息,14,0,14,康和-嘉義,2024-10-23,8459
00937B,群益ESG投等債20,244,25,219,康和-嘉義,2024-10-24,8459
2610,華航,171,50,121,康和-嘉義,2024-10-24,8459
1314,中石化,110,10,100,康和-嘉義,2024-10-24,8459
8240,華宏,99,9,90,康和-嘉義,2024-10-24,8459
00919,群益台灣精選高息,90,0,90,康和-嘉義,2024-10-24,8459
2365,昆盈,82,23,59,康和-嘉義,2024-10-24,8459
8935,邦泰,55,0,55,康和-嘉義,2024-10-24,8459
3060,銘異,50,1,49,康和-嘉義,2024-10-24,8459
3011,今皓,65,17,48,康和-嘉義,2024-10-24,8459
2486,一詮,56,13,43,康和-嘉義,2024-10-24,8459
0056,元大高股息,36,0,36,康和-嘉義,2024-10-24,8459
4540,全球傳動,63,28,35,康和-嘉義,2024-10-24,8459
2363,矽統,36,3,33,康和-嘉義,2024-10-24,8459
6139,亞翔,35,2,33,康和-嘉義,2024-10-24,8459
2355,敬鵬,32,0,32,康和-嘉義,2024-10-24,8459
2017,官田鋼,31,0,31,康和-嘉義,2024-10-24,8459
2618,長榮航,42,11,31,康和-嘉義,2024-10-24,8459
2356,英業達,30,0,30,康和-嘉義,2024-10-24,8459
3715,定穎投控,37,9,28,康和-嘉義,2024-10-24,8459
6451,訊芯-KY,33,7,26,康和-嘉義,2024-10-24,8459
2382,廣達,34,8,26,康和-嘉義,2024-10-24,8459
3033,威健,26,0,26,康和-嘉義,2024-10-24,8459
00885,富邦越南,25,0,25,康和-嘉義,2024-10-24,8459
2388,威盛,28,4,24,康和-嘉義,2024-10-24,8459
1605,華新,22,0,22,康和-嘉義,2024-10-24,8459
3257,虹冠電,21,0,21,康和-嘉義,2024-10-24,8459
8926,台汽電,21,0,21,康和-嘉義,2024-10-24,8459
00772B,中信高評級公司債,20,0,20,康和-嘉義,2024-10-24,8459
00940,元大台灣價值高息,20,0,20,康和-嘉義,2024-10-24,8459
2888,新光金,20,0,20,康和-嘉義,2024-10-24,8459
2431,聯昌,31,12,19,康和-嘉義,2024-10-24,8459
4716,大立,23,4,19,康和-嘉義,2024-10-24,8459
2317,鴻海,53,34,19,康和-嘉義,2024-10-24,8459
1528,恩德,36,18,18,康和-嘉義,2024-10-24,8459
3149,正達,18,0,18,康和-嘉義,2024-10-24,8459
00948B,中信優息投資級債,17,0,17,康和-嘉義,2024-10-24,8459
3049,精金,19,2,17,康和-嘉義,2024-10-24,8459
3231,緯創,35,18,17,康和-嘉義,2024-10-24,8459
2883,凱基金,17,0,17,康和-嘉義,2024-10-24,8459
1809,中釉,18,2,16,康和-嘉義,2024-10-24,8459
3234,光環,15,0,15,康和-嘉義,2024-10-24,8459
2498,宏達電,14,0,14,康和-嘉義,2024-10-24,8459
4571,鈞興-KY,14,0,14,康和-嘉義,2024-10-24,8459
3580,友威科,27,14,13,康和-嘉義,2024-10-24,8459
4979,華星光,29,17,12,康和-嘉義,2024-10-24,8459
2464,盟立,21,10,11,康和-嘉義,2024-10-24,8459
00637L,元大滬深300正2,65,54,11,康和-嘉義,2024-10-24,8459
1609,大亞,14,3,11,康和-嘉義,2024-10-24,8459
6706,惠特,10,0,10,康和-嘉義,2024-10-24,8459
8076,伍豐,13,3,10,康和-嘉義,2024-10-24,8459
2801,彰銀,115,1,114,康和-嘉義,2024-10-25,8459
2017,官田鋼,61,0,61,康和-嘉義,2024-10-25,8459
6869,雲豹能源,51,0,51,康和-嘉義,2024-10-25,8459
00687B,國泰20年美債,56,6,50,康和-嘉義,2024-10-25,8459
8064,東捷,53,3,50,康和-嘉義,2024-10-25,8459
3231,緯創,140,91,49,康和-嘉義,2024-10-25,8459
8021,尖點,60,14,46,康和-嘉義,2024-10-25,8459
00753L,中信中國50正2,52,12,40,康和-嘉義,2024-10-25,8459
1307,三芳,35,2,33,康和-嘉義,2024-10-25,8459
00937B,群益ESG投等債20,32,0,32,康和-嘉義,2024-10-25,8459
00887,永豐中國科技50大,30,0,30,康和-嘉義,2024-10-25,8459
3450,聯鈞,28,2,26,康和-嘉義,2024-10-25,8459
2486,一詮,77,51,26,康和-嘉義,2024-10-25,8459
2362,藍天,25,2,23,康和-嘉義,2024-10-25,8459
3234,光環,23,0,23,康和-嘉義,2024-10-25,8459
4743,合一,23,0,23,康和-嘉義,2024-10-25,8459
00878,國泰永續高股息,22,0,22,康和-嘉義,2024-10-25,8459
3013,晟銘電,30,8,22,康和-嘉義,2024-10-25,8459
3609,三一東林,21,0,21,康和-嘉義,2024-10-25,8459
2867,三商壽,20,0,20,康和-嘉義,2024-10-25,8459
2388,威盛,19,0,19,康和-嘉義,2024-10-25,8459
5386,青雲,21,2,19,康和-嘉義,2024-10-25,8459
2103,台橡,16,0,16,康和-嘉義,2024-10-25,8459
2317,鴻海,61,45,16,康和-嘉義,2024-10-25,8459
6770,力積電,15,0,15,康和-嘉義,2024-10-25,8459
2412,中華電,15,0,15,康和-嘉義,2024-10-25,8459
2455,全新,17,2,15,康和-嘉義,2024-10-25,8459
6405,悅城,33,18,15,康和-嘉義,2024-10-25,8459
1513,中興電,18,6,12,康和-嘉義,2024-10-25,8459
2374,佳能,69,57,12,康和-嘉義,2024-10-25,8459
3264,欣銓,12,0,12,康和-嘉義,2024-10-25,8459
3402,漢科,24,12,12,康和-嘉義,2024-10-25,8459
2498,宏達電,11,0,11,康和-嘉義,2024-10-25,8459
5284,jpp-KY,11,0,11,康和-嘉義,2024-10-25,8459
00675L,富邦臺灣加權正2,10,0,10,康和-嘉義,2024-10-25,8459
2495,普安,74,64,10,康和-嘉義,2024-10-25,8459
2609,陽明,19,9,10,康和-嘉義,2024-10-25,8459
2834,臺企銀,10,0,10,康和-嘉義,2024-10-25,8459
2845,遠東銀,10,0,10,康和-嘉義,2024-10-25,8459
3211,順達,10,0,10,康和-嘉義,2024-10-25,8459
3689,湧德,30,20,10,康和-嘉義,2024-10-25,8459
4526,東台,15,5,10,康和-嘉義,2024-10-25,8459
4766,南寶,10,0,10,康和-嘉義,2024-10-25,8459
6548,長科*,10,0,10,康和-嘉義,2024-10-25,8459
2337,旺宏,9,0,9,康和-嘉義,2024-10-25,8459
2313,華通,12,3,9,康和-嘉義,2024-10-25,8459
6873,泓德能源,19,10,9,康和-嘉義,2024-10-25,8459
2464,盟立,12,4,8,康和-嘉義,2024-10-25,8459
1727,中華化,9,1,8,康和-嘉義,2024-10-25,8459
2929,淘帝-KY,8,0,8,康和-嘉義,2024-10-25,8459
1326,台化,110,3,107,康和-嘉義,2024-10-28,8459
3325,旭品,60,0,60,康和-嘉義,2024-10-28,8459
3189,景碩,61,2,59,康和-嘉義,2024-10-28,8459
2312,金寶,91,35,56,康和-嘉義,2024-10-28,8459
6869,雲豹能源,53,1,52,康和-嘉義,2024-10-28,8459
2618,長榮航,51,0,51,康和-嘉義,2024-10-28,8459
00637L,元大滬深300正2,772,727,45,康和-嘉義,2024-10-28,8459
3055,蔚華科,53,19,34,康和-嘉義,2024-10-28,8459
00895,富邦未來車,30,0,30,康和-嘉義,2024-10-28,8459
00937B,群益ESG投等債20,29,0,29,康和-嘉義,2024-10-28,8459
2646,星宇航空,42,17,25,康和-嘉義,2024-10-28,8459
2883,凱基金,23,0,23,康和-嘉義,2024-10-28,8459
00950B,凱基A級公司債,20,0,20,康和-嘉義,2024-10-28,8459
1460,宏遠,20,0,20,康和-嘉義,2024-10-28,8459
2330,台積電,20,0,20,康和-嘉義,2024-10-28,8459
00712,復華富時不動產,19,0,19,康和-嘉義,2024-10-28,8459
2382,廣達,54,36,18,康和-嘉義,2024-10-28,8459
3450,聯鈞,31,15,16,康和-嘉義,2024-10-28,8459
4909,新復興,21,6,15,康和-嘉義,2024-10-28,8459
3710,連展投控,15,0,15,康和-嘉義,2024-10-28,8459
00679B,元大美債20年,27,13,14,康和-嘉義,2024-10-28,8459
2609,陽明,20,6,14,康和-嘉義,2024-10-28,8459
00948B,中信優息投資級債,14,0,14,康和-嘉義,2024-10-28,8459
3105,穩懋,13,0,13,康和-嘉義,2024-10-28,8459
2884,玉山金,14,1,13,康和-嘉義,2024-10-28,8459
2891,中信金,15,2,13,康和-嘉義,2024-10-28,8459
3092,鴻碩,20,7,13,康和-嘉義,2024-10-28,8459
00670L,富邦NASDAQ正2,12,0,12,康和-嘉義,2024-10-28,8459
1449,佳和,19,7,12,康和-嘉義,2024-10-28,8459
1568,倉佑,22,10,12,康和-嘉義,2024-10-28,8459
4726,永昕,12,0,12,康和-嘉義,2024-10-28,8459
6202,盛群,12,0,12,康和-嘉義,2024-10-28,8459
6016,康和證,11,0,11,康和-嘉義,2024-10-28,8459
6143,振曜,11,0,11,康和-嘉義,2024-10-28,8459
6152,百一,11,0,11,康和-嘉義,2024-10-28,8459
1528,恩德,13,3,10,康和-嘉義,2024-10-28,8459
1307,三芳,10,0,10,康和-嘉義,2024-10-28,8459
00878,國泰永續高股息,10,0,10,康和-嘉義,2024-10-28,8459
6706,惠特,10,0,10,康和-嘉義,2024-10-28,8459
00632R,元大台灣50反1,10,0,10,康和-嘉義,2024-10-28,8459
00751B,元大AAA至A公司債,10,0,10,康和-嘉義,2024-10-28,8459
00720B,元大投資級公司債,10,0,10,康和-嘉義,2024-10-28,8459
2208,台船,13,3,10,康和-嘉義,2024-10-28,8459
2939,永邑-KY,10,0,10,康和-嘉義,2024-10-28,8459
3520,華盈,10,0,10,康和-嘉義,2024-10-28,8459
3689,湧德,30,20,10,康和-嘉義,2024-10-28,8459
6213,聯茂,12,2,10,康和-嘉義,2024-10-28,8459
3211,順達,10,0,10,康和-嘉義,2024-10-28,8459
3056,富華新,9,0,9,康和-嘉義,2024-10-28,8459
00795B,中信美國公債20年,8,0,8,康和-嘉義,2024-10-28,8459
2312,金寶,261,76,185,康和-嘉義,2024-10-29,8459
00715L,期街口布蘭特正2,162,0,162,康和-嘉義,2024-10-29,8459
1314,中石化,99,1,98,康和-嘉義,2024-10-29,8459
1528,恩德,110,23,87,康和-嘉義,2024-10-29,8459
1326,台化,49,0,49,康和-嘉義,2024-10-29,8459
00878,國泰永續高股息,48,0,48,康和-嘉義,2024-10-29,8459
00919,群益台灣精選高息,58,13,45,康和-嘉義,2024-10-29,8459
1449,佳和,59,18,41,康和-嘉義,2024-10-29,8459
00929,復華台灣科技優息,38,0,38,康和-嘉義,2024-10-29,8459
00887,永豐中國科技50大,43,7,36,康和-嘉義,2024-10-29,8459
00712,復華富時不動產,33,0,33,康和-嘉義,2024-10-29,8459
6568,宏觀,32,0,32,康和-嘉義,2024-10-29,8459
2489,瑞軒,31,0,31,康和-嘉義,2024-10-29,8459
3308,聯德,29,0,29,康和-嘉義,2024-10-29,8459
2303,聯電,29,1,28,康和-嘉義,2024-10-29,8459
2431,聯昌,43,18,25,康和-嘉義,2024-10-29,8459
2317,鴻海,64,40,24,康和-嘉義,2024-10-29,8459
00946,群益科技高息成長,22,0,22,康和-嘉義,2024-10-29,8459
3450,聯鈞,38,16,22,康和-嘉義,2024-10-29,8459
3037,欣興,29,7,22,康和-嘉義,2024-10-29,8459
5880,合庫金,21,0,21,康和-嘉義,2024-10-29,8459
2882,國泰金,20,1,19,康和-嘉義,2024-10-29,8459
00881,國泰台灣5G+,19,0,19,康和-嘉義,2024-10-29,8459
3710,連展投控,24,5,19,康和-嘉義,2024-10-29,8459
4714,永捷,20,1,19,康和-嘉義,2024-10-29,8459
5227,立凱-KY,20,1,19,康和-嘉義,2024-10-29,8459
2399,映泰,55,37,18,康和-嘉義,2024-10-29,8459
5386,青雲,23,5,18,康和-嘉義,2024-10-29,8459
3581,博磊,22,5,17,康和-嘉義,2024-10-29,8459
2371,大同,16,0,16,康和-嘉義,2024-10-29,8459
00665L,富邦�琤肭磪囓�2,28,13,15,康和-嘉義,2024-10-29,8459
1714,和桐,15,0,15,康和-嘉義,2024-10-29,8459
2017,官田鋼,15,0,15,康和-嘉義,2024-10-29,8459
2939,永邑-KY,15,0,15,康和-嘉義,2024-10-29,8459
2880,華南金,14,0,14,康和-嘉義,2024-10-29,8459
00882,中信中國高股息,30,16,14,康和-嘉義,2024-10-29,8459
6509,聚和,27,13,14,康和-嘉義,2024-10-29,8459
2330,台積電,17,3,14,康和-嘉義,2024-10-29,8459
2615,萬海,21,8,13,康和-嘉義,2024-10-29,8459
3447,展達,20,7,13,康和-嘉義,2024-10-29,8459
3689,湧德,15,2,13,康和-嘉義,2024-10-29,8459
2637,慧洋-KY,12,0,12,康和-嘉義,2024-10-29,8459
1301,台塑,12,0,12,康和-嘉義,2024-10-29,8459
6239,力成,12,0,12,康和-嘉義,2024-10-29,8459
6288,聯嘉,13,1,12,康和-嘉義,2024-10-29,8459
2892,第一金,12,0,12,康和-嘉義,2024-10-29,8459
00923,群益台ESG低碳50,11,0,11,康和-嘉義,2024-10-29,8459
1447,力鵬,11,0,11,康和-嘉義,2024-10-29,8459
2883,凱基金,11,0,11,康和-嘉義,2024-10-29,8459
4576,大銀微系統,11,0,11,康和-嘉義,2024-10-29,8459
2317,鴻海,184,113,71,康和-嘉義,2024-10-30,8459
1314,中石化,67,1,66,康和-嘉義,2024-10-30,8459
00637L,元大滬深300正2,546,486,60,康和-嘉義,2024-10-30,8459
8064,東捷,50,2,48,康和-嘉義,2024-10-30,8459
00919,群益台灣精選高息,39,0,39,康和-嘉義,2024-10-30,8459
3481,群創,38,1,37,康和-嘉義,2024-10-30,8459
00679B,元大美債20年,36,0,36,康和-嘉義,2024-10-30,8459
8011,台通,54,19,35,康和-嘉義,2024-10-30,8459
00929,復華台灣科技優息,34,0,34,康和-嘉義,2024-10-30,8459
3231,緯創,73,42,31,康和-嘉義,2024-10-30,8459
6191,精成科,37,6,31,康和-嘉義,2024-10-30,8459
00946,群益科技高息成長,30,0,30,康和-嘉義,2024-10-30,8459
2888,新光金,30,2,28,康和-嘉義,2024-10-30,8459
2337,旺宏,33,5,28,康和-嘉義,2024-10-30,8459
6257,矽格,27,0,27,康和-嘉義,2024-10-30,8459
1528,恩德,105,80,25,康和-嘉義,2024-10-30,8459
3062,建漢,50,27,23,康和-嘉義,2024-10-30,8459
4162,智擎,22,0,22,康和-嘉義,2024-10-30,8459
4105,東洋,21,0,21,康和-嘉義,2024-10-30,8459
00933B,國泰10Y+金融債,20,0,20,康和-嘉義,2024-10-30,8459
2208,台船,20,0,20,康和-嘉義,2024-10-30,8459
2369,菱生,21,1,20,康和-嘉義,2024-10-30,8459
3710,連展投控,20,0,20,康和-嘉義,2024-10-30,8459
6770,力積電,26,6,20,康和-嘉義,2024-10-30,8459
3593,力銘,15,0,15,康和-嘉義,2024-10-30,8459
6216,居易,25,10,15,康和-嘉義,2024-10-30,8459
3663,鑫科,22,8,14,康和-嘉義,2024-10-30,8459
2017,官田鋼,13,0,13,康和-嘉義,2024-10-30,8459
6229,研通,38,25,13,康和-嘉義,2024-10-30,8459
2303,聯電,20,8,12,康和-嘉義,2024-10-30,8459
00940,元大台灣價值高息,16,4,12,康和-嘉義,2024-10-30,8459
2363,矽統,45,33,12,康和-嘉義,2024-10-30,8459
6139,亞翔,13,1,12,康和-嘉義,2024-10-30,8459
6288,聯嘉,15,3,12,康和-嘉義,2024-10-30,8459
6156,松上,12,0,12,康和-嘉義,2024-10-30,8459
8044,網家,98,87,11,康和-嘉義,2024-10-30,8459
00712,復華富時不動產,13,2,11,康和-嘉義,2024-10-30,8459
4909,新復興,12,2,10,康和-嘉義,2024-10-30,8459
6451,訊芯-KY,16,6,10,康和-嘉義,2024-10-30,8459
00937B,群益ESG投等債20,10,0,10,康和-嘉義,2024-10-30,8459
1799,易威,10,0,10,康和-嘉義,2024-10-30,8459
2027,大成鋼,10,0,10,康和-嘉義,2024-10-30,8459
2062,橋椿,10,0,10,康和-嘉義,2024-10-30,8459
2880,華南金,10,0,10,康和-嘉義,2024-10-30,8459
2913,農林,10,0,10,康和-嘉義,2024-10-30,8459
2939,永邑-KY,10,0,10,康和-嘉義,2024-10-30,8459
3167,大量,13,3,10,康和-嘉義,2024-10-30,8459
3576,聯合再生,10,0,10,康和-嘉義,2024-10-30,8459
4726,永昕,10,0,10,康和-嘉義,2024-10-30,8459
5202,力新,11,1,10,康和-嘉義,2024-10-30,8459
2609,陽明,144,44,100,康和-嘉義,2024-11-01,8459
2303,聯電,97,17,80,康和-嘉義,2024-11-01,8459
2317,鴻海,122,67,55,康和-嘉義,2024-11-01,8459
1808,潤隆,59,5,54,康和-嘉義,2024-11-01,8459
1815,富喬,58,4,54,康和-嘉義,2024-11-01,8459
2615,萬海,178,126,52,康和-嘉義,2024-11-01,8459
00753L,中信中國50正2,51,0,51,康和-嘉義,2024-11-01,8459
2337,旺宏,47,0,47,康和-嘉義,2024-11-01,8459
2354,鴻準,253,217,36,康和-嘉義,2024-11-01,8459
4128,中天,34,0,34,康和-嘉義,2024-11-01,8459
00929,復華台灣科技優息,30,0,30,康和-嘉義,2024-11-01,8459
00919,群益台灣精選高息,34,6,28,康和-嘉義,2024-11-01,8459
00878,國泰永續高股息,34,8,26,康和-嘉義,2024-11-01,8459
3325,旭品,24,0,24,康和-嘉義,2024-11-01,8459
3490,單井,26,3,23,康和-嘉義,2024-11-01,8459
5880,合庫金,21,0,21,康和-嘉義,2024-11-01,8459
00945B,凱基美國非投等債,21,0,21,康和-嘉義,2024-11-01,8459
2801,彰銀,26,6,20,康和-嘉義,2024-11-01,8459
00954,中信日本半導體,20,0,20,康和-嘉義,2024-11-01,8459
00712,復華富時不動產,19,0,19,康和-嘉義,2024-11-01,8459
6147,頎邦,18,0,18,康和-嘉義,2024-11-01,8459
8064,東捷,20,2,18,康和-嘉義,2024-11-01,8459
2880,華南金,18,0,18,康和-嘉義,2024-11-01,8459
2884,玉山金,16,0,16,康和-嘉義,2024-11-01,8459
5478,智冠,16,1,15,康和-嘉義,2024-11-01,8459
3481,群創,18,4,14,康和-嘉義,2024-11-01,8459
6425,易發,24,10,14,康和-嘉義,2024-11-01,8459
2408,南亞科,13,0,13,康和-嘉義,2024-11-01,8459
00940,元大台灣價值高息,13,0,13,康和-嘉義,2024-11-01,8459
2402,毅嘉,15,2,13,康和-嘉義,2024-11-01,8459
3013,晟銘電,16,4,12,康和-嘉義,2024-11-01,8459
8044,網家,11,0,11,康和-嘉義,2024-11-01,8459
00946,群益科技高息成長,11,0,11,康和-嘉義,2024-11-01,8459
00893,國泰智能電動車,10,0,10,康和-嘉義,2024-11-01,8459
1714,和桐,15,5,10,康和-嘉義,2024-11-01,8459
3062,建漢,19,9,10,康和-嘉義,2024-11-01,8459
4726,永昕,10,0,10,康和-嘉義,2024-11-01,8459
5202,力新,20,10,10,康和-嘉義,2024-11-01,8459
6204,艾華,10,0,10,康和-嘉義,2024-11-01,8459
0056,元大高股息,16,7,9,康和-嘉義,2024-11-01,8459
1453,大將,10,1,9,康和-嘉義,2024-11-01,8459
1595,川寶,8,0,8,康和-嘉義,2024-11-01,8459
2388,威盛,22,14,8,康和-嘉義,2024-11-01,8459
3663,鑫科,48,40,8,康和-嘉義,2024-11-01,8459
6216,居易,16,8,8,康和-嘉義,2024-11-01,8459
8096,擎亞,9,1,8,康和-嘉義,2024-11-01,8459
1605,華新,7,0,7,康和-嘉義,2024-11-01,8459
2515,中工,10,3,7,康和-嘉義,2024-11-01,8459
3031,佰鴻,7,0,7,康和-嘉義,2024-11-01,8459
4958,臻鼎-KY,7,0,7,康和-嘉義,2024-11-01,8459
2888,新光金,100,0,100,康和-嘉義,2024-11-04,8459
6197,佳必琪,69,0,69,康和-嘉義,2024-11-04,8459
1314,中石化,45,0,45,康和-嘉義,2024-11-04,8459
1307,三芳,41,1,40,康和-嘉義,2024-11-04,8459
00712,復華富時不動產,38,0,38,康和-嘉義,2024-11-04,8459
5460,同協,35,0,35,康和-嘉義,2024-11-04,8459
2303,聯電,33,2,31,康和-嘉義,2024-11-04,8459
6204,艾華,30,0,30,康和-嘉義,2024-11-04,8459
6139,亞翔,28,0,28,康和-嘉義,2024-11-04,8459
3450,聯鈞,54,31,23,康和-嘉義,2024-11-04,8459
2486,一詮,27,5,22,康和-嘉義,2024-11-04,8459
2610,華航,25,3,22,康和-嘉義,2024-11-04,8459
00878,國泰永續高股息,20,0,20,康和-嘉義,2024-11-04,8459
00953B,群益優選非投等債,20,0,20,康和-嘉義,2024-11-04,8459
00637L,元大滬深300正2,340,320,20,康和-嘉義,2024-11-04,8459
00680L,元大美債20正2,28,12,16,康和-嘉義,2024-11-04,8459
2889,國票金,16,0,16,康和-嘉義,2024-11-04,8459
5443,均豪,27,11,16,康和-嘉義,2024-11-04,8459
8096,擎亞,20,4,16,康和-嘉義,2024-11-04,8459
5213,亞昕,14,0,14,康和-嘉義,2024-11-04,8459
00679B,元大美債20年,11,0,11,康和-嘉義,2024-11-04,8459
00665L,富邦�琤肭磪囓�2,10,0,10,康和-嘉義,2024-11-04,8459
1731,美吾華,10,0,10,康和-嘉義,2024-11-04,8459
2913,農林,10,0,10,康和-嘉義,2024-11-04,8459
4909,新復興,11,1,10,康和-嘉義,2024-11-04,8459
5426,振發,11,1,10,康和-嘉義,2024-11-04,8459
6179,亞通,10,0,10,康和-嘉義,2024-11-04,8459
6658,聯策,10,0,10,康和-嘉義,2024-11-04,8459
2867,三商壽,10,1,9,康和-嘉義,2024-11-04,8459
00937B,群益ESG投等債20,9,0,9,康和-嘉義,2024-11-04,8459
00948B,中信優息投資級債,11,2,9,康和-嘉義,2024-11-04,8459
00687B,國泰20年美債,8,0,8,康和-嘉義,2024-11-04,8459
2408,南亞科,8,0,8,康和-嘉義,2024-11-04,8459
1591,駿吉-KY,8,0,8,康和-嘉義,2024-11-04,8459
2493,揚博,8,0,8,康和-嘉義,2024-11-04,8459
6288,聯嘉,9,1,8,康和-嘉義,2024-11-04,8459
6568,宏觀,15,7,8,康和-嘉義,2024-11-04,8459
6227,茂綸,10,2,8,康和-嘉義,2024-11-04,8459
8936,國統,17,10,7,康和-嘉義,2024-11-04,8459
00943,兆豐電子高息等權,7,0,7,康和-嘉義,2024-11-04,8459
1446,宏和,8,1,7,康和-嘉義,2024-11-04,8459
2228,劍麟,7,0,7,康和-嘉義,2024-11-04,8459
3520,華盈,7,0,7,康和-嘉義,2024-11-04,8459
8064,東捷,17,10,7,康和-嘉義,2024-11-04,8459
1528,恩德,11,5,6,康和-嘉義,2024-11-04,8459
2337,旺宏,6,0,6,康和-嘉義,2024-11-04,8459
3019,亞光,10,4,6,康和-嘉義,2024-11-04,8459
5457,宣德,6,0,6,康和-嘉義,2024-11-04,8459
6435,大中,6,0,6,康和-嘉義,2024-11-04,8459
6442,光聖,13,7,6,康和-嘉義,2024-11-04,8459
2609,陽明,267,174,93,康和-嘉義,2024-11-05,8459
00632R,元大台灣50反1,90,0,90,康和-嘉義,2024-11-05,8459
2303,聯電,83,2,81,康和-嘉義,2024-11-05,8459
2431,聯昌,119,38,81,康和-嘉義,2024-11-05,8459
2356,英業達,106,50,56,康和-嘉義,2024-11-05,8459
2615,萬海,106,50,56,康和-嘉義,2024-11-05,8459
2317,鴻海,57,10,47,康和-嘉義,2024-11-05,8459
00919,群益台灣精選高息,35,0,35,康和-嘉義,2024-11-05,8459
2031,新光鋼,30,0,30,康和-嘉義,2024-11-05,8459
2613,中櫃,84,54,30,康和-嘉義,2024-11-05,8459
3231,緯創,134,109,25,康和-嘉義,2024-11-05,8459
2801,彰銀,20,0,20,康和-嘉義,2024-11-05,8459
2493,揚博,19,0,19,康和-嘉義,2024-11-05,8459
1597,直得,19,2,17,康和-嘉義,2024-11-05,8459
6451,訊芯-KY,46,29,17,康和-嘉義,2024-11-05,8459
8044,網家,16,0,16,康和-嘉義,2024-11-05,8459
2376,技嘉,39,24,15,康和-嘉義,2024-11-05,8459
6127,九豪,14,0,14,康和-嘉義,2024-11-05,8459
1528,恩德,17,3,14,康和-嘉義,2024-11-05,8459
6706,惠特,13,0,13,康和-嘉義,2024-11-05,8459
1609,大亞,14,1,13,康和-嘉義,2024-11-05,8459
3520,華盈,17,4,13,康和-嘉義,2024-11-05,8459
5315,光聯,158,145,13,康和-嘉義,2024-11-05,8459
3037,欣興,21,8,13,康和-嘉義,2024-11-05,8459
2834,臺企銀,12,0,12,康和-嘉義,2024-11-05,8459
00940,元大台灣價值高息,13,1,12,康和-嘉義,2024-11-05,8459
2618,長榮航,13,1,12,康和-嘉義,2024-11-05,8459
00712,復華富時不動產,11,0,11,康和-嘉義,2024-11-05,8459
1799,易威,11,0,11,康和-嘉義,2024-11-05,8459
2363,矽統,24,13,11,康和-嘉義,2024-11-05,8459
2397,友通,11,0,11,康和-嘉義,2024-11-05,8459
5243,乙盛-KY,11,0,11,康和-嘉義,2024-11-05,8459
2515,中工,10,0,10,康和-嘉義,2024-11-05,8459
00725B,國泰投資級公司債,10,0,10,康和-嘉義,2024-11-05,8459
4743,合一,11,1,10,康和-嘉義,2024-11-05,8459
4908,前鼎,10,0,10,康和-嘉義,2024-11-05,8459
5202,力新,11,1,10,康和-嘉義,2024-11-05,8459
5871,中租-KY,20,10,10,康和-嘉義,2024-11-05,8459
6279,胡連,10,0,10,康和-嘉義,2024-11-05,8459
6603,富強鑫,10,0,10,康和-嘉義,2024-11-05,8459
00878,國泰永續高股息,19,10,9,康和-嘉義,2024-11-05,8459
00929,復華台灣科技優息,9,1,8,康和-嘉義,2024-11-05,8459
2867,三商壽,8,0,8,康和-嘉義,2024-11-05,8459
3047,訊舟,9,1,8,康和-嘉義,2024-11-05,8459
8404,百和興業-KY,10,2,8,康和-嘉義,2024-11-05,8459
2017,官田鋼,7,0,7,康和-嘉義,2024-11-05,8459
1591,駿吉-KY,7,0,7,康和-嘉義,2024-11-05,8459
2025,千興,7,0,7,康和-嘉義,2024-11-05,8459
3049,精金,87,80,7,康和-嘉義,2024-11-05,8459
3209,全科,7,0,7,康和-嘉義,2024-11-05,8459
6156,松上,153,2,151,康和-嘉義,2024-11-06,8459
00679B,元大美債20年,111,1,110,康和-嘉義,2024-11-06,8459
6160,欣技,110,0,110,康和-嘉義,2024-11-06,8459
2103,台橡,96,0,96,康和-嘉義,2024-11-06,8459
00687B,國泰20年美債,96,1,95,康和-嘉義,2024-11-06,8459
00919,群益台灣精選高息,80,20,60,康和-嘉義,2024-11-06,8459
2354,鴻準,236,183,53,康和-嘉義,2024-11-06,8459
1449,佳和,88,39,49,康和-嘉義,2024-11-06,8459
6869,雲豹能源,50,1,49,康和-嘉義,2024-11-06,8459
00887,永豐中國科技50大,52,6,46,康和-嘉義,2024-11-06,8459
00931B,統一美債20年,43,0,43,康和-嘉義,2024-11-06,8459
00878,國泰永續高股息,42,1,41,康和-嘉義,2024-11-06,8459
2328,廣宇,33,0,33,康和-嘉義,2024-11-06,8459
3019,亞光,37,4,33,康和-嘉義,2024-11-06,8459
00680L,元大美債20正2,31,0,31,康和-嘉義,2024-11-06,8459
2431,聯昌,96,65,31,康和-嘉義,2024-11-06,8459
5386,青雲,37,8,29,康和-嘉義,2024-11-06,8459
2634,漢翔,25,0,25,康和-嘉義,2024-11-06,8459
2801,彰銀,25,0,25,康和-嘉義,2024-11-06,8459
6613,朋億*,26,1,25,康和-嘉義,2024-11-06,8459
6708,天擎,21,0,21,康和-嘉義,2024-11-06,8459
00885,富邦越南,20,0,20,康和-嘉義,2024-11-06,8459
00893,國泰智能電動車,20,0,20,康和-嘉義,2024-11-06,8459
00712,復華富時不動產,20,0,20,康和-嘉義,2024-11-06,8459
4157,太景*-KY,20,0,20,康和-嘉義,2024-11-06,8459
5234,達興材料,21,1,20,康和-嘉義,2024-11-06,8459
5301,寶得利,20,0,20,康和-嘉義,2024-11-06,8459
5871,中租-KY,16,0,16,康和-嘉義,2024-11-06,8459
2419,仲琦,36,21,15,康和-嘉義,2024-11-06,8459
4128,中天,15,0,15,康和-嘉義,2024-11-06,8459
2486,一詮,21,7,14,康和-嘉義,2024-11-06,8459
2613,中櫃,14,1,13,康和-嘉義,2024-11-06,8459
5460,同協,18,5,13,康和-嘉義,2024-11-06,8459
00857B,永豐20年美公債,12,0,12,康和-嘉義,2024-11-06,8459
4510,高鋒,18,7,11,康和-嘉義,2024-11-06,8459
4743,合一,11,0,11,康和-嘉義,2024-11-06,8459
00932,兆豐永續高息等權,10,0,10,康和-嘉義,2024-11-06,8459
5457,宣德,10,0,10,康和-嘉義,2024-11-06,8459
6197,佳必琪,36,26,10,康和-嘉義,2024-11-06,8459
00650L,復華香港正2,9,0,9,康和-嘉義,2024-11-06,8459
2646,星宇航空,8,0,8,康和-嘉義,2024-11-06,8459
1569,濱川,8,1,7,康和-嘉義,2024-11-06,8459
4912,聯德控股-KY,7,0,7,康和-嘉義,2024-11-06,8459
5392,能率,7,0,7,康和-嘉義,2024-11-06,8459
6530,創威,7,0,7,康和-嘉義,2024-11-06,8459
3583,辛耘,11,5,6,康和-嘉義,2024-11-06,8459
00688L,國泰20年美債正2,32,26,6,康和-嘉義,2024-11-06,8459
00844B,新光15年IG金融債,6,0,6,康和-嘉義,2024-11-06,8459
3062,建漢,38,32,6,康和-嘉義,2024-11-06,8459
8150,南茂,6,0,6,康和-嘉義,2024-11-06,8459
00680L,元大美債20正2,1027,0,1027,康和-嘉義,2024-11-07,8459
3481,群創,313,59,254,康和-嘉義,2024-11-07,8459
2888,新光金,202,0,202,康和-嘉義,2024-11-07,8459
8096,擎亞,156,21,135,康和-嘉義,2024-11-07,8459
2409,友達,93,2,91,康和-嘉義,2024-11-07,8459
2356,英業達,154,71,83,康和-嘉義,2024-11-07,8459
3049,精金,78,4,74,康和-嘉義,2024-11-07,8459
00887,永豐中國科技50大,71,5,66,康和-嘉義,2024-11-07,8459
4105,東洋,50,0,50,康和-嘉義,2024-11-07,8459
2324,仁寶,215,172,43,康和-嘉義,2024-11-07,8459
2891,中信金,41,0,41,康和-嘉義,2024-11-07,8459
1446,宏和,50,15,35,康和-嘉義,2024-11-07,8459
2027,大成鋼,43,10,33,康和-嘉義,2024-11-07,8459
2382,廣達,52,23,29,康和-嘉義,2024-11-07,8459
1536,和大,58,30,28,康和-嘉義,2024-11-07,8459
2317,鴻海,134,108,26,康和-嘉義,2024-11-07,8459
00878,國泰永續高股息,33,12,21,康和-嘉義,2024-11-07,8459
3189,景碩,26,5,21,康和-嘉義,2024-11-07,8459
00719B,元大美債1-3,20,0,20,康和-嘉義,2024-11-07,8459
2543,皇昌,20,0,20,康和-嘉義,2024-11-07,8459
8249,菱光,35,15,20,康和-嘉義,2024-11-07,8459
4903,聯光通,34,15,19,康和-嘉義,2024-11-07,8459
5202,力新,20,1,19,康和-嘉義,2024-11-07,8459
3230,錦明,17,0,17,康和-嘉義,2024-11-07,8459
2486,一詮,21,6,15,康和-嘉義,2024-11-07,8459
6127,九豪,15,0,15,康和-嘉義,2024-11-07,8459
6156,松上,15,0,15,康和-嘉義,2024-11-07,8459
8044,網家,22,8,14,康和-嘉義,2024-11-07,8459
1307,三芳,12,0,12,康和-嘉義,2024-11-07,8459
3710,連展投控,13,1,12,康和-嘉義,2024-11-07,8459
8043,蜜望實,12,0,12,康和-嘉義,2024-11-07,8459
8927,北基,12,0,12,康和-嘉義,2024-11-07,8459
4123,晟德,11,0,11,康和-嘉義,2024-11-07,8459
2497,怡利電,11,0,11,康和-嘉義,2024-11-07,8459
3580,友威科,16,5,11,康和-嘉義,2024-11-07,8459
6216,居易,11,0,11,康和-嘉義,2024-11-07,8459
2014,中鴻,16,5,11,康和-嘉義,2024-11-07,8459
6147,頎邦,10,0,10,康和-嘉義,2024-11-07,8459
00858,永豐美國500大,10,0,10,康和-嘉義,2024-11-07,8459
00676R,富邦臺灣加權反1,10,0,10,康和-嘉義,2024-11-07,8459
00669R,國泰美國道瓊反1,10,0,10,康和-嘉義,2024-11-07,8459
2477,美隆電,12,2,10,康和-嘉義,2024-11-07,8459
3066,李洲,10,0,10,康和-嘉義,2024-11-07,8459
5236,凌陽創新,10,0,10,康和-嘉義,2024-11-07,8459
6160,欣技,10,0,10,康和-嘉義,2024-11-07,8459
6284,佳邦,10,0,10,康和-嘉義,2024-11-07,8459
6658,聯策,10,0,10,康和-嘉義,2024-11-07,8459
6873,泓德能源,10,0,10,康和-嘉義,2024-11-07,8459
8103,瀚荃,10,0,10,康和-嘉義,2024-11-07,8459
4979,華星光,37,27,10,康和-嘉義,2024-11-07,8459
2312,金寶,253,76,177,康和-嘉義,2024-11-08,8459
6637,醫影,172,0,172,康和-嘉義,2024-11-08,8459
2103,台橡,98,0,98,康和-嘉義,2024-11-08,8459
1795,美時,85,8,77,康和-嘉義,2024-11-08,8459
1708,東鹼,70,6,64,康和-嘉義,2024-11-08,8459
6873,泓德能源,60,0,60,康和-嘉義,2024-11-08,8459
00632R,元大台灣50反1,55,0,55,康和-嘉義,2024-11-08,8459
3047,訊舟,57,8,49,康和-嘉義,2024-11-08,8459
00919,群益台灣精選高息,48,1,47,康和-嘉義,2024-11-08,8459
2303,聯電,55,18,37,康和-嘉義,2024-11-08,8459
4979,華星光,150,114,36,康和-嘉義,2024-11-08,8459
2889,國票金,30,0,30,康和-嘉義,2024-11-08,8459
2324,仁寶,193,164,29,康和-嘉義,2024-11-08,8459
2392,正崴,49,22,27,康和-嘉義,2024-11-08,8459
00637L,元大滬深300正2,87,60,27,康和-嘉義,2024-11-08,8459
1314,中石化,25,0,25,康和-嘉義,2024-11-08,8459
5438,東友,31,6,25,康和-嘉義,2024-11-08,8459
2845,遠東銀,25,0,25,康和-嘉義,2024-11-08,8459
2609,陽明,226,201,25,康和-嘉義,2024-11-08,8459
6279,胡連,24,0,24,康和-嘉義,2024-11-08,8459
2545,皇翔,23,0,23,康和-嘉義,2024-11-08,8459
2313,華通,43,21,22,康和-嘉義,2024-11-08,8459
6139,亞翔,22,0,22,康和-嘉義,2024-11-08,8459
2337,旺宏,22,1,21,康和-嘉義,2024-11-08,8459
3450,聯鈞,50,30,20,康和-嘉義,2024-11-08,8459
00915,凱基優選高股息30,20,0,20,康和-嘉義,2024-11-08,8459
6204,艾華,20,0,20,康和-嘉義,2024-11-08,8459
8112,至上,20,0,20,康和-嘉義,2024-11-08,8459
8927,北基,20,0,20,康和-嘉義,2024-11-08,8459
2543,皇昌,21,2,19,康和-嘉義,2024-11-08,8459
8027,鈦昇,22,4,18,康和-嘉義,2024-11-08,8459
9958,世紀鋼,31,13,18,康和-嘉義,2024-11-08,8459
3576,聯合再生,18,0,18,康和-嘉義,2024-11-08,8459
6505,台塑化,17,0,17,康和-嘉義,2024-11-08,8459
6269,台郡,23,7,16,康和-嘉義,2024-11-08,8459
2388,威盛,16,0,16,康和-嘉義,2024-11-08,8459
00932,兆豐永續高息等權,15,0,15,康和-嘉義,2024-11-08,8459
4303,信立,20,7,13,康和-嘉義,2024-11-08,8459
1569,濱川,17,5,12,康和-嘉義,2024-11-08,8459
6156,松上,23,12,11,康和-嘉義,2024-11-08,8459
2495,普安,19,8,11,康和-嘉義,2024-11-08,8459
2892,第一金,11,0,11,康和-嘉義,2024-11-08,8459
4927,泰鼎-KY,11,0,11,康和-嘉義,2024-11-08,8459
8467,波力-KY,11,0,11,康和-嘉義,2024-11-08,8459
1522,堤維西,14,4,10,康和-嘉義,2024-11-08,8459
00676R,富邦臺灣加權反1,10,0,10,康和-嘉義,2024-11-08,8459
00688L,國泰20年美債正2,12,2,10,康和-嘉義,2024-11-08,8459
1565,精華,10,0,10,康和-嘉義,2024-11-08,8459
1718,中纖,10,0,10,康和-嘉義,2024-11-08,8459
2328,廣宇,15,5,10,康和-嘉義,2024-11-08,8459
00715L,期街口布蘭特正2,606,0,606,康和-嘉義,2024-11-11,8459
2897,王道銀行,406,0,406,康和-嘉義,2024-11-11,8459
2356,英業達,433,186,247,康和-嘉義,2024-11-11,8459
1708,東鹼,196,5,191,康和-嘉義,2024-11-11,8459
4105,東洋,189,0,189,康和-嘉義,2024-11-11,8459
2520,冠德,182,0,182,康和-嘉義,2024-11-11,8459
2801,彰銀,120,0,120,康和-嘉義,2024-11-11,8459
00687B,國泰20年美債,71,13,58,康和-嘉義,2024-11-11,8459
2324,仁寶,55,2,53,康和-嘉義,2024-11-11,8459
00637L,元大滬深300正2,64,13,51,康和-嘉義,2024-11-11,8459
6873,泓德能源,50,0,50,康和-嘉義,2024-11-11,8459
2610,華航,58,11,47,康和-嘉義,2024-11-11,8459
00878,國泰永續高股息,40,1,39,康和-嘉義,2024-11-11,8459
00905,FT臺灣Smart,38,0,38,康和-嘉義,2024-11-11,8459
00930,永豐ESG低碳高息,38,0,38,康和-嘉義,2024-11-11,8459
6530,創威,36,0,36,康和-嘉義,2024-11-11,8459
00881,國泰台灣5G+,35,0,35,康和-嘉義,2024-11-11,8459
1905,華紙,35,0,35,康和-嘉義,2024-11-11,8459
00919,群益台灣精選高息,30,0,30,康和-嘉義,2024-11-11,8459
8249,菱光,40,11,29,康和-嘉義,2024-11-11,8459
6156,松上,29,1,28,康和-嘉義,2024-11-11,8459
4916,事欣科,28,0,28,康和-嘉義,2024-11-11,8459
2303,聯電,57,32,25,康和-嘉義,2024-11-11,8459
3013,晟銘電,60,35,25,康和-嘉義,2024-11-11,8459
2382,廣達,30,5,25,康和-嘉義,2024-11-11,8459
2317,鴻海,59,35,24,康和-嘉義,2024-11-11,8459
5438,東友,24,0,24,康和-嘉義,2024-11-11,8459
00922,國泰台灣領袖50,23,0,23,康和-嘉義,2024-11-11,8459
2392,正崴,40,18,22,康和-嘉義,2024-11-11,8459
3689,湧德,42,20,22,康和-嘉義,2024-11-11,8459
2354,鴻準,154,133,21,康和-嘉義,2024-11-11,8459
2880,華南金,20,0,20,康和-嘉義,2024-11-11,8459
5426,振發,37,17,20,康和-嘉義,2024-11-11,8459
00895,富邦未來車,20,0,20,康和-嘉義,2024-11-11,8459
2489,瑞軒,20,0,20,康和-嘉義,2024-11-11,8459
2477,美隆電,19,0,19,康和-嘉義,2024-11-11,8459
8936,國統,18,0,18,康和-嘉義,2024-11-11,8459
1307,三芳,18,0,18,康和-嘉義,2024-11-11,8459
2883,凱基金,46,29,17,康和-嘉義,2024-11-11,8459
3576,聯合再生,17,0,17,康和-嘉義,2024-11-11,8459
00882,中信中國高股息,16,0,16,康和-嘉義,2024-11-11,8459
2486,一詮,34,19,15,康和-嘉義,2024-11-11,8459
2606,裕民,34,19,15,康和-嘉義,2024-11-11,8459
1326,台化,14,0,14,康和-嘉義,2024-11-11,8459
6266,泰詠,14,0,14,康和-嘉義,2024-11-11,8459
1304,台聚,15,2,13,康和-嘉義,2024-11-11,8459
8070,長華*,13,0,13,康和-嘉義,2024-11-11,8459
00946,群益科技高息成長,12,0,12,康和-嘉義,2024-11-11,8459
2027,大成鋼,13,1,12,康和-嘉義,2024-11-11,8459
8926,台汽電,12,0,12,康和-嘉義,2024-11-11,8459
00715L,期街口布蘭特正2,325,3,322,康和-嘉義,2024-11-12,8459
2387,精元,203,0,203,康和-嘉義,2024-11-12,8459
2323,中環,210,36,174,康和-嘉義,2024-11-12,8459
00878,國泰永續高股息,137,0,137,康和-嘉義,2024-11-12,8459
1314,中石化,76,4,72,康和-嘉義,2024-11-12,8459
00665L,富邦�琤肭磪囓�2,60,0,60,康和-嘉義,2024-11-12,8459
2883,凱基金,61,2,59,康和-嘉義,2024-11-12,8459
1449,佳和,63,13,50,康和-嘉義,2024-11-12,8459
6156,松上,48,0,48,康和-嘉義,2024-11-12,8459
3231,緯創,82,38,44,康和-嘉義,2024-11-12,8459
6142,友勁,40,0,40,康和-嘉義,2024-11-12,8459
6288,聯嘉,53,18,35,康和-嘉義,2024-11-12,8459
4971,IET-KY,36,3,33,康和-嘉義,2024-11-12,8459
00905,FT臺灣Smart,32,0,32,康和-嘉義,2024-11-12,8459
6609,瀧澤科,37,5,32,康和-嘉義,2024-11-12,8459
2303,聯電,36,5,31,康和-嘉義,2024-11-12,8459
2030,彰源,30,0,30,康和-嘉義,2024-11-12,8459
9911,櫻花,30,0,30,康和-嘉義,2024-11-12,8459
2542,興富發,28,2,26,康和-嘉義,2024-11-12,8459
2615,萬海,126,101,25,康和-嘉義,2024-11-12,8459
4128,中天,25,2,23,康和-嘉義,2024-11-12,8459
1301,台塑,22,0,22,康和-嘉義,2024-11-12,8459
3149,正達,28,6,22,康和-嘉義,2024-11-12,8459
1326,台化,21,0,21,康和-嘉義,2024-11-12,8459
00675L,富邦臺灣加權正2,31,10,21,康和-嘉義,2024-11-12,8459
2328,廣宇,25,4,21,康和-嘉義,2024-11-12,8459
3689,湧德,21,0,21,康和-嘉義,2024-11-12,8459
5243,乙盛-KY,32,11,21,康和-嘉義,2024-11-12,8459
2313,華通,21,1,20,康和-嘉義,2024-11-12,8459
2376,技嘉,25,5,20,康和-嘉義,2024-11-12,8459
4157,太景*-KY,20,0,20,康和-嘉義,2024-11-12,8459
5515,建國,20,0,20,康和-嘉義,2024-11-12,8459
00930,永豐ESG低碳高息,19,0,19,康和-嘉義,2024-11-12,8459
2444,兆勁,24,5,19,康和-嘉義,2024-11-12,8459
2515,中工,19,0,19,康和-嘉義,2024-11-12,8459
2891,中信金,20,1,19,康和-嘉義,2024-11-12,8459
8240,華宏,32,13,19,康和-嘉義,2024-11-12,8459
2882,國泰金,19,0,19,康和-嘉義,2024-11-12,8459
2834,臺企銀,22,5,17,康和-嘉義,2024-11-12,8459
2353,宏��,67,51,16,康和-嘉義,2024-11-12,8459
00687B,國泰20年美債,70,55,15,康和-嘉義,2024-11-12,8459
5871,中租-KY,30,15,15,康和-嘉義,2024-11-12,8459
00706L,期元大S＆P日圓正2,15,0,15,康和-嘉義,2024-11-12,8459
2486,一詮,34,20,14,康和-嘉義,2024-11-12,8459
2330,台積電,13,0,13,康和-嘉義,2024-11-12,8459
2103,台橡,13,0,13,康和-嘉義,2024-11-12,8459
3017,奇鋐,14,2,12,康和-嘉義,2024-11-12,8459
3481,群創,137,125,12,康和-嘉義,2024-11-12,8459
2382,廣達,15,4,11,康和-嘉義,2024-11-12,8459
00922,國泰台灣領袖50,12,0,12,康和-嘉義,2024-11-12,8459
9904,寶成,194,0,194,康和-嘉義,2024-11-13,8459
00680L,元大美債20正2,179,60,119,康和-嘉義,2024-11-13,8459
2317,鴻海,100,20,80,康和-嘉義,2024-11-13,8459
6873,泓德能源,55,0,55,康和-嘉義,2024-11-13,8459
2355,敬鵬,50,0,50,康和-嘉義,2024-11-13,8459
2883,凱基金,49,1,48,康和-嘉義,2024-11-13,8459
3231,緯創,103,55,48,康和-嘉義,2024-11-13,8459
9105,泰金寶-DR,55,7,48,康和-嘉義,2024-11-13,8459
00937B,群益ESG投等債20,47,1,46,康和-嘉義,2024-11-13,8459
00878,國泰永續高股息,45,0,45,康和-嘉義,2024-11-13,8459
00948B,中信優息投資級債,40,0,40,康和-嘉義,2024-11-13,8459
2495,普安,45,7,38,康和-嘉義,2024-11-13,8459
00637L,元大滬深300正2,46,9,37,康和-嘉義,2024-11-13,8459
3481,群創,39,4,35,康和-嘉義,2024-11-13,8459
2881,富邦金,37,3,34,康和-嘉義,2024-11-13,8459
2392,正崴,65,31,34,康和-嘉義,2024-11-13,8459
2356,英業達,46,14,32,康和-嘉義,2024-11-13,8459
4714,永捷,30,0,30,康和-嘉義,2024-11-13,8459
8089,康全電訊,32,2,30,康和-嘉義,2024-11-13,8459
6283,淳安,28,0,28,康和-嘉義,2024-11-13,8459
3710,連展投控,27,0,27,康和-嘉義,2024-11-13,8459
2891,中信金,36,10,26,康和-嘉義,2024-11-13,8459
00715L,期街口布蘭特正2,26,0,26,康和-嘉義,2024-11-13,8459
2832,台產,25,0,25,康和-嘉義,2024-11-13,8459
2543,皇昌,24,0,24,康和-嘉義,2024-11-13,8459
2609,陽明,27,3,24,康和-嘉義,2024-11-13,8459
00679B,元大美債20年,22,0,22,康和-嘉義,2024-11-13,8459
00687B,國泰20年美債,21,0,21,康和-嘉義,2024-11-13,8459
1314,中石化,20,0,20,康和-嘉義,2024-11-13,8459
00959B,大華投等美債15Y+,20,0,20,康和-嘉義,2024-11-13,8459
8085,福華,21,1,20,康和-嘉義,2024-11-13,8459
5443,均豪,23,4,19,康和-嘉義,2024-11-13,8459
3551,世禾,21,3,18,康和-嘉義,2024-11-13,8459
3570,大塚,18,0,18,康和-嘉義,2024-11-13,8459
2498,宏達電,17,0,17,康和-嘉義,2024-11-13,8459
2354,鴻準,112,95,17,康和-嘉義,2024-11-13,8459
2382,廣達,35,18,17,康和-嘉義,2024-11-13,8459
4979,華星光,39,23,16,康和-嘉義,2024-11-13,8459
00882,中信中國高股息,16,0,16,康和-嘉義,2024-11-13,8459
2449,京元電子,26,11,15,康和-嘉義,2024-11-13,8459
4909,新復興,23,8,15,康和-嘉義,2024-11-13,8459
00893,國泰智能電動車,20,6,14,康和-嘉義,2024-11-13,8459
3576,聯合再生,14,0,14,康和-嘉義,2024-11-13,8459
4977,眾達-KY,27,13,14,康和-嘉義,2024-11-13,8459
00688L,國泰20年美債正2,23,10,13,康和-嘉義,2024-11-13,8459
2330,台積電,17,5,12,康和-嘉義,2024-11-13,8459
2038,海光,20,8,12,康和-嘉義,2024-11-13,8459
9911,櫻花,12,0,12,康和-嘉義,2024-11-13,8459
2376,技嘉,19,7,12,康和-嘉義,2024-11-13,8459
3037,欣興,15,3,12,康和-嘉義,2024-11-13,8459
9105,泰金寶-DR,245,89,156,康和-嘉義,2024-11-14,8459
1449,佳和,88,1,87,康和-嘉義,2024-11-14,8459
1314,中石化,109,24,85,康和-嘉義,2024-11-14,8459
00937B,群益ESG投等債20,85,10,75,康和-嘉義,2024-11-14,8459
00878,國泰永續高股息,56,1,55,康和-嘉義,2024-11-14,8459
00943,兆豐電子高息等權,53,0,53,康和-嘉義,2024-11-14,8459
2103,台橡,51,5,46,康和-嘉義,2024-11-14,8459
1605,華新,44,0,44,康和-嘉義,2024-11-14,8459
00637L,元大滬深300正2,82,39,43,康和-嘉義,2024-11-14,8459
1471,首利,40,0,40,康和-嘉義,2024-11-14,8459
3481,群創,34,3,31,康和-嘉義,2024-11-14,8459
2884,玉山金,30,1,29,康和-嘉義,2024-11-14,8459
3003,健和興,29,0,29,康和-嘉義,2024-11-14,8459
8240,華宏,46,20,26,康和-嘉義,2024-11-14,8459
00919,群益台灣精選高息,38,12,26,康和-嘉義,2024-11-14,8459
00688L,國泰20年美債正2,25,0,25,康和-嘉義,2024-11-14,8459
2348,海悅,25,0,25,康和-嘉義,2024-11-14,8459
3090,日電貿,26,3,23,康和-嘉義,2024-11-14,8459
4128,中天,21,0,21,康和-嘉義,2024-11-14,8459
2618,長榮航,54,33,21,康和-嘉義,2024-11-14,8459
4968,立積,23,2,21,康和-嘉義,2024-11-14,8459
1447,力鵬,19,0,19,康和-嘉義,2024-11-14,8459
00929,復華台灣科技優息,18,0,18,康和-嘉義,2024-11-14,8459
00951,台新日本半導體,17,0,17,康和-嘉義,2024-11-14,8459
2312,金寶,129,112,17,康和-嘉義,2024-11-14,8459
2498,宏達電,16,0,16,康和-嘉義,2024-11-14,8459
8261,富鼎,16,1,15,康和-嘉義,2024-11-14,8459
1307,三芳,15,0,15,康和-嘉義,2024-11-14,8459
6156,松上,14,0,14,康和-嘉義,2024-11-14,8459
00930,永豐ESG低碳高息,13,0,13,康和-嘉義,2024-11-14,8459
2002,中鋼,13,0,13,康和-嘉義,2024-11-14,8459
6609,瀧澤科,13,0,13,康和-嘉義,2024-11-14,8459
3013,晟銘電,14,1,13,康和-嘉義,2024-11-14,8459
6472,保瑞,13,2,11,康和-嘉義,2024-11-14,8459
6282,康舒,16,5,11,康和-嘉義,2024-11-14,8459
8064,東捷,16,5,11,康和-嘉義,2024-11-14,8459
8089,康全電訊,27,16,11,康和-嘉義,2024-11-14,8459
8927,北基,10,0,10,康和-嘉義,2024-11-14,8459
2313,華通,48,38,10,康和-嘉義,2024-11-14,8459
00675L,富邦臺灣加權正2,20,10,10,康和-嘉義,2024-11-14,8459
00680L,元大美債20正2,10,0,10,康和-嘉義,2024-11-14,8459
00954,中信日本半導體,10,0,10,康和-嘉義,2024-11-14,8459
2027,大成鋼,12,2,10,康和-嘉義,2024-11-14,8459
2535,達欣工,10,0,10,康和-嘉義,2024-11-14,8459
5234,達興材料,10,0,10,康和-嘉義,2024-11-14,8459
0056,元大高股息,10,0,10,康和-嘉義,2024-11-14,8459
00679B,元大美債20年,9,0,9,康和-嘉義,2024-11-14,8459
2887,台新金,9,0,9,康和-嘉義,2024-11-14,8459
5309,系統電,13,4,9,康和-嘉義,2024-11-14,8459
2031,新光鋼,9,0,9,康和-嘉義,2024-11-14,8459
2834,臺企銀,203,6,197,康和-嘉義,2024-11-15,8459
00937B,群益ESG投等債20,108,0,108,康和-嘉義,2024-11-15,8459
2382,廣達,96,32,64,康和-嘉義,2024-11-15,8459
3231,緯創,95,39,56,康和-嘉義,2024-11-15,8459
00878,國泰永續高股息,62,14,48,康和-嘉義,2024-11-15,8459
2312,金寶,382,339,43,康和-嘉義,2024-11-15,8459
4157,太景*-KY,43,0,43,康和-嘉義,2024-11-15,8459
2324,仁寶,107,70,37,康和-嘉義,2024-11-15,8459
00637L,元大滬深300正2,353,318,35,康和-嘉義,2024-11-15,8459
2545,皇翔,35,2,33,康和-嘉義,2024-11-15,8459
3710,連展投控,30,0,30,康和-嘉義,2024-11-15,8459
3017,奇鋐,48,19,29,康和-嘉義,2024-11-15,8459
2603,長榮,74,46,28,康和-嘉義,2024-11-15,8459
2002,中鋼,27,1,26,康和-嘉義,2024-11-15,8459
6179,亞通,26,1,25,康和-嘉義,2024-11-15,8459
2303,聯電,30,6,24,康和-嘉義,2024-11-15,8459
3706,神達,111,87,24,康和-嘉義,2024-11-15,8459
6443,元晶,24,0,24,康和-嘉義,2024-11-15,8459
2880,華南金,25,4,21,康和-嘉義,2024-11-15,8459
1471,首利,20,0,20,康和-嘉義,2024-11-15,8459
2615,萬海,35,15,20,康和-嘉義,2024-11-15,8459
4562,穎漢,20,0,20,康和-嘉義,2024-11-15,8459
5498,凱崴,20,0,20,康和-嘉義,2024-11-15,8459
6142,友勁,20,0,20,康和-嘉義,2024-11-15,8459
3209,全科,22,3,19,康和-嘉義,2024-11-15,8459
1708,東鹼,21,3,18,康和-嘉義,2024-11-15,8459
5871,中租-KY,17,0,17,康和-嘉義,2024-11-15,8459
8096,擎亞,25,8,17,康和-嘉義,2024-11-15,8459
3047,訊舟,31,15,16,康和-嘉義,2024-11-15,8459
3338,泰碩,24,8,16,康和-嘉義,2024-11-15,8459
3290,東浦,15,0,15,康和-嘉義,2024-11-15,8459
00943,兆豐電子高息等權,13,0,13,康和-嘉義,2024-11-15,8459
00932,兆豐永續高息等權,12,0,12,康和-嘉義,2024-11-15,8459
3323,加百裕,31,20,11,康和-嘉義,2024-11-15,8459
2204,中華,15,4,11,康和-嘉義,2024-11-15,8459
3450,聯鈞,17,7,10,康和-嘉義,2024-11-15,8459
00753L,中信中國50正2,22,12,10,康和-嘉義,2024-11-15,8459
6191,精成科,10,0,10,康和-嘉義,2024-11-15,8459
1305,華夏,10,0,10,康和-嘉義,2024-11-15,8459
00893,國泰智能電動車,11,1,10,康和-嘉義,2024-11-15,8459
00891,中信關鍵半導體,10,0,10,康和-嘉義,2024-11-15,8459
1316,上曜,10,0,10,康和-嘉義,2024-11-15,8459
1444,力麗,10,0,10,康和-嘉義,2024-11-15,8459
1815,富喬,11,1,10,康和-嘉義,2024-11-15,8459
5227,立凱-KY,10,0,10,康和-嘉義,2024-11-15,8459
8927,北基,10,0,10,康和-嘉義,2024-11-15,8459
2609,陽明,106,96,10,康和-嘉義,2024-11-15,8459
2867,三商壽,11,1,10,康和-嘉義,2024-11-15,8459
4160,訊聯基因,9,0,9,康和-嘉義,2024-11-15,8459
6217,中探針,30,21,9,康和-嘉義,2024-11-15,8459
00930,永豐ESG低碳高息,105,0,105,康和-嘉義,2024-11-18,8459
5309,系統電,136,42,94,康和-嘉義,2024-11-18,8459
3706,神達,143,73,70,康和-嘉義,2024-11-18,8459
00929,復華台灣科技優息,73,7,66,康和-嘉義,2024-11-18,8459
2892,第一金,60,3,57,康和-嘉義,2024-11-18,8459
3050,鈺德,60,3,57,康和-嘉義,2024-11-18,8459
3231,緯創,78,23,55,康和-嘉義,2024-11-18,8459
2801,彰銀,50,2,48,康和-嘉義,2024-11-18,8459
00932,兆豐永續高息等權,42,0,42,康和-嘉義,2024-11-18,8459
1449,佳和,40,4,36,康和-嘉義,2024-11-18,8459
4714,永捷,35,0,35,康和-嘉義,2024-11-18,8459
8240,華宏,38,4,34,康和-嘉義,2024-11-18,8459
2312,金寶,316,284,32,康和-嘉義,2024-11-18,8459
6142,友勁,30,0,30,康和-嘉義,2024-11-18,8459
8927,北基,30,0,30,康和-嘉義,2024-11-18,8459
00919,群益台灣精選高息,27,0,27,康和-嘉義,2024-11-18,8459
6838,台新藥,26,0,26,康和-嘉義,2024-11-18,8459
2354,鴻準,141,119,22,康和-嘉義,2024-11-18,8459
4128,中天,22,0,22,康和-嘉義,2024-11-18,8459
3689,湧德,21,0,21,康和-嘉義,2024-11-18,8459
2353,宏��,62,42,20,康和-嘉義,2024-11-18,8459
6548,長科*,20,0,20,康和-嘉義,2024-11-18,8459
00679B,元大美債20年,17,0,17,康和-嘉義,2024-11-18,8459
4919,新唐,18,1,17,康和-嘉義,2024-11-18,8459
2615,萬海,49,33,16,康和-嘉義,2024-11-18,8459
00943,兆豐電子高息等權,16,0,16,康和-嘉義,2024-11-18,8459
2881,富邦金,15,0,15,康和-嘉義,2024-11-18,8459
00715L,期街口布蘭特正2,15,0,15,康和-嘉義,2024-11-18,8459
2317,鴻海,43,29,14,康和-嘉義,2024-11-18,8459
0056,元大高股息,12,0,12,康和-嘉義,2024-11-18,8459
00887,永豐中國科技50大,12,0,12,康和-嘉義,2024-11-18,8459
00688L,國泰20年美債正2,12,0,12,康和-嘉義,2024-11-18,8459
00948B,中信優息投資級債,12,0,12,康和-嘉義,2024-11-18,8459
1587,吉茂,13,1,12,康和-嘉義,2024-11-18,8459
8076,伍豐,12,0,12,康和-嘉義,2024-11-18,8459
2313,華通,11,0,11,康和-嘉義,2024-11-18,8459
1522,堤維西,11,0,11,康和-嘉義,2024-11-18,8459
8028,昇陽半導體,11,0,11,康和-嘉義,2024-11-18,8459
2376,技嘉,10,0,10,康和-嘉義,2024-11-18,8459
00905,FT臺灣Smart,10,0,10,康和-嘉義,2024-11-18,8459
2344,華邦電,12,2,10,康和-嘉義,2024-11-18,8459
3710,連展投控,10,0,10,康和-嘉義,2024-11-18,8459
4157,太景*-KY,10,0,10,康和-嘉義,2024-11-18,8459
4968,立積,10,0,10,康和-嘉義,2024-11-18,8459
6204,艾華,10,0,10,康和-嘉義,2024-11-18,8459
6706,惠特,10,0,10,康和-嘉義,2024-11-18,8459
1815,富喬,9,0,9,康和-嘉義,2024-11-18,8459
1785,光洋科,14,6,8,康和-嘉義,2024-11-18,8459
2887,台新金,8,0,8,康和-嘉義,2024-11-18,8459
3013,晟銘電,11,3,8,康和-嘉義,2024-11-18,8459
1815,富喬,115,1,114,康和-嘉義,2024-11-19,8459
2312,金寶,438,335,103,康和-嘉義,2024-11-19,8459
3710,連展投控,86,7,79,康和-嘉義,2024-11-19,8459
2834,臺企銀,151,85,66,康和-嘉義,2024-11-19,8459
00637L,元大滬深300正2,672,615,57,康和-嘉義,2024-11-19,8459
2324,仁寶,54,4,50,康和-嘉義,2024-11-19,8459
3576,聯合再生,38,3,35,康和-嘉義,2024-11-19,8459
2609,陽明,128,94,34,康和-嘉義,2024-11-19,8459
2354,鴻準,175,145,30,康和-嘉義,2024-11-19,8459
00753L,中信中國50正2,55,30,25,康和-嘉義,2024-11-19,8459
4746,台耀,22,1,21,康和-嘉義,2024-11-19,8459
6821,聯寶,21,1,20,康和-嘉義,2024-11-19,8459
2349,錸德,43,26,17,康和-嘉義,2024-11-19,8459
1605,華新,18,2,16,康和-嘉義,2024-11-19,8459
2477,美隆電,19,4,15,康和-嘉義,2024-11-19,8459
00878,國泰永續高股息,14,1,13,康和-嘉義,2024-11-19,8459
4909,新復興,12,0,12,康和-嘉義,2024-11-19,8459
2618,長榮航,25,13,12,康和-嘉義,2024-11-19,8459
5457,宣德,12,0,12,康和-嘉義,2024-11-19,8459
6142,友勁,11,0,11,康和-嘉義,2024-11-19,8459
2382,廣達,22,12,10,康和-嘉義,2024-11-19,8459
00898,國泰基因免疫革命,10,0,10,康和-嘉義,2024-11-19,8459
00633L,富邦上証正2,10,0,10,康和-嘉義,2024-11-19,8459
3059,華晶科,10,0,10,康和-嘉義,2024-11-19,8459
4142,國光生,25,15,10,康和-嘉義,2024-11-19,8459
8927,北基,10,0,10,康和-嘉義,2024-11-19,8459
3209,全科,16,7,9,康和-嘉義,2024-11-19,8459
00665L,富邦�琤肭磪囓�2,10,1,9,康和-嘉義,2024-11-19,8459
2303,聯電,14,6,8,康和-嘉義,2024-11-19,8459
2329,華泰,25,17,8,康和-嘉義,2024-11-19,8459
6163,華電網,8,0,8,康和-嘉義,2024-11-19,8459
2317,鴻海,34,26,8,康和-嘉義,2024-11-19,8459
00731,復華富時高息低波,11,4,7,康和-嘉義,2024-11-19,8459
2344,華邦電,8,1,7,康和-嘉義,2024-11-19,8459
3450,聯鈞,47,40,7,康和-嘉義,2024-11-19,8459
3628,盈正,11,4,7,康和-嘉義,2024-11-19,8459
006208,富邦台50,7,0,7,康和-嘉義,2024-11-19,8459
2884,玉山金,6,0,6,康和-嘉義,2024-11-19,8459
3481,群創,9,3,6,康和-嘉義,2024-11-19,8459
5386,青雲,5,0,5,康和-嘉義,2024-11-19,8459
1310,台苯,5,0,5,康和-嘉義,2024-11-19,8459
2612,中航,5,0,5,康和-嘉義,2024-11-19,8459
3290,東浦,5,0,5,康和-嘉義,2024-11-19,8459
3594,磐儀,5,0,5,康和-嘉義,2024-11-19,8459
6279,胡連,5,0,5,康和-嘉義,2024-11-19,8459
8043,蜜望實,5,0,5,康和-嘉義,2024-11-19,8459
2867,三商壽,5,0,5,康和-嘉義,2024-11-19,8459
2388,威盛,6,2,4,康和-嘉義,2024-11-19,8459
2601,益航,4,0,4,康和-嘉義,2024-11-19,8459
2613,中櫃,34,30,4,康和-嘉義,2024-11-19,8459
2618,長榮航,1524,647,877,康和-嘉義,2024-11-20,8459
2613,中櫃,285,124,161,康和-嘉義,2024-11-20,8459
2354,鴻準,220,117,103,康和-嘉義,2024-11-20,8459
00937B,群益ESG投等債20,94,0,94,康和-嘉義,2024-11-20,8459
2890,永豐金,50,0,50,康和-嘉義,2024-11-20,8459
5309,系統電,43,2,41,康和-嘉義,2024-11-20,8459
3576,聯合再生,39,0,39,康和-嘉義,2024-11-20,8459
3290,東浦,29,1,28,康和-嘉義,2024-11-20,8459
3511,矽瑪,40,13,27,康和-嘉義,2024-11-20,8459
00878,國泰永續高股息,26,0,26,康和-嘉義,2024-11-20,8459
2344,華邦電,26,1,25,康和-嘉義,2024-11-20,8459
2303,聯電,30,6,24,康和-嘉義,2024-11-20,8459
2637,慧洋-KY,21,0,21,康和-嘉義,2024-11-20,8459
3689,湧德,26,5,21,康和-嘉義,2024-11-20,8459
4714,永捷,21,0,21,康和-嘉義,2024-11-20,8459
6706,惠特,31,11,20,康和-嘉義,2024-11-20,8459
1905,華紙,20,0,20,康和-嘉義,2024-11-20,8459
5864,致和證,20,0,20,康和-嘉義,2024-11-20,8459
3231,緯創,47,29,18,康和-嘉義,2024-11-20,8459
3167,大量,23,5,18,康和-嘉義,2024-11-20,8459
4746,台耀,20,2,18,康和-嘉義,2024-11-20,8459
8104,錸寶,20,2,18,康和-嘉義,2024-11-20,8459
2103,台橡,21,5,16,康和-嘉義,2024-11-20,8459
2431,聯昌,19,3,16,康和-嘉義,2024-11-20,8459
00938,凱基優選30,15,0,15,康和-嘉義,2024-11-20,8459
6182,合晶,15,0,15,康和-嘉義,2024-11-20,8459
2892,第一金,14,0,14,康和-嘉義,2024-11-20,8459
2211,長榮鋼,14,0,14,康和-嘉義,2024-11-20,8459
00918,大華優利高填息30,13,0,13,康和-嘉義,2024-11-20,8459
1569,濱川,28,15,13,康和-嘉義,2024-11-20,8459
2883,凱基金,15,2,13,康和-嘉義,2024-11-20,8459
2887,台新金,13,0,13,康和-嘉義,2024-11-20,8459
2610,華航,28,16,12,康和-嘉義,2024-11-20,8459
00960,野村全球航運龍頭,11,0,11,康和-嘉義,2024-11-20,8459
1584,精剛,11,0,11,康和-嘉義,2024-11-20,8459
3323,加百裕,11,0,11,康和-嘉義,2024-11-20,8459
6147,頎邦,11,0,11,康和-嘉義,2024-11-20,8459
1609,大亞,11,1,10,康和-嘉義,2024-11-20,8459
00930,永豐ESG低碳高息,9,0,9,康和-嘉義,2024-11-20,8459
00959B,大華投等美債15Y+,10,1,9,康和-嘉義,2024-11-20,8459
3447,展達,42,33,9,康和-嘉義,2024-11-20,8459
6282,康舒,25,16,9,康和-嘉義,2024-11-20,8459
2330,台積電,8,0,8,康和-嘉義,2024-11-20,8459
4729,熒茂,10,2,8,康和-嘉義,2024-11-20,8459
2313,華通,10,2,8,康和-嘉義,2024-11-20,8459
3149,正達,8,1,7,康和-嘉義,2024-11-20,8459
3303,岱稜,7,0,7,康和-嘉義,2024-11-20,8459
3628,盈正,9,2,7,康和-嘉義,2024-11-20,8459
3481,群創,10,3,7,康和-嘉義,2024-11-20,8459
5438,東友,6,0,6,康和-嘉義,2024-11-20,8459
9105,泰金寶-DR,464,125,339,康和-嘉義,2024-11-21,8459
1101,台泥,210,1,209,康和-嘉義,2024-11-21,8459
2354,鴻準,167,57,110,康和-嘉義,2024-11-21,8459
2312,金寶,395,296,99,康和-嘉義,2024-11-21,8459
2845,遠東銀,45,0,45,康和-嘉義,2024-11-21,8459
2486,一詮,44,8,36,康和-嘉義,2024-11-21,8459
3032,偉訓,98,68,30,康和-嘉義,2024-11-21,8459
006208,富邦台50,26,1,25,康和-嘉義,2024-11-21,8459
00878,國泰永續高股息,27,5,22,康和-嘉義,2024-11-21,8459
2324,仁寶,87,66,21,康和-嘉義,2024-11-21,8459
00930,永豐ESG低碳高息,20,0,20,康和-嘉義,2024-11-21,8459
00959B,大華投等美債15Y+,20,0,20,康和-嘉義,2024-11-21,8459
6282,康舒,30,14,16,康和-嘉義,2024-11-21,8459
00637L,元大滬深300正2,15,0,15,康和-嘉義,2024-11-21,8459
2834,臺企銀,20,5,15,康和-嘉義,2024-11-21,8459
3450,聯鈞,31,16,15,康和-嘉義,2024-11-21,8459
4979,華星光,29,14,15,康和-嘉義,2024-11-21,8459
2349,錸德,18,6,12,康和-嘉義,2024-11-21,8459
1815,富喬,48,36,12,康和-嘉義,2024-11-21,8459
00923,群益台ESG低碳50,11,0,11,康和-嘉義,2024-11-21,8459
2303,聯電,11,0,11,康和-嘉義,2024-11-21,8459
2609,陽明,118,107,11,康和-嘉義,2024-11-21,8459
1301,台塑,11,0,11,康和-嘉義,2024-11-21,8459
2332,友訊,11,0,11,康和-嘉義,2024-11-21,8459
2501,國建,11,0,11,康和-嘉義,2024-11-21,8459
2884,玉山金,11,0,11,康和-嘉義,2024-11-21,8459
00715L,期街口布蘭特正2,10,0,10,康和-嘉義,2024-11-21,8459
1307,三芳,10,0,10,康和-嘉義,2024-11-21,8459
3015,全漢,12,2,10,康和-嘉義,2024-11-21,8459
4306,炎洲,10,0,10,康和-嘉義,2024-11-21,8459
3231,緯創,19,9,10,康和-嘉義,2024-11-21,8459
2330,台積電,11,2,9,康和-嘉義,2024-11-21,8459
00679B,元大美債20年,9,0,9,康和-嘉義,2024-11-21,8459
4167,松瑞藥,9,0,9,康和-嘉義,2024-11-21,8459
4958,臻鼎-KY,11,2,9,康和-嘉義,2024-11-21,8459
0056,元大高股息,9,0,9,康和-嘉義,2024-11-21,8459
2476,鉅祥,8,0,8,康和-嘉義,2024-11-21,8459
1446,宏和,13,6,7,康和-嘉義,2024-11-21,8459
2204,中華,17,10,7,康和-嘉義,2024-11-21,8459
2439,美律,7,0,7,康和-嘉義,2024-11-21,8459
3056,富華新,11,4,7,康和-嘉義,2024-11-21,8459
2069,運錩,6,0,6,康和-嘉義,2024-11-21,8459
3021,鴻名,6,0,6,康和-嘉義,2024-11-21,8459
3022,威強電,6,0,6,康和-嘉義,2024-11-21,8459
4956,光鋐,7,1,6,康和-嘉義,2024-11-21,8459
5227,立凱-KY,6,0,6,康和-嘉義,2024-11-21,8459
5465,富驊,6,0,6,康和-嘉義,2024-11-21,8459
2382,廣達,25,20,5,康和-嘉義,2024-11-21,8459
00938,凱基優選30,5,0,5,康和-嘉義,2024-11-21,8459
1442,名軒,5,0,5,康和-嘉義,2024-11-21,8459
00939,統一台灣高息動能,100,0,100,康和-嘉義,2024-11-22,8459
00637L,元大滬深300正2,90,22,68,康和-嘉義,2024-11-22,8459
1449,佳和,65,0,65,康和-嘉義,2024-11-22,8459
2882,國泰金,51,0,51,康和-嘉義,2024-11-22,8459
2890,永豐金,50,0,50,康和-嘉義,2024-11-22,8459
2883,凱基金,50,8,42,康和-嘉義,2024-11-22,8459
1466,聚隆,60,20,40,康和-嘉義,2024-11-22,8459
2371,大同,80,40,40,康和-嘉義,2024-11-22,8459
3552,同致,38,0,38,康和-嘉義,2024-11-22,8459
2609,陽明,65,32,33,康和-嘉義,2024-11-22,8459
9914,美利達,31,0,31,康和-嘉義,2024-11-22,8459
3706,神達,151,123,28,康和-嘉義,2024-11-22,8459
5243,乙盛-KY,60,35,25,康和-嘉義,2024-11-22,8459
00878,國泰永續高股息,22,0,22,康和-嘉義,2024-11-22,8459
00665L,富邦�琤肭磪囓�2,31,10,21,康和-嘉義,2024-11-22,8459
8171,天宇,47,26,21,康和-嘉義,2024-11-22,8459
1587,吉茂,20,0,20,康和-嘉義,2024-11-22,8459
2543,皇昌,20,0,20,康和-嘉義,2024-11-22,8459
3043,科風,20,0,20,康和-嘉義,2024-11-22,8459
3710,連展投控,20,0,20,康和-嘉義,2024-11-22,8459
4743,合一,21,1,20,康和-嘉義,2024-11-22,8459
4529,淳紳,20,0,20,康和-嘉義,2024-11-22,8459
3056,富華新,18,0,18,康和-嘉義,2024-11-22,8459
1781,合世,15,0,15,康和-嘉義,2024-11-22,8459
3419,譁裕,20,5,15,康和-嘉義,2024-11-22,8459
5475,德宏,15,0,15,康和-嘉義,2024-11-22,8459
6153,嘉聯益,15,0,15,康和-嘉義,2024-11-22,8459
1815,富喬,159,145,14,康和-嘉義,2024-11-22,8459
4971,IET-KY,37,23,14,康和-嘉義,2024-11-22,8459
006208,富邦台50,15,2,13,康和-嘉義,2024-11-22,8459
3015,全漢,65,52,13,康和-嘉義,2024-11-22,8459
1446,宏和,21,8,13,康和-嘉義,2024-11-22,8459
2476,鉅祥,14,2,12,康和-嘉義,2024-11-22,8459
5457,宣德,12,0,12,康和-嘉義,2024-11-22,8459
6213,聯茂,19,7,12,康和-嘉義,2024-11-22,8459
5871,中租-KY,11,0,11,康和-嘉義,2024-11-22,8459
2303,聯電,12,1,11,康和-嘉義,2024-11-22,8459
5876,上海商銀,10,0,10,康和-嘉義,2024-11-22,8459
1786,科妍,10,0,10,康和-嘉義,2024-11-22,8459
00953B,群益優選非投等債,10,0,10,康和-嘉義,2024-11-22,8459
1307,三芳,12,2,10,康和-嘉義,2024-11-22,8459
2413,環科,10,0,10,康和-嘉義,2024-11-22,8459
2881,富邦金,10,0,10,康和-嘉義,2024-11-22,8459
3338,泰碩,10,0,10,康和-嘉義,2024-11-22,8459
4540,全球傳動,10,0,10,康和-嘉義,2024-11-22,8459
4958,臻鼎-KY,11,1,10,康和-嘉義,2024-11-22,8459
6116,彩晶,10,0,10,康和-嘉義,2024-11-22,8459
6442,光聖,10,0,10,康和-嘉義,2024-11-22,8459
1303,南亞,10,0,10,康和-嘉義,2024-11-22,8459
00959B,大華投等美債15Y+,10,0,10,康和-嘉義,2024-11-22,8459
00665L,富邦�琤肭磪囓�2,278,14,264,康和-嘉義,2024-11-25,8459
00953B,群益優選非投等債,220,0,220,康和-嘉義,2024-11-25,8459
1720,生達,83,0,83,康和-嘉義,2024-11-25,8459
2367,燿華,103,30,73,康和-嘉義,2024-11-25,8459
00950B,凱基A級公司債,66,0,66,康和-嘉義,2024-11-25,8459
2609,陽明,111,61,50,康和-嘉義,2024-11-25,8459
2722,夏都,51,2,49,康和-嘉義,2024-11-25,8459
3032,偉訓,118,69,49,康和-嘉義,2024-11-25,8459
00753L,中信中國50正2,50,2,48,康和-嘉義,2024-11-25,8459
00637L,元大滬深300正2,42,0,42,康和-嘉義,2024-11-25,8459
8277,商丞,40,0,40,康和-嘉義,2024-11-25,8459
2613,中櫃,50,11,39,康和-嘉義,2024-11-25,8459
1802,台玻,56,18,38,康和-嘉義,2024-11-25,8459
2449,京元電子,36,2,34,康和-嘉義,2024-11-25,8459
2392,正崴,140,107,33,康和-嘉義,2024-11-25,8459
1727,中華化,30,0,30,康和-嘉義,2024-11-25,8459
2303,聯電,39,9,30,康和-嘉義,2024-11-25,8459
2845,遠東銀,30,0,30,康和-嘉義,2024-11-25,8459
4956,光鋐,41,12,29,康和-嘉義,2024-11-25,8459
1471,首利,28,0,28,康和-嘉義,2024-11-25,8459
00930,永豐ESG低碳高息,30,4,26,康和-嘉義,2024-11-25,8459
3522,御嵿,26,0,26,康和-嘉義,2024-11-25,8459
4105,東洋,26,0,26,康和-嘉義,2024-11-25,8459
2474,可成,25,0,25,康和-嘉義,2024-11-25,8459
2887,台新金,25,0,25,康和-嘉義,2024-11-25,8459
3576,聯合再生,25,0,25,康和-嘉義,2024-11-25,8459
2324,仁寶,61,37,24,康和-嘉義,2024-11-25,8459
2603,長榮,40,18,22,康和-嘉義,2024-11-25,8459
9105,泰金寶-DR,252,230,22,康和-嘉義,2024-11-25,8459
00675L,富邦臺灣加權正2,30,10,20,康和-嘉義,2024-11-25,8459
1463,強盛新,20,0,20,康和-嘉義,2024-11-25,8459
00959B,大華投等美債15Y+,20,0,20,康和-嘉義,2024-11-25,8459
2618,長榮航,29,10,19,康和-嘉義,2024-11-25,8459
2891,中信金,39,21,18,康和-嘉義,2024-11-25,8459
2353,宏��,46,29,17,康和-嘉義,2024-11-25,8459
00915,凱基優選高股息30,15,0,15,康和-嘉義,2024-11-25,8459
2374,佳能,21,6,15,康和-嘉義,2024-11-25,8459
2477,美隆電,15,0,15,康和-嘉義,2024-11-25,8459
3374,精材,15,1,14,康和-嘉義,2024-11-25,8459
00887,永豐中國科技50大,14,0,14,康和-嘉義,2024-11-25,8459
1446,宏和,21,7,14,康和-嘉義,2024-11-25,8459
2376,技嘉,17,3,14,康和-嘉義,2024-11-25,8459
6288,聯嘉,19,6,13,康和-嘉義,2024-11-25,8459
6706,惠特,13,0,13,康和-嘉義,2024-11-25,8459
8028,昇陽半導體,45,33,12,康和-嘉義,2024-11-25,8459
2834,臺企銀,11,0,11,康和-嘉義,2024-11-25,8459
3056,富華新,15,4,11,康和-嘉義,2024-11-25,8459
6877,鏵友益,11,0,11,康和-嘉義,2024-11-25,8459
6505,台塑化,10,0,10,康和-嘉義,2024-11-25,8459
00669R,國泰美國道瓊反1,10,0,10,康和-嘉義,2024-11-25,8459
3231,緯創,138,26,112,康和-嘉義,2024-11-26,8459
2892,第一金,100,0,100,康和-嘉義,2024-11-26,8459
8249,菱光,104,5,99,康和-嘉義,2024-11-26,8459
2317,鴻海,89,21,68,康和-嘉義,2024-11-26,8459
00953B,群益優選非投等債,50,0,50,康和-嘉義,2024-11-26,8459
2312,金寶,109,65,44,康和-嘉義,2024-11-26,8459
4105,東洋,39,1,38,康和-嘉義,2024-11-26,8459
1815,富喬,115,78,37,康和-嘉義,2024-11-26,8459
1316,上曜,31,1,30,康和-嘉義,2024-11-26,8459
3447,展達,28,0,28,康和-嘉義,2024-11-26,8459
6962,ITH-KY,31,3,28,康和-嘉義,2024-11-26,8459
00946,群益科技高息成長,26,0,26,康和-嘉義,2024-11-26,8459
2883,凱基金,25,0,25,康和-嘉義,2024-11-26,8459
8374,羅昇,52,27,25,康和-嘉義,2024-11-26,8459
00637L,元大滬深300正2,50,26,24,康和-嘉義,2024-11-26,8459
2344,華邦電,22,0,22,康和-嘉義,2024-11-26,8459
00909,國泰數位支付服務,21,0,21,康和-嘉義,2024-11-26,8459
3552,同致,25,5,20,康和-嘉義,2024-11-26,8459
8064,東捷,20,1,19,康和-嘉義,2024-11-26,8459
2371,大同,28,10,18,康和-嘉義,2024-11-26,8459
5371,中光電,36,18,18,康和-嘉義,2024-11-26,8459
1301,台塑,22,5,17,康和-嘉義,2024-11-26,8459
4142,國光生,16,0,16,康和-嘉義,2024-11-26,8459
8240,華宏,30,15,15,康和-嘉義,2024-11-26,8459
00762,元大全球AI,15,0,15,康和-嘉義,2024-11-26,8459
00680L,元大美債20正2,16,1,15,康和-嘉義,2024-11-26,8459
1336,台翰,15,0,15,康和-嘉義,2024-11-26,8459
1809,中釉,15,0,15,康和-嘉義,2024-11-26,8459
3081,聯亞,19,6,13,康和-嘉義,2024-11-26,8459
5426,振發,14,1,13,康和-嘉義,2024-11-26,8459
1584,精剛,16,4,12,康和-嘉義,2024-11-26,8459
1611,中電,14,2,12,康和-嘉義,2024-11-26,8459
2890,永豐金,12,0,12,康和-嘉義,2024-11-26,8459
006208,富邦台50,12,1,11,康和-嘉義,2024-11-26,8459
00951,台新日本半導體,11,0,11,康和-嘉義,2024-11-26,8459
3323,加百裕,19,8,11,康和-嘉義,2024-11-26,8459
6282,康舒,12,1,11,康和-嘉義,2024-11-26,8459
00965,元大航太防衛科技,10,0,10,康和-嘉義,2024-11-26,8459
2630,亞航,10,0,10,康和-嘉義,2024-11-26,8459
8277,商丞,10,0,10,康和-嘉義,2024-11-26,8459
3450,聯鈞,22,12,10,康和-嘉義,2024-11-26,8459
2887,台新金,9,0,9,康和-嘉義,2024-11-26,8459
6451,訊芯-KY,9,0,9,康和-嘉義,2024-11-26,8459
2330,台積電,9,0,9,康和-嘉義,2024-11-26,8459
00688L,國泰20年美債正2,10,2,8,康和-嘉義,2024-11-26,8459
3078,僑威,24,16,8,康和-嘉義,2024-11-26,8459
4526,東台,24,16,8,康和-嘉義,2024-11-26,8459
6234,高僑,10,2,8,康和-嘉義,2024-11-26,8459
1304,台聚,18,11,7,康和-嘉義,2024-11-26,8459
3290,東浦,7,0,7,康和-嘉義,2024-11-26,8459
8927,北基,110,0,110,康和-嘉義,2024-11-27,8459
3231,緯創,111,10,101,康和-嘉義,2024-11-27,8459
1722,台肥,97,0,97,康和-嘉義,2024-11-27,8459
00919,群益台灣精選高息,59,20,39,康和-嘉義,2024-11-27,8459
3706,神達,119,81,38,康和-嘉義,2024-11-27,8459
2883,凱基金,36,0,36,康和-嘉義,2024-11-27,8459
9105,泰金寶-DR,83,47,36,康和-嘉義,2024-11-27,8459
1905,華紙,33,2,31,康和-嘉義,2024-11-27,8459
2603,長榮,31,4,27,康和-嘉義,2024-11-27,8459
00878,國泰永續高股息,26,0,26,康和-嘉義,2024-11-27,8459
8171,天宇,23,1,22,康和-嘉義,2024-11-27,8459
1536,和大,39,18,21,康和-嘉義,2024-11-27,8459
1815,富喬,100,79,21,康和-嘉義,2024-11-27,8459
1471,首利,20,0,20,康和-嘉義,2024-11-27,8459
2103,台橡,20,0,20,康和-嘉義,2024-11-27,8459
4562,穎漢,32,12,20,康和-嘉義,2024-11-27,8459
5880,合庫金,20,0,20,康和-嘉義,2024-11-27,8459
2317,鴻海,65,45,20,康和-嘉義,2024-11-27,8459
2330,台積電,23,4,19,康和-嘉義,2024-11-27,8459
2382,廣達,21,2,19,康和-嘉義,2024-11-27,8459
3019,亞光,19,2,17,康和-嘉義,2024-11-27,8459
2609,陽明,52,36,16,康和-嘉義,2024-11-27,8459
0056,元大高股息,16,0,16,康和-嘉義,2024-11-27,8459
6197,佳必琪,17,2,15,康和-嘉義,2024-11-27,8459
2413,環科,15,0,15,康和-嘉義,2024-11-27,8459
4714,永捷,15,0,15,康和-嘉義,2024-11-27,8459
00887,永豐中國科技50大,16,2,14,康和-嘉義,2024-11-27,8459
2002,中鋼,13,0,13,康和-嘉義,2024-11-27,8459
00940,元大台灣價值高息,13,0,13,康和-嘉義,2024-11-27,8459
3047,訊舟,13,0,13,康和-嘉義,2024-11-27,8459
2615,萬海,28,16,12,康和-嘉義,2024-11-27,8459
006208,富邦台50,15,4,11,康和-嘉義,2024-11-27,8459
6706,惠特,12,1,11,康和-嘉義,2024-11-27,8459
2891,中信金,11,0,11,康和-嘉義,2024-11-27,8459
00918,大華優利高填息30,11,0,11,康和-嘉義,2024-11-27,8459
2027,大成鋼,15,4,11,康和-嘉義,2024-11-27,8459
2349,錸德,13,2,11,康和-嘉義,2024-11-27,8459
3037,欣興,16,5,11,康和-嘉義,2024-11-27,8459
4971,IET-KY,11,0,11,康和-嘉義,2024-11-27,8459
6127,九豪,11,0,11,康和-嘉義,2024-11-27,8459
1305,華夏,10,0,10,康和-嘉義,2024-11-27,8459
3450,聯鈞,31,21,10,康和-嘉義,2024-11-27,8459
1316,上曜,10,0,10,康和-嘉義,2024-11-27,8459
2477,美隆電,10,0,10,康和-嘉義,2024-11-27,8459
2801,彰銀,10,0,10,康和-嘉義,2024-11-27,8459
2892,第一金,10,0,10,康和-嘉義,2024-11-27,8459
3580,友威科,10,0,10,康和-嘉義,2024-11-27,8459
6962,ITH-KY,10,0,10,康和-嘉義,2024-11-27,8459
8047,星雲,10,0,10,康和-嘉義,2024-11-27,8459
2303,聯電,45,36,9,康和-嘉義,2024-11-27,8459
00665L,富邦�琤肭磪囓�2,270,0,270,康和-嘉義,2024-11-28,8459
2312,金寶,505,311,194,康和-嘉義,2024-11-28,8459
8277,商丞,120,4,116,康和-嘉義,2024-11-28,8459
3710,連展投控,115,0,115,康和-嘉義,2024-11-28,8459
00919,群益台灣精選高息,67,0,67,康和-嘉義,2024-11-28,8459
4714,永捷,49,0,49,康和-嘉義,2024-11-28,8459
2609,陽明,71,36,35,康和-嘉義,2024-11-28,8459
4510,高鋒,80,47,33,康和-嘉義,2024-11-28,8459
6288,聯嘉,44,12,32,康和-嘉義,2024-11-28,8459
00929,復華台灣科技優息,33,4,29,康和-嘉義,2024-11-28,8459
2545,皇翔,28,0,28,康和-嘉義,2024-11-28,8459
1301,台塑,27,0,27,康和-嘉義,2024-11-28,8459
8240,華宏,62,37,25,康和-嘉義,2024-11-28,8459
2332,友訊,34,9,25,康和-嘉義,2024-11-28,8459
6770,力積電,37,13,24,康和-嘉義,2024-11-28,8459
2374,佳能,22,0,22,康和-嘉義,2024-11-28,8459
5309,系統電,57,35,22,康和-嘉義,2024-11-28,8459
4979,華星光,46,25,21,康和-嘉義,2024-11-28,8459
1314,中石化,20,0,20,康和-嘉義,2024-11-28,8459
2103,台橡,18,0,18,康和-嘉義,2024-11-28,8459
3090,日電貿,96,79,17,康和-嘉義,2024-11-28,8459
2344,華邦電,17,0,17,康和-嘉義,2024-11-28,8459
2834,臺企銀,17,0,17,康和-嘉義,2024-11-28,8459
1304,台聚,16,0,16,康和-嘉義,2024-11-28,8459
2408,南亞科,15,0,15,康和-嘉義,2024-11-28,8459
1513,中興電,15,0,15,康和-嘉義,2024-11-28,8459
2323,中環,16,2,14,康和-嘉義,2024-11-28,8459
2392,正崴,93,79,14,康和-嘉義,2024-11-28,8459
4126,太醫,14,0,14,康和-嘉義,2024-11-28,8459
1524,耿鼎,13,0,13,康和-嘉義,2024-11-28,8459
2486,一詮,13,0,13,康和-嘉義,2024-11-28,8459
4562,穎漢,15,2,13,康和-嘉義,2024-11-28,8459
1587,吉茂,12,0,12,康和-嘉義,2024-11-28,8459
2367,燿華,15,3,12,康和-嘉義,2024-11-28,8459
6706,惠特,13,1,12,康和-嘉義,2024-11-28,8459
6962,ITH-KY,22,10,12,康和-嘉義,2024-11-28,8459
00930,永豐ESG低碳高息,11,0,11,康和-嘉義,2024-11-28,8459
00905,FT臺灣Smart,11,0,11,康和-嘉義,2024-11-28,8459
2301,光寶科,12,1,11,康和-嘉義,2024-11-28,8459
00950B,凱基A級公司債,10,0,10,康和-嘉義,2024-11-28,8459
2413,環科,10,0,10,康和-嘉義,2024-11-28,8459
4743,合一,11,1,10,康和-嘉義,2024-11-28,8459
5234,達興材料,11,1,10,康和-嘉義,2024-11-28,8459
6156,松上,10,0,10,康和-嘉義,2024-11-28,8459
8112,至上,10,0,10,康和-嘉義,2024-11-28,8459
3703,欣陸,10,0,10,康和-嘉義,2024-11-28,8459
2891,中信金,10,1,9,康和-嘉義,2024-11-28,8459
2330,台積電,11,2,9,康和-嘉義,2024-11-28,8459
00943,兆豐電子高息等權,8,0,8,康和-嘉義,2024-11-28,8459
2371,大同,34,26,8,康和-嘉義,2024-11-28,8459
1815,富喬,290,182,108,康和-嘉義,2024-11-29,8459
00946,群益科技高息成長,101,20,81,康和-嘉義,2024-11-29,8459
00706L,期元大S＆P日圓正2,71,3,68,康和-嘉義,2024-11-29,8459
3706,神達,348,286,62,康和-嘉義,2024-11-29,8459
00953B,群益優選非投等債,40,0,40,康和-嘉義,2024-11-29,8459
1301,台塑,38,2,36,康和-嘉義,2024-11-29,8459
2892,第一金,31,0,31,康和-嘉義,2024-11-29,8459
4128,中天,51,20,31,康和-嘉義,2024-11-29,8459
2929,淘帝-KY,36,6,30,康和-嘉義,2024-11-29,8459
00753L,中信中國50正2,25,0,25,康和-嘉義,2024-11-29,8459
8277,商丞,25,0,25,康和-嘉義,2024-11-29,8459
00882,中信中國高股息,21,0,21,康和-嘉義,2024-11-29,8459
2801,彰銀,20,0,20,康和-嘉義,2024-11-29,8459
2392,正崴,73,55,18,康和-嘉義,2024-11-29,8459
3450,聯鈞,21,3,18,康和-嘉義,2024-11-29,8459
6117,迎廣,17,1,16,康和-嘉義,2024-11-29,8459
8240,華宏,15,0,15,康和-嘉義,2024-11-29,8459
2887,台新金,20,6,14,康和-嘉義,2024-11-29,8459
2204,中華,14,1,13,康和-嘉義,2024-11-29,8459
00919,群益台灣精選高息,22,10,12,康和-嘉義,2024-11-29,8459
2486,一詮,12,0,12,康和-嘉義,2024-11-29,8459
2615,萬海,23,11,12,康和-嘉義,2024-11-29,8459
2891,中信金,23,11,12,康和-嘉義,2024-11-29,8459
3290,東浦,12,0,12,康和-嘉義,2024-11-29,8459
5353,台林,15,3,12,康和-嘉義,2024-11-29,8459
2303,聯電,16,4,12,康和-嘉義,2024-11-29,8459
2317,鴻海,20,9,11,康和-嘉義,2024-11-29,8459
6757,台灣虎航,11,0,11,康和-嘉義,2024-11-29,8459
8429,金麗-KY,16,5,11,康和-嘉義,2024-11-29,8459
8042,金山電,11,1,10,康和-嘉義,2024-11-29,8459
2402,毅嘉,12,2,10,康和-嘉義,2024-11-29,8459
4979,華星光,62,52,10,康和-嘉義,2024-11-29,8459
2603,長榮,20,10,10,康和-嘉義,2024-11-29,8459
2002,中鋼,9,0,9,康和-嘉義,2024-11-29,8459
6505,台塑化,9,0,9,康和-嘉義,2024-11-29,8459
1611,中電,20,11,9,康和-嘉義,2024-11-29,8459
3209,全科,10,1,9,康和-嘉義,2024-11-29,8459
00878,國泰永續高股息,11,2,9,康和-嘉義,2024-11-29,8459
2545,皇翔,10,2,8,康和-嘉義,2024-11-29,8459
5292,華懋,8,0,8,康和-嘉義,2024-11-29,8459
6116,彩晶,8,0,8,康和-嘉義,2024-11-29,8459
2330,台積電,11,4,7,康和-嘉義,2024-11-29,8459
6558,興能高,14,7,7,康和-嘉義,2024-11-29,8459
6829,千附精密,10,3,7,康和-嘉義,2024-11-29,8459
8070,長華*,7,0,7,康和-嘉義,2024-11-29,8459
9105,泰金寶-DR,8,1,7,康和-嘉義,2024-11-29,8459
2356,英業達,11,4,7,康和-嘉義,2024-11-29,8459
1708,東鹼,6,0,6,康和-嘉義,2024-11-29,8459
2103,台橡,12,6,6,康和-嘉義,2024-11-29,8459
6290,良維,6,0,6,康和-嘉義,2024-11-29,8459
3710,連展投控,198,0,198,康和-嘉義,2024-12-02,8459
2489,瑞軒,100,0,100,康和-嘉義,2024-12-02,8459
9105,泰金寶-DR,92,10,82,康和-嘉義,2024-12-02,8459
1449,佳和,79,0,79,康和-嘉義,2024-12-02,8459
2317,鴻海,52,7,45,康和-嘉義,2024-12-02,8459
6117,迎廣,41,0,41,康和-嘉義,2024-12-02,8459
00953B,群益優選非投等債,30,0,30,康和-嘉義,2024-12-02,8459
00706L,期元大S＆P日圓正2,30,0,30,康和-嘉義,2024-12-02,8459
4123,晟德,29,0,29,康和-嘉義,2024-12-02,8459
3013,晟銘電,27,1,26,康和-嘉義,2024-12-02,8459
2354,鴻準,68,43,25,康和-嘉義,2024-12-02,8459
3234,光環,31,7,24,康和-嘉義,2024-12-02,8459
4510,高鋒,33,9,24,康和-嘉義,2024-12-02,8459
2332,友訊,42,20,22,康和-嘉義,2024-12-02,8459
8277,商丞,21,0,21,康和-嘉義,2024-12-02,8459
2641,正德,20,0,20,康和-嘉義,2024-12-02,8459
2103,台橡,19,0,19,康和-嘉義,2024-12-02,8459
3231,緯創,31,12,19,康和-嘉義,2024-12-02,8459
4909,新復興,21,2,19,康和-嘉義,2024-12-02,8459
2892,第一金,28,11,17,康和-嘉義,2024-12-02,8459
2382,廣達,21,4,17,康和-嘉義,2024-12-02,8459
1522,堤維西,24,9,15,康和-嘉義,2024-12-02,8459
1314,中石化,15,0,15,康和-嘉義,2024-12-02,8459
4743,合一,15,0,15,康和-嘉義,2024-12-02,8459
3047,訊舟,17,3,14,康和-嘉義,2024-12-02,8459
4977,眾達-KY,28,14,14,康和-嘉義,2024-12-02,8459
6922,宸曜,14,0,14,康和-嘉義,2024-12-02,8459
2027,大成鋼,12,0,12,康和-嘉義,2024-12-02,8459
00632R,元大台灣50反1,12,0,12,康和-嘉義,2024-12-02,8459
1524,耿鼎,12,0,12,康和-嘉義,2024-12-02,8459
2344,華邦電,12,0,12,康和-嘉義,2024-12-02,8459
5309,系統電,39,27,12,康和-嘉義,2024-12-02,8459
6174,安��,16,4,12,康和-嘉義,2024-12-02,8459
2337,旺宏,11,0,11,康和-嘉義,2024-12-02,8459
3380,明泰,15,4,11,康和-嘉義,2024-12-02,8459
5234,達興材料,11,0,11,康和-嘉義,2024-12-02,8459
00952,凱基台灣AI50,10,0,10,康和-嘉義,2024-12-02,8459
00943,兆豐電子高息等權,10,0,10,康和-嘉義,2024-12-02,8459
5227,立凱-KY,9,0,9,康和-嘉義,2024-12-02,8459
2204,中華,9,0,9,康和-嘉義,2024-12-02,8459
2426,鼎元,10,1,9,康和-嘉義,2024-12-02,8459
3090,日電貿,21,12,9,康和-嘉義,2024-12-02,8459
8028,昇陽半導體,20,11,9,康和-嘉義,2024-12-02,8459
3029,零壹,17,8,9,康和-嘉義,2024-12-02,8459
6770,力積電,8,0,8,康和-嘉義,2024-12-02,8459
8111,立��,8,0,8,康和-嘉義,2024-12-02,8459
1781,合世,7,0,7,康和-嘉義,2024-12-02,8459
2545,皇翔,7,0,7,康和-嘉義,2024-12-02,8459
3715,定穎投控,9,2,7,康和-嘉義,2024-12-02,8459
6197,佳必琪,9,2,7,康和-嘉義,2024-12-02,8459
2312,金寶,651,65,586,康和-嘉義,2024-12-03,8459
2610,華航,400,264,136,康和-嘉義,2024-12-03,8459
00919,群益台灣精選高息,89,0,89,康和-嘉義,2024-12-03,8459
4128,中天,75,0,75,康和-嘉義,2024-12-03,8459
00937B,群益ESG投等債20,70,11,59,康和-嘉義,2024-12-03,8459
2354,鴻準,93,36,57,康和-嘉義,2024-12-03,8459
3706,神達,317,266,51,康和-嘉義,2024-12-03,8459
1815,富喬,66,19,47,康和-嘉義,2024-12-03,8459
5880,合庫金,42,1,41,康和-嘉義,2024-12-03,8459
2891,中信金,44,3,41,康和-嘉義,2024-12-03,8459
00918,大華優利高填息30,40,0,40,康和-嘉義,2024-12-03,8459
00953B,群益優選非投等債,40,0,40,康和-嘉義,2024-12-03,8459
2303,聯電,41,3,38,康和-嘉義,2024-12-03,8459
5871,中租-KY,33,3,30,康和-嘉義,2024-12-03,8459
3231,緯創,55,27,28,康和-嘉義,2024-12-03,8459
00882,中信中國高股息,24,0,24,康和-嘉義,2024-12-03,8459
00915,凱基優選高股息30,23,0,23,康和-嘉義,2024-12-03,8459
3450,聯鈞,46,23,23,康和-嘉義,2024-12-03,8459
6175,立敦,20,0,20,康和-嘉義,2024-12-03,8459
2449,京元電子,20,1,19,康和-嘉義,2024-12-03,8459
2488,漢平,20,1,19,康和-嘉義,2024-12-03,8459
3290,東浦,18,0,18,康和-嘉義,2024-12-03,8459
3705,永信,18,0,18,康和-嘉義,2024-12-03,8459
9105,泰金寶-DR,188,171,17,康和-嘉義,2024-12-03,8459
1618,合機,18,2,16,康和-嘉義,2024-12-03,8459
1781,合世,14,0,14,康和-嘉義,2024-12-03,8459
3558,神準,17,3,14,康和-嘉義,2024-12-03,8459
3032,偉訓,82,69,13,康和-嘉義,2024-12-03,8459
6117,迎廣,27,14,13,康和-嘉義,2024-12-03,8459
00929,復華台灣科技優息,189,176,13,康和-嘉義,2024-12-03,8459
2371,大同,12,0,12,康和-嘉義,2024-12-03,8459
5292,華懋,12,0,12,康和-嘉義,2024-12-03,8459
2889,國票金,11,0,11,康和-嘉義,2024-12-03,8459
4126,太醫,11,0,11,康和-嘉義,2024-12-03,8459
00712,復華富時不動產,10,0,10,康和-嘉義,2024-12-03,8459
00731,復華富時高息低波,10,0,10,康和-嘉義,2024-12-03,8459
00669R,國泰美國道瓊反1,10,0,10,康和-嘉義,2024-12-03,8459
2393,億光,10,0,10,康和-嘉義,2024-12-03,8459
2520,冠德,10,0,10,康和-嘉義,2024-12-03,8459
2542,興富發,11,1,10,康和-嘉義,2024-12-03,8459
4956,光鋐,10,0,10,康和-嘉義,2024-12-03,8459
6147,頎邦,10,0,10,康和-嘉義,2024-12-03,8459
2317,鴻海,27,18,9,康和-嘉義,2024-12-03,8459
2301,光寶科,10,1,9,康和-嘉義,2024-12-03,8459
2929,淘帝-KY,10,1,9,康和-嘉義,2024-12-03,8459
5371,中光電,23,15,8,康和-嘉義,2024-12-03,8459
00960,野村全球航運龍頭,8,0,8,康和-嘉義,2024-12-03,8459
1591,駿吉-KY,9,1,8,康和-嘉義,2024-12-03,8459
2457,飛宏,8,0,8,康和-嘉義,2024-12-03,8459
6962,ITH-KY,9,1,8,康和-嘉義,2024-12-03,8459
2618,長榮航,569,116,453,康和-嘉義,2024-12-04,8459
1815,富喬,419,325,94,康和-嘉義,2024-12-04,8459
00719B,元大美債1-3,40,0,40,康和-嘉義,2024-12-04,8459
00919,群益台灣精選高息,32,1,31,康和-嘉義,2024-12-04,8459
2353,宏��,28,0,28,康和-嘉義,2024-12-04,8459
1301,台塑,47,21,26,康和-嘉義,2024-12-04,8459
6136,富爾特,26,0,26,康和-嘉義,2024-12-04,8459
2845,遠東銀,30,5,25,康和-嘉義,2024-12-04,8459
5439,高技,30,5,25,康和-嘉義,2024-12-04,8459
8104,錸寶,50,26,24,康和-嘉義,2024-12-04,8459
2449,京元電子,24,1,23,康和-嘉義,2024-12-04,8459
5371,中光電,25,2,23,康和-嘉義,2024-12-04,8459
00918,大華優利高填息30,43,21,22,康和-嘉義,2024-12-04,8459
9802,鈺齊-KY,22,0,22,康和-嘉義,2024-12-04,8459
00772B,中信高評級公司債,20,0,20,康和-嘉義,2024-12-04,8459
4128,中天,20,0,20,康和-嘉義,2024-12-04,8459
00687B,國泰20年美債,22,3,19,康和-嘉義,2024-12-04,8459
3380,明泰,24,8,16,康和-嘉義,2024-12-04,8459
2609,陽明,29,14,15,康和-嘉義,2024-12-04,8459
3624,光頡,15,0,15,康和-嘉義,2024-12-04,8459
3625,西勝,16,1,15,康和-嘉義,2024-12-04,8459
2317,鴻海,51,36,15,康和-嘉義,2024-12-04,8459
1522,堤維西,13,0,13,康和-嘉義,2024-12-04,8459
4974,亞泰,16,3,13,康和-嘉義,2024-12-04,8459
6284,佳邦,16,3,13,康和-嘉義,2024-12-04,8459
6859,伯特光,13,0,13,康和-嘉義,2024-12-04,8459
3607,谷崧,12,0,12,康和-嘉義,2024-12-04,8459
00882,中信中國高股息,12,0,12,康和-嘉義,2024-12-04,8459
2354,鴻準,56,44,12,康和-嘉義,2024-12-04,8459
4956,光鋐,30,18,12,康和-嘉義,2024-12-04,8459
5871,中租-KY,13,1,12,康和-嘉義,2024-12-04,8459
3450,聯鈞,93,81,12,康和-嘉義,2024-12-04,8459
2062,橋椿,11,0,11,康和-嘉義,2024-12-04,8459
2486,一詮,12,1,11,康和-嘉義,2024-12-04,8459
3056,富華新,11,0,11,康和-嘉義,2024-12-04,8459
5353,台林,12,1,11,康和-嘉義,2024-12-04,8459
00930,永豐ESG低碳高息,10,0,10,康和-嘉義,2024-12-04,8459
00679B,元大美債20年,20,10,10,康和-嘉義,2024-12-04,8459
9904,寶成,10,0,10,康和-嘉義,2024-12-04,8459
00712,復華富時不動產,10,0,10,康和-嘉義,2024-12-04,8459
2474,可成,10,0,10,康和-嘉義,2024-12-04,8459
2939,永邑-KY,10,0,10,康和-嘉義,2024-12-04,8459
3021,鴻名,10,0,10,康和-嘉義,2024-12-04,8459
6207,雷科,10,0,10,康和-嘉義,2024-12-04,8459
8213,志超,10,0,10,康和-嘉義,2024-12-04,8459
8240,華宏,10,0,10,康和-嘉義,2024-12-04,8459
3376,新日興,18,8,10,康和-嘉義,2024-12-04,8459
3706,神達,257,248,9,康和-嘉義,2024-12-04,8459
2382,廣達,31,22,9,康和-嘉義,2024-12-04,8459
3323,加百裕,45,36,9,康和-嘉義,2024-12-04,8459
00953B,群益優選非投等債,135,0,135,康和-嘉義,2024-12-05,8459
3003,健和興,81,10,71,康和-嘉義,2024-12-05,8459
2615,萬海,63,8,55,康和-嘉義,2024-12-05,8459
5871,中租-KY,51,1,50,康和-嘉義,2024-12-05,8459
1449,佳和,42,0,42,康和-嘉義,2024-12-05,8459
2495,普安,54,13,41,康和-嘉義,2024-12-05,8459
2408,南亞科,40,0,40,康和-嘉義,2024-12-05,8459
2891,中信金,40,0,40,康和-嘉義,2024-12-05,8459
00918,大華優利高填息30,39,0,39,康和-嘉義,2024-12-05,8459
1301,台塑,39,0,39,康和-嘉義,2024-12-05,8459
2392,正崴,65,29,36,康和-嘉義,2024-12-05,8459
9105,泰金寶-DR,33,1,32,康和-嘉義,2024-12-05,8459
1471,首利,31,1,30,康和-嘉義,2024-12-05,8459
2543,皇昌,32,2,30,康和-嘉義,2024-12-05,8459
00905,FT臺灣Smart,27,0,27,康和-嘉義,2024-12-05,8459
00687B,國泰20年美債,25,0,25,康和-嘉義,2024-12-05,8459
4968,立積,48,25,23,康和-嘉義,2024-12-05,8459
2027,大成鋼,21,0,21,康和-嘉義,2024-12-05,8459
3032,偉訓,69,48,21,康和-嘉義,2024-12-05,8459
3090,日電貿,65,44,21,康和-嘉義,2024-12-05,8459
2317,鴻海,73,52,21,康和-嘉義,2024-12-05,8459
6191,精成科,23,3,20,康和-嘉義,2024-12-05,8459
2405,輔信,22,6,16,康和-嘉義,2024-12-05,8459
6962,ITH-KY,15,1,14,康和-嘉義,2024-12-05,8459
8042,金山電,16,2,14,康和-嘉義,2024-12-05,8459
1721,三晃,13,0,13,康和-嘉義,2024-12-05,8459
1795,美時,17,4,13,康和-嘉義,2024-12-05,8459
5353,台林,13,0,13,康和-嘉義,2024-12-05,8459
6197,佳必琪,13,0,13,康和-嘉義,2024-12-05,8459
6505,台塑化,12,0,12,康和-嘉義,2024-12-05,8459
2618,長榮航,21,9,12,康和-嘉義,2024-12-05,8459
2641,正德,12,0,12,康和-嘉義,2024-12-05,8459
5439,高技,23,11,12,康和-嘉義,2024-12-05,8459
3162,精確,13,2,11,康和-嘉義,2024-12-05,8459
2204,中華,11,0,11,康和-嘉義,2024-12-05,8459
2455,全新,12,1,11,康和-嘉義,2024-12-05,8459
5469,瀚宇博,11,0,11,康和-嘉義,2024-12-05,8459
00915,凱基優選高股息30,10,0,10,康和-嘉義,2024-12-05,8459
2103,台橡,10,0,10,康和-嘉義,2024-12-05,8459
00665L,富邦�琤肭磪囓�2,10,0,10,康和-嘉義,2024-12-05,8459
1305,華夏,10,0,10,康和-嘉義,2024-12-05,8459
1307,三芳,10,0,10,康和-嘉義,2024-12-05,8459
1605,華新,10,0,10,康和-嘉義,2024-12-05,8459
1710,東聯,10,0,10,康和-嘉義,2024-12-05,8459
2397,友通,10,0,10,康和-嘉義,2024-12-05,8459
2426,鼎元,10,0,10,康和-嘉義,2024-12-05,8459
3167,大量,14,4,10,康和-嘉義,2024-12-05,8459
3209,全科,10,0,10,康和-嘉義,2024-12-05,8459
1446,宏和,10,0,10,康和-嘉義,2024-12-05,8459
1528,恩德,9,0,9,康和-嘉義,2024-12-05,8459
1815,富喬,126,10,116,康和-嘉義,2024-12-06,8459
2354,鴻準,272,206,66,康和-嘉義,2024-12-06,8459
00918,大華優利高填息30,64,0,64,康和-嘉義,2024-12-06,8459
4126,太醫,53,0,53,康和-嘉義,2024-12-06,8459
00919,群益台灣精選高息,73,21,52,康和-嘉義,2024-12-06,8459
3450,聯鈞,53,4,49,康和-嘉義,2024-12-06,8459
8261,富鼎,51,2,49,康和-嘉義,2024-12-06,8459
00915,凱基優選高股息30,47,0,47,康和-嘉義,2024-12-06,8459
1714,和桐,41,0,41,康和-嘉義,2024-12-06,8459
00885,富邦越南,40,0,40,康和-嘉義,2024-12-06,8459
2405,輔信,76,36,40,康和-嘉義,2024-12-06,8459
1301,台塑,90,51,39,康和-嘉義,2024-12-06,8459
3003,健和興,39,1,38,康和-嘉義,2024-12-06,8459
3447,展達,40,2,38,康和-嘉義,2024-12-06,8459
4909,新復興,38,2,36,康和-嘉義,2024-12-06,8459
00715L,期街口布蘭特正2,35,0,35,康和-嘉義,2024-12-06,8459
3025,星通,35,0,35,康和-嘉義,2024-12-06,8459
4979,華星光,36,2,34,康和-嘉義,2024-12-06,8459
9105,泰金寶-DR,60,30,30,康和-嘉義,2024-12-06,8459
1605,華新,33,6,27,康和-嘉義,2024-12-06,8459
6962,ITH-KY,48,24,24,康和-嘉義,2024-12-06,8459
00922,國泰台灣領袖50,22,0,22,康和-嘉義,2024-12-06,8459
5386,青雲,21,0,21,康和-嘉義,2024-12-06,8459
8374,羅昇,22,1,21,康和-嘉義,2024-12-06,8459
00953B,群益優選非投等債,20,0,20,康和-嘉義,2024-12-06,8459
2413,環科,20,0,20,康和-嘉義,2024-12-06,8459
4157,太景*-KY,20,0,20,康和-嘉義,2024-12-06,8459
6140,訊達,23,4,19,康和-嘉義,2024-12-06,8459
4956,光鋐,33,15,18,康和-嘉義,2024-12-06,8459
8064,東捷,20,2,18,康和-嘉義,2024-12-06,8459
00641R,富邦日本反1,17,0,17,康和-嘉義,2024-12-06,8459
1471,首利,17,0,17,康和-嘉義,2024-12-06,8459
4933,友輝,17,0,17,康和-嘉義,2024-12-06,8459
2603,長榮,25,8,17,康和-嘉義,2024-12-06,8459
2618,長榮航,25,9,16,康和-嘉義,2024-12-06,8459
2939,永邑-KY,15,0,15,康和-嘉義,2024-12-06,8459
3705,永信,15,0,15,康和-嘉義,2024-12-06,8459
4714,永捷,15,0,15,康和-嘉義,2024-12-06,8459
3323,加百裕,16,1,15,康和-嘉義,2024-12-06,8459
0056,元大高股息,15,0,15,康和-嘉義,2024-12-06,8459
2352,佳世達,20,6,14,康和-嘉義,2024-12-06,8459
3032,偉訓,49,35,14,康和-嘉義,2024-12-06,8459
006208,富邦台50,23,10,13,康和-嘉義,2024-12-06,8459
2337,旺宏,15,3,12,康和-嘉義,2024-12-06,8459
3376,新日興,16,4,12,康和-嘉義,2024-12-06,8459
4991,環宇-KY,41,29,12,康和-嘉義,2024-12-06,8459
1727,中華化,11,0,11,康和-嘉義,2024-12-06,8459
2301,光寶科,11,1,10,康和-嘉義,2024-12-06,8459
9945,潤泰新,10,0,10,康和-嘉義,2024-12-06,8459
2867,三商壽,10,0,10,康和-嘉義,2024-12-06,8459
2609,陽明,501,159,342,康和-嘉義,2024-12-09,8459
1815,富喬,212,57,155,康和-嘉義,2024-12-09,8459
8249,菱光,117,0,117,康和-嘉義,2024-12-09,8459
2883,凱基金,120,5,115,康和-嘉義,2024-12-09,8459
4126,太醫,92,0,92,康和-嘉義,2024-12-09,8459
2610,華航,183,100,83,康和-嘉義,2024-12-09,8459
2889,國票金,78,0,78,康和-嘉義,2024-12-09,8459
3231,緯創,91,32,59,康和-嘉義,2024-12-09,8459
3705,永信,50,0,50,康和-嘉義,2024-12-09,8459
2646,星宇航空,42,0,42,康和-嘉義,2024-12-09,8459
3628,盈正,40,2,38,康和-嘉義,2024-12-09,8459
00919,群益台灣精選高息,78,45,33,康和-嘉義,2024-12-09,8459
1471,首利,30,0,30,康和-嘉義,2024-12-09,8459
2413,環科,23,0,23,康和-嘉義,2024-12-09,8459
1326,台化,22,0,22,康和-嘉義,2024-12-09,8459
4977,眾達-KY,44,22,22,康和-嘉義,2024-12-09,8459
3013,晟銘電,21,0,21,康和-嘉義,2024-12-09,8459
1540,喬福,25,5,20,康和-嘉義,2024-12-09,8459
2408,南亞科,20,0,20,康和-嘉義,2024-12-09,8459
2363,矽統,20,3,17,康和-嘉義,2024-12-09,8459
3260,威剛,20,3,17,康和-嘉義,2024-12-09,8459
6548,長科*,17,0,17,康和-嘉義,2024-12-09,8459
6757,台灣虎航,26,9,17,康和-嘉義,2024-12-09,8459
6288,聯嘉,19,3,16,康和-嘉義,2024-12-09,8459
2303,聯電,17,2,15,康和-嘉義,2024-12-09,8459
2317,鴻海,14,0,14,康和-嘉義,2024-12-09,8459
3211,順達,32,18,14,康和-嘉義,2024-12-09,8459
00918,大華優利高填息30,14,0,14,康和-嘉義,2024-12-09,8459
6139,亞翔,20,6,14,康和-嘉義,2024-12-09,8459
00878,國泰永續高股息,16,4,12,康和-嘉義,2024-12-09,8459
2371,大同,12,0,12,康和-嘉義,2024-12-09,8459
2382,廣達,16,4,12,康和-嘉義,2024-12-09,8459
2486,一詮,14,2,12,康和-嘉義,2024-12-09,8459
00715L,期街口布蘭特正2,11,0,11,康和-嘉義,2024-12-09,8459
5371,中光電,10,0,10,康和-嘉義,2024-12-09,8459
1710,東聯,10,0,10,康和-嘉義,2024-12-09,8459
00968B,元大優息投等債,10,0,10,康和-嘉義,2024-12-09,8459
00965,元大航太防衛科技,10,0,10,康和-嘉義,2024-12-09,8459
00712,復華富時不動產,10,0,10,康和-嘉義,2024-12-09,8459
2062,橋椿,11,1,10,康和-嘉義,2024-12-09,8459
9911,櫻花,10,0,10,康和-嘉義,2024-12-09,8459
2520,冠德,9,0,9,康和-嘉義,2024-12-09,8459
3090,日電貿,16,8,8,康和-嘉義,2024-12-09,8459
4991,環宇-KY,34,26,8,康和-嘉義,2024-12-09,8459
3003,健和興,13,5,8,康和-嘉義,2024-12-09,8459
3380,明泰,8,0,8,康和-嘉義,2024-12-09,8459
6156,松上,8,0,8,康和-嘉義,2024-12-09,8459
9105,泰金寶-DR,28,20,8,康和-嘉義,2024-12-09,8459
3029,零壹,22,15,7,康和-嘉義,2024-12-09,8459
2020,美亞,7,0,7,康和-嘉義,2024-12-09,8459
00680L,元大美債20正2,600,0,600,康和-嘉義,2024-12-10,8459
2883,凱基金,119,0,119,康和-嘉義,2024-12-10,8459
3706,神達,187,95,92,康和-嘉義,2024-12-10,8459
00919,群益台灣精選高息,92,3,89,康和-嘉義,2024-12-10,8459
00918,大華優利高填息30,66,0,66,康和-嘉義,2024-12-10,8459
2354,鴻準,89,25,64,康和-嘉義,2024-12-10,8459
2405,輔信,62,1,61,康和-嘉義,2024-12-10,8459
3231,緯創,81,30,51,康和-嘉義,2024-12-10,8459
4743,合一,61,13,48,康和-嘉義,2024-12-10,8459
00915,凱基優選高股息30,50,3,47,康和-嘉義,2024-12-10,8459
1720,生達,38,0,38,康和-嘉義,2024-12-10,8459
00878,國泰永續高股息,36,2,34,康和-嘉義,2024-12-10,8459
8096,擎亞,56,22,34,康和-嘉義,2024-12-10,8459
1785,光洋科,48,15,33,康和-嘉義,2024-12-10,8459
4991,環宇-KY,33,3,30,康和-嘉義,2024-12-10,8459
6877,鏵友益,30,0,30,康和-嘉義,2024-12-10,8459
4726,永昕,34,5,29,康和-嘉義,2024-12-10,8459
4128,中天,26,0,26,康和-嘉義,2024-12-10,8459
00965,元大航太防衛科技,25,0,25,康和-嘉義,2024-12-10,8459
2887,台新金,25,0,25,康和-嘉義,2024-12-10,8459
1326,台化,23,0,23,康和-嘉義,2024-12-10,8459
2374,佳能,29,6,23,康和-嘉義,2024-12-10,8459
4977,眾達-KY,96,73,23,康和-嘉義,2024-12-10,8459
3450,聯鈞,40,22,18,康和-嘉義,2024-12-10,8459
2613,中櫃,21,3,18,康和-嘉義,2024-12-10,8459
4979,華星光,18,0,18,康和-嘉義,2024-12-10,8459
3013,晟銘電,20,3,17,康和-嘉義,2024-12-10,8459
6180,橘子,16,0,16,康和-嘉義,2024-12-10,8459
6712,長聖,16,0,16,康和-嘉義,2024-12-10,8459
5438,東友,15,0,15,康和-嘉義,2024-12-10,8459
1305,華夏,30,15,15,康和-嘉義,2024-12-10,8459
1714,和桐,15,0,15,康和-嘉義,2024-12-10,8459
2834,臺企銀,15,0,15,康和-嘉義,2024-12-10,8459
2382,廣達,19,5,14,康和-嘉義,2024-12-10,8459
0056,元大高股息,14,0,14,康和-嘉義,2024-12-10,8459
3338,泰碩,13,0,13,康和-嘉義,2024-12-10,8459
1314,中石化,17,5,12,康和-嘉義,2024-12-10,8459
6163,華電網,12,0,12,康和-嘉義,2024-12-10,8459
6706,惠特,12,1,11,康和-嘉義,2024-12-10,8459
3027,盛達,16,5,11,康和-嘉義,2024-12-10,8459
3236,千如,11,0,11,康和-嘉義,2024-12-10,8459
3376,新日興,14,3,11,康和-嘉義,2024-12-10,8459
00713,元大台灣高息低波,11,1,10,康和-嘉義,2024-12-10,8459
6535,順藥,14,4,10,康和-嘉義,2024-12-10,8459
00715L,期街口布蘭特正2,10,0,10,康和-嘉義,2024-12-10,8459
00940,元大台灣價值高息,16,6,10,康和-嘉義,2024-12-10,8459
00968B,元大優息投等債,10,0,10,康和-嘉義,2024-12-10,8459
1611,中電,10,0,10,康和-嘉義,2024-12-10,8459
2020,美亞,10,0,10,康和-嘉義,2024-12-10,8459
2351,順德,13,3,10,康和-嘉義,2024-12-10,8459
00918,大華優利高填息30,121,1,120,康和-嘉義,2024-12-11,8459
3211,順達,119,18,101,康和-嘉義,2024-12-11,8459
1815,富喬,231,134,97,康和-嘉義,2024-12-11,8459
2832,台產,95,0,95,康和-嘉義,2024-12-11,8459
9105,泰金寶-DR,278,190,88,康和-嘉義,2024-12-11,8459
2887,台新金,66,0,66,康和-嘉義,2024-12-11,8459
2344,華邦電,67,1,66,康和-嘉義,2024-12-11,8459
3710,連展投控,60,0,60,康和-嘉義,2024-12-11,8459
00687B,國泰20年美債,67,8,59,康和-嘉義,2024-12-11,8459
2317,鴻海,63,7,56,康和-嘉義,2024-12-11,8459
00919,群益台灣精選高息,70,19,51,康和-嘉義,2024-12-11,8459
1714,和桐,51,0,51,康和-嘉義,2024-12-11,8459
2609,陽明,109,59,50,康和-嘉義,2024-12-11,8459
00915,凱基優選高股息30,46,0,46,康和-嘉義,2024-12-11,8459
1612,宏泰,45,0,45,康和-嘉義,2024-12-11,8459
1471,首利,40,0,40,康和-嘉義,2024-12-11,8459
4953,緯軟,71,32,39,康和-嘉義,2024-12-11,8459
00930,永豐ESG低碳高息,38,0,38,康和-嘉義,2024-12-11,8459
2247,汎德永業,36,0,36,康和-嘉義,2024-12-11,8459
2312,金寶,87,56,31,康和-嘉義,2024-12-11,8459
1216,統一,30,0,30,康和-嘉義,2024-12-11,8459
2332,友訊,31,2,29,康和-嘉義,2024-12-11,8459
3591,艾笛森,29,0,29,康和-嘉義,2024-12-11,8459
2201,裕隆,26,0,26,康和-嘉義,2024-12-11,8459
00637L,元大滬深300正2,28,2,26,康和-嘉義,2024-12-11,8459
3019,亞光,54,28,26,康和-嘉義,2024-12-11,8459
3231,緯創,44,20,24,康和-嘉義,2024-12-11,8459
1210,大成,24,0,24,康和-嘉義,2024-12-11,8459
2618,長榮航,40,17,23,康和-嘉義,2024-12-11,8459
2382,廣達,25,4,21,康和-嘉義,2024-12-11,8459
00922,國泰台灣領袖50,21,0,21,康和-嘉義,2024-12-11,8459
1301,台塑,24,3,21,康和-嘉義,2024-12-11,8459
3234,光環,21,0,21,康和-嘉義,2024-12-11,8459
8110,華東,21,0,21,康和-嘉義,2024-12-11,8459
1446,宏和,20,0,20,康和-嘉義,2024-12-11,8459
1540,喬福,20,0,20,康和-嘉義,2024-12-11,8459
6204,艾華,20,0,20,康和-嘉義,2024-12-11,8459
2429,銘旺科,19,0,19,康和-嘉義,2024-12-11,8459
1720,生達,17,0,17,康和-嘉義,2024-12-11,8459
6770,力積電,16,0,16,康和-嘉義,2024-12-11,8459
2303,聯電,15,0,15,康和-嘉義,2024-12-11,8459
00965,元大航太防衛科技,15,0,15,康和-嘉義,2024-12-11,8459
2331,精英,15,0,15,康和-嘉義,2024-12-11,8459
2520,冠德,15,0,15,康和-嘉義,2024-12-11,8459
2845,遠東銀,15,0,15,康和-嘉義,2024-12-11,8459
2897,王道銀行,15,0,15,康和-嘉義,2024-12-11,8459
9911,櫻花,15,0,15,康和-嘉義,2024-12-11,8459
2634,漢翔,19,4,15,康和-嘉義,2024-12-11,8459
2002,中鋼,13,0,13,康和-嘉義,2024-12-11,8459
1413,宏洲,13,0,13,康和-嘉義,2024-12-11,8459
2883,凱基金,218,30,188,康和-嘉義,2024-12-12,8459
2610,華航,203,68,135,康和-嘉義,2024-12-12,8459
2888,新光金,100,0,100,康和-嘉義,2024-12-12,8459
00919,群益台灣精選高息,80,2,78,康和-嘉義,2024-12-12,8459
2312,金寶,113,47,66,康和-嘉義,2024-12-12,8459
00915,凱基優選高股息30,58,0,58,康和-嘉義,2024-12-12,8459
2354,鴻準,120,64,56,康和-嘉義,2024-12-12,8459
1714,和桐,51,0,51,康和-嘉義,2024-12-12,8459
2328,廣宇,55,7,48,康和-嘉義,2024-12-12,8459
8096,擎亞,52,5,47,康和-嘉義,2024-12-12,8459
00687B,國泰20年美債,71,33,38,康和-嘉義,2024-12-12,8459
6214,精誠,47,10,37,康和-嘉義,2024-12-12,8459
2891,中信金,41,5,36,康和-嘉義,2024-12-12,8459
2897,王道銀行,35,0,35,康和-嘉義,2024-12-12,8459
4953,緯軟,42,14,28,康和-嘉義,2024-12-12,8459
1608,華榮,27,0,27,康和-嘉義,2024-12-12,8459
00679B,元大美債20年,27,1,26,康和-嘉義,2024-12-12,8459
2303,聯電,48,22,26,康和-嘉義,2024-12-12,8459
2002,中鋼,24,1,23,康和-嘉義,2024-12-12,8459
00680L,元大美債20正2,23,0,23,康和-嘉義,2024-12-12,8459
3594,磐儀,31,9,22,康和-嘉義,2024-12-12,8459
4743,合一,21,0,21,康和-嘉義,2024-12-12,8459
6505,台塑化,21,0,21,康和-嘉義,2024-12-12,8459
3363,上詮,24,3,21,康和-嘉義,2024-12-12,8459
6126,信音,22,1,21,康和-嘉義,2024-12-12,8459
2609,陽明,30,10,20,康和-嘉義,2024-12-12,8459
2892,第一金,20,0,20,康和-嘉義,2024-12-12,8459
1304,台聚,22,2,20,康和-嘉義,2024-12-12,8459
2887,台新金,24,5,19,康和-嘉義,2024-12-12,8459
2317,鴻海,45,27,18,康和-嘉義,2024-12-12,8459
00918,大華優利高填息30,18,0,18,康和-嘉義,2024-12-12,8459
3013,晟銘電,41,24,17,康和-嘉義,2024-12-12,8459
2359,所羅門,24,7,17,康和-嘉義,2024-12-12,8459
2615,萬海,32,15,17,康和-嘉義,2024-12-12,8459
0056,元大高股息,16,0,16,康和-嘉義,2024-12-12,8459
2468,華經,32,16,16,康和-嘉義,2024-12-12,8459
00688L,國泰20年美債正2,16,0,16,康和-嘉義,2024-12-12,8459
1591,駿吉-KY,15,0,15,康和-嘉義,2024-12-12,8459
3032,偉訓,20,5,15,康和-嘉義,2024-12-12,8459
3652,精聯,15,0,15,康和-嘉義,2024-12-12,8459
1524,耿鼎,24,11,13,康和-嘉義,2024-12-12,8459
1802,台玻,18,5,13,康和-嘉義,2024-12-12,8459
4128,中天,12,0,12,康和-嘉義,2024-12-12,8459
2471,資通,37,26,11,康和-嘉義,2024-12-12,8459
3511,矽瑪,11,0,11,康和-嘉義,2024-12-12,8459
3706,神達,298,287,11,康和-嘉義,2024-12-12,8459
2382,廣達,26,16,10,康和-嘉義,2024-12-12,8459
00715L,期街口布蘭特正2,13,3,10,康和-嘉義,2024-12-12,8459
00962,台新AI優息動能,10,0,10,康和-嘉義,2024-12-12,8459
00967B,元大優息美債,10,0,10,康和-嘉義,2024-12-12,8459
00665L,富邦�琤肭磪囓�2,388,0,388,康和-嘉義,2024-12-13,8459
00948B,中信優息投資級債,195,0,195,康和-嘉義,2024-12-13,8459
2609,陽明,149,60,89,康和-嘉義,2024-12-13,8459
00919,群益台灣精選高息,91,11,80,康和-嘉義,2024-12-13,8459
9105,泰金寶-DR,247,169,78,康和-嘉義,2024-12-13,8459
2468,華經,150,75,75,康和-嘉義,2024-12-13,8459
2312,金寶,78,8,70,康和-嘉義,2024-12-13,8459
2884,玉山金,70,0,70,康和-嘉義,2024-12-13,8459
00950B,凱基A級公司債,50,0,50,康和-嘉義,2024-12-13,8459
00918,大華優利高填息30,47,0,47,康和-嘉義,2024-12-13,8459
4128,中天,40,0,40,康和-嘉義,2024-12-13,8459
2317,鴻海,44,8,36,康和-嘉義,2024-12-13,8459
1714,和桐,36,0,36,康和-嘉義,2024-12-13,8459
3705,永信,35,0,35,康和-嘉義,2024-12-13,8459
3231,緯創,50,16,34,康和-嘉義,2024-12-13,8459
6695,芯鼎,34,0,34,康和-嘉義,2024-12-13,8459
2027,大成鋼,31,0,31,康和-嘉義,2024-12-13,8459
00637L,元大滬深300正2,40,13,27,康和-嘉義,2024-12-13,8459
00933B,國泰10Y+金融債,25,0,25,康和-嘉義,2024-12-13,8459
2832,台產,24,0,24,康和-嘉義,2024-12-13,8459
00922,國泰台灣領袖50,21,0,21,康和-嘉義,2024-12-13,8459
00946,群益科技高息成長,21,0,21,康和-嘉義,2024-12-13,8459
00940,元大台灣價值高息,21,0,21,康和-嘉義,2024-12-13,8459
2103,台橡,21,0,21,康和-嘉義,2024-12-13,8459
00937B,群益ESG投等債20,20,0,20,康和-嘉義,2024-12-13,8459
00962,台新AI優息動能,20,0,20,康和-嘉義,2024-12-13,8459
1720,生達,19,0,19,康和-嘉義,2024-12-13,8459
2363,矽統,20,1,19,康和-嘉義,2024-12-13,8459
3056,富華新,18,0,18,康和-嘉義,2024-12-13,8459
5014,建錩,18,0,18,康和-嘉義,2024-12-13,8459
1522,堤維西,17,0,17,康和-嘉義,2024-12-13,8459
3706,神達,83,66,17,康和-嘉義,2024-12-13,8459
8279,生展,16,0,16,康和-嘉義,2024-12-13,8459
2498,宏達電,16,1,15,康和-嘉義,2024-12-13,8459
2883,凱基金,15,0,15,康和-嘉義,2024-12-13,8459
2371,大同,19,5,14,康和-嘉義,2024-12-13,8459
4908,前鼎,17,3,14,康和-嘉義,2024-12-13,8459
00905,FT臺灣Smart,12,0,12,康和-嘉義,2024-12-13,8459
1569,濱川,12,0,12,康和-嘉義,2024-12-13,8459
2413,環科,18,6,12,康和-嘉義,2024-12-13,8459
4956,光鋐,12,0,12,康和-嘉義,2024-12-13,8459
6873,泓德能源,12,0,12,康和-嘉義,2024-12-13,8459
1595,川寶,13,2,11,康和-嘉義,2024-12-13,8459
6214,精誠,20,9,11,康和-嘉義,2024-12-13,8459
8249,菱光,16,5,11,康和-嘉義,2024-12-13,8459
00915,凱基優選高股息30,10,0,10,康和-嘉義,2024-12-13,8459
8213,志超,10,0,10,康和-嘉義,2024-12-13,8459
00680L,元大美債20正2,10,0,10,康和-嘉義,2024-12-13,8459
00712,復華富時不動產,10,0,10,康和-嘉義,2024-12-13,8459
1447,力鵬,10,0,10,康和-嘉義,2024-12-13,8459
2392,正崴,128,10,118,康和-嘉義,2024-12-16,8459
00919,群益台灣精選高息,97,17,80,康和-嘉義,2024-12-16,8459
00918,大華優利高填息30,64,1,63,康和-嘉義,2024-12-16,8459
4128,中天,60,0,60,康和-嘉義,2024-12-16,8459
00937B,群益ESG投等債20,56,2,54,康和-嘉義,2024-12-16,8459
00948B,中信優息投資級債,55,1,54,康和-嘉義,2024-12-16,8459
00959B,大華投等美債15Y+,50,0,50,康和-嘉義,2024-12-16,8459
00950B,凱基A級公司債,50,0,50,康和-嘉義,2024-12-16,8459
3041,揚智,51,1,50,康和-嘉義,2024-12-16,8459
2313,華通,94,48,46,康和-嘉義,2024-12-16,8459
2374,佳能,128,82,46,康和-嘉義,2024-12-16,8459
00915,凱基優選高股息30,41,0,41,康和-嘉義,2024-12-16,8459
2103,台橡,40,0,40,康和-嘉義,2024-12-16,8459
2409,友達,40,0,40,康和-嘉義,2024-12-16,8459
4714,永捷,40,0,40,康和-嘉義,2024-12-16,8459
00878,國泰永續高股息,41,3,38,康和-嘉義,2024-12-16,8459
00687B,國泰20年美債,39,3,36,康和-嘉義,2024-12-16,8459
2382,廣達,42,7,35,康和-嘉義,2024-12-16,8459
2609,陽明,57,23,34,康和-嘉義,2024-12-16,8459
2882,國泰金,53,19,34,康和-嘉義,2024-12-16,8459
3231,緯創,45,13,32,康和-嘉義,2024-12-16,8459
2332,友訊,33,2,31,康和-嘉義,2024-12-16,8459
2468,華經,75,44,31,康和-嘉義,2024-12-16,8459
2002,中鋼,24,0,24,康和-嘉義,2024-12-16,8459
1314,中石化,23,0,23,康和-嘉義,2024-12-16,8459
1584,精剛,23,0,23,康和-嘉義,2024-12-16,8459
4979,華星光,36,14,22,康和-嘉義,2024-12-16,8459
00933B,國泰10Y+金融債,22,0,22,康和-嘉義,2024-12-16,8459
2355,敬鵬,21,0,21,康和-嘉義,2024-12-16,8459
00885,富邦越南,20,0,20,康和-嘉義,2024-12-16,8459
00953B,群益優選非投等債,20,0,20,康和-嘉義,2024-12-16,8459
00675L,富邦臺灣加權正2,20,0,20,康和-嘉義,2024-12-16,8459
2845,遠東銀,20,0,20,康和-嘉義,2024-12-16,8459
00680L,元大美債20正2,19,0,19,康和-嘉義,2024-12-16,8459
1714,和桐,19,0,19,康和-嘉義,2024-12-16,8459
2359,所羅門,28,9,19,康和-嘉義,2024-12-16,8459
4160,訊聯基因,19,0,19,康和-嘉義,2024-12-16,8459
4510,高鋒,47,29,18,康和-嘉義,2024-12-16,8459
3056,富華新,21,4,17,康和-嘉義,2024-12-16,8459
2427,三商電,17,1,16,康和-嘉義,2024-12-16,8459
2615,萬海,21,5,16,康和-嘉義,2024-12-16,8459
00679B,元大美債20年,15,0,15,康和-嘉義,2024-12-16,8459
2367,燿華,35,20,15,康和-嘉義,2024-12-16,8459
6139,亞翔,15,1,14,康和-嘉義,2024-12-16,8459
1815,富喬,71,57,14,康和-嘉義,2024-12-16,8459
3706,神達,98,84,14,康和-嘉義,2024-12-16,8459
3017,奇鋐,17,4,13,康和-嘉義,2024-12-16,8459
8054,安國,30,18,12,康和-嘉義,2024-12-16,8459
2891,中信金,13,2,11,康和-嘉義,2024-12-16,8459
1304,台聚,80,70,10,康和-嘉義,2024-12-16,8459
2888,新光金,100,0,100,康和-嘉義,2024-12-17,8459
00937B,群益ESG投等債20,95,0,95,康和-嘉義,2024-12-17,8459
6215,和椿,121,31,90,康和-嘉義,2024-12-17,8459
3706,神達,179,115,64,康和-嘉義,2024-12-17,8459
3481,群創,59,3,56,康和-嘉義,2024-12-17,8459
2417,圓剛,54,2,52,康和-嘉義,2024-12-17,8459
2468,華經,75,25,50,康和-嘉義,2024-12-17,8459
1540,喬福,50,5,45,康和-嘉義,2024-12-17,8459
2897,王道銀行,43,0,43,康和-嘉義,2024-12-17,8459
2883,凱基金,38,0,38,康和-嘉義,2024-12-17,8459
2363,矽統,64,28,36,康和-嘉義,2024-12-17,8459
2609,陽明,47,11,36,康和-嘉義,2024-12-17,8459
00918,大華優利高填息30,47,15,32,康和-嘉義,2024-12-17,8459
00679B,元大美債20年,101,72,29,康和-嘉義,2024-12-17,8459
3019,亞光,79,54,25,康和-嘉義,2024-12-17,8459
00637L,元大滬深300正2,31,7,24,康和-嘉義,2024-12-17,8459
2408,南亞科,54,30,24,康和-嘉義,2024-12-17,8459
2881,富邦金,21,0,21,康和-嘉義,2024-12-17,8459
4743,合一,20,0,20,康和-嘉義,2024-12-17,8459
00945B,凱基美國非投等債,20,0,20,康和-嘉義,2024-12-17,8459
00953B,群益優選非投等債,20,0,20,康和-嘉義,2024-12-17,8459
00772B,中信高評級公司債,20,0,20,康和-嘉義,2024-12-17,8459
00720B,元大投資級公司債,20,0,20,康和-嘉義,2024-12-17,8459
8935,邦泰,20,0,20,康和-嘉義,2024-12-17,8459
4510,高鋒,55,36,19,康和-嘉義,2024-12-17,8459
3013,晟銘電,22,3,19,康和-嘉義,2024-12-17,8459
2359,所羅門,57,39,18,康和-嘉義,2024-12-17,8459
2845,遠東銀,15,0,15,康和-嘉義,2024-12-17,8459
5392,能率,26,11,15,康和-嘉義,2024-12-17,8459
8047,星雲,15,0,15,康和-嘉義,2024-12-17,8459
2834,臺企銀,14,0,14,康和-嘉義,2024-12-17,8459
2352,佳世達,14,0,14,康和-嘉義,2024-12-17,8459
2002,中鋼,13,0,13,康和-嘉義,2024-12-17,8459
2368,金像電,33,20,13,康和-嘉義,2024-12-17,8459
1326,台化,17,5,12,康和-嘉義,2024-12-17,8459
6214,精誠,19,9,10,康和-嘉義,2024-12-17,8459
1444,力麗,10,0,10,康和-嘉義,2024-12-17,8459
1595,川寶,14,4,10,康和-嘉義,2024-12-17,8459
2464,盟立,15,5,10,康和-嘉義,2024-12-17,8459
3673,TPK-KY,10,0,10,康和-嘉義,2024-12-17,8459
6016,康和證,10,0,10,康和-嘉義,2024-12-17,8459
6284,佳邦,10,0,10,康和-嘉義,2024-12-17,8459
9906,欣巴巴,10,0,10,康和-嘉義,2024-12-17,8459
5386,青雲,10,0,10,康和-嘉義,2024-12-17,8459
2542,興富發,11,2,9,康和-嘉義,2024-12-17,8459
2449,京元電子,14,5,9,康和-嘉義,2024-12-17,8459
2317,鴻海,46,37,9,康和-嘉義,2024-12-17,8459
00882,中信中國高股息,8,0,8,康和-嘉義,2024-12-17,8459
4577,達航科技,8,0,8,康和-嘉義,2024-12-17,8459
5347,世界,8,0,8,康和-嘉義,2024-12-17,8459
2610,華航,167,1,166,康和-嘉義,2024-12-18,8459
3450,聯鈞,180,28,152,康和-嘉義,2024-12-18,8459
5880,合庫金,83,0,83,康和-嘉義,2024-12-18,8459
2303,聯電,83,15,68,康和-嘉義,2024-12-18,8459
1815,富喬,182,120,62,康和-嘉義,2024-12-18,8459
00919,群益台灣精選高息,103,55,48,康和-嘉義,2024-12-18,8459
4974,亞泰,31,4,27,康和-嘉義,2024-12-18,8459
6770,力積電,39,16,23,康和-嘉義,2024-12-18,8459
4128,中天,24,2,22,康和-嘉義,2024-12-18,8459
00937B,群益ESG投等債20,22,1,21,康和-嘉義,2024-12-18,8459
2609,陽明,25,5,20,康和-嘉義,2024-12-18,8459
3689,湧德,26,6,20,康和-嘉義,2024-12-18,8459
4979,華星光,35,15,20,康和-嘉義,2024-12-18,8459
3013,晟銘電,21,2,19,康和-嘉義,2024-12-18,8459
2328,廣宇,37,19,18,康和-嘉義,2024-12-18,8459
2368,金像電,27,9,18,康和-嘉義,2024-12-18,8459
1522,堤維西,18,1,17,康和-嘉義,2024-12-18,8459
00945B,凱基美國非投等債,15,0,15,康和-嘉義,2024-12-18,8459
3029,零壹,37,22,15,康和-嘉義,2024-12-18,8459
9105,泰金寶-DR,31,16,15,康和-嘉義,2024-12-18,8459
3323,加百裕,71,57,14,康和-嘉義,2024-12-18,8459
00918,大華優利高填息30,51,38,13,康和-嘉義,2024-12-18,8459
4533,協易機,17,5,12,康和-嘉義,2024-12-18,8459
5439,高技,23,12,11,康和-嘉義,2024-12-18,8459
4977,眾達-KY,15,4,11,康和-嘉義,2024-12-18,8459
9939,宏全,11,0,11,康和-嘉義,2024-12-18,8459
00946,群益科技高息成長,10,0,10,康和-嘉義,2024-12-18,8459
00953B,群益優選非投等債,10,0,10,康和-嘉義,2024-12-18,8459
00907,永豐優息存股,10,0,10,康和-嘉義,2024-12-18,8459
1595,川寶,10,0,10,康和-嘉義,2024-12-18,8459
2892,第一金,10,0,10,康和-嘉義,2024-12-18,8459
4123,晟德,10,0,10,康和-嘉義,2024-12-18,8459
4137,麗豐-KY,10,0,10,康和-嘉義,2024-12-18,8459
8933,愛地雅,10,0,10,康和-嘉義,2024-12-18,8459
2392,正崴,10,1,9,康和-嘉義,2024-12-18,8459
3231,緯創,51,43,8,康和-嘉義,2024-12-18,8459
00712,復華富時不動產,8,0,8,康和-嘉義,2024-12-18,8459
1605,華新,8,0,8,康和-嘉義,2024-12-18,8459
1609,大亞,10,2,8,康和-嘉義,2024-12-18,8459
2344,華邦電,9,1,8,康和-嘉義,2024-12-18,8459
3209,全科,8,0,8,康和-嘉義,2024-12-18,8459
1591,駿吉-KY,7,0,7,康和-嘉義,2024-12-18,8459
2312,金寶,24,17,7,康和-嘉義,2024-12-18,8459
2897,王道銀行,7,0,7,康和-嘉義,2024-12-18,8459
6266,泰詠,7,0,7,康和-嘉義,2024-12-18,8459
8171,天宇,8,1,7,康和-嘉義,2024-12-18,8459
8234,新漢,8,1,7,康和-嘉義,2024-12-18,8459
2317,鴻海,33,26,7,康和-嘉義,2024-12-18,8459
5371,中光電,13,7,6,康和-嘉義,2024-12-18,8459
0056,元大高股息,6,0,6,康和-嘉義,2024-12-18,8459
9105,泰金寶-DR,605,268,337,康和-嘉義,2024-12-19,8459
6152,百一,170,0,170,康和-嘉義,2024-12-19,8459
00687B,國泰20年美債,166,5,161,康和-嘉義,2024-12-19,8459
00937B,群益ESG投等債20,75,0,75,康和-嘉義,2024-12-19,8459
00680L,元大美債20正2,55,10,45,康和-嘉義,2024-12-19,8459
00733,富邦臺灣中小,41,0,41,康和-嘉義,2024-12-19,8459
1905,華紙,41,0,41,康和-嘉義,2024-12-19,8459
1540,喬福,51,11,40,康和-嘉義,2024-12-19,8459
2468,華經,51,11,40,康和-嘉義,2024-12-19,8459
00679B,元大美債20年,36,0,36,康和-嘉義,2024-12-19,8459
2888,新光金,51,20,31,康和-嘉義,2024-12-19,8459
00715L,期街口布蘭特正2,30,0,30,康和-嘉義,2024-12-19,8459
00772B,中信高評級公司債,30,0,30,康和-嘉義,2024-12-19,8459
8374,羅昇,37,7,30,康和-嘉義,2024-12-19,8459
2609,陽明,33,5,28,康和-嘉義,2024-12-19,8459
2303,聯電,52,24,28,康和-嘉義,2024-12-19,8459
6116,彩晶,27,1,26,康和-嘉義,2024-12-19,8459
2897,王道銀行,25,0,25,康和-嘉義,2024-12-19,8459
2344,華邦電,22,0,22,康和-嘉義,2024-12-19,8459
8111,立��,40,18,22,康和-嘉義,2024-12-19,8459
1101,台泥,23,2,21,康和-嘉義,2024-12-19,8459
00948B,中信優息投資級債,20,0,20,康和-嘉義,2024-12-19,8459
00965,元大航太防衛科技,20,0,20,康和-嘉義,2024-12-19,8459
4157,太景*-KY,20,0,20,康和-嘉義,2024-12-19,8459
6962,ITH-KY,22,4,18,康和-嘉義,2024-12-19,8459
2845,遠東銀,17,0,17,康和-嘉義,2024-12-19,8459
00878,國泰永續高股息,16,0,16,康和-嘉義,2024-12-19,8459
00953B,群益優選非投等債,15,0,15,康和-嘉義,2024-12-19,8459
1714,和桐,15,0,15,康和-嘉義,2024-12-19,8459
2884,玉山金,15,0,15,康和-嘉義,2024-12-19,8459
3019,亞光,128,113,15,康和-嘉義,2024-12-19,8459
00918,大華優利高填息30,21,7,14,康和-嘉義,2024-12-19,8459
6770,力積電,20,6,14,康和-嘉義,2024-12-19,8459
2618,長榮航,19,5,14,康和-嘉義,2024-12-19,8459
6214,精誠,18,4,14,康和-嘉義,2024-12-19,8459
2317,鴻海,14,1,13,康和-嘉義,2024-12-19,8459
2408,南亞科,23,10,13,康和-嘉義,2024-12-19,8459
2883,凱基金,55,42,13,康和-嘉義,2024-12-19,8459
6188,廣明,55,42,13,康和-嘉義,2024-12-19,8459
00712,復華富時不動產,12,0,12,康和-嘉義,2024-12-19,8459
1227,佳格,12,0,12,康和-嘉義,2024-12-19,8459
1584,精剛,12,0,12,康和-嘉義,2024-12-19,8459
2027,大成鋼,12,0,12,康和-嘉義,2024-12-19,8459
00922,國泰台灣領袖50,11,0,11,康和-嘉義,2024-12-19,8459
00857B,永豐20年美公債,11,0,11,康和-嘉義,2024-12-19,8459
2002,中鋼,11,0,11,康和-嘉義,2024-12-19,8459
6505,台塑化,11,1,10,康和-嘉義,2024-12-19,8459
00893,國泰智能電動車,10,0,10,康和-嘉義,2024-12-19,8459
00945B,凱基美國非投等債,10,0,10,康和-嘉義,2024-12-19,8459
00959B,大華投等美債15Y+,10,0,10,康和-嘉義,2024-12-19,8459
