Ticker,Name,buy,sell,diff,Branch,Date,Branch_Code
00673R,期元大S＆P原油反1,144,5,139,新光-新竹,2023-01-03,8563
00893,國泰智能電動車,101,3,98,新光-新竹,2023-01-03,8563
2317,鴻海,129,35,94,新光-新竹,2023-01-03,8563
00712,復華富時不動產,70,0,70,新光-新竹,2023-01-03,8563
8933,愛地雅,93,25,68,新光-新竹,2023-01-03,8563
00637L,元大滬深300正2,105,61,44,新光-新竹,2023-01-03,8563
2609,陽明,52,15,37,新光-新竹,2023-01-03,8563
00679B,元大美債20年,36,0,36,新光-新竹,2023-01-03,8563
2892,第一金,38,9,29,新光-新竹,2023-01-03,8563
6153,嘉聯益,26,0,26,新光-新竹,2023-01-03,8563
00885,富邦越南,24,1,23,新光-新竹,2023-01-03,8563
2634,漢翔,24,2,22,新光-新竹,2023-01-03,8563
1810,和成,24,2,22,新光-新竹,2023-01-03,8563
00670L,富邦NASDAQ正2,24,2,22,新光-新竹,2023-01-03,8563
1909,榮成,28,6,22,新光-新竹,2023-01-03,8563
9105,泰金寶-DR,21,0,21,新光-新竹,2023-01-03,8563
00903,富邦元宇宙,20,0,20,新光-新竹,2023-01-03,8563
6202,盛群,22,3,19,新光-新竹,2023-01-03,8563
3715,定穎投控,17,0,17,新光-新竹,2023-01-03,8563
2465,麗臺,27,11,16,新光-新竹,2023-01-03,8563
2603,長榮,58,43,15,新光-新竹,2023-01-03,8563
00772B,中信高評級公司債,15,0,15,新光-新竹,2023-01-03,8563
1732,毛寶,15,0,15,新光-新竹,2023-01-03,8563
2345,智邦,18,3,15,新光-新竹,2023-01-03,8563
2882,國泰金,24,10,14,新光-新竹,2023-01-03,8563
00680L,元大美債20正2,38,24,14,新光-新竹,2023-01-03,8563
00773B,中信優先金融債,19,5,14,新光-新竹,2023-01-03,8563
00688L,國泰20年美債正2,14,0,14,新光-新竹,2023-01-03,8563
6227,茂綸,13,0,13,新光-新竹,2023-01-03,8563
006208,富邦台50,17,4,13,新光-新竹,2023-01-03,8563
2330,台積電,30,18,12,新光-新竹,2023-01-03,8563
00895,富邦未來車,12,0,12,新光-新竹,2023-01-03,8563
00720B,元大投資級公司債,33,21,12,新光-新竹,2023-01-03,8563
3189,景碩,31,19,12,新光-新竹,2023-01-03,8563
00881,國泰台灣5G+,11,0,11,新光-新竹,2023-01-03,8563
4171,瑞基,61,50,11,新光-新竹,2023-01-03,8563
2890,永豐金,113,103,10,新光-新竹,2023-01-03,8563
2201,裕隆,39,29,10,新光-新竹,2023-01-03,8563
2482,連宇,10,0,10,新光-新竹,2023-01-03,8563
4121,優盛,13,3,10,新光-新竹,2023-01-03,8563
3443,創意,67,57,10,新光-新竹,2023-01-03,8563
6589,台康生技,14,4,10,新光-新竹,2023-01-03,8563
6186,新潤,10,1,9,新光-新竹,2023-01-03,8563
4167,松瑞藥,33,24,9,新光-新竹,2023-01-03,8563
1605,華新,186,177,9,新光-新竹,2023-01-03,8563
2520,冠德,9,0,9,新光-新竹,2023-01-03,8563
2480,敦陽科,9,0,9,新光-新竹,2023-01-03,8563
6118,建達,90,82,8,新光-新竹,2023-01-03,8563
6547,高端疫苗,12,4,8,新光-新竹,2023-01-03,8563
5434,崇越,8,0,8,新光-新竹,2023-01-03,8563
2610,華航,317,12,305,新光-新竹,2023-01-04,8563
1519,華城,158,46,112,新光-新竹,2023-01-04,8563
2641,正德,87,2,85,新光-新竹,2023-01-04,8563
2317,鴻海,82,8,74,新光-新竹,2023-01-04,8563
2368,金像電,71,2,69,新光-新竹,2023-01-04,8563
2884,玉山金,60,0,60,新光-新竹,2023-01-04,8563
00893,國泰智能電動車,48,3,45,新光-新竹,2023-01-04,8563
00715L,期街口布蘭特正2,131,87,44,新光-新竹,2023-01-04,8563
1605,華新,299,256,43,新光-新竹,2023-01-04,8563
4105,東洋,31,0,31,新光-新竹,2023-01-04,8563
2498,宏達電,73,43,30,新光-新竹,2023-01-04,8563
6245,立端,33,3,30,新光-新竹,2023-01-04,8563
00648R,元大S＆P500反1,27,0,27,新光-新竹,2023-01-04,8563
0056,元大高股息,28,2,26,新光-新竹,2023-01-04,8563
00753L,中信中國50正2,25,1,24,新光-新竹,2023-01-04,8563
00895,富邦未來車,23,0,23,新光-新竹,2023-01-04,8563
3037,欣興,69,46,23,新光-新竹,2023-01-04,8563
2547,日勝生,23,0,23,新光-新竹,2023-01-04,8563
2457,飛宏,37,15,22,新光-新竹,2023-01-04,8563
8085,福華,22,0,22,新光-新竹,2023-01-04,8563
1609,大亞,52,30,22,新光-新竹,2023-01-04,8563
2886,兆豐金,25,3,22,新光-新竹,2023-01-04,8563
2338,光罩,23,2,21,新光-新竹,2023-01-04,8563
1504,東元,20,0,20,新光-新竹,2023-01-04,8563
00902,中信電池及儲能,30,10,20,新光-新竹,2023-01-04,8563
00706L,期元大S＆P日圓正2,20,0,20,新光-新竹,2023-01-04,8563
3715,定穎投控,20,0,20,新光-新竹,2023-01-04,8563
8112,至上,20,0,20,新光-新竹,2023-01-04,8563
1513,中興電,229,210,19,新光-新竹,2023-01-04,8563
00637L,元大滬深300正2,20,2,18,新光-新竹,2023-01-04,8563
8436,大江,24,7,17,新光-新竹,2023-01-04,8563
6235,華孚,30,15,15,新光-新竹,2023-01-04,8563
2812,台中銀,20,5,15,新光-新竹,2023-01-04,8563
2409,友達,25,10,15,新光-新竹,2023-01-04,8563
2408,南亞科,21,6,15,新光-新竹,2023-01-04,8563
2002,中鋼,22,8,14,新光-新竹,2023-01-04,8563
2603,長榮,98,84,14,新光-新竹,2023-01-04,8563
2303,聯電,16,3,13,新光-新竹,2023-01-04,8563
8046,南電,47,34,13,新光-新竹,2023-01-04,8563
1303,南亞,12,0,12,新光-新竹,2023-01-04,8563
00642U,期元大S＆P石油,12,0,12,新光-新竹,2023-01-04,8563
6139,亞翔,22,10,12,新光-新竹,2023-01-04,8563
00713,元大台灣高息低波,11,0,11,新光-新竹,2023-01-04,8563
1708,東鹼,10,0,10,新光-新竹,2023-01-04,8563
2363,矽統,12,2,10,新光-新竹,2023-01-04,8563
6598,ABC-KY,10,0,10,新光-新竹,2023-01-04,8563
2034,允強,10,0,10,新光-新竹,2023-01-04,8563
6188,廣明,11,1,10,新光-新竹,2023-01-04,8563
6477,安集,11,1,10,新光-新竹,2023-01-04,8563
1234,黑松,10,0,10,新光-新竹,2023-01-04,8563
8044,網家,337,51,286,新光-新竹,2023-01-05,8563
3711,日月光投控,114,6,108,新光-新竹,2023-01-05,8563
5347,世界,137,29,108,新光-新竹,2023-01-05,8563
00715L,期街口布蘭特正2,153,56,97,新光-新竹,2023-01-05,8563
00770,國泰北美科技,90,0,90,新光-新竹,2023-01-05,8563
2641,正德,98,30,68,新光-新竹,2023-01-05,8563
6118,建達,139,76,63,新光-新竹,2023-01-05,8563
6443,元晶,135,75,60,新光-新竹,2023-01-05,8563
3047,訊舟,60,2,58,新光-新竹,2023-01-05,8563
00891,中信關鍵半導體,65,15,50,新光-新竹,2023-01-05,8563
1101,台泥,61,17,44,新光-新竹,2023-01-05,8563
4931,新盛力,46,3,43,新光-新竹,2023-01-05,8563
2465,麗臺,75,33,42,新光-新竹,2023-01-05,8563
2317,鴻海,63,21,42,新光-新竹,2023-01-05,8563
00676R,富邦臺灣加權反1,40,0,40,新光-新竹,2023-01-05,8563
2498,宏達電,425,389,36,新光-新竹,2023-01-05,8563
3715,定穎投控,35,0,35,新光-新竹,2023-01-05,8563
4961,天鈺,48,18,30,新光-新竹,2023-01-05,8563
00679B,元大美債20年,27,0,27,新光-新竹,2023-01-05,8563
1513,中興電,155,129,26,新光-新竹,2023-01-05,8563
00900,富邦特選高股息30,24,0,24,新光-新竹,2023-01-05,8563
6133,金橋,37,14,23,新光-新竹,2023-01-05,8563
00642U,期元大S＆P石油,22,0,22,新光-新竹,2023-01-05,8563
2547,日勝生,22,0,22,新光-新竹,2023-01-05,8563
5009,榮剛,30,9,21,新光-新竹,2023-01-05,8563
3693,營邦,24,3,21,新光-新竹,2023-01-05,8563
8069,元太,44,24,20,新光-新竹,2023-01-05,8563
6719,力智,34,14,20,新光-新竹,2023-01-05,8563
2388,威盛,39,20,19,新光-新竹,2023-01-05,8563
00772B,中信高評級公司債,17,0,17,新光-新竹,2023-01-05,8563
3035,智原,45,30,15,新光-新竹,2023-01-05,8563
8341,日友,16,1,15,新光-新竹,2023-01-05,8563
5871,中租-KY,31,16,15,新光-新竹,2023-01-05,8563
6151,晉倫,15,0,15,新光-新竹,2023-01-05,8563
2409,友達,35,20,15,新光-新竹,2023-01-05,8563
2617,台航,15,1,14,新光-新竹,2023-01-05,8563
2892,第一金,17,3,14,新光-新竹,2023-01-05,8563
00706L,期元大S＆P日圓正2,14,0,14,新光-新竹,2023-01-05,8563
8086,宏捷科,21,7,14,新光-新竹,2023-01-05,8563
00881,國泰台灣5G+,13,0,13,新光-新竹,2023-01-05,8563
3521,鴻翊,13,0,13,新光-新竹,2023-01-05,8563
2338,光罩,14,2,12,新光-新竹,2023-01-05,8563
4979,華星光,14,2,12,新光-新竹,2023-01-05,8563
4977,眾達-KY,30,19,11,新光-新竹,2023-01-05,8563
4162,智擎,51,40,11,新光-新竹,2023-01-05,8563
3105,穩懋,36,25,11,新光-新竹,2023-01-05,8563
4171,瑞基,18,7,11,新光-新竹,2023-01-05,8563
1529,樂事綠能,30,19,11,新光-新竹,2023-01-05,8563
3356,奇偶,11,0,11,新光-新竹,2023-01-05,8563
6670,復盛應用,10,0,10,新光-新竹,2023-01-05,8563
00632R,元大台灣50反1,714,162,552,新光-新竹,2023-01-06,8563
00720B,元大投資級公司債,431,121,310,新光-新竹,2023-01-06,8563
3260,威剛,156,3,153,新光-新竹,2023-01-06,8563
8906,花王,101,0,101,新光-新竹,2023-01-06,8563
3704,合勤控,87,27,60,新光-新竹,2023-01-06,8563
6182,合晶,48,4,44,新光-新竹,2023-01-06,8563
2105,正新,40,0,40,新光-新竹,2023-01-06,8563
00664R,國泰臺灣加權反1,40,0,40,新光-新竹,2023-01-06,8563
00676R,富邦臺灣加權反1,37,0,37,新光-新竹,2023-01-06,8563
00655L,國泰中國A50正2,30,0,30,新光-新竹,2023-01-06,8563
3105,穩懋,58,30,28,新光-新竹,2023-01-06,8563
1101B,台泥乙特,27,0,27,新光-新竹,2023-01-06,8563
8171,天宇,63,37,26,新光-新竹,2023-01-06,8563
4746,台耀,46,21,25,新光-新竹,2023-01-06,8563
00885,富邦越南,41,17,24,新光-新竹,2023-01-06,8563
4907,富宇,23,0,23,新光-新竹,2023-01-06,8563
5009,榮剛,26,4,22,新光-新竹,2023-01-06,8563
00770,國泰北美科技,22,0,22,新光-新竹,2023-01-06,8563
1529,樂事綠能,27,6,21,新光-新竹,2023-01-06,8563
2313,華通,21,0,21,新光-新竹,2023-01-06,8563
3715,定穎投控,20,0,20,新光-新竹,2023-01-06,8563
1736,喬山,23,3,20,新光-新竹,2023-01-06,8563
00903,富邦元宇宙,20,0,20,新光-新竹,2023-01-06,8563
00670L,富邦NASDAQ正2,19,0,19,新光-新竹,2023-01-06,8563
8105,凌巨,25,6,19,新光-新竹,2023-01-06,8563
4171,瑞基,25,6,19,新光-新竹,2023-01-06,8563
6104,創惟,19,2,17,新光-新竹,2023-01-06,8563
00665L,富邦�琤肭磪囓�2,47,30,17,新光-新竹,2023-01-06,8563
3162,精確,16,0,16,新光-新竹,2023-01-06,8563
2332,友訊,26,10,16,新光-新竹,2023-01-06,8563
00895,富邦未來車,16,0,16,新光-新竹,2023-01-06,8563
8064,東捷,32,16,16,新光-新竹,2023-01-06,8563
2344,華邦電,16,0,16,新光-新竹,2023-01-06,8563
2641,正德,21,6,15,新光-新竹,2023-01-06,8563
6150,撼訊,17,2,15,新光-新竹,2023-01-06,8563
2704,國賓,15,0,15,新光-新竹,2023-01-06,8563
00893,國泰智能電動車,26,12,14,新光-新竹,2023-01-06,8563
8069,元太,70,56,14,新光-新竹,2023-01-06,8563
00642U,期元大S＆P石油,15,1,14,新光-新竹,2023-01-06,8563
3013,晟銘電,24,10,14,新光-新竹,2023-01-06,8563
4102,永日,14,0,14,新光-新竹,2023-01-06,8563
2903,遠百,13,0,13,新光-新竹,2023-01-06,8563
6274,台燿,19,6,13,新光-新竹,2023-01-06,8563
00902,中信電池及儲能,12,0,12,新光-新竹,2023-01-06,8563
3705,永信,15,3,12,新光-新竹,2023-01-06,8563
2637,慧洋-KY,17,6,11,新光-新竹,2023-01-06,8563
6806,森崴能源,38,27,11,新光-新竹,2023-01-06,8563
4123,晟德,11,0,11,新光-新竹,2023-01-06,8563
2883,凱基金,10,0,10,新光-新竹,2023-01-06,8563
00679B,元大美債20年,14,4,10,新光-新竹,2023-01-06,8563
00632R,元大台灣50反1,2287,1484,803,新光-新竹,2023-01-09,8563
2812,台中銀,161,2,159,新光-新竹,2023-01-09,8563
00676R,富邦臺灣加權反1,130,0,130,新光-新竹,2023-01-09,8563
00715L,期街口布蘭特正2,53,1,52,新光-新竹,2023-01-09,8563
00664R,國泰臺灣加權反1,91,40,51,新光-新竹,2023-01-09,8563
2317,鴻海,71,23,48,新光-新竹,2023-01-09,8563
00903,富邦元宇宙,55,8,47,新光-新竹,2023-01-09,8563
3481,群創,69,24,45,新光-新竹,2023-01-09,8563
3715,定穎投控,44,0,44,新光-新竹,2023-01-09,8563
1789,神隆,40,0,40,新光-新竹,2023-01-09,8563
2338,光罩,168,129,39,新光-新竹,2023-01-09,8563
2409,友達,71,32,39,新光-新竹,2023-01-09,8563
00679B,元大美債20年,43,6,37,新光-新竹,2023-01-09,8563
3189,景碩,62,32,30,新光-新竹,2023-01-09,8563
3037,欣興,75,45,30,新光-新竹,2023-01-09,8563
00795B,中信美國公債20年,26,0,26,新光-新竹,2023-01-09,8563
2609,陽明,59,35,24,新光-新竹,2023-01-09,8563
2482,連宇,20,0,20,新光-新竹,2023-01-09,8563
00641R,富邦日本反1,20,0,20,新光-新竹,2023-01-09,8563
9105,泰金寶-DR,20,0,20,新光-新竹,2023-01-09,8563
3034,聯詠,37,17,20,新光-新竹,2023-01-09,8563
6150,撼訊,21,2,19,新光-新竹,2023-01-09,8563
00893,國泰智能電動車,66,48,18,新光-新竹,2023-01-09,8563
00665L,富邦�琤肭磪囓�2,57,40,17,新光-新竹,2023-01-09,8563
2603,長榮,45,29,16,新光-新竹,2023-01-09,8563
1101B,台泥乙特,16,0,16,新光-新竹,2023-01-09,8563
6443,元晶,47,31,16,新光-新竹,2023-01-09,8563
6411,晶焱,15,0,15,新光-新竹,2023-01-09,8563
00852L,國泰美國道瓊正2,20,5,15,新光-新竹,2023-01-09,8563
2009,第一銅,21,6,15,新光-新竹,2023-01-09,8563
4915,致伸,21,7,14,新光-新竹,2023-01-09,8563
4163,鐿鈦,14,0,14,新光-新竹,2023-01-09,8563
2748,雲品,17,4,13,新光-新竹,2023-01-09,8563
00666R,富邦�琤肭磪齯�1,12,0,12,新光-新竹,2023-01-09,8563
2481,強茂,17,5,12,新光-新竹,2023-01-09,8563
5475,德宏,12,0,12,新光-新竹,2023-01-09,8563
4904,遠傳,15,3,12,新光-新竹,2023-01-09,8563
5351,鈺創,68,57,11,新光-新竹,2023-01-09,8563
00655L,國泰中國A50正2,15,4,11,新光-新竹,2023-01-09,8563
1515,力山,11,0,11,新光-新竹,2023-01-09,8563
8096,擎亞,11,0,11,新光-新竹,2023-01-09,8563
3712,永崴投控,11,0,11,新光-新竹,2023-01-09,8563
6279,胡連,11,0,11,新光-新竹,2023-01-09,8563
00631L,元大台灣50正2,40,29,11,新光-新竹,2023-01-09,8563
9945,潤泰新,13,3,10,新光-新竹,2023-01-09,8563
8227,巨有科技,11,1,10,新光-新竹,2023-01-09,8563
2611,志信,10,0,10,新光-新竹,2023-01-09,8563
6180,橘子,14,4,10,新光-新竹,2023-01-09,8563
2882A,國泰特,10,0,10,新光-新竹,2023-01-09,8563
6598,ABC-KY,10,0,10,新光-新竹,2023-01-09,8563
3715,定穎投控,132,0,132,新光-新竹,2023-01-10,8563
00633L,富邦上証正2,99,4,95,新光-新竹,2023-01-10,8563
00712,復華富時不動產,71,0,71,新光-新竹,2023-01-10,8563
2482,連宇,74,11,63,新光-新竹,2023-01-10,8563
3260,威剛,63,6,57,新光-新竹,2023-01-10,8563
00715L,期街口布蘭特正2,62,7,55,新光-新竹,2023-01-10,8563
6443,元晶,83,29,54,新光-新竹,2023-01-10,8563
2748,雲品,57,3,54,新光-新竹,2023-01-10,8563
00664R,國泰臺灣加權反1,65,25,40,新光-新竹,2023-01-10,8563
00903,富邦元宇宙,40,0,40,新光-新竹,2023-01-10,8563
2641,正德,39,1,38,新光-新竹,2023-01-10,8563
6282,康舒,35,8,27,新光-新竹,2023-01-10,8563
1785,光洋科,46,21,25,新光-新竹,2023-01-10,8563
4114,健喬,38,13,25,新光-新竹,2023-01-10,8563
00772B,中信高評級公司債,50,28,22,新光-新竹,2023-01-10,8563
2317,鴻海,40,18,22,新光-新竹,2023-01-10,8563
3128,昇銳,53,32,21,新光-新竹,2023-01-10,8563
1612,宏泰,32,11,21,新光-新竹,2023-01-10,8563
4763,材料-KY,157,136,21,新光-新竹,2023-01-10,8563
2609,陽明,32,13,19,新光-新竹,2023-01-10,8563
8227,巨有科技,19,1,18,新光-新竹,2023-01-10,8563
8086,宏捷科,20,2,18,新光-新竹,2023-01-10,8563
6223,旺矽,29,12,17,新光-新竹,2023-01-10,8563
1305,華夏,19,2,17,新光-新竹,2023-01-10,8563
00631L,元大台灣50正2,25,9,16,新光-新竹,2023-01-10,8563
2367,燿華,16,0,16,新光-新竹,2023-01-10,8563
1444,力麗,35,20,15,新光-新竹,2023-01-10,8563
00753L,中信中國50正2,15,0,15,新光-新竹,2023-01-10,8563
2353,宏��,14,0,14,新光-新竹,2023-01-10,8563
00642U,期元大S＆P石油,14,0,14,新光-新竹,2023-01-10,8563
3034,聯詠,21,8,13,新光-新竹,2023-01-10,8563
4958,臻鼎-KY,17,4,13,新光-新竹,2023-01-10,8563
6118,建達,14,2,12,新光-新竹,2023-01-10,8563
1309,台達化,12,0,12,新光-新竹,2023-01-10,8563
8091,翔名,11,0,11,新光-新竹,2023-01-10,8563
2492,華新科,11,0,11,新光-新竹,2023-01-10,8563
6188,廣明,11,0,11,新光-新竹,2023-01-10,8563
1314,中石化,12,1,11,新光-新竹,2023-01-10,8563
2882,國泰金,16,5,11,新光-新竹,2023-01-10,8563
1701,中化,12,2,10,新光-新竹,2023-01-10,8563
4967,十銓,10,0,10,新光-新竹,2023-01-10,8563
3322,建舜電,11,1,10,新光-新竹,2023-01-10,8563
6532,瑞耘,10,0,10,新光-新竹,2023-01-10,8563
4907,富宇,10,0,10,新光-新竹,2023-01-10,8563
6266,泰詠,10,0,10,新光-新竹,2023-01-10,8563
00676R,富邦臺灣加權反1,10,0,10,新光-新竹,2023-01-10,8563
8171,天宇,15,6,9,新光-新竹,2023-01-10,8563
00655L,國泰中國A50正2,9,0,9,新光-新竹,2023-01-10,8563
4566,時碩工業,9,0,9,新光-新竹,2023-01-10,8563
5425,台半,28,19,9,新光-新竹,2023-01-10,8563
9907,統一實,115,1,114,新光-新竹,2023-01-11,8563
00680L,元大美債20正2,110,0,110,新光-新竹,2023-01-11,8563
00895,富邦未來車,82,0,82,新光-新竹,2023-01-11,8563
4979,華星光,137,59,78,新光-新竹,2023-01-11,8563
2603,長榮,158,97,61,新光-新竹,2023-01-11,8563
00632R,元大台灣50反1,57,2,55,新光-新竹,2023-01-11,8563
2388,威盛,76,25,51,新光-新竹,2023-01-11,8563
00679B,元大美債20年,46,3,43,新光-新竹,2023-01-11,8563
00772B,中信高評級公司債,42,0,42,新光-新竹,2023-01-11,8563
2317,鴻海,49,7,42,新光-新竹,2023-01-11,8563
3715,定穎投控,35,0,35,新光-新竹,2023-01-11,8563
2892,第一金,43,10,33,新光-新竹,2023-01-11,8563
4904,遠傳,32,0,32,新光-新竹,2023-01-11,8563
2413,環科,57,25,32,新光-新竹,2023-01-11,8563
2748,雲品,43,11,32,新光-新竹,2023-01-11,8563
00720B,元大投資級公司債,38,7,31,新光-新竹,2023-01-11,8563
3128,昇銳,28,0,28,新光-新竹,2023-01-11,8563
00631L,元大台灣50正2,37,12,25,新光-新竹,2023-01-11,8563
2014,中鴻,35,11,24,新光-新竹,2023-01-11,8563
2482,連宇,42,18,24,新光-新竹,2023-01-11,8563
1909,榮成,39,16,23,新光-新竹,2023-01-11,8563
2474,可成,36,13,23,新光-新竹,2023-01-11,8563
5880,合庫金,22,0,22,新光-新竹,2023-01-11,8563
6282,康舒,22,0,22,新光-新竹,2023-01-11,8563
3481,群創,19,0,19,新光-新竹,2023-01-11,8563
2481,強茂,16,0,16,新光-新竹,2023-01-11,8563
1519,華城,21,5,16,新光-新竹,2023-01-11,8563
9962,有益,28,13,15,新光-新竹,2023-01-11,8563
6533,晶心科,30,15,15,新光-新竹,2023-01-11,8563
4961,天鈺,40,25,15,新光-新竹,2023-01-11,8563
3587,閎康,19,5,14,新光-新竹,2023-01-11,8563
6589,台康生技,19,5,14,新光-新竹,2023-01-11,8563
00878,國泰永續高股息,39,25,14,新光-新竹,2023-01-11,8563
2884,玉山金,13,0,13,新光-新竹,2023-01-11,8563
4102,永日,13,0,13,新光-新竹,2023-01-11,8563
1417,嘉裕,13,0,13,新光-新竹,2023-01-11,8563
00688L,國泰20年美債正2,12,0,12,新光-新竹,2023-01-11,8563
5009,榮剛,27,15,12,新光-新竹,2023-01-11,8563
6550,北極星藥業-KY,16,4,12,新光-新竹,2023-01-11,8563
2468,華經,16,5,11,新光-新竹,2023-01-11,8563
00706L,期元大S＆P日圓正2,11,0,11,新光-新竹,2023-01-11,8563
3682,亞太電,11,0,11,新光-新竹,2023-01-11,8563
2313,華通,16,5,11,新光-新竹,2023-01-11,8563
5258,虹堡,27,16,11,新光-新竹,2023-01-11,8563
1605,華新,118,107,11,新光-新竹,2023-01-11,8563
00670L,富邦NASDAQ正2,28,17,11,新光-新竹,2023-01-11,8563
3037,欣興,40,30,10,新光-新竹,2023-01-11,8563
3704,合勤控,125,115,10,新光-新竹,2023-01-11,8563
2704,國賓,10,0,10,新光-新竹,2023-01-11,8563
00666R,富邦�琤肭磪齯�1,10,0,10,新光-新竹,2023-01-11,8563
00632R,元大台灣50反1,228,2,226,新光-新竹,2023-01-12,8563
2002,中鋼,117,3,114,新光-新竹,2023-01-12,8563
1101,台泥,99,18,81,新光-新竹,2023-01-12,8563
00878,國泰永續高股息,118,62,56,新光-新竹,2023-01-12,8563
2344,華邦電,55,2,53,新光-新竹,2023-01-12,8563
2317,鴻海,65,12,53,新光-新竹,2023-01-12,8563
1309,台達化,44,0,44,新光-新竹,2023-01-12,8563
00882,中信中國高股息,81,39,42,新光-新竹,2023-01-12,8563
2884,玉山金,49,8,41,新光-新竹,2023-01-12,8563
2892,第一金,40,0,40,新光-新竹,2023-01-12,8563
00665L,富邦�琤肭磪囓�2,70,30,40,新光-新竹,2023-01-12,8563
00671R,富邦NASDAQ反1,40,0,40,新光-新竹,2023-01-12,8563
2897,王道銀行,70,32,38,新光-新竹,2023-01-12,8563
00772B,中信高評級公司債,50,18,32,新光-新竹,2023-01-12,8563
1515,力山,34,2,32,新光-新竹,2023-01-12,8563
00903,富邦元宇宙,30,0,30,新光-新竹,2023-01-12,8563
3221,台嘉碩,30,0,30,新光-新竹,2023-01-12,8563
0050,元大台灣50,36,9,27,新光-新竹,2023-01-12,8563
3059,華晶科,25,0,25,新光-新竹,2023-01-12,8563
00637L,元大滬深300正2,25,1,24,新光-新竹,2023-01-12,8563
0056,元大高股息,32,8,24,新光-新竹,2023-01-12,8563
4104,佳醫,24,1,23,新光-新竹,2023-01-12,8563
2603,長榮,43,20,23,新光-新竹,2023-01-12,8563
00753L,中信中國50正2,22,0,22,新光-新竹,2023-01-12,8563
4114,健喬,25,4,21,新光-新竹,2023-01-12,8563
2014,中鴻,50,30,20,新光-新竹,2023-01-12,8563
2405,輔信,24,4,20,新光-新竹,2023-01-12,8563
1904,正隆,20,0,20,新光-新竹,2023-01-12,8563
1519,華城,19,1,18,新光-新竹,2023-01-12,8563
2834,臺企銀,18,0,18,新光-新竹,2023-01-12,8563
4743,合一,39,21,18,新光-新竹,2023-01-12,8563
2615,萬海,28,11,17,新光-新竹,2023-01-12,8563
6227,茂綸,32,15,17,新光-新竹,2023-01-12,8563
2313,華通,29,12,17,新光-新竹,2023-01-12,8563
2609,陽明,21,5,16,新光-新竹,2023-01-12,8563
3704,合勤控,48,32,16,新光-新竹,2023-01-12,8563
2049,上銀,16,0,16,新光-新竹,2023-01-12,8563
3693,營邦,20,4,16,新光-新竹,2023-01-12,8563
3037,欣興,39,25,14,新光-新竹,2023-01-12,8563
2474,可成,18,4,14,新光-新竹,2023-01-12,8563
6282,康舒,26,12,14,新光-新竹,2023-01-12,8563
5871,中租-KY,30,17,13,新光-新竹,2023-01-12,8563
00885,富邦越南,15,2,13,新光-新竹,2023-01-12,8563
2812,台中銀,14,1,13,新光-新竹,2023-01-12,8563
1475,業旺,13,0,13,新光-新竹,2023-01-12,8563
2610,華航,19,6,13,新光-新竹,2023-01-12,8563
2009,第一銅,81,68,13,新光-新竹,2023-01-12,8563
6609,瀧澤科,37,24,13,新光-新竹,2023-01-12,8563
00893,國泰智能電動車,15,2,13,新光-新竹,2023-01-12,8563
2890,永豐金,112,99,13,新光-新竹,2023-01-12,8563
00632R,元大台灣50反1,552,441,111,新光-新竹,2023-01-13,8563
00676R,富邦臺灣加權反1,100,10,90,新光-新竹,2023-01-13,8563
1101,台泥,160,94,66,新光-新竹,2023-01-13,8563
1309,台達化,65,0,65,新光-新竹,2023-01-13,8563
00683L,期元大美元指正2,43,0,43,新光-新竹,2023-01-13,8563
1605,華新,63,21,42,新光-新竹,2023-01-13,8563
2889,國票金,53,13,40,新光-新竹,2023-01-13,8563
2641,正德,36,0,36,新光-新竹,2023-01-13,8563
4907,富宇,34,0,34,新光-新竹,2023-01-13,8563
00878,國泰永續高股息,84,51,33,新光-新竹,2023-01-13,8563
2344,華邦電,33,1,32,新光-新竹,2023-01-13,8563
1314,中石化,30,0,30,新光-新竹,2023-01-13,8563
00673R,期元大S＆P原油反1,30,0,30,新光-新竹,2023-01-13,8563
00921,兆豐龍頭等權重,30,0,30,新光-新竹,2023-01-13,8563
2368,金像電,34,7,27,新光-新竹,2023-01-13,8563
6446,藥華藥,34,7,27,新光-新竹,2023-01-13,8563
2748,雲品,30,4,26,新光-新竹,2023-01-13,8563
00772B,中信高評級公司債,35,9,26,新光-新竹,2023-01-13,8563
00900,富邦特選高股息30,34,10,24,新光-新竹,2023-01-13,8563
2892,第一金,23,0,23,新光-新竹,2023-01-13,8563
2409,友達,49,26,23,新光-新竹,2023-01-13,8563
5871,中租-KY,39,16,23,新光-新竹,2023-01-13,8563
00893,國泰智能電動車,37,16,21,新光-新竹,2023-01-13,8563
2468,華經,48,28,20,新光-新竹,2023-01-13,8563
1515,力山,20,0,20,新光-新竹,2023-01-13,8563
2498,宏達電,65,46,19,新光-新竹,2023-01-13,8563
00888,永豐台灣ESG,20,2,18,新光-新竹,2023-01-13,8563
2009,第一銅,35,17,18,新光-新竹,2023-01-13,8563
1584,精剛,28,11,17,新光-新竹,2023-01-13,8563
8064,東捷,18,2,16,新光-新竹,2023-01-13,8563
6245,立端,43,28,15,新光-新竹,2023-01-13,8563
00671R,富邦NASDAQ反1,15,0,15,新光-新竹,2023-01-13,8563
6143,振曜,15,0,15,新光-新竹,2023-01-13,8563
3479,安勤,18,3,15,新光-新竹,2023-01-13,8563
6288,聯嘉,15,0,15,新光-新竹,2023-01-13,8563
2455,全新,26,11,15,新光-新竹,2023-01-13,8563
6118,建達,17,3,14,新光-新竹,2023-01-13,8563
6770,力積電,101,87,14,新光-新竹,2023-01-13,8563
1905,華紙,13,0,13,新光-新竹,2023-01-13,8563
3162,精確,13,0,13,新光-新竹,2023-01-13,8563
00713,元大台灣高息低波,15,3,12,新光-新竹,2023-01-13,8563
5522,遠雄,16,4,12,新光-新竹,2023-01-13,8563
1313,聯成,13,1,12,新光-新竹,2023-01-13,8563
4746,台耀,12,0,12,新光-新竹,2023-01-13,8563
9921,巨大,12,1,11,新光-新竹,2023-01-13,8563
6603,富強鑫,11,0,11,新光-新竹,2023-01-13,8563
2458,義隆,11,0,11,新光-新竹,2023-01-13,8563
2884,玉山金,16,6,10,新光-新竹,2023-01-13,8563
2442,新美齊,10,0,10,新光-新竹,2023-01-13,8563
6248,沛波,10,0,10,新光-新竹,2023-01-13,8563
00632R,元大台灣50反1,730,326,404,新光-新竹,2023-01-16,8563
00878,國泰永續高股息,288,116,172,新光-新竹,2023-01-16,8563
2884,玉山金,188,28,160,新光-新竹,2023-01-16,8563
00772B,中信高評級公司債,140,3,137,新光-新竹,2023-01-16,8563
00673R,期元大S＆P原油反1,149,15,134,新光-新竹,2023-01-16,8563
00680L,元大美債20正2,76,0,76,新光-新竹,2023-01-16,8563
00720B,元大投資級公司債,98,28,70,新光-新竹,2023-01-16,8563
3479,安勤,70,3,67,新光-新竹,2023-01-16,8563
00679B,元大美債20年,68,2,66,新光-新竹,2023-01-16,8563
6142,友勁,48,0,48,新光-新竹,2023-01-16,8563
2610,華航,54,7,47,新光-新竹,2023-01-16,8563
4106,雃博,45,0,45,新光-新竹,2023-01-16,8563
1313,聯成,45,2,43,新光-新竹,2023-01-16,8563
00900,富邦特選高股息30,43,1,42,新光-新竹,2023-01-16,8563
3227,原相,38,1,37,新光-新竹,2023-01-16,8563
2618,長榮航,70,34,36,新光-新竹,2023-01-16,8563
3704,合勤控,36,2,34,新光-新竹,2023-01-16,8563
2609,陽明,50,21,29,新光-新竹,2023-01-16,8563
6214,精誠,27,0,27,新光-新竹,2023-01-16,8563
2317,鴻海,55,28,27,新光-新竹,2023-01-16,8563
00669R,國泰美國道瓊反1,25,0,25,新光-新竹,2023-01-16,8563
2812,台中銀,24,0,24,新光-新竹,2023-01-16,8563
3528,安馳,25,2,23,新光-新竹,2023-01-16,8563
2530,華建,21,1,20,新光-新竹,2023-01-16,8563
8110,華東,20,0,20,新光-新竹,2023-01-16,8563
3013,晟銘電,25,5,20,新光-新竹,2023-01-16,8563
2303,聯電,59,40,19,新光-新竹,2023-01-16,8563
00751B,元大AAA至A公司債,19,0,19,新光-新竹,2023-01-16,8563
3680,家登,24,6,18,新光-新竹,2023-01-16,8563
2388,威盛,19,3,16,新光-新竹,2023-01-16,8563
2633,台灣高鐵,39,23,16,新光-新竹,2023-01-16,8563
1909,榮成,16,0,16,新光-新竹,2023-01-16,8563
00885,富邦越南,20,5,15,新光-新竹,2023-01-16,8563
3715,定穎投控,15,0,15,新光-新竹,2023-01-16,8563
00687B,國泰20年美債,15,0,15,新光-新竹,2023-01-16,8563
1234,黑松,14,0,14,新光-新竹,2023-01-16,8563
8411,福貞-KY,14,0,14,新光-新竹,2023-01-16,8563
6446,藥華藥,14,0,14,新光-新竹,2023-01-16,8563
1785,光洋科,13,0,13,新光-新竹,2023-01-16,8563
6143,振曜,13,0,13,新光-新竹,2023-01-16,8563
00882,中信中國高股息,83,70,13,新光-新竹,2023-01-16,8563
2465,麗臺,77,65,12,新光-新竹,2023-01-16,8563
3713,新晶投控,12,0,12,新光-新竹,2023-01-16,8563
6414,樺漢,12,0,12,新光-新竹,2023-01-16,8563
4763,材料-KY,126,115,11,新光-新竹,2023-01-16,8563
1795,美時,23,12,11,新光-新竹,2023-01-16,8563
2834,臺企銀,44,33,11,新光-新竹,2023-01-16,8563
2489,瑞軒,10,0,10,新光-新竹,2023-01-16,8563
1519,華城,19,9,10,新光-新竹,2023-01-16,8563
8926,台汽電,10,0,10,新光-新竹,2023-01-16,8563
00665L,富邦�琤肭磪囓�2,140,0,140,新光-新竹,2023-01-17,8563
00882,中信中國高股息,148,52,96,新光-新竹,2023-01-17,8563
4707,磐亞,94,0,94,新光-新竹,2023-01-17,8563
6142,友勁,90,0,90,新光-新竹,2023-01-17,8563
2812,台中銀,84,2,82,新光-新竹,2023-01-17,8563
3481,群創,137,55,82,新光-新竹,2023-01-17,8563
00720B,元大投資級公司債,111,33,78,新光-新竹,2023-01-17,8563
2317,鴻海,89,14,75,新光-新竹,2023-01-17,8563
6214,精誠,62,0,62,新光-新竹,2023-01-17,8563
00772B,中信高評級公司債,130,68,62,新光-新竹,2023-01-17,8563
00676R,富邦臺灣加權反1,60,0,60,新光-新竹,2023-01-17,8563
8069,元太,83,33,50,新光-新竹,2023-01-17,8563
00706L,期元大S＆P日圓正2,45,2,43,新光-新竹,2023-01-17,8563
00680L,元大美債20正2,40,0,40,新光-新竹,2023-01-17,8563
1701,中化,35,0,35,新光-新竹,2023-01-17,8563
2495,普安,35,0,35,新光-新竹,2023-01-17,8563
00773B,中信優先金融債,32,0,32,新光-新竹,2023-01-17,8563
5880,合庫金,32,0,32,新光-新竹,2023-01-17,8563
00900,富邦特選高股息30,34,2,32,新光-新竹,2023-01-17,8563
2891,中信金,30,2,28,新光-新竹,2023-01-17,8563
4979,華星光,90,64,26,新光-新竹,2023-01-17,8563
2845,遠東銀,26,1,25,新光-新竹,2023-01-17,8563
2204,中華,30,6,24,新光-新竹,2023-01-17,8563
4763,材料-KY,291,267,24,新光-新竹,2023-01-17,8563
2618,長榮航,69,47,22,新光-新竹,2023-01-17,8563
2610,華航,38,16,22,新光-新竹,2023-01-17,8563
1101,台泥,76,54,22,新光-新竹,2023-01-17,8563
00637L,元大滬深300正2,32,11,21,新光-新竹,2023-01-17,8563
4977,眾達-KY,31,11,20,新光-新竹,2023-01-17,8563
3715,定穎投控,20,0,20,新光-新竹,2023-01-17,8563
5905,南仁湖,20,0,20,新光-新竹,2023-01-17,8563
9103,美德醫療-DR,21,1,20,新光-新竹,2023-01-17,8563
2489,瑞軒,20,0,20,新光-新竹,2023-01-17,8563
2880,華南金,19,0,19,新光-新竹,2023-01-17,8563
2313,華通,24,6,18,新光-新竹,2023-01-17,8563
8411,福貞-KY,18,0,18,新光-新竹,2023-01-17,8563
2201,裕隆,159,142,17,新光-新竹,2023-01-17,8563
6143,振曜,16,0,16,新光-新竹,2023-01-17,8563
00751B,元大AAA至A公司債,15,0,15,新光-新竹,2023-01-17,8563
6104,創惟,15,1,14,新光-新竹,2023-01-17,8563
1316,上曜,14,0,14,新光-新竹,2023-01-17,8563
2851,中再保,16,3,13,新光-新竹,2023-01-17,8563
3443,創意,41,28,13,新光-新竹,2023-01-17,8563
0050,元大台灣50,27,14,13,新光-新竹,2023-01-17,8563
00653L,富邦印度正2,12,0,12,新光-新竹,2023-01-17,8563
4402,郡都開發,12,0,12,新光-新竹,2023-01-17,8563
6274,台燿,15,3,12,新光-新竹,2023-01-17,8563
2881,富邦金,17,6,11,新光-新竹,2023-01-17,8563
2027,大成鋼,13,3,10,新光-新竹,2023-01-17,8563
2867,三商壽,10,0,10,新光-新竹,2023-01-17,8563
00632R,元大台灣50反1,749,116,633,新光-新竹,2023-01-30,8563
2812,台中銀,266,4,262,新光-新竹,2023-01-30,8563
0056,元大高股息,284,105,179,新光-新竹,2023-01-30,8563
2317,鴻海,184,30,154,新光-新竹,2023-01-30,8563
00679B,元大美債20年,159,13,146,新光-新竹,2023-01-30,8563
2834,臺企銀,138,8,130,新光-新竹,2023-01-30,8563
00772B,中信高評級公司債,112,4,108,新光-新竹,2023-01-30,8563
00878,國泰永續高股息,635,530,105,新光-新竹,2023-01-30,8563
2313,華通,99,22,77,新光-新竹,2023-01-30,8563
4707,磐亞,70,0,70,新光-新竹,2023-01-30,8563
4102,永日,64,3,61,新光-新竹,2023-01-30,8563
00683L,期元大美元指正2,60,0,60,新光-新竹,2023-01-30,8563
00720B,元大投資級公司債,76,20,56,新光-新竹,2023-01-30,8563
2883B,凱基金乙特,52,0,52,新光-新竹,2023-01-30,8563
2371,大同,50,9,41,新光-新竹,2023-01-30,8563
00671R,富邦NASDAQ反1,40,0,40,新光-新竹,2023-01-30,8563
2892,第一金,39,6,33,新光-新竹,2023-01-30,8563
1519,華城,100,68,32,新光-新竹,2023-01-30,8563
00676R,富邦臺灣加權反1,39,11,28,新光-新竹,2023-01-30,8563
1513,中興電,56,29,27,新光-新竹,2023-01-30,8563
4104,佳醫,28,2,26,新光-新竹,2023-01-30,8563
2027,大成鋼,33,8,25,新光-新竹,2023-01-30,8563
5284,jpp-KY,28,3,25,新光-新竹,2023-01-30,8563
8069,元太,60,37,23,新光-新竹,2023-01-30,8563
9945,潤泰新,27,4,23,新光-新竹,2023-01-30,8563
2603,長榮,36,14,22,新光-新竹,2023-01-30,8563
00719B,元大美債1-3,22,0,22,新光-新竹,2023-01-30,8563
2867,三商壽,21,0,21,新光-新竹,2023-01-30,8563
3576,聯合再生,22,1,21,新光-新竹,2023-01-30,8563
00761B,國泰A級公司債,20,0,20,新光-新竹,2023-01-30,8563
1304,台聚,20,0,20,新光-新竹,2023-01-30,8563
00713,元大台灣高息低波,31,11,20,新光-新竹,2023-01-30,8563
2641,正德,22,4,18,新光-新竹,2023-01-30,8563
4971,IET-KY,18,0,18,新光-新竹,2023-01-30,8563
3443,創意,64,46,18,新光-新竹,2023-01-30,8563
2615,萬海,25,7,18,新光-新竹,2023-01-30,8563
00905,FT臺灣Smart,17,0,17,新光-新竹,2023-01-30,8563
8064,東捷,17,0,17,新光-新竹,2023-01-30,8563
00751B,元大AAA至A公司債,16,0,16,新光-新竹,2023-01-30,8563
5905,南仁湖,18,2,16,新光-新竹,2023-01-30,8563
1301,台塑,20,4,16,新光-新竹,2023-01-30,8563
1216,統一,16,1,15,新光-新竹,2023-01-30,8563
2356,英業達,16,1,15,新光-新竹,2023-01-30,8563
00641R,富邦日本反1,15,0,15,新光-新竹,2023-01-30,8563
2358,廷鑫,20,5,15,新光-新竹,2023-01-30,8563
6180,橘子,42,27,15,新光-新竹,2023-01-30,8563
2609,陽明,46,32,14,新光-新竹,2023-01-30,8563
8028,昇陽半導體,14,0,14,新光-新竹,2023-01-30,8563
4931,新盛力,17,3,14,新光-新竹,2023-01-30,8563
3552,同致,21,7,14,新光-新竹,2023-01-30,8563
00679B,元大美債20年,624,6,618,新光-新竹,2023-01-31,8563
2890,永豐金,666,289,377,新光-新竹,2023-01-31,8563
00878,國泰永續高股息,300,103,197,新光-新竹,2023-01-31,8563
00632R,元大台灣50反1,238,66,172,新光-新竹,2023-01-31,8563
6282,康舒,320,160,160,新光-新竹,2023-01-31,8563
00665L,富邦�琤肭磪囓�2,130,0,130,新光-新竹,2023-01-31,8563
2892,第一金,128,1,127,新光-新竹,2023-01-31,8563
00720B,元大投資級公司債,198,76,122,新光-新竹,2023-01-31,8563
00882,中信中國高股息,119,1,118,新光-新竹,2023-01-31,8563
00905,FT臺灣Smart,100,0,100,新光-新竹,2023-01-31,8563
00772B,中信高評級公司債,83,0,83,新光-新竹,2023-01-31,8563
00885,富邦越南,91,10,81,新光-新竹,2023-01-31,8563
3260,威剛,125,50,75,新光-新竹,2023-01-31,8563
00680L,元大美債20正2,69,2,67,新光-新竹,2023-01-31,8563
5871,中租-KY,69,12,57,新光-新竹,2023-01-31,8563
5425,台半,83,30,53,新光-新竹,2023-01-31,8563
3537,堡達,52,0,52,新光-新竹,2023-01-31,8563
00683L,期元大美元指正2,50,0,50,新光-新竹,2023-01-31,8563
2458,義隆,50,0,50,新光-新竹,2023-01-31,8563
1701,中化,53,3,50,新光-新竹,2023-01-31,8563
2834,臺企銀,47,0,47,新光-新竹,2023-01-31,8563
6116,彩晶,51,4,47,新光-新竹,2023-01-31,8563
4743,合一,82,36,46,新光-新竹,2023-01-31,8563
00715L,期街口布蘭特正2,62,20,42,新光-新竹,2023-01-31,8563
00671R,富邦NASDAQ反1,36,0,36,新光-新竹,2023-01-31,8563
4130,健亞,35,0,35,新光-新竹,2023-01-31,8563
2748,雲品,33,0,33,新光-新竹,2023-01-31,8563
00751B,元大AAA至A公司債,32,0,32,新光-新竹,2023-01-31,8563
4707,磐亞,31,0,31,新光-新竹,2023-01-31,8563
2444,兆勁,30,0,30,新光-新竹,2023-01-31,8563
2330,台積電,60,31,29,新光-新竹,2023-01-31,8563
3481,群創,90,61,29,新光-新竹,2023-01-31,8563
2883,凱基金,32,4,28,新光-新竹,2023-01-31,8563
4768,晶呈科技,32,5,27,新光-新竹,2023-01-31,8563
2105,正新,27,2,25,新光-新竹,2023-01-31,8563
2412,中華電,25,1,24,新光-新竹,2023-01-31,8563
006208,富邦台50,26,2,24,新光-新竹,2023-01-31,8563
0050,元大台灣50,38,15,23,新光-新竹,2023-01-31,8563
2482,連宇,66,43,23,新光-新竹,2023-01-31,8563
1309,台達化,23,1,22,新光-新竹,2023-01-31,8563
00650L,復華香港正2,42,20,22,新光-新竹,2023-01-31,8563
2884,玉山金,29,7,22,新光-新竹,2023-01-31,8563
00637L,元大滬深300正2,44,23,21,新光-新竹,2023-01-31,8563
1524,耿鼎,23,2,21,新光-新竹,2023-01-31,8563
020034,元大IC設計N,20,0,20,新光-新竹,2023-01-31,8563
2474,可成,20,0,20,新光-新竹,2023-01-31,8563
2002,中鋼,21,1,20,新光-新竹,2023-01-31,8563
1101B,台泥乙特,19,0,19,新光-新竹,2023-01-31,8563
2034,允強,20,2,18,新光-新竹,2023-01-31,8563
6202,盛群,20,2,18,新光-新竹,2023-01-31,8563
2888,新光金,301,1,300,新光-新竹,2023-02-01,8563
00679B,元大美債20年,149,0,149,新光-新竹,2023-02-01,8563
2610,華航,241,121,120,新光-新竹,2023-02-01,8563
2609,陽明,105,17,88,新光-新竹,2023-02-01,8563
9904,寶成,98,17,81,新光-新竹,2023-02-01,8563
2618,長榮航,317,261,56,新光-新竹,2023-02-01,8563
2317,鴻海,69,13,56,新光-新竹,2023-02-01,8563
912000,晨訊科-DR,50,0,50,新光-新竹,2023-02-01,8563
3707,漢磊,53,5,48,新光-新竹,2023-02-01,8563
00905,FT臺灣Smart,67,20,47,新光-新竹,2023-02-01,8563
3537,堡達,46,2,44,新光-新竹,2023-02-01,8563
2892,第一金,43,0,43,新光-新竹,2023-02-01,8563
00907,永豐優息存股,37,0,37,新光-新竹,2023-02-01,8563
00878,國泰永續高股息,73,37,36,新光-新竹,2023-02-01,8563
2723,美食-KY,39,4,35,新光-新竹,2023-02-01,8563
2002,中鋼,51,17,34,新光-新竹,2023-02-01,8563
00893,國泰智能電動車,68,35,33,新光-新竹,2023-02-01,8563
2028,威致,59,26,33,新光-新竹,2023-02-01,8563
2465,麗臺,61,31,30,新光-新竹,2023-02-01,8563
00637L,元大滬深300正2,32,2,30,新光-新竹,2023-02-01,8563
00772B,中信高評級公司債,32,2,30,新光-新竹,2023-02-01,8563
2884,玉山金,29,2,27,新光-新竹,2023-02-01,8563
2358,廷鑫,31,4,27,新光-新竹,2023-02-01,8563
2380,虹光,26,0,26,新光-新竹,2023-02-01,8563
2891,中信金,35,12,23,新光-新竹,2023-02-01,8563
3141,晶宏,31,8,23,新光-新竹,2023-02-01,8563
1909,榮成,36,13,23,新光-新竹,2023-02-01,8563
1519,華城,25,3,22,新光-新竹,2023-02-01,8563
3221,台嘉碩,20,0,20,新光-新竹,2023-02-01,8563
3128,昇銳,20,0,20,新光-新竹,2023-02-01,8563
00676R,富邦臺灣加權反1,25,5,20,新光-新竹,2023-02-01,8563
0056,元大高股息,39,20,19,新光-新竹,2023-02-01,8563
6485,點序,20,1,19,新光-新竹,2023-02-01,8563
1599,宏佳騰,20,1,19,新光-新竹,2023-02-01,8563
2009,第一銅,68,49,19,新光-新竹,2023-02-01,8563
4130,健亞,25,6,19,新光-新竹,2023-02-01,8563
6806,森崴能源,25,6,19,新光-新竹,2023-02-01,8563
2495,普安,18,0,18,新光-新竹,2023-02-01,8563
2641,正德,35,18,17,新光-新竹,2023-02-01,8563
4979,華星光,229,212,17,新光-新竹,2023-02-01,8563
1513,中興電,52,35,17,新光-新竹,2023-02-01,8563
2881,富邦金,25,9,16,新光-新竹,2023-02-01,8563
5309,系統電,23,7,16,新光-新竹,2023-02-01,8563
4167,松瑞藥,19,3,16,新光-新竹,2023-02-01,8563
4961,天鈺,18,2,16,新光-新竹,2023-02-01,8563
00632R,元大台灣50反1,65,50,15,新光-新竹,2023-02-01,8563
6202,盛群,27,12,15,新光-新竹,2023-02-01,8563
1529,樂事綠能,18,3,15,新光-新竹,2023-02-01,8563
00664R,國泰臺灣加權反1,15,0,15,新光-新竹,2023-02-01,8563
3224,三顧,15,0,15,新光-新竹,2023-02-01,8563
00632R,元大台灣50反1,1095,394,701,新光-新竹,2023-02-02,8563
00679B,元大美債20年,382,7,375,新光-新竹,2023-02-02,8563
00878,國泰永續高股息,304,47,257,新光-新竹,2023-02-02,8563
00680L,元大美債20正2,325,120,205,新光-新竹,2023-02-02,8563
8411,福貞-KY,128,1,127,新光-新竹,2023-02-02,8563
00715L,期街口布蘭特正2,160,35,125,新光-新竹,2023-02-02,8563
2313,華通,104,14,90,新光-新竹,2023-02-02,8563
2892,第一金,78,3,75,新光-新竹,2023-02-02,8563
00882,中信中國高股息,76,11,65,新光-新竹,2023-02-02,8563
2352,佳世達,55,2,53,新光-新竹,2023-02-02,8563
00664R,國泰臺灣加權反1,55,5,50,新光-新竹,2023-02-02,8563
2891,中信金,52,5,47,新光-新竹,2023-02-02,8563
0056,元大高股息,97,52,45,新光-新竹,2023-02-02,8563
5351,鈺創,84,40,44,新光-新竹,2023-02-02,8563
4130,健亞,48,5,43,新光-新竹,2023-02-02,8563
2317,鴻海,66,26,40,新光-新竹,2023-02-02,8563
1789,神隆,39,0,39,新光-新竹,2023-02-02,8563
1524,耿鼎,62,27,35,新光-新竹,2023-02-02,8563
5243,乙盛-KY,34,1,33,新光-新竹,2023-02-02,8563
2834,臺企銀,30,0,30,新光-新竹,2023-02-02,8563
2906,高林,29,0,29,新光-新竹,2023-02-02,8563
4912,聯德控股-KY,28,0,28,新光-新竹,2023-02-02,8563
00725B,國泰投資級公司債,27,0,27,新光-新竹,2023-02-02,8563
1432,大魯閣,27,0,27,新光-新竹,2023-02-02,8563
3537,堡達,27,1,26,新光-新竹,2023-02-02,8563
2547,日勝生,24,0,24,新光-新竹,2023-02-02,8563
2201,裕隆,329,305,24,新光-新竹,2023-02-02,8563
2027,大成鋼,32,9,23,新光-新竹,2023-02-02,8563
2634,漢翔,22,0,22,新光-新竹,2023-02-02,8563
00772B,中信高評級公司債,25,3,22,新光-新竹,2023-02-02,8563
3294,英濟,21,0,21,新光-新竹,2023-02-02,8563
2727,王品,101,80,21,新光-新竹,2023-02-02,8563
00885,富邦越南,41,20,21,新光-新竹,2023-02-02,8563
6196,帆宣,24,4,20,新光-新竹,2023-02-02,8563
2884,玉山金,20,0,20,新光-新竹,2023-02-02,8563
00907,永豐優息存股,20,1,19,新光-新竹,2023-02-02,8563
3504,揚明光,39,21,18,新光-新竹,2023-02-02,8563
2338,光罩,38,21,17,新光-新竹,2023-02-02,8563
2929,淘帝-KY,33,16,17,新光-新竹,2023-02-02,8563
8050,廣積,17,0,17,新光-新竹,2023-02-02,8563
1609,大亞,26,10,16,新光-新竹,2023-02-02,8563
2457,飛宏,16,0,16,新光-新竹,2023-02-02,8563
3227,原相,19,3,16,新光-新竹,2023-02-02,8563
00650L,復華香港正2,14,0,14,新光-新竹,2023-02-02,8563
6806,森崴能源,14,0,14,新光-新竹,2023-02-02,8563
2002,中鋼,24,11,13,新光-新竹,2023-02-02,8563
2028,威致,29,16,13,新光-新竹,2023-02-02,8563
1810,和成,145,132,13,新光-新竹,2023-02-02,8563
4931,新盛力,16,4,12,新光-新竹,2023-02-02,8563
8086,宏捷科,12,0,12,新光-新竹,2023-02-02,8563
00632R,元大台灣50反1,376,130,246,新光-新竹,2023-02-03,8563
00882,中信中國高股息,278,34,244,新光-新竹,2023-02-03,8563
00878,國泰永續高股息,227,17,210,新光-新竹,2023-02-03,8563
2317,鴻海,167,0,167,新光-新竹,2023-02-03,8563
00715L,期街口布蘭特正2,174,15,159,新光-新竹,2023-02-03,8563
00680L,元大美債20正2,353,202,151,新光-新竹,2023-02-03,8563
2409,友達,140,8,132,新光-新竹,2023-02-03,8563
6548,長科*,115,5,110,新光-新竹,2023-02-03,8563
2371,大同,115,6,109,新光-新竹,2023-02-03,8563
2329,華泰,106,0,106,新光-新竹,2023-02-03,8563
3260,威剛,192,87,105,新光-新竹,2023-02-03,8563
00671R,富邦NASDAQ反1,106,10,96,新光-新竹,2023-02-03,8563
3710,連展投控,93,1,92,新光-新竹,2023-02-03,8563
2618,長榮航,211,126,85,新光-新竹,2023-02-03,8563
00637L,元大滬深300正2,140,57,83,新光-新竹,2023-02-03,8563
2344,華邦電,87,34,53,新光-新竹,2023-02-03,8563
00676R,富邦臺灣加權反1,52,0,52,新光-新竹,2023-02-03,8563
3290,東浦,50,0,50,新光-新竹,2023-02-03,8563
4114,健喬,47,0,47,新光-新竹,2023-02-03,8563
2641,正德,66,20,46,新光-新竹,2023-02-03,8563
6546,正基,62,18,44,新光-新竹,2023-02-03,8563
00753L,中信中國50正2,47,4,43,新光-新竹,2023-02-03,8563
4130,健亞,43,5,38,新光-新竹,2023-02-03,8563
2358,廷鑫,40,3,37,新光-新竹,2023-02-03,8563
2891,中信金,38,2,36,新光-新竹,2023-02-03,8563
2458,義隆,52,18,34,新光-新竹,2023-02-03,8563
2014,中鴻,34,1,33,新光-新竹,2023-02-03,8563
2731,雄獅,52,19,33,新光-新竹,2023-02-03,8563
00679B,元大美債20年,60,29,31,新光-新竹,2023-02-03,8563
4968,立積,63,33,30,新光-新竹,2023-02-03,8563
00877,復華中國5G,30,0,30,新光-新竹,2023-02-03,8563
5258,虹堡,133,103,30,新光-新竹,2023-02-03,8563
2883,凱基金,35,5,30,新光-新竹,2023-02-03,8563
9105,泰金寶-DR,39,10,29,新光-新竹,2023-02-03,8563
2834,臺企銀,63,35,28,新光-新竹,2023-02-03,8563
4104,佳醫,33,6,27,新光-新竹,2023-02-03,8563
3062,建漢,29,2,27,新光-新竹,2023-02-03,8563
8085,福華,27,0,27,新光-新竹,2023-02-03,8563
2906,高林,35,9,26,新光-新竹,2023-02-03,8563
2027,大成鋼,37,12,25,新光-新竹,2023-02-03,8563
9904,寶成,28,6,22,新光-新竹,2023-02-03,8563
1522,堤維西,22,0,22,新光-新竹,2023-02-03,8563
00674R,期元大S＆P黃金反1,20,0,20,新光-新竹,2023-02-03,8563
6244,茂迪,20,0,20,新光-新竹,2023-02-03,8563
2882,國泰金,26,6,20,新光-新竹,2023-02-03,8563
2455,全新,22,3,19,新光-新竹,2023-02-03,8563
5608,四維航,28,9,19,新光-新竹,2023-02-03,8563
1795,美時,46,28,18,新光-新竹,2023-02-03,8563
2614,東森,21,3,18,新光-新竹,2023-02-03,8563
2609,陽明,99,82,17,新光-新竹,2023-02-03,8563
00679B,元大美債20年,427,8,419,新光-新竹,2023-02-06,8563
00878,國泰永續高股息,391,35,356,新光-新竹,2023-02-06,8563
00680L,元大美債20正2,304,0,304,新光-新竹,2023-02-06,8563
1313,聯成,300,4,296,新光-新竹,2023-02-06,8563
00637L,元大滬深300正2,200,9,191,新光-新竹,2023-02-06,8563
00632R,元大台灣50反1,241,67,174,新光-新竹,2023-02-06,8563
6235,華孚,347,185,162,新光-新竹,2023-02-06,8563
00882,中信中國高股息,134,26,108,新光-新竹,2023-02-06,8563
2890,永豐金,217,128,89,新光-新竹,2023-02-06,8563
2891,中信金,76,2,74,新光-新竹,2023-02-06,8563
00712,復華富時不動產,110,36,74,新光-新竹,2023-02-06,8563
00715L,期街口布蘭特正2,131,59,72,新光-新竹,2023-02-06,8563
00675L,富邦臺灣加權正2,79,9,70,新光-新竹,2023-02-06,8563
9904,寶成,80,14,66,新光-新竹,2023-02-06,8563
00720B,元大投資級公司債,89,36,53,新光-新竹,2023-02-06,8563
00772B,中信高評級公司債,52,0,52,新光-新竹,2023-02-06,8563
8105,凌巨,56,4,52,新光-新竹,2023-02-06,8563
2344,華邦電,86,39,47,新光-新竹,2023-02-06,8563
00753L,中信中國50正2,41,0,41,新光-新竹,2023-02-06,8563
2489,瑞軒,40,0,40,新光-新竹,2023-02-06,8563
2883B,凱基金乙特,38,0,38,新光-新竹,2023-02-06,8563
3260,威剛,58,21,37,新光-新竹,2023-02-06,8563
00706L,期元大S＆P日圓正2,35,0,35,新光-新竹,2023-02-06,8563
2884,玉山金,41,8,33,新光-新竹,2023-02-06,8563
00642U,期元大S＆P石油,34,1,33,新光-新竹,2023-02-06,8563
2002,中鋼,45,13,32,新光-新竹,2023-02-06,8563
3141,晶宏,38,8,30,新光-新竹,2023-02-06,8563
00751B,元大AAA至A公司債,29,0,29,新光-新竹,2023-02-06,8563
00713,元大台灣高息低波,25,0,25,新光-新竹,2023-02-06,8563
3035,智原,96,71,25,新光-新竹,2023-02-06,8563
3189,景碩,48,23,25,新光-新竹,2023-02-06,8563
2534,宏盛,25,0,25,新光-新竹,2023-02-06,8563
2834,臺企銀,62,40,22,新光-新竹,2023-02-06,8563
2882A,國泰特,21,0,21,新光-新竹,2023-02-06,8563
2430,燦坤,21,0,21,新光-新竹,2023-02-06,8563
1522,堤維西,21,1,20,新光-新竹,2023-02-06,8563
2501,國建,20,0,20,新光-新竹,2023-02-06,8563
3162,精確,20,0,20,新光-新竹,2023-02-06,8563
00683L,期元大美元指正2,20,0,20,新光-新竹,2023-02-06,8563
4123,晟德,20,0,20,新光-新竹,2023-02-06,8563
1721,三晃,19,0,19,新光-新竹,2023-02-06,8563
8043,蜜望實,21,2,19,新光-新竹,2023-02-06,8563
00762,元大全球AI,18,0,18,新光-新竹,2023-02-06,8563
00669R,國泰美國道瓊反1,18,0,18,新光-新竹,2023-02-06,8563
8085,福華,17,0,17,新光-新竹,2023-02-06,8563
3322,建舜電,19,2,17,新光-新竹,2023-02-06,8563
1784,訊聯,19,2,17,新光-新竹,2023-02-06,8563
006208,富邦台50,20,4,16,新光-新竹,2023-02-06,8563
2880,華南金,16,0,16,新光-新竹,2023-02-06,8563
2886,兆豐金,17,1,16,新光-新竹,2023-02-06,8563
00679B,元大美債20年,522,35,487,新光-新竹,2023-02-07,8563
00712,復華富時不動產,244,42,202,新光-新竹,2023-02-07,8563
6282,康舒,457,299,158,新光-新竹,2023-02-07,8563
00878,國泰永續高股息,154,26,128,新光-新竹,2023-02-07,8563
00680L,元大美債20正2,124,0,124,新光-新竹,2023-02-07,8563
4114,健喬,115,28,87,新光-新竹,2023-02-07,8563
00720B,元大投資級公司債,121,37,84,新光-新竹,2023-02-07,8563
2883B,凱基金乙特,80,0,80,新光-新竹,2023-02-07,8563
020034,元大IC設計N,70,0,70,新光-新竹,2023-02-07,8563
5309,系統電,96,45,51,新光-新竹,2023-02-07,8563
2498,宏達電,154,106,48,新光-新竹,2023-02-07,8563
2368,金像電,48,2,46,新光-新竹,2023-02-07,8563
00650L,復華香港正2,45,0,45,新光-新竹,2023-02-07,8563
0056,元大高股息,49,7,42,新光-新竹,2023-02-07,8563
2465,麗臺,57,18,39,新光-新竹,2023-02-07,8563
00772B,中信高評級公司債,41,3,38,新光-新竹,2023-02-07,8563
00751B,元大AAA至A公司債,38,0,38,新光-新竹,2023-02-07,8563
2344,華邦電,38,1,37,新光-新竹,2023-02-07,8563
2618,長榮航,86,51,35,新光-新竹,2023-02-07,8563
00892,富邦台灣半導體,33,0,33,新光-新竹,2023-02-07,8563
4130,健亞,41,10,31,新光-新竹,2023-02-07,8563
1721,三晃,32,1,31,新光-新竹,2023-02-07,8563
2534,宏盛,28,0,28,新光-新竹,2023-02-07,8563
2891,中信金,26,0,26,新光-新竹,2023-02-07,8563
2884,玉山金,25,1,24,新光-新竹,2023-02-07,8563
2888,新光金,25,1,24,新光-新竹,2023-02-07,8563
9904,寶成,26,2,24,新光-新竹,2023-02-07,8563
2501,國建,23,0,23,新光-新竹,2023-02-07,8563
00885,富邦越南,22,0,22,新光-新竹,2023-02-07,8563
6118,建達,32,10,22,新光-新竹,2023-02-07,8563
00664R,國泰臺灣加權反1,22,0,22,新光-新竹,2023-02-07,8563
9945,潤泰新,22,1,21,新光-新竹,2023-02-07,8563
00893,國泰智能電動車,30,9,21,新光-新竹,2023-02-07,8563
3128,昇銳,20,0,20,新光-新竹,2023-02-07,8563
2352,佳世達,20,0,20,新光-新竹,2023-02-07,8563
3705,永信,22,2,20,新光-新竹,2023-02-07,8563
6235,華孚,208,190,18,新光-新竹,2023-02-07,8563
00715L,期街口布蘭特正2,238,220,18,新光-新竹,2023-02-07,8563
3479,安勤,17,1,16,新光-新竹,2023-02-07,8563
6830,汎銓,16,0,16,新光-新竹,2023-02-07,8563
00753L,中信中國50正2,16,1,15,新光-新竹,2023-02-07,8563
4129,聯合,18,3,15,新光-新竹,2023-02-07,8563
2489,瑞軒,15,0,15,新光-新竹,2023-02-07,8563
2201,裕隆,40,26,14,新光-新竹,2023-02-07,8563
8085,福華,14,0,14,新光-新竹,2023-02-07,8563
00642U,期元大S＆P石油,19,5,14,新光-新竹,2023-02-07,8563
1701,中化,18,4,14,新光-新竹,2023-02-07,8563
1605,華新,97,84,13,新光-新竹,2023-02-07,8563
2313,華通,16,3,13,新光-新竹,2023-02-07,8563
3093,港建*,13,0,13,新光-新竹,2023-02-07,8563
00679B,元大美債20年,506,0,506,新光-新竹,2023-02-08,8563
3481,群創,1108,788,320,新光-新竹,2023-02-08,8563
00632R,元大台灣50反1,439,121,318,新光-新竹,2023-02-08,8563
00720B,元大投資級公司債,248,23,225,新光-新竹,2023-02-08,8563
00680L,元大美債20正2,180,1,179,新光-新竹,2023-02-08,8563
2409,友達,328,161,167,新光-新竹,2023-02-08,8563
2883B,凱基金乙特,111,0,111,新光-新竹,2023-02-08,8563
2884,玉山金,96,11,85,新光-新竹,2023-02-08,8563
4958,臻鼎-KY,87,2,85,新光-新竹,2023-02-08,8563
2890,永豐金,185,108,77,新光-新竹,2023-02-08,8563
2618,長榮航,86,22,64,新光-新竹,2023-02-08,8563
8069,元太,159,100,59,新光-新竹,2023-02-08,8563
00671R,富邦NASDAQ反1,100,46,54,新光-新竹,2023-02-08,8563
00772B,中信高評級公司債,53,0,53,新光-新竹,2023-02-08,8563
00664R,國泰臺灣加權反1,53,0,53,新光-新竹,2023-02-08,8563
00878,國泰永續高股息,131,80,51,新光-新竹,2023-02-08,8563
00637L,元大滬深300正2,63,13,50,新光-新竹,2023-02-08,8563
9904,寶成,56,8,48,新光-新竹,2023-02-08,8563
2317,鴻海,61,22,39,新光-新竹,2023-02-08,8563
4961,天鈺,77,40,37,新光-新竹,2023-02-08,8563
1101,台泥,53,18,35,新光-新竹,2023-02-08,8563
4979,華星光,59,27,32,新光-新竹,2023-02-08,8563
00890B,凱基ESG BBB債,29,0,29,新光-新竹,2023-02-08,8563
00882,中信中國高股息,59,31,28,新光-新竹,2023-02-08,8563
5905,南仁湖,26,0,26,新光-新竹,2023-02-08,8563
6799,來頡,32,7,25,新光-新竹,2023-02-08,8563
4128,中天,73,49,24,新光-新竹,2023-02-08,8563
6509,聚和,26,3,23,新光-新竹,2023-02-08,8563
3705,永信,22,0,22,新光-新竹,2023-02-08,8563
00751B,元大AAA至A公司債,24,2,22,新光-新竹,2023-02-08,8563
2482,連宇,25,4,21,新光-新竹,2023-02-08,8563
00907,永豐優息存股,20,0,20,新光-新竹,2023-02-08,8563
2009,第一銅,50,30,20,新光-新竹,2023-02-08,8563
3152,璟德,18,0,18,新光-新竹,2023-02-08,8563
00688L,國泰20年美債正2,31,14,17,新光-新竹,2023-02-08,8563
2388,威盛,31,14,17,新光-新竹,2023-02-08,8563
2449,京元電子,18,1,17,新光-新竹,2023-02-08,8563
6217,中探針,19,3,16,新光-新竹,2023-02-08,8563
00888,永豐台灣ESG,16,0,16,新光-新竹,2023-02-08,8563
2324,仁寶,15,1,14,新光-新竹,2023-02-08,8563
8927,北基,16,2,14,新光-新竹,2023-02-08,8563
2888,新光金,29,15,14,新光-新竹,2023-02-08,8563
00773B,中信優先金融債,13,0,13,新光-新竹,2023-02-08,8563
8086,宏捷科,13,0,13,新光-新竹,2023-02-08,8563
2497,怡利電,16,3,13,新光-新竹,2023-02-08,8563
5009,榮剛,19,6,13,新光-新竹,2023-02-08,8563
2442,新美齊,13,0,13,新光-新竹,2023-02-08,8563
4102,永日,13,1,12,新光-新竹,2023-02-08,8563
6625,必應,34,22,12,新光-新竹,2023-02-08,8563
2498,宏達電,78,66,12,新光-新竹,2023-02-08,8563
00679B,元大美債20年,384,9,375,新光-新竹,2023-02-09,8563
2610,華航,171,1,170,新光-新竹,2023-02-09,8563
2889,國票金,170,8,162,新光-新竹,2023-02-09,8563
00712,復華富時不動產,168,29,139,新光-新竹,2023-02-09,8563
3481,群創,119,12,107,新光-新竹,2023-02-09,8563
00753L,中信中國50正2,94,5,89,新光-新竹,2023-02-09,8563
00675L,富邦臺灣加權正2,89,10,79,新光-新竹,2023-02-09,8563
00680L,元大美債20正2,77,0,77,新光-新竹,2023-02-09,8563
00632R,元大台灣50反1,63,0,63,新光-新竹,2023-02-09,8563
00673R,期元大S＆P原油反1,62,0,62,新光-新竹,2023-02-09,8563
3705,永信,61,0,61,新光-新竹,2023-02-09,8563
00878,國泰永續高股息,132,75,57,新光-新竹,2023-02-09,8563
5425,台半,71,19,52,新光-新竹,2023-02-09,8563
00751B,元大AAA至A公司債,52,0,52,新光-新竹,2023-02-09,8563
00720B,元大投資級公司債,77,27,50,新光-新竹,2023-02-09,8563
6589,台康生技,62,17,45,新光-新竹,2023-02-09,8563
6270,倍微,40,0,40,新光-新竹,2023-02-09,8563
6411,晶焱,38,2,36,新光-新竹,2023-02-09,8563
6182,合晶,45,12,33,新光-新竹,2023-02-09,8563
8150,南茂,32,0,32,新光-新竹,2023-02-09,8563
00772B,中信高評級公司債,30,0,30,新光-新竹,2023-02-09,8563
2883B,凱基金乙特,28,0,28,新光-新竹,2023-02-09,8563
2344,華邦電,66,39,27,新光-新竹,2023-02-09,8563
00903,富邦元宇宙,25,0,25,新光-新竹,2023-02-09,8563
00662,富邦NASDAQ,25,0,25,新光-新竹,2023-02-09,8563
2388,威盛,106,81,25,新光-新竹,2023-02-09,8563
00885,富邦越南,24,0,24,新光-新竹,2023-02-09,8563
00891,中信關鍵半導體,24,1,23,新光-新竹,2023-02-09,8563
1513,中興電,112,89,23,新光-新竹,2023-02-09,8563
2409,友達,97,74,23,新光-新竹,2023-02-09,8563
5351,鈺創,30,8,22,新光-新竹,2023-02-09,8563
2882A,國泰特,21,0,21,新光-新竹,2023-02-09,8563
3703,欣陸,24,3,21,新光-新竹,2023-02-09,8563
6235,華孚,389,369,20,新光-新竹,2023-02-09,8563
2812,台中銀,63,44,19,新光-新竹,2023-02-09,8563
3624,光頡,29,10,19,新光-新竹,2023-02-09,8563
2891,中信金,19,0,19,新光-新竹,2023-02-09,8563
2727,王品,25,6,19,新光-新竹,2023-02-09,8563
1795,美時,78,60,18,新光-新竹,2023-02-09,8563
2888,新光金,29,11,18,新光-新竹,2023-02-09,8563
5309,系統電,53,36,17,新光-新竹,2023-02-09,8563
4968,立積,30,13,17,新光-新竹,2023-02-09,8563
1402,遠東新,17,0,17,新光-新竹,2023-02-09,8563
6128,上福,18,1,17,新光-新竹,2023-02-09,8563
2368,金像電,16,0,16,新光-新竹,2023-02-09,8563
2308,台達電,16,1,15,新光-新竹,2023-02-09,8563
3128,昇銳,65,50,15,新光-新竹,2023-02-09,8563
5475,德宏,16,1,15,新光-新竹,2023-02-09,8563
5222,全訊,15,0,15,新光-新竹,2023-02-09,8563
2615,萬海,21,7,14,新光-新竹,2023-02-09,8563
00720B,元大投資級公司債,318,39,279,新光-新竹,2023-02-10,8563
00679B,元大美債20年,231,7,224,新光-新竹,2023-02-10,8563
00632R,元大台灣50反1,204,7,197,新光-新竹,2023-02-10,8563
00712,復華富時不動產,361,169,192,新光-新竹,2023-02-10,8563
00675L,富邦臺灣加權正2,188,36,152,新光-新竹,2023-02-10,8563
2610,華航,149,8,141,新光-新竹,2023-02-10,8563
1701,中化,147,14,133,新光-新竹,2023-02-10,8563
00680L,元大美債20正2,116,0,116,新光-新竹,2023-02-10,8563
00715L,期街口布蘭特正2,93,1,92,新光-新竹,2023-02-10,8563
1312,國喬,81,5,76,新光-新竹,2023-02-10,8563
2201,裕隆,127,60,67,新光-新竹,2023-02-10,8563
00637L,元大滬深300正2,65,5,60,新光-新竹,2023-02-10,8563
2344,華邦電,60,1,59,新光-新竹,2023-02-10,8563
00772B,中信高評級公司債,54,0,54,新光-新竹,2023-02-10,8563
8299,群聯,53,0,53,新光-新竹,2023-02-10,8563
00751B,元大AAA至A公司債,56,4,52,新光-新竹,2023-02-10,8563
1101,台泥,50,1,49,新光-新竹,2023-02-10,8563
0056,元大高股息,60,16,44,新光-新竹,2023-02-10,8563
2883B,凱基金乙特,43,0,43,新光-新竹,2023-02-10,8563
3705,永信,44,4,40,新光-新竹,2023-02-10,8563
4931,新盛力,119,82,37,新光-新竹,2023-02-10,8563
1721,三晃,35,0,35,新光-新竹,2023-02-10,8563
8358,金居,39,5,34,新光-新竹,2023-02-10,8563
1609,大亞,33,0,33,新光-新竹,2023-02-10,8563
2498,宏達電,119,86,33,新光-新竹,2023-02-10,8563
2449,京元電子,38,5,33,新光-新竹,2023-02-10,8563
4912,聯德控股-KY,31,0,31,新光-新竹,2023-02-10,8563
2453,凌群,63,32,31,新光-新竹,2023-02-10,8563
00773B,中信優先金融債,41,11,30,新光-新竹,2023-02-10,8563
00688L,國泰20年美債正2,30,0,30,新光-新竹,2023-02-10,8563
4907,富宇,29,0,29,新光-新竹,2023-02-10,8563
8069,元太,61,33,28,新光-新竹,2023-02-10,8563
5009,榮剛,71,45,26,新光-新竹,2023-02-10,8563
00655L,國泰中國A50正2,25,0,25,新光-新竹,2023-02-10,8563
4167,松瑞藥,21,0,21,新光-新竹,2023-02-10,8563
3260,威剛,64,43,21,新光-新竹,2023-02-10,8563
6282,康舒,70,49,21,新光-新竹,2023-02-10,8563
3707,漢磊,25,5,20,新光-新竹,2023-02-10,8563
2889,國票金,20,0,20,新光-新竹,2023-02-10,8563
3494,誠研,20,0,20,新光-新竹,2023-02-10,8563
2038,海光,20,0,20,新光-新竹,2023-02-10,8563
2069,運錩,20,0,20,新光-新竹,2023-02-10,8563
1810,和成,91,72,19,新光-新竹,2023-02-10,8563
2929,淘帝-KY,21,3,18,新光-新竹,2023-02-10,8563
2603,長榮,39,21,18,新光-新竹,2023-02-10,8563
00713,元大台灣高息低波,30,12,18,新光-新竹,2023-02-10,8563
9930,中聯資源,16,0,16,新光-新竹,2023-02-10,8563
2002,中鋼,20,5,15,新光-新竹,2023-02-10,8563
00900,富邦特選高股息30,15,0,15,新光-新竹,2023-02-10,8563
3207,耀勝,19,4,15,新光-新竹,2023-02-10,8563
00712,復華富時不動產,266,13,253,新光-新竹,2023-02-13,8563
00878,國泰永續高股息,351,99,252,新光-新竹,2023-02-13,8563
00679B,元大美債20年,209,10,199,新光-新竹,2023-02-13,8563
3260,威剛,146,4,142,新光-新竹,2023-02-13,8563
1417,嘉裕,119,1,118,新光-新竹,2023-02-13,8563
3481,群創,136,23,113,新光-新竹,2023-02-13,8563
00680L,元大美債20正2,161,70,91,新光-新竹,2023-02-13,8563
2610,華航,95,11,84,新光-新竹,2023-02-13,8563
9938,百和,77,9,68,新光-新竹,2023-02-13,8563
00632R,元大台灣50反1,70,7,63,新光-新竹,2023-02-13,8563
00890B,凱基ESG BBB債,62,0,62,新光-新竹,2023-02-13,8563
8409,商之器,60,0,60,新光-新竹,2023-02-13,8563
5371,中光電,63,4,59,新光-新竹,2023-02-13,8563
00720B,元大投資級公司債,103,53,50,新光-新竹,2023-02-13,8563
9958,世紀鋼,46,1,45,新光-新竹,2023-02-13,8563
5222,全訊,49,9,40,新光-新竹,2023-02-13,8563
00772B,中信高評級公司債,38,0,38,新光-新竹,2023-02-13,8563
00751B,元大AAA至A公司債,48,11,37,新光-新竹,2023-02-13,8563
00900,富邦特選高股息30,36,1,35,新光-新竹,2023-02-13,8563
5355,佳總,35,0,35,新光-新竹,2023-02-13,8563
0056,元大高股息,45,12,33,新光-新竹,2023-02-13,8563
4763,材料-KY,54,22,32,新光-新竹,2023-02-13,8563
00673R,期元大S＆P原油反1,31,0,31,新光-新竹,2023-02-13,8563
00688L,國泰20年美債正2,30,0,30,新光-新竹,2023-02-13,8563
2206,三陽工業,35,6,29,新光-新竹,2023-02-13,8563
4979,華星光,43,16,27,新光-新竹,2023-02-13,8563
1721,三晃,26,0,26,新光-新竹,2023-02-13,8563
2449,京元電子,26,1,25,新光-新竹,2023-02-13,8563
1447,力鵬,26,1,25,新光-新竹,2023-02-13,8563
00648R,元大S＆P500反1,25,0,25,新光-新竹,2023-02-13,8563
2888,新光金,30,5,25,新光-新竹,2023-02-13,8563
2851,中再保,25,0,25,新光-新竹,2023-02-13,8563
00753L,中信中國50正2,33,8,25,新光-新竹,2023-02-13,8563
00773B,中信優先金融債,24,0,24,新光-新竹,2023-02-13,8563
2603,長榮,104,81,23,新光-新竹,2023-02-13,8563
1529,樂事綠能,25,2,23,新光-新竹,2023-02-13,8563
3705,永信,22,0,22,新光-新竹,2023-02-13,8563
2317,鴻海,27,5,22,新光-新竹,2023-02-13,8563
8028,昇陽半導體,21,0,21,新光-新竹,2023-02-13,8563
8150,南茂,20,0,20,新光-新竹,2023-02-13,8563
6806,森崴能源,38,18,20,新光-新竹,2023-02-13,8563
6116,彩晶,19,0,19,新光-新竹,2023-02-13,8563
6185,幃翔,19,0,19,新光-新竹,2023-02-13,8563
3576,聯合再生,18,0,18,新光-新竹,2023-02-13,8563
1513,中興電,31,13,18,新光-新竹,2023-02-13,8563
4533,協易機,18,2,16,新光-新竹,2023-02-13,8563
3419,譁裕,18,2,16,新光-新竹,2023-02-13,8563
4106,雃博,16,0,16,新光-新竹,2023-02-13,8563
2303,聯電,72,57,15,新光-新竹,2023-02-13,8563
1795,美時,95,80,15,新光-新竹,2023-02-13,8563
00673R,期元大S＆P原油反1,202,20,182,新光-新竹,2023-02-14,8563
00676R,富邦臺灣加權反1,150,0,150,新光-新竹,2023-02-14,8563
00878,國泰永續高股息,314,166,148,新光-新竹,2023-02-14,8563
00679B,元大美債20年,95,1,94,新光-新竹,2023-02-14,8563
00637L,元大滬深300正2,146,55,91,新光-新竹,2023-02-14,8563
8171,天宇,90,16,74,新光-新竹,2023-02-14,8563
6142,友勁,69,2,67,新光-新竹,2023-02-14,8563
3454,晶睿,81,27,54,新光-新竹,2023-02-14,8563
00720B,元大投資級公司債,50,10,40,新光-新竹,2023-02-14,8563
4909,新復興,40,0,40,新光-新竹,2023-02-14,8563
3024,憶聲,42,2,40,新光-新竹,2023-02-14,8563
2342,茂矽,40,1,39,新光-新竹,2023-02-14,8563
00900,富邦特選高股息30,38,0,38,新光-新竹,2023-02-14,8563
2504,國產,36,0,36,新光-新竹,2023-02-14,8563
2453,凌群,109,75,34,新光-新竹,2023-02-14,8563
6541,泰福-KY,35,1,34,新光-新竹,2023-02-14,8563
8069,元太,97,64,33,新光-新竹,2023-02-14,8563
2337,旺宏,40,7,33,新光-新竹,2023-02-14,8563
00751B,元大AAA至A公司債,38,5,33,新光-新竹,2023-02-14,8563
00664R,國泰臺灣加權反1,33,0,33,新光-新竹,2023-02-14,8563
2881,富邦金,39,6,33,新光-新竹,2023-02-14,8563
3715,定穎投控,31,0,31,新光-新竹,2023-02-14,8563
00688L,國泰20年美債正2,31,0,31,新光-新竹,2023-02-14,8563
6290,良維,91,60,31,新光-新竹,2023-02-14,8563
00903,富邦元宇宙,30,0,30,新光-新竹,2023-02-14,8563
2886,兆豐金,36,7,29,新光-新竹,2023-02-14,8563
6205,詮欣,34,7,27,新光-新竹,2023-02-14,8563
00772B,中信高評級公司債,28,1,27,新光-新竹,2023-02-14,8563
00885,富邦越南,26,0,26,新光-新竹,2023-02-14,8563
1536,和大,26,0,26,新光-新竹,2023-02-14,8563
6235,華孚,130,107,23,新光-新竹,2023-02-14,8563
6603,富強鑫,20,0,20,新光-新竹,2023-02-14,8563
2489,瑞軒,20,0,20,新光-新竹,2023-02-14,8563
2890,永豐金,96,79,17,新光-新竹,2023-02-14,8563
1605,華新,120,104,16,新光-新竹,2023-02-14,8563
2905,三商,15,0,15,新光-新竹,2023-02-14,8563
3704,合勤控,22,7,15,新光-新竹,2023-02-14,8563
4102,永日,15,0,15,新光-新竹,2023-02-14,8563
2498,宏達電,70,56,14,新光-新竹,2023-02-14,8563
5521,工信,14,0,14,新光-新竹,2023-02-14,8563
5309,系統電,22,8,14,新光-新竹,2023-02-14,8563
8050,廣積,19,5,14,新光-新竹,2023-02-14,8563
4114,健喬,45,32,13,新光-新竹,2023-02-14,8563
1218,泰山,13,0,13,新光-新竹,2023-02-14,8563
2641,正德,23,10,13,新光-新竹,2023-02-14,8563
5701,劍湖山,13,0,13,新光-新竹,2023-02-14,8563
00669R,國泰美國道瓊反1,13,0,13,新光-新竹,2023-02-14,8563
00713,元大台灣高息低波,14,2,12,新光-新竹,2023-02-14,8563
3027,盛達,66,54,12,新光-新竹,2023-02-14,8563
00882,中信中國高股息,20,8,12,新光-新竹,2023-02-14,8563
00878,國泰永續高股息,516,71,445,新光-新竹,2023-02-15,8563
5371,中光電,356,52,304,新光-新竹,2023-02-15,8563
3481,群創,844,670,174,新光-新竹,2023-02-15,8563
3715,定穎投控,100,0,100,新光-新竹,2023-02-15,8563
020034,元大IC設計N,100,1,99,新光-新竹,2023-02-15,8563
9904,寶成,97,4,93,新光-新竹,2023-02-15,8563
3260,威剛,69,2,67,新光-新竹,2023-02-15,8563
00712,復華富時不動產,68,11,57,新光-新竹,2023-02-15,8563
2610,華航,81,25,56,新光-新竹,2023-02-15,8563
2812,台中銀,115,60,55,新光-新竹,2023-02-15,8563
00882,中信中國高股息,54,1,53,新光-新竹,2023-02-15,8563
00905,FT臺灣Smart,50,1,49,新光-新竹,2023-02-15,8563
2330,台積電,97,48,49,新光-新竹,2023-02-15,8563
3189,景碩,57,11,46,新光-新竹,2023-02-15,8563
2889,國票金,40,0,40,新光-新竹,2023-02-15,8563
00720B,元大投資級公司債,57,20,37,新光-新竹,2023-02-15,8563
006208,富邦台50,36,1,35,新光-新竹,2023-02-15,8563
2641,正德,35,0,35,新光-新竹,2023-02-15,8563
2498,宏達電,116,85,31,新光-新竹,2023-02-15,8563
4128,中天,40,9,31,新光-新竹,2023-02-15,8563
0050,元大台灣50,39,9,30,新光-新竹,2023-02-15,8563
00680L,元大美債20正2,39,10,29,新光-新竹,2023-02-15,8563
6843,進典,29,0,29,新光-新竹,2023-02-15,8563
00631L,元大台灣50正2,44,16,28,新光-新竹,2023-02-15,8563
2881,富邦金,29,3,26,新光-新竹,2023-02-15,8563
2014,中鴻,30,5,25,新光-新竹,2023-02-15,8563
3037,欣興,64,40,24,新光-新竹,2023-02-15,8563
1504,東元,24,0,24,新光-新竹,2023-02-15,8563
00688L,國泰20年美債正2,24,0,24,新光-新竹,2023-02-15,8563
2890,永豐金,104,81,23,新光-新竹,2023-02-15,8563
2409,友達,336,314,22,新光-新竹,2023-02-15,8563
2027,大成鋼,48,26,22,新光-新竹,2023-02-15,8563
00692,富邦公司治理,22,2,20,新光-新竹,2023-02-15,8563
6806,森崴能源,47,27,20,新光-新竹,2023-02-15,8563
00706L,期元大S＆P日圓正2,20,0,20,新光-新竹,2023-02-15,8563
2363,矽統,20,0,20,新光-新竹,2023-02-15,8563
00637L,元大滬深300正2,68,48,20,新光-新竹,2023-02-15,8563
2903,遠百,19,0,19,新光-新竹,2023-02-15,8563
2883,凱基金,22,3,19,新光-新竹,2023-02-15,8563
2540,愛山林,19,0,19,新光-新竹,2023-02-15,8563
2884,玉山金,24,5,19,新光-新竹,2023-02-15,8563
5347,世界,29,11,18,新光-新竹,2023-02-15,8563
2834,臺企銀,19,1,18,新光-新竹,2023-02-15,8563
2634,漢翔,22,4,18,新光-新竹,2023-02-15,8563
4130,健亞,20,3,17,新光-新竹,2023-02-15,8563
2603,長榮,65,48,17,新光-新竹,2023-02-15,8563
3036,文曄,16,0,16,新光-新竹,2023-02-15,8563
1402,遠東新,16,0,16,新光-新竹,2023-02-15,8563
00675L,富邦臺灣加權正2,15,0,15,新光-新竹,2023-02-15,8563
6414,樺漢,15,0,15,新光-新竹,2023-02-15,8563
3260,威剛,1450,474,976,新光-新竹,2023-02-16,8563
00878,國泰永續高股息,572,96,476,新光-新竹,2023-02-16,8563
00632R,元大台灣50反1,612,185,427,新光-新竹,2023-02-16,8563
2201,裕隆,310,138,172,新光-新竹,2023-02-16,8563
00679B,元大美債20年,172,0,172,新光-新竹,2023-02-16,8563
00680L,元大美債20正2,160,30,130,新光-新竹,2023-02-16,8563
1609,大亞,266,150,116,新光-新竹,2023-02-16,8563
00664R,國泰臺灣加權反1,115,0,115,新光-新竹,2023-02-16,8563
00671R,富邦NASDAQ反1,156,48,108,新光-新竹,2023-02-16,8563
3710,連展投控,105,0,105,新光-新竹,2023-02-16,8563
00720B,元大投資級公司債,96,14,82,新光-新竹,2023-02-16,8563
1432,大魯閣,59,1,58,新光-新竹,2023-02-16,8563
00772B,中信高評級公司債,55,0,55,新光-新竹,2023-02-16,8563
3221,台嘉碩,61,11,50,新光-新竹,2023-02-16,8563
4155,訊映,50,0,50,新光-新竹,2023-02-16,8563
9904,寶成,67,17,50,新光-新竹,2023-02-16,8563
8150,南茂,47,0,47,新光-新竹,2023-02-16,8563
2888,新光金,37,0,37,新光-新竹,2023-02-16,8563
00751B,元大AAA至A公司債,32,0,32,新光-新竹,2023-02-16,8563
00753L,中信中國50正2,32,0,32,新光-新竹,2023-02-16,8563
1336,台翰,30,0,30,新光-新竹,2023-02-16,8563
1440,南紡,30,0,30,新光-新竹,2023-02-16,8563
5701,劍湖山,30,0,30,新光-新竹,2023-02-16,8563
00712,復華富時不動產,53,24,29,新光-新竹,2023-02-16,8563
2328,廣宇,31,4,27,新光-新竹,2023-02-16,8563
6290,良維,61,34,27,新光-新竹,2023-02-16,8563
2038,海光,25,0,25,新光-新竹,2023-02-16,8563
00687B,國泰20年美債,24,0,24,新光-新竹,2023-02-16,8563
4907,富宇,24,0,24,新光-新竹,2023-02-16,8563
00893,國泰智能電動車,46,24,22,新光-新竹,2023-02-16,8563
2399,映泰,47,25,22,新光-新竹,2023-02-16,8563
2471,資通,44,23,21,新光-新竹,2023-02-16,8563
5284,jpp-KY,28,7,21,新光-新竹,2023-02-16,8563
00696B,富邦美債20年,20,0,20,新光-新竹,2023-02-16,8563
3163,波若威,20,0,20,新光-新竹,2023-02-16,8563
2342,茂矽,20,1,19,新光-新竹,2023-02-16,8563
3033,威健,18,0,18,新光-新竹,2023-02-16,8563
8421,旭源,22,4,18,新光-新竹,2023-02-16,8563
1522,堤維西,22,4,18,新光-新竹,2023-02-16,8563
2002,中鋼,18,1,17,新光-新竹,2023-02-16,8563
6288,聯嘉,17,0,17,新光-新竹,2023-02-16,8563
00780B,國泰A級金融債,16,0,16,新光-新竹,2023-02-16,8563
00673R,期元大S＆P原油反1,91,75,16,新光-新竹,2023-02-16,8563
2028,威致,18,2,16,新光-新竹,2023-02-16,8563
5243,乙盛-KY,19,3,16,新光-新竹,2023-02-16,8563
3027,盛達,82,66,16,新光-新竹,2023-02-16,8563
00915,凱基優選高股息30,15,0,15,新光-新竹,2023-02-16,8563
00919,群益台灣精選高息,30,15,15,新光-新竹,2023-02-16,8563
3715,定穎投控,15,0,15,新光-新竹,2023-02-16,8563
1513,中興電,50,35,15,新光-新竹,2023-02-16,8563
3260,威剛,521,169,352,新光-新竹,2023-02-17,8563
00680L,元大美債20正2,447,124,323,新光-新竹,2023-02-17,8563
00878,國泰永續高股息,242,46,196,新光-新竹,2023-02-17,8563
2610,華航,682,522,160,新光-新竹,2023-02-17,8563
00679B,元大美債20年,126,2,124,新光-新竹,2023-02-17,8563
1101,台泥,110,8,102,新光-新竹,2023-02-17,8563
2380,虹光,100,0,100,新光-新竹,2023-02-17,8563
00637L,元大滬深300正2,134,37,97,新光-新竹,2023-02-17,8563
3024,憶聲,91,7,84,新光-新竹,2023-02-17,8563
00772B,中信高評級公司債,78,1,77,新光-新竹,2023-02-17,8563
00885,富邦越南,79,5,74,新光-新竹,2023-02-17,8563
3481,群創,584,513,71,新光-新竹,2023-02-17,8563
4960,誠美材,66,3,63,新光-新竹,2023-02-17,8563
00882,中信中國高股息,55,0,55,新光-新竹,2023-02-17,8563
3715,定穎投控,50,0,50,新光-新竹,2023-02-17,8563
2736,富野,65,22,43,新光-新竹,2023-02-17,8563
2892,第一金,46,3,43,新光-新竹,2023-02-17,8563
00773B,中信優先金融債,68,26,42,新光-新竹,2023-02-17,8563
00751B,元大AAA至A公司債,42,0,42,新光-新竹,2023-02-17,8563
2618,長榮航,611,571,40,新光-新竹,2023-02-17,8563
3346,麗清,38,0,38,新光-新竹,2023-02-17,8563
2929,淘帝-KY,39,2,37,新光-新竹,2023-02-17,8563
00795B,中信美國公債20年,35,0,35,新光-新竹,2023-02-17,8563
2492,華新科,44,10,34,新光-新竹,2023-02-17,8563
1432,大魯閣,36,4,32,新光-新竹,2023-02-17,8563
8150,南茂,31,0,31,新光-新竹,2023-02-17,8563
2471,資通,194,163,31,新光-新竹,2023-02-17,8563
6118,建達,43,12,31,新光-新竹,2023-02-17,8563
3013,晟銘電,32,1,31,新光-新竹,2023-02-17,8563
00687B,國泰20年美債,31,0,31,新光-新竹,2023-02-17,8563
00877,復華中國5G,30,0,30,新光-新竹,2023-02-17,8563
00761B,國泰A級公司債,29,0,29,新光-新竹,2023-02-17,8563
1795,美時,144,116,28,新光-新竹,2023-02-17,8563
1701,中化,30,3,27,新光-新竹,2023-02-17,8563
00720B,元大投資級公司債,49,25,24,新光-新竹,2023-02-17,8563
4950,牧東,24,0,24,新光-新竹,2023-02-17,8563
3141,晶宏,38,14,24,新光-新竹,2023-02-17,8563
6443,元晶,35,11,24,新光-新竹,2023-02-17,8563
0056,元大高股息,27,3,24,新光-新竹,2023-02-17,8563
8411,福貞-KY,23,0,23,新光-新竹,2023-02-17,8563
4931,新盛力,28,5,23,新光-新竹,2023-02-17,8563
6285,啟��,21,0,21,新光-新竹,2023-02-17,8563
2330,台積電,38,17,21,新光-新竹,2023-02-17,8563
3027,盛達,30,9,21,新光-新竹,2023-02-17,8563
00905,FT臺灣Smart,21,0,21,新光-新竹,2023-02-17,8563
9907,統一實,21,0,21,新光-新竹,2023-02-17,8563
2409,友達,63,42,21,新光-新竹,2023-02-17,8563
00631L,元大台灣50正2,22,2,20,新光-新竹,2023-02-17,8563
5905,南仁湖,23,4,19,新光-新竹,2023-02-17,8563
8358,金居,20,2,18,新光-新竹,2023-02-17,8563
6116,彩晶,455,15,440,新光-新竹,2023-02-20,8563
3260,威剛,632,286,346,新光-新竹,2023-02-20,8563
00712,復華富時不動產,191,54,137,新光-新竹,2023-02-20,8563
00679B,元大美債20年,146,15,131,新光-新竹,2023-02-20,8563
1609,大亞,146,38,108,新光-新竹,2023-02-20,8563
00715L,期街口布蘭特正2,107,10,97,新光-新竹,2023-02-20,8563
2834,臺企銀,104,7,97,新光-新竹,2023-02-20,8563
3024,憶聲,96,0,96,新光-新竹,2023-02-20,8563
3027,盛達,137,41,96,新光-新竹,2023-02-20,8563
2317,鴻海,131,53,78,新光-新竹,2023-02-20,8563
1101,台泥,72,7,65,新光-新竹,2023-02-20,8563
00772B,中信高評級公司債,63,0,63,新光-新竹,2023-02-20,8563
5009,榮剛,79,17,62,新光-新竹,2023-02-20,8563
00892,富邦台灣半導體,62,0,62,新光-新竹,2023-02-20,8563
2929,淘帝-KY,60,1,59,新光-新竹,2023-02-20,8563
00878,國泰永續高股息,92,33,59,新光-新竹,2023-02-20,8563
2731,雄獅,62,12,50,新光-新竹,2023-02-20,8563
3346,麗清,59,11,48,新光-新竹,2023-02-20,8563
1314,中石化,43,0,43,新光-新竹,2023-02-20,8563
2605,新興,40,4,36,新光-新竹,2023-02-20,8563
3466,德晉,35,4,31,新光-新竹,2023-02-20,8563
00632R,元大台灣50反1,71,40,31,新光-新竹,2023-02-20,8563
2489,瑞軒,31,0,31,新光-新竹,2023-02-20,8563
00877,復華中國5G,30,0,30,新光-新竹,2023-02-20,8563
4526,東台,30,0,30,新光-新竹,2023-02-20,8563
4763,材料-KY,83,53,30,新光-新竹,2023-02-20,8563
00891,中信關鍵半導體,30,0,30,新光-新竹,2023-02-20,8563
1762,中化生,27,0,27,新光-新竹,2023-02-20,8563
6104,創惟,68,42,26,新光-新竹,2023-02-20,8563
2880,華南金,30,5,25,新光-新竹,2023-02-20,8563
2897,王道銀行,25,0,25,新光-新竹,2023-02-20,8563
3481,群創,1117,1093,24,新光-新竹,2023-02-20,8563
4167,松瑞藥,27,3,24,新光-新竹,2023-02-20,8563
6609,瀧澤科,29,5,24,新光-新竹,2023-02-20,8563
8411,福貞-KY,24,0,24,新光-新竹,2023-02-20,8563
8358,金居,28,4,24,新光-新竹,2023-02-20,8563
2002,中鋼,24,1,23,新光-新竹,2023-02-20,8563
2867,三商壽,25,3,22,新光-新竹,2023-02-20,8563
2887,台新金,21,0,21,新光-新竹,2023-02-20,8563
00708L,期元大S＆P黃金正2,20,0,20,新光-新竹,2023-02-20,8563
2332,友訊,22,2,20,新光-新竹,2023-02-20,8563
2471,資通,51,31,20,新光-新竹,2023-02-20,8563
6151,晉倫,20,1,19,新光-新竹,2023-02-20,8563
00760B,復華新興企業債,19,0,19,新光-新竹,2023-02-20,8563
8033,雷虎,33,14,19,新光-新竹,2023-02-20,8563
8261,富鼎,19,1,18,新光-新竹,2023-02-20,8563
8050,廣積,37,20,17,新光-新竹,2023-02-20,8563
00642U,期元大S＆P石油,17,0,17,新光-新竹,2023-02-20,8563
00885,富邦越南,16,0,16,新光-新竹,2023-02-20,8563
6541,泰福-KY,25,9,16,新光-新竹,2023-02-20,8563
3260,威剛,270,31,239,新光-新竹,2023-02-21,8563
2884,玉山金,537,336,201,新光-新竹,2023-02-21,8563
6235,華孚,246,58,188,新光-新竹,2023-02-21,8563
2457,飛宏,363,179,184,新光-新竹,2023-02-21,8563
3346,麗清,200,33,167,新光-新竹,2023-02-21,8563
00878,國泰永續高股息,136,5,131,新光-新竹,2023-02-21,8563
2367,燿華,111,5,106,新光-新竹,2023-02-21,8563
2615,萬海,122,18,104,新光-新竹,2023-02-21,8563
00712,復華富時不動產,162,61,101,新光-新竹,2023-02-21,8563
00632R,元大台灣50反1,100,4,96,新光-新竹,2023-02-21,8563
2618,長榮航,107,29,78,新光-新竹,2023-02-21,8563
1609,大亞,117,50,67,新光-新竹,2023-02-21,8563
00679B,元大美債20年,69,6,63,新光-新竹,2023-02-21,8563
2329,華泰,62,0,62,新光-新竹,2023-02-21,8563
2867,三商壽,60,0,60,新光-新竹,2023-02-21,8563
2399,映泰,69,10,59,新光-新竹,2023-02-21,8563
2317,鴻海,60,3,57,新光-新竹,2023-02-21,8563
1612,宏泰,51,0,51,新光-新竹,2023-02-21,8563
00885,富邦越南,58,10,48,新光-新竹,2023-02-21,8563
3494,誠研,47,1,46,新光-新竹,2023-02-21,8563
8033,雷虎,55,18,37,新光-新竹,2023-02-21,8563
0056,元大高股息,72,35,37,新光-新竹,2023-02-21,8563
2455,全新,44,8,36,新光-新竹,2023-02-21,8563
00725B,國泰投資級公司債,34,0,34,新光-新竹,2023-02-21,8563
1605,華新,129,98,31,新光-新竹,2023-02-21,8563
00720B,元大投資級公司債,101,70,31,新光-新竹,2023-02-21,8563
1313,聯成,30,0,30,新光-新竹,2023-02-21,8563
6118,建達,93,63,30,新光-新竹,2023-02-21,8563
00713,元大台灣高息低波,29,0,29,新光-新竹,2023-02-21,8563
3060,銘異,27,0,27,新光-新竹,2023-02-21,8563
00772B,中信高評級公司債,26,0,26,新光-新竹,2023-02-21,8563
9907,統一實,25,0,25,新光-新竹,2023-02-21,8563
6104,創惟,43,18,25,新光-新竹,2023-02-21,8563
3545,敦泰,38,14,24,新光-新竹,2023-02-21,8563
8112,至上,25,1,24,新光-新竹,2023-02-21,8563
6165,浪凡,54,30,24,新光-新竹,2023-02-21,8563
00642U,期元大S＆P石油,22,0,22,新光-新竹,2023-02-21,8563
00637L,元大滬深300正2,185,165,20,新光-新竹,2023-02-21,8563
3703,欣陸,26,6,20,新光-新竹,2023-02-21,8563
2489,瑞軒,21,1,20,新光-新竹,2023-02-21,8563
1103,嘉泥,19,0,19,新光-新竹,2023-02-21,8563
1584,精剛,83,64,19,新光-新竹,2023-02-21,8563
1342,八貫,65,46,19,新光-新竹,2023-02-21,8563
5457,宣德,22,3,19,新光-新竹,2023-02-21,8563
1432,大魯閣,25,6,19,新光-新竹,2023-02-21,8563
5871,中租-KY,21,3,18,新光-新竹,2023-02-21,8563
00753L,中信中國50正2,18,0,18,新光-新竹,2023-02-21,8563
2812,台中銀,51,34,17,新光-新竹,2023-02-21,8563
6285,啟��,17,1,16,新光-新竹,2023-02-21,8563
2886,兆豐金,16,0,16,新光-新竹,2023-02-21,8563
00632R,元大台灣50反1,641,174,467,新光-新竹,2023-02-22,8563
00878,國泰永續高股息,485,41,444,新光-新竹,2023-02-22,8563
00891,中信關鍵半導體,317,0,317,新光-新竹,2023-02-22,8563
00688L,國泰20年美債正2,208,0,208,新光-新竹,2023-02-22,8563
00712,復華富時不動產,258,87,171,新光-新竹,2023-02-22,8563
2332,友訊,150,0,150,新光-新竹,2023-02-22,8563
00680L,元大美債20正2,174,38,136,新光-新竹,2023-02-22,8563
2884,玉山金,183,57,126,新光-新竹,2023-02-22,8563
2498,宏達電,124,11,113,新光-新竹,2023-02-22,8563
2399,映泰,116,7,109,新光-新竹,2023-02-22,8563
2834,臺企銀,137,38,99,新光-新竹,2023-02-22,8563
6770,力積電,96,5,91,新光-新竹,2023-02-22,8563
00715L,期街口布蘭特正2,201,115,86,新光-新竹,2023-02-22,8563
2618,長榮航,122,38,84,新光-新竹,2023-02-22,8563
6285,啟��,84,4,80,新光-新竹,2023-02-22,8563
3594,磐儀,99,20,79,新光-新竹,2023-02-22,8563
6288,聯嘉,75,2,73,新光-新竹,2023-02-22,8563
3035,智原,119,49,70,新光-新竹,2023-02-22,8563
00772B,中信高評級公司債,67,0,67,新光-新竹,2023-02-22,8563
00720B,元大投資級公司債,101,35,66,新光-新竹,2023-02-22,8563
8069,元太,122,57,65,新光-新竹,2023-02-22,8563
2609,陽明,162,97,65,新光-新竹,2023-02-22,8563
2382,廣達,53,0,53,新光-新竹,2023-02-22,8563
0056,元大高股息,61,12,49,新光-新竹,2023-02-22,8563
00665L,富邦�琤肭磪囓�2,47,0,47,新光-新竹,2023-02-22,8563
2388,威盛,81,35,46,新光-新竹,2023-02-22,8563
5309,系統電,47,2,45,新光-新竹,2023-02-22,8563
2317,鴻海,62,18,44,新光-新竹,2023-02-22,8563
1514,亞力,78,36,42,新光-新竹,2023-02-22,8563
6118,建達,45,5,40,新光-新竹,2023-02-22,8563
5706,鳳凰,46,7,39,新光-新竹,2023-02-22,8563
4114,健喬,58,22,36,新光-新竹,2023-02-22,8563
8222,寶一,56,21,35,新光-新竹,2023-02-22,8563
2617,台航,33,0,33,新光-新竹,2023-02-22,8563
2603,長榮,135,103,32,新光-新竹,2023-02-22,8563
00918,大華優利高填息30,30,0,30,新光-新竹,2023-02-22,8563
2402,毅嘉,28,0,28,新光-新竹,2023-02-22,8563
00882,中信中國高股息,61,34,27,新光-新竹,2023-02-22,8563
00773B,中信優先金融債,29,3,26,新光-新竹,2023-02-22,8563
006208,富邦台50,27,1,26,新光-新竹,2023-02-22,8563
0050,元大台灣50,30,4,26,新光-新竹,2023-02-22,8563
8411,福貞-KY,25,0,25,新光-新竹,2023-02-22,8563
3346,麗清,33,10,23,新光-新竹,2023-02-22,8563
00885,富邦越南,23,0,23,新光-新竹,2023-02-22,8563
5009,榮剛,44,21,23,新光-新竹,2023-02-22,8563
8478,東哥遊艇,59,36,23,新光-新竹,2023-02-22,8563
3189,景碩,26,5,21,新光-新竹,2023-02-22,8563
00637L,元大滬深300正2,87,66,21,新光-新竹,2023-02-22,8563
2880,華南金,21,1,20,新光-新竹,2023-02-22,8563
00669R,國泰美國道瓊反1,20,0,20,新光-新竹,2023-02-22,8563
00715L,期街口布蘭特正2,317,17,300,新光-新竹,2023-02-23,8563
2399,映泰,238,5,233,新光-新竹,2023-02-23,8563
00712,復華富時不動產,282,117,165,新光-新竹,2023-02-23,8563
2834,臺企銀,179,21,158,新光-新竹,2023-02-23,8563
00637L,元大滬深300正2,179,60,119,新光-新竹,2023-02-23,8563
8033,雷虎,152,60,92,新光-新竹,2023-02-23,8563
00664R,國泰臺灣加權反1,105,15,90,新光-新竹,2023-02-23,8563
2884,玉山金,93,14,79,新光-新竹,2023-02-23,8563
00720B,元大投資級公司債,284,206,78,新光-新竹,2023-02-23,8563
1313,聯成,78,0,78,新光-新竹,2023-02-23,8563
1101,台泥,126,52,74,新光-新竹,2023-02-23,8563
00852L,國泰美國道瓊正2,60,0,60,新光-新竹,2023-02-23,8563
00642U,期元大S＆P石油,60,0,60,新光-新竹,2023-02-23,8563
1612,宏泰,52,0,52,新光-新竹,2023-02-23,8563
00674R,期元大S＆P黃金反1,50,0,50,新光-新竹,2023-02-23,8563
1504,東元,50,1,49,新光-新竹,2023-02-23,8563
3625,西勝,46,0,46,新光-新竹,2023-02-23,8563
4716,大立,44,0,44,新光-新竹,2023-02-23,8563
00772B,中信高評級公司債,43,0,43,新光-新竹,2023-02-23,8563
2367,燿華,43,0,43,新光-新竹,2023-02-23,8563
00670L,富邦NASDAQ正2,42,0,42,新光-新竹,2023-02-23,8563
2023,燁輝,42,2,40,新光-新竹,2023-02-23,8563
0056,元大高股息,61,20,41,新光-新竹,2023-02-23,8563
2903,遠百,40,0,40,新光-新竹,2023-02-23,8563
00751B,元大AAA至A公司債,39,0,39,新光-新竹,2023-02-23,8563
2615,萬海,121,83,38,新光-新竹,2023-02-23,8563
3042,晶技,39,1,38,新光-新竹,2023-02-23,8563
00725B,國泰投資級公司債,36,0,36,新光-新竹,2023-02-23,8563
5243,乙盛-KY,62,28,34,新光-新竹,2023-02-23,8563
1432,大魯閣,89,56,33,新光-新竹,2023-02-23,8563
8924,大田,33,1,32,新光-新竹,2023-02-23,8563
6142,友勁,30,1,29,新光-新竹,2023-02-23,8563
2534,宏盛,29,0,29,新光-新竹,2023-02-23,8563
2408,南亞科,32,3,29,新光-新竹,2023-02-23,8563
3708,上緯投控,39,10,29,新光-新竹,2023-02-23,8563
1714,和桐,28,0,28,新光-新竹,2023-02-23,8563
3673,TPK-KY,41,15,26,新光-新竹,2023-02-23,8563
00882,中信中國高股息,29,4,25,新光-新竹,2023-02-23,8563
6205,詮欣,27,3,24,新光-新竹,2023-02-23,8563
2618,長榮航,78,54,24,新光-新竹,2023-02-23,8563
00753L,中信中國50正2,24,2,22,新光-新竹,2023-02-23,8563
2323,中環,27,5,22,新光-新竹,2023-02-23,8563
2465,麗臺,44,23,21,新光-新竹,2023-02-23,8563
3038,全台,25,4,21,新光-新竹,2023-02-23,8563
00921,兆豐龍頭等權重,20,0,20,新光-新竹,2023-02-23,8563
2457,飛宏,46,26,20,新光-新竹,2023-02-23,8563
00773B,中信優先金融債,32,12,20,新光-新竹,2023-02-23,8563
6266,泰詠,98,78,20,新光-新竹,2023-02-23,8563
2887,台新金,21,1,20,新光-新竹,2023-02-23,8563
1722,台肥,20,0,20,新光-新竹,2023-02-23,8563
00632R,元大台灣50反1,290,83,207,新光-新竹,2023-02-24,8563
2317,鴻海,218,37,181,新光-新竹,2023-02-24,8563
00878,國泰永續高股息,205,52,153,新光-新竹,2023-02-24,8563
00637L,元大滬深300正2,222,102,120,新光-新竹,2023-02-24,8563
3024,憶聲,113,0,113,新光-新竹,2023-02-24,8563
2601,益航,144,35,109,新光-新竹,2023-02-24,8563
00642U,期元大S＆P石油,112,9,103,新光-新竹,2023-02-24,8563
00882,中信中國高股息,131,44,87,新光-新竹,2023-02-24,8563
2834,臺企銀,73,3,70,新光-新竹,2023-02-24,8563
3532,台勝科,60,1,59,新光-新竹,2023-02-24,8563
00772B,中信高評級公司債,57,2,55,新光-新竹,2023-02-24,8563
00706L,期元大S＆P日圓正2,52,0,52,新光-新竹,2023-02-24,8563
00753L,中信中國50正2,81,29,52,新光-新竹,2023-02-24,8563
5309,系統電,65,15,50,新光-新竹,2023-02-24,8563
5009,榮剛,69,20,49,新光-新竹,2023-02-24,8563
8033,雷虎,65,16,49,新光-新竹,2023-02-24,8563
1605,華新,161,113,48,新光-新竹,2023-02-24,8563
3027,盛達,81,39,42,新光-新竹,2023-02-24,8563
3037,欣興,92,50,42,新光-新竹,2023-02-24,8563
00891,中信關鍵半導體,127,87,40,新光-新竹,2023-02-24,8563
1569,濱川,40,0,40,新光-新竹,2023-02-24,8563
6026,福邦證,40,0,40,新光-新竹,2023-02-24,8563
2890,永豐金,80,42,38,新光-新竹,2023-02-24,8563
8088,品安,37,0,37,新光-新竹,2023-02-24,8563
2363,矽統,41,5,36,新光-新竹,2023-02-24,8563
4716,大立,36,0,36,新光-新竹,2023-02-24,8563
1762,中化生,36,2,34,新光-新竹,2023-02-24,8563
3673,TPK-KY,38,4,34,新光-新竹,2023-02-24,8563
2408,南亞科,34,0,34,新光-新竹,2023-02-24,8563
1309,台達化,34,1,33,新光-新竹,2023-02-24,8563
2605,新興,98,66,32,新光-新竹,2023-02-24,8563
2498,宏達電,66,35,31,新光-新竹,2023-02-24,8563
6118,建達,45,15,30,新光-新竹,2023-02-24,8563
4113,聯上,30,0,30,新光-新竹,2023-02-24,8563
2457,飛宏,63,33,30,新光-新竹,2023-02-24,8563
2812,台中銀,105,77,28,新光-新竹,2023-02-24,8563
6176,瑞儀,28,0,28,新光-新竹,2023-02-24,8563
8411,福貞-KY,26,0,26,新光-新竹,2023-02-24,8563
2929,淘帝-KY,26,0,26,新光-新竹,2023-02-24,8563
5457,宣德,41,17,24,新光-新竹,2023-02-24,8563
2867,三商壽,23,0,23,新光-新竹,2023-02-24,8563
5905,南仁湖,37,15,22,新光-新竹,2023-02-24,8563
00713,元大台灣高息低波,22,0,22,新光-新竹,2023-02-24,8563
3545,敦泰,37,16,21,新光-新竹,2023-02-24,8563
4106,雃博,21,0,21,新光-新竹,2023-02-24,8563
2618,長榮航,45,24,21,新光-新竹,2023-02-24,8563
4744,皇將,22,1,21,新光-新竹,2023-02-24,8563
1219,福壽,21,0,21,新光-新竹,2023-02-24,8563
8069,元太,144,124,20,新光-新竹,2023-02-24,8563
2380,虹光,20,0,20,新光-新竹,2023-02-24,8563
3481,群創,694,45,649,新光-新竹,2023-03-01,8563
00878,國泰永續高股息,338,47,291,新光-新竹,2023-03-01,8563
1605,華新,349,64,285,新光-新竹,2023-03-01,8563
3346,麗清,143,14,129,新光-新竹,2023-03-01,8563
3024,憶聲,103,0,103,新光-新竹,2023-03-01,8563
3576,聯合再生,106,5,101,新光-新竹,2023-03-01,8563
00688L,國泰20年美債正2,100,0,100,新光-新竹,2023-03-01,8563
00680L,元大美債20正2,111,15,96,新光-新竹,2023-03-01,8563
00712,復華富時不動產,138,50,88,新光-新竹,2023-03-01,8563
00642U,期元大S＆P石油,79,18,61,新光-新竹,2023-03-01,8563
2618,長榮航,90,29,61,新光-新竹,2023-03-01,8563
2107,厚生,50,0,50,新光-新竹,2023-03-01,8563
5905,南仁湖,44,0,44,新光-新竹,2023-03-01,8563
2883,凱基金,67,25,42,新光-新竹,2023-03-01,8563
9945,潤泰新,44,4,40,新光-新竹,2023-03-01,8563
2337,旺宏,43,5,38,新光-新竹,2023-03-01,8563
2388,威盛,180,144,36,新光-新竹,2023-03-01,8563
3521,鴻翊,35,0,35,新光-新竹,2023-03-01,8563
1101,台泥,67,33,34,新光-新竹,2023-03-01,8563
2888,新光金,63,30,33,新光-新竹,2023-03-01,8563
00720B,元大投資級公司債,57,25,32,新光-新竹,2023-03-01,8563
2402,毅嘉,36,4,32,新光-新竹,2023-03-01,8563
2885,元大金,32,1,31,新光-新竹,2023-03-01,8563
6005,群益證,33,2,31,新光-新竹,2023-03-01,8563
00753L,中信中國50正2,31,0,31,新光-新竹,2023-03-01,8563
5457,宣德,33,3,30,新光-新竹,2023-03-01,8563
8411,福貞-KY,30,0,30,新光-新竹,2023-03-01,8563
00772B,中信高評級公司債,33,4,29,新光-新竹,2023-03-01,8563
3704,合勤控,49,20,29,新光-新竹,2023-03-01,8563
00751B,元大AAA至A公司債,28,0,28,新光-新竹,2023-03-01,8563
2892,第一金,37,10,27,新光-新竹,2023-03-01,8563
2344,華邦電,27,3,24,新光-新竹,2023-03-01,8563
2605,新興,242,218,24,新光-新竹,2023-03-01,8563
2455,全新,28,4,24,新光-新竹,2023-03-01,8563
3026,禾伸堂,24,0,24,新光-新竹,2023-03-01,8563
2884,玉山金,37,13,24,新光-新竹,2023-03-01,8563
00666R,富邦�琤肭磪齯�1,60,38,22,新光-新竹,2023-03-01,8563
1219,福壽,47,25,22,新光-新竹,2023-03-01,8563
00885,富邦越南,79,57,22,新光-新竹,2023-03-01,8563
2880,華南金,20,0,20,新光-新竹,2023-03-01,8563
6026,福邦證,20,0,20,新光-新竹,2023-03-01,8563
4113,聯上,20,0,20,新光-新竹,2023-03-01,8563
2886,兆豐金,19,0,19,新光-新竹,2023-03-01,8563
2881,富邦金,19,0,19,新光-新竹,2023-03-01,8563
2882,國泰金,27,8,19,新光-新竹,2023-03-01,8563
6770,力積電,21,3,18,新光-新竹,2023-03-01,8563
4743,合一,27,10,17,新光-新竹,2023-03-01,8563
1905,華紙,17,0,17,新光-新竹,2023-03-01,8563
4190,佐登-KY,27,10,17,新光-新竹,2023-03-01,8563
1532,勤美,17,0,17,新光-新竹,2023-03-01,8563
3481,群創,1698,42,1656,新光-新竹,2023-03-02,8563
00878,國泰永續高股息,376,17,359,新光-新竹,2023-03-02,8563
00712,復華富時不動產,314,131,183,新光-新竹,2023-03-02,8563
3346,麗清,167,12,155,新光-新竹,2023-03-02,8563
0056,元大高股息,136,7,129,新光-新竹,2023-03-02,8563
2601,益航,1662,1569,93,新光-新竹,2023-03-02,8563
2605,新興,272,185,87,新光-新竹,2023-03-02,8563
00680L,元大美債20正2,87,4,83,新光-新竹,2023-03-02,8563
00664R,國泰臺灣加權反1,80,0,80,新光-新竹,2023-03-02,8563
2618,長榮航,78,13,65,新光-新竹,2023-03-02,8563
00772B,中信高評級公司債,60,0,60,新光-新竹,2023-03-02,8563
2834,臺企銀,119,59,60,新光-新竹,2023-03-02,8563
8111,立��,60,0,60,新光-新竹,2023-03-02,8563
2892,第一金,60,0,60,新光-新竹,2023-03-02,8563
2498,宏達電,109,55,54,新光-新竹,2023-03-02,8563
2897,王道銀行,51,0,51,新光-新竹,2023-03-02,8563
00642U,期元大S＆P石油,71,22,49,新光-新竹,2023-03-02,8563
2402,毅嘉,65,18,47,新光-新竹,2023-03-02,8563
00902,中信電池及儲能,47,0,47,新光-新竹,2023-03-02,8563
00720B,元大投資級公司債,63,18,45,新光-新竹,2023-03-02,8563
00751B,元大AAA至A公司債,44,0,44,新光-新竹,2023-03-02,8563
6235,華孚,215,171,44,新光-新竹,2023-03-02,8563
2408,南亞科,42,0,42,新光-新竹,2023-03-02,8563
2884,玉山金,51,12,39,新光-新竹,2023-03-02,8563
00708L,期元大S＆P黃金正2,35,0,35,新光-新竹,2023-03-02,8563
2388,威盛,109,75,34,新光-新竹,2023-03-02,8563
00670L,富邦NASDAQ正2,30,0,30,新光-新竹,2023-03-02,8563
00687B,國泰20年美債,29,0,29,新光-新竹,2023-03-02,8563
2891,中信金,28,1,27,新光-新竹,2023-03-02,8563
6118,建達,26,1,25,新光-新竹,2023-03-02,8563
6147,頎邦,29,5,24,新光-新竹,2023-03-02,8563
1752,南光,36,13,23,新光-新竹,2023-03-02,8563
00893,國泰智能電動車,23,0,23,新光-新竹,2023-03-02,8563
6282,康舒,40,18,22,新光-新竹,2023-03-02,8563
00891,中信關鍵半導體,22,0,22,新光-新竹,2023-03-02,8563
2880,華南金,22,1,21,新光-新竹,2023-03-02,8563
9945,潤泰新,20,0,20,新光-新竹,2023-03-02,8563
1258,其祥-KY,20,0,20,新光-新竹,2023-03-02,8563
3402,漢科,20,0,20,新光-新竹,2023-03-02,8563
2439,美律,19,0,19,新光-新竹,2023-03-02,8563
6142,友勁,18,0,18,新光-新竹,2023-03-02,8563
3704,合勤控,26,8,18,新光-新竹,2023-03-02,8563
8088,品安,17,0,17,新光-新竹,2023-03-02,8563
00895,富邦未來車,17,0,17,新光-新竹,2023-03-02,8563
3714,富采,17,0,17,新光-新竹,2023-03-02,8563
6104,創惟,45,28,17,新光-新竹,2023-03-02,8563
00773B,中信優先金融債,17,1,16,新光-新竹,2023-03-02,8563
2002,中鋼,26,10,16,新光-新竹,2023-03-02,8563
2609,陽明,140,125,15,新光-新竹,2023-03-02,8563
5608,四維航,123,108,15,新光-新竹,2023-03-02,8563
3481,群創,853,509,344,新光-新竹,2023-03-03,8563
2834,臺企銀,271,50,221,新光-新竹,2023-03-03,8563
00878,國泰永續高股息,162,26,136,新光-新竹,2023-03-03,8563
2317,鴻海,163,53,110,新光-新竹,2023-03-03,8563
3346,麗清,171,68,103,新光-新竹,2023-03-03,8563
1569,濱川,89,0,89,新光-新竹,2023-03-03,8563
2344,華邦電,219,146,73,新光-新竹,2023-03-03,8563
00751B,元大AAA至A公司債,82,23,59,新光-新竹,2023-03-03,8563
00712,復華富時不動產,166,110,56,新光-新竹,2023-03-03,8563
4167,松瑞藥,55,0,55,新光-新竹,2023-03-03,8563
2427,三商電,48,0,48,新光-新竹,2023-03-03,8563
1605,華新,139,94,45,新光-新竹,2023-03-03,8563
2812,台中銀,130,91,39,新光-新竹,2023-03-03,8563
6142,友勁,39,0,39,新光-新竹,2023-03-03,8563
2388,威盛,122,86,36,新光-新竹,2023-03-03,8563
4155,訊映,34,0,34,新光-新竹,2023-03-03,8563
6147,頎邦,41,7,34,新光-新竹,2023-03-03,8563
2002,中鋼,33,0,33,新光-新竹,2023-03-03,8563
2892,第一金,34,1,33,新光-新竹,2023-03-03,8563
8069,元太,57,26,31,新光-新竹,2023-03-03,8563
00680L,元大美債20正2,31,0,31,新光-新竹,2023-03-03,8563
6235,華孚,381,350,31,新光-新竹,2023-03-03,8563
4916,事欣科,33,3,30,新光-新竹,2023-03-03,8563
4907,富宇,30,0,30,新光-新竹,2023-03-03,8563
6222,上揚,30,0,30,新光-新竹,2023-03-03,8563
2359,所羅門,30,1,29,新光-新竹,2023-03-03,8563
0056,元大高股息,41,12,29,新光-新竹,2023-03-03,8563
00637L,元大滬深300正2,84,56,28,新光-新竹,2023-03-03,8563
1513,中興電,57,29,28,新光-新竹,2023-03-03,8563
2845,遠東銀,56,30,26,新光-新竹,2023-03-03,8563
1609,大亞,35,10,25,新光-新竹,2023-03-03,8563
00720B,元大投資級公司債,55,30,25,新光-新竹,2023-03-03,8563
00773B,中信優先金融債,30,6,24,新光-新竹,2023-03-03,8563
2482,連宇,29,5,24,新光-新竹,2023-03-03,8563
3707,漢磊,52,29,23,新光-新竹,2023-03-03,8563
5258,虹堡,98,76,22,新光-新竹,2023-03-03,8563
8046,南電,81,60,21,新光-新竹,2023-03-03,8563
4402,郡都開發,20,0,20,新光-新竹,2023-03-03,8563
00673R,期元大S＆P原油反1,20,0,20,新光-新竹,2023-03-03,8563
3042,晶技,20,0,20,新光-新竹,2023-03-03,8563
4726,永昕,20,0,20,新光-新竹,2023-03-03,8563
2891,中信金,20,0,20,新光-新竹,2023-03-03,8563
2542,興富發,27,7,20,新光-新竹,2023-03-03,8563
8033,雷虎,31,12,19,新光-新竹,2023-03-03,8563
00632R,元大台灣50反1,141,123,18,新光-新竹,2023-03-03,8563
6266,泰詠,33,16,17,新光-新竹,2023-03-03,8563
2340,台亞,16,0,16,新光-新竹,2023-03-03,8563
6239,力成,17,1,16,新光-新竹,2023-03-03,8563
3563,牧德,22,6,16,新光-新竹,2023-03-03,8563
2890,永豐金,15,0,15,新光-新竹,2023-03-03,8563
00673R,期元大S＆P原油反1,251,20,231,新光-新竹,2023-03-06,8563
2605,新興,613,451,162,新光-新竹,2023-03-06,8563
00632R,元大台灣50反1,233,95,138,新光-新竹,2023-03-06,8563
2890,永豐金,128,2,126,新光-新竹,2023-03-06,8563
6770,力積電,321,210,111,新光-新竹,2023-03-06,8563
00637L,元大滬深300正2,83,11,72,新光-新竹,2023-03-06,8563
3024,憶聲,62,0,62,新光-新竹,2023-03-06,8563
1316,上曜,60,0,60,新光-新竹,2023-03-06,8563
00664R,國泰臺灣加權反1,94,35,59,新光-新竹,2023-03-06,8563
2344,華邦電,140,86,54,新光-新竹,2023-03-06,8563
1104,環泥,50,0,50,新光-新竹,2023-03-06,8563
3038,全台,55,5,50,新光-新竹,2023-03-06,8563
00642U,期元大S＆P石油,75,26,49,新光-新竹,2023-03-06,8563
00671R,富邦NASDAQ反1,45,4,41,新光-新竹,2023-03-06,8563
2002,中鋼,37,0,37,新光-新竹,2023-03-06,8563
00893,國泰智能電動車,35,0,35,新光-新竹,2023-03-06,8563
2606,裕民,48,14,34,新光-新竹,2023-03-06,8563
2618,長榮航,34,0,34,新光-新竹,2023-03-06,8563
2444,兆勁,33,0,33,新光-新竹,2023-03-06,8563
1210,大成,36,3,33,新光-新竹,2023-03-06,8563
2884,玉山金,71,39,32,新光-新竹,2023-03-06,8563
1810,和成,32,3,29,新光-新竹,2023-03-06,8563
2476,鉅祥,31,4,27,新光-新竹,2023-03-06,8563
00885,富邦越南,33,6,27,新光-新竹,2023-03-06,8563
6274,台燿,30,3,27,新光-新竹,2023-03-06,8563
8105,凌巨,44,17,27,新光-新竹,2023-03-06,8563
6176,瑞儀,28,2,26,新光-新竹,2023-03-06,8563
4163,鐿鈦,26,1,25,新光-新竹,2023-03-06,8563
2312,金寶,29,4,25,新光-新竹,2023-03-06,8563
4961,天鈺,33,9,24,新光-新竹,2023-03-06,8563
6173,信昌電,23,0,23,新光-新竹,2023-03-06,8563
2637,慧洋-KY,54,31,23,新光-新竹,2023-03-06,8563
3162,精確,53,31,22,新光-新竹,2023-03-06,8563
1514,亞力,63,41,22,新光-新竹,2023-03-06,8563
2498,宏達電,69,48,21,新光-新竹,2023-03-06,8563
3046,建��,22,1,21,新光-新竹,2023-03-06,8563
2430,燦坤,21,0,21,新光-新竹,2023-03-06,8563
3682,亞太電,21,0,21,新光-新竹,2023-03-06,8563
2419,仲琦,25,5,20,新光-新竹,2023-03-06,8563
3583,辛耘,21,1,20,新光-新竹,2023-03-06,8563
00719B,元大美債1-3,20,0,20,新光-新竹,2023-03-06,8563
2313,華通,21,2,19,新光-新竹,2023-03-06,8563
1909,榮成,20,1,19,新光-新竹,2023-03-06,8563
00713,元大台灣高息低波,30,12,18,新光-新竹,2023-03-06,8563
00676R,富邦臺灣加權反1,18,0,18,新光-新竹,2023-03-06,8563
2367,燿華,18,0,18,新光-新竹,2023-03-06,8563
5880,合庫金,23,6,17,新光-新竹,2023-03-06,8563
5347,世界,19,2,17,新光-新竹,2023-03-06,8563
8222,寶一,44,27,17,新光-新竹,2023-03-06,8563
6202,盛群,21,4,17,新光-新竹,2023-03-06,8563
2486,一詮,522,23,499,新光-新竹,2023-03-07,8563
00673R,期元大S＆P原油反1,221,30,191,新光-新竹,2023-03-07,8563
2457,飛宏,272,87,185,新光-新竹,2023-03-07,8563
00632R,元大台灣50反1,161,13,148,新光-新竹,2023-03-07,8563
00890B,凱基ESG BBB債,124,0,124,新光-新竹,2023-03-07,8563
6770,力積電,173,57,116,新光-新竹,2023-03-07,8563
2007,燁興,108,0,108,新光-新竹,2023-03-07,8563
3013,晟銘電,457,366,91,新光-新竹,2023-03-07,8563
2812,台中銀,107,31,76,新光-新竹,2023-03-07,8563
00885,富邦越南,92,32,60,新光-新竹,2023-03-07,8563
00877,復華中國5G,60,0,60,新光-新竹,2023-03-07,8563
3481,群創,121,68,53,新光-新竹,2023-03-07,8563
2409,友達,70,23,47,新光-新竹,2023-03-07,8563
2618,長榮航,66,19,47,新光-新竹,2023-03-07,8563
00772B,中信高評級公司債,48,2,46,新光-新竹,2023-03-07,8563
00637L,元大滬深300正2,84,38,46,新光-新竹,2023-03-07,8563
2884,玉山金,51,5,46,新光-新竹,2023-03-07,8563
00680L,元大美債20正2,42,0,42,新光-新竹,2023-03-07,8563
2002,中鋼,53,12,41,新光-新竹,2023-03-07,8563
1432,大魯閣,40,0,40,新光-新竹,2023-03-07,8563
8096,擎亞,40,0,40,新光-新竹,2023-03-07,8563
2601,益航,38,0,38,新光-新竹,2023-03-07,8563
00713,元大台灣高息低波,38,1,37,新光-新竹,2023-03-07,8563
3037,欣興,59,23,36,新光-新竹,2023-03-07,8563
2328,廣宇,50,16,34,新光-新竹,2023-03-07,8563
6443,元晶,75,42,33,新光-新竹,2023-03-07,8563
6235,華孚,226,194,32,新光-新竹,2023-03-07,8563
1519,華城,90,59,31,新光-新竹,2023-03-07,8563
4967,十銓,58,29,29,新光-新竹,2023-03-07,8563
4915,致伸,34,6,28,新光-新竹,2023-03-07,8563
4961,天鈺,30,3,27,新光-新竹,2023-03-07,8563
8072,陞泰,26,0,26,新光-新竹,2023-03-07,8563
3022,威強電,60,35,25,新光-新竹,2023-03-07,8563
00720B,元大投資級公司債,36,12,24,新光-新竹,2023-03-07,8563
6118,建達,21,0,21,新光-新竹,2023-03-07,8563
1712,興農,21,0,21,新光-新竹,2023-03-07,8563
3494,誠研,20,0,20,新光-新竹,2023-03-07,8563
2488,漢平,20,0,20,新光-新竹,2023-03-07,8563
5465,富驊,20,0,20,新光-新竹,2023-03-07,8563
2515,中工,20,0,20,新光-新竹,2023-03-07,8563
1513,中興電,116,97,19,新光-新竹,2023-03-07,8563
1795,美時,25,6,19,新光-新竹,2023-03-07,8563
2482,連宇,69,51,18,新光-新竹,2023-03-07,8563
4979,華星光,51,33,18,新光-新竹,2023-03-07,8563
2547,日勝生,17,0,17,新光-新竹,2023-03-07,8563
2430,燦坤,17,0,17,新光-新竹,2023-03-07,8563
1101B,台泥乙特,17,0,17,新光-新竹,2023-03-07,8563
4960,誠美材,20,3,17,新光-新竹,2023-03-07,8563
1762,中化生,18,1,17,新光-新竹,2023-03-07,8563
2027,大成鋼,23,7,16,新光-新竹,2023-03-07,8563
4979,華星光,312,21,291,新光-新竹,2023-03-08,8563
00753L,中信中國50正2,259,0,259,新光-新竹,2023-03-08,8563
00715L,期街口布蘭特正2,239,11,228,新光-新竹,2023-03-08,8563
3591,艾笛森,210,20,190,新光-新竹,2023-03-08,8563
3481,群創,308,166,142,新光-新竹,2023-03-08,8563
1609,大亞,177,35,142,新光-新竹,2023-03-08,8563
00637L,元大滬深300正2,200,75,125,新光-新竹,2023-03-08,8563
00712,復華富時不動產,178,61,117,新光-新竹,2023-03-08,8563
00882,中信中國高股息,125,15,110,新光-新竹,2023-03-08,8563
2886,兆豐金,130,21,109,新光-新竹,2023-03-08,8563
2609,陽明,128,42,86,新光-新竹,2023-03-08,8563
6282,康舒,180,97,83,新光-新竹,2023-03-08,8563
00878,國泰永續高股息,151,69,82,新光-新竹,2023-03-08,8563
3362,先進光,97,19,78,新光-新竹,2023-03-08,8563
00890B,凱基ESG BBB債,72,0,72,新光-新竹,2023-03-08,8563
2317,鴻海,109,38,71,新光-新竹,2023-03-08,8563
8171,天宇,61,2,59,新光-新竹,2023-03-08,8563
00665L,富邦�琤肭磪囓�2,78,20,58,新光-新竹,2023-03-08,8563
6129,普誠,75,17,58,新光-新竹,2023-03-08,8563
3545,敦泰,66,12,54,新光-新竹,2023-03-08,8563
2498,宏達電,68,17,51,新光-新竹,2023-03-08,8563
00885,富邦越南,67,19,48,新光-新竹,2023-03-08,8563
5351,鈺創,66,21,45,新光-新竹,2023-03-08,8563
4190,佐登-KY,62,18,44,新光-新竹,2023-03-08,8563
2486,一詮,59,16,43,新光-新竹,2023-03-08,8563
00881,國泰台灣5G+,103,61,42,新光-新竹,2023-03-08,8563
6235,華孚,261,220,41,新光-新竹,2023-03-08,8563
2481,強茂,66,26,40,新光-新竹,2023-03-08,8563
00720B,元大投資級公司債,63,25,38,新光-新竹,2023-03-08,8563
00772B,中信高評級公司債,39,1,38,新光-新竹,2023-03-08,8563
1452,宏益,36,0,36,新光-新竹,2023-03-08,8563
2882,國泰金,34,0,34,新光-新竹,2023-03-08,8563
0056,元大高股息,44,11,33,新光-新竹,2023-03-08,8563
3027,盛達,45,12,33,新光-新竹,2023-03-08,8563
1313,聯成,32,0,32,新光-新竹,2023-03-08,8563
2375,凱美,48,16,32,新光-新竹,2023-03-08,8563
5258,虹堡,67,36,31,新光-新竹,2023-03-08,8563
2603,長榮,195,164,31,新光-新竹,2023-03-08,8563
2606,裕民,45,15,30,新光-新竹,2023-03-08,8563
6477,安集,34,4,30,新光-新竹,2023-03-08,8563
1608,華榮,29,0,29,新光-新竹,2023-03-08,8563
2884,玉山金,51,23,28,新光-新竹,2023-03-08,8563
3576,聯合再生,36,10,26,新光-新竹,2023-03-08,8563
00902,中信電池及儲能,25,0,25,新光-新竹,2023-03-08,8563
3714,富采,24,0,24,新光-新竹,2023-03-08,8563
1101,台泥,31,8,23,新光-新竹,2023-03-08,8563
2637,慧洋-KY,25,2,23,新光-新竹,2023-03-08,8563
1909,榮成,22,0,22,新光-新竹,2023-03-08,8563
8072,陞泰,22,0,22,新光-新竹,2023-03-08,8563
4433,興采,21,0,21,新光-新竹,2023-03-08,8563
00878,國泰永續高股息,279,8,271,新光-新竹,2023-03-09,8563
2890,永豐金,675,423,252,新光-新竹,2023-03-09,8563
2457,飛宏,470,301,169,新光-新竹,2023-03-09,8563
2317,鴻海,202,59,143,新光-新竹,2023-03-09,8563
6142,友勁,122,1,121,新光-新竹,2023-03-09,8563
2884,玉山金,118,4,114,新光-新竹,2023-03-09,8563
1402,遠東新,118,4,114,新光-新竹,2023-03-09,8563
2618,長榮航,192,78,114,新光-新竹,2023-03-09,8563
00715L,期街口布蘭特正2,101,12,89,新光-新竹,2023-03-09,8563
2605,新興,119,32,87,新光-新竹,2023-03-09,8563
6129,普誠,96,16,80,新光-新竹,2023-03-09,8563
1609,大亞,87,9,78,新光-新竹,2023-03-09,8563
00923,群益台ESG低碳50,77,0,77,新光-新竹,2023-03-09,8563
1710,東聯,74,0,74,新光-新竹,2023-03-09,8563
00772B,中信高評級公司債,59,0,59,新光-新竹,2023-03-09,8563
5457,宣德,62,3,59,新光-新竹,2023-03-09,8563
2929,淘帝-KY,59,1,58,新光-新竹,2023-03-09,8563
6609,瀧澤科,63,7,56,新光-新竹,2023-03-09,8563
2409,友達,90,36,54,新光-新竹,2023-03-09,8563
3625,西勝,50,0,50,新光-新竹,2023-03-09,8563
6140,訊達,94,45,49,新光-新竹,2023-03-09,8563
6443,元晶,103,57,46,新光-新竹,2023-03-09,8563
00712,復華富時不動產,95,50,45,新光-新竹,2023-03-09,8563
2886,兆豐金,45,1,44,新光-新竹,2023-03-09,8563
2243,宏旭-KY,47,4,43,新光-新竹,2023-03-09,8563
8072,陞泰,42,0,42,新光-新竹,2023-03-09,8563
6127,九豪,40,0,40,新光-新竹,2023-03-09,8563
2359,所羅門,263,225,38,新光-新竹,2023-03-09,8563
5309,系統電,77,39,38,新光-新竹,2023-03-09,8563
00713,元大台灣高息低波,38,1,37,新光-新竹,2023-03-09,8563
4736,泰博,37,0,37,新光-新竹,2023-03-09,8563
3540,曜越,37,1,36,新光-新竹,2023-03-09,8563
3624,光頡,66,30,36,新光-新竹,2023-03-09,8563
2834,臺企銀,41,5,36,新光-新竹,2023-03-09,8563
00637L,元大滬深300正2,113,78,35,新光-新竹,2023-03-09,8563
00675L,富邦臺灣加權正2,35,1,34,新光-新竹,2023-03-09,8563
6235,華孚,99,65,34,新光-新竹,2023-03-09,8563
0050,元大台灣50,34,1,33,新光-新竹,2023-03-09,8563
4961,天鈺,35,2,33,新光-新竹,2023-03-09,8563
1513,中興電,103,70,33,新光-新竹,2023-03-09,8563
1718,中纖,33,1,32,新光-新竹,2023-03-09,8563
2891,中信金,44,13,31,新光-新竹,2023-03-09,8563
00751B,元大AAA至A公司債,29,2,27,新光-新竹,2023-03-09,8563
6535,順藥,27,0,27,新光-新竹,2023-03-09,8563
2610,華航,76,51,25,新光-新竹,2023-03-09,8563
4155,訊映,26,2,24,新光-新竹,2023-03-09,8563
8105,凌巨,24,0,24,新光-新竹,2023-03-09,8563
2482,連宇,109,85,24,新光-新竹,2023-03-09,8563
0056,元大高股息,27,4,23,新光-新竹,2023-03-09,8563
3576,聯合再生,26,3,23,新光-新竹,2023-03-09,8563
00878,國泰永續高股息,753,151,602,新光-新竹,2023-03-10,8563
00715L,期街口布蘭特正2,266,11,255,新光-新竹,2023-03-10,8563
3260,威剛,312,95,217,新光-新竹,2023-03-10,8563
2610,華航,472,291,181,新光-新竹,2023-03-10,8563
6770,力積電,243,66,177,新光-新竹,2023-03-10,8563
00713,元大台灣高息低波,203,29,174,新光-新竹,2023-03-10,8563
8069,元太,215,54,161,新光-新竹,2023-03-10,8563
00671R,富邦NASDAQ反1,196,40,156,新光-新竹,2023-03-10,8563
00882,中信中國高股息,162,16,146,新光-新竹,2023-03-10,8563
2388,威盛,267,135,132,新光-新竹,2023-03-10,8563
2884,玉山金,159,37,122,新光-新竹,2023-03-10,8563
2367,燿華,122,12,110,新光-新竹,2023-03-10,8563
1569,濱川,106,2,104,新光-新竹,2023-03-10,8563
911868,同方友友-DR,100,0,100,新光-新竹,2023-03-10,8563
2888,新光金,121,24,97,新光-新竹,2023-03-10,8563
2812,台中銀,130,35,95,新光-新竹,2023-03-10,8563
00923,群益台ESG低碳50,94,0,94,新光-新竹,2023-03-10,8563
00642U,期元大S＆P石油,93,1,92,新光-新竹,2023-03-10,8563
00712,復華富時不動產,223,133,90,新光-新竹,2023-03-10,8563
5608,四維航,140,54,86,新光-新竹,2023-03-10,8563
6142,友勁,85,1,84,新光-新竹,2023-03-10,8563
3162,精確,104,23,81,新光-新竹,2023-03-10,8563
2882,國泰金,83,11,72,新光-新竹,2023-03-10,8563
8299,群聯,68,3,65,新光-新竹,2023-03-10,8563
2891,中信金,70,13,57,新光-新竹,2023-03-10,8563
5871,中租-KY,59,5,54,新光-新竹,2023-03-10,8563
0050,元大台灣50,57,11,46,新光-新竹,2023-03-10,8563
00665L,富邦�琤肭磪囓�2,46,0,46,新光-新竹,2023-03-10,8563
2317,鴻海,108,62,46,新光-新竹,2023-03-10,8563
00675L,富邦臺灣加權正2,44,0,44,新光-新竹,2023-03-10,8563
5425,台半,54,10,44,新光-新竹,2023-03-10,8563
2453,凌群,188,144,44,新光-新竹,2023-03-10,8563
2344,華邦電,48,5,43,新光-新竹,2023-03-10,8563
3264,欣銓,46,5,41,新光-新竹,2023-03-10,8563
2883,凱基金,61,20,41,新光-新竹,2023-03-10,8563
5457,宣德,40,0,40,新光-新竹,2023-03-10,8563
1309,台達化,43,4,39,新光-新竹,2023-03-10,8563
5315,光聯,37,0,37,新光-新竹,2023-03-10,8563
1402,遠東新,37,0,37,新光-新竹,2023-03-10,8563
00753L,中信中國50正2,73,37,36,新光-新竹,2023-03-10,8563
3059,華晶科,34,0,34,新光-新竹,2023-03-10,8563
3346,麗清,66,33,33,新光-新竹,2023-03-10,8563
5880,合庫金,33,0,33,新光-新竹,2023-03-10,8563
8072,陞泰,31,1,30,新光-新竹,2023-03-10,8563
1718,中纖,29,0,29,新光-新竹,2023-03-10,8563
2359,所羅門,120,92,28,新光-新竹,2023-03-10,8563
4562,穎漢,28,0,28,新光-新竹,2023-03-10,8563
6129,普誠,51,24,27,新光-新竹,2023-03-10,8563
2402,毅嘉,36,9,27,新光-新竹,2023-03-10,8563
1514,亞力,36,10,26,新光-新竹,2023-03-10,8563
00712,復華富時不動產,725,160,565,新光-新竹,2023-03-13,8563
00632R,元大台灣50反1,1273,776,497,新光-新竹,2023-03-13,8563
00878,國泰永續高股息,789,414,375,新光-新竹,2023-03-13,8563
00688L,國泰20年美債正2,219,0,219,新光-新竹,2023-03-13,8563
6770,力積電,148,12,136,新光-新竹,2023-03-13,8563
4155,訊映,161,27,134,新光-新竹,2023-03-13,8563
2609,陽明,320,223,97,新光-新竹,2023-03-13,8563
00713,元大台灣高息低波,115,19,96,新光-新竹,2023-03-13,8563
2359,所羅門,163,75,88,新光-新竹,2023-03-13,8563
3024,憶聲,71,0,71,新光-新竹,2023-03-13,8563
3046,建��,216,148,68,新光-新竹,2023-03-13,8563
6122,擎邦,85,17,68,新光-新竹,2023-03-13,8563
4916,事欣科,74,16,58,新光-新竹,2023-03-13,8563
00720B,元大投資級公司債,64,7,57,新光-新竹,2023-03-13,8563
00772B,中信高評級公司債,60,7,53,新光-新竹,2023-03-13,8563
8069,元太,110,59,51,新光-新竹,2023-03-13,8563
00679B,元大美債20年,59,10,49,新光-新竹,2023-03-13,8563
2534,宏盛,46,0,46,新光-新竹,2023-03-13,8563
2618,長榮航,71,26,45,新光-新竹,2023-03-13,8563
00830,國泰費城半導體,44,8,36,新光-新竹,2023-03-13,8563
6234,高僑,35,0,35,新光-新竹,2023-03-13,8563
00715L,期街口布蘭特正2,70,38,32,新光-新竹,2023-03-13,8563
00885,富邦越南,37,7,30,新光-新竹,2023-03-13,8563
00664R,國泰臺灣加權反1,210,180,30,新光-新竹,2023-03-13,8563
00773B,中信優先金融債,47,18,29,新光-新竹,2023-03-13,8563
00637L,元大滬深300正2,43,16,27,新光-新竹,2023-03-13,8563
2883,凱基金,52,25,27,新光-新竹,2023-03-13,8563
2438,翔耀,25,0,25,新光-新竹,2023-03-13,8563
00751B,元大AAA至A公司債,25,1,24,新光-新竹,2023-03-13,8563
3041,揚智,24,0,24,新光-新竹,2023-03-13,8563
2413,環科,110,86,24,新光-新竹,2023-03-13,8563
6140,訊達,48,25,23,新光-新竹,2023-03-13,8563
8937,合騏,25,3,22,新光-新竹,2023-03-13,8563
2472,立隆電,24,2,22,新光-新竹,2023-03-13,8563
2317,鴻海,100,78,22,新光-新竹,2023-03-13,8563
5309,系統電,24,3,21,新光-新竹,2023-03-13,8563
4909,新復興,20,0,20,新光-新竹,2023-03-13,8563
2880,華南金,25,5,20,新光-新竹,2023-03-13,8563
3058,立德,21,2,19,新光-新竹,2023-03-13,8563
5880,合庫金,28,9,19,新光-新竹,2023-03-13,8563
5351,鈺創,28,10,18,新光-新竹,2023-03-13,8563
8150,南茂,17,0,17,新光-新竹,2023-03-13,8563
3038,全台,17,0,17,新光-新竹,2023-03-13,8563
2634,漢翔,34,17,17,新光-新竹,2023-03-13,8563
3624,光頡,57,40,17,新光-新竹,2023-03-13,8563
4402,郡都開發,16,0,16,新光-新竹,2023-03-13,8563
9945,潤泰新,21,5,16,新光-新竹,2023-03-13,8563
9921,巨大,17,2,15,新光-新竹,2023-03-13,8563
2457,飛宏,291,276,15,新光-新竹,2023-03-13,8563
5425,台半,38,23,15,新光-新竹,2023-03-13,8563
00878,國泰永續高股息,724,82,642,新光-新竹,2023-03-14,8563
00715L,期街口布蘭特正2,313,23,290,新光-新竹,2023-03-14,8563
00676R,富邦臺灣加權反1,223,0,223,新光-新竹,2023-03-14,8563
00642U,期元大S＆P石油,203,0,203,新光-新竹,2023-03-14,8563
5009,榮剛,227,39,188,新光-新竹,2023-03-14,8563
6173,信昌電,125,0,125,新光-新竹,2023-03-14,8563
00712,復華富時不動產,240,127,113,新光-新竹,2023-03-14,8563
5425,台半,157,48,109,新光-新竹,2023-03-14,8563
00882,中信中國高股息,110,2,108,新光-新竹,2023-03-14,8563
2834,臺企銀,109,8,101,新光-新竹,2023-03-14,8563
2605,新興,96,7,89,新光-新竹,2023-03-14,8563
2892,第一金,92,5,87,新光-新竹,2023-03-14,8563
2413,環科,92,8,84,新光-新竹,2023-03-14,8563
2457,飛宏,289,212,77,新光-新竹,2023-03-14,8563
2883,凱基金,76,2,74,新光-新竹,2023-03-14,8563
3024,憶聲,72,0,72,新光-新竹,2023-03-14,8563
2884,玉山金,120,51,69,新光-新竹,2023-03-14,8563
2615,萬海,202,134,68,新光-新竹,2023-03-14,8563
00764B,群益25年美債,60,0,60,新光-新竹,2023-03-14,8563
2610,華航,73,15,58,新光-新竹,2023-03-14,8563
2891,中信金,76,19,57,新光-新竹,2023-03-14,8563
00713,元大台灣高息低波,61,10,51,新光-新竹,2023-03-14,8563
00679B,元大美債20年,62,14,48,新光-新竹,2023-03-14,8563
3346,麗清,58,10,48,新光-新竹,2023-03-14,8563
6122,擎邦,157,109,48,新光-新竹,2023-03-14,8563
3260,威剛,48,2,46,新光-新竹,2023-03-14,8563
2888,新光金,43,0,43,新光-新竹,2023-03-14,8563
2880,華南金,43,2,41,新光-新竹,2023-03-14,8563
2812,台中銀,88,47,41,新光-新竹,2023-03-14,8563
2027,大成鋼,121,82,39,新光-新竹,2023-03-14,8563
2881,富邦金,42,3,39,新光-新竹,2023-03-14,8563
00720B,元大投資級公司債,52,14,38,新光-新竹,2023-03-14,8563
4190,佐登-KY,65,27,38,新光-新竹,2023-03-14,8563
00885,富邦越南,41,4,37,新光-新竹,2023-03-14,8563
2882,國泰金,39,2,37,新光-新竹,2023-03-14,8563
2409,友達,40,6,34,新光-新竹,2023-03-14,8563
2303,聯電,90,56,34,新光-新竹,2023-03-14,8563
00902,中信電池及儲能,32,0,32,新光-新竹,2023-03-14,8563
00753L,中信中國50正2,30,0,30,新光-新竹,2023-03-14,8563
2423,固緯,30,0,30,新光-新竹,2023-03-14,8563
4155,訊映,43,13,30,新光-新竹,2023-03-14,8563
5880,合庫金,34,6,28,新光-新竹,2023-03-14,8563
5434,崇越,28,1,27,新光-新竹,2023-03-14,8563
2890,永豐金,147,122,25,新光-新竹,2023-03-14,8563
00881,國泰台灣5G+,65,40,25,新光-新竹,2023-03-14,8563
2897,王道銀行,25,0,25,新光-新竹,2023-03-14,8563
6241,易通展,24,0,24,新光-新竹,2023-03-14,8563
3481,群創,43,19,24,新光-新竹,2023-03-14,8563
2634,漢翔,47,23,24,新光-新竹,2023-03-14,8563
6163,華電網,64,41,23,新光-新竹,2023-03-14,8563
00715L,期街口布蘭特正2,279,5,274,新光-新竹,2023-03-15,8563
00632R,元大台灣50反1,320,85,235,新光-新竹,2023-03-15,8563
2834,臺企銀,216,23,193,新光-新竹,2023-03-15,8563
5009,榮剛,203,22,181,新光-新竹,2023-03-15,8563
00878,國泰永續高股息,284,110,174,新光-新竹,2023-03-15,8563
00680L,元大美債20正2,214,58,156,新光-新竹,2023-03-15,8563
00642U,期元大S＆P石油,151,0,151,新光-新竹,2023-03-15,8563
4960,誠美材,142,0,142,新光-新竹,2023-03-15,8563
00712,復華富時不動產,241,131,110,新光-新竹,2023-03-15,8563
00713,元大台灣高息低波,95,0,95,新光-新竹,2023-03-15,8563
2603,長榮,310,220,90,新光-新竹,2023-03-15,8563
00679B,元大美債20年,83,8,75,新光-新竹,2023-03-15,8563
2883,凱基金,73,0,73,新光-新竹,2023-03-15,8563
2891,中信金,73,5,68,新光-新竹,2023-03-15,8563
00772B,中信高評級公司債,76,8,68,新光-新竹,2023-03-15,8563
00893,國泰智能電動車,53,0,53,新光-新竹,2023-03-15,8563
00676R,富邦臺灣加權反1,51,0,51,新光-新竹,2023-03-15,8563
2888,新光金,47,1,46,新光-新竹,2023-03-15,8563
2542,興富發,66,21,45,新光-新竹,2023-03-15,8563
00673R,期元大S＆P原油反1,110,66,44,新光-新竹,2023-03-15,8563
00720B,元大投資級公司債,55,13,42,新光-新竹,2023-03-15,8563
2887,台新金,43,1,42,新光-新竹,2023-03-15,8563
0056,元大高股息,44,3,41,新光-新竹,2023-03-15,8563
2702,華園,42,2,40,新光-新竹,2023-03-15,8563
6173,信昌電,37,0,37,新光-新竹,2023-03-15,8563
2880,華南金,35,0,35,新光-新竹,2023-03-15,8563
2641,正德,83,48,35,新光-新竹,2023-03-15,8563
4961,天鈺,39,5,34,新光-新竹,2023-03-15,8563
2881,富邦金,34,0,34,新光-新竹,2023-03-15,8563
00902,中信電池及儲能,31,0,31,新光-新竹,2023-03-15,8563
00773B,中信優先金融債,38,9,29,新光-新竹,2023-03-15,8563
2615,萬海,107,80,27,新光-新竹,2023-03-15,8563
2515,中工,30,3,27,新光-新竹,2023-03-15,8563
00923,群益台ESG低碳50,25,0,25,新光-新竹,2023-03-15,8563
3583,辛耘,25,0,25,新光-新竹,2023-03-15,8563
2884,玉山金,57,32,25,新光-新竹,2023-03-15,8563
2427,三商電,24,0,24,新光-新竹,2023-03-15,8563
4934,太極,38,15,23,新光-新竹,2023-03-15,8563
3005,神基,25,3,22,新光-新竹,2023-03-15,8563
2363,矽統,22,0,22,新光-新竹,2023-03-15,8563
2618,長榮航,42,21,21,新光-新竹,2023-03-15,8563
6235,華孚,86,65,21,新光-新竹,2023-03-15,8563
3062,建漢,20,0,20,新光-新竹,2023-03-15,8563
00671R,富邦NASDAQ反1,20,0,20,新光-新竹,2023-03-15,8563
00921,兆豐龍頭等權重,20,0,20,新光-新竹,2023-03-15,8563
5284,jpp-KY,21,1,20,新光-新竹,2023-03-15,8563
6118,建達,42,22,20,新光-新竹,2023-03-15,8563
9105,泰金寶-DR,20,0,20,新光-新竹,2023-03-15,8563
3038,全台,27,7,20,新光-新竹,2023-03-15,8563
6290,良維,22,2,20,新光-新竹,2023-03-15,8563
9945,潤泰新,1824,1292,532,新光-新竹,2023-03-16,8563
00713,元大台灣高息低波,396,1,395,新光-新竹,2023-03-16,8563
00715L,期街口布蘭特正2,863,608,255,新光-新竹,2023-03-16,8563
4102,永日,371,121,250,新光-新竹,2023-03-16,8563
3024,憶聲,251,17,234,新光-新竹,2023-03-16,8563
00642U,期元大S＆P石油,209,7,202,新光-新竹,2023-03-16,8563
2884,玉山金,226,27,199,新光-新竹,2023-03-16,8563
3056,富華新,277,139,138,新光-新竹,2023-03-16,8563
2891,中信金,135,17,118,新光-新竹,2023-03-16,8563
2409,友達,109,13,96,新光-新竹,2023-03-16,8563
2888,新光金,99,5,94,新光-新竹,2023-03-16,8563
2883B,凱基金乙特,80,0,80,新光-新竹,2023-03-16,8563
00712,復華富時不動產,226,146,80,新光-新竹,2023-03-16,8563
3346,麗清,81,2,79,新光-新竹,2023-03-16,8563
5425,台半,108,35,73,新光-新竹,2023-03-16,8563
00852L,國泰美國道瓊正2,70,0,70,新光-新竹,2023-03-16,8563
2317,鴻海,80,20,60,新光-新竹,2023-03-16,8563
2603,長榮,225,169,56,新光-新竹,2023-03-16,8563
6163,華電網,253,197,56,新光-新竹,2023-03-16,8563
2851,中再保,57,2,55,新光-新竹,2023-03-16,8563
6443,元晶,76,23,53,新光-新竹,2023-03-16,8563
2413,環科,59,9,50,新光-新竹,2023-03-16,8563
6153,嘉聯益,51,1,50,新光-新竹,2023-03-16,8563
6142,友勁,70,22,48,新光-新竹,2023-03-16,8563
2880,華南金,49,2,47,新光-新竹,2023-03-16,8563
00891,中信關鍵半導體,111,65,46,新光-新竹,2023-03-16,8563
3264,欣銓,49,10,39,新光-新竹,2023-03-16,8563
6417,韋僑,37,2,35,新光-新竹,2023-03-16,8563
6462,神盾,34,0,34,新光-新竹,2023-03-16,8563
2542,興富發,46,14,32,新光-新竹,2023-03-16,8563
2609,陽明,75,44,31,新光-新竹,2023-03-16,8563
2615,萬海,93,63,30,新光-新竹,2023-03-16,8563
3162,精確,59,30,29,新光-新竹,2023-03-16,8563
6118,建達,29,0,29,新光-新竹,2023-03-16,8563
1444,力麗,30,2,28,新光-新竹,2023-03-16,8563
3703,欣陸,27,0,27,新光-新竹,2023-03-16,8563
4934,太極,38,12,26,新光-新竹,2023-03-16,8563
9962,有益,31,5,26,新光-新竹,2023-03-16,8563
6188,廣明,27,2,25,新光-新竹,2023-03-16,8563
00631L,元大台灣50正2,24,0,24,新光-新竹,2023-03-16,8563
5880,合庫金,25,1,24,新光-新竹,2023-03-16,8563
0050,元大台灣50,32,8,24,新光-新竹,2023-03-16,8563
1712,興農,23,0,23,新光-新竹,2023-03-16,8563
00907,永豐優息存股,23,0,23,新光-新竹,2023-03-16,8563
2867,三商壽,22,0,22,新光-新竹,2023-03-16,8563
2501,國建,25,3,22,新光-新竹,2023-03-16,8563
2881,富邦金,37,16,21,新光-新竹,2023-03-16,8563
3035,智原,44,23,21,新光-新竹,2023-03-16,8563
2442,新美齊,20,0,20,新光-新竹,2023-03-16,8563
9105,泰金寶-DR,20,0,20,新光-新竹,2023-03-16,8563
2313,華通,210,0,210,新光-新竹,2023-03-17,8563
00715L,期街口布蘭特正2,174,23,151,新光-新竹,2023-03-17,8563
00878,國泰永續高股息,164,15,149,新光-新竹,2023-03-17,8563
6235,華孚,238,115,123,新光-新竹,2023-03-17,8563
2888,新光金,138,18,120,新光-新竹,2023-03-17,8563
2891,中信金,127,18,109,新光-新竹,2023-03-17,8563
00680L,元大美債20正2,113,24,89,新光-新竹,2023-03-17,8563
2834,臺企銀,118,40,78,新光-新竹,2023-03-17,8563
2884,玉山金,112,38,74,新光-新竹,2023-03-17,8563
4111,濟生,76,3,73,新光-新竹,2023-03-17,8563
3290,東浦,87,16,71,新光-新竹,2023-03-17,8563
2457,飛宏,467,403,64,新光-新竹,2023-03-17,8563
00632R,元大台灣50反1,585,523,62,新光-新竹,2023-03-17,8563
2442,新美齊,60,0,60,新光-新竹,2023-03-17,8563
4155,訊映,59,1,58,新光-新竹,2023-03-17,8563
00642U,期元大S＆P石油,59,6,53,新光-新竹,2023-03-17,8563
00688L,國泰20年美債正2,52,4,48,新光-新竹,2023-03-17,8563
3224,三顧,46,0,46,新光-新竹,2023-03-17,8563
00713,元大台灣高息低波,62,16,46,新光-新竹,2023-03-17,8563
4934,太極,47,2,45,新光-新竹,2023-03-17,8563
0056,元大高股息,46,5,41,新光-新竹,2023-03-17,8563
6139,亞翔,41,0,41,新光-新竹,2023-03-17,8563
00671R,富邦NASDAQ反1,52,11,41,新光-新竹,2023-03-17,8563
1603,華電,40,0,40,新光-新竹,2023-03-17,8563
5211,蒙恬,40,0,40,新光-新竹,2023-03-17,8563
3231,緯創,51,12,39,新光-新竹,2023-03-17,8563
00885,富邦越南,43,5,38,新光-新竹,2023-03-17,8563
8222,寶一,39,3,36,新光-新竹,2023-03-17,8563
9103,美德醫療-DR,34,0,34,新光-新竹,2023-03-17,8563
4961,天鈺,38,4,34,新光-新竹,2023-03-17,8563
00637L,元大滬深300正2,53,20,33,新光-新竹,2023-03-17,8563
00772B,中信高評級公司債,38,8,30,新光-新竹,2023-03-17,8563
5425,台半,63,33,30,新光-新竹,2023-03-17,8563
2458,義隆,28,0,28,新光-新竹,2023-03-17,8563
1513,中興電,72,45,27,新光-新竹,2023-03-17,8563
9904,寶成,50,24,26,新光-新竹,2023-03-17,8563
4977,眾達-KY,27,1,26,新光-新竹,2023-03-17,8563
2890,永豐金,37,12,25,新光-新竹,2023-03-17,8563
3221,台嘉碩,25,0,25,新光-新竹,2023-03-17,8563
3432,台端,25,0,25,新光-新竹,2023-03-17,8563
2453,凌群,47,22,25,新光-新竹,2023-03-17,8563
00908,富邦入息REITs+,21,0,21,新光-新竹,2023-03-17,8563
2897,王道銀行,21,0,21,新光-新竹,2023-03-17,8563
9907,統一實,20,0,20,新光-新竹,2023-03-17,8563
2610,華航,25,6,19,新光-新竹,2023-03-17,8563
00675L,富邦臺灣加權正2,27,8,19,新光-新竹,2023-03-17,8563
2881,富邦金,24,5,19,新光-新竹,2023-03-17,8563
3029,零壹,30,12,18,新光-新竹,2023-03-17,8563
00902,中信電池及儲能,19,1,18,新光-新竹,2023-03-17,8563
1785,光洋科,21,3,18,新光-新竹,2023-03-17,8563
00715L,期街口布蘭特正2,690,382,308,新光-新竹,2023-03-20,8563
4155,訊映,184,21,163,新光-新竹,2023-03-20,8563
00878,國泰永續高股息,151,12,139,新光-新竹,2023-03-20,8563
2409,友達,131,18,113,新光-新竹,2023-03-20,8563
9945,潤泰新,300,190,110,新光-新竹,2023-03-20,8563
00637L,元大滬深300正2,115,5,110,新光-新竹,2023-03-20,8563
2317,鴻海,100,13,87,新光-新竹,2023-03-20,8563
2888,新光金,85,2,83,新光-新竹,2023-03-20,8563
3576,聯合再生,104,39,65,新光-新竹,2023-03-20,8563
4102,永日,62,6,56,新光-新竹,2023-03-20,8563
00882,中信中國高股息,50,0,50,新光-新竹,2023-03-20,8563
00885,富邦越南,58,10,48,新光-新竹,2023-03-20,8563
1101,台泥,52,5,47,新光-新竹,2023-03-20,8563
2457,飛宏,269,223,46,新光-新竹,2023-03-20,8563
1519,華城,83,43,40,新光-新竹,2023-03-20,8563
3290,東浦,43,4,39,新光-新竹,2023-03-20,8563
00679B,元大美債20年,80,43,37,新光-新竹,2023-03-20,8563
5425,台半,63,27,36,新光-新竹,2023-03-20,8563
00772B,中信高評級公司債,35,2,33,新光-新竹,2023-03-20,8563
00675L,富邦臺灣加權正2,34,1,33,新光-新竹,2023-03-20,8563
2881,富邦金,32,0,32,新光-新竹,2023-03-20,8563
00708L,期元大S＆P黃金正2,40,8,32,新光-新竹,2023-03-20,8563
2455,全新,39,9,30,新光-新竹,2023-03-20,8563
4977,眾達-KY,58,30,28,新光-新竹,2023-03-20,8563
2471,資通,70,42,28,新光-新竹,2023-03-20,8563
00903,富邦元宇宙,27,0,27,新光-新竹,2023-03-20,8563
6163,華電網,54,27,27,新光-新竹,2023-03-20,8563
6443,元晶,139,112,27,新光-新竹,2023-03-20,8563
2406,國碩,50,24,26,新光-新竹,2023-03-20,8563
3056,富華新,58,32,26,新光-新竹,2023-03-20,8563
2351,順德,31,6,25,新光-新竹,2023-03-20,8563
3028,增你強,23,0,23,新光-新竹,2023-03-20,8563
8936,國統,35,14,21,新光-新竹,2023-03-20,8563
00665L,富邦�琤肭磪囓�2,21,0,21,新光-新竹,2023-03-20,8563
3443,創意,30,10,20,新光-新竹,2023-03-20,8563
3231,緯創,68,49,19,新光-新竹,2023-03-20,8563
2892,第一金,19,0,19,新光-新竹,2023-03-20,8563
00688L,國泰20年美債正2,20,1,19,新光-新竹,2023-03-20,8563
1609,大亞,19,1,18,新光-新竹,2023-03-20,8563
2388,威盛,78,60,18,新光-新竹,2023-03-20,8563
00923,群益台ESG低碳50,20,2,18,新光-新竹,2023-03-20,8563
3596,智易,18,1,17,新光-新竹,2023-03-20,8563
6442,光聖,19,2,17,新光-新竹,2023-03-20,8563
1304,台聚,25,8,17,新光-新竹,2023-03-20,8563
3046,建��,55,38,17,新光-新竹,2023-03-20,8563
2603,長榮,164,147,17,新光-新竹,2023-03-20,8563
5880,合庫金,17,0,17,新光-新竹,2023-03-20,8563
2891,中信金,30,14,16,新光-新竹,2023-03-20,8563
2634,漢翔,45,30,15,新光-新竹,2023-03-20,8563
00908,富邦入息REITs+,15,0,15,新光-新竹,2023-03-20,8563
00715L,期街口布蘭特正2,288,37,251,新光-新竹,2023-03-21,8563
3011,今皓,162,16,146,新光-新竹,2023-03-21,8563
6182,合晶,144,10,134,新光-新竹,2023-03-21,8563
5009,榮剛,160,62,98,新光-新竹,2023-03-21,8563
5347,世界,93,1,92,新光-新竹,2023-03-21,8563
6443,元晶,140,57,83,新光-新竹,2023-03-21,8563
00878,國泰永續高股息,126,57,69,新光-新竹,2023-03-21,8563
2610,華航,69,4,65,新光-新竹,2023-03-21,8563
4155,訊映,77,20,57,新光-新竹,2023-03-21,8563
2748,雲品,65,8,57,新光-新竹,2023-03-21,8563
00885,富邦越南,56,1,55,新光-新竹,2023-03-21,8563
2888,新光金,108,54,54,新光-新竹,2023-03-21,8563
00680L,元大美債20正2,54,0,54,新光-新竹,2023-03-21,8563
6118,建達,52,1,51,新光-新竹,2023-03-21,8563
2605,新興,50,2,48,新光-新竹,2023-03-21,8563
1722,台肥,50,2,48,新光-新竹,2023-03-21,8563
2427,三商電,43,1,42,新光-新竹,2023-03-21,8563
00679B,元大美債20年,48,6,42,新光-新竹,2023-03-21,8563
1605,華新,55,17,38,新光-新竹,2023-03-21,8563
2368,金像電,50,13,37,新光-新竹,2023-03-21,8563
6116,彩晶,41,6,35,新光-新竹,2023-03-21,8563
3027,盛達,73,41,32,新光-新竹,2023-03-21,8563
2885,元大金,30,0,30,新光-新竹,2023-03-21,8563
2449,京元電子,34,5,29,新光-新竹,2023-03-21,8563
2498,宏達電,46,18,28,新光-新竹,2023-03-21,8563
2884,玉山金,41,14,27,新光-新竹,2023-03-21,8563
00688L,國泰20年美債正2,25,0,25,新光-新竹,2023-03-21,8563
00671R,富邦NASDAQ反1,25,0,25,新光-新竹,2023-03-21,8563
4190,佐登-KY,33,8,25,新光-新竹,2023-03-21,8563
2891,中信金,37,13,24,新光-新竹,2023-03-21,8563
4977,眾達-KY,51,27,24,新光-新竹,2023-03-21,8563
2303,聯電,129,106,23,新光-新竹,2023-03-21,8563
4157,太景*-KY,31,8,23,新光-新竹,2023-03-21,8563
2707,晶華,30,7,23,新光-新竹,2023-03-21,8563
00753L,中信中國50正2,22,0,22,新光-新竹,2023-03-21,8563
6533,晶心科,31,10,21,新光-新竹,2023-03-21,8563
1710,東聯,21,0,21,新光-新竹,2023-03-21,8563
00907,永豐優息存股,20,0,20,新光-新竹,2023-03-21,8563
6005,群益證,30,10,20,新光-新竹,2023-03-21,8563
00903,富邦元宇宙,20,0,20,新光-新竹,2023-03-21,8563
8358,金居,25,5,20,新光-新竹,2023-03-21,8563
2603,長榮,58,39,19,新光-新竹,2023-03-21,8563
3596,智易,20,1,19,新光-新竹,2023-03-21,8563
3265,台星科,19,0,19,新光-新竹,2023-03-21,8563
2413,環科,30,12,18,新光-新竹,2023-03-21,8563
2433,互盛電,18,0,18,新光-新竹,2023-03-21,8563
5425,台半,23,6,17,新光-新竹,2023-03-21,8563
6770,力積電,35,19,16,新光-新竹,2023-03-21,8563
8936,國統,16,0,16,新光-新竹,2023-03-21,8563
4513,福裕,16,0,16,新光-新竹,2023-03-21,8563
9945,潤泰新,810,50,760,新光-新竹,2023-03-22,8563
00632R,元大台灣50反1,709,106,603,新光-新竹,2023-03-22,8563
00680L,元大美債20正2,240,15,225,新光-新竹,2023-03-22,8563
6288,聯嘉,172,22,150,新光-新竹,2023-03-22,8563
1504,東元,182,38,144,新光-新竹,2023-03-22,8563
00688L,國泰20年美債正2,127,2,125,新光-新竹,2023-03-22,8563
2481,強茂,121,12,109,新光-新竹,2023-03-22,8563
00664R,國泰臺灣加權反1,108,10,98,新光-新竹,2023-03-22,8563
00772B,中信高評級公司債,92,8,84,新光-新竹,2023-03-22,8563
4119,旭富,64,10,54,新光-新竹,2023-03-22,8563
3504,揚明光,52,1,51,新光-新竹,2023-03-22,8563
2433,互盛電,47,0,47,新光-新竹,2023-03-22,8563
2883B,凱基金乙特,45,0,45,新光-新竹,2023-03-22,8563
2605,新興,153,115,38,新光-新竹,2023-03-22,8563
2610,華航,58,20,38,新光-新竹,2023-03-22,8563
00673R,期元大S＆P原油反1,39,1,38,新光-新竹,2023-03-22,8563
1432,大魯閣,43,8,35,新光-新竹,2023-03-22,8563
2471,資通,166,131,35,新光-新竹,2023-03-22,8563
2317,鴻海,38,5,33,新光-新竹,2023-03-22,8563
6799,來頡,34,4,30,新光-新竹,2023-03-22,8563
6756,威鋒電子,47,17,30,新光-新竹,2023-03-22,8563
1312,國喬,30,0,30,新光-新竹,2023-03-22,8563
4763,材料-KY,134,104,30,新光-新竹,2023-03-22,8563
00893,國泰智能電動車,36,8,28,新光-新竹,2023-03-22,8563
3545,敦泰,35,7,28,新光-新竹,2023-03-22,8563
2201,裕隆,44,17,27,新光-新竹,2023-03-22,8563
3013,晟銘電,197,170,27,新光-新竹,2023-03-22,8563
3024,憶聲,30,5,25,新光-新竹,2023-03-22,8563
6535,順藥,25,0,25,新光-新竹,2023-03-22,8563
1513,中興電,44,20,24,新光-新竹,2023-03-22,8563
3037,欣興,95,72,23,新光-新竹,2023-03-22,8563
00637L,元大滬深300正2,50,27,23,新光-新竹,2023-03-22,8563
6139,亞翔,30,7,23,新光-新竹,2023-03-22,8563
00720B,元大投資級公司債,24,2,22,新光-新竹,2023-03-22,8563
2409,友達,25,3,22,新光-新竹,2023-03-22,8563
1614,三洋電,22,0,22,新光-新竹,2023-03-22,8563
2888,新光金,47,26,21,新光-新竹,2023-03-22,8563
5701,劍湖山,20,0,20,新光-新竹,2023-03-22,8563
2534,宏盛,20,0,20,新光-新竹,2023-03-22,8563
4543,萬在,25,5,20,新光-新竹,2023-03-22,8563
1524,耿鼎,73,54,19,新光-新竹,2023-03-22,8563
00687B,國泰20年美債,19,0,19,新光-新竹,2023-03-22,8563
2812,台中銀,28,10,18,新光-新竹,2023-03-22,8563
3324,雙鴻,48,30,18,新光-新竹,2023-03-22,8563
00902,中信電池及儲能,25,7,18,新光-新竹,2023-03-22,8563
3551,世禾,19,1,18,新光-新竹,2023-03-22,8563
2206,三陽工業,20,2,18,新光-新竹,2023-03-22,8563
00885,富邦越南,24,7,17,新光-新竹,2023-03-22,8563
8072,陞泰,17,0,17,新光-新竹,2023-03-22,8563
1529,樂事綠能,35,18,17,新光-新竹,2023-03-22,8563
00632R,元大台灣50反1,1018,1,1017,新光-新竹,2023-03-23,8563
1504,東元,230,34,196,新光-新竹,2023-03-23,8563
2303,聯電,134,28,106,新光-新竹,2023-03-23,8563
4155,訊映,83,0,83,新光-新竹,2023-03-23,8563
00712,復華富時不動產,168,92,76,新光-新竹,2023-03-23,8563
00753L,中信中國50正2,78,15,63,新光-新竹,2023-03-23,8563
1314,中石化,61,0,61,新光-新竹,2023-03-23,8563
00664R,國泰臺灣加權反1,90,30,60,新光-新竹,2023-03-23,8563
00882,中信中國高股息,57,7,50,新光-新竹,2023-03-23,8563
2891,中信金,56,7,49,新光-新竹,2023-03-23,8563
3051,力特,50,1,49,新光-新竹,2023-03-23,8563
00751B,元大AAA至A公司債,47,0,47,新光-新竹,2023-03-23,8563
2399,映泰,43,0,43,新光-新竹,2023-03-23,8563
1710,東聯,40,0,40,新光-新竹,2023-03-23,8563
5706,鳳凰,42,2,40,新光-新竹,2023-03-23,8563
00720B,元大投資級公司債,44,7,37,新光-新竹,2023-03-23,8563
2368,金像電,63,28,35,新光-新竹,2023-03-23,8563
4960,誠美材,39,6,33,新光-新竹,2023-03-23,8563
2640,大車隊,33,1,32,新光-新竹,2023-03-23,8563
3481,群創,125,93,32,新光-新竹,2023-03-23,8563
1560,中砂,38,7,31,新光-新竹,2023-03-23,8563
1219,福壽,30,0,30,新光-新竹,2023-03-23,8563
5519,隆大,30,0,30,新光-新竹,2023-03-23,8563
2888,新光金,38,10,28,新光-新竹,2023-03-23,8563
3491,昇達科,72,44,28,新光-新竹,2023-03-23,8563
00885,富邦越南,43,17,26,新光-新竹,2023-03-23,8563
00719B,元大美債1-3,26,0,26,新光-新竹,2023-03-23,8563
00653L,富邦印度正2,25,0,25,新光-新竹,2023-03-23,8563
6770,力積電,27,2,25,新光-新竹,2023-03-23,8563
2615,萬海,38,14,24,新光-新竹,2023-03-23,8563
6188,廣明,45,21,24,新光-新竹,2023-03-23,8563
2603,長榮,31,8,23,新光-新竹,2023-03-23,8563
5475,德宏,28,5,23,新光-新竹,2023-03-23,8563
3025,星通,46,23,23,新光-新竹,2023-03-23,8563
00908,富邦入息REITs+,23,0,23,新光-新竹,2023-03-23,8563
3693,營邦,23,0,23,新光-新竹,2023-03-23,8563
6118,建達,23,0,23,新光-新竹,2023-03-23,8563
6122,擎邦,44,21,23,新光-新竹,2023-03-23,8563
00679B,元大美債20年,57,34,23,新光-新竹,2023-03-23,8563
2809,京城銀,22,0,22,新光-新竹,2023-03-23,8563
5465,富驊,27,6,21,新光-新竹,2023-03-23,8563
3666,光耀,20,0,20,新光-新竹,2023-03-23,8563
2344,華邦電,21,1,20,新光-新竹,2023-03-23,8563
1605,華新,39,20,19,新光-新竹,2023-03-23,8563
2723,美食-KY,20,1,19,新光-新竹,2023-03-23,8563
3504,揚明光,21,2,19,新光-新竹,2023-03-23,8563
3013,晟銘電,21,3,18,新光-新竹,2023-03-23,8563
2419,仲琦,20,2,18,新光-新竹,2023-03-23,8563
4976,佳凌,81,63,18,新光-新竹,2023-03-23,8563
8155,博智,40,22,18,新光-新竹,2023-03-23,8563
2344,華邦電,312,75,237,新光-新竹,2023-03-24,8563
2457,飛宏,178,56,122,新光-新竹,2023-03-24,8563
5353,台林,134,17,117,新光-新竹,2023-03-24,8563
00772B,中信高評級公司債,98,0,98,新光-新竹,2023-03-24,8563
00712,復華富時不動產,208,119,89,新光-新竹,2023-03-24,8563
2883B,凱基金乙特,93,10,83,新光-新竹,2023-03-24,8563
8105,凌巨,83,1,82,新光-新竹,2023-03-24,8563
2201,裕隆,104,24,80,新光-新竹,2023-03-24,8563
3025,星通,84,7,77,新光-新竹,2023-03-24,8563
1609,大亞,141,71,70,新光-新竹,2023-03-24,8563
5457,宣德,67,1,66,新光-新竹,2023-03-24,8563
00885,富邦越南,73,17,56,新光-新竹,2023-03-24,8563
8358,金居,57,5,52,新光-新竹,2023-03-24,8563
3346,麗清,60,12,48,新光-新竹,2023-03-24,8563
3481,群創,90,47,43,新光-新竹,2023-03-24,8563
1909,榮成,43,0,43,新光-新竹,2023-03-24,8563
8091,翔名,40,2,38,新光-新竹,2023-03-24,8563
2888,新光金,37,0,37,新光-新竹,2023-03-24,8563
5351,鈺創,48,13,35,新光-新竹,2023-03-24,8563
00679B,元大美債20年,36,2,34,新光-新竹,2023-03-24,8563
2472,立隆電,37,3,34,新光-新竹,2023-03-24,8563
1710,東聯,34,0,34,新光-新竹,2023-03-24,8563
3013,晟銘電,93,61,32,新光-新竹,2023-03-24,8563
2498,宏達電,48,17,31,新光-新竹,2023-03-24,8563
00664R,國泰臺灣加權反1,30,0,30,新光-新竹,2023-03-24,8563
00912,中信臺灣智慧50,30,0,30,新光-新竹,2023-03-24,8563
3260,威剛,34,6,28,新光-新竹,2023-03-24,8563
9904,寶成,33,6,27,新光-新竹,2023-03-24,8563
6690,安�硌穈T,26,0,26,新光-新竹,2023-03-24,8563
1101,台泥,45,20,25,新光-新竹,2023-03-24,8563
2332,友訊,27,2,25,新光-新竹,2023-03-24,8563
6533,晶心科,61,36,25,新光-新竹,2023-03-24,8563
2303,聯電,46,22,24,新光-新竹,2023-03-24,8563
3011,今皓,30,6,24,新光-新竹,2023-03-24,8563
6548,長科*,27,4,23,新光-新竹,2023-03-24,8563
5475,德宏,28,5,23,新光-新竹,2023-03-24,8563
2618,長榮航,29,6,23,新光-新竹,2023-03-24,8563
00720B,元大投資級公司債,22,0,22,新光-新竹,2023-03-24,8563
2002,中鋼,22,0,22,新光-新竹,2023-03-24,8563
4306,炎洲,21,0,21,新光-新竹,2023-03-24,8563
2301,光寶科,24,4,20,新光-新竹,2023-03-24,8563
2610,華航,28,8,20,新光-新竹,2023-03-24,8563
2881,富邦金,20,0,20,新光-新竹,2023-03-24,8563
5285,界霖,47,27,20,新光-新竹,2023-03-24,8563
4915,致伸,20,0,20,新光-新竹,2023-03-24,8563
3715,定穎投控,46,26,20,新光-新竹,2023-03-24,8563
5443,均豪,20,0,20,新光-新竹,2023-03-24,8563
2882,國泰金,20,1,19,新光-新竹,2023-03-24,8563
2542,興富發,39,20,19,新光-新竹,2023-03-24,8563
3596,智易,19,0,19,新光-新竹,2023-03-24,8563
6244,茂迪,330,87,243,新光-新竹,2023-03-27,8563
00882,中信中國高股息,312,121,191,新光-新竹,2023-03-27,8563
3290,東浦,120,2,118,新光-新竹,2023-03-27,8563
1605,華新,133,18,115,新光-新竹,2023-03-27,8563
00665L,富邦�琤肭磪囓�2,210,110,100,新光-新竹,2023-03-27,8563
00753L,中信中國50正2,101,17,84,新光-新竹,2023-03-27,8563
3714,富采,122,42,80,新光-新竹,2023-03-27,8563
5465,富驊,72,0,72,新光-新竹,2023-03-27,8563
2317,鴻海,114,44,70,新光-新竹,2023-03-27,8563
2882,國泰金,59,5,54,新光-新竹,2023-03-27,8563
4190,佐登-KY,58,5,53,新光-新竹,2023-03-27,8563
8222,寶一,92,41,51,新光-新竹,2023-03-27,8563
9907,統一實,51,2,49,新光-新竹,2023-03-27,8563
3017,奇鋐,264,216,48,新光-新竹,2023-03-27,8563
2498,宏達電,126,80,46,新光-新竹,2023-03-27,8563
2014,中鴻,45,2,43,新光-新竹,2023-03-27,8563
6770,力積電,46,4,42,新光-新竹,2023-03-27,8563
2834,臺企銀,41,0,41,新光-新竹,2023-03-27,8563
2431,聯昌,39,0,39,新光-新竹,2023-03-27,8563
2344,華邦電,66,28,38,新光-新竹,2023-03-27,8563
8105,凌巨,38,1,37,新光-新竹,2023-03-27,8563
2610,華航,37,1,36,新光-新竹,2023-03-27,8563
1762,中化生,39,4,35,新光-新竹,2023-03-27,8563
00772B,中信高評級公司債,34,0,34,新光-新竹,2023-03-27,8563
3169,亞信,38,4,34,新光-新竹,2023-03-27,8563
6153,嘉聯益,33,1,32,新光-新竹,2023-03-27,8563
1215,卜蜂,32,2,30,新光-新竹,2023-03-27,8563
2913,農林,30,0,30,新光-新竹,2023-03-27,8563
3035,智原,128,99,29,新光-新竹,2023-03-27,8563
8033,雷虎,46,18,28,新光-新竹,2023-03-27,8563
3481,群創,34,6,28,新光-新竹,2023-03-27,8563
00888,永豐台灣ESG,28,0,28,新光-新竹,2023-03-27,8563
6226,光鼎,38,10,28,新光-新竹,2023-03-27,8563
1584,精剛,70,44,26,新光-新竹,2023-03-27,8563
1618,合機,37,12,25,新光-新竹,2023-03-27,8563
5701,劍湖山,25,0,25,新光-新竹,2023-03-27,8563
8046,南電,42,18,24,新光-新竹,2023-03-27,8563
1319,東陽,24,1,23,新光-新竹,2023-03-27,8563
00878,國泰永續高股息,148,125,23,新光-新竹,2023-03-27,8563
2340,台亞,58,35,23,新光-新竹,2023-03-27,8563
3362,先進光,22,0,22,新光-新竹,2023-03-27,8563
6163,華電網,65,45,20,新光-新竹,2023-03-27,8563
3504,揚明光,20,0,20,新光-新竹,2023-03-27,8563
3447,展達,23,4,19,新光-新竹,2023-03-27,8563
8996,高力,20,1,19,新光-新竹,2023-03-27,8563
6118,建達,20,2,18,新光-新竹,2023-03-27,8563
8421,旭源,18,0,18,新光-新竹,2023-03-27,8563
00900,富邦特選高股息30,19,1,18,新光-新竹,2023-03-27,8563
2105,正新,31,13,18,新光-新竹,2023-03-27,8563
2634,漢翔,146,129,17,新光-新竹,2023-03-27,8563
00714,群益道瓊美國地產,507,0,507,新光-新竹,2023-03-28,8563
00908,富邦入息REITs+,336,10,326,新光-新竹,2023-03-28,8563
00679B,元大美債20年,279,4,275,新光-新竹,2023-03-28,8563
00680L,元大美債20正2,253,0,253,新光-新竹,2023-03-28,8563
2206,三陽工業,183,1,182,新光-新竹,2023-03-28,8563
00882,中信中國高股息,152,1,151,新光-新竹,2023-03-28,8563
1569,濱川,157,8,149,新光-新竹,2023-03-28,8563
9945,潤泰新,118,1,117,新光-新竹,2023-03-28,8563
1504,東元,137,25,112,新光-新竹,2023-03-28,8563
1609,大亞,111,5,106,新光-新竹,2023-03-28,8563
2867,三商壽,103,0,103,新光-新竹,2023-03-28,8563
2812,台中銀,113,12,101,新光-新竹,2023-03-28,8563
00772B,中信高評級公司債,84,0,84,新光-新竹,2023-03-28,8563
00720B,元大投資級公司債,77,10,67,新光-新竹,2023-03-28,8563
3260,威剛,86,24,62,新光-新竹,2023-03-28,8563
6288,聯嘉,122,61,61,新光-新竹,2023-03-28,8563
3231,緯創,235,184,51,新光-新竹,2023-03-28,8563
2498,宏達電,60,12,48,新光-新竹,2023-03-28,8563
5222,全訊,63,15,48,新光-新竹,2023-03-28,8563
3362,先進光,51,5,46,新光-新竹,2023-03-28,8563
6285,啟��,55,10,45,新光-新竹,2023-03-28,8563
6118,建達,44,0,44,新光-新竹,2023-03-28,8563
00673R,期元大S＆P原油反1,44,1,43,新光-新竹,2023-03-28,8563
4155,訊映,43,1,42,新光-新竹,2023-03-28,8563
00696B,富邦美債20年,42,0,42,新光-新竹,2023-03-28,8563
2399,映泰,43,2,41,新光-新竹,2023-03-28,8563
3504,揚明光,40,0,40,新光-新竹,2023-03-28,8563
8222,寶一,55,15,40,新光-新竹,2023-03-28,8563
00751B,元大AAA至A公司債,39,0,39,新光-新竹,2023-03-28,8563
8105,凌巨,40,3,37,新光-新竹,2023-03-28,8563
3035,智原,125,88,37,新光-新竹,2023-03-28,8563
1101,台泥,69,33,36,新光-新竹,2023-03-28,8563
00922,國泰台灣領袖50,34,0,34,新光-新竹,2023-03-28,8563
00687B,國泰20年美債,34,2,32,新光-新竹,2023-03-28,8563
00650L,復華香港正2,30,0,30,新光-新竹,2023-03-28,8563
3011,今皓,32,3,29,新光-新竹,2023-03-28,8563
3290,東浦,32,3,29,新光-新竹,2023-03-28,8563
006208,富邦台50,28,0,28,新光-新竹,2023-03-28,8563
1785,光洋科,27,0,27,新光-新竹,2023-03-28,8563
2610,華航,47,20,27,新光-新竹,2023-03-28,8563
2317,鴻海,85,59,26,新光-新竹,2023-03-28,8563
4979,華星光,87,61,26,新光-新竹,2023-03-28,8563
2379,瑞昱,32,6,26,新光-新竹,2023-03-28,8563
00773B,中信優先金融債,26,0,26,新光-新竹,2023-03-28,8563
6806,森崴能源,33,9,24,新光-新竹,2023-03-28,8563
5457,宣德,25,1,24,新光-新竹,2023-03-28,8563
00888,永豐台灣ESG,23,0,23,新光-新竹,2023-03-28,8563
6142,友勁,23,0,23,新光-新竹,2023-03-28,8563
2413,環科,24,1,23,新光-新竹,2023-03-28,8563
2441,超豐,22,0,22,新光-新竹,2023-03-28,8563
5475,德宏,225,30,195,新光-新竹,2023-03-29,8563
00637L,元大滬深300正2,184,40,144,新光-新竹,2023-03-29,8563
00679B,元大美債20年,137,1,136,新光-新竹,2023-03-29,8563
8088,品安,131,4,127,新光-新竹,2023-03-29,8563
00680L,元大美債20正2,98,0,98,新光-新竹,2023-03-29,8563
00751B,元大AAA至A公司債,90,0,90,新光-新竹,2023-03-29,8563
00714,群益道瓊美國地產,82,0,82,新光-新竹,2023-03-29,8563
00772B,中信高評級公司債,76,10,66,新光-新竹,2023-03-29,8563
00642U,期元大S＆P石油,100,41,59,新光-新竹,2023-03-29,8563
00888,永豐台灣ESG,58,3,55,新光-新竹,2023-03-29,8563
00688L,國泰20年美債正2,45,0,45,新光-新竹,2023-03-29,8563
2457,飛宏,118,74,44,新光-新竹,2023-03-29,8563
3025,星通,50,6,44,新光-新竹,2023-03-29,8563
3322,建舜電,43,0,43,新光-新竹,2023-03-29,8563
3594,磐儀,45,6,39,新光-新竹,2023-03-29,8563
6235,華孚,107,68,39,新光-新竹,2023-03-29,8563
00673R,期元大S＆P原油反1,37,0,37,新光-新竹,2023-03-29,8563
6122,擎邦,66,30,36,新光-新竹,2023-03-29,8563
6288,聯嘉,103,68,35,新光-新竹,2023-03-29,8563
1569,濱川,34,0,34,新光-新竹,2023-03-29,8563
1316,上曜,30,0,30,新光-新竹,2023-03-29,8563
6226,光鼎,33,5,28,新光-新竹,2023-03-29,8563
2243,宏旭-KY,28,2,26,新光-新竹,2023-03-29,8563
2609,陽明,29,4,25,新光-新竹,2023-03-29,8563
3706,神達,26,1,25,新光-新竹,2023-03-29,8563
4960,誠美材,23,0,23,新光-新竹,2023-03-29,8563
00892,富邦台灣半導體,23,0,23,新光-新竹,2023-03-29,8563
4967,十銓,28,5,23,新光-新竹,2023-03-29,8563
5315,光聯,23,0,23,新光-新竹,2023-03-29,8563
4155,訊映,22,0,22,新光-新竹,2023-03-29,8563
2641,正德,22,0,22,新光-新竹,2023-03-29,8563
2371,大同,47,25,22,新光-新竹,2023-03-29,8563
2845,遠東銀,21,0,21,新光-新竹,2023-03-29,8563
2834,臺企銀,27,6,21,新光-新竹,2023-03-29,8563
00687B,國泰20年美債,21,0,21,新光-新竹,2023-03-29,8563
3682,亞太電,20,0,20,新光-新竹,2023-03-29,8563
5701,劍湖山,20,0,20,新光-新竹,2023-03-29,8563
00891,中信關鍵半導體,18,0,18,新光-新竹,2023-03-29,8563
3035,智原,73,56,17,新光-新竹,2023-03-29,8563
4147,中裕,31,14,17,新光-新竹,2023-03-29,8563
00922,國泰台灣領袖50,17,0,17,新光-新竹,2023-03-29,8563
6217,中探針,17,1,16,新光-新竹,2023-03-29,8563
5243,乙盛-KY,29,13,16,新光-新竹,2023-03-29,8563
3019,亞光,20,5,15,新光-新竹,2023-03-29,8563
00641R,富邦日本反1,15,0,15,新光-新竹,2023-03-29,8563
9907,統一實,15,0,15,新光-新竹,2023-03-29,8563
00773B,中信優先金融債,15,1,14,新光-新竹,2023-03-29,8563
2206,三陽工業,21,7,14,新光-新竹,2023-03-29,8563
2376,技嘉,20,6,14,新光-新竹,2023-03-29,8563
3324,雙鴻,33,19,14,新光-新竹,2023-03-29,8563
6288,聯嘉,138,31,107,新光-新竹,2023-03-30,8563
3231,緯創,241,136,105,新光-新竹,2023-03-30,8563
2457,飛宏,125,20,105,新光-新竹,2023-03-30,8563
00665L,富邦�琤肭磪囓�2,161,80,81,新光-新竹,2023-03-30,8563
5475,德宏,88,18,70,新光-新竹,2023-03-30,8563
00882,中信中國高股息,68,1,67,新光-新竹,2023-03-30,8563
3017,奇鋐,101,39,62,新光-新竹,2023-03-30,8563
00877,復華中國5G,60,0,60,新光-新竹,2023-03-30,8563
2371,大同,63,4,59,新光-新竹,2023-03-30,8563
00680L,元大美債20正2,52,0,52,新光-新竹,2023-03-30,8563
2104,國際中橡,51,0,51,新光-新竹,2023-03-30,8563
2645,長榮航太,51,3,48,新光-新竹,2023-03-30,8563
1795,美時,54,11,43,新光-新竹,2023-03-30,8563
00679B,元大美債20年,40,0,40,新光-新竹,2023-03-30,8563
4967,十銓,139,103,36,新光-新竹,2023-03-30,8563
6244,茂迪,65,29,36,新光-新竹,2023-03-30,8563
3481,群創,39,6,33,新光-新竹,2023-03-30,8563
00900,富邦特選高股息30,32,1,31,新光-新竹,2023-03-30,8563
2409,友達,46,15,31,新光-新竹,2023-03-30,8563
8046,南電,55,25,30,新光-新竹,2023-03-30,8563
2889,國票金,29,0,29,新光-新竹,2023-03-30,8563
2890,永豐金,95,67,28,新光-新竹,2023-03-30,8563
2887,台新金,30,2,28,新光-新竹,2023-03-30,8563
4155,訊映,26,0,26,新光-新竹,2023-03-30,8563
4960,誠美材,42,17,25,新光-新竹,2023-03-30,8563
4919,新唐,38,13,25,新光-新竹,2023-03-30,8563
8050,廣積,112,87,25,新光-新竹,2023-03-30,8563
5388,中磊,29,5,24,新光-新竹,2023-03-30,8563
1504,東元,66,43,23,新光-新竹,2023-03-30,8563
2342,茂矽,34,12,22,新光-新竹,2023-03-30,8563
2427,三商電,26,4,22,新光-新竹,2023-03-30,8563
1101,台泥,25,4,21,新光-新竹,2023-03-30,8563
1760,寶齡富錦,20,0,20,新光-新竹,2023-03-30,8563
5315,光聯,30,10,20,新光-新竹,2023-03-30,8563
00632R,元大台灣50反1,40,20,20,新光-新竹,2023-03-30,8563
3682,亞太電,20,0,20,新光-新竹,2023-03-30,8563
3324,雙鴻,38,18,20,新光-新竹,2023-03-30,8563
6122,擎邦,25,6,19,新光-新竹,2023-03-30,8563
3339,泰谷,18,0,18,新光-新竹,2023-03-30,8563
1762,中化生,22,4,18,新光-新竹,2023-03-30,8563
1752,南光,17,1,16,新光-新竹,2023-03-30,8563
1905,華紙,16,0,16,新光-新竹,2023-03-30,8563
00706L,期元大S＆P日圓正2,15,0,15,新光-新竹,2023-03-30,8563
3483,力致,42,27,15,新光-新竹,2023-03-30,8563
2317,鴻海,40,26,14,新光-新竹,2023-03-30,8563
2883,凱基金,17,3,14,新光-新竹,2023-03-30,8563
4916,事欣科,14,1,13,新光-新竹,2023-03-30,8563
2359,所羅門,42,30,12,新光-新竹,2023-03-30,8563
00650L,復華香港正2,12,0,12,新光-新竹,2023-03-30,8563
00795B,中信美國公債20年,12,0,12,新光-新竹,2023-03-30,8563
3715,定穎投控,443,22,421,新光-新竹,2023-03-31,8563
00669R,國泰美國道瓊反1,200,1,199,新光-新竹,2023-03-31,8563
2645,長榮航太,176,20,156,新光-新竹,2023-03-31,8563
8050,廣積,106,41,65,新光-新竹,2023-03-31,8563
00650L,復華香港正2,86,24,62,新光-新竹,2023-03-31,8563
4967,十銓,161,102,59,新光-新竹,2023-03-31,8563
2867,三商壽,57,0,57,新光-新竹,2023-03-31,8563
00882,中信中國高股息,98,51,47,新光-新竹,2023-03-31,8563
3264,欣銓,52,6,46,新光-新竹,2023-03-31,8563
5871,中租-KY,51,7,44,新光-新竹,2023-03-31,8563
00631L,元大台灣50正2,48,7,41,新光-新竹,2023-03-31,8563
6485,點序,88,51,37,新光-新竹,2023-03-31,8563
2482,連宇,57,21,36,新光-新竹,2023-03-31,8563
00885,富邦越南,34,0,34,新光-新竹,2023-03-31,8563
00679B,元大美債20年,33,1,32,新光-新竹,2023-03-31,8563
3006,晶豪科,73,41,32,新光-新竹,2023-03-31,8563
8105,凌巨,34,2,32,新光-新竹,2023-03-31,8563
2449,京元電子,32,1,31,新光-新竹,2023-03-31,8563
00902,中信電池及儲能,35,4,31,新光-新竹,2023-03-31,8563
4155,訊映,31,2,29,新光-新竹,2023-03-31,8563
2368,金像電,35,6,29,新光-新竹,2023-03-31,8563
1760,寶齡富錦,32,3,29,新光-新竹,2023-03-31,8563
6133,金橋,114,86,28,新光-新竹,2023-03-31,8563
2317,鴻海,67,39,28,新光-新竹,2023-03-31,8563
00727B,國泰優選非投等債,25,0,25,新光-新竹,2023-03-31,8563
00726B,國泰新興投等債,25,0,25,新光-新竹,2023-03-31,8563
4934,太極,42,18,24,新光-新竹,2023-03-31,8563
6443,元晶,39,16,23,新光-新竹,2023-03-31,8563
2610,華航,42,20,22,新光-新竹,2023-03-31,8563
2888,新光金,21,0,21,新光-新竹,2023-03-31,8563
3682,亞太電,21,0,21,新光-新竹,2023-03-31,8563
3504,揚明光,22,1,21,新光-新竹,2023-03-31,8563
00673R,期元大S＆P原油反1,26,5,21,新光-新竹,2023-03-31,8563
2429,銘旺科,20,0,20,新光-新竹,2023-03-31,8563
1513,中興電,39,21,18,新光-新竹,2023-03-31,8563
6139,亞翔,42,25,17,新光-新竹,2023-03-31,8563
2486,一詮,33,16,17,新光-新竹,2023-03-31,8563
6121,新普,18,1,17,新光-新竹,2023-03-31,8563
2353,宏��,21,5,16,新光-新竹,2023-03-31,8563
2615,萬海,17,1,16,新光-新竹,2023-03-31,8563
3189,景碩,20,4,16,新光-新竹,2023-03-31,8563
3481,群創,41,25,16,新光-新竹,2023-03-31,8563
2504,國產,15,0,15,新光-新竹,2023-03-31,8563
5519,隆大,15,0,15,新光-新竹,2023-03-31,8563
00706L,期元大S＆P日圓正2,15,0,15,新光-新竹,2023-03-31,8563
2337,旺宏,44,29,15,新光-新竹,2023-03-31,8563
4973,廣穎,14,0,14,新光-新竹,2023-03-31,8563
6163,華電網,25,12,13,新光-新竹,2023-03-31,8563
6142,友勁,12,0,12,新光-新竹,2023-03-31,8563
2345,智邦,13,1,12,新光-新竹,2023-03-31,8563
2645,長榮航太,1494,210,1284,新光-新竹,2023-04-06,8563
00673R,期元大S＆P原油反1,496,0,496,新光-新竹,2023-04-06,8563
2317,鴻海,260,30,230,新光-新竹,2023-04-06,8563
00679B,元大美債20年,278,82,196,新光-新竹,2023-04-06,8563
3481,群創,217,27,190,新光-新竹,2023-04-06,8563
2344,華邦電,228,39,189,新光-新竹,2023-04-06,8563
5347,世界,148,5,143,新光-新竹,2023-04-06,8563
00902,中信電池及儲能,137,0,137,新光-新竹,2023-04-06,8563
00753L,中信中國50正2,135,9,126,新光-新竹,2023-04-06,8563
2457,飛宏,130,21,109,新光-新竹,2023-04-06,8563
2834,臺企銀,127,22,105,新光-新竹,2023-04-06,8563
00878,國泰永續高股息,156,78,78,新光-新竹,2023-04-06,8563
00891,中信關鍵半導體,73,4,69,新光-新竹,2023-04-06,8563
00885,富邦越南,97,29,68,新光-新竹,2023-04-06,8563
00665L,富邦�琤肭磪囓�2,85,20,65,新光-新竹,2023-04-06,8563
00637L,元大滬深300正2,191,130,61,新光-新竹,2023-04-06,8563
1569,濱川,60,0,60,新光-新竹,2023-04-06,8563
3025,星通,63,13,50,新光-新竹,2023-04-06,8563
2884,玉山金,146,98,48,新光-新竹,2023-04-06,8563
8069,元太,117,71,46,新光-新竹,2023-04-06,8563
2890,永豐金,124,80,44,新光-新竹,2023-04-06,8563
2417,圓剛,50,6,44,新光-新竹,2023-04-06,8563
6235,華孚,411,369,42,新光-新竹,2023-04-06,8563
00632R,元大台灣50反1,55,15,40,新光-新竹,2023-04-06,8563
00633L,富邦上証正2,40,0,40,新光-新竹,2023-04-06,8563
3490,單井,47,7,40,新光-新竹,2023-04-06,8563
00905,FT臺灣Smart,40,0,40,新光-新竹,2023-04-06,8563
6129,普誠,39,2,37,新光-新竹,2023-04-06,8563
2891,中信金,38,1,37,新光-新竹,2023-04-06,8563
2618,長榮航,42,6,36,新光-新竹,2023-04-06,8563
00888,永豐台灣ESG,36,1,35,新光-新竹,2023-04-06,8563
3056,富華新,48,18,30,新光-新竹,2023-04-06,8563
6548,長科*,99,70,29,新光-新竹,2023-04-06,8563
4566,時碩工業,29,1,28,新光-新竹,2023-04-06,8563
6285,啟��,38,11,27,新光-新竹,2023-04-06,8563
00922,國泰台灣領袖50,27,0,27,新光-新竹,2023-04-06,8563
6142,友勁,29,4,25,新光-新竹,2023-04-06,8563
8171,天宇,25,0,25,新光-新竹,2023-04-06,8563
2208,台船,128,104,24,新光-新竹,2023-04-06,8563
4961,天鈺,25,1,24,新光-新竹,2023-04-06,8563
2231,為升,24,1,23,新光-新竹,2023-04-06,8563
2474,可成,24,1,23,新光-新竹,2023-04-06,8563
2454,聯發科,22,0,22,新光-新竹,2023-04-06,8563
00631L,元大台灣50正2,28,6,22,新光-新竹,2023-04-06,8563
6443,元晶,25,4,21,新光-新竹,2023-04-06,8563
1722,台肥,21,0,21,新光-新竹,2023-04-06,8563
2607,榮運,21,1,20,新光-新竹,2023-04-06,8563
6770,力積電,42,22,20,新光-新竹,2023-04-06,8563
8105,凌巨,20,0,20,新光-新竹,2023-04-06,8563
00669R,國泰美國道瓊反1,30,10,20,新光-新竹,2023-04-06,8563
00632R,元大台灣50反1,252,12,240,新光-新竹,2023-04-07,8563
8996,高力,154,0,154,新光-新竹,2023-04-07,8563
00673R,期元大S＆P原油反1,94,21,73,新光-新竹,2023-04-07,8563
1513,中興電,153,83,70,新光-新竹,2023-04-07,8563
2834,臺企銀,66,0,66,新光-新竹,2023-04-07,8563
6217,中探針,64,0,64,新光-新竹,2023-04-07,8563
00773B,中信優先金融債,63,0,63,新光-新竹,2023-04-07,8563
6226,光鼎,60,0,60,新光-新竹,2023-04-07,8563
2867,三商壽,101,47,54,新光-新竹,2023-04-07,8563
00712,復華富時不動產,72,20,52,新光-新竹,2023-04-07,8563
4967,十銓,175,127,48,新光-新竹,2023-04-07,8563
2417,圓剛,47,0,47,新光-新竹,2023-04-07,8563
00741B,富邦全球非投等債,39,0,39,新光-新竹,2023-04-07,8563
2436,偉詮電,50,12,38,新光-新竹,2023-04-07,8563
6770,力積電,55,20,35,新光-新竹,2023-04-07,8563
3264,欣銓,41,6,35,新光-新竹,2023-04-07,8563
2317,鴻海,61,27,34,新光-新竹,2023-04-07,8563
3231,緯創,64,33,31,新光-新竹,2023-04-07,8563
3290,東浦,31,0,31,新光-新竹,2023-04-07,8563
1569,濱川,30,0,30,新光-新竹,2023-04-07,8563
00713,元大台灣高息低波,33,3,30,新光-新竹,2023-04-07,8563
6603,富強鑫,30,1,29,新光-新竹,2023-04-07,8563
00753L,中信中國50正2,28,0,28,新光-新竹,2023-04-07,8563
3545,敦泰,86,60,26,新光-新竹,2023-04-07,8563
3035,智原,45,19,26,新光-新竹,2023-04-07,8563
2356,英業達,29,3,26,新光-新竹,2023-04-07,8563
00885,富邦越南,357,333,24,新光-新竹,2023-04-07,8563
2605,新興,42,18,24,新光-新竹,2023-04-07,8563
3481,群創,64,42,22,新光-新竹,2023-04-07,8563
2457,飛宏,47,25,22,新光-新竹,2023-04-07,8563
6234,高僑,22,0,22,新光-新竹,2023-04-07,8563
2376,技嘉,26,5,21,新光-新竹,2023-04-07,8563
2009,第一銅,24,3,21,新光-新竹,2023-04-07,8563
3015,全漢,21,0,21,新光-新竹,2023-04-07,8563
5905,南仁湖,21,0,21,新光-新竹,2023-04-07,8563
2845,遠東銀,21,0,21,新光-新竹,2023-04-07,8563
9919,康那香,20,0,20,新光-新竹,2023-04-07,8563
5475,德宏,20,0,20,新光-新竹,2023-04-07,8563
2406,國碩,20,0,20,新光-新竹,2023-04-07,8563
3520,華盈,24,4,20,新光-新竹,2023-04-07,8563
1809,中釉,30,10,20,新光-新竹,2023-04-07,8563
5309,系統電,51,31,20,新光-新竹,2023-04-07,8563
1603,華電,20,0,20,新光-新竹,2023-04-07,8563
2886,兆豐金,21,2,19,新光-新竹,2023-04-07,8563
00772B,中信高評級公司債,56,38,18,新光-新竹,2023-04-07,8563
2388,威盛,20,4,16,新光-新竹,2023-04-07,8563
1532,勤美,16,0,16,新光-新竹,2023-04-07,8563
2103,台橡,16,0,16,新光-新竹,2023-04-07,8563
00679B,元大美債20年,62,47,15,新光-新竹,2023-04-07,8563
4746,台耀,21,6,15,新光-新竹,2023-04-07,8563
00673R,期元大S＆P原油反1,200,0,200,新光-新竹,2023-04-10,8563
00680L,元大美債20正2,152,16,136,新光-新竹,2023-04-10,8563
00679B,元大美債20年,136,24,112,新光-新竹,2023-04-10,8563
3231,緯創,183,77,106,新光-新竹,2023-04-10,8563
00751B,元大AAA至A公司債,97,0,97,新光-新竹,2023-04-10,8563
9904,寶成,74,2,72,新光-新竹,2023-04-10,8563
1609,大亞,83,14,69,新光-新竹,2023-04-10,8563
4744,皇將,64,0,64,新光-新竹,2023-04-10,8563
2888,新光金,64,0,64,新光-新竹,2023-04-10,8563
1569,濱川,59,0,59,新光-新竹,2023-04-10,8563
00888,永豐台灣ESG,82,24,58,新光-新竹,2023-04-10,8563
00632R,元大台灣50反1,67,11,56,新光-新竹,2023-04-10,8563
00773B,中信優先金融債,51,0,51,新光-新竹,2023-04-10,8563
2891,中信金,48,0,48,新光-新竹,2023-04-10,8563
2317,鴻海,95,46,49,新光-新竹,2023-04-10,8563
6285,啟��,58,11,47,新光-新竹,2023-04-10,8563
3090,日電貿,43,1,42,新光-新竹,2023-04-10,8563
3025,星通,73,31,42,新光-新竹,2023-04-10,8563
00752,中信中國50,41,0,41,新光-新竹,2023-04-10,8563
6288,聯嘉,78,40,38,新光-新竹,2023-04-10,8563
3443,創意,65,28,37,新光-新竹,2023-04-10,8563
3265,台星科,36,0,36,新光-新竹,2023-04-10,8563
2867,三商壽,63,29,34,新光-新竹,2023-04-10,8563
3362,先進光,49,16,33,新光-新竹,2023-04-10,8563
6148,驊宏資,37,6,31,新光-新竹,2023-04-10,8563
5353,台林,30,0,30,新光-新竹,2023-04-10,8563
2483,百容,42,12,30,新光-新竹,2023-04-10,8563
6282,康舒,46,17,29,新光-新竹,2023-04-10,8563
1614,三洋電,28,0,28,新光-新竹,2023-04-10,8563
2609,陽明,41,15,26,新光-新竹,2023-04-10,8563
3703,欣陸,25,0,25,新光-新竹,2023-04-10,8563
4961,天鈺,26,3,23,新光-新竹,2023-04-10,8563
6477,安集,23,1,22,新光-新竹,2023-04-10,8563
00922,國泰台灣領袖50,20,0,20,新光-新竹,2023-04-10,8563
2104,國際中橡,20,0,20,新光-新竹,2023-04-10,8563
2641,正德,32,12,20,新光-新竹,2023-04-10,8563
3019,亞光,19,0,19,新光-新竹,2023-04-10,8563
1316,上曜,20,2,18,新光-新竹,2023-04-10,8563
3465,進泰電子,18,0,18,新光-新竹,2023-04-10,8563
1584,精剛,23,5,18,新光-新竹,2023-04-10,8563
2330,台積電,24,7,17,新光-新竹,2023-04-10,8563
6005,群益證,16,0,16,新光-新竹,2023-04-10,8563
1312,國喬,17,1,16,新光-新竹,2023-04-10,8563
8215,明基材,16,0,16,新光-新竹,2023-04-10,8563
2243,宏旭-KY,15,0,15,新光-新竹,2023-04-10,8563
00895,富邦未來車,15,0,15,新光-新竹,2023-04-10,8563
4968,立積,123,110,13,新光-新竹,2023-04-10,8563
00712,復華富時不動產,15,2,13,新光-新竹,2023-04-10,8563
3596,智易,13,0,13,新光-新竹,2023-04-10,8563
4119,旭富,15,2,13,新光-新竹,2023-04-10,8563
2645,長榮航太,570,332,238,新光-新竹,2023-04-11,8563
00680L,元大美債20正2,177,0,177,新光-新竹,2023-04-11,8563
3338,泰碩,85,5,80,新光-新竹,2023-04-11,8563
00679B,元大美債20年,110,31,79,新光-新竹,2023-04-11,8563
2867,三商壽,111,33,78,新光-新竹,2023-04-11,8563
1314,中石化,67,0,67,新光-新竹,2023-04-11,8563
00632R,元大台灣50反1,131,66,65,新光-新竹,2023-04-11,8563
1609,大亞,150,88,62,新光-新竹,2023-04-11,8563
00665L,富邦�琤肭磪囓�2,71,16,55,新光-新竹,2023-04-11,8563
2317,鴻海,123,69,54,新光-新竹,2023-04-11,8563
3026,禾伸堂,54,1,53,新光-新竹,2023-04-11,8563
5009,榮剛,103,52,51,新光-新竹,2023-04-11,8563
6129,普誠,59,10,49,新光-新竹,2023-04-11,8563
00673R,期元大S＆P原油反1,50,2,48,新光-新竹,2023-04-11,8563
2417,圓剛,47,0,47,新光-新竹,2023-04-11,8563
00720B,元大投資級公司債,53,6,47,新光-新竹,2023-04-11,8563
00772B,中信高評級公司債,47,4,43,新光-新竹,2023-04-11,8563
1504,東元,116,75,41,新光-新竹,2023-04-11,8563
00712,復華富時不動產,41,0,41,新光-新竹,2023-04-11,8563
00650L,復華香港正2,40,0,40,新光-新竹,2023-04-11,8563
2455,全新,65,26,39,新光-新竹,2023-04-11,8563
3003,健和興,41,3,38,新光-新竹,2023-04-11,8563
6806,森崴能源,77,39,38,新光-新竹,2023-04-11,8563
5425,台半,55,17,38,新光-新竹,2023-04-11,8563
8050,廣積,77,42,35,新光-新竹,2023-04-11,8563
3504,揚明光,40,5,35,新光-新竹,2023-04-11,8563
00888,永豐台灣ESG,34,1,33,新光-新竹,2023-04-11,8563
2890,永豐金,146,113,33,新光-新竹,2023-04-11,8563
8938,明安,32,0,32,新光-新竹,2023-04-11,8563
2303,聯電,43,11,32,新光-新竹,2023-04-11,8563
00912,中信臺灣智慧50,30,0,30,新光-新竹,2023-04-11,8563
1569,濱川,30,0,30,新光-新竹,2023-04-11,8563
00877,復華中國5G,30,0,30,新光-新竹,2023-04-11,8563
6278,台表科,35,5,30,新光-新竹,2023-04-11,8563
6285,啟��,44,16,28,新光-新竹,2023-04-11,8563
3029,零壹,37,9,28,新光-新竹,2023-04-11,8563
3518,柏騰,28,0,28,新光-新竹,2023-04-11,8563
3024,憶聲,32,5,27,新光-新竹,2023-04-11,8563
3465,進泰電子,27,0,27,新光-新竹,2023-04-11,8563
3141,晶宏,36,11,25,新光-新竹,2023-04-11,8563
00688L,國泰20年美債正2,25,0,25,新光-新竹,2023-04-11,8563
2482,連宇,27,2,25,新光-新竹,2023-04-11,8563
3481,群創,39,14,25,新光-新竹,2023-04-11,8563
3078,僑威,97,73,24,新光-新竹,2023-04-11,8563
6234,高僑,24,0,24,新光-新竹,2023-04-11,8563
4755,三福化,24,0,24,新光-新竹,2023-04-11,8563
6753,龍德造船,27,4,23,新光-新竹,2023-04-11,8563
4989,榮科,22,0,22,新光-新竹,2023-04-11,8563
00890B,凱基ESG BBB債,22,0,22,新光-新竹,2023-04-11,8563
2492,華新科,24,3,21,新光-新竹,2023-04-11,8563
3481,群創,473,62,411,新光-新竹,2023-04-12,8563
1504,東元,367,66,301,新光-新竹,2023-04-12,8563
2409,友達,364,70,294,新光-新竹,2023-04-12,8563
00878,國泰永續高股息,300,102,198,新光-新竹,2023-04-12,8563
00680L,元大美債20正2,189,0,189,新光-新竹,2023-04-12,8563
00687B,國泰20年美債,181,0,181,新光-新竹,2023-04-12,8563
00673R,期元大S＆P原油反1,133,0,133,新光-新竹,2023-04-12,8563
3162,精確,115,3,112,新光-新竹,2023-04-12,8563
1609,大亞,200,115,85,新光-新竹,2023-04-12,8563
2634,漢翔,180,100,80,新光-新竹,2023-04-12,8563
00679B,元大美債20年,82,7,75,新光-新竹,2023-04-12,8563
4155,訊映,112,45,67,新光-新竹,2023-04-12,8563
1909,榮成,64,0,64,新光-新竹,2023-04-12,8563
6240,松崗,59,0,59,新光-新竹,2023-04-12,8563
1108,幸福,61,7,54,新光-新竹,2023-04-12,8563
00712,復華富時不動產,56,2,54,新光-新竹,2023-04-12,8563
4960,誠美材,52,2,50,新光-新竹,2023-04-12,8563
2317,鴻海,121,72,49,新光-新竹,2023-04-12,8563
00720B,元大投資級公司債,55,7,48,新光-新竹,2023-04-12,8563
6244,茂迪,152,107,45,新光-新竹,2023-04-12,8563
00637L,元大滬深300正2,51,7,44,新光-新竹,2023-04-12,8563
5522,遠雄,50,7,43,新光-新竹,2023-04-12,8563
00772B,中信高評級公司債,41,0,41,新光-新竹,2023-04-12,8563
3682,亞太電,40,0,40,新光-新竹,2023-04-12,8563
2834,臺企銀,40,1,39,新光-新竹,2023-04-12,8563
3305,昇貿,35,0,35,新光-新竹,2023-04-12,8563
2889,國票金,34,1,33,新光-新竹,2023-04-12,8563
3032,偉訓,51,19,32,新光-新竹,2023-04-12,8563
3003,健和興,36,5,31,新光-新竹,2023-04-12,8563
4545,銘鈺,31,0,31,新光-新竹,2023-04-12,8563
6143,振曜,35,5,30,新光-新竹,2023-04-12,8563
2340,台亞,35,5,30,新光-新竹,2023-04-12,8563
3059,華晶科,35,5,30,新光-新竹,2023-04-12,8563
8069,元太,55,25,30,新光-新竹,2023-04-12,8563
6592,和潤企業,28,0,28,新光-新竹,2023-04-12,8563
3027,盛達,49,21,28,新光-新竹,2023-04-12,8563
00713,元大台灣高息低波,33,6,27,新光-新竹,2023-04-12,8563
1416,廣豐,27,0,27,新光-新竹,2023-04-12,8563
00683L,期元大美元指正2,25,0,25,新光-新竹,2023-04-12,8563
00751B,元大AAA至A公司債,25,0,25,新光-新竹,2023-04-12,8563
8028,昇陽半導體,26,1,25,新光-新竹,2023-04-12,8563
00633L,富邦上証正2,25,1,24,新光-新竹,2023-04-12,8563
3540,曜越,25,1,24,新光-新竹,2023-04-12,8563
2313,華通,28,5,23,新光-新竹,2023-04-12,8563
1513,中興電,299,277,22,新光-新竹,2023-04-12,8563
2468,華經,21,0,21,新光-新竹,2023-04-12,8563
8103,瀚荃,21,0,21,新光-新竹,2023-04-12,8563
00664R,國泰臺灣加權反1,20,0,20,新光-新竹,2023-04-12,8563
9105,泰金寶-DR,20,0,20,新光-新竹,2023-04-12,8563
5457,宣德,19,0,19,新光-新竹,2023-04-12,8563
00687B,國泰20年美債,208,0,208,新光-新竹,2023-04-13,8563
00720B,元大投資級公司債,204,0,204,新光-新竹,2023-04-13,8563
2618,長榮航,228,40,188,新光-新竹,2023-04-13,8563
00673R,期元大S＆P原油反1,199,31,168,新光-新竹,2023-04-13,8563
2867,三商壽,153,2,151,新光-新竹,2023-04-13,8563
00753L,中信中國50正2,138,13,125,新光-新竹,2023-04-13,8563
1312,國喬,115,0,115,新光-新竹,2023-04-13,8563
00772B,中信高評級公司債,114,5,109,新光-新竹,2023-04-13,8563
3711,日月光投控,109,1,108,新光-新竹,2023-04-13,8563
00885,富邦越南,120,14,106,新光-新竹,2023-04-13,8563
3540,曜越,129,28,101,新光-新竹,2023-04-13,8563
00712,復華富時不動產,96,4,92,新光-新竹,2023-04-13,8563
5309,系統電,115,27,88,新光-新竹,2023-04-13,8563
00680L,元大美債20正2,84,0,84,新光-新竹,2023-04-13,8563
8299,群聯,98,22,76,新光-新竹,2023-04-13,8563
6217,中探針,79,6,73,新光-新竹,2023-04-13,8563
8105,凌巨,63,0,63,新光-新竹,2023-04-13,8563
00912,中信臺灣智慧50,60,0,60,新光-新竹,2023-04-13,8563
2344,華邦電,72,13,59,新光-新竹,2023-04-13,8563
3693,營邦,111,53,58,新光-新竹,2023-04-13,8563
2206,三陽工業,69,12,57,新光-新竹,2023-04-13,8563
8936,國統,70,17,53,新光-新竹,2023-04-13,8563
3504,揚明光,55,3,52,新光-新竹,2023-04-13,8563
3682,亞太電,50,0,50,新光-新竹,2023-04-13,8563
00751B,元大AAA至A公司債,50,0,50,新光-新竹,2023-04-13,8563
2330,台積電,48,4,44,新光-新竹,2023-04-13,8563
4114,健喬,63,20,43,新光-新竹,2023-04-13,8563
3363,上詮,68,25,43,新光-新竹,2023-04-13,8563
00725B,國泰投資級公司債,42,0,42,新光-新竹,2023-04-13,8563
00631L,元大台灣50正2,44,3,41,新光-新竹,2023-04-13,8563
3305,昇貿,41,0,41,新光-新竹,2023-04-13,8563
2483,百容,40,0,40,新光-新竹,2023-04-13,8563
6443,元晶,43,5,38,新光-新竹,2023-04-13,8563
3231,緯創,59,23,36,新光-新竹,2023-04-13,8563
5388,中磊,43,11,32,新光-新竹,2023-04-13,8563
2402,毅嘉,82,50,32,新光-新竹,2023-04-13,8563
1314,中石化,112,81,31,新光-新竹,2023-04-13,8563
2548,華固,31,0,31,新光-新竹,2023-04-13,8563
4960,誠美材,31,0,31,新光-新竹,2023-04-13,8563
00877,復華中國5G,30,0,30,新光-新竹,2023-04-13,8563
0050,元大台灣50,28,0,28,新光-新竹,2023-04-13,8563
1504,東元,475,448,27,新光-新竹,2023-04-13,8563
2547,日勝生,46,20,26,新光-新竹,2023-04-13,8563
00892,富邦台灣半導體,46,20,26,新光-新竹,2023-04-13,8563
00675L,富邦臺灣加權正2,26,0,26,新光-新竹,2023-04-13,8563
4128,中天,76,51,25,新光-新竹,2023-04-13,8563
9942,茂順,24,1,23,新光-新竹,2023-04-13,8563
00891,中信關鍵半導體,37,15,22,新光-新竹,2023-04-13,8563
4129,聯合,29,7,22,新光-新竹,2023-04-13,8563
006208,富邦台50,23,2,21,新光-新竹,2023-04-13,8563
2610,華航,2304,11,2293,新光-新竹,2023-04-14,8563
00720B,元大投資級公司債,602,5,597,新光-新竹,2023-04-14,8563
3481,群創,314,64,250,新光-新竹,2023-04-14,8563
00679B,元大美債20年,253,32,221,新光-新竹,2023-04-14,8563
00680L,元大美債20正2,219,0,219,新光-新竹,2023-04-14,8563
00687B,國泰20年美債,207,10,197,新光-新竹,2023-04-14,8563
6235,華孚,329,157,172,新光-新竹,2023-04-14,8563
00712,復華富時不動產,170,0,170,新光-新竹,2023-04-14,8563
2382,廣達,157,4,153,新光-新竹,2023-04-14,8563
00772B,中信高評級公司債,115,0,115,新光-新竹,2023-04-14,8563
6266,泰詠,132,19,113,新光-新竹,2023-04-14,8563
0056,元大高股息,120,14,106,新光-新竹,2023-04-14,8563
6592,和潤企業,103,1,102,新光-新竹,2023-04-14,8563
2634,漢翔,622,528,94,新光-新竹,2023-04-14,8563
5388,中磊,107,24,83,新光-新竹,2023-04-14,8563
00650L,復華香港正2,66,0,66,新光-新竹,2023-04-14,8563
00669R,國泰美國道瓊反1,65,0,65,新光-新竹,2023-04-14,8563
6163,華電網,69,8,61,新光-新竹,2023-04-14,8563
4541,晟田,68,7,61,新光-新竹,2023-04-14,8563
00751B,元大AAA至A公司債,59,0,59,新光-新竹,2023-04-14,8563
2208,台船,123,67,56,新光-新竹,2023-04-14,8563
5465,富驊,75,20,55,新光-新竹,2023-04-14,8563
912000,晨訊科-DR,50,0,50,新光-新竹,2023-04-14,8563
6179,亞通,52,7,45,新光-新竹,2023-04-14,8563
1108,幸福,40,0,40,新光-新竹,2023-04-14,8563
00688L,國泰20年美債正2,40,0,40,新光-新竹,2023-04-14,8563
3682,亞太電,40,0,40,新光-新竹,2023-04-14,8563
3504,揚明光,37,0,37,新光-新竹,2023-04-14,8563
5353,台林,48,11,37,新光-新竹,2023-04-14,8563
8926,台汽電,48,13,35,新光-新竹,2023-04-14,8563
1608,華榮,39,4,35,新光-新竹,2023-04-14,8563
3029,零壹,58,23,35,新光-新竹,2023-04-14,8563
2834,臺企銀,59,26,33,新光-新竹,2023-04-14,8563
00753L,中信中國50正2,57,25,32,新光-新竹,2023-04-14,8563
00877,復華中國5G,30,0,30,新光-新竹,2023-04-14,8563
9105,泰金寶-DR,30,0,30,新光-新竹,2023-04-14,8563
6285,啟��,60,30,30,新光-新竹,2023-04-14,8563
00885,富邦越南,43,16,27,新光-新竹,2023-04-14,8563
5011,久陽,43,17,26,新光-新竹,2023-04-14,8563
6234,高僑,57,31,26,新光-新竹,2023-04-14,8563
8072,陞泰,26,0,26,新光-新竹,2023-04-14,8563
4744,皇將,77,51,26,新光-新竹,2023-04-14,8563
2002,中鋼,30,5,25,新光-新竹,2023-04-14,8563
1618,合機,62,38,24,新光-新竹,2023-04-14,8563
6770,力積電,49,25,24,新光-新竹,2023-04-14,8563
2433,互盛電,24,0,24,新光-新竹,2023-04-14,8563
1609,大亞,112,89,23,新光-新竹,2023-04-14,8563
4979,華星光,49,27,22,新光-新竹,2023-04-14,8563
2484,希華,22,0,22,新光-新竹,2023-04-14,8563
3576,聯合再生,75,53,22,新光-新竹,2023-04-14,8563
00712,復華富時不動產,463,21,442,新光-新竹,2023-04-17,8563
00680L,元大美債20正2,188,1,187,新光-新竹,2023-04-17,8563
00720B,元大投資級公司債,146,0,146,新光-新竹,2023-04-17,8563
00679B,元大美債20年,148,12,136,新光-新竹,2023-04-17,8563
1314,中石化,126,0,126,新光-新竹,2023-04-17,8563
2884,玉山金,120,8,112,新光-新竹,2023-04-17,8563
3017,奇鋐,141,51,90,新光-新竹,2023-04-17,8563
3363,上詮,94,7,87,新光-新竹,2023-04-17,8563
3481,群創,132,52,80,新光-新竹,2023-04-17,8563
2402,毅嘉,71,13,58,新光-新竹,2023-04-17,8563
2457,飛宏,164,106,58,新光-新竹,2023-04-17,8563
00688L,國泰20年美債正2,60,3,57,新光-新竹,2023-04-17,8563
1519,華城,106,50,56,新光-新竹,2023-04-17,8563
2739,寒舍,71,16,55,新光-新竹,2023-04-17,8563
6691,洋基工程,59,4,55,新光-新竹,2023-04-17,8563
2515,中工,96,43,53,新光-新竹,2023-04-17,8563
3693,營邦,100,47,53,新光-新竹,2023-04-17,8563
3708,上緯投控,54,1,53,新光-新竹,2023-04-17,8563
00673R,期元大S＆P原油反1,50,0,50,新光-新竹,2023-04-17,8563
00687B,國泰20年美債,48,0,48,新光-新竹,2023-04-17,8563
00891,中信關鍵半導體,49,1,48,新光-新竹,2023-04-17,8563
00753L,中信中國50正2,48,0,48,新光-新竹,2023-04-17,8563
1560,中砂,53,7,46,新光-新竹,2023-04-17,8563
1215,卜蜂,49,4,45,新光-新竹,2023-04-17,8563
00751B,元大AAA至A公司債,45,0,45,新光-新竹,2023-04-17,8563
6179,亞通,57,12,45,新光-新竹,2023-04-17,8563
00772B,中信高評級公司債,46,1,45,新光-新竹,2023-04-17,8563
6806,森崴能源,85,41,44,新光-新竹,2023-04-17,8563
4968,立積,157,114,43,新光-新竹,2023-04-17,8563
6278,台表科,41,1,40,新光-新竹,2023-04-17,8563
2382,廣達,45,6,39,新光-新竹,2023-04-17,8563
2368,金像電,51,13,38,新光-新竹,2023-04-17,8563
1783,和康生,41,4,37,新光-新竹,2023-04-17,8563
5488,松普,47,10,37,新光-新竹,2023-04-17,8563
5009,榮剛,127,90,37,新光-新竹,2023-04-17,8563
2324,仁寶,43,6,37,新光-新竹,2023-04-17,8563
2834,臺企銀,47,11,36,新光-新竹,2023-04-17,8563
4961,天鈺,55,19,36,新光-新竹,2023-04-17,8563
1514,亞力,58,26,32,新光-新竹,2023-04-17,8563
8091,翔名,37,5,32,新光-新竹,2023-04-17,8563
3520,華盈,37,5,32,新光-新竹,2023-04-17,8563
2002,中鋼,35,4,31,新光-新竹,2023-04-17,8563
6148,驊宏資,46,16,30,新光-新竹,2023-04-17,8563
00877,復華中國5G,30,0,30,新光-新竹,2023-04-17,8563
6285,啟��,55,25,30,新光-新竹,2023-04-17,8563
5351,鈺創,38,9,29,新光-新竹,2023-04-17,8563
00885,富邦越南,31,2,29,新光-新竹,2023-04-17,8563
2359,所羅門,50,22,28,新光-新竹,2023-04-17,8563
00888,永豐台灣ESG,28,0,28,新光-新竹,2023-04-17,8563
1304,台聚,26,0,26,新光-新竹,2023-04-17,8563
1504,東元,1248,92,1156,新光-新竹,2023-04-18,8563
00712,復華富時不動產,1070,22,1048,新光-新竹,2023-04-18,8563
00680L,元大美債20正2,290,0,290,新光-新竹,2023-04-18,8563
00679B,元大美債20年,297,15,282,新光-新竹,2023-04-18,8563
00720B,元大投資級公司債,198,9,189,新光-新竹,2023-04-18,8563
2897,王道銀行,152,0,152,新光-新竹,2023-04-18,8563
00632R,元大台灣50反1,137,7,130,新光-新竹,2023-04-18,8563
00772B,中信高評級公司債,101,0,101,新光-新竹,2023-04-18,8563
6278,台表科,101,0,101,新光-新竹,2023-04-18,8563
00687B,國泰20年美債,95,5,90,新光-新竹,2023-04-18,8563
5009,榮剛,132,48,84,新光-新竹,2023-04-18,8563
00751B,元大AAA至A公司債,84,0,84,新光-新竹,2023-04-18,8563
2206,三陽工業,173,90,83,新光-新竹,2023-04-18,8563
00673R,期元大S＆P原油反1,125,45,80,新光-新竹,2023-04-18,8563
3481,群創,102,35,67,新光-新竹,2023-04-18,8563
00878,國泰永續高股息,107,40,67,新光-新竹,2023-04-18,8563
1584,精剛,251,193,58,新光-新竹,2023-04-18,8563
1471,首利,70,13,57,新光-新竹,2023-04-18,8563
6592,和潤企業,59,2,57,新光-新竹,2023-04-18,8563
8222,寶一,78,23,55,新光-新竹,2023-04-18,8563
2515,中工,78,24,54,新光-新竹,2023-04-18,8563
6244,茂迪,79,25,54,新光-新竹,2023-04-18,8563
3025,星通,96,49,47,新光-新竹,2023-04-18,8563
3163,波若威,43,5,38,新光-新竹,2023-04-18,8563
6152,百一,38,1,37,新光-新竹,2023-04-18,8563
2609,陽明,58,21,37,新光-新竹,2023-04-18,8563
00885,富邦越南,36,2,34,新光-新竹,2023-04-18,8563
2610,華航,37,3,34,新光-新竹,2023-04-18,8563
1316,上曜,34,0,34,新光-新竹,2023-04-18,8563
6282,康舒,58,25,33,新光-新竹,2023-04-18,8563
2884,玉山金,43,10,33,新光-新竹,2023-04-18,8563
3712,永崴投控,39,8,31,新光-新竹,2023-04-18,8563
3682,亞太電,30,0,30,新光-新竹,2023-04-18,8563
00877,復華中國5G,30,0,30,新光-新竹,2023-04-18,8563
8044,網家,30,0,30,新光-新竹,2023-04-18,8563
4513,福裕,28,0,28,新光-新竹,2023-04-18,8563
1734,杏輝,29,1,28,新光-新竹,2023-04-18,8563
3037,欣興,43,15,28,新光-新竹,2023-04-18,8563
00912,中信臺灣智慧50,28,0,28,新光-新竹,2023-04-18,8563
00713,元大台灣高息低波,28,1,27,新光-新竹,2023-04-18,8563
4114,健喬,41,14,27,新光-新竹,2023-04-18,8563
00795B,中信美國公債20年,27,0,27,新光-新竹,2023-04-18,8563
8033,雷虎,199,173,26,新光-新竹,2023-04-18,8563
1560,中砂,25,0,25,新光-新竹,2023-04-18,8563
1712,興農,26,1,25,新光-新竹,2023-04-18,8563
6547,高端疫苗,38,13,25,新光-新竹,2023-04-18,8563
6274,台燿,26,2,24,新光-新竹,2023-04-18,8563
5457,宣德,24,0,24,新光-新竹,2023-04-18,8563
3443,創意,39,15,24,新光-新竹,2023-04-18,8563
1529,樂事綠能,101,78,23,新光-新竹,2023-04-18,8563
5465,富驊,185,14,171,新光-新竹,2023-04-19,8563
00712,復華富時不動產,219,77,142,新光-新竹,2023-04-19,8563
00878,國泰永續高股息,240,133,107,新光-新竹,2023-04-19,8563
2884,玉山金,109,9,100,新光-新竹,2023-04-19,8563
1314,中石化,97,0,97,新光-新竹,2023-04-19,8563
00888,永豐台灣ESG,96,0,96,新光-新竹,2023-04-19,8563
3217,優群,103,8,95,新光-新竹,2023-04-19,8563
1444,力麗,93,0,93,新光-新竹,2023-04-19,8563
3682,亞太電,90,0,90,新光-新竹,2023-04-19,8563
2834,臺企銀,93,8,85,新光-新竹,2023-04-19,8563
00720B,元大投資級公司債,99,24,75,新光-新竹,2023-04-19,8563
2444,兆勁,69,0,69,新光-新竹,2023-04-19,8563
2495,普安,232,166,66,新光-新竹,2023-04-19,8563
1528,恩德,60,1,59,新光-新竹,2023-04-19,8563
00679B,元大美債20年,61,4,57,新光-新竹,2023-04-19,8563
3704,合勤控,172,120,52,新光-新竹,2023-04-19,8563
00772B,中信高評級公司債,56,6,50,新光-新竹,2023-04-19,8563
2104,國際中橡,49,0,49,新光-新竹,2023-04-19,8563
2534,宏盛,45,0,45,新光-新竹,2023-04-19,8563
1611,中電,50,5,45,新光-新竹,2023-04-19,8563
6443,元晶,204,163,41,新光-新竹,2023-04-19,8563
1603,華電,40,0,40,新光-新竹,2023-04-19,8563
8105,凌巨,53,13,40,新光-新竹,2023-04-19,8563
3481,群創,254,214,40,新光-新竹,2023-04-19,8563
3231,緯創,162,123,39,新光-新竹,2023-04-19,8563
2368,金像電,48,10,38,新光-新竹,2023-04-19,8563
00912,中信臺灣智慧50,48,10,38,新光-新竹,2023-04-19,8563
00680L,元大美債20正2,54,17,37,新光-新竹,2023-04-19,8563
00665L,富邦�琤肭磪囓�2,35,0,35,新光-新竹,2023-04-19,8563
4961,天鈺,49,17,32,新光-新竹,2023-04-19,8563
2317,鴻海,54,22,32,新光-新竹,2023-04-19,8563
8103,瀚荃,32,0,32,新光-新竹,2023-04-19,8563
3038,全台,45,13,32,新光-新竹,2023-04-19,8563
2867,三商壽,32,1,31,新光-新竹,2023-04-19,8563
3715,定穎投控,30,0,30,新光-新竹,2023-04-19,8563
0050,元大台灣50,28,0,28,新光-新竹,2023-04-19,8563
5457,宣德,28,0,28,新光-新竹,2023-04-19,8563
1608,華榮,26,0,26,新光-新竹,2023-04-19,8563
00751B,元大AAA至A公司債,25,0,25,新光-新竹,2023-04-19,8563
3058,立德,51,26,25,新光-新竹,2023-04-19,8563
6606,建德工業,26,1,25,新光-新竹,2023-04-19,8563
8110,華東,26,2,24,新光-新竹,2023-04-19,8563
6288,聯嘉,36,13,23,新光-新竹,2023-04-19,8563
2314,台揚,38,16,22,新光-新竹,2023-04-19,8563
4129,聯合,22,0,22,新光-新竹,2023-04-19,8563
4147,中裕,43,22,21,新光-新竹,2023-04-19,8563
3189,景碩,27,7,20,新光-新竹,2023-04-19,8563
3234,光環,20,0,20,新光-新竹,2023-04-19,8563
2330,台積電,23,4,19,新光-新竹,2023-04-19,8563
2303,聯電,23,4,19,新光-新竹,2023-04-19,8563
00632R,元大台灣50反1,544,110,434,新光-新竹,2023-04-20,8563
6005,群益證,257,16,241,新光-新竹,2023-04-20,8563
00720B,元大投資級公司債,217,8,209,新光-新竹,2023-04-20,8563
00715L,期街口布蘭特正2,237,34,203,新光-新竹,2023-04-20,8563
00671R,富邦NASDAQ反1,200,0,200,新光-新竹,2023-04-20,8563
00637L,元大滬深300正2,208,20,188,新光-新竹,2023-04-20,8563
00772B,中信高評級公司債,112,3,109,新光-新竹,2023-04-20,8563
6142,友勁,103,5,98,新光-新竹,2023-04-20,8563
00753L,中信中國50正2,156,64,92,新光-新竹,2023-04-20,8563
2444,兆勁,100,17,83,新光-新竹,2023-04-20,8563
00679B,元大美債20年,77,2,75,新光-新竹,2023-04-20,8563
3078,僑威,173,99,74,新光-新竹,2023-04-20,8563
6288,聯嘉,98,31,67,新光-新竹,2023-04-20,8563
2812,台中銀,77,11,66,新光-新竹,2023-04-20,8563
2534,宏盛,65,0,65,新光-新竹,2023-04-20,8563
2884,玉山金,69,7,62,新光-新竹,2023-04-20,8563
1603,華電,61,0,61,新光-新竹,2023-04-20,8563
00773B,中信優先金融債,63,2,61,新光-新竹,2023-04-20,8563
3682,亞太電,60,0,60,新光-新竹,2023-04-20,8563
4114,健喬,82,26,56,新光-新竹,2023-04-20,8563
00642U,期元大S＆P石油,55,0,55,新光-新竹,2023-04-20,8563
2834,臺企銀,63,9,54,新光-新竹,2023-04-20,8563
00789B,復華公司債A3,52,0,52,新光-新竹,2023-04-20,8563
2498,宏達電,80,34,46,新光-新竹,2023-04-20,8563
6443,元晶,67,21,46,新光-新竹,2023-04-20,8563
00888,永豐台灣ESG,46,0,46,新光-新竹,2023-04-20,8563
8111,立��,48,3,45,新光-新竹,2023-04-20,8563
2610,華航,47,9,38,新光-新竹,2023-04-20,8563
6163,華電網,78,42,36,新光-新竹,2023-04-20,8563
4510,高鋒,31,0,31,新光-新竹,2023-04-20,8563
00680L,元大美債20正2,31,0,31,新光-新竹,2023-04-20,8563
00669R,國泰美國道瓊反1,30,0,30,新光-新竹,2023-04-20,8563
00664R,國泰臺灣加權反1,30,0,30,新光-新竹,2023-04-20,8563
3520,華盈,40,12,28,新光-新竹,2023-04-20,8563
3265,台星科,30,3,27,新光-新竹,2023-04-20,8563
3346,麗清,55,29,26,新光-新竹,2023-04-20,8563
6122,擎邦,30,4,26,新光-新竹,2023-04-20,8563
2732,六角,31,6,25,新光-新竹,2023-04-20,8563
3576,聯合再生,132,107,25,新光-新竹,2023-04-20,8563
3038,全台,29,4,25,新光-新竹,2023-04-20,8563
3704,合勤控,51,27,24,新光-新竹,2023-04-20,8563
2890,永豐金,47,23,24,新光-新竹,2023-04-20,8563
1532,勤美,23,0,23,新光-新竹,2023-04-20,8563
00710B,復華彭博非投等債,23,0,23,新光-新竹,2023-04-20,8563
5309,系統電,38,16,22,新光-新竹,2023-04-20,8563
8069,元太,25,3,22,新光-新竹,2023-04-20,8563
1711,永光,32,10,22,新光-新竹,2023-04-20,8563
2208,台船,42,20,22,新光-新竹,2023-04-20,8563
6118,建達,28,7,21,新光-新竹,2023-04-20,8563
00655L,國泰中國A50正2,21,0,21,新光-新竹,2023-04-20,8563
4102,永日,370,33,337,新光-新竹,2023-04-21,8563
2444,兆勁,288,26,262,新光-新竹,2023-04-21,8563
2534,宏盛,185,0,185,新光-新竹,2023-04-21,8563
6142,友勁,163,0,163,新光-新竹,2023-04-21,8563
00673R,期元大S＆P原油反1,260,135,125,新光-新竹,2023-04-21,8563
00687B,國泰20年美債,123,0,123,新光-新竹,2023-04-21,8563
00720B,元大投資級公司債,128,7,121,新光-新竹,2023-04-21,8563
00753L,中信中國50正2,92,4,88,新光-新竹,2023-04-21,8563
00715L,期街口布蘭特正2,78,3,75,新光-新竹,2023-04-21,8563
5465,富驊,82,7,75,新光-新竹,2023-04-21,8563
6753,龍德造船,78,5,73,新光-新竹,2023-04-21,8563
6733,博晟生醫,83,18,65,新光-新竹,2023-04-21,8563
2609,陽明,74,12,62,新光-新竹,2023-04-21,8563
1611,中電,266,205,61,新光-新竹,2023-04-21,8563
00877,復華中國5G,60,0,60,新光-新竹,2023-04-21,8563
00888,永豐台灣ESG,58,2,56,新光-新竹,2023-04-21,8563
1760,寶齡富錦,92,37,55,新光-新竹,2023-04-21,8563
00772B,中信高評級公司債,57,3,54,新光-新竹,2023-04-21,8563
0056,元大高股息,63,9,54,新光-新竹,2023-04-21,8563
3025,星通,58,7,51,新光-新竹,2023-04-21,8563
00637L,元大滬深300正2,91,41,50,新光-新竹,2023-04-21,8563
6226,光鼎,50,1,49,新光-新竹,2023-04-21,8563
00878,國泰永續高股息,116,67,49,新光-新竹,2023-04-21,8563
3141,晶宏,45,1,44,新光-新竹,2023-04-21,8563
5457,宣德,41,0,41,新光-新竹,2023-04-21,8563
3149,正達,57,16,41,新光-新竹,2023-04-21,8563
2834,臺企銀,47,6,41,新光-新竹,2023-04-21,8563
00679B,元大美債20年,52,14,38,新光-新竹,2023-04-21,8563
2610,華航,41,4,37,新光-新竹,2023-04-21,8563
00885,富邦越南,44,13,31,新光-新竹,2023-04-21,8563
4726,永昕,30,1,29,新光-新竹,2023-04-21,8563
1402,遠東新,28,0,28,新光-新竹,2023-04-21,8563
2641,正德,28,0,28,新光-新竹,2023-04-21,8563
2748,雲品,35,8,27,新光-新竹,2023-04-21,8563
3624,光頡,40,13,27,新光-新竹,2023-04-21,8563
6218,豪勉,72,45,27,新光-新竹,2023-04-21,8563
2303,聯電,30,3,27,新光-新竹,2023-04-21,8563
4979,華星光,44,18,26,新光-新竹,2023-04-21,8563
4919,新唐,40,14,26,新光-新竹,2023-04-21,8563
2312,金寶,35,9,26,新光-新竹,2023-04-21,8563
6690,安�硌穈T,30,7,23,新光-新竹,2023-04-21,8563
2327,國巨,28,6,22,新光-新竹,2023-04-21,8563
2332,友訊,26,4,22,新光-新竹,2023-04-21,8563
8105,凌巨,40,18,22,新光-新竹,2023-04-21,8563
6288,聯嘉,52,30,22,新光-新竹,2023-04-21,8563
6523,達爾膚,53,32,21,新光-新竹,2023-04-21,8563
2328,廣宇,21,0,21,新光-新竹,2023-04-21,8563
00648R,元大S＆P500反1,20,0,20,新光-新竹,2023-04-21,8563
3520,華盈,25,6,19,新光-新竹,2023-04-21,8563
4190,佐登-KY,41,22,19,新光-新竹,2023-04-21,8563
00637L,元大滬深300正2,288,2,286,新光-新竹,2023-04-24,8563
00720B,元大投資級公司債,264,1,263,新光-新竹,2023-04-24,8563
00912,中信臺灣智慧50,205,0,205,新光-新竹,2023-04-24,8563
1905,華紙,168,87,81,新光-新竹,2023-04-24,8563
00772B,中信高評級公司債,85,9,76,新光-新竹,2023-04-24,8563
2444,兆勁,75,0,75,新光-新竹,2023-04-24,8563
2913,農林,486,418,68,新光-新竹,2023-04-24,8563
00715L,期街口布蘭特正2,65,0,65,新光-新竹,2023-04-24,8563
00753L,中信中國50正2,56,0,56,新光-新竹,2023-04-24,8563
4102,永日,446,396,50,新光-新竹,2023-04-24,8563
00902,中信電池及儲能,45,0,45,新光-新竹,2023-04-24,8563
3706,神達,40,0,40,新光-新竹,2023-04-24,8563
4763,材料-KY,40,0,40,新光-新竹,2023-04-24,8563
3032,偉訓,41,2,39,新光-新竹,2023-04-24,8563
4906,正文,40,3,37,新光-新竹,2023-04-24,8563
00665L,富邦�琤肭磪囓�2,40,4,36,新光-新竹,2023-04-24,8563
3035,智原,58,25,33,新光-新竹,2023-04-24,8563
00687B,國泰20年美債,30,0,30,新光-新竹,2023-04-24,8563
00877,復華中國5G,30,0,30,新光-新竹,2023-04-24,8563
3704,合勤控,46,16,30,新光-新竹,2023-04-24,8563
5498,凱崴,30,0,30,新光-新竹,2023-04-24,8563
2634,漢翔,174,146,28,新光-新竹,2023-04-24,8563
2317,鴻海,35,8,27,新光-新竹,2023-04-24,8563
0056,元大高股息,28,1,27,新光-新竹,2023-04-24,8563
6547,高端疫苗,32,6,26,新光-新竹,2023-04-24,8563
00642U,期元大S＆P石油,26,0,26,新光-新竹,2023-04-24,8563
00712,復華富時不動產,65,39,26,新光-新竹,2023-04-24,8563
00882,中信中國高股息,30,4,26,新光-新竹,2023-04-24,8563
00680L,元大美債20正2,129,104,25,新光-新竹,2023-04-24,8563
6234,高僑,34,10,24,新光-新竹,2023-04-24,8563
00885,富邦越南,24,0,24,新光-新竹,2023-04-24,8563
3481,群創,26,3,23,新光-新竹,2023-04-24,8563
1504,東元,60,37,23,新光-新竹,2023-04-24,8563
2618,長榮航,23,1,22,新光-新竹,2023-04-24,8563
3712,永崴投控,33,13,20,新光-新竹,2023-04-24,8563
3682,亞太電,20,0,20,新光-新竹,2023-04-24,8563
2303,聯電,49,30,19,新光-新竹,2023-04-24,8563
4155,訊映,19,0,19,新光-新竹,2023-04-24,8563
6266,泰詠,36,17,19,新光-新竹,2023-04-24,8563
4121,優盛,20,1,19,新光-新竹,2023-04-24,8563
4714,永捷,19,0,19,新光-新竹,2023-04-24,8563
00892,富邦台灣半導體,18,0,18,新光-新竹,2023-04-24,8563
3038,全台,18,0,18,新光-新竹,2023-04-24,8563
1471,首利,17,0,17,新光-新竹,2023-04-24,8563
2388,威盛,17,0,17,新光-新竹,2023-04-24,8563
4960,誠美材,18,1,17,新光-新竹,2023-04-24,8563
0050,元大台灣50,18,1,17,新光-新竹,2023-04-24,8563
1519,華城,45,29,16,新光-新竹,2023-04-24,8563
9907,統一實,16,0,16,新光-新竹,2023-04-24,8563
2515,中工,16,0,16,新光-新竹,2023-04-24,8563
00712,復華富時不動產,939,21,918,新光-新竹,2023-04-25,8563
00676R,富邦臺灣加權反1,700,0,700,新光-新竹,2023-04-25,8563
00675L,富邦臺灣加權正2,211,1,210,新光-新竹,2023-04-25,8563
0056,元大高股息,237,33,204,新光-新竹,2023-04-25,8563
00631L,元大台灣50正2,148,8,140,新光-新竹,2023-04-25,8563
00671R,富邦NASDAQ反1,103,0,103,新光-新竹,2023-04-25,8563
1905,華紙,247,149,98,新光-新竹,2023-04-25,8563
6142,友勁,102,13,89,新光-新竹,2023-04-25,8563
1310,台苯,242,159,83,新光-新竹,2023-04-25,8563
6443,元晶,87,9,78,新光-新竹,2023-04-25,8563
0050,元大台灣50,76,1,75,新光-新竹,2023-04-25,8563
1314,中石化,81,17,64,新光-新竹,2023-04-25,8563
1907,永豐餘,89,27,62,新光-新竹,2023-04-25,8563
006208,富邦台50,57,1,56,新光-新竹,2023-04-25,8563
00882,中信中國高股息,61,15,46,新光-新竹,2023-04-25,8563
00713,元大台灣高息低波,59,15,44,新光-新竹,2023-04-25,8563
1101,台泥,74,33,41,新光-新竹,2023-04-25,8563
3682,亞太電,40,0,40,新光-新竹,2023-04-25,8563
00772B,中信高評級公司債,40,2,38,新光-新竹,2023-04-25,8563
00753L,中信中國50正2,107,70,37,新光-新竹,2023-04-25,8563
2206,三陽工業,311,274,37,新光-新竹,2023-04-25,8563
6282,康舒,123,87,36,新光-新竹,2023-04-25,8563
8105,凌巨,36,0,36,新光-新竹,2023-04-25,8563
2444,兆勁,35,0,35,新光-新竹,2023-04-25,8563
4121,優盛,44,9,35,新光-新竹,2023-04-25,8563
00900,富邦特選高股息30,34,0,34,新光-新竹,2023-04-25,8563
8046,南電,54,20,34,新光-新竹,2023-04-25,8563
2367,燿華,33,1,32,新光-新竹,2023-04-25,8563
1316,上曜,32,0,32,新光-新竹,2023-04-25,8563
00877,復華中國5G,30,0,30,新光-新竹,2023-04-25,8563
6226,光鼎,30,0,30,新光-新竹,2023-04-25,8563
3711,日月光投控,31,1,30,新光-新竹,2023-04-25,8563
00725B,國泰投資級公司債,30,1,29,新光-新竹,2023-04-25,8563
2634,漢翔,393,365,28,新光-新竹,2023-04-25,8563
00669R,國泰美國道瓊反1,27,0,27,新光-新竹,2023-04-25,8563
00881,國泰台灣5G+,26,0,26,新光-新竹,2023-04-25,8563
2913,農林,78,52,26,新光-新竹,2023-04-25,8563
2476,鉅祥,30,5,25,新光-新竹,2023-04-25,8563
4968,立積,49,24,25,新光-新竹,2023-04-25,8563
4960,誠美材,25,1,24,新光-新竹,2023-04-25,8563
3025,星通,27,3,24,新光-新竹,2023-04-25,8563
2337,旺宏,24,0,24,新光-新竹,2023-04-25,8563
9945,潤泰新,29,5,24,新光-新竹,2023-04-25,8563
8927,北基,28,5,23,新光-新竹,2023-04-25,8563
4743,合一,36,13,23,新光-新竹,2023-04-25,8563
4190,佐登-KY,31,9,22,新光-新竹,2023-04-25,8563
6271,同欣電,24,3,21,新光-新竹,2023-04-25,8563
2330,台積電,49,28,21,新光-新竹,2023-04-25,8563
2303,聯電,40,19,21,新光-新竹,2023-04-25,8563
2845,遠東銀,21,0,21,新光-新竹,2023-04-25,8563
00878,國泰永續高股息,234,51,183,新光-新竹,2023-04-26,8563
00712,復華富時不動產,277,123,154,新光-新竹,2023-04-26,8563
00650L,復華香港正2,150,0,150,新光-新竹,2023-04-26,8563
1519,華城,166,17,149,新光-新竹,2023-04-26,8563
3264,欣銓,116,5,111,新光-新竹,2023-04-26,8563
6142,友勁,109,0,109,新光-新竹,2023-04-26,8563
00885,富邦越南,111,3,108,新光-新竹,2023-04-26,8563
2618,長榮航,116,14,102,新光-新竹,2023-04-26,8563
00671R,富邦NASDAQ反1,100,0,100,新光-新竹,2023-04-26,8563
00632R,元大台灣50反1,451,354,97,新光-新竹,2023-04-26,8563
2495,普安,136,67,69,新光-新竹,2023-04-26,8563
5457,宣德,66,0,66,新光-新竹,2023-04-26,8563
00877,復華中國5G,60,0,60,新光-新竹,2023-04-26,8563
00676R,富邦臺灣加權反1,229,174,55,新光-新竹,2023-04-26,8563
3035,智原,98,46,52,新光-新竹,2023-04-26,8563
00673R,期元大S＆P原油反1,100,49,51,新光-新竹,2023-04-26,8563
1709,和益,67,17,50,新光-新竹,2023-04-26,8563
006208,富邦台50,46,1,45,新光-新竹,2023-04-26,8563
4934,太極,50,5,45,新光-新竹,2023-04-26,8563
0056,元大高股息,53,9,44,新光-新竹,2023-04-26,8563
00664R,國泰臺灣加權反1,40,0,40,新光-新竹,2023-04-26,8563
6140,訊達,40,0,40,新光-新竹,2023-04-26,8563
1605,華新,40,7,33,新光-新竹,2023-04-26,8563
1710,東聯,79,46,33,新光-新竹,2023-04-26,8563
3162,精確,34,2,32,新光-新竹,2023-04-26,8563
1905,華紙,243,211,32,新光-新竹,2023-04-26,8563
3265,台星科,45,14,31,新光-新竹,2023-04-26,8563
00631L,元大台灣50正2,38,8,30,新光-新竹,2023-04-26,8563
00720B,元大投資級公司債,119,92,27,新光-新竹,2023-04-26,8563
1609,大亞,35,9,26,新光-新竹,2023-04-26,8563
2313,華通,27,2,25,新光-新竹,2023-04-26,8563
0050,元大台灣50,30,5,25,新光-新竹,2023-04-26,8563
2457,飛宏,71,48,23,新光-新竹,2023-04-26,8563
1611,中電,49,26,23,新光-新竹,2023-04-26,8563
2482,連宇,66,43,23,新光-新竹,2023-04-26,8563
2913,農林,55,33,22,新光-新竹,2023-04-26,8563
1904,正隆,179,158,21,新光-新竹,2023-04-26,8563
2444,兆勁,21,0,21,新光-新竹,2023-04-26,8563
6179,亞通,70,49,21,新光-新竹,2023-04-26,8563
00902,中信電池及儲能,21,0,21,新光-新竹,2023-04-26,8563
1721,三晃,61,40,21,新光-新竹,2023-04-26,8563
00923,群益台ESG低碳50,19,1,18,新光-新竹,2023-04-26,8563
01001T,土銀富邦R1,17,0,17,新光-新竹,2023-04-26,8563
2610,華航,35,19,16,新光-新竹,2023-04-26,8563
8085,福華,28,12,16,新光-新竹,2023-04-26,8563
2748,雲品,16,1,15,新光-新竹,2023-04-26,8563
3029,零壹,38,23,15,新光-新竹,2023-04-26,8563
2002,中鋼,26,12,14,新光-新竹,2023-04-26,8563
3005,神基,13,0,13,新光-新竹,2023-04-26,8563
00919,群益台灣精選高息,13,0,13,新光-新竹,2023-04-26,8563
00632R,元大台灣50反1,545,89,456,新光-新竹,2023-04-27,8563
00715L,期街口布蘭特正2,364,5,359,新光-新竹,2023-04-27,8563
2801,彰銀,205,0,205,新光-新竹,2023-04-27,8563
00773B,中信優先金融債,119,0,119,新光-新竹,2023-04-27,8563
00720B,元大投資級公司債,118,2,116,新光-新竹,2023-04-27,8563
00772B,中信高評級公司債,109,0,109,新光-新竹,2023-04-27,8563
1810,和成,115,6,109,新光-新竹,2023-04-27,8563
2618,長榮航,125,31,94,新光-新竹,2023-04-27,8563
00679B,元大美債20年,104,14,90,新光-新竹,2023-04-27,8563
00680L,元大美債20正2,112,29,83,新光-新竹,2023-04-27,8563
00676R,富邦臺灣加權反1,81,0,81,新光-新竹,2023-04-27,8563
0056,元大高股息,66,6,60,新光-新竹,2023-04-27,8563
00671R,富邦NASDAQ反1,56,0,56,新光-新竹,2023-04-27,8563
1310,台苯,164,109,55,新光-新竹,2023-04-27,8563
0050,元大台灣50,53,3,50,新光-新竹,2023-04-27,8563
00712,復華富時不動產,187,141,46,新光-新竹,2023-04-27,8563
00878,國泰永續高股息,80,37,43,新光-新竹,2023-04-27,8563
2609,陽明,54,11,43,新光-新竹,2023-04-27,8563
2547,日勝生,40,0,40,新光-新竹,2023-04-27,8563
2610,華航,64,27,37,新光-新竹,2023-04-27,8563
00751B,元大AAA至A公司債,52,16,36,新光-新竹,2023-04-27,8563
00902,中信電池及儲能,34,0,34,新光-新竹,2023-04-27,8563
2330,台積電,41,9,32,新光-新竹,2023-04-27,8563
00642U,期元大S＆P石油,34,2,32,新光-新竹,2023-04-27,8563
2633,台灣高鐵,31,0,31,新光-新竹,2023-04-27,8563
4121,優盛,58,27,31,新光-新竹,2023-04-27,8563
2444,兆勁,29,0,29,新光-新竹,2023-04-27,8563
4513,福裕,28,0,28,新光-新竹,2023-04-27,8563
2409,友達,34,8,26,新光-新竹,2023-04-27,8563
4743,合一,34,11,23,新光-新竹,2023-04-27,8563
3032,偉訓,23,0,23,新光-新竹,2023-04-27,8563
5465,富驊,22,1,21,新光-新竹,2023-04-27,8563
2442,新美齊,21,0,21,新光-新竹,2023-04-27,8563
1722,台肥,24,3,21,新光-新竹,2023-04-27,8563
2884,玉山金,22,2,20,新光-新竹,2023-04-27,8563
00706L,期元大S＆P日圓正2,20,0,20,新光-新竹,2023-04-27,8563
00890B,凱基ESG BBB債,20,0,20,新光-新竹,2023-04-27,8563
6129,普誠,20,0,20,新光-新竹,2023-04-27,8563
6142,友勁,20,0,20,新光-新竹,2023-04-27,8563
00881,國泰台灣5G+,19,0,19,新光-新竹,2023-04-27,8563
6285,啟��,57,38,19,新光-新竹,2023-04-27,8563
00905,FT臺灣Smart,19,0,19,新光-新竹,2023-04-27,8563
1416,廣豐,20,1,19,新光-新竹,2023-04-27,8563
3264,欣銓,19,1,18,新光-新竹,2023-04-27,8563
4977,眾達-KY,23,5,18,新光-新竹,2023-04-27,8563
6127,九豪,18,0,18,新光-新竹,2023-04-27,8563
3037,欣興,58,41,17,新光-新竹,2023-04-27,8563
3191,雲嘉南,17,0,17,新光-新竹,2023-04-27,8563
2471,資通,54,37,17,新光-新竹,2023-04-27,8563
2634,漢翔,347,331,16,新光-新竹,2023-04-27,8563
00676R,富邦臺灣加權反1,573,100,473,新光-新竹,2023-04-28,8563
00680L,元大美債20正2,251,98,153,新光-新竹,2023-04-28,8563
3260,威剛,142,10,132,新光-新竹,2023-04-28,8563
3481,群創,155,31,124,新光-新竹,2023-04-28,8563
2501,國建,112,8,104,新光-新竹,2023-04-28,8563
00715L,期街口布蘭特正2,181,83,98,新光-新竹,2023-04-28,8563
2368,金像電,96,1,95,新光-新竹,2023-04-28,8563
2618,長榮航,101,16,85,新光-新竹,2023-04-28,8563
3105,穩懋,91,10,81,新光-新竹,2023-04-28,8563
00773B,中信優先金融債,91,12,79,新光-新竹,2023-04-28,8563
1907,永豐餘,101,22,79,新光-新竹,2023-04-28,8563
8011,台通,74,0,74,新光-新竹,2023-04-28,8563
2409,友達,88,16,72,新光-新竹,2023-04-28,8563
00751B,元大AAA至A公司債,68,0,68,新光-新竹,2023-04-28,8563
00720B,元大投資級公司債,66,1,65,新光-新竹,2023-04-28,8563
00642U,期元大S＆P石油,62,0,62,新光-新竹,2023-04-28,8563
00679B,元大美債20年,78,18,60,新光-新竹,2023-04-28,8563
00687B,國泰20年美債,58,3,55,新光-新竹,2023-04-28,8563
00665L,富邦�琤肭磪囓�2,70,16,54,新光-新竹,2023-04-28,8563
2913,農林,72,21,51,新光-新竹,2023-04-28,8563
3025,星通,68,18,50,新光-新竹,2023-04-28,8563
2855,統一證,50,0,50,新光-新竹,2023-04-28,8563
00772B,中信高評級公司債,51,4,47,新光-新竹,2023-04-28,8563
6108,競國,47,0,47,新光-新竹,2023-04-28,8563
2880,華南金,113,67,46,新光-新竹,2023-04-28,8563
3705,永信,42,2,40,新光-新竹,2023-04-28,8563
5465,富驊,37,0,37,新光-新竹,2023-04-28,8563
00878,國泰永續高股息,91,56,35,新光-新竹,2023-04-28,8563
2442,新美齊,40,5,35,新光-新竹,2023-04-28,8563
6005,群益證,36,2,34,新光-新竹,2023-04-28,8563
0050,元大台灣50,40,8,32,新光-新竹,2023-04-28,8563
00890B,凱基ESG BBB債,31,0,31,新光-新竹,2023-04-28,8563
1718,中纖,30,0,30,新光-新竹,2023-04-28,8563
1904,正隆,30,2,28,新光-新竹,2023-04-28,8563
2444,兆勁,27,0,27,新光-新竹,2023-04-28,8563
6806,森崴能源,69,42,27,新光-新竹,2023-04-28,8563
2204,中華,52,27,25,新光-新竹,2023-04-28,8563
2002,中鋼,25,0,25,新光-新竹,2023-04-28,8563
3078,僑威,40,16,24,新光-新竹,2023-04-28,8563
2884,玉山金,24,0,24,新光-新竹,2023-04-28,8563
2453,凌群,71,48,23,新光-新竹,2023-04-28,8563
5009,榮剛,157,135,22,新光-新竹,2023-04-28,8563
4743,合一,26,5,21,新光-新竹,2023-04-28,8563
2801,彰銀,22,2,20,新光-新竹,2023-04-28,8563
00706L,期元大S＆P日圓正2,20,0,20,新光-新竹,2023-04-28,8563
4106,雃博,20,0,20,新光-新竹,2023-04-28,8563
1603,華電,20,0,20,新光-新竹,2023-04-28,8563
6285,啟��,29,9,20,新光-新竹,2023-04-28,8563
1513,中興電,31,12,19,新光-新竹,2023-04-28,8563
00900,富邦特選高股息30,19,1,18,新光-新竹,2023-04-28,8563
00680L,元大美債20正2,442,0,442,新光-新竹,2023-05-02,8563
00720B,元大投資級公司債,394,46,348,新光-新竹,2023-05-02,8563
00679B,元大美債20年,159,16,143,新光-新竹,2023-05-02,8563
00751B,元大AAA至A公司債,135,10,125,新光-新竹,2023-05-02,8563
00772B,中信高評級公司債,118,20,98,新光-新竹,2023-05-02,8563
00687B,國泰20年美債,96,0,96,新光-新竹,2023-05-02,8563
2368,金像電,84,1,83,新光-新竹,2023-05-02,8563
1513,中興電,113,37,76,新光-新竹,2023-05-02,8563
00712,復華富時不動產,115,44,71,新光-新竹,2023-05-02,8563
5353,台林,66,4,62,新光-新竹,2023-05-02,8563
6108,競國,60,0,60,新光-新竹,2023-05-02,8563
1905,華紙,337,277,60,新光-新竹,2023-05-02,8563
2444,兆勁,59,0,59,新光-新竹,2023-05-02,8563
1528,恩德,60,10,50,新光-新竹,2023-05-02,8563
6143,振曜,50,1,49,新光-新竹,2023-05-02,8563
2022,聚亨,55,6,49,新光-新竹,2023-05-02,8563
00632R,元大台灣50反1,67,27,40,新光-新竹,2023-05-02,8563
6163,華電網,46,7,39,新光-新竹,2023-05-02,8563
2457,飛宏,86,48,38,新光-新竹,2023-05-02,8563
2481,強茂,46,9,37,新光-新竹,2023-05-02,8563
1514,亞力,72,35,37,新光-新竹,2023-05-02,8563
5465,富驊,40,5,35,新光-新竹,2023-05-02,8563
1701,中化,54,19,35,新光-新竹,2023-05-02,8563
6234,高僑,121,88,33,新光-新竹,2023-05-02,8563
1504,東元,115,82,33,新光-新竹,2023-05-02,8563
3443,創意,55,23,32,新光-新竹,2023-05-02,8563
2880,華南金,42,11,31,新光-新竹,2023-05-02,8563
2609,陽明,48,17,31,新光-新竹,2023-05-02,8563
1618,合機,33,3,30,新光-新竹,2023-05-02,8563
2845,遠東銀,30,0,30,新光-新竹,2023-05-02,8563
00706L,期元大S＆P日圓正2,44,15,29,新光-新竹,2023-05-02,8563
2851,中再保,30,1,29,新光-新竹,2023-05-02,8563
00696B,富邦美債20年,30,2,28,新光-新竹,2023-05-02,8563
1718,中纖,30,2,28,新光-新竹,2023-05-02,8563
2882,國泰金,30,3,27,新光-新竹,2023-05-02,8563
6288,聯嘉,78,51,27,新光-新竹,2023-05-02,8563
1802,台玻,27,0,27,新光-新竹,2023-05-02,8563
2731,雄獅,33,6,27,新光-新竹,2023-05-02,8563
00637L,元大滬深300正2,43,16,27,新光-新竹,2023-05-02,8563
00753L,中信中國50正2,30,3,27,新光-新竹,2023-05-02,8563
00773B,中信優先金融債,35,9,26,新光-新竹,2023-05-02,8563
4763,材料-KY,62,37,25,新光-新竹,2023-05-02,8563
2603,長榮,73,49,24,新光-新竹,2023-05-02,8563
2633,台灣高鐵,34,10,24,新光-新竹,2023-05-02,8563
3379,彬台,24,0,24,新光-新竹,2023-05-02,8563
1337,再生-KY,24,0,24,新光-新竹,2023-05-02,8563
2884,玉山金,27,4,23,新光-新竹,2023-05-02,8563
3033,威健,33,10,23,新光-新竹,2023-05-02,8563
9105,泰金寶-DR,23,0,23,新光-新竹,2023-05-02,8563
2332,友訊,24,2,22,新光-新竹,2023-05-02,8563
00715L,期街口布蘭特正2,786,81,705,新光-新竹,2023-05-03,8563
00712,復華富時不動產,602,277,325,新光-新竹,2023-05-03,8563
00637L,元大滬深300正2,226,17,209,新光-新竹,2023-05-03,8563
00878,國泰永續高股息,233,68,165,新光-新竹,2023-05-03,8563
00642U,期元大S＆P石油,143,0,143,新光-新竹,2023-05-03,8563
00753L,中信中國50正2,150,50,100,新光-新竹,2023-05-03,8563
3481,群創,113,28,85,新光-新竹,2023-05-03,8563
00882,中信中國高股息,64,5,59,新光-新竹,2023-05-03,8563
6282,康舒,97,44,53,新光-新竹,2023-05-03,8563
1569,濱川,50,0,50,新光-新竹,2023-05-03,8563
3231,緯創,134,89,45,新光-新竹,2023-05-03,8563
1514,亞力,70,27,43,新光-新竹,2023-05-03,8563
3707,漢磊,43,4,39,新光-新竹,2023-05-03,8563
2603,長榮,70,33,37,新光-新竹,2023-05-03,8563
1101,台泥,49,14,35,新光-新竹,2023-05-03,8563
3363,上詮,40,5,35,新光-新竹,2023-05-03,8563
2609,陽明,47,13,34,新光-新竹,2023-05-03,8563
4541,晟田,54,21,33,新光-新竹,2023-05-03,8563
6465,威潤,32,0,32,新光-新竹,2023-05-03,8563
1519,華城,81,50,31,新光-新竹,2023-05-03,8563
1618,合機,36,9,27,新光-新竹,2023-05-03,8563
2002,中鋼,32,6,26,新光-新竹,2023-05-03,8563
9907,統一實,25,0,25,新光-新竹,2023-05-03,8563
2501,國建,25,2,23,新光-新竹,2023-05-03,8563
2484,希華,23,0,23,新光-新竹,2023-05-03,8563
006208,富邦台50,24,2,22,新光-新竹,2023-05-03,8563
00720B,元大投資級公司債,52,30,22,新光-新竹,2023-05-03,8563
1504,東元,47,25,22,新光-新竹,2023-05-03,8563
4111,濟生,22,1,21,新光-新竹,2023-05-03,8563
2615,萬海,31,10,21,新光-新竹,2023-05-03,8563
1718,中纖,20,0,20,新光-新竹,2023-05-03,8563
1409,新纖,20,0,20,新光-新竹,2023-05-03,8563
2444,兆勁,20,0,20,新光-新竹,2023-05-03,8563
6142,友勁,23,3,20,新光-新竹,2023-05-03,8563
00893,國泰智能電動車,29,9,20,新光-新竹,2023-05-03,8563
00665L,富邦�琤肭磪囓�2,50,30,20,新光-新竹,2023-05-03,8563
2014,中鴻,20,0,20,新光-新竹,2023-05-03,8563
6443,元晶,22,2,20,新光-新竹,2023-05-03,8563
1104,環泥,51,31,20,新光-新竹,2023-05-03,8563
00888,永豐台灣ESG,19,0,19,新光-新竹,2023-05-03,8563
6285,啟��,24,5,19,新光-新竹,2023-05-03,8563
6104,創惟,22,3,19,新光-新竹,2023-05-03,8563
3264,欣銓,19,1,18,新光-新竹,2023-05-03,8563
1711,永光,37,19,18,新光-新竹,2023-05-03,8563
00752,中信中國50,18,0,18,新光-新竹,2023-05-03,8563
2009,第一銅,18,0,18,新光-新竹,2023-05-03,8563
6163,華電網,23,5,18,新光-新竹,2023-05-03,8563
1701,中化,17,0,17,新光-新竹,2023-05-03,8563
00655L,國泰中國A50正2,17,0,17,新光-新竹,2023-05-03,8563
2312,金寶,17,0,17,新光-新竹,2023-05-03,8563
00715L,期街口布蘭特正2,797,61,736,新光-新竹,2023-05-04,8563
00720B,元大投資級公司債,627,3,624,新光-新竹,2023-05-04,8563
00642U,期元大S＆P石油,187,0,187,新光-新竹,2023-05-04,8563
00712,復華富時不動產,326,140,186,新光-新竹,2023-05-04,8563
6005,群益證,84,1,83,新光-新竹,2023-05-04,8563
5347,世界,77,1,76,新光-新竹,2023-05-04,8563
00878,國泰永續高股息,139,66,73,新光-新竹,2023-05-04,8563
00751B,元大AAA至A公司債,64,0,64,新光-新竹,2023-05-04,8563
5439,高技,62,0,62,新光-新竹,2023-05-04,8563
6548,長科*,57,6,51,新光-新竹,2023-05-04,8563
00679B,元大美債20年,120,70,50,新光-新竹,2023-05-04,8563
00772B,中信高評級公司債,48,4,44,新光-新竹,2023-05-04,8563
3704,合勤控,31,1,30,新光-新竹,2023-05-04,8563
2444,兆勁,30,0,30,新光-新竹,2023-05-04,8563
00674R,期元大S＆P黃金反1,26,0,26,新光-新竹,2023-05-04,8563
6733,博晟生醫,25,0,25,新光-新竹,2023-05-04,8563
3522,御嵿,24,0,24,新光-新竹,2023-05-04,8563
1710,東聯,32,9,23,新光-新竹,2023-05-04,8563
3715,定穎投控,55,33,22,新光-新竹,2023-05-04,8563
2208,台船,24,2,22,新光-新竹,2023-05-04,8563
6278,台表科,22,0,22,新光-新竹,2023-05-04,8563
6869,雲豹能源,22,0,22,新光-新竹,2023-05-04,8563
3078,僑威,32,11,21,新光-新竹,2023-05-04,8563
5469,瀚宇博,32,11,21,新光-新竹,2023-05-04,8563
3029,零壹,33,13,20,新光-新竹,2023-05-04,8563
3188,鑫龍騰,20,0,20,新光-新竹,2023-05-04,8563
2867,三商壽,19,0,19,新光-新竹,2023-05-04,8563
2317,鴻海,41,22,19,新光-新竹,2023-05-04,8563
2881,富邦金,21,2,19,新光-新竹,2023-05-04,8563
6234,高僑,58,40,18,新光-新竹,2023-05-04,8563
00690,兆豐藍籌30,22,4,18,新光-新竹,2023-05-04,8563
2515,中工,21,3,18,新光-新竹,2023-05-04,8563
01001T,土銀富邦R1,18,0,18,新光-新竹,2023-05-04,8563
3537,堡達,18,0,18,新光-新竹,2023-05-04,8563
6285,啟��,19,2,17,新光-新竹,2023-05-04,8563
1514,亞力,34,18,16,新光-新竹,2023-05-04,8563
6111,大宇資,94,79,15,新光-新竹,2023-05-04,8563
3443,創意,24,8,16,新光-新竹,2023-05-04,8563
00891,中信關鍵半導體,16,0,16,新光-新竹,2023-05-04,8563
2618,長榮航,22,7,15,新光-新竹,2023-05-04,8563
6589,台康生技,69,54,15,新光-新竹,2023-05-04,8563
2707,晶華,15,1,14,新光-新竹,2023-05-04,8563
2482,連宇,22,8,14,新光-新竹,2023-05-04,8563
3714,富采,13,0,13,新光-新竹,2023-05-04,8563
00852L,國泰美國道瓊正2,13,0,13,新光-新竹,2023-05-04,8563
1519,華城,76,64,12,新光-新竹,2023-05-04,8563
006208,富邦台50,12,0,12,新光-新竹,2023-05-04,8563
6148,驊宏資,81,70,11,新光-新竹,2023-05-04,8563
2913,農林,22,11,11,新光-新竹,2023-05-04,8563
8071,能率網通,12,1,11,新光-新竹,2023-05-04,8563
00680L,元大美債20正2,355,20,335,新光-新竹,2023-05-05,8563
00715L,期街口布蘭特正2,358,40,318,新光-新竹,2023-05-05,8563
00712,復華富時不動產,358,66,292,新光-新竹,2023-05-05,8563
6869,雲豹能源,255,22,233,新光-新竹,2023-05-05,8563
00720B,元大投資級公司債,195,0,195,新光-新竹,2023-05-05,8563
00679B,元大美債20年,180,11,169,新光-新竹,2023-05-05,8563
00878,國泰永續高股息,170,53,117,新光-新竹,2023-05-05,8563
00751B,元大AAA至A公司債,84,0,84,新光-新竹,2023-05-05,8563
6112,邁達特,122,39,83,新光-新竹,2023-05-05,8563
00687B,國泰20年美債,89,10,79,新光-新竹,2023-05-05,8563
00852L,國泰美國道瓊正2,66,0,66,新光-新竹,2023-05-05,8563
00877,復華中國5G,60,0,60,新光-新竹,2023-05-05,8563
4967,十銓,90,30,60,新光-新竹,2023-05-05,8563
00642U,期元大S＆P石油,59,3,56,新光-新竹,2023-05-05,8563
3056,富華新,54,0,54,新光-新竹,2023-05-05,8563
00772B,中信高評級公司債,86,33,53,新光-新竹,2023-05-05,8563
1609,大亞,425,376,49,新光-新竹,2023-05-05,8563
00688L,國泰20年美債正2,36,0,36,新光-新竹,2023-05-05,8563
1513,中興電,92,58,34,新光-新竹,2023-05-05,8563
00890B,凱基ESG BBB債,34,0,34,新光-新竹,2023-05-05,8563
3682,亞太電,31,0,31,新光-新竹,2023-05-05,8563
3188,鑫龍騰,30,0,30,新光-新竹,2023-05-05,8563
6219,富旺,30,0,30,新光-新竹,2023-05-05,8563
8936,國統,37,7,30,新光-新竹,2023-05-05,8563
4114,健喬,46,18,28,新光-新竹,2023-05-05,8563
1605,華新,49,22,27,新光-新竹,2023-05-05,8563
2537,聯上發,25,0,25,新光-新竹,2023-05-05,8563
3071,協禧,37,12,25,新光-新竹,2023-05-05,8563
00923,群益台ESG低碳50,25,0,25,新光-新竹,2023-05-05,8563
2887,台新金,26,3,23,新光-新竹,2023-05-05,8563
3576,聯合再生,33,10,23,新光-新竹,2023-05-05,8563
6531,愛普*,87,65,22,新光-新竹,2023-05-05,8563
4529,淳紳,21,0,21,新光-新竹,2023-05-05,8563
5009,榮剛,52,31,21,新光-新竹,2023-05-05,8563
00919,群益台灣精選高息,20,0,20,新光-新竹,2023-05-05,8563
2444,兆勁,20,0,20,新光-新竹,2023-05-05,8563
2424,隴華,20,0,20,新光-新竹,2023-05-05,8563
2457,飛宏,164,145,19,新光-新竹,2023-05-05,8563
3704,合勤控,20,1,19,新光-新竹,2023-05-05,8563
6148,驊宏資,60,41,19,新光-新竹,2023-05-05,8563
2630,亞航,20,2,18,新光-新竹,2023-05-05,8563
00632R,元大台灣50反1,18,1,17,新光-新竹,2023-05-05,8563
00725B,國泰投資級公司債,16,0,16,新光-新竹,2023-05-05,8563
3005,神基,34,18,16,新光-新竹,2023-05-05,8563
3338,泰碩,19,3,16,新光-新竹,2023-05-05,8563
6456,GIS-KY,17,1,16,新光-新竹,2023-05-05,8563
3693,營邦,19,4,15,新光-新竹,2023-05-05,8563
4744,皇將,40,25,15,新光-新竹,2023-05-05,8563
4541,晟田,50,35,15,新光-新竹,2023-05-05,8563
4113,聯上,15,0,15,新光-新竹,2023-05-05,8563
9945,潤泰新,735,6,729,新光-新竹,2023-05-08,8563
3231,緯創,652,89,563,新光-新竹,2023-05-08,8563
2883,凱基金,363,143,220,新光-新竹,2023-05-08,8563
2884,玉山金,210,17,193,新光-新竹,2023-05-08,8563
00680L,元大美債20正2,166,0,166,新光-新竹,2023-05-08,8563
00720B,元大投資級公司債,150,1,149,新光-新竹,2023-05-08,8563
00878,國泰永續高股息,166,48,118,新光-新竹,2023-05-08,8563
00772B,中信高評級公司債,76,0,76,新光-新竹,2023-05-08,8563
8069,元太,131,56,75,新光-新竹,2023-05-08,8563
1605,華新,113,46,67,新光-新竹,2023-05-08,8563
00679B,元大美債20年,103,44,59,新光-新竹,2023-05-08,8563
2887,台新金,71,12,59,新光-新竹,2023-05-08,8563
00751B,元大AAA至A公司債,61,3,58,新光-新竹,2023-05-08,8563
3006,晶豪科,61,7,54,新光-新竹,2023-05-08,8563
6152,百一,48,0,48,新光-新竹,2023-05-08,8563
6443,元晶,49,2,47,新光-新竹,2023-05-08,8563
1609,大亞,215,169,46,新光-新竹,2023-05-08,8563
3481,群創,52,8,44,新光-新竹,2023-05-08,8563
8049,晶采,34,0,34,新光-新竹,2023-05-08,8563
2748,雲品,31,0,31,新光-新竹,2023-05-08,8563
8936,國統,35,4,31,新光-新竹,2023-05-08,8563
1909,榮成,26,0,26,新光-新竹,2023-05-08,8563
1503,士電,96,70,26,新光-新竹,2023-05-08,8563
4175,杏一,31,7,24,新光-新竹,2023-05-08,8563
6185,幃翔,25,1,24,新光-新竹,2023-05-08,8563
3545,敦泰,31,8,23,新光-新竹,2023-05-08,8563
1307,三芳,67,44,23,新光-新竹,2023-05-08,8563
2458,義隆,23,1,22,新光-新竹,2023-05-08,8563
2489,瑞軒,22,1,21,新光-新竹,2023-05-08,8563
2888,新光金,28,7,21,新光-新竹,2023-05-08,8563
01001T,土銀富邦R1,21,0,21,新光-新竹,2023-05-08,8563
3380,明泰,21,0,21,新光-新竹,2023-05-08,8563
4190,佐登-KY,41,20,21,新光-新竹,2023-05-08,8563
1906,寶隆,20,0,20,新光-新竹,2023-05-08,8563
6219,富旺,20,0,20,新光-新竹,2023-05-08,8563
5465,富驊,20,0,20,新光-新竹,2023-05-08,8563
2009,第一銅,20,0,20,新光-新竹,2023-05-08,8563
3188,鑫龍騰,20,0,20,新光-新竹,2023-05-08,8563
3591,艾笛森,30,10,20,新光-新竹,2023-05-08,8563
8390,金益鼎,25,5,20,新光-新竹,2023-05-08,8563
3024,憶聲,19,0,19,新光-新竹,2023-05-08,8563
00631L,元大台灣50正2,33,16,17,新光-新竹,2023-05-08,8563
3617,碩天,17,1,16,新光-新竹,2023-05-08,8563
3207,耀勝,17,1,16,新光-新竹,2023-05-08,8563
1210,大成,20,5,15,新光-新竹,2023-05-08,8563
3264,欣銓,15,0,15,新光-新竹,2023-05-08,8563
2537,聯上發,15,0,15,新光-新竹,2023-05-08,8563
2881,富邦金,17,3,14,新光-新竹,2023-05-08,8563
2542,興富發,19,5,14,新光-新竹,2023-05-08,8563
1904,正隆,14,0,14,新光-新竹,2023-05-08,8563
00680L,元大美債20正2,377,0,377,新光-新竹,2023-05-09,8563
00688L,國泰20年美債正2,305,0,305,新光-新竹,2023-05-09,8563
6869,雲豹能源,342,99,243,新光-新竹,2023-05-09,8563
00687B,國泰20年美債,238,0,238,新光-新竹,2023-05-09,8563
00720B,元大投資級公司債,269,60,209,新光-新竹,2023-05-09,8563
2457,飛宏,241,122,119,新光-新竹,2023-05-09,8563
00878,國泰永續高股息,216,99,117,新光-新竹,2023-05-09,8563
00751B,元大AAA至A公司債,112,0,112,新光-新竹,2023-05-09,8563
2206,三陽工業,137,28,109,新光-新竹,2023-05-09,8563
00772B,中信高評級公司債,128,28,100,新光-新竹,2023-05-09,8563
5425,台半,72,3,69,新光-新竹,2023-05-09,8563
00632R,元大台灣50反1,123,54,69,新光-新竹,2023-05-09,8563
00708L,期元大S＆P黃金正2,60,0,60,新光-新竹,2023-05-09,8563
1907,永豐餘,82,28,54,新光-新竹,2023-05-09,8563
3025,星通,53,5,48,新光-新竹,2023-05-09,8563
1529,樂事綠能,96,49,47,新光-新竹,2023-05-09,8563
1504,東元,139,92,47,新光-新竹,2023-05-09,8563
3029,零壹,74,29,45,新光-新竹,2023-05-09,8563
4102,永日,179,136,43,新光-新竹,2023-05-09,8563
2537,聯上發,43,0,43,新光-新竹,2023-05-09,8563
8210,勤誠,41,0,41,新光-新竹,2023-05-09,8563
3481,群創,98,62,36,新光-新竹,2023-05-09,8563
2609,陽明,43,7,36,新光-新竹,2023-05-09,8563
2913,農林,46,13,33,新光-新竹,2023-05-09,8563
2884,玉山金,43,12,31,新光-新竹,2023-05-09,8563
1218,泰山,34,4,30,新光-新竹,2023-05-09,8563
6219,富旺,30,0,30,新光-新竹,2023-05-09,8563
2312,金寶,26,0,26,新光-新竹,2023-05-09,8563
4939,亞電,30,4,26,新光-新竹,2023-05-09,8563
6142,友勁,30,4,26,新光-新竹,2023-05-09,8563
00713,元大台灣高息低波,36,11,25,新光-新竹,2023-05-09,8563
00773B,中信優先金融債,24,0,24,新光-新竹,2023-05-09,8563
4190,佐登-KY,25,1,24,新光-新竹,2023-05-09,8563
8936,國統,29,6,23,新光-新竹,2023-05-09,8563
1519,華城,209,186,23,新光-新竹,2023-05-09,8563
2027,大成鋼,23,1,22,新光-新竹,2023-05-09,8563
00637L,元大滬深300正2,39,17,22,新光-新竹,2023-05-09,8563
2349,錸德,22,0,22,新光-新竹,2023-05-09,8563
1514,亞力,58,36,22,新光-新竹,2023-05-09,8563
2417,圓剛,21,0,21,新光-新竹,2023-05-09,8563
5512,力麒,21,0,21,新光-新竹,2023-05-09,8563
0056,元大高股息,24,4,20,新光-新竹,2023-05-09,8563
1101,台泥,110,90,20,新光-新竹,2023-05-09,8563
5206,坤悅,20,0,20,新光-新竹,2023-05-09,8563
6234,高僑,26,7,19,新光-新竹,2023-05-09,8563
2423,固緯,22,4,18,新光-新竹,2023-05-09,8563
2748,雲品,31,14,17,新光-新竹,2023-05-09,8563
4543,萬在,18,1,17,新光-新竹,2023-05-09,8563
6790,永豐實,17,0,17,新光-新竹,2023-05-09,8563
4979,華星光,35,18,17,新光-新竹,2023-05-09,8563
00637L,元大滬深300正2,512,38,474,新光-新竹,2023-05-10,8563
00878,國泰永續高股息,322,87,235,新光-新竹,2023-05-10,8563
00687B,國泰20年美債,182,13,169,新光-新竹,2023-05-10,8563
00650L,復華香港正2,150,0,150,新光-新竹,2023-05-10,8563
00772B,中信高評級公司債,153,7,146,新光-新竹,2023-05-10,8563
00642U,期元大S＆P石油,160,14,146,新光-新竹,2023-05-10,8563
00882,中信中國高股息,157,34,123,新光-新竹,2023-05-10,8563
6443,元晶,141,27,114,新光-新竹,2023-05-10,8563
00720B,元大投資級公司債,114,1,113,新光-新竹,2023-05-10,8563
00712,復華富時不動產,222,118,104,新光-新竹,2023-05-10,8563
8038,長園科,100,3,97,新光-新竹,2023-05-10,8563
00688L,國泰20年美債正2,96,0,96,新光-新竹,2023-05-10,8563
1609,大亞,177,100,77,新光-新竹,2023-05-10,8563
2888,新光金,78,4,74,新光-新竹,2023-05-10,8563
00713,元大台灣高息低波,74,8,66,新光-新竹,2023-05-10,8563
4939,亞電,63,0,63,新光-新竹,2023-05-10,8563
6869,雲豹能源,108,49,59,新光-新竹,2023-05-10,8563
6005,群益證,54,0,54,新光-新竹,2023-05-10,8563
1909,榮成,53,0,53,新光-新竹,2023-05-10,8563
00753L,中信中國50正2,44,9,35,新光-新竹,2023-05-10,8563
2882,國泰金,37,3,34,新光-新竹,2023-05-10,8563
2634,漢翔,94,61,33,新光-新竹,2023-05-10,8563
00888,永豐台灣ESG,33,0,33,新光-新竹,2023-05-10,8563
00679B,元大美債20年,47,16,31,新光-新竹,2023-05-10,8563
00877,復華中國5G,32,2,30,新光-新竹,2023-05-10,8563
5512,力麒,30,0,30,新光-新竹,2023-05-10,8563
6219,富旺,30,0,30,新光-新竹,2023-05-10,8563
4113,聯上,27,0,27,新光-新竹,2023-05-10,8563
00751B,元大AAA至A公司債,26,0,26,新光-新竹,2023-05-10,8563
2330,台積電,26,1,25,新光-新竹,2023-05-10,8563
5206,坤悅,25,0,25,新光-新竹,2023-05-10,8563
2312,金寶,24,0,24,新光-新竹,2023-05-10,8563
5483,中美晶,22,0,22,新光-新竹,2023-05-10,8563
3528,安馳,21,0,21,新光-新竹,2023-05-10,8563
2887,台新金,21,0,21,新光-新竹,2023-05-10,8563
2630,亞航,37,16,21,新光-新竹,2023-05-10,8563
2387,精元,29,8,21,新光-新竹,2023-05-10,8563
3682,亞太電,20,0,20,新光-新竹,2023-05-10,8563
1905,華紙,107,87,20,新光-新竹,2023-05-10,8563
8938,明安,21,1,20,新光-新竹,2023-05-10,8563
3071,協禧,24,5,19,新光-新竹,2023-05-10,8563
0050,元大台灣50,20,1,19,新光-新竹,2023-05-10,8563
006208,富邦台50,18,0,18,新光-新竹,2023-05-10,8563
00631L,元大台灣50正2,18,0,18,新光-新竹,2023-05-10,8563
6163,華電網,24,6,18,新光-新竹,2023-05-10,8563
4763,材料-KY,90,72,18,新光-新竹,2023-05-10,8563
8069,元太,43,26,17,新光-新竹,2023-05-10,8563
2537,聯上發,17,0,17,新光-新竹,2023-05-10,8563
1312,國喬,20,3,17,新光-新竹,2023-05-10,8563
2371,大同,26,9,17,新光-新竹,2023-05-10,8563
6869,雲豹能源,566,238,328,新光-新竹,2023-05-11,8563
2883,凱基金,313,6,307,新光-新竹,2023-05-11,8563
2884,玉山金,275,4,271,新光-新竹,2023-05-11,8563
00878,國泰永續高股息,275,40,235,新光-新竹,2023-05-11,8563
2618,長榮航,203,34,169,新光-新竹,2023-05-11,8563
5457,宣德,104,0,104,新光-新竹,2023-05-11,8563
2542,興富發,118,17,101,新光-新竹,2023-05-11,8563
00882,中信中國高股息,117,19,98,新光-新竹,2023-05-11,8563
1584,精剛,91,3,88,新光-新竹,2023-05-11,8563
9907,統一實,85,1,84,新光-新竹,2023-05-11,8563
4102,永日,73,1,72,新光-新竹,2023-05-11,8563
00885,富邦越南,90,19,71,新光-新竹,2023-05-11,8563
2913,農林,74,5,69,新光-新竹,2023-05-11,8563
00687B,國泰20年美債,64,0,64,新光-新竹,2023-05-11,8563
00664R,國泰臺灣加權反1,82,20,62,新光-新竹,2023-05-11,8563
1101,台泥,68,10,58,新光-新竹,2023-05-11,8563
2537,聯上發,50,0,50,新光-新竹,2023-05-11,8563
2890,永豐金,179,130,49,新光-新竹,2023-05-11,8563
6806,森崴能源,88,43,45,新光-新竹,2023-05-11,8563
3105,穩懋,43,0,43,新光-新竹,2023-05-11,8563
2610,華航,80,39,41,新光-新竹,2023-05-11,8563
1609,大亞,124,84,40,新光-新竹,2023-05-11,8563
9802,鈺齊-KY,37,0,37,新光-新竹,2023-05-11,8563
0056,元大高股息,48,13,35,新光-新竹,2023-05-11,8563
2609,陽明,38,4,34,新光-新竹,2023-05-11,8563
6285,啟��,94,60,34,新光-新竹,2023-05-11,8563
1789,神隆,35,2,33,新光-新竹,2023-05-11,8563
2441,超豐,31,0,31,新光-新竹,2023-05-11,8563
2317,鴻海,49,19,30,新光-新竹,2023-05-11,8563
6005,群益證,30,0,30,新光-新竹,2023-05-11,8563
00772B,中信高評級公司債,40,11,29,新光-新竹,2023-05-11,8563
2312,金寶,27,0,27,新光-新竹,2023-05-11,8563
5353,台林,39,12,27,新光-新竹,2023-05-11,8563
3363,上詮,31,4,27,新光-新竹,2023-05-11,8563
5284,jpp-KY,43,17,26,新光-新竹,2023-05-11,8563
4114,健喬,32,6,26,新光-新竹,2023-05-11,8563
6179,亞通,27,1,26,新光-新竹,2023-05-11,8563
00679B,元大美債20年,36,11,25,新光-新竹,2023-05-11,8563
9944,新麗,24,0,24,新光-新竹,2023-05-11,8563
4190,佐登-KY,54,30,24,新光-新竹,2023-05-11,8563
4976,佳凌,24,0,24,新光-新竹,2023-05-11,8563
6227,茂綸,25,2,23,新光-新竹,2023-05-11,8563
6288,聯嘉,41,19,22,新光-新竹,2023-05-11,8563
2812,台中銀,83,61,22,新光-新竹,2023-05-11,8563
6219,富旺,22,0,22,新光-新竹,2023-05-11,8563
00631L,元大台灣50正2,25,4,21,新光-新竹,2023-05-11,8563
5309,系統電,35,14,21,新光-新竹,2023-05-11,8563
6207,雷科,20,0,20,新光-新竹,2023-05-11,8563
2630,亞航,43,23,20,新光-新竹,2023-05-11,8563
3682,亞太電,21,1,20,新光-新竹,2023-05-11,8563
00715L,期街口布蘭特正2,479,198,281,新光-新竹,2023-05-12,8563
2317,鴻海,273,86,187,新光-新竹,2023-05-12,8563
00637L,元大滬深300正2,189,3,186,新光-新竹,2023-05-12,8563
2801,彰銀,125,2,123,新光-新竹,2023-05-12,8563
00878,國泰永續高股息,159,45,114,新光-新竹,2023-05-12,8563
00882,中信中國高股息,111,4,107,新光-新竹,2023-05-12,8563
2888,新光金,116,16,100,新光-新竹,2023-05-12,8563
5475,德宏,90,0,90,新光-新竹,2023-05-12,8563
00683L,期元大美元指正2,88,0,88,新光-新竹,2023-05-12,8563
00673R,期元大S＆P原油反1,96,17,79,新光-新竹,2023-05-12,8563
00772B,中信高評級公司債,71,14,57,新光-新竹,2023-05-12,8563
00713,元大台灣高息低波,54,0,54,新光-新竹,2023-05-12,8563
6203,海韻電,52,2,50,新光-新竹,2023-05-12,8563
1101,台泥,63,18,45,新光-新竹,2023-05-12,8563
00679B,元大美債20年,73,29,44,新光-新竹,2023-05-12,8563
9945,潤泰新,48,4,44,新光-新竹,2023-05-12,8563
00680L,元大美債20正2,259,216,43,新光-新竹,2023-05-12,8563
6005,群益證,39,0,39,新光-新竹,2023-05-12,8563
1529,樂事綠能,82,44,38,新光-新竹,2023-05-12,8563
1609,大亞,57,21,36,新光-新竹,2023-05-12,8563
00631L,元大台灣50正2,33,0,33,新光-新竹,2023-05-12,8563
00687B,國泰20年美債,31,0,31,新光-新竹,2023-05-12,8563
00642U,期元大S＆P石油,44,13,31,新光-新竹,2023-05-12,8563
00888,永豐台灣ESG,32,2,30,新光-新竹,2023-05-12,8563
00877,復華中國5G,30,0,30,新光-新竹,2023-05-12,8563
6128,上福,30,0,30,新光-新竹,2023-05-12,8563
2890,永豐金,61,33,28,新光-新竹,2023-05-12,8563
2882,國泰金,42,16,26,新光-新竹,2023-05-12,8563
6226,光鼎,25,0,25,新光-新竹,2023-05-12,8563
4503,金雨,28,4,24,新光-新竹,2023-05-12,8563
00655L,國泰中國A50正2,24,0,24,新光-新竹,2023-05-12,8563
2324,仁寶,24,1,23,新光-新竹,2023-05-12,8563
00665L,富邦�琤肭磪囓�2,30,8,22,新光-新竹,2023-05-12,8563
2312,金寶,22,1,21,新光-新竹,2023-05-12,8563
2849,安泰銀,20,0,20,新光-新竹,2023-05-12,8563
4207,環泰,20,0,20,新光-新竹,2023-05-12,8563
3682,亞太電,20,0,20,新光-新竹,2023-05-12,8563
0050,元大台灣50,23,4,19,新光-新竹,2023-05-12,8563
3017,奇鋐,33,14,19,新光-新竹,2023-05-12,8563
2745,五福,20,1,19,新光-新竹,2023-05-12,8563
5351,鈺創,20,2,18,新光-新竹,2023-05-12,8563
2609,陽明,18,0,18,新光-新竹,2023-05-12,8563
4919,新唐,23,5,18,新光-新竹,2023-05-12,8563
5457,宣德,17,0,17,新光-新竹,2023-05-12,8563
1522,堤維西,16,0,16,新光-新竹,2023-05-12,8563
6285,啟��,80,64,16,新光-新竹,2023-05-12,8563
9943,好樂迪,40,25,15,新光-新竹,2023-05-12,8563
8446,華研,22,7,15,新光-新竹,2023-05-12,8563
00891,中信關鍵半導體,15,0,15,新光-新竹,2023-05-12,8563
6806,森崴能源,58,43,15,新光-新竹,2023-05-12,8563
00878,國泰永續高股息,493,58,435,新光-新竹,2023-05-15,8563
6116,彩晶,400,0,400,新光-新竹,2023-05-15,8563
00632R,元大台灣50反1,337,96,241,新光-新竹,2023-05-15,8563
00680L,元大美債20正2,208,40,168,新光-新竹,2023-05-15,8563
2618,長榮航,204,61,143,新光-新竹,2023-05-15,8563
00720B,元大投資級公司債,113,0,113,新光-新竹,2023-05-15,8563
00882,中信中國高股息,85,0,85,新光-新竹,2023-05-15,8563
1504,東元,199,126,73,新光-新竹,2023-05-15,8563
2382,廣達,226,157,69,新光-新竹,2023-05-15,8563
00679B,元大美債20年,61,9,52,新光-新竹,2023-05-15,8563
3105,穩懋,51,4,47,新光-新竹,2023-05-15,8563
00713,元大台灣高息低波,42,0,42,新光-新竹,2023-05-15,8563
00687B,國泰20年美債,41,0,41,新光-新竹,2023-05-15,8563
2542,興富發,41,1,40,新光-新竹,2023-05-15,8563
00772B,中信高評級公司債,45,6,39,新光-新竹,2023-05-15,8563
00642U,期元大S＆P石油,42,3,39,新光-新竹,2023-05-15,8563
8085,福華,43,5,38,新光-新竹,2023-05-15,8563
00751B,元大AAA至A公司債,37,0,37,新光-新竹,2023-05-15,8563
2208,台船,41,4,37,新光-新竹,2023-05-15,8563
6226,光鼎,33,0,33,新光-新竹,2023-05-15,8563
00712,復華富時不動產,88,57,31,新光-新竹,2023-05-15,8563
00637L,元大滬深300正2,49,19,30,新光-新竹,2023-05-15,8563
1101,台泥,29,0,29,新光-新竹,2023-05-15,8563
3548,兆利,41,12,29,新光-新竹,2023-05-15,8563
9907,統一實,33,6,27,新光-新竹,2023-05-15,8563
2812,台中銀,47,21,26,新光-新竹,2023-05-15,8563
1434,福懋,25,0,25,新光-新竹,2023-05-15,8563
3481,群創,58,33,25,新光-新竹,2023-05-15,8563
2834,臺企銀,25,1,24,新光-新竹,2023-05-15,8563
3494,誠研,23,0,23,新光-新竹,2023-05-15,8563
3231,緯創,134,111,23,新光-新竹,2023-05-15,8563
00895,富邦未來車,22,0,22,新光-新竹,2023-05-15,8563
00795B,中信美國公債20年,21,0,21,新光-新竹,2023-05-15,8563
5533,皇鼎,20,0,20,新光-新竹,2023-05-15,8563
5206,坤悅,20,0,20,新光-新竹,2023-05-15,8563
3682,亞太電,20,0,20,新光-新竹,2023-05-15,8563
4190,佐登-KY,21,1,20,新光-新竹,2023-05-15,8563
1609,大亞,95,76,19,新光-新竹,2023-05-15,8563
3162,精確,19,2,17,新光-新竹,2023-05-15,8563
5871,中租-KY,28,12,16,新光-新竹,2023-05-15,8563
5706,鳳凰,49,33,16,新光-新竹,2023-05-15,8563
2312,金寶,16,0,16,新光-新竹,2023-05-15,8563
1795,美時,35,20,15,新光-新竹,2023-05-15,8563
0056,元大高股息,15,0,15,新光-新竹,2023-05-15,8563
1402,遠東新,15,0,15,新光-新竹,2023-05-15,8563
00725B,國泰投資級公司債,15,0,15,新光-新竹,2023-05-15,8563
2734,易飛網,16,1,15,新光-新竹,2023-05-15,8563
6163,華電網,15,0,15,新光-新竹,2023-05-15,8563
00881,國泰台灣5G+,14,0,14,新光-新竹,2023-05-15,8563
4129,聯合,14,0,14,新光-新竹,2023-05-15,8563
00680L,元大美債20正2,447,0,447,新光-新竹,2023-05-16,8563
00720B,元大投資級公司債,230,0,230,新光-新竹,2023-05-16,8563
00891,中信關鍵半導體,155,3,152,新光-新竹,2023-05-16,8563
00687B,國泰20年美債,146,0,146,新光-新竹,2023-05-16,8563
00772B,中信高評級公司債,110,0,110,新光-新竹,2023-05-16,8563
2618,長榮航,123,28,95,新光-新竹,2023-05-16,8563
00688L,國泰20年美債正2,85,0,85,新光-新竹,2023-05-16,8563
2317,鴻海,121,42,79,新光-新竹,2023-05-16,8563
00751B,元大AAA至A公司債,73,0,73,新光-新竹,2023-05-16,8563
00885,富邦越南,71,11,60,新光-新竹,2023-05-16,8563
6869,雲豹能源,131,84,47,新光-新竹,2023-05-16,8563
00795B,中信美國公債20年,46,0,46,新光-新竹,2023-05-16,8563
2022,聚亨,42,2,40,新光-新竹,2023-05-16,8563
00706L,期元大S＆P日圓正2,37,0,37,新光-新竹,2023-05-16,8563
2371,大同,161,129,32,新光-新竹,2023-05-16,8563
3231,緯創,246,215,31,新光-新竹,2023-05-16,8563
00719B,元大美債1-3,30,0,30,新光-新竹,2023-05-16,8563
1444,力麗,30,0,30,新光-新竹,2023-05-16,8563
6219,富旺,30,0,30,新光-新竹,2023-05-16,8563
2402,毅嘉,43,16,27,新光-新竹,2023-05-16,8563
3494,誠研,25,0,25,新光-新竹,2023-05-16,8563
1584,精剛,34,9,25,新光-新竹,2023-05-16,8563
2337,旺宏,23,0,23,新光-新竹,2023-05-16,8563
2368,金像電,23,1,22,新光-新竹,2023-05-16,8563
00664R,國泰臺灣加權反1,20,0,20,新光-新竹,2023-05-16,8563
2313,華通,20,0,20,新光-新竹,2023-05-16,8563
1104,環泥,19,0,19,新光-新竹,2023-05-16,8563
5457,宣德,19,0,19,新光-新竹,2023-05-16,8563
2382,廣達,31,14,17,新光-新竹,2023-05-16,8563
5426,振發,17,0,17,新光-新竹,2023-05-16,8563
3034,聯詠,22,6,16,新光-新竹,2023-05-16,8563
2603,長榮,53,36,17,新光-新竹,2023-05-16,8563
5225,東科-KY,27,11,16,新光-新竹,2023-05-16,8563
6285,啟��,26,10,16,新光-新竹,2023-05-16,8563
3035,智原,35,20,15,新光-新竹,2023-05-16,8563
3481,群創,39,24,15,新光-新竹,2023-05-16,8563
2881,富邦金,22,7,15,新光-新竹,2023-05-16,8563
2355,敬鵬,15,1,14,新光-新竹,2023-05-16,8563
8938,明安,14,0,14,新光-新竹,2023-05-16,8563
00641R,富邦日本反1,13,0,13,新光-新竹,2023-05-16,8563
00725B,國泰投資級公司債,13,0,13,新光-新竹,2023-05-16,8563
3017,奇鋐,25,13,12,新光-新竹,2023-05-16,8563
1312,國喬,12,0,12,新光-新竹,2023-05-16,8563
3552,同致,12,0,12,新光-新竹,2023-05-16,8563
1608,華榮,41,29,12,新光-新竹,2023-05-16,8563
2010,春源,12,0,12,新光-新竹,2023-05-16,8563
6179,亞通,12,0,12,新光-新竹,2023-05-16,8563
6806,森崴能源,12,0,12,新光-新竹,2023-05-16,8563
3443,創意,20,8,12,新光-新竹,2023-05-16,8563
2034,允強,12,1,11,新光-新竹,2023-05-16,8563
00632R,元大台灣50反1,1037,59,978,新光-新竹,2023-05-17,8563
00878,國泰永續高股息,406,52,354,新光-新竹,2023-05-17,8563
00637L,元大滬深300正2,274,22,252,新光-新竹,2023-05-17,8563
00687B,國泰20年美債,177,0,177,新光-新竹,2023-05-17,8563
00720B,元大投資級公司債,164,1,163,新光-新竹,2023-05-17,8563
00715L,期街口布蘭特正2,210,93,117,新光-新竹,2023-05-17,8563
00673R,期元大S＆P原油反1,101,0,101,新光-新竹,2023-05-17,8563
00712,復華富時不動產,181,96,85,新光-新竹,2023-05-17,8563
6753,龍德造船,73,0,73,新光-新竹,2023-05-17,8563
00751B,元大AAA至A公司債,71,0,71,新光-新竹,2023-05-17,8563
00882,中信中國高股息,68,0,68,新光-新竹,2023-05-17,8563
3006,晶豪科,100,40,60,新光-新竹,2023-05-17,8563
2634,漢翔,91,35,56,新光-新竹,2023-05-17,8563
1614,三洋電,48,0,48,新光-新竹,2023-05-17,8563
00664R,國泰臺灣加權反1,45,0,45,新光-新竹,2023-05-17,8563
3715,定穎投控,78,34,44,新光-新竹,2023-05-17,8563
2368,金像電,52,12,40,新光-新竹,2023-05-17,8563
00772B,中信高評級公司債,68,30,38,新光-新竹,2023-05-17,8563
8086,宏捷科,38,0,38,新光-新竹,2023-05-17,8563
1608,華榮,52,17,35,新光-新竹,2023-05-17,8563
3558,神準,33,0,33,新光-新竹,2023-05-17,8563
5324,士開,32,0,32,新光-新竹,2023-05-17,8563
5607,遠雄港,28,0,28,新光-新竹,2023-05-17,8563
3032,偉訓,62,34,28,新光-新竹,2023-05-17,8563
5457,宣德,28,0,28,新光-新竹,2023-05-17,8563
6285,啟��,42,14,28,新光-新竹,2023-05-17,8563
3207,耀勝,38,12,26,新光-新竹,2023-05-17,8563
3441,聯一光,31,7,24,新光-新竹,2023-05-17,8563
4581,光隆精密-KY,72,48,24,新光-新竹,2023-05-17,8563
2630,亞航,43,20,23,新光-新竹,2023-05-17,8563
1609,大亞,82,59,23,新光-新竹,2023-05-17,8563
3017,奇鋐,55,34,21,新光-新竹,2023-05-17,8563
6122,擎邦,39,18,21,新光-新竹,2023-05-17,8563
1314,中石化,21,1,20,新光-新竹,2023-05-17,8563
8027,鈦昇,20,0,20,新光-新竹,2023-05-17,8563
2601,益航,20,0,20,新光-新竹,2023-05-17,8563
1742,台蠟,19,0,19,新光-新竹,2023-05-17,8563
2402,毅嘉,79,61,18,新光-新竹,2023-05-17,8563
3324,雙鴻,28,11,17,新光-新竹,2023-05-17,8563
3078,僑威,28,11,17,新光-新竹,2023-05-17,8563
2734,易飛網,27,11,16,新光-新竹,2023-05-17,8563
2442,新美齊,16,0,16,新光-新竹,2023-05-17,8563
6185,幃翔,17,1,16,新光-新竹,2023-05-17,8563
3224,三顧,22,7,15,新光-新竹,2023-05-17,8563
3024,憶聲,15,0,15,新光-新竹,2023-05-17,8563
6245,立端,30,15,15,新光-新竹,2023-05-17,8563
3596,智易,14,0,14,新光-新竹,2023-05-17,8563
6576,逸達,14,0,14,新光-新竹,2023-05-17,8563
00795B,中信美國公債20年,14,0,14,新光-新竹,2023-05-17,8563
1337,再生-KY,25,11,14,新光-新竹,2023-05-17,8563
00632R,元大台灣50反1,909,461,448,新光-新竹,2023-05-18,8563
00680L,元大美債20正2,270,0,270,新光-新竹,2023-05-18,8563
00687B,國泰20年美債,169,0,169,新光-新竹,2023-05-18,8563
1402,遠東新,160,1,159,新光-新竹,2023-05-18,8563
6282,康舒,181,23,158,新光-新竹,2023-05-18,8563
00720B,元大投資級公司債,123,13,110,新光-新竹,2023-05-18,8563
6120,達運,82,0,82,新光-新竹,2023-05-18,8563
2634,漢翔,166,86,80,新光-新竹,2023-05-18,8563
00713,元大台灣高息低波,71,4,67,新光-新竹,2023-05-18,8563
8926,台汽電,67,8,59,新光-新竹,2023-05-18,8563
9110,越南控-DR,54,0,54,新光-新竹,2023-05-18,8563
00664R,國泰臺灣加權反1,55,5,50,新光-新竹,2023-05-18,8563
2482,連宇,82,35,47,新光-新竹,2023-05-18,8563
00637L,元大滬深300正2,105,60,45,新光-新竹,2023-05-18,8563
4102,永日,74,30,44,新光-新竹,2023-05-18,8563
00751B,元大AAA至A公司債,42,0,42,新光-新竹,2023-05-18,8563
2834,臺企銀,47,6,41,新光-新竹,2023-05-18,8563
6219,富旺,40,0,40,新光-新竹,2023-05-18,8563
5324,士開,40,3,37,新光-新竹,2023-05-18,8563
1905,華紙,57,22,35,新光-新竹,2023-05-18,8563
6112,邁達特,97,64,33,新光-新竹,2023-05-18,8563
8069,元太,84,52,32,新光-新竹,2023-05-18,8563
1101,台泥,33,2,31,新光-新竹,2023-05-18,8563
1529,樂事綠能,69,38,31,新光-新竹,2023-05-18,8563
1584,精剛,31,2,29,新光-新竹,2023-05-18,8563
00772B,中信高評級公司債,41,12,29,新光-新竹,2023-05-18,8563
2371,大同,62,37,25,新光-新竹,2023-05-18,8563
9944,新麗,24,0,24,新光-新竹,2023-05-18,8563
2402,毅嘉,56,32,24,新光-新竹,2023-05-18,8563
3312,弘憶股,22,0,22,新光-新竹,2023-05-18,8563
2324,仁寶,25,5,20,新光-新竹,2023-05-18,8563
3682,亞太電,20,0,20,新光-新竹,2023-05-18,8563
1314,中石化,24,4,20,新光-新竹,2023-05-18,8563
4979,華星光,26,6,20,新光-新竹,2023-05-18,8563
00640L,富邦日本正2,20,0,20,新光-新竹,2023-05-18,8563
3583,辛耘,35,16,19,新光-新竹,2023-05-18,8563
5522,遠雄,30,11,19,新光-新竹,2023-05-18,8563
3322,建舜電,20,1,19,新光-新竹,2023-05-18,8563
00882,中信中國高股息,38,19,19,新光-新竹,2023-05-18,8563
8222,寶一,48,29,19,新光-新竹,2023-05-18,8563
2887,台新金,25,7,18,新光-新竹,2023-05-18,8563
00690,兆豐藍籌30,17,0,17,新光-新竹,2023-05-18,8563
3546,宇峻,17,0,17,新光-新竹,2023-05-18,8563
00902,中信電池及儲能,16,0,16,新光-新竹,2023-05-18,8563
5457,宣德,16,0,16,新光-新竹,2023-05-18,8563
2495,普安,20,4,16,新光-新竹,2023-05-18,8563
2408,南亞科,25,9,16,新光-新竹,2023-05-18,8563
5284,jpp-KY,43,28,15,新光-新竹,2023-05-18,8563
6129,普誠,15,0,15,新光-新竹,2023-05-18,8563
6625,必應,19,4,15,新光-新竹,2023-05-18,8563
00687B,國泰20年美債,573,0,573,新光-新竹,2023-05-19,8563
00680L,元大美債20正2,572,10,562,新光-新竹,2023-05-19,8563
4102,永日,904,469,435,新光-新竹,2023-05-19,8563
2889,國票金,318,0,318,新光-新竹,2023-05-19,8563
2442,新美齊,196,22,174,新光-新竹,2023-05-19,8563
00632R,元大台灣50反1,198,32,166,新光-新竹,2023-05-19,8563
6869,雲豹能源,213,50,163,新光-新竹,2023-05-19,8563
00753L,中信中國50正2,261,106,155,新光-新竹,2023-05-19,8563
2482,連宇,186,44,142,新光-新竹,2023-05-19,8563
2208,台船,143,1,142,新光-新竹,2023-05-19,8563
2323,中環,190,52,138,新光-新竹,2023-05-19,8563
2337,旺宏,132,3,129,新光-新竹,2023-05-19,8563
00772B,中信高評級公司債,101,5,96,新光-新竹,2023-05-19,8563
00720B,元大投資級公司債,97,2,95,新光-新竹,2023-05-19,8563
00637L,元大滬深300正2,180,88,92,新光-新竹,2023-05-19,8563
00665L,富邦�琤肭磪囓�2,100,20,80,新光-新竹,2023-05-19,8563
1584,精剛,96,21,75,新光-新竹,2023-05-19,8563
00882,中信中國高股息,92,18,74,新光-新竹,2023-05-19,8563
00713,元大台灣高息低波,77,9,68,新光-新竹,2023-05-19,8563
3178,公準,68,0,68,新光-新竹,2023-05-19,8563
6282,康舒,84,23,61,新光-新竹,2023-05-19,8563
1504,東元,228,171,57,新光-新竹,2023-05-19,8563
3017,奇鋐,76,22,54,新光-新竹,2023-05-19,8563
00751B,元大AAA至A公司債,54,0,54,新光-新竹,2023-05-19,8563
00688L,國泰20年美債正2,52,0,52,新光-新竹,2023-05-19,8563
2206,三陽工業,307,256,51,新光-新竹,2023-05-19,8563
5258,虹堡,59,16,43,新光-新竹,2023-05-19,8563
3481,群創,65,24,41,新光-新竹,2023-05-19,8563
00676R,富邦臺灣加權反1,40,0,40,新光-新竹,2023-05-19,8563
6118,建達,38,0,38,新光-新竹,2023-05-19,8563
00642U,期元大S＆P石油,51,14,37,新光-新竹,2023-05-19,8563
3029,零壹,116,79,37,新光-新竹,2023-05-19,8563
00633L,富邦上証正2,36,1,35,新光-新竹,2023-05-19,8563
3078,僑威,54,19,35,新光-新竹,2023-05-19,8563
2201,裕隆,59,25,34,新光-新竹,2023-05-19,8563
2834,臺企銀,43,11,32,新光-新竹,2023-05-19,8563
6443,元晶,46,15,31,新光-新竹,2023-05-19,8563
1314,中石化,31,0,31,新光-新竹,2023-05-19,8563
2349,錸德,30,0,30,新光-新竹,2023-05-19,8563
2913,農林,30,0,30,新光-新竹,2023-05-19,8563
3324,雙鴻,32,5,27,新光-新竹,2023-05-19,8563
6179,亞通,26,0,26,新光-新竹,2023-05-19,8563
2887,台新金,34,9,25,新光-新竹,2023-05-19,8563
00885,富邦越南,89,64,25,新光-新竹,2023-05-19,8563
6271,同欣電,29,4,25,新光-新竹,2023-05-19,8563
2731,雄獅,43,20,23,新光-新竹,2023-05-19,8563
3257,虹冠電,23,0,23,新光-新竹,2023-05-19,8563
1710,東聯,42,19,23,新光-新竹,2023-05-19,8563
1519,華城,222,200,22,新光-新竹,2023-05-19,8563
1605,華新,30,8,22,新光-新竹,2023-05-19,8563
00680L,元大美債20正2,670,2,668,新光-新竹,2023-05-22,8563
00687B,國泰20年美債,308,0,308,新光-新竹,2023-05-22,8563
00712,復華富時不動產,321,102,219,新光-新竹,2023-05-22,8563
00715L,期街口布蘭特正2,182,26,156,新光-新竹,2023-05-22,8563
2344,華邦電,216,62,154,新光-新竹,2023-05-22,8563
2618,長榮航,516,379,137,新光-新竹,2023-05-22,8563
00713,元大台灣高息低波,117,3,114,新光-新竹,2023-05-22,8563
1325,恆大,114,1,113,新光-新竹,2023-05-22,8563
6869,雲豹能源,266,181,85,新光-新竹,2023-05-22,8563
00795B,中信美國公債20年,75,0,75,新光-新竹,2023-05-22,8563
2409,友達,113,42,71,新光-新竹,2023-05-22,8563
2408,南亞科,71,4,67,新光-新竹,2023-05-22,8563
00772B,中信高評級公司債,74,24,50,新光-新竹,2023-05-22,8563
1532,勤美,56,6,50,新光-新竹,2023-05-22,8563
8210,勤誠,50,0,50,新光-新竹,2023-05-22,8563
00632R,元大台灣50反1,220,172,48,新光-新竹,2023-05-22,8563
2303,聯電,54,8,46,新光-新竹,2023-05-22,8563
8088,品安,50,6,44,新光-新竹,2023-05-22,8563
3673,TPK-KY,55,11,44,新光-新竹,2023-05-22,8563
00751B,元大AAA至A公司債,45,3,42,新光-新竹,2023-05-22,8563
8358,金居,73,33,40,新光-新竹,2023-05-22,8563
1504,東元,201,163,38,新光-新竹,2023-05-22,8563
6213,聯茂,41,3,38,新光-新竹,2023-05-22,8563
1514,亞力,104,67,37,新光-新竹,2023-05-22,8563
6589,台康生技,48,12,36,新光-新竹,2023-05-22,8563
2376,技嘉,47,12,35,新光-新竹,2023-05-22,8563
3044,健鼎,43,9,34,新光-新竹,2023-05-22,8563
2486,一詮,33,0,33,新光-新竹,2023-05-22,8563
6235,華孚,76,44,32,新光-新竹,2023-05-22,8563
3443,創意,54,23,31,新光-新竹,2023-05-22,8563
6219,富旺,30,0,30,新光-新竹,2023-05-22,8563
3712,永崴投控,29,0,29,新光-新竹,2023-05-22,8563
2382,廣達,66,39,27,新光-新竹,2023-05-22,8563
5388,中磊,27,0,27,新光-新竹,2023-05-22,8563
2324,仁寶,27,1,26,新光-新竹,2023-05-22,8563
00720B,元大投資級公司債,56,33,23,新光-新竹,2023-05-22,8563
2882,國泰金,29,6,23,新光-新竹,2023-05-22,8563
3322,建舜電,22,0,22,新光-新竹,2023-05-22,8563
4173,久裕,78,58,20,新光-新竹,2023-05-22,8563
1618,合機,20,0,20,新光-新竹,2023-05-22,8563
1614,三洋電,20,0,20,新光-新竹,2023-05-22,8563
6535,順藥,42,24,18,新光-新竹,2023-05-22,8563
8046,南電,33,15,18,新光-新竹,2023-05-22,8563
2313,華通,18,1,17,新光-新竹,2023-05-22,8563
8429,金麗-KY,22,5,17,新光-新竹,2023-05-22,8563
6592,和潤企業,16,0,16,新光-新竹,2023-05-22,8563
4763,材料-KY,36,21,15,新光-新竹,2023-05-22,8563
3714,富采,15,0,15,新光-新竹,2023-05-22,8563
3035,智原,22,8,14,新光-新竹,2023-05-22,8563
2421,建準,45,32,13,新光-新竹,2023-05-22,8563
00680L,元大美債20正2,323,0,323,新光-新竹,2023-05-23,8563
00688L,國泰20年美債正2,319,1,318,新光-新竹,2023-05-23,8563
00687B,國泰20年美債,245,54,191,新光-新竹,2023-05-23,8563
00679B,元大美債20年,247,67,180,新光-新竹,2023-05-23,8563
6005,群益證,152,4,148,新光-新竹,2023-05-23,8563
00882,中信中國高股息,140,3,137,新光-新竹,2023-05-23,8563
00637L,元大滬深300正2,130,5,125,新光-新竹,2023-05-23,8563
6869,雲豹能源,237,120,117,新光-新竹,2023-05-23,8563
00772B,中信高評級公司債,118,9,109,新光-新竹,2023-05-23,8563
2457,飛宏,176,69,107,新光-新竹,2023-05-23,8563
2317,鴻海,127,20,107,新光-新竹,2023-05-23,8563
00885,富邦越南,78,1,77,新光-新竹,2023-05-23,8563
5009,榮剛,205,129,76,新光-新竹,2023-05-23,8563
1727,中華化,69,3,66,新光-新竹,2023-05-23,8563
00773B,中信優先金融債,65,0,65,新光-新竹,2023-05-23,8563
3044,健鼎,67,4,63,新光-新竹,2023-05-23,8563
4543,萬在,63,1,62,新光-新竹,2023-05-23,8563
1219,福壽,70,10,60,新光-新竹,2023-05-23,8563
5511,德昌,60,5,55,新光-新竹,2023-05-23,8563
1907,永豐餘,116,64,52,新光-新竹,2023-05-23,8563
00795B,中信美國公債20年,57,6,51,新光-新竹,2023-05-23,8563
00725B,國泰投資級公司債,51,0,51,新光-新竹,2023-05-23,8563
1513,中興電,128,82,46,新光-新竹,2023-05-23,8563
5351,鈺創,50,6,44,新光-新竹,2023-05-23,8563
00720B,元大投資級公司債,65,22,43,新光-新竹,2023-05-23,8563
5531,鄉林,55,14,41,新光-新竹,2023-05-23,8563
2409,友達,102,61,41,新光-新竹,2023-05-23,8563
5324,士開,42,3,39,新光-新竹,2023-05-23,8563
3363,上詮,41,4,37,新光-新竹,2023-05-23,8563
3081,聯亞,34,0,34,新光-新竹,2023-05-23,8563
3707,漢磊,44,11,33,新光-新竹,2023-05-23,8563
1504,東元,59,28,31,新光-新竹,2023-05-23,8563
6219,富旺,30,0,30,新光-新竹,2023-05-23,8563
4541,晟田,78,49,29,新光-新竹,2023-05-23,8563
6288,聯嘉,95,67,28,新光-新竹,2023-05-23,8563
3231,緯創,158,131,27,新光-新竹,2023-05-23,8563
2504,國產,26,0,26,新光-新竹,2023-05-23,8563
2231,為升,52,26,26,新光-新竹,2023-05-23,8563
2547,日勝生,25,0,25,新光-新竹,2023-05-23,8563
1603,華電,24,0,24,新光-新竹,2023-05-23,8563
2313,華通,26,2,24,新光-新竹,2023-05-23,8563
3596,智易,28,5,23,新光-新竹,2023-05-23,8563
3576,聯合再生,53,30,23,新光-新竹,2023-05-23,8563
4121,優盛,22,0,22,新光-新竹,2023-05-23,8563
1337,再生-KY,22,0,22,新光-新竹,2023-05-23,8563
4102,永日,267,245,22,新光-新竹,2023-05-23,8563
00878,國泰永續高股息,72,51,21,新光-新竹,2023-05-23,8563
2913,農林,22,1,21,新光-新竹,2023-05-23,8563
4721,美琪瑪,22,2,20,新光-新竹,2023-05-23,8563
6122,擎邦,39,19,20,新光-新竹,2023-05-23,8563
00687B,國泰20年美債,300,4,296,新光-新竹,2023-05-24,8563
00882,中信中國高股息,229,12,217,新光-新竹,2023-05-24,8563
2618,長榮航,877,669,208,新光-新竹,2023-05-24,8563
00753L,中信中國50正2,170,0,170,新光-新竹,2023-05-24,8563
00665L,富邦�琤肭磪囓�2,180,21,159,新光-新竹,2023-05-24,8563
00878,國泰永續高股息,191,34,157,新光-新竹,2023-05-24,8563
3038,全台,146,9,137,新光-新竹,2023-05-24,8563
00637L,元大滬深300正2,201,74,127,新光-新竹,2023-05-24,8563
3058,立德,146,20,126,新光-新竹,2023-05-24,8563
2457,飛宏,456,357,99,新光-新竹,2023-05-24,8563
00772B,中信高評級公司債,103,4,99,新光-新竹,2023-05-24,8563
2368,金像電,110,12,98,新光-新竹,2023-05-24,8563
6282,康舒,202,105,97,新光-新竹,2023-05-24,8563
5009,榮剛,183,108,75,新光-新竹,2023-05-24,8563
00890B,凱基ESG BBB債,72,0,72,新光-新竹,2023-05-24,8563
00632R,元大台灣50反1,173,102,71,新光-新竹,2023-05-24,8563
2504,國產,62,0,62,新光-新竹,2023-05-24,8563
00641R,富邦日本反1,60,0,60,新光-新竹,2023-05-24,8563
6869,雲豹能源,265,206,59,新光-新竹,2023-05-24,8563
5324,士開,59,2,57,新光-新竹,2023-05-24,8563
00673R,期元大S＆P原油反1,46,1,45,新光-新竹,2023-05-24,8563
1540,喬福,50,10,40,新光-新竹,2023-05-24,8563
4543,萬在,40,0,40,新光-新竹,2023-05-24,8563
2442,新美齊,80,44,36,新光-新竹,2023-05-24,8563
2892,第一金,36,6,30,新光-新竹,2023-05-24,8563
00713,元大台灣高息低波,33,3,30,新光-新竹,2023-05-24,8563
2634,漢翔,62,36,26,新光-新竹,2023-05-24,8563
2834,臺企銀,35,11,24,新光-新竹,2023-05-24,8563
6288,聯嘉,27,3,24,新光-新竹,2023-05-24,8563
1402,遠東新,23,0,23,新光-新竹,2023-05-24,8563
1513,中興電,85,63,22,新光-新竹,2023-05-24,8563
2884,玉山金,28,7,21,新光-新竹,2023-05-24,8563
2883,凱基金,43,22,21,新光-新竹,2023-05-24,8563
2515,中工,20,0,20,新光-新竹,2023-05-24,8563
4130,健亞,22,3,19,新光-新竹,2023-05-24,8563
1460,宏遠,76,57,19,新光-新竹,2023-05-24,8563
6148,驊宏資,24,6,18,新光-新竹,2023-05-24,8563
2882,國泰金,21,4,17,新光-新竹,2023-05-24,8563
2739,寒舍,19,2,17,新光-新竹,2023-05-24,8563
1760,寶齡富錦,41,25,16,新光-新竹,2023-05-24,8563
3287,廣寰科,33,17,16,新光-新竹,2023-05-24,8563
1584,精剛,17,2,15,新光-新竹,2023-05-24,8563
2706,第一店,43,28,15,新光-新竹,2023-05-24,8563
2908,特力,15,0,15,新光-新竹,2023-05-24,8563
00706L,期元大S＆P日圓正2,15,0,15,新光-新竹,2023-05-24,8563
3024,憶聲,201,186,15,新光-新竹,2023-05-24,8563
4743,合一,17,3,14,新光-新竹,2023-05-24,8563
00751B,元大AAA至A公司債,14,0,14,新光-新竹,2023-05-24,8563
2888,新光金,27,13,14,新光-新竹,2023-05-24,8563
4155,訊映,14,0,14,新光-新竹,2023-05-24,8563
00688L,國泰20年美債正2,851,0,851,新光-新竹,2023-05-25,8563
00712,復華富時不動產,442,94,348,新光-新竹,2023-05-25,8563
00753L,中信中國50正2,288,0,288,新光-新竹,2023-05-25,8563
00882,中信中國高股息,281,11,270,新光-新竹,2023-05-25,8563
00687B,國泰20年美債,268,0,268,新光-新竹,2023-05-25,8563
9110,越南控-DR,268,0,268,新光-新竹,2023-05-25,8563
2884,玉山金,271,6,265,新光-新竹,2023-05-25,8563
4102,永日,523,357,166,新光-新竹,2023-05-25,8563
00890B,凱基ESG BBB債,153,0,153,新光-新竹,2023-05-25,8563
2630,亞航,283,131,152,新光-新竹,2023-05-25,8563
2891,中信金,157,9,148,新光-新竹,2023-05-25,8563
00665L,富邦�琤肭磪囓�2,144,0,144,新光-新竹,2023-05-25,8563
2409,友達,153,20,133,新光-新竹,2023-05-25,8563
00751B,元大AAA至A公司債,83,0,83,新光-新竹,2023-05-25,8563
3163,波若威,83,7,76,新光-新竹,2023-05-25,8563
2317,鴻海,146,72,74,新光-新竹,2023-05-25,8563
00772B,中信高評級公司債,73,2,71,新光-新竹,2023-05-25,8563
2887,台新金,69,14,55,新光-新竹,2023-05-25,8563
6285,啟��,53,2,51,新光-新竹,2023-05-25,8563
6869,雲豹能源,96,46,50,新光-新竹,2023-05-25,8563
8011,台通,73,25,48,新光-新竹,2023-05-25,8563
00637L,元大滬深300正2,184,136,48,新光-新竹,2023-05-25,8563
2504,國產,47,0,47,新光-新竹,2023-05-25,8563
3178,公準,49,3,46,新光-新竹,2023-05-25,8563
1460,宏遠,126,85,41,新光-新竹,2023-05-25,8563
2892,第一金,40,0,40,新光-新竹,2023-05-25,8563
00795B,中信美國公債20年,39,0,39,新光-新竹,2023-05-25,8563
4979,華星光,42,3,39,新光-新竹,2023-05-25,8563
2890,永豐金,56,20,36,新光-新竹,2023-05-25,8563
00752,中信中國50,35,2,33,新光-新竹,2023-05-25,8563
6148,驊宏資,35,2,33,新光-新竹,2023-05-25,8563
2882,國泰金,36,4,32,新光-新竹,2023-05-25,8563
1540,喬福,32,0,32,新光-新竹,2023-05-25,8563
5905,南仁湖,41,10,31,新光-新竹,2023-05-25,8563
1609,大亞,51,20,31,新光-新竹,2023-05-25,8563
2323,中環,65,35,30,新光-新竹,2023-05-25,8563
3052,夆典,29,0,29,新光-新竹,2023-05-25,8563
3078,僑威,45,16,29,新光-新竹,2023-05-25,8563
00903,富邦元宇宙,80,54,26,新光-新竹,2023-05-25,8563
00794B,群益7+中國政金債,25,0,25,新光-新竹,2023-05-25,8563
2812,台中銀,115,91,24,新光-新竹,2023-05-25,8563
00673R,期元大S＆P原油反1,24,0,24,新光-新竹,2023-05-25,8563
8069,元太,44,20,24,新光-新竹,2023-05-25,8563
6111,大宇資,25,2,23,新光-新竹,2023-05-25,8563
00650L,復華香港正2,23,0,23,新光-新竹,2023-05-25,8563
5258,虹堡,33,11,22,新光-新竹,2023-05-25,8563
4564,元翎,123,101,22,新光-新竹,2023-05-25,8563
2880,華南金,21,0,21,新光-新竹,2023-05-25,8563
00773B,中信優先金融債,21,0,21,新光-新竹,2023-05-25,8563
4915,致伸,23,2,21,新光-新竹,2023-05-25,8563
4102,永日,1481,1096,385,新光-新竹,2023-05-26,8563
00712,復華富時不動產,589,216,373,新光-新竹,2023-05-26,8563
00715L,期街口布蘭特正2,483,117,366,新光-新竹,2023-05-26,8563
00688L,國泰20年美債正2,352,0,352,新光-新竹,2023-05-26,8563
9110,越南控-DR,225,0,225,新光-新竹,2023-05-26,8563
2913,農林,174,2,172,新光-新竹,2023-05-26,8563
2883,凱基金,108,4,104,新光-新竹,2023-05-26,8563
1402,遠東新,105,3,102,新光-新竹,2023-05-26,8563
2371,大同,175,81,94,新光-新竹,2023-05-26,8563
00687B,國泰20年美債,90,0,90,新光-新竹,2023-05-26,8563
3481,群創,82,4,78,新光-新竹,2023-05-26,8563
00882,中信中國高股息,80,2,78,新光-新竹,2023-05-26,8563
2301,光寶科,79,3,76,新光-新竹,2023-05-26,8563
00852L,國泰美國道瓊正2,85,14,71,新光-新竹,2023-05-26,8563
00772B,中信高評級公司債,81,10,71,新光-新竹,2023-05-26,8563
1609,大亞,128,61,67,新光-新竹,2023-05-26,8563
6185,幃翔,67,0,67,新光-新竹,2023-05-26,8563
3231,緯創,737,670,67,新光-新竹,2023-05-26,8563
2888,新光金,132,75,57,新光-新竹,2023-05-26,8563
2409,友達,77,23,54,新光-新竹,2023-05-26,8563
3715,定穎投控,57,6,51,新光-新竹,2023-05-26,8563
2317,鴻海,60,9,51,新光-新竹,2023-05-26,8563
2368,金像電,119,69,50,新光-新竹,2023-05-26,8563
00751B,元大AAA至A公司債,47,0,47,新光-新竹,2023-05-26,8563
5465,富驊,67,23,44,新光-新竹,2023-05-26,8563
2449,京元電子,125,82,43,新光-新竹,2023-05-26,8563
2324,仁寶,113,70,43,新光-新竹,2023-05-26,8563
2471,資通,54,13,41,新光-新竹,2023-05-26,8563
6219,富旺,40,0,40,新光-新竹,2023-05-26,8563
00720B,元大投資級公司債,42,3,39,新光-新竹,2023-05-26,8563
8044,網家,39,0,39,新光-新竹,2023-05-26,8563
6235,華孚,49,13,36,新光-新竹,2023-05-26,8563
8099,大世科,48,12,36,新光-新竹,2023-05-26,8563
2892,第一金,38,5,33,新光-新竹,2023-05-26,8563
2834,臺企銀,37,5,32,新光-新竹,2023-05-26,8563
2884,玉山金,33,4,29,新光-新竹,2023-05-26,8563
00725B,國泰投資級公司債,28,0,28,新光-新竹,2023-05-26,8563
6160,欣技,31,3,28,新光-新竹,2023-05-26,8563
5457,宣德,28,0,28,新光-新竹,2023-05-26,8563
1710,東聯,49,22,27,新光-新竹,2023-05-26,8563
2356,英業達,99,73,26,新光-新竹,2023-05-26,8563
5309,系統電,27,1,26,新光-新竹,2023-05-26,8563
2515,中工,31,6,25,新光-新竹,2023-05-26,8563
00795B,中信美國公債20年,26,1,25,新光-新竹,2023-05-26,8563
3704,合勤控,24,1,23,新光-新竹,2023-05-26,8563
2882,國泰金,84,61,23,新光-新竹,2023-05-26,8563
3033,威健,23,0,23,新光-新竹,2023-05-26,8563
2504,國產,22,0,22,新光-新竹,2023-05-26,8563
6288,聯嘉,55,33,22,新光-新竹,2023-05-26,8563
4190,佐登-KY,26,4,22,新光-新竹,2023-05-26,8563
2618,長榮航,1271,823,448,新光-新竹,2023-05-29,8563
9945,潤泰新,409,0,409,新光-新竹,2023-05-29,8563
0056,元大高股息,422,66,356,新光-新竹,2023-05-29,8563
00687B,國泰20年美債,279,0,279,新光-新竹,2023-05-29,8563
00688L,國泰20年美債正2,267,2,265,新光-新竹,2023-05-29,8563
2324,仁寶,224,83,141,新光-新竹,2023-05-29,8563
1314,中石化,131,0,131,新光-新竹,2023-05-29,8563
00890B,凱基ESG BBB債,127,0,127,新光-新竹,2023-05-29,8563
2633,台灣高鐵,106,3,103,新光-新竹,2023-05-29,8563
6282,康舒,243,145,98,新光-新竹,2023-05-29,8563
00772B,中信高評級公司債,98,10,88,新光-新竹,2023-05-29,8563
6869,雲豹能源,187,114,73,新光-新竹,2023-05-29,8563
1608,華榮,165,95,70,新光-新竹,2023-05-29,8563
3231,緯創,742,675,67,新光-新竹,2023-05-29,8563
5465,富驊,88,22,66,新光-新竹,2023-05-29,8563
00795B,中信美國公債20年,65,0,65,新光-新竹,2023-05-29,8563
8069,元太,81,22,59,新光-新竹,2023-05-29,8563
4938,和碩,75,20,55,新光-新竹,2023-05-29,8563
00631L,元大台灣50正2,66,12,54,新光-新竹,2023-05-29,8563
8044,網家,50,1,49,新光-新竹,2023-05-29,8563
6016,康和證,48,0,48,新光-新竹,2023-05-29,8563
2883,凱基金,55,10,45,新光-新竹,2023-05-29,8563
2421,建準,235,192,43,新光-新竹,2023-05-29,8563
8099,大世科,56,15,41,新光-新竹,2023-05-29,8563
5475,德宏,41,0,41,新光-新竹,2023-05-29,8563
4744,皇將,72,32,40,新光-新竹,2023-05-29,8563
2002,中鋼,42,2,40,新光-新竹,2023-05-29,8563
4979,華星光,287,248,39,新光-新竹,2023-05-29,8563
2371,大同,115,76,39,新光-新竹,2023-05-29,8563
00753L,中信中國50正2,42,5,37,新光-新竹,2023-05-29,8563
3163,波若威,128,91,37,新光-新竹,2023-05-29,8563
00715L,期街口布蘭特正2,203,167,36,新光-新竹,2023-05-29,8563
00882,中信中國高股息,46,11,35,新光-新竹,2023-05-29,8563
00751B,元大AAA至A公司債,34,0,34,新光-新竹,2023-05-29,8563
3576,聯合再生,33,0,33,新光-新竹,2023-05-29,8563
2374,佳能,33,0,33,新光-新竹,2023-05-29,8563
00713,元大台灣高息低波,38,6,32,新光-新竹,2023-05-29,8563
3037,欣興,57,25,32,新光-新竹,2023-05-29,8563
3044,健鼎,42,11,31,新光-新竹,2023-05-29,8563
00706L,期元大S＆P日圓正2,30,0,30,新光-新竹,2023-05-29,8563
00637L,元大滬深300正2,34,6,28,新光-新竹,2023-05-29,8563
2610,華航,177,149,28,新光-新竹,2023-05-29,8563
3265,台星科,90,66,24,新光-新竹,2023-05-29,8563
5328,華容,22,0,22,新光-新竹,2023-05-29,8563
2495,普安,70,49,21,新光-新竹,2023-05-29,8563
6128,上福,20,0,20,新光-新竹,2023-05-29,8563
3686,達能,20,0,20,新光-新竹,2023-05-29,8563
1219,福壽,20,0,20,新光-新竹,2023-05-29,8563
4960,誠美材,22,2,20,新光-新竹,2023-05-29,8563
8085,福華,36,18,18,新光-新竹,2023-05-29,8563
00795B,中信美國公債20年,527,18,509,新光-新竹,2023-05-30,8563
00882,中信中國高股息,372,165,207,新光-新竹,2023-05-30,8563
00715L,期街口布蘭特正2,463,277,186,新光-新竹,2023-05-30,8563
2618,長榮航,729,543,186,新光-新竹,2023-05-30,8563
00764B,群益25年美債,128,0,128,新光-新竹,2023-05-30,8563
0056,元大高股息,179,52,127,新光-新竹,2023-05-30,8563
2633,台灣高鐵,118,12,106,新光-新竹,2023-05-30,8563
1608,華榮,115,36,79,新光-新竹,2023-05-30,8563
00632R,元大台灣50反1,319,240,79,新光-新竹,2023-05-30,8563
9110,越南控-DR,66,0,66,新光-新竹,2023-05-30,8563
2867,三商壽,61,0,61,新光-新竹,2023-05-30,8563
6116,彩晶,61,0,61,新光-新竹,2023-05-30,8563
2331,精英,63,4,59,新光-新竹,2023-05-30,8563
6869,雲豹能源,158,99,59,新光-新竹,2023-05-30,8563
6203,海韻電,57,0,57,新光-新竹,2023-05-30,8563
9105,泰金寶-DR,55,0,55,新光-新竹,2023-05-30,8563
00753L,中信中國50正2,54,0,54,新光-新竹,2023-05-30,8563
8050,廣積,51,0,51,新光-新竹,2023-05-30,8563
2332,友訊,52,1,51,新光-新竹,2023-05-30,8563
00676R,富邦臺灣加權反1,50,0,50,新光-新竹,2023-05-30,8563
00671R,富邦NASDAQ反1,50,0,50,新光-新竹,2023-05-30,8563
3163,波若威,52,8,44,新光-新竹,2023-05-30,8563
3481,群創,51,8,43,新光-新竹,2023-05-30,8563
8044,網家,43,0,43,新光-新竹,2023-05-30,8563
1215,卜蜂,42,0,42,新光-新竹,2023-05-30,8563
2504,國產,41,0,41,新光-新竹,2023-05-30,8563
2388,威盛,62,23,39,新光-新竹,2023-05-30,8563
00772B,中信高評級公司債,47,9,38,新光-新竹,2023-05-30,8563
00687B,國泰20年美債,38,0,38,新光-新竹,2023-05-30,8563
2834,臺企銀,40,3,37,新光-新竹,2023-05-30,8563
5498,凱崴,49,16,33,新光-新竹,2023-05-30,8563
2371,大同,110,78,32,新光-新竹,2023-05-30,8563
2002,中鋼,29,1,28,新光-新竹,2023-05-30,8563
6118,建達,27,0,27,新光-新竹,2023-05-30,8563
2495,普安,38,12,26,新光-新竹,2023-05-30,8563
3042,晶技,26,0,26,新光-新竹,2023-05-30,8563
3006,晶豪科,33,8,25,新光-新竹,2023-05-30,8563
2883,凱基金,29,5,24,新光-新竹,2023-05-30,8563
3029,零壹,40,18,22,新光-新竹,2023-05-30,8563
5905,南仁湖,27,5,22,新光-新竹,2023-05-30,8563
2888,新光金,22,2,20,新光-新竹,2023-05-30,8563
2489,瑞軒,20,0,20,新光-新竹,2023-05-30,8563
2426,鼎元,20,0,20,新光-新竹,2023-05-30,8563
3557,嘉威,20,0,20,新光-新竹,2023-05-30,8563
1219,福壽,20,0,20,新光-新竹,2023-05-30,8563
2382,廣達,59,40,19,新光-新竹,2023-05-30,8563
00713,元大台灣高息低波,32,14,18,新光-新竹,2023-05-30,8563
3037,欣興,31,13,18,新光-新竹,2023-05-30,8563
2442,新美齊,19,2,17,新光-新竹,2023-05-30,8563
6219,富旺,17,0,17,新光-新竹,2023-05-30,8563
00688L,國泰20年美債正2,670,0,670,新光-新竹,2023-05-31,8563
00715L,期街口布蘭特正2,981,332,649,新光-新竹,2023-05-31,8563
2880,華南金,261,0,261,新光-新竹,2023-05-31,8563
00696B,富邦美債20年,242,2,240,新光-新竹,2023-05-31,8563
9945,潤泰新,222,0,222,新光-新竹,2023-05-31,8563
2812,台中銀,394,193,201,新光-新竹,2023-05-31,8563
00642U,期元大S＆P石油,196,2,194,新光-新竹,2023-05-31,8563
2888,新光金,163,18,145,新光-新竹,2023-05-31,8563
4967,十銓,198,61,137,新光-新竹,2023-05-31,8563
00753L,中信中國50正2,133,0,133,新光-新竹,2023-05-31,8563
4916,事欣科,153,28,125,新光-新竹,2023-05-31,8563
00882,中信中國高股息,161,38,123,新光-新竹,2023-05-31,8563
3481,群創,115,7,108,新光-新竹,2023-05-31,8563
00772B,中信高評級公司債,101,1,100,新光-新竹,2023-05-31,8563
3231,緯創,416,316,100,新光-新竹,2023-05-31,8563
6869,雲豹能源,139,41,98,新光-新竹,2023-05-31,8563
00751B,元大AAA至A公司債,103,14,89,新光-新竹,2023-05-31,8563
3025,星通,126,43,83,新光-新竹,2023-05-31,8563
2633,台灣高鐵,84,7,77,新光-新竹,2023-05-31,8563
2383,台光電,58,5,53,新光-新竹,2023-05-31,8563
2426,鼎元,51,0,51,新光-新竹,2023-05-31,8563
00671R,富邦NASDAQ反1,50,0,50,新光-新竹,2023-05-31,8563
6005,群益證,50,0,50,新光-新竹,2023-05-31,8563
2891,中信金,70,20,50,新光-新竹,2023-05-31,8563
2867,三商壽,50,1,49,新光-新竹,2023-05-31,8563
2332,友訊,46,5,41,新光-新竹,2023-05-31,8563
1103,嘉泥,41,0,41,新光-新竹,2023-05-31,8563
00878,國泰永續高股息,72,32,40,新光-新竹,2023-05-31,8563
00773B,中信優先金融債,42,2,40,新光-新竹,2023-05-31,8563
2495,普安,55,16,39,新光-新竹,2023-05-31,8563
5353,台林,53,20,33,新光-新竹,2023-05-31,8563
8044,網家,33,0,33,新光-新竹,2023-05-31,8563
5457,宣德,30,0,30,新光-新竹,2023-05-31,8563
2382,廣達,236,207,29,新光-新竹,2023-05-31,8563
3094,聯傑,35,8,27,新光-新竹,2023-05-31,8563
3576,聯合再生,26,0,26,新光-新竹,2023-05-31,8563
6282,康舒,145,120,25,新光-新竹,2023-05-31,8563
3312,弘憶股,25,0,25,新光-新竹,2023-05-31,8563
00665L,富邦�琤肭磪囓�2,24,0,24,新光-新竹,2023-05-31,8563
5880,合庫金,34,11,23,新光-新竹,2023-05-31,8563
2368,金像電,32,10,22,新光-新竹,2023-05-31,8563
00795B,中信美國公債20年,36,14,22,新光-新竹,2023-05-31,8563
8050,廣積,43,22,21,新光-新竹,2023-05-31,8563
2331,精英,46,25,21,新光-新竹,2023-05-31,8563
2356,英業達,204,184,20,新光-新竹,2023-05-31,8563
2603,長榮,61,41,20,新光-新竹,2023-05-31,8563
00710B,復華彭博非投等債,20,0,20,新光-新竹,2023-05-31,8563
4747,強生,21,1,20,新光-新竹,2023-05-31,8563
2884,玉山金,21,1,20,新光-新竹,2023-05-31,8563
2206,三陽工業,104,86,18,新光-新竹,2023-05-31,8563
4102,永日,519,237,282,新光-新竹,2023-06-01,8563
00715L,期街口布蘭特正2,258,25,233,新光-新竹,2023-06-01,8563
00919,群益台灣精選高息,213,4,209,新光-新竹,2023-06-01,8563
4564,元翎,111,14,97,新光-新竹,2023-06-01,8563
3706,神達,191,99,92,新光-新竹,2023-06-01,8563
6274,台燿,94,4,90,新光-新竹,2023-06-01,8563
2881,富邦金,82,4,78,新光-新竹,2023-06-01,8563
3481,群創,79,3,76,新光-新竹,2023-06-01,8563
00773B,中信優先金融債,75,5,70,新光-新竹,2023-06-01,8563
6869,雲豹能源,246,177,69,新光-新竹,2023-06-01,8563
6116,彩晶,73,6,67,新光-新竹,2023-06-01,8563
1904,正隆,87,20,67,新光-新竹,2023-06-01,8563
2888,新光金,68,7,61,新光-新竹,2023-06-01,8563
2892,第一金,165,105,60,新光-新竹,2023-06-01,8563
00753L,中信中國50正2,139,81,58,新光-新竹,2023-06-01,8563
2368,金像電,68,11,57,新光-新竹,2023-06-01,8563
1402,遠東新,52,0,52,新光-新竹,2023-06-01,8563
8088,品安,61,10,51,新光-新竹,2023-06-01,8563
00679B,元大美債20年,53,4,49,新光-新竹,2023-06-01,8563
2324,仁寶,120,72,48,新光-新竹,2023-06-01,8563
2495,普安,59,15,44,新光-新竹,2023-06-01,8563
00712,復華富時不動產,49,7,42,新光-新竹,2023-06-01,8563
5706,鳳凰,99,59,40,新光-新竹,2023-06-01,8563
2331,精英,195,157,38,新光-新竹,2023-06-01,8563
00720B,元大投資級公司債,70,33,37,新光-新竹,2023-06-01,8563
2356,英業達,66,30,36,新光-新竹,2023-06-01,8563
6219,富旺,36,0,36,新光-新竹,2023-06-01,8563
00642U,期元大S＆P石油,37,2,35,新光-新竹,2023-06-01,8563
2201,裕隆,129,94,35,新光-新竹,2023-06-01,8563
9110,越南控-DR,31,0,31,新光-新竹,2023-06-01,8563
2383,台光電,32,1,31,新光-新竹,2023-06-01,8563
2457,飛宏,292,261,31,新光-新竹,2023-06-01,8563
2323,中環,86,55,31,新光-新竹,2023-06-01,8563
6417,韋僑,30,0,30,新光-新竹,2023-06-01,8563
1444,力麗,30,0,30,新光-新竹,2023-06-01,8563
2409,友達,34,5,29,新光-新竹,2023-06-01,8563
3363,上詮,94,65,29,新光-新竹,2023-06-01,8563
6016,康和證,33,7,26,新光-新竹,2023-06-01,8563
8044,網家,25,0,25,新光-新竹,2023-06-01,8563
3583,辛耘,35,10,25,新光-新竹,2023-06-01,8563
2851,中再保,38,13,25,新光-新竹,2023-06-01,8563
00882,中信中國高股息,85,60,25,新光-新竹,2023-06-01,8563
6122,擎邦,36,12,24,新光-新竹,2023-06-01,8563
3682,亞太電,24,0,24,新光-新竹,2023-06-01,8563
1101,台泥,23,0,23,新光-新竹,2023-06-01,8563
9902,台火,23,0,23,新光-新竹,2023-06-01,8563
8210,勤誠,34,11,23,新光-新竹,2023-06-01,8563
2882,國泰金,40,18,22,新光-新竹,2023-06-01,8563
2885,元大金,42,21,21,新光-新竹,2023-06-01,8563
2538,基泰,20,0,20,新光-新竹,2023-06-01,8563
2889,國票金,330,0,330,新光-新竹,2023-06-02,8563
2610,華航,491,234,257,新光-新竹,2023-06-02,8563
00632R,元大台灣50反1,377,129,248,新光-新竹,2023-06-02,8563
2442,新美齊,200,5,195,新光-新竹,2023-06-02,8563
1905,華紙,361,166,195,新光-新竹,2023-06-02,8563
3163,波若威,222,51,171,新光-新竹,2023-06-02,8563
4543,萬在,229,60,169,新光-新竹,2023-06-02,8563
2204,中華,121,11,110,新光-新竹,2023-06-02,8563
2812,台中銀,460,351,109,新光-新竹,2023-06-02,8563
00919,群益台灣精選高息,105,1,104,新光-新竹,2023-06-02,8563
00725B,國泰投資級公司債,85,0,85,新光-新竹,2023-06-02,8563
2618,長榮航,1292,1208,84,新光-新竹,2023-06-02,8563
2515,中工,124,42,82,新光-新竹,2023-06-02,8563
0056,元大高股息,183,114,69,新光-新竹,2023-06-02,8563
00637L,元大滬深300正2,80,13,67,新光-新竹,2023-06-02,8563
2891,中信金,67,4,63,新光-新竹,2023-06-02,8563
3591,艾笛森,67,4,63,新光-新竹,2023-06-02,8563
00679B,元大美債20年,73,15,58,新光-新竹,2023-06-02,8563
2323,中環,185,128,57,新光-新竹,2023-06-02,8563
00671R,富邦NASDAQ反1,53,0,53,新光-新竹,2023-06-02,8563
2413,環科,50,0,50,新光-新竹,2023-06-02,8563
00772B,中信高評級公司債,89,46,43,新光-新竹,2023-06-02,8563
00713,元大台灣高息低波,46,5,41,新光-新竹,2023-06-02,8563
4979,華星光,144,103,41,新光-新竹,2023-06-02,8563
5011,久陽,40,0,40,新光-新竹,2023-06-02,8563
5258,虹堡,50,12,38,新光-新竹,2023-06-02,8563
8044,網家,38,0,38,新光-新竹,2023-06-02,8563
00751B,元大AAA至A公司債,44,7,37,新光-新竹,2023-06-02,8563
2382,廣達,235,198,37,新光-新竹,2023-06-02,8563
4977,眾達-KY,38,3,35,新光-新竹,2023-06-02,8563
3324,雙鴻,76,41,35,新光-新竹,2023-06-02,8563
3687,歐買尬,35,0,35,新光-新竹,2023-06-02,8563
3707,漢磊,36,4,32,新光-新竹,2023-06-02,8563
00903,富邦元宇宙,32,1,31,新光-新竹,2023-06-02,8563
3711,日月光投控,39,12,27,新光-新竹,2023-06-02,8563
5478,智冠,33,6,27,新光-新竹,2023-06-02,8563
00794B,群益7+中國政金債,25,0,25,新光-新竹,2023-06-02,8563
2538,基泰,25,0,25,新光-新竹,2023-06-02,8563
2427,三商電,33,10,23,新光-新竹,2023-06-02,8563
3083,網龍,84,61,23,新光-新竹,2023-06-02,8563
2425,承啟,61,38,23,新光-新竹,2023-06-02,8563
2356,英業達,142,120,22,新光-新竹,2023-06-02,8563
6118,建達,25,3,22,新光-新竹,2023-06-02,8563
9933,中鼎,22,0,22,新光-新竹,2023-06-02,8563
3013,晟銘電,120,99,21,新光-新竹,2023-06-02,8563
3576,聯合再生,21,0,21,新光-新竹,2023-06-02,8563
4967,十銓,50,30,20,新光-新竹,2023-06-02,8563
2903,遠百,20,0,20,新光-新竹,2023-06-02,8563
9902,台火,30,10,20,新光-新竹,2023-06-02,8563
3042,晶技,21,1,20,新光-新竹,2023-06-02,8563
9945,潤泰新,588,59,529,新光-新竹,2023-06-05,8563
2618,長榮航,1066,688,378,新光-新竹,2023-06-05,8563
00753L,中信中國50正2,301,0,301,新光-新竹,2023-06-05,8563
00688L,國泰20年美債正2,621,388,233,新光-新竹,2023-06-05,8563
00669R,國泰美國道瓊反1,200,4,196,新光-新竹,2023-06-05,8563
00712,復華富時不動產,356,176,180,新光-新竹,2023-06-05,8563
9105,泰金寶-DR,170,0,170,新光-新竹,2023-06-05,8563
2323,中環,282,117,165,新光-新竹,2023-06-05,8563
00673R,期元大S＆P原油反1,164,0,164,新光-新竹,2023-06-05,8563
3707,漢磊,140,6,134,新光-新竹,2023-06-05,8563
00679B,元大美債20年,144,11,133,新光-新竹,2023-06-05,8563
8044,網家,105,0,105,新光-新竹,2023-06-05,8563
6219,富旺,102,0,102,新光-新竹,2023-06-05,8563
00751B,元大AAA至A公司債,90,1,89,新光-新竹,2023-06-05,8563
00670L,富邦NASDAQ正2,81,0,81,新光-新竹,2023-06-05,8563
5511,德昌,92,11,81,新光-新竹,2023-06-05,8563
9902,台火,80,0,80,新光-新竹,2023-06-05,8563
00903,富邦元宇宙,70,0,70,新光-新竹,2023-06-05,8563
3231,緯創,488,420,68,新光-新竹,2023-06-05,8563
00772B,中信高評級公司債,92,26,66,新光-新竹,2023-06-05,8563
2801,彰銀,60,0,60,新光-新竹,2023-06-05,8563
0056,元大高股息,111,52,59,新光-新竹,2023-06-05,8563
00795B,中信美國公債20年,58,0,58,新光-新竹,2023-06-05,8563
2353,宏��,93,44,49,新光-新竹,2023-06-05,8563
2538,基泰,45,0,45,新光-新竹,2023-06-05,8563
2303,聯電,56,13,43,新光-新竹,2023-06-05,8563
00696B,富邦美債20年,41,0,41,新光-新竹,2023-06-05,8563
00919,群益台灣精選高息,54,15,39,新光-新竹,2023-06-05,8563
2609,陽明,44,5,39,新光-新竹,2023-06-05,8563
4979,華星光,101,64,37,新光-新竹,2023-06-05,8563
00764B,群益25年美債,36,0,36,新光-新竹,2023-06-05,8563
1316,上曜,35,0,35,新光-新竹,2023-06-05,8563
2436,偉詮電,42,7,35,新光-新竹,2023-06-05,8563
2388,威盛,129,94,35,新光-新竹,2023-06-05,8563
00882,中信中國高股息,58,23,35,新光-新竹,2023-06-05,8563
3363,上詮,76,42,34,新光-新竹,2023-06-05,8563
2402,毅嘉,40,6,34,新光-新竹,2023-06-05,8563
2317,鴻海,36,2,34,新光-新竹,2023-06-05,8563
00687B,國泰20年美債,63,30,33,新光-新竹,2023-06-05,8563
3037,欣興,52,23,29,新光-新竹,2023-06-05,8563
2376,技嘉,109,81,28,新光-新竹,2023-06-05,8563
00720B,元大投資級公司債,97,69,28,新光-新竹,2023-06-05,8563
3022,威強電,27,0,27,新光-新竹,2023-06-05,8563
3031,佰鴻,27,0,27,新光-新竹,2023-06-05,8563
00713,元大台灣高息低波,35,8,27,新光-新竹,2023-06-05,8563
3481,群創,201,175,26,新光-新竹,2023-06-05,8563
1608,華榮,47,21,26,新光-新竹,2023-06-05,8563
2471,資通,26,0,26,新光-新竹,2023-06-05,8563
1514,亞力,121,95,26,新光-新竹,2023-06-05,8563
6125,廣運,52,27,25,新光-新竹,2023-06-05,8563
2618,長榮航,918,551,367,新光-新竹,2023-06-06,8563
00712,復華富時不動產,312,44,268,新光-新竹,2023-06-06,8563
00679B,元大美債20年,163,2,161,新光-新竹,2023-06-06,8563
6116,彩晶,199,46,153,新光-新竹,2023-06-06,8563
00632R,元大台灣50反1,117,3,114,新光-新竹,2023-06-06,8563
1528,恩德,114,1,113,新光-新竹,2023-06-06,8563
6219,富旺,102,0,102,新光-新竹,2023-06-06,8563
00688L,國泰20年美債正2,209,112,97,新光-新竹,2023-06-06,8563
5465,富驊,116,21,95,新光-新竹,2023-06-06,8563
2344,華邦電,102,21,81,新光-新竹,2023-06-06,8563
1609,大亞,367,297,70,新光-新竹,2023-06-06,8563
2204,中華,70,0,70,新光-新竹,2023-06-06,8563
2913,農林,89,24,65,新光-新竹,2023-06-06,8563
2402,毅嘉,195,138,57,新光-新竹,2023-06-06,8563
6185,幃翔,57,1,56,新光-新竹,2023-06-06,8563
00927,群益半導體收益,53,0,53,新光-新竹,2023-06-06,8563
00713,元大台灣高息低波,55,5,50,新光-新竹,2023-06-06,8563
2427,三商電,55,7,48,新光-新竹,2023-06-06,8563
3707,漢磊,53,5,48,新光-新竹,2023-06-06,8563
4961,天鈺,42,0,42,新光-新竹,2023-06-06,8563
2538,基泰,42,0,42,新光-新竹,2023-06-06,8563
8011,台通,38,0,38,新光-新竹,2023-06-06,8563
6015,宏遠證,42,5,37,新光-新竹,2023-06-06,8563
6214,精誠,36,4,32,新光-新竹,2023-06-06,8563
1314,中石化,32,0,32,新光-新竹,2023-06-06,8563
6548,長科*,32,2,30,新光-新竹,2023-06-06,8563
00919,群益台灣精選高息,30,0,30,新光-新竹,2023-06-06,8563
00664R,國泰臺灣加權反1,30,0,30,新光-新竹,2023-06-06,8563
00877,復華中國5G,30,0,30,新光-新竹,2023-06-06,8563
00795B,中信美國公債20年,32,5,27,新光-新竹,2023-06-06,8563
6118,建達,28,1,27,新光-新竹,2023-06-06,8563
3231,緯創,246,220,26,新光-新竹,2023-06-06,8563
0056,元大高股息,44,18,26,新光-新竹,2023-06-06,8563
2421,建準,31,5,26,新光-新竹,2023-06-06,8563
8044,網家,26,0,26,新光-新竹,2023-06-06,8563
00725B,國泰投資級公司債,27,1,26,新光-新竹,2023-06-06,8563
5531,鄉林,35,9,26,新光-新竹,2023-06-06,8563
2426,鼎元,30,5,25,新光-新竹,2023-06-06,8563
1584,精剛,39,14,25,新光-新竹,2023-06-06,8563
3094,聯傑,29,5,24,新光-新竹,2023-06-06,8563
1460,宏遠,27,4,23,新光-新竹,2023-06-06,8563
4906,正文,36,13,23,新光-新竹,2023-06-06,8563
4523,永彰,24,1,23,新光-新竹,2023-06-06,8563
2331,精英,32,10,22,新光-新竹,2023-06-06,8563
3056,富華新,22,0,22,新光-新竹,2023-06-06,8563
6026,福邦證,32,10,22,新光-新竹,2023-06-06,8563
2303,聯電,49,28,21,新光-新竹,2023-06-06,8563
3576,聯合再生,24,3,21,新光-新竹,2023-06-06,8563
3583,辛耘,81,60,21,新光-新竹,2023-06-06,8563
6285,啟��,23,2,21,新光-新竹,2023-06-06,8563
2618,長榮航,1157,354,803,新光-新竹,2023-06-07,8563
00632R,元大台灣50反1,550,21,529,新光-新竹,2023-06-07,8563
5511,德昌,149,0,149,新光-新竹,2023-06-07,8563
8044,網家,141,0,141,新光-新竹,2023-06-07,8563
2323,中環,199,108,91,新光-新竹,2023-06-07,8563
00852L,國泰美國道瓊正2,85,0,85,新光-新竹,2023-06-07,8563
6219,富旺,82,0,82,新光-新竹,2023-06-07,8563
0056,元大高股息,111,34,77,新光-新竹,2023-06-07,8563
3711,日月光投控,110,34,76,新光-新竹,2023-06-07,8563
00919,群益台灣精選高息,70,1,69,新光-新竹,2023-06-07,8563
00715L,期街口布蘭特正2,121,53,68,新光-新竹,2023-06-07,8563
00679B,元大美債20年,93,37,56,新光-新竹,2023-06-07,8563
2382,廣達,461,407,54,新光-新竹,2023-06-07,8563
00882,中信中國高股息,110,58,52,新光-新竹,2023-06-07,8563
2610,華航,72,21,51,新光-新竹,2023-06-07,8563
00664R,國泰臺灣加權反1,50,0,50,新光-新竹,2023-06-07,8563
4207,環泰,79,30,49,新光-新竹,2023-06-07,8563
6592,和潤企業,53,6,47,新光-新竹,2023-06-07,8563
1605,華新,74,30,44,新光-新竹,2023-06-07,8563
2515,中工,125,82,43,新光-新竹,2023-06-07,8563
2880,華南金,52,11,41,新光-新竹,2023-06-07,8563
3022,威強電,46,6,40,新光-新竹,2023-06-07,8563
1304,台聚,36,0,36,新光-新竹,2023-06-07,8563
2331,精英,51,16,35,新光-新竹,2023-06-07,8563
00633L,富邦上証正2,34,0,34,新光-新竹,2023-06-07,8563
4533,協易機,37,3,34,新光-新竹,2023-06-07,8563
3017,奇鋐,112,79,33,新光-新竹,2023-06-07,8563
9945,潤泰新,46,15,31,新光-新竹,2023-06-07,8563
1310,台苯,31,0,31,新光-新竹,2023-06-07,8563
00903,富邦元宇宙,30,0,30,新光-新竹,2023-06-07,8563
00637L,元大滬深300正2,40,10,30,新光-新竹,2023-06-07,8563
1514,亞力,54,25,29,新光-新竹,2023-06-07,8563
1532,勤美,30,1,29,新光-新竹,2023-06-07,8563
3003,健和興,30,1,29,新光-新竹,2023-06-07,8563
2368,金像電,94,66,28,新光-新竹,2023-06-07,8563
2748,雲品,56,29,27,新光-新竹,2023-06-07,8563
2906,高林,53,26,27,新光-新竹,2023-06-07,8563
2402,毅嘉,49,22,27,新光-新竹,2023-06-07,8563
3027,盛達,103,78,25,新光-新竹,2023-06-07,8563
00794B,群益7+中國政金債,25,0,25,新光-新竹,2023-06-07,8563
3583,辛耘,26,2,24,新光-新竹,2023-06-07,8563
3707,漢磊,40,18,22,新光-新竹,2023-06-07,8563
5284,jpp-KY,82,60,22,新光-新竹,2023-06-07,8563
3094,聯傑,35,13,22,新光-新竹,2023-06-07,8563
6548,長科*,27,6,21,新光-新竹,2023-06-07,8563
8358,金居,61,41,20,新光-新竹,2023-06-07,8563
6125,廣運,60,40,20,新光-新竹,2023-06-07,8563
3014,聯陽,20,0,20,新光-新竹,2023-06-07,8563
00893,國泰智能電動車,29,9,20,新光-新竹,2023-06-07,8563
8930,青鋼,50,30,20,新光-新竹,2023-06-07,8563
00688L,國泰20年美債正2,685,0,685,新光-新竹,2023-06-08,8563
00919,群益台灣精選高息,250,2,248,新光-新竹,2023-06-08,8563
00671R,富邦NASDAQ反1,234,0,234,新光-新竹,2023-06-08,8563
2883,凱基金,223,21,202,新光-新竹,2023-06-08,8563
00679B,元大美債20年,213,22,191,新光-新竹,2023-06-08,8563
00687B,國泰20年美債,178,0,178,新光-新竹,2023-06-08,8563
2812,台中銀,200,54,146,新光-新竹,2023-06-08,8563
00772B,中信高評級公司債,155,15,140,新光-新竹,2023-06-08,8563
1609,大亞,610,483,127,新光-新竹,2023-06-08,8563
6116,彩晶,164,39,125,新光-新竹,2023-06-08,8563
4960,誠美材,116,5,111,新光-新竹,2023-06-08,8563
1618,合機,103,5,98,新光-新竹,2023-06-08,8563
8044,網家,90,0,90,新光-新竹,2023-06-08,8563
00673R,期元大S＆P原油反1,87,0,87,新光-新竹,2023-06-08,8563
3037,欣興,121,36,85,新光-新竹,2023-06-08,8563
6219,富旺,94,9,85,新光-新竹,2023-06-08,8563
1409,新纖,83,0,83,新光-新竹,2023-06-08,8563
00751B,元大AAA至A公司債,81,0,81,新光-新竹,2023-06-08,8563
2888,新光金,141,61,80,新光-新竹,2023-06-08,8563
2881,富邦金,73,7,66,新光-新竹,2023-06-08,8563
0056,元大高股息,99,36,63,新光-新竹,2023-06-08,8563
00885,富邦越南,60,3,57,新光-新竹,2023-06-08,8563
8222,寶一,70,15,55,新光-新竹,2023-06-08,8563
00795B,中信美國公債20年,55,0,55,新光-新竹,2023-06-08,8563
00720B,元大投資級公司債,74,20,54,新光-新竹,2023-06-08,8563
2426,鼎元,54,0,54,新光-新竹,2023-06-08,8563
00713,元大台灣高息低波,59,5,54,新光-新竹,2023-06-08,8563
2363,矽統,50,0,50,新光-新竹,2023-06-08,8563
5475,德宏,74,25,49,新光-新竹,2023-06-08,8563
00753L,中信中國50正2,59,10,49,新光-新竹,2023-06-08,8563
3005,神基,50,3,47,新光-新竹,2023-06-08,8563
5706,鳳凰,127,81,46,新光-新竹,2023-06-08,8563
9902,台火,44,0,44,新光-新竹,2023-06-08,8563
6188,廣明,98,55,43,新光-新竹,2023-06-08,8563
2204,中華,45,2,43,新光-新竹,2023-06-08,8563
2206,三陽工業,317,276,41,新光-新竹,2023-06-08,8563
9105,泰金寶-DR,40,0,40,新光-新竹,2023-06-08,8563
00631L,元大台灣50正2,40,0,40,新光-新竹,2023-06-08,8563
5211,蒙恬,38,0,38,新光-新竹,2023-06-08,8563
6129,普誠,35,0,35,新光-新竹,2023-06-08,8563
1905,華紙,68,35,33,新光-新竹,2023-06-08,8563
2441,超豐,47,16,31,新光-新竹,2023-06-08,8563
00877,復華中國5G,30,0,30,新光-新竹,2023-06-08,8563
1460,宏遠,30,0,30,新光-新竹,2023-06-08,8563
2409,友達,48,19,29,新光-新竹,2023-06-08,8563
3481,群創,79,51,28,新光-新竹,2023-06-08,8563
006208,富邦台50,33,5,28,新光-新竹,2023-06-08,8563
5876,上海商銀,25,0,25,新光-新竹,2023-06-08,8563
2338,光罩,22,0,22,新光-新竹,2023-06-08,8563
1532,勤美,22,0,22,新光-新竹,2023-06-08,8563
00929,復華台灣科技優息,338,10,328,新光-新竹,2023-06-09,8563
6005,群益證,204,0,204,新光-新竹,2023-06-09,8563
2888,新光金,498,305,193,新光-新竹,2023-06-09,8563
1609,大亞,329,191,138,新光-新竹,2023-06-09,8563
00919,群益台灣精選高息,143,27,116,新光-新竹,2023-06-09,8563
2301,光寶科,113,0,113,新光-新竹,2023-06-09,8563
00645,富邦日本,88,0,88,新光-新竹,2023-06-09,8563
2427,三商電,83,1,82,新光-新竹,2023-06-09,8563
2618,長榮航,833,756,77,新光-新竹,2023-06-09,8563
1802,台玻,60,0,60,新光-新竹,2023-06-09,8563
2329,華泰,54,4,50,新光-新竹,2023-06-09,8563
00671R,富邦NASDAQ反1,50,0,50,新光-新竹,2023-06-09,8563
00885,富邦越南,62,17,45,新光-新竹,2023-06-09,8563
3013,晟銘電,56,13,43,新光-新竹,2023-06-09,8563
8044,網家,44,2,42,新光-新竹,2023-06-09,8563
2412,中華電,43,1,42,新光-新竹,2023-06-09,8563
2455,全新,42,5,37,新光-新竹,2023-06-09,8563
8087,麗升能源,35,0,35,新光-新竹,2023-06-09,8563
2705,六福,36,3,33,新光-新竹,2023-06-09,8563
3289,宜特,38,7,31,新光-新竹,2023-06-09,8563
1409,新纖,30,0,30,新光-新竹,2023-06-09,8563
1504,東元,55,28,27,新光-新竹,2023-06-09,8563
2352,佳世達,82,55,27,新光-新竹,2023-06-09,8563
3466,德晉,29,2,27,新光-新竹,2023-06-09,8563
00772B,中信高評級公司債,41,16,25,新光-新竹,2023-06-09,8563
5876,上海商銀,25,0,25,新光-新竹,2023-06-09,8563
5475,德宏,24,0,24,新光-新竹,2023-06-09,8563
6179,亞通,60,36,24,新光-新竹,2023-06-09,8563
3032,偉訓,42,18,24,新光-新竹,2023-06-09,8563
3363,上詮,32,8,24,新光-新竹,2023-06-09,8563
6279,胡連,30,6,24,新光-新竹,2023-06-09,8563
2458,義隆,26,2,24,新光-新竹,2023-06-09,8563
3017,奇鋐,65,41,24,新光-新竹,2023-06-09,8563
6743,安普新,23,0,23,新光-新竹,2023-06-09,8563
00642U,期元大S＆P石油,23,0,23,新光-新竹,2023-06-09,8563
2486,一詮,38,16,22,新光-新竹,2023-06-09,8563
6026,福邦證,22,0,22,新光-新竹,2023-06-09,8563
6016,康和證,22,0,22,新光-新竹,2023-06-09,8563
3252,海灣,23,2,21,新光-新竹,2023-06-09,8563
2528,皇普,22,1,21,新光-新竹,2023-06-09,8563
9105,泰金寶-DR,20,0,20,新光-新竹,2023-06-09,8563
2426,鼎元,20,0,20,新光-新竹,2023-06-09,8563
5011,久陽,20,0,20,新光-新竹,2023-06-09,8563
00753L,中信中國50正2,32,12,20,新光-新竹,2023-06-09,8563
2603,長榮,36,17,19,新光-新竹,2023-06-09,8563
4190,佐登-KY,19,0,19,新光-新竹,2023-06-09,8563
1752,南光,20,2,18,新光-新竹,2023-06-09,8563
3058,立德,24,6,18,新光-新竹,2023-06-09,8563
1710,東聯,21,3,18,新光-新竹,2023-06-09,8563
5608,四維航,19,1,18,新光-新竹,2023-06-09,8563
00632R,元大台灣50反1,308,43,265,新光-新竹,2023-06-12,8563
00715L,期街口布蘭特正2,248,13,235,新光-新竹,2023-06-12,8563
00929,復華台灣科技優息,255,28,227,新光-新竹,2023-06-12,8563
2891,中信金,213,26,187,新光-新竹,2023-06-12,8563
00919,群益台灣精選高息,192,20,172,新光-新竹,2023-06-12,8563
00671R,富邦NASDAQ反1,167,0,167,新光-新竹,2023-06-12,8563
00688L,國泰20年美債正2,200,38,162,新光-新竹,2023-06-12,8563
00642U,期元大S＆P石油,157,3,154,新光-新竹,2023-06-12,8563
2324,仁寶,167,32,135,新光-新竹,2023-06-12,8563
2206,三陽工業,207,75,132,新光-新竹,2023-06-12,8563
8044,網家,122,0,122,新光-新竹,2023-06-12,8563
2888,新光金,413,306,107,新光-新竹,2023-06-12,8563
2312,金寶,131,30,101,新光-新竹,2023-06-12,8563
00893,國泰智能電動車,105,20,85,新光-新竹,2023-06-12,8563
00712,復華富時不動產,95,21,74,新光-新竹,2023-06-12,8563
0056,元大高股息,93,22,71,新光-新竹,2023-06-12,8563
8034,榮群,107,39,68,新光-新竹,2023-06-12,8563
2356,英業達,106,45,61,新光-新竹,2023-06-12,8563
3231,緯創,211,153,58,新光-新竹,2023-06-12,8563
5425,台半,90,39,51,新光-新竹,2023-06-12,8563
6219,富旺,50,0,50,新光-新竹,2023-06-12,8563
4157,太景*-KY,58,12,46,新光-新竹,2023-06-12,8563
2515,中工,49,4,45,新光-新竹,2023-06-12,8563
2317,鴻海,158,114,44,新光-新竹,2023-06-12,8563
6140,訊達,40,0,40,新光-新竹,2023-06-12,8563
00885,富邦越南,65,25,40,新光-新竹,2023-06-12,8563
3264,欣銓,49,12,37,新光-新竹,2023-06-12,8563
4113,聯上,38,1,37,新光-新竹,2023-06-12,8563
00740B,富邦全球投等債,35,0,35,新光-新竹,2023-06-12,8563
00664R,國泰臺灣加權反1,35,0,35,新光-新竹,2023-06-12,8563
6120,達運,33,0,33,新光-新竹,2023-06-12,8563
1540,喬福,34,2,32,新光-新竹,2023-06-12,8563
1513,中興電,49,18,31,新光-新竹,2023-06-12,8563
4161,聿新科,31,0,31,新光-新竹,2023-06-12,8563
3059,華晶科,41,10,31,新光-新竹,2023-06-12,8563
3162,精確,49,19,30,新光-新竹,2023-06-12,8563
2392,正崴,32,2,30,新光-新竹,2023-06-12,8563
00679B,元大美債20年,41,12,29,新光-新竹,2023-06-12,8563
1815,富喬,31,3,28,新光-新竹,2023-06-12,8563
3078,僑威,237,210,27,新光-新竹,2023-06-12,8563
4766,南寶,27,0,27,新光-新竹,2023-06-12,8563
6122,擎邦,69,42,27,新光-新竹,2023-06-12,8563
8926,台汽電,71,44,27,新光-新竹,2023-06-12,8563
3685,元創精密,26,0,26,新光-新竹,2023-06-12,8563
2204,中華,26,0,26,新光-新竹,2023-06-12,8563
1218,泰山,27,2,25,新光-新竹,2023-06-12,8563
6414,樺漢,25,0,25,新光-新竹,2023-06-12,8563
3317,尼克森,25,0,25,新光-新竹,2023-06-12,8563
2633,台灣高鐵,33,9,24,新光-新竹,2023-06-12,8563
6214,精誠,31,7,24,新光-新竹,2023-06-12,8563
00715L,期街口布蘭特正2,783,3,780,新光-新竹,2023-06-13,8563
00632R,元大台灣50反1,799,145,654,新光-新竹,2023-06-13,8563
9945,潤泰新,649,34,615,新光-新竹,2023-06-13,8563
2317,鴻海,195,77,118,新光-新竹,2023-06-13,8563
00642U,期元大S＆P石油,119,6,113,新光-新竹,2023-06-13,8563
00882,中信中國高股息,82,20,62,新光-新竹,2023-06-13,8563
4167,松瑞藥,64,2,62,新光-新竹,2023-06-13,8563
2515,中工,59,4,55,新光-新竹,2023-06-13,8563
00671R,富邦NASDAQ反1,55,0,55,新光-新竹,2023-06-13,8563
00679B,元大美債20年,53,0,53,新光-新竹,2023-06-13,8563
2885,元大金,56,3,53,新光-新竹,2023-06-13,8563
5706,鳳凰,96,45,51,新光-新竹,2023-06-13,8563
00878,國泰永續高股息,237,189,48,新光-新竹,2023-06-13,8563
3324,雙鴻,60,13,47,新光-新竹,2023-06-13,8563
6148,驊宏資,73,26,47,新光-新竹,2023-06-13,8563
3207,耀勝,46,0,46,新光-新竹,2023-06-13,8563
00896,中信綠能及電動車,50,4,46,新光-新竹,2023-06-13,8563
00637L,元大滬深300正2,52,6,46,新光-新竹,2023-06-13,8563
00720B,元大投資級公司債,54,10,44,新光-新竹,2023-06-13,8563
00664R,國泰臺灣加權反1,45,5,40,新光-新竹,2023-06-13,8563
00757,統一FANG+,39,0,39,新光-新竹,2023-06-13,8563
6288,聯嘉,112,74,38,新光-新竹,2023-06-13,8563
2206,三陽工業,107,72,35,新光-新竹,2023-06-13,8563
6218,豪勉,34,0,34,新光-新竹,2023-06-13,8563
00772B,中信高評級公司債,47,16,31,新光-新竹,2023-06-13,8563
2484,希華,30,0,30,新光-新竹,2023-06-13,8563
4979,華星光,93,63,30,新光-新竹,2023-06-13,8563
00900,富邦特選高股息30,62,34,28,新光-新竹,2023-06-13,8563
2745,五福,28,0,28,新光-新竹,2023-06-13,8563
3014,聯陽,41,16,25,新光-新竹,2023-06-13,8563
00753L,中信中國50正2,34,9,25,新光-新竹,2023-06-13,8563
2457,飛宏,82,59,23,新光-新竹,2023-06-13,8563
1504,東元,34,11,23,新光-新竹,2023-06-13,8563
2705,六福,72,50,22,新光-新竹,2023-06-13,8563
3652,精聯,78,57,21,新光-新竹,2023-06-13,8563
3052,夆典,20,0,20,新光-新竹,2023-06-13,8563
6118,建達,20,0,20,新光-新竹,2023-06-13,8563
1584,精剛,33,13,20,新光-新竹,2023-06-13,8563
2892,第一金,31,12,19,新光-新竹,2023-06-13,8563
4754,國碳科,19,0,19,新光-新竹,2023-06-13,8563
6208,日揚,18,0,18,新光-新竹,2023-06-13,8563
4533,協易機,74,57,17,新光-新竹,2023-06-13,8563
5871,中租-KY,55,38,17,新光-新竹,2023-06-13,8563
9906,欣巴巴,16,0,16,新光-新竹,2023-06-13,8563
00919,群益台灣精選高息,40,25,15,新光-新竹,2023-06-13,8563
2340,台亞,23,8,15,新光-新竹,2023-06-13,8563
2351,順德,14,0,14,新光-新竹,2023-06-13,8563
6285,啟��,20,6,14,新光-新竹,2023-06-13,8563
4995,晶達,14,0,14,新光-新竹,2023-06-13,8563
1319,東陽,19,5,14,新光-新竹,2023-06-13,8563
00688L,國泰20年美債正2,389,42,347,新光-新竹,2023-06-14,8563
00669R,國泰美國道瓊反1,210,1,209,新光-新竹,2023-06-14,8563
9945,潤泰新,221,14,207,新光-新竹,2023-06-14,8563
00679B,元大美債20年,159,17,142,新光-新竹,2023-06-14,8563
3055,蔚華科,160,21,139,新光-新竹,2023-06-14,8563
00919,群益台灣精選高息,154,16,138,新光-新竹,2023-06-14,8563
1584,精剛,137,1,136,新光-新竹,2023-06-14,8563
00720B,元大投資級公司債,140,5,135,新光-新竹,2023-06-14,8563
00687B,國泰20年美債,144,10,134,新光-新竹,2023-06-14,8563
00637L,元大滬深300正2,211,78,133,新光-新竹,2023-06-14,8563
00680L,元大美債20正2,129,10,119,新光-新竹,2023-06-14,8563
1524,耿鼎,144,26,118,新光-新竹,2023-06-14,8563
1522,堤維西,170,72,98,新光-新竹,2023-06-14,8563
1609,大亞,197,104,93,新光-新竹,2023-06-14,8563
00706L,期元大S＆P日圓正2,82,0,82,新光-新竹,2023-06-14,8563
2356,英業達,337,260,77,新光-新竹,2023-06-14,8563
4564,元翎,71,0,71,新光-新竹,2023-06-14,8563
1712,興農,69,0,69,新光-新竹,2023-06-14,8563
2888,新光金,93,24,69,新光-新竹,2023-06-14,8563
00712,復華富時不動產,212,146,66,新光-新竹,2023-06-14,8563
00885,富邦越南,77,14,63,新光-新竹,2023-06-14,8563
00646,元大S＆P500,60,2,58,新光-新竹,2023-06-14,8563
2743,山富,82,26,56,新光-新竹,2023-06-14,8563
00795B,中信美國公債20年,55,0,55,新光-新竹,2023-06-14,8563
2891,中信金,55,2,53,新光-新竹,2023-06-14,8563
00676R,富邦臺灣加權反1,53,0,53,新光-新竹,2023-06-14,8563
2324,仁寶,60,8,52,新光-新竹,2023-06-14,8563
00751B,元大AAA至A公司債,52,0,52,新光-新竹,2023-06-14,8563
00740B,富邦全球投等債,50,0,50,新光-新竹,2023-06-14,8563
6219,富旺,50,0,50,新光-新竹,2023-06-14,8563
2359,所羅門,59,9,50,新光-新竹,2023-06-14,8563
3058,立德,67,18,49,新光-新竹,2023-06-14,8563
2515,中工,63,15,48,新光-新竹,2023-06-14,8563
2383,台光電,65,19,46,新光-新竹,2023-06-14,8563
8147,正淩,42,0,42,新光-新竹,2023-06-14,8563
0050,元大台灣50,48,8,40,新光-新竹,2023-06-14,8563
00882,中信中國高股息,39,5,34,新光-新竹,2023-06-14,8563
00929,復華台灣科技優息,34,0,34,新光-新竹,2023-06-14,8563
00772B,中信高評級公司債,33,0,33,新光-新竹,2023-06-14,8563
2884,玉山金,35,2,33,新光-新竹,2023-06-14,8563
1471,首利,36,5,31,新光-新竹,2023-06-14,8563
00724B,群益投資級金融債,30,0,30,新光-新竹,2023-06-14,8563
3032,偉訓,57,27,30,新光-新竹,2023-06-14,8563
6182,合晶,79,49,30,新光-新竹,2023-06-14,8563
2471,資通,31,1,30,新光-新竹,2023-06-14,8563
3363,上詮,38,9,29,新光-新竹,2023-06-14,8563
3707,漢磊,51,22,29,新光-新竹,2023-06-14,8563
2548,華固,30,2,28,新光-新竹,2023-06-14,8563
2347,聯強,28,0,28,新光-新竹,2023-06-14,8563
2528,皇普,27,0,27,新光-新竹,2023-06-14,8563
2618,長榮航,2227,1524,703,新光-新竹,2023-06-15,8563
00919,群益台灣精選高息,311,11,300,新光-新竹,2023-06-15,8563
00715L,期街口布蘭特正2,360,131,229,新光-新竹,2023-06-15,8563
00712,復華富時不動產,327,103,224,新光-新竹,2023-06-15,8563
00642U,期元大S＆P石油,206,2,204,新光-新竹,2023-06-15,8563
2356,英業達,441,306,135,新光-新竹,2023-06-15,8563
5443,均豪,123,3,120,新光-新竹,2023-06-15,8563
2888,新光金,119,10,109,新光-新竹,2023-06-15,8563
3346,麗清,117,12,105,新光-新竹,2023-06-15,8563
00676R,富邦臺灣加權反1,100,0,100,新光-新竹,2023-06-15,8563
6282,康舒,178,93,85,新光-新竹,2023-06-15,8563
00673R,期元大S＆P原油反1,95,10,85,新光-新竹,2023-06-15,8563
00751B,元大AAA至A公司債,82,0,82,新光-新竹,2023-06-15,8563
3576,聯合再生,70,0,70,新光-新竹,2023-06-15,8563
4129,聯合,68,0,68,新光-新竹,2023-06-15,8563
2301,光寶科,107,42,65,新光-新竹,2023-06-15,8563
2812,台中銀,112,52,60,新光-新竹,2023-06-15,8563
8076,伍豐,96,39,57,新光-新竹,2023-06-15,8563
00632R,元大台灣50反1,262,210,52,新光-新竹,2023-06-15,8563
4951,精拓科,64,12,52,新光-新竹,2023-06-15,8563
2323,中環,66,20,46,新光-新竹,2023-06-15,8563
8069,元太,55,11,44,新光-新竹,2023-06-15,8563
00929,復華台灣科技優息,53,9,44,新光-新竹,2023-06-15,8563
00772B,中信高評級公司債,47,5,42,新光-新竹,2023-06-15,8563
2401,凌陽,130,93,37,新光-新竹,2023-06-15,8563
3013,晟銘電,65,29,36,新光-新竹,2023-06-15,8563
4938,和碩,73,40,33,新光-新竹,2023-06-15,8563
3715,定穎投控,33,1,32,新光-新竹,2023-06-15,8563
1514,亞力,65,34,31,新光-新竹,2023-06-15,8563
3231,緯創,431,399,32,新光-新竹,2023-06-15,8563
2105,正新,41,10,31,新光-新竹,2023-06-15,8563
2382,廣達,130,100,30,新光-新竹,2023-06-15,8563
6869,雲豹能源,76,46,30,新光-新竹,2023-06-15,8563
3033,威健,44,14,30,新光-新竹,2023-06-15,8563
6129,普誠,33,5,28,新光-新竹,2023-06-15,8563
00740B,富邦全球投等債,27,0,27,新光-新竹,2023-06-15,8563
2645,長榮航太,31,5,26,新光-新竹,2023-06-15,8563
2412,中華電,28,2,26,新光-新竹,2023-06-15,8563
1810,和成,29,3,26,新光-新竹,2023-06-15,8563
5309,系統電,26,0,26,新光-新竹,2023-06-15,8563
3022,威強電,44,19,25,新光-新竹,2023-06-15,8563
2371,大同,126,101,25,新光-新竹,2023-06-15,8563
2617,台航,25,0,25,新光-新竹,2023-06-15,8563
3374,精材,37,12,25,新光-新竹,2023-06-15,8563
00882,中信中國高股息,64,40,24,新光-新竹,2023-06-15,8563
1605,華新,40,16,24,新光-新竹,2023-06-15,8563
3707,漢磊,39,15,24,新光-新竹,2023-06-15,8563
2427,三商電,29,7,22,新光-新竹,2023-06-15,8563
8210,勤誠,130,108,22,新光-新竹,2023-06-15,8563
00687B,國泰20年美債,32,10,22,新光-新竹,2023-06-15,8563
2610,華航,2866,2459,407,新光-新竹,2023-06-16,8563
00919,群益台灣精選高息,398,108,290,新光-新竹,2023-06-16,8563
2618,長榮航,1935,1754,181,新光-新竹,2023-06-16,8563
2890,永豐金,305,148,157,新光-新竹,2023-06-16,8563
2812,台中銀,281,133,148,新光-新竹,2023-06-16,8563
2105,正新,140,18,122,新光-新竹,2023-06-16,8563
00885,富邦越南,123,9,114,新光-新竹,2023-06-16,8563
00929,復華台灣科技優息,149,38,111,新光-新竹,2023-06-16,8563
00712,復華富時不動產,270,192,78,新光-新竹,2023-06-16,8563
2359,所羅門,150,72,78,新光-新竹,2023-06-16,8563
2353,宏��,120,43,77,新光-新竹,2023-06-16,8563
2547,日勝生,77,0,77,新光-新竹,2023-06-16,8563
0056,元大高股息,133,58,75,新光-新竹,2023-06-16,8563
4967,十銓,104,32,72,新光-新竹,2023-06-16,8563
00669R,國泰美國道瓊反1,70,0,70,新光-新竹,2023-06-16,8563
6869,雲豹能源,107,38,69,新光-新竹,2023-06-16,8563
2542,興富發,63,1,62,新光-新竹,2023-06-16,8563
2885,元大金,62,1,61,新光-新竹,2023-06-16,8563
2834,臺企銀,61,0,61,新光-新竹,2023-06-16,8563
1905,華紙,76,19,57,新光-新竹,2023-06-16,8563
2331,精英,62,7,55,新光-新竹,2023-06-16,8563
1102,亞泥,55,1,54,新光-新竹,2023-06-16,8563
6770,力積電,65,13,52,新光-新竹,2023-06-16,8563
3264,欣銓,58,6,52,新光-新竹,2023-06-16,8563
1815,富喬,202,150,52,新光-新竹,2023-06-16,8563
6219,富旺,50,0,50,新光-新竹,2023-06-16,8563
00751B,元大AAA至A公司債,55,5,50,新光-新竹,2023-06-16,8563
3260,威剛,93,44,49,新光-新竹,2023-06-16,8563
3481,群創,132,85,47,新光-新竹,2023-06-16,8563
3356,奇偶,54,8,46,新光-新竹,2023-06-16,8563
1810,和成,121,77,44,新光-新竹,2023-06-16,8563
2485,兆赫,46,3,43,新光-新竹,2023-06-16,8563
2845,遠東銀,45,3,42,新光-新竹,2023-06-16,8563
3346,麗清,52,12,40,新光-新竹,2023-06-16,8563
2101,南港,56,18,38,新光-新竹,2023-06-16,8563
3022,威強電,47,10,37,新光-新竹,2023-06-16,8563
1503,士電,68,32,36,新光-新竹,2023-06-16,8563
00679B,元大美債20年,37,3,34,新光-新竹,2023-06-16,8563
2882,國泰金,37,4,33,新光-新竹,2023-06-16,8563
1471,首利,33,0,33,新光-新竹,2023-06-16,8563
8210,勤誠,39,8,31,新光-新竹,2023-06-16,8563
6689,伊雲谷,33,2,31,新光-新竹,2023-06-16,8563
4543,萬在,30,0,30,新光-新竹,2023-06-16,8563
3033,威健,32,4,28,新光-新竹,2023-06-16,8563
4961,天鈺,40,14,26,新光-新竹,2023-06-16,8563
3035,智原,59,34,25,新光-新竹,2023-06-16,8563
1477,聚陽,26,1,25,新光-新竹,2023-06-16,8563
2436,偉詮電,28,3,25,新光-新竹,2023-06-16,8563
1789,神隆,38,13,25,新光-新竹,2023-06-16,8563
5483,中美晶,34,9,25,新光-新竹,2023-06-16,8563
00712,復華富時不動產,650,54,596,新光-新竹,2023-06-19,8563
00688L,國泰20年美債正2,461,150,311,新光-新竹,2023-06-19,8563
2618,長榮航,935,688,247,新光-新竹,2023-06-19,8563
2014,中鴻,218,1,217,新光-新竹,2023-06-19,8563
2610,華航,1050,924,126,新光-新竹,2023-06-19,8563
2324,仁寶,145,24,121,新光-新竹,2023-06-19,8563
2441,超豐,90,0,90,新光-新竹,2023-06-19,8563
1528,恩德,97,11,86,新光-新竹,2023-06-19,8563
00680L,元大美債20正2,113,32,81,新光-新竹,2023-06-19,8563
1504,東元,99,24,75,新光-新竹,2023-06-19,8563
2312,金寶,178,105,73,新光-新竹,2023-06-19,8563
2303,聯電,88,21,67,新光-新竹,2023-06-19,8563
00919,群益台灣精選高息,85,21,64,新光-新竹,2023-06-19,8563
1529,樂事綠能,88,26,62,新光-新竹,2023-06-19,8563
2329,華泰,51,0,51,新光-新竹,2023-06-19,8563
00673R,期元大S＆P原油反1,51,0,51,新光-新竹,2023-06-19,8563
6219,富旺,50,0,50,新光-新竹,2023-06-19,8563
6116,彩晶,275,225,50,新光-新竹,2023-06-19,8563
3078,僑威,62,14,48,新光-新竹,2023-06-19,8563
2538,基泰,47,0,47,新光-新竹,2023-06-19,8563
3024,憶聲,47,0,47,新光-新竹,2023-06-19,8563
2515,中工,45,0,45,新光-新竹,2023-06-19,8563
3346,麗清,50,5,45,新光-新竹,2023-06-19,8563
2104,國際中橡,213,168,45,新光-新竹,2023-06-19,8563
6120,達運,99,54,45,新光-新竹,2023-06-19,8563
2353,宏��,50,6,44,新光-新竹,2023-06-19,8563
2888,新光金,61,18,43,新光-新竹,2023-06-19,8563
2107,厚生,40,0,40,新光-新竹,2023-06-19,8563
2359,所羅門,61,21,40,新光-新竹,2023-06-19,8563
3289,宜特,41,2,39,新光-新竹,2023-06-19,8563
2887,台新金,39,2,37,新光-新竹,2023-06-19,8563
2344,華邦電,48,12,36,新光-新竹,2023-06-19,8563
00650L,復華香港正2,35,0,35,新光-新竹,2023-06-19,8563
00882,中信中國高股息,54,21,33,新光-新竹,2023-06-19,8563
3706,神達,62,30,32,新光-新竹,2023-06-19,8563
2436,偉詮電,32,1,31,新光-新竹,2023-06-19,8563
1905,華紙,30,2,28,新光-新竹,2023-06-19,8563
6114,久威,63,35,28,新光-新竹,2023-06-19,8563
2382,廣達,51,23,28,新光-新竹,2023-06-19,8563
2633,台灣高鐵,31,4,27,新光-新竹,2023-06-19,8563
1810,和成,47,21,26,新光-新竹,2023-06-19,8563
5706,鳳凰,42,17,25,新光-新竹,2023-06-19,8563
6118,建達,24,0,24,新光-新竹,2023-06-19,8563
5511,德昌,23,0,23,新光-新竹,2023-06-19,8563
2362,藍天,30,7,23,新光-新竹,2023-06-19,8563
6869,雲豹能源,35,12,23,新光-新竹,2023-06-19,8563
5371,中光電,22,0,22,新光-新竹,2023-06-19,8563
9904,寶成,30,9,21,新光-新竹,2023-06-19,8563
1301,台塑,20,0,20,新光-新竹,2023-06-19,8563
8011,台通,23,3,20,新光-新竹,2023-06-19,8563
2323,中環,897,142,755,新光-新竹,2023-06-20,8563
00688L,國泰20年美債正2,261,0,261,新光-新竹,2023-06-20,8563
00929,復華台灣科技優息,235,7,228,新光-新竹,2023-06-20,8563
2610,華航,975,793,182,新光-新竹,2023-06-20,8563
2618,長榮航,600,469,131,新光-新竹,2023-06-20,8563
00720B,元大投資級公司債,144,46,98,新光-新竹,2023-06-20,8563
00687B,國泰20年美債,78,6,72,新光-新竹,2023-06-20,8563
8222,寶一,140,70,70,新光-新竹,2023-06-20,8563
00680L,元大美債20正2,92,25,67,新光-新竹,2023-06-20,8563
00679B,元大美債20年,67,1,66,新光-新竹,2023-06-20,8563
1504,東元,115,51,64,新光-新竹,2023-06-20,8563
1802,台玻,58,0,58,新光-新竹,2023-06-20,8563
00671R,富邦NASDAQ反1,50,0,50,新光-新竹,2023-06-20,8563
2359,所羅門,61,11,50,新光-新竹,2023-06-20,8563
3264,欣銓,60,11,49,新光-新竹,2023-06-20,8563
6282,康舒,61,12,49,新光-新竹,2023-06-20,8563
5706,鳳凰,98,50,48,新光-新竹,2023-06-20,8563
2454,聯發科,59,14,45,新光-新竹,2023-06-20,8563
6116,彩晶,63,25,38,新光-新竹,2023-06-20,8563
5876,上海商銀,35,0,35,新光-新竹,2023-06-20,8563
2845,遠東銀,35,1,34,新光-新竹,2023-06-20,8563
00882,中信中國高股息,37,5,32,新光-新竹,2023-06-20,8563
3289,宜特,35,3,32,新光-新竹,2023-06-20,8563
00632R,元大台灣50反1,40,9,31,新光-新竹,2023-06-20,8563
1904,正隆,31,1,30,新光-新竹,2023-06-20,8563
6279,胡連,41,14,27,新光-新竹,2023-06-20,8563
4934,太極,30,3,27,新光-新竹,2023-06-20,8563
2337,旺宏,27,0,27,新光-新竹,2023-06-20,8563
1905,華紙,50,24,26,新光-新竹,2023-06-20,8563
3217,優群,44,18,26,新光-新竹,2023-06-20,8563
2408,南亞科,29,4,25,新光-新竹,2023-06-20,8563
5222,全訊,25,0,25,新光-新竹,2023-06-20,8563
2538,基泰,25,0,25,新光-新竹,2023-06-20,8563
2441,超豐,25,0,25,新光-新竹,2023-06-20,8563
3078,僑威,70,45,25,新光-新竹,2023-06-20,8563
8210,勤誠,37,14,23,新光-新竹,2023-06-20,8563
2892,第一金,51,30,21,新光-新竹,2023-06-20,8563
2457,飛宏,45,24,21,新光-新竹,2023-06-20,8563
1529,樂事綠能,50,30,20,新光-新竹,2023-06-20,8563
8110,華東,20,0,20,新光-新竹,2023-06-20,8563
3290,東浦,20,0,20,新光-新竹,2023-06-20,8563
2482,連宇,53,33,20,新光-新竹,2023-06-20,8563
6244,茂迪,146,128,18,新光-新竹,2023-06-20,8563
8011,台通,26,8,18,新光-新竹,2023-06-20,8563
6509,聚和,18,0,18,新光-新竹,2023-06-20,8563
00637L,元大滬深300正2,61,43,18,新光-新竹,2023-06-20,8563
9945,潤泰新,25,7,18,新光-新竹,2023-06-20,8563
2461,光群雷,18,1,17,新光-新竹,2023-06-20,8563
4977,眾達-KY,19,2,17,新光-新竹,2023-06-20,8563
00724B,群益投資級金融債,17,0,17,新光-新竹,2023-06-20,8563
5426,振發,430,18,412,新光-新竹,2023-06-21,8563
2371,大同,527,399,128,新光-新竹,2023-06-21,8563
2014,中鴻,128,6,122,新光-新竹,2023-06-21,8563
4916,事欣科,220,129,91,新光-新竹,2023-06-21,8563
1504,東元,134,49,85,新光-新竹,2023-06-21,8563
2303,聯電,101,24,77,新光-新竹,2023-06-21,8563
00665L,富邦�琤肭磪囓�2,75,0,75,新光-新竹,2023-06-21,8563
4979,華星光,145,72,73,新光-新竹,2023-06-21,8563
3290,東浦,70,0,70,新光-新竹,2023-06-21,8563
00679B,元大美債20年,77,13,64,新光-新竹,2023-06-21,8563
2356,英業達,184,122,62,新光-新竹,2023-06-21,8563
00882,中信中國高股息,51,0,51,新光-新竹,2023-06-21,8563
2388,威盛,50,4,46,新光-新竹,2023-06-21,8563
6203,海韻電,56,12,44,新光-新竹,2023-06-21,8563
2609,陽明,104,61,43,新光-新竹,2023-06-21,8563
00733,富邦臺灣中小,40,1,39,新光-新竹,2023-06-21,8563
2603,長榮,62,25,37,新光-新竹,2023-06-21,8563
8147,正淩,44,10,34,新光-新竹,2023-06-21,8563
3049,精金,37,3,34,新光-新竹,2023-06-21,8563
2706,第一店,51,17,34,新光-新竹,2023-06-21,8563
5511,德昌,32,0,32,新光-新竹,2023-06-21,8563
2312,金寶,41,10,31,新光-新竹,2023-06-21,8563
6282,康舒,50,22,28,新光-新竹,2023-06-21,8563
5871,中租-KY,56,29,27,新光-新竹,2023-06-21,8563
00772B,中信高評級公司債,30,3,27,新光-新竹,2023-06-21,8563
8210,勤誠,114,87,27,新光-新竹,2023-06-21,8563
5465,富驊,54,27,27,新光-新竹,2023-06-21,8563
3356,奇偶,32,5,27,新光-新竹,2023-06-21,8563
3013,晟銘電,108,81,27,新光-新竹,2023-06-21,8563
3693,營邦,67,41,26,新光-新竹,2023-06-21,8563
6120,達運,74,48,26,新光-新竹,2023-06-21,8563
1340,勝悅-KY,26,0,26,新光-新竹,2023-06-21,8563
2634,漢翔,137,112,25,新光-新竹,2023-06-21,8563
00753L,中信中國50正2,36,12,24,新光-新竹,2023-06-21,8563
2405,輔信,67,43,24,新光-新竹,2023-06-21,8563
8069,元太,26,3,23,新光-新竹,2023-06-21,8563
00891,中信關鍵半導體,22,0,22,新光-新竹,2023-06-21,8563
2104,國際中橡,32,10,22,新光-新竹,2023-06-21,8563
3665,貿聯-KY,25,3,22,新光-新竹,2023-06-21,8563
00633L,富邦上証正2,21,0,21,新光-新竹,2023-06-21,8563
2009,第一銅,20,0,20,新光-新竹,2023-06-21,8563
00692,富邦公司治理,20,0,20,新光-新竹,2023-06-21,8563
00671R,富邦NASDAQ反1,30,10,20,新光-新竹,2023-06-21,8563
5381,合正,20,0,20,新光-新竹,2023-06-21,8563
1464,得力,20,0,20,新光-新竹,2023-06-21,8563
00710B,復華彭博非投等債,20,0,20,新光-新竹,2023-06-21,8563
6118,建達,20,0,20,新光-新竹,2023-06-21,8563
1609,大亞,26,6,20,新光-新竹,2023-06-21,8563
2317,鴻海,36,16,20,新光-新竹,2023-06-21,8563
6147,頎邦,19,0,19,新光-新竹,2023-06-21,8563
00715L,期街口布蘭特正2,317,47,270,新光-新竹,2023-06-26,8563
00712,復華富時不動產,374,132,242,新光-新竹,2023-06-26,8563
4543,萬在,187,48,139,新光-新竹,2023-06-26,8563
00882,中信中國高股息,147,15,132,新光-新竹,2023-06-26,8563
00877,復華中國5G,120,9,111,新光-新竹,2023-06-26,8563
3481,群創,214,108,106,新光-新竹,2023-06-26,8563
2887,台新金,105,22,83,新光-新竹,2023-06-26,8563
4916,事欣科,162,96,66,新光-新竹,2023-06-26,8563
2748,雲品,96,31,65,新光-新竹,2023-06-26,8563
00637L,元大滬深300正2,166,103,63,新光-新竹,2023-06-26,8563
6120,達運,141,84,57,新光-新竹,2023-06-26,8563
2801,彰銀,54,0,54,新光-新竹,2023-06-26,8563
00665L,富邦�琤肭磪囓�2,50,0,50,新光-新竹,2023-06-26,8563
6282,康舒,75,26,49,新光-新竹,2023-06-26,8563
6288,聯嘉,58,11,47,新光-新竹,2023-06-26,8563
00633L,富邦上証正2,48,1,47,新光-新竹,2023-06-26,8563
00642U,期元大S＆P石油,47,1,46,新光-新竹,2023-06-26,8563
2913,農林,54,15,39,新光-新竹,2023-06-26,8563
2312,金寶,42,4,38,新光-新竹,2023-06-26,8563
3231,緯創,374,339,35,新光-新竹,2023-06-26,8563
00706L,期元大S＆P日圓正2,34,0,34,新光-新竹,2023-06-26,8563
2409,友達,108,76,32,新光-新竹,2023-06-26,8563
3207,耀勝,34,2,32,新光-新竹,2023-06-26,8563
2344,華邦電,61,32,29,新光-新竹,2023-06-26,8563
5258,虹堡,40,11,29,新光-新竹,2023-06-26,8563
5876,上海商銀,29,0,29,新光-新竹,2023-06-26,8563
4979,華星光,59,31,28,新光-新竹,2023-06-26,8563
3346,麗清,33,5,28,新光-新竹,2023-06-26,8563
2324,仁寶,49,22,27,新光-新竹,2023-06-26,8563
2412,中華電,26,0,26,新光-新竹,2023-06-26,8563
00753L,中信中國50正2,33,8,25,新光-新竹,2023-06-26,8563
6657,華安,25,0,25,新光-新竹,2023-06-26,8563
2891,中信金,57,32,25,新光-新竹,2023-06-26,8563
00679B,元大美債20年,30,7,23,新光-新竹,2023-06-26,8563
8072,陞泰,23,0,23,新光-新竹,2023-06-26,8563
00655L,國泰中國A50正2,23,0,23,新光-新竹,2023-06-26,8563
3015,全漢,21,0,21,新光-新竹,2023-06-26,8563
1605,華新,22,2,20,新光-新竹,2023-06-26,8563
1460,宏遠,20,0,20,新光-新竹,2023-06-26,8563
6113,亞矽,20,0,20,新光-新竹,2023-06-26,8563
6196,帆宣,20,0,20,新光-新竹,2023-06-26,8563
2014,中鴻,20,1,19,新光-新竹,2023-06-26,8563
6214,精誠,20,1,19,新光-新竹,2023-06-26,8563
2457,飛宏,46,28,18,新光-新竹,2023-06-26,8563
1785,光洋科,20,3,17,新光-新竹,2023-06-26,8563
0056,元大高股息,92,75,17,新光-新竹,2023-06-26,8563
3587,閎康,17,1,16,新光-新竹,2023-06-26,8563
2002,中鋼,17,1,16,新光-新竹,2023-06-26,8563
2349,錸德,16,0,16,新光-新竹,2023-06-26,8563
3712,永崴投控,21,5,16,新光-新竹,2023-06-26,8563
00720B,元大投資級公司債,533,15,518,新光-新竹,2023-06-27,8563
2618,長榮航,1047,731,316,新光-新竹,2023-06-27,8563
2610,華航,760,520,240,新光-新竹,2023-06-27,8563
00688L,國泰20年美債正2,193,20,173,新光-新竹,2023-06-27,8563
00878,國泰永續高股息,306,133,173,新光-新竹,2023-06-27,8563
0056,元大高股息,214,48,166,新光-新竹,2023-06-27,8563
2812,台中銀,240,94,146,新光-新竹,2023-06-27,8563
00680L,元大美債20正2,152,14,138,新光-新竹,2023-06-27,8563
00753L,中信中國50正2,132,0,132,新光-新竹,2023-06-27,8563
2323,中環,196,80,116,新光-新竹,2023-06-27,8563
3346,麗清,110,3,107,新光-新竹,2023-06-27,8563
6657,華安,109,10,99,新光-新竹,2023-06-27,8563
6244,茂迪,136,48,88,新光-新竹,2023-06-27,8563
00891,中信關鍵半導體,90,5,85,新光-新竹,2023-06-27,8563
2303,聯電,110,27,83,新光-新竹,2023-06-27,8563
6188,廣明,129,52,77,新光-新竹,2023-06-27,8563
8110,華東,70,0,70,新光-新竹,2023-06-27,8563
2883,凱基金,74,4,70,新光-新竹,2023-06-27,8563
00929,復華台灣科技優息,71,8,63,新光-新竹,2023-06-27,8563
2515,中工,73,13,60,新光-新竹,2023-06-27,8563
00713,元大台灣高息低波,62,9,53,新光-新竹,2023-06-27,8563
2014,中鴻,59,10,49,新光-新竹,2023-06-27,8563
6125,廣運,76,32,44,新光-新竹,2023-06-27,8563
2344,華邦電,58,14,44,新光-新竹,2023-06-27,8563
6869,雲豹能源,86,43,43,新光-新竹,2023-06-27,8563
1785,光洋科,46,3,43,新光-新竹,2023-06-27,8563
2340,台亞,183,141,42,新光-新竹,2023-06-27,8563
2885,元大金,47,6,41,新光-新竹,2023-06-27,8563
2888,新光金,46,7,39,新光-新竹,2023-06-27,8563
2324,仁寶,41,3,38,新光-新竹,2023-06-27,8563
0050,元大台灣50,37,2,35,新光-新竹,2023-06-27,8563
8105,凌巨,32,1,31,新光-新竹,2023-06-27,8563
8093,保銳,31,0,31,新光-新竹,2023-06-27,8563
00919,群益台灣精選高息,39,9,30,新光-新竹,2023-06-27,8563
5222,全訊,30,0,30,新光-新竹,2023-06-27,8563
8072,陞泰,35,6,29,新光-新竹,2023-06-27,8563
5388,中磊,28,1,27,新光-新竹,2023-06-27,8563
2317,鴻海,63,38,25,新光-新竹,2023-06-27,8563
00877,復華中國5G,30,5,25,新光-新竹,2023-06-27,8563
3149,正達,25,0,25,新光-新竹,2023-06-27,8563
4533,協易機,42,17,25,新光-新竹,2023-06-27,8563
8150,南茂,25,0,25,新光-新竹,2023-06-27,8563
3481,群創,118,95,23,新光-新竹,2023-06-27,8563
4167,松瑞藥,24,1,23,新光-新竹,2023-06-27,8563
00772B,中信高評級公司債,35,12,23,新光-新竹,2023-06-27,8563
2352,佳世達,33,11,22,新光-新竹,2023-06-27,8563
2312,金寶,24,3,21,新光-新竹,2023-06-27,8563
00725B,國泰投資級公司債,29,9,20,新光-新竹,2023-06-27,8563
5284,jpp-KY,20,0,20,新光-新竹,2023-06-27,8563
00636,國泰中國A50,20,0,20,新光-新竹,2023-06-27,8563
00715L,期街口布蘭特正2,1172,94,1078,新光-新竹,2023-06-28,8563
2884,玉山金,288,6,282,新光-新竹,2023-06-28,8563
00753L,中信中國50正2,100,0,100,新光-新竹,2023-06-28,8563
1605,華新,224,150,74,新光-新竹,2023-06-28,8563
1528,恩德,81,10,71,新光-新竹,2023-06-28,8563
1444,力麗,70,5,65,新光-新竹,2023-06-28,8563
8299,群聯,67,3,64,新光-新竹,2023-06-28,8563
00642U,期元大S＆P石油,62,0,62,新光-新竹,2023-06-28,8563
00919,群益台灣精選高息,60,4,56,新光-新竹,2023-06-28,8563
6126,信音,55,0,55,新光-新竹,2023-06-28,8563
2014,中鴻,68,15,53,新光-新竹,2023-06-28,8563
00921,兆豐龍頭等權重,52,0,52,新光-新竹,2023-06-28,8563
3005,神基,50,1,49,新光-新竹,2023-06-28,8563
6869,雲豹能源,81,34,47,新光-新竹,2023-06-28,8563
6120,達運,50,4,46,新光-新竹,2023-06-28,8563
1584,精剛,44,0,44,新光-新竹,2023-06-28,8563
2368,金像電,59,18,41,新光-新竹,2023-06-28,8563
00636,國泰中國A50,40,0,40,新光-新竹,2023-06-28,8563
4916,事欣科,53,13,40,新光-新竹,2023-06-28,8563
6116,彩晶,50,14,36,新光-新竹,2023-06-28,8563
6592,和潤企業,36,0,36,新光-新竹,2023-06-28,8563
3533,嘉澤,35,1,34,新光-新竹,2023-06-28,8563
3481,群創,32,3,29,新光-新竹,2023-06-28,8563
00706L,期元大S＆P日圓正2,26,0,26,新光-新竹,2023-06-28,8563
2906,高林,28,2,26,新光-新竹,2023-06-28,8563
4744,皇將,30,5,25,新光-新竹,2023-06-28,8563
4157,太景*-KY,56,31,25,新光-新竹,2023-06-28,8563
2331,精英,34,10,24,新光-新竹,2023-06-28,8563
5706,鳳凰,46,24,22,新光-新竹,2023-06-28,8563
2913,農林,22,1,21,新光-新竹,2023-06-28,8563
2402,毅嘉,24,3,21,新光-新竹,2023-06-28,8563
1810,和成,20,0,20,新光-新竹,2023-06-28,8563
3094,聯傑,20,0,20,新光-新竹,2023-06-28,8563
00687B,國泰20年美債,19,0,19,新光-新竹,2023-06-28,8563
1464,得力,21,2,19,新光-新竹,2023-06-28,8563
1904,正隆,30,12,18,新光-新竹,2023-06-28,8563
2706,第一店,18,0,18,新光-新竹,2023-06-28,8563
00902,中信電池及儲能,17,1,16,新光-新竹,2023-06-28,8563
8050,廣積,19,3,16,新光-新竹,2023-06-28,8563
00688L,國泰20年美債正2,16,0,16,新光-新竹,2023-06-28,8563
2412,中華電,22,6,16,新光-新竹,2023-06-28,8563
00631L,元大台灣50正2,18,3,15,新光-新竹,2023-06-28,8563
3680,家登,15,0,15,新光-新竹,2023-06-28,8563
1609,大亞,54,39,15,新光-新竹,2023-06-28,8563
1711,永光,15,0,15,新光-新竹,2023-06-28,8563
2702,華園,20,5,15,新光-新竹,2023-06-28,8563
3011,今皓,34,20,14,新光-新竹,2023-06-28,8563
4977,眾達-KY,24,10,14,新光-新竹,2023-06-28,8563
2442,新美齊,14,0,14,新光-新竹,2023-06-28,8563
2009,第一銅,15,1,14,新光-新竹,2023-06-28,8563
00632R,元大台灣50反1,461,170,291,新光-新竹,2023-06-29,8563
4414,如興,306,57,249,新光-新竹,2023-06-29,8563
00882,中信中國高股息,98,3,95,新光-新竹,2023-06-29,8563
2317,鴻海,168,74,94,新光-新竹,2023-06-29,8563
2303,聯電,94,10,84,新光-新竹,2023-06-29,8563
1605,華新,94,18,76,新光-新竹,2023-06-29,8563
00888,永豐台灣ESG,69,1,68,新光-新竹,2023-06-29,8563
6592,和潤企業,65,0,65,新光-新竹,2023-06-29,8563
00753L,中信中國50正2,42,0,42,新光-新竹,2023-06-29,8563
3078,僑威,41,0,41,新光-新竹,2023-06-29,8563
1727,中華化,51,14,37,新光-新竹,2023-06-29,8563
3217,優群,41,6,35,新光-新竹,2023-06-29,8563
5263,智崴,38,3,35,新光-新竹,2023-06-29,8563
9945,潤泰新,32,0,32,新光-新竹,2023-06-29,8563
4168,醣聯,32,0,32,新光-新竹,2023-06-29,8563
6142,友勁,30,0,30,新光-新竹,2023-06-29,8563
2419,仲琦,151,122,29,新光-新竹,2023-06-29,8563
2412,中華電,28,2,26,新光-新竹,2023-06-29,8563
00637L,元大滬深300正2,336,310,26,新光-新竹,2023-06-29,8563
00794B,群益7+中國政金債,25,0,25,新光-新竹,2023-06-29,8563
00706L,期元大S＆P日圓正2,25,0,25,新光-新竹,2023-06-29,8563
00919,群益台灣精選高息,44,20,24,新光-新竹,2023-06-29,8563
2478,大毅,23,0,23,新光-新竹,2023-06-29,8563
2331,精英,42,19,23,新光-新竹,2023-06-29,8563
00893,國泰智能電動車,24,1,23,新光-新竹,2023-06-29,8563
3591,艾笛森,34,12,22,新光-新竹,2023-06-29,8563
2734,易飛網,23,2,21,新光-新竹,2023-06-29,8563
2323,中環,37,17,20,新光-新竹,2023-06-29,8563
00665L,富邦�琤肭磪囓�2,20,0,20,新光-新竹,2023-06-29,8563
6126,信音,20,0,20,新光-新竹,2023-06-29,8563
2353,宏��,21,1,20,新光-新竹,2023-06-29,8563
1789,神隆,30,11,19,新光-新竹,2023-06-29,8563
8234,新漢,19,0,19,新光-新竹,2023-06-29,8563
2458,義隆,30,12,18,新光-新竹,2023-06-29,8563
1905,華紙,38,20,18,新光-新竹,2023-06-29,8563
00636,國泰中國A50,18,0,18,新光-新竹,2023-06-29,8563
2867,三商壽,19,1,18,新光-新竹,2023-06-29,8563
6191,精成科,21,3,18,新光-新竹,2023-06-29,8563
6125,廣運,20,3,17,新光-新竹,2023-06-29,8563
2340,台亞,25,9,16,新光-新竹,2023-06-29,8563
00795B,中信美國公債20年,16,0,16,新光-新竹,2023-06-29,8563
4563,百德,42,26,16,新光-新竹,2023-06-29,8563
2906,高林,27,11,16,新光-新竹,2023-06-29,8563
6243,迅杰,17,1,16,新光-新竹,2023-06-29,8563
3231,緯創,490,475,15,新光-新竹,2023-06-29,8563
00664R,國泰臺灣加權反1,25,10,15,新光-新竹,2023-06-29,8563
4113,聯上,14,0,14,新光-新竹,2023-06-29,8563
2913,農林,16,2,14,新光-新竹,2023-06-29,8563
006208,富邦台50,15,2,13,新光-新竹,2023-06-29,8563
5439,高技,13,0,13,新光-新竹,2023-06-29,8563
00687B,國泰20年美債,485,2,483,新光-新竹,2023-06-30,8563
4532,瑞智,474,6,468,新光-新竹,2023-06-30,8563
00688L,國泰20年美債正2,406,0,406,新光-新竹,2023-06-30,8563
00680L,元大美債20正2,376,20,356,新光-新竹,2023-06-30,8563
00632R,元大台灣50反1,471,168,303,新光-新竹,2023-06-30,8563
2618,長榮航,737,601,136,新光-新竹,2023-06-30,8563
8210,勤誠,208,84,124,新光-新竹,2023-06-30,8563
2344,華邦電,147,34,113,新光-新竹,2023-06-30,8563
2603,長榮,214,104,110,新光-新竹,2023-06-30,8563
00665L,富邦�琤肭磪囓�2,105,0,105,新光-新竹,2023-06-30,8563
3037,欣興,113,9,104,新光-新竹,2023-06-30,8563
00885,富邦越南,99,12,87,新光-新竹,2023-06-30,8563
4102,永日,93,6,87,新光-新竹,2023-06-30,8563
3231,緯創,515,436,79,新光-新竹,2023-06-30,8563
2888,新光金,87,21,66,新光-新竹,2023-06-30,8563
00878,國泰永續高股息,87,22,65,新光-新竹,2023-06-30,8563
00679B,元大美債20年,67,3,64,新光-新竹,2023-06-30,8563
3711,日月光投控,61,1,60,新光-新竹,2023-06-30,8563
2419,仲琦,127,70,57,新光-新竹,2023-06-30,8563
0056,元大高股息,93,40,53,新光-新竹,2023-06-30,8563
1909,榮成,54,2,52,新光-新竹,2023-06-30,8563
00720B,元大投資級公司債,101,50,51,新光-新竹,2023-06-30,8563
2332,友訊,53,2,51,新光-新竹,2023-06-30,8563
4123,晟德,53,2,51,新光-新竹,2023-06-30,8563
00676R,富邦臺灣加權反1,50,0,50,新光-新竹,2023-06-30,8563
3481,群創,53,10,43,新光-新竹,2023-06-30,8563
00877,復華中國5G,42,0,42,新光-新竹,2023-06-30,8563
00772B,中信高評級公司債,41,2,39,新光-新竹,2023-06-30,8563
5263,智崴,39,0,39,新光-新竹,2023-06-30,8563
2324,仁寶,37,2,35,新光-新竹,2023-06-30,8563
00753L,中信中國50正2,37,5,32,新光-新竹,2023-06-30,8563
2353,宏��,35,4,31,新光-新竹,2023-06-30,8563
3260,威剛,55,24,31,新光-新竹,2023-06-30,8563
3045,台灣大,30,0,30,新光-新竹,2023-06-30,8563
1517,利奇,30,0,30,新光-新竹,2023-06-30,8563
3217,優群,36,7,29,新光-新竹,2023-06-30,8563
1217,愛之味,61,32,29,新光-新竹,2023-06-30,8563
3591,艾笛森,38,11,27,新光-新竹,2023-06-30,8563
00795B,中信美國公債20年,30,4,26,新光-新竹,2023-06-30,8563
3207,耀勝,287,261,26,新光-新竹,2023-06-30,8563
4564,元翎,25,0,25,新光-新竹,2023-06-30,8563
2376,技嘉,79,54,25,新光-新竹,2023-06-30,8563
6153,嘉聯益,88,64,24,新光-新竹,2023-06-30,8563
4190,佐登-KY,31,9,22,新光-新竹,2023-06-30,8563
0050,元大台灣50,23,1,22,新光-新竹,2023-06-30,8563
3034,聯詠,31,11,20,新光-新竹,2023-06-30,8563
4155,訊映,81,61,20,新光-新竹,2023-06-30,8563
6026,福邦證,21,2,19,新光-新竹,2023-06-30,8563
4763,材料-KY,38,19,19,新光-新竹,2023-06-30,8563
4108,懷特,19,0,19,新光-新竹,2023-06-30,8563
00632R,元大台灣50反1,560,215,345,新光-新竹,2023-07-03,8563
4532,瑞智,278,45,233,新光-新竹,2023-07-03,8563
4414,如興,228,3,225,新光-新竹,2023-07-03,8563
3290,東浦,136,0,136,新光-新竹,2023-07-03,8563
00712,復華富時不動產,177,52,125,新光-新竹,2023-07-03,8563
2301,光寶科,159,40,119,新光-新竹,2023-07-03,8563
00664R,國泰臺灣加權反1,113,0,113,新光-新竹,2023-07-03,8563
2883,凱基金,99,5,94,新光-新竹,2023-07-03,8563
2303,聯電,94,2,92,新光-新竹,2023-07-03,8563
1528,恩德,113,27,86,新光-新竹,2023-07-03,8563
2615,萬海,161,77,84,新光-新竹,2023-07-03,8563
3483,力致,116,36,80,新光-新竹,2023-07-03,8563
3003,健和興,54,1,53,新光-新竹,2023-07-03,8563
3346,麗清,51,5,46,新光-新竹,2023-07-03,8563
2382,廣達,167,124,43,新光-新竹,2023-07-03,8563
9904,寶成,43,2,41,新光-新竹,2023-07-03,8563
00888,永豐台灣ESG,40,0,40,新光-新竹,2023-07-03,8563
2206,三陽工業,85,45,40,新光-新竹,2023-07-03,8563
5864,致和證,39,1,38,新光-新竹,2023-07-03,8563
1611,中電,54,16,38,新光-新竹,2023-07-03,8563
00929,復華台灣科技優息,51,13,38,新光-新竹,2023-07-03,8563
3231,緯創,387,350,37,新光-新竹,2023-07-03,8563
8429,金麗-KY,36,0,36,新光-新竹,2023-07-03,8563
00676R,富邦臺灣加權反1,32,0,32,新光-新竹,2023-07-03,8563
2201,裕隆,34,2,32,新光-新竹,2023-07-03,8563
2331,精英,239,209,30,新光-新竹,2023-07-03,8563
2633,台灣高鐵,42,14,28,新光-新竹,2023-07-03,8563
2332,友訊,41,13,28,新光-新竹,2023-07-03,8563
2317,鴻海,98,72,26,新光-新竹,2023-07-03,8563
5328,華容,26,0,26,新光-新竹,2023-07-03,8563
2383,台光電,32,6,26,新光-新竹,2023-07-03,8563
3596,智易,45,19,26,新光-新竹,2023-07-03,8563
1609,大亞,48,23,25,新光-新竹,2023-07-03,8563
2329,華泰,25,2,23,新光-新竹,2023-07-03,8563
2427,三商電,35,12,23,新光-新竹,2023-07-03,8563
3675,德微,25,3,22,新光-新竹,2023-07-03,8563
4533,協易機,21,0,21,新光-新竹,2023-07-03,8563
2603,長榮,189,168,21,新光-新竹,2023-07-03,8563
2501,國建,20,0,20,新光-新竹,2023-07-03,8563
3202,樺晟,20,1,19,新光-新竹,2023-07-03,8563
2409,友達,34,16,18,新光-新竹,2023-07-03,8563
00706L,期元大S＆P日圓正2,18,0,18,新光-新竹,2023-07-03,8563
1460,宏遠,20,2,18,新光-新竹,2023-07-03,8563
3257,虹冠電,18,0,18,新光-新竹,2023-07-03,8563
2886,兆豐金,20,3,17,新光-新竹,2023-07-03,8563
3092,鴻碩,28,11,17,新光-新竹,2023-07-03,8563
3694,海華,17,0,17,新光-新竹,2023-07-03,8563
1504,東元,22,5,17,新光-新竹,2023-07-03,8563
5443,均豪,17,0,17,新光-新竹,2023-07-03,8563
5230,雷笛克光學,21,4,17,新光-新竹,2023-07-03,8563
3481,群創,376,52,324,新光-新竹,2023-07-04,8563
00680L,元大美債20正2,325,110,215,新光-新竹,2023-07-04,8563
2317,鴻海,325,127,198,新光-新竹,2023-07-04,8563
00929,復華台灣科技優息,207,36,171,新光-新竹,2023-07-04,8563
2883,凱基金,176,8,168,新光-新竹,2023-07-04,8563
0056,元大高股息,410,259,151,新光-新竹,2023-07-04,8563
2888,新光金,127,26,101,新光-新竹,2023-07-04,8563
8411,福貞-KY,100,1,99,新光-新竹,2023-07-04,8563
00715L,期街口布蘭特正2,119,22,97,新光-新竹,2023-07-04,8563
2603,長榮,867,771,96,新光-新竹,2023-07-04,8563
1605,華新,133,42,91,新光-新竹,2023-07-04,8563
3290,東浦,95,5,90,新光-新竹,2023-07-04,8563
4167,松瑞藥,80,0,80,新光-新竹,2023-07-04,8563
3704,合勤控,274,201,73,新光-新竹,2023-07-04,8563
4155,訊映,93,26,67,新光-新竹,2023-07-04,8563
6187,萬潤,85,23,62,新光-新竹,2023-07-04,8563
00712,復華富時不動產,91,30,61,新光-新竹,2023-07-04,8563
3346,麗清,77,20,57,新光-新竹,2023-07-04,8563
3518,柏騰,55,2,53,新光-新竹,2023-07-04,8563
2609,陽明,322,272,50,新光-新竹,2023-07-04,8563
5009,榮剛,53,13,40,新光-新竹,2023-07-04,8563
4532,瑞智,50,12,38,新光-新竹,2023-07-04,8563
3037,欣興,46,11,35,新光-新竹,2023-07-04,8563
2382,廣達,331,296,35,新光-新竹,2023-07-04,8563
6188,廣明,159,125,34,新光-新竹,2023-07-04,8563
5511,德昌,34,0,34,新光-新竹,2023-07-04,8563
2359,所羅門,33,0,33,新光-新竹,2023-07-04,8563
00720B,元大投資級公司債,44,12,32,新光-新竹,2023-07-04,8563
6124,業強,34,2,32,新光-新竹,2023-07-04,8563
8215,明基材,36,4,32,新光-新竹,2023-07-04,8563
2636,台驊控股,32,1,31,新光-新竹,2023-07-04,8563
1760,寶齡富錦,49,20,29,新光-新竹,2023-07-04,8563
5522,遠雄,51,22,29,新光-新竹,2023-07-04,8563
2890,永豐金,250,221,29,新光-新竹,2023-07-04,8563
9945,潤泰新,29,1,28,新光-新竹,2023-07-04,8563
4960,誠美材,31,3,28,新光-新竹,2023-07-04,8563
4157,太景*-KY,36,9,27,新光-新竹,2023-07-04,8563
9904,寶成,28,2,26,新光-新竹,2023-07-04,8563
1905,華紙,108,82,26,新光-新竹,2023-07-04,8563
2354,鴻準,34,9,25,新光-新竹,2023-07-04,8563
3011,今皓,25,0,25,新光-新竹,2023-07-04,8563
3206,志豐,26,2,24,新光-新竹,2023-07-04,8563
4108,懷特,24,0,24,新光-新竹,2023-07-04,8563
1301,台塑,23,0,23,新光-新竹,2023-07-04,8563
1504,東元,25,2,23,新光-新竹,2023-07-04,8563
4906,正文,39,16,23,新光-新竹,2023-07-04,8563
3169,亞信,25,3,22,新光-新竹,2023-07-04,8563
3042,晶技,22,0,22,新光-新竹,2023-07-04,8563
4746,台耀,26,5,21,新光-新竹,2023-07-04,8563
4102,永日,31,10,21,新光-新竹,2023-07-04,8563
2929,淘帝-KY,282,0,282,新光-新竹,2023-07-05,8563
00665L,富邦�琤肭磪囓�2,320,40,280,新光-新竹,2023-07-05,8563
00929,復華台灣科技優息,281,45,236,新光-新竹,2023-07-05,8563
0056,元大高股息,343,129,214,新光-新竹,2023-07-05,8563
00669R,國泰美國道瓊反1,210,2,208,新光-新竹,2023-07-05,8563
00753L,中信中國50正2,160,20,140,新光-新竹,2023-07-05,8563
2609,陽明,312,198,114,新光-新竹,2023-07-05,8563
2317,鴻海,249,141,108,新光-新竹,2023-07-05,8563
2356,英業達,215,125,90,新光-新竹,2023-07-05,8563
00632R,元大台灣50反1,163,74,89,新光-新竹,2023-07-05,8563
1605,華新,77,4,73,新光-新竹,2023-07-05,8563
3450,聯鈞,73,1,72,新光-新竹,2023-07-05,8563
00671R,富邦NASDAQ反1,70,0,70,新光-新竹,2023-07-05,8563
2323,中環,128,59,69,新光-新竹,2023-07-05,8563
00688L,國泰20年美債正2,115,50,65,新光-新竹,2023-07-05,8563
00882,中信中國高股息,84,22,62,新光-新竹,2023-07-05,8563
6188,廣明,87,30,57,新光-新竹,2023-07-05,8563
6016,康和證,56,0,56,新光-新竹,2023-07-05,8563
4532,瑞智,74,24,50,新光-新竹,2023-07-05,8563
8105,凌巨,51,1,50,新光-新竹,2023-07-05,8563
2393,億光,53,3,50,新光-新竹,2023-07-05,8563
00679B,元大美債20年,63,14,49,新光-新竹,2023-07-05,8563
2427,三商電,146,99,47,新光-新竹,2023-07-05,8563
2845,遠東銀,113,68,45,新光-新竹,2023-07-05,8563
2888,新光金,46,3,43,新光-新竹,2023-07-05,8563
00673R,期元大S＆P原油反1,43,0,43,新光-新竹,2023-07-05,8563
1504,東元,43,2,41,新光-新竹,2023-07-05,8563
8429,金麗-KY,40,0,40,新光-新竹,2023-07-05,8563
1611,中電,44,7,37,新光-新竹,2023-07-05,8563
4414,如興,44,7,37,新光-新竹,2023-07-05,8563
00720B,元大投資級公司債,37,1,36,新光-新竹,2023-07-05,8563
2883B,凱基金乙特,36,0,36,新光-新竹,2023-07-05,8563
2883,凱基金,38,2,36,新光-新竹,2023-07-05,8563
3706,神達,58,24,34,新光-新竹,2023-07-05,8563
4102,永日,42,8,34,新光-新竹,2023-07-05,8563
2369,菱生,44,11,33,新光-新竹,2023-07-05,8563
00712,復華富時不動產,52,20,32,新光-新竹,2023-07-05,8563
5289,宜鼎,30,0,30,新光-新竹,2023-07-05,8563
2303,聯電,44,16,28,新光-新竹,2023-07-05,8563
4979,華星光,395,367,28,新光-新竹,2023-07-05,8563
3083,網龍,34,6,28,新光-新竹,2023-07-05,8563
9945,潤泰新,31,4,27,新光-新竹,2023-07-05,8563
3055,蔚華科,33,7,26,新光-新竹,2023-07-05,8563
2413,環科,36,10,26,新光-新竹,2023-07-05,8563
2867,三商壽,30,5,25,新光-新竹,2023-07-05,8563
3090,日電貿,25,0,25,新光-新竹,2023-07-05,8563
5443,均豪,24,0,24,新光-新竹,2023-07-05,8563
8411,福貞-KY,24,0,24,新光-新竹,2023-07-05,8563
00692,富邦公司治理,23,0,23,新光-新竹,2023-07-05,8563
2634,漢翔,46,23,23,新光-新竹,2023-07-05,8563
2887,台新金,601,48,553,新光-新竹,2023-07-06,8563
00665L,富邦�琤肭磪囓�2,344,20,324,新光-新竹,2023-07-06,8563
2890,永豐金,668,374,294,新光-新竹,2023-07-06,8563
00680L,元大美債20正2,628,341,287,新光-新竹,2023-07-06,8563
00929,復華台灣科技優息,222,11,211,新光-新竹,2023-07-06,8563
00720B,元大投資級公司債,197,1,196,新光-新竹,2023-07-06,8563
00687B,國泰20年美債,185,1,184,新光-新竹,2023-07-06,8563
00673R,期元大S＆P原油反1,182,0,182,新光-新竹,2023-07-06,8563
00772B,中信高評級公司債,195,31,164,新光-新竹,2023-07-06,8563
00712,復華富時不動產,235,88,147,新光-新竹,2023-07-06,8563
2891,中信金,123,0,123,新光-新竹,2023-07-06,8563
00688L,國泰20年美債正2,170,50,120,新光-新竹,2023-07-06,8563
00753L,中信中國50正2,120,0,120,新光-新竹,2023-07-06,8563
6290,良維,124,7,117,新光-新竹,2023-07-06,8563
4102,永日,124,32,92,新光-新竹,2023-07-06,8563
00919,群益台灣精選高息,92,7,85,新光-新竹,2023-07-06,8563
2618,長榮航,877,792,85,新光-新竹,2023-07-06,8563
2317,鴻海,363,280,83,新光-新竹,2023-07-06,8563
0056,元大高股息,231,149,82,新光-新竹,2023-07-06,8563
2845,遠東銀,77,0,77,新光-新竹,2023-07-06,8563
4979,華星光,259,183,76,新光-新竹,2023-07-06,8563
3105,穩懋,104,29,75,新光-新竹,2023-07-06,8563
00882,中信中國高股息,133,59,74,新光-新竹,2023-07-06,8563
2888,新光金,79,9,70,新光-新竹,2023-07-06,8563
8234,新漢,86,18,68,新光-新竹,2023-07-06,8563
00921,兆豐龍頭等權重,61,0,61,新光-新竹,2023-07-06,8563
5864,致和證,78,18,60,新光-新竹,2023-07-06,8563
3583,辛耘,79,22,57,新光-新竹,2023-07-06,8563
2885,元大金,55,0,55,新光-新竹,2023-07-06,8563
00631L,元大台灣50正2,69,15,54,新光-新竹,2023-07-06,8563
00725B,國泰投資級公司債,57,6,51,新光-新竹,2023-07-06,8563
2330,台積電,55,5,50,新光-新竹,2023-07-06,8563
2886,兆豐金,49,0,49,新光-新竹,2023-07-06,8563
00679B,元大美債20年,64,16,48,新光-新竹,2023-07-06,8563
2883,凱基金,67,19,48,新光-新竹,2023-07-06,8563
00675L,富邦臺灣加權正2,49,1,48,新光-新竹,2023-07-06,8563
00795B,中信美國公債20年,50,3,47,新光-新竹,2023-07-06,8563
1402,遠東新,48,2,46,新光-新竹,2023-07-06,8563
1609,大亞,86,40,46,新光-新竹,2023-07-06,8563
9945,潤泰新,45,0,45,新光-新竹,2023-07-06,8563
2486,一詮,62,19,43,新光-新竹,2023-07-06,8563
2812,台中銀,42,0,42,新光-新竹,2023-07-06,8563
1905,華紙,117,75,42,新光-新竹,2023-07-06,8563
6869,雲豹能源,72,31,41,新光-新竹,2023-07-06,8563
00650L,復華香港正2,60,20,40,新光-新竹,2023-07-06,8563
0050,元大台灣50,53,14,39,新光-新竹,2023-07-06,8563
5880,合庫金,36,0,36,新光-新竹,2023-07-06,8563
3521,鴻翊,35,0,35,新光-新竹,2023-07-06,8563
2303,聯電,40,5,35,新光-新竹,2023-07-06,8563
8429,金麗-KY,34,0,34,新光-新竹,2023-07-06,8563
4532,瑞智,1256,298,958,新光-新竹,2023-07-07,8563
00679B,元大美債20年,314,22,292,新光-新竹,2023-07-07,8563
2312,金寶,267,36,231,新光-新竹,2023-07-07,8563
00680L,元大美債20正2,629,426,203,新光-新竹,2023-07-07,8563
2845,遠東銀,180,3,177,新光-新竹,2023-07-07,8563
0056,元大高股息,220,78,142,新光-新竹,2023-07-07,8563
00929,復華台灣科技優息,182,56,126,新光-新竹,2023-07-07,8563
00687B,國泰20年美債,146,35,111,新光-新竹,2023-07-07,8563
00665L,富邦�琤肭磪囓�2,156,59,97,新光-新竹,2023-07-07,8563
00751B,元大AAA至A公司債,96,0,96,新光-新竹,2023-07-07,8563
00720B,元大投資級公司債,189,100,89,新光-新竹,2023-07-07,8563
4155,訊映,93,10,83,新光-新竹,2023-07-07,8563
2633,台灣高鐵,83,0,83,新光-新竹,2023-07-07,8563
00725B,國泰投資級公司債,77,0,77,新光-新竹,2023-07-07,8563
1614,三洋電,82,5,77,新光-新竹,2023-07-07,8563
2344,華邦電,76,4,72,新光-新竹,2023-07-07,8563
2618,長榮航,1480,1412,68,新光-新竹,2023-07-07,8563
4102,永日,134,67,67,新光-新竹,2023-07-07,8563
00712,復華富時不動產,172,105,67,新光-新竹,2023-07-07,8563
2419,仲琦,118,55,63,新光-新竹,2023-07-07,8563
00772B,中信高評級公司債,83,20,63,新光-新竹,2023-07-07,8563
3290,東浦,61,0,61,新光-新竹,2023-07-07,8563
00882,中信中國高股息,73,13,60,新光-新竹,2023-07-07,8563
2317,鴻海,105,46,59,新光-新竹,2023-07-07,8563
3481,群創,111,55,56,新光-新竹,2023-07-07,8563
00753L,中信中國50正2,69,14,55,新光-新竹,2023-07-07,8563
00891,中信關鍵半導體,53,0,53,新光-新竹,2023-07-07,8563
00722B,群益投資級電信債,52,1,51,新光-新竹,2023-07-07,8563
2887,台新金,59,11,48,新光-新竹,2023-07-07,8563
1809,中釉,47,0,47,新光-新竹,2023-07-07,8563
1604,聲寶,53,7,46,新光-新竹,2023-07-07,8563
8097,常珵,45,0,45,新光-新竹,2023-07-07,8563
2890,永豐金,197,153,44,新光-新竹,2023-07-07,8563
00881,國泰台灣5G+,45,3,42,新光-新竹,2023-07-07,8563
1603,華電,63,23,40,新光-新竹,2023-07-07,8563
00673R,期元大S＆P原油反1,40,0,40,新光-新竹,2023-07-07,8563
8112,至上,41,2,39,新光-新竹,2023-07-07,8563
6282,康舒,288,249,39,新光-新竹,2023-07-07,8563
2409,友達,72,36,36,新光-新竹,2023-07-07,8563
3060,銘異,47,12,35,新光-新竹,2023-07-07,8563
00877,復華中國5G,35,0,35,新光-新竹,2023-07-07,8563
6245,立端,40,7,33,新光-新竹,2023-07-07,8563
1710,東聯,33,2,31,新光-新竹,2023-07-07,8563
00713,元大台灣高息低波,44,14,30,新光-新竹,2023-07-07,8563
9958,世紀鋼,189,159,30,新光-新竹,2023-07-07,8563
2206,三陽工業,38,8,30,新光-新竹,2023-07-07,8563
2884,玉山金,58,29,29,新光-新竹,2023-07-07,8563
1608,華榮,34,6,28,新光-新竹,2023-07-07,8563
00795B,中信美國公債20年,30,3,27,新光-新竹,2023-07-07,8563
5258,虹堡,26,0,26,新光-新竹,2023-07-07,8563
4532,瑞智,1257,539,718,新光-新竹,2023-07-10,8563
00680L,元大美債20正2,750,85,665,新光-新竹,2023-07-10,8563
2618,長榮航,500,307,193,新光-新竹,2023-07-10,8563
2845,遠東銀,245,60,185,新光-新竹,2023-07-10,8563
00679B,元大美債20年,183,10,173,新光-新竹,2023-07-10,8563
6282,康舒,489,395,94,新光-新竹,2023-07-10,8563
6187,萬潤,107,29,78,新光-新竹,2023-07-10,8563
00673R,期元大S＆P原油反1,97,20,77,新光-新竹,2023-07-10,8563
8050,廣積,109,38,71,新光-新竹,2023-07-10,8563
2317,鴻海,102,34,68,新光-新竹,2023-07-10,8563
00882,中信中國高股息,70,6,64,新光-新竹,2023-07-10,8563
8097,常珵,50,0,50,新光-新竹,2023-07-10,8563
00687B,國泰20年美債,48,0,48,新光-新竹,2023-07-10,8563
00772B,中信高評級公司債,78,33,45,新光-新竹,2023-07-10,8563
00929,復華台灣科技優息,87,43,44,新光-新竹,2023-07-10,8563
00888,永豐台灣ESG,44,0,44,新光-新竹,2023-07-10,8563
2892,第一金,46,3,43,新光-新竹,2023-07-10,8563
00795B,中信美國公債20年,40,2,38,新光-新竹,2023-07-10,8563
2402,毅嘉,47,11,36,新光-新竹,2023-07-10,8563
00927,群益半導體收益,35,0,35,新光-新竹,2023-07-10,8563
3013,晟銘電,47,14,33,新光-新竹,2023-07-10,8563
1614,三洋電,30,0,30,新光-新竹,2023-07-10,8563
8289,泰藝,30,1,29,新光-新竹,2023-07-10,8563
00725B,國泰投資級公司債,29,0,29,新光-新竹,2023-07-10,8563
2436,偉詮電,102,74,28,新光-新竹,2023-07-10,8563
3290,東浦,29,1,28,新光-新竹,2023-07-10,8563
2603,長榮,68,41,27,新光-新竹,2023-07-10,8563
2457,飛宏,44,17,27,新光-新竹,2023-07-10,8563
00720B,元大投資級公司債,76,50,26,新光-新竹,2023-07-10,8563
1101,台泥,59,34,25,新光-新竹,2023-07-10,8563
2743,山富,36,12,24,新光-新竹,2023-07-10,8563
4119,旭富,24,0,24,新光-新竹,2023-07-10,8563
3689,湧德,34,11,23,新光-新竹,2023-07-10,8563
3356,奇偶,36,13,23,新光-新竹,2023-07-10,8563
6869,雲豹能源,46,24,22,新光-新竹,2023-07-10,8563
8064,東捷,25,3,22,新光-新竹,2023-07-10,8563
3022,威強電,28,6,22,新光-新竹,2023-07-10,8563
2382,廣達,52,31,21,新光-新竹,2023-07-10,8563
2380,虹光,23,2,21,新光-新竹,2023-07-10,8563
2356,英業達,84,63,21,新光-新竹,2023-07-10,8563
2313,華通,22,1,21,新光-新竹,2023-07-10,8563
0050,元大台灣50,24,4,20,新光-新竹,2023-07-10,8563
6231,系微,21,1,20,新光-新竹,2023-07-10,8563
3059,華晶科,20,0,20,新光-新竹,2023-07-10,8563
3479,安勤,20,0,20,新光-新竹,2023-07-10,8563
1626,艾美特-KY,25,5,20,新光-新竹,2023-07-10,8563
5206,坤悅,20,0,20,新光-新竹,2023-07-10,8563
6167,久正,21,1,20,新光-新竹,2023-07-10,8563
5457,宣德,19,0,19,新光-新竹,2023-07-10,8563
6116,彩晶,21,2,19,新光-新竹,2023-07-10,8563
2883B,凱基金乙特,363,25,338,新光-新竹,2023-07-11,8563
2618,長榮航,1521,1199,322,新光-新竹,2023-07-11,8563
2340,台亞,498,264,234,新光-新竹,2023-07-11,8563
00673R,期元大S＆P原油反1,192,0,192,新光-新竹,2023-07-11,8563
00720B,元大投資級公司債,215,30,185,新光-新竹,2023-07-11,8563
00679B,元大美債20年,192,51,141,新光-新竹,2023-07-11,8563
00632R,元大台灣50反1,185,50,135,新光-新竹,2023-07-11,8563
3324,雙鴻,126,11,115,新光-新竹,2023-07-11,8563
2547,日勝生,83,0,83,新光-新竹,2023-07-11,8563
00885,富邦越南,107,27,80,新光-新竹,2023-07-11,8563
00888,永豐台灣ESG,66,0,66,新光-新竹,2023-07-11,8563
2609,陽明,110,49,61,新光-新竹,2023-07-11,8563
3025,星通,116,62,54,新光-新竹,2023-07-11,8563
4414,如興,53,0,53,新光-新竹,2023-07-11,8563
2816,旺旺保,52,0,52,新光-新竹,2023-07-11,8563
6120,達運,150,101,49,新光-新竹,2023-07-11,8563
2481,強茂,122,74,48,新光-新竹,2023-07-11,8563
2929,淘帝-KY,44,0,44,新光-新竹,2023-07-11,8563
00929,復華台灣科技優息,65,22,43,新光-新竹,2023-07-11,8563
2402,毅嘉,70,28,42,新光-新竹,2023-07-11,8563
3034,聯詠,52,11,41,新光-新竹,2023-07-11,8563
4916,事欣科,49,9,40,新光-新竹,2023-07-11,8563
2748,雲品,41,3,38,新光-新竹,2023-07-11,8563
00895,富邦未來車,50,14,36,新光-新竹,2023-07-11,8563
3027,盛達,56,20,36,新光-新竹,2023-07-11,8563
00683L,期元大美元指正2,60,25,35,新光-新竹,2023-07-11,8563
6234,高僑,42,10,32,新光-新竹,2023-07-11,8563
3294,英濟,32,0,32,新光-新竹,2023-07-11,8563
1603,華電,32,0,32,新光-新竹,2023-07-11,8563
6182,合晶,37,5,32,新光-新竹,2023-07-11,8563
6204,艾華,31,0,31,新光-新竹,2023-07-11,8563
5516,雙喜,34,3,31,新光-新竹,2023-07-11,8563
1444,力麗,30,0,30,新光-新竹,2023-07-11,8563
8097,常珵,30,0,30,新光-新竹,2023-07-11,8563
9110,越南控-DR,28,0,28,新光-新竹,2023-07-11,8563
00751B,元大AAA至A公司債,32,5,27,新光-新竹,2023-07-11,8563
1734,杏輝,27,0,27,新光-新竹,2023-07-11,8563
2486,一詮,89,62,27,新光-新竹,2023-07-11,8563
3540,曜越,26,0,26,新光-新竹,2023-07-11,8563
1605,華新,30,4,26,新光-新竹,2023-07-11,8563
5475,德宏,26,0,26,新光-新竹,2023-07-11,8563
3374,精材,31,5,26,新光-新竹,2023-07-11,8563
00892,富邦台灣半導體,25,0,25,新光-新竹,2023-07-11,8563
6148,驊宏資,42,18,24,新光-新竹,2023-07-11,8563
1217,愛之味,73,50,23,新光-新竹,2023-07-11,8563
6139,亞翔,25,2,23,新光-新竹,2023-07-11,8563
6279,胡連,26,3,23,新光-新竹,2023-07-11,8563
6288,聯嘉,44,23,21,新光-新竹,2023-07-11,8563
2408,南亞科,37,16,21,新光-新竹,2023-07-11,8563
9927,泰銘,21,0,21,新光-新竹,2023-07-11,8563
2845,遠東銀,260,0,260,新光-新竹,2023-07-12,8563
00929,復華台灣科技優息,304,101,203,新光-新竹,2023-07-12,8563
2323,中環,477,293,184,新光-新竹,2023-07-12,8563
3071,協禧,173,3,170,新光-新竹,2023-07-12,8563
00673R,期元大S＆P原油反1,159,2,157,新光-新竹,2023-07-12,8563
00885,富邦越南,127,3,124,新光-新竹,2023-07-12,8563
2356,英業達,477,360,117,新光-新竹,2023-07-12,8563
2547,日勝生,114,0,114,新光-新竹,2023-07-12,8563
4414,如興,106,0,106,新光-新竹,2023-07-12,8563
00753L,中信中國50正2,145,44,101,新光-新竹,2023-07-12,8563
3284,太普高,100,0,100,新光-新竹,2023-07-12,8563
00720B,元大投資級公司債,94,0,94,新光-新竹,2023-07-12,8563
4102,永日,121,52,69,新光-新竹,2023-07-12,8563
00680L,元大美債20正2,178,116,62,新光-新竹,2023-07-12,8563
00679B,元大美債20年,59,0,59,新光-新竹,2023-07-12,8563
3706,神達,345,287,58,新光-新竹,2023-07-12,8563
2328,廣宇,129,74,55,新光-新竹,2023-07-12,8563
2301,光寶科,320,267,53,新光-新竹,2023-07-12,8563
2368,金像電,126,75,51,新光-新竹,2023-07-12,8563
2897,王道銀行,51,0,51,新光-新竹,2023-07-12,8563
00664R,國泰臺灣加權反1,50,0,50,新光-新竹,2023-07-12,8563
2303,聯電,104,63,41,新光-新竹,2023-07-12,8563
4533,協易機,51,11,40,新光-新竹,2023-07-12,8563
2834,臺企銀,43,4,39,新光-新竹,2023-07-12,8563
0050,元大台灣50,34,1,33,新光-新竹,2023-07-12,8563
2399,映泰,253,224,29,新光-新竹,2023-07-12,8563
3032,偉訓,54,25,29,新光-新竹,2023-07-12,8563
2481,強茂,128,99,29,新光-新竹,2023-07-12,8563
6869,雲豹能源,94,66,28,新光-新竹,2023-07-12,8563
6548,長科*,31,6,25,新光-新竹,2023-07-12,8563
4958,臻鼎-KY,27,2,25,新光-新竹,2023-07-12,8563
00907,永豐優息存股,25,0,25,新光-新竹,2023-07-12,8563
6285,啟��,90,67,23,新光-新竹,2023-07-12,8563
00888,永豐台灣ESG,23,0,23,新光-新竹,2023-07-12,8563
6122,擎邦,29,6,23,新光-新竹,2023-07-12,8563
3713,新晶投控,23,1,22,新光-新竹,2023-07-12,8563
2609,陽明,142,120,22,新光-新竹,2023-07-12,8563
3015,全漢,23,3,20,新光-新竹,2023-07-12,8563
5206,坤悅,20,0,20,新光-新竹,2023-07-12,8563
2302,麗正,20,0,20,新光-新竹,2023-07-12,8563
00668,國泰美國道瓊,20,0,20,新光-新竹,2023-07-12,8563
9904,寶成,34,14,20,新光-新竹,2023-07-12,8563
00687B,國泰20年美債,19,0,19,新光-新竹,2023-07-12,8563
3044,健鼎,19,1,18,新光-新竹,2023-07-12,8563
3189,景碩,18,0,18,新光-新竹,2023-07-12,8563
3583,辛耘,48,31,17,新光-新竹,2023-07-12,8563
1314,中石化,17,0,17,新光-新竹,2023-07-12,8563
2034,允強,17,0,17,新光-新竹,2023-07-12,8563
2206,三陽工業,18,2,16,新光-新竹,2023-07-12,8563
2409,友達,38,23,15,新光-新竹,2023-07-12,8563
00632R,元大台灣50反1,1391,148,1243,新光-新竹,2023-07-13,8563
2845,遠東銀,456,1,455,新光-新竹,2023-07-13,8563
2610,華航,601,267,334,新光-新竹,2023-07-13,8563
00680L,元大美債20正2,632,325,307,新光-新竹,2023-07-13,8563
00929,復華台灣科技優息,399,119,280,新光-新竹,2023-07-13,8563
00673R,期元大S＆P原油反1,239,1,238,新光-新竹,2023-07-13,8563
00688L,國泰20年美債正2,223,0,223,新光-新竹,2023-07-13,8563
4533,協易機,264,131,133,新光-新竹,2023-07-13,8563
00679B,元大美債20年,184,57,127,新光-新竹,2023-07-13,8563
00676R,富邦臺灣加權反1,100,0,100,新光-新竹,2023-07-13,8563
2303,聯電,100,12,88,新光-新竹,2023-07-13,8563
2367,燿華,97,10,87,新光-新竹,2023-07-13,8563
2603,長榮,198,118,80,新光-新竹,2023-07-13,8563
2882,國泰金,79,5,74,新光-新竹,2023-07-13,8563
2618,長榮航,1029,968,61,新光-新竹,2023-07-13,8563
00930,永豐ESG低碳高息,61,0,61,新光-新竹,2023-07-13,8563
1609,大亞,114,53,61,新光-新竹,2023-07-13,8563
2547,日勝生,59,0,59,新光-新竹,2023-07-13,8563
2801,彰銀,58,0,58,新光-新竹,2023-07-13,8563
6278,台表科,57,1,56,新光-新竹,2023-07-13,8563
3022,威強電,55,3,52,新光-新竹,2023-07-13,8563
2352,佳世達,219,175,44,新光-新竹,2023-07-13,8563
2409,友達,61,19,42,新光-新竹,2023-07-13,8563
2609,陽明,129,90,39,新光-新竹,2023-07-13,8563
00885,富邦越南,39,2,37,新光-新竹,2023-07-13,8563
2548,華固,34,1,33,新光-新竹,2023-07-13,8563
3037,欣興,135,102,33,新光-新竹,2023-07-13,8563
00687B,國泰20年美債,36,3,33,新光-新竹,2023-07-13,8563
2419,仲琦,85,54,31,新光-新竹,2023-07-13,8563
9110,越南控-DR,30,0,30,新光-新竹,2023-07-13,8563
3362,先進光,45,16,29,新光-新竹,2023-07-13,8563
8016,矽創,38,10,28,新光-新竹,2023-07-13,8563
2891,中信金,59,32,27,新光-新竹,2023-07-13,8563
2201,裕隆,41,15,26,新光-新竹,2023-07-13,8563
1314,中石化,25,0,25,新光-新竹,2023-07-13,8563
3528,安馳,26,1,25,新光-新竹,2023-07-13,8563
5443,均豪,27,2,25,新光-新竹,2023-07-13,8563
2889,國票金,28,4,24,新光-新竹,2023-07-13,8563
8930,青鋼,25,1,24,新光-新竹,2023-07-13,8563
6285,啟��,125,102,23,新光-新竹,2023-07-13,8563
6235,華孚,58,35,23,新光-新竹,2023-07-13,8563
6684,安格,23,1,22,新光-新竹,2023-07-13,8563
00882,中信中國高股息,95,73,22,新光-新竹,2023-07-13,8563
6125,廣運,22,1,21,新光-新竹,2023-07-13,8563
6139,亞翔,68,48,20,新光-新竹,2023-07-13,8563
5206,坤悅,20,0,20,新光-新竹,2023-07-13,8563
2421,建準,95,75,20,新光-新竹,2023-07-13,8563
2834,臺企銀,27,8,19,新光-新竹,2023-07-13,8563
2886,兆豐金,19,0,19,新光-新竹,2023-07-13,8563
2885,元大金,20,1,19,新光-新竹,2023-07-13,8563
1733,五鼎,245,0,245,新光-新竹,2023-07-14,8563
00664R,國泰臺灣加權反1,130,4,126,新光-新竹,2023-07-14,8563
00633L,富邦上証正2,128,9,119,新光-新竹,2023-07-14,8563
00720B,元大投資級公司債,217,102,115,新光-新竹,2023-07-14,8563
4123,晟德,108,3,105,新光-新竹,2023-07-14,8563
4207,環泰,101,0,101,新光-新竹,2023-07-14,8563
2458,義隆,107,15,92,新光-新竹,2023-07-14,8563
00929,復華台灣科技優息,151,63,88,新光-新竹,2023-07-14,8563
6288,聯嘉,89,5,84,新光-新竹,2023-07-14,8563
00753L,中信中國50正2,88,9,79,新光-新竹,2023-07-14,8563
00673R,期元大S＆P原油反1,115,37,78,新光-新竹,2023-07-14,8563
2371,大同,142,67,75,新光-新竹,2023-07-14,8563
00632R,元大台灣50反1,771,698,73,新光-新竹,2023-07-14,8563
2421,建準,112,45,67,新光-新竹,2023-07-14,8563
2324,仁寶,108,41,67,新光-新竹,2023-07-14,8563
00882,中信中國高股息,68,7,61,新光-新竹,2023-07-14,8563
6548,長科*,71,12,59,新光-新竹,2023-07-14,8563
3037,欣興,168,111,57,新光-新竹,2023-07-14,8563
2301,光寶科,476,420,56,新光-新竹,2023-07-14,8563
00655L,國泰中國A50正2,50,0,50,新光-新竹,2023-07-14,8563
3704,合勤控,90,41,49,新光-新竹,2023-07-14,8563
2352,佳世達,186,142,44,新光-新竹,2023-07-14,8563
00700,富邦�琤肭磪�,44,0,44,新光-新竹,2023-07-14,8563
3481,群創,46,6,40,新光-新竹,2023-07-14,8563
2419,仲琦,170,131,39,新光-新竹,2023-07-14,8563
3363,上詮,126,87,39,新光-新竹,2023-07-14,8563
4510,高鋒,35,0,35,新光-新竹,2023-07-14,8563
2547,日勝生,35,0,35,新光-新竹,2023-07-14,8563
00679B,元大美債20年,72,39,33,新光-新竹,2023-07-14,8563
9938,百和,33,0,33,新光-新竹,2023-07-14,8563
00927,群益半導體收益,41,9,32,新光-新竹,2023-07-14,8563
9945,潤泰新,33,2,31,新光-新竹,2023-07-14,8563
1477,聚陽,36,5,31,新光-新竹,2023-07-14,8563
6120,達運,127,97,30,新光-新竹,2023-07-14,8563
00930,永豐ESG低碳高息,31,2,29,新光-新竹,2023-07-14,8563
3287,廣寰科,29,1,28,新光-新竹,2023-07-14,8563
6234,高僑,27,0,27,新光-新竹,2023-07-14,8563
2338,光罩,37,10,27,新光-新竹,2023-07-14,8563
00885,富邦越南,39,12,27,新光-新竹,2023-07-14,8563
1905,華紙,67,41,26,新光-新竹,2023-07-14,8563
5285,界霖,26,0,26,新光-新竹,2023-07-14,8563
6416,瑞祺電通,28,2,26,新光-新竹,2023-07-14,8563
4904,遠傳,25,0,25,新光-新竹,2023-07-14,8563
00722B,群益投資級電信債,25,0,25,新光-新竹,2023-07-14,8563
2634,漢翔,28,4,24,新光-新竹,2023-07-14,8563
3027,盛達,26,2,24,新光-新竹,2023-07-14,8563
3032,偉訓,43,19,24,新光-新竹,2023-07-14,8563
2368,金像電,60,37,23,新光-新竹,2023-07-14,8563
2425,承啟,26,3,23,新光-新竹,2023-07-14,8563
2331,精英,47,24,23,新光-新竹,2023-07-14,8563
5457,宣德,291,17,274,新光-新竹,2023-07-17,8563
00929,復華台灣科技優息,474,205,269,新光-新竹,2023-07-17,8563
4532,瑞智,305,39,266,新光-新竹,2023-07-17,8563
00720B,元大投資級公司債,205,10,195,新光-新竹,2023-07-17,8563
00715L,期街口布蘭特正2,145,28,117,新光-新竹,2023-07-17,8563
00687B,國泰20年美債,134,30,104,新光-新竹,2023-07-17,8563
00882,中信中國高股息,128,30,98,新光-新竹,2023-07-17,8563
3704,合勤控,150,58,92,新光-新竹,2023-07-17,8563
2316,楠梓電,89,4,85,新光-新竹,2023-07-17,8563
4157,太景*-KY,87,3,84,新光-新竹,2023-07-17,8563
2449,京元電子,119,36,83,新光-新竹,2023-07-17,8563
2340,台亞,137,61,76,新光-新竹,2023-07-17,8563
2542,興富發,81,12,69,新光-新竹,2023-07-17,8563
1402,遠東新,69,1,68,新光-新竹,2023-07-17,8563
6203,海韻電,69,2,67,新光-新竹,2023-07-17,8563
8403,盛弘,68,3,65,新光-新竹,2023-07-17,8563
00712,復華富時不動產,126,62,64,新光-新竹,2023-07-17,8563
2356,英業達,253,194,59,新光-新竹,2023-07-17,8563
5258,虹堡,217,158,59,新光-新竹,2023-07-17,8563
00878,國泰永續高股息,265,208,57,新光-新竹,2023-07-17,8563
00772B,中信高評級公司債,69,12,57,新光-新竹,2023-07-17,8563
00679B,元大美債20年,73,18,55,新光-新竹,2023-07-17,8563
4414,如興,50,0,50,新光-新竹,2023-07-17,8563
00632R,元大台灣50反1,346,300,46,新光-新竹,2023-07-17,8563
3583,辛耘,82,38,44,新光-新竹,2023-07-17,8563
4123,晟德,63,27,36,新光-新竹,2023-07-17,8563
1504,東元,96,60,36,新光-新竹,2023-07-17,8563
00890B,凱基ESG BBB債,34,0,34,新光-新竹,2023-07-17,8563
2515,中工,38,4,34,新光-新竹,2023-07-17,8563
00683L,期元大美元指正2,34,0,34,新光-新竹,2023-07-17,8563
2353,宏��,111,81,30,新光-新竹,2023-07-17,8563
4581,光隆精密-KY,30,0,30,新光-新竹,2023-07-17,8563
1806,冠軍,30,0,30,新光-新竹,2023-07-17,8563
4306,炎洲,32,3,29,新光-新竹,2023-07-17,8563
5439,高技,34,5,29,新光-新竹,2023-07-17,8563
3037,欣興,65,37,28,新光-新竹,2023-07-17,8563
00885,富邦越南,46,18,28,新光-新竹,2023-07-17,8563
2610,華航,104,77,27,新光-新竹,2023-07-17,8563
3030,德律,28,1,27,新光-新竹,2023-07-17,8563
5443,均豪,27,0,27,新光-新竹,2023-07-17,8563
00927,群益半導體收益,26,0,26,新光-新竹,2023-07-17,8563
6235,華孚,52,26,26,新光-新竹,2023-07-17,8563
1907,永豐餘,24,0,24,新光-新竹,2023-07-17,8563
0050,元大台灣50,28,5,23,新光-新竹,2023-07-17,8563
3035,智原,114,92,22,新光-新竹,2023-07-17,8563
6257,矽格,23,1,22,新光-新竹,2023-07-17,8563
1503,士電,71,49,22,新光-新竹,2023-07-17,8563
00637L,元大滬深300正2,21,0,21,新光-新竹,2023-07-17,8563
2328,廣宇,42,21,21,新光-新竹,2023-07-17,8563
6691,洋基工程,22,2,20,新光-新竹,2023-07-17,8563
2317,鴻海,612,95,517,新光-新竹,2023-07-18,8563
00882,中信中國高股息,572,194,378,新光-新竹,2023-07-18,8563
00929,復華台灣科技優息,423,55,368,新光-新竹,2023-07-18,8563
00720B,元大投資級公司債,269,0,269,新光-新竹,2023-07-18,8563
00900,富邦特選高股息30,296,37,259,新光-新竹,2023-07-18,8563
2884,玉山金,285,28,257,新光-新竹,2023-07-18,8563
2312,金寶,440,294,146,新光-新竹,2023-07-18,8563
9105,泰金寶-DR,228,109,119,新光-新竹,2023-07-18,8563
2537,聯上發,118,0,118,新光-新竹,2023-07-18,8563
1519,華城,118,7,111,新光-新竹,2023-07-18,8563
6282,康舒,552,461,91,新光-新竹,2023-07-18,8563
4102,永日,149,62,87,新光-新竹,2023-07-18,8563
2324,仁寶,386,303,83,新光-新竹,2023-07-18,8563
1101,台泥,83,2,81,新光-新竹,2023-07-18,8563
2618,長榮航,327,248,79,新光-新竹,2023-07-18,8563
00753L,中信中國50正2,82,3,79,新光-新竹,2023-07-18,8563
1806,冠軍,79,5,74,新光-新竹,2023-07-18,8563
2323,中環,104,30,74,新光-新竹,2023-07-18,8563
3324,雙鴻,79,10,69,新光-新竹,2023-07-18,8563
2399,映泰,109,41,68,新光-新竹,2023-07-18,8563
00679B,元大美債20年,94,28,66,新光-新竹,2023-07-18,8563
3071,協禧,93,29,64,新光-新竹,2023-07-18,8563
00665L,富邦�琤肭磪囓�2,95,31,64,新光-新竹,2023-07-18,8563
1514,亞力,110,47,63,新光-新竹,2023-07-18,8563
00683L,期元大美元指正2,61,0,61,新光-新竹,2023-07-18,8563
3706,神達,714,656,58,新光-新竹,2023-07-18,8563
4938,和碩,191,134,57,新光-新竹,2023-07-18,8563
1313,聯成,67,14,53,新光-新竹,2023-07-18,8563
3287,廣寰科,52,0,52,新光-新竹,2023-07-18,8563
2353,宏��,225,175,50,新光-新竹,2023-07-18,8563
5206,坤悅,50,0,50,新光-新竹,2023-07-18,8563
00664R,國泰臺灣加權反1,50,0,50,新光-新竹,2023-07-18,8563
1710,東聯,50,0,50,新光-新竹,2023-07-18,8563
2812,台中銀,110,60,50,新光-新竹,2023-07-18,8563
6126,信音,57,9,48,新光-新竹,2023-07-18,8563
2316,楠梓電,51,4,47,新光-新竹,2023-07-18,8563
1789,神隆,91,45,46,新光-新竹,2023-07-18,8563
2352,佳世達,202,157,45,新光-新竹,2023-07-18,8563
1609,大亞,172,128,44,新光-新竹,2023-07-18,8563
1605,華新,46,3,43,新光-新竹,2023-07-18,8563
2515,中工,91,50,41,新光-新竹,2023-07-18,8563
5230,雷笛克光學,39,0,39,新光-新竹,2023-07-18,8563
2382,廣達,192,154,38,新光-新竹,2023-07-18,8563
6188,廣明,188,152,36,新光-新竹,2023-07-18,8563
00751B,元大AAA至A公司債,38,2,36,新光-新竹,2023-07-18,8563
3481,群創,80,45,35,新光-新竹,2023-07-18,8563
00885,富邦越南,40,5,35,新光-新竹,2023-07-18,8563
3294,英濟,38,3,35,新光-新竹,2023-07-18,8563
2603,長榮,107,73,34,新光-新竹,2023-07-18,8563
2547,日勝生,40,7,33,新光-新竹,2023-07-18,8563
2316,楠梓電,743,58,685,新光-新竹,2023-07-19,8563
00712,復華富時不動產,513,180,333,新光-新竹,2023-07-19,8563
00665L,富邦�琤肭磪囓�2,261,0,261,新光-新竹,2023-07-19,8563
2812,台中銀,274,16,258,新光-新竹,2023-07-19,8563
00753L,中信中國50正2,216,2,214,新光-新竹,2023-07-19,8563
00929,復華台灣科技優息,260,47,213,新光-新竹,2023-07-19,8563
2340,台亞,199,51,148,新光-新竹,2023-07-19,8563
9902,台火,141,0,141,新光-新竹,2023-07-19,8563
00882,中信中國高股息,129,9,120,新光-新竹,2023-07-19,8563
2324,仁寶,224,104,120,新光-新竹,2023-07-19,8563
2405,輔信,145,34,111,新光-新竹,2023-07-19,8563
4532,瑞智,131,36,95,新光-新竹,2023-07-19,8563
2317,鴻海,137,47,90,新光-新竹,2023-07-19,8563
4938,和碩,213,127,86,新光-新竹,2023-07-19,8563
6218,豪勉,182,101,81,新光-新竹,2023-07-19,8563
00895,富邦未來車,79,0,79,新光-新竹,2023-07-19,8563
00664R,國泰臺灣加權反1,110,33,77,新光-新竹,2023-07-19,8563
2801,彰銀,76,0,76,新光-新竹,2023-07-19,8563
6235,華孚,157,90,67,新光-新竹,2023-07-19,8563
2603,長榮,103,46,57,新光-新竹,2023-07-19,8563
1909,榮成,56,0,56,新光-新竹,2023-07-19,8563
00650L,復華香港正2,51,0,51,新光-新竹,2023-07-19,8563
8046,南電,57,8,49,新光-新竹,2023-07-19,8563
8234,新漢,46,0,46,新光-新竹,2023-07-19,8563
5443,均豪,49,3,46,新光-新竹,2023-07-19,8563
8403,盛弘,48,3,45,新光-新竹,2023-07-19,8563
00919,群益台灣精選高息,47,4,43,新光-新竹,2023-07-19,8563
3027,盛達,42,0,42,新光-新竹,2023-07-19,8563
6182,合晶,47,7,40,新光-新竹,2023-07-19,8563
2303,聯電,54,15,39,新光-新竹,2023-07-19,8563
2838,聯邦銀,36,0,36,新光-新竹,2023-07-19,8563
3105,穩懋,54,21,33,新光-新竹,2023-07-19,8563
3227,原相,32,0,32,新光-新竹,2023-07-19,8563
3290,東浦,31,0,31,新光-新竹,2023-07-19,8563
00632R,元大台灣50反1,91,61,30,新光-新竹,2023-07-19,8563
2887,台新金,71,41,30,新光-新竹,2023-07-19,8563
1402,遠東新,31,2,29,新光-新竹,2023-07-19,8563
5876,上海商銀,29,0,29,新光-新竹,2023-07-19,8563
2313,華通,35,6,29,新光-新竹,2023-07-19,8563
6282,康舒,218,189,29,新光-新竹,2023-07-19,8563
5531,鄉林,28,0,28,新光-新竹,2023-07-19,8563
2206,三陽工業,49,22,27,新光-新竹,2023-07-19,8563
2548,華固,27,0,27,新光-新竹,2023-07-19,8563
3217,優群,33,8,25,新光-新竹,2023-07-19,8563
6869,雲豹能源,46,21,25,新光-新竹,2023-07-19,8563
3483,力致,69,46,23,新光-新竹,2023-07-19,8563
5009,榮剛,23,1,22,新光-新竹,2023-07-19,8563
00733,富邦臺灣中小,23,1,22,新光-新竹,2023-07-19,8563
3289,宜特,56,35,21,新光-新竹,2023-07-19,8563
8050,廣積,43,22,21,新光-新竹,2023-07-19,8563
00669R,國泰美國道瓊反1,240,0,240,新光-新竹,2023-07-20,8563
2316,楠梓電,280,98,182,新光-新竹,2023-07-20,8563
8150,南茂,181,0,181,新光-新竹,2023-07-20,8563
00923,群益台ESG低碳50,130,0,130,新光-新竹,2023-07-20,8563
3037,欣興,229,106,123,新光-新竹,2023-07-20,8563
00929,復華台灣科技優息,120,3,117,新光-新竹,2023-07-20,8563
2812,台中銀,133,16,117,新光-新竹,2023-07-20,8563
00878,國泰永續高股息,339,240,99,新光-新竹,2023-07-20,8563
4102,永日,139,49,90,新光-新竹,2023-07-20,8563
2303,聯電,109,26,83,新光-新竹,2023-07-20,8563
1528,恩德,81,0,81,新光-新竹,2023-07-20,8563
2368,金像電,82,18,64,新光-新竹,2023-07-20,8563
3055,蔚華科,63,5,58,新光-新竹,2023-07-20,8563
1789,神隆,124,69,55,新光-新竹,2023-07-20,8563
1102,亞泥,55,0,55,新光-新竹,2023-07-20,8563
2889,國票金,53,1,52,新光-新竹,2023-07-20,8563
2801,彰銀,52,0,52,新光-新竹,2023-07-20,8563
4938,和碩,178,132,46,新光-新竹,2023-07-20,8563
2352,佳世達,311,266,45,新光-新竹,2023-07-20,8563
2458,義隆,51,7,44,新光-新竹,2023-07-20,8563
6261,久元,40,0,40,新光-新竹,2023-07-20,8563
6282,康舒,203,164,39,新光-新竹,2023-07-20,8563
3032,偉訓,96,62,34,新光-新竹,2023-07-20,8563
2419,仲琦,89,56,33,新光-新竹,2023-07-20,8563
3041,揚智,31,0,31,新光-新竹,2023-07-20,8563
00877,復華中國5G,30,0,30,新光-新竹,2023-07-20,8563
2515,中工,53,24,29,新光-新竹,2023-07-20,8563
2436,偉詮電,75,47,28,新光-新竹,2023-07-20,8563
00919,群益台灣精選高息,53,26,27,新光-新竹,2023-07-20,8563
6120,達運,31,4,27,新光-新竹,2023-07-20,8563
2206,三陽工業,88,61,27,新光-新竹,2023-07-20,8563
6869,雲豹能源,30,6,24,新光-新竹,2023-07-20,8563
3227,原相,26,2,24,新光-新竹,2023-07-20,8563
2317,鴻海,62,39,23,新光-新竹,2023-07-20,8563
2301,光寶科,150,127,23,新光-新竹,2023-07-20,8563
2312,金寶,49,27,22,新光-新竹,2023-07-20,8563
2427,三商電,28,6,22,新光-新竹,2023-07-20,8563
2547,日勝生,22,0,22,新光-新竹,2023-07-20,8563
2486,一詮,41,19,22,新光-新竹,2023-07-20,8563
1529,樂事綠能,63,42,21,新光-新竹,2023-07-20,8563
3346,麗清,44,23,21,新光-新竹,2023-07-20,8563
4123,晟德,119,99,20,新光-新竹,2023-07-20,8563
6530,創威,40,20,20,新光-新竹,2023-07-20,8563
3682,亞太電,20,0,20,新光-新竹,2023-07-20,8563
01001T,土銀富邦R1,20,0,20,新光-新竹,2023-07-20,8563
5531,鄉林,19,0,19,新光-新竹,2023-07-20,8563
8210,勤誠,80,61,19,新光-新竹,2023-07-20,8563
3044,健鼎,27,9,18,新光-新竹,2023-07-20,8563
4541,晟田,20,2,18,新光-新竹,2023-07-20,8563
1815,富喬,25,7,18,新光-新竹,2023-07-20,8563
00680L,元大美債20正2,272,2,270,新光-新竹,2023-07-21,8563
2892,第一金,199,1,198,新光-新竹,2023-07-21,8563
00881,國泰台灣5G+,192,10,182,新光-新竹,2023-07-21,8563
00753L,中信中國50正2,164,0,164,新光-新竹,2023-07-21,8563
00688L,國泰20年美債正2,162,0,162,新光-新竹,2023-07-21,8563
00679B,元大美債20年,200,40,160,新光-新竹,2023-07-21,8563
00929,復華台灣科技優息,130,14,116,新光-新竹,2023-07-21,8563
00720B,元大投資級公司債,102,0,102,新光-新竹,2023-07-21,8563
2330,台積電,93,15,78,新光-新竹,2023-07-21,8563
5443,均豪,78,2,76,新光-新竹,2023-07-21,8563
2405,輔信,126,51,75,新光-新竹,2023-07-21,8563
2609,陽明,154,92,62,新光-新竹,2023-07-21,8563
1513,中興電,279,218,61,新光-新竹,2023-07-21,8563
2303,聯電,94,34,60,新光-新竹,2023-07-21,8563
2352,佳世達,86,28,58,新光-新竹,2023-07-21,8563
0050,元大台灣50,58,1,57,新光-新竹,2023-07-21,8563
2425,承啟,85,31,54,新光-新竹,2023-07-21,8563
3346,麗清,136,82,54,新光-新竹,2023-07-21,8563
2353,宏��,86,32,54,新光-新竹,2023-07-21,8563
2801,彰銀,54,1,53,新光-新竹,2023-07-21,8563
6869,雲豹能源,52,0,52,新光-新竹,2023-07-21,8563
3325,旭品,53,2,51,新光-新竹,2023-07-21,8563
1402,遠東新,50,0,50,新光-新竹,2023-07-21,8563
2421,建準,180,136,44,新光-新竹,2023-07-21,8563
00919,群益台灣精選高息,73,35,38,新光-新竹,2023-07-21,8563
00891,中信關鍵半導體,43,10,33,新光-新竹,2023-07-21,8563
006208,富邦台50,34,1,33,新光-新竹,2023-07-21,8563
00673R,期元大S＆P原油反1,35,2,33,新光-新竹,2023-07-21,8563
2323,中環,31,0,31,新光-新竹,2023-07-21,8563
2455,全新,56,26,30,新光-新竹,2023-07-21,8563
2388,威盛,55,25,30,新光-新竹,2023-07-21,8563
00665L,富邦�琤肭磪囓�2,190,160,30,新光-新竹,2023-07-21,8563
3044,健鼎,44,15,29,新光-新竹,2023-07-21,8563
2419,仲琦,213,185,28,新光-新竹,2023-07-21,8563
6548,長科*,30,2,28,新光-新竹,2023-07-21,8563
1721,三晃,28,0,28,新光-新竹,2023-07-21,8563
00692,富邦公司治理,29,1,28,新光-新竹,2023-07-21,8563
4938,和碩,142,115,27,新光-新竹,2023-07-21,8563
2535,達欣工,31,6,25,新光-新竹,2023-07-21,8563
2618,長榮航,464,440,24,新光-新竹,2023-07-21,8563
2301,光寶科,105,82,23,新光-新竹,2023-07-21,8563
6811,宏�硌穈T,25,2,23,新光-新竹,2023-07-21,8563
00675L,富邦臺灣加權正2,23,1,22,新光-新竹,2023-07-21,8563
2897,王道銀行,21,0,21,新光-新竹,2023-07-21,8563
4934,太極,29,8,21,新光-新竹,2023-07-21,8563
3037,欣興,92,72,20,新光-新竹,2023-07-21,8563
5531,鄉林,20,0,20,新光-新竹,2023-07-21,8563
5206,坤悅,20,0,20,新光-新竹,2023-07-21,8563
3305,昇貿,40,20,20,新光-新竹,2023-07-21,8563
2206,三陽工業,74,55,19,新光-新竹,2023-07-21,8563
00712,復華富時不動產,453,7,446,新光-新竹,2023-07-24,8563
00665L,富邦�琤肭磪囓�2,319,60,259,新光-新竹,2023-07-24,8563
00679B,元大美債20年,270,41,229,新光-新竹,2023-07-24,8563
00929,復華台灣科技優息,175,46,129,新光-新竹,2023-07-24,8563
4102,永日,126,3,123,新光-新竹,2023-07-24,8563
5457,宣德,122,1,121,新光-新竹,2023-07-24,8563
00720B,元大投資級公司債,96,9,87,新光-新竹,2023-07-24,8563
2801,彰銀,73,0,73,新光-新竹,2023-07-24,8563
2887,台新金,103,31,72,新光-新竹,2023-07-24,8563
2382,廣達,405,335,70,新光-新竹,2023-07-24,8563
00751B,元大AAA至A公司債,96,38,58,新光-新竹,2023-07-24,8563
00688L,國泰20年美債正2,56,0,56,新光-新竹,2023-07-24,8563
3221,台嘉碩,56,2,54,新光-新竹,2023-07-24,8563
1907,永豐餘,62,9,53,新光-新竹,2023-07-24,8563
00753L,中信中國50正2,52,0,52,新光-新竹,2023-07-24,8563
2542,興富發,57,7,50,新光-新竹,2023-07-24,8563
1802,台玻,50,0,50,新光-新竹,2023-07-24,8563
2537,聯上發,50,0,50,新光-新竹,2023-07-24,8563
2883,凱基金,65,16,49,新光-新竹,2023-07-24,8563
6125,廣運,96,47,49,新光-新竹,2023-07-24,8563
3035,智原,200,152,48,新光-新竹,2023-07-24,8563
3289,宜特,61,14,47,新光-新竹,2023-07-24,8563
2301,光寶科,125,79,46,新光-新竹,2023-07-24,8563
2405,輔信,121,79,42,新光-新竹,2023-07-24,8563
2891,中信金,46,4,42,新光-新竹,2023-07-24,8563
1710,東聯,40,0,40,新光-新竹,2023-07-24,8563
3682,亞太電,40,0,40,新光-新竹,2023-07-24,8563
1402,遠東新,39,0,39,新光-新竹,2023-07-24,8563
2412,中華電,39,0,39,新光-新竹,2023-07-24,8563
5531,鄉林,37,0,37,新光-新竹,2023-07-24,8563
2610,華航,61,24,37,新光-新竹,2023-07-24,8563
1806,冠軍,36,0,36,新光-新竹,2023-07-24,8563
4989,榮科,33,0,33,新光-新竹,2023-07-24,8563
3027,盛達,33,1,32,新光-新竹,2023-07-24,8563
4439,冠星-KY,32,0,32,新光-新竹,2023-07-24,8563
2352,佳世達,68,36,32,新光-新竹,2023-07-24,8563
3013,晟銘電,256,225,31,新光-新竹,2023-07-24,8563
1609,大亞,208,177,31,新光-新竹,2023-07-24,8563
00670L,富邦NASDAQ正2,30,0,30,新光-新竹,2023-07-24,8563
5443,均豪,30,0,30,新光-新竹,2023-07-24,8563
5206,坤悅,30,0,30,新光-新竹,2023-07-24,8563
3051,力特,207,177,30,新光-新竹,2023-07-24,8563
2356,英業達,102,73,29,新光-新竹,2023-07-24,8563
00885,富邦越南,29,0,29,新光-新竹,2023-07-24,8563
00687B,國泰20年美債,70,43,27,新光-新竹,2023-07-24,8563
2535,達欣工,27,0,27,新光-新竹,2023-07-24,8563
2421,建準,126,99,27,新光-新竹,2023-07-24,8563
00710B,復華彭博非投等債,25,0,25,新光-新竹,2023-07-24,8563
1102,亞泥,26,2,24,新光-新竹,2023-07-24,8563
6530,創威,24,0,24,新光-新竹,2023-07-24,8563
00680L,元大美債20正2,770,100,670,新光-新竹,2023-07-25,8563
00688L,國泰20年美債正2,406,0,406,新光-新竹,2023-07-25,8563
00632R,元大台灣50反1,583,213,370,新光-新竹,2023-07-25,8563
00900,富邦特選高股息30,331,15,316,新光-新竹,2023-07-25,8563
00929,復華台灣科技優息,286,48,238,新光-新竹,2023-07-25,8563
00768B,復華20年美債,208,0,208,新光-新竹,2023-07-25,8563
3037,欣興,308,119,189,新光-新竹,2023-07-25,8563
2887,台新金,202,59,143,新光-新竹,2023-07-25,8563
00878,國泰永續高股息,413,283,130,新光-新竹,2023-07-25,8563
3518,柏騰,127,1,126,新光-新竹,2023-07-25,8563
2368,金像電,154,38,116,新光-新竹,2023-07-25,8563
00664R,國泰臺灣加權反1,114,0,114,新光-新竹,2023-07-25,8563
00673R,期元大S＆P原油反1,115,12,103,新光-新竹,2023-07-25,8563
00676R,富邦臺灣加權反1,100,0,100,新光-新竹,2023-07-25,8563
00772B,中信高評級公司債,132,35,97,新光-新竹,2023-07-25,8563
2534,宏盛,95,0,95,新光-新竹,2023-07-25,8563
00720B,元大投資級公司債,201,110,91,新光-新竹,2023-07-25,8563
2382,廣達,630,565,65,新光-新竹,2023-07-25,8563
00795B,中信美國公債20年,58,1,57,新光-新竹,2023-07-25,8563
2376,技嘉,212,159,53,新光-新竹,2023-07-25,8563
4906,正文,63,10,53,新光-新竹,2023-07-25,8563
00885,富邦越南,49,0,49,新光-新竹,2023-07-25,8563
1603,華電,157,110,47,新光-新竹,2023-07-25,8563
4533,協易機,60,16,44,新光-新竹,2023-07-25,8563
1905,華紙,161,119,42,新光-新竹,2023-07-25,8563
9958,世紀鋼,70,28,42,新光-新竹,2023-07-25,8563
3231,緯創,93,53,40,新光-新竹,2023-07-25,8563
2464,盟立,41,3,38,新光-新竹,2023-07-25,8563
2312,金寶,63,26,37,新光-新竹,2023-07-25,8563
006208,富邦台50,47,11,36,新光-新竹,2023-07-25,8563
2354,鴻準,70,34,36,新光-新竹,2023-07-25,8563
6203,海韻電,39,3,36,新光-新竹,2023-07-25,8563
2419,仲琦,68,34,34,新光-新竹,2023-07-25,8563
00712,復華富時不動產,187,155,32,新光-新竹,2023-07-25,8563
2458,義隆,43,11,32,新光-新竹,2023-07-25,8563
3289,宜特,36,5,31,新光-新竹,2023-07-25,8563
00850,元大臺灣ESG永續,31,0,31,新光-新竹,2023-07-25,8563
8930,青鋼,30,0,30,新光-新竹,2023-07-25,8563
5206,坤悅,30,0,30,新光-新竹,2023-07-25,8563
6182,合晶,39,11,28,新光-新竹,2023-07-25,8563
3706,神達,50,23,27,新光-新竹,2023-07-25,8563
1560,中砂,48,21,27,新光-新竹,2023-07-25,8563
3702,大聯大,26,0,26,新光-新竹,2023-07-25,8563
1218,泰山,33,7,26,新光-新竹,2023-07-25,8563
6869,雲豹能源,27,3,24,新光-新竹,2023-07-25,8563
4989,榮科,56,33,23,新光-新竹,2023-07-25,8563
5452,佶優,82,59,23,新光-新竹,2023-07-25,8563
6125,廣運,206,184,22,新光-新竹,2023-07-25,8563
3013,晟銘電,69,47,22,新光-新竹,2023-07-25,8563
1609,大亞,56,35,21,新光-新竹,2023-07-25,8563
4102,永日,759,170,589,新光-新竹,2023-07-26,8563
00929,復華台灣科技優息,395,4,391,新光-新竹,2023-07-26,8563
00772B,中信高評級公司債,262,42,220,新光-新竹,2023-07-26,8563
2344,華邦電,220,5,215,新光-新竹,2023-07-26,8563
00680L,元大美債20正2,212,0,212,新光-新竹,2023-07-26,8563
00720B,元大投資級公司債,191,3,188,新光-新竹,2023-07-26,8563
6257,矽格,156,8,148,新光-新竹,2023-07-26,8563
1504,東元,507,365,142,新光-新竹,2023-07-26,8563
6016,康和證,123,1,122,新光-新竹,2023-07-26,8563
00753L,中信中國50正2,156,52,104,新光-新竹,2023-07-26,8563
3035,智原,106,4,102,新光-新竹,2023-07-26,8563
4532,瑞智,147,56,91,新光-新竹,2023-07-26,8563
00768B,復華20年美債,87,0,87,新光-新竹,2023-07-26,8563
00665L,富邦�琤肭磪囓�2,141,63,78,新光-新竹,2023-07-26,8563
00773B,中信優先金融債,100,25,75,新光-新竹,2023-07-26,8563
00688L,國泰20年美債正2,72,0,72,新光-新竹,2023-07-26,8563
00712,復華富時不動產,117,57,60,新光-新竹,2023-07-26,8563
2458,義隆,62,3,59,新光-新竹,2023-07-26,8563
5443,均豪,58,0,58,新光-新竹,2023-07-26,8563
5483,中美晶,55,3,52,新光-新竹,2023-07-26,8563
00679B,元大美債20年,54,3,51,新光-新竹,2023-07-26,8563
6271,同欣電,55,6,49,新光-新竹,2023-07-26,8563
3013,晟銘電,145,96,49,新光-新竹,2023-07-26,8563
4123,晟德,97,50,47,新光-新竹,2023-07-26,8563
6125,廣運,93,47,46,新光-新竹,2023-07-26,8563
3014,聯陽,48,5,43,新光-新竹,2023-07-26,8563
00673R,期元大S＆P原油反1,42,0,42,新光-新竹,2023-07-26,8563
00751B,元大AAA至A公司債,42,3,39,新光-新竹,2023-07-26,8563
4906,正文,47,8,39,新光-新竹,2023-07-26,8563
2409,友達,114,77,37,新光-新竹,2023-07-26,8563
3363,上詮,42,6,36,新光-新竹,2023-07-26,8563
1471,首利,41,5,36,新光-新竹,2023-07-26,8563
3029,零壹,110,74,36,新光-新竹,2023-07-26,8563
4533,協易機,345,310,35,新光-新竹,2023-07-26,8563
1513,中興電,61,28,33,新光-新竹,2023-07-26,8563
3289,宜特,46,14,32,新光-新竹,2023-07-26,8563
6282,康舒,168,136,32,新光-新竹,2023-07-26,8563
00891,中信關鍵半導體,30,0,30,新光-新竹,2023-07-26,8563
00669R,國泰美國道瓊反1,30,0,30,新光-新竹,2023-07-26,8563
6274,台燿,276,246,30,新光-新竹,2023-07-26,8563
2420,新巨,30,1,29,新光-新竹,2023-07-26,8563
6657,華安,36,7,29,新光-新竹,2023-07-26,8563
2103,台橡,28,0,28,新光-新竹,2023-07-26,8563
2887,台新金,61,33,28,新光-新竹,2023-07-26,8563
1789,神隆,46,20,26,新光-新竹,2023-07-26,8563
00761B,國泰A級公司債,26,0,26,新光-新竹,2023-07-26,8563
2421,建準,103,77,26,新光-新竹,2023-07-26,8563
00632R,元大台灣50反1,26,0,26,新光-新竹,2023-07-26,8563
2303,聯電,32,7,25,新光-新竹,2023-07-26,8563
2471,資通,25,0,25,新光-新竹,2023-07-26,8563
00632R,元大台灣50反1,491,163,328,新光-新竹,2023-07-27,8563
00687B,國泰20年美債,287,0,287,新光-新竹,2023-07-27,8563
2887,台新金,201,3,198,新光-新竹,2023-07-27,8563
00679B,元大美債20年,140,13,127,新光-新竹,2023-07-27,8563
00753L,中信中國50正2,131,5,126,新光-新竹,2023-07-27,8563
2884,玉山金,128,8,120,新光-新竹,2023-07-27,8563
2897,王道銀行,110,0,110,新光-新竹,2023-07-27,8563
4533,協易機,237,145,92,新光-新竹,2023-07-27,8563
3163,波若威,163,81,82,新光-新竹,2023-07-27,8563
00664R,國泰臺灣加權反1,70,0,70,新光-新竹,2023-07-27,8563
00929,復華台灣科技優息,80,14,66,新光-新竹,2023-07-27,8563
3518,柏騰,65,1,64,新光-新竹,2023-07-27,8563
2382,廣達,639,577,62,新光-新竹,2023-07-27,8563
1907,永豐餘,204,143,61,新光-新竹,2023-07-27,8563
5230,雷笛克光學,59,0,59,新光-新竹,2023-07-27,8563
00669R,國泰美國道瓊反1,58,0,58,新光-新竹,2023-07-27,8563
1342,八貫,59,2,57,新光-新竹,2023-07-27,8563
00673R,期元大S＆P原油反1,58,3,55,新光-新竹,2023-07-27,8563
2883,凱基金,82,29,53,新光-新竹,2023-07-27,8563
6116,彩晶,143,90,53,新光-新竹,2023-07-27,8563
00752,中信中國50,54,1,53,新光-新竹,2023-07-27,8563
2812,台中銀,51,2,49,新光-新竹,2023-07-27,8563
00885,富邦越南,51,5,46,新光-新竹,2023-07-27,8563
3706,神達,49,8,41,新光-新竹,2023-07-27,8563
00702,國泰標普低波高息,37,0,37,新光-新竹,2023-07-27,8563
00891,中信關鍵半導體,33,0,33,新光-新竹,2023-07-27,8563
2002,中鋼,33,0,33,新光-新竹,2023-07-27,8563
1504,東元,62,31,31,新光-新竹,2023-07-27,8563
3035,智原,45,14,31,新光-新竹,2023-07-27,8563
00772B,中信高評級公司債,34,4,30,新光-新竹,2023-07-27,8563
00773B,中信優先金融債,30,0,30,新光-新竹,2023-07-27,8563
1218,泰山,31,1,30,新光-新竹,2023-07-27,8563
00877,復華中國5G,30,0,30,新光-新竹,2023-07-27,8563
0050,元大台灣50,52,22,30,新光-新竹,2023-07-27,8563
3037,欣興,111,82,29,新光-新竹,2023-07-27,8563
00902,中信電池及儲能,28,0,28,新光-新竹,2023-07-27,8563
00830,國泰費城半導體,39,13,26,新光-新竹,2023-07-27,8563
2009,第一銅,31,5,26,新光-新竹,2023-07-27,8563
00768B,復華20年美債,26,0,26,新光-新竹,2023-07-27,8563
5465,富驊,22,0,22,新光-新竹,2023-07-27,8563
3715,定穎投控,34,12,22,新光-新竹,2023-07-27,8563
1603,華電,21,0,21,新光-新竹,2023-07-27,8563
5475,德宏,21,0,21,新光-新竹,2023-07-27,8563
8358,金居,289,269,20,新光-新竹,2023-07-27,8563
00795B,中信美國公債20年,25,5,20,新光-新竹,2023-07-27,8563
2605,新興,20,0,20,新光-新竹,2023-07-27,8563
1528,恩德,50,30,20,新光-新竹,2023-07-27,8563
6016,康和證,20,0,20,新光-新竹,2023-07-27,8563
3702,大聯大,21,1,20,新光-新竹,2023-07-27,8563
5392,能率,20,0,20,新光-新竹,2023-07-27,8563
00680L,元大美債20正2,1109,558,551,新光-新竹,2023-07-28,8563
00720B,元大投資級公司債,400,1,399,新光-新竹,2023-07-28,8563
00688L,國泰20年美債正2,741,346,395,新光-新竹,2023-07-28,8563
2913,農林,480,175,305,新光-新竹,2023-07-28,8563
00679B,元大美債20年,300,42,258,新光-新竹,2023-07-28,8563
00772B,中信高評級公司債,189,4,185,新光-新竹,2023-07-28,8563
00687B,國泰20年美債,183,18,165,新光-新竹,2023-07-28,8563
8358,金居,282,162,120,新光-新竹,2023-07-28,8563
00795B,中信美國公債20年,97,0,97,新光-新竹,2023-07-28,8563
3518,柏騰,123,37,86,新光-新竹,2023-07-28,8563
2442,新美齊,89,5,84,新光-新竹,2023-07-28,8563
00751B,元大AAA至A公司債,82,0,82,新光-新竹,2023-07-28,8563
5465,富驊,81,3,78,新光-新竹,2023-07-28,8563
00664R,國泰臺灣加權反1,77,0,77,新光-新竹,2023-07-28,8563
4123,晟德,77,5,72,新光-新竹,2023-07-28,8563
2884,玉山金,67,2,65,新光-新竹,2023-07-28,8563
2883B,凱基金乙特,61,0,61,新光-新竹,2023-07-28,8563
2610,華航,65,9,56,新光-新竹,2023-07-28,8563
00671R,富邦NASDAQ反1,55,0,55,新光-新竹,2023-07-28,8563
1802,台玻,64,11,53,新光-新竹,2023-07-28,8563
00673R,期元大S＆P原油反1,66,15,51,新光-新竹,2023-07-28,8563
2883,凱基金,72,23,49,新光-新竹,2023-07-28,8563
2317,鴻海,81,34,47,新光-新竹,2023-07-28,8563
3231,緯創,395,352,43,新光-新竹,2023-07-28,8563
00753L,中信中國50正2,42,2,40,新光-新竹,2023-07-28,8563
1217,愛之味,110,70,40,新光-新竹,2023-07-28,8563
2845,遠東銀,110,72,38,新光-新竹,2023-07-28,8563
6282,康舒,123,89,34,新光-新竹,2023-07-28,8563
2301,光寶科,182,148,34,新光-新竹,2023-07-28,8563
2002,中鋼,34,1,33,新光-新竹,2023-07-28,8563
4907,富宇,31,0,31,新光-新竹,2023-07-28,8563
1907,永豐餘,56,26,30,新光-新竹,2023-07-28,8563
5905,南仁湖,30,0,30,新光-新竹,2023-07-28,8563
6190,萬泰科,39,10,29,新光-新竹,2023-07-28,8563
00929,復華台灣科技優息,93,64,29,新光-新竹,2023-07-28,8563
2357,華碩,66,40,26,新光-新竹,2023-07-28,8563
00761B,國泰A級公司債,26,0,26,新光-新竹,2023-07-28,8563
2885,元大金,25,0,25,新光-新竹,2023-07-28,8563
00773B,中信優先金融債,29,4,25,新光-新竹,2023-07-28,8563
3056,富華新,101,76,25,新光-新竹,2023-07-28,8563
2022,聚亨,24,0,24,新光-新竹,2023-07-28,8563
6205,詮欣,24,0,24,新光-新竹,2023-07-28,8563
5206,坤悅,24,0,24,新光-新竹,2023-07-28,8563
2027,大成鋼,51,27,24,新光-新竹,2023-07-28,8563
5880,合庫金,26,3,23,新光-新竹,2023-07-28,8563
9945,潤泰新,23,0,23,新光-新竹,2023-07-28,8563
6548,長科*,24,1,23,新光-新竹,2023-07-28,8563
3038,全台,26,3,23,新光-新竹,2023-07-28,8563
5483,中美晶,31,9,22,新光-新竹,2023-07-28,8563
1532,勤美,22,0,22,新光-新竹,2023-07-28,8563
2312,金寶,635,177,458,新光-新竹,2023-07-31,8563
2884,玉山金,339,71,268,新光-新竹,2023-07-31,8563
3325,旭品,304,47,257,新光-新竹,2023-07-31,8563
00679B,元大美債20年,225,7,218,新光-新竹,2023-07-31,8563
00768B,復華20年美債,216,0,216,新光-新竹,2023-07-31,8563
00929,復華台灣科技優息,496,290,206,新光-新竹,2023-07-31,8563
00795B,中信美國公債20年,183,0,183,新光-新竹,2023-07-31,8563
2520,冠德,170,20,150,新光-新竹,2023-07-31,8563
1802,台玻,171,33,138,新光-新竹,2023-07-31,8563
3231,緯創,505,376,129,新光-新竹,2023-07-31,8563
2851,中再保,121,0,121,新光-新竹,2023-07-31,8563
00680L,元大美債20正2,106,0,106,新光-新竹,2023-07-31,8563
00665L,富邦�琤肭磪囓�2,126,27,99,新光-新竹,2023-07-31,8563
6282,康舒,418,319,99,新光-新竹,2023-07-31,8563
00715L,期街口布蘭特正2,125,27,98,新光-新竹,2023-07-31,8563
1319,東陽,121,29,92,新光-新竹,2023-07-31,8563
4102,永日,135,49,86,新光-新竹,2023-07-31,8563
3324,雙鴻,131,49,82,新光-新竹,2023-07-31,8563
00637L,元大滬深300正2,93,14,79,新光-新竹,2023-07-31,8563
2352,佳世達,100,22,78,新光-新竹,2023-07-31,8563
2317,鴻海,147,70,77,新光-新竹,2023-07-31,8563
2888,新光金,225,150,75,新光-新竹,2023-07-31,8563
3163,波若威,136,64,72,新光-新竹,2023-07-31,8563
2371,大同,91,22,69,新光-新竹,2023-07-31,8563
2002,中鋼,74,11,63,新光-新竹,2023-07-31,8563
00751B,元大AAA至A公司債,68,6,62,新光-新竹,2023-07-31,8563
00706L,期元大S＆P日圓正2,65,5,60,新光-新竹,2023-07-31,8563
1789,神隆,90,30,60,新光-新竹,2023-07-31,8563
8105,凌巨,60,0,60,新光-新竹,2023-07-31,8563
6869,雲豹能源,101,42,59,新光-新竹,2023-07-31,8563
2609,陽明,78,22,56,新光-新竹,2023-07-31,8563
6120,達運,58,3,55,新光-新竹,2023-07-31,8563
9941A,裕融甲特,53,0,53,新光-新竹,2023-07-31,8563
2883,凱基金,58,6,52,新光-新竹,2023-07-31,8563
00919,群益台灣精選高息,80,28,52,新光-新竹,2023-07-31,8563
2388,威盛,55,4,51,新光-新竹,2023-07-31,8563
2020,美亞,50,0,50,新光-新竹,2023-07-31,8563
00882,中信中國高股息,86,36,50,新光-新竹,2023-07-31,8563
5285,界霖,52,3,49,新光-新竹,2023-07-31,8563
4938,和碩,55,7,48,新光-新竹,2023-07-31,8563
2801,彰銀,50,4,46,新光-新竹,2023-07-31,8563
1905,華紙,263,219,44,新光-新竹,2023-07-31,8563
2340,台亞,52,10,42,新光-新竹,2023-07-31,8563
5388,中磊,56,16,40,新光-新竹,2023-07-31,8563
4123,晟德,42,3,39,新光-新竹,2023-07-31,8563
00687B,國泰20年美債,38,0,38,新光-新竹,2023-07-31,8563
3339,泰谷,40,2,38,新光-新竹,2023-07-31,8563
2603,長榮,48,11,37,新光-新竹,2023-07-31,8563
2382,廣達,240,204,36,新光-新竹,2023-07-31,8563
2353,宏��,54,18,36,新光-新竹,2023-07-31,8563
00637L,元大滬深300正2,677,30,647,新光-新竹,2023-08-01,8563
1802,台玻,416,74,342,新光-新竹,2023-08-01,8563
00929,復華台灣科技優息,333,94,239,新光-新竹,2023-08-01,8563
00900,富邦特選高股息30,210,2,208,新光-新竹,2023-08-01,8563
00673R,期元大S＆P原油反1,210,3,207,新光-新竹,2023-08-01,8563
9927,泰銘,178,20,158,新光-新竹,2023-08-01,8563
00878,國泰永續高股息,478,333,145,新光-新竹,2023-08-01,8563
00632R,元大台灣50反1,578,452,126,新光-新竹,2023-08-01,8563
3481,群創,211,92,119,新光-新竹,2023-08-01,8563
2312,金寶,170,75,95,新光-新竹,2023-08-01,8563
00795B,中信美國公債20年,94,0,94,新光-新竹,2023-08-01,8563
00882,中信中國高股息,86,0,86,新光-新竹,2023-08-01,8563
00706L,期元大S＆P日圓正2,79,0,79,新光-新竹,2023-08-01,8563
1326,台化,78,0,78,新光-新竹,2023-08-01,8563
00665L,富邦�琤肭磪囓�2,97,23,74,新光-新竹,2023-08-01,8563
5443,均豪,139,66,73,新光-新竹,2023-08-01,8563
1905,華紙,90,18,72,新光-新竹,2023-08-01,8563
5328,華容,63,1,62,新光-新竹,2023-08-01,8563
6207,雷科,81,20,61,新光-新竹,2023-08-01,8563
00751B,元大AAA至A公司債,65,7,58,新光-新竹,2023-08-01,8563
3324,雙鴻,99,45,54,新光-新竹,2023-08-01,8563
00772B,中信高評級公司債,111,59,52,新光-新竹,2023-08-01,8563
3188,鑫龍騰,50,0,50,新光-新竹,2023-08-01,8563
5388,中磊,97,50,47,新光-新竹,2023-08-01,8563
3346,麗清,69,25,44,新光-新竹,2023-08-01,8563
00679B,元大美債20年,86,45,41,新光-新竹,2023-08-01,8563
00687B,國泰20年美債,60,20,40,新光-新竹,2023-08-01,8563
6282,康舒,181,142,39,新光-新竹,2023-08-01,8563
2887,台新金,40,1,39,新光-新竹,2023-08-01,8563
4909,新復興,39,0,39,新光-新竹,2023-08-01,8563
2401,凌陽,43,5,38,新光-新竹,2023-08-01,8563
2031,新光鋼,35,0,35,新光-新竹,2023-08-01,8563
0056,元大高股息,98,64,34,新光-新竹,2023-08-01,8563
2352,佳世達,61,27,34,新光-新竹,2023-08-01,8563
3105,穩懋,45,12,33,新光-新竹,2023-08-01,8563
00923,群益台ESG低碳50,33,0,33,新光-新竹,2023-08-01,8563
2535,達欣工,33,1,32,新光-新竹,2023-08-01,8563
1402,遠東新,31,0,31,新光-新竹,2023-08-01,8563
2618,長榮航,148,118,30,新光-新竹,2023-08-01,8563
00885,富邦越南,31,2,29,新光-新竹,2023-08-01,8563
4102,永日,72,43,29,新光-新竹,2023-08-01,8563
9941A,裕融甲特,29,0,29,新光-新竹,2023-08-01,8563
2883,凱基金,79,51,28,新光-新竹,2023-08-01,8563
5515,建國,27,0,27,新光-新竹,2023-08-01,8563
1616,億泰,26,0,26,新光-新竹,2023-08-01,8563
3339,泰谷,29,3,26,新光-新竹,2023-08-01,8563
00713,元大台灣高息低波,25,1,24,新光-新竹,2023-08-01,8563
00773B,中信優先金融債,23,0,23,新光-新竹,2023-08-01,8563
5465,富驊,25,2,23,新光-新竹,2023-08-01,8563
2383,台光電,26,6,20,新光-新竹,2023-08-01,8563
2891,中信金,1104,51,1053,新光-新竹,2023-08-02,8563
00712,復華富時不動產,1183,343,840,新光-新竹,2023-08-02,8563
00680L,元大美債20正2,904,95,809,新光-新竹,2023-08-02,8563
00929,復華台灣科技優息,334,22,312,新光-新竹,2023-08-02,8563
00751B,元大AAA至A公司債,229,0,229,新光-新竹,2023-08-02,8563
00687B,國泰20年美債,240,15,225,新光-新竹,2023-08-02,8563
2369,菱生,201,6,195,新光-新竹,2023-08-02,8563
00679B,元大美債20年,200,9,191,新光-新竹,2023-08-02,8563
00878,國泰永續高股息,1048,866,182,新光-新竹,2023-08-02,8563
4102,永日,214,64,150,新光-新竹,2023-08-02,8563
00795B,中信美國公債20年,146,0,146,新光-新竹,2023-08-02,8563
00720B,元大投資級公司債,151,11,140,新光-新竹,2023-08-02,8563
00715L,期街口布蘭特正2,360,226,134,新光-新竹,2023-08-02,8563
1605,華新,376,255,121,新光-新竹,2023-08-02,8563
6285,啟��,215,102,113,新光-新竹,2023-08-02,8563
2851,中再保,110,0,110,新光-新竹,2023-08-02,8563
00900,富邦特選高股息30,135,31,104,新光-新竹,2023-08-02,8563
0056,元大高股息,188,87,101,新光-新竹,2023-08-02,8563
00930,永豐ESG低碳高息,102,1,101,新光-新竹,2023-08-02,8563
00772B,中信高評級公司債,108,11,97,新光-新竹,2023-08-02,8563
00665L,富邦�琤肭磪囓�2,116,30,86,新光-新竹,2023-08-02,8563
2618,長榮航,224,139,85,新光-新竹,2023-08-02,8563
2317,鴻海,102,26,76,新光-新竹,2023-08-02,8563
8390,金益鼎,73,4,69,新光-新竹,2023-08-02,8563
2301,光寶科,362,293,69,新光-新竹,2023-08-02,8563
1326,台化,69,3,66,新光-新竹,2023-08-02,8563
1108,幸福,98,33,65,新光-新竹,2023-08-02,8563
3037,欣興,147,82,65,新光-新竹,2023-08-02,8563
6218,豪勉,67,4,63,新光-新竹,2023-08-02,8563
00923,群益台ESG低碳50,65,2,63,新光-新竹,2023-08-02,8563
4909,新復興,60,0,60,新光-新竹,2023-08-02,8563
00688L,國泰20年美債正2,53,0,53,新光-新竹,2023-08-02,8563
6443,元晶,57,5,52,新光-新竹,2023-08-02,8563
00631L,元大台灣50正2,76,25,51,新光-新竹,2023-08-02,8563
3188,鑫龍騰,50,0,50,新光-新竹,2023-08-02,8563
2884,玉山金,79,29,50,新光-新竹,2023-08-02,8563
1616,億泰,80,32,48,新光-新竹,2023-08-02,8563
00722B,群益投資級電信債,46,0,46,新光-新竹,2023-08-02,8563
2886,兆豐金,47,3,44,新光-新竹,2023-08-02,8563
2883,凱基金,47,4,43,新光-新竹,2023-08-02,8563
5880,合庫金,56,13,43,新光-新竹,2023-08-02,8563
2409,友達,59,17,42,新光-新竹,2023-08-02,8563
3325,旭品,167,127,40,新光-新竹,2023-08-02,8563
6282,康舒,125,85,40,新光-新竹,2023-08-02,8563
8930,青鋼,39,0,39,新光-新竹,2023-08-02,8563
00637L,元大滬深300正2,67,29,38,新光-新竹,2023-08-02,8563
1785,光洋科,106,69,37,新光-新竹,2023-08-02,8563
2845,遠東銀,48,11,37,新光-新竹,2023-08-02,8563
5465,富驊,50,14,36,新光-新竹,2023-08-02,8563
020033,統一�琤肮黕篾,36,0,36,新光-新竹,2023-08-02,8563
00688L,國泰20年美債正2,3279,230,3049,新光-新竹,2023-08-04,8563
00687B,國泰20年美債,870,155,715,新光-新竹,2023-08-04,8563
00929,復華台灣科技優息,386,5,381,新光-新竹,2023-08-04,8563
00768B,復華20年美債,270,13,257,新光-新竹,2023-08-04,8563
00795B,中信美國公債20年,234,6,228,新光-新竹,2023-08-04,8563
2891,中信金,210,10,200,新光-新竹,2023-08-04,8563
00720B,元大投資級公司債,201,9,192,新光-新竹,2023-08-04,8563
2887,台新金,175,2,173,新光-新竹,2023-08-04,8563
00679B,元大美債20年,412,281,131,新光-新竹,2023-08-04,8563
00712,復華富時不動產,255,127,128,新光-新竹,2023-08-04,8563
2382,廣達,345,236,109,新光-新竹,2023-08-04,8563
6187,萬潤,127,20,107,新光-新竹,2023-08-04,8563
2369,菱生,105,0,105,新光-新竹,2023-08-04,8563
2344,華邦電,186,85,101,新光-新竹,2023-08-04,8563
00900,富邦特選高股息30,101,4,97,新光-新竹,2023-08-04,8563
2014,中鴻,92,24,68,新光-新竹,2023-08-04,8563
00696B,富邦美債20年,71,4,67,新光-新竹,2023-08-04,8563
5388,中磊,76,13,63,新光-新竹,2023-08-04,8563
3231,緯創,497,439,58,新光-新竹,2023-08-04,8563
00885,富邦越南,63,9,54,新光-新竹,2023-08-04,8563
00773B,中信優先金融債,52,0,52,新光-新竹,2023-08-04,8563
00830,國泰費城半導體,50,0,50,新光-新竹,2023-08-04,8563
6274,台燿,285,238,47,新光-新竹,2023-08-04,8563
00722B,群益投資級電信債,47,0,47,新光-新竹,2023-08-04,8563
2353,宏��,57,12,45,新光-新竹,2023-08-04,8563
2368,金像電,59,15,44,新光-新竹,2023-08-04,8563
2610,華航,53,10,43,新光-新竹,2023-08-04,8563
2913,農林,509,467,42,新光-新竹,2023-08-04,8563
2371,大同,44,3,41,新光-新竹,2023-08-04,8563
3188,鑫龍騰,41,0,41,新光-新竹,2023-08-04,8563
1432,大魯閣,41,0,41,新光-新竹,2023-08-04,8563
5871,中租-KY,82,42,40,新光-新竹,2023-08-04,8563
00878,國泰永續高股息,441,401,40,新光-新竹,2023-08-04,8563
3324,雙鴻,65,26,39,新光-新竹,2023-08-04,8563
00715L,期街口布蘭特正2,53,15,38,新光-新竹,2023-08-04,8563
2206,三陽工業,65,29,36,新光-新竹,2023-08-04,8563
00764B,群益25年美債,33,0,33,新光-新竹,2023-08-04,8563
2303,聯電,52,20,32,新光-新竹,2023-08-04,8563
3308,聯德,33,2,31,新光-新竹,2023-08-04,8563
2020,美亞,30,0,30,新光-新竹,2023-08-04,8563
00633L,富邦上証正2,45,15,30,新光-新竹,2023-08-04,8563
1605,華新,126,99,27,新光-新竹,2023-08-04,8563
2845,遠東銀,27,1,26,新光-新竹,2023-08-04,8563
00725B,國泰投資級公司債,27,2,25,新光-新竹,2023-08-04,8563
3706,神達,43,18,25,新光-新竹,2023-08-04,8563
00891,中信關鍵半導體,29,5,24,新光-新竹,2023-08-04,8563
00895,富邦未來車,23,0,23,新光-新竹,2023-08-04,8563
3013,晟銘電,36,13,23,新光-新竹,2023-08-04,8563
3583,辛耘,120,99,21,新光-新竹,2023-08-04,8563
00907,永豐優息存股,21,0,21,新光-新竹,2023-08-04,8563
00753L,中信中國50正2,319,15,304,新光-新竹,2023-08-07,8563
00931B,統一美債20年,297,0,297,新光-新竹,2023-08-07,8563
00720B,元大投資級公司債,174,6,168,新光-新竹,2023-08-07,8563
2883,凱基金,155,1,154,新光-新竹,2023-08-07,8563
00795B,中信美國公債20年,138,0,138,新光-新竹,2023-08-07,8563
00632R,元大台灣50反1,238,110,128,新光-新竹,2023-08-07,8563
00900,富邦特選高股息30,123,0,123,新光-新竹,2023-08-07,8563
6213,聯茂,126,7,119,新光-新竹,2023-08-07,8563
2520,冠德,99,1,98,新光-新竹,2023-08-07,8563
4102,永日,145,62,83,新光-新竹,2023-08-07,8563
2609,陽明,141,58,83,新光-新竹,2023-08-07,8563
00882,中信中國高股息,60,0,60,新光-新竹,2023-08-07,8563
00919,群益台灣精選高息,72,12,60,新光-新竹,2023-08-07,8563
2610,華航,119,60,59,新光-新竹,2023-08-07,8563
4906,正文,65,11,54,新光-新竹,2023-08-07,8563
2317,鴻海,76,23,53,新光-新竹,2023-08-07,8563
3706,神達,148,96,52,新光-新竹,2023-08-07,8563
00664R,國泰臺灣加權反1,50,0,50,新光-新竹,2023-08-07,8563
3257,虹冠電,68,19,49,新光-新竹,2023-08-07,8563
00772B,中信高評級公司債,52,5,47,新光-新竹,2023-08-07,8563
6197,佳必琪,48,1,47,新光-新竹,2023-08-07,8563
6196,帆宣,50,4,46,新光-新竹,2023-08-07,8563
6274,台燿,221,176,45,新光-新竹,2023-08-07,8563
2504,國產,50,9,41,新光-新竹,2023-08-07,8563
4968,立積,42,1,41,新光-新竹,2023-08-07,8563
2891,中信金,51,13,38,新光-新竹,2023-08-07,8563
5905,南仁湖,37,0,37,新光-新竹,2023-08-07,8563
00673R,期元大S＆P原油反1,35,0,35,新光-新竹,2023-08-07,8563
5871,中租-KY,101,67,34,新光-新竹,2023-08-07,8563
2618,長榮航,173,139,34,新光-新竹,2023-08-07,8563
1909,榮成,36,3,33,新光-新竹,2023-08-07,8563
5443,均豪,33,2,31,新光-新竹,2023-08-07,8563
2301,光寶科,336,305,31,新光-新竹,2023-08-07,8563
1308,亞聚,30,0,30,新光-新竹,2023-08-07,8563
00637L,元大滬深300正2,69,40,29,新光-新竹,2023-08-07,8563
2388,威盛,96,68,28,新光-新竹,2023-08-07,8563
00722B,群益投資級電信債,27,0,27,新光-新竹,2023-08-07,8563
00751B,元大AAA至A公司債,29,3,26,新光-新竹,2023-08-07,8563
1108,幸福,30,4,26,新光-新竹,2023-08-07,8563
2419,仲琦,33,8,25,新光-新竹,2023-08-07,8563
1216,統一,24,0,24,新光-新竹,2023-08-07,8563
00713,元大台灣高息低波,37,13,24,新光-新竹,2023-08-07,8563
00895,富邦未來車,23,0,23,新光-新竹,2023-08-07,8563
3682,亞太電,23,0,23,新光-新竹,2023-08-07,8563
2382,廣達,361,339,22,新光-新竹,2023-08-07,8563
0050,元大台灣50,34,12,22,新光-新竹,2023-08-07,8563
020033,統一�琤肮黕篾,22,0,22,新光-新竹,2023-08-07,8563
3105,穩懋,27,5,22,新光-新竹,2023-08-07,8563
1904,正隆,26,5,21,新光-新竹,2023-08-07,8563
3017,奇鋐,63,42,21,新光-新竹,2023-08-07,8563
00929,復華台灣科技優息,553,10,543,新光-新竹,2023-08-08,8563
2409,友達,252,21,231,新光-新竹,2023-08-08,8563
00878,國泰永續高股息,357,154,203,新光-新竹,2023-08-08,8563
00900,富邦特選高股息30,108,0,108,新光-新竹,2023-08-08,8563
3231,緯創,585,480,105,新光-新竹,2023-08-08,8563
2352,佳世達,107,7,100,新光-新竹,2023-08-08,8563
00665L,富邦�琤肭磪囓�2,226,133,93,新光-新竹,2023-08-08,8563
00688L,國泰20年美債正2,92,5,87,新光-新竹,2023-08-08,8563
2356,英業達,322,238,84,新光-新竹,2023-08-08,8563
3044,健鼎,100,27,73,新光-新竹,2023-08-08,8563
00680L,元大美債20正2,75,2,73,新光-新竹,2023-08-08,8563
2891,中信金,80,9,71,新光-新竹,2023-08-08,8563
00687B,國泰20年美債,71,0,71,新光-新竹,2023-08-08,8563
1101,台泥,70,1,69,新光-新竹,2023-08-08,8563
00931B,統一美債20年,67,0,67,新光-新竹,2023-08-08,8563
00885,富邦越南,67,3,64,新光-新竹,2023-08-08,8563
2363,矽統,121,57,64,新光-新竹,2023-08-08,8563
6108,競國,61,0,61,新光-新竹,2023-08-08,8563
3481,群創,65,10,55,新光-新竹,2023-08-08,8563
3032,偉訓,79,26,53,新光-新竹,2023-08-08,8563
0050,元大台灣50,52,1,51,新光-新竹,2023-08-08,8563
2834,臺企銀,49,3,46,新光-新竹,2023-08-08,8563
2883,凱基金,54,12,42,新光-新竹,2023-08-08,8563
6140,訊達,40,0,40,新光-新竹,2023-08-08,8563
2303,聯電,94,54,40,新光-新竹,2023-08-08,8563
6274,台燿,115,77,38,新光-新竹,2023-08-08,8563
2812,台中銀,37,0,37,新光-新竹,2023-08-08,8563
00772B,中信高評級公司債,36,0,36,新光-新竹,2023-08-08,8563
00631L,元大台灣50正2,36,2,34,新光-新竹,2023-08-08,8563
00907,永豐優息存股,33,0,33,新光-新竹,2023-08-08,8563
1618,合機,36,3,33,新光-新竹,2023-08-08,8563
5443,均豪,32,0,32,新光-新竹,2023-08-08,8563
00923,群益台ESG低碳50,31,0,31,新光-新竹,2023-08-08,8563
2887,台新金,29,0,29,新光-新竹,2023-08-08,8563
00882,中信中國高股息,35,7,28,新光-新竹,2023-08-08,8563
00706L,期元大S＆P日圓正2,33,5,28,新光-新竹,2023-08-08,8563
00679B,元大美債20年,80,53,27,新光-新竹,2023-08-08,8563
2383,台光電,39,12,27,新光-新竹,2023-08-08,8563
5864,致和證,33,6,27,新光-新竹,2023-08-08,8563
6207,雷科,26,0,26,新光-新竹,2023-08-08,8563
6733,博晟生醫,26,0,26,新光-新竹,2023-08-08,8563
6023,元大期,25,0,25,新光-新竹,2023-08-08,8563
3037,欣興,62,38,24,新光-新竹,2023-08-08,8563
006208,富邦台50,24,0,24,新光-新竹,2023-08-08,8563
2002,中鋼,23,0,23,新光-新竹,2023-08-08,8563
00713,元大台灣高息低波,25,3,22,新光-新竹,2023-08-08,8563
8085,福華,22,0,22,新光-新竹,2023-08-08,8563
5905,南仁湖,22,0,22,新光-新竹,2023-08-08,8563
9933,中鼎,22,0,22,新光-新竹,2023-08-08,8563
00637L,元大滬深300正2,24,2,22,新光-新竹,2023-08-08,8563
00929,復華台灣科技優息,261,14,247,新光-新竹,2023-08-09,8563
2884,玉山金,156,1,155,新光-新竹,2023-08-09,8563
00878,國泰永續高股息,275,120,155,新光-新竹,2023-08-09,8563
4533,協易機,150,11,139,新光-新竹,2023-08-09,8563
2427,三商電,111,0,111,新光-新竹,2023-08-09,8563
00664R,國泰臺灣加權反1,182,72,110,新光-新竹,2023-08-09,8563
2890,永豐金,98,12,86,新光-新竹,2023-08-09,8563
2368,金像電,153,70,83,新光-新竹,2023-08-09,8563
00900,富邦特選高股息30,77,10,67,新光-新竹,2023-08-09,8563
2609,陽明,79,22,57,新光-新竹,2023-08-09,8563
2542,興富發,56,0,56,新光-新竹,2023-08-09,8563
00751B,元大AAA至A公司債,55,1,54,新光-新竹,2023-08-09,8563
00713,元大台灣高息低波,60,7,53,新光-新竹,2023-08-09,8563
00679B,元大美債20年,74,21,53,新光-新竹,2023-08-09,8563
2520,冠德,54,2,52,新光-新竹,2023-08-09,8563
0056,元大高股息,154,104,50,新光-新竹,2023-08-09,8563
3231,緯創,485,434,51,新光-新竹,2023-08-09,8563
6125,廣運,92,44,48,新光-新竹,2023-08-09,8563
3056,富華新,52,5,47,新光-新竹,2023-08-09,8563
2464,盟立,41,1,40,新光-新竹,2023-08-09,8563
6218,豪勉,50,10,40,新光-新竹,2023-08-09,8563
2618,長榮航,419,380,39,新光-新竹,2023-08-09,8563
3290,東浦,38,2,36,新光-新竹,2023-08-09,8563
00772B,中信高評級公司債,36,3,33,新光-新竹,2023-08-09,8563
6672,騰輝電子-KY,52,21,31,新光-新竹,2023-08-09,8563
2633,台灣高鐵,29,0,29,新光-新竹,2023-08-09,8563
5285,界霖,31,2,29,新光-新竹,2023-08-09,8563
020033,統一�琤肮黕篾,28,0,28,新光-新竹,2023-08-09,8563
5880,合庫金,32,4,28,新光-新竹,2023-08-09,8563
4123,晟德,31,4,27,新光-新竹,2023-08-09,8563
8086,宏捷科,30,5,25,新光-新竹,2023-08-09,8563
5258,虹堡,32,7,25,新光-新竹,2023-08-09,8563
1402,遠東新,23,0,23,新光-新竹,2023-08-09,8563
3591,艾笛森,27,4,23,新光-新竹,2023-08-09,8563
2316,楠梓電,113,90,23,新光-新竹,2023-08-09,8563
00665L,富邦�琤肭磪囓�2,94,71,23,新光-新竹,2023-08-09,8563
2002,中鋼,27,6,21,新光-新竹,2023-08-09,8563
2103,台橡,24,3,21,新光-新竹,2023-08-09,8563
2834,臺企銀,21,0,21,新光-新竹,2023-08-09,8563
1210,大成,40,19,21,新光-新竹,2023-08-09,8563
8411,福貞-KY,20,0,20,新光-新竹,2023-08-09,8563
1339,昭輝,21,1,20,新光-新竹,2023-08-09,8563
1809,中釉,20,0,20,新光-新竹,2023-08-09,8563
00753L,中信中國50正2,54,34,20,新光-新竹,2023-08-09,8563
00680L,元大美債20正2,28,8,20,新光-新竹,2023-08-09,8563
00907,永豐優息存股,19,0,19,新光-新竹,2023-08-09,8563
1783,和康生,20,1,19,新光-新竹,2023-08-09,8563
00923,群益台ESG低碳50,18,0,18,新光-新竹,2023-08-09,8563
8069,元太,20,2,18,新光-新竹,2023-08-09,8563
00795B,中信美國公債20年,29,12,17,新光-新竹,2023-08-09,8563
00929,復華台灣科技優息,534,25,509,新光-新竹,2023-08-10,8563
00878,國泰永續高股息,561,249,312,新光-新竹,2023-08-10,8563
00753L,中信中國50正2,218,0,218,新光-新竹,2023-08-10,8563
0056,元大高股息,253,52,201,新光-新竹,2023-08-10,8563
00671R,富邦NASDAQ反1,200,10,190,新光-新竹,2023-08-10,8563
2618,長榮航,224,66,158,新光-新竹,2023-08-10,8563
2888,新光金,216,67,149,新光-新竹,2023-08-10,8563
00919,群益台灣精選高息,145,19,126,新光-新竹,2023-08-10,8563
00720B,元大投資級公司債,135,12,123,新光-新竹,2023-08-10,8563
00900,富邦特選高股息30,122,0,122,新光-新竹,2023-08-10,8563
2891,中信金,118,18,100,新光-新竹,2023-08-10,8563
2344,華邦電,95,1,94,新光-新竹,2023-08-10,8563
00687B,國泰20年美債,111,23,88,新光-新竹,2023-08-10,8563
00669R,國泰美國道瓊反1,80,10,70,新光-新竹,2023-08-10,8563
4102,永日,199,130,69,新光-新竹,2023-08-10,8563
00683L,期元大美元指正2,64,0,64,新光-新竹,2023-08-10,8563
3024,憶聲,64,3,61,新光-新竹,2023-08-10,8563
2886,兆豐金,62,3,59,新光-新竹,2023-08-10,8563
4938,和碩,115,57,58,新光-新竹,2023-08-10,8563
00706L,期元大S＆P日圓正2,54,0,54,新光-新竹,2023-08-10,8563
6126,信音,54,0,54,新光-新竹,2023-08-10,8563
3032,偉訓,65,14,51,新光-新竹,2023-08-10,8563
00676R,富邦臺灣加權反1,50,0,50,新光-新竹,2023-08-10,8563
2534,宏盛,50,0,50,新光-新竹,2023-08-10,8563
00719B,元大美債1-3,50,0,50,新光-新竹,2023-08-10,8563
00921,兆豐龍頭等權重,50,0,50,新光-新竹,2023-08-10,8563
00930,永豐ESG低碳高息,48,1,47,新光-新竹,2023-08-10,8563
2535,達欣工,56,10,46,新光-新竹,2023-08-10,8563
4155,訊映,45,0,45,新光-新竹,2023-08-10,8563
00891,中信關鍵半導體,47,4,43,新光-新竹,2023-08-10,8563
00923,群益台ESG低碳50,42,0,42,新光-新竹,2023-08-10,8563
2812,台中銀,40,0,40,新光-新竹,2023-08-10,8563
3591,艾笛森,48,9,39,新光-新竹,2023-08-10,8563
6285,啟��,84,47,37,新光-新竹,2023-08-10,8563
00715L,期街口布蘭特正2,173,137,36,新光-新竹,2023-08-10,8563
2610,華航,93,59,34,新光-新竹,2023-08-10,8563
3037,欣興,69,35,34,新光-新竹,2023-08-10,8563
0050,元大台灣50,41,8,33,新光-新竹,2023-08-10,8563
006208,富邦台50,34,1,33,新光-新竹,2023-08-10,8563
00673R,期元大S＆P原油反1,48,15,33,新光-新竹,2023-08-10,8563
1513,中興電,56,23,33,新光-新竹,2023-08-10,8563
00680L,元大美債20正2,70,38,32,新光-新竹,2023-08-10,8563
2312,金寶,52,20,32,新光-新竹,2023-08-10,8563
00675L,富邦臺灣加權正2,57,25,32,新光-新竹,2023-08-10,8563
6125,廣運,122,91,31,新光-新竹,2023-08-10,8563
00772B,中信高評級公司債,30,0,30,新光-新竹,2023-08-10,8563
2363,矽統,382,353,29,新光-新竹,2023-08-10,8563
00631L,元大台灣50正2,64,35,29,新光-新竹,2023-08-10,8563
6218,豪勉,30,2,28,新光-新竹,2023-08-10,8563
3290,東浦,28,0,28,新光-新竹,2023-08-10,8563
00687B,國泰20年美債,326,0,326,新光-新竹,2023-08-11,8563
4102,永日,211,34,177,新光-新竹,2023-08-11,8563
00715L,期街口布蘭特正2,356,181,175,新光-新竹,2023-08-11,8563
00688L,國泰20年美債正2,132,0,132,新光-新竹,2023-08-11,8563
2618,長榮航,299,168,131,新光-新竹,2023-08-11,8563
00931B,統一美債20年,110,1,109,新光-新竹,2023-08-11,8563
00633L,富邦上証正2,105,0,105,新光-新竹,2023-08-11,8563
00795B,中信美國公債20年,99,0,99,新光-新竹,2023-08-11,8563
00751B,元大AAA至A公司債,91,0,91,新光-新竹,2023-08-11,8563
00680L,元大美債20正2,144,53,91,新光-新竹,2023-08-11,8563
5880,合庫金,90,1,89,新光-新竹,2023-08-11,8563
2888,新光金,101,13,88,新光-新竹,2023-08-11,8563
00720B,元大投資級公司債,107,22,85,新光-新竹,2023-08-11,8563
00929,復華台灣科技優息,168,83,85,新光-新竹,2023-08-11,8563
00923,群益台ESG低碳50,84,0,84,新光-新竹,2023-08-11,8563
2317,鴻海,89,11,78,新光-新竹,2023-08-11,8563
00772B,中信高評級公司債,74,0,74,新光-新竹,2023-08-11,8563
2892,第一金,68,5,63,新光-新竹,2023-08-11,8563
3231,緯創,429,370,59,新光-新竹,2023-08-11,8563
00706L,期元大S＆P日圓正2,57,0,57,新光-新竹,2023-08-11,8563
2801,彰銀,56,0,56,新光-新竹,2023-08-11,8563
00719B,元大美債1-3,50,0,50,新光-新竹,2023-08-11,8563
2905,三商,47,0,47,新光-新竹,2023-08-11,8563
2883,凱基金,49,7,42,新光-新竹,2023-08-11,8563
3290,東浦,40,0,40,新光-新竹,2023-08-11,8563
3483,力致,50,11,39,新光-新竹,2023-08-11,8563
00665L,富邦�琤肭磪囓�2,43,5,38,新光-新竹,2023-08-11,8563
00900,富邦特選高股息30,38,0,38,新光-新竹,2023-08-11,8563
00924,復華S＆P500成長,39,1,38,新光-新竹,2023-08-11,8563
00885,富邦越南,35,0,35,新光-新竹,2023-08-11,8563
00712,復華富時不動產,50,16,34,新光-新竹,2023-08-11,8563
5285,界霖,35,1,34,新光-新竹,2023-08-11,8563
2886,兆豐金,33,0,33,新光-新竹,2023-08-11,8563
2323,中環,30,0,30,新光-新竹,2023-08-11,8563
8390,金益鼎,31,1,30,新光-新竹,2023-08-11,8563
8210,勤誠,40,11,29,新光-新竹,2023-08-11,8563
00878,國泰永續高股息,209,181,28,新光-新竹,2023-08-11,8563
00753L,中信中國50正2,49,21,28,新光-新竹,2023-08-11,8563
2885,元大金,27,0,27,新光-新竹,2023-08-11,8563
2002,中鋼,31,5,26,新光-新竹,2023-08-11,8563
4155,訊映,26,0,26,新光-新竹,2023-08-11,8563
8050,廣積,53,28,25,新光-新竹,2023-08-11,8563
1905,華紙,89,67,22,新光-新竹,2023-08-11,8563
3025,星通,23,1,22,新光-新竹,2023-08-11,8563
6120,達運,23,2,21,新光-新竹,2023-08-11,8563
00773B,中信優先金融債,21,0,21,新光-新竹,2023-08-11,8563
1109,信大,21,0,21,新光-新竹,2023-08-11,8563
00637L,元大滬深300正2,26,5,21,新光-新竹,2023-08-11,8563
00722B,群益投資級電信債,21,0,21,新光-新竹,2023-08-11,8563
2488,漢平,20,0,20,新光-新竹,2023-08-11,8563
00680L,元大美債20正2,1279,303,976,新光-新竹,2023-08-14,8563
00929,復華台灣科技優息,568,4,564,新光-新竹,2023-08-14,8563
00878,國泰永續高股息,738,214,524,新光-新竹,2023-08-14,8563
2890,永豐金,504,218,286,新光-新竹,2023-08-14,8563
2884,玉山金,247,46,201,新光-新竹,2023-08-14,8563
00706L,期元大S＆P日圓正2,202,15,187,新光-新竹,2023-08-14,8563
00900,富邦特選高股息30,149,1,148,新光-新竹,2023-08-14,8563
00669R,國泰美國道瓊反1,123,0,123,新光-新竹,2023-08-14,8563
00919,群益台灣精選高息,127,9,118,新光-新竹,2023-08-14,8563
00631L,元大台灣50正2,124,16,108,新光-新竹,2023-08-14,8563
2520,冠德,107,3,104,新光-新竹,2023-08-14,8563
0050,元大台灣50,111,7,104,新光-新竹,2023-08-14,8563
00712,復華富時不動產,167,75,92,新光-新竹,2023-08-14,8563
2834,臺企銀,99,8,91,新光-新竹,2023-08-14,8563
2534,宏盛,90,0,90,新光-新竹,2023-08-14,8563
2610,華航,177,95,82,新光-新竹,2023-08-14,8563
3044,健鼎,92,18,74,新光-新竹,2023-08-14,8563
2323,中環,214,144,70,新光-新竹,2023-08-14,8563
00637L,元大滬深300正2,101,35,66,新光-新竹,2023-08-14,8563
00768B,復華20年美債,62,0,62,新光-新竹,2023-08-14,8563
00675L,富邦臺灣加權正2,74,13,61,新光-新竹,2023-08-14,8563
5905,南仁湖,60,0,60,新光-新竹,2023-08-14,8563
3483,力致,104,46,58,新光-新竹,2023-08-14,8563
00713,元大台灣高息低波,70,12,58,新光-新竹,2023-08-14,8563
00907,永豐優息存股,57,0,57,新光-新竹,2023-08-14,8563
00665L,富邦�琤肭磪囓�2,96,41,55,新光-新竹,2023-08-14,8563
00633L,富邦上証正2,62,13,49,新光-新竹,2023-08-14,8563
2886,兆豐金,58,10,48,新光-新竹,2023-08-14,8563
2542,興富發,58,11,47,新光-新竹,2023-08-14,8563
5285,界霖,47,0,47,新光-新竹,2023-08-14,8563
4102,永日,229,183,46,新光-新竹,2023-08-14,8563
2845,遠東銀,46,0,46,新光-新竹,2023-08-14,8563
2002,中鋼,46,1,45,新光-新竹,2023-08-14,8563
5871,中租-KY,92,51,41,新光-新竹,2023-08-14,8563
2820,華票,40,0,40,新光-新竹,2023-08-14,8563
2812,台中銀,74,35,39,新光-新竹,2023-08-14,8563
2356,英業達,151,112,39,新光-新竹,2023-08-14,8563
00882,中信中國高股息,82,44,38,新光-新竹,2023-08-14,8563
0056,元大高股息,160,123,37,新光-新竹,2023-08-14,8563
1217,愛之味,38,2,36,新光-新竹,2023-08-14,8563
006208,富邦台50,58,23,35,新光-新竹,2023-08-14,8563
2891,中信金,120,86,34,新光-新竹,2023-08-14,8563
6120,達運,35,2,33,新光-新竹,2023-08-14,8563
9945,潤泰新,34,1,33,新光-新竹,2023-08-14,8563
2897,王道銀行,31,0,31,新光-新竹,2023-08-14,8563
3052,夆典,31,0,31,新光-新竹,2023-08-14,8563
00931B,統一美債20年,31,0,31,新光-新竹,2023-08-14,8563
2883B,凱基金乙特,30,0,30,新光-新竹,2023-08-14,8563
6126,信音,30,0,30,新光-新竹,2023-08-14,8563
2367,燿華,57,28,29,新光-新竹,2023-08-14,8563
2324,仁寶,813,227,586,新光-新竹,2023-08-15,8563
00632R,元大台灣50反1,519,55,464,新光-新竹,2023-08-15,8563
00712,復華富時不動產,312,81,231,新光-新竹,2023-08-15,8563
00929,復華台灣科技優息,244,14,230,新光-新竹,2023-08-15,8563
00878,國泰永續高股息,470,279,191,新光-新竹,2023-08-15,8563
00923,群益台ESG低碳50,168,4,164,新光-新竹,2023-08-15,8563
00706L,期元大S＆P日圓正2,133,5,128,新光-新竹,2023-08-15,8563
2317,鴻海,144,20,124,新光-新竹,2023-08-15,8563
2890,永豐金,185,78,107,新光-新竹,2023-08-15,8563
00795B,中信美國公債20年,107,0,107,新光-新竹,2023-08-15,8563
00772B,中信高評級公司債,104,0,104,新光-新竹,2023-08-15,8563
6274,台燿,114,22,92,新光-新竹,2023-08-15,8563
00687B,國泰20年美債,138,52,86,新光-新竹,2023-08-15,8563
00931B,統一美債20年,79,0,79,新光-新竹,2023-08-15,8563
2884,玉山金,102,31,71,新光-新竹,2023-08-15,8563
2888,新光金,79,11,68,新光-新竹,2023-08-15,8563
2543,皇昌,60,0,60,新光-新竹,2023-08-15,8563
2801,彰銀,59,0,59,新光-新竹,2023-08-15,8563
4102,永日,110,51,59,新光-新竹,2023-08-15,8563
2316,楠梓電,71,13,58,新光-新竹,2023-08-15,8563
2834,臺企銀,58,5,53,新光-新竹,2023-08-15,8563
00679B,元大美債20年,51,0,51,新光-新竹,2023-08-15,8563
2520,冠德,51,0,51,新光-新竹,2023-08-15,8563
3231,緯創,382,336,46,新光-新竹,2023-08-15,8563
00900,富邦特選高股息30,49,6,43,新光-新竹,2023-08-15,8563
2851,中再保,45,5,40,新光-新竹,2023-08-15,8563
6613,朋億*,43,3,40,新光-新竹,2023-08-15,8563
00768B,復華20年美債,38,0,38,新光-新竹,2023-08-15,8563
1802,台玻,110,73,37,新光-新竹,2023-08-15,8563
00751B,元大AAA至A公司債,36,0,36,新光-新竹,2023-08-15,8563
5871,中租-KY,60,25,35,新光-新竹,2023-08-15,8563
2887,台新金,35,0,35,新光-新竹,2023-08-15,8563
00633L,富邦上証正2,34,0,34,新光-新竹,2023-08-15,8563
2363,矽統,478,444,34,新光-新竹,2023-08-15,8563
2812,台中銀,76,44,32,新光-新竹,2023-08-15,8563
6223,旺矽,43,12,31,新光-新竹,2023-08-15,8563
2002,中鋼,31,3,28,新光-新竹,2023-08-15,8563
3706,神達,34,6,28,新光-新竹,2023-08-15,8563
2323,中環,144,116,28,新光-新竹,2023-08-15,8563
2892,第一金,26,0,26,新光-新竹,2023-08-15,8563
2885,元大金,25,0,25,新光-新竹,2023-08-15,8563
2883,凱基金,55,30,25,新光-新竹,2023-08-15,8563
00882,中信中國高股息,26,3,23,新光-新竹,2023-08-15,8563
00907,永豐優息存股,22,0,22,新光-新竹,2023-08-15,8563
8050,廣積,24,3,21,新光-新竹,2023-08-15,8563
2886,兆豐金,20,0,20,新光-新竹,2023-08-15,8563
3017,奇鋐,37,17,20,新光-新竹,2023-08-15,8563
3294,英濟,19,0,19,新光-新竹,2023-08-15,8563
3052,夆典,20,1,19,新光-新竹,2023-08-15,8563
8234,新漢,20,2,18,新光-新竹,2023-08-15,8563
00673R,期元大S＆P原油反1,615,14,601,新光-新竹,2023-08-16,8563
3481,群創,438,16,422,新光-新竹,2023-08-16,8563
00929,復華台灣科技優息,338,21,317,新光-新竹,2023-08-16,8563
00687B,國泰20年美債,283,0,283,新光-新竹,2023-08-16,8563
00878,國泰永續高股息,522,303,219,新光-新竹,2023-08-16,8563
00712,復華富時不動產,247,50,197,新光-新竹,2023-08-16,8563
2303,聯電,185,15,170,新光-新竹,2023-08-16,8563
2897,王道銀行,164,1,163,新光-新竹,2023-08-16,8563
00720B,元大投資級公司債,188,31,157,新光-新竹,2023-08-16,8563
2363,矽統,275,124,151,新光-新竹,2023-08-16,8563
00923,群益台ESG低碳50,150,1,149,新光-新竹,2023-08-16,8563
3363,上詮,143,3,140,新光-新竹,2023-08-16,8563
00772B,中信高評級公司債,141,28,113,新光-新竹,2023-08-16,8563
00900,富邦特選高股息30,111,0,111,新光-新竹,2023-08-16,8563
00795B,中信美國公債20年,113,5,108,新光-新竹,2023-08-16,8563
2890,永豐金,264,156,108,新光-新竹,2023-08-16,8563
3715,定穎投控,231,135,96,新光-新竹,2023-08-16,8563
2316,楠梓電,96,1,95,新光-新竹,2023-08-16,8563
2332,友訊,92,13,79,新光-新竹,2023-08-16,8563
2883,凱基金,97,20,77,新光-新竹,2023-08-16,8563
4102,永日,79,3,76,新光-新竹,2023-08-16,8563
2891,中信金,94,24,70,新光-新竹,2023-08-16,8563
00715L,期街口布蘭特正2,130,60,70,新光-新竹,2023-08-16,8563
00713,元大台灣高息低波,70,1,69,新光-新竹,2023-08-16,8563
2317,鴻海,84,15,69,新光-新竹,2023-08-16,8563
2886,兆豐金,82,14,68,新光-新竹,2023-08-16,8563
0050,元大台灣50,71,7,64,新光-新竹,2023-08-16,8563
1101,台泥,58,1,57,新光-新竹,2023-08-16,8563
00768B,復華20年美債,56,0,56,新光-新竹,2023-08-16,8563
00665L,富邦�琤肭磪囓�2,61,6,55,新光-新竹,2023-08-16,8563
00722B,群益投資級電信債,54,0,54,新光-新竹,2023-08-16,8563
8069,元太,70,18,52,新光-新竹,2023-08-16,8563
00706L,期元大S＆P日圓正2,51,0,51,新光-新竹,2023-08-16,8563
00919,群益台灣精選高息,49,3,46,新光-新竹,2023-08-16,8563
2520,冠德,52,6,46,新光-新竹,2023-08-16,8563
5009,榮剛,63,18,45,新光-新竹,2023-08-16,8563
00924,復華S＆P500成長,38,0,38,新光-新竹,2023-08-16,8563
2382,廣達,409,371,38,新光-新竹,2023-08-16,8563
2488,漢平,37,1,36,新光-新竹,2023-08-16,8563
2312,金寶,54,22,32,新光-新竹,2023-08-16,8563
2002,中鋼,33,2,31,新光-新竹,2023-08-16,8563
2610,華航,66,36,30,新光-新竹,2023-08-16,8563
00641R,富邦日本反1,30,0,30,新光-新竹,2023-08-16,8563
3325,旭品,36,7,29,新光-新竹,2023-08-16,8563
1402,遠東新,27,0,27,新光-新竹,2023-08-16,8563
2481,強茂,27,1,26,新光-新竹,2023-08-16,8563
6116,彩晶,25,0,25,新光-新竹,2023-08-16,8563
2538,基泰,25,0,25,新光-新竹,2023-08-16,8563
2880,華南金,25,1,24,新光-新竹,2023-08-16,8563
00931B,統一美債20年,24,1,23,新光-新竹,2023-08-16,8563
00929,復華台灣科技優息,583,136,447,新光-新竹,2023-08-17,8563
00753L,中信中國50正2,422,34,388,新光-新竹,2023-08-17,8563
00687B,國泰20年美債,329,2,327,新光-新竹,2023-08-17,8563
2884,玉山金,243,0,243,新光-新竹,2023-08-17,8563
00720B,元大投資級公司債,215,27,188,新光-新竹,2023-08-17,8563
00772B,中信高評級公司債,234,47,187,新光-新竹,2023-08-17,8563
00673R,期元大S＆P原油反1,275,89,186,新光-新竹,2023-08-17,8563
00712,復華富時不動產,298,114,184,新光-新竹,2023-08-17,8563
3231,緯創,779,612,167,新光-新竹,2023-08-17,8563
00768B,復華20年美債,135,0,135,新光-新竹,2023-08-17,8563
00722B,群益投資級電信債,116,0,116,新光-新竹,2023-08-17,8563
00751B,元大AAA至A公司債,113,0,113,新光-新竹,2023-08-17,8563
00931B,統一美債20年,134,22,112,新光-新竹,2023-08-17,8563
2890,永豐金,203,107,96,新光-新竹,2023-08-17,8563
2324,仁寶,384,288,96,新光-新竹,2023-08-17,8563
2303,聯電,99,4,95,新光-新竹,2023-08-17,8563
2388,威盛,129,35,94,新光-新竹,2023-08-17,8563
4102,永日,89,0,89,新光-新竹,2023-08-17,8563
3715,定穎投控,229,153,76,新光-新竹,2023-08-17,8563
8050,廣積,117,49,68,新光-新竹,2023-08-17,8563
2891,中信金,120,55,65,新光-新竹,2023-08-17,8563
6274,台燿,79,14,65,新光-新竹,2023-08-17,8563
00719B,元大美債1-3,56,0,56,新光-新竹,2023-08-17,8563
00882,中信中國高股息,55,1,54,新光-新竹,2023-08-17,8563
2520,冠德,54,0,54,新光-新竹,2023-08-17,8563
00665L,富邦�琤肭磪囓�2,66,13,53,新光-新竹,2023-08-17,8563
00670L,富邦NASDAQ正2,55,3,52,新光-新竹,2023-08-17,8563
2104,國際中橡,51,0,51,新光-新竹,2023-08-17,8563
2002,中鋼,55,9,46,新光-新竹,2023-08-17,8563
00631L,元大台灣50正2,87,45,42,新光-新竹,2023-08-17,8563
00900,富邦特選高股息30,36,0,36,新光-新竹,2023-08-17,8563
2356,英業達,136,102,34,新光-新竹,2023-08-17,8563
2892,第一金,31,0,31,新光-新竹,2023-08-17,8563
3483,力致,94,63,31,新光-新竹,2023-08-17,8563
2534,宏盛,30,0,30,新光-新竹,2023-08-17,8563
9910,豐泰,29,0,29,新光-新竹,2023-08-17,8563
3689,湧德,76,47,29,新光-新竹,2023-08-17,8563
2845,遠東銀,80,52,28,新光-新竹,2023-08-17,8563
2329,華泰,87,60,27,新光-新竹,2023-08-17,8563
2412,中華電,26,0,26,新光-新竹,2023-08-17,8563
2301,光寶科,67,43,24,新光-新竹,2023-08-17,8563
1710,東聯,24,0,24,新光-新竹,2023-08-17,8563
2886,兆豐金,41,18,23,新光-新竹,2023-08-17,8563
2383,台光電,35,12,23,新光-新竹,2023-08-17,8563
2605,新興,22,0,22,新光-新竹,2023-08-17,8563
2528,皇普,21,0,21,新光-新竹,2023-08-17,8563
00902,中信電池及儲能,20,0,20,新光-新竹,2023-08-17,8563
00650L,復華香港正2,25,5,20,新光-新竹,2023-08-17,8563
3443,創意,31,12,19,新光-新竹,2023-08-17,8563
6167,久正,20,1,19,新光-新竹,2023-08-17,8563
00673R,期元大S＆P原油反1,291,0,291,新光-新竹,2023-08-18,8563
2371,大同,222,18,204,新光-新竹,2023-08-18,8563
00720B,元大投資級公司債,186,8,178,新光-新竹,2023-08-18,8563
3231,緯創,579,456,123,新光-新竹,2023-08-18,8563
00795B,中信美國公債20年,103,0,103,新光-新竹,2023-08-18,8563
00686R,群益臺灣加權反1,100,0,100,新光-新竹,2023-08-18,8563
00706L,期元大S＆P日圓正2,100,4,96,新光-新竹,2023-08-18,8563
4102,永日,105,25,80,新光-新竹,2023-08-18,8563
00772B,中信高評級公司債,80,5,75,新光-新竹,2023-08-18,8563
5465,富驊,61,0,61,新光-新竹,2023-08-18,8563
00877,復華中國5G,60,0,60,新光-新竹,2023-08-18,8563
2884,玉山金,188,130,58,新光-新竹,2023-08-18,8563
00929,復華台灣科技優息,577,520,57,新光-新竹,2023-08-18,8563
00683L,期元大美元指正2,52,0,52,新光-新竹,2023-08-18,8563
1471,首利,54,9,45,新光-新竹,2023-08-18,8563
00679B,元大美債20年,81,38,43,新光-新竹,2023-08-18,8563
2317,鴻海,54,12,42,新光-新竹,2023-08-18,8563
00708L,期元大S＆P黃金正2,42,0,42,新光-新竹,2023-08-18,8563
00919,群益台灣精選高息,48,6,42,新光-新竹,2023-08-18,8563
8050,廣積,63,22,41,新光-新竹,2023-08-18,8563
2352,佳世達,53,13,40,新光-新竹,2023-08-18,8563
6285,啟��,71,33,38,新光-新竹,2023-08-18,8563
3014,聯陽,42,5,37,新光-新竹,2023-08-18,8563
4909,新復興,36,0,36,新光-新竹,2023-08-18,8563
3078,僑威,107,72,35,新光-新竹,2023-08-18,8563
2303,聯電,43,8,35,新光-新竹,2023-08-18,8563
2610,華航,67,35,32,新光-新竹,2023-08-18,8563
2609,陽明,99,70,29,新光-新竹,2023-08-18,8563
2851,中再保,29,0,29,新光-新竹,2023-08-18,8563
2355,敬鵬,28,0,28,新光-新竹,2023-08-18,8563
2880,華南金,28,0,28,新光-新竹,2023-08-18,8563
2356,英業達,119,92,27,新光-新竹,2023-08-18,8563
00722B,群益投資級電信債,27,0,27,新光-新竹,2023-08-18,8563
00650L,復華香港正2,26,0,26,新光-新竹,2023-08-18,8563
3704,合勤控,34,8,26,新光-新竹,2023-08-18,8563
00751B,元大AAA至A公司債,24,0,24,新光-新竹,2023-08-18,8563
2002,中鋼,32,8,24,新光-新竹,2023-08-18,8563
6203,海韻電,25,2,23,新光-新竹,2023-08-18,8563
00712,復華富時不動產,376,353,23,新光-新竹,2023-08-18,8563
1101,台泥,31,8,23,新光-新竹,2023-08-18,8563
2421,建準,140,118,22,新光-新竹,2023-08-18,8563
1313,聯成,22,0,22,新光-新竹,2023-08-18,8563
6223,旺矽,24,2,22,新光-新竹,2023-08-18,8563
3013,晟銘電,68,46,22,新光-新竹,2023-08-18,8563
2615,萬海,26,4,22,新光-新竹,2023-08-18,8563
2368,金像電,132,111,21,新光-新竹,2023-08-18,8563
6188,廣明,34,13,21,新光-新竹,2023-08-18,8563
6125,廣運,111,90,21,新光-新竹,2023-08-18,8563
5234,達興材料,21,0,21,新光-新竹,2023-08-18,8563
5864,致和證,30,10,20,新光-新竹,2023-08-18,8563
00772B,中信高評級公司債,164,16,148,新光-新竹,2023-08-21,8563
00687B,國泰20年美債,148,6,142,新光-新竹,2023-08-21,8563
3025,星通,130,7,123,新光-新竹,2023-08-21,8563
00852L,國泰美國道瓊正2,94,0,94,新光-新竹,2023-08-21,8563
00919,群益台灣精選高息,91,0,91,新光-新竹,2023-08-21,8563
00665L,富邦�琤肭磪囓�2,100,16,84,新光-新竹,2023-08-21,8563
00878,國泰永續高股息,118,35,83,新光-新竹,2023-08-21,8563
2886,兆豐金,81,3,78,新光-新竹,2023-08-21,8563
6139,亞翔,118,40,78,新光-新竹,2023-08-21,8563
00795B,中信美國公債20年,77,2,75,新光-新竹,2023-08-21,8563
00751B,元大AAA至A公司債,74,0,74,新光-新竹,2023-08-21,8563
00673R,期元大S＆P原油反1,74,0,74,新光-新竹,2023-08-21,8563
00720B,元大投資級公司債,63,0,63,新光-新竹,2023-08-21,8563
2520,冠德,68,8,60,新光-新竹,2023-08-21,8563
00680L,元大美債20正2,55,0,55,新光-新竹,2023-08-21,8563
00679B,元大美債20年,75,21,54,新光-新竹,2023-08-21,8563
00683L,期元大美元指正2,53,0,53,新光-新竹,2023-08-21,8563
1802,台玻,53,10,43,新光-新竹,2023-08-21,8563
00715L,期街口布蘭特正2,270,229,41,新光-新竹,2023-08-21,8563
2610,華航,49,10,39,新光-新竹,2023-08-21,8563
00830,國泰費城半導體,40,2,38,新光-新竹,2023-08-21,8563
2301,光寶科,74,37,37,新光-新竹,2023-08-21,8563
2382,廣達,486,451,35,新光-新竹,2023-08-21,8563
00637L,元大滬深300正2,135,100,35,新光-新竹,2023-08-21,8563
00632R,元大台灣50反1,96,63,33,新光-新竹,2023-08-21,8563
6117,迎廣,60,27,33,新光-新竹,2023-08-21,8563
2618,長榮航,160,128,32,新光-新竹,2023-08-21,8563
2206,三陽工業,31,3,28,新光-新竹,2023-08-21,8563
8210,勤誠,101,74,27,新光-新竹,2023-08-21,8563
4102,永日,60,36,24,新光-新竹,2023-08-21,8563
1504,東元,26,4,22,新光-新竹,2023-08-21,8563
00650L,復華香港正2,22,0,22,新光-新竹,2023-08-21,8563
00850,元大臺灣ESG永續,21,0,21,新光-新竹,2023-08-21,8563
2603,長榮,35,14,21,新光-新竹,2023-08-21,8563
2388,威盛,28,7,21,新光-新竹,2023-08-21,8563
0050,元大台灣50,22,1,21,新光-新竹,2023-08-21,8563
3443,創意,34,13,21,新光-新竹,2023-08-21,8563
00913,兆豐台灣晶圓製造,20,0,20,新光-新竹,2023-08-21,8563
3483,力致,101,81,20,新光-新竹,2023-08-21,8563
6226,光鼎,20,0,20,新光-新竹,2023-08-21,8563
00664R,國泰臺灣加權反1,30,10,20,新光-新竹,2023-08-21,8563
2516,新建,20,1,19,新光-新竹,2023-08-21,8563
00655L,國泰中國A50正2,19,0,19,新光-新竹,2023-08-21,8563
6167,久正,18,0,18,新光-新竹,2023-08-21,8563
0056,元大高股息,32,14,18,新光-新竹,2023-08-21,8563
00924,復華S＆P500成長,18,2,16,新光-新竹,2023-08-21,8563
3706,神達,43,27,16,新光-新竹,2023-08-21,8563
00719B,元大美債1-3,15,0,15,新光-新竹,2023-08-21,8563
2606,裕民,39,24,15,新光-新竹,2023-08-21,8563
3071,協禧,14,0,14,新光-新竹,2023-08-21,8563
4102,永日,381,40,341,新光-新竹,2023-08-22,8563
00673R,期元大S＆P原油反1,120,3,117,新光-新竹,2023-08-22,8563
4306,炎洲,111,0,111,新光-新竹,2023-08-22,8563
00687B,國泰20年美債,114,6,108,新光-新竹,2023-08-22,8563
2323,中環,105,0,105,新光-新竹,2023-08-22,8563
00753L,中信中國50正2,102,0,102,新光-新竹,2023-08-22,8563
00680L,元大美債20正2,175,82,93,新光-新竹,2023-08-22,8563
2891,中信金,94,2,92,新光-新竹,2023-08-22,8563
00929,復華台灣科技優息,228,143,85,新光-新竹,2023-08-22,8563
00882,中信中國高股息,67,0,67,新光-新竹,2023-08-22,8563
00712,復華富時不動產,135,72,63,新光-新竹,2023-08-22,8563
2883,凱基金,60,0,60,新光-新竹,2023-08-22,8563
00665L,富邦�琤肭磪囓�2,65,12,53,新光-新竹,2023-08-22,8563
00751B,元大AAA至A公司債,52,3,49,新光-新竹,2023-08-22,8563
00664R,國泰臺灣加權反1,50,3,47,新光-新竹,2023-08-22,8563
2206,三陽工業,67,21,46,新光-新竹,2023-08-22,8563
2363,矽統,530,487,43,新光-新竹,2023-08-22,8563
6120,達運,43,0,43,新光-新竹,2023-08-22,8563
2002,中鋼,41,0,41,新光-新竹,2023-08-22,8563
00679B,元大美債20年,114,76,38,新光-新竹,2023-08-22,8563
3338,泰碩,52,14,38,新光-新竹,2023-08-22,8563
2382,廣達,267,231,36,新光-新竹,2023-08-22,8563
3346,麗清,45,10,35,新光-新竹,2023-08-22,8563
4906,正文,39,5,34,新光-新竹,2023-08-22,8563
2890,永豐金,67,33,34,新光-新竹,2023-08-22,8563
2520,冠德,33,0,33,新光-新竹,2023-08-22,8563
3680,家登,33,2,31,新光-新竹,2023-08-22,8563
6285,啟��,49,18,31,新光-新竹,2023-08-22,8563
1905,華紙,33,3,30,新光-新竹,2023-08-22,8563
2903,遠百,30,0,30,新光-新竹,2023-08-22,8563
2367,燿華,36,8,28,新光-新竹,2023-08-22,8563
9910,豐泰,27,0,27,新光-新竹,2023-08-22,8563
2401,凌陽,34,7,27,新光-新竹,2023-08-22,8563
3032,偉訓,34,8,26,新光-新竹,2023-08-22,8563
2449,京元電子,65,40,25,新光-新竹,2023-08-22,8563
2542,興富發,28,3,25,新光-新竹,2023-08-22,8563
2402,毅嘉,25,0,25,新光-新竹,2023-08-22,8563
00637L,元大滬深300正2,66,41,25,新光-新竹,2023-08-22,8563
2324,仁寶,103,78,25,新光-新竹,2023-08-22,8563
00795B,中信美國公債20年,27,3,24,新光-新竹,2023-08-22,8563
00671R,富邦NASDAQ反1,23,0,23,新光-新竹,2023-08-22,8563
3689,湧德,47,25,22,新光-新竹,2023-08-22,8563
3325,旭品,58,36,22,新光-新竹,2023-08-22,8563
5009,榮剛,22,1,21,新光-新竹,2023-08-22,8563
00768B,復華20年美債,21,0,21,新光-新竹,2023-08-22,8563
2332,友訊,131,111,20,新光-新竹,2023-08-22,8563
8176,智捷,20,0,20,新光-新竹,2023-08-22,8563
00919,群益台灣精選高息,64,45,19,新光-新竹,2023-08-22,8563
00715L,期街口布蘭特正2,21,3,18,新光-新竹,2023-08-22,8563
00632R,元大台灣50反1,19,1,18,新光-新竹,2023-08-22,8563
00753L,中信中國50正2,810,106,704,新光-新竹,2023-08-23,8563
2884,玉山金,341,0,341,新光-新竹,2023-08-23,8563
00673R,期元大S＆P原油反1,220,15,205,新光-新竹,2023-08-23,8563
00712,復華富時不動產,267,74,193,新光-新竹,2023-08-23,8563
4102,永日,187,17,170,新光-新竹,2023-08-23,8563
00751B,元大AAA至A公司債,137,3,134,新光-新竹,2023-08-23,8563
2332,友訊,107,11,96,新光-新竹,2023-08-23,8563
00929,復華台灣科技優息,276,196,80,新光-新竹,2023-08-23,8563
9802,鈺齊-KY,80,0,80,新光-新竹,2023-08-23,8563
00772B,中信高評級公司債,68,2,66,新光-新竹,2023-08-23,8563
5534,長虹,65,0,65,新光-新竹,2023-08-23,8563
2316,楠梓電,71,6,65,新光-新竹,2023-08-23,8563
4581,光隆精密-KY,60,0,60,新光-新竹,2023-08-23,8563
2812,台中銀,84,37,47,新光-新竹,2023-08-23,8563
8930,青鋼,40,0,40,新光-新竹,2023-08-23,8563
1714,和桐,38,0,38,新光-新竹,2023-08-23,8563
6185,幃翔,34,0,34,新光-新竹,2023-08-23,8563
2301,光寶科,67,33,34,新光-新竹,2023-08-23,8563
6125,廣運,100,69,31,新光-新竹,2023-08-23,8563
5876,上海商銀,31,1,30,新光-新竹,2023-08-23,8563
00882,中信中國高股息,32,3,29,新光-新竹,2023-08-23,8563
4306,炎洲,30,1,29,新光-新竹,2023-08-23,8563
3607,谷崧,31,3,28,新光-新竹,2023-08-23,8563
00900,富邦特選高股息30,27,0,27,新光-新竹,2023-08-23,8563
00671R,富邦NASDAQ反1,27,0,27,新光-新竹,2023-08-23,8563
00924,復華S＆P500成長,25,0,25,新光-新竹,2023-08-23,8563
5351,鈺創,24,0,24,新光-新竹,2023-08-23,8563
2883,凱基金,29,5,24,新光-新竹,2023-08-23,8563
3042,晶技,23,1,22,新光-新竹,2023-08-23,8563
2412,中華電,21,0,21,新光-新竹,2023-08-23,8563
6282,康舒,77,56,21,新光-新竹,2023-08-23,8563
5533,皇鼎,20,0,20,新光-新竹,2023-08-23,8563
1314,中石化,20,0,20,新光-新竹,2023-08-23,8563
2641,正德,26,7,19,新光-新竹,2023-08-23,8563
2606,裕民,24,6,18,新光-新竹,2023-08-23,8563
2886,兆豐金,19,1,18,新光-新竹,2023-08-23,8563
00919,群益台灣精選高息,71,53,18,新光-新竹,2023-08-23,8563
2409,友達,30,13,17,新光-新竹,2023-08-23,8563
3715,定穎投控,243,226,17,新光-新竹,2023-08-23,8563
2486,一詮,49,32,17,新光-新竹,2023-08-23,8563
4906,正文,74,58,16,新光-新竹,2023-08-23,8563
2618,長榮航,248,232,16,新光-新竹,2023-08-23,8563
4564,元翎,15,0,15,新光-新竹,2023-08-23,8563
00850,元大臺灣ESG永續,15,0,15,新光-新竹,2023-08-23,8563
2002,中鋼,18,4,14,新光-新竹,2023-08-23,8563
00931B,統一美債20年,22,8,14,新光-新竹,2023-08-23,8563
1471,首利,32,18,14,新光-新竹,2023-08-23,8563
3265,台星科,21,7,14,新光-新竹,2023-08-23,8563
3264,欣銓,22,8,14,新光-新竹,2023-08-23,8563
3035,智原,204,191,13,新光-新竹,2023-08-23,8563
2329,華泰,553,51,502,新光-新竹,2023-08-24,8563
00673R,期元大S＆P原油反1,403,15,388,新光-新竹,2023-08-24,8563
3231,緯創,980,629,351,新光-新竹,2023-08-24,8563
00753L,中信中國50正2,313,10,303,新光-新竹,2023-08-24,8563
00900,富邦特選高股息30,260,5,255,新光-新竹,2023-08-24,8563
4102,永日,250,30,220,新光-新竹,2023-08-24,8563
8234,新漢,143,7,136,新光-新竹,2023-08-24,8563
2382,廣達,697,574,123,新光-新竹,2023-08-24,8563
00632R,元大台灣50反1,341,219,122,新光-新竹,2023-08-24,8563
2884,玉山金,123,4,119,新光-新竹,2023-08-24,8563
00882,中信中國高股息,94,1,93,新光-新竹,2023-08-24,8563
2356,英業達,193,120,73,新光-新竹,2023-08-24,8563
2363,矽統,691,619,72,新光-新竹,2023-08-24,8563
6235,華孚,102,34,68,新光-新竹,2023-08-24,8563
2331,精英,147,84,63,新光-新竹,2023-08-24,8563
2486,一詮,79,19,60,新光-新竹,2023-08-24,8563
2882,國泰金,56,6,50,新光-新竹,2023-08-24,8563
00679B,元大美債20年,63,13,50,新光-新竹,2023-08-24,8563
2367,燿華,50,2,48,新光-新竹,2023-08-24,8563
2002,中鋼,47,2,45,新光-新竹,2023-08-24,8563
6111,大宇資,50,6,44,新光-新竹,2023-08-24,8563
2880,華南金,43,0,43,新光-新竹,2023-08-24,8563
3324,雙鴻,82,39,43,新光-新竹,2023-08-24,8563
2883,凱基金,132,89,43,新光-新竹,2023-08-24,8563
5410,國眾,41,2,39,新光-新竹,2023-08-24,8563
3227,原相,44,6,38,新光-新竹,2023-08-24,8563
1722,台肥,37,0,37,新光-新竹,2023-08-24,8563
3013,晟銘電,178,142,36,新光-新竹,2023-08-24,8563
00929,復華台灣科技優息,292,258,34,新光-新竹,2023-08-24,8563
00931B,統一美債20年,56,21,35,新光-新竹,2023-08-24,8563
1710,東聯,34,0,34,新光-新竹,2023-08-24,8563
2388,威盛,88,55,33,新光-新竹,2023-08-24,8563
2618,長榮航,60,28,32,新光-新竹,2023-08-24,8563
6167,久正,56,24,32,新光-新竹,2023-08-24,8563
2419,仲琦,76,46,30,新光-新竹,2023-08-24,8563
3363,上詮,36,6,30,新光-新竹,2023-08-24,8563
2609,陽明,55,26,29,新光-新竹,2023-08-24,8563
1402,遠東新,29,0,29,新光-新竹,2023-08-24,8563
00715L,期街口布蘭特正2,85,57,28,新光-新竹,2023-08-24,8563
3710,連展投控,27,0,27,新光-新竹,2023-08-24,8563
2891,中信金,43,17,26,新光-新竹,2023-08-24,8563
1802,台玻,62,38,24,新光-新竹,2023-08-24,8563
3042,晶技,31,7,24,新光-新竹,2023-08-24,8563
3607,谷崧,23,0,23,新光-新竹,2023-08-24,8563
3706,神達,98,75,23,新光-新竹,2023-08-24,8563
3702,大聯大,24,2,22,新光-新竹,2023-08-24,8563
1909,榮成,22,0,22,新光-新竹,2023-08-24,8563
6152,百一,22,0,22,新光-新竹,2023-08-24,8563
2104,國際中橡,22,0,22,新光-新竹,2023-08-24,8563
3325,旭品,37,15,22,新光-新竹,2023-08-24,8563
00878,國泰永續高股息,861,148,713,新光-新竹,2023-08-25,8563
00650L,復華香港正2,544,213,331,新光-新竹,2023-08-25,8563
00919,群益台灣精選高息,217,11,206,新光-新竹,2023-08-25,8563
3231,緯創,431,246,185,新光-新竹,2023-08-25,8563
4102,永日,140,0,140,新光-新竹,2023-08-25,8563
00706L,期元大S＆P日圓正2,112,0,112,新光-新竹,2023-08-25,8563
00631L,元大台灣50正2,116,9,107,新光-新竹,2023-08-25,8563
2485,兆赫,192,93,99,新光-新竹,2023-08-25,8563
00673R,期元大S＆P原油反1,95,4,91,新光-新竹,2023-08-25,8563
00687B,國泰20年美債,90,0,90,新光-新竹,2023-08-25,8563
2382,廣達,425,345,80,新光-新竹,2023-08-25,8563
2421,建準,136,59,77,新光-新竹,2023-08-25,8563
2890,永豐金,181,110,71,新光-新竹,2023-08-25,8563
00877,復華中國5G,64,0,64,新光-新竹,2023-08-25,8563
2106,建大,61,0,61,新光-新竹,2023-08-25,8563
0056,元大高股息,103,55,48,新光-新竹,2023-08-25,8563
3227,原相,62,16,46,新光-新竹,2023-08-25,8563
5905,南仁湖,45,0,45,新光-新竹,2023-08-25,8563
2303,聯電,43,1,42,新光-新竹,2023-08-25,8563
2409,友達,55,14,41,新光-新竹,2023-08-25,8563
3037,欣興,100,60,40,新光-新竹,2023-08-25,8563
2330,台積電,40,4,36,新光-新竹,2023-08-25,8563
00893,國泰智能電動車,34,0,34,新光-新竹,2023-08-25,8563
2634,漢翔,90,56,34,新光-新竹,2023-08-25,8563
2449,京元電子,181,148,33,新光-新竹,2023-08-25,8563
2331,精英,189,157,32,新光-新竹,2023-08-25,8563
00720B,元大投資級公司債,38,7,31,新光-新竹,2023-08-25,8563
2355,敬鵬,46,16,30,新光-新竹,2023-08-25,8563
00648R,元大S＆P500反1,30,0,30,新光-新竹,2023-08-25,8563
00900,富邦特選高股息30,39,11,28,新光-新竹,2023-08-25,8563
2368,金像電,37,9,28,新光-新竹,2023-08-25,8563
1605,華新,49,22,27,新光-新竹,2023-08-25,8563
2903,遠百,27,0,27,新光-新竹,2023-08-25,8563
2356,英業達,87,61,26,新光-新竹,2023-08-25,8563
00881,國泰台灣5G+,27,3,24,新光-新竹,2023-08-25,8563
00679B,元大美債20年,24,2,22,新光-新竹,2023-08-25,8563
2731,雄獅,24,3,21,新光-新竹,2023-08-25,8563
00924,復華S＆P500成長,20,0,20,新光-新竹,2023-08-25,8563
2884,玉山金,20,0,20,新光-新竹,2023-08-25,8563
2618,長榮航,106,87,19,新光-新竹,2023-08-25,8563
3710,連展投控,19,0,19,新光-新竹,2023-08-25,8563
1722,台肥,22,3,19,新光-新竹,2023-08-25,8563
00830,國泰費城半導體,20,1,19,新光-新竹,2023-08-25,8563
9907,統一實,18,0,18,新光-新竹,2023-08-25,8563
6167,久正,19,2,17,新光-新竹,2023-08-25,8563
3324,雙鴻,34,17,17,新光-新竹,2023-08-25,8563
3363,上詮,17,0,17,新光-新竹,2023-08-25,8563
2880,華南金,17,0,17,新光-新竹,2023-08-25,8563
00923,群益台ESG低碳50,15,0,15,新光-新竹,2023-08-25,8563
8085,福華,16,1,15,新光-新竹,2023-08-25,8563
00633L,富邦上証正2,762,50,712,新光-新竹,2023-08-28,8563
2485,兆赫,275,72,203,新光-新竹,2023-08-28,8563
00878,國泰永續高股息,247,49,198,新光-新竹,2023-08-28,8563
4906,正文,221,41,180,新光-新竹,2023-08-28,8563
00929,復華台灣科技優息,384,207,177,新光-新竹,2023-08-28,8563
00673R,期元大S＆P原油反1,156,0,156,新光-新竹,2023-08-28,8563
4102,永日,150,6,144,新光-新竹,2023-08-28,8563
00919,群益台灣精選高息,182,50,132,新光-新竹,2023-08-28,8563
00864B,中信美國公債0-1,107,0,107,新光-新竹,2023-08-28,8563
3567,逸昌,105,3,102,新光-新竹,2023-08-28,8563
00680L,元大美債20正2,95,1,94,新光-新竹,2023-08-28,8563
00885,富邦越南,93,3,90,新光-新竹,2023-08-28,8563
2903,遠百,65,0,65,新光-新竹,2023-08-28,8563
2388,威盛,133,75,58,新光-新竹,2023-08-28,8563
2610,華航,116,63,53,新光-新竹,2023-08-28,8563
3264,欣銓,66,15,51,新光-新竹,2023-08-28,8563
4979,華星光,79,36,43,新光-新竹,2023-08-28,8563
2332,友訊,78,41,37,新光-新竹,2023-08-28,8563
00773B,中信優先金融債,48,15,33,新光-新竹,2023-08-28,8563
3481,群創,31,4,27,新光-新竹,2023-08-28,8563
6139,亞翔,42,16,26,新光-新竹,2023-08-28,8563
0056,元大高股息,40,14,26,新光-新竹,2023-08-28,8563
6235,華孚,171,147,24,新光-新竹,2023-08-28,8563
2812,台中銀,30,6,24,新光-新竹,2023-08-28,8563
2363,矽統,265,243,22,新光-新竹,2023-08-28,8563
2323,中環,171,150,21,新光-新竹,2023-08-28,8563
3052,夆典,20,0,20,新光-新竹,2023-08-28,8563
00688L,國泰20年美債正2,20,0,20,新光-新竹,2023-08-28,8563
1810,和成,36,16,20,新光-新竹,2023-08-28,8563
5465,富驊,20,0,20,新光-新竹,2023-08-28,8563
00795B,中信美國公債20年,31,12,19,新光-新竹,2023-08-28,8563
1605,華新,22,4,18,新光-新竹,2023-08-28,8563
3011,今皓,20,2,18,新光-新竹,2023-08-28,8563
1609,大亞,24,6,18,新光-新竹,2023-08-28,8563
2206,三陽工業,18,0,18,新光-新竹,2023-08-28,8563
2419,仲琦,25,7,18,新光-新竹,2023-08-28,8563
00713,元大台灣高息低波,19,2,17,新光-新竹,2023-08-28,8563
1714,和桐,17,0,17,新光-新竹,2023-08-28,8563
2886,兆豐金,17,1,16,新光-新竹,2023-08-28,8563
2633,台灣高鐵,15,0,15,新光-新竹,2023-08-28,8563
2543,皇昌,15,0,15,新光-新竹,2023-08-28,8563
2442,新美齊,15,0,15,新光-新竹,2023-08-28,8563
6120,達運,15,0,15,新光-新竹,2023-08-28,8563
2481,強茂,16,1,15,新光-新竹,2023-08-28,8563
3227,原相,28,14,14,新光-新竹,2023-08-28,8563
8033,雷虎,16,2,14,新光-新竹,2023-08-28,8563
3047,訊舟,13,0,13,新光-新竹,2023-08-28,8563
4532,瑞智,16,3,13,新光-新竹,2023-08-28,8563
00753L,中信中國50正2,22,9,13,新光-新竹,2023-08-28,8563
3518,柏騰,15,3,12,新光-新竹,2023-08-28,8563
00632R,元大台灣50反1,1140,242,898,新光-新竹,2023-08-29,8563
3481,群創,521,3,518,新光-新竹,2023-08-29,8563
00929,復華台灣科技優息,230,2,228,新光-新竹,2023-08-29,8563
4102,永日,309,103,206,新光-新竹,2023-08-29,8563
00719B,元大美債1-3,95,0,95,新光-新竹,2023-08-29,8563
00919,群益台灣精選高息,89,12,77,新光-新竹,2023-08-29,8563
00864B,中信美國公債0-1,65,0,65,新光-新竹,2023-08-29,8563
2317,鴻海,108,45,63,新光-新竹,2023-08-29,8563
00679B,元大美債20年,46,0,46,新光-新竹,2023-08-29,8563
2303,聯電,60,15,45,新光-新竹,2023-08-29,8563
3051,力特,99,54,45,新光-新竹,2023-08-29,8563
2331,精英,144,103,41,新光-新竹,2023-08-29,8563
6120,達運,40,0,40,新光-新竹,2023-08-29,8563
3035,智原,61,27,34,新光-新竹,2023-08-29,8563
4919,新唐,36,5,31,新光-新竹,2023-08-29,8563
3052,夆典,30,0,30,新光-新竹,2023-08-29,8563
2312,金寶,35,5,30,新光-新竹,2023-08-29,8563
2891,中信金,31,2,29,新光-新竹,2023-08-29,8563
2890,永豐金,64,37,27,新光-新竹,2023-08-29,8563
00794B,群益7+中國政金債,25,0,25,新光-新竹,2023-08-29,8563
3227,原相,27,3,24,新光-新竹,2023-08-29,8563
2002,中鋼,26,4,22,新光-新竹,2023-08-29,8563
2380,虹光,21,0,21,新光-新竹,2023-08-29,8563
2543,皇昌,20,0,20,新光-新竹,2023-08-29,8563
2462,良得電,22,2,20,新光-新竹,2023-08-29,8563
00773B,中信優先金融債,20,0,20,新光-新竹,2023-08-29,8563
9105,泰金寶-DR,20,0,20,新光-新竹,2023-08-29,8563
4979,華星光,44,24,20,新光-新竹,2023-08-29,8563
9945,潤泰新,37,18,19,新光-新竹,2023-08-29,8563
2892,第一金,18,0,18,新光-新竹,2023-08-29,8563
2618,長榮航,46,28,18,新光-新竹,2023-08-29,8563
2355,敬鵬,40,23,17,新光-新竹,2023-08-29,8563
00907,永豐優息存股,16,0,16,新光-新竹,2023-08-29,8563
2903,遠百,16,0,16,新光-新竹,2023-08-29,8563
3011,今皓,26,11,15,新光-新竹,2023-08-29,8563
3518,柏騰,27,12,15,新光-新竹,2023-08-29,8563
6191,精成科,16,1,15,新光-新竹,2023-08-29,8563
2886,兆豐金,15,1,14,新光-新竹,2023-08-29,8563
2356,英業達,37,23,14,新光-新竹,2023-08-29,8563
3653,健策,15,1,14,新光-新竹,2023-08-29,8563
4916,事欣科,37,23,14,新光-新竹,2023-08-29,8563
3231,緯創,273,260,13,新光-新竹,2023-08-29,8563
1737,臺鹽,19,6,13,新光-新竹,2023-08-29,8563
5871,中租-KY,28,16,12,新光-新竹,2023-08-29,8563
00857B,永豐20年美公債,11,0,11,新光-新竹,2023-08-29,8563
00713,元大台灣高息低波,11,0,11,新光-新竹,2023-08-29,8563
1810,和成,13,2,11,新光-新竹,2023-08-29,8563
00900,富邦特選高股息30,16,5,11,新光-新竹,2023-08-29,8563
1722,台肥,11,0,11,新光-新竹,2023-08-29,8563
2409,友達,19,9,10,新光-新竹,2023-08-29,8563
00673R,期元大S＆P原油反1,161,0,161,新光-新竹,2023-08-30,8563
00637L,元大滬深300正2,129,3,126,新光-新竹,2023-08-30,8563
00633L,富邦上証正2,132,10,122,新光-新竹,2023-08-30,8563
00864B,中信美國公債0-1,113,0,113,新光-新竹,2023-08-30,8563
3260,威剛,106,8,98,新光-新竹,2023-08-30,8563
2316,楠梓電,90,10,80,新光-新竹,2023-08-30,8563
2886,兆豐金,65,3,62,新光-新竹,2023-08-30,8563
8358,金居,100,39,61,新光-新竹,2023-08-30,8563
00680L,元大美債20正2,60,7,53,新光-新竹,2023-08-30,8563
5009,榮剛,57,5,52,新光-新竹,2023-08-30,8563
00753L,中信中國50正2,53,2,51,新光-新竹,2023-08-30,8563
4909,新復興,60,13,47,新光-新竹,2023-08-30,8563
00772B,中信高評級公司債,57,11,46,新光-新竹,2023-08-30,8563
1217,愛之味,42,2,40,新光-新竹,2023-08-30,8563
2812,台中銀,58,19,39,新光-新竹,2023-08-30,8563
1714,和桐,35,0,35,新光-新竹,2023-08-30,8563
0050,元大台灣50,44,11,33,新光-新竹,2023-08-30,8563
6168,宏齊,62,31,31,新光-新竹,2023-08-30,8563
00665L,富邦�琤肭磪囓�2,95,64,31,新光-新竹,2023-08-30,8563
5443,均豪,102,72,30,新光-新竹,2023-08-30,8563
2610,華航,54,25,29,新光-新竹,2023-08-30,8563
2355,敬鵬,51,23,28,新光-新竹,2023-08-30,8563
1319,東陽,50,24,26,新光-新竹,2023-08-30,8563
8210,勤誠,51,26,25,新光-新竹,2023-08-30,8563
00685L,群益臺灣加權正2,29,5,24,新光-新竹,2023-08-30,8563
6111,大宇資,24,2,22,新光-新竹,2023-08-30,8563
2324,仁寶,33,12,21,新光-新竹,2023-08-30,8563
2344,華邦電,32,12,20,新光-新竹,2023-08-30,8563
1789,神隆,20,0,20,新光-新竹,2023-08-30,8563
2301,光寶科,34,14,20,新光-新竹,2023-08-30,8563
2884,玉山金,44,24,20,新光-新竹,2023-08-30,8563
2371,大同,20,1,19,新光-新竹,2023-08-30,8563
2317,鴻海,21,3,18,新光-新竹,2023-08-30,8563
3105,穩懋,35,17,18,新光-新竹,2023-08-30,8563
3607,谷崧,17,0,17,新光-新竹,2023-08-30,8563
3715,定穎投控,119,102,17,新光-新竹,2023-08-30,8563
3308,聯德,30,13,17,新光-新竹,2023-08-30,8563
00713,元大台灣高息低波,16,1,15,新光-新竹,2023-08-30,8563
2543,皇昌,20,5,15,新光-新竹,2023-08-30,8563
5876,上海商銀,15,0,15,新光-新竹,2023-08-30,8563
3011,今皓,21,7,14,新光-新竹,2023-08-30,8563
1785,光洋科,13,0,13,新光-新竹,2023-08-30,8563
2347,聯強,13,0,13,新光-新竹,2023-08-30,8563
00655L,國泰中國A50正2,13,1,12,新光-新竹,2023-08-30,8563
4102,永日,152,141,11,新光-新竹,2023-08-30,8563
8050,廣積,13,2,11,新光-新竹,2023-08-30,8563
3443,創意,16,5,11,新光-新竹,2023-08-30,8563
3481,群創,41,30,11,新光-新竹,2023-08-30,8563
2002,中鋼,12,1,11,新光-新竹,2023-08-30,8563
1605,華新,39,29,10,新光-新竹,2023-08-30,8563
00919,群益台灣精選高息,181,2,179,新光-新竹,2023-08-31,8563
2890,永豐金,291,129,162,新光-新竹,2023-08-31,8563
1319,東陽,136,7,129,新光-新竹,2023-08-31,8563
00650L,復華香港正2,121,0,121,新光-新竹,2023-08-31,8563
4102,永日,132,13,119,新光-新竹,2023-08-31,8563
00929,復華台灣科技優息,173,56,117,新光-新竹,2023-08-31,8563
2337,旺宏,230,131,99,新光-新竹,2023-08-31,8563
00864B,中信美國公債0-1,85,2,83,新光-新竹,2023-08-31,8563
00931B,統一美債20年,67,0,67,新光-新竹,2023-08-31,8563
2355,敬鵬,120,58,62,新光-新竹,2023-08-31,8563
2331,精英,106,50,56,新光-新竹,2023-08-31,8563
2913,農林,54,0,54,新光-新竹,2023-08-31,8563
6282,康舒,58,8,50,新光-新竹,2023-08-31,8563
00900,富邦特選高股息30,47,0,47,新光-新竹,2023-08-31,8563
3231,緯創,331,285,46,新光-新竹,2023-08-31,8563
2886,兆豐金,45,0,45,新光-新竹,2023-08-31,8563
2891,中信金,70,27,43,新光-新竹,2023-08-31,8563
2324,仁寶,74,31,43,新光-新竹,2023-08-31,8563
00878,國泰永續高股息,98,56,42,新光-新竹,2023-08-31,8563
2834,臺企銀,42,0,42,新光-新竹,2023-08-31,8563
2884,玉山金,43,4,39,新光-新竹,2023-08-31,8563
2390,云辰,50,13,37,新光-新竹,2023-08-31,8563
1101,台泥,36,0,36,新光-新竹,2023-08-31,8563
3715,定穎投控,263,227,36,新光-新竹,2023-08-31,8563
6122,擎邦,90,55,35,新光-新竹,2023-08-31,8563
2436,偉詮電,105,71,34,新光-新竹,2023-08-31,8563
00679B,元大美債20年,88,54,34,新光-新竹,2023-08-31,8563
2883,凱基金,34,2,32,新光-新竹,2023-08-31,8563
2409,友達,57,25,32,新光-新竹,2023-08-31,8563
2412,中華電,32,0,32,新光-新竹,2023-08-31,8563
2408,南亞科,31,0,31,新光-新竹,2023-08-31,8563
2880,華南金,41,10,31,新光-新竹,2023-08-31,8563
6538,倉和,42,11,31,新光-新竹,2023-08-31,8563
2401,凌陽,65,36,29,新光-新竹,2023-08-31,8563
1802,台玻,46,18,28,新光-新竹,2023-08-31,8563
2105,正新,33,6,27,新光-新竹,2023-08-31,8563
2543,皇昌,25,0,25,新光-新竹,2023-08-31,8563
3051,力特,99,75,24,新光-新竹,2023-08-31,8563
8112,至上,41,17,24,新光-新竹,2023-08-31,8563
3338,泰碩,24,1,23,新光-新竹,2023-08-31,8563
3058,立德,23,0,23,新光-新竹,2023-08-31,8563
2376,技嘉,77,54,23,新光-新竹,2023-08-31,8563
0056,元大高股息,55,33,22,新光-新竹,2023-08-31,8563
1810,和成,51,29,22,新光-新竹,2023-08-31,8563
4938,和碩,23,1,22,新光-新竹,2023-08-31,8563
2633,台灣高鐵,22,2,20,新光-新竹,2023-08-31,8563
3045,台灣大,20,0,20,新光-新竹,2023-08-31,8563
1608,華榮,20,0,20,新光-新竹,2023-08-31,8563
2883B,凱基金乙特,20,0,20,新光-新竹,2023-08-31,8563
00923,群益台ESG低碳50,23,4,19,新光-新竹,2023-08-31,8563
00632R,元大台灣50反1,2001,10,1991,新光-新竹,2023-09-01,8563
00929,復華台灣科技優息,396,66,330,新光-新竹,2023-09-01,8563
00932,兆豐永續高息等權,304,1,303,新光-新竹,2023-09-01,8563
00919,群益台灣精選高息,282,45,237,新光-新竹,2023-09-01,8563
4102,永日,377,222,155,新光-新竹,2023-09-01,8563
00673R,期元大S＆P原油反1,158,35,123,新光-新竹,2023-09-01,8563
0050,元大台灣50,98,2,96,新光-新竹,2023-09-01,8563
00878,國泰永續高股息,114,30,84,新光-新竹,2023-09-01,8563
6274,台燿,111,35,76,新光-新竹,2023-09-01,8563
0056,元大高股息,75,1,74,新光-新竹,2023-09-01,8563
4906,正文,117,57,60,新光-新竹,2023-09-01,8563
2355,敬鵬,73,13,60,新光-新竹,2023-09-01,8563
3338,泰碩,53,0,53,新光-新竹,2023-09-01,8563
2367,燿華,143,91,52,新光-新竹,2023-09-01,8563
6235,華孚,160,112,48,新光-新竹,2023-09-01,8563
2337,旺宏,55,7,48,新光-新竹,2023-09-01,8563
6285,啟��,79,31,48,新光-新竹,2023-09-01,8563
3044,健鼎,57,14,43,新光-新竹,2023-09-01,8563
8234,新漢,41,0,41,新光-新竹,2023-09-01,8563
5864,致和證,37,0,37,新光-新竹,2023-09-01,8563
2485,兆赫,344,311,33,新光-新竹,2023-09-01,8563
5347,世界,34,2,32,新光-新竹,2023-09-01,8563
3450,聯鈞,33,4,29,新光-新竹,2023-09-01,8563
1789,神隆,29,0,29,新光-新竹,2023-09-01,8563
2891,中信金,35,6,29,新光-新竹,2023-09-01,8563
2516,新建,30,2,28,新光-新竹,2023-09-01,8563
2323,中環,170,143,27,新光-新竹,2023-09-01,8563
00720B,元大投資級公司債,28,1,27,新光-新竹,2023-09-01,8563
2356,英業達,52,25,27,新光-新竹,2023-09-01,8563
2313,華通,26,1,25,新光-新竹,2023-09-01,8563
3051,力特,73,48,25,新光-新竹,2023-09-01,8563
2382,廣達,170,146,24,新光-新竹,2023-09-01,8563
6732,昇佳電子,27,3,24,新光-新竹,2023-09-01,8563
2421,建準,37,13,24,新光-新竹,2023-09-01,8563
3715,定穎投控,91,68,23,新光-新竹,2023-09-01,8563
2457,飛宏,54,31,23,新光-新竹,2023-09-01,8563
6120,達運,22,0,22,新光-新竹,2023-09-01,8563
2441,超豐,22,0,22,新光-新竹,2023-09-01,8563
2402,毅嘉,409,388,21,新光-新竹,2023-09-01,8563
2303,聯電,23,3,20,新光-新竹,2023-09-01,8563
9906,欣巴巴,20,0,20,新光-新竹,2023-09-01,8563
1101,台泥,24,5,19,新光-新竹,2023-09-01,8563
2363,矽統,573,555,18,新光-新竹,2023-09-01,8563
4938,和碩,35,17,18,新光-新竹,2023-09-01,8563
4967,十銓,35,17,18,新光-新竹,2023-09-01,8563
2376,技嘉,113,96,17,新光-新竹,2023-09-01,8563
5880,合庫金,17,0,17,新光-新竹,2023-09-01,8563
2884,玉山金,17,1,16,新光-新竹,2023-09-01,8563
2887F,台新戊特二,16,0,16,新光-新竹,2023-09-01,8563
2816,旺旺保,30,15,15,新光-新竹,2023-09-01,8563
00687B,國泰20年美債,236,0,236,新光-新竹,2023-09-04,8563
00680L,元大美債20正2,228,3,225,新光-新竹,2023-09-04,8563
4102,永日,505,315,190,新光-新竹,2023-09-04,8563
00929,復華台灣科技優息,354,193,161,新光-新竹,2023-09-04,8563
00720B,元大投資級公司債,158,13,145,新光-新竹,2023-09-04,8563
00772B,中信高評級公司債,134,32,102,新光-新竹,2023-09-04,8563
2537,聯上發,89,2,87,新光-新竹,2023-09-04,8563
00915,凱基優選高股息30,72,0,72,新光-新竹,2023-09-04,8563
00751B,元大AAA至A公司債,64,0,64,新光-新竹,2023-09-04,8563
2316,楠梓電,61,2,59,新光-新竹,2023-09-04,8563
00632R,元大台灣50反1,73,16,57,新光-新竹,2023-09-04,8563
00919,群益台灣精選高息,213,161,52,新光-新竹,2023-09-04,8563
00679B,元大美債20年,60,8,52,新光-新竹,2023-09-04,8563
6173,信昌電,178,132,46,新光-新竹,2023-09-04,8563
0056,元大高股息,60,15,45,新光-新竹,2023-09-04,8563
00782B,國泰A級公用債,44,0,44,新光-新竹,2023-09-04,8563
00712,復華富時不動產,789,746,43,新光-新竹,2023-09-04,8563
00781B,國泰A級科技債,40,0,40,新光-新竹,2023-09-04,8563
2331,精英,97,58,39,新光-新竹,2023-09-04,8563
3059,華晶科,35,1,34,新光-新竹,2023-09-04,8563
00900,富邦特選高股息30,43,10,33,新光-新竹,2023-09-04,8563
3044,健鼎,40,7,33,新光-新竹,2023-09-04,8563
2206,三陽工業,59,28,31,新光-新竹,2023-09-04,8563
2618,長榮航,51,20,31,新光-新竹,2023-09-04,8563
3450,聯鈞,35,5,30,新光-新竹,2023-09-04,8563
2436,偉詮電,142,112,30,新光-新竹,2023-09-04,8563
2204,中華,63,34,29,新光-新竹,2023-09-04,8563
00918,大華優利高填息30,31,2,29,新光-新竹,2023-09-04,8563
00713,元大台灣高息低波,29,1,28,新光-新竹,2023-09-04,8563
2881,富邦金,30,3,27,新光-新竹,2023-09-04,8563
2409,友達,94,68,26,新光-新竹,2023-09-04,8563
8930,青鋼,29,4,25,新光-新竹,2023-09-04,8563
00773B,中信優先金融債,25,0,25,新光-新竹,2023-09-04,8563
00673R,期元大S＆P原油反1,121,96,25,新光-新竹,2023-09-04,8563
00794B,群益7+中國政金債,25,0,25,新光-新竹,2023-09-04,8563
2408,南亞科,27,3,24,新光-新竹,2023-09-04,8563
8183,精星,22,1,21,新光-新竹,2023-09-04,8563
2882,國泰金,26,5,21,新光-新竹,2023-09-04,8563
2605,新興,27,6,21,新光-新竹,2023-09-04,8563
2884,玉山金,23,3,20,新光-新竹,2023-09-04,8563
3105,穩懋,30,10,20,新光-新竹,2023-09-04,8563
2441,超豐,20,0,20,新光-新竹,2023-09-04,8563
2515,中工,20,0,20,新光-新竹,2023-09-04,8563
4919,新唐,21,1,20,新光-新竹,2023-09-04,8563
00882,中信中國高股息,28,9,19,新光-新竹,2023-09-04,8563
1609,大亞,22,3,19,新光-新竹,2023-09-04,8563
4167,松瑞藥,20,1,19,新光-新竹,2023-09-04,8563
1101,台泥,71,53,18,新光-新竹,2023-09-04,8563
6443,元晶,18,0,18,新光-新竹,2023-09-04,8563
2352,佳世達,19,1,18,新光-新竹,2023-09-04,8563
4102,永日,359,65,294,新光-新竹,2023-09-05,8563
00929,復華台灣科技優息,627,393,234,新光-新竹,2023-09-05,8563
2537,聯上發,198,0,198,新光-新竹,2023-09-05,8563
00919,群益台灣精選高息,240,73,167,新光-新竹,2023-09-05,8563
00751B,元大AAA至A公司債,91,0,91,新光-新竹,2023-09-05,8563
00650L,復華香港正2,82,0,82,新光-新竹,2023-09-05,8563
5009,榮剛,106,24,82,新光-新竹,2023-09-05,8563
6122,擎邦,252,171,81,新光-新竹,2023-09-05,8563
00915,凱基優選高股息30,76,0,76,新光-新竹,2023-09-05,8563
2367,燿華,91,20,71,新光-新竹,2023-09-05,8563
1616,億泰,76,6,70,新光-新竹,2023-09-05,8563
00687B,國泰20年美債,67,0,67,新光-新竹,2023-09-05,8563
00720B,元大投資級公司債,64,0,64,新光-新竹,2023-09-05,8563
00932,兆豐永續高息等權,68,5,63,新光-新竹,2023-09-05,8563
1605,華新,69,20,49,新光-新竹,2023-09-05,8563
3014,聯陽,53,11,42,新光-新竹,2023-09-05,8563
4961,天鈺,64,26,38,新光-新竹,2023-09-05,8563
00679B,元大美債20年,53,16,37,新光-新竹,2023-09-05,8563
2618,長榮航,46,9,37,新光-新竹,2023-09-05,8563
00931B,統一美債20年,37,0,37,新光-新竹,2023-09-05,8563
4933,友輝,46,11,35,新光-新竹,2023-09-05,8563
3481,群創,57,26,31,新光-新竹,2023-09-05,8563
2614,東森,35,5,30,新光-新竹,2023-09-05,8563
2634,漢翔,48,18,30,新光-新竹,2023-09-05,8563
00772B,中信高評級公司債,29,0,29,新光-新竹,2023-09-05,8563
2359,所羅門,33,6,27,新光-新竹,2023-09-05,8563
5381,合正,51,24,27,新光-新竹,2023-09-05,8563
00722B,群益投資級電信債,25,0,25,新光-新竹,2023-09-05,8563
00794B,群益7+中國政金債,25,0,25,新光-新竹,2023-09-05,8563
2886,兆豐金,24,0,24,新光-新竹,2023-09-05,8563
2331,精英,53,29,24,新光-新竹,2023-09-05,8563
00918,大華優利高填息30,23,0,23,新光-新竹,2023-09-05,8563
8358,金居,90,68,22,新光-新竹,2023-09-05,8563
2312,金寶,29,8,21,新光-新竹,2023-09-05,8563
00713,元大台灣高息低波,20,0,20,新光-新竹,2023-09-05,8563
2421,建準,32,12,20,新光-新竹,2023-09-05,8563
00673R,期元大S＆P原油反1,20,0,20,新光-新竹,2023-09-05,8563
00768B,復華20年美債,20,0,20,新光-新竹,2023-09-05,8563
00781B,國泰A級科技債,20,0,20,新光-新竹,2023-09-05,8563
6753,龍德造船,19,0,19,新光-新竹,2023-09-05,8563
00782B,國泰A級公用債,19,0,19,新光-新竹,2023-09-05,8563
2535,達欣工,19,0,19,新光-新竹,2023-09-05,8563
1409,新纖,18,0,18,新光-新竹,2023-09-05,8563
2884,玉山金,18,0,18,新光-新竹,2023-09-05,8563
2441,超豐,20,2,18,新光-新竹,2023-09-05,8563
4147,中裕,27,9,18,新光-新竹,2023-09-05,8563
6191,精成科,26,9,17,新光-新竹,2023-09-05,8563
3231,緯創,96,80,16,新光-新竹,2023-09-05,8563
2610,華航,23,7,16,新光-新竹,2023-09-05,8563
3545,敦泰,62,46,16,新光-新竹,2023-09-05,8563
00929,復華台灣科技優息,1102,155,947,新光-新竹,2023-09-06,8563
00919,群益台灣精選高息,307,111,196,新光-新竹,2023-09-06,8563
00753L,中信中國50正2,170,0,170,新光-新竹,2023-09-06,8563
00650L,復華香港正2,174,13,161,新光-新竹,2023-09-06,8563
00768B,復華20年美債,160,0,160,新光-新竹,2023-09-06,8563
2812,台中銀,152,24,128,新光-新竹,2023-09-06,8563
00655L,國泰中國A50正2,115,0,115,新光-新竹,2023-09-06,8563
2537,聯上發,115,0,115,新光-新竹,2023-09-06,8563
2409,友達,290,176,114,新光-新竹,2023-09-06,8563
6285,啟��,206,97,109,新光-新竹,2023-09-06,8563
2497,怡利電,105,0,105,新光-新竹,2023-09-06,8563
00772B,中信高評級公司債,107,2,105,新光-新竹,2023-09-06,8563
00687B,國泰20年美債,102,21,81,新光-新竹,2023-09-06,8563
5258,虹堡,136,64,72,新光-新竹,2023-09-06,8563
4102,永日,306,237,69,新光-新竹,2023-09-06,8563
1101,台泥,74,7,67,新光-新竹,2023-09-06,8563
00688L,國泰20年美債正2,62,0,62,新光-新竹,2023-09-06,8563
3481,群創,120,64,56,新光-新竹,2023-09-06,8563
00673R,期元大S＆P原油反1,59,3,56,新光-新竹,2023-09-06,8563
00665L,富邦�琤肭磪囓�2,64,8,56,新光-新竹,2023-09-06,8563
00720B,元大投資級公司債,55,0,55,新光-新竹,2023-09-06,8563
2363,矽統,369,314,55,新光-新竹,2023-09-06,8563
00751B,元大AAA至A公司債,50,0,50,新光-新竹,2023-09-06,8563
2316,楠梓電,66,17,49,新光-新竹,2023-09-06,8563
2891,中信金,59,13,46,新光-新竹,2023-09-06,8563
00680L,元大美債20正2,44,0,44,新光-新竹,2023-09-06,8563
6274,台燿,152,109,43,新光-新竹,2023-09-06,8563
00931B,統一美債20年,43,0,43,新光-新竹,2023-09-06,8563
00915,凱基優選高股息30,74,33,41,新光-新竹,2023-09-06,8563
00932,兆豐永續高息等權,43,4,39,新光-新竹,2023-09-06,8563
2401,凌陽,137,99,38,新光-新竹,2023-09-06,8563
2884,玉山金,50,14,36,新光-新竹,2023-09-06,8563
00900,富邦特選高股息30,33,0,33,新光-新竹,2023-09-06,8563
2317,鴻海,35,2,33,新光-新竹,2023-09-06,8563
00712,復華富時不動產,234,202,32,新光-新竹,2023-09-06,8563
1802,台玻,62,30,32,新光-新竹,2023-09-06,8563
2368,金像電,81,49,32,新光-新竹,2023-09-06,8563
2834,臺企銀,32,0,32,新光-新竹,2023-09-06,8563
00907,永豐優息存股,31,0,31,新光-新竹,2023-09-06,8563
2890,永豐金,62,31,31,新光-新竹,2023-09-06,8563
00676R,富邦臺灣加權反1,30,0,30,新光-新竹,2023-09-06,8563
2886,兆豐金,30,0,30,新光-新竹,2023-09-06,8563
00722B,群益投資級電信債,29,0,29,新光-新竹,2023-09-06,8563
2329,華泰,50,22,28,新光-新竹,2023-09-06,8563
2206,三陽工業,68,40,28,新光-新竹,2023-09-06,8563
00679B,元大美債20年,40,12,28,新光-新竹,2023-09-06,8563
00888,永豐台灣ESG,26,0,26,新光-新竹,2023-09-06,8563
2605,新興,68,42,26,新光-新竹,2023-09-06,8563
3038,全台,31,5,26,新光-新竹,2023-09-06,8563
2485,兆赫,40,15,25,新光-新竹,2023-09-06,8563
00919,群益台灣精選高息,589,22,567,新光-新竹,2023-09-07,8563
00929,復華台灣科技優息,883,639,244,新光-新竹,2023-09-07,8563
2884,玉山金,251,11,240,新光-新竹,2023-09-07,8563
4909,新復興,243,64,179,新光-新竹,2023-09-07,8563
4102,永日,254,111,143,新光-新竹,2023-09-07,8563
00632R,元大台灣50反1,151,27,124,新光-新竹,2023-09-07,8563
2324,仁寶,111,3,108,新光-新竹,2023-09-07,8563
00673R,期元大S＆P原油反1,84,5,79,新光-新竹,2023-09-07,8563
3188,鑫龍騰,72,0,72,新光-新竹,2023-09-07,8563
00923,群益台ESG低碳50,90,19,71,新光-新竹,2023-09-07,8563
2634,漢翔,79,9,70,新光-新竹,2023-09-07,8563
2367,燿華,72,4,68,新光-新竹,2023-09-07,8563
2313,華通,138,79,59,新光-新竹,2023-09-07,8563
3025,星通,61,3,58,新光-新竹,2023-09-07,8563
2436,偉詮電,144,88,56,新光-新竹,2023-09-07,8563
00637L,元大滬深300正2,62,10,52,新光-新竹,2023-09-07,8563
00896,中信綠能及電動車,50,0,50,新光-新竹,2023-09-07,8563
1608,華榮,51,1,50,新光-新竹,2023-09-07,8563
2368,金像電,52,5,47,新光-新竹,2023-09-07,8563
00712,復華富時不動產,71,25,46,新光-新竹,2023-09-07,8563
2812,台中銀,103,59,44,新光-新竹,2023-09-07,8563
2402,毅嘉,97,52,45,新光-新竹,2023-09-07,8563
00782B,國泰A級公用債,47,6,41,新光-新竹,2023-09-07,8563
4906,正文,61,21,40,新光-新竹,2023-09-07,8563
00650L,復華香港正2,44,5,39,新光-新竹,2023-09-07,8563
3042,晶技,48,10,38,新光-新竹,2023-09-07,8563
2330,台積電,40,6,34,新光-新竹,2023-09-07,8563
3704,合勤控,61,28,33,新光-新竹,2023-09-07,8563
00932,兆豐永續高息等權,32,0,32,新光-新竹,2023-09-07,8563
2485,兆赫,294,263,31,新光-新竹,2023-09-07,8563
00918,大華優利高填息30,31,0,31,新光-新竹,2023-09-07,8563
6139,亞翔,42,12,30,新光-新竹,2023-09-07,8563
00679B,元大美債20年,32,2,30,新光-新竹,2023-09-07,8563
00877,復華中國5G,30,0,30,新光-新竹,2023-09-07,8563
5465,富驊,32,2,30,新光-新竹,2023-09-07,8563
2537,聯上發,28,0,28,新光-新竹,2023-09-07,8563
2535,達欣工,28,0,28,新光-新竹,2023-09-07,8563
0050,元大台灣50,29,1,28,新光-新竹,2023-09-07,8563
2891,中信金,28,2,26,新光-新竹,2023-09-07,8563
00671R,富邦NASDAQ反1,30,4,26,新光-新竹,2023-09-07,8563
00794B,群益7+中國政金債,25,0,25,新光-新竹,2023-09-07,8563
2441,超豐,27,2,25,新光-新竹,2023-09-07,8563
2618,長榮航,57,35,22,新光-新竹,2023-09-07,8563
2834,臺企銀,21,0,21,新光-新竹,2023-09-07,8563
2317,鴻海,22,2,20,新光-新竹,2023-09-07,8563
3682,亞太電,20,0,20,新光-新竹,2023-09-07,8563
1471,首利,24,5,19,新光-新竹,2023-09-07,8563
5381,合正,71,53,18,新光-新竹,2023-09-07,8563
1307,三芳,18,0,18,新光-新竹,2023-09-07,8563
00888,永豐台灣ESG,18,0,18,新光-新竹,2023-09-07,8563
00919,群益台灣精選高息,648,24,624,新光-新竹,2023-09-08,8563
3481,群創,317,16,301,新光-新竹,2023-09-08,8563
00931B,統一美債20年,245,5,240,新光-新竹,2023-09-08,8563
2884,玉山金,183,0,183,新光-新竹,2023-09-08,8563
00673R,期元大S＆P原油反1,151,6,145,新光-新竹,2023-09-08,8563
4533,協易機,183,41,142,新光-新竹,2023-09-08,8563
00637L,元大滬深300正2,155,28,127,新光-新竹,2023-09-08,8563
4909,新復興,131,14,117,新光-新竹,2023-09-08,8563
2367,燿華,116,0,116,新光-新竹,2023-09-08,8563
00687B,國泰20年美債,145,46,99,新光-新竹,2023-09-08,8563
00650L,復華香港正2,77,0,77,新光-新竹,2023-09-08,8563
00929,復華台灣科技優息,779,704,75,新光-新竹,2023-09-08,8563
8050,廣積,135,61,74,新光-新竹,2023-09-08,8563
3169,亞信,53,3,50,新光-新竹,2023-09-08,8563
1603,華電,49,5,44,新光-新竹,2023-09-08,8563
1810,和成,54,12,42,新光-新竹,2023-09-08,8563
00679B,元大美債20年,41,0,41,新光-新竹,2023-09-08,8563
00830,國泰費城半導體,41,0,41,新光-新竹,2023-09-08,8563
2014,中鴻,40,0,40,新光-新竹,2023-09-08,8563
2358,廷鑫,96,56,40,新光-新竹,2023-09-08,8563
3576,聯合再生,44,6,38,新光-新竹,2023-09-08,8563
4102,永日,280,244,36,新光-新竹,2023-09-08,8563
8097,常珵,35,0,35,新光-新竹,2023-09-08,8563
1305,華夏,37,2,35,新光-新竹,2023-09-08,8563
2897,王道銀行,34,0,34,新光-新竹,2023-09-08,8563
1712,興農,34,0,34,新光-新竹,2023-09-08,8563
3046,建��,89,57,32,新光-新竹,2023-09-08,8563
2812,台中銀,38,7,31,新光-新竹,2023-09-08,8563
2618,長榮航,62,32,30,新光-新竹,2023-09-08,8563
2460,建通,35,6,29,新光-新竹,2023-09-08,8563
8034,榮群,30,2,28,新光-新竹,2023-09-08,8563
8473,山林水,25,0,25,新光-新竹,2023-09-08,8563
00655L,國泰中國A50正2,24,0,24,新光-新竹,2023-09-08,8563
2317,鴻海,38,14,24,新光-新竹,2023-09-08,8563
8070,長華*,28,5,23,新光-新竹,2023-09-08,8563
2330,台積電,30,8,22,新光-新竹,2023-09-08,8563
6125,廣運,36,14,22,新光-新竹,2023-09-08,8563
3043,科風,29,7,22,新光-新竹,2023-09-08,8563
3715,定穎投控,316,295,21,新光-新竹,2023-09-08,8563
2353,宏��,26,5,21,新光-新竹,2023-09-08,8563
00923,群益台ESG低碳50,22,2,20,新光-新竹,2023-09-08,8563
3682,亞太電,20,0,20,新光-新竹,2023-09-08,8563
1227,佳格,20,0,20,新光-新竹,2023-09-08,8563
00896,中信綠能及電動車,20,0,20,新光-新竹,2023-09-08,8563
3308,聯德,20,0,20,新光-新竹,2023-09-08,8563
1304,台聚,20,1,19,新光-新竹,2023-09-08,8563
2402,毅嘉,80,61,19,新光-新竹,2023-09-08,8563
3680,家登,21,3,18,新光-新竹,2023-09-08,8563
8222,寶一,25,7,18,新光-新竹,2023-09-08,8563
1471,首利,38,20,18,新光-新竹,2023-09-08,8563
00919,群益台灣精選高息,1363,170,1193,新光-新竹,2023-09-11,8563
00929,復華台灣科技優息,556,153,403,新光-新竹,2023-09-11,8563
00688L,國泰20年美債正2,191,0,191,新光-新竹,2023-09-11,8563
3338,泰碩,165,3,162,新光-新竹,2023-09-11,8563
2014,中鴻,130,0,130,新光-新竹,2023-09-11,8563
2610,華航,151,24,127,新光-新竹,2023-09-11,8563
4967,十銓,139,17,122,新光-新竹,2023-09-11,8563
3051,力特,211,90,121,新光-新竹,2023-09-11,8563
00687B,國泰20年美債,108,0,108,新光-新竹,2023-09-11,8563
3260,威剛,120,18,102,新光-新竹,2023-09-11,8563
3006,晶豪科,111,13,98,新光-新竹,2023-09-11,8563
2363,矽統,438,357,81,新光-新竹,2023-09-11,8563
0056,元大高股息,124,45,79,新光-新竹,2023-09-11,8563
00665L,富邦�琤肭磪囓�2,129,60,69,新光-新竹,2023-09-11,8563
4102,永日,138,69,69,新光-新竹,2023-09-11,8563
2441,超豐,66,0,66,新光-新竹,2023-09-11,8563
2436,偉詮電,125,59,66,新光-新竹,2023-09-11,8563
00931B,統一美債20年,87,23,64,新光-新竹,2023-09-11,8563
00918,大華優利高填息30,60,0,60,新光-新竹,2023-09-11,8563
00751B,元大AAA至A公司債,59,0,59,新光-新竹,2023-09-11,8563
3481,群創,82,23,59,新光-新竹,2023-09-11,8563
00915,凱基優選高股息30,58,3,55,新光-新竹,2023-09-11,8563
00720B,元大投資級公司債,50,0,50,新光-新竹,2023-09-11,8563
2405,輔信,190,143,47,新光-新竹,2023-09-11,8563
00679B,元大美債20年,57,11,46,新光-新竹,2023-09-11,8563
1307,三芳,45,0,45,新光-新竹,2023-09-11,8563
4938,和碩,85,44,41,新光-新竹,2023-09-11,8563
4909,新復興,40,0,40,新光-新竹,2023-09-11,8563
8210,勤誠,39,3,36,新光-新竹,2023-09-11,8563
2408,南亞科,38,2,36,新光-新竹,2023-09-11,8563
9904,寶成,40,4,36,新光-新竹,2023-09-11,8563
00673R,期元大S＆P原油反1,42,10,32,新光-新竹,2023-09-11,8563
00713,元大台灣高息低波,36,6,30,新光-新竹,2023-09-11,8563
6548,長科*,41,11,30,新光-新竹,2023-09-11,8563
6426,統新,31,1,30,新光-新竹,2023-09-11,8563
00857B,永豐20年美公債,30,2,28,新光-新竹,2023-09-11,8563
2337,旺宏,37,10,27,新光-新竹,2023-09-11,8563
2313,華通,94,68,26,新光-新竹,2023-09-11,8563
006208,富邦台50,26,1,25,新光-新竹,2023-09-11,8563
00881,國泰台灣5G+,25,0,25,新光-新竹,2023-09-11,8563
2330,台積電,26,1,25,新光-新竹,2023-09-11,8563
2317,鴻海,29,4,25,新光-新竹,2023-09-11,8563
2352,佳世達,67,43,24,新光-新竹,2023-09-11,8563
2634,漢翔,96,73,23,新光-新竹,2023-09-11,8563
2206,三陽工業,29,6,23,新光-新竹,2023-09-11,8563
00896,中信綠能及電動車,23,0,23,新光-新竹,2023-09-11,8563
9945,潤泰新,25,3,22,新光-新竹,2023-09-11,8563
3169,亞信,24,2,22,新光-新竹,2023-09-11,8563
00888,永豐台灣ESG,21,0,21,新光-新竹,2023-09-11,8563
1618,合機,77,56,21,新光-新竹,2023-09-11,8563
00919,群益台灣精選高息,632,172,460,新光-新竹,2023-09-12,8563
00751B,元大AAA至A公司債,101,0,101,新光-新竹,2023-09-12,8563
2363,矽統,168,87,81,新光-新竹,2023-09-12,8563
4909,新復興,80,0,80,新光-新竹,2023-09-12,8563
00929,復華台灣科技優息,246,177,69,新光-新竹,2023-09-12,8563
6282,康舒,186,125,61,新光-新竹,2023-09-12,8563
6120,達運,115,57,58,新光-新竹,2023-09-12,8563
3338,泰碩,55,0,55,新光-新竹,2023-09-12,8563
00637L,元大滬深300正2,50,0,50,新光-新竹,2023-09-12,8563
5533,皇鼎,48,0,48,新光-新竹,2023-09-12,8563
00687B,國泰20年美債,46,0,46,新光-新竹,2023-09-12,8563
9934,成霖,50,4,46,新光-新竹,2023-09-12,8563
00679B,元大美債20年,47,1,46,新光-新竹,2023-09-12,8563
2376,技嘉,96,51,45,新光-新竹,2023-09-12,8563
00915,凱基優選高股息30,45,3,42,新光-新竹,2023-09-12,8563
8930,青鋼,40,0,40,新光-新竹,2023-09-12,8563
2485,兆赫,73,34,39,新光-新竹,2023-09-12,8563
9904,寶成,40,1,39,新光-新竹,2023-09-12,8563
5347,世界,37,2,35,新光-新竹,2023-09-12,8563
1524,耿鼎,122,87,35,新光-新竹,2023-09-12,8563
2457,飛宏,39,5,34,新光-新竹,2023-09-12,8563
2441,超豐,33,0,33,新光-新竹,2023-09-12,8563
6770,力積電,30,0,30,新光-新竹,2023-09-12,8563
00688L,國泰20年美債正2,47,18,29,新光-新竹,2023-09-12,8563
3324,雙鴻,70,44,26,新光-新竹,2023-09-12,8563
3576,聯合再生,25,0,25,新光-新竹,2023-09-12,8563
2891,中信金,54,29,25,新光-新竹,2023-09-12,8563
1324,地球,36,12,24,新光-新竹,2023-09-12,8563
2331,精英,25,2,23,新光-新竹,2023-09-12,8563
0050,元大台灣50,49,26,23,新光-新竹,2023-09-12,8563
00772B,中信高評級公司債,35,15,20,新光-新竹,2023-09-12,8563
4102,永日,546,526,20,新光-新竹,2023-09-12,8563
00671R,富邦NASDAQ反1,20,0,20,新光-新竹,2023-09-12,8563
3323,加百裕,20,0,20,新光-新竹,2023-09-12,8563
2832,台產,20,0,20,新光-新竹,2023-09-12,8563
00664R,國泰臺灣加權反1,20,0,20,新光-新竹,2023-09-12,8563
6139,亞翔,28,8,20,新光-新竹,2023-09-12,8563
9945,潤泰新,23,5,18,新光-新竹,2023-09-12,8563
4971,IET-KY,18,0,18,新光-新竹,2023-09-12,8563
3311,閎暉,27,9,18,新光-新竹,2023-09-12,8563
00673R,期元大S＆P原油反1,20,3,17,新光-新竹,2023-09-12,8563
2206,三陽工業,35,18,17,新光-新竹,2023-09-12,8563
00932,兆豐永續高息等權,16,0,16,新光-新竹,2023-09-12,8563
9933,中鼎,18,2,16,新光-新竹,2023-09-12,8563
00923,群益台ESG低碳50,17,1,16,新光-新竹,2023-09-12,8563
3047,訊舟,15,0,15,新光-新竹,2023-09-12,8563
5244,弘凱,15,0,15,新光-新竹,2023-09-12,8563
3025,星通,15,0,15,新光-新竹,2023-09-12,8563
3682,亞太電,14,0,14,新光-新竹,2023-09-12,8563
00782B,國泰A級公用債,14,0,14,新光-新竹,2023-09-12,8563
00919,群益台灣精選高息,861,97,764,新光-新竹,2023-09-13,8563
00929,復華台灣科技優息,301,108,193,新光-新竹,2023-09-13,8563
4102,永日,568,422,146,新光-新竹,2023-09-13,8563
00673R,期元大S＆P原油反1,223,94,129,新光-新竹,2023-09-13,8563
00878,國泰永續高股息,217,135,82,新光-新竹,2023-09-13,8563
00751B,元大AAA至A公司債,71,0,71,新光-新竹,2023-09-13,8563
00650L,復華香港正2,68,2,66,新光-新竹,2023-09-13,8563
00753L,中信中國50正2,65,0,65,新光-新竹,2023-09-13,8563
00637L,元大滬深300正2,58,0,58,新光-新竹,2023-09-13,8563
00712,復華富時不動產,90,34,56,新光-新竹,2023-09-13,8563
00665L,富邦�琤肭磪囓�2,55,5,50,新光-新竹,2023-09-13,8563
3682,亞太電,50,0,50,新光-新竹,2023-09-13,8563
00632R,元大台灣50反1,48,0,48,新光-新竹,2023-09-13,8563
3036A,文曄甲特,39,0,39,新光-新竹,2023-09-13,8563
2888,新光金,41,5,36,新光-新竹,2023-09-13,8563
00772B,中信高評級公司債,44,10,34,新光-新竹,2023-09-13,8563
3685,元創精密,33,0,33,新光-新竹,2023-09-13,8563
2352,佳世達,52,20,32,新光-新竹,2023-09-13,8563
9934,成霖,30,0,30,新光-新竹,2023-09-13,8563
2340,台亞,40,11,29,新光-新竹,2023-09-13,8563
3338,泰碩,27,0,27,新光-新竹,2023-09-13,8563
3289,宜特,28,1,27,新光-新竹,2023-09-13,8563
1905,華紙,26,0,26,新光-新竹,2023-09-13,8563
5009,榮剛,36,10,26,新光-新竹,2023-09-13,8563
3231,緯創,110,85,25,新光-新竹,2023-09-13,8563
6282,康舒,38,13,25,新光-新竹,2023-09-13,8563
1515,力山,55,31,24,新光-新竹,2023-09-13,8563
8150,南茂,23,0,23,新光-新竹,2023-09-13,8563
6770,力積電,30,9,21,新光-新竹,2023-09-13,8563
3443,創意,29,8,21,新光-新竹,2023-09-13,8563
00915,凱基優選高股息30,25,6,19,新光-新竹,2023-09-13,8563
5347,世界,21,2,19,新光-新竹,2023-09-13,8563
2601,益航,20,1,19,新光-新竹,2023-09-13,8563
8064,東捷,18,0,18,新光-新竹,2023-09-13,8563
3346,麗清,52,34,18,新光-新竹,2023-09-13,8563
6120,達運,46,29,17,新光-新竹,2023-09-13,8563
00679B,元大美債20年,20,4,16,新光-新竹,2023-09-13,8563
3715,定穎投控,225,209,16,新光-新竹,2023-09-13,8563
6176,瑞儀,17,1,16,新光-新竹,2023-09-13,8563
3481,群創,222,207,15,新光-新竹,2023-09-13,8563
1519,華城,23,8,15,新光-新竹,2023-09-13,8563
4207,環泰,15,0,15,新光-新竹,2023-09-13,8563
00882,中信中國高股息,21,6,15,新光-新竹,2023-09-13,8563
00891,中信關鍵半導體,20,5,15,新光-新竹,2023-09-13,8563
00670L,富邦NASDAQ正2,13,0,13,新光-新竹,2023-09-13,8563
2459,敦吉,13,0,13,新光-新竹,2023-09-13,8563
5222,全訊,13,0,13,新光-新竹,2023-09-13,8563
3260,威剛,21,8,13,新光-新竹,2023-09-13,8563
00633L,富邦上証正2,12,0,12,新光-新竹,2023-09-13,8563
2409,友達,18,6,12,新光-新竹,2023-09-13,8563
3682,亞太電,1196,0,1196,新光-新竹,2023-09-14,8563
00929,復華台灣科技優息,671,158,513,新光-新竹,2023-09-14,8563
4102,永日,427,237,190,新光-新竹,2023-09-14,8563
00919,群益台灣精選高息,298,160,138,新光-新竹,2023-09-14,8563
00864B,中信美國公債0-1,126,0,126,新光-新竹,2023-09-14,8563
4977,眾達-KY,129,25,104,新光-新竹,2023-09-14,8563
00687B,國泰20年美債,103,8,95,新光-新竹,2023-09-14,8563
2834,臺企銀,102,8,94,新光-新竹,2023-09-14,8563
2442,新美齊,105,21,84,新光-新竹,2023-09-14,8563
3685,元創精密,69,0,69,新光-新竹,2023-09-14,8563
1532,勤美,69,0,69,新光-新竹,2023-09-14,8563
00751B,元大AAA至A公司債,66,0,66,新光-新竹,2023-09-14,8563
4979,華星光,134,72,62,新光-新竹,2023-09-14,8563
2520,冠德,61,0,61,新光-新竹,2023-09-14,8563
8155,博智,85,25,60,新光-新竹,2023-09-14,8563
1603,華電,52,5,47,新光-新竹,2023-09-14,8563
4906,正文,91,48,43,新光-新竹,2023-09-14,8563
2371,大同,54,11,43,新光-新竹,2023-09-14,8563
6288,聯嘉,64,26,38,新光-新竹,2023-09-14,8563
1314,中石化,60,24,36,新光-新竹,2023-09-14,8563
00664R,國泰臺灣加權反1,35,0,35,新光-新竹,2023-09-14,8563
00918,大華優利高填息30,34,0,34,新光-新竹,2023-09-14,8563
00877,復華中國5G,31,0,31,新光-新竹,2023-09-14,8563
2409,友達,35,5,30,新光-新竹,2023-09-14,8563
3051,力特,34,4,30,新光-新竹,2023-09-14,8563
1319,東陽,120,92,28,新光-新竹,2023-09-14,8563
8112,至上,41,19,22,新光-新竹,2023-09-14,8563
9939,宏全,37,15,22,新光-新竹,2023-09-14,8563
1216,統一,20,0,20,新光-新竹,2023-09-14,8563
2402,毅嘉,77,57,20,新光-新竹,2023-09-14,8563
1569,濱川,20,0,20,新光-新竹,2023-09-14,8563
1616,億泰,20,0,20,新光-新竹,2023-09-14,8563
8271,宇瞻,18,0,18,新光-新竹,2023-09-14,8563
2538,基泰,21,3,18,新光-新竹,2023-09-14,8563
00902,中信電池及儲能,17,0,17,新光-新竹,2023-09-14,8563
00632R,元大台灣50反1,177,161,16,新光-新竹,2023-09-14,8563
3013,晟銘電,32,16,16,新光-新竹,2023-09-14,8563
00715L,期街口布蘭特正2,22,6,16,新光-新竹,2023-09-14,8563
2363,矽統,208,193,15,新光-新竹,2023-09-14,8563
2313,華通,115,100,15,新光-新竹,2023-09-14,8563
00680L,元大美債20正2,15,0,15,新光-新竹,2023-09-14,8563
2801,彰銀,18,3,15,新光-新竹,2023-09-14,8563
4967,十銓,32,18,14,新光-新竹,2023-09-14,8563
2344,華邦電,16,2,14,新光-新竹,2023-09-14,8563
00679B,元大美債20年,17,4,13,新光-新竹,2023-09-14,8563
00882,中信中國高股息,23,10,13,新光-新竹,2023-09-14,8563
6451,訊芯-KY,69,56,13,新光-新竹,2023-09-14,8563
2537,聯上發,13,0,13,新光-新竹,2023-09-14,8563
3055,蔚華科,14,1,13,新光-新竹,2023-09-14,8563
00724B,群益投資級金融債,14,1,13,新光-新竹,2023-09-14,8563
00929,復華台灣科技優息,1401,240,1161,新光-新竹,2023-09-15,8563
4102,永日,641,274,367,新光-新竹,2023-09-15,8563
00715L,期街口布蘭特正2,307,37,270,新光-新竹,2023-09-15,8563
2344,華邦電,288,25,263,新光-新竹,2023-09-15,8563
00687B,國泰20年美債,220,10,210,新光-新竹,2023-09-15,8563
00919,群益台灣精選高息,812,612,200,新光-新竹,2023-09-15,8563
00688L,國泰20年美債正2,173,0,173,新光-新竹,2023-09-15,8563
2884,玉山金,195,32,163,新光-新竹,2023-09-15,8563
3715,定穎投控,334,172,162,新光-新竹,2023-09-15,8563
00931B,統一美債20年,143,2,141,新光-新竹,2023-09-15,8563
4967,十銓,165,29,136,新光-新竹,2023-09-15,8563
2427,三商電,181,48,133,新光-新竹,2023-09-15,8563
00637L,元大滬深300正2,122,2,120,新光-新竹,2023-09-15,8563
00918,大華優利高填息30,101,0,101,新光-新竹,2023-09-15,8563
00772B,中信高評級公司債,95,0,95,新光-新竹,2023-09-15,8563
00915,凱基優選高股息30,79,15,64,新光-新竹,2023-09-15,8563
2605,新興,141,84,57,新光-新竹,2023-09-15,8563
00679B,元大美債20年,62,6,56,新光-新竹,2023-09-15,8563
00751B,元大AAA至A公司債,54,1,53,新光-新竹,2023-09-15,8563
2313,華通,310,259,51,新光-新竹,2023-09-15,8563
2834,臺企銀,71,20,51,新光-新竹,2023-09-15,8563
00885,富邦越南,60,10,50,新光-新竹,2023-09-15,8563
1903,士紙,58,10,48,新光-新竹,2023-09-15,8563
4768,晶呈科技,46,0,46,新光-新竹,2023-09-15,8563
3481,群創,146,104,42,新光-新竹,2023-09-15,8563
3576,聯合再生,41,2,39,新光-新竹,2023-09-15,8563
8034,榮群,39,3,36,新光-新竹,2023-09-15,8563
2634,漢翔,35,1,34,新光-新竹,2023-09-15,8563
4909,新復興,41,11,30,新光-新竹,2023-09-15,8563
2317,鴻海,29,2,27,新光-新竹,2023-09-15,8563
2002,中鋼,29,2,27,新光-新竹,2023-09-15,8563
3338,泰碩,29,2,27,新光-新竹,2023-09-15,8563
2887,台新金,28,2,26,新光-新竹,2023-09-15,8563
2637,慧洋-KY,43,18,25,新光-新竹,2023-09-15,8563
2538,基泰,27,2,25,新光-新竹,2023-09-15,8563
6451,訊芯-KY,64,41,23,新光-新竹,2023-09-15,8563
8358,金居,31,9,22,新光-新竹,2023-09-15,8563
4906,正文,52,30,22,新光-新竹,2023-09-15,8563
2892,第一金,21,0,21,新光-新竹,2023-09-15,8563
00857B,永豐20年美公債,21,0,21,新光-新竹,2023-09-15,8563
4977,眾達-KY,47,26,21,新光-新竹,2023-09-15,8563
3682,亞太電,20,0,20,新光-新竹,2023-09-15,8563
2610,華航,24,4,20,新光-新竹,2023-09-15,8563
4707,磐亞,20,0,20,新光-新竹,2023-09-15,8563
5905,南仁湖,20,0,20,新光-新竹,2023-09-15,8563
2017,官田鋼,20,0,20,新光-新竹,2023-09-15,8563
2208,台船,20,0,20,新光-新竹,2023-09-15,8563
00907,永豐優息存股,20,0,20,新光-新竹,2023-09-15,8563
2801,彰銀,23,4,19,新光-新竹,2023-09-15,8563
6191,精成科,33,14,19,新光-新竹,2023-09-15,8563
00929,復華台灣科技優息,1374,290,1084,新光-新竹,2023-09-18,8563
00632R,元大台灣50反1,1004,170,834,新光-新竹,2023-09-18,8563
00919,群益台灣精選高息,644,144,500,新光-新竹,2023-09-18,8563
00687B,國泰20年美債,312,0,312,新光-新竹,2023-09-18,8563
00751B,元大AAA至A公司債,303,19,284,新光-新竹,2023-09-18,8563
00688L,國泰20年美債正2,278,2,276,新光-新竹,2023-09-18,8563
00679B,元大美債20年,226,28,198,新光-新竹,2023-09-18,8563
00931B,統一美債20年,190,0,190,新光-新竹,2023-09-18,8563
00650L,復華香港正2,155,0,155,新光-新竹,2023-09-18,8563
00878,國泰永續高股息,163,24,139,新光-新竹,2023-09-18,8563
1522,堤維西,169,34,135,新光-新竹,2023-09-18,8563
00665L,富邦�琤肭磪囓�2,135,20,115,新光-新竹,2023-09-18,8563
2363,矽統,295,182,113,新光-新竹,2023-09-18,8563
00772B,中信高評級公司債,112,1,111,新光-新竹,2023-09-18,8563
00720B,元大投資級公司債,104,0,104,新光-新竹,2023-09-18,8563
3276,宇環,169,101,68,新光-新竹,2023-09-18,8563
3260,威剛,112,47,65,新光-新竹,2023-09-18,8563
00715L,期街口布蘭特正2,63,0,63,新光-新竹,2023-09-18,8563
00795B,中信美國公債20年,61,0,61,新光-新竹,2023-09-18,8563
2344,華邦電,76,15,61,新光-新竹,2023-09-18,8563
00753L,中信中國50正2,59,0,59,新光-新竹,2023-09-18,8563
2838,聯邦銀,57,2,55,新光-新竹,2023-09-18,8563
2330,台積電,52,1,51,新光-新竹,2023-09-18,8563
3058,立德,51,6,45,新光-新竹,2023-09-18,8563
00882,中信中國高股息,74,30,44,新光-新竹,2023-09-18,8563
4102,永日,322,281,41,新光-新竹,2023-09-18,8563
2025,千興,40,0,40,新光-新竹,2023-09-18,8563
3037,欣興,62,28,34,新光-新竹,2023-09-18,8563
1605,華新,41,9,32,新光-新竹,2023-09-18,8563
4908,前鼎,69,37,32,新光-新竹,2023-09-18,8563
3325,旭品,49,17,32,新光-新竹,2023-09-18,8563
4979,華星光,112,83,29,新光-新竹,2023-09-18,8563
00773B,中信優先金融債,29,0,29,新光-新竹,2023-09-18,8563
00915,凱基優選高股息30,54,25,29,新光-新竹,2023-09-18,8563
2382,廣達,77,49,28,新光-新竹,2023-09-18,8563
00680L,元大美債20正2,42,16,26,新光-新竹,2023-09-18,8563
3011,今皓,27,1,26,新光-新竹,2023-09-18,8563
1515,力山,51,27,24,新光-新竹,2023-09-18,8563
00713,元大台灣高息低波,24,0,24,新光-新竹,2023-09-18,8563
2317,鴻海,27,3,24,新光-新竹,2023-09-18,8563
00725B,國泰投資級公司債,22,0,22,新光-新竹,2023-09-18,8563
00631L,元大台灣50正2,36,14,22,新光-新竹,2023-09-18,8563
4906,正文,39,18,21,新光-新竹,2023-09-18,8563
2417,圓剛,37,17,20,新光-新竹,2023-09-18,8563
8050,廣積,36,17,19,新光-新竹,2023-09-18,8563
2816,旺旺保,20,1,19,新光-新竹,2023-09-18,8563
2352,佳世達,29,10,19,新光-新竹,2023-09-18,8563
8069,元太,27,9,18,新光-新竹,2023-09-18,8563
2618,長榮航,26,8,18,新光-新竹,2023-09-18,8563
00857B,永豐20年美公債,18,0,18,新光-新竹,2023-09-18,8563
00680L,元大美債20正2,620,123,497,新光-新竹,2023-09-19,8563
00929,復華台灣科技優息,749,259,490,新光-新竹,2023-09-19,8563
6116,彩晶,206,0,206,新光-新竹,2023-09-19,8563
00919,群益台灣精選高息,206,62,144,新光-新竹,2023-09-19,8563
4102,永日,371,250,121,新光-新竹,2023-09-19,8563
00715L,期街口布蘭特正2,109,14,95,新光-新竹,2023-09-19,8563
00751B,元大AAA至A公司債,62,4,58,新光-新竹,2023-09-19,8563
2610,華航,53,2,51,新光-新竹,2023-09-19,8563
6150,撼訊,61,10,51,新光-新竹,2023-09-19,8563
3715,定穎投控,202,152,50,新光-新竹,2023-09-19,8563
00752,中信中國50,52,2,50,新光-新竹,2023-09-19,8563
2025,千興,48,0,48,新光-新竹,2023-09-19,8563
2913,農林,52,5,47,新光-新竹,2023-09-19,8563
2606,裕民,65,19,46,新光-新竹,2023-09-19,8563
2605,新興,147,102,45,新光-新竹,2023-09-19,8563
6274,台燿,138,94,44,新光-新竹,2023-09-19,8563
00878,國泰永續高股息,73,29,44,新光-新竹,2023-09-19,8563
2637,慧洋-KY,155,113,42,新光-新竹,2023-09-19,8563
4906,正文,85,44,41,新光-新竹,2023-09-19,8563
6901,鑽石投資,89,48,41,新光-新竹,2023-09-19,8563
6108,競國,40,0,40,新光-新竹,2023-09-19,8563
3036A,文曄甲特,40,0,40,新光-新竹,2023-09-19,8563
2330,台積電,48,8,40,新光-新竹,2023-09-19,8563
2337,旺宏,40,5,35,新光-新竹,2023-09-19,8563
00650L,復華香港正2,35,2,33,新光-新竹,2023-09-19,8563
00921,兆豐龍頭等權重,33,0,33,新光-新竹,2023-09-19,8563
00877,復華中國5G,32,0,32,新光-新竹,2023-09-19,8563
2206,三陽工業,101,70,31,新光-新竹,2023-09-19,8563
3260,威剛,44,14,30,新光-新竹,2023-09-19,8563
1444,力麗,30,0,30,新光-新竹,2023-09-19,8563
2618,長榮航,56,26,30,新光-新竹,2023-09-19,8563
4979,華星光,128,98,30,新光-新竹,2023-09-19,8563
6120,達運,34,5,29,新光-新竹,2023-09-19,8563
2903,遠百,34,7,27,新光-新竹,2023-09-19,8563
3036,文曄,80,53,27,新光-新竹,2023-09-19,8563
2462,良得電,33,6,27,新光-新竹,2023-09-19,8563
6278,台表科,26,0,26,新光-新竹,2023-09-19,8563
3324,雙鴻,76,51,25,新光-新竹,2023-09-19,8563
3047,訊舟,25,0,25,新光-新竹,2023-09-19,8563
3481,群創,50,25,25,新光-新竹,2023-09-19,8563
2027,大成鋼,28,4,24,新光-新竹,2023-09-19,8563
1903,士紙,30,6,24,新光-新竹,2023-09-19,8563
9958,世紀鋼,28,5,23,新光-新竹,2023-09-19,8563
3163,波若威,140,117,23,新光-新竹,2023-09-19,8563
00631L,元大台灣50正2,24,2,22,新光-新竹,2023-09-19,8563
2388,威盛,127,106,21,新光-新竹,2023-09-19,8563
5880,合庫金,21,0,21,新光-新竹,2023-09-19,8563
6451,訊芯-KY,31,11,20,新光-新竹,2023-09-19,8563
3059,華晶科,20,0,20,新光-新竹,2023-09-19,8563
8050,廣積,25,5,20,新光-新竹,2023-09-19,8563
00919,群益台灣精選高息,436,4,432,新光-新竹,2023-09-20,8563
00891,中信關鍵半導體,335,0,335,新光-新竹,2023-09-20,8563
4102,永日,560,229,331,新光-新竹,2023-09-20,8563
2884,玉山金,312,6,306,新光-新竹,2023-09-20,8563
2344,華邦電,301,25,276,新光-新竹,2023-09-20,8563
00688L,國泰20年美債正2,167,0,167,新光-新竹,2023-09-20,8563
2449,京元電子,167,59,108,新光-新竹,2023-09-20,8563
00772B,中信高評級公司債,102,17,85,新光-新竹,2023-09-20,8563
2637,慧洋-KY,120,38,82,新光-新竹,2023-09-20,8563
3450,聯鈞,91,14,77,新光-新竹,2023-09-20,8563
00679B,元大美債20年,97,32,65,新光-新竹,2023-09-20,8563
00712,復華富時不動產,70,6,64,新光-新竹,2023-09-20,8563
00673R,期元大S＆P原油反1,115,54,61,新光-新竹,2023-09-20,8563
00752,中信中國50,52,2,50,新光-新竹,2023-09-20,8563
00720B,元大投資級公司債,47,0,47,新光-新竹,2023-09-20,8563
00687B,國泰20年美債,45,0,45,新光-新竹,2023-09-20,8563
00921,兆豐龍頭等權重,49,5,44,新光-新竹,2023-09-20,8563
3035,智原,119,77,42,新光-新竹,2023-09-20,8563
6278,台表科,44,2,42,新光-新竹,2023-09-20,8563
4906,正文,53,12,41,新光-新竹,2023-09-20,8563
3036A,文曄甲特,40,0,40,新光-新竹,2023-09-20,8563
00773B,中信優先金融債,39,0,39,新光-新竹,2023-09-20,8563
2324,仁寶,41,5,36,新光-新竹,2023-09-20,8563
00878,國泰永續高股息,156,123,33,新光-新竹,2023-09-20,8563
6111,大宇資,33,0,33,新光-新竹,2023-09-20,8563
3576,聯合再生,36,4,32,新光-新竹,2023-09-20,8563
00631L,元大台灣50正2,36,4,32,新光-新竹,2023-09-20,8563
4401,東隆興,30,0,30,新光-新竹,2023-09-20,8563
2330,台積電,39,11,28,新光-新竹,2023-09-20,8563
8930,青鋼,26,0,26,新光-新竹,2023-09-20,8563
1101,台泥,25,0,25,新光-新竹,2023-09-20,8563
3037,欣興,47,22,25,新光-新竹,2023-09-20,8563
8234,新漢,25,0,25,新光-新竹,2023-09-20,8563
2208,台船,31,7,24,新光-新竹,2023-09-20,8563
2618,長榮航,31,8,23,新光-新竹,2023-09-20,8563
2382,廣達,104,81,23,新光-新竹,2023-09-20,8563
00713,元大台灣高息低波,27,5,22,新光-新竹,2023-09-20,8563
4306,炎洲,42,22,20,新光-新竹,2023-09-20,8563
1532,勤美,20,0,20,新光-新竹,2023-09-20,8563
3265,台星科,222,202,20,新光-新竹,2023-09-20,8563
006208,富邦台50,19,0,19,新光-新竹,2023-09-20,8563
3481,群創,167,148,19,新光-新竹,2023-09-20,8563
5608,四維航,19,0,19,新光-新竹,2023-09-20,8563
00753L,中信中國50正2,19,0,19,新光-新竹,2023-09-20,8563
2892,第一金,21,2,19,新光-新竹,2023-09-20,8563
00923,群益台ESG低碳50,22,4,18,新光-新竹,2023-09-20,8563
0056,元大高股息,20,3,17,新光-新竹,2023-09-20,8563
00724B,群益投資級金融債,17,0,17,新光-新竹,2023-09-20,8563
2913,農林,19,3,16,新光-新竹,2023-09-20,8563
00902,中信電池及儲能,24,8,16,新光-新竹,2023-09-20,8563
00929,復華台灣科技優息,1135,589,546,新光-新竹,2023-09-21,8563
6116,彩晶,296,1,295,新光-新竹,2023-09-21,8563
00919,群益台灣精選高息,305,56,249,新光-新竹,2023-09-21,8563
00688L,國泰20年美債正2,228,0,228,新光-新竹,2023-09-21,8563
2890,永豐金,320,125,195,新光-新竹,2023-09-21,8563
0056,元大高股息,181,25,156,新光-新竹,2023-09-21,8563
2344,華邦電,148,0,148,新光-新竹,2023-09-21,8563
2891,中信金,160,22,138,新光-新竹,2023-09-21,8563
00751B,元大AAA至A公司債,132,0,132,新光-新竹,2023-09-21,8563
00687B,國泰20年美債,144,14,130,新光-新竹,2023-09-21,8563
4102,永日,154,25,129,新光-新竹,2023-09-21,8563
00712,復華富時不動產,194,68,126,新光-新竹,2023-09-21,8563
00665L,富邦�琤肭磪囓�2,134,10,124,新光-新竹,2023-09-21,8563
2884,玉山金,125,4,121,新光-新竹,2023-09-21,8563
00753L,中信中國50正2,112,0,112,新光-新竹,2023-09-21,8563
00932,兆豐永續高息等權,113,1,112,新光-新竹,2023-09-21,8563
00931B,統一美債20年,103,2,101,新光-新竹,2023-09-21,8563
0050,元大台灣50,95,2,93,新光-新竹,2023-09-21,8563
2317,鴻海,88,6,82,新光-新竹,2023-09-21,8563
00650L,復華香港正2,81,0,81,新光-新竹,2023-09-21,8563
1314,中石化,80,0,80,新光-新竹,2023-09-21,8563
00878,國泰永續高股息,178,103,75,新光-新竹,2023-09-21,8563
2382,廣達,112,46,66,新光-新竹,2023-09-21,8563
00631L,元大台灣50正2,106,44,62,新光-新竹,2023-09-21,8563
00637L,元大滬深300正2,102,43,59,新光-新竹,2023-09-21,8563
2330,台積電,61,5,56,新光-新竹,2023-09-21,8563
2897,王道銀行,55,0,55,新光-新竹,2023-09-21,8563
2104,國際中橡,50,0,50,新光-新竹,2023-09-21,8563
3045,台灣大,49,0,49,新光-新竹,2023-09-21,8563
2812,台中銀,66,18,48,新光-新竹,2023-09-21,8563
00679B,元大美債20年,72,26,46,新光-新竹,2023-09-21,8563
2883,凱基金,58,13,45,新光-新竹,2023-09-21,8563
3037,欣興,57,15,42,新光-新竹,2023-09-21,8563
1409,新纖,42,1,41,新光-新竹,2023-09-21,8563
3059,華晶科,40,0,40,新光-新竹,2023-09-21,8563
2888,新光金,37,0,37,新光-新竹,2023-09-21,8563
2801,彰銀,35,0,35,新光-新竹,2023-09-21,8563
2882,國泰金,44,10,34,新光-新竹,2023-09-21,8563
2834,臺企銀,34,0,34,新光-新竹,2023-09-21,8563
00922,國泰台灣領袖50,34,0,34,新光-新竹,2023-09-21,8563
1101,台泥,35,1,34,新光-新竹,2023-09-21,8563
00891,中信關鍵半導體,32,0,32,新光-新竹,2023-09-21,8563
1605,華新,31,0,31,新光-新竹,2023-09-21,8563
2892,第一金,54,23,31,新光-新竹,2023-09-21,8563
8429,金麗-KY,30,0,30,新光-新竹,2023-09-21,8563
8358,金居,32,2,30,新光-新竹,2023-09-21,8563
2002,中鋼,28,0,28,新光-新竹,2023-09-21,8563
6126,信音,28,0,28,新光-新竹,2023-09-21,8563
006208,富邦台50,28,0,28,新光-新竹,2023-09-21,8563
2880,華南金,28,1,27,新光-新竹,2023-09-21,8563
00688L,國泰20年美債正2,576,20,556,新光-新竹,2023-09-22,8563
00679B,元大美債20年,266,4,262,新光-新竹,2023-09-22,8563
00720B,元大投資級公司債,261,0,261,新光-新竹,2023-09-22,8563
00712,復華富時不動產,448,201,247,新光-新竹,2023-09-22,8563
00687B,國泰20年美債,277,50,227,新光-新竹,2023-09-22,8563
00772B,中信高評級公司債,173,5,168,新光-新竹,2023-09-22,8563
2367,燿華,214,47,167,新光-新竹,2023-09-22,8563
00751B,元大AAA至A公司債,162,0,162,新光-新竹,2023-09-22,8563
3715,定穎投控,279,132,147,新光-新竹,2023-09-22,8563
00715L,期街口布蘭特正2,142,35,107,新光-新竹,2023-09-22,8563
00931B,統一美債20年,95,1,94,新光-新竹,2023-09-22,8563
00932,兆豐永續高息等權,81,0,81,新光-新竹,2023-09-22,8563
5522,遠雄,81,3,78,新光-新竹,2023-09-22,8563
00795B,中信美國公債20年,79,2,77,新光-新竹,2023-09-22,8563
00773B,中信優先金融債,65,0,65,新光-新竹,2023-09-22,8563
2891,中信金,64,7,57,新光-新竹,2023-09-22,8563
8068,全達,74,17,57,新光-新竹,2023-09-22,8563
1409,新纖,50,0,50,新光-新竹,2023-09-22,8563
00878,國泰永續高股息,125,79,46,新光-新竹,2023-09-22,8563
2317,鴻海,50,6,44,新光-新竹,2023-09-22,8563
2606,裕民,74,31,43,新光-新竹,2023-09-22,8563
4102,永日,406,364,42,新光-新竹,2023-09-22,8563
2014,中鴻,37,3,34,新光-新竹,2023-09-22,8563
3036,文曄,138,105,33,新光-新竹,2023-09-22,8563
6126,信音,37,4,33,新光-新竹,2023-09-22,8563
00919,群益台灣精選高息,153,121,32,新光-新竹,2023-09-22,8563
00722B,群益投資級電信債,31,0,31,新光-新竹,2023-09-22,8563
00864B,中信美國公債0-1,30,0,30,新光-新竹,2023-09-22,8563
1101,台泥,48,19,29,新光-新竹,2023-09-22,8563
2330,台積電,37,10,27,新光-新竹,2023-09-22,8563
1584,精剛,170,145,25,新光-新竹,2023-09-22,8563
2356,英業達,33,8,25,新光-新竹,2023-09-22,8563
2313,華通,131,108,23,新光-新竹,2023-09-22,8563
00631L,元大台灣50正2,25,3,22,新光-新竹,2023-09-22,8563
00696B,富邦美債20年,22,0,22,新光-新竹,2023-09-22,8563
2542,興富發,23,2,21,新光-新竹,2023-09-22,8563
00918,大華優利高填息30,21,0,21,新光-新竹,2023-09-22,8563
2834,臺企銀,21,1,20,新光-新竹,2023-09-22,8563
1815,富喬,22,2,20,新光-新竹,2023-09-22,8563
4906,正文,43,23,20,新光-新竹,2023-09-22,8563
00724B,群益投資級金融債,20,0,20,新光-新竹,2023-09-22,8563
3035,智原,98,78,20,新光-新竹,2023-09-22,8563
3481,群創,29,10,19,新光-新竹,2023-09-22,8563
00915,凱基優選高股息30,19,0,19,新光-新竹,2023-09-22,8563
0056,元大高股息,35,17,18,新光-新竹,2023-09-22,8563
2641,正德,32,14,18,新光-新竹,2023-09-22,8563
2527,宏璟,18,0,18,新光-新竹,2023-09-22,8563
2892,第一金,20,3,17,新光-新竹,2023-09-22,8563
2883B,凱基金乙特,17,0,17,新光-新竹,2023-09-22,8563
3092,鴻碩,19,2,17,新光-新竹,2023-09-22,8563
00929,復華台灣科技優息,792,198,594,新光-新竹,2023-09-25,8563
1815,富喬,524,13,511,新光-新竹,2023-09-25,8563
00919,群益台灣精選高息,191,26,165,新光-新竹,2023-09-25,8563
00751B,元大AAA至A公司債,142,2,140,新光-新竹,2023-09-25,8563
00679B,元大美債20年,117,0,117,新光-新竹,2023-09-25,8563
8050,廣積,105,3,102,新光-新竹,2023-09-25,8563
6187,萬潤,92,5,87,新光-新竹,2023-09-25,8563
2542,興富發,118,34,84,新光-新竹,2023-09-25,8563
2618,長榮航,87,16,71,新光-新竹,2023-09-25,8563
2605,新興,99,32,67,新光-新竹,2023-09-25,8563
1504,東元,77,13,64,新光-新竹,2023-09-25,8563
2363,矽統,161,99,62,新光-新竹,2023-09-25,8563
6197,佳必琪,64,11,53,新光-新竹,2023-09-25,8563
6108,競國,61,10,51,新光-新竹,2023-09-25,8563
3322,建舜電,55,6,49,新光-新竹,2023-09-25,8563
00687B,國泰20年美債,48,6,42,新光-新竹,2023-09-25,8563
6274,台燿,169,128,41,新光-新竹,2023-09-25,8563
00633L,富邦上証正2,50,10,40,新光-新竹,2023-09-25,8563
4102,永日,387,348,39,新光-新竹,2023-09-25,8563
1101,台泥,56,19,37,新光-新竹,2023-09-25,8563
3567,逸昌,36,0,36,新光-新竹,2023-09-25,8563
8996,高力,34,2,32,新光-新竹,2023-09-25,8563
3706,神達,48,17,31,新光-新竹,2023-09-25,8563
2367,燿華,54,25,29,新光-新竹,2023-09-25,8563
00722B,群益投資級電信債,28,0,28,新光-新竹,2023-09-25,8563
6155,鈞寶,26,0,26,新光-新竹,2023-09-25,8563
1524,耿鼎,39,13,26,新光-新竹,2023-09-25,8563
2317,鴻海,26,1,25,新光-新竹,2023-09-25,8563
2534,宏盛,25,0,25,新光-新竹,2023-09-25,8563
00720B,元大投資級公司債,30,6,24,新光-新竹,2023-09-25,8563
1568,倉佑,22,0,22,新光-新竹,2023-09-25,8563
0056,元大高股息,29,8,21,新光-新竹,2023-09-25,8563
2356,英業達,27,7,20,新光-新竹,2023-09-25,8563
1314,中石化,20,0,20,新光-新竹,2023-09-25,8563
2537,聯上發,20,0,20,新光-新竹,2023-09-25,8563
2368,金像電,48,28,20,新光-新竹,2023-09-25,8563
6405,悅城,22,4,18,新光-新竹,2023-09-25,8563
00670L,富邦NASDAQ正2,16,0,16,新光-新竹,2023-09-25,8563
00753L,中信中國50正2,23,7,16,新光-新竹,2023-09-25,8563
8930,青鋼,15,0,15,新光-新竹,2023-09-25,8563
3548,兆利,56,42,14,新光-新竹,2023-09-25,8563
00931B,統一美債20年,24,10,14,新光-新竹,2023-09-25,8563
2303,聯電,14,2,12,新光-新竹,2023-09-25,8563
1301,台塑,12,0,12,新光-新竹,2023-09-25,8563
8112,至上,51,39,12,新光-新竹,2023-09-25,8563
2376,技嘉,56,44,12,新光-新竹,2023-09-25,8563
00757,統一FANG+,11,0,11,新光-新竹,2023-09-25,8563
2402,毅嘉,15,4,11,新光-新竹,2023-09-25,8563
2330,台積電,22,10,12,新光-新竹,2023-09-25,8563
00893,國泰智能電動車,12,1,11,新光-新竹,2023-09-25,8563
00688L,國泰20年美債正2,577,3,574,新光-新竹,2023-09-26,8563
00919,群益台灣精選高息,193,1,192,新光-新竹,2023-09-26,8563
00751B,元大AAA至A公司債,181,3,178,新光-新竹,2023-09-26,8563
00712,復華富時不動產,612,447,165,新光-新竹,2023-09-26,8563
00679B,元大美債20年,161,33,128,新光-新竹,2023-09-26,8563
1522,堤維西,203,80,123,新光-新竹,2023-09-26,8563
00772B,中信高評級公司債,118,0,118,新光-新竹,2023-09-26,8563
00637L,元大滬深300正2,141,36,105,新光-新竹,2023-09-26,8563
00720B,元大投資級公司債,100,0,100,新光-新竹,2023-09-26,8563
2317,鴻海,86,4,82,新光-新竹,2023-09-26,8563
1608,華榮,86,8,78,新光-新竹,2023-09-26,8563
2534,宏盛,74,0,74,新光-新竹,2023-09-26,8563
0056,元大高股息,77,5,72,新光-新竹,2023-09-26,8563
00665L,富邦�琤肭磪囓�2,72,0,72,新光-新竹,2023-09-26,8563
00878,國泰永續高股息,77,22,55,新光-新竹,2023-09-26,8563
00650L,復華香港正2,50,0,50,新光-新竹,2023-09-26,8563
2363,矽統,228,179,49,新光-新竹,2023-09-26,8563
2605,新興,47,6,41,新光-新竹,2023-09-26,8563
00722B,群益投資級電信債,40,0,40,新光-新竹,2023-09-26,8563
00631L,元大台灣50正2,46,8,38,新光-新竹,2023-09-26,8563
00725B,國泰投資級公司債,37,0,37,新光-新竹,2023-09-26,8563
5009,榮剛,37,0,37,新光-新竹,2023-09-26,8563
0050,元大台灣50,35,0,35,新光-新竹,2023-09-26,8563
00891,中信關鍵半導體,85,50,35,新光-新竹,2023-09-26,8563
2337,旺宏,43,8,35,新光-新竹,2023-09-26,8563
9945,潤泰新,46,14,32,新光-新竹,2023-09-26,8563
3715,定穎投控,491,460,31,新光-新竹,2023-09-26,8563
2330,台積電,33,3,30,新光-新竹,2023-09-26,8563
2206,三陽工業,46,16,30,新光-新竹,2023-09-26,8563
00795B,中信美國公債20年,32,3,29,新光-新竹,2023-09-26,8563
00885,富邦越南,48,23,25,新光-新竹,2023-09-26,8563
00782B,國泰A級公用債,28,4,24,新光-新竹,2023-09-26,8563
3687,歐買尬,23,0,23,新光-新竹,2023-09-26,8563
6806,森崴能源,62,39,23,新光-新竹,2023-09-26,8563
3702,大聯大,22,0,22,新光-新竹,2023-09-26,8563
00924,復華S＆P500成長,21,0,21,新光-新竹,2023-09-26,8563
00753L,中信中國50正2,21,0,21,新光-新竹,2023-09-26,8563
00888,永豐台灣ESG,21,0,21,新光-新竹,2023-09-26,8563
00881,國泰台灣5G+,20,0,20,新光-新竹,2023-09-26,8563
9902,台火,20,0,20,新光-新竹,2023-09-26,8563
4909,新復興,20,0,20,新光-新竹,2023-09-26,8563
2106,建大,20,0,20,新光-新竹,2023-09-26,8563
3704,合勤控,23,3,20,新光-新竹,2023-09-26,8563
2002,中鋼,19,0,19,新光-新竹,2023-09-26,8563
006208,富邦台50,19,0,19,新光-新竹,2023-09-26,8563
2358,廷鑫,18,0,18,新光-新竹,2023-09-26,8563
6213,聯茂,27,10,17,新光-新竹,2023-09-26,8563
2634,漢翔,19,2,17,新光-新竹,2023-09-26,8563
2812,台中銀,20,3,17,新光-新竹,2023-09-26,8563
1101,台泥,22,5,17,新光-新竹,2023-09-26,8563
00632R,元大台灣50反1,1421,1,1420,新光-新竹,2023-09-27,8563
00929,復華台灣科技優息,355,42,313,新光-新竹,2023-09-27,8563
00712,復華富時不動產,1737,1474,263,新光-新竹,2023-09-27,8563
2355,敬鵬,225,19,206,新光-新竹,2023-09-27,8563
00673R,期元大S＆P原油反1,107,0,107,新光-新竹,2023-09-27,8563
3036,文曄,165,62,103,新光-新竹,2023-09-27,8563
2812,台中銀,101,3,98,新光-新竹,2023-09-27,8563
00688L,國泰20年美債正2,80,0,80,新光-新竹,2023-09-27,8563
2884,玉山金,83,3,80,新光-新竹,2023-09-27,8563
00932,兆豐永續高息等權,72,0,72,新光-新竹,2023-09-27,8563
8064,東捷,65,0,65,新光-新竹,2023-09-27,8563
00772B,中信高評級公司債,75,12,63,新光-新竹,2023-09-27,8563
4102,永日,530,468,62,新光-新竹,2023-09-27,8563
00679B,元大美債20年,67,7,60,新光-新竹,2023-09-27,8563
2542,興富發,117,61,56,新光-新竹,2023-09-27,8563
4906,正文,71,15,56,新光-新竹,2023-09-27,8563
00830,國泰費城半導體,51,0,51,新光-新竹,2023-09-27,8563
2888,新光金,46,1,45,新光-新竹,2023-09-27,8563
00720B,元大投資級公司債,44,1,43,新光-新竹,2023-09-27,8563
3005,神基,45,2,43,新光-新竹,2023-09-27,8563
2809,京城銀,42,0,42,新光-新竹,2023-09-27,8563
00864B,中信美國公債0-1,42,0,42,新光-新竹,2023-09-27,8563
1609,大亞,120,79,41,新光-新竹,2023-09-27,8563
2605,新興,100,61,39,新光-新竹,2023-09-27,8563
2891,中信金,39,0,39,新光-新竹,2023-09-27,8563
2002,中鋼,47,12,35,新光-新竹,2023-09-27,8563
1605,華新,68,35,33,新光-新竹,2023-09-27,8563
9904,寶成,33,0,33,新光-新竹,2023-09-27,8563
3017,奇鋐,76,44,32,新光-新竹,2023-09-27,8563
2637,慧洋-KY,38,7,31,新光-新竹,2023-09-27,8563
8420,明揚,60,30,30,新光-新竹,2023-09-27,8563
2834,臺企銀,28,0,28,新光-新竹,2023-09-27,8563
3704,合勤控,30,3,27,新光-新竹,2023-09-27,8563
2106,建大,25,0,25,新光-新竹,2023-09-27,8563
2867,三商壽,25,0,25,新光-新竹,2023-09-27,8563
2317,鴻海,36,11,25,新光-新竹,2023-09-27,8563
0050,元大台灣50,25,1,24,新光-新竹,2023-09-27,8563
00680L,元大美債20正2,29,5,24,新光-新竹,2023-09-27,8563
6126,信音,24,0,24,新光-新竹,2023-09-27,8563
2358,廷鑫,22,0,22,新光-新竹,2023-09-27,8563
3363,上詮,56,35,21,新光-新竹,2023-09-27,8563
2204,中華,33,13,20,新光-新竹,2023-09-27,8563
00782B,國泰A級公用債,20,0,20,新光-新竹,2023-09-27,8563
3322,建舜電,30,11,19,新光-新竹,2023-09-27,8563
2892,第一金,19,0,19,新光-新竹,2023-09-27,8563
00722B,群益投資級電信債,19,0,19,新光-新竹,2023-09-27,8563
1710,東聯,19,0,19,新光-新竹,2023-09-27,8563
00687B,國泰20年美債,30,11,19,新光-新竹,2023-09-27,8563
1314,中石化,17,0,17,新光-新竹,2023-09-27,8563
2883,凱基金,19,3,16,新光-新竹,2023-09-27,8563
00712,復華富時不動產,657,228,429,新光-新竹,2023-09-28,8563
00929,復華台灣科技優息,343,108,235,新光-新竹,2023-09-28,8563
00673R,期元大S＆P原油反1,320,125,195,新光-新竹,2023-09-28,8563
00688L,國泰20年美債正2,162,3,159,新光-新竹,2023-09-28,8563
3231,緯創,240,94,146,新光-新竹,2023-09-28,8563
3715,定穎投控,677,544,133,新光-新竹,2023-09-28,8563
00751B,元大AAA至A公司債,98,1,97,新光-新竹,2023-09-28,8563
00720B,元大投資級公司債,98,1,97,新光-新竹,2023-09-28,8563
2609,陽明,105,8,97,新光-新竹,2023-09-28,8563
00637L,元大滬深300正2,93,5,88,新光-新竹,2023-09-28,8563
6274,台燿,149,61,88,新光-新竹,2023-09-28,8563
00687B,國泰20年美債,84,0,84,新光-新竹,2023-09-28,8563
2204,中華,84,3,81,新光-新竹,2023-09-28,8563
00795B,中信美國公債20年,79,0,79,新光-新竹,2023-09-28,8563
00772B,中信高評級公司債,77,1,76,新光-新竹,2023-09-28,8563
00931B,統一美債20年,80,9,71,新光-新竹,2023-09-28,8563
2382,廣達,170,99,71,新光-新竹,2023-09-28,8563
00665L,富邦�琤肭磪囓�2,66,0,66,新光-新竹,2023-09-28,8563
00923,群益台ESG低碳50,65,0,65,新光-新竹,2023-09-28,8563
4102,永日,466,402,64,新光-新竹,2023-09-28,8563
2618,長榮航,56,3,53,新光-新竹,2023-09-28,8563
3489,森寶,50,0,50,新光-新竹,2023-09-28,8563
0050,元大台灣50,49,2,47,新光-新竹,2023-09-28,8563
2363,矽統,180,135,45,新光-新竹,2023-09-28,8563
2376,技嘉,111,67,44,新光-新竹,2023-09-28,8563
00924,復華S＆P500成長,44,0,44,新光-新竹,2023-09-28,8563
00753L,中信中國50正2,37,0,37,新光-新竹,2023-09-28,8563
2317,鴻海,37,1,36,新光-新竹,2023-09-28,8563
00922,國泰台灣領袖50,34,0,34,新光-新竹,2023-09-28,8563
2881,富邦金,33,1,32,新光-新竹,2023-09-28,8563
2812,台中銀,59,29,30,新光-新竹,2023-09-28,8563
2356,英業達,58,28,30,新光-新竹,2023-09-28,8563
2610,華航,55,26,29,新光-新竹,2023-09-28,8563
9946,三發地產,29,0,29,新光-新竹,2023-09-28,8563
2634,漢翔,28,0,28,新光-新竹,2023-09-28,8563
5225,東科-KY,40,14,26,新光-新竹,2023-09-28,8563
3036A,文曄甲特,24,0,24,新光-新竹,2023-09-28,8563
2388,威盛,93,71,22,新光-新竹,2023-09-28,8563
00885,富邦越南,21,0,21,新光-新竹,2023-09-28,8563
4923,力士,22,1,21,新光-新竹,2023-09-28,8563
2880,華南金,20,0,20,新光-新竹,2023-09-28,8563
1402,遠東新,20,0,20,新光-新竹,2023-09-28,8563
2357,華碩,21,1,20,新光-新竹,2023-09-28,8563
1710,東聯,23,4,19,新光-新竹,2023-09-28,8563
00646,元大S＆P500,19,1,18,新光-新竹,2023-09-28,8563
9904,寶成,16,0,16,新光-新竹,2023-09-28,8563
00650L,復華香港正2,16,0,16,新光-新竹,2023-09-28,8563
6282,康舒,30,15,15,新光-新竹,2023-09-28,8563
00696B,富邦美債20年,15,0,15,新光-新竹,2023-09-28,8563
3702A,大聯大甲特,15,0,15,新光-新竹,2023-09-28,8563
2891,中信金,306,4,302,新光-新竹,2023-10-02,8563
00751B,元大AAA至A公司債,190,4,186,新光-新竹,2023-10-02,8563
2363,矽統,201,84,117,新光-新竹,2023-10-02,8563
00688L,國泰20年美債正2,104,2,102,新光-新竹,2023-10-02,8563
8358,金居,118,22,96,新光-新竹,2023-10-02,8563
00919,群益台灣精選高息,174,89,85,新光-新竹,2023-10-02,8563
00772B,中信高評級公司債,110,27,83,新光-新竹,2023-10-02,8563
00720B,元大投資級公司債,85,10,75,新光-新竹,2023-10-02,8563
00929,復華台灣科技優息,160,95,65,新光-新竹,2023-10-02,8563
00679B,元大美債20年,79,19,60,新光-新竹,2023-10-02,8563
00795B,中信美國公債20年,59,2,57,新光-新竹,2023-10-02,8563
00782B,國泰A級公用債,57,0,57,新光-新竹,2023-10-02,8563
2368,金像電,140,87,53,新光-新竹,2023-10-02,8563
3630,新鉅科,54,2,52,新光-新竹,2023-10-02,8563
2206,三陽工業,64,14,50,新光-新竹,2023-10-02,8563
00773B,中信優先金融債,48,0,48,新光-新竹,2023-10-02,8563
00687B,國泰20年美債,45,0,45,新光-新竹,2023-10-02,8563
00680L,元大美債20正2,45,5,40,新光-新竹,2023-10-02,8563
3078,僑威,44,5,39,新光-新竹,2023-10-02,8563
00670L,富邦NASDAQ正2,41,4,37,新光-新竹,2023-10-02,8563
2313,華通,137,101,36,新光-新竹,2023-10-02,8563
2344,華邦電,36,1,35,新光-新竹,2023-10-02,8563
3489,森寶,34,0,34,新光-新竹,2023-10-02,8563
3715,定穎投控,351,321,30,新光-新竹,2023-10-02,8563
3051,力特,33,4,29,新光-新竹,2023-10-02,8563
2888,新光金,29,4,25,新光-新竹,2023-10-02,8563
2610,華航,31,6,25,新光-新竹,2023-10-02,8563
2204,中華,27,3,24,新光-新竹,2023-10-02,8563
2637,慧洋-KY,29,5,24,新光-新竹,2023-10-02,8563
2845,遠東銀,24,0,24,新光-新竹,2023-10-02,8563
1609,大亞,101,78,23,新光-新竹,2023-10-02,8563
2542,興富發,30,8,22,新光-新竹,2023-10-02,8563
1215,卜蜂,22,0,22,新光-新竹,2023-10-02,8563
2887,台新金,26,4,22,新光-新竹,2023-10-02,8563
1608,華榮,23,1,22,新光-新竹,2023-10-02,8563
2603,長榮,40,19,21,新光-新竹,2023-10-02,8563
3017,奇鋐,68,48,20,新光-新竹,2023-10-02,8563
2537,聯上發,20,1,19,新光-新竹,2023-10-02,8563
2633,台灣高鐵,21,2,19,新光-新竹,2023-10-02,8563
8112,至上,22,5,17,新光-新竹,2023-10-02,8563
3036,文曄,64,48,16,新光-新竹,2023-10-02,8563
2317,鴻海,19,4,15,新光-新竹,2023-10-02,8563
2457,飛宏,37,22,15,新光-新竹,2023-10-02,8563
1710,東聯,15,0,15,新光-新竹,2023-10-02,8563
1618,合機,50,35,15,新光-新竹,2023-10-02,8563
3702,大聯大,21,7,14,新光-新竹,2023-10-02,8563
6108,競國,22,8,14,新光-新竹,2023-10-02,8563
1101,台泥,19,5,14,新光-新竹,2023-10-02,8563
00722B,群益投資級電信債,13,0,13,新光-新竹,2023-10-02,8563
1471,首利,17,4,13,新光-新竹,2023-10-02,8563
00688L,國泰20年美債正2,966,85,881,新光-新竹,2023-10-03,8563
00712,復華富時不動產,774,187,587,新光-新竹,2023-10-03,8563
00929,復華台灣科技優息,482,79,403,新光-新竹,2023-10-03,8563
00673R,期元大S＆P原油反1,450,49,401,新光-新竹,2023-10-03,8563
3325,旭品,300,73,227,新光-新竹,2023-10-03,8563
0056,元大高股息,181,17,164,新光-新竹,2023-10-03,8563
00720B,元大投資級公司債,135,0,135,新光-新竹,2023-10-03,8563
2388,威盛,211,80,131,新光-新竹,2023-10-03,8563
00751B,元大AAA至A公司債,129,0,129,新光-新竹,2023-10-03,8563
2344,華邦電,152,45,107,新光-新竹,2023-10-03,8563
3036,文曄,165,60,105,新光-新竹,2023-10-03,8563
00878,國泰永續高股息,155,53,102,新光-新竹,2023-10-03,8563
00852L,國泰美國道瓊正2,97,0,97,新光-新竹,2023-10-03,8563
00650L,復華香港正2,85,0,85,新光-新竹,2023-10-03,8563
00679B,元大美債20年,89,7,82,新光-新竹,2023-10-03,8563
00637L,元大滬深300正2,80,3,77,新光-新竹,2023-10-03,8563
3231,緯創,226,160,66,新光-新竹,2023-10-03,8563
2888,新光金,64,0,64,新光-新竹,2023-10-03,8563
00772B,中信高評級公司債,75,14,61,新光-新竹,2023-10-03,8563
00922,國泰台灣領袖50,61,0,61,新光-新竹,2023-10-03,8563
3481,群創,329,274,55,新光-新竹,2023-10-03,8563
00882,中信中國高股息,63,10,53,新光-新竹,2023-10-03,8563
2891,中信金,52,0,52,新光-新竹,2023-10-03,8563
00753L,中信中國50正2,56,5,51,新光-新竹,2023-10-03,8563
2547,日勝生,45,0,45,新光-新竹,2023-10-03,8563
5864,致和證,48,5,43,新光-新竹,2023-10-03,8563
1515,力山,50,11,39,新光-新竹,2023-10-03,8563
8936,國統,49,11,38,新光-新竹,2023-10-03,8563
2002,中鋼,40,3,37,新光-新竹,2023-10-03,8563
6274,台燿,142,106,36,新光-新竹,2023-10-03,8563
2337,旺宏,52,16,36,新光-新竹,2023-10-03,8563
9904,寶成,31,0,31,新光-新竹,2023-10-03,8563
6139,亞翔,81,50,31,新光-新竹,2023-10-03,8563
2323,中環,30,0,30,新光-新竹,2023-10-03,8563
3032,偉訓,232,205,27,新光-新竹,2023-10-03,8563
3013,晟銘電,79,52,27,新光-新竹,2023-10-03,8563
3489,森寶,26,0,26,新光-新竹,2023-10-03,8563
00907,永豐優息存股,25,0,25,新光-新竹,2023-10-03,8563
00795B,中信美國公債20年,25,0,25,新光-新竹,2023-10-03,8563
3265,台星科,30,5,25,新光-新竹,2023-10-03,8563
2882,國泰金,25,0,25,新光-新竹,2023-10-03,8563
3276,宇環,25,1,24,新光-新竹,2023-10-03,8563
3014,聯陽,31,8,23,新光-新竹,2023-10-03,8563
2371,大同,23,0,23,新光-新竹,2023-10-03,8563
2892,第一金,21,0,21,新光-新竹,2023-10-03,8563
2409,友達,237,216,21,新光-新竹,2023-10-03,8563
2887,台新金,21,0,21,新光-新竹,2023-10-03,8563
00865B,國泰US短期公債,20,0,20,新光-新竹,2023-10-03,8563
4906,正文,33,13,20,新光-新竹,2023-10-03,8563
2542,興富發,22,3,19,新光-新竹,2023-10-03,8563
00688L,國泰20年美債正2,755,168,587,新光-新竹,2023-10-04,8563
00929,復華台灣科技優息,416,51,365,新光-新竹,2023-10-04,8563
00931B,統一美債20年,222,0,222,新光-新竹,2023-10-04,8563
00753L,中信中國50正2,224,5,219,新光-新竹,2023-10-04,8563
00637L,元大滬深300正2,241,32,209,新光-新竹,2023-10-04,8563
3715,定穎投控,404,209,195,新光-新竹,2023-10-04,8563
00712,復華富時不動產,374,202,172,新光-新竹,2023-10-04,8563
00751B,元大AAA至A公司債,239,68,171,新光-新竹,2023-10-04,8563
2891,中信金,152,3,149,新光-新竹,2023-10-04,8563
2884,玉山金,148,1,147,新光-新竹,2023-10-04,8563
0056,元大高股息,141,6,135,新光-新竹,2023-10-04,8563
00922,國泰台灣領袖50,101,6,95,新光-新竹,2023-10-04,8563
00878,國泰永續高股息,95,13,82,新光-新竹,2023-10-04,8563
00720B,元大投資級公司債,308,241,67,新光-新竹,2023-10-04,8563
3231,緯創,129,69,60,新光-新竹,2023-10-04,8563
4906,正文,60,1,59,新光-新竹,2023-10-04,8563
00722B,群益投資級電信債,57,0,57,新光-新竹,2023-10-04,8563
00795B,中信美國公債20年,63,5,58,新光-新竹,2023-10-04,8563
00919,群益台灣精選高息,72,15,57,新光-新竹,2023-10-04,8563
1815,富喬,68,13,55,新光-新竹,2023-10-04,8563
6126,信音,53,0,53,新光-新竹,2023-10-04,8563
4967,十銓,75,23,52,新光-新竹,2023-10-04,8563
4909,新復興,50,0,50,新光-新竹,2023-10-04,8563
2002,中鋼,50,0,50,新光-新竹,2023-10-04,8563
00631L,元大台灣50正2,62,13,49,新光-新竹,2023-10-04,8563
6197,佳必琪,54,7,47,新光-新竹,2023-10-04,8563
2427,三商電,55,8,47,新光-新竹,2023-10-04,8563
2880,華南金,46,0,46,新光-新竹,2023-10-04,8563
00632R,元大台灣50反1,112,67,45,新光-新竹,2023-10-04,8563
3338,泰碩,54,12,42,新光-新竹,2023-10-04,8563
00882,中信中國高股息,44,3,41,新光-新竹,2023-10-04,8563
2809,京城銀,50,9,41,新光-新竹,2023-10-04,8563
2888,新光金,41,0,41,新光-新竹,2023-10-04,8563
00679B,元大美債20年,204,164,40,新光-新竹,2023-10-04,8563
2883,凱基金,47,9,38,新光-新竹,2023-10-04,8563
3032,偉訓,92,54,38,新光-新竹,2023-10-04,8563
00673R,期元大S＆P原油反1,64,31,33,新光-新竹,2023-10-04,8563
00891,中信關鍵半導體,31,1,30,新光-新竹,2023-10-04,8563
2905,三商,30,0,30,新光-新竹,2023-10-04,8563
2887,台新金,32,2,30,新光-新竹,2023-10-04,8563
1402,遠東新,29,0,29,新光-新竹,2023-10-04,8563
00650L,復華香港正2,37,10,27,新光-新竹,2023-10-04,8563
2867,三商壽,31,4,27,新光-新竹,2023-10-04,8563
00670L,富邦NASDAQ正2,27,0,27,新光-新竹,2023-10-04,8563
5880,合庫金,30,3,27,新光-新竹,2023-10-04,8563
00725B,國泰投資級公司債,26,0,26,新光-新竹,2023-10-04,8563
00773B,中信優先金融債,25,0,25,新光-新竹,2023-10-04,8563
2881,富邦金,25,0,25,新光-新竹,2023-10-04,8563
1605,華新,30,6,24,新光-新竹,2023-10-04,8563
4938,和碩,24,0,24,新光-新竹,2023-10-04,8563
00632R,元大台灣50反1,472,5,467,新光-新竹,2023-10-05,8563
2891,中信金,303,18,285,新光-新竹,2023-10-05,8563
00720B,元大投資級公司債,288,14,274,新光-新竹,2023-10-05,8563
00673R,期元大S＆P原油反1,325,121,204,新光-新竹,2023-10-05,8563
4102,永日,585,407,178,新光-新竹,2023-10-05,8563
00712,復華富時不動產,400,223,177,新光-新竹,2023-10-05,8563
2367,燿華,169,15,154,新光-新竹,2023-10-05,8563
2317,鴻海,79,2,77,新光-新竹,2023-10-05,8563
6451,訊芯-KY,139,69,70,新光-新竹,2023-10-05,8563
9946,三發地產,70,0,70,新光-新竹,2023-10-05,8563
00864B,中信美國公債0-1,68,0,68,新光-新竹,2023-10-05,8563
2897,王道銀行,50,0,50,新光-新竹,2023-10-05,8563
2812,台中銀,44,0,44,新光-新竹,2023-10-05,8563
2888,新光金,61,19,42,新光-新竹,2023-10-05,8563
00633L,富邦上証正2,40,0,40,新光-新竹,2023-10-05,8563
00637L,元大滬深300正2,39,0,39,新光-新竹,2023-10-05,8563
00679B,元大美債20年,56,23,33,新光-新竹,2023-10-05,8563
6126,信音,31,0,31,新光-新竹,2023-10-05,8563
00680L,元大美債20正2,48,18,30,新光-新竹,2023-10-05,8563
6185,幃翔,30,0,30,新光-新竹,2023-10-05,8563
00715L,期街口布蘭特正2,168,139,29,新光-新竹,2023-10-05,8563
00882,中信中國高股息,28,0,28,新光-新竹,2023-10-05,8563
00919,群益台灣精選高息,42,17,25,新光-新竹,2023-10-05,8563
1514,亞力,50,25,25,新光-新竹,2023-10-05,8563
2388,威盛,40,16,24,新光-新竹,2023-10-05,8563
3051,力特,44,20,24,新光-新竹,2023-10-05,8563
00931B,統一美債20年,24,0,24,新光-新竹,2023-10-05,8563
3006,晶豪科,31,8,23,新光-新竹,2023-10-05,8563
8086,宏捷科,27,4,23,新光-新竹,2023-10-05,8563
5425,台半,23,1,22,新光-新竹,2023-10-05,8563
3078,僑威,40,19,21,新光-新竹,2023-10-05,8563
5309,系統電,22,2,20,新光-新竹,2023-10-05,8563
5465,富驊,28,8,20,新光-新竹,2023-10-05,8563
2409,友達,36,17,19,新光-新竹,2023-10-05,8563
3265,台星科,38,20,18,新光-新竹,2023-10-05,8563
8210,勤誠,57,40,17,新光-新竹,2023-10-05,8563
2634,漢翔,19,2,17,新光-新竹,2023-10-05,8563
4564,元翎,17,0,17,新光-新竹,2023-10-05,8563
4979,華星光,30,13,17,新光-新竹,2023-10-05,8563
00795B,中信美國公債20年,15,0,15,新光-新竹,2023-10-05,8563
1909,榮成,15,0,15,新光-新竹,2023-10-05,8563
1603,華電,57,42,15,新光-新竹,2023-10-05,8563
5284,jpp-KY,15,0,15,新光-新竹,2023-10-05,8563
00722B,群益投資級電信債,15,0,15,新光-新竹,2023-10-05,8563
5534,長虹,16,1,15,新光-新竹,2023-10-05,8563
6274,台燿,130,115,15,新光-新竹,2023-10-05,8563
2903,遠百,15,0,15,新光-新竹,2023-10-05,8563
2633,台灣高鐵,14,0,14,新光-新竹,2023-10-05,8563
3363,上詮,77,63,14,新光-新竹,2023-10-05,8563
2486,一詮,63,49,14,新光-新竹,2023-10-05,8563
00929,復華台灣科技優息,397,15,382,新光-新竹,2023-10-06,8563
3715,定穎投控,517,326,191,新光-新竹,2023-10-06,8563
00688L,國泰20年美債正2,162,0,162,新光-新竹,2023-10-06,8563
2891,中信金,175,19,156,新光-新竹,2023-10-06,8563
00715L,期街口布蘭特正2,137,26,111,新光-新竹,2023-10-06,8563
2313,華通,111,2,109,新光-新竹,2023-10-06,8563
6126,信音,108,0,108,新光-新竹,2023-10-06,8563
2369,菱生,100,0,100,新光-新竹,2023-10-06,8563
9946,三發地產,96,0,96,新光-新竹,2023-10-06,8563
00751B,元大AAA至A公司債,96,3,93,新光-新竹,2023-10-06,8563
00680L,元大美債20正2,86,2,84,新光-新竹,2023-10-06,8563
2363,矽統,228,146,82,新光-新竹,2023-10-06,8563
00720B,元大投資級公司債,83,3,80,新光-新竹,2023-10-06,8563
3062,建漢,75,0,75,新光-新竹,2023-10-06,8563
2618,長榮航,61,2,59,新光-新竹,2023-10-06,8563
9105,泰金寶-DR,59,0,59,新光-新竹,2023-10-06,8563
0056,元大高股息,101,47,54,新光-新竹,2023-10-06,8563
3481,群創,50,0,50,新光-新竹,2023-10-06,8563
1815,富喬,56,7,49,新光-新竹,2023-10-06,8563
2409,友達,58,10,48,新光-新竹,2023-10-06,8563
00687B,國泰20年美債,67,26,41,新光-新竹,2023-10-06,8563
2610,華航,51,13,38,新光-新竹,2023-10-06,8563
3042,晶技,36,4,32,新光-新竹,2023-10-06,8563
6139,亞翔,79,47,32,新光-新竹,2023-10-06,8563
00632R,元大台灣50反1,131,100,31,新光-新竹,2023-10-06,8563
00919,群益台灣精選高息,52,23,29,新光-新竹,2023-10-06,8563
3338,泰碩,31,2,29,新光-新竹,2023-10-06,8563
00722B,群益投資級電信債,28,0,28,新光-新竹,2023-10-06,8563
00878,國泰永續高股息,98,71,27,新光-新竹,2023-10-06,8563
2601,益航,25,0,25,新光-新竹,2023-10-06,8563
00772B,中信高評級公司債,34,10,24,新光-新竹,2023-10-06,8563
3037,欣興,28,5,23,新光-新竹,2023-10-06,8563
00724B,群益投資級金融債,23,0,23,新光-新竹,2023-10-06,8563
3669,圓展,35,13,22,新光-新竹,2023-10-06,8563
6120,達運,21,0,21,新光-新竹,2023-10-06,8563
2402,毅嘉,23,2,21,新光-新竹,2023-10-06,8563
8227,巨有科技,35,15,20,新光-新竹,2023-10-06,8563
2471,資通,21,1,20,新光-新竹,2023-10-06,8563
8110,華東,20,0,20,新光-新竹,2023-10-06,8563
1324,地球,44,24,20,新光-新竹,2023-10-06,8563
00864B,中信美國公債0-1,19,0,19,新光-新竹,2023-10-06,8563
1603,華電,29,10,19,新光-新竹,2023-10-06,8563
8088,品安,26,7,19,新光-新竹,2023-10-06,8563
00679B,元大美債20年,120,101,19,新光-新竹,2023-10-06,8563
3035,智原,62,46,16,新光-新竹,2023-10-06,8563
2425,承啟,18,2,16,新光-新竹,2023-10-06,8563
2367,燿華,31,15,16,新光-新竹,2023-10-06,8563
5880,合庫金,17,1,16,新光-新竹,2023-10-06,8563
1569,濱川,21,6,15,新光-新竹,2023-10-06,8563
1316,上曜,15,0,15,新光-新竹,2023-10-06,8563
4102,永日,631,345,286,新光-新竹,2023-10-11,8563
3231,緯創,416,266,150,新光-新竹,2023-10-11,8563
00632R,元大台灣50反1,154,18,136,新光-新竹,2023-10-11,8563
2610,華航,119,11,108,新光-新竹,2023-10-11,8563
1305,華夏,107,2,105,新光-新竹,2023-10-11,8563
00919,群益台灣精選高息,165,84,81,新光-新竹,2023-10-11,8563
2609,陽明,96,16,80,新光-新竹,2023-10-11,8563
5522,遠雄,82,5,77,新光-新竹,2023-10-11,8563
4967,十銓,92,17,75,新光-新竹,2023-10-11,8563
00679B,元大美債20年,95,29,66,新光-新竹,2023-10-11,8563
00722B,群益投資級電信債,62,5,57,新光-新竹,2023-10-11,8563
3338,泰碩,75,18,57,新光-新竹,2023-10-11,8563
6509,聚和,56,2,54,新光-新竹,2023-10-11,8563
2634,漢翔,69,16,53,新光-新竹,2023-10-11,8563
6187,萬潤,112,59,53,新光-新竹,2023-10-11,8563
6126,信音,53,0,53,新光-新竹,2023-10-11,8563
6282,康舒,55,3,52,新光-新竹,2023-10-11,8563
00680L,元大美債20正2,120,71,49,新光-新竹,2023-10-11,8563
00720B,元大投資級公司債,96,50,46,新光-新竹,2023-10-11,8563
2605,新興,47,2,45,新光-新竹,2023-10-11,8563
00864B,中信美國公債0-1,120,75,45,新光-新竹,2023-10-11,8563
1515,力山,60,16,44,新光-新竹,2023-10-11,8563
1903,士紙,52,8,44,新光-新竹,2023-10-11,8563
2356,英業達,59,15,44,新光-新竹,2023-10-11,8563
2353,宏��,47,7,40,新光-新竹,2023-10-11,8563
1815,富喬,49,10,39,新光-新竹,2023-10-11,8563
3706,神達,71,36,35,新光-新竹,2023-10-11,8563
00915,凱基優選高股息30,40,5,35,新光-新竹,2023-10-11,8563
2427,三商電,58,24,34,新光-新竹,2023-10-11,8563
6139,亞翔,41,7,34,新光-新竹,2023-10-11,8563
0056,元大高股息,111,78,33,新光-新竹,2023-10-11,8563
6274,台燿,66,36,30,新光-新竹,2023-10-11,8563
5465,富驊,31,1,30,新光-新竹,2023-10-11,8563
00687B,國泰20年美債,98,69,29,新光-新竹,2023-10-11,8563
6108,競國,30,2,28,新光-新竹,2023-10-11,8563
2417,圓剛,44,16,28,新光-新竹,2023-10-11,8563
00929,復華台灣科技優息,169,144,25,新光-新竹,2023-10-11,8563
2388,威盛,93,69,24,新光-新竹,2023-10-11,8563
2340,台亞,28,5,23,新光-新竹,2023-10-11,8563
3545,敦泰,26,3,23,新光-新竹,2023-10-11,8563
2884,玉山金,36,14,22,新光-新竹,2023-10-11,8563
2637,慧洋-KY,21,0,21,新光-新竹,2023-10-11,8563
4909,新復興,20,0,20,新光-新竹,2023-10-11,8563
2905,三商,22,2,20,新光-新竹,2023-10-11,8563
3317,尼克森,26,7,19,新光-新竹,2023-10-11,8563
8069,元太,28,9,19,新光-新竹,2023-10-11,8563
4543,萬在,19,0,19,新光-新竹,2023-10-11,8563
00633L,富邦上証正2,18,0,18,新光-新竹,2023-10-11,8563
00795B,中信美國公債20年,17,0,17,新光-新竹,2023-10-11,8563
3260,威剛,39,22,17,新光-新竹,2023-10-11,8563
00632R,元大台灣50反1,632,62,570,新光-新竹,2023-10-12,8563
00720B,元大投資級公司債,346,2,344,新光-新竹,2023-10-12,8563
00715L,期街口布蘭特正2,331,11,320,新光-新竹,2023-10-12,8563
2363,矽統,643,377,266,新光-新竹,2023-10-12,8563
00929,復華台灣科技優息,228,55,173,新光-新竹,2023-10-12,8563
0056,元大高股息,165,13,152,新光-新竹,2023-10-12,8563
00751B,元大AAA至A公司債,138,35,103,新光-新竹,2023-10-12,8563
00680L,元大美債20正2,80,17,63,新光-新竹,2023-10-12,8563
00713,元大台灣高息低波,66,3,63,新光-新竹,2023-10-12,8563
00757,統一FANG+,54,2,52,新光-新竹,2023-10-12,8563
00722B,群益投資級電信債,49,0,49,新光-新竹,2023-10-12,8563
6509,聚和,47,0,47,新光-新竹,2023-10-12,8563
4915,致伸,51,6,45,新光-新竹,2023-10-12,8563
00687B,國泰20年美債,56,12,44,新光-新竹,2023-10-12,8563
00919,群益台灣精選高息,57,13,44,新光-新竹,2023-10-12,8563
00676R,富邦臺灣加權反1,40,0,40,新光-新竹,2023-10-12,8563
00773B,中信優先金融債,37,0,37,新光-新竹,2023-10-12,8563
2486,一詮,96,60,36,新光-新竹,2023-10-12,8563
9946,三發地產,36,0,36,新光-新竹,2023-10-12,8563
00882,中信中國高股息,51,16,35,新光-新竹,2023-10-12,8563
6274,台燿,43,10,33,新光-新竹,2023-10-12,8563
00864B,中信美國公債0-1,34,2,32,新光-新竹,2023-10-12,8563
2637,慧洋-KY,31,0,31,新光-新竹,2023-10-12,8563
1319,東陽,75,46,29,新光-新竹,2023-10-12,8563
6282,康舒,47,19,28,新光-新竹,2023-10-12,8563
00664R,國泰臺灣加權反1,37,10,27,新光-新竹,2023-10-12,8563
3051,力特,52,27,25,新光-新竹,2023-10-12,8563
6139,亞翔,35,11,24,新光-新竹,2023-10-12,8563
2618,長榮航,44,21,23,新光-新竹,2023-10-12,8563
2313,華通,74,53,21,新光-新竹,2023-10-12,8563
5533,皇鼎,20,0,20,新光-新竹,2023-10-12,8563
1605,華新,43,24,19,新光-新竹,2023-10-12,8563
2425,承啟,36,17,19,新光-新竹,2023-10-12,8563
00679B,元大美債20年,35,17,18,新光-新竹,2023-10-12,8563
1815,富喬,31,13,18,新光-新竹,2023-10-12,8563
3481,群創,172,155,17,新光-新竹,2023-10-12,8563
00922,國泰台灣領袖50,16,0,16,新光-新竹,2023-10-12,8563
2884,玉山金,22,7,15,新光-新竹,2023-10-12,8563
00891,中信關鍵半導體,23,8,15,新光-新竹,2023-10-12,8563
3303,岱稜,15,0,15,新光-新竹,2023-10-12,8563
2547,日勝生,14,0,14,新光-新竹,2023-10-12,8563
4543,萬在,22,8,14,新光-新竹,2023-10-12,8563
2412,中華電,14,0,14,新光-新竹,2023-10-12,8563
3032,偉訓,13,0,13,新光-新竹,2023-10-12,8563
00642U,期元大S＆P石油,14,1,13,新光-新竹,2023-10-12,8563
2390,云辰,13,0,13,新光-新竹,2023-10-12,8563
8112,至上,18,6,12,新光-新竹,2023-10-12,8563
5347,世界,17,5,12,新光-新竹,2023-10-12,8563
3443,創意,33,21,12,新光-新竹,2023-10-12,8563
2801,彰銀,12,0,12,新光-新竹,2023-10-12,8563
00688L,國泰20年美債正2,434,30,404,新光-新竹,2023-10-13,8563
0056,元大高股息,313,13,300,新光-新竹,2023-10-13,8563
00878,國泰永續高股息,277,92,185,新光-新竹,2023-10-13,8563
1815,富喬,182,20,162,新光-新竹,2023-10-13,8563
00712,復華富時不動產,252,90,162,新光-新竹,2023-10-13,8563
00720B,元大投資級公司債,164,3,161,新光-新竹,2023-10-13,8563
00650L,復華香港正2,148,8,140,新光-新竹,2023-10-13,8563
3231,緯創,235,124,111,新光-新竹,2023-10-13,8563
2913,農林,102,0,102,新光-新竹,2023-10-13,8563
00679B,元大美債20年,98,3,95,新光-新竹,2023-10-13,8563
3715,定穎投控,381,287,94,新光-新竹,2023-10-13,8563
00751B,元大AAA至A公司債,97,4,93,新光-新竹,2023-10-13,8563
9946,三發地產,90,0,90,新光-新竹,2023-10-13,8563
00673R,期元大S＆P原油反1,112,30,82,新光-新竹,2023-10-13,8563
00680L,元大美債20正2,209,132,77,新光-新竹,2023-10-13,8563
2633,台灣高鐵,66,0,66,新光-新竹,2023-10-13,8563
00772B,中信高評級公司債,60,0,60,新光-新竹,2023-10-13,8563
6509,聚和,60,0,60,新光-新竹,2023-10-13,8563
00665L,富邦�琤肭磪囓�2,57,0,57,新光-新竹,2023-10-13,8563
00687B,國泰20年美債,55,0,55,新光-新竹,2023-10-13,8563
00882,中信中國高股息,53,0,53,新光-新竹,2023-10-13,8563
2485,兆赫,52,1,51,新光-新竹,2023-10-13,8563
3481,群創,146,101,45,新光-新竹,2023-10-13,8563
2534,宏盛,41,0,41,新光-新竹,2023-10-13,8563
1524,耿鼎,49,10,39,新光-新竹,2023-10-13,8563
4979,華星光,189,153,36,新光-新竹,2023-10-13,8563
2442,新美齊,35,1,34,新光-新竹,2023-10-13,8563
4102,永日,338,305,33,新光-新竹,2023-10-13,8563
2801,彰銀,31,0,31,新光-新竹,2023-10-13,8563
00637L,元大滬深300正2,30,0,30,新光-新竹,2023-10-13,8563
2382,廣達,100,70,30,新光-新竹,2023-10-13,8563
00919,群益台灣精選高息,138,110,28,新光-新竹,2023-10-13,8563
00795B,中信美國公債20年,27,0,27,新光-新竹,2023-10-13,8563
2405,輔信,33,6,27,新光-新竹,2023-10-13,8563
3062,建漢,35,10,25,新光-新竹,2023-10-13,8563
4933,友輝,96,71,25,新光-新竹,2023-10-13,8563
2618,長榮航,36,12,24,新光-新竹,2023-10-13,8563
00931B,統一美債20年,23,0,23,新光-新竹,2023-10-13,8563
2329,華泰,23,0,23,新光-新竹,2023-10-13,8563
9904,寶成,23,0,23,新光-新竹,2023-10-13,8563
00902,中信電池及儲能,22,0,22,新光-新竹,2023-10-13,8563
4967,十銓,33,12,21,新光-新竹,2023-10-13,8563
2002,中鋼,30,9,21,新光-新竹,2023-10-13,8563
3706,神達,71,50,21,新光-新竹,2023-10-13,8563
3051,力特,22,1,21,新光-新竹,2023-10-13,8563
2609,陽明,21,0,21,新光-新竹,2023-10-13,8563
1515,力山,23,2,21,新光-新竹,2023-10-13,8563
2464,盟立,23,3,20,新光-新竹,2023-10-13,8563
4532,瑞智,20,0,20,新光-新竹,2023-10-13,8563
00631L,元大台灣50正2,22,2,20,新光-新竹,2023-10-13,8563
00632R,元大台灣50反1,431,50,381,新光-新竹,2023-10-16,8563
00929,復華台灣科技優息,338,19,319,新光-新竹,2023-10-16,8563
0056,元大高股息,246,9,237,新光-新竹,2023-10-16,8563
2409,友達,189,5,184,新光-新竹,2023-10-16,8563
2344,華邦電,182,23,159,新光-新竹,2023-10-16,8563
00665L,富邦�琤肭磪囓�2,153,0,153,新光-新竹,2023-10-16,8563
2530,華建,116,0,116,新光-新竹,2023-10-16,8563
00712,復華富時不動產,285,170,115,新光-新竹,2023-10-16,8563
1314,中石化,366,262,104,新光-新竹,2023-10-16,8563
2363,矽統,735,636,99,新光-新竹,2023-10-16,8563
00919,群益台灣精選高息,103,10,93,新光-新竹,2023-10-16,8563
2610,華航,112,24,88,新光-新竹,2023-10-16,8563
9946,三發地產,85,0,85,新光-新竹,2023-10-16,8563
3260,威剛,145,64,81,新光-新竹,2023-10-16,8563
00637L,元大滬深300正2,78,0,78,新光-新竹,2023-10-16,8563
2367,燿華,109,32,77,新光-新竹,2023-10-16,8563
2515,中工,338,262,76,新光-新竹,2023-10-16,8563
00679B,元大美債20年,77,2,75,新光-新竹,2023-10-16,8563
00751B,元大AAA至A公司債,70,6,64,新光-新竹,2023-10-16,8563
2201,裕隆,107,47,60,新光-新竹,2023-10-16,8563
00878,國泰永續高股息,100,41,59,新光-新竹,2023-10-16,8563
00673R,期元大S＆P原油反1,117,60,57,新光-新竹,2023-10-16,8563
2618,長榮航,74,25,49,新光-新竹,2023-10-16,8563
6139,亞翔,71,22,49,新光-新竹,2023-10-16,8563
5009,榮剛,81,33,48,新光-新竹,2023-10-16,8563
2607,榮運,64,17,47,新光-新竹,2023-10-16,8563
2485,兆赫,53,7,46,新光-新竹,2023-10-16,8563
3491,昇達科,51,6,45,新光-新竹,2023-10-16,8563
2206,三陽工業,54,12,42,新光-新竹,2023-10-16,8563
00720B,元大投資級公司債,42,1,41,新光-新竹,2023-10-16,8563
2884,玉山金,46,5,41,新光-新竹,2023-10-16,8563
00905,FT臺灣Smart,40,0,40,新光-新竹,2023-10-16,8563
00772B,中信高評級公司債,63,24,39,新光-新竹,2023-10-16,8563
6509,聚和,38,0,38,新光-新竹,2023-10-16,8563
00922,國泰台灣領袖50,48,10,38,新光-新竹,2023-10-16,8563
006208,富邦台50,39,2,37,新光-新竹,2023-10-16,8563
1905,華紙,89,57,32,新光-新竹,2023-10-16,8563
4906,正文,50,20,30,新光-新竹,2023-10-16,8563
00877,復華中國5G,30,0,30,新光-新竹,2023-10-16,8563
6442,光聖,35,6,29,新光-新竹,2023-10-16,8563
2449,京元電子,45,17,28,新光-新竹,2023-10-16,8563
4933,友輝,34,8,26,新光-新竹,2023-10-16,8563
2427,三商電,34,9,25,新光-新竹,2023-10-16,8563
1815,富喬,50,26,24,新光-新竹,2023-10-16,8563
00722B,群益投資級電信債,24,0,24,新光-新竹,2023-10-16,8563
5347,世界,28,5,23,新光-新竹,2023-10-16,8563
6276,安鈦克,46,23,23,新光-新竹,2023-10-16,8563
1524,耿鼎,30,8,22,新光-新竹,2023-10-16,8563
8996,高力,29,9,20,新光-新竹,2023-10-16,8563
6189,豐藝,19,0,19,新光-新竹,2023-10-16,8563
0056,元大高股息,644,34,610,新光-新竹,2023-10-17,8563
00688L,國泰20年美債正2,522,90,432,新光-新竹,2023-10-17,8563
2618,長榮航,341,25,316,新光-新竹,2023-10-17,8563
00751B,元大AAA至A公司債,280,7,273,新光-新竹,2023-10-17,8563
9946,三發地產,165,0,165,新光-新竹,2023-10-17,8563
00720B,元大投資級公司債,175,20,155,新光-新竹,2023-10-17,8563
00687B,國泰20年美債,142,0,142,新光-新竹,2023-10-17,8563
5009,榮剛,125,0,125,新光-新竹,2023-10-17,8563
00878,國泰永續高股息,190,97,93,新光-新竹,2023-10-17,8563
00922,國泰台灣領袖50,94,10,84,新光-新竹,2023-10-17,8563
00772B,中信高評級公司債,79,1,78,新光-新竹,2023-10-17,8563
00795B,中信美國公債20年,71,0,71,新光-新竹,2023-10-17,8563
00680L,元大美債20正2,126,60,66,新光-新竹,2023-10-17,8563
00931B,統一美債20年,69,4,65,新光-新竹,2023-10-17,8563
4933,友輝,70,7,63,新光-新竹,2023-10-17,8563
2352,佳世達,62,2,60,新光-新竹,2023-10-17,8563
2812,台中銀,60,1,59,新光-新竹,2023-10-17,8563
00722B,群益投資級電信債,53,0,53,新光-新竹,2023-10-17,8563
2323,中環,180,130,50,新光-新竹,2023-10-17,8563
2412,中華電,49,0,49,新光-新竹,2023-10-17,8563
1815,富喬,51,3,48,新光-新竹,2023-10-17,8563
2485,兆赫,47,2,45,新光-新竹,2023-10-17,8563
1471,首利,42,1,41,新光-新竹,2023-10-17,8563
1314,中石化,47,7,40,新光-新竹,2023-10-17,8563
2637,慧洋-KY,39,0,39,新光-新竹,2023-10-17,8563
2367,燿華,43,5,38,新光-新竹,2023-10-17,8563
5521,工信,45,8,37,新光-新竹,2023-10-17,8563
00715L,期街口布蘭特正2,73,38,35,新光-新竹,2023-10-17,8563
5388,中磊,33,0,33,新光-新竹,2023-10-17,8563
2534,宏盛,30,0,30,新光-新竹,2023-10-17,8563
6442,光聖,33,3,30,新光-新竹,2023-10-17,8563
2390,云辰,30,0,30,新光-新竹,2023-10-17,8563
1101,台泥,30,0,30,新光-新竹,2023-10-17,8563
3029,零壹,30,1,29,新光-新竹,2023-10-17,8563
00650L,復華香港正2,40,11,29,新光-新竹,2023-10-17,8563
3483,力致,49,20,29,新光-新竹,2023-10-17,8563
00923,群益台ESG低碳50,41,13,28,新光-新竹,2023-10-17,8563
2356,英業達,53,28,25,新光-新竹,2023-10-17,8563
3481,群創,25,0,25,新光-新竹,2023-10-17,8563
3062,建漢,25,2,23,新光-新竹,2023-10-17,8563
6216,居易,53,31,22,新光-新竹,2023-10-17,8563
2880,華南金,22,0,22,新光-新竹,2023-10-17,8563
3324,雙鴻,31,13,18,新光-新竹,2023-10-17,8563
2409,友達,20,4,16,新光-新竹,2023-10-17,8563
6120,達運,20,4,16,新光-新竹,2023-10-17,8563
2610,華航,26,10,16,新光-新竹,2023-10-17,8563
5439,高技,25,9,16,新光-新竹,2023-10-17,8563
3376,新日興,21,6,15,新光-新竹,2023-10-17,8563
1903,士紙,28,13,15,新光-新竹,2023-10-17,8563
2427,三商電,18,3,15,新光-新竹,2023-10-17,8563
00929,復華台灣科技優息,491,35,456,新光-新竹,2023-10-18,8563
0056,元大高股息,478,55,423,新光-新竹,2023-10-18,8563
00878,國泰永續高股息,422,42,380,新光-新竹,2023-10-18,8563
00922,國泰台灣領袖50,277,1,276,新光-新竹,2023-10-18,8563
2884,玉山金,212,0,212,新光-新竹,2023-10-18,8563
4306,炎洲,148,1,147,新光-新竹,2023-10-18,8563
00751B,元大AAA至A公司債,175,38,137,新光-新竹,2023-10-18,8563
2883,凱基金,146,9,137,新光-新竹,2023-10-18,8563
9946,三發地產,125,0,125,新光-新竹,2023-10-18,8563
00687B,國泰20年美債,115,0,115,新光-新竹,2023-10-18,8563
00919,群益台灣精選高息,180,65,115,新光-新竹,2023-10-18,8563
2303,聯電,285,173,112,新光-新竹,2023-10-18,8563
00720B,元大投資級公司債,238,151,87,新光-新竹,2023-10-18,8563
2534,宏盛,83,1,82,新光-新竹,2023-10-18,8563
2609,陽明,86,5,81,新光-新竹,2023-10-18,8563
2363,矽統,173,100,73,新光-新竹,2023-10-18,8563
00680L,元大美債20正2,82,10,72,新光-新竹,2023-10-18,8563
1815,富喬,145,83,62,新光-新竹,2023-10-18,8563
00772B,中信高評級公司債,60,0,60,新光-新竹,2023-10-18,8563
5905,南仁湖,58,0,58,新光-新竹,2023-10-18,8563
6239,力成,70,13,57,新光-新竹,2023-10-18,8563
2409,友達,64,9,55,新光-新竹,2023-10-18,8563
2618,長榮航,86,32,54,新光-新竹,2023-10-18,8563
00673R,期元大S＆P原油反1,46,0,46,新光-新竹,2023-10-18,8563
00679B,元大美債20年,47,1,46,新光-新竹,2023-10-18,8563
2485,兆赫,42,0,42,新光-新竹,2023-10-18,8563
3338,泰碩,45,3,42,新光-新竹,2023-10-18,8563
00864B,中信美國公債0-1,42,0,42,新光-新竹,2023-10-18,8563
00637L,元大滬深300正2,43,3,40,新光-新竹,2023-10-18,8563
1101,台泥,60,21,39,新光-新竹,2023-10-18,8563
00932,兆豐永續高息等權,47,8,39,新光-新竹,2023-10-18,8563
00688L,國泰20年美債正2,114,80,34,新光-新竹,2023-10-18,8563
2610,華航,43,9,34,新光-新竹,2023-10-18,8563
00795B,中信美國公債20年,34,0,34,新光-新竹,2023-10-18,8563
2312,金寶,33,0,33,新光-新竹,2023-10-18,8563
00722B,群益投資級電信債,33,0,33,新光-新竹,2023-10-18,8563
00773B,中信優先金融債,33,1,32,新光-新竹,2023-10-18,8563
1909,榮成,35,4,31,新光-新竹,2023-10-18,8563
3037,欣興,34,4,30,新光-新竹,2023-10-18,8563
2002,中鋼,29,1,28,新光-新竹,2023-10-18,8563
6770,力積電,28,3,25,新光-新竹,2023-10-18,8563
00931B,統一美債20年,23,0,23,新光-新竹,2023-10-18,8563
00674R,期元大S＆P黃金反1,23,0,23,新光-新竹,2023-10-18,8563
5309,系統電,23,0,23,新光-新竹,2023-10-18,8563
3346,麗清,32,9,23,新光-新竹,2023-10-18,8563
3094,聯傑,32,9,23,新光-新竹,2023-10-18,8563
8299,群聯,24,1,23,新光-新竹,2023-10-18,8563
00631L,元大台灣50正2,24,1,23,新光-新竹,2023-10-18,8563
3701,大眾控,28,6,22,新光-新竹,2023-10-18,8563
2427,三商電,23,1,22,新光-新竹,2023-10-18,8563
00688L,國泰20年美債正2,556,23,533,新光-新竹,2023-10-19,8563
00751B,元大AAA至A公司債,328,7,321,新光-新竹,2023-10-19,8563
00720B,元大投資級公司債,369,141,228,新光-新竹,2023-10-19,8563
00878,國泰永續高股息,281,64,217,新光-新竹,2023-10-19,8563
9946,三發地產,201,2,199,新光-新竹,2023-10-19,8563
2884,玉山金,179,4,175,新光-新竹,2023-10-19,8563
0056,元大高股息,333,181,152,新光-新竹,2023-10-19,8563
00679B,元大美債20年,266,114,152,新光-新竹,2023-10-19,8563
00637L,元大滬深300正2,239,92,147,新光-新竹,2023-10-19,8563
00772B,中信高評級公司債,154,12,142,新光-新竹,2023-10-19,8563
00933B,國泰10Y+金融債,128,12,116,新光-新竹,2023-10-19,8563
2317,鴻海,111,13,98,新光-新竹,2023-10-19,8563
00795B,中信美國公債20年,94,0,94,新光-新竹,2023-10-19,8563
1101,台泥,74,1,73,新光-新竹,2023-10-19,8563
00931B,統一美債20年,71,0,71,新光-新竹,2023-10-19,8563
00632R,元大台灣50反1,104,40,64,新光-新竹,2023-10-19,8563
00712,復華富時不動產,285,222,63,新光-新竹,2023-10-19,8563
00665L,富邦�琤肭磪囓�2,88,30,58,新光-新竹,2023-10-19,8563
00687B,國泰20年美債,130,75,55,新光-新竹,2023-10-19,8563
00722B,群益投資級電信債,52,0,52,新光-新竹,2023-10-19,8563
00650L,復華香港正2,50,0,50,新光-新竹,2023-10-19,8563
00633L,富邦上証正2,44,0,44,新光-新竹,2023-10-19,8563
9938,百和,42,2,40,新光-新竹,2023-10-19,8563
1603,華電,39,0,39,新光-新竹,2023-10-19,8563
2388,威盛,114,77,37,新光-新竹,2023-10-19,8563
00753L,中信中國50正2,40,3,37,新光-新竹,2023-10-19,8563
8210,勤誠,77,46,31,新光-新竹,2023-10-19,8563
1785,光洋科,32,1,31,新光-新竹,2023-10-19,8563
3094,聯傑,102,71,31,新光-新竹,2023-10-19,8563
3483,力致,41,11,30,新光-新竹,2023-10-19,8563
8176,智捷,34,4,30,新光-新竹,2023-10-19,8563
00900,富邦特選高股息30,29,0,29,新光-新竹,2023-10-19,8563
2355,敬鵬,54,25,29,新光-新竹,2023-10-19,8563
00680L,元大美債20正2,89,60,29,新光-新竹,2023-10-19,8563
00673R,期元大S＆P原油反1,31,5,26,新光-新竹,2023-10-19,8563
2880,華南金,27,2,25,新光-新竹,2023-10-19,8563
1815,富喬,26,1,25,新光-新竹,2023-10-19,8563
00773B,中信優先金融債,24,0,24,新光-新竹,2023-10-19,8563
6139,亞翔,38,14,24,新光-新竹,2023-10-19,8563
4960,誠美材,40,18,22,新光-新竹,2023-10-19,8563
5309,系統電,21,0,21,新光-新竹,2023-10-19,8563
1314,中石化,32,11,21,新光-新竹,2023-10-19,8563
2382,廣達,54,33,21,新光-新竹,2023-10-19,8563
2409,友達,25,4,21,新光-新竹,2023-10-19,8563
8069,元太,28,8,20,新光-新竹,2023-10-19,8563
3322,建舜電,20,0,20,新光-新竹,2023-10-19,8563
4503,金雨,21,1,20,新光-新竹,2023-10-19,8563
1504,東元,22,3,19,新光-新竹,2023-10-19,8563
00924,復華S＆P500成長,18,0,18,新光-新竹,2023-10-19,8563
00885,富邦越南,18,0,18,新光-新竹,2023-10-19,8563
00632R,元大台灣50反1,1189,107,1082,新光-新竹,2023-10-20,8563
00929,復華台灣科技優息,438,47,391,新光-新竹,2023-10-20,8563
00878,國泰永續高股息,390,136,254,新光-新竹,2023-10-20,8563
00712,復華富時不動產,587,348,239,新光-新竹,2023-10-20,8563
00673R,期元大S＆P原油反1,247,40,207,新光-新竹,2023-10-20,8563
00688L,國泰20年美債正2,206,0,206,新光-新竹,2023-10-20,8563
0056,元大高股息,228,34,194,新光-新竹,2023-10-20,8563
2891,中信金,186,18,168,新光-新竹,2023-10-20,8563
00637L,元大滬深300正2,121,0,121,新光-新竹,2023-10-20,8563
00751B,元大AAA至A公司債,114,3,111,新光-新竹,2023-10-20,8563
00679B,元大美債20年,106,2,104,新光-新竹,2023-10-20,8563
00772B,中信高評級公司債,115,11,104,新光-新竹,2023-10-20,8563
00931B,統一美債20年,97,0,97,新光-新竹,2023-10-20,8563
00687B,國泰20年美債,93,5,88,新光-新竹,2023-10-20,8563
00919,群益台灣精選高息,87,5,82,新光-新竹,2023-10-20,8563
9946,三發地產,69,0,69,新光-新竹,2023-10-20,8563
00720B,元大投資級公司債,116,52,64,新光-新竹,2023-10-20,8563
4401,東隆興,76,18,58,新光-新竹,2023-10-20,8563
3051,力特,64,13,51,新光-新竹,2023-10-20,8563
2880,華南金,49,2,47,新光-新竹,2023-10-20,8563
2883,凱基金,51,4,47,新光-新竹,2023-10-20,8563
2515,中工,88,43,45,新光-新竹,2023-10-20,8563
2605,新興,149,108,41,新光-新竹,2023-10-20,8563
3338,泰碩,41,0,41,新光-新竹,2023-10-20,8563
00650L,復華香港正2,36,0,36,新光-新竹,2023-10-20,8563
00795B,中信美國公債20年,33,0,33,新光-新竹,2023-10-20,8563
2892,第一金,35,2,33,新光-新竹,2023-10-20,8563
3715,定穎投控,250,218,32,新光-新竹,2023-10-20,8563
00882,中信中國高股息,34,3,31,新光-新竹,2023-10-20,8563
1785,光洋科,38,7,31,新光-新竹,2023-10-20,8563
00885,富邦越南,32,1,31,新光-新竹,2023-10-20,8563
3094,聯傑,91,61,30,新光-新竹,2023-10-20,8563
1314,中石化,40,13,27,新光-新竹,2023-10-20,8563
3346,麗清,30,3,27,新光-新竹,2023-10-20,8563
3264,欣銓,47,20,27,新光-新竹,2023-10-20,8563
2002,中鋼,29,2,27,新光-新竹,2023-10-20,8563
00631L,元大台灣50正2,65,38,27,新光-新竹,2023-10-20,8563
2812,台中銀,157,131,26,新光-新竹,2023-10-20,8563
2884,玉山金,34,8,26,新光-新竹,2023-10-20,8563
00907,永豐優息存股,25,1,24,新光-新竹,2023-10-20,8563
6223,旺矽,26,3,23,新光-新竹,2023-10-20,8563
00722B,群益投資級電信債,24,1,23,新光-新竹,2023-10-20,8563
2388,威盛,97,74,23,新光-新竹,2023-10-20,8563
2845,遠東銀,23,1,22,新光-新竹,2023-10-20,8563
3682,亞太電,22,0,22,新光-新竹,2023-10-20,8563
8069,元太,27,6,21,新光-新竹,2023-10-20,8563
2867,三商壽,20,0,20,新光-新竹,2023-10-20,8563
1305,華夏,31,11,20,新光-新竹,2023-10-20,8563
6114,久威,53,33,20,新光-新竹,2023-10-20,8563
00713,元大台灣高息低波,22,2,20,新光-新竹,2023-10-20,8563
00929,復華台灣科技優息,836,42,794,新光-新竹,2023-10-23,8563
00712,復華富時不動產,487,280,207,新光-新竹,2023-10-23,8563
00688L,國泰20年美債正2,220,25,195,新光-新竹,2023-10-23,8563
00751B,元大AAA至A公司債,168,14,154,新光-新竹,2023-10-23,8563
00919,群益台灣精選高息,144,5,139,新光-新竹,2023-10-23,8563
00720B,元大投資級公司債,167,35,132,新光-新竹,2023-10-23,8563
0056,元大高股息,138,15,123,新光-新竹,2023-10-23,8563
00715L,期街口布蘭特正2,177,58,119,新光-新竹,2023-10-23,8563
00922,國泰台灣領袖50,110,1,109,新光-新竹,2023-10-23,8563
2317,鴻海,255,158,97,新光-新竹,2023-10-23,8563
00632R,元大台灣50反1,127,39,88,新光-新竹,2023-10-23,8563
00878,國泰永續高股息,188,103,85,新光-新竹,2023-10-23,8563
00687B,國泰20年美債,87,13,74,新光-新竹,2023-10-23,8563
00772B,中信高評級公司債,63,0,63,新光-新竹,2023-10-23,8563
00795B,中信美國公債20年,60,0,60,新光-新竹,2023-10-23,8563
9946,三發地產,60,0,60,新光-新竹,2023-10-23,8563
1314,中石化,76,19,57,新光-新竹,2023-10-23,8563
2618,長榮航,108,52,56,新光-新竹,2023-10-23,8563
2891,中信金,55,0,55,新光-新竹,2023-10-23,8563
00882,中信中國高股息,49,0,49,新光-新竹,2023-10-23,8563
1101,台泥,46,1,45,新光-新竹,2023-10-23,8563
2388,威盛,105,64,41,新光-新竹,2023-10-23,8563
1102,亞泥,36,0,36,新光-新竹,2023-10-23,8563
1711,永光,110,75,35,新光-新竹,2023-10-23,8563
00931B,統一美債20年,33,0,33,新光-新竹,2023-10-23,8563
2399,映泰,44,12,32,新光-新竹,2023-10-23,8563
2885,元大金,39,7,32,新光-新竹,2023-10-23,8563
2344,華邦電,33,4,29,新光-新竹,2023-10-23,8563
2637,慧洋-KY,30,2,28,新光-新竹,2023-10-23,8563
00864B,中信美國公債0-1,28,0,28,新光-新竹,2023-10-23,8563
00885,富邦越南,30,3,27,新光-新竹,2023-10-23,8563
4714,永捷,26,0,26,新光-新竹,2023-10-23,8563
006208,富邦台50,27,2,25,新光-新竹,2023-10-23,8563
2363,矽統,43,19,24,新光-新竹,2023-10-23,8563
3576,聯合再生,24,0,24,新光-新竹,2023-10-23,8563
00631L,元大台灣50正2,43,20,23,新光-新竹,2023-10-23,8563
00933B,國泰10Y+金融債,24,3,21,新光-新竹,2023-10-23,8563
3017,奇鋐,51,30,21,新光-新竹,2023-10-23,8563
3032,偉訓,33,12,21,新光-新竹,2023-10-23,8563
00932,兆豐永續高息等權,22,1,21,新光-新竹,2023-10-23,8563
2883,凱基金,21,1,20,新光-新竹,2023-10-23,8563
3715,定穎投控,279,259,20,新光-新竹,2023-10-23,8563
6111,大宇資,28,8,20,新光-新竹,2023-10-23,8563
3036A,文曄甲特,20,0,20,新光-新竹,2023-10-23,8563
2633,台灣高鐵,19,0,19,新光-新竹,2023-10-23,8563
6530,創威,19,0,19,新光-新竹,2023-10-23,8563
8069,元太,23,4,19,新光-新竹,2023-10-23,8563
1603,華電,18,0,18,新光-新竹,2023-10-23,8563
00665L,富邦�琤肭磪囓�2,26,8,18,新光-新竹,2023-10-23,8563
2401,凌陽,50,33,17,新光-新竹,2023-10-23,8563
00680L,元大美債20正2,647,98,549,新光-新竹,2023-10-24,8563
2317,鴻海,426,86,340,新光-新竹,2023-10-24,8563
00715L,期街口布蘭特正2,197,0,197,新光-新竹,2023-10-24,8563
00679B,元大美債20年,194,5,189,新光-新竹,2023-10-24,8563
00687B,國泰20年美債,108,15,93,新光-新竹,2023-10-24,8563
00919,群益台灣精選高息,107,22,85,新光-新竹,2023-10-24,8563
00712,復華富時不動產,515,439,76,新光-新竹,2023-10-24,8563
9105,泰金寶-DR,125,60,65,新光-新竹,2023-10-24,8563
4157,太景*-KY,75,10,65,新光-新竹,2023-10-24,8563
00929,復華台灣科技優息,255,204,51,新光-新竹,2023-10-24,8563
912000,晨訊科-DR,50,0,50,新光-新竹,2023-10-24,8563
1815,富喬,42,0,42,新光-新竹,2023-10-24,8563
00864B,中信美國公債0-1,42,0,42,新光-新竹,2023-10-24,8563
2388,威盛,102,61,41,新光-新竹,2023-10-24,8563
00675L,富邦臺灣加權正2,38,0,38,新光-新竹,2023-10-24,8563
6168,宏齊,49,15,34,新光-新竹,2023-10-24,8563
4128,中天,43,10,33,新光-新竹,2023-10-24,8563
6139,亞翔,172,140,32,新光-新竹,2023-10-24,8563
2633,台灣高鐵,30,1,29,新光-新竹,2023-10-24,8563
1101,台泥,27,1,26,新光-新竹,2023-10-24,8563
6229,研通,25,0,25,新光-新竹,2023-10-24,8563
5215,科嘉-KY,37,12,25,新光-新竹,2023-10-24,8563
2371,大同,24,0,24,新光-新竹,2023-10-24,8563
2884,玉山金,22,0,22,新光-新竹,2023-10-24,8563
3051,力特,259,237,22,新光-新竹,2023-10-24,8563
1568,倉佑,96,74,22,新光-新竹,2023-10-24,8563
8086,宏捷科,21,0,21,新光-新竹,2023-10-24,8563
006208,富邦台50,20,0,20,新光-新竹,2023-10-24,8563
2891,中信金,23,4,19,新光-新竹,2023-10-24,8563
00670L,富邦NASDAQ正2,19,1,18,新光-新竹,2023-10-24,8563
2313,華通,44,27,17,新光-新竹,2023-10-24,8563
0050,元大台灣50,17,0,17,新光-新竹,2023-10-24,8563
4743,合一,24,7,17,新光-新竹,2023-10-24,8563
2887,台新金,16,0,16,新光-新竹,2023-10-24,8563
2369,菱生,173,157,16,新光-新竹,2023-10-24,8563
2412,中華電,16,1,15,新光-新竹,2023-10-24,8563
00924,復華S＆P500成長,15,0,15,新光-新竹,2023-10-24,8563
1609,大亞,23,8,15,新光-新竹,2023-10-24,8563
2812,台中銀,14,0,14,新光-新竹,2023-10-24,8563
00637L,元大滬深300正2,61,47,14,新光-新竹,2023-10-24,8563
5009,榮剛,24,11,13,新光-新竹,2023-10-24,8563
2002,中鋼,15,2,13,新光-新竹,2023-10-24,8563
00931B,統一美債20年,13,0,13,新光-新竹,2023-10-24,8563
4944,兆遠,16,3,13,新光-新竹,2023-10-24,8563
6150,撼訊,60,47,13,新光-新竹,2023-10-24,8563
3017,奇鋐,66,54,12,新光-新竹,2023-10-24,8563
4979,華星光,123,111,12,新光-新竹,2023-10-24,8563
5880,合庫金,12,0,12,新光-新竹,2023-10-24,8563
00881,國泰台灣5G+,30,18,12,新光-新竹,2023-10-24,8563
3284,太普高,12,0,12,新光-新竹,2023-10-24,8563
3481,群創,858,6,852,新光-新竹,2023-10-25,8563
2409,友達,594,39,555,新光-新竹,2023-10-25,8563
00687B,國泰20年美債,243,44,199,新光-新竹,2023-10-25,8563
2337,旺宏,169,26,143,新光-新竹,2023-10-25,8563
00679B,元大美債20年,159,35,124,新光-新竹,2023-10-25,8563
00715L,期街口布蘭特正2,112,46,66,新光-新竹,2023-10-25,8563
00712,復華富時不動產,302,236,66,新光-新竹,2023-10-25,8563
8110,華東,199,135,64,新光-新竹,2023-10-25,8563
1524,耿鼎,296,232,64,新光-新竹,2023-10-25,8563
020039,元大加權N,61,0,61,新光-新竹,2023-10-25,8563
00878,國泰永續高股息,107,51,56,新光-新竹,2023-10-25,8563
9105,泰金寶-DR,53,0,53,新光-新竹,2023-10-25,8563
2618,長榮航,90,44,46,新光-新竹,2023-10-25,8563
3025,星通,114,74,40,新光-新竹,2023-10-25,8563
1795,美時,49,12,37,新光-新竹,2023-10-25,8563
0050,元大台灣50,34,0,34,新光-新竹,2023-10-25,8563
2880,華南金,36,2,34,新光-新竹,2023-10-25,8563
6274,台燿,57,24,33,新光-新竹,2023-10-25,8563
2886,兆豐金,30,0,30,新光-新竹,2023-10-25,8563
9946,三發地產,30,0,30,新光-新竹,2023-10-25,8563
2317,鴻海,69,40,29,新光-新竹,2023-10-25,8563
1314,中石化,27,0,27,新光-新竹,2023-10-25,8563
2442,新美齊,26,0,26,新光-新竹,2023-10-25,8563
2888,新光金,25,0,25,新光-新竹,2023-10-25,8563
2884,玉山金,257,233,24,新光-新竹,2023-10-25,8563
2637,慧洋-KY,22,0,22,新光-新竹,2023-10-25,8563
5519,隆大,22,0,22,新光-新竹,2023-10-25,8563
3483,力致,45,24,21,新光-新竹,2023-10-25,8563
00665L,富邦�琤肭磪囓�2,20,0,20,新光-新竹,2023-10-25,8563
00864B,中信美國公債0-1,20,0,20,新光-新竹,2023-10-25,8563
00788B,元大10年IG電能債,20,0,20,新光-新竹,2023-10-25,8563
2462,良得電,32,13,19,新光-新竹,2023-10-25,8563
6117,迎廣,34,16,18,新光-新竹,2023-10-25,8563
3013,晟銘電,70,52,18,新光-新竹,2023-10-25,8563
8240,華宏,31,13,18,新光-新竹,2023-10-25,8563
8088,品安,42,24,18,新光-新竹,2023-10-25,8563
00929,復華台灣科技優息,154,137,17,新光-新竹,2023-10-25,8563
6290,良維,42,25,17,新光-新竹,2023-10-25,8563
2002,中鋼,30,14,16,新光-新竹,2023-10-25,8563
4763,材料-KY,20,4,16,新光-新竹,2023-10-25,8563
2885,元大金,15,0,15,新光-新竹,2023-10-25,8563
6285,啟��,24,9,15,新光-新竹,2023-10-25,8563
3189,景碩,14,0,14,新光-新竹,2023-10-25,8563
2464,盟立,17,3,14,新光-新竹,2023-10-25,8563
00751B,元大AAA至A公司債,44,30,14,新光-新竹,2023-10-25,8563
00722B,群益投資級電信債,14,0,14,新光-新竹,2023-10-25,8563
2892,第一金,14,1,13,新光-新竹,2023-10-25,8563
6282,康舒,19,6,13,新光-新竹,2023-10-25,8563
2427,三商電,81,68,13,新光-新竹,2023-10-25,8563
2485,兆赫,13,0,13,新光-新竹,2023-10-25,8563
00929,復華台灣科技優息,632,33,599,新光-新竹,2023-10-26,8563
00680L,元大美債20正2,409,6,403,新光-新竹,2023-10-26,8563
00688L,國泰20年美債正2,352,0,352,新光-新竹,2023-10-26,8563
00687B,國泰20年美債,253,10,243,新光-新竹,2023-10-26,8563
6117,迎廣,292,71,221,新光-新竹,2023-10-26,8563
00919,群益台灣精選高息,215,3,212,新光-新竹,2023-10-26,8563
00679B,元大美債20年,246,38,208,新光-新竹,2023-10-26,8563
0056,元大高股息,201,50,151,新光-新竹,2023-10-26,8563
00878,國泰永續高股息,389,247,142,新光-新竹,2023-10-26,8563
6290,良維,133,37,96,新光-新竹,2023-10-26,8563
00885,富邦越南,91,4,87,新光-新竹,2023-10-26,8563
00720B,元大投資級公司債,122,36,86,新光-新竹,2023-10-26,8563
00751B,元大AAA至A公司債,81,1,80,新光-新竹,2023-10-26,8563
00712,復華富時不動產,386,320,66,新光-新竹,2023-10-26,8563
00922,國泰台灣領袖50,65,0,65,新光-新竹,2023-10-26,8563
2388,威盛,107,43,64,新光-新竹,2023-10-26,8563
2303,聯電,80,17,63,新光-新竹,2023-10-26,8563
2344,華邦電,66,8,58,新光-新竹,2023-10-26,8563
2485,兆赫,55,2,53,新光-新竹,2023-10-26,8563
0050,元大台灣50,53,1,52,新光-新竹,2023-10-26,8563
2363,矽統,82,33,49,新光-新竹,2023-10-26,8563
2883,凱基金,53,6,47,新光-新竹,2023-10-26,8563
2880,華南金,47,0,47,新光-新竹,2023-10-26,8563
00772B,中信高評級公司債,43,0,43,新光-新竹,2023-10-26,8563
00665L,富邦�琤肭磪囓�2,43,0,43,新光-新竹,2023-10-26,8563
2317,鴻海,48,7,41,新光-新竹,2023-10-26,8563
4526,東台,40,2,38,新光-新竹,2023-10-26,8563
020039,元大加權N,35,0,35,新光-新竹,2023-10-26,8563
00891,中信關鍵半導體,35,1,34,新光-新竹,2023-10-26,8563
1314,中石化,36,2,34,新光-新竹,2023-10-26,8563
2888,新光金,34,0,34,新光-新竹,2023-10-26,8563
006208,富邦台50,35,2,33,新光-新竹,2023-10-26,8563
00931B,統一美債20年,31,0,31,新光-新竹,2023-10-26,8563
00795B,中信美國公債20年,29,0,29,新光-新竹,2023-10-26,8563
00631L,元大台灣50正2,87,59,28,新光-新竹,2023-10-26,8563
2891,中信金,28,0,28,新光-新竹,2023-10-26,8563
2618,長榮航,53,25,28,新光-新竹,2023-10-26,8563
3037,欣興,36,8,28,新光-新竹,2023-10-26,8563
2637,慧洋-KY,52,25,27,新光-新竹,2023-10-26,8563
2330,台積電,37,10,27,新光-新竹,2023-10-26,8563
00675L,富邦臺灣加權正2,27,1,26,新光-新竹,2023-10-26,8563
2340,台亞,31,7,24,新光-新竹,2023-10-26,8563
8064,東捷,23,0,23,新光-新竹,2023-10-26,8563
00713,元大台灣高息低波,25,3,22,新光-新竹,2023-10-26,8563
2233,宇隆,28,7,21,新光-新竹,2023-10-26,8563
2457,飛宏,26,6,20,新光-新竹,2023-10-26,8563
00923,群益台ESG低碳50,20,0,20,新光-新竹,2023-10-26,8563
00670L,富邦NASDAQ正2,21,2,19,新光-新竹,2023-10-26,8563
2337,旺宏,57,39,18,新光-新竹,2023-10-26,8563
00881,國泰台灣5G+,18,0,18,新光-新竹,2023-10-26,8563
00671R,富邦NASDAQ反1,608,0,608,新光-新竹,2023-10-27,8563
00885,富邦越南,97,2,95,新光-新竹,2023-10-27,8563
00642U,期元大S＆P石油,70,1,69,新光-新竹,2023-10-27,8563
00919,群益台灣精選高息,59,1,58,新光-新竹,2023-10-27,8563
4938,和碩,66,12,54,新光-新竹,2023-10-27,8563
3276,宇環,129,78,51,新光-新竹,2023-10-27,8563
3188,鑫龍騰,50,0,50,新光-新竹,2023-10-27,8563
3290,東浦,75,28,47,新光-新竹,2023-10-27,8563
00712,復華富時不動產,303,258,45,新光-新竹,2023-10-27,8563
5258,虹堡,113,69,44,新光-新竹,2023-10-27,8563
00929,復華台灣科技優息,239,195,44,新光-新竹,2023-10-27,8563
00915,凱基優選高股息30,38,4,34,新光-新竹,2023-10-27,8563
00922,國泰台灣領袖50,34,0,34,新光-新竹,2023-10-27,8563
00715L,期街口布蘭特正2,37,7,30,新光-新竹,2023-10-27,8563
5460,同協,30,0,30,新光-新竹,2023-10-27,8563
3303,岱稜,29,0,29,新光-新竹,2023-10-27,8563
2547,日勝生,29,0,29,新光-新竹,2023-10-27,8563
3338,泰碩,27,0,27,新光-新竹,2023-10-27,8563
5519,隆大,26,0,26,新光-新竹,2023-10-27,8563
2383,台光電,29,5,24,新光-新竹,2023-10-27,8563
4908,前鼎,123,99,24,新光-新竹,2023-10-27,8563
00864B,中信美國公債0-1,23,0,23,新光-新竹,2023-10-27,8563
6290,良維,28,5,23,新光-新竹,2023-10-27,8563
3324,雙鴻,47,25,22,新光-新竹,2023-10-27,8563
1907,永豐餘,21,1,20,新光-新竹,2023-10-27,8563
0056,元大高股息,58,37,21,新光-新竹,2023-10-27,8563
00898,國泰基因免疫革命,20,0,20,新光-新竹,2023-10-27,8563
2388,威盛,61,42,19,新光-新竹,2023-10-27,8563
5880,合庫金,19,1,18,新光-新竹,2023-10-27,8563
2515,中工,23,5,18,新光-新竹,2023-10-27,8563
4526,東台,16,0,16,新光-新竹,2023-10-27,8563
0050,元大台灣50,18,2,16,新光-新竹,2023-10-27,8563
2886,兆豐金,20,6,14,新光-新竹,2023-10-27,8563
00924,復華S＆P500成長,14,0,14,新光-新竹,2023-10-27,8563
2337,旺宏,23,9,14,新光-新竹,2023-10-27,8563
3346,麗清,20,6,14,新光-新竹,2023-10-27,8563
8044,網家,17,3,14,新光-新竹,2023-10-27,8563
2313,華通,14,0,14,新光-新竹,2023-10-27,8563
00923,群益台ESG低碳50,15,1,14,新光-新竹,2023-10-27,8563
3037,欣興,34,21,13,新光-新竹,2023-10-27,8563
00720B,元大投資級公司債,15,2,13,新光-新竹,2023-10-27,8563
3032,偉訓,53,40,13,新光-新竹,2023-10-27,8563
6237,驊訊,80,68,12,新光-新竹,2023-10-27,8563
8210,勤誠,33,21,12,新光-新竹,2023-10-27,8563
3607,谷崧,12,0,12,新光-新竹,2023-10-27,8563
00665L,富邦�琤肭磪囓�2,12,0,12,新光-新竹,2023-10-27,8563
3260,威剛,25,13,12,新光-新竹,2023-10-27,8563
2883,凱基金,34,23,11,新光-新竹,2023-10-27,8563
8240,華宏,24,13,11,新光-新竹,2023-10-27,8563
5521,工信,21,10,11,新光-新竹,2023-10-27,8563
00878,國泰永續高股息,207,68,139,新光-新竹,2023-10-30,8563
00680L,元大美債20正2,115,0,115,新光-新竹,2023-10-30,8563
2610,華航,98,2,96,新光-新竹,2023-10-30,8563
00864B,中信美國公債0-1,80,0,80,新光-新竹,2023-10-30,8563
2891,中信金,77,0,77,新光-新竹,2023-10-30,8563
2344,華邦電,76,15,61,新光-新竹,2023-10-30,8563
2845,遠東銀,54,1,53,新光-新竹,2023-10-30,8563
00715L,期街口布蘭特正2,70,21,49,新光-新竹,2023-10-30,8563
00922,國泰台灣領袖50,60,14,46,新光-新竹,2023-10-30,8563
2888,新光金,43,0,43,新光-新竹,2023-10-30,8563
00720B,元大投資級公司債,44,1,43,新光-新竹,2023-10-30,8563
00632R,元大台灣50反1,43,0,43,新光-新竹,2023-10-30,8563
3715,定穎投控,156,115,41,新光-新竹,2023-10-30,8563
6443,元晶,75,34,41,新光-新竹,2023-10-30,8563
00687B,國泰20年美債,51,11,40,新光-新竹,2023-10-30,8563
2885,元大金,38,1,37,新光-新竹,2023-10-30,8563
4938,和碩,36,0,36,新光-新竹,2023-10-30,8563
4306,炎洲,40,4,36,新光-新竹,2023-10-30,8563
5351,鈺創,35,2,33,新光-新竹,2023-10-30,8563
2363,矽統,56,25,31,新光-新竹,2023-10-30,8563
4105,東洋,32,4,28,新光-新竹,2023-10-30,8563
2882,國泰金,23,0,23,新光-新竹,2023-10-30,8563
8227,巨有科技,27,4,23,新光-新竹,2023-10-30,8563
2887,台新金,24,2,22,新光-新竹,2023-10-30,8563
00933B,國泰10Y+金融債,32,10,22,新光-新竹,2023-10-30,8563
2330,台積電,23,2,21,新光-新竹,2023-10-30,8563
00670L,富邦NASDAQ正2,22,3,19,新光-新竹,2023-10-30,8563
00751B,元大AAA至A公司債,19,1,18,新光-新竹,2023-10-30,8563
6179,亞通,19,1,18,新光-新竹,2023-10-30,8563
2417,圓剛,48,30,18,新光-新竹,2023-10-30,8563
2368,金像電,18,0,18,新光-新竹,2023-10-30,8563
2880,華南金,17,0,17,新光-新竹,2023-10-30,8563
00768B,復華20年美債,17,0,17,新光-新竹,2023-10-30,8563
00674R,期元大S＆P黃金反1,17,0,17,新光-新竹,2023-10-30,8563
0056,元大高股息,45,28,17,新光-新竹,2023-10-30,8563
6288,聯嘉,17,1,16,新光-新竹,2023-10-30,8563
1568,倉佑,16,0,16,新光-新竹,2023-10-30,8563
9105,泰金寶-DR,16,0,16,新光-新竹,2023-10-30,8563
4967,十銓,60,44,16,新光-新竹,2023-10-30,8563
2442,新美齊,15,0,15,新光-新竹,2023-10-30,8563
5258,虹堡,34,19,15,新光-新竹,2023-10-30,8563
2337,旺宏,17,3,14,新光-新竹,2023-10-30,8563
4960,誠美材,46,32,14,新光-新竹,2023-10-30,8563
2886,兆豐金,19,5,14,新光-新竹,2023-10-30,8563
2465,麗臺,14,1,13,新光-新竹,2023-10-30,8563
1524,耿鼎,20,7,13,新光-新竹,2023-10-30,8563
00679B,元大美債20年,27,14,13,新光-新竹,2023-10-30,8563
00722B,群益投資級電信債,12,0,12,新光-新竹,2023-10-30,8563
8936,國統,12,0,12,新光-新竹,2023-10-30,8563
2233,宇隆,13,1,12,新光-新竹,2023-10-30,8563
00632R,元大台灣50反1,848,233,615,新光-新竹,2023-10-31,8563
0056,元大高股息,344,56,288,新光-新竹,2023-10-31,8563
00878,國泰永續高股息,304,102,202,新光-新竹,2023-10-31,8563
2465,麗臺,202,2,200,新光-新竹,2023-10-31,8563
00929,復華台灣科技優息,239,67,172,新光-新竹,2023-10-31,8563
00864B,中信美國公債0-1,140,0,140,新光-新竹,2023-10-31,8563
00919,群益台灣精選高息,149,19,130,新光-新竹,2023-10-31,8563
00670L,富邦NASDAQ正2,147,25,122,新光-新竹,2023-10-31,8563
2382,廣達,207,116,91,新光-新竹,2023-10-31,8563
00715L,期街口布蘭特正2,154,66,88,新光-新竹,2023-10-31,8563
00680L,元大美債20正2,133,45,88,新光-新竹,2023-10-31,8563
2401,凌陽,75,0,75,新光-新竹,2023-10-31,8563
2363,矽統,63,1,62,新光-新竹,2023-10-31,8563
3346,麗清,76,16,60,新光-新竹,2023-10-31,8563
00932,兆豐永續高息等權,78,21,57,新光-新竹,2023-10-31,8563
00720B,元大投資級公司債,57,5,52,新光-新竹,2023-10-31,8563
2449,京元電子,61,9,52,新光-新竹,2023-10-31,8563
0050,元大台灣50,51,3,48,新光-新竹,2023-10-31,8563
00679B,元大美債20年,50,4,46,新光-新竹,2023-10-31,8563
3105,穩懋,150,107,43,新光-新竹,2023-10-31,8563
5272,笙科,56,15,41,新光-新竹,2023-10-31,8563
00675L,富邦臺灣加權正2,40,0,40,新光-新竹,2023-10-31,8563
00665L,富邦�琤肭磪囓�2,42,2,40,新光-新竹,2023-10-31,8563
1314,中石化,62,23,39,新光-新竹,2023-10-31,8563
3035,智原,89,54,35,新光-新竹,2023-10-31,8563
3702,大聯大,48,14,34,新光-新竹,2023-10-31,8563
006208,富邦台50,33,0,33,新光-新竹,2023-10-31,8563
2515,中工,63,30,33,新光-新竹,2023-10-31,8563
6168,宏齊,33,0,33,新光-新竹,2023-10-31,8563
4938,和碩,31,0,31,新光-新竹,2023-10-31,8563
6235,華孚,39,9,30,新光-新竹,2023-10-31,8563
00882,中信中國高股息,32,2,30,新光-新竹,2023-10-31,8563
00687B,國泰20年美債,44,14,30,新光-新竹,2023-10-31,8563
6589,台康生技,32,3,29,新光-新竹,2023-10-31,8563
6593,台灣銘板,29,0,29,新光-新竹,2023-10-31,8563
00915,凱基優選高股息30,29,0,29,新光-新竹,2023-10-31,8563
2344,華邦電,65,37,28,新光-新竹,2023-10-31,8563
2535,達欣工,29,1,28,新光-新竹,2023-10-31,8563
4162,智擎,57,30,27,新光-新竹,2023-10-31,8563
2501,國建,26,0,26,新光-新竹,2023-10-31,8563
2383,台光電,41,15,26,新光-新竹,2023-10-31,8563
2355,敬鵬,36,11,25,新光-新竹,2023-10-31,8563
3715,定穎投控,169,145,24,新光-新竹,2023-10-31,8563
3290,東浦,26,2,24,新光-新竹,2023-10-31,8563
3289,宜特,32,9,23,新光-新竹,2023-10-31,8563
8936,國統,27,6,21,新光-新竹,2023-10-31,8563
2530,華建,21,0,21,新光-新竹,2023-10-31,8563
2301,光寶科,66,46,20,新光-新竹,2023-10-31,8563
00881,國泰台灣5G+,34,14,20,新光-新竹,2023-10-31,8563
5519,隆大,20,0,20,新光-新竹,2023-10-31,8563
00934,中信成長高股息,819,23,796,新光-新竹,2023-11-01,8563
00929,復華台灣科技優息,332,106,226,新光-新竹,2023-11-01,8563
00680L,元大美債20正2,153,0,153,新光-新竹,2023-11-01,8563
00878,國泰永續高股息,182,32,150,新光-新竹,2023-11-01,8563
2618,長榮航,266,127,139,新光-新竹,2023-11-01,8563
00935,野村臺灣新科技50,118,0,118,新光-新竹,2023-11-01,8563
2367,燿華,112,1,111,新光-新竹,2023-11-01,8563
00688L,國泰20年美債正2,110,0,110,新光-新竹,2023-11-01,8563
8110,華東,114,14,100,新光-新竹,2023-11-01,8563
4102,永日,321,231,90,新光-新竹,2023-11-01,8563
2344,華邦電,84,5,79,新光-新竹,2023-11-01,8563
00679B,元大美債20年,76,0,76,新光-新竹,2023-11-01,8563
00687B,國泰20年美債,84,19,65,新光-新竹,2023-11-01,8563
00664R,國泰臺灣加權反1,90,33,57,新光-新竹,2023-11-01,8563
3481,群創,63,7,56,新光-新竹,2023-11-01,8563
3346,麗清,53,0,53,新光-新竹,2023-11-01,8563
00665L,富邦�琤肭磪囓�2,50,0,50,新光-新竹,2023-11-01,8563
00671R,富邦NASDAQ反1,50,0,50,新光-新竹,2023-11-01,8563
0056,元大高股息,50,5,45,新光-新竹,2023-11-01,8563
00715L,期街口布蘭特正2,75,30,45,新光-新竹,2023-11-01,8563
00720B,元大投資級公司債,59,15,44,新光-新竹,2023-11-01,8563
4915,致伸,46,5,41,新光-新竹,2023-11-01,8563
1614,三洋電,35,0,35,新光-新竹,2023-11-01,8563
2358,廷鑫,35,1,34,新光-新竹,2023-11-01,8563
0050,元大台灣50,35,4,31,新光-新竹,2023-11-01,8563
1314,中石化,35,4,31,新光-新竹,2023-11-01,8563
1907,永豐餘,30,1,29,新光-新竹,2023-11-01,8563
6593,台灣銘板,29,0,29,新光-新竹,2023-11-01,8563
2363,矽統,49,22,27,新光-新竹,2023-11-01,8563
00795B,中信美國公債20年,29,3,26,新光-新竹,2023-11-01,8563
4426,利勤,25,0,25,新光-新竹,2023-11-01,8563
2610,華航,54,31,23,新光-新竹,2023-11-01,8563
2368,金像電,37,15,22,新光-新竹,2023-11-01,8563
2409,友達,124,102,22,新光-新竹,2023-11-01,8563
3268,海德威,20,0,20,新光-新竹,2023-11-01,8563
1721,三晃,20,0,20,新光-新竹,2023-11-01,8563
2812,台中銀,20,2,18,新光-新竹,2023-11-01,8563
00751B,元大AAA至A公司債,22,4,18,新光-新竹,2023-11-01,8563
2486,一詮,38,20,18,新光-新竹,2023-11-01,8563
8086,宏捷科,86,69,17,新光-新竹,2023-11-01,8563
00885,富邦越南,20,5,15,新光-新竹,2023-11-01,8563
1522,堤維西,15,0,15,新光-新竹,2023-11-01,8563
00712,復華富時不動產,59,45,14,新光-新竹,2023-11-01,8563
2457,飛宏,38,24,14,新光-新竹,2023-11-01,8563
5469,瀚宇博,37,23,14,新光-新竹,2023-11-01,8563
1101,台泥,14,0,14,新光-新竹,2023-11-01,8563
6191,精成科,78,65,13,新光-新竹,2023-11-01,8563
1301,台塑,13,0,13,新光-新竹,2023-11-01,8563
6573,虹揚-KY,13,0,13,新光-新竹,2023-11-01,8563
5706,鳳凰,15,2,13,新光-新竹,2023-11-01,8563
2883,凱基金,229,4,225,新光-新竹,2023-11-02,8563
00931B,統一美債20年,217,17,200,新光-新竹,2023-11-02,8563
00715L,期街口布蘭特正2,171,1,170,新光-新竹,2023-11-02,8563
00864B,中信美國公債0-1,122,0,122,新光-新竹,2023-11-02,8563
00934,中信成長高股息,115,7,108,新光-新竹,2023-11-02,8563
3260,威剛,103,27,76,新光-新竹,2023-11-02,8563
00671R,富邦NASDAQ反1,65,0,65,新光-新竹,2023-11-02,8563
00933B,國泰10Y+金融債,63,0,63,新光-新竹,2023-11-02,8563
00687B,國泰20年美債,109,50,59,新光-新竹,2023-11-02,8563
9945,潤泰新,60,2,58,新光-新竹,2023-11-02,8563
2363,矽統,118,63,55,新光-新竹,2023-11-02,8563
6271,同欣電,56,2,54,新光-新竹,2023-11-02,8563
3322,建舜電,66,12,54,新光-新竹,2023-11-02,8563
1519,華城,80,28,52,新光-新竹,2023-11-02,8563
6111,大宇資,52,4,48,新光-新竹,2023-11-02,8563
2618,長榮航,107,65,42,新光-新竹,2023-11-02,8563
2734,易飛網,37,5,32,新光-新竹,2023-11-02,8563
2547,日勝生,30,1,29,新光-新竹,2023-11-02,8563
00878,國泰永續高股息,207,179,28,新光-新竹,2023-11-02,8563
2454,聯發科,37,12,25,新光-新竹,2023-11-02,8563
2201,裕隆,28,3,25,新光-新竹,2023-11-02,8563
6189,豐藝,26,2,24,新光-新竹,2023-11-02,8563
1515,力山,25,3,22,新光-新竹,2023-11-02,8563
00670L,富邦NASDAQ正2,25,5,20,新光-新竹,2023-11-02,8563
00637L,元大滬深300正2,101,83,18,新光-新竹,2023-11-02,8563
3163,波若威,43,25,18,新光-新竹,2023-11-02,8563
1101,台泥,20,2,18,新光-新竹,2023-11-02,8563
3548,兆利,89,72,17,新光-新竹,2023-11-02,8563
6274,台燿,49,33,16,新光-新竹,2023-11-02,8563
1903,士紙,22,6,16,新光-新竹,2023-11-02,8563
3036,文曄,36,20,16,新光-新竹,2023-11-02,8563
3704,合勤控,24,8,16,新光-新竹,2023-11-02,8563
1907,永豐餘,25,10,15,新光-新竹,2023-11-02,8563
4746,台耀,15,0,15,新光-新竹,2023-11-02,8563
4915,致伸,20,6,14,新光-新竹,2023-11-02,8563
5521,工信,20,6,14,新光-新竹,2023-11-02,8563
6418,詠昇,14,0,14,新光-新竹,2023-11-02,8563
2542,興富發,14,1,13,新光-新竹,2023-11-02,8563
1522,堤維西,59,46,13,新光-新竹,2023-11-02,8563
1909,榮成,15,2,13,新光-新竹,2023-11-02,8563
00719B,元大美債1-3,12,0,12,新光-新竹,2023-11-02,8563
1314,中石化,20,8,12,新光-新竹,2023-11-02,8563
2707,晶華,13,1,12,新光-新竹,2023-11-02,8563
6213,聯茂,26,14,12,新光-新竹,2023-11-02,8563
6138,茂達,15,4,11,新光-新竹,2023-11-02,8563
9105,泰金寶-DR,25,14,11,新光-新竹,2023-11-02,8563
3006,晶豪科,34,24,10,新光-新竹,2023-11-02,8563
2404,漢唐,12,1,11,新光-新竹,2023-11-02,8563
00685L,群益臺灣加權正2,10,0,10,新光-新竹,2023-11-02,8563
00756B,群益投等新興公債,10,0,10,新光-新竹,2023-11-02,8563
00933B,國泰10Y+金融債,281,10,271,新光-新竹,2023-11-03,8563
00687B,國泰20年美債,301,48,253,新光-新竹,2023-11-03,8563
00929,復華台灣科技優息,281,94,187,新光-新竹,2023-11-03,8563
1314,中石化,106,0,106,新光-新竹,2023-11-03,8563
00830,國泰費城半導體,88,0,88,新光-新竹,2023-11-03,8563
2317,鴻海,127,43,84,新光-新竹,2023-11-03,8563
1101,台泥,80,1,79,新光-新竹,2023-11-03,8563
8150,南茂,83,5,78,新光-新竹,2023-11-03,8563
00712,復華富時不動產,837,763,74,新光-新竹,2023-11-03,8563
00679B,元大美債20年,160,87,73,新光-新竹,2023-11-03,8563
00751B,元大AAA至A公司債,91,22,69,新光-新竹,2023-11-03,8563
00795B,中信美國公債20年,72,5,67,新光-新竹,2023-11-03,8563
3481,群創,88,25,63,新光-新竹,2023-11-03,8563
2889,國票金,55,0,55,新光-新竹,2023-11-03,8563
3231,緯創,125,76,49,新光-新竹,2023-11-03,8563
00706L,期元大S＆P日圓正2,41,0,41,新光-新竹,2023-11-03,8563
2547,日勝生,32,0,32,新光-新竹,2023-11-03,8563
1519,華城,63,33,30,新光-新竹,2023-11-03,8563
00934,中信成長高股息,198,168,30,新光-新竹,2023-11-03,8563
1342,八貫,30,0,30,新光-新竹,2023-11-03,8563
2367,燿華,54,26,28,新光-新竹,2023-11-03,8563
3346,麗清,23,3,20,新光-新竹,2023-11-03,8563
3024,憶聲,20,0,20,新光-新竹,2023-11-03,8563
6741,91APP*-KY,20,0,20,新光-新竹,2023-11-03,8563
8227,巨有科技,27,7,20,新光-新竹,2023-11-03,8563
3715,定穎投控,32,14,18,新光-新竹,2023-11-03,8563
6187,萬潤,25,8,17,新光-新竹,2023-11-03,8563
6223,旺矽,93,76,17,新光-新竹,2023-11-03,8563
8068,全達,23,7,16,新光-新竹,2023-11-03,8563
00923,群益台ESG低碳50,17,2,15,新光-新竹,2023-11-03,8563
3591,艾笛森,15,0,15,新光-新竹,2023-11-03,8563
4915,致伸,23,8,15,新光-新竹,2023-11-03,8563
00902,中信電池及儲能,14,0,14,新光-新竹,2023-11-03,8563
4542,科嶠,15,1,14,新光-新竹,2023-11-03,8563
2542,興富發,15,1,14,新光-新竹,2023-11-03,8563
3260,威剛,53,40,13,新光-新竹,2023-11-03,8563
6191,精成科,39,26,13,新光-新竹,2023-11-03,8563
1449,佳和,12,0,12,新光-新竹,2023-11-03,8563
3548,兆利,67,55,12,新光-新竹,2023-11-03,8563
4162,智擎,20,8,12,新光-新竹,2023-11-03,8563
1712,興農,12,0,12,新光-新竹,2023-11-03,8563
5439,高技,31,20,11,新光-新竹,2023-11-03,8563
3545,敦泰,26,15,11,新光-新竹,2023-11-03,8563
3576,聯合再生,11,0,11,新光-新竹,2023-11-03,8563
3687,歐買尬,11,0,11,新光-新竹,2023-11-03,8563
2390,云辰,12,1,11,新光-新竹,2023-11-03,8563
8046,南電,38,27,11,新光-新竹,2023-11-03,8563
6168,宏齊,10,0,10,新光-新竹,2023-11-03,8563
3443,創意,22,12,10,新光-新竹,2023-11-03,8563
2462,良得電,20,10,10,新光-新竹,2023-11-03,8563
00768B,復華20年美債,353,0,353,新光-新竹,2023-11-06,8563
00934,中信成長高股息,512,317,195,新光-新竹,2023-11-06,8563
00712,復華富時不動產,666,491,175,新光-新竹,2023-11-06,8563
00688L,國泰20年美債正2,157,34,123,新光-新竹,2023-11-06,8563
00935,野村臺灣新科技50,102,0,102,新光-新竹,2023-11-06,8563
2812,台中銀,105,4,101,新光-新竹,2023-11-06,8563
2409,友達,103,10,93,新光-新竹,2023-11-06,8563
00715L,期街口布蘭特正2,151,60,91,新光-新竹,2023-11-06,8563
2542,興富發,91,15,76,新光-新竹,2023-11-06,8563
6873,泓德能源,66,0,66,新光-新竹,2023-11-06,8563
00933B,國泰10Y+金融債,74,10,64,新光-新竹,2023-11-06,8563
2388,威盛,343,285,58,新光-新竹,2023-11-06,8563
2547,日勝生,57,0,57,新光-新竹,2023-11-06,8563
6139,亞翔,72,16,56,新光-新竹,2023-11-06,8563
00720B,元大投資級公司債,54,0,54,新光-新竹,2023-11-06,8563
2363,矽統,460,408,52,新光-新竹,2023-11-06,8563
5522,遠雄,36,2,34,新光-新竹,2023-11-06,8563
00751B,元大AAA至A公司債,34,0,34,新光-新竹,2023-11-06,8563
00664R,國泰臺灣加權反1,35,2,33,新光-新竹,2023-11-06,8563
3450,聯鈞,67,35,32,新光-新竹,2023-11-06,8563
00637L,元大滬深300正2,30,0,30,新光-新竹,2023-11-06,8563
2486,一詮,88,59,29,新光-新竹,2023-11-06,8563
00692,富邦公司治理,27,1,26,新光-新竹,2023-11-06,8563
2454,聯發科,36,12,24,新光-新竹,2023-11-06,8563
9941,裕融,27,4,23,新光-新竹,2023-11-06,8563
9924,福興,31,8,23,新光-新竹,2023-11-06,8563
3094,聯傑,35,13,22,新光-新竹,2023-11-06,8563
00724B,群益投資級金融債,21,0,21,新光-新竹,2023-11-06,8563
00772B,中信高評級公司債,58,37,21,新光-新竹,2023-11-06,8563
9945,潤泰新,20,0,20,新光-新竹,2023-11-06,8563
4919,新唐,22,2,20,新光-新竹,2023-11-06,8563
3037,欣興,27,8,19,新光-新竹,2023-11-06,8563
6117,迎廣,29,10,19,新光-新竹,2023-11-06,8563
4102,永日,288,270,18,新光-新竹,2023-11-06,8563
2356,英業達,29,11,18,新光-新竹,2023-11-06,8563
6282,康舒,22,4,18,新光-新竹,2023-11-06,8563
4967,十銓,90,72,18,新光-新竹,2023-11-06,8563
2462,良得電,21,4,17,新光-新竹,2023-11-06,8563
00687B,國泰20年美債,116,100,16,新光-新竹,2023-11-06,8563
6146,耕興,16,0,16,新光-新竹,2023-11-06,8563
2734,易飛網,17,2,15,新光-新竹,2023-11-06,8563
3557,嘉威,15,0,15,新光-新竹,2023-11-06,8563
00878,國泰永續高股息,126,111,15,新光-新竹,2023-11-06,8563
1591,駿吉-KY,14,0,14,新光-新竹,2023-11-06,8563
3714,富采,13,0,13,新光-新竹,2023-11-06,8563
3032,偉訓,16,3,13,新光-新竹,2023-11-06,8563
6550,北極星藥業-KY,16,3,13,新光-新竹,2023-11-06,8563
1519,華城,38,26,12,新光-新竹,2023-11-06,8563
3339,泰谷,13,1,12,新光-新竹,2023-11-06,8563
5706,鳳凰,22,10,12,新光-新竹,2023-11-06,8563
2812,台中銀,366,65,301,新光-新竹,2023-11-07,8563
00878,國泰永續高股息,319,63,256,新光-新竹,2023-11-07,8563
00712,復華富時不動產,408,162,246,新光-新竹,2023-11-07,8563
4906,正文,234,7,227,新光-新竹,2023-11-07,8563
00650L,復華香港正2,115,0,115,新光-新竹,2023-11-07,8563
00720B,元大投資級公司債,107,0,107,新光-新竹,2023-11-07,8563
9924,福興,102,11,91,新光-新竹,2023-11-07,8563
00632R,元大台灣50反1,89,0,89,新光-新竹,2023-11-07,8563
00715L,期街口布蘭特正2,111,25,86,新光-新竹,2023-11-07,8563
00751B,元大AAA至A公司債,73,0,73,新光-新竹,2023-11-07,8563
4128,中天,83,13,70,新光-新竹,2023-11-07,8563
00688L,國泰20年美債正2,67,0,67,新光-新竹,2023-11-07,8563
00679B,元大美債20年,63,4,59,新光-新竹,2023-11-07,8563
1605,華新,55,2,53,新光-新竹,2023-11-07,8563
00665L,富邦�琤肭磪囓�2,60,8,52,新光-新竹,2023-11-07,8563
2530,華建,51,1,50,新光-新竹,2023-11-07,8563
2317,鴻海,50,3,47,新光-新竹,2023-11-07,8563
4743,合一,55,8,47,新光-新竹,2023-11-07,8563
3260,威剛,74,38,36,新光-新竹,2023-11-07,8563
1519,華城,101,66,35,新光-新竹,2023-11-07,8563
00919,群益台灣精選高息,59,26,33,新光-新竹,2023-11-07,8563
6104,創惟,34,2,32,新光-新竹,2023-11-07,8563
6530,創威,32,1,31,新光-新竹,2023-11-07,8563
6133,金橋,35,4,31,新光-新竹,2023-11-07,8563
6901,鑽石投資,33,3,30,新光-新竹,2023-11-07,8563
3324,雙鴻,36,6,30,新光-新竹,2023-11-07,8563
2388,威盛,124,95,29,新光-新竹,2023-11-07,8563
8110,華東,35,6,29,新光-新竹,2023-11-07,8563
00923,群益台ESG低碳50,38,10,28,新光-新竹,2023-11-07,8563
4933,友輝,28,0,28,新光-新竹,2023-11-07,8563
4908,前鼎,79,52,27,新光-新竹,2023-11-07,8563
00935,野村臺灣新科技50,24,0,24,新光-新竹,2023-11-07,8563
5388,中磊,30,7,23,新光-新竹,2023-11-07,8563
8069,元太,41,19,22,新光-新竹,2023-11-07,8563
5351,鈺創,39,17,22,新光-新竹,2023-11-07,8563
3013,晟銘電,43,21,22,新光-新竹,2023-11-07,8563
8299,群聯,33,12,21,新光-新竹,2023-11-07,8563
6603,富強鑫,23,2,21,新光-新竹,2023-11-07,8563
2515,中工,32,11,21,新光-新竹,2023-11-07,8563
6806,森崴能源,29,9,20,新光-新竹,2023-11-07,8563
2382,廣達,35,15,20,新光-新竹,2023-11-07,8563
00768B,復華20年美債,20,0,20,新光-新竹,2023-11-07,8563
2882,國泰金,21,2,19,新光-新竹,2023-11-07,8563
3024,憶聲,19,0,19,新光-新竹,2023-11-07,8563
2002,中鋼,22,3,19,新光-新竹,2023-11-07,8563
4108,懷特,19,1,18,新光-新竹,2023-11-07,8563
9941,裕融,18,0,18,新光-新竹,2023-11-07,8563
3322,建舜電,19,2,17,新光-新竹,2023-11-07,8563
6223,旺矽,34,17,17,新光-新竹,2023-11-07,8563
3105,穩懋,42,26,16,新光-新竹,2023-11-07,8563
00936,台新永續高息中小,279,0,279,新光-新竹,2023-11-08,8563
00679B,元大美債20年,286,11,275,新光-新竹,2023-11-08,8563
2462,良得電,217,14,203,新光-新竹,2023-11-08,8563
3013,晟銘電,283,82,201,新光-新竹,2023-11-08,8563
2618,長榮航,538,424,114,新光-新竹,2023-11-08,8563
2630,亞航,112,6,106,新光-新竹,2023-11-08,8563
4102,永日,297,202,95,新光-新竹,2023-11-08,8563
2353,宏��,93,1,92,新光-新竹,2023-11-08,8563
2303,聯電,126,36,90,新光-新竹,2023-11-08,8563
2344,華邦電,89,5,84,新光-新竹,2023-11-08,8563
2388,威盛,201,122,79,新光-新竹,2023-11-08,8563
00715L,期街口布蘭特正2,279,201,78,新光-新竹,2023-11-08,8563
5439,高技,85,8,77,新光-新竹,2023-11-08,8563
00933B,國泰10Y+金融債,77,5,72,新光-新竹,2023-11-08,8563
2367,燿華,112,46,66,新光-新竹,2023-11-08,8563
00676R,富邦臺灣加權反1,59,0,59,新光-新竹,2023-11-08,8563
4128,中天,209,150,59,新光-新竹,2023-11-08,8563
2355,敬鵬,58,0,58,新光-新竹,2023-11-08,8563
6901,鑽石投資,91,39,52,新光-新竹,2023-11-08,8563
020039,元大加權N,47,0,47,新光-新竹,2023-11-08,8563
00935,野村臺灣新科技50,54,10,44,新光-新竹,2023-11-08,8563
2495,普安,42,0,42,新光-新竹,2023-11-08,8563
2417,圓剛,47,6,41,新光-新竹,2023-11-08,8563
6117,迎廣,173,133,40,新光-新竹,2023-11-08,8563
00922,國泰台灣領袖50,44,5,39,新光-新竹,2023-11-08,8563
2313,華通,55,19,36,新光-新竹,2023-11-08,8563
6129,普誠,36,1,35,新光-新竹,2023-11-08,8563
00786B,元大10年IG銀行債,34,0,34,新光-新竹,2023-11-08,8563
00919,群益台灣精選高息,87,55,32,新光-新竹,2023-11-08,8563
2515,中工,56,25,31,新光-新竹,2023-11-08,8563
00642U,期元大S＆P石油,30,0,30,新光-新竹,2023-11-08,8563
2377,微星,31,1,30,新光-新竹,2023-11-08,8563
2610,華航,68,39,29,新光-新竹,2023-11-08,8563
1513,中興電,46,18,28,新光-新竹,2023-11-08,8563
00882,中信中國高股息,28,0,28,新光-新竹,2023-11-08,8563
2516,新建,27,0,27,新光-新竹,2023-11-08,8563
6593,台灣銘板,31,5,26,新光-新竹,2023-11-08,8563
1210,大成,26,0,26,新光-新竹,2023-11-08,8563
2376,技嘉,103,77,26,新光-新竹,2023-11-08,8563
1568,倉佑,42,17,25,新光-新竹,2023-11-08,8563
00931B,統一美債20年,25,0,25,新光-新竹,2023-11-08,8563
5347,世界,42,21,21,新光-新竹,2023-11-08,8563
9924,福興,21,0,21,新光-新竹,2023-11-08,8563
1789,神隆,55,35,20,新光-新竹,2023-11-08,8563
3024,憶聲,23,3,20,新光-新竹,2023-11-08,8563
00632R,元大台灣50反1,282,263,19,新光-新竹,2023-11-08,8563
6197,佳必琪,31,12,19,新光-新竹,2023-11-08,8563
4167,松瑞藥,35,16,19,新光-新竹,2023-11-08,8563
3034,聯詠,25,6,19,新光-新竹,2023-11-08,8563
1476,儒鴻,19,0,19,新光-新竹,2023-11-08,8563
00715L,期街口布蘭特正2,271,112,159,新光-新竹,2023-11-09,8563
00679B,元大美債20年,229,83,146,新光-新竹,2023-11-09,8563
00850,元大臺灣ESG永續,104,0,104,新光-新竹,2023-11-09,8563
8054,安國,96,0,96,新光-新竹,2023-11-09,8563
1815,富喬,91,25,66,新光-新竹,2023-11-09,8563
3043,科風,64,7,57,新光-新竹,2023-11-09,8563
3481,群創,52,1,51,新光-新竹,2023-11-09,8563
2317,鴻海,68,19,49,新光-新竹,2023-11-09,8563
00933B,國泰10Y+金融債,47,0,47,新光-新竹,2023-11-09,8563
1522,堤維西,123,77,46,新光-新竹,2023-11-09,8563
00773B,中信優先金融債,53,8,45,新光-新竹,2023-11-09,8563
4102,永日,187,143,44,新光-新竹,2023-11-09,8563
00878,國泰永續高股息,204,161,43,新光-新竹,2023-11-09,8563
5386,青雲,43,3,40,新光-新竹,2023-11-09,8563
00936,台新永續高息中小,49,11,38,新光-新竹,2023-11-09,8563
2515,中工,40,2,38,新光-新竹,2023-11-09,8563
5309,系統電,37,0,37,新光-新竹,2023-11-09,8563
00680L,元大美債20正2,58,22,36,新光-新竹,2023-11-09,8563
2485,兆赫,34,0,34,新光-新竹,2023-11-09,8563
2834,臺企銀,40,7,33,新光-新竹,2023-11-09,8563
8044,網家,30,0,30,新光-新竹,2023-11-09,8563
2329,華泰,152,122,30,新光-新竹,2023-11-09,8563
4157,太景*-KY,30,0,30,新光-新竹,2023-11-09,8563
00740B,富邦全球投等債,29,0,29,新光-新竹,2023-11-09,8563
2355,敬鵬,46,18,28,新光-新竹,2023-11-09,8563
5347,世界,28,0,28,新光-新竹,2023-11-09,8563
2388,威盛,58,30,28,新光-新竹,2023-11-09,8563
6156,松上,32,5,27,新光-新竹,2023-11-09,8563
3024,憶聲,26,0,26,新光-新竹,2023-11-09,8563
2486,一詮,35,9,26,新光-新竹,2023-11-09,8563
4743,合一,64,38,26,新光-新竹,2023-11-09,8563
2633,台灣高鐵,25,0,25,新光-新竹,2023-11-09,8563
00720B,元大投資級公司債,47,23,24,新光-新竹,2023-11-09,8563
5519,隆大,26,2,24,新光-新竹,2023-11-09,8563
3231,緯創,364,340,24,新光-新竹,2023-11-09,8563
3122,笙泉,168,145,23,新光-新竹,2023-11-09,8563
00650L,復華香港正2,22,0,22,新光-新竹,2023-11-09,8563
8046,南電,24,3,21,新光-新竹,2023-11-09,8563
2323,中環,20,0,20,新光-新竹,2023-11-09,8563
3338,泰碩,20,0,20,新光-新竹,2023-11-09,8563
00864B,中信美國公債0-1,20,0,20,新光-新竹,2023-11-09,8563
2547,日勝生,20,0,20,新光-新竹,2023-11-09,8563
3014,聯陽,39,20,19,新光-新竹,2023-11-09,8563
2882,國泰金,20,1,19,新光-新竹,2023-11-09,8563
1307,三芳,19,0,19,新光-新竹,2023-11-09,8563
00922,國泰台灣領袖50,18,0,18,新光-新竹,2023-11-09,8563
2331,精英,57,39,18,新光-新竹,2023-11-09,8563
00857B,永豐20年美公債,22,4,18,新光-新竹,2023-11-09,8563
1514,亞力,44,27,17,新光-新竹,2023-11-09,8563
2408,南亞科,16,0,16,新光-新竹,2023-11-09,8563
00680L,元大美債20正2,511,59,452,新光-新竹,2023-11-10,8563
2884,玉山金,303,21,282,新光-新竹,2023-11-10,8563
00878,國泰永續高股息,313,43,270,新光-新竹,2023-11-10,8563
4102,永日,705,468,237,新光-新竹,2023-11-10,8563
00688L,國泰20年美債正2,221,20,201,新光-新竹,2023-11-10,8563
00936,台新永續高息中小,178,1,177,新光-新竹,2023-11-10,8563
00929,復華台灣科技優息,128,24,104,新光-新竹,2023-11-10,8563
00679B,元大美債20年,130,32,98,新光-新竹,2023-11-10,8563
00687B,國泰20年美債,112,35,77,新光-新竹,2023-11-10,8563
3322,建舜電,86,17,69,新光-新竹,2023-11-10,8563
00882,中信中國高股息,63,0,63,新光-新竹,2023-11-10,8563
1313,聯成,60,0,60,新光-新竹,2023-11-10,8563
00712,復華富時不動產,200,141,59,新光-新竹,2023-11-10,8563
2317,鴻海,81,23,58,新光-新竹,2023-11-10,8563
2303,聯電,59,2,57,新光-新竹,2023-11-10,8563
8358,金居,57,0,57,新光-新竹,2023-11-10,8563
00650L,復華香港正2,63,9,54,新光-新竹,2023-11-10,8563
00751B,元大AAA至A公司債,60,9,51,新光-新竹,2023-11-10,8563
00933B,國泰10Y+金融債,50,0,50,新光-新竹,2023-11-10,8563
4967,十銓,139,92,47,新光-新竹,2023-11-10,8563
3227,原相,62,16,46,新光-新竹,2023-11-10,8563
2421,建準,47,6,41,新光-新竹,2023-11-10,8563
4128,中天,188,149,39,新光-新竹,2023-11-10,8563
00648R,元大S＆P500反1,38,0,38,新光-新竹,2023-11-10,8563
00795B,中信美國公債20年,35,0,35,新光-新竹,2023-11-10,8563
00934,中信成長高股息,39,5,34,新光-新竹,2023-11-10,8563
00675L,富邦臺灣加權正2,34,0,34,新光-新竹,2023-11-10,8563
1216,統一,33,0,33,新光-新竹,2023-11-10,8563
3231,緯創,290,257,33,新光-新竹,2023-11-10,8563
2495,普安,30,0,30,新光-新竹,2023-11-10,8563
6290,良維,39,10,29,新光-新竹,2023-11-10,8563
3043,科風,31,2,29,新光-新竹,2023-11-10,8563
8054,安國,29,1,28,新光-新竹,2023-11-10,8563
3276,宇環,35,7,28,新光-新竹,2023-11-10,8563
2388,威盛,55,27,28,新光-新竹,2023-11-10,8563
00753L,中信中國50正2,37,10,27,新光-新竹,2023-11-10,8563
4746,台耀,34,7,27,新光-新竹,2023-11-10,8563
2745,五福,26,0,26,新光-新竹,2023-11-10,8563
2485,兆赫,30,4,26,新光-新竹,2023-11-10,8563
2889,國票金,26,0,26,新光-新竹,2023-11-10,8563
00772B,中信高評級公司債,35,10,25,新光-新竹,2023-11-10,8563
2867,三商壽,25,0,25,新光-新竹,2023-11-10,8563
3303,岱稜,23,0,23,新光-新竹,2023-11-10,8563
2401,凌陽,22,0,22,新光-新竹,2023-11-10,8563
2352,佳世達,54,34,20,新光-新竹,2023-11-10,8563
6125,廣運,40,20,20,新光-新竹,2023-11-10,8563
3346,麗清,25,5,20,新光-新竹,2023-11-10,8563
5309,系統電,20,0,20,新光-新竹,2023-11-10,8563
6216,居易,27,7,20,新光-新竹,2023-11-10,8563
00922,國泰台灣領袖50,22,3,19,新光-新竹,2023-11-10,8563
00632R,元大台灣50反1,1184,10,1174,新光-新竹,2023-11-13,8563
00692,富邦公司治理,251,38,213,新光-新竹,2023-11-13,8563
00688L,國泰20年美債正2,207,30,177,新光-新竹,2023-11-13,8563
00751B,元大AAA至A公司債,177,1,176,新光-新竹,2023-11-13,8563
00878,國泰永續高股息,241,132,109,新光-新竹,2023-11-13,8563
2618,長榮航,245,137,108,新光-新竹,2023-11-13,8563
00679B,元大美債20年,144,42,102,新光-新竹,2023-11-13,8563
2367,燿華,97,13,84,新光-新竹,2023-11-13,8563
1504,東元,91,8,83,新光-新竹,2023-11-13,8563
2347,聯強,106,34,72,新光-新竹,2023-11-13,8563
1108,幸福,70,0,70,新光-新竹,2023-11-13,8563
2382,廣達,165,102,63,新光-新竹,2023-11-13,8563
8089,康全電訊,60,1,59,新光-新竹,2023-11-13,8563
6593,台灣銘板,58,5,53,新光-新竹,2023-11-13,8563
00929,復華台灣科技優息,120,70,50,新光-新竹,2023-11-13,8563
6188,廣明,47,1,46,新光-新竹,2023-11-13,8563
4744,皇將,38,0,38,新光-新竹,2023-11-13,8563
4128,中天,99,62,37,新光-新竹,2023-11-13,8563
00795B,中信美國公債20年,35,0,35,新光-新竹,2023-11-13,8563
1513,中興電,36,1,35,新光-新竹,2023-11-13,8563
6139,亞翔,60,26,34,新光-新竹,2023-11-13,8563
2485,兆赫,36,4,32,新光-新竹,2023-11-13,8563
8110,華東,28,0,28,新光-新竹,2023-11-13,8563
2062,橋椿,27,0,27,新光-新竹,2023-11-13,8563
3105,穩懋,28,3,25,新光-新竹,2023-11-13,8563
8054,安國,29,4,25,新光-新竹,2023-11-13,8563
00931B,統一美債20年,29,4,25,新光-新竹,2023-11-13,8563
006208,富邦台50,45,21,24,新光-新竹,2023-11-13,8563
1446,宏和,23,0,23,新光-新竹,2023-11-13,8563
2637,慧洋-KY,26,4,22,新光-新竹,2023-11-13,8563
00772B,中信高評級公司債,21,0,21,新光-新竹,2023-11-13,8563
00935,野村臺灣新科技50,21,1,20,新光-新竹,2023-11-13,8563
2362,藍天,20,0,20,新光-新竹,2023-11-13,8563
00650L,復華香港正2,22,2,20,新光-新竹,2023-11-13,8563
2547,日勝生,20,0,20,新光-新竹,2023-11-13,8563
6104,創惟,20,0,20,新光-新竹,2023-11-13,8563
6657,華安,22,2,20,新光-新竹,2023-11-13,8563
2888,新光金,24,5,19,新光-新竹,2023-11-13,8563
6416,瑞祺電通,19,0,19,新光-新竹,2023-11-13,8563
3576,聯合再生,19,1,18,新光-新竹,2023-11-13,8563
6213,聯茂,31,13,18,新光-新竹,2023-11-13,8563
1795,美時,28,11,17,新光-新竹,2023-11-13,8563
1101,台泥,15,0,15,新光-新竹,2023-11-13,8563
2889,國票金,15,0,15,新光-新竹,2023-11-13,8563
3027,盛達,28,14,14,新光-新竹,2023-11-13,8563
6186,新潤,14,0,14,新光-新竹,2023-11-13,8563
3322,建舜電,25,11,14,新光-新竹,2023-11-13,8563
3264,欣銓,15,1,14,新光-新竹,2023-11-13,8563
3228,金麗科,26,12,14,新光-新竹,2023-11-13,8563
2317,鴻海,25,11,14,新光-新竹,2023-11-13,8563
00878,國泰永續高股息,411,231,180,新光-新竹,2023-11-14,8563
00671R,富邦NASDAQ反1,100,0,100,新光-新竹,2023-11-14,8563
2618,長榮航,151,63,88,新光-新竹,2023-11-14,8563
00751B,元大AAA至A公司債,82,3,79,新光-新竹,2023-11-14,8563
3231,緯創,202,139,63,新光-新竹,2023-11-14,8563
2515,中工,54,1,53,新光-新竹,2023-11-14,8563
2402,毅嘉,133,87,46,新光-新竹,2023-11-14,8563
8936,國統,83,38,45,新光-新竹,2023-11-14,8563
00679B,元大美債20年,45,5,40,新光-新竹,2023-11-14,8563
00852L,國泰美國道瓊正2,40,0,40,新光-新竹,2023-11-14,8563
2427,三商電,49,9,40,新光-新竹,2023-11-14,8563
1471,首利,42,3,39,新光-新竹,2023-11-14,8563
3689,湧德,39,5,34,新光-新竹,2023-11-14,8563
00882,中信中國高股息,40,8,32,新光-新竹,2023-11-14,8563
3322,建舜電,42,11,31,新光-新竹,2023-11-14,8563
6188,廣明,31,1,30,新光-新竹,2023-11-14,8563
2834,臺企銀,27,0,27,新光-新竹,2023-11-14,8563
3041,揚智,52,25,27,新光-新竹,2023-11-14,8563
2355,敬鵬,38,12,26,新光-新竹,2023-11-14,8563
00936,台新永續高息中小,35,10,25,新光-新竹,2023-11-14,8563
00901,永豐智能車供應鏈,30,5,25,新光-新竹,2023-11-14,8563
5607,遠雄港,25,0,25,新光-新竹,2023-11-14,8563
00915,凱基優選高股息30,24,1,23,新光-新竹,2023-11-14,8563
2382,廣達,97,74,23,新光-新竹,2023-11-14,8563
3715,定穎投控,32,9,23,新光-新竹,2023-11-14,8563
2887,台新金,29,7,22,新光-新竹,2023-11-14,8563
00756B,群益投等新興公債,21,0,21,新光-新竹,2023-11-14,8563
3712,永崴投控,21,0,21,新光-新竹,2023-11-14,8563
2535,達欣工,20,0,20,新光-新竹,2023-11-14,8563
1444,力麗,20,0,20,新光-新竹,2023-11-14,8563
00665L,富邦�琤肭磪囓�2,20,0,20,新光-新竹,2023-11-14,8563
2356,英業達,27,7,20,新光-新竹,2023-11-14,8563
2883B,凱基金乙特,20,0,20,新光-新竹,2023-11-14,8563
3042,晶技,44,25,19,新光-新竹,2023-11-14,8563
2374,佳能,32,13,19,新光-新竹,2023-11-14,8563
00715L,期街口布蘭特正2,97,79,18,新光-新竹,2023-11-14,8563
2201,裕隆,18,0,18,新光-新竹,2023-11-14,8563
2883,凱基金,18,0,18,新光-新竹,2023-11-14,8563
2450,神腦,18,0,18,新光-新竹,2023-11-14,8563
5009,榮剛,33,15,18,新光-新竹,2023-11-14,8563
2313,華通,65,47,18,新光-新竹,2023-11-14,8563
6168,宏齊,22,5,17,新光-新竹,2023-11-14,8563
3128,昇銳,30,14,16,新光-新竹,2023-11-14,8563
3548,兆利,51,36,15,新光-新竹,2023-11-14,8563
1815,富喬,22,7,15,新光-新竹,2023-11-14,8563
00786B,元大10年IG銀行債,15,0,15,新光-新竹,2023-11-14,8563
3024,憶聲,15,0,15,新光-新竹,2023-11-14,8563
3037,欣興,22,8,14,新光-新竹,2023-11-14,8563
6116,彩晶,23,9,14,新光-新竹,2023-11-14,8563
6235,華孚,19,5,14,新光-新竹,2023-11-14,8563
00632R,元大台灣50反1,783,248,535,新光-新竹,2023-11-15,8563
00878,國泰永續高股息,580,292,288,新光-新竹,2023-11-15,8563
2897,王道銀行,150,0,150,新光-新竹,2023-11-15,8563
2353,宏��,145,39,106,新光-新竹,2023-11-15,8563
00929,復華台灣科技優息,188,88,100,新光-新竹,2023-11-15,8563
4102,永日,150,51,99,新光-新竹,2023-11-15,8563
00671R,富邦NASDAQ反1,105,10,95,新光-新竹,2023-11-15,8563
3588,通嘉,127,33,94,新光-新竹,2023-11-15,8563
00720B,元大投資級公司債,206,120,86,新光-新竹,2023-11-15,8563
00772B,中信高評級公司債,99,26,73,新光-新竹,2023-11-15,8563
2535,達欣工,80,18,62,新光-新竹,2023-11-15,8563
00933B,國泰10Y+金融債,63,5,58,新光-新竹,2023-11-15,8563
2316,楠梓電,54,0,54,新光-新竹,2023-11-15,8563
00688L,國泰20年美債正2,126,78,48,新光-新竹,2023-11-15,8563
3450,聯鈞,61,19,42,新光-新竹,2023-11-15,8563
2413,環科,39,0,39,新光-新竹,2023-11-15,8563
00715L,期街口布蘭特正2,79,40,39,新光-新竹,2023-11-15,8563
00915,凱基優選高股息30,38,0,38,新光-新竹,2023-11-15,8563
6188,廣明,46,8,38,新光-新竹,2023-11-15,8563
2367,燿華,66,29,37,新光-新竹,2023-11-15,8563
00687B,國泰20年美債,159,123,36,新光-新竹,2023-11-15,8563
5465,富驊,40,5,35,新光-新竹,2023-11-15,8563
5519,隆大,36,2,34,新光-新竹,2023-11-15,8563
1815,富喬,67,33,34,新光-新竹,2023-11-15,8563
3715,定穎投控,70,37,33,新光-新竹,2023-11-15,8563
00756B,群益投等新興公債,32,0,32,新光-新竹,2023-11-15,8563
6139,亞翔,48,16,32,新光-新竹,2023-11-15,8563
6591,動力-KY,31,0,31,新光-新竹,2023-11-15,8563
6664,群翊,32,1,31,新光-新竹,2023-11-15,8563
3025,星通,72,41,31,新光-新竹,2023-11-15,8563
00706L,期元大S＆P日圓正2,30,0,30,新光-新竹,2023-11-15,8563
2324,仁寶,56,27,29,新光-新竹,2023-11-15,8563
00719B,元大美債1-3,25,0,25,新光-新竹,2023-11-15,8563
1603,華電,24,0,24,新光-新竹,2023-11-15,8563
6016,康和證,22,0,22,新光-新竹,2023-11-15,8563
2376,技嘉,48,27,21,新光-新竹,2023-11-15,8563
6187,萬潤,46,25,21,新光-新竹,2023-11-15,8563
2449,京元電子,55,34,21,新光-新竹,2023-11-15,8563
020039,元大加權N,20,0,20,新光-新竹,2023-11-15,8563
1314,中石化,20,0,20,新光-新竹,2023-11-15,8563
2363,矽統,603,583,20,新光-新竹,2023-11-15,8563
00786B,元大10年IG銀行債,19,0,19,新光-新竹,2023-11-15,8563
6117,迎廣,32,13,19,新光-新竹,2023-11-15,8563
6290,良維,23,5,18,新光-新竹,2023-11-15,8563
2905,三商,22,4,18,新光-新竹,2023-11-15,8563
4967,十銓,114,96,18,新光-新竹,2023-11-15,8563
3702,大聯大,26,9,17,新光-新竹,2023-11-15,8563
2331,精英,37,20,17,新光-新竹,2023-11-15,8563
3035,智原,43,26,17,新光-新竹,2023-11-15,8563
00696B,富邦美債20年,21,5,16,新光-新竹,2023-11-15,8563
00632R,元大台灣50反1,582,230,352,新光-新竹,2023-11-16,8563
00687B,國泰20年美債,355,95,260,新光-新竹,2023-11-16,8563
00679B,元大美債20年,238,19,219,新光-新竹,2023-11-16,8563
2618,長榮航,1185,971,214,新光-新竹,2023-11-16,8563
00751B,元大AAA至A公司債,183,12,171,新光-新竹,2023-11-16,8563
9946,三發地產,159,0,159,新光-新竹,2023-11-16,8563
00720B,元大投資級公司債,103,7,96,新光-新竹,2023-11-16,8563
00688L,國泰20年美債正2,89,2,87,新光-新竹,2023-11-16,8563
6188,廣明,80,6,74,新光-新竹,2023-11-16,8563
00919,群益台灣精選高息,187,115,72,新光-新竹,2023-11-16,8563
00878,國泰永續高股息,305,234,71,新光-新竹,2023-11-16,8563
2329,華泰,245,175,70,新光-新竹,2023-11-16,8563
2371,大同,73,6,67,新光-新竹,2023-11-16,8563
2897,王道銀行,55,0,55,新光-新竹,2023-11-16,8563
2610,華航,189,137,52,新光-新竹,2023-11-16,8563
2316,楠梓電,50,0,50,新光-新竹,2023-11-16,8563
1762,中化生,50,0,50,新光-新竹,2023-11-16,8563
6156,松上,50,2,48,新光-新竹,2023-11-16,8563
6290,良維,48,3,45,新光-新竹,2023-11-16,8563
00680L,元大美債20正2,111,70,41,新光-新竹,2023-11-16,8563
2027,大成鋼,42,1,41,新光-新竹,2023-11-16,8563
2486,一詮,50,10,40,新光-新竹,2023-11-16,8563
5465,富驊,40,0,40,新光-新竹,2023-11-16,8563
00931B,統一美債20年,40,1,39,新光-新竹,2023-11-16,8563
1101,台泥,41,4,37,新光-新竹,2023-11-16,8563
3149,正達,38,1,37,新光-新竹,2023-11-16,8563
00795B,中信美國公債20年,37,0,37,新光-新竹,2023-11-16,8563
3715,定穎投控,53,16,37,新光-新竹,2023-11-16,8563
6216,居易,48,12,36,新光-新竹,2023-11-16,8563
3376,新日興,103,69,34,新光-新竹,2023-11-16,8563
6282,康舒,45,12,33,新光-新竹,2023-11-16,8563
4532,瑞智,32,0,32,新光-新竹,2023-11-16,8563
00882,中信中國高股息,38,7,31,新光-新竹,2023-11-16,8563
2883,凱基金,97,66,31,新光-新竹,2023-11-16,8563
2413,環科,30,0,30,新光-新竹,2023-11-16,8563
2607,榮運,38,9,29,新光-新竹,2023-11-16,8563
00692,富邦公司治理,28,0,28,新光-新竹,2023-11-16,8563
6139,亞翔,44,17,27,新光-新竹,2023-11-16,8563
00772B,中信高評級公司債,42,15,27,新光-新竹,2023-11-16,8563
2352,佳世達,38,12,26,新光-新竹,2023-11-16,8563
00642U,期元大S＆P石油,25,1,24,新光-新竹,2023-11-16,8563
00857B,永豐20年美公債,24,0,24,新光-新竹,2023-11-16,8563
5519,隆大,27,3,24,新光-新竹,2023-11-16,8563
00719B,元大美債1-3,23,0,23,新光-新竹,2023-11-16,8563
2516,新建,26,3,23,新光-新竹,2023-11-16,8563
3264,欣銓,26,3,23,新光-新竹,2023-11-16,8563
2888,新光金,31,9,22,新光-新竹,2023-11-16,8563
4513,福裕,21,0,21,新光-新竹,2023-11-16,8563
5706,鳳凰,32,11,21,新光-新竹,2023-11-16,8563
00787B,元大10年IG醫療債,20,0,20,新光-新竹,2023-11-16,8563
2618,長榮航,1349,876,473,新光-新竹,2023-11-17,8563
00715L,期街口布蘭特正2,336,67,269,新光-新竹,2023-11-17,8563
2610,華航,591,347,244,新光-新竹,2023-11-17,8563
6125,廣運,200,26,174,新光-新竹,2023-11-17,8563
00751B,元大AAA至A公司債,188,32,156,新光-新竹,2023-11-17,8563
00929,復華台灣科技優息,263,116,147,新光-新竹,2023-11-17,8563
00632R,元大台灣50反1,183,68,115,新光-新竹,2023-11-17,8563
00665L,富邦�琤肭磪囓�2,100,0,100,新光-新竹,2023-11-17,8563
00687B,國泰20年美債,260,162,98,新光-新竹,2023-11-17,8563
3715,定穎投控,285,192,93,新光-新竹,2023-11-17,8563
4102,永日,127,47,80,新光-新竹,2023-11-17,8563
00720B,元大投資級公司債,84,19,65,新光-新竹,2023-11-17,8563
00679B,元大美債20年,95,31,64,新光-新竹,2023-11-17,8563
00650L,復華香港正2,58,0,58,新光-新竹,2023-11-17,8563
2705,六福,103,48,55,新光-新竹,2023-11-17,8563
00712,復華富時不動產,80,26,54,新光-新竹,2023-11-17,8563
6139,亞翔,88,34,54,新光-新竹,2023-11-17,8563
2369,菱生,59,6,53,新光-新竹,2023-11-17,8563
2363,矽統,205,158,47,新光-新竹,2023-11-17,8563
2605,新興,147,106,41,新光-新竹,2023-11-17,8563
00795B,中信美國公債20年,40,0,40,新光-新竹,2023-11-17,8563
00753L,中信中國50正2,40,0,40,新光-新竹,2023-11-17,8563
1515,力山,67,29,38,新光-新竹,2023-11-17,8563
6873,泓德能源,39,1,38,新光-新竹,2023-11-17,8563
2442,新美齊,37,0,37,新光-新竹,2023-11-17,8563
00642U,期元大S＆P石油,36,0,36,新光-新竹,2023-11-17,8563
1815,富喬,66,32,34,新光-新竹,2023-11-17,8563
00637L,元大滬深300正2,72,39,33,新光-新竹,2023-11-17,8563
2402,毅嘉,58,27,31,新光-新竹,2023-11-17,8563
2387,精元,32,1,31,新光-新竹,2023-11-17,8563
5009,榮剛,30,0,30,新光-新竹,2023-11-17,8563
6799,來頡,37,7,30,新光-新竹,2023-11-17,8563
6416,瑞祺電通,29,0,29,新光-新竹,2023-11-17,8563
00882,中信中國高股息,26,0,26,新光-新竹,2023-11-17,8563
00931B,統一美債20年,30,4,26,新光-新竹,2023-11-17,8563
0056,元大高股息,33,8,25,新光-新竹,2023-11-17,8563
00688L,國泰20年美債正2,56,32,24,新光-新竹,2023-11-17,8563
2609,陽明,28,5,23,新光-新竹,2023-11-17,8563
00719B,元大美債1-3,22,0,22,新光-新竹,2023-11-17,8563
5519,隆大,29,7,22,新光-新竹,2023-11-17,8563
00680L,元大美債20正2,25,3,22,新光-新竹,2023-11-17,8563
8227,巨有科技,22,0,22,新光-新竹,2023-11-17,8563
2495,普安,32,10,22,新光-新竹,2023-11-17,8563
3231,緯創,49,28,21,新光-新竹,2023-11-17,8563
3276,宇環,44,23,21,新光-新竹,2023-11-17,8563
2905,三商,20,0,20,新光-新竹,2023-11-17,8563
3041,揚智,201,181,20,新光-新竹,2023-11-17,8563
1504,東元,25,6,19,新光-新竹,2023-11-17,8563
8034,榮群,28,9,19,新光-新竹,2023-11-17,8563
2027,大成鋼,31,13,18,新光-新竹,2023-11-17,8563
00679B,元大美債20年,228,5,223,新光-新竹,2023-11-20,8563
00680L,元大美債20正2,220,25,195,新光-新竹,2023-11-20,8563
9946,三發地產,184,0,184,新光-新竹,2023-11-20,8563
2344,華邦電,143,43,100,新光-新竹,2023-11-20,8563
1402,遠東新,99,10,89,新光-新竹,2023-11-20,8563
2371,大同,86,0,86,新光-新竹,2023-11-20,8563
2317,鴻海,96,11,85,新光-新竹,2023-11-20,8563
00772B,中信高評級公司債,76,1,75,新光-新竹,2023-11-20,8563
3035,智原,215,146,69,新光-新竹,2023-11-20,8563
00929,復華台灣科技優息,233,167,66,新光-新竹,2023-11-20,8563
2888,新光金,60,0,60,新光-新竹,2023-11-20,8563
3264,欣銓,64,4,60,新光-新竹,2023-11-20,8563
00720B,元大投資級公司債,102,49,53,新光-新竹,2023-11-20,8563
4129,聯合,83,32,51,新光-新竹,2023-11-20,8563
3324,雙鴻,63,14,49,新光-新竹,2023-11-20,8563
2610,華航,62,14,48,新光-新竹,2023-11-20,8563
3481,群創,50,3,47,新光-新竹,2023-11-20,8563
00751B,元大AAA至A公司債,52,4,48,新光-新竹,2023-11-20,8563
00882,中信中國高股息,42,0,42,新光-新竹,2023-11-20,8563
3706,神達,55,16,39,新光-新竹,2023-11-20,8563
2618,長榮航,323,287,36,新光-新竹,2023-11-20,8563
2312,金寶,38,2,36,新光-新竹,2023-11-20,8563
6233,旺玖,45,9,36,新光-新竹,2023-11-20,8563
2356,英業達,48,12,36,新光-新竹,2023-11-20,8563
6873,泓德能源,40,6,34,新光-新竹,2023-11-20,8563
2884,玉山金,35,3,32,新光-新竹,2023-11-20,8563
3024,憶聲,31,0,31,新光-新竹,2023-11-20,8563
5381,合正,32,1,31,新光-新竹,2023-11-20,8563
00935,野村臺灣新科技50,29,0,29,新光-新竹,2023-11-20,8563
00712,復華富時不動產,73,44,29,新光-新竹,2023-11-20,8563
8227,巨有科技,37,10,27,新光-新竹,2023-11-20,8563
5905,南仁湖,27,0,27,新光-新竹,2023-11-20,8563
5225,東科-KY,27,0,27,新光-新竹,2023-11-20,8563
2258,鴻華先進-創,26,0,26,新光-新竹,2023-11-20,8563
3645,達邁,32,6,26,新光-新竹,2023-11-20,8563
2442,新美齊,33,7,26,新光-新竹,2023-11-20,8563
6216,居易,33,8,25,新光-新竹,2023-11-20,8563
4102,永日,84,60,24,新光-新竹,2023-11-20,8563
2892,第一金,24,0,24,新光-新竹,2023-11-20,8563
2331,精英,48,25,23,新光-新竹,2023-11-20,8563
5871,中租-KY,26,4,22,新光-新竹,2023-11-20,8563
2504,國產,22,0,22,新光-新竹,2023-11-20,8563
2816,旺旺保,25,3,22,新光-新竹,2023-11-20,8563
3545,敦泰,167,146,21,新光-新竹,2023-11-20,8563
00931B,統一美債20年,21,0,21,新光-新竹,2023-11-20,8563
1598,岱宇,33,13,20,新光-新竹,2023-11-20,8563
3363,上詮,34,14,20,新光-新竹,2023-11-20,8563
3362,先進光,34,14,20,新光-新竹,2023-11-20,8563
2743,山富,37,17,20,新光-新竹,2023-11-20,8563
9904,寶成,27,7,20,新光-新竹,2023-11-20,8563
00919,群益台灣精選高息,386,86,300,新光-新竹,2023-11-21,8563
6125,廣運,365,121,244,新光-新竹,2023-11-21,8563
8054,安國,267,60,207,新光-新竹,2023-11-21,8563
00680L,元大美債20正2,250,54,196,新光-新竹,2023-11-21,8563
2618,長榮航,286,112,174,新光-新竹,2023-11-21,8563
3231,緯創,264,162,102,新光-新竹,2023-11-21,8563
2897,王道銀行,95,0,95,新光-新竹,2023-11-21,8563
9946,三發地產,91,0,91,新光-新竹,2023-11-21,8563
2402,毅嘉,134,44,90,新光-新竹,2023-11-21,8563
9945,潤泰新,85,4,81,新光-新竹,2023-11-21,8563
2465,麗臺,77,4,73,新光-新竹,2023-11-21,8563
1101,台泥,100,30,70,新光-新竹,2023-11-21,8563
1717,長興,65,0,65,新光-新竹,2023-11-21,8563
2352,佳世達,62,1,61,新光-新竹,2023-11-21,8563
00934,中信成長高股息,58,3,55,新光-新竹,2023-11-21,8563
00664R,國泰臺灣加權反1,50,0,50,新光-新竹,2023-11-21,8563
8936,國統,87,40,47,新光-新竹,2023-11-21,8563
00637L,元大滬深300正2,48,5,43,新光-新竹,2023-11-21,8563
2603,長榮,50,8,42,新光-新竹,2023-11-21,8563
3059,華晶科,81,41,40,新光-新竹,2023-11-21,8563
2462,良得電,61,22,39,新光-新竹,2023-11-21,8563
1314,中石化,37,0,37,新光-新竹,2023-11-21,8563
8086,宏捷科,44,8,36,新光-新竹,2023-11-21,8563
00933B,國泰10Y+金融債,36,0,36,新光-新竹,2023-11-21,8563
6129,普誠,44,9,35,新光-新竹,2023-11-21,8563
6122,擎邦,35,2,33,新光-新竹,2023-11-21,8563
2401,凌陽,51,19,32,新光-新竹,2023-11-21,8563
6585,鼎基,34,6,28,新光-新竹,2023-11-21,8563
6456,GIS-KY,28,0,28,新光-新竹,2023-11-21,8563
5519,隆大,30,3,27,新光-新竹,2023-11-21,8563
2027,大成鋼,24,1,23,新光-新竹,2023-11-21,8563
3450,聯鈞,61,38,23,新光-新竹,2023-11-21,8563
2732,六角,22,0,22,新光-新竹,2023-11-21,8563
2374,佳能,20,0,20,新光-新竹,2023-11-21,8563
6257,矽格,20,0,20,新光-新竹,2023-11-21,8563
00885,富邦越南,20,0,20,新光-新竹,2023-11-21,8563
3041,揚智,214,194,20,新光-新竹,2023-11-21,8563
3682,亞太電,21,1,20,新光-新竹,2023-11-21,8563
3290,東浦,20,1,19,新光-新竹,2023-11-21,8563
4102,永日,72,53,19,新光-新竹,2023-11-21,8563
00720B,元大投資級公司債,39,20,19,新光-新竹,2023-11-21,8563
2316,楠梓電,34,16,18,新光-新竹,2023-11-21,8563
3234,光環,18,0,18,新光-新竹,2023-11-21,8563
00655L,國泰中國A50正2,18,0,18,新光-新竹,2023-11-21,8563
00931B,統一美債20年,23,5,18,新光-新竹,2023-11-21,8563
3260,威剛,21,3,18,新光-新竹,2023-11-21,8563
2331,精英,20,3,17,新光-新竹,2023-11-21,8563
4979,華星光,57,40,17,新光-新竹,2023-11-21,8563
2303,聯電,46,30,16,新光-新竹,2023-11-21,8563
3032,偉訓,26,10,16,新光-新竹,2023-11-21,8563
00688L,國泰20年美債正2,416,30,386,新光-新竹,2023-11-22,8563
00919,群益台灣精選高息,397,86,311,新光-新竹,2023-11-22,8563
00680L,元大美債20正2,418,221,197,新光-新竹,2023-11-22,8563
00751B,元大AAA至A公司債,163,1,162,新光-新竹,2023-11-22,8563
00878,國泰永續高股息,262,132,130,新光-新竹,2023-11-22,8563
4102,永日,223,103,120,新光-新竹,2023-11-22,8563
00772B,中信高評級公司債,127,18,109,新光-新竹,2023-11-22,8563
2610,華航,235,127,108,新光-新竹,2023-11-22,8563
0056,元大高股息,101,7,94,新光-新竹,2023-11-22,8563
9946,三發地產,84,0,84,新光-新竹,2023-11-22,8563
5471,松翰,75,3,72,新光-新竹,2023-11-22,8563
2883,凱基金,125,63,62,新光-新竹,2023-11-22,8563
00877,復華中國5G,60,0,60,新光-新竹,2023-11-22,8563
2353,宏��,85,30,55,新光-新竹,2023-11-22,8563
5521,工信,64,14,50,新光-新竹,2023-11-22,8563
00929,復華台灣科技優息,246,198,48,新光-新竹,2023-11-22,8563
3231,緯創,191,152,39,新光-新竹,2023-11-22,8563
2603,長榮,47,8,39,新光-新竹,2023-11-22,8563
2002,中鋼,56,20,36,新光-新竹,2023-11-22,8563
2382,廣達,82,46,36,新光-新竹,2023-11-22,8563
00679B,元大美債20年,41,6,35,新光-新竹,2023-11-22,8563
00650L,復華香港正2,34,3,31,新光-新竹,2023-11-22,8563
2530,華建,31,1,30,新光-新竹,2023-11-22,8563
3583,辛耘,65,36,29,新光-新竹,2023-11-22,8563
4919,新唐,40,12,28,新光-新竹,2023-11-22,8563
3706,神達,36,9,27,新光-新竹,2023-11-22,8563
2330,台積電,35,9,26,新光-新竹,2023-11-22,8563
2356,英業達,41,15,26,新光-新竹,2023-11-22,8563
3005,神基,66,42,24,新光-新竹,2023-11-22,8563
6288,聯嘉,35,13,22,新光-新竹,2023-11-22,8563
3059,華晶科,96,74,22,新光-新竹,2023-11-22,8563
2405,輔信,94,72,22,新光-新竹,2023-11-22,8563
00675L,富邦臺灣加權正2,21,0,21,新光-新竹,2023-11-22,8563
6237,驊訊,40,19,21,新光-新竹,2023-11-22,8563
2618,長榮航,403,383,20,新光-新竹,2023-11-22,8563
3437,榮創,34,14,20,新光-新竹,2023-11-22,8563
5225,東科-KY,28,9,19,新光-新竹,2023-11-22,8563
2427,三商電,34,15,19,新光-新竹,2023-11-22,8563
6770,力積電,48,29,19,新光-新竹,2023-11-22,8563
3322,建舜電,19,1,18,新光-新竹,2023-11-22,8563
00787B,元大10年IG醫療債,18,0,18,新光-新竹,2023-11-22,8563
6547,高端疫苗,18,0,18,新光-新竹,2023-11-22,8563
2376,技嘉,49,31,18,新光-新竹,2023-11-22,8563
00795B,中信美國公債20年,17,0,17,新光-新竹,2023-11-22,8563
4744,皇將,18,1,17,新光-新竹,2023-11-22,8563
2301,光寶科,27,11,16,新光-新竹,2023-11-22,8563
6176,瑞儀,18,2,16,新光-新竹,2023-11-22,8563
2401,凌陽,45,29,16,新光-新竹,2023-11-22,8563
5905,南仁湖,15,0,15,新光-新竹,2023-11-22,8563
2023,燁輝,32,17,15,新光-新竹,2023-11-22,8563
00919,群益台灣精選高息,283,64,219,新光-新竹,2023-11-23,8563
00632R,元大台灣50反1,214,11,203,新光-新竹,2023-11-23,8563
3715,定穎投控,380,205,175,新光-新竹,2023-11-23,8563
00929,復華台灣科技優息,207,96,111,新光-新竹,2023-11-23,8563
2892,第一金,101,1,100,新光-新竹,2023-11-23,8563
1471,首利,80,8,72,新光-新竹,2023-11-23,8563
6104,創惟,100,36,64,新光-新竹,2023-11-23,8563
3231,緯創,121,57,64,新光-新竹,2023-11-23,8563
00877,復華中國5G,60,0,60,新光-新竹,2023-11-23,8563
8390,金益鼎,56,0,56,新光-新竹,2023-11-23,8563
2462,良得電,80,25,55,新光-新竹,2023-11-23,8563
3437,榮創,63,10,53,新光-新竹,2023-11-23,8563
6282,康舒,406,353,53,新光-新竹,2023-11-23,8563
6139,亞翔,96,49,47,新光-新竹,2023-11-23,8563
6530,創威,119,72,47,新光-新竹,2023-11-23,8563
3047,訊舟,50,6,44,新光-新竹,2023-11-23,8563
1815,富喬,39,0,39,新光-新竹,2023-11-23,8563
2002,中鋼,39,3,36,新光-新竹,2023-11-23,8563
6245,立端,54,19,35,新光-新竹,2023-11-23,8563
00637L,元大滬深300正2,33,0,33,新光-新竹,2023-11-23,8563
2482,連宇,36,4,32,新光-新竹,2023-11-23,8563
00905,FT臺灣Smart,32,0,32,新光-新竹,2023-11-23,8563
00878,國泰永續高股息,129,97,32,新光-新竹,2023-11-23,8563
3035,智原,79,47,32,新光-新竹,2023-11-23,8563
2388,威盛,153,122,31,新光-新竹,2023-11-23,8563
3006,晶豪科,99,71,28,新光-新竹,2023-11-23,8563
2363,矽統,266,239,27,新光-新竹,2023-11-23,8563
3363,上詮,36,10,26,新光-新竹,2023-11-23,8563
4908,前鼎,45,19,26,新光-新竹,2023-11-23,8563
6125,廣運,140,116,24,新光-新竹,2023-11-23,8563
2409,友達,34,11,23,新光-新竹,2023-11-23,8563
8068,全達,36,15,21,新光-新竹,2023-11-23,8563
0056,元大高股息,36,15,21,新光-新竹,2023-11-23,8563
00892,富邦台灣半導體,21,0,21,新光-新竹,2023-11-23,8563
2834,臺企銀,20,0,20,新光-新竹,2023-11-23,8563
2471,資通,20,0,20,新光-新竹,2023-11-23,8563
6129,普誠,29,9,20,新光-新竹,2023-11-23,8563
2367,燿華,55,35,20,新光-新竹,2023-11-23,8563
5468,凱鈺,20,0,20,新光-新竹,2023-11-23,8563
2382,廣達,43,23,20,新光-新竹,2023-11-23,8563
3583,辛耘,84,65,19,新光-新竹,2023-11-23,8563
4968,立積,37,19,18,新光-新竹,2023-11-23,8563
6187,萬潤,25,8,17,新光-新竹,2023-11-23,8563
6285,啟��,19,2,17,新光-新竹,2023-11-23,8563
00650L,復華香港正2,17,0,17,新光-新竹,2023-11-23,8563
4129,聯合,16,0,16,新光-新竹,2023-11-23,8563
5272,笙科,26,10,16,新光-新竹,2023-11-23,8563
2317,鴻海,35,19,16,新光-新竹,2023-11-23,8563
00933B,國泰10Y+金融債,22,7,15,新光-新竹,2023-11-23,8563
00787B,元大10年IG醫療債,15,0,15,新光-新竹,2023-11-23,8563
00688L,國泰20年美債正2,423,0,423,新光-新竹,2023-11-24,8563
2618,長榮航,937,728,209,新光-新竹,2023-11-24,8563
00919,群益台灣精選高息,176,8,168,新光-新竹,2023-11-24,8563
2436,偉詮電,137,14,123,新光-新竹,2023-11-24,8563
3694,海華,177,59,118,新光-新竹,2023-11-24,8563
00687B,國泰20年美債,116,5,111,新光-新竹,2023-11-24,8563
9103,美德醫療-DR,100,0,100,新光-新竹,2023-11-24,8563
2371,大同,106,6,100,新光-新竹,2023-11-24,8563
00679B,元大美債20年,83,1,82,新光-新竹,2023-11-24,8563
2492,華新科,95,15,80,新光-新竹,2023-11-24,8563
2455,全新,120,51,69,新光-新竹,2023-11-24,8563
00720B,元大投資級公司債,65,0,65,新光-新竹,2023-11-24,8563
00929,復華台灣科技優息,84,27,57,新光-新竹,2023-11-24,8563
3105,穩懋,120,64,56,新光-新竹,2023-11-24,8563
2812,台中銀,63,10,53,新光-新竹,2023-11-24,8563
2442,新美齊,50,0,50,新光-新竹,2023-11-24,8563
5225,東科-KY,49,2,47,新光-新竹,2023-11-24,8563
2610,華航,69,25,44,新光-新竹,2023-11-24,8563
2367,燿華,74,31,43,新光-新竹,2023-11-24,8563
2630,亞航,60,18,42,新光-新竹,2023-11-24,8563
00772B,中信高評級公司債,43,2,41,新光-新竹,2023-11-24,8563
00751B,元大AAA至A公司債,39,0,39,新光-新竹,2023-11-24,8563
00665L,富邦�琤肭磪囓�2,39,0,39,新光-新竹,2023-11-24,8563
2888,新光金,230,193,37,新光-新竹,2023-11-24,8563
2313,華通,219,185,34,新光-新竹,2023-11-24,8563
00680L,元大美債20正2,40,6,34,新光-新竹,2023-11-24,8563
00885,富邦越南,54,20,34,新光-新竹,2023-11-24,8563
6805,富世達,38,6,32,新光-新竹,2023-11-24,8563
9946,三發地產,30,0,30,新光-新竹,2023-11-24,8563
00773B,中信優先金融債,29,0,29,新光-新竹,2023-11-24,8563
6125,廣運,87,58,29,新光-新竹,2023-11-24,8563
3322,建舜電,32,4,28,新光-新竹,2023-11-24,8563
3548,兆利,91,64,27,新光-新竹,2023-11-24,8563
3680,家登,27,1,26,新光-新竹,2023-11-24,8563
00934,中信成長高股息,25,0,25,新光-新竹,2023-11-24,8563
4102,永日,104,79,25,新光-新竹,2023-11-24,8563
5347,世界,70,45,25,新光-新竹,2023-11-24,8563
2303,聯電,75,52,23,新光-新竹,2023-11-24,8563
1314,中石化,44,22,22,新光-新竹,2023-11-24,8563
3006,晶豪科,64,45,19,新光-新竹,2023-11-24,8563
2312,金寶,20,1,19,新光-新竹,2023-11-24,8563
2905,三商,20,2,18,新光-新竹,2023-11-24,8563
2465,麗臺,18,0,18,新光-新竹,2023-11-24,8563
1319,東陽,18,0,18,新光-新竹,2023-11-24,8563
2353,宏��,40,22,18,新光-新竹,2023-11-24,8563
1519,華城,68,50,18,新光-新竹,2023-11-24,8563
6235,華孚,126,109,17,新光-新竹,2023-11-24,8563
2002,中鋼,18,1,17,新光-新竹,2023-11-24,8563
2337,旺宏,23,6,17,新光-新竹,2023-11-24,8563
2891,中信金,27,11,16,新光-新竹,2023-11-24,8563
8110,華東,332,0,332,新光-新竹,2023-11-27,8563
4102,永日,1166,853,313,新光-新竹,2023-11-27,8563
00688L,國泰20年美債正2,250,3,247,新光-新竹,2023-11-27,8563
00919,群益台灣精選高息,239,85,154,新光-新竹,2023-11-27,8563
00934,中信成長高股息,137,2,135,新光-新竹,2023-11-27,8563
00679B,元大美債20年,168,39,129,新光-新竹,2023-11-27,8563
00687B,國泰20年美債,135,8,127,新光-新竹,2023-11-27,8563
2630,亞航,146,38,108,新光-新竹,2023-11-27,8563
00715L,期街口布蘭特正2,109,13,96,新光-新竹,2023-11-27,8563
00637L,元大滬深300正2,101,12,89,新光-新竹,2023-11-27,8563
00720B,元大投資級公司債,110,37,73,新光-新竹,2023-11-27,8563
00931B,統一美債20年,85,13,72,新光-新竹,2023-11-27,8563
2353,宏��,77,20,57,新光-新竹,2023-11-27,8563
1815,富喬,57,0,57,新光-新竹,2023-11-27,8563
2605,新興,68,12,56,新光-新竹,2023-11-27,8563
00753L,中信中國50正2,56,0,56,新光-新竹,2023-11-27,8563
2382,廣達,89,39,50,新光-新竹,2023-11-27,8563
00665L,富邦�琤肭磪囓�2,57,9,48,新光-新竹,2023-11-27,8563
00885,富邦越南,90,44,46,新光-新竹,2023-11-27,8563
2317,鴻海,83,39,44,新光-新竹,2023-11-27,8563
00795B,中信美國公債20年,43,2,41,新光-新竹,2023-11-27,8563
5465,富驊,40,1,39,新光-新竹,2023-11-27,8563
3231,緯創,77,38,39,新光-新竹,2023-11-27,8563
3338,泰碩,38,1,37,新光-新竹,2023-11-27,8563
1701,中化,43,9,34,新光-新竹,2023-11-27,8563
5236,凌陽創新,37,4,33,新光-新竹,2023-11-27,8563
1109,信大,33,0,33,新光-新竹,2023-11-27,8563
1529,樂事綠能,32,0,32,新光-新竹,2023-11-27,8563
3059,華晶科,55,25,30,新光-新竹,2023-11-27,8563
2462,良得電,30,0,30,新光-新竹,2023-11-27,8563
4157,太景*-KY,45,15,30,新光-新竹,2023-11-27,8563
2883,凱基金,102,73,29,新光-新竹,2023-11-27,8563
00882,中信中國高股息,32,4,28,新光-新竹,2023-11-27,8563
3437,榮創,220,194,26,新光-新竹,2023-11-27,8563
3035,智原,48,22,26,新光-新竹,2023-11-27,8563
00650L,復華香港正2,30,4,26,新光-新竹,2023-11-27,8563
00692,富邦公司治理,28,3,25,新光-新竹,2023-11-27,8563
2888,新光金,25,0,25,新光-新竹,2023-11-27,8563
5222,全訊,26,1,25,新光-新竹,2023-11-27,8563
3006,晶豪科,56,32,24,新光-新竹,2023-11-27,8563
5347,世界,63,40,23,新光-新竹,2023-11-27,8563
00706L,期元大S＆P日圓正2,23,0,23,新光-新竹,2023-11-27,8563
00933B,國泰10Y+金融債,22,0,22,新光-新竹,2023-11-27,8563
2617,台航,25,3,22,新光-新竹,2023-11-27,8563
2313,華通,454,432,22,新光-新竹,2023-11-27,8563
2303,聯電,27,6,21,新光-新竹,2023-11-27,8563
4105,東洋,21,0,21,新光-新竹,2023-11-27,8563
4128,中天,31,10,21,新光-新竹,2023-11-27,8563
2409,友達,25,5,20,新光-新竹,2023-11-27,8563
6523,達爾膚,20,0,20,新光-新竹,2023-11-27,8563
00712,復華富時不動產,676,131,545,新光-新竹,2023-11-28,8563
4102,永日,1044,771,273,新光-新竹,2023-11-28,8563
00632R,元大台灣50反1,782,529,253,新光-新竹,2023-11-28,8563
1101,台泥,261,91,170,新光-新竹,2023-11-28,8563
8054,安國,339,183,156,新光-新竹,2023-11-28,8563
2358,廷鑫,150,0,150,新光-新竹,2023-11-28,8563
9946,三發地產,133,0,133,新光-新竹,2023-11-28,8563
00885,富邦越南,100,0,100,新光-新竹,2023-11-28,8563
6462,神盾,106,17,89,新光-新竹,2023-11-28,8563
1449,佳和,101,15,86,新光-新竹,2023-11-28,8563
00665L,富邦�琤肭磪囓�2,66,0,66,新光-新竹,2023-11-28,8563
2442,新美齊,94,31,63,新光-新竹,2023-11-28,8563
5351,鈺創,353,294,59,新光-新竹,2023-11-28,8563
2303,聯電,89,34,55,新光-新竹,2023-11-28,8563
006208,富邦台50,57,4,53,新光-新竹,2023-11-28,8563
00919,群益台灣精選高息,115,64,51,新光-新竹,2023-11-28,8563
00830,國泰費城半導體,48,5,43,新光-新竹,2023-11-28,8563
00642U,期元大S＆P石油,52,10,42,新光-新竹,2023-11-28,8563
1905,華紙,41,1,40,新光-新竹,2023-11-28,8563
2353,宏��,110,73,37,新光-新竹,2023-11-28,8563
00662,富邦NASDAQ,32,0,32,新光-新竹,2023-11-28,8563
3231,緯創,46,14,32,新光-新竹,2023-11-28,8563
2383,台光電,42,17,25,新光-新竹,2023-11-28,8563
00637L,元大滬深300正2,24,0,24,新光-新竹,2023-11-28,8563
3041,揚智,62,39,23,新光-新竹,2023-11-28,8563
9933,中鼎,26,3,23,新光-新竹,2023-11-28,8563
00713,元大台灣高息低波,29,6,23,新光-新竹,2023-11-28,8563
2455,全新,28,6,22,新光-新竹,2023-11-28,8563
2409,友達,49,28,21,新光-新竹,2023-11-28,8563
2867,三商壽,21,0,21,新光-新竹,2023-11-28,8563
2630,亞航,37,16,21,新光-新竹,2023-11-28,8563
6485,點序,33,13,20,新光-新竹,2023-11-28,8563
2905,三商,20,0,20,新光-新竹,2023-11-28,8563
00650L,復華香港正2,25,5,20,新光-新竹,2023-11-28,8563
5347,世界,40,20,20,新光-新竹,2023-11-28,8563
6122,擎邦,19,0,19,新光-新竹,2023-11-28,8563
1314,中石化,18,0,18,新光-新竹,2023-11-28,8563
3518,柏騰,24,6,18,新光-新竹,2023-11-28,8563
00882,中信中國高股息,17,0,17,新光-新竹,2023-11-28,8563
00720B,元大投資級公司債,19,2,17,新光-新竹,2023-11-28,8563
2543,皇昌,22,5,17,新光-新竹,2023-11-28,8563
00715L,期街口布蘭特正2,31,14,17,新光-新竹,2023-11-28,8563
3147,大綜,17,1,16,新光-新竹,2023-11-28,8563
1815,富喬,17,1,16,新光-新竹,2023-11-28,8563
2108,南帝,15,0,15,新光-新竹,2023-11-28,8563
1718,中纖,15,0,15,新光-新竹,2023-11-28,8563
2066,世德,15,0,15,新光-新竹,2023-11-28,8563
00753L,中信中國50正2,15,0,15,新光-新竹,2023-11-28,8563
2883B,凱基金乙特,15,0,15,新光-新竹,2023-11-28,8563
2002,中鋼,79,65,14,新光-新竹,2023-11-28,8563
00665L,富邦�琤肭磪囓�2,278,10,268,新光-新竹,2023-11-29,8563
00712,復華富時不動產,335,123,212,新光-新竹,2023-11-29,8563
4102,永日,533,368,165,新光-新竹,2023-11-29,8563
00882,中信中國高股息,188,31,157,新光-新竹,2023-11-29,8563
8112,至上,198,46,152,新光-新竹,2023-11-29,8563
2886,兆豐金,103,1,102,新光-新竹,2023-11-29,8563
2363,矽統,141,67,74,新光-新竹,2023-11-29,8563
00720B,元大投資級公司債,74,0,74,新光-新竹,2023-11-29,8563
00637L,元大滬深300正2,84,16,68,新光-新竹,2023-11-29,8563
2383,台光電,87,20,67,新光-新竹,2023-11-29,8563
00650L,復華香港正2,68,2,66,新光-新竹,2023-11-29,8563
00679B,元大美債20年,82,18,64,新光-新竹,2023-11-29,8563
6271,同欣電,79,28,51,新光-新竹,2023-11-29,8563
00633L,富邦上証正2,56,7,49,新光-新竹,2023-11-29,8563
6173,信昌電,63,17,46,新光-新竹,2023-11-29,8563
6757,台灣虎航,45,0,45,新光-新竹,2023-11-29,8563
2610,華航,42,0,42,新光-新竹,2023-11-29,8563
5439,高技,36,2,34,新光-新竹,2023-11-29,8563
00753L,中信中國50正2,33,0,33,新光-新竹,2023-11-29,8563
00935,野村臺灣新科技50,35,3,32,新光-新竹,2023-11-29,8563
4128,中天,34,2,32,新光-新竹,2023-11-29,8563
6517,保勝光學,51,20,31,新光-新竹,2023-11-29,8563
9919,康那香,68,38,30,新光-新竹,2023-11-29,8563
9946,三發地產,30,0,30,新光-新竹,2023-11-29,8563
2543,皇昌,29,0,29,新光-新竹,2023-11-29,8563
3227,原相,45,17,28,新光-新竹,2023-11-29,8563
00673R,期元大S＆P原油反1,28,0,28,新光-新竹,2023-11-29,8563
00933B,國泰10Y+金融債,36,10,26,新光-新竹,2023-11-29,8563
2371,大同,25,0,25,新光-新竹,2023-11-29,8563
3231,緯創,70,45,25,新光-新竹,2023-11-29,8563
00919,群益台灣精選高息,128,103,25,新光-新竹,2023-11-29,8563
3017,奇鋐,27,3,24,新光-新竹,2023-11-29,8563
2891,中信金,30,6,24,新光-新竹,2023-11-29,8563
3013,晟銘電,32,10,22,新光-新竹,2023-11-29,8563
2883,凱基金,83,62,21,新光-新竹,2023-11-29,8563
2367,燿華,50,29,21,新光-新竹,2023-11-29,8563
4714,永捷,35,14,21,新光-新竹,2023-11-29,8563
6799,來頡,33,12,21,新光-新竹,2023-11-29,8563
2515,中工,20,0,20,新光-新竹,2023-11-29,8563
2897,王道銀行,30,10,20,新光-新竹,2023-11-29,8563
3062,建漢,20,0,20,新光-新竹,2023-11-29,8563
9955,佳龍,37,17,20,新光-新竹,2023-11-29,8563
2617,台航,20,1,19,新光-新竹,2023-11-29,8563
2014,中鴻,29,10,19,新光-新竹,2023-11-29,8563
2369,菱生,59,40,19,新光-新竹,2023-11-29,8563
3545,敦泰,115,96,19,新光-新竹,2023-11-29,8563
5351,鈺創,65,47,18,新光-新竹,2023-11-29,8563
1720,生達,17,0,17,新光-新竹,2023-11-29,8563
00931B,統一美債20年,22,5,17,新光-新竹,2023-11-29,8563
8054,安國,339,323,16,新光-新竹,2023-11-29,8563
4102,永日,621,425,196,新光-新竹,2023-11-30,8563
6180,橘子,124,14,110,新光-新竹,2023-11-30,8563
8103,瀚荃,101,0,101,新光-新竹,2023-11-30,8563
00679B,元大美債20年,137,43,94,新光-新竹,2023-11-30,8563
1591,駿吉-KY,91,0,91,新光-新竹,2023-11-30,8563
8261,富鼎,104,15,89,新光-新竹,2023-11-30,8563
00673R,期元大S＆P原油反1,75,0,75,新光-新竹,2023-11-30,8563
2317,鴻海,85,15,70,新光-新竹,2023-11-30,8563
00720B,元大投資級公司債,128,59,69,新光-新竹,2023-11-30,8563
3231,緯創,102,36,66,新光-新竹,2023-11-30,8563
00632R,元大台灣50反1,266,200,66,新光-新竹,2023-11-30,8563
00919,群益台灣精選高息,177,116,61,新光-新竹,2023-11-30,8563
2883,凱基金,156,96,60,新光-新竹,2023-11-30,8563
00933B,國泰10Y+金融債,56,0,56,新光-新竹,2023-11-30,8563
2303,聯電,93,39,54,新光-新竹,2023-11-30,8563
00751B,元大AAA至A公司債,61,7,54,新光-新竹,2023-11-30,8563
00929,復華台灣科技優息,96,45,51,新光-新竹,2023-11-30,8563
2618,長榮航,295,245,50,新光-新竹,2023-11-30,8563
6186,新潤,50,2,48,新光-新竹,2023-11-30,8563
1727,中華化,45,5,40,新光-新竹,2023-11-30,8563
00680L,元大美債20正2,105,66,39,新光-新竹,2023-11-30,8563
00934,中信成長高股息,45,7,38,新光-新竹,2023-11-30,8563
00923,群益台ESG低碳50,43,5,38,新光-新竹,2023-11-30,8563
6593,台灣銘板,51,16,35,新光-新竹,2023-11-30,8563
2353,宏��,88,54,34,新光-新竹,2023-11-30,8563
1313,聯成,34,0,34,新光-新竹,2023-11-30,8563
1612,宏泰,33,0,33,新光-新竹,2023-11-30,8563
3530,晶相光,36,3,33,新光-新竹,2023-11-30,8563
2313,華通,126,93,33,新光-新竹,2023-11-30,8563
00688L,國泰20年美債正2,52,20,32,新光-新竹,2023-11-30,8563
3548,兆利,98,66,32,新光-新竹,2023-11-30,8563
2371,大同,47,15,32,新光-新竹,2023-11-30,8563
6789,采鈺,48,16,32,新光-新竹,2023-11-30,8563
00931B,統一美債20年,37,6,31,新光-新竹,2023-11-30,8563
2485,兆赫,32,1,31,新光-新竹,2023-11-30,8563
9946,三發地產,30,0,30,新光-新竹,2023-11-30,8563
5328,華容,45,15,30,新光-新竹,2023-11-30,8563
2543,皇昌,29,0,29,新光-新竹,2023-11-30,8563
00882,中信中國高股息,62,34,28,新光-新竹,2023-11-30,8563
2367,燿華,43,16,27,新光-新竹,2023-11-30,8563
2375,凱美,26,0,26,新光-新竹,2023-11-30,8563
00687B,國泰20年美債,126,101,25,新光-新竹,2023-11-30,8563
6233,旺玖,33,8,25,新光-新竹,2023-11-30,8563
00935,野村臺灣新科技50,25,0,25,新光-新竹,2023-11-30,8563
5425,台半,53,28,25,新光-新竹,2023-11-30,8563
2888,新光金,26,2,24,新光-新竹,2023-11-30,8563
2465,麗臺,28,5,23,新光-新竹,2023-11-30,8563
3027,盛達,23,0,23,新光-新竹,2023-11-30,8563
00753L,中信中國50正2,23,0,23,新光-新竹,2023-11-30,8563
6173,信昌電,51,30,21,新光-新竹,2023-11-30,8563
4102,永日,936,620,316,新光-新竹,2023-12-01,8563
00919,群益台灣精選高息,401,132,269,新光-新竹,2023-12-01,8563
00688L,國泰20年美債正2,247,0,247,新光-新竹,2023-12-01,8563
2883,凱基金,182,3,179,新光-新竹,2023-12-01,8563
00680L,元大美債20正2,181,13,168,新光-新竹,2023-12-01,8563
00679B,元大美債20年,155,27,128,新光-新竹,2023-12-01,8563
00715L,期街口布蘭特正2,189,85,104,新光-新竹,2023-12-01,8563
2883B,凱基金乙特,100,0,100,新光-新竹,2023-12-01,8563
2886,兆豐金,96,7,89,新光-新竹,2023-12-01,8563
8096,擎亞,87,4,83,新光-新竹,2023-12-01,8563
2891,中信金,98,21,77,新光-新竹,2023-12-01,8563
6117,迎廣,210,134,76,新光-新竹,2023-12-01,8563
00687B,國泰20年美債,94,20,74,新光-新竹,2023-12-01,8563
5230,雷笛克光學,95,25,70,新光-新竹,2023-12-01,8563
1101,台泥,97,28,69,新光-新竹,2023-12-01,8563
1582,信錦,305,249,56,新光-新竹,2023-12-01,8563
00878,國泰永續高股息,119,63,56,新光-新竹,2023-12-01,8563
2884,玉山金,61,6,55,新光-新竹,2023-12-01,8563
00753L,中信中國50正2,49,0,49,新光-新竹,2023-12-01,8563
8088,品安,46,1,45,新光-新竹,2023-12-01,8563
9928,中視,43,0,43,新光-新竹,2023-12-01,8563
00637L,元大滬深300正2,42,0,42,新光-新竹,2023-12-01,8563
6202,盛群,40,0,40,新光-新竹,2023-12-01,8563
2317,鴻海,47,7,40,新光-新竹,2023-12-01,8563
2312,金寶,41,3,38,新光-新竹,2023-12-01,8563
3231,緯創,110,73,37,新光-新竹,2023-12-01,8563
2002,中鋼,52,16,36,新光-新竹,2023-12-01,8563
2888,新光金,41,7,34,新光-新竹,2023-12-01,8563
3013,晟銘電,131,98,33,新光-新竹,2023-12-01,8563
3363,上詮,60,28,32,新光-新竹,2023-12-01,8563
1605,華新,39,8,31,新光-新竹,2023-12-01,8563
3041,揚智,177,146,31,新光-新竹,2023-12-01,8563
1711,永光,30,0,30,新光-新竹,2023-12-01,8563
2377,微星,33,3,30,新光-新竹,2023-12-01,8563
2465,麗臺,36,7,29,新光-新竹,2023-12-01,8563
6257,矽格,36,9,27,新光-新竹,2023-12-01,8563
00650L,復華香港正2,28,2,26,新光-新竹,2023-12-01,8563
00934,中信成長高股息,36,10,26,新光-新竹,2023-12-01,8563
2332,友訊,33,8,25,新光-新竹,2023-12-01,8563
2474,可成,25,0,25,新光-新竹,2023-12-01,8563
6625,必應,36,12,24,新光-新竹,2023-12-01,8563
6173,信昌電,34,10,24,新光-新竹,2023-12-01,8563
00720B,元大投資級公司債,38,15,23,新光-新竹,2023-12-01,8563
00633L,富邦上証正2,25,2,23,新光-新竹,2023-12-01,8563
3564,其陽,30,9,21,新光-新竹,2023-12-01,8563
00665L,富邦�琤肭磪囓�2,41,20,21,新光-新竹,2023-12-01,8563
00933B,國泰10Y+金融債,26,5,21,新光-新竹,2023-12-01,8563
6933,AMAX-KY,20,0,20,新光-新竹,2023-12-01,8563
00882,中信中國高股息,35,15,20,新光-新竹,2023-12-01,8563
00795B,中信美國公債20年,20,0,20,新光-新竹,2023-12-01,8563
2355,敬鵬,463,73,390,新光-新竹,2023-12-04,8563
00715L,期街口布蘭特正2,387,59,328,新光-新竹,2023-12-04,8563
00918,大華優利高填息30,293,0,293,新光-新竹,2023-12-04,8563
00919,群益台灣精選高息,412,142,270,新光-新竹,2023-12-04,8563
2359,所羅門,202,0,202,新光-新竹,2023-12-04,8563
4102,永日,310,152,158,新光-新竹,2023-12-04,8563
2883,凱基金,294,151,143,新光-新竹,2023-12-04,8563
00878,國泰永續高股息,199,74,125,新光-新竹,2023-12-04,8563
1711,永光,120,0,120,新光-新竹,2023-12-04,8563
00688L,國泰20年美債正2,175,66,109,新光-新竹,2023-12-04,8563
2344,華邦電,112,3,109,新光-新竹,2023-12-04,8563
00795B,中信美國公債20年,106,0,106,新光-新竹,2023-12-04,8563
00687B,國泰20年美債,186,85,101,新光-新竹,2023-12-04,8563
9919,康那香,256,155,101,新光-新竹,2023-12-04,8563
00679B,元大美債20年,122,29,93,新光-新竹,2023-12-04,8563
2340,台亞,90,0,90,新光-新竹,2023-12-04,8563
4533,協易機,187,98,89,新光-新竹,2023-12-04,8563
2882,國泰金,93,4,89,新光-新竹,2023-12-04,8563
1605,華新,128,56,72,新光-新竹,2023-12-04,8563
00751B,元大AAA至A公司債,100,29,71,新光-新竹,2023-12-04,8563
2615,萬海,150,80,70,新光-新竹,2023-12-04,8563
00632R,元大台灣50反1,63,0,63,新光-新竹,2023-12-04,8563
2358,廷鑫,60,0,60,新光-新竹,2023-12-04,8563
2816,旺旺保,60,0,60,新光-新竹,2023-12-04,8563
6790,永豐實,60,0,60,新光-新竹,2023-12-04,8563
2891,中信金,64,4,60,新光-新竹,2023-12-04,8563
2353,宏��,57,0,57,新光-新竹,2023-12-04,8563
00934,中信成長高股息,96,40,56,新光-新竹,2023-12-04,8563
6219,富旺,55,0,55,新光-新竹,2023-12-04,8563
00929,復華台灣科技優息,201,149,52,新光-新竹,2023-12-04,8563
00671R,富邦NASDAQ反1,50,0,50,新光-新竹,2023-12-04,8563
9136,巨騰-DR,50,0,50,新光-新竹,2023-12-04,8563
00933B,國泰10Y+金融債,49,0,49,新光-新竹,2023-12-04,8563
00753L,中信中國50正2,49,0,49,新光-新竹,2023-12-04,8563
2501,國建,45,2,43,新光-新竹,2023-12-04,8563
00642U,期元大S＆P石油,43,0,43,新光-新竹,2023-12-04,8563
00713,元大台灣高息低波,48,6,42,新光-新竹,2023-12-04,8563
1732,毛寶,51,10,41,新光-新竹,2023-12-04,8563
3481,群創,81,40,41,新光-新竹,2023-12-04,8563
3715,定穎投控,135,94,41,新光-新竹,2023-12-04,8563
5426,振發,53,14,39,新光-新竹,2023-12-04,8563
00720B,元大投資級公司債,54,15,39,新光-新竹,2023-12-04,8563
00650L,復華香港正2,37,0,37,新光-新竹,2023-12-04,8563
1319,東陽,39,2,37,新光-新竹,2023-12-04,8563
5521,工信,50,13,37,新光-新竹,2023-12-04,8563
00882,中信中國高股息,36,0,36,新光-新竹,2023-12-04,8563
1582,信錦,53,17,36,新光-新竹,2023-12-04,8563
1101,台泥,44,9,35,新光-新竹,2023-12-04,8563
3312,弘憶股,40,5,35,新光-新竹,2023-12-04,8563
6173,信昌電,45,10,35,新光-新竹,2023-12-04,8563
00937B,群益ESG投等債20,1055,70,985,新光-新竹,2023-12-05,8563
00919,群益台灣精選高息,632,103,529,新光-新竹,2023-12-05,8563
2371,大同,264,63,201,新光-新竹,2023-12-05,8563
2610,華航,186,3,183,新光-新竹,2023-12-05,8563
00679B,元大美債20年,230,49,181,新光-新竹,2023-12-05,8563
00929,復華台灣科技優息,338,173,165,新光-新竹,2023-12-05,8563
00687B,國泰20年美債,208,58,150,新光-新竹,2023-12-05,8563
8150,南茂,131,3,128,新光-新竹,2023-12-05,8563
00878,國泰永續高股息,176,53,123,新光-新竹,2023-12-05,8563
5347,世界,134,24,110,新光-新竹,2023-12-05,8563
00680L,元大美債20正2,203,98,105,新光-新竹,2023-12-05,8563
1605,華新,143,41,102,新光-新竹,2023-12-05,8563
6282,康舒,108,8,100,新光-新竹,2023-12-05,8563
00934,中信成長高股息,152,54,98,新光-新竹,2023-12-05,8563
00712,復華富時不動產,157,62,95,新光-新竹,2023-12-05,8563
00650L,復華香港正2,82,3,79,新光-新竹,2023-12-05,8563
2601,益航,186,117,69,新光-新竹,2023-12-05,8563
2891,中信金,73,5,68,新光-新竹,2023-12-05,8563
00715L,期街口布蘭特正2,94,30,64,新光-新竹,2023-12-05,8563
2358,廷鑫,62,0,62,新光-新竹,2023-12-05,8563
00764B,群益25年美債,60,0,60,新光-新竹,2023-12-05,8563
00935,野村臺灣新科技50,56,1,55,新光-新竹,2023-12-05,8563
0056,元大高股息,83,30,53,新光-新竹,2023-12-05,8563
2606,裕民,245,194,51,新光-新竹,2023-12-05,8563
00671R,富邦NASDAQ反1,50,0,50,新光-新竹,2023-12-05,8563
2883,凱基金,92,44,48,新光-新竹,2023-12-05,8563
2641,正德,192,145,47,新光-新竹,2023-12-05,8563
6248,沛波,46,0,46,新光-新竹,2023-12-05,8563
006208,富邦台50,47,1,46,新光-新竹,2023-12-05,8563
2845,遠東銀,45,0,45,新光-新竹,2023-12-05,8563
2888,新光金,51,6,45,新光-新竹,2023-12-05,8563
00665L,富邦�琤肭磪囓�2,44,0,44,新光-新竹,2023-12-05,8563
00753L,中信中國50正2,44,0,44,新光-新竹,2023-12-05,8563
1582,信錦,70,27,43,新光-新竹,2023-12-05,8563
2617,台航,130,89,41,新光-新竹,2023-12-05,8563
3231,緯創,75,36,39,新光-新竹,2023-12-05,8563
2801,彰銀,36,0,36,新光-新竹,2023-12-05,8563
3708,上緯投控,41,6,35,新光-新竹,2023-12-05,8563
2887,台新金,34,0,34,新光-新竹,2023-12-05,8563
2317,鴻海,45,14,31,新光-新竹,2023-12-05,8563
00633L,富邦上証正2,32,1,31,新光-新竹,2023-12-05,8563
00877,復華中國5G,30,0,30,新光-新竹,2023-12-05,8563
2618,長榮航,300,271,29,新光-新竹,2023-12-05,8563
2485,兆赫,40,11,29,新光-新竹,2023-12-05,8563
4171,瑞基,27,0,27,新光-新竹,2023-12-05,8563
1513,中興電,166,139,27,新光-新竹,2023-12-05,8563
3050,鈺德,39,13,26,新光-新竹,2023-12-05,8563
2474,可成,34,8,26,新光-新竹,2023-12-05,8563
2882,國泰金,25,1,24,新光-新竹,2023-12-05,8563
2329,華泰,215,192,23,新光-新竹,2023-12-05,8563
00688L,國泰20年美債正2,378,10,368,新光-新竹,2023-12-06,8563
00937B,群益ESG投等債20,562,197,365,新光-新竹,2023-12-06,8563
00679B,元大美債20年,352,72,280,新光-新竹,2023-12-06,8563
00715L,期街口布蘭特正2,277,41,236,新光-新竹,2023-12-06,8563
00919,群益台灣精選高息,508,279,229,新光-新竹,2023-12-06,8563
8054,安國,212,51,161,新光-新竹,2023-12-06,8563
4102,永日,492,371,121,新光-新竹,2023-12-06,8563
3481,群創,110,4,106,新光-新竹,2023-12-06,8563
2303,聯電,105,5,100,新光-新竹,2023-12-06,8563
4167,松瑞藥,157,60,97,新光-新竹,2023-12-06,8563
2542,興富發,93,4,89,新光-新竹,2023-12-06,8563
00687B,國泰20年美債,294,210,84,新光-新竹,2023-12-06,8563
2355,敬鵬,251,178,73,新光-新竹,2023-12-06,8563
2371,大同,83,10,73,新光-新竹,2023-12-06,8563
00753L,中信中國50正2,64,0,64,新光-新竹,2023-12-06,8563
8150,南茂,59,3,56,新光-新竹,2023-12-06,8563
4967,十銓,85,30,55,新光-新竹,2023-12-06,8563
2409,友達,62,11,51,新光-新竹,2023-12-06,8563
3050,鈺德,60,9,51,新光-新竹,2023-12-06,8563
00929,復華台灣科技優息,230,186,44,新光-新竹,2023-12-06,8563
2731,雄獅,43,4,39,新光-新竹,2023-12-06,8563
2419,仲琦,58,22,36,新光-新竹,2023-12-06,8563
2390,云辰,36,0,36,新光-新竹,2023-12-06,8563
9105,泰金寶-DR,35,0,35,新光-新竹,2023-12-06,8563
00751B,元大AAA至A公司債,109,75,34,新光-新竹,2023-12-06,8563
2468,華經,33,0,33,新光-新竹,2023-12-06,8563
2358,廷鑫,32,0,32,新光-新竹,2023-12-06,8563
1529,樂事綠能,136,104,32,新光-新竹,2023-12-06,8563
1319,東陽,104,72,32,新光-新竹,2023-12-06,8563
00642U,期元大S＆P石油,29,0,29,新光-新竹,2023-12-06,8563
2882,國泰金,29,0,29,新光-新竹,2023-12-06,8563
1815,富喬,28,0,28,新光-新竹,2023-12-06,8563
3645,達邁,28,0,28,新光-新竹,2023-12-06,8563
2611,志信,31,4,27,新光-新竹,2023-12-06,8563
4968,立積,43,16,27,新光-新竹,2023-12-06,8563
1618,合機,45,18,27,新光-新竹,2023-12-06,8563
00761B,國泰A級公司債,27,0,27,新光-新竹,2023-12-06,8563
2374,佳能,27,0,27,新光-新竹,2023-12-06,8563
2605,新興,183,156,27,新光-新竹,2023-12-06,8563
2891,中信金,30,5,25,新光-新竹,2023-12-06,8563
00636,國泰中國A50,25,0,25,新光-新竹,2023-12-06,8563
3013,晟銘電,138,113,25,新光-新竹,2023-12-06,8563
6112,邁達特,50,25,25,新光-新竹,2023-12-06,8563
2606,裕民,103,79,24,新光-新竹,2023-12-06,8563
6117,迎廣,86,63,23,新光-新竹,2023-12-06,8563
00719B,元大美債1-3,22,0,22,新光-新竹,2023-12-06,8563
2641,正德,69,47,22,新光-新竹,2023-12-06,8563
2457,飛宏,27,6,21,新光-新竹,2023-12-06,8563
5426,振發,58,37,21,新光-新竹,2023-12-06,8563
2317,鴻海,24,4,20,新光-新竹,2023-12-06,8563
2023,燁輝,1195,0,1195,新光-新竹,2023-12-07,8563
00937B,群益ESG投等債20,864,376,488,新光-新竹,2023-12-07,8563
00688L,國泰20年美債正2,465,5,460,新光-新竹,2023-12-07,8563
00919,群益台灣精選高息,506,102,404,新光-新竹,2023-12-07,8563
00715L,期街口布蘭特正2,519,141,378,新光-新竹,2023-12-07,8563
8110,華東,335,0,335,新光-新竹,2023-12-07,8563
00687B,國泰20年美債,461,238,223,新光-新竹,2023-12-07,8563
6126,信音,221,12,209,新光-新竹,2023-12-07,8563
00712,復華富時不動產,291,86,205,新光-新竹,2023-12-07,8563
00918,大華優利高填息30,203,0,203,新光-新竹,2023-12-07,8563
00679B,元大美債20年,325,151,174,新光-新竹,2023-12-07,8563
00751B,元大AAA至A公司債,224,62,162,新光-新竹,2023-12-07,8563
00720B,元大投資級公司債,199,66,133,新光-新竹,2023-12-07,8563
2883,凱基金,173,50,123,新光-新竹,2023-12-07,8563
00753L,中信中國50正2,129,11,118,新光-新竹,2023-12-07,8563
4102,永日,251,134,117,新光-新竹,2023-12-07,8563
00632R,元大台灣50反1,92,11,81,新光-新竹,2023-12-07,8563
2618,長榮航,400,327,73,新光-新竹,2023-12-07,8563
00933B,國泰10Y+金融債,94,26,68,新光-新竹,2023-12-07,8563
1514,亞力,379,314,65,新光-新竹,2023-12-07,8563
00665L,富邦�琤肭磪囓�2,105,42,63,新光-新竹,2023-12-07,8563
2303,聯電,69,11,58,新光-新竹,2023-12-07,8563
2609,陽明,55,4,51,新光-新竹,2023-12-07,8563
00931B,統一美債20年,66,17,49,新光-新竹,2023-12-07,8563
00882,中信中國高股息,57,11,46,新光-新竹,2023-12-07,8563
1513,中興電,172,128,44,新光-新竹,2023-12-07,8563
4909,新復興,44,0,44,新光-新竹,2023-12-07,8563
8936,國統,90,49,41,新光-新竹,2023-12-07,8563
2882,國泰金,46,6,40,新光-新竹,2023-12-07,8563
00669R,國泰美國道瓊反1,40,0,40,新光-新竹,2023-12-07,8563
2388,威盛,229,189,40,新光-新竹,2023-12-07,8563
6122,擎邦,48,9,39,新光-新竹,2023-12-07,8563
2363,矽統,108,69,39,新光-新竹,2023-12-07,8563
2355,敬鵬,167,129,38,新光-新竹,2023-12-07,8563
1609,大亞,113,75,38,新光-新竹,2023-12-07,8563
1402,遠東新,36,0,36,新光-新竹,2023-12-07,8563
8086,宏捷科,44,8,36,新光-新竹,2023-12-07,8563
00650L,復華香港正2,43,9,34,新光-新竹,2023-12-07,8563
2401,凌陽,43,10,33,新光-新竹,2023-12-07,8563
00655L,國泰中國A50正2,30,4,26,新光-新竹,2023-12-07,8563
2399,映泰,162,136,26,新光-新竹,2023-12-07,8563
2883B,凱基金乙特,25,0,25,新光-新竹,2023-12-07,8563
2889,國票金,24,0,24,新光-新竹,2023-12-07,8563
00664R,國泰臺灣加權反1,23,0,23,新光-新竹,2023-12-07,8563
6219,富旺,23,0,23,新光-新竹,2023-12-07,8563
6770,力積電,24,2,22,新光-新竹,2023-12-07,8563
3122,笙泉,23,1,22,新光-新竹,2023-12-07,8563
3041,揚智,236,214,22,新光-新竹,2023-12-07,8563
2881,富邦金,22,1,21,新光-新竹,2023-12-07,8563
6482,弘煜科,21,0,21,新光-新竹,2023-12-07,8563
2023,燁輝,557,6,551,新光-新竹,2023-12-08,8563
00919,群益台灣精選高息,611,244,367,新光-新竹,2023-12-08,8563
00687B,國泰20年美債,443,84,359,新光-新竹,2023-12-08,8563
2897,王道銀行,175,0,175,新光-新竹,2023-12-08,8563
00751B,元大AAA至A公司債,215,60,155,新光-新竹,2023-12-08,8563
00918,大華優利高填息30,175,25,150,新光-新竹,2023-12-08,8563
00632R,元大台灣50反1,341,201,140,新光-新竹,2023-12-08,8563
00720B,元大投資級公司債,154,26,128,新光-新竹,2023-12-08,8563
00688L,國泰20年美債正2,225,105,120,新光-新竹,2023-12-08,8563
3481,群創,118,1,117,新光-新竹,2023-12-08,8563
2851,中再保,107,0,107,新光-新竹,2023-12-08,8563
00715L,期街口布蘭特正2,191,90,101,新光-新竹,2023-12-08,8563
8054,安國,416,321,95,新光-新竹,2023-12-08,8563
00937B,群益ESG投等債20,221,127,94,新光-新竹,2023-12-08,8563
2338,光罩,92,0,92,新光-新竹,2023-12-08,8563
00722B,群益投資級電信債,107,20,87,新光-新竹,2023-12-08,8563
3527,聚積,93,8,85,新光-新竹,2023-12-08,8563
00680L,元大美債20正2,165,80,85,新光-新竹,2023-12-08,8563
00753L,中信中國50正2,78,0,78,新光-新竹,2023-12-08,8563
00679B,元大美債20年,253,186,67,新光-新竹,2023-12-08,8563
4979,華星光,99,35,64,新光-新竹,2023-12-08,8563
2355,敬鵬,67,22,45,新光-新竹,2023-12-08,8563
00706L,期元大S＆P日圓正2,78,35,43,新光-新竹,2023-12-08,8563
4552,力達-KY,41,0,41,新光-新竹,2023-12-08,8563
2211,長榮鋼,41,0,41,新光-新竹,2023-12-08,8563
00787B,元大10年IG醫療債,40,0,40,新光-新竹,2023-12-08,8563
5452,佶優,35,0,35,新光-新竹,2023-12-08,8563
00665L,富邦�琤肭磪囓�2,50,15,35,新光-新竹,2023-12-08,8563
3521,鴻翊,34,2,32,新光-新竹,2023-12-08,8563
00637L,元大滬深300正2,35,4,31,新光-新竹,2023-12-08,8563
00931B,統一美債20年,31,0,31,新光-新竹,2023-12-08,8563
3231,緯創,90,60,30,新光-新竹,2023-12-08,8563
6112,邁達特,44,14,30,新光-新竹,2023-12-08,8563
2542,興富發,29,1,28,新光-新竹,2023-12-08,8563
2367,燿華,47,19,28,新光-新竹,2023-12-08,8563
4743,合一,31,4,27,新光-新竹,2023-12-08,8563
5230,雷笛克光學,26,0,26,新光-新竹,2023-12-08,8563
2358,廷鑫,72,46,26,新光-新竹,2023-12-08,8563
5351,鈺創,130,104,26,新光-新竹,2023-12-08,8563
00878,國泰永續高股息,105,81,24,新光-新竹,2023-12-08,8563
3051,力特,117,93,24,新光-新竹,2023-12-08,8563
6546,正基,25,2,23,新光-新竹,2023-12-08,8563
1519,華城,45,23,22,新光-新竹,2023-12-08,8563
2605,新興,198,176,22,新光-新竹,2023-12-08,8563
2485,兆赫,24,2,22,新光-新竹,2023-12-08,8563
2613,中櫃,21,0,21,新光-新竹,2023-12-08,8563
2882,國泰金,21,1,20,新光-新竹,2023-12-08,8563
5347,世界,27,7,20,新光-新竹,2023-12-08,8563
1524,耿鼎,729,709,20,新光-新竹,2023-12-08,8563
2359,所羅門,22,2,20,新光-新竹,2023-12-08,8563
00688L,國泰20年美債正2,1056,116,940,新光-新竹,2023-12-11,8563
00680L,元大美債20正2,415,68,347,新光-新竹,2023-12-11,8563
00687B,國泰20年美債,279,13,266,新光-新竹,2023-12-11,8563
00665L,富邦�琤肭磪囓�2,142,8,134,新光-新竹,2023-12-11,8563
4102,永日,580,452,128,新光-新竹,2023-12-11,8563
00882,中信中國高股息,141,16,125,新光-新竹,2023-12-11,8563
00679B,元大美債20年,223,98,125,新光-新竹,2023-12-11,8563
00929,復華台灣科技優息,150,58,92,新光-新竹,2023-12-11,8563
1524,耿鼎,313,227,86,新光-新竹,2023-12-11,8563
2618,長榮航,818,749,69,新光-新竹,2023-12-11,8563
2204,中華,90,22,68,新光-新竹,2023-12-11,8563
2605,新興,122,56,66,新光-新竹,2023-12-11,8563
8054,安國,119,54,65,新光-新竹,2023-12-11,8563
020028,元大特選電動車N,60,0,60,新光-新竹,2023-12-11,8563
6216,居易,87,27,60,新光-新竹,2023-12-11,8563
5347,世界,63,4,59,新光-新竹,2023-12-11,8563
1612,宏泰,94,41,53,新光-新竹,2023-12-11,8563
2388,威盛,201,155,46,新光-新竹,2023-12-11,8563
2368,金像電,61,16,45,新光-新竹,2023-12-11,8563
00650L,復華香港正2,75,32,43,新光-新竹,2023-12-11,8563
00936,台新永續高息中小,41,0,41,新光-新竹,2023-12-11,8563
9105,泰金寶-DR,40,0,40,新光-新竹,2023-12-11,8563
5351,鈺創,133,96,37,新光-新竹,2023-12-11,8563
3694,海華,50,14,36,新光-新竹,2023-12-11,8563
00919,群益台灣精選高息,205,169,36,新光-新竹,2023-12-11,8563
3051,力特,71,39,32,新光-新竹,2023-12-11,8563
4164,承業醫,34,4,30,新光-新竹,2023-12-11,8563
1515,力山,83,54,29,新光-新竹,2023-12-11,8563
3443,創意,34,5,29,新光-新竹,2023-12-11,8563
4306,炎洲,30,1,29,新光-新竹,2023-12-11,8563
2376,技嘉,73,45,28,新光-新竹,2023-12-11,8563
2002,中鋼,27,0,27,新光-新竹,2023-12-11,8563
8112,至上,132,106,26,新光-新竹,2023-12-11,8563
2516,新建,26,0,26,新光-新竹,2023-12-11,8563
3062,建漢,25,0,25,新光-新竹,2023-12-11,8563
00795B,中信美國公債20年,26,2,24,新光-新竹,2023-12-11,8563
1314,中石化,33,9,24,新光-新竹,2023-12-11,8563
00937B,群益ESG投等債20,92,68,24,新光-新竹,2023-12-11,8563
2330,台積電,32,9,23,新光-新竹,2023-12-11,8563
6245,立端,23,0,23,新光-新竹,2023-12-11,8563
2367,燿華,22,0,22,新光-新竹,2023-12-11,8563
6233,旺玖,28,6,22,新光-新竹,2023-12-11,8563
2417,圓剛,21,0,21,新光-新竹,2023-12-11,8563
3011,今皓,20,0,20,新光-新竹,2023-12-11,8563
3312,弘憶股,20,0,20,新光-新竹,2023-12-11,8563
6535,順藥,20,0,20,新光-新竹,2023-12-11,8563
2816,旺旺保,35,15,20,新光-新竹,2023-12-11,8563
3078,僑威,37,18,19,新光-新竹,2023-12-11,8563
00670L,富邦NASDAQ正2,25,6,19,新光-新竹,2023-12-11,8563
2365,昆盈,69,51,18,新光-新竹,2023-12-11,8563
00919,群益台灣精選高息,870,150,720,新光-新竹,2023-12-12,8563
00680L,元大美債20正2,683,37,646,新光-新竹,2023-12-12,8563
00934,中信成長高股息,183,1,182,新光-新竹,2023-12-12,8563
00687B,國泰20年美債,315,142,173,新光-新竹,2023-12-12,8563
8011,台通,179,23,156,新光-新竹,2023-12-12,8563
00688L,國泰20年美債正2,185,35,150,新光-新竹,2023-12-12,8563
00679B,元大美債20年,174,32,142,新光-新竹,2023-12-12,8563
00929,復華台灣科技優息,387,248,139,新光-新竹,2023-12-12,8563
2883,凱基金,141,19,122,新光-新竹,2023-12-12,8563
00632R,元大台灣50反1,170,50,120,新光-新竹,2023-12-12,8563
00918,大華優利高填息30,120,16,104,新光-新竹,2023-12-12,8563
00751B,元大AAA至A公司債,107,24,83,新光-新竹,2023-12-12,8563
3231,緯創,109,31,78,新光-新竹,2023-12-12,8563
00935,野村臺灣新科技50,73,1,72,新光-新竹,2023-12-12,8563
00933B,國泰10Y+金融債,72,3,69,新光-新竹,2023-12-12,8563
00857B,永豐20年美公債,68,10,58,新光-新竹,2023-12-12,8563
00936,台新永續高息中小,55,0,55,新光-新竹,2023-12-12,8563
5347,世界,57,6,51,新光-新竹,2023-12-12,8563
4979,華星光,146,97,49,新光-新竹,2023-12-12,8563
00795B,中信美國公債20年,47,0,47,新光-新竹,2023-12-12,8563
2002,中鋼,51,5,46,新光-新竹,2023-12-12,8563
5465,富驊,40,0,40,新光-新竹,2023-12-12,8563
2014,中鴻,38,0,38,新光-新竹,2023-12-12,8563
6290,良維,41,4,37,新光-新竹,2023-12-12,8563
2365,昆盈,44,7,37,新光-新竹,2023-12-12,8563
5533,皇鼎,36,0,36,新光-新竹,2023-12-12,8563
1591,駿吉-KY,71,36,35,新光-新竹,2023-12-12,8563
8936,國統,142,108,34,新光-新竹,2023-12-12,8563
1471,首利,34,0,34,新光-新竹,2023-12-12,8563
2402,毅嘉,86,54,32,新光-新竹,2023-12-12,8563
00878,國泰永續高股息,112,80,32,新光-新竹,2023-12-12,8563
2542,興富發,31,0,31,新光-新竹,2023-12-12,8563
2889,國票金,32,1,31,新光-新竹,2023-12-12,8563
5521,工信,128,98,30,新光-新竹,2023-12-12,8563
6219,富旺,30,0,30,新光-新竹,2023-12-12,8563
2641,正德,55,26,29,新光-新竹,2023-12-12,8563
5355,佳總,29,0,29,新光-新竹,2023-12-12,8563
2618,長榮航,57,29,28,新光-新竹,2023-12-12,8563
1584,精剛,39,12,27,新光-新竹,2023-12-12,8563
4164,承業醫,26,0,26,新光-新竹,2023-12-12,8563
2888,新光金,37,11,26,新光-新竹,2023-12-12,8563
3041,揚智,37,12,25,新光-新竹,2023-12-12,8563
9933,中鼎,25,0,25,新光-新竹,2023-12-12,8563
2834,臺企銀,35,12,23,新光-新竹,2023-12-12,8563
00830,國泰費城半導體,30,7,23,新光-新竹,2023-12-12,8563
2915,潤泰全,22,0,22,新光-新竹,2023-12-12,8563
2605,新興,63,43,20,新光-新竹,2023-12-12,8563
1446,宏和,20,0,20,新光-新竹,2023-12-12,8563
00786B,元大10年IG銀行債,20,0,20,新光-新竹,2023-12-12,8563
4306,炎洲,20,0,20,新光-新竹,2023-12-12,8563
00918,大華優利高填息30,458,24,434,新光-新竹,2023-12-13,8563
00919,群益台灣精選高息,588,260,328,新光-新竹,2023-12-13,8563
00688L,國泰20年美債正2,307,7,300,新光-新竹,2023-12-13,8563
00687B,國泰20年美債,232,2,230,新光-新竹,2023-12-13,8563
00929,復華台灣科技優息,278,119,159,新光-新竹,2023-12-13,8563
00715L,期街口布蘭特正2,453,296,157,新光-新竹,2023-12-13,8563
00680L,元大美債20正2,253,143,110,新光-新竹,2023-12-13,8563
00753L,中信中國50正2,108,0,108,新光-新竹,2023-12-13,8563
3715,定穎投控,149,44,105,新光-新竹,2023-12-13,8563
3035,智原,143,47,96,新光-新竹,2023-12-13,8563
00882,中信中國高股息,95,5,90,新光-新竹,2023-12-13,8563
2812,台中銀,117,33,84,新光-新竹,2023-12-13,8563
2867,三商壽,91,10,81,新光-新竹,2023-12-13,8563
2883,凱基金,74,0,74,新光-新竹,2023-12-13,8563
00642U,期元大S＆P石油,75,2,73,新光-新竹,2023-12-13,8563
3706,神達,116,43,73,新光-新竹,2023-12-13,8563
00712,復華富時不動產,103,36,67,新光-新竹,2023-12-13,8563
00632R,元大台灣50反1,274,211,63,新光-新竹,2023-12-13,8563
4906,正文,71,8,63,新光-新竹,2023-12-13,8563
2605,新興,118,56,62,新光-新竹,2023-12-13,8563
3481,群創,63,5,58,新光-新竹,2023-12-13,8563
8011,台通,86,32,54,新光-新竹,2023-12-13,8563
4102,永日,192,140,52,新光-新竹,2023-12-13,8563
5521,工信,79,27,52,新光-新竹,2023-12-13,8563
4909,新復興,187,136,51,新光-新竹,2023-12-13,8563
2204,中華,65,18,47,新光-新竹,2023-12-13,8563
2501,國建,40,0,40,新光-新竹,2023-12-13,8563
00907,永豐優息存股,37,0,37,新光-新竹,2023-12-13,8563
6182,合晶,47,13,34,新光-新竹,2023-12-13,8563
2609,陽明,56,22,34,新光-新竹,2023-12-13,8563
6139,亞翔,53,21,32,新光-新竹,2023-12-13,8563
1514,亞力,110,78,32,新光-新竹,2023-12-13,8563
3622,洋華,102,74,28,新光-新竹,2023-12-13,8563
2888,新光金,39,11,28,新光-新竹,2023-12-13,8563
2374,佳能,30,3,27,新光-新竹,2023-12-13,8563
2387,精元,39,13,26,新光-新竹,2023-12-13,8563
00719B,元大美債1-3,25,0,25,新光-新竹,2023-12-13,8563
9105,泰金寶-DR,25,0,25,新光-新竹,2023-12-13,8563
2367,燿華,40,17,23,新光-新竹,2023-12-13,8563
00637L,元大滬深300正2,93,70,23,新光-新竹,2023-12-13,8563
2365,昆盈,59,36,23,新光-新竹,2023-12-13,8563
3019,亞光,44,21,23,新光-新竹,2023-12-13,8563
00724B,群益投資級金融債,22,0,22,新光-新竹,2023-12-13,8563
2615,萬海,40,18,22,新光-新竹,2023-12-13,8563
4976,佳凌,59,37,22,新光-新竹,2023-12-13,8563
2886,兆豐金,22,1,21,新光-新竹,2023-12-13,8563
00751B,元大AAA至A公司債,57,36,21,新光-新竹,2023-12-13,8563
4908,前鼎,35,14,21,新光-新竹,2023-12-13,8563
2618,長榮航,227,207,20,新光-新竹,2023-12-13,8563
2892,第一金,24,4,20,新光-新竹,2023-12-13,8563
00680L,元大美債20正2,1043,353,690,新光-新竹,2023-12-14,8563
00687B,國泰20年美債,520,105,415,新光-新竹,2023-12-14,8563
00795B,中信美國公債20年,339,1,338,新光-新竹,2023-12-14,8563
00679B,元大美債20年,287,67,220,新光-新竹,2023-12-14,8563
00751B,元大AAA至A公司債,252,42,210,新光-新竹,2023-12-14,8563
2356,英業達,211,16,195,新光-新竹,2023-12-14,8563
00929,復華台灣科技優息,560,412,148,新光-新竹,2023-12-14,8563
00688L,國泰20年美債正2,205,71,134,新光-新竹,2023-12-14,8563
00919,群益台灣精選高息,417,288,129,新光-新竹,2023-12-14,8563
4102,永日,389,262,127,新光-新竹,2023-12-14,8563
00642U,期元大S＆P石油,128,3,125,新光-新竹,2023-12-14,8563
00773B,中信優先金融債,126,3,123,新光-新竹,2023-12-14,8563
00918,大華優利高填息30,136,16,120,新光-新竹,2023-12-14,8563
2023,燁輝,119,0,119,新光-新竹,2023-12-14,8563
5388,中磊,145,30,115,新光-新竹,2023-12-14,8563
2609,陽明,119,7,112,新光-新竹,2023-12-14,8563
5426,振發,191,84,107,新光-新竹,2023-12-14,8563
00936,台新永續高息中小,107,1,106,新光-新竹,2023-12-14,8563
2442,新美齊,100,0,100,新光-新竹,2023-12-14,8563
3390,旭軟,133,37,96,新光-新竹,2023-12-14,8563
6770,力積電,123,32,91,新光-新竹,2023-12-14,8563
00934,中信成長高股息,112,24,88,新光-新竹,2023-12-14,8563
00937B,群益ESG投等債20,138,52,86,新光-新竹,2023-12-14,8563
00722B,群益投資級電信債,81,2,79,新光-新竹,2023-12-14,8563
00933B,國泰10Y+金融債,81,4,77,新光-新竹,2023-12-14,8563
00706L,期元大S＆P日圓正2,83,14,69,新光-新竹,2023-12-14,8563
3006,晶豪科,87,32,55,新光-新竹,2023-12-14,8563
00772B,中信高評級公司債,66,11,55,新光-新竹,2023-12-14,8563
00719B,元大美債1-3,60,6,54,新光-新竹,2023-12-14,8563
00720B,元大投資級公司債,128,76,52,新光-新竹,2023-12-14,8563
1591,駿吉-KY,57,6,51,新光-新竹,2023-12-14,8563
2401,凌陽,50,1,49,新光-新竹,2023-12-14,8563
6443,元晶,57,10,47,新光-新竹,2023-12-14,8563
00857B,永豐20年美公債,60,15,45,新光-新竹,2023-12-14,8563
3703,欣陸,54,10,44,新光-新竹,2023-12-14,8563
00664R,國泰臺灣加權反1,41,0,41,新光-新竹,2023-12-14,8563
6248,沛波,37,0,37,新光-新竹,2023-12-14,8563
00882,中信中國高股息,36,0,36,新光-新竹,2023-12-14,8563
6216,居易,37,1,36,新光-新竹,2023-12-14,8563
2915,潤泰全,38,3,35,新光-新竹,2023-12-14,8563
00637L,元大滬深300正2,38,3,35,新光-新竹,2023-12-14,8563
2892,第一金,67,32,35,新光-新竹,2023-12-14,8563
2641,正德,61,27,34,新光-新竹,2023-12-14,8563
2520,冠德,42,9,33,新光-新竹,2023-12-14,8563
00670L,富邦NASDAQ正2,40,9,31,新光-新竹,2023-12-14,8563
2449,京元電子,141,110,31,新光-新竹,2023-12-14,8563
3624,光頡,47,18,29,新光-新竹,2023-12-14,8563
2105,正新,30,1,29,新光-新竹,2023-12-14,8563
2329,華泰,46,19,27,新光-新竹,2023-12-14,8563
2501,國建,40,14,26,新光-新竹,2023-12-14,8563
00688L,國泰20年美債正2,3060,636,2424,新光-新竹,2023-12-15,8563
00687B,國泰20年美債,409,103,306,新光-新竹,2023-12-15,8563
00929,復華台灣科技優息,527,269,258,新光-新竹,2023-12-15,8563
00751B,元大AAA至A公司債,243,11,232,新光-新竹,2023-12-15,8563
00795B,中信美國公債20年,340,126,214,新光-新竹,2023-12-15,8563
00722B,群益投資級電信債,215,5,210,新光-新竹,2023-12-15,8563
2363,矽統,619,430,189,新光-新竹,2023-12-15,8563
00878,國泰永續高股息,299,110,189,新光-新竹,2023-12-15,8563
00679B,元大美債20年,365,198,167,新光-新竹,2023-12-15,8563
2356,英業達,658,499,159,新光-新竹,2023-12-15,8563
4102,永日,343,186,157,新光-新竹,2023-12-15,8563
6153,嘉聯益,163,21,142,新光-新竹,2023-12-15,8563
9105,泰金寶-DR,127,0,127,新光-新竹,2023-12-15,8563
00719B,元大美債1-3,102,3,99,新光-新竹,2023-12-15,8563
2501,國建,100,2,98,新光-新竹,2023-12-15,8563
8150,南茂,203,107,96,新光-新竹,2023-12-15,8563
00934,中信成長高股息,103,7,96,新光-新竹,2023-12-15,8563
00673R,期元大S＆P原油反1,95,0,95,新光-新竹,2023-12-15,8563
00772B,中信高評級公司債,97,17,80,新光-新竹,2023-12-15,8563
00632R,元大台灣50反1,95,26,69,新光-新竹,2023-12-15,8563
00753L,中信中國50正2,117,57,60,新光-新竹,2023-12-15,8563
4956,光鋐,48,0,48,新光-新竹,2023-12-15,8563
2607,榮運,49,4,45,新光-新竹,2023-12-15,8563
4164,承業醫,45,2,43,新光-新竹,2023-12-15,8563
2022,聚亨,40,0,40,新光-新竹,2023-12-15,8563
2367,燿華,52,14,38,新光-新竹,2023-12-15,8563
8163,達方,38,0,38,新光-新竹,2023-12-15,8563
3032,偉訓,38,0,38,新光-新竹,2023-12-15,8563
00857B,永豐20年美公債,40,2,38,新光-新竹,2023-12-15,8563
00931B,統一美債20年,50,14,36,新光-新竹,2023-12-15,8563
2419,仲琦,55,20,35,新光-新竹,2023-12-15,8563
2887,台新金,35,0,35,新光-新竹,2023-12-15,8563
1316,上曜,37,2,35,新光-新竹,2023-12-15,8563
3035,智原,79,45,34,新光-新竹,2023-12-15,8563
5465,富驊,32,0,32,新光-新竹,2023-12-15,8563
2891,中信金,43,11,32,新光-新竹,2023-12-15,8563
2498,宏達電,38,8,30,新光-新竹,2023-12-15,8563
6282,康舒,34,4,30,新光-新竹,2023-12-15,8563
5011,久陽,28,0,28,新光-新竹,2023-12-15,8563
2812,台中銀,44,16,28,新光-新竹,2023-12-15,8563
00664R,國泰臺灣加權反1,33,5,28,新光-新竹,2023-12-15,8563
2204,中華,33,5,28,新光-新竹,2023-12-15,8563
4915,致伸,38,11,27,新光-新竹,2023-12-15,8563
6257,矽格,73,47,26,新光-新竹,2023-12-15,8563
3706,神達,25,0,25,新光-新竹,2023-12-15,8563
2371,大同,25,0,25,新光-新竹,2023-12-15,8563
3231,緯創,53,29,24,新光-新竹,2023-12-15,8563
5009,榮剛,46,22,24,新光-新竹,2023-12-15,8563
3062,建漢,24,0,24,新光-新竹,2023-12-15,8563
3450,聯鈞,32,8,24,新光-新竹,2023-12-15,8563
00688L,國泰20年美債正2,1075,325,750,新光-新竹,2023-12-18,8563
00929,復華台灣科技優息,706,213,493,新光-新竹,2023-12-18,8563
00937B,群益ESG投等債20,405,75,330,新光-新竹,2023-12-18,8563
2609,陽明,697,443,254,新光-新竹,2023-12-18,8563
00720B,元大投資級公司債,251,10,241,新光-新竹,2023-12-18,8563
00912,中信臺灣智慧50,200,0,200,新光-新竹,2023-12-18,8563
00933B,國泰10Y+金融債,206,12,194,新光-新竹,2023-12-18,8563
00919,群益台灣精選高息,577,394,183,新光-新竹,2023-12-18,8563
00918,大華優利高填息30,197,21,176,新光-新竹,2023-12-18,8563
00687B,國泰20年美債,561,390,171,新光-新竹,2023-12-18,8563
00679B,元大美債20年,193,33,160,新光-新竹,2023-12-18,8563
00795B,中信美國公債20年,157,3,154,新光-新竹,2023-12-18,8563
00936,台新永續高息中小,119,0,119,新光-新竹,2023-12-18,8563
00712,復華富時不動產,125,12,113,新光-新竹,2023-12-18,8563
8089,康全電訊,153,42,111,新光-新竹,2023-12-18,8563
2002,中鋼,160,54,106,新光-新竹,2023-12-18,8563
2812,台中銀,163,57,106,新光-新竹,2023-12-18,8563
2501,國建,78,0,78,新光-新竹,2023-12-18,8563
8054,安國,377,307,70,新光-新竹,2023-12-18,8563
2367,燿華,80,12,68,新光-新竹,2023-12-18,8563
5522,遠雄,63,1,62,新光-新竹,2023-12-18,8563
2801,彰銀,64,3,61,新光-新竹,2023-12-18,8563
3338,泰碩,60,0,60,新光-新竹,2023-12-18,8563
1319,東陽,158,99,59,新光-新竹,2023-12-18,8563
9105,泰金寶-DR,59,0,59,新光-新竹,2023-12-18,8563
3047,訊舟,76,21,55,新光-新竹,2023-12-18,8563
2610,華航,57,2,55,新光-新竹,2023-12-18,8563
4102,永日,149,110,39,新光-新竹,2023-12-18,8563
2816,旺旺保,56,18,38,新光-新竹,2023-12-18,8563
00706L,期元大S＆P日圓正2,40,3,37,新光-新竹,2023-12-18,8563
00664R,國泰臺灣加權反1,40,4,36,新光-新竹,2023-12-18,8563
2505,國揚,40,5,35,新光-新竹,2023-12-18,8563
2880,華南金,43,11,32,新光-新竹,2023-12-18,8563
2617,台航,33,1,32,新光-新竹,2023-12-18,8563
00935,野村臺灣新科技50,36,6,30,新光-新竹,2023-12-18,8563
5452,佶優,64,34,30,新光-新竹,2023-12-18,8563
6220,岳豐,28,0,28,新光-新竹,2023-12-18,8563
1815,富喬,30,2,28,新光-新竹,2023-12-18,8563
00934,中信成長高股息,34,7,27,新光-新竹,2023-12-18,8563
2323,中環,26,0,26,新光-新竹,2023-12-18,8563
8110,華東,30,4,26,新光-新竹,2023-12-18,8563
2633,台灣高鐵,24,0,24,新光-新竹,2023-12-18,8563
2606,裕民,70,47,23,新光-新竹,2023-12-18,8563
00885,富邦越南,24,2,22,新光-新竹,2023-12-18,8563
4306,炎洲,21,0,21,新光-新竹,2023-12-18,8563
2611,志信,54,33,21,新光-新竹,2023-12-18,8563
1909,榮成,20,0,20,新光-新竹,2023-12-18,8563
2031,新光鋼,106,86,20,新光-新竹,2023-12-18,8563
1308,亞聚,20,0,20,新光-新竹,2023-12-18,8563
6477,安集,21,1,20,新光-新竹,2023-12-18,8563
00688L,國泰20年美債正2,534,73,461,新光-新竹,2023-12-19,8563
00929,復華台灣科技優息,569,198,371,新光-新竹,2023-12-19,8563
00795B,中信美國公債20年,346,20,326,新光-新竹,2023-12-19,8563
00919,群益台灣精選高息,476,170,306,新光-新竹,2023-12-19,8563
00912,中信臺灣智慧50,300,0,300,新光-新竹,2023-12-19,8563
2014,中鴻,585,301,284,新光-新竹,2023-12-19,8563
2884,玉山金,265,47,218,新光-新竹,2023-12-19,8563
2353,宏��,461,265,196,新光-新竹,2023-12-19,8563
00712,復華富時不動產,189,52,137,新光-新竹,2023-12-19,8563
00687B,國泰20年美債,172,36,136,新光-新竹,2023-12-19,8563
00680L,元大美債20正2,225,99,126,新光-新竹,2023-12-19,8563
9105,泰金寶-DR,129,16,113,新光-新竹,2023-12-19,8563
2888,新光金,110,8,102,新光-新竹,2023-12-19,8563
8089,康全電訊,198,104,94,新光-新竹,2023-12-19,8563
4102,永日,273,182,91,新光-新竹,2023-12-19,8563
00878,國泰永續高股息,306,219,87,新光-新竹,2023-12-19,8563
00934,中信成長高股息,96,12,84,新光-新竹,2023-12-19,8563
2104,國際中橡,75,0,75,新光-新竹,2023-12-19,8563
1815,富喬,75,10,65,新光-新竹,2023-12-19,8563
00637L,元大滬深300正2,58,0,58,新光-新竹,2023-12-19,8563
00930,永豐ESG低碳高息,59,1,58,新光-新竹,2023-12-19,8563
2010,春源,61,6,55,新光-新竹,2023-12-19,8563
2801,彰銀,53,0,53,新光-新竹,2023-12-19,8563
3338,泰碩,51,1,50,新光-新竹,2023-12-19,8563
00706L,期元大S＆P日圓正2,50,0,50,新光-新竹,2023-12-19,8563
6216,居易,49,0,49,新光-新竹,2023-12-19,8563
00931B,統一美債20年,52,5,47,新光-新竹,2023-12-19,8563
2356,英業達,136,89,47,新光-新竹,2023-12-19,8563
2834,臺企銀,47,0,47,新光-新竹,2023-12-19,8563
2022,聚亨,45,0,45,新光-新竹,2023-12-19,8563
00713,元大台灣高息低波,47,4,43,新光-新竹,2023-12-19,8563
0056,元大高股息,71,29,42,新光-新竹,2023-12-19,8563
2812,台中銀,127,86,41,新光-新竹,2023-12-19,8563
00696B,富邦美債20年,40,0,40,新光-新竹,2023-12-19,8563
5347,世界,42,6,36,新光-新竹,2023-12-19,8563
8011,台通,155,120,35,新光-新竹,2023-12-19,8563
9945,潤泰新,31,0,31,新光-新竹,2023-12-19,8563
5469,瀚宇博,32,2,30,新光-新竹,2023-12-19,8563
2883B,凱基金乙特,40,10,30,新光-新竹,2023-12-19,8563
2498,宏達電,28,0,28,新光-新竹,2023-12-19,8563
1101,台泥,29,2,27,新光-新竹,2023-12-19,8563
2031,新光鋼,59,32,27,新光-新竹,2023-12-19,8563
6140,訊達,39,12,27,新光-新竹,2023-12-19,8563
00915,凱基優選高股息30,27,1,26,新光-新竹,2023-12-19,8563
2406,國碩,26,0,26,新光-新竹,2023-12-19,8563
3521,鴻翊,26,0,26,新光-新竹,2023-12-19,8563
3015,全漢,26,0,26,新光-新竹,2023-12-19,8563
3105,穩懋,38,13,25,新光-新竹,2023-12-19,8563
3006,晶豪科,58,33,25,新光-新竹,2023-12-19,8563
2501,國建,25,0,25,新光-新竹,2023-12-19,8563
00919,群益台灣精選高息,400,107,293,新光-新竹,2023-12-20,8563
00637L,元大滬深300正2,219,54,165,新光-新竹,2023-12-20,8563
2515,中工,260,102,158,新光-新竹,2023-12-20,8563
00687B,國泰20年美債,137,35,102,新光-新竹,2023-12-20,8563
2501,國建,102,0,102,新光-新竹,2023-12-20,8563
3035,智原,113,30,83,新光-新竹,2023-12-20,8563
00673R,期元大S＆P原油反1,82,0,82,新光-新竹,2023-12-20,8563
00720B,元大投資級公司債,101,21,80,新光-新竹,2023-12-20,8563
4167,松瑞藥,168,88,80,新光-新竹,2023-12-20,8563
2891,中信金,87,14,73,新光-新竹,2023-12-20,8563
00679B,元大美債20年,161,98,63,新光-新竹,2023-12-20,8563
3231,緯創,198,135,63,新光-新竹,2023-12-20,8563
00929,復華台灣科技優息,124,62,62,新光-新竹,2023-12-20,8563
2388,威盛,115,59,56,新光-新竹,2023-12-20,8563
00751B,元大AAA至A公司債,48,0,48,新光-新竹,2023-12-20,8563
2369,菱生,44,0,44,新光-新竹,2023-12-20,8563
2023,燁輝,52,10,42,新光-新竹,2023-12-20,8563
00632R,元大台灣50反1,57,16,41,新光-新竹,2023-12-20,8563
1314,中石化,41,0,41,新光-新竹,2023-12-20,8563
2801,彰銀,41,0,41,新光-新竹,2023-12-20,8563
00795B,中信美國公債20年,42,3,39,新光-新竹,2023-12-20,8563
9919,康那香,51,13,38,新光-新竹,2023-12-20,8563
8085,福華,194,157,37,新光-新竹,2023-12-20,8563
00918,大華優利高填息30,49,13,36,新光-新竹,2023-12-20,8563
00935,野村臺灣新科技50,43,10,33,新光-新竹,2023-12-20,8563
8358,金居,34,1,33,新光-新竹,2023-12-20,8563
5457,宣德,35,3,32,新光-新竹,2023-12-20,8563
2481,強茂,64,32,32,新光-新竹,2023-12-20,8563
00933B,國泰10Y+金融債,32,2,30,新光-新竹,2023-12-20,8563
3264,欣銓,47,18,29,新光-新竹,2023-12-20,8563
1210,大成,28,0,28,新光-新竹,2023-12-20,8563
2022,聚亨,28,0,28,新光-新竹,2023-12-20,8563
8011,台通,44,16,28,新光-新竹,2023-12-20,8563
2888,新光金,28,1,27,新光-新竹,2023-12-20,8563
3006,晶豪科,56,29,27,新光-新竹,2023-12-20,8563
6546,正基,27,1,26,新光-新竹,2023-12-20,8563
00922,國泰台灣領袖50,25,0,25,新光-新竹,2023-12-20,8563
6118,建達,25,0,25,新光-新竹,2023-12-20,8563
2405,輔信,25,0,25,新光-新竹,2023-12-20,8563
2027,大成鋼,26,3,23,新光-新竹,2023-12-20,8563
3033,威健,22,1,21,新光-新竹,2023-12-20,8563
3576,聯合再生,74,54,20,新光-新竹,2023-12-20,8563
5347,世界,30,10,20,新光-新竹,2023-12-20,8563
2547,日勝生,20,0,20,新光-新竹,2023-12-20,8563
2313,華通,39,20,19,新光-新竹,2023-12-20,8563
2882,國泰金,18,0,18,新光-新竹,2023-12-20,8563
00655L,國泰中國A50正2,17,0,17,新光-新竹,2023-12-20,8563
2524,京城,17,0,17,新光-新竹,2023-12-20,8563
00934,中信成長高股息,18,2,16,新光-新竹,2023-12-20,8563
2603,長榮,90,74,16,新光-新竹,2023-12-20,8563
00919,群益台灣精選高息,558,52,506,新光-新竹,2023-12-21,8563
00929,復華台灣科技優息,502,121,381,新光-新竹,2023-12-21,8563
2324,仁寶,536,246,290,新光-新竹,2023-12-21,8563
00687B,國泰20年美債,256,65,191,新光-新竹,2023-12-21,8563
2515,中工,255,96,159,新光-新竹,2023-12-21,8563
00715L,期街口布蘭特正2,158,10,148,新光-新竹,2023-12-21,8563
00680L,元大美債20正2,192,48,144,新光-新竹,2023-12-21,8563
8054,安國,303,181,122,新光-新竹,2023-12-21,8563
00632R,元大台灣50反1,196,101,95,新光-新竹,2023-12-21,8563
2812,台中銀,140,48,92,新光-新竹,2023-12-21,8563
00931B,統一美債20年,76,1,75,新光-新竹,2023-12-21,8563
00918,大華優利高填息30,73,7,66,新光-新竹,2023-12-21,8563
2883,凱基金,51,2,49,新光-新竹,2023-12-21,8563
1732,毛寶,108,59,49,新光-新竹,2023-12-21,8563
2002,中鋼,74,26,48,新光-新竹,2023-12-21,8563
2365,昆盈,55,9,46,新光-新竹,2023-12-21,8563
2603,長榮,354,313,41,新光-新竹,2023-12-21,8563
006208,富邦台50,44,2,42,新光-新竹,2023-12-21,8563
00688L,國泰20年美債正2,105,64,41,新光-新竹,2023-12-21,8563
2601,益航,59,19,40,新光-新竹,2023-12-21,8563
6901,鑽石投資,36,0,36,新光-新竹,2023-12-21,8563
2331,精英,210,175,35,新光-新竹,2023-12-21,8563
2888,新光金,35,2,33,新光-新竹,2023-12-21,8563
4306,炎洲,31,0,31,新光-新竹,2023-12-21,8563
2883B,凱基金乙特,30,0,30,新光-新竹,2023-12-21,8563
2303,聯電,37,7,30,新光-新竹,2023-12-21,8563
00891,中信關鍵半導體,27,0,27,新光-新竹,2023-12-21,8563
2330,台積電,33,7,26,新光-新竹,2023-12-21,8563
00753L,中信中國50正2,26,0,26,新光-新竹,2023-12-21,8563
0050,元大台灣50,27,1,26,新光-新竹,2023-12-21,8563
00719B,元大美債1-3,25,0,25,新光-新竹,2023-12-21,8563
5608,四維航,57,32,25,新光-新竹,2023-12-21,8563
00650L,復華香港正2,63,38,25,新光-新竹,2023-12-21,8563
6233,旺玖,29,4,25,新光-新竹,2023-12-21,8563
00706L,期元大S＆P日圓正2,30,6,24,新光-新竹,2023-12-21,8563
00648R,元大S＆P500反1,24,0,24,新光-新竹,2023-12-21,8563
00720B,元大投資級公司債,35,11,24,新光-新竹,2023-12-21,8563
00795B,中信美國公債20年,30,6,24,新光-新竹,2023-12-21,8563
00934,中信成長高股息,26,3,23,新光-新竹,2023-12-21,8563
00751B,元大AAA至A公司債,23,0,23,新光-新竹,2023-12-21,8563
2605,新興,32,9,23,新光-新竹,2023-12-21,8563
00675L,富邦臺灣加權正2,22,0,22,新光-新竹,2023-12-21,8563
3059,華晶科,25,3,22,新光-新竹,2023-12-21,8563
2636,台驊控股,67,45,22,新光-新竹,2023-12-21,8563
3264,欣銓,35,13,22,新光-新竹,2023-12-21,8563
2506,太設,34,13,21,新光-新竹,2023-12-21,8563
00922,國泰台灣領袖50,21,1,20,新光-新竹,2023-12-21,8563
3711,日月光投控,20,0,20,新光-新竹,2023-12-21,8563
2204,中華,21,1,20,新光-新竹,2023-12-21,8563
3522,御嵿,20,0,20,新光-新竹,2023-12-21,8563
00687B,國泰20年美債,323,162,161,新光-新竹,2023-12-22,8563
00937B,群益ESG投等債20,186,30,156,新光-新竹,2023-12-22,8563
00680L,元大美債20正2,251,102,149,新光-新竹,2023-12-22,8563
9105,泰金寶-DR,260,126,134,新光-新竹,2023-12-22,8563
00929,復華台灣科技優息,265,140,125,新光-新竹,2023-12-22,8563
00688L,國泰20年美債正2,530,408,122,新光-新竹,2023-12-22,8563
00665L,富邦�琤肭磪囓�2,142,25,117,新光-新竹,2023-12-22,8563
1733,五鼎,98,3,95,新光-新竹,2023-12-22,8563
2344,華邦電,289,202,87,新光-新竹,2023-12-22,8563
00795B,中信美國公債20年,171,93,78,新光-新竹,2023-12-22,8563
00919,群益台灣精選高息,157,91,66,新光-新竹,2023-12-22,8563
5009,榮剛,153,101,52,新光-新竹,2023-12-22,8563
2388,威盛,90,40,50,新光-新竹,2023-12-22,8563
2609,陽明,2141,2094,47,新光-新竹,2023-12-22,8563
2641,正德,97,51,46,新光-新竹,2023-12-22,8563
2312,金寶,45,0,45,新光-新竹,2023-12-22,8563
6546,正基,77,34,43,新光-新竹,2023-12-22,8563
00931B,統一美債20年,46,4,42,新光-新竹,2023-12-22,8563
00673R,期元大S＆P原油反1,45,5,40,新光-新竹,2023-12-22,8563
2408,南亞科,109,70,39,新光-新竹,2023-12-22,8563
2891,中信金,39,1,38,新光-新竹,2023-12-22,8563
1314,中石化,61,25,36,新光-新竹,2023-12-22,8563
3260,威剛,109,74,35,新光-新竹,2023-12-22,8563
4167,松瑞藥,35,0,35,新光-新竹,2023-12-22,8563
2498,宏達電,65,31,34,新光-新竹,2023-12-22,8563
1210,大成,32,1,31,新光-新竹,2023-12-22,8563
5469,瀚宇博,31,1,30,新光-新竹,2023-12-22,8563
00753L,中信中國50正2,29,0,29,新光-新竹,2023-12-22,8563
00764B,群益25年美債,27,0,27,新光-新竹,2023-12-22,8563
2636,台驊控股,44,17,27,新光-新竹,2023-12-22,8563
6757,台灣虎航,25,0,25,新光-新竹,2023-12-22,8563
00882,中信中國高股息,26,3,23,新光-新竹,2023-12-22,8563
8048,德勝,23,0,23,新光-新竹,2023-12-22,8563
0056,元大高股息,55,33,22,新光-新竹,2023-12-22,8563
2324,仁寶,108,86,22,新光-新竹,2023-12-22,8563
3059,華晶科,22,0,22,新光-新竹,2023-12-22,8563
1319,東陽,22,0,22,新光-新竹,2023-12-22,8563
8011,台通,21,1,20,新光-新竹,2023-12-22,8563
2905,三商,20,0,20,新光-新竹,2023-12-22,8563
6168,宏齊,19,0,19,新光-新竹,2023-12-22,8563
00857B,永豐20年美公債,20,1,19,新光-新竹,2023-12-22,8563
2014,中鴻,64,46,18,新光-新竹,2023-12-22,8563
00637L,元大滬深300正2,118,100,18,新光-新竹,2023-12-22,8563
2367,燿華,18,0,18,新光-新竹,2023-12-22,8563
3540,曜越,18,1,17,新光-新竹,2023-12-22,8563
2337,旺宏,36,19,17,新光-新竹,2023-12-22,8563
9945,潤泰新,16,0,16,新光-新竹,2023-12-22,8563
2406,國碩,16,0,16,新光-新竹,2023-12-22,8563
2201,裕隆,65,50,15,新光-新竹,2023-12-22,8563
2605,新興,26,11,15,新光-新竹,2023-12-22,8563
2609,陽明,1591,909,682,新光-新竹,2023-12-25,8563
00919,群益台灣精選高息,421,67,354,新光-新竹,2023-12-25,8563
00931B,統一美債20年,259,5,254,新光-新竹,2023-12-25,8563
00929,復華台灣科技優息,313,72,241,新光-新竹,2023-12-25,8563
00688L,國泰20年美債正2,328,185,143,新光-新竹,2023-12-25,8563
2610,華航,539,419,120,新光-新竹,2023-12-25,8563
00720B,元大投資級公司債,148,35,113,新光-新竹,2023-12-25,8563
00680L,元大美債20正2,97,16,81,新光-新竹,2023-12-25,8563
00937B,群益ESG投等債20,190,119,71,新光-新竹,2023-12-25,8563
2023,燁輝,106,36,70,新光-新竹,2023-12-25,8563
2356,英業達,264,197,67,新光-新竹,2023-12-25,8563
2369,菱生,68,6,62,新光-新竹,2023-12-25,8563
00933B,國泰10Y+金融債,143,82,61,新光-新竹,2023-12-25,8563
2641,正德,109,52,57,新光-新竹,2023-12-25,8563
5608,四維航,58,4,54,新光-新竹,2023-12-25,8563
2312,金寶,69,18,51,新光-新竹,2023-12-25,8563
00642U,期元大S＆P石油,50,0,50,新光-新竹,2023-12-25,8563
00706L,期元大S＆P日圓正2,50,2,48,新光-新竹,2023-12-25,8563
2022,聚亨,56,8,48,新光-新竹,2023-12-25,8563
6139,亞翔,69,21,48,新光-新竹,2023-12-25,8563
1605,華新,67,25,42,新光-新竹,2023-12-25,8563
2421,建準,103,64,39,新光-新竹,2023-12-25,8563
4510,高鋒,35,0,35,新光-新竹,2023-12-25,8563
2405,輔信,61,27,34,新光-新竹,2023-12-25,8563
4102,永日,536,502,34,新光-新竹,2023-12-25,8563
1718,中纖,32,0,32,新光-新竹,2023-12-25,8563
00719B,元大美債1-3,31,0,31,新光-新竹,2023-12-25,8563
1514,亞力,50,19,31,新光-新竹,2023-12-25,8563
8088,品安,138,110,28,新光-新竹,2023-12-25,8563
8011,台通,30,3,27,新光-新竹,2023-12-25,8563
00918,大華優利高填息30,26,0,26,新光-新竹,2023-12-25,8563
2801,彰銀,30,5,25,新光-新竹,2023-12-25,8563
1907,永豐餘,25,0,25,新光-新竹,2023-12-25,8563
00687B,國泰20年美債,202,177,25,新光-新竹,2023-12-25,8563
2362,藍天,28,4,24,新光-新竹,2023-12-25,8563
00885,富邦越南,24,0,24,新光-新竹,2023-12-25,8563
3346,麗清,77,53,24,新光-新竹,2023-12-25,8563
3706,神達,31,8,23,新光-新竹,2023-12-25,8563
2317,鴻海,36,13,23,新光-新竹,2023-12-25,8563
2355,敬鵬,25,3,22,新光-新竹,2023-12-25,8563
9105,泰金寶-DR,21,0,21,新光-新竹,2023-12-25,8563
5426,振發,23,2,21,新光-新竹,2023-12-25,8563
6216,居易,21,0,21,新光-新竹,2023-12-25,8563
00679B,元大美債20年,237,217,20,新光-新竹,2023-12-25,8563
00795B,中信美國公債20年,105,85,20,新光-新竹,2023-12-25,8563
00907,永豐優息存股,20,0,20,新光-新竹,2023-12-25,8563
4167,松瑞藥,21,1,20,新光-新竹,2023-12-25,8563
3437,榮創,20,0,20,新光-新竹,2023-12-25,8563
3059,華晶科,20,1,19,新光-新竹,2023-12-25,8563
6182,合晶,19,0,19,新光-新竹,2023-12-25,8563
00720B,元大投資級公司債,151,1,150,新光-新竹,2023-12-26,8563
00937B,群益ESG投等債20,143,21,122,新光-新竹,2023-12-26,8563
00632R,元大台灣50反1,307,200,107,新光-新竹,2023-12-26,8563
3481,群創,934,831,103,新光-新竹,2023-12-26,8563
00795B,中信美國公債20年,78,0,78,新光-新竹,2023-12-26,8563
00719B,元大美債1-3,65,2,63,新光-新竹,2023-12-26,8563
6116,彩晶,96,35,61,新光-新竹,2023-12-26,8563
00636,國泰中國A50,56,0,56,新光-新竹,2023-12-26,8563
00688L,國泰20年美債正2,178,125,53,新光-新竹,2023-12-26,8563
00712,復華富時不動產,73,20,53,新光-新竹,2023-12-26,8563
00763U,期街口道瓊銅,50,0,50,新光-新竹,2023-12-26,8563
00664R,國泰臺灣加權反1,50,0,50,新光-新竹,2023-12-26,8563
3673,TPK-KY,50,0,50,新光-新竹,2023-12-26,8563
2498,宏達電,57,10,47,新光-新竹,2023-12-26,8563
2324,仁寶,566,528,38,新光-新竹,2023-12-26,8563
2331,精英,98,61,37,新光-新竹,2023-12-26,8563
3694,海華,69,32,37,新光-新竹,2023-12-26,8563
00679B,元大美債20年,110,73,37,新光-新竹,2023-12-26,8563
2618,長榮航,62,25,37,新光-新竹,2023-12-26,8563
2358,廷鑫,35,0,35,新光-新竹,2023-12-26,8563
8039,台虹,168,134,34,新光-新竹,2023-12-26,8563
2609,陽明,688,656,32,新光-新竹,2023-12-26,8563
2405,輔信,58,27,31,新光-新竹,2023-12-26,8563
6139,亞翔,32,2,30,新光-新竹,2023-12-26,8563
3231,緯創,86,58,28,新光-新竹,2023-12-26,8563
00655L,國泰中國A50正2,28,0,28,新光-新竹,2023-12-26,8563
00669R,國泰美國道瓊反1,28,0,28,新光-新竹,2023-12-26,8563
00687B,國泰20年美債,127,99,28,新光-新竹,2023-12-26,8563
2353,宏��,488,463,25,新光-新竹,2023-12-26,8563
6216,居易,26,1,25,新光-新竹,2023-12-26,8563
3706,神達,28,4,24,新光-新竹,2023-12-26,8563
00673R,期元大S＆P原油反1,21,0,21,新光-新竹,2023-12-26,8563
00933B,國泰10Y+金融債,73,54,19,新光-新竹,2023-12-26,8563
2365,昆盈,66,47,19,新光-新竹,2023-12-26,8563
2515,中工,30,12,18,新光-新竹,2023-12-26,8563
00751B,元大AAA至A公司債,21,4,17,新光-新竹,2023-12-26,8563
3325,旭品,31,14,17,新光-新竹,2023-12-26,8563
00882,中信中國高股息,28,12,16,新光-新竹,2023-12-26,8563
6117,迎廣,183,167,16,新光-新竹,2023-12-26,8563
2834,臺企銀,19,3,16,新光-新竹,2023-12-26,8563
1325,恆大,15,0,15,新光-新竹,2023-12-26,8563
4167,松瑞藥,15,0,15,新光-新竹,2023-12-26,8563
00936,台新永續高息中小,15,0,15,新光-新竹,2023-12-26,8563
2465,麗臺,14,0,14,新光-新竹,2023-12-26,8563
8936,國統,23,10,13,新光-新竹,2023-12-26,8563
2745,五福,13,0,13,新光-新竹,2023-12-26,8563
00715L,期街口布蘭特正2,25,13,12,新光-新竹,2023-12-26,8563
5272,笙科,14,3,11,新光-新竹,2023-12-26,8563
2023,燁輝,39,28,11,新光-新竹,2023-12-26,8563
8085,福華,82,71,11,新光-新竹,2023-12-26,8563
00937B,群益ESG投等債20,514,170,344,新光-新竹,2023-12-27,8563
00673R,期元大S＆P原油反1,323,40,283,新光-新竹,2023-12-27,8563
00688L,國泰20年美債正2,287,13,274,新光-新竹,2023-12-27,8563
00919,群益台灣精選高息,416,156,260,新光-新竹,2023-12-27,8563
00753L,中信中國50正2,241,10,231,新光-新竹,2023-12-27,8563
2405,輔信,343,185,158,新光-新竹,2023-12-27,8563
4102,永日,517,363,154,新光-新竹,2023-12-27,8563
2324,仁寶,580,446,134,新光-新竹,2023-12-27,8563
00687B,國泰20年美債,197,73,124,新光-新竹,2023-12-27,8563
00929,復華台灣科技優息,311,195,116,新光-新竹,2023-12-27,8563
00632R,元大台灣50反1,149,35,114,新光-新竹,2023-12-27,8563
3481,群創,647,549,98,新光-新竹,2023-12-27,8563
2887,台新金,100,18,82,新光-新竹,2023-12-27,8563
00664R,國泰臺灣加權反1,79,0,79,新光-新竹,2023-12-27,8563
2353,宏��,745,669,76,新光-新竹,2023-12-27,8563
00934,中信成長高股息,97,35,62,新光-新竹,2023-12-27,8563
2329,華泰,81,20,61,新光-新竹,2023-12-27,8563
6799,來頡,65,6,59,新光-新竹,2023-12-27,8563
2388,威盛,111,60,51,新光-新竹,2023-12-27,8563
00830,國泰費城半導體,50,0,50,新光-新竹,2023-12-27,8563
00680L,元大美債20正2,82,33,49,新光-新竹,2023-12-27,8563
2002,中鋼,55,9,46,新光-新竹,2023-12-27,8563
2618,長榮航,61,21,40,新光-新竹,2023-12-27,8563
2610,華航,140,102,38,新光-新竹,2023-12-27,8563
2820,華票,35,1,34,新光-新竹,2023-12-27,8563
2331,精英,44,11,33,新光-新竹,2023-12-27,8563
00706L,期元大S＆P日圓正2,37,4,33,新光-新竹,2023-12-27,8563
2436,偉詮電,44,12,32,新光-新竹,2023-12-27,8563
6139,亞翔,38,6,32,新光-新竹,2023-12-27,8563
8936,國統,66,35,31,新光-新竹,2023-12-27,8563
00933B,國泰10Y+金融債,31,0,31,新光-新竹,2023-12-27,8563
6223,旺矽,31,3,28,新光-新竹,2023-12-27,8563
3545,敦泰,59,32,27,新光-新竹,2023-12-27,8563
00720B,元大投資級公司債,29,3,26,新光-新竹,2023-12-27,8563
6182,合晶,26,0,26,新光-新竹,2023-12-27,8563
6290,良維,29,3,26,新光-新竹,2023-12-27,8563
2606,裕民,39,15,24,新光-新竹,2023-12-27,8563
2312,金寶,26,3,23,新光-新竹,2023-12-27,8563
6679,鈺太,23,1,22,新光-新竹,2023-12-27,8563
1714,和桐,21,0,21,新光-新竹,2023-12-27,8563
8110,華東,21,0,21,新光-新竹,2023-12-27,8563
00751B,元大AAA至A公司債,29,8,21,新光-新竹,2023-12-27,8563
6191,精成科,24,4,20,新光-新竹,2023-12-27,8563
1907,永豐餘,25,5,20,新光-新竹,2023-12-27,8563
8163,達方,20,0,20,新光-新竹,2023-12-27,8563
3346,麗清,50,30,20,新光-新竹,2023-12-27,8563
1444,力麗,20,0,20,新光-新竹,2023-12-27,8563
3390,旭軟,78,59,19,新光-新竹,2023-12-27,8563
4167,松瑞藥,20,1,19,新光-新竹,2023-12-27,8563
3504,揚明光,21,2,19,新光-新竹,2023-12-27,8563
00937B,群益ESG投等債20,627,150,477,新光-新竹,2023-12-28,8563
00919,群益台灣精選高息,436,85,351,新光-新竹,2023-12-28,8563
4102,永日,254,101,153,新光-新竹,2023-12-28,8563
3390,旭軟,214,77,137,新光-新竹,2023-12-28,8563
00715L,期街口布蘭特正2,169,37,132,新光-新竹,2023-12-28,8563
00687B,國泰20年美債,143,45,98,新光-新竹,2023-12-28,8563
3706,神達,382,307,75,新光-新竹,2023-12-28,8563
2303,聯電,1298,1226,72,新光-新竹,2023-12-28,8563
00929,復華台灣科技優息,263,191,72,新光-新竹,2023-12-28,8563
00918,大華優利高填息30,78,18,60,新光-新竹,2023-12-28,8563
6139,亞翔,67,13,54,新光-新竹,2023-12-28,8563
00719B,元大美債1-3,50,0,50,新光-新竹,2023-12-28,8563
1815,富喬,48,0,48,新光-新竹,2023-12-28,8563
00632R,元大台灣50反1,83,37,46,新光-新竹,2023-12-28,8563
2449,京元電子,58,13,45,新光-新竹,2023-12-28,8563
00679B,元大美債20年,118,73,45,新光-新竹,2023-12-28,8563
00885,富邦越南,64,20,44,新光-新竹,2023-12-28,8563
00795B,中信美國公債20年,42,3,39,新光-新竹,2023-12-28,8563
00751B,元大AAA至A公司債,42,6,36,新光-新竹,2023-12-28,8563
3231,緯創,84,51,33,新光-新竹,2023-12-28,8563
00720B,元大投資級公司債,33,1,32,新光-新竹,2023-12-28,8563
00931B,統一美債20年,33,1,32,新光-新竹,2023-12-28,8563
2105,正新,31,0,31,新光-新竹,2023-12-28,8563
2845,遠東銀,30,0,30,新光-新竹,2023-12-28,8563
2367,燿華,55,28,27,新光-新竹,2023-12-28,8563
2313,華通,46,19,27,新光-新竹,2023-12-28,8563
4908,前鼎,29,3,26,新光-新竹,2023-12-28,8563
00933B,國泰10Y+金融債,25,0,25,新光-新竹,2023-12-28,8563
00631L,元大台灣50正2,29,7,22,新光-新竹,2023-12-28,8563
00722B,群益投資級電信債,22,0,22,新光-新竹,2023-12-28,8563
2368,金像電,28,7,21,新光-新竹,2023-12-28,8563
8110,華東,21,0,21,新光-新竹,2023-12-28,8563
00648R,元大S＆P500反1,20,0,20,新光-新竹,2023-12-28,8563
2739,寒舍,26,7,19,新光-新竹,2023-12-28,8563
1618,合機,42,23,19,新光-新竹,2023-12-28,8563
2618,長榮航,24,5,19,新光-新竹,2023-12-28,8563
3105,穩懋,28,9,19,新光-新竹,2023-12-28,8563
2337,旺宏,62,44,18,新光-新竹,2023-12-28,8563
2314,台揚,18,0,18,新光-新竹,2023-12-28,8563
3041,揚智,32,15,17,新光-新竹,2023-12-28,8563
2380,虹光,17,0,17,新光-新竹,2023-12-28,8563
6026,福邦證,17,0,17,新光-新竹,2023-12-28,8563
3545,敦泰,76,59,17,新光-新竹,2023-12-28,8563
00878,國泰永續高股息,213,196,17,新光-新竹,2023-12-28,8563
00934,中信成長高股息,56,40,16,新光-新竹,2023-12-28,8563
3035,智原,37,22,15,新光-新竹,2023-12-28,8563
6216,居易,15,0,15,新光-新竹,2023-12-28,8563
00696B,富邦美債20年,15,0,15,新光-新竹,2023-12-28,8563
3338,泰碩,23,8,15,新光-新竹,2023-12-28,8563
3037,欣興,20,5,15,新光-新竹,2023-12-28,8563
00688L,國泰20年美債正2,634,16,618,新光-新竹,2023-12-29,8563
00720B,元大投資級公司債,352,32,320,新光-新竹,2023-12-29,8563
00715L,期街口布蘭特正2,286,27,259,新光-新竹,2023-12-29,8563
00753L,中信中國50正2,245,0,245,新光-新竹,2023-12-29,8563
00937B,群益ESG投等債20,338,134,204,新光-新竹,2023-12-29,8563
2618,長榮航,203,14,189,新光-新竹,2023-12-29,8563
6695,芯鼎,188,11,177,新光-新竹,2023-12-29,8563
3006,晶豪科,182,88,94,新光-新竹,2023-12-29,8563
00687B,國泰20年美債,89,5,84,新光-新竹,2023-12-29,8563
2344,華邦電,177,105,72,新光-新竹,2023-12-29,8563
00680L,元大美債20正2,72,10,62,新光-新竹,2023-12-29,8563
00650L,復華香港正2,66,12,54,新光-新竹,2023-12-29,8563
3673,TPK-KY,53,0,53,新光-新竹,2023-12-29,8563
0056,元大高股息,102,49,53,新光-新竹,2023-12-29,8563
2801,彰銀,52,0,52,新光-新竹,2023-12-29,8563
2891,中信金,151,100,51,新光-新竹,2023-12-29,8563
00632R,元大台灣50反1,70,19,51,新光-新竹,2023-12-29,8563
1513,中興電,65,15,50,新光-新竹,2023-12-29,8563
00706L,期元大S＆P日圓正2,50,0,50,新光-新竹,2023-12-29,8563
00639,富邦深100,50,0,50,新光-新竹,2023-12-29,8563
00934,中信成長高股息,52,3,49,新光-新竹,2023-12-29,8563
3260,威剛,111,68,43,新光-新竹,2023-12-29,8563
2352,佳世達,188,145,43,新光-新竹,2023-12-29,8563
6233,旺玖,42,2,40,新光-新竹,2023-12-29,8563
00642U,期元大S＆P石油,39,0,39,新光-新竹,2023-12-29,8563
3276,宇環,39,4,35,新光-新竹,2023-12-29,8563
2474,可成,34,0,34,新光-新竹,2023-12-29,8563
2745,五福,34,0,34,新光-新竹,2023-12-29,8563
00891,中信關鍵半導體,44,10,34,新光-新竹,2023-12-29,8563
6187,萬潤,48,14,34,新光-新竹,2023-12-29,8563
9945,潤泰新,38,5,33,新光-新竹,2023-12-29,8563
1301,台塑,33,0,33,新光-新竹,2023-12-29,8563
8011,台通,72,40,32,新光-新竹,2023-12-29,8563
00633L,富邦上証正2,32,0,32,新光-新竹,2023-12-29,8563
2405,輔信,44,13,31,新光-新竹,2023-12-29,8563
1605,華新,33,3,30,新光-新竹,2023-12-29,8563
00919,群益台灣精選高息,184,154,30,新光-新竹,2023-12-29,8563
00888,永豐台灣ESG,36,7,29,新光-新竹,2023-12-29,8563
00713,元大台灣高息低波,27,0,27,新光-新竹,2023-12-29,8563
2516,新建,35,10,25,新光-新竹,2023-12-29,8563
4967,十銓,43,20,23,新光-新竹,2023-12-29,8563
00915,凱基優選高股息30,24,1,23,新光-新竹,2023-12-29,8563
3450,聯鈞,48,25,23,新光-新竹,2023-12-29,8563
3706,神達,68,45,23,新光-新竹,2023-12-29,8563
2442,新美齊,20,0,20,新光-新竹,2023-12-29,8563
4915,致伸,23,4,19,新光-新竹,2023-12-29,8563
3548,兆利,49,30,19,新光-新竹,2023-12-29,8563
2359,所羅門,18,0,18,新光-新竹,2023-12-29,8563
00931B,統一美債20年,22,5,17,新光-新竹,2023-12-29,8563
2748,雲品,67,50,17,新光-新竹,2023-12-29,8563
00688L,國泰20年美債正2,652,40,612,新光-新竹,2024-01-02,8563
00937B,群益ESG投等債20,443,24,419,新光-新竹,2024-01-02,8563
00680L,元大美債20正2,382,2,380,新光-新竹,2024-01-02,8563
00687B,國泰20年美債,253,27,226,新光-新竹,2024-01-02,8563
00919,群益台灣精選高息,302,110,192,新光-新竹,2024-01-02,8563
2609,陽明,1382,1272,110,新光-新竹,2024-01-02,8563
3231,緯創,188,84,104,新光-新竹,2024-01-02,8563
00934,中信成長高股息,188,94,94,新光-新竹,2024-01-02,8563
0056,元大高股息,263,171,92,新光-新竹,2024-01-02,8563
00751B,元大AAA至A公司債,94,4,90,新光-新竹,2024-01-02,8563
2352,佳世達,105,26,79,新光-新竹,2024-01-02,8563
00720B,元大投資級公司債,81,9,72,新光-新竹,2024-01-02,8563
2501,國建,68,11,57,新光-新竹,2024-01-02,8563
2382,廣達,185,140,45,新光-新竹,2024-01-02,8563
8163,達方,43,1,42,新光-新竹,2024-01-02,8563
00878,國泰永續高股息,243,204,39,新光-新竹,2024-01-02,8563
2615,萬海,157,117,40,新光-新竹,2024-01-02,8563
2641,正德,113,76,37,新光-新竹,2024-01-02,8563
1101,台泥,37,1,36,新光-新竹,2024-01-02,8563
5443,均豪,35,1,34,新光-新竹,2024-01-02,8563
8222,寶一,33,0,33,新光-新竹,2024-01-02,8563
00923,群益台ESG低碳50,33,0,33,新光-新竹,2024-01-02,8563
2903,遠百,31,0,31,新光-新竹,2024-01-02,8563
5465,富驊,30,0,30,新光-新竹,2024-01-02,8563
5515,建國,34,4,30,新光-新竹,2024-01-02,8563
00918,大華優利高填息30,36,7,29,新光-新竹,2024-01-02,8563
00931B,統一美債20年,68,39,29,新光-新竹,2024-01-02,8563
2516,新建,40,13,27,新光-新竹,2024-01-02,8563
00650L,復華香港正2,36,11,25,新光-新竹,2024-01-02,8563
4102,永日,65,40,25,新光-新竹,2024-01-02,8563
2344,華邦電,62,38,24,新光-新竹,2024-01-02,8563
2891,中信金,130,106,24,新光-新竹,2024-01-02,8563
6689,伊雲谷,25,2,23,新光-新竹,2024-01-02,8563
2241,艾姆勒,23,0,23,新光-新竹,2024-01-02,8563
00637L,元大滬深300正2,33,10,23,新光-新竹,2024-01-02,8563
2303,聯電,71,48,23,新光-新竹,2024-01-02,8563
1605,華新,23,1,22,新光-新竹,2024-01-02,8563
2890,永豐金,22,0,22,新光-新竹,2024-01-02,8563
3325,旭品,26,5,21,新光-新竹,2024-01-02,8563
00655L,國泰中國A50正2,20,0,20,新光-新竹,2024-01-02,8563
4919,新唐,25,5,20,新光-新竹,2024-01-02,8563
5347,世界,23,4,19,新光-新竹,2024-01-02,8563
4541,晟田,19,0,19,新光-新竹,2024-01-02,8563
3017,奇鋐,39,20,19,新光-新竹,2024-01-02,8563
1905,華紙,20,2,18,新光-新竹,2024-01-02,8563
4909,新復興,20,2,18,新光-新竹,2024-01-02,8563
2812,台中銀,88,70,18,新光-新竹,2024-01-02,8563
5425,台半,46,29,17,新光-新竹,2024-01-02,8563
1612,宏泰,29,12,17,新光-新竹,2024-01-02,8563
8054,安國,22,5,17,新光-新竹,2024-01-02,8563
00929,復華台灣科技優息,1137,45,1092,新光-新竹,2024-01-03,8563
8110,華東,408,0,408,新光-新竹,2024-01-03,8563
00919,群益台灣精選高息,383,28,355,新光-新竹,2024-01-03,8563
00715L,期街口布蘭特正2,357,3,354,新光-新竹,2024-01-03,8563
00688L,國泰20年美債正2,352,34,318,新光-新竹,2024-01-03,8563
00725B,國泰投資級公司債,235,0,235,新光-新竹,2024-01-03,8563
00937B,群益ESG投等債20,234,0,234,新光-新竹,2024-01-03,8563
2609,陽明,1162,971,191,新光-新竹,2024-01-03,8563
00882,中信中國高股息,191,13,178,新光-新竹,2024-01-03,8563
00935,野村臺灣新科技50,107,0,107,新光-新竹,2024-01-03,8563
9105,泰金寶-DR,152,48,104,新光-新竹,2024-01-03,8563
00764B,群益25年美債,102,0,102,新光-新竹,2024-01-03,8563
00922,國泰台灣領袖50,89,1,88,新光-新竹,2024-01-03,8563
00934,中信成長高股息,102,23,79,新光-新竹,2024-01-03,8563
2603,長榮,157,80,77,新光-新竹,2024-01-03,8563
2356,英業達,96,29,67,新光-新竹,2024-01-03,8563
4102,永日,110,44,66,新光-新竹,2024-01-03,8563
2885,元大金,65,1,64,新光-新竹,2024-01-03,8563
00927,群益半導體收益,63,0,63,新光-新竹,2024-01-03,8563
00878,國泰永續高股息,229,171,58,新光-新竹,2024-01-03,8563
1605,華新,77,21,56,新光-新竹,2024-01-03,8563
2303,聯電,85,31,54,新光-新竹,2024-01-03,8563
2618,長榮航,945,892,53,新光-新竹,2024-01-03,8563
00770,國泰北美科技,52,0,52,新光-新竹,2024-01-03,8563
3706,神達,47,0,47,新光-新竹,2024-01-03,8563
5426,振發,50,4,46,新光-新竹,2024-01-03,8563
2330,台積電,55,9,46,新光-新竹,2024-01-03,8563
2241,艾姆勒,45,0,45,新光-新竹,2024-01-03,8563
2610,華航,102,61,41,新光-新竹,2024-01-03,8563
2376,技嘉,78,37,41,新光-新竹,2024-01-03,8563
4915,致伸,42,2,40,新光-新竹,2024-01-03,8563
00931B,統一美債20年,39,0,39,新光-新竹,2024-01-03,8563
2362,藍天,341,304,37,新光-新竹,2024-01-03,8563
00923,群益台ESG低碳50,42,5,37,新光-新竹,2024-01-03,8563
00930,永豐ESG低碳高息,34,0,34,新光-新竹,2024-01-03,8563
0050,元大台灣50,53,19,34,新光-新竹,2024-01-03,8563
2331,精英,79,48,31,新光-新竹,2024-01-03,8563
00719B,元大美債1-3,31,0,31,新光-新竹,2024-01-03,8563
5452,佶優,31,0,31,新光-新竹,2024-01-03,8563
00902,中信電池及儲能,31,0,31,新光-新竹,2024-01-03,8563
00877,復華中國5G,30,0,30,新光-新竹,2024-01-03,8563
9911,櫻花,30,0,30,新光-新竹,2024-01-03,8563
2886,兆豐金,34,6,28,新光-新竹,2024-01-03,8563
5234,達興材料,28,0,28,新光-新竹,2024-01-03,8563
00881,國泰台灣5G+,29,2,27,新光-新竹,2024-01-03,8563
2889,國票金,27,0,27,新光-新竹,2024-01-03,8563
00692,富邦公司治理,27,0,27,新光-新竹,2024-01-03,8563
00687B,國泰20年美債,55,29,26,新光-新竹,2024-01-03,8563
2363,矽統,62,39,23,新光-新竹,2024-01-03,8563
2380,虹光,23,0,23,新光-新竹,2024-01-03,8563
00688L,國泰20年美債正2,1205,7,1198,新光-新竹,2024-01-04,8563
00929,復華台灣科技優息,499,28,471,新光-新竹,2024-01-04,8563
00725B,國泰投資級公司債,190,8,182,新光-新竹,2024-01-04,8563
00706L,期元大S＆P日圓正2,163,2,161,新光-新竹,2024-01-04,8563
00937B,群益ESG投等債20,155,6,149,新光-新竹,2024-01-04,8563
00712,復華富時不動產,313,199,114,新光-新竹,2024-01-04,8563
00720B,元大投資級公司債,263,149,114,新光-新竹,2024-01-04,8563
00881,國泰台灣5G+,107,0,107,新光-新竹,2024-01-04,8563
2367,燿華,113,11,102,新光-新竹,2024-01-04,8563
00927,群益半導體收益,92,0,92,新光-新竹,2024-01-04,8563
2615,萬海,283,195,88,新光-新竹,2024-01-04,8563
4102,永日,271,186,85,新光-新竹,2024-01-04,8563
0056,元大高股息,87,17,70,新光-新竹,2024-01-04,8563
00882,中信中國高股息,90,20,70,新光-新竹,2024-01-04,8563
2241,艾姆勒,64,0,64,新光-新竹,2024-01-04,8563
6695,芯鼎,97,33,64,新光-新竹,2024-01-04,8563
00715L,期街口布蘭特正2,270,217,53,新光-新竹,2024-01-04,8563
2605,新興,105,56,49,新光-新竹,2024-01-04,8563
6140,訊達,276,227,49,新光-新竹,2024-01-04,8563
2362,藍天,61,13,48,新光-新竹,2024-01-04,8563
006208,富邦台50,48,5,43,新光-新竹,2024-01-04,8563
00751B,元大AAA至A公司債,62,20,42,新光-新竹,2024-01-04,8563
00878,國泰永續高股息,65,23,42,新光-新竹,2024-01-04,8563
00680L,元大美債20正2,120,80,40,新光-新竹,2024-01-04,8563
00650L,復華香港正2,51,12,39,新光-新竹,2024-01-04,8563
2449,京元電子,40,2,38,新光-新竹,2024-01-04,8563
5225,東科-KY,38,0,38,新光-新竹,2024-01-04,8563
2303,聯電,50,13,37,新光-新竹,2024-01-04,8563
00673R,期元大S＆P原油反1,41,4,37,新光-新竹,2024-01-04,8563
4541,晟田,36,0,36,新光-新竹,2024-01-04,8563
3673,TPK-KY,46,11,35,新光-新竹,2024-01-04,8563
2609,陽明,1510,1477,33,新光-新竹,2024-01-04,8563
00877,復華中國5G,31,0,31,新光-新竹,2024-01-04,8563
9919,康那香,234,204,30,新光-新竹,2024-01-04,8563
00687B,國泰20年美債,56,26,30,新光-新竹,2024-01-04,8563
6546,正基,35,6,29,新光-新竹,2024-01-04,8563
00933B,國泰10Y+金融債,29,0,29,新光-新竹,2024-01-04,8563
9105,泰金寶-DR,28,0,28,新光-新竹,2024-01-04,8563
00679B,元大美債20年,132,105,27,新光-新竹,2024-01-04,8563
5426,振發,31,5,26,新光-新竹,2024-01-04,8563
00719B,元大美債1-3,25,0,25,新光-新竹,2024-01-04,8563
00655L,國泰中國A50正2,25,0,25,新光-新竹,2024-01-04,8563
00891,中信關鍵半導體,40,15,25,新光-新竹,2024-01-04,8563
3004,豐達科,25,1,24,新光-新竹,2024-01-04,8563
00770,國泰北美科技,23,0,23,新光-新竹,2024-01-04,8563
00753L,中信中國50正2,23,0,23,新光-新竹,2024-01-04,8563
4743,合一,44,23,21,新光-新竹,2024-01-04,8563
3706,神達,75,55,20,新光-新竹,2024-01-04,8563
6616,特昇-KY,19,0,19,新光-新竹,2024-01-04,8563
2486,一詮,102,84,18,新光-新竹,2024-01-04,8563
00688L,國泰20年美債正2,642,50,592,新光-新竹,2024-01-05,8563
00929,復華台灣科技優息,503,128,375,新光-新竹,2024-01-05,8563
00937B,群益ESG投等債20,277,33,244,新光-新竹,2024-01-05,8563
2610,華航,232,16,216,新光-新竹,2024-01-05,8563
00919,群益台灣精選高息,203,57,146,新光-新竹,2024-01-05,8563
2409,友達,284,195,89,新光-新竹,2024-01-05,8563
00725B,國泰投資級公司債,86,4,82,新光-新竹,2024-01-05,8563
00712,復華富時不動產,62,0,62,新光-新竹,2024-01-05,8563
4102,永日,153,93,60,新光-新竹,2024-01-05,8563
00706L,期元大S＆P日圓正2,58,0,58,新光-新竹,2024-01-05,8563
2618,長榮航,138,82,56,新光-新竹,2024-01-05,8563
8096,擎亞,264,210,54,新光-新竹,2024-01-05,8563
1815,富喬,51,0,51,新光-新竹,2024-01-05,8563
2340,台亞,48,2,46,新光-新竹,2024-01-05,8563
2241,艾姆勒,46,0,46,新光-新竹,2024-01-05,8563
1732,毛寶,126,81,45,新光-新竹,2024-01-05,8563
00719B,元大美債1-3,42,0,42,新光-新竹,2024-01-05,8563
00882,中信中國高股息,42,2,40,新光-新竹,2024-01-05,8563
2834,臺企銀,48,10,38,新光-新竹,2024-01-05,8563
2612,中航,50,15,35,新光-新竹,2024-01-05,8563
00679B,元大美債20年,76,43,33,新光-新竹,2024-01-05,8563
00770,國泰北美科技,32,0,32,新光-新竹,2024-01-05,8563
00795B,中信美國公債20年,46,14,32,新光-新竹,2024-01-05,8563
3576,聯合再生,29,0,29,新光-新竹,2024-01-05,8563
2317,鴻海,65,39,26,新光-新竹,2024-01-05,8563
2377,微星,27,2,25,新光-新竹,2024-01-05,8563
6243,迅杰,61,36,25,新光-新竹,2024-01-05,8563
3706,神達,40,16,24,新光-新竹,2024-01-05,8563
2891,中信金,24,1,23,新光-新竹,2024-01-05,8563
6290,良維,38,16,22,新光-新竹,2024-01-05,8563
00687B,國泰20年美債,190,168,22,新光-新竹,2024-01-05,8563
00720B,元大投資級公司債,71,50,21,新光-新竹,2024-01-05,8563
5871,中租-KY,21,0,21,新光-新竹,2024-01-05,8563
1605,華新,32,12,20,新光-新竹,2024-01-05,8563
2543,皇昌,22,2,20,新光-新竹,2024-01-05,8563
1325,恆大,44,24,20,新光-新竹,2024-01-05,8563
6285,啟��,24,4,20,新光-新竹,2024-01-05,8563
3059,華晶科,20,1,19,新光-新竹,2024-01-05,8563
00930,永豐ESG低碳高息,19,0,19,新光-新竹,2024-01-05,8563
00637L,元大滬深300正2,40,21,19,新光-新竹,2024-01-05,8563
6112,邁達特,20,1,19,新光-新竹,2024-01-05,8563
2344,華邦電,34,16,18,新光-新竹,2024-01-05,8563
6530,創威,19,1,18,新光-新竹,2024-01-05,8563
00934,中信成長高股息,18,0,18,新光-新竹,2024-01-05,8563
0056,元大高股息,49,33,16,新光-新竹,2024-01-05,8563
2353,宏��,106,89,17,新光-新竹,2024-01-05,8563
8936,國統,15,0,15,新光-新竹,2024-01-05,8563
2014,中鴻,15,0,15,新光-新竹,2024-01-05,8563
6016,康和證,15,0,15,新光-新竹,2024-01-05,8563
4167,松瑞藥,49,35,14,新光-新竹,2024-01-05,8563
2317,鴻海,565,53,512,新光-新竹,2024-01-08,8563
00688L,國泰20年美債正2,724,247,477,新光-新竹,2024-01-08,8563
00665L,富邦�琤肭磪囓�2,440,8,432,新光-新竹,2024-01-08,8563
00937B,群益ESG投等債20,488,98,390,新光-新竹,2024-01-08,8563
00753L,中信中國50正2,303,26,277,新光-新竹,2024-01-08,8563
00687B,國泰20年美債,343,116,227,新光-新竹,2024-01-08,8563
00725B,國泰投資級公司債,207,6,201,新光-新竹,2024-01-08,8563
00712,復華富時不動產,140,30,110,新光-新竹,2024-01-08,8563
3481,群創,1450,1340,110,新光-新竹,2024-01-08,8563
00919,群益台灣精選高息,190,102,88,新光-新竹,2024-01-08,8563
00637L,元大滬深300正2,273,200,73,新光-新竹,2024-01-08,8563
2353,宏��,422,356,66,新光-新竹,2024-01-08,8563
00929,復華台灣科技優息,667,606,61,新光-新竹,2024-01-08,8563
2543,皇昌,67,7,60,新光-新竹,2024-01-08,8563
2303,聯電,271,212,59,新光-新竹,2024-01-08,8563
5880,合庫金,65,6,59,新光-新竹,2024-01-08,8563
2101,南港,57,1,56,新光-新竹,2024-01-08,8563
4909,新復興,96,51,45,新光-新竹,2024-01-08,8563
00882,中信中國高股息,45,1,44,新光-新竹,2024-01-08,8563
00650L,復華香港正2,59,15,44,新光-新竹,2024-01-08,8563
2363,矽統,68,25,43,新光-新竹,2024-01-08,8563
00931B,統一美債20年,39,0,39,新光-新竹,2024-01-08,8563
4102,永日,196,159,37,新光-新竹,2024-01-08,8563
2412,中華電,34,0,34,新光-新竹,2024-01-08,8563
6770,力積電,636,605,31,新光-新竹,2024-01-08,8563
8222,寶一,42,11,31,新光-新竹,2024-01-08,8563
2520,冠德,58,27,31,新光-新竹,2024-01-08,8563
00877,復華中國5G,31,0,31,新光-新竹,2024-01-08,8563
00726B,國泰新興投等債,28,0,28,新光-新竹,2024-01-08,8563
00934,中信成長高股息,50,23,27,新光-新竹,2024-01-08,8563
6231,系微,26,0,26,新光-新竹,2024-01-08,8563
8096,擎亞,57,31,26,新光-新竹,2024-01-08,8563
3059,華晶科,25,0,25,新光-新竹,2024-01-08,8563
00795B,中信美國公債20年,27,5,22,新光-新竹,2024-01-08,8563
8085,福華,45,23,22,新光-新竹,2024-01-08,8563
3046,建��,41,20,21,新光-新竹,2024-01-08,8563
2634,漢翔,26,6,20,新光-新竹,2024-01-08,8563
00632R,元大台灣50反1,89,70,19,新光-新竹,2024-01-08,8563
5009,榮剛,20,1,19,新光-新竹,2024-01-08,8563
4961,天鈺,19,1,18,新光-新竹,2024-01-08,8563
00631L,元大台灣50正2,23,5,18,新光-新竹,2024-01-08,8563
2888,新光金,31,13,18,新光-新竹,2024-01-08,8563
5347,世界,19,2,17,新光-新竹,2024-01-08,8563
4147,中裕,20,3,17,新光-新竹,2024-01-08,8563
2615,萬海,36,19,17,新光-新竹,2024-01-08,8563
2027,大成鋼,17,0,17,新光-新竹,2024-01-08,8563
2547,日勝生,17,0,17,新光-新竹,2024-01-08,8563
1316,上曜,17,0,17,新光-新竹,2024-01-08,8563
1721,三晃,22,5,17,新光-新竹,2024-01-08,8563
2605,新興,75,58,17,新光-新竹,2024-01-08,8563
00919,群益台灣精選高息,546,112,434,新光-新竹,2024-01-09,8563
00680L,元大美債20正2,290,25,265,新光-新竹,2024-01-09,8563
00715L,期街口布蘭特正2,250,15,235,新光-新竹,2024-01-09,8563
4102,永日,198,53,145,新光-新竹,2024-01-09,8563
00764B,群益25年美債,130,0,130,新光-新竹,2024-01-09,8563
9105,泰金寶-DR,173,50,123,新光-新竹,2024-01-09,8563
00929,復華台灣科技優息,254,141,113,新光-新竹,2024-01-09,8563
00937B,群益ESG投等債20,104,0,104,新光-新竹,2024-01-09,8563
00687B,國泰20年美債,115,15,100,新光-新竹,2024-01-09,8563
00931B,統一美債20年,86,0,86,新光-新竹,2024-01-09,8563
2317,鴻海,94,11,83,新光-新竹,2024-01-09,8563
2362,藍天,121,40,81,新光-新竹,2024-01-09,8563
00751B,元大AAA至A公司債,90,14,76,新光-新竹,2024-01-09,8563
00720B,元大投資級公司債,96,22,74,新光-新竹,2024-01-09,8563
2323,中環,68,0,68,新光-新竹,2024-01-09,8563
8467,波力-KY,157,96,61,新光-新竹,2024-01-09,8563
2486,一詮,57,7,50,新光-新竹,2024-01-09,8563
2610,華航,53,4,49,新光-新竹,2024-01-09,8563
2356,英業達,174,128,46,新光-新竹,2024-01-09,8563
2615,萬海,72,26,46,新光-新竹,2024-01-09,8563
0056,元大高股息,63,20,43,新光-新竹,2024-01-09,8563
3346,麗清,52,9,43,新光-新竹,2024-01-09,8563
5469,瀚宇博,42,4,38,新光-新竹,2024-01-09,8563
2812,台中銀,57,25,32,新光-新竹,2024-01-09,8563
2101,南港,34,2,32,新光-新竹,2024-01-09,8563
00697B,元大美債7-10,30,0,30,新光-新竹,2024-01-09,8563
00752,中信中國50,30,0,30,新光-新竹,2024-01-09,8563
4909,新復興,35,6,29,新光-新竹,2024-01-09,8563
2368,金像電,37,10,27,新光-新竹,2024-01-09,8563
3312,弘憶股,27,0,27,新光-新竹,2024-01-09,8563
00688L,國泰20年美債正2,246,220,26,新光-新竹,2024-01-09,8563
00642U,期元大S＆P石油,25,0,25,新光-新竹,2024-01-09,8563
00933B,國泰10Y+金融債,25,0,25,新光-新竹,2024-01-09,8563
2520,冠德,35,10,25,新光-新竹,2024-01-09,8563
8111,立��,82,57,25,新光-新竹,2024-01-09,8563
6216,居易,50,27,23,新光-新竹,2024-01-09,8563
1516,川飛,23,0,23,新光-新竹,2024-01-09,8563
4164,承業醫,23,0,23,新光-新竹,2024-01-09,8563
1314,中石化,22,0,22,新光-新竹,2024-01-09,8563
6684,安格,52,31,21,新光-新竹,2024-01-09,8563
2641,正德,80,59,21,新光-新竹,2024-01-09,8563
2838,聯邦銀,20,0,20,新光-新竹,2024-01-09,8563
00757,統一FANG+,20,0,20,新光-新竹,2024-01-09,8563
00893,國泰智能電動車,21,1,20,新光-新竹,2024-01-09,8563
1733,五鼎,28,8,20,新光-新竹,2024-01-09,8563
00892,富邦台灣半導體,20,0,20,新光-新竹,2024-01-09,8563
2062,橋椿,20,0,20,新光-新竹,2024-01-09,8563
2442,新美齊,19,0,19,新光-新竹,2024-01-09,8563
00885,富邦越南,33,14,19,新光-新竹,2024-01-09,8563
4927,泰鼎-KY,18,0,18,新光-新竹,2024-01-09,8563
00919,群益台灣精選高息,628,83,545,新光-新竹,2024-01-10,8563
00929,復華台灣科技優息,355,8,347,新光-新竹,2024-01-10,8563
00679B,元大美債20年,291,0,291,新光-新竹,2024-01-10,8563
00688L,國泰20年美債正2,284,20,264,新光-新竹,2024-01-10,8563
00632R,元大台灣50反1,240,4,236,新光-新竹,2024-01-10,8563
6140,訊達,262,82,180,新光-新竹,2024-01-10,8563
6116,彩晶,110,0,110,新光-新竹,2024-01-10,8563
4909,新復興,198,92,106,新光-新竹,2024-01-10,8563
9105,泰金寶-DR,135,30,105,新光-新竹,2024-01-10,8563
00719B,元大美債1-3,104,0,104,新光-新竹,2024-01-10,8563
00720B,元大投資級公司債,105,3,102,新光-新竹,2024-01-10,8563
6462,神盾,247,151,96,新光-新竹,2024-01-10,8563
00882,中信中國高股息,104,10,94,新光-新竹,2024-01-10,8563
4102,永日,273,180,93,新光-新竹,2024-01-10,8563
0050,元大台灣50,91,0,91,新光-新竹,2024-01-10,8563
00706L,期元大S＆P日圓正2,88,0,88,新光-新竹,2024-01-10,8563
2101,南港,101,14,87,新光-新竹,2024-01-10,8563
00673R,期元大S＆P原油反1,84,0,84,新光-新竹,2024-01-10,8563
00753L,中信中國50正2,143,61,82,新光-新竹,2024-01-10,8563
0056,元大高股息,96,17,79,新光-新竹,2024-01-10,8563
00680L,元大美債20正2,78,15,63,新光-新竹,2024-01-10,8563
00751B,元大AAA至A公司債,77,19,58,新光-新竹,2024-01-10,8563
00937B,群益ESG投等債20,82,25,57,新光-新竹,2024-01-10,8563
2610,華航,73,18,55,新光-新竹,2024-01-10,8563
1605,華新,67,17,50,新光-新竹,2024-01-10,8563
5465,富驊,50,3,47,新光-新竹,2024-01-10,8563
00665L,富邦�琤肭磪囓�2,43,0,43,新光-新竹,2024-01-10,8563
3346,麗清,39,3,36,新光-新竹,2024-01-10,8563
2474,可成,50,15,35,新光-新竹,2024-01-10,8563
00933B,國泰10Y+金融債,44,10,34,新光-新竹,2024-01-10,8563
00687B,國泰20年美債,38,5,33,新光-新竹,2024-01-10,8563
2880,華南金,63,30,33,新光-新竹,2024-01-10,8563
2618,長榮航,70,40,30,新光-新竹,2024-01-10,8563
6290,良維,30,2,28,新光-新竹,2024-01-10,8563
1603,華電,37,10,27,新光-新竹,2024-01-10,8563
3338,泰碩,26,0,26,新光-新竹,2024-01-10,8563
00905,FT臺灣Smart,26,0,26,新光-新竹,2024-01-10,8563
6139,亞翔,54,29,25,新光-新竹,2024-01-10,8563
2891,中信金,84,60,24,新光-新竹,2024-01-10,8563
2442,新美齊,40,16,24,新光-新竹,2024-01-10,8563
2317,鴻海,28,4,24,新光-新竹,2024-01-10,8563
2897,王道銀行,23,0,23,新光-新竹,2024-01-10,8563
5351,鈺創,33,11,22,新光-新竹,2024-01-10,8563
00675L,富邦臺灣加權正2,22,0,22,新光-新竹,2024-01-10,8563
6805,富世達,21,0,21,新光-新竹,2024-01-10,8563
2353,宏��,72,51,21,新光-新竹,2024-01-10,8563
3055,蔚華科,153,132,21,新光-新竹,2024-01-10,8563
00770,國泰北美科技,21,0,21,新光-新竹,2024-01-10,8563
3032,偉訓,41,20,21,新光-新竹,2024-01-10,8563
2301,光寶科,27,7,20,新光-新竹,2024-01-10,8563
00929,復華台灣科技優息,984,30,954,新光-新竹,2024-01-11,8563
00632R,元大台灣50反1,311,18,293,新光-新竹,2024-01-11,8563
00688L,國泰20年美債正2,207,20,187,新光-新竹,2024-01-11,8563
00680L,元大美債20正2,188,20,168,新光-新竹,2024-01-11,8563
00927,群益半導體收益,109,0,109,新光-新竹,2024-01-11,8563
00770,國泰北美科技,107,2,105,新光-新竹,2024-01-11,8563
3006,晶豪科,110,12,98,新光-新竹,2024-01-11,8563
00679B,元大美債20年,109,14,95,新光-新竹,2024-01-11,8563
6239,力成,116,39,77,新光-新竹,2024-01-11,8563
4102,永日,98,24,74,新光-新竹,2024-01-11,8563
6120,達運,387,315,72,新光-新竹,2024-01-11,8563
00631L,元大台灣50正2,83,11,72,新光-新竹,2024-01-11,8563
00937B,群益ESG投等債20,69,0,69,新光-新竹,2024-01-11,8563
00919,群益台灣精選高息,170,102,68,新光-新竹,2024-01-11,8563
00706L,期元大S＆P日圓正2,67,0,67,新光-新竹,2024-01-11,8563
00933B,國泰10Y+金融債,60,0,60,新光-新竹,2024-01-11,8563
5351,鈺創,425,371,54,新光-新竹,2024-01-11,8563
4956,光鋐,103,50,53,新光-新竹,2024-01-11,8563
00715L,期街口布蘭特正2,59,6,53,新光-新竹,2024-01-11,8563
2353,宏��,133,83,50,新光-新竹,2024-01-11,8563
00719B,元大美債1-3,80,30,50,新光-新竹,2024-01-11,8563
2882,國泰金,47,0,47,新光-新竹,2024-01-11,8563
2388,威盛,102,55,47,新光-新竹,2024-01-11,8563
2371,大同,101,58,43,新光-新竹,2024-01-11,8563
2449,京元電子,76,35,41,新光-新竹,2024-01-11,8563
2609,陽明,167,127,40,新光-新竹,2024-01-11,8563
4532,瑞智,39,0,39,新光-新竹,2024-01-11,8563
00751B,元大AAA至A公司債,41,4,37,新光-新竹,2024-01-11,8563
00878,國泰永續高股息,55,18,37,新光-新竹,2024-01-11,8563
2897,王道銀行,40,4,36,新光-新竹,2024-01-11,8563
00935,野村臺灣新科技50,36,0,36,新光-新竹,2024-01-11,8563
00712,復華富時不動產,58,23,35,新光-新竹,2024-01-11,8563
1714,和桐,32,0,32,新光-新竹,2024-01-11,8563
2467,志聖,31,0,31,新光-新竹,2024-01-11,8563
00670L,富邦NASDAQ正2,37,7,30,新光-新竹,2024-01-11,8563
1514,亞力,92,62,30,新光-新竹,2024-01-11,8563
6026,福邦證,30,0,30,新光-新竹,2024-01-11,8563
00762,元大全球AI,29,0,29,新光-新竹,2024-01-11,8563
00687B,國泰20年美債,29,0,29,新光-新竹,2024-01-11,8563
00882,中信中國高股息,31,4,27,新光-新竹,2024-01-11,8563
2867,三商壽,26,0,26,新光-新竹,2024-01-11,8563
2303,聯電,28,3,25,新光-新竹,2024-01-11,8563
6533,晶心科,30,5,25,新光-新竹,2024-01-11,8563
2615,萬海,31,7,24,新光-新竹,2024-01-11,8563
5309,系統電,37,13,24,新光-新竹,2024-01-11,8563
2409,友達,37,15,22,新光-新竹,2024-01-11,8563
2618,長榮航,30,8,22,新光-新竹,2024-01-11,8563
6695,芯鼎,141,119,22,新光-新竹,2024-01-11,8563
8112,至上,35,14,21,新光-新竹,2024-01-11,8563
3188,鑫龍騰,20,0,20,新光-新竹,2024-01-11,8563
00929,復華台灣科技優息,574,47,527,新光-新竹,2024-01-12,8563
4102,永日,276,99,177,新光-新竹,2024-01-12,8563
2371,大同,190,21,169,新光-新竹,2024-01-12,8563
2884,玉山金,126,0,126,新光-新竹,2024-01-12,8563
4909,新復興,210,91,119,新光-新竹,2024-01-12,8563
0056,元大高股息,172,57,115,新光-新竹,2024-01-12,8563
00687B,國泰20年美債,111,2,109,新光-新竹,2024-01-12,8563
1714,和桐,80,0,80,新光-新竹,2024-01-12,8563
00937B,群益ESG投等債20,107,28,79,新光-新竹,2024-01-12,8563
00770,國泰北美科技,79,1,78,新光-新竹,2024-01-12,8563
6233,旺玖,65,2,63,新光-新竹,2024-01-12,8563
00673R,期元大S＆P原油反1,61,0,61,新光-新竹,2024-01-12,8563
6451,訊芯-KY,135,85,50,新光-新竹,2024-01-12,8563
00936,台新永續高息中小,50,0,50,新光-新竹,2024-01-12,8563
8443,阿瘦,50,0,50,新光-新竹,2024-01-12,8563
2891,中信金,53,4,49,新光-新竹,2024-01-12,8563
00882,中信中國高股息,48,0,48,新光-新竹,2024-01-12,8563
6770,力積電,49,3,46,新光-新竹,2024-01-12,8563
00720B,元大投資級公司債,61,16,45,新光-新竹,2024-01-12,8563
5426,振發,348,305,43,新光-新竹,2024-01-12,8563
00885,富邦越南,40,0,40,新光-新竹,2024-01-12,8563
00712,復華富時不動產,40,2,38,新光-新竹,2024-01-12,8563
00933B,國泰10Y+金融債,40,3,37,新光-新竹,2024-01-12,8563
2457,飛宏,42,8,34,新光-新竹,2024-01-12,8563
2890,永豐金,32,0,32,新光-新竹,2024-01-12,8563
2543,皇昌,34,3,31,新光-新竹,2024-01-12,8563
00753L,中信中國50正2,31,0,31,新光-新竹,2024-01-12,8563
5347,世界,30,0,30,新光-新竹,2024-01-12,8563
4561,健椿,30,1,29,新光-新竹,2024-01-12,8563
2344,華邦電,30,2,28,新光-新竹,2024-01-12,8563
3055,蔚華科,37,9,28,新光-新竹,2024-01-12,8563
2630,亞航,41,14,27,新光-新竹,2024-01-12,8563
5258,虹堡,50,23,27,新光-新竹,2024-01-12,8563
1101,台泥,25,0,25,新光-新竹,2024-01-12,8563
2641,正德,55,31,24,新光-新竹,2024-01-12,8563
2362,藍天,26,2,24,新光-新竹,2024-01-12,8563
00675L,富邦臺灣加權正2,24,0,24,新光-新竹,2024-01-12,8563
2388,威盛,94,71,23,新光-新竹,2024-01-12,8563
1532,勤美,23,0,23,新光-新竹,2024-01-12,8563
2353,宏��,139,116,23,新光-新竹,2024-01-12,8563
2816,旺旺保,22,0,22,新光-新竹,2024-01-12,8563
2612,中航,22,1,21,新光-新竹,2024-01-12,8563
2887,台新金,27,6,21,新光-新竹,2024-01-12,8563
00665L,富邦�琤肭磪囓�2,125,104,21,新光-新竹,2024-01-12,8563
00878,國泰永續高股息,156,136,20,新光-新竹,2024-01-12,8563
00892,富邦台灣半導體,20,0,20,新光-新竹,2024-01-12,8563
3265,台星科,30,10,20,新光-新竹,2024-01-12,8563
3596,智易,20,0,20,新光-新竹,2024-01-12,8563
2331,精英,47,27,20,新光-新竹,2024-01-12,8563
3218,大學光,19,0,19,新光-新竹,2024-01-12,8563
00929,復華台灣科技優息,882,172,710,新光-新竹,2024-01-15,8563
00688L,國泰20年美債正2,263,35,228,新光-新竹,2024-01-15,8563
00927,群益半導體收益,211,0,211,新光-新竹,2024-01-15,8563
00680L,元大美債20正2,209,10,199,新光-新竹,2024-01-15,8563
00687B,國泰20年美債,193,15,178,新光-新竹,2024-01-15,8563
6695,芯鼎,274,108,166,新光-新竹,2024-01-15,8563
0056,元大高股息,160,14,146,新光-新竹,2024-01-15,8563
2408,南亞科,150,7,143,新光-新竹,2024-01-15,8563
2888,新光金,219,77,142,新光-新竹,2024-01-15,8563
3231,緯創,198,81,117,新光-新竹,2024-01-15,8563
3006,晶豪科,140,30,110,新光-新竹,2024-01-15,8563
3390,旭軟,103,9,94,新光-新竹,2024-01-15,8563
00679B,元大美債20年,92,0,92,新光-新竹,2024-01-15,8563
2610,華航,123,33,90,新光-新竹,2024-01-15,8563
4529,淳紳,80,0,80,新光-新竹,2024-01-15,8563
2317,鴻海,88,24,64,新光-新竹,2024-01-15,8563
00933B,國泰10Y+金融債,58,4,54,新光-新竹,2024-01-15,8563
2801,彰銀,54,0,54,新光-新竹,2024-01-15,8563
2618,長榮航,80,29,51,新光-新竹,2024-01-15,8563
2883,凱基金,74,30,44,新光-新竹,2024-01-15,8563
2609,陽明,162,118,44,新光-新竹,2024-01-15,8563
00631L,元大台灣50正2,67,25,42,新光-新竹,2024-01-15,8563
2882,國泰金,42,0,42,新光-新竹,2024-01-15,8563
2353,宏��,87,46,41,新光-新竹,2024-01-15,8563
1316,上曜,40,0,40,新光-新竹,2024-01-15,8563
00756B,群益投等新興公債,40,0,40,新光-新竹,2024-01-15,8563
2101,南港,34,0,34,新光-新竹,2024-01-15,8563
6231,系微,34,1,33,新光-新竹,2024-01-15,8563
2474,可成,37,5,32,新光-新竹,2024-01-15,8563
2603,長榮,73,42,31,新光-新竹,2024-01-15,8563
2382,廣達,90,60,30,新光-新竹,2024-01-15,8563
3481,群創,37,7,30,新光-新竹,2024-01-15,8563
3521,鴻翊,25,0,25,新光-新竹,2024-01-15,8563
5426,振發,129,104,25,新光-新竹,2024-01-15,8563
2641,正德,55,31,24,新光-新竹,2024-01-15,8563
00632R,元大台灣50反1,124,100,24,新光-新竹,2024-01-15,8563
6782,視陽,25,1,24,新光-新竹,2024-01-15,8563
1301,台塑,24,0,24,新光-新竹,2024-01-15,8563
2816,旺旺保,25,1,24,新光-新竹,2024-01-15,8563
4956,光鋐,38,15,23,新光-新竹,2024-01-15,8563
1513,中興電,74,51,23,新光-新竹,2024-01-15,8563
1516,川飛,24,2,22,新光-新竹,2024-01-15,8563
3715,定穎投控,44,22,22,新光-新竹,2024-01-15,8563
2634,漢翔,59,39,20,新光-新竹,2024-01-15,8563
2890,永豐金,31,12,19,新光-新竹,2024-01-15,8563
2409,友達,22,3,19,新光-新竹,2024-01-15,8563
1815,富喬,20,1,19,新光-新竹,2024-01-15,8563
2208,台船,43,25,18,新光-新竹,2024-01-15,8563
2348A,海悅甲特,18,0,18,新光-新竹,2024-01-15,8563
2344,華邦電,45,28,17,新光-新竹,2024-01-15,8563
3481,群創,1228,494,734,新光-新竹,2024-01-16,8563
00680L,元大美債20正2,634,27,607,新光-新竹,2024-01-16,8563
0056,元大高股息,644,37,607,新光-新竹,2024-01-16,8563
00929,復華台灣科技優息,569,244,325,新光-新竹,2024-01-16,8563
6153,嘉聯益,300,0,300,新光-新竹,2024-01-16,8563
00927,群益半導體收益,305,72,233,新光-新竹,2024-01-16,8563
2884,玉山金,226,11,215,新光-新竹,2024-01-16,8563
00919,群益台灣精選高息,315,114,201,新光-新竹,2024-01-16,8563
00688L,國泰20年美債正2,190,0,190,新光-新竹,2024-01-16,8563
00679B,元大美債20年,139,1,138,新光-新竹,2024-01-16,8563
00725B,國泰投資級公司債,126,0,126,新光-新竹,2024-01-16,8563
2486,一詮,236,119,117,新光-新竹,2024-01-16,8563
00665L,富邦�琤肭磪囓�2,147,35,112,新光-新竹,2024-01-16,8563
3673,TPK-KY,103,0,103,新光-新竹,2024-01-16,8563
6451,訊芯-KY,103,14,89,新光-新竹,2024-01-16,8563
2888,新光金,101,20,81,新光-新竹,2024-01-16,8563
00881,國泰台灣5G+,71,0,71,新光-新竹,2024-01-16,8563
2867,三商壽,67,0,67,新光-新竹,2024-01-16,8563
1815,富喬,63,1,62,新光-新竹,2024-01-16,8563
2812,台中銀,126,67,59,新光-新竹,2024-01-16,8563
00687B,國泰20年美債,82,23,59,新光-新竹,2024-01-16,8563
6126,信音,57,1,56,新光-新竹,2024-01-16,8563
2887,台新金,61,5,56,新光-新竹,2024-01-16,8563
00706L,期元大S＆P日圓正2,55,0,55,新光-新竹,2024-01-16,8563
00650L,復華香港正2,60,5,55,新光-新竹,2024-01-16,8563
00937B,群益ESG投等債20,97,43,54,新光-新竹,2024-01-16,8563
2641,正德,56,5,51,新光-新竹,2024-01-16,8563
006208,富邦台50,54,4,50,新光-新竹,2024-01-16,8563
6111,大宇資,52,2,50,新光-新竹,2024-01-16,8563
2442,新美齊,50,0,50,新光-新竹,2024-01-16,8563
8096,擎亞,138,90,48,新光-新竹,2024-01-16,8563
2101,南港,47,0,47,新光-新竹,2024-01-16,8563
00770,國泰北美科技,51,4,47,新光-新竹,2024-01-16,8563
0050,元大台灣50,60,14,46,新光-新竹,2024-01-16,8563
1101,台泥,51,6,45,新光-新竹,2024-01-16,8563
1806,冠軍,50,6,44,新光-新竹,2024-01-16,8563
9945,潤泰新,47,6,41,新光-新竹,2024-01-16,8563
2897,王道銀行,40,0,40,新光-新竹,2024-01-16,8563
1444,力麗,40,0,40,新光-新竹,2024-01-16,8563
2801,彰銀,38,0,38,新光-新竹,2024-01-16,8563
2241,艾姆勒,35,0,35,新光-新竹,2024-01-16,8563
2890,永豐金,54,20,34,新光-新竹,2024-01-16,8563
1314,中石化,42,10,32,新光-新竹,2024-01-16,8563
2610,華航,50,18,32,新光-新竹,2024-01-16,8563
1609,大亞,94,62,32,新光-新竹,2024-01-16,8563
2834,臺企銀,33,2,31,新光-新竹,2024-01-16,8563
00878,國泰永續高股息,147,116,31,新光-新竹,2024-01-16,8563
1907,永豐餘,30,0,30,新光-新竹,2024-01-16,8563
3438,類比科,30,0,30,新光-新竹,2024-01-16,8563
1301,台塑,31,3,28,新光-新竹,2024-01-16,8563
00929,復華台灣科技優息,729,100,629,新光-新竹,2024-01-17,8563
2303,聯電,631,120,511,新光-新竹,2024-01-17,8563
00919,群益台灣精選高息,458,41,417,新光-新竹,2024-01-17,8563
0056,元大高股息,576,159,417,新光-新竹,2024-01-17,8563
00680L,元大美債20正2,646,350,296,新光-新竹,2024-01-17,8563
4529,淳紳,369,80,289,新光-新竹,2024-01-17,8563
00882,中信中國高股息,443,198,245,新光-新竹,2024-01-17,8563
00937B,群益ESG投等債20,252,12,240,新光-新竹,2024-01-17,8563
00679B,元大美債20年,176,16,160,新光-新竹,2024-01-17,8563
0050,元大台灣50,116,0,116,新光-新竹,2024-01-17,8563
00927,群益半導體收益,122,6,116,新光-新竹,2024-01-17,8563
6233,旺玖,109,9,100,新光-新竹,2024-01-17,8563
00665L,富邦�琤肭磪囓�2,187,93,94,新光-新竹,2024-01-17,8563
00878,國泰永續高股息,150,59,91,新光-新竹,2024-01-17,8563
00881,國泰台灣5G+,87,0,87,新光-新竹,2024-01-17,8563
2340,台亞,78,0,78,新光-新竹,2024-01-17,8563
2887,台新金,78,0,78,新光-新竹,2024-01-17,8563
2891,中信金,113,37,76,新光-新竹,2024-01-17,8563
006208,富邦台50,77,3,74,新光-新竹,2024-01-17,8563
2801,彰銀,70,0,70,新光-新竹,2024-01-17,8563
2317,鴻海,83,14,69,新光-新竹,2024-01-17,8563
00688L,國泰20年美債正2,451,384,67,新光-新竹,2024-01-17,8563
2330,台積電,64,7,57,新光-新竹,2024-01-17,8563
1314,中石化,64,10,54,新光-新竹,2024-01-17,8563
6140,訊達,82,28,54,新光-新竹,2024-01-17,8563
6243,迅杰,147,95,52,新光-新竹,2024-01-17,8563
2442,新美齊,51,2,49,新光-新竹,2024-01-17,8563
2547,日勝生,49,0,49,新光-新竹,2024-01-17,8563
00715L,期街口布蘭特正2,126,78,48,新光-新竹,2024-01-17,8563
2520,冠德,47,0,47,新光-新竹,2024-01-17,8563
6667,信紘科,53,7,46,新光-新竹,2024-01-17,8563
3051,力特,55,11,44,新光-新竹,2024-01-17,8563
2344,華邦電,59,17,42,新光-新竹,2024-01-17,8563
1101,台泥,41,1,40,新光-新竹,2024-01-17,8563
00650L,復華香港正2,40,0,40,新光-新竹,2024-01-17,8563
2881,富邦金,41,1,40,新光-新竹,2024-01-17,8563
00687B,國泰20年美債,158,120,38,新光-新竹,2024-01-17,8563
5880,合庫金,37,1,36,新光-新竹,2024-01-17,8563
00933B,國泰10Y+金融債,35,0,35,新光-新竹,2024-01-17,8563
00850,元大臺灣ESG永續,34,0,34,新光-新竹,2024-01-17,8563
1605,華新,40,6,34,新光-新竹,2024-01-17,8563
00935,野村臺灣新科技50,34,1,33,新光-新竹,2024-01-17,8563
2204,中華,33,0,33,新光-新竹,2024-01-17,8563
6757,台灣虎航,33,0,33,新光-新竹,2024-01-17,8563
2812,台中銀,77,45,32,新光-新竹,2024-01-17,8563
2405,輔信,36,4,32,新光-新竹,2024-01-17,8563
2474,可成,50,21,29,新光-新竹,2024-01-17,8563
6443,元晶,29,4,25,新光-新竹,2024-01-17,8563
1528,恩德,130,105,25,新光-新竹,2024-01-17,8563
00770,國泰北美科技,32,7,25,新光-新竹,2024-01-17,8563
00918,大華優利高填息30,214,16,198,新光-新竹,2024-01-18,8563
3231,緯創,267,78,189,新光-新竹,2024-01-18,8563
00929,復華台灣科技優息,902,720,182,新光-新竹,2024-01-18,8563
00720B,元大投資級公司債,166,3,163,新光-新竹,2024-01-18,8563
00937B,群益ESG投等債20,159,0,159,新光-新竹,2024-01-18,8563
2449,京元電子,164,15,149,新光-新竹,2024-01-18,8563
00919,群益台灣精選高息,184,42,142,新光-新竹,2024-01-18,8563
5426,振發,507,371,136,新光-新竹,2024-01-18,8563
0056,元大高股息,171,44,127,新光-新竹,2024-01-18,8563
00891,中信關鍵半導體,98,0,98,新光-新竹,2024-01-18,8563
2888,新光金,147,50,97,新光-新竹,2024-01-18,8563
6668,中揚光,138,44,94,新光-新竹,2024-01-18,8563
00688L,國泰20年美債正2,87,0,87,新光-新竹,2024-01-18,8563
4960,誠美材,108,27,81,新光-新竹,2024-01-18,8563
00882,中信中國高股息,227,158,69,新光-新竹,2024-01-18,8563
2206,三陽工業,62,0,62,新光-新竹,2024-01-18,8563
00933B,國泰10Y+金融債,85,23,62,新光-新竹,2024-01-18,8563
2367,燿華,61,0,61,新光-新竹,2024-01-18,8563
8043,蜜望實,60,0,60,新光-新竹,2024-01-18,8563
00632R,元大台灣50反1,65,6,59,新光-新竹,2024-01-18,8563
00687B,國泰20年美債,106,50,56,新光-新竹,2024-01-18,8563
00712,復華富時不動產,54,4,50,新光-新竹,2024-01-18,8563
2338,光罩,50,0,50,新光-新竹,2024-01-18,8563
2324,仁寶,68,21,47,新光-新竹,2024-01-18,8563
2887,台新金,51,6,45,新光-新竹,2024-01-18,8563
00706L,期元大S＆P日圓正2,43,0,43,新光-新竹,2024-01-18,8563
00904,新光臺灣半導體30,42,2,40,新光-新竹,2024-01-18,8563
3287,廣寰科,82,44,38,新光-新竹,2024-01-18,8563
1612,宏泰,35,0,35,新光-新竹,2024-01-18,8563
9958,世紀鋼,37,3,34,新光-新竹,2024-01-18,8563
1101,台泥,34,0,34,新光-新竹,2024-01-18,8563
9945,潤泰新,39,6,33,新光-新竹,2024-01-18,8563
2884,玉山金,41,9,32,新光-新竹,2024-01-18,8563
00637L,元大滬深300正2,56,24,32,新光-新竹,2024-01-18,8563
2442,新美齊,31,0,31,新光-新竹,2024-01-18,8563
2303,聯電,148,118,30,新光-新竹,2024-01-18,8563
4979,華星光,79,50,29,新光-新竹,2024-01-18,8563
2542,興富發,29,0,29,新光-新竹,2024-01-18,8563
2547,日勝生,26,0,26,新光-新竹,2024-01-18,8563
1528,恩德,82,56,26,新光-新竹,2024-01-18,8563
2867,三商壽,25,0,25,新光-新竹,2024-01-18,8563
2382,廣達,54,30,24,新光-新竹,2024-01-18,8563
00633L,富邦上証正2,31,8,23,新光-新竹,2024-01-18,8563
4909,新復興,71,49,22,新光-新竹,2024-01-18,8563
1319,東陽,31,9,22,新光-新竹,2024-01-18,8563
2002,中鋼,21,0,21,新光-新竹,2024-01-18,8563
1216,統一,21,0,21,新光-新竹,2024-01-18,8563
2353,宏��,169,148,21,新光-新竹,2024-01-18,8563
2317,鴻海,25,5,20,新光-新竹,2024-01-18,8563
3708,上緯投控,19,0,19,新光-新竹,2024-01-18,8563
00688L,國泰20年美債正2,502,0,502,新光-新竹,2024-01-19,8563
00680L,元大美債20正2,469,38,431,新光-新竹,2024-01-19,8563
00937B,群益ESG投等債20,343,14,329,新光-新竹,2024-01-19,8563
00687B,國泰20年美債,382,60,322,新光-新竹,2024-01-19,8563
3580,友威科,202,2,200,新光-新竹,2024-01-19,8563
00929,復華台灣科技優息,264,123,141,新光-新竹,2024-01-19,8563
00882,中信中國高股息,141,0,141,新光-新竹,2024-01-19,8563
6233,旺玖,176,41,135,新光-新竹,2024-01-19,8563
00679B,元大美債20年,200,68,132,新光-新竹,2024-01-19,8563
2609,陽明,172,66,106,新光-新竹,2024-01-19,8563
00751B,元大AAA至A公司債,107,14,93,新光-新竹,2024-01-19,8563
00931B,統一美債20年,101,11,90,新光-新竹,2024-01-19,8563
00919,群益台灣精選高息,97,10,87,新光-新竹,2024-01-19,8563
2409,友達,97,18,79,新光-新竹,2024-01-19,8563
2618,長榮航,153,79,74,新光-新竹,2024-01-19,8563
00770,國泰北美科技,71,1,70,新光-新竹,2024-01-19,8563
0056,元大高股息,172,105,67,新光-新竹,2024-01-19,8563
00753L,中信中國50正2,260,205,55,新光-新竹,2024-01-19,8563
00795B,中信美國公債20年,53,0,53,新光-新竹,2024-01-19,8563
6120,達運,107,54,53,新光-新竹,2024-01-19,8563
2442,新美齊,50,0,50,新光-新竹,2024-01-19,8563
9105,泰金寶-DR,46,0,46,新光-新竹,2024-01-19,8563
00664R,國泰臺灣加權反1,45,0,45,新光-新竹,2024-01-19,8563
6139,亞翔,66,24,42,新光-新竹,2024-01-19,8563
00720B,元大投資級公司債,63,21,42,新光-新竹,2024-01-19,8563
2498,宏達電,48,8,40,新光-新竹,2024-01-19,8563
6805,富世達,42,4,38,新光-新竹,2024-01-19,8563
8027,鈦昇,58,21,37,新光-新竹,2024-01-19,8563
6901,鑽石投資,35,0,35,新光-新竹,2024-01-19,8563
00706L,期元大S＆P日圓正2,35,0,35,新光-新竹,2024-01-19,8563
3617,碩天,33,0,33,新光-新竹,2024-01-19,8563
5880,合庫金,35,3,32,新光-新竹,2024-01-19,8563
2547,日勝生,31,0,31,新光-新竹,2024-01-19,8563
00650L,復華香港正2,49,20,29,新光-新竹,2024-01-19,8563
3711,日月光投控,33,4,29,新光-新竹,2024-01-19,8563
2002,中鋼,31,2,29,新光-新竹,2024-01-19,8563
6425,易發,29,1,28,新光-新竹,2024-01-19,8563
1326,台化,27,0,27,新光-新竹,2024-01-19,8563
00772B,中信高評級公司債,28,1,27,新光-新竹,2024-01-19,8563
6285,啟��,61,35,26,新光-新竹,2024-01-19,8563
00673R,期元大S＆P原油反1,46,20,26,新光-新竹,2024-01-19,8563
1528,恩德,32,7,25,新光-新竹,2024-01-19,8563
6111,大宇資,26,2,24,新光-新竹,2024-01-19,8563
00665L,富邦�琤肭磪囓�2,323,300,23,新光-新竹,2024-01-19,8563
2887,台新金,22,1,21,新光-新竹,2024-01-19,8563
00857B,永豐20年美公債,20,0,20,新光-新竹,2024-01-19,8563
00904,新光臺灣半導體30,24,5,19,新光-新竹,2024-01-19,8563
2610,華航,26,7,19,新光-新竹,2024-01-19,8563
6462,神盾,53,35,18,新光-新竹,2024-01-19,8563
00631L,元大台灣50正2,56,38,18,新光-新竹,2024-01-19,8563
00632R,元大台灣50反1,414,56,358,新光-新竹,2024-01-22,8563
00882,中信中國高股息,280,59,221,新光-新竹,2024-01-22,8563
00937B,群益ESG投等債20,218,4,214,新光-新竹,2024-01-22,8563
2537,聯上發,200,0,200,新光-新竹,2024-01-22,8563
00679B,元大美債20年,199,14,185,新光-新竹,2024-01-22,8563
00878,國泰永續高股息,260,135,125,新光-新竹,2024-01-22,8563
8054,安國,219,98,121,新光-新竹,2024-01-22,8563
2449,京元電子,148,32,116,新光-新竹,2024-01-22,8563
3481,群創,291,177,114,新光-新竹,2024-01-22,8563
00720B,元大投資級公司債,132,20,112,新光-新竹,2024-01-22,8563
5488,松普,111,5,106,新光-新竹,2024-01-22,8563
00919,群益台灣精選高息,123,18,105,新光-新竹,2024-01-22,8563
00725B,國泰投資級公司債,107,18,89,新光-新竹,2024-01-22,8563
2317,鴻海,89,2,87,新光-新竹,2024-01-22,8563
2610,華航,84,3,81,新光-新竹,2024-01-22,8563
3032,偉訓,116,37,79,新光-新竹,2024-01-22,8563
00687B,國泰20年美債,84,10,74,新光-新竹,2024-01-22,8563
00650L,復華香港正2,66,0,66,新光-新竹,2024-01-22,8563
00753L,中信中國50正2,183,120,63,新光-新竹,2024-01-22,8563
2618,長榮航,98,37,61,新光-新竹,2024-01-22,8563
2371,大同,69,10,59,新光-新竹,2024-01-22,8563
2353,宏��,192,133,59,新光-新竹,2024-01-22,8563
00712,復華富時不動產,79,21,58,新光-新竹,2024-01-22,8563
2887,台新金,52,0,52,新光-新竹,2024-01-22,8563
2363,矽統,79,31,48,新光-新竹,2024-01-22,8563
00795B,中信美國公債20年,52,5,47,新光-新竹,2024-01-22,8563
00933B,國泰10Y+金融債,50,4,46,新光-新竹,2024-01-22,8563
3037,欣興,54,11,43,新光-新竹,2024-01-22,8563
3231,緯創,440,398,42,新光-新竹,2024-01-22,8563
6668,中揚光,59,18,41,新光-新竹,2024-01-22,8563
8489,三貝德,36,0,36,新光-新竹,2024-01-22,8563
2906,高林,40,7,33,新光-新竹,2024-01-22,8563
3312,弘憶股,40,8,32,新光-新竹,2024-01-22,8563
5211,蒙恬,31,0,31,新光-新竹,2024-01-22,8563
2355,敬鵬,41,10,31,新光-新竹,2024-01-22,8563
00851,台新全球AI,31,0,31,新光-新竹,2024-01-22,8563
3354,律勝,30,0,30,新光-新竹,2024-01-22,8563
00665L,富邦�琤肭磪囓�2,585,555,30,新光-新竹,2024-01-22,8563
5225,東科-KY,29,0,29,新光-新竹,2024-01-22,8563
00751B,元大AAA至A公司債,29,2,27,新光-新竹,2024-01-22,8563
1815,富喬,28,2,26,新光-新竹,2024-01-22,8563
3059,華晶科,26,0,26,新光-新竹,2024-01-22,8563
2641,正德,36,11,25,新光-新竹,2024-01-22,8563
00770,國泰北美科技,24,0,24,新光-新竹,2024-01-22,8563
2314,台揚,25,1,24,新光-新竹,2024-01-22,8563
6276,安鈦克,63,40,23,新光-新竹,2024-01-22,8563
2739,寒舍,23,0,23,新光-新竹,2024-01-22,8563
6274,台燿,57,34,23,新光-新竹,2024-01-22,8563
2365,昆盈,28,7,21,新光-新竹,2024-01-22,8563
00762,元大全球AI,21,0,21,新光-新竹,2024-01-22,8563
3481,群創,3273,2070,1203,新光-新竹,2024-01-23,8563
2610,華航,179,8,171,新光-新竹,2024-01-23,8563
00673R,期元大S＆P原油反1,166,0,166,新光-新竹,2024-01-23,8563
00937B,群益ESG投等債20,161,3,158,新光-新竹,2024-01-23,8563
00918,大華優利高填息30,121,0,121,新光-新竹,2024-01-23,8563
00688L,國泰20年美債正2,120,0,120,新光-新竹,2024-01-23,8563
00632R,元大台灣50反1,180,106,74,新光-新竹,2024-01-23,8563
2421,建準,153,85,68,新光-新竹,2024-01-23,8563
2329,華泰,113,47,66,新光-新竹,2024-01-23,8563
00687B,國泰20年美債,61,1,60,新光-新竹,2024-01-23,8563
2367,燿華,73,15,58,新光-新竹,2024-01-23,8563
2442,新美齊,55,0,55,新光-新竹,2024-01-23,8563
00679B,元大美債20年,90,38,52,新光-新竹,2024-01-23,8563
00753L,中信中國50正2,57,10,47,新光-新竹,2024-01-23,8563
00706L,期元大S＆P日圓正2,49,5,44,新光-新竹,2024-01-23,8563
1471,首利,44,0,44,新光-新竹,2024-01-23,8563
2890,永豐金,44,6,38,新光-新竹,2024-01-23,8563
00680L,元大美債20正2,116,80,36,新光-新竹,2024-01-23,8563
00882,中信中國高股息,103,67,36,新光-新竹,2024-01-23,8563
2834,臺企銀,33,0,33,新光-新竹,2024-01-23,8563
3264,欣銓,37,6,31,新光-新竹,2024-01-23,8563
2454,聯發科,33,2,31,新光-新竹,2024-01-23,8563
3354,律勝,35,5,30,新光-新竹,2024-01-23,8563
2388,威盛,64,35,29,新光-新竹,2024-01-23,8563
00751B,元大AAA至A公司債,41,12,29,新光-新竹,2024-01-23,8563
1528,恩德,54,26,28,新光-新竹,2024-01-23,8563
2208,台船,30,4,26,新光-新竹,2024-01-23,8563
2476,鉅祥,26,1,25,新光-新竹,2024-01-23,8563
3339,泰谷,47,22,25,新光-新竹,2024-01-23,8563
2615,萬海,24,2,22,新光-新竹,2024-01-23,8563
2887,台新金,26,4,22,新光-新竹,2024-01-23,8563
00772B,中信高評級公司債,22,0,22,新光-新竹,2024-01-23,8563
2002,中鋼,23,1,22,新光-新竹,2024-01-23,8563
4939,亞電,28,8,20,新光-新竹,2024-01-23,8563
3687,歐買尬,19,0,19,新光-新竹,2024-01-23,8563
2313,華通,132,112,20,新光-新竹,2024-01-23,8563
2356,英業達,220,202,18,新光-新竹,2024-01-23,8563
00720B,元大投資級公司債,19,1,18,新光-新竹,2024-01-23,8563
2408,南亞科,66,48,18,新光-新竹,2024-01-23,8563
8027,鈦昇,24,6,18,新光-新竹,2024-01-23,8563
2363,矽統,42,25,17,新光-新竹,2024-01-23,8563
6164,華興,17,0,17,新光-新竹,2024-01-23,8563
9105,泰金寶-DR,17,0,17,新光-新竹,2024-01-23,8563
3032,偉訓,39,23,16,新光-新竹,2024-01-23,8563
3312,弘憶股,16,0,16,新光-新竹,2024-01-23,8563
00712,復華富時不動產,33,17,16,新光-新竹,2024-01-23,8563
2641,正德,46,32,14,新光-新竹,2024-01-23,8563
4402,郡都開發,14,0,14,新光-新竹,2024-01-23,8563
7556,意德士,14,0,14,新光-新竹,2024-01-23,8563
8096,擎亞,64,50,14,新光-新竹,2024-01-23,8563
00680L,元大美債20正2,682,196,486,新光-新竹,2024-01-24,8563
00937B,群益ESG投等債20,506,32,474,新光-新竹,2024-01-24,8563
9105,泰金寶-DR,400,0,400,新光-新竹,2024-01-24,8563
00687B,國泰20年美債,211,0,211,新光-新竹,2024-01-24,8563
00933B,國泰10Y+金融債,159,0,159,新光-新竹,2024-01-24,8563
00688L,國泰20年美債正2,128,0,128,新光-新竹,2024-01-24,8563
2409,友達,162,38,124,新光-新竹,2024-01-24,8563
6462,神盾,194,91,103,新光-新竹,2024-01-24,8563
2607,榮運,100,1,99,新光-新竹,2024-01-24,8563
00679B,元大美債20年,137,46,91,新光-新竹,2024-01-24,8563
00637L,元大滬深300正2,85,6,79,新光-新竹,2024-01-24,8563
00632R,元大台灣50反1,88,16,72,新光-新竹,2024-01-24,8563
2891,中信金,69,3,66,新光-新竹,2024-01-24,8563
00720B,元大投資級公司債,78,22,56,新光-新竹,2024-01-24,8563
4956,光鋐,64,11,53,新光-新竹,2024-01-24,8563
2388,威盛,70,24,46,新光-新竹,2024-01-24,8563
00882,中信中國高股息,89,43,46,新光-新竹,2024-01-24,8563
3532,台勝科,43,2,41,新光-新竹,2024-01-24,8563
5426,振發,214,180,34,新光-新竹,2024-01-24,8563
00751B,元大AAA至A公司債,41,7,34,新光-新竹,2024-01-24,8563
2374,佳能,35,3,32,新光-新竹,2024-01-24,8563
00885,富邦越南,33,1,32,新光-新竹,2024-01-24,8563
8068,全達,35,3,32,新光-新竹,2024-01-24,8563
6186,新潤,33,1,32,新光-新竹,2024-01-24,8563
5465,富驊,30,0,30,新光-新竹,2024-01-24,8563
8027,鈦昇,121,91,30,新光-新竹,2024-01-24,8563
2748,雲品,28,0,28,新光-新竹,2024-01-24,8563
3706,神達,78,50,28,新光-新竹,2024-01-24,8563
3339,泰谷,54,27,27,新光-新竹,2024-01-24,8563
2201,裕隆,26,0,26,新光-新竹,2024-01-24,8563
6237,驊訊,136,110,26,新光-新竹,2024-01-24,8563
1514,亞力,83,58,25,新光-新竹,2024-01-24,8563
2101,南港,24,0,24,新光-新竹,2024-01-24,8563
3037,欣興,32,9,23,新光-新竹,2024-01-24,8563
2324,仁寶,34,11,23,新光-新竹,2024-01-24,8563
3260,威剛,43,21,22,新光-新竹,2024-01-24,8563
2369,菱生,258,236,22,新光-新竹,2024-01-24,8563
4938,和碩,28,6,22,新光-新竹,2024-01-24,8563
3591,艾笛森,24,3,21,新光-新竹,2024-01-24,8563
6270,倍微,20,0,20,新光-新竹,2024-01-24,8563
3025,星通,27,7,20,新光-新竹,2024-01-24,8563
2313,華通,264,245,19,新光-新竹,2024-01-24,8563
2883,凱基金,19,0,19,新光-新竹,2024-01-24,8563
5388,中磊,19,0,19,新光-新竹,2024-01-24,8563
2442,新美齊,23,4,19,新光-新竹,2024-01-24,8563
4906,正文,19,0,19,新光-新竹,2024-01-24,8563
3623,富晶通,56,38,18,新光-新竹,2024-01-24,8563
9924,福興,20,2,18,新光-新竹,2024-01-24,8563
3687,歐買尬,32,14,18,新光-新竹,2024-01-24,8563
1569,濱川,53,36,17,新光-新竹,2024-01-24,8563
9105,泰金寶-DR,535,12,523,新光-新竹,2024-01-25,8563
00937B,群益ESG投等債20,387,54,333,新光-新竹,2024-01-25,8563
00679B,元大美債20年,284,44,240,新光-新竹,2024-01-25,8563
00687B,國泰20年美債,357,133,224,新光-新竹,2024-01-25,8563
00680L,元大美債20正2,333,117,216,新光-新竹,2024-01-25,8563
00632R,元大台灣50反1,183,0,183,新光-新竹,2024-01-25,8563
3231,緯創,373,252,121,新光-新竹,2024-01-25,8563
6113,亞矽,135,59,76,新光-新竹,2024-01-25,8563
4102,永日,175,101,74,新光-新竹,2024-01-25,8563
00712,復華富時不動產,81,14,67,新光-新竹,2024-01-25,8563
8930,青鋼,61,0,61,新光-新竹,2024-01-25,8563
2371,大同,61,2,59,新光-新竹,2024-01-25,8563
2365,昆盈,79,20,59,新光-新竹,2024-01-25,8563
2369,菱生,56,5,51,新光-新竹,2024-01-25,8563
00706L,期元大S＆P日圓正2,51,0,51,新光-新竹,2024-01-25,8563
00639,富邦深100,50,0,50,新光-新竹,2024-01-25,8563
2884,玉山金,53,6,47,新光-新竹,2024-01-25,8563
00751B,元大AAA至A公司債,45,0,45,新光-新竹,2024-01-25,8563
2610,華航,60,21,39,新光-新竹,2024-01-25,8563
00795B,中信美國公債20年,37,0,37,新光-新竹,2024-01-25,8563
00931B,統一美債20年,36,0,36,新光-新竹,2024-01-25,8563
3055,蔚華科,155,119,36,新光-新竹,2024-01-25,8563
00688L,國泰20年美債正2,245,210,35,新光-新竹,2024-01-25,8563
3615,安可,56,23,33,新光-新竹,2024-01-25,8563
4956,光鋐,62,34,28,新光-新竹,2024-01-25,8563
3545,敦泰,44,17,27,新光-新竹,2024-01-25,8563
6127,九豪,30,4,26,新光-新竹,2024-01-25,8563
6165,浪凡,26,1,25,新光-新竹,2024-01-25,8563
2356,英業達,95,70,25,新光-新竹,2024-01-25,8563
3029,零壹,28,4,24,新光-新竹,2024-01-25,8563
3038,全台,99,76,23,新光-新竹,2024-01-25,8563
6526,達發,28,6,22,新光-新竹,2024-01-25,8563
2609,陽明,50,30,20,新光-新竹,2024-01-25,8563
00770,國泰北美科技,20,0,20,新光-新竹,2024-01-25,8563
6235,華孚,22,2,20,新光-新竹,2024-01-25,8563
00857B,永豐20年美公債,19,0,19,新光-新竹,2024-01-25,8563
6111,大宇資,33,14,19,新光-新竹,2024-01-25,8563
6531,愛普*,23,4,19,新光-新竹,2024-01-25,8563
3050,鈺德,19,1,18,新光-新竹,2024-01-25,8563
3591,艾笛森,25,7,18,新光-新竹,2024-01-25,8563
2618,長榮航,33,15,18,新光-新竹,2024-01-25,8563
4129,聯合,24,7,17,新光-新竹,2024-01-25,8563
00772B,中信高評級公司債,17,0,17,新光-新竹,2024-01-25,8563
2476,鉅祥,18,1,17,新光-新竹,2024-01-25,8563
00830,國泰費城半導體,16,0,16,新光-新竹,2024-01-25,8563
5880,合庫金,17,0,17,新光-新竹,2024-01-25,8563
3580,友威科,19,3,16,新光-新竹,2024-01-25,8563
2355,敬鵬,16,0,16,新光-新竹,2024-01-25,8563
2236,百達-KY,16,0,16,新光-新竹,2024-01-25,8563
00773B,中信優先金融債,16,0,16,新光-新竹,2024-01-25,8563
00937B,群益ESG投等債20,386,1,385,新光-新竹,2024-01-26,8563
00688L,國泰20年美債正2,432,142,290,新光-新竹,2024-01-26,8563
00929,復華台灣科技優息,312,107,205,新光-新竹,2024-01-26,8563
00933B,國泰10Y+金融債,205,27,178,新光-新竹,2024-01-26,8563
2303,聯電,218,43,175,新光-新竹,2024-01-26,8563
3231,緯創,255,84,171,新光-新竹,2024-01-26,8563
00680L,元大美債20正2,169,10,159,新光-新竹,2024-01-26,8563
00919,群益台灣精選高息,189,55,134,新光-新竹,2024-01-26,8563
00687B,國泰20年美債,157,35,122,新光-新竹,2024-01-26,8563
00720B,元大投資級公司債,116,12,104,新光-新竹,2024-01-26,8563
00673R,期元大S＆P原油反1,110,10,100,新光-新竹,2024-01-26,8563
00934,中信成長高股息,66,0,66,新光-新竹,2024-01-26,8563
6120,達運,67,6,61,新光-新竹,2024-01-26,8563
3701,大眾控,65,6,59,新光-新竹,2024-01-26,8563
2365,昆盈,127,69,58,新光-新竹,2024-01-26,8563
00679B,元大美債20年,62,5,57,新光-新竹,2024-01-26,8563
3605,宏致,74,20,54,新光-新竹,2024-01-26,8563
2618,長榮航,58,5,53,新光-新竹,2024-01-26,8563
00665L,富邦�琤肭磪囓�2,50,0,50,新光-新竹,2024-01-26,8563
3055,蔚華科,100,51,49,新光-新竹,2024-01-26,8563
00878,國泰永續高股息,95,46,49,新光-新竹,2024-01-26,8563
2610,華航,57,10,47,新光-新竹,2024-01-26,8563
6805,富世達,46,1,45,新光-新竹,2024-01-26,8563
3535,晶彩科,107,65,42,新光-新竹,2024-01-26,8563
8096,擎亞,79,41,38,新光-新竹,2024-01-26,8563
2371,大同,80,42,38,新光-新竹,2024-01-26,8563
2329,華泰,64,31,33,新光-新竹,2024-01-26,8563
6270,倍微,166,135,31,新光-新竹,2024-01-26,8563
1712,興農,30,0,30,新光-新竹,2024-01-26,8563
6415,矽力*-KY,41,13,28,新光-新竹,2024-01-26,8563
3694,海華,147,119,28,新光-新竹,2024-01-26,8563
6733,博晟生醫,30,2,28,新光-新竹,2024-01-26,8563
2884,玉山金,44,18,26,新光-新竹,2024-01-26,8563
00632R,元大台灣50反1,44,17,27,新光-新竹,2024-01-26,8563
2367,燿華,26,0,26,新光-新竹,2024-01-26,8563
5871,中租-KY,26,3,23,新光-新竹,2024-01-26,8563
2352,佳世達,25,2,23,新光-新竹,2024-01-26,8563
3264,欣銓,27,4,23,新光-新竹,2024-01-26,8563
3059,華晶科,24,1,23,新光-新竹,2024-01-26,8563
3005,神基,39,19,20,新光-新竹,2024-01-26,8563
1569,濱川,19,0,19,新光-新竹,2024-01-26,8563
2324,仁寶,63,45,18,新光-新竹,2024-01-26,8563
8110,華東,32,14,18,新光-新竹,2024-01-26,8563
00637L,元大滬深300正2,30,12,18,新光-新竹,2024-01-26,8563
0061,元大寶滬深,20,2,18,新光-新竹,2024-01-26,8563
2543,皇昌,24,7,17,新光-新竹,2024-01-26,8563
2421,建準,114,97,17,新光-新竹,2024-01-26,8563
2547,日勝生,16,0,16,新光-新竹,2024-01-26,8563
00907,永豐優息存股,15,0,15,新光-新竹,2024-01-26,8563
2236,百達-KY,15,0,15,新光-新竹,2024-01-26,8563
00680L,元大美債20正2,476,28,448,新光-新竹,2024-01-29,8563
00687B,國泰20年美債,246,1,245,新光-新竹,2024-01-29,8563
00679B,元大美債20年,211,2,209,新光-新竹,2024-01-29,8563
00937B,群益ESG投等債20,198,27,171,新光-新竹,2024-01-29,8563
00751B,元大AAA至A公司債,188,20,168,新光-新竹,2024-01-29,8563
2303,聯電,153,15,138,新光-新竹,2024-01-29,8563
00688L,國泰20年美債正2,225,98,127,新光-新竹,2024-01-29,8563
00882,中信中國高股息,118,8,110,新光-新竹,2024-01-29,8563
3339,泰谷,118,12,106,新光-新竹,2024-01-29,8563
00673R,期元大S＆P原油反1,85,10,75,新光-新竹,2024-01-29,8563
00933B,國泰10Y+金融債,72,3,69,新光-新竹,2024-01-29,8563
3128,昇銳,77,20,57,新光-新竹,2024-01-29,8563
00931B,統一美債20年,51,0,51,新光-新竹,2024-01-29,8563
1714,和桐,50,0,50,新光-新竹,2024-01-29,8563
3535,晶彩科,60,14,46,新光-新竹,2024-01-29,8563
3037,欣興,61,22,39,新光-新竹,2024-01-29,8563
2610,華航,82,45,37,新光-新竹,2024-01-29,8563
00918,大華優利高填息30,35,0,35,新光-新竹,2024-01-29,8563
2421,建準,206,171,35,新光-新竹,2024-01-29,8563
00795B,中信美國公債20年,35,1,34,新光-新竹,2024-01-29,8563
2637,慧洋-KY,33,0,33,新光-新竹,2024-01-29,8563
00877,復華中國5G,33,0,33,新光-新竹,2024-01-29,8563
6179,亞通,38,6,32,新光-新竹,2024-01-29,8563
5426,振發,214,182,32,新光-新竹,2024-01-29,8563
00650L,復華香港正2,30,0,30,新光-新竹,2024-01-29,8563
6153,嘉聯益,30,0,30,新光-新竹,2024-01-29,8563
3605,宏致,105,76,29,新光-新竹,2024-01-29,8563
6451,訊芯-KY,81,53,28,新光-新竹,2024-01-29,8563
8936,國統,40,12,28,新光-新竹,2024-01-29,8563
3376,新日興,87,60,27,新光-新竹,2024-01-29,8563
2641,正德,57,30,27,新光-新竹,2024-01-29,8563
2337,旺宏,30,3,27,新光-新竹,2024-01-29,8563
00902,中信電池及儲能,30,4,26,新光-新竹,2024-01-29,8563
6462,神盾,94,70,24,新光-新竹,2024-01-29,8563
6770,力積電,42,21,21,新光-新竹,2024-01-29,8563
00753L,中信中國50正2,46,25,21,新光-新竹,2024-01-29,8563
2867,三商壽,20,0,20,新光-新竹,2024-01-29,8563
00643,群益深証中小,20,0,20,新光-新竹,2024-01-29,8563
2221,大甲,17,0,17,新光-新竹,2024-01-29,8563
2520,冠德,20,3,17,新光-新竹,2024-01-29,8563
8096,擎亞,142,125,17,新光-新竹,2024-01-29,8563
6113,亞矽,23,6,17,新光-新竹,2024-01-29,8563
6182,合晶,16,0,16,新光-新竹,2024-01-29,8563
3338,泰碩,21,5,16,新光-新竹,2024-01-29,8563
006208,富邦台50,22,7,15,新光-新竹,2024-01-29,8563
2882,國泰金,20,5,15,新光-新竹,2024-01-29,8563
00725B,國泰投資級公司債,15,0,15,新光-新竹,2024-01-29,8563
4909,新復興,105,91,14,新光-新竹,2024-01-29,8563
6285,啟��,14,0,14,新光-新竹,2024-01-29,8563
00764B,群益25年美債,14,0,14,新光-新竹,2024-01-29,8563
9105,泰金寶-DR,345,58,287,新光-新竹,2024-01-30,8563
00679B,元大美債20年,260,6,254,新光-新竹,2024-01-30,8563
00687B,國泰20年美債,261,38,223,新光-新竹,2024-01-30,8563
3231,緯創,320,120,200,新光-新竹,2024-01-30,8563
00665L,富邦�琤肭磪囓�2,117,0,117,新光-新竹,2024-01-30,8563
00715L,期街口布蘭特正2,188,89,99,新光-新竹,2024-01-30,8563
00882,中信中國高股息,118,32,86,新光-新竹,2024-01-30,8563
00680L,元大美債20正2,468,391,77,新光-新竹,2024-01-30,8563
00753L,中信中國50正2,72,2,70,新光-新竹,2024-01-30,8563
2812,台中銀,148,79,69,新光-新竹,2024-01-30,8563
00770,國泰北美科技,66,0,66,新光-新竹,2024-01-30,8563
6265,方土昶,69,5,64,新光-新竹,2024-01-30,8563
00933B,國泰10Y+金融債,217,156,61,新光-新竹,2024-01-30,8563
4915,致伸,53,0,53,新光-新竹,2024-01-30,8563
00632R,元大台灣50反1,48,1,47,新光-新竹,2024-01-30,8563
3033,威健,77,33,44,新光-新竹,2024-01-30,8563
00655L,國泰中國A50正2,53,11,42,新光-新竹,2024-01-30,8563
5871,中租-KY,60,23,37,新光-新竹,2024-01-30,8563
2388,威盛,89,54,35,新光-新竹,2024-01-30,8563
3338,泰碩,37,3,34,新光-新竹,2024-01-30,8563
6274,台燿,49,18,31,新光-新竹,2024-01-30,8563
2409,友達,34,3,31,新光-新竹,2024-01-30,8563
2221,大甲,29,0,29,新光-新竹,2024-01-30,8563
8096,擎亞,102,74,28,新光-新竹,2024-01-30,8563
00919,群益台灣精選高息,74,48,26,新光-新竹,2024-01-30,8563
6462,神盾,226,200,26,新光-新竹,2024-01-30,8563
6165,浪凡,44,18,26,新光-新竹,2024-01-30,8563
1569,濱川,26,0,26,新光-新竹,2024-01-30,8563
2610,華航,26,1,25,新光-新竹,2024-01-30,8563
2882,國泰金,29,4,25,新光-新竹,2024-01-30,8563
4804,大略-KY,24,0,24,新光-新竹,2024-01-30,8563
1615,大山,25,1,24,新光-新竹,2024-01-30,8563
00877,復華中國5G,24,0,24,新光-新竹,2024-01-30,8563
00720B,元大投資級公司債,31,8,23,新光-新竹,2024-01-30,8563
8936,國統,29,6,23,新光-新竹,2024-01-30,8563
00633L,富邦上証正2,34,11,23,新光-新竹,2024-01-30,8563
6233,旺玖,26,4,22,新光-新竹,2024-01-30,8563
1319,東陽,27,6,21,新光-新竹,2024-01-30,8563
5880,合庫金,21,1,20,新光-新竹,2024-01-30,8563
1101,台泥,20,0,20,新光-新竹,2024-01-30,8563
2885,元大金,21,1,20,新光-新竹,2024-01-30,8563
8112,至上,21,1,20,新光-新竹,2024-01-30,8563
3715,定穎投控,79,60,19,新光-新竹,2024-01-30,8563
2421,建準,125,106,19,新光-新竹,2024-01-30,8563
3034,聯詠,18,0,18,新光-新竹,2024-01-30,8563
5251,天鉞電,50,32,18,新光-新竹,2024-01-30,8563
2498,宏達電,18,1,17,新光-新竹,2024-01-30,8563
5347,世界,29,12,17,新光-新竹,2024-01-30,8563
00650L,復華香港正2,20,3,17,新光-新竹,2024-01-30,8563
2884,玉山金,21,4,17,新光-新竹,2024-01-30,8563
00680L,元大美債20正2,1019,313,706,新光-新竹,2024-01-31,8563
00687B,國泰20年美債,611,29,582,新光-新竹,2024-01-31,8563
2812,台中銀,454,154,300,新光-新竹,2024-01-31,8563
00679B,元大美債20年,317,29,288,新光-新竹,2024-01-31,8563
9105,泰金寶-DR,260,24,236,新光-新竹,2024-01-31,8563
00688L,國泰20年美債正2,199,8,191,新光-新竹,2024-01-31,8563
00933B,國泰10Y+金融債,171,12,159,新光-新竹,2024-01-31,8563
6180,橘子,125,3,122,新光-新竹,2024-01-31,8563
3055,蔚華科,232,125,107,新光-新竹,2024-01-31,8563
3231,緯創,182,83,99,新光-新竹,2024-01-31,8563
2303,聯電,65,4,61,新光-新竹,2024-01-31,8563
00937B,群益ESG投等債20,99,41,58,新光-新竹,2024-01-31,8563
4303,信立,87,33,54,新光-新竹,2024-01-31,8563
00882,中信中國高股息,61,7,54,新光-新竹,2024-01-31,8563
2610,華航,56,5,51,新光-新竹,2024-01-31,8563
3481,群創,79,32,47,新光-新竹,2024-01-31,8563
2882,國泰金,47,1,46,新光-新竹,2024-01-31,8563
00931B,統一美債20年,45,1,44,新光-新竹,2024-01-31,8563
2474,可成,42,0,42,新光-新竹,2024-01-31,8563
006205,富邦上証,40,0,40,新光-新竹,2024-01-31,8563
00650L,復華香港正2,64,27,37,新光-新竹,2024-01-31,8563
00885,富邦越南,80,44,36,新光-新竹,2024-01-31,8563
6462,神盾,138,103,35,新光-新竹,2024-01-31,8563
00919,群益台灣精選高息,51,18,33,新光-新竹,2024-01-31,8563
3694,海華,65,32,33,新光-新竹,2024-01-31,8563
3360,尚立,154,121,33,新光-新竹,2024-01-31,8563
3297,杭特,40,7,33,新光-新竹,2024-01-31,8563
3051,力特,46,14,32,新光-新竹,2024-01-31,8563
6667,信紘科,58,27,31,新光-新竹,2024-01-31,8563
8936,國統,103,73,30,新光-新竹,2024-01-31,8563
3036,文曄,46,17,29,新光-新竹,2024-01-31,8563
8110,華東,31,4,27,新光-新竹,2024-01-31,8563
2330,台積電,38,11,27,新光-新竹,2024-01-31,8563
2867,三商壽,27,0,27,新光-新竹,2024-01-31,8563
00752,中信中國50,25,0,25,新光-新竹,2024-01-31,8563
00673R,期元大S＆P原油反1,30,5,25,新光-新竹,2024-01-31,8563
4102,永日,70,45,25,新光-新竹,2024-01-31,8563
6140,訊達,36,13,23,新光-新竹,2024-01-31,8563
00877,復華中國5G,23,0,23,新光-新竹,2024-01-31,8563
5272,笙科,23,1,22,新光-新竹,2024-01-31,8563
6288,聯嘉,22,0,22,新光-新竹,2024-01-31,8563
2356,英業達,58,38,20,新光-新竹,2024-01-31,8563
2002,中鋼,20,0,20,新光-新竹,2024-01-31,8563
1718,中纖,20,0,20,新光-新竹,2024-01-31,8563
5398,慕康生醫,21,1,20,新光-新竹,2024-01-31,8563
6179,亞通,30,10,20,新光-新竹,2024-01-31,8563
00662,富邦NASDAQ,18,0,18,新光-新竹,2024-01-31,8563
2884,玉山金,28,10,18,新光-新竹,2024-01-31,8563
2308,台達電,57,41,16,新光-新竹,2024-01-31,8563
3715,定穎投控,41,25,16,新光-新竹,2024-01-31,8563
00687B,國泰20年美債,656,201,455,新光-新竹,2024-02-01,8563
00712,復華富時不動產,289,31,258,新光-新竹,2024-02-01,8563
00919,群益台灣精選高息,131,23,108,新光-新竹,2024-02-01,8563
4303,信立,119,17,102,新光-新竹,2024-02-01,8563
2486,一詮,118,19,99,新光-新竹,2024-02-01,8563
3289,宜特,113,24,89,新光-新竹,2024-02-01,8563
00715L,期街口布蘭特正2,147,68,79,新光-新竹,2024-02-01,8563
00665L,富邦�琤肭磪囓�2,98,35,63,新光-新竹,2024-02-01,8563
00637L,元大滬深300正2,200,141,59,新光-新竹,2024-02-01,8563
2409,友達,90,31,59,新光-新竹,2024-02-01,8563
6139,亞翔,66,8,58,新光-新竹,2024-02-01,8563
00878,國泰永續高股息,82,24,58,新光-新竹,2024-02-01,8563
00650L,復華香港正2,70,14,56,新光-新竹,2024-02-01,8563
00937B,群益ESG投等債20,129,84,45,新光-新竹,2024-02-01,8563
2882,國泰金,46,4,42,新光-新竹,2024-02-01,8563
00679B,元大美債20年,142,102,40,新光-新竹,2024-02-01,8563
1514,亞力,77,38,39,新光-新竹,2024-02-01,8563
3037,欣興,45,8,37,新光-新竹,2024-02-01,8563
00927,群益半導體收益,32,0,32,新光-新竹,2024-02-01,8563
00882,中信中國高股息,66,34,32,新光-新竹,2024-02-01,8563
3294,英濟,36,6,30,新光-新竹,2024-02-01,8563
2883B,凱基金乙特,30,1,29,新光-新竹,2024-02-01,8563
2476,鉅祥,28,0,28,新光-新竹,2024-02-01,8563
2365,昆盈,32,5,27,新光-新竹,2024-02-01,8563
00752,中信中國50,28,5,23,新光-新竹,2024-02-01,8563
6113,亞矽,90,70,20,新光-新竹,2024-02-01,8563
3543,州巧,20,1,19,新光-新竹,2024-02-01,8563
2609,陽明,94,77,17,新光-新竹,2024-02-01,8563
4908,前鼎,173,156,17,新光-新竹,2024-02-01,8563
00891,中信關鍵半導體,19,3,16,新光-新竹,2024-02-01,8563
00685L,群益臺灣加權正2,16,0,16,新光-新竹,2024-02-01,8563
8085,福華,27,11,16,新光-新竹,2024-02-01,8563
00795B,中信美國公債20年,16,0,16,新光-新竹,2024-02-01,8563
3163,波若威,16,0,16,新光-新竹,2024-02-01,8563
2618,長榮航,84,69,15,新光-新竹,2024-02-01,8563
6179,亞通,41,26,15,新光-新竹,2024-02-01,8563
4113,聯上,21,6,15,新光-新竹,2024-02-01,8563
6695,芯鼎,171,157,14,新光-新竹,2024-02-01,8563
5512,力麒,16,2,14,新光-新竹,2024-02-01,8563
2337,旺宏,15,1,14,新光-新竹,2024-02-01,8563
6216,居易,13,0,13,新光-新竹,2024-02-01,8563
5251,天鉞電,19,6,13,新光-新竹,2024-02-01,8563
3354,律勝,21,8,13,新光-新竹,2024-02-01,8563
8930,青鋼,16,3,13,新光-新竹,2024-02-01,8563
4966,譜瑞-KY,13,0,13,新光-新竹,2024-02-01,8563
5309,系統電,12,0,12,新光-新竹,2024-02-01,8563
1216,統一,13,1,12,新光-新竹,2024-02-01,8563
00719B,元大美債1-3,12,0,12,新光-新竹,2024-02-01,8563
00877,復華中國5G,12,0,12,新光-新竹,2024-02-01,8563
5386,青雲,12,0,12,新光-新竹,2024-02-01,8563
00937B,群益ESG投等債20,831,148,683,新光-新竹,2024-02-02,8563
00688L,國泰20年美債正2,430,47,383,新光-新竹,2024-02-02,8563
00680L,元大美債20正2,678,398,280,新光-新竹,2024-02-02,8563
00715L,期街口布蘭特正2,343,66,277,新光-新竹,2024-02-02,8563
00712,復華富時不動產,295,49,246,新光-新竹,2024-02-02,8563
00632R,元大台灣50反1,196,35,161,新光-新竹,2024-02-02,8563
00679B,元大美債20年,165,16,149,新光-新竹,2024-02-02,8563
2442,新美齊,163,24,139,新光-新竹,2024-02-02,8563
00687B,國泰20年美債,422,285,137,新光-新竹,2024-02-02,8563
00933B,國泰10Y+金融債,130,13,117,新光-新竹,2024-02-02,8563
00637L,元大滬深300正2,132,19,113,新光-新竹,2024-02-02,8563
2891,中信金,92,0,92,新光-新竹,2024-02-02,8563
3615,安可,134,49,85,新光-新竹,2024-02-02,8563
3376,新日興,164,89,75,新光-新竹,2024-02-02,8563
3058,立德,68,0,68,新光-新竹,2024-02-02,8563
00720B,元大投資級公司債,124,58,66,新光-新竹,2024-02-02,8563
2637,慧洋-KY,60,0,60,新光-新竹,2024-02-02,8563
00706L,期元大S＆P日圓正2,69,10,59,新光-新竹,2024-02-02,8563
3189,景碩,70,13,57,新光-新竹,2024-02-02,8563
1301,台塑,54,0,54,新光-新竹,2024-02-02,8563
00882,中信中國高股息,56,4,52,新光-新竹,2024-02-02,8563
5381,合正,63,12,51,新光-新竹,2024-02-02,8563
1909,榮成,49,0,49,新光-新竹,2024-02-02,8563
2486,一詮,48,0,48,新光-新竹,2024-02-02,8563
00631L,元大台灣50正2,53,5,48,新光-新竹,2024-02-02,8563
1815,富喬,45,0,45,新光-新竹,2024-02-02,8563
1303,南亞,40,0,40,新光-新竹,2024-02-02,8563
006205,富邦上証,40,0,40,新光-新竹,2024-02-02,8563
2303,聯電,52,12,40,新光-新竹,2024-02-02,8563
00772B,中信高評級公司債,67,28,39,新光-新竹,2024-02-02,8563
2363,矽統,51,13,38,新光-新竹,2024-02-02,8563
2313,華通,62,24,38,新光-新竹,2024-02-02,8563
5608,四維航,39,3,36,新光-新竹,2024-02-02,8563
2520,冠德,34,0,34,新光-新竹,2024-02-02,8563
2353,宏��,51,18,33,新光-新竹,2024-02-02,8563
3481,群創,37,6,31,新光-新竹,2024-02-02,8563
3013,晟銘電,35,5,30,新光-新竹,2024-02-02,8563
006208,富邦台50,32,5,27,新光-新竹,2024-02-02,8563
2887,台新金,27,0,27,新光-新竹,2024-02-02,8563
1569,濱川,47,20,27,新光-新竹,2024-02-02,8563
6257,矽格,27,0,27,新光-新竹,2024-02-02,8563
2603,長榮,45,19,26,新光-新竹,2024-02-02,8563
3543,州巧,50,24,26,新光-新竹,2024-02-02,8563
2390,云辰,25,0,25,新光-新竹,2024-02-02,8563
5519,隆大,27,3,24,新光-新竹,2024-02-02,8563
2241,艾姆勒,23,0,23,新光-新竹,2024-02-02,8563
5309,系統電,22,0,22,新光-新竹,2024-02-02,8563
00665L,富邦�琤肭磪囓�2,80,58,22,新光-新竹,2024-02-02,8563
2427,三商電,22,0,22,新光-新竹,2024-02-02,8563
2884,玉山金,22,1,21,新光-新竹,2024-02-02,8563
00937B,群益ESG投等債20,826,14,812,新光-新竹,2024-02-05,8563
00680L,元大美債20正2,1647,880,767,新光-新竹,2024-02-05,8563
00688L,國泰20年美債正2,1234,483,751,新光-新竹,2024-02-05,8563
00679B,元大美債20年,443,28,415,新光-新竹,2024-02-05,8563
9105,泰金寶-DR,339,1,338,新光-新竹,2024-02-05,8563
00929,復華台灣科技優息,354,37,317,新光-新竹,2024-02-05,8563
1815,富喬,269,0,269,新光-新竹,2024-02-05,8563
2884,玉山金,183,5,178,新光-新竹,2024-02-05,8563
00687B,國泰20年美債,540,378,162,新光-新竹,2024-02-05,8563
1603,華電,140,0,140,新光-新竹,2024-02-05,8563
00712,復華富時不動產,197,83,114,新光-新竹,2024-02-05,8563
2421,建準,286,193,93,新光-新竹,2024-02-05,8563
2547,日勝生,81,0,81,新光-新竹,2024-02-05,8563
6233,旺玖,90,11,79,新光-新竹,2024-02-05,8563
2498,宏達電,78,2,76,新光-新竹,2024-02-05,8563
00706L,期元大S＆P日圓正2,64,0,64,新光-新竹,2024-02-05,8563
00795B,中信美國公債20年,67,6,61,新光-新竹,2024-02-05,8563
00675L,富邦臺灣加權正2,61,2,59,新光-新竹,2024-02-05,8563
6757,台灣虎航,58,0,58,新光-新竹,2024-02-05,8563
2303,聯電,58,2,56,新光-新竹,2024-02-05,8563
5234,達興材料,56,3,53,新光-新竹,2024-02-05,8563
2442,新美齊,53,0,53,新光-新竹,2024-02-05,8563
00919,群益台灣精選高息,139,88,51,新光-新竹,2024-02-05,8563
1718,中纖,50,0,50,新光-新竹,2024-02-05,8563
1909,榮成,50,0,50,新光-新竹,2024-02-05,8563
00642U,期元大S＆P石油,43,0,43,新光-新竹,2024-02-05,8563
00857B,永豐20年美公債,43,0,43,新光-新竹,2024-02-05,8563
00878,國泰永續高股息,137,95,42,新光-新竹,2024-02-05,8563
1303,南亞,42,0,42,新光-新竹,2024-02-05,8563
006208,富邦台50,57,18,39,新光-新竹,2024-02-05,8563
00751B,元大AAA至A公司債,42,6,36,新光-新竹,2024-02-05,8563
00696B,富邦美債20年,36,2,34,新光-新竹,2024-02-05,8563
00665L,富邦�琤肭磪囓�2,34,0,34,新光-新竹,2024-02-05,8563
00882,中信中國高股息,46,13,33,新光-新竹,2024-02-05,8563
2467,志聖,57,25,32,新光-新竹,2024-02-05,8563
3294,英濟,33,4,29,新光-新竹,2024-02-05,8563
3028,增你強,28,0,28,新光-新竹,2024-02-05,8563
00764B,群益25年美債,28,0,28,新光-新竹,2024-02-05,8563
9110,越南控-DR,27,0,27,新光-新竹,2024-02-05,8563
2891,中信金,43,17,26,新光-新竹,2024-02-05,8563
2344,華邦電,29,3,26,新光-新竹,2024-02-05,8563
00631L,元大台灣50正2,29,3,26,新光-新竹,2024-02-05,8563
1569,濱川,33,8,25,新光-新竹,2024-02-05,8563
1316,上曜,23,0,23,新光-新竹,2024-02-05,8563
1301,台塑,21,0,21,新光-新竹,2024-02-05,8563
2002,中鋼,23,3,20,新光-新竹,2024-02-05,8563
3035,智原,67,47,20,新光-新竹,2024-02-05,8563
6695,芯鼎,166,146,20,新光-新竹,2024-02-05,8563
1806,冠軍,20,0,20,新光-新竹,2024-02-05,8563
2609,陽明,156,136,20,新光-新竹,2024-02-05,8563
00937B,群益ESG投等債20,1934,43,1891,新光-新竹,2024-02-15,8563
00688L,國泰20年美債正2,1195,262,933,新光-新竹,2024-02-15,8563
00680L,元大美債20正2,1314,381,933,新光-新竹,2024-02-15,8563
1815,富喬,771,11,760,新光-新竹,2024-02-15,8563
00687B,國泰20年美債,703,20,683,新光-新竹,2024-02-15,8563
00679B,元大美債20年,616,93,523,新光-新竹,2024-02-15,8563
00632R,元大台灣50反1,605,174,431,新光-新竹,2024-02-15,8563
9105,泰金寶-DR,415,0,415,新光-新竹,2024-02-15,8563
00673R,期元大S＆P原油反1,394,0,394,新光-新竹,2024-02-15,8563
00795B,中信美國公債20年,245,9,236,新光-新竹,2024-02-15,8563
2801,彰銀,250,31,219,新光-新竹,2024-02-15,8563
00712,復華富時不動產,385,167,218,新光-新竹,2024-02-15,8563
00751B,元大AAA至A公司債,223,6,217,新光-新竹,2024-02-15,8563
2409,友達,231,21,210,新光-新竹,2024-02-15,8563
00706L,期元大S＆P日圓正2,203,0,203,新光-新竹,2024-02-15,8563
1718,中纖,150,0,150,新光-新竹,2024-02-15,8563
1785,光洋科,139,6,133,新光-新竹,2024-02-15,8563
00772B,中信高評級公司債,122,12,110,新光-新竹,2024-02-15,8563
2515,中工,112,3,109,新光-新竹,2024-02-15,8563
00764B,群益25年美債,108,0,108,新光-新竹,2024-02-15,8563
2344,華邦電,121,14,107,新光-新竹,2024-02-15,8563
2537,聯上發,105,7,98,新光-新竹,2024-02-15,8563
8936,國統,194,96,98,新光-新竹,2024-02-15,8563
00857B,永豐20年美公債,96,0,96,新光-新竹,2024-02-15,8563
00931B,統一美債20年,96,0,96,新光-新竹,2024-02-15,8563
1432,大魯閣,90,1,89,新光-新竹,2024-02-15,8563
6462,神盾,93,12,81,新光-新竹,2024-02-15,8563
2020,美亞,72,0,72,新光-新竹,2024-02-15,8563
2547,日勝生,70,0,70,新光-新竹,2024-02-15,8563
2355,敬鵬,93,26,67,新光-新竹,2024-02-15,8563
4162,智擎,70,3,67,新光-新竹,2024-02-15,8563
3481,群創,113,53,60,新光-新竹,2024-02-15,8563
6719,力智,60,1,59,新光-新竹,2024-02-15,8563
00675L,富邦臺灣加權正2,71,14,57,新光-新竹,2024-02-15,8563
2486,一詮,73,17,56,新光-新竹,2024-02-15,8563
4956,光鋐,56,2,54,新光-新竹,2024-02-15,8563
6757,台灣虎航,52,0,52,新光-新竹,2024-02-15,8563
2317,鴻海,69,17,52,新光-新竹,2024-02-15,8563
2353,宏��,103,53,50,新光-新竹,2024-02-15,8563
4924,欣厚-KY,50,0,50,新光-新竹,2024-02-15,8563
2897,王道銀行,75,25,50,新光-新竹,2024-02-15,8563
1904,正隆,50,0,50,新光-新竹,2024-02-15,8563
3362,先進光,56,9,47,新光-新竹,2024-02-15,8563
1522,堤維西,55,11,44,新光-新竹,2024-02-15,8563
5519,隆大,44,0,44,新光-新竹,2024-02-15,8563
00933B,國泰10Y+金融債,223,180,43,新光-新竹,2024-02-15,8563
1806,冠軍,42,0,42,新光-新竹,2024-02-15,8563
6122,擎邦,49,11,38,新光-新竹,2024-02-15,8563
4102,永日,194,156,38,新光-新竹,2024-02-15,8563
5465,富驊,48,12,36,新光-新竹,2024-02-15,8563
00688L,國泰20年美債正2,503,14,489,新光-新竹,2024-02-16,8563
00687B,國泰20年美債,425,13,412,新光-新竹,2024-02-16,8563
00680L,元大美債20正2,424,61,363,新光-新竹,2024-02-16,8563
00933B,國泰10Y+金融債,344,5,339,新光-新竹,2024-02-16,8563
00679B,元大美債20年,265,23,242,新光-新竹,2024-02-16,8563
2801,彰銀,215,0,215,新光-新竹,2024-02-16,8563
00753L,中信中國50正2,236,44,192,新光-新竹,2024-02-16,8563
00795B,中信美國公債20年,157,4,153,新光-新竹,2024-02-16,8563
00937B,群益ESG投等債20,226,101,125,新光-新竹,2024-02-16,8563
00673R,期元大S＆P原油反1,132,10,122,新光-新竹,2024-02-16,8563
2365,昆盈,419,305,114,新光-新竹,2024-02-16,8563
1714,和桐,105,0,105,新光-新竹,2024-02-16,8563
00706L,期元大S＆P日圓正2,107,2,105,新光-新竹,2024-02-16,8563
6125,廣運,275,171,104,新光-新竹,2024-02-16,8563
3163,波若威,107,11,96,新光-新竹,2024-02-16,8563
6104,創惟,96,10,86,新光-新竹,2024-02-16,8563
3036,文曄,86,13,73,新光-新竹,2024-02-16,8563
00857B,永豐20年美公債,71,0,71,新光-新竹,2024-02-16,8563
00637L,元大滬深300正2,97,31,66,新光-新竹,2024-02-16,8563
9904,寶成,65,0,65,新光-新竹,2024-02-16,8563
00772B,中信高評級公司債,61,0,61,新光-新竹,2024-02-16,8563
00764B,群益25年美債,60,0,60,新光-新竹,2024-02-16,8563
00712,復華富時不動產,128,72,56,新光-新竹,2024-02-16,8563
00931B,統一美債20年,77,21,56,新光-新竹,2024-02-16,8563
00751B,元大AAA至A公司債,53,0,53,新光-新竹,2024-02-16,8563
2891,中信金,57,7,50,新光-新竹,2024-02-16,8563
6164,華興,141,91,50,新光-新竹,2024-02-16,8563
6592,和潤企業,50,0,50,新光-新竹,2024-02-16,8563
00639,富邦深100,49,0,49,新光-新竹,2024-02-16,8563
3376,新日興,61,13,48,新光-新竹,2024-02-16,8563
2329,華泰,138,93,45,新光-新竹,2024-02-16,8563
3231,緯創,192,148,44,新光-新竹,2024-02-16,8563
2474,可成,42,0,42,新光-新竹,2024-02-16,8563
00720B,元大投資級公司債,90,51,39,新光-新竹,2024-02-16,8563
2834,臺企銀,37,0,37,新光-新竹,2024-02-16,8563
2353,宏��,369,333,36,新光-新竹,2024-02-16,8563
5521,工信,40,4,36,新光-新竹,2024-02-16,8563
2888,新光金,42,7,35,新光-新竹,2024-02-16,8563
3035,智原,82,46,36,新光-新竹,2024-02-16,8563
00891,中信關鍵半導體,63,29,34,新光-新竹,2024-02-16,8563
2609,陽明,103,70,33,新光-新竹,2024-02-16,8563
2382,廣達,133,103,30,新光-新竹,2024-02-16,8563
2303,聯電,33,3,30,新光-新竹,2024-02-16,8563
1438,三地開發,31,1,30,新光-新竹,2024-02-16,8563
00665L,富邦�琤肭磪囓�2,120,90,30,新光-新竹,2024-02-16,8563
00919,群益台灣精選高息,143,113,30,新光-新竹,2024-02-16,8563
1815,富喬,328,299,29,新光-新竹,2024-02-16,8563
8443,阿瘦,29,0,29,新光-新竹,2024-02-16,8563
6533,晶心科,57,28,29,新光-新竹,2024-02-16,8563
00905,FT臺灣Smart,30,2,28,新光-新竹,2024-02-16,8563
2365,昆盈,654,214,440,新光-新竹,2024-02-19,8563
00764B,群益25年美債,367,0,367,新光-新竹,2024-02-19,8563
1815,富喬,626,308,318,新光-新竹,2024-02-19,8563
00933B,國泰10Y+金融債,310,0,310,新光-新竹,2024-02-19,8563
00687B,國泰20年美債,318,29,289,新光-新竹,2024-02-19,8563
00878,國泰永續高股息,313,96,217,新光-新竹,2024-02-19,8563
00891,中信關鍵半導體,140,0,140,新光-新竹,2024-02-19,8563
4714,永捷,165,36,129,新光-新竹,2024-02-19,8563
00665L,富邦�琤肭磪囓�2,143,25,118,新光-新竹,2024-02-19,8563
1806,冠軍,137,23,114,新光-新竹,2024-02-19,8563
1513,中興電,233,124,109,新光-新竹,2024-02-19,8563
6592,和潤企業,101,0,101,新光-新竹,2024-02-19,8563
00720B,元大投資級公司債,103,5,98,新光-新竹,2024-02-19,8563
00885,富邦越南,102,9,93,新光-新竹,2024-02-19,8563
1316,上曜,135,50,85,新光-新竹,2024-02-19,8563
2458,義隆,180,103,77,新光-新竹,2024-02-19,8563
2355,敬鵬,290,224,66,新光-新竹,2024-02-19,8563
2353,宏��,120,55,65,新光-新竹,2024-02-19,8563
3035,智原,93,28,65,新光-新竹,2024-02-19,8563
00857B,永豐20年美公債,64,0,64,新光-新竹,2024-02-19,8563
00795B,中信美國公債20年,64,2,62,新光-新竹,2024-02-19,8563
2367,燿華,180,123,57,新光-新竹,2024-02-19,8563
3338,泰碩,84,30,54,新光-新竹,2024-02-19,8563
6164,華興,58,5,53,新光-新竹,2024-02-19,8563
3607,谷崧,53,3,50,新光-新竹,2024-02-19,8563
6147,頎邦,53,6,47,新光-新竹,2024-02-19,8563
00919,群益台灣精選高息,89,42,47,新光-新竹,2024-02-19,8563
2609,陽明,95,51,44,新光-新竹,2024-02-19,8563
2547,日勝生,44,0,44,新光-新竹,2024-02-19,8563
2201,裕隆,44,1,43,新光-新竹,2024-02-19,8563
6120,達運,95,54,41,新光-新竹,2024-02-19,8563
6288,聯嘉,45,4,41,新光-新竹,2024-02-19,8563
2009,第一銅,40,0,40,新光-新竹,2024-02-19,8563
00643,群益深証中小,39,0,39,新光-新竹,2024-02-19,8563
2486,一詮,44,6,38,新光-新竹,2024-02-19,8563
00712,復華富時不動產,110,73,37,新光-新竹,2024-02-19,8563
2408,南亞科,38,4,34,新光-新竹,2024-02-19,8563
2382,廣達,54,21,33,新光-新竹,2024-02-19,8563
3312,弘憶股,54,22,32,新光-新竹,2024-02-19,8563
00937B,群益ESG投等債20,275,244,31,新光-新竹,2024-02-19,8563
00680L,元大美債20正2,58,27,31,新光-新竹,2024-02-19,8563
6179,亞通,36,6,30,新光-新竹,2024-02-19,8563
2890,永豐金,31,1,30,新光-新竹,2024-02-19,8563
6274,台燿,72,43,29,新光-新竹,2024-02-19,8563
1718,中纖,30,2,28,新光-新竹,2024-02-19,8563
00864B,中信美國公債0-1,29,1,28,新光-新竹,2024-02-19,8563
00650L,復華香港正2,40,12,28,新光-新竹,2024-02-19,8563
3322,建舜電,40,12,28,新光-新竹,2024-02-19,8563
6742,澤米,28,1,27,新光-新竹,2024-02-19,8563
2476,鉅祥,32,5,27,新光-新竹,2024-02-19,8563
00937B,群益ESG投等債20,300,12,288,新光-新竹,2024-02-20,8563
00679B,元大美債20年,259,3,256,新光-新竹,2024-02-20,8563
6290,良維,219,25,194,新光-新竹,2024-02-20,8563
00673R,期元大S＆P原油反1,133,0,133,新光-新竹,2024-02-20,8563
00687B,國泰20年美債,132,2,130,新光-新竹,2024-02-20,8563
3041,揚智,674,563,111,新光-新竹,2024-02-20,8563
00927,群益半導體收益,111,4,107,新光-新竹,2024-02-20,8563
00665L,富邦�琤肭磪囓�2,186,80,106,新光-新竹,2024-02-20,8563
2489,瑞軒,136,36,100,新光-新竹,2024-02-20,8563
3338,泰碩,85,0,85,新光-新竹,2024-02-20,8563
00919,群益台灣精選高息,247,169,78,新光-新竹,2024-02-20,8563
1432,大魯閣,70,0,70,新光-新竹,2024-02-20,8563
2356,英業達,97,38,59,新光-新竹,2024-02-20,8563
00720B,元大投資級公司債,57,1,56,新光-新竹,2024-02-20,8563
2401,凌陽,61,5,56,新光-新竹,2024-02-20,8563
8011,台通,57,1,56,新光-新竹,2024-02-20,8563
9904,寶成,57,2,55,新光-新竹,2024-02-20,8563
4961,天鈺,65,12,53,新光-新竹,2024-02-20,8563
5465,富驊,52,0,52,新光-新竹,2024-02-20,8563
3481,群創,78,26,52,新光-新竹,2024-02-20,8563
00795B,中信美國公債20年,51,0,51,新光-新竹,2024-02-20,8563
00753L,中信中國50正2,50,0,50,新光-新竹,2024-02-20,8563
6120,達運,54,5,49,新光-新竹,2024-02-20,8563
4909,新復興,72,24,48,新光-新竹,2024-02-20,8563
3607,谷崧,69,22,47,新光-新竹,2024-02-20,8563
1618,合機,43,0,43,新光-新竹,2024-02-20,8563
2103,台橡,43,0,43,新光-新竹,2024-02-20,8563
00680L,元大美債20正2,69,28,41,新光-新竹,2024-02-20,8563
2303,聯電,48,12,36,新光-新竹,2024-02-20,8563
1609,大亞,59,24,35,新光-新竹,2024-02-20,8563
6127,九豪,35,0,35,新光-新竹,2024-02-20,8563
6282,康舒,75,42,33,新光-新竹,2024-02-20,8563
2498,宏達電,32,2,30,新光-新竹,2024-02-20,8563
00712,復華富時不動產,83,53,30,新光-新竹,2024-02-20,8563
3321,同泰,30,0,30,新光-新竹,2024-02-20,8563
5222,全訊,30,0,30,新光-新竹,2024-02-20,8563
1447,力鵬,31,1,30,新光-新竹,2024-02-20,8563
1319,東陽,37,7,30,新光-新竹,2024-02-20,8563
00751B,元大AAA至A公司債,30,1,29,新光-新竹,2024-02-20,8563
6179,亞通,49,19,30,新光-新竹,2024-02-20,8563
8110,華東,90,61,29,新光-新竹,2024-02-20,8563
00931B,統一美債20年,28,0,28,新光-新竹,2024-02-20,8563
3450,聯鈞,59,31,28,新光-新竹,2024-02-20,8563
3583,辛耘,48,20,28,新光-新竹,2024-02-20,8563
2392,正崴,27,0,27,新光-新竹,2024-02-20,8563
2486,一詮,34,8,26,新光-新竹,2024-02-20,8563
3036,文曄,50,24,26,新光-新竹,2024-02-20,8563
8112,至上,59,33,26,新光-新竹,2024-02-20,8563
6715,嘉基,30,5,25,新光-新竹,2024-02-20,8563
2867,三商壽,25,0,25,新光-新竹,2024-02-20,8563
1815,富喬,522,58,464,新光-新竹,2024-02-21,8563
00933B,國泰10Y+金融債,380,12,368,新光-新竹,2024-02-21,8563
00937B,群益ESG投等債20,289,42,247,新光-新竹,2024-02-21,8563
00712,復華富時不動產,295,61,234,新光-新竹,2024-02-21,8563
00878,國泰永續高股息,246,58,188,新光-新竹,2024-02-21,8563
00679B,元大美債20年,192,17,175,新光-新竹,2024-02-21,8563
2367,燿華,177,12,165,新光-新竹,2024-02-21,8563
00761B,國泰A級公司債,141,0,141,新光-新竹,2024-02-21,8563
3041,揚智,278,163,115,新光-新竹,2024-02-21,8563
2303,聯電,130,27,103,新光-新竹,2024-02-21,8563
00795B,中信美國公債20年,100,0,100,新光-新竹,2024-02-21,8563
00687B,國泰20年美債,114,14,100,新光-新竹,2024-02-21,8563
00715L,期街口布蘭特正2,110,11,99,新光-新竹,2024-02-21,8563
3036,文曄,105,7,98,新光-新竹,2024-02-21,8563
5457,宣德,104,8,96,新光-新竹,2024-02-21,8563
3481,群創,102,12,90,新光-新竹,2024-02-21,8563
00673R,期元大S＆P原油反1,114,34,80,新光-新竹,2024-02-21,8563
2405,輔信,125,49,76,新光-新竹,2024-02-21,8563
2884,玉山金,69,0,69,新光-新竹,2024-02-21,8563
6116,彩晶,61,3,58,新光-新竹,2024-02-21,8563
1714,和桐,57,0,57,新光-新竹,2024-02-21,8563
6223,旺矽,64,9,55,新光-新竹,2024-02-21,8563
2609,陽明,126,71,55,新光-新竹,2024-02-21,8563
1455,集盛,50,0,50,新光-新竹,2024-02-21,8563
5465,富驊,50,0,50,新光-新竹,2024-02-21,8563
6757,台灣虎航,47,0,47,新光-新竹,2024-02-21,8563
3607,谷崧,63,19,44,新光-新竹,2024-02-21,8563
2206,三陽工業,66,26,40,新光-新竹,2024-02-21,8563
4147,中裕,46,6,40,新光-新竹,2024-02-21,8563
2890,永豐金,40,0,40,新光-新竹,2024-02-21,8563
2474,可成,51,13,38,新光-新竹,2024-02-21,8563
3025,星通,130,92,38,新光-新竹,2024-02-21,8563
3047,訊舟,110,73,37,新光-新竹,2024-02-21,8563
1528,恩德,49,15,34,新光-新竹,2024-02-21,8563
4109,加捷生醫,38,5,33,新光-新竹,2024-02-21,8563
00720B,元大投資級公司債,41,9,32,新光-新竹,2024-02-21,8563
00643,群益深証中小,32,0,32,新光-新竹,2024-02-21,8563
6416,瑞祺電通,34,3,31,新光-新竹,2024-02-21,8563
5222,全訊,30,0,30,新光-新竹,2024-02-21,8563
5608,四維航,31,2,29,新光-新竹,2024-02-21,8563
00882,中信中國高股息,86,59,27,新光-新竹,2024-02-21,8563
6462,神盾,31,4,27,新光-新竹,2024-02-21,8563
3234,光環,30,4,26,新光-新竹,2024-02-21,8563
8110,華東,46,20,26,新光-新竹,2024-02-21,8563
2356,英業達,65,39,26,新光-新竹,2024-02-21,8563
2637,慧洋-KY,30,5,25,新光-新竹,2024-02-21,8563
3035,智原,63,39,24,新光-新竹,2024-02-21,8563
1314,中石化,24,0,24,新光-新竹,2024-02-21,8563
00706L,期元大S＆P日圓正2,24,0,24,新光-新竹,2024-02-21,8563
2597,潤弘,23,0,23,新光-新竹,2024-02-21,8563
00878,國泰永續高股息,600,106,494,新光-新竹,2024-02-22,8563
1815,富喬,457,129,328,新光-新竹,2024-02-22,8563
00687B,國泰20年美債,388,62,326,新光-新竹,2024-02-22,8563
00933B,國泰10Y+金融債,469,227,242,新光-新竹,2024-02-22,8563
00795B,中信美國公債20年,202,10,192,新光-新竹,2024-02-22,8563
00680L,元大美債20正2,244,57,187,新光-新竹,2024-02-22,8563
00937B,群益ESG投等債20,199,30,169,新光-新竹,2024-02-22,8563
00679B,元大美債20年,168,8,160,新光-新竹,2024-02-22,8563
1714,和桐,100,0,100,新光-新竹,2024-02-22,8563
00688L,國泰20年美債正2,93,11,82,新光-新竹,2024-02-22,8563
8110,華東,111,33,78,新光-新竹,2024-02-22,8563
8201,無敵,65,0,65,新光-新竹,2024-02-22,8563
2313,華通,224,160,64,新光-新竹,2024-02-22,8563
1447,力鵬,60,0,60,新光-新竹,2024-02-22,8563
2547,日勝生,58,0,58,新光-新竹,2024-02-22,8563
6451,訊芯-KY,104,50,54,新光-新竹,2024-02-22,8563
00673R,期元大S＆P原油反1,51,0,51,新光-新竹,2024-02-22,8563
00706L,期元大S＆P日圓正2,51,0,51,新光-新竹,2024-02-22,8563
4109,加捷生醫,71,20,51,新光-新竹,2024-02-22,8563
1718,中纖,50,0,50,新光-新竹,2024-02-22,8563
3312,弘憶股,73,24,49,新光-新竹,2024-02-22,8563
4714,永捷,55,6,49,新光-新竹,2024-02-22,8563
3588,通嘉,83,36,47,新光-新竹,2024-02-22,8563
9105,泰金寶-DR,120,77,43,新光-新竹,2024-02-22,8563
5202,力新,43,0,43,新光-新竹,2024-02-22,8563
5443,均豪,74,32,42,新光-新竹,2024-02-22,8563
2356,英業達,114,73,41,新光-新竹,2024-02-22,8563
3354,律勝,62,21,41,新光-新竹,2024-02-22,8563
6189,豐藝,66,28,38,新光-新竹,2024-02-22,8563
2405,輔信,52,14,38,新光-新竹,2024-02-22,8563
6271,同欣電,45,10,35,新光-新竹,2024-02-22,8563
2427,三商電,35,0,35,新光-新竹,2024-02-22,8563
2610,華航,46,12,34,新光-新竹,2024-02-22,8563
00664R,國泰臺灣加權反1,33,0,33,新光-新竹,2024-02-22,8563
4960,誠美材,33,0,33,新光-新竹,2024-02-22,8563
3708,上緯投控,37,5,32,新光-新竹,2024-02-22,8563
4933,友輝,37,5,32,新光-新竹,2024-02-22,8563
3481,群創,37,7,30,新光-新竹,2024-02-22,8563
2884,玉山金,35,4,31,新光-新竹,2024-02-22,8563
2368,金像電,48,18,30,新光-新竹,2024-02-22,8563
5465,富驊,34,4,30,新光-新竹,2024-02-22,8563
5475,德宏,30,0,30,新光-新竹,2024-02-22,8563
6187,萬潤,41,11,30,新光-新竹,2024-02-22,8563
8086,宏捷科,50,21,29,新光-新竹,2024-02-22,8563
00650L,復華香港正2,56,27,29,新光-新竹,2024-02-22,8563
00882,中信中國高股息,73,45,28,新光-新竹,2024-02-22,8563
3689,湧德,56,29,27,新光-新竹,2024-02-22,8563
6120,達運,31,5,26,新光-新竹,2024-02-22,8563
1524,耿鼎,50,25,25,新光-新竹,2024-02-22,8563
2458,義隆,35,10,25,新光-新竹,2024-02-22,8563
00933B,國泰10Y+金融債,873,1,872,新光-新竹,2024-02-23,8563
2492,華新科,264,2,262,新光-新竹,2024-02-23,8563
00882,中信中國高股息,245,21,224,新光-新竹,2024-02-23,8563
6217,中探針,201,2,199,新光-新竹,2024-02-23,8563
1815,富喬,374,177,197,新光-新竹,2024-02-23,8563
3437,榮創,196,1,195,新光-新竹,2024-02-23,8563
00937B,群益ESG投等債20,214,30,184,新光-新竹,2024-02-23,8563
00919,群益台灣精選高息,371,230,141,新光-新竹,2024-02-23,8563
00687B,國泰20年美債,252,116,136,新光-新竹,2024-02-23,8563
00679B,元大美債20年,141,11,130,新光-新竹,2024-02-23,8563
2367,燿華,176,50,126,新光-新竹,2024-02-23,8563
2527,宏璟,118,4,114,新光-新竹,2024-02-23,8563
00891,中信關鍵半導體,201,89,112,新光-新竹,2024-02-23,8563
2313,華通,392,283,109,新光-新竹,2024-02-23,8563
1714,和桐,100,0,100,新光-新竹,2024-02-23,8563
8064,東捷,347,249,98,新光-新竹,2024-02-23,8563
3231,緯創,245,148,97,新光-新竹,2024-02-23,8563
00665L,富邦�琤肭磪囓�2,147,51,96,新光-新竹,2024-02-23,8563
6265,方土昶,116,29,87,新光-新竹,2024-02-23,8563
3363,上詮,171,94,77,新光-新竹,2024-02-23,8563
00795B,中信美國公債20年,75,2,73,新光-新竹,2024-02-23,8563
1316,上曜,179,113,66,新光-新竹,2024-02-23,8563
3338,泰碩,64,1,63,新光-新竹,2024-02-23,8563
5457,宣德,62,1,61,新光-新竹,2024-02-23,8563
2329,華泰,314,256,58,新光-新竹,2024-02-23,8563
2360,致茂,58,5,53,新光-新竹,2024-02-23,8563
00632R,元大台灣50反1,339,286,53,新光-新竹,2024-02-23,8563
1432,大魯閣,50,0,50,新光-新竹,2024-02-23,8563
1513,中興電,256,207,49,新光-新竹,2024-02-23,8563
3230,錦明,47,0,47,新光-新竹,2024-02-23,8563
6776,展�眥篕�,52,7,45,新光-新竹,2024-02-23,8563
2882,國泰金,49,5,44,新光-新竹,2024-02-23,8563
2618,長榮航,53,9,44,新光-新竹,2024-02-23,8563
2891,中信金,51,8,43,新光-新竹,2024-02-23,8563
2206,三陽工業,94,51,43,新光-新竹,2024-02-23,8563
00772B,中信高評級公司債,49,6,43,新光-新竹,2024-02-23,8563
8936,國統,85,43,42,新光-新竹,2024-02-23,8563
6546,正基,43,2,41,新光-新竹,2024-02-23,8563
6288,聯嘉,51,10,41,新光-新竹,2024-02-23,8563
3346,麗清,40,0,40,新光-新竹,2024-02-23,8563
2543,皇昌,51,13,38,新光-新竹,2024-02-23,8563
1609,大亞,98,60,38,新光-新竹,2024-02-23,8563
6147,頎邦,75,39,36,新光-新竹,2024-02-23,8563
2609,陽明,96,62,34,新光-新竹,2024-02-23,8563
4714,永捷,41,7,34,新光-新竹,2024-02-23,8563
1319,東陽,34,1,33,新光-新竹,2024-02-23,8563
2633,台灣高鐵,32,0,32,新光-新竹,2024-02-23,8563
3481,群創,39,7,32,新光-新竹,2024-02-23,8563
4113,聯上,33,2,31,新光-新竹,2024-02-23,8563
8114,振樺電,33,2,31,新光-新竹,2024-02-23,8563
00878,國泰永續高股息,1187,296,891,新光-新竹,2024-02-26,8563
00933B,國泰10Y+金融債,1186,487,699,新光-新竹,2024-02-26,8563
00937B,群益ESG投等債20,893,207,686,新光-新竹,2024-02-26,8563
00688L,國泰20年美債正2,1121,439,682,新光-新竹,2024-02-26,8563
00929,復華台灣科技優息,526,140,386,新光-新竹,2024-02-26,8563
00679B,元大美債20年,293,14,279,新光-新竹,2024-02-26,8563
1714,和桐,260,0,260,新光-新竹,2024-02-26,8563
4402,郡都開發,192,1,191,新光-新竹,2024-02-26,8563
3701,大眾控,200,12,188,新光-新竹,2024-02-26,8563
00919,群益台灣精選高息,199,34,165,新光-新竹,2024-02-26,8563
00786B,元大10年IG銀行債,115,0,115,新光-新竹,2024-02-26,8563
00857B,永豐20年美公債,113,0,113,新光-新竹,2024-02-26,8563
00715L,期街口布蘭特正2,178,92,86,新光-新竹,2024-02-26,8563
3025,星通,151,65,86,新光-新竹,2024-02-26,8563
6104,創惟,124,46,78,新光-新竹,2024-02-26,8563
1316,上曜,144,68,76,新光-新竹,2024-02-26,8563
2385,群光,77,3,74,新光-新竹,2024-02-26,8563
6141,柏承,70,0,70,新光-新竹,2024-02-26,8563
3312,弘憶股,204,138,66,新光-新竹,2024-02-26,8563
00891,中信關鍵半導體,68,3,65,新光-新竹,2024-02-26,8563
1785,光洋科,67,5,62,新光-新竹,2024-02-26,8563
2442,新美齊,61,2,59,新光-新竹,2024-02-26,8563
6147,頎邦,58,1,57,新光-新竹,2024-02-26,8563
00764B,群益25年美債,56,0,56,新光-新竹,2024-02-26,8563
3481,群創,56,6,50,新光-新竹,2024-02-26,8563
2884,玉山金,76,28,48,新光-新竹,2024-02-26,8563
2405,輔信,248,203,45,新光-新竹,2024-02-26,8563
1514,亞力,328,285,43,新光-新竹,2024-02-26,8563
2890,永豐金,42,0,42,新光-新竹,2024-02-26,8563
1709,和益,42,0,42,新光-新竹,2024-02-26,8563
3028,增你強,55,15,40,新光-新竹,2024-02-26,8563
2892,第一金,42,2,40,新光-新竹,2024-02-26,8563
2449,京元電子,73,34,39,新光-新竹,2024-02-26,8563
00915,凱基優選高股息30,42,5,37,新光-新竹,2024-02-26,8563
1608,華榮,40,3,37,新光-新竹,2024-02-26,8563
2365,昆盈,42,5,37,新光-新竹,2024-02-26,8563
6732,昇佳電子,41,6,35,新光-新竹,2024-02-26,8563
8112,至上,38,4,34,新光-新竹,2024-02-26,8563
3038,全台,55,22,33,新光-新竹,2024-02-26,8563
6116,彩晶,32,1,31,新光-新竹,2024-02-26,8563
5871,中租-KY,41,11,30,新光-新竹,2024-02-26,8563
1904,正隆,30,0,30,新光-新竹,2024-02-26,8563
1108,幸福,30,0,30,新光-新竹,2024-02-26,8563
2022,聚亨,30,0,30,新光-新竹,2024-02-26,8563
00773B,中信優先金融債,30,0,30,新光-新竹,2024-02-26,8563
1314,中石化,30,0,30,新光-新竹,2024-02-26,8563
00753L,中信中國50正2,35,6,29,新光-新竹,2024-02-26,8563
6165,浪凡,28,0,28,新光-新竹,2024-02-26,8563
00675L,富邦臺灣加權正2,30,2,28,新光-新竹,2024-02-26,8563
1609,大亞,101,74,27,新光-新竹,2024-02-26,8563
00937B,群益ESG投等債20,613,36,577,新光-新竹,2024-02-27,8563
00878,國泰永續高股息,809,271,538,新光-新竹,2024-02-27,8563
00688L,國泰20年美債正2,270,34,236,新光-新竹,2024-02-27,8563
00929,復華台灣科技優息,541,311,230,新光-新竹,2024-02-27,8563
00687B,國泰20年美債,287,79,208,新光-新竹,2024-02-27,8563
00919,群益台灣精選高息,662,503,159,新光-新竹,2024-02-27,8563
8085,福華,154,4,150,新光-新竹,2024-02-27,8563
00679B,元大美債20年,142,19,123,新光-新竹,2024-02-27,8563
00673R,期元大S＆P原油反1,115,0,115,新光-新竹,2024-02-27,8563
3481,群創,131,20,111,新光-新竹,2024-02-27,8563
3490,單井,96,1,95,新光-新竹,2024-02-27,8563
1314,中石化,120,30,90,新光-新竹,2024-02-27,8563
00795B,中信美國公債20年,88,2,86,新光-新竹,2024-02-27,8563
00712,復華富時不動產,142,56,86,新光-新竹,2024-02-27,8563
3450,聯鈞,159,76,83,新光-新竹,2024-02-27,8563
8084,巨虹,82,0,82,新光-新竹,2024-02-27,8563
1815,富喬,284,206,78,新光-新竹,2024-02-27,8563
2610,華航,77,8,69,新光-新竹,2024-02-27,8563
6165,浪凡,75,8,67,新光-新竹,2024-02-27,8563
6274,台燿,79,14,65,新光-新竹,2024-02-27,8563
2476,鉅祥,56,1,55,新光-新竹,2024-02-27,8563
1718,中纖,55,0,55,新光-新竹,2024-02-27,8563
2891,中信金,57,5,52,新光-新竹,2024-02-27,8563
6126,信音,152,102,50,新光-新竹,2024-02-27,8563
4147,中裕,61,12,49,新光-新竹,2024-02-27,8563
2887,台新金,58,10,48,新光-新竹,2024-02-27,8563
3455,由田,48,0,48,新光-新竹,2024-02-27,8563
3037,欣興,104,57,47,新光-新竹,2024-02-27,8563
00680L,元大美債20正2,56,10,46,新光-新竹,2024-02-27,8563
3346,麗清,54,10,44,新光-新竹,2024-02-27,8563
1513,中興電,298,256,42,新光-新竹,2024-02-27,8563
1711,永光,110,68,42,新光-新竹,2024-02-27,8563
8110,華東,51,10,41,新光-新竹,2024-02-27,8563
1108,幸福,40,0,40,新光-新竹,2024-02-27,8563
2834,臺企銀,52,13,39,新光-新竹,2024-02-27,8563
3701,大眾控,41,2,39,新光-新竹,2024-02-27,8563
00918,大華優利高填息30,42,5,37,新光-新竹,2024-02-27,8563
2883,凱基金,46,11,35,新光-新竹,2024-02-27,8563
2002,中鋼,33,0,33,新光-新竹,2024-02-27,8563
1609,大亞,104,73,31,新光-新竹,2024-02-27,8563
00934,中信成長高股息,35,5,30,新光-新竹,2024-02-27,8563
3028,增你強,35,5,30,新光-新竹,2024-02-27,8563
2888,新光金,50,21,29,新光-新竹,2024-02-27,8563
2367,燿華,138,110,28,新光-新竹,2024-02-27,8563
00720B,元大投資級公司債,37,10,27,新光-新竹,2024-02-27,8563
1229,聯華,27,0,27,新光-新竹,2024-02-27,8563
00931B,統一美債20年,34,8,26,新光-新竹,2024-02-27,8563
6125,廣運,150,124,26,新光-新竹,2024-02-27,8563
2542,興富發,28,2,26,新光-新竹,2024-02-27,8563
3163,波若威,94,70,24,新光-新竹,2024-02-27,8563
00937B,群益ESG投等債20,628,7,621,新光-新竹,2024-02-29,8563
00919,群益台灣精選高息,429,151,278,新光-新竹,2024-02-29,8563
00929,復華台灣科技優息,385,130,255,新光-新竹,2024-02-29,8563
00673R,期元大S＆P原油反1,157,0,157,新光-新竹,2024-02-29,8563
6288,聯嘉,201,47,154,新光-新竹,2024-02-29,8563
00688L,國泰20年美債正2,171,29,142,新光-新竹,2024-02-29,8563
00753L,中信中國50正2,132,12,120,新光-新竹,2024-02-29,8563
4147,中裕,143,45,98,新光-新竹,2024-02-29,8563
00772B,中信高評級公司債,84,0,84,新光-新竹,2024-02-29,8563
9105,泰金寶-DR,91,18,73,新光-新竹,2024-02-29,8563
00712,復華富時不動產,76,18,58,新光-新竹,2024-02-29,8563
00795B,中信美國公債20年,58,0,58,新光-新竹,2024-02-29,8563
00679B,元大美債20年,64,9,55,新光-新竹,2024-02-29,8563
00878,國泰永續高股息,190,137,53,新光-新竹,2024-02-29,8563
1609,大亞,171,120,51,新光-新竹,2024-02-29,8563
4123,晟德,55,5,50,新光-新竹,2024-02-29,8563
1316,上曜,137,87,50,新光-新竹,2024-02-29,8563
00933B,國泰10Y+金融債,75,29,46,新光-新竹,2024-02-29,8563
2317,鴻海,67,22,45,新光-新竹,2024-02-29,8563
2495,普安,50,5,45,新光-新竹,2024-02-29,8563
00751B,元大AAA至A公司債,49,5,44,新光-新竹,2024-02-29,8563
2474,可成,42,0,42,新光-新竹,2024-02-29,8563
4303,信立,50,8,42,新光-新竹,2024-02-29,8563
2449,京元電子,44,5,39,新光-新竹,2024-02-29,8563
00650L,復華香港正2,49,11,38,新光-新竹,2024-02-29,8563
2371,大同,113,76,37,新光-新竹,2024-02-29,8563
2547,日勝生,37,0,37,新光-新竹,2024-02-29,8563
1528,恩德,41,5,36,新光-新竹,2024-02-29,8563
00687B,國泰20年美債,238,205,33,新光-新竹,2024-02-29,8563
6191,精成科,33,0,33,新光-新竹,2024-02-29,8563
6265,方土昶,33,1,32,新光-新竹,2024-02-29,8563
6179,亞通,35,3,32,新光-新竹,2024-02-29,8563
00631L,元大台灣50正2,35,4,31,新光-新竹,2024-02-29,8563
2888,新光金,31,0,31,新光-新竹,2024-02-29,8563
8936,國統,54,23,31,新光-新竹,2024-02-29,8563
2365,昆盈,32,2,30,新光-新竹,2024-02-29,8563
6125,廣運,108,80,28,新光-新竹,2024-02-29,8563
00665L,富邦�琤肭磪囓�2,60,33,27,新光-新竹,2024-02-29,8563
6668,中揚光,29,3,26,新光-新竹,2024-02-29,8563
1414,東和,26,0,26,新光-新竹,2024-02-29,8563
00664R,國泰臺灣加權反1,26,0,26,新光-新竹,2024-02-29,8563
1314,中石化,25,0,25,新光-新竹,2024-02-29,8563
6167,久正,35,10,25,新光-新竹,2024-02-29,8563
8112,至上,29,6,23,新光-新竹,2024-02-29,8563
1618,合機,50,27,23,新光-新竹,2024-02-29,8563
3006,晶豪科,72,49,23,新光-新竹,2024-02-29,8563
3645,達邁,24,1,23,新光-新竹,2024-02-29,8563
3450,聯鈞,49,27,22,新光-新竹,2024-02-29,8563
9962,有益,22,0,22,新光-新竹,2024-02-29,8563
00720B,元大投資級公司債,32,11,21,新光-新竹,2024-02-29,8563
00919,群益台灣精選高息,1055,253,802,新光-新竹,2024-03-01,8563
00937B,群益ESG投等債20,618,6,612,新光-新竹,2024-03-01,8563
00687B,國泰20年美債,632,74,558,新光-新竹,2024-03-01,8563
00918,大華優利高填息30,325,7,318,新光-新竹,2024-03-01,8563
00933B,國泰10Y+金融債,336,137,199,新光-新竹,2024-03-01,8563
2365,昆盈,188,1,187,新光-新竹,2024-03-01,8563
00751B,元大AAA至A公司債,139,1,138,新光-新竹,2024-03-01,8563
00878,國泰永續高股息,392,266,126,新光-新竹,2024-03-01,8563
2442,新美齊,104,0,104,新光-新竹,2024-03-01,8563
8085,福華,177,78,99,新光-新竹,2024-03-01,8563
6141,柏承,101,24,77,新光-新竹,2024-03-01,8563
2317,鴻海,93,24,69,新光-新竹,2024-03-01,8563
2369,菱生,83,17,66,新光-新竹,2024-03-01,8563
2610,華航,71,10,61,新光-新竹,2024-03-01,8563
00679B,元大美債20年,91,30,61,新光-新竹,2024-03-01,8563
0056,元大高股息,84,23,61,新光-新竹,2024-03-01,8563
00690,兆豐藍籌30,58,0,58,新光-新竹,2024-03-01,8563
2891,中信金,58,4,54,新光-新竹,2024-03-01,8563
00885,富邦越南,55,2,53,新光-新竹,2024-03-01,8563
3481,群創,70,18,52,新光-新竹,2024-03-01,8563
2408,南亞科,52,1,51,新光-新竹,2024-03-01,8563
1718,中纖,51,0,51,新光-新竹,2024-03-01,8563
2313,華通,114,63,51,新光-新竹,2024-03-01,8563
2888,新光金,50,0,50,新光-新竹,2024-03-01,8563
2401,凌陽,46,0,46,新光-新竹,2024-03-01,8563
3006,晶豪科,98,54,44,新光-新竹,2024-03-01,8563
3062,建漢,53,10,43,新光-新竹,2024-03-01,8563
6165,浪凡,41,0,41,新光-新竹,2024-03-01,8563
2371,大同,94,54,40,新光-新竹,2024-03-01,8563
2609,陽明,131,93,38,新光-新竹,2024-03-01,8563
2002,中鋼,40,2,38,新光-新竹,2024-03-01,8563
2820,華票,37,0,37,新光-新竹,2024-03-01,8563
3702,大聯大,37,0,37,新光-新竹,2024-03-01,8563
00720B,元大投資級公司債,69,35,34,新光-新竹,2024-03-01,8563
2449,京元電子,53,20,33,新光-新竹,2024-03-01,8563
3312,弘憶股,77,45,32,新光-新竹,2024-03-01,8563
8155,博智,31,0,31,新光-新竹,2024-03-01,8563
6290,良維,85,54,31,新光-新竹,2024-03-01,8563
1714,和桐,30,0,30,新光-新竹,2024-03-01,8563
2330,台積電,41,12,29,新光-新竹,2024-03-01,8563
3056,富華新,29,0,29,新光-新竹,2024-03-01,8563
00857B,永豐20年美公債,29,0,29,新光-新竹,2024-03-01,8563
6770,力積電,42,14,28,新光-新竹,2024-03-01,8563
1609,大亞,191,163,28,新光-新竹,2024-03-01,8563
2329,華泰,54,27,27,新光-新竹,2024-03-01,8563
3360,尚立,57,30,27,新光-新竹,2024-03-01,8563
8473,山林水,27,0,27,新光-新竹,2024-03-01,8563
2388,威盛,31,5,26,新光-新竹,2024-03-01,8563
8040,九暘,38,13,25,新光-新竹,2024-03-01,8563
6191,精成科,38,13,25,新光-新竹,2024-03-01,8563
00919,群益台灣精選高息,714,309,405,新光-新竹,2024-03-04,8563
00937B,群益ESG投等債20,539,137,402,新光-新竹,2024-03-04,8563
00933B,國泰10Y+金融債,212,29,183,新光-新竹,2024-03-04,8563
3481,群創,166,11,155,新光-新竹,2024-03-04,8563
00857B,永豐20年美公債,141,0,141,新光-新竹,2024-03-04,8563
00918,大華優利高填息30,217,90,127,新光-新竹,2024-03-04,8563
2610,華航,181,61,120,新光-新竹,2024-03-04,8563
00679B,元大美債20年,152,44,108,新光-新竹,2024-03-04,8563
00673R,期元大S＆P原油反1,141,35,106,新光-新竹,2024-03-04,8563
2363,矽統,124,26,98,新光-新竹,2024-03-04,8563
2884,玉山金,148,52,96,新光-新竹,2024-03-04,8563
3702,大聯大,99,5,94,新光-新竹,2024-03-04,8563
00915,凱基優選高股息30,109,15,94,新光-新竹,2024-03-04,8563
2066,世德,82,0,82,新光-新竹,2024-03-04,8563
00687B,國泰20年美債,337,262,75,新光-新竹,2024-03-04,8563
00632R,元大台灣50反1,237,166,71,新光-新竹,2024-03-04,8563
2002,中鋼,91,20,71,新光-新竹,2024-03-04,8563
1609,大亞,113,47,66,新光-新竹,2024-03-04,8563
00882,中信中國高股息,69,4,65,新光-新竹,2024-03-04,8563
6290,良維,126,63,63,新光-新竹,2024-03-04,8563
1909,榮成,60,0,60,新光-新竹,2024-03-04,8563
00680L,元大美債20正2,79,20,59,新光-新竹,2024-03-04,8563
6531,愛普*,68,13,55,新光-新竹,2024-03-04,8563
1513,中興電,151,96,55,新光-新竹,2024-03-04,8563
2206,三陽工業,100,45,55,新光-新竹,2024-03-04,8563
1109,信大,54,0,54,新光-新竹,2024-03-04,8563
1569,濱川,50,0,50,新光-新竹,2024-03-04,8563
1316,上曜,110,62,48,新光-新竹,2024-03-04,8563
2887,台新金,51,3,48,新光-新竹,2024-03-04,8563
6005,群益證,57,10,47,新光-新竹,2024-03-04,8563
2906,高林,45,0,45,新光-新竹,2024-03-04,8563
2812,台中銀,54,10,44,新光-新竹,2024-03-04,8563
2405,輔信,60,19,41,新光-新竹,2024-03-04,8563
00877,復華中國5G,40,0,40,新光-新竹,2024-03-04,8563
5009,榮剛,51,12,39,新光-新竹,2024-03-04,8563
00720B,元大投資級公司債,99,61,38,新光-新竹,2024-03-04,8563
2408,南亞科,52,14,38,新光-新竹,2024-03-04,8563
2101,南港,37,0,37,新光-新竹,2024-03-04,8563
2417,圓剛,51,14,37,新光-新竹,2024-03-04,8563
2329,華泰,50,14,36,新光-新竹,2024-03-04,8563
6126,信音,43,7,36,新光-新竹,2024-03-04,8563
2358,廷鑫,35,0,35,新光-新竹,2024-03-04,8563
3708,上緯投控,35,1,34,新光-新竹,2024-03-04,8563
4994,傳奇,33,0,33,新光-新竹,2024-03-04,8563
00830,國泰費城半導體,35,3,32,新光-新竹,2024-03-04,8563
00665L,富邦�琤肭磪囓�2,32,0,32,新光-新竹,2024-03-04,8563
2547,日勝生,30,0,30,新光-新竹,2024-03-04,8563
2913,農林,30,0,30,新光-新竹,2024-03-04,8563
9103,美德醫療-DR,30,0,30,新光-新竹,2024-03-04,8563
1589,永冠-KY,32,3,29,新光-新竹,2024-03-04,8563
00937B,群益ESG投等債20,391,81,310,新光-新竹,2024-03-05,8563
2834,臺企銀,241,36,205,新光-新竹,2024-03-05,8563
00715L,期街口布蘭特正2,195,5,190,新光-新竹,2024-03-05,8563
00665L,富邦�琤肭磪囓�2,187,9,178,新光-新竹,2024-03-05,8563
00687B,國泰20年美債,252,86,166,新光-新竹,2024-03-05,8563
2303,聯電,158,6,152,新光-新竹,2024-03-05,8563
00919,群益台灣精選高息,476,345,131,新光-新竹,2024-03-05,8563
1316,上曜,289,169,120,新光-新竹,2024-03-05,8563
00712,復華富時不動產,242,134,108,新光-新竹,2024-03-05,8563
00688L,國泰20年美債正2,170,64,106,新光-新竹,2024-03-05,8563
00753L,中信中國50正2,119,18,101,新光-新竹,2024-03-05,8563
8064,東捷,97,6,91,新光-新竹,2024-03-05,8563
5439,高技,111,28,83,新光-新竹,2024-03-05,8563
1301,台塑,82,0,82,新光-新竹,2024-03-05,8563
00650L,復華香港正2,119,41,78,新光-新竹,2024-03-05,8563
3689,湧德,98,25,73,新光-新竹,2024-03-05,8563
8011,台通,141,69,72,新光-新竹,2024-03-05,8563
2316,楠梓電,78,13,65,新光-新竹,2024-03-05,8563
6462,神盾,101,38,63,新光-新竹,2024-03-05,8563
00918,大華優利高填息30,68,6,62,新光-新竹,2024-03-05,8563
2882,國泰金,72,10,62,新光-新竹,2024-03-05,8563
00679B,元大美債20年,104,43,61,新光-新竹,2024-03-05,8563
00882,中信中國高股息,76,17,59,新光-新竹,2024-03-05,8563
2897,王道銀行,89,35,54,新光-新竹,2024-03-05,8563
4533,協易機,60,7,53,新光-新竹,2024-03-05,8563
2206,三陽工業,55,3,52,新光-新竹,2024-03-05,8563
5488,松普,64,13,51,新光-新竹,2024-03-05,8563
4994,傳奇,49,0,49,新光-新竹,2024-03-05,8563
2892,第一金,51,2,49,新光-新竹,2024-03-05,8563
00725B,國泰投資級公司債,47,0,47,新光-新竹,2024-03-05,8563
00891,中信關鍵半導體,50,4,46,新光-新竹,2024-03-05,8563
8054,安國,62,16,46,新光-新竹,2024-03-05,8563
2442,新美齊,51,6,45,新光-新竹,2024-03-05,8563
2476,鉅祥,45,0,45,新光-新竹,2024-03-05,8563
00632R,元大台灣50反1,104,60,44,新光-新竹,2024-03-05,8563
3450,聯鈞,159,117,42,新光-新竹,2024-03-05,8563
00664R,國泰臺灣加權反1,40,0,40,新光-新竹,2024-03-05,8563
1513,中興電,146,106,40,新光-新竹,2024-03-05,8563
2547,日勝生,39,0,39,新光-新竹,2024-03-05,8563
1414,東和,39,0,39,新光-新竹,2024-03-05,8563
2887,台新金,40,3,37,新光-新竹,2024-03-05,8563
6219,富旺,36,0,36,新光-新竹,2024-03-05,8563
3035,智原,79,44,35,新光-新竹,2024-03-05,8563
3346,麗清,36,1,35,新光-新竹,2024-03-05,8563
2820,華票,33,0,33,新光-新竹,2024-03-05,8563
6207,雷科,64,31,33,新光-新竹,2024-03-05,8563
6165,浪凡,46,13,33,新光-新竹,2024-03-05,8563
00857B,永豐20年美公債,32,0,32,新光-新竹,2024-03-05,8563
6216,居易,32,0,32,新光-新竹,2024-03-05,8563
6127,九豪,35,4,31,新光-新竹,2024-03-05,8563
00937B,群益ESG投等債20,815,85,730,新光-新竹,2024-03-06,8563
00919,群益台灣精選高息,860,211,649,新光-新竹,2024-03-06,8563
1316,上曜,780,184,596,新光-新竹,2024-03-06,8563
00918,大華優利高填息30,340,9,331,新光-新竹,2024-03-06,8563
00751B,元大AAA至A公司債,183,15,168,新光-新竹,2024-03-06,8563
00715L,期街口布蘭特正2,176,10,166,新光-新竹,2024-03-06,8563
2845,遠東銀,125,28,97,新光-新竹,2024-03-06,8563
3231,緯創,108,21,87,新光-新竹,2024-03-06,8563
2498,宏達電,89,7,82,新光-新竹,2024-03-06,8563
00706L,期元大S＆P日圓正2,102,20,82,新光-新竹,2024-03-06,8563
2897,王道銀行,111,31,80,新光-新竹,2024-03-06,8563
6216,居易,75,1,74,新光-新竹,2024-03-06,8563
00720B,元大投資級公司債,74,1,73,新光-新竹,2024-03-06,8563
00857B,永豐20年美公債,73,2,71,新光-新竹,2024-03-06,8563
00933B,國泰10Y+金融債,184,113,71,新光-新竹,2024-03-06,8563
8289,泰藝,73,3,70,新光-新竹,2024-03-06,8563
2367,燿華,308,242,66,新光-新竹,2024-03-06,8563
3147,大綜,81,19,62,新光-新竹,2024-03-06,8563
5876,上海商銀,52,0,52,新光-新竹,2024-03-06,8563
2476,鉅祥,53,2,51,新光-新竹,2024-03-06,8563
2887,台新金,61,12,49,新光-新竹,2024-03-06,8563
2399,映泰,51,3,48,新光-新竹,2024-03-06,8563
2474,可成,41,0,41,新光-新竹,2024-03-06,8563
1210,大成,40,1,39,新光-新竹,2024-03-06,8563
3264,欣銓,49,12,37,新光-新竹,2024-03-06,8563
6282,康舒,72,36,36,新光-新竹,2024-03-06,8563
6271,同欣電,45,9,36,新光-新竹,2024-03-06,8563
2101,南港,36,0,36,新光-新竹,2024-03-06,8563
2882,國泰金,40,4,36,新光-新竹,2024-03-06,8563
6125,廣運,191,157,34,新光-新竹,2024-03-06,8563
4303,信立,35,1,34,新光-新竹,2024-03-06,8563
00662,富邦NASDAQ,39,5,34,新光-新竹,2024-03-06,8563
6290,良維,65,31,34,新光-新竹,2024-03-06,8563
00712,復華富時不動產,63,30,33,新光-新竹,2024-03-06,8563
2358,廷鑫,30,0,30,新光-新竹,2024-03-06,8563
3078,僑威,59,29,30,新光-新竹,2024-03-06,8563
1589,永冠-KY,35,5,30,新光-新竹,2024-03-06,8563
2609,陽明,86,57,29,新光-新竹,2024-03-06,8563
2408,南亞科,30,1,29,新光-新竹,2024-03-06,8563
3702A,大聯大甲特,28,0,28,新光-新竹,2024-03-06,8563
3032,偉訓,28,0,28,新光-新竹,2024-03-06,8563
6126,信音,47,20,27,新光-新竹,2024-03-06,8563
00637L,元大滬深300正2,31,5,26,新光-新竹,2024-03-06,8563
2352,佳世達,64,39,25,新光-新竹,2024-03-06,8563
2421,建準,83,58,25,新光-新竹,2024-03-06,8563
2329,華泰,55,31,24,新光-新竹,2024-03-06,8563
00911,兆豐洲際半導體,23,0,23,新光-新竹,2024-03-06,8563
3712,永崴投控,31,8,23,新光-新竹,2024-03-06,8563
3706,神達,29,6,23,新光-新竹,2024-03-06,8563
9942,茂順,22,0,22,新光-新竹,2024-03-06,8563
00919,群益台灣精選高息,978,370,608,新光-新竹,2024-03-07,8563
00632R,元大台灣50反1,731,233,498,新光-新竹,2024-03-07,8563
00680L,元大美債20正2,584,188,396,新光-新竹,2024-03-07,8563
00706L,期元大S＆P日圓正2,363,20,343,新光-新竹,2024-03-07,8563
00937B,群益ESG投等債20,686,350,336,新光-新竹,2024-03-07,8563
3013,晟銘電,356,149,207,新光-新竹,2024-03-07,8563
2887,台新金,132,8,124,新光-新竹,2024-03-07,8563
00635U,期元大S＆P黃金,120,0,120,新光-新竹,2024-03-07,8563
00679B,元大美債20年,125,11,114,新光-新竹,2024-03-07,8563
3363,上詮,104,0,104,新光-新竹,2024-03-07,8563
3481,群創,102,0,102,新光-新竹,2024-03-07,8563
9103,美德醫療-DR,105,5,100,新光-新竹,2024-03-07,8563
5498,凱崴,95,0,95,新光-新竹,2024-03-07,8563
00915,凱基優選高股息30,88,2,86,新光-新竹,2024-03-07,8563
5521,工信,159,77,82,新光-新竹,2024-03-07,8563
006208,富邦台50,87,9,78,新光-新竹,2024-03-07,8563
00918,大華優利高填息30,222,146,76,新光-新竹,2024-03-07,8563
2421,建準,122,47,75,新光-新竹,2024-03-07,8563
9945,潤泰新,87,15,72,新光-新竹,2024-03-07,8563
2313,華通,157,89,68,新光-新竹,2024-03-07,8563
1456,怡華,104,42,62,新光-新竹,2024-03-07,8563
3450,聯鈞,161,101,60,新光-新竹,2024-03-07,8563
4561,健椿,63,5,58,新光-新竹,2024-03-07,8563
2371,大同,91,34,57,新光-新竹,2024-03-07,8563
2369,菱生,72,17,55,新光-新竹,2024-03-07,8563
6189,豐藝,55,1,54,新光-新竹,2024-03-07,8563
00927,群益半導體收益,54,3,51,新光-新竹,2024-03-07,8563
3322,建舜電,55,5,50,新光-新竹,2024-03-07,8563
2890,永豐金,54,5,49,新光-新竹,2024-03-07,8563
4533,協易機,53,6,47,新光-新竹,2024-03-07,8563
1609,大亞,103,56,47,新光-新竹,2024-03-07,8563
00673R,期元大S＆P原油反1,46,0,46,新光-新竹,2024-03-07,8563
2324,仁寶,45,1,44,新光-新竹,2024-03-07,8563
00929,復華台灣科技優息,457,415,42,新光-新竹,2024-03-07,8563
4906,正文,65,25,40,新光-新竹,2024-03-07,8563
3231,緯創,125,85,40,新光-新竹,2024-03-07,8563
2845,遠東銀,39,0,39,新光-新竹,2024-03-07,8563
6015,宏遠證,37,0,37,新光-新竹,2024-03-07,8563
6217,中探針,42,5,37,新光-新竹,2024-03-07,8563
8054,安國,91,54,37,新光-新竹,2024-03-07,8563
00934,中信成長高股息,40,4,36,新光-新竹,2024-03-07,8563
5355,佳總,36,0,36,新光-新竹,2024-03-07,8563
00637L,元大滬深300正2,97,64,33,新光-新竹,2024-03-07,8563
2892,第一金,36,4,32,新光-新竹,2024-03-07,8563
2368,金像電,56,25,31,新光-新竹,2024-03-07,8563
2887F,台新戊特二,30,0,30,新光-新竹,2024-03-07,8563
00857B,永豐20年美公債,93,63,30,新光-新竹,2024-03-07,8563
4306,炎洲,36,6,30,新光-新竹,2024-03-07,8563
3005,神基,53,23,30,新光-新竹,2024-03-07,8563
3372,典範,31,2,29,新光-新竹,2024-03-07,8563
1815,富喬,1885,292,1593,新光-新竹,2024-03-08,8563
00632R,元大台灣50反1,1986,541,1445,新光-新竹,2024-03-08,8563
00919,群益台灣精選高息,1197,679,518,新光-新竹,2024-03-08,8563
4102,永日,646,339,307,新光-新竹,2024-03-08,8563
2206,三陽工業,316,47,269,新光-新竹,2024-03-08,8563
00918,大華優利高填息30,912,661,251,新光-新竹,2024-03-08,8563
6667,信紘科,175,15,160,新光-新竹,2024-03-08,8563
00687B,國泰20年美債,239,108,131,新光-新竹,2024-03-08,8563
00712,復華富時不動產,134,9,125,新光-新竹,2024-03-08,8563
2329,華泰,151,40,111,新光-新竹,2024-03-08,8563
6216,居易,104,1,103,新光-新竹,2024-03-08,8563
00673R,期元大S＆P原油反1,101,0,101,新光-新竹,2024-03-08,8563
2889,國票金,106,5,101,新光-新竹,2024-03-08,8563
2812,台中銀,207,109,98,新光-新竹,2024-03-08,8563
3484,崧騰,83,1,82,新光-新竹,2024-03-08,8563
2101,南港,76,2,74,新光-新竹,2024-03-08,8563
2836,高雄銀,93,25,68,新光-新竹,2024-03-08,8563
6869,雲豹能源,66,0,66,新光-新竹,2024-03-08,8563
5498,凱崴,149,85,64,新光-新竹,2024-03-08,8563
00857B,永豐20年美公債,61,1,60,新光-新竹,2024-03-08,8563
2449,京元電子,216,158,58,新光-新竹,2024-03-08,8563
00933B,國泰10Y+金融債,78,20,58,新光-新竹,2024-03-08,8563
00720B,元大投資級公司債,65,8,57,新光-新竹,2024-03-08,8563
3363,上詮,60,3,57,新光-新竹,2024-03-08,8563
00915,凱基優選高股息30,109,59,50,新光-新竹,2024-03-08,8563
2609,陽明,230,182,48,新光-新竹,2024-03-08,8563
2890,永豐金,49,1,48,新光-新竹,2024-03-08,8563
2883,凱基金,164,117,47,新光-新竹,2024-03-08,8563
1609,大亞,127,81,46,新光-新竹,2024-03-08,8563
2352,佳世達,64,18,46,新光-新竹,2024-03-08,8563
3051,力特,78,33,45,新光-新竹,2024-03-08,8563
2547,日勝生,49,6,43,新光-新竹,2024-03-08,8563
2897,王道銀行,123,80,43,新光-新竹,2024-03-08,8563
2845,遠東銀,42,0,42,新光-新竹,2024-03-08,8563
6757,台灣虎航,41,0,41,新光-新竹,2024-03-08,8563
3032,偉訓,46,6,40,新光-新竹,2024-03-08,8563
6558,興能高,39,0,39,新光-新竹,2024-03-08,8563
2486,一詮,58,21,37,新光-新竹,2024-03-08,8563
2485,兆赫,48,12,36,新光-新竹,2024-03-08,8563
8163,達方,41,6,35,新光-新竹,2024-03-08,8563
6668,中揚光,35,1,34,新光-新竹,2024-03-08,8563
3042,晶技,50,17,33,新光-新竹,2024-03-08,8563
5439,高技,51,19,32,新光-新竹,2024-03-08,8563
00679B,元大美債20年,134,102,32,新光-新竹,2024-03-08,8563
6219,富旺,32,1,31,新光-新竹,2024-03-08,8563
2603,長榮,102,72,30,新光-新竹,2024-03-08,8563
2607,榮運,31,1,30,新光-新竹,2024-03-08,8563
5225,東科-KY,31,2,29,新光-新竹,2024-03-08,8563
1795,美時,33,4,29,新光-新竹,2024-03-08,8563
3056,富華新,29,1,28,新光-新竹,2024-03-08,8563
00937B,群益ESG投等債20,996,53,943,新光-新竹,2024-03-11,8563
00715L,期街口布蘭特正2,487,1,486,新光-新竹,2024-03-11,8563
00706L,期元大S＆P日圓正2,346,38,308,新光-新竹,2024-03-11,8563
00712,復華富時不動產,297,42,255,新光-新竹,2024-03-11,8563
2883,凱基金,310,98,212,新光-新竹,2024-03-11,8563
00918,大華優利高填息30,153,9,144,新光-新竹,2024-03-11,8563
1316,上曜,534,394,140,新光-新竹,2024-03-11,8563
2618,長榮航,151,15,136,新光-新竹,2024-03-11,8563
00679B,元大美債20年,133,2,131,新光-新竹,2024-03-11,8563
6005,群益證,120,1,119,新光-新竹,2024-03-11,8563
1815,富喬,214,105,109,新光-新竹,2024-03-11,8563
2367,燿華,373,296,77,新光-新竹,2024-03-11,8563
00929,復華台灣科技優息,507,432,75,新光-新竹,2024-03-11,8563
2888,新光金,88,14,74,新光-新竹,2024-03-11,8563
00795B,中信美國公債20年,73,2,71,新光-新竹,2024-03-11,8563
2371,大同,96,30,66,新光-新竹,2024-03-11,8563
2610,華航,72,6,66,新光-新竹,2024-03-11,8563
2887,台新金,68,3,65,新光-新竹,2024-03-11,8563
1210,大成,63,0,63,新光-新竹,2024-03-11,8563
00680L,元大美債20正2,157,96,61,新光-新竹,2024-03-11,8563
3294,英濟,99,38,61,新光-新竹,2024-03-11,8563
00933B,國泰10Y+金融債,131,77,54,新光-新竹,2024-03-11,8563
2025,千興,53,0,53,新光-新竹,2024-03-11,8563
2066,世德,53,0,53,新光-新竹,2024-03-11,8563
00631L,元大台灣50正2,65,20,45,新光-新竹,2024-03-11,8563
00687B,國泰20年美債,252,214,38,新光-新竹,2024-03-11,8563
6125,廣運,109,74,35,新光-新竹,2024-03-11,8563
00720B,元大投資級公司債,35,0,35,新光-新竹,2024-03-11,8563
8936,國統,39,4,35,新光-新竹,2024-03-11,8563
6742,澤米,34,0,34,新光-新竹,2024-03-11,8563
00923,群益台ESG低碳50,38,5,33,新光-新竹,2024-03-11,8563
00751B,元大AAA至A公司債,32,0,32,新光-新竹,2024-03-11,8563
6164,華興,32,0,32,新光-新竹,2024-03-11,8563
9802,鈺齊-KY,32,0,32,新光-新竹,2024-03-11,8563
5483,中美晶,61,30,31,新光-新竹,2024-03-11,8563
2330,台積電,70,40,30,新光-新竹,2024-03-11,8563
2882,國泰金,68,38,30,新光-新竹,2024-03-11,8563
00857B,永豐20年美公債,48,20,28,新光-新竹,2024-03-11,8563
2596,綠意,30,2,28,新光-新竹,2024-03-11,8563
3711,日月光投控,36,9,27,新光-新竹,2024-03-11,8563
6187,萬潤,43,17,26,新光-新竹,2024-03-11,8563
1456,怡華,25,0,25,新光-新竹,2024-03-11,8563
5213,亞昕,38,14,24,新光-新竹,2024-03-11,8563
4306,炎洲,24,0,24,新光-新竹,2024-03-11,8563
8433,弘帆,23,0,23,新光-新竹,2024-03-11,8563
00676R,富邦臺灣加權反1,23,0,23,新光-新竹,2024-03-11,8563
9110,越南控-DR,23,0,23,新光-新竹,2024-03-11,8563
2607,榮運,23,0,23,新光-新竹,2024-03-11,8563
2834,臺企銀,39,16,23,新光-新竹,2024-03-11,8563
5469,瀚宇博,24,2,22,新光-新竹,2024-03-11,8563
00882,中信中國高股息,300,10,290,新光-新竹,2024-03-12,8563
00919,群益台灣精選高息,569,343,226,新光-新竹,2024-03-12,8563
00918,大華優利高填息30,231,54,177,新光-新竹,2024-03-12,8563
2867,三商壽,170,5,165,新光-新竹,2024-03-12,8563
00795B,中信美國公債20年,158,17,141,新光-新竹,2024-03-12,8563
2303,聯電,244,122,122,新光-新竹,2024-03-12,8563
00687B,國泰20年美債,246,127,119,新光-新竹,2024-03-12,8563
8936,國統,126,9,117,新光-新竹,2024-03-12,8563
00933B,國泰10Y+金融債,137,24,113,新光-新竹,2024-03-12,8563
1718,中纖,150,50,100,新光-新竹,2024-03-12,8563
00664R,國泰臺灣加權反1,100,0,100,新光-新竹,2024-03-12,8563
00706L,期元大S＆P日圓正2,150,55,95,新光-新竹,2024-03-12,8563
2801,彰銀,100,7,93,新光-新竹,2024-03-12,8563
00915,凱基優選高股息30,88,6,82,新光-新竹,2024-03-12,8563
00930,永豐ESG低碳高息,85,5,80,新光-新竹,2024-03-12,8563
1101,台泥,101,21,80,新光-新竹,2024-03-12,8563
6416,瑞祺電通,91,21,70,新光-新竹,2024-03-12,8563
00857B,永豐20年美公債,70,0,70,新光-新竹,2024-03-12,8563
5386,青雲,71,6,65,新光-新竹,2024-03-12,8563
00673R,期元大S＆P原油反1,65,2,63,新光-新竹,2024-03-12,8563
1513,中興電,220,157,63,新光-新竹,2024-03-12,8563
00929,復華台灣科技優息,285,224,61,新光-新竹,2024-03-12,8563
3284,太普高,68,9,59,新光-新竹,2024-03-12,8563
5443,均豪,85,31,54,新光-新竹,2024-03-12,8563
3346,麗清,54,1,53,新光-新竹,2024-03-12,8563
5706,鳳凰,57,5,52,新光-新竹,2024-03-12,8563
2323,中環,58,6,52,新光-新竹,2024-03-12,8563
1455,集盛,103,52,51,新光-新竹,2024-03-12,8563
00725B,國泰投資級公司債,48,0,48,新光-新竹,2024-03-12,8563
6164,華興,47,0,47,新光-新竹,2024-03-12,8563
5498,凱崴,69,26,43,新光-新竹,2024-03-12,8563
2887F,台新戊特二,43,0,43,新光-新竹,2024-03-12,8563
2597,潤弘,73,31,42,新光-新竹,2024-03-12,8563
2355,敬鵬,55,14,41,新光-新竹,2024-03-12,8563
8112,至上,59,22,37,新光-新竹,2024-03-12,8563
2516,新建,45,9,36,新光-新竹,2024-03-12,8563
3338,泰碩,44,11,33,新光-新竹,2024-03-12,8563
2520,冠德,31,0,31,新光-新竹,2024-03-12,8563
00645,富邦日本,30,0,30,新光-新竹,2024-03-12,8563
3537,堡達,30,0,30,新光-新竹,2024-03-12,8563
6288,聯嘉,30,1,29,新光-新竹,2024-03-12,8563
00720B,元大投資級公司債,42,14,28,新光-新竹,2024-03-12,8563
2025,千興,28,0,28,新光-新竹,2024-03-12,8563
6248,沛波,26,0,26,新光-新竹,2024-03-12,8563
5009,榮剛,30,6,24,新光-新竹,2024-03-12,8563
1711,永光,30,6,24,新光-新竹,2024-03-12,8563
2383,台光電,34,10,24,新光-新竹,2024-03-12,8563
2449,京元電子,40,17,23,新光-新竹,2024-03-12,8563
2301,光寶科,28,5,23,新光-新竹,2024-03-12,8563
6120,達運,92,69,23,新光-新竹,2024-03-12,8563
00919,群益台灣精選高息,2155,610,1545,新光-新竹,2024-03-13,8563
8011,台通,923,196,727,新光-新竹,2024-03-13,8563
00632R,元大台灣50反1,513,113,400,新光-新竹,2024-03-13,8563
00664R,國泰臺灣加權反1,255,0,255,新光-新竹,2024-03-13,8563
00857B,永豐20年美公債,183,0,183,新光-新竹,2024-03-13,8563
4102,永日,332,179,153,新光-新竹,2024-03-13,8563
00918,大華優利高填息30,270,118,152,新光-新竹,2024-03-13,8563
3231,緯創,224,93,131,新光-新竹,2024-03-13,8563
00915,凱基優選高股息30,126,16,110,新光-新竹,2024-03-13,8563
2317,鴻海,1221,1114,107,新光-新竹,2024-03-13,8563
2442,新美齊,101,0,101,新光-新竹,2024-03-13,8563
2889,國票金,100,0,100,新光-新竹,2024-03-13,8563
1718,中纖,100,2,98,新光-新竹,2024-03-13,8563
00687B,國泰20年美債,217,121,96,新光-新竹,2024-03-13,8563
3005,神基,130,38,92,新光-新竹,2024-03-13,8563
00937B,群益ESG投等債20,203,113,90,新光-新竹,2024-03-13,8563
2801,彰銀,210,128,82,新光-新竹,2024-03-13,8563
2633,台灣高鐵,67,3,64,新光-新竹,2024-03-13,8563
2887,台新金,63,1,62,新光-新竹,2024-03-13,8563
2401,凌陽,62,0,62,新光-新竹,2024-03-13,8563
00679B,元大美債20年,137,75,62,新光-新竹,2024-03-13,8563
00891,中信關鍵半導體,68,7,61,新光-新竹,2024-03-13,8563
2603,長榮,165,106,59,新光-新竹,2024-03-13,8563
2101,南港,57,0,57,新光-新竹,2024-03-13,8563
00878,國泰永續高股息,209,154,55,新光-新竹,2024-03-13,8563
00720B,元大投資級公司債,56,1,55,新光-新竹,2024-03-13,8563
00887,永豐中國科技50大,53,0,53,新光-新竹,2024-03-13,8563
2367,燿華,165,113,52,新光-新竹,2024-03-13,8563
3105,穩懋,59,8,51,新光-新竹,2024-03-13,8563
8926,台汽電,99,48,51,新光-新竹,2024-03-13,8563
1609,大亞,118,71,47,新光-新竹,2024-03-13,8563
00751B,元大AAA至A公司債,50,3,47,新光-新竹,2024-03-13,8563
00923,群益台ESG低碳50,48,5,43,新光-新竹,2024-03-13,8563
6290,良維,54,11,43,新光-新竹,2024-03-13,8563
00795B,中信美國公債20年,62,20,42,新光-新竹,2024-03-13,8563
3338,泰碩,59,17,42,新光-新竹,2024-03-13,8563
5498,凱崴,62,20,42,新光-新竹,2024-03-13,8563
8299,群聯,45,3,42,新光-新竹,2024-03-13,8563
6770,力積電,68,27,41,新光-新竹,2024-03-13,8563
2406,國碩,40,0,40,新光-新竹,2024-03-13,8563
6742,澤米,42,4,38,新光-新竹,2024-03-13,8563
2371,大同,74,36,38,新光-新竹,2024-03-13,8563
2201,裕隆,46,10,36,新光-新竹,2024-03-13,8563
00931B,統一美債20年,35,0,35,新光-新竹,2024-03-13,8563
6416,瑞祺電通,46,11,35,新光-新竹,2024-03-13,8563
1514,亞力,178,143,35,新光-新竹,2024-03-13,8563
1101,台泥,40,5,35,新光-新竹,2024-03-13,8563
3715,定穎投控,47,13,34,新光-新竹,2024-03-13,8563
9105,泰金寶-DR,31,0,31,新光-新竹,2024-03-13,8563
2885,元大金,32,1,31,新光-新竹,2024-03-13,8563
00919,群益台灣精選高息,1812,506,1306,新光-新竹,2024-03-14,8563
00937B,群益ESG投等債20,565,89,476,新光-新竹,2024-03-14,8563
2883,凱基金,740,282,458,新光-新竹,2024-03-14,8563
00918,大華優利高填息30,358,26,332,新光-新竹,2024-03-14,8563
1316,上曜,488,175,313,新光-新竹,2024-03-14,8563
2801,彰銀,237,7,230,新光-新竹,2024-03-14,8563
2887,台新金,217,38,179,新光-新竹,2024-03-14,8563
00687B,國泰20年美債,201,35,166,新光-新竹,2024-03-14,8563
00929,復華台灣科技優息,435,288,147,新光-新竹,2024-03-14,8563
2363,矽統,154,11,143,新光-新竹,2024-03-14,8563
2834,臺企銀,193,54,139,新光-新竹,2024-03-14,8563
00915,凱基優選高股息30,140,22,118,新光-新竹,2024-03-14,8563
00857B,永豐20年美公債,107,0,107,新光-新竹,2024-03-14,8563
9945,潤泰新,123,17,106,新光-新竹,2024-03-14,8563
3005,神基,141,51,90,新光-新竹,2024-03-14,8563
00795B,中信美國公債20年,87,0,87,新光-新竹,2024-03-14,8563
2609,陽明,100,15,85,新光-新竹,2024-03-14,8563
2885,元大金,117,40,77,新光-新竹,2024-03-14,8563
2820,華票,80,6,74,新光-新竹,2024-03-14,8563
00934,中信成長高股息,74,1,73,新光-新竹,2024-03-14,8563
5880,合庫金,104,32,72,新光-新竹,2024-03-14,8563
00878,國泰永續高股息,324,254,70,新光-新竹,2024-03-14,8563
6005,群益證,73,8,65,新光-新竹,2024-03-14,8563
2633,台灣高鐵,63,3,60,新光-新竹,2024-03-14,8563
2329,華泰,71,12,59,新光-新竹,2024-03-14,8563
1513,中興電,189,133,56,新光-新竹,2024-03-14,8563
3231,緯創,123,68,55,新光-新竹,2024-03-14,8563
00907,永豐優息存股,44,0,44,新光-新竹,2024-03-14,8563
00679B,元大美債20年,141,98,43,新光-新竹,2024-03-14,8563
8926,台汽電,47,5,42,新光-新竹,2024-03-14,8563
2883B,凱基金乙特,40,0,40,新光-新竹,2024-03-14,8563
00650L,復華香港正2,41,1,40,新光-新竹,2024-03-14,8563
00676R,富邦臺灣加權反1,40,0,40,新光-新竹,2024-03-14,8563
9902,台火,67,28,39,新光-新竹,2024-03-14,8563
3702,大聯大,61,22,39,新光-新竹,2024-03-14,8563
00680L,元大美債20正2,39,0,39,新光-新竹,2024-03-14,8563
00673R,期元大S＆P原油反1,51,12,39,新光-新竹,2024-03-14,8563
00720B,元大投資級公司債,41,4,37,新光-新竹,2024-03-14,8563
2603,長榮,249,213,36,新光-新竹,2024-03-14,8563
2354,鴻準,70,34,36,新光-新竹,2024-03-14,8563
1503,士電,276,243,33,新光-新竹,2024-03-14,8563
00632R,元大台灣50反1,33,0,33,新光-新竹,2024-03-14,8563
2337,旺宏,30,0,30,新光-新竹,2024-03-14,8563
4155,訊映,29,0,29,新光-新竹,2024-03-14,8563
8047,星雲,29,0,29,新光-新竹,2024-03-14,8563
3294,英濟,56,27,29,新光-新竹,2024-03-14,8563
4909,新復興,35,6,29,新光-新竹,2024-03-14,8563
2888,新光金,96,69,27,新光-新竹,2024-03-14,8563
00900,富邦特選高股息30,29,2,27,新光-新竹,2024-03-14,8563
00923,群益台ESG低碳50,26,0,26,新光-新竹,2024-03-14,8563
00919,群益台灣精選高息,1588,834,754,新光-新竹,2024-03-15,8563
00941,中信上游半導體,471,5,466,新光-新竹,2024-03-15,8563
00687B,國泰20年美債,499,99,400,新光-新竹,2024-03-15,8563
00680L,元大美債20正2,247,4,243,新光-新竹,2024-03-15,8563
2812,台中銀,786,565,221,新光-新竹,2024-03-15,8563
2834,臺企銀,404,206,198,新光-新竹,2024-03-15,8563
00918,大華優利高填息30,318,125,193,新光-新竹,2024-03-15,8563
00937B,群益ESG投等債20,339,152,187,新光-新竹,2024-03-15,8563
00688L,國泰20年美債正2,196,31,165,新光-新竹,2024-03-15,8563
8086,宏捷科,174,11,163,新光-新竹,2024-03-15,8563
00751B,元大AAA至A公司債,138,0,138,新光-新竹,2024-03-15,8563
6164,華興,124,0,124,新光-新竹,2024-03-15,8563
00679B,元大美債20年,240,123,117,新光-新竹,2024-03-15,8563
2206,三陽工業,155,43,112,新光-新竹,2024-03-15,8563
00795B,中信美國公債20年,96,0,96,新光-新竹,2024-03-15,8563
00857B,永豐20年美公債,91,1,90,新光-新竹,2024-03-15,8563
2367,燿華,129,40,89,新光-新竹,2024-03-15,8563
4102,永日,111,25,86,新光-新竹,2024-03-15,8563
2838,聯邦銀,104,21,83,新光-新竹,2024-03-15,8563
2363,矽統,91,9,82,新光-新竹,2024-03-15,8563
00915,凱基優選高股息30,82,5,77,新光-新竹,2024-03-15,8563
00933B,國泰10Y+金融債,77,3,74,新光-新竹,2024-03-15,8563
2633,台灣高鐵,68,0,68,新光-新竹,2024-03-15,8563
5213,亞昕,78,10,68,新光-新竹,2024-03-15,8563
2542,興富發,74,8,66,新光-新竹,2024-03-15,8563
3047,訊舟,66,0,66,新光-新竹,2024-03-15,8563
2618,長榮航,137,77,60,新光-新竹,2024-03-15,8563
2603,長榮,227,173,54,新光-新竹,2024-03-15,8563
00764B,群益25年美債,54,0,54,新光-新竹,2024-03-15,8563
2611,志信,67,14,53,新光-新竹,2024-03-15,8563
6126,信音,60,10,50,新光-新竹,2024-03-15,8563
2820,華票,48,0,48,新光-新竹,2024-03-15,8563
2009,第一銅,71,24,47,新光-新竹,2024-03-15,8563
2610,華航,51,4,47,新光-新竹,2024-03-15,8563
00650L,復華香港正2,47,2,45,新光-新竹,2024-03-15,8563
4714,永捷,248,203,45,新光-新竹,2024-03-15,8563
9110,越南控-DR,44,0,44,新光-新竹,2024-03-15,8563
2354,鴻準,129,88,41,新光-新竹,2024-03-15,8563
2883B,凱基金乙特,40,0,40,新光-新竹,2024-03-15,8563
2467,志聖,39,4,35,新光-新竹,2024-03-15,8563
1314,中石化,34,0,34,新光-新竹,2024-03-15,8563
00632R,元大台灣50反1,83,50,33,新光-新竹,2024-03-15,8563
3056,富華新,49,17,32,新光-新竹,2024-03-15,8563
00712,復華富時不動產,82,50,32,新光-新竹,2024-03-15,8563
8096,擎亞,31,0,31,新光-新竹,2024-03-15,8563
3051,力特,106,76,30,新光-新竹,2024-03-15,8563
2369,菱生,44,14,30,新光-新竹,2024-03-15,8563
4909,新復興,36,7,29,新光-新竹,2024-03-15,8563
2851,中再保,29,1,28,新光-新竹,2024-03-15,8563
00753L,中信中國50正2,28,0,28,新光-新竹,2024-03-15,8563
00919,群益台灣精選高息,921,202,719,新光-新竹,2024-03-18,8563
00712,復華富時不動產,713,11,702,新光-新竹,2024-03-18,8563
2317,鴻海,878,526,352,新光-新竹,2024-03-18,8563
00687B,國泰20年美債,307,32,275,新光-新竹,2024-03-18,8563
00795B,中信美國公債20年,224,0,224,新光-新竹,2024-03-18,8563
00688L,國泰20年美債正2,282,70,212,新光-新竹,2024-03-18,8563
2812,台中銀,460,298,162,新光-新竹,2024-03-18,8563
00933B,國泰10Y+金融債,165,5,160,新光-新竹,2024-03-18,8563
8086,宏捷科,154,3,151,新光-新竹,2024-03-18,8563
00937B,群益ESG投等債20,170,21,149,新光-新竹,2024-03-18,8563
8936,國統,178,36,142,新光-新竹,2024-03-18,8563
00751B,元大AAA至A公司債,112,2,110,新光-新竹,2024-03-18,8563
2371,大同,113,9,104,新光-新竹,2024-03-18,8563
2486,一詮,305,204,101,新光-新竹,2024-03-18,8563
2834,臺企銀,203,110,93,新光-新竹,2024-03-18,8563
2883,凱基金,172,88,84,新光-新竹,2024-03-18,8563
00679B,元大美債20年,124,48,76,新光-新竹,2024-03-18,8563
00772B,中信高評級公司債,76,2,74,新光-新竹,2024-03-18,8563
00725B,國泰投資級公司債,70,0,70,新光-新竹,2024-03-18,8563
0056,元大高股息,103,41,62,新光-新竹,2024-03-18,8563
00671R,富邦NASDAQ反1,61,0,61,新光-新竹,2024-03-18,8563
2884,玉山金,128,69,59,新光-新竹,2024-03-18,8563
2316,楠梓電,128,70,58,新光-新竹,2024-03-18,8563
1806,冠軍,57,0,57,新光-新竹,2024-03-18,8563
00931B,統一美債20年,56,0,56,新光-新竹,2024-03-18,8563
2929,淘帝-KY,46,0,46,新光-新竹,2024-03-18,8563
6757,台灣虎航,46,0,46,新光-新竹,2024-03-18,8563
00643,群益深証中小,40,0,40,新光-新竹,2024-03-18,8563
00664R,國泰臺灣加權反1,40,0,40,新光-新竹,2024-03-18,8563
00857B,永豐20年美公債,38,0,38,新光-新竹,2024-03-18,8563
5443,均豪,111,76,35,新光-新竹,2024-03-18,8563
4909,新復興,34,1,33,新光-新竹,2024-03-18,8563
1808,潤隆,32,0,32,新光-新竹,2024-03-18,8563
2330,台積電,49,17,32,新光-新竹,2024-03-18,8563
3481,群創,40,9,31,新光-新竹,2024-03-18,8563
00720B,元大投資級公司債,32,2,30,新光-新竹,2024-03-18,8563
00639,富邦深100,30,0,30,新光-新竹,2024-03-18,8563
00706L,期元大S＆P日圓正2,30,0,30,新光-新竹,2024-03-18,8563
2618,長榮航,33,4,29,新光-新竹,2024-03-18,8563
1513,中興電,211,182,29,新光-新竹,2024-03-18,8563
00878,國泰永續高股息,82,54,28,新光-新竹,2024-03-18,8563
3005,神基,35,8,27,新光-新竹,2024-03-18,8563
00930,永豐ESG低碳高息,29,2,27,新光-新竹,2024-03-18,8563
8466,美吉吉-KY,27,0,27,新光-新竹,2024-03-18,8563
00673R,期元大S＆P原油反1,27,0,27,新光-新竹,2024-03-18,8563
4906,正文,29,3,26,新光-新竹,2024-03-18,8563
4994,傳奇,26,0,26,新光-新竹,2024-03-18,8563
00885,富邦越南,30,5,25,新光-新竹,2024-03-18,8563
00927,群益半導體收益,32,9,23,新光-新竹,2024-03-18,8563
2002,中鋼,28,5,23,新光-新竹,2024-03-18,8563
00688L,國泰20年美債正2,604,18,586,新光-新竹,2024-03-19,8563
00687B,國泰20年美債,448,6,442,新光-新竹,2024-03-19,8563
00706L,期元大S＆P日圓正2,358,0,358,新光-新竹,2024-03-19,8563
00680L,元大美債20正2,287,30,257,新光-新竹,2024-03-19,8563
00857B,永豐20年美公債,281,27,254,新光-新竹,2024-03-19,8563
00929,復華台灣科技優息,394,192,202,新光-新竹,2024-03-19,8563
00937B,群益ESG投等債20,216,30,186,新光-新竹,2024-03-19,8563
00919,群益台灣精選高息,628,457,171,新光-新竹,2024-03-19,8563
00720B,元大投資級公司債,134,6,128,新光-新竹,2024-03-19,8563
00933B,國泰10Y+金融債,119,5,114,新光-新竹,2024-03-19,8563
2303,聯電,190,103,87,新光-新竹,2024-03-19,8563
00941,中信上游半導體,90,7,83,新光-新竹,2024-03-19,8563
2633,台灣高鐵,77,0,77,新光-新竹,2024-03-19,8563
8936,國統,111,38,73,新光-新竹,2024-03-19,8563
00679B,元大美債20年,93,20,73,新光-新竹,2024-03-19,8563
00921,兆豐龍頭等權重,71,2,69,新光-新竹,2024-03-19,8563
2317,鴻海,583,519,64,新光-新竹,2024-03-19,8563
2888,新光金,82,19,63,新光-新竹,2024-03-19,8563
00795B,中信美國公債20年,66,5,61,新光-新竹,2024-03-19,8563
2324,仁寶,66,6,60,新光-新竹,2024-03-19,8563
1806,冠軍,93,34,59,新光-新竹,2024-03-19,8563
2812,台中銀,86,31,55,新光-新竹,2024-03-19,8563
3481,群創,68,15,53,新光-新竹,2024-03-19,8563
2354,鴻準,192,144,48,新光-新竹,2024-03-19,8563
1605,華新,94,49,45,新光-新竹,2024-03-19,8563
1313,聯成,45,0,45,新光-新竹,2024-03-19,8563
4768,晶呈科技,59,15,44,新光-新竹,2024-03-19,8563
3702,大聯大,66,23,43,新光-新竹,2024-03-19,8563
00751B,元大AAA至A公司債,43,0,43,新光-新竹,2024-03-19,8563
1609,大亞,102,66,36,新光-新竹,2024-03-19,8563
4102,永日,141,106,35,新光-新竹,2024-03-19,8563
6274,台燿,105,70,35,新光-新竹,2024-03-19,8563
2353,宏��,43,9,34,新光-新竹,2024-03-19,8563
1524,耿鼎,40,7,33,新光-新竹,2024-03-19,8563
00650L,復華香港正2,33,0,33,新光-新竹,2024-03-19,8563
1101,台泥,37,5,32,新光-新竹,2024-03-19,8563
6257,矽格,41,9,32,新光-新竹,2024-03-19,8563
1616,億泰,33,2,31,新光-新竹,2024-03-19,8563
1314,中石化,31,1,30,新光-新竹,2024-03-19,8563
2883B,凱基金乙特,28,0,28,新光-新竹,2024-03-19,8563
2329,華泰,65,38,27,新光-新竹,2024-03-19,8563
2618,長榮航,38,11,27,新光-新竹,2024-03-19,8563
2308,台達電,57,31,26,新光-新竹,2024-03-19,8563
4714,永捷,28,2,26,新光-新竹,2024-03-19,8563
2887,台新金,32,7,25,新光-新竹,2024-03-19,8563
6279,胡連,25,0,25,新光-新竹,2024-03-19,8563
00665L,富邦�琤肭磪囓�2,95,70,25,新光-新竹,2024-03-19,8563
8069,元太,29,6,23,新光-新竹,2024-03-19,8563
2609,陽明,75,53,22,新光-新竹,2024-03-19,8563
1815,富喬,24,3,21,新光-新竹,2024-03-19,8563
00939,統一台灣高息動能,3174,146,3028,新光-新竹,2024-03-20,8563
00919,群益台灣精選高息,2621,1344,1277,新光-新竹,2024-03-20,8563
2834,臺企銀,378,30,348,新光-新竹,2024-03-20,8563
00937B,群益ESG投等債20,375,52,323,新光-新竹,2024-03-20,8563
00930,永豐ESG低碳高息,230,3,227,新光-新竹,2024-03-20,8563
2401,凌陽,219,0,219,新光-新竹,2024-03-20,8563
2812,台中銀,196,77,119,新光-新竹,2024-03-20,8563
2369,菱生,114,4,110,新光-新竹,2024-03-20,8563
2313,華通,136,29,107,新光-新竹,2024-03-20,8563
2603,長榮,661,558,103,新光-新竹,2024-03-20,8563
00857B,永豐20年美公債,122,24,98,新光-新竹,2024-03-20,8563
2618,長榮航,100,5,95,新光-新竹,2024-03-20,8563
00720B,元大投資級公司債,162,67,95,新光-新竹,2024-03-20,8563
2467,志聖,107,14,93,新光-新竹,2024-03-20,8563
00941,中信上游半導體,106,14,92,新光-新竹,2024-03-20,8563
2367,燿華,241,157,84,新光-新竹,2024-03-20,8563
6462,神盾,110,29,81,新光-新竹,2024-03-20,8563
00687B,國泰20年美債,119,43,76,新光-新竹,2024-03-20,8563
00673R,期元大S＆P原油反1,71,0,71,新光-新竹,2024-03-20,8563
2633,台灣高鐵,72,1,71,新光-新竹,2024-03-20,8563
5483,中美晶,183,117,66,新光-新竹,2024-03-20,8563
2442,新美齊,74,13,61,新光-新竹,2024-03-20,8563
3702,大聯大,91,30,61,新光-新竹,2024-03-20,8563
1806,冠軍,62,2,60,新光-新竹,2024-03-20,8563
3037,欣興,119,59,60,新光-新竹,2024-03-20,8563
2888,新光金,68,9,59,新光-新竹,2024-03-20,8563
1789,神隆,57,1,56,新光-新竹,2024-03-20,8563
1101,台泥,58,3,55,新光-新竹,2024-03-20,8563
4938,和碩,156,105,51,新光-新竹,2024-03-20,8563
00712,復華富時不動產,93,43,50,新光-新竹,2024-03-20,8563
2355,敬鵬,52,3,49,新光-新竹,2024-03-20,8563
2376,技嘉,65,16,49,新光-新竹,2024-03-20,8563
00679B,元大美債20年,105,59,46,新光-新竹,2024-03-20,8563
6901,鑽石投資,45,0,45,新光-新竹,2024-03-20,8563
2801,彰銀,53,10,43,新光-新竹,2024-03-20,8563
3264,欣銓,118,76,42,新光-新竹,2024-03-20,8563
2344,華邦電,41,0,41,新光-新竹,2024-03-20,8563
1319,東陽,65,26,39,新光-新竹,2024-03-20,8563
6274,台燿,96,58,38,新光-新竹,2024-03-20,8563
6164,華興,38,0,38,新光-新竹,2024-03-20,8563
5425,台半,38,1,37,新光-新竹,2024-03-20,8563
3481,群創,75,39,36,新光-新竹,2024-03-20,8563
3689,湧德,56,21,35,新光-新竹,2024-03-20,8563
6234,高僑,56,21,35,新光-新竹,2024-03-20,8563
0056,元大高股息,47,16,31,新光-新竹,2024-03-20,8563
1815,富喬,38,7,31,新光-新竹,2024-03-20,8563
2408,南亞科,31,1,30,新光-新竹,2024-03-20,8563
6640,均華,28,0,28,新光-新竹,2024-03-20,8563
00933B,國泰10Y+金融債,89,62,27,新光-新竹,2024-03-20,8563
2324,仁寶,59,32,27,新光-新竹,2024-03-20,8563
00688L,國泰20年美債正2,876,10,866,新光-新竹,2024-03-21,8563
00632R,元大台灣50反1,1174,566,608,新光-新竹,2024-03-21,8563
00939,統一台灣高息動能,605,62,543,新光-新竹,2024-03-21,8563
00937B,群益ESG投等債20,557,15,542,新光-新竹,2024-03-21,8563
2369,菱生,637,149,488,新光-新竹,2024-03-21,8563
2344,華邦電,588,115,473,新光-新竹,2024-03-21,8563
00687B,國泰20年美債,489,136,353,新光-新竹,2024-03-21,8563
2887,台新金,288,1,287,新光-新竹,2024-03-21,8563
2442,新美齊,258,0,258,新光-新竹,2024-03-21,8563
8936,國統,489,242,247,新光-新竹,2024-03-21,8563
2408,南亞科,259,62,197,新光-新竹,2024-03-21,8563
00664R,國泰臺灣加權反1,151,0,151,新光-新竹,2024-03-21,8563
2618,長榮航,139,1,138,新光-新竹,2024-03-21,8563
00919,群益台灣精選高息,902,781,121,新光-新竹,2024-03-21,8563
00680L,元大美債20正2,124,5,119,新光-新竹,2024-03-21,8563
00857B,永豐20年美公債,132,29,103,新光-新竹,2024-03-21,8563
00751B,元大AAA至A公司債,110,10,100,新光-新竹,2024-03-21,8563
2371,大同,173,73,100,新光-新竹,2024-03-21,8563
00720B,元大投資級公司債,94,1,93,新光-新竹,2024-03-21,8563
00706L,期元大S＆P日圓正2,93,0,93,新光-新竹,2024-03-21,8563
3083,網龍,97,7,90,新光-新竹,2024-03-21,8563
00679B,元大美債20年,197,111,86,新光-新竹,2024-03-21,8563
4102,永日,206,129,77,新光-新竹,2024-03-21,8563
3264,欣銓,108,42,66,新光-新竹,2024-03-21,8563
2303,聯電,90,28,62,新光-新竹,2024-03-21,8563
6219,富旺,62,1,61,新光-新竹,2024-03-21,8563
00715L,期街口布蘭特正2,56,0,56,新光-新竹,2024-03-21,8563
1815,富喬,61,10,51,新光-新竹,2024-03-21,8563
3033,威健,87,39,48,新光-新竹,2024-03-21,8563
3029,零壹,44,1,43,新光-新竹,2024-03-21,8563
3322,建舜電,83,43,40,新光-新竹,2024-03-21,8563
1217,愛之味,39,0,39,新光-新竹,2024-03-21,8563
2603,長榮,302,264,38,新光-新竹,2024-03-21,8563
2449,京元電子,81,43,38,新光-新竹,2024-03-21,8563
2611,志信,42,9,33,新光-新竹,2024-03-21,8563
3715,定穎投控,37,4,33,新光-新竹,2024-03-21,8563
2002,中鋼,71,40,31,新光-新竹,2024-03-21,8563
1608,華榮,36,5,31,新光-新竹,2024-03-21,8563
5443,均豪,109,79,30,新光-新竹,2024-03-21,8563
00671R,富邦NASDAQ反1,30,0,30,新光-新竹,2024-03-21,8563
4105,東洋,30,0,30,新光-新竹,2024-03-21,8563
00795B,中信美國公債20年,55,25,30,新光-新竹,2024-03-21,8563
6188,廣明,158,129,29,新光-新竹,2024-03-21,8563
2362,藍天,33,4,29,新光-新竹,2024-03-21,8563
3293,鈊象,34,6,28,新光-新竹,2024-03-21,8563
4938,和碩,73,47,26,新光-新竹,2024-03-21,8563
00631L,元大台灣50正2,49,23,26,新光-新竹,2024-03-21,8563
5608,四維航,24,0,24,新光-新竹,2024-03-21,8563
2340,台亞,25,2,23,新光-新竹,2024-03-21,8563
2009,第一銅,24,1,23,新光-新竹,2024-03-21,8563
00680L,元大美債20正2,671,59,612,新光-新竹,2024-03-22,8563
00937B,群益ESG投等債20,577,19,558,新光-新竹,2024-03-22,8563
00939,統一台灣高息動能,662,109,553,新光-新竹,2024-03-22,8563
00687B,國泰20年美債,532,120,412,新光-新竹,2024-03-22,8563
00688L,國泰20年美債正2,438,43,395,新光-新竹,2024-03-22,8563
2834,臺企銀,376,31,345,新光-新竹,2024-03-22,8563
00919,群益台灣精選高息,1011,693,318,新光-新竹,2024-03-22,8563
2618,長榮航,290,0,290,新光-新竹,2024-03-22,8563
00673R,期元大S＆P原油反1,320,65,255,新光-新竹,2024-03-22,8563
2883,凱基金,432,238,194,新光-新竹,2024-03-22,8563
2801,彰銀,171,0,171,新光-新竹,2024-03-22,8563
00679B,元大美債20年,191,35,156,新光-新竹,2024-03-22,8563
3322,建舜電,131,7,124,新光-新竹,2024-03-22,8563
2344,華邦電,137,23,114,新光-新竹,2024-03-22,8563
00665L,富邦�琤肭磪囓�2,307,200,107,新光-新竹,2024-03-22,8563
2486,一詮,194,91,103,新光-新竹,2024-03-22,8563
2359,所羅門,101,0,101,新光-新竹,2024-03-22,8563
00715L,期街口布蘭特正2,247,160,87,新光-新竹,2024-03-22,8563
2393,億光,91,15,76,新光-新竹,2024-03-22,8563
3005,神基,156,85,71,新光-新竹,2024-03-22,8563
00941,中信上游半導體,73,4,69,新光-新竹,2024-03-22,8563
3264,欣銓,67,7,60,新光-新竹,2024-03-22,8563
2353,宏��,241,182,59,新光-新竹,2024-03-22,8563
0050,元大台灣50,75,19,56,新光-新竹,2024-03-22,8563
3706,神達,278,222,56,新光-新竹,2024-03-22,8563
00632R,元大台灣50反1,90,35,55,新光-新竹,2024-03-22,8563
2520,冠德,55,0,55,新光-新竹,2024-03-22,8563
00752,中信中國50,55,0,55,新光-新竹,2024-03-22,8563
1608,華榮,104,54,50,新光-新竹,2024-03-22,8563
00753L,中信中國50正2,48,0,48,新光-新竹,2024-03-22,8563
3083,網龍,103,56,47,新光-新竹,2024-03-22,8563
6530,創威,49,4,45,新光-新竹,2024-03-22,8563
5483,中美晶,58,15,43,新光-新竹,2024-03-22,8563
00915,凱基優選高股息30,52,9,43,新光-新竹,2024-03-22,8563
2337,旺宏,60,19,41,新光-新竹,2024-03-22,8563
2006,東和鋼鐵,41,0,41,新光-新竹,2024-03-22,8563
2303,聯電,56,16,40,新光-新竹,2024-03-22,8563
00676R,富邦臺灣加權反1,40,0,40,新光-新竹,2024-03-22,8563
2323,中環,43,3,40,新光-新竹,2024-03-22,8563
2376,技嘉,88,48,40,新光-新竹,2024-03-22,8563
00857B,永豐20年美公債,39,0,39,新光-新竹,2024-03-22,8563
6216,居易,45,6,39,新光-新竹,2024-03-22,8563
4128,中天,45,6,39,新光-新竹,2024-03-22,8563
3702,大聯大,41,4,37,新光-新竹,2024-03-22,8563
6443,元晶,96,60,36,新光-新竹,2024-03-22,8563
1513,中興電,125,90,35,新光-新竹,2024-03-22,8563
2915,潤泰全,34,0,34,新光-新竹,2024-03-22,8563
1524,耿鼎,34,1,33,新光-新竹,2024-03-22,8563
1611,中電,31,0,31,新光-新竹,2024-03-22,8563
5347,世界,51,20,31,新光-新竹,2024-03-22,8563
00937B,群益ESG投等債20,582,99,483,新光-新竹,2024-03-25,8563
00919,群益台灣精選高息,707,307,400,新光-新竹,2024-03-25,8563
00939,統一台灣高息動能,526,173,353,新光-新竹,2024-03-25,8563
00941,中信上游半導體,390,151,239,新光-新竹,2024-03-25,8563
00680L,元大美債20正2,252,37,215,新光-新竹,2024-03-25,8563
3231,緯創,252,50,202,新光-新竹,2024-03-25,8563
00712,復華富時不動產,139,9,130,新光-新竹,2024-03-25,8563
00687B,國泰20年美債,219,90,129,新光-新竹,2024-03-25,8563
2358,廷鑫,120,0,120,新光-新竹,2024-03-25,8563
00679B,元大美債20年,219,107,112,新光-新竹,2024-03-25,8563
00632R,元大台灣50反1,104,7,97,新光-新竹,2024-03-25,8563
1609,大亞,458,373,85,新光-新竹,2024-03-25,8563
3706,神達,162,78,84,新光-新竹,2024-03-25,8563
2337,旺宏,83,5,78,新光-新竹,2024-03-25,8563
2356,英業達,263,188,75,新光-新竹,2024-03-25,8563
5498,凱崴,76,5,71,新光-新竹,2024-03-25,8563
2352,佳世達,70,7,63,新光-新竹,2024-03-25,8563
2303,聯電,69,10,59,新光-新竹,2024-03-25,8563
00688L,國泰20年美債正2,233,174,59,新光-新竹,2024-03-25,8563
1605,華新,68,12,56,新光-新竹,2024-03-25,8563
2317,鴻海,913,858,55,新光-新竹,2024-03-25,8563
4909,新復興,55,5,50,新光-新竹,2024-03-25,8563
3481,群創,81,33,48,新光-新竹,2024-03-25,8563
6164,華興,48,0,48,新光-新竹,2024-03-25,8563
1529,樂事綠能,57,14,43,新光-新竹,2024-03-25,8563
2515,中工,56,15,41,新光-新竹,2024-03-25,8563
2354,鴻準,60,21,39,新光-新竹,2024-03-25,8563
1809,中釉,41,2,39,新光-新竹,2024-03-25,8563
2637,慧洋-KY,40,1,39,新光-新竹,2024-03-25,8563
2453,凌群,38,3,35,新光-新竹,2024-03-25,8563
2855,統一證,34,0,34,新光-新竹,2024-03-25,8563
2883B,凱基金乙特,33,0,33,新光-新竹,2024-03-25,8563
2359,所羅門,35,3,32,新光-新竹,2024-03-25,8563
5876,上海商銀,32,1,31,新光-新竹,2024-03-25,8563
6284,佳邦,38,7,31,新光-新竹,2024-03-25,8563
5347,世界,38,8,30,新光-新竹,2024-03-25,8563
2888,新光金,41,11,30,新光-新竹,2024-03-25,8563
2897,王道銀行,30,0,30,新光-新竹,2024-03-25,8563
1515,力山,31,2,29,新光-新竹,2024-03-25,8563
3712,永崴投控,28,0,28,新光-新竹,2024-03-25,8563
5880,合庫金,26,0,26,新光-新竹,2024-03-25,8563
2353,宏��,91,65,26,新光-新竹,2024-03-25,8563
00923,群益台ESG低碳50,26,0,26,新光-新竹,2024-03-25,8563
6877,鏵友益,26,0,26,新光-新竹,2024-03-25,8563
2812,台中銀,116,90,26,新光-新竹,2024-03-25,8563
6125,廣運,139,114,25,新光-新竹,2024-03-25,8563
2301,光寶科,32,7,25,新光-新竹,2024-03-25,8563
2528,皇普,24,0,24,新光-新竹,2024-03-25,8563
3704,合勤控,29,5,24,新光-新竹,2024-03-25,8563
00650L,復華香港正2,36,12,24,新光-新竹,2024-03-25,8563
00941,中信上游半導體,382,101,281,新光-新竹,2024-03-26,8563
00937B,群益ESG投等債20,331,85,246,新光-新竹,2024-03-26,8563
00939,統一台灣高息動能,486,258,228,新光-新竹,2024-03-26,8563
2442,新美齊,225,0,225,新光-新竹,2024-03-26,8563
2316,楠梓電,298,110,188,新光-新竹,2024-03-26,8563
3325,旭品,167,0,167,新光-新竹,2024-03-26,8563
00679B,元大美債20年,173,9,164,新光-新竹,2024-03-26,8563
4102,永日,202,86,116,新光-新竹,2024-03-26,8563
2388,威盛,209,105,104,新光-新竹,2024-03-26,8563
00929,復華台灣科技優息,473,371,102,新光-新竹,2024-03-26,8563
00688L,國泰20年美債正2,211,110,101,新光-新竹,2024-03-26,8563
3231,緯創,254,153,101,新光-新竹,2024-03-26,8563
00878,國泰永續高股息,301,209,92,新光-新竹,2024-03-26,8563
2344,華邦電,119,31,88,新光-新竹,2024-03-26,8563
1513,中興電,269,182,87,新光-新竹,2024-03-26,8563
2367,燿華,585,503,82,新光-新竹,2024-03-26,8563
2303,聯電,96,17,79,新光-新竹,2024-03-26,8563
2317,鴻海,904,826,78,新光-新竹,2024-03-26,8563
8289,泰藝,73,0,73,新光-新竹,2024-03-26,8563
1609,大亞,259,189,70,新光-新竹,2024-03-26,8563
3481,群創,93,25,68,新光-新竹,2024-03-26,8563
00915,凱基優選高股息30,68,0,68,新光-新竹,2024-03-26,8563
2515,中工,70,5,65,新光-新竹,2024-03-26,8563
2401,凌陽,70,10,60,新光-新竹,2024-03-26,8563
4909,新復興,60,3,57,新光-新竹,2024-03-26,8563
2609,陽明,150,94,56,新光-新竹,2024-03-26,8563
1529,樂事綠能,83,29,54,新光-新竹,2024-03-26,8563
4938,和碩,81,33,48,新光-新竹,2024-03-26,8563
6216,居易,49,1,48,新光-新竹,2024-03-26,8563
2449,京元電子,83,35,48,新光-新竹,2024-03-26,8563
2486,一詮,120,74,46,新光-新竹,2024-03-26,8563
00631L,元大台灣50正2,59,14,45,新光-新竹,2024-03-26,8563
2354,鴻準,71,27,44,新光-新竹,2024-03-26,8563
6279,胡連,46,3,43,新光-新竹,2024-03-26,8563
1504,東元,105,63,42,新光-新竹,2024-03-26,8563
2329,華泰,254,214,40,新光-新竹,2024-03-26,8563
2887,台新金,42,2,40,新光-新竹,2024-03-26,8563
2855,統一證,42,4,38,新光-新竹,2024-03-26,8563
3406,玉晶光,66,31,35,新光-新竹,2024-03-26,8563
1905,華紙,64,30,34,新光-新竹,2024-03-26,8563
2603,長榮,50,16,34,新光-新竹,2024-03-26,8563
2610,華航,35,3,32,新光-新竹,2024-03-26,8563
3631,晟楠,31,0,31,新光-新竹,2024-03-26,8563
00664R,國泰臺灣加權反1,31,0,31,新光-新竹,2024-03-26,8563
3338,泰碩,32,1,31,新光-新竹,2024-03-26,8563
5608,四維航,30,0,30,新光-新竹,2024-03-26,8563
6288,聯嘉,47,18,29,新光-新竹,2024-03-26,8563
2882,國泰金,46,19,27,新光-新竹,2024-03-26,8563
2301,光寶科,40,13,27,新光-新竹,2024-03-26,8563
6188,廣明,70,43,27,新光-新竹,2024-03-26,8563
1316,上曜,883,94,789,新光-新竹,2024-03-27,8563
1616,億泰,307,41,266,新光-新竹,2024-03-27,8563
1608,華榮,764,507,257,新光-新竹,2024-03-27,8563
2834,臺企銀,198,56,142,新光-新竹,2024-03-27,8563
00715L,期街口布蘭特正2,164,40,124,新光-新竹,2024-03-27,8563
00937B,群益ESG投等債20,259,140,119,新光-新竹,2024-03-27,8563
00720B,元大投資級公司債,113,1,112,新光-新竹,2024-03-27,8563
00679B,元大美債20年,90,8,82,新光-新竹,2024-03-27,8563
4909,新復興,91,14,77,新光-新竹,2024-03-27,8563
00939,統一台灣高息動能,233,158,75,新光-新竹,2024-03-27,8563
2301,光寶科,72,2,70,新光-新竹,2024-03-27,8563
2317,鴻海,252,190,62,新光-新竹,2024-03-27,8563
00877,復華中國5G,60,0,60,新光-新竹,2024-03-27,8563
3450,聯鈞,64,5,59,新光-新竹,2024-03-27,8563
2354,鴻準,134,77,57,新光-新竹,2024-03-27,8563
3481,群創,69,13,56,新光-新竹,2024-03-27,8563
2801,彰銀,52,0,52,新光-新竹,2024-03-27,8563
2929,淘帝-KY,52,0,52,新光-新竹,2024-03-27,8563
00632R,元大台灣50反1,53,2,51,新光-新竹,2024-03-27,8563
2367,燿華,95,45,50,新光-新竹,2024-03-27,8563
8064,東捷,53,7,46,新光-新竹,2024-03-27,8563
2388,威盛,151,107,44,新光-新竹,2024-03-27,8563
1603,華電,155,111,44,新光-新竹,2024-03-27,8563
6139,亞翔,60,16,44,新光-新竹,2024-03-27,8563
1529,樂事綠能,48,5,43,新光-新竹,2024-03-27,8563
2417,圓剛,44,3,41,新光-新竹,2024-03-27,8563
00650L,復華香港正2,46,7,39,新光-新竹,2024-03-27,8563
00673R,期元大S＆P原油反1,51,14,37,新光-新竹,2024-03-27,8563
2637,慧洋-KY,42,5,37,新光-新竹,2024-03-27,8563
5371,中光電,41,5,36,新光-新竹,2024-03-27,8563
00915,凱基優選高股息30,37,2,35,新光-新竹,2024-03-27,8563
1522,堤維西,35,3,32,新光-新竹,2024-03-27,8563
4127,天良,32,0,32,新光-新竹,2024-03-27,8563
2888,新光金,31,0,31,新光-新竹,2024-03-27,8563
00665L,富邦�琤肭磪囓�2,75,45,30,新光-新竹,2024-03-27,8563
00830,國泰費城半導體,32,2,30,新光-新竹,2024-03-27,8563
6550,北極星藥業-KY,29,2,27,新光-新竹,2024-03-27,8563
3231,緯創,53,26,27,新光-新竹,2024-03-27,8563
2882,國泰金,23,0,23,新光-新竹,2024-03-27,8563
2303,聯電,38,16,22,新光-新竹,2024-03-27,8563
6869,雲豹能源,22,0,22,新光-新竹,2024-03-27,8563
3217,優群,28,6,22,新光-新竹,2024-03-27,8563
2545,皇翔,21,0,21,新光-新竹,2024-03-27,8563
6274,台燿,295,275,20,新光-新竹,2024-03-27,8563
00648R,元大S＆P500反1,20,0,20,新光-新竹,2024-03-27,8563
00795B,中信美國公債20年,20,0,20,新光-新竹,2024-03-27,8563
00751B,元大AAA至A公司債,24,4,20,新光-新竹,2024-03-27,8563
6517,保勝光學,41,21,20,新光-新竹,2024-03-27,8563
1618,合機,33,13,20,新光-新竹,2024-03-27,8563
1220,台榮,19,0,19,新光-新竹,2024-03-27,8563
4303,信立,418,39,379,新光-新竹,2024-03-28,8563
00706L,期元大S＆P日圓正2,292,17,275,新光-新竹,2024-03-28,8563
00937B,群益ESG投等債20,390,177,213,新光-新竹,2024-03-28,8563
1616,億泰,202,48,154,新光-新竹,2024-03-28,8563
2354,鴻準,417,267,150,新光-新竹,2024-03-28,8563
2442,新美齊,136,0,136,新光-新竹,2024-03-28,8563
2883,凱基金,616,490,126,新光-新竹,2024-03-28,8563
0056,元大高股息,134,18,116,新光-新竹,2024-03-28,8563
6274,台燿,159,44,115,新光-新竹,2024-03-28,8563
2889,國票金,111,2,109,新光-新竹,2024-03-28,8563
00795B,中信美國公債20年,114,6,108,新光-新竹,2024-03-28,8563
2851,中再保,105,3,102,新光-新竹,2024-03-28,8563
2486,一詮,130,32,98,新光-新竹,2024-03-28,8563
4958,臻鼎-KY,171,74,97,新光-新竹,2024-03-28,8563
2892,第一金,114,19,95,新光-新竹,2024-03-28,8563
3706,神達,162,68,94,新光-新竹,2024-03-28,8563
3005,神基,154,66,88,新光-新竹,2024-03-28,8563
4909,新復興,96,16,80,新光-新竹,2024-03-28,8563
0050,元大台灣50,98,22,76,新光-新竹,2024-03-28,8563
00941,中信上游半導體,76,3,73,新光-新竹,2024-03-28,8563
6550,北極星藥業-KY,77,5,72,新光-新竹,2024-03-28,8563
3231,緯創,130,59,71,新光-新竹,2024-03-28,8563
00687B,國泰20年美債,185,117,68,新光-新竹,2024-03-28,8563
00882,中信中國高股息,69,4,65,新光-新竹,2024-03-28,8563
00673R,期元大S＆P原油反1,68,15,53,新光-新竹,2024-03-28,8563
00633L,富邦上証正2,50,0,50,新光-新竹,2024-03-28,8563
1453,大將,50,0,50,新光-新竹,2024-03-28,8563
2887,台新金,50,0,50,新光-新竹,2024-03-28,8563
2515,中工,151,102,49,新光-新竹,2024-03-28,8563
2301,光寶科,85,38,47,新光-新竹,2024-03-28,8563
2634,漢翔,79,39,40,新光-新竹,2024-03-28,8563
00679B,元大美債20年,78,42,36,新光-新竹,2024-03-28,8563
1905,華紙,39,5,34,新光-新竹,2024-03-28,8563
2359,所羅門,37,4,33,新光-新竹,2024-03-28,8563
00650L,復華香港正2,52,19,33,新光-新竹,2024-03-28,8563
00915,凱基優選高股息30,40,7,33,新光-新竹,2024-03-28,8563
1522,堤維西,49,16,33,新光-新竹,2024-03-28,8563
4102,永日,142,110,32,新光-新竹,2024-03-28,8563
5469,瀚宇博,55,24,31,新光-新竹,2024-03-28,8563
4109,加捷生醫,30,1,29,新光-新竹,2024-03-28,8563
6829,千附精密,32,4,28,新光-新竹,2024-03-28,8563
5243,乙盛-KY,39,11,28,新光-新竹,2024-03-28,8563
2885,元大金,32,4,28,新光-新竹,2024-03-28,8563
4550,長佳,27,0,27,新光-新竹,2024-03-28,8563
1810,和成,27,0,27,新光-新竹,2024-03-28,8563
00632R,元大台灣50反1,26,0,26,新光-新竹,2024-03-28,8563
00662,富邦NASDAQ,28,3,25,新光-新竹,2024-03-28,8563
2929,淘帝-KY,25,0,25,新光-新竹,2024-03-28,8563
6176,瑞儀,36,12,24,新光-新竹,2024-03-28,8563
6257,矽格,37,13,24,新光-新竹,2024-03-28,8563
00937B,群益ESG投等債20,346,176,170,新光-新竹,2024-03-29,8563
00688L,國泰20年美債正2,183,19,164,新光-新竹,2024-03-29,8563
2317,鴻海,431,299,132,新光-新竹,2024-03-29,8563
00941,中信上游半導體,152,56,96,新光-新竹,2024-03-29,8563
2324,仁寶,100,5,95,新光-新竹,2024-03-29,8563
2392,正崴,86,4,82,新光-新竹,2024-03-29,8563
00632R,元大台灣50反1,62,0,62,新光-新竹,2024-03-29,8563
3037,欣興,179,121,58,新光-新竹,2024-03-29,8563
2442,新美齊,58,0,58,新光-新竹,2024-03-29,8563
2388,威盛,89,31,58,新光-新竹,2024-03-29,8563
4306,炎洲,55,0,55,新光-新竹,2024-03-29,8563
2929,淘帝-KY,54,0,54,新光-新竹,2024-03-29,8563
2363,矽統,63,10,53,新光-新竹,2024-03-29,8563
2301,光寶科,132,81,51,新光-新竹,2024-03-29,8563
3313,斐成,50,0,50,新光-新竹,2024-03-29,8563
00633L,富邦上証正2,50,0,50,新光-新竹,2024-03-29,8563
00650L,復華香港正2,60,10,50,新光-新竹,2024-03-29,8563
00641R,富邦日本反1,50,0,50,新光-新竹,2024-03-29,8563
2206,三陽工業,49,1,48,新光-新竹,2024-03-29,8563
9105,泰金寶-DR,45,0,45,新光-新竹,2024-03-29,8563
00939,統一台灣高息動能,65,21,44,新光-新竹,2024-03-29,8563
4109,加捷生醫,50,8,42,新光-新竹,2024-03-29,8563
2354,鴻準,159,118,41,新光-新竹,2024-03-29,8563
2887,台新金,41,1,40,新光-新竹,2024-03-29,8563
00885,富邦越南,46,10,36,新光-新竹,2024-03-29,8563
5388,中磊,39,6,33,新光-新竹,2024-03-29,8563
00673R,期元大S＆P原油反1,50,18,32,新光-新竹,2024-03-29,8563
2106,建大,30,0,30,新光-新竹,2024-03-29,8563
6126,信音,36,7,29,新光-新竹,2024-03-29,8563
1905,華紙,62,35,27,新光-新竹,2024-03-29,8563
3706,神達,73,46,27,新光-新竹,2024-03-29,8563
00664R,國泰臺灣加權反1,25,0,25,新光-新竹,2024-03-29,8563
3147,大綜,29,4,25,新光-新竹,2024-03-29,8563
00931B,統一美債20年,24,0,24,新光-新竹,2024-03-29,8563
4919,新唐,33,9,24,新光-新竹,2024-03-29,8563
2379,瑞昱,24,0,24,新光-新竹,2024-03-29,8563
6550,北極星藥業-KY,35,11,24,新光-新竹,2024-03-29,8563
00712,復華富時不動產,42,19,23,新光-新竹,2024-03-29,8563
5876,上海商銀,30,7,23,新光-新竹,2024-03-29,8563
00857B,永豐20年美公債,22,0,22,新光-新竹,2024-03-29,8563
00687B,國泰20年美債,65,44,21,新光-新竹,2024-03-29,8563
2641,正德,21,0,21,新光-新竹,2024-03-29,8563
3527,聚積,21,0,21,新光-新竹,2024-03-29,8563
3481,群創,22,1,21,新光-新竹,2024-03-29,8563
4542,科嶠,26,5,21,新光-新竹,2024-03-29,8563
2002,中鋼,22,2,20,新光-新竹,2024-03-29,8563
2460,建通,20,0,20,新光-新竹,2024-03-29,8563
2501,國建,20,0,20,新光-新竹,2024-03-29,8563
00679B,元大美債20年,77,58,19,新光-新竹,2024-03-29,8563
2101,南港,19,1,18,新光-新竹,2024-03-29,8563
00940,元大台灣價值高息,3493,179,3314,新光-新竹,2024-04-01,8563
00919,群益台灣精選高息,614,109,505,新光-新竹,2024-04-01,8563
2402,毅嘉,317,35,282,新光-新竹,2024-04-01,8563
3231,緯創,376,110,266,新光-新竹,2024-04-01,8563
1608,華榮,210,40,170,新光-新竹,2024-04-01,8563
00937B,群益ESG投等債20,271,135,136,新光-新竹,2024-04-01,8563
2303,聯電,167,32,135,新光-新竹,2024-04-01,8563
00878,國泰永續高股息,180,46,134,新光-新竹,2024-04-01,8563
2515,中工,157,29,128,新光-新竹,2024-04-01,8563
00939,統一台灣高息動能,170,48,122,新光-新竹,2024-04-01,8563
0050,元大台灣50,121,5,116,新光-新竹,2024-04-01,8563
00632R,元大台灣50反1,125,10,115,新光-新竹,2024-04-01,8563
2313,華通,112,11,101,新光-新竹,2024-04-01,8563
2888,新光金,125,27,98,新光-新竹,2024-04-01,8563
2371,大同,132,36,96,新光-新竹,2024-04-01,8563
00929,復華台灣科技優息,151,59,92,新光-新竹,2024-04-01,8563
2317,鴻海,642,556,86,新光-新竹,2024-04-01,8563
2353,宏��,86,2,84,新光-新竹,2024-04-01,8563
6462,神盾,100,26,74,新光-新竹,2024-04-01,8563
00662,富邦NASDAQ,66,3,63,新光-新竹,2024-04-01,8563
00941,中信上游半導體,61,0,61,新光-新竹,2024-04-01,8563
6279,胡連,61,1,60,新光-新竹,2024-04-01,8563
00933B,國泰10Y+金融債,99,42,57,新光-新竹,2024-04-01,8563
6274,台燿,97,45,52,新光-新竹,2024-04-01,8563
0056,元大高股息,57,7,50,新光-新竹,2024-04-01,8563
6005,群益證,81,34,47,新光-新竹,2024-04-01,8563
2891,中信金,179,136,43,新光-新竹,2024-04-01,8563
6125,廣運,43,4,39,新光-新竹,2024-04-01,8563
3706,神達,101,63,38,新光-新竹,2024-04-01,8563
2354,鴻準,134,96,38,新光-新竹,2024-04-01,8563
6179,亞通,37,0,37,新光-新竹,2024-04-01,8563
2356,英業達,69,33,36,新光-新竹,2024-04-01,8563
00631L,元大台灣50正2,103,68,35,新光-新竹,2024-04-01,8563
8096,擎亞,62,28,34,新光-新竹,2024-04-01,8563
2301,光寶科,76,43,33,新光-新竹,2024-04-01,8563
1786,科妍,34,1,33,新光-新竹,2024-04-01,8563
2352,佳世達,81,51,30,新光-新竹,2024-04-01,8563
00931B,統一美債20年,34,4,30,新光-新竹,2024-04-01,8563
2106,建大,30,0,30,新光-新竹,2024-04-01,8563
4542,科嶠,30,0,30,新光-新竹,2024-04-01,8563
00918,大華優利高填息30,38,10,28,新光-新竹,2024-04-01,8563
00673R,期元大S＆P原油反1,38,10,28,新光-新竹,2024-04-01,8563
3532,台勝科,31,3,28,新光-新竹,2024-04-01,8563
3372,典範,27,0,27,新光-新竹,2024-04-01,8563
8054,安國,77,51,26,新光-新竹,2024-04-01,8563
6215,和椿,25,0,25,新光-新竹,2024-04-01,8563
8213,志超,25,0,25,新光-新竹,2024-04-01,8563
6126,信音,50,26,24,新光-新竹,2024-04-01,8563
00706L,期元大S＆P日圓正2,24,0,24,新光-新竹,2024-04-01,8563
00885,富邦越南,26,3,23,新光-新竹,2024-04-01,8563
00929,復華台灣科技優息,988,277,711,新光-新竹,2024-04-02,8563
00680L,元大美債20正2,713,2,711,新光-新竹,2024-04-02,8563
00937B,群益ESG投等債20,648,63,585,新光-新竹,2024-04-02,8563
00940,元大台灣價值高息,760,181,579,新光-新竹,2024-04-02,8563
00687B,國泰20年美債,558,88,470,新光-新竹,2024-04-02,8563
00632R,元大台灣50反1,478,59,419,新光-新竹,2024-04-02,8563
00688L,國泰20年美債正2,246,1,245,新光-新竹,2024-04-02,8563
00679B,元大美債20年,297,55,242,新光-新竹,2024-04-02,8563
00720B,元大投資級公司債,145,3,142,新光-新竹,2024-04-02,8563
6282,康舒,127,0,127,新光-新竹,2024-04-02,8563
00941,中信上游半導體,141,15,126,新光-新竹,2024-04-02,8563
2884,玉山金,132,10,122,新光-新竹,2024-04-02,8563
2527,宏璟,103,1,102,新光-新竹,2024-04-02,8563
3231,緯創,182,90,92,新光-新竹,2024-04-02,8563
00939,統一台灣高息動能,131,40,91,新光-新竹,2024-04-02,8563
9934,成霖,90,0,90,新光-新竹,2024-04-02,8563
00795B,中信美國公債20年,84,0,84,新光-新竹,2024-04-02,8563
00751B,元大AAA至A公司債,83,2,81,新光-新竹,2024-04-02,8563
3051,力特,100,20,80,新光-新竹,2024-04-02,8563
2888,新光金,75,3,72,新光-新竹,2024-04-02,8563
2344,華邦電,91,23,68,新光-新竹,2024-04-02,8563
00857B,永豐20年美公債,68,0,68,新光-新竹,2024-04-02,8563
3005,神基,76,11,65,新光-新竹,2024-04-02,8563
3356,奇偶,85,20,65,新光-新竹,2024-04-02,8563
5521,工信,66,2,64,新光-新竹,2024-04-02,8563
00933B,國泰10Y+金融債,62,0,62,新光-新竹,2024-04-02,8563
6668,中揚光,116,55,61,新光-新竹,2024-04-02,8563
00712,復華富時不動產,88,30,58,新光-新竹,2024-04-02,8563
3338,泰碩,58,0,58,新光-新竹,2024-04-02,8563
1515,力山,58,0,58,新光-新竹,2024-04-02,8563
6219,富旺,58,1,57,新光-新竹,2024-04-02,8563
2367,燿華,81,25,56,新光-新竹,2024-04-02,8563
4102,永日,140,88,52,新光-新竹,2024-04-02,8563
00772B,中信高評級公司債,54,5,49,新光-新竹,2024-04-02,8563
2609,陽明,72,23,49,新光-新竹,2024-04-02,8563
3706,神達,55,8,47,新光-新竹,2024-04-02,8563
1905,華紙,49,2,47,新光-新竹,2024-04-02,8563
6416,瑞祺電通,46,3,43,新光-新竹,2024-04-02,8563
00665L,富邦�琤肭磪囓�2,81,42,39,新光-新竹,2024-04-02,8563
2371,大同,92,54,38,新光-新竹,2024-04-02,8563
00764B,群益25年美債,38,0,38,新光-新竹,2024-04-02,8563
00915,凱基優選高股息30,45,7,38,新光-新竹,2024-04-02,8563
00931B,統一美債20年,39,3,36,新光-新竹,2024-04-02,8563
1815,富喬,73,39,34,新光-新竹,2024-04-02,8563
00725B,國泰投資級公司債,31,0,31,新光-新竹,2024-04-02,8563
5351,鈺創,41,11,30,新光-新竹,2024-04-02,8563
1532,勤美,30,0,30,新光-新竹,2024-04-02,8563
3450,聯鈞,42,13,29,新光-新竹,2024-04-02,8563
3122,笙泉,33,5,28,新光-新竹,2024-04-02,8563
2101,南港,41,13,28,新光-新竹,2024-04-02,8563
00929,復華台灣科技優息,882,31,851,新光-新竹,2024-04-03,8563
00680L,元大美債20正2,646,0,646,新光-新竹,2024-04-03,8563
00940,元大台灣價值高息,570,158,412,新光-新竹,2024-04-03,8563
00937B,群益ESG投等債20,578,182,396,新光-新竹,2024-04-03,8563
00687B,國泰20年美債,391,27,364,新光-新竹,2024-04-03,8563
00679B,元大美債20年,357,54,303,新光-新竹,2024-04-03,8563
2486,一詮,423,266,157,新光-新竹,2024-04-03,8563
2618,長榮航,147,37,110,新光-新竹,2024-04-03,8563
2303,聯電,126,20,106,新光-新竹,2024-04-03,8563
4542,科嶠,100,0,100,新光-新竹,2024-04-03,8563
00688L,國泰20年美債正2,98,12,86,新光-新竹,2024-04-03,8563
4303,信立,115,30,85,新光-新竹,2024-04-03,8563
3481,群創,120,38,82,新光-新竹,2024-04-03,8563
2882,國泰金,118,44,74,新光-新竹,2024-04-03,8563
00751B,元大AAA至A公司債,75,3,72,新光-新竹,2024-04-03,8563
2317,鴻海,716,647,69,新光-新竹,2024-04-03,8563
1608,華榮,110,42,68,新光-新竹,2024-04-03,8563
4958,臻鼎-KY,115,47,68,新光-新竹,2024-04-03,8563
00712,復華富時不動產,68,3,65,新光-新竹,2024-04-03,8563
2382,廣達,144,82,62,新光-新竹,2024-04-03,8563
00909,國泰數位支付服務,60,0,60,新光-新竹,2024-04-03,8563
00720B,元大投資級公司債,70,11,59,新光-新竹,2024-04-03,8563
00891,中信關鍵半導體,58,6,52,新光-新竹,2024-04-03,8563
00941,中信上游半導體,84,32,52,新光-新竹,2024-04-03,8563
2887,台新金,46,0,46,新光-新竹,2024-04-03,8563
2515,中工,306,261,45,新光-新竹,2024-04-03,8563
8936,國統,66,23,43,新光-新竹,2024-04-03,8563
00878,國泰永續高股息,61,19,42,新光-新竹,2024-04-03,8563
1455,集盛,41,0,41,新光-新竹,2024-04-03,8563
2610,華航,42,1,41,新光-新竹,2024-04-03,8563
1802,台玻,49,10,39,新光-新竹,2024-04-03,8563
00830,國泰費城半導體,42,4,38,新光-新竹,2024-04-03,8563
3036,文曄,59,21,38,新光-新竹,2024-04-03,8563
1609,大亞,114,77,37,新光-新竹,2024-04-03,8563
6237,驊訊,37,2,35,新光-新竹,2024-04-03,8563
2301,光寶科,49,14,35,新光-新竹,2024-04-03,8563
2376,技嘉,56,22,34,新光-新竹,2024-04-03,8563
1605,華新,69,37,32,新光-新竹,2024-04-03,8563
8466,美吉吉-KY,34,2,32,新光-新竹,2024-04-03,8563
2027,大成鋼,90,58,32,新光-新竹,2024-04-03,8563
00696B,富邦美債20年,32,0,32,新光-新竹,2024-04-03,8563
1808,潤隆,32,1,31,新光-新竹,2024-04-03,8563
00857B,永豐20年美公債,31,0,31,新光-新竹,2024-04-03,8563
1108,幸福,41,10,31,新光-新竹,2024-04-03,8563
00939,統一台灣高息動能,133,102,31,新光-新竹,2024-04-03,8563
2888,新光金,30,0,30,新光-新竹,2024-04-03,8563
00673R,期元大S＆P原油反1,65,35,30,新光-新竹,2024-04-03,8563
5531,鄉林,30,0,30,新光-新竹,2024-04-03,8563
8096,擎亞,38,10,28,新光-新竹,2024-04-03,8563
2367,燿華,48,20,28,新光-新竹,2024-04-03,8563
00687B,國泰20年美債,716,107,609,新光-新竹,2024-04-08,8563
00940,元大台灣價值高息,559,54,505,新光-新竹,2024-04-08,8563
00715L,期街口布蘭特正2,474,5,469,新光-新竹,2024-04-08,8563
00937B,群益ESG投等債20,683,220,463,新光-新竹,2024-04-08,8563
00929,復華台灣科技優息,337,27,310,新光-新竹,2024-04-08,8563
00919,群益台灣精選高息,322,72,250,新光-新竹,2024-04-08,8563
2371,大同,239,26,213,新光-新竹,2024-04-08,8563
2537,聯上發,160,1,159,新光-新竹,2024-04-08,8563
00725B,國泰投資級公司債,149,28,121,新光-新竹,2024-04-08,8563
00679B,元大美債20年,350,230,120,新光-新竹,2024-04-08,8563
2888,新光金,116,2,114,新光-新竹,2024-04-08,8563
6120,達運,178,65,113,新光-新竹,2024-04-08,8563
2501,國建,102,4,98,新光-新竹,2024-04-08,8563
2007,燁興,90,0,90,新光-新竹,2024-04-08,8563
2618,長榮航,69,3,66,新光-新竹,2024-04-08,8563
1608,華榮,101,37,64,新光-新竹,2024-04-08,8563
2486,一詮,274,214,60,新光-新竹,2024-04-08,8563
2419,仲琦,89,30,59,新光-新竹,2024-04-08,8563
2363,矽統,70,14,56,新光-新竹,2024-04-08,8563
3450,聯鈞,67,12,55,新光-新竹,2024-04-08,8563
00632R,元大台灣50反1,54,0,54,新光-新竹,2024-04-08,8563
00673R,期元大S＆P原油反1,53,0,53,新光-新竹,2024-04-08,8563
00681R,元大美債20反1,50,0,50,新光-新竹,2024-04-08,8563
2605,新興,48,0,48,新光-新竹,2024-04-08,8563
9946,三發地產,47,0,47,新光-新竹,2024-04-08,8563
1609,大亞,178,132,46,新光-新竹,2024-04-08,8563
2317,鴻海,504,461,43,新光-新竹,2024-04-08,8563
6279,胡連,41,0,41,新光-新竹,2024-04-08,8563
00857B,永豐20年美公債,44,3,41,新光-新竹,2024-04-08,8563
00712,復華富時不動產,52,11,41,新光-新竹,2024-04-08,8563
0056,元大高股息,62,21,41,新光-新竹,2024-04-08,8563
00933B,國泰10Y+金融債,41,0,41,新光-新竹,2024-04-08,8563
2355,敬鵬,40,1,39,新光-新竹,2024-04-08,8563
8111,立��,45,6,39,新光-新竹,2024-04-08,8563
00720B,元大投資級公司債,37,0,37,新光-新竹,2024-04-08,8563
5443,均豪,157,123,34,新光-新竹,2024-04-08,8563
6165,浪凡,33,0,33,新光-新竹,2024-04-08,8563
9934,成霖,32,0,32,新光-新竹,2024-04-08,8563
2511,太子,31,0,31,新光-新竹,2024-04-08,8563
5328,華容,31,0,31,新光-新竹,2024-04-08,8563
1314,中石化,30,0,30,新光-新竹,2024-04-08,8563
6213,聯茂,52,22,30,新光-新竹,2024-04-08,8563
6164,華興,29,0,29,新光-新竹,2024-04-08,8563
00680L,元大美債20正2,471,444,27,新光-新竹,2024-04-08,8563
6189,豐藝,38,12,26,新光-新竹,2024-04-08,8563
1524,耿鼎,40,14,26,新光-新竹,2024-04-08,8563
4967,十銓,64,39,25,新光-新竹,2024-04-08,8563
00664R,國泰臺灣加權反1,25,0,25,新光-新竹,2024-04-08,8563
00631L,元大台灣50正2,76,52,24,新光-新竹,2024-04-08,8563
2324,仁寶,34,11,23,新光-新竹,2024-04-08,8563
2515,中工,439,51,388,新光-新竹,2024-04-09,8563
00937B,群益ESG投等債20,380,12,368,新光-新竹,2024-04-09,8563
00929,復華台灣科技優息,444,213,231,新光-新竹,2024-04-09,8563
1815,富喬,215,16,199,新光-新竹,2024-04-09,8563
3231,緯創,404,209,195,新光-新竹,2024-04-09,8563
00719B,元大美債1-3,188,0,188,新光-新竹,2024-04-09,8563
00679B,元大美債20年,252,69,183,新光-新竹,2024-04-09,8563
2537,聯上發,170,10,160,新光-新竹,2024-04-09,8563
00885,富邦越南,171,17,154,新光-新竹,2024-04-09,8563
00673R,期元大S＆P原油反1,139,0,139,新光-新竹,2024-04-09,8563
3376,新日興,129,4,125,新光-新竹,2024-04-09,8563
4102,永日,287,171,116,新光-新竹,2024-04-09,8563
00919,群益台灣精選高息,179,64,115,新光-新竹,2024-04-09,8563
00712,復華富時不動產,126,12,114,新光-新竹,2024-04-09,8563
2501,國建,139,26,113,新光-新竹,2024-04-09,8563
2007,燁興,112,3,109,新光-新竹,2024-04-09,8563
2313,華通,131,26,105,新光-新竹,2024-04-09,8563
00940,元大台灣價值高息,185,83,102,新光-新竹,2024-04-09,8563
9946,三發地產,102,0,102,新光-新竹,2024-04-09,8563
6219,富旺,100,5,95,新光-新竹,2024-04-09,8563
6207,雷科,240,150,90,新光-新竹,2024-04-09,8563
00664R,國泰臺灣加權反1,80,0,80,新光-新竹,2024-04-09,8563
4533,協易機,127,54,73,新光-新竹,2024-04-09,8563
6177,達麗,60,1,59,新光-新竹,2024-04-09,8563
2609,陽明,113,58,55,新光-新竹,2024-04-09,8563
6165,浪凡,53,0,53,新光-新竹,2024-04-09,8563
2356,英業達,58,9,49,新光-新竹,2024-04-09,8563
2027,大成鋼,69,20,49,新光-新竹,2024-04-09,8563
00941,中信上游半導體,48,0,48,新光-新竹,2024-04-09,8563
00632R,元大台灣50反1,287,244,43,新光-新竹,2024-04-09,8563
2317,鴻海,637,594,43,新光-新竹,2024-04-09,8563
2354,鴻準,64,22,42,新光-新竹,2024-04-09,8563
3083,網龍,45,6,39,新光-新竹,2024-04-09,8563
00878,國泰永續高股息,51,13,38,新光-新竹,2024-04-09,8563
00650L,復華香港正2,77,39,38,新光-新竹,2024-04-09,8563
1608,華榮,94,57,37,新光-新竹,2024-04-09,8563
00636,國泰中國A50,36,0,36,新光-新竹,2024-04-09,8563
00752,中信中國50,36,0,36,新光-新竹,2024-04-09,8563
2460,建通,60,25,35,新光-新竹,2024-04-09,8563
1504,東元,49,14,35,新光-新竹,2024-04-09,8563
2855,統一證,39,5,34,新光-新竹,2024-04-09,8563
2009,第一銅,94,61,33,新光-新竹,2024-04-09,8563
2527,宏璟,33,0,33,新光-新竹,2024-04-09,8563
2329,華泰,47,15,32,新光-新竹,2024-04-09,8563
6189,豐藝,146,115,31,新光-新竹,2024-04-09,8563
00877,復華中國5G,30,0,30,新光-新竹,2024-04-09,8563
6414,樺漢,46,17,29,新光-新竹,2024-04-09,8563
00637L,元大滬深300正2,48,20,28,新光-新竹,2024-04-09,8563
5443,均豪,114,88,26,新光-新竹,2024-04-09,8563
6753,龍德造船,31,7,24,新光-新竹,2024-04-09,8563
00688L,國泰20年美債正2,531,42,489,新光-新竹,2024-04-10,8563
00937B,群益ESG投等債20,289,53,236,新光-新竹,2024-04-10,8563
00680L,元大美債20正2,549,342,207,新光-新竹,2024-04-10,8563
1815,富喬,306,136,170,新光-新竹,2024-04-10,8563
00687B,國泰20年美債,197,35,162,新光-新竹,2024-04-10,8563
2883,凱基金,452,308,144,新光-新竹,2024-04-10,8563
00632R,元大台灣50反1,134,12,122,新光-新竹,2024-04-10,8563
5009,榮剛,143,41,102,新光-新竹,2024-04-10,8563
00929,復華台灣科技優息,195,94,101,新光-新竹,2024-04-10,8563
00940,元大台灣價值高息,341,254,87,新光-新竹,2024-04-10,8563
2371,大同,112,26,86,新光-新竹,2024-04-10,8563
1608,華榮,163,83,80,新光-新竹,2024-04-10,8563
2618,長榮航,76,0,76,新光-新竹,2024-04-10,8563
00733,富邦臺灣中小,78,2,76,新光-新竹,2024-04-10,8563
3231,緯創,211,136,75,新光-新竹,2024-04-10,8563
6026,福邦證,83,12,71,新光-新竹,2024-04-10,8563
6716,應廣,71,0,71,新光-新竹,2024-04-10,8563
3512,皇龍,65,3,62,新光-新竹,2024-04-10,8563
4513,福裕,65,5,60,新光-新竹,2024-04-10,8563
2014,中鴻,316,260,56,新光-新竹,2024-04-10,8563
2353,宏��,106,51,55,新光-新竹,2024-04-10,8563
00720B,元大投資級公司債,61,10,51,新光-新竹,2024-04-10,8563
1515,力山,97,47,50,新光-新竹,2024-04-10,8563
6415,矽力*-KY,54,5,49,新光-新竹,2024-04-10,8563
2376,技嘉,93,44,49,新光-新竹,2024-04-10,8563
9904,寶成,53,5,48,新光-新竹,2024-04-10,8563
6282,康舒,49,1,48,新光-新竹,2024-04-10,8563
1101,台泥,60,15,45,新光-新竹,2024-04-10,8563
00939,統一台灣高息動能,86,42,44,新光-新竹,2024-04-10,8563
2007,燁興,46,2,44,新光-新竹,2024-04-10,8563
2855,統一證,43,0,43,新光-新竹,2024-04-10,8563
2609,陽明,52,11,41,新光-新竹,2024-04-10,8563
5864,致和證,45,5,40,新光-新竹,2024-04-10,8563
00857B,永豐20年美公債,37,0,37,新光-新竹,2024-04-10,8563
00673R,期元大S＆P原油反1,41,4,37,新光-新竹,2024-04-10,8563
4909,新復興,35,0,35,新光-新竹,2024-04-10,8563
2890,永豐金,35,1,34,新光-新竹,2024-04-10,8563
8210,勤誠,39,5,34,新光-新竹,2024-04-10,8563
6217,中探針,34,1,33,新光-新竹,2024-04-10,8563
5483,中美晶,37,6,31,新光-新竹,2024-04-10,8563
3211,順達,31,1,30,新光-新竹,2024-04-10,8563
6753,龍德造船,30,1,29,新光-新竹,2024-04-10,8563
00887,永豐中國科技50大,28,0,28,新光-新竹,2024-04-10,8563
2383,台光電,51,23,28,新光-新竹,2024-04-10,8563
6770,力積電,70,43,27,新光-新竹,2024-04-10,8563
2025,千興,31,4,27,新光-新竹,2024-04-10,8563
2634,漢翔,155,128,27,新光-新竹,2024-04-10,8563
3481,群創,54,27,27,新光-新竹,2024-04-10,8563
8473,山林水,26,0,26,新光-新竹,2024-04-10,8563
2464,盟立,101,75,26,新光-新竹,2024-04-10,8563
00937B,群益ESG投等債20,1170,85,1085,新光-新竹,2024-04-11,8563
00687B,國泰20年美債,754,209,545,新光-新竹,2024-04-11,8563
00706L,期元大S＆P日圓正2,671,156,515,新光-新竹,2024-04-11,8563
00679B,元大美債20年,561,256,305,新光-新竹,2024-04-11,8563
00929,復華台灣科技優息,350,59,291,新光-新竹,2024-04-11,8563
00712,復華富時不動產,298,11,287,新光-新竹,2024-04-11,8563
3481,群創,277,21,256,新光-新竹,2024-04-11,8563
00720B,元大投資級公司債,251,27,224,新光-新竹,2024-04-11,8563
2353,宏��,278,92,186,新光-新竹,2024-04-11,8563
2317,鴻海,621,437,184,新光-新竹,2024-04-11,8563
00933B,國泰10Y+金融債,198,15,183,新光-新竹,2024-04-11,8563
00751B,元大AAA至A公司債,125,7,118,新光-新竹,2024-04-11,8563
8096,擎亞,169,52,117,新光-新竹,2024-04-11,8563
2537,聯上發,215,116,99,新光-新竹,2024-04-11,8563
4532,瑞智,91,1,90,新光-新竹,2024-04-11,8563
5880,合庫金,72,0,72,新光-新竹,2024-04-11,8563
3036,文曄,119,49,70,新光-新竹,2024-04-11,8563
2369,菱生,65,0,65,新光-新竹,2024-04-11,8563
00940,元大台灣價值高息,179,114,65,新光-新竹,2024-04-11,8563
0056,元大高股息,85,23,62,新光-新竹,2024-04-11,8563
00650L,復華香港正2,60,0,60,新光-新竹,2024-04-11,8563
3231,緯創,96,40,56,新光-新竹,2024-04-11,8563
1216,統一,57,2,55,新光-新竹,2024-04-11,8563
00941,中信上游半導體,56,2,54,新光-新竹,2024-04-11,8563
00939,統一台灣高息動能,65,15,50,新光-新竹,2024-04-11,8563
3372,典範,145,97,48,新光-新竹,2024-04-11,8563
4533,協易機,182,135,47,新光-新竹,2024-04-11,8563
3712,永崴投控,61,14,47,新光-新竹,2024-04-11,8563
3013,晟銘電,118,71,47,新光-新竹,2024-04-11,8563
6278,台表科,49,4,45,新光-新竹,2024-04-11,8563
00753L,中信中國50正2,44,0,44,新光-新竹,2024-04-11,8563
2734,易飛網,43,0,43,新光-新竹,2024-04-11,8563
3363,上詮,63,23,40,新光-新竹,2024-04-11,8563
2374,佳能,68,29,39,新光-新竹,2024-04-11,8563
00772B,中信高評級公司債,47,10,37,新光-新竹,2024-04-11,8563
1524,耿鼎,42,5,37,新光-新竹,2024-04-11,8563
2313,華通,38,3,35,新光-新竹,2024-04-11,8563
6219,富旺,50,15,35,新光-新竹,2024-04-11,8563
2329,華泰,207,173,34,新光-新竹,2024-04-11,8563
00885,富邦越南,42,10,32,新光-新竹,2024-04-11,8563
00637L,元大滬深300正2,67,36,31,新光-新竹,2024-04-11,8563
9924,福興,47,16,31,新光-新竹,2024-04-11,8563
5519,隆大,46,16,30,新光-新竹,2024-04-11,8563
2731,雄獅,45,15,30,新光-新竹,2024-04-11,8563
4129,聯合,31,1,30,新光-新竹,2024-04-11,8563
2630,亞航,124,94,30,新光-新竹,2024-04-11,8563
5864,致和證,47,17,30,新光-新竹,2024-04-11,8563
3060,銘異,104,75,29,新光-新竹,2024-04-11,8563
2881,富邦金,31,2,29,新光-新竹,2024-04-11,8563
6443,元晶,30,2,28,新光-新竹,2024-04-11,8563
00687B,國泰20年美債,754,138,616,新光-新竹,2024-04-12,8563
00929,復華台灣科技優息,500,100,400,新光-新竹,2024-04-12,8563
00679B,元大美債20年,342,35,307,新光-新竹,2024-04-12,8563
00937B,群益ESG投等債20,417,147,270,新光-新竹,2024-04-12,8563
8936,國統,239,41,198,新光-新竹,2024-04-12,8563
00941,中信上游半導體,182,0,182,新光-新竹,2024-04-12,8563
2371,大同,437,287,150,新光-新竹,2024-04-12,8563
2743,山富,118,5,113,新光-新竹,2024-04-12,8563
9946,三發地產,102,1,101,新光-新竹,2024-04-12,8563
2374,佳能,194,98,96,新光-新竹,2024-04-12,8563
00712,復華富時不動產,109,15,94,新光-新竹,2024-04-12,8563
2883,凱基金,298,205,93,新光-新竹,2024-04-12,8563
2745,五福,112,23,89,新光-新竹,2024-04-12,8563
1529,樂事綠能,79,8,71,新光-新竹,2024-04-12,8563
00795B,中信美國公債20年,69,0,69,新光-新竹,2024-04-12,8563
3051,力特,63,2,61,新光-新竹,2024-04-12,8563
2618,長榮航,208,151,57,新光-新竹,2024-04-12,8563
2812,台中銀,67,11,56,新光-新竹,2024-04-12,8563
00786B,元大10年IG銀行債,54,0,54,新光-新竹,2024-04-12,8563
00878,國泰永續高股息,57,5,52,新光-新竹,2024-04-12,8563
0050,元大台灣50,53,2,51,新光-新竹,2024-04-12,8563
2408,南亞科,73,23,50,新光-新竹,2024-04-12,8563
3715,定穎投控,78,28,50,新光-新竹,2024-04-12,8563
00751B,元大AAA至A公司債,55,7,48,新光-新竹,2024-04-12,8563
00720B,元大投資級公司債,75,31,44,新光-新竹,2024-04-12,8563
1605,華新,123,78,45,新光-新竹,2024-04-12,8563
0056,元大高股息,48,6,42,新光-新竹,2024-04-12,8563
00706L,期元大S＆P日圓正2,42,2,40,新光-新竹,2024-04-12,8563
3322,建舜電,43,3,40,新光-新竹,2024-04-12,8563
00753L,中信中國50正2,99,60,39,新光-新竹,2024-04-12,8563
3041,揚智,39,1,38,新光-新竹,2024-04-12,8563
6290,良維,158,122,36,新光-新竹,2024-04-12,8563
2501,國建,117,82,35,新光-新竹,2024-04-12,8563
1316,上曜,57,23,34,新光-新竹,2024-04-12,8563
2101,南港,52,18,34,新光-新竹,2024-04-12,8563
4966,譜瑞-KY,33,0,33,新光-新竹,2024-04-12,8563
00708L,期元大S＆P黃金正2,33,0,33,新光-新竹,2024-04-12,8563
5426,振發,58,28,30,新光-新竹,2024-04-12,8563
6191,精成科,29,0,29,新光-新竹,2024-04-12,8563
6196,帆宣,39,10,29,新光-新竹,2024-04-12,8563
3005,神基,40,13,27,新光-新竹,2024-04-12,8563
1905,華紙,38,11,27,新光-新竹,2024-04-12,8563
6716,應廣,27,0,27,新光-新竹,2024-04-12,8563
2344,華邦電,58,31,27,新光-新竹,2024-04-12,8563
3374,精材,30,3,27,新光-新竹,2024-04-12,8563
2338,光罩,45,19,26,新光-新竹,2024-04-12,8563
2605,新興,46,20,26,新光-新竹,2024-04-12,8563
2363,矽統,1403,1378,25,新光-新竹,2024-04-12,8563
4192,杏國,25,0,25,新光-新竹,2024-04-12,8563
4102,永日,76,52,24,新光-新竹,2024-04-12,8563
1815,富喬,588,56,532,新光-新竹,2024-04-15,8563
00929,復華台灣科技優息,753,267,486,新光-新竹,2024-04-15,8563
00940,元大台灣價值高息,322,86,236,新光-新竹,2024-04-15,8563
00687B,國泰20年美債,166,28,138,新光-新竹,2024-04-15,8563
00933B,國泰10Y+金融債,142,6,136,新光-新竹,2024-04-15,8563
00720B,元大投資級公司債,156,41,115,新光-新竹,2024-04-15,8563
3051,力特,110,0,110,新光-新竹,2024-04-15,8563
00850,元大臺灣ESG永續,110,4,106,新光-新竹,2024-04-15,8563
00937B,群益ESG投等債20,446,342,104,新光-新竹,2024-04-15,8563
2486,一詮,141,43,98,新光-新竹,2024-04-15,8563
00753L,中信中國50正2,137,43,94,新光-新竹,2024-04-15,8563
2867,三商壽,116,22,94,新光-新竹,2024-04-15,8563
2618,長榮航,152,61,91,新光-新竹,2024-04-15,8563
3712,永崴投控,110,19,91,新光-新竹,2024-04-15,8563
2367,燿華,144,55,89,新光-新竹,2024-04-15,8563
3402,漢科,129,40,89,新光-新竹,2024-04-15,8563
1513,中興電,347,258,89,新光-新竹,2024-04-15,8563
6188,廣明,112,25,87,新光-新竹,2024-04-15,8563
00712,復華富時不動產,98,13,85,新光-新竹,2024-04-15,8563
00751B,元大AAA至A公司債,86,5,81,新光-新竹,2024-04-15,8563
1304,台聚,85,4,81,新光-新竹,2024-04-15,8563
0050,元大台灣50,126,45,81,新光-新竹,2024-04-15,8563
4533,協易機,327,253,74,新光-新竹,2024-04-15,8563
5522,遠雄,77,4,73,新光-新竹,2024-04-15,8563
00941,中信上游半導體,77,7,70,新光-新竹,2024-04-15,8563
2344,華邦電,73,5,68,新光-新竹,2024-04-15,8563
00927,群益半導體收益,69,3,66,新光-新竹,2024-04-15,8563
2417,圓剛,66,1,65,新光-新竹,2024-04-15,8563
00679B,元大美債20年,71,7,64,新光-新竹,2024-04-15,8563
1569,濱川,97,34,63,新光-新竹,2024-04-15,8563
2845,遠東銀,106,43,63,新光-新竹,2024-04-15,8563
00939,統一台灣高息動能,129,67,62,新光-新竹,2024-04-15,8563
2009,第一銅,92,34,58,新光-新竹,2024-04-15,8563
2369,菱生,104,46,58,新光-新竹,2024-04-15,8563
2537,聯上發,80,22,58,新光-新竹,2024-04-15,8563
6443,元晶,68,11,57,新光-新竹,2024-04-15,8563
2634,漢翔,159,107,52,新光-新竹,2024-04-15,8563
2103,台橡,50,0,50,新光-新竹,2024-04-15,8563
6244,茂迪,53,3,50,新光-新竹,2024-04-15,8563
6125,廣運,59,10,49,新光-新竹,2024-04-15,8563
1608,華榮,219,171,48,新光-新竹,2024-04-15,8563
3338,泰碩,41,0,41,新光-新竹,2024-04-15,8563
2303,聯電,44,4,40,新光-新竹,2024-04-15,8563
8112,至上,60,21,39,新光-新竹,2024-04-15,8563
8121,越峰,41,2,39,新光-新竹,2024-04-15,8563
2101,南港,85,49,36,新光-新竹,2024-04-15,8563
2354,鴻準,47,13,34,新光-新竹,2024-04-15,8563
4966,譜瑞-KY,35,2,33,新光-新竹,2024-04-15,8563
00915,凱基優選高股息30,31,0,31,新光-新竹,2024-04-15,8563
1587,吉茂,30,0,30,新光-新竹,2024-04-15,8563
2867,三商壽,1399,57,1342,新光-新竹,2024-04-16,8563
00940,元大台灣價值高息,1787,474,1313,新光-新竹,2024-04-16,8563
00937B,群益ESG投等債20,1553,467,1086,新光-新竹,2024-04-16,8563
00919,群益台灣精選高息,1044,478,566,新光-新竹,2024-04-16,8563
00929,復華台灣科技優息,1314,772,542,新光-新竹,2024-04-16,8563
0056,元大高股息,394,103,291,新光-新竹,2024-04-16,8563
00939,統一台灣高息動能,329,46,283,新光-新竹,2024-04-16,8563
2883,凱基金,485,253,232,新光-新竹,2024-04-16,8563
3338,泰碩,202,2,200,新光-新竹,2024-04-16,8563
00720B,元大投資級公司債,254,97,157,新光-新竹,2024-04-16,8563
00679B,元大美債20年,216,73,143,新光-新竹,2024-04-16,8563
2371,大同,327,189,138,新光-新竹,2024-04-16,8563
1618,合機,503,370,133,新光-新竹,2024-04-16,8563
00933B,國泰10Y+金融債,144,14,130,新光-新竹,2024-04-16,8563
00751B,元大AAA至A公司債,134,12,122,新光-新竹,2024-04-16,8563
00687B,國泰20年美債,199,78,121,新光-新竹,2024-04-16,8563
2206,三陽工業,203,86,117,新光-新竹,2024-04-16,8563
2618,長榮航,134,28,106,新光-新竹,2024-04-16,8563
4102,永日,223,131,92,新光-新竹,2024-04-16,8563
3712,永崴投控,108,19,89,新光-新竹,2024-04-16,8563
00927,群益半導體收益,89,3,86,新光-新竹,2024-04-16,8563
00918,大華優利高填息30,86,3,83,新光-新竹,2024-04-16,8563
1605,華新,139,59,80,新光-新竹,2024-04-16,8563
2633,台灣高鐵,79,1,78,新光-新竹,2024-04-16,8563
9946,三發地產,85,9,76,新光-新竹,2024-04-16,8563
00712,復華富時不動產,123,49,74,新光-新竹,2024-04-16,8563
2609,陽明,90,17,73,新光-新竹,2024-04-16,8563
1108,幸福,73,0,73,新光-新竹,2024-04-16,8563
1569,濱川,105,36,69,新光-新竹,2024-04-16,8563
8121,越峰,67,0,67,新光-新竹,2024-04-16,8563
00753L,中信中國50正2,82,21,61,新光-新竹,2024-04-16,8563
00688L,國泰20年美債正2,107,47,60,新光-新竹,2024-04-16,8563
00673R,期元大S＆P原油反1,57,0,57,新光-新竹,2024-04-16,8563
2363,矽統,134,78,56,新光-新竹,2024-04-16,8563
00935,野村臺灣新科技50,62,9,53,新光-新竹,2024-04-16,8563
1608,華榮,166,113,53,新光-新竹,2024-04-16,8563
6188,廣明,70,21,49,新光-新竹,2024-04-16,8563
4513,福裕,50,1,49,新光-新竹,2024-04-16,8563
8936,國統,81,33,48,新光-新竹,2024-04-16,8563
2440,太空梭,46,0,46,新光-新竹,2024-04-16,8563
3231,緯創,141,96,45,新光-新竹,2024-04-16,8563
2369,菱生,52,9,43,新光-新竹,2024-04-16,8563
3060,銘異,72,30,42,新光-新竹,2024-04-16,8563
00650L,復華香港正2,41,0,41,新光-新竹,2024-04-16,8563
5432,新門,39,1,38,新光-新竹,2024-04-16,8563
2303,聯電,61,24,37,新光-新竹,2024-04-16,8563
3051,力特,41,4,37,新光-新竹,2024-04-16,8563
2515,中工,69,32,37,新光-新竹,2024-04-16,8563
2892,第一金,40,3,37,新光-新竹,2024-04-16,8563
00733,富邦臺灣中小,48,12,36,新光-新竹,2024-04-16,8563
00720B,元大投資級公司債,777,142,635,新光-新竹,2024-04-17,8563
00687B,國泰20年美債,583,1,582,新光-新竹,2024-04-17,8563
00929,復華台灣科技優息,451,69,382,新光-新竹,2024-04-17,8563
00937B,群益ESG投等債20,717,411,306,新光-新竹,2024-04-17,8563
00679B,元大美債20年,359,75,284,新光-新竹,2024-04-17,8563
0056,元大高股息,278,39,239,新光-新竹,2024-04-17,8563
00919,群益台灣精選高息,298,88,210,新光-新竹,2024-04-17,8563
00712,復華富時不動產,247,53,194,新光-新竹,2024-04-17,8563
2618,長榮航,164,6,158,新光-新竹,2024-04-17,8563
2892,第一金,140,0,140,新光-新竹,2024-04-17,8563
00878,國泰永續高股息,160,33,127,新光-新竹,2024-04-17,8563
00753L,中信中國50正2,124,0,124,新光-新竹,2024-04-17,8563
2363,矽統,197,81,116,新光-新竹,2024-04-17,8563
3708,上緯投控,130,19,111,新光-新竹,2024-04-17,8563
00751B,元大AAA至A公司債,102,3,99,新光-新竹,2024-04-17,8563
00933B,國泰10Y+金融債,106,11,95,新光-新竹,2024-04-17,8563
2501,國建,121,42,79,新光-新竹,2024-04-17,8563
3231,緯創,126,49,77,新光-新竹,2024-04-17,8563
00857B,永豐20年美公債,76,0,76,新光-新竹,2024-04-17,8563
2317,鴻海,567,495,72,新光-新竹,2024-04-17,8563
6274,台燿,68,4,64,新光-新竹,2024-04-17,8563
9946,三發地產,60,0,60,新光-新竹,2024-04-17,8563
1612,宏泰,64,6,58,新光-新竹,2024-04-17,8563
2401,凌陽,139,82,57,新光-新竹,2024-04-17,8563
4513,福裕,57,3,54,新光-新竹,2024-04-17,8563
2537,聯上發,58,4,54,新光-新竹,2024-04-17,8563
8069,元太,56,5,51,新光-新竹,2024-04-17,8563
2527,宏璟,53,2,51,新光-新竹,2024-04-17,8563
00795B,中信美國公債20年,50,5,45,新光-新竹,2024-04-17,8563
2440,太空梭,42,0,42,新光-新竹,2024-04-17,8563
1108,幸福,42,0,42,新光-新竹,2024-04-17,8563
00715L,期街口布蘭特正2,42,1,41,新光-新竹,2024-04-17,8563
5272,笙科,40,0,40,新光-新竹,2024-04-17,8563
00941,中信上游半導體,49,10,39,新光-新竹,2024-04-17,8563
6547,高端疫苗,55,16,39,新光-新竹,2024-04-17,8563
2704,國賓,44,6,38,新光-新竹,2024-04-17,8563
3706,神達,76,39,37,新光-新竹,2024-04-17,8563
2103,台橡,40,3,37,新光-新竹,2024-04-17,8563
8054,安國,154,118,36,新光-新竹,2024-04-17,8563
1587,吉茂,35,0,35,新光-新竹,2024-04-17,8563
00632R,元大台灣50反1,134,100,34,新光-新竹,2024-04-17,8563
8089,康全電訊,33,0,33,新光-新竹,2024-04-17,8563
1101,台泥,48,15,33,新光-新竹,2024-04-17,8563
00927,群益半導體收益,34,2,32,新光-新竹,2024-04-17,8563
2308,台達電,32,1,31,新光-新竹,2024-04-17,8563
3583,辛耘,70,40,30,新光-新竹,2024-04-17,8563
6233,旺玖,31,1,30,新光-新竹,2024-04-17,8563
1605,華新,438,409,29,新光-新竹,2024-04-17,8563
5443,均豪,100,72,28,新光-新竹,2024-04-17,8563
2367,燿華,67,40,27,新光-新竹,2024-04-17,8563
00632R,元大台灣50反1,1641,365,1276,新光-新竹,2024-04-18,8563
3051,力特,336,19,317,新光-新竹,2024-04-18,8563
0056,元大高股息,292,14,278,新光-新竹,2024-04-18,8563
2371,大同,1652,1382,270,新光-新竹,2024-04-18,8563
00720B,元大投資級公司債,272,9,263,新光-新竹,2024-04-18,8563
00919,群益台灣精選高息,248,58,190,新光-新竹,2024-04-18,8563
3013,晟銘電,309,121,188,新光-新竹,2024-04-18,8563
2363,矽統,187,28,159,新光-新竹,2024-04-18,8563
6264,富裔,152,5,147,新光-新竹,2024-04-18,8563
00687B,國泰20年美債,154,9,145,新光-新竹,2024-04-18,8563
3712,永崴投控,211,67,144,新光-新竹,2024-04-18,8563
00940,元大台灣價值高息,150,21,129,新光-新竹,2024-04-18,8563
2867,三商壽,144,34,110,新光-新竹,2024-04-18,8563
2515,中工,167,70,97,新光-新竹,2024-04-18,8563
2610,華航,158,65,93,新光-新竹,2024-04-18,8563
00712,復華富時不動產,91,4,87,新光-新竹,2024-04-18,8563
00715L,期街口布蘭特正2,107,23,84,新光-新竹,2024-04-18,8563
9907,統一實,80,0,80,新光-新竹,2024-04-18,8563
00941,中信上游半導體,140,61,79,新光-新竹,2024-04-18,8563
5512,力麒,83,13,70,新光-新竹,2024-04-18,8563
3481,群創,81,12,69,新光-新竹,2024-04-18,8563
1815,富喬,99,32,67,新光-新竹,2024-04-18,8563
8110,華東,63,0,63,新光-新竹,2024-04-18,8563
00733,富邦臺灣中小,59,2,57,新光-新竹,2024-04-18,8563
2883B,凱基金乙特,55,0,55,新光-新竹,2024-04-18,8563
00679B,元大美債20年,106,54,52,新光-新竹,2024-04-18,8563
2501,國建,100,49,51,新光-新竹,2024-04-18,8563
00751B,元大AAA至A公司債,55,5,50,新光-新竹,2024-04-18,8563
00929,復華台灣科技優息,169,124,45,新光-新竹,2024-04-18,8563
2892,第一金,49,4,45,新光-新竹,2024-04-18,8563
3708,上緯投控,116,72,44,新光-新竹,2024-04-18,8563
00688L,國泰20年美債正2,49,6,43,新光-新竹,2024-04-18,8563
2101,南港,54,11,43,新光-新竹,2024-04-18,8563
00830,國泰費城半導體,54,11,43,新光-新竹,2024-04-18,8563
8121,越峰,42,0,42,新光-新竹,2024-04-18,8563
6177,達麗,34,0,34,新光-新竹,2024-04-18,8563
00764B,群益25年美債,33,0,33,新光-新竹,2024-04-18,8563
1614,三洋電,32,0,32,新光-新竹,2024-04-18,8563
00927,群益半導體收益,35,4,31,新光-新竹,2024-04-18,8563
9946,三發地產,30,0,30,新光-新竹,2024-04-18,8563
1104,環泥,30,0,30,新光-新竹,2024-04-18,8563
2897,王道銀行,30,0,30,新光-新竹,2024-04-18,8563
5251,天鉞電,46,16,30,新光-新竹,2024-04-18,8563
3715,定穎投控,32,3,29,新光-新竹,2024-04-18,8563
5531,鄉林,46,17,29,新光-新竹,2024-04-18,8563
8011,台通,32,3,29,新光-新竹,2024-04-18,8563
00885,富邦越南,32,4,28,新光-新竹,2024-04-18,8563
3711,日月光投控,29,2,27,新光-新竹,2024-04-18,8563
2301,光寶科,45,19,26,新光-新竹,2024-04-18,8563
6283,淳安,46,20,26,新光-新竹,2024-04-18,8563
00929,復華台灣科技優息,1645,440,1205,新光-新竹,2024-04-19,8563
00940,元大台灣價值高息,1132,50,1082,新光-新竹,2024-04-19,8563
00937B,群益ESG投等債20,1374,374,1000,新光-新竹,2024-04-19,8563
00715L,期街口布蘭特正2,436,8,428,新光-新竹,2024-04-19,8563
0056,元大高股息,448,76,372,新光-新竹,2024-04-19,8563
00878,國泰永續高股息,537,184,353,新光-新竹,2024-04-19,8563
00919,群益台灣精選高息,805,506,299,新光-新竹,2024-04-19,8563
1609,大亞,1268,1090,178,新光-新竹,2024-04-19,8563
4102,永日,221,56,165,新光-新竹,2024-04-19,8563
5521,工信,167,26,141,新光-新竹,2024-04-19,8563
2330,台積電,248,121,127,新光-新竹,2024-04-19,8563
2515,中工,911,792,119,新光-新竹,2024-04-19,8563
8054,安國,285,169,116,新光-新竹,2024-04-19,8563
2303,聯電,142,37,105,新光-新竹,2024-04-19,8563
00631L,元大台灣50正2,140,36,104,新光-新竹,2024-04-19,8563
00918,大華優利高填息30,140,37,103,新光-新竹,2024-04-19,8563
6274,台燿,125,25,100,新光-新竹,2024-04-19,8563
2812,台中銀,177,81,96,新光-新竹,2024-04-19,8563
0050,元大台灣50,114,21,93,新光-新竹,2024-04-19,8563
00941,中信上游半導體,132,40,92,新光-新竹,2024-04-19,8563
2887,台新金,86,0,86,新光-新竹,2024-04-19,8563
2527,宏璟,91,12,79,新光-新竹,2024-04-19,8563
1314,中石化,192,117,75,新光-新竹,2024-04-19,8563
6126,信音,69,0,69,新光-新竹,2024-04-19,8563
3708,上緯投控,304,235,69,新光-新竹,2024-04-19,8563
006208,富邦台50,97,28,69,新光-新竹,2024-04-19,8563
00915,凱基優選高股息30,76,8,68,新光-新竹,2024-04-19,8563
00923,群益台ESG低碳50,71,3,68,新光-新竹,2024-04-19,8563
2809,京城銀,63,2,61,新光-新竹,2024-04-19,8563
1808,潤隆,66,6,60,新光-新竹,2024-04-19,8563
5512,力麒,215,155,60,新光-新竹,2024-04-19,8563
00665L,富邦�琤肭磪囓�2,165,105,60,新光-新竹,2024-04-19,8563
00939,統一台灣高息動能,176,117,59,新光-新竹,2024-04-19,8563
00738U,期元大道瓊白銀,60,1,59,新光-新竹,2024-04-19,8563
2608,嘉里大榮,61,3,58,新光-新竹,2024-04-19,8563
5347,世界,60,6,54,新光-新竹,2024-04-19,8563
00733,富邦臺灣中小,52,4,48,新光-新竹,2024-04-19,8563
1815,富喬,53,6,47,新光-新竹,2024-04-19,8563
2369,菱生,53,6,47,新光-新竹,2024-04-19,8563
00632R,元大台灣50反1,1252,1205,47,新光-新竹,2024-04-19,8563
6640,均華,44,1,43,新光-新竹,2024-04-19,8563
9907,統一實,37,0,37,新光-新竹,2024-04-19,8563
3037,欣興,60,23,37,新光-新竹,2024-04-19,8563
00675L,富邦臺灣加權正2,64,28,36,新光-新竹,2024-04-19,8563
1215,卜蜂,36,0,36,新光-新竹,2024-04-19,8563
2882,國泰金,80,45,35,新光-新竹,2024-04-19,8563
6612,奈米醫材,47,12,35,新光-新竹,2024-04-19,8563
2401,凌陽,38,3,35,新光-新竹,2024-04-19,8563
8064,東捷,38,3,35,新光-新竹,2024-04-19,8563
1101,台泥,48,14,34,新光-新竹,2024-04-19,8563
00929,復華台灣科技優息,1351,71,1280,新光-新竹,2024-04-22,8563
2515,中工,1312,429,883,新光-新竹,2024-04-22,8563
00937B,群益ESG投等債20,507,78,429,新光-新竹,2024-04-22,8563
00679B,元大美債20年,335,12,323,新光-新竹,2024-04-22,8563
00940,元大台灣價值高息,325,20,305,新光-新竹,2024-04-22,8563
2401,凌陽,284,3,281,新光-新竹,2024-04-22,8563
4102,永日,332,65,267,新光-新竹,2024-04-22,8563
00878,國泰永續高股息,295,45,250,新光-新竹,2024-04-22,8563
1616,億泰,255,18,237,新光-新竹,2024-04-22,8563
2367,燿華,252,56,196,新光-新竹,2024-04-22,8563
00687B,國泰20年美債,210,32,178,新光-新竹,2024-04-22,8563
00680L,元大美債20正2,170,30,140,新光-新竹,2024-04-22,8563
00720B,元大投資級公司債,138,2,136,新光-新竹,2024-04-22,8563
00715L,期街口布蘭特正2,215,82,133,新光-新竹,2024-04-22,8563
2501,國建,151,37,114,新光-新竹,2024-04-22,8563
00633L,富邦上証正2,110,1,109,新光-新竹,2024-04-22,8563
0056,元大高股息,130,24,106,新光-新竹,2024-04-22,8563
6147,頎邦,104,5,99,新光-新竹,2024-04-22,8563
2329,華泰,120,34,86,新光-新竹,2024-04-22,8563
00939,統一台灣高息動能,154,73,81,新光-新竹,2024-04-22,8563
9946,三發地產,83,2,81,新光-新竹,2024-04-22,8563
3338,泰碩,80,2,78,新光-新竹,2024-04-22,8563
2303,聯電,89,33,56,新光-新竹,2024-04-22,8563
3703,欣陸,351,297,54,新光-新竹,2024-04-22,8563
4532,瑞智,59,7,52,新光-新竹,2024-04-22,8563
6191,精成科,53,1,52,新光-新竹,2024-04-22,8563
6290,良維,52,0,52,新光-新竹,2024-04-22,8563
2520,冠德,125,74,51,新光-新竹,2024-04-22,8563
5512,力麒,182,132,50,新光-新竹,2024-04-22,8563
1603,華電,118,70,48,新光-新竹,2024-04-22,8563
8064,東捷,68,21,47,新光-新竹,2024-04-22,8563
00795B,中信美國公債20年,42,0,42,新光-新竹,2024-04-22,8563
00919,群益台灣精選高息,278,236,42,新光-新竹,2024-04-22,8563
00927,群益半導體收益,65,24,41,新光-新竹,2024-04-22,8563
5521,工信,273,233,40,新光-新竹,2024-04-22,8563
00895,富邦未來車,40,4,36,新光-新竹,2024-04-22,8563
00935,野村臺灣新科技50,35,0,35,新光-新竹,2024-04-22,8563
2330,台積電,81,46,35,新光-新竹,2024-04-22,8563
6005,群益證,56,22,34,新光-新竹,2024-04-22,8563
2338,光罩,33,0,33,新光-新竹,2024-04-22,8563
5381,合正,47,14,33,新光-新竹,2024-04-22,8563
00941,中信上游半導體,53,21,32,新光-新竹,2024-04-22,8563
00857B,永豐20年美公債,32,0,32,新光-新竹,2024-04-22,8563
3036,文曄,39,8,31,新光-新竹,2024-04-22,8563
6126,信音,31,0,31,新光-新竹,2024-04-22,8563
6177,達麗,35,5,30,新光-新竹,2024-04-22,8563
00891,中信關鍵半導體,39,9,30,新光-新竹,2024-04-22,8563
00786B,元大10年IG銀行債,30,0,30,新光-新竹,2024-04-22,8563
2062,橋椿,30,0,30,新光-新竹,2024-04-22,8563
00902,中信電池及儲能,30,0,30,新光-新竹,2024-04-22,8563
00929,復華台灣科技優息,312,89,223,新光-新竹,2024-04-23,8563
00937B,群益ESG投等債20,224,13,211,新光-新竹,2024-04-23,8563
00753L,中信中國50正2,196,4,192,新光-新竹,2024-04-23,8563
2359,所羅門,190,4,186,新光-新竹,2024-04-23,8563
5324,士開,154,4,150,新光-新竹,2024-04-23,8563
3015,全漢,144,1,143,新光-新竹,2024-04-23,8563
2303,聯電,175,57,118,新光-新竹,2024-04-23,8563
00919,群益台灣精選高息,202,105,97,新光-新竹,2024-04-23,8563
00850,元大臺灣ESG永續,88,0,88,新光-新竹,2024-04-23,8563
8054,安國,137,50,87,新光-新竹,2024-04-23,8563
4909,新復興,112,31,81,新光-新竹,2024-04-23,8563
2867,三商壽,82,11,71,新光-新竹,2024-04-23,8563
3338,泰碩,71,0,71,新光-新竹,2024-04-23,8563
2897,王道銀行,70,0,70,新光-新竹,2024-04-23,8563
6189,豐藝,72,5,67,新光-新竹,2024-04-23,8563
1314,中石化,88,21,67,新光-新竹,2024-04-23,8563
3703,欣陸,78,18,60,新光-新竹,2024-04-23,8563
2883B,凱基金乙特,55,0,55,新光-新竹,2024-04-23,8563
9946,三發地產,52,0,52,新光-新竹,2024-04-23,8563
2506,太設,51,2,49,新光-新竹,2024-04-23,8563
2241,艾姆勒,47,0,47,新光-新竹,2024-04-23,8563
3623,富晶通,56,16,40,新光-新竹,2024-04-23,8563
00940,元大台灣價值高息,98,58,40,新光-新竹,2024-04-23,8563
8936,國統,117,79,38,新光-新竹,2024-04-23,8563
00857B,永豐20年美公債,36,0,36,新光-新竹,2024-04-23,8563
2317,鴻海,172,136,36,新光-新竹,2024-04-23,8563
00757,統一FANG+,32,0,32,新光-新竹,2024-04-23,8563
3708,上緯投控,98,66,32,新光-新竹,2024-04-23,8563
2363,矽統,77,46,31,新光-新竹,2024-04-23,8563
2374,佳能,55,24,31,新光-新竹,2024-04-23,8563
5512,力麒,47,16,31,新光-新竹,2024-04-23,8563
2745,五福,47,19,28,新光-新竹,2024-04-23,8563
2408,南亞科,33,6,27,新光-新竹,2024-04-23,8563
00941,中信上游半導體,27,0,27,新光-新竹,2024-04-23,8563
2449,京元電子,56,31,25,新光-新竹,2024-04-23,8563
3715,定穎投控,40,15,25,新光-新竹,2024-04-23,8563
6191,精成科,25,0,25,新光-新竹,2024-04-23,8563
2312,金寶,25,1,24,新光-新竹,2024-04-23,8563
6120,達運,47,23,24,新光-新竹,2024-04-23,8563
00895,富邦未來車,23,0,23,新光-新竹,2024-04-23,8563
2367,燿華,47,25,22,新光-新竹,2024-04-23,8563
3481,群創,45,23,22,新光-新竹,2024-04-23,8563
6005,群益證,30,9,21,新光-新竹,2024-04-23,8563
4102,永日,73,52,21,新光-新竹,2024-04-23,8563
00942B,台新美A公司債20+,21,0,21,新光-新竹,2024-04-23,8563
3450,聯鈞,21,0,21,新光-新竹,2024-04-23,8563
6282,康舒,21,0,21,新光-新竹,2024-04-23,8563
2376,技嘉,26,7,19,新光-新竹,2024-04-23,8563
8080,印鉐,19,0,19,新光-新竹,2024-04-23,8563
00631L,元大台灣50正2,23,5,18,新光-新竹,2024-04-23,8563
00632R,元大台灣50反1,1119,96,1023,新光-新竹,2024-04-24,8563
00680L,元大美債20正2,306,20,286,新光-新竹,2024-04-24,8563
2363,矽統,307,57,250,新光-新竹,2024-04-24,8563
3015,全漢,243,2,241,新光-新竹,2024-04-24,8563
00679B,元大美債20年,234,7,227,新光-新竹,2024-04-24,8563
2610,華航,273,109,164,新光-新竹,2024-04-24,8563
3481,群創,181,21,160,新光-新竹,2024-04-24,8563
00687B,國泰20年美債,132,3,129,新光-新竹,2024-04-24,8563
5521,工信,114,1,113,新光-新竹,2024-04-24,8563
00795B,中信美國公債20年,106,0,106,新光-新竹,2024-04-24,8563
1815,富喬,109,3,106,新光-新竹,2024-04-24,8563
00664R,國泰臺灣加權反1,115,10,105,新光-新竹,2024-04-24,8563
00937B,群益ESG投等債20,106,6,100,新光-新竹,2024-04-24,8563
8064,東捷,113,30,83,新光-新竹,2024-04-24,8563
0056,元大高股息,74,8,66,新光-新竹,2024-04-24,8563
00891,中信關鍵半導體,64,0,64,新光-新竹,2024-04-24,8563
1905,華紙,71,9,62,新光-新竹,2024-04-24,8563
6189,豐藝,64,2,62,新光-新竹,2024-04-24,8563
2801,彰銀,56,1,55,新光-新竹,2024-04-24,8563
00909,國泰數位支付服務,56,1,55,新光-新竹,2024-04-24,8563
2886,兆豐金,61,8,53,新光-新竹,2024-04-24,8563
2812,台中銀,137,87,50,新光-新竹,2024-04-24,8563
2613,中櫃,50,0,50,新光-新竹,2024-04-24,8563
5533,皇鼎,50,0,50,新光-新竹,2024-04-24,8563
6165,浪凡,132,83,49,新光-新竹,2024-04-24,8563
00631L,元大台灣50正2,55,7,48,新光-新竹,2024-04-24,8563
00919,群益台灣精選高息,220,173,47,新光-新竹,2024-04-24,8563
2206,三陽工業,254,207,47,新光-新竹,2024-04-24,8563
1806,冠軍,44,0,44,新光-新竹,2024-04-24,8563
2317,鴻海,429,385,44,新光-新竹,2024-04-24,8563
4102,永日,99,56,43,新光-新竹,2024-04-24,8563
2049,上銀,42,0,42,新光-新竹,2024-04-24,8563
3287,廣寰科,55,13,42,新光-新竹,2024-04-24,8563
00857B,永豐20年美公債,40,0,40,新光-新竹,2024-04-24,8563
006208,富邦台50,47,8,39,新光-新竹,2024-04-24,8563
2606,裕民,38,0,38,新光-新竹,2024-04-24,8563
1612,宏泰,89,53,36,新光-新竹,2024-04-24,8563
3036,文曄,43,8,35,新光-新竹,2024-04-24,8563
00720B,元大投資級公司債,36,1,35,新光-新竹,2024-04-24,8563
1618,合機,132,98,34,新光-新竹,2024-04-24,8563
00738U,期元大道瓊白銀,32,0,32,新光-新竹,2024-04-24,8563
2327,國巨,30,1,29,新光-新竹,2024-04-24,8563
8096,擎亞,33,4,29,新光-新竹,2024-04-24,8563
4532,瑞智,31,4,27,新光-新竹,2024-04-24,8563
2504,國產,49,22,27,新光-新竹,2024-04-24,8563
2890,永豐金,47,20,27,新光-新竹,2024-04-24,8563
2883B,凱基金乙特,25,0,25,新光-新竹,2024-04-24,8563
2515,中工,96,71,25,新光-新竹,2024-04-24,8563
2367,燿華,101,76,25,新光-新竹,2024-04-24,8563
5371,中光電,46,22,24,新光-新竹,2024-04-24,8563
00687B,國泰20年美債,249,63,186,新光-新竹,2024-04-25,8563
2317,鴻海,365,206,159,新光-新竹,2024-04-25,8563
00878,國泰永續高股息,190,36,154,新光-新竹,2024-04-25,8563
2743,山富,175,28,147,新光-新竹,2024-04-25,8563
1714,和桐,145,0,145,新光-新竹,2024-04-25,8563
2867,三商壽,153,21,132,新光-新竹,2024-04-25,8563
00720B,元大投資級公司債,148,27,121,新光-新竹,2024-04-25,8563
4303,信立,154,60,94,新光-新竹,2024-04-25,8563
5230,雷笛克光學,189,98,91,新光-新竹,2024-04-25,8563
00940,元大台灣價值高息,124,37,87,新光-新竹,2024-04-25,8563
3024,憶聲,100,13,87,新光-新竹,2024-04-25,8563
1605,華新,90,13,77,新光-新竹,2024-04-25,8563
00937B,群益ESG投等債20,112,36,76,新光-新竹,2024-04-25,8563
2618,長榮航,340,266,74,新光-新竹,2024-04-25,8563
00919,群益台灣精選高息,110,39,71,新光-新竹,2024-04-25,8563
00891,中信關鍵半導體,70,0,70,新光-新竹,2024-04-25,8563
2887,台新金,69,4,65,新光-新竹,2024-04-25,8563
1301,台塑,65,1,64,新光-新竹,2024-04-25,8563
2371,大同,261,197,64,新光-新竹,2024-04-25,8563
6207,雷科,73,11,62,新光-新竹,2024-04-25,8563
6753,龍德造船,59,5,54,新光-新竹,2024-04-25,8563
6425,易發,69,15,54,新光-新竹,2024-04-25,8563
5515,建國,45,0,45,新光-新竹,2024-04-25,8563
9902,台火,53,9,44,新光-新竹,2024-04-25,8563
6548,長科*,53,9,44,新光-新竹,2024-04-25,8563
00882,中信中國高股息,66,23,43,新光-新竹,2024-04-25,8563
2303,聯電,58,18,40,新光-新竹,2024-04-25,8563
00751B,元大AAA至A公司債,40,0,40,新光-新竹,2024-04-25,8563
3481,群創,53,14,39,新光-新竹,2024-04-25,8563
00922,國泰台灣領袖50,36,0,36,新光-新竹,2024-04-25,8563
2834,臺企銀,35,0,35,新光-新竹,2024-04-25,8563
2367,燿華,36,1,35,新光-新竹,2024-04-25,8563
00650L,復華香港正2,52,18,34,新光-新竹,2024-04-25,8563
00941,中信上游半導體,34,0,34,新光-新竹,2024-04-25,8563
4909,新復興,39,6,33,新光-新竹,2024-04-25,8563
3266,昇陽,33,0,33,新光-新竹,2024-04-25,8563
8466,美吉吉-KY,38,5,33,新光-新竹,2024-04-25,8563
00679B,元大美債20年,61,28,33,新光-新竹,2024-04-25,8563
2515,中工,242,210,32,新光-新竹,2024-04-25,8563
2892,第一金,35,3,32,新光-新竹,2024-04-25,8563
9904,寶成,31,0,31,新光-新竹,2024-04-25,8563
3564,其陽,30,0,30,新光-新竹,2024-04-25,8563
1101,台泥,41,11,30,新光-新竹,2024-04-25,8563
2891,中信金,30,0,30,新光-新竹,2024-04-25,8563
1616,億泰,31,1,30,新光-新竹,2024-04-25,8563
2736,富野,51,22,29,新光-新竹,2024-04-25,8563
1409,新纖,40,11,29,新光-新竹,2024-04-25,8563
2009,第一銅,70,42,28,新光-新竹,2024-04-25,8563
2801,彰銀,28,0,28,新光-新竹,2024-04-25,8563
3312,弘憶股,29,1,28,新光-新竹,2024-04-25,8563
00937B,群益ESG投等債20,694,10,684,新光-新竹,2024-04-26,8563
00632R,元大台灣50反1,884,260,624,新光-新竹,2024-04-26,8563
00795B,中信美國公債20年,339,6,333,新光-新竹,2024-04-26,8563
2371,大同,357,122,235,新光-新竹,2024-04-26,8563
00720B,元大投資級公司債,131,6,125,新光-新竹,2024-04-26,8563
00687B,國泰20年美債,292,176,116,新光-新竹,2024-04-26,8563
1587,吉茂,171,65,106,新光-新竹,2024-04-26,8563
2615,萬海,155,49,106,新光-新竹,2024-04-26,8563
4102,永日,219,115,104,新光-新竹,2024-04-26,8563
1815,富喬,103,1,102,新光-新竹,2024-04-26,8563
00637L,元大滬深300正2,249,154,95,新光-新竹,2024-04-26,8563
2617,台航,82,2,80,新光-新竹,2024-04-26,8563
2609,陽明,502,430,72,新光-新竹,2024-04-26,8563
2867,三商壽,72,2,70,新光-新竹,2024-04-26,8563
2359,所羅門,208,138,70,新光-新竹,2024-04-26,8563
2745,五福,72,5,67,新光-新竹,2024-04-26,8563
00919,群益台灣精選高息,101,34,67,新光-新竹,2024-04-26,8563
1608,華榮,112,49,63,新光-新竹,2024-04-26,8563
00929,復華台灣科技優息,147,89,58,新光-新竹,2024-04-26,8563
1301,台塑,57,0,57,新光-新竹,2024-04-26,8563
3338,泰碩,87,30,57,新光-新竹,2024-04-26,8563
1609,大亞,193,137,56,新光-新竹,2024-04-26,8563
1101,台泥,71,16,55,新光-新竹,2024-04-26,8563
6425,易發,82,28,54,新光-新竹,2024-04-26,8563
6274,台燿,74,23,51,新光-新竹,2024-04-26,8563
00712,復華富時不動產,60,10,50,新光-新竹,2024-04-26,8563
3037,欣興,74,25,49,新光-新竹,2024-04-26,8563
2520,冠德,78,32,46,新光-新竹,2024-04-26,8563
2534,宏盛,48,4,44,新光-新竹,2024-04-26,8563
1605,華新,81,43,38,新光-新竹,2024-04-26,8563
8064,東捷,53,15,38,新光-新竹,2024-04-26,8563
00751B,元大AAA至A公司債,37,0,37,新光-新竹,2024-04-26,8563
3266,昇陽,36,0,36,新光-新竹,2024-04-26,8563
3058,立德,35,0,35,新光-新竹,2024-04-26,8563
5519,隆大,44,10,34,新光-新竹,2024-04-26,8563
0056,元大高股息,48,16,32,新光-新竹,2024-04-26,8563
00700,富邦�琤肭磪�,32,0,32,新光-新竹,2024-04-26,8563
1785,光洋科,31,0,31,新光-新竹,2024-04-26,8563
00933B,國泰10Y+金融債,33,2,31,新光-新竹,2024-04-26,8563
00631L,元大台灣50正2,49,19,30,新光-新竹,2024-04-26,8563
2241,艾姆勒,67,39,28,新光-新竹,2024-04-26,8563
1513,中興電,88,61,27,新光-新竹,2024-04-26,8563
00941,中信上游半導體,27,0,27,新光-新竹,2024-04-26,8563
8936,國統,36,9,27,新光-新竹,2024-04-26,8563
00650L,復華香港正2,120,94,26,新光-新竹,2024-04-26,8563
4155,訊映,27,1,26,新光-新竹,2024-04-26,8563
6753,龍德造船,28,3,25,新光-新竹,2024-04-26,8563
2892,第一金,26,1,25,新光-新竹,2024-04-26,8563
2486,一詮,160,136,24,新光-新竹,2024-04-26,8563
2382,廣達,92,68,24,新光-新竹,2024-04-26,8563
00650L,復華香港正2,292,9,283,新光-新竹,2024-04-29,8563
2449,京元電子,291,56,235,新光-新竹,2024-04-29,8563
2618,長榮航,638,415,223,新光-新竹,2024-04-29,8563
00632R,元大台灣50反1,227,13,214,新光-新竹,2024-04-29,8563
00937B,群益ESG投等債20,218,14,204,新光-新竹,2024-04-29,8563
2609,陽明,513,317,196,新光-新竹,2024-04-29,8563
00706L,期元大S＆P日圓正2,205,45,160,新光-新竹,2024-04-29,8563
1316,上曜,186,33,153,新光-新竹,2024-04-29,8563
5522,遠雄,150,14,136,新光-新竹,2024-04-29,8563
9945,潤泰新,155,28,127,新光-新竹,2024-04-29,8563
2323,中環,265,155,110,新光-新竹,2024-04-29,8563
1416,廣豐,96,0,96,新光-新竹,2024-04-29,8563
2880,華南金,103,10,93,新光-新竹,2024-04-29,8563
3264,欣銓,136,49,87,新光-新竹,2024-04-29,8563
2515,中工,287,200,87,新光-新竹,2024-04-29,8563
3338,泰碩,153,77,76,新光-新竹,2024-04-29,8563
2542,興富發,143,68,75,新光-新竹,2024-04-29,8563
2367,燿華,113,41,72,新光-新竹,2024-04-29,8563
5519,隆大,65,4,61,新光-新竹,2024-04-29,8563
6757,台灣虎航,59,0,59,新光-新竹,2024-04-29,8563
4102,永日,124,66,58,新光-新竹,2024-04-29,8563
2743,山富,76,20,56,新光-新竹,2024-04-29,8563
00664R,國泰臺灣加權反1,55,0,55,新光-新竹,2024-04-29,8563
2486,一詮,181,129,52,新光-新竹,2024-04-29,8563
2101,南港,104,55,49,新光-新竹,2024-04-29,8563
2104,國際中橡,50,2,48,新光-新竹,2024-04-29,8563
6177,達麗,74,27,47,新光-新竹,2024-04-29,8563
4909,新復興,57,11,46,新光-新竹,2024-04-29,8563
2745,五福,45,3,42,新光-新竹,2024-04-29,8563
2520,冠德,117,76,41,新光-新竹,2024-04-29,8563
4128,中天,41,0,41,新光-新竹,2024-04-29,8563
00752,中信中國50,51,11,40,新光-新竹,2024-04-29,8563
8028,昇陽半導體,55,17,38,新光-新竹,2024-04-29,8563
1457,宜進,38,0,38,新光-新竹,2024-04-29,8563
2371,大同,161,124,37,新光-新竹,2024-04-29,8563
3028,增你強,36,0,36,新光-新竹,2024-04-29,8563
6005,群益證,57,22,35,新光-新竹,2024-04-29,8563
4960,誠美材,39,7,32,新光-新竹,2024-04-29,8563
5514,三豐,40,10,30,新光-新竹,2024-04-29,8563
5706,鳳凰,42,12,30,新光-新竹,2024-04-29,8563
2484,希華,30,1,29,新光-新竹,2024-04-29,8563
2359,所羅門,104,77,27,新光-新竹,2024-04-29,8563
2505,國揚,32,7,25,新光-新竹,2024-04-29,8563
6603,富強鑫,25,0,25,新光-新竹,2024-04-29,8563
6425,易發,43,18,25,新光-新竹,2024-04-29,8563
2867,三商壽,24,0,24,新光-新竹,2024-04-29,8563
5534,長虹,35,11,24,新光-新竹,2024-04-29,8563
6189,豐藝,28,4,24,新光-新竹,2024-04-29,8563
00733,富邦臺灣中小,30,7,23,新光-新竹,2024-04-29,8563
5283,禾聯碩,23,0,23,新光-新竹,2024-04-29,8563
1314,中石化,680,148,532,新光-新竹,2024-04-30,8563
00937B,群益ESG投等債20,554,23,531,新光-新竹,2024-04-30,8563
00940,元大台灣價值高息,368,114,254,新光-新竹,2024-04-30,8563
5516,雙喜,213,0,213,新光-新竹,2024-04-30,8563
2880,華南金,235,118,117,新光-新竹,2024-04-30,8563
2867,三商壽,112,5,107,新光-新竹,2024-04-30,8563
00919,群益台灣精選高息,149,48,101,新光-新竹,2024-04-30,8563
00665L,富邦�琤肭磪囓�2,301,201,100,新光-新竹,2024-04-30,8563
00632R,元大台灣50反1,157,57,100,新光-新竹,2024-04-30,8563
2834,臺企銀,111,16,95,新光-新竹,2024-04-30,8563
2317,鴻海,214,127,87,新光-新竹,2024-04-30,8563
2501,國建,166,83,83,新光-新竹,2024-04-30,8563
2888,新光金,189,109,80,新光-新竹,2024-04-30,8563
2406,國碩,103,29,74,新光-新竹,2024-04-30,8563
4127,天良,95,30,65,新光-新竹,2024-04-30,8563
1905,華紙,69,4,65,新光-新竹,2024-04-30,8563
2356,英業達,63,5,58,新光-新竹,2024-04-30,8563
2887,台新金,58,4,54,新光-新竹,2024-04-30,8563
00931B,統一美債20年,52,0,52,新光-新竹,2024-04-30,8563
2801,彰銀,51,0,51,新光-新竹,2024-04-30,8563
1337,再生-KY,50,0,50,新光-新竹,2024-04-30,8563
2421,建準,47,1,46,新光-新竹,2024-04-30,8563
6126,信音,42,2,40,新光-新竹,2024-04-30,8563
6425,易發,67,27,40,新光-新竹,2024-04-30,8563
2449,京元電子,63,31,32,新光-新竹,2024-04-30,8563
3058,立德,31,0,31,新光-新竹,2024-04-30,8563
6026,福邦證,35,5,30,新光-新竹,2024-04-30,8563
5236,凌陽創新,30,0,30,新光-新竹,2024-04-30,8563
5880,合庫金,29,0,29,新光-新竹,2024-04-30,8563
2537,聯上發,48,19,29,新光-新竹,2024-04-30,8563
4919,新唐,35,7,28,新光-新竹,2024-04-30,8563
2891,中信金,364,336,28,新光-新竹,2024-04-30,8563
6175,立敦,26,0,26,新光-新竹,2024-04-30,8563
3481,群創,70,44,26,新光-新竹,2024-04-30,8563
5534,長虹,27,1,26,新光-新竹,2024-04-30,8563
1605,華新,27,2,25,新光-新竹,2024-04-30,8563
5522,遠雄,74,49,25,新光-新竹,2024-04-30,8563
00933B,國泰10Y+金融債,32,7,25,新光-新竹,2024-04-30,8563
3189,景碩,25,0,25,新光-新竹,2024-04-30,8563
1301,台塑,24,0,24,新光-新竹,2024-04-30,8563
5531,鄉林,81,57,24,新光-新竹,2024-04-30,8563
1529,樂事綠能,24,1,23,新光-新竹,2024-04-30,8563
8401,白紗科,24,1,23,新光-新竹,2024-04-30,8563
5519,隆大,50,27,23,新光-新竹,2024-04-30,8563
2359,所羅門,103,81,22,新光-新竹,2024-04-30,8563
2812,台中銀,91,69,22,新光-新竹,2024-04-30,8563
00712,復華富時不動產,36,15,21,新光-新竹,2024-04-30,8563
2509,全坤建,24,3,21,新光-新竹,2024-04-30,8563
2731,雄獅,26,5,21,新光-新竹,2024-04-30,8563
3715,定穎投控,145,124,21,新光-新竹,2024-04-30,8563
00680L,元大美債20正2,445,40,405,新光-新竹,2024-05-02,8563
00878,國泰永續高股息,345,8,337,新光-新竹,2024-05-02,8563
2867,三商壽,209,0,209,新光-新竹,2024-05-02,8563
00937B,群益ESG投等債20,201,17,184,新光-新竹,2024-05-02,8563
2888,新光金,215,33,182,新光-新竹,2024-05-02,8563
00715L,期街口布蘭特正2,156,6,150,新光-新竹,2024-05-02,8563
00940,元大台灣價值高息,130,9,121,新光-新竹,2024-05-02,8563
00929,復華台灣科技優息,166,48,118,新光-新竹,2024-05-02,8563
2515,中工,156,53,103,新光-新竹,2024-05-02,8563
2609,陽明,264,161,103,新光-新竹,2024-05-02,8563
3481,群創,105,12,93,新光-新竹,2024-05-02,8563
2401,凌陽,90,0,90,新光-新竹,2024-05-02,8563
2363,矽統,236,160,76,新光-新竹,2024-05-02,8563
2611,志信,108,40,68,新光-新竹,2024-05-02,8563
8234,新漢,60,7,53,新光-新竹,2024-05-02,8563
5371,中光電,72,19,53,新光-新竹,2024-05-02,8563
00915,凱基優選高股息30,53,0,53,新光-新竹,2024-05-02,8563
2104,國際中橡,50,0,50,新光-新竹,2024-05-02,8563
1605,華新,56,6,50,新光-新竹,2024-05-02,8563
00687B,國泰20年美債,51,4,47,新光-新竹,2024-05-02,8563
5516,雙喜,58,11,47,新光-新竹,2024-05-02,8563
2514,龍邦,46,1,45,新光-新竹,2024-05-02,8563
1440,南紡,72,31,41,新光-新竹,2024-05-02,8563
2371,大同,126,85,41,新光-新竹,2024-05-02,8563
00688L,國泰20年美債正2,37,0,37,新光-新竹,2024-05-02,8563
3234,光環,39,2,37,新光-新竹,2024-05-02,8563
2009,第一銅,46,10,36,新光-新竹,2024-05-02,8563
3006,晶豪科,41,6,35,新光-新竹,2024-05-02,8563
2367,燿華,75,41,34,新光-新竹,2024-05-02,8563
00753L,中信中國50正2,36,2,34,新光-新竹,2024-05-02,8563
6782,視陽,33,0,33,新光-新竹,2024-05-02,8563
2597,潤弘,36,3,33,新光-新竹,2024-05-02,8563
2317,鴻海,68,35,33,新光-新竹,2024-05-02,8563
2884,玉山金,36,4,32,新光-新竹,2024-05-02,8563
2101,南港,58,27,31,新光-新竹,2024-05-02,8563
4533,協易機,63,32,31,新光-新竹,2024-05-02,8563
00679B,元大美債20年,76,45,31,新光-新竹,2024-05-02,8563
1447,力鵬,30,0,30,新光-新竹,2024-05-02,8563
6177,達麗,114,85,29,新光-新竹,2024-05-02,8563
2330,台積電,44,15,29,新光-新竹,2024-05-02,8563
2501,國建,125,96,29,新光-新竹,2024-05-02,8563
2845,遠東銀,30,2,28,新光-新竹,2024-05-02,8563
1714,和桐,28,0,28,新光-新竹,2024-05-02,8563
4924,欣厚-KY,28,0,28,新光-新竹,2024-05-02,8563
2615,萬海,97,69,28,新光-新竹,2024-05-02,8563
8064,東捷,51,23,28,新光-新竹,2024-05-02,8563
1609,大亞,135,108,27,新光-新竹,2024-05-02,8563
2739,寒舍,37,12,25,新光-新竹,2024-05-02,8563
1307,三芳,25,0,25,新光-新竹,2024-05-02,8563
00768B,復華20年美債,25,0,25,新光-新竹,2024-05-02,8563
00937B,群益ESG投等債20,577,2,575,新光-新竹,2024-05-03,8563
8096,擎亞,512,206,306,新光-新竹,2024-05-03,8563
00665L,富邦�琤肭磪囓�2,473,185,288,新光-新竹,2024-05-03,8563
1316,上曜,731,484,247,新光-新竹,2024-05-03,8563
2883,凱基金,221,20,201,新光-新竹,2024-05-03,8563
4714,永捷,205,105,100,新光-新竹,2024-05-03,8563
00679B,元大美債20年,93,5,88,新光-新竹,2024-05-03,8563
1532,勤美,122,35,87,新光-新竹,2024-05-03,8563
6290,良維,96,9,87,新光-新竹,2024-05-03,8563
00687B,國泰20年美債,98,15,83,新光-新竹,2024-05-03,8563
5512,力麒,94,15,79,新光-新竹,2024-05-03,8563
00650L,復華香港正2,86,9,77,新光-新竹,2024-05-03,8563
00933B,國泰10Y+金融債,76,0,76,新光-新竹,2024-05-03,8563
9907,統一實,72,0,72,新光-新竹,2024-05-03,8563
3231,緯創,91,21,70,新光-新竹,2024-05-03,8563
6120,達運,102,36,66,新光-新竹,2024-05-03,8563
00915,凱基優選高股息30,71,6,65,新光-新竹,2024-05-03,8563
4533,協易機,149,88,61,新光-新竹,2024-05-03,8563
5607,遠雄港,110,51,59,新光-新竹,2024-05-03,8563
2201,裕隆,165,113,52,新光-新竹,2024-05-03,8563
4532,瑞智,56,4,52,新光-新竹,2024-05-03,8563
00712,復華富時不動產,67,15,52,新光-新竹,2024-05-03,8563
8234,新漢,51,2,49,新光-新竹,2024-05-03,8563
00878,國泰永續高股息,123,78,45,新光-新竹,2024-05-03,8563
9945,潤泰新,142,99,43,新光-新竹,2024-05-03,8563
2880,華南金,46,6,40,新光-新竹,2024-05-03,8563
00700,富邦�琤肭磪�,39,0,39,新光-新竹,2024-05-03,8563
5009,榮剛,59,21,38,新光-新竹,2024-05-03,8563
1515,力山,41,3,38,新光-新竹,2024-05-03,8563
3090,日電貿,43,7,36,新光-新竹,2024-05-03,8563
6806,森崴能源,43,8,35,新光-新竹,2024-05-03,8563
2845,遠東銀,35,0,35,新光-新竹,2024-05-03,8563
5388,中磊,36,1,35,新光-新竹,2024-05-03,8563
2474,可成,35,1,34,新光-新竹,2024-05-03,8563
5283,禾聯碩,34,1,33,新光-新竹,2024-05-03,8563
00850,元大臺灣ESG永續,31,0,31,新光-新竹,2024-05-03,8563
2484,希華,60,30,30,新光-新竹,2024-05-03,8563
2501,國建,287,258,29,新光-新竹,2024-05-03,8563
3363,上詮,45,17,28,新光-新竹,2024-05-03,8563
00945B,凱基美國非投等債,26,0,26,新光-新竹,2024-05-03,8563
2617,台航,30,4,26,新光-新竹,2024-05-03,8563
1905,華紙,71,46,25,新光-新竹,2024-05-03,8563
006208,富邦台50,26,1,25,新光-新竹,2024-05-03,8563
5519,隆大,71,48,23,新光-新竹,2024-05-03,8563
2392,正崴,28,6,22,新光-新竹,2024-05-03,8563
1442,名軒,28,6,22,新光-新竹,2024-05-03,8563
00941,中信上游半導體,22,1,21,新光-新竹,2024-05-03,8563
4534,慶騰,20,0,20,新光-新竹,2024-05-03,8563
2406,國碩,20,0,20,新光-新竹,2024-05-03,8563
2603,長榮,36,16,20,新光-新竹,2024-05-03,8563
00688L,國泰20年美債正2,1486,40,1446,新光-新竹,2024-05-06,8563
00937B,群益ESG投等債20,424,108,316,新光-新竹,2024-05-06,8563
2486,一詮,290,123,167,新光-新竹,2024-05-06,8563
00650L,復華香港正2,210,56,154,新光-新竹,2024-05-06,8563
00632R,元大台灣50反1,132,10,122,新光-新竹,2024-05-06,8563
5522,遠雄,158,43,115,新光-新竹,2024-05-06,8563
00679B,元大美債20年,144,32,112,新光-新竹,2024-05-06,8563
1314,中石化,127,25,102,新光-新竹,2024-05-06,8563
2542,興富發,160,65,95,新光-新竹,2024-05-06,8563
00795B,中信美國公債20年,100,8,92,新光-新竹,2024-05-06,8563
2327,國巨,94,5,89,新光-新竹,2024-05-06,8563
6189,豐藝,96,7,89,新光-新竹,2024-05-06,8563
0056,元大高股息,101,21,80,新光-新竹,2024-05-06,8563
00700,富邦�琤肭磪�,80,0,80,新光-新竹,2024-05-06,8563
00725B,國泰投資級公司債,79,4,75,新光-新竹,2024-05-06,8563
00665L,富邦�琤肭磪囓�2,407,333,74,新光-新竹,2024-05-06,8563
2406,國碩,71,0,71,新光-新竹,2024-05-06,8563
2801,彰銀,87,16,71,新光-新竹,2024-05-06,8563
00715L,期街口布蘭特正2,75,5,70,新光-新竹,2024-05-06,8563
5516,雙喜,69,0,69,新光-新竹,2024-05-06,8563
2889,國票金,102,35,67,新光-新竹,2024-05-06,8563
00929,復華台灣科技優息,125,61,64,新光-新竹,2024-05-06,8563
9933,中鼎,64,10,54,新光-新竹,2024-05-06,8563
00930,永豐ESG低碳高息,51,0,51,新光-新竹,2024-05-06,8563
4714,永捷,52,3,49,新光-新竹,2024-05-06,8563
2449,京元電子,78,30,48,新光-新竹,2024-05-06,8563
5347,世界,50,4,46,新光-新竹,2024-05-06,8563
9945,潤泰新,132,88,44,新光-新竹,2024-05-06,8563
1718,中纖,41,0,41,新光-新竹,2024-05-06,8563
2890,永豐金,72,31,41,新光-新竹,2024-05-06,8563
2543,皇昌,59,19,40,新光-新竹,2024-05-06,8563
2501,國建,87,48,39,新光-新竹,2024-05-06,8563
00878,國泰永續高股息,203,165,38,新光-新竹,2024-05-06,8563
4909,新復興,41,5,36,新光-新竹,2024-05-06,8563
1605,華新,38,3,35,新光-新竹,2024-05-06,8563
00706L,期元大S＆P日圓正2,35,0,35,新光-新竹,2024-05-06,8563
1815,富喬,69,35,34,新光-新竹,2024-05-06,8563
3312,弘憶股,87,53,34,新光-新竹,2024-05-06,8563
00635U,期元大S＆P黃金,33,0,33,新光-新竹,2024-05-06,8563
2022,聚亨,32,0,32,新光-新竹,2024-05-06,8563
5512,力麒,44,12,32,新光-新竹,2024-05-06,8563
1608,華榮,44,14,30,新光-新竹,2024-05-06,8563
1736,喬山,34,4,30,新光-新竹,2024-05-06,8563
00764B,群益25年美債,30,1,29,新光-新竹,2024-05-06,8563
00664R,國泰臺灣加權反1,29,0,29,新光-新竹,2024-05-06,8563
8033,雷虎,27,0,27,新光-新竹,2024-05-06,8563
00857B,永豐20年美公債,26,0,26,新光-新竹,2024-05-06,8563
1714,和桐,25,0,25,新光-新竹,2024-05-06,8563
8064,東捷,32,7,25,新光-新竹,2024-05-06,8563
4533,協易機,35,11,24,新光-新竹,2024-05-06,8563
2535,達欣工,428,12,416,新光-新竹,2024-05-07,8563
00937B,群益ESG投等債20,435,28,407,新光-新竹,2024-05-07,8563
4562,穎漢,250,0,250,新光-新竹,2024-05-07,8563
9946,三發地產,207,6,201,新光-新竹,2024-05-07,8563
00688L,國泰20年美債正2,339,151,188,新光-新竹,2024-05-07,8563
3708,上緯投控,185,23,162,新光-新竹,2024-05-07,8563
00919,群益台灣精選高息,180,25,155,新光-新竹,2024-05-07,8563
00878,國泰永續高股息,202,65,137,新光-新竹,2024-05-07,8563
2486,一詮,487,355,132,新光-新竹,2024-05-07,8563
00632R,元大台灣50反1,130,0,130,新光-新竹,2024-05-07,8563
00650L,復華香港正2,128,0,128,新光-新竹,2024-05-07,8563
5386,青雲,113,1,112,新光-新竹,2024-05-07,8563
3376,新日興,112,12,100,新光-新竹,2024-05-07,8563
00940,元大台灣價值高息,174,76,98,新光-新竹,2024-05-07,8563
00929,復華台灣科技優息,125,38,87,新光-新竹,2024-05-07,8563
1314,中石化,129,46,83,新光-新竹,2024-05-07,8563
2022,聚亨,90,10,80,新光-新竹,2024-05-07,8563
00795B,中信美國公債20年,77,10,67,新光-新竹,2024-05-07,8563
6757,台灣虎航,64,0,64,新光-新竹,2024-05-07,8563
2520,冠德,187,127,60,新光-新竹,2024-05-07,8563
00891,中信關鍵半導體,62,2,60,新光-新竹,2024-05-07,8563
2887,台新金,63,3,60,新光-新竹,2024-05-07,8563
1201,味全,59,0,59,新光-新竹,2024-05-07,8563
3312,弘憶股,136,80,56,新光-新竹,2024-05-07,8563
6125,廣運,64,10,54,新光-新竹,2024-05-07,8563
1714,和桐,50,0,50,新光-新竹,2024-05-07,8563
2390,云辰,50,0,50,新光-新竹,2024-05-07,8563
2312,金寶,55,9,46,新光-新竹,2024-05-07,8563
00715L,期街口布蘭特正2,45,2,43,新光-新竹,2024-05-07,8563
2101,南港,57,14,43,新光-新竹,2024-05-07,8563
00631L,元大台灣50正2,48,6,42,新光-新竹,2024-05-07,8563
2009,第一銅,43,4,39,新光-新竹,2024-05-07,8563
8096,擎亞,307,268,39,新光-新竹,2024-05-07,8563
5522,遠雄,62,23,39,新光-新竹,2024-05-07,8563
2542,興富發,105,67,38,新光-新竹,2024-05-07,8563
00700,富邦�琤肭磪�,40,2,38,新光-新竹,2024-05-07,8563
2317,鴻海,346,309,37,新光-新竹,2024-05-07,8563
5519,隆大,54,17,37,新光-新竹,2024-05-07,8563
00857B,永豐20年美公債,40,5,35,新光-新竹,2024-05-07,8563
00720B,元大投資級公司債,52,18,34,新光-新竹,2024-05-07,8563
2867,三商壽,34,1,33,新光-新竹,2024-05-07,8563
0056,元大高股息,57,24,33,新光-新竹,2024-05-07,8563
00671R,富邦NASDAQ反1,32,0,32,新光-新竹,2024-05-07,8563
2241,艾姆勒,51,20,31,新光-新竹,2024-05-07,8563
1587,吉茂,64,34,30,新光-新竹,2024-05-07,8563
5864,致和證,50,20,30,新光-新竹,2024-05-07,8563
3379,彬台,30,0,30,新光-新竹,2024-05-07,8563
5512,力麒,34,5,29,新光-新竹,2024-05-07,8563
1905,華紙,34,7,27,新光-新竹,2024-05-07,8563
6213,聯茂,73,46,27,新光-新竹,2024-05-07,8563
00940,元大台灣價值高息,271,40,231,新光-新竹,2024-05-08,8563
2641,正德,252,95,157,新光-新竹,2024-05-08,8563
2618,長榮航,246,106,140,新光-新竹,2024-05-08,8563
00761B,國泰A級公司債,125,0,125,新光-新竹,2024-05-08,8563
00937B,群益ESG投等債20,236,117,119,新光-新竹,2024-05-08,8563
00665L,富邦�琤肭磪囓�2,123,24,99,新光-新竹,2024-05-08,8563
00632R,元大台灣50反1,94,0,94,新光-新竹,2024-05-08,8563
1616,億泰,120,29,91,新光-新竹,2024-05-08,8563
5871,中租-KY,106,15,91,新光-新竹,2024-05-08,8563
3489,森寶,88,4,84,新光-新竹,2024-05-08,8563
6274,台燿,95,11,84,新光-新竹,2024-05-08,8563
2363,矽統,180,99,81,新光-新竹,2024-05-08,8563
4968,立積,75,10,65,新光-新竹,2024-05-08,8563
1587,吉茂,160,97,63,新光-新竹,2024-05-08,8563
2324,仁寶,62,4,58,新光-新竹,2024-05-08,8563
1314,中石化,132,76,56,新光-新竹,2024-05-08,8563
2537,聯上發,60,5,55,新光-新竹,2024-05-08,8563
1714,和桐,55,0,55,新光-新竹,2024-05-08,8563
3231,緯創,105,51,54,新光-新竹,2024-05-08,8563
00795B,中信美國公債20年,49,0,49,新光-新竹,2024-05-08,8563
00930,永豐ESG低碳高息,49,0,49,新光-新竹,2024-05-08,8563
00664R,國泰臺灣加權反1,49,0,49,新光-新竹,2024-05-08,8563
00945B,凱基美國非投等債,44,0,44,新光-新竹,2024-05-08,8563
00768B,復華20年美債,41,0,41,新光-新竹,2024-05-08,8563
2613,中櫃,40,0,40,新光-新竹,2024-05-08,8563
2603,長榮,76,37,39,新光-新竹,2024-05-08,8563
8940,新天地,56,17,39,新光-新竹,2024-05-08,8563
00712,復華富時不動產,54,15,39,新光-新竹,2024-05-08,8563
00715L,期街口布蘭特正2,41,5,36,新光-新竹,2024-05-08,8563
1532,勤美,39,3,36,新光-新竹,2024-05-08,8563
6757,台灣虎航,44,8,36,新光-新竹,2024-05-08,8563
00720B,元大投資級公司債,69,33,36,新光-新竹,2024-05-08,8563
4909,新復興,44,9,35,新光-新竹,2024-05-08,8563
1609,大亞,133,98,35,新光-新竹,2024-05-08,8563
00650L,復華香港正2,32,0,32,新光-新竹,2024-05-08,8563
2317,鴻海,181,149,32,新光-新竹,2024-05-08,8563
1718,中纖,31,0,31,新光-新竹,2024-05-08,8563
1101,台泥,101,72,29,新光-新竹,2024-05-08,8563
3666,光耀,29,0,29,新光-新竹,2024-05-08,8563
3376,新日興,41,13,28,新光-新竹,2024-05-08,8563
6425,易發,30,2,28,新光-新竹,2024-05-08,8563
2520,冠德,73,45,28,新光-新竹,2024-05-08,8563
2371,大同,201,173,28,新光-新竹,2024-05-08,8563
1617,榮星,29,4,25,新光-新竹,2024-05-08,8563
3363,上詮,93,68,25,新光-新竹,2024-05-08,8563
3710,連展投控,25,0,25,新光-新竹,2024-05-08,8563
1618,合機,66,41,25,新光-新竹,2024-05-08,8563
5392,能率,27,3,24,新光-新竹,2024-05-08,8563
2022,聚亨,23,0,23,新光-新竹,2024-05-08,8563
4561,健椿,51,29,22,新光-新竹,2024-05-08,8563
00937B,群益ESG投等債20,387,4,383,新光-新竹,2024-05-09,8563
00768B,復華20年美債,344,0,344,新光-新竹,2024-05-09,8563
2883,凱基金,325,3,322,新光-新竹,2024-05-09,8563
2201,裕隆,312,9,303,新光-新竹,2024-05-09,8563
00795B,中信美國公債20年,219,9,210,新光-新竹,2024-05-09,8563
00878,國泰永續高股息,221,29,192,新光-新竹,2024-05-09,8563
6120,達運,206,17,189,新光-新竹,2024-05-09,8563
00632R,元大台灣50反1,284,120,164,新光-新竹,2024-05-09,8563
3489,森寶,148,1,147,新光-新竹,2024-05-09,8563
00929,復華台灣科技優息,217,70,147,新光-新竹,2024-05-09,8563
9946,三發地產,112,6,106,新光-新竹,2024-05-09,8563
2605,新興,127,22,105,新光-新竹,2024-05-09,8563
00946,群益科技高息成長,176,77,99,新光-新竹,2024-05-09,8563
2344,華邦電,109,11,98,新光-新竹,2024-05-09,8563
00665L,富邦�琤肭磪囓�2,160,62,98,新光-新竹,2024-05-09,8563
2851,中再保,104,13,91,新光-新竹,2024-05-09,8563
2880,華南金,129,43,86,新光-新竹,2024-05-09,8563
00891,中信關鍵半導體,90,8,82,新光-新竹,2024-05-09,8563
9945,潤泰新,93,12,81,新光-新竹,2024-05-09,8563
2892,第一金,98,18,80,新光-新竹,2024-05-09,8563
00712,復華富時不動產,70,0,70,新光-新竹,2024-05-09,8563
1314,中石化,67,2,65,新光-新竹,2024-05-09,8563
2022,聚亨,61,0,61,新光-新竹,2024-05-09,8563
00669R,國泰美國道瓊反1,60,0,60,新光-新竹,2024-05-09,8563
2101,南港,62,6,56,新光-新竹,2024-05-09,8563
00944,野村趨勢動能高息,54,0,54,新光-新竹,2024-05-09,8563
6274,台燿,66,14,52,新光-新竹,2024-05-09,8563
2612,中航,54,3,51,新光-新竹,2024-05-09,8563
2867,三商壽,60,10,50,新光-新竹,2024-05-09,8563
2617,台航,81,31,50,新光-新竹,2024-05-09,8563
3060,銘異,64,17,47,新光-新竹,2024-05-09,8563
2363,矽統,285,242,43,新光-新竹,2024-05-09,8563
5871,中租-KY,48,5,43,新光-新竹,2024-05-09,8563
2637,慧洋-KY,48,7,41,新光-新竹,2024-05-09,8563
2524,京城,48,7,41,新光-新竹,2024-05-09,8563
4722,國精化,41,0,41,新光-新竹,2024-05-09,8563
8011,台通,45,4,41,新光-新竹,2024-05-09,8563
2313,華通,51,11,40,新光-新竹,2024-05-09,8563
3052,夆典,39,0,39,新光-新竹,2024-05-09,8563
6244,茂迪,37,0,37,新光-新竹,2024-05-09,8563
6189,豐藝,39,3,36,新光-新竹,2024-05-09,8563
3033,威健,39,3,36,新光-新竹,2024-05-09,8563
3036,文曄,63,29,34,新光-新竹,2024-05-09,8563
1474,弘裕,33,0,33,新光-新竹,2024-05-09,8563
2109,華豐,45,13,32,新光-新竹,2024-05-09,8563
3376,新日興,47,16,31,新光-新竹,2024-05-09,8563
1727,中華化,44,14,30,新光-新竹,2024-05-09,8563
2607,榮運,29,0,29,新光-新竹,2024-05-09,8563
3051,力特,29,0,29,新光-新竹,2024-05-09,8563
3234,光環,28,0,28,新光-新竹,2024-05-09,8563
00929,復華台灣科技優息,342,81,261,新光-新竹,2024-05-10,8563
00937B,群益ESG投等債20,449,200,249,新光-新竹,2024-05-10,8563
00632R,元大台灣50反1,136,10,126,新光-新竹,2024-05-10,8563
3338,泰碩,123,4,119,新光-新竹,2024-05-10,8563
2317,鴻海,245,141,104,新光-新竹,2024-05-10,8563
8210,勤誠,114,15,99,新光-新竹,2024-05-10,8563
2388,威盛,163,65,98,新光-新竹,2024-05-10,8563
00946,群益科技高息成長,103,6,97,新光-新竹,2024-05-10,8563
2313,華通,118,23,95,新光-新竹,2024-05-10,8563
6274,台燿,116,24,92,新光-新竹,2024-05-10,8563
5608,四維航,121,43,78,新光-新竹,2024-05-10,8563
2731,雄獅,99,22,77,新光-新竹,2024-05-10,8563
00708L,期元大S＆P黃金正2,72,0,72,新光-新竹,2024-05-10,8563
00932,兆豐永續高息等權,60,0,60,新光-新竹,2024-05-10,8563
00751B,元大AAA至A公司債,65,5,60,新光-新竹,2024-05-10,8563
00719B,元大美債1-3,59,0,59,新光-新竹,2024-05-10,8563
2427,三商電,55,0,55,新光-新竹,2024-05-10,8563
3356,奇偶,173,118,55,新光-新竹,2024-05-10,8563
00944,野村趨勢動能高息,52,0,52,新光-新竹,2024-05-10,8563
2542,興富發,72,21,51,新光-新竹,2024-05-10,8563
00700,富邦�琤肭磪�,50,0,50,新光-新竹,2024-05-10,8563
2617,台航,53,3,50,新光-新竹,2024-05-10,8563
00633L,富邦上証正2,50,0,50,新光-新竹,2024-05-10,8563
2633,台灣高鐵,50,1,49,新光-新竹,2024-05-10,8563
1815,富喬,121,72,49,新光-新竹,2024-05-10,8563
4903,聯光通,46,0,46,新光-新竹,2024-05-10,8563
00680L,元大美債20正2,118,73,45,新光-新竹,2024-05-10,8563
6026,福邦證,61,21,40,新光-新竹,2024-05-10,8563
4722,國精化,40,0,40,新光-新竹,2024-05-10,8563
6550,北極星藥業-KY,41,1,40,新光-新竹,2024-05-10,8563
3489,森寶,39,0,39,新光-新竹,2024-05-10,8563
00795B,中信美國公債20年,42,5,37,新光-新竹,2024-05-10,8563
3376,新日興,56,20,36,新光-新竹,2024-05-10,8563
2344,華邦電,47,12,35,新光-新竹,2024-05-10,8563
8926,台汽電,42,9,33,新光-新竹,2024-05-10,8563
2611,志信,42,10,32,新光-新竹,2024-05-10,8563
2606,裕民,106,74,32,新光-新竹,2024-05-10,8563
8936,國統,63,32,31,新光-新竹,2024-05-10,8563
2201,裕隆,35,4,31,新光-新竹,2024-05-10,8563
1718,中纖,31,0,31,新光-新竹,2024-05-10,8563
6125,廣運,47,17,30,新光-新竹,2024-05-10,8563
00671R,富邦NASDAQ反1,30,0,30,新光-新竹,2024-05-10,8563
1806,冠軍,106,77,29,新光-新竹,2024-05-10,8563
2851,中再保,30,2,28,新光-新竹,2024-05-10,8563
3056,富華新,27,0,27,新光-新竹,2024-05-10,8563
00662,富邦NASDAQ,26,1,25,新光-新竹,2024-05-10,8563
6538,倉和,35,10,25,新光-新竹,2024-05-10,8563
3483,力致,31,7,24,新光-新竹,2024-05-10,8563
1709,和益,23,0,23,新光-新竹,2024-05-10,8563
5871,中租-KY,27,4,23,新光-新竹,2024-05-10,8563
00632R,元大台灣50反1,794,310,484,新光-新竹,2024-05-13,8563
00929,復華台灣科技優息,643,216,427,新光-新竹,2024-05-13,8563
00937B,群益ESG投等債20,398,145,253,新光-新竹,2024-05-13,8563
00650L,復華香港正2,213,2,211,新光-新竹,2024-05-13,8563
00878,國泰永續高股息,207,66,141,新光-新竹,2024-05-13,8563
2891,中信金,203,71,132,新光-新竹,2024-05-13,8563
2317,鴻海,240,110,130,新光-新竹,2024-05-13,8563
00679B,元大美債20年,151,22,129,新光-新竹,2024-05-13,8563
2618,長榮航,315,198,117,新光-新竹,2024-05-13,8563
2889,國票金,102,0,102,新光-新竹,2024-05-13,8563
00753L,中信中國50正2,132,36,96,新光-新竹,2024-05-13,8563
2641,正德,236,152,84,新光-新竹,2024-05-13,8563
2367,燿華,310,227,83,新光-新竹,2024-05-13,8563
2883B,凱基金乙特,70,0,70,新光-新竹,2024-05-13,8563
2348,海悅,72,8,64,新光-新竹,2024-05-13,8563
2101,南港,94,32,62,新光-新竹,2024-05-13,8563
6538,倉和,76,16,60,新光-新竹,2024-05-13,8563
5608,四維航,108,49,59,新光-新竹,2024-05-13,8563
00637L,元大滬深300正2,213,155,58,新光-新竹,2024-05-13,8563
00751B,元大AAA至A公司債,62,5,57,新光-新竹,2024-05-13,8563
2476,鉅祥,67,11,56,新光-新竹,2024-05-13,8563
6605,帝寶,56,4,52,新光-新竹,2024-05-13,8563
2606,裕民,162,111,51,新光-新竹,2024-05-13,8563
2323,中環,133,82,51,新光-新竹,2024-05-13,8563
4903,聯光通,64,15,49,新光-新竹,2024-05-13,8563
9945,潤泰新,149,102,47,新光-新竹,2024-05-13,8563
2605,新興,117,70,47,新光-新竹,2024-05-13,8563
3710,連展投控,45,0,45,新光-新竹,2024-05-13,8563
00946,群益科技高息成長,46,2,44,新光-新竹,2024-05-13,8563
2883,凱基金,202,159,43,新光-新竹,2024-05-13,8563
2537,聯上發,60,18,42,新光-新竹,2024-05-13,8563
2855,統一證,44,2,42,新光-新竹,2024-05-13,8563
2514,龍邦,41,0,41,新光-新竹,2024-05-13,8563
1806,冠軍,41,0,41,新光-新竹,2024-05-13,8563
3711,日月光投控,46,5,41,新光-新竹,2024-05-13,8563
2034,允強,39,0,39,新光-新竹,2024-05-13,8563
2316,楠梓電,36,1,35,新光-新竹,2024-05-13,8563
3338,泰碩,125,91,34,新光-新竹,2024-05-13,8563
00715L,期街口布蘭特正2,67,33,34,新光-新竹,2024-05-13,8563
2615,萬海,194,160,34,新光-新竹,2024-05-13,8563
00939,統一台灣高息動能,85,52,33,新光-新竹,2024-05-13,8563
2022,聚亨,31,0,31,新光-新竹,2024-05-13,8563
2607,榮運,83,52,31,新光-新竹,2024-05-13,8563
1440,南紡,30,0,30,新光-新竹,2024-05-13,8563
6128,上福,30,0,30,新光-新竹,2024-05-13,8563
2745,五福,38,8,30,新光-新竹,2024-05-13,8563
1563,巧新,33,4,29,新光-新竹,2024-05-13,8563
2524,京城,31,3,28,新光-新竹,2024-05-13,8563
5392,能率,37,10,27,新光-新竹,2024-05-13,8563
7402,邑錡,47,21,26,新光-新竹,2024-05-13,8563
00937B,群益ESG投等債20,325,21,304,新光-新竹,2024-05-14,8563
2743,山富,314,85,229,新光-新竹,2024-05-14,8563
00929,復華台灣科技優息,274,50,224,新光-新竹,2024-05-14,8563
00679B,元大美債20年,225,49,176,新光-新竹,2024-05-14,8563
00720B,元大投資級公司債,155,2,153,新光-新竹,2024-05-14,8563
00637L,元大滬深300正2,218,100,118,新光-新竹,2024-05-14,8563
1444,力麗,100,0,100,新光-新竹,2024-05-14,8563
2897,王道銀行,69,0,69,新光-新竹,2024-05-14,8563
1802,台玻,68,0,68,新光-新竹,2024-05-14,8563
4716,大立,87,20,67,新光-新竹,2024-05-14,8563
6177,達麗,73,9,64,新光-新竹,2024-05-14,8563
2317,鴻海,269,205,64,新光-新竹,2024-05-14,8563
2367,燿華,276,217,59,新光-新竹,2024-05-14,8563
00751B,元大AAA至A公司債,58,0,58,新光-新竹,2024-05-14,8563
2867,三商壽,103,50,53,新光-新竹,2024-05-14,8563
00795B,中信美國公債20年,55,4,51,新光-新竹,2024-05-14,8563
2547,日勝生,54,4,50,新光-新竹,2024-05-14,8563
1442,名軒,61,12,49,新光-新竹,2024-05-14,8563
00878,國泰永續高股息,98,52,46,新光-新竹,2024-05-14,8563
00650L,復華香港正2,45,0,45,新光-新竹,2024-05-14,8563
3481,群創,64,20,44,新光-新竹,2024-05-14,8563
1736,喬山,70,27,43,新光-新竹,2024-05-14,8563
1201,味全,42,0,42,新光-新竹,2024-05-14,8563
00712,復華富時不動產,46,5,41,新光-新竹,2024-05-14,8563
2615,萬海,1103,1063,40,新光-新竹,2024-05-14,8563
00753L,中信中國50正2,66,27,39,新光-新竹,2024-05-14,8563
2913,農林,39,0,39,新光-新竹,2024-05-14,8563
2355,敬鵬,40,1,39,新光-新竹,2024-05-14,8563
2882,國泰金,45,7,38,新光-新竹,2024-05-14,8563
2363,矽統,170,133,37,新光-新竹,2024-05-14,8563
8299,群聯,67,31,36,新光-新竹,2024-05-14,8563
00857B,永豐20年美公債,38,2,36,新光-新竹,2024-05-14,8563
9945,潤泰新,150,114,36,新光-新竹,2024-05-14,8563
2348,海悅,47,14,33,新光-新竹,2024-05-14,8563
00688L,國泰20年美債正2,32,0,32,新光-新竹,2024-05-14,8563
5880,合庫金,34,3,31,新光-新竹,2024-05-14,8563
2481,強茂,30,0,30,新光-新竹,2024-05-14,8563
3231,緯創,57,27,30,新光-新竹,2024-05-14,8563
4167,松瑞藥,36,7,29,新光-新竹,2024-05-14,8563
00662,富邦NASDAQ,29,0,29,新光-新竹,2024-05-14,8563
2915,潤泰全,86,57,29,新光-新竹,2024-05-14,8563
2353,宏��,185,158,27,新光-新竹,2024-05-14,8563
5371,中光電,110,84,26,新光-新竹,2024-05-14,8563
00918,大華優利高填息30,54,29,25,新光-新竹,2024-05-14,8563
5871,中租-KY,30,5,25,新光-新竹,2024-05-14,8563
5392,能率,90,67,23,新光-新竹,2024-05-14,8563
3047,訊舟,33,10,23,新光-新竹,2024-05-14,8563
2331,精英,52,29,23,新光-新竹,2024-05-14,8563
1440,南紡,23,0,23,新光-新竹,2024-05-14,8563
6186,新潤,74,52,22,新光-新竹,2024-05-14,8563
00688L,國泰20年美債正2,1497,97,1400,新光-新竹,2024-05-15,8563
00937B,群益ESG投等債20,436,36,400,新光-新竹,2024-05-15,8563
00632R,元大台灣50反1,398,52,346,新光-新竹,2024-05-15,8563
8064,東捷,244,3,241,新光-新竹,2024-05-15,8563
00919,群益台灣精選高息,248,22,226,新光-新竹,2024-05-15,8563
2323,中環,211,10,201,新光-新竹,2024-05-15,8563
2890,永豐金,201,6,195,新光-新竹,2024-05-15,8563
2312,金寶,243,50,193,新光-新竹,2024-05-15,8563
00929,復華台灣科技優息,339,159,180,新光-新竹,2024-05-15,8563
00878,國泰永續高股息,230,64,166,新光-新竹,2024-05-15,8563
2356,英業達,164,22,142,新光-新竹,2024-05-15,8563
2313,華通,134,6,128,新光-新竹,2024-05-15,8563
00940,元大台灣價值高息,155,53,102,新光-新竹,2024-05-15,8563
1447,力鵬,120,20,100,新光-新竹,2024-05-15,8563
3338,泰碩,162,67,95,新光-新竹,2024-05-15,8563
00712,復華富時不動產,338,246,92,新光-新竹,2024-05-15,8563
2367,燿華,336,247,89,新光-新竹,2024-05-15,8563
0056,元大高股息,124,43,81,新光-新竹,2024-05-15,8563
2618,長榮航,211,131,80,新光-新竹,2024-05-15,8563
2359,所羅門,132,59,73,新光-新竹,2024-05-15,8563
2645,長榮航太,72,0,72,新光-新竹,2024-05-15,8563
2641,正德,100,34,66,新光-新竹,2024-05-15,8563
2547,日勝生,65,0,65,新光-新竹,2024-05-15,8563
5608,四維航,67,5,62,新光-新竹,2024-05-15,8563
00671R,富邦NASDAQ反1,60,0,60,新光-新竹,2024-05-15,8563
00933B,國泰10Y+金融債,62,2,60,新光-新竹,2024-05-15,8563
1802,台玻,60,1,59,新光-新竹,2024-05-15,8563
00891,中信關鍵半導體,64,5,59,新光-新竹,2024-05-15,8563
00664R,國泰臺灣加權反1,73,20,53,新光-新竹,2024-05-15,8563
4909,新復興,64,12,52,新光-新竹,2024-05-15,8563
00650L,復華香港正2,52,0,52,新光-新竹,2024-05-15,8563
00637L,元大滬深300正2,81,31,50,新光-新竹,2024-05-15,8563
2603,長榮,264,217,47,新光-新竹,2024-05-15,8563
2605,新興,71,25,46,新光-新竹,2024-05-15,8563
8404,百和興業-KY,42,0,42,新光-新竹,2024-05-15,8563
2887,台新金,49,7,42,新光-新竹,2024-05-15,8563
00751B,元大AAA至A公司債,51,10,41,新光-新竹,2024-05-15,8563
9934,成霖,40,0,40,新光-新竹,2024-05-15,8563
00720B,元大投資級公司債,39,0,39,新光-新竹,2024-05-15,8563
00944,野村趨勢動能高息,43,5,38,新光-新竹,2024-05-15,8563
5521,工信,39,1,38,新光-新竹,2024-05-15,8563
2903,遠百,65,28,37,新光-新竹,2024-05-15,8563
2615,萬海,236,200,36,新光-新竹,2024-05-15,8563
2634,漢翔,40,6,34,新光-新竹,2024-05-15,8563
0050,元大台灣50,75,42,33,新光-新竹,2024-05-15,8563
2201,裕隆,72,41,31,新光-新竹,2024-05-15,8563
00764B,群益25年美債,41,10,31,新光-新竹,2024-05-15,8563
00885,富邦越南,40,10,30,新光-新竹,2024-05-15,8563
8150,南茂,32,2,30,新光-新竹,2024-05-15,8563
6125,廣運,56,27,29,新光-新竹,2024-05-15,8563
00688L,國泰20年美債正2,1204,353,851,新光-新竹,2024-05-16,8563
00937B,群益ESG投等債20,593,380,213,新光-新竹,2024-05-16,8563
00768B,復華20年美債,166,3,163,新光-新竹,2024-05-16,8563
00891,中信關鍵半導體,185,70,115,新光-新竹,2024-05-16,8563
1815,富喬,111,5,106,新光-新竹,2024-05-16,8563
5392,能率,121,21,100,新光-新竹,2024-05-16,8563
2882,國泰金,92,10,82,新光-新竹,2024-05-16,8563
4306,炎洲,79,1,78,新光-新竹,2024-05-16,8563
0050,元大台灣50,106,29,77,新光-新竹,2024-05-16,8563
2609,陽明,820,745,75,新光-新竹,2024-05-16,8563
00690,兆豐藍籌30,70,1,69,新光-新竹,2024-05-16,8563
2897,王道銀行,60,0,60,新光-新竹,2024-05-16,8563
2356,英業達,74,15,59,新光-新竹,2024-05-16,8563
2382,廣達,311,253,58,新光-新竹,2024-05-16,8563
1785,光洋科,61,5,56,新光-新竹,2024-05-16,8563
6538,倉和,64,12,52,新光-新竹,2024-05-16,8563
1608,華榮,108,56,52,新光-新竹,2024-05-16,8563
00671R,富邦NASDAQ反1,50,0,50,新光-新竹,2024-05-16,8563
00930,永豐ESG低碳高息,49,1,48,新光-新竹,2024-05-16,8563
3005,神基,54,7,47,新光-新竹,2024-05-16,8563
3231,緯創,99,54,45,新光-新竹,2024-05-16,8563
2365,昆盈,108,64,44,新光-新竹,2024-05-16,8563
3017,奇鋐,82,38,44,新光-新竹,2024-05-16,8563
2449,京元電子,59,16,43,新光-新竹,2024-05-16,8563
8033,雷虎,50,8,42,新光-新竹,2024-05-16,8563
2520,冠德,62,21,41,新光-新竹,2024-05-16,8563
6616,特昇-KY,41,0,41,新光-新竹,2024-05-16,8563
9105,泰金寶-DR,40,0,40,新光-新竹,2024-05-16,8563
2527,宏璟,48,8,40,新光-新竹,2024-05-16,8563
5347,世界,42,7,35,新光-新竹,2024-05-16,8563
6770,力積電,116,82,34,新光-新竹,2024-05-16,8563
3711,日月光投控,34,1,33,新光-新竹,2024-05-16,8563
1718,中纖,38,5,33,新光-新竹,2024-05-16,8563
3481,群創,36,4,32,新光-新竹,2024-05-16,8563
2241,艾姆勒,72,40,32,新光-新竹,2024-05-16,8563
3615,安可,33,2,31,新光-新竹,2024-05-16,8563
00944,野村趨勢動能高息,37,7,30,新光-新竹,2024-05-16,8563
6446,藥華藥,41,11,30,新光-新竹,2024-05-16,8563
8096,擎亞,114,85,29,新光-新竹,2024-05-16,8563
2888,新光金,41,12,29,新光-新竹,2024-05-16,8563
00923,群益台ESG低碳50,40,11,29,新光-新竹,2024-05-16,8563
00929,復華台灣科技優息,181,155,26,新光-新竹,2024-05-16,8563
5519,隆大,59,33,26,新光-新竹,2024-05-16,8563
2348,海悅,34,8,26,新光-新竹,2024-05-16,8563
9944,新麗,25,0,25,新光-新竹,2024-05-16,8563
2547,日勝生,25,0,25,新光-新竹,2024-05-16,8563
00885,富邦越南,27,2,25,新光-新竹,2024-05-16,8563
2353,宏��,57,33,24,新光-新竹,2024-05-16,8563
2201,裕隆,24,0,24,新光-新竹,2024-05-16,8563
00674R,期元大S＆P黃金反1,24,0,24,新光-新竹,2024-05-16,8563
00929,復華台灣科技優息,751,45,706,新光-新竹,2024-05-17,8563
00878,國泰永續高股息,449,97,352,新光-新竹,2024-05-17,8563
00937B,群益ESG投等債20,284,21,263,新光-新竹,2024-05-17,8563
00688L,國泰20年美債正2,162,0,162,新光-新竹,2024-05-17,8563
00680L,元大美債20正2,165,28,137,新光-新竹,2024-05-17,8563
00665L,富邦�琤肭磪囓�2,131,8,123,新光-新竹,2024-05-17,8563
00882,中信中國高股息,173,53,120,新光-新竹,2024-05-17,8563
2367,燿華,658,538,120,新光-新竹,2024-05-17,8563
2867,三商壽,254,158,96,新光-新竹,2024-05-17,8563
00919,群益台灣精選高息,153,60,93,新光-新竹,2024-05-17,8563
2317,鴻海,166,75,91,新光-新竹,2024-05-17,8563
2392,正崴,85,2,83,新光-新竹,2024-05-17,8563
1447,力鵬,79,2,77,新光-新竹,2024-05-17,8563
00632R,元大台灣50反1,321,245,76,新光-新竹,2024-05-17,8563
3481,群創,84,11,73,新光-新竹,2024-05-17,8563
1314,中石化,88,17,71,新光-新竹,2024-05-17,8563
9945,潤泰新,306,250,56,新光-新竹,2024-05-17,8563
6770,力積電,253,198,55,新光-新竹,2024-05-17,8563
2880,華南金,68,14,54,新光-新竹,2024-05-17,8563
3231,緯創,75,21,54,新光-新竹,2024-05-17,8563
2374,佳能,210,157,53,新光-新竹,2024-05-17,8563
9105,泰金寶-DR,50,1,49,新光-新竹,2024-05-17,8563
00650L,復華香港正2,53,5,48,新光-新竹,2024-05-17,8563
2442,新美齊,62,16,46,新光-新竹,2024-05-17,8563
00930,永豐ESG低碳高息,45,0,45,新光-新竹,2024-05-17,8563
3047,訊舟,75,30,45,新光-新竹,2024-05-17,8563
4952,凌通,85,41,44,新光-新竹,2024-05-17,8563
2597,潤弘,47,6,41,新光-新竹,2024-05-17,8563
2417,圓剛,59,18,41,新光-新竹,2024-05-17,8563
2376,技嘉,65,24,41,新光-新竹,2024-05-17,8563
00915,凱基優選高股息30,39,1,38,新光-新竹,2024-05-17,8563
6257,矽格,59,21,38,新光-新竹,2024-05-17,8563
2353,宏��,61,28,33,新光-新竹,2024-05-17,8563
2547,日勝生,53,20,33,新光-新竹,2024-05-17,8563
6446,藥華藥,65,32,33,新光-新竹,2024-05-17,8563
2324,仁寶,44,12,32,新光-新竹,2024-05-17,8563
00795B,中信美國公債20年,31,1,30,新光-新竹,2024-05-17,8563
6152,百一,41,11,30,新光-新竹,2024-05-17,8563
1609,大亞,76,47,29,新光-新竹,2024-05-17,8563
00752,中信中國50,31,2,29,新光-新竹,2024-05-17,8563
8046,南電,31,2,29,新光-新竹,2024-05-17,8563
3264,欣銓,31,3,28,新光-新竹,2024-05-17,8563
4542,科嶠,29,1,28,新光-新竹,2024-05-17,8563
4960,誠美材,34,7,27,新光-新竹,2024-05-17,8563
8033,雷虎,29,3,26,新光-新竹,2024-05-17,8563
9904,寶成,30,4,26,新光-新竹,2024-05-17,8563
2313,華通,130,104,26,新光-新竹,2024-05-17,8563
2486,一詮,97,73,24,新光-新竹,2024-05-17,8563
3706,神達,35,11,24,新光-新竹,2024-05-17,8563
2344,華邦電,23,0,23,新光-新竹,2024-05-17,8563
9105,泰金寶-DR,429,22,407,新光-新竹,2024-05-20,8563
00929,復華台灣科技優息,658,302,356,新光-新竹,2024-05-20,8563
00632R,元大台灣50反1,406,174,232,新光-新竹,2024-05-20,8563
2359,所羅門,658,434,224,新光-新竹,2024-05-20,8563
2880,華南金,292,110,182,新光-新竹,2024-05-20,8563
00882,中信中國高股息,157,38,119,新光-新竹,2024-05-20,8563
9945,潤泰新,190,73,117,新光-新竹,2024-05-20,8563
00679B,元大美債20年,132,20,112,新光-新竹,2024-05-20,8563
00687B,國泰20年美債,111,9,102,新光-新竹,2024-05-20,8563
0056,元大高股息,175,74,101,新光-新竹,2024-05-20,8563
2317,鴻海,175,74,101,新光-新竹,2024-05-20,8563
2745,五福,100,9,91,新光-新竹,2024-05-20,8563
00878,國泰永續高股息,138,53,85,新光-新竹,2024-05-20,8563
9904,寶成,103,25,78,新光-新竹,2024-05-20,8563
00674R,期元大S＆P黃金反1,75,0,75,新光-新竹,2024-05-20,8563
4743,合一,80,6,74,新光-新竹,2024-05-20,8563
2467,志聖,96,28,68,新光-新竹,2024-05-20,8563
00933B,國泰10Y+金融債,72,6,66,新光-新竹,2024-05-20,8563
00753L,中信中國50正2,72,7,65,新光-新竹,2024-05-20,8563
00944,野村趨勢動能高息,61,0,61,新光-新竹,2024-05-20,8563
00680L,元大美債20正2,64,3,61,新光-新竹,2024-05-20,8563
00795B,中信美國公債20年,57,2,55,新光-新竹,2024-05-20,8563
2034,允強,59,5,54,新光-新竹,2024-05-20,8563
00738U,期元大道瓊白銀,52,0,52,新光-新竹,2024-05-20,8563
2637,慧洋-KY,49,3,46,新光-新竹,2024-05-20,8563
6257,矽格,68,22,46,新光-新竹,2024-05-20,8563
2855,統一證,45,0,45,新光-新竹,2024-05-20,8563
3689,湧德,43,1,42,新光-新竹,2024-05-20,8563
00768B,復華20年美債,42,0,42,新光-新竹,2024-05-20,8563
00665L,富邦�琤肭磪囓�2,39,1,38,新光-新竹,2024-05-20,8563
00720B,元大投資級公司債,36,1,35,新光-新竹,2024-05-20,8563
2363,矽統,263,228,35,新光-新竹,2024-05-20,8563
00937B,群益ESG投等債20,217,183,34,新光-新竹,2024-05-20,8563
00946,群益科技高息成長,48,14,34,新光-新竹,2024-05-20,8563
2025,千興,34,0,34,新光-新竹,2024-05-20,8563
5371,中光電,101,68,33,新光-新竹,2024-05-20,8563
8110,華東,32,0,32,新光-新竹,2024-05-20,8563
00650L,復華香港正2,90,58,32,新光-新竹,2024-05-20,8563
2329,華泰,38,6,32,新光-新竹,2024-05-20,8563
2449,京元電子,52,21,31,新光-新竹,2024-05-20,8563
01010T,京城樂富R1,30,0,30,新光-新竹,2024-05-20,8563
00655L,國泰中國A50正2,34,4,30,新光-新竹,2024-05-20,8563
5905,南仁湖,30,0,30,新光-新竹,2024-05-20,8563
2515,中工,34,5,29,新光-新竹,2024-05-20,8563
2897,王道銀行,40,12,28,新光-新竹,2024-05-20,8563
00631L,元大台灣50正2,66,39,27,新光-新竹,2024-05-20,8563
6294,智基,27,0,27,新光-新竹,2024-05-20,8563
00688L,國泰20年美債正2,42,15,27,新光-新竹,2024-05-20,8563
1522,堤維西,31,4,27,新光-新竹,2024-05-20,8563
2109,華豐,38,11,27,新光-新竹,2024-05-20,8563
00929,復華台灣科技優息,725,55,670,新光-新竹,2024-05-21,8563
3481,群創,633,14,619,新光-新竹,2024-05-21,8563
9105,泰金寶-DR,504,0,504,新光-新竹,2024-05-21,8563
00878,國泰永續高股息,310,111,199,新光-新竹,2024-05-21,8563
2442,新美齊,167,26,141,新光-新竹,2024-05-21,8563
2323,中環,134,0,134,新光-新竹,2024-05-21,8563
00882,中信中國高股息,145,27,118,新光-新竹,2024-05-21,8563
00919,群益台灣精選高息,221,110,111,新光-新竹,2024-05-21,8563
00632R,元大台灣50反1,410,300,110,新光-新竹,2024-05-21,8563
2891,中信金,122,16,106,新光-新竹,2024-05-21,8563
8096,擎亞,207,104,103,新光-新竹,2024-05-21,8563
2867,三商壽,410,307,103,新光-新竹,2024-05-21,8563
00688L,國泰20年美債正2,107,4,103,新光-新竹,2024-05-21,8563
4967,十銓,135,33,102,新光-新竹,2024-05-21,8563
9946,三發地產,99,0,99,新光-新竹,2024-05-21,8563
1314,中石化,110,16,94,新光-新竹,2024-05-21,8563
2367,燿華,750,665,85,新光-新竹,2024-05-21,8563
2349,錸德,86,7,79,新光-新竹,2024-05-21,8563
00751B,元大AAA至A公司債,73,1,72,新光-新竹,2024-05-21,8563
00939,統一台灣高息動能,74,1,73,新光-新竹,2024-05-21,8563
2618,長榮航,197,129,68,新光-新竹,2024-05-21,8563
2486,一詮,134,66,68,新光-新竹,2024-05-21,8563
2851,中再保,69,3,66,新光-新竹,2024-05-21,8563
1789,神隆,68,3,65,新光-新竹,2024-05-21,8563
00687B,國泰20年美債,95,40,55,新光-新竹,2024-05-21,8563
00937B,群益ESG投等債20,263,209,54,新光-新竹,2024-05-21,8563
00918,大華優利高填息30,53,1,52,新光-新竹,2024-05-21,8563
2363,矽統,113,62,51,新光-新竹,2024-05-21,8563
2633,台灣高鐵,50,0,50,新光-新竹,2024-05-21,8563
00650L,復華香港正2,118,73,45,新光-新竹,2024-05-21,8563
4533,協易機,162,120,42,新光-新竹,2024-05-21,8563
2017,官田鋼,41,0,41,新光-新竹,2024-05-21,8563
5864,致和證,40,0,40,新光-新竹,2024-05-21,8563
00693U,期街口S＆P黃豆,40,0,40,新光-新竹,2024-05-21,8563
2002,中鋼,51,12,39,新光-新竹,2024-05-21,8563
00915,凱基優選高股息30,37,1,36,新光-新竹,2024-05-21,8563
2374,佳能,130,95,35,新光-新竹,2024-05-21,8563
4543,萬在,78,43,35,新光-新竹,2024-05-21,8563
4564,元翎,35,2,33,新光-新竹,2024-05-21,8563
3702,大聯大,51,19,32,新光-新竹,2024-05-21,8563
4306,炎洲,32,0,32,新光-新竹,2024-05-21,8563
8028,昇陽半導體,185,153,32,新光-新竹,2024-05-21,8563
2882,國泰金,42,10,32,新光-新竹,2024-05-21,8563
5347,世界,35,4,31,新光-新竹,2024-05-21,8563
2542,興富發,32,1,31,新光-新竹,2024-05-21,8563
2880,華南金,40,10,30,新光-新竹,2024-05-21,8563
4903,聯光通,33,3,30,新光-新竹,2024-05-21,8563
3189,景碩,29,0,29,新光-新竹,2024-05-21,8563
3033,威健,72,43,29,新光-新竹,2024-05-21,8563
2317,鴻海,130,101,29,新光-新竹,2024-05-21,8563
1809,中釉,458,32,426,新光-新竹,2024-05-22,8563
00679B,元大美債20年,197,15,182,新光-新竹,2024-05-22,8563
2442,新美齊,188,11,177,新光-新竹,2024-05-22,8563
00937B,群益ESG投等債20,231,90,141,新光-新竹,2024-05-22,8563
00664R,國泰臺灣加權反1,189,60,129,新光-新竹,2024-05-22,8563
2367,燿華,230,112,118,新光-新竹,2024-05-22,8563
2515,中工,110,1,109,新光-新竹,2024-05-22,8563
2884,玉山金,111,11,100,新光-新竹,2024-05-22,8563
9105,泰金寶-DR,500,400,100,新光-新竹,2024-05-22,8563
3338,泰碩,201,114,87,新光-新竹,2024-05-22,8563
2610,華航,94,12,82,新光-新竹,2024-05-22,8563
2883,凱基金,81,7,74,新光-新竹,2024-05-22,8563
6609,瀧澤科,73,0,73,新光-新竹,2024-05-22,8563
2890,永豐金,104,33,71,新光-新竹,2024-05-22,8563
2331,精英,84,14,70,新光-新竹,2024-05-22,8563
2312,金寶,66,1,65,新光-新竹,2024-05-22,8563
3535,晶彩科,78,18,60,新光-新竹,2024-05-22,8563
2369,菱生,58,1,57,新光-新竹,2024-05-22,8563
2618,長榮航,276,220,56,新光-新竹,2024-05-22,8563
2597,潤弘,88,33,55,新光-新竹,2024-05-22,8563
6188,廣明,224,174,50,新光-新竹,2024-05-22,8563
5608,四維航,50,0,50,新光-新竹,2024-05-22,8563
2637,慧洋-KY,61,12,49,新光-新竹,2024-05-22,8563
2206,三陽工業,135,87,48,新光-新竹,2024-05-22,8563
912000,晨訊科-DR,50,3,47,新光-新竹,2024-05-22,8563
2009,第一銅,413,366,47,新光-新竹,2024-05-22,8563
1474,弘裕,46,0,46,新光-新竹,2024-05-22,8563
6538,倉和,48,3,45,新光-新竹,2024-05-22,8563
2453,凌群,51,7,44,新光-新竹,2024-05-22,8563
3060,銘異,90,46,44,新光-新竹,2024-05-22,8563
2867,三商壽,251,207,44,新光-新竹,2024-05-22,8563
3013,晟銘電,375,334,41,新光-新竹,2024-05-22,8563
6116,彩晶,59,18,41,新光-新竹,2024-05-22,8563
1522,堤維西,60,19,41,新光-新竹,2024-05-22,8563
8096,擎亞,140,99,41,新光-新竹,2024-05-22,8563
00632R,元大台灣50反1,512,471,41,新光-新竹,2024-05-22,8563
1806,冠軍,70,30,40,新光-新竹,2024-05-22,8563
2641,正德,55,15,40,新光-新竹,2024-05-22,8563
00753L,中信中國50正2,39,0,39,新光-新竹,2024-05-22,8563
6153,嘉聯益,35,1,34,新光-新竹,2024-05-22,8563
2489,瑞軒,53,19,34,新光-新竹,2024-05-22,8563
2022,聚亨,35,2,33,新光-新竹,2024-05-22,8563
4561,健椿,32,0,32,新光-新竹,2024-05-22,8563
00757,統一FANG+,33,2,31,新光-新竹,2024-05-22,8563
00715L,期街口布蘭特正2,41,10,31,新光-新竹,2024-05-22,8563
3605,宏致,31,0,31,新光-新竹,2024-05-22,8563
00650L,復華香港正2,30,0,30,新光-新竹,2024-05-22,8563
5905,南仁湖,30,0,30,新光-新竹,2024-05-22,8563
1616,億泰,35,7,28,新光-新竹,2024-05-22,8563
2002,中鋼,113,86,27,新光-新竹,2024-05-22,8563
1815,富喬,1421,1064,357,新光-新竹,2024-05-23,8563
00937B,群益ESG投等債20,377,57,320,新光-新竹,2024-05-23,8563
00632R,元大台灣50反1,443,133,310,新光-新竹,2024-05-23,8563
2353,宏��,757,506,251,新光-新竹,2024-05-23,8563
00882,中信中國高股息,283,84,199,新光-新竹,2024-05-23,8563
00679B,元大美債20年,193,20,173,新光-新竹,2024-05-23,8563
00712,復華富時不動產,656,502,154,新光-新竹,2024-05-23,8563
2324,仁寶,208,58,150,新光-新竹,2024-05-23,8563
2547,日勝生,166,18,148,新光-新竹,2024-05-23,8563
2442,新美齊,140,6,134,新光-新竹,2024-05-23,8563
3363,上詮,434,304,130,新光-新竹,2024-05-23,8563
2313,華通,143,29,114,新光-新竹,2024-05-23,8563
00637L,元大滬深300正2,176,73,103,新光-新竹,2024-05-23,8563
00942B,台新美A公司債20+,102,0,102,新光-新竹,2024-05-23,8563
5531,鄉林,110,10,100,新光-新竹,2024-05-23,8563
2618,長榮航,237,139,98,新光-新竹,2024-05-23,8563
2359,所羅門,423,330,93,新光-新竹,2024-05-23,8563
4909,新復興,95,3,92,新光-新竹,2024-05-23,8563
2323,中環,131,40,91,新光-新竹,2024-05-23,8563
00650L,復華香港正2,361,271,90,新光-新竹,2024-05-23,8563
3537,堡達,95,9,86,新光-新竹,2024-05-23,8563
4127,天良,92,7,85,新光-新竹,2024-05-23,8563
00946,群益科技高息成長,83,1,82,新光-新竹,2024-05-23,8563
2022,聚亨,82,2,80,新光-新竹,2024-05-23,8563
3481,群創,107,33,74,新光-新竹,2024-05-23,8563
1806,冠軍,69,0,69,新光-新竹,2024-05-23,8563
2363,矽統,142,75,67,新光-新竹,2024-05-23,8563
2002,中鋼,73,5,68,新光-新竹,2024-05-23,8563
2610,華航,118,51,67,新光-新竹,2024-05-23,8563
3052,夆典,62,0,62,新光-新竹,2024-05-23,8563
00715L,期街口布蘭特正2,60,0,60,新光-新竹,2024-05-23,8563
3483,力致,96,38,58,新光-新竹,2024-05-23,8563
6147,頎邦,57,0,57,新光-新竹,2024-05-23,8563
8071,能率網通,161,105,56,新光-新竹,2024-05-23,8563
1605,華新,71,21,50,新光-新竹,2024-05-23,8563
2641,正德,52,2,50,新光-新竹,2024-05-23,8563
00680L,元大美債20正2,135,85,50,新光-新竹,2024-05-23,8563
2377,微星,82,32,50,新光-新竹,2024-05-23,8563
5371,中光電,150,101,49,新光-新竹,2024-05-23,8563
5515,建國,48,1,47,新光-新竹,2024-05-23,8563
1905,華紙,52,7,45,新光-新竹,2024-05-23,8563
2889,國票金,50,6,44,新光-新竹,2024-05-23,8563
2009,第一銅,150,106,44,新光-新竹,2024-05-23,8563
2597,潤弘,54,11,43,新光-新竹,2024-05-23,8563
5426,振發,86,44,42,新光-新竹,2024-05-23,8563
1316,上曜,49,7,42,新光-新竹,2024-05-23,8563
2453,凌群,78,36,42,新光-新竹,2024-05-23,8563
2405,輔信,43,2,41,新光-新竹,2024-05-23,8563
4155,訊映,40,0,40,新光-新竹,2024-05-23,8563
6538,倉和,40,0,40,新光-新竹,2024-05-23,8563
00632R,元大台灣50反1,466,125,341,新光-新竹,2024-05-24,8563
6190,萬泰科,429,98,331,新光-新竹,2024-05-24,8563
00712,復華富時不動產,1207,918,289,新光-新竹,2024-05-24,8563
2371,大同,385,97,288,新光-新竹,2024-05-24,8563
00679B,元大美債20年,214,0,214,新光-新竹,2024-05-24,8563
00688L,國泰20年美債正2,196,0,196,新光-新竹,2024-05-24,8563
2442,新美齊,167,0,167,新光-新竹,2024-05-24,8563
2618,長榮航,176,58,118,新光-新竹,2024-05-24,8563
2609,陽明,119,22,97,新光-新竹,2024-05-24,8563
00637L,元大滬深300正2,129,33,96,新光-新竹,2024-05-24,8563
2301,光寶科,136,44,92,新光-新竹,2024-05-24,8563
00940,元大台灣價值高息,150,65,85,新光-新竹,2024-05-24,8563
1516,川飛,78,10,68,新光-新竹,2024-05-24,8563
2324,仁寶,137,73,64,新光-新竹,2024-05-24,8563
6770,力積電,65,3,62,新光-新竹,2024-05-24,8563
2392,正崴,108,47,61,新光-新竹,2024-05-24,8563
6165,浪凡,108,54,54,新光-新竹,2024-05-24,8563
00665L,富邦�琤肭磪囓�2,67,14,53,新光-新竹,2024-05-24,8563
00687B,國泰20年美債,63,11,52,新光-新竹,2024-05-24,8563
2890,永豐金,63,11,52,新光-新竹,2024-05-24,8563
2888,新光金,52,0,52,新光-新竹,2024-05-24,8563
00942B,台新美A公司債20+,51,0,51,新光-新竹,2024-05-24,8563
5905,南仁湖,50,0,50,新光-新竹,2024-05-24,8563
1569,濱川,50,0,50,新光-新竹,2024-05-24,8563
00680L,元大美債20正2,57,7,50,新光-新竹,2024-05-24,8563
9945,潤泰新,71,21,50,新光-新竹,2024-05-24,8563
2337,旺宏,49,1,48,新光-新竹,2024-05-24,8563
00631L,元大台灣50正2,62,14,48,新光-新竹,2024-05-24,8563
2486,一詮,376,330,46,新光-新竹,2024-05-24,8563
2889,國票金,51,6,45,新光-新竹,2024-05-24,8563
3537,堡達,47,3,44,新光-新竹,2024-05-24,8563
4533,協易機,56,12,44,新光-新竹,2024-05-24,8563
00878,國泰永續高股息,88,46,42,新光-新竹,2024-05-24,8563
00915,凱基優選高股息30,40,1,39,新光-新竹,2024-05-24,8563
2891,中信金,50,12,38,新光-新竹,2024-05-24,8563
00715L,期街口布蘭特正2,36,0,36,新光-新竹,2024-05-24,8563
3706,神達,58,23,35,新光-新竹,2024-05-24,8563
00650L,復華香港正2,211,178,33,新光-新竹,2024-05-24,8563
2885,元大金,33,1,32,新光-新竹,2024-05-24,8563
00772B,中信高評級公司債,35,3,32,新光-新竹,2024-05-24,8563
8996,高力,44,13,31,新光-新竹,2024-05-24,8563
8096,擎亞,37,6,31,新光-新竹,2024-05-24,8563
2367,燿華,128,98,30,新光-新竹,2024-05-24,8563
1810,和成,52,22,30,新光-新竹,2024-05-24,8563
3605,宏致,50,21,29,新光-新竹,2024-05-24,8563
6177,達麗,39,10,29,新光-新竹,2024-05-24,8563
00753L,中信中國50正2,41,13,28,新光-新竹,2024-05-24,8563
4532,瑞智,42,14,28,新光-新竹,2024-05-24,8563
4979,華星光,120,92,28,新光-新竹,2024-05-24,8563
00923,群益台ESG低碳50,27,0,27,新光-新竹,2024-05-24,8563
00937B,群益ESG投等債20,910,109,801,新光-新竹,2024-05-27,8563
00946,群益科技高息成長,288,9,279,新光-新竹,2024-05-27,8563
00679B,元大美債20年,230,25,205,新光-新竹,2024-05-27,8563
1815,富喬,342,138,204,新光-新竹,2024-05-27,8563
00665L,富邦�琤肭磪囓�2,247,70,177,新光-新竹,2024-05-27,8563
3047,訊舟,203,52,151,新光-新竹,2024-05-27,8563
1314,中石化,116,4,112,新光-新竹,2024-05-27,8563
3481,群創,185,79,106,新光-新竹,2024-05-27,8563
2363,矽統,624,528,96,新光-新竹,2024-05-27,8563
00687B,國泰20年美債,148,58,90,新光-新竹,2024-05-27,8563
4564,元翎,85,1,84,新光-新竹,2024-05-27,8563
2464,盟立,201,119,82,新光-新竹,2024-05-27,8563
2317,鴻海,383,308,75,新光-新竹,2024-05-27,8563
2353,宏��,498,426,72,新光-新竹,2024-05-27,8563
2618,長榮航,97,26,71,新光-新竹,2024-05-27,8563
00933B,國泰10Y+金融債,69,2,67,新光-新竹,2024-05-27,8563
8277,商丞,67,5,62,新光-新竹,2024-05-27,8563
6538,倉和,61,1,60,新光-新竹,2024-05-27,8563
6188,廣明,121,63,58,新光-新竹,2024-05-27,8563
00940,元大台灣價值高息,236,178,58,新光-新竹,2024-05-27,8563
2002,中鋼,59,2,57,新光-新竹,2024-05-27,8563
2367,燿華,85,29,56,新光-新竹,2024-05-27,8563
00680L,元大美債20正2,292,236,56,新光-新竹,2024-05-27,8563
5498,凱崴,98,48,50,新光-新竹,2024-05-27,8563
2883,凱基金,51,2,49,新光-新竹,2024-05-27,8563
00857B,永豐20年美公債,43,0,43,新光-新竹,2024-05-27,8563
2884,玉山金,58,15,43,新光-新竹,2024-05-27,8563
2308,台達電,85,43,42,新光-新竹,2024-05-27,8563
1806,冠軍,42,0,42,新光-新竹,2024-05-27,8563
5905,南仁湖,41,0,41,新光-新竹,2024-05-27,8563
2401,凌陽,70,30,40,新光-新竹,2024-05-27,8563
6177,達麗,39,1,38,新光-新竹,2024-05-27,8563
3055,蔚華科,123,85,38,新光-新竹,2024-05-27,8563
2359,所羅門,54,16,38,新光-新竹,2024-05-27,8563
3227,原相,46,9,37,新光-新竹,2024-05-27,8563
00751B,元大AAA至A公司債,44,9,35,新光-新竹,2024-05-27,8563
00637L,元大滬深300正2,37,3,34,新光-新竹,2024-05-27,8563
006208,富邦台50,44,10,34,新光-新竹,2024-05-27,8563
4908,前鼎,65,32,33,新光-新竹,2024-05-27,8563
2547,日勝生,48,15,33,新光-新竹,2024-05-27,8563
00726B,國泰新興投等債,33,0,33,新光-新竹,2024-05-27,8563
3605,宏致,51,18,33,新光-新竹,2024-05-27,8563
00919,群益台灣精選高息,266,234,32,新光-新竹,2024-05-27,8563
2009,第一銅,37,5,32,新光-新竹,2024-05-27,8563
00753L,中信中國50正2,31,0,31,新光-新竹,2024-05-27,8563
00936,台新永續高息中小,35,5,30,新光-新竹,2024-05-27,8563
2442,新美齊,84,54,30,新光-新竹,2024-05-27,8563
00664R,國泰臺灣加權反1,30,0,30,新光-新竹,2024-05-27,8563
2888,新光金,29,0,29,新光-新竹,2024-05-27,8563
2352,佳世達,36,7,29,新光-新竹,2024-05-27,8563
1314,中石化,503,136,367,新光-新竹,2024-05-28,8563
00937B,群益ESG投等債20,539,198,341,新光-新竹,2024-05-28,8563
00632R,元大台灣50反1,311,10,301,新光-新竹,2024-05-28,8563
00753L,中信中國50正2,286,0,286,新光-新竹,2024-05-28,8563
00679B,元大美債20年,261,38,223,新光-新竹,2024-05-28,8563
1714,和桐,215,3,212,新光-新竹,2024-05-28,8563
2481,強茂,203,7,196,新光-新竹,2024-05-28,8563
00665L,富邦�琤肭磪囓�2,170,0,170,新光-新竹,2024-05-28,8563
00946,群益科技高息成長,161,0,161,新光-新竹,2024-05-28,8563
2354,鴻準,493,352,141,新光-新竹,2024-05-28,8563
3372,典範,134,6,128,新光-新竹,2024-05-28,8563
2301,光寶科,139,12,127,新光-新竹,2024-05-28,8563
5234,達興材料,97,9,88,新光-新竹,2024-05-28,8563
00940,元大台灣價值高息,119,32,87,新光-新竹,2024-05-28,8563
8027,鈦昇,136,50,86,新光-新竹,2024-05-28,8563
2809,京城銀,88,7,81,新光-新竹,2024-05-28,8563
3714,富采,79,8,71,新光-新竹,2024-05-28,8563
4968,立積,81,12,69,新光-新竹,2024-05-28,8563
2891,中信金,65,2,63,新光-新竹,2024-05-28,8563
00751B,元大AAA至A公司債,86,23,63,新光-新竹,2024-05-28,8563
6456,GIS-KY,64,6,58,新光-新竹,2024-05-28,8563
00712,復華富時不動產,120,65,55,新光-新竹,2024-05-28,8563
2359,所羅門,59,9,50,新光-新竹,2024-05-28,8563
3338,泰碩,100,50,50,新光-新竹,2024-05-28,8563
2363,矽統,198,149,49,新光-新竹,2024-05-28,8563
1227,佳格,49,2,47,新光-新竹,2024-05-28,8563
2324,仁寶,70,24,46,新光-新竹,2024-05-28,8563
2486,一詮,156,111,45,新光-新竹,2024-05-28,8563
2313,華通,52,10,42,新光-新竹,2024-05-28,8563
3305,昇貿,44,2,42,新光-新竹,2024-05-28,8563
2731,雄獅,64,24,40,新光-新竹,2024-05-28,8563
00687B,國泰20年美債,46,7,39,新光-新竹,2024-05-28,8563
2436,偉詮電,42,5,37,新光-新竹,2024-05-28,8563
6147,頎邦,38,1,37,新光-新竹,2024-05-28,8563
2353,宏��,247,211,36,新光-新竹,2024-05-28,8563
2924,宏太-KY,35,0,35,新光-新竹,2024-05-28,8563
00919,群益台灣精選高息,100,67,33,新光-新竹,2024-05-28,8563
2748,雲品,38,6,32,新光-新竹,2024-05-28,8563
2542,興富發,72,40,32,新光-新竹,2024-05-28,8563
2601,益航,39,9,30,新光-新竹,2024-05-28,8563
1907,永豐餘,30,0,30,新光-新竹,2024-05-28,8563
00902,中信電池及儲能,30,0,30,新光-新竹,2024-05-28,8563
00738U,期元大道瓊白銀,30,0,30,新光-新竹,2024-05-28,8563
9904,寶成,31,1,30,新光-新竹,2024-05-28,8563
2308,台達電,41,12,29,新光-新竹,2024-05-28,8563
3390,旭軟,56,28,28,新光-新竹,2024-05-28,8563
2615,萬海,46,18,28,新光-新竹,2024-05-28,8563
006208,富邦台50,38,11,27,新光-新竹,2024-05-28,8563
6111,大宇資,26,0,26,新光-新竹,2024-05-28,8563
3025,星通,29,3,26,新光-新竹,2024-05-28,8563
00937B,群益ESG投等債20,1255,21,1234,新光-新竹,2024-05-29,8563
3481,群創,714,87,627,新光-新竹,2024-05-29,8563
00687B,國泰20年美債,672,84,588,新光-新竹,2024-05-29,8563
00768B,復華20年美債,445,64,381,新光-新竹,2024-05-29,8563
2883,凱基金,344,33,311,新光-新竹,2024-05-29,8563
1785,光洋科,313,20,293,新光-新竹,2024-05-29,8563
00679B,元大美債20年,295,103,192,新光-新竹,2024-05-29,8563
00919,群益台灣精選高息,407,256,151,新光-新竹,2024-05-29,8563
00751B,元大AAA至A公司債,146,19,127,新光-新竹,2024-05-29,8563
2317,鴻海,256,131,125,新光-新竹,2024-05-29,8563
1714,和桐,110,0,110,新光-新竹,2024-05-29,8563
2354,鴻準,510,406,104,新光-新竹,2024-05-29,8563
2605,新興,246,144,102,新光-新竹,2024-05-29,8563
00665L,富邦�琤肭磪囓�2,93,0,93,新光-新竹,2024-05-29,8563
00878,國泰永續高股息,223,135,88,新光-新竹,2024-05-29,8563
00857B,永豐20年美公債,87,0,87,新光-新竹,2024-05-29,8563
00795B,中信美國公債20年,77,4,73,新光-新竹,2024-05-29,8563
2882,國泰金,70,0,70,新光-新竹,2024-05-29,8563
1701,中化,66,0,66,新光-新竹,2024-05-29,8563
00946,群益科技高息成長,66,0,66,新光-新竹,2024-05-29,8563
4157,太景*-KY,65,0,65,新光-新竹,2024-05-29,8563
2367,燿華,123,60,63,新光-新竹,2024-05-29,8563
2884,玉山金,131,70,61,新光-新竹,2024-05-29,8563
00944,野村趨勢動能高息,61,0,61,新光-新竹,2024-05-29,8563
00940,元大台灣價值高息,121,61,60,新光-新竹,2024-05-29,8563
00933B,國泰10Y+金融債,58,2,56,新光-新竹,2024-05-29,8563
2324,仁寶,68,16,52,新光-新竹,2024-05-29,8563
2610,華航,124,73,51,新光-新竹,2024-05-29,8563
2887,台新金,66,16,50,新光-新竹,2024-05-29,8563
2312,金寶,56,8,48,新光-新竹,2024-05-29,8563
3260,威剛,58,13,45,新光-新竹,2024-05-29,8563
2609,陽明,100,55,45,新光-新竹,2024-05-29,8563
2615,萬海,61,18,43,新光-新竹,2024-05-29,8563
2442,新美齊,44,1,43,新光-新竹,2024-05-29,8563
2476,鉅祥,69,27,42,新光-新竹,2024-05-29,8563
2489,瑞軒,507,467,40,新光-新竹,2024-05-29,8563
00753L,中信中國50正2,68,30,38,新光-新竹,2024-05-29,8563
2002,中鋼,38,0,38,新光-新竹,2024-05-29,8563
2891,中信金,46,8,38,新光-新竹,2024-05-29,8563
2330,台積電,43,6,37,新光-新竹,2024-05-29,8563
00830,國泰費城半導體,38,3,35,新光-新竹,2024-05-29,8563
1905,華紙,53,20,33,新光-新竹,2024-05-29,8563
00915,凱基優選高股息30,32,0,32,新光-新竹,2024-05-29,8563
2506,太設,33,1,32,新光-新竹,2024-05-29,8563
00720B,元大投資級公司債,42,12,30,新光-新竹,2024-05-29,8563
3231,緯創,56,26,30,新光-新竹,2024-05-29,8563
2464,盟立,122,92,30,新光-新竹,2024-05-29,8563
5522,遠雄,30,1,29,新光-新竹,2024-05-29,8563
2880,華南金,28,0,28,新光-新竹,2024-05-29,8563
3338,泰碩,135,107,28,新光-新竹,2024-05-29,8563
00937B,群益ESG投等債20,1025,28,997,新光-新竹,2024-05-30,8563
00706L,期元大S＆P日圓正2,963,10,953,新光-新竹,2024-05-30,8563
00687B,國泰20年美債,270,57,213,新光-新竹,2024-05-30,8563
00641R,富邦日本反1,200,0,200,新光-新竹,2024-05-30,8563
00679B,元大美債20年,201,14,187,新光-新竹,2024-05-30,8563
0056,元大高股息,216,29,187,新光-新竹,2024-05-30,8563
00768B,復華20年美債,202,54,148,新光-新竹,2024-05-30,8563
2317,鴻海,275,133,142,新光-新竹,2024-05-30,8563
00946,群益科技高息成長,150,13,137,新光-新竹,2024-05-30,8563
1785,光洋科,198,90,108,新光-新竹,2024-05-30,8563
2002,中鋼,90,1,89,新光-新竹,2024-05-30,8563
8105,凌巨,189,106,83,新光-新竹,2024-05-30,8563
00878,國泰永續高股息,247,165,82,新光-新竹,2024-05-30,8563
6290,良維,84,7,77,新光-新竹,2024-05-30,8563
2888,新光金,116,41,75,新光-新竹,2024-05-30,8563
2330,台積電,84,14,70,新光-新竹,2024-05-30,8563
00688L,國泰20年美債正2,198,128,70,新光-新竹,2024-05-30,8563
2542,興富發,72,3,69,新光-新竹,2024-05-30,8563
4909,新復興,69,1,68,新光-新竹,2024-05-30,8563
2809,京城銀,65,0,65,新光-新竹,2024-05-30,8563
1101,台泥,70,7,63,新光-新竹,2024-05-30,8563
6170,統振,59,0,59,新光-新竹,2024-05-30,8563
1524,耿鼎,62,5,57,新光-新竹,2024-05-30,8563
00751B,元大AAA至A公司債,59,8,51,新光-新竹,2024-05-30,8563
00929,復華台灣科技優息,271,220,51,新光-新竹,2024-05-30,8563
00633L,富邦上証正2,51,0,51,新光-新竹,2024-05-30,8563
00637L,元大滬深300正2,390,340,50,新光-新竹,2024-05-30,8563
8110,華東,60,11,49,新光-新竹,2024-05-30,8563
2349,錸德,47,1,46,新光-新竹,2024-05-30,8563
2365,昆盈,50,4,46,新光-新竹,2024-05-30,8563
006208,富邦台50,47,2,45,新光-新竹,2024-05-30,8563
1905,華紙,48,4,44,新光-新竹,2024-05-30,8563
2369,菱生,55,12,43,新光-新竹,2024-05-30,8563
1447,力鵬,72,33,39,新光-新竹,2024-05-30,8563
1314,中石化,50,11,39,新光-新竹,2024-05-30,8563
3048,益登,85,46,39,新光-新竹,2024-05-30,8563
2345,智邦,42,4,38,新光-新竹,2024-05-30,8563
6209,今國光,130,93,37,新光-新竹,2024-05-30,8563
00944,野村趨勢動能高息,35,0,35,新光-新竹,2024-05-30,8563
2886,兆豐金,45,10,35,新光-新竹,2024-05-30,8563
2359,所羅門,51,17,34,新光-新竹,2024-05-30,8563
2538,基泰,36,2,34,新光-新竹,2024-05-30,8563
6126,信音,37,3,34,新光-新竹,2024-05-30,8563
3321,同泰,33,0,33,新光-新竹,2024-05-30,8563
2436,偉詮電,35,2,33,新光-新竹,2024-05-30,8563
00631L,元大台灣50正2,44,11,33,新光-新竹,2024-05-30,8563
2610,華航,54,22,32,新光-新竹,2024-05-30,8563
3706,神達,46,15,31,新光-新竹,2024-05-30,8563
2324,仁寶,56,26,30,新光-新竹,2024-05-30,8563
00708L,期元大S＆P黃金正2,30,0,30,新光-新竹,2024-05-30,8563
00946,群益科技高息成長,633,24,609,新光-新竹,2024-05-31,8563
00919,群益台灣精選高息,435,105,330,新光-新竹,2024-05-31,8563
2609,陽明,676,522,154,新光-新竹,2024-05-31,8563
2317,鴻海,279,168,111,新光-新竹,2024-05-31,8563
0050,元大台灣50,112,8,104,新光-新竹,2024-05-31,8563
00939,統一台灣高息動能,104,0,104,新光-新竹,2024-05-31,8563
2109,華豐,104,3,101,新光-新竹,2024-05-31,8563
00654R,富邦印度反1,100,0,100,新光-新竹,2024-05-31,8563
9105,泰金寶-DR,101,8,93,新光-新竹,2024-05-31,8563
2610,華航,121,34,87,新光-新竹,2024-05-31,8563
2867,三商壽,310,238,72,新光-新竹,2024-05-31,8563
00680L,元大美債20正2,216,145,71,新光-新竹,2024-05-31,8563
2206,三陽工業,90,26,64,新光-新竹,2024-05-31,8563
4562,穎漢,90,27,63,新光-新竹,2024-05-31,8563
1714,和桐,90,30,60,新光-新竹,2024-05-31,8563
3231,緯創,67,11,56,新光-新竹,2024-05-31,8563
00878,國泰永續高股息,121,68,53,新光-新竹,2024-05-31,8563
00715L,期街口布蘭特正2,52,0,52,新光-新竹,2024-05-31,8563
2022,聚亨,50,0,50,新光-新竹,2024-05-31,8563
2002,中鋼,53,4,49,新光-新竹,2024-05-31,8563
00631L,元大台灣50正2,59,11,48,新光-新竹,2024-05-31,8563
1101,台泥,45,0,45,新光-新竹,2024-05-31,8563
2324,仁寶,54,13,41,新光-新竹,2024-05-31,8563
3312,弘憶股,186,146,40,新光-新竹,2024-05-31,8563
2327,國巨,45,5,40,新光-新竹,2024-05-31,8563
1815,富喬,150,111,39,新光-新竹,2024-05-31,8563
1785,光洋科,81,42,39,新光-新竹,2024-05-31,8563
00895,富邦未來車,40,2,38,新光-新竹,2024-05-31,8563
00936,台新永續高息中小,54,17,37,新光-新竹,2024-05-31,8563
6161,捷波,37,0,37,新光-新竹,2024-05-31,8563
3033,威健,55,18,37,新光-新竹,2024-05-31,8563
2892,第一金,40,4,36,新光-新竹,2024-05-31,8563
2356,英業達,54,19,35,新光-新竹,2024-05-31,8563
3030,德律,61,27,34,新光-新竹,2024-05-31,8563
4534,慶騰,36,2,34,新光-新竹,2024-05-31,8563
3047,訊舟,43,10,33,新光-新竹,2024-05-31,8563
2303,聯電,77,44,33,新光-新竹,2024-05-31,8563
2330,台積電,41,9,32,新光-新竹,2024-05-31,8563
2344,華邦電,35,4,31,新光-新竹,2024-05-31,8563
0056,元大高股息,51,20,31,新光-新竹,2024-05-31,8563
2886,兆豐金,37,6,31,新光-新竹,2024-05-31,8563
6757,台灣虎航,34,4,30,新光-新竹,2024-05-31,8563
3055,蔚華科,34,5,29,新光-新竹,2024-05-31,8563
6189,豐藝,31,3,28,新光-新竹,2024-05-31,8563
2615,萬海,55,28,27,新光-新竹,2024-05-31,8563
00924,復華S＆P500成長,27,0,27,新光-新竹,2024-05-31,8563
00679B,元大美債20年,54,28,26,新光-新竹,2024-05-31,8563
2883B,凱基金乙特,26,0,26,新光-新竹,2024-05-31,8563
3665,貿聯-KY,35,10,25,新光-新竹,2024-05-31,8563
2359,所羅門,28,3,25,新光-新竹,2024-05-31,8563
00937B,群益ESG投等債20,1293,541,752,新光-新竹,2024-06-03,8563
00919,群益台灣精選高息,507,273,234,新光-新竹,2024-06-03,8563
3202,樺晟,276,124,152,新光-新竹,2024-06-03,8563
2317,鴻海,333,184,149,新光-新竹,2024-06-03,8563
2641,正德,310,166,144,新光-新竹,2024-06-03,8563
00918,大華優利高填息30,143,0,143,新光-新竹,2024-06-03,8563
2354,鴻準,297,198,99,新光-新竹,2024-06-03,8563
2615,萬海,327,229,98,新光-新竹,2024-06-03,8563
6757,台灣虎航,99,1,98,新光-新竹,2024-06-03,8563
1904,正隆,80,0,80,新光-新竹,2024-06-03,8563
00933B,國泰10Y+金融債,102,25,77,新光-新竹,2024-06-03,8563
3059,華晶科,147,72,75,新光-新竹,2024-06-03,8563
2312,金寶,105,31,74,新光-新竹,2024-06-03,8563
00715L,期街口布蘭特正2,69,1,68,新光-新竹,2024-06-03,8563
00632R,元大台灣50反1,140,73,67,新光-新竹,2024-06-03,8563
2883B,凱基金乙特,66,0,66,新光-新竹,2024-06-03,8563
5426,振發,135,69,66,新光-新竹,2024-06-03,8563
00712,復華富時不動產,77,11,66,新光-新竹,2024-06-03,8563
00687B,國泰20年美債,87,24,63,新光-新竹,2024-06-03,8563
2355,敬鵬,68,6,62,新光-新竹,2024-06-03,8563
2618,長榮航,99,38,61,新光-新竹,2024-06-03,8563
2834,臺企銀,90,30,60,新光-新竹,2024-06-03,8563
1227,佳格,60,3,57,新光-新竹,2024-06-03,8563
00679B,元大美債20年,106,51,55,新光-新竹,2024-06-03,8563
2337,旺宏,54,0,54,新光-新竹,2024-06-03,8563
2812,台中銀,52,0,52,新光-新竹,2024-06-03,8563
00936,台新永續高息中小,50,1,49,新光-新竹,2024-06-03,8563
5347,世界,140,91,49,新光-新竹,2024-06-03,8563
2464,盟立,144,99,45,新光-新竹,2024-06-03,8563
3437,榮創,49,5,44,新光-新竹,2024-06-03,8563
2884,玉山金,51,9,42,新光-新竹,2024-06-03,8563
3338,泰碩,48,13,35,新光-新竹,2024-06-03,8563
2547,日勝生,80,46,34,新光-新竹,2024-06-03,8563
6188,廣明,196,162,34,新光-新竹,2024-06-03,8563
1714,和桐,33,0,33,新光-新竹,2024-06-03,8563
2351,順德,64,34,30,新光-新竹,2024-06-03,8563
5608,四維航,51,22,29,新光-新竹,2024-06-03,8563
6270,倍微,109,80,29,新光-新竹,2024-06-03,8563
00946,群益科技高息成長,42,13,29,新光-新竹,2024-06-03,8563
6140,訊達,43,14,29,新光-新竹,2024-06-03,8563
2101,南港,45,17,28,新光-新竹,2024-06-03,8563
3706,神達,93,68,25,新光-新竹,2024-06-03,8563
5522,遠雄,29,4,25,新光-新竹,2024-06-03,8563
2610,華航,26,2,24,新光-新竹,2024-06-03,8563
2356,英業達,74,51,23,新光-新竹,2024-06-03,8563
2002,中鋼,25,2,23,新光-新竹,2024-06-03,8563
3516,亞帝歐,25,2,23,新光-新竹,2024-06-03,8563
5344,立衛,23,0,23,新光-新竹,2024-06-03,8563
2353,宏��,92,69,23,新光-新竹,2024-06-03,8563
2880,華南金,22,0,22,新光-新竹,2024-06-03,8563
00937B,群益ESG投等債20,2048,1763,285,新光-新竹,2024-06-04,8563
00918,大華優利高填息30,296,25,271,新光-新竹,2024-06-04,8563
00715L,期街口布蘭特正2,268,4,264,新光-新竹,2024-06-04,8563
00936,台新永續高息中小,420,207,213,新光-新竹,2024-06-04,8563
00878,國泰永續高股息,246,72,174,新光-新竹,2024-06-04,8563
2609,陽明,424,262,162,新光-新竹,2024-06-04,8563
2537,聯上發,331,193,138,新光-新竹,2024-06-04,8563
2888,新光金,268,146,122,新光-新竹,2024-06-04,8563
00919,群益台灣精選高息,237,118,119,新光-新竹,2024-06-04,8563
2367,燿華,276,159,117,新光-新竹,2024-06-04,8563
5522,遠雄,116,9,107,新光-新竹,2024-06-04,8563
0050,元大台灣50,94,1,93,新光-新竹,2024-06-04,8563
3338,泰碩,160,70,90,新光-新竹,2024-06-04,8563
2331,精英,282,200,82,新光-新竹,2024-06-04,8563
6125,廣運,371,298,73,新光-新竹,2024-06-04,8563
00680L,元大美債20正2,125,54,71,新光-新竹,2024-06-04,8563
1815,富喬,194,124,70,新光-新竹,2024-06-04,8563
00642U,期元大S＆P石油,68,0,68,新光-新竹,2024-06-04,8563
2891,中信金,99,42,57,新光-新竹,2024-06-04,8563
912000,晨訊科-DR,60,5,55,新光-新竹,2024-06-04,8563
2312,金寶,106,54,52,新光-新竹,2024-06-04,8563
2337,旺宏,54,8,46,新光-新竹,2024-06-04,8563
00650L,復華香港正2,47,1,46,新光-新竹,2024-06-04,8563
2880,華南金,48,3,45,新光-新竹,2024-06-04,8563
2436,偉詮電,45,1,44,新光-新竹,2024-06-04,8563
0056,元大高股息,72,28,44,新光-新竹,2024-06-04,8563
8070,長華*,44,1,43,新光-新竹,2024-06-04,8563
3703,欣陸,53,10,43,新光-新竹,2024-06-04,8563
8028,昇陽半導體,69,27,42,新光-新竹,2024-06-04,8563
2495,普安,59,17,42,新光-新竹,2024-06-04,8563
2344,華邦電,46,5,41,新光-新竹,2024-06-04,8563
3071,協禧,40,0,40,新光-新竹,2024-06-04,8563
2610,華航,54,20,34,新光-新竹,2024-06-04,8563
8429,金麗-KY,44,11,33,新光-新竹,2024-06-04,8563
2002,中鋼,34,3,31,新光-新竹,2024-06-04,8563
2464,盟立,54,24,30,新光-新竹,2024-06-04,8563
2867,三商壽,48,18,30,新光-新竹,2024-06-04,8563
1446,宏和,47,18,29,新光-新竹,2024-06-04,8563
2834,臺企銀,33,5,28,新光-新竹,2024-06-04,8563
2301,光寶科,36,9,27,新光-新竹,2024-06-04,8563
9945,潤泰新,48,21,27,新光-新竹,2024-06-04,8563
2421,建準,30,3,27,新光-新竹,2024-06-04,8563
3047,訊舟,47,20,27,新光-新竹,2024-06-04,8563
5371,中光電,67,41,26,新光-新竹,2024-06-04,8563
2884,玉山金,31,5,26,新光-新竹,2024-06-04,8563
2324,仁寶,57,31,26,新光-新竹,2024-06-04,8563
00675L,富邦臺灣加權正2,27,2,25,新光-新竹,2024-06-04,8563
6643,M31,32,7,25,新光-新竹,2024-06-04,8563
5426,振發,39,14,25,新光-新竹,2024-06-04,8563
00713,元大台灣高息低波,27,3,24,新光-新竹,2024-06-04,8563
00936,台新永續高息中小,559,101,458,新光-新竹,2024-06-05,8563
00712,復華富時不動產,389,15,374,新光-新竹,2024-06-05,8563
00878,國泰永續高股息,346,15,331,新光-新竹,2024-06-05,8563
00918,大華優利高填息30,280,12,268,新光-新竹,2024-06-05,8563
00768B,復華20年美債,298,36,262,新光-新竹,2024-06-05,8563
00687B,國泰20年美債,336,121,215,新光-新竹,2024-06-05,8563
2344,華邦電,214,0,214,新光-新竹,2024-06-05,8563
2888,新光金,199,7,192,新光-新竹,2024-06-05,8563
00637L,元大滬深300正2,243,79,164,新光-新竹,2024-06-05,8563
2417,圓剛,132,8,124,新光-新竹,2024-06-05,8563
00715L,期街口布蘭特正2,116,7,109,新光-新竹,2024-06-05,8563
2515,中工,118,10,108,新光-新竹,2024-06-05,8563
3338,泰碩,123,46,77,新光-新竹,2024-06-05,8563
2606,裕民,122,45,77,新光-新竹,2024-06-05,8563
2002,中鋼,79,10,69,新光-新竹,2024-06-05,8563
00882,中信中國高股息,90,26,64,新光-新竹,2024-06-05,8563
9946,三發地產,104,41,63,新光-新竹,2024-06-05,8563
1714,和桐,62,0,62,新光-新竹,2024-06-05,8563
6197,佳必琪,104,44,60,新光-新竹,2024-06-05,8563
2303,聯電,83,28,55,新光-新竹,2024-06-05,8563
00680L,元大美債20正2,204,150,54,新光-新竹,2024-06-05,8563
4123,晟德,90,43,47,新光-新竹,2024-06-05,8563
3665,貿聯-KY,46,1,45,新光-新竹,2024-06-05,8563
00654R,富邦印度反1,50,7,43,新光-新竹,2024-06-05,8563
6005,群益證,44,1,43,新光-新竹,2024-06-05,8563
2317,鴻海,219,177,42,新光-新竹,2024-06-05,8563
4513,福裕,83,41,42,新光-新竹,2024-06-05,8563
6579,研揚,61,21,40,新光-新竹,2024-06-05,8563
8150,南茂,40,0,40,新光-新竹,2024-06-05,8563
2605,新興,103,65,38,新光-新竹,2024-06-05,8563
3202,樺晟,43,5,38,新光-新竹,2024-06-05,8563
3266,昇陽,39,1,38,新光-新竹,2024-06-05,8563
2369,菱生,60,22,38,新光-新竹,2024-06-05,8563
2867,三商壽,246,210,36,新光-新竹,2024-06-05,8563
2362,藍天,40,5,35,新光-新竹,2024-06-05,8563
6177,達麗,46,11,35,新光-新竹,2024-06-05,8563
2105,正新,46,12,34,新光-新竹,2024-06-05,8563
00942B,台新美A公司債20+,33,0,33,新光-新竹,2024-06-05,8563
2497,怡利電,33,1,32,新光-新竹,2024-06-05,8563
00919,群益台灣精選高息,102,70,32,新光-新竹,2024-06-05,8563
2883B,凱基金乙特,30,0,30,新光-新竹,2024-06-05,8563
3071,協禧,30,0,30,新光-新竹,2024-06-05,8563
6512,啟發電,30,0,30,新光-新竹,2024-06-05,8563
6695,芯鼎,32,2,30,新光-新竹,2024-06-05,8563
8070,長華*,30,0,30,新光-新竹,2024-06-05,8563
2486,一詮,182,153,29,新光-新竹,2024-06-05,8563
3481,群創,36,7,29,新光-新竹,2024-06-05,8563
5519,隆大,32,4,28,新光-新竹,2024-06-05,8563
6285,啟��,48,20,28,新光-新竹,2024-06-05,8563
6125,廣運,186,160,26,新光-新竹,2024-06-05,8563
00632R,元大台灣50反1,1389,528,861,新光-新竹,2024-06-06,8563
00936,台新永續高息中小,345,24,321,新光-新竹,2024-06-06,8563
00946,群益科技高息成長,363,44,319,新光-新竹,2024-06-06,8563
2609,陽明,846,629,217,新光-新竹,2024-06-06,8563
00937B,群益ESG投等債20,2366,2161,205,新光-新竹,2024-06-06,8563
2367,燿華,207,60,147,新光-新竹,2024-06-06,8563
1314,中石化,138,7,131,新光-新竹,2024-06-06,8563
00942B,台新美A公司債20+,111,1,110,新光-新竹,2024-06-06,8563
2344,華邦電,84,2,82,新光-新竹,2024-06-06,8563
00918,大華優利高填息30,107,26,81,新光-新竹,2024-06-06,8563
8047,星雲,62,3,59,新光-新竹,2024-06-06,8563
8096,擎亞,86,29,57,新光-新竹,2024-06-06,8563
3231,緯創,80,23,57,新光-新竹,2024-06-06,8563
00650L,復華香港正2,56,0,56,新光-新竹,2024-06-06,8563
1710,東聯,56,0,56,新光-新竹,2024-06-06,8563
3338,泰碩,60,10,50,新光-新竹,2024-06-06,8563
1218,泰山,50,0,50,新光-新竹,2024-06-06,8563
1517,利奇,50,0,50,新光-新竹,2024-06-06,8563
00895,富邦未來車,49,0,49,新光-新竹,2024-06-06,8563
2354,鴻準,99,51,48,新光-新竹,2024-06-06,8563
3059,華晶科,47,0,47,新光-新竹,2024-06-06,8563
5608,四維航,168,122,46,新光-新竹,2024-06-06,8563
00852L,國泰美國道瓊正2,42,0,42,新光-新竹,2024-06-06,8563
2436,偉詮電,40,1,39,新光-新竹,2024-06-06,8563
6538,倉和,39,1,38,新光-新竹,2024-06-06,8563
3088,艾訊,46,9,37,新光-新竹,2024-06-06,8563
8110,華東,41,4,37,新光-新竹,2024-06-06,8563
5340,建榮,40,3,37,新光-新竹,2024-06-06,8563
2002,中鋼,38,1,37,新光-新竹,2024-06-06,8563
00885,富邦越南,56,20,36,新光-新竹,2024-06-06,8563
00665L,富邦�琤肭磪囓�2,50,15,35,新光-新竹,2024-06-06,8563
2883B,凱基金乙特,35,0,35,新光-新竹,2024-06-06,8563
1414,東和,34,2,32,新光-新竹,2024-06-06,8563
6177,達麗,33,2,31,新光-新竹,2024-06-06,8563
6166,凌華,36,5,31,新光-新竹,2024-06-06,8563
4906,正文,76,46,30,新光-新竹,2024-06-06,8563
5347,世界,226,199,27,新光-新竹,2024-06-06,8563
2611,志信,59,32,27,新光-新竹,2024-06-06,8563
00631L,元大台灣50正2,56,29,27,新光-新竹,2024-06-06,8563
00635U,期元大S＆P黃金,27,1,26,新光-新竹,2024-06-06,8563
5302,太欣,34,8,26,新光-新竹,2024-06-06,8563
6546,正基,55,29,26,新光-新竹,2024-06-06,8563
6550,北極星藥業-KY,47,22,25,新光-新竹,2024-06-06,8563
00715L,期街口布蘭特正2,113,88,25,新光-新竹,2024-06-06,8563
2465,麗臺,29,7,22,新光-新竹,2024-06-06,8563
3609,三一東林,22,0,22,新光-新竹,2024-06-06,8563
1714,和桐,21,0,21,新光-新竹,2024-06-06,8563
6877,鏵友益,21,0,21,新光-新竹,2024-06-06,8563
4564,元翎,20,0,20,新光-新竹,2024-06-06,8563
3376,新日興,39,19,20,新光-新竹,2024-06-06,8563
00929,復華台灣科技優息,434,26,408,新光-新竹,2024-06-07,8563
9105,泰金寶-DR,333,78,255,新光-新竹,2024-06-07,8563
00637L,元大滬深300正2,367,163,204,新光-新竹,2024-06-07,8563
00936,台新永續高息中小,180,1,179,新光-新竹,2024-06-07,8563
00687B,國泰20年美債,189,23,166,新光-新竹,2024-06-07,8563
2883,凱基金,587,434,153,新光-新竹,2024-06-07,8563
2882,國泰金,144,13,131,新光-新竹,2024-06-07,8563
2891,中信金,100,14,86,新光-新竹,2024-06-07,8563
00942B,台新美A公司債20+,83,0,83,新光-新竹,2024-06-07,8563
1101,台泥,77,3,74,新光-新竹,2024-06-07,8563
2886,兆豐金,80,12,68,新光-新竹,2024-06-07,8563
2897,王道銀行,67,0,67,新光-新竹,2024-06-07,8563
00712,復華富時不動產,126,60,66,新光-新竹,2024-06-07,8563
00909,國泰數位支付服務,70,4,66,新光-新竹,2024-06-07,8563
00918,大華優利高填息30,63,0,63,新光-新竹,2024-06-07,8563
2845,遠東銀,62,0,62,新光-新竹,2024-06-07,8563
3231,緯創,85,25,60,新光-新竹,2024-06-07,8563
2313,華通,80,21,59,新光-新竹,2024-06-07,8563
4942,嘉彰,60,1,59,新光-新竹,2024-06-07,8563
00679B,元大美債20年,131,75,56,新光-新竹,2024-06-07,8563
2836,高雄銀,55,0,55,新光-新竹,2024-06-07,8563
2002,中鋼,62,11,51,新光-新竹,2024-06-07,8563
2883B,凱基金乙特,45,0,45,新光-新竹,2024-06-07,8563
2312,金寶,139,94,45,新光-新竹,2024-06-07,8563
1513,中興電,124,83,41,新光-新竹,2024-06-07,8563
1447,力鵬,69,29,40,新光-新竹,2024-06-07,8563
2105,正新,42,3,39,新光-新竹,2024-06-07,8563
4566,時碩工業,107,69,38,新光-新竹,2024-06-07,8563
2528,皇普,39,1,38,新光-新竹,2024-06-07,8563
5876,上海商銀,37,0,37,新光-新竹,2024-06-07,8563
00673R,期元大S＆P原油反1,39,3,36,新光-新竹,2024-06-07,8563
00688L,國泰20年美債正2,35,0,35,新光-新竹,2024-06-07,8563
0052,富邦科技,34,0,34,新光-新竹,2024-06-07,8563
6190,萬泰科,38,4,34,新光-新竹,2024-06-07,8563
00680L,元大美債20正2,34,0,34,新光-新竹,2024-06-07,8563
3122,笙泉,67,34,33,新光-新竹,2024-06-07,8563
6139,亞翔,52,21,31,新光-新竹,2024-06-07,8563
6216,居易,48,18,30,新光-新竹,2024-06-07,8563
1312,國喬,26,0,26,新光-新竹,2024-06-07,8563
2603,長榮,92,66,26,新光-新竹,2024-06-07,8563
00923,群益台ESG低碳50,24,0,24,新光-新竹,2024-06-07,8563
2324,仁寶,29,6,23,新光-新竹,2024-06-07,8563
1532,勤美,26,3,23,新光-新竹,2024-06-07,8563
4953,緯軟,22,0,22,新光-新竹,2024-06-07,8563
00650L,復華香港正2,26,5,21,新光-新竹,2024-06-07,8563
8927,北基,20,0,20,新光-新竹,2024-06-07,8563
2538,基泰,20,0,20,新光-新竹,2024-06-07,8563
2337,旺宏,20,1,19,新光-新竹,2024-06-07,8563
00795B,中信美國公債20年,46,27,19,新光-新竹,2024-06-07,8563
6257,矽格,22,3,19,新光-新竹,2024-06-07,8563
00929,復華台灣科技優息,681,99,582,新光-新竹,2024-06-11,8563
00687B,國泰20年美債,611,68,543,新光-新竹,2024-06-11,8563
00688L,國泰20年美債正2,526,0,526,新光-新竹,2024-06-11,8563
00919,群益台灣精選高息,291,37,254,新光-新竹,2024-06-11,8563
00679B,元大美債20年,243,8,235,新光-新竹,2024-06-11,8563
00918,大華優利高填息30,254,45,209,新光-新竹,2024-06-11,8563
2609,陽明,1013,809,204,新光-新竹,2024-06-11,8563
00680L,元大美債20正2,208,6,202,新光-新竹,2024-06-11,8563
00937B,群益ESG投等債20,357,164,193,新光-新竹,2024-06-11,8563
00936,台新永續高息中小,231,57,174,新光-新竹,2024-06-11,8563
00720B,元大投資級公司債,157,0,157,新光-新竹,2024-06-11,8563
1528,恩德,149,0,149,新光-新竹,2024-06-11,8563
2547,日勝生,121,1,120,新光-新竹,2024-06-11,8563
9946,三發地產,123,6,117,新光-新竹,2024-06-11,8563
00673R,期元大S＆P原油反1,115,0,115,新光-新竹,2024-06-11,8563
00637L,元大滬深300正2,217,103,114,新光-新竹,2024-06-11,8563
00795B,中信美國公債20年,110,0,110,新光-新竹,2024-06-11,8563
2303,聯電,148,46,102,新光-新竹,2024-06-11,8563
5876,上海商銀,93,0,93,新光-新竹,2024-06-11,8563
00931B,統一美債20年,110,20,90,新光-新竹,2024-06-11,8563
2537,聯上發,214,126,88,新光-新竹,2024-06-11,8563
2615,萬海,278,192,86,新光-新竹,2024-06-11,8563
3047,訊舟,225,147,78,新光-新竹,2024-06-11,8563
4167,松瑞藥,110,35,75,新光-新竹,2024-06-11,8563
2881,富邦金,87,16,71,新光-新竹,2024-06-11,8563
2355,敬鵬,68,0,68,新光-新竹,2024-06-11,8563
00933B,國泰10Y+金融債,66,0,66,新光-新竹,2024-06-11,8563
2641,正德,253,191,62,新光-新竹,2024-06-11,8563
1608,華榮,112,54,58,新光-新竹,2024-06-11,8563
4513,福裕,94,39,55,新光-新竹,2024-06-11,8563
2745,五福,63,9,54,新光-新竹,2024-06-11,8563
2360,致茂,62,10,52,新光-新竹,2024-06-11,8563
2371,大同,77,27,50,新光-新竹,2024-06-11,8563
6152,百一,54,7,47,新光-新竹,2024-06-11,8563
2888,新光金,45,2,43,新光-新竹,2024-06-11,8563
2812,台中銀,44,2,42,新光-新竹,2024-06-11,8563
1712,興農,36,1,35,新光-新竹,2024-06-11,8563
2891,中信金,38,3,35,新光-新竹,2024-06-11,8563
00650L,復華香港正2,71,37,34,新光-新竹,2024-06-11,8563
00675L,富邦臺灣加權正2,36,2,34,新光-新竹,2024-06-11,8563
00857B,永豐20年美公債,33,0,33,新光-新竹,2024-06-11,8563
2442,新美齊,38,5,33,新光-新竹,2024-06-11,8563
2520,冠德,38,6,32,新光-新竹,2024-06-11,8563
3419,譁裕,32,0,32,新光-新竹,2024-06-11,8563
2883B,凱基金乙特,51,20,31,新光-新竹,2024-06-11,8563
8028,昇陽半導體,35,4,31,新光-新竹,2024-06-11,8563
9105,泰金寶-DR,31,0,31,新光-新竹,2024-06-11,8563
00708L,期元大S＆P黃金正2,31,1,30,新光-新竹,2024-06-11,8563
2603,長榮,209,179,30,新光-新竹,2024-06-11,8563
1101,台泥,46,17,29,新光-新竹,2024-06-11,8563
9946,三發地產,253,12,241,新光-新竹,2024-06-12,8563
00937B,群益ESG投等債20,188,8,180,新光-新竹,2024-06-12,8563
00713,元大台灣高息低波,174,1,173,新光-新竹,2024-06-12,8563
00918,大華優利高填息30,172,0,172,新光-新竹,2024-06-12,8563
00948B,中信優息投資級債,137,0,137,新光-新竹,2024-06-12,8563
2883,凱基金,155,27,128,新光-新竹,2024-06-12,8563
00680L,元大美債20正2,226,100,126,新光-新竹,2024-06-12,8563
00919,群益台灣精選高息,284,165,119,新光-新竹,2024-06-12,8563
2867,三商壽,197,79,118,新光-新竹,2024-06-12,8563
00947,台新臺灣IC設計,110,1,109,新光-新竹,2024-06-12,8563
1815,富喬,265,164,101,新光-新竹,2024-06-12,8563
1325,恆大,90,2,88,新光-新竹,2024-06-12,8563
00933B,國泰10Y+金融債,91,4,87,新光-新竹,2024-06-12,8563
2889,國票金,78,11,67,新光-新竹,2024-06-12,8563
2888,新光金,106,44,62,新光-新竹,2024-06-12,8563
00878,國泰永續高股息,83,23,60,新光-新竹,2024-06-12,8563
00665L,富邦�琤肭磪囓�2,55,0,55,新光-新竹,2024-06-12,8563
00662,富邦NASDAQ,55,0,55,新光-新竹,2024-06-12,8563
2641,正德,95,45,50,新光-新竹,2024-06-12,8563
1595,川寶,50,0,50,新光-新竹,2024-06-12,8563
2330,台積電,116,67,49,新光-新竹,2024-06-12,8563
1608,華榮,197,148,49,新光-新竹,2024-06-12,8563
2002,中鋼,48,1,47,新光-新竹,2024-06-12,8563
00857B,永豐20年美公債,46,0,46,新光-新竹,2024-06-12,8563
2881,富邦金,45,1,44,新光-新竹,2024-06-12,8563
6890,來億-KY,50,6,44,新光-新竹,2024-06-12,8563
00687B,國泰20年美債,74,32,42,新光-新竹,2024-06-12,8563
2353,宏��,65,25,40,新光-新竹,2024-06-12,8563
2851,中再保,41,1,40,新光-新竹,2024-06-12,8563
2610,華航,54,14,40,新光-新竹,2024-06-12,8563
2101,南港,47,7,40,新光-新竹,2024-06-12,8563
2812,台中銀,46,7,39,新光-新竹,2024-06-12,8563
00706L,期元大S＆P日圓正2,37,0,37,新光-新竹,2024-06-12,8563
6903,巨漢,38,2,36,新光-新竹,2024-06-12,8563
6177,達麗,36,1,35,新光-新竹,2024-06-12,8563
2331,精英,53,20,33,新光-新竹,2024-06-12,8563
3489,森寶,32,0,32,新光-新竹,2024-06-12,8563
1617,榮星,49,17,32,新光-新竹,2024-06-12,8563
2442,新美齊,37,6,31,新光-新竹,2024-06-12,8563
1587,吉茂,84,54,30,新光-新竹,2024-06-12,8563
2374,佳能,62,32,30,新光-新竹,2024-06-12,8563
3122,笙泉,44,15,29,新光-新竹,2024-06-12,8563
00670L,富邦NASDAQ正2,31,2,29,新光-新竹,2024-06-12,8563
00712,復華富時不動產,368,339,29,新光-新竹,2024-06-12,8563
3231,緯創,66,38,28,新光-新竹,2024-06-12,8563
00941,中信上游半導體,29,1,28,新光-新竹,2024-06-12,8563
4906,正文,48,21,27,新光-新竹,2024-06-12,8563
1609,大亞,38,12,26,新光-新竹,2024-06-12,8563
2897,王道銀行,26,2,24,新光-新竹,2024-06-12,8563
5512,力麒,31,7,24,新光-新竹,2024-06-12,8563
00948B,中信優息投資級債,1008,19,989,新光-新竹,2024-06-13,8563
00632R,元大台灣50反1,898,36,862,新光-新竹,2024-06-13,8563
00712,復華富時不動產,382,58,324,新光-新竹,2024-06-13,8563
00942B,台新美A公司債20+,210,2,208,新光-新竹,2024-06-13,8563
00946,群益科技高息成長,208,12,196,新光-新竹,2024-06-13,8563
2363,矽統,272,95,177,新光-新竹,2024-06-13,8563
00947,台新臺灣IC設計,165,1,164,新光-新竹,2024-06-13,8563
00751B,元大AAA至A公司債,164,14,150,新光-新竹,2024-06-13,8563
8028,昇陽半導體,352,203,149,新光-新竹,2024-06-13,8563
2317,鴻海,324,193,131,新光-新竹,2024-06-13,8563
1587,吉茂,128,5,123,新光-新竹,2024-06-13,8563
2929,淘帝-KY,122,0,122,新光-新竹,2024-06-13,8563
0050,元大台灣50,132,22,110,新光-新竹,2024-06-13,8563
00937B,群益ESG投等債20,642,534,108,新光-新竹,2024-06-13,8563
2367,燿華,432,331,101,新光-新竹,2024-06-13,8563
2609,陽明,579,481,98,新光-新竹,2024-06-13,8563
2888,新光金,101,6,95,新光-新竹,2024-06-13,8563
00713,元大台灣高息低波,95,4,91,新光-新竹,2024-06-13,8563
1325,恆大,95,5,90,新光-新竹,2024-06-13,8563
00757,統一FANG+,87,0,87,新光-新竹,2024-06-13,8563
2330,台積電,126,42,84,新光-新竹,2024-06-13,8563
2312,金寶,71,4,67,新光-新竹,2024-06-13,8563
1815,富喬,136,72,64,新光-新竹,2024-06-13,8563
00688L,國泰20年美債正2,120,67,53,新光-新竹,2024-06-13,8563
2637,慧洋-KY,50,3,47,新光-新竹,2024-06-13,8563
4909,新復興,98,52,46,新光-新竹,2024-06-13,8563
2352,佳世達,39,1,38,新光-新竹,2024-06-13,8563
2610,華航,42,4,38,新光-新竹,2024-06-13,8563
8096,擎亞,59,21,38,新光-新竹,2024-06-13,8563
00680L,元大美債20正2,40,5,35,新光-新竹,2024-06-13,8563
2885,元大金,36,1,35,新光-新竹,2024-06-13,8563
4160,訊聯基因,34,0,34,新光-新竹,2024-06-13,8563
00919,群益台灣精選高息,253,220,33,新光-新竹,2024-06-13,8563
6805,富世達,38,6,32,新光-新竹,2024-06-13,8563
2464,盟立,133,102,31,新光-新竹,2024-06-13,8563
2442,新美齊,30,0,30,新光-新竹,2024-06-13,8563
6952,大武山,31,2,29,新光-新竹,2024-06-13,8563
2362,藍天,32,3,29,新光-新竹,2024-06-13,8563
6789,采鈺,71,43,28,新光-新竹,2024-06-13,8563
6548,長科*,57,30,27,新光-新竹,2024-06-13,8563
3055,蔚華科,33,7,26,新光-新竹,2024-06-13,8563
00918,大華優利高填息30,34,9,25,新光-新竹,2024-06-13,8563
2355,敬鵬,25,0,25,新光-新竹,2024-06-13,8563
00923,群益台ESG低碳50,26,2,24,新光-新竹,2024-06-13,8563
3264,欣銓,28,4,24,新光-新竹,2024-06-13,8563
4533,協易機,75,51,24,新光-新竹,2024-06-13,8563
2359,所羅門,290,267,23,新光-新竹,2024-06-13,8563
2801,彰銀,23,0,23,新光-新竹,2024-06-13,8563
5880,合庫金,22,0,22,新光-新竹,2024-06-13,8563
1617,榮星,42,20,22,新光-新竹,2024-06-13,8563
00712,復華富時不動產,1098,21,1077,新光-新竹,2024-06-14,8563
00929,復華台灣科技優息,429,108,321,新光-新竹,2024-06-14,8563
00632R,元大台灣50反1,321,1,320,新光-新竹,2024-06-14,8563
00937B,群益ESG投等債20,529,264,265,新光-新竹,2024-06-14,8563
00713,元大台灣高息低波,177,1,176,新光-新竹,2024-06-14,8563
2929,淘帝-KY,176,0,176,新光-新竹,2024-06-14,8563
4979,華星光,172,8,164,新光-新竹,2024-06-14,8563
1325,恆大,148,3,145,新光-新竹,2024-06-14,8563
00706L,期元大S＆P日圓正2,151,8,143,新光-新竹,2024-06-14,8563
00918,大華優利高填息30,134,9,125,新光-新竹,2024-06-14,8563
9945,潤泰新,133,22,111,新光-新竹,2024-06-14,8563
00673R,期元大S＆P原油反1,100,0,100,新光-新竹,2024-06-14,8563
912000,晨訊科-DR,90,0,90,新光-新竹,2024-06-14,8563
1503,士電,120,33,87,新光-新竹,2024-06-14,8563
2371,大同,243,162,81,新光-新竹,2024-06-14,8563
1595,川寶,76,0,76,新光-新竹,2024-06-14,8563
00687B,國泰20年美債,181,105,76,新光-新竹,2024-06-14,8563
1815,富喬,152,83,69,新光-新竹,2024-06-14,8563
00948B,中信優息投資級債,68,2,66,新光-新竹,2024-06-14,8563
1609,大亞,178,122,56,新光-新竹,2024-06-14,8563
00947,台新臺灣IC設計,63,7,56,新光-新竹,2024-06-14,8563
9919,康那香,65,11,54,新光-新竹,2024-06-14,8563
6284,佳邦,80,26,54,新光-新竹,2024-06-14,8563
00688L,國泰20年美債正2,223,172,51,新光-新竹,2024-06-14,8563
9946,三發地產,92,45,47,新光-新竹,2024-06-14,8563
3363,上詮,133,92,41,新光-新竹,2024-06-14,8563
5490,同亨,145,104,41,新光-新竹,2024-06-14,8563
2206,三陽工業,59,18,41,新光-新竹,2024-06-14,8563
6873,泓德能源,39,0,39,新光-新竹,2024-06-14,8563
8104,錸寶,39,0,39,新光-新竹,2024-06-14,8563
2449,京元電子,68,29,39,新光-新竹,2024-06-14,8563
2353,宏��,59,21,38,新光-新竹,2024-06-14,8563
1474,弘裕,38,0,38,新光-新竹,2024-06-14,8563
00751B,元大AAA至A公司債,52,15,37,新光-新竹,2024-06-14,8563
5230,雷笛克光學,37,0,37,新光-新竹,2024-06-14,8563
5347,世界,92,57,35,新光-新竹,2024-06-14,8563
2605,新興,46,13,33,新光-新竹,2024-06-14,8563
2486,一詮,92,61,31,新光-新竹,2024-06-14,8563
5340,建榮,32,1,31,新光-新竹,2024-06-14,8563
8028,昇陽半導體,113,83,30,新光-新竹,2024-06-14,8563
2362,藍天,33,3,30,新光-新竹,2024-06-14,8563
5515,建國,30,0,30,新光-新竹,2024-06-14,8563
2801,彰銀,30,0,30,新光-新竹,2024-06-14,8563
00830,國泰費城半導體,30,0,30,新光-新竹,2024-06-14,8563
00662,富邦NASDAQ,29,0,29,新光-新竹,2024-06-14,8563
2618,長榮航,50,22,28,新光-新竹,2024-06-14,8563
1522,堤維西,42,14,28,新光-新竹,2024-06-14,8563
4157,太景*-KY,28,0,28,新光-新竹,2024-06-14,8563
6451,訊芯-KY,47,20,27,新光-新竹,2024-06-14,8563
6806,森崴能源,40,14,26,新光-新竹,2024-06-14,8563
6770,力積電,405,134,271,新光-新竹,2024-06-17,8563
2883,凱基金,260,6,254,新光-新竹,2024-06-17,8563
2929,淘帝-KY,190,3,187,新光-新竹,2024-06-17,8563
00940,元大台灣價值高息,211,42,169,新光-新竹,2024-06-17,8563
00751B,元大AAA至A公司債,154,16,138,新光-新竹,2024-06-17,8563
00918,大華優利高填息30,149,12,137,新光-新竹,2024-06-17,8563
2615,萬海,341,221,120,新光-新竹,2024-06-17,8563
2351,順德,151,33,118,新光-新竹,2024-06-17,8563
00665L,富邦�琤肭磪囓�2,133,20,113,新光-新竹,2024-06-17,8563
00687B,國泰20年美債,126,15,111,新光-新竹,2024-06-17,8563
00946,群益科技高息成長,106,0,106,新光-新竹,2024-06-17,8563
00712,復華富時不動產,145,42,103,新光-新竹,2024-06-17,8563
1301,台塑,109,15,94,新光-新竹,2024-06-17,8563
00713,元大台灣高息低波,91,2,89,新光-新竹,2024-06-17,8563
00933B,國泰10Y+金融債,112,23,89,新光-新竹,2024-06-17,8563
00768B,復華20年美債,79,0,79,新光-新竹,2024-06-17,8563
1616,億泰,86,9,77,新光-新竹,2024-06-17,8563
2025,千興,76,1,75,新光-新竹,2024-06-17,8563
2442,新美齊,72,1,71,新光-新竹,2024-06-17,8563
00929,復華台灣科技優息,413,345,68,新光-新竹,2024-06-17,8563
9946,三發地產,72,9,63,新光-新竹,2024-06-17,8563
00948B,中信優息投資級債,64,2,62,新光-新竹,2024-06-17,8563
2515,中工,81,22,59,新光-新竹,2024-06-17,8563
1316,上曜,72,15,57,新光-新竹,2024-06-17,8563
00936,台新永續高息中小,168,113,55,新光-新竹,2024-06-17,8563
9105,泰金寶-DR,286,232,54,新光-新竹,2024-06-17,8563
2609,陽明,420,368,52,新光-新竹,2024-06-17,8563
2312,金寶,116,67,49,新光-新竹,2024-06-17,8563
6231,系微,54,8,46,新光-新竹,2024-06-17,8563
2356,英業達,49,5,44,新光-新竹,2024-06-17,8563
3535,晶彩科,43,3,40,新光-新竹,2024-06-17,8563
2641,正德,45,5,40,新光-新竹,2024-06-17,8563
00633L,富邦上証正2,40,0,40,新光-新竹,2024-06-17,8563
3374,精材,112,73,39,新光-新竹,2024-06-17,8563
1609,大亞,133,94,39,新光-新竹,2024-06-17,8563
00650L,復華香港正2,41,5,36,新光-新竹,2024-06-17,8563
1532,勤美,38,3,35,新光-新竹,2024-06-17,8563
2617,台航,33,0,33,新光-新竹,2024-06-17,8563
2392,正崴,65,34,31,新光-新竹,2024-06-17,8563
00786B,元大10年IG銀行債,31,0,31,新光-新竹,2024-06-17,8563
1618,合機,191,161,30,新光-新竹,2024-06-17,8563
5392,能率,32,2,30,新光-新竹,2024-06-17,8563
1314,中石化,70,40,30,新光-新竹,2024-06-17,8563
2520,冠德,36,6,30,新光-新竹,2024-06-17,8563
6290,良維,60,30,30,新光-新竹,2024-06-17,8563
3231,緯創,35,5,30,新光-新竹,2024-06-17,8563
3489,森寶,32,3,29,新光-新竹,2024-06-17,8563
00885,富邦越南,31,2,29,新光-新竹,2024-06-17,8563
2331,精英,35,6,29,新光-新竹,2024-06-17,8563
2314,台揚,29,1,28,新光-新竹,2024-06-17,8563
00940,元大台灣價值高息,397,26,371,新光-新竹,2024-06-18,8563
00946,群益科技高息成長,329,2,327,新光-新竹,2024-06-18,8563
00632R,元大台灣50反1,396,113,283,新光-新竹,2024-06-18,8563
00942B,台新美A公司債20+,300,26,274,新光-新竹,2024-06-18,8563
00936,台新永續高息中小,280,71,209,新光-新竹,2024-06-18,8563
2618,長榮航,454,285,169,新光-新竹,2024-06-18,8563
00688L,國泰20年美債正2,169,0,169,新光-新竹,2024-06-18,8563
00687B,國泰20年美債,213,87,126,新光-新竹,2024-06-18,8563
1815,富喬,178,55,123,新光-新竹,2024-06-18,8563
00713,元大台灣高息低波,120,4,116,新光-新竹,2024-06-18,8563
00915,凱基優選高股息30,105,3,102,新光-新竹,2024-06-18,8563
9103,美德醫療-DR,100,6,94,新光-新竹,2024-06-18,8563
00673R,期元大S＆P原油反1,82,0,82,新光-新竹,2024-06-18,8563
8064,東捷,150,93,57,新光-新竹,2024-06-18,8563
00937B,群益ESG投等債20,316,263,53,新光-新竹,2024-06-18,8563
00948B,中信優息投資級債,54,2,52,新光-新竹,2024-06-18,8563
00795B,中信美國公債20年,52,1,51,新光-新竹,2024-06-18,8563
2484,希華,50,0,50,新光-新竹,2024-06-18,8563
00896,中信綠能及電動車,46,0,46,新光-新竹,2024-06-18,8563
2363,矽統,152,111,41,新光-新竹,2024-06-18,8563
2449,京元電子,105,66,39,新光-新竹,2024-06-18,8563
9946,三發地產,41,3,38,新光-新竹,2024-06-18,8563
2031,新光鋼,54,16,38,新光-新竹,2024-06-18,8563
4533,協易機,61,25,36,新光-新竹,2024-06-18,8563
00929,復華台灣科技優息,324,289,35,新光-新竹,2024-06-18,8563
2476,鉅祥,79,45,34,新光-新竹,2024-06-18,8563
2851,中再保,36,2,34,新光-新竹,2024-06-18,8563
8110,華東,34,1,33,新光-新竹,2024-06-18,8563
8121,越峰,32,0,32,新光-新竹,2024-06-18,8563
2442,新美齊,66,34,32,新光-新竹,2024-06-18,8563
3094,聯傑,32,0,32,新光-新竹,2024-06-18,8563
00679B,元大美債20年,128,97,31,新光-新竹,2024-06-18,8563
00923,群益台ESG低碳50,69,38,31,新光-新竹,2024-06-18,8563
9910,豐泰,32,1,31,新光-新竹,2024-06-18,8563
6806,森崴能源,39,10,29,新光-新竹,2024-06-18,8563
4566,時碩工業,98,70,28,新光-新竹,2024-06-18,8563
1785,光洋科,53,25,28,新光-新竹,2024-06-18,8563
2376,技嘉,37,9,28,新光-新竹,2024-06-18,8563
00895,富邦未來車,28,2,26,新光-新竹,2024-06-18,8563
2303,聯電,109,83,26,新光-新竹,2024-06-18,8563
2353,宏��,89,65,24,新光-新竹,2024-06-18,8563
2615,萬海,118,93,25,新光-新竹,2024-06-18,8563
2331,精英,25,1,24,新光-新竹,2024-06-18,8563
2010,春源,24,0,24,新光-新竹,2024-06-18,8563
2351,順德,54,30,24,新光-新竹,2024-06-18,8563
2486,一詮,105,82,23,新光-新竹,2024-06-18,8563
2314,台揚,23,0,23,新光-新竹,2024-06-18,8563
2891,中信金,26,4,22,新光-新竹,2024-06-18,8563
1909,榮成,22,0,22,新光-新竹,2024-06-18,8563
8028,昇陽半導體,139,118,21,新光-新竹,2024-06-18,8563
00948B,中信優息投資級債,1642,1,1641,新光-新竹,2024-06-19,8563
00632R,元大台灣50反1,1414,30,1384,新光-新竹,2024-06-19,8563
00946,群益科技高息成長,491,10,481,新光-新竹,2024-06-19,8563
00713,元大台灣高息低波,205,4,201,新光-新竹,2024-06-19,8563
2365,昆盈,436,245,191,新光-新竹,2024-06-19,8563
2888,新光金,225,46,179,新光-新竹,2024-06-19,8563
00940,元大台灣價值高息,504,346,158,新光-新竹,2024-06-19,8563
00712,復華富時不動產,199,60,139,新光-新竹,2024-06-19,8563
00919,群益台灣精選高息,520,381,139,新光-新竹,2024-06-19,8563
4967,十銓,228,94,134,新光-新竹,2024-06-19,8563
1711,永光,133,0,133,新光-新竹,2024-06-19,8563
00936,台新永續高息中小,204,90,114,新光-新竹,2024-06-19,8563
00688L,國泰20年美債正2,292,181,111,新光-新竹,2024-06-19,8563
00633L,富邦上証正2,110,0,110,新光-新竹,2024-06-19,8563
00664R,國泰臺灣加權反1,96,0,96,新光-新竹,2024-06-19,8563
4958,臻鼎-KY,120,29,91,新光-新竹,2024-06-19,8563
00757,統一FANG+,87,13,74,新光-新竹,2024-06-19,8563
8110,華東,107,35,72,新光-新竹,2024-06-19,8563
4979,華星光,108,41,67,新光-新竹,2024-06-19,8563
00885,富邦越南,80,13,67,新光-新竹,2024-06-19,8563
5871,中租-KY,68,1,67,新光-新竹,2024-06-19,8563
9945,潤泰新,62,5,57,新光-新竹,2024-06-19,8563
1522,堤維西,127,74,53,新光-新竹,2024-06-19,8563
00637L,元大滬深300正2,548,500,48,新光-新竹,2024-06-19,8563
1513,中興電,101,54,47,新光-新竹,2024-06-19,8563
1815,富喬,174,127,47,新光-新竹,2024-06-19,8563
2442,新美齊,45,0,45,新光-新竹,2024-06-19,8563
00687B,國泰20年美債,191,149,42,新光-新竹,2024-06-19,8563
4532,瑞智,41,0,41,新光-新竹,2024-06-19,8563
2929,淘帝-KY,36,0,36,新光-新竹,2024-06-19,8563
00947,台新臺灣IC設計,35,0,35,新光-新竹,2024-06-19,8563
3702A,大聯大甲特,34,0,34,新光-新竹,2024-06-19,8563
2328,廣宇,45,11,34,新光-新竹,2024-06-19,8563
2609,陽明,216,182,34,新光-新竹,2024-06-19,8563
00915,凱基優選高股息30,62,30,32,新光-新竹,2024-06-19,8563
3623,富晶通,33,1,32,新光-新竹,2024-06-19,8563
8210,勤誠,35,4,31,新光-新竹,2024-06-19,8563
2457,飛宏,35,4,31,新光-新竹,2024-06-19,8563
4588,玖鼎電力,38,8,30,新光-新竹,2024-06-19,8563
4956,光鋐,71,41,30,新光-新竹,2024-06-19,8563
2349,錸德,30,0,30,新光-新竹,2024-06-19,8563
2314,台揚,30,0,30,新光-新竹,2024-06-19,8563
8070,長華*,33,4,29,新光-新竹,2024-06-19,8563
1316,上曜,50,21,29,新光-新竹,2024-06-19,8563
3312,弘憶股,41,12,29,新光-新竹,2024-06-19,8563
2353,宏��,82,53,29,新光-新竹,2024-06-19,8563
2002,中鋼,38,11,27,新光-新竹,2024-06-19,8563
8011,台通,33,7,26,新光-新竹,2024-06-19,8563
9105,泰金寶-DR,28,2,26,新光-新竹,2024-06-19,8563
8121,越峰,26,2,24,新光-新竹,2024-06-19,8563
00940,元大台灣價值高息,825,97,728,新光-新竹,2024-06-20,8563
00632R,元大台灣50反1,276,31,245,新光-新竹,2024-06-20,8563
00948B,中信優息投資級債,211,5,206,新光-新竹,2024-06-20,8563
00712,復華富時不動產,308,103,205,新光-新竹,2024-06-20,8563
00936,台新永續高息中小,201,1,200,新光-新竹,2024-06-20,8563
00937B,群益ESG投等債20,464,266,198,新光-新竹,2024-06-20,8563
00768B,復華20年美債,184,0,184,新光-新竹,2024-06-20,8563
00665L,富邦�琤肭磪囓�2,179,2,177,新光-新竹,2024-06-20,8563
2353,宏��,150,24,126,新光-新竹,2024-06-20,8563
9105,泰金寶-DR,107,24,83,新光-新竹,2024-06-20,8563
2330,台積電,103,36,67,新光-新竹,2024-06-20,8563
00680L,元大美債20正2,107,41,66,新光-新竹,2024-06-20,8563
00751B,元大AAA至A公司債,65,0,65,新光-新竹,2024-06-20,8563
8277,商丞,92,28,64,新光-新竹,2024-06-20,8563
00679B,元大美債20年,119,59,60,新光-新竹,2024-06-20,8563
2618,長榮航,92,34,58,新光-新竹,2024-06-20,8563
2888,新光金,94,39,55,新光-新竹,2024-06-20,8563
2371,大同,157,102,55,新光-新竹,2024-06-20,8563
00795B,中信美國公債20年,54,0,54,新光-新竹,2024-06-20,8563
00637L,元大滬深300正2,765,711,54,新光-新竹,2024-06-20,8563
00919,群益台灣精選高息,360,307,53,新光-新竹,2024-06-20,8563
6233,旺玖,50,0,50,新光-新竹,2024-06-20,8563
1522,堤維西,71,21,50,新光-新竹,2024-06-20,8563
00918,大華優利高填息30,60,14,46,新光-新竹,2024-06-20,8563
2374,佳能,45,1,44,新光-新竹,2024-06-20,8563
1603,華電,45,1,44,新光-新竹,2024-06-20,8563
2609,陽明,275,232,43,新光-新竹,2024-06-20,8563
4726,永昕,55,13,42,新光-新竹,2024-06-20,8563
8070,長華*,60,22,38,新光-新竹,2024-06-20,8563
2610,華航,75,38,37,新光-新竹,2024-06-20,8563
00947,台新臺灣IC設計,36,0,36,新光-新竹,2024-06-20,8563
3481,群創,52,17,35,新光-新竹,2024-06-20,8563
2929,淘帝-KY,32,0,32,新光-新竹,2024-06-20,8563
3047,訊舟,36,5,31,新光-新竹,2024-06-20,8563
00915,凱基優選高股息30,38,8,30,新光-新竹,2024-06-20,8563
5347,世界,36,6,30,新光-新竹,2024-06-20,8563
3374,精材,72,43,29,新光-新竹,2024-06-20,8563
4167,松瑞藥,31,2,29,新光-新竹,2024-06-20,8563
2392,正崴,40,14,26,新光-新竹,2024-06-20,8563
8096,擎亞,95,69,26,新光-新竹,2024-06-20,8563
9941,裕融,27,1,26,新光-新竹,2024-06-20,8563
6216,居易,35,9,26,新光-新竹,2024-06-20,8563
4306,炎洲,33,9,24,新光-新竹,2024-06-20,8563
3312,弘憶股,24,1,23,新光-新竹,2024-06-20,8563
6916,華凌,22,0,22,新光-新竹,2024-06-20,8563
00881,國泰台灣5G+,22,0,22,新光-新竹,2024-06-20,8563
00885,富邦越南,21,0,21,新光-新竹,2024-06-20,8563
2485,兆赫,21,0,21,新光-新竹,2024-06-20,8563
3557,嘉威,21,0,21,新光-新竹,2024-06-20,8563
00633L,富邦上証正2,20,0,20,新光-新竹,2024-06-20,8563
00937B,群益ESG投等債20,2019,129,1890,新光-新竹,2024-06-21,8563
2609,陽明,1081,580,501,新光-新竹,2024-06-21,8563
00688L,國泰20年美債正2,298,21,277,新光-新竹,2024-06-21,8563
00936,台新永續高息中小,249,1,248,新光-新竹,2024-06-21,8563
00673R,期元大S＆P原油反1,239,0,239,新光-新竹,2024-06-21,8563
2365,昆盈,235,41,194,新光-新竹,2024-06-21,8563
00712,復華富時不動產,204,14,190,新光-新竹,2024-06-21,8563
2498,宏達電,245,100,145,新光-新竹,2024-06-21,8563
00948B,中信優息投資級債,260,119,141,新光-新竹,2024-06-21,8563
2317,鴻海,324,201,123,新光-新竹,2024-06-21,8563
912000,晨訊科-DR,100,0,100,新光-新竹,2024-06-21,8563
4967,十銓,104,4,100,新光-新竹,2024-06-21,8563
9946,三發地產,238,146,92,新光-新竹,2024-06-21,8563
2883B,凱基金乙特,120,30,90,新光-新竹,2024-06-21,8563
3481,群創,652,566,86,新光-新竹,2024-06-21,8563
2442,新美齊,85,1,84,新光-新竹,2024-06-21,8563
00687B,國泰20年美債,136,54,82,新光-新竹,2024-06-21,8563
8070,長華*,86,5,81,新光-新竹,2024-06-21,8563
2303,聯電,141,60,81,新光-新竹,2024-06-21,8563
2374,佳能,75,0,75,新光-新竹,2024-06-21,8563
00933B,國泰10Y+金融債,70,0,70,新光-新竹,2024-06-21,8563
00679B,元大美債20年,103,34,69,新光-新竹,2024-06-21,8563
3062,建漢,184,123,61,新光-新竹,2024-06-21,8563
3489,森寶,60,0,60,新光-新竹,2024-06-21,8563
00929,復華台灣科技優息,606,549,57,新光-新竹,2024-06-21,8563
00830,國泰費城半導體,56,0,56,新光-新竹,2024-06-21,8563
3305,昇貿,186,137,49,新光-新竹,2024-06-21,8563
00878,國泰永續高股息,132,83,49,新光-新竹,2024-06-21,8563
3363,上詮,54,8,46,新光-新竹,2024-06-21,8563
6217,中探針,59,13,46,新光-新竹,2024-06-21,8563
3045,台灣大,50,4,46,新光-新竹,2024-06-21,8563
00795B,中信美國公債20年,47,2,45,新光-新竹,2024-06-21,8563
0056,元大高股息,83,38,45,新光-新竹,2024-06-21,8563
2615,萬海,352,308,44,新光-新竹,2024-06-21,8563
3374,精材,58,19,39,新光-新竹,2024-06-21,8563
2371,大同,52,14,38,新光-新竹,2024-06-21,8563
00946,群益科技高息成長,42,5,37,新光-新竹,2024-06-21,8563
4566,時碩工業,55,18,37,新光-新竹,2024-06-21,8563
00940,元大台灣價值高息,120,83,37,新光-新竹,2024-06-21,8563
00664R,國泰臺灣加權反1,36,0,36,新光-新竹,2024-06-21,8563
00675L,富邦臺灣加權正2,38,2,36,新光-新竹,2024-06-21,8563
8011,台通,216,180,36,新光-新竹,2024-06-21,8563
00885,富邦越南,35,0,35,新光-新竹,2024-06-21,8563
3535,晶彩科,63,29,34,新光-新竹,2024-06-21,8563
2316,楠梓電,331,297,34,新光-新竹,2024-06-21,8563
2812,台中銀,31,0,31,新光-新竹,2024-06-21,8563
2636,台驊控股,31,0,31,新光-新竹,2024-06-21,8563
00751B,元大AAA至A公司債,29,0,29,新光-新竹,2024-06-21,8563
3356,奇偶,29,0,29,新光-新竹,2024-06-21,8563
00713,元大台灣高息低波,31,3,28,新光-新竹,2024-06-21,8563
00919,群益台灣精選高息,928,296,632,新光-新竹,2024-06-24,8563
00632R,元大台灣50反1,1017,393,624,新光-新竹,2024-06-24,8563
3481,群創,1457,960,497,新光-新竹,2024-06-24,8563
00940,元大台灣價值高息,545,277,268,新光-新竹,2024-06-24,8563
00929,復華台灣科技優息,506,252,254,新光-新竹,2024-06-24,8563
00937B,群益ESG投等債20,281,91,190,新光-新竹,2024-06-24,8563
00665L,富邦�琤肭磪囓�2,160,10,150,新光-新竹,2024-06-24,8563
1711,永光,118,0,118,新光-新竹,2024-06-24,8563
3062,建漢,409,294,115,新光-新竹,2024-06-24,8563
1785,光洋科,270,165,105,新光-新竹,2024-06-24,8563
2002,中鋼,113,21,92,新光-新竹,2024-06-24,8563
0050,元大台灣50,100,13,87,新光-新竹,2024-06-24,8563
1314,中石化,110,27,83,新光-新竹,2024-06-24,8563
2351,順德,80,0,80,新光-新竹,2024-06-24,8563
2317,鴻海,215,138,77,新光-新竹,2024-06-24,8563
5351,鈺創,81,5,76,新光-新竹,2024-06-24,8563
00675L,富邦臺灣加權正2,69,0,69,新光-新竹,2024-06-24,8563
00936,台新永續高息中小,75,7,68,新光-新竹,2024-06-24,8563
6449,鈺邦,87,30,57,新光-新竹,2024-06-24,8563
00947,台新臺灣IC設計,52,0,52,新光-新竹,2024-06-24,8563
00768B,復華20年美債,51,0,51,新光-新竹,2024-06-24,8563
6615,慧智,49,0,49,新光-新竹,2024-06-24,8563
1301,台塑,47,1,46,新光-新竹,2024-06-24,8563
2436,偉詮電,42,0,42,新光-新竹,2024-06-24,8563
8011,台通,44,2,42,新光-新竹,2024-06-24,8563
2618,長榮航,88,47,41,新光-新竹,2024-06-24,8563
1217,愛之味,42,1,41,新光-新竹,2024-06-24,8563
1723,中碳,65,25,40,新光-新竹,2024-06-24,8563
2314,台揚,40,0,40,新光-新竹,2024-06-24,8563
3576,聯合再生,42,2,40,新光-新竹,2024-06-24,8563
3663,鑫科,53,14,39,新光-新竹,2024-06-24,8563
00946,群益科技高息成長,99,61,38,新光-新竹,2024-06-24,8563
3338,泰碩,46,8,38,新光-新竹,2024-06-24,8563
6190,萬泰科,39,4,35,新光-新竹,2024-06-24,8563
00878,國泰永續高股息,107,72,35,新光-新竹,2024-06-24,8563
00713,元大台灣高息低波,39,5,34,新光-新竹,2024-06-24,8563
3163,波若威,49,15,34,新光-新竹,2024-06-24,8563
3450,聯鈞,118,86,32,新光-新竹,2024-06-24,8563
2007,燁興,32,0,32,新光-新竹,2024-06-24,8563
2347,聯強,36,5,31,新光-新竹,2024-06-24,8563
2312,金寶,56,25,31,新光-新竹,2024-06-24,8563
3231,緯創,66,36,30,新光-新竹,2024-06-24,8563
6257,矽格,39,12,27,新光-新竹,2024-06-24,8563
006208,富邦台50,30,3,27,新光-新竹,2024-06-24,8563
2363,矽統,47,20,27,新光-新竹,2024-06-24,8563
5328,華容,67,41,26,新光-新竹,2024-06-24,8563
2061,風青,35,9,26,新光-新竹,2024-06-24,8563
0056,元大高股息,62,36,26,新光-新竹,2024-06-24,8563
3049,精金,26,1,25,新光-新竹,2024-06-24,8563
3673,TPK-KY,36,11,25,新光-新竹,2024-06-24,8563
00929,復華台灣科技優息,834,397,437,新光-新竹,2024-06-25,8563
00852L,國泰美國道瓊正2,320,0,320,新光-新竹,2024-06-25,8563
00937B,群益ESG投等債20,383,115,268,新光-新竹,2024-06-25,8563
00936,台新永續高息中小,269,5,264,新光-新竹,2024-06-25,8563
2542,興富發,245,13,232,新光-新竹,2024-06-25,8563
00919,群益台灣精選高息,456,236,220,新光-新竹,2024-06-25,8563
2365,昆盈,170,13,157,新光-新竹,2024-06-25,8563
1432,大魯閣,111,4,107,新光-新竹,2024-06-25,8563
8110,華東,335,234,101,新光-新竹,2024-06-25,8563
00680L,元大美債20正2,108,7,101,新光-新竹,2024-06-25,8563
00687B,國泰20年美債,153,63,90,新光-新竹,2024-06-25,8563
3663,鑫科,156,78,78,新光-新竹,2024-06-25,8563
00673R,期元大S＆P原油反1,77,0,77,新光-新竹,2024-06-25,8563
2312,金寶,85,12,73,新光-新竹,2024-06-25,8563
3680,家登,62,0,62,新光-新竹,2024-06-25,8563
3149,正達,61,3,58,新光-新竹,2024-06-25,8563
4526,東台,92,35,57,新光-新竹,2024-06-25,8563
9105,泰金寶-DR,85,28,57,新光-新竹,2024-06-25,8563
3338,泰碩,69,15,54,新光-新竹,2024-06-25,8563
00942B,台新美A公司債20+,49,0,49,新光-新竹,2024-06-25,8563
1815,富喬,92,45,47,新光-新竹,2024-06-25,8563
2002,中鋼,47,2,45,新光-新竹,2024-06-25,8563
00947,台新臺灣IC設計,52,12,40,新光-新竹,2024-06-25,8563
00675L,富邦臺灣加權正2,61,25,36,新光-新竹,2024-06-25,8563
1314,中石化,138,103,35,新光-新竹,2024-06-25,8563
3710,連展投控,35,0,35,新光-新竹,2024-06-25,8563
2883,凱基金,63,29,34,新光-新竹,2024-06-25,8563
8466,美吉吉-KY,33,1,32,新光-新竹,2024-06-25,8563
00631L,元大台灣50正2,77,46,31,新光-新竹,2024-06-25,8563
00713,元大台灣高息低波,31,0,31,新光-新竹,2024-06-25,8563
3489,森寶,30,0,30,新光-新竹,2024-06-25,8563
00650L,復華香港正2,65,35,30,新光-新竹,2024-06-25,8563
3062,建漢,64,35,29,新光-新竹,2024-06-25,8563
2408,南亞科,49,20,29,新光-新竹,2024-06-25,8563
3047,訊舟,51,23,28,新光-新竹,2024-06-25,8563
00679B,元大美債20年,102,74,28,新光-新竹,2024-06-25,8563
2303,聯電,136,109,27,新光-新竹,2024-06-25,8563
1101,台泥,41,14,27,新光-新竹,2024-06-25,8563
00665L,富邦�琤肭磪囓�2,40,15,25,新光-新竹,2024-06-25,8563
4956,光鋐,36,12,24,新光-新竹,2024-06-25,8563
00946,群益科技高息成長,34,10,24,新光-新竹,2024-06-25,8563
00918,大華優利高填息30,36,13,23,新光-新竹,2024-06-25,8563
6179,亞通,23,0,23,新光-新竹,2024-06-25,8563
3037,欣興,38,16,22,新光-新竹,2024-06-25,8563
1752,南光,77,55,22,新光-新竹,2024-06-25,8563
4123,晟德,22,0,22,新光-新竹,2024-06-25,8563
5347,世界,26,4,22,新光-新竹,2024-06-25,8563
3231,緯創,51,30,21,新光-新竹,2024-06-25,8563
2382,廣達,55,34,21,新光-新竹,2024-06-25,8563
00830,國泰費城半導體,22,1,21,新光-新竹,2024-06-25,8563
00688L,國泰20年美債正2,261,20,241,新光-新竹,2024-06-26,8563
00948B,中信優息投資級債,311,83,228,新光-新竹,2024-06-26,8563
2867,三商壽,168,1,167,新光-新竹,2024-06-26,8563
00881,國泰台灣5G+,150,7,143,新光-新竹,2024-06-26,8563
00937B,群益ESG投等債20,144,10,134,新光-新竹,2024-06-26,8563
1314,中石化,171,75,96,新光-新竹,2024-06-26,8563
2354,鴻準,222,129,93,新光-新竹,2024-06-26,8563
00878,國泰永續高股息,312,222,90,新光-新竹,2024-06-26,8563
2409,友達,88,1,87,新光-新竹,2024-06-26,8563
3665,貿聯-KY,97,10,87,新光-新竹,2024-06-26,8563
2317,鴻海,207,122,85,新光-新竹,2024-06-26,8563
2929,淘帝-KY,82,0,82,新光-新竹,2024-06-26,8563
911868,同方友友-DR,80,0,80,新光-新竹,2024-06-26,8563
3019,亞光,79,0,79,新光-新竹,2024-06-26,8563
00936,台新永續高息中小,79,2,77,新光-新竹,2024-06-26,8563
2884,玉山金,84,9,75,新光-新竹,2024-06-26,8563
00942B,台新美A公司債20+,72,0,72,新光-新竹,2024-06-26,8563
00720B,元大投資級公司債,75,5,70,新光-新竹,2024-06-26,8563
3052,夆典,67,0,67,新光-新竹,2024-06-26,8563
2492,華新科,67,1,66,新光-新竹,2024-06-26,8563
2887,台新金,67,1,66,新光-新竹,2024-06-26,8563
00751B,元大AAA至A公司債,66,4,62,新光-新竹,2024-06-26,8563
2834,臺企銀,55,0,55,新光-新竹,2024-06-26,8563
00631L,元大台灣50正2,69,19,50,新光-新竹,2024-06-26,8563
00713,元大台灣高息低波,56,6,50,新光-新竹,2024-06-26,8563
2883,凱基金,79,32,47,新光-新竹,2024-06-26,8563
2888,新光金,49,4,45,新光-新竹,2024-06-26,8563
1815,富喬,77,32,45,新光-新竹,2024-06-26,8563
4167,松瑞藥,57,17,40,新光-新竹,2024-06-26,8563
3711,日月光投控,52,12,40,新光-新竹,2024-06-26,8563
1785,光洋科,124,85,39,新光-新竹,2024-06-26,8563
2609,陽明,180,141,39,新光-新竹,2024-06-26,8563
2610,華航,65,27,38,新光-新竹,2024-06-26,8563
6170,統振,37,0,37,新光-新竹,2024-06-26,8563
2352,佳世達,35,0,35,新光-新竹,2024-06-26,8563
5876,上海商銀,35,0,35,新光-新竹,2024-06-26,8563
2367,燿華,47,12,35,新光-新竹,2024-06-26,8563
2882,國泰金,44,12,32,新光-新竹,2024-06-26,8563
00947,台新臺灣IC設計,40,9,31,新光-新竹,2024-06-26,8563
2374,佳能,41,11,30,新光-新竹,2024-06-26,8563
3437,榮創,30,0,30,新光-新竹,2024-06-26,8563
6026,福邦證,30,0,30,新光-新竹,2024-06-26,8563
2615,萬海,160,130,30,新光-新竹,2024-06-26,8563
3231,緯創,43,14,29,新光-新竹,2024-06-26,8563
6244,茂迪,207,178,29,新光-新竹,2024-06-26,8563
3149,正達,64,36,28,新光-新竹,2024-06-26,8563
2337,旺宏,33,5,28,新光-新竹,2024-06-26,8563
1301,台塑,31,4,27,新光-新竹,2024-06-26,8563
2618,長榮航,67,40,27,新光-新竹,2024-06-26,8563
2812,台中銀,26,0,26,新光-新竹,2024-06-26,8563
00688L,國泰20年美債正2,396,58,338,新光-新竹,2024-06-27,8563
00687B,國泰20年美債,331,42,289,新光-新竹,2024-06-27,8563
00929,復華台灣科技優息,292,12,280,新光-新竹,2024-06-27,8563
00937B,群益ESG投等債20,700,426,274,新光-新竹,2024-06-27,8563
00948B,中信優息投資級債,299,58,241,新光-新竹,2024-06-27,8563
00679B,元大美債20年,188,12,176,新光-新竹,2024-06-27,8563
00680L,元大美債20正2,178,8,170,新光-新竹,2024-06-27,8563
3264,欣銓,132,1,131,新光-新竹,2024-06-27,8563
3576,聯合再生,193,77,116,新光-新竹,2024-06-27,8563
00795B,中信美國公債20年,121,6,115,新光-新竹,2024-06-27,8563
912000,晨訊科-DR,137,22,115,新光-新竹,2024-06-27,8563
2885,元大金,171,70,101,新光-新竹,2024-06-27,8563
9105,泰金寶-DR,102,6,96,新光-新竹,2024-06-27,8563
00857B,永豐20年美公債,83,0,83,新光-新竹,2024-06-27,8563
1709,和益,110,31,79,新光-新竹,2024-06-27,8563
4726,永昕,105,31,74,新光-新竹,2024-06-27,8563
00933B,國泰10Y+金融債,73,0,73,新光-新竹,2024-06-27,8563
9136,巨騰-DR,91,20,71,新光-新竹,2024-06-27,8563
2603,長榮,99,30,69,新光-新竹,2024-06-27,8563
2851,中再保,60,0,60,新光-新竹,2024-06-27,8563
00632R,元大台灣50反1,61,1,60,新光-新竹,2024-06-27,8563
00942B,台新美A公司債20+,58,0,58,新光-新竹,2024-06-27,8563
2892,第一金,98,45,53,新光-新竹,2024-06-27,8563
3481,群創,112,61,51,新光-新竹,2024-06-27,8563
00665L,富邦�琤肭磪囓�2,71,20,51,新光-新竹,2024-06-27,8563
00713,元大台灣高息低波,53,2,51,新光-新竹,2024-06-27,8563
2374,佳能,50,1,49,新光-新竹,2024-06-27,8563
00720B,元大投資級公司債,46,2,44,新光-新竹,2024-06-27,8563
3015,全漢,43,0,43,新光-新竹,2024-06-27,8563
2882,國泰金,49,8,41,新光-新竹,2024-06-27,8563
00936,台新永續高息中小,110,70,40,新光-新竹,2024-06-27,8563
1809,中釉,46,7,39,新光-新竹,2024-06-27,8563
1785,光洋科,110,72,38,新光-新竹,2024-06-27,8563
00751B,元大AAA至A公司債,37,0,37,新光-新竹,2024-06-27,8563
6538,倉和,98,61,37,新光-新竹,2024-06-27,8563
2002,中鋼,50,14,36,新光-新竹,2024-06-27,8563
00947,台新臺灣IC設計,39,5,34,新光-新竹,2024-06-27,8563
2515,中工,40,6,34,新光-新竹,2024-06-27,8563
5243,乙盛-KY,73,39,34,新光-新竹,2024-06-27,8563
9945,潤泰新,99,66,33,新光-新竹,2024-06-27,8563
8176,智捷,33,0,33,新光-新竹,2024-06-27,8563
2809,京城銀,32,0,32,新光-新竹,2024-06-27,8563
2812,台中銀,38,6,32,新光-新竹,2024-06-27,8563
2351,順德,34,2,32,新光-新竹,2024-06-27,8563
00927,群益半導體收益,31,0,31,新光-新竹,2024-06-27,8563
5905,南仁湖,56,25,31,新光-新竹,2024-06-27,8563
2634,漢翔,35,5,30,新光-新竹,2024-06-27,8563
4934,太極,30,0,30,新光-新竹,2024-06-27,8563
2408,南亞科,30,1,29,新光-新竹,2024-06-27,8563
1316,上曜,30,2,28,新光-新竹,2024-06-27,8563
00937B,群益ESG投等債20,502,55,447,新光-新竹,2024-06-28,8563
00768B,復華20年美債,168,0,168,新光-新竹,2024-06-28,8563
00680L,元大美債20正2,145,5,140,新光-新竹,2024-06-28,8563
00948B,中信優息投資級債,145,20,125,新光-新竹,2024-06-28,8563
3312,弘憶股,274,167,107,新光-新竹,2024-06-28,8563
2313,華通,133,29,104,新光-新竹,2024-06-28,8563
00713,元大台灣高息低波,105,2,103,新光-新竹,2024-06-28,8563
00936,台新永續高息中小,112,18,94,新光-新竹,2024-06-28,8563
00712,復華富時不動產,199,111,88,新光-新竹,2024-06-28,8563
3489,森寶,83,0,83,新光-新竹,2024-06-28,8563
2317,鴻海,240,158,82,新光-新竹,2024-06-28,8563
1714,和桐,98,16,82,新光-新竹,2024-06-28,8563
00632R,元大台灣50反1,128,56,72,新光-新竹,2024-06-28,8563
2337,旺宏,72,2,70,新光-新竹,2024-06-28,8563
6477,安集,72,4,68,新光-新竹,2024-06-28,8563
2618,長榮航,188,121,67,新光-新竹,2024-06-28,8563
2610,華航,114,47,67,新光-新竹,2024-06-28,8563
00665L,富邦�琤肭磪囓�2,64,1,63,新光-新竹,2024-06-28,8563
00725B,國泰投資級公司債,60,0,60,新光-新竹,2024-06-28,8563
2867,三商壽,60,1,59,新光-新竹,2024-06-28,8563
00631L,元大台灣50正2,84,26,58,新光-新竹,2024-06-28,8563
9946,三發地產,54,1,53,新光-新竹,2024-06-28,8563
3231,緯創,71,19,52,新光-新竹,2024-06-28,8563
3264,欣銓,57,6,51,新光-新竹,2024-06-28,8563
3481,群創,143,95,48,新光-新竹,2024-06-28,8563
2406,國碩,143,95,48,新光-新竹,2024-06-28,8563
8070,長華*,47,0,47,新光-新竹,2024-06-28,8563
8121,越峰,46,0,46,新光-新竹,2024-06-28,8563
0056,元大高股息,54,9,45,新光-新竹,2024-06-28,8563
00927,群益半導體收益,53,10,43,新光-新竹,2024-06-28,8563
2363,矽統,42,0,42,新光-新竹,2024-06-28,8563
4909,新復興,98,56,42,新光-新竹,2024-06-28,8563
00947,台新臺灣IC設計,41,0,41,新光-新竹,2024-06-28,8563
5871,中租-KY,41,2,39,新光-新竹,2024-06-28,8563
00706L,期元大S＆P日圓正2,38,0,38,新光-新竹,2024-06-28,8563
3673,TPK-KY,40,2,38,新光-新竹,2024-06-28,8563
00679B,元大美債20年,112,75,37,新光-新竹,2024-06-28,8563
00891,中信關鍵半導體,40,3,37,新光-新竹,2024-06-28,8563
8176,智捷,46,10,36,新光-新竹,2024-06-28,8563
2031,新光鋼,35,0,35,新光-新竹,2024-06-28,8563
00933B,國泰10Y+金融債,53,20,33,新光-新竹,2024-06-28,8563
8064,東捷,131,99,32,新光-新竹,2024-06-28,8563
3465,進泰電子,32,0,32,新光-新竹,2024-06-28,8563
00687B,國泰20年美債,225,194,31,新光-新竹,2024-06-28,8563
2201,裕隆,31,0,31,新光-新竹,2024-06-28,8563
2022,聚亨,31,0,31,新光-新竹,2024-06-28,8563
4552,力達-KY,30,0,30,新光-新竹,2024-06-28,8563
2436,偉詮電,30,0,30,新光-新竹,2024-06-28,8563
5519,隆大,29,0,29,新光-新竹,2024-06-28,8563
4949,有成精密,30,2,28,新光-新竹,2024-06-28,8563
00937B,群益ESG投等債20,1271,92,1179,新光-新竹,2024-07-01,8563
00688L,國泰20年美債正2,620,30,590,新光-新竹,2024-07-01,8563
00687B,國泰20年美債,398,12,386,新光-新竹,2024-07-01,8563
00632R,元大台灣50反1,440,96,344,新光-新竹,2024-07-01,8563
00679B,元大美債20年,325,70,255,新光-新竹,2024-07-01,8563
00795B,中信美國公債20年,205,6,199,新光-新竹,2024-07-01,8563
00929,復華台灣科技優息,280,148,132,新光-新竹,2024-07-01,8563
00948B,中信優息投資級債,228,100,128,新光-新竹,2024-07-01,8563
00933B,國泰10Y+金融債,210,84,126,新光-新竹,2024-07-01,8563
6117,迎廣,105,13,92,新光-新竹,2024-07-01,8563
6290,良維,104,22,82,新光-新竹,2024-07-01,8563
0056,元大高股息,97,15,82,新光-新竹,2024-07-01,8563
6111,大宇資,79,0,79,新光-新竹,2024-07-01,8563
3686,達能,101,28,73,新光-新竹,2024-07-01,8563
00786B,元大10年IG銀行債,73,0,73,新光-新竹,2024-07-01,8563
2352,佳世達,70,1,69,新光-新竹,2024-07-01,8563
4534,慶騰,72,4,68,新光-新竹,2024-07-01,8563
2330,台積電,98,31,67,新光-新竹,2024-07-01,8563
2002,中鋼,82,22,60,新光-新竹,2024-07-01,8563
3312,弘憶股,173,115,58,新光-新竹,2024-07-01,8563
00720B,元大投資級公司債,59,6,53,新光-新竹,2024-07-01,8563
4126,太醫,50,0,50,新光-新竹,2024-07-01,8563
4109,加捷生醫,59,9,50,新光-新竹,2024-07-01,8563
2609,陽明,105,62,43,新光-新竹,2024-07-01,8563
00772B,中信高評級公司債,42,0,42,新光-新竹,2024-07-01,8563
2367,燿華,123,81,42,新光-新竹,2024-07-01,8563
00637L,元大滬深300正2,159,118,41,新光-新竹,2024-07-01,8563
2408,南亞科,41,0,41,新光-新竹,2024-07-01,8563
8064,東捷,113,72,41,新光-新竹,2024-07-01,8563
00713,元大台灣高息低波,48,7,41,新光-新竹,2024-07-01,8563
00768B,復華20年美債,40,0,40,新光-新竹,2024-07-01,8563
2313,華通,88,49,39,新光-新竹,2024-07-01,8563
00715L,期街口布蘭特正2,39,0,39,新光-新竹,2024-07-01,8563
2537,聯上發,70,31,39,新光-新竹,2024-07-01,8563
2317,鴻海,144,107,37,新光-新竹,2024-07-01,8563
00751B,元大AAA至A公司債,37,0,37,新光-新竹,2024-07-01,8563
8096,擎亞,80,43,37,新光-新竹,2024-07-01,8563
9105,泰金寶-DR,46,9,37,新光-新竹,2024-07-01,8563
3050,鈺德,42,6,36,新光-新竹,2024-07-01,8563
2474,可成,35,0,35,新光-新竹,2024-07-01,8563
1514,亞力,43,10,33,新光-新竹,2024-07-01,8563
00857B,永豐20年美公債,32,0,32,新光-新竹,2024-07-01,8563
1101,台泥,33,1,32,新光-新竹,2024-07-01,8563
2867,三商壽,37,5,32,新光-新竹,2024-07-01,8563
2884,玉山金,36,5,31,新光-新竹,2024-07-01,8563
3413,京鼎,39,8,31,新光-新竹,2024-07-01,8563
00936,台新永續高息中小,64,34,30,新光-新竹,2024-07-01,8563
00949,復華日本龍頭,30,0,30,新光-新竹,2024-07-01,8563
6109,亞元,35,5,30,新光-新竹,2024-07-01,8563
2374,佳能,56,26,30,新光-新竹,2024-07-01,8563
00688L,國泰20年美債正2,1570,80,1490,新光-新竹,2024-07-02,8563
00934,中信成長高股息,1057,76,981,新光-新竹,2024-07-02,8563
00937B,群益ESG投等債20,1260,703,557,新光-新竹,2024-07-02,8563
00931B,統一美債20年,521,4,517,新光-新竹,2024-07-02,8563
00679B,元大美債20年,351,15,336,新光-新竹,2024-07-02,8563
00673R,期元大S＆P原油反1,331,0,331,新光-新竹,2024-07-02,8563
00948B,中信優息投資級債,1145,900,245,新光-新竹,2024-07-02,8563
00936,台新永續高息中小,288,46,242,新光-新竹,2024-07-02,8563
00687B,國泰20年美債,246,32,214,新光-新竹,2024-07-02,8563
0056,元大高股息,266,59,207,新光-新竹,2024-07-02,8563
2317,鴻海,429,227,202,新光-新竹,2024-07-02,8563
00725B,國泰投資級公司債,195,0,195,新光-新竹,2024-07-02,8563
00680L,元大美債20正2,260,81,179,新光-新竹,2024-07-02,8563
3481,群創,185,23,162,新光-新竹,2024-07-02,8563
2329,華泰,163,2,161,新光-新竹,2024-07-02,8563
2303,聯電,273,115,158,新光-新竹,2024-07-02,8563
6285,啟��,273,131,142,新光-新竹,2024-07-02,8563
3149,正達,165,23,142,新光-新竹,2024-07-02,8563
3702,大聯大,167,33,134,新光-新竹,2024-07-02,8563
2867,三商壽,112,0,112,新光-新竹,2024-07-02,8563
4739,康普,123,11,112,新光-新竹,2024-07-02,8563
00795B,中信美國公債20年,116,5,111,新光-新竹,2024-07-02,8563
1314,中石化,440,330,110,新光-新竹,2024-07-02,8563
6244,茂迪,144,47,97,新光-新竹,2024-07-02,8563
4534,慶騰,87,2,85,新光-新竹,2024-07-02,8563
00665L,富邦�琤肭磪囓�2,79,0,79,新光-新竹,2024-07-02,8563
8096,擎亞,133,55,78,新光-新竹,2024-07-02,8563
00885,富邦越南,73,0,73,新光-新竹,2024-07-02,8563
8112,至上,73,2,71,新光-新竹,2024-07-02,8563
3047,訊舟,109,41,68,新光-新竹,2024-07-02,8563
2884,玉山金,69,6,63,新光-新竹,2024-07-02,8563
3015,全漢,60,0,60,新光-新竹,2024-07-02,8563
00918,大華優利高填息30,61,2,59,新光-新竹,2024-07-02,8563
00933B,國泰10Y+金融債,63,5,58,新光-新竹,2024-07-02,8563
2324,仁寶,58,2,56,新光-新竹,2024-07-02,8563
2801,彰銀,52,0,52,新光-新竹,2024-07-02,8563
00857B,永豐20年美公債,50,0,50,新光-新竹,2024-07-02,8563
6770,力積電,47,0,47,新光-新竹,2024-07-02,8563
2368,金像電,68,22,46,新光-新竹,2024-07-02,8563
00942B,台新美A公司債20+,45,0,45,新光-新竹,2024-07-02,8563
2408,南亞科,49,4,45,新光-新竹,2024-07-02,8563
2365,昆盈,142,99,43,新光-新竹,2024-07-02,8563
2887E,台新戊特,41,0,41,新光-新竹,2024-07-02,8563
2486,一詮,42,1,41,新光-新竹,2024-07-02,8563
5452,佶優,60,20,40,新光-新竹,2024-07-02,8563
00927,群益半導體收益,59,20,39,新光-新竹,2024-07-02,8563
8064,東捷,130,91,39,新光-新竹,2024-07-02,8563
00637L,元大滬深300正2,137,98,39,新光-新竹,2024-07-02,8563
00930,永豐ESG低碳高息,38,0,38,新光-新竹,2024-07-02,8563
2022,聚亨,38,0,38,新光-新竹,2024-07-02,8563
00680L,元大美債20正2,630,11,619,新光-新竹,2024-07-03,8563
1815,富喬,504,63,441,新光-新竹,2024-07-03,8563
00934,中信成長高股息,377,58,319,新光-新竹,2024-07-03,8563
3576,聯合再生,276,106,170,新光-新竹,2024-07-03,8563
00688L,國泰20年美債正2,347,235,112,新光-新竹,2024-07-03,8563
00687B,國泰20年美債,152,43,109,新光-新竹,2024-07-03,8563
6443,元晶,150,52,98,新光-新竹,2024-07-03,8563
2641,正德,162,66,96,新光-新竹,2024-07-03,8563
2022,聚亨,96,1,95,新光-新竹,2024-07-03,8563
3591,艾笛森,98,5,93,新光-新竹,2024-07-03,8563
00936,台新永續高息中小,97,17,80,新光-新竹,2024-07-03,8563
00679B,元大美債20年,100,21,79,新光-新竹,2024-07-03,8563
2312,金寶,80,5,75,新光-新竹,2024-07-03,8563
2402,毅嘉,136,63,73,新光-新竹,2024-07-03,8563
2405,輔信,105,35,70,新光-新竹,2024-07-03,8563
5603,陸海,69,0,69,新光-新竹,2024-07-03,8563
00946,群益科技高息成長,67,1,66,新光-新竹,2024-07-03,8563
2892,第一金,110,46,64,新光-新竹,2024-07-03,8563
6152,百一,63,3,60,新光-新竹,2024-07-03,8563
3481,群創,96,37,59,新光-新竹,2024-07-03,8563
00673R,期元大S＆P原油反1,59,0,59,新光-新竹,2024-07-03,8563
2317,鴻海,157,101,56,新光-新竹,2024-07-03,8563
3663,鑫科,106,56,50,新光-新竹,2024-07-03,8563
00948B,中信優息投資級債,172,124,48,新光-新竹,2024-07-03,8563
4958,臻鼎-KY,58,11,47,新光-新竹,2024-07-03,8563
2913,農林,52,6,46,新光-新竹,2024-07-03,8563
2610,華航,47,5,42,新光-新竹,2024-07-03,8563
6698,旭暉應材,102,60,42,新光-新竹,2024-07-03,8563
2030,彰源,39,2,37,新光-新竹,2024-07-03,8563
2609,陽明,186,149,37,新光-新竹,2024-07-03,8563
5222,全訊,36,1,35,新光-新竹,2024-07-03,8563
4739,康普,50,17,33,新光-新竹,2024-07-03,8563
00712,復華富時不動產,41,9,32,新光-新竹,2024-07-03,8563
00931B,統一美債20年,42,10,32,新光-新竹,2024-07-03,8563
4306,炎洲,30,0,30,新光-新竹,2024-07-03,8563
2323,中環,140,113,27,新光-新竹,2024-07-03,8563
2324,仁寶,32,5,27,新光-新竹,2024-07-03,8563
1785,光洋科,106,79,27,新光-新竹,2024-07-03,8563
2543,皇昌,44,17,27,新光-新竹,2024-07-03,8563
00942B,台新美A公司債20+,29,3,26,新光-新竹,2024-07-03,8563
2481,強茂,55,29,26,新光-新竹,2024-07-03,8563
3362,先進光,29,4,25,新光-新竹,2024-07-03,8563
1609,大亞,40,15,25,新光-新竹,2024-07-03,8563
2618,長榮航,47,23,24,新光-新竹,2024-07-03,8563
6207,雷科,43,20,23,新光-新竹,2024-07-03,8563
4526,東台,22,0,22,新光-新竹,2024-07-03,8563
00725B,國泰投資級公司債,22,0,22,新光-新竹,2024-07-03,8563
2453,凌群,24,3,21,新光-新竹,2024-07-03,8563
2485,兆赫,21,1,20,新光-新竹,2024-07-03,8563
5478,智冠,20,0,20,新光-新竹,2024-07-03,8563
00632R,元大台灣50反1,1102,678,424,新光-新竹,2024-07-04,8563
8028,昇陽半導體,422,32,390,新光-新竹,2024-07-04,8563
1326,台化,311,0,311,新光-新竹,2024-07-04,8563
1815,富喬,213,18,195,新光-新竹,2024-07-04,8563
1785,光洋科,512,347,165,新光-新竹,2024-07-04,8563
2412,中華電,160,0,160,新光-新竹,2024-07-04,8563
3481,群創,225,66,159,新光-新竹,2024-07-04,8563
00680L,元大美債20正2,222,66,156,新光-新竹,2024-07-04,8563
9105,泰金寶-DR,176,41,135,新光-新竹,2024-07-04,8563
2359,所羅門,251,117,134,新光-新竹,2024-07-04,8563
1529,樂事綠能,126,6,120,新光-新竹,2024-07-04,8563
1432,大魯閣,148,30,118,新光-新竹,2024-07-04,8563
6026,福邦證,108,3,105,新光-新竹,2024-07-04,8563
2405,輔信,357,262,95,新光-新竹,2024-07-04,8563
00927,群益半導體收益,95,5,90,新光-新竹,2024-07-04,8563
00936,台新永續高息中小,113,23,90,新光-新竹,2024-07-04,8563
9904,寶成,99,22,77,新光-新竹,2024-07-04,8563
2609,陽明,240,172,68,新光-新竹,2024-07-04,8563
6550,北極星藥業-KY,67,0,67,新光-新竹,2024-07-04,8563
4909,新復興,79,17,62,新光-新竹,2024-07-04,8563
2641,正德,67,6,61,新光-新竹,2024-07-04,8563
2618,長榮航,252,194,58,新光-新竹,2024-07-04,8563
5347,世界,104,50,54,新光-新竹,2024-07-04,8563
3015,全漢,52,0,52,新光-新竹,2024-07-04,8563
2022,聚亨,67,15,52,新光-新竹,2024-07-04,8563
2329,華泰,57,7,50,新光-新竹,2024-07-04,8563
4958,臻鼎-KY,59,13,46,新光-新竹,2024-07-04,8563
2338,光罩,48,4,44,新光-新竹,2024-07-04,8563
00882,中信中國高股息,83,43,40,新光-新竹,2024-07-04,8563
4128,中天,39,0,39,新光-新竹,2024-07-04,8563
2349,錸德,44,7,37,新光-新竹,2024-07-04,8563
3047,訊舟,159,122,37,新光-新竹,2024-07-04,8563
4532,瑞智,36,0,36,新光-新竹,2024-07-04,8563
3450,聯鈞,172,137,35,新光-新竹,2024-07-04,8563
00751B,元大AAA至A公司債,36,2,34,新光-新竹,2024-07-04,8563
4510,高鋒,34,0,34,新光-新竹,2024-07-04,8563
2323,中環,150,117,33,新光-新竹,2024-07-04,8563
4109,加捷生醫,45,12,33,新光-新竹,2024-07-04,8563
2467,志聖,55,24,31,新光-新竹,2024-07-04,8563
3323,加百裕,53,23,30,新光-新竹,2024-07-04,8563
6438,迅得,41,11,30,新光-新竹,2024-07-04,8563
3189,景碩,30,1,29,新光-新竹,2024-07-04,8563
8064,東捷,95,66,29,新光-新竹,2024-07-04,8563
5426,振發,33,5,28,新光-新竹,2024-07-04,8563
6177,達麗,30,4,26,新光-新竹,2024-07-04,8563
2886,兆豐金,31,5,26,新光-新竹,2024-07-04,8563
1513,中興電,111,87,24,新光-新竹,2024-07-04,8563
5243,乙盛-KY,26,2,24,新光-新竹,2024-07-04,8563
3413,京鼎,32,8,24,新光-新竹,2024-07-04,8563
2404,漢唐,29,6,23,新光-新竹,2024-07-04,8563
2867,三商壽,237,13,224,新光-新竹,2024-07-05,8563
00632R,元大台灣50反1,180,1,179,新光-新竹,2024-07-05,8563
8473,山林水,122,7,115,新光-新竹,2024-07-05,8563
00680L,元大美債20正2,114,0,114,新光-新竹,2024-07-05,8563
2929,淘帝-KY,109,0,109,新光-新竹,2024-07-05,8563
00878,國泰永續高股息,181,77,104,新光-新竹,2024-07-05,8563
1326,台化,103,0,103,新光-新竹,2024-07-05,8563
00665L,富邦�琤肭磪囓�2,100,0,100,新光-新竹,2024-07-05,8563
00934,中信成長高股息,99,0,99,新光-新竹,2024-07-05,8563
00637L,元大滬深300正2,269,177,92,新光-新竹,2024-07-05,8563
00929,復華台灣科技優息,184,93,91,新光-新竹,2024-07-05,8563
00713,元大台灣高息低波,91,1,90,新光-新竹,2024-07-05,8563
00679B,元大美債20年,90,6,84,新光-新竹,2024-07-05,8563
00933B,國泰10Y+金融債,83,1,82,新光-新竹,2024-07-05,8563
1432,大魯閣,73,2,71,新光-新竹,2024-07-05,8563
2464,盟立,197,133,64,新光-新竹,2024-07-05,8563
2609,陽明,147,84,63,新光-新竹,2024-07-05,8563
00795B,中信美國公債20年,60,0,60,新光-新竹,2024-07-05,8563
00948B,中信優息投資級債,109,50,59,新光-新竹,2024-07-05,8563
2618,長榮航,126,67,59,新光-新竹,2024-07-05,8563
00937B,群益ESG投等債20,299,245,54,新光-新竹,2024-07-05,8563
1449,佳和,53,0,53,新光-新竹,2024-07-05,8563
2610,華航,63,13,50,新光-新竹,2024-07-05,8563
2340,台亞,48,0,48,新光-新竹,2024-07-05,8563
2603,長榮,64,22,42,新光-新竹,2024-07-05,8563
2891,中信金,151,114,37,新光-新竹,2024-07-05,8563
2353,宏��,51,15,36,新光-新竹,2024-07-05,8563
3264,欣銓,37,1,36,新光-新竹,2024-07-05,8563
2349,錸德,38,3,35,新光-新竹,2024-07-05,8563
00673R,期元大S＆P原油反1,35,0,35,新光-新竹,2024-07-05,8563
2888,新光金,102,70,32,新光-新竹,2024-07-05,8563
6425,易發,39,7,32,新光-新竹,2024-07-05,8563
00772B,中信高評級公司債,32,0,32,新光-新竹,2024-07-05,8563
8076,伍豐,40,9,31,新光-新竹,2024-07-05,8563
4726,永昕,32,1,31,新光-新竹,2024-07-05,8563
4540,全球傳動,34,3,31,新光-新竹,2024-07-05,8563
2408,南亞科,46,16,30,新光-新竹,2024-07-05,8563
3037,欣興,36,8,28,新光-新竹,2024-07-05,8563
2022,聚亨,32,4,28,新光-新竹,2024-07-05,8563
5347,世界,64,36,28,新光-新竹,2024-07-05,8563
3581,博磊,30,3,27,新光-新竹,2024-07-05,8563
8466,美吉吉-KY,26,0,26,新光-新竹,2024-07-05,8563
4526,東台,31,5,26,新光-新竹,2024-07-05,8563
1612,宏泰,27,1,26,新光-新竹,2024-07-05,8563
8071,能率網通,28,2,26,新光-新竹,2024-07-05,8563
00901,永豐智能車供應鏈,25,0,25,新光-新竹,2024-07-05,8563
00945B,凱基美國非投等債,25,0,25,新光-新竹,2024-07-05,8563
2543,皇昌,147,122,25,新光-新竹,2024-07-05,8563
3580,友威科,86,61,25,新光-新竹,2024-07-05,8563
6164,華興,26,1,25,新光-新竹,2024-07-05,8563
00937B,群益ESG投等債20,1580,705,875,新光-新竹,2024-07-08,8563
00632R,元大台灣50反1,759,27,732,新光-新竹,2024-07-08,8563
00929,復華台灣科技優息,710,127,583,新光-新竹,2024-07-08,8563
00712,復華富時不動產,209,12,197,新光-新竹,2024-07-08,8563
00934,中信成長高股息,193,11,182,新光-新竹,2024-07-08,8563
2618,長榮航,322,145,177,新光-新竹,2024-07-08,8563
1432,大魯閣,178,2,176,新光-新竹,2024-07-08,8563
00665L,富邦�琤肭磪囓�2,157,0,157,新光-新竹,2024-07-08,8563
3481,群創,235,85,150,新光-新竹,2024-07-08,8563
6532,瑞耘,112,7,105,新光-新竹,2024-07-08,8563
3015,全漢,95,0,95,新光-新竹,2024-07-08,8563
00720B,元大投資級公司債,95,3,92,新光-新竹,2024-07-08,8563
2867,三商壽,140,50,90,新光-新竹,2024-07-08,8563
3062,建漢,214,125,89,新光-新竹,2024-07-08,8563
9105,泰金寶-DR,105,17,88,新光-新竹,2024-07-08,8563
00945B,凱基美國非投等債,77,0,77,新光-新竹,2024-07-08,8563
2002,中鋼,112,40,72,新光-新竹,2024-07-08,8563
00713,元大台灣高息低波,76,8,68,新光-新竹,2024-07-08,8563
3045,台灣大,77,12,65,新光-新竹,2024-07-08,8563
00919,群益台灣精選高息,171,108,63,新光-新竹,2024-07-08,8563
4532,瑞智,62,0,62,新光-新竹,2024-07-08,8563
6213,聯茂,75,14,61,新光-新竹,2024-07-08,8563
5328,華容,146,92,54,新光-新竹,2024-07-08,8563
2538,基泰,74,20,54,新光-新竹,2024-07-08,8563
3490,單井,98,46,52,新光-新竹,2024-07-08,8563
2365,昆盈,298,247,51,新光-新竹,2024-07-08,8563
00662,富邦NASDAQ,50,0,50,新光-新竹,2024-07-08,8563
3006,晶豪科,71,22,49,新光-新竹,2024-07-08,8563
2108,南帝,58,12,46,新光-新竹,2024-07-08,8563
6890,來億-KY,45,0,45,新光-新竹,2024-07-08,8563
4919,新唐,44,0,44,新光-新竹,2024-07-08,8563
9945,潤泰新,50,7,43,新光-新竹,2024-07-08,8563
2603,長榮,103,60,43,新光-新竹,2024-07-08,8563
6188,廣明,55,13,42,新光-新竹,2024-07-08,8563
6217,中探針,57,17,40,新光-新竹,2024-07-08,8563
2329,華泰,60,20,40,新光-新竹,2024-07-08,8563
4563,百德,40,0,40,新光-新竹,2024-07-08,8563
2408,南亞科,61,22,39,新光-新竹,2024-07-08,8563
8064,東捷,133,95,38,新光-新竹,2024-07-08,8563
4906,正文,94,57,37,新光-新竹,2024-07-08,8563
2355,敬鵬,38,1,37,新光-新竹,2024-07-08,8563
3715,定穎投控,45,9,36,新光-新竹,2024-07-08,8563
00940,元大台灣價值高息,63,28,35,新光-新竹,2024-07-08,8563
2363,矽統,252,218,34,新光-新竹,2024-07-08,8563
3071,協禧,34,1,33,新光-新竹,2024-07-08,8563
00830,國泰費城半導體,44,11,33,新光-新竹,2024-07-08,8563
8069,元太,46,14,32,新光-新竹,2024-07-08,8563
1314,中石化,305,274,31,新光-新竹,2024-07-08,8563
3489,森寶,33,2,31,新光-新竹,2024-07-08,8563
00915,凱基優選高股息30,39,8,31,新光-新竹,2024-07-08,8563
00688L,國泰20年美債正2,753,180,573,新光-新竹,2024-07-09,8563
3149,正達,307,5,302,新光-新竹,2024-07-09,8563
1314,中石化,283,42,241,新光-新竹,2024-07-09,8563
00937B,群益ESG投等債20,370,131,239,新光-新竹,2024-07-09,8563
00936,台新永續高息中小,258,42,216,新光-新竹,2024-07-09,8563
2834,臺企銀,287,81,206,新光-新竹,2024-07-09,8563
2888,新光金,564,407,157,新光-新竹,2024-07-09,8563
3372,典範,174,22,152,新光-新竹,2024-07-09,8563
00934,中信成長高股息,208,63,145,新光-新竹,2024-07-09,8563
3015,全漢,111,0,111,新光-新竹,2024-07-09,8563
8110,華東,106,3,103,新光-新竹,2024-07-09,8563
00919,群益台灣精選高息,155,59,96,新光-新竹,2024-07-09,8563
2349,錸德,113,19,94,新光-新竹,2024-07-09,8563
00680L,元大美債20正2,114,30,84,新光-新竹,2024-07-09,8563
0050,元大台灣50,94,11,83,新光-新竹,2024-07-09,8563
3481,群創,132,50,82,新光-新竹,2024-07-09,8563
9105,泰金寶-DR,1301,1220,81,新光-新竹,2024-07-09,8563
1718,中纖,86,9,77,新光-新竹,2024-07-09,8563
4909,新復興,111,44,67,新光-新竹,2024-07-09,8563
00687B,國泰20年美債,111,46,65,新光-新竹,2024-07-09,8563
2022,聚亨,59,0,59,新光-新竹,2024-07-09,8563
2367,燿華,425,367,58,新光-新竹,2024-07-09,8563
2353,宏��,70,13,57,新光-新竹,2024-07-09,8563
4114,健喬,56,0,56,新光-新竹,2024-07-09,8563
00946,群益科技高息成長,58,3,55,新光-新竹,2024-07-09,8563
00713,元大台灣高息低波,59,5,54,新光-新竹,2024-07-09,8563
00706L,期元大S＆P日圓正2,50,1,49,新光-新竹,2024-07-09,8563
3051,力特,47,0,47,新光-新竹,2024-07-09,8563
2352,佳世達,66,20,46,新光-新竹,2024-07-09,8563
8064,東捷,69,24,45,新光-新竹,2024-07-09,8563
3715,定穎投控,62,18,44,新光-新竹,2024-07-09,8563
00631L,元大台灣50正2,55,11,44,新光-新竹,2024-07-09,8563
2610,華航,66,23,43,新光-新竹,2024-07-09,8563
2374,佳能,117,76,41,新光-新竹,2024-07-09,8563
2405,輔信,156,117,39,新光-新竹,2024-07-09,8563
2474,可成,42,4,38,新光-新竹,2024-07-09,8563
5392,能率,46,8,38,新光-新竹,2024-07-09,8563
1326,台化,37,1,36,新光-新竹,2024-07-09,8563
00924,復華S＆P500成長,35,0,35,新光-新竹,2024-07-09,8563
3052,夆典,35,0,35,新光-新竹,2024-07-09,8563
2884,玉山金,53,18,35,新光-新竹,2024-07-09,8563
00725B,國泰投資級公司債,35,1,34,新光-新竹,2024-07-09,8563
2618,長榮航,59,25,34,新光-新竹,2024-07-09,8563
3489,森寶,34,0,34,新光-新竹,2024-07-09,8563
2236,百達-KY,35,2,33,新光-新竹,2024-07-09,8563
2412,中華電,31,0,31,新光-新竹,2024-07-09,8563
6116,彩晶,30,0,30,新光-新竹,2024-07-09,8563
3006,晶豪科,46,16,30,新光-新竹,2024-07-09,8563
006208,富邦台50,32,2,30,新光-新竹,2024-07-09,8563
6770,力積電,50,22,28,新光-新竹,2024-07-09,8563
2888,新光金,2995,1036,1959,新光-新竹,2024-07-10,8563
00688L,國泰20年美債正2,606,260,346,新光-新竹,2024-07-10,8563
00934,中信成長高股息,409,103,306,新光-新竹,2024-07-10,8563
3189,景碩,224,4,220,新光-新竹,2024-07-10,8563
1710,東聯,187,0,187,新光-新竹,2024-07-10,8563
00680L,元大美債20正2,187,13,174,新光-新竹,2024-07-10,8563
9105,泰金寶-DR,189,49,140,新光-新竹,2024-07-10,8563
3015,全漢,116,0,116,新光-新竹,2024-07-10,8563
2834,臺企銀,100,7,93,新光-新竹,2024-07-10,8563
00679B,元大美債20年,104,11,93,新光-新竹,2024-07-10,8563
1474,弘裕,90,0,90,新光-新竹,2024-07-10,8563
2542,興富發,133,50,83,新光-新竹,2024-07-10,8563
2392,正崴,209,130,79,新光-新竹,2024-07-10,8563
2489,瑞軒,149,72,77,新光-新竹,2024-07-10,8563
2317,鴻海,187,111,76,新光-新竹,2024-07-10,8563
6806,森崴能源,208,132,76,新光-新竹,2024-07-10,8563
00725B,國泰投資級公司債,73,0,73,新光-新竹,2024-07-10,8563
3594,磐儀,88,15,73,新光-新竹,2024-07-10,8563
2867,三商壽,566,496,70,新光-新竹,2024-07-10,8563
6179,亞通,67,0,67,新光-新竹,2024-07-10,8563
3188,鑫龍騰,63,1,62,新光-新竹,2024-07-10,8563
3149,正達,66,4,62,新光-新竹,2024-07-10,8563
3035,智原,89,27,62,新光-新竹,2024-07-10,8563
00882,中信中國高股息,66,5,61,新光-新竹,2024-07-10,8563
2892,第一金,65,6,59,新光-新竹,2024-07-10,8563
1326,台化,62,8,54,新光-新竹,2024-07-10,8563
2243,宏旭-KY,54,0,54,新光-新竹,2024-07-10,8563
3685,元創精密,52,0,52,新光-新竹,2024-07-10,8563
2414,精技,50,0,50,新光-新竹,2024-07-10,8563
00633L,富邦上証正2,50,0,50,新光-新竹,2024-07-10,8563
1785,光洋科,194,145,49,新光-新竹,2024-07-10,8563
2206,三陽工業,97,48,49,新光-新竹,2024-07-10,8563
1618,合機,83,39,44,新光-新竹,2024-07-10,8563
00720B,元大投資級公司債,54,11,43,新光-新竹,2024-07-10,8563
6164,華興,44,2,42,新光-新竹,2024-07-10,8563
1802,台玻,42,1,41,新光-新竹,2024-07-10,8563
00665L,富邦�琤肭磪囓�2,39,0,39,新光-新竹,2024-07-10,8563
2397,友通,40,2,38,新光-新竹,2024-07-10,8563
00830,國泰費城半導體,38,1,37,新光-新竹,2024-07-10,8563
8112,至上,41,4,37,新光-新竹,2024-07-10,8563
3593,力銘,38,1,37,新光-新竹,2024-07-10,8563
3052,夆典,35,0,35,新光-新竹,2024-07-10,8563
3047,訊舟,225,190,35,新光-新竹,2024-07-10,8563
3034,聯詠,38,4,34,新光-新竹,2024-07-10,8563
4510,高鋒,41,7,34,新光-新竹,2024-07-10,8563
3537,堡達,35,2,33,新光-新竹,2024-07-10,8563
00933B,國泰10Y+金融債,33,0,33,新光-新竹,2024-07-10,8563
00929,復華台灣科技優息,202,170,32,新光-新竹,2024-07-10,8563
3625,西勝,37,6,31,新光-新竹,2024-07-10,8563
4960,誠美材,256,226,30,新光-新竹,2024-07-10,8563
00680L,元大美債20正2,591,10,581,新光-新竹,2024-07-11,8563
00937B,群益ESG投等債20,452,100,352,新光-新竹,2024-07-11,8563
2243,宏旭-KY,326,59,267,新光-新竹,2024-07-11,8563
9105,泰金寶-DR,719,455,264,新光-新竹,2024-07-11,8563
00725B,國泰投資級公司債,214,0,214,新光-新竹,2024-07-11,8563
8147,正淩,211,35,176,新光-新竹,2024-07-11,8563
0056,元大高股息,181,41,140,新光-新竹,2024-07-11,8563
00948B,中信優息投資級債,189,51,138,新光-新竹,2024-07-11,8563
2889,國票金,129,1,128,新光-新竹,2024-07-11,8563
00946,群益科技高息成長,200,75,125,新光-新竹,2024-07-11,8563
00632R,元大台灣50反1,339,220,119,新光-新竹,2024-07-11,8563
00720B,元大投資級公司債,130,12,118,新光-新竹,2024-07-11,8563
2867,三商壽,650,547,103,新光-新竹,2024-07-11,8563
6015,宏遠證,100,0,100,新光-新竹,2024-07-11,8563
912000,晨訊科-DR,200,101,99,新光-新竹,2024-07-11,8563
00934,中信成長高股息,246,155,91,新光-新竹,2024-07-11,8563
4906,正文,160,69,91,新光-新竹,2024-07-11,8563
00936,台新永續高息中小,110,23,87,新光-新竹,2024-07-11,8563
1710,東聯,87,0,87,新光-新竹,2024-07-11,8563
8028,昇陽半導體,136,50,86,新光-新竹,2024-07-11,8563
2888,新光金,798,714,84,新光-新竹,2024-07-11,8563
2365,昆盈,337,256,81,新光-新竹,2024-07-11,8563
2388,威盛,95,17,78,新光-新竹,2024-07-11,8563
2618,長榮航,133,58,75,新光-新竹,2024-07-11,8563
3047,訊舟,277,204,73,新光-新竹,2024-07-11,8563
00679B,元大美債20年,75,2,73,新光-新竹,2024-07-11,8563
2449,京元電子,205,136,69,新光-新竹,2024-07-11,8563
00905,FT臺灣Smart,73,8,65,新光-新竹,2024-07-11,8563
00945B,凱基美國非投等債,64,0,64,新光-新竹,2024-07-11,8563
2883,凱基金,429,365,64,新光-新竹,2024-07-11,8563
2414,精技,56,0,56,新光-新竹,2024-07-11,8563
4306,炎洲,63,12,51,新光-新竹,2024-07-11,8563
00898,國泰基因免疫革命,50,0,50,新光-新竹,2024-07-11,8563
2610,華航,83,34,49,新光-新竹,2024-07-11,8563
8064,東捷,122,74,48,新光-新竹,2024-07-11,8563
00687B,國泰20年美債,117,70,47,新光-新竹,2024-07-11,8563
00688L,國泰20年美債正2,95,48,47,新光-新竹,2024-07-11,8563
00949,復華日本龍頭,45,0,45,新光-新竹,2024-07-11,8563
2641,正德,55,11,44,新光-新竹,2024-07-11,8563
3189,景碩,82,39,43,新光-新竹,2024-07-11,8563
4510,高鋒,47,5,42,新光-新竹,2024-07-11,8563
00881,國泰台灣5G+,65,24,41,新光-新竹,2024-07-11,8563
6270,倍微,53,12,41,新光-新竹,2024-07-11,8563
00664R,國泰臺灣加權反1,40,0,40,新光-新竹,2024-07-11,8563
3711,日月光投控,72,32,40,新光-新竹,2024-07-11,8563
3062,建漢,61,22,39,新光-新竹,2024-07-11,8563
4908,前鼎,63,26,37,新光-新竹,2024-07-11,8563
1714,和桐,37,0,37,新光-新竹,2024-07-11,8563
4513,福裕,54,17,37,新光-新竹,2024-07-11,8563
1609,大亞,89,55,34,新光-新竹,2024-07-11,8563
00688L,國泰20年美債正2,2298,212,2086,新光-新竹,2024-07-12,8563
2867,三商壽,1387,647,740,新光-新竹,2024-07-12,8563
00934,中信成長高股息,496,26,470,新光-新竹,2024-07-12,8563
00929,復華台灣科技優息,541,143,398,新光-新竹,2024-07-12,8563
1314,中石化,354,62,292,新光-新竹,2024-07-12,8563
2317,鴻海,365,130,235,新光-新竹,2024-07-12,8563
2312,金寶,447,266,181,新光-新竹,2024-07-12,8563
3047,訊舟,132,25,107,新光-新竹,2024-07-12,8563
00679B,元大美債20年,196,94,102,新光-新竹,2024-07-12,8563
2314,台揚,100,0,100,新光-新竹,2024-07-12,8563
4566,時碩工業,178,79,99,新光-新竹,2024-07-12,8563
0050,元大台灣50,103,5,98,新光-新竹,2024-07-12,8563
3149,正達,94,5,89,新光-新竹,2024-07-12,8563
00946,群益科技高息成長,98,10,88,新光-新竹,2024-07-12,8563
00738U,期元大道瓊白銀,85,2,83,新光-新竹,2024-07-12,8563
2888,新光金,2005,1935,70,新光-新竹,2024-07-12,8563
6603,富強鑫,75,7,68,新光-新竹,2024-07-12,8563
00680L,元大美債20正2,204,140,64,新光-新竹,2024-07-12,8563
2387,精元,60,1,59,新光-新竹,2024-07-12,8563
3264,欣銓,61,2,59,新光-新竹,2024-07-12,8563
3231,緯創,78,24,54,新光-新竹,2024-07-12,8563
6125,廣運,63,11,52,新光-新竹,2024-07-12,8563
00935,野村臺灣新科技50,57,6,51,新光-新竹,2024-07-12,8563
2891,中信金,69,19,50,新光-新竹,2024-07-12,8563
4306,炎洲,55,5,50,新光-新竹,2024-07-12,8563
3188,鑫龍騰,48,0,48,新光-新竹,2024-07-12,8563
2002,中鋼,53,6,47,新光-新竹,2024-07-12,8563
00942B,台新美A公司債20+,47,2,45,新光-新竹,2024-07-12,8563
5328,華容,95,50,45,新光-新竹,2024-07-12,8563
00669R,國泰美國道瓊反1,44,0,44,新光-新竹,2024-07-12,8563
2303,聯電,80,37,43,新光-新竹,2024-07-12,8563
2618,長榮航,46,4,42,新光-新竹,2024-07-12,8563
2515,中工,99,57,42,新光-新竹,2024-07-12,8563
1309,台達化,55,14,41,新光-新竹,2024-07-12,8563
00881,國泰台灣5G+,41,1,40,新光-新竹,2024-07-12,8563
006208,富邦台50,57,17,40,新光-新竹,2024-07-12,8563
1710,東聯,48,9,39,新光-新竹,2024-07-12,8563
2603,長榮,45,6,39,新光-新竹,2024-07-12,8563
9946,三發地產,43,5,38,新光-新竹,2024-07-12,8563
2330,台積電,104,68,36,新光-新竹,2024-07-12,8563
3363,上詮,82,46,36,新光-新竹,2024-07-12,8563
1504,東元,35,0,35,新光-新竹,2024-07-12,8563
00795B,中信美國公債20年,76,41,35,新光-新竹,2024-07-12,8563
3711,日月光投控,55,20,35,新光-新竹,2024-07-12,8563
6134,萬旭,35,1,34,新光-新竹,2024-07-12,8563
00878,國泰永續高股息,101,68,33,新光-新竹,2024-07-12,8563
1316,上曜,175,142,33,新光-新竹,2024-07-12,8563
1785,光洋科,86,54,32,新光-新竹,2024-07-12,8563
00675L,富邦臺灣加權正2,45,14,31,新光-新竹,2024-07-12,8563
2402,毅嘉,38,7,31,新光-新竹,2024-07-12,8563
00688L,國泰20年美債正2,1517,204,1313,新光-新竹,2024-07-15,8563
00934,中信成長高股息,595,32,563,新光-新竹,2024-07-15,8563
00680L,元大美債20正2,778,370,408,新光-新竹,2024-07-15,8563
00948B,中信優息投資級債,768,363,405,新光-新竹,2024-07-15,8563
00937B,群益ESG投等債20,1487,1106,381,新光-新竹,2024-07-15,8563
1304,台聚,228,6,222,新光-新竹,2024-07-15,8563
4958,臻鼎-KY,171,6,165,新光-新竹,2024-07-15,8563
00725B,國泰投資級公司債,173,15,158,新光-新竹,2024-07-15,8563
0056,元大高股息,205,54,151,新光-新竹,2024-07-15,8563
2312,金寶,421,278,143,新光-新竹,2024-07-15,8563
2891,中信金,402,264,138,新光-新竹,2024-07-15,8563
2243,宏旭-KY,213,81,132,新光-新竹,2024-07-15,8563
00679B,元大美債20年,220,94,126,新光-新竹,2024-07-15,8563
1608,華榮,170,58,112,新光-新竹,2024-07-15,8563
2867,三商壽,212,104,108,新光-新竹,2024-07-15,8563
9946,三發地產,108,5,103,新光-新竹,2024-07-15,8563
00687B,國泰20年美債,158,57,101,新光-新竹,2024-07-15,8563
8011,台通,99,5,94,新光-新竹,2024-07-15,8563
00720B,元大投資級公司債,115,24,91,新光-新竹,2024-07-15,8563
2374,佳能,89,3,86,新光-新竹,2024-07-15,8563
6290,良維,94,8,86,新光-新竹,2024-07-15,8563
3189,景碩,156,75,81,新光-新竹,2024-07-15,8563
2883B,凱基金乙特,80,0,80,新光-新竹,2024-07-15,8563
2313,華通,124,45,79,新光-新竹,2024-07-15,8563
3047,訊舟,82,5,77,新光-新竹,2024-07-15,8563
00905,FT臺灣Smart,82,9,73,新光-新竹,2024-07-15,8563
2845,遠東銀,68,0,68,新光-新竹,2024-07-15,8563
3481,群創,106,40,66,新光-新竹,2024-07-15,8563
00706L,期元大S＆P日圓正2,60,0,60,新光-新竹,2024-07-15,8563
2324,仁寶,62,3,59,新光-新竹,2024-07-15,8563
1721,三晃,68,10,58,新光-新竹,2024-07-15,8563
3338,泰碩,58,2,56,新光-新竹,2024-07-15,8563
1316,上曜,75,20,55,新光-新竹,2024-07-15,8563
2356,英業達,120,66,54,新光-新竹,2024-07-15,8563
1414,東和,54,0,54,新光-新竹,2024-07-15,8563
00878,國泰永續高股息,131,78,53,新光-新竹,2024-07-15,8563
2338,光罩,54,4,50,新光-新竹,2024-07-15,8563
00768B,復華20年美債,46,0,46,新光-新竹,2024-07-15,8563
2834,臺企銀,43,0,43,新光-新竹,2024-07-15,8563
2885,元大金,42,0,42,新光-新竹,2024-07-15,8563
1609,大亞,115,73,42,新光-新竹,2024-07-15,8563
2365,昆盈,173,132,41,新光-新竹,2024-07-15,8563
5905,南仁湖,51,10,41,新光-新竹,2024-07-15,8563
1727,中華化,52,12,40,新光-新竹,2024-07-15,8563
2516,新建,40,0,40,新光-新竹,2024-07-15,8563
2363,矽統,60,21,39,新光-新竹,2024-07-15,8563
3059,華晶科,41,2,39,新光-新竹,2024-07-15,8563
00929,復華台灣科技優息,233,195,38,新光-新竹,2024-07-15,8563
3149,正達,39,1,38,新光-新竹,2024-07-15,8563
4927,泰鼎-KY,82,45,37,新光-新竹,2024-07-15,8563
00929,復華台灣科技優息,452,124,328,新光-新竹,2024-07-16,8563
2365,昆盈,324,90,234,新光-新竹,2024-07-16,8563
00927,群益半導體收益,205,12,193,新光-新竹,2024-07-16,8563
0056,元大高股息,187,10,177,新光-新竹,2024-07-16,8563
00680L,元大美債20正2,190,40,150,新光-新竹,2024-07-16,8563
00919,群益台灣精選高息,297,148,149,新光-新竹,2024-07-16,8563
00882,中信中國高股息,152,4,148,新光-新竹,2024-07-16,8563
00934,中信成長高股息,120,10,110,新光-新竹,2024-07-16,8563
9105,泰金寶-DR,461,355,106,新光-新竹,2024-07-16,8563
00905,FT臺灣Smart,187,82,105,新光-新竹,2024-07-16,8563
5347,世界,96,16,80,新光-新竹,2024-07-16,8563
4109,加捷生醫,92,18,74,新光-新竹,2024-07-16,8563
2374,佳能,77,4,73,新光-新竹,2024-07-16,8563
6177,達麗,161,97,64,新光-新竹,2024-07-16,8563
2359,所羅門,68,5,63,新光-新竹,2024-07-16,8563
1316,上曜,213,152,61,新光-新竹,2024-07-16,8563
00650L,復華香港正2,57,0,57,新光-新竹,2024-07-16,8563
1714,和桐,55,0,55,新光-新竹,2024-07-16,8563
2002,中鋼,55,1,54,新光-新竹,2024-07-16,8563
6757,台灣虎航,55,2,53,新光-新竹,2024-07-16,8563
2303,聯電,88,38,50,新光-新竹,2024-07-16,8563
00712,復華富時不動產,145,95,50,新光-新竹,2024-07-16,8563
5512,力麒,50,0,50,新光-新竹,2024-07-16,8563
00786B,元大10年IG銀行債,50,0,50,新光-新竹,2024-07-16,8563
9904,寶成,47,0,47,新光-新竹,2024-07-16,8563
3520,華盈,64,18,46,新光-新竹,2024-07-16,8563
2633,台灣高鐵,47,2,45,新光-新竹,2024-07-16,8563
00706L,期元大S＆P日圓正2,45,0,45,新光-新竹,2024-07-16,8563
2615,萬海,115,71,44,新光-新竹,2024-07-16,8563
1305,華夏,43,0,43,新光-新竹,2024-07-16,8563
00720B,元大投資級公司債,48,6,42,新光-新竹,2024-07-16,8563
6615,慧智,43,2,41,新光-新竹,2024-07-16,8563
2891,中信金,82,41,41,新光-新竹,2024-07-16,8563
2317,鴻海,171,131,40,新光-新竹,2024-07-16,8563
00665L,富邦�琤肭磪囓�2,69,29,40,新光-新竹,2024-07-16,8563
4535,至興,40,0,40,新光-新竹,2024-07-16,8563
00655L,國泰中國A50正2,40,0,40,新光-新竹,2024-07-16,8563
2515,中工,71,32,39,新光-新竹,2024-07-16,8563
4726,永昕,38,0,38,新光-新竹,2024-07-16,8563
3290,東浦,49,12,37,新光-新竹,2024-07-16,8563
00945B,凱基美國非投等債,37,0,37,新光-新竹,2024-07-16,8563
1529,樂事綠能,50,14,36,新光-新竹,2024-07-16,8563
2913,農林,128,92,36,新光-新竹,2024-07-16,8563
2834,臺企銀,54,20,34,新光-新竹,2024-07-16,8563
3022,威強電,67,33,34,新光-新竹,2024-07-16,8563
1540,喬福,154,120,34,新光-新竹,2024-07-16,8563
5905,南仁湖,33,0,33,新光-新竹,2024-07-16,8563
5871,中租-KY,36,6,30,新光-新竹,2024-07-16,8563
00895,富邦未來車,30,0,30,新光-新竹,2024-07-16,8563
2637,慧洋-KY,31,1,30,新光-新竹,2024-07-16,8563
3481,群創,1866,795,1071,新光-新竹,2024-07-17,8563
8096,擎亞,555,18,537,新光-新竹,2024-07-17,8563
00929,復華台灣科技優息,465,63,402,新光-新竹,2024-07-17,8563
1609,大亞,625,294,331,新光-新竹,2024-07-17,8563
0056,元大高股息,275,9,266,新光-新竹,2024-07-17,8563
00665L,富邦�琤肭磪囓�2,265,12,253,新光-新竹,2024-07-17,8563
00919,群益台灣精選高息,284,111,173,新光-新竹,2024-07-17,8563
2845,遠東銀,152,2,150,新光-新竹,2024-07-17,8563
9945,潤泰新,235,103,132,新光-新竹,2024-07-17,8563
4414,如興,120,0,120,新光-新竹,2024-07-17,8563
00945B,凱基美國非投等債,105,0,105,新光-新竹,2024-07-17,8563
3037,欣興,339,244,95,新光-新竹,2024-07-17,8563
6770,力積電,120,30,90,新光-新竹,2024-07-17,8563
3231,緯創,136,49,87,新光-新竹,2024-07-17,8563
2312,金寶,124,46,78,新光-新竹,2024-07-17,8563
2883,凱基金,89,14,75,新光-新竹,2024-07-17,8563
00927,群益半導體收益,76,2,74,新光-新竹,2024-07-17,8563
00933B,國泰10Y+金融債,76,3,73,新光-新竹,2024-07-17,8563
00788B,元大10年IG電能債,72,0,72,新光-新竹,2024-07-17,8563
9946,三發地產,101,30,71,新光-新竹,2024-07-17,8563
00713,元大台灣高息低波,72,6,66,新光-新竹,2024-07-17,8563
2481,強茂,83,18,65,新光-新竹,2024-07-17,8563
1305,華夏,69,5,64,新光-新竹,2024-07-17,8563
2330,台積電,95,34,61,新光-新竹,2024-07-17,8563
1714,和桐,71,10,61,新光-新竹,2024-07-17,8563
8054,安國,127,66,61,新光-新竹,2024-07-17,8563
00715L,期街口布蘭特正2,61,1,60,新光-新竹,2024-07-17,8563
2402,毅嘉,147,87,60,新光-新竹,2024-07-17,8563
00882,中信中國高股息,63,7,56,新光-新竹,2024-07-17,8563
0050,元大台灣50,59,8,51,新光-新竹,2024-07-17,8563
00675L,富邦臺灣加權正2,50,1,49,新光-新竹,2024-07-17,8563
2603,長榮,83,38,45,新光-新竹,2024-07-17,8563
2331,精英,50,5,45,新光-新竹,2024-07-17,8563
6415,矽力*-KY,51,6,45,新光-新竹,2024-07-17,8563
2338,光罩,76,31,45,新光-新竹,2024-07-17,8563
00918,大華優利高填息30,46,2,44,新光-新竹,2024-07-17,8563
1101,台泥,70,26,44,新光-新竹,2024-07-17,8563
00946,群益科技高息成長,114,70,44,新光-新竹,2024-07-17,8563
006208,富邦台50,45,2,43,新光-新竹,2024-07-17,8563
2449,京元電子,194,151,43,新光-新竹,2024-07-17,8563
00905,FT臺灣Smart,41,0,41,新光-新竹,2024-07-17,8563
00936,台新永續高息中小,68,27,41,新光-新竹,2024-07-17,8563
00948B,中信優息投資級債,55,15,40,新光-新竹,2024-07-17,8563
1710,東聯,40,0,40,新光-新竹,2024-07-17,8563
6021,美好證,40,1,39,新光-新竹,2024-07-17,8563
4726,永昕,41,2,39,新光-新竹,2024-07-17,8563
00669R,國泰美國道瓊反1,38,0,38,新光-新竹,2024-07-17,8563
3264,欣銓,45,7,38,新光-新竹,2024-07-17,8563
00786B,元大10年IG銀行債,38,0,38,新光-新竹,2024-07-17,8563
4906,正文,67,30,37,新光-新竹,2024-07-17,8563
3022,威強電,325,14,311,新光-新竹,2024-07-18,8563
00929,復華台灣科技優息,632,351,281,新光-新竹,2024-07-18,8563
00919,群益台灣精選高息,357,94,263,新光-新竹,2024-07-18,8563
00712,復華富時不動產,279,44,235,新光-新竹,2024-07-18,8563
1402,遠東新,267,48,219,新光-新竹,2024-07-18,8563
6770,力積電,243,27,216,新光-新竹,2024-07-18,8563
00927,群益半導體收益,196,6,190,新光-新竹,2024-07-18,8563
2365,昆盈,431,249,182,新光-新竹,2024-07-18,8563
9904,寶成,175,17,158,新光-新竹,2024-07-18,8563
0056,元大高股息,177,61,116,新光-新竹,2024-07-18,8563
00934,中信成長高股息,130,14,116,新光-新竹,2024-07-18,8563
2891,中信金,161,57,104,新光-新竹,2024-07-18,8563
2330,台積電,194,121,73,新光-新竹,2024-07-18,8563
5607,遠雄港,106,40,66,新光-新竹,2024-07-18,8563
00713,元大台灣高息低波,85,20,65,新光-新竹,2024-07-18,8563
2323,中環,68,3,65,新光-新竹,2024-07-18,8563
2317,鴻海,301,236,65,新光-新竹,2024-07-18,8563
2634,漢翔,109,45,64,新光-新竹,2024-07-18,8563
6505,台塑化,61,3,58,新光-新竹,2024-07-18,8563
00942B,台新美A公司債20+,62,4,58,新光-新竹,2024-07-18,8563
2610,華航,92,36,56,新光-新竹,2024-07-18,8563
2449,京元電子,111,55,56,新光-新竹,2024-07-18,8563
3037,欣興,173,118,55,新光-新竹,2024-07-18,8563
1785,光洋科,76,23,53,新光-新竹,2024-07-18,8563
00878,國泰永續高股息,204,151,53,新光-新竹,2024-07-18,8563
6116,彩晶,52,0,52,新光-新竹,2024-07-18,8563
00936,台新永續高息中小,112,61,51,新光-新竹,2024-07-18,8563
4746,台耀,59,9,50,新光-新竹,2024-07-18,8563
006208,富邦台50,96,47,49,新光-新竹,2024-07-18,8563
2206,三陽工業,47,1,46,新光-新竹,2024-07-18,8563
6546,正基,61,16,45,新光-新竹,2024-07-18,8563
5512,力麒,65,21,44,新光-新竹,2024-07-18,8563
00830,國泰費城半導體,44,1,43,新光-新竹,2024-07-18,8563
00675L,富邦臺灣加權正2,62,22,40,新光-新竹,2024-07-18,8563
2731,雄獅,40,0,40,新光-新竹,2024-07-18,8563
2890,永豐金,38,0,38,新光-新竹,2024-07-18,8563
3265,台星科,38,0,38,新光-新竹,2024-07-18,8563
1536,和大,43,5,38,新光-新竹,2024-07-18,8563
3189,景碩,123,85,38,新光-新竹,2024-07-18,8563
00631L,元大台灣50正2,86,49,37,新光-新竹,2024-07-18,8563
2402,毅嘉,100,63,37,新光-新竹,2024-07-18,8563
1305,華夏,54,17,37,新光-新竹,2024-07-18,8563
6126,信音,43,8,35,新光-新竹,2024-07-18,8563
1314,中石化,66,32,34,新光-新竹,2024-07-18,8563
2609,陽明,84,51,33,新光-新竹,2024-07-18,8563
3035,智原,60,28,32,新光-新竹,2024-07-18,8563
8105,凌巨,203,171,32,新光-新竹,2024-07-18,8563
00905,FT臺灣Smart,36,5,31,新光-新竹,2024-07-18,8563
9955,佳龍,54,23,31,新光-新竹,2024-07-18,8563
00945B,凱基美國非投等債,32,1,31,新光-新竹,2024-07-18,8563
00937B,群益ESG投等債20,789,265,524,新光-新竹,2024-07-19,8563
00919,群益台灣精選高息,434,46,388,新光-新竹,2024-07-19,8563
00940,元大台灣價值高息,499,167,332,新光-新竹,2024-07-19,8563
00929,復華台灣科技優息,621,335,286,新光-新竹,2024-07-19,8563
00878,國泰永續高股息,307,42,265,新光-新竹,2024-07-19,8563
0056,元大高股息,268,31,237,新光-新竹,2024-07-19,8563
00936,台新永續高息中小,172,16,156,新光-新竹,2024-07-19,8563
2330,台積電,251,106,145,新光-新竹,2024-07-19,8563
00934,中信成長高股息,154,10,144,新光-新竹,2024-07-19,8563
00712,復華富時不動產,930,794,136,新光-新竹,2024-07-19,8563
00679B,元大美債20年,141,17,124,新光-新竹,2024-07-19,8563
2891,中信金,148,40,108,新光-新竹,2024-07-19,8563
3231,緯創,119,15,104,新光-新竹,2024-07-19,8563
2834,臺企銀,114,12,102,新光-新竹,2024-07-19,8563
6615,慧智,96,0,96,新光-新竹,2024-07-19,8563
1314,中石化,88,1,87,新光-新竹,2024-07-19,8563
2542,興富發,511,424,87,新光-新竹,2024-07-19,8563
00665L,富邦�琤肭磪囓�2,260,175,85,新光-新竹,2024-07-19,8563
9907,統一實,81,0,81,新光-新竹,2024-07-19,8563
00720B,元大投資級公司債,135,59,76,新光-新竹,2024-07-19,8563
4960,誠美材,75,1,74,新光-新竹,2024-07-19,8563
2312,金寶,89,17,72,新光-新竹,2024-07-19,8563
00713,元大台灣高息低波,76,8,68,新光-新竹,2024-07-19,8563
00918,大華優利高填息30,172,108,64,新光-新竹,2024-07-19,8563
00675L,富邦臺灣加權正2,67,3,64,新光-新竹,2024-07-19,8563
1802,台玻,72,9,63,新光-新竹,2024-07-19,8563
5355,佳總,60,0,60,新光-新竹,2024-07-19,8563
00753L,中信中國50正2,59,1,58,新光-新竹,2024-07-19,8563
5452,佶優,58,0,58,新光-新竹,2024-07-19,8563
006208,富邦台50,84,29,55,新光-新竹,2024-07-19,8563
6869,雲豹能源,73,20,53,新光-新竹,2024-07-19,8563
00751B,元大AAA至A公司債,89,39,50,新光-新竹,2024-07-19,8563
00933B,國泰10Y+金融債,86,38,48,新光-新竹,2024-07-19,8563
3576,聯合再生,59,11,48,新光-新竹,2024-07-19,8563
8028,昇陽半導體,155,108,47,新光-新竹,2024-07-19,8563
2344,華邦電,47,2,45,新光-新竹,2024-07-19,8563
2337,旺宏,55,10,45,新光-新竹,2024-07-19,8563
0050,元大台灣50,50,5,45,新光-新竹,2024-07-19,8563
9105,泰金寶-DR,210,166,44,新光-新竹,2024-07-19,8563
2887,台新金,62,20,42,新光-新竹,2024-07-19,8563
3081,聯亞,44,4,40,新光-新竹,2024-07-19,8563
1616,億泰,40,1,39,新光-新竹,2024-07-19,8563
1569,濱川,40,1,39,新光-新竹,2024-07-19,8563
5871,中租-KY,42,3,39,新光-新竹,2024-07-19,8563
2812,台中銀,48,9,39,新光-新竹,2024-07-19,8563
1785,光洋科,135,98,37,新光-新竹,2024-07-19,8563
2603,長榮,45,9,36,新光-新竹,2024-07-19,8563
6257,矽格,37,1,36,新光-新竹,2024-07-19,8563
6153,嘉聯益,36,1,35,新光-新竹,2024-07-19,8563
00923,群益台ESG低碳50,35,2,33,新光-新竹,2024-07-19,8563
00929,復華台灣科技優息,1099,105,994,新光-新竹,2024-07-22,8563
1314,中石化,492,90,402,新光-新竹,2024-07-22,8563
00919,群益台灣精選高息,579,197,382,新光-新竹,2024-07-22,8563
3481,群創,501,131,370,新光-新竹,2024-07-22,8563
0056,元大高股息,419,104,315,新光-新竹,2024-07-22,8563
00688L,國泰20年美債正2,342,30,312,新光-新竹,2024-07-22,8563
9907,統一實,300,0,300,新光-新竹,2024-07-22,8563
00937B,群益ESG投等債20,776,488,288,新光-新竹,2024-07-22,8563
00675L,富邦臺灣加權正2,164,12,152,新光-新竹,2024-07-22,8563
5512,力麒,370,228,142,新光-新竹,2024-07-22,8563
00679B,元大美債20年,196,62,134,新光-新竹,2024-07-22,8563
3015,全漢,136,5,131,新光-新竹,2024-07-22,8563
00882,中信中國高股息,153,25,128,新光-新竹,2024-07-22,8563
3231,緯創,132,23,109,新光-新竹,2024-07-22,8563
00940,元大台灣價值高息,372,271,101,新光-新竹,2024-07-22,8563
00947,台新臺灣IC設計,100,1,99,新光-新竹,2024-07-22,8563
00687B,國泰20年美債,246,166,80,新光-新竹,2024-07-22,8563
00706L,期元大S＆P日圓正2,80,0,80,新光-新竹,2024-07-22,8563
2845,遠東銀,82,3,79,新光-新竹,2024-07-22,8563
2324,仁寶,82,5,77,新光-新竹,2024-07-22,8563
4960,誠美材,81,5,76,新光-新竹,2024-07-22,8563
3338,泰碩,75,0,75,新光-新竹,2024-07-22,8563
6615,慧智,75,2,73,新光-新竹,2024-07-22,8563
00631L,元大台灣50正2,214,151,63,新光-新竹,2024-07-22,8563
00795B,中信美國公債20年,59,3,56,新光-新竹,2024-07-22,8563
00935,野村臺灣新科技50,54,0,54,新光-新竹,2024-07-22,8563
00936,台新永續高息中小,189,136,53,新光-新竹,2024-07-22,8563
8076,伍豐,67,16,51,新光-新竹,2024-07-22,8563
00878,國泰永續高股息,253,203,50,新光-新竹,2024-07-22,8563
00905,FT臺灣Smart,54,4,50,新光-新竹,2024-07-22,8563
2337,旺宏,75,26,49,新光-新竹,2024-07-22,8563
00715L,期街口布蘭特正2,50,1,49,新光-新竹,2024-07-22,8563
6244,茂迪,48,1,47,新光-新竹,2024-07-22,8563
00934,中信成長高股息,139,93,46,新光-新竹,2024-07-22,8563
4532,瑞智,45,0,45,新光-新竹,2024-07-22,8563
2515,中工,50,6,44,新光-新竹,2024-07-22,8563
00923,群益台ESG低碳50,41,5,36,新光-新竹,2024-07-22,8563
2348,海悅,47,12,35,新光-新竹,2024-07-22,8563
4109,加捷生醫,50,17,33,新光-新竹,2024-07-22,8563
2883B,凱基金乙特,32,0,32,新光-新竹,2024-07-22,8563
2352,佳世達,32,0,32,新光-新竹,2024-07-22,8563
0050,元大台灣50,59,28,31,新光-新竹,2024-07-22,8563
00665L,富邦�琤肭磪囓�2,90,60,30,新光-新竹,2024-07-22,8563
00671R,富邦NASDAQ反1,30,0,30,新光-新竹,2024-07-22,8563
3583,辛耘,46,17,29,新光-新竹,2024-07-22,8563
6126,信音,33,4,29,新光-新竹,2024-07-22,8563
2731,雄獅,34,5,29,新光-新竹,2024-07-22,8563
6679,鈺太,28,0,28,新光-新竹,2024-07-22,8563
2031,新光鋼,27,0,27,新光-新竹,2024-07-22,8563
6456,GIS-KY,28,1,27,新光-新竹,2024-07-22,8563
00937B,群益ESG投等債20,629,25,604,新光-新竹,2024-07-23,8563
00929,復華台灣科技優息,486,30,456,新光-新竹,2024-07-23,8563
00919,群益台灣精選高息,208,10,198,新光-新竹,2024-07-23,8563
00679B,元大美債20年,213,35,178,新光-新竹,2024-07-23,8563
00680L,元大美債20正2,241,75,166,新光-新竹,2024-07-23,8563
0056,元大高股息,193,35,158,新光-新竹,2024-07-23,8563
00878,國泰永續高股息,170,18,152,新光-新竹,2024-07-23,8563
3481,群創,188,38,150,新光-新竹,2024-07-23,8563
9907,統一實,150,0,150,新光-新竹,2024-07-23,8563
00857B,永豐20年美公債,143,2,141,新光-新竹,2024-07-23,8563
00687B,國泰20年美債,257,135,122,新光-新竹,2024-07-23,8563
2891,中信金,293,185,108,新光-新竹,2024-07-23,8563
00688L,國泰20年美債正2,137,33,104,新光-新竹,2024-07-23,8563
00948B,中信優息投資級債,107,10,97,新光-新竹,2024-07-23,8563
2883,凱基金,82,11,71,新光-新竹,2024-07-23,8563
00795B,中信美國公債20年,78,15,63,新光-新竹,2024-07-23,8563
2312,金寶,107,45,62,新光-新竹,2024-07-23,8563
00905,FT臺灣Smart,59,0,59,新光-新竹,2024-07-23,8563
1785,光洋科,72,14,58,新光-新竹,2024-07-23,8563
3522,御嵿,62,4,58,新光-新竹,2024-07-23,8563
6411,晶焱,55,0,55,新光-新竹,2024-07-23,8563
2444,兆勁,60,6,54,新光-新竹,2024-07-23,8563
5607,遠雄港,52,1,51,新光-新竹,2024-07-23,8563
2408,南亞科,52,3,49,新光-新竹,2024-07-23,8563
2812,台中銀,84,35,49,新光-新竹,2024-07-23,8563
00933B,國泰10Y+金融債,68,21,47,新光-新竹,2024-07-23,8563
00881,國泰台灣5G+,47,2,45,新光-新竹,2024-07-23,8563
00632R,元大台灣50反1,268,223,45,新光-新竹,2024-07-23,8563
8089,康全電訊,45,6,39,新光-新竹,2024-07-23,8563
00706L,期元大S＆P日圓正2,38,0,38,新光-新竹,2024-07-23,8563
3015,全漢,36,0,36,新光-新竹,2024-07-23,8563
00664R,國泰臺灣加權反1,35,0,35,新光-新竹,2024-07-23,8563
00768B,復華20年美債,40,5,35,新光-新竹,2024-07-23,8563
3189,景碩,138,104,34,新光-新竹,2024-07-23,8563
4903,聯光通,34,1,33,新光-新竹,2024-07-23,8563
3264,欣銓,36,4,32,新光-新竹,2024-07-23,8563
3105,穩懋,39,8,31,新光-新竹,2024-07-23,8563
00945B,凱基美國非投等債,30,0,30,新光-新竹,2024-07-23,8563
2867,三商壽,40,10,30,新光-新竹,2024-07-23,8563
2362,藍天,30,1,29,新光-新竹,2024-07-23,8563
2409,友達,42,13,29,新光-新竹,2024-07-23,8563
3663,鑫科,55,27,28,新光-新竹,2024-07-23,8563
8121,越峰,28,1,27,新光-新竹,2024-07-23,8563
2317,鴻海,222,196,26,新光-新竹,2024-07-23,8563
1614,三洋電,25,0,25,新光-新竹,2024-07-23,8563
3163,波若威,112,87,25,新光-新竹,2024-07-23,8563
6219,富旺,30,6,24,新光-新竹,2024-07-23,8563
00650L,復華香港正2,26,2,24,新光-新竹,2024-07-23,8563
1101,台泥,81,58,23,新光-新竹,2024-07-23,8563
6005,群益證,22,0,22,新光-新竹,2024-07-23,8563
00937B,群益ESG投等債20,1366,262,1104,新光-新竹,2024-07-26,8563
00680L,元大美債20正2,693,10,683,新光-新竹,2024-07-26,8563
3481,群創,843,239,604,新光-新竹,2024-07-26,8563
00919,群益台灣精選高息,447,66,381,新光-新竹,2024-07-26,8563
00637L,元大滬深300正2,381,6,375,新光-新竹,2024-07-26,8563
00929,復華台灣科技優息,534,182,352,新光-新竹,2024-07-26,8563
2801,彰銀,286,0,286,新光-新竹,2024-07-26,8563
00688L,國泰20年美債正2,348,130,218,新光-新竹,2024-07-26,8563
00857B,永豐20年美公債,200,0,200,新光-新竹,2024-07-26,8563
00946,群益科技高息成長,164,2,162,新光-新竹,2024-07-26,8563
2834,臺企銀,169,31,138,新光-新竹,2024-07-26,8563
00948B,中信優息投資級債,136,2,134,新光-新竹,2024-07-26,8563
00706L,期元大S＆P日圓正2,144,11,133,新光-新竹,2024-07-26,8563
2317,鴻海,369,238,131,新光-新竹,2024-07-26,8563
00751B,元大AAA至A公司債,133,13,120,新光-新竹,2024-07-26,8563
00675L,富邦臺灣加權正2,115,1,114,新光-新竹,2024-07-26,8563
2884,玉山金,126,16,110,新光-新竹,2024-07-26,8563
2330,台積電,164,55,109,新光-新竹,2024-07-26,8563
00712,復華富時不動產,514,415,99,新光-新竹,2024-07-26,8563
9907,統一實,90,0,90,新光-新竹,2024-07-26,8563
00679B,元大美債20年,191,116,75,新光-新竹,2024-07-26,8563
6219,富旺,79,5,74,新光-新竹,2024-07-26,8563
2524,京城,84,10,74,新光-新竹,2024-07-26,8563
2891,中信金,101,28,73,新光-新竹,2024-07-26,8563
006208,富邦台50,112,39,73,新光-新竹,2024-07-26,8563
00891,中信關鍵半導體,122,51,71,新光-新竹,2024-07-26,8563
2890,永豐金,78,7,71,新光-新竹,2024-07-26,8563
0056,元大高股息,149,79,70,新光-新竹,2024-07-26,8563
00933B,國泰10Y+金融債,68,0,68,新光-新竹,2024-07-26,8563
2883B,凱基金乙特,67,0,67,新光-新竹,2024-07-26,8563
00713,元大台灣高息低波,74,12,62,新光-新竹,2024-07-26,8563
2402,毅嘉,80,19,61,新光-新竹,2024-07-26,8563
00878,國泰永續高股息,344,283,61,新光-新竹,2024-07-26,8563
3015,全漢,60,0,60,新光-新竹,2024-07-26,8563
00951,台新日本半導體,59,0,59,新光-新竹,2024-07-26,8563
0050,元大台灣50,67,10,57,新光-新竹,2024-07-26,8563
00881,國泰台灣5G+,64,8,56,新光-新竹,2024-07-26,8563
00720B,元大投資級公司債,58,2,56,新光-新竹,2024-07-26,8563
00795B,中信美國公債20年,54,0,54,新光-新竹,2024-07-26,8563
2897,王道銀行,53,0,53,新光-新竹,2024-07-26,8563
8466,美吉吉-KY,49,0,49,新光-新竹,2024-07-26,8563
2467,志聖,57,10,47,新光-新竹,2024-07-26,8563
00631L,元大台灣50正2,124,78,46,新光-新竹,2024-07-26,8563
2303,聯電,46,1,45,新光-新竹,2024-07-26,8563
2883,凱基金,376,334,42,新光-新竹,2024-07-26,8563
2408,南亞科,45,3,42,新光-新竹,2024-07-26,8563
1609,大亞,98,57,41,新光-新竹,2024-07-26,8563
3048,益登,41,0,41,新光-新竹,2024-07-26,8563
4128,中天,103,64,39,新光-新竹,2024-07-26,8563
00665L,富邦�琤肭磪囓�2,92,53,39,新光-新竹,2024-07-26,8563
2344,華邦電,1415,59,1356,新光-新竹,2024-07-29,8563
00680L,元大美債20正2,1053,269,784,新光-新竹,2024-07-29,8563
2888,新光金,490,15,475,新光-新竹,2024-07-29,8563
00929,復華台灣科技優息,454,91,363,新光-新竹,2024-07-29,8563
00919,群益台灣精選高息,453,112,341,新光-新竹,2024-07-29,8563
00665L,富邦�琤肭磪囓�2,278,0,278,新光-新竹,2024-07-29,8563
9907,統一實,160,0,160,新光-新竹,2024-07-29,8563
00715L,期街口布蘭特正2,141,0,141,新光-新竹,2024-07-29,8563
00934,中信成長高股息,180,45,135,新光-新竹,2024-07-29,8563
2801,彰銀,121,0,121,新光-新竹,2024-07-29,8563
0056,元大高股息,133,25,108,新光-新竹,2024-07-29,8563
00878,國泰永續高股息,245,139,106,新光-新竹,2024-07-29,8563
00946,群益科技高息成長,102,2,100,新光-新竹,2024-07-29,8563
2884,玉山金,103,5,98,新光-新竹,2024-07-29,8563
3015,全漢,90,0,90,新光-新竹,2024-07-29,8563
3481,群創,162,78,84,新光-新竹,2024-07-29,8563
9946,三發地產,132,56,76,新光-新竹,2024-07-29,8563
2105,正新,80,5,75,新光-新竹,2024-07-29,8563
2524,京城,90,21,69,新光-新竹,2024-07-29,8563
2881,富邦金,85,19,66,新光-新竹,2024-07-29,8563
2883B,凱基金乙特,63,0,63,新光-新竹,2024-07-29,8563
2409,友達,69,6,63,新光-新竹,2024-07-29,8563
3702,大聯大,62,0,62,新光-新竹,2024-07-29,8563
2363,矽統,88,35,53,新光-新竹,2024-07-29,8563
2527,宏璟,53,0,53,新光-新竹,2024-07-29,8563
00687B,國泰20年美債,205,154,51,新光-新竹,2024-07-29,8563
00712,復華富時不動產,190,139,51,新光-新竹,2024-07-29,8563
00927,群益半導體收益,50,1,49,新光-新竹,2024-07-29,8563
8936,國統,57,14,43,新光-新竹,2024-07-29,8563
2406,國碩,42,1,41,新光-新竹,2024-07-29,8563
9906,欣巴巴,105,65,40,新光-新竹,2024-07-29,8563
5443,均豪,155,116,39,新光-新竹,2024-07-29,8563
2002,中鋼,38,0,38,新光-新竹,2024-07-29,8563
4564,元翎,50,13,37,新光-新竹,2024-07-29,8563
2388,威盛,42,5,37,新光-新竹,2024-07-29,8563
5508,永信建,42,6,36,新光-新竹,2024-07-29,8563
00881,國泰台灣5G+,37,3,34,新光-新竹,2024-07-29,8563
00947,台新臺灣IC設計,33,0,33,新光-新竹,2024-07-29,8563
2883,凱基金,70,38,32,新光-新竹,2024-07-29,8563
00937B,群益ESG投等債20,430,399,31,新光-新竹,2024-07-29,8563
4726,永昕,30,1,29,新光-新竹,2024-07-29,8563
2528,皇普,25,0,25,新光-新竹,2024-07-29,8563
6462,神盾,35,11,24,新光-新竹,2024-07-29,8563
4128,中天,44,21,23,新光-新竹,2024-07-29,8563
6116,彩晶,53,30,23,新光-新竹,2024-07-29,8563
1475,業旺,22,0,22,新光-新竹,2024-07-29,8563
1514,亞力,44,23,21,新光-新竹,2024-07-29,8563
2376,技嘉,29,9,20,新光-新竹,2024-07-29,8563
1316,上曜,72,52,20,新光-新竹,2024-07-29,8563
00720B,元大投資級公司債,35,16,19,新光-新竹,2024-07-29,8563
00712,復華富時不動產,1535,15,1520,新光-新竹,2024-07-30,8563
00688L,國泰20年美債正2,546,158,388,新光-新竹,2024-07-30,8563
00929,復華台灣科技優息,547,180,367,新光-新竹,2024-07-30,8563
00715L,期街口布蘭特正2,219,1,218,新光-新竹,2024-07-30,8563
00946,群益科技高息成長,386,191,195,新光-新竹,2024-07-30,8563
00878,國泰永續高股息,264,77,187,新光-新竹,2024-07-30,8563
00665L,富邦�琤肭磪囓�2,166,0,166,新光-新竹,2024-07-30,8563
00940,元大台灣價值高息,266,109,157,新光-新竹,2024-07-30,8563
2891,中信金,180,44,136,新光-新竹,2024-07-30,8563
6869,雲豹能源,221,112,109,新光-新竹,2024-07-30,8563
00637L,元大滬深300正2,198,93,105,新光-新竹,2024-07-30,8563
9907,統一實,100,0,100,新光-新竹,2024-07-30,8563
00795B,中信美國公債20年,95,5,90,新光-新竹,2024-07-30,8563
00919,群益台灣精選高息,232,146,86,新光-新竹,2024-07-30,8563
6548,長科*,77,0,77,新光-新竹,2024-07-30,8563
1806,冠軍,75,5,70,新光-新竹,2024-07-30,8563
00675L,富邦臺灣加權正2,115,45,70,新光-新竹,2024-07-30,8563
2884,玉山金,76,22,54,新光-新竹,2024-07-30,8563
2442,新美齊,97,43,54,新光-新竹,2024-07-30,8563
2897,王道銀行,51,0,51,新光-新竹,2024-07-30,8563
2892,第一金,51,1,50,新光-新竹,2024-07-30,8563
2838,聯邦銀,55,5,50,新光-新竹,2024-07-30,8563
2524,京城,85,41,44,新光-新竹,2024-07-30,8563
3231,緯創,60,16,44,新光-新竹,2024-07-30,8563
2105,正新,42,2,40,新光-新竹,2024-07-30,8563
2353,宏��,52,12,40,新光-新竹,2024-07-30,8563
00631L,元大台灣50正2,67,28,39,新光-新竹,2024-07-30,8563
00881,國泰台灣5G+,39,0,39,新光-新竹,2024-07-30,8563
2867,三商壽,39,2,37,新光-新竹,2024-07-30,8563
2303,聯電,35,0,35,新光-新竹,2024-07-30,8563
6177,達麗,54,20,34,新光-新竹,2024-07-30,8563
00939,統一台灣高息動能,39,6,33,新光-新竹,2024-07-30,8563
6771,平和環保-創,38,6,32,新光-新竹,2024-07-30,8563
1609,大亞,51,20,31,新光-新竹,2024-07-30,8563
2527,宏璟,31,0,31,新光-新竹,2024-07-30,8563
00650L,復華香港正2,133,103,30,新光-新竹,2024-07-30,8563
3450,聯鈞,62,33,29,新光-新竹,2024-07-30,8563
00692,富邦公司治理,32,3,29,新光-新竹,2024-07-30,8563
8064,東捷,185,157,28,新光-新竹,2024-07-30,8563
00713,元大台灣高息低波,33,5,28,新光-新竹,2024-07-30,8563
0050,元大台灣50,37,9,28,新光-新竹,2024-07-30,8563
1718,中纖,30,3,27,新光-新竹,2024-07-30,8563
4113,聯上,39,13,26,新光-新竹,2024-07-30,8563
00918,大華優利高填息30,50,24,26,新光-新竹,2024-07-30,8563
2409,友達,30,5,25,新光-新竹,2024-07-30,8563
2812,台中銀,25,0,25,新光-新竹,2024-07-30,8563
6239,力成,35,11,24,新光-新竹,2024-07-30,8563
3015,全漢,24,0,24,新光-新竹,2024-07-30,8563
2349,錸德,185,162,23,新光-新竹,2024-07-30,8563
2330,台積電,59,39,20,新光-新竹,2024-07-30,8563
00937B,群益ESG投等債20,706,83,623,新光-新竹,2024-07-31,8563
3105,穩懋,390,29,361,新光-新竹,2024-07-31,8563
00680L,元大美債20正2,416,130,286,新光-新竹,2024-07-31,8563
2442,新美齊,295,26,269,新光-新竹,2024-07-31,8563
00929,復華台灣科技優息,314,48,266,新光-新竹,2024-07-31,8563
00688L,國泰20年美債正2,605,361,244,新光-新竹,2024-07-31,8563
00881,國泰台灣5G+,219,20,199,新光-新竹,2024-07-31,8563
00715L,期街口布蘭特正2,124,2,122,新光-新竹,2024-07-31,8563
2061,風青,130,8,122,新光-新竹,2024-07-31,8563
00679B,元大美債20年,129,20,109,新光-新竹,2024-07-31,8563
2524,京城,192,86,106,新光-新竹,2024-07-31,8563
00878,國泰永續高股息,109,16,93,新光-新竹,2024-07-31,8563
00768B,復華20年美債,78,0,78,新光-新竹,2024-07-31,8563
00933B,國泰10Y+金融債,112,36,76,新光-新竹,2024-07-31,8563
3481,群創,282,223,59,新光-新竹,2024-07-31,8563
00919,群益台灣精選高息,140,82,58,新光-新竹,2024-07-31,8563
6239,力成,54,1,53,新光-新竹,2024-07-31,8563
2349,錸德,166,115,51,新光-新竹,2024-07-31,8563
00936,台新永續高息中小,55,4,51,新光-新竹,2024-07-31,8563
00706L,期元大S＆P日圓正2,56,6,50,新光-新竹,2024-07-31,8563
1316,上曜,92,49,43,新光-新竹,2024-07-31,8563
5515,建國,47,5,42,新光-新竹,2024-07-31,8563
3047,訊舟,358,321,37,新光-新竹,2024-07-31,8563
3167,大量,130,95,35,新光-新竹,2024-07-31,8563
8039,台虹,36,1,35,新光-新竹,2024-07-31,8563
00951,台新日本半導體,35,0,35,新光-新竹,2024-07-31,8563
2498,宏達電,38,4,34,新光-新竹,2024-07-31,8563
00632R,元大台灣50反1,302,270,32,新光-新竹,2024-07-31,8563
00939,統一台灣高息動能,31,0,31,新光-新竹,2024-07-31,8563
00934,中信成長高股息,31,0,31,新光-新竹,2024-07-31,8563
00675L,富邦臺灣加權正2,54,24,30,新光-新竹,2024-07-31,8563
00687B,國泰20年美債,299,269,30,新光-新竹,2024-07-31,8563
8096,擎亞,52,23,29,新光-新竹,2024-07-31,8563
2313,華通,41,12,29,新光-新竹,2024-07-31,8563
00946,群益科技高息成長,89,60,29,新光-新竹,2024-07-31,8563
2348,海悅,37,10,27,新光-新竹,2024-07-31,8563
1718,中纖,27,0,27,新光-新竹,2024-07-31,8563
0056,元大高股息,44,18,26,新光-新竹,2024-07-31,8563
00671R,富邦NASDAQ反1,25,0,25,新光-新竹,2024-07-31,8563
2204,中華,33,9,24,新光-新竹,2024-07-31,8563
2359,所羅門,35,13,22,新光-新竹,2024-07-31,8563
00940,元大台灣價值高息,51,29,22,新光-新竹,2024-07-31,8563
00882,中信中國高股息,43,22,21,新光-新竹,2024-07-31,8563
4726,永昕,21,0,21,新光-新竹,2024-07-31,8563
4720,德淵,37,16,21,新光-新竹,2024-07-31,8563
3711,日月光投控,26,6,20,新光-新竹,2024-07-31,8563
3163,波若威,65,45,20,新光-新竹,2024-07-31,8563
2534,宏盛,20,0,20,新光-新竹,2024-07-31,8563
4109,加捷生醫,20,0,20,新光-新竹,2024-07-31,8563
9944,新麗,20,0,20,新光-新竹,2024-07-31,8563
00712,復華富時不動產,837,127,710,新光-新竹,2024-08-01,8563
00688L,國泰20年美債正2,800,301,499,新光-新竹,2024-08-01,8563
00680L,元大美債20正2,659,346,313,新光-新竹,2024-08-01,8563
00878,國泰永續高股息,252,24,228,新光-新竹,2024-08-01,8563
00937B,群益ESG投等債20,524,373,151,新光-新竹,2024-08-01,8563
00687B,國泰20年美債,209,86,123,新光-新竹,2024-08-01,8563
2542,興富發,126,6,120,新光-新竹,2024-08-01,8563
6239,力成,166,54,112,新光-新竹,2024-08-01,8563
00679B,元大美債20年,154,56,98,新光-新竹,2024-08-01,8563
00891,中信關鍵半導體,98,1,97,新光-新竹,2024-08-01,8563
9933,中鼎,89,2,87,新光-新竹,2024-08-01,8563
3481,群創,142,56,86,新光-新竹,2024-08-01,8563
00945B,凱基美國非投等債,84,1,83,新光-新竹,2024-08-01,8563
4726,永昕,83,0,83,新光-新竹,2024-08-01,8563
3035,智原,87,6,81,新光-新竹,2024-08-01,8563
2489,瑞軒,88,13,75,新光-新竹,2024-08-01,8563
00881,國泰台灣5G+,79,5,74,新光-新竹,2024-08-01,8563
00923,群益台ESG低碳50,73,2,71,新光-新竹,2024-08-01,8563
2892,第一金,150,81,69,新光-新竹,2024-08-01,8563
3663,鑫科,238,173,65,新光-新竹,2024-08-01,8563
2363,矽統,194,134,60,新光-新竹,2024-08-01,8563
3583,辛耘,84,26,58,新光-新竹,2024-08-01,8563
00662,富邦NASDAQ,52,0,52,新光-新竹,2024-08-01,8563
2498,宏達電,55,3,52,新光-新竹,2024-08-01,8563
2867,三商壽,54,4,50,新光-新竹,2024-08-01,8563
5512,力麒,50,0,50,新光-新竹,2024-08-01,8563
00637L,元大滬深300正2,57,9,48,新光-新竹,2024-08-01,8563
4906,正文,52,4,48,新光-新竹,2024-08-01,8563
2884,玉山金,49,2,47,新光-新竹,2024-08-01,8563
9906,欣巴巴,65,18,47,新光-新竹,2024-08-01,8563
00885,富邦越南,51,4,47,新光-新竹,2024-08-01,8563
2348,海悅,60,19,41,新光-新竹,2024-08-01,8563
00940,元大台灣價值高息,102,61,41,新光-新竹,2024-08-01,8563
00631L,元大台灣50正2,51,10,41,新光-新竹,2024-08-01,8563
2905,三商,40,0,40,新光-新竹,2024-08-01,8563
9105,泰金寶-DR,50,11,39,新光-新竹,2024-08-01,8563
2330,台積電,74,35,39,新光-新竹,2024-08-01,8563
2317,鴻海,268,231,37,新光-新竹,2024-08-01,8563
3715,定穎投控,77,40,37,新光-新竹,2024-08-01,8563
9934,成霖,41,5,36,新光-新竹,2024-08-01,8563
00929,復華台灣科技優息,146,110,36,新光-新竹,2024-08-01,8563
2442,新美齊,100,65,35,新光-新竹,2024-08-01,8563
00936,台新永續高息中小,41,9,32,新光-新竹,2024-08-01,8563
3703,欣陸,32,0,32,新光-新竹,2024-08-01,8563
3047,訊舟,138,108,30,新光-新竹,2024-08-01,8563
2204,中華,68,42,26,新光-新竹,2024-08-01,8563
00949,復華日本龍頭,27,3,24,新光-新竹,2024-08-01,8563
5484,慧友,24,0,24,新光-新竹,2024-08-01,8563
2618,長榮航,24,1,23,新光-新竹,2024-08-01,8563
00772B,中信高評級公司債,23,0,23,新光-新竹,2024-08-01,8563
00712,復華富時不動產,1007,83,924,新光-新竹,2024-08-02,8563
00948B,中信優息投資級債,757,36,721,新光-新竹,2024-08-02,8563
00929,復華台灣科技優息,542,33,509,新光-新竹,2024-08-02,8563
00878,國泰永續高股息,467,136,331,新光-新竹,2024-08-02,8563
00940,元大台灣價值高息,409,94,315,新光-新竹,2024-08-02,8563
00687B,國泰20年美債,699,407,292,新光-新竹,2024-08-02,8563
00919,群益台灣精選高息,372,84,288,新光-新竹,2024-08-02,8563
0056,元大高股息,273,68,205,新光-新竹,2024-08-02,8563
2317,鴻海,570,365,205,新光-新竹,2024-08-02,8563
2884,玉山金,182,6,176,新光-新竹,2024-08-02,8563
2515,中工,226,53,173,新光-新竹,2024-08-02,8563
2834,臺企銀,196,39,157,新光-新竹,2024-08-02,8563
00933B,國泰10Y+金融債,152,6,146,新光-新竹,2024-08-02,8563
00881,國泰台灣5G+,162,25,137,新光-新竹,2024-08-02,8563
00923,群益台ESG低碳50,132,7,125,新光-新竹,2024-08-02,8563
00725B,國泰投資級公司債,128,4,124,新光-新竹,2024-08-02,8563
00679B,元大美債20年,324,205,119,新光-新竹,2024-08-02,8563
2891,中信金,133,15,118,新光-新竹,2024-08-02,8563
5425,台半,105,4,101,新光-新竹,2024-08-02,8563
00675L,富邦臺灣加權正2,126,34,92,新光-新竹,2024-08-02,8563
2610,華航,91,0,91,新光-新竹,2024-08-02,8563
006208,富邦台50,134,45,89,新光-新竹,2024-08-02,8563
1316,上曜,587,499,88,新光-新竹,2024-08-02,8563
2353,宏��,86,7,79,新光-新竹,2024-08-02,8563
0050,元大台灣50,99,24,75,新光-新竹,2024-08-02,8563
2501,國建,112,39,73,新光-新竹,2024-08-02,8563
00949,復華日本龍頭,70,4,66,新光-新竹,2024-08-02,8563
4726,永昕,65,0,65,新光-新竹,2024-08-02,8563
00939,統一台灣高息動能,70,5,65,新光-新竹,2024-08-02,8563
00927,群益半導體收益,76,12,64,新光-新竹,2024-08-02,8563
00934,中信成長高股息,196,132,64,新光-新竹,2024-08-02,8563
00932,兆豐永續高息等權,64,0,64,新光-新竹,2024-08-02,8563
00715L,期街口布蘭特正2,64,0,64,新光-新竹,2024-08-02,8563
4532,瑞智,84,22,62,新光-新竹,2024-08-02,8563
4906,正文,54,1,53,新光-新竹,2024-08-02,8563
3037,欣興,92,39,53,新光-新竹,2024-08-02,8563
1616,億泰,52,0,52,新光-新竹,2024-08-02,8563
2357,華碩,51,0,51,新光-新竹,2024-08-02,8563
00631L,元大台灣50正2,123,75,48,新光-新竹,2024-08-02,8563
2382,廣達,114,66,48,新光-新竹,2024-08-02,8563
3338,泰碩,57,10,47,新光-新竹,2024-08-02,8563
9945,潤泰新,156,109,47,新光-新竹,2024-08-02,8563
1314,中石化,193,147,46,新光-新竹,2024-08-02,8563
9946,三發地產,64,18,46,新光-新竹,2024-08-02,8563
00905,FT臺灣Smart,56,12,44,新光-新竹,2024-08-02,8563
3481,群創,137,93,44,新光-新竹,2024-08-02,8563
00935,野村臺灣新科技50,44,0,44,新光-新竹,2024-08-02,8563
00951,台新日本半導體,42,1,41,新光-新竹,2024-08-02,8563
00892,富邦台灣半導體,43,2,41,新光-新竹,2024-08-02,8563
00885,富邦越南,41,1,40,新光-新竹,2024-08-02,8563
00940,元大台灣價值高息,1352,199,1153,新光-新竹,2024-08-05,8563
00929,復華台灣科技優息,2071,961,1110,新光-新竹,2024-08-05,8563
00680L,元大美債20正2,2341,1333,1008,新光-新竹,2024-08-05,8563
00948B,中信優息投資級債,932,130,802,新光-新竹,2024-08-05,8563
00937B,群益ESG投等債20,1401,666,735,新光-新竹,2024-08-05,8563
00712,復華富時不動產,1878,1272,606,新光-新竹,2024-08-05,8563
00919,群益台灣精選高息,828,276,552,新光-新竹,2024-08-05,8563
00878,國泰永續高股息,769,296,473,新光-新竹,2024-08-05,8563
2206,三陽工業,422,4,418,新光-新竹,2024-08-05,8563
00679B,元大美債20年,668,322,346,新光-新竹,2024-08-05,8563
00715L,期街口布蘭特正2,1205,904,301,新光-新竹,2024-08-05,8563
00933B,國泰10Y+金融債,239,20,219,新光-新竹,2024-08-05,8563
00631L,元大台灣50正2,362,173,189,新光-新竹,2024-08-05,8563
2883B,凱基金乙特,187,0,187,新光-新竹,2024-08-05,8563
00675L,富邦臺灣加權正2,293,125,168,新光-新竹,2024-08-05,8563
1314,中石化,222,55,167,新光-新竹,2024-08-05,8563
00881,國泰台灣5G+,181,19,162,新光-新竹,2024-08-05,8563
0050,元大台灣50,207,46,161,新光-新竹,2024-08-05,8563
006208,富邦台50,235,79,156,新光-新竹,2024-08-05,8563
9907,統一實,150,0,150,新光-新竹,2024-08-05,8563
00753L,中信中國50正2,147,12,135,新光-新竹,2024-08-05,8563
2330,台積電,283,148,135,新光-新竹,2024-08-05,8563
00641R,富邦日本反1,130,0,130,新光-新竹,2024-08-05,8563
3231,緯創,182,58,124,新光-新竹,2024-08-05,8563
00946,群益科技高息成長,142,19,123,新光-新竹,2024-08-05,8563
3710,連展投控,126,9,117,新光-新竹,2024-08-05,8563
00891,中信關鍵半導體,181,74,107,新光-新竹,2024-08-05,8563
00725B,國泰投資級公司債,111,7,104,新光-新竹,2024-08-05,8563
9906,欣巴巴,108,9,99,新光-新竹,2024-08-05,8563
2409,友達,120,35,85,新光-新竹,2024-08-05,8563
4102,永日,82,2,80,新光-新竹,2024-08-05,8563
2891,中信金,147,68,79,新光-新竹,2024-08-05,8563
00942B,台新美A公司債20+,71,0,71,新光-新竹,2024-08-05,8563
2402,毅嘉,106,35,71,新光-新竹,2024-08-05,8563
00918,大華優利高填息30,90,19,71,新光-新竹,2024-08-05,8563
3090,日電貿,84,14,70,新光-新竹,2024-08-05,8563
00923,群益台ESG低碳50,63,6,57,新光-新竹,2024-08-05,8563
3202,樺晟,67,10,57,新光-新竹,2024-08-05,8563
2323,中環,56,0,56,新光-新竹,2024-08-05,8563
2511,太子,55,1,54,新光-新竹,2024-08-05,8563
4129,聯合,61,7,54,新光-新竹,2024-08-05,8563
1710,東聯,53,0,53,新光-新竹,2024-08-05,8563
2867,三商壽,108,57,51,新光-新竹,2024-08-05,8563
00877,復華中國5G,50,0,50,新光-新竹,2024-08-05,8563
2485,兆赫,49,0,49,新光-新竹,2024-08-05,8563
1316,上曜,81,33,48,新光-新竹,2024-08-05,8563
5340,建榮,46,0,46,新光-新竹,2024-08-05,8563
00692,富邦公司治理,48,2,46,新光-新竹,2024-08-05,8563
9946,三發地產,50,5,45,新光-新竹,2024-08-05,8563
2812,台中銀,94,49,45,新光-新竹,2024-08-05,8563
00632R,元大台灣50反1,1109,272,837,新光-新竹,2024-08-06,8563
00664R,國泰臺灣加權反1,474,25,449,新光-新竹,2024-08-06,8563
00948B,中信優息投資級債,589,152,437,新光-新竹,2024-08-06,8563
2317,鴻海,999,602,397,新光-新竹,2024-08-06,8563
3105,穩懋,360,12,348,新光-新竹,2024-08-06,8563
00929,復華台灣科技優息,582,248,334,新光-新竹,2024-08-06,8563
00715L,期街口布蘭特正2,315,34,281,新光-新竹,2024-08-06,8563
00940,元大台灣價值高息,392,132,260,新光-新竹,2024-08-06,8563
00881,國泰台灣5G+,301,68,233,新光-新竹,2024-08-06,8563
00915,凱基優選高股息30,226,14,212,新光-新竹,2024-08-06,8563
2543,皇昌,222,20,202,新光-新竹,2024-08-06,8563
00878,國泰永續高股息,309,122,187,新光-新竹,2024-08-06,8563
1314,中石化,173,1,172,新光-新竹,2024-08-06,8563
6126,信音,157,0,157,新光-新竹,2024-08-06,8563
2371,大同,171,20,151,新光-新竹,2024-08-06,8563
00637L,元大滬深300正2,262,118,144,新光-新竹,2024-08-06,8563
0056,元大高股息,484,342,142,新光-新竹,2024-08-06,8563
2883B,凱基金乙特,140,0,140,新光-新竹,2024-08-06,8563
9946,三發地產,94,10,84,新光-新竹,2024-08-06,8563
00669R,國泰美國道瓊反1,100,17,83,新光-新竹,2024-08-06,8563
1714,和桐,80,0,80,新光-新竹,2024-08-06,8563
8089,康全電訊,85,15,70,新光-新竹,2024-08-06,8563
8028,昇陽半導體,115,47,68,新光-新竹,2024-08-06,8563
4906,正文,98,30,68,新光-新竹,2024-08-06,8563
6177,達麗,78,10,68,新光-新竹,2024-08-06,8563
4513,福裕,72,12,60,新光-新竹,2024-08-06,8563
00631L,元大台灣50正2,207,149,58,新光-新竹,2024-08-06,8563
2515,中工,74,16,58,新光-新竹,2024-08-06,8563
3518,柏騰,93,40,53,新光-新竹,2024-08-06,8563
6219,富旺,81,28,53,新光-新竹,2024-08-06,8563
00675L,富邦臺灣加權正2,125,72,53,新光-新竹,2024-08-06,8563
3374,精材,86,35,51,新光-新竹,2024-08-06,8563
00937B,群益ESG投等債20,938,888,50,新光-新竹,2024-08-06,8563
2501,國建,106,58,48,新光-新竹,2024-08-06,8563
4113,聯上,47,0,47,新光-新竹,2024-08-06,8563
0050,元大台灣50,99,55,44,新光-新竹,2024-08-06,8563
2812,台中銀,44,1,43,新光-新竹,2024-08-06,8563
1316,上曜,139,96,43,新光-新竹,2024-08-06,8563
3188,鑫龍騰,46,4,42,新光-新竹,2024-08-06,8563
00679B,元大美債20年,437,396,41,新光-新竹,2024-08-06,8563
00891,中信關鍵半導體,53,13,40,新光-新竹,2024-08-06,8563
3338,泰碩,45,7,38,新光-新竹,2024-08-06,8563
5347,世界,76,44,32,新光-新竹,2024-08-06,8563
5443,均豪,95,63,32,新光-新竹,2024-08-06,8563
00768B,復華20年美債,34,2,32,新光-新竹,2024-08-06,8563
00685L,群益臺灣加權正2,49,17,32,新光-新竹,2024-08-06,8563
9945,潤泰新,91,59,32,新光-新竹,2024-08-06,8563
6125,廣運,43,11,32,新光-新竹,2024-08-06,8563
2834,臺企銀,101,70,31,新光-新竹,2024-08-06,8563
00857B,永豐20年美公債,62,31,31,新光-新竹,2024-08-06,8563
00632R,元大台灣50反1,1451,797,654,新光-新竹,2024-08-07,8563
00929,復華台灣科技優息,664,232,432,新光-新竹,2024-08-07,8563
00795B,中信美國公債20年,358,20,338,新光-新竹,2024-08-07,8563
1714,和桐,270,0,270,新光-新竹,2024-08-07,8563
00878,國泰永續高股息,352,84,268,新光-新竹,2024-08-07,8563
00948B,中信優息投資級債,458,212,246,新光-新竹,2024-08-07,8563
00679B,元大美債20年,424,199,225,新光-新竹,2024-08-07,8563
00664R,國泰臺灣加權反1,308,92,216,新光-新竹,2024-08-07,8563
00940,元大台灣價值高息,294,94,200,新光-新竹,2024-08-07,8563
2887,台新金,154,13,141,新光-新竹,2024-08-07,8563
00768B,復華20年美債,137,20,117,新光-新竹,2024-08-07,8563
00715L,期街口布蘭特正2,117,9,108,新光-新竹,2024-08-07,8563
0056,元大高股息,190,86,104,新光-新竹,2024-08-07,8563
3481,群創,100,17,83,新光-新竹,2024-08-07,8563
00933B,國泰10Y+金融債,113,30,83,新光-新竹,2024-08-07,8563
2317,鴻海,373,294,79,新光-新竹,2024-08-07,8563
00947,台新臺灣IC設計,77,2,75,新光-新竹,2024-08-07,8563
5347,世界,105,33,72,新光-新竹,2024-08-07,8563
6505,台塑化,66,0,66,新光-新竹,2024-08-07,8563
00631L,元大台灣50正2,131,65,66,新光-新竹,2024-08-07,8563
00665L,富邦�琤肭磪囓�2,174,111,63,新光-新竹,2024-08-07,8563
5519,隆大,72,10,62,新光-新竹,2024-08-07,8563
1614,三洋電,60,0,60,新光-新竹,2024-08-07,8563
2929,淘帝-KY,51,0,51,新光-新竹,2024-08-07,8563
00786B,元大10年IG銀行債,54,4,50,新光-新竹,2024-08-07,8563
8071,能率網通,50,0,50,新光-新竹,2024-08-07,8563
2834,臺企銀,89,42,47,新光-新竹,2024-08-07,8563
00949,復華日本龍頭,50,3,47,新光-新竹,2024-08-07,8563
1785,光洋科,84,38,46,新光-新竹,2024-08-07,8563
3040,遠見,45,0,45,新光-新竹,2024-08-07,8563
2851,中再保,48,5,43,新光-新竹,2024-08-07,8563
2501,國建,45,4,41,新光-新竹,2024-08-07,8563
6219,富旺,43,2,41,新光-新竹,2024-08-07,8563
3045,台灣大,41,0,41,新光-新竹,2024-08-07,8563
1402,遠東新,41,0,41,新光-新竹,2024-08-07,8563
1718,中纖,40,0,40,新光-新竹,2024-08-07,8563
6213,聯茂,88,53,35,新光-新竹,2024-08-07,8563
2812,台中銀,34,0,34,新光-新竹,2024-08-07,8563
3019,亞光,71,39,32,新光-新竹,2024-08-07,8563
00919,群益台灣精選高息,147,115,32,新光-新竹,2024-08-07,8563
2867,三商壽,45,15,30,新光-新竹,2024-08-07,8563
9105,泰金寶-DR,231,202,29,新光-新竹,2024-08-07,8563
2409,友達,45,18,27,新光-新竹,2024-08-07,8563
5871,中租-KY,35,9,26,新光-新竹,2024-08-07,8563
3206,志豐,26,0,26,新光-新竹,2024-08-07,8563
00720B,元大投資級公司債,111,85,26,新光-新竹,2024-08-07,8563
00924,復華S＆P500成長,28,3,25,新光-新竹,2024-08-07,8563
4306,炎洲,21,0,21,新光-新竹,2024-08-07,8563
1101,台泥,23,2,21,新光-新竹,2024-08-07,8563
8104,錸寶,20,0,20,新光-新竹,2024-08-07,8563
00929,復華台灣科技優息,1022,177,845,新光-新竹,2024-08-08,8563
00632R,元大台灣50反1,918,270,648,新光-新竹,2024-08-08,8563
00687B,國泰20年美債,374,61,313,新光-新竹,2024-08-08,8563
00948B,中信優息投資級債,409,160,249,新光-新竹,2024-08-08,8563
00688L,國泰20年美債正2,526,287,239,新光-新竹,2024-08-08,8563
00788B,元大10年IG電能債,221,0,221,新光-新竹,2024-08-08,8563
2801,彰銀,222,10,212,新光-新竹,2024-08-08,8563
00679B,元大美債20年,252,50,202,新光-新竹,2024-08-08,8563
2317,鴻海,412,218,194,新光-新竹,2024-08-08,8563
00680L,元大美債20正2,588,411,177,新光-新竹,2024-08-08,8563
00937B,群益ESG投等債20,880,716,164,新光-新竹,2024-08-08,8563
1314,中石化,182,20,162,新光-新竹,2024-08-08,8563
2834,臺企銀,156,10,146,新光-新竹,2024-08-08,8563
2886,兆豐金,123,1,122,新光-新竹,2024-08-08,8563
00795B,中信美國公債20年,139,22,117,新光-新竹,2024-08-08,8563
2363,矽統,132,18,114,新光-新竹,2024-08-08,8563
00878,國泰永續高股息,219,113,106,新光-新竹,2024-08-08,8563
00669R,國泰美國道瓊反1,101,0,101,新光-新竹,2024-08-08,8563
00940,元大台灣價值高息,145,44,101,新光-新竹,2024-08-08,8563
3090,日電貿,109,19,90,新光-新竹,2024-08-08,8563
00905,FT臺灣Smart,102,15,87,新光-新竹,2024-08-08,8563
00919,群益台灣精選高息,114,31,83,新光-新竹,2024-08-08,8563
2501,國建,107,32,75,新光-新竹,2024-08-08,8563
4532,瑞智,75,1,74,新光-新竹,2024-08-08,8563
2851,中再保,96,23,73,新光-新竹,2024-08-08,8563
2520,冠德,102,32,70,新光-新竹,2024-08-08,8563
2243,宏旭-KY,66,5,61,新光-新竹,2024-08-08,8563
6165,浪凡,59,0,59,新光-新竹,2024-08-08,8563
0050,元大台灣50,68,10,58,新光-新竹,2024-08-08,8563
2610,華航,56,2,54,新光-新竹,2024-08-08,8563
2382,廣達,124,75,49,新光-新竹,2024-08-08,8563
2338,光罩,53,4,49,新光-新竹,2024-08-08,8563
00665L,富邦�琤肭磪囓�2,50,2,48,新光-新竹,2024-08-08,8563
2371,大同,52,5,47,新光-新竹,2024-08-08,8563
2547,日勝生,46,0,46,新光-新竹,2024-08-08,8563
1540,喬福,299,256,43,新光-新竹,2024-08-08,8563
00712,復華富時不動產,57,14,43,新光-新竹,2024-08-08,8563
6219,富旺,45,2,43,新光-新竹,2024-08-08,8563
2891,中信金,47,5,42,新光-新竹,2024-08-08,8563
8374,羅昇,74,34,40,新光-新竹,2024-08-08,8563
8043,蜜望實,77,37,40,新光-新竹,2024-08-08,8563
00945B,凱基美國非投等債,39,0,39,新光-新竹,2024-08-08,8563
00675L,富邦臺灣加權正2,47,8,39,新光-新竹,2024-08-08,8563
8466,美吉吉-KY,40,2,38,新光-新竹,2024-08-08,8563
00946,群益科技高息成長,43,7,36,新光-新竹,2024-08-08,8563
00706L,期元大S＆P日圓正2,36,0,36,新光-新竹,2024-08-08,8563
2883B,凱基金乙特,33,0,33,新光-新竹,2024-08-08,8563
1536,和大,37,6,31,新光-新竹,2024-08-08,8563
3037,欣興,43,13,30,新光-新竹,2024-08-08,8563
2615,萬海,94,64,30,新光-新竹,2024-08-08,8563
00937B,群益ESG投等債20,1195,230,965,新光-新竹,2024-08-09,8563
00948B,中信優息投資級債,1066,151,915,新光-新竹,2024-08-09,8563
00679B,元大美債20年,732,165,567,新光-新竹,2024-08-09,8563
00680L,元大美債20正2,863,304,559,新光-新竹,2024-08-09,8563
00687B,國泰20年美債,692,210,482,新光-新竹,2024-08-09,8563
00688L,國泰20年美債正2,648,226,422,新光-新竹,2024-08-09,8563
00632R,元大台灣50反1,810,428,382,新光-新竹,2024-08-09,8563
00788B,元大10年IG電能債,290,0,290,新光-新竹,2024-08-09,8563
00712,復華富時不動產,489,208,281,新光-新竹,2024-08-09,8563
00664R,國泰臺灣加權反1,283,10,273,新光-新竹,2024-08-09,8563
00795B,中信美國公債20年,249,68,181,新光-新竹,2024-08-09,8563
00933B,國泰10Y+金融債,150,16,134,新光-新竹,2024-08-09,8563
00786B,元大10年IG銀行債,115,4,111,新光-新竹,2024-08-09,8563
0056,元大高股息,177,75,102,新光-新竹,2024-08-09,8563
2331,精英,100,0,100,新光-新竹,2024-08-09,8563
6219,富旺,95,0,95,新光-新竹,2024-08-09,8563
5388,中磊,103,9,94,新光-新竹,2024-08-09,8563
00931B,統一美債20年,95,2,93,新光-新竹,2024-08-09,8563
4906,正文,97,9,88,新光-新竹,2024-08-09,8563
2402,毅嘉,69,0,69,新光-新竹,2024-08-09,8563
8104,錸寶,83,20,63,新光-新竹,2024-08-09,8563
1316,上曜,132,78,54,新光-新竹,2024-08-09,8563
2534,宏盛,53,0,53,新光-新竹,2024-08-09,8563
2317,鴻海,397,348,49,新光-新竹,2024-08-09,8563
4534,慶騰,51,4,47,新光-新竹,2024-08-09,8563
9105,泰金寶-DR,55,8,47,新光-新竹,2024-08-09,8563
6285,啟��,79,34,45,新光-新竹,2024-08-09,8563
2444,兆勁,43,1,42,新光-新竹,2024-08-09,8563
2537,聯上發,85,45,40,新光-新竹,2024-08-09,8563
00929,復華台灣科技優息,251,211,40,新光-新竹,2024-08-09,8563
00900,富邦特選高股息30,56,19,37,新光-新竹,2024-08-09,8563
2535,達欣工,50,13,37,新光-新竹,2024-08-09,8563
1414,東和,35,0,35,新光-新竹,2024-08-09,8563
4174,浩鼎,70,36,34,新光-新竹,2024-08-09,8563
4909,新復興,82,49,33,新光-新竹,2024-08-09,8563
6274,台燿,44,11,33,新光-新竹,2024-08-09,8563
2887,台新金,34,1,33,新光-新竹,2024-08-09,8563
00757,統一FANG+,33,0,33,新光-新竹,2024-08-09,8563
3312,弘憶股,53,21,32,新光-新竹,2024-08-09,8563
00751B,元大AAA至A公司債,67,36,31,新光-新竹,2024-08-09,8563
1806,冠軍,31,0,31,新光-新竹,2024-08-09,8563
00857B,永豐20年美公債,31,0,31,新光-新竹,2024-08-09,8563
3040,遠見,30,0,30,新光-新竹,2024-08-09,8563
8027,鈦昇,30,3,27,新光-新竹,2024-08-09,8563
00675L,富邦臺灣加權正2,63,37,26,新光-新竹,2024-08-09,8563
2542,興富發,45,19,26,新光-新竹,2024-08-09,8563
6757,台灣虎航,24,0,24,新光-新竹,2024-08-09,8563
2520,冠德,37,13,24,新光-新竹,2024-08-09,8563
2365,昆盈,221,198,23,新光-新竹,2024-08-09,8563
6175,立敦,23,0,23,新光-新竹,2024-08-09,8563
00679B,元大美債20年,564,37,527,新光-新竹,2024-08-12,8563
00788B,元大10年IG電能債,300,0,300,新光-新竹,2024-08-12,8563
00929,復華台灣科技優息,418,141,277,新光-新竹,2024-08-12,8563
00632R,元大台灣50反1,340,77,263,新光-新竹,2024-08-12,8563
00786B,元大10年IG銀行債,253,0,253,新光-新竹,2024-08-12,8563
00937B,群益ESG投等債20,310,59,251,新光-新竹,2024-08-12,8563
2891,中信金,228,8,220,新光-新竹,2024-08-12,8563
2883,凱基金,243,32,211,新光-新竹,2024-08-12,8563
00676R,富邦臺灣加權反1,100,0,100,新光-新竹,2024-08-12,8563
2888,新光金,275,177,98,新光-新竹,2024-08-12,8563
00940,元大台灣價值高息,145,51,94,新光-新竹,2024-08-12,8563
3163,波若威,103,20,83,新光-新竹,2024-08-12,8563
00795B,中信美國公債20年,77,0,77,新光-新竹,2024-08-12,8563
3035,智原,96,20,76,新光-新竹,2024-08-12,8563
6274,台燿,81,12,69,新光-新竹,2024-08-12,8563
00687B,國泰20年美債,253,184,69,新光-新竹,2024-08-12,8563
1513,中興電,124,58,66,新光-新竹,2024-08-12,8563
2365,昆盈,197,136,61,新光-新竹,2024-08-12,8563
00637L,元大滬深300正2,70,10,60,新光-新竹,2024-08-12,8563
2330,台積電,96,39,57,新光-新竹,2024-08-12,8563
00945B,凱基美國非投等債,56,0,56,新光-新竹,2024-08-12,8563
5880,合庫金,57,5,52,新光-新竹,2024-08-12,8563
2062,橋椿,56,5,51,新光-新竹,2024-08-12,8563
4109,加捷生醫,50,0,50,新光-新竹,2024-08-12,8563
2103,台橡,48,1,47,新光-新竹,2024-08-12,8563
3583,辛耘,59,12,47,新光-新竹,2024-08-12,8563
2312,金寶,225,179,46,新光-新竹,2024-08-12,8563
6415,矽力*-KY,50,6,44,新光-新竹,2024-08-12,8563
00725B,國泰投資級公司債,44,0,44,新光-新竹,2024-08-12,8563
00664R,國泰臺灣加權反1,294,250,44,新光-新竹,2024-08-12,8563
2317,鴻海,217,174,43,新光-新竹,2024-08-12,8563
3188,鑫龍騰,48,8,40,新光-新竹,2024-08-12,8563
006208,富邦台50,76,37,39,新光-新竹,2024-08-12,8563
1314,中石化,39,1,38,新光-新竹,2024-08-12,8563
00933B,國泰10Y+金融債,36,0,36,新光-新竹,2024-08-12,8563
2359,所羅門,181,145,36,新光-新竹,2024-08-12,8563
5469,瀚宇博,34,0,34,新光-新竹,2024-08-12,8563
3481,群創,98,64,34,新光-新竹,2024-08-12,8563
2233,宇隆,33,0,33,新光-新竹,2024-08-12,8563
4906,正文,34,1,33,新光-新竹,2024-08-12,8563
00864B,中信美國公債0-1,33,0,33,新光-新竹,2024-08-12,8563
1531,高林股,31,0,31,新光-新竹,2024-08-12,8563
2489,瑞軒,128,98,30,新光-新竹,2024-08-12,8563
00686R,群益臺灣加權反1,30,0,30,新光-新竹,2024-08-12,8563
2905,三商,30,0,30,新光-新竹,2024-08-12,8563
3518,柏騰,37,8,29,新光-新竹,2024-08-12,8563
4113,聯上,26,0,26,新光-新竹,2024-08-12,8563
6248,沛波,26,0,26,新光-新竹,2024-08-12,8563
4513,福裕,32,7,25,新光-新竹,2024-08-12,8563
3024,憶聲,37,15,22,新光-新竹,2024-08-12,8563
00937B,群益ESG投等債20,1984,434,1550,新光-新竹,2024-08-13,8563
00715L,期街口布蘭特正2,580,95,485,新光-新竹,2024-08-13,8563
00632R,元大台灣50反1,384,39,345,新光-新竹,2024-08-13,8563
2880,華南金,343,0,343,新光-新竹,2024-08-13,8563
00687B,國泰20年美債,296,4,292,新光-新竹,2024-08-13,8563
00679B,元大美債20年,292,23,269,新光-新竹,2024-08-13,8563
00664R,國泰臺灣加權反1,269,13,256,新光-新竹,2024-08-13,8563
00929,復華台灣科技優息,303,50,253,新光-新竹,2024-08-13,8563
00788B,元大10年IG電能債,235,0,235,新光-新竹,2024-08-13,8563
00786B,元大10年IG銀行債,260,37,223,新光-新竹,2024-08-13,8563
1314,中石化,234,30,204,新光-新竹,2024-08-13,8563
00948B,中信優息投資級債,254,58,196,新光-新竹,2024-08-13,8563
2888,新光金,440,295,145,新光-新竹,2024-08-13,8563
5443,均豪,209,95,114,新光-新竹,2024-08-13,8563
00673R,期元大S＆P原油反1,112,11,101,新光-新竹,2024-08-13,8563
2891,中信金,90,14,76,新光-新竹,2024-08-13,8563
2615,萬海,118,46,72,新光-新竹,2024-08-13,8563
00900,富邦特選高股息30,70,2,68,新光-新竹,2024-08-13,8563
2834,臺企銀,103,39,64,新光-新竹,2024-08-13,8563
00881,國泰台灣5G+,88,27,61,新光-新竹,2024-08-13,8563
00696B,富邦美債20年,60,0,60,新光-新竹,2024-08-13,8563
2883B,凱基金乙特,60,0,60,新光-新竹,2024-08-13,8563
00878,國泰永續高股息,98,40,58,新光-新竹,2024-08-13,8563
2618,長榮航,102,46,56,新光-新竹,2024-08-13,8563
00919,群益台灣精選高息,108,54,54,新光-新竹,2024-08-13,8563
00795B,中信美國公債20年,49,0,49,新光-新竹,2024-08-13,8563
2867,三商壽,49,0,49,新光-新竹,2024-08-13,8563
00940,元大台灣價值高息,62,15,47,新光-新竹,2024-08-13,8563
2243,宏旭-KY,52,6,46,新光-新竹,2024-08-13,8563
3044,健鼎,47,2,45,新光-新竹,2024-08-13,8563
2329,華泰,41,0,41,新光-新竹,2024-08-13,8563
2609,陽明,72,32,40,新光-新竹,2024-08-13,8563
3011,今皓,39,0,39,新光-新竹,2024-08-13,8563
00915,凱基優選高股息30,38,0,38,新光-新竹,2024-08-13,8563
00768B,復華20年美債,99,63,36,新光-新竹,2024-08-13,8563
2002,中鋼,33,0,33,新光-新竹,2024-08-13,8563
00933B,國泰10Y+金融債,33,0,33,新光-新竹,2024-08-13,8563
00753L,中信中國50正2,31,0,31,新光-新竹,2024-08-13,8563
1316,上曜,56,25,31,新光-新竹,2024-08-13,8563
2886,兆豐金,30,1,29,新光-新竹,2024-08-13,8563
00932,兆豐永續高息等權,28,5,23,新光-新竹,2024-08-13,8563
5347,世界,44,22,22,新光-新竹,2024-08-13,8563
8096,擎亞,132,111,21,新光-新竹,2024-08-13,8563
2233,宇隆,20,0,20,新光-新竹,2024-08-13,8563
3689,湧德,36,16,20,新光-新竹,2024-08-13,8563
1810,和成,20,0,20,新光-新竹,2024-08-13,8563
4552,力達-KY,20,0,20,新光-新竹,2024-08-13,8563
2364,倫飛,20,1,19,新光-新竹,2024-08-13,8563
1504,東元,20,1,19,新光-新竹,2024-08-13,8563
4967,十銓,22,3,19,新光-新竹,2024-08-13,8563
00948B,中信優息投資級債,2338,411,1927,新光-新竹,2024-08-14,8563
00937B,群益ESG投等債20,1544,211,1333,新光-新竹,2024-08-14,8563
00687B,國泰20年美債,1025,62,963,新光-新竹,2024-08-14,8563
00632R,元大台灣50反1,707,20,687,新光-新竹,2024-08-14,8563
00786B,元大10年IG銀行債,228,5,223,新光-新竹,2024-08-14,8563
00679B,元大美債20年,318,112,206,新光-新竹,2024-08-14,8563
3013,晟銘電,335,131,204,新光-新竹,2024-08-14,8563
00857B,永豐20年美公債,201,0,201,新光-新竹,2024-08-14,8563
00795B,中信美國公債20年,194,2,192,新光-新竹,2024-08-14,8563
00936,台新永續高息中小,203,15,188,新光-新竹,2024-08-14,8563
00891,中信關鍵半導體,136,8,128,新光-新竹,2024-08-14,8563
00688L,國泰20年美債正2,371,251,120,新光-新竹,2024-08-14,8563
00712,復華富時不動產,106,2,104,新光-新竹,2024-08-14,8563
00680L,元大美債20正2,516,414,102,新光-新竹,2024-08-14,8563
1314,中石化,208,110,98,新光-新竹,2024-08-14,8563
2401,凌陽,82,3,79,新光-新竹,2024-08-14,8563
00915,凱基優選高股息30,75,0,75,新光-新竹,2024-08-14,8563
3035,智原,113,60,53,新光-新竹,2024-08-14,8563
3710,連展投控,43,0,43,新光-新竹,2024-08-14,8563
00706L,期元大S＆P日圓正2,52,10,42,新光-新竹,2024-08-14,8563
2883,凱基金,127,86,41,新光-新竹,2024-08-14,8563
2883B,凱基金乙特,40,0,40,新光-新竹,2024-08-14,8563
8150,南茂,48,9,39,新光-新竹,2024-08-14,8563
2409,友達,54,16,38,新光-新竹,2024-08-14,8563
2887,台新金,41,3,38,新光-新竹,2024-08-14,8563
00788B,元大10年IG電能債,37,0,37,新光-新竹,2024-08-14,8563
2867,三商壽,182,146,36,新光-新竹,2024-08-14,8563
2364,倫飛,35,0,35,新光-新竹,2024-08-14,8563
5905,南仁湖,34,0,34,新光-新竹,2024-08-14,8563
6219,富旺,34,1,33,新光-新竹,2024-08-14,8563
5488,松普,34,2,32,新光-新竹,2024-08-14,8563
1536,和大,135,104,31,新光-新竹,2024-08-14,8563
00900,富邦特選高股息30,32,1,31,新光-新竹,2024-08-14,8563
3019,亞光,98,68,30,新光-新竹,2024-08-14,8563
2905,三商,30,0,30,新光-新竹,2024-08-14,8563
4909,新復興,36,7,29,新光-新竹,2024-08-14,8563
1595,川寶,29,0,29,新光-新竹,2024-08-14,8563
3230,錦明,31,2,29,新光-新竹,2024-08-14,8563
0050,元大台灣50,121,92,29,新光-新竹,2024-08-14,8563
4716,大立,28,0,28,新光-新竹,2024-08-14,8563
2241,艾姆勒,25,0,25,新光-新竹,2024-08-14,8563
2543,皇昌,38,13,25,新光-新竹,2024-08-14,8563
2376,技嘉,37,12,25,新光-新竹,2024-08-14,8563
00882,中信中國高股息,24,0,24,新光-新竹,2024-08-14,8563
1309,台達化,30,6,24,新光-新竹,2024-08-14,8563
3033,威健,23,0,23,新光-新竹,2024-08-14,8563
4562,穎漢,92,70,22,新光-新竹,2024-08-14,8563
5519,隆大,22,0,22,新光-新竹,2024-08-14,8563
00905,FT臺灣Smart,21,0,21,新光-新竹,2024-08-14,8563
1301,台塑,21,1,20,新光-新竹,2024-08-14,8563
00937B,群益ESG投等債20,1257,554,703,新光-新竹,2024-08-15,8563
00632R,元大台灣50反1,831,250,581,新光-新竹,2024-08-15,8563
00687B,國泰20年美債,692,159,533,新光-新竹,2024-08-15,8563
00878,國泰永續高股息,511,47,464,新光-新竹,2024-08-15,8563
8070,長華*,453,1,452,新光-新竹,2024-08-15,8563
2489,瑞軒,427,201,226,新光-新竹,2024-08-15,8563
00948B,中信優息投資級債,318,105,213,新光-新竹,2024-08-15,8563
00676R,富邦臺灣加權反1,190,0,190,新光-新竹,2024-08-15,8563
00900,富邦特選高股息30,153,6,147,新光-新竹,2024-08-15,8563
2801,彰銀,140,0,140,新光-新竹,2024-08-15,8563
00929,復華台灣科技優息,310,184,126,新光-新竹,2024-08-15,8563
2365,昆盈,263,145,118,新光-新竹,2024-08-15,8563
4555,氣立,120,16,104,新光-新竹,2024-08-15,8563
2867,三商壽,185,84,101,新光-新竹,2024-08-15,8563
00795B,中信美國公債20年,134,43,91,新光-新竹,2024-08-15,8563
00768B,復華20年美債,77,0,77,新光-新竹,2024-08-15,8563
5469,瀚宇博,63,0,63,新光-新竹,2024-08-15,8563
00919,群益台灣精選高息,82,27,55,新光-新竹,2024-08-15,8563
2892,第一金,52,0,52,新光-新竹,2024-08-15,8563
00720B,元大投資級公司債,79,28,51,新光-新竹,2024-08-15,8563
00706L,期元大S＆P日圓正2,51,0,51,新光-新竹,2024-08-15,8563
1808,潤隆,101,50,51,新光-新竹,2024-08-15,8563
00934,中信成長高股息,44,0,44,新光-新竹,2024-08-15,8563
2834,臺企銀,50,7,43,新光-新竹,2024-08-15,8563
2885,元大金,42,1,41,新光-新竹,2024-08-15,8563
2915,潤泰全,40,0,40,新光-新竹,2024-08-15,8563
2317,鴻海,319,280,39,新光-新竹,2024-08-15,8563
1513,中興電,59,23,36,新光-新竹,2024-08-15,8563
2002,中鋼,36,1,35,新光-新竹,2024-08-15,8563
3673,TPK-KY,46,11,35,新光-新竹,2024-08-15,8563
5302,太欣,35,0,35,新光-新竹,2024-08-15,8563
00946,群益科技高息成長,44,9,35,新光-新竹,2024-08-15,8563
2891,中信金,44,10,34,新光-新竹,2024-08-15,8563
2542,興富發,42,8,34,新光-新竹,2024-08-15,8563
2101,南港,38,5,33,新光-新竹,2024-08-15,8563
00713,元大台灣高息低波,32,1,31,新光-新竹,2024-08-15,8563
2524,京城,33,2,31,新光-新竹,2024-08-15,8563
2618,長榮航,59,29,30,新光-新竹,2024-08-15,8563
2883B,凱基金乙特,30,0,30,新光-新竹,2024-08-15,8563
5905,南仁湖,33,5,28,新光-新竹,2024-08-15,8563
8466,美吉吉-KY,28,0,28,新光-新竹,2024-08-15,8563
00664R,國泰臺灣加權反1,26,0,26,新光-新竹,2024-08-15,8563
3663,鑫科,205,179,26,新光-新竹,2024-08-15,8563
3019,亞光,252,227,25,新光-新竹,2024-08-15,8563
5880,合庫金,25,0,25,新光-新竹,2024-08-15,8563
3711,日月光投控,37,12,25,新光-新竹,2024-08-15,8563
8299,群聯,29,5,24,新光-新竹,2024-08-15,8563
00907,永豐優息存股,24,0,24,新光-新竹,2024-08-15,8563
8150,南茂,26,3,23,新光-新竹,2024-08-15,8563
8374,羅昇,215,192,23,新光-新竹,2024-08-15,8563
00688L,國泰20年美債正2,969,160,809,新光-新竹,2024-08-16,8563
00687B,國泰20年美債,1073,425,648,新光-新竹,2024-08-16,8563
00632R,元大台灣50反1,1002,565,437,新光-新竹,2024-08-16,8563
00795B,中信美國公債20年,253,0,253,新光-新竹,2024-08-16,8563
00929,復華台灣科技優息,432,181,251,新光-新竹,2024-08-16,8563
00768B,復華20年美債,168,0,168,新光-新竹,2024-08-16,8563
8210,勤誠,166,6,160,新光-新竹,2024-08-16,8563
1785,光洋科,242,86,156,新光-新竹,2024-08-16,8563
1314,中石化,128,15,113,新光-新竹,2024-08-16,8563
3227,原相,116,6,110,新光-新竹,2024-08-16,8563
6285,啟��,103,4,99,新光-新竹,2024-08-16,8563
9904,寶成,100,3,97,新光-新竹,2024-08-16,8563
2317,鴻海,238,141,97,新光-新竹,2024-08-16,8563
00878,國泰永續高股息,118,25,93,新光-新竹,2024-08-16,8563
00764B,群益25年美債,87,0,87,新光-新竹,2024-08-16,8563
3663,鑫科,122,52,70,新光-新竹,2024-08-16,8563
2062,橋椿,184,114,70,新光-新竹,2024-08-16,8563
00631L,元大台灣50正2,145,78,67,新光-新竹,2024-08-16,8563
8096,擎亞,363,297,66,新光-新竹,2024-08-16,8563
00933B,國泰10Y+金融債,84,24,60,新光-新竹,2024-08-16,8563
00927,群益半導體收益,60,0,60,新光-新竹,2024-08-16,8563
2883B,凱基金乙特,60,0,60,新光-新竹,2024-08-16,8563
3290,東浦,56,0,56,新光-新竹,2024-08-16,8563
3048,益登,75,20,55,新光-新竹,2024-08-16,8563
2538,基泰,53,0,53,新光-新竹,2024-08-16,8563
2243,宏旭-KY,69,17,52,新光-新竹,2024-08-16,8563
3522,御嵿,55,3,52,新光-新竹,2024-08-16,8563
00857B,永豐20年美公債,46,0,46,新光-新竹,2024-08-16,8563
1449,佳和,40,1,39,新光-新竹,2024-08-16,8563
2888,新光金,148,109,39,新光-新竹,2024-08-16,8563
6219,富旺,42,5,37,新光-新竹,2024-08-16,8563
00937B,群益ESG投等債20,1596,1561,35,新光-新竹,2024-08-16,8563
00786B,元大10年IG銀行債,34,0,34,新光-新竹,2024-08-16,8563
8466,美吉吉-KY,34,0,34,新光-新竹,2024-08-16,8563
4549,桓達,43,9,34,新光-新竹,2024-08-16,8563
00713,元大台灣高息低波,37,4,33,新光-新竹,2024-08-16,8563
3045,台灣大,61,30,31,新光-新竹,2024-08-16,8563
2867,三商壽,110,83,27,新光-新竹,2024-08-16,8563
1513,中興電,52,25,27,新光-新竹,2024-08-16,8563
00664R,國泰臺灣加權反1,55,30,25,新光-新竹,2024-08-16,8563
6706,惠特,81,56,25,新光-新竹,2024-08-16,8563
3380,明泰,25,0,25,新光-新竹,2024-08-16,8563
2524,京城,30,5,25,新光-新竹,2024-08-16,8563
2743,山富,24,0,24,新光-新竹,2024-08-16,8563
00662,富邦NASDAQ,24,0,24,新光-新竹,2024-08-16,8563
6609,瀧澤科,23,0,23,新光-新竹,2024-08-16,8563
4534,慶騰,24,1,23,新光-新竹,2024-08-16,8563
8043,蜜望實,118,98,20,新光-新竹,2024-08-16,8563
3709,鑫聯大投控,20,0,20,新光-新竹,2024-08-16,8563
00673R,期元大S＆P原油反1,20,0,20,新光-新竹,2024-08-16,8563
00687B,國泰20年美債,673,52,621,新光-新竹,2024-08-19,8563
00948B,中信優息投資級債,838,231,607,新光-新竹,2024-08-19,8563
00795B,中信美國公債20年,351,47,304,新光-新竹,2024-08-19,8563
2888,新光金,311,82,229,新光-新竹,2024-08-19,8563
1536,和大,138,1,137,新光-新竹,2024-08-19,8563
00933B,國泰10Y+金融債,136,0,136,新光-新竹,2024-08-19,8563
00768B,復華20年美債,101,0,101,新光-新竹,2024-08-19,8563
00788B,元大10年IG電能債,77,0,77,新光-新竹,2024-08-19,8563
00712,復華富時不動產,100,26,74,新光-新竹,2024-08-19,8563
00786B,元大10年IG銀行債,70,0,70,新光-新竹,2024-08-19,8563
00857B,永豐20年美公債,99,37,62,新光-新竹,2024-08-19,8563
00679B,元大美債20年,150,90,60,新光-新竹,2024-08-19,8563
00708L,期元大S＆P黃金正2,60,0,60,新光-新竹,2024-08-19,8563
00907,永豐優息存股,58,0,58,新光-新竹,2024-08-19,8563
00881,國泰台灣5G+,91,36,55,新光-新竹,2024-08-19,8563
1708,東鹼,59,4,55,新光-新竹,2024-08-19,8563
6139,亞翔,60,8,52,新光-新竹,2024-08-19,8563
2883B,凱基金乙特,50,0,50,新光-新竹,2024-08-19,8563
00631L,元大台灣50正2,84,36,48,新光-新竹,2024-08-19,8563
00720B,元大投資級公司債,58,11,47,新光-新竹,2024-08-19,8563
8064,東捷,107,60,47,新光-新竹,2024-08-19,8563
00923,群益台ESG低碳50,66,19,47,新光-新竹,2024-08-19,8563
3673,TPK-KY,57,11,46,新光-新竹,2024-08-19,8563
00724B,群益投資級金融債,41,0,41,新光-新竹,2024-08-19,8563
00945B,凱基美國非投等債,40,0,40,新光-新竹,2024-08-19,8563
00878,國泰永續高股息,75,35,40,新光-新竹,2024-08-19,8563
6290,良維,42,3,39,新光-新竹,2024-08-19,8563
00706L,期元大S＆P日圓正2,35,0,35,新光-新竹,2024-08-19,8563
3591,艾笛森,32,0,32,新光-新竹,2024-08-19,8563
8028,昇陽半導體,119,88,31,新光-新竹,2024-08-19,8563
8289,泰藝,31,0,31,新光-新竹,2024-08-19,8563
2516,新建,30,0,30,新光-新竹,2024-08-19,8563
00671R,富邦NASDAQ反1,30,0,30,新光-新竹,2024-08-19,8563
2890,永豐金,30,1,29,新光-新竹,2024-08-19,8563
2881,富邦金,55,26,29,新光-新竹,2024-08-19,8563
2359,所羅門,157,128,29,新光-新竹,2024-08-19,8563
00919,群益台灣精選高息,73,46,27,新光-新竹,2024-08-19,8563
6609,瀧澤科,111,84,27,新光-新竹,2024-08-19,8563
9904,寶成,25,0,25,新光-新竹,2024-08-19,8563
6190,萬泰科,27,2,25,新光-新竹,2024-08-19,8563
00713,元大台灣高息低波,43,19,24,新光-新竹,2024-08-19,8563
4563,百德,26,3,23,新光-新竹,2024-08-19,8563
8936,國統,23,1,22,新光-新竹,2024-08-19,8563
5519,隆大,21,0,21,新光-新竹,2024-08-19,8563
3689,湧德,23,2,21,新光-新竹,2024-08-19,8563
00715L,期街口布蘭特正2,46,25,21,新光-新竹,2024-08-19,8563
2371,大同,22,1,21,新光-新竹,2024-08-19,8563
5206,坤悅,20,0,20,新光-新竹,2024-08-19,8563
1336,台翰,20,0,20,新光-新竹,2024-08-19,8563
6133,金橋,33,13,20,新光-新竹,2024-08-19,8563
00937B,群益ESG投等債20,1618,159,1459,新光-新竹,2024-08-20,8563
2888,新光金,936,324,612,新光-新竹,2024-08-20,8563
00687B,國泰20年美債,687,87,600,新光-新竹,2024-08-20,8563
00929,復華台灣科技優息,418,52,366,新光-新竹,2024-08-20,8563
00688L,國泰20年美債正2,443,122,321,新光-新竹,2024-08-20,8563
00680L,元大美債20正2,264,49,215,新光-新竹,2024-08-20,8563
5905,南仁湖,211,52,159,新光-新竹,2024-08-20,8563
00933B,國泰10Y+金融債,163,28,135,新光-新竹,2024-08-20,8563
00650L,復華香港正2,131,4,127,新光-新竹,2024-08-20,8563
00715L,期街口布蘭特正2,132,12,120,新光-新竹,2024-08-20,8563
00948B,中信優息投資級債,192,86,106,新光-新竹,2024-08-20,8563
2317,鴻海,241,175,66,新光-新竹,2024-08-20,8563
00768B,復華20年美債,64,0,64,新光-新竹,2024-08-20,8563
2367,燿華,95,33,62,新光-新竹,2024-08-20,8563
1785,光洋科,124,65,59,新光-新竹,2024-08-20,8563
2882,國泰金,67,11,56,新光-新竹,2024-08-20,8563
00632R,元大台灣50反1,167,111,56,新光-新竹,2024-08-20,8563
00795B,中信美國公債20年,123,72,51,新光-新竹,2024-08-20,8563
2106,建大,51,0,51,新光-新竹,2024-08-20,8563
00633L,富邦上証正2,50,0,50,新光-新竹,2024-08-20,8563
2230,泰茂,42,1,41,新光-新竹,2024-08-20,8563
4102,永日,50,10,40,新光-新竹,2024-08-20,8563
3450,聯鈞,72,33,39,新光-新竹,2024-08-20,8563
00931B,統一美債20年,39,2,37,新光-新竹,2024-08-20,8563
3673,TPK-KY,41,5,36,新光-新竹,2024-08-20,8563
00907,永豐優息存股,36,1,35,新光-新竹,2024-08-20,8563
4931,新盛力,40,5,35,新光-新竹,2024-08-20,8563
00679B,元大美債20年,277,244,33,新光-新竹,2024-08-20,8563
2233,宇隆,35,2,33,新光-新竹,2024-08-20,8563
00696B,富邦美債20年,33,0,33,新光-新竹,2024-08-20,8563
00708L,期元大S＆P黃金正2,35,3,32,新光-新竹,2024-08-20,8563
00936,台新永續高息中小,36,4,32,新光-新竹,2024-08-20,8563
5534,長虹,31,1,30,新光-新竹,2024-08-20,8563
2002,中鋼,34,4,30,新光-新竹,2024-08-20,8563
00725B,國泰投資級公司債,32,4,28,新光-新竹,2024-08-20,8563
2867,三商壽,29,1,28,新光-新竹,2024-08-20,8563
2542,興富發,47,19,28,新光-新竹,2024-08-20,8563
5871,中租-KY,30,3,27,新光-新竹,2024-08-20,8563
2359,所羅門,142,115,27,新光-新竹,2024-08-20,8563
3557,嘉威,27,0,27,新光-新竹,2024-08-20,8563
2374,佳能,97,71,26,新光-新竹,2024-08-20,8563
2524,京城,29,4,25,新光-新竹,2024-08-20,8563
00891,中信關鍵半導體,30,7,23,新光-新竹,2024-08-20,8563
4168,醣聯,23,0,23,新光-新竹,2024-08-20,8563
5392,能率,27,4,23,新光-新竹,2024-08-20,8563
2356,英業達,57,35,22,新光-新竹,2024-08-20,8563
2615,萬海,30,8,22,新光-新竹,2024-08-20,8563
2520,冠德,30,9,21,新光-新竹,2024-08-20,8563
00712,復華富時不動產,35,14,21,新光-新竹,2024-08-20,8563
8466,美吉吉-KY,20,0,20,新光-新竹,2024-08-20,8563
2888,新光金,2635,1758,877,新光-新竹,2024-08-21,8563
2891,中信金,673,64,609,新光-新竹,2024-08-21,8563
00953B,群益優選非投等債,282,0,282,新光-新竹,2024-08-21,8563
00632R,元大台灣50反1,279,72,207,新光-新竹,2024-08-21,8563
00679B,元大美債20年,220,21,199,新光-新竹,2024-08-21,8563
00937B,群益ESG投等債20,234,53,181,新光-新竹,2024-08-21,8563
5905,南仁湖,260,92,168,新光-新竹,2024-08-21,8563
00923,群益台ESG低碳50,162,0,162,新光-新竹,2024-08-21,8563
3312,弘憶股,261,107,154,新光-新竹,2024-08-21,8563
00929,復華台灣科技優息,298,158,140,新光-新竹,2024-08-21,8563
00919,群益台灣精選高息,173,45,128,新光-新竹,2024-08-21,8563
3374,精材,118,19,99,新光-新竹,2024-08-21,8563
00857B,永豐20年美公債,100,2,98,新光-新竹,2024-08-21,8563
5213,亞昕,84,2,82,新光-新竹,2024-08-21,8563
2344,華邦電,82,7,75,新光-新竹,2024-08-21,8563
1316,上曜,122,52,70,新光-新竹,2024-08-21,8563
3645,達邁,130,64,66,新光-新竹,2024-08-21,8563
00715L,期街口布蘭特正2,64,0,64,新光-新竹,2024-08-21,8563
2392,正崴,66,3,63,新光-新竹,2024-08-21,8563
8438,昶昕,59,2,57,新光-新竹,2024-08-21,8563
00945B,凱基美國非投等債,56,0,56,新光-新竹,2024-08-21,8563
00687B,國泰20年美債,423,370,53,新光-新竹,2024-08-21,8563
00768B,復華20年美債,52,2,50,新光-新竹,2024-08-21,8563
00940,元大台灣價值高息,67,18,49,新光-新竹,2024-08-21,8563
5347,世界,55,13,42,新光-新竹,2024-08-21,8563
3019,亞光,87,46,41,新光-新竹,2024-08-21,8563
2062,橋椿,57,19,38,新光-新竹,2024-08-21,8563
2349,錸德,125,87,38,新光-新竹,2024-08-21,8563
4716,大立,37,1,36,新光-新竹,2024-08-21,8563
00779B,凱基美債25+,35,0,35,新光-新竹,2024-08-21,8563
2535,達欣工,32,0,32,新光-新竹,2024-08-21,8563
2610,華航,32,1,31,新光-新竹,2024-08-21,8563
6156,松上,31,0,31,新光-新竹,2024-08-21,8563
1806,冠軍,29,0,29,新光-新竹,2024-08-21,8563
1220,台榮,30,1,29,新光-新竹,2024-08-21,8563
00713,元大台灣高息低波,29,0,29,新光-新竹,2024-08-21,8563
3686,達能,47,19,28,新光-新竹,2024-08-21,8563
8150,南茂,28,0,28,新光-新竹,2024-08-21,8563
9946,三發地產,28,0,28,新光-新竹,2024-08-21,8563
00900,富邦特選高股息30,27,0,27,新光-新竹,2024-08-21,8563
2542,興富發,33,6,27,新光-新竹,2024-08-21,8563
00662,富邦NASDAQ,25,0,25,新光-新竹,2024-08-21,8563
1710,東聯,24,0,24,新光-新竹,2024-08-21,8563
4102,永日,26,3,23,新光-新竹,2024-08-21,8563
3557,嘉威,23,0,23,新光-新竹,2024-08-21,8563
8104,錸寶,28,5,23,新光-新竹,2024-08-21,8563
00905,FT臺灣Smart,22,0,22,新光-新竹,2024-08-21,8563
5508,永信建,24,2,22,新光-新竹,2024-08-21,8563
2241,艾姆勒,21,0,21,新光-新竹,2024-08-21,8563
2509,全坤建,21,0,21,新光-新竹,2024-08-21,8563
2062,橋椿,824,128,696,新光-新竹,2024-08-22,8563
00680L,元大美債20正2,761,131,630,新光-新竹,2024-08-22,8563
00688L,國泰20年美債正2,636,293,343,新光-新竹,2024-08-22,8563
2867,三商壽,286,0,286,新光-新竹,2024-08-22,8563
2891,中信金,262,86,176,新光-新竹,2024-08-22,8563
00715L,期街口布蘭特正2,170,1,169,新光-新竹,2024-08-22,8563
00642U,期元大S＆P石油,168,3,165,新光-新竹,2024-08-22,8563
00929,復華台灣科技優息,183,42,141,新光-新竹,2024-08-22,8563
00953B,群益優選非投等債,111,0,111,新光-新竹,2024-08-22,8563
00665L,富邦�琤肭磪囓�2,110,0,110,新光-新竹,2024-08-22,8563
2542,興富發,125,15,110,新光-新竹,2024-08-22,8563
9946,三發地產,116,10,106,新光-新竹,2024-08-22,8563
8028,昇陽半導體,192,86,106,新光-新竹,2024-08-22,8563
4720,德淵,100,0,100,新光-新竹,2024-08-22,8563
00712,復華富時不動產,100,2,98,新光-新竹,2024-08-22,8563
2354,鴻準,98,12,86,新光-新竹,2024-08-22,8563
2883,凱基金,79,0,79,新光-新竹,2024-08-22,8563
00919,群益台灣精選高息,79,12,67,新光-新竹,2024-08-22,8563
3049,精金,70,10,60,新光-新竹,2024-08-22,8563
3489,森寶,68,9,59,新光-新竹,2024-08-22,8563
2890,永豐金,86,28,58,新光-新竹,2024-08-22,8563
4716,大立,96,38,58,新光-新竹,2024-08-22,8563
1785,光洋科,96,38,58,新光-新竹,2024-08-22,8563
00936,台新永續高息中小,56,0,56,新光-新竹,2024-08-22,8563
2317,鴻海,228,173,55,新光-新竹,2024-08-22,8563
6163,華電網,51,0,51,新光-新竹,2024-08-22,8563
2476,鉅祥,53,5,48,新光-新竹,2024-08-22,8563
00878,國泰永續高股息,61,14,47,新光-新竹,2024-08-22,8563
1316,上曜,96,51,45,新光-新竹,2024-08-22,8563
5213,亞昕,42,1,41,新光-新竹,2024-08-22,8563
2349,錸德,483,443,40,新光-新竹,2024-08-22,8563
2402,毅嘉,48,9,39,新光-新竹,2024-08-22,8563
3047,訊舟,282,245,37,新光-新竹,2024-08-22,8563
5434,崇越,33,1,32,新光-新竹,2024-08-22,8563
2816,旺旺保,32,1,31,新光-新竹,2024-08-22,8563
8043,蜜望實,94,65,29,新光-新竹,2024-08-22,8563
00907,永豐優息存股,50,22,28,新光-新竹,2024-08-22,8563
1609,大亞,68,40,28,新光-新竹,2024-08-22,8563
3518,柏騰,55,28,27,新光-新竹,2024-08-22,8563
3188,鑫龍騰,34,7,27,新光-新竹,2024-08-22,8563
4303,信立,58,32,26,新光-新竹,2024-08-22,8563
1449,佳和,32,7,25,新光-新竹,2024-08-22,8563
2515,中工,26,2,24,新光-新竹,2024-08-22,8563
6442,光聖,43,19,24,新光-新竹,2024-08-22,8563
00795B,中信美國公債20年,23,0,23,新光-新竹,2024-08-22,8563
6706,惠特,25,3,22,新光-新竹,2024-08-22,8563
3390,旭軟,23,1,22,新光-新竹,2024-08-22,8563
9955,佳龍,38,17,21,新光-新竹,2024-08-22,8563
2511,太子,21,0,21,新光-新竹,2024-08-22,8563
00633L,富邦上証正2,20,0,20,新光-新竹,2024-08-22,8563
00632R,元大台灣50反1,1426,83,1343,新光-新竹,2024-08-23,8563
00680L,元大美債20正2,1004,5,999,新光-新竹,2024-08-23,8563
00687B,國泰20年美債,723,39,684,新光-新竹,2024-08-23,8563
00688L,國泰20年美債正2,575,179,396,新光-新竹,2024-08-23,8563
00795B,中信美國公債20年,285,1,284,新光-新竹,2024-08-23,8563
00919,群益台灣精選高息,298,74,224,新光-新竹,2024-08-23,8563
1314,中石化,551,349,202,新光-新竹,2024-08-23,8563
2891,中信金,247,59,188,新光-新竹,2024-08-23,8563
5213,亞昕,121,2,119,新光-新竹,2024-08-23,8563
00712,復華富時不動產,125,10,115,新光-新竹,2024-08-23,8563
00940,元大台灣價值高息,133,26,107,新光-新竹,2024-08-23,8563
00679B,元大美債20年,151,55,96,新光-新竹,2024-08-23,8563
8466,美吉吉-KY,83,1,82,新光-新竹,2024-08-23,8563
00929,復華台灣科技優息,248,167,81,新光-新竹,2024-08-23,8563
1708,東鹼,156,79,77,新光-新竹,2024-08-23,8563
00715L,期街口布蘭特正2,105,37,68,新光-新竹,2024-08-23,8563
2402,毅嘉,88,23,65,新光-新竹,2024-08-23,8563
1316,上曜,201,142,59,新光-新竹,2024-08-23,8563
1711,永光,131,75,56,新光-新竹,2024-08-23,8563
00936,台新永續高息中小,72,18,54,新光-新竹,2024-08-23,8563
2618,長榮航,53,1,52,新光-新竹,2024-08-23,8563
9907,統一實,68,20,48,新光-新竹,2024-08-23,8563
3189,景碩,92,45,47,新光-新竹,2024-08-23,8563
9105,泰金寶-DR,50,7,43,新光-新竹,2024-08-23,8563
2867,三商壽,43,1,42,新光-新竹,2024-08-23,8563
00713,元大台灣高息低波,40,0,40,新光-新竹,2024-08-23,8563
9906,欣巴巴,40,1,39,新光-新竹,2024-08-23,8563
00768B,復華20年美債,35,0,35,新光-新竹,2024-08-23,8563
3052,夆典,34,0,34,新光-新竹,2024-08-23,8563
3035,智原,41,9,32,新光-新竹,2024-08-23,8563
00905,FT臺灣Smart,31,0,31,新光-新竹,2024-08-23,8563
2429,銘旺科,31,0,31,新光-新竹,2024-08-23,8563
00674R,期元大S＆P黃金反1,30,0,30,新光-新竹,2024-08-23,8563
2511,太子,30,0,30,新光-新竹,2024-08-23,8563
2363,矽統,41,12,29,新光-新竹,2024-08-23,8563
1570,力肯,78,49,29,新光-新竹,2024-08-23,8563
5452,佶優,36,9,27,新光-新竹,2024-08-23,8563
6133,金橋,29,4,25,新光-新竹,2024-08-23,8563
2413,環科,25,0,25,新光-新竹,2024-08-23,8563
6442,光聖,59,35,24,新光-新竹,2024-08-23,8563
3663,鑫科,68,45,23,新光-新竹,2024-08-23,8563
5309,系統電,32,9,23,新光-新竹,2024-08-23,8563
4908,前鼎,44,21,23,新光-新竹,2024-08-23,8563
2543,皇昌,26,4,22,新光-新竹,2024-08-23,8563
4716,大立,29,8,21,新光-新竹,2024-08-23,8563
00948B,中信優息投資級債,100,80,20,新光-新竹,2024-08-23,8563
00696B,富邦美債20年,20,0,20,新光-新竹,2024-08-23,8563
00909,國泰數位支付服務,20,0,20,新光-新竹,2024-08-23,8563
6906,現觀科,21,1,20,新光-新竹,2024-08-23,8563
00953B,群益優選非投等債,20,0,20,新光-新竹,2024-08-23,8563
2888,新光金,2287,1871,416,新光-新竹,2024-08-26,8563
2062,橋椿,422,14,408,新光-新竹,2024-08-26,8563
8096,擎亞,495,112,383,新光-新竹,2024-08-26,8563
00680L,元大美債20正2,315,65,250,新光-新竹,2024-08-26,8563
00688L,國泰20年美債正2,515,290,225,新光-新竹,2024-08-26,8563
2409,友達,235,45,190,新光-新竹,2024-08-26,8563
2891,中信金,343,186,157,新光-新竹,2024-08-26,8563
00687B,國泰20年美債,292,144,148,新光-新竹,2024-08-26,8563
1326,台化,111,0,111,新光-新竹,2024-08-26,8563
00779B,凱基美債25+,104,0,104,新光-新竹,2024-08-26,8563
00637L,元大滬深300正2,97,0,97,新光-新竹,2024-08-26,8563
00795B,中信美國公債20年,97,2,95,新光-新竹,2024-08-26,8563
00632R,元大台灣50反1,124,43,81,新光-新竹,2024-08-26,8563
6719,力智,80,6,74,新光-新竹,2024-08-26,8563
2887,台新金,142,70,72,新光-新竹,2024-08-26,8563
4513,福裕,97,27,70,新光-新竹,2024-08-26,8563
2317,鴻海,138,75,63,新光-新竹,2024-08-26,8563
1316,上曜,127,65,62,新光-新竹,2024-08-26,8563
5213,亞昕,59,0,59,新光-新竹,2024-08-26,8563
00751B,元大AAA至A公司債,57,0,57,新光-新竹,2024-08-26,8563
00948B,中信優息投資級債,110,53,57,新光-新竹,2024-08-26,8563
1711,永光,174,122,52,新光-新竹,2024-08-26,8563
2417,圓剛,56,8,48,新光-新竹,2024-08-26,8563
3163,波若威,72,27,45,新光-新竹,2024-08-26,8563
3645,達邁,80,35,45,新光-新竹,2024-08-26,8563
1309,台達化,50,5,45,新光-新竹,2024-08-26,8563
00772B,中信高評級公司債,55,12,43,新光-新竹,2024-08-26,8563
2303,聯電,56,16,40,新光-新竹,2024-08-26,8563
3450,聯鈞,42,3,39,新光-新竹,2024-08-26,8563
2103,台橡,40,1,39,新光-新竹,2024-08-26,8563
5443,均豪,240,203,37,新光-新竹,2024-08-26,8563
2543,皇昌,55,18,37,新光-新竹,2024-08-26,8563
6143,振曜,48,11,37,新光-新竹,2024-08-26,8563
2388,威盛,93,56,37,新光-新竹,2024-08-26,8563
00936,台新永續高息中小,57,20,37,新光-新竹,2024-08-26,8563
3030,德律,33,3,30,新光-新竹,2024-08-26,8563
5263,智崴,35,6,29,新光-新竹,2024-08-26,8563
1609,大亞,32,3,29,新光-新竹,2024-08-26,8563
2610,華航,41,13,28,新光-新竹,2024-08-26,8563
2340,台亞,40,12,28,新光-新竹,2024-08-26,8563
6829,千附精密,30,2,28,新光-新竹,2024-08-26,8563
00934,中信成長高股息,29,2,27,新光-新竹,2024-08-26,8563
6208,日揚,34,8,26,新光-新竹,2024-08-26,8563
4909,新復興,41,16,25,新光-新竹,2024-08-26,8563
6957,裕慶-KY,25,0,25,新光-新竹,2024-08-26,8563
00713,元大台灣高息低波,25,1,24,新光-新竹,2024-08-26,8563
00953B,群益優選非投等債,20,0,20,新光-新竹,2024-08-26,8563
3049,精金,31,11,20,新光-新竹,2024-08-26,8563
3045,台灣大,20,0,20,新光-新竹,2024-08-26,8563
00931B,統一美債20年,36,17,19,新光-新竹,2024-08-26,8563
00929,復華台灣科技優息,457,31,426,新光-新竹,2024-08-27,8563
00687B,國泰20年美債,334,14,320,新光-新竹,2024-08-27,8563
00680L,元大美債20正2,296,4,292,新光-新竹,2024-08-27,8563
00937B,群益ESG投等債20,286,20,266,新光-新竹,2024-08-27,8563
2891,中信金,321,55,266,新光-新竹,2024-08-27,8563
2062,橋椿,243,24,219,新光-新竹,2024-08-27,8563
00673R,期元大S＆P原油反1,179,0,179,新光-新竹,2024-08-27,8563
00679B,元大美債20年,159,1,158,新光-新竹,2024-08-27,8563
3481,群創,260,124,136,新光-新竹,2024-08-27,8563
2845,遠東銀,134,4,130,新光-新竹,2024-08-27,8563
00948B,中信優息投資級債,140,39,101,新光-新竹,2024-08-27,8563
1609,大亞,115,16,99,新光-新竹,2024-08-27,8563
2867,三商壽,108,17,91,新光-新竹,2024-08-27,8563
00878,國泰永續高股息,96,19,77,新光-新竹,2024-08-27,8563
5213,亞昕,64,2,62,新光-新竹,2024-08-27,8563
3522,御嵿,60,0,60,新光-新竹,2024-08-27,8563
00933B,國泰10Y+金融債,59,0,59,新光-新竹,2024-08-27,8563
8466,美吉吉-KY,47,0,47,新光-新竹,2024-08-27,8563
5328,華容,47,0,47,新光-新竹,2024-08-27,8563
00753L,中信中國50正2,45,0,45,新光-新竹,2024-08-27,8563
9907,統一實,44,0,44,新光-新竹,2024-08-27,8563
2382,廣達,58,15,43,新光-新竹,2024-08-27,8563
2101,南港,44,2,42,新光-新竹,2024-08-27,8563
00936,台新永續高息中小,41,0,41,新光-新竹,2024-08-27,8563
5519,隆大,57,16,41,新光-新竹,2024-08-27,8563
2388,威盛,87,46,41,新光-新竹,2024-08-27,8563
5364,力麗店,40,1,39,新光-新竹,2024-08-27,8563
2834,臺企銀,38,4,34,新光-新竹,2024-08-27,8563
2317,鴻海,106,75,31,新光-新竹,2024-08-27,8563
2605,新興,40,10,30,新光-新竹,2024-08-27,8563
5386,青雲,36,6,30,新光-新竹,2024-08-27,8563
2816,旺旺保,30,0,30,新光-新竹,2024-08-27,8563
3390,旭軟,40,12,28,新光-新竹,2024-08-27,8563
2402,毅嘉,71,44,27,新光-新竹,2024-08-27,8563
00940,元大台灣價值高息,27,1,26,新光-新竹,2024-08-27,8563
4533,協易機,33,8,25,新光-新竹,2024-08-27,8563
00795B,中信美國公債20年,25,0,25,新光-新竹,2024-08-27,8563
4109,加捷生醫,25,0,25,新光-新竹,2024-08-27,8563
2542,興富發,25,1,24,新光-新竹,2024-08-27,8563
1316,上曜,79,55,24,新光-新竹,2024-08-27,8563
2603,長榮,54,31,23,新光-新竹,2024-08-27,8563
00713,元大台灣高息低波,23,0,23,新光-新竹,2024-08-27,8563
1786,科妍,26,3,23,新光-新竹,2024-08-27,8563
2880,華南金,23,1,22,新光-新竹,2024-08-27,8563
2610,華航,24,2,22,新光-新竹,2024-08-27,8563
2330,台積電,30,8,22,新光-新竹,2024-08-27,8563
5876,上海商銀,22,0,22,新光-新竹,2024-08-27,8563
00751B,元大AAA至A公司債,21,0,21,新光-新竹,2024-08-27,8563
0056,元大高股息,82,61,21,新光-新竹,2024-08-27,8563
3591,艾笛森,21,0,21,新光-新竹,2024-08-27,8563
00688L,國泰20年美債正2,334,15,319,新光-新竹,2024-08-28,8563
2062,橋椿,192,38,154,新光-新竹,2024-08-28,8563
2367,燿華,278,138,140,新光-新竹,2024-08-28,8563
00953B,群益優選非投等債,126,10,116,新光-新竹,2024-08-28,8563
00687B,國泰20年美債,120,13,107,新光-新竹,2024-08-28,8563
2883,凱基金,115,11,104,新光-新竹,2024-08-28,8563
4566,時碩工業,140,38,102,新光-新竹,2024-08-28,8563
00637L,元大滬深300正2,159,61,98,新光-新竹,2024-08-28,8563
8096,擎亞,131,36,95,新光-新竹,2024-08-28,8563
1314,中石化,205,110,95,新光-新竹,2024-08-28,8563
00680L,元大美債20正2,95,0,95,新光-新竹,2024-08-28,8563
2891,中信金,359,267,92,新光-新竹,2024-08-28,8563
5213,亞昕,84,0,84,新光-新竹,2024-08-28,8563
00937B,群益ESG投等債20,173,92,81,新光-新竹,2024-08-28,8563
00918,大華優利高填息30,73,0,73,新光-新竹,2024-08-28,8563
00679B,元大美債20年,87,14,73,新光-新竹,2024-08-28,8563
8071,能率網通,67,0,67,新光-新竹,2024-08-28,8563
2890,永豐金,66,1,65,新光-新竹,2024-08-28,8563
00779B,凱基美債25+,62,0,62,新光-新竹,2024-08-28,8563
3059,華晶科,70,8,62,新光-新竹,2024-08-28,8563
5347,世界,62,2,60,新光-新竹,2024-08-28,8563
6431,光麗-KY,60,0,60,新光-新竹,2024-08-28,8563
00959B,大華投等美債15Y+,59,0,59,新光-新竹,2024-08-28,8563
00685L,群益臺灣加權正2,60,3,57,新光-新竹,2024-08-28,8563
00948B,中信優息投資級債,55,3,52,新光-新竹,2024-08-28,8563
4303,信立,59,14,45,新光-新竹,2024-08-28,8563
3189,景碩,67,25,42,新光-新竹,2024-08-28,8563
4909,新復興,49,9,40,新光-新竹,2024-08-28,8563
2883B,凱基金乙特,40,0,40,新光-新竹,2024-08-28,8563
2388,威盛,89,51,38,新光-新竹,2024-08-28,8563
00795B,中信美國公債20年,38,0,38,新光-新竹,2024-08-28,8563
8936,國統,39,1,38,新光-新竹,2024-08-28,8563
8039,台虹,83,49,34,新光-新竹,2024-08-28,8563
8064,東捷,124,92,32,新光-新竹,2024-08-28,8563
9958,世紀鋼,51,23,28,新光-新竹,2024-08-28,8563
4513,福裕,58,31,27,新光-新竹,2024-08-28,8563
2845,遠東銀,37,11,26,新光-新竹,2024-08-28,8563
1815,富喬,32,7,25,新光-新竹,2024-08-28,8563
2317,鴻海,151,129,22,新光-新竹,2024-08-28,8563
6177,達麗,25,3,22,新光-新竹,2024-08-28,8563
00878,國泰永續高股息,34,12,22,新光-新竹,2024-08-28,8563
00936,台新永續高息中小,22,0,22,新光-新竹,2024-08-28,8563
2887,台新金,75,53,22,新光-新竹,2024-08-28,8563
8111,立��,117,96,21,新光-新竹,2024-08-28,8563
00905,FT臺灣Smart,20,0,20,新光-新竹,2024-08-28,8563
00665L,富邦�琤肭磪囓�2,20,0,20,新光-新竹,2024-08-28,8563
2392,正崴,46,27,19,新光-新竹,2024-08-28,8563
00919,群益台灣精選高息,41,22,19,新光-新竹,2024-08-28,8563
6873,泓德能源,19,1,18,新光-新竹,2024-08-28,8563
1776,展宇,46,28,18,新光-新竹,2024-08-28,8563
00937B,群益ESG投等債20,412,0,412,新光-新竹,2024-08-29,8563
2891,中信金,267,21,246,新光-新竹,2024-08-29,8563
2885,元大金,205,2,203,新光-新竹,2024-08-29,8563
2886,兆豐金,145,0,145,新光-新竹,2024-08-29,8563
1314,中石化,241,100,141,新光-新竹,2024-08-29,8563
00959B,大華投等美債15Y+,121,0,121,新光-新竹,2024-08-29,8563
2515,中工,135,14,121,新光-新竹,2024-08-29,8563
00687B,國泰20年美債,214,100,114,新光-新竹,2024-08-29,8563
00929,復華台灣科技優息,178,71,107,新光-新竹,2024-08-29,8563
00948B,中信優息投資級債,126,36,90,新光-新竹,2024-08-29,8563
2883B,凱基金乙特,88,0,88,新光-新竹,2024-08-29,8563
00637L,元大滬深300正2,95,10,85,新光-新竹,2024-08-29,8563
4549,桓達,80,13,67,新光-新竹,2024-08-29,8563
00688L,國泰20年美債正2,136,75,61,新光-新竹,2024-08-29,8563
00642U,期元大S＆P石油,52,0,52,新光-新竹,2024-08-29,8563
2317,鴻海,148,96,52,新光-新竹,2024-08-29,8563
00715L,期街口布蘭特正2,58,6,52,新光-新竹,2024-08-29,8563
2313,華通,115,64,51,新光-新竹,2024-08-29,8563
2062,橋椿,66,16,50,新光-新竹,2024-08-29,8563
00712,復華富時不動產,56,7,49,新光-新竹,2024-08-29,8563
4303,信立,81,33,48,新光-新竹,2024-08-29,8563
00878,國泰永續高股息,50,4,46,新光-新竹,2024-08-29,8563
2330,台積電,65,18,47,新光-新竹,2024-08-29,8563
1815,富喬,50,5,45,新光-新竹,2024-08-29,8563
2382,廣達,79,34,45,新光-新竹,2024-08-29,8563
1711,永光,287,243,44,新光-新竹,2024-08-29,8563
2542,興富發,41,0,41,新光-新竹,2024-08-29,8563
8234,新漢,41,0,41,新光-新竹,2024-08-29,8563
2349,錸德,43,2,41,新光-新竹,2024-08-29,8563
2467,志聖,81,42,39,新光-新竹,2024-08-29,8563
3689,湧德,41,4,37,新光-新竹,2024-08-29,8563
2426,鼎元,81,47,34,新光-新竹,2024-08-29,8563
5443,均豪,246,212,34,新光-新竹,2024-08-29,8563
5328,華容,32,0,32,新光-新竹,2024-08-29,8563
00751B,元大AAA至A公司債,31,0,31,新光-新竹,2024-08-29,8563
2303,聯電,32,2,30,新光-新竹,2024-08-29,8563
8466,美吉吉-KY,30,0,30,新光-新竹,2024-08-29,8563
3231,緯創,56,27,29,新光-新竹,2024-08-29,8563
00713,元大台灣高息低波,28,0,28,新光-新竹,2024-08-29,8563
00936,台新永續高息中小,31,4,27,新光-新竹,2024-08-29,8563
3550,聯穎,54,27,27,新光-新竹,2024-08-29,8563
00719B,元大美債1-3,25,0,25,新光-新竹,2024-08-29,8563
2867,三商壽,55,30,25,新光-新竹,2024-08-29,8563
3264,欣銓,24,0,24,新光-新竹,2024-08-29,8563
00675L,富邦臺灣加權正2,28,4,24,新光-新竹,2024-08-29,8563
9945,潤泰新,29,6,23,新光-新竹,2024-08-29,8563
00830,國泰費城半導體,25,2,23,新光-新竹,2024-08-29,8563
2464,盟立,70,48,22,新光-新竹,2024-08-29,8563
6873,泓德能源,26,4,22,新光-新竹,2024-08-29,8563
2455,全新,23,2,21,新光-新竹,2024-08-29,8563
00937B,群益ESG投等債20,731,4,727,新光-新竹,2024-08-30,8563
00688L,國泰20年美債正2,270,0,270,新光-新竹,2024-08-30,8563
8064,東捷,307,41,266,新光-新竹,2024-08-30,8563
00632R,元大台灣50反1,517,253,264,新光-新竹,2024-08-30,8563
00687B,國泰20年美債,257,39,218,新光-新竹,2024-08-30,8563
00795B,中信美國公債20年,206,0,206,新光-新竹,2024-08-30,8563
00680L,元大美債20正2,230,51,179,新光-新竹,2024-08-30,8563
1711,永光,274,97,177,新光-新竹,2024-08-30,8563
00948B,中信優息投資級債,175,46,129,新光-新竹,2024-08-30,8563
2886,兆豐金,125,0,125,新光-新竹,2024-08-30,8563
6231,系微,100,0,100,新光-新竹,2024-08-30,8563
2885,元大金,100,0,100,新光-新竹,2024-08-30,8563
2406,國碩,75,0,75,新光-新竹,2024-08-30,8563
00679B,元大美債20年,102,27,75,新光-新竹,2024-08-30,8563
2883B,凱基金乙特,72,0,72,新光-新竹,2024-08-30,8563
2367,燿華,292,221,71,新光-新竹,2024-08-30,8563
2618,長榮航,89,28,61,新光-新竹,2024-08-30,8563
0056,元大高股息,86,27,59,新光-新竹,2024-08-30,8563
3663,鑫科,57,7,50,新光-新竹,2024-08-30,8563
8086,宏捷科,65,19,46,新光-新竹,2024-08-30,8563
8028,昇陽半導體,60,16,44,新光-新竹,2024-08-30,8563
00933B,國泰10Y+金融債,41,0,41,新光-新竹,2024-08-30,8563
3062,建漢,63,23,40,新光-新竹,2024-08-30,8563
2409,友達,53,14,39,新光-新竹,2024-08-30,8563
2543,皇昌,70,34,36,新光-新竹,2024-08-30,8563
00959B,大華投等美債15Y+,34,0,34,新光-新竹,2024-08-30,8563
00706L,期元大S＆P日圓正2,38,5,33,新光-新竹,2024-08-30,8563
2312,金寶,40,8,32,新光-新竹,2024-08-30,8563
2402,毅嘉,69,38,31,新光-新竹,2024-08-30,8563
2062,橋椿,38,7,31,新光-新竹,2024-08-30,8563
2845,遠東銀,31,0,31,新光-新竹,2024-08-30,8563
1785,光洋科,125,94,31,新光-新竹,2024-08-30,8563
4958,臻鼎-KY,39,8,31,新光-新竹,2024-08-30,8563
2313,華通,121,90,31,新光-新竹,2024-08-30,8563
4909,新復興,87,57,30,新光-新竹,2024-08-30,8563
8936,國統,29,0,29,新光-新竹,2024-08-30,8563
5225,東科-KY,43,15,28,新光-新竹,2024-08-30,8563
00673R,期元大S＆P原油反1,28,0,28,新光-新竹,2024-08-30,8563
2891,中信金,43,17,26,新光-新竹,2024-08-30,8563
4526,東台,227,202,25,新光-新竹,2024-08-30,8563
1220,台榮,25,0,25,新光-新竹,2024-08-30,8563
6215,和椿,96,71,25,新光-新竹,2024-08-30,8563
6208,日揚,32,7,25,新光-新竹,2024-08-30,8563
8249,菱光,25,1,24,新光-新竹,2024-08-30,8563
2801,彰銀,22,0,22,新光-新竹,2024-08-30,8563
3037,欣興,61,39,22,新光-新竹,2024-08-30,8563
2340,台亞,25,4,21,新光-新竹,2024-08-30,8563
2349,錸德,31,11,20,新光-新竹,2024-08-30,8563
1540,喬福,53,34,19,新光-新竹,2024-08-30,8563
00878,國泰永續高股息,58,40,18,新光-新竹,2024-08-30,8563
00688L,國泰20年美債正2,510,20,490,新光-新竹,2024-09-02,8563
00915,凱基優選高股息30,412,0,412,新光-新竹,2024-09-02,8563
00937B,群益ESG投等債20,423,37,386,新光-新竹,2024-09-02,8563
00680L,元大美債20正2,404,21,383,新光-新竹,2024-09-02,8563
00715L,期街口布蘭特正2,385,24,361,新光-新竹,2024-09-02,8563
00687B,國泰20年美債,651,382,269,新光-新竹,2024-09-02,8563
00919,群益台灣精選高息,257,23,234,新光-新竹,2024-09-02,8563
00948B,中信優息投資級債,156,20,136,新光-新竹,2024-09-02,8563
00795B,中信美國公債20年,127,0,127,新光-新竹,2024-09-02,8563
00940,元大台灣價值高息,155,34,121,新光-新竹,2024-09-02,8563
00679B,元大美債20年,123,3,120,新光-新竹,2024-09-02,8563
2313,華通,103,9,94,新光-新竹,2024-09-02,8563
00918,大華優利高填息30,78,0,78,新光-新竹,2024-09-02,8563
5213,亞昕,76,3,73,新光-新竹,2024-09-02,8563
5347,世界,80,8,72,新光-新竹,2024-09-02,8563
6415,矽力*-KY,73,13,60,新光-新竹,2024-09-02,8563
3290,東浦,60,0,60,新光-新竹,2024-09-02,8563
2367,燿華,89,31,58,新光-新竹,2024-09-02,8563
2867,三商壽,77,20,57,新光-新竹,2024-09-02,8563
4549,桓達,60,3,57,新光-新竹,2024-09-02,8563
00923,群益台ESG低碳50,56,0,56,新光-新竹,2024-09-02,8563
1432,大魯閣,57,4,53,新光-新竹,2024-09-02,8563
00642U,期元大S＆P石油,52,0,52,新光-新竹,2024-09-02,8563
8105,凌巨,113,61,52,新光-新竹,2024-09-02,8563
00877,復華中國5G,50,0,50,新光-新竹,2024-09-02,8563
4526,東台,105,56,49,新光-新竹,2024-09-02,8563
9958,世紀鋼,51,4,47,新光-新竹,2024-09-02,8563
2515,中工,53,10,43,新光-新竹,2024-09-02,8563
1785,光洋科,185,144,41,新光-新竹,2024-09-02,8563
2883B,凱基金乙特,40,0,40,新光-新竹,2024-09-02,8563
00650L,復華香港正2,40,0,40,新光-新竹,2024-09-02,8563
3231,緯創,44,4,40,新光-新竹,2024-09-02,8563
00713,元大台灣高息低波,46,7,39,新光-新竹,2024-09-02,8563
00632R,元大台灣50反1,38,0,38,新光-新竹,2024-09-02,8563
6274,台燿,48,10,38,新光-新竹,2024-09-02,8563
00959B,大華投等美債15Y+,36,0,36,新光-新竹,2024-09-02,8563
6706,惠特,100,64,36,新光-新竹,2024-09-02,8563
00633L,富邦上証正2,34,0,34,新光-新竹,2024-09-02,8563
00933B,國泰10Y+金融債,35,2,33,新光-新竹,2024-09-02,8563
00637L,元大滬深300正2,45,13,32,新光-新竹,2024-09-02,8563
1434,福懋,31,0,31,新光-新竹,2024-09-02,8563
2547,日勝生,30,0,30,新光-新竹,2024-09-02,8563
3615,安可,30,0,30,新光-新竹,2024-09-02,8563
00772B,中信高評級公司債,29,0,29,新光-新竹,2024-09-02,8563
2317,鴻海,128,99,29,新光-新竹,2024-09-02,8563
0056,元大高股息,70,41,29,新光-新竹,2024-09-02,8563
2603,長榮,31,4,27,新光-新竹,2024-09-02,8563
2337,旺宏,62,37,25,新光-新竹,2024-09-02,8563
1815,富喬,43,18,25,新光-新竹,2024-09-02,8563
00936,台新永續高息中小,26,2,24,新光-新竹,2024-09-02,8563
00680L,元大美債20正2,671,1,670,新光-新竹,2024-09-03,8563
00688L,國泰20年美債正2,537,35,502,新光-新竹,2024-09-03,8563
00919,群益台灣精選高息,455,31,424,新光-新竹,2024-09-03,8563
3481,群創,215,0,215,新光-新竹,2024-09-03,8563
00915,凱基優選高股息30,242,40,202,新光-新竹,2024-09-03,8563
00687B,國泰20年美債,274,77,197,新光-新竹,2024-09-03,8563
00948B,中信優息投資級債,237,41,196,新光-新竹,2024-09-03,8563
1785,光洋科,201,58,143,新光-新竹,2024-09-03,8563
00679B,元大美債20年,144,26,118,新光-新竹,2024-09-03,8563
00937B,群益ESG投等債20,260,152,108,新光-新竹,2024-09-03,8563
00933B,國泰10Y+金融債,140,33,107,新光-新竹,2024-09-03,8563
00918,大華優利高填息30,103,0,103,新光-新竹,2024-09-03,8563
2867,三商壽,103,2,101,新光-新竹,2024-09-03,8563
5213,亞昕,90,0,90,新光-新竹,2024-09-03,8563
00795B,中信美國公債20年,89,0,89,新光-新竹,2024-09-03,8563
4909,新復興,123,41,82,新光-新竹,2024-09-03,8563
00959B,大華投等美債15Y+,73,0,73,新光-新竹,2024-09-03,8563
1432,大魯閣,72,2,70,新光-新竹,2024-09-03,8563
2002,中鋼,68,1,67,新光-新竹,2024-09-03,8563
2106,建大,65,0,65,新光-新竹,2024-09-03,8563
8466,美吉吉-KY,66,1,65,新光-新竹,2024-09-03,8563
3231,緯創,77,12,65,新光-新竹,2024-09-03,8563
1314,中石化,70,6,64,新光-新竹,2024-09-03,8563
2547,日勝生,63,0,63,新光-新竹,2024-09-03,8563
2486,一詮,97,37,60,新光-新竹,2024-09-03,8563
00632R,元大台灣50反1,61,3,58,新光-新竹,2024-09-03,8563
00665L,富邦�琤肭磪囓�2,155,100,55,新光-新竹,2024-09-03,8563
2515,中工,56,3,53,新光-新竹,2024-09-03,8563
00725B,國泰投資級公司債,51,0,51,新光-新竹,2024-09-03,8563
00779B,凱基美債25+,50,0,50,新光-新竹,2024-09-03,8563
00751B,元大AAA至A公司債,49,0,49,新光-新竹,2024-09-03,8563
2886,兆豐金,48,0,48,新光-新竹,2024-09-03,8563
2337,旺宏,61,13,48,新光-新竹,2024-09-03,8563
3290,東浦,48,2,46,新光-新竹,2024-09-03,8563
00772B,中信高評級公司債,47,2,45,新光-新竹,2024-09-03,8563
00724B,群益投資級金融債,44,0,44,新光-新竹,2024-09-03,8563
1806,冠軍,40,0,40,新光-新竹,2024-09-03,8563
2883B,凱基金乙特,38,0,38,新光-新竹,2024-09-03,8563
2887,台新金,42,5,37,新光-新竹,2024-09-03,8563
00713,元大台灣高息低波,62,25,37,新光-新竹,2024-09-03,8563
00637L,元大滬深300正2,33,0,33,新光-新竹,2024-09-03,8563
2313,華通,50,17,33,新光-新竹,2024-09-03,8563
2401,凌陽,33,1,32,新光-新竹,2024-09-03,8563
00943,兆豐電子高息等權,35,3,32,新光-新竹,2024-09-03,8563
1303,南亞,32,2,30,新光-新竹,2024-09-03,8563
1522,堤維西,40,10,30,新光-新竹,2024-09-03,8563
6125,廣運,31,4,27,新光-新竹,2024-09-03,8563
00633L,富邦上証正2,25,0,25,新光-新竹,2024-09-03,8563
8096,擎亞,65,40,25,新光-新竹,2024-09-03,8563
3189,景碩,63,39,24,新光-新竹,2024-09-03,8563
00712,復華富時不動產,447,16,431,新光-新竹,2024-09-04,8563
00878,國泰永續高股息,448,73,375,新光-新竹,2024-09-04,8563
00751B,元大AAA至A公司債,391,24,367,新光-新竹,2024-09-04,8563
00918,大華優利高填息30,363,3,360,新光-新竹,2024-09-04,8563
00919,群益台灣精選高息,677,330,347,新光-新竹,2024-09-04,8563
00688L,國泰20年美債正2,1262,935,327,新光-新竹,2024-09-04,8563
00680L,元大美債20正2,593,283,310,新光-新竹,2024-09-04,8563
00937B,群益ESG投等債20,439,179,260,新光-新竹,2024-09-04,8563
00686R,群益臺灣加權反1,260,0,260,新光-新竹,2024-09-04,8563
0056,元大高股息,370,118,252,新光-新竹,2024-09-04,8563
00715L,期街口布蘭特正2,611,366,245,新光-新竹,2024-09-04,8563
2106,建大,226,0,226,新光-新竹,2024-09-04,8563
00940,元大台灣價值高息,295,83,212,新光-新竹,2024-09-04,8563
2891,中信金,523,311,212,新光-新竹,2024-09-04,8563
00675L,富邦臺灣加權正2,192,23,169,新光-新竹,2024-09-04,8563
2886,兆豐金,156,4,152,新光-新竹,2024-09-04,8563
00641R,富邦日本反1,150,0,150,新光-新竹,2024-09-04,8563
2330,台積電,204,68,136,新光-新竹,2024-09-04,8563
00948B,中信優息投資級債,176,50,126,新光-新竹,2024-09-04,8563
2547,日勝生,126,0,126,新光-新竹,2024-09-04,8563
006208,富邦台50,137,20,117,新光-新竹,2024-09-04,8563
1101,台泥,143,32,111,新光-新竹,2024-09-04,8563
2834,臺企銀,154,50,104,新光-新竹,2024-09-04,8563
00915,凱基優選高股息30,122,28,94,新光-新竹,2024-09-04,8563
00713,元大台灣高息低波,114,21,93,新光-新竹,2024-09-04,8563
2883B,凱基金乙特,90,0,90,新光-新竹,2024-09-04,8563
0050,元大台灣50,103,15,88,新光-新竹,2024-09-04,8563
00720B,元大投資級公司債,86,4,82,新光-新竹,2024-09-04,8563
2801,彰銀,96,14,82,新光-新竹,2024-09-04,8563
00923,群益台ESG低碳50,93,18,75,新光-新竹,2024-09-04,8563
3481,群創,111,43,68,新光-新竹,2024-09-04,8563
1444,力麗,80,20,60,新光-新竹,2024-09-04,8563
3037,欣興,78,19,59,新光-新竹,2024-09-04,8563
2884,玉山金,85,27,58,新光-新竹,2024-09-04,8563
2890,永豐金,61,5,56,新光-新竹,2024-09-04,8563
2383,台光電,74,17,57,新光-新竹,2024-09-04,8563
00830,國泰費城半導體,55,1,54,新光-新竹,2024-09-04,8563
2845,遠東銀,57,4,53,新光-新竹,2024-09-04,8563
2867,三商壽,169,120,49,新光-新竹,2024-09-04,8563
2208,台船,51,2,49,新光-新竹,2024-09-04,8563
1815,富喬,51,5,46,新光-新竹,2024-09-04,8563
00665L,富邦�琤肭磪囓�2,56,10,46,新光-新竹,2024-09-04,8563
8936,國統,55,9,46,新光-新竹,2024-09-04,8563
2349,錸德,55,10,45,新光-新竹,2024-09-04,8563
00881,國泰台灣5G+,56,12,44,新光-新竹,2024-09-04,8563
8096,擎亞,88,44,44,新光-新竹,2024-09-04,8563
2883,凱基金,99,56,43,新光-新竹,2024-09-04,8563
3015,全漢,79,36,43,新光-新竹,2024-09-04,8563
00931B,統一美債20年,101,58,43,新光-新竹,2024-09-04,8563
1785,光洋科,99,57,42,新光-新竹,2024-09-04,8563
00715L,期街口布蘭特正2,510,95,415,新光-新竹,2024-09-05,8563
00712,復華富時不動產,357,12,345,新光-新竹,2024-09-05,8563
2344,華邦電,236,3,233,新光-新竹,2024-09-05,8563
00946,群益科技高息成長,199,23,176,新光-新竹,2024-09-05,8563
00878,國泰永續高股息,192,19,173,新光-新竹,2024-09-05,8563
00687B,國泰20年美債,267,98,169,新光-新竹,2024-09-05,8563
00929,復華台灣科技優息,337,208,129,新光-新竹,2024-09-05,8563
2886,兆豐金,127,7,120,新光-新竹,2024-09-05,8563
2497,怡利電,123,15,108,新光-新竹,2024-09-05,8563
00919,群益台灣精選高息,190,83,107,新光-新竹,2024-09-05,8563
00959B,大華投等美債15Y+,202,100,102,新光-新竹,2024-09-05,8563
5347,世界,107,6,101,新光-新竹,2024-09-05,8563
00918,大華優利高填息30,144,50,94,新光-新竹,2024-09-05,8563
2408,南亞科,90,0,90,新光-新竹,2024-09-05,8563
00725B,國泰投資級公司債,86,3,83,新光-新竹,2024-09-05,8563
2317,鴻海,298,225,73,新光-新竹,2024-09-05,8563
00927,群益半導體收益,68,2,66,新光-新竹,2024-09-05,8563
3481,群創,82,24,58,新光-新竹,2024-09-05,8563
00891,中信關鍵半導體,57,0,57,新光-新竹,2024-09-05,8563
0056,元大高股息,105,48,57,新光-新竹,2024-09-05,8563
00680L,元大美債20正2,369,316,53,新光-新竹,2024-09-05,8563
8076,伍豐,53,1,52,新光-新竹,2024-09-05,8563
1806,冠軍,50,1,49,新光-新竹,2024-09-05,8563
00951,台新日本半導體,43,0,43,新光-新竹,2024-09-05,8563
00642U,期元大S＆P石油,43,0,43,新光-新竹,2024-09-05,8563
00933B,國泰10Y+金融債,47,5,42,新光-新竹,2024-09-05,8563
00693U,期街口S＆P黃豆,40,0,40,新光-新竹,2024-09-05,8563
00940,元大台灣價值高息,60,21,39,新光-新竹,2024-09-05,8563
8011,台通,40,2,38,新光-新竹,2024-09-05,8563
00915,凱基優選高股息30,61,23,38,新光-新竹,2024-09-05,8563
3230,錦明,43,7,36,新光-新竹,2024-09-05,8563
4538,大詠城,38,2,36,新光-新竹,2024-09-05,8563
00665L,富邦�琤肭磪囓�2,135,100,35,新光-新竹,2024-09-05,8563
2228,劍麟,50,16,34,新光-新竹,2024-09-05,8563
3188,鑫龍騰,45,11,34,新光-新竹,2024-09-05,8563
1432,大魯閣,33,0,33,新光-新竹,2024-09-05,8563
1614,三洋電,30,0,30,新光-新竹,2024-09-05,8563
00637L,元大滬深300正2,47,17,30,新光-新竹,2024-09-05,8563
2543,皇昌,40,10,30,新光-新竹,2024-09-05,8563
6770,力積電,33,4,29,新光-新竹,2024-09-05,8563
2495,普安,63,36,27,新光-新竹,2024-09-05,8563
3689,湧德,42,15,27,新光-新竹,2024-09-05,8563
00713,元大台灣高息低波,26,0,26,新光-新竹,2024-09-05,8563
1540,喬福,177,151,26,新光-新竹,2024-09-05,8563
2801,彰銀,23,0,23,新光-新竹,2024-09-05,8563
8150,南茂,23,1,22,新光-新竹,2024-09-05,8563
00719B,元大美債1-3,25,3,22,新光-新竹,2024-09-05,8563
3056,富華新,22,0,22,新光-新竹,2024-09-05,8563
3015,全漢,34,12,22,新光-新竹,2024-09-05,8563
00954,中信日本半導體,22,0,22,新光-新竹,2024-09-05,8563
00712,復華富時不動產,2079,27,2052,新光-新竹,2024-09-06,8563
00632R,元大台灣50反1,1279,144,1135,新光-新竹,2024-09-06,8563
00715L,期街口布蘭特正2,361,37,324,新光-新竹,2024-09-06,8563
00725B,國泰投資級公司債,144,0,144,新光-新竹,2024-09-06,8563
2883,凱基金,146,12,134,新光-新竹,2024-09-06,8563
4956,光鋐,138,14,124,新光-新竹,2024-09-06,8563
2886,兆豐金,134,10,124,新光-新竹,2024-09-06,8563
2106,建大,120,0,120,新光-新竹,2024-09-06,8563
2888,新光金,107,3,104,新光-新竹,2024-09-06,8563
1303,南亞,104,8,96,新光-新竹,2024-09-06,8563
00642U,期元大S＆P石油,64,0,64,新光-新竹,2024-09-06,8563
8466,美吉吉-KY,60,2,58,新光-新竹,2024-09-06,8563
00919,群益台灣精選高息,151,93,58,新光-新竹,2024-09-06,8563
00951,台新日本半導體,57,0,57,新光-新竹,2024-09-06,8563
00940,元大台灣價值高息,83,26,57,新光-新竹,2024-09-06,8563
00664R,國泰臺灣加權反1,52,0,52,新光-新竹,2024-09-06,8563
00937B,群益ESG投等債20,185,134,51,新光-新竹,2024-09-06,8563
1314,中石化,61,15,46,新光-新竹,2024-09-06,8563
1815,富喬,147,104,43,新光-新竹,2024-09-06,8563
8937,合騏,43,1,42,新光-新竹,2024-09-06,8563
3066,李洲,145,106,39,新光-新竹,2024-09-06,8563
2228,劍麟,40,3,37,新光-新竹,2024-09-06,8563
00929,復華台灣科技優息,134,100,34,新光-新竹,2024-09-06,8563
1711,永光,155,122,33,新光-新竹,2024-09-06,8563
1806,冠軍,33,1,32,新光-新竹,2024-09-06,8563
00945B,凱基美國非投等債,28,0,28,新光-新竹,2024-09-06,8563
8021,尖點,31,5,26,新光-新竹,2024-09-06,8563
2883B,凱基金乙特,25,0,25,新光-新竹,2024-09-06,8563
00830,國泰費城半導體,30,5,25,新光-新竹,2024-09-06,8563
2497,怡利電,41,17,24,新光-新竹,2024-09-06,8563
1524,耿鼎,30,6,24,新光-新竹,2024-09-06,8563
2365,昆盈,81,57,24,新光-新竹,2024-09-06,8563
00679B,元大美債20年,106,82,24,新光-新竹,2024-09-06,8563
3437,榮創,38,17,21,新光-新竹,2024-09-06,8563
6179,亞通,21,0,21,新光-新竹,2024-09-06,8563
00949,復華日本龍頭,20,0,20,新光-新竹,2024-09-06,8563
6877,鏵友益,20,0,20,新光-新竹,2024-09-06,8563
4561,健椿,31,11,20,新光-新竹,2024-09-06,8563
1216,統一,20,0,20,新光-新竹,2024-09-06,8563
6114,久威,20,1,19,新光-新竹,2024-09-06,8563
6505,台塑化,35,17,18,新光-新竹,2024-09-06,8563
2426,鼎元,28,10,18,新光-新竹,2024-09-06,8563
2409,友達,28,10,18,新光-新竹,2024-09-06,8563
00915,凱基優選高股息30,23,6,17,新光-新竹,2024-09-06,8563
00952,凱基台灣AI50,17,0,17,新光-新竹,2024-09-06,8563
2610,華航,19,2,17,新光-新竹,2024-09-06,8563
2547,日勝生,17,0,17,新光-新竹,2024-09-06,8563
5439,高技,17,0,17,新光-新竹,2024-09-06,8563
1605,華新,17,1,16,新光-新竹,2024-09-06,8563
1785,光洋科,33,17,16,新光-新竹,2024-09-06,8563
00715L,期街口布蘭特正2,625,156,469,新光-新竹,2024-09-09,8563
00919,群益台灣精選高息,347,26,321,新光-新竹,2024-09-09,8563
00712,復華富時不動產,227,8,219,新光-新竹,2024-09-09,8563
00929,復華台灣科技優息,361,145,216,新光-新竹,2024-09-09,8563
00878,國泰永續高股息,220,12,208,新光-新竹,2024-09-09,8563
2891,中信金,178,7,171,新光-新竹,2024-09-09,8563
00915,凱基優選高股息30,163,3,160,新光-新竹,2024-09-09,8563
00687B,國泰20年美債,510,403,107,新光-新竹,2024-09-09,8563
00631L,元大台灣50正2,184,83,101,新光-新竹,2024-09-09,8563
2543,皇昌,93,5,88,新光-新竹,2024-09-09,8563
00679B,元大美債20年,119,37,82,新光-新竹,2024-09-09,8563
2317,鴻海,228,148,80,新光-新竹,2024-09-09,8563
2883B,凱基金乙特,80,0,80,新光-新竹,2024-09-09,8563
00937B,群益ESG投等債20,174,99,75,新光-新竹,2024-09-09,8563
2360,致茂,71,1,70,新光-新竹,2024-09-09,8563
2883,凱基金,78,9,69,新光-新竹,2024-09-09,8563
00940,元大台灣價值高息,68,0,68,新光-新竹,2024-09-09,8563
00918,大華優利高填息30,70,4,66,新光-新竹,2024-09-09,8563
2881,富邦金,69,4,65,新光-新竹,2024-09-09,8563
00725B,國泰投資級公司債,61,0,61,新光-新竹,2024-09-09,8563
0056,元大高股息,104,44,60,新光-新竹,2024-09-09,8563
2330,台積電,70,16,54,新光-新竹,2024-09-09,8563
2913,農林,54,0,54,新光-新竹,2024-09-09,8563
00946,群益科技高息成長,109,55,54,新光-新竹,2024-09-09,8563
00953B,群益優選非投等債,77,24,53,新光-新竹,2024-09-09,8563
006208,富邦台50,55,7,48,新光-新竹,2024-09-09,8563
00675L,富邦臺灣加權正2,58,10,48,新光-新竹,2024-09-09,8563
2885,元大金,52,6,46,新光-新竹,2024-09-09,8563
2497,怡利電,77,37,40,新光-新竹,2024-09-09,8563
5309,系統電,42,3,39,新光-新竹,2024-09-09,8563
00751B,元大AAA至A公司債,40,3,37,新光-新竹,2024-09-09,8563
2547,日勝生,36,0,36,新光-新竹,2024-09-09,8563
2382,廣達,65,31,34,新光-新竹,2024-09-09,8563
00642U,期元大S＆P石油,33,0,33,新光-新竹,2024-09-09,8563
1711,永光,144,111,33,新光-新竹,2024-09-09,8563
2402,毅嘉,47,14,33,新光-新竹,2024-09-09,8563
2349,錸德,37,6,31,新光-新竹,2024-09-09,8563
3374,精材,55,24,31,新光-新竹,2024-09-09,8563
3231,緯創,37,6,31,新光-新竹,2024-09-09,8563
00881,國泰台灣5G+,33,3,30,新光-新竹,2024-09-09,8563
3481,群創,88,58,30,新光-新竹,2024-09-09,8563
2880,華南金,34,5,29,新光-新竹,2024-09-09,8563
2867,三商壽,30,5,25,新光-新竹,2024-09-09,8563
00945B,凱基美國非投等債,25,0,25,新光-新竹,2024-09-09,8563
2609,陽明,27,2,25,新光-新竹,2024-09-09,8563
2377,微星,27,3,24,新光-新竹,2024-09-09,8563
6969,成信實業*-創,24,0,24,新光-新竹,2024-09-09,8563
1301,台塑,29,5,24,新光-新竹,2024-09-09,8563
1570,力肯,25,2,23,新光-新竹,2024-09-09,8563
00665L,富邦�琤肭磪囓�2,23,0,23,新光-新竹,2024-09-09,8563
00715L,期街口布蘭特正2,917,84,833,新光-新竹,2024-09-10,8563
00632R,元大台灣50反1,1034,269,765,新光-新竹,2024-09-10,8563
1710,東聯,652,0,652,新光-新竹,2024-09-10,8563
00948B,中信優息投資級債,680,147,533,新光-新竹,2024-09-10,8563
00929,復華台灣科技優息,323,54,269,新光-新竹,2024-09-10,8563
00687B,國泰20年美債,509,244,265,新光-新竹,2024-09-10,8563
00919,群益台灣精選高息,240,49,191,新光-新竹,2024-09-10,8563
0056,元大高股息,126,6,120,新光-新竹,2024-09-10,8563
00946,群益科技高息成長,131,21,110,新光-新竹,2024-09-10,8563
00959B,大華投等美債15Y+,105,0,105,新光-新竹,2024-09-10,8563
00918,大華優利高填息30,97,2,95,新光-新竹,2024-09-10,8563
2382,廣達,346,266,80,新光-新竹,2024-09-10,8563
3709,鑫聯大投控,79,0,79,新光-新竹,2024-09-10,8563
5871,中租-KY,77,7,70,新光-新竹,2024-09-10,8563
6279,胡連,78,16,62,新光-新竹,2024-09-10,8563
2344,華邦電,63,1,62,新光-新竹,2024-09-10,8563
3605,宏致,57,1,56,新光-新竹,2024-09-10,8563
4102,永日,71,15,56,新光-新竹,2024-09-10,8563
00930,永豐ESG低碳高息,48,1,47,新光-新竹,2024-09-10,8563
4956,光鋐,77,31,46,新光-新竹,2024-09-10,8563
00712,復華富時不動產,95,50,45,新光-新竹,2024-09-10,8563
2388,威盛,94,49,45,新光-新竹,2024-09-10,8563
2543,皇昌,60,16,44,新光-新竹,2024-09-10,8563
1540,喬福,85,44,41,新光-新竹,2024-09-10,8563
3231,緯創,51,10,41,新光-新竹,2024-09-10,8563
4909,新復興,135,98,37,新光-新竹,2024-09-10,8563
00878,國泰永續高股息,78,43,35,新光-新竹,2024-09-10,8563
1316,上曜,39,6,33,新光-新竹,2024-09-10,8563
8043,蜜望實,63,30,33,新光-新竹,2024-09-10,8563
3481,群創,61,28,33,新光-新竹,2024-09-10,8563
00725B,國泰投資級公司債,74,42,32,新光-新竹,2024-09-10,8563
6165,浪凡,49,17,32,新光-新竹,2024-09-10,8563
2449,京元電子,34,3,31,新光-新竹,2024-09-10,8563
1584,精剛,39,9,30,新光-新竹,2024-09-10,8563
00706L,期元大S＆P日圓正2,30,0,30,新光-新竹,2024-09-10,8563
00795B,中信美國公債20年,47,17,30,新光-新竹,2024-09-10,8563
2547,日勝生,30,0,30,新光-新竹,2024-09-10,8563
9945,潤泰新,71,44,27,新光-新竹,2024-09-10,8563
6869,雲豹能源,41,16,25,新光-新竹,2024-09-10,8563
2317,鴻海,293,269,24,新光-新竹,2024-09-10,8563
6108,競國,24,0,24,新光-新竹,2024-09-10,8563
6651,全宇昕,27,3,24,新光-新竹,2024-09-10,8563
4513,福裕,76,53,23,新光-新竹,2024-09-10,8563
4510,高鋒,65,42,23,新光-新竹,2024-09-10,8563
00882,中信中國高股息,45,23,22,新光-新竹,2024-09-10,8563
6120,達運,21,0,21,新光-新竹,2024-09-10,8563
2441,超豐,21,0,21,新光-新竹,2024-09-10,8563
2323,中環,24,3,21,新光-新竹,2024-09-10,8563
5328,華容,21,0,21,新光-新竹,2024-09-10,8563
00642U,期元大S＆P石油,39,18,21,新光-新竹,2024-09-10,8563
00680L,元大美債20正2,1005,661,344,新光-新竹,2024-09-11,8563
00715L,期街口布蘭特正2,569,254,315,新光-新竹,2024-09-11,8563
2891,中信金,324,12,312,新光-新竹,2024-09-11,8563
00937B,群益ESG投等債20,404,116,288,新光-新竹,2024-09-11,8563
00642U,期元大S＆P石油,237,3,234,新光-新竹,2024-09-11,8563
00948B,中信優息投資級債,311,155,156,新光-新竹,2024-09-11,8563
00706L,期元大S＆P日圓正2,121,5,116,新光-新竹,2024-09-11,8563
00712,復華富時不動產,112,4,108,新光-新竹,2024-09-11,8563
00878,國泰永續高股息,108,0,108,新光-新竹,2024-09-11,8563
8374,羅昇,135,33,102,新光-新竹,2024-09-11,8563
2883B,凱基金乙特,80,0,80,新光-新竹,2024-09-11,8563
00725B,國泰投資級公司債,72,0,72,新光-新竹,2024-09-11,8563
00632R,元大台灣50反1,254,184,70,新光-新竹,2024-09-11,8563
2497,怡利電,317,250,67,新光-新竹,2024-09-11,8563
00915,凱基優選高股息30,66,1,65,新光-新竹,2024-09-11,8563
6194,育富,70,19,51,新光-新竹,2024-09-11,8563
4974,亞泰,74,25,49,新光-新竹,2024-09-11,8563
2399,映泰,91,45,46,新光-新竹,2024-09-11,8563
1815,富喬,42,2,40,新光-新竹,2024-09-11,8563
2542,興富發,44,7,37,新光-新竹,2024-09-11,8563
1536,和大,38,2,36,新光-新竹,2024-09-11,8563
00931B,統一美債20年,44,11,33,新光-新竹,2024-09-11,8563
2388,威盛,114,83,31,新光-新竹,2024-09-11,8563
00930,永豐ESG低碳高息,31,1,30,新光-新竹,2024-09-11,8563
3707,漢磊,34,5,29,新光-新竹,2024-09-11,8563
4979,華星光,81,54,27,新光-新竹,2024-09-11,8563
00713,元大台灣高息低波,26,1,25,新光-新竹,2024-09-11,8563
1710,東聯,25,1,24,新光-新竹,2024-09-11,8563
2834,臺企銀,68,45,23,新光-新竹,2024-09-11,8563
2535,達欣工,36,13,23,新光-新竹,2024-09-11,8563
00957B,兆豐US優選投等債,23,0,23,新光-新竹,2024-09-11,8563
4102,永日,23,2,21,新光-新竹,2024-09-11,8563
00918,大華優利高填息30,35,15,20,新光-新竹,2024-09-11,8563
2002,中鋼,21,1,20,新光-新竹,2024-09-11,8563
1522,堤維西,36,16,20,新光-新竹,2024-09-11,8563
3465,進泰電子,21,1,20,新光-新竹,2024-09-11,8563
1303,南亞,22,2,20,新光-新竹,2024-09-11,8563
00676R,富邦臺灣加權反1,20,0,20,新光-新竹,2024-09-11,8563
00946,群益科技高息成長,20,0,20,新光-新竹,2024-09-11,8563
00720B,元大投資級公司債,27,8,19,新光-新竹,2024-09-11,8563
2382,廣達,25,6,19,新光-新竹,2024-09-11,8563
00940,元大台灣價值高息,35,17,18,新光-新竹,2024-09-11,8563
2892,第一金,33,15,18,新光-新竹,2024-09-11,8563
3062,建漢,55,38,17,新光-新竹,2024-09-11,8563
00665L,富邦�琤肭磪囓�2,172,155,17,新光-新竹,2024-09-11,8563
6754,匯僑設計,22,5,17,新光-新竹,2024-09-11,8563
00923,群益台ESG低碳50,16,0,16,新光-新竹,2024-09-11,8563
00753L,中信中國50正2,16,0,16,新光-新竹,2024-09-11,8563
2353,宏��,16,0,16,新光-新竹,2024-09-11,8563
3037,欣興,18,2,16,新光-新竹,2024-09-11,8563
00687B,國泰20年美債,639,174,465,新光-新竹,2024-09-12,8563
00948B,中信優息投資級債,432,50,382,新光-新竹,2024-09-12,8563
00940,元大台灣價值高息,314,31,283,新光-新竹,2024-09-12,8563
00715L,期街口布蘭特正2,324,54,270,新光-新竹,2024-09-12,8563
00680L,元大美債20正2,378,158,220,新光-新竹,2024-09-12,8563
6108,競國,171,0,171,新光-新竹,2024-09-12,8563
00688L,國泰20年美債正2,413,249,164,新光-新竹,2024-09-12,8563
00712,復華富時不動產,165,16,149,新光-新竹,2024-09-12,8563
2891,中信金,144,25,119,新光-新竹,2024-09-12,8563
00632R,元大台灣50反1,680,588,92,新光-新竹,2024-09-12,8563
00959B,大華投等美債15Y+,141,50,91,新光-新竹,2024-09-12,8563
00706L,期元大S＆P日圓正2,74,0,74,新光-新竹,2024-09-12,8563
00725B,國泰投資級公司債,65,0,65,新光-新竹,2024-09-12,8563
6134,萬旭,88,27,61,新光-新竹,2024-09-12,8563
00679B,元大美債20年,153,93,60,新光-新竹,2024-09-12,8563
1314,中石化,175,130,45,新光-新竹,2024-09-12,8563
3264,欣銓,47,2,45,新光-新竹,2024-09-12,8563
00933B,國泰10Y+金融債,46,1,45,新光-新竹,2024-09-12,8563
2887,台新金,75,38,37,新光-新竹,2024-09-12,8563
5443,均豪,157,120,37,新光-新竹,2024-09-12,8563
2489,瑞軒,49,12,37,新光-新竹,2024-09-12,8563
00931B,統一美債20年,36,2,34,新光-新竹,2024-09-12,8563
3702A,大聯大甲特,34,0,34,新光-新竹,2024-09-12,8563
1785,光洋科,41,10,31,新光-新竹,2024-09-12,8563
4974,亞泰,39,11,28,新光-新竹,2024-09-12,8563
00907,永豐優息存股,30,2,28,新光-新竹,2024-09-12,8563
00957B,兆豐US優選投等債,28,0,28,新光-新竹,2024-09-12,8563
1711,永光,45,18,27,新光-新竹,2024-09-12,8563
5460,同協,56,30,26,新光-新竹,2024-09-12,8563
2382,廣達,109,84,25,新光-新竹,2024-09-12,8563
2467,志聖,73,49,24,新光-新竹,2024-09-12,8563
2364,倫飛,26,4,22,新光-新竹,2024-09-12,8563
8028,昇陽半導體,41,20,21,新光-新竹,2024-09-12,8563
2838,聯邦銀,21,0,21,新光-新竹,2024-09-12,8563
1584,精剛,27,7,20,新光-新竹,2024-09-12,8563
3227,原相,52,32,20,新光-新竹,2024-09-12,8563
6125,廣運,23,3,20,新光-新竹,2024-09-12,8563
00713,元大台灣高息低波,21,1,20,新光-新竹,2024-09-12,8563
00915,凱基優選高股息30,83,63,20,新光-新竹,2024-09-12,8563
6279,胡連,18,0,18,新光-新竹,2024-09-12,8563
3413,京鼎,17,0,17,新光-新竹,2024-09-12,8563
1522,堤維西,17,0,17,新光-新竹,2024-09-12,8563
3707,漢磊,18,1,17,新光-新竹,2024-09-12,8563
2497,怡利電,130,114,16,新光-新竹,2024-09-12,8563
00768B,復華20年美債,17,1,16,新光-新竹,2024-09-12,8563
00945B,凱基美國非投等債,16,0,16,新光-新竹,2024-09-12,8563
6668,中揚光,17,1,16,新光-新竹,2024-09-12,8563
6530,創威,122,106,16,新光-新竹,2024-09-12,8563
3673,TPK-KY,17,3,14,新光-新竹,2024-09-12,8563
5381,合正,16,2,14,新光-新竹,2024-09-12,8563
00679B,元大美債20年,447,34,413,新光-新竹,2024-09-13,8563
00688L,國泰20年美債正2,459,58,401,新光-新竹,2024-09-13,8563
00918,大華優利高填息30,422,45,377,新光-新竹,2024-09-13,8563
6108,競國,339,0,339,新光-新竹,2024-09-13,8563
00687B,國泰20年美債,454,116,338,新光-新竹,2024-09-13,8563
6143,振曜,193,16,177,新光-新竹,2024-09-13,8563
00948B,中信優息投資級債,162,36,126,新光-新竹,2024-09-13,8563
00715L,期街口布蘭特正2,215,98,117,新光-新竹,2024-09-13,8563
00919,群益台灣精選高息,182,71,111,新光-新竹,2024-09-13,8563
0056,元大高股息,100,1,99,新光-新竹,2024-09-13,8563
1326,台化,103,5,98,新光-新竹,2024-09-13,8563
00929,復華台灣科技優息,166,102,64,新光-新竹,2024-09-13,8563
00795B,中信美國公債20年,61,0,61,新光-新竹,2024-09-13,8563
2317,鴻海,209,149,60,新光-新竹,2024-09-13,8563
6757,台灣虎航,55,0,55,新光-新竹,2024-09-13,8563
2449,京元電子,80,27,53,新光-新竹,2024-09-13,8563
6279,胡連,81,30,51,新光-新竹,2024-09-13,8563
3037,欣興,52,5,47,新光-新竹,2024-09-13,8563
5347,世界,63,18,45,新光-新竹,2024-09-13,8563
3167,大量,157,112,45,新光-新竹,2024-09-13,8563
2313,華通,62,19,43,新光-新竹,2024-09-13,8563
5230,雷笛克光學,73,30,43,新光-新竹,2024-09-13,8563
00751B,元大AAA至A公司債,51,13,38,新光-新竹,2024-09-13,8563
4977,眾達-KY,65,27,38,新光-新竹,2024-09-13,8563
3260,威剛,35,0,35,新光-新竹,2024-09-13,8563
00940,元大台灣價值高息,34,0,34,新光-新竹,2024-09-13,8563
4102,永日,38,5,33,新光-新竹,2024-09-13,8563
6873,泓德能源,35,2,33,新光-新竹,2024-09-13,8563
2812,台中銀,31,0,31,新光-新竹,2024-09-13,8563
1524,耿鼎,36,6,30,新光-新竹,2024-09-13,8563
3518,柏騰,43,13,30,新光-新竹,2024-09-13,8563
6152,百一,38,8,30,新光-新竹,2024-09-13,8563
1711,永光,52,23,29,新光-新竹,2024-09-13,8563
2497,怡利電,52,24,28,新光-新竹,2024-09-13,8563
2423,固緯,28,0,28,新光-新竹,2024-09-13,8563
4979,華星光,68,41,27,新光-新竹,2024-09-13,8563
6643,M31,29,2,27,新光-新竹,2024-09-13,8563
00768B,復華20年美債,27,1,26,新光-新竹,2024-09-13,8563
00725B,國泰投資級公司債,25,0,25,新光-新竹,2024-09-13,8563
4576,大銀微系統,24,1,23,新光-新竹,2024-09-13,8563
5465,富驊,23,0,23,新光-新竹,2024-09-13,8563
6214,精誠,26,4,22,新光-新竹,2024-09-13,8563
4566,時碩工業,47,25,22,新光-新竹,2024-09-13,8563
1536,和大,30,9,21,新光-新竹,2024-09-13,8563
5222,全訊,20,0,20,新光-新竹,2024-09-13,8563
00857B,永豐20年美公債,30,10,20,新光-新竹,2024-09-13,8563
2883,凱基金,24,5,19,新光-新竹,2024-09-13,8563
3374,精材,38,19,19,新光-新竹,2024-09-13,8563
3013,晟銘電,66,49,17,新光-新竹,2024-09-13,8563
3533,嘉澤,18,1,17,新光-新竹,2024-09-13,8563
00948B,中信優息投資級債,2145,997,1148,新光-新竹,2024-09-16,8563
00687B,國泰20年美債,624,125,499,新光-新竹,2024-09-16,8563
00706L,期元大S＆P日圓正2,500,21,479,新光-新竹,2024-09-16,8563
00937B,群益ESG投等債20,444,56,388,新光-新竹,2024-09-16,8563
2888,新光金,270,67,203,新光-新竹,2024-09-16,8563
00688L,國泰20年美債正2,299,130,169,新光-新竹,2024-09-16,8563
00679B,元大美債20年,287,141,146,新光-新竹,2024-09-16,8563
00919,群益台灣精選高息,129,4,125,新光-新竹,2024-09-16,8563
00918,大華優利高填息30,110,0,110,新光-新竹,2024-09-16,8563
00713,元大台灣高息低波,105,1,104,新光-新竹,2024-09-16,8563
00795B,中信美國公債20年,102,7,95,新光-新竹,2024-09-16,8563
00708L,期元大S＆P黃金正2,63,0,63,新光-新竹,2024-09-16,8563
00935,野村臺灣新科技50,60,3,57,新光-新竹,2024-09-16,8563
00712,復華富時不動產,124,68,56,新光-新竹,2024-09-16,8563
5443,均豪,151,96,55,新光-新竹,2024-09-16,8563
1711,永光,163,109,54,新光-新竹,2024-09-16,8563
00751B,元大AAA至A公司債,79,26,53,新光-新竹,2024-09-16,8563
6284,佳邦,48,0,48,新光-新竹,2024-09-16,8563
1309,台達化,64,17,47,新光-新竹,2024-09-16,8563
00669R,國泰美國道瓊反1,50,4,46,新光-新竹,2024-09-16,8563
6279,胡連,45,1,44,新光-新竹,2024-09-16,8563
00632R,元大台灣50反1,157,116,41,新光-新竹,2024-09-16,8563
00674R,期元大S＆P黃金反1,80,43,37,新光-新竹,2024-09-16,8563
00940,元大台灣價值高息,42,7,35,新光-新竹,2024-09-16,8563
00951,台新日本半導體,32,0,32,新光-新竹,2024-09-16,8563
00725B,國泰投資級公司債,30,0,30,新光-新竹,2024-09-16,8563
00921,兆豐龍頭等權重,32,3,29,新光-新竹,2024-09-16,8563
6546,正基,52,23,29,新光-新竹,2024-09-16,8563
2460,建通,30,1,29,新光-新竹,2024-09-16,8563
00772B,中信高評級公司債,34,6,28,新光-新竹,2024-09-16,8563
6143,振曜,40,12,28,新光-新竹,2024-09-16,8563
2379,瑞昱,43,15,28,新光-新竹,2024-09-16,8563
5230,雷笛克光學,61,34,27,新光-新竹,2024-09-16,8563
2250,IKKA-KY,26,0,26,新光-新竹,2024-09-16,8563
3056,富華新,25,0,25,新光-新竹,2024-09-16,8563
1301,台塑,55,31,24,新光-新竹,2024-09-16,8563
2349,錸德,67,44,23,新光-新竹,2024-09-16,8563
8466,美吉吉-KY,22,0,22,新光-新竹,2024-09-16,8563
00740B,富邦全球投等債,22,0,22,新光-新竹,2024-09-16,8563
2618,長榮航,45,24,21,新光-新竹,2024-09-16,8563
1336,台翰,21,0,21,新光-新竹,2024-09-16,8563
00673R,期元大S＆P原油反1,20,0,20,新光-新竹,2024-09-16,8563
6698,旭暉應材,30,10,20,新光-新竹,2024-09-16,8563
00933B,國泰10Y+金融債,19,0,19,新光-新竹,2024-09-16,8563
2603,長榮,22,3,19,新光-新竹,2024-09-16,8563
2344,華邦電,21,2,19,新光-新竹,2024-09-16,8563
1314,中石化,159,141,18,新光-新竹,2024-09-16,8563
2355,敬鵬,20,2,18,新光-新竹,2024-09-16,8563
6873,泓德能源,24,6,18,新光-新竹,2024-09-16,8563
4968,立積,20,2,18,新光-新竹,2024-09-16,8563
00795B,中信美國公債20年,525,58,467,新光-新竹,2024-09-18,8563
2399,映泰,448,118,330,新光-新竹,2024-09-18,8563
00712,復華富時不動產,351,102,249,新光-新竹,2024-09-18,8563
00706L,期元大S＆P日圓正2,234,0,234,新光-新竹,2024-09-18,8563
00918,大華優利高填息30,240,18,222,新光-新竹,2024-09-18,8563
00929,復華台灣科技優息,397,188,209,新光-新竹,2024-09-18,8563
2317,鴻海,320,171,149,新光-新竹,2024-09-18,8563
1721,三晃,113,0,113,新光-新竹,2024-09-18,8563
3062,建漢,266,162,104,新光-新竹,2024-09-18,8563
00679B,元大美債20年,151,58,93,新光-新竹,2024-09-18,8563
3550,聯穎,235,147,88,新光-新竹,2024-09-18,8563
00713,元大台灣高息低波,85,9,76,新光-新竹,2024-09-18,8563
00753L,中信中國50正2,100,30,70,新光-新竹,2024-09-18,8563
00923,群益台ESG低碳50,64,0,64,新光-新竹,2024-09-18,8563
00937B,群益ESG投等債20,371,309,62,新光-新竹,2024-09-18,8563
5871,中租-KY,63,5,58,新光-新竹,2024-09-18,8563
6214,精誠,86,32,54,新光-新竹,2024-09-18,8563
1711,永光,240,188,52,新光-新竹,2024-09-18,8563
0056,元大高股息,56,4,52,新光-新竹,2024-09-18,8563
2033,佳大,55,3,52,新光-新竹,2024-09-18,8563
00959B,大華投等美債15Y+,53,3,50,新光-新竹,2024-09-18,8563
00946,群益科技高息成長,48,0,48,新光-新竹,2024-09-18,8563
00945B,凱基美國非投等債,47,0,47,新光-新竹,2024-09-18,8563
2401,凌陽,45,0,45,新光-新竹,2024-09-18,8563
1309,台達化,47,5,42,新光-新竹,2024-09-18,8563
00951,台新日本半導體,42,0,42,新光-新竹,2024-09-18,8563
00687B,國泰20年美債,411,372,39,新光-新竹,2024-09-18,8563
2349,錸德,58,20,38,新光-新竹,2024-09-18,8563
4576,大銀微系統,41,6,35,新光-新竹,2024-09-18,8563
00740B,富邦全球投等債,34,0,34,新光-新竹,2024-09-18,8563
2371,大同,42,8,34,新光-新竹,2024-09-18,8563
00764B,群益25年美債,32,0,32,新光-新竹,2024-09-18,8563
3167,大量,44,12,32,新光-新竹,2024-09-18,8563
3264,欣銓,38,7,31,新光-新竹,2024-09-18,8563
2354,鴻準,33,2,31,新光-新竹,2024-09-18,8563
00878,國泰永續高股息,44,13,31,新光-新竹,2024-09-18,8563
4903,聯光通,61,31,30,新光-新竹,2024-09-18,8563
00631L,元大台灣50正2,66,37,29,新光-新竹,2024-09-18,8563
6187,萬潤,71,44,27,新光-新竹,2024-09-18,8563
00930,永豐ESG低碳高息,27,0,27,新光-新竹,2024-09-18,8563
2497,怡利電,55,29,26,新光-新竹,2024-09-18,8563
5534,長虹,27,1,26,新光-新竹,2024-09-18,8563
8234,新漢,25,0,25,新光-新竹,2024-09-18,8563
6016,康和證,25,0,25,新光-新竹,2024-09-18,8563
5347,世界,60,36,24,新光-新竹,2024-09-18,8563
3015,全漢,41,17,24,新光-新竹,2024-09-18,8563
2313,華通,60,38,22,新光-新竹,2024-09-18,8563
5225,東科-KY,22,0,22,新光-新竹,2024-09-18,8563
00939,統一台灣高息動能,22,0,22,新光-新竹,2024-09-18,8563
00751B,元大AAA至A公司債,27,5,22,新光-新竹,2024-09-18,8563
00712,復華富時不動產,3767,648,3119,新光-新竹,2024-09-19,8563
00948B,中信優息投資級債,913,210,703,新光-新竹,2024-09-19,8563
00679B,元大美債20年,746,111,635,新光-新竹,2024-09-19,8563
00937B,群益ESG投等債20,748,206,542,新光-新竹,2024-09-19,8563
00687B,國泰20年美債,716,264,452,新光-新竹,2024-09-19,8563
00706L,期元大S＆P日圓正2,613,219,394,新光-新竹,2024-09-19,8563
00929,復華台灣科技優息,396,26,370,新光-新竹,2024-09-19,8563
00919,群益台灣精選高息,278,26,252,新光-新竹,2024-09-19,8563
2891,中信金,245,39,206,新光-新竹,2024-09-19,8563
00795B,中信美國公債20年,174,2,172,新光-新竹,2024-09-19,8563
00930,永豐ESG低碳高息,103,0,103,新光-新竹,2024-09-19,8563
2633,台灣高鐵,100,0,100,新光-新竹,2024-09-19,8563
00915,凱基優選高股息30,92,10,82,新光-新竹,2024-09-19,8563
3049,精金,123,43,80,新光-新竹,2024-09-19,8563
2884,玉山金,74,4,70,新光-新竹,2024-09-19,8563
4102,永日,68,1,67,新光-新竹,2024-09-19,8563
00918,大華優利高填息30,67,1,66,新光-新竹,2024-09-19,8563
00933B,國泰10Y+金融債,72,10,62,新光-新竹,2024-09-19,8563
1314,中石化,76,21,55,新光-新竹,2024-09-19,8563
9935,慶豐富,67,15,52,新光-新竹,2024-09-19,8563
00959B,大華投等美債15Y+,50,0,50,新光-新竹,2024-09-19,8563
00788B,元大10年IG電能債,46,0,46,新光-新竹,2024-09-19,8563
3481,群創,51,6,45,新光-新竹,2024-09-19,8563
2399,映泰,280,237,43,新光-新竹,2024-09-19,8563
1432,大魯閣,40,0,40,新光-新竹,2024-09-19,8563
2511,太子,40,0,40,新光-新竹,2024-09-19,8563
1721,三晃,42,3,39,新光-新竹,2024-09-19,8563
2464,盟立,81,44,37,新光-新竹,2024-09-19,8563
00958B,永豐ESG銀行債15,35,0,35,新光-新竹,2024-09-19,8563
6143,振曜,49,17,32,新光-新竹,2024-09-19,8563
2062,橋椿,42,11,31,新光-新竹,2024-09-19,8563
00724B,群益投資級金融債,29,0,29,新光-新竹,2024-09-19,8563
4129,聯合,29,0,29,新光-新竹,2024-09-19,8563
2033,佳大,47,19,28,新光-新竹,2024-09-19,8563
00680L,元大美債20正2,487,460,27,新光-新竹,2024-09-19,8563
00957B,兆豐US優選投等債,27,0,27,新光-新竹,2024-09-19,8563
2337,旺宏,38,12,26,新光-新竹,2024-09-19,8563
3581,博磊,41,16,25,新光-新竹,2024-09-19,8563
4513,福裕,124,99,25,新光-新竹,2024-09-19,8563
3062,建漢,211,187,24,新光-新竹,2024-09-19,8563
3711,日月光投控,31,9,22,新光-新竹,2024-09-19,8563
1434,福懋,21,0,21,新光-新竹,2024-09-19,8563
00713,元大台灣高息低波,27,6,21,新光-新竹,2024-09-19,8563
00772B,中信高評級公司債,21,0,21,新光-新竹,2024-09-19,8563
4931,新盛力,23,4,19,新光-新竹,2024-09-19,8563
00753L,中信中國50正2,50,31,19,新光-新竹,2024-09-19,8563
6151,晉倫,23,5,18,新光-新竹,2024-09-19,8563
8234,新漢,18,0,18,新光-新竹,2024-09-19,8563
6416,瑞祺電通,18,0,18,新光-新竹,2024-09-19,8563
1815,富喬,17,0,17,新光-新竹,2024-09-19,8563
00687B,國泰20年美債,745,205,540,新光-新竹,2024-09-20,8563
00937B,群益ESG投等債20,639,124,515,新光-新竹,2024-09-20,8563
00632R,元大台灣50反1,730,250,480,新光-新竹,2024-09-20,8563
00679B,元大美債20年,492,66,426,新光-新竹,2024-09-20,8563
00712,復華富時不動產,507,117,390,新光-新竹,2024-09-20,8563
1721,三晃,369,13,356,新光-新竹,2024-09-20,8563
2888,新光金,317,68,249,新光-新竹,2024-09-20,8563
00795B,中信美國公債20年,161,1,160,新光-新竹,2024-09-20,8563
2542,興富發,159,28,131,新光-新竹,2024-09-20,8563
00948B,中信優息投資級債,109,9,100,新光-新竹,2024-09-20,8563
2547,日勝生,92,1,91,新光-新竹,2024-09-20,8563
2511,太子,90,0,90,新光-新竹,2024-09-20,8563
3481,群創,100,29,71,新光-新竹,2024-09-20,8563
00673R,期元大S＆P原油反1,70,0,70,新光-新竹,2024-09-20,8563
4720,德淵,70,0,70,新光-新竹,2024-09-20,8563
6133,金橋,80,12,68,新光-新竹,2024-09-20,8563
00764B,群益25年美債,83,20,63,新光-新竹,2024-09-20,8563
2883B,凱基金乙特,59,0,59,新光-新竹,2024-09-20,8563
4526,東台,81,24,57,新光-新竹,2024-09-20,8563
2641,正德,51,0,51,新光-新竹,2024-09-20,8563
00650L,復華香港正2,85,34,51,新光-新竹,2024-09-20,8563
00637L,元大滬深300正2,48,0,48,新光-新竹,2024-09-20,8563
3605,宏致,51,5,46,新光-新竹,2024-09-20,8563
1785,光洋科,166,121,45,新光-新竹,2024-09-20,8563
00960,野村全球航運龍頭,45,0,45,新光-新竹,2024-09-20,8563
1316,上曜,74,30,44,新光-新竹,2024-09-20,8563
00931B,統一美債20年,46,5,41,新光-新竹,2024-09-20,8563
2442,新美齊,44,5,39,新光-新竹,2024-09-20,8563
2313,華通,60,21,39,新光-新竹,2024-09-20,8563
2535,達欣工,52,14,38,新光-新竹,2024-09-20,8563
5347,世界,66,30,36,新光-新竹,2024-09-20,8563
00688L,國泰20年美債正2,165,129,36,新光-新竹,2024-09-20,8563
1903,士紙,69,33,36,新光-新竹,2024-09-20,8563
00958B,永豐ESG銀行債15,35,0,35,新光-新竹,2024-09-20,8563
6125,廣運,33,3,30,新光-新竹,2024-09-20,8563
4950,牧東,30,1,29,新光-新竹,2024-09-20,8563
2101,南港,40,12,28,新光-新竹,2024-09-20,8563
6757,台灣虎航,28,0,28,新光-新竹,2024-09-20,8563
2486,一詮,48,21,27,新光-新竹,2024-09-20,8563
4729,熒茂,43,16,27,新光-新竹,2024-09-20,8563
4303,信立,32,6,26,新光-新竹,2024-09-20,8563
3105,穩懋,33,8,25,新光-新竹,2024-09-20,8563
3716,中化控股,25,0,25,新光-新竹,2024-09-20,8563
00664R,國泰臺灣加權反1,25,0,25,新光-新竹,2024-09-20,8563
3689,湧德,58,33,25,新光-新竹,2024-09-20,8563
8906,花王,25,0,25,新光-新竹,2024-09-20,8563
9946,三發地產,28,3,25,新光-新竹,2024-09-20,8563
3413,京鼎,25,2,23,新光-新竹,2024-09-20,8563
00923,群益台ESG低碳50,23,1,22,新光-新竹,2024-09-20,8563
1314,中石化,83,62,21,新光-新竹,2024-09-20,8563
00679B,元大美債20年,397,35,362,新光-新竹,2024-09-23,8563
00919,群益台灣精選高息,342,46,296,新光-新竹,2024-09-23,8563
2883,凱基金,287,16,271,新光-新竹,2024-09-23,8563
00948B,中信優息投資級債,217,40,177,新光-新竹,2024-09-23,8563
00680L,元大美債20正2,304,142,162,新光-新竹,2024-09-23,8563
3715,定穎投控,229,100,129,新光-新竹,2024-09-23,8563
00753L,中信中國50正2,120,5,115,新光-新竹,2024-09-23,8563
00688L,國泰20年美債正2,207,102,105,新光-新竹,2024-09-23,8563
00706L,期元大S＆P日圓正2,124,25,99,新光-新竹,2024-09-23,8563
4523,永彰,78,0,78,新光-新竹,2024-09-23,8563
00687B,國泰20年美債,411,336,75,新光-新竹,2024-09-23,8563
1727,中華化,111,39,72,新光-新竹,2024-09-23,8563
00725B,國泰投資級公司債,71,0,71,新光-新竹,2024-09-23,8563
00632R,元大台灣50反1,70,0,70,新光-新竹,2024-09-23,8563
3481,群創,109,51,58,新光-新竹,2024-09-23,8563
00857B,永豐20年美公債,54,6,48,新光-新竹,2024-09-23,8563
00946,群益科技高息成長,51,9,42,新光-新竹,2024-09-23,8563
4716,大立,62,21,41,新光-新竹,2024-09-23,8563
00633L,富邦上証正2,40,0,40,新光-新竹,2024-09-23,8563
6217,中探針,40,0,40,新光-新竹,2024-09-23,8563
2542,興富發,96,57,39,新光-新竹,2024-09-23,8563
8027,鈦昇,82,45,37,新光-新竹,2024-09-23,8563
00915,凱基優選高股息30,37,1,36,新光-新竹,2024-09-23,8563
1524,耿鼎,42,8,34,新光-新竹,2024-09-23,8563
1314,中石化,79,45,34,新光-新竹,2024-09-23,8563
2385,群光,37,5,32,新光-新竹,2024-09-23,8563
4931,新盛力,31,0,31,新光-新竹,2024-09-23,8563
1536,和大,65,34,31,新光-新竹,2024-09-23,8563
6125,廣運,35,5,30,新光-新竹,2024-09-23,8563
00664R,國泰臺灣加權反1,50,20,30,新光-新竹,2024-09-23,8563
00674R,期元大S＆P黃金反1,30,0,30,新光-新竹,2024-09-23,8563
8466,美吉吉-KY,30,3,27,新光-新竹,2024-09-23,8563
2535,達欣工,29,4,25,新光-新竹,2024-09-23,8563
00740B,富邦全球投等債,24,0,24,新光-新竹,2024-09-23,8563
2367,燿華,28,4,24,新光-新竹,2024-09-23,8563
6144,得利影,24,0,24,新光-新竹,2024-09-23,8563
00958B,永豐ESG銀行債15,22,0,22,新光-新竹,2024-09-23,8563
9946,三發地產,36,15,21,新光-新竹,2024-09-23,8563
6177,達麗,29,8,21,新光-新竹,2024-09-23,8563
00878,國泰永續高股息,34,13,21,新光-新竹,2024-09-23,8563
4532,瑞智,20,0,20,新光-新竹,2024-09-23,8563
00911,兆豐洲際半導體,20,0,20,新光-新竹,2024-09-23,8563
9958,世紀鋼,26,6,20,新光-新竹,2024-09-23,8563
8420,明揚,19,0,19,新光-新竹,2024-09-23,8563
2605,新興,20,1,19,新光-新竹,2024-09-23,8563
5483,中美晶,18,0,18,新光-新竹,2024-09-23,8563
1708,東鹼,21,3,18,新光-新竹,2024-09-23,8563
3149,正達,34,16,18,新光-新竹,2024-09-23,8563
00724B,群益投資級金融債,18,0,18,新光-新竹,2024-09-23,8563
2374,佳能,18,0,18,新光-新竹,2024-09-23,8563
2399,映泰,462,178,284,新光-新竹,2024-09-24,8563
2615,萬海,380,165,215,新光-新竹,2024-09-24,8563
00753L,中信中國50正2,222,56,166,新光-新竹,2024-09-24,8563
00937B,群益ESG投等債20,182,42,140,新光-新竹,2024-09-24,8563
2891,中信金,192,56,136,新光-新竹,2024-09-24,8563
00687B,國泰20年美債,456,325,131,新光-新竹,2024-09-24,8563
00919,群益台灣精選高息,399,275,124,新光-新竹,2024-09-24,8563
2609,陽明,391,268,123,新光-新竹,2024-09-24,8563
00948B,中信優息投資級債,150,34,116,新光-新竹,2024-09-24,8563
00918,大華優利高填息30,117,17,100,新光-新竹,2024-09-24,8563
5328,華容,90,0,90,新光-新竹,2024-09-24,8563
3481,群創,160,74,86,新光-新竹,2024-09-24,8563
00795B,中信美國公債20年,84,2,82,新光-新竹,2024-09-24,8563
00927,群益半導體收益,85,4,81,新光-新竹,2024-09-24,8563
2888,新光金,91,16,75,新光-新竹,2024-09-24,8563
2408,南亞科,75,2,73,新光-新竹,2024-09-24,8563
00632R,元大台灣50反1,115,50,65,新光-新竹,2024-09-24,8563
00715L,期街口布蘭特正2,93,29,64,新光-新竹,2024-09-24,8563
3673,TPK-KY,81,18,63,新光-新竹,2024-09-24,8563
00915,凱基優選高股息30,62,2,60,新光-新竹,2024-09-24,8563
2367,燿華,53,0,53,新光-新竹,2024-09-24,8563
2313,華通,115,74,41,新光-新竹,2024-09-24,8563
00929,復華台灣科技優息,172,131,41,新光-新竹,2024-09-24,8563
3703,欣陸,40,1,39,新光-新竹,2024-09-24,8563
00720B,元大投資級公司債,38,0,38,新光-新竹,2024-09-24,8563
9945,潤泰新,67,29,38,新光-新竹,2024-09-24,8563
8111,立��,73,36,37,新光-新竹,2024-09-24,8563
00712,復華富時不動產,66,31,35,新光-新竹,2024-09-24,8563
00957B,兆豐US優選投等債,38,4,34,新光-新竹,2024-09-24,8563
00740B,富邦全球投等債,33,0,33,新光-新竹,2024-09-24,8563
8473,山林水,35,3,32,新光-新竹,2024-09-24,8563
1584,精剛,48,16,32,新光-新竹,2024-09-24,8563
00772B,中信高評級公司債,43,12,31,新光-新竹,2024-09-24,8563
2344,華邦電,33,5,28,新光-新竹,2024-09-24,8563
0056,元大高股息,34,6,28,新光-新竹,2024-09-24,8563
4576,大銀微系統,30,3,27,新光-新竹,2024-09-24,8563
2388,威盛,80,54,26,新光-新竹,2024-09-24,8563
6405,悅城,78,52,26,新光-新竹,2024-09-24,8563
00633L,富邦上証正2,50,24,26,新光-新竹,2024-09-24,8563
3030,德律,25,0,25,新光-新竹,2024-09-24,8563
3149,正達,288,263,25,新光-新竹,2024-09-24,8563
2454,聯發科,27,2,25,新光-新竹,2024-09-24,8563
00706L,期元大S＆P日圓正2,25,0,25,新光-新竹,2024-09-24,8563
00688L,國泰20年美債正2,108,84,24,新光-新竹,2024-09-24,8563
5388,中磊,25,1,24,新光-新竹,2024-09-24,8563
3374,精材,58,34,24,新光-新竹,2024-09-24,8563
00960,野村全球航運龍頭,31,8,23,新光-新竹,2024-09-24,8563
00724B,群益投資級金融債,22,0,22,新光-新竹,2024-09-24,8563
6442,光聖,33,11,22,新光-新竹,2024-09-24,8563
00958B,永豐ESG銀行債15,22,0,22,新光-新竹,2024-09-24,8563
00687B,國泰20年美債,621,74,547,新光-新竹,2024-09-25,8563
2449,京元電子,287,15,272,新光-新竹,2024-09-25,8563
00934,中信成長高股息,257,7,250,新光-新竹,2024-09-25,8563
00929,復華台灣科技優息,407,166,241,新光-新竹,2024-09-25,8563
00948B,中信優息投資級債,246,12,234,新光-新竹,2024-09-25,8563
3019,亞光,254,23,231,新光-新竹,2024-09-25,8563
912000,晨訊科-DR,200,0,200,新光-新竹,2024-09-25,8563
3715,定穎投控,206,66,140,新光-新竹,2024-09-25,8563
00679B,元大美債20年,234,94,140,新光-新竹,2024-09-25,8563
2615,萬海,571,454,117,新光-新竹,2024-09-25,8563
2883,凱基金,694,578,116,新光-新竹,2024-09-25,8563
5328,華容,90,2,88,新光-新竹,2024-09-25,8563
2330,台積電,131,57,74,新光-新竹,2024-09-25,8563
00945B,凱基美國非投等債,71,0,71,新光-新竹,2024-09-25,8563
00680L,元大美債20正2,278,208,70,新光-新竹,2024-09-25,8563
00795B,中信美國公債20年,68,2,66,新光-新竹,2024-09-25,8563
00960,野村全球航運龍頭,101,42,59,新光-新竹,2024-09-25,8563
8429,金麗-KY,60,2,58,新光-新竹,2024-09-25,8563
2312,金寶,60,2,58,新光-新竹,2024-09-25,8563
6506,雙邦,83,27,56,新光-新竹,2024-09-25,8563
00933B,國泰10Y+金融債,53,5,48,新光-新竹,2024-09-25,8563
2355,敬鵬,50,2,48,新光-新竹,2024-09-25,8563
3209,全科,71,26,45,新光-新竹,2024-09-25,8563
00957B,兆豐US優選投等債,42,0,42,新光-新竹,2024-09-25,8563
1314,中石化,40,1,39,新光-新竹,2024-09-25,8563
2610,華航,46,7,39,新光-新竹,2024-09-25,8563
4129,聯合,38,0,38,新光-新竹,2024-09-25,8563
00665L,富邦�琤肭磪囓�2,55,20,35,新光-新竹,2024-09-25,8563
3030,德律,35,0,35,新光-新竹,2024-09-25,8563
1815,富喬,42,8,34,新光-新竹,2024-09-25,8563
00772B,中信高評級公司債,33,0,33,新光-新竹,2024-09-25,8563
00891,中信關鍵半導體,61,28,33,新光-新竹,2024-09-25,8563
3481,群創,75,44,31,新光-新竹,2024-09-25,8563
8071,能率網通,35,4,31,新光-新竹,2024-09-25,8563
00738U,期元大道瓊白銀,30,0,30,新光-新竹,2024-09-25,8563
00725B,國泰投資級公司債,46,16,30,新光-新竹,2024-09-25,8563
9907,統一實,31,4,27,新光-新竹,2024-09-25,8563
6279,胡連,41,14,27,新光-新竹,2024-09-25,8563
3694,海華,25,0,25,新光-新竹,2024-09-25,8563
4414,如興,25,0,25,新光-新竹,2024-09-25,8563
3645,達邁,23,0,23,新光-新竹,2024-09-25,8563
3105,穩懋,25,2,23,新光-新竹,2024-09-25,8563
1626,艾美特-KY,22,0,22,新光-新竹,2024-09-25,8563
00713,元大台灣高息低波,23,1,22,新光-新竹,2024-09-25,8563
4513,福裕,56,35,21,新光-新竹,2024-09-25,8563
6530,創威,23,2,21,新光-新竹,2024-09-25,8563
00830,國泰費城半導體,22,2,20,新光-新竹,2024-09-25,8563
8039,台虹,20,0,20,新光-新竹,2024-09-25,8563
4526,東台,32,13,19,新光-新竹,2024-09-25,8563
8086,宏捷科,32,14,18,新光-新竹,2024-09-25,8563
00948B,中信優息投資級債,519,152,367,新光-新竹,2024-09-26,8563
00687B,國泰20年美債,405,88,317,新光-新竹,2024-09-26,8563
00688L,國泰20年美債正2,246,45,201,新光-新竹,2024-09-26,8563
00937B,群益ESG投等債20,456,263,193,新光-新竹,2024-09-26,8563
00712,復華富時不動產,311,131,180,新光-新竹,2024-09-26,8563
1815,富喬,158,0,158,新光-新竹,2024-09-26,8563
00679B,元大美債20年,219,74,145,新光-新竹,2024-09-26,8563
00753L,中信中國50正2,194,84,110,新光-新竹,2024-09-26,8563
2406,國碩,91,0,91,新光-新竹,2024-09-26,8563
00919,群益台灣精選高息,124,34,90,新光-新竹,2024-09-26,8563
00680L,元大美債20正2,266,185,81,新光-新竹,2024-09-26,8563
00795B,中信美國公債20年,83,6,77,新光-新竹,2024-09-26,8563
3019,亞光,111,41,70,新光-新竹,2024-09-26,8563
00751B,元大AAA至A公司債,67,1,66,新光-新竹,2024-09-26,8563
00945B,凱基美國非投等債,63,0,63,新光-新竹,2024-09-26,8563
00960,野村全球航運龍頭,243,181,62,新光-新竹,2024-09-26,8563
00665L,富邦�琤肭磪囓�2,235,174,61,新光-新竹,2024-09-26,8563
2313,華通,63,3,60,新光-新竹,2024-09-26,8563
3013,晟銘電,137,79,58,新光-新竹,2024-09-26,8563
1785,光洋科,110,56,54,新光-新竹,2024-09-26,8563
2455,全新,112,60,52,新光-新竹,2024-09-26,8563
3605,宏致,105,54,51,新光-新竹,2024-09-26,8563
2312,金寶,150,99,51,新光-新竹,2024-09-26,8563
6438,迅得,65,16,49,新光-新竹,2024-09-26,8563
2371,大同,81,33,48,新光-新竹,2024-09-26,8563
00720B,元大投資級公司債,45,1,44,新光-新竹,2024-09-26,8563
2613,中櫃,106,62,44,新光-新竹,2024-09-26,8563
4510,高鋒,48,6,42,新光-新竹,2024-09-26,8563
2101,南港,40,0,40,新光-新竹,2024-09-26,8563
3550,聯穎,54,16,38,新光-新竹,2024-09-26,8563
00857B,永豐20年美公債,37,0,37,新光-新竹,2024-09-26,8563
1709,和益,40,3,37,新光-新竹,2024-09-26,8563
1905,華紙,47,13,34,新光-新竹,2024-09-26,8563
1519,華城,55,22,33,新光-新竹,2024-09-26,8563
6279,胡連,45,12,33,新光-新竹,2024-09-26,8563
8110,華東,59,26,33,新光-新竹,2024-09-26,8563
2477,美隆電,32,0,32,新光-新竹,2024-09-26,8563
9105,泰金寶-DR,36,5,31,新光-新竹,2024-09-26,8563
4931,新盛力,29,0,29,新光-新竹,2024-09-26,8563
3260,威剛,79,51,28,新光-新竹,2024-09-26,8563
2426,鼎元,41,16,25,新光-新竹,2024-09-26,8563
00764B,群益25年美債,36,11,25,新光-新竹,2024-09-26,8563
00696B,富邦美債20年,24,0,24,新光-新竹,2024-09-26,8563
00915,凱基優選高股息30,24,1,23,新光-新竹,2024-09-26,8563
2801,彰銀,22,0,22,新光-新竹,2024-09-26,8563
2501,國建,22,1,21,新光-新竹,2024-09-26,8563
00898,國泰基因免疫革命,20,0,20,新光-新竹,2024-09-26,8563
5328,華容,20,0,20,新光-新竹,2024-09-26,8563
6609,瀧澤科,39,20,19,新光-新竹,2024-09-26,8563
2641,正德,21,2,19,新光-新竹,2024-09-26,8563
00633L,富邦上証正2,714,88,626,新光-新竹,2024-09-27,8563
00680L,元大美債20正2,660,70,590,新光-新竹,2024-09-27,8563
00937B,群益ESG投等債20,689,249,440,新光-新竹,2024-09-27,8563
00687B,國泰20年美債,528,140,388,新光-新竹,2024-09-27,8563
00948B,中信優息投資級債,422,138,284,新光-新竹,2024-09-27,8563
00671R,富邦NASDAQ反1,200,0,200,新光-新竹,2024-09-27,8563
00679B,元大美債20年,231,38,193,新光-新竹,2024-09-27,8563
00632R,元大台灣50反1,223,78,145,新光-新竹,2024-09-27,8563
00715L,期街口布蘭特正2,163,31,132,新光-新竹,2024-09-27,8563
2888,新光金,148,21,127,新光-新竹,2024-09-27,8563
00665L,富邦�琤肭磪囓�2,313,191,122,新光-新竹,2024-09-27,8563
3605,宏致,124,10,114,新光-新竹,2024-09-27,8563
4958,臻鼎-KY,111,4,107,新光-新竹,2024-09-27,8563
3703,欣陸,104,0,104,新光-新竹,2024-09-27,8563
00945B,凱基美國非投等債,101,0,101,新光-新竹,2024-09-27,8563
912000,晨訊科-DR,100,0,100,新光-新竹,2024-09-27,8563
1785,光洋科,112,39,73,新光-新竹,2024-09-27,8563
00960,野村全球航運龍頭,173,114,59,新光-新竹,2024-09-27,8563
2363,矽統,155,103,52,新光-新竹,2024-09-27,8563
5328,華容,53,2,51,新光-新竹,2024-09-27,8563
6510,精測,56,7,49,新光-新竹,2024-09-27,8563
2891,中信金,213,164,49,新光-新竹,2024-09-27,8563
00642U,期元大S＆P石油,48,0,48,新光-新竹,2024-09-27,8563
00958B,永豐ESG銀行債15,48,0,48,新光-新竹,2024-09-27,8563
4562,穎漢,60,13,47,新光-新竹,2024-09-27,8563
4549,桓達,52,6,46,新光-新竹,2024-09-27,8563
00712,復華富時不動產,78,33,45,新光-新竹,2024-09-27,8563
3711,日月光投控,66,23,43,新光-新竹,2024-09-27,8563
00706L,期元大S＆P日圓正2,47,9,38,新光-新竹,2024-09-27,8563
5388,中磊,53,15,38,新光-新竹,2024-09-27,8563
00720B,元大投資級公司債,61,23,38,新光-新竹,2024-09-27,8563
00713,元大台灣高息低波,39,2,37,新光-新竹,2024-09-27,8563
2402,毅嘉,50,13,37,新光-新竹,2024-09-27,8563
00933B,國泰10Y+金融債,37,4,33,新光-新竹,2024-09-27,8563
4414,如興,30,0,30,新光-新竹,2024-09-27,8563
00654R,富邦印度反1,30,0,30,新光-新竹,2024-09-27,8563
00688L,國泰20年美債正2,135,105,30,新光-新竹,2024-09-27,8563
1307,三芳,30,0,30,新光-新竹,2024-09-27,8563
8429,金麗-KY,32,2,30,新光-新竹,2024-09-27,8563
8096,擎亞,51,21,30,新光-新竹,2024-09-27,8563
1708,東鹼,47,18,29,新光-新竹,2024-09-27,8563
2388,威盛,144,117,27,新光-新竹,2024-09-27,8563
00919,群益台灣精選高息,92,65,27,新光-新竹,2024-09-27,8563
00929,復華台灣科技優息,129,102,27,新光-新竹,2024-09-27,8563
4123,晟德,26,0,26,新光-新竹,2024-09-27,8563
6279,胡連,27,1,26,新光-新竹,2024-09-27,8563
6202,盛群,43,17,26,新光-新竹,2024-09-27,8563
1815,富喬,26,0,26,新光-新竹,2024-09-27,8563
2501,國建,25,0,25,新光-新竹,2024-09-27,8563
2834,臺企銀,29,5,24,新光-新竹,2024-09-27,8563
00688L,國泰20年美債正2,882,115,767,新光-新竹,2024-09-30,8563
00937B,群益ESG投等債20,627,20,607,新光-新竹,2024-09-30,8563
00632R,元大台灣50反1,646,230,416,新光-新竹,2024-09-30,8563
00680L,元大美債20正2,308,29,279,新光-新竹,2024-09-30,8563
00929,復華台灣科技優息,365,99,266,新光-新竹,2024-09-30,8563
00919,群益台灣精選高息,366,127,239,新光-新竹,2024-09-30,8563
00679B,元大美債20年,253,29,224,新光-新竹,2024-09-30,8563
00633L,富邦上証正2,223,10,213,新光-新竹,2024-09-30,8563
2615,萬海,329,205,124,新光-新竹,2024-09-30,8563
00923,群益台ESG低碳50,125,2,123,新光-新竹,2024-09-30,8563
2406,國碩,100,0,100,新光-新竹,2024-09-30,8563
00927,群益半導體收益,99,0,99,新光-新竹,2024-09-30,8563
00878,國泰永續高股息,115,24,91,新光-新竹,2024-09-30,8563
00687B,國泰20年美債,236,153,83,新光-新竹,2024-09-30,8563
00882,中信中國高股息,319,237,82,新光-新竹,2024-09-30,8563
0056,元大高股息,90,9,81,新光-新竹,2024-09-30,8563
00795B,中信美國公債20年,77,6,71,新光-新竹,2024-09-30,8563
5905,南仁湖,71,1,70,新光-新竹,2024-09-30,8563
00907,永豐優息存股,65,0,65,新光-新竹,2024-09-30,8563
00940,元大台灣價值高息,109,47,62,新光-新竹,2024-09-30,8563
2330,台積電,103,43,60,新光-新竹,2024-09-30,8563
2498,宏達電,77,18,59,新光-新竹,2024-09-30,8563
1595,川寶,90,32,58,新光-新竹,2024-09-30,8563
3015,全漢,54,0,54,新光-新竹,2024-09-30,8563
1815,富喬,56,2,54,新光-新竹,2024-09-30,8563
00933B,國泰10Y+金融債,50,0,50,新光-新竹,2024-09-30,8563
2511,太子,50,0,50,新光-新竹,2024-09-30,8563
00675L,富邦臺灣加權正2,89,40,49,新光-新竹,2024-09-30,8563
2388,威盛,75,30,45,新光-新竹,2024-09-30,8563
00945B,凱基美國非投等債,45,0,45,新光-新竹,2024-09-30,8563
2609,陽明,159,114,45,新光-新竹,2024-09-30,8563
3189,景碩,83,40,43,新光-新竹,2024-09-30,8563
4909,新復興,81,41,40,新光-新竹,2024-09-30,8563
00779B,凱基美債25+,40,0,40,新光-新竹,2024-09-30,8563
2014,中鴻,261,222,39,新光-新竹,2024-09-30,8563
2501,國建,40,2,38,新光-新竹,2024-09-30,8563
1909,榮成,38,0,38,新光-新竹,2024-09-30,8563
3711,日月光投控,39,2,37,新光-新竹,2024-09-30,8563
2605,新興,65,29,36,新光-新竹,2024-09-30,8563
00700,富邦�琤肭磪�,34,0,34,新光-新竹,2024-09-30,8563
00922,國泰台灣領袖50,107,74,33,新光-新竹,2024-09-30,8563
00946,群益科技高息成長,33,0,33,新光-新竹,2024-09-30,8563
00947,台新臺灣IC設計,33,0,33,新光-新竹,2024-09-30,8563
2316,楠梓電,43,12,31,新光-新竹,2024-09-30,8563
00935,野村臺灣新科技50,30,0,30,新光-新竹,2024-09-30,8563
00857B,永豐20年美公債,35,5,30,新光-新竹,2024-09-30,8563
2022,聚亨,41,11,30,新光-新竹,2024-09-30,8563
1802,台玻,60,31,29,新光-新竹,2024-09-30,8563
1432,大魯閣,31,2,29,新光-新竹,2024-09-30,8563
00918,大華優利高填息30,100,71,29,新光-新竹,2024-09-30,8563
00929,復華台灣科技優息,280,2,278,新光-新竹,2024-10-01,8563
2399,映泰,362,88,274,新光-新竹,2024-10-01,8563
00679B,元大美債20年,212,37,175,新光-新竹,2024-10-01,8563
0056,元大高股息,143,10,133,新光-新竹,2024-10-01,8563
00878,國泰永續高股息,131,11,120,新光-新竹,2024-10-01,8563
3481,群創,256,139,117,新光-新竹,2024-10-01,8563
00671R,富邦NASDAQ反1,100,0,100,新光-新竹,2024-10-01,8563
00891,中信關鍵半導體,90,1,89,新光-新竹,2024-10-01,8563
00919,群益台灣精選高息,136,54,82,新光-新竹,2024-10-01,8563
00753L,中信中國50正2,250,168,82,新光-新竹,2024-10-01,8563
6274,台燿,72,9,63,新光-新竹,2024-10-01,8563
00795B,中信美國公債20年,60,0,60,新光-新竹,2024-10-01,8563
00665L,富邦�琤肭磪囓�2,60,0,60,新光-新竹,2024-10-01,8563
9958,世紀鋼,69,10,59,新光-新竹,2024-10-01,8563
00680L,元大美債20正2,70,15,55,新光-新竹,2024-10-01,8563
00687B,國泰20年美債,236,189,47,新光-新竹,2024-10-01,8563
4958,臻鼎-KY,46,1,45,新光-新竹,2024-10-01,8563
2337,旺宏,47,3,44,新光-新竹,2024-10-01,8563
00706L,期元大S＆P日圓正2,53,10,43,新光-新竹,2024-10-01,8563
00857B,永豐20年美公債,41,0,41,新光-新竹,2024-10-01,8563
2891,中信金,114,74,40,新光-新竹,2024-10-01,8563
2317,鴻海,228,189,39,新光-新竹,2024-10-01,8563
2883,凱基金,38,1,37,新光-新竹,2024-10-01,8563
3710,連展投控,41,4,37,新光-新竹,2024-10-01,8563
2498,宏達電,134,99,35,新光-新竹,2024-10-01,8563
00923,群益台ESG低碳50,34,0,34,新光-新竹,2024-10-01,8563
00933B,國泰10Y+金融債,34,0,34,新光-新竹,2024-10-01,8563
2888,新光金,47,13,34,新光-新竹,2024-10-01,8563
00713,元大台灣高息低波,33,0,33,新光-新竹,2024-10-01,8563
6248,沛波,32,0,32,新光-新竹,2024-10-01,8563
00922,國泰台灣領袖50,52,20,32,新光-新竹,2024-10-01,8563
00915,凱基優選高股息30,31,0,31,新光-新竹,2024-10-01,8563
4174,浩鼎,46,17,29,新光-新竹,2024-10-01,8563
2501,國建,30,1,29,新光-新竹,2024-10-01,8563
3689,湧德,28,0,28,新光-新竹,2024-10-01,8563
1736,喬山,25,0,25,新光-新竹,2024-10-01,8563
1434,福懋,25,0,25,新光-新竹,2024-10-01,8563
2929,淘帝-KY,30,6,24,新光-新竹,2024-10-01,8563
5871,中租-KY,54,30,24,新光-新竹,2024-10-01,8563
3105,穩懋,30,8,22,新光-新竹,2024-10-01,8563
00927,群益半導體收益,21,0,21,新光-新竹,2024-10-01,8563
1307,三芳,21,0,21,新光-新竹,2024-10-01,8563
3715,定穎投控,44,23,21,新光-新竹,2024-10-01,8563
6603,富強鑫,20,0,20,新光-新竹,2024-10-01,8563
1806,冠軍,20,0,20,新光-新竹,2024-10-01,8563
2103,台橡,20,0,20,新光-新竹,2024-10-01,8563
1720,生達,19,0,19,新光-新竹,2024-10-01,8563
3234,光環,20,1,19,新光-新竹,2024-10-01,8563
00772B,中信高評級公司債,19,0,19,新光-新竹,2024-10-01,8563
4974,亞泰,20,1,19,新光-新竹,2024-10-01,8563
00919,群益台灣精選高息,800,36,764,新光-新竹,2024-10-04,8563
0056,元大高股息,426,5,421,新光-新竹,2024-10-04,8563
00688L,國泰20年美債正2,278,40,238,新光-新竹,2024-10-04,8563
2349,錸德,215,12,203,新光-新竹,2024-10-04,8563
00679B,元大美債20年,225,43,182,新光-新竹,2024-10-04,8563
00753L,中信中國50正2,580,407,173,新光-新竹,2024-10-04,8563
00937B,群益ESG投等債20,189,22,167,新光-新竹,2024-10-04,8563
00673R,期元大S＆P原油反1,126,0,126,新光-新竹,2024-10-04,8563
5876,上海商銀,121,0,121,新光-新竹,2024-10-04,8563
6873,泓德能源,188,76,112,新光-新竹,2024-10-04,8563
2618,長榮航,111,10,101,新光-新竹,2024-10-04,8563
00671R,富邦NASDAQ反1,100,0,100,新光-新竹,2024-10-04,8563
2609,陽明,175,93,82,新光-新竹,2024-10-04,8563
00918,大華優利高填息30,81,0,81,新光-新竹,2024-10-04,8563
00878,國泰永續高股息,108,28,80,新光-新竹,2024-10-04,8563
00706L,期元大S＆P日圓正2,83,4,79,新光-新竹,2024-10-04,8563
2489,瑞軒,82,6,76,新光-新竹,2024-10-04,8563
00922,國泰台灣領袖50,75,0,75,新光-新竹,2024-10-04,8563
3037,欣興,77,7,70,新光-新竹,2024-10-04,8563
2603,長榮,104,35,69,新光-新竹,2024-10-04,8563
1710,東聯,81,12,69,新光-新竹,2024-10-04,8563
00887,永豐中國科技50大,224,160,64,新光-新竹,2024-10-04,8563
4306,炎洲,64,0,64,新光-新竹,2024-10-04,8563
2890,永豐金,62,0,62,新光-新竹,2024-10-04,8563
2884,玉山金,60,0,60,新光-新竹,2024-10-04,8563
2511,太子,60,0,60,新光-新竹,2024-10-04,8563
1785,光洋科,64,5,59,新光-新竹,2024-10-04,8563
00725B,國泰投資級公司債,58,0,58,新光-新竹,2024-10-04,8563
2535,達欣工,50,0,50,新光-新竹,2024-10-04,8563
00915,凱基優選高股息30,60,10,50,新光-新竹,2024-10-04,8563
00948B,中信優息投資級債,109,63,46,新光-新竹,2024-10-04,8563
2610,華航,82,36,46,新光-新竹,2024-10-04,8563
00933B,國泰10Y+金融債,45,5,40,新光-新竹,2024-10-04,8563
2834,臺企銀,45,6,39,新光-新竹,2024-10-04,8563
9945,潤泰新,40,2,38,新光-新竹,2024-10-04,8563
00751B,元大AAA至A公司債,41,3,38,新光-新竹,2024-10-04,8563
2883B,凱基金乙特,37,0,37,新光-新竹,2024-10-04,8563
6139,亞翔,43,7,36,新光-新竹,2024-10-04,8563
00936,台新永續高息中小,36,1,35,新光-新竹,2024-10-04,8563
2495,普安,34,0,34,新光-新竹,2024-10-04,8563
00934,中信成長高股息,37,3,34,新光-新竹,2024-10-04,8563
3189,景碩,210,177,33,新光-新竹,2024-10-04,8563
2303,聯電,35,3,32,新光-新竹,2024-10-04,8563
4414,如興,32,0,32,新光-新竹,2024-10-04,8563
2867,三商壽,30,0,30,新光-新竹,2024-10-04,8563
00795B,中信美國公債20年,41,14,27,新光-新竹,2024-10-04,8563
6805,富世達,33,6,27,新光-新竹,2024-10-04,8563
1216,統一,26,0,26,新光-新竹,2024-10-04,8563
5230,雷笛克光學,27,1,26,新光-新竹,2024-10-04,8563
1806,冠軍,25,0,25,新光-新竹,2024-10-04,8563
00712,復華富時不動產,1425,0,1425,新光-新竹,2024-10-07,8563
8429,金麗-KY,446,17,429,新光-新竹,2024-10-07,8563
00753L,中信中國50正2,755,375,380,新光-新竹,2024-10-07,8563
00919,群益台灣精選高息,276,19,257,新光-新竹,2024-10-07,8563
00680L,元大美債20正2,331,156,175,新光-新竹,2024-10-07,8563
0056,元大高股息,187,17,170,新光-新竹,2024-10-07,8563
00637L,元大滬深300正2,296,144,152,新光-新竹,2024-10-07,8563
1710,東聯,151,0,151,新光-新竹,2024-10-07,8563
00882,中信中國高股息,555,422,133,新光-新竹,2024-10-07,8563
00725B,國泰投資級公司債,122,0,122,新光-新竹,2024-10-07,8563
00688L,國泰20年美債正2,203,82,121,新光-新竹,2024-10-07,8563
5876,上海商銀,118,0,118,新光-新竹,2024-10-07,8563
2313,華通,111,4,107,新光-新竹,2024-10-07,8563
6438,迅得,110,11,99,新光-新竹,2024-10-07,8563
2317,鴻海,196,97,99,新光-新竹,2024-10-07,8563
00795B,中信美國公債20年,109,14,95,新光-新竹,2024-10-07,8563
00673R,期元大S＆P原油反1,91,3,88,新光-新竹,2024-10-07,8563
00713,元大台灣高息低波,86,4,82,新光-新竹,2024-10-07,8563
00905,FT臺灣Smart,97,19,78,新光-新竹,2024-10-07,8563
00752,中信中國50,91,20,71,新光-新竹,2024-10-07,8563
00664R,國泰臺灣加權反1,70,0,70,新光-新竹,2024-10-07,8563
00878,國泰永續高股息,153,90,63,新光-新竹,2024-10-07,8563
00651R,復華香港反1,61,0,61,新光-新竹,2024-10-07,8563
00665L,富邦�琤肭磪囓�2,127,67,60,新光-新竹,2024-10-07,8563
1806,冠軍,55,0,55,新光-新竹,2024-10-07,8563
00933B,國泰10Y+金融債,53,1,52,新光-新竹,2024-10-07,8563
2356,英業達,81,29,52,新光-新竹,2024-10-07,8563
1316,上曜,51,0,51,新光-新竹,2024-10-07,8563
2388,威盛,75,24,51,新光-新竹,2024-10-07,8563
00877,復華中國5G,55,5,50,新光-新竹,2024-10-07,8563
2382,廣達,57,8,49,新光-新竹,2024-10-07,8563
00948B,中信優息投資級債,228,180,48,新光-新竹,2024-10-07,8563
00706L,期元大S＆P日圓正2,79,32,47,新光-新竹,2024-10-07,8563
2349,錸德,35,1,34,新光-新竹,2024-10-07,8563
1416,廣豐,35,2,33,新光-新竹,2024-10-07,8563
3550,聯穎,75,43,32,新光-新竹,2024-10-07,8563
00922,國泰台灣領袖50,34,2,32,新光-新竹,2024-10-07,8563
5225,東科-KY,32,2,30,新光-新竹,2024-10-07,8563
2316,楠梓電,76,48,28,新光-新竹,2024-10-07,8563
6605,帝寶,29,1,28,新光-新竹,2024-10-07,8563
00887,永豐中國科技50大,424,397,27,新光-新竹,2024-10-07,8563
4909,新復興,71,44,27,新光-新竹,2024-10-07,8563
3049,精金,46,19,27,新光-新竹,2024-10-07,8563
3062,建漢,31,4,27,新光-新竹,2024-10-07,8563
3705,永信,25,0,25,新光-新竹,2024-10-07,8563
9904,寶成,50,25,25,新光-新竹,2024-10-07,8563
1702,南僑,26,2,24,新光-新竹,2024-10-07,8563
2601,益航,96,72,24,新光-新竹,2024-10-07,8563
2801,彰銀,30,6,24,新光-新竹,2024-10-07,8563
00915,凱基優選高股息30,30,7,23,新光-新竹,2024-10-07,8563
00712,復華富時不動產,949,73,876,新光-新竹,2024-10-08,8563
2883,凱基金,628,55,573,新光-新竹,2024-10-08,8563
00688L,國泰20年美債正2,471,10,461,新光-新竹,2024-10-08,8563
00637L,元大滬深300正2,929,487,442,新光-新竹,2024-10-08,8563
00948B,中信優息投資級債,387,64,323,新光-新竹,2024-10-08,8563
00680L,元大美債20正2,354,125,229,新光-新竹,2024-10-08,8563
00937B,群益ESG投等債20,343,117,226,新光-新竹,2024-10-08,8563
3481,群創,248,27,221,新光-新竹,2024-10-08,8563
00929,復華台灣科技優息,271,50,221,新光-新竹,2024-10-08,8563
00919,群益台灣精選高息,256,53,203,新光-新竹,2024-10-08,8563
0056,元大高股息,180,1,179,新光-新竹,2024-10-08,8563
00922,國泰台灣領袖50,133,3,130,新光-新竹,2024-10-08,8563
2103,台橡,147,21,126,新光-新竹,2024-10-08,8563
2884,玉山金,114,0,114,新光-新竹,2024-10-08,8563
00673R,期元大S＆P原油反1,114,0,114,新光-新竹,2024-10-08,8563
00753L,中信中國50正2,565,456,109,新光-新竹,2024-10-08,8563
1314,中石化,99,4,95,新光-新竹,2024-10-08,8563
1702,南僑,123,33,90,新光-新竹,2024-10-08,8563
00905,FT臺灣Smart,80,0,80,新光-新竹,2024-10-08,8563
6830,汎銓,98,26,72,新光-新竹,2024-10-08,8563
00878,國泰永續高股息,114,45,69,新光-新竹,2024-10-08,8563
2105,正新,80,14,66,新光-新竹,2024-10-08,8563
00656R,國泰中國A50反1,88,26,62,新光-新竹,2024-10-08,8563
00633L,富邦上証正2,182,121,61,新光-新竹,2024-10-08,8563
00795B,中信美國公債20年,67,7,60,新光-新竹,2024-10-08,8563
006208,富邦台50,56,2,54,新光-新竹,2024-10-08,8563
2313,華通,61,9,52,新光-新竹,2024-10-08,8563
00713,元大台灣高息低波,47,0,47,新光-新竹,2024-10-08,8563
5014,建錩,87,40,47,新光-新竹,2024-10-08,8563
0061,元大寶滬深,49,4,45,新光-新竹,2024-10-08,8563
00907,永豐優息存股,45,0,45,新光-新竹,2024-10-08,8563
2890,永豐金,42,0,42,新光-新竹,2024-10-08,8563
00706L,期元大S＆P日圓正2,42,0,42,新光-新竹,2024-10-08,8563
5443,均豪,130,90,40,新光-新竹,2024-10-08,8563
00947,台新臺灣IC設計,41,2,39,新光-新竹,2024-10-08,8563
2002,中鋼,41,3,38,新光-新竹,2024-10-08,8563
2498,宏達電,82,44,38,新光-新竹,2024-10-08,8563
00725B,國泰投資級公司債,37,0,37,新光-新竹,2024-10-08,8563
00946,群益科技高息成長,48,11,37,新光-新竹,2024-10-08,8563
00934,中信成長高股息,35,0,35,新光-新竹,2024-10-08,8563
00752,中信中國50,157,125,32,新光-新竹,2024-10-08,8563
8240,華宏,32,0,32,新光-新竹,2024-10-08,8563
00768B,復華20年美債,32,0,32,新光-新竹,2024-10-08,8563
2356,英業達,35,4,31,新光-新竹,2024-10-08,8563
2009,第一銅,31,1,30,新光-新竹,2024-10-08,8563
1806,冠軍,30,0,30,新光-新竹,2024-10-08,8563
8044,網家,30,0,30,新光-新竹,2024-10-08,8563
2317,鴻海,197,169,28,新光-新竹,2024-10-08,8563
3374,精材,55,27,28,新光-新竹,2024-10-08,8563
3290,東浦,28,1,27,新光-新竹,2024-10-08,8563
6108,競國,705,8,697,新光-新竹,2024-10-09,8563
00688L,國泰20年美債正2,601,8,593,新光-新竹,2024-10-09,8563
00680L,元大美債20正2,549,64,485,新光-新竹,2024-10-09,8563
00687B,國泰20年美債,427,62,365,新光-新竹,2024-10-09,8563
00937B,群益ESG投等債20,348,35,313,新光-新竹,2024-10-09,8563
00679B,元大美債20年,254,28,226,新光-新竹,2024-10-09,8563
00632R,元大台灣50反1,291,86,205,新光-新竹,2024-10-09,8563
00712,復華富時不動產,235,31,204,新光-新竹,2024-10-09,8563
00753L,中信中國50正2,859,689,170,新光-新竹,2024-10-09,8563
912000,晨訊科-DR,150,0,150,新光-新竹,2024-10-09,8563
3499,環天科,134,0,134,新光-新竹,2024-10-09,8563
00650L,復華香港正2,179,53,126,新光-新竹,2024-10-09,8563
00633L,富邦上証正2,213,95,118,新光-新竹,2024-10-09,8563
3013,晟銘電,142,32,110,新光-新竹,2024-10-09,8563
00948B,中信優息投資級債,132,24,108,新光-新竹,2024-10-09,8563
2363,矽統,755,663,92,新光-新竹,2024-10-09,8563
1314,中石化,290,206,84,新光-新竹,2024-10-09,8563
00795B,中信美國公債20年,98,17,81,新光-新竹,2024-10-09,8563
3019,亞光,115,35,80,新光-新竹,2024-10-09,8563
2303,聯電,72,2,70,新光-新竹,2024-10-09,8563
00725B,國泰投資級公司債,67,0,67,新光-新竹,2024-10-09,8563
3290,東浦,74,7,67,新光-新竹,2024-10-09,8563
2801,彰銀,60,0,60,新光-新竹,2024-10-09,8563
0056,元大高股息,57,2,55,新光-新竹,2024-10-09,8563
1815,富喬,52,0,52,新光-新竹,2024-10-09,8563
00720B,元大投資級公司債,52,0,52,新光-新竹,2024-10-09,8563
1316,上曜,166,116,50,新光-新竹,2024-10-09,8563
00887,永豐中國科技50大,227,177,50,新光-新竹,2024-10-09,8563
006208,富邦台50,62,13,49,新光-新竹,2024-10-09,8563
00639,富邦深100,65,17,48,新光-新竹,2024-10-09,8563
2002,中鋼,48,2,46,新光-新竹,2024-10-09,8563
4974,亞泰,44,0,44,新光-新竹,2024-10-09,8563
2890,永豐金,42,0,42,新光-新竹,2024-10-09,8563
6658,聯策,59,21,38,新光-新竹,2024-10-09,8563
4977,眾達-KY,95,58,37,新光-新竹,2024-10-09,8563
2834,臺企銀,40,3,37,新光-新竹,2024-10-09,8563
00706L,期元大S＆P日圓正2,32,0,32,新光-新竹,2024-10-09,8563
3167,大量,32,0,32,新光-新竹,2024-10-09,8563
2009,第一銅,32,0,32,新光-新竹,2024-10-09,8563
1785,光洋科,40,10,30,新光-新竹,2024-10-09,8563
3049,精金,54,24,30,新光-新竹,2024-10-09,8563
2103,台橡,40,10,30,新光-新竹,2024-10-09,8563
5871,中租-KY,63,35,28,新光-新竹,2024-10-09,8563
2892,第一金,27,0,27,新光-新竹,2024-10-09,8563
2601,益航,58,31,27,新光-新竹,2024-10-09,8563
5351,鈺創,27,0,27,新光-新竹,2024-10-09,8563
00877,復華中國5G,30,4,26,新光-新竹,2024-10-09,8563
2603,長榮,30,4,26,新光-新竹,2024-10-09,8563
6241,易通展,25,0,25,新光-新竹,2024-10-09,8563
3209,全科,62,37,25,新光-新竹,2024-10-09,8563
00679B,元大美債20年,703,86,617,新光-新竹,2024-10-11,8563
00753L,中信中國50正2,906,465,441,新光-新竹,2024-10-11,8563
3481,群創,401,4,397,新光-新竹,2024-10-11,8563
00665L,富邦�琤肭磪囓�2,340,3,337,新光-新竹,2024-10-11,8563
00687B,國泰20年美債,524,253,271,新光-新竹,2024-10-11,8563
00637L,元大滬深300正2,552,308,244,新光-新竹,2024-10-11,8563
5483,中美晶,183,1,182,新光-新竹,2024-10-11,8563
00673R,期元大S＆P原油反1,160,1,159,新光-新竹,2024-10-11,8563
00656R,國泰中國A50反1,137,0,137,新光-新竹,2024-10-11,8563
00688L,國泰20年美債正2,142,12,130,新光-新竹,2024-10-11,8563
6462,神盾,126,0,126,新光-新竹,2024-10-11,8563
00948B,中信優息投資級債,170,59,111,新光-新竹,2024-10-11,8563
00959B,大華投等美債15Y+,100,0,100,新光-新竹,2024-10-11,8563
4167,松瑞藥,100,0,100,新光-新竹,2024-10-11,8563
1815,富喬,104,5,99,新光-新竹,2024-10-11,8563
3149,正達,272,186,86,新光-新竹,2024-10-11,8563
3290,東浦,98,20,78,新光-新竹,2024-10-11,8563
2520,冠德,70,0,70,新光-新竹,2024-10-11,8563
3231,緯創,207,139,68,新光-新竹,2024-10-11,8563
00927,群益半導體收益,80,13,67,新光-新竹,2024-10-11,8563
5324,士開,60,0,60,新光-新竹,2024-10-11,8563
2449,京元電子,177,118,59,新光-新竹,2024-10-11,8563
0056,元大高股息,74,19,55,新光-新竹,2024-10-11,8563
2887,台新金,87,33,54,新光-新竹,2024-10-11,8563
4903,聯光通,187,135,52,新光-新竹,2024-10-11,8563
2388,威盛,145,95,50,新光-新竹,2024-10-11,8563
3228,金麗科,53,8,45,新光-新竹,2024-10-11,8563
9907,統一實,44,0,44,新光-新竹,2024-10-11,8563
3710,連展投控,43,2,41,新光-新竹,2024-10-11,8563
006208,富邦台50,57,17,40,新光-新竹,2024-10-11,8563
4523,永彰,40,0,40,新光-新竹,2024-10-11,8563
00937B,群益ESG投等債20,170,132,38,新光-新竹,2024-10-11,8563
2801,彰銀,37,0,37,新光-新竹,2024-10-11,8563
00768B,復華20年美債,36,0,36,新光-新竹,2024-10-11,8563
1605,華新,32,0,32,新光-新竹,2024-10-11,8563
00650L,復華香港正2,52,20,32,新光-新竹,2024-10-11,8563
3372,典範,30,0,30,新光-新竹,2024-10-11,8563
3557,嘉威,30,0,30,新光-新竹,2024-10-11,8563
5871,中租-KY,55,27,28,新光-新竹,2024-10-11,8563
1785,光洋科,50,22,28,新光-新竹,2024-10-11,8563
00655L,國泰中國A50正2,54,26,28,新光-新竹,2024-10-11,8563
5452,佶優,32,4,28,新光-新竹,2024-10-11,8563
6282,康舒,30,3,27,新光-新竹,2024-10-11,8563
00720B,元大投資級公司債,26,1,25,新光-新竹,2024-10-11,8563
00725B,國泰投資級公司債,26,2,24,新光-新竹,2024-10-11,8563
3033,威健,35,11,24,新光-新竹,2024-10-11,8563
4956,光鋐,57,34,23,新光-新竹,2024-10-11,8563
2014,中鴻,24,1,23,新光-新竹,2024-10-11,8563
2834,臺企銀,33,10,23,新光-新竹,2024-10-11,8563
3591,艾笛森,25,2,23,新光-新竹,2024-10-11,8563
2883,凱基金,566,24,542,新光-新竹,2024-10-14,8563
00679B,元大美債20年,445,38,407,新光-新竹,2024-10-14,8563
00937B,群益ESG投等債20,594,238,356,新光-新竹,2024-10-14,8563
00919,群益台灣精選高息,327,61,266,新光-新竹,2024-10-14,8563
00933B,國泰10Y+金融債,264,0,264,新光-新竹,2024-10-14,8563
3209,全科,292,30,262,新光-新竹,2024-10-14,8563
00656R,國泰中國A50反1,250,10,240,新光-新竹,2024-10-14,8563
00687B,國泰20年美債,292,83,209,新光-新竹,2024-10-14,8563
00887,永豐中國科技50大,219,33,186,新光-新竹,2024-10-14,8563
00882,中信中國高股息,258,78,180,新光-新竹,2024-10-14,8563
00932,兆豐永續高息等權,180,0,180,新光-新竹,2024-10-14,8563
00942B,台新美A公司債20+,111,0,111,新光-新竹,2024-10-14,8563
00650L,復華香港正2,146,39,107,新光-新竹,2024-10-14,8563
2344,華邦電,108,2,106,新光-新竹,2024-10-14,8563
00712,復華富時不動產,88,0,88,新光-新竹,2024-10-14,8563
9907,統一實,89,5,84,新光-新竹,2024-10-14,8563
2312,金寶,167,85,82,新光-新竹,2024-10-14,8563
6488,環球晶,69,0,69,新光-新竹,2024-10-14,8563
00768B,復華20年美債,62,0,62,新光-新竹,2024-10-14,8563
2887,台新金,67,7,60,新光-新竹,2024-10-14,8563
1815,富喬,62,5,57,新光-新竹,2024-10-14,8563
00720B,元大投資級公司債,58,2,56,新光-新竹,2024-10-14,8563
00943,兆豐電子高息等權,50,0,50,新光-新竹,2024-10-14,8563
00922,國泰台灣領袖50,48,0,48,新光-新竹,2024-10-14,8563
9105,泰金寶-DR,81,37,44,新光-新竹,2024-10-14,8563
3481,群創,50,6,44,新光-新竹,2024-10-14,8563
00753L,中信中國50正2,124,82,42,新光-新竹,2024-10-14,8563
00795B,中信美國公債20年,64,24,40,新光-新竹,2024-10-14,8563
2323,中環,40,0,40,新光-新竹,2024-10-14,8563
00725B,國泰投資級公司債,39,0,39,新光-新竹,2024-10-14,8563
2520,冠德,38,3,35,新光-新竹,2024-10-14,8563
006208,富邦台50,87,52,35,新光-新竹,2024-10-14,8563
3228,金麗科,53,19,34,新光-新竹,2024-10-14,8563
1309,台達化,37,3,34,新光-新竹,2024-10-14,8563
2467,志聖,74,42,32,新光-新竹,2024-10-14,8563
6187,萬潤,51,20,31,新光-新竹,2024-10-14,8563
2801,彰銀,31,0,31,新光-新竹,2024-10-14,8563
00878,國泰永續高股息,40,9,31,新光-新竹,2024-10-14,8563
8111,立��,96,66,30,新光-新竹,2024-10-14,8563
1307,三芳,26,0,26,新光-新竹,2024-10-14,8563
6156,松上,62,36,26,新光-新竹,2024-10-14,8563
2421,建準,83,58,25,新光-新竹,2024-10-14,8563
00931B,統一美債20年,28,5,23,新光-新竹,2024-10-14,8563
8034,榮群,27,5,22,新光-新竹,2024-10-14,8563
00655L,國泰中國A50正2,21,0,21,新光-新竹,2024-10-14,8563
1434,福懋,21,0,21,新光-新竹,2024-10-14,8563
4903,聯光通,142,122,20,新光-新竹,2024-10-14,8563
2399,映泰,140,120,20,新光-新竹,2024-10-14,8563
2010,春源,20,0,20,新光-新竹,2024-10-14,8563
00905,FT臺灣Smart,20,0,20,新光-新竹,2024-10-14,8563
00679B,元大美債20年,436,20,416,新光-新竹,2024-10-15,8563
00687B,國泰20年美債,367,14,353,新光-新竹,2024-10-15,8563
00948B,中信優息投資級債,377,55,322,新光-新竹,2024-10-15,8563
1314,中石化,320,73,247,新光-新竹,2024-10-15,8563
00680L,元大美債20正2,267,40,227,新光-新竹,2024-10-15,8563
2486,一詮,285,72,213,新光-新竹,2024-10-15,8563
2206,三陽工業,179,1,178,新光-新竹,2024-10-15,8563
00929,復華台灣科技優息,237,81,156,新光-新竹,2024-10-15,8563
00656R,國泰中國A50反1,140,0,140,新光-新竹,2024-10-15,8563
00688L,國泰20年美債正2,251,130,121,新光-新竹,2024-10-15,8563
2888,新光金,228,112,116,新光-新竹,2024-10-15,8563
00665L,富邦�琤肭磪囓�2,130,14,116,新光-新竹,2024-10-15,8563
00637L,元大滬深300正2,230,135,95,新光-新竹,2024-10-15,8563
6108,競國,90,1,89,新光-新竹,2024-10-15,8563
1402,遠東新,83,0,83,新光-新竹,2024-10-15,8563
3049,精金,83,6,77,新光-新竹,2024-10-15,8563
00795B,中信美國公債20年,70,1,69,新光-新竹,2024-10-15,8563
2049,上銀,132,67,65,新光-新竹,2024-10-15,8563
00642U,期元大S＆P石油,70,17,53,新光-新竹,2024-10-15,8563
3149,正達,376,323,53,新光-新竹,2024-10-15,8563
2365,昆盈,61,9,52,新光-新竹,2024-10-15,8563
2402,毅嘉,59,8,51,新光-新竹,2024-10-15,8563
00664R,國泰臺灣加權反1,51,0,51,新光-新竹,2024-10-15,8563
6231,系微,54,9,45,新光-新竹,2024-10-15,8563
4971,IET-KY,52,8,44,新光-新竹,2024-10-15,8563
006208,富邦台50,73,29,44,新光-新竹,2024-10-15,8563
00907,永豐優息存股,50,7,43,新光-新竹,2024-10-15,8563
1815,富喬,43,3,40,新光-新竹,2024-10-15,8563
4956,光鋐,176,138,38,新光-新竹,2024-10-15,8563
00887,永豐中國科技50大,91,54,37,新光-新竹,2024-10-15,8563
2426,鼎元,54,19,35,新光-新竹,2024-10-15,8563
00753L,中信中國50正2,50,17,33,新光-新竹,2024-10-15,8563
3710,連展投控,68,35,33,新光-新竹,2024-10-15,8563
2887,台新金,45,13,32,新光-新竹,2024-10-15,8563
00725B,國泰投資級公司債,34,5,29,新光-新竹,2024-10-15,8563
00720B,元大投資級公司債,29,0,29,新光-新竹,2024-10-15,8563
1464,得力,35,7,28,新光-新竹,2024-10-15,8563
8028,昇陽半導體,67,39,28,新光-新竹,2024-10-15,8563
00878,國泰永續高股息,57,30,27,新光-新竹,2024-10-15,8563
3702A,大聯大甲特,26,0,26,新光-新竹,2024-10-15,8563
00650L,復華香港正2,102,76,26,新光-新竹,2024-10-15,8563
4979,華星光,107,82,25,新光-新竹,2024-10-15,8563
1303,南亞,26,1,25,新光-新竹,2024-10-15,8563
1587,吉茂,25,0,25,新光-新竹,2024-10-15,8563
3011,今皓,28,4,24,新光-新竹,2024-10-15,8563
2493,揚博,28,5,23,新光-新竹,2024-10-15,8563
2105,正新,42,20,22,新光-新竹,2024-10-15,8563
2467,志聖,24,3,21,新光-新竹,2024-10-15,8563
2449,京元電子,102,82,20,新光-新竹,2024-10-15,8563
3483,力致,21,1,20,新光-新竹,2024-10-15,8563
00948B,中信優息投資級債,599,18,581,新光-新竹,2024-10-16,8563
00680L,元大美債20正2,451,120,331,新光-新竹,2024-10-16,8563
00922,國泰台灣領袖50,244,12,232,新光-新竹,2024-10-16,8563
00688L,國泰20年美債正2,317,102,215,新光-新竹,2024-10-16,8563
00887,永豐中國科技50大,174,17,157,新光-新竹,2024-10-16,8563
00753L,中信中國50正2,670,514,156,新光-新竹,2024-10-16,8563
00656R,國泰中國A50反1,160,6,154,新光-新竹,2024-10-16,8563
00679B,元大美債20年,217,69,148,新光-新竹,2024-10-16,8563
00665L,富邦�琤肭磪囓�2,132,13,119,新光-新竹,2024-10-16,8563
00919,群益台灣精選高息,203,86,117,新光-新竹,2024-10-16,8563
00715L,期街口布蘭特正2,100,0,100,新光-新竹,2024-10-16,8563
0056,元大高股息,159,64,95,新光-新竹,2024-10-16,8563
2887,台新金,96,4,92,新光-新竹,2024-10-16,8563
00725B,國泰投資級公司債,90,0,90,新光-新竹,2024-10-16,8563
2317,鴻海,231,144,87,新光-新竹,2024-10-16,8563
00945B,凱基美國非投等債,92,5,87,新光-新竹,2024-10-16,8563
00933B,國泰10Y+金融債,86,6,80,新光-新竹,2024-10-16,8563
00937B,群益ESG投等債20,431,354,77,新光-新竹,2024-10-16,8563
1303,南亞,176,100,76,新光-新竹,2024-10-16,8563
9105,泰金寶-DR,129,54,75,新光-新竹,2024-10-16,8563
00687B,國泰20年美債,290,221,69,新光-新竹,2024-10-16,8563
2891,中信金,86,18,68,新光-新竹,2024-10-16,8563
00706L,期元大S＆P日圓正2,65,0,65,新光-新竹,2024-10-16,8563
2206,三陽工業,60,0,60,新光-新竹,2024-10-16,8563
00830,國泰費城半導體,60,1,59,新光-新竹,2024-10-16,8563
00907,永豐優息存股,48,0,48,新光-新竹,2024-10-16,8563
4510,高鋒,64,16,48,新光-新竹,2024-10-16,8563
00915,凱基優選高股息30,47,2,45,新光-新竹,2024-10-16,8563
00795B,中信美國公債20年,52,8,44,新光-新竹,2024-10-16,8563
2363,矽統,85,42,43,新光-新竹,2024-10-16,8563
2344,華邦電,42,0,42,新光-新竹,2024-10-16,8563
1102,亞泥,40,0,40,新光-新竹,2024-10-16,8563
00696B,富邦美債20年,42,2,40,新光-新竹,2024-10-16,8563
2312,金寶,143,103,40,新光-新竹,2024-10-16,8563
2801,彰銀,42,3,39,新光-新竹,2024-10-16,8563
00650L,復華香港正2,78,42,36,新光-新竹,2024-10-16,8563
006208,富邦台50,55,19,36,新光-新竹,2024-10-16,8563
2402,毅嘉,67,32,35,新光-新竹,2024-10-16,8563
3230,錦明,133,100,33,新光-新竹,2024-10-16,8563
00923,群益台ESG低碳50,82,49,33,新光-新竹,2024-10-16,8563
00943,兆豐電子高息等權,32,0,32,新光-新竹,2024-10-16,8563
00912,中信臺灣智慧50,42,10,32,新光-新竹,2024-10-16,8563
3711,日月光投控,64,33,31,新光-新竹,2024-10-16,8563
1314,中石化,147,117,30,新光-新竹,2024-10-16,8563
2049,上銀,35,8,27,新光-新竹,2024-10-16,8563
1473,台南,27,0,27,新光-新竹,2024-10-16,8563
00960,野村全球航運龍頭,27,0,27,新光-新竹,2024-10-16,8563
3260,威剛,26,0,26,新光-新竹,2024-10-16,8563
00931B,統一美債20年,26,1,25,新光-新竹,2024-10-16,8563
00764B,群益25年美債,25,0,25,新光-新竹,2024-10-16,8563
0056,元大高股息,397,37,360,新光-新竹,2024-10-17,8563
00937B,群益ESG投等債20,256,27,229,新光-新竹,2024-10-17,8563
1301,台塑,214,11,203,新光-新竹,2024-10-17,8563
00948B,中信優息投資級債,364,198,166,新光-新竹,2024-10-17,8563
1721,三晃,163,15,148,新光-新竹,2024-10-17,8563
00922,國泰台灣領袖50,129,10,119,新光-新竹,2024-10-17,8563
00687B,國泰20年美債,170,53,117,新光-新竹,2024-10-17,8563
00887,永豐中國科技50大,153,45,108,新光-新竹,2024-10-17,8563
3231,緯創,123,26,97,新光-新竹,2024-10-17,8563
00656R,國泰中國A50反1,96,0,96,新光-新竹,2024-10-17,8563
4971,IET-KY,73,1,72,新光-新竹,2024-10-17,8563
1560,中砂,92,20,72,新光-新竹,2024-10-17,8563
00905,FT臺灣Smart,68,0,68,新光-新竹,2024-10-17,8563
00637L,元大滬深300正2,169,104,65,新光-新竹,2024-10-17,8563
3714,富采,61,5,56,新光-新竹,2024-10-17,8563
00923,群益台ESG低碳50,56,0,56,新光-新竹,2024-10-17,8563
00688L,國泰20年美債正2,65,10,55,新光-新竹,2024-10-17,8563
2399,映泰,364,311,53,新光-新竹,2024-10-17,8563
00680L,元大美債20正2,250,200,50,新光-新竹,2024-10-17,8563
4958,臻鼎-KY,50,1,49,新光-新竹,2024-10-17,8563
2426,鼎元,147,99,48,新光-新竹,2024-10-17,8563
00650L,復華香港正2,111,70,41,新光-新竹,2024-10-17,8563
2421,建準,81,40,41,新光-新竹,2024-10-17,8563
2609,陽明,150,111,39,新光-新竹,2024-10-17,8563
6658,聯策,82,45,37,新光-新竹,2024-10-17,8563
00632R,元大台灣50反1,38,1,37,新光-新竹,2024-10-17,8563
3015,全漢,58,22,36,新光-新竹,2024-10-17,8563
2303,聯電,33,1,32,新光-新竹,2024-10-17,8563
00753L,中信中國50正2,745,714,31,新光-新竹,2024-10-17,8563
6706,惠特,39,8,31,新光-新竹,2024-10-17,8563
006208,富邦台50,33,3,30,新光-新竹,2024-10-17,8563
2010,春源,30,0,30,新光-新竹,2024-10-17,8563
00912,中信臺灣智慧50,30,0,30,新光-新竹,2024-10-17,8563
1316,上曜,30,0,30,新光-新竹,2024-10-17,8563
00941,中信上游半導體,26,0,26,新光-新竹,2024-10-17,8563
3339,泰谷,26,0,26,新光-新竹,2024-10-17,8563
3379,彬台,27,1,26,新光-新竹,2024-10-17,8563
1711,永光,41,15,26,新光-新竹,2024-10-17,8563
4533,協易機,55,31,24,新光-新竹,2024-10-17,8563
8374,羅昇,60,37,23,新光-新竹,2024-10-17,8563
4903,聯光通,76,54,22,新光-新竹,2024-10-17,8563
2537,聯上發,22,0,22,新光-新竹,2024-10-17,8563
1434,福懋,21,0,21,新光-新竹,2024-10-17,8563
00957B,兆豐US優選投等債,21,0,21,新光-新竹,2024-10-17,8563
00933B,國泰10Y+金融債,22,1,21,新光-新竹,2024-10-17,8563
1727,中華化,24,4,20,新光-新竹,2024-10-17,8563
00690,兆豐藍籌30,20,0,20,新光-新竹,2024-10-17,8563
6116,彩晶,20,0,20,新光-新竹,2024-10-17,8563
1402,遠東新,20,0,20,新光-新竹,2024-10-17,8563
3710,連展投控,25,6,19,新光-新竹,2024-10-17,8563
00632R,元大台灣50反1,1476,330,1146,新光-新竹,2024-10-18,8563
00948B,中信優息投資級債,1018,258,760,新光-新竹,2024-10-18,8563
00937B,群益ESG投等債20,707,8,699,新光-新竹,2024-10-18,8563
00687B,國泰20年美債,592,29,563,新光-新竹,2024-10-18,8563
00679B,元大美債20年,394,21,373,新光-新竹,2024-10-18,8563
2402,毅嘉,327,46,281,新光-新竹,2024-10-18,8563
00712,復華富時不動產,270,0,270,新光-新竹,2024-10-18,8563
00680L,元大美債20正2,262,0,262,新光-新竹,2024-10-18,8563
0056,元大高股息,220,9,211,新光-新竹,2024-10-18,8563
00637L,元大滬深300正2,369,188,181,新光-新竹,2024-10-18,8563
00656R,國泰中國A50反1,121,0,121,新光-新竹,2024-10-18,8563
00688L,國泰20年美債正2,130,20,110,新光-新竹,2024-10-18,8563
00931B,統一美債20年,105,0,105,新光-新竹,2024-10-18,8563
2303,聯電,103,0,103,新光-新竹,2024-10-18,8563
2489,瑞軒,108,9,99,新光-新竹,2024-10-18,8563
00795B,中信美國公債20年,95,4,91,新光-新竹,2024-10-18,8563
00887,永豐中國科技50大,108,19,89,新光-新竹,2024-10-18,8563
00945B,凱基美國非投等債,82,0,82,新光-新竹,2024-10-18,8563
2449,京元電子,189,112,77,新光-新竹,2024-10-18,8563
00882,中信中國高股息,97,29,68,新光-新竹,2024-10-18,8563
00768B,復華20年美債,64,0,64,新光-新竹,2024-10-18,8563
00665L,富邦�琤肭磪囓�2,87,23,64,新光-新竹,2024-10-18,8563
3290,東浦,69,9,60,新光-新竹,2024-10-18,8563
6124,業強,60,0,60,新光-新竹,2024-10-18,8563
6890,來億-KY,56,2,54,新光-新竹,2024-10-18,8563
6213,聯茂,55,1,54,新光-新竹,2024-10-18,8563
2345,智邦,73,25,48,新光-新竹,2024-10-18,8563
6658,聯策,95,48,47,新光-新竹,2024-10-18,8563
2867,三商壽,49,2,47,新光-新竹,2024-10-18,8563
2467,志聖,75,28,47,新光-新竹,2024-10-18,8563
00942B,台新美A公司債20+,46,0,46,新光-新竹,2024-10-18,8563
3209,全科,147,102,45,新光-新竹,2024-10-18,8563
00751B,元大AAA至A公司債,51,8,43,新光-新竹,2024-10-18,8563
00690,兆豐藍籌30,42,0,42,新光-新竹,2024-10-18,8563
1402,遠東新,40,0,40,新光-新竹,2024-10-18,8563
00720B,元大投資級公司債,39,3,36,新光-新竹,2024-10-18,8563
1711,永光,50,15,35,新光-新竹,2024-10-18,8563
3450,聯鈞,143,110,33,新光-新竹,2024-10-18,8563
2615,萬海,69,38,31,新光-新竹,2024-10-18,8563
00959B,大華投等美債15Y+,31,0,31,新光-新竹,2024-10-18,8563
00740B,富邦全球投等債,31,0,31,新光-新竹,2024-10-18,8563
3605,宏致,32,3,29,新光-新竹,2024-10-18,8563
1815,富喬,30,1,29,新光-新竹,2024-10-18,8563
2317,鴻海,207,180,27,新光-新竹,2024-10-18,8563
6139,亞翔,25,0,25,新光-新竹,2024-10-18,8563
3015,全漢,25,0,25,新光-新竹,2024-10-18,8563
6142,友勁,28,3,25,新光-新竹,2024-10-18,8563
2049,上銀,48,24,24,新光-新竹,2024-10-18,8563
2312,金寶,117,94,23,新光-新竹,2024-10-18,8563
6151,晉倫,75,53,22,新光-新竹,2024-10-18,8563
00937B,群益ESG投等債20,1739,98,1641,新光-新竹,2024-10-21,8563
00948B,中信優息投資級債,1160,260,900,新光-新竹,2024-10-21,8563
00650L,復華香港正2,278,0,278,新光-新竹,2024-10-21,8563
00679B,元大美債20年,361,111,250,新光-新竹,2024-10-21,8563
00637L,元大滬深300正2,319,112,207,新光-新竹,2024-10-21,8563
2543,皇昌,240,34,206,新光-新竹,2024-10-21,8563
00687B,國泰20年美債,190,15,175,新光-新竹,2024-10-21,8563
00753L,中信中國50正2,964,797,167,新光-新竹,2024-10-21,8563
00751B,元大AAA至A公司債,148,0,148,新光-新竹,2024-10-21,8563
00712,復華富時不動產,152,5,147,新光-新竹,2024-10-21,8563
2324,仁寶,172,49,123,新光-新竹,2024-10-21,8563
00715L,期街口布蘭特正2,120,0,120,新光-新竹,2024-10-21,8563
00945B,凱基美國非投等債,119,1,118,新光-新竹,2024-10-21,8563
00953B,群益優選非投等債,112,0,112,新光-新竹,2024-10-21,8563
00680L,元大美債20正2,146,58,88,新光-新竹,2024-10-21,8563
00940,元大台灣價值高息,111,33,78,新光-新竹,2024-10-21,8563
2891,中信金,153,90,63,新光-新竹,2024-10-21,8563
2303,聯電,85,23,62,新光-新竹,2024-10-21,8563
00887,永豐中國科技50大,203,141,62,新光-新竹,2024-10-21,8563
3714,富采,66,9,57,新光-新竹,2024-10-21,8563
3031,佰鴻,106,52,54,新光-新竹,2024-10-21,8563
00959B,大華投等美債15Y+,49,0,49,新光-新竹,2024-10-21,8563
00795B,中信美國公債20年,49,1,48,新光-新竹,2024-10-21,8563
00665L,富邦�琤肭磪囓�2,67,20,47,新光-新竹,2024-10-21,8563
3711,日月光投控,95,50,45,新光-新竹,2024-10-21,8563
2884,玉山金,46,2,44,新光-新竹,2024-10-21,8563
00690,兆豐藍籌30,42,0,42,新光-新竹,2024-10-21,8563
9105,泰金寶-DR,67,26,41,新光-新竹,2024-10-21,8563
00912,中信臺灣智慧50,40,0,40,新光-新竹,2024-10-21,8563
00882,中信中國高股息,64,27,37,新光-新竹,2024-10-21,8563
00878,國泰永續高股息,69,32,37,新光-新竹,2024-10-21,8563
00933B,國泰10Y+金融債,35,0,35,新光-新竹,2024-10-21,8563
1303,南亞,34,0,34,新光-新竹,2024-10-21,8563
3011,今皓,122,89,33,新光-新竹,2024-10-21,8563
00725B,國泰投資級公司債,32,1,31,新光-新竹,2024-10-21,8563
00768B,復華20年美債,37,6,31,新光-新竹,2024-10-21,8563
00740B,富邦全球投等債,31,0,31,新光-新竹,2024-10-21,8563
00923,群益台ESG低碳50,34,3,31,新光-新竹,2024-10-21,8563
00738U,期元大道瓊白銀,35,5,30,新光-新竹,2024-10-21,8563
00927,群益半導體收益,31,2,29,新光-新竹,2024-10-21,8563
00720B,元大投資級公司債,48,20,28,新光-新竹,2024-10-21,8563
0050,元大台灣50,36,9,27,新光-新竹,2024-10-21,8563
2409,友達,31,5,26,新光-新竹,2024-10-21,8563
1434,福懋,25,0,25,新光-新竹,2024-10-21,8563
3015,全漢,40,17,23,新光-新竹,2024-10-21,8563
8064,東捷,56,33,23,新光-新竹,2024-10-21,8563
00642U,期元大S＆P石油,27,5,22,新光-新竹,2024-10-21,8563
3013,晟銘電,98,76,22,新光-新竹,2024-10-21,8563
9945,潤泰新,22,2,20,新光-新竹,2024-10-21,8563
3230,錦明,21,1,20,新光-新竹,2024-10-21,8563
00937B,群益ESG投等債20,1365,677,688,新光-新竹,2024-10-22,8563
00948B,中信優息投資級債,978,291,687,新光-新竹,2024-10-22,8563
00687B,國泰20年美債,665,324,341,新光-新竹,2024-10-22,8563
2313,華通,498,164,334,新光-新竹,2024-10-22,8563
00679B,元大美債20年,470,306,164,新光-新竹,2024-10-22,8563
00950B,凱基A級公司債,160,0,160,新光-新竹,2024-10-22,8563
5521,工信,119,0,119,新光-新竹,2024-10-22,8563
2363,矽統,239,123,116,新光-新竹,2024-10-22,8563
3706,神達,110,6,104,新光-新竹,2024-10-22,8563
00959B,大華投等美債15Y+,113,10,103,新光-新竹,2024-10-22,8563
2929,淘帝-KY,96,1,95,新光-新竹,2024-10-22,8563
00751B,元大AAA至A公司債,82,0,82,新光-新竹,2024-10-22,8563
00637L,元大滬深300正2,253,179,74,新光-新竹,2024-10-22,8563
00927,群益半導體收益,79,7,72,新光-新竹,2024-10-22,8563
00933B,國泰10Y+金融債,75,7,68,新光-新竹,2024-10-22,8563
00720B,元大投資級公司債,75,7,68,新光-新竹,2024-10-22,8563
4510,高鋒,71,8,63,新光-新竹,2024-10-22,8563
00650L,復華香港正2,141,84,57,新光-新竹,2024-10-22,8563
00635U,期元大S＆P黃金,56,0,56,新光-新竹,2024-10-22,8563
00907,永豐優息存股,52,1,51,新光-新竹,2024-10-22,8563
5347,世界,54,4,50,新光-新竹,2024-10-22,8563
2495,普安,64,18,46,新光-新竹,2024-10-22,8563
00725B,國泰投資級公司債,44,0,44,新光-新竹,2024-10-22,8563
2332,友訊,40,0,40,新光-新竹,2024-10-22,8563
3551,世禾,52,13,39,新光-新竹,2024-10-22,8563
1532,勤美,40,1,39,新光-新竹,2024-10-22,8563
2388,威盛,48,9,39,新光-新竹,2024-10-22,8563
3615,安可,154,116,38,新光-新竹,2024-10-22,8563
00905,FT臺灣Smart,40,2,38,新光-新竹,2024-10-22,8563
00929,復華台灣科技優息,156,119,37,新光-新竹,2024-10-22,8563
00633L,富邦上証正2,35,0,35,新光-新竹,2024-10-22,8563
2342,茂矽,35,0,35,新光-新竹,2024-10-22,8563
6603,富強鑫,36,1,35,新光-新竹,2024-10-22,8563
6405,悅城,98,64,34,新光-新竹,2024-10-22,8563
00740B,富邦全球投等債,32,0,32,新光-新竹,2024-10-22,8563
9105,泰金寶-DR,40,8,32,新光-新竹,2024-10-22,8563
2014,中鴻,36,5,31,新光-新竹,2024-10-22,8563
2493,揚博,74,44,30,新光-新竹,2024-10-22,8563
2324,仁寶,31,2,29,新光-新竹,2024-10-22,8563
2467,志聖,49,20,29,新光-新竹,2024-10-22,8563
00931B,統一美債20年,28,0,28,新光-新竹,2024-10-22,8563
3374,精材,33,6,27,新光-新竹,2024-10-22,8563
1595,川寶,275,248,27,新光-新竹,2024-10-22,8563
2103,台橡,32,6,26,新光-新竹,2024-10-22,8563
2356,英業達,34,8,26,新光-新竹,2024-10-22,8563
2330,台積電,53,28,25,新光-新竹,2024-10-22,8563
1597,直得,103,78,25,新光-新竹,2024-10-22,8563
3390,旭軟,29,4,25,新光-新竹,2024-10-22,8563
0056,元大高股息,30,5,25,新光-新竹,2024-10-22,8563
4533,協易機,60,37,23,新光-新竹,2024-10-22,8563
00937B,群益ESG投等債20,619,113,506,新光-新竹,2024-10-23,8563
00712,復華富時不動產,687,219,468,新光-新竹,2024-10-23,8563
00948B,中信優息投資級債,510,80,430,新光-新竹,2024-10-23,8563
6770,力積電,372,8,364,新光-新竹,2024-10-23,8563
00687B,國泰20年美債,372,34,338,新光-新竹,2024-10-23,8563
2399,映泰,357,152,205,新光-新竹,2024-10-23,8563
2312,金寶,205,11,194,新光-新竹,2024-10-23,8563
00680L,元大美債20正2,161,0,161,新光-新竹,2024-10-23,8563
00679B,元大美債20年,163,6,157,新光-新竹,2024-10-23,8563
6197,佳必琪,252,105,147,新光-新竹,2024-10-23,8563
00725B,國泰投資級公司債,131,0,131,新光-新竹,2024-10-23,8563
00878,國泰永續高股息,126,0,126,新光-新竹,2024-10-23,8563
00720B,元大投資級公司債,116,0,116,新光-新竹,2024-10-23,8563
8429,金麗-KY,123,10,113,新光-新竹,2024-10-23,8563
00959B,大華投等美債15Y+,112,0,112,新光-新竹,2024-10-23,8563
00918,大華優利高填息30,111,2,109,新光-新竹,2024-10-23,8563
00637L,元大滬深300正2,355,255,100,新光-新竹,2024-10-23,8563
2313,華通,124,39,85,新光-新竹,2024-10-23,8563
5521,工信,87,2,85,新光-新竹,2024-10-23,8563
00929,復華台灣科技優息,99,18,81,新光-新竹,2024-10-23,8563
0056,元大高股息,78,9,69,新光-新竹,2024-10-23,8563
1102,亞泥,60,0,60,新光-新竹,2024-10-23,8563
00882,中信中國高股息,86,30,56,新光-新竹,2024-10-23,8563
5905,南仁湖,56,2,54,新光-新竹,2024-10-23,8563
00740B,富邦全球投等債,53,0,53,新光-新竹,2024-10-23,8563
00650L,復華香港正2,128,75,53,新光-新竹,2024-10-23,8563
00795B,中信美國公債20年,52,1,51,新光-新竹,2024-10-23,8563
2883B,凱基金乙特,45,0,45,新光-新竹,2024-10-23,8563
00753L,中信中國50正2,66,24,42,新光-新竹,2024-10-23,8563
2332,友訊,40,0,40,新光-新竹,2024-10-23,8563
1532,勤美,40,0,40,新光-新竹,2024-10-23,8563
3550,聯穎,43,5,38,新光-新竹,2024-10-23,8563
2929,淘帝-KY,49,12,37,新光-新竹,2024-10-23,8563
2884,玉山金,36,0,36,新光-新竹,2024-10-23,8563
2618,長榮航,40,6,34,新光-新竹,2024-10-23,8563
00923,群益台ESG低碳50,33,0,33,新光-新竹,2024-10-23,8563
2369,菱生,91,58,33,新光-新竹,2024-10-23,8563
2887,台新金,38,5,33,新光-新竹,2024-10-23,8563
2329,華泰,76,44,32,新光-新竹,2024-10-23,8563
3290,東浦,101,72,29,新光-新竹,2024-10-23,8563
6788,華景電,36,7,29,新光-新竹,2024-10-23,8563
2891,中信金,30,2,28,新光-新竹,2024-10-23,8563
5347,世界,31,3,28,新光-新竹,2024-10-23,8563
5315,光聯,46,18,28,新光-新竹,2024-10-23,8563
1434,福懋,27,0,27,新光-新竹,2024-10-23,8563
00907,永豐優息存股,25,0,25,新光-新竹,2024-10-23,8563
1809,中釉,29,4,25,新光-新竹,2024-10-23,8563
4102,永日,25,0,25,新光-新竹,2024-10-23,8563
006208,富邦台50,44,20,24,新光-新竹,2024-10-23,8563
00940,元大台灣價值高息,131,107,24,新光-新竹,2024-10-23,8563
3481,群創,873,260,613,新光-新竹,2024-10-24,8563
00937B,群益ESG投等債20,499,115,384,新光-新竹,2024-10-24,8563
1806,冠軍,553,184,369,新光-新竹,2024-10-24,8563
00959B,大華投等美債15Y+,351,0,351,新光-新竹,2024-10-24,8563
00948B,中信優息投資級債,281,53,228,新光-新竹,2024-10-24,8563
00929,復華台灣科技優息,256,37,219,新光-新竹,2024-10-24,8563
00706L,期元大S＆P日圓正2,228,31,197,新光-新竹,2024-10-24,8563
00637L,元大滬深300正2,207,12,195,新光-新竹,2024-10-24,8563
00688L,國泰20年美債正2,182,4,178,新光-新竹,2024-10-24,8563
1513,中興電,135,3,132,新光-新竹,2024-10-24,8563
00950B,凱基A級公司債,120,0,120,新光-新竹,2024-10-24,8563
6770,力積電,113,6,107,新光-新竹,2024-10-24,8563
2883,凱基金,135,28,107,新光-新竹,2024-10-24,8563
00680L,元大美債20正2,107,20,87,新光-新竹,2024-10-24,8563
5315,光聯,84,2,82,新光-新竹,2024-10-24,8563
2809,京城銀,66,0,66,新光-新竹,2024-10-24,8563
00753L,中信中國50正2,963,901,62,新光-新竹,2024-10-24,8563
8429,金麗-KY,70,10,60,新光-新竹,2024-10-24,8563
00650L,復華香港正2,275,219,56,新光-新竹,2024-10-24,8563
2363,矽統,87,37,50,新光-新竹,2024-10-24,8563
00945B,凱基美國非投等債,48,0,48,新光-新竹,2024-10-24,8563
2206,三陽工業,52,5,47,新光-新竹,2024-10-24,8563
00679B,元大美債20年,64,18,46,新光-新竹,2024-10-24,8563
2303,聯電,45,1,44,新光-新竹,2024-10-24,8563
2388,威盛,147,104,43,新光-新竹,2024-10-24,8563
4569,六方科-KY,68,25,43,新光-新竹,2024-10-24,8563
1721,三晃,193,151,42,新光-新竹,2024-10-24,8563
00712,復華富時不動產,91,50,41,新光-新竹,2024-10-24,8563
0056,元大高股息,119,82,37,新光-新竹,2024-10-24,8563
006208,富邦台50,45,9,36,新光-新竹,2024-10-24,8563
00665L,富邦�琤肭磪囓�2,50,14,36,新光-新竹,2024-10-24,8563
00927,群益半導體收益,34,0,34,新光-新竹,2024-10-24,8563
6274,台燿,38,5,33,新光-新竹,2024-10-24,8563
1815,富喬,41,9,32,新光-新竹,2024-10-24,8563
8111,立��,65,34,31,新光-新竹,2024-10-24,8563
8069,元太,33,2,31,新光-新竹,2024-10-24,8563
5488,松普,50,20,30,新光-新竹,2024-10-24,8563
2511,太子,30,0,30,新光-新竹,2024-10-24,8563
2312,金寶,46,17,29,新光-新竹,2024-10-24,8563
00922,國泰台灣領袖50,30,2,28,新光-新竹,2024-10-24,8563
3689,湧德,46,18,28,新光-新竹,2024-10-24,8563
00933B,國泰10Y+金融債,26,0,26,新光-新竹,2024-10-24,8563
2887,台新金,26,1,25,新光-新竹,2024-10-24,8563
6609,瀧澤科,74,49,25,新光-新竹,2024-10-24,8563
3167,大量,70,45,25,新光-新竹,2024-10-24,8563
2467,志聖,49,24,25,新光-新竹,2024-10-24,8563
00878,國泰永續高股息,39,15,24,新光-新竹,2024-10-24,8563
6451,訊芯-KY,31,8,23,新光-新竹,2024-10-24,8563
6213,聯茂,31,8,23,新光-新竹,2024-10-24,8563
4909,新復興,22,1,21,新光-新竹,2024-10-24,8563
2646,星宇航空,630,356,274,新光-新竹,2024-10-25,8563
4919,新唐,343,69,274,新光-新竹,2024-10-25,8563
1307,三芳,174,14,160,新光-新竹,2024-10-25,8563
2317,鴻海,259,102,157,新光-新竹,2024-10-25,8563
00679B,元大美債20年,201,50,151,新光-新竹,2024-10-25,8563
2887,台新金,128,0,128,新光-新竹,2024-10-25,8563
00688L,國泰20年美債正2,122,16,106,新光-新竹,2024-10-25,8563
5284,jpp-KY,105,0,105,新光-新竹,2024-10-25,8563
2344,華邦電,95,2,93,新光-新竹,2024-10-25,8563
00712,復華富時不動產,119,29,90,新光-新竹,2024-10-25,8563
00937B,群益ESG投等債20,251,172,79,新光-新竹,2024-10-25,8563
1524,耿鼎,105,32,73,新光-新竹,2024-10-25,8563
00948B,中信優息投資級債,142,71,71,新光-新竹,2024-10-25,8563
00950B,凱基A級公司債,70,0,70,新光-新竹,2024-10-25,8563
3037,欣興,133,64,69,新光-新竹,2024-10-25,8563
00650L,復華香港正2,151,85,66,新光-新竹,2024-10-25,8563
00708L,期元大S＆P黃金正2,46,0,46,新光-新竹,2024-10-25,8563
8043,蜜望實,72,27,45,新光-新竹,2024-10-25,8563
2206,三陽工業,46,2,44,新光-新竹,2024-10-25,8563
3209,全科,56,13,43,新光-新竹,2024-10-25,8563
3290,東浦,81,43,38,新光-新竹,2024-10-25,8563
6757,台灣虎航,36,0,36,新光-新竹,2024-10-25,8563
2809,京城銀,34,0,34,新光-新竹,2024-10-25,8563
2495,普安,261,229,32,新光-新竹,2024-10-25,8563
1528,恩德,49,18,31,新光-新竹,2024-10-25,8563
3051,力特,30,0,30,新光-新竹,2024-10-25,8563
8111,立��,41,11,30,新光-新竹,2024-10-25,8563
2303,聯電,32,4,28,新光-新竹,2024-10-25,8563
00751B,元大AAA至A公司債,27,0,27,新光-新竹,2024-10-25,8563
4903,聯光通,50,23,27,新光-新竹,2024-10-25,8563
006208,富邦台50,36,10,26,新光-新竹,2024-10-25,8563
2477,美隆電,92,66,26,新光-新竹,2024-10-25,8563
2356,英業達,36,11,25,新光-新竹,2024-10-25,8563
6509,聚和,26,1,25,新光-新竹,2024-10-25,8563
4971,IET-KY,24,0,24,新光-新竹,2024-10-25,8563
00959B,大華投等美債15Y+,22,0,22,新光-新竹,2024-10-25,8563
00923,群益台ESG低碳50,22,0,22,新光-新竹,2024-10-25,8563
2883,凱基金,22,0,22,新光-新竹,2024-10-25,8563
2332,友訊,25,5,20,新光-新竹,2024-10-25,8563
3015,全漢,23,3,20,新光-新竹,2024-10-25,8563
2388,威盛,34,14,20,新光-新竹,2024-10-25,8563
2542,興富發,22,4,18,新光-新竹,2024-10-25,8563
2543,皇昌,37,19,18,新光-新竹,2024-10-25,8563
0056,元大高股息,27,10,17,新光-新竹,2024-10-25,8563
00915,凱基優選高股息30,17,0,17,新光-新竹,2024-10-25,8563
3710,連展投控,19,2,17,新光-新竹,2024-10-25,8563
4102,永日,17,0,17,新光-新竹,2024-10-25,8563
2515,中工,39,23,16,新光-新竹,2024-10-25,8563
6202,盛群,18,2,16,新光-新竹,2024-10-25,8563
2431,聯昌,58,42,16,新光-新竹,2024-10-25,8563
00948B,中信優息投資級債,595,145,450,新光-新竹,2024-10-28,8563
00937B,群益ESG投等債20,645,232,413,新光-新竹,2024-10-28,8563
00680L,元大美債20正2,319,34,285,新光-新竹,2024-10-28,8563
00679B,元大美債20年,286,19,267,新光-新竹,2024-10-28,8563
1307,三芳,279,14,265,新光-新竹,2024-10-28,8563
00715L,期街口布蘭特正2,227,0,227,新光-新竹,2024-10-28,8563
00687B,國泰20年美債,273,88,185,新光-新竹,2024-10-28,8563
2883,凱基金,166,40,126,新光-新竹,2024-10-28,8563
00932,兆豐永續高息等權,110,0,110,新光-新竹,2024-10-28,8563
2104,國際中橡,84,0,84,新光-新竹,2024-10-28,8563
00650L,復華香港正2,80,0,80,新光-新竹,2024-10-28,8563
00795B,中信美國公債20年,79,1,78,新光-新竹,2024-10-28,8563
3290,東浦,74,6,68,新光-新竹,2024-10-28,8563
00959B,大華投等美債15Y+,67,1,66,新光-新竹,2024-10-28,8563
3231,緯創,102,40,62,新光-新竹,2024-10-28,8563
00878,國泰永續高股息,99,38,61,新光-新竹,2024-10-28,8563
1449,佳和,143,87,56,新光-新竹,2024-10-28,8563
6142,友勁,51,0,51,新光-新竹,2024-10-28,8563
1708,東鹼,50,0,50,新光-新竹,2024-10-28,8563
00712,復華富時不動產,135,87,48,新光-新竹,2024-10-28,8563
00637L,元大滬深300正2,219,175,44,新光-新竹,2024-10-28,8563
2356,英業達,49,6,43,新光-新竹,2024-10-28,8563
00688L,國泰20年美債正2,145,102,43,新光-新竹,2024-10-28,8563
3062,建漢,77,36,41,新光-新竹,2024-10-28,8563
00665L,富邦�琤肭磪囓�2,55,15,40,新光-新竹,2024-10-28,8563
00631L,元大台灣50正2,56,16,40,新光-新竹,2024-10-28,8563
8176,智捷,51,12,39,新光-新竹,2024-10-28,8563
2610,華航,89,52,37,新光-新竹,2024-10-28,8563
1595,川寶,62,25,37,新光-新竹,2024-10-28,8563
3709,鑫聯大投控,48,11,37,新光-新竹,2024-10-28,8563
1702,南僑,37,0,37,新光-新竹,2024-10-28,8563
2103,台橡,36,0,36,新光-新竹,2024-10-28,8563
4971,IET-KY,43,7,36,新光-新竹,2024-10-28,8563
8028,昇陽半導體,37,3,34,新光-新竹,2024-10-28,8563
2388,威盛,84,50,34,新光-新竹,2024-10-28,8563
8107,大億金茂,37,4,33,新光-新竹,2024-10-28,8563
2515,中工,31,0,31,新光-新竹,2024-10-28,8563
9935,慶豐富,31,0,31,新光-新竹,2024-10-28,8563
00929,復華台灣科技優息,75,44,31,新光-新竹,2024-10-28,8563
00953B,群益優選非投等債,30,0,30,新光-新竹,2024-10-28,8563
2374,佳能,32,2,30,新光-新竹,2024-10-28,8563
00706L,期元大S＆P日圓正2,29,0,29,新光-新竹,2024-10-28,8563
00882,中信中國高股息,76,47,29,新光-新竹,2024-10-28,8563
3550,聯穎,28,0,28,新光-新竹,2024-10-28,8563
0056,元大高股息,65,38,27,新光-新竹,2024-10-28,8563
00933B,國泰10Y+金融債,27,0,27,新光-新竹,2024-10-28,8563
5488,松普,86,60,26,新光-新竹,2024-10-28,8563
0050,元大台灣50,33,7,26,新光-新竹,2024-10-28,8563
00725B,國泰投資級公司債,22,0,22,新光-新竹,2024-10-28,8563
2332,友訊,21,0,21,新光-新竹,2024-10-28,8563
00919,群益台灣精選高息,535,42,493,新光-新竹,2024-10-29,8563
00712,復華富時不動產,344,74,270,新光-新竹,2024-10-29,8563
00715L,期街口布蘭特正2,210,4,206,新光-新竹,2024-10-29,8563
00953B,群益優選非投等債,170,0,170,新光-新竹,2024-10-29,8563
0056,元大高股息,184,22,162,新光-新竹,2024-10-29,8563
1449,佳和,239,77,162,新光-新竹,2024-10-29,8563
00878,國泰永續高股息,188,33,155,新光-新竹,2024-10-29,8563
6133,金橋,391,246,145,新光-新竹,2024-10-29,8563
00650L,復華香港正2,120,0,120,新光-新竹,2024-10-29,8563
00945B,凱基美國非投等債,120,0,120,新光-新竹,2024-10-29,8563
2880,華南金,115,0,115,新光-新竹,2024-10-29,8563
00679B,元大美債20年,173,59,114,新光-新竹,2024-10-29,8563
2801,彰銀,113,2,111,新光-新竹,2024-10-29,8563
006208,富邦台50,117,12,105,新光-新竹,2024-10-29,8563
2303,聯電,129,33,96,新光-新竹,2024-10-29,8563
2031,新光鋼,84,8,76,新光-新竹,2024-10-29,8563
2887,台新金,77,3,74,新光-新竹,2024-10-29,8563
00675L,富邦臺灣加權正2,89,25,64,新光-新竹,2024-10-29,8563
3081,聯亞,118,54,64,新光-新竹,2024-10-29,8563
00937B,群益ESG投等債20,95,35,60,新光-新竹,2024-10-29,8563
00637L,元大滬深300正2,102,42,60,新光-新竹,2024-10-29,8563
5425,台半,77,17,60,新光-新竹,2024-10-29,8563
2883,凱基金,265,206,59,新光-新竹,2024-10-29,8563
00753L,中信中國50正2,208,150,58,新光-新竹,2024-10-29,8563
2610,華航,71,13,58,新光-新竹,2024-10-29,8563
5202,力新,135,77,58,新光-新竹,2024-10-29,8563
00922,國泰台灣領袖50,62,5,57,新光-新竹,2024-10-29,8563
3481,群創,57,5,52,新光-新竹,2024-10-29,8563
00642U,期元大S＆P石油,50,0,50,新光-新竹,2024-10-29,8563
3354,律勝,50,0,50,新光-新竹,2024-10-29,8563
00631L,元大台灣50正2,78,33,45,新光-新竹,2024-10-29,8563
00948B,中信優息投資級債,112,68,44,新光-新竹,2024-10-29,8563
00940,元大台灣價值高息,76,34,42,新光-新竹,2024-10-29,8563
00934,中信成長高股息,41,1,40,新光-新竹,2024-10-29,8563
00915,凱基優選高股息30,45,5,40,新光-新竹,2024-10-29,8563
1802,台玻,58,19,39,新光-新竹,2024-10-29,8563
00932,兆豐永續高息等權,43,5,38,新光-新竹,2024-10-29,8563
1528,恩德,50,13,37,新光-新竹,2024-10-29,8563
2312,金寶,61,25,36,新光-新竹,2024-10-29,8563
1314,中石化,38,2,36,新光-新竹,2024-10-29,8563
00946,群益科技高息成長,35,0,35,新光-新竹,2024-10-29,8563
00943,兆豐電子高息等權,35,1,34,新光-新竹,2024-10-29,8563
8107,大億金茂,94,60,34,新光-新竹,2024-10-29,8563
2455,全新,52,20,32,新光-新竹,2024-10-29,8563
3338,泰碩,31,0,31,新光-新竹,2024-10-29,8563
1710,東聯,31,0,31,新光-新竹,2024-10-29,8563
2317,鴻海,342,312,30,新光-新竹,2024-10-29,8563
2884,玉山金,30,0,30,新光-新竹,2024-10-29,8563
2328,廣宇,31,1,30,新光-新竹,2024-10-29,8563
6156,松上,50,22,28,新光-新竹,2024-10-29,8563
00953B,群益優選非投等債,295,40,255,新光-新竹,2024-10-30,8563
2354,鴻準,515,289,226,新光-新竹,2024-10-30,8563
00753L,中信中國50正2,417,203,214,新光-新竹,2024-10-30,8563
00937B,群益ESG投等債20,218,24,194,新光-新竹,2024-10-30,8563
00919,群益台灣精選高息,201,18,183,新光-新竹,2024-10-30,8563
00632R,元大台灣50反1,262,151,111,新光-新竹,2024-10-30,8563
2402,毅嘉,103,12,91,新光-新竹,2024-10-30,8563
00712,復華富時不動產,86,1,85,新光-新竹,2024-10-30,8563
00637L,元大滬深300正2,107,25,82,新光-新竹,2024-10-30,8563
00878,國泰永續高股息,78,4,74,新光-新竹,2024-10-30,8563
00882,中信中國高股息,111,39,72,新光-新竹,2024-10-30,8563
4919,新唐,151,81,70,新光-新竹,2024-10-30,8563
3481,群創,69,11,58,新光-新竹,2024-10-30,8563
0056,元大高股息,53,6,47,新光-新竹,2024-10-30,8563
00687B,國泰20年美債,109,62,47,新光-新竹,2024-10-30,8563
00887,永豐中國科技50大,43,0,43,新光-新竹,2024-10-30,8563
4533,協易機,42,0,42,新光-新竹,2024-10-30,8563
4532,瑞智,42,0,42,新光-新竹,2024-10-30,8563
00915,凱基優選高股息30,42,2,40,新光-新竹,2024-10-30,8563
2303,聯電,48,11,37,新光-新竹,2024-10-30,8563
5469,瀚宇博,36,0,36,新光-新竹,2024-10-30,8563
00715L,期街口布蘭特正2,45,11,34,新光-新竹,2024-10-30,8563
1721,三晃,34,0,34,新光-新竹,2024-10-30,8563
6757,台灣虎航,42,8,34,新光-新竹,2024-10-30,8563
1314,中石化,30,0,30,新光-新竹,2024-10-30,8563
2887,台新金,31,2,29,新光-新竹,2024-10-30,8563
4971,IET-KY,30,1,29,新光-新竹,2024-10-30,8563
5452,佶優,40,11,29,新光-新竹,2024-10-30,8563
00665L,富邦�琤肭磪囓�2,68,40,28,新光-新竹,2024-10-30,8563
1319,東陽,29,1,28,新光-新竹,2024-10-30,8563
00943,兆豐電子高息等權,26,0,26,新光-新竹,2024-10-30,8563
00631L,元大台灣50正2,43,19,24,新光-新竹,2024-10-30,8563
1528,恩德,280,257,23,新光-新竹,2024-10-30,8563
006208,富邦台50,36,14,22,新光-新竹,2024-10-30,8563
00946,群益科技高息成長,21,0,21,新光-新竹,2024-10-30,8563
1220,台榮,20,0,20,新光-新竹,2024-10-30,8563
2511,太子,20,0,20,新光-新竹,2024-10-30,8563
4414,如興,20,0,20,新光-新竹,2024-10-30,8563
00708L,期元大S＆P黃金正2,19,0,19,新光-新竹,2024-10-30,8563
2401,凌陽,20,1,19,新光-新竹,2024-10-30,8563
2388,威盛,103,85,18,新光-新竹,2024-10-30,8563
6191,精成科,24,7,17,新光-新竹,2024-10-30,8563
3062,建漢,97,80,17,新光-新竹,2024-10-30,8563
4139,馬光-KY,16,0,16,新光-新竹,2024-10-30,8563
6442,光聖,35,19,16,新光-新竹,2024-10-30,8563
2312,金寶,60,45,15,新光-新竹,2024-10-30,8563
6451,訊芯-KY,16,2,14,新光-新竹,2024-10-30,8563
3014,聯陽,15,1,14,新光-新竹,2024-10-30,8563
6240,松崗,14,0,14,新光-新竹,2024-10-30,8563
1568,倉佑,21,8,13,新光-新竹,2024-10-30,8563
2431,聯昌,736,57,679,新光-新竹,2024-11-01,8563
00919,群益台灣精選高息,409,60,349,新光-新竹,2024-11-01,8563
00929,復華台灣科技優息,292,40,252,新光-新竹,2024-11-01,8563
00878,國泰永續高股息,243,10,233,新光-新竹,2024-11-01,8563
0056,元大高股息,207,36,171,新光-新竹,2024-11-01,8563
00679B,元大美債20年,177,9,168,新光-新竹,2024-11-01,8563
8150,南茂,168,19,149,新光-新竹,2024-11-01,8563
00948B,中信優息投資級債,164,42,122,新光-新竹,2024-11-01,8563
2317,鴻海,329,207,122,新光-新竹,2024-11-01,8563
00891,中信關鍵半導體,122,0,122,新光-新竹,2024-11-01,8563
2891,中信金,224,104,120,新光-新竹,2024-11-01,8563
1314,中石化,121,2,119,新光-新竹,2024-11-01,8563
3450,聯鈞,251,133,118,新光-新竹,2024-11-01,8563
00712,復華富時不動產,221,120,101,新光-新竹,2024-11-01,8563
9105,泰金寶-DR,200,100,100,新光-新竹,2024-11-01,8563
00687B,國泰20年美債,174,79,95,新光-新竹,2024-11-01,8563
2303,聯電,115,22,93,新光-新竹,2024-11-01,8563
2884,玉山金,94,2,92,新光-新竹,2024-11-01,8563
00915,凱基優選高股息30,71,3,68,新光-新竹,2024-11-01,8563
2376,技嘉,102,38,64,新光-新竹,2024-11-01,8563
1528,恩德,94,31,63,新光-新竹,2024-11-01,8563
00937B,群益ESG投等債20,143,83,60,新光-新竹,2024-11-01,8563
2887,台新金,105,52,53,新光-新竹,2024-11-01,8563
00675L,富邦臺灣加權正2,60,7,53,新光-新竹,2024-11-01,8563
00713,元大台灣高息低波,52,0,52,新光-新竹,2024-11-01,8563
00940,元大台灣價值高息,53,5,48,新光-新竹,2024-11-01,8563
00631L,元大台灣50正2,68,22,46,新光-新竹,2024-11-01,8563
00945B,凱基美國非投等債,73,30,43,新光-新竹,2024-11-01,8563
006208,富邦台50,61,18,43,新光-新竹,2024-11-01,8563
8111,立��,89,47,42,新光-新竹,2024-11-01,8563
2883,凱基金,241,200,41,新光-新竹,2024-11-01,8563
3686,達能,44,4,40,新光-新竹,2024-11-01,8563
00706L,期元大S＆P日圓正2,51,12,39,新光-新竹,2024-11-01,8563
2880,華南金,37,2,35,新光-新竹,2024-11-01,8563
1721,三晃,95,60,35,新光-新竹,2024-11-01,8563
00830,國泰費城半導體,34,0,34,新光-新竹,2024-11-01,8563
2359,所羅門,32,3,29,新光-新竹,2024-11-01,8563
00924,復華S＆P500成長,28,0,28,新光-新竹,2024-11-01,8563
6274,台燿,50,22,28,新光-新竹,2024-11-01,8563
2886,兆豐金,28,1,27,新光-新竹,2024-11-01,8563
00918,大華優利高填息30,41,15,26,新光-新竹,2024-11-01,8563
2397,友通,34,8,26,新光-新竹,2024-11-01,8563
2633,台灣高鐵,27,2,25,新光-新竹,2024-11-01,8563
00882,中信中國高股息,57,32,25,新光-新竹,2024-11-01,8563
2104,國際中橡,24,0,24,新光-新竹,2024-11-01,8563
00905,FT臺灣Smart,23,0,23,新光-新竹,2024-11-01,8563
00670L,富邦NASDAQ正2,23,0,23,新光-新竹,2024-11-01,8563
2402,毅嘉,28,5,23,新光-新竹,2024-11-01,8563
5871,中租-KY,28,5,23,新光-新竹,2024-11-01,8563
2353,宏��,21,0,21,新光-新竹,2024-11-01,8563
00937B,群益ESG投等債20,782,72,710,新光-新竹,2024-11-04,8563
00878,國泰永續高股息,391,35,356,新光-新竹,2024-11-04,8563
00712,復華富時不動產,350,0,350,新光-新竹,2024-11-04,8563
1806,冠軍,308,0,308,新光-新竹,2024-11-04,8563
00679B,元大美債20年,274,52,222,新光-新竹,2024-11-04,8563
3481,群創,154,2,152,新光-新竹,2024-11-04,8563
00680L,元大美債20正2,210,82,128,新光-新竹,2024-11-04,8563
2312,金寶,138,52,86,新光-新竹,2024-11-04,8563
00938,凱基優選30,80,0,80,新光-新竹,2024-11-04,8563
00687B,國泰20年美債,329,249,80,新光-新竹,2024-11-04,8563
00643,群益深証中小,74,0,74,新光-新竹,2024-11-04,8563
8150,南茂,72,0,72,新光-新竹,2024-11-04,8563
00945B,凱基美國非投等債,65,0,65,新光-新竹,2024-11-04,8563
2609,陽明,112,54,58,新光-新竹,2024-11-04,8563
2615,萬海,304,246,58,新光-新竹,2024-11-04,8563
1815,富喬,57,3,54,新光-新竹,2024-11-04,8563
00933B,國泰10Y+金融債,53,0,53,新光-新竹,2024-11-04,8563
00953B,群益優選非投等債,51,0,51,新光-新竹,2024-11-04,8563
3189,景碩,78,28,50,新光-新竹,2024-11-04,8563
2388,威盛,64,14,50,新光-新竹,2024-11-04,8563
00751B,元大AAA至A公司債,42,0,42,新光-新竹,2024-11-04,8563
8011,台通,55,14,41,新光-新竹,2024-11-04,8563
2303,聯電,58,17,41,新光-新竹,2024-11-04,8563
2610,華航,43,4,39,新光-新竹,2024-11-04,8563
00772B,中信高評級公司債,36,0,36,新光-新竹,2024-11-04,8563
00943,兆豐電子高息等權,37,1,36,新光-新竹,2024-11-04,8563
00930,永豐ESG低碳高息,35,0,35,新光-新竹,2024-11-04,8563
2431,聯昌,182,147,35,新光-新竹,2024-11-04,8563
2409,友達,37,4,33,新光-新竹,2024-11-04,8563
00650L,復華香港正2,30,0,30,新光-新竹,2024-11-04,8563
4919,新唐,58,29,29,新光-新竹,2024-11-04,8563
2887,台新金,26,0,26,新光-新竹,2024-11-04,8563
0056,元大高股息,43,17,26,新光-新竹,2024-11-04,8563
00720B,元大投資級公司債,54,28,26,新光-新竹,2024-11-04,8563
6283,淳安,25,0,25,新光-新竹,2024-11-04,8563
00919,群益台灣精選高息,167,142,25,新光-新竹,2024-11-04,8563
6271,同欣電,26,3,23,新光-新竹,2024-11-04,8563
3450,聯鈞,108,85,23,新光-新竹,2024-11-04,8563
2884,玉山金,42,19,23,新光-新竹,2024-11-04,8563
5876,上海商銀,22,0,22,新光-新竹,2024-11-04,8563
3260,威剛,24,3,21,新光-新竹,2024-11-04,8563
3019,亞光,34,13,21,新光-新竹,2024-11-04,8563
00664R,國泰臺灣加權反1,20,0,20,新光-新竹,2024-11-04,8563
4562,穎漢,21,1,20,新光-新竹,2024-11-04,8563
2618,長榮航,92,73,19,新光-新竹,2024-11-04,8563
00635U,期元大S＆P黃金,20,1,19,新光-新竹,2024-11-04,8563
6197,佳必琪,19,1,18,新光-新竹,2024-11-04,8563
00768B,復華20年美債,18,0,18,新光-新竹,2024-11-04,8563
5465,富驊,20,2,18,新光-新竹,2024-11-04,8563
3217,優群,24,6,18,新光-新竹,2024-11-04,8563
2399,映泰,641,107,534,新光-新竹,2024-11-05,8563
00878,國泰永續高股息,240,16,224,新光-新竹,2024-11-05,8563
00688L,國泰20年美債正2,186,4,182,新光-新竹,2024-11-05,8563
00687B,國泰20年美債,232,54,178,新光-新竹,2024-11-05,8563
00632R,元大台灣50反1,176,0,176,新光-新竹,2024-11-05,8563
00929,復華台灣科技優息,181,62,119,新光-新竹,2024-11-05,8563
00919,群益台灣精選高息,132,18,114,新光-新竹,2024-11-05,8563
2303,聯電,120,24,96,新光-新竹,2024-11-05,8563
00639,富邦深100,85,0,85,新光-新竹,2024-11-05,8563
00633L,富邦上証正2,75,0,75,新光-新竹,2024-11-05,8563
00637L,元大滬深300正2,331,256,75,新光-新竹,2024-11-05,8563
00938,凱基優選30,70,0,70,新光-新竹,2024-11-05,8563
00650L,復華香港正2,66,1,65,新光-新竹,2024-11-05,8563
00753L,中信中國50正2,113,48,65,新光-新竹,2024-11-05,8563
00679B,元大美債20年,98,42,56,新光-新竹,2024-11-05,8563
2884,玉山金,57,1,56,新光-新竹,2024-11-05,8563
2610,華航,55,0,55,新光-新竹,2024-11-05,8563
00907,永豐優息存股,50,0,50,新光-新竹,2024-11-05,8563
1806,冠軍,50,0,50,新光-新竹,2024-11-05,8563
2354,鴻準,555,508,47,新光-新竹,2024-11-05,8563
5426,振發,44,3,41,新光-新竹,2024-11-05,8563
1301,台塑,42,1,41,新光-新竹,2024-11-05,8563
00655L,國泰中國A50正2,40,0,40,新光-新竹,2024-11-05,8563
2888,新光金,36,0,36,新光-新竹,2024-11-05,8563
00901,永豐智能車供應鏈,35,0,35,新光-新竹,2024-11-05,8563
6240,松崗,35,0,35,新光-新竹,2024-11-05,8563
00664R,國泰臺灣加權反1,33,0,33,新光-新竹,2024-11-05,8563
00706L,期元大S＆P日圓正2,30,0,30,新光-新竹,2024-11-05,8563
00930,永豐ESG低碳高息,29,0,29,新光-新竹,2024-11-05,8563
00924,復華S＆P500成長,29,0,29,新光-新竹,2024-11-05,8563
4909,新復興,81,53,28,新光-新竹,2024-11-05,8563
2467,志聖,44,16,28,新光-新竹,2024-11-05,8563
4903,聯光通,142,115,27,新光-新竹,2024-11-05,8563
6443,元晶,26,0,26,新光-新竹,2024-11-05,8563
1528,恩德,48,24,24,新光-新竹,2024-11-05,8563
00940,元大台灣價值高息,24,0,24,新光-新竹,2024-11-05,8563
2365,昆盈,49,26,23,新光-新竹,2024-11-05,8563
00631L,元大台灣50正2,33,10,23,新光-新竹,2024-11-05,8563
5876,上海商銀,22,0,22,新光-新竹,2024-11-05,8563
00720B,元大投資級公司債,28,6,22,新光-新竹,2024-11-05,8563
3011,今皓,21,0,21,新光-新竹,2024-11-05,8563
2488,漢平,20,0,20,新光-新竹,2024-11-05,8563
00636,國泰中國A50,20,0,20,新光-新竹,2024-11-05,8563
2834,臺企銀,19,0,19,新光-新竹,2024-11-05,8563
3702A,大聯大甲特,18,0,18,新光-新竹,2024-11-05,8563
1314,中石化,18,0,18,新光-新竹,2024-11-05,8563
2204,中華,18,1,17,新光-新竹,2024-11-05,8563
00887,永豐中國科技50大,96,79,17,新光-新竹,2024-11-05,8563
3217,優群,17,0,17,新光-新竹,2024-11-05,8563
00946,群益科技高息成長,15,0,15,新光-新竹,2024-11-05,8563
00687B,國泰20年美債,1177,320,857,新光-新竹,2024-11-06,8563
00679B,元大美債20年,553,97,456,新光-新竹,2024-11-06,8563
00753L,中信中國50正2,303,67,236,新光-新竹,2024-11-06,8563
00919,群益台灣精選高息,250,25,225,新光-新竹,2024-11-06,8563
00795B,中信美國公債20年,195,12,183,新光-新竹,2024-11-06,8563
00688L,國泰20年美債正2,448,274,174,新光-新竹,2024-11-06,8563
00680L,元大美債20正2,897,739,158,新光-新竹,2024-11-06,8563
00948B,中信優息投資級債,313,156,157,新光-新竹,2024-11-06,8563
00937B,群益ESG投等債20,791,648,143,新光-新竹,2024-11-06,8563
3481,群創,118,2,116,新光-新竹,2024-11-06,8563
2618,長榮航,129,33,96,新光-新竹,2024-11-06,8563
00637L,元大滬深300正2,292,212,80,新光-新竹,2024-11-06,8563
2887,台新金,78,0,78,新光-新竹,2024-11-06,8563
1449,佳和,199,122,77,新光-新竹,2024-11-06,8563
00751B,元大AAA至A公司債,79,4,75,新光-新竹,2024-11-06,8563
2431,聯昌,170,97,73,新光-新竹,2024-11-06,8563
1301,台塑,109,41,68,新光-新竹,2024-11-06,8563
00706L,期元大S＆P日圓正2,106,38,68,新光-新竹,2024-11-06,8563
2243,宏旭-KY,60,0,60,新光-新竹,2024-11-06,8563
00665L,富邦�琤肭磪囓�2,52,0,52,新光-新竹,2024-11-06,8563
00878,國泰永續高股息,82,38,44,新光-新竹,2024-11-06,8563
00930,永豐ESG低碳高息,43,0,43,新光-新竹,2024-11-06,8563
2103,台橡,42,0,42,新光-新竹,2024-11-06,8563
2449,京元電子,111,71,40,新光-新竹,2024-11-06,8563
3711,日月光投控,94,55,39,新光-新竹,2024-11-06,8563
2615,萬海,250,212,38,新光-新竹,2024-11-06,8563
6438,迅得,46,8,38,新光-新竹,2024-11-06,8563
00720B,元大投資級公司債,43,7,36,新光-新竹,2024-11-06,8563
6609,瀧澤科,39,4,35,新光-新竹,2024-11-06,8563
4526,東台,117,82,35,新光-新竹,2024-11-06,8563
00764B,群益25年美債,33,0,33,新光-新竹,2024-11-06,8563
2884,玉山金,33,1,32,新光-新竹,2024-11-06,8563
3037,欣興,62,31,31,新光-新竹,2024-11-06,8563
2413,環科,32,1,31,新光-新竹,2024-11-06,8563
00655L,國泰中國A50正2,32,1,31,新光-新竹,2024-11-06,8563
00915,凱基優選高股息30,31,1,30,新光-新竹,2024-11-06,8563
3530,晶相光,30,0,30,新光-新竹,2024-11-06,8563
3303,岱稜,45,17,28,新光-新竹,2024-11-06,8563
5871,中租-KY,42,14,28,新光-新竹,2024-11-06,8563
00725B,國泰投資級公司債,32,7,25,新光-新竹,2024-11-06,8563
00650L,復華香港正2,212,187,25,新光-新竹,2024-11-06,8563
2379,瑞昱,28,3,25,新光-新竹,2024-11-06,8563
00946,群益科技高息成長,24,0,24,新光-新竹,2024-11-06,8563
8150,南茂,25,2,23,新光-新竹,2024-11-06,8563
3049,精金,25,3,22,新光-新竹,2024-11-06,8563
3228,金麗科,34,13,21,新光-新竹,2024-11-06,8563
00893,國泰智能電動車,19,0,19,新光-新竹,2024-11-06,8563
3705,永信,19,0,19,新光-新竹,2024-11-06,8563
2633,台灣高鐵,18,0,18,新光-新竹,2024-11-06,8563
2354,鴻準,675,657,18,新光-新竹,2024-11-06,8563
2634,漢翔,556,7,549,新光-新竹,2024-11-07,8563
2324,仁寶,699,159,540,新光-新竹,2024-11-07,8563
1449,佳和,614,84,530,新光-新竹,2024-11-07,8563
00632R,元大台灣50反1,433,16,417,新光-新竹,2024-11-07,8563
00712,復華富時不動產,411,8,403,新光-新竹,2024-11-07,8563
8033,雷虎,393,19,374,新光-新竹,2024-11-07,8563
00687B,國泰20年美債,470,180,290,新光-新竹,2024-11-07,8563
00650L,復華香港正2,328,80,248,新光-新竹,2024-11-07,8563
00688L,國泰20年美債正2,205,7,198,新光-新竹,2024-11-07,8563
00725B,國泰投資級公司債,187,19,168,新光-新竹,2024-11-07,8563
00891,中信關鍵半導體,170,8,162,新光-新竹,2024-11-07,8563
1314,中石化,183,41,142,新光-新竹,2024-11-07,8563
2883,凱基金,550,410,140,新光-新竹,2024-11-07,8563
00680L,元大美債20正2,173,47,126,新光-新竹,2024-11-07,8563
00679B,元大美債20年,170,69,101,新光-新竹,2024-11-07,8563
2332,友訊,120,23,97,新光-新竹,2024-11-07,8563
00942B,台新美A公司債20+,87,0,87,新光-新竹,2024-11-07,8563
00948B,中信優息投資級債,95,11,84,新光-新竹,2024-11-07,8563
00795B,中信美國公債20年,91,11,80,新光-新竹,2024-11-07,8563
00933B,國泰10Y+金融債,95,20,75,新光-新竹,2024-11-07,8563
00633L,富邦上証正2,60,0,60,新光-新竹,2024-11-07,8563
00655L,國泰中國A50正2,62,5,57,新光-新竹,2024-11-07,8563
9105,泰金寶-DR,241,187,54,新光-新竹,2024-11-07,8563
8070,長華*,53,0,53,新光-新竹,2024-11-07,8563
00706L,期元大S＆P日圓正2,66,18,48,新光-新竹,2024-11-07,8563
5512,力麒,38,0,38,新光-新竹,2024-11-07,8563
00740B,富邦全球投等債,38,0,38,新光-新竹,2024-11-07,8563
9945,潤泰新,35,0,35,新光-新竹,2024-11-07,8563
4909,新復興,96,62,34,新光-新竹,2024-11-07,8563
00643,群益深証中小,33,0,33,新光-新竹,2024-11-07,8563
00943,兆豐電子高息等權,33,1,32,新光-新竹,2024-11-07,8563
2609,陽明,109,79,30,新光-新竹,2024-11-07,8563
00664R,國泰臺灣加權反1,30,0,30,新光-新竹,2024-11-07,8563
2406,國碩,30,0,30,新光-新竹,2024-11-07,8563
3019,亞光,65,35,30,新光-新竹,2024-11-07,8563
2303,聯電,135,110,25,新光-新竹,2024-11-07,8563
3206,志豐,25,0,25,新光-新竹,2024-11-07,8563
00783,富邦中証500,25,0,25,新光-新竹,2024-11-07,8563
00713,元大台灣高息低波,30,6,24,新光-新竹,2024-11-07,8563
2312,金寶,153,130,23,新光-新竹,2024-11-07,8563
2633,台灣高鐵,22,1,21,新光-新竹,2024-11-07,8563
2387,精元,20,0,20,新光-新竹,2024-11-07,8563
6134,萬旭,24,4,20,新光-新竹,2024-11-07,8563
2027,大成鋼,93,73,20,新光-新竹,2024-11-07,8563
2497,怡利電,28,8,20,新光-新竹,2024-11-07,8563
6125,廣運,24,5,19,新光-新竹,2024-11-07,8563
8047,星雲,19,0,19,新光-新竹,2024-11-07,8563
2014,中鴻,27,9,18,新光-新竹,2024-11-07,8563
3701,大眾控,34,16,18,新光-新竹,2024-11-07,8563
9907,統一實,18,0,18,新光-新竹,2024-11-07,8563
00753L,中信中國50正2,649,49,600,新光-新竹,2024-11-08,8563
00882,中信中國高股息,425,40,385,新光-新竹,2024-11-08,8563
9105,泰金寶-DR,361,61,300,新光-新竹,2024-11-08,8563
3211,順達,235,28,207,新光-新竹,2024-11-08,8563
00929,復華台灣科技優息,242,42,200,新光-新竹,2024-11-08,8563
00919,群益台灣精選高息,153,37,116,新光-新竹,2024-11-08,8563
1301,台塑,181,68,113,新光-新竹,2024-11-08,8563
00637L,元大滬深300正2,532,424,108,新光-新竹,2024-11-08,8563
4909,新復興,189,83,106,新光-新竹,2024-11-08,8563
3062,建漢,278,172,106,新光-新竹,2024-11-08,8563
2891,中信金,106,10,96,新光-新竹,2024-11-08,8563
00673R,期元大S＆P原油反1,95,0,95,新光-新竹,2024-11-08,8563
2303,聯電,125,33,92,新光-新竹,2024-11-08,8563
3015,全漢,87,0,87,新光-新竹,2024-11-08,8563
1303,南亞,79,1,78,新光-新竹,2024-11-08,8563
2451,創見,70,0,70,新光-新竹,2024-11-08,8563
00795B,中信美國公債20年,84,17,67,新光-新竹,2024-11-08,8563
00679B,元大美債20年,140,74,66,新光-新竹,2024-11-08,8563
3037,欣興,104,41,63,新光-新竹,2024-11-08,8563
6873,泓德能源,128,67,61,新光-新竹,2024-11-08,8563
2516,新建,60,0,60,新光-新竹,2024-11-08,8563
00915,凱基優選高股息30,89,30,59,新光-新竹,2024-11-08,8563
6257,矽格,64,7,57,新光-新竹,2024-11-08,8563
6274,台燿,61,5,56,新光-新竹,2024-11-08,8563
2388,威盛,230,175,55,新光-新竹,2024-11-08,8563
00655L,國泰中國A50正2,53,0,53,新光-新竹,2024-11-08,8563
00650L,復華香港正2,156,103,53,新光-新竹,2024-11-08,8563
3006,晶豪科,50,0,50,新光-新竹,2024-11-08,8563
2312,金寶,78,29,49,新光-新竹,2024-11-08,8563
4533,協易機,66,18,48,新光-新竹,2024-11-08,8563
6438,迅得,59,14,45,新光-新竹,2024-11-08,8563
2883,凱基金,51,8,43,新光-新竹,2024-11-08,8563
3189,景碩,64,23,41,新光-新竹,2024-11-08,8563
2458,義隆,41,0,41,新光-新竹,2024-11-08,8563
2317,鴻海,135,95,40,新光-新竹,2024-11-08,8563
1595,川寶,60,24,36,新光-新竹,2024-11-08,8563
6781,AES-KY,43,7,36,新光-新竹,2024-11-08,8563
00931B,統一美債20年,56,22,34,新光-新竹,2024-11-08,8563
8466,美吉吉-KY,34,1,33,新光-新竹,2024-11-08,8563
2103,台橡,44,11,33,新光-新竹,2024-11-08,8563
2363,矽統,64,32,32,新光-新竹,2024-11-08,8563
2474,可成,32,2,30,新光-新竹,2024-11-08,8563
2409,友達,36,6,30,新光-新竹,2024-11-08,8563
3338,泰碩,29,0,29,新光-新竹,2024-11-08,8563
3689,湧德,33,5,28,新光-新竹,2024-11-08,8563
1714,和桐,27,0,27,新光-新竹,2024-11-08,8563
2313,華通,88,62,26,新光-新竹,2024-11-08,8563
2208,台船,30,5,25,新光-新竹,2024-11-08,8563
6854,錼創科技-KY創,25,0,25,新光-新竹,2024-11-08,8563
2106,建大,25,0,25,新光-新竹,2024-11-08,8563
00632R,元大台灣50反1,1128,148,980,新光-新竹,2024-11-11,8563
00937B,群益ESG投等債20,680,17,663,新光-新竹,2024-11-11,8563
3003,健和興,307,0,307,新光-新竹,2024-11-11,8563
2392,正崴,307,96,211,新光-新竹,2024-11-11,8563
3706,神達,207,14,193,新光-新竹,2024-11-11,8563
00637L,元大滬深300正2,309,169,140,新光-新竹,2024-11-11,8563
00687B,國泰20年美債,214,81,133,新光-新竹,2024-11-11,8563
1815,富喬,129,5,124,新光-新竹,2024-11-11,8563
00919,群益台灣精選高息,161,56,105,新光-新竹,2024-11-11,8563
00878,國泰永續高股息,130,37,93,新光-新竹,2024-11-11,8563
2241,艾姆勒,82,8,74,新光-新竹,2024-11-11,8563
00930,永豐ESG低碳高息,69,0,69,新光-新竹,2024-11-11,8563
3689,湧德,70,6,64,新光-新竹,2024-11-11,8563
00713,元大台灣高息低波,64,2,62,新光-新竹,2024-11-11,8563
00907,永豐優息存股,60,0,60,新光-新竹,2024-11-11,8563
2449,京元電子,114,59,55,新光-新竹,2024-11-11,8563
2646,星宇航空,55,1,54,新光-新竹,2024-11-11,8563
5871,中租-KY,73,21,52,新光-新竹,2024-11-11,8563
00915,凱基優選高股息30,47,0,47,新光-新竹,2024-11-11,8563
1102,亞泥,46,0,46,新光-新竹,2024-11-11,8563
00783,富邦中証500,46,0,46,新光-新竹,2024-11-11,8563
3037,欣興,98,53,45,新光-新竹,2024-11-11,8563
1402,遠東新,45,0,45,新光-新竹,2024-11-11,8563
00932,兆豐永續高息等權,43,0,43,新光-新竹,2024-11-11,8563
3303,岱稜,113,71,42,新光-新竹,2024-11-11,8563
2610,華航,55,14,41,新光-新竹,2024-11-11,8563
1301,台塑,80,42,38,新光-新竹,2024-11-11,8563
2356,英業達,137,102,35,新光-新竹,2024-11-11,8563
2834,臺企銀,35,0,35,新光-新竹,2024-11-11,8563
00631L,元大台灣50正2,50,16,34,新光-新竹,2024-11-11,8563
00665L,富邦�琤肭磪囓�2,99,66,33,新光-新竹,2024-11-11,8563
6830,汎銓,32,0,32,新光-新竹,2024-11-11,8563
1702,南僑,31,0,31,新光-新竹,2024-11-11,8563
1721,三晃,30,0,30,新光-新竹,2024-11-11,8563
4716,大立,29,0,29,新光-新竹,2024-11-11,8563
0056,元大高股息,38,10,28,新光-新竹,2024-11-11,8563
00642U,期元大S＆P石油,28,0,28,新光-新竹,2024-11-11,8563
2103,台橡,27,0,27,新光-新竹,2024-11-11,8563
2615,萬海,193,166,27,新光-新竹,2024-11-11,8563
2317,鴻海,101,75,26,新光-新竹,2024-11-11,8563
6770,力積電,26,0,26,新光-新竹,2024-11-11,8563
2455,全新,33,7,26,新光-新竹,2024-11-11,8563
1303,南亞,37,12,25,新光-新竹,2024-11-11,8563
3231,緯創,57,32,25,新光-新竹,2024-11-11,8563
8150,南茂,23,1,22,新光-新竹,2024-11-11,8563
1708,東鹼,49,28,21,新光-新竹,2024-11-11,8563
1605,華新,30,9,21,新光-新竹,2024-11-11,8563
1582,信錦,22,1,21,新光-新竹,2024-11-11,8563
9904,寶成,20,0,20,新光-新竹,2024-11-11,8563
2489,瑞軒,20,0,20,新光-新竹,2024-11-11,8563
3706,神達,977,496,481,新光-新竹,2024-11-12,8563
00878,國泰永續高股息,370,12,358,新光-新竹,2024-11-12,8563
2883,凱基金,354,1,353,新光-新竹,2024-11-12,8563
00929,復華台灣科技優息,357,21,336,新光-新竹,2024-11-12,8563
0056,元大高股息,216,2,214,新光-新竹,2024-11-12,8563
5871,中租-KY,229,31,198,新光-新竹,2024-11-12,8563
2356,英業達,259,85,174,新光-新竹,2024-11-12,8563
00715L,期街口布蘭特正2,171,3,168,新光-新竹,2024-11-12,8563
00675L,富邦臺灣加權正2,179,15,164,新光-新竹,2024-11-12,8563
2618,長榮航,319,167,152,新光-新竹,2024-11-12,8563
00887,永豐中國科技50大,162,15,147,新光-新竹,2024-11-12,8563
1314,中石化,142,1,141,新光-新竹,2024-11-12,8563
3211,順達,252,113,139,新光-新竹,2024-11-12,8563
3481,群創,163,29,134,新光-新竹,2024-11-12,8563
00757,統一FANG+,130,5,125,新光-新竹,2024-11-12,8563
2002,中鋼,117,3,114,新光-新竹,2024-11-12,8563
00631L,元大台灣50正2,139,31,108,新光-新竹,2024-11-12,8563
00930,永豐ESG低碳高息,103,0,103,新光-新竹,2024-11-12,8563
006208,富邦台50,103,5,98,新光-新竹,2024-11-12,8563
00915,凱基優選高股息30,97,1,96,新光-新竹,2024-11-12,8563
2888,新光金,132,40,92,新光-新竹,2024-11-12,8563
00919,群益台灣精選高息,129,43,86,新光-新竹,2024-11-12,8563
00643,群益深証中小,70,0,70,新光-新竹,2024-11-12,8563
00713,元大台灣高息低波,72,2,70,新光-新竹,2024-11-12,8563
2609,陽明,307,238,69,新光-新竹,2024-11-12,8563
00753L,中信中國50正2,87,22,65,新光-新竹,2024-11-12,8563
2884,玉山金,63,2,61,新光-新竹,2024-11-12,8563
2615,萬海,181,131,50,新光-新竹,2024-11-12,8563
00706L,期元大S＆P日圓正2,50,0,50,新光-新竹,2024-11-12,8563
2543,皇昌,54,5,49,新光-新竹,2024-11-12,8563
00665L,富邦�琤肭磪囓�2,88,41,47,新光-新竹,2024-11-12,8563
00943,兆豐電子高息等權,45,0,45,新光-新竹,2024-11-12,8563
1708,東鹼,88,44,44,新光-新竹,2024-11-12,8563
2303,聯電,74,32,42,新光-新竹,2024-11-12,8563
00932,兆豐永續高息等權,42,0,42,新光-新竹,2024-11-12,8563
1101,台泥,43,1,42,新光-新竹,2024-11-12,8563
00688L,國泰20年美債正2,138,96,42,新光-新竹,2024-11-12,8563
2892,第一金,46,4,42,新光-新竹,2024-11-12,8563
00882,中信中國高股息,99,59,40,新光-新竹,2024-11-12,8563
2867,三商壽,55,15,40,新光-新竹,2024-11-12,8563
0050,元大台灣50,42,2,40,新光-新竹,2024-11-12,8563
9945,潤泰新,43,4,39,新光-新竹,2024-11-12,8563
3189,景碩,40,2,38,新光-新竹,2024-11-12,8563
00923,群益台ESG低碳50,39,1,38,新光-新竹,2024-11-12,8563
9105,泰金寶-DR,53,15,38,新光-新竹,2024-11-12,8563
00905,FT臺灣Smart,38,1,37,新光-新竹,2024-11-12,8563
6274,台燿,35,0,35,新光-新竹,2024-11-12,8563
6505,台塑化,35,2,33,新光-新竹,2024-11-12,8563
6781,AES-KY,37,4,33,新光-新竹,2024-11-12,8563
2106,建大,33,0,33,新光-新竹,2024-11-12,8563
9105,泰金寶-DR,565,105,460,新光-新竹,2024-11-13,8563
00948B,中信優息投資級債,630,264,366,新光-新竹,2024-11-13,8563
00687B,國泰20年美債,353,14,339,新光-新竹,2024-11-13,8563
00688L,國泰20年美債正2,408,70,338,新光-新竹,2024-11-13,8563
2476,鉅祥,315,11,304,新光-新竹,2024-11-13,8563
00878,國泰永續高股息,267,20,247,新光-新竹,2024-11-13,8563
00740B,富邦全球投等債,214,0,214,新光-新竹,2024-11-13,8563
00680L,元大美債20正2,189,0,189,新光-新竹,2024-11-13,8563
3706,神達,422,302,120,新光-新竹,2024-11-13,8563
5488,松普,161,57,104,新光-新竹,2024-11-13,8563
3481,群創,108,8,100,新光-新竹,2024-11-13,8563
6859,伯特光,103,4,99,新光-新竹,2024-11-13,8563
2891,中信金,305,213,92,新光-新竹,2024-11-13,8563
00679B,元大美債20年,150,61,89,新光-新竹,2024-11-13,8563
00915,凱基優選高股息30,95,9,86,新光-新竹,2024-11-13,8563
0056,元大高股息,101,16,85,新光-新竹,2024-11-13,8563
2892,第一金,81,1,80,新光-新竹,2024-11-13,8563
00891,中信關鍵半導體,70,0,70,新光-新竹,2024-11-13,8563
9904,寶成,74,7,67,新光-新竹,2024-11-13,8563
006208,富邦台50,65,11,54,新光-新竹,2024-11-13,8563
00882,中信中國高股息,73,22,51,新光-新竹,2024-11-13,8563
00715L,期街口布蘭特正2,56,7,49,新光-新竹,2024-11-13,8563
00712,復華富時不動產,49,0,49,新光-新竹,2024-11-13,8563
2330,台積電,63,17,46,新光-新竹,2024-11-13,8563
1314,中石化,46,0,46,新光-新竹,2024-11-13,8563
00795B,中信美國公債20年,43,0,43,新光-新竹,2024-11-13,8563
4931,新盛力,150,107,43,新光-新竹,2024-11-13,8563
5871,中租-KY,78,35,43,新光-新竹,2024-11-13,8563
00713,元大台灣高息低波,50,9,41,新光-新竹,2024-11-13,8563
3702A,大聯大甲特,41,0,41,新光-新竹,2024-11-13,8563
1569,濱川,98,58,40,新光-新竹,2024-11-13,8563
00631L,元大台灣50正2,52,12,40,新光-新竹,2024-11-13,8563
2344,華邦電,59,21,38,新光-新竹,2024-11-13,8563
2834,臺企銀,37,0,37,新光-新竹,2024-11-13,8563
8028,昇陽半導體,57,23,34,新光-新竹,2024-11-13,8563
3013,晟銘電,174,140,34,新光-新竹,2024-11-13,8563
2801,彰銀,33,0,33,新光-新竹,2024-11-13,8563
00893,國泰智能電動車,35,2,33,新光-新竹,2024-11-13,8563
1524,耿鼎,61,29,32,新光-新竹,2024-11-13,8563
2609,陽明,253,221,32,新光-新竹,2024-11-13,8563
3211,順達,140,109,31,新光-新竹,2024-11-13,8563
00905,FT臺灣Smart,36,6,30,新光-新竹,2024-11-13,8563
2349,錸德,238,209,29,新光-新竹,2024-11-13,8563
2887,台新金,31,2,29,新光-新竹,2024-11-13,8563
6770,力積電,36,7,29,新光-新竹,2024-11-13,8563
2332,友訊,29,1,28,新光-新竹,2024-11-13,8563
5243,乙盛-KY,39,11,28,新光-新竹,2024-11-13,8563
2883,凱基金,377,350,27,新光-新竹,2024-11-13,8563
3037,欣興,50,23,27,新光-新竹,2024-11-13,8563
2392,正崴,63,37,26,新光-新竹,2024-11-13,8563
00878,國泰永續高股息,530,0,530,新光-新竹,2024-11-14,8563
5398,慕康生醫,268,60,208,新光-新竹,2024-11-14,8563
00929,復華台灣科技優息,244,52,192,新光-新竹,2024-11-14,8563
2455,全新,259,74,185,新光-新竹,2024-11-14,8563
00674R,期元大S＆P黃金反1,168,0,168,新光-新竹,2024-11-14,8563
0056,元大高股息,193,29,164,新光-新竹,2024-11-14,8563
2883,凱基金,564,400,164,新光-新竹,2024-11-14,8563
00891,中信關鍵半導體,142,0,142,新光-新竹,2024-11-14,8563
00680L,元大美債20正2,202,72,130,新光-新竹,2024-11-14,8563
00919,群益台灣精選高息,146,40,106,新光-新竹,2024-11-14,8563
00946,群益科技高息成長,102,0,102,新光-新竹,2024-11-14,8563
00725B,國泰投資級公司債,101,0,101,新光-新竹,2024-11-14,8563
3706,神達,393,293,100,新光-新竹,2024-11-14,8563
2477,美隆電,100,4,96,新光-新竹,2024-11-14,8563
00937B,群益ESG投等債20,226,130,96,新光-新竹,2024-11-14,8563
2317,鴻海,409,320,89,新光-新竹,2024-11-14,8563
00948B,中信優息投資級債,89,0,89,新光-新竹,2024-11-14,8563
00679B,元大美債20年,112,24,88,新光-新竹,2024-11-14,8563
2884,玉山金,87,0,87,新光-新竹,2024-11-14,8563
00706L,期元大S＆P日圓正2,105,22,83,新光-新竹,2024-11-14,8563
3521,鴻翊,73,0,73,新光-新竹,2024-11-14,8563
00915,凱基優選高股息30,73,1,72,新光-新竹,2024-11-14,8563
00687B,國泰20年美債,141,74,67,新光-新竹,2024-11-14,8563
00637L,元大滬深300正2,177,112,65,新光-新竹,2024-11-14,8563
2596,綠意,60,0,60,新光-新竹,2024-11-14,8563
00675L,富邦臺灣加權正2,82,27,55,新光-新竹,2024-11-14,8563
00943,兆豐電子高息等權,54,0,54,新光-新竹,2024-11-14,8563
00713,元大台灣高息低波,55,1,54,新光-新竹,2024-11-14,8563
00930,永豐ESG低碳高息,50,0,50,新光-新竹,2024-11-14,8563
2892,第一金,46,0,46,新光-新竹,2024-11-14,8563
00783,富邦中証500,46,0,46,新光-新竹,2024-11-14,8563
2303,聯電,67,21,46,新光-新竹,2024-11-14,8563
2615,萬海,128,84,44,新光-新竹,2024-11-14,8563
2382,廣達,59,16,43,新光-新竹,2024-11-14,8563
2401,凌陽,42,0,42,新光-新竹,2024-11-14,8563
00940,元大台灣價值高息,45,5,40,新光-新竹,2024-11-14,8563
006208,富邦台50,58,18,40,新光-新竹,2024-11-14,8563
6282,康舒,85,50,35,新光-新竹,2024-11-14,8563
2882,國泰金,36,1,35,新光-新竹,2024-11-14,8563
6257,矽格,40,8,32,新光-新竹,2024-11-14,8563
3211,順達,146,114,32,新光-新竹,2024-11-14,8563
3037,欣興,63,32,31,新光-新竹,2024-11-14,8563
3702A,大聯大甲特,31,0,31,新光-新竹,2024-11-14,8563
00665L,富邦�琤肭磪囓�2,41,10,31,新光-新竹,2024-11-14,8563
1504,東元,35,5,30,新光-新竹,2024-11-14,8563
6179,亞通,30,0,30,新光-新竹,2024-11-14,8563
6220,岳豐,30,0,30,新光-新竹,2024-11-14,8563
00631L,元大台灣50正2,60,31,29,新光-新竹,2024-11-14,8563
00720B,元大投資級公司債,33,4,29,新光-新竹,2024-11-14,8563
2605,新興,30,1,29,新光-新竹,2024-11-14,8563
00878,國泰永續高股息,818,10,808,新光-新竹,2024-11-15,8563
00937B,群益ESG投等債20,347,10,337,新光-新竹,2024-11-15,8563
1714,和桐,250,0,250,新光-新竹,2024-11-15,8563
3711,日月光投控,274,43,231,新光-新竹,2024-11-15,8563
6757,台灣虎航,177,9,168,新光-新竹,2024-11-15,8563
1532,勤美,166,0,166,新光-新竹,2024-11-15,8563
1806,冠軍,166,0,166,新光-新竹,2024-11-15,8563
1432,大魯閣,100,1,99,新光-新竹,2024-11-15,8563
00684R,期元大美元指反1,80,0,80,新光-新竹,2024-11-15,8563
2883,凱基金,90,14,76,新光-新竹,2024-11-15,8563
00768B,復華20年美債,61,0,61,新光-新竹,2024-11-15,8563
2317,鴻海,438,390,48,新光-新竹,2024-11-15,8563
2103,台橡,40,0,40,新光-新竹,2024-11-15,8563
3202,樺晟,35,0,35,新光-新竹,2024-11-15,8563
00715L,期街口布蘭特正2,45,10,35,新光-新竹,2024-11-15,8563
00915,凱基優選高股息30,37,3,34,新光-新竹,2024-11-15,8563
2646,星宇航空,45,14,31,新光-新竹,2024-11-15,8563
006208,富邦台50,33,5,28,新光-新竹,2024-11-15,8563
5871,中租-KY,59,33,26,新光-新竹,2024-11-15,8563
8044,網家,26,0,26,新光-新竹,2024-11-15,8563
00945B,凱基美國非投等債,26,0,26,新光-新竹,2024-11-15,8563
5309,系統電,101,75,26,新光-新竹,2024-11-15,8563
8111,立��,27,2,25,新光-新竹,2024-11-15,8563
1708,東鹼,26,1,25,新光-新竹,2024-11-15,8563
3702A,大聯大甲特,26,2,24,新光-新竹,2024-11-15,8563
00893,國泰智能電動車,24,1,23,新光-新竹,2024-11-15,8563
3580,友威科,63,41,22,新光-新竹,2024-11-15,8563
3037,欣興,55,33,22,新光-新竹,2024-11-15,8563
6240,松崗,21,0,21,新光-新竹,2024-11-15,8563
00713,元大台灣高息低波,30,9,21,新光-新竹,2024-11-15,8563
3450,聯鈞,93,73,20,新光-新竹,2024-11-15,8563
4971,IET-KY,19,0,19,新光-新竹,2024-11-15,8563
2002,中鋼,18,0,18,新光-新竹,2024-11-15,8563
2382,廣達,208,190,18,新光-新竹,2024-11-15,8563
6219,富旺,18,0,18,新光-新竹,2024-11-15,8563
2412,中華電,18,0,18,新光-新竹,2024-11-15,8563
3323,加百裕,53,36,17,新光-新竹,2024-11-15,8563
00665L,富邦�琤肭磪囓�2,219,202,17,新光-新竹,2024-11-15,8563
0056,元大高股息,41,25,16,新光-新竹,2024-11-15,8563
00960,野村全球航運龍頭,16,0,16,新光-新竹,2024-11-15,8563
2377,微星,15,0,15,新光-新竹,2024-11-15,8563
4540,全球傳動,15,0,15,新光-新竹,2024-11-15,8563
00786B,元大10年IG銀行債,15,0,15,新光-新竹,2024-11-15,8563
2344,華邦電,13,0,13,新光-新竹,2024-11-15,8563
8096,擎亞,13,0,13,新光-新竹,2024-11-15,8563
1524,耿鼎,33,20,13,新光-新竹,2024-11-15,8563
4903,聯光通,17,5,12,新光-新竹,2024-11-15,8563
3376,新日興,14,2,12,新光-新竹,2024-11-15,8563
6739,竹陞科技,16,4,12,新光-新竹,2024-11-15,8563
0050,元大台灣50,21,10,11,新光-新竹,2024-11-15,8563
00878,國泰永續高股息,464,31,433,新光-新竹,2024-11-18,8563
00937B,群益ESG投等債20,438,34,404,新光-新竹,2024-11-18,8563
00679B,元大美債20年,399,24,375,新光-新竹,2024-11-18,8563
00929,復華台灣科技優息,299,142,157,新光-新竹,2024-11-18,8563
0056,元大高股息,188,71,117,新光-新竹,2024-11-18,8563
2353,宏��,108,9,99,新光-新竹,2024-11-18,8563
2367,燿華,99,4,95,新光-新竹,2024-11-18,8563
00715L,期街口布蘭特正2,103,13,90,新光-新竹,2024-11-18,8563
00953B,群益優選非投等債,80,0,80,新光-新竹,2024-11-18,8563
006208,富邦台50,77,9,68,新光-新竹,2024-11-18,8563
2101,南港,107,40,67,新光-新竹,2024-11-18,8563
6126,信音,66,0,66,新光-新竹,2024-11-18,8563
2610,華航,183,119,64,新光-新竹,2024-11-18,8563
2312,金寶,188,126,62,新光-新竹,2024-11-18,8563
3045,台灣大,61,0,61,新光-新竹,2024-11-18,8563
2442,新美齊,60,0,60,新光-新竹,2024-11-18,8563
00932,兆豐永續高息等權,63,5,58,新光-新竹,2024-11-18,8563
6438,迅得,66,14,52,新光-新竹,2024-11-18,8563
00713,元大台灣高息低波,53,2,51,新光-新竹,2024-11-18,8563
00740B,富邦全球投等債,50,0,50,新光-新竹,2024-11-18,8563
00795B,中信美國公債20年,82,42,40,新光-新竹,2024-11-18,8563
00943,兆豐電子高息等權,39,0,39,新光-新竹,2024-11-18,8563
2883B,凱基金乙特,48,10,38,新光-新竹,2024-11-18,8563
2615,萬海,77,40,37,新光-新竹,2024-11-18,8563
2881,富邦金,39,3,36,新光-新竹,2024-11-18,8563
5481,新華,35,0,35,新光-新竹,2024-11-18,8563
00675L,富邦臺灣加權正2,48,13,35,新光-新竹,2024-11-18,8563
00642U,期元大S＆P石油,34,0,34,新光-新竹,2024-11-18,8563
00885,富邦越南,37,6,31,新光-新竹,2024-11-18,8563
1603,華電,31,0,31,新光-新竹,2024-11-18,8563
2317,鴻海,301,271,30,新光-新竹,2024-11-18,8563
2330,台積電,38,11,27,新光-新竹,2024-11-18,8563
2476,鉅祥,26,0,26,新光-新竹,2024-11-18,8563
6757,台灣虎航,90,64,26,新光-新竹,2024-11-18,8563
1587,吉茂,41,18,23,新光-新竹,2024-11-18,8563
3231,緯創,55,32,23,新光-新竹,2024-11-18,8563
2376,技嘉,38,16,22,新光-新竹,2024-11-18,8563
00753L,中信中國50正2,24,3,21,新光-新竹,2024-11-18,8563
2033,佳大,20,0,20,新光-新竹,2024-11-18,8563
5425,台半,20,0,20,新光-新竹,2024-11-18,8563
2413,環科,20,0,20,新光-新竹,2024-11-18,8563
2603,長榮,37,17,20,新光-新竹,2024-11-18,8563
00639,富邦深100,19,0,19,新光-新竹,2024-11-18,8563
00940,元大台灣價值高息,24,5,19,新光-新竹,2024-11-18,8563
3050,鈺德,159,141,18,新光-新竹,2024-11-18,8563
00887,永豐中國科技50大,32,14,18,新光-新竹,2024-11-18,8563
00891,中信關鍵半導體,18,0,18,新光-新竹,2024-11-18,8563
2887,台新金,19,1,18,新光-新竹,2024-11-18,8563
00918,大華優利高填息30,26,8,18,新光-新竹,2024-11-18,8563
00934,中信成長高股息,17,0,17,新光-新竹,2024-11-18,8563
00632R,元大台灣50反1,655,67,588,新光-新竹,2024-11-19,8563
00937B,群益ESG投等債20,438,29,409,新光-新竹,2024-11-19,8563
2349,錸德,521,264,257,新光-新竹,2024-11-19,8563
2883B,凱基金乙特,242,0,242,新光-新竹,2024-11-19,8563
00637L,元大滬深300正2,603,413,190,新光-新竹,2024-11-19,8563
2891,中信金,190,2,188,新光-新竹,2024-11-19,8563
00953B,群益優選非投等債,160,0,160,新光-新竹,2024-11-19,8563
00673R,期元大S＆P原油反1,120,0,120,新光-新竹,2024-11-19,8563
2442,新美齊,90,0,90,新光-新竹,2024-11-19,8563
00878,國泰永續高股息,111,25,86,新光-新竹,2024-11-19,8563
2834,臺企銀,183,115,68,新光-新竹,2024-11-19,8563
1432,大魯閣,58,3,55,新光-新竹,2024-11-19,8563
9904,寶成,82,31,51,新光-新竹,2024-11-19,8563
2303,聯電,118,72,46,新光-新竹,2024-11-19,8563
00927,群益半導體收益,57,12,45,新光-新竹,2024-11-19,8563
3702,大聯大,39,0,39,新光-新竹,2024-11-19,8563
1449,佳和,46,8,38,新光-新竹,2024-11-19,8563
00713,元大台灣高息低波,38,1,37,新光-新竹,2024-11-19,8563
3481,群創,62,26,36,新光-新竹,2024-11-19,8563
1102,亞泥,81,46,35,新光-新竹,2024-11-19,8563
4991,環宇-KY,35,0,35,新光-新竹,2024-11-19,8563
3050,鈺德,40,7,33,新光-新竹,2024-11-19,8563
1216,統一,30,0,30,新光-新竹,2024-11-19,8563
3209,全科,35,5,30,新光-新竹,2024-11-19,8563
4931,新盛力,29,1,28,新光-新竹,2024-11-19,8563
3090,日電貿,58,31,27,新光-新竹,2024-11-19,8563
00795B,中信美國公債20年,26,0,26,新光-新竹,2024-11-19,8563
5516,雙喜,26,0,26,新光-新竹,2024-11-19,8563
2382,廣達,42,17,25,新光-新竹,2024-11-19,8563
8466,美吉吉-KY,26,1,25,新光-新竹,2024-11-19,8563
1301,台塑,57,33,24,新光-新竹,2024-11-19,8563
2884,玉山金,23,0,23,新光-新竹,2024-11-19,8563
00885,富邦越南,23,0,23,新光-新竹,2024-11-19,8563
00945B,凱基美國非投等債,22,0,22,新光-新竹,2024-11-19,8563
2317,鴻海,188,166,22,新光-新竹,2024-11-19,8563
3704,合勤控,27,6,21,新光-新竹,2024-11-19,8563
3037,欣興,54,34,20,新光-新竹,2024-11-19,8563
2101,南港,20,0,20,新光-新竹,2024-11-19,8563
3024,憶聲,20,2,18,新光-新竹,2024-11-19,8563
00675L,富邦臺灣加權正2,33,16,17,新光-新竹,2024-11-19,8563
3521,鴻翊,17,0,17,新光-新竹,2024-11-19,8563
8104,錸寶,113,96,17,新光-新竹,2024-11-19,8563
3376,新日興,17,1,16,新光-新竹,2024-11-19,8563
00882,中信中國高股息,16,1,15,新光-新竹,2024-11-19,8563
3450,聯鈞,91,76,15,新光-新竹,2024-11-19,8563
00930,永豐ESG低碳高息,14,1,13,新光-新竹,2024-11-19,8563
8089,康全電訊,16,3,13,新光-新竹,2024-11-19,8563
2340,台亞,15,2,13,新光-新竹,2024-11-19,8563
3339,泰谷,13,0,13,新光-新竹,2024-11-19,8563
2324,仁寶,53,40,13,新光-新竹,2024-11-19,8563
00937B,群益ESG投等債20,835,2,833,新光-新竹,2024-11-20,8563
00688L,國泰20年美債正2,356,10,346,新光-新竹,2024-11-20,8563
00878,國泰永續高股息,354,14,340,新光-新竹,2024-11-20,8563
3706,神達,816,592,224,新光-新竹,2024-11-20,8563
00953B,群益優選非投等債,154,0,154,新光-新竹,2024-11-20,8563
2354,鴻準,300,147,153,新光-新竹,2024-11-20,8563
2388,威盛,147,7,140,新光-新竹,2024-11-20,8563
00757,統一FANG+,100,4,96,新光-新竹,2024-11-20,8563
6438,迅得,109,15,94,新光-新竹,2024-11-20,8563
00680L,元大美債20正2,182,92,90,新光-新竹,2024-11-20,8563
6416,瑞祺電通,85,7,78,新光-新竹,2024-11-20,8563
00959B,大華投等美債15Y+,93,20,73,新光-新竹,2024-11-20,8563
2303,聯電,93,22,71,新光-新竹,2024-11-20,8563
3036,文曄,66,1,65,新光-新竹,2024-11-20,8563
3323,加百裕,64,6,58,新光-新竹,2024-11-20,8563
3597,映興,64,12,52,新光-新竹,2024-11-20,8563
00950B,凱基A級公司債,51,0,51,新光-新竹,2024-11-20,8563
2330,台積電,57,9,48,新光-新竹,2024-11-20,8563
006208,富邦台50,52,5,47,新光-新竹,2024-11-20,8563
6213,聯茂,44,0,44,新光-新竹,2024-11-20,8563
2317,鴻海,139,96,43,新光-新竹,2024-11-20,8563
3230,錦明,47,5,42,新光-新竹,2024-11-20,8563
1434,福懋,40,0,40,新光-新竹,2024-11-20,8563
2105,正新,83,43,40,新光-新竹,2024-11-20,8563
00631L,元大台灣50正2,48,9,39,新光-新竹,2024-11-20,8563
00882,中信中國高股息,38,0,38,新光-新竹,2024-11-20,8563
2444,兆勁,46,11,35,新光-新竹,2024-11-20,8563
2834,臺企銀,35,0,35,新光-新竹,2024-11-20,8563
2609,陽明,311,278,33,新光-新竹,2024-11-20,8563
3044,健鼎,32,0,32,新光-新竹,2024-11-20,8563
2312,金寶,62,31,31,新光-新竹,2024-11-20,8563
2356,英業達,36,6,30,新光-新竹,2024-11-20,8563
4729,熒茂,50,20,30,新光-新竹,2024-11-20,8563
2852,第一保,29,0,29,新光-新竹,2024-11-20,8563
0056,元大高股息,66,37,29,新光-新竹,2024-11-20,8563
00712,復華富時不動產,37,9,28,新光-新竹,2024-11-20,8563
2332,友訊,56,28,28,新光-新竹,2024-11-20,8563
3557,嘉威,28,0,28,新光-新竹,2024-11-20,8563
2883B,凱基金乙特,27,0,27,新光-新竹,2024-11-20,8563
5398,慕康生醫,31,6,25,新光-新竹,2024-11-20,8563
00639,富邦深100,25,0,25,新光-新竹,2024-11-20,8563
3481,群創,29,4,25,新光-新竹,2024-11-20,8563
2413,環科,103,79,24,新光-新竹,2024-11-20,8563
3447,展達,52,29,23,新光-新竹,2024-11-20,8563
3450,聯鈞,100,79,21,新光-新竹,2024-11-20,8563
2431,聯昌,25,4,21,新光-新竹,2024-11-20,8563
3594,磐儀,29,8,21,新光-新竹,2024-11-20,8563
3019,亞光,43,22,21,新光-新竹,2024-11-20,8563
2884,玉山金,23,3,20,新光-新竹,2024-11-20,8563
00933B,國泰10Y+金融債,20,0,20,新光-新竹,2024-11-20,8563
00959B,大華投等美債15Y+,353,0,353,新光-新竹,2024-11-21,8563
9105,泰金寶-DR,376,174,202,新光-新竹,2024-11-21,8563
00688L,國泰20年美債正2,167,0,167,新光-新竹,2024-11-21,8563
00712,復華富時不動產,127,5,122,新光-新竹,2024-11-21,8563
00878,國泰永續高股息,110,10,100,新光-新竹,2024-11-21,8563
2891,中信金,109,30,79,新光-新竹,2024-11-21,8563
2330,台積電,91,19,72,新光-新竹,2024-11-21,8563
006208,富邦台50,70,8,62,新光-新竹,2024-11-21,8563
0050,元大台灣50,72,11,61,新光-新竹,2024-11-21,8563
00922,國泰台灣領袖50,64,9,55,新光-新竹,2024-11-21,8563
00930,永豐ESG低碳高息,54,0,54,新光-新竹,2024-11-21,8563
8104,錸寶,140,89,51,新光-新竹,2024-11-21,8563
2349,錸德,398,352,46,新光-新竹,2024-11-21,8563
00783,富邦中証500,44,0,44,新光-新竹,2024-11-21,8563
1434,福懋,42,0,42,新光-新竹,2024-11-21,8563
6216,居易,42,4,38,新光-新竹,2024-11-21,8563
00919,群益台灣精選高息,44,6,38,新光-新竹,2024-11-21,8563
2317,鴻海,191,154,37,新光-新竹,2024-11-21,8563
4558,寶緯,41,5,36,新光-新竹,2024-11-21,8563
1532,勤美,40,4,36,新光-新竹,2024-11-21,8563
00713,元大台灣高息低波,47,11,36,新光-新竹,2024-11-21,8563
6416,瑞祺電通,36,3,33,新光-新竹,2024-11-21,8563
4956,光鋐,40,7,33,新光-新竹,2024-11-21,8563
2431,聯昌,37,5,32,新光-新竹,2024-11-21,8563
4931,新盛力,59,28,31,新光-新竹,2024-11-21,8563
00918,大華優利高填息30,30,0,30,新光-新竹,2024-11-21,8563
3211,順達,35,6,29,新光-新竹,2024-11-21,8563
0056,元大高股息,43,14,29,新光-新竹,2024-11-21,8563
2204,中華,228,201,27,新光-新竹,2024-11-21,8563
4513,福裕,26,0,26,新光-新竹,2024-11-21,8563
2882,國泰金,26,0,26,新光-新竹,2024-11-21,8563
4564,元翎,32,9,23,新光-新竹,2024-11-21,8563
6415,矽力*-KY,22,0,22,新光-新竹,2024-11-21,8563
2881,富邦金,25,3,22,新光-新竹,2024-11-21,8563
2545,皇翔,23,1,22,新光-新竹,2024-11-21,8563
00948B,中信優息投資級債,31,10,21,新光-新竹,2024-11-21,8563
4562,穎漢,20,0,20,新光-新竹,2024-11-21,8563
1471,首利,21,1,20,新光-新竹,2024-11-21,8563
1727,中華化,20,0,20,新光-新竹,2024-11-21,8563
2002,中鋼,20,1,19,新光-新竹,2024-11-21,8563
2371,大同,82,63,19,新光-新竹,2024-11-21,8563
3050,鈺德,25,7,18,新光-新竹,2024-11-21,8563
00715L,期街口布蘭特正2,42,24,18,新光-新竹,2024-11-21,8563
2887,台新金,17,0,17,新光-新竹,2024-11-21,8563
00891,中信關鍵半導體,16,0,16,新光-新竹,2024-11-21,8563
3557,嘉威,15,0,15,新光-新竹,2024-11-21,8563
3702,大聯大,16,2,14,新光-新竹,2024-11-21,8563
1301,台塑,19,5,14,新光-新竹,2024-11-21,8563
2890,永豐金,14,0,14,新光-新竹,2024-11-21,8563
00675L,富邦臺灣加權正2,17,3,14,新光-新竹,2024-11-21,8563
2312,金寶,877,51,826,新光-新竹,2024-11-22,8563
00632R,元大台灣50反1,424,5,419,新光-新竹,2024-11-22,8563
00665L,富邦�琤肭磪囓�2,271,0,271,新光-新竹,2024-11-22,8563
00715L,期街口布蘭特正2,350,116,234,新光-新竹,2024-11-22,8563
00688L,國泰20年美債正2,208,0,208,新光-新竹,2024-11-22,8563
00950B,凱基A級公司債,199,0,199,新光-新竹,2024-11-22,8563
00637L,元大滬深300正2,250,51,199,新光-新竹,2024-11-22,8563
00948B,中信優息投資級債,166,10,156,新光-新竹,2024-11-22,8563
2354,鴻準,153,44,109,新光-新竹,2024-11-22,8563
00712,復華富時不動產,142,33,109,新光-新竹,2024-11-22,8563
2891,中信金,91,5,86,新光-新竹,2024-11-22,8563
3027,盛達,85,12,73,新光-新竹,2024-11-22,8563
2332,友訊,79,10,69,新光-新竹,2024-11-22,8563
6438,迅得,65,1,64,新光-新竹,2024-11-22,8563
00959B,大華投等美債15Y+,74,11,63,新光-新竹,2024-11-22,8563
00687B,國泰20年美債,55,1,54,新光-新竹,2024-11-22,8563
2356,英業達,124,71,53,新光-新竹,2024-11-22,8563
2881,富邦金,55,4,51,新光-新竹,2024-11-22,8563
00882,中信中國高股息,73,25,48,新光-新竹,2024-11-22,8563
2317,鴻海,188,140,48,新光-新竹,2024-11-22,8563
00878,國泰永續高股息,58,20,38,新光-新竹,2024-11-22,8563
2371,大同,131,94,37,新光-新竹,2024-11-22,8563
2204,中華,128,92,36,新光-新竹,2024-11-22,8563
3189,景碩,83,51,32,新光-新竹,2024-11-22,8563
00725B,國泰投資級公司債,29,0,29,新光-新竹,2024-11-22,8563
3511,矽瑪,97,69,28,新光-新竹,2024-11-22,8563
4934,太極,28,0,28,新光-新竹,2024-11-22,8563
1449,佳和,47,21,26,新光-新竹,2024-11-22,8563
2634,漢翔,24,3,21,新光-新竹,2024-11-22,8563
1432,大魯閣,21,0,21,新光-新竹,2024-11-22,8563
2615,萬海,86,66,20,新光-新竹,2024-11-22,8563
3323,加百裕,319,299,20,新光-新竹,2024-11-22,8563
00706L,期元大S＆P日圓正2,20,0,20,新光-新竹,2024-11-22,8563
3114,好德,20,0,20,新光-新竹,2024-11-22,8563
00740B,富邦全球投等債,21,2,19,新光-新竹,2024-11-22,8563
2543,皇昌,19,0,19,新光-新竹,2024-11-22,8563
2467,志聖,21,3,18,新光-新竹,2024-11-22,8563
00786B,元大10年IG銀行債,18,0,18,新光-新竹,2024-11-22,8563
1714,和桐,18,0,18,新光-新竹,2024-11-22,8563
5225,東科-KY,19,2,17,新光-新竹,2024-11-22,8563
00915,凱基優選高股息30,19,2,17,新光-新竹,2024-11-22,8563
00930,永豐ESG低碳高息,17,0,17,新光-新竹,2024-11-22,8563
1444,力麗,17,0,17,新光-新竹,2024-11-22,8563
1785,光洋科,32,16,16,新光-新竹,2024-11-22,8563
2233,宇隆,29,13,16,新光-新竹,2024-11-22,8563
00953B,群益優選非投等債,15,0,15,新光-新竹,2024-11-22,8563
2890,永豐金,15,0,15,新光-新竹,2024-11-22,8563
00679B,元大美債20年,38,24,14,新光-新竹,2024-11-22,8563
3049,精金,14,0,14,新光-新竹,2024-11-22,8563
2474,可成,18,5,13,新光-新竹,2024-11-22,8563
00665L,富邦�琤肭磪囓�2,284,6,278,新光-新竹,2024-11-25,8563
6104,創惟,185,0,185,新光-新竹,2024-11-25,8563
2312,金寶,635,492,143,新光-新竹,2024-11-25,8563
2354,鴻準,300,180,120,新光-新竹,2024-11-25,8563
00919,群益台灣精選高息,143,26,117,新光-新竹,2024-11-25,8563
2891,中信金,103,7,96,新光-新竹,2024-11-25,8563
1402,遠東新,81,6,75,新光-新竹,2024-11-25,8563
00930,永豐ESG低碳高息,51,1,50,新光-新竹,2024-11-25,8563
9105,泰金寶-DR,586,537,49,新光-新竹,2024-11-25,8563
2233,宇隆,59,19,40,新光-新竹,2024-11-25,8563
2883B,凱基金乙特,40,0,40,新光-新竹,2024-11-25,8563
2303,聯電,72,33,39,新光-新竹,2024-11-25,8563
6757,台灣虎航,40,2,38,新光-新竹,2024-11-25,8563
00673R,期元大S＆P原油反1,47,10,37,新光-新竹,2024-11-25,8563
00887,永豐中國科技50大,158,121,37,新光-新竹,2024-11-25,8563
2317,鴻海,161,125,36,新光-新竹,2024-11-25,8563
00878,國泰永續高股息,72,37,35,新光-新竹,2024-11-25,8563
1432,大魯閣,57,23,34,新光-新竹,2024-11-25,8563
2834,臺企銀,32,0,32,新光-新竹,2024-11-25,8563
2399,映泰,35,4,31,新光-新竹,2024-11-25,8563
1524,耿鼎,38,8,30,新光-新竹,2024-11-25,8563
2371,大同,189,163,26,新光-新竹,2024-11-25,8563
0050,元大台灣50,31,5,26,新光-新竹,2024-11-25,8563
4909,新復興,29,4,25,新光-新竹,2024-11-25,8563
00637L,元大滬深300正2,191,166,25,新光-新竹,2024-11-25,8563
2615,萬海,78,54,24,新光-新竹,2024-11-25,8563
00940,元大台灣價值高息,23,0,23,新光-新竹,2024-11-25,8563
4576,大銀微系統,47,24,23,新光-新竹,2024-11-25,8563
9934,成霖,23,0,23,新光-新竹,2024-11-25,8563
6139,亞翔,23,1,22,新光-新竹,2024-11-25,8563
6134,萬旭,26,6,20,新光-新竹,2024-11-25,8563
3521,鴻翊,20,0,20,新光-新竹,2024-11-25,8563
8150,南茂,20,0,20,新光-新竹,2024-11-25,8563
9945,潤泰新,22,2,20,新光-新竹,2024-11-25,8563
5426,振發,79,59,20,新光-新竹,2024-11-25,8563
2609,陽明,183,165,18,新光-新竹,2024-11-25,8563
2501,國建,21,3,18,新光-新竹,2024-11-25,8563
2603,長榮,82,64,18,新光-新竹,2024-11-25,8563
2349,錸德,23,5,18,新光-新竹,2024-11-25,8563
006208,富邦台50,18,2,16,新光-新竹,2024-11-25,8563
00632R,元大台灣50反1,161,145,16,新光-新竹,2024-11-25,8563
2539,櫻花建,19,4,15,新光-新竹,2024-11-25,8563
8171,天宇,45,31,14,新光-新竹,2024-11-25,8563
3380,明泰,54,40,14,新光-新竹,2024-11-25,8563
2344,華邦電,34,21,13,新光-新竹,2024-11-25,8563
1809,中釉,34,21,13,新光-新竹,2024-11-25,8563
2634,漢翔,13,0,13,新光-新竹,2024-11-25,8563
3027,盛達,23,11,12,新光-新竹,2024-11-25,8563
3230,錦明,36,24,12,新光-新竹,2024-11-25,8563
00753L,中信中國50正2,107,96,11,新光-新竹,2024-11-25,8563
00688L,國泰20年美債正2,826,107,719,新光-新竹,2024-11-26,8563
6962,ITH-KY,314,19,295,新光-新竹,2024-11-26,8563
00953B,群益優選非投等債,258,15,243,新光-新竹,2024-11-26,8563
00712,復華富時不動產,256,23,233,新光-新竹,2024-11-26,8563
2317,鴻海,351,235,116,新光-新竹,2024-11-26,8563
00946,群益科技高息成長,116,0,116,新光-新竹,2024-11-26,8563
2834,臺企銀,115,10,105,新光-新竹,2024-11-26,8563
00950B,凱基A級公司債,133,30,103,新光-新竹,2024-11-26,8563
00918,大華優利高填息30,105,4,101,新光-新竹,2024-11-26,8563
3015,全漢,114,13,101,新光-新竹,2024-11-26,8563
3090,日電貿,114,15,99,新光-新竹,2024-11-26,8563
00715L,期街口布蘭特正2,100,16,84,新光-新竹,2024-11-26,8563
00940,元大台灣價值高息,90,10,80,新光-新竹,2024-11-26,8563
6126,信音,76,0,76,新光-新竹,2024-11-26,8563
5512,力麒,75,0,75,新光-新竹,2024-11-26,8563
00753L,中信中國50正2,109,40,69,新光-新竹,2024-11-26,8563
00965,元大航太防衛科技,62,0,62,新光-新竹,2024-11-26,8563
4979,華星光,205,143,62,新光-新竹,2024-11-26,8563
6125,廣運,62,2,60,新光-新竹,2024-11-26,8563
006208,富邦台50,69,10,59,新光-新竹,2024-11-26,8563
1402,遠東新,58,0,58,新光-新竹,2024-11-26,8563
2330,台積電,66,9,57,新光-新竹,2024-11-26,8563
00878,國泰永續高股息,94,41,53,新光-新竹,2024-11-26,8563
4566,時碩工業,50,3,47,新光-新竹,2024-11-26,8563
2344,華邦電,42,0,42,新光-新竹,2024-11-26,8563
00930,永豐ESG低碳高息,40,0,40,新光-新竹,2024-11-26,8563
00882,中信中國高股息,86,46,40,新光-新竹,2024-11-26,8563
2392,正崴,146,108,38,新光-新竹,2024-11-26,8563
8028,昇陽半導體,52,16,36,新光-新竹,2024-11-26,8563
6288,聯嘉,34,3,31,新光-新竹,2024-11-26,8563
2887,台新金,35,5,30,新光-新竹,2024-11-26,8563
3231,緯創,94,64,30,新光-新竹,2024-11-26,8563
1102,亞泥,30,0,30,新光-新竹,2024-11-26,8563
00675L,富邦臺灣加權正2,33,3,30,新光-新竹,2024-11-26,8563
6165,浪凡,35,7,28,新光-新竹,2024-11-26,8563
2442,新美齊,30,2,28,新光-新竹,2024-11-26,8563
2419,仲琦,68,40,28,新光-新竹,2024-11-26,8563
2365,昆盈,30,3,27,新光-新竹,2024-11-26,8563
2883B,凱基金乙特,25,1,24,新光-新竹,2024-11-26,8563
9934,成霖,23,0,23,新光-新竹,2024-11-26,8563
2890,永豐金,27,5,22,新光-新竹,2024-11-26,8563
3211,順達,24,2,22,新光-新竹,2024-11-26,8563
6438,迅得,25,3,22,新光-新竹,2024-11-26,8563
1449,佳和,22,0,22,新光-新竹,2024-11-26,8563
4541,晟田,22,1,21,新光-新竹,2024-11-26,8563
1708,東鹼,22,2,20,新光-新竹,2024-11-26,8563
00692,富邦公司治理,21,2,19,新光-新竹,2024-11-26,8563
0050,元大台灣50,21,2,19,新光-新竹,2024-11-26,8563
5309,系統電,424,405,19,新光-新竹,2024-11-26,8563
3060,銘異,19,0,19,新光-新竹,2024-11-26,8563
00919,群益台灣精選高息,519,209,310,新光-新竹,2024-11-27,8563
00878,國泰永續高股息,292,98,194,新光-新竹,2024-11-27,8563
2442,新美齊,159,0,159,新光-新竹,2024-11-27,8563
3231,緯創,185,37,148,新光-新竹,2024-11-27,8563
00929,復華台灣科技優息,180,38,142,新光-新竹,2024-11-27,8563
0056,元大高股息,221,81,140,新光-新竹,2024-11-27,8563
1536,和大,338,217,121,新光-新竹,2024-11-27,8563
4510,高鋒,183,66,117,新光-新竹,2024-11-27,8563
00673R,期元大S＆P原油反1,95,0,95,新光-新竹,2024-11-27,8563
2888,新光金,100,5,95,新光-新竹,2024-11-27,8563
4931,新盛力,106,13,93,新光-新竹,2024-11-27,8563
2204,中華,152,61,91,新光-新竹,2024-11-27,8563
00712,復華富時不動產,82,0,82,新光-新竹,2024-11-27,8563
4564,元翎,78,0,78,新光-新竹,2024-11-27,8563
2313,華通,88,12,76,新光-新竹,2024-11-27,8563
2834,臺企銀,77,1,76,新光-新竹,2024-11-27,8563
00918,大華優利高填息30,84,9,75,新光-新竹,2024-11-27,8563
2303,聯電,93,31,62,新光-新竹,2024-11-27,8563
00940,元大台灣價值高息,75,14,61,新光-新竹,2024-11-27,8563
2330,台積電,66,9,57,新光-新竹,2024-11-27,8563
6126,信音,57,0,57,新光-新竹,2024-11-27,8563
2344,華邦電,77,23,54,新光-新竹,2024-11-27,8563
6962,ITH-KY,62,10,52,新光-新竹,2024-11-27,8563
006208,富邦台50,71,19,52,新光-新竹,2024-11-27,8563
2883B,凱基金乙特,50,0,50,新光-新竹,2024-11-27,8563
2881,富邦金,53,9,44,新光-新竹,2024-11-27,8563
2887,台新金,44,1,43,新光-新竹,2024-11-27,8563
00930,永豐ESG低碳高息,41,0,41,新光-新竹,2024-11-27,8563
5512,力麒,39,0,39,新光-新竹,2024-11-27,8563
4562,穎漢,199,162,37,新光-新竹,2024-11-27,8563
00953B,群益優選非投等債,47,10,37,新光-新竹,2024-11-27,8563
00922,國泰台灣領袖50,38,1,37,新光-新竹,2024-11-27,8563
0050,元大台灣50,52,16,36,新光-新竹,2024-11-27,8563
00915,凱基優選高股息30,38,2,36,新光-新竹,2024-11-27,8563
2382,廣達,49,13,36,新光-新竹,2024-11-27,8563
2317,鴻海,201,169,32,新光-新竹,2024-11-27,8563
4927,泰鼎-KY,41,10,31,新光-新竹,2024-11-27,8563
4977,眾達-KY,57,26,31,新光-新竹,2024-11-27,8563
1504,東元,44,13,31,新光-新竹,2024-11-27,8563
2371,大同,101,71,30,新光-新竹,2024-11-27,8563
2845,遠東銀,30,0,30,新光-新竹,2024-11-27,8563
2609,陽明,172,143,29,新光-新竹,2024-11-27,8563
2852,第一保,29,0,29,新光-新竹,2024-11-27,8563
8163,達方,47,19,28,新光-新竹,2024-11-27,8563
8466,美吉吉-KY,31,3,28,新光-新竹,2024-11-27,8563
2596,綠意,28,0,28,新光-新竹,2024-11-27,8563
3230,錦明,48,21,27,新光-新竹,2024-11-27,8563
2882,國泰金,27,0,27,新光-新竹,2024-11-27,8563
5014,建錩,27,0,27,新光-新竹,2024-11-27,8563
8028,昇陽半導體,31,5,26,新光-新竹,2024-11-27,8563
00632R,元大台灣50反1,776,284,492,新光-新竹,2024-11-28,8563
00878,國泰永續高股息,362,14,348,新光-新竹,2024-11-28,8563
00919,群益台灣精選高息,359,79,280,新光-新竹,2024-11-28,8563
00950B,凱基A級公司債,127,0,127,新光-新竹,2024-11-28,8563
00918,大華優利高填息30,137,20,117,新光-新竹,2024-11-28,8563
00915,凱基優選高股息30,153,45,108,新光-新竹,2024-11-28,8563
0056,元大高股息,118,18,100,新光-新竹,2024-11-28,8563
3090,日電貿,169,78,91,新光-新竹,2024-11-28,8563
4931,新盛力,117,28,89,新光-新竹,2024-11-28,8563
00922,國泰台灣領袖50,88,2,86,新光-新竹,2024-11-28,8563
2426,鼎元,100,18,82,新光-新竹,2024-11-28,8563
4916,事欣科,161,79,82,新光-新竹,2024-11-28,8563
3521,鴻翊,80,0,80,新光-新竹,2024-11-28,8563
00930,永豐ESG低碳高息,70,0,70,新光-新竹,2024-11-28,8563
2834,臺企銀,69,0,69,新光-新竹,2024-11-28,8563
2498,宏達電,53,1,52,新光-新竹,2024-11-28,8563
2883B,凱基金乙特,50,0,50,新光-新竹,2024-11-28,8563
2442,新美齊,48,0,48,新光-新竹,2024-11-28,8563
00940,元大台灣價值高息,66,19,47,新光-新竹,2024-11-28,8563
2867,三商壽,47,0,47,新光-新竹,2024-11-28,8563
4927,泰鼎-KY,65,18,47,新光-新竹,2024-11-28,8563
1815,富喬,355,310,45,新光-新竹,2024-11-28,8563
00665L,富邦�琤肭磪囓�2,105,60,45,新光-新竹,2024-11-28,8563
2330,台積電,55,14,41,新光-新竹,2024-11-28,8563
00882,中信中國高股息,68,27,41,新光-新竹,2024-11-28,8563
3591,艾笛森,48,8,40,新光-新竹,2024-11-28,8563
9105,泰金寶-DR,216,177,39,新光-新竹,2024-11-28,8563
2103,台橡,42,4,38,新光-新竹,2024-11-28,8563
00753L,中信中國50正2,87,50,37,新光-新竹,2024-11-28,8563
4562,穎漢,54,17,37,新光-新竹,2024-11-28,8563
6962,ITH-KY,46,9,37,新光-新竹,2024-11-28,8563
00713,元大台灣高息低波,58,22,36,新光-新竹,2024-11-28,8563
2887,台新金,36,0,36,新光-新竹,2024-11-28,8563
00715L,期街口布蘭特正2,42,6,36,新光-新竹,2024-11-28,8563
00650L,復華香港正2,95,60,35,新光-新竹,2024-11-28,8563
00946,群益科技高息成長,34,0,34,新光-新竹,2024-11-28,8563
00675L,富邦臺灣加權正2,82,50,32,新光-新竹,2024-11-28,8563
5516,雙喜,31,0,31,新光-新竹,2024-11-28,8563
00934,中信成長高股息,33,5,28,新光-新竹,2024-11-28,8563
6126,信音,28,0,28,新光-新竹,2024-11-28,8563
3037,欣興,73,46,27,新光-新竹,2024-11-28,8563
4564,元翎,28,2,26,新光-新竹,2024-11-28,8563
1303,南亞,30,5,25,新光-新竹,2024-11-28,8563
2344,華邦電,27,2,25,新光-新竹,2024-11-28,8563
3511,矽瑪,33,9,24,新光-新竹,2024-11-28,8563
006208,富邦台50,41,18,23,新光-新竹,2024-11-28,8563
5244,弘凱,63,40,23,新光-新竹,2024-11-28,8563
8429,金麗-KY,23,1,22,新光-新竹,2024-11-28,8563
1605,華新,22,0,22,新光-新竹,2024-11-28,8563
2801,彰銀,23,1,22,新光-新竹,2024-11-28,8563
00632R,元大台灣50反1,836,608,228,新光-新竹,2024-11-29,8563
00679B,元大美債20年,327,108,219,新光-新竹,2024-11-29,8563
4303,信立,250,47,203,新光-新竹,2024-11-29,8563
9105,泰金寶-DR,330,128,202,新光-新竹,2024-11-29,8563
00959B,大華投等美債15Y+,170,0,170,新光-新竹,2024-11-29,8563
00919,群益台灣精選高息,155,25,130,新光-新竹,2024-11-29,8563
6108,競國,107,0,107,新光-新竹,2024-11-29,8563
00878,國泰永續高股息,122,29,93,新光-新竹,2024-11-29,8563
2884,玉山金,68,2,66,新光-新竹,2024-11-29,8563
00662,富邦NASDAQ,64,0,64,新光-新竹,2024-11-29,8563
4916,事欣科,56,0,56,新光-新竹,2024-11-29,8563
00882,中信中國高股息,58,9,49,新光-新竹,2024-11-29,8563
1402,遠東新,47,0,47,新光-新竹,2024-11-29,8563
0056,元大高股息,129,85,44,新光-新竹,2024-11-29,8563
2887,台新金,46,3,43,新光-新竹,2024-11-29,8563
2891,中信金,41,0,41,新光-新竹,2024-11-29,8563
2344,華邦電,72,32,40,新光-新竹,2024-11-29,8563
00639,富邦深100,35,0,35,新光-新竹,2024-11-29,8563
006208,富邦台50,38,5,33,新光-新竹,2024-11-29,8563
2442,新美齊,32,0,32,新光-新竹,2024-11-29,8563
2002,中鋼,34,3,31,新光-新竹,2024-11-29,8563
2883B,凱基金乙特,30,0,30,新光-新竹,2024-11-29,8563
1806,冠軍,30,0,30,新光-新竹,2024-11-29,8563
3712,永崴投控,31,1,30,新光-新竹,2024-11-29,8563
00675L,富邦臺灣加權正2,36,7,29,新光-新竹,2024-11-29,8563
00713,元大台灣高息低波,50,22,28,新光-新竹,2024-11-29,8563
2881,富邦金,30,3,27,新光-新竹,2024-11-29,8563
00753L,中信中國50正2,25,0,25,新光-新竹,2024-11-29,8563
5309,系統電,68,43,25,新光-新竹,2024-11-29,8563
1718,中纖,23,1,22,新光-新竹,2024-11-29,8563
5871,中租-KY,70,49,21,新光-新竹,2024-11-29,8563
4807,日成-KY,21,0,21,新光-新竹,2024-11-29,8563
00930,永豐ESG低碳高息,21,0,21,新光-新竹,2024-11-29,8563
6438,迅得,23,2,21,新光-新竹,2024-11-29,8563
00915,凱基優選高股息30,43,22,21,新光-新竹,2024-11-29,8563
00673R,期元大S＆P原油反1,40,20,20,新光-新竹,2024-11-29,8563
00664R,國泰臺灣加權反1,20,0,20,新光-新竹,2024-11-29,8563
00636,國泰中國A50,20,0,20,新光-新竹,2024-11-29,8563
2431,聯昌,20,2,18,新光-新竹,2024-11-29,8563
1714,和桐,18,0,18,新光-新竹,2024-11-29,8563
2882,國泰金,19,2,17,新光-新竹,2024-11-29,8563
2613,中櫃,25,8,17,新光-新竹,2024-11-29,8563
8171,天宇,30,13,17,新光-新竹,2024-11-29,8563
2845,遠東銀,20,3,17,新光-新竹,2024-11-29,8563
4552,力達-KY,20,3,17,新光-新竹,2024-11-29,8563
2498,宏達電,16,0,16,新光-新竹,2024-11-29,8563
8404,百和興業-KY,38,22,16,新光-新竹,2024-11-29,8563
6962,ITH-KY,15,0,15,新光-新竹,2024-11-29,8563
00631L,元大台灣50正2,28,13,15,新光-新竹,2024-11-29,8563
00945B,凱基美國非投等債,15,0,15,新光-新竹,2024-11-29,8563
00953B,群益優選非投等債,278,0,278,新光-新竹,2024-12-02,8563
9105,泰金寶-DR,205,58,147,新光-新竹,2024-12-02,8563
3706,神達,375,274,101,新光-新竹,2024-12-02,8563
00725B,國泰投資級公司債,100,28,72,新光-新竹,2024-12-02,8563
00918,大華優利高填息30,90,21,69,新光-新竹,2024-12-02,8563
3013,晟銘電,70,7,63,新光-新竹,2024-12-02,8563
00715L,期街口布蘭特正2,90,28,62,新光-新竹,2024-12-02,8563
1402,遠東新,72,13,59,新光-新竹,2024-12-02,8563
00878,國泰永續高股息,78,20,58,新光-新竹,2024-12-02,8563
00959B,大華投等美債15Y+,59,1,58,新光-新竹,2024-12-02,8563
00675L,富邦臺灣加權正2,137,81,56,新光-新竹,2024-12-02,8563
00921,兆豐龍頭等權重,53,0,53,新光-新竹,2024-12-02,8563
00650L,復華香港正2,43,0,43,新光-新竹,2024-12-02,8563
3231,緯創,62,19,43,新光-新竹,2024-12-02,8563
1815,富喬,148,106,42,新光-新竹,2024-12-02,8563
00960,野村全球航運龍頭,41,0,41,新光-新竹,2024-12-02,8563
00882,中信中國高股息,42,3,39,新光-新竹,2024-12-02,8563
1314,中石化,189,152,37,新光-新竹,2024-12-02,8563
6962,ITH-KY,69,32,37,新光-新竹,2024-12-02,8563
2354,鴻準,206,169,37,新光-新竹,2024-12-02,8563
4564,元翎,53,19,34,新光-新竹,2024-12-02,8563
1587,吉茂,30,0,30,新光-新竹,2024-12-02,8563
4123,晟德,47,19,28,新光-新竹,2024-12-02,8563
6438,迅得,28,1,27,新光-新竹,2024-12-02,8563
6127,九豪,34,8,26,新光-新竹,2024-12-02,8563
5465,富驊,26,1,25,新光-新竹,2024-12-02,8563
2317,鴻海,141,117,24,新光-新竹,2024-12-02,8563
5328,華容,74,51,23,新光-新竹,2024-12-02,8563
00885,富邦越南,22,0,22,新光-新竹,2024-12-02,8563
2852,第一保,22,0,22,新光-新竹,2024-12-02,8563
3227,原相,21,0,21,新光-新竹,2024-12-02,8563
00642U,期元大S＆P石油,20,0,20,新光-新竹,2024-12-02,8563
1718,中纖,20,0,20,新光-新竹,2024-12-02,8563
1618,合機,20,0,20,新光-新竹,2024-12-02,8563
2356,英業達,21,2,19,新光-新竹,2024-12-02,8563
00712,復華富時不動產,20,1,19,新光-新竹,2024-12-02,8563
2884,玉山金,45,27,18,新光-新竹,2024-12-02,8563
0056,元大高股息,31,13,18,新光-新竹,2024-12-02,8563
2344,華邦電,17,0,17,新光-新竹,2024-12-02,8563
00637L,元大滬深300正2,48,32,16,新光-新竹,2024-12-02,8563
2596,綠意,16,0,16,新光-新竹,2024-12-02,8563
3450,聯鈞,121,105,16,新光-新竹,2024-12-02,8563
2455,全新,57,42,15,新光-新竹,2024-12-02,8563
8114,振樺電,15,0,15,新光-新竹,2024-12-02,8563
1806,冠軍,15,0,15,新光-新竹,2024-12-02,8563
4968,立積,47,33,14,新光-新竹,2024-12-02,8563
1522,堤維西,30,16,14,新光-新竹,2024-12-02,8563
5534,長虹,14,0,14,新光-新竹,2024-12-02,8563
4916,事欣科,14,0,14,新光-新竹,2024-12-02,8563
2302,麗正,16,2,14,新光-新竹,2024-12-02,8563
00924,復華S＆P500成長,270,0,270,新光-新竹,2024-12-03,8563
00918,大華優利高填息30,237,38,199,新光-新竹,2024-12-03,8563
00688L,國泰20年美債正2,585,395,190,新光-新竹,2024-12-03,8563
00919,群益台灣精選高息,552,393,159,新光-新竹,2024-12-03,8563
00950B,凱基A級公司債,276,125,151,新光-新竹,2024-12-03,8563
00650L,復華香港正2,140,1,139,新光-新竹,2024-12-03,8563
2317,鴻海,329,207,122,新光-新竹,2024-12-03,8563
00915,凱基優選高股息30,110,4,106,新光-新竹,2024-12-03,8563
00632R,元大台灣50反1,272,185,87,新光-新竹,2024-12-03,8563
00878,國泰永續高股息,144,58,86,新光-新竹,2024-12-03,8563
4979,華星光,176,106,70,新光-新竹,2024-12-03,8563
2303,聯電,92,34,58,新光-新竹,2024-12-03,8563
2368,金像電,61,6,55,新光-新竹,2024-12-03,8563
00671R,富邦NASDAQ反1,51,0,51,新光-新竹,2024-12-03,8563
6770,力積電,62,14,48,新光-新竹,2024-12-03,8563
0056,元大高股息,56,9,47,新光-新竹,2024-12-03,8563
00953B,群益優選非投等債,44,0,44,新光-新竹,2024-12-03,8563
2615,萬海,73,30,43,新光-新竹,2024-12-03,8563
6125,廣運,42,1,41,新光-新竹,2024-12-03,8563
2852,第一保,41,0,41,新光-新竹,2024-12-03,8563
4938,和碩,38,0,38,新光-新竹,2024-12-03,8563
5907,大洋-KY,33,2,31,新光-新竹,2024-12-03,8563
00637L,元大滬深300正2,82,52,30,新光-新竹,2024-12-03,8563
00664R,國泰臺灣加權反1,50,20,30,新光-新竹,2024-12-03,8563
2442,新美齊,30,1,29,新光-新竹,2024-12-03,8563
6757,台灣虎航,126,97,29,新光-新竹,2024-12-03,8563
8028,昇陽半導體,37,9,28,新光-新竹,2024-12-03,8563
2313,華通,31,4,27,新光-新竹,2024-12-03,8563
00887,永豐中國科技50大,32,6,26,新光-新竹,2024-12-03,8563
00830,國泰費城半導體,55,29,26,新光-新竹,2024-12-03,8563
00712,復華富時不動產,48,23,25,新光-新竹,2024-12-03,8563
2419,仲琦,40,16,24,新光-新竹,2024-12-03,8563
00713,元大台灣高息低波,33,9,24,新光-新竹,2024-12-03,8563
1815,富喬,69,46,23,新光-新竹,2024-12-03,8563
6244,茂迪,22,0,22,新光-新竹,2024-12-03,8563
2103,台橡,22,0,22,新光-新竹,2024-12-03,8563
4991,環宇-KY,165,144,21,新光-新竹,2024-12-03,8563
00959B,大華投等美債15Y+,51,31,20,新光-新竹,2024-12-03,8563
5512,力麒,20,0,20,新光-新竹,2024-12-03,8563
1806,冠軍,50,30,20,新光-新竹,2024-12-03,8563
1326,台化,23,3,20,新光-新竹,2024-12-03,8563
1449,佳和,26,6,20,新光-新竹,2024-12-03,8563
3062,建漢,28,9,19,新光-新竹,2024-12-03,8563
2204,中華,23,5,18,新光-新竹,2024-12-03,8563
00753L,中信中國50正2,33,15,18,新光-新竹,2024-12-03,8563
00945B,凱基美國非投等債,17,0,17,新光-新竹,2024-12-03,8563
6443,元晶,22,5,17,新光-新竹,2024-12-03,8563
5309,系統電,78,62,16,新光-新竹,2024-12-03,8563
3042,晶技,16,0,16,新光-新竹,2024-12-03,8563
2363,矽統,20,5,15,新光-新竹,2024-12-03,8563
00953B,群益優選非投等債,267,0,267,新光-新竹,2024-12-04,8563
00687B,國泰20年美債,256,18,238,新光-新竹,2024-12-04,8563
00712,復華富時不動產,520,294,226,新光-新竹,2024-12-04,8563
00878,國泰永續高股息,204,8,196,新光-新竹,2024-12-04,8563
00919,群益台灣精選高息,291,102,189,新光-新竹,2024-12-04,8563
00937B,群益ESG投等債20,296,148,148,新光-新竹,2024-12-04,8563
00918,大華優利高填息30,115,1,114,新光-新竹,2024-12-04,8563
00882,中信中國高股息,71,1,70,新光-新竹,2024-12-04,8563
3032,偉訓,104,35,69,新光-新竹,2024-12-04,8563
1718,中纖,63,0,63,新光-新竹,2024-12-04,8563
00650L,復華香港正2,60,0,60,新光-新竹,2024-12-04,8563
00713,元大台灣高息低波,59,2,57,新光-新竹,2024-12-04,8563
3019,亞光,61,6,55,新光-新竹,2024-12-04,8563
3380,明泰,63,14,49,新光-新竹,2024-12-04,8563
9904,寶成,50,2,48,新光-新竹,2024-12-04,8563
2412,中華電,50,3,47,新光-新竹,2024-12-04,8563
00725B,國泰投資級公司債,51,4,47,新光-新竹,2024-12-04,8563
00706L,期元大S＆P日圓正2,65,21,44,新光-新竹,2024-12-04,8563
3450,聯鈞,140,97,43,新光-新竹,2024-12-04,8563
3363,上詮,42,0,42,新光-新竹,2024-12-04,8563
2891,中信金,45,4,41,新光-新竹,2024-12-04,8563
5315,光聯,42,4,38,新光-新竹,2024-12-04,8563
1536,和大,49,13,36,新光-新竹,2024-12-04,8563
2884,玉山金,36,0,36,新光-新竹,2024-12-04,8563
6438,迅得,36,2,34,新光-新竹,2024-12-04,8563
0056,元大高股息,55,21,34,新光-新竹,2024-12-04,8563
1531,高林股,31,0,31,新光-新竹,2024-12-04,8563
9946,三發地產,31,0,31,新光-新竹,2024-12-04,8563
2301,光寶科,39,10,29,新光-新竹,2024-12-04,8563
3374,精材,31,2,29,新光-新竹,2024-12-04,8563
5244,弘凱,53,27,26,新光-新竹,2024-12-04,8563
2887,台新金,26,0,26,新光-新竹,2024-12-04,8563
2317,鴻海,123,98,25,新光-新竹,2024-12-04,8563
00795B,中信美國公債20年,27,3,24,新光-新竹,2024-12-04,8563
4123,晟德,28,4,24,新光-新竹,2024-12-04,8563
00753L,中信中國50正2,22,0,22,新光-新竹,2024-12-04,8563
3694,海華,54,33,21,新光-新竹,2024-12-04,8563
5512,力麒,20,0,20,新光-新竹,2024-12-04,8563
00740B,富邦全球投等債,24,4,20,新光-新竹,2024-12-04,8563
00673R,期元大S＆P原油反1,20,0,20,新光-新竹,2024-12-04,8563
6854,錼創科技-KY創,20,0,20,新光-新竹,2024-12-04,8563
2303,聯電,51,31,20,新光-新竹,2024-12-04,8563
8111,立��,37,18,19,新光-新竹,2024-12-04,8563
2349,錸德,76,57,19,新光-新竹,2024-12-04,8563
1905,華紙,18,0,18,新光-新竹,2024-12-04,8563
2103,台橡,18,0,18,新光-新竹,2024-12-04,8563
1802,台玻,57,39,18,新光-新竹,2024-12-04,8563
00915,凱基優選高股息30,28,11,17,新光-新竹,2024-12-04,8563
4111,濟生,17,0,17,新光-新竹,2024-12-04,8563
6962,ITH-KY,27,10,17,新光-新竹,2024-12-04,8563
3041,揚智,421,14,407,新光-新竹,2024-12-05,8563
00688L,國泰20年美債正2,315,0,315,新光-新竹,2024-12-05,8563
00919,群益台灣精選高息,360,63,297,新光-新竹,2024-12-05,8563
00937B,群益ESG投等債20,417,131,286,新光-新竹,2024-12-05,8563
4303,信立,259,37,222,新光-新竹,2024-12-05,8563
00953B,群益優選非投等債,218,5,213,新光-新竹,2024-12-05,8563
1815,富喬,423,293,130,新光-新竹,2024-12-05,8563
6962,ITH-KY,112,17,95,新光-新竹,2024-12-05,8563
00715L,期街口布蘭特正2,94,0,94,新光-新竹,2024-12-05,8563
00637L,元大滬深300正2,82,4,78,新光-新竹,2024-12-05,8563
2392,正崴,146,74,72,新光-新竹,2024-12-05,8563
00945B,凱基美國非投等債,70,1,69,新光-新竹,2024-12-05,8563
3521,鴻翊,64,0,64,新光-新竹,2024-12-05,8563
2317,鴻海,213,152,61,新光-新竹,2024-12-05,8563
00664R,國泰臺灣加權反1,81,20,61,新光-新竹,2024-12-05,8563
2303,聯電,66,12,54,新光-新竹,2024-12-05,8563
00926,凱基全球菁英55,48,0,48,新光-新竹,2024-12-05,8563
5512,力麒,47,0,47,新光-新竹,2024-12-05,8563
00753L,中信中國50正2,46,0,46,新光-新竹,2024-12-05,8563
1718,中纖,41,0,41,新光-新竹,2024-12-05,8563
00763U,期街口道瓊銅,40,0,40,新光-新竹,2024-12-05,8563
2547,日勝生,40,0,40,新光-新竹,2024-12-05,8563
6274,台燿,48,8,40,新光-新竹,2024-12-05,8563
2313,華通,48,9,39,新光-新竹,2024-12-05,8563
00882,中信中國高股息,40,1,39,新光-新竹,2024-12-05,8563
6279,胡連,40,1,39,新光-新竹,2024-12-05,8563
2354,鴻準,316,277,39,新光-新竹,2024-12-05,8563
2442,新美齊,50,12,38,新光-新竹,2024-12-05,8563
4526,東台,36,0,36,新光-新竹,2024-12-05,8563
00633L,富邦上証正2,36,0,36,新光-新竹,2024-12-05,8563
4966,譜瑞-KY,34,2,32,新光-新竹,2024-12-05,8563
2103,台橡,30,0,30,新光-新竹,2024-12-05,8563
2596,綠意,30,0,30,新光-新竹,2024-12-05,8563
8042,金山電,62,32,30,新光-新竹,2024-12-05,8563
3591,艾笛森,51,22,29,新光-新竹,2024-12-05,8563
2421,建準,30,1,29,新光-新竹,2024-12-05,8563
3323,加百裕,175,147,28,新光-新竹,2024-12-05,8563
3211,順達,106,78,28,新光-新竹,2024-12-05,8563
2312,金寶,46,20,26,新光-新竹,2024-12-05,8563
4931,新盛力,260,234,26,新光-新竹,2024-12-05,8563
00950B,凱基A級公司債,25,0,25,新光-新竹,2024-12-05,8563
3062,建漢,28,3,25,新光-新竹,2024-12-05,8563
6588,東典光電,25,0,25,新光-新竹,2024-12-05,8563
2371,大同,47,23,24,新光-新竹,2024-12-05,8563
6542,隆中,25,1,24,新光-新竹,2024-12-05,8563
1536,和大,29,6,23,新光-新竹,2024-12-05,8563
3163,波若威,78,55,23,新光-新竹,2024-12-05,8563
2204,中華,40,18,22,新光-新竹,2024-12-05,8563
2002,中鋼,22,0,22,新光-新竹,2024-12-05,8563
2332,友訊,32,10,22,新光-新竹,2024-12-05,8563
00918,大華優利高填息30,287,48,239,新光-新竹,2024-12-06,8563
00919,群益台灣精選高息,276,67,209,新光-新竹,2024-12-06,8563
2603,長榮,111,9,102,新光-新竹,2024-12-06,8563
00953B,群益優選非投等債,94,0,94,新光-新竹,2024-12-06,8563
00725B,國泰投資級公司債,111,20,91,新光-新竹,2024-12-06,8563
6505,台塑化,88,1,87,新光-新竹,2024-12-06,8563
00933B,國泰10Y+金融債,80,1,79,新光-新竹,2024-12-06,8563
00878,國泰永續高股息,118,49,69,新光-新竹,2024-12-06,8563
00650L,復華香港正2,70,3,67,新光-新竹,2024-12-06,8563
00715L,期街口布蘭特正2,86,20,66,新光-新竹,2024-12-06,8563
2354,鴻準,359,297,62,新光-新竹,2024-12-06,8563
1449,佳和,70,10,60,新光-新竹,2024-12-06,8563
3521,鴻翊,59,1,58,新光-新竹,2024-12-06,8563
6416,瑞祺電通,53,0,53,新光-新竹,2024-12-06,8563
2449,京元電子,65,16,49,新光-新竹,2024-12-06,8563
00687B,國泰20年美債,95,47,48,新光-新竹,2024-12-06,8563
2884,玉山金,47,0,47,新光-新竹,2024-12-06,8563
3015,全漢,275,229,46,新光-新竹,2024-12-06,8563
8028,昇陽半導體,49,7,42,新光-新竹,2024-12-06,8563
2103,台橡,40,0,40,新光-新竹,2024-12-06,8563
4532,瑞智,40,0,40,新光-新竹,2024-12-06,8563
8069,元太,47,8,39,新光-新竹,2024-12-06,8563
00882,中信中國高股息,39,1,38,新光-新竹,2024-12-06,8563
5457,宣德,43,10,33,新光-新竹,2024-12-06,8563
3078,僑威,57,26,31,新光-新竹,2024-12-06,8563
4909,新復興,31,1,30,新光-新竹,2024-12-06,8563
1718,中纖,30,0,30,新光-新竹,2024-12-06,8563
0056,元大高股息,36,9,27,新光-新竹,2024-12-06,8563
1802,台玻,33,7,26,新光-新竹,2024-12-06,8563
00909,國泰數位支付服務,28,3,25,新光-新竹,2024-12-06,8563
3447,展達,28,3,25,新光-新竹,2024-12-06,8563
1815,富喬,68,44,24,新光-新竹,2024-12-06,8563
3323,加百裕,84,60,24,新光-新竹,2024-12-06,8563
00712,復華富時不動產,254,230,24,新光-新竹,2024-12-06,8563
00945B,凱基美國非投等債,23,0,23,新光-新竹,2024-12-06,8563
6188,廣明,50,28,22,新光-新竹,2024-12-06,8563
6962,ITH-KY,31,9,22,新光-新竹,2024-12-06,8563
2453,凌群,43,22,21,新光-新竹,2024-12-06,8563
00881,國泰台灣5G+,21,1,20,新光-新竹,2024-12-06,8563
3508,位速,20,0,20,新光-新竹,2024-12-06,8563
4526,東台,20,0,20,新光-新竹,2024-12-06,8563
2610,華航,26,7,19,新光-新竹,2024-12-06,8563
2101,南港,20,1,19,新光-新竹,2024-12-06,8563
5244,弘凱,27,9,18,新光-新竹,2024-12-06,8563
4102,永日,34,16,18,新光-新竹,2024-12-06,8563
2337,旺宏,161,144,17,新光-新竹,2024-12-06,8563
8111,立��,56,39,17,新光-新竹,2024-12-06,8563
2313,華通,21,4,17,新光-新竹,2024-12-06,8563
3013,晟銘電,18,2,16,新光-新竹,2024-12-06,8563
3580,友威科,16,0,16,新光-新竹,2024-12-06,8563
00953B,群益優選非投等債,535,58,477,新光-新竹,2024-12-09,8563
8096,擎亞,458,50,408,新光-新竹,2024-12-09,8563
2801,彰銀,362,4,358,新光-新竹,2024-12-09,8563
00715L,期街口布蘭特正2,210,0,210,新光-新竹,2024-12-09,8563
2324,仁寶,301,150,151,新光-新竹,2024-12-09,8563
00915,凱基優選高股息30,155,5,150,新光-新竹,2024-12-09,8563
00918,大華優利高填息30,135,5,130,新光-新竹,2024-12-09,8563
1444,力麗,137,10,127,新光-新竹,2024-12-09,8563
00650L,復華香港正2,136,15,121,新光-新竹,2024-12-09,8563
00688L,國泰20年美債正2,98,4,94,新光-新竹,2024-12-09,8563
6462,神盾,89,25,64,新光-新竹,2024-12-09,8563
0056,元大高股息,68,6,62,新光-新竹,2024-12-09,8563
00642U,期元大S＆P石油,61,0,61,新光-新竹,2024-12-09,8563
00725B,國泰投資級公司債,59,1,58,新光-新竹,2024-12-09,8563
00933B,國泰10Y+金融債,60,8,52,新光-新竹,2024-12-09,8563
2303,聯電,90,38,52,新光-新竹,2024-12-09,8563
1806,冠軍,50,0,50,新光-新竹,2024-12-09,8563
2399,映泰,262,218,44,新光-新竹,2024-12-09,8563
00647L,元大S＆P500正2,42,0,42,新光-新竹,2024-12-09,8563
00945B,凱基美國非投等債,40,0,40,新光-新竹,2024-12-09,8563
2317,鴻海,181,141,40,新光-新竹,2024-12-09,8563
6126,信音,38,0,38,新光-新竹,2024-12-09,8563
00637L,元大滬深300正2,80,42,38,新光-新竹,2024-12-09,8563
1815,富喬,80,43,37,新光-新竹,2024-12-09,8563
00882,中信中國高股息,39,2,37,新光-新竹,2024-12-09,8563
00926,凱基全球菁英55,37,0,37,新光-新竹,2024-12-09,8563
3689,湧德,42,6,36,新光-新竹,2024-12-09,8563
2392,正崴,48,14,34,新光-新竹,2024-12-09,8563
3015,全漢,173,141,32,新光-新竹,2024-12-09,8563
2313,華通,51,19,32,新光-新竹,2024-12-09,8563
00968B,元大優息投等債,30,0,30,新光-新竹,2024-12-09,8563
00669R,國泰美國道瓊反1,30,0,30,新光-新竹,2024-12-09,8563
2103,台橡,30,0,30,新光-新竹,2024-12-09,8563
2891,中信金,40,10,30,新光-新竹,2024-12-09,8563
3231,緯創,62,32,30,新光-新竹,2024-12-09,8563
2332,友訊,80,50,30,新光-新竹,2024-12-09,8563
1464,得力,40,11,29,新光-新竹,2024-12-09,8563
2449,京元電子,34,5,29,新光-新竹,2024-12-09,8563
6216,居易,28,0,28,新光-新竹,2024-12-09,8563
1718,中纖,30,3,27,新光-新竹,2024-12-09,8563
00713,元大台灣高息低波,24,0,24,新光-新竹,2024-12-09,8563
2834,臺企銀,47,24,23,新光-新竹,2024-12-09,8563
5309,系統電,29,6,23,新光-新竹,2024-12-09,8563
5512,力麒,23,0,23,新光-新竹,2024-12-09,8563
2442,新美齊,31,8,23,新光-新竹,2024-12-09,8563
5483,中美晶,22,0,22,新光-新竹,2024-12-09,8563
00923,群益台ESG低碳50,23,2,21,新光-新竹,2024-12-09,8563
5864,致和證,21,0,21,新光-新竹,2024-12-09,8563
3521,鴻翊,20,0,20,新光-新竹,2024-12-09,8563
00633L,富邦上証正2,20,0,20,新光-新竹,2024-12-09,8563
00753L,中信中國50正2,1232,349,883,新光-新竹,2024-12-10,8563
00715L,期街口布蘭特正2,242,6,236,新光-新竹,2024-12-10,8563
3189,景碩,256,23,233,新光-新竹,2024-12-10,8563
00945B,凱基美國非投等債,190,0,190,新光-新竹,2024-12-10,8563
1449,佳和,237,94,143,新光-新竹,2024-12-10,8563
00937B,群益ESG投等債20,170,29,141,新光-新竹,2024-12-10,8563
00918,大華優利高填息30,141,6,135,新光-新竹,2024-12-10,8563
0056,元大高股息,134,3,131,新光-新竹,2024-12-10,8563
00946,群益科技高息成長,122,0,122,新光-新竹,2024-12-10,8563
2317,鴻海,133,44,89,新光-新竹,2024-12-10,8563
00687B,國泰20年美債,94,7,87,新光-新竹,2024-12-10,8563
0050,元大台灣50,92,5,87,新光-新竹,2024-12-10,8563
8054,安國,147,63,84,新光-新竹,2024-12-10,8563
1402,遠東新,156,85,71,新光-新竹,2024-12-10,8563
00713,元大台灣高息低波,74,3,71,新光-新竹,2024-12-10,8563
00926,凱基全球菁英55,69,0,69,新光-新竹,2024-12-10,8563
4991,環宇-KY,108,41,67,新光-新竹,2024-12-10,8563
00948B,中信優息投資級債,64,0,64,新光-新竹,2024-12-10,8563
2618,長榮航,99,36,63,新光-新竹,2024-12-10,8563
2547,日勝生,115,58,57,新光-新竹,2024-12-10,8563
00679B,元大美債20年,115,58,57,新光-新竹,2024-12-10,8563
2890,永豐金,55,0,55,新光-新竹,2024-12-10,8563
00650L,復華香港正2,90,36,54,新光-新竹,2024-12-10,8563
1101,台泥,64,11,53,新光-新竹,2024-12-10,8563
00882,中信中國高股息,162,111,51,新光-新竹,2024-12-10,8563
00752,中信中國50,56,6,50,新光-新竹,2024-12-10,8563
4909,新復興,61,12,49,新光-新竹,2024-12-10,8563
1409,新纖,49,0,49,新光-新竹,2024-12-10,8563
6216,居易,49,5,44,新光-新竹,2024-12-10,8563
4111,濟生,45,4,41,新光-新竹,2024-12-10,8563
2596,綠意,40,0,40,新光-新竹,2024-12-10,8563
3591,艾笛森,40,0,40,新光-新竹,2024-12-10,8563
00909,國泰數位支付服務,44,4,40,新光-新竹,2024-12-10,8563
2609,陽明,143,103,40,新光-新竹,2024-12-10,8563
00662,富邦NASDAQ,33,0,33,新光-新竹,2024-12-10,8563
00924,復華S＆P500成長,31,0,31,新光-新竹,2024-12-10,8563
00968B,元大優息投等債,31,0,31,新光-新竹,2024-12-10,8563
5465,富驊,36,6,30,新光-新竹,2024-12-10,8563
5202,力新,71,41,30,新光-新竹,2024-12-10,8563
5483,中美晶,28,0,28,新光-新竹,2024-12-10,8563
00887,永豐中國科技50大,106,78,28,新光-新竹,2024-12-10,8563
00795B,中信美國公債20年,27,0,27,新光-新竹,2024-12-10,8563
3093,港建*,25,0,25,新光-新竹,2024-12-10,8563
00915,凱基優選高股息30,32,7,25,新光-新竹,2024-12-10,8563
00960,野村全球航運龍頭,24,0,24,新光-新竹,2024-12-10,8563
00922,國泰台灣領袖50,25,1,24,新光-新竹,2024-12-10,8563
5516,雙喜,22,0,22,新光-新竹,2024-12-10,8563
00655L,國泰中國A50正2,25,3,22,新光-新竹,2024-12-10,8563
2449,京元電子,32,10,22,新光-新竹,2024-12-10,8563
3607,谷崧,65,44,21,新光-新竹,2024-12-10,8563
00918,大華優利高填息30,239,0,239,新光-新竹,2024-12-11,8563
2547,日勝生,217,2,215,新光-新竹,2024-12-11,8563
2206,三陽工業,189,0,189,新光-新竹,2024-12-11,8563
00712,復華富時不動產,182,4,178,新光-新竹,2024-12-11,8563
00753L,中信中國50正2,178,12,166,新光-新竹,2024-12-11,8563
2453,凌群,212,50,162,新光-新竹,2024-12-11,8563
00687B,國泰20年美債,154,31,123,新光-新竹,2024-12-11,8563
2303,聯電,124,28,96,新光-新竹,2024-12-11,8563
1449,佳和,103,9,94,新光-新竹,2024-12-11,8563
00940,元大台灣價值高息,84,1,83,新光-新竹,2024-12-11,8563
0056,元大高股息,193,113,80,新光-新竹,2024-12-11,8563
00639,富邦深100,80,0,80,新光-新竹,2024-12-11,8563
2317,鴻海,309,229,80,新光-新竹,2024-12-11,8563
00948B,中信優息投資級債,64,0,64,新光-新竹,2024-12-11,8563
2892,第一金,61,0,61,新光-新竹,2024-12-11,8563
00915,凱基優選高股息30,59,4,55,新光-新竹,2024-12-11,8563
6234,高僑,54,0,54,新光-新竹,2024-12-11,8563
6177,達麗,50,0,50,新光-新竹,2024-12-11,8563
3521,鴻翊,50,0,50,新光-新竹,2024-12-11,8563
00715L,期街口布蘭特正2,177,128,49,新光-新竹,2024-12-11,8563
00924,復華S＆P500成長,47,0,47,新光-新竹,2024-12-11,8563
00637L,元大滬深300正2,64,21,43,新光-新竹,2024-12-11,8563
2609,陽明,139,96,43,新光-新竹,2024-12-11,8563
2429,銘旺科,40,2,38,新光-新竹,2024-12-11,8563
5483,中美晶,47,9,38,新光-新竹,2024-12-11,8563
5309,系統電,33,0,33,新光-新竹,2024-12-11,8563
3231,緯創,71,40,31,新光-新竹,2024-12-11,8563
00943,兆豐電子高息等權,30,0,30,新光-新竹,2024-12-11,8563
6126,信音,29,0,29,新光-新竹,2024-12-11,8563
3037,欣興,34,6,28,新光-新竹,2024-12-11,8563
2337,旺宏,40,13,27,新光-新竹,2024-12-11,8563
1402,遠東新,65,40,25,新光-新竹,2024-12-11,8563
9105,泰金寶-DR,176,151,25,新光-新竹,2024-12-11,8563
00679B,元大美債20年,124,99,25,新光-新竹,2024-12-11,8563
2382,廣達,30,7,23,新光-新竹,2024-12-11,8563
00830,國泰費城半導體,25,2,23,新光-新竹,2024-12-11,8563
00662,富邦NASDAQ,23,0,23,新光-新竹,2024-12-11,8563
3041,揚智,79,56,23,新光-新竹,2024-12-11,8563
2313,華通,371,350,21,新光-新竹,2024-12-11,8563
6415,矽力*-KY,30,9,21,新光-新竹,2024-12-11,8563
9910,豐泰,41,20,21,新光-新竹,2024-12-11,8563
2845,遠東銀,22,1,21,新光-新竹,2024-12-11,8563
5351,鈺創,31,10,21,新光-新竹,2024-12-11,8563
2449,京元電子,26,6,20,新光-新竹,2024-12-11,8563
6139,亞翔,22,2,20,新光-新竹,2024-12-11,8563
6220,岳豐,20,0,20,新光-新竹,2024-12-11,8563
2596,綠意,20,0,20,新光-新竹,2024-12-11,8563
5206,坤悅,20,0,20,新光-新竹,2024-12-11,8563
2481,強茂,20,0,20,新光-新竹,2024-12-11,8563
4916,事欣科,20,1,19,新光-新竹,2024-12-11,8563
00937B,群益ESG投等債20,740,109,631,新光-新竹,2024-12-12,8563
00712,復華富時不動產,298,17,281,新光-新竹,2024-12-12,8563
00725B,國泰投資級公司債,266,22,244,新光-新竹,2024-12-12,8563
3041,揚智,307,101,206,新光-新竹,2024-12-12,8563
00687B,國泰20年美債,303,117,186,新光-新竹,2024-12-12,8563
00680L,元大美債20正2,251,73,178,新光-新竹,2024-12-12,8563
00948B,中信優息投資級債,204,28,176,新光-新竹,2024-12-12,8563
00679B,元大美債20年,163,4,159,新光-新竹,2024-12-12,8563
00918,大華優利高填息30,171,41,130,新光-新竹,2024-12-12,8563
00650L,復華香港正2,260,135,125,新光-新竹,2024-12-12,8563
3715,定穎投控,135,12,123,新光-新竹,2024-12-12,8563
00673R,期元大S＆P原油反1,105,5,100,新光-新竹,2024-12-12,8563
00795B,中信美國公債20年,111,15,96,新光-新竹,2024-12-12,8563
6770,力積電,111,21,90,新光-新竹,2024-12-12,8563
1413,宏洲,86,0,86,新光-新竹,2024-12-12,8563
00639,富邦深100,78,0,78,新光-新竹,2024-12-12,8563
2317,鴻海,167,102,65,新光-新竹,2024-12-12,8563
00933B,國泰10Y+金融債,65,0,65,新光-新竹,2024-12-12,8563
8249,菱光,85,30,55,新光-新竹,2024-12-12,8563
00945B,凱基美國非投等債,55,0,55,新光-新竹,2024-12-12,8563
00891,中信關鍵半導體,69,17,52,新光-新竹,2024-12-12,8563
00751B,元大AAA至A公司債,46,2,44,新光-新竹,2024-12-12,8563
2615,萬海,44,9,35,新光-新竹,2024-12-12,8563
00919,群益台灣精選高息,47,12,35,新光-新竹,2024-12-12,8563
2388,威盛,66,35,31,新光-新竹,2024-12-12,8563
2801,彰銀,28,0,28,新光-新竹,2024-12-12,8563
5344,立衛,27,0,27,新光-新竹,2024-12-12,8563
2417,圓剛,27,1,26,新光-新竹,2024-12-12,8563
4909,新復興,46,20,26,新光-新竹,2024-12-12,8563
3594,磐儀,29,3,26,新光-新竹,2024-12-12,8563
00915,凱基優選高股息30,29,4,25,新光-新竹,2024-12-12,8563
2002,中鋼,26,2,24,新光-新竹,2024-12-12,8563
00713,元大台灣高息低波,24,1,23,新光-新竹,2024-12-12,8563
5225,東科-KY,25,2,23,新光-新竹,2024-12-12,8563
9105,泰金寶-DR,348,325,23,新光-新竹,2024-12-12,8563
6757,台灣虎航,23,3,20,新光-新竹,2024-12-12,8563
2809,京城銀,46,26,20,新光-新竹,2024-12-12,8563
00648R,元大S＆P500反1,20,0,20,新光-新竹,2024-12-12,8563
2543,皇昌,20,1,19,新光-新竹,2024-12-12,8563
2324,仁寶,22,3,19,新光-新竹,2024-12-12,8563
6274,台燿,44,25,19,新光-新竹,2024-12-12,8563
00688L,國泰20年美債正2,53,35,18,新光-新竹,2024-12-12,8563
2609,陽明,63,45,18,新光-新竹,2024-12-12,8563
3711,日月光投控,32,14,18,新光-新竹,2024-12-12,8563
00720B,元大投資級公司債,23,5,18,新光-新竹,2024-12-12,8563
5392,能率,19,2,17,新光-新竹,2024-12-12,8563
2354,鴻準,50,34,16,新光-新竹,2024-12-12,8563
2382,廣達,29,13,16,新光-新竹,2024-12-12,8563
1301,台塑,28,12,16,新光-新竹,2024-12-12,8563
6425,易發,16,0,16,新光-新竹,2024-12-12,8563
00688L,國泰20年美債正2,811,0,811,新光-新竹,2024-12-13,8563
00937B,群益ESG投等債20,646,170,476,新光-新竹,2024-12-13,8563
2303,聯電,291,79,212,新光-新竹,2024-12-13,8563
3706,神達,416,229,187,新光-新竹,2024-12-13,8563
0056,元大高股息,180,15,165,新光-新竹,2024-12-13,8563
00795B,中信美國公債20年,135,4,131,新光-新竹,2024-12-13,8563
00725B,國泰投資級公司債,131,0,131,新光-新竹,2024-12-13,8563
00680L,元大美債20正2,130,0,130,新光-新竹,2024-12-13,8563
00945B,凱基美國非投等債,147,18,129,新光-新竹,2024-12-13,8563
00919,群益台灣精選高息,162,36,126,新光-新竹,2024-12-13,8563
2313,華通,191,69,122,新光-新竹,2024-12-13,8563
00948B,中信優息投資級債,117,1,116,新光-新竹,2024-12-13,8563
3013,晟銘電,128,26,102,新光-新竹,2024-12-13,8563
00665L,富邦�琤肭磪囓�2,90,0,90,新光-新竹,2024-12-13,8563
00679B,元大美債20年,114,28,86,新光-新竹,2024-12-13,8563
2547,日勝生,85,0,85,新光-新竹,2024-12-13,8563
00712,復華富時不動產,85,2,83,新光-新竹,2024-12-13,8563
00915,凱基優選高股息30,99,17,82,新光-新竹,2024-12-13,8563
00918,大華優利高填息30,134,70,64,新光-新竹,2024-12-13,8563
2317,鴻海,95,36,59,新光-新竹,2024-12-13,8563
8358,金居,58,3,55,新光-新竹,2024-12-13,8563
9105,泰金寶-DR,239,185,54,新光-新竹,2024-12-13,8563
1587,吉茂,53,0,53,新光-新竹,2024-12-13,8563
6126,信音,48,0,48,新光-新竹,2024-12-13,8563
2845,遠東銀,50,4,46,新光-新竹,2024-12-13,8563
2641,正德,61,15,46,新光-新竹,2024-12-13,8563
1802,台玻,44,1,43,新光-新竹,2024-12-13,8563
00673R,期元大S＆P原油反1,42,0,42,新光-新竹,2024-12-13,8563
2836,高雄銀,42,0,42,新光-新竹,2024-12-13,8563
00933B,國泰10Y+金融債,41,0,41,新光-新竹,2024-12-13,8563
00946,群益科技高息成長,44,3,41,新光-新竹,2024-12-13,8563
5278,尚凡*,43,2,41,新光-新竹,2024-12-13,8563
00671R,富邦NASDAQ反1,41,0,41,新光-新竹,2024-12-13,8563
00878,國泰永續高股息,73,33,40,新光-新竹,2024-12-13,8563
1314,中石化,41,2,39,新光-新竹,2024-12-13,8563
2884,玉山金,42,5,37,新光-新竹,2024-12-13,8563
5508,永信建,37,0,37,新光-新竹,2024-12-13,8563
3037,欣興,68,32,36,新光-新竹,2024-12-13,8563
2883,凱基金,484,450,34,新光-新竹,2024-12-13,8563
2206,三陽工業,33,0,33,新光-新竹,2024-12-13,8563
9802,鈺齊-KY,53,20,33,新光-新竹,2024-12-13,8563
4953,緯軟,36,4,32,新光-新竹,2024-12-13,8563
5871,中租-KY,55,25,30,新光-新竹,2024-12-13,8563
6962,ITH-KY,44,15,29,新光-新竹,2024-12-13,8563
4979,華星光,75,46,29,新光-新竹,2024-12-13,8563
3338,泰碩,30,2,28,新光-新竹,2024-12-13,8563
2354,鴻準,63,35,28,新光-新竹,2024-12-13,8563
3296,勝德,113,87,26,新光-新竹,2024-12-13,8563
2618,長榮航,65,39,26,新光-新竹,2024-12-13,8563
1513,中興電,25,0,25,新光-新竹,2024-12-13,8563
00687B,國泰20年美債,645,15,630,新光-新竹,2024-12-16,8563
00937B,群益ESG投等債20,738,125,613,新光-新竹,2024-12-16,8563
00948B,中信優息投資級債,573,0,573,新光-新竹,2024-12-16,8563
00918,大華優利高填息30,408,11,397,新光-新竹,2024-12-16,8563
00725B,國泰投資級公司債,220,2,218,新光-新竹,2024-12-16,8563
00915,凱基優選高股息30,218,4,214,新光-新竹,2024-12-16,8563
00919,群益台灣精選高息,194,16,178,新光-新竹,2024-12-16,8563
00945B,凱基美國非投等債,165,0,165,新光-新竹,2024-12-16,8563
00679B,元大美債20年,221,69,152,新光-新竹,2024-12-16,8563
00926,凱基全球菁英55,137,0,137,新光-新竹,2024-12-16,8563
00940,元大台灣價值高息,151,16,135,新光-新竹,2024-12-16,8563
00680L,元大美債20正2,128,0,128,新光-新竹,2024-12-16,8563
2812,台中銀,108,0,108,新光-新竹,2024-12-16,8563
3689,湧德,170,71,99,新光-新竹,2024-12-16,8563
00688L,國泰20年美債正2,83,0,83,新光-新竹,2024-12-16,8563
2887,台新金,88,10,78,新光-新竹,2024-12-16,8563
00933B,國泰10Y+金融債,122,45,77,新光-新竹,2024-12-16,8563
2890,永豐金,77,1,76,新光-新竹,2024-12-16,8563
2408,南亞科,76,2,74,新光-新竹,2024-12-16,8563
8054,安國,101,27,74,新光-新竹,2024-12-16,8563
00930,永豐ESG低碳高息,74,0,74,新光-新竹,2024-12-16,8563
2646,星宇航空,65,0,65,新光-新竹,2024-12-16,8563
2609,陽明,145,86,59,新光-新竹,2024-12-16,8563
00673R,期元大S＆P原油反1,53,0,53,新光-新竹,2024-12-16,8563
00922,國泰台灣領袖50,51,1,50,新光-新竹,2024-12-16,8563
1785,光洋科,61,15,46,新光-新竹,2024-12-16,8563
0056,元大高股息,109,63,46,新光-新竹,2024-12-16,8563
5202,力新,45,0,45,新光-新竹,2024-12-16,8563
8028,昇陽半導體,45,1,44,新光-新竹,2024-12-16,8563
00953B,群益優選非投等債,41,0,41,新光-新竹,2024-12-16,8563
1314,中石化,41,0,41,新光-新竹,2024-12-16,8563
00882,中信中國高股息,40,3,37,新光-新竹,2024-12-16,8563
2421,建準,38,2,36,新光-新竹,2024-12-16,8563
4979,華星光,55,20,35,新光-新竹,2024-12-16,8563
6126,信音,33,0,33,新光-新竹,2024-12-16,8563
00720B,元大投資級公司債,33,0,33,新光-新竹,2024-12-16,8563
3715,定穎投控,36,5,31,新光-新竹,2024-12-16,8563
2883,凱基金,43,13,30,新光-新竹,2024-12-16,8563
00905,FT臺灣Smart,31,1,30,新光-新竹,2024-12-16,8563
6215,和椿,63,34,29,新光-新竹,2024-12-16,8563
3011,今皓,28,1,27,新光-新竹,2024-12-16,8563
3450,聯鈞,113,88,25,新光-新竹,2024-12-16,8563
00712,復華富時不動產,40,15,25,新光-新竹,2024-12-16,8563
2388,威盛,40,15,25,新光-新竹,2024-12-16,8563
2516,新建,24,0,24,新光-新竹,2024-12-16,8563
4953,緯軟,23,0,23,新光-新竹,2024-12-16,8563
3712,永崴投控,24,1,23,新光-新竹,2024-12-16,8563
3234,光環,22,0,22,新光-新竹,2024-12-16,8563
3231,緯創,104,83,21,新光-新竹,2024-12-16,8563
00969B,元大零息超長美債,20,0,20,新光-新竹,2024-12-16,8563
00937B,群益ESG投等債20,390,62,328,新光-新竹,2024-12-17,8563
00948B,中信優息投資級債,330,26,304,新光-新竹,2024-12-17,8563
00959B,大華投等美債15Y+,301,0,301,新光-新竹,2024-12-17,8563
3041,揚智,404,228,176,新光-新竹,2024-12-17,8563
00680L,元大美債20正2,154,3,151,新光-新竹,2024-12-17,8563
00918,大華優利高填息30,145,13,132,新光-新竹,2024-12-17,8563
00915,凱基優選高股息30,169,58,111,新光-新竹,2024-12-17,8563
00713,元大台灣高息低波,112,10,102,新光-新竹,2024-12-17,8563
00687B,國泰20年美債,130,34,96,新光-新竹,2024-12-17,8563
00679B,元大美債20年,120,27,93,新光-新竹,2024-12-17,8563
5206,坤悅,74,0,74,新光-新竹,2024-12-17,8563
2344,華邦電,74,12,62,新光-新竹,2024-12-17,8563
0056,元大高股息,90,30,60,新光-新竹,2024-12-17,8563
2002,中鋼,58,0,58,新光-新竹,2024-12-17,8563
2834,臺企銀,58,0,58,新光-新竹,2024-12-17,8563
2233,宇隆,63,7,56,新光-新竹,2024-12-17,8563
2312,金寶,112,57,55,新光-新竹,2024-12-17,8563
5876,上海商銀,54,0,54,新光-新竹,2024-12-17,8563
4303,信立,54,1,53,新光-新竹,2024-12-17,8563
00688L,國泰20年美債正2,50,0,50,新光-新竹,2024-12-17,8563
2317,鴻海,136,88,48,新光-新竹,2024-12-17,8563
00933B,國泰10Y+金融債,46,0,46,新光-新竹,2024-12-17,8563
3481,群創,47,3,44,新光-新竹,2024-12-17,8563
00926,凱基全球菁英55,64,20,44,新光-新竹,2024-12-17,8563
00795B,中信美國公債20年,43,0,43,新光-新竹,2024-12-17,8563
00706L,期元大S＆P日圓正2,42,0,42,新光-新竹,2024-12-17,8563
2324,仁寶,47,7,40,新光-新竹,2024-12-17,8563
1402,遠東新,81,42,39,新光-新竹,2024-12-17,8563
2706,第一店,39,0,39,新光-新竹,2024-12-17,8563
3231,緯創,59,21,38,新光-新竹,2024-12-17,8563
9950,萬國通,44,8,36,新光-新竹,2024-12-17,8563
3037,欣興,63,28,35,新光-新竹,2024-12-17,8563
2596,綠意,35,0,35,新光-新竹,2024-12-17,8563
00664R,國泰臺灣加權反1,35,0,35,新光-新竹,2024-12-17,8563
00725B,國泰投資級公司債,34,0,34,新光-新竹,2024-12-17,8563
00945B,凱基美國非投等債,33,1,32,新光-新竹,2024-12-17,8563
5607,遠雄港,32,0,32,新光-新竹,2024-12-17,8563
5880,合庫金,32,0,32,新光-新竹,2024-12-17,8563
2882,國泰金,32,0,32,新光-新竹,2024-12-17,8563
3035,智原,174,144,30,新光-新竹,2024-12-17,8563
4534,慶騰,30,0,30,新光-新竹,2024-12-17,8563
3706,神達,103,74,29,新光-新竹,2024-12-17,8563
00909,國泰數位支付服務,28,0,28,新光-新竹,2024-12-17,8563
2610,華航,50,22,28,新光-新竹,2024-12-17,8563
5871,中租-KY,76,49,27,新光-新竹,2024-12-17,8563
2355,敬鵬,26,0,26,新光-新竹,2024-12-17,8563
1587,吉茂,25,0,25,新光-新竹,2024-12-17,8563
2230,泰茂,27,2,25,新光-新竹,2024-12-17,8563
00953B,群益優選非投等債,25,0,25,新光-新竹,2024-12-17,8563
2609,陽明,71,48,23,新光-新竹,2024-12-17,8563
00959B,大華投等美債15Y+,205,0,205,新光-新竹,2024-12-18,8563
2883,凱基金,404,219,185,新光-新竹,2024-12-18,8563
00918,大華優利高填息30,174,10,164,新光-新竹,2024-12-18,8563
00937B,群益ESG投等債20,171,9,162,新光-新竹,2024-12-18,8563
3041,揚智,411,255,156,新光-新竹,2024-12-18,8563
00650L,復華香港正2,123,0,123,新光-新竹,2024-12-18,8563
00680L,元大美債20正2,109,6,103,新光-新竹,2024-12-18,8563
00679B,元大美債20年,118,18,100,新光-新竹,2024-12-18,8563
2313,華通,328,230,98,新光-新竹,2024-12-18,8563
00948B,中信優息投資級債,111,23,88,新光-新竹,2024-12-18,8563
1815,富喬,147,61,86,新光-新竹,2024-12-18,8563
6962,ITH-KY,134,80,54,新光-新竹,2024-12-18,8563
00919,群益台灣精選高息,130,80,50,新光-新竹,2024-12-18,8563
00687B,國泰20年美債,65,20,45,新光-新竹,2024-12-18,8563
00686R,群益臺灣加權反1,45,0,45,新光-新竹,2024-12-18,8563
2049,上銀,73,31,42,新光-新竹,2024-12-18,8563
1402,遠東新,43,3,40,新光-新竹,2024-12-18,8563
1536,和大,68,28,40,新光-新竹,2024-12-18,8563
2368,金像電,72,32,40,新光-新竹,2024-12-18,8563
1213,大飲,39,0,39,新光-新竹,2024-12-18,8563
2312,金寶,46,7,39,新光-新竹,2024-12-18,8563
00688L,國泰20年美債正2,33,0,33,新光-新竹,2024-12-18,8563
2745,五福,37,7,30,新光-新竹,2024-12-18,8563
00852L,國泰美國道瓊正2,30,0,30,新光-新竹,2024-12-18,8563
4977,眾達-KY,74,44,30,新光-新竹,2024-12-18,8563
4540,全球傳動,181,151,30,新光-新竹,2024-12-18,8563
00953B,群益優選非投等債,28,0,28,新光-新竹,2024-12-18,8563
00933B,國泰10Y+金融債,28,1,27,新光-新竹,2024-12-18,8563
00662,富邦NASDAQ,27,0,27,新光-新竹,2024-12-18,8563
3711,日月光投控,32,5,27,新光-新竹,2024-12-18,8563
00751B,元大AAA至A公司債,26,0,26,新光-新竹,2024-12-18,8563
00713,元大台灣高息低波,29,4,25,新光-新竹,2024-12-18,8563
2359,所羅門,49,24,25,新光-新竹,2024-12-18,8563
2317,鴻海,114,89,25,新光-新竹,2024-12-18,8563
1785,光洋科,73,48,25,新光-新竹,2024-12-18,8563
00926,凱基全球菁英55,29,4,25,新光-新竹,2024-12-18,8563
2609,陽明,52,27,25,新光-新竹,2024-12-18,8563
2884,玉山金,26,2,24,新光-新竹,2024-12-18,8563
00757,統一FANG+,24,0,24,新光-新竹,2024-12-18,8563
00882,中信中國高股息,22,0,22,新光-新竹,2024-12-18,8563
6806,森崴能源,22,0,22,新光-新竹,2024-12-18,8563
2633,台灣高鐵,22,0,22,新光-新竹,2024-12-18,8563
1314,中石化,21,0,21,新光-新竹,2024-12-18,8563
2417,圓剛,21,0,21,新光-新竹,2024-12-18,8563
2706,第一店,21,0,21,新光-新竹,2024-12-18,8563
00950B,凱基A級公司債,21,0,21,新光-新竹,2024-12-18,8563
1303,南亞,21,0,21,新光-新竹,2024-12-18,8563
00885,富邦越南,25,4,21,新光-新竹,2024-12-18,8563
00673R,期元大S＆P原油反1,20,0,20,新光-新竹,2024-12-18,8563
9902,台火,20,0,20,新光-新竹,2024-12-18,8563
00712,復華富時不動產,1817,852,965,新光-新竹,2024-12-19,8563
00932,兆豐永續高息等權,402,0,402,新光-新竹,2024-12-19,8563
2883,凱基金,593,220,373,新光-新竹,2024-12-19,8563
00937B,群益ESG投等債20,684,348,336,新光-新竹,2024-12-19,8563
00725B,國泰投資級公司債,315,0,315,新光-新竹,2024-12-19,8563
00918,大華優利高填息30,299,0,299,新光-新竹,2024-12-19,8563
2887,台新金,399,100,299,新光-新竹,2024-12-19,8563
00948B,中信優息投資級債,313,64,249,新光-新竹,2024-12-19,8563
1301,台塑,278,40,238,新光-新竹,2024-12-19,8563
00687B,國泰20年美債,341,158,183,新光-新竹,2024-12-19,8563
00878,國泰永續高股息,169,14,155,新光-新竹,2024-12-19,8563
9105,泰金寶-DR,219,86,133,新光-新竹,2024-12-19,8563
0056,元大高股息,160,37,123,新光-新竹,2024-12-19,8563
2317,鴻海,168,46,122,新光-新竹,2024-12-19,8563
2374,佳能,387,267,120,新光-新竹,2024-12-19,8563
00933B,國泰10Y+金融債,116,0,116,新光-新竹,2024-12-19,8563
2409,友達,117,7,110,新光-新竹,2024-12-19,8563
00795B,中信美國公債20年,88,0,88,新光-新竹,2024-12-19,8563
00830,國泰費城半導體,89,3,86,新光-新竹,2024-12-19,8563
00941,中信上游半導體,90,4,86,新光-新竹,2024-12-19,8563
00675L,富邦臺灣加權正2,96,13,83,新光-新竹,2024-12-19,8563
2303,聯電,126,46,80,新光-新竹,2024-12-19,8563
00680L,元大美債20正2,171,104,67,新光-新竹,2024-12-19,8563
2002,中鋼,67,0,67,新光-新竹,2024-12-19,8563
00751B,元大AAA至A公司債,63,0,63,新光-新竹,2024-12-19,8563
00924,復華S＆P500成長,59,0,59,新光-新竹,2024-12-19,8563
2363,矽統,66,9,57,新光-新竹,2024-12-19,8563
00915,凱基優選高股息30,54,0,54,新光-新竹,2024-12-19,8563
2371,大同,55,2,53,新光-新竹,2024-12-19,8563
6282,康舒,50,0,50,新光-新竹,2024-12-19,8563
00631L,元大台灣50正2,60,12,48,新光-新竹,2024-12-19,8563
2834,臺企銀,47,0,47,新光-新竹,2024-12-19,8563
4931,新盛力,321,274,47,新光-新竹,2024-12-19,8563
2367,燿華,43,0,43,新光-新竹,2024-12-19,8563
9902,台火,40,0,40,新光-新竹,2024-12-19,8563
00713,元大台灣高息低波,42,3,39,新光-新竹,2024-12-19,8563
2845,遠東銀,39,0,39,新光-新竹,2024-12-19,8563
2884,玉山金,36,0,36,新光-新竹,2024-12-19,8563
006208,富邦台50,40,5,35,新光-新竹,2024-12-19,8563
0050,元大台灣50,43,9,34,新光-新竹,2024-12-19,8563
00646,元大S＆P500,34,0,34,新光-新竹,2024-12-19,8563
00922,國泰台灣領袖50,35,1,34,新光-新竹,2024-12-19,8563
3665,貿聯-KY,37,5,32,新光-新竹,2024-12-19,8563
00926,凱基全球菁英55,31,0,31,新光-新竹,2024-12-19,8563
5880,合庫金,32,1,31,新光-新竹,2024-12-19,8563
2882,國泰金,30,0,30,新光-新竹,2024-12-19,8563
1216,統一,28,0,28,新光-新竹,2024-12-19,8563
5315,光聯,28,0,28,新光-新竹,2024-12-19,8563
00953B,群益優選非投等債,28,0,28,新光-新竹,2024-12-19,8563
2368,金像電,74,46,28,新光-新竹,2024-12-19,8563
