Ticker,Name,buy,sell,diff,Branch,Date,Branch_Code
00637L,元大滬深300正2,432,171,261,玉山-高雄,2023-01-03,8843
00632R,元大台灣50反1,128,18,110,玉山-高雄,2023-01-03,8843
4114,健喬,132,37,95,玉山-高雄,2023-01-03,8843
6806,森崴能源,117,30,87,玉山-高雄,2023-01-03,8843
2317,鴻海,83,14,69,玉山-高雄,2023-01-03,8843
2885,元大金,58,1,57,玉山-高雄,2023-01-03,8843
1605,華新,92,42,50,玉山-高雄,2023-01-03,8843
00655L,國泰中國A50正2,89,44,45,玉山-高雄,2023-01-03,8843
2884,玉山金,83,39,44,玉山-高雄,2023-01-03,8843
00772B,中信高評級公司債,41,0,41,玉山-高雄,2023-01-03,8843
6207,雷科,40,0,40,玉山-高雄,2023-01-03,8843
00679B,元大美債20年,35,0,35,玉山-高雄,2023-01-03,8843
1810,和成,67,33,34,玉山-高雄,2023-01-03,8843
00669R,國泰美國道瓊反1,33,0,33,玉山-高雄,2023-01-03,8843
2886,兆豐金,36,5,31,玉山-高雄,2023-01-03,8843
00633L,富邦上証正2,88,57,31,玉山-高雄,2023-01-03,8843
2603,長榮,37,7,30,玉山-高雄,2023-01-03,8843
00882,中信中國高股息,46,19,27,玉山-高雄,2023-01-03,8843
4167,松瑞藥,38,12,26,玉山-高雄,2023-01-03,8843
6547,高端疫苗,47,21,26,玉山-高雄,2023-01-03,8843
2867,三商壽,25,0,25,玉山-高雄,2023-01-03,8843
00683L,期元大美元指正2,25,0,25,玉山-高雄,2023-01-03,8843
1711,永光,25,0,25,玉山-高雄,2023-01-03,8843
2889,國票金,21,0,21,玉山-高雄,2023-01-03,8843
1314,中石化,21,0,21,玉山-高雄,2023-01-03,8843
1538,正峰,21,0,21,玉山-高雄,2023-01-03,8843
2023,燁輝,21,0,21,玉山-高雄,2023-01-03,8843
5009,榮剛,20,0,20,玉山-高雄,2023-01-03,8843
1218,泰山,20,1,19,玉山-高雄,2023-01-03,8843
1785,光洋科,20,1,19,玉山-高雄,2023-01-03,8843
00712,復華富時不動產,19,0,19,玉山-高雄,2023-01-03,8843
6456,GIS-KY,17,0,17,玉山-高雄,2023-01-03,8843
3693,營邦,16,0,16,玉山-高雄,2023-01-03,8843
6153,嘉聯益,20,4,16,玉山-高雄,2023-01-03,8843
6443,元晶,20,5,15,玉山-高雄,2023-01-03,8843
2812,台中銀,15,0,15,玉山-高雄,2023-01-03,8843
5876,上海商銀,15,1,14,玉山-高雄,2023-01-03,8843
3587,閎康,13,0,13,玉山-高雄,2023-01-03,8843
2338,光罩,18,5,13,玉山-高雄,2023-01-03,8843
3540,曜越,13,0,13,玉山-高雄,2023-01-03,8843
2609,陽明,17,5,12,玉山-高雄,2023-01-03,8843
00673R,期元大S＆P原油反1,12,0,12,玉山-高雄,2023-01-03,8843
00878,國泰永續高股息,95,84,11,玉山-高雄,2023-01-03,8843
3066,李洲,12,1,11,玉山-高雄,2023-01-03,8843
00665L,富邦�琤肭磪囓�2,13,2,11,玉山-高雄,2023-01-03,8843
00916,國泰全球品牌50,10,0,10,玉山-高雄,2023-01-03,8843
00773B,中信優先金融債,10,0,10,玉山-高雄,2023-01-03,8843
00902,中信電池及儲能,10,0,10,玉山-高雄,2023-01-03,8843
3231,緯創,12,2,10,玉山-高雄,2023-01-03,8843
8927,北基,10,0,10,玉山-高雄,2023-01-03,8843
00715L,期街口布蘭特正2,804,500,304,玉山-高雄,2023-01-04,8843
2884,玉山金,120,3,117,玉山-高雄,2023-01-04,8843
1314,中石化,115,0,115,玉山-高雄,2023-01-04,8843
2317,鴻海,60,9,51,玉山-高雄,2023-01-04,8843
4114,健喬,96,45,51,玉山-高雄,2023-01-04,8843
6207,雷科,47,0,47,玉山-高雄,2023-01-04,8843
3037,欣興,60,13,47,玉山-高雄,2023-01-04,8843
00772B,中信高評級公司債,43,0,43,玉山-高雄,2023-01-04,8843
00893,國泰智能電動車,42,0,42,玉山-高雄,2023-01-04,8843
6456,GIS-KY,39,0,39,玉山-高雄,2023-01-04,8843
6118,建達,82,44,38,玉山-高雄,2023-01-04,8843
00632R,元大台灣50反1,38,4,34,玉山-高雄,2023-01-04,8843
1717,長興,35,2,33,玉山-高雄,2023-01-04,8843
2641,正德,36,5,31,玉山-高雄,2023-01-04,8843
6806,森崴能源,80,49,31,玉山-高雄,2023-01-04,8843
2603,長榮,37,7,30,玉山-高雄,2023-01-04,8843
5284,jpp-KY,32,4,28,玉山-高雄,2023-01-04,8843
2883,凱基金,33,5,28,玉山-高雄,2023-01-04,8843
5608,四維航,30,4,26,玉山-高雄,2023-01-04,8843
1711,永光,25,0,25,玉山-高雄,2023-01-04,8843
2002,中鋼,24,1,23,玉山-高雄,2023-01-04,8843
00895,富邦未來車,43,21,22,玉山-高雄,2023-01-04,8843
8028,昇陽半導體,20,0,20,玉山-高雄,2023-01-04,8843
00878,國泰永續高股息,51,31,20,玉山-高雄,2023-01-04,8843
00664R,國泰臺灣加權反1,18,0,18,玉山-高雄,2023-01-04,8843
2368,金像電,21,4,17,玉山-高雄,2023-01-04,8843
4130,健亞,19,2,17,玉山-高雄,2023-01-04,8843
2834,臺企銀,20,4,16,玉山-高雄,2023-01-04,8843
2634,漢翔,22,6,16,玉山-高雄,2023-01-04,8843
8046,南電,27,12,15,玉山-高雄,2023-01-04,8843
8105,凌巨,18,3,15,玉山-高雄,2023-01-04,8843
00679B,元大美債20年,32,20,12,玉山-高雄,2023-01-04,8843
3443,創意,28,17,11,玉山-高雄,2023-01-04,8843
0056,元大高股息,25,14,11,玉山-高雄,2023-01-04,8843
3149,正達,11,0,11,玉山-高雄,2023-01-04,8843
3481,群創,21,11,10,玉山-高雄,2023-01-04,8843
6142,友勁,10,0,10,玉山-高雄,2023-01-04,8843
8477,創業家,10,0,10,玉山-高雄,2023-01-04,8843
2392,正崴,10,0,10,玉山-高雄,2023-01-04,8843
3094,聯傑,10,0,10,玉山-高雄,2023-01-04,8843
8150,南茂,10,0,10,玉山-高雄,2023-01-04,8843
1101,台泥,11,1,10,玉山-高雄,2023-01-04,8843
1760,寶齡富錦,17,8,9,玉山-高雄,2023-01-04,8843
4739,康普,10,1,9,玉山-高雄,2023-01-04,8843
00916,國泰全球品牌50,11,2,9,玉山-高雄,2023-01-04,8843
3027,盛達,33,24,9,玉山-高雄,2023-01-04,8843
00888,永豐台灣ESG,11,2,9,玉山-高雄,2023-01-04,8843
2615,萬海,9,1,8,玉山-高雄,2023-01-04,8843
8147,正淩,8,0,8,玉山-高雄,2023-01-04,8843
8436,大江,18,10,8,玉山-高雄,2023-01-04,8843
00715L,期街口布蘭特正2,284,30,254,玉山-高雄,2023-01-05,8843
00878,國泰永續高股息,94,7,87,玉山-高雄,2023-01-05,8843
4979,華星光,75,7,68,玉山-高雄,2023-01-05,8843
2208,台船,48,0,48,玉山-高雄,2023-01-05,8843
5905,南仁湖,49,4,45,玉山-高雄,2023-01-05,8843
1513,中興電,86,41,45,玉山-高雄,2023-01-05,8843
3704,合勤控,47,5,42,玉山-高雄,2023-01-05,8843
2027,大成鋼,46,4,42,玉山-高雄,2023-01-05,8843
2338,光罩,56,15,41,玉山-高雄,2023-01-05,8843
00680L,元大美債20正2,40,0,40,玉山-高雄,2023-01-05,8843
2534,宏盛,40,0,40,玉山-高雄,2023-01-05,8843
6207,雷科,37,0,37,玉山-高雄,2023-01-05,8843
2317,鴻海,64,32,32,玉山-高雄,2023-01-05,8843
00651R,復華香港反1,31,0,31,玉山-高雄,2023-01-05,8843
00674R,期元大S＆P黃金反1,30,0,30,玉山-高雄,2023-01-05,8843
6118,建達,61,33,28,玉山-高雄,2023-01-05,8843
5351,鈺創,35,8,27,玉山-高雄,2023-01-05,8843
5309,系統電,31,5,26,玉山-高雄,2023-01-05,8843
0056,元大高股息,35,9,26,玉山-高雄,2023-01-05,8843
6274,台燿,26,1,25,玉山-高雄,2023-01-05,8843
1504,東元,29,5,24,玉山-高雄,2023-01-05,8843
8150,南茂,30,6,24,玉山-高雄,2023-01-05,8843
00893,國泰智能電動車,37,13,24,玉山-高雄,2023-01-05,8843
1417,嘉裕,43,20,23,玉山-高雄,2023-01-05,8843
4123,晟德,20,0,20,玉山-高雄,2023-01-05,8843
1709,和益,20,0,20,玉山-高雄,2023-01-05,8843
2884,玉山金,33,14,19,玉山-高雄,2023-01-05,8843
2610,華航,43,24,19,玉山-高雄,2023-01-05,8843
00632R,元大台灣50反1,189,170,19,玉山-高雄,2023-01-05,8843
2882,國泰金,27,9,18,玉山-高雄,2023-01-05,8843
4931,新盛力,19,2,17,玉山-高雄,2023-01-05,8843
00728,第一金工業30,16,0,16,玉山-高雄,2023-01-05,8843
6244,茂迪,17,1,16,玉山-高雄,2023-01-05,8843
00881,國泰台灣5G+,16,0,16,玉山-高雄,2023-01-05,8843
3037,欣興,42,28,14,玉山-高雄,2023-01-05,8843
00772B,中信高評級公司債,18,4,14,玉山-高雄,2023-01-05,8843
2883,凱基金,30,16,14,玉山-高雄,2023-01-05,8843
8069,元太,22,8,14,玉山-高雄,2023-01-05,8843
1529,樂事綠能,20,7,13,玉山-高雄,2023-01-05,8843
2731,雄獅,13,0,13,玉山-高雄,2023-01-05,8843
6111,大宇資,17,4,13,玉山-高雄,2023-01-05,8843
6443,元晶,17,4,13,玉山-高雄,2023-01-05,8843
00773B,中信優先金融債,13,0,13,玉山-高雄,2023-01-05,8843
00882,中信中國高股息,14,2,12,玉山-高雄,2023-01-05,8843
8044,網家,29,17,12,玉山-高雄,2023-01-05,8843
2038,海光,12,0,12,玉山-高雄,2023-01-05,8843
5258,虹堡,26,14,12,玉山-高雄,2023-01-05,8843
2354,鴻準,12,0,12,玉山-高雄,2023-01-05,8843
4129,聯合,12,0,12,玉山-高雄,2023-01-05,8843
3035,智原,21,10,11,玉山-高雄,2023-01-05,8843
2409,友達,322,144,178,玉山-高雄,2023-01-06,8843
1101,台泥,96,4,92,玉山-高雄,2023-01-06,8843
00720B,元大投資級公司債,91,1,90,玉山-高雄,2023-01-06,8843
6176,瑞儀,87,0,87,玉山-高雄,2023-01-06,8843
00632R,元大台灣50反1,322,257,65,玉山-高雄,2023-01-06,8843
2038,海光,57,0,57,玉山-高雄,2023-01-06,8843
2851,中再保,46,6,40,玉山-高雄,2023-01-06,8843
4943,康控-KY,40,0,40,玉山-高雄,2023-01-06,8843
00893,國泰智能電動車,40,12,28,玉山-高雄,2023-01-06,8843
2605,新興,25,0,25,玉山-高雄,2023-01-06,8843
6770,力積電,70,49,21,玉山-高雄,2023-01-06,8843
5469,瀚宇博,21,0,21,玉山-高雄,2023-01-06,8843
4114,健喬,80,60,20,玉山-高雄,2023-01-06,8843
3535,晶彩科,20,0,20,玉山-高雄,2023-01-06,8843
1417,嘉裕,22,3,19,玉山-高雄,2023-01-06,8843
2511,太子,20,1,19,玉山-高雄,2023-01-06,8843
5608,四維航,25,6,19,玉山-高雄,2023-01-06,8843
8044,網家,21,2,19,玉山-高雄,2023-01-06,8843
6235,華孚,19,2,17,玉山-高雄,2023-01-06,8843
4977,眾達-KY,17,1,16,玉山-高雄,2023-01-06,8843
3704,合勤控,33,17,16,玉山-高雄,2023-01-06,8843
00772B,中信高評級公司債,16,0,16,玉山-高雄,2023-01-06,8843
00664R,國泰臺灣加權反1,15,0,15,玉山-高雄,2023-01-06,8843
4113,聯上,15,0,15,玉山-高雄,2023-01-06,8843
4171,瑞基,16,2,14,玉山-高雄,2023-01-06,8843
00830,國泰費城半導體,14,0,14,玉山-高雄,2023-01-06,8843
00679B,元大美債20年,14,0,14,玉山-高雄,2023-01-06,8843
1752,南光,63,50,13,玉山-高雄,2023-01-06,8843
2332,友訊,13,0,13,玉山-高雄,2023-01-06,8843
00753L,中信中國50正2,68,55,13,玉山-高雄,2023-01-06,8843
1907,永豐餘,13,1,12,玉山-高雄,2023-01-06,8843
00770,國泰北美科技,11,0,11,玉山-高雄,2023-01-06,8843
4979,華星光,83,72,11,玉山-高雄,2023-01-06,8843
2302,麗正,11,0,11,玉山-高雄,2023-01-06,8843
6244,茂迪,11,0,11,玉山-高雄,2023-01-06,8843
6570,維田,10,0,10,玉山-高雄,2023-01-06,8843
00648R,元大S＆P500反1,10,0,10,玉山-高雄,2023-01-06,8843
00782B,國泰A級公用債,10,0,10,玉山-高雄,2023-01-06,8843
00725B,國泰投資級公司債,10,0,10,玉山-高雄,2023-01-06,8843
00726B,國泰新興投等債,10,0,10,玉山-高雄,2023-01-06,8843
8927,北基,10,0,10,玉山-高雄,2023-01-06,8843
5905,南仁湖,13,3,10,玉山-高雄,2023-01-06,8843
8936,國統,10,0,10,玉山-高雄,2023-01-06,8843
2359,所羅門,17,8,9,玉山-高雄,2023-01-06,8843
2606,裕民,10,1,9,玉山-高雄,2023-01-06,8843
2027,大成鋼,10,1,9,玉山-高雄,2023-01-06,8843
1519,華城,23,15,8,玉山-高雄,2023-01-06,8843
3272,東碩,17,9,8,玉山-高雄,2023-01-06,8843
1802,台玻,14,6,8,玉山-高雄,2023-01-06,8843
3705,永信,8,0,8,玉山-高雄,2023-01-06,8843
00632R,元大台灣50反1,907,557,350,玉山-高雄,2023-01-09,8843
00669R,國泰美國道瓊反1,77,18,59,玉山-高雄,2023-01-09,8843
2867,三商壽,51,0,51,玉山-高雄,2023-01-09,8843
1605,華新,128,78,50,玉山-高雄,2023-01-09,8843
3707,漢磊,47,5,42,玉山-高雄,2023-01-09,8843
00674R,期元大S＆P黃金反1,40,0,40,玉山-高雄,2023-01-09,8843
00712,復華富時不動產,40,3,37,玉山-高雄,2023-01-09,8843
2603,長榮,50,15,35,玉山-高雄,2023-01-09,8843
6109,亞元,36,4,32,玉山-高雄,2023-01-09,8843
1709,和益,32,1,31,玉山-高雄,2023-01-09,8843
00664R,國泰臺灣加權反1,29,0,29,玉山-高雄,2023-01-09,8843
2634,漢翔,32,4,28,玉山-高雄,2023-01-09,8843
2367,燿華,33,7,26,玉山-高雄,2023-01-09,8843
2610,華航,60,37,23,玉山-高雄,2023-01-09,8843
4961,天鈺,34,13,21,玉山-高雄,2023-01-09,8843
8069,元太,39,19,20,玉山-高雄,2023-01-09,8843
2505,國揚,20,0,20,玉山-高雄,2023-01-09,8843
00916,國泰全球品牌50,20,0,20,玉山-高雄,2023-01-09,8843
4960,誠美材,20,0,20,玉山-高雄,2023-01-09,8843
6191,精成科,20,0,20,玉山-高雄,2023-01-09,8843
6288,聯嘉,19,1,18,玉山-高雄,2023-01-09,8843
6176,瑞儀,19,2,17,玉山-高雄,2023-01-09,8843
5009,榮剛,47,30,17,玉山-高雄,2023-01-09,8843
00893,國泰智能電動車,23,6,17,玉山-高雄,2023-01-09,8843
00720B,元大投資級公司債,15,0,15,玉山-高雄,2023-01-09,8843
1101,台泥,33,19,14,玉山-高雄,2023-01-09,8843
00637L,元大滬深300正2,80,68,12,玉山-高雄,2023-01-09,8843
00772B,中信高評級公司債,12,0,12,玉山-高雄,2023-01-09,8843
8358,金居,37,25,12,玉山-高雄,2023-01-09,8843
00671R,富邦NASDAQ反1,12,0,12,玉山-高雄,2023-01-09,8843
6139,亞翔,30,18,12,玉山-高雄,2023-01-09,8843
4171,瑞基,12,1,11,玉山-高雄,2023-01-09,8843
6414,樺漢,11,0,11,玉山-高雄,2023-01-09,8843
6531,愛普*,14,3,11,玉山-高雄,2023-01-09,8843
2379,瑞昱,12,1,11,玉山-高雄,2023-01-09,8843
6598,ABC-KY,10,0,10,玉山-高雄,2023-01-09,8843
8446,華研,10,0,10,玉山-高雄,2023-01-09,8843
2313,華通,84,74,10,玉山-高雄,2023-01-09,8843
6118,建達,11,1,10,玉山-高雄,2023-01-09,8843
4155,訊映,9,0,9,玉山-高雄,2023-01-09,8843
2511,太子,10,1,9,玉山-高雄,2023-01-09,8843
2201,裕隆,62,54,8,玉山-高雄,2023-01-09,8843
4968,立積,12,4,8,玉山-高雄,2023-01-09,8843
8936,國統,8,0,8,玉山-高雄,2023-01-09,8843
4535,至興,8,0,8,玉山-高雄,2023-01-09,8843
6196,帆宣,8,0,8,玉山-高雄,2023-01-09,8843
00713,元大台灣高息低波,9,1,8,玉山-高雄,2023-01-09,8843
2727,王品,8,0,8,玉山-高雄,2023-01-09,8843
8926,台汽電,7,0,7,玉山-高雄,2023-01-09,8843
1342,八貫,11,4,7,玉山-高雄,2023-01-09,8843
00632R,元大台灣50反1,746,69,677,玉山-高雄,2023-01-10,8843
00715L,期街口布蘭特正2,318,8,310,玉山-高雄,2023-01-10,8843
2511,太子,90,2,88,玉山-高雄,2023-01-10,8843
2371,大同,60,0,60,玉山-高雄,2023-01-10,8843
6109,亞元,57,1,56,玉山-高雄,2023-01-10,8843
00882,中信中國高股息,47,5,42,玉山-高雄,2023-01-10,8843
00688L,國泰20年美債正2,40,0,40,玉山-高雄,2023-01-10,8843
2618,長榮航,57,18,39,玉山-高雄,2023-01-10,8843
5009,榮剛,40,1,39,玉山-高雄,2023-01-10,8843
3704,合勤控,60,22,38,玉山-高雄,2023-01-10,8843
00712,復華富時不動產,33,1,32,玉山-高雄,2023-01-10,8843
00681R,元大美債20反1,29,0,29,玉山-高雄,2023-01-10,8843
4167,松瑞藥,31,7,24,玉山-高雄,2023-01-10,8843
2834,臺企銀,71,48,23,玉山-高雄,2023-01-10,8843
1514,亞力,24,2,22,玉山-高雄,2023-01-10,8843
8028,昇陽半導體,30,9,21,玉山-高雄,2023-01-10,8843
00751B,元大AAA至A公司債,21,0,21,玉山-高雄,2023-01-10,8843
2867,三商壽,21,0,21,玉山-高雄,2023-01-10,8843
3707,漢磊,23,3,20,玉山-高雄,2023-01-10,8843
00753L,中信中國50正2,46,28,18,玉山-高雄,2023-01-10,8843
00770,國泰北美科技,15,0,15,玉山-高雄,2023-01-10,8843
2313,華通,114,99,15,玉山-高雄,2023-01-10,8843
2208,台船,15,0,15,玉山-高雄,2023-01-10,8843
2482,連宇,19,4,15,玉山-高雄,2023-01-10,8843
2338,光罩,34,20,14,玉山-高雄,2023-01-10,8843
6443,元晶,37,23,14,玉山-高雄,2023-01-10,8843
4743,合一,39,26,13,玉山-高雄,2023-01-10,8843
3454,晶睿,21,9,12,玉山-高雄,2023-01-10,8843
5425,台半,14,2,12,玉山-高雄,2023-01-10,8843
8403,盛弘,12,0,12,玉山-高雄,2023-01-10,8843
3141,晶宏,40,28,12,玉山-高雄,2023-01-10,8843
2014,中鴻,26,15,11,玉山-高雄,2023-01-10,8843
3356,奇偶,14,3,11,玉山-高雄,2023-01-10,8843
6695,芯鼎,11,0,11,玉山-高雄,2023-01-10,8843
1443,立益物流,10,0,10,玉山-高雄,2023-01-10,8843
2305,全友,10,0,10,玉山-高雄,2023-01-10,8843
1444,力麗,20,10,10,玉山-高雄,2023-01-10,8843
2515,中工,10,0,10,玉山-高雄,2023-01-10,8843
00915,凱基優選高股息30,10,0,10,玉山-高雄,2023-01-10,8843
1795,美時,12,2,10,玉山-高雄,2023-01-10,8843
00706L,期元大S＆P日圓正2,10,0,10,玉山-高雄,2023-01-10,8843
00898,國泰基因免疫革命,10,0,10,玉山-高雄,2023-01-10,8843
2069,運錩,10,0,10,玉山-高雄,2023-01-10,8843
3322,建舜電,10,0,10,玉山-高雄,2023-01-10,8843
2007,燁興,10,0,10,玉山-高雄,2023-01-10,8843
4113,聯上,10,0,10,玉山-高雄,2023-01-10,8843
1314,中石化,12,2,10,玉山-高雄,2023-01-10,8843
1815,富喬,9,0,9,玉山-高雄,2023-01-10,8843
6589,台康生技,21,12,9,玉山-高雄,2023-01-10,8843
00916,國泰全球品牌50,9,0,9,玉山-高雄,2023-01-10,8843
2537,聯上發,121,0,121,玉山-高雄,2023-01-11,8843
2313,華通,127,15,112,玉山-高雄,2023-01-11,8843
2618,長榮航,176,69,107,玉山-高雄,2023-01-11,8843
3062,建漢,76,2,74,玉山-高雄,2023-01-11,8843
1584,精剛,110,50,60,玉山-高雄,2023-01-11,8843
00651R,復華香港反1,50,0,50,玉山-高雄,2023-01-11,8843
2887,台新金,51,2,49,玉山-高雄,2023-01-11,8843
2867,三商壽,48,0,48,玉山-高雄,2023-01-11,8843
4979,華星光,104,57,47,玉山-高雄,2023-01-11,8843
2888,新光金,36,1,35,玉山-高雄,2023-01-11,8843
2530,華建,35,1,34,玉山-高雄,2023-01-11,8843
2834,臺企銀,38,7,31,玉山-高雄,2023-01-11,8843
4904,遠傳,26,1,25,玉山-高雄,2023-01-11,8843
3406,玉晶光,25,0,25,玉山-高雄,2023-01-11,8843
2515,中工,25,0,25,玉山-高雄,2023-01-11,8843
2413,環科,27,2,25,玉山-高雄,2023-01-11,8843
00773B,中信優先金融債,23,0,23,玉山-高雄,2023-01-11,8843
6245,立端,29,7,22,玉山-高雄,2023-01-11,8843
00751B,元大AAA至A公司債,21,0,21,玉山-高雄,2023-01-11,8843
6139,亞翔,32,11,21,玉山-高雄,2023-01-11,8843
00680L,元大美債20正2,31,10,21,玉山-高雄,2023-01-11,8843
4167,松瑞藥,30,11,19,玉山-高雄,2023-01-11,8843
4114,健喬,62,45,17,玉山-高雄,2023-01-11,8843
2892,第一金,18,2,16,玉山-高雄,2023-01-11,8843
6235,華孚,16,0,16,玉山-高雄,2023-01-11,8843
2495,普安,14,0,14,玉山-高雄,2023-01-11,8843
6282,康舒,14,0,14,玉山-高雄,2023-01-11,8843
3576,聯合再生,16,2,14,玉山-高雄,2023-01-11,8843
00905,FT臺灣Smart,14,0,14,玉山-高雄,2023-01-11,8843
2302,麗正,13,0,13,玉山-高雄,2023-01-11,8843
00679B,元大美債20年,12,0,12,玉山-高雄,2023-01-11,8843
4171,瑞基,12,0,12,玉山-高雄,2023-01-11,8843
2359,所羅門,15,3,12,玉山-高雄,2023-01-11,8843
6416,瑞祺電通,12,0,12,玉山-高雄,2023-01-11,8843
1605,華新,75,63,12,玉山-高雄,2023-01-11,8843
2881,富邦金,13,2,11,玉山-高雄,2023-01-11,8843
2884,玉山金,27,16,11,玉山-高雄,2023-01-11,8843
1513,中興電,29,18,11,玉山-高雄,2023-01-11,8843
2201,裕隆,22,12,10,玉山-高雄,2023-01-11,8843
2607,榮運,10,0,10,玉山-高雄,2023-01-11,8843
8916,光隆,10,0,10,玉山-高雄,2023-01-11,8843
3702,大聯大,9,0,9,玉山-高雄,2023-01-11,8843
6531,愛普*,10,1,9,玉山-高雄,2023-01-11,8843
2425,承啟,11,2,9,玉山-高雄,2023-01-11,8843
1538,正峰,9,0,9,玉山-高雄,2023-01-11,8843
00640L,富邦日本正2,10,1,9,玉山-高雄,2023-01-11,8843
6111,大宇資,9,0,9,玉山-高雄,2023-01-11,8843
1503,士電,9,0,9,玉山-高雄,2023-01-11,8843
2727,王品,10,1,9,玉山-高雄,2023-01-11,8843
1101,台泥,21,13,8,玉山-高雄,2023-01-11,8843
00637L,元大滬深300正2,191,60,131,玉山-高雄,2023-01-12,8843
00673R,期元大S＆P原油反1,119,7,112,玉山-高雄,2023-01-12,8843
2542,興富發,94,5,89,玉山-高雄,2023-01-12,8843
00753L,中信中國50正2,131,56,75,玉山-高雄,2023-01-12,8843
00681R,元大美債20反1,58,0,58,玉山-高雄,2023-01-12,8843
00900,富邦特選高股息30,52,6,46,玉山-高雄,2023-01-12,8843
2317,鴻海,44,2,42,玉山-高雄,2023-01-12,8843
1314,中石化,37,2,35,玉山-高雄,2023-01-12,8843
00882,中信中國高股息,40,6,34,玉山-高雄,2023-01-12,8843
2609,陽明,44,10,34,玉山-高雄,2023-01-12,8843
00665L,富邦�琤肭磪囓�2,34,0,34,玉山-高雄,2023-01-12,8843
2603,長榮,74,41,33,玉山-高雄,2023-01-12,8843
1701,中化,43,10,33,玉山-高雄,2023-01-12,8843
2537,聯上發,31,0,31,玉山-高雄,2023-01-12,8843
9941,裕融,33,4,29,玉山-高雄,2023-01-12,8843
3704,合勤控,39,10,29,玉山-高雄,2023-01-12,8843
4114,健喬,60,32,28,玉山-高雄,2023-01-12,8843
00713,元大台灣高息低波,26,0,26,玉山-高雄,2023-01-12,8843
00669R,國泰美國道瓊反1,25,0,25,玉山-高雄,2023-01-12,8843
4113,聯上,25,0,25,玉山-高雄,2023-01-12,8843
2615,萬海,42,20,22,玉山-高雄,2023-01-12,8843
3024,憶聲,22,0,22,玉山-高雄,2023-01-12,8843
8050,廣積,23,1,22,玉山-高雄,2023-01-12,8843
3189,景碩,23,2,21,玉山-高雄,2023-01-12,8843
2208,台船,21,0,21,玉山-高雄,2023-01-12,8843
1313,聯成,21,0,21,玉山-高雄,2023-01-12,8843
1538,正峰,20,0,20,玉山-高雄,2023-01-12,8843
00683L,期元大美元指正2,20,0,20,玉山-高雄,2023-01-12,8843
2495,普安,19,1,18,玉山-高雄,2023-01-12,8843
2610,華航,36,18,18,玉山-高雄,2023-01-12,8843
00907,永豐優息存股,17,0,17,玉山-高雄,2023-01-12,8843
2892,第一金,22,5,17,玉山-高雄,2023-01-12,8843
2732,六角,20,4,16,玉山-高雄,2023-01-12,8843
00632R,元大台灣50反1,21,5,16,玉山-高雄,2023-01-12,8843
00878,國泰永續高股息,139,124,15,玉山-高雄,2023-01-12,8843
1810,和成,24,11,13,玉山-高雄,2023-01-12,8843
4904,遠傳,12,0,12,玉山-高雄,2023-01-12,8843
2634,漢翔,11,0,11,玉山-高雄,2023-01-12,8843
00653L,富邦印度正2,11,0,11,玉山-高雄,2023-01-12,8843
9938,百和,11,0,11,玉山-高雄,2023-01-12,8843
2380,虹光,11,0,11,玉山-高雄,2023-01-12,8843
3576,聯合再生,16,5,11,玉山-高雄,2023-01-12,8843
00751B,元大AAA至A公司債,11,0,11,玉山-高雄,2023-01-12,8843
8105,凌巨,13,2,11,玉山-高雄,2023-01-12,8843
6176,瑞儀,10,0,10,玉山-高雄,2023-01-12,8843
5347,世界,16,6,10,玉山-高雄,2023-01-12,8843
6104,創惟,12,2,10,玉山-高雄,2023-01-12,8843
1312,國喬,10,0,10,玉山-高雄,2023-01-12,8843
2614,東森,10,0,10,玉山-高雄,2023-01-12,8843
1795,美時,14,4,10,玉山-高雄,2023-01-12,8843
00632R,元大台灣50反1,797,38,759,玉山-高雄,2023-01-13,8843
00882,中信中國高股息,95,8,87,玉山-高雄,2023-01-13,8843
2345,智邦,73,2,71,玉山-高雄,2023-01-13,8843
2542,興富發,71,4,67,玉山-高雄,2023-01-13,8843
2371,大同,55,3,52,玉山-高雄,2023-01-13,8843
2313,華通,130,81,49,玉山-高雄,2023-01-13,8843
2498,宏達電,58,9,49,玉山-高雄,2023-01-13,8843
00712,復華富時不動產,56,8,48,玉山-高雄,2023-01-13,8843
00669R,國泰美國道瓊反1,70,30,40,玉山-高雄,2023-01-13,8843
2312,金寶,37,0,37,玉山-高雄,2023-01-13,8843
3704,合勤控,41,5,36,玉山-高雄,2023-01-13,8843
00679B,元大美債20年,56,21,35,玉山-高雄,2023-01-13,8843
2641,正德,33,0,33,玉山-高雄,2023-01-13,8843
6443,元晶,39,8,31,玉山-高雄,2023-01-13,8843
2537,聯上發,31,0,31,玉山-高雄,2023-01-13,8843
00641R,富邦日本反1,30,0,30,玉山-高雄,2023-01-13,8843
4114,健喬,87,57,30,玉山-高雄,2023-01-13,8843
00651R,復華香港反1,30,0,30,玉山-高雄,2023-01-13,8843
8028,昇陽半導體,32,2,30,玉山-高雄,2023-01-13,8843
1909,榮成,32,6,26,玉山-高雄,2023-01-13,8843
2609,陽明,34,9,25,玉山-高雄,2023-01-13,8843
5243,乙盛-KY,24,0,24,玉山-高雄,2023-01-13,8843
2308,台達電,23,0,23,玉山-高雄,2023-01-13,8843
3714,富采,34,13,21,玉山-高雄,2023-01-13,8843
00900,富邦特選高股息30,41,20,21,玉山-高雄,2023-01-13,8843
1314,中石化,20,0,20,玉山-高雄,2023-01-13,8843
4130,健亞,20,0,20,玉山-高雄,2023-01-13,8843
4171,瑞基,19,1,18,玉山-高雄,2023-01-13,8843
8926,台汽電,18,1,17,玉山-高雄,2023-01-13,8843
00681R,元大美債20反1,17,0,17,玉山-高雄,2023-01-13,8843
1305,華夏,18,1,17,玉山-高雄,2023-01-13,8843
6243,迅杰,16,0,16,玉山-高雄,2023-01-13,8843
3515,華擎,20,4,16,玉山-高雄,2023-01-13,8843
00683L,期元大美元指正2,25,10,15,玉山-高雄,2023-01-13,8843
2014,中鴻,97,82,15,玉山-高雄,2023-01-13,8843
2426,鼎元,14,0,14,玉山-高雄,2023-01-13,8843
1612,宏泰,18,4,14,玉山-高雄,2023-01-13,8843
9941,裕融,13,0,13,玉山-高雄,2023-01-13,8843
4979,華星光,23,10,13,玉山-高雄,2023-01-13,8843
2324,仁寶,12,0,12,玉山-高雄,2023-01-13,8843
2851,中再保,14,2,12,玉山-高雄,2023-01-13,8843
00850,元大臺灣ESG永續,12,1,11,玉山-高雄,2023-01-13,8843
1605,華新,67,57,10,玉山-高雄,2023-01-13,8843
1609,大亞,10,0,10,玉山-高雄,2023-01-13,8843
2328,廣宇,10,0,10,玉山-高雄,2023-01-13,8843
6122,擎邦,10,0,10,玉山-高雄,2023-01-13,8843
6456,GIS-KY,13,3,10,玉山-高雄,2023-01-13,8843
00921,兆豐龍頭等權重,10,0,10,玉山-高雄,2023-01-13,8843
2340,台亞,10,0,10,玉山-高雄,2023-01-13,8843
8050,廣積,17,7,10,玉山-高雄,2023-01-13,8843
00669R,國泰美國道瓊反1,103,0,103,玉山-高雄,2023-01-16,8843
00648R,元大S＆P500反1,101,0,101,玉山-高雄,2023-01-16,8843
2498,宏達電,99,11,88,玉山-高雄,2023-01-16,8843
2610,華航,88,33,55,玉山-高雄,2023-01-16,8843
00631L,元大台灣50正2,64,12,52,玉山-高雄,2023-01-16,8843
00885,富邦越南,51,1,50,玉山-高雄,2023-01-16,8843
2618,長榮航,46,4,42,玉山-高雄,2023-01-16,8843
1605,華新,67,33,34,玉山-高雄,2023-01-16,8843
1234,黑松,34,0,34,玉山-高雄,2023-01-16,8843
5284,jpp-KY,43,13,30,玉山-高雄,2023-01-16,8843
00688L,國泰20年美債正2,30,0,30,玉山-高雄,2023-01-16,8843
00679B,元大美債20年,30,1,29,玉山-高雄,2023-01-16,8843
00888,永豐台灣ESG,35,7,28,玉山-高雄,2023-01-16,8843
2317,鴻海,28,1,27,玉山-高雄,2023-01-16,8843
2542,興富發,40,14,26,玉山-高雄,2023-01-16,8843
00683L,期元大美元指正2,22,0,22,玉山-高雄,2023-01-16,8843
2367,燿華,20,0,20,玉山-高雄,2023-01-16,8843
00772B,中信高評級公司債,19,0,19,玉山-高雄,2023-01-16,8843
2338,光罩,26,7,19,玉山-高雄,2023-01-16,8843
2603,長榮,18,1,17,玉山-高雄,2023-01-16,8843
2609,陽明,44,29,15,玉山-高雄,2023-01-16,8843
00751B,元大AAA至A公司債,14,0,14,玉山-高雄,2023-01-16,8843
2038,海光,14,0,14,玉山-高雄,2023-01-16,8843
2812,台中銀,14,0,14,玉山-高雄,2023-01-16,8843
00720B,元大投資級公司債,13,0,13,玉山-高雄,2023-01-16,8843
2409,友達,18,5,13,玉山-高雄,2023-01-16,8843
00770,國泰北美科技,15,2,13,玉山-高雄,2023-01-16,8843
2634,漢翔,12,0,12,玉山-高雄,2023-01-16,8843
00712,復華富時不動產,27,15,12,玉山-高雄,2023-01-16,8843
2882,國泰金,13,2,11,玉山-高雄,2023-01-16,8843
2891,中信金,54,43,11,玉山-高雄,2023-01-16,8843
00882,中信中國高股息,26,15,11,玉山-高雄,2023-01-16,8843
00905,FT臺灣Smart,13,2,11,玉山-高雄,2023-01-16,8843
2303,聯電,36,25,11,玉山-高雄,2023-01-16,8843
00653L,富邦印度正2,10,0,10,玉山-高雄,2023-01-16,8843
2438,翔耀,10,0,10,玉山-高雄,2023-01-16,8843
9938,百和,10,1,9,玉山-高雄,2023-01-16,8843
00673R,期元大S＆P原油反1,9,0,9,玉山-高雄,2023-01-16,8843
3630,新鉅科,9,0,9,玉山-高雄,2023-01-16,8843
6488,環球晶,11,2,9,玉山-高雄,2023-01-16,8843
2834,臺企銀,13,4,9,玉山-高雄,2023-01-16,8843
00850,元大臺灣ESG永續,9,0,9,玉山-高雄,2023-01-16,8843
1513,中興電,12,5,7,玉山-高雄,2023-01-16,8843
2597,潤弘,7,0,7,玉山-高雄,2023-01-16,8843
8446,華研,7,0,7,玉山-高雄,2023-01-16,8843
3013,晟銘電,7,0,7,玉山-高雄,2023-01-16,8843
2615,萬海,42,36,6,玉山-高雄,2023-01-16,8843
2889,國票金,13,7,6,玉山-高雄,2023-01-16,8843
2206,三陽工業,6,0,6,玉山-高雄,2023-01-16,8843
6712,長聖,6,0,6,玉山-高雄,2023-01-16,8843
2884,玉山金,138,12,126,玉山-高雄,2023-01-17,8843
3481,群創,109,36,73,玉山-高雄,2023-01-17,8843
00753L,中信中國50正2,85,14,71,玉山-高雄,2023-01-17,8843
2317,鴻海,54,9,45,玉山-高雄,2023-01-17,8843
2618,長榮航,68,27,41,玉山-高雄,2023-01-17,8843
2313,華通,44,6,38,玉山-高雄,2023-01-17,8843
00885,富邦越南,46,13,33,玉山-高雄,2023-01-17,8843
00720B,元大投資級公司債,31,0,31,玉山-高雄,2023-01-17,8843
00669R,國泰美國道瓊反1,30,0,30,玉山-高雄,2023-01-17,8843
2105,正新,30,0,30,玉山-高雄,2023-01-17,8843
1529,樂事綠能,51,22,29,玉山-高雄,2023-01-17,8843
3017,奇鋐,32,6,26,玉山-高雄,2023-01-17,8843
5608,四維航,31,5,26,玉山-高雄,2023-01-17,8843
2337,旺宏,25,0,25,玉山-高雄,2023-01-17,8843
3037,欣興,30,6,24,玉山-高雄,2023-01-17,8843
2409,友達,30,6,24,玉山-高雄,2023-01-17,8843
1219,福壽,24,2,22,玉山-高雄,2023-01-17,8843
2537,聯上發,20,0,20,玉山-高雄,2023-01-17,8843
2511,太子,20,1,19,玉山-高雄,2023-01-17,8843
1314,中石化,18,0,18,玉山-高雄,2023-01-17,8843
00655L,國泰中國A50正2,18,0,18,玉山-高雄,2023-01-17,8843
1584,精剛,20,2,18,玉山-高雄,2023-01-17,8843
3094,聯傑,18,0,18,玉山-高雄,2023-01-17,8843
2615,萬海,50,33,17,玉山-高雄,2023-01-17,8843
6163,華電網,16,0,16,玉山-高雄,2023-01-17,8843
1714,和桐,15,0,15,玉山-高雄,2023-01-17,8843
3587,閎康,15,0,15,玉山-高雄,2023-01-17,8843
1526,日馳,15,0,15,玉山-高雄,2023-01-17,8843
8926,台汽電,15,0,15,玉山-高雄,2023-01-17,8843
2886,兆豐金,14,3,11,玉山-高雄,2023-01-17,8843
00900,富邦特選高股息30,12,1,11,玉山-高雄,2023-01-17,8843
2731,雄獅,11,0,11,玉山-高雄,2023-01-17,8843
2388,威盛,12,1,11,玉山-高雄,2023-01-17,8843
1560,中砂,19,8,11,玉山-高雄,2023-01-17,8843
2634,漢翔,11,0,11,玉山-高雄,2023-01-17,8843
1313,聯成,11,1,10,玉山-高雄,2023-01-17,8843
2349,錸德,10,0,10,玉山-高雄,2023-01-17,8843
00651R,復華香港反1,10,0,10,玉山-高雄,2023-01-17,8843
1734,杏輝,10,0,10,玉山-高雄,2023-01-17,8843
3062,建漢,9,0,9,玉山-高雄,2023-01-17,8843
6288,聯嘉,9,0,9,玉山-高雄,2023-01-17,8843
2867,三商壽,9,0,9,玉山-高雄,2023-01-17,8843
1517,利奇,10,1,9,玉山-高雄,2023-01-17,8843
00713,元大台灣高息低波,9,0,9,玉山-高雄,2023-01-17,8843
2542,興富發,11,2,9,玉山-高雄,2023-01-17,8843
6770,力積電,33,24,9,玉山-高雄,2023-01-17,8843
00905,FT臺灣Smart,8,0,8,玉山-高雄,2023-01-17,8843
00665L,富邦�琤肭磪囓�2,10,2,8,玉山-高雄,2023-01-17,8843
2324,仁寶,10,2,8,玉山-高雄,2023-01-17,8843
3583,辛耘,9,1,8,玉山-高雄,2023-01-17,8843
00632R,元大台灣50反1,1060,42,1018,玉山-高雄,2023-01-30,8843
00878,國泰永續高股息,512,301,211,玉山-高雄,2023-01-30,8843
2885,元大金,195,62,133,玉山-高雄,2023-01-30,8843
2317,鴻海,156,24,132,玉山-高雄,2023-01-30,8843
00651R,復華香港反1,130,0,130,玉山-高雄,2023-01-30,8843
2601,益航,140,35,105,玉山-高雄,2023-01-30,8843
00637L,元大滬深300正2,282,201,81,玉山-高雄,2023-01-30,8843
00720B,元大投資級公司債,68,14,54,玉山-高雄,2023-01-30,8843
00712,復華富時不動產,53,2,51,玉山-高雄,2023-01-30,8843
2609,陽明,66,20,46,玉山-高雄,2023-01-30,8843
2353,宏��,43,0,43,玉山-高雄,2023-01-30,8843
2867,三商壽,45,4,41,玉山-高雄,2023-01-30,8843
00638R,元大滬深300反1,31,0,31,玉山-高雄,2023-01-30,8843
1795,美時,25,1,24,玉山-高雄,2023-01-30,8843
2615,萬海,25,2,23,玉山-高雄,2023-01-30,8843
2603,長榮,26,4,22,玉山-高雄,2023-01-30,8843
4114,健喬,90,68,22,玉山-高雄,2023-01-30,8843
6541,泰福-KY,30,8,22,玉山-高雄,2023-01-30,8843
00905,FT臺灣Smart,20,0,20,玉山-高雄,2023-01-30,8843
3321,同泰,20,0,20,玉山-高雄,2023-01-30,8843
5299,杰力,20,1,19,玉山-高雄,2023-01-30,8843
8105,凌巨,20,3,17,玉山-高雄,2023-01-30,8843
2444,兆勁,15,0,15,玉山-高雄,2023-01-30,8843
8110,華東,15,1,14,玉山-高雄,2023-01-30,8843
00665L,富邦�琤肭磪囓�2,35,21,14,玉山-高雄,2023-01-30,8843
00671R,富邦NASDAQ反1,12,0,12,玉山-高雄,2023-01-30,8843
00904,新光臺灣半導體30,13,1,12,玉山-高雄,2023-01-30,8843
1536,和大,25,13,12,玉山-高雄,2023-01-30,8843
1305,華夏,12,1,11,玉山-高雄,2023-01-30,8843
00770,國泰北美科技,11,0,11,玉山-高雄,2023-01-30,8843
2851,中再保,11,0,11,玉山-高雄,2023-01-30,8843
2890,永豐金,17,6,11,玉山-高雄,2023-01-30,8843
8996,高力,28,18,10,玉山-高雄,2023-01-30,8843
1734,杏輝,10,0,10,玉山-高雄,2023-01-30,8843
2820,華票,10,0,10,玉山-高雄,2023-01-30,8843
6806,森崴能源,11,1,10,玉山-高雄,2023-01-30,8843
3284,太普高,10,0,10,玉山-高雄,2023-01-30,8843
00669R,國泰美國道瓊反1,10,0,10,玉山-高雄,2023-01-30,8843
8927,北基,10,1,9,玉山-高雄,2023-01-30,8843
00633L,富邦上証正2,11,2,9,玉山-高雄,2023-01-30,8843
2230,泰茂,10,1,9,玉山-高雄,2023-01-30,8843
1808,潤隆,9,0,9,玉山-高雄,2023-01-30,8843
00683L,期元大美元指正2,9,0,9,玉山-高雄,2023-01-30,8843
3094,聯傑,9,0,9,玉山-高雄,2023-01-30,8843
2328,廣宇,8,0,8,玉山-高雄,2023-01-30,8843
5905,南仁湖,10,2,8,玉山-高雄,2023-01-30,8843
4105,東洋,8,0,8,玉山-高雄,2023-01-30,8843
1468,昶和,8,0,8,玉山-高雄,2023-01-30,8843
4167,松瑞藥,13,5,8,玉山-高雄,2023-01-30,8843
00673R,期元大S＆P原油反1,23,15,8,玉山-高雄,2023-01-30,8843
00878,國泰永續高股息,332,85,247,玉山-高雄,2023-01-31,8843
00637L,元大滬深300正2,235,55,180,玉山-高雄,2023-01-31,8843
00905,FT臺灣Smart,189,11,178,玉山-高雄,2023-01-31,8843
00632R,元大台灣50反1,271,110,161,玉山-高雄,2023-01-31,8843
2834,臺企銀,128,8,120,玉山-高雄,2023-01-31,8843
00720B,元大投資級公司債,86,0,86,玉山-高雄,2023-01-31,8843
00753L,中信中國50正2,154,70,84,玉山-高雄,2023-01-31,8843
3045,台灣大,83,0,83,玉山-高雄,2023-01-31,8843
2892,第一金,69,2,67,玉山-高雄,2023-01-31,8843
2890,永豐金,60,0,60,玉山-高雄,2023-01-31,8843
2884,玉山金,70,11,59,玉山-高雄,2023-01-31,8843
3711,日月光投控,61,5,56,玉山-高雄,2023-01-31,8843
00882,中信中國高股息,50,0,50,玉山-高雄,2023-01-31,8843
2888,新光金,63,17,46,玉山-高雄,2023-01-31,8843
2358,廷鑫,51,8,43,玉山-高雄,2023-01-31,8843
00665L,富邦�琤肭磪囓�2,41,0,41,玉山-高雄,2023-01-31,8843
3673,TPK-KY,41,0,41,玉山-高雄,2023-01-31,8843
8121,越峰,61,20,41,玉山-高雄,2023-01-31,8843
00679B,元大美債20年,32,0,32,玉山-高雄,2023-01-31,8843
1304,台聚,31,0,31,玉山-高雄,2023-01-31,8843
00655L,國泰中國A50正2,31,1,30,玉山-高雄,2023-01-31,8843
00634R,富邦上証反1,30,0,30,玉山-高雄,2023-01-31,8843
1314,中石化,32,2,30,玉山-高雄,2023-01-31,8843
2330,台積電,41,11,30,玉山-高雄,2023-01-31,8843
00673R,期元大S＆P原油反1,28,0,28,玉山-高雄,2023-01-31,8843
2007,燁興,28,1,27,玉山-高雄,2023-01-31,8843
00712,復華富時不動產,32,5,27,玉山-高雄,2023-01-31,8843
1524,耿鼎,27,1,26,玉山-高雄,2023-01-31,8843
2313,華通,25,2,23,玉山-高雄,2023-01-31,8843
2408,南亞科,29,6,23,玉山-高雄,2023-01-31,8843
2023,燁輝,51,29,22,玉山-高雄,2023-01-31,8843
2887,台新金,33,12,21,玉山-高雄,2023-01-31,8843
00638R,元大滬深300反1,21,0,21,玉山-高雄,2023-01-31,8843
6190,萬泰科,23,2,21,玉山-高雄,2023-01-31,8843
4979,華星光,58,38,20,玉山-高雄,2023-01-31,8843
4961,天鈺,34,15,19,玉山-高雄,2023-01-31,8843
00772B,中信高評級公司債,19,0,19,玉山-高雄,2023-01-31,8843
5351,鈺創,39,20,19,玉山-高雄,2023-01-31,8843
2867,三商壽,30,12,18,玉山-高雄,2023-01-31,8843
1605,華新,162,146,16,玉山-高雄,2023-01-31,8843
2444,兆勁,21,5,16,玉山-高雄,2023-01-31,8843
6245,立端,21,6,15,玉山-高雄,2023-01-31,8843
8109,博大,15,0,15,玉山-高雄,2023-01-31,8843
2880,華南金,18,3,15,玉山-高雄,2023-01-31,8843
2002,中鋼,26,12,14,玉山-高雄,2023-01-31,8843
4114,健喬,76,63,13,玉山-高雄,2023-01-31,8843
00633L,富邦上証正2,13,0,13,玉山-高雄,2023-01-31,8843
8926,台汽電,13,0,13,玉山-高雄,2023-01-31,8843
00770,國泰北美科技,13,0,13,玉山-高雄,2023-01-31,8843
3481,群創,49,37,12,玉山-高雄,2023-01-31,8843
2891,中信金,339,0,339,玉山-高雄,2023-02-01,8843
00637L,元大滬深300正2,164,20,144,玉山-高雄,2023-02-01,8843
2324,仁寶,120,4,116,玉山-高雄,2023-02-01,8843
00878,國泰永續高股息,112,14,98,玉山-高雄,2023-02-01,8843
2867,三商壽,92,9,83,玉山-高雄,2023-02-01,8843
00905,FT臺灣Smart,65,0,65,玉山-高雄,2023-02-01,8843
1609,大亞,78,16,62,玉山-高雄,2023-02-01,8843
2498,宏達電,102,43,59,玉山-高雄,2023-02-01,8843
2009,第一銅,102,45,57,玉山-高雄,2023-02-01,8843
2609,陽明,66,15,51,玉山-高雄,2023-02-01,8843
3481,群創,65,17,48,玉山-高雄,2023-02-01,8843
5880,合庫金,44,0,44,玉山-高雄,2023-02-01,8843
8097,常珵,44,0,44,玉山-高雄,2023-02-01,8843
2201,裕隆,75,35,40,玉山-高雄,2023-02-01,8843
00773B,中信優先金融債,38,0,38,玉山-高雄,2023-02-01,8843
00720B,元大投資級公司債,35,0,35,玉山-高雄,2023-02-01,8843
8222,寶一,43,8,35,玉山-高雄,2023-02-01,8843
2353,宏��,36,3,33,玉山-高雄,2023-02-01,8843
2884,玉山金,42,10,32,玉山-高雄,2023-02-01,8843
2890,永豐金,28,0,28,玉山-高雄,2023-02-01,8843
1701,中化,33,6,27,玉山-高雄,2023-02-01,8843
2338,光罩,33,7,26,玉山-高雄,2023-02-01,8843
8046,南電,40,15,25,玉山-高雄,2023-02-01,8843
2888,新光金,38,13,25,玉山-高雄,2023-02-01,8843
6245,立端,28,4,24,玉山-高雄,2023-02-01,8843
4114,健喬,60,36,24,玉山-高雄,2023-02-01,8843
2358,廷鑫,27,4,23,玉山-高雄,2023-02-01,8843
2030,彰源,22,2,20,玉山-高雄,2023-02-01,8843
3682,亞太電,20,0,20,玉山-高雄,2023-02-01,8843
2607,榮運,21,1,20,玉山-高雄,2023-02-01,8843
3673,TPK-KY,23,3,20,玉山-高雄,2023-02-01,8843
6186,新潤,20,0,20,玉山-高雄,2023-02-01,8843
00633L,富邦上証正2,27,8,19,玉山-高雄,2023-02-01,8843
2317,鴻海,81,63,18,玉山-高雄,2023-02-01,8843
00655L,國泰中國A50正2,22,4,18,玉山-高雄,2023-02-01,8843
2107,厚生,18,0,18,玉山-高雄,2023-02-01,8843
6550,北極星藥業-KY,19,2,17,玉山-高雄,2023-02-01,8843
2409,友達,27,12,15,玉山-高雄,2023-02-01,8843
8033,雷虎,21,6,15,玉山-高雄,2023-02-01,8843
00891,中信關鍵半導體,15,0,15,玉山-高雄,2023-02-01,8843
8478,東哥遊艇,17,3,14,玉山-高雄,2023-02-01,8843
1513,中興電,36,22,14,玉山-高雄,2023-02-01,8843
3062,建漢,14,1,13,玉山-高雄,2023-02-01,8843
1308,亞聚,15,2,13,玉山-高雄,2023-02-01,8843
3013,晟銘電,12,0,12,玉山-高雄,2023-02-01,8843
2887,台新金,24,12,12,玉山-高雄,2023-02-01,8843
00713,元大台灣高息低波,11,0,11,玉山-高雄,2023-02-01,8843
3305,昇貿,17,6,11,玉山-高雄,2023-02-01,8843
8926,台汽電,11,0,11,玉山-高雄,2023-02-01,8843
6712,長聖,11,0,11,玉山-高雄,2023-02-01,8843
2201,裕隆,732,58,674,玉山-高雄,2023-02-02,8843
00878,國泰永續高股息,582,92,490,玉山-高雄,2023-02-02,8843
9105,泰金寶-DR,390,53,337,玉山-高雄,2023-02-02,8843
00632R,元大台灣50反1,372,122,250,玉山-高雄,2023-02-02,8843
2618,長榮航,146,46,100,玉山-高雄,2023-02-02,8843
3041,揚智,98,2,96,玉山-高雄,2023-02-02,8843
00715L,期街口布蘭特正2,108,27,81,玉山-高雄,2023-02-02,8843
00637L,元大滬深300正2,97,33,64,玉山-高雄,2023-02-02,8843
00882,中信中國高股息,66,5,61,玉山-高雄,2023-02-02,8843
00669R,國泰美國道瓊反1,60,0,60,玉山-高雄,2023-02-02,8843
2014,中鴻,94,37,57,玉山-高雄,2023-02-02,8843
3504,揚明光,59,3,56,玉山-高雄,2023-02-02,8843
00664R,國泰臺灣加權反1,53,0,53,玉山-高雄,2023-02-02,8843
2891,中信金,60,9,51,玉山-高雄,2023-02-02,8843
2354,鴻準,62,13,49,玉山-高雄,2023-02-02,8843
00671R,富邦NASDAQ反1,48,0,48,玉山-高雄,2023-02-02,8843
6282,康舒,97,51,46,玉山-高雄,2023-02-02,8843
2834,臺企銀,47,2,45,玉山-高雄,2023-02-02,8843
1417,嘉裕,41,0,41,玉山-高雄,2023-02-02,8843
2379,瑞昱,41,2,39,玉山-高雄,2023-02-02,8843
2002,中鋼,45,8,37,玉山-高雄,2023-02-02,8843
00633L,富邦上証正2,58,21,37,玉山-高雄,2023-02-02,8843
3605,宏致,55,20,35,玉山-高雄,2023-02-02,8843
1584,精剛,45,13,32,玉山-高雄,2023-02-02,8843
00751B,元大AAA至A公司債,30,0,30,玉山-高雄,2023-02-02,8843
2104,國際中橡,30,0,30,玉山-高雄,2023-02-02,8843
5425,台半,42,13,29,玉山-高雄,2023-02-02,8843
2610,華航,71,42,29,玉山-高雄,2023-02-02,8843
2906,高林,30,2,28,玉山-高雄,2023-02-02,8843
6806,森崴能源,29,3,26,玉山-高雄,2023-02-02,8843
8926,台汽電,42,17,25,玉山-高雄,2023-02-02,8843
1524,耿鼎,53,28,25,玉山-高雄,2023-02-02,8843
1101,台泥,38,13,25,玉山-高雄,2023-02-02,8843
2390,云辰,23,0,23,玉山-高雄,2023-02-02,8843
2912,統一超,23,0,23,玉山-高雄,2023-02-02,8843
2329,華泰,40,18,22,玉山-高雄,2023-02-02,8843
3481,群創,28,7,21,玉山-高雄,2023-02-02,8843
00773B,中信優先金融債,21,0,21,玉山-高雄,2023-02-02,8843
00681R,元大美債20反1,20,0,20,玉山-高雄,2023-02-02,8843
00683L,期元大美元指正2,19,0,19,玉山-高雄,2023-02-02,8843
2634,漢翔,19,0,19,玉山-高雄,2023-02-02,8843
5469,瀚宇博,20,1,19,玉山-高雄,2023-02-02,8843
6443,元晶,74,55,19,玉山-高雄,2023-02-02,8843
8038,長園科,19,0,19,玉山-高雄,2023-02-02,8843
9962,有益,18,0,18,玉山-高雄,2023-02-02,8843
1717,長興,19,2,17,玉山-高雄,2023-02-02,8843
2317,鴻海,84,68,16,玉山-高雄,2023-02-02,8843
3587,閎康,16,0,16,玉山-高雄,2023-02-02,8843
3017,奇鋐,20,5,15,玉山-高雄,2023-02-02,8843
3535,晶彩科,15,1,14,玉山-高雄,2023-02-02,8843
2891,中信金,331,10,321,玉山-高雄,2023-02-03,8843
2498,宏達電,440,126,314,玉山-高雄,2023-02-03,8843
00753L,中信中國50正2,309,26,283,玉山-高雄,2023-02-03,8843
3037,欣興,250,29,221,玉山-高雄,2023-02-03,8843
00637L,元大滬深300正2,256,47,209,玉山-高雄,2023-02-03,8843
00878,國泰永續高股息,168,10,158,玉山-高雄,2023-02-03,8843
00715L,期街口布蘭特正2,151,13,138,玉山-高雄,2023-02-03,8843
1101,台泥,141,14,127,玉山-高雄,2023-02-03,8843
00633L,富邦上証正2,126,0,126,玉山-高雄,2023-02-03,8843
00671R,富邦NASDAQ反1,116,0,116,玉山-高雄,2023-02-03,8843
00882,中信中國高股息,94,6,88,玉山-高雄,2023-02-03,8843
4743,合一,96,11,85,玉山-高雄,2023-02-03,8843
00918,大華優利高填息30,80,0,80,玉山-高雄,2023-02-03,8843
3041,揚智,77,2,75,玉山-高雄,2023-02-03,8843
3708,上緯投控,78,10,68,玉山-高雄,2023-02-03,8843
2317,鴻海,89,21,68,玉山-高雄,2023-02-03,8843
2421,建準,61,1,60,玉山-高雄,2023-02-03,8843
00665L,富邦�琤肭磪囓�2,60,0,60,玉山-高雄,2023-02-03,8843
2603,長榮,99,40,59,玉山-高雄,2023-02-03,8843
00655L,國泰中國A50正2,56,0,56,玉山-高雄,2023-02-03,8843
2002,中鋼,60,5,55,玉山-高雄,2023-02-03,8843
6116,彩晶,64,11,53,玉山-高雄,2023-02-03,8843
6770,力積電,76,30,46,玉山-高雄,2023-02-03,8843
0056,元大高股息,59,15,44,玉山-高雄,2023-02-03,8843
1524,耿鼎,51,9,42,玉山-高雄,2023-02-03,8843
2338,光罩,41,0,41,玉山-高雄,2023-02-03,8843
00713,元大台灣高息低波,70,29,41,玉山-高雄,2023-02-03,8843
00751B,元大AAA至A公司債,37,0,37,玉山-高雄,2023-02-03,8843
2610,華航,67,32,35,玉山-高雄,2023-02-03,8843
5009,榮剛,43,11,32,玉山-高雄,2023-02-03,8843
2014,中鴻,42,10,32,玉山-高雄,2023-02-03,8843
5351,鈺創,79,48,31,玉山-高雄,2023-02-03,8843
1447,力鵬,30,0,30,玉山-高雄,2023-02-03,8843
6546,正基,35,6,29,玉山-高雄,2023-02-03,8843
6138,茂達,33,4,29,玉山-高雄,2023-02-03,8843
6443,元晶,34,6,28,玉山-高雄,2023-02-03,8843
00885,富邦越南,30,3,27,玉山-高雄,2023-02-03,8843
1313,聯成,30,3,27,玉山-高雄,2023-02-03,8843
8046,南電,40,16,24,玉山-高雄,2023-02-03,8843
6167,久正,24,0,24,玉山-高雄,2023-02-03,8843
6550,北極星藥業-KY,39,16,23,玉山-高雄,2023-02-03,8843
8110,華東,26,3,23,玉山-高雄,2023-02-03,8843
1216,統一,22,0,22,玉山-高雄,2023-02-03,8843
2363,矽統,23,1,22,玉山-高雄,2023-02-03,8843
2882,國泰金,24,2,22,玉山-高雄,2023-02-03,8843
2834,臺企銀,61,40,21,玉山-高雄,2023-02-03,8843
2353,宏��,21,0,21,玉山-高雄,2023-02-03,8843
2409,友達,36,16,20,玉山-高雄,2023-02-03,8843
1701,中化,29,9,20,玉山-高雄,2023-02-03,8843
2107,厚生,20,0,20,玉山-高雄,2023-02-03,8843
00878,國泰永續高股息,504,25,479,玉山-高雄,2023-02-06,8843
00715L,期街口布蘭特正2,214,26,188,玉山-高雄,2023-02-06,8843
00637L,元大滬深300正2,212,62,150,玉山-高雄,2023-02-06,8843
2888,新光金,155,21,134,玉山-高雄,2023-02-06,8843
2891,中信金,138,15,123,玉山-高雄,2023-02-06,8843
00773B,中信優先金融債,115,0,115,玉山-高雄,2023-02-06,8843
2884,玉山金,89,11,78,玉山-高雄,2023-02-06,8843
1513,中興電,74,5,69,玉山-高雄,2023-02-06,8843
00900,富邦特選高股息30,68,3,65,玉山-高雄,2023-02-06,8843
00753L,中信中國50正2,65,0,65,玉山-高雄,2023-02-06,8843
3293,鈊象,60,0,60,玉山-高雄,2023-02-06,8843
2609,陽明,57,1,56,玉山-高雄,2023-02-06,8843
2603,長榮,67,13,54,玉山-高雄,2023-02-06,8843
00679B,元大美債20年,439,391,48,玉山-高雄,2023-02-06,8843
2408,南亞科,45,0,45,玉山-高雄,2023-02-06,8843
00882,中信中國高股息,44,0,44,玉山-高雄,2023-02-06,8843
2618,長榮航,53,10,43,玉山-高雄,2023-02-06,8843
8936,國統,41,0,41,玉山-高雄,2023-02-06,8843
00665L,富邦�琤肭磪囓�2,40,0,40,玉山-高雄,2023-02-06,8843
1101,台泥,47,8,39,玉山-高雄,2023-02-06,8843
1339,昭輝,38,0,38,玉山-高雄,2023-02-06,8843
2615,萬海,57,20,37,玉山-高雄,2023-02-06,8843
00713,元大台灣高息低波,44,10,34,玉山-高雄,2023-02-06,8843
00885,富邦越南,39,6,33,玉山-高雄,2023-02-06,8843
00772B,中信高評級公司債,29,0,29,玉山-高雄,2023-02-06,8843
2368,金像電,39,11,28,玉山-高雄,2023-02-06,8843
3703,欣陸,30,7,23,玉山-高雄,2023-02-06,8843
5009,榮剛,25,2,23,玉山-高雄,2023-02-06,8843
00633L,富邦上証正2,24,2,22,玉山-高雄,2023-02-06,8843
00655L,國泰中國A50正2,24,2,22,玉山-高雄,2023-02-06,8843
2330,台積電,31,9,22,玉山-高雄,2023-02-06,8843
2344,華邦電,38,17,21,玉山-高雄,2023-02-06,8843
2340,台亞,21,0,21,玉山-高雄,2023-02-06,8843
2542,興富發,24,4,20,玉山-高雄,2023-02-06,8843
00720B,元大投資級公司債,20,0,20,玉山-高雄,2023-02-06,8843
2545,皇翔,20,0,20,玉山-高雄,2023-02-06,8843
2537,聯上發,20,0,20,玉山-高雄,2023-02-06,8843
2867,三商壽,40,20,20,玉山-高雄,2023-02-06,8843
00642U,期元大S＆P石油,20,0,20,玉山-高雄,2023-02-06,8843
2890,永豐金,20,0,20,玉山-高雄,2023-02-06,8843
3189,景碩,24,5,19,玉山-高雄,2023-02-06,8843
2889,國票金,21,2,19,玉山-高雄,2023-02-06,8843
6176,瑞儀,20,1,19,玉山-高雄,2023-02-06,8843
3094,聯傑,19,0,19,玉山-高雄,2023-02-06,8843
6133,金橋,30,11,19,玉山-高雄,2023-02-06,8843
2317,鴻海,124,106,18,玉山-高雄,2023-02-06,8843
8926,台汽電,17,0,17,玉山-高雄,2023-02-06,8843
1731,美吾華,17,0,17,玉山-高雄,2023-02-06,8843
2880,華南金,19,2,17,玉山-高雄,2023-02-06,8843
6531,愛普*,23,7,16,玉山-高雄,2023-02-06,8843
2891,中信金,225,4,221,玉山-高雄,2023-02-07,8843
00878,國泰永續高股息,209,14,195,玉山-高雄,2023-02-07,8843
2618,長榮航,197,34,163,玉山-高雄,2023-02-07,8843
1605,華新,215,65,150,玉山-高雄,2023-02-07,8843
3062,建漢,130,11,119,玉山-高雄,2023-02-07,8843
2313,華通,116,2,114,玉山-高雄,2023-02-07,8843
00632R,元大台灣50反1,242,144,98,玉山-高雄,2023-02-07,8843
2610,華航,132,40,92,玉山-高雄,2023-02-07,8843
2884,玉山金,96,16,80,玉山-高雄,2023-02-07,8843
1218,泰山,72,0,72,玉山-高雄,2023-02-07,8843
1339,昭輝,83,20,63,玉山-高雄,2023-02-07,8843
6443,元晶,78,22,56,玉山-高雄,2023-02-07,8843
2867,三商壽,51,0,51,玉山-高雄,2023-02-07,8843
2887,台新金,44,1,43,玉山-高雄,2023-02-07,8843
00671R,富邦NASDAQ反1,40,0,40,玉山-高雄,2023-02-07,8843
2609,陽明,41,2,39,玉山-高雄,2023-02-07,8843
00882,中信中國高股息,37,0,37,玉山-高雄,2023-02-07,8843
2498,宏達電,104,70,34,玉山-高雄,2023-02-07,8843
2368,金像電,32,0,32,玉山-高雄,2023-02-07,8843
2317,鴻海,42,12,30,玉山-高雄,2023-02-07,8843
00679B,元大美債20年,199,169,30,玉山-高雄,2023-02-07,8843
00648R,元大S＆P500反1,30,0,30,玉山-高雄,2023-02-07,8843
2382,廣達,32,4,28,玉山-高雄,2023-02-07,8843
6138,茂達,30,2,28,玉山-高雄,2023-02-07,8843
2504,國產,33,6,27,玉山-高雄,2023-02-07,8843
2834,臺企銀,104,77,27,玉山-高雄,2023-02-07,8843
1304,台聚,30,5,25,玉山-高雄,2023-02-07,8843
8926,台汽電,25,2,23,玉山-高雄,2023-02-07,8843
00715L,期街口布蘭特正2,41,18,23,玉山-高雄,2023-02-07,8843
5014,建錩,25,2,23,玉山-高雄,2023-02-07,8843
6116,彩晶,25,4,21,玉山-高雄,2023-02-07,8843
6411,晶焱,29,8,21,玉山-高雄,2023-02-07,8843
00720B,元大投資級公司債,21,0,21,玉山-高雄,2023-02-07,8843
2812,台中銀,20,0,20,玉山-高雄,2023-02-07,8843
1795,美時,60,41,19,玉山-高雄,2023-02-07,8843
2337,旺宏,21,2,19,玉山-高雄,2023-02-07,8843
1785,光洋科,24,5,19,玉山-高雄,2023-02-07,8843
00900,富邦特選高股息30,28,9,19,玉山-高雄,2023-02-07,8843
00885,富邦越南,20,1,19,玉山-高雄,2023-02-07,8843
2061,風青,20,2,18,玉山-高雄,2023-02-07,8843
6770,力積電,18,1,17,玉山-高雄,2023-02-07,8843
2344,華邦電,22,5,17,玉山-高雄,2023-02-07,8843
00772B,中信高評級公司債,15,0,15,玉山-高雄,2023-02-07,8843
00877,復華中國5G,15,0,15,玉山-高雄,2023-02-07,8843
00780B,國泰A級金融債,15,0,15,玉山-高雄,2023-02-07,8843
2201,裕隆,25,11,14,玉山-高雄,2023-02-07,8843
6509,聚和,18,4,14,玉山-高雄,2023-02-07,8843
1524,耿鼎,16,3,13,玉山-高雄,2023-02-07,8843
2603,長榮,35,22,13,玉山-高雄,2023-02-07,8843
8046,南電,28,16,12,玉山-高雄,2023-02-07,8843
00632R,元大台灣50反1,667,470,197,玉山-高雄,2023-02-08,8843
2201,裕隆,165,21,144,玉山-高雄,2023-02-08,8843
2312,金寶,101,0,101,玉山-高雄,2023-02-08,8843
00665L,富邦�琤肭磪囓�2,80,10,70,玉山-高雄,2023-02-08,8843
00753L,中信中國50正2,66,0,66,玉山-高雄,2023-02-08,8843
2887,台新金,57,0,57,玉山-高雄,2023-02-08,8843
00637L,元大滬深300正2,65,11,54,玉山-高雄,2023-02-08,8843
2884,玉山金,94,42,52,玉山-高雄,2023-02-08,8843
0056,元大高股息,124,72,52,玉山-高雄,2023-02-08,8843
2890,永豐金,48,0,48,玉山-高雄,2023-02-08,8843
2002,中鋼,47,0,47,玉山-高雄,2023-02-08,8843
00633L,富邦上証正2,46,0,46,玉山-高雄,2023-02-08,8843
1513,中興電,55,10,45,玉山-高雄,2023-02-08,8843
00673R,期元大S＆P原油反1,45,0,45,玉山-高雄,2023-02-08,8843
00720B,元大投資級公司債,43,0,43,玉山-高雄,2023-02-08,8843
2610,華航,69,29,40,玉山-高雄,2023-02-08,8843
2881,富邦金,38,0,38,玉山-高雄,2023-02-08,8843
00885,富邦越南,36,0,36,玉山-高雄,2023-02-08,8843
00679B,元大美債20年,345,311,34,玉山-高雄,2023-02-08,8843
2891,中信金,35,2,33,玉山-高雄,2023-02-08,8843
1605,華新,56,24,32,玉山-高雄,2023-02-08,8843
3356,奇偶,37,5,32,玉山-高雄,2023-02-08,8843
1584,精剛,50,19,31,玉山-高雄,2023-02-08,8843
2515,中工,30,0,30,玉山-高雄,2023-02-08,8843
6770,力積電,49,21,28,玉山-高雄,2023-02-08,8843
1519,華城,27,0,27,玉山-高雄,2023-02-08,8843
2481,強茂,26,0,26,玉山-高雄,2023-02-08,8843
3708,上緯投控,32,6,26,玉山-高雄,2023-02-08,8843
2014,中鴻,46,21,25,玉山-高雄,2023-02-08,8843
1442,名軒,25,0,25,玉山-高雄,2023-02-08,8843
00671R,富邦NASDAQ反1,35,10,25,玉山-高雄,2023-02-08,8843
2328,廣宇,40,15,25,玉山-高雄,2023-02-08,8843
2883,凱基金,30,5,25,玉山-高雄,2023-02-08,8843
9933,中鼎,26,2,24,玉山-高雄,2023-02-08,8843
6668,中揚光,24,0,24,玉山-高雄,2023-02-08,8843
2603,長榮,25,2,23,玉山-高雄,2023-02-08,8843
6282,康舒,67,44,23,玉山-高雄,2023-02-08,8843
00648R,元大S＆P500反1,32,10,22,玉山-高雄,2023-02-08,8843
00780B,國泰A級金融債,22,0,22,玉山-高雄,2023-02-08,8843
00772B,中信高評級公司債,21,0,21,玉山-高雄,2023-02-08,8843
2882,國泰金,23,3,20,玉山-高雄,2023-02-08,8843
2352,佳世達,21,1,20,玉山-高雄,2023-02-08,8843
020023,元大櫃買半導體N,20,0,20,玉山-高雄,2023-02-08,8843
2425,承啟,27,7,20,玉山-高雄,2023-02-08,8843
3576,聯合再生,21,1,20,玉山-高雄,2023-02-08,8843
5351,鈺創,24,4,20,玉山-高雄,2023-02-08,8843
2376,技嘉,37,17,20,玉山-高雄,2023-02-08,8843
5299,杰力,19,0,19,玉山-高雄,2023-02-08,8843
2302,麗正,22,3,19,玉山-高雄,2023-02-08,8843
8927,北基,20,1,19,玉山-高雄,2023-02-08,8843
00878,國泰永續高股息,352,32,320,玉山-高雄,2023-02-09,8843
00673R,期元大S＆P原油反1,105,0,105,玉山-高雄,2023-02-09,8843
0056,元大高股息,127,32,95,玉山-高雄,2023-02-09,8843
2313,華通,82,3,79,玉山-高雄,2023-02-09,8843
2344,華邦電,117,46,71,玉山-高雄,2023-02-09,8843
4968,立積,80,11,69,玉山-高雄,2023-02-09,8843
1409,新纖,76,11,65,玉山-高雄,2023-02-09,8843
6457,紘康,64,0,64,玉山-高雄,2023-02-09,8843
00885,富邦越南,62,0,62,玉山-高雄,2023-02-09,8843
1218,泰山,60,3,57,玉山-高雄,2023-02-09,8843
8105,凌巨,57,0,57,玉山-高雄,2023-02-09,8843
00641R,富邦日本反1,50,0,50,玉山-高雄,2023-02-09,8843
6177,達麗,49,0,49,玉山-高雄,2023-02-09,8843
2537,聯上發,40,0,40,玉山-高雄,2023-02-09,8843
1605,華新,57,18,39,玉山-高雄,2023-02-09,8843
6182,合晶,48,10,38,玉山-高雄,2023-02-09,8843
00772B,中信高評級公司債,36,0,36,玉山-高雄,2023-02-09,8843
4960,誠美材,42,7,35,玉山-高雄,2023-02-09,8843
00683L,期元大美元指正2,35,0,35,玉山-高雄,2023-02-09,8843
4114,健喬,140,108,32,玉山-高雄,2023-02-09,8843
2327,國巨,43,11,32,玉山-高雄,2023-02-09,8843
6625,必應,31,0,31,玉山-高雄,2023-02-09,8843
00680L,元大美債20正2,31,1,30,玉山-高雄,2023-02-09,8843
8033,雷虎,34,5,29,玉山-高雄,2023-02-09,8843
1795,美時,38,10,28,玉山-高雄,2023-02-09,8843
3703,欣陸,30,2,28,玉山-高雄,2023-02-09,8843
00720B,元大投資級公司債,27,0,27,玉山-高雄,2023-02-09,8843
00751B,元大AAA至A公司債,26,0,26,玉山-高雄,2023-02-09,8843
00756B,群益投等新興公債,25,0,25,玉山-高雄,2023-02-09,8843
2388,威盛,69,44,25,玉山-高雄,2023-02-09,8843
00679B,元大美債20年,219,195,24,玉山-高雄,2023-02-09,8843
3209,全科,25,1,24,玉山-高雄,2023-02-09,8843
2607,榮運,62,38,24,玉山-高雄,2023-02-09,8843
1513,中興電,72,49,23,玉山-高雄,2023-02-09,8843
3481,群創,197,175,22,玉山-高雄,2023-02-09,8843
2107,厚生,20,0,20,玉山-高雄,2023-02-09,8843
2890,永豐金,19,0,19,玉山-高雄,2023-02-09,8843
2368,金像電,36,17,19,玉山-高雄,2023-02-09,8843
2610,華航,42,23,19,玉山-高雄,2023-02-09,8843
3714,富采,40,21,19,玉山-高雄,2023-02-09,8843
3059,華晶科,24,6,18,玉山-高雄,2023-02-09,8843
2201,裕隆,27,10,17,玉山-高雄,2023-02-09,8843
6796,晉弘,16,0,16,玉山-高雄,2023-02-09,8843
3189,景碩,32,16,16,玉山-高雄,2023-02-09,8843
1529,樂事綠能,23,8,15,玉山-高雄,2023-02-09,8843
6244,茂迪,15,0,15,玉山-高雄,2023-02-09,8843
2883,凱基金,20,5,15,玉山-高雄,2023-02-09,8843
2845,遠東銀,16,2,14,玉山-高雄,2023-02-09,8843
2880,華南金,15,1,14,玉山-高雄,2023-02-09,8843
00712,復華富時不動產,13,0,13,玉山-高雄,2023-02-09,8843
00878,國泰永續高股息,561,50,511,玉山-高雄,2023-02-10,8843
8358,金居,214,3,211,玉山-高雄,2023-02-10,8843
2371,大同,138,6,132,玉山-高雄,2023-02-10,8843
2633,台灣高鐵,112,2,110,玉山-高雄,2023-02-10,8843
0056,元大高股息,106,5,101,玉山-高雄,2023-02-10,8843
00632R,元大台灣50反1,113,22,91,玉山-高雄,2023-02-10,8843
6282,康舒,118,29,89,玉山-高雄,2023-02-10,8843
1218,泰山,71,0,71,玉山-高雄,2023-02-10,8843
2641,正德,69,0,69,玉山-高雄,2023-02-10,8843
00885,富邦越南,59,1,58,玉山-高雄,2023-02-10,8843
00712,復華富時不動產,67,9,58,玉山-高雄,2023-02-10,8843
2609,陽明,80,23,57,玉山-高雄,2023-02-10,8843
00637L,元大滬深300正2,56,0,56,玉山-高雄,2023-02-10,8843
6457,紘康,56,0,56,玉山-高雄,2023-02-10,8843
1605,華新,141,86,55,玉山-高雄,2023-02-10,8843
00753L,中信中國50正2,55,5,50,玉山-高雄,2023-02-10,8843
9103,美德醫療-DR,50,0,50,玉山-高雄,2023-02-10,8843
2867,三商壽,49,0,49,玉山-高雄,2023-02-10,8843
2409,友達,75,27,48,玉山-高雄,2023-02-10,8843
2883,凱基金,48,0,48,玉山-高雄,2023-02-10,8843
2890,永豐金,46,0,46,玉山-高雄,2023-02-10,8843
00679B,元大美債20年,64,18,46,玉山-高雄,2023-02-10,8843
2888,新光金,48,3,45,玉山-高雄,2023-02-10,8843
00633L,富邦上証正2,51,6,45,玉山-高雄,2023-02-10,8843
2368,金像電,48,4,44,玉山-高雄,2023-02-10,8843
00772B,中信高評級公司債,43,1,42,玉山-高雄,2023-02-10,8843
2498,宏達電,61,19,42,玉山-高雄,2023-02-10,8843
00720B,元大投資級公司債,40,1,39,玉山-高雄,2023-02-10,8843
2634,漢翔,175,137,38,玉山-高雄,2023-02-10,8843
2421,建準,36,0,36,玉山-高雄,2023-02-10,8843
1584,精剛,77,41,36,玉山-高雄,2023-02-10,8843
6269,台郡,34,1,33,玉山-高雄,2023-02-10,8843
8926,台汽電,30,0,30,玉山-高雄,2023-02-10,8843
1529,樂事綠能,31,1,30,玉山-高雄,2023-02-10,8843
1732,毛寶,30,0,30,玉山-高雄,2023-02-10,8843
6116,彩晶,52,24,28,玉山-高雄,2023-02-10,8843
00882,中信中國高股息,28,0,28,玉山-高雄,2023-02-10,8843
2618,長榮航,61,34,27,玉山-高雄,2023-02-10,8843
6182,合晶,27,3,24,玉山-高雄,2023-02-10,8843
6109,亞元,23,1,22,玉山-高雄,2023-02-10,8843
2337,旺宏,22,0,22,玉山-高雄,2023-02-10,8843
3162,精確,38,16,22,玉山-高雄,2023-02-10,8843
2891,中信金,29,8,21,玉山-高雄,2023-02-10,8843
6177,達麗,21,0,21,玉山-高雄,2023-02-10,8843
00688L,國泰20年美債正2,20,0,20,玉山-高雄,2023-02-10,8843
4968,立積,22,3,19,玉山-高雄,2023-02-10,8843
4958,臻鼎-KY,20,1,19,玉山-高雄,2023-02-10,8843
020023,元大櫃買半導體N,19,0,19,玉山-高雄,2023-02-10,8843
3710,連展投控,21,2,19,玉山-高雄,2023-02-10,8843
8227,巨有科技,37,18,19,玉山-高雄,2023-02-10,8843
00878,國泰永續高股息,714,58,656,玉山-高雄,2023-02-13,8843
00632R,元大台灣50反1,473,107,366,玉山-高雄,2023-02-13,8843
2641,正德,240,0,240,玉山-高雄,2023-02-13,8843
00671R,富邦NASDAQ反1,120,20,100,玉山-高雄,2023-02-13,8843
00882,中信中國高股息,145,66,79,玉山-高雄,2023-02-13,8843
00900,富邦特選高股息30,80,3,77,玉山-高雄,2023-02-13,8843
2634,漢翔,170,100,70,玉山-高雄,2023-02-13,8843
00673R,期元大S＆P原油反1,62,0,62,玉山-高雄,2023-02-13,8843
00897,富邦基因免疫生技,60,0,60,玉山-高雄,2023-02-13,8843
3481,群創,73,13,60,玉山-高雄,2023-02-13,8843
00679B,元大美債20年,61,2,59,玉山-高雄,2023-02-13,8843
6266,泰詠,69,12,57,玉山-高雄,2023-02-13,8843
2409,友達,67,17,50,玉山-高雄,2023-02-13,8843
1701,中化,56,7,49,玉山-高雄,2023-02-13,8843
00720B,元大投資級公司債,41,0,41,玉山-高雄,2023-02-13,8843
2753,八方雲集,41,2,39,玉山-高雄,2023-02-13,8843
00713,元大台灣高息低波,40,3,37,玉山-高雄,2023-02-13,8843
00772B,中信高評級公司債,32,0,32,玉山-高雄,2023-02-13,8843
2405,輔信,35,4,31,玉山-高雄,2023-02-13,8843
8926,台汽電,27,0,27,玉山-高雄,2023-02-13,8843
00751B,元大AAA至A公司債,26,0,26,玉山-高雄,2023-02-13,8843
3013,晟銘電,51,25,26,玉山-高雄,2023-02-13,8843
8033,雷虎,30,6,24,玉山-高雄,2023-02-13,8843
4743,合一,53,29,24,玉山-高雄,2023-02-13,8843
0056,元大高股息,36,14,22,玉山-高雄,2023-02-13,8843
3450,聯鈞,22,0,22,玉山-高雄,2023-02-13,8843
00669R,國泰美國道瓊反1,22,0,22,玉山-高雄,2023-02-13,8843
8936,國統,21,0,21,玉山-高雄,2023-02-13,8843
2330,台積電,22,2,20,玉山-高雄,2023-02-13,8843
1795,美時,58,38,20,玉山-高雄,2023-02-13,8843
8927,北基,20,0,20,玉山-高雄,2023-02-13,8843
2498,宏達電,45,27,18,玉山-高雄,2023-02-13,8843
1584,精剛,22,4,18,玉山-高雄,2023-02-13,8843
00885,富邦越南,20,2,18,玉山-高雄,2023-02-13,8843
6142,友勁,21,3,18,玉山-高雄,2023-02-13,8843
3105,穩懋,23,6,17,玉山-高雄,2023-02-13,8843
6116,彩晶,29,12,17,玉山-高雄,2023-02-13,8843
1442,名軒,16,0,16,玉山-高雄,2023-02-13,8843
00907,永豐優息存股,15,0,15,玉山-高雄,2023-02-13,8843
5269,祥碩,15,0,15,玉山-高雄,2023-02-13,8843
2009,第一銅,18,3,15,玉山-高雄,2023-02-13,8843
2897,王道銀行,20,5,15,玉山-高雄,2023-02-13,8843
1710,東聯,15,0,15,玉山-高雄,2023-02-13,8843
6843,進典,15,1,14,玉山-高雄,2023-02-13,8843
1339,昭輝,13,0,13,玉山-高雄,2023-02-13,8843
3162,精確,13,0,13,玉山-高雄,2023-02-13,8843
4931,新盛力,34,21,13,玉山-高雄,2023-02-13,8843
00892,富邦台灣半導體,12,0,12,玉山-高雄,2023-02-13,8843
6282,康舒,54,42,12,玉山-高雄,2023-02-13,8843
4942,嘉彰,12,0,12,玉山-高雄,2023-02-13,8843
1314,中石化,400,8,392,玉山-高雄,2023-02-14,8843
00632R,元大台灣50反1,291,30,261,玉山-高雄,2023-02-14,8843
2834,臺企銀,293,85,208,玉山-高雄,2023-02-14,8843
1795,美時,141,17,124,玉山-高雄,2023-02-14,8843
00878,國泰永續高股息,375,262,113,玉山-高雄,2023-02-14,8843
2641,正德,88,0,88,玉山-高雄,2023-02-14,8843
3661,世芯-KY,68,3,65,玉山-高雄,2023-02-14,8843
1605,華新,95,34,61,玉山-高雄,2023-02-14,8843
4919,新唐,60,0,60,玉山-高雄,2023-02-14,8843
00673R,期元大S＆P原油反1,55,0,55,玉山-高雄,2023-02-14,8843
00885,富邦越南,51,2,49,玉山-高雄,2023-02-14,8843
2393,億光,45,0,45,玉山-高雄,2023-02-14,8843
00671R,富邦NASDAQ反1,40,0,40,玉山-高雄,2023-02-14,8843
4113,聯上,50,13,37,玉山-高雄,2023-02-14,8843
4130,健亞,33,0,33,玉山-高雄,2023-02-14,8843
3189,景碩,50,18,32,玉山-高雄,2023-02-14,8843
1101,台泥,49,17,32,玉山-高雄,2023-02-14,8843
9103,美德醫療-DR,30,0,30,玉山-高雄,2023-02-14,8843
3528,安馳,31,1,30,玉山-高雄,2023-02-14,8843
2492,華新科,36,6,30,玉山-高雄,2023-02-14,8843
1584,精剛,31,2,29,玉山-高雄,2023-02-14,8843
3024,憶聲,25,2,23,玉山-高雄,2023-02-14,8843
00720B,元大投資級公司債,22,0,22,玉山-高雄,2023-02-14,8843
2884,玉山金,104,82,22,玉山-高雄,2023-02-14,8843
00900,富邦特選高股息30,34,13,21,玉山-高雄,2023-02-14,8843
1304,台聚,20,0,20,玉山-高雄,2023-02-14,8843
00669R,國泰美國道瓊反1,20,0,20,玉山-高雄,2023-02-14,8843
00648R,元大S＆P500反1,20,0,20,玉山-高雄,2023-02-14,8843
00641R,富邦日本反1,20,0,20,玉山-高雄,2023-02-14,8843
2537,聯上發,22,4,18,玉山-高雄,2023-02-14,8843
2353,宏��,20,3,17,玉山-高雄,2023-02-14,8843
1218,泰山,23,6,17,玉山-高雄,2023-02-14,8843
00679B,元大美債20年,16,0,16,玉山-高雄,2023-02-14,8843
8222,寶一,51,35,16,玉山-高雄,2023-02-14,8843
00680L,元大美債20正2,15,0,15,玉山-高雄,2023-02-14,8843
1810,和成,27,12,15,玉山-高雄,2023-02-14,8843
00836B,永豐10年A公司債,15,0,15,玉山-高雄,2023-02-14,8843
2002,中鋼,16,1,15,玉山-高雄,2023-02-14,8843
2027,大成鋼,17,2,15,玉山-高雄,2023-02-14,8843
6112,邁達特,18,4,14,玉山-高雄,2023-02-14,8843
3576,聯合再生,15,1,14,玉山-高雄,2023-02-14,8843
2014,中鴻,26,12,14,玉山-高雄,2023-02-14,8843
3062,建漢,13,0,13,玉山-高雄,2023-02-14,8843
4540,全球傳動,13,0,13,玉山-高雄,2023-02-14,8843
3704,合勤控,16,3,13,玉山-高雄,2023-02-14,8843
5371,中光電,13,2,11,玉山-高雄,2023-02-14,8843
6274,台燿,11,0,11,玉山-高雄,2023-02-14,8843
6177,達麗,11,0,11,玉山-高雄,2023-02-14,8843
5309,系統電,11,0,11,玉山-高雄,2023-02-14,8843
6282,康舒,27,16,11,玉山-高雄,2023-02-14,8843
00878,國泰永續高股息,661,253,408,玉山-高雄,2023-02-15,8843
1314,中石化,303,5,298,玉山-高雄,2023-02-15,8843
2884,玉山金,146,16,130,玉山-高雄,2023-02-15,8843
2337,旺宏,231,110,121,玉山-高雄,2023-02-15,8843
2610,華航,167,66,101,玉山-高雄,2023-02-15,8843
00753L,中信中國50正2,96,3,93,玉山-高雄,2023-02-15,8843
00706L,期元大S＆P日圓正2,92,0,92,玉山-高雄,2023-02-15,8843
00900,富邦特選高股息30,77,1,76,玉山-高雄,2023-02-15,8843
00637L,元大滬深300正2,106,36,70,玉山-高雄,2023-02-15,8843
2618,長榮航,69,4,65,玉山-高雄,2023-02-15,8843
5347,世界,67,13,54,玉山-高雄,2023-02-15,8843
0056,元大高股息,64,15,49,玉山-高雄,2023-02-15,8843
2867,三商壽,40,0,40,玉山-高雄,2023-02-15,8843
00891,中信關鍵半導體,51,13,38,玉山-高雄,2023-02-15,8843
2409,友達,55,18,37,玉山-高雄,2023-02-15,8843
00633L,富邦上証正2,44,7,37,玉山-高雄,2023-02-15,8843
2885,元大金,31,0,31,玉山-高雄,2023-02-15,8843
8076,伍豐,32,2,30,玉山-高雄,2023-02-15,8843
2027,大成鋼,36,6,30,玉山-高雄,2023-02-15,8843
2330,台積電,67,37,30,玉山-高雄,2023-02-15,8843
2609,陽明,45,15,30,玉山-高雄,2023-02-15,8843
2206,三陽工業,56,27,29,玉山-高雄,2023-02-15,8843
2344,華邦電,38,11,27,玉山-高雄,2023-02-15,8843
00679B,元大美債20年,25,0,25,玉山-高雄,2023-02-15,8843
00885,富邦越南,30,8,22,玉山-高雄,2023-02-15,8843
00905,FT臺灣Smart,22,0,22,玉山-高雄,2023-02-15,8843
2367,燿華,30,8,22,玉山-高雄,2023-02-15,8843
6533,晶心科,27,5,22,玉山-高雄,2023-02-15,8843
2498,宏達電,55,33,22,玉山-高雄,2023-02-15,8843
8927,北基,22,0,22,玉山-高雄,2023-02-15,8843
2009,第一銅,23,1,22,玉山-高雄,2023-02-15,8843
3189,景碩,54,32,22,玉山-高雄,2023-02-15,8843
006208,富邦台50,22,1,21,玉山-高雄,2023-02-15,8843
6517,保勝光學,21,0,21,玉山-高雄,2023-02-15,8843
2323,中環,20,0,20,玉山-高雄,2023-02-15,8843
00676R,富邦臺灣加權反1,20,0,20,玉山-高雄,2023-02-15,8843
00665L,富邦�琤肭磪囓�2,30,10,20,玉山-高雄,2023-02-15,8843
00780B,國泰A級金融債,20,0,20,玉山-高雄,2023-02-15,8843
6488,環球晶,22,2,20,玉山-高雄,2023-02-15,8843
6235,華孚,42,23,19,玉山-高雄,2023-02-15,8843
8358,金居,20,2,18,玉山-高雄,2023-02-15,8843
0050,元大台灣50,23,5,18,玉山-高雄,2023-02-15,8843
6278,台表科,20,2,18,玉山-高雄,2023-02-15,8843
00881,國泰台灣5G+,18,0,18,玉山-高雄,2023-02-15,8843
2887,台新金,17,0,17,玉山-高雄,2023-02-15,8843
2481,強茂,18,1,17,玉山-高雄,2023-02-15,8843
1808,潤隆,17,0,17,玉山-高雄,2023-02-15,8843
2882,國泰金,18,2,16,玉山-高雄,2023-02-15,8843
2014,中鴻,27,11,16,玉山-高雄,2023-02-15,8843
2358,廷鑫,21,5,16,玉山-高雄,2023-02-15,8843
00878,國泰永續高股息,708,84,624,玉山-高雄,2023-02-16,8843
00679B,元大美債20年,166,2,164,玉山-高雄,2023-02-16,8843
2371,大同,149,1,148,玉山-高雄,2023-02-16,8843
2332,友訊,151,10,141,玉山-高雄,2023-02-16,8843
00680L,元大美債20正2,127,0,127,玉山-高雄,2023-02-16,8843
2888,新光金,132,20,112,玉山-高雄,2023-02-16,8843
00706L,期元大S＆P日圓正2,91,0,91,玉山-高雄,2023-02-16,8843
3481,群創,351,260,91,玉山-高雄,2023-02-16,8843
2313,華通,103,15,88,玉山-高雄,2023-02-16,8843
2887,台新金,72,7,65,玉山-高雄,2023-02-16,8843
6443,元晶,92,37,55,玉山-高雄,2023-02-16,8843
2881,富邦金,37,0,37,玉山-高雄,2023-02-16,8843
00900,富邦特選高股息30,36,0,36,玉山-高雄,2023-02-16,8843
2228,劍麟,34,0,34,玉山-高雄,2023-02-16,8843
1808,潤隆,33,0,33,玉山-高雄,2023-02-16,8843
5009,榮剛,33,3,30,玉山-高雄,2023-02-16,8843
1215,卜蜂,30,0,30,玉山-高雄,2023-02-16,8843
00751B,元大AAA至A公司債,33,5,28,玉山-高雄,2023-02-16,8843
2317,鴻海,55,28,27,玉山-高雄,2023-02-16,8843
2337,旺宏,63,37,26,玉山-高雄,2023-02-16,8843
00688L,國泰20年美債正2,25,0,25,玉山-高雄,2023-02-16,8843
3128,昇銳,33,9,24,玉山-高雄,2023-02-16,8843
3707,漢磊,29,5,24,玉山-高雄,2023-02-16,8843
2367,燿華,22,0,22,玉山-高雄,2023-02-16,8843
3564,其陽,26,4,22,玉山-高雄,2023-02-16,8843
2882,國泰金,26,4,22,玉山-高雄,2023-02-16,8843
2537,聯上發,20,0,20,玉山-高雄,2023-02-16,8843
00669R,國泰美國道瓊反1,20,0,20,玉山-高雄,2023-02-16,8843
1591,駿吉-KY,20,0,20,玉山-高雄,2023-02-16,8843
3710,連展投控,22,2,20,玉山-高雄,2023-02-16,8843
1519,華城,31,12,19,玉山-高雄,2023-02-16,8843
1503,士電,24,5,19,玉山-高雄,2023-02-16,8843
00720B,元大投資級公司債,18,0,18,玉山-高雄,2023-02-16,8843
6122,擎邦,20,2,18,玉山-高雄,2023-02-16,8843
5706,鳳凰,56,39,17,玉山-高雄,2023-02-16,8843
6150,撼訊,27,10,17,玉山-高雄,2023-02-16,8843
6139,亞翔,16,0,16,玉山-高雄,2023-02-16,8843
00885,富邦越南,16,0,16,玉山-高雄,2023-02-16,8843
6806,森崴能源,18,2,16,玉山-高雄,2023-02-16,8843
2314,台揚,19,3,16,玉山-高雄,2023-02-16,8843
3105,穩懋,20,5,15,玉山-高雄,2023-02-16,8843
6411,晶焱,29,14,15,玉山-高雄,2023-02-16,8843
1319,東陽,15,2,13,玉山-高雄,2023-02-16,8843
9907,統一實,13,0,13,玉山-高雄,2023-02-16,8843
6770,力積電,12,0,12,玉山-高雄,2023-02-16,8843
3037,欣興,40,27,13,玉山-高雄,2023-02-16,8843
8926,台汽電,12,0,12,玉山-高雄,2023-02-16,8843
5608,四維航,12,0,12,玉山-高雄,2023-02-16,8843
5371,中光電,14,3,11,玉山-高雄,2023-02-16,8843
1718,中纖,11,0,11,玉山-高雄,2023-02-16,8843
2610,華航,745,295,450,玉山-高雄,2023-02-17,8843
00637L,元大滬深300正2,345,48,297,玉山-高雄,2023-02-17,8843
00878,國泰永續高股息,538,327,211,玉山-高雄,2023-02-17,8843
00679B,元大美債20年,173,0,173,玉山-高雄,2023-02-17,8843
2367,燿華,166,0,166,玉山-高雄,2023-02-17,8843
00671R,富邦NASDAQ反1,150,10,140,玉山-高雄,2023-02-17,8843
00633L,富邦上証正2,106,21,85,玉山-高雄,2023-02-17,8843
00680L,元大美債20正2,77,0,77,玉山-高雄,2023-02-17,8843
1215,卜蜂,70,0,70,玉山-高雄,2023-02-17,8843
3481,群創,241,173,68,玉山-高雄,2023-02-17,8843
1513,中興電,98,40,58,玉山-高雄,2023-02-17,8843
00753L,中信中國50正2,68,10,58,玉山-高雄,2023-02-17,8843
2330,台積電,67,16,51,玉山-高雄,2023-02-17,8843
2201,裕隆,74,24,50,玉山-高雄,2023-02-17,8843
00900,富邦特選高股息30,49,0,49,玉山-高雄,2023-02-17,8843
00665L,富邦�琤肭磪囓�2,50,5,45,玉山-高雄,2023-02-17,8843
5469,瀚宇博,44,3,41,玉山-高雄,2023-02-17,8843
00720B,元大投資級公司債,37,0,37,玉山-高雄,2023-02-17,8843
1342,八貫,47,10,37,玉山-高雄,2023-02-17,8843
00772B,中信高評級公司債,40,5,35,玉山-高雄,2023-02-17,8843
1810,和成,51,17,34,玉山-高雄,2023-02-17,8843
3545,敦泰,47,16,31,玉山-高雄,2023-02-17,8843
2603,長榮,41,11,30,玉山-高雄,2023-02-17,8843
8358,金居,34,5,29,玉山-高雄,2023-02-17,8843
4114,健喬,48,19,29,玉山-高雄,2023-02-17,8843
1101,台泥,42,13,29,玉山-高雄,2023-02-17,8843
2027,大成鋼,37,9,28,玉山-高雄,2023-02-17,8843
3189,景碩,30,3,27,玉山-高雄,2023-02-17,8843
2606,裕民,31,4,27,玉山-高雄,2023-02-17,8843
00893,國泰智能電動車,47,20,27,玉山-高雄,2023-02-17,8843
00631L,元大台灣50正2,29,2,27,玉山-高雄,2023-02-17,8843
2892,第一金,30,4,26,玉山-高雄,2023-02-17,8843
1584,精剛,35,9,26,玉山-高雄,2023-02-17,8843
00882,中信中國高股息,25,0,25,玉山-高雄,2023-02-17,8843
00773B,中信優先金融債,25,0,25,玉山-高雄,2023-02-17,8843
6288,聯嘉,25,0,25,玉山-高雄,2023-02-17,8843
00885,富邦越南,27,3,24,玉山-高雄,2023-02-17,8843
8222,寶一,45,21,24,玉山-高雄,2023-02-17,8843
00751B,元大AAA至A公司債,24,0,24,玉山-高雄,2023-02-17,8843
2349,錸德,24,0,24,玉山-高雄,2023-02-17,8843
6547,高端疫苗,35,12,23,玉山-高雄,2023-02-17,8843
5009,榮剛,36,14,22,玉山-高雄,2023-02-17,8843
2471,資通,29,10,19,玉山-高雄,2023-02-17,8843
3711,日月光投控,19,3,16,玉山-高雄,2023-02-17,8843
2369,菱生,16,0,16,玉山-高雄,2023-02-17,8843
6668,中揚光,15,0,15,玉山-高雄,2023-02-17,8843
5425,台半,41,27,14,玉山-高雄,2023-02-17,8843
2208,台船,26,13,13,玉山-高雄,2023-02-17,8843
006208,富邦台50,12,0,12,玉山-高雄,2023-02-17,8843
4961,天鈺,64,52,12,玉山-高雄,2023-02-17,8843
8358,金居,311,10,301,玉山-高雄,2023-02-20,8843
00632R,元大台灣50反1,162,22,140,玉山-高雄,2023-02-20,8843
6235,華孚,181,42,139,玉山-高雄,2023-02-20,8843
00882,中信中國高股息,127,11,116,玉山-高雄,2023-02-20,8843
5009,榮剛,77,8,69,玉山-高雄,2023-02-20,8843
00679B,元大美債20年,84,21,63,玉山-高雄,2023-02-20,8843
00772B,中信高評級公司債,42,0,42,玉山-高雄,2023-02-20,8843
4958,臻鼎-KY,40,0,40,玉山-高雄,2023-02-20,8843
2883,凱基金,127,89,38,玉山-高雄,2023-02-20,8843
00753L,中信中國50正2,66,30,36,玉山-高雄,2023-02-20,8843
2104,國際中橡,32,0,32,玉山-高雄,2023-02-20,8843
00773B,中信優先金融債,31,0,31,玉山-高雄,2023-02-20,8843
0056,元大高股息,39,10,29,玉山-高雄,2023-02-20,8843
8927,北基,56,30,26,玉山-高雄,2023-02-20,8843
6541,泰福-KY,59,34,25,玉山-高雄,2023-02-20,8843
2349,錸德,39,15,24,玉山-高雄,2023-02-20,8843
1522,堤維西,25,2,23,玉山-高雄,2023-02-20,8843
6109,亞元,45,25,20,玉山-高雄,2023-02-20,8843
2890,永豐金,20,1,19,玉山-高雄,2023-02-20,8843
3013,晟銘電,21,2,19,玉山-高雄,2023-02-20,8843
8936,國統,39,20,19,玉山-高雄,2023-02-20,8843
3029,零壹,18,0,18,玉山-高雄,2023-02-20,8843
2705,六福,21,4,17,玉山-高雄,2023-02-20,8843
6104,創惟,31,14,17,玉山-高雄,2023-02-20,8843
6625,必應,18,1,17,玉山-高雄,2023-02-20,8843
1524,耿鼎,19,3,16,玉山-高雄,2023-02-20,8843
3552,同致,17,1,16,玉山-高雄,2023-02-20,8843
2402,毅嘉,16,0,16,玉山-高雄,2023-02-20,8843
3094,聯傑,17,1,16,玉山-高雄,2023-02-20,8843
5309,系統電,17,1,16,玉山-高雄,2023-02-20,8843
6282,康舒,44,28,16,玉山-高雄,2023-02-20,8843
1513,中興電,57,41,16,玉山-高雄,2023-02-20,8843
4163,鐿鈦,16,0,16,玉山-高雄,2023-02-20,8843
2731,雄獅,28,13,15,玉山-高雄,2023-02-20,8843
3189,景碩,17,2,15,玉山-高雄,2023-02-20,8843
00902,中信電池及儲能,15,0,15,玉山-高雄,2023-02-20,8843
6196,帆宣,15,0,15,玉山-高雄,2023-02-20,8843
6547,高端疫苗,33,18,15,玉山-高雄,2023-02-20,8843
4128,中天,23,9,14,玉山-高雄,2023-02-20,8843
6202,盛群,17,3,14,玉山-高雄,2023-02-20,8843
1218,泰山,14,0,14,玉山-高雄,2023-02-20,8843
6668,中揚光,14,0,14,玉山-高雄,2023-02-20,8843
1760,寶齡富錦,17,3,14,玉山-高雄,2023-02-20,8843
2317,鴻海,16,3,13,玉山-高雄,2023-02-20,8843
4916,事欣科,15,2,13,玉山-高雄,2023-02-20,8843
2888,新光金,17,5,12,玉山-高雄,2023-02-20,8843
1101,台泥,44,31,13,玉山-高雄,2023-02-20,8843
911608,明輝-DR,12,0,12,玉山-高雄,2023-02-20,8843
1529,樂事綠能,23,11,12,玉山-高雄,2023-02-20,8843
2471,資通,18,6,12,玉山-高雄,2023-02-20,8843
00878,國泰永續高股息,166,36,130,玉山-高雄,2023-02-21,8843
2610,華航,266,144,122,玉山-高雄,2023-02-21,8843
2337,旺宏,127,19,108,玉山-高雄,2023-02-21,8843
8105,凌巨,105,0,105,玉山-高雄,2023-02-21,8843
0056,元大高股息,111,24,87,玉山-高雄,2023-02-21,8843
2867,三商壽,88,3,85,玉山-高雄,2023-02-21,8843
1605,華新,188,117,71,玉山-高雄,2023-02-21,8843
2349,錸德,90,20,70,玉山-高雄,2023-02-21,8843
2618,長榮航,168,101,67,玉山-高雄,2023-02-21,8843
8936,國統,72,12,60,玉山-高雄,2023-02-21,8843
0050,元大台灣50,49,2,47,玉山-高雄,2023-02-21,8843
00772B,中信高評級公司債,50,5,45,玉山-高雄,2023-02-21,8843
2457,飛宏,116,72,44,玉山-高雄,2023-02-21,8843
00715L,期街口布蘭特正2,46,2,44,玉山-高雄,2023-02-21,8843
2845,遠東銀,41,0,41,玉山-高雄,2023-02-21,8843
5009,榮剛,40,3,37,玉山-高雄,2023-02-21,8843
5512,力麒,52,15,37,玉山-高雄,2023-02-21,8843
00725B,國泰投資級公司債,35,2,33,玉山-高雄,2023-02-21,8843
3027,盛達,69,37,32,玉山-高雄,2023-02-21,8843
4979,華星光,38,7,31,玉山-高雄,2023-02-21,8843
2897,王道銀行,30,0,30,玉山-高雄,2023-02-21,8843
6245,立端,70,40,30,玉山-高雄,2023-02-21,8843
2317,鴻海,32,4,28,玉山-高雄,2023-02-21,8843
3078,僑威,35,8,27,玉山-高雄,2023-02-21,8843
1609,大亞,48,22,26,玉山-高雄,2023-02-21,8843
6531,愛普*,49,24,25,玉山-高雄,2023-02-21,8843
8289,泰藝,25,0,25,玉山-高雄,2023-02-21,8843
3038,全台,25,0,25,玉山-高雄,2023-02-21,8843
3221,台嘉碩,27,3,24,玉山-高雄,2023-02-21,8843
2882,國泰金,27,4,23,玉山-高雄,2023-02-21,8843
2542,興富發,22,0,22,玉山-高雄,2023-02-21,8843
2801,彰銀,25,4,21,玉山-高雄,2023-02-21,8843
2705,六福,20,0,20,玉山-高雄,2023-02-21,8843
6668,中揚光,20,0,20,玉山-高雄,2023-02-21,8843
3594,磐儀,39,20,19,玉山-高雄,2023-02-21,8843
00679B,元大美債20年,26,7,19,玉山-高雄,2023-02-21,8843
00751B,元大AAA至A公司債,18,0,18,玉山-高雄,2023-02-21,8843
1529,樂事綠能,26,8,18,玉山-高雄,2023-02-21,8843
8150,南茂,20,3,17,玉山-高雄,2023-02-21,8843
00664R,國泰臺灣加權反1,17,0,17,玉山-高雄,2023-02-21,8843
6266,泰詠,22,5,17,玉山-高雄,2023-02-21,8843
2880,華南金,18,2,16,玉山-高雄,2023-02-21,8843
1503,士電,32,16,16,玉山-高雄,2023-02-21,8843
2340,台亞,20,4,16,玉山-高雄,2023-02-21,8843
3665,貿聯-KY,17,1,16,玉山-高雄,2023-02-21,8843
1103,嘉泥,20,5,15,玉山-高雄,2023-02-21,8843
3047,訊舟,15,0,15,玉山-高雄,2023-02-21,8843
6257,矽格,20,5,15,玉山-高雄,2023-02-21,8843
2023,燁輝,22,7,15,玉山-高雄,2023-02-21,8843
1584,精剛,126,111,15,玉山-高雄,2023-02-21,8843
00632R,元大台灣50反1,1123,129,994,玉山-高雄,2023-02-22,8843
00878,國泰永續高股息,449,58,391,玉山-高雄,2023-02-22,8843
2885,元大金,303,7,296,玉山-高雄,2023-02-22,8843
2371,大同,154,2,152,玉山-高雄,2023-02-22,8843
8033,雷虎,173,36,137,玉山-高雄,2023-02-22,8843
00772B,中信高評級公司債,103,2,101,玉山-高雄,2023-02-22,8843
00637L,元大滬深300正2,106,9,97,玉山-高雄,2023-02-22,8843
2481,強茂,75,2,73,玉山-高雄,2023-02-22,8843
5009,榮剛,77,8,69,玉山-高雄,2023-02-22,8843
2337,旺宏,70,3,67,玉山-高雄,2023-02-22,8843
2884,玉山金,220,155,65,玉山-高雄,2023-02-22,8843
00893,國泰智能電動車,59,1,58,玉山-高雄,2023-02-22,8843
2618,長榮航,62,6,56,玉山-高雄,2023-02-22,8843
3189,景碩,59,5,54,玉山-高雄,2023-02-22,8843
00655L,國泰中國A50正2,56,2,54,玉山-高雄,2023-02-22,8843
6120,達運,56,3,53,玉山-高雄,2023-02-22,8843
00665L,富邦�琤肭磪囓�2,55,5,50,玉山-高雄,2023-02-22,8843
2349,錸德,48,0,48,玉山-高雄,2023-02-22,8843
6782,視陽,46,0,46,玉山-高雄,2023-02-22,8843
2303,聯電,50,4,46,玉山-高雄,2023-02-22,8843
00679B,元大美債20年,45,0,45,玉山-高雄,2023-02-22,8843
3035,智原,69,25,44,玉山-高雄,2023-02-22,8843
00720B,元大投資級公司債,42,0,42,玉山-高雄,2023-02-22,8843
2498,宏達電,53,13,40,玉山-高雄,2023-02-22,8843
2882,國泰金,40,1,39,玉山-高雄,2023-02-22,8843
2201,裕隆,45,7,38,玉山-高雄,2023-02-22,8843
3419,譁裕,39,2,37,玉山-高雄,2023-02-22,8843
00712,復華富時不動產,88,52,36,玉山-高雄,2023-02-22,8843
0056,元大高股息,47,12,35,玉山-高雄,2023-02-22,8843
00751B,元大AAA至A公司債,35,0,35,玉山-高雄,2023-02-22,8843
6118,建達,37,2,35,玉山-高雄,2023-02-22,8843
00753L,中信中國50正2,40,5,35,玉山-高雄,2023-02-22,8843
3037,欣興,59,24,35,玉山-高雄,2023-02-22,8843
4979,華星光,39,5,34,玉山-高雄,2023-02-22,8843
5905,南仁湖,74,42,32,玉山-高雄,2023-02-22,8843
2881,富邦金,32,0,32,玉山-高雄,2023-02-22,8843
6282,康舒,59,29,30,玉山-高雄,2023-02-22,8843
00897,富邦基因免疫生技,29,0,29,玉山-高雄,2023-02-22,8843
0050,元大台灣50,30,3,27,玉山-高雄,2023-02-22,8843
2610,華航,51,25,26,玉山-高雄,2023-02-22,8843
3047,訊舟,23,0,23,玉山-高雄,2023-02-22,8843
00680L,元大美債20正2,23,0,23,玉山-高雄,2023-02-22,8843
00773B,中信優先金融債,22,0,22,玉山-高雄,2023-02-22,8843
00688L,國泰20年美債正2,22,0,22,玉山-高雄,2023-02-22,8843
2615,萬海,41,20,21,玉山-高雄,2023-02-22,8843
2867,三商壽,22,1,21,玉山-高雄,2023-02-22,8843
2317,鴻海,24,4,20,玉山-高雄,2023-02-22,8843
2104,國際中橡,20,0,20,玉山-高雄,2023-02-22,8843
00664R,國泰臺灣加權反1,20,0,20,玉山-高雄,2023-02-22,8843
00900,富邦特選高股息30,32,13,19,玉山-高雄,2023-02-22,8843
00878,國泰永續高股息,750,61,689,玉山-高雄,2023-02-23,8843
00715L,期街口布蘭特正2,503,5,498,玉山-高雄,2023-02-23,8843
1605,華新,272,34,238,玉山-高雄,2023-02-23,8843
2409,友達,233,10,223,玉山-高雄,2023-02-23,8843
00885,富邦越南,213,2,211,玉山-高雄,2023-02-23,8843
3481,群創,336,182,154,玉山-高雄,2023-02-23,8843
2337,旺宏,134,3,131,玉山-高雄,2023-02-23,8843
8358,金居,122,7,115,玉山-高雄,2023-02-23,8843
00637L,元大滬深300正2,139,50,89,玉山-高雄,2023-02-23,8843
00633L,富邦上証正2,107,34,73,玉山-高雄,2023-02-23,8843
6202,盛群,60,0,60,玉山-高雄,2023-02-23,8843
00881,國泰台灣5G+,70,11,59,玉山-高雄,2023-02-23,8843
00882,中信中國高股息,59,0,59,玉山-高雄,2023-02-23,8843
00679B,元大美債20年,57,1,56,玉山-高雄,2023-02-23,8843
00720B,元大投資級公司債,55,0,55,玉山-高雄,2023-02-23,8843
00773B,中信優先金融債,50,0,50,玉山-高雄,2023-02-23,8843
00655L,國泰中國A50正2,65,19,46,玉山-高雄,2023-02-23,8843
00632R,元大台灣50反1,348,302,46,玉山-高雄,2023-02-23,8843
00642U,期元大S＆P石油,42,0,42,玉山-高雄,2023-02-23,8843
2471,資通,50,10,40,玉山-高雄,2023-02-23,8843
5009,榮剛,37,2,35,玉山-高雄,2023-02-23,8843
2610,華航,62,30,32,玉山-高雄,2023-02-23,8843
1218,泰山,31,1,30,玉山-高雄,2023-02-23,8843
5347,世界,30,1,29,玉山-高雄,2023-02-23,8843
6576,逸達,30,2,28,玉山-高雄,2023-02-23,8843
3027,盛達,30,3,27,玉山-高雄,2023-02-23,8843
1701,中化,55,29,26,玉山-高雄,2023-02-23,8843
5871,中租-KY,25,0,25,玉山-高雄,2023-02-23,8843
3617,碩天,28,4,24,玉山-高雄,2023-02-23,8843
6733,博晟生醫,24,0,24,玉山-高雄,2023-02-23,8843
2705,六福,44,21,23,玉山-高雄,2023-02-23,8843
00753L,中信中國50正2,21,0,21,玉山-高雄,2023-02-23,8843
2534,宏盛,20,0,20,玉山-高雄,2023-02-23,8843
8411,福貞-KY,20,0,20,玉山-高雄,2023-02-23,8843
6191,精成科,21,1,20,玉山-高雄,2023-02-23,8843
1304,台聚,20,1,19,玉山-高雄,2023-02-23,8843
2609,陽明,62,43,19,玉山-高雄,2023-02-23,8843
3029,零壹,22,4,18,玉山-高雄,2023-02-23,8843
2344,華邦電,19,1,18,玉山-高雄,2023-02-23,8843
9962,有益,20,2,18,玉山-高雄,2023-02-23,8843
3047,訊舟,23,5,18,玉山-高雄,2023-02-23,8843
6109,亞元,18,0,18,玉山-高雄,2023-02-23,8843
1101,台泥,130,112,18,玉山-高雄,2023-02-23,8843
6411,晶焱,25,7,18,玉山-高雄,2023-02-23,8843
2882,國泰金,16,0,16,玉山-高雄,2023-02-23,8843
6125,廣運,21,5,16,玉山-高雄,2023-02-23,8843
5258,虹堡,55,39,16,玉山-高雄,2023-02-23,8843
00665L,富邦�琤肭磪囓�2,15,0,15,玉山-高雄,2023-02-23,8843
8996,高力,28,13,15,玉山-高雄,2023-02-23,8843
00712,復華富時不動產,14,0,14,玉山-高雄,2023-02-23,8843
2834,臺企銀,536,29,507,玉山-高雄,2023-02-24,8843
00637L,元大滬深300正2,204,21,183,玉山-高雄,2023-02-24,8843
00713,元大台灣高息低波,160,3,157,玉山-高雄,2023-02-24,8843
6116,彩晶,138,0,138,玉山-高雄,2023-02-24,8843
00878,國泰永續高股息,131,24,107,玉山-高雄,2023-02-24,8843
6547,高端疫苗,104,1,103,玉山-高雄,2023-02-24,8843
1605,華新,146,47,99,玉山-高雄,2023-02-24,8843
00633L,富邦上証正2,99,0,99,玉山-高雄,2023-02-24,8843
4968,立積,81,6,75,玉山-高雄,2023-02-24,8843
3037,欣興,101,28,73,玉山-高雄,2023-02-24,8843
00665L,富邦�琤肭磪囓�2,67,0,67,玉山-高雄,2023-02-24,8843
00650L,復華香港正2,62,0,62,玉山-高雄,2023-02-24,8843
2481,強茂,63,6,57,玉山-高雄,2023-02-24,8843
2425,承啟,58,2,56,玉山-高雄,2023-02-24,8843
00725B,國泰投資級公司債,54,0,54,玉山-高雄,2023-02-24,8843
2408,南亞科,53,0,53,玉山-高雄,2023-02-24,8843
00712,復華富時不動產,53,0,53,玉山-高雄,2023-02-24,8843
3710,連展投控,52,1,51,玉山-高雄,2023-02-24,8843
2380,虹光,53,3,50,玉山-高雄,2023-02-24,8843
5512,力麒,62,14,48,玉山-高雄,2023-02-24,8843
00655L,國泰中國A50正2,47,0,47,玉山-高雄,2023-02-24,8843
00753L,中信中國50正2,66,23,43,玉山-高雄,2023-02-24,8843
3058,立德,49,7,42,玉山-高雄,2023-02-24,8843
3189,景碩,62,21,41,玉山-高雄,2023-02-24,8843
2337,旺宏,77,36,41,玉山-高雄,2023-02-24,8843
2618,長榮航,47,7,40,玉山-高雄,2023-02-24,8843
2812,台中銀,44,5,39,玉山-高雄,2023-02-24,8843
00885,富邦越南,39,2,37,玉山-高雄,2023-02-24,8843
2705,六福,40,4,36,玉山-高雄,2023-02-24,8843
1444,力麗,36,3,33,玉山-高雄,2023-02-24,8843
2014,中鴻,73,42,31,玉山-高雄,2023-02-24,8843
2881,富邦金,31,0,31,玉山-高雄,2023-02-24,8843
2613,中櫃,30,0,30,玉山-高雄,2023-02-24,8843
3481,群創,557,530,27,玉山-高雄,2023-02-24,8843
1513,中興電,61,35,26,玉山-高雄,2023-02-24,8843
2886,兆豐金,26,0,26,玉山-高雄,2023-02-24,8843
6282,康舒,96,71,25,玉山-高雄,2023-02-24,8843
8105,凌巨,26,3,23,玉山-高雄,2023-02-24,8843
00664R,國泰臺灣加權反1,30,7,23,玉山-高雄,2023-02-24,8843
2399,映泰,36,13,23,玉山-高雄,2023-02-24,8843
2105,正新,22,0,22,玉山-高雄,2023-02-24,8843
3564,其陽,22,0,22,玉山-高雄,2023-02-24,8843
2002,中鋼,33,11,22,玉山-高雄,2023-02-24,8843
2023,燁輝,22,1,21,玉山-高雄,2023-02-24,8843
2603,長榮,32,11,21,玉山-高雄,2023-02-24,8843
2892,第一金,20,0,20,玉山-高雄,2023-02-24,8843
2890,永豐金,19,0,19,玉山-高雄,2023-02-24,8843
2748,雲品,22,3,19,玉山-高雄,2023-02-24,8843
1611,中電,19,0,19,玉山-高雄,2023-02-24,8843
8046,南電,21,3,18,玉山-高雄,2023-02-24,8843
2885,元大金,296,0,296,玉山-高雄,2023-03-01,8843
00878,國泰永續高股息,277,14,263,玉山-高雄,2023-03-01,8843
1605,華新,359,136,223,玉山-高雄,2023-03-01,8843
2002,中鋼,130,8,122,玉山-高雄,2023-03-01,8843
2547,日勝生,113,0,113,玉山-高雄,2023-03-01,8843
6547,高端疫苗,110,21,89,玉山-高雄,2023-03-01,8843
2014,中鴻,138,57,81,玉山-高雄,2023-03-01,8843
2884,玉山金,119,50,69,玉山-高雄,2023-03-01,8843
2834,臺企銀,318,251,67,玉山-高雄,2023-03-01,8843
00885,富邦越南,66,0,66,玉山-高雄,2023-03-01,8843
1460,宏遠,56,0,56,玉山-高雄,2023-03-01,8843
8171,天宇,67,11,56,玉山-高雄,2023-03-01,8843
3545,敦泰,84,31,53,玉山-高雄,2023-03-01,8843
2332,友訊,58,6,52,玉山-高雄,2023-03-01,8843
2461,光群雷,52,0,52,玉山-高雄,2023-03-01,8843
5608,四維航,103,51,52,玉山-高雄,2023-03-01,8843
2605,新興,156,114,42,玉山-高雄,2023-03-01,8843
2867,三商壽,102,60,42,玉山-高雄,2023-03-01,8843
2882,國泰金,40,1,39,玉山-高雄,2023-03-01,8843
1101,台泥,143,104,39,玉山-高雄,2023-03-01,8843
5009,榮剛,86,49,37,玉山-高雄,2023-03-01,8843
2344,華邦電,61,25,36,玉山-高雄,2023-03-01,8843
3356,奇偶,31,0,31,玉山-高雄,2023-03-01,8843
00712,復華富時不動產,30,2,28,玉山-高雄,2023-03-01,8843
00650L,復華香港正2,32,7,25,玉山-高雄,2023-03-01,8843
1218,泰山,25,0,25,玉山-高雄,2023-03-01,8843
0056,元大高股息,43,18,25,玉山-高雄,2023-03-01,8843
2887,台新金,35,11,24,玉山-高雄,2023-03-01,8843
1584,精剛,27,3,24,玉山-高雄,2023-03-01,8843
8926,台汽電,24,1,23,玉山-高雄,2023-03-01,8843
2618,長榮航,63,41,22,玉山-高雄,2023-03-01,8843
00772B,中信高評級公司債,23,1,22,玉山-高雄,2023-03-01,8843
2609,陽明,45,22,23,玉山-高雄,2023-03-01,8843
8121,越峰,22,0,22,玉山-高雄,2023-03-01,8843
1258,其祥-KY,22,0,22,玉山-高雄,2023-03-01,8843
8033,雷虎,22,1,21,玉山-高雄,2023-03-01,8843
1718,中纖,21,0,21,玉山-高雄,2023-03-01,8843
2892,第一金,21,0,21,玉山-高雄,2023-03-01,8843
9945,潤泰新,22,2,20,玉山-高雄,2023-03-01,8843
2888,新光金,21,2,19,玉山-高雄,2023-03-01,8843
2606,裕民,43,25,18,玉山-高雄,2023-03-01,8843
2615,萬海,25,7,18,玉山-高雄,2023-03-01,8843
2323,中環,20,2,18,玉山-高雄,2023-03-01,8843
00720B,元大投資級公司債,16,0,16,玉山-高雄,2023-03-01,8843
00751B,元大AAA至A公司債,16,0,16,玉山-高雄,2023-03-01,8843
1608,華榮,20,4,16,玉山-高雄,2023-03-01,8843
3362,先進光,26,10,16,玉山-高雄,2023-03-01,8843
2614,東森,16,1,15,玉山-高雄,2023-03-01,8843
3380,明泰,22,8,14,玉山-高雄,2023-03-01,8843
3290,東浦,14,0,14,玉山-高雄,2023-03-01,8843
2891,中信金,352,8,344,玉山-高雄,2023-03-02,8843
00676R,富邦臺灣加權反1,300,0,300,玉山-高雄,2023-03-02,8843
6266,泰詠,140,13,127,玉山-高雄,2023-03-02,8843
00632R,元大台灣50反1,123,12,111,玉山-高雄,2023-03-02,8843
00712,復華富時不動產,112,30,82,玉山-高雄,2023-03-02,8843
00679B,元大美債20年,79,0,79,玉山-高雄,2023-03-02,8843
2201,裕隆,106,37,69,玉山-高雄,2023-03-02,8843
00673R,期元大S＆P原油反1,60,0,60,玉山-高雄,2023-03-02,8843
2887,台新金,55,0,55,玉山-高雄,2023-03-02,8843
2634,漢翔,63,11,52,玉山-高雄,2023-03-02,8843
00772B,中信高評級公司債,47,0,47,玉山-高雄,2023-03-02,8843
5315,光聯,45,0,45,玉山-高雄,2023-03-02,8843
2812,台中銀,44,0,44,玉山-高雄,2023-03-02,8843
3011,今皓,41,0,41,玉山-高雄,2023-03-02,8843
2002,中鋼,47,6,41,玉山-高雄,2023-03-02,8843
6116,彩晶,41,2,39,玉山-高雄,2023-03-02,8843
5880,合庫金,38,0,38,玉山-高雄,2023-03-02,8843
2637,慧洋-KY,50,12,38,玉山-高雄,2023-03-02,8843
00633L,富邦上証正2,40,3,37,玉山-高雄,2023-03-02,8843
2885,元大金,37,1,36,玉山-高雄,2023-03-02,8843
2482,連宇,53,17,36,玉山-高雄,2023-03-02,8843
00650L,復華香港正2,36,3,33,玉山-高雄,2023-03-02,8843
2892,第一金,31,0,31,玉山-高雄,2023-03-02,8843
6282,康舒,71,40,31,玉山-高雄,2023-03-02,8843
00637L,元大滬深300正2,31,0,31,玉山-高雄,2023-03-02,8843
3290,東浦,31,0,31,玉山-高雄,2023-03-02,8843
2886,兆豐金,33,2,31,玉山-高雄,2023-03-02,8843
00751B,元大AAA至A公司債,29,0,29,玉山-高雄,2023-03-02,8843
00885,富邦越南,28,0,28,玉山-高雄,2023-03-02,8843
2409,友達,129,104,25,玉山-高雄,2023-03-02,8843
2388,威盛,36,11,25,玉山-高雄,2023-03-02,8843
2498,宏達電,36,11,25,玉山-高雄,2023-03-02,8843
2641,正德,48,24,24,玉山-高雄,2023-03-02,8843
2495,普安,30,6,24,玉山-高雄,2023-03-02,8843
2618,長榮航,26,2,24,玉山-高雄,2023-03-02,8843
1815,富喬,23,0,23,玉山-高雄,2023-03-02,8843
6770,力積電,33,10,23,玉山-高雄,2023-03-02,8843
00680L,元大美債20正2,22,0,22,玉山-高雄,2023-03-02,8843
00882,中信中國高股息,22,1,21,玉山-高雄,2023-03-02,8843
2748,雲品,48,28,20,玉山-高雄,2023-03-02,8843
00773B,中信優先金融債,19,0,19,玉山-高雄,2023-03-02,8843
4915,致伸,34,15,19,玉山-高雄,2023-03-02,8843
2605,新興,99,81,18,玉山-高雄,2023-03-02,8843
1219,福壽,21,4,17,玉山-高雄,2023-03-02,8843
2471,資通,23,6,17,玉山-高雄,2023-03-02,8843
3094,聯傑,17,0,17,玉山-高雄,2023-03-02,8843
8936,國統,20,3,17,玉山-高雄,2023-03-02,8843
6443,元晶,34,17,17,玉山-高雄,2023-03-02,8843
2867,三商壽,26,10,16,玉山-高雄,2023-03-02,8843
5452,佶優,27,11,16,玉山-高雄,2023-03-02,8843
2883,凱基金,309,7,302,玉山-高雄,2023-03-03,8843
00632R,元大台灣50反1,290,0,290,玉山-高雄,2023-03-03,8843
5452,佶優,94,0,94,玉山-高雄,2023-03-03,8843
00679B,元大美債20年,77,1,76,玉山-高雄,2023-03-03,8843
00712,復華富時不動產,100,28,72,玉山-高雄,2023-03-03,8843
2610,華航,74,6,68,玉山-高雄,2023-03-03,8843
8112,至上,76,17,59,玉山-高雄,2023-03-03,8843
00637L,元大滬深300正2,96,39,57,玉山-高雄,2023-03-03,8843
2606,裕民,59,9,50,玉山-高雄,2023-03-03,8843
6443,元晶,55,5,50,玉山-高雄,2023-03-03,8843
3362,先進光,65,17,48,玉山-高雄,2023-03-03,8843
2449,京元電子,59,14,45,玉山-高雄,2023-03-03,8843
2547,日勝生,40,0,40,玉山-高雄,2023-03-03,8843
2748,雲品,94,57,37,玉山-高雄,2023-03-03,8843
00650L,復華香港正2,33,0,33,玉山-高雄,2023-03-03,8843
2392,正崴,35,5,30,玉山-高雄,2023-03-03,8843
1220,台榮,39,9,30,玉山-高雄,2023-03-03,8843
4958,臻鼎-KY,30,1,29,玉山-高雄,2023-03-03,8843
5009,榮剛,28,0,28,玉山-高雄,2023-03-03,8843
00772B,中信高評級公司債,25,0,25,玉山-高雄,2023-03-03,8843
3443,創意,32,7,25,玉山-高雄,2023-03-03,8843
3501,維熹,24,0,24,玉山-高雄,2023-03-03,8843
2890,永豐金,28,4,24,玉山-高雄,2023-03-03,8843
2498,宏達電,26,3,23,玉山-高雄,2023-03-03,8843
1708,東鹼,55,32,23,玉山-高雄,2023-03-03,8843
00633L,富邦上証正2,47,25,22,玉山-高雄,2023-03-03,8843
9105,泰金寶-DR,20,0,20,玉山-高雄,2023-03-03,8843
2534,宏盛,20,0,20,玉山-高雄,2023-03-03,8843
8097,常珵,20,0,20,玉山-高雄,2023-03-03,8843
1709,和益,20,0,20,玉山-高雄,2023-03-03,8843
00655L,國泰中國A50正2,20,0,20,玉山-高雄,2023-03-03,8843
6282,康舒,30,11,19,玉山-高雄,2023-03-03,8843
5258,虹堡,39,20,19,玉山-高雄,2023-03-03,8843
2886,兆豐金,23,4,19,玉山-高雄,2023-03-03,8843
2607,榮運,28,10,18,玉山-高雄,2023-03-03,8843
3714,富采,29,11,18,玉山-高雄,2023-03-03,8843
8171,天宇,33,15,18,玉山-高雄,2023-03-03,8843
1219,福壽,24,7,17,玉山-高雄,2023-03-03,8843
2201,裕隆,45,29,16,玉山-高雄,2023-03-03,8843
6535,順藥,15,0,15,玉山-高雄,2023-03-03,8843
00673R,期元大S＆P原油反1,15,0,15,玉山-高雄,2023-03-03,8843
6188,廣明,32,17,15,玉山-高雄,2023-03-03,8843
2867,三商壽,15,0,15,玉山-高雄,2023-03-03,8843
2388,威盛,80,66,14,玉山-高雄,2023-03-03,8843
00713,元大台灣高息低波,21,7,14,玉山-高雄,2023-03-03,8843
6142,友勁,14,0,14,玉山-高雄,2023-03-03,8843
00701,國泰股利精選30,13,0,13,玉山-高雄,2023-03-03,8843
6517,保勝光學,15,2,13,玉山-高雄,2023-03-03,8843
00773B,中信優先金融債,13,0,13,玉山-高雄,2023-03-03,8843
2887,台新金,14,1,13,玉山-高雄,2023-03-03,8843
2641,正德,300,38,262,玉山-高雄,2023-03-06,8843
3481,群創,356,124,232,玉山-高雄,2023-03-06,8843
2890,永豐金,236,21,215,玉山-高雄,2023-03-06,8843
2344,華邦電,198,20,178,玉山-高雄,2023-03-06,8843
00637L,元大滬深300正2,169,29,140,玉山-高雄,2023-03-06,8843
00633L,富邦上証正2,67,0,67,玉山-高雄,2023-03-06,8843
2367,燿華,66,4,62,玉山-高雄,2023-03-06,8843
00676R,富邦臺灣加權反1,58,0,58,玉山-高雄,2023-03-06,8843
2867,三商壽,57,0,57,玉山-高雄,2023-03-06,8843
00878,國泰永續高股息,148,92,56,玉山-高雄,2023-03-06,8843
2834,臺企銀,77,23,54,玉山-高雄,2023-03-06,8843
5452,佶優,54,2,52,玉山-高雄,2023-03-06,8843
6202,盛群,63,14,49,玉山-高雄,2023-03-06,8843
8927,北基,49,0,49,玉山-高雄,2023-03-06,8843
3356,奇偶,122,74,48,玉山-高雄,2023-03-06,8843
3710,連展投控,50,5,45,玉山-高雄,2023-03-06,8843
1584,精剛,58,14,44,玉山-高雄,2023-03-06,8843
2313,華通,85,42,43,玉山-高雄,2023-03-06,8843
3501,維熹,43,0,43,玉山-高雄,2023-03-06,8843
2615,萬海,60,25,35,玉山-高雄,2023-03-06,8843
00712,復華富時不動產,34,0,34,玉山-高雄,2023-03-06,8843
3038,全台,33,1,32,玉山-高雄,2023-03-06,8843
1605,華新,104,73,31,玉山-高雄,2023-03-06,8843
2408,南亞科,30,0,30,玉山-高雄,2023-03-06,8843
00641R,富邦日本反1,40,10,30,玉山-高雄,2023-03-06,8843
00713,元大台灣高息低波,36,9,27,玉山-高雄,2023-03-06,8843
00673R,期元大S＆P原油反1,57,30,27,玉山-高雄,2023-03-06,8843
2337,旺宏,24,0,24,玉山-高雄,2023-03-06,8843
3479,安勤,29,6,23,玉山-高雄,2023-03-06,8843
8289,泰藝,26,3,23,玉山-高雄,2023-03-06,8843
2851,中再保,22,0,22,玉山-高雄,2023-03-06,8843
2352,佳世達,27,5,22,玉山-高雄,2023-03-06,8843
4953,緯軟,22,1,21,玉山-高雄,2023-03-06,8843
2609,陽明,74,54,20,玉山-高雄,2023-03-06,8843
2390,云辰,20,0,20,玉山-高雄,2023-03-06,8843
3162,精確,22,2,20,玉山-高雄,2023-03-06,8843
1783,和康生,34,15,19,玉山-高雄,2023-03-06,8843
6140,訊達,20,1,19,玉山-高雄,2023-03-06,8843
1909,榮成,18,0,18,玉山-高雄,2023-03-06,8843
2607,榮運,18,0,18,玉山-高雄,2023-03-06,8843
6509,聚和,20,2,18,玉山-高雄,2023-03-06,8843
2542,興富發,26,8,18,玉山-高雄,2023-03-06,8843
2637,慧洋-KY,25,8,17,玉山-高雄,2023-03-06,8843
6127,九豪,17,0,17,玉山-高雄,2023-03-06,8843
3041,揚智,18,1,17,玉山-高雄,2023-03-06,8843
2887,台新金,17,1,16,玉山-高雄,2023-03-06,8843
8358,金居,18,2,16,玉山-高雄,2023-03-06,8843
6188,廣明,26,10,16,玉山-高雄,2023-03-06,8843
00753L,中信中國50正2,36,20,16,玉山-高雄,2023-03-06,8843
2820,華票,16,0,16,玉山-高雄,2023-03-06,8843
00632R,元大台灣50反1,530,2,528,玉山-高雄,2023-03-07,8843
00673R,期元大S＆P原油反1,313,20,293,玉山-高雄,2023-03-07,8843
2891,中信金,283,3,280,玉山-高雄,2023-03-07,8843
2302,麗正,190,4,186,玉山-高雄,2023-03-07,8843
00713,元大台灣高息低波,173,3,170,玉山-高雄,2023-03-07,8843
2534,宏盛,110,2,108,玉山-高雄,2023-03-07,8843
5425,台半,120,37,83,玉山-高雄,2023-03-07,8843
00878,國泰永續高股息,125,47,78,玉山-高雄,2023-03-07,8843
2486,一詮,103,34,69,玉山-高雄,2023-03-07,8843
00720B,元大投資級公司債,69,1,68,玉山-高雄,2023-03-07,8843
6609,瀧澤科,60,0,60,玉山-高雄,2023-03-07,8843
2834,臺企銀,106,53,53,玉山-高雄,2023-03-07,8843
6116,彩晶,55,11,44,玉山-高雄,2023-03-07,8843
2323,中環,52,10,42,玉山-高雄,2023-03-07,8843
3189,景碩,45,4,41,玉山-高雄,2023-03-07,8843
2471,資通,48,11,37,玉山-高雄,2023-03-07,8843
1467,南緯,35,0,35,玉山-高雄,2023-03-07,8843
00712,復華富時不動產,35,0,35,玉山-高雄,2023-03-07,8843
3481,群創,393,361,32,玉山-高雄,2023-03-07,8843
6245,立端,35,4,31,玉山-高雄,2023-03-07,8843
00641R,富邦日本反1,30,0,30,玉山-高雄,2023-03-07,8843
1795,美時,35,6,29,玉山-高雄,2023-03-07,8843
8050,廣積,25,0,25,玉山-高雄,2023-03-07,8843
2337,旺宏,44,21,23,玉山-高雄,2023-03-07,8843
2607,榮運,25,2,23,玉山-高雄,2023-03-07,8843
2367,燿華,29,6,23,玉山-高雄,2023-03-07,8843
2344,華邦電,87,64,23,玉山-高雄,2023-03-07,8843
3593,力銘,22,0,22,玉山-高雄,2023-03-07,8843
2472,立隆電,22,1,21,玉山-高雄,2023-03-07,8843
6806,森崴能源,36,15,21,玉山-高雄,2023-03-07,8843
2603,長榮,76,56,20,玉山-高雄,2023-03-07,8843
3706,神達,20,0,20,玉山-高雄,2023-03-07,8843
6234,高僑,33,13,20,玉山-高雄,2023-03-07,8843
3272,東碩,21,2,19,玉山-高雄,2023-03-07,8843
2457,飛宏,65,46,19,玉山-高雄,2023-03-07,8843
00885,富邦越南,21,2,19,玉山-高雄,2023-03-07,8843
3037,欣興,25,6,19,玉山-高雄,2023-03-07,8843
00679B,元大美債20年,18,0,18,玉山-高雄,2023-03-07,8843
5608,四維航,46,28,18,玉山-高雄,2023-03-07,8843
6770,力積電,79,62,17,玉山-高雄,2023-03-07,8843
3209,全科,16,0,16,玉山-高雄,2023-03-07,8843
5347,世界,26,10,16,玉山-高雄,2023-03-07,8843
2609,陽明,42,26,16,玉山-高雄,2023-03-07,8843
6188,廣明,42,27,15,玉山-高雄,2023-03-07,8843
1720,生達,15,0,15,玉山-高雄,2023-03-07,8843
3162,精確,15,0,15,玉山-高雄,2023-03-07,8843
3029,零壹,33,19,14,玉山-高雄,2023-03-07,8843
5452,佶優,21,7,14,玉山-高雄,2023-03-07,8843
1503,士電,23,9,14,玉山-高雄,2023-03-07,8843
2328,廣宇,14,1,13,玉山-高雄,2023-03-07,8843
00632R,元大台灣50反1,746,209,537,玉山-高雄,2023-03-08,8843
00753L,中信中國50正2,407,0,407,玉山-高雄,2023-03-08,8843
2891,中信金,393,11,382,玉山-高雄,2023-03-08,8843
00637L,元大滬深300正2,258,50,208,玉山-高雄,2023-03-08,8843
2405,輔信,180,1,179,玉山-高雄,2023-03-08,8843
2344,華邦電,177,15,162,玉山-高雄,2023-03-08,8843
00665L,富邦�琤肭磪囓�2,124,1,123,玉山-高雄,2023-03-08,8843
00715L,期街口布蘭特正2,106,5,101,玉山-高雄,2023-03-08,8843
2641,正德,112,21,91,玉山-高雄,2023-03-08,8843
00878,國泰永續高股息,122,33,89,玉山-高雄,2023-03-08,8843
2337,旺宏,86,1,85,玉山-高雄,2023-03-08,8843
1504,東元,115,33,82,玉山-高雄,2023-03-08,8843
2367,燿華,91,14,77,玉山-高雄,2023-03-08,8843
2834,臺企銀,72,3,69,玉山-高雄,2023-03-08,8843
2723,美食-KY,71,2,69,玉山-高雄,2023-03-08,8843
00633L,富邦上証正2,75,8,67,玉山-高雄,2023-03-08,8843
2884,玉山金,189,123,66,玉山-高雄,2023-03-08,8843
3682,亞太電,60,0,60,玉山-高雄,2023-03-08,8843
3013,晟銘電,74,16,58,玉山-高雄,2023-03-08,8843
2498,宏達電,67,12,55,玉山-高雄,2023-03-08,8843
2606,裕民,56,5,51,玉山-高雄,2023-03-08,8843
00669R,國泰美國道瓊反1,50,0,50,玉山-高雄,2023-03-08,8843
00650L,復華香港正2,57,10,47,玉山-高雄,2023-03-08,8843
2461,光群雷,50,3,47,玉山-高雄,2023-03-08,8843
2603,長榮,63,18,45,玉山-高雄,2023-03-08,8843
2888,新光金,45,0,45,玉山-高雄,2023-03-08,8843
00712,復華富時不動產,42,0,42,玉山-高雄,2023-03-08,8843
00720B,元大投資級公司債,42,0,42,玉山-高雄,2023-03-08,8843
3711,日月光投控,53,11,42,玉山-高雄,2023-03-08,8843
2063,世鎧,40,0,40,玉山-高雄,2023-03-08,8843
6282,康舒,87,47,40,玉山-高雄,2023-03-08,8843
3454,晶睿,40,1,39,玉山-高雄,2023-03-08,8843
8222,寶一,87,49,38,玉山-高雄,2023-03-08,8843
5009,榮剛,88,50,38,玉山-高雄,2023-03-08,8843
00641R,富邦日本反1,41,3,38,玉山-高雄,2023-03-08,8843
2609,陽明,74,36,38,玉山-高雄,2023-03-08,8843
00923,群益台ESG低碳50,37,0,37,玉山-高雄,2023-03-08,8843
1584,精剛,52,19,33,玉山-高雄,2023-03-08,8843
2883,凱基金,34,1,33,玉山-高雄,2023-03-08,8843
6235,華孚,79,48,31,玉山-高雄,2023-03-08,8843
1434,福懋,33,3,30,玉山-高雄,2023-03-08,8843
6770,力積電,61,31,30,玉山-高雄,2023-03-08,8843
2201,裕隆,36,6,30,玉山-高雄,2023-03-08,8843
1101,台泥,40,10,30,玉山-高雄,2023-03-08,8843
00706L,期元大S＆P日圓正2,29,0,29,玉山-高雄,2023-03-08,8843
6016,康和證,30,2,28,玉山-高雄,2023-03-08,8843
1215,卜蜂,29,3,26,玉山-高雄,2023-03-08,8843
00655L,國泰中國A50正2,25,0,25,玉山-高雄,2023-03-08,8843
2881,富邦金,24,0,24,玉山-高雄,2023-03-08,8843
3552,同致,33,9,24,玉山-高雄,2023-03-08,8843
00878,國泰永續高股息,528,43,485,玉山-高雄,2023-03-09,8843
6235,華孚,297,30,267,玉山-高雄,2023-03-09,8843
2409,友達,207,13,194,玉山-高雄,2023-03-09,8843
2537,聯上發,163,0,163,玉山-高雄,2023-03-09,8843
2317,鴻海,109,2,107,玉山-高雄,2023-03-09,8843
2634,漢翔,167,64,103,玉山-高雄,2023-03-09,8843
1608,華榮,101,0,101,玉山-高雄,2023-03-09,8843
9105,泰金寶-DR,111,10,101,玉山-高雄,2023-03-09,8843
2367,燿華,90,2,88,玉山-高雄,2023-03-09,8843
5309,系統電,93,10,83,玉山-高雄,2023-03-09,8843
00900,富邦特選高股息30,104,21,83,玉山-高雄,2023-03-09,8843
1605,華新,155,74,81,玉山-高雄,2023-03-09,8843
00712,復華富時不動產,81,2,79,玉山-高雄,2023-03-09,8843
2609,陽明,167,90,77,玉山-高雄,2023-03-09,8843
6443,元晶,94,22,72,玉山-高雄,2023-03-09,8843
1101,台泥,86,26,60,玉山-高雄,2023-03-09,8843
2888,新光金,60,1,59,玉山-高雄,2023-03-09,8843
3289,宜特,86,29,57,玉山-高雄,2023-03-09,8843
6533,晶心科,73,18,55,玉山-高雄,2023-03-09,8843
2002,中鋼,56,5,51,玉山-高雄,2023-03-09,8843
2368,金像電,77,26,51,玉山-高雄,2023-03-09,8843
8028,昇陽半導體,50,0,50,玉山-高雄,2023-03-09,8843
3706,神達,48,0,48,玉山-高雄,2023-03-09,8843
00637L,元大滬深300正2,65,18,47,玉山-高雄,2023-03-09,8843
3290,東浦,53,6,47,玉山-高雄,2023-03-09,8843
2371,大同,45,0,45,玉山-高雄,2023-03-09,8843
2063,世鎧,45,0,45,玉山-高雄,2023-03-09,8843
1609,大亞,56,14,42,玉山-高雄,2023-03-09,8843
4536,拓凱,43,1,42,玉山-高雄,2023-03-09,8843
2883,凱基金,51,10,41,玉山-高雄,2023-03-09,8843
2313,華通,59,19,40,玉山-高雄,2023-03-09,8843
3209,全科,42,3,39,玉山-高雄,2023-03-09,8843
2618,長榮航,60,23,37,玉山-高雄,2023-03-09,8843
3708,上緯投控,34,0,34,玉山-高雄,2023-03-09,8843
1909,榮成,34,0,34,玉山-高雄,2023-03-09,8843
4114,健喬,48,14,34,玉山-高雄,2023-03-09,8843
00715L,期街口布蘭特正2,39,8,31,玉山-高雄,2023-03-09,8843
00641R,富邦日本反1,30,0,30,玉山-高雄,2023-03-09,8843
1529,樂事綠能,38,8,30,玉山-高雄,2023-03-09,8843
5258,虹堡,34,4,30,玉山-高雄,2023-03-09,8843
6266,泰詠,90,61,29,玉山-高雄,2023-03-09,8843
3037,欣興,57,28,29,玉山-高雄,2023-03-09,8843
00923,群益台ESG低碳50,28,0,28,玉山-高雄,2023-03-09,8843
00713,元大台灣高息低波,27,1,26,玉山-高雄,2023-03-09,8843
6217,中探針,27,1,26,玉山-高雄,2023-03-09,8843
3682,亞太電,25,0,25,玉山-高雄,2023-03-09,8843
5701,劍湖山,25,0,25,玉山-高雄,2023-03-09,8843
2891,中信金,25,0,25,玉山-高雄,2023-03-09,8843
3356,奇偶,70,47,23,玉山-高雄,2023-03-09,8843
2359,所羅門,60,37,23,玉山-高雄,2023-03-09,8843
00665L,富邦�琤肭磪囓�2,1843,51,1792,玉山-高雄,2023-03-10,8843
00878,國泰永續高股息,621,47,574,玉山-高雄,2023-03-10,8843
2618,長榮航,293,42,251,玉山-高雄,2023-03-10,8843
6116,彩晶,293,55,238,玉山-高雄,2023-03-10,8843
00713,元大台灣高息低波,237,0,237,玉山-高雄,2023-03-10,8843
8121,越峰,158,0,158,玉山-高雄,2023-03-10,8843
2371,大同,148,10,138,玉山-高雄,2023-03-10,8843
2884,玉山金,177,41,136,玉山-高雄,2023-03-10,8843
2537,聯上發,151,17,134,玉山-高雄,2023-03-10,8843
00715L,期街口布蘭特正2,115,0,115,玉山-高雄,2023-03-10,8843
2344,華邦電,124,19,105,玉山-高雄,2023-03-10,8843
2888,新光金,112,9,103,玉山-高雄,2023-03-10,8843
00882,中信中國高股息,98,9,89,玉山-高雄,2023-03-10,8843
00637L,元大滬深300正2,172,89,83,玉山-高雄,2023-03-10,8843
6605,帝寶,84,6,78,玉山-高雄,2023-03-10,8843
1219,福壽,77,1,76,玉山-高雄,2023-03-10,8843
2023,燁輝,76,0,76,玉山-高雄,2023-03-10,8843
2883,凱基金,111,38,73,玉山-高雄,2023-03-10,8843
2634,漢翔,110,40,70,玉山-高雄,2023-03-10,8843
2882,國泰金,83,15,68,玉山-高雄,2023-03-10,8843
2891,中信金,79,12,67,玉山-高雄,2023-03-10,8843
00632R,元大台灣50反1,504,442,62,玉山-高雄,2023-03-10,8843
2313,華通,141,81,60,玉山-高雄,2023-03-10,8843
4958,臻鼎-KY,53,2,51,玉山-高雄,2023-03-10,8843
3041,揚智,50,0,50,玉山-高雄,2023-03-10,8843
2367,燿華,56,8,48,玉山-高雄,2023-03-10,8843
00712,復華富時不動產,88,42,46,玉山-高雄,2023-03-10,8843
00753L,中信中國50正2,85,40,45,玉山-高雄,2023-03-10,8843
8069,元太,55,10,45,玉山-高雄,2023-03-10,8843
3093,港建*,49,5,44,玉山-高雄,2023-03-10,8843
00923,群益台ESG低碳50,45,2,43,玉山-高雄,2023-03-10,8843
2063,世鎧,42,0,42,玉山-高雄,2023-03-10,8843
3013,晟銘電,51,9,42,玉山-高雄,2023-03-10,8843
00752,中信中國50,42,0,42,玉山-高雄,2023-03-10,8843
2340,台亞,46,4,42,玉山-高雄,2023-03-10,8843
3481,群創,100,58,42,玉山-高雄,2023-03-10,8843
2481,強茂,48,8,40,玉山-高雄,2023-03-10,8843
00885,富邦越南,42,3,39,玉山-高雄,2023-03-10,8843
00650L,復華香港正2,111,73,38,玉山-高雄,2023-03-10,8843
6770,力積電,51,15,36,玉山-高雄,2023-03-10,8843
6791,虎門科技,35,0,35,玉山-高雄,2023-03-10,8843
2885,元大金,34,0,34,玉山-高雄,2023-03-10,8843
4536,拓凱,34,0,34,玉山-高雄,2023-03-10,8843
2881,富邦金,34,1,33,玉山-高雄,2023-03-10,8843
2886,兆豐金,34,3,31,玉山-高雄,2023-03-10,8843
8936,國統,60,30,30,玉山-高雄,2023-03-10,8843
00633L,富邦上証正2,61,31,30,玉山-高雄,2023-03-10,8843
1609,大亞,40,11,29,玉山-高雄,2023-03-10,8843
2887,台新金,81,53,28,玉山-高雄,2023-03-10,8843
3576,聯合再生,34,6,28,玉山-高雄,2023-03-10,8843
00632R,元大台灣50反1,773,339,434,玉山-高雄,2023-03-13,8843
00878,國泰永續高股息,705,454,251,玉山-高雄,2023-03-13,8843
00664R,國泰臺灣加權反1,215,0,215,玉山-高雄,2023-03-13,8843
2537,聯上發,180,2,178,玉山-高雄,2023-03-13,8843
00676R,富邦臺灣加權反1,205,30,175,玉山-高雄,2023-03-13,8843
2884,玉山金,206,38,168,玉山-高雄,2023-03-13,8843
2609,陽明,257,96,161,玉山-高雄,2023-03-13,8843
2344,華邦電,175,24,151,玉山-高雄,2023-03-13,8843
2449,京元電子,148,21,127,玉山-高雄,2023-03-13,8843
00669R,國泰美國道瓊反1,100,0,100,玉山-高雄,2023-03-13,8843
00713,元大台灣高息低波,114,17,97,玉山-高雄,2023-03-13,8843
2834,臺企銀,83,8,75,玉山-高雄,2023-03-13,8843
00712,復華富時不動產,144,74,70,玉山-高雄,2023-03-13,8843
2534,宏盛,52,0,52,玉山-高雄,2023-03-13,8843
1605,華新,114,62,52,玉山-高雄,2023-03-13,8843
2845,遠東銀,53,2,51,玉山-高雄,2023-03-13,8843
2881,富邦金,55,4,51,玉山-高雄,2023-03-13,8843
2886,兆豐金,46,2,44,玉山-高雄,2023-03-13,8843
2891,中信金,58,15,43,玉山-高雄,2023-03-13,8843
6163,華電網,51,9,42,玉山-高雄,2023-03-13,8843
2063,世鎧,70,31,39,玉山-高雄,2023-03-13,8843
00679B,元大美債20年,38,5,33,玉山-高雄,2023-03-13,8843
2888,新光金,130,100,30,玉山-高雄,2023-03-13,8843
2492,華新科,31,1,30,玉山-高雄,2023-03-13,8843
3217,優群,30,0,30,玉山-高雄,2023-03-13,8843
4960,誠美材,31,1,30,玉山-高雄,2023-03-13,8843
2493,揚博,30,0,30,玉山-高雄,2023-03-13,8843
2402,毅嘉,59,30,29,玉山-高雄,2023-03-13,8843
00773B,中信優先金融債,55,28,27,玉山-高雄,2023-03-13,8843
2457,飛宏,126,100,26,玉山-高雄,2023-03-13,8843
00923,群益台ESG低碳50,26,0,26,玉山-高雄,2023-03-13,8843
00881,國泰台灣5G+,35,11,24,玉山-高雄,2023-03-13,8843
5009,榮剛,48,24,24,玉山-高雄,2023-03-13,8843
6191,精成科,24,1,23,玉山-高雄,2023-03-13,8843
1101,台泥,37,15,22,玉山-高雄,2023-03-13,8843
2812,台中銀,22,2,20,玉山-高雄,2023-03-13,8843
00751B,元大AAA至A公司債,20,0,20,玉山-高雄,2023-03-13,8843
5701,劍湖山,20,0,20,玉山-高雄,2023-03-13,8843
2349,錸德,20,0,20,玉山-高雄,2023-03-13,8843
3624,光頡,26,7,19,玉山-高雄,2023-03-13,8843
2897,王道銀行,47,28,19,玉山-高雄,2023-03-13,8843
9105,泰金寶-DR,18,0,18,玉山-高雄,2023-03-13,8843
2882,國泰金,27,10,17,玉山-高雄,2023-03-13,8843
9921,巨大,18,1,17,玉山-高雄,2023-03-13,8843
3711,日月光投控,26,10,16,玉山-高雄,2023-03-13,8843
3682,亞太電,15,0,15,玉山-高雄,2023-03-13,8843
3234,光環,18,3,15,玉山-高雄,2023-03-13,8843
00683L,期元大美元指正2,19,4,15,玉山-高雄,2023-03-13,8843
3176,基亞,15,0,15,玉山-高雄,2023-03-13,8843
00680L,元大美債20正2,15,0,15,玉山-高雄,2023-03-13,8843
00878,國泰永續高股息,780,134,646,玉山-高雄,2023-03-14,8843
00715L,期街口布蘭特正2,455,9,446,玉山-高雄,2023-03-14,8843
2618,長榮航,440,63,377,玉山-高雄,2023-03-14,8843
2303,聯電,319,13,306,玉山-高雄,2023-03-14,8843
2641,正德,251,12,239,玉山-高雄,2023-03-14,8843
2834,臺企銀,222,72,150,玉山-高雄,2023-03-14,8843
00637L,元大滬深300正2,190,58,132,玉山-高雄,2023-03-14,8843
2027,大成鋼,222,95,127,玉山-高雄,2023-03-14,8843
00882,中信中國高股息,126,0,126,玉山-高雄,2023-03-14,8843
2313,華通,126,4,122,玉山-高雄,2023-03-14,8843
6116,彩晶,124,5,119,玉山-高雄,2023-03-14,8843
2537,聯上發,113,0,113,玉山-高雄,2023-03-14,8843
2891,中信金,112,16,96,玉山-高雄,2023-03-14,8843
2881,富邦金,96,8,88,玉山-高雄,2023-03-14,8843
2615,萬海,124,46,78,玉山-高雄,2023-03-14,8843
00712,復華富時不動產,74,0,74,玉山-高雄,2023-03-14,8843
00713,元大台灣高息低波,76,5,71,玉山-高雄,2023-03-14,8843
4958,臻鼎-KY,67,0,67,玉山-高雄,2023-03-14,8843
00881,國泰台灣5G+,67,4,63,玉山-高雄,2023-03-14,8843
6167,久正,60,0,60,玉山-高雄,2023-03-14,8843
1101,台泥,63,7,56,玉山-高雄,2023-03-14,8843
2468,華經,60,5,55,玉山-高雄,2023-03-14,8843
2885,元大金,55,2,53,玉山-高雄,2023-03-14,8843
3710,連展投控,52,0,52,玉山-高雄,2023-03-14,8843
5880,合庫金,62,10,52,玉山-高雄,2023-03-14,8843
2344,華邦電,50,3,47,玉山-高雄,2023-03-14,8843
2890,永豐金,52,5,47,玉山-高雄,2023-03-14,8843
2063,世鎧,75,35,40,玉山-高雄,2023-03-14,8843
3037,欣興,43,5,38,玉山-高雄,2023-03-14,8843
2887,台新金,42,5,37,玉山-高雄,2023-03-14,8843
5258,虹堡,42,5,37,玉山-高雄,2023-03-14,8843
3481,群創,62,27,35,玉山-高雄,2023-03-14,8843
2610,華航,143,110,33,玉山-高雄,2023-03-14,8843
8936,國統,32,2,30,玉山-高雄,2023-03-14,8843
8222,寶一,49,20,29,玉山-高雄,2023-03-14,8843
00773B,中信優先金融債,29,0,29,玉山-高雄,2023-03-14,8843
2645,長榮航太,38,12,26,玉山-高雄,2023-03-14,8843
00909,國泰數位支付服務,26,0,26,玉山-高雄,2023-03-14,8843
3093,港建*,27,2,25,玉山-高雄,2023-03-14,8843
2337,旺宏,32,7,25,玉山-高雄,2023-03-14,8843
3593,力銘,25,0,25,玉山-高雄,2023-03-14,8843
2880,華南金,27,3,24,玉山-高雄,2023-03-14,8843
00893,國泰智能電動車,23,0,23,玉山-高雄,2023-03-14,8843
3013,晟銘電,25,3,22,玉山-高雄,2023-03-14,8843
6609,瀧澤科,22,0,22,玉山-高雄,2023-03-14,8843
1316,上曜,24,3,21,玉山-高雄,2023-03-14,8843
2014,中鴻,41,20,21,玉山-高雄,2023-03-14,8843
0056,元大高股息,49,29,20,玉山-高雄,2023-03-14,8843
1441,大東,20,0,20,玉山-高雄,2023-03-14,8843
0050,元大台灣50,21,2,19,玉山-高雄,2023-03-14,8843
00715L,期街口布蘭特正2,1238,5,1233,玉山-高雄,2023-03-15,8843
2889,國票金,669,9,660,玉山-高雄,2023-03-15,8843
2888,新光金,395,13,382,玉山-高雄,2023-03-15,8843
00878,國泰永續高股息,359,35,324,玉山-高雄,2023-03-15,8843
00648R,元大S＆P500反1,200,0,200,玉山-高雄,2023-03-15,8843
00669R,國泰美國道瓊反1,200,1,199,玉山-高雄,2023-03-15,8843
2603,長榮,267,149,118,玉山-高雄,2023-03-15,8843
2883,凱基金,109,5,104,玉山-高雄,2023-03-15,8843
00712,復華富時不動產,114,12,102,玉山-高雄,2023-03-15,8843
00642U,期元大S＆P石油,92,0,92,玉山-高雄,2023-03-15,8843
2891,中信金,104,13,91,玉山-高雄,2023-03-15,8843
8927,北基,83,0,83,玉山-高雄,2023-03-15,8843
2867,三商壽,80,5,75,玉山-高雄,2023-03-15,8843
2063,世鎧,90,30,60,玉山-高雄,2023-03-15,8843
4916,事欣科,55,2,53,玉山-高雄,2023-03-15,8843
3710,連展投控,50,0,50,玉山-高雄,2023-03-15,8843
2537,聯上發,50,0,50,玉山-高雄,2023-03-15,8843
8936,國統,56,7,49,玉山-高雄,2023-03-15,8843
1101,台泥,76,27,49,玉山-高雄,2023-03-15,8843
1711,永光,51,3,48,玉山-高雄,2023-03-15,8843
00713,元大台灣高息低波,48,0,48,玉山-高雄,2023-03-15,8843
2388,威盛,98,51,47,玉山-高雄,2023-03-15,8843
8121,越峰,46,0,46,玉山-高雄,2023-03-15,8843
1584,精剛,46,1,45,玉山-高雄,2023-03-15,8843
00679B,元大美債20年,40,2,38,玉山-高雄,2023-03-15,8843
2614,東森,45,12,33,玉山-高雄,2023-03-15,8843
2886,兆豐金,34,2,32,玉山-高雄,2023-03-15,8843
2634,漢翔,44,12,32,玉山-高雄,2023-03-15,8843
8171,天宇,33,1,32,玉山-高雄,2023-03-15,8843
2609,陽明,111,80,31,玉山-高雄,2023-03-15,8843
5880,合庫金,35,4,31,玉山-高雄,2023-03-15,8843
8222,寶一,70,40,30,玉山-高雄,2023-03-15,8843
1314,中石化,77,48,29,玉山-高雄,2023-03-15,8843
2915,潤泰全,47,23,24,玉山-高雄,2023-03-15,8843
00720B,元大投資級公司債,24,1,23,玉山-高雄,2023-03-15,8843
2605,新興,35,13,22,玉山-高雄,2023-03-15,8843
5371,中光電,27,5,22,玉山-高雄,2023-03-15,8843
2312,金寶,22,0,22,玉山-高雄,2023-03-15,8843
6167,久正,80,60,20,玉山-高雄,2023-03-15,8843
00772B,中信高評級公司債,20,0,20,玉山-高雄,2023-03-15,8843
00773B,中信優先金融債,20,0,20,玉山-高雄,2023-03-15,8843
1504,東元,41,24,17,玉山-高雄,2023-03-15,8843
6161,捷波,17,0,17,玉山-高雄,2023-03-15,8843
2880,華南金,17,0,17,玉山-高雄,2023-03-15,8843
5608,四維航,24,8,16,玉山-高雄,2023-03-15,8843
6163,華電網,17,1,16,玉山-高雄,2023-03-15,8843
2338,光罩,27,11,16,玉山-高雄,2023-03-15,8843
2367,燿華,22,6,16,玉山-高雄,2023-03-15,8843
3209,全科,31,15,16,玉山-高雄,2023-03-15,8843
2542,興富發,16,0,16,玉山-高雄,2023-03-15,8843
00715L,期街口布蘭特正2,5015,71,4944,玉山-高雄,2023-03-16,8843
00878,國泰永續高股息,601,89,512,玉山-高雄,2023-03-16,8843
2641,正德,511,18,493,玉山-高雄,2023-03-16,8843
00671R,富邦NASDAQ反1,400,0,400,玉山-高雄,2023-03-16,8843
2884,玉山金,388,88,300,玉山-高雄,2023-03-16,8843
2537,聯上發,253,0,253,玉山-高雄,2023-03-16,8843
2834,臺企銀,764,539,225,玉山-高雄,2023-03-16,8843
2891,中信金,277,103,174,玉山-高雄,2023-03-16,8843
8927,北基,147,0,147,玉山-高雄,2023-03-16,8843
2883,凱基金,163,20,143,玉山-高雄,2023-03-16,8843
2888,新光金,152,32,120,玉山-高雄,2023-03-16,8843
2371,大同,123,5,118,玉山-高雄,2023-03-16,8843
2881,富邦金,160,43,117,玉山-高雄,2023-03-16,8843
00713,元大台灣高息低波,112,3,109,玉山-高雄,2023-03-16,8843
3710,連展投控,107,10,97,玉山-高雄,2023-03-16,8843
00712,復華富時不動產,105,18,87,玉山-高雄,2023-03-16,8843
3189,景碩,87,1,86,玉山-高雄,2023-03-16,8843
2885,元大金,92,11,81,玉山-高雄,2023-03-16,8843
2367,燿華,103,23,80,玉山-高雄,2023-03-16,8843
00753L,中信中國50正2,103,34,69,玉山-高雄,2023-03-16,8843
0056,元大高股息,76,10,66,玉山-高雄,2023-03-16,8843
2027,大成鋼,84,19,65,玉山-高雄,2023-03-16,8843
2618,長榮航,70,8,62,玉山-高雄,2023-03-16,8843
2603,長榮,104,42,62,玉山-高雄,2023-03-16,8843
6125,廣運,63,5,58,玉山-高雄,2023-03-16,8843
1711,永光,50,0,50,玉山-高雄,2023-03-16,8843
6488,環球晶,49,4,45,玉山-高雄,2023-03-16,8843
00642U,期元大S＆P石油,49,5,44,玉山-高雄,2023-03-16,8843
3037,欣興,43,1,42,玉山-高雄,2023-03-16,8843
1101,台泥,101,62,39,玉山-高雄,2023-03-16,8843
1304,台聚,40,1,39,玉山-高雄,2023-03-16,8843
2344,華邦電,45,9,36,玉山-高雄,2023-03-16,8843
5009,榮剛,46,14,32,玉山-高雄,2023-03-16,8843
2330,台積電,33,3,30,玉山-高雄,2023-03-16,8843
6790,永豐實,30,0,30,玉山-高雄,2023-03-16,8843
3236,千如,34,4,30,玉山-高雄,2023-03-16,8843
1467,南緯,32,3,29,玉山-高雄,2023-03-16,8843
00888,永豐台灣ESG,28,0,28,玉山-高雄,2023-03-16,8843
2486,一詮,36,9,27,玉山-高雄,2023-03-16,8843
2812,台中銀,36,10,26,玉山-高雄,2023-03-16,8843
3264,欣銓,28,3,25,玉山-高雄,2023-03-16,8843
8046,南電,27,3,24,玉山-高雄,2023-03-16,8843
6109,亞元,25,1,24,玉山-高雄,2023-03-16,8843
2388,威盛,60,37,23,玉山-高雄,2023-03-16,8843
1447,力鵬,23,0,23,玉山-高雄,2023-03-16,8843
3027,盛達,45,22,23,玉山-高雄,2023-03-16,8843
3481,群創,105,82,23,玉山-高雄,2023-03-16,8843
8936,國統,33,11,22,玉山-高雄,2023-03-16,8843
1909,榮成,23,1,22,玉山-高雄,2023-03-16,8843
1760,寶齡富錦,23,1,22,玉山-高雄,2023-03-16,8843
2891,中信金,519,7,512,玉山-高雄,2023-03-17,8843
6753,龍德造船,486,4,482,玉山-高雄,2023-03-17,8843
3481,群創,245,56,189,玉山-高雄,2023-03-17,8843
6125,廣運,150,13,137,玉山-高雄,2023-03-17,8843
5483,中美晶,138,6,132,玉山-高雄,2023-03-17,8843
3231,緯創,126,5,121,玉山-高雄,2023-03-17,8843
9945,潤泰新,190,73,117,玉山-高雄,2023-03-17,8843
00648R,元大S＆P500反1,101,0,101,玉山-高雄,2023-03-17,8843
00669R,國泰美國道瓊反1,100,0,100,玉山-高雄,2023-03-17,8843
2834,臺企銀,203,106,97,玉山-高雄,2023-03-17,8843
00713,元大台灣高息低波,89,4,85,玉山-高雄,2023-03-17,8843
8171,天宇,76,9,67,玉山-高雄,2023-03-17,8843
00712,復華富時不動產,71,8,63,玉山-高雄,2023-03-17,8843
6120,達運,50,0,50,玉山-高雄,2023-03-17,8843
00878,國泰永續高股息,181,134,47,玉山-高雄,2023-03-17,8843
3710,連展投控,52,8,44,玉山-高雄,2023-03-17,8843
1101,台泥,44,3,41,玉山-高雄,2023-03-17,8843
2883,凱基金,61,25,36,玉山-高雄,2023-03-17,8843
2610,華航,47,13,34,玉山-高雄,2023-03-17,8843
9103,美德醫療-DR,35,2,33,玉山-高雄,2023-03-17,8843
2890,永豐金,30,0,30,玉山-高雄,2023-03-17,8843
9962,有益,50,20,30,玉山-高雄,2023-03-17,8843
5452,佶優,29,0,29,玉山-高雄,2023-03-17,8843
3029,零壹,31,3,28,玉山-高雄,2023-03-17,8843
00650L,復華香港正2,27,0,27,玉山-高雄,2023-03-17,8843
1609,大亞,28,1,27,玉山-高雄,2023-03-17,8843
2317,鴻海,132,105,27,玉山-高雄,2023-03-17,8843
00679B,元大美債20年,58,32,26,玉山-高雄,2023-03-17,8843
00772B,中信高評級公司債,27,1,26,玉山-高雄,2023-03-17,8843
1319,東陽,27,1,26,玉山-高雄,2023-03-17,8843
2915,潤泰全,25,0,25,玉山-高雄,2023-03-17,8843
5880,合庫金,26,1,25,玉山-高雄,2023-03-17,8843
2881,富邦金,32,9,23,玉山-高雄,2023-03-17,8843
5258,虹堡,26,4,22,玉山-高雄,2023-03-17,8843
6799,來頡,25,3,22,玉山-高雄,2023-03-17,8843
2606,裕民,23,1,22,玉山-高雄,2023-03-17,8843
00642U,期元大S＆P石油,25,3,22,玉山-高雄,2023-03-17,8843
2888,新光金,32,11,21,玉山-高雄,2023-03-17,8843
2022,聚亨,23,2,21,玉山-高雄,2023-03-17,8843
2014,中鴻,45,26,19,玉山-高雄,2023-03-17,8843
6116,彩晶,22,3,19,玉山-高雄,2023-03-17,8843
00720B,元大投資級公司債,20,2,18,玉山-高雄,2023-03-17,8843
00664R,國泰臺灣加權反1,17,0,17,玉山-高雄,2023-03-17,8843
2301,光寶科,16,0,16,玉山-高雄,2023-03-17,8843
00680L,元大美債20正2,16,0,16,玉山-高雄,2023-03-17,8843
2409,友達,137,121,16,玉山-高雄,2023-03-17,8843
1904,正隆,15,0,15,玉山-高雄,2023-03-17,8843
9904,寶成,16,1,15,玉山-高雄,2023-03-17,8843
2023,燁輝,15,0,15,玉山-高雄,2023-03-17,8843
1314,中石化,15,0,15,玉山-高雄,2023-03-17,8843
00715L,期街口布蘭特正2,1047,23,1024,玉山-高雄,2023-03-20,8843
1314,中石化,493,27,466,玉山-高雄,2023-03-20,8843
00878,國泰永續高股息,480,59,421,玉山-高雄,2023-03-20,8843
6125,廣運,290,0,290,玉山-高雄,2023-03-20,8843
2014,中鴻,229,1,228,玉山-高雄,2023-03-20,8843
00753L,中信中國50正2,180,18,162,玉山-高雄,2023-03-20,8843
2881,富邦金,146,17,129,玉山-高雄,2023-03-20,8843
00637L,元大滬深300正2,120,0,120,玉山-高雄,2023-03-20,8843
00712,復華富時不動產,149,31,118,玉山-高雄,2023-03-20,8843
00633L,富邦上証正2,113,2,111,玉山-高雄,2023-03-20,8843
1605,華新,87,9,78,玉山-高雄,2023-03-20,8843
1304,台聚,90,15,75,玉山-高雄,2023-03-20,8843
2317,鴻海,87,12,75,玉山-高雄,2023-03-20,8843
00713,元大台灣高息低波,71,1,70,玉山-高雄,2023-03-20,8843
2812,台中銀,69,1,68,玉山-高雄,2023-03-20,8843
9962,有益,67,0,67,玉山-高雄,2023-03-20,8843
00665L,富邦�琤肭磪囓�2,50,0,50,玉山-高雄,2023-03-20,8843
2419,仲琦,65,15,50,玉山-高雄,2023-03-20,8843
2888,新光金,64,15,49,玉山-高雄,2023-03-20,8843
00885,富邦越南,49,0,49,玉山-高雄,2023-03-20,8843
8926,台汽電,50,5,45,玉山-高雄,2023-03-20,8843
2882,國泰金,56,15,41,玉山-高雄,2023-03-20,8843
6122,擎邦,41,3,38,玉山-高雄,2023-03-20,8843
00642U,期元大S＆P石油,33,0,33,玉山-高雄,2023-03-20,8843
2362,藍天,30,0,30,玉山-高雄,2023-03-20,8843
00650L,復華香港正2,29,1,28,玉山-高雄,2023-03-20,8843
6770,力積電,33,10,23,玉山-高雄,2023-03-20,8843
6277,宏正,23,0,23,玉山-高雄,2023-03-20,8843
2337,旺宏,21,0,21,玉山-高雄,2023-03-20,8843
2886,兆豐金,22,1,21,玉山-高雄,2023-03-20,8843
1718,中纖,22,1,21,玉山-高雄,2023-03-20,8843
8070,長華*,20,1,19,玉山-高雄,2023-03-20,8843
3035,智原,25,6,19,玉山-高雄,2023-03-20,8843
2884,玉山金,81,62,19,玉山-高雄,2023-03-20,8843
2002,中鋼,30,11,19,玉山-高雄,2023-03-20,8843
2609,陽明,35,16,19,玉山-高雄,2023-03-20,8843
00900,富邦特選高股息30,24,5,19,玉山-高雄,2023-03-20,8843
2885,元大金,20,2,18,玉山-高雄,2023-03-20,8843
0056,元大高股息,49,32,17,玉山-高雄,2023-03-20,8843
00655L,國泰中國A50正2,17,0,17,玉山-高雄,2023-03-20,8843
00902,中信電池及儲能,16,0,16,玉山-高雄,2023-03-20,8843
2359,所羅門,61,46,15,玉山-高雄,2023-03-20,8843
8936,國統,28,13,15,玉山-高雄,2023-03-20,8843
6576,逸達,15,0,15,玉山-高雄,2023-03-20,8843
5351,鈺創,20,7,13,玉山-高雄,2023-03-20,8843
4976,佳凌,17,4,13,玉山-高雄,2023-03-20,8843
4966,譜瑞-KY,15,2,13,玉山-高雄,2023-03-20,8843
3686,達能,16,3,13,玉山-高雄,2023-03-20,8843
3017,奇鋐,26,14,12,玉山-高雄,2023-03-20,8843
1108,幸福,12,0,12,玉山-高雄,2023-03-20,8843
00878,國泰永續高股息,329,50,279,玉山-高雄,2023-03-21,8843
2867,三商壽,217,29,188,玉山-高雄,2023-03-21,8843
1314,中石化,127,0,127,玉山-高雄,2023-03-21,8843
3481,群創,250,126,124,玉山-高雄,2023-03-21,8843
6125,廣運,118,1,117,玉山-高雄,2023-03-21,8843
9945,潤泰新,168,51,117,玉山-高雄,2023-03-21,8843
00885,富邦越南,113,0,113,玉山-高雄,2023-03-21,8843
2884,玉山金,186,83,103,玉山-高雄,2023-03-21,8843
00632R,元大台灣50反1,278,180,98,玉山-高雄,2023-03-21,8843
00712,復華富時不動產,65,1,64,玉山-高雄,2023-03-21,8843
6244,茂迪,137,74,63,玉山-高雄,2023-03-21,8843
2449,京元電子,58,0,58,玉山-高雄,2023-03-21,8843
3041,揚智,50,0,50,玉山-高雄,2023-03-21,8843
3231,緯創,135,87,48,玉山-高雄,2023-03-21,8843
2834,臺企銀,234,187,47,玉山-高雄,2023-03-21,8843
3711,日月光投控,51,4,47,玉山-高雄,2023-03-21,8843
2915,潤泰全,46,0,46,玉山-高雄,2023-03-21,8843
2881,富邦金,51,11,40,玉山-高雄,2023-03-21,8843
2882,國泰金,40,3,37,玉山-高雄,2023-03-21,8843
2609,陽明,55,19,36,玉山-高雄,2023-03-21,8843
2891,中信金,121,86,35,玉山-高雄,2023-03-21,8843
00891,中信關鍵半導體,46,12,34,玉山-高雄,2023-03-21,8843
8936,國統,57,23,34,玉山-高雄,2023-03-21,8843
8050,廣積,32,0,32,玉山-高雄,2023-03-21,8843
6576,逸達,35,3,32,玉山-高雄,2023-03-21,8843
3545,敦泰,48,21,27,玉山-高雄,2023-03-21,8843
00679B,元大美債20年,29,2,27,玉山-高雄,2023-03-21,8843
0056,元大高股息,46,20,26,玉山-高雄,2023-03-21,8843
2887,台新金,31,5,26,玉山-高雄,2023-03-21,8843
2303,聯電,56,31,25,玉山-高雄,2023-03-21,8843
2323,中環,24,0,24,玉山-高雄,2023-03-21,8843
2206,三陽工業,26,2,24,玉山-高雄,2023-03-21,8843
9105,泰金寶-DR,23,0,23,玉山-高雄,2023-03-21,8843
3624,光頡,24,2,22,玉山-高雄,2023-03-21,8843
1101,台泥,34,12,22,玉山-高雄,2023-03-21,8843
2705,六福,31,10,21,玉山-高雄,2023-03-21,8843
2471,資通,45,24,21,玉山-高雄,2023-03-21,8843
2615,萬海,28,8,20,玉山-高雄,2023-03-21,8843
1519,華城,27,7,20,玉山-高雄,2023-03-21,8843
1444,力麗,20,0,20,玉山-高雄,2023-03-21,8843
3035,智原,24,5,19,玉山-高雄,2023-03-21,8843
00665L,富邦�琤肭磪囓�2,20,1,19,玉山-高雄,2023-03-21,8843
6122,擎邦,26,7,19,玉山-高雄,2023-03-21,8843
3374,精材,21,2,19,玉山-高雄,2023-03-21,8843
2340,台亞,18,0,18,玉山-高雄,2023-03-21,8843
2342,茂矽,18,0,18,玉山-高雄,2023-03-21,8843
3515,華擎,17,0,17,玉山-高雄,2023-03-21,8843
5258,虹堡,24,7,17,玉山-高雄,2023-03-21,8843
1409,新纖,18,2,16,玉山-高雄,2023-03-21,8843
6188,廣明,29,14,15,玉山-高雄,2023-03-21,8843
2834,臺企銀,2527,83,2444,玉山-高雄,2023-03-22,8843
00878,國泰永續高股息,304,98,206,玉山-高雄,2023-03-22,8843
2891,中信金,240,42,198,玉山-高雄,2023-03-22,8843
00632R,元大台灣50反1,534,354,180,玉山-高雄,2023-03-22,8843
6235,華孚,151,14,137,玉山-高雄,2023-03-22,8843
00669R,國泰美國道瓊反1,101,0,101,玉山-高雄,2023-03-22,8843
00648R,元大S＆P500反1,100,0,100,玉山-高雄,2023-03-22,8843
5009,榮剛,89,5,84,玉山-高雄,2023-03-22,8843
00650L,復華香港正2,109,27,82,玉山-高雄,2023-03-22,8843
2482,連宇,96,37,59,玉山-高雄,2023-03-22,8843
00679B,元大美債20年,56,3,53,玉山-高雄,2023-03-22,8843
00687B,國泰20年美債,54,2,52,玉山-高雄,2023-03-22,8843
3041,揚智,50,0,50,玉山-高雄,2023-03-22,8843
3693,營邦,51,1,50,玉山-高雄,2023-03-22,8843
2520,冠德,50,2,48,玉山-高雄,2023-03-22,8843
2457,飛宏,115,68,47,玉山-高雄,2023-03-22,8843
3481,群創,268,223,45,玉山-高雄,2023-03-22,8843
2023,燁輝,43,0,43,玉山-高雄,2023-03-22,8843
6282,康舒,50,8,42,玉山-高雄,2023-03-22,8843
6277,宏正,42,0,42,玉山-高雄,2023-03-22,8843
5512,力麒,41,0,41,玉山-高雄,2023-03-22,8843
2002,中鋼,38,3,35,玉山-高雄,2023-03-22,8843
1314,中石化,34,0,34,玉山-高雄,2023-03-22,8843
3037,欣興,97,63,34,玉山-高雄,2023-03-22,8843
00907,永豐優息存股,32,0,32,玉山-高雄,2023-03-22,8843
1325,恆大,32,1,31,玉山-高雄,2023-03-22,8843
8936,國統,51,20,31,玉山-高雄,2023-03-22,8843
2027,大成鋼,32,3,29,玉山-高雄,2023-03-22,8843
1101,台泥,30,1,29,玉山-高雄,2023-03-22,8843
1513,中興電,47,19,28,玉山-高雄,2023-03-22,8843
1524,耿鼎,103,76,27,玉山-高雄,2023-03-22,8843
2014,中鴻,28,1,27,玉山-高雄,2023-03-22,8843
1529,樂事綠能,62,35,27,玉山-高雄,2023-03-22,8843
5258,虹堡,64,37,27,玉山-高雄,2023-03-22,8843
3038,全台,33,7,26,玉山-高雄,2023-03-22,8843
2409,友達,33,8,25,玉山-高雄,2023-03-22,8843
1316,上曜,29,5,24,玉山-高雄,2023-03-22,8843
9907,統一實,23,1,22,玉山-高雄,2023-03-22,8843
3047,訊舟,28,6,22,玉山-高雄,2023-03-22,8843
6443,元晶,40,19,21,玉山-高雄,2023-03-22,8843
2317,鴻海,23,5,18,玉山-高雄,2023-03-22,8843
8927,北基,17,0,17,玉山-高雄,2023-03-22,8843
2618,長榮航,23,6,17,玉山-高雄,2023-03-22,8843
6122,擎邦,39,23,16,玉山-高雄,2023-03-22,8843
00671R,富邦NASDAQ反1,16,0,16,玉山-高雄,2023-03-22,8843
2302,麗正,84,68,16,玉山-高雄,2023-03-22,8843
3013,晟銘電,29,13,16,玉山-高雄,2023-03-22,8843
1108,幸福,20,4,16,玉山-高雄,2023-03-22,8843
0056,元大高股息,73,57,16,玉山-高雄,2023-03-22,8843
5353,台林,35,20,15,玉山-高雄,2023-03-22,8843
2891,中信金,961,315,646,玉山-高雄,2023-03-23,8843
00632R,元大台灣50反1,1254,952,302,玉山-高雄,2023-03-23,8843
00676R,富邦臺灣加權反1,400,200,200,玉山-高雄,2023-03-23,8843
2641,正德,97,9,88,玉山-高雄,2023-03-23,8843
00712,復華富時不動產,78,2,76,玉山-高雄,2023-03-23,8843
3499,環天科,90,19,71,玉山-高雄,2023-03-23,8843
8222,寶一,72,7,65,玉山-高雄,2023-03-23,8843
1514,亞力,65,3,62,玉山-高雄,2023-03-23,8843
2303,聯電,86,26,60,玉山-高雄,2023-03-23,8843
6125,廣運,55,1,54,玉山-高雄,2023-03-23,8843
1101,台泥,63,9,54,玉山-高雄,2023-03-23,8843
1325,恆大,55,2,53,玉山-高雄,2023-03-23,8843
4958,臻鼎-KY,52,0,52,玉山-高雄,2023-03-23,8843
00679B,元大美債20年,52,0,52,玉山-高雄,2023-03-23,8843
2534,宏盛,50,0,50,玉山-高雄,2023-03-23,8843
3128,昇銳,53,4,49,玉山-高雄,2023-03-23,8843
00665L,富邦�琤肭磪囓�2,90,42,48,玉山-高雄,2023-03-23,8843
4306,炎洲,48,3,45,玉山-高雄,2023-03-23,8843
2375,凱美,43,5,38,玉山-高雄,2023-03-23,8843
2014,中鴻,36,2,34,玉山-高雄,2023-03-23,8843
2609,陽明,56,23,33,玉山-高雄,2023-03-23,8843
1314,中石化,32,0,32,玉山-高雄,2023-03-23,8843
6282,康舒,72,40,32,玉山-高雄,2023-03-23,8843
2606,裕民,40,9,31,玉山-高雄,2023-03-23,8843
2834,臺企銀,54,23,31,玉山-高雄,2023-03-23,8843
2317,鴻海,110,81,29,玉山-高雄,2023-03-23,8843
2645,長榮航太,30,2,28,玉山-高雄,2023-03-23,8843
2206,三陽工業,26,0,26,玉山-高雄,2023-03-23,8843
2324,仁寶,51,26,25,玉山-高雄,2023-03-23,8843
8926,台汽電,26,1,25,玉山-高雄,2023-03-23,8843
2027,大成鋼,31,7,24,玉山-高雄,2023-03-23,8843
2409,友達,53,30,23,玉山-高雄,2023-03-23,8843
6288,聯嘉,41,18,23,玉山-高雄,2023-03-23,8843
3290,東浦,24,1,23,玉山-高雄,2023-03-23,8843
1584,精剛,29,6,23,玉山-高雄,2023-03-23,8843
3114,好德,23,0,23,玉山-高雄,2023-03-23,8843
2388,威盛,28,6,22,玉山-高雄,2023-03-23,8843
1402,遠東新,22,1,21,玉山-高雄,2023-03-23,8843
4952,凌通,22,2,20,玉山-高雄,2023-03-23,8843
2023,燁輝,20,0,20,玉山-高雄,2023-03-23,8843
1447,力鵬,20,0,20,玉山-高雄,2023-03-23,8843
6751,智聯服務,21,1,20,玉山-高雄,2023-03-23,8843
2634,漢翔,35,15,20,玉山-高雄,2023-03-23,8843
5284,jpp-KY,28,9,19,玉山-高雄,2023-03-23,8843
6160,欣技,28,9,19,玉山-高雄,2023-03-23,8843
2537,聯上發,68,50,18,玉山-高雄,2023-03-23,8843
6188,廣明,24,7,17,玉山-高雄,2023-03-23,8843
4906,正文,20,3,17,玉山-高雄,2023-03-23,8843
00772B,中信高評級公司債,20,3,17,玉山-高雄,2023-03-23,8843
6134,萬旭,16,0,16,玉山-高雄,2023-03-23,8843
00632R,元大台灣50反1,894,157,737,玉山-高雄,2023-03-24,8843
0056,元大高股息,312,111,201,玉山-高雄,2023-03-24,8843
2891,中信金,337,205,132,玉山-高雄,2023-03-24,8843
00712,復華富時不動產,116,10,106,玉山-高雄,2023-03-24,8843
00720B,元大投資級公司債,89,0,89,玉山-高雄,2023-03-24,8843
2105,正新,116,28,88,玉山-高雄,2023-03-24,8843
1215,卜蜂,86,24,62,玉山-高雄,2023-03-24,8843
2537,聯上發,58,0,58,玉山-高雄,2023-03-24,8843
3033,威健,50,1,49,玉山-高雄,2023-03-24,8843
3455,由田,51,3,48,玉山-高雄,2023-03-24,8843
6125,廣運,44,0,44,玉山-高雄,2023-03-24,8843
00715L,期街口布蘭特正2,49,5,44,玉山-高雄,2023-03-24,8843
9945,潤泰新,63,21,42,玉山-高雄,2023-03-24,8843
2634,漢翔,56,15,41,玉山-高雄,2023-03-24,8843
1789,神隆,41,0,41,玉山-高雄,2023-03-24,8843
6235,華孚,51,14,37,玉山-高雄,2023-03-24,8843
6109,亞元,41,5,36,玉山-高雄,2023-03-24,8843
1524,耿鼎,37,2,35,玉山-高雄,2023-03-24,8843
00773B,中信優先金融債,35,0,35,玉山-高雄,2023-03-24,8843
3481,群創,89,56,33,玉山-高雄,2023-03-24,8843
3625,西勝,33,1,32,玉山-高雄,2023-03-24,8843
00633L,富邦上証正2,32,1,31,玉山-高雄,2023-03-24,8843
00688L,國泰20年美債正2,30,0,30,玉山-高雄,2023-03-24,8843
2609,陽明,42,13,29,玉山-高雄,2023-03-24,8843
1101,台泥,28,1,27,玉山-高雄,2023-03-24,8843
2645,長榮航太,27,1,26,玉山-高雄,2023-03-24,8843
8261,富鼎,25,1,24,玉山-高雄,2023-03-24,8843
3122,笙泉,23,0,23,玉山-高雄,2023-03-24,8843
9919,康那香,30,8,22,玉山-高雄,2023-03-24,8843
4543,萬在,22,0,22,玉山-高雄,2023-03-24,8843
2727,王品,32,11,21,玉山-高雄,2023-03-24,8843
2337,旺宏,37,16,21,玉山-高雄,2023-03-24,8843
6177,達麗,21,0,21,玉山-高雄,2023-03-24,8843
5880,合庫金,20,0,20,玉山-高雄,2023-03-24,8843
2023,燁輝,20,0,20,玉山-高雄,2023-03-24,8843
3682,亞太電,20,1,19,玉山-高雄,2023-03-24,8843
6104,創惟,34,15,19,玉山-高雄,2023-03-24,8843
6134,萬旭,28,9,19,玉山-高雄,2023-03-24,8843
00895,富邦未來車,20,1,19,玉山-高雄,2023-03-24,8843
6266,泰詠,24,6,18,玉山-高雄,2023-03-24,8843
2402,毅嘉,102,85,17,玉山-高雄,2023-03-24,8843
1319,東陽,24,7,17,玉山-高雄,2023-03-24,8843
2618,長榮航,19,3,16,玉山-高雄,2023-03-24,8843
1326,台化,16,0,16,玉山-高雄,2023-03-24,8843
3527,聚積,17,2,15,玉山-高雄,2023-03-24,8843
1460,宏遠,15,0,15,玉山-高雄,2023-03-24,8843
1325,恆大,15,0,15,玉山-高雄,2023-03-24,8843
6510,精測,23,8,15,玉山-高雄,2023-03-24,8843
2342,茂矽,14,0,14,玉山-高雄,2023-03-24,8843
4702,中美實,13,0,13,玉山-高雄,2023-03-24,8843
00882,中信中國高股息,207,0,207,玉山-高雄,2023-03-27,8843
3231,緯創,311,122,189,玉山-高雄,2023-03-27,8843
2025,千興,173,0,173,玉山-高雄,2023-03-27,8843
00633L,富邦上証正2,131,4,127,玉山-高雄,2023-03-27,8843
00665L,富邦�琤肭磪囓�2,116,0,116,玉山-高雄,2023-03-27,8843
2208,台船,141,27,114,玉山-高雄,2023-03-27,8843
00922,國泰台灣領袖50,104,1,103,玉山-高雄,2023-03-27,8843
2402,毅嘉,126,35,91,玉山-高雄,2023-03-27,8843
9945,潤泰新,116,30,86,玉山-高雄,2023-03-27,8843
00753L,中信中國50正2,84,9,75,玉山-高雄,2023-03-27,8843
1605,華新,102,40,62,玉山-高雄,2023-03-27,8843
00634R,富邦上証反1,50,0,50,玉山-高雄,2023-03-27,8843
00637L,元大滬深300正2,108,60,48,玉山-高雄,2023-03-27,8843
0056,元大高股息,92,45,47,玉山-高雄,2023-03-27,8843
00720B,元大投資級公司債,43,0,43,玉山-高雄,2023-03-27,8843
8033,雷虎,72,30,42,玉山-高雄,2023-03-27,8843
3455,由田,40,0,40,玉山-高雄,2023-03-27,8843
2634,漢翔,69,29,40,玉山-高雄,2023-03-27,8843
2520,冠德,40,3,37,玉山-高雄,2023-03-27,8843
00885,富邦越南,60,27,33,玉山-高雄,2023-03-27,8843
8046,南電,51,18,33,玉山-高雄,2023-03-27,8843
00888,永豐台灣ESG,30,0,30,玉山-高雄,2023-03-27,8843
3707,漢磊,31,2,29,玉山-高雄,2023-03-27,8843
2834,臺企銀,222,193,29,玉山-高雄,2023-03-27,8843
6288,聯嘉,48,20,28,玉山-高雄,2023-03-27,8843
3715,定穎投控,35,8,27,玉山-高雄,2023-03-27,8843
1325,恆大,27,0,27,玉山-高雄,2023-03-27,8843
00891,中信關鍵半導體,26,0,26,玉山-高雄,2023-03-27,8843
6282,康舒,40,14,26,玉山-高雄,2023-03-27,8843
6243,迅杰,31,5,26,玉山-高雄,2023-03-27,8843
2201,裕隆,28,3,25,玉山-高雄,2023-03-27,8843
8112,至上,28,3,25,玉山-高雄,2023-03-27,8843
3714,富采,30,5,25,玉山-高雄,2023-03-27,8843
6226,光鼎,38,14,24,玉山-高雄,2023-03-27,8843
00655L,國泰中國A50正2,30,7,23,玉山-高雄,2023-03-27,8843
2388,威盛,67,45,22,玉山-高雄,2023-03-27,8843
8070,長華*,21,0,21,玉山-高雄,2023-03-27,8843
00751B,元大AAA至A公司債,23,3,20,玉山-高雄,2023-03-27,8843
3704,合勤控,24,4,20,玉山-高雄,2023-03-27,8843
00664R,國泰臺灣加權反1,20,0,20,玉山-高雄,2023-03-27,8843
1314,中石化,25,5,20,玉山-高雄,2023-03-27,8843
2610,華航,32,13,19,玉山-高雄,2023-03-27,8843
4973,廣穎,21,2,19,玉山-高雄,2023-03-27,8843
00713,元大台灣高息低波,30,11,19,玉山-高雄,2023-03-27,8843
2889,國票金,26,8,18,玉山-高雄,2023-03-27,8843
6116,彩晶,52,34,18,玉山-高雄,2023-03-27,8843
1319,東陽,17,0,17,玉山-高雄,2023-03-27,8843
00679B,元大美債20年,21,5,16,玉山-高雄,2023-03-27,8843
1504,東元,124,108,16,玉山-高雄,2023-03-27,8843
2421,建準,22,6,16,玉山-高雄,2023-03-27,8843
6753,龍德造船,429,19,410,玉山-高雄,2023-03-28,8843
2342,茂矽,215,15,200,玉山-高雄,2023-03-28,8843
00679B,元大美債20年,138,0,138,玉山-高雄,2023-03-28,8843
2537,聯上發,110,0,110,玉山-高雄,2023-03-28,8843
00882,中信中國高股息,88,0,88,玉山-高雄,2023-03-28,8843
1325,恆大,87,0,87,玉山-高雄,2023-03-28,8843
2317,鴻海,77,2,75,玉山-高雄,2023-03-28,8843
9945,潤泰新,82,13,69,玉山-高雄,2023-03-28,8843
00922,國泰台灣領袖50,68,0,68,玉山-高雄,2023-03-28,8843
00712,復華富時不動產,71,4,67,玉山-高雄,2023-03-28,8843
6767,台微醫,63,0,63,玉山-高雄,2023-03-28,8843
2413,環科,63,2,61,玉山-高雄,2023-03-28,8843
8927,北基,60,0,60,玉山-高雄,2023-03-28,8843
00891,中信關鍵半導體,53,0,53,玉山-高雄,2023-03-28,8843
3680,家登,68,17,51,玉山-高雄,2023-03-28,8843
4113,聯上,58,10,48,玉山-高雄,2023-03-28,8843
00885,富邦越南,52,4,48,玉山-高雄,2023-03-28,8843
00881,國泰台灣5G+,47,1,46,玉山-高雄,2023-03-28,8843
2303,聯電,71,28,43,玉山-高雄,2023-03-28,8843
1438,三地開發,40,0,40,玉山-高雄,2023-03-28,8843
3653,健策,41,1,40,玉山-高雄,2023-03-28,8843
2615,萬海,40,0,40,玉山-高雄,2023-03-28,8843
2618,長榮航,65,26,39,玉山-高雄,2023-03-28,8843
3501,維熹,39,0,39,玉山-高雄,2023-03-28,8843
3047,訊舟,61,23,38,玉山-高雄,2023-03-28,8843
00751B,元大AAA至A公司債,36,0,36,玉山-高雄,2023-03-28,8843
3714,富采,39,3,36,玉山-高雄,2023-03-28,8843
5309,系統電,37,2,35,玉山-高雄,2023-03-28,8843
6182,合晶,35,2,33,玉山-高雄,2023-03-28,8843
2867,三商壽,32,0,32,玉山-高雄,2023-03-28,8843
00687B,國泰20年美債,32,2,30,玉山-高雄,2023-03-28,8843
2634,漢翔,116,86,30,玉山-高雄,2023-03-28,8843
8933,愛地雅,30,0,30,玉山-高雄,2023-03-28,8843
4157,太景*-KY,30,0,30,玉山-高雄,2023-03-28,8843
00631L,元大台灣50正2,35,6,29,玉山-高雄,2023-03-28,8843
3037,欣興,38,9,29,玉山-高雄,2023-03-28,8843
2498,宏達電,41,13,28,玉山-高雄,2023-03-28,8843
4916,事欣科,30,4,26,玉山-高雄,2023-03-28,8843
6770,力積電,37,11,26,玉山-高雄,2023-03-28,8843
6125,廣運,26,0,26,玉山-高雄,2023-03-28,8843
2402,毅嘉,113,87,26,玉山-高雄,2023-03-28,8843
1605,華新,114,90,24,玉山-高雄,2023-03-28,8843
3058,立德,24,0,24,玉山-高雄,2023-03-28,8843
00673R,期元大S＆P原油反1,24,0,24,玉山-高雄,2023-03-28,8843
00680L,元大美債20正2,23,0,23,玉山-高雄,2023-03-28,8843
2340,台亞,24,1,23,玉山-高雄,2023-03-28,8843
00900,富邦特選高股息30,22,1,21,玉山-高雄,2023-03-28,8843
2104,國際中橡,22,2,20,玉山-高雄,2023-03-28,8843
5243,乙盛-KY,21,1,20,玉山-高雄,2023-03-28,8843
6202,盛群,20,0,20,玉山-高雄,2023-03-28,8843
00634R,富邦上証反1,59,0,59,玉山-高雄,2023-03-29,8843
2884,玉山金,105,47,58,玉山-高雄,2023-03-29,8843
2303,聯電,85,29,56,玉山-高雄,2023-03-29,8843
00673R,期元大S＆P原油反1,55,0,55,玉山-高雄,2023-03-29,8843
00632R,元大台灣50反1,51,0,51,玉山-高雄,2023-03-29,8843
6116,彩晶,63,15,48,玉山-高雄,2023-03-29,8843
3715,定穎投控,103,57,46,玉山-高雄,2023-03-29,8843
00922,國泰台灣領袖50,46,7,39,玉山-高雄,2023-03-29,8843
4906,正文,40,2,38,玉山-高雄,2023-03-29,8843
6770,力積電,42,6,36,玉山-高雄,2023-03-29,8843
00882,中信中國高股息,35,0,35,玉山-高雄,2023-03-29,8843
00679B,元大美債20年,34,0,34,玉山-高雄,2023-03-29,8843
00772B,中信高評級公司債,32,0,32,玉山-高雄,2023-03-29,8843
3447,展達,36,4,32,玉山-高雄,2023-03-29,8843
6546,正基,28,0,28,玉山-高雄,2023-03-29,8843
2302,麗正,36,9,27,玉山-高雄,2023-03-29,8843
00687B,國泰20年美債,26,0,26,玉山-高雄,2023-03-29,8843
2374,佳能,25,0,25,玉山-高雄,2023-03-29,8843
3105,穩懋,26,3,23,玉山-高雄,2023-03-29,8843
2312,金寶,22,0,22,玉山-高雄,2023-03-29,8843
2609,陽明,26,4,22,玉山-高雄,2023-03-29,8843
8121,越峰,30,9,21,玉山-高雄,2023-03-29,8843
3455,由田,21,1,20,玉山-高雄,2023-03-29,8843
2705,六福,20,0,20,玉山-高雄,2023-03-29,8843
1438,三地開發,20,0,20,玉山-高雄,2023-03-29,8843
5210,寶碩,20,0,20,玉山-高雄,2023-03-29,8843
3665,貿聯-KY,20,0,20,玉山-高雄,2023-03-29,8843
2883B,凱基金乙特,20,0,20,玉山-高雄,2023-03-29,8843
00688L,國泰20年美債正2,20,0,20,玉山-高雄,2023-03-29,8843
00923,群益台ESG低碳50,19,0,19,玉山-高雄,2023-03-29,8843
2929,淘帝-KY,18,0,18,玉山-高雄,2023-03-29,8843
4971,IET-KY,27,9,18,玉山-高雄,2023-03-29,8843
2342,茂矽,26,8,18,玉山-高雄,2023-03-29,8843
2867,三商壽,30,13,17,玉山-高雄,2023-03-29,8843
1605,華新,85,68,17,玉山-高雄,2023-03-29,8843
00751B,元大AAA至A公司債,16,0,16,玉山-高雄,2023-03-29,8843
9945,潤泰新,67,51,16,玉山-高雄,2023-03-29,8843
8938,明安,19,3,16,玉山-高雄,2023-03-29,8843
3707,漢磊,16,1,15,玉山-高雄,2023-03-29,8843
1591,駿吉-KY,30,15,15,玉山-高雄,2023-03-29,8843
2340,台亞,19,5,14,玉山-高雄,2023-03-29,8843
4938,和碩,14,0,14,玉山-高雄,2023-03-29,8843
4113,聯上,23,10,13,玉山-高雄,2023-03-29,8843
00891,中信關鍵半導體,13,0,13,玉山-高雄,2023-03-29,8843
6244,茂迪,18,5,13,玉山-高雄,2023-03-29,8843
3047,訊舟,59,46,13,玉山-高雄,2023-03-29,8843
2329,華泰,17,4,13,玉山-高雄,2023-03-29,8843
2461,光群雷,15,2,13,玉山-高雄,2023-03-29,8843
2603,長榮,16,4,12,玉山-高雄,2023-03-29,8843
3035,智原,46,35,11,玉山-高雄,2023-03-29,8843
00632R,元大台灣50反1,376,1,375,玉山-高雄,2023-03-30,8843
2884,玉山金,243,71,172,玉山-高雄,2023-03-30,8843
2385,群光,160,2,158,玉山-高雄,2023-03-30,8843
2891,中信金,137,42,95,玉山-高雄,2023-03-30,8843
1605,華新,94,5,89,玉山-高雄,2023-03-30,8843
00882,中信中國高股息,87,0,87,玉山-高雄,2023-03-30,8843
2889,國票金,84,0,84,玉山-高雄,2023-03-30,8843
00715L,期街口布蘭特正2,77,0,77,玉山-高雄,2023-03-30,8843
00753L,中信中國50正2,59,0,59,玉山-高雄,2023-03-30,8843
1101,台泥,73,16,57,玉山-高雄,2023-03-30,8843
8110,華東,61,11,50,玉山-高雄,2023-03-30,8843
3037,欣興,103,62,41,玉山-高雄,2023-03-30,8843
00634R,富邦上証反1,40,0,40,玉山-高雄,2023-03-30,8843
3455,由田,40,0,40,玉山-高雄,2023-03-30,8843
2897,王道銀行,40,0,40,玉山-高雄,2023-03-30,8843
00637L,元大滬深300正2,85,46,39,玉山-高雄,2023-03-30,8843
1314,中石化,38,0,38,玉山-高雄,2023-03-30,8843
00881,國泰台灣5G+,42,7,35,玉山-高雄,2023-03-30,8843
2867,三商壽,39,4,35,玉山-高雄,2023-03-30,8843
8926,台汽電,34,4,30,玉山-高雄,2023-03-30,8843
00673R,期元大S＆P原油反1,30,0,30,玉山-高雄,2023-03-30,8843
2609,陽明,37,7,30,玉山-高雄,2023-03-30,8843
00878,國泰永續高股息,92,62,30,玉山-高雄,2023-03-30,8843
2882,國泰金,29,0,29,玉山-高雄,2023-03-30,8843
00894,中信小資高價30,30,2,28,玉山-高雄,2023-03-30,8843
2426,鼎元,26,0,26,玉山-高雄,2023-03-30,8843
2603,長榮,25,0,25,玉山-高雄,2023-03-30,8843
6244,茂迪,60,37,23,玉山-高雄,2023-03-30,8843
2885,元大金,23,1,22,玉山-高雄,2023-03-30,8843
2374,佳能,22,1,21,玉山-高雄,2023-03-30,8843
6120,達運,21,1,20,玉山-高雄,2023-03-30,8843
4111,濟生,21,1,20,玉山-高雄,2023-03-30,8843
2610,華航,22,2,20,玉山-高雄,2023-03-30,8843
1609,大亞,40,22,18,玉山-高雄,2023-03-30,8843
00679B,元大美債20年,19,1,18,玉山-高雄,2023-03-30,8843
5905,南仁湖,17,0,17,玉山-高雄,2023-03-30,8843
5351,鈺創,28,11,17,玉山-高雄,2023-03-30,8843
6109,亞元,16,0,16,玉山-高雄,2023-03-30,8843
2634,漢翔,29,13,16,玉山-高雄,2023-03-30,8843
4938,和碩,16,0,16,玉山-高雄,2023-03-30,8843
4977,眾達-KY,20,5,15,玉山-高雄,2023-03-30,8843
3617,碩天,32,17,15,玉山-高雄,2023-03-30,8843
4167,松瑞藥,20,5,15,玉山-高雄,2023-03-30,8843
00641R,富邦日本反1,20,5,15,玉山-高雄,2023-03-30,8843
2812,台中銀,15,0,15,玉山-高雄,2023-03-30,8843
1795,美時,34,20,14,玉山-高雄,2023-03-30,8843
5880,合庫金,20,6,14,玉山-高雄,2023-03-30,8843
2618,長榮航,25,11,14,玉山-高雄,2023-03-30,8843
2392,正崴,50,36,14,玉山-高雄,2023-03-30,8843
2371,大同,33,19,14,玉山-高雄,2023-03-30,8843
2890,永豐金,438,1,437,玉山-高雄,2023-03-31,8843
00712,復華富時不動產,342,3,339,玉山-高雄,2023-03-31,8843
00632R,元大台灣50反1,268,0,268,玉山-高雄,2023-03-31,8843
00902,中信電池及儲能,200,1,199,玉山-高雄,2023-03-31,8843
3006,晶豪科,149,40,109,玉山-高雄,2023-03-31,8843
1795,美時,77,25,52,玉山-高雄,2023-03-31,8843
2534,宏盛,50,0,50,玉山-高雄,2023-03-31,8843
5351,鈺創,57,16,41,玉山-高雄,2023-03-31,8843
1524,耿鼎,41,2,39,玉山-高雄,2023-03-31,8843
2402,毅嘉,45,7,38,玉山-高雄,2023-03-31,8843
00720B,元大投資級公司債,34,0,34,玉山-高雄,2023-03-31,8843
5309,系統電,54,24,30,玉山-高雄,2023-03-31,8843
1504,東元,96,66,30,玉山-高雄,2023-03-31,8843
6120,達運,30,0,30,玉山-高雄,2023-03-31,8843
00664R,國泰臺灣加權反1,30,0,30,玉山-高雄,2023-03-31,8843
6278,台表科,34,5,29,玉山-高雄,2023-03-31,8843
00679B,元大美債20年,32,3,29,玉山-高雄,2023-03-31,8843
2889,國票金,28,0,28,玉山-高雄,2023-03-31,8843
8046,南電,52,25,27,玉山-高雄,2023-03-31,8843
5450,南良,26,0,26,玉山-高雄,2023-03-31,8843
8261,富鼎,25,0,25,玉山-高雄,2023-03-31,8843
1605,華新,176,151,25,玉山-高雄,2023-03-31,8843
0056,元大高股息,84,60,24,玉山-高雄,2023-03-31,8843
4979,華星光,32,9,23,玉山-高雄,2023-03-31,8843
00888,永豐台灣ESG,23,0,23,玉山-高雄,2023-03-31,8843
8050,廣積,34,12,22,玉山-高雄,2023-03-31,8843
00671R,富邦NASDAQ反1,22,0,22,玉山-高雄,2023-03-31,8843
1326,台化,29,7,22,玉山-高雄,2023-03-31,8843
2834,臺企銀,62,42,20,玉山-高雄,2023-03-31,8843
2104,國際中橡,20,0,20,玉山-高雄,2023-03-31,8843
2025,千興,20,0,20,玉山-高雄,2023-03-31,8843
9103,美德醫療-DR,20,0,20,玉山-高雄,2023-03-31,8843
00676R,富邦臺灣加權反1,20,0,20,玉山-高雄,2023-03-31,8843
2633,台灣高鐵,20,1,19,玉山-高雄,2023-03-31,8843
9941,裕融,19,0,19,玉山-高雄,2023-03-31,8843
2867,三商壽,30,11,19,玉山-高雄,2023-03-31,8843
5880,合庫金,24,7,17,玉山-高雄,2023-03-31,8843
3037,欣興,55,38,17,玉山-高雄,2023-03-31,8843
00772B,中信高評級公司債,19,2,17,玉山-高雄,2023-03-31,8843
3260,威剛,53,36,17,玉山-高雄,2023-03-31,8843
2892,第一金,20,3,17,玉山-高雄,2023-03-31,8843
3711,日月光投控,25,9,16,玉山-高雄,2023-03-31,8843
1314,中石化,16,0,16,玉山-高雄,2023-03-31,8843
1453,大將,15,0,15,玉山-高雄,2023-03-31,8843
2753,八方雲集,18,3,15,玉山-高雄,2023-03-31,8843
6525,捷敏-KY,14,0,14,玉山-高雄,2023-03-31,8843
2603,長榮,18,5,13,玉山-高雄,2023-03-31,8843
3209,全科,17,4,13,玉山-高雄,2023-03-31,8843
3714,富采,33,21,12,玉山-高雄,2023-03-31,8843
2915,潤泰全,31,19,12,玉山-高雄,2023-03-31,8843
00712,復華富時不動產,1225,1,1224,玉山-高雄,2023-04-06,8843
00673R,期元大S＆P原油反1,376,0,376,玉山-高雄,2023-04-06,8843
00669R,國泰美國道瓊反1,231,0,231,玉山-高雄,2023-04-06,8843
00753L,中信中國50正2,253,39,214,玉山-高雄,2023-04-06,8843
00679B,元大美債20年,215,18,197,玉山-高雄,2023-04-06,8843
00902,中信電池及儲能,164,0,164,玉山-高雄,2023-04-06,8843
2884,玉山金,309,163,146,玉山-高雄,2023-04-06,8843
2344,華邦電,140,24,116,玉山-高雄,2023-04-06,8843
9945,潤泰新,113,5,108,玉山-高雄,2023-04-06,8843
1314,中石化,106,10,96,玉山-高雄,2023-04-06,8843
00637L,元大滬深300正2,136,51,85,玉山-高雄,2023-04-06,8843
3481,群創,104,32,72,玉山-高雄,2023-04-06,8843
2534,宏盛,54,5,49,玉山-高雄,2023-04-06,8843
2618,長榮航,59,12,47,玉山-高雄,2023-04-06,8843
2027,大成鋼,62,16,46,玉山-高雄,2023-04-06,8843
2889,國票金,43,2,41,玉山-高雄,2023-04-06,8843
2615,萬海,42,2,40,玉山-高雄,2023-04-06,8843
6120,達運,40,0,40,玉山-高雄,2023-04-06,8843
2897,王道銀行,50,11,39,玉山-高雄,2023-04-06,8843
2610,華航,44,7,37,玉山-高雄,2023-04-06,8843
5309,系統電,44,8,36,玉山-高雄,2023-04-06,8843
00655L,國泰中國A50正2,32,0,32,玉山-高雄,2023-04-06,8843
6122,擎邦,33,1,32,玉山-高雄,2023-04-06,8843
00922,國泰台灣領袖50,31,0,31,玉山-高雄,2023-04-06,8843
2609,陽明,32,2,30,玉山-高雄,2023-04-06,8843
3715,定穎投控,37,7,30,玉山-高雄,2023-04-06,8843
00881,國泰台灣5G+,35,5,30,玉山-高雄,2023-04-06,8843
3078,僑威,29,0,29,玉山-高雄,2023-04-06,8843
006208,富邦台50,28,0,28,玉山-高雄,2023-04-06,8843
3189,景碩,28,1,27,玉山-高雄,2023-04-06,8843
00633L,富邦上証正2,28,1,27,玉山-高雄,2023-04-06,8843
00882,中信中國高股息,28,1,27,玉山-高雄,2023-04-06,8843
6235,華孚,110,84,26,玉山-高雄,2023-04-06,8843
6285,啟��,36,11,25,玉山-高雄,2023-04-06,8843
2385,群光,25,0,25,玉山-高雄,2023-04-06,8843
2349,錸德,25,0,25,玉山-高雄,2023-04-06,8843
910861,神州-DR,25,0,25,玉山-高雄,2023-04-06,8843
8069,元太,41,16,25,玉山-高雄,2023-04-06,8843
6116,彩晶,24,0,24,玉山-高雄,2023-04-06,8843
6770,力積電,30,8,22,玉山-高雄,2023-04-06,8843
2023,燁輝,22,0,22,玉山-高雄,2023-04-06,8843
1795,美時,61,40,21,玉山-高雄,2023-04-06,8843
1609,大亞,45,25,20,玉山-高雄,2023-04-06,8843
8046,南電,23,3,20,玉山-高雄,2023-04-06,8843
00893,國泰智能電動車,45,25,20,玉山-高雄,2023-04-06,8843
4551,智伸科,20,0,20,玉山-高雄,2023-04-06,8843
2025,千興,20,0,20,玉山-高雄,2023-04-06,8843
2834,臺企銀,27,8,19,玉山-高雄,2023-04-06,8843
2603,長榮,22,3,19,玉山-高雄,2023-04-06,8843
2634,漢翔,30,12,18,玉山-高雄,2023-04-06,8843
3706,神達,167,0,167,玉山-高雄,2023-04-07,8843
00712,復華富時不動產,99,7,92,玉山-高雄,2023-04-07,8843
2345,智邦,83,1,82,玉山-高雄,2023-04-07,8843
00673R,期元大S＆P原油反1,82,0,82,玉山-高雄,2023-04-07,8843
2495,普安,94,14,80,玉山-高雄,2023-04-07,8843
2884,玉山金,96,32,64,玉山-高雄,2023-04-07,8843
2208,台船,69,6,63,玉山-高雄,2023-04-07,8843
4958,臻鼎-KY,61,0,61,玉山-高雄,2023-04-07,8843
4934,太極,62,13,49,玉山-高雄,2023-04-07,8843
2352,佳世達,45,0,45,玉山-高雄,2023-04-07,8843
1795,美時,65,21,44,玉山-高雄,2023-04-07,8843
2867,三商壽,181,140,41,玉山-高雄,2023-04-07,8843
3005,神基,41,3,38,玉山-高雄,2023-04-07,8843
6244,茂迪,46,9,37,玉山-高雄,2023-04-07,8843
00922,國泰台灣領袖50,33,0,33,玉山-高雄,2023-04-07,8843
1513,中興電,65,33,32,玉山-高雄,2023-04-07,8843
6120,達運,32,0,32,玉山-高雄,2023-04-07,8843
1101,台泥,32,1,31,玉山-高雄,2023-04-07,8843
2886,兆豐金,31,1,30,玉山-高雄,2023-04-07,8843
2915,潤泰全,48,18,30,玉山-高雄,2023-04-07,8843
2421,建準,30,0,30,玉山-高雄,2023-04-07,8843
2023,燁輝,30,0,30,玉山-高雄,2023-04-07,8843
6235,華孚,89,62,27,玉山-高雄,2023-04-07,8843
2618,長榮航,29,5,24,玉山-高雄,2023-04-07,8843
2342,茂矽,24,0,24,玉山-高雄,2023-04-07,8843
1609,大亞,57,34,23,玉山-高雄,2023-04-07,8843
00720B,元大投資級公司債,22,0,22,玉山-高雄,2023-04-07,8843
1308,亞聚,21,0,21,玉山-高雄,2023-04-07,8843
00900,富邦特選高股息30,21,0,21,玉山-高雄,2023-04-07,8843
2891,中信金,20,0,20,玉山-高雄,2023-04-07,8843
4155,訊映,20,0,20,玉山-高雄,2023-04-07,8843
2349,錸德,20,0,20,玉山-高雄,2023-04-07,8843
2457,飛宏,35,15,20,玉山-高雄,2023-04-07,8843
2356,英業達,27,8,19,玉山-高雄,2023-04-07,8843
2505,國揚,19,0,19,玉山-高雄,2023-04-07,8843
2637,慧洋-KY,26,7,19,玉山-高雄,2023-04-07,8843
1460,宏遠,25,8,17,玉山-高雄,2023-04-07,8843
3624,光頡,52,36,16,玉山-高雄,2023-04-07,8843
6767,台微醫,16,0,16,玉山-高雄,2023-04-07,8843
5880,合庫金,16,1,15,玉山-高雄,2023-04-07,8843
3078,僑威,16,1,15,玉山-高雄,2023-04-07,8843
3004,豐達科,16,1,15,玉山-高雄,2023-04-07,8843
1514,亞力,18,3,15,玉山-高雄,2023-04-07,8843
2511,太子,15,0,15,玉山-高雄,2023-04-07,8843
1326,台化,22,7,15,玉山-高雄,2023-04-07,8843
00902,中信電池及儲能,14,0,14,玉山-高雄,2023-04-07,8843
1301,台塑,17,3,14,玉山-高雄,2023-04-07,8843
3147,大綜,14,0,14,玉山-高雄,2023-04-07,8843
5469,瀚宇博,19,5,14,玉山-高雄,2023-04-07,8843
5309,系統電,28,14,14,玉山-高雄,2023-04-07,8843
2539,櫻花建,206,5,201,玉山-高雄,2023-04-10,8843
00632R,元大台灣50反1,183,0,183,玉山-高雄,2023-04-10,8843
00712,復華富時不動產,271,105,166,玉山-高雄,2023-04-10,8843
00673R,期元大S＆P原油反1,81,0,81,玉山-高雄,2023-04-10,8843
2634,漢翔,117,38,79,玉山-高雄,2023-04-10,8843
8299,群聯,53,2,51,玉山-高雄,2023-04-10,8843
8409,商之器,48,3,45,玉山-高雄,2023-04-10,8843
4128,中天,45,1,44,玉山-高雄,2023-04-10,8843
8936,國統,55,11,44,玉山-高雄,2023-04-10,8843
00773B,中信優先金融債,37,0,37,玉山-高雄,2023-04-10,8843
00679B,元大美債20年,36,1,35,玉山-高雄,2023-04-10,8843
00720B,元大投資級公司債,35,0,35,玉山-高雄,2023-04-10,8843
1605,華新,65,35,30,玉山-高雄,2023-04-10,8843
3013,晟銘電,35,7,28,玉山-高雄,2023-04-10,8843
00900,富邦特選高股息30,38,10,28,玉山-高雄,2023-04-10,8843
00878,國泰永續高股息,59,33,26,玉山-高雄,2023-04-10,8843
6120,達運,24,0,24,玉山-高雄,2023-04-10,8843
2426,鼎元,30,7,23,玉山-高雄,2023-04-10,8843
00637L,元大滬深300正2,33,10,23,玉山-高雄,2023-04-10,8843
5309,系統電,24,2,22,玉山-高雄,2023-04-10,8843
4113,聯上,21,0,21,玉山-高雄,2023-04-10,8843
00664R,國泰臺灣加權反1,21,0,21,玉山-高雄,2023-04-10,8843
2413,環科,21,2,19,玉山-高雄,2023-04-10,8843
2641,正德,19,0,19,玉山-高雄,2023-04-10,8843
00633L,富邦上証正2,33,14,19,玉山-高雄,2023-04-10,8843
00669R,國泰美國道瓊反1,18,0,18,玉山-高雄,2023-04-10,8843
00888,永豐台灣ESG,18,0,18,玉山-高雄,2023-04-10,8843
1519,華城,28,11,17,玉山-高雄,2023-04-10,8843
2457,飛宏,76,59,17,玉山-高雄,2023-04-10,8843
3162,精確,18,1,17,玉山-高雄,2023-04-10,8843
6125,廣運,19,2,17,玉山-高雄,2023-04-10,8843
2615,萬海,16,0,16,玉山-高雄,2023-04-10,8843
2812,台中銀,18,2,16,玉山-高雄,2023-04-10,8843
00850,元大臺灣ESG永續,15,0,15,玉山-高雄,2023-04-10,8843
4566,時碩工業,17,2,15,玉山-高雄,2023-04-10,8843
2606,裕民,16,1,15,玉山-高雄,2023-04-10,8843
2303,聯電,30,16,14,玉山-高雄,2023-04-10,8843
2427,三商電,17,3,14,玉山-高雄,2023-04-10,8843
1609,大亞,43,29,14,玉山-高雄,2023-04-10,8843
2408,南亞科,17,3,14,玉山-高雄,2023-04-10,8843
2605,新興,15,1,14,玉山-高雄,2023-04-10,8843
6829,千附精密,25,12,13,玉山-高雄,2023-04-10,8843
3520,華盈,17,4,13,玉山-高雄,2023-04-10,8843
2610,華航,15,2,13,玉山-高雄,2023-04-10,8843
1308,亞聚,12,0,12,玉山-高雄,2023-04-10,8843
3312,弘憶股,12,0,12,玉山-高雄,2023-04-10,8843
3322,建舜電,14,2,12,玉山-高雄,2023-04-10,8843
00655L,國泰中國A50正2,16,4,12,玉山-高雄,2023-04-10,8843
6282,康舒,15,4,11,玉山-高雄,2023-04-10,8843
1904,正隆,12,1,11,玉山-高雄,2023-04-10,8843
00676R,富邦臺灣加權反1,270,0,270,玉山-高雄,2023-04-11,8843
00632R,元大台灣50反1,237,5,232,玉山-高雄,2023-04-11,8843
2891,中信金,204,79,125,玉山-高雄,2023-04-11,8843
00712,復華富時不動產,131,8,123,玉山-高雄,2023-04-11,8843
6770,力積電,101,19,82,玉山-高雄,2023-04-11,8843
00637L,元大滬深300正2,97,20,77,玉山-高雄,2023-04-11,8843
6753,龍德造船,85,14,71,玉山-高雄,2023-04-11,8843
6282,康舒,76,20,56,玉山-高雄,2023-04-11,8843
9945,潤泰新,107,52,55,玉山-高雄,2023-04-11,8843
00679B,元大美債20年,55,0,55,玉山-高雄,2023-04-11,8843
2303,聯電,60,6,54,玉山-高雄,2023-04-11,8843
00720B,元大投資級公司債,48,0,48,玉山-高雄,2023-04-11,8843
2505,國揚,42,2,40,玉山-高雄,2023-04-11,8843
3711,日月光投控,39,2,37,玉山-高雄,2023-04-11,8843
2498,宏達電,47,10,37,玉山-高雄,2023-04-11,8843
2867,三商壽,66,31,35,玉山-高雄,2023-04-11,8843
1504,東元,68,35,33,玉山-高雄,2023-04-11,8843
2208,台船,35,4,31,玉山-高雄,2023-04-11,8843
1609,大亞,121,90,31,玉山-高雄,2023-04-11,8843
3088,艾訊,28,0,28,玉山-高雄,2023-04-11,8843
3231,緯創,55,28,27,玉山-高雄,2023-04-11,8843
5328,華容,32,6,26,玉山-高雄,2023-04-11,8843
9933,中鼎,26,1,25,玉山-高雄,2023-04-11,8843
2206,三陽工業,38,13,25,玉山-高雄,2023-04-11,8843
6191,精成科,25,2,23,玉山-高雄,2023-04-11,8843
00665L,富邦�琤肭磪囓�2,26,3,23,玉山-高雄,2023-04-11,8843
2888,新光金,25,2,23,玉山-高雄,2023-04-11,8843
3706,神達,23,2,21,玉山-高雄,2023-04-11,8843
1802,台玻,21,0,21,玉山-高雄,2023-04-11,8843
1308,亞聚,24,3,21,玉山-高雄,2023-04-11,8843
6234,高僑,20,0,20,玉山-高雄,2023-04-11,8843
2609,陽明,35,16,19,玉山-高雄,2023-04-11,8843
3260,威剛,32,15,17,玉山-高雄,2023-04-11,8843
2457,飛宏,68,51,17,玉山-高雄,2023-04-11,8843
2618,長榮航,24,7,17,玉山-高雄,2023-04-11,8843
8222,寶一,32,16,16,玉山-高雄,2023-04-11,8843
00878,國泰永續高股息,109,93,16,玉山-高雄,2023-04-11,8843
3363,上詮,15,0,15,玉山-高雄,2023-04-11,8843
00753L,中信中國50正2,24,9,15,玉山-高雄,2023-04-11,8843
3005,神基,52,37,15,玉山-高雄,2023-04-11,8843
6804,明係,15,0,15,玉山-高雄,2023-04-11,8843
1529,樂事綠能,28,13,15,玉山-高雄,2023-04-11,8843
00680L,元大美債20正2,23,8,15,玉山-高雄,2023-04-11,8843
2890,永豐金,20,5,15,玉山-高雄,2023-04-11,8843
2882,國泰金,15,1,14,玉山-高雄,2023-04-11,8843
4953,緯軟,17,3,14,玉山-高雄,2023-04-11,8843
8271,宇瞻,26,12,14,玉山-高雄,2023-04-11,8843
1503,士電,48,34,14,玉山-高雄,2023-04-11,8843
5880,合庫金,19,6,13,玉山-高雄,2023-04-11,8843
00650L,復華香港正2,14,1,13,玉山-高雄,2023-04-11,8843
00712,復華富時不動產,1083,50,1033,玉山-高雄,2023-04-12,8843
00669R,國泰美國道瓊反1,200,0,200,玉山-高雄,2023-04-12,8843
2371,大同,138,5,133,玉山-高雄,2023-04-12,8843
00673R,期元大S＆P原油反1,130,0,130,玉山-高雄,2023-04-12,8843
00637L,元大滬深300正2,114,7,107,玉山-高雄,2023-04-12,8843
2867,三商壽,171,70,101,玉山-高雄,2023-04-12,8843
1513,中興電,187,88,99,玉山-高雄,2023-04-12,8843
00632R,元大台灣50反1,76,10,66,玉山-高雄,2023-04-12,8843
1504,東元,128,66,62,玉山-高雄,2023-04-12,8843
4958,臻鼎-KY,60,0,60,玉山-高雄,2023-04-12,8843
00720B,元大投資級公司債,55,0,55,玉山-高雄,2023-04-12,8843
4979,華星光,57,17,40,玉山-高雄,2023-04-12,8843
2634,漢翔,189,150,39,玉山-高雄,2023-04-12,8843
6789,采鈺,41,4,37,玉山-高雄,2023-04-12,8843
2408,南亞科,57,24,33,玉山-高雄,2023-04-12,8843
2344,華邦電,40,7,33,玉山-高雄,2023-04-12,8843
00680L,元大美債20正2,33,2,31,玉山-高雄,2023-04-12,8843
6116,彩晶,30,0,30,玉山-高雄,2023-04-12,8843
2367,燿華,37,7,30,玉山-高雄,2023-04-12,8843
00633L,富邦上証正2,31,2,29,玉山-高雄,2023-04-12,8843
2330,台積電,34,7,27,玉山-高雄,2023-04-12,8843
1906,寶隆,27,0,27,玉山-高雄,2023-04-12,8843
00878,國泰永續高股息,69,43,26,玉山-高雄,2023-04-12,8843
1708,東鹼,26,0,26,玉山-高雄,2023-04-12,8843
3545,敦泰,36,11,25,玉山-高雄,2023-04-12,8843
1438,三地開發,25,0,25,玉山-高雄,2023-04-12,8843
5488,松普,27,2,25,玉山-高雄,2023-04-12,8843
5512,力麒,25,0,25,玉山-高雄,2023-04-12,8843
00888,永豐台灣ESG,26,3,23,玉山-高雄,2023-04-12,8843
2890,永豐金,23,1,22,玉山-高雄,2023-04-12,8843
3047,訊舟,22,1,21,玉山-高雄,2023-04-12,8843
2615,萬海,26,6,20,玉山-高雄,2023-04-12,8843
2349,錸德,19,0,19,玉山-高雄,2023-04-12,8843
5519,隆大,20,1,19,玉山-高雄,2023-04-12,8843
2812,台中銀,19,1,18,玉山-高雄,2023-04-12,8843
00679B,元大美債20年,20,3,17,玉山-高雄,2023-04-12,8843
9962,有益,18,1,17,玉山-高雄,2023-04-12,8843
8916,光隆,17,0,17,玉山-高雄,2023-04-12,8843
3625,西勝,18,2,16,玉山-高雄,2023-04-12,8843
00655L,國泰中國A50正2,16,0,16,玉山-高雄,2023-04-12,8843
6109,亞元,18,2,16,玉山-高雄,2023-04-12,8843
4968,立積,34,18,16,玉山-高雄,2023-04-12,8843
3455,由田,15,0,15,玉山-高雄,2023-04-12,8843
5315,光聯,15,0,15,玉山-高雄,2023-04-12,8843
2385,群光,15,0,15,玉山-高雄,2023-04-12,8843
00706L,期元大S＆P日圓正2,15,0,15,玉山-高雄,2023-04-12,8843
4551,智伸科,15,0,15,玉山-高雄,2023-04-12,8843
0056,元大高股息,31,17,14,玉山-高雄,2023-04-12,8843
6217,中探針,53,39,14,玉山-高雄,2023-04-12,8843
00753L,中信中國50正2,21,7,14,玉山-高雄,2023-04-12,8843
00712,復華富時不動產,214,0,214,玉山-高雄,2023-04-13,8843
6531,愛普*,175,2,173,玉山-高雄,2023-04-13,8843
2515,中工,243,98,145,玉山-高雄,2023-04-13,8843
5014,建錩,136,0,136,玉山-高雄,2023-04-13,8843
3711,日月光投控,136,1,135,玉山-高雄,2023-04-13,8843
00673R,期元大S＆P原油反1,122,0,122,玉山-高雄,2023-04-13,8843
00878,國泰永續高股息,151,33,118,玉山-高雄,2023-04-13,8843
00720B,元大投資級公司債,118,1,117,玉山-高雄,2023-04-13,8843
1605,華新,122,20,102,玉山-高雄,2023-04-13,8843
2867,三商壽,177,95,82,玉山-高雄,2023-04-13,8843
1314,中石化,114,36,78,玉山-高雄,2023-04-13,8843
8222,寶一,112,61,51,玉山-高雄,2023-04-13,8843
1513,中興電,111,60,51,玉山-高雄,2023-04-13,8843
3576,聯合再生,75,25,50,玉山-高雄,2023-04-13,8843
1609,大亞,89,40,49,玉山-高雄,2023-04-13,8843
3231,緯創,65,19,46,玉山-高雄,2023-04-13,8843
2442,新美齊,50,5,45,玉山-高雄,2023-04-13,8843
00679B,元大美債20年,45,0,45,玉山-高雄,2023-04-13,8843
2323,中環,50,6,44,玉山-高雄,2023-04-13,8843
5009,榮剛,68,24,44,玉山-高雄,2023-04-13,8843
1612,宏泰,43,1,42,玉山-高雄,2023-04-13,8843
00922,國泰台灣領袖50,42,2,40,玉山-高雄,2023-04-13,8843
00664R,國泰臺灣加權反1,40,0,40,玉山-高雄,2023-04-13,8843
00882,中信中國高股息,49,14,35,玉山-高雄,2023-04-13,8843
6163,華電網,67,33,34,玉山-高雄,2023-04-13,8843
2486,一詮,33,0,33,玉山-高雄,2023-04-13,8843
5465,富驊,39,6,33,玉山-高雄,2023-04-13,8843
1316,上曜,33,0,33,玉山-高雄,2023-04-13,8843
1503,士電,66,35,31,玉山-高雄,2023-04-13,8843
6026,福邦證,30,0,30,玉山-高雄,2023-04-13,8843
2534,宏盛,30,0,30,玉山-高雄,2023-04-13,8843
2344,華邦電,43,13,30,玉山-高雄,2023-04-13,8843
2206,三陽工業,37,7,30,玉山-高雄,2023-04-13,8843
5512,力麒,33,4,29,玉山-高雄,2023-04-13,8843
3673,TPK-KY,30,1,29,玉山-高雄,2023-04-13,8843
3406,玉晶光,28,0,28,玉山-高雄,2023-04-13,8843
3380,明泰,27,0,27,玉山-高雄,2023-04-13,8843
1308,亞聚,27,0,27,玉山-高雄,2023-04-13,8843
5309,系統電,39,13,26,玉山-高雄,2023-04-13,8843
6182,合晶,27,2,25,玉山-高雄,2023-04-13,8843
2329,華泰,28,3,25,玉山-高雄,2023-04-13,8843
00713,元大台灣高息低波,28,4,24,玉山-高雄,2023-04-13,8843
3094,聯傑,23,0,23,玉山-高雄,2023-04-13,8843
8927,北基,34,11,23,玉山-高雄,2023-04-13,8843
4960,誠美材,32,10,22,玉山-高雄,2023-04-13,8843
3006,晶豪科,186,164,22,玉山-高雄,2023-04-13,8843
2495,普安,26,4,22,玉山-高雄,2023-04-13,8843
1438,三地開發,21,0,21,玉山-高雄,2023-04-13,8843
00891,中信關鍵半導體,24,4,20,玉山-高雄,2023-04-13,8843
0050,元大台灣50,19,0,19,玉山-高雄,2023-04-13,8843
2867,三商壽,382,51,331,玉山-高雄,2023-04-14,8843
2208,台船,334,57,277,玉山-高雄,2023-04-14,8843
00632R,元大台灣50反1,199,10,189,玉山-高雄,2023-04-14,8843
3006,晶豪科,185,27,158,玉山-高雄,2023-04-14,8843
00712,復華富時不動產,127,0,127,玉山-高雄,2023-04-14,8843
3481,群創,244,125,119,玉山-高雄,2023-04-14,8843
6235,華孚,393,301,92,玉山-高雄,2023-04-14,8843
00679B,元大美債20年,112,24,88,玉山-高雄,2023-04-14,8843
00753L,中信中國50正2,95,9,86,玉山-高雄,2023-04-14,8843
3576,聯合再生,85,11,74,玉山-高雄,2023-04-14,8843
8927,北基,79,5,74,玉山-高雄,2023-04-14,8843
2915,潤泰全,67,1,66,玉山-高雄,2023-04-14,8843
00720B,元大投資級公司債,70,5,65,玉山-高雄,2023-04-14,8843
5009,榮剛,74,9,65,玉山-高雄,2023-04-14,8843
2367,燿華,69,9,60,玉山-高雄,2023-04-14,8843
2634,漢翔,188,131,57,玉山-高雄,2023-04-14,8843
2302,麗正,52,1,51,玉山-高雄,2023-04-14,8843
2402,毅嘉,70,27,43,玉山-高雄,2023-04-14,8843
2352,佳世達,47,7,40,玉山-高雄,2023-04-14,8843
00751B,元大AAA至A公司債,43,3,40,玉山-高雄,2023-04-14,8843
2303,聯電,51,11,40,玉山-高雄,2023-04-14,8843
3049,精金,44,4,40,玉山-高雄,2023-04-14,8843
00687B,國泰20年美債,40,0,40,玉山-高雄,2023-04-14,8843
2382,廣達,43,4,39,玉山-高雄,2023-04-14,8843
8050,廣積,38,2,36,玉山-高雄,2023-04-14,8843
00665L,富邦�琤肭磪囓�2,50,15,35,玉山-高雄,2023-04-14,8843
2002,中鋼,57,24,33,玉山-高雄,2023-04-14,8843
00912,中信臺灣智慧50,33,0,33,玉山-高雄,2023-04-14,8843
8936,國統,42,12,30,玉山-高雄,2023-04-14,8843
1504,東元,112,83,29,玉山-高雄,2023-04-14,8843
2851,中再保,30,1,29,玉山-高雄,2023-04-14,8843
00772B,中信高評級公司債,32,3,29,玉山-高雄,2023-04-14,8843
4743,合一,29,1,28,玉山-高雄,2023-04-14,8843
8222,寶一,91,64,27,玉山-高雄,2023-04-14,8843
6706,惠特,25,1,24,玉山-高雄,2023-04-14,8843
2371,大同,24,0,24,玉山-高雄,2023-04-14,8843
00885,富邦越南,32,8,24,玉山-高雄,2023-04-14,8843
00680L,元大美債20正2,23,0,23,玉山-高雄,2023-04-14,8843
0056,元大高股息,45,22,23,玉山-高雄,2023-04-14,8843
3715,定穎投控,43,21,22,玉山-高雄,2023-04-14,8843
2442,新美齊,22,0,22,玉山-高雄,2023-04-14,8843
00671R,富邦NASDAQ反1,21,0,21,玉山-高雄,2023-04-14,8843
00908,富邦入息REITs+,21,0,21,玉山-高雄,2023-04-14,8843
8383,千附,20,0,20,玉山-高雄,2023-04-14,8843
00673R,期元大S＆P原油反1,30,10,20,玉山-高雄,2023-04-14,8843
3033,威健,20,0,20,玉山-高雄,2023-04-14,8843
5511,德昌,20,0,20,玉山-高雄,2023-04-14,8843
3710,連展投控,20,0,20,玉山-高雄,2023-04-14,8843
2360,致茂,20,0,20,玉山-高雄,2023-04-14,8843
6829,千附精密,49,30,19,玉山-高雄,2023-04-14,8843
00712,復華富時不動產,145,0,145,玉山-高雄,2023-04-17,8843
3481,群創,145,9,136,玉山-高雄,2023-04-17,8843
00679B,元大美債20年,125,0,125,玉山-高雄,2023-04-17,8843
9945,潤泰新,122,4,118,玉山-高雄,2023-04-17,8843
6547,高端疫苗,135,24,111,玉山-高雄,2023-04-17,8843
2915,潤泰全,110,2,108,玉山-高雄,2023-04-17,8843
00893,國泰智能電動車,123,16,107,玉山-高雄,2023-04-17,8843
2834,臺企銀,120,22,98,玉山-高雄,2023-04-17,8843
00720B,元大投資級公司債,172,105,67,玉山-高雄,2023-04-17,8843
2002,中鋼,73,8,65,玉山-高雄,2023-04-17,8843
1714,和桐,60,1,59,玉山-高雄,2023-04-17,8843
1437,勤益控,78,20,58,玉山-高雄,2023-04-17,8843
2515,中工,69,21,48,玉山-高雄,2023-04-17,8843
0056,元大高股息,89,44,45,玉山-高雄,2023-04-17,8843
2855,統一證,41,1,40,玉山-高雄,2023-04-17,8843
3710,連展投控,37,0,37,玉山-高雄,2023-04-17,8843
00687B,國泰20年美債,35,0,35,玉山-高雄,2023-04-17,8843
1504,東元,69,36,33,玉山-高雄,2023-04-17,8843
3058,立德,38,5,33,玉山-高雄,2023-04-17,8843
2610,華航,41,8,33,玉山-高雄,2023-04-17,8843
3189,景碩,36,6,30,玉山-高雄,2023-04-17,8843
00885,富邦越南,32,2,30,玉山-高雄,2023-04-17,8843
2884,玉山金,72,42,30,玉山-高雄,2023-04-17,8843
3088,艾訊,32,3,29,玉山-高雄,2023-04-17,8843
3029,零壹,45,18,27,玉山-高雄,2023-04-17,8843
00888,永豐台灣ESG,27,0,27,玉山-高雄,2023-04-17,8843
00751B,元大AAA至A公司債,30,4,26,玉山-高雄,2023-04-17,8843
2615,萬海,50,24,26,玉山-高雄,2023-04-17,8843
6282,康舒,58,32,26,玉山-高雄,2023-04-17,8843
00772B,中信高評級公司債,24,0,24,玉山-高雄,2023-04-17,8843
2449,京元電子,24,1,23,玉山-高雄,2023-04-17,8843
4543,萬在,23,0,23,玉山-高雄,2023-04-17,8843
6120,達運,22,0,22,玉山-高雄,2023-04-17,8843
3264,欣銓,23,1,22,玉山-高雄,2023-04-17,8843
1513,中興電,93,73,20,玉山-高雄,2023-04-17,8843
00680L,元大美債20正2,19,0,19,玉山-高雄,2023-04-17,8843
3673,TPK-KY,22,3,19,玉山-高雄,2023-04-17,8843
5328,華容,20,1,19,玉山-高雄,2023-04-17,8843
3207,耀勝,19,0,19,玉山-高雄,2023-04-17,8843
3712,永崴投控,44,26,18,玉山-高雄,2023-04-17,8843
8121,越峰,23,6,17,玉山-高雄,2023-04-17,8843
6122,擎邦,31,14,17,玉山-高雄,2023-04-17,8843
1312,國喬,18,1,17,玉山-高雄,2023-04-17,8843
3047,訊舟,19,2,17,玉山-高雄,2023-04-17,8843
5880,合庫金,18,1,17,玉山-高雄,2023-04-17,8843
2812,台中銀,25,8,17,玉山-高雄,2023-04-17,8843
6488,環球晶,17,1,16,玉山-高雄,2023-04-17,8843
2601,益航,18,2,16,玉山-高雄,2023-04-17,8843
2890,永豐金,21,6,15,玉山-高雄,2023-04-17,8843
2454,聯發科,22,7,15,玉山-高雄,2023-04-17,8843
2634,漢翔,986,578,408,玉山-高雄,2023-04-18,8843
00676R,富邦臺灣加權反1,380,0,380,玉山-高雄,2023-04-18,8843
8033,雷虎,357,104,253,玉山-高雄,2023-04-18,8843
00912,中信臺灣智慧50,238,0,238,玉山-高雄,2023-04-18,8843
00720B,元大投資級公司債,184,0,184,玉山-高雄,2023-04-18,8843
00679B,元大美債20年,179,4,175,玉山-高雄,2023-04-18,8843
9945,潤泰新,177,22,155,玉山-高雄,2023-04-18,8843
00664R,國泰臺灣加權反1,200,70,130,玉山-高雄,2023-04-18,8843
00751B,元大AAA至A公司債,94,10,84,玉山-高雄,2023-04-18,8843
1101,台泥,86,13,73,玉山-高雄,2023-04-18,8843
2301,光寶科,64,2,62,玉山-高雄,2023-04-18,8843
1529,樂事綠能,75,15,60,玉山-高雄,2023-04-18,8843
5465,富驊,71,11,60,玉山-高雄,2023-04-18,8843
2851,中再保,75,19,56,玉山-高雄,2023-04-18,8843
00712,復華富時不動產,75,20,55,玉山-高雄,2023-04-18,8843
00772B,中信高評級公司債,55,0,55,玉山-高雄,2023-04-18,8843
00706L,期元大S＆P日圓正2,50,0,50,玉山-高雄,2023-04-18,8843
3481,群創,117,68,49,玉山-高雄,2023-04-18,8843
2610,華航,50,7,43,玉山-高雄,2023-04-18,8843
1717,長興,44,2,42,玉山-高雄,2023-04-18,8843
1538,正峰,42,0,42,玉山-高雄,2023-04-18,8843
6606,建德工業,41,0,41,玉山-高雄,2023-04-18,8843
00687B,國泰20年美債,41,1,40,玉山-高雄,2023-04-18,8843
3046,建��,47,10,37,玉山-高雄,2023-04-18,8843
6122,擎邦,47,11,36,玉山-高雄,2023-04-18,8843
1605,華新,99,64,35,玉山-高雄,2023-04-18,8843
3011,今皓,35,0,35,玉山-高雄,2023-04-18,8843
3380,明泰,37,4,33,玉山-高雄,2023-04-18,8843
2882,國泰金,33,2,31,玉山-高雄,2023-04-18,8843
00680L,元大美債20正2,29,0,29,玉山-高雄,2023-04-18,8843
3499,環天科,29,1,28,玉山-高雄,2023-04-18,8843
3682,亞太電,30,2,28,玉山-高雄,2023-04-18,8843
2618,長榮航,49,21,28,玉山-高雄,2023-04-18,8843
2453,凌群,65,38,27,玉山-高雄,2023-04-18,8843
00641R,富邦日本反1,26,0,26,玉山-高雄,2023-04-18,8843
00888,永豐台灣ESG,25,0,25,玉山-高雄,2023-04-18,8843
00688L,國泰20年美債正2,25,0,25,玉山-高雄,2023-04-18,8843
2867,三商壽,38,15,23,玉山-高雄,2023-04-18,8843
2331,精英,27,4,23,玉山-高雄,2023-04-18,8843
6190,萬泰科,30,7,23,玉山-高雄,2023-04-18,8843
2457,飛宏,98,75,23,玉山-高雄,2023-04-18,8843
2208,台船,106,84,22,玉山-高雄,2023-04-18,8843
1444,力麗,30,8,22,玉山-高雄,2023-04-18,8843
3078,僑威,35,14,21,玉山-高雄,2023-04-18,8843
2609,陽明,42,20,22,玉山-高雄,2023-04-18,8843
2915,潤泰全,27,6,21,玉山-高雄,2023-04-18,8843
2352,佳世達,23,2,21,玉山-高雄,2023-04-18,8843
2419,仲琦,24,3,21,玉山-高雄,2023-04-18,8843
1611,中電,23,2,21,玉山-高雄,2023-04-18,8843
3710,連展投控,23,2,21,玉山-高雄,2023-04-18,8843
00712,復華富時不動產,205,3,202,玉山-高雄,2023-04-19,8843
6116,彩晶,154,7,147,玉山-高雄,2023-04-19,8843
3481,群創,296,176,120,玉山-高雄,2023-04-19,8843
9919,康那香,111,1,110,玉山-高雄,2023-04-19,8843
00679B,元大美債20年,103,0,103,玉山-高雄,2023-04-19,8843
2457,飛宏,505,404,101,玉山-高雄,2023-04-19,8843
3231,緯創,243,143,100,玉山-高雄,2023-04-19,8843
3006,晶豪科,101,24,77,玉山-高雄,2023-04-19,8843
00720B,元大投資級公司債,71,5,66,玉山-高雄,2023-04-19,8843
4157,太景*-KY,61,2,59,玉山-高雄,2023-04-19,8843
1460,宏遠,57,0,57,玉山-高雄,2023-04-19,8843
00912,中信臺灣智慧50,57,0,57,玉山-高雄,2023-04-19,8843
6770,力積電,66,15,51,玉山-高雄,2023-04-19,8843
00878,國泰永續高股息,93,44,49,玉山-高雄,2023-04-19,8843
3682,亞太電,50,2,48,玉山-高雄,2023-04-19,8843
00637L,元大滬深300正2,73,26,47,玉山-高雄,2023-04-19,8843
2454,聯發科,48,1,47,玉山-高雄,2023-04-19,8843
00888,永豐台灣ESG,45,0,45,玉山-高雄,2023-04-19,8843
8927,北基,58,14,44,玉山-高雄,2023-04-19,8843
2498,宏達電,60,17,43,玉山-高雄,2023-04-19,8843
8936,國統,49,8,41,玉山-高雄,2023-04-19,8843
6488,環球晶,39,0,39,玉山-高雄,2023-04-19,8843
2027,大成鋼,48,12,36,玉山-高雄,2023-04-19,8843
2208,台船,57,24,33,玉山-高雄,2023-04-19,8843
4114,健喬,47,14,33,玉山-高雄,2023-04-19,8843
6234,高僑,34,2,32,玉山-高雄,2023-04-19,8843
2303,聯電,37,5,32,玉山-高雄,2023-04-19,8843
2330,台積電,40,8,32,玉山-高雄,2023-04-19,8843
00715L,期街口布蘭特正2,30,0,30,玉山-高雄,2023-04-19,8843
3710,連展投控,30,0,30,玉山-高雄,2023-04-19,8843
2855,統一證,30,0,30,玉山-高雄,2023-04-19,8843
00665L,富邦�琤肭磪囓�2,30,0,30,玉山-高雄,2023-04-19,8843
9911,櫻花,30,0,30,玉山-高雄,2023-04-19,8843
6129,普誠,34,5,29,玉山-高雄,2023-04-19,8843
00891,中信關鍵半導體,29,1,28,玉山-高雄,2023-04-19,8843
00680L,元大美債20正2,28,1,27,玉山-高雄,2023-04-19,8843
3058,立德,42,16,26,玉山-高雄,2023-04-19,8843
2891,中信金,29,3,26,玉山-高雄,2023-04-19,8843
6806,森崴能源,60,35,25,玉山-高雄,2023-04-19,8843
2515,中工,42,17,25,玉山-高雄,2023-04-19,8843
1101,台泥,33,9,24,玉山-高雄,2023-04-19,8843
3037,欣興,27,4,23,玉山-高雄,2023-04-19,8843
2409,友達,147,125,22,玉山-高雄,2023-04-19,8843
3673,TPK-KY,34,12,22,玉山-高雄,2023-04-19,8843
1504,東元,51,29,22,玉山-高雄,2023-04-19,8843
2603,長榮,33,12,21,玉山-高雄,2023-04-19,8843
2641,正德,22,1,21,玉山-高雄,2023-04-19,8843
00675L,富邦臺灣加權正2,21,0,21,玉山-高雄,2023-04-19,8843
4510,高鋒,41,21,20,玉山-高雄,2023-04-19,8843
00632R,元大台灣50反1,32,12,20,玉山-高雄,2023-04-19,8843
00664R,國泰臺灣加權反1,218,0,218,玉山-高雄,2023-04-20,8843
00720B,元大投資級公司債,170,0,170,玉山-高雄,2023-04-20,8843
6770,力積電,173,23,150,玉山-高雄,2023-04-20,8843
00637L,元大滬深300正2,138,8,130,玉山-高雄,2023-04-20,8843
2880,華南金,101,2,99,玉山-高雄,2023-04-20,8843
2618,長榮航,78,0,78,玉山-高雄,2023-04-20,8843
3078,僑威,129,55,74,玉山-高雄,2023-04-20,8843
1907,永豐餘,85,13,72,玉山-高雄,2023-04-20,8843
00665L,富邦�琤肭磪囓�2,82,11,71,玉山-高雄,2023-04-20,8843
8936,國統,70,1,69,玉山-高雄,2023-04-20,8843
2915,潤泰全,62,1,61,玉山-高雄,2023-04-20,8843
00753L,中信中國50正2,60,4,56,玉山-高雄,2023-04-20,8843
9919,康那香,53,1,52,玉山-高雄,2023-04-20,8843
00878,國泰永續高股息,159,109,50,玉山-高雄,2023-04-20,8843
4167,松瑞藥,52,2,50,玉山-高雄,2023-04-20,8843
6244,茂迪,128,82,46,玉山-高雄,2023-04-20,8843
1810,和成,119,74,45,玉山-高雄,2023-04-20,8843
00772B,中信高評級公司債,44,0,44,玉山-高雄,2023-04-20,8843
4164,承業醫,46,3,43,玉山-高雄,2023-04-20,8843
00655L,國泰中國A50正2,42,0,42,玉山-高雄,2023-04-20,8843
2615,萬海,64,23,41,玉山-高雄,2023-04-20,8843
2498,宏達電,63,23,40,玉山-高雄,2023-04-20,8843
2515,中工,52,12,40,玉山-高雄,2023-04-20,8843
00888,永豐台灣ESG,39,0,39,玉山-高雄,2023-04-20,8843
2897,王道銀行,48,11,37,玉山-高雄,2023-04-20,8843
2324,仁寶,64,29,35,玉山-高雄,2023-04-20,8843
2610,華航,39,5,34,玉山-高雄,2023-04-20,8843
00633L,富邦上証正2,36,3,33,玉山-高雄,2023-04-20,8843
2457,飛宏,64,32,32,玉山-高雄,2023-04-20,8843
1904,正隆,39,8,31,玉山-高雄,2023-04-20,8843
3714,富采,31,0,31,玉山-高雄,2023-04-20,8843
1442,名軒,30,0,30,玉山-高雄,2023-04-20,8843
3710,連展投控,30,0,30,玉山-高雄,2023-04-20,8843
3576,聯合再生,50,22,28,玉山-高雄,2023-04-20,8843
00679B,元大美債20年,27,0,27,玉山-高雄,2023-04-20,8843
2471,資通,38,12,26,玉山-高雄,2023-04-20,8843
00885,富邦越南,26,0,26,玉山-高雄,2023-04-20,8843
3094,聯傑,29,4,25,玉山-高雄,2023-04-20,8843
1423,利華,25,0,25,玉山-高雄,2023-04-20,8843
2314,台揚,27,3,24,玉山-高雄,2023-04-20,8843
4934,太極,30,6,24,玉山-高雄,2023-04-20,8843
2303,聯電,36,12,24,玉山-高雄,2023-04-20,8843
2834,臺企銀,23,0,23,玉山-高雄,2023-04-20,8843
1524,耿鼎,29,6,23,玉山-高雄,2023-04-20,8843
2442,新美齊,22,0,22,玉山-高雄,2023-04-20,8843
00751B,元大AAA至A公司債,22,0,22,玉山-高雄,2023-04-20,8843
6284,佳邦,23,1,22,玉山-高雄,2023-04-20,8843
6841,長佳智能,28,7,21,玉山-高雄,2023-04-20,8843
00680L,元大美債20正2,21,0,21,玉山-高雄,2023-04-20,8843
00882,中信中國高股息,32,11,21,玉山-高雄,2023-04-20,8843
00632R,元大台灣50反1,186,23,163,玉山-高雄,2023-04-21,8843
6244,茂迪,326,185,141,玉山-高雄,2023-04-21,8843
3058,立德,143,35,108,玉山-高雄,2023-04-21,8843
2641,正德,105,0,105,玉山-高雄,2023-04-21,8843
0056,元大高股息,96,8,88,玉山-高雄,2023-04-21,8843
1611,中電,208,128,80,玉山-高雄,2023-04-21,8843
00688L,國泰20年美債正2,75,0,75,玉山-高雄,2023-04-21,8843
3380,明泰,71,0,71,玉山-高雄,2023-04-21,8843
2834,臺企銀,67,0,67,玉山-高雄,2023-04-21,8843
8222,寶一,96,35,61,玉山-高雄,2023-04-21,8843
00753L,中信中國50正2,111,55,56,玉山-高雄,2023-04-21,8843
6282,康舒,145,92,53,玉山-高雄,2023-04-21,8843
5009,榮剛,70,23,47,玉山-高雄,2023-04-21,8843
3711,日月光投控,47,0,47,玉山-高雄,2023-04-21,8843
00922,國泰台灣領袖50,51,5,46,玉山-高雄,2023-04-21,8843
3661,世芯-KY,48,3,45,玉山-高雄,2023-04-21,8843
2615,萬海,66,21,45,玉山-高雄,2023-04-21,8843
00664R,國泰臺灣加權反1,40,0,40,玉山-高雄,2023-04-21,8843
2851,中再保,40,1,39,玉山-高雄,2023-04-21,8843
6163,華電網,64,26,38,玉山-高雄,2023-04-21,8843
00900,富邦特選高股息30,39,4,35,玉山-高雄,2023-04-21,8843
3481,群創,70,35,35,玉山-高雄,2023-04-21,8843
1310,台苯,44,11,33,玉山-高雄,2023-04-21,8843
2301,光寶科,32,2,30,玉山-高雄,2023-04-21,8843
2303,聯電,47,17,30,玉山-高雄,2023-04-21,8843
2002,中鋼,32,3,29,玉山-高雄,2023-04-21,8843
2855,統一證,29,0,29,玉山-高雄,2023-04-21,8843
2609,陽明,33,6,27,玉山-高雄,2023-04-21,8843
00888,永豐台灣ESG,37,10,27,玉山-高雄,2023-04-21,8843
2206,三陽工業,45,18,27,玉山-高雄,2023-04-21,8843
3707,漢磊,28,3,25,玉山-高雄,2023-04-21,8843
2104,國際中橡,25,0,25,玉山-高雄,2023-04-21,8843
00891,中信關鍵半導體,31,7,24,玉山-高雄,2023-04-21,8843
00720B,元大投資級公司債,45,21,24,玉山-高雄,2023-04-21,8843
2603,長榮,27,3,24,玉山-高雄,2023-04-21,8843
2618,長榮航,45,22,23,玉山-高雄,2023-04-21,8843
6733,博晟生醫,39,16,23,玉山-高雄,2023-04-21,8843
6120,達運,22,0,22,玉山-高雄,2023-04-21,8843
00712,復華富時不動產,33,11,22,玉山-高雄,2023-04-21,8843
00885,富邦越南,22,1,21,玉山-高雄,2023-04-21,8843
2038,海光,21,0,21,玉山-高雄,2023-04-21,8843
3047,訊舟,21,0,21,玉山-高雄,2023-04-21,8843
00772B,中信高評級公司債,25,4,21,玉山-高雄,2023-04-21,8843
2542,興富發,20,0,20,玉山-高雄,2023-04-21,8843
6770,力積電,42,22,20,玉山-高雄,2023-04-21,8843
1909,榮成,54,34,20,玉山-高雄,2023-04-21,8843
00641R,富邦日本反1,20,0,20,玉山-高雄,2023-04-21,8843
2498,宏達電,25,6,19,玉山-高雄,2023-04-21,8843
1710,東聯,23,4,19,玉山-高雄,2023-04-21,8843
2371,大同,18,0,18,玉山-高雄,2023-04-21,8843
00712,復華富時不動產,285,0,285,玉山-高雄,2023-04-24,8843
00637L,元大滬深300正2,297,18,279,玉山-高雄,2023-04-24,8843
1101,台泥,244,145,99,玉山-高雄,2023-04-24,8843
6116,彩晶,102,4,98,玉山-高雄,2023-04-24,8843
00885,富邦越南,90,0,90,玉山-高雄,2023-04-24,8843
00633L,富邦上証正2,95,6,89,玉山-高雄,2023-04-24,8843
00665L,富邦�琤肭磪囓�2,99,10,89,玉山-高雄,2023-04-24,8843
4979,華星光,98,12,86,玉山-高雄,2023-04-24,8843
00902,中信電池及儲能,82,0,82,玉山-高雄,2023-04-24,8843
2312,金寶,82,1,81,玉山-高雄,2023-04-24,8843
00671R,富邦NASDAQ反1,73,0,73,玉山-高雄,2023-04-24,8843
2913,農林,127,71,56,玉山-高雄,2023-04-24,8843
00655L,國泰中國A50正2,54,6,48,玉山-高雄,2023-04-24,8843
8927,北基,43,0,43,玉山-高雄,2023-04-24,8843
00720B,元大投資級公司債,37,0,37,玉山-高雄,2023-04-24,8843
2324,仁寶,39,2,37,玉山-高雄,2023-04-24,8843
2867,三商壽,52,16,36,玉山-高雄,2023-04-24,8843
2641,正德,35,0,35,玉山-高雄,2023-04-24,8843
1529,樂事綠能,44,9,35,玉山-高雄,2023-04-24,8843
00912,中信臺灣智慧50,34,0,34,玉山-高雄,2023-04-24,8843
2855,統一證,33,0,33,玉山-高雄,2023-04-24,8843
3011,今皓,30,0,30,玉山-高雄,2023-04-24,8843
00893,國泰智能電動車,31,2,29,玉山-高雄,2023-04-24,8843
1711,永光,31,2,29,玉山-高雄,2023-04-24,8843
2313,華通,29,3,26,玉山-高雄,2023-04-24,8843
3047,訊舟,40,15,25,玉山-高雄,2023-04-24,8843
2610,華航,36,11,25,玉山-高雄,2023-04-24,8843
00888,永豐台灣ESG,24,0,24,玉山-高雄,2023-04-24,8843
6508,惠光,24,0,24,玉山-高雄,2023-04-24,8843
3035,智原,35,12,23,玉山-高雄,2023-04-24,8843
2534,宏盛,23,0,23,玉山-高雄,2023-04-24,8843
00648R,元大S＆P500反1,23,0,23,玉山-高雄,2023-04-24,8843
2535,達欣工,23,0,23,玉山-高雄,2023-04-24,8843
2330,台積電,38,15,23,玉山-高雄,2023-04-24,8843
1907,永豐餘,88,66,22,玉山-高雄,2023-04-24,8843
6456,GIS-KY,22,0,22,玉山-高雄,2023-04-24,8843
2303,聯電,63,41,22,玉山-高雄,2023-04-24,8843
00679B,元大美債20年,21,0,21,玉山-高雄,2023-04-24,8843
3712,永崴投控,22,1,21,玉山-高雄,2023-04-24,8843
2542,興富發,22,2,20,玉山-高雄,2023-04-24,8843
1815,富喬,20,0,20,玉山-高雄,2023-04-24,8843
1909,榮成,24,4,20,玉山-高雄,2023-04-24,8843
2002,中鋼,31,12,19,玉山-高雄,2023-04-24,8843
0056,元大高股息,20,0,20,玉山-高雄,2023-04-24,8843
6829,千附精密,28,9,19,玉山-高雄,2023-04-24,8843
2353,宏��,18,0,18,玉山-高雄,2023-04-24,8843
1810,和成,22,4,18,玉山-高雄,2023-04-24,8843
3673,TPK-KY,20,2,18,玉山-高雄,2023-04-24,8843
00751B,元大AAA至A公司債,18,0,18,玉山-高雄,2023-04-24,8843
6129,普誠,21,3,18,玉山-高雄,2023-04-24,8843
00878,國泰永續高股息,281,100,181,玉山-高雄,2023-04-25,8843
00679B,元大美債20年,188,34,154,玉山-高雄,2023-04-25,8843
0056,元大高股息,201,53,148,玉山-高雄,2023-04-25,8843
8927,北基,133,0,133,玉山-高雄,2023-04-25,8843
00650L,復華香港正2,133,10,123,玉山-高雄,2023-04-25,8843
00885,富邦越南,98,5,93,玉山-高雄,2023-04-25,8843
2618,長榮航,90,9,81,玉山-高雄,2023-04-25,8843
00881,國泰台灣5G+,78,0,78,玉山-高雄,2023-04-25,8843
00713,元大台灣高息低波,89,12,77,玉山-高雄,2023-04-25,8843
2610,華航,87,15,72,玉山-高雄,2023-04-25,8843
2504,國產,72,0,72,玉山-高雄,2023-04-25,8843
2344,華邦電,157,91,66,玉山-高雄,2023-04-25,8843
3419,譁裕,66,4,62,玉山-高雄,2023-04-25,8843
2303,聯電,68,14,54,玉山-高雄,2023-04-25,8843
2330,台積電,60,7,53,玉山-高雄,2023-04-25,8843
6116,彩晶,69,16,53,玉山-高雄,2023-04-25,8843
2337,旺宏,63,13,50,玉山-高雄,2023-04-25,8843
6282,康舒,86,43,43,玉山-高雄,2023-04-25,8843
00891,中信關鍵半導體,43,2,41,玉山-高雄,2023-04-25,8843
1905,華紙,104,64,40,玉山-高雄,2023-04-25,8843
2603,長榮,44,4,40,玉山-高雄,2023-04-25,8843
0050,元大台灣50,43,5,38,玉山-高雄,2023-04-25,8843
1503,士電,42,6,36,玉山-高雄,2023-04-25,8843
1907,永豐餘,38,3,35,玉山-高雄,2023-04-25,8843
2855,統一證,47,13,34,玉山-高雄,2023-04-25,8843
3058,立德,53,19,34,玉山-高雄,2023-04-25,8843
3567,逸昌,35,1,34,玉山-高雄,2023-04-25,8843
00902,中信電池及儲能,33,0,33,玉山-高雄,2023-04-25,8843
8046,南電,42,9,33,玉山-高雄,2023-04-25,8843
2023,燁輝,32,0,32,玉山-高雄,2023-04-25,8843
2030,彰源,31,0,31,玉山-高雄,2023-04-25,8843
006208,富邦台50,32,1,31,玉山-高雄,2023-04-25,8843
1605,華新,42,13,29,玉山-高雄,2023-04-25,8843
2002,中鋼,61,32,29,玉山-高雄,2023-04-25,8843
2609,陽明,31,4,27,玉山-高雄,2023-04-25,8843
8936,國統,26,0,26,玉山-高雄,2023-04-25,8843
6234,高僑,37,11,26,玉山-高雄,2023-04-25,8843
2421,建準,28,2,26,玉山-高雄,2023-04-25,8843
2102,泰豐,25,0,25,玉山-高雄,2023-04-25,8843
2317,鴻海,28,4,24,玉山-高雄,2023-04-25,8843
3006,晶豪科,23,0,23,玉山-高雄,2023-04-25,8843
4916,事欣科,23,0,23,玉山-高雄,2023-04-25,8843
4743,合一,27,4,23,玉山-高雄,2023-04-25,8843
00900,富邦特選高股息30,37,15,22,玉山-高雄,2023-04-25,8843
2641,正德,21,0,21,玉山-高雄,2023-04-25,8843
3682,亞太電,20,0,20,玉山-高雄,2023-04-25,8843
3711,日月光投控,21,1,20,玉山-高雄,2023-04-25,8843
6456,GIS-KY,38,18,20,玉山-高雄,2023-04-25,8843
3037,欣興,51,32,19,玉山-高雄,2023-04-25,8843
4960,誠美材,23,4,19,玉山-高雄,2023-04-25,8843
00632R,元大台灣50反1,482,58,424,玉山-高雄,2023-04-26,8843
8927,北基,117,13,104,玉山-高雄,2023-04-26,8843
5880,合庫金,102,7,95,玉山-高雄,2023-04-26,8843
00878,國泰永續高股息,144,50,94,玉山-高雄,2023-04-26,8843
3711,日月光投控,95,2,93,玉山-高雄,2023-04-26,8843
00885,富邦越南,91,3,88,玉山-高雄,2023-04-26,8843
00715L,期街口布蘭特正2,78,0,78,玉山-高雄,2023-04-26,8843
00881,國泰台灣5G+,87,13,74,玉山-高雄,2023-04-26,8843
1101,台泥,153,85,68,玉山-高雄,2023-04-26,8843
2915,潤泰全,52,0,52,玉山-高雄,2023-04-26,8843
2002,中鋼,57,6,51,玉山-高雄,2023-04-26,8843
1611,中電,54,8,46,玉山-高雄,2023-04-26,8843
1907,永豐餘,96,56,40,玉山-高雄,2023-04-26,8843
2610,華航,50,11,39,玉山-高雄,2023-04-26,8843
2609,陽明,41,3,38,玉山-高雄,2023-04-26,8843
2855,統一證,35,0,35,玉山-高雄,2023-04-26,8843
2324,仁寶,36,2,34,玉山-高雄,2023-04-26,8843
8222,寶一,79,46,33,玉山-高雄,2023-04-26,8843
9919,康那香,35,3,32,玉山-高雄,2023-04-26,8843
0056,元大高股息,60,29,31,玉山-高雄,2023-04-26,8843
3567,逸昌,31,0,31,玉山-高雄,2023-04-26,8843
1503,士電,81,50,31,玉山-高雄,2023-04-26,8843
2634,漢翔,89,59,30,玉山-高雄,2023-04-26,8843
1905,華紙,203,175,28,玉山-高雄,2023-04-26,8843
00919,群益台灣精選高息,30,2,28,玉山-高雄,2023-04-26,8843
2352,佳世達,47,19,28,玉山-高雄,2023-04-26,8843
0050,元大台灣50,29,3,26,玉山-高雄,2023-04-26,8843
2313,華通,29,3,26,玉山-高雄,2023-04-26,8843
2331,精英,26,1,25,玉山-高雄,2023-04-26,8843
1711,永光,49,24,25,玉山-高雄,2023-04-26,8843
2303,聯電,35,10,25,玉山-高雄,2023-04-26,8843
00912,中信臺灣智慧50,24,0,24,玉山-高雄,2023-04-26,8843
00900,富邦特選高股息30,26,3,23,玉山-高雄,2023-04-26,8843
2603,長榮,28,5,23,玉山-高雄,2023-04-26,8843
2425,承啟,29,7,22,玉山-高雄,2023-04-26,8843
2388,威盛,23,2,21,玉山-高雄,2023-04-26,8843
006208,富邦台50,23,2,21,玉山-高雄,2023-04-26,8843
6770,力積電,21,1,20,玉山-高雄,2023-04-26,8843
2534,宏盛,20,0,20,玉山-高雄,2023-04-26,8843
1605,華新,41,24,17,玉山-高雄,2023-04-26,8843
3035,智原,27,11,16,玉山-高雄,2023-04-26,8843
1710,東聯,29,13,16,玉山-高雄,2023-04-26,8843
2913,農林,32,16,16,玉山-高雄,2023-04-26,8843
00893,國泰智能電動車,16,1,15,玉山-高雄,2023-04-26,8843
00877,復華中國5G,15,0,15,玉山-高雄,2023-04-26,8843
00679B,元大美債20年,32,18,14,玉山-高雄,2023-04-26,8843
6116,彩晶,25,11,14,玉山-高雄,2023-04-26,8843
00830,國泰費城半導體,13,0,13,玉山-高雄,2023-04-26,8843
5608,四維航,16,3,13,玉山-高雄,2023-04-26,8843
6182,合晶,13,0,13,玉山-高雄,2023-04-26,8843
00712,復華富時不動產,306,4,302,玉山-高雄,2023-04-27,8843
00715L,期街口布蘭特正2,300,20,280,玉山-高雄,2023-04-27,8843
00773B,中信優先金融債,196,0,196,玉山-高雄,2023-04-27,8843
1101,台泥,112,25,87,玉山-高雄,2023-04-27,8843
00753L,中信中國50正2,56,0,56,玉山-高雄,2023-04-27,8843
2888,新光金,66,10,56,玉山-高雄,2023-04-27,8843
1711,永光,147,91,56,玉山-高雄,2023-04-27,8843
00885,富邦越南,53,0,53,玉山-高雄,2023-04-27,8843
3035,智原,59,7,52,玉山-高雄,2023-04-27,8843
2002,中鋼,73,23,50,玉山-高雄,2023-04-27,8843
6770,力積電,55,6,49,玉山-高雄,2023-04-27,8843
2609,陽明,57,10,47,玉山-高雄,2023-04-27,8843
00912,中信臺灣智慧50,42,0,42,玉山-高雄,2023-04-27,8843
2208,台船,58,17,41,玉山-高雄,2023-04-27,8843
2634,漢翔,186,145,41,玉山-高雄,2023-04-27,8843
6116,彩晶,38,0,38,玉山-高雄,2023-04-27,8843
1310,台苯,75,38,37,玉山-高雄,2023-04-27,8843
00679B,元大美債20年,47,11,36,玉山-高雄,2023-04-27,8843
2855,統一證,35,0,35,玉山-高雄,2023-04-27,8843
1304,台聚,34,0,34,玉山-高雄,2023-04-27,8843
00900,富邦特選高股息30,32,1,31,玉山-高雄,2023-04-27,8843
00772B,中信高評級公司債,37,6,31,玉山-高雄,2023-04-27,8843
00637L,元大滬深300正2,37,7,30,玉山-高雄,2023-04-27,8843
00665L,富邦�琤肭磪囓�2,30,0,30,玉山-高雄,2023-04-27,8843
2409,友達,24,0,24,玉山-高雄,2023-04-27,8843
00680L,元大美債20正2,29,6,23,玉山-高雄,2023-04-27,8843
2603,長榮,22,0,22,玉山-高雄,2023-04-27,8843
2534,宏盛,20,0,20,玉山-高雄,2023-04-27,8843
2330,台積電,20,1,19,玉山-高雄,2023-04-27,8843
2376,技嘉,27,8,19,玉山-高雄,2023-04-27,8843
00888,永豐台灣ESG,19,0,19,玉山-高雄,2023-04-27,8843
0056,元大高股息,22,5,17,玉山-高雄,2023-04-27,8843
3081,聯亞,16,0,16,玉山-高雄,2023-04-27,8843
3006,晶豪科,22,6,16,玉山-高雄,2023-04-27,8843
6244,茂迪,25,10,15,玉山-高雄,2023-04-27,8843
1605,華新,24,9,15,玉山-高雄,2023-04-27,8843
2331,精英,20,6,14,玉山-高雄,2023-04-27,8843
2425,承啟,14,0,14,玉山-高雄,2023-04-27,8843
1810,和成,19,5,14,玉山-高雄,2023-04-27,8843
2606,裕民,14,1,13,玉山-高雄,2023-04-27,8843
00687B,國泰20年美債,13,0,13,玉山-高雄,2023-04-27,8843
2206,三陽工業,22,9,13,玉山-高雄,2023-04-27,8843
3013,晟銘電,19,6,13,玉山-高雄,2023-04-27,8843
0050,元大台灣50,18,5,13,玉山-高雄,2023-04-27,8843
6477,安集,14,2,12,玉山-高雄,2023-04-27,8843
2328,廣宇,14,2,12,玉山-高雄,2023-04-27,8843
1524,耿鼎,12,0,12,玉山-高雄,2023-04-27,8843
3037,欣興,26,14,12,玉山-高雄,2023-04-27,8843
006208,富邦台50,12,0,12,玉山-高雄,2023-04-27,8843
3481,群創,22,11,11,玉山-高雄,2023-04-27,8843
3481,群創,227,39,188,玉山-高雄,2023-04-28,8843
2409,友達,281,134,147,玉山-高雄,2023-04-28,8843
6116,彩晶,115,0,115,玉山-高雄,2023-04-28,8843
2634,漢翔,395,306,89,玉山-高雄,2023-04-28,8843
1528,恩德,89,30,59,玉山-高雄,2023-04-28,8843
2344,華邦電,138,80,58,玉山-高雄,2023-04-28,8843
6266,泰詠,70,17,53,玉山-高雄,2023-04-28,8843
3265,台星科,58,6,52,玉山-高雄,2023-04-28,8843
2915,潤泰全,52,0,52,玉山-高雄,2023-04-28,8843
2880,華南金,96,48,48,玉山-高雄,2023-04-28,8843
2492,華新科,51,5,46,玉山-高雄,2023-04-28,8843
00900,富邦特選高股息30,48,3,45,玉山-高雄,2023-04-28,8843
00679B,元大美債20年,43,1,42,玉山-高雄,2023-04-28,8843
2340,台亞,42,0,42,玉山-高雄,2023-04-28,8843
0056,元大高股息,73,31,42,玉山-高雄,2023-04-28,8843
1304,台聚,40,0,40,玉山-高雄,2023-04-28,8843
00720B,元大投資級公司債,41,2,39,玉山-高雄,2023-04-28,8843
2534,宏盛,40,5,35,玉山-高雄,2023-04-28,8843
2337,旺宏,35,1,34,玉山-高雄,2023-04-28,8843
4979,華星光,54,21,33,玉山-高雄,2023-04-28,8843
6770,力積電,35,3,32,玉山-高雄,2023-04-28,8843
00706L,期元大S＆P日圓正2,31,0,31,玉山-高雄,2023-04-28,8843
1718,中纖,30,0,30,玉山-高雄,2023-04-28,8843
3363,上詮,57,29,28,玉山-高雄,2023-04-28,8843
3419,譁裕,33,7,26,玉山-高雄,2023-04-28,8843
3711,日月光投控,111,86,25,玉山-高雄,2023-04-28,8843
00772B,中信高評級公司債,23,1,22,玉山-高雄,2023-04-28,8843
8927,北基,24,2,22,玉山-高雄,2023-04-28,8843
3066,李洲,22,0,22,玉山-高雄,2023-04-28,8843
00751B,元大AAA至A公司債,21,0,21,玉山-高雄,2023-04-28,8843
00664R,國泰臺灣加權反1,21,0,21,玉山-高雄,2023-04-28,8843
5009,榮剛,45,24,21,玉山-高雄,2023-04-28,8843
3499,環天科,20,0,20,玉山-高雄,2023-04-28,8843
2425,承啟,20,0,20,玉山-高雄,2023-04-28,8843
3664,安瑞-KY,20,0,20,玉山-高雄,2023-04-28,8843
6016,康和證,20,0,20,玉山-高雄,2023-04-28,8843
00642U,期元大S＆P石油,21,1,20,玉山-高雄,2023-04-28,8843
3540,曜越,25,6,19,玉山-高雄,2023-04-28,8843
00715L,期街口布蘭特正2,36,17,19,玉山-高雄,2023-04-28,8843
2855,統一證,20,1,19,玉山-高雄,2023-04-28,8843
2834,臺企銀,20,2,18,玉山-高雄,2023-04-28,8843
3078,僑威,29,12,17,玉山-高雄,2023-04-28,8843
2498,宏達電,22,5,17,玉山-高雄,2023-04-28,8843
2331,精英,33,16,17,玉山-高雄,2023-04-28,8843
00882,中信中國高股息,16,0,16,玉山-高雄,2023-04-28,8843
8222,寶一,119,103,16,玉山-高雄,2023-04-28,8843
4188,安克,16,0,16,玉山-高雄,2023-04-28,8843
3710,連展投控,16,0,16,玉山-高雄,2023-04-28,8843
6799,來頡,20,5,15,玉山-高雄,2023-04-28,8843
6234,高僑,16,1,15,玉山-高雄,2023-04-28,8843
00772B,中信高評級公司債,437,0,437,玉山-高雄,2023-05-02,8843
00712,復華富時不動產,335,22,313,玉山-高雄,2023-05-02,8843
00706L,期元大S＆P日圓正2,130,15,115,玉山-高雄,2023-05-02,8843
00679B,元大美債20年,109,2,107,玉山-高雄,2023-05-02,8843
00680L,元大美債20正2,89,0,89,玉山-高雄,2023-05-02,8843
2880,華南金,131,55,76,玉山-高雄,2023-05-02,8843
5009,榮剛,82,8,74,玉山-高雄,2023-05-02,8843
2603,長榮,87,18,69,玉山-高雄,2023-05-02,8843
00751B,元大AAA至A公司債,66,0,66,玉山-高雄,2023-05-02,8843
4510,高鋒,57,4,53,玉山-高雄,2023-05-02,8843
6770,力積電,71,24,47,玉山-高雄,2023-05-02,8843
2495,普安,61,14,47,玉山-高雄,2023-05-02,8843
2884,玉山金,78,34,44,玉山-高雄,2023-05-02,8843
2609,陽明,45,5,40,玉山-高雄,2023-05-02,8843
2812,台中銀,42,2,40,玉山-高雄,2023-05-02,8843
00632R,元大台灣50反1,76,38,38,玉山-高雄,2023-05-02,8843
3682,亞太電,37,0,37,玉山-高雄,2023-05-02,8843
4722,國精化,35,0,35,玉山-高雄,2023-05-02,8843
3033,威健,36,3,33,玉山-高雄,2023-05-02,8843
1519,華城,59,28,31,玉山-高雄,2023-05-02,8843
00642U,期元大S＆P石油,31,0,31,玉山-高雄,2023-05-02,8843
3058,立德,43,13,30,玉山-高雄,2023-05-02,8843
2471,資通,51,22,29,玉山-高雄,2023-05-02,8843
1528,恩德,28,0,28,玉山-高雄,2023-05-02,8843
00641R,富邦日本反1,27,0,27,玉山-高雄,2023-05-02,8843
1218,泰山,27,0,27,玉山-高雄,2023-05-02,8843
4111,濟生,39,13,26,玉山-高雄,2023-05-02,8843
2371,大同,35,9,26,玉山-高雄,2023-05-02,8843
2344,華邦電,51,26,25,玉山-高雄,2023-05-02,8843
00715L,期街口布蘭特正2,42,17,25,玉山-高雄,2023-05-02,8843
4916,事欣科,33,9,24,玉山-高雄,2023-05-02,8843
2630,亞航,25,4,21,玉山-高雄,2023-05-02,8843
1802,台玻,22,1,21,玉山-高雄,2023-05-02,8843
3265,台星科,25,5,20,玉山-高雄,2023-05-02,8843
1103,嘉泥,20,0,20,玉山-高雄,2023-05-02,8843
2482,連宇,26,6,20,玉山-高雄,2023-05-02,8843
00923,群益台ESG低碳50,21,2,19,玉山-高雄,2023-05-02,8843
1809,中釉,19,0,19,玉山-高雄,2023-05-02,8843
00882,中信中國高股息,20,1,19,玉山-高雄,2023-05-02,8843
3025,星通,22,3,19,玉山-高雄,2023-05-02,8843
6148,驊宏資,31,12,19,玉山-高雄,2023-05-02,8843
3540,曜越,19,0,19,玉山-高雄,2023-05-02,8843
6167,久正,26,7,19,玉山-高雄,2023-05-02,8843
1762,中化生,22,5,17,玉山-高雄,2023-05-02,8843
2022,聚亨,29,12,17,玉山-高雄,2023-05-02,8843
1721,三晃,32,16,16,玉山-高雄,2023-05-02,8843
00688L,國泰20年美債正2,46,30,16,玉山-高雄,2023-05-02,8843
8222,寶一,87,72,15,玉山-高雄,2023-05-02,8843
2801,彰銀,21,6,15,玉山-高雄,2023-05-02,8843
2634,漢翔,130,115,15,玉山-高雄,2023-05-02,8843
00712,復華富時不動產,1347,0,1347,玉山-高雄,2023-05-03,8843
00715L,期街口布蘭特正2,481,5,476,玉山-高雄,2023-05-03,8843
00751B,元大AAA至A公司債,199,1,198,玉山-高雄,2023-05-03,8843
2892,第一金,205,8,197,玉山-高雄,2023-05-03,8843
00878,國泰永續高股息,195,14,181,玉山-高雄,2023-05-03,8843
2834,臺企銀,113,0,113,玉山-高雄,2023-05-03,8843
00665L,富邦�琤肭磪囓�2,92,8,84,玉山-高雄,2023-05-03,8843
2603,長榮,76,14,62,玉山-高雄,2023-05-03,8843
2337,旺宏,78,23,55,玉山-高雄,2023-05-03,8843
3481,群創,112,62,50,玉山-高雄,2023-05-03,8843
2634,漢翔,138,90,48,玉山-高雄,2023-05-03,8843
1101,台泥,96,50,46,玉山-高雄,2023-05-03,8843
00642U,期元大S＆P石油,45,1,44,玉山-高雄,2023-05-03,8843
00753L,中信中國50正2,40,0,40,玉山-高雄,2023-05-03,8843
2867,三商壽,37,0,37,玉山-高雄,2023-05-03,8843
8028,昇陽半導體,36,0,36,玉山-高雄,2023-05-03,8843
2609,陽明,104,69,35,玉山-高雄,2023-05-03,8843
3231,緯創,46,11,35,玉山-高雄,2023-05-03,8843
3712,永崴投控,40,7,33,玉山-高雄,2023-05-03,8843
8222,寶一,127,96,31,玉山-高雄,2023-05-03,8843
2201,裕隆,42,12,30,玉山-高雄,2023-05-03,8843
00637L,元大滬深300正2,30,0,30,玉山-高雄,2023-05-03,8843
1104,環泥,33,3,30,玉山-高雄,2023-05-03,8843
8050,廣積,30,1,29,玉山-高雄,2023-05-03,8843
8261,富鼎,29,0,29,玉山-高雄,2023-05-03,8843
00683L,期元大美元指正2,28,0,28,玉山-高雄,2023-05-03,8843
6167,久正,74,49,25,玉山-高雄,2023-05-03,8843
00690,兆豐藍籌30,24,0,24,玉山-高雄,2023-05-03,8843
4510,高鋒,23,0,23,玉山-高雄,2023-05-03,8843
00671R,富邦NASDAQ反1,22,0,22,玉山-高雄,2023-05-03,8843
3058,立德,31,9,22,玉山-高雄,2023-05-03,8843
1514,亞力,38,16,22,玉山-高雄,2023-05-03,8843
1905,華紙,75,55,20,玉山-高雄,2023-05-03,8843
1312,國喬,21,1,20,玉山-高雄,2023-05-03,8843
3052,夆典,20,0,20,玉山-高雄,2023-05-03,8843
00632R,元大台灣50反1,30,10,20,玉山-高雄,2023-05-03,8843
00655L,國泰中國A50正2,20,0,20,玉山-高雄,2023-05-03,8843
2104,國際中橡,20,1,19,玉山-高雄,2023-05-03,8843
6282,康舒,29,11,18,玉山-高雄,2023-05-03,8843
4111,濟生,27,9,18,玉山-高雄,2023-05-03,8843
4968,立積,35,17,18,玉山-高雄,2023-05-03,8843
6741,91APP*-KY,30,12,18,玉山-高雄,2023-05-03,8843
2615,萬海,25,7,18,玉山-高雄,2023-05-03,8843
1326,台化,17,0,17,玉山-高雄,2023-05-03,8843
9945,潤泰新,17,1,16,玉山-高雄,2023-05-03,8843
1810,和成,25,9,16,玉山-高雄,2023-05-03,8843
2344,華邦電,25,9,16,玉山-高雄,2023-05-03,8843
2417,圓剛,16,1,15,玉山-高雄,2023-05-03,8843
6153,嘉聯益,16,1,15,玉山-高雄,2023-05-03,8843
6133,金橋,15,0,15,玉山-高雄,2023-05-03,8843
00715L,期街口布蘭特正2,661,106,555,玉山-高雄,2023-05-04,8843
00632R,元大台灣50反1,528,30,498,玉山-高雄,2023-05-04,8843
00712,復華富時不動產,215,20,195,玉山-高雄,2023-05-04,8843
00878,國泰永續高股息,211,84,127,玉山-高雄,2023-05-04,8843
6148,驊宏資,158,36,122,玉山-高雄,2023-05-04,8843
00676R,富邦臺灣加權反1,90,0,90,玉山-高雄,2023-05-04,8843
2002,中鋼,84,0,84,玉山-高雄,2023-05-04,8843
2371,大同,82,8,74,玉山-高雄,2023-05-04,8843
00642U,期元大S＆P石油,73,2,71,玉山-高雄,2023-05-04,8843
1313,聯成,54,0,54,玉山-高雄,2023-05-04,8843
00751B,元大AAA至A公司債,52,0,52,玉山-高雄,2023-05-04,8843
8050,廣積,51,0,51,玉山-高雄,2023-05-04,8843
3313,斐成,50,0,50,玉山-高雄,2023-05-04,8843
6167,久正,60,14,46,玉山-高雄,2023-05-04,8843
00891,中信關鍵半導體,40,1,39,玉山-高雄,2023-05-04,8843
3673,TPK-KY,36,5,31,玉山-高雄,2023-05-04,8843
2634,漢翔,94,64,30,玉山-高雄,2023-05-04,8843
1101,台泥,79,49,30,玉山-高雄,2023-05-04,8843
4111,濟生,30,2,28,玉山-高雄,2023-05-04,8843
00679B,元大美債20年,33,5,28,玉山-高雄,2023-05-04,8843
3033,威健,30,3,27,玉山-高雄,2023-05-04,8843
2609,陽明,40,14,26,玉山-高雄,2023-05-04,8843
4130,健亞,26,0,26,玉山-高雄,2023-05-04,8843
3052,夆典,26,0,26,玉山-高雄,2023-05-04,8843
2867,三商壽,28,2,26,玉山-高雄,2023-05-04,8843
9933,中鼎,25,0,25,玉山-高雄,2023-05-04,8843
1314,中石化,31,7,24,玉山-高雄,2023-05-04,8843
1307,三芳,25,3,22,玉山-高雄,2023-05-04,8843
3006,晶豪科,29,10,19,玉山-高雄,2023-05-04,8843
4541,晟田,24,6,18,玉山-高雄,2023-05-04,8843
1308,亞聚,18,0,18,玉山-高雄,2023-05-04,8843
6116,彩晶,23,5,18,玉山-高雄,2023-05-04,8843
2023,燁輝,16,0,16,玉山-高雄,2023-05-04,8843
6129,普誠,21,5,16,玉山-高雄,2023-05-04,8843
3047,訊舟,16,0,16,玉山-高雄,2023-05-04,8843
1304,台聚,19,3,16,玉山-高雄,2023-05-04,8843
6282,康舒,23,8,15,玉山-高雄,2023-05-04,8843
00720B,元大投資級公司債,16,1,15,玉山-高雄,2023-05-04,8843
3231,緯創,36,21,15,玉山-高雄,2023-05-04,8843
3540,曜越,14,0,14,玉山-高雄,2023-05-04,8843
2495,普安,26,12,14,玉山-高雄,2023-05-04,8843
2409,友達,18,5,13,玉山-高雄,2023-05-04,8843
1503,士電,29,16,13,玉山-高雄,2023-05-04,8843
2471,資通,63,50,13,玉山-高雄,2023-05-04,8843
2303,聯電,15,3,12,玉山-高雄,2023-05-04,8843
2812,台中銀,14,2,12,玉山-高雄,2023-05-04,8843
4968,立積,43,31,12,玉山-高雄,2023-05-04,8843
8093,保銳,11,0,11,玉山-高雄,2023-05-04,8843
2402,毅嘉,12,1,11,玉山-高雄,2023-05-04,8843
2344,華邦電,29,18,11,玉山-高雄,2023-05-04,8843
00679B,元大美債20年,694,4,690,玉山-高雄,2023-05-05,8843
00878,國泰永續高股息,428,168,260,玉山-高雄,2023-05-05,8843
00715L,期街口布蘭特正2,142,7,135,玉山-高雄,2023-05-05,8843
4157,太景*-KY,92,6,86,玉山-高雄,2023-05-05,8843
2353,宏��,272,201,71,玉山-高雄,2023-05-05,8843
00720B,元大投資級公司債,64,0,64,玉山-高雄,2023-05-05,8843
00772B,中信高評級公司債,59,0,59,玉山-高雄,2023-05-05,8843
00751B,元大AAA至A公司債,58,0,58,玉山-高雄,2023-05-05,8843
2641,正德,46,0,46,玉山-高雄,2023-05-05,8843
5425,台半,44,1,43,玉山-高雄,2023-05-05,8843
6244,茂迪,76,34,42,玉山-高雄,2023-05-05,8843
8215,明基材,45,4,41,玉山-高雄,2023-05-05,8843
4190,佐登-KY,45,4,41,玉山-高雄,2023-05-05,8843
4114,健喬,66,29,37,玉山-高雄,2023-05-05,8843
00885,富邦越南,33,0,33,玉山-高雄,2023-05-05,8843
1802,台玻,34,3,31,玉山-高雄,2023-05-05,8843
2485,兆赫,30,0,30,玉山-高雄,2023-05-05,8843
8050,廣積,42,13,29,玉山-高雄,2023-05-05,8843
2206,三陽工業,39,12,27,玉山-高雄,2023-05-05,8843
6456,GIS-KY,26,0,26,玉山-高雄,2023-05-05,8843
3419,譁裕,27,1,26,玉山-高雄,2023-05-05,8843
2457,飛宏,78,54,24,玉山-高雄,2023-05-05,8843
00687B,國泰20年美債,24,0,24,玉山-高雄,2023-05-05,8843
2609,陽明,32,8,24,玉山-高雄,2023-05-05,8843
3455,由田,22,0,22,玉山-高雄,2023-05-05,8843
2002,中鋼,34,12,22,玉山-高雄,2023-05-05,8843
2545,皇翔,21,0,21,玉山-高雄,2023-05-05,8843
2495,普安,20,0,20,玉山-高雄,2023-05-05,8843
5388,中磊,23,3,20,玉山-高雄,2023-05-05,8843
1504,東元,26,7,19,玉山-高雄,2023-05-05,8843
6443,元晶,35,16,19,玉山-高雄,2023-05-05,8843
2515,中工,25,6,19,玉山-高雄,2023-05-05,8843
2344,華邦電,32,15,17,玉山-高雄,2023-05-05,8843
00795B,中信美國公債20年,16,0,16,玉山-高雄,2023-05-05,8843
00897,富邦基因免疫生技,20,4,16,玉山-高雄,2023-05-05,8843
2478,大毅,15,0,15,玉山-高雄,2023-05-05,8843
4161,聿新科,17,2,15,玉山-高雄,2023-05-05,8843
5469,瀚宇博,17,3,14,玉山-高雄,2023-05-05,8843
6129,普誠,39,25,14,玉山-高雄,2023-05-05,8843
00753L,中信中國50正2,120,106,14,玉山-高雄,2023-05-05,8843
2358,廷鑫,21,7,14,玉山-高雄,2023-05-05,8843
3033,威健,13,0,13,玉山-高雄,2023-05-05,8843
0056,元大高股息,21,8,13,玉山-高雄,2023-05-05,8843
2303,聯電,14,2,12,玉山-高雄,2023-05-05,8843
4111,濟生,34,22,12,玉山-高雄,2023-05-05,8843
3025,星通,12,0,12,玉山-高雄,2023-05-05,8843
2371,大同,15,3,12,玉山-高雄,2023-05-05,8843
3563,牧德,13,1,12,玉山-高雄,2023-05-05,8843
1503,士電,24,12,12,玉山-高雄,2023-05-05,8843
00690,兆豐藍籌30,11,0,11,玉山-高雄,2023-05-05,8843
00676R,富邦臺灣加權反1,530,0,530,玉山-高雄,2023-05-08,8843
2542,興富發,469,4,465,玉山-高雄,2023-05-08,8843
2883,凱基金,566,426,140,玉山-高雄,2023-05-08,8843
2851,中再保,156,16,140,玉山-高雄,2023-05-08,8843
00632R,元大台灣50反1,130,8,122,玉山-高雄,2023-05-08,8843
3303,岱稜,100,0,100,玉山-高雄,2023-05-08,8843
00878,國泰永續高股息,157,69,88,玉山-高雄,2023-05-08,8843
1605,華新,153,72,81,玉山-高雄,2023-05-08,8843
8936,國統,88,9,79,玉山-高雄,2023-05-08,8843
3338,泰碩,75,1,74,玉山-高雄,2023-05-08,8843
2618,長榮航,106,34,72,玉山-高雄,2023-05-08,8843
006208,富邦台50,69,1,68,玉山-高雄,2023-05-08,8843
2801,彰銀,60,1,59,玉山-高雄,2023-05-08,8843
3231,緯創,95,43,52,玉山-高雄,2023-05-08,8843
2887,台新金,79,27,52,玉山-高雄,2023-05-08,8843
00671R,富邦NASDAQ反1,46,0,46,玉山-高雄,2023-05-08,8843
3149,正達,44,1,43,玉山-高雄,2023-05-08,8843
00885,富邦越南,41,1,40,玉山-高雄,2023-05-08,8843
2888,新光金,60,21,39,玉山-高雄,2023-05-08,8843
1218,泰山,48,10,38,玉山-高雄,2023-05-08,8843
2492,華新科,54,17,37,玉山-高雄,2023-05-08,8843
2344,華邦電,35,3,32,玉山-高雄,2023-05-08,8843
00654R,富邦印度反1,30,0,30,玉山-高雄,2023-05-08,8843
9933,中鼎,29,0,29,玉山-高雄,2023-05-08,8843
00712,復華富時不動產,71,44,27,玉山-高雄,2023-05-08,8843
00751B,元大AAA至A公司債,27,0,27,玉山-高雄,2023-05-08,8843
00897,富邦基因免疫生技,26,0,26,玉山-高雄,2023-05-08,8843
3419,譁裕,27,1,26,玉山-高雄,2023-05-08,8843
00683L,期元大美元指正2,26,0,26,玉山-高雄,2023-05-08,8843
3481,群創,36,10,26,玉山-高雄,2023-05-08,8843
00720B,元大投資級公司債,25,0,25,玉山-高雄,2023-05-08,8843
2637,慧洋-KY,26,2,24,玉山-高雄,2023-05-08,8843
1316,上曜,24,0,24,玉山-高雄,2023-05-08,8843
1101,台泥,40,19,21,玉山-高雄,2023-05-08,8843
00670L,富邦NASDAQ正2,20,0,20,玉山-高雄,2023-05-08,8843
2609,陽明,31,11,20,玉山-高雄,2023-05-08,8843
3005,神基,21,2,19,玉山-高雄,2023-05-08,8843
6116,彩晶,19,1,18,玉山-高雄,2023-05-08,8843
00642U,期元大S＆P石油,20,2,18,玉山-高雄,2023-05-08,8843
6248,沛波,17,0,17,玉山-高雄,2023-05-08,8843
6125,廣運,49,32,17,玉山-高雄,2023-05-08,8843
3032,偉訓,20,4,16,玉山-高雄,2023-05-08,8843
00772B,中信高評級公司債,26,10,16,玉山-高雄,2023-05-08,8843
4916,事欣科,21,5,16,玉山-高雄,2023-05-08,8843
2603,長榮,25,10,15,玉山-高雄,2023-05-08,8843
3591,艾笛森,22,7,15,玉山-高雄,2023-05-08,8843
1721,三晃,18,4,14,玉山-高雄,2023-05-08,8843
6282,康舒,27,14,13,玉山-高雄,2023-05-08,8843
2014,中鴻,21,8,13,玉山-高雄,2023-05-08,8843
2731,雄獅,15,3,12,玉山-高雄,2023-05-08,8843
1609,大亞,176,35,141,玉山-高雄,2023-05-09,8843
4147,中裕,135,1,134,玉山-高雄,2023-05-09,8843
1905,華紙,217,113,104,玉山-高雄,2023-05-09,8843
9919,康那香,101,0,101,玉山-高雄,2023-05-09,8843
3058,立德,110,15,95,玉山-高雄,2023-05-09,8843
00680L,元大美債20正2,94,0,94,玉山-高雄,2023-05-09,8843
1101,台泥,105,22,83,玉山-高雄,2023-05-09,8843
00878,國泰永續高股息,111,36,75,玉山-高雄,2023-05-09,8843
1605,華新,102,32,70,玉山-高雄,2023-05-09,8843
00751B,元大AAA至A公司債,68,0,68,玉山-高雄,2023-05-09,8843
2542,興富發,72,6,66,玉山-高雄,2023-05-09,8843
00720B,元大投資級公司債,67,1,66,玉山-高雄,2023-05-09,8843
2324,仁寶,83,22,61,玉山-高雄,2023-05-09,8843
00862B,中信投資級公司債,55,0,55,玉山-高雄,2023-05-09,8843
00687B,國泰20年美債,51,0,51,玉山-高雄,2023-05-09,8843
6443,元晶,99,50,49,玉山-高雄,2023-05-09,8843
00632R,元大台灣50反1,49,0,49,玉山-高雄,2023-05-09,8843
8050,廣積,48,0,48,玉山-高雄,2023-05-09,8843
8215,明基材,46,0,46,玉山-高雄,2023-05-09,8843
1314,中石化,46,0,46,玉山-高雄,2023-05-09,8843
00772B,中信高評級公司債,46,1,45,玉山-高雄,2023-05-09,8843
4967,十銓,45,1,44,玉山-高雄,2023-05-09,8843
3455,由田,44,0,44,玉山-高雄,2023-05-09,8843
00688L,國泰20年美債正2,43,0,43,玉山-高雄,2023-05-09,8843
2888,新光金,51,8,43,玉山-高雄,2023-05-09,8843
2027,大成鋼,49,10,39,玉山-高雄,2023-05-09,8843
8936,國統,55,16,39,玉山-高雄,2023-05-09,8843
1584,精剛,48,12,36,玉山-高雄,2023-05-09,8843
00712,復華富時不動產,58,22,36,玉山-高雄,2023-05-09,8843
3576,聯合再生,38,3,35,玉山-高雄,2023-05-09,8843
4510,高鋒,35,0,35,玉山-高雄,2023-05-09,8843
00912,中信臺灣智慧50,34,0,34,玉山-高雄,2023-05-09,8843
3231,緯創,40,9,31,玉山-高雄,2023-05-09,8843
00713,元大台灣高息低波,34,4,30,玉山-高雄,2023-05-09,8843
00753L,中信中國50正2,30,0,30,玉山-高雄,2023-05-09,8843
3715,定穎投控,44,15,29,玉山-高雄,2023-05-09,8843
1310,台苯,30,3,27,玉山-高雄,2023-05-09,8843
00900,富邦特選高股息30,27,1,26,玉山-高雄,2023-05-09,8843
2883B,凱基金乙特,25,0,25,玉山-高雄,2023-05-09,8843
3265,台星科,25,1,24,玉山-高雄,2023-05-09,8843
1218,泰山,30,6,24,玉山-高雄,2023-05-09,8843
9103,美德醫療-DR,23,0,23,玉山-高雄,2023-05-09,8843
1513,中興電,84,62,22,玉山-高雄,2023-05-09,8843
6125,廣運,36,14,22,玉山-高雄,2023-05-09,8843
2104,國際中橡,22,0,22,玉山-高雄,2023-05-09,8843
6153,嘉聯益,22,0,22,玉山-高雄,2023-05-09,8843
00664R,國泰臺灣加權反1,40,18,22,玉山-高雄,2023-05-09,8843
00679B,元大美債20年,58,37,21,玉山-高雄,2023-05-09,8843
6591,動力-KY,21,0,21,玉山-高雄,2023-05-09,8843
2633,台灣高鐵,25,4,21,玉山-高雄,2023-05-09,8843
2610,華航,606,72,534,玉山-高雄,2023-05-10,8843
00712,復華富時不動產,328,24,304,玉山-高雄,2023-05-10,8843
00637L,元大滬深300正2,256,0,256,玉山-高雄,2023-05-10,8843
6235,華孚,240,23,217,玉山-高雄,2023-05-10,8843
00687B,國泰20年美債,87,0,87,玉山-高雄,2023-05-10,8843
00655L,國泰中國A50正2,79,0,79,玉山-高雄,2023-05-10,8843
8936,國統,72,2,70,玉山-高雄,2023-05-10,8843
00680L,元大美債20正2,69,2,67,玉山-高雄,2023-05-10,8843
3046,建��,182,116,66,玉山-高雄,2023-05-10,8843
00665L,富邦�琤肭磪囓�2,59,0,59,玉山-高雄,2023-05-10,8843
00751B,元大AAA至A公司債,59,0,59,玉山-高雄,2023-05-10,8843
00650L,復華香港正2,56,0,56,玉山-高雄,2023-05-10,8843
3231,緯創,68,16,52,玉山-高雄,2023-05-10,8843
00753L,中信中國50正2,55,5,50,玉山-高雄,2023-05-10,8843
2104,國際中橡,50,1,49,玉山-高雄,2023-05-10,8843
1326,台化,48,0,48,玉山-高雄,2023-05-10,8843
3013,晟銘電,53,5,48,玉山-高雄,2023-05-10,8843
00897,富邦基因免疫生技,42,0,42,玉山-高雄,2023-05-10,8843
2882,國泰金,38,0,38,玉山-高雄,2023-05-10,8843
6125,廣運,38,2,36,玉山-高雄,2023-05-10,8843
00679B,元大美債20年,38,2,36,玉山-高雄,2023-05-10,8843
4979,華星光,55,22,33,玉山-高雄,2023-05-10,8843
00772B,中信高評級公司債,31,0,31,玉山-高雄,2023-05-10,8843
00633L,富邦上証正2,31,0,31,玉山-高雄,2023-05-10,8843
2812,台中銀,71,42,29,玉山-高雄,2023-05-10,8843
2542,興富發,36,8,28,玉山-高雄,2023-05-10,8843
3071,協禧,45,18,27,玉山-高雄,2023-05-10,8843
8046,南電,29,2,27,玉山-高雄,2023-05-10,8843
00878,國泰永續高股息,241,216,25,玉山-高雄,2023-05-10,8843
2492,華新科,40,15,25,玉山-高雄,2023-05-10,8843
2367,燿華,25,0,25,玉山-高雄,2023-05-10,8843
2834,臺企銀,28,5,23,玉山-高雄,2023-05-10,8843
4721,美琪瑪,23,2,21,玉山-高雄,2023-05-10,8843
6274,台燿,22,1,21,玉山-高雄,2023-05-10,8843
1718,中纖,20,0,20,玉山-高雄,2023-05-10,8843
2405,輔信,20,0,20,玉山-高雄,2023-05-10,8843
9919,康那香,20,0,20,玉山-高雄,2023-05-10,8843
4402,郡都開發,18,0,18,玉山-高雄,2023-05-10,8843
5484,慧友,18,0,18,玉山-高雄,2023-05-10,8843
2887,台新金,27,10,17,玉山-高雄,2023-05-10,8843
00850,元大臺灣ESG永續,17,0,17,玉山-高雄,2023-05-10,8843
3209,全科,21,4,17,玉山-高雄,2023-05-10,8843
1723,中碳,17,0,17,玉山-高雄,2023-05-10,8843
2409,友達,19,2,17,玉山-高雄,2023-05-10,8843
3093,港建*,16,0,16,玉山-高雄,2023-05-10,8843
2891,中信金,16,1,15,玉山-高雄,2023-05-10,8843
00688L,國泰20年美債正2,15,0,15,玉山-高雄,2023-05-10,8843
00690,兆豐藍籌30,15,0,15,玉山-高雄,2023-05-10,8843
6664,群翊,15,0,15,玉山-高雄,2023-05-10,8843
2888,新光金,34,19,15,玉山-高雄,2023-05-10,8843
1519,華城,313,128,185,玉山-高雄,2023-05-11,8843
00664R,國泰臺灣加權反1,220,40,180,玉山-高雄,2023-05-11,8843
00878,國泰永續高股息,226,76,150,玉山-高雄,2023-05-11,8843
4147,中裕,122,0,122,玉山-高雄,2023-05-11,8843
2618,長榮航,200,89,111,玉山-高雄,2023-05-11,8843
2867,三商壽,117,11,106,玉山-高雄,2023-05-11,8843
00753L,中信中國50正2,98,20,78,玉山-高雄,2023-05-11,8843
2201,裕隆,68,6,62,玉山-高雄,2023-05-11,8843
3024,憶聲,60,3,57,玉山-高雄,2023-05-11,8843
3481,群創,153,99,54,玉山-高雄,2023-05-11,8843
1609,大亞,122,68,54,玉山-高雄,2023-05-11,8843
4157,太景*-KY,52,0,52,玉山-高雄,2023-05-11,8843
2609,陽明,55,4,51,玉山-高雄,2023-05-11,8843
3105,穩懋,53,3,50,玉山-高雄,2023-05-11,8843
2537,聯上發,50,0,50,玉山-高雄,2023-05-11,8843
00882,中信中國高股息,47,1,46,玉山-高雄,2023-05-11,8843
6285,啟��,49,4,45,玉山-高雄,2023-05-11,8843
6116,彩晶,49,6,43,玉山-高雄,2023-05-11,8843
00680L,元大美債20正2,52,10,42,玉山-高雄,2023-05-11,8843
00720B,元大投資級公司債,42,2,40,玉山-高雄,2023-05-11,8843
00897,富邦基因免疫生技,40,0,40,玉山-高雄,2023-05-11,8843
2317,鴻海,42,6,36,玉山-高雄,2023-05-11,8843
2014,中鴻,34,1,33,玉山-高雄,2023-05-11,8843
2380,虹光,31,0,31,玉山-高雄,2023-05-11,8843
1605,華新,58,28,30,玉山-高雄,2023-05-11,8843
00853B,統一美債10年Aa-,30,0,30,玉山-高雄,2023-05-11,8843
00713,元大台灣高息低波,31,4,27,玉山-高雄,2023-05-11,8843
2352,佳世達,36,11,25,玉山-高雄,2023-05-11,8843
4967,十銓,26,1,25,玉山-高雄,2023-05-11,8843
6266,泰詠,25,1,24,玉山-高雄,2023-05-11,8843
2615,萬海,52,29,23,玉山-高雄,2023-05-11,8843
8050,廣積,42,19,23,玉山-高雄,2023-05-11,8843
2880,華南金,22,0,22,玉山-高雄,2023-05-11,8843
2489,瑞軒,75,53,22,玉山-高雄,2023-05-11,8843
1314,中石化,45,24,21,玉山-高雄,2023-05-11,8843
3313,斐成,24,3,21,玉山-高雄,2023-05-11,8843
2329,華泰,31,10,21,玉山-高雄,2023-05-11,8843
2913,農林,27,6,21,玉山-高雄,2023-05-11,8843
9933,中鼎,22,2,20,玉山-高雄,2023-05-11,8843
6118,建達,21,1,20,玉山-高雄,2023-05-11,8843
3058,立德,46,27,19,玉山-高雄,2023-05-11,8843
5309,系統電,32,14,18,玉山-高雄,2023-05-11,8843
2022,聚亨,21,3,18,玉山-高雄,2023-05-11,8843
3209,全科,18,0,18,玉山-高雄,2023-05-11,8843
1701,中化,18,1,17,玉山-高雄,2023-05-11,8843
2601,益航,16,0,16,玉山-高雄,2023-05-11,8843
2206,三陽工業,39,23,16,玉山-高雄,2023-05-11,8843
3380,明泰,21,5,16,玉山-高雄,2023-05-11,8843
2002,中鋼,26,10,16,玉山-高雄,2023-05-11,8843
4171,瑞基,16,1,15,玉山-高雄,2023-05-11,8843
00878,國泰永續高股息,253,24,229,玉山-高雄,2023-05-12,8843
2888,新光金,167,1,166,玉山-高雄,2023-05-12,8843
00712,復華富時不動產,139,5,134,玉山-高雄,2023-05-12,8843
00715L,期街口布蘭特正2,137,22,115,玉山-高雄,2023-05-12,8843
2883,凱基金,204,117,87,玉山-高雄,2023-05-12,8843
1101,台泥,81,10,71,玉山-高雄,2023-05-12,8843
00655L,國泰中國A50正2,70,0,70,玉山-高雄,2023-05-12,8843
00637L,元大滬深300正2,84,30,54,玉山-高雄,2023-05-12,8843
00633L,富邦上証正2,54,2,52,玉山-高雄,2023-05-12,8843
00676R,富邦臺灣加權反1,50,0,50,玉山-高雄,2023-05-12,8843
9907,統一實,55,5,50,玉山-高雄,2023-05-12,8843
00882,中信中國高股息,46,0,46,玉山-高雄,2023-05-12,8843
2104,國際中橡,46,1,45,玉山-高雄,2023-05-12,8843
9919,康那香,40,0,40,玉山-高雄,2023-05-12,8843
2303,聯電,45,6,39,玉山-高雄,2023-05-12,8843
3481,群創,54,20,34,玉山-高雄,2023-05-12,8843
2606,裕民,35,1,34,玉山-高雄,2023-05-12,8843
2317,鴻海,74,41,33,玉山-高雄,2023-05-12,8843
2882,國泰金,32,0,32,玉山-高雄,2023-05-12,8843
1409,新纖,32,0,32,玉山-高雄,2023-05-12,8843
2641,正德,31,0,31,玉山-高雄,2023-05-12,8843
6285,啟��,60,30,30,玉山-高雄,2023-05-12,8843
9933,中鼎,30,0,30,玉山-高雄,2023-05-12,8843
00641R,富邦日本反1,30,0,30,玉山-高雄,2023-05-12,8843
3702,大聯大,28,0,28,玉山-高雄,2023-05-12,8843
2618,長榮航,121,93,28,玉山-高雄,2023-05-12,8843
00665L,富邦�琤肭磪囓�2,37,12,25,玉山-高雄,2023-05-12,8843
00902,中信電池及儲能,24,0,24,玉山-高雄,2023-05-12,8843
2027,大成鋼,26,2,24,玉山-高雄,2023-05-12,8843
6118,建達,25,1,24,玉山-高雄,2023-05-12,8843
2743,山富,36,13,23,玉山-高雄,2023-05-12,8843
1529,樂事綠能,29,7,22,玉山-高雄,2023-05-12,8843
5531,鄉林,24,2,22,玉山-高雄,2023-05-12,8843
1608,華榮,24,3,21,玉山-高雄,2023-05-12,8843
00720B,元大投資級公司債,20,0,20,玉山-高雄,2023-05-12,8843
00687B,國泰20年美債,20,0,20,玉山-高雄,2023-05-12,8843
1337,再生-KY,22,2,20,玉山-高雄,2023-05-12,8843
2380,虹光,20,0,20,玉山-高雄,2023-05-12,8843
8050,廣積,22,3,19,玉山-高雄,2023-05-12,8843
4958,臻鼎-KY,21,2,19,玉山-高雄,2023-05-12,8843
6111,大宇資,22,4,18,玉山-高雄,2023-05-12,8843
2890,永豐金,20,2,18,玉山-高雄,2023-05-12,8843
9904,寶成,18,1,17,玉山-高雄,2023-05-12,8843
4111,濟生,16,0,16,玉山-高雄,2023-05-12,8843
8093,保銳,18,2,16,玉山-高雄,2023-05-12,8843
5347,世界,17,2,15,玉山-高雄,2023-05-12,8843
1314,中石化,15,0,15,玉山-高雄,2023-05-12,8843
6443,元晶,19,4,15,玉山-高雄,2023-05-12,8843
4130,健亞,15,0,15,玉山-高雄,2023-05-12,8843
00772B,中信高評級公司債,15,0,15,玉山-高雄,2023-05-12,8843
2885,元大金,904,16,888,玉山-高雄,2023-05-15,8843
00878,國泰永續高股息,351,74,277,玉山-高雄,2023-05-15,8843
2371,大同,202,69,133,玉山-高雄,2023-05-15,8843
00715L,期街口布蘭特正2,125,5,120,玉山-高雄,2023-05-15,8843
2303,聯電,115,4,111,玉山-高雄,2023-05-15,8843
1101,台泥,116,11,105,玉山-高雄,2023-05-15,8843
2887,台新金,108,6,102,玉山-高雄,2023-05-15,8843
2208,台船,93,17,76,玉山-高雄,2023-05-15,8843
9945,潤泰新,121,48,73,玉山-高雄,2023-05-15,8843
8936,國統,75,5,70,玉山-高雄,2023-05-15,8843
00751B,元大AAA至A公司債,54,0,54,玉山-高雄,2023-05-15,8843
2317,鴻海,56,11,45,玉山-高雄,2023-05-15,8843
00687B,國泰20年美債,37,1,36,玉山-高雄,2023-05-15,8843
3078,僑威,49,13,36,玉山-高雄,2023-05-15,8843
5905,南仁湖,52,16,36,玉山-高雄,2023-05-15,8843
2332,友訊,37,3,34,玉山-高雄,2023-05-15,8843
1708,東鹼,33,1,32,玉山-高雄,2023-05-15,8843
00641R,富邦日本反1,31,0,31,玉山-高雄,2023-05-15,8843
5531,鄉林,36,5,31,玉山-高雄,2023-05-15,8843
00706L,期元大S＆P日圓正2,30,0,30,玉山-高雄,2023-05-15,8843
2888,新光金,48,22,26,玉山-高雄,2023-05-15,8843
2851,中再保,24,0,24,玉山-高雄,2023-05-15,8843
00882,中信中國高股息,51,28,23,玉山-高雄,2023-05-15,8843
00679B,元大美債20年,25,2,23,玉山-高雄,2023-05-15,8843
2633,台灣高鐵,40,18,22,玉山-高雄,2023-05-15,8843
00888,永豐台灣ESG,22,0,22,玉山-高雄,2023-05-15,8843
00720B,元大投資級公司債,22,0,22,玉山-高雄,2023-05-15,8843
9103,美德醫療-DR,20,0,20,玉山-高雄,2023-05-15,8843
9919,康那香,20,0,20,玉山-高雄,2023-05-15,8843
8422,可寧衛,21,1,20,玉山-高雄,2023-05-15,8843
3231,緯創,57,38,19,玉山-高雄,2023-05-15,8843
6122,擎邦,31,12,19,玉山-高雄,2023-05-15,8843
00891,中信關鍵半導體,19,1,18,玉山-高雄,2023-05-15,8843
3052,夆典,19,1,18,玉山-高雄,2023-05-15,8843
1319,東陽,20,2,18,玉山-高雄,2023-05-15,8843
8234,新漢,22,4,18,玉山-高雄,2023-05-15,8843
6118,建達,18,0,18,玉山-高雄,2023-05-15,8843
6112,邁達特,27,10,17,玉山-高雄,2023-05-15,8843
1795,美時,27,11,16,玉山-高雄,2023-05-15,8843
3025,星通,19,3,16,玉山-高雄,2023-05-15,8843
00772B,中信高評級公司債,16,0,16,玉山-高雄,2023-05-15,8843
0056,元大高股息,37,21,16,玉山-高雄,2023-05-15,8843
2495,普安,18,3,15,玉山-高雄,2023-05-15,8843
2881,富邦金,25,11,14,玉山-高雄,2023-05-15,8843
00637L,元大滬深300正2,32,18,14,玉山-高雄,2023-05-15,8843
2356,英業達,38,25,13,玉山-高雄,2023-05-15,8843
8261,富鼎,13,0,13,玉山-高雄,2023-05-15,8843
3058,立德,17,4,13,玉山-高雄,2023-05-15,8843
3576,聯合再生,22,10,12,玉山-高雄,2023-05-15,8843
2344,華邦電,16,4,12,玉山-高雄,2023-05-15,8843
00680L,元大美債20正2,204,0,204,玉山-高雄,2023-05-16,8843
00720B,元大投資級公司債,109,0,109,玉山-高雄,2023-05-16,8843
00751B,元大AAA至A公司債,64,0,64,玉山-高雄,2023-05-16,8843
2834,臺企銀,68,5,63,玉山-高雄,2023-05-16,8843
00687B,國泰20年美債,52,0,52,玉山-高雄,2023-05-16,8843
1504,東元,59,9,50,玉山-高雄,2023-05-16,8843
3035,智原,61,12,49,玉山-高雄,2023-05-16,8843
2317,鴻海,46,0,46,玉山-高雄,2023-05-16,8843
00772B,中信高評級公司債,45,0,45,玉山-高雄,2023-05-16,8843
2492,華新科,57,27,30,玉山-高雄,2023-05-16,8843
00676R,富邦臺灣加權反1,30,0,30,玉山-高雄,2023-05-16,8843
2929,淘帝-KY,30,0,30,玉山-高雄,2023-05-16,8843
2331,精英,26,0,26,玉山-高雄,2023-05-16,8843
1519,華城,132,106,26,玉山-高雄,2023-05-16,8843
00688L,國泰20年美債正2,24,0,24,玉山-高雄,2023-05-16,8843
2027,大成鋼,24,4,20,玉山-高雄,2023-05-16,8843
2534,宏盛,20,0,20,玉山-高雄,2023-05-16,8843
8476,台境*,20,0,20,玉山-高雄,2023-05-16,8843
2603,長榮,21,2,19,玉山-高雄,2023-05-16,8843
2457,飛宏,41,22,19,玉山-高雄,2023-05-16,8843
00773B,中信優先金融債,18,0,18,玉山-高雄,2023-05-16,8843
2313,華通,26,8,18,玉山-高雄,2023-05-16,8843
2892,第一金,33,15,18,玉山-高雄,2023-05-16,8843
1609,大亞,34,17,17,玉山-高雄,2023-05-16,8843
8936,國統,22,5,17,玉山-高雄,2023-05-16,8843
2204,中華,23,7,16,玉山-高雄,2023-05-16,8843
00795B,中信美國公債20年,16,0,16,玉山-高雄,2023-05-16,8843
2609,陽明,19,3,16,玉山-高雄,2023-05-16,8843
4147,中裕,20,4,16,玉山-高雄,2023-05-16,8843
9919,康那香,15,0,15,玉山-高雄,2023-05-16,8843
2382,廣達,45,31,14,玉山-高雄,2023-05-16,8843
6741,91APP*-KY,14,0,14,玉山-高雄,2023-05-16,8843
2705,六福,17,4,13,玉山-高雄,2023-05-16,8843
8940,新天地,13,0,13,玉山-高雄,2023-05-16,8843
1319,東陽,13,0,13,玉山-高雄,2023-05-16,8843
00919,群益台灣精選高息,13,0,13,玉山-高雄,2023-05-16,8843
8093,保銳,13,0,13,玉山-高雄,2023-05-16,8843
2356,英業達,26,14,12,玉山-高雄,2023-05-16,8843
2491,吉祥全,12,0,12,玉山-高雄,2023-05-16,8843
00780B,國泰A級金融債,12,0,12,玉山-高雄,2023-05-16,8843
2066,世德,13,1,12,玉山-高雄,2023-05-16,8843
6282,康舒,14,2,12,玉山-高雄,2023-05-16,8843
00713,元大台灣高息低波,17,7,10,玉山-高雄,2023-05-16,8843
00712,復華富時不動產,12,2,10,玉山-高雄,2023-05-16,8843
5009,榮剛,12,2,10,玉山-高雄,2023-05-16,8843
8085,福華,10,0,10,玉山-高雄,2023-05-16,8843
9802,鈺齊-KY,10,0,10,玉山-高雄,2023-05-16,8843
1718,中纖,10,0,10,玉山-高雄,2023-05-16,8843
1708,東鹼,10,0,10,玉山-高雄,2023-05-16,8843
00671R,富邦NASDAQ反1,10,0,10,玉山-高雄,2023-05-16,8843
00664R,國泰臺灣加權反1,177,20,157,玉山-高雄,2023-05-17,8843
00878,國泰永續高股息,297,145,152,玉山-高雄,2023-05-17,8843
00687B,國泰20年美債,138,15,123,玉山-高雄,2023-05-17,8843
00688L,國泰20年美債正2,119,0,119,玉山-高雄,2023-05-17,8843
3363,上詮,134,29,105,玉山-高雄,2023-05-17,8843
00676R,富邦臺灣加權反1,80,0,80,玉山-高雄,2023-05-17,8843
00712,復華富時不動產,97,19,78,玉山-高雄,2023-05-17,8843
00715L,期街口布蘭特正2,79,2,77,玉山-高雄,2023-05-17,8843
00637L,元大滬深300正2,95,22,73,玉山-高雄,2023-05-17,8843
00632R,元大台灣50反1,499,435,64,玉山-高雄,2023-05-17,8843
3715,定穎投控,68,8,60,玉山-高雄,2023-05-17,8843
00772B,中信高評級公司債,60,0,60,玉山-高雄,2023-05-17,8843
00751B,元大AAA至A公司債,58,1,57,玉山-高雄,2023-05-17,8843
00633L,富邦上証正2,57,0,57,玉山-高雄,2023-05-17,8843
00680L,元大美債20正2,54,0,54,玉山-高雄,2023-05-17,8843
4543,萬在,50,0,50,玉山-高雄,2023-05-17,8843
00665L,富邦�琤肭磪囓�2,54,4,50,玉山-高雄,2023-05-17,8843
2609,陽明,62,13,49,玉山-高雄,2023-05-17,8843
6285,啟��,67,19,48,玉山-高雄,2023-05-17,8843
00720B,元大投資級公司債,48,0,48,玉山-高雄,2023-05-17,8843
2834,臺企銀,53,8,45,玉山-高雄,2023-05-17,8843
9919,康那香,53,11,42,玉山-高雄,2023-05-17,8843
2801,彰銀,41,1,40,玉山-高雄,2023-05-17,8843
2888,新光金,63,25,38,玉山-高雄,2023-05-17,8843
1802,台玻,43,6,37,玉山-高雄,2023-05-17,8843
1605,華新,47,10,37,玉山-高雄,2023-05-17,8843
6548,長科*,35,0,35,玉山-高雄,2023-05-17,8843
3046,建��,52,17,35,玉山-高雄,2023-05-17,8843
2303,聯電,49,17,32,玉山-高雄,2023-05-17,8843
00753L,中信中國50正2,30,0,30,玉山-高雄,2023-05-17,8843
00640L,富邦日本正2,30,0,30,玉山-高雄,2023-05-17,8843
6139,亞翔,34,4,30,玉山-高雄,2023-05-17,8843
6122,擎邦,31,5,26,玉山-高雄,2023-05-17,8843
3088,艾訊,20,0,20,玉山-高雄,2023-05-17,8843
00773B,中信優先金融債,19,0,19,玉山-高雄,2023-05-17,8843
2358,廷鑫,28,10,18,玉山-高雄,2023-05-17,8843
5425,台半,17,1,16,玉山-高雄,2023-05-17,8843
00671R,富邦NASDAQ反1,16,0,16,玉山-高雄,2023-05-17,8843
2352,佳世達,30,14,16,玉山-高雄,2023-05-17,8843
2323,中環,20,5,15,玉山-高雄,2023-05-17,8843
8443,阿瘦,15,0,15,玉山-高雄,2023-05-17,8843
8446,華研,33,19,14,玉山-高雄,2023-05-17,8843
1762,中化生,15,1,14,玉山-高雄,2023-05-17,8843
00725B,國泰投資級公司債,14,0,14,玉山-高雄,2023-05-17,8843
1513,中興電,29,16,13,玉山-高雄,2023-05-17,8843
2542,興富發,17,4,13,玉山-高雄,2023-05-17,8843
6005,群益證,13,0,13,玉山-高雄,2023-05-17,8843
2208,台船,16,3,13,玉山-高雄,2023-05-17,8843
6874,倍力,22,9,13,玉山-高雄,2023-05-17,8843
2317,鴻海,17,5,12,玉山-高雄,2023-05-17,8843
00676R,富邦臺灣加權反1,320,0,320,玉山-高雄,2023-05-18,8843
00632R,元大台灣50反1,205,45,160,玉山-高雄,2023-05-18,8843
00706L,期元大S＆P日圓正2,100,0,100,玉山-高雄,2023-05-18,8843
2542,興富發,104,15,89,玉山-高雄,2023-05-18,8843
2323,中環,110,47,63,玉山-高雄,2023-05-18,8843
6266,泰詠,67,5,62,玉山-高雄,2023-05-18,8843
00751B,元大AAA至A公司債,60,0,60,玉山-高雄,2023-05-18,8843
00650L,復華香港正2,61,1,60,玉山-高雄,2023-05-18,8843
6285,啟��,113,57,56,玉山-高雄,2023-05-18,8843
8222,寶一,81,26,55,玉山-高雄,2023-05-18,8843
2891,中信金,301,248,53,玉山-高雄,2023-05-18,8843
00687B,國泰20年美債,44,1,43,玉山-高雄,2023-05-18,8843
1522,堤維西,39,1,38,玉山-高雄,2023-05-18,8843
1905,華紙,47,14,33,玉山-高雄,2023-05-18,8843
6234,高僑,36,4,32,玉山-高雄,2023-05-18,8843
00885,富邦越南,35,3,32,玉山-高雄,2023-05-18,8843
6770,力積電,36,5,31,玉山-高雄,2023-05-18,8843
6005,群益證,31,1,30,玉山-高雄,2023-05-18,8843
8476,台境*,30,0,30,玉山-高雄,2023-05-18,8843
00712,復華富時不動產,30,2,28,玉山-高雄,2023-05-18,8843
00641R,富邦日本反1,27,0,27,玉山-高雄,2023-05-18,8843
3363,上詮,61,35,26,玉山-高雄,2023-05-18,8843
00671R,富邦NASDAQ反1,26,0,26,玉山-高雄,2023-05-18,8843
1503,士電,50,25,25,玉山-高雄,2023-05-18,8843
6175,立敦,24,0,24,玉山-高雄,2023-05-18,8843
4157,太景*-KY,23,0,23,玉山-高雄,2023-05-18,8843
1513,中興電,73,51,22,玉山-高雄,2023-05-18,8843
6120,達運,22,0,22,玉山-高雄,2023-05-18,8843
00688L,國泰20年美債正2,22,0,22,玉山-高雄,2023-05-18,8843
00772B,中信高評級公司債,21,0,21,玉山-高雄,2023-05-18,8843
2609,陽明,57,36,21,玉山-高雄,2023-05-18,8843
5328,華容,31,10,21,玉山-高雄,2023-05-18,8843
3022,威強電,24,4,20,玉山-高雄,2023-05-18,8843
2603,長榮,31,12,19,玉山-高雄,2023-05-18,8843
00720B,元大投資級公司債,19,0,19,玉山-高雄,2023-05-18,8843
6596,寬宏藝術,17,0,17,玉山-高雄,2023-05-18,8843
1721,三晃,28,12,16,玉山-高雄,2023-05-18,8843
1734,杏輝,16,0,16,玉山-高雄,2023-05-18,8843
4967,十銓,32,16,16,玉山-高雄,2023-05-18,8843
2352,佳世達,23,8,15,玉山-高雄,2023-05-18,8843
2929,淘帝-KY,15,0,15,玉山-高雄,2023-05-18,8843
3710,連展投控,15,0,15,玉山-高雄,2023-05-18,8843
2705,六福,20,6,14,玉山-高雄,2023-05-18,8843
3006,晶豪科,17,3,14,玉山-高雄,2023-05-18,8843
1104,環泥,17,3,14,玉山-高雄,2023-05-18,8843
00640L,富邦日本正2,14,0,14,玉山-高雄,2023-05-18,8843
4763,材料-KY,21,7,14,玉山-高雄,2023-05-18,8843
6188,廣明,13,0,13,玉山-高雄,2023-05-18,8843
00673R,期元大S＆P原油反1,13,0,13,玉山-高雄,2023-05-18,8843
3576,聯合再生,17,4,13,玉山-高雄,2023-05-18,8843
00687B,國泰20年美債,190,0,190,玉山-高雄,2023-05-19,8843
00665L,富邦�琤肭磪囓�2,1192,1005,187,玉山-高雄,2023-05-19,8843
00706L,期元大S＆P日圓正2,176,0,176,玉山-高雄,2023-05-19,8843
00725B,國泰投資級公司債,150,2,148,玉山-高雄,2023-05-19,8843
6235,華孚,211,82,129,玉山-高雄,2023-05-19,8843
3682,亞太電,110,3,107,玉山-高雄,2023-05-19,8843
2323,中環,142,53,89,玉山-高雄,2023-05-19,8843
00637L,元大滬深300正2,173,89,84,玉山-高雄,2023-05-19,8843
2885,元大金,103,28,75,玉山-高雄,2023-05-19,8843
00882,中信中國高股息,70,0,70,玉山-高雄,2023-05-19,8843
00650L,復華香港正2,72,5,67,玉山-高雄,2023-05-19,8843
00688L,國泰20年美債正2,62,0,62,玉山-高雄,2023-05-19,8843
1504,東元,111,53,58,玉山-高雄,2023-05-19,8843
8234,新漢,49,0,49,玉山-高雄,2023-05-19,8843
00772B,中信高評級公司債,49,1,48,玉山-高雄,2023-05-19,8843
00720B,元大投資級公司債,47,0,47,玉山-高雄,2023-05-19,8843
00751B,元大AAA至A公司債,55,9,46,玉山-高雄,2023-05-19,8843
00680L,元大美債20正2,90,50,40,玉山-高雄,2023-05-19,8843
6443,元晶,45,5,40,玉山-高雄,2023-05-19,8843
2371,大同,39,4,35,玉山-高雄,2023-05-19,8843
3003,健和興,47,12,35,玉山-高雄,2023-05-19,8843
3058,立德,45,11,34,玉山-高雄,2023-05-19,8843
00633L,富邦上証正2,87,54,33,玉山-高雄,2023-05-19,8843
8431,匯鑽科,31,0,31,玉山-高雄,2023-05-19,8843
3540,曜越,35,4,31,玉山-高雄,2023-05-19,8843
00690,兆豐藍籌30,29,0,29,玉山-高雄,2023-05-19,8843
2489,瑞軒,42,14,28,玉山-高雄,2023-05-19,8843
1905,華紙,34,7,27,玉山-高雄,2023-05-19,8843
2457,飛宏,71,45,26,玉山-高雄,2023-05-19,8843
2206,三陽工業,53,27,26,玉山-高雄,2023-05-19,8843
9933,中鼎,25,0,25,玉山-高雄,2023-05-19,8843
00752,中信中國50,25,0,25,玉山-高雄,2023-05-19,8843
4138,曜亞,25,2,23,玉山-高雄,2023-05-19,8843
00753L,中信中國50正2,45,23,22,玉山-高雄,2023-05-19,8843
6118,建達,21,0,21,玉山-高雄,2023-05-19,8843
9945,潤泰新,24,3,21,玉山-高雄,2023-05-19,8843
3558,神準,29,9,20,玉山-高雄,2023-05-19,8843
2905,三商,20,0,20,玉山-高雄,2023-05-19,8843
5324,士開,22,2,20,玉山-高雄,2023-05-19,8843
2453,凌群,26,6,20,玉山-高雄,2023-05-19,8843
1762,中化生,22,4,18,玉山-高雄,2023-05-19,8843
00708L,期元大S＆P黃金正2,18,0,18,玉山-高雄,2023-05-19,8843
6175,立敦,18,0,18,玉山-高雄,2023-05-19,8843
2705,六福,23,5,18,玉山-高雄,2023-05-19,8843
5425,台半,22,5,17,玉山-高雄,2023-05-19,8843
3022,威強電,26,9,17,玉山-高雄,2023-05-19,8843
1605,華新,26,10,16,玉山-高雄,2023-05-19,8843
00671R,富邦NASDAQ反1,16,0,16,玉山-高雄,2023-05-19,8843
2603,長榮,23,7,16,玉山-高雄,2023-05-19,8843
2399,映泰,18,4,14,玉山-高雄,2023-05-19,8843
00665L,富邦�琤肭磪囓�2,510,124,386,玉山-高雄,2023-05-22,8843
2303,聯電,142,4,138,玉山-高雄,2023-05-22,8843
00715L,期街口布蘭特正2,128,5,123,玉山-高雄,2023-05-22,8843
2313,華通,98,5,93,玉山-高雄,2023-05-22,8843
00687B,國泰20年美債,88,0,88,玉山-高雄,2023-05-22,8843
9904,寶成,105,23,82,玉山-高雄,2023-05-22,8843
00772B,中信高評級公司債,72,0,72,玉山-高雄,2023-05-22,8843
00751B,元大AAA至A公司債,71,0,71,玉山-高雄,2023-05-22,8843
00650L,復華香港正2,61,7,54,玉山-高雄,2023-05-22,8843
1101,台泥,60,6,54,玉山-高雄,2023-05-22,8843
00688L,國泰20年美債正2,52,0,52,玉山-高雄,2023-05-22,8843
00712,復華富時不動產,66,18,48,玉山-高雄,2023-05-22,8843
8033,雷虎,46,1,45,玉山-高雄,2023-05-22,8843
2402,毅嘉,45,0,45,玉山-高雄,2023-05-22,8843
00896,中信綠能及電動車,53,8,45,玉山-高雄,2023-05-22,8843
4934,太極,43,0,43,玉山-高雄,2023-05-22,8843
1319,東陽,42,7,35,玉山-高雄,2023-05-22,8843
8046,南電,43,8,35,玉山-高雄,2023-05-22,8843
1605,華新,38,5,33,玉山-高雄,2023-05-22,8843
00632R,元大台灣50反1,99,66,33,玉山-高雄,2023-05-22,8843
8222,寶一,57,25,32,玉山-高雄,2023-05-22,8843
6405,悅城,30,0,30,玉山-高雄,2023-05-22,8843
00725B,國泰投資級公司債,29,0,29,玉山-高雄,2023-05-22,8843
5531,鄉林,30,2,28,玉山-高雄,2023-05-22,8843
00720B,元大投資級公司債,27,0,27,玉山-高雄,2023-05-22,8843
00680L,元大美債20正2,28,1,27,玉山-高雄,2023-05-22,8843
2812,台中銀,27,1,26,玉山-高雄,2023-05-22,8843
5324,士開,37,12,25,玉山-高雄,2023-05-22,8843
6547,高端疫苗,22,0,22,玉山-高雄,2023-05-22,8843
2892,第一金,23,1,22,玉山-高雄,2023-05-22,8843
2438,翔耀,21,0,21,玉山-高雄,2023-05-22,8843
8926,台汽電,24,4,20,玉山-高雄,2023-05-22,8843
2633,台灣高鐵,24,4,20,玉山-高雄,2023-05-22,8843
6190,萬泰科,20,0,20,玉山-高雄,2023-05-22,8843
00641R,富邦日本反1,20,0,20,玉山-高雄,2023-05-22,8843
6531,愛普*,28,9,19,玉山-高雄,2023-05-22,8843
3046,建��,21,2,19,玉山-高雄,2023-05-22,8843
2534,宏盛,20,1,19,玉山-高雄,2023-05-22,8843
2867,三商壽,25,6,19,玉山-高雄,2023-05-22,8843
00773B,中信優先金融債,18,0,18,玉山-高雄,2023-05-22,8843
00795B,中信美國公債20年,18,0,18,玉山-高雄,2023-05-22,8843
8927,北基,36,18,18,玉山-高雄,2023-05-22,8843
3029,零壹,22,5,17,玉山-高雄,2023-05-22,8843
1721,三晃,18,2,16,玉山-高雄,2023-05-22,8843
2352,佳世達,29,14,15,玉山-高雄,2023-05-22,8843
5301,寶得利,15,0,15,玉山-高雄,2023-05-22,8843
8431,匯鑽科,17,2,15,玉山-高雄,2023-05-22,8843
8070,長華*,14,0,14,玉山-高雄,2023-05-22,8843
4130,健亞,14,0,14,玉山-高雄,2023-05-22,8843
6770,力積電,16,2,14,玉山-高雄,2023-05-22,8843
00665L,富邦�琤肭磪囓�2,1960,514,1446,玉山-高雄,2023-05-23,8843
00688L,國泰20年美債正2,370,0,370,玉山-高雄,2023-05-23,8843
2867,三商壽,181,4,177,玉山-高雄,2023-05-23,8843
2883,凱基金,214,58,156,玉山-高雄,2023-05-23,8843
9904,寶成,160,6,154,玉山-高雄,2023-05-23,8843
2610,華航,236,107,129,玉山-高雄,2023-05-23,8843
00637L,元大滬深300正2,154,34,120,玉山-高雄,2023-05-23,8843
00706L,期元大S＆P日圓正2,100,0,100,玉山-高雄,2023-05-23,8843
00687B,國泰20年美債,90,0,90,玉山-高雄,2023-05-23,8843
00633L,富邦上証正2,90,4,86,玉山-高雄,2023-05-23,8843
1513,中興電,102,34,68,玉山-高雄,2023-05-23,8843
1609,大亞,88,23,65,玉山-高雄,2023-05-23,8843
3052,夆典,60,0,60,玉山-高雄,2023-05-23,8843
4303,信立,52,0,52,玉山-高雄,2023-05-23,8843
00795B,中信美國公債20年,51,0,51,玉山-高雄,2023-05-23,8843
8155,博智,50,1,49,玉山-高雄,2023-05-23,8843
2303,聯電,55,7,48,玉山-高雄,2023-05-23,8843
6285,啟��,47,2,45,玉山-高雄,2023-05-23,8843
2492,華新科,44,1,43,玉山-高雄,2023-05-23,8843
8222,寶一,109,67,42,玉山-高雄,2023-05-23,8843
00772B,中信高評級公司債,39,1,38,玉山-高雄,2023-05-23,8843
6405,悅城,38,0,38,玉山-高雄,2023-05-23,8843
00878,國泰永續高股息,147,110,37,玉山-高雄,2023-05-23,8843
00882,中信中國高股息,68,32,36,玉山-高雄,2023-05-23,8843
2313,華通,43,7,36,玉山-高雄,2023-05-23,8843
2801,彰銀,43,7,36,玉山-高雄,2023-05-23,8843
8926,台汽電,36,2,34,玉山-高雄,2023-05-23,8843
00680L,元大美債20正2,34,0,34,玉山-高雄,2023-05-23,8843
6547,高端疫苗,40,8,32,玉山-高雄,2023-05-23,8843
6239,力成,31,0,31,玉山-高雄,2023-05-23,8843
1101,台泥,32,2,30,玉山-高雄,2023-05-23,8843
1514,亞力,36,6,30,玉山-高雄,2023-05-23,8843
8476,台境*,30,0,30,玉山-高雄,2023-05-23,8843
6689,伊雲谷,30,3,27,玉山-高雄,2023-05-23,8843
1608,華榮,27,0,27,玉山-高雄,2023-05-23,8843
3022,威強電,37,10,27,玉山-高雄,2023-05-23,8843
1529,樂事綠能,26,0,26,玉山-高雄,2023-05-23,8843
2371,大同,36,12,24,玉山-高雄,2023-05-23,8843
2368,金像電,37,13,24,玉山-高雄,2023-05-23,8843
4111,濟生,24,0,24,玉山-高雄,2023-05-23,8843
5905,南仁湖,34,10,24,玉山-高雄,2023-05-23,8843
4130,健亞,25,1,24,玉山-高雄,2023-05-23,8843
5498,凱崴,23,0,23,玉山-高雄,2023-05-23,8843
00751B,元大AAA至A公司債,22,0,22,玉山-高雄,2023-05-23,8843
1528,恩德,24,2,22,玉山-高雄,2023-05-23,8843
00720B,元大投資級公司債,21,0,21,玉山-高雄,2023-05-23,8843
00650L,復華香港正2,20,0,20,玉山-高雄,2023-05-23,8843
6134,萬旭,25,5,20,玉山-高雄,2023-05-23,8843
4113,聯上,20,0,20,玉山-高雄,2023-05-23,8843
1605,華新,36,17,19,玉山-高雄,2023-05-23,8843
00878,國泰永續高股息,913,117,796,玉山-高雄,2023-05-24,8843
2885,元大金,202,2,200,玉山-高雄,2023-05-24,8843
00882,中信中國高股息,169,2,167,玉山-高雄,2023-05-24,8843
00928,中信上櫃ESG30,156,0,156,玉山-高雄,2023-05-24,8843
00632R,元大台灣50反1,351,200,151,玉山-高雄,2023-05-24,8843
00637L,元大滬深300正2,202,58,144,玉山-高雄,2023-05-24,8843
1460,宏遠,88,6,82,玉山-高雄,2023-05-24,8843
00650L,復華香港正2,73,1,72,玉山-高雄,2023-05-24,8843
00665L,富邦�琤肭磪囓�2,71,0,71,玉山-高雄,2023-05-24,8843
00712,復華富時不動產,68,3,65,玉山-高雄,2023-05-24,8843
00633L,富邦上証正2,69,11,58,玉山-高雄,2023-05-24,8843
00687B,國泰20年美債,51,0,51,玉山-高雄,2023-05-24,8843
00680L,元大美債20正2,62,11,51,玉山-高雄,2023-05-24,8843
3576,聯合再生,52,4,48,玉山-高雄,2023-05-24,8843
2027,大成鋼,51,6,45,玉山-高雄,2023-05-24,8843
00720B,元大投資級公司債,42,0,42,玉山-高雄,2023-05-24,8843
1210,大成,40,0,40,玉山-高雄,2023-05-24,8843
5009,榮剛,76,43,33,玉山-高雄,2023-05-24,8843
3035,智原,37,4,33,玉山-高雄,2023-05-24,8843
1785,光洋科,39,6,33,玉山-高雄,2023-05-24,8843
1101,台泥,46,16,30,玉山-高雄,2023-05-24,8843
2399,映泰,56,28,28,玉山-高雄,2023-05-24,8843
2630,亞航,44,20,24,玉山-高雄,2023-05-24,8843
1529,樂事綠能,45,21,24,玉山-高雄,2023-05-24,8843
8358,金居,24,1,23,玉山-高雄,2023-05-24,8843
4130,健亞,23,0,23,玉山-高雄,2023-05-24,8843
2851,中再保,20,1,19,玉山-高雄,2023-05-24,8843
1307,三芳,21,2,19,玉山-高雄,2023-05-24,8843
3596,智易,21,2,19,玉山-高雄,2023-05-24,8843
2025,千興,21,2,19,玉山-高雄,2023-05-24,8843
8093,保銳,18,0,18,玉山-高雄,2023-05-24,8843
1513,中興電,48,30,18,玉山-高雄,2023-05-24,8843
2409,友達,19,2,17,玉山-高雄,2023-05-24,8843
2301,光寶科,17,0,17,玉山-高雄,2023-05-24,8843
2881,富邦金,19,3,16,玉山-高雄,2023-05-24,8843
2338,光罩,21,5,16,玉山-高雄,2023-05-24,8843
2457,飛宏,148,132,16,玉山-高雄,2023-05-24,8843
6182,合晶,15,0,15,玉山-高雄,2023-05-24,8843
2495,普安,15,0,15,玉山-高雄,2023-05-24,8843
4977,眾達-KY,16,1,15,玉山-高雄,2023-05-24,8843
6405,悅城,16,1,15,玉山-高雄,2023-05-24,8843
2886,兆豐金,41,27,14,玉山-高雄,2023-05-24,8843
2615,萬海,16,2,14,玉山-高雄,2023-05-24,8843
6234,高僑,16,2,14,玉山-高雄,2023-05-24,8843
3363,上詮,31,17,14,玉山-高雄,2023-05-24,8843
00713,元大台灣高息低波,30,17,13,玉山-高雄,2023-05-24,8843
00923,群益台ESG低碳50,13,0,13,玉山-高雄,2023-05-24,8843
00655L,國泰中國A50正2,13,0,13,玉山-高雄,2023-05-24,8843
2480,敦陽科,17,4,13,玉山-高雄,2023-05-24,8843
00772B,中信高評級公司債,16,4,12,玉山-高雄,2023-05-24,8843
00882,中信中國高股息,246,6,240,玉山-高雄,2023-05-25,8843
00637L,元大滬深300正2,468,313,155,玉山-高雄,2023-05-25,8843
00753L,中信中國50正2,177,25,152,玉山-高雄,2023-05-25,8843
00665L,富邦�琤肭磪囓�2,112,0,112,玉山-高雄,2023-05-25,8843
2867,三商壽,100,0,100,玉山-高雄,2023-05-25,8843
00650L,復華香港正2,93,0,93,玉山-高雄,2023-05-25,8843
2630,亞航,125,56,69,玉山-高雄,2023-05-25,8843
00712,復華富時不動產,71,4,67,玉山-高雄,2023-05-25,8843
2881,富邦金,65,0,65,玉山-高雄,2023-05-25,8843
00688L,國泰20年美債正2,60,0,60,玉山-高雄,2023-05-25,8843
1608,華榮,87,30,57,玉山-高雄,2023-05-25,8843
3252,海灣,66,10,56,玉山-高雄,2023-05-25,8843
2915,潤泰全,56,0,56,玉山-高雄,2023-05-25,8843
6290,良維,72,17,55,玉山-高雄,2023-05-25,8843
00687B,國泰20年美債,53,0,53,玉山-高雄,2023-05-25,8843
1605,華新,54,3,51,玉山-高雄,2023-05-25,8843
2025,千興,50,0,50,玉山-高雄,2023-05-25,8843
2317,鴻海,51,3,48,玉山-高雄,2023-05-25,8843
2618,長榮航,164,116,48,玉山-高雄,2023-05-25,8843
2634,漢翔,89,42,47,玉山-高雄,2023-05-25,8843
2882,國泰金,47,2,45,玉山-高雄,2023-05-25,8843
00633L,富邦上証正2,51,7,44,玉山-高雄,2023-05-25,8843
2705,六福,51,15,36,玉山-高雄,2023-05-25,8843
2883,凱基金,42,6,36,玉山-高雄,2023-05-25,8843
3005,神基,39,4,35,玉山-高雄,2023-05-25,8843
00679B,元大美債20年,51,16,35,玉山-高雄,2023-05-25,8843
3058,立德,39,7,32,玉山-高雄,2023-05-25,8843
2489,瑞軒,37,6,31,玉山-高雄,2023-05-25,8843
4303,信立,31,0,31,玉山-高雄,2023-05-25,8843
2103,台橡,32,3,29,玉山-高雄,2023-05-25,8843
00751B,元大AAA至A公司債,28,0,28,玉山-高雄,2023-05-25,8843
4130,健亞,32,5,27,玉山-高雄,2023-05-25,8843
3033,威健,27,0,27,玉山-高雄,2023-05-25,8843
00720B,元大投資級公司債,26,0,26,玉山-高雄,2023-05-25,8843
5871,中租-KY,26,0,26,玉山-高雄,2023-05-25,8843
6245,立端,30,5,25,玉山-高雄,2023-05-25,8843
2344,華邦電,73,48,25,玉山-高雄,2023-05-25,8843
1905,華紙,48,23,25,玉山-高雄,2023-05-25,8843
00896,中信綠能及電動車,29,5,24,玉山-高雄,2023-05-25,8843
5905,南仁湖,52,29,23,玉山-高雄,2023-05-25,8843
2603,長榮,24,1,23,玉山-高雄,2023-05-25,8843
3481,群創,61,38,23,玉山-高雄,2023-05-25,8843
00673R,期元大S＆P原油反1,23,0,23,玉山-高雄,2023-05-25,8843
3071,協禧,46,23,23,玉山-高雄,2023-05-25,8843
8940,新天地,23,0,23,玉山-高雄,2023-05-25,8843
00795B,中信美國公債20年,21,0,21,玉山-高雄,2023-05-25,8843
2637,慧洋-KY,21,0,21,玉山-高雄,2023-05-25,8843
3682,亞太電,21,0,21,玉山-高雄,2023-05-25,8843
8234,新漢,21,0,21,玉山-高雄,2023-05-25,8843
6234,高僑,37,16,21,玉山-高雄,2023-05-25,8843
2303,聯電,749,152,597,玉山-高雄,2023-05-26,8843
5243,乙盛-KY,578,5,573,玉山-高雄,2023-05-26,8843
00712,復華富時不動產,140,3,137,玉山-高雄,2023-05-26,8843
5328,華容,133,4,129,玉山-高雄,2023-05-26,8843
00795B,中信美國公債20年,81,0,81,玉山-高雄,2023-05-26,8843
3045,台灣大,79,2,77,玉山-高雄,2023-05-26,8843
2618,長榮航,261,185,76,玉山-高雄,2023-05-26,8843
00680L,元大美債20正2,70,0,70,玉山-高雄,2023-05-26,8843
1618,合機,71,3,68,玉山-高雄,2023-05-26,8843
00679B,元大美債20年,66,1,65,玉山-高雄,2023-05-26,8843
00720B,元大投資級公司債,63,0,63,玉山-高雄,2023-05-26,8843
8234,新漢,61,0,61,玉山-高雄,2023-05-26,8843
00715L,期街口布蘭特正2,79,19,60,玉山-高雄,2023-05-26,8843
2867,三商壽,60,0,60,玉山-高雄,2023-05-26,8843
6570,維田,55,0,55,玉山-高雄,2023-05-26,8843
2323,中環,136,81,55,玉山-高雄,2023-05-26,8843
2915,潤泰全,61,8,53,玉山-高雄,2023-05-26,8843
2409,友達,54,2,52,玉山-高雄,2023-05-26,8843
00772B,中信高評級公司債,52,0,52,玉山-高雄,2023-05-26,8843
2413,環科,50,0,50,玉山-高雄,2023-05-26,8843
3715,定穎投控,49,0,49,玉山-高雄,2023-05-26,8843
00882,中信中國高股息,50,3,47,玉山-高雄,2023-05-26,8843
2027,大成鋼,46,2,44,玉山-高雄,2023-05-26,8843
2883,凱基金,79,36,43,玉山-高雄,2023-05-26,8843
2382,廣達,63,26,37,玉山-高雄,2023-05-26,8843
2317,鴻海,44,9,35,玉山-高雄,2023-05-26,8843
2349,錸德,50,20,30,玉山-高雄,2023-05-26,8843
2025,千興,30,1,29,玉山-高雄,2023-05-26,8843
00650L,復華香港正2,29,0,29,玉山-高雄,2023-05-26,8843
1909,榮成,39,10,29,玉山-高雄,2023-05-26,8843
00773B,中信優先金融債,27,0,27,玉山-高雄,2023-05-26,8843
1310,台苯,32,5,27,玉山-高雄,2023-05-26,8843
00713,元大台灣高息低波,35,9,26,玉山-高雄,2023-05-26,8843
6190,萬泰科,41,15,26,玉山-高雄,2023-05-26,8843
2637,慧洋-KY,32,7,25,玉山-高雄,2023-05-26,8843
2495,普安,35,10,25,玉山-高雄,2023-05-26,8843
00687B,國泰20年美債,25,0,25,玉山-高雄,2023-05-26,8843
4564,元翎,52,28,24,玉山-高雄,2023-05-26,8843
8210,勤誠,26,2,24,玉山-高雄,2023-05-26,8843
2371,大同,92,69,23,玉山-高雄,2023-05-26,8843
2208,台船,23,0,23,玉山-高雄,2023-05-26,8843
3325,旭品,26,3,23,玉山-高雄,2023-05-26,8843
3078,僑威,36,14,22,玉山-高雄,2023-05-26,8843
00688L,國泰20年美債正2,23,1,22,玉山-高雄,2023-05-26,8843
2356,英業達,51,30,21,玉山-高雄,2023-05-26,8843
6288,聯嘉,21,0,21,玉山-高雄,2023-05-26,8843
2614,東森,21,0,21,玉山-高雄,2023-05-26,8843
2104,國際中橡,21,0,21,玉山-高雄,2023-05-26,8843
1785,光洋科,24,3,21,玉山-高雄,2023-05-26,8843
1314,中石化,20,0,20,玉山-高雄,2023-05-26,8843
2885,元大金,511,23,488,玉山-高雄,2023-05-29,8843
1314,中石化,307,0,307,玉山-高雄,2023-05-29,8843
3481,群創,384,84,300,玉山-高雄,2023-05-29,8843
00688L,國泰20年美債正2,253,0,253,玉山-高雄,2023-05-29,8843
2313,華通,281,74,207,玉山-高雄,2023-05-29,8843
5706,鳳凰,151,11,140,玉山-高雄,2023-05-29,8843
00882,中信中國高股息,100,0,100,玉山-高雄,2023-05-29,8843
0056,元大高股息,184,88,96,玉山-高雄,2023-05-29,8843
00713,元大台灣高息低波,145,66,79,玉山-高雄,2023-05-29,8843
00706L,期元大S＆P日圓正2,64,0,64,玉山-高雄,2023-05-29,8843
2618,長榮航,201,144,57,玉山-高雄,2023-05-29,8843
00795B,中信美國公債20年,56,0,56,玉山-高雄,2023-05-29,8843
2888,新光金,77,23,54,玉山-高雄,2023-05-29,8843
00637L,元大滬深300正2,131,79,52,玉山-高雄,2023-05-29,8843
2371,大同,199,148,51,玉山-高雄,2023-05-29,8843
5328,華容,101,56,45,玉山-高雄,2023-05-29,8843
1618,合機,50,5,45,玉山-高雄,2023-05-29,8843
5465,富驊,44,3,41,玉山-高雄,2023-05-29,8843
1319,東陽,38,3,35,玉山-高雄,2023-05-29,8843
1101,台泥,39,5,34,玉山-高雄,2023-05-29,8843
00671R,富邦NASDAQ反1,34,0,34,玉山-高雄,2023-05-29,8843
2002,中鋼,57,23,34,玉山-高雄,2023-05-29,8843
00720B,元大投資級公司債,33,0,33,玉山-高雄,2023-05-29,8843
4303,信立,33,0,33,玉山-高雄,2023-05-29,8843
00878,國泰永續高股息,155,124,31,玉山-高雄,2023-05-29,8843
8222,寶一,49,18,31,玉山-高雄,2023-05-29,8843
2441,超豐,31,0,31,玉山-高雄,2023-05-29,8843
00888,永豐台灣ESG,37,7,30,玉山-高雄,2023-05-29,8843
00673R,期元大S＆P原油反1,30,0,30,玉山-高雄,2023-05-29,8843
2337,旺宏,35,5,30,玉山-高雄,2023-05-29,8843
00679B,元大美債20年,64,35,29,玉山-高雄,2023-05-29,8843
00923,群益台ESG低碳50,30,2,28,玉山-高雄,2023-05-29,8843
4142,國光生,30,2,28,玉山-高雄,2023-05-29,8843
00712,復華富時不動產,164,136,28,玉山-高雄,2023-05-29,8843
2630,亞航,44,18,26,玉山-高雄,2023-05-29,8843
2883,凱基金,35,10,25,玉山-高雄,2023-05-29,8843
2915,潤泰全,22,0,22,玉山-高雄,2023-05-29,8843
00683L,期元大美元指正2,20,0,20,玉山-高雄,2023-05-29,8843
2601,益航,20,0,20,玉山-高雄,2023-05-29,8843
8927,北基,31,12,19,玉山-高雄,2023-05-29,8843
3711,日月光投控,23,4,19,玉山-高雄,2023-05-29,8843
6443,元晶,22,3,19,玉山-高雄,2023-05-29,8843
2855,統一證,20,1,19,玉山-高雄,2023-05-29,8843
2406,國碩,20,1,19,玉山-高雄,2023-05-29,8843
1815,富喬,20,2,18,玉山-高雄,2023-05-29,8843
3029,零壹,37,19,18,玉山-高雄,2023-05-29,8843
2342,茂矽,20,2,18,玉山-高雄,2023-05-29,8843
3017,奇鋐,29,13,16,玉山-高雄,2023-05-29,8843
00633L,富邦上証正2,18,2,16,玉山-高雄,2023-05-29,8843
6216,居易,16,0,16,玉山-高雄,2023-05-29,8843
2834,臺企銀,282,2,280,玉山-高雄,2023-05-30,8843
2883,凱基金,191,4,187,玉山-高雄,2023-05-30,8843
00712,復華富時不動產,158,28,130,玉山-高雄,2023-05-30,8843
2323,中環,207,85,122,玉山-高雄,2023-05-30,8843
00878,國泰永續高股息,185,66,119,玉山-高雄,2023-05-30,8843
00882,中信中國高股息,103,0,103,玉山-高雄,2023-05-30,8843
00648R,元大S＆P500反1,103,0,103,玉山-高雄,2023-05-30,8843
2537,聯上發,100,0,100,玉山-高雄,2023-05-30,8843
2880,華南金,101,4,97,玉山-高雄,2023-05-30,8843
2885,元大金,100,3,97,玉山-高雄,2023-05-30,8843
2002,中鋼,100,9,91,玉山-高雄,2023-05-30,8843
2382,廣達,274,202,72,玉山-高雄,2023-05-30,8843
3481,群創,74,4,70,玉山-高雄,2023-05-30,8843
2888,新光金,61,2,59,玉山-高雄,2023-05-30,8843
00650L,復華香港正2,53,0,53,玉山-高雄,2023-05-30,8843
00885,富邦越南,61,10,51,玉山-高雄,2023-05-30,8843
3231,緯創,141,91,50,玉山-高雄,2023-05-30,8843
00773B,中信優先金融債,45,0,45,玉山-高雄,2023-05-30,8843
00720B,元大投資級公司債,36,0,36,玉山-高雄,2023-05-30,8843
8040,九暘,44,8,36,玉山-高雄,2023-05-30,8843
2615,萬海,37,2,35,玉山-高雄,2023-05-30,8843
2641,正德,33,0,33,玉山-高雄,2023-05-30,8843
2882,國泰金,35,5,30,玉山-高雄,2023-05-30,8843
2356,英業達,137,108,29,玉山-高雄,2023-05-30,8843
3032,偉訓,29,1,28,玉山-高雄,2023-05-30,8843
6282,康舒,40,12,28,玉山-高雄,2023-05-30,8843
8271,宇瞻,27,0,27,玉山-高雄,2023-05-30,8843
2027,大成鋼,28,1,27,玉山-高雄,2023-05-30,8843
5269,祥碩,26,1,25,玉山-高雄,2023-05-30,8843
00637L,元大滬深300正2,120,95,25,玉山-高雄,2023-05-30,8843
8476,台境*,31,7,24,玉山-高雄,2023-05-30,8843
00665L,富邦�琤肭磪囓�2,33,10,23,玉山-高雄,2023-05-30,8843
4979,華星光,70,48,22,玉山-高雄,2023-05-30,8843
2495,普安,21,0,21,玉山-高雄,2023-05-30,8843
6125,廣運,22,1,21,玉山-高雄,2023-05-30,8843
2912,統一超,20,0,20,玉山-高雄,2023-05-30,8843
00646,元大S＆P500,20,0,20,玉山-高雄,2023-05-30,8843
4157,太景*-KY,20,0,20,玉山-高雄,2023-05-30,8843
6148,驊宏資,22,2,20,玉山-高雄,2023-05-30,8843
6591,動力-KY,20,0,20,玉山-高雄,2023-05-30,8843
5498,凱崴,29,9,20,玉山-高雄,2023-05-30,8843
00679B,元大美債20年,38,19,19,玉山-高雄,2023-05-30,8843
2439,美律,20,1,19,玉山-高雄,2023-05-30,8843
6218,豪勉,29,10,19,玉山-高雄,2023-05-30,8843
2105,正新,19,0,19,玉山-高雄,2023-05-30,8843
6535,順藥,20,2,18,玉山-高雄,2023-05-30,8843
6770,力積電,49,32,17,玉山-高雄,2023-05-30,8843
2208,台船,18,1,17,玉山-高雄,2023-05-30,8843
00687B,國泰20年美債,16,0,16,玉山-高雄,2023-05-30,8843
6244,茂迪,36,20,16,玉山-高雄,2023-05-30,8843
00715L,期街口布蘭特正2,2602,3,2599,玉山-高雄,2023-05-31,8843
2883,凱基金,484,169,315,玉山-高雄,2023-05-31,8843
2888,新光金,124,1,123,玉山-高雄,2023-05-31,8843
0056,元大高股息,101,13,88,玉山-高雄,2023-05-31,8843
00878,國泰永續高股息,121,34,87,玉山-高雄,2023-05-31,8843
2349,錸德,78,12,66,玉山-高雄,2023-05-31,8843
3025,星通,75,15,60,玉山-高雄,2023-05-31,8843
00882,中信中國高股息,61,2,59,玉山-高雄,2023-05-31,8843
2356,英業達,91,33,58,玉山-高雄,2023-05-31,8843
2352,佳世達,80,25,55,玉山-高雄,2023-05-31,8843
00650L,復華香港正2,63,10,53,玉山-高雄,2023-05-31,8843
2537,聯上發,50,0,50,玉山-高雄,2023-05-31,8843
00679B,元大美債20年,54,5,49,玉山-高雄,2023-05-31,8843
00772B,中信高評級公司債,48,0,48,玉山-高雄,2023-05-31,8843
2492,華新科,53,7,46,玉山-高雄,2023-05-31,8843
6161,捷波,57,13,44,玉山-高雄,2023-05-31,8843
2867,三商壽,50,9,41,玉山-高雄,2023-05-31,8843
00680L,元大美債20正2,40,0,40,玉山-高雄,2023-05-31,8843
2206,三陽工業,52,15,37,玉山-高雄,2023-05-31,8843
2801,彰銀,37,2,35,玉山-高雄,2023-05-31,8843
00795B,中信美國公債20年,35,0,35,玉山-高雄,2023-05-31,8843
8215,明基材,35,1,34,玉山-高雄,2023-05-31,8843
1101,台泥,38,6,32,玉山-高雄,2023-05-31,8843
2023,燁輝,31,0,31,玉山-高雄,2023-05-31,8843
00642U,期元大S＆P石油,38,8,30,玉山-高雄,2023-05-31,8843
3450,聯鈞,30,0,30,玉山-高雄,2023-05-31,8843
2887,台新金,32,4,28,玉山-高雄,2023-05-31,8843
00902,中信電池及儲能,28,0,28,玉山-高雄,2023-05-31,8843
2634,漢翔,31,3,28,玉山-高雄,2023-05-31,8843
2886,兆豐金,30,2,28,玉山-高雄,2023-05-31,8843
6269,台郡,25,0,25,玉山-高雄,2023-05-31,8843
2606,裕民,26,1,25,玉山-高雄,2023-05-31,8843
2882,國泰金,25,1,24,玉山-高雄,2023-05-31,8843
00885,富邦越南,32,8,24,玉山-高雄,2023-05-31,8843
2359,所羅門,25,3,22,玉山-高雄,2023-05-31,8843
8210,勤誠,39,18,21,玉山-高雄,2023-05-31,8843
6104,創惟,33,12,21,玉山-高雄,2023-05-31,8843
2344,華邦電,40,20,20,玉山-高雄,2023-05-31,8843
2607,榮運,20,0,20,玉山-高雄,2023-05-31,8843
2461,光群雷,20,0,20,玉山-高雄,2023-05-31,8843
6689,伊雲谷,20,2,18,玉山-高雄,2023-05-31,8843
3363,上詮,38,20,18,玉山-高雄,2023-05-31,8843
6235,華孚,37,20,17,玉山-高雄,2023-05-31,8843
1314,中石化,19,2,17,玉山-高雄,2023-05-31,8843
2603,長榮,36,20,16,玉山-高雄,2023-05-31,8843
2201,裕隆,21,5,16,玉山-高雄,2023-05-31,8843
3272,東碩,16,1,15,玉山-高雄,2023-05-31,8843
2637,慧洋-KY,21,6,15,玉山-高雄,2023-05-31,8843
3041,揚智,15,0,15,玉山-高雄,2023-05-31,8843
3380,明泰,16,3,13,玉山-高雄,2023-05-31,8843
00715L,期街口布蘭特正2,1234,30,1204,玉山-高雄,2023-06-01,8843
2323,中環,160,8,152,玉山-高雄,2023-06-01,8843
2371,大同,189,51,138,玉山-高雄,2023-06-01,8843
2461,光群雷,131,0,131,玉山-高雄,2023-06-01,8843
2883,凱基金,401,275,126,玉山-高雄,2023-06-01,8843
2834,臺企銀,126,5,121,玉山-高雄,2023-06-01,8843
2888,新光金,106,2,104,玉山-高雄,2023-06-01,8843
00712,復華富時不動產,107,6,101,玉山-高雄,2023-06-01,8843
00642U,期元大S＆P石油,101,0,101,玉山-高雄,2023-06-01,8843
00636,國泰中國A50,100,0,100,玉山-高雄,2023-06-01,8843
2515,中工,135,38,97,玉山-高雄,2023-06-01,8843
2303,聯電,160,65,95,玉山-高雄,2023-06-01,8843
00706L,期元大S＆P日圓正2,82,0,82,玉山-高雄,2023-06-01,8843
00882,中信中國高股息,97,19,78,玉山-高雄,2023-06-01,8843
2302,麗正,81,7,74,玉山-高雄,2023-06-01,8843
2882,國泰金,55,2,53,玉山-高雄,2023-06-01,8843
1795,美時,55,3,52,玉山-高雄,2023-06-01,8843
2867,三商壽,51,2,49,玉山-高雄,2023-06-01,8843
8028,昇陽半導體,46,2,44,玉山-高雄,2023-06-01,8843
2385,群光,43,0,43,玉山-高雄,2023-06-01,8843
2352,佳世達,53,11,42,玉山-高雄,2023-06-01,8843
6235,華孚,51,9,42,玉山-高雄,2023-06-01,8843
2382,廣達,50,8,42,玉山-高雄,2023-06-01,8843
1101,台泥,51,10,41,玉山-高雄,2023-06-01,8843
2881,富邦金,40,0,40,玉山-高雄,2023-06-01,8843
00720B,元大投資級公司債,44,7,37,玉山-高雄,2023-06-01,8843
6188,廣明,82,45,37,玉山-高雄,2023-06-01,8843
2482,連宇,53,20,33,玉山-高雄,2023-06-01,8843
3260,威剛,43,10,33,玉山-高雄,2023-06-01,8843
2449,京元電子,43,10,33,玉山-高雄,2023-06-01,8843
00919,群益台灣精選高息,32,0,32,玉山-高雄,2023-06-01,8843
00878,國泰永續高股息,78,46,32,玉山-高雄,2023-06-01,8843
2356,英業達,53,21,32,玉山-高雄,2023-06-01,8843
1605,華新,38,8,30,玉山-高雄,2023-06-01,8843
2630,亞航,78,49,29,玉山-高雄,2023-06-01,8843
2331,精英,100,71,29,玉山-高雄,2023-06-01,8843
00679B,元大美債20年,29,1,28,玉山-高雄,2023-06-01,8843
4564,元翎,63,37,26,玉山-高雄,2023-06-01,8843
00885,富邦越南,29,3,26,玉山-高雄,2023-06-01,8843
2495,普安,30,5,25,玉山-高雄,2023-06-01,8843
3481,群創,35,10,25,玉山-高雄,2023-06-01,8843
2637,慧洋-KY,27,2,25,玉山-高雄,2023-06-01,8843
3252,海灣,30,5,25,玉山-高雄,2023-06-01,8843
6282,康舒,113,88,25,玉山-高雄,2023-06-01,8843
2913,農林,69,45,24,玉山-高雄,2023-06-01,8843
2337,旺宏,24,1,23,玉山-高雄,2023-06-01,8843
2722,夏都,24,1,23,玉山-高雄,2023-06-01,8843
6405,悅城,22,0,22,玉山-高雄,2023-06-01,8843
6579,研揚,22,0,22,玉山-高雄,2023-06-01,8843
8271,宇瞻,46,25,21,玉山-高雄,2023-06-01,8843
2610,華航,1826,337,1489,玉山-高雄,2023-06-02,8843
2344,華邦電,503,170,333,玉山-高雄,2023-06-02,8843
00632R,元大台灣50反1,263,83,180,玉山-高雄,2023-06-02,8843
2323,中環,201,50,151,玉山-高雄,2023-06-02,8843
2332,友訊,153,8,145,玉山-高雄,2023-06-02,8843
00882,中信中國高股息,135,1,134,玉山-高雄,2023-06-02,8843
00919,群益台灣精選高息,106,16,90,玉山-高雄,2023-06-02,8843
1905,華紙,203,120,83,玉山-高雄,2023-06-02,8843
2890,永豐金,83,0,83,玉山-高雄,2023-06-02,8843
2329,華泰,79,5,74,玉山-高雄,2023-06-02,8843
2834,臺企銀,98,31,67,玉山-高雄,2023-06-02,8843
6109,亞元,56,0,56,玉山-高雄,2023-06-02,8843
6191,精成科,50,0,50,玉山-高雄,2023-06-02,8843
9919,康那香,60,12,48,玉山-高雄,2023-06-02,8843
2457,飛宏,177,129,48,玉山-高雄,2023-06-02,8843
00712,復華富時不動產,100,55,45,玉山-高雄,2023-06-02,8843
4934,太極,45,2,43,玉山-高雄,2023-06-02,8843
00679B,元大美債20年,43,1,42,玉山-高雄,2023-06-02,8843
8431,匯鑽科,37,0,37,玉山-高雄,2023-06-02,8843
00720B,元大投資級公司債,35,0,35,玉山-高雄,2023-06-02,8843
2427,三商電,35,0,35,玉山-高雄,2023-06-02,8843
2371,大同,47,12,35,玉山-高雄,2023-06-02,8843
2603,長榮,46,14,32,玉山-高雄,2023-06-02,8843
00687B,國泰20年美債,32,0,32,玉山-高雄,2023-06-02,8843
6015,宏遠證,31,1,30,玉山-高雄,2023-06-02,8843
3265,台星科,34,5,29,玉山-高雄,2023-06-02,8843
8277,商丞,38,10,28,玉山-高雄,2023-06-02,8843
1612,宏泰,49,21,28,玉山-高雄,2023-06-02,8843
2421,建準,46,18,28,玉山-高雄,2023-06-02,8843
2867,三商壽,29,1,28,玉山-高雄,2023-06-02,8843
2882,國泰金,26,0,26,玉山-高雄,2023-06-02,8843
3306,鼎天,39,13,26,玉山-高雄,2023-06-02,8843
4130,健亞,26,1,25,玉山-高雄,2023-06-02,8843
6276,安鈦克,25,0,25,玉山-高雄,2023-06-02,8843
3591,艾笛森,33,9,24,玉山-高雄,2023-06-02,8843
2356,英業達,85,62,23,玉山-高雄,2023-06-02,8843
4979,華星光,104,81,23,玉山-高雄,2023-06-02,8843
2439,美律,22,1,21,玉山-高雄,2023-06-02,8843
2801,彰銀,21,1,20,玉山-高雄,2023-06-02,8843
1516,川飛,20,0,20,玉山-高雄,2023-06-02,8843
00676R,富邦臺灣加權反1,20,0,20,玉山-高雄,2023-06-02,8843
4564,元翎,27,7,20,玉山-高雄,2023-06-02,8843
3231,緯創,156,138,18,玉山-高雄,2023-06-02,8843
2883B,凱基金乙特,18,0,18,玉山-高雄,2023-06-02,8843
4114,健喬,18,1,17,玉山-高雄,2023-06-02,8843
3037,欣興,39,23,16,玉山-高雄,2023-06-02,8843
2327,國巨,18,2,16,玉山-高雄,2023-06-02,8843
6148,驊宏資,17,1,16,玉山-高雄,2023-06-02,8843
00673R,期元大S＆P原油反1,16,0,16,玉山-高雄,2023-06-02,8843
2881,富邦金,20,5,15,玉山-高雄,2023-06-02,8843
2883,凱基金,554,30,524,玉山-高雄,2023-06-05,8843
0056,元大高股息,288,29,259,玉山-高雄,2023-06-05,8843
3231,緯創,257,110,147,玉山-高雄,2023-06-05,8843
2323,中環,167,54,113,玉山-高雄,2023-06-05,8843
00921,兆豐龍頭等權重,100,0,100,玉山-高雄,2023-06-05,8843
2610,華航,287,205,82,玉山-高雄,2023-06-05,8843
00673R,期元大S＆P原油反1,78,0,78,玉山-高雄,2023-06-05,8843
2353,宏��,97,22,75,玉山-高雄,2023-06-05,8843
00919,群益台灣精選高息,67,0,67,玉山-高雄,2023-06-05,8843
00882,中信中國高股息,67,0,67,玉山-高雄,2023-06-05,8843
00679B,元大美債20年,59,2,57,玉山-高雄,2023-06-05,8843
2603,長榮,79,22,57,玉山-高雄,2023-06-05,8843
2867,三商壽,73,19,54,玉山-高雄,2023-06-05,8843
8121,越峰,58,6,52,玉山-高雄,2023-06-05,8843
00773B,中信優先金融債,47,0,47,玉山-高雄,2023-06-05,8843
1312,國喬,46,0,46,玉山-高雄,2023-06-05,8843
00641R,富邦日本反1,44,1,43,玉山-高雄,2023-06-05,8843
6282,康舒,131,91,40,玉山-高雄,2023-06-05,8843
00671R,富邦NASDAQ反1,40,0,40,玉山-高雄,2023-06-05,8843
6161,捷波,54,15,39,玉山-高雄,2023-06-05,8843
2618,長榮航,133,94,39,玉山-高雄,2023-06-05,8843
6167,久正,46,9,37,玉山-高雄,2023-06-05,8843
2329,華泰,55,20,35,玉山-高雄,2023-06-05,8843
2530,華建,34,0,34,玉山-高雄,2023-06-05,8843
00712,復華富時不動產,256,224,32,玉山-高雄,2023-06-05,8843
2882,國泰金,74,44,30,玉山-高雄,2023-06-05,8843
00795B,中信美國公債20年,30,0,30,玉山-高雄,2023-06-05,8843
2303,聯電,63,33,30,玉山-高雄,2023-06-05,8843
1608,華榮,48,18,30,玉山-高雄,2023-06-05,8843
1471,首利,31,1,30,玉山-高雄,2023-06-05,8843
00706L,期元大S＆P日圓正2,30,0,30,玉山-高雄,2023-06-05,8843
2845,遠東銀,30,0,30,玉山-高雄,2023-06-05,8843
4934,太極,39,10,29,玉山-高雄,2023-06-05,8843
1513,中興電,55,26,29,玉山-高雄,2023-06-05,8843
3715,定穎投控,36,7,29,玉山-高雄,2023-06-05,8843
00669R,國泰美國道瓊反1,27,0,27,玉山-高雄,2023-06-05,8843
1727,中華化,48,22,26,玉山-高雄,2023-06-05,8843
00720B,元大投資級公司債,26,0,26,玉山-高雄,2023-06-05,8843
00924,復華S＆P500成長,25,0,25,玉山-高雄,2023-06-05,8843
00878,國泰永續高股息,184,159,25,玉山-高雄,2023-06-05,8843
1514,亞力,112,89,23,玉山-高雄,2023-06-05,8843
1795,美時,39,17,22,玉山-高雄,2023-06-05,8843
2915,潤泰全,27,5,22,玉山-高雄,2023-06-05,8843
2489,瑞軒,28,7,21,玉山-高雄,2023-06-05,8843
6109,亞元,22,1,21,玉山-高雄,2023-06-05,8843
00687B,國泰20年美債,34,13,21,玉山-高雄,2023-06-05,8843
2031,新光鋼,25,5,20,玉山-高雄,2023-06-05,8843
5386,青雲,28,8,20,玉山-高雄,2023-06-05,8843
3221,台嘉碩,20,0,20,玉山-高雄,2023-06-05,8843
6223,旺矽,20,0,20,玉山-高雄,2023-06-05,8843
00715L,期街口布蘭特正2,1119,56,1063,玉山-高雄,2023-06-06,8843
2402,毅嘉,627,50,577,玉山-高雄,2023-06-06,8843
2634,漢翔,240,14,226,玉山-高雄,2023-06-06,8843
00688L,國泰20年美債正2,210,0,210,玉山-高雄,2023-06-06,8843
00712,復華富時不動產,181,1,180,玉山-高雄,2023-06-06,8843
9945,潤泰新,158,3,155,玉山-高雄,2023-06-06,8843
2409,友達,196,46,150,玉山-高雄,2023-06-06,8843
2427,三商電,148,6,142,玉山-高雄,2023-06-06,8843
00679B,元大美債20年,132,11,121,玉山-高雄,2023-06-06,8843
2323,中環,164,85,79,玉山-高雄,2023-06-06,8843
1905,華紙,152,77,75,玉山-高雄,2023-06-06,8843
2888,新光金,202,141,61,玉山-高雄,2023-06-06,8843
4533,協易機,74,14,60,玉山-高雄,2023-06-06,8843
00673R,期元大S＆P原油反1,101,42,59,玉山-高雄,2023-06-06,8843
00878,國泰永續高股息,124,67,57,玉山-高雄,2023-06-06,8843
1609,大亞,288,231,57,玉山-高雄,2023-06-06,8843
2303,聯電,59,4,55,玉山-高雄,2023-06-06,8843
2302,麗正,60,6,54,玉山-高雄,2023-06-06,8843
00927,群益半導體收益,54,0,54,玉山-高雄,2023-06-06,8843
00919,群益台灣精選高息,52,2,50,玉山-高雄,2023-06-06,8843
6116,彩晶,174,130,44,玉山-高雄,2023-06-06,8843
2492,華新科,40,0,40,玉山-高雄,2023-06-06,8843
4931,新盛力,69,30,39,玉山-高雄,2023-06-06,8843
8467,波力-KY,38,0,38,玉山-高雄,2023-06-06,8843
3363,上詮,51,15,36,玉山-高雄,2023-06-06,8843
2495,普安,36,0,36,玉山-高雄,2023-06-06,8843
6282,康舒,154,121,33,玉山-高雄,2023-06-06,8843
2352,佳世達,34,1,33,玉山-高雄,2023-06-06,8843
1618,合機,43,10,33,玉山-高雄,2023-06-06,8843
8121,越峰,34,2,32,玉山-高雄,2023-06-06,8843
3221,台嘉碩,33,2,31,玉山-高雄,2023-06-06,8843
00882,中信中國高股息,41,11,30,玉山-高雄,2023-06-06,8843
8033,雷虎,32,2,30,玉山-高雄,2023-06-06,8843
2867,三商壽,32,3,29,玉山-高雄,2023-06-06,8843
6290,良維,34,7,27,玉山-高雄,2023-06-06,8843
3707,漢磊,28,2,26,玉山-高雄,2023-06-06,8843
2498,宏達電,33,8,25,玉山-高雄,2023-06-06,8843
2601,益航,24,0,24,玉山-高雄,2023-06-06,8843
6125,廣運,64,40,24,玉山-高雄,2023-06-06,8843
2014,中鴻,26,3,23,玉山-高雄,2023-06-06,8843
00923,群益台ESG低碳50,29,6,23,玉山-高雄,2023-06-06,8843
1101,台泥,31,9,22,玉山-高雄,2023-06-06,8843
6804,明係,22,0,22,玉山-高雄,2023-06-06,8843
1314,中石化,31,9,22,玉山-高雄,2023-06-06,8843
00795B,中信美國公債20年,21,0,21,玉山-高雄,2023-06-06,8843
00857B,永豐20年美公債,20,0,20,玉山-高雄,2023-06-06,8843
2913,農林,26,6,20,玉山-高雄,2023-06-06,8843
1445,大宇,20,0,20,玉山-高雄,2023-06-06,8843
8403,盛弘,32,13,19,玉山-高雄,2023-06-06,8843
00751B,元大AAA至A公司債,19,0,19,玉山-高雄,2023-06-06,8843
2634,漢翔,740,40,700,玉山-高雄,2023-06-07,8843
2323,中環,493,68,425,玉山-高雄,2023-06-07,8843
1710,東聯,255,1,254,玉山-高雄,2023-06-07,8843
00878,國泰永續高股息,311,105,206,玉山-高雄,2023-06-07,8843
00637L,元大滬深300正2,234,98,136,玉山-高雄,2023-06-07,8843
00632R,元大台灣50反1,193,103,90,玉山-高雄,2023-06-07,8843
00919,群益台灣精選高息,92,3,89,玉山-高雄,2023-06-07,8843
2014,中鴻,86,0,86,玉山-高雄,2023-06-07,8843
6125,廣運,119,34,85,玉山-高雄,2023-06-07,8843
00882,中信中國高股息,84,0,84,玉山-高雄,2023-06-07,8843
1605,華新,77,7,70,玉山-高雄,2023-06-07,8843
00706L,期元大S＆P日圓正2,66,0,66,玉山-高雄,2023-06-07,8843
1584,精剛,73,7,66,玉山-高雄,2023-06-07,8843
3481,群創,186,121,65,玉山-高雄,2023-06-07,8843
00640L,富邦日本正2,51,0,51,玉山-高雄,2023-06-07,8843
00885,富邦越南,53,2,51,玉山-高雄,2023-06-07,8843
00673R,期元大S＆P原油反1,51,10,41,玉山-高雄,2023-06-07,8843
2347,聯強,41,1,40,玉山-高雄,2023-06-07,8843
1718,中纖,40,1,39,玉山-高雄,2023-06-07,8843
1785,光洋科,44,8,36,玉山-高雄,2023-06-07,8843
2882,國泰金,55,20,35,玉山-高雄,2023-06-07,8843
2607,榮運,37,2,35,玉山-高雄,2023-06-07,8843
6282,康舒,71,37,34,玉山-高雄,2023-06-07,8843
00712,復華富時不動產,58,25,33,玉山-高雄,2023-06-07,8843
1101,台泥,58,27,31,玉山-高雄,2023-06-07,8843
6244,茂迪,39,9,30,玉山-高雄,2023-06-07,8843
2382,廣達,102,73,29,玉山-高雄,2023-06-07,8843
00927,群益半導體收益,30,3,27,玉山-高雄,2023-06-07,8843
5706,鳳凰,50,24,26,玉山-高雄,2023-06-07,8843
6531,愛普*,30,5,25,玉山-高雄,2023-06-07,8843
2745,五福,25,1,24,玉山-高雄,2023-06-07,8843
4123,晟德,39,16,23,玉山-高雄,2023-06-07,8843
2457,飛宏,48,25,23,玉山-高雄,2023-06-07,8843
2609,陽明,36,14,22,玉山-高雄,2023-06-07,8843
8105,凌巨,22,0,22,玉山-高雄,2023-06-07,8843
2530,華建,22,0,22,玉山-高雄,2023-06-07,8843
4989,榮科,21,0,21,玉山-高雄,2023-06-07,8843
1471,首利,21,1,20,玉山-高雄,2023-06-07,8843
3607,谷崧,20,0,20,玉山-高雄,2023-06-07,8843
00676R,富邦臺灣加權反1,20,0,20,玉山-高雄,2023-06-07,8843
1104,環泥,27,7,20,玉山-高雄,2023-06-07,8843
2701,萬企,28,9,19,玉山-高雄,2023-06-07,8843
6270,倍微,22,3,19,玉山-高雄,2023-06-07,8843
6182,合晶,36,18,18,玉山-高雄,2023-06-07,8843
8027,鈦昇,20,3,17,玉山-高雄,2023-06-07,8843
2009,第一銅,20,3,17,玉山-高雄,2023-06-07,8843
1608,華榮,58,42,16,玉山-高雄,2023-06-07,8843
4916,事欣科,16,0,16,玉山-高雄,2023-06-07,8843
2603,長榮,21,5,16,玉山-高雄,2023-06-07,8843
2812,台中銀,15,0,15,玉山-高雄,2023-06-07,8843
1710,東聯,232,13,219,玉山-高雄,2023-06-08,8843
2337,旺宏,181,0,181,玉山-高雄,2023-06-08,8843
00919,群益台灣精選高息,151,0,151,玉山-高雄,2023-06-08,8843
2888,新光金,171,34,137,玉山-高雄,2023-06-08,8843
6116,彩晶,170,46,124,玉山-高雄,2023-06-08,8843
00688L,國泰20年美債正2,113,0,113,玉山-高雄,2023-06-08,8843
9945,潤泰新,109,3,106,玉山-高雄,2023-06-08,8843
2892,第一金,106,1,105,玉山-高雄,2023-06-08,8843
2913,農林,108,6,102,玉山-高雄,2023-06-08,8843
6276,安鈦克,103,2,101,玉山-高雄,2023-06-08,8843
2634,漢翔,146,54,92,玉山-高雄,2023-06-08,8843
00720B,元大投資級公司債,85,2,83,玉山-高雄,2023-06-08,8843
8926,台汽電,84,1,83,玉山-高雄,2023-06-08,8843
00679B,元大美債20年,182,111,71,玉山-高雄,2023-06-08,8843
1609,大亞,316,247,69,玉山-高雄,2023-06-08,8843
00751B,元大AAA至A公司債,68,0,68,玉山-高雄,2023-06-08,8843
1605,華新,98,32,66,玉山-高雄,2023-06-08,8843
2413,環科,68,3,65,玉山-高雄,2023-06-08,8843
2515,中工,65,0,65,玉山-高雄,2023-06-08,8843
4564,元翎,62,0,62,玉山-高雄,2023-06-08,8843
6285,啟��,80,19,61,玉山-高雄,2023-06-08,8843
5880,合庫金,62,2,60,玉山-高雄,2023-06-08,8843
1618,合機,59,4,55,玉山-高雄,2023-06-08,8843
4123,晟德,86,33,53,玉山-高雄,2023-06-08,8843
2409,友達,68,18,50,玉山-高雄,2023-06-08,8843
5469,瀚宇博,47,0,47,玉山-高雄,2023-06-08,8843
00927,群益半導體收益,44,0,44,玉山-高雄,2023-06-08,8843
00687B,國泰20年美債,41,0,41,玉山-高雄,2023-06-08,8843
2457,飛宏,83,43,40,玉山-高雄,2023-06-08,8843
6223,旺矽,41,2,39,玉山-高雄,2023-06-08,8843
3027,盛達,44,10,34,玉山-高雄,2023-06-08,8843
4977,眾達-KY,42,8,34,玉山-高雄,2023-06-08,8843
2881,富邦金,43,10,33,玉山-高雄,2023-06-08,8843
3231,緯創,80,49,31,玉山-高雄,2023-06-08,8843
00683L,期元大美元指正2,31,0,31,玉山-高雄,2023-06-08,8843
3221,台嘉碩,31,1,30,玉山-高雄,2023-06-08,8843
2618,長榮航,149,121,28,玉山-高雄,2023-06-08,8843
00902,中信電池及儲能,32,4,28,玉山-高雄,2023-06-08,8843
00773B,中信優先金融債,27,0,27,玉山-高雄,2023-06-08,8843
1785,光洋科,31,5,26,玉山-高雄,2023-06-08,8843
00713,元大台灣高息低波,28,3,25,玉山-高雄,2023-06-08,8843
00673R,期元大S＆P原油反1,25,0,25,玉山-高雄,2023-06-08,8843
00680L,元大美債20正2,24,0,24,玉山-高雄,2023-06-08,8843
1314,中石化,24,0,24,玉山-高雄,2023-06-08,8843
8431,匯鑽科,25,1,24,玉山-高雄,2023-06-08,8843
6274,台燿,28,5,23,玉山-高雄,2023-06-08,8843
3037,欣興,54,31,23,玉山-高雄,2023-06-08,8843
5607,遠雄港,22,0,22,玉山-高雄,2023-06-08,8843
1806,冠軍,25,3,22,玉山-高雄,2023-06-08,8843
2427,三商電,47,25,22,玉山-高雄,2023-06-08,8843
00715L,期街口布蘭特正2,564,5,559,玉山-高雄,2023-06-09,8843
2888,新光金,341,63,278,玉山-高雄,2023-06-09,8843
00929,復華台灣科技優息,353,104,249,玉山-高雄,2023-06-09,8843
2313,華通,200,1,199,玉山-高雄,2023-06-09,8843
1612,宏泰,202,9,193,玉山-高雄,2023-06-09,8843
9943,好樂迪,130,6,124,玉山-高雄,2023-06-09,8843
00642U,期元大S＆P石油,77,0,77,玉山-高雄,2023-06-09,8843
00632R,元大台灣50反1,76,3,73,玉山-高雄,2023-06-09,8843
2317,鴻海,72,12,60,玉山-高雄,2023-06-09,8843
00919,群益台灣精選高息,63,3,60,玉山-高雄,2023-06-09,8843
00712,復華富時不動產,89,30,59,玉山-高雄,2023-06-09,8843
2409,友達,69,11,58,玉山-高雄,2023-06-09,8843
2610,華航,83,31,52,玉山-高雄,2023-06-09,8843
3498,陽程,56,5,51,玉山-高雄,2023-06-09,8843
1802,台玻,55,4,51,玉山-高雄,2023-06-09,8843
3537,堡達,50,0,50,玉山-高雄,2023-06-09,8843
1533,車王電,51,7,44,玉山-高雄,2023-06-09,8843
2353,宏��,128,87,41,玉山-高雄,2023-06-09,8843
6005,群益證,34,0,34,玉山-高雄,2023-06-09,8843
1609,大亞,137,106,31,玉山-高雄,2023-06-09,8843
2882,國泰金,39,8,31,玉山-高雄,2023-06-09,8843
2449,京元電子,34,3,31,玉山-高雄,2023-06-09,8843
1504,東元,93,62,31,玉山-高雄,2023-06-09,8843
1314,中石化,33,3,30,玉山-高雄,2023-06-09,8843
00928,中信上櫃ESG30,30,0,30,玉山-高雄,2023-06-09,8843
2913,農林,31,1,30,玉山-高雄,2023-06-09,8843
6101,寬魚國際,30,1,29,玉山-高雄,2023-06-09,8843
3221,台嘉碩,30,3,27,玉山-高雄,2023-06-09,8843
4510,高鋒,31,4,27,玉山-高雄,2023-06-09,8843
6235,華孚,62,36,26,玉山-高雄,2023-06-09,8843
1513,中興電,66,40,26,玉山-高雄,2023-06-09,8843
1560,中砂,28,2,26,玉山-高雄,2023-06-09,8843
2460,建通,25,0,25,玉山-高雄,2023-06-09,8843
8027,鈦昇,23,0,23,玉山-高雄,2023-06-09,8843
00882,中信中國高股息,36,13,23,玉山-高雄,2023-06-09,8843
2492,華新科,34,12,22,玉山-高雄,2023-06-09,8843
6239,力成,23,1,22,玉山-高雄,2023-06-09,8843
2883B,凱基金乙特,21,0,21,玉山-高雄,2023-06-09,8843
2609,陽明,33,12,21,玉山-高雄,2023-06-09,8843
3380,明泰,21,1,20,玉山-高雄,2023-06-09,8843
2634,漢翔,27,8,19,玉山-高雄,2023-06-09,8843
1440,南紡,19,0,19,玉山-高雄,2023-06-09,8843
6234,高僑,19,0,19,玉山-高雄,2023-06-09,8843
2731,雄獅,24,6,18,玉山-高雄,2023-06-09,8843
5469,瀚宇博,19,1,18,玉山-高雄,2023-06-09,8843
3540,曜越,18,1,17,玉山-高雄,2023-06-09,8843
1432,大魯閣,18,1,17,玉山-高雄,2023-06-09,8843
2356,英業達,78,62,16,玉山-高雄,2023-06-09,8843
00720B,元大投資級公司債,29,13,16,玉山-高雄,2023-06-09,8843
2457,飛宏,30,14,16,玉山-高雄,2023-06-09,8843
00715L,期街口布蘭特正2,1674,0,1674,玉山-高雄,2023-06-12,8843
00712,復華富時不動產,290,102,188,玉山-高雄,2023-06-12,8843
00632R,元大台灣50反1,222,40,182,玉山-高雄,2023-06-12,8843
00929,復華台灣科技優息,234,54,180,玉山-高雄,2023-06-12,8843
00919,群益台灣精選高息,136,2,134,玉山-高雄,2023-06-12,8843
2867,三商壽,121,4,117,玉山-高雄,2023-06-12,8843
1101,台泥,120,30,90,玉山-高雄,2023-06-12,8843
6122,擎邦,102,17,85,玉山-高雄,2023-06-12,8843
3576,聯合再生,89,11,78,玉山-高雄,2023-06-12,8843
4977,眾達-KY,77,2,75,玉山-高雄,2023-06-12,8843
2634,漢翔,111,36,75,玉山-高雄,2023-06-12,8843
2882,國泰金,78,7,71,玉山-高雄,2023-06-12,8843
2356,英業達,80,15,65,玉山-高雄,2023-06-12,8843
6288,聯嘉,104,45,59,玉山-高雄,2023-06-12,8843
2312,金寶,93,36,57,玉山-高雄,2023-06-12,8843
6290,良維,51,2,49,玉山-高雄,2023-06-12,8843
6282,康舒,70,23,47,玉山-高雄,2023-06-12,8843
2206,三陽工業,54,9,45,玉山-高雄,2023-06-12,8843
2489,瑞軒,38,0,38,玉山-高雄,2023-06-12,8843
2881,富邦金,64,26,38,玉山-高雄,2023-06-12,8843
2618,長榮航,193,156,37,玉山-高雄,2023-06-12,8843
0056,元大高股息,167,132,35,玉山-高雄,2023-06-12,8843
4128,中天,35,0,35,玉山-高雄,2023-06-12,8843
5905,南仁湖,37,4,33,玉山-高雄,2023-06-12,8843
2027,大成鋼,59,26,33,玉山-高雄,2023-06-12,8843
00725B,國泰投資級公司債,50,20,30,玉山-高雄,2023-06-12,8843
3209,全科,37,7,30,玉山-高雄,2023-06-12,8843
8936,國統,31,1,30,玉山-高雄,2023-06-12,8843
1605,華新,49,19,30,玉山-高雄,2023-06-12,8843
8034,榮群,44,15,29,玉山-高雄,2023-06-12,8843
1701,中化,28,0,28,玉山-高雄,2023-06-12,8843
5439,高技,39,11,28,玉山-高雄,2023-06-12,8843
6244,茂迪,35,8,27,玉山-高雄,2023-06-12,8843
2495,普安,34,8,26,玉山-高雄,2023-06-12,8843
1513,中興電,63,37,26,玉山-高雄,2023-06-12,8843
2641,正德,25,0,25,玉山-高雄,2023-06-12,8843
6776,展�眥篕�,24,0,24,玉山-高雄,2023-06-12,8843
2457,飛宏,47,24,23,玉山-高雄,2023-06-12,8843
6235,華孚,48,25,23,玉山-高雄,2023-06-12,8843
2705,六福,30,7,23,玉山-高雄,2023-06-12,8843
2630,亞航,39,17,22,玉山-高雄,2023-06-12,8843
1718,中纖,20,0,20,玉山-高雄,2023-06-12,8843
5315,光聯,20,0,20,玉山-高雄,2023-06-12,8843
3682,亞太電,20,0,20,玉山-高雄,2023-06-12,8843
3078,僑威,70,51,19,玉山-高雄,2023-06-12,8843
2352,佳世達,27,8,19,玉山-高雄,2023-06-12,8843
3025,星通,19,0,19,玉山-高雄,2023-06-12,8843
8222,寶一,27,9,18,玉山-高雄,2023-06-12,8843
2399,映泰,34,16,18,玉山-高雄,2023-06-12,8843
6163,華電網,24,7,17,玉山-高雄,2023-06-12,8843
00715L,期街口布蘭特正2,1693,57,1636,玉山-高雄,2023-06-13,8843
00632R,元大台灣50反1,1211,147,1064,玉山-高雄,2023-06-13,8843
00680L,元大美債20正2,462,4,458,玉山-高雄,2023-06-13,8843
00919,群益台灣精選高息,250,27,223,玉山-高雄,2023-06-13,8843
2323,中環,158,38,120,玉山-高雄,2023-06-13,8843
00676R,富邦臺灣加權反1,200,80,120,玉山-高雄,2023-06-13,8843
00882,中信中國高股息,119,7,112,玉山-高雄,2023-06-13,8843
00712,復華富時不動產,128,24,104,玉山-高雄,2023-06-13,8843
2027,大成鋼,113,17,96,玉山-高雄,2023-06-13,8843
00642U,期元大S＆P石油,75,12,63,玉山-高雄,2023-06-13,8843
00902,中信電池及儲能,65,8,57,玉山-高雄,2023-06-13,8843
4533,協易機,81,37,44,玉山-高雄,2023-06-13,8843
2867,三商壽,51,8,43,玉山-高雄,2023-06-13,8843
2449,京元電子,95,53,42,玉山-高雄,2023-06-13,8843
2881,富邦金,50,13,37,玉山-高雄,2023-06-13,8843
00720B,元大投資級公司債,36,0,36,玉山-高雄,2023-06-13,8843
8086,宏捷科,36,1,35,玉山-高雄,2023-06-13,8843
2425,承啟,36,2,34,玉山-高雄,2023-06-13,8843
00673R,期元大S＆P原油反1,50,16,34,玉山-高雄,2023-06-13,8843
00753L,中信中國50正2,40,7,33,玉山-高雄,2023-06-13,8843
6577,勁豐,45,12,33,玉山-高雄,2023-06-13,8843
3231,緯創,150,118,32,玉山-高雄,2023-06-13,8843
2705,六福,95,63,32,玉山-高雄,2023-06-13,8843
5516,雙喜,30,0,30,玉山-高雄,2023-06-13,8843
1718,中纖,30,0,30,玉山-高雄,2023-06-13,8843
2887,台新金,34,5,29,玉山-高雄,2023-06-13,8843
00713,元大台灣高息低波,57,31,26,玉山-高雄,2023-06-13,8843
2882,國泰金,47,22,25,玉山-高雄,2023-06-13,8843
5871,中租-KY,25,2,23,玉山-高雄,2023-06-13,8843
00665L,富邦�琤肭磪囓�2,46,25,21,玉山-高雄,2023-06-13,8843
3454,晶睿,25,4,21,玉山-高雄,2023-06-13,8843
5469,瀚宇博,20,0,20,玉山-高雄,2023-06-13,8843
2023,燁輝,21,1,20,玉山-高雄,2023-06-13,8843
6163,華電網,23,3,20,玉山-高雄,2023-06-13,8843
8936,國統,20,0,20,玉山-高雄,2023-06-13,8843
00671R,富邦NASDAQ反1,20,0,20,玉山-高雄,2023-06-13,8843
6148,驊宏資,27,7,20,玉山-高雄,2023-06-13,8843
5706,鳳凰,41,21,20,玉山-高雄,2023-06-13,8843
2331,精英,45,26,19,玉山-高雄,2023-06-13,8843
4147,中裕,21,2,19,玉山-高雄,2023-06-13,8843
4968,立積,51,33,18,玉山-高雄,2023-06-13,8843
2633,台灣高鐵,21,4,17,玉山-高雄,2023-06-13,8843
4906,正文,25,9,16,玉山-高雄,2023-06-13,8843
1701,中化,16,0,16,玉山-高雄,2023-06-13,8843
1101,台泥,27,11,16,玉山-高雄,2023-06-13,8843
1314,中石化,18,3,15,玉山-高雄,2023-06-13,8843
8027,鈦昇,24,9,15,玉山-高雄,2023-06-13,8843
4130,健亞,20,5,15,玉山-高雄,2023-06-13,8843
9921,巨大,15,0,15,玉山-高雄,2023-06-13,8843
6271,同欣電,23,9,14,玉山-高雄,2023-06-13,8843
2337,旺宏,504,11,493,玉山-高雄,2023-06-14,8843
00919,群益台灣精選高息,371,4,367,玉山-高雄,2023-06-14,8843
2323,中環,290,64,226,玉山-高雄,2023-06-14,8843
00712,復華富時不動產,147,7,140,玉山-高雄,2023-06-14,8843
00713,元大台灣高息低波,111,2,109,玉山-高雄,2023-06-14,8843
2371,大同,108,10,98,玉山-高雄,2023-06-14,8843
00725B,國泰投資級公司債,92,1,91,玉山-高雄,2023-06-14,8843
4533,協易機,146,63,83,玉山-高雄,2023-06-14,8843
3363,上詮,97,27,70,玉山-高雄,2023-06-14,8843
2356,英業達,223,154,69,玉山-高雄,2023-06-14,8843
6122,擎邦,70,14,56,玉山-高雄,2023-06-14,8843
2705,六福,123,68,55,玉山-高雄,2023-06-14,8843
6770,力積電,81,27,54,玉山-高雄,2023-06-14,8843
00688L,國泰20年美債正2,50,0,50,玉山-高雄,2023-06-14,8843
2369,菱生,50,1,49,玉山-高雄,2023-06-14,8843
2457,飛宏,54,7,47,玉山-高雄,2023-06-14,8843
00687B,國泰20年美債,43,0,43,玉山-高雄,2023-06-14,8843
00921,兆豐龍頭等權重,41,0,41,玉山-高雄,2023-06-14,8843
6026,福邦證,40,0,40,玉山-高雄,2023-06-14,8843
00679B,元大美債20年,40,0,40,玉山-高雄,2023-06-14,8843
00929,復華台灣科技優息,41,2,39,玉山-高雄,2023-06-14,8843
1611,中電,63,24,39,玉山-高雄,2023-06-14,8843
2607,榮運,52,14,38,玉山-高雄,2023-06-14,8843
00885,富邦越南,41,4,37,玉山-高雄,2023-06-14,8843
2014,中鴻,90,55,35,玉山-高雄,2023-06-14,8843
1522,堤維西,70,37,33,玉山-高雄,2023-06-14,8843
1608,華榮,35,2,33,玉山-高雄,2023-06-14,8843
3033,威健,33,2,31,玉山-高雄,2023-06-14,8843
4164,承業醫,30,0,30,玉山-高雄,2023-06-14,8843
2634,漢翔,37,9,28,玉山-高雄,2023-06-14,8843
3701,大眾控,31,3,28,玉山-高雄,2023-06-14,8843
6288,聯嘉,40,13,27,玉山-高雄,2023-06-14,8843
1806,冠軍,53,26,27,玉山-高雄,2023-06-14,8843
6282,康舒,26,1,25,玉山-高雄,2023-06-14,8843
1609,大亞,76,51,25,玉山-高雄,2023-06-14,8843
2324,仁寶,35,10,25,玉山-高雄,2023-06-14,8843
00720B,元大投資級公司債,28,4,24,玉山-高雄,2023-06-14,8843
00751B,元大AAA至A公司債,24,0,24,玉山-高雄,2023-06-14,8843
6235,華孚,72,48,24,玉山-高雄,2023-06-14,8843
00664R,國泰臺灣加權反1,24,0,24,玉山-高雄,2023-06-14,8843
5880,合庫金,25,2,23,玉山-高雄,2023-06-14,8843
1314,中石化,61,38,23,玉山-高雄,2023-06-14,8843
6609,瀧澤科,24,1,23,玉山-高雄,2023-06-14,8843
1605,華新,59,36,23,玉山-高雄,2023-06-14,8843
2206,三陽工業,29,6,23,玉山-高雄,2023-06-14,8843
2812,台中銀,22,0,22,玉山-高雄,2023-06-14,8843
2489,瑞軒,22,1,21,玉山-高雄,2023-06-14,8843
2405,輔信,53,32,21,玉山-高雄,2023-06-14,8843
8420,明揚,20,1,19,玉山-高雄,2023-06-14,8843
3583,辛耘,25,8,17,玉山-高雄,2023-06-14,8843
00919,群益台灣精選高息,331,2,329,玉山-高雄,2023-06-15,8843
00712,復華富時不動產,327,199,128,玉山-高雄,2023-06-15,8843
00713,元大台灣高息低波,111,5,106,玉山-高雄,2023-06-15,8843
2618,長榮航,513,421,92,玉山-高雄,2023-06-15,8843
2352,佳世達,134,60,74,玉山-高雄,2023-06-15,8843
2408,南亞科,63,1,62,玉山-高雄,2023-06-15,8843
2356,英業達,128,67,61,玉山-高雄,2023-06-15,8843
8936,國統,67,7,60,玉山-高雄,2023-06-15,8843
8076,伍豐,93,37,56,玉山-高雄,2023-06-15,8843
2401,凌陽,152,101,51,玉山-高雄,2023-06-15,8843
3264,欣銓,56,7,49,玉山-高雄,2023-06-15,8843
3576,聯合再生,49,0,49,玉山-高雄,2023-06-15,8843
00882,中信中國高股息,52,3,49,玉山-高雄,2023-06-15,8843
1734,杏輝,50,6,44,玉山-高雄,2023-06-15,8843
6116,彩晶,53,11,42,玉山-高雄,2023-06-15,8843
1504,東元,62,23,39,玉山-高雄,2023-06-15,8843
3055,蔚華科,91,54,37,玉山-高雄,2023-06-15,8843
3707,漢磊,60,24,36,玉山-高雄,2023-06-15,8843
1789,神隆,36,0,36,玉山-高雄,2023-06-15,8843
00751B,元大AAA至A公司債,35,0,35,玉山-高雄,2023-06-15,8843
3058,立德,43,9,34,玉山-高雄,2023-06-15,8843
3013,晟銘電,69,36,33,玉山-高雄,2023-06-15,8843
1609,大亞,106,75,31,玉山-高雄,2023-06-15,8843
4572,駐龍,31,1,30,玉山-高雄,2023-06-15,8843
00929,復華台灣科技優息,30,2,28,玉山-高雄,2023-06-15,8843
2382,廣達,70,43,27,玉山-高雄,2023-06-15,8843
3498,陽程,79,52,27,玉山-高雄,2023-06-15,8843
2705,六福,46,20,26,玉山-高雄,2023-06-15,8843
2457,飛宏,34,9,25,玉山-高雄,2023-06-15,8843
6282,康舒,72,48,24,玉山-高雄,2023-06-15,8843
4906,正文,29,5,24,玉山-高雄,2023-06-15,8843
3088,艾訊,26,2,24,玉山-高雄,2023-06-15,8843
2885,元大金,26,3,23,玉山-高雄,2023-06-15,8843
2368,金像電,24,3,21,玉山-高雄,2023-06-15,8843
8210,勤誠,53,32,21,玉山-高雄,2023-06-15,8843
8027,鈦昇,20,0,20,玉山-高雄,2023-06-15,8843
00676R,富邦臺灣加權反1,20,0,20,玉山-高雄,2023-06-15,8843
2609,陽明,45,26,19,玉山-高雄,2023-06-15,8843
2634,漢翔,58,40,18,玉山-高雄,2023-06-15,8843
1314,中石化,23,5,18,玉山-高雄,2023-06-15,8843
4534,慶騰,20,2,18,玉山-高雄,2023-06-15,8843
3231,緯創,187,170,17,玉山-高雄,2023-06-15,8843
2748,雲品,21,4,17,玉山-高雄,2023-06-15,8843
4938,和碩,30,13,17,玉山-高雄,2023-06-15,8843
2317,鴻海,24,8,16,玉山-高雄,2023-06-15,8843
3022,威強電,33,17,16,玉山-高雄,2023-06-15,8843
5328,華容,17,1,16,玉山-高雄,2023-06-15,8843
9105,泰金寶-DR,16,0,16,玉山-高雄,2023-06-15,8843
6214,精誠,24,8,16,玉山-高雄,2023-06-15,8843
00772B,中信高評級公司債,22,6,16,玉山-高雄,2023-06-15,8843
2883,凱基金,768,16,752,玉山-高雄,2023-06-16,8843
2618,長榮航,1310,576,734,玉山-高雄,2023-06-16,8843
2337,旺宏,543,45,498,玉山-高雄,2023-06-16,8843
00919,群益台灣精選高息,367,79,288,玉山-高雄,2023-06-16,8843
2610,華航,767,487,280,玉山-高雄,2023-06-16,8843
2891,中信金,280,1,279,玉山-高雄,2023-06-16,8843
1802,台玻,278,50,228,玉山-高雄,2023-06-16,8843
2371,大同,329,136,193,玉山-高雄,2023-06-16,8843
3706,神達,206,104,102,玉山-高雄,2023-06-16,8843
2359,所羅門,90,15,75,玉山-高雄,2023-06-16,8843
1503,士電,111,36,75,玉山-高雄,2023-06-16,8843
2888,新光金,182,117,65,玉山-高雄,2023-06-16,8843
8926,台汽電,76,17,59,玉山-高雄,2023-06-16,8843
2409,友達,111,55,56,玉山-高雄,2023-06-16,8843
00664R,國泰臺灣加權反1,52,0,52,玉山-高雄,2023-06-16,8843
00929,復華台灣科技優息,55,4,51,玉山-高雄,2023-06-16,8843
2382,廣達,67,20,47,玉山-高雄,2023-06-16,8843
6770,力積電,67,21,46,玉山-高雄,2023-06-16,8843
3363,上詮,63,20,43,玉山-高雄,2023-06-16,8843
3052,夆典,42,0,42,玉山-高雄,2023-06-16,8843
2801,彰銀,47,6,41,玉山-高雄,2023-06-16,8843
3011,今皓,35,0,35,玉山-高雄,2023-06-16,8843
2352,佳世達,98,64,34,玉山-高雄,2023-06-16,8843
2201,裕隆,46,13,33,玉山-高雄,2023-06-16,8843
2301,光寶科,47,15,32,玉山-高雄,2023-06-16,8843
00712,復華富時不動產,152,120,32,玉山-高雄,2023-06-16,8843
3583,辛耘,33,1,32,玉山-高雄,2023-06-16,8843
3013,晟銘電,66,35,31,玉山-高雄,2023-06-16,8843
4736,泰博,30,0,30,玉山-高雄,2023-06-16,8843
6282,康舒,40,12,28,玉山-高雄,2023-06-16,8843
2886,兆豐金,33,4,29,玉山-高雄,2023-06-16,8843
3498,陽程,37,10,27,玉山-高雄,2023-06-16,8843
00921,兆豐龍頭等權重,27,0,27,玉山-高雄,2023-06-16,8843
8222,寶一,27,0,27,玉山-高雄,2023-06-16,8843
4526,東台,34,8,26,玉山-高雄,2023-06-16,8843
2834,臺企銀,47,22,25,玉山-高雄,2023-06-16,8843
2329,華泰,26,1,25,玉山-高雄,2023-06-16,8843
8096,擎亞,25,0,25,玉山-高雄,2023-06-16,8843
1319,東陽,34,10,24,玉山-高雄,2023-06-16,8843
2353,宏��,88,64,24,玉山-高雄,2023-06-16,8843
8028,昇陽半導體,25,2,23,玉山-高雄,2023-06-16,8843
1519,華城,46,24,22,玉山-高雄,2023-06-16,8843
2482,連宇,48,27,21,玉山-高雄,2023-06-16,8843
00673R,期元大S＆P原油反1,21,0,21,玉山-高雄,2023-06-16,8843
2331,精英,22,1,21,玉山-高雄,2023-06-16,8843
8050,廣積,23,3,20,玉山-高雄,2023-06-16,8843
6205,詮欣,22,2,20,玉山-高雄,2023-06-16,8843
4566,時碩工業,24,5,19,玉山-高雄,2023-06-16,8843
3022,威強電,30,12,18,玉山-高雄,2023-06-16,8843
2312,金寶,84,66,18,玉山-高雄,2023-06-16,8843
00712,復華富時不動產,605,61,544,玉山-高雄,2023-06-19,8843
6116,彩晶,284,81,203,玉山-高雄,2023-06-19,8843
2888,新光金,141,26,115,玉山-高雄,2023-06-19,8843
2353,宏��,102,24,78,玉山-高雄,2023-06-19,8843
1802,台玻,132,67,65,玉山-高雄,2023-06-19,8843
2468,華經,84,20,64,玉山-高雄,2023-06-19,8843
00929,復華台灣科技優息,75,13,62,玉山-高雄,2023-06-19,8843
00632R,元大台灣50反1,60,0,60,玉山-高雄,2023-06-19,8843
00882,中信中國高股息,58,0,58,玉山-高雄,2023-06-19,8843
00919,群益台灣精選高息,71,18,53,玉山-高雄,2023-06-19,8843
3363,上詮,58,6,52,玉山-高雄,2023-06-19,8843
2352,佳世達,95,44,51,玉山-高雄,2023-06-19,8843
00637L,元大滬深300正2,91,40,51,玉山-高雄,2023-06-19,8843
2349,錸德,55,4,51,玉山-高雄,2023-06-19,8843
4736,泰博,55,5,50,玉山-高雄,2023-06-19,8843
00665L,富邦�琤肭磪囓�2,54,4,50,玉山-高雄,2023-06-19,8843
4938,和碩,56,7,49,玉山-高雄,2023-06-19,8843
1907,永豐餘,52,6,46,玉山-高雄,2023-06-19,8843
6282,康舒,56,12,44,玉山-高雄,2023-06-19,8843
2881,富邦金,49,8,41,玉山-高雄,2023-06-19,8843
2603,長榮,55,16,39,玉山-高雄,2023-06-19,8843
1605,華新,82,43,39,玉山-高雄,2023-06-19,8843
8926,台汽電,44,6,38,玉山-高雄,2023-06-19,8843
2104,國際中橡,85,48,37,玉山-高雄,2023-06-19,8843
3706,神達,59,23,36,玉山-高雄,2023-06-19,8843
00795B,中信美國公債20年,36,0,36,玉山-高雄,2023-06-19,8843
2882,國泰金,36,2,34,玉山-高雄,2023-06-19,8843
00673R,期元大S＆P原油反1,33,0,33,玉山-高雄,2023-06-19,8843
2609,陽明,54,21,33,玉山-高雄,2023-06-19,8843
3231,緯創,116,83,33,玉山-高雄,2023-06-19,8843
5347,世界,32,0,32,玉山-高雄,2023-06-19,8843
2014,中鴻,53,22,31,玉山-高雄,2023-06-19,8843
00713,元大台灣高息低波,44,13,31,玉山-高雄,2023-06-19,8843
2013,中鋼構,30,0,30,玉山-高雄,2023-06-19,8843
00679B,元大美債20年,36,7,29,玉山-高雄,2023-06-19,8843
2324,仁寶,109,80,29,玉山-高雄,2023-06-19,8843
1519,華城,101,76,25,玉山-高雄,2023-06-19,8843
00753L,中信中國50正2,24,0,24,玉山-高雄,2023-06-19,8843
5533,皇鼎,23,0,23,玉山-高雄,2023-06-19,8843
3356,奇偶,30,7,23,玉山-高雄,2023-06-19,8843
6118,建達,24,1,23,玉山-高雄,2023-06-19,8843
1513,中興電,107,85,22,玉山-高雄,2023-06-19,8843
3058,立德,26,4,22,玉山-高雄,2023-06-19,8843
8033,雷虎,25,3,22,玉山-高雄,2023-06-19,8843
2332,友訊,22,1,21,玉山-高雄,2023-06-19,8843
00885,富邦越南,21,0,21,玉山-高雄,2023-06-19,8843
6148,驊宏資,44,23,21,玉山-高雄,2023-06-19,8843
6274,台燿,21,1,20,玉山-高雄,2023-06-19,8843
2915,潤泰全,19,0,19,玉山-高雄,2023-06-19,8843
2801,彰銀,23,5,18,玉山-高雄,2023-06-19,8843
2888,新光金,326,11,315,玉山-高雄,2023-06-20,8843
2409,友達,288,69,219,玉山-高雄,2023-06-20,8843
2382,廣達,228,21,207,玉山-高雄,2023-06-20,8843
00637L,元大滬深300正2,169,57,112,玉山-高雄,2023-06-20,8843
00712,復華富時不動產,177,66,111,玉山-高雄,2023-06-20,8843
00706L,期元大S＆P日圓正2,100,0,100,玉山-高雄,2023-06-20,8843
2610,華航,272,178,94,玉山-高雄,2023-06-20,8843
2323,中環,160,85,75,玉山-高雄,2023-06-20,8843
4934,太極,82,9,73,玉山-高雄,2023-06-20,8843
1802,台玻,70,4,66,玉山-高雄,2023-06-20,8843
1513,中興電,134,70,64,玉山-高雄,2023-06-20,8843
2337,旺宏,81,18,63,玉山-高雄,2023-06-20,8843
3481,群創,140,79,61,玉山-高雄,2023-06-20,8843
00919,群益台灣精選高息,79,19,60,玉山-高雄,2023-06-20,8843
2485,兆赫,60,0,60,玉山-高雄,2023-06-20,8843
00665L,富邦�琤肭磪囓�2,53,3,50,玉山-高雄,2023-06-20,8843
4938,和碩,52,4,48,玉山-高雄,2023-06-20,8843
2618,長榮航,99,53,46,玉山-高雄,2023-06-20,8843
2454,聯發科,58,13,45,玉山-高雄,2023-06-20,8843
1907,永豐餘,52,8,44,玉山-高雄,2023-06-20,8843
8222,寶一,135,91,44,玉山-高雄,2023-06-20,8843
5009,榮剛,50,8,42,玉山-高雄,2023-06-20,8843
00753L,中信中國50正2,46,6,40,玉山-高雄,2023-06-20,8843
3252,海灣,52,12,40,玉山-高雄,2023-06-20,8843
00720B,元大投資級公司債,40,0,40,玉山-高雄,2023-06-20,8843
00795B,中信美國公債20年,36,0,36,玉山-高雄,2023-06-20,8843
5347,世界,36,0,36,玉山-高雄,2023-06-20,8843
1815,富喬,35,0,35,玉山-高雄,2023-06-20,8843
1528,恩德,80,45,35,玉山-高雄,2023-06-20,8843
2356,英業達,65,30,35,玉山-高雄,2023-06-20,8843
1584,精剛,51,17,34,玉山-高雄,2023-06-20,8843
00673R,期元大S＆P原油反1,36,2,34,玉山-高雄,2023-06-20,8843
2468,華經,42,11,31,玉山-高雄,2023-06-20,8843
00882,中信中國高股息,44,15,29,玉山-高雄,2023-06-20,8843
1101,台泥,42,13,29,玉山-高雄,2023-06-20,8843
9103,美德醫療-DR,30,2,28,玉山-高雄,2023-06-20,8843
2328,廣宇,34,8,26,玉山-高雄,2023-06-20,8843
6217,中探針,53,27,26,玉山-高雄,2023-06-20,8843
2027,大成鋼,23,0,23,玉山-高雄,2023-06-20,8843
00929,復華台灣科技優息,46,23,23,玉山-高雄,2023-06-20,8843
1608,華榮,25,2,23,玉山-高雄,2023-06-20,8843
2312,金寶,34,12,22,玉山-高雄,2023-06-20,8843
1560,中砂,25,3,22,玉山-高雄,2023-06-20,8843
00679B,元大美債20年,26,4,22,玉山-高雄,2023-06-20,8843
2352,佳世達,67,45,22,玉山-高雄,2023-06-20,8843
5864,致和證,20,0,20,玉山-高雄,2023-06-20,8843
6116,彩晶,26,6,20,玉山-高雄,2023-06-20,8843
1609,大亞,38,18,20,玉山-高雄,2023-06-20,8843
2402,毅嘉,19,1,18,玉山-高雄,2023-06-20,8843
8438,昶昕,18,0,18,玉山-高雄,2023-06-20,8843
00673R,期元大S＆P原油反1,269,0,269,玉山-高雄,2023-06-21,8843
2323,中環,228,64,164,玉山-高雄,2023-06-21,8843
2867,三商壽,158,15,143,玉山-高雄,2023-06-21,8843
6125,廣運,162,32,130,玉山-高雄,2023-06-21,8843
2344,華邦電,130,6,124,玉山-高雄,2023-06-21,8843
2634,漢翔,386,285,101,玉山-高雄,2023-06-21,8843
1304,台聚,100,0,100,玉山-高雄,2023-06-21,8843
2880,華南金,102,3,99,玉山-高雄,2023-06-21,8843
2356,英業達,197,105,92,玉山-高雄,2023-06-21,8843
2883,凱基金,109,31,78,玉山-高雄,2023-06-21,8843
00882,中信中國高股息,61,0,61,玉山-高雄,2023-06-21,8843
8076,伍豐,61,1,60,玉山-高雄,2023-06-21,8843
1605,華新,90,31,59,玉山-高雄,2023-06-21,8843
2303,聯電,86,28,58,玉山-高雄,2023-06-21,8843
2603,長榮,91,34,57,玉山-高雄,2023-06-21,8843
5512,力麒,63,11,52,玉山-高雄,2023-06-21,8843
8222,寶一,51,1,50,玉山-高雄,2023-06-21,8843
2884,玉山金,83,34,49,玉山-高雄,2023-06-21,8843
6120,達運,102,53,49,玉山-高雄,2023-06-21,8843
2888,新光金,51,3,48,玉山-高雄,2023-06-21,8843
1795,美時,49,2,47,玉山-高雄,2023-06-21,8843
3705,永信,46,0,46,玉山-高雄,2023-06-21,8843
2705,六福,94,50,44,玉山-高雄,2023-06-21,8843
00753L,中信中國50正2,46,2,44,玉山-高雄,2023-06-21,8843
4916,事欣科,81,38,43,玉山-高雄,2023-06-21,8843
00772B,中信高評級公司債,50,9,41,玉山-高雄,2023-06-21,8843
2615,萬海,55,15,40,玉山-高雄,2023-06-21,8843
00665L,富邦�琤肭磪囓�2,68,35,33,玉山-高雄,2023-06-21,8843
5347,世界,31,2,29,玉山-高雄,2023-06-21,8843
5905,南仁湖,29,1,28,玉山-高雄,2023-06-21,8843
2337,旺宏,29,2,27,玉山-高雄,2023-06-21,8843
1789,神隆,31,5,26,玉山-高雄,2023-06-21,8843
6443,元晶,29,5,24,玉山-高雄,2023-06-21,8843
1471,首利,36,12,24,玉山-高雄,2023-06-21,8843
3006,晶豪科,26,4,22,玉山-高雄,2023-06-21,8843
2409,友達,65,44,21,玉山-高雄,2023-06-21,8843
1337,再生-KY,26,5,21,玉山-高雄,2023-06-21,8843
4129,聯合,22,1,21,玉山-高雄,2023-06-21,8843
1432,大魯閣,21,0,21,玉山-高雄,2023-06-21,8843
2609,陽明,81,61,20,玉山-高雄,2023-06-21,8843
4915,致伸,20,0,20,玉山-高雄,2023-06-21,8843
8070,長華*,20,0,20,玉山-高雄,2023-06-21,8843
6806,森崴能源,26,7,19,玉山-高雄,2023-06-21,8843
2489,瑞軒,34,16,18,玉山-高雄,2023-06-21,8843
4744,皇將,20,3,17,玉山-高雄,2023-06-21,8843
1528,恩德,41,24,17,玉山-高雄,2023-06-21,8843
3221,台嘉碩,20,3,17,玉山-高雄,2023-06-21,8843
2308,台達電,24,7,17,玉山-高雄,2023-06-21,8843
00708L,期元大S＆P黃金正2,16,0,16,玉山-高雄,2023-06-21,8843
8105,凌巨,19,3,16,玉山-高雄,2023-06-21,8843
00715L,期街口布蘭特正2,2455,1,2454,玉山-高雄,2023-06-26,8843
00637L,元大滬深300正2,417,65,352,玉山-高雄,2023-06-26,8843
2867,三商壽,360,138,222,玉山-高雄,2023-06-26,8843
00706L,期元大S＆P日圓正2,210,0,210,玉山-高雄,2023-06-26,8843
3481,群創,170,56,114,玉山-高雄,2023-06-26,8843
2409,友達,120,11,109,玉山-高雄,2023-06-26,8843
2312,金寶,114,7,107,玉山-高雄,2023-06-26,8843
2104,國際中橡,118,12,106,玉山-高雄,2023-06-26,8843
00878,國泰永續高股息,164,61,103,玉山-高雄,2023-06-26,8843
00712,復華富時不動產,207,114,93,玉山-高雄,2023-06-26,8843
2303,聯電,126,37,89,玉山-高雄,2023-06-26,8843
6125,廣運,170,89,81,玉山-高雄,2023-06-26,8843
3706,神達,139,68,71,玉山-高雄,2023-06-26,8843
1904,正隆,86,29,57,玉山-高雄,2023-06-26,8843
00753L,中信中國50正2,86,30,56,玉山-高雄,2023-06-26,8843
2882,國泰金,53,0,53,玉山-高雄,2023-06-26,8843
2340,台亞,128,76,52,玉山-高雄,2023-06-26,8843
1605,華新,79,27,52,玉山-高雄,2023-06-26,8843
2352,佳世達,113,62,51,玉山-高雄,2023-06-26,8843
00633L,富邦上証正2,53,5,48,玉山-高雄,2023-06-26,8843
1504,東元,106,59,47,玉山-高雄,2023-06-26,8843
2323,中環,190,144,46,玉山-高雄,2023-06-26,8843
3013,晟銘電,54,9,45,玉山-高雄,2023-06-26,8843
2610,華航,119,76,43,玉山-高雄,2023-06-26,8843
2883,凱基金,45,2,43,玉山-高雄,2023-06-26,8843
6203,海韻電,45,4,41,玉山-高雄,2023-06-26,8843
8942,森鉅,40,1,39,玉山-高雄,2023-06-26,8843
2308,台達電,40,2,38,玉山-高雄,2023-06-26,8843
2033,佳大,35,0,35,玉山-高雄,2023-06-26,8843
2634,漢翔,100,65,35,玉山-高雄,2023-06-26,8843
3032,偉訓,39,6,33,玉山-高雄,2023-06-26,8843
1513,中興電,65,33,32,玉山-高雄,2023-06-26,8843
00655L,國泰中國A50正2,32,0,32,玉山-高雄,2023-06-26,8843
00720B,元大投資級公司債,35,4,31,玉山-高雄,2023-06-26,8843
2609,陽明,34,4,30,玉山-高雄,2023-06-26,8843
1515,力山,30,0,30,玉山-高雄,2023-06-26,8843
6164,華興,29,0,29,玉山-高雄,2023-06-26,8843
2889,國票金,29,0,29,玉山-高雄,2023-06-26,8843
6244,茂迪,31,3,28,玉山-高雄,2023-06-26,8843
00929,復華台灣科技優息,41,14,27,玉山-高雄,2023-06-26,8843
2412,中華電,28,1,27,玉山-高雄,2023-06-26,8843
2748,雲品,28,3,25,玉山-高雄,2023-06-26,8843
2367,燿華,25,0,25,玉山-高雄,2023-06-26,8843
00632R,元大台灣50反1,145,120,25,玉山-高雄,2023-06-26,8843
8076,伍豐,34,9,25,玉山-高雄,2023-06-26,8843
00888,永豐台灣ESG,25,0,25,玉山-高雄,2023-06-26,8843
9933,中鼎,25,1,24,玉山-高雄,2023-06-26,8843
4916,事欣科,36,12,24,玉山-高雄,2023-06-26,8843
00687B,國泰20年美債,25,1,24,玉山-高雄,2023-06-26,8843
3044,健鼎,24,0,24,玉山-高雄,2023-06-26,8843
2618,長榮航,1050,90,960,玉山-高雄,2023-06-27,8843
6116,彩晶,550,33,517,玉山-高雄,2023-06-27,8843
00665L,富邦�琤肭磪囓�2,525,10,515,玉山-高雄,2023-06-27,8843
8046,南電,153,1,152,玉山-高雄,2023-06-27,8843
2409,友達,147,11,136,玉山-高雄,2023-06-27,8843
3481,群創,237,105,132,玉山-高雄,2023-06-27,8843
2303,聯電,141,15,126,玉山-高雄,2023-06-27,8843
2344,華邦電,134,26,108,玉山-高雄,2023-06-27,8843
2340,台亞,138,31,107,玉山-高雄,2023-06-27,8843
0056,元大高股息,134,40,94,玉山-高雄,2023-06-27,8843
00929,復華台灣科技優息,93,3,90,玉山-高雄,2023-06-27,8843
6414,樺漢,83,3,80,玉山-高雄,2023-06-27,8843
8926,台汽電,79,2,77,玉山-高雄,2023-06-27,8843
2313,華通,69,5,64,玉山-高雄,2023-06-27,8843
1605,華新,84,22,62,玉山-高雄,2023-06-27,8843
1905,華紙,81,20,61,玉山-高雄,2023-06-27,8843
00712,復華富時不動產,68,13,55,玉山-高雄,2023-06-27,8843
1609,大亞,84,29,55,玉山-高雄,2023-06-27,8843
3532,台勝科,58,6,52,玉山-高雄,2023-06-27,8843
2206,三陽工業,84,35,49,玉山-高雄,2023-06-27,8843
00637L,元大滬深300正2,111,64,47,玉山-高雄,2023-06-27,8843
6188,廣明,97,52,45,玉山-高雄,2023-06-27,8843
2881,富邦金,44,0,44,玉山-高雄,2023-06-27,8843
1904,正隆,51,11,40,玉山-高雄,2023-06-27,8843
2371,大同,167,127,40,玉山-高雄,2023-06-27,8843
2705,六福,44,5,39,玉山-高雄,2023-06-27,8843
2609,陽明,50,13,37,玉山-高雄,2023-06-27,8843
2427,三商電,80,44,36,玉山-高雄,2023-06-27,8843
1907,永豐餘,52,17,35,玉山-高雄,2023-06-27,8843
1471,首利,50,15,35,玉山-高雄,2023-06-27,8843
00720B,元大投資級公司債,37,4,33,玉山-高雄,2023-06-27,8843
1504,東元,102,69,33,玉山-高雄,2023-06-27,8843
2610,華航,833,801,32,玉山-高雄,2023-06-27,8843
4906,正文,31,0,31,玉山-高雄,2023-06-27,8843
3058,立德,35,6,29,玉山-高雄,2023-06-27,8843
9802,鈺齊-KY,33,5,28,玉山-高雄,2023-06-27,8843
1301,台塑,27,0,27,玉山-高雄,2023-06-27,8843
6220,岳豐,31,5,26,玉山-高雄,2023-06-27,8843
00687B,國泰20年美債,25,0,25,玉山-高雄,2023-06-27,8843
5465,富驊,28,3,25,玉山-高雄,2023-06-27,8843
2498,宏達電,37,15,22,玉山-高雄,2023-06-27,8843
1314,中石化,21,0,21,玉山-高雄,2023-06-27,8843
3041,揚智,21,0,21,玉山-高雄,2023-06-27,8843
1528,恩德,29,8,21,玉山-高雄,2023-06-27,8843
1513,中興電,93,72,21,玉山-高雄,2023-06-27,8843
2884,玉山金,59,39,20,玉山-高雄,2023-06-27,8843
3661,世芯-KY,22,2,20,玉山-高雄,2023-06-27,8843
1815,富喬,22,2,20,玉山-高雄,2023-06-27,8843
2457,飛宏,48,29,19,玉山-高雄,2023-06-27,8843
2497,怡利電,19,2,17,玉山-高雄,2023-06-27,8843
00715L,期街口布蘭特正2,2742,5,2737,玉山-高雄,2023-06-28,8843
4906,正文,241,12,229,玉山-高雄,2023-06-28,8843
2867,三商壽,184,29,155,玉山-高雄,2023-06-28,8843
2609,陽明,165,34,131,玉山-高雄,2023-06-28,8843
2376,技嘉,149,21,128,玉山-高雄,2023-06-28,8843
1605,華新,169,55,114,玉山-高雄,2023-06-28,8843
2906,高林,133,47,86,玉山-高雄,2023-06-28,8843
00665L,富邦�琤肭磪囓�2,95,11,84,玉山-高雄,2023-06-28,8843
2534,宏盛,71,3,68,玉山-高雄,2023-06-28,8843
1444,力麗,105,47,58,玉山-高雄,2023-06-28,8843
00642U,期元大S＆P石油,57,0,57,玉山-高雄,2023-06-28,8843
2014,中鴻,57,0,57,玉山-高雄,2023-06-28,8843
00706L,期元大S＆P日圓正2,56,0,56,玉山-高雄,2023-06-28,8843
2312,金寶,58,9,49,玉山-高雄,2023-06-28,8843
1301,台塑,51,3,48,玉山-高雄,2023-06-28,8843
6111,大宇資,56,9,47,玉山-高雄,2023-06-28,8843
2356,英業達,60,19,41,玉山-高雄,2023-06-28,8843
1504,東元,92,57,35,玉山-高雄,2023-06-28,8843
6116,彩晶,34,0,34,玉山-高雄,2023-06-28,8843
00679B,元大美債20年,37,4,33,玉山-高雄,2023-06-28,8843
00885,富邦越南,52,20,32,玉山-高雄,2023-06-28,8843
2630,亞航,68,37,31,玉山-高雄,2023-06-28,8843
2409,友達,42,12,30,玉山-高雄,2023-06-28,8843
3293,鈊象,31,1,30,玉山-高雄,2023-06-28,8843
3346,麗清,40,10,30,玉山-高雄,2023-06-28,8843
2884,玉山金,55,27,28,玉山-高雄,2023-06-28,8843
00671R,富邦NASDAQ反1,30,2,28,玉山-高雄,2023-06-28,8843
3078,僑威,38,12,26,玉山-高雄,2023-06-28,8843
2495,普安,31,5,26,玉山-高雄,2023-06-28,8843
2603,長榮,69,46,23,玉山-高雄,2023-06-28,8843
6577,勁豐,23,0,23,玉山-高雄,2023-06-28,8843
3481,群創,59,37,22,玉山-高雄,2023-06-28,8843
3714,富采,26,4,22,玉山-高雄,2023-06-28,8843
2605,新興,23,2,21,玉山-高雄,2023-06-28,8843
1522,堤維西,54,34,20,玉山-高雄,2023-06-28,8843
2498,宏達電,24,4,20,玉山-高雄,2023-06-28,8843
3058,立德,28,8,20,玉山-高雄,2023-06-28,8843
3710,連展投控,20,0,20,玉山-高雄,2023-06-28,8843
4916,事欣科,25,5,20,玉山-高雄,2023-06-28,8843
00928,中信上櫃ESG30,20,0,20,玉山-高雄,2023-06-28,8843
5285,界霖,20,0,20,玉山-高雄,2023-06-28,8843
00720B,元大投資級公司債,20,1,19,玉山-高雄,2023-06-28,8843
2444,兆勁,19,0,19,玉山-高雄,2023-06-28,8843
00902,中信電池及儲能,19,0,19,玉山-高雄,2023-06-28,8843
4175,杏一,20,1,19,玉山-高雄,2023-06-28,8843
3032,偉訓,19,1,18,玉山-高雄,2023-06-28,8843
2913,農林,18,0,18,玉山-高雄,2023-06-28,8843
00929,復華台灣科技優息,19,2,17,玉山-高雄,2023-06-28,8843
3025,星通,40,23,17,玉山-高雄,2023-06-28,8843
2607,榮運,20,3,17,玉山-高雄,2023-06-28,8843
2324,仁寶,308,19,289,玉山-高雄,2023-06-29,8843
2323,中環,272,74,198,玉山-高雄,2023-06-29,8843
00637L,元大滬深300正2,226,66,160,玉山-高雄,2023-06-29,8843
1605,華新,185,36,149,玉山-高雄,2023-06-29,8843
4414,如興,387,252,135,玉山-高雄,2023-06-29,8843
2303,聯電,91,5,86,玉山-高雄,2023-06-29,8843
2609,陽明,108,24,84,玉山-高雄,2023-06-29,8843
2409,友達,80,8,72,玉山-高雄,2023-06-29,8843
2412,中華電,61,1,60,玉山-高雄,2023-06-29,8843
00706L,期元大S＆P日圓正2,110,50,60,玉山-高雄,2023-06-29,8843
2812,台中銀,58,0,58,玉山-高雄,2023-06-29,8843
2317,鴻海,64,7,57,玉山-高雄,2023-06-29,8843
2618,長榮航,115,58,57,玉山-高雄,2023-06-29,8843
2371,大同,104,50,54,玉山-高雄,2023-06-29,8843
2884,玉山金,97,43,54,玉山-高雄,2023-06-29,8843
00919,群益台灣精選高息,55,4,51,玉山-高雄,2023-06-29,8843
00753L,中信中國50正2,56,10,46,玉山-高雄,2023-06-29,8843
2610,華航,125,80,45,玉山-高雄,2023-06-29,8843
2301,光寶科,43,2,41,玉山-高雄,2023-06-29,8843
2498,宏達電,37,1,36,玉山-高雄,2023-06-29,8843
00882,中信中國高股息,35,0,35,玉山-高雄,2023-06-29,8843
1522,堤維西,34,0,34,玉山-高雄,2023-06-29,8843
2014,中鴻,35,2,33,玉山-高雄,2023-06-29,8843
2002,中鋼,34,2,32,玉山-高雄,2023-06-29,8843
00665L,富邦�琤肭磪囓�2,30,0,30,玉山-高雄,2023-06-29,8843
6125,廣運,36,7,29,玉山-高雄,2023-06-29,8843
2027,大成鋼,32,3,29,玉山-高雄,2023-06-29,8843
5213,亞昕,28,0,28,玉山-高雄,2023-06-29,8843
2365,昆盈,27,0,27,玉山-高雄,2023-06-29,8843
1314,中石化,27,1,26,玉山-高雄,2023-06-29,8843
2444,兆勁,30,5,25,玉山-高雄,2023-06-29,8843
2427,三商電,35,12,23,玉山-高雄,2023-06-29,8843
2641,正德,23,0,23,玉山-高雄,2023-06-29,8843
4746,台耀,40,18,22,玉山-高雄,2023-06-29,8843
2888,新光金,36,15,21,玉山-高雄,2023-06-29,8843
4967,十銓,29,8,21,玉山-高雄,2023-06-29,8843
2882,國泰金,24,3,21,玉山-高雄,2023-06-29,8843
3346,麗清,44,24,20,玉山-高雄,2023-06-29,8843
00894,中信小資高價30,20,0,20,玉山-高雄,2023-06-29,8843
6153,嘉聯益,27,7,20,玉山-高雄,2023-06-29,8843
5347,世界,31,12,19,玉山-高雄,2023-06-29,8843
1326,台化,33,15,18,玉山-高雄,2023-06-29,8843
3025,星通,66,48,18,玉山-高雄,2023-06-29,8843
2887,台新金,21,3,18,玉山-高雄,2023-06-29,8843
2351,順德,21,4,17,玉山-高雄,2023-06-29,8843
2891,中信金,19,2,17,玉山-高雄,2023-06-29,8843
7402,邑錡,40,23,17,玉山-高雄,2023-06-29,8843
2606,裕民,17,0,17,玉山-高雄,2023-06-29,8843
3356,奇偶,27,10,17,玉山-高雄,2023-06-29,8843
3056,富華新,15,0,15,玉山-高雄,2023-06-29,8843
2883,凱基金,453,17,436,玉山-高雄,2023-06-30,8843
2883B,凱基金乙特,200,0,200,玉山-高雄,2023-06-30,8843
2618,長榮航,247,51,196,玉山-高雄,2023-06-30,8843
3260,威剛,197,49,148,玉山-高雄,2023-06-30,8843
00706L,期元大S＆P日圓正2,112,0,112,玉山-高雄,2023-06-30,8843
1795,美時,183,74,109,玉山-高雄,2023-06-30,8843
2880,華南金,101,0,101,玉山-高雄,2023-06-30,8843
2344,華邦電,101,12,89,玉山-高雄,2023-06-30,8843
00680L,元大美債20正2,84,0,84,玉山-高雄,2023-06-30,8843
6197,佳必琪,72,1,71,玉山-高雄,2023-06-30,8843
3481,群創,145,77,68,玉山-高雄,2023-06-30,8843
00687B,國泰20年美債,64,0,64,玉山-高雄,2023-06-30,8843
1326,台化,62,0,62,玉山-高雄,2023-06-30,8843
2324,仁寶,59,0,59,玉山-高雄,2023-06-30,8843
2845,遠東銀,54,2,52,玉山-高雄,2023-06-30,8843
2303,聯電,52,7,45,玉山-高雄,2023-06-30,8843
2888,新光金,47,6,41,玉山-高雄,2023-06-30,8843
2002,中鋼,38,2,36,玉山-高雄,2023-06-30,8843
2323,中環,144,109,35,玉山-高雄,2023-06-30,8843
00795B,中信美國公債20年,32,0,32,玉山-高雄,2023-06-30,8843
2405,輔信,32,0,32,玉山-高雄,2023-06-30,8843
2409,友達,34,5,29,玉山-高雄,2023-06-30,8843
00892,富邦台灣半導體,36,8,28,玉山-高雄,2023-06-30,8843
0056,元大高股息,70,43,27,玉山-高雄,2023-06-30,8843
2301,光寶科,34,8,26,玉山-高雄,2023-06-30,8843
2890,永豐金,26,0,26,玉山-高雄,2023-06-30,8843
1605,華新,137,111,26,玉山-高雄,2023-06-30,8843
2482,連宇,39,14,25,玉山-高雄,2023-06-30,8843
2887,台新金,24,1,23,玉山-高雄,2023-06-30,8843
1789,神隆,24,2,22,玉山-高雄,2023-06-30,8843
2885,元大金,28,5,23,玉山-高雄,2023-06-30,8843
2408,南亞科,24,2,22,玉山-高雄,2023-06-30,8843
4121,優盛,29,8,21,玉山-高雄,2023-06-30,8843
4414,如興,22,2,20,玉山-高雄,2023-06-30,8843
5213,亞昕,20,0,20,玉山-高雄,2023-06-30,8843
8027,鈦昇,20,0,20,玉山-高雄,2023-06-30,8843
2633,台灣高鐵,18,0,18,玉山-高雄,2023-06-30,8843
2353,宏��,20,3,17,玉山-高雄,2023-06-30,8843
6282,康舒,40,23,17,玉山-高雄,2023-06-30,8843
8222,寶一,29,12,17,玉山-高雄,2023-06-30,8843
2812,台中銀,21,4,17,玉山-高雄,2023-06-30,8843
3264,欣銓,17,1,16,玉山-高雄,2023-06-30,8843
8431,匯鑽科,16,0,16,玉山-高雄,2023-06-30,8843
0050,元大台灣50,17,1,16,玉山-高雄,2023-06-30,8843
6188,廣明,28,13,15,玉山-高雄,2023-06-30,8843
00720B,元大投資級公司債,16,1,15,玉山-高雄,2023-06-30,8843
3078,僑威,30,15,15,玉山-高雄,2023-06-30,8843
2412,中華電,14,0,14,玉山-高雄,2023-06-30,8843
2615,萬海,33,19,14,玉山-高雄,2023-06-30,8843
2634,漢翔,24,10,14,玉山-高雄,2023-06-30,8843
0056,元大高股息,262,82,180,玉山-高雄,2023-07-03,8843
2883B,凱基金乙特,160,0,160,玉山-高雄,2023-07-03,8843
00712,復華富時不動產,256,127,129,玉山-高雄,2023-07-03,8843
2323,中環,139,35,104,玉山-高雄,2023-07-03,8843
00673R,期元大S＆P原油反1,82,0,82,玉山-高雄,2023-07-03,8843
2409,友達,85,16,69,玉山-高雄,2023-07-03,8843
2882,國泰金,68,3,65,玉山-高雄,2023-07-03,8843
2419,仲琦,112,47,65,玉山-高雄,2023-07-03,8843
2206,三陽工業,68,7,61,玉山-高雄,2023-07-03,8843
2356,英業達,152,92,60,玉山-高雄,2023-07-03,8843
2603,長榮,151,92,59,玉山-高雄,2023-07-03,8843
2834,臺企銀,55,0,55,玉山-高雄,2023-07-03,8843
00688L,國泰20年美債正2,50,0,50,玉山-高雄,2023-07-03,8843
1795,美時,82,39,43,玉山-高雄,2023-07-03,8843
00851,台新全球AI,42,1,41,玉山-高雄,2023-07-03,8843
00888,永豐台灣ESG,41,0,41,玉山-高雄,2023-07-03,8843
2489,瑞軒,43,3,40,玉山-高雄,2023-07-03,8843
6609,瀧澤科,36,0,36,玉山-高雄,2023-07-03,8843
00924,復華S＆P500成長,36,1,35,玉山-高雄,2023-07-03,8843
2892,第一金,37,3,34,玉山-高雄,2023-07-03,8843
00706L,期元大S＆P日圓正2,33,0,33,玉山-高雄,2023-07-03,8843
3706,神達,37,5,32,玉山-高雄,2023-07-03,8843
3711,日月光投控,39,8,31,玉山-高雄,2023-07-03,8843
6416,瑞祺電通,30,0,30,玉山-高雄,2023-07-03,8843
2303,聯電,55,26,29,玉山-高雄,2023-07-03,8843
2885,元大金,30,2,28,玉山-高雄,2023-07-03,8843
4157,太景*-KY,26,2,24,玉山-高雄,2023-07-03,8843
3045,台灣大,23,0,23,玉山-高雄,2023-07-03,8843
2705,六福,56,33,23,玉山-高雄,2023-07-03,8843
00795B,中信美國公債20年,32,10,22,玉山-高雄,2023-07-03,8843
1437,勤益控,22,0,22,玉山-高雄,2023-07-03,8843
6470,宇智,43,21,22,玉山-高雄,2023-07-03,8843
9945,潤泰新,22,0,22,玉山-高雄,2023-07-03,8843
6547,高端疫苗,21,1,20,玉山-高雄,2023-07-03,8843
1326,台化,20,0,20,玉山-高雄,2023-07-03,8843
5213,亞昕,20,0,20,玉山-高雄,2023-07-03,8843
2605,新興,29,10,19,玉山-高雄,2023-07-03,8843
6441,廣錠,19,0,19,玉山-高雄,2023-07-03,8843
6223,旺矽,29,10,19,玉山-高雄,2023-07-03,8843
8936,國統,31,13,18,玉山-高雄,2023-07-03,8843
8222,寶一,31,13,18,玉山-高雄,2023-07-03,8843
2442,新美齊,20,2,18,玉山-高雄,2023-07-03,8843
3231,緯創,91,74,17,玉山-高雄,2023-07-03,8843
3047,訊舟,38,21,17,玉山-高雄,2023-07-03,8843
4532,瑞智,34,18,16,玉山-高雄,2023-07-03,8843
2441,超豐,16,0,16,玉山-高雄,2023-07-03,8843
00929,復華台灣科技優息,30,14,16,玉山-高雄,2023-07-03,8843
3038,全台,20,5,15,玉山-高雄,2023-07-03,8843
1733,五鼎,15,0,15,玉山-高雄,2023-07-03,8843
2412,中華電,15,1,14,玉山-高雄,2023-07-03,8843
2615,萬海,1022,165,857,玉山-高雄,2023-07-04,8843
2883,凱基金,785,94,691,玉山-高雄,2023-07-04,8843
0056,元大高股息,409,168,241,玉山-高雄,2023-07-04,8843
2603,長榮,326,169,157,玉山-高雄,2023-07-04,8843
2371,大同,188,42,146,玉山-高雄,2023-07-04,8843
00919,群益台灣精選高息,217,82,135,玉山-高雄,2023-07-04,8843
4906,正文,147,30,117,玉山-高雄,2023-07-04,8843
2515,中工,112,0,112,玉山-高雄,2023-07-04,8843
2883B,凱基金乙特,100,0,100,玉山-高雄,2023-07-04,8843
2882,國泰金,95,6,89,玉山-高雄,2023-07-04,8843
2317,鴻海,109,21,88,玉山-高雄,2023-07-04,8843
1314,中石化,72,0,72,玉山-高雄,2023-07-04,8843
1605,華新,77,6,71,玉山-高雄,2023-07-04,8843
1522,堤維西,101,36,65,玉山-高雄,2023-07-04,8843
2399,映泰,91,32,59,玉山-高雄,2023-07-04,8843
4543,萬在,75,23,52,玉山-高雄,2023-07-04,8843
2337,旺宏,51,0,51,玉山-高雄,2023-07-04,8843
5213,亞昕,50,0,50,玉山-高雄,2023-07-04,8843
2601,益航,51,3,48,玉山-高雄,2023-07-04,8843
3035,智原,107,67,40,玉山-高雄,2023-07-04,8843
3025,星通,80,41,39,玉山-高雄,2023-07-04,8843
2344,華邦電,52,17,35,玉山-高雄,2023-07-04,8843
2892,第一金,38,5,33,玉山-高雄,2023-07-04,8843
1326,台化,32,0,32,玉山-高雄,2023-07-04,8843
00679B,元大美債20年,32,3,29,玉山-高雄,2023-07-04,8843
1301,台塑,29,1,28,玉山-高雄,2023-07-04,8843
3051,力特,30,3,27,玉山-高雄,2023-07-04,8843
3583,辛耘,40,14,26,玉山-高雄,2023-07-04,8843
4938,和碩,28,2,26,玉山-高雄,2023-07-04,8843
3018,隆銘綠能,26,0,26,玉山-高雄,2023-07-04,8843
2609,陽明,231,207,24,玉山-高雄,2023-07-04,8843
3711,日月光投控,36,12,24,玉山-高雄,2023-07-04,8843
00882,中信中國高股息,36,12,24,玉山-高雄,2023-07-04,8843
1609,大亞,34,11,23,玉山-高雄,2023-07-04,8843
3673,TPK-KY,21,0,21,玉山-高雄,2023-07-04,8843
4164,承業醫,20,0,20,玉山-高雄,2023-07-04,8843
00907,永豐優息存股,25,5,20,玉山-高雄,2023-07-04,8843
2063,世鎧,20,0,20,玉山-高雄,2023-07-04,8843
2323,中環,104,84,20,玉山-高雄,2023-07-04,8843
2832,台產,20,0,20,玉山-高雄,2023-07-04,8843
2029,盛餘,20,0,20,玉山-高雄,2023-07-04,8843
1795,美時,24,4,20,玉山-高雄,2023-07-04,8843
3231,緯創,161,142,19,玉山-高雄,2023-07-04,8843
3047,訊舟,40,21,19,玉山-高雄,2023-07-04,8843
3715,定穎投控,21,2,19,玉山-高雄,2023-07-04,8843
1802,台玻,26,7,19,玉山-高雄,2023-07-04,8843
2421,建準,46,27,19,玉山-高雄,2023-07-04,8843
2881,富邦金,24,5,19,玉山-高雄,2023-07-04,8843
2002,中鋼,24,5,19,玉山-高雄,2023-07-04,8843
2357,華碩,18,0,18,玉山-高雄,2023-07-04,8843
00673R,期元大S＆P原油反1,262,0,262,玉山-高雄,2023-07-05,8843
2618,長榮航,297,113,184,玉山-高雄,2023-07-05,8843
00637L,元大滬深300正2,232,53,179,玉山-高雄,2023-07-05,8843
0056,元大高股息,195,17,178,玉山-高雄,2023-07-05,8843
8110,華東,154,2,152,玉山-高雄,2023-07-05,8843
6282,康舒,331,185,146,玉山-高雄,2023-07-05,8843
00665L,富邦�琤肭磪囓�2,146,14,132,玉山-高雄,2023-07-05,8843
3481,群創,134,3,131,玉山-高雄,2023-07-05,8843
2609,陽明,464,338,126,玉山-高雄,2023-07-05,8843
6806,森崴能源,132,8,124,玉山-高雄,2023-07-05,8843
00929,復華台灣科技優息,122,5,117,玉山-高雄,2023-07-05,8843
00882,中信中國高股息,128,20,108,玉山-高雄,2023-07-05,8843
1608,華榮,118,16,102,玉山-高雄,2023-07-05,8843
3025,星通,121,21,100,玉山-高雄,2023-07-05,8843
2356,英業達,171,71,100,玉山-高雄,2023-07-05,8843
2312,金寶,111,32,79,玉山-高雄,2023-07-05,8843
6005,群益證,78,0,78,玉山-高雄,2023-07-05,8843
1101,台泥,88,11,77,玉山-高雄,2023-07-05,8843
3372,典範,78,10,68,玉山-高雄,2023-07-05,8843
3419,譁裕,64,0,64,玉山-高雄,2023-07-05,8843
2892,第一金,62,0,62,玉山-高雄,2023-07-05,8843
1314,中石化,60,0,60,玉山-高雄,2023-07-05,8843
2031,新光鋼,60,0,60,玉山-高雄,2023-07-05,8843
00892,富邦台灣半導體,79,20,59,玉山-高雄,2023-07-05,8843
6128,上福,57,0,57,玉山-高雄,2023-07-05,8843
3231,緯創,184,127,57,玉山-高雄,2023-07-05,8843
00753L,中信中國50正2,105,49,56,玉山-高雄,2023-07-05,8843
8046,南電,58,3,55,玉山-高雄,2023-07-05,8843
4526,東台,63,8,55,玉山-高雄,2023-07-05,8843
00878,國泰永續高股息,159,109,50,玉山-高雄,2023-07-05,8843
8076,伍豐,50,1,49,玉山-高雄,2023-07-05,8843
2419,仲琦,68,21,47,玉山-高雄,2023-07-05,8843
2369,菱生,57,13,44,玉山-高雄,2023-07-05,8843
2303,聯電,60,19,41,玉山-高雄,2023-07-05,8843
00688L,國泰20年美債正2,35,0,35,玉山-高雄,2023-07-05,8843
00885,富邦越南,34,0,34,玉山-高雄,2023-07-05,8843
2889,國票金,33,0,33,玉山-高雄,2023-07-05,8843
6285,啟��,89,57,32,玉山-高雄,2023-07-05,8843
00900,富邦特選高股息30,35,4,31,玉山-高雄,2023-07-05,8843
4904,遠傳,30,0,30,玉山-高雄,2023-07-05,8843
2610,華航,152,123,29,玉山-高雄,2023-07-05,8843
2888,新光金,34,6,28,玉山-高雄,2023-07-05,8843
00632R,元大台灣50反1,56,28,28,玉山-高雄,2023-07-05,8843
2002,中鋼,30,2,28,玉山-高雄,2023-07-05,8843
6592,和潤企業,27,0,27,玉山-高雄,2023-07-05,8843
5213,亞昕,26,0,26,玉山-高雄,2023-07-05,8843
2399,映泰,31,6,25,玉山-高雄,2023-07-05,8843
4934,太極,54,30,24,玉山-高雄,2023-07-05,8843
00927,群益半導體收益,25,2,23,玉山-高雄,2023-07-05,8843
3260,威剛,53,30,23,玉山-高雄,2023-07-05,8843
2317,鴻海,369,58,311,玉山-高雄,2023-07-06,8843
00753L,中信中國50正2,240,45,195,玉山-高雄,2023-07-06,8843
00673R,期元大S＆P原油反1,174,0,174,玉山-高雄,2023-07-06,8843
2883,凱基金,524,369,155,玉山-高雄,2023-07-06,8843
3013,晟銘電,193,40,153,玉山-高雄,2023-07-06,8843
00680L,元大美債20正2,147,0,147,玉山-高雄,2023-07-06,8843
00929,復華台灣科技優息,156,13,143,玉山-高雄,2023-07-06,8843
2882,國泰金,119,1,118,玉山-高雄,2023-07-06,8843
2425,承啟,124,8,116,玉山-高雄,2023-07-06,8843
2618,長榮航,163,52,111,玉山-高雄,2023-07-06,8843
6116,彩晶,113,14,99,玉山-高雄,2023-07-06,8843
00882,中信中國高股息,118,21,97,玉山-高雄,2023-07-06,8843
2537,聯上發,100,3,97,玉山-高雄,2023-07-06,8843
2891,中信金,98,2,96,玉山-高雄,2023-07-06,8843
2409,友達,163,68,95,玉山-高雄,2023-07-06,8843
00688L,國泰20年美債正2,94,0,94,玉山-高雄,2023-07-06,8843
00665L,富邦�琤肭磪囓�2,109,15,94,玉山-高雄,2023-07-06,8843
0056,元大高股息,162,71,91,玉山-高雄,2023-07-06,8843
2888,新光金,89,0,89,玉山-高雄,2023-07-06,8843
00892,富邦台灣半導體,85,0,85,玉山-高雄,2023-07-06,8843
00637L,元大滬深300正2,144,64,80,玉山-高雄,2023-07-06,8843
2892,第一金,84,6,78,玉山-高雄,2023-07-06,8843
2002,中鋼,107,34,73,玉山-高雄,2023-07-06,8843
2881,富邦金,88,17,71,玉山-高雄,2023-07-06,8843
00885,富邦越南,92,24,68,玉山-高雄,2023-07-06,8843
5880,合庫金,68,0,68,玉山-高雄,2023-07-06,8843
9904,寶成,62,0,62,玉山-高雄,2023-07-06,8843
1101,台泥,119,60,59,玉山-高雄,2023-07-06,8843
00720B,元大投資級公司債,70,11,59,玉山-高雄,2023-07-06,8843
5213,亞昕,56,0,56,玉山-高雄,2023-07-06,8843
00927,群益半導體收益,54,0,54,玉山-高雄,2023-07-06,8843
2356,英業達,156,103,53,玉山-高雄,2023-07-06,8843
1314,中石化,69,20,49,玉山-高雄,2023-07-06,8843
2308,台達電,86,38,48,玉山-高雄,2023-07-06,8843
8926,台汽電,52,4,48,玉山-高雄,2023-07-06,8843
1710,東聯,44,0,44,玉山-高雄,2023-07-06,8843
4904,遠傳,59,15,44,玉山-高雄,2023-07-06,8843
2887,台新金,52,8,44,玉山-高雄,2023-07-06,8843
2303,聯電,50,9,41,玉山-高雄,2023-07-06,8843
2382,廣達,78,39,39,玉山-高雄,2023-07-06,8843
00687B,國泰20年美債,39,1,38,玉山-高雄,2023-07-06,8843
2330,台積電,44,7,37,玉山-高雄,2023-07-06,8843
6770,力積電,36,0,36,玉山-高雄,2023-07-06,8843
2880,華南金,39,3,36,玉山-高雄,2023-07-06,8843
1802,台玻,41,6,35,玉山-高雄,2023-07-06,8843
2329,華泰,81,46,35,玉山-高雄,2023-07-06,8843
2380,虹光,39,5,34,玉山-高雄,2023-07-06,8843
1611,中電,45,11,34,玉山-高雄,2023-07-06,8843
2402,毅嘉,70,37,33,玉山-高雄,2023-07-06,8843
5009,榮剛,56,23,33,玉山-高雄,2023-07-06,8843
00632R,元大台灣50反1,2458,77,2381,玉山-高雄,2023-07-07,8843
00753L,中信中國50正2,196,0,196,玉山-高雄,2023-07-07,8843
1314,中石化,202,11,191,玉山-高雄,2023-07-07,8843
2344,華邦電,158,4,154,玉山-高雄,2023-07-07,8843
2834,臺企銀,145,0,145,玉山-高雄,2023-07-07,8843
2537,聯上發,120,0,120,玉山-高雄,2023-07-07,8843
00688L,國泰20年美債正2,112,0,112,玉山-高雄,2023-07-07,8843
00706L,期元大S＆P日圓正2,105,0,105,玉山-高雄,2023-07-07,8843
0056,元大高股息,209,106,103,玉山-高雄,2023-07-07,8843
00673R,期元大S＆P原油反1,102,0,102,玉山-高雄,2023-07-07,8843
00929,復華台灣科技優息,125,33,92,玉山-高雄,2023-07-07,8843
2449,京元電子,98,8,90,玉山-高雄,2023-07-07,8843
3481,群創,150,66,84,玉山-高雄,2023-07-07,8843
2634,漢翔,88,9,79,玉山-高雄,2023-07-07,8843
00712,復華富時不動產,76,0,76,玉山-高雄,2023-07-07,8843
2891,中信金,79,5,74,玉山-高雄,2023-07-07,8843
00679B,元大美債20年,73,0,73,玉山-高雄,2023-07-07,8843
6116,彩晶,77,8,69,玉山-高雄,2023-07-07,8843
1402,遠東新,70,2,68,玉山-高雄,2023-07-07,8843
2888,新光金,65,0,65,玉山-高雄,2023-07-07,8843
2892,第一金,68,3,65,玉山-高雄,2023-07-07,8843
2425,承啟,68,4,64,玉山-高雄,2023-07-07,8843
2340,台亞,121,59,62,玉山-高雄,2023-07-07,8843
8936,國統,86,25,61,玉山-高雄,2023-07-07,8843
2884,玉山金,81,20,61,玉山-高雄,2023-07-07,8843
00878,國泰永續高股息,189,129,60,玉山-高雄,2023-07-07,8843
9904,寶成,60,0,60,玉山-高雄,2023-07-07,8843
2356,英業達,140,81,59,玉山-高雄,2023-07-07,8843
00882,中信中國高股息,58,5,53,玉山-高雄,2023-07-07,8843
2387,精元,49,0,49,玉山-高雄,2023-07-07,8843
00751B,元大AAA至A公司債,49,1,48,玉山-高雄,2023-07-07,8843
00720B,元大投資級公司債,60,12,48,玉山-高雄,2023-07-07,8843
2369,菱生,53,5,48,玉山-高雄,2023-07-07,8843
2002,中鋼,51,7,44,玉山-高雄,2023-07-07,8843
2027,大成鋼,44,2,42,玉山-高雄,2023-07-07,8843
1301,台塑,45,3,42,玉山-高雄,2023-07-07,8843
5880,合庫金,40,0,40,玉山-高雄,2023-07-07,8843
1101,台泥,40,4,36,玉山-高雄,2023-07-07,8843
2324,仁寶,175,140,35,玉山-高雄,2023-07-07,8843
2330,台積電,38,3,35,玉山-高雄,2023-07-07,8843
00900,富邦特選高股息30,33,0,33,玉山-高雄,2023-07-07,8843
00687B,國泰20年美債,33,1,32,玉山-高雄,2023-07-07,8843
8358,金居,35,3,32,玉山-高雄,2023-07-07,8843
00680L,元大美債20正2,32,0,32,玉山-高雄,2023-07-07,8843
3044,健鼎,34,2,32,玉山-高雄,2023-07-07,8843
4129,聯合,32,0,32,玉山-高雄,2023-07-07,8843
2317,鴻海,35,3,32,玉山-高雄,2023-07-07,8843
5309,系統電,32,0,32,玉山-高雄,2023-07-07,8843
2409,友達,39,8,31,玉山-高雄,2023-07-07,8843
6443,元晶,45,14,31,玉山-高雄,2023-07-07,8843
2014,中鴻,330,10,320,玉山-高雄,2023-07-10,8843
00673R,期元大S＆P原油反1,158,0,158,玉山-高雄,2023-07-10,8843
2883,凱基金,265,138,127,玉山-高雄,2023-07-10,8843
00679B,元大美債20年,114,2,112,玉山-高雄,2023-07-10,8843
00929,復華台灣科技優息,124,13,111,玉山-高雄,2023-07-10,8843
1101,台泥,106,2,104,玉山-高雄,2023-07-10,8843
1314,中石化,100,13,87,玉山-高雄,2023-07-10,8843
2062,橋椿,81,0,81,玉山-高雄,2023-07-10,8843
1708,東鹼,59,0,59,玉山-高雄,2023-07-10,8843
2317,鴻海,57,2,55,玉山-高雄,2023-07-10,8843
2515,中工,55,0,55,玉山-高雄,2023-07-10,8843
8093,保銳,53,2,51,玉山-高雄,2023-07-10,8843
2356,英業達,89,39,50,玉山-高雄,2023-07-10,8843
00882,中信中國高股息,52,2,50,玉山-高雄,2023-07-10,8843
2537,聯上發,47,0,47,玉山-高雄,2023-07-10,8843
2891,中信金,47,1,46,玉山-高雄,2023-07-10,8843
2023,燁輝,45,0,45,玉山-高雄,2023-07-10,8843
2419,仲琦,126,84,42,玉山-高雄,2023-07-10,8843
1301,台塑,51,10,41,玉山-高雄,2023-07-10,8843
6139,亞翔,52,12,40,玉山-高雄,2023-07-10,8843
6285,啟��,82,43,39,玉山-高雄,2023-07-10,8843
00687B,國泰20年美債,36,0,36,玉山-高雄,2023-07-10,8843
2892,第一金,39,4,35,玉山-高雄,2023-07-10,8843
2618,長榮航,167,132,35,玉山-高雄,2023-07-10,8843
00720B,元大投資級公司債,33,0,33,玉山-高雄,2023-07-10,8843
2634,漢翔,43,10,33,玉山-高雄,2023-07-10,8843
3704,合勤控,32,0,32,玉山-高雄,2023-07-10,8843
3022,威強電,33,3,30,玉山-高雄,2023-07-10,8843
4543,萬在,37,7,30,玉山-高雄,2023-07-10,8843
6282,康舒,128,99,29,玉山-高雄,2023-07-10,8843
2748,雲品,47,18,29,玉山-高雄,2023-07-10,8843
6118,建達,29,0,29,玉山-高雄,2023-07-10,8843
4533,協易機,43,14,29,玉山-高雄,2023-07-10,8843
2303,聯電,31,3,28,玉山-高雄,2023-07-10,8843
8936,國統,40,12,28,玉山-高雄,2023-07-10,8843
2002,中鋼,29,1,28,玉山-高雄,2023-07-10,8843
8050,廣積,42,14,28,玉山-高雄,2023-07-10,8843
4931,新盛力,27,0,27,玉山-高雄,2023-07-10,8843
2886,兆豐金,29,2,27,玉山-高雄,2023-07-10,8843
4414,如興,25,0,25,玉山-高雄,2023-07-10,8843
2603,長榮,60,35,25,玉山-高雄,2023-07-10,8843
0056,元大高股息,88,64,24,玉山-高雄,2023-07-10,8843
2482,連宇,24,0,24,玉山-高雄,2023-07-10,8843
2610,華航,59,35,24,玉山-高雄,2023-07-10,8843
2834,臺企銀,53,30,23,玉山-高雄,2023-07-10,8843
2312,金寶,31,10,21,玉山-高雄,2023-07-10,8843
3715,定穎投控,22,1,21,玉山-高雄,2023-07-10,8843
4147,中裕,25,4,21,玉山-高雄,2023-07-10,8843
8433,弘帆,24,3,21,玉山-高雄,2023-07-10,8843
2457,飛宏,34,13,21,玉山-高雄,2023-07-10,8843
00712,復華富時不動產,222,84,138,玉山-高雄,2023-07-11,8843
2515,中工,123,5,118,玉山-高雄,2023-07-11,8843
4414,如興,117,0,117,玉山-高雄,2023-07-11,8843
2892,第一金,110,2,108,玉山-高雄,2023-07-11,8843
2888,新光金,116,25,91,玉山-高雄,2023-07-11,8843
1101,台泥,81,1,80,玉山-高雄,2023-07-11,8843
8028,昇陽半導體,66,2,64,玉山-高雄,2023-07-11,8843
1514,亞力,69,7,62,玉山-高雄,2023-07-11,8843
3058,立德,62,0,62,玉山-高雄,2023-07-11,8843
2062,橋椿,58,0,58,玉山-高雄,2023-07-11,8843
2609,陽明,94,39,55,玉山-高雄,2023-07-11,8843
3419,譁裕,53,0,53,玉山-高雄,2023-07-11,8843
2340,台亞,136,84,52,玉山-高雄,2023-07-11,8843
2537,聯上發,50,0,50,玉山-高雄,2023-07-11,8843
2812,台中銀,54,6,48,玉山-高雄,2023-07-11,8843
2371,大同,87,39,48,玉山-高雄,2023-07-11,8843
00885,富邦越南,41,0,41,玉山-高雄,2023-07-11,8843
00679B,元大美債20年,41,0,41,玉山-高雄,2023-07-11,8843
1314,中石化,41,0,41,玉山-高雄,2023-07-11,8843
4532,瑞智,85,46,39,玉山-高雄,2023-07-11,8843
6120,達運,62,23,39,玉山-高雄,2023-07-11,8843
00891,中信關鍵半導體,35,1,34,玉山-高雄,2023-07-11,8843
2353,宏��,44,10,34,玉山-高雄,2023-07-11,8843
1536,和大,30,0,30,玉山-高雄,2023-07-11,8843
2867,三商壽,46,16,30,玉山-高雄,2023-07-11,8843
00882,中信中國高股息,29,0,29,玉山-高雄,2023-07-11,8843
4967,十銓,28,5,23,玉山-高雄,2023-07-11,8843
5009,榮剛,24,1,23,玉山-高雄,2023-07-11,8843
3025,星通,138,116,22,玉山-高雄,2023-07-11,8843
2468,華經,23,2,21,玉山-高雄,2023-07-11,8843
4549,桓達,21,0,21,玉山-高雄,2023-07-11,8843
00680L,元大美債20正2,20,0,20,玉山-高雄,2023-07-11,8843
1806,冠軍,20,1,19,玉山-高雄,2023-07-11,8843
00673R,期元大S＆P原油反1,19,0,19,玉山-高雄,2023-07-11,8843
1528,恩德,63,45,18,玉山-高雄,2023-07-11,8843
5457,宣德,28,10,18,玉山-高雄,2023-07-11,8843
6234,高僑,48,30,18,玉山-高雄,2023-07-11,8843
4934,太極,56,38,18,玉山-高雄,2023-07-11,8843
9945,潤泰新,37,20,17,玉山-高雄,2023-07-11,8843
2603,長榮,26,9,17,玉山-高雄,2023-07-11,8843
2382,廣達,119,102,17,玉山-高雄,2023-07-11,8843
2882,國泰金,57,40,17,玉山-高雄,2023-07-11,8843
2342,茂矽,29,13,16,玉山-高雄,2023-07-11,8843
2457,飛宏,66,50,16,玉山-高雄,2023-07-11,8843
3363,上詮,55,39,16,玉山-高雄,2023-07-11,8843
3707,漢磊,92,77,15,玉山-高雄,2023-07-11,8843
6609,瀧澤科,15,0,15,玉山-高雄,2023-07-11,8843
4533,協易機,15,0,15,玉山-高雄,2023-07-11,8843
2302,麗正,15,0,15,玉山-高雄,2023-07-11,8843
6223,旺矽,21,6,15,玉山-高雄,2023-07-11,8843
00673R,期元大S＆P原油反1,191,0,191,玉山-高雄,2023-07-12,8843
00712,復華富時不動產,245,58,187,玉山-高雄,2023-07-12,8843
3481,群創,173,50,123,玉山-高雄,2023-07-12,8843
2609,陽明,206,129,77,玉山-高雄,2023-07-12,8843
2834,臺企銀,65,0,65,玉山-高雄,2023-07-12,8843
3037,欣興,100,35,65,玉山-高雄,2023-07-12,8843
00929,復華台灣科技優息,104,40,64,玉山-高雄,2023-07-12,8843
00882,中信中國高股息,59,0,59,玉山-高雄,2023-07-12,8843
2303,聯電,62,5,57,玉山-高雄,2023-07-12,8843
2641,正德,61,5,56,玉山-高雄,2023-07-12,8843
2481,強茂,226,182,44,玉山-高雄,2023-07-12,8843
8936,國統,75,32,43,玉山-高雄,2023-07-12,8843
1303,南亞,59,24,35,玉山-高雄,2023-07-12,8843
2468,華經,38,4,34,玉山-高雄,2023-07-12,8843
2603,長榮,52,19,33,玉山-高雄,2023-07-12,8843
2867,三商壽,33,0,33,玉山-高雄,2023-07-12,8843
6244,茂迪,33,1,32,玉山-高雄,2023-07-12,8843
2892,第一金,34,2,32,玉山-高雄,2023-07-12,8843
00905,FT臺灣Smart,38,6,32,玉山-高雄,2023-07-12,8843
8021,尖點,30,1,29,玉山-高雄,2023-07-12,8843
6190,萬泰科,30,1,29,玉山-高雄,2023-07-12,8843
3265,台星科,60,32,28,玉山-高雄,2023-07-12,8843
6548,長科*,27,2,25,玉山-高雄,2023-07-12,8843
2107,厚生,25,0,25,玉山-高雄,2023-07-12,8843
3025,星通,49,24,25,玉山-高雄,2023-07-12,8843
2498,宏達電,41,16,25,玉山-高雄,2023-07-12,8843
2314,台揚,25,0,25,玉山-高雄,2023-07-12,8843
2002,中鋼,25,1,24,玉山-高雄,2023-07-12,8843
1815,富喬,22,0,22,玉山-高雄,2023-07-12,8843
5439,高技,28,6,22,玉山-高雄,2023-07-12,8843
00706L,期元大S＆P日圓正2,22,0,22,玉山-高雄,2023-07-12,8843
00679B,元大美債20年,23,1,22,玉山-高雄,2023-07-12,8843
4916,事欣科,28,7,21,玉山-高雄,2023-07-12,8843
1783,和康生,21,0,21,玉山-高雄,2023-07-12,8843
3011,今皓,21,0,21,玉山-高雄,2023-07-12,8843
6269,台郡,21,0,21,玉山-高雄,2023-07-12,8843
3305,昇貿,30,10,20,玉山-高雄,2023-07-12,8843
3540,曜越,23,3,20,玉山-高雄,2023-07-12,8843
3682,亞太電,20,0,20,玉山-高雄,2023-07-12,8843
1308,亞聚,20,0,20,玉山-高雄,2023-07-12,8843
6438,迅得,21,1,20,玉山-高雄,2023-07-12,8843
2405,輔信,20,0,20,玉山-高雄,2023-07-12,8843
8277,商丞,20,0,20,玉山-高雄,2023-07-12,8843
2340,台亞,79,59,20,玉山-高雄,2023-07-12,8843
3038,全台,23,3,20,玉山-高雄,2023-07-12,8843
2023,燁輝,20,1,19,玉山-高雄,2023-07-12,8843
5009,榮剛,31,13,18,玉山-高雄,2023-07-12,8843
00683L,期元大美元指正2,18,0,18,玉山-高雄,2023-07-12,8843
2882,國泰金,32,14,18,玉山-高雄,2023-07-12,8843
3032,偉訓,19,2,17,玉山-高雄,2023-07-12,8843
00929,復華台灣科技優息,410,35,375,玉山-高雄,2023-07-13,8843
2618,長榮航,282,107,175,玉山-高雄,2023-07-13,8843
2610,華航,297,173,124,玉山-高雄,2023-07-13,8843
2883,凱基金,129,9,120,玉山-高雄,2023-07-13,8843
00673R,期元大S＆P原油反1,118,0,118,玉山-高雄,2023-07-13,8843
2062,橋椿,115,0,115,玉山-高雄,2023-07-13,8843
00885,富邦越南,129,15,114,玉山-高雄,2023-07-13,8843
2609,陽明,212,126,86,玉山-高雄,2023-07-13,8843
2603,長榮,158,81,77,玉山-高雄,2023-07-13,8843
00930,永豐ESG低碳高息,74,5,69,玉山-高雄,2023-07-13,8843
3033,威健,72,11,61,玉山-高雄,2023-07-13,8843
2312,金寶,220,161,59,玉山-高雄,2023-07-13,8843
1907,永豐餘,57,0,57,玉山-高雄,2023-07-13,8843
00882,中信中國高股息,56,1,55,玉山-高雄,2023-07-13,8843
00683L,期元大美元指正2,55,2,53,玉山-高雄,2023-07-13,8843
1301,台塑,57,5,52,玉山-高雄,2023-07-13,8843
2401,凌陽,50,3,47,玉山-高雄,2023-07-13,8843
9904,寶成,46,1,45,玉山-高雄,2023-07-13,8843
1605,華新,68,24,44,玉山-高雄,2023-07-13,8843
2888,新光金,113,74,39,玉山-高雄,2023-07-13,8843
6190,萬泰科,58,19,39,玉山-高雄,2023-07-13,8843
3088,艾訊,41,2,39,玉山-高雄,2023-07-13,8843
1609,大亞,47,10,37,玉山-高雄,2023-07-13,8843
2891,中信金,39,2,37,玉山-高雄,2023-07-13,8843
6443,元晶,44,7,37,玉山-高雄,2023-07-13,8843
2498,宏達電,58,23,35,玉山-高雄,2023-07-13,8843
1905,華紙,47,13,34,玉山-高雄,2023-07-13,8843
8028,昇陽半導體,40,7,33,玉山-高雄,2023-07-13,8843
2489,瑞軒,30,0,30,玉山-高雄,2023-07-13,8843
00679B,元大美債20年,30,1,29,玉山-高雄,2023-07-13,8843
4533,協易機,55,26,29,玉山-高雄,2023-07-13,8843
6120,達運,60,31,29,玉山-高雄,2023-07-13,8843
2029,盛餘,30,1,29,玉山-高雄,2023-07-13,8843
2421,建準,80,52,28,玉山-高雄,2023-07-13,8843
2834,臺企銀,117,90,27,玉山-高雄,2023-07-13,8843
6185,幃翔,26,0,26,玉山-高雄,2023-07-13,8843
2303,聯電,70,44,26,玉山-高雄,2023-07-13,8843
00905,FT臺灣Smart,27,1,26,玉山-高雄,2023-07-13,8843
2349,錸德,25,0,25,玉山-高雄,2023-07-13,8843
00922,國泰台灣領袖50,27,2,25,玉山-高雄,2023-07-13,8843
00927,群益半導體收益,25,0,25,玉山-高雄,2023-07-13,8843
8050,廣積,52,28,24,玉山-高雄,2023-07-13,8843
2605,新興,24,0,24,玉山-高雄,2023-07-13,8843
6282,康舒,46,23,23,玉山-高雄,2023-07-13,8843
2705,六福,60,37,23,玉山-高雄,2023-07-13,8843
6415,矽力*-KY,27,5,22,玉山-高雄,2023-07-13,8843
6285,啟��,47,25,22,玉山-高雄,2023-07-13,8843
5880,合庫金,22,0,22,玉山-高雄,2023-07-13,8843
2880,華南金,22,1,21,玉山-高雄,2023-07-13,8843
3058,立德,24,3,21,玉山-高雄,2023-07-13,8843
2618,長榮航,1167,255,912,玉山-高雄,2023-07-14,8843
00632R,元大台灣50反1,602,216,386,玉山-高雄,2023-07-14,8843
00637L,元大滬深300正2,207,13,194,玉山-高雄,2023-07-14,8843
2610,華航,570,445,125,玉山-高雄,2023-07-14,8843
00929,復華台灣科技優息,115,14,101,玉山-高雄,2023-07-14,8843
00665L,富邦�琤肭磪囓�2,113,14,99,玉山-高雄,2023-07-14,8843
6548,長科*,105,15,90,玉山-高雄,2023-07-14,8843
00885,富邦越南,75,10,65,玉山-高雄,2023-07-14,8843
2834,臺企銀,97,40,57,玉山-高雄,2023-07-14,8843
00683L,期元大美元指正2,56,0,56,玉山-高雄,2023-07-14,8843
3702,大聯大,57,2,55,玉山-高雄,2023-07-14,8843
00673R,期元大S＆P原油反1,65,10,55,玉山-高雄,2023-07-14,8843
3033,威健,83,30,53,玉山-高雄,2023-07-14,8843
00882,中信中國高股息,71,19,52,玉山-高雄,2023-07-14,8843
2382,廣達,217,168,49,玉山-高雄,2023-07-14,8843
2371,大同,179,132,47,玉山-高雄,2023-07-14,8843
3706,神達,63,19,44,玉山-高雄,2023-07-14,8843
1789,神隆,45,2,43,玉山-高雄,2023-07-14,8843
2329,華泰,109,66,43,玉山-高雄,2023-07-14,8843
1722,台肥,45,5,40,玉山-高雄,2023-07-14,8843
3703,欣陸,40,0,40,玉山-高雄,2023-07-14,8843
5328,華容,40,1,39,玉山-高雄,2023-07-14,8843
00679B,元大美債20年,37,0,37,玉山-高雄,2023-07-14,8843
2449,京元電子,46,10,36,玉山-高雄,2023-07-14,8843
3708,上緯投控,36,2,34,玉山-高雄,2023-07-14,8843
6414,樺漢,48,16,32,玉山-高雄,2023-07-14,8843
2324,仁寶,47,17,30,玉山-高雄,2023-07-14,8843
4155,訊映,30,0,30,玉山-高雄,2023-07-14,8843
3481,群創,96,71,25,玉山-高雄,2023-07-14,8843
6188,廣明,72,47,25,玉山-高雄,2023-07-14,8843
00753L,中信中國50正2,77,54,23,玉山-高雄,2023-07-14,8843
6187,萬潤,37,15,22,玉山-高雄,2023-07-14,8843
2340,台亞,46,24,22,玉山-高雄,2023-07-14,8843
2542,興富發,26,4,22,玉山-高雄,2023-07-14,8843
1471,首利,23,1,22,玉山-高雄,2023-07-14,8843
3037,欣興,67,45,22,玉山-高雄,2023-07-14,8843
2601,益航,24,3,21,玉山-高雄,2023-07-14,8843
5508,永信建,21,0,21,玉山-高雄,2023-07-14,8843
2027,大成鋼,30,9,21,玉山-高雄,2023-07-14,8843
2106,建大,20,0,20,玉山-高雄,2023-07-14,8843
00782B,國泰A級公用債,20,0,20,玉山-高雄,2023-07-14,8843
9105,泰金寶-DR,20,0,20,玉山-高雄,2023-07-14,8843
1565,精華,19,0,19,玉山-高雄,2023-07-14,8843
2634,漢翔,29,11,18,玉山-高雄,2023-07-14,8843
00671R,富邦NASDAQ反1,18,0,18,玉山-高雄,2023-07-14,8843
8021,尖點,30,13,17,玉山-高雄,2023-07-14,8843
8261,富鼎,17,0,17,玉山-高雄,2023-07-14,8843
2421,建準,45,28,17,玉山-高雄,2023-07-14,8843
1101,台泥,32,16,16,玉山-高雄,2023-07-14,8843
3078,僑威,34,18,16,玉山-高雄,2023-07-14,8843
00715L,期街口布蘭特正2,1396,37,1359,玉山-高雄,2023-07-17,8843
00720B,元大投資級公司債,324,0,324,玉山-高雄,2023-07-17,8843
2888,新光金,369,99,270,玉山-高雄,2023-07-17,8843
2329,華泰,248,28,220,玉山-高雄,2023-07-17,8843
00929,復華台灣科技優息,200,13,187,玉山-高雄,2023-07-17,8843
2409,友達,199,32,167,玉山-高雄,2023-07-17,8843
2542,興富發,150,24,126,玉山-高雄,2023-07-17,8843
1402,遠東新,117,2,115,玉山-高雄,2023-07-17,8843
1711,永光,115,17,98,玉山-高雄,2023-07-17,8843
2323,中環,130,32,98,玉山-高雄,2023-07-17,8843
1513,中興電,159,62,97,玉山-高雄,2023-07-17,8843
00888,永豐台灣ESG,81,0,81,玉山-高雄,2023-07-17,8843
00673R,期元大S＆P原油反1,75,0,75,玉山-高雄,2023-07-17,8843
2356,英業達,143,73,70,玉山-高雄,2023-07-17,8843
3037,欣興,82,19,63,玉山-高雄,2023-07-17,8843
8091,翔名,55,2,53,玉山-高雄,2023-07-17,8843
1444,力麗,53,0,53,玉山-高雄,2023-07-17,8843
3706,神達,64,12,52,玉山-高雄,2023-07-17,8843
00751B,元大AAA至A公司債,51,0,51,玉山-高雄,2023-07-17,8843
2537,聯上發,50,0,50,玉山-高雄,2023-07-17,8843
2328,廣宇,83,38,45,玉山-高雄,2023-07-17,8843
2468,華經,44,0,44,玉山-高雄,2023-07-17,8843
2303,聯電,57,17,40,玉山-高雄,2023-07-17,8843
4414,如興,39,0,39,玉山-高雄,2023-07-17,8843
6282,康舒,196,159,37,玉山-高雄,2023-07-17,8843
3058,立德,56,21,35,玉山-高雄,2023-07-17,8843
3306,鼎天,69,34,35,玉山-高雄,2023-07-17,8843
2449,京元電子,68,35,33,玉山-高雄,2023-07-17,8843
2812,台中銀,42,10,32,玉山-高雄,2023-07-17,8843
1907,永豐餘,36,6,30,玉山-高雄,2023-07-17,8843
00633L,富邦上証正2,31,1,30,玉山-高雄,2023-07-17,8843
2358,廷鑫,30,0,30,玉山-高雄,2023-07-17,8843
00882,中信中國高股息,61,32,29,玉山-高雄,2023-07-17,8843
2331,精英,43,14,29,玉山-高雄,2023-07-17,8843
00637L,元大滬深300正2,175,147,28,玉山-高雄,2023-07-17,8843
2399,映泰,50,22,28,玉山-高雄,2023-07-17,8843
4533,協易機,50,23,27,玉山-高雄,2023-07-17,8843
8050,廣積,68,41,27,玉山-高雄,2023-07-17,8843
2615,萬海,35,9,26,玉山-高雄,2023-07-17,8843
2834,臺企銀,114,88,26,玉山-高雄,2023-07-17,8843
6547,高端疫苗,26,1,25,玉山-高雄,2023-07-17,8843
2801,彰銀,27,2,25,玉山-高雄,2023-07-17,8843
2457,飛宏,39,15,24,玉山-高雄,2023-07-17,8843
1101,台泥,31,9,22,玉山-高雄,2023-07-17,8843
3704,合勤控,33,11,22,玉山-高雄,2023-07-17,8843
00679B,元大美債20年,29,7,22,玉山-高雄,2023-07-17,8843
6548,長科*,21,0,21,玉山-高雄,2023-07-17,8843
6789,采鈺,20,0,20,玉山-高雄,2023-07-17,8843
2607,榮運,20,0,20,玉山-高雄,2023-07-17,8843
3033,威健,26,6,20,玉山-高雄,2023-07-17,8843
00929,復華台灣科技優息,492,120,372,玉山-高雄,2023-07-18,8843
00882,中信中國高股息,392,25,367,玉山-高雄,2023-07-18,8843
2312,金寶,499,207,292,玉山-高雄,2023-07-18,8843
2324,仁寶,431,180,251,玉山-高雄,2023-07-18,8843
3706,神達,396,192,204,玉山-高雄,2023-07-18,8843
2409,友達,193,23,170,玉山-高雄,2023-07-18,8843
4938,和碩,245,99,146,玉山-高雄,2023-07-18,8843
2884,玉山金,172,58,114,玉山-高雄,2023-07-18,8843
3338,泰碩,104,10,94,玉山-高雄,2023-07-18,8843
2062,橋椿,91,0,91,玉山-高雄,2023-07-18,8843
5469,瀚宇博,79,8,71,玉山-高雄,2023-07-18,8843
00720B,元大投資級公司債,67,0,67,玉山-高雄,2023-07-18,8843
6282,康舒,260,200,60,玉山-高雄,2023-07-18,8843
4919,新唐,61,4,57,玉山-高雄,2023-07-18,8843
1905,華紙,71,15,56,玉山-高雄,2023-07-18,8843
2812,台中銀,69,14,55,玉山-高雄,2023-07-18,8843
1402,遠東新,54,0,54,玉山-高雄,2023-07-18,8843
2457,飛宏,162,110,52,玉山-高雄,2023-07-18,8843
00751B,元大AAA至A公司債,51,0,51,玉山-高雄,2023-07-18,8843
2537,聯上發,50,0,50,玉山-高雄,2023-07-18,8843
2610,華航,214,166,48,玉山-高雄,2023-07-18,8843
9105,泰金寶-DR,74,26,48,玉山-高雄,2023-07-18,8843
2352,佳世達,199,152,47,玉山-高雄,2023-07-18,8843
1605,華新,65,18,47,玉山-高雄,2023-07-18,8843
8028,昇陽半導體,46,0,46,玉山-高雄,2023-07-18,8843
1303,南亞,45,0,45,玉山-高雄,2023-07-18,8843
1514,亞力,67,22,45,玉山-高雄,2023-07-18,8843
8936,國統,52,8,44,玉山-高雄,2023-07-18,8843
00632R,元大台灣50反1,49,5,44,玉山-高雄,2023-07-18,8843
3071,協禧,60,18,42,玉山-高雄,2023-07-18,8843
1101,台泥,45,3,42,玉山-高雄,2023-07-18,8843
2515,中工,44,3,41,玉山-高雄,2023-07-18,8843
2369,菱生,41,0,41,玉山-高雄,2023-07-18,8843
2634,漢翔,60,19,41,玉山-高雄,2023-07-18,8843
3088,艾訊,46,5,41,玉山-高雄,2023-07-18,8843
3305,昇貿,58,18,40,玉山-高雄,2023-07-18,8843
2356,英業達,357,318,39,玉山-高雄,2023-07-18,8843
2014,中鴻,48,10,38,玉山-高雄,2023-07-18,8843
1789,神隆,48,11,37,玉山-高雄,2023-07-18,8843
00878,國泰永續高股息,324,288,36,玉山-高雄,2023-07-18,8843
6240,松崗,36,0,36,玉山-高雄,2023-07-18,8843
2442,新美齊,35,2,33,玉山-高雄,2023-07-18,8843
6285,啟��,56,23,33,玉山-高雄,2023-07-18,8843
6148,驊宏資,33,0,33,玉山-高雄,2023-07-18,8843
00919,群益台灣精選高息,114,82,32,玉山-高雄,2023-07-18,8843
6120,達運,36,5,31,玉山-高雄,2023-07-18,8843
3583,辛耘,45,14,31,玉山-高雄,2023-07-18,8843
2542,興富發,51,20,31,玉山-高雄,2023-07-18,8843
2329,華泰,212,182,30,玉山-高雄,2023-07-18,8843
1815,富喬,33,3,30,玉山-高雄,2023-07-18,8843
00929,復華台灣科技優息,221,17,204,玉山-高雄,2023-07-19,8843
00712,復華富時不動產,377,198,179,玉山-高雄,2023-07-19,8843
1402,遠東新,172,5,167,玉山-高雄,2023-07-19,8843
00882,中信中國高股息,170,6,164,玉山-高雄,2023-07-19,8843
2867,三商壽,142,0,142,玉山-高雄,2023-07-19,8843
2618,長榮航,500,391,109,玉山-高雄,2023-07-19,8843
2303,聯電,108,5,103,玉山-高雄,2023-07-19,8843
2382,廣達,128,33,95,玉山-高雄,2023-07-19,8843
5388,中磊,89,5,84,玉山-高雄,2023-07-19,8843
2882,國泰金,89,9,80,玉山-高雄,2023-07-19,8843
2329,華泰,275,195,80,玉山-高雄,2023-07-19,8843
00751B,元大AAA至A公司債,70,0,70,玉山-高雄,2023-07-19,8843
2883,凱基金,136,68,68,玉山-高雄,2023-07-19,8843
6161,捷波,104,36,68,玉山-高雄,2023-07-19,8843
9105,泰金寶-DR,84,18,66,玉山-高雄,2023-07-19,8843
1504,東元,76,12,64,玉山-高雄,2023-07-19,8843
00650L,復華香港正2,59,0,59,玉山-高雄,2023-07-19,8843
2421,建準,120,61,59,玉山-高雄,2023-07-19,8843
2353,宏��,208,151,57,玉山-高雄,2023-07-19,8843
1217,愛之味,57,0,57,玉山-高雄,2023-07-19,8843
1313,聯成,72,16,56,玉山-高雄,2023-07-19,8843
3711,日月光投控,61,5,56,玉山-高雄,2023-07-19,8843
2537,聯上發,50,0,50,玉山-高雄,2023-07-19,8843
00919,群益台灣精選高息,120,70,50,玉山-高雄,2023-07-19,8843
1605,華新,75,27,48,玉山-高雄,2023-07-19,8843
2603,長榮,65,16,49,玉山-高雄,2023-07-19,8843
2371,大同,89,42,47,玉山-高雄,2023-07-19,8843
2915,潤泰全,45,0,45,玉山-高雄,2023-07-19,8843
2511,太子,45,0,45,玉山-高雄,2023-07-19,8843
00753L,中信中國50正2,39,0,39,玉山-高雄,2023-07-19,8843
6120,達運,62,23,39,玉山-高雄,2023-07-19,8843
1471,首利,47,10,37,玉山-高雄,2023-07-19,8843
2887,台新金,36,0,36,玉山-高雄,2023-07-19,8843
2812,台中銀,42,7,35,玉山-高雄,2023-07-19,8843
1101,台泥,38,7,31,玉山-高雄,2023-07-19,8843
00679B,元大美債20年,32,1,31,玉山-高雄,2023-07-19,8843
2834,臺企銀,37,7,30,玉山-高雄,2023-07-19,8843
3189,景碩,40,10,30,玉山-高雄,2023-07-19,8843
00795B,中信美國公債20年,30,2,28,玉山-高雄,2023-07-19,8843
00637L,元大滬深300正2,155,127,28,玉山-高雄,2023-07-19,8843
3305,昇貿,54,27,27,玉山-高雄,2023-07-19,8843
8038,長園科,28,2,26,玉山-高雄,2023-07-19,8843
3481,群創,52,27,25,玉山-高雄,2023-07-19,8843
00665L,富邦�琤肭磪囓�2,28,3,25,玉山-高雄,2023-07-19,8843
2107,厚生,55,30,25,玉山-高雄,2023-07-19,8843
2402,毅嘉,38,14,24,玉山-高雄,2023-07-19,8843
2881,富邦金,37,14,23,玉山-高雄,2023-07-19,8843
1314,中石化,28,6,22,玉山-高雄,2023-07-19,8843
2498,宏達電,21,1,20,玉山-高雄,2023-07-19,8843
2801,彰銀,28,8,20,玉山-高雄,2023-07-19,8843
2303,聯電,292,15,277,玉山-高雄,2023-07-20,8843
2352,佳世達,154,51,103,玉山-高雄,2023-07-20,8843
00712,復華富時不動產,307,234,73,玉山-高雄,2023-07-20,8843
00929,復華台灣科技優息,102,37,65,玉山-高雄,2023-07-20,8843
6128,上福,56,0,56,玉山-高雄,2023-07-20,8843
00679B,元大美債20年,53,0,53,玉山-高雄,2023-07-20,8843
1402,遠東新,62,13,49,玉山-高雄,2023-07-20,8843
1522,堤維西,72,25,47,玉山-高雄,2023-07-20,8843
00772B,中信高評級公司債,46,0,46,玉山-高雄,2023-07-20,8843
2883,凱基金,55,11,44,玉山-高雄,2023-07-20,8843
2461,光群雷,49,8,41,玉山-高雄,2023-07-20,8843
1102,亞泥,39,1,38,玉山-高雄,2023-07-20,8843
8071,能率網通,37,0,37,玉山-高雄,2023-07-20,8843
6770,力積電,86,50,36,玉山-高雄,2023-07-20,8843
8436,大江,42,7,35,玉山-高雄,2023-07-20,8843
3289,宜特,81,48,33,玉山-高雄,2023-07-20,8843
2359,所羅門,37,4,33,玉山-高雄,2023-07-20,8843
3037,欣興,144,111,33,玉山-高雄,2023-07-20,8843
8050,廣積,36,4,32,玉山-高雄,2023-07-20,8843
4938,和碩,39,10,29,玉山-高雄,2023-07-20,8843
2887,台新金,41,13,28,玉山-高雄,2023-07-20,8843
2881,富邦金,29,3,26,玉山-高雄,2023-07-20,8843
4726,永昕,31,7,24,玉山-高雄,2023-07-20,8843
2329,華泰,48,24,24,玉山-高雄,2023-07-20,8843
00923,群益台ESG低碳50,24,1,23,玉山-高雄,2023-07-20,8843
00687B,國泰20年美債,33,11,22,玉山-高雄,2023-07-20,8843
020034,元大IC設計N,21,0,21,玉山-高雄,2023-07-20,8843
3264,欣銓,25,4,21,玉山-高雄,2023-07-20,8843
8222,寶一,25,5,20,玉山-高雄,2023-07-20,8843
8996,高力,34,14,20,玉山-高雄,2023-07-20,8843
1806,冠軍,20,1,19,玉山-高雄,2023-07-20,8843
6191,精成科,19,2,17,玉山-高雄,2023-07-20,8843
2206,三陽工業,50,33,17,玉山-高雄,2023-07-20,8843
1802,台玻,20,3,17,玉山-高雄,2023-07-20,8843
4533,協易機,34,17,17,玉山-高雄,2023-07-20,8843
00924,復華S＆P500成長,17,0,17,玉山-高雄,2023-07-20,8843
2201,裕隆,18,3,15,玉山-高雄,2023-07-20,8843
1786,科妍,15,0,15,玉山-高雄,2023-07-20,8843
2030,彰源,15,0,15,玉山-高雄,2023-07-20,8843
5706,鳳凰,19,4,15,玉山-高雄,2023-07-20,8843
3587,閎康,15,0,15,玉山-高雄,2023-07-20,8843
2374,佳能,21,6,15,玉山-高雄,2023-07-20,8843
4967,十銓,15,1,14,玉山-高雄,2023-07-20,8843
00680L,元大美債20正2,14,0,14,玉山-高雄,2023-07-20,8843
00900,富邦特選高股息30,24,11,13,玉山-高雄,2023-07-20,8843
6530,創威,29,16,13,玉山-高雄,2023-07-20,8843
2337,旺宏,13,0,13,玉山-高雄,2023-07-20,8843
2812,台中銀,15,2,13,玉山-高雄,2023-07-20,8843
2344,華邦電,17,4,13,玉山-高雄,2023-07-20,8843
00888,永豐台灣ESG,12,0,12,玉山-高雄,2023-07-20,8843
6235,華孚,216,6,210,玉山-高雄,2023-07-21,8843
2883,凱基金,218,11,207,玉山-高雄,2023-07-21,8843
1727,中華化,223,22,201,玉山-高雄,2023-07-21,8843
3013,晟銘電,233,35,198,玉山-高雄,2023-07-21,8843
2834,臺企銀,196,12,184,玉山-高雄,2023-07-21,8843
2633,台灣高鐵,171,3,168,玉山-高雄,2023-07-21,8843
2382,廣達,309,156,153,玉山-高雄,2023-07-21,8843
00885,富邦越南,164,20,144,玉山-高雄,2023-07-21,8843
6116,彩晶,122,8,114,玉山-高雄,2023-07-21,8843
2352,佳世達,228,114,114,玉山-高雄,2023-07-21,8843
1101,台泥,117,6,111,玉山-高雄,2023-07-21,8843
00878,國泰永續高股息,337,228,109,玉山-高雄,2023-07-21,8843
00929,復華台灣科技優息,138,30,108,玉山-高雄,2023-07-21,8843
2303,聯電,132,35,97,玉山-高雄,2023-07-21,8843
2344,華邦電,107,12,95,玉山-高雄,2023-07-21,8843
2025,千興,69,0,69,玉山-高雄,2023-07-21,8843
2323,中環,82,13,69,玉山-高雄,2023-07-21,8843
00712,復華富時不動產,165,98,67,玉山-高雄,2023-07-21,8843
2515,中工,66,0,66,玉山-高雄,2023-07-21,8843
2312,金寶,120,55,65,玉山-高雄,2023-07-21,8843
00679B,元大美債20年,66,1,65,玉山-高雄,2023-07-21,8843
2206,三陽工業,77,15,62,玉山-高雄,2023-07-21,8843
3594,磐儀,55,0,55,玉山-高雄,2023-07-21,8843
2104,國際中橡,50,0,50,玉山-高雄,2023-07-21,8843
2329,華泰,121,73,48,玉山-高雄,2023-07-21,8843
2371,大同,68,23,45,玉山-高雄,2023-07-21,8843
2405,輔信,48,3,45,玉山-高雄,2023-07-21,8843
2882,國泰金,44,1,43,玉山-高雄,2023-07-21,8843
00892,富邦台灣半導體,41,0,41,玉山-高雄,2023-07-21,8843
3264,欣銓,54,13,41,玉山-高雄,2023-07-21,8843
1605,華新,58,19,39,玉山-高雄,2023-07-21,8843
6548,長科*,39,1,38,玉山-高雄,2023-07-21,8843
6443,元晶,39,1,38,玉山-高雄,2023-07-21,8843
3037,欣興,70,32,38,玉山-高雄,2023-07-21,8843
1102,亞泥,40,3,37,玉山-高雄,2023-07-21,8843
3014,聯陽,40,4,36,玉山-高雄,2023-07-21,8843
2330,台積電,57,21,36,玉山-高雄,2023-07-21,8843
2365,昆盈,35,0,35,玉山-高雄,2023-07-21,8843
2851,中再保,30,0,30,玉山-高雄,2023-07-21,8843
6282,康舒,91,63,28,玉山-高雄,2023-07-21,8843
00900,富邦特選高股息30,58,30,28,玉山-高雄,2023-07-21,8843
0050,元大台灣50,27,0,27,玉山-高雄,2023-07-21,8843
4533,協易機,35,9,26,玉山-高雄,2023-07-21,8843
00888,永豐台灣ESG,26,0,26,玉山-高雄,2023-07-21,8843
00720B,元大投資級公司債,29,3,26,玉山-高雄,2023-07-21,8843
2201,裕隆,26,1,25,玉山-高雄,2023-07-21,8843
2534,宏盛,25,0,25,玉山-高雄,2023-07-21,8843
00919,群益台灣精選高息,47,22,25,玉山-高雄,2023-07-21,8843
2609,陽明,62,37,25,玉山-高雄,2023-07-21,8843
3265,台星科,33,9,24,玉山-高雄,2023-07-21,8843
2371,大同,346,37,309,玉山-高雄,2023-07-24,8843
6235,華孚,240,5,235,玉山-高雄,2023-07-24,8843
00772B,中信高評級公司債,119,2,117,玉山-高雄,2023-07-24,8843
00669R,國泰美國道瓊反1,100,0,100,玉山-高雄,2023-07-24,8843
2062,橋椿,100,0,100,玉山-高雄,2023-07-24,8843
1609,大亞,185,101,84,玉山-高雄,2023-07-24,8843
3481,群創,201,118,83,玉山-高雄,2023-07-24,8843
2002,中鋼,106,25,81,玉山-高雄,2023-07-24,8843
1727,中華化,80,3,77,玉山-高雄,2023-07-24,8843
2887,台新金,96,21,75,玉山-高雄,2023-07-24,8843
2413,環科,73,0,73,玉山-高雄,2023-07-24,8843
2460,建通,73,0,73,玉山-高雄,2023-07-24,8843
00712,復華富時不動產,89,19,70,玉山-高雄,2023-07-24,8843
2633,台灣高鐵,72,2,70,玉山-高雄,2023-07-24,8843
2323,中環,67,1,66,玉山-高雄,2023-07-24,8843
00679B,元大美債20年,58,2,56,玉山-高雄,2023-07-24,8843
4564,元翎,61,6,55,玉山-高雄,2023-07-24,8843
2303,聯電,89,34,55,玉山-高雄,2023-07-24,8843
8936,國統,62,8,54,玉山-高雄,2023-07-24,8843
1402,遠東新,67,16,51,玉山-高雄,2023-07-24,8843
00673R,期元大S＆P原油反1,51,0,51,玉山-高雄,2023-07-24,8843
2312,金寶,61,11,50,玉山-高雄,2023-07-24,8843
2421,建準,101,53,48,玉山-高雄,2023-07-24,8843
00633L,富邦上証正2,51,8,43,玉山-高雄,2023-07-24,8843
2317,鴻海,47,7,40,玉山-高雄,2023-07-24,8843
1101,台泥,50,10,40,玉山-高雄,2023-07-24,8843
2542,興富發,74,36,38,玉山-高雄,2023-07-24,8843
00637L,元大滬深300正2,51,13,38,玉山-高雄,2023-07-24,8843
4533,協易機,46,10,36,玉山-高雄,2023-07-24,8843
1903,士紙,39,4,35,玉山-高雄,2023-07-24,8843
1102,亞泥,43,8,35,玉山-高雄,2023-07-24,8843
00687B,國泰20年美債,34,0,34,玉山-高雄,2023-07-24,8843
3169,亞信,34,0,34,玉山-高雄,2023-07-24,8843
2603,長榮,63,30,33,玉山-高雄,2023-07-24,8843
2614,東森,31,0,31,玉山-高雄,2023-07-24,8843
1471,首利,43,15,28,玉山-高雄,2023-07-24,8843
00655L,國泰中國A50正2,28,0,28,玉山-高雄,2023-07-24,8843
6125,廣運,56,28,28,玉山-高雄,2023-07-24,8843
2618,長榮航,84,56,28,玉山-高雄,2023-07-24,8843
6155,鈞寶,27,0,27,玉山-高雄,2023-07-24,8843
3419,譁裕,30,3,27,玉山-高雄,2023-07-24,8843
1504,東元,36,10,26,玉山-高雄,2023-07-24,8843
6234,高僑,27,1,26,玉山-高雄,2023-07-24,8843
1210,大成,29,3,26,玉山-高雄,2023-07-24,8843
2489,瑞軒,26,0,26,玉山-高雄,2023-07-24,8843
2409,友達,31,6,25,玉山-高雄,2023-07-24,8843
2867,三商壽,25,1,24,玉山-高雄,2023-07-24,8843
6770,力積電,30,8,22,玉山-高雄,2023-07-24,8843
2891,中信金,26,4,22,玉山-高雄,2023-07-24,8843
2537,聯上發,21,0,21,玉山-高雄,2023-07-24,8843
2382,廣達,596,121,475,玉山-高雄,2023-07-25,8843
00885,富邦越南,176,14,162,玉山-高雄,2023-07-25,8843
00929,復華台灣科技優息,229,71,158,玉山-高雄,2023-07-25,8843
3037,欣興,208,76,132,玉山-高雄,2023-07-25,8843
00712,復華富時不動產,121,7,114,玉山-高雄,2023-07-25,8843
00878,國泰永續高股息,361,261,100,玉山-高雄,2023-07-25,8843
2107,厚生,100,0,100,玉山-高雄,2023-07-25,8843
1504,東元,242,159,83,玉山-高雄,2023-07-25,8843
00679B,元大美債20年,83,0,83,玉山-高雄,2023-07-25,8843
8996,高力,78,9,69,玉山-高雄,2023-07-25,8843
00687B,國泰20年美債,64,3,61,玉山-高雄,2023-07-25,8843
2609,陽明,81,20,61,玉山-高雄,2023-07-25,8843
2834,臺企銀,74,15,59,玉山-高雄,2023-07-25,8843
00751B,元大AAA至A公司債,50,0,50,玉山-高雄,2023-07-25,8843
4108,懷特,48,1,47,玉山-高雄,2023-07-25,8843
6282,康舒,63,20,43,玉山-高雄,2023-07-25,8843
1303,南亞,49,10,39,玉山-高雄,2023-07-25,8843
2633,台灣高鐵,40,1,39,玉山-高雄,2023-07-25,8843
1217,愛之味,58,20,38,玉山-高雄,2023-07-25,8843
8358,金居,94,57,37,玉山-高雄,2023-07-25,8843
1789,神隆,37,1,36,玉山-高雄,2023-07-25,8843
5452,佶優,44,12,32,玉山-高雄,2023-07-25,8843
3088,艾訊,36,4,32,玉山-高雄,2023-07-25,8843
3227,原相,35,4,31,玉山-高雄,2023-07-25,8843
2867,三商壽,27,0,27,玉山-高雄,2023-07-25,8843
1301,台塑,26,0,26,玉山-高雄,2023-07-25,8843
3704,合勤控,30,5,25,玉山-高雄,2023-07-25,8843
00795B,中信美國公債20年,25,0,25,玉山-高雄,2023-07-25,8843
1905,華紙,103,79,24,玉山-高雄,2023-07-25,8843
00924,復華S＆P500成長,25,2,23,玉山-高雄,2023-07-25,8843
6275,元山,25,2,23,玉山-高雄,2023-07-25,8843
3702,大聯大,25,4,21,玉山-高雄,2023-07-25,8843
1907,永豐餘,23,2,21,玉山-高雄,2023-07-25,8843
3041,揚智,20,0,20,玉山-高雄,2023-07-25,8843
2449,京元電子,28,8,20,玉山-高雄,2023-07-25,8843
9945,潤泰新,23,4,19,玉山-高雄,2023-07-25,8843
2023,燁輝,20,1,19,玉山-高雄,2023-07-25,8843
00680L,元大美債20正2,19,0,19,玉山-高雄,2023-07-25,8843
5213,亞昕,20,1,19,玉山-高雄,2023-07-25,8843
8093,保銳,28,9,19,玉山-高雄,2023-07-25,8843
3305,昇貿,46,27,19,玉山-高雄,2023-07-25,8843
00720B,元大投資級公司債,18,0,18,玉山-高雄,2023-07-25,8843
2468,華經,18,1,17,玉山-高雄,2023-07-25,8843
4123,晟德,45,28,17,玉山-高雄,2023-07-25,8843
2618,長榮航,87,70,17,玉山-高雄,2023-07-25,8843
020034,元大IC設計N,26,10,16,玉山-高雄,2023-07-25,8843
8404,百和興業-KY,15,0,15,玉山-高雄,2023-07-25,8843
4953,緯軟,22,8,14,玉山-高雄,2023-07-25,8843
1909,榮成,13,0,13,玉山-高雄,2023-07-25,8843
8289,泰藝,13,0,13,玉山-高雄,2023-07-25,8843
00929,復華台灣科技優息,213,4,209,玉山-高雄,2023-07-26,8843
2892,第一金,108,3,105,玉山-高雄,2023-07-26,8843
00679B,元大美債20年,80,0,80,玉山-高雄,2023-07-26,8843
00753L,中信中國50正2,69,6,63,玉山-高雄,2023-07-26,8843
6282,康舒,120,64,56,玉山-高雄,2023-07-26,8843
00688L,國泰20年美債正2,57,2,55,玉山-高雄,2023-07-26,8843
2851,中再保,54,0,54,玉山-高雄,2023-07-26,8843
2897,王道銀行,50,0,50,玉山-高雄,2023-07-26,8843
00751B,元大AAA至A公司債,48,0,48,玉山-高雄,2023-07-26,8843
2890,永豐金,56,9,47,玉山-高雄,2023-07-26,8843
2498,宏達電,41,0,41,玉山-高雄,2023-07-26,8843
00665L,富邦�琤肭磪囓�2,60,20,40,玉山-高雄,2023-07-26,8843
020034,元大IC設計N,39,0,39,玉山-高雄,2023-07-26,8843
6117,迎廣,41,2,39,玉山-高雄,2023-07-26,8843
00927,群益半導體收益,38,1,37,玉山-高雄,2023-07-26,8843
3032,偉訓,45,9,36,玉山-高雄,2023-07-26,8843
1609,大亞,43,9,34,玉山-高雄,2023-07-26,8843
2359,所羅門,80,46,34,玉山-高雄,2023-07-26,8843
2480,敦陽科,34,2,32,玉山-高雄,2023-07-26,8843
00930,永豐ESG低碳高息,31,0,31,玉山-高雄,2023-07-26,8843
2354,鴻準,37,7,30,玉山-高雄,2023-07-26,8843
2337,旺宏,30,0,30,玉山-高雄,2023-07-26,8843
4414,如興,30,0,30,玉山-高雄,2023-07-26,8843
00882,中信中國高股息,28,1,27,玉山-高雄,2023-07-26,8843
6116,彩晶,28,3,25,玉山-高雄,2023-07-26,8843
2356,英業達,61,36,25,玉山-高雄,2023-07-26,8843
00919,群益台灣精選高息,26,2,24,玉山-高雄,2023-07-26,8843
00891,中信關鍵半導體,24,0,24,玉山-高雄,2023-07-26,8843
3217,優群,26,2,24,玉山-高雄,2023-07-26,8843
6188,廣明,86,63,23,玉山-高雄,2023-07-26,8843
6274,台燿,73,50,23,玉山-高雄,2023-07-26,8843
1303,南亞,32,9,23,玉山-高雄,2023-07-26,8843
3071,協禧,33,10,23,玉山-高雄,2023-07-26,8843
1760,寶齡富錦,22,0,22,玉山-高雄,2023-07-26,8843
4168,醣聯,22,0,22,玉山-高雄,2023-07-26,8843
00902,中信電池及儲能,30,8,22,玉山-高雄,2023-07-26,8843
2645,長榮航太,22,1,21,玉山-高雄,2023-07-26,8843
8092,建暐,21,0,21,玉山-高雄,2023-07-26,8843
1795,美時,27,7,20,玉山-高雄,2023-07-26,8843
5386,青雲,31,11,20,玉山-高雄,2023-07-26,8843
00651R,復華香港反1,20,0,20,玉山-高雄,2023-07-26,8843
8403,盛弘,24,4,20,玉山-高雄,2023-07-26,8843
2408,南亞科,20,1,19,玉山-高雄,2023-07-26,8843
5347,世界,19,0,19,玉山-高雄,2023-07-26,8843
1513,中興電,28,9,19,玉山-高雄,2023-07-26,8843
00632R,元大台灣50反1,27,9,18,玉山-高雄,2023-07-26,8843
6179,亞通,18,0,18,玉山-高雄,2023-07-26,8843
8358,金居,63,45,18,玉山-高雄,2023-07-26,8843
2504,國產,17,0,17,玉山-高雄,2023-07-26,8843
2303,聯電,30,13,17,玉山-高雄,2023-07-26,8843
2002,中鋼,129,0,129,玉山-高雄,2023-07-27,8843
00929,復華台灣科技優息,157,38,119,玉山-高雄,2023-07-27,8843
2884,玉山金,109,10,99,玉山-高雄,2023-07-27,8843
00878,國泰永續高股息,192,126,66,玉山-高雄,2023-07-27,8843
2892,第一金,69,4,65,玉山-高雄,2023-07-27,8843
00902,中信電池及儲能,64,0,64,玉山-高雄,2023-07-27,8843
00687B,國泰20年美債,56,0,56,玉山-高雄,2023-07-27,8843
2883,凱基金,117,64,53,玉山-高雄,2023-07-27,8843
00751B,元大AAA至A公司債,52,0,52,玉山-高雄,2023-07-27,8843
00679B,元大美債20年,51,3,48,玉山-高雄,2023-07-27,8843
8358,金居,99,52,47,玉山-高雄,2023-07-27,8843
2887,台新金,60,15,45,玉山-高雄,2023-07-27,8843
6190,萬泰科,48,3,45,玉山-高雄,2023-07-27,8843
8201,無敵,43,0,43,玉山-高雄,2023-07-27,8843
3338,泰碩,50,10,40,玉山-高雄,2023-07-27,8843
9933,中鼎,41,1,40,玉山-高雄,2023-07-27,8843
1217,愛之味,142,104,38,玉山-高雄,2023-07-27,8843
2405,輔信,52,15,37,玉山-高雄,2023-07-27,8843
1609,大亞,42,12,30,玉山-高雄,2023-07-27,8843
3715,定穎投控,28,3,25,玉山-高雄,2023-07-27,8843
1303,南亞,24,0,24,玉山-高雄,2023-07-27,8843
3029,零壹,60,36,24,玉山-高雄,2023-07-27,8843
1760,寶齡富錦,23,1,22,玉山-高雄,2023-07-27,8843
2340,台亞,37,16,21,玉山-高雄,2023-07-27,8843
1319,東陽,73,52,21,玉山-高雄,2023-07-27,8843
3576,聯合再生,22,2,20,玉山-高雄,2023-07-27,8843
6213,聯茂,68,49,19,玉山-高雄,2023-07-27,8843
3231,緯創,28,10,18,玉山-高雄,2023-07-27,8843
6196,帆宣,26,8,18,玉山-高雄,2023-07-27,8843
1721,三晃,20,2,18,玉山-高雄,2023-07-27,8843
2317,鴻海,23,6,17,玉山-高雄,2023-07-27,8843
5014,建錩,20,3,17,玉山-高雄,2023-07-27,8843
2882,國泰金,49,33,16,玉山-高雄,2023-07-27,8843
6874,倍力,18,2,16,玉山-高雄,2023-07-27,8843
2481,強茂,16,0,16,玉山-高雄,2023-07-27,8843
6126,信音,17,1,16,玉山-高雄,2023-07-27,8843
6438,迅得,16,0,16,玉山-高雄,2023-07-27,8843
2371,大同,54,39,15,玉山-高雄,2023-07-27,8843
00632R,元大台灣50反1,55,40,15,玉山-高雄,2023-07-27,8843
2211,長榮鋼,15,0,15,玉山-高雄,2023-07-27,8843
3005,神基,15,0,15,玉山-高雄,2023-07-27,8843
4747,強生,15,1,14,玉山-高雄,2023-07-27,8843
2425,承啟,21,7,14,玉山-高雄,2023-07-27,8843
5880,合庫金,16,2,14,玉山-高雄,2023-07-27,8843
1102,亞泥,14,0,14,玉山-高雄,2023-07-27,8843
2368,金像電,35,21,14,玉山-高雄,2023-07-27,8843
2609,陽明,27,14,13,玉山-高雄,2023-07-27,8843
2312,金寶,23,10,13,玉山-高雄,2023-07-27,8843
6697,東捷資訊,16,3,13,玉山-高雄,2023-07-27,8843
3567,逸昌,13,0,13,玉山-高雄,2023-07-27,8843
1905,華紙,613,302,311,玉山-高雄,2023-07-28,8843
2888,新光金,330,65,265,玉山-高雄,2023-07-28,8843
00680L,元大美債20正2,239,0,239,玉山-高雄,2023-07-28,8843
00679B,元大美債20年,218,1,217,玉山-高雄,2023-07-28,8843
2027,大成鋼,174,30,144,玉山-高雄,2023-07-28,8843
2002,中鋼,132,12,120,玉山-高雄,2023-07-28,8843
2610,華航,184,70,114,玉山-高雄,2023-07-28,8843
2834,臺企銀,115,3,112,玉山-高雄,2023-07-28,8843
2915,潤泰全,109,0,109,玉山-高雄,2023-07-28,8843
2329,華泰,255,185,70,玉山-高雄,2023-07-28,8843
2884,玉山金,81,11,70,玉山-高雄,2023-07-28,8843
00720B,元大投資級公司債,63,0,63,玉山-高雄,2023-07-28,8843
00688L,國泰20年美債正2,59,0,59,玉山-高雄,2023-07-28,8843
00772B,中信高評級公司債,55,0,55,玉山-高雄,2023-07-28,8843
1402,遠東新,54,0,54,玉山-高雄,2023-07-28,8843
00751B,元大AAA至A公司債,54,0,54,玉山-高雄,2023-07-28,8843
1708,東鹼,54,2,52,玉山-高雄,2023-07-28,8843
1815,富喬,89,41,48,玉山-高雄,2023-07-28,8843
00687B,國泰20年美債,47,0,47,玉山-高雄,2023-07-28,8843
2211,長榮鋼,48,3,45,玉山-高雄,2023-07-28,8843
1612,宏泰,40,0,40,玉山-高雄,2023-07-28,8843
00712,復華富時不動產,52,13,39,玉山-高雄,2023-07-28,8843
00919,群益台灣精選高息,45,9,36,玉山-高雄,2023-07-28,8843
2369,菱生,66,31,35,玉山-高雄,2023-07-28,8843
1907,永豐餘,77,42,35,玉山-高雄,2023-07-28,8843
00795B,中信美國公債20年,36,2,34,玉山-高雄,2023-07-28,8843
3706,神達,53,20,33,玉山-高雄,2023-07-28,8843
2891,中信金,33,2,31,玉山-高雄,2023-07-28,8843
2812,台中銀,42,12,30,玉山-高雄,2023-07-28,8843
1319,東陽,75,46,29,玉山-高雄,2023-07-28,8843
2014,中鴻,28,2,26,玉山-高雄,2023-07-28,8843
1217,愛之味,53,27,26,玉山-高雄,2023-07-28,8843
8926,台汽電,26,2,24,玉山-高雄,2023-07-28,8843
2885,元大金,25,1,24,玉山-高雄,2023-07-28,8843
00923,群益台ESG低碳50,23,0,23,玉山-高雄,2023-07-28,8843
8201,無敵,24,2,22,玉山-高雄,2023-07-28,8843
1314,中石化,26,5,21,玉山-高雄,2023-07-28,8843
6213,聯茂,22,3,19,玉山-高雄,2023-07-28,8843
2453,凌群,27,9,18,玉山-高雄,2023-07-28,8843
5706,鳳凰,25,7,18,玉山-高雄,2023-07-28,8843
00929,復華台灣科技優息,79,61,18,玉山-高雄,2023-07-28,8843
8076,伍豐,18,0,18,玉山-高雄,2023-07-28,8843
3035,智原,22,4,18,玉山-高雄,2023-07-28,8843
2913,農林,110,92,18,玉山-高雄,2023-07-28,8843
2356,英業達,56,38,18,玉山-高雄,2023-07-28,8843
2883,凱基金,34,17,17,玉山-高雄,2023-07-28,8843
8358,金居,127,110,17,玉山-高雄,2023-07-28,8843
1904,正隆,196,179,17,玉山-高雄,2023-07-28,8843
2206,三陽工業,23,6,17,玉山-高雄,2023-07-28,8843
6190,萬泰科,42,25,17,玉山-高雄,2023-07-28,8843
00929,復華台灣科技優息,321,88,233,玉山-高雄,2023-07-31,8843
2382,廣達,322,131,191,玉山-高雄,2023-07-31,8843
2002,中鋼,158,2,156,玉山-高雄,2023-07-31,8843
2329,華泰,503,361,142,玉山-高雄,2023-07-31,8843
00712,復華富時不動產,146,6,140,玉山-高雄,2023-07-31,8843
3231,緯創,223,102,121,玉山-高雄,2023-07-31,8843
00919,群益台灣精選高息,160,51,109,玉山-高雄,2023-07-31,8843
2317,鴻海,110,7,103,玉山-高雄,2023-07-31,8843
00679B,元大美債20年,91,1,90,玉山-高雄,2023-07-31,8843
2330,台積電,80,1,79,玉山-高雄,2023-07-31,8843
2603,長榮,109,32,77,玉山-高雄,2023-07-31,8843
2027,大成鋼,89,12,77,玉山-高雄,2023-07-31,8843
00637L,元大滬深300正2,96,19,77,玉山-高雄,2023-07-31,8843
1402,遠東新,74,4,70,玉山-高雄,2023-07-31,8843
1605,華新,100,38,62,玉山-高雄,2023-07-31,8843
2637,慧洋-KY,54,3,51,玉山-高雄,2023-07-31,8843
3711,日月光投控,55,8,47,玉山-高雄,2023-07-31,8843
2356,英業達,108,62,46,玉山-高雄,2023-07-31,8843
00715L,期街口布蘭特正2,65,19,46,玉山-高雄,2023-07-31,8843
2301,光寶科,127,82,45,玉山-高雄,2023-07-31,8843
00680L,元大美債20正2,42,0,42,玉山-高雄,2023-07-31,8843
2425,承啟,69,27,42,玉山-高雄,2023-07-31,8843
1319,東陽,57,21,36,玉山-高雄,2023-07-31,8843
2409,友達,147,111,36,玉山-高雄,2023-07-31,8843
1504,東元,57,22,35,玉山-高雄,2023-07-31,8843
00632R,元大台灣50反1,51,16,35,玉山-高雄,2023-07-31,8843
1717,長興,32,0,32,玉山-高雄,2023-07-31,8843
2323,中環,56,24,32,玉山-高雄,2023-07-31,8843
3105,穩懋,33,1,32,玉山-高雄,2023-07-31,8843
3013,晟銘電,36,5,31,玉山-高雄,2023-07-31,8843
3305,昇貿,33,2,31,玉山-高雄,2023-07-31,8843
2353,宏��,70,39,31,玉山-高雄,2023-07-31,8843
2303,聯電,35,5,30,玉山-高雄,2023-07-31,8843
2402,毅嘉,69,40,29,玉山-高雄,2023-07-31,8843
00923,群益台ESG低碳50,28,0,28,玉山-高雄,2023-07-31,8843
6657,華安,30,2,28,玉山-高雄,2023-07-31,8843
6269,台郡,59,34,25,玉山-高雄,2023-07-31,8843
6117,迎廣,28,4,24,玉山-高雄,2023-07-31,8843
1312,國喬,25,1,24,玉山-高雄,2023-07-31,8843
1101,台泥,38,14,24,玉山-高雄,2023-07-31,8843
4979,華星光,39,16,23,玉山-高雄,2023-07-31,8843
00764B,群益25年美債,23,0,23,玉山-高雄,2023-07-31,8843
00930,永豐ESG低碳高息,24,1,23,玉山-高雄,2023-07-31,8843
1513,中興電,73,51,22,玉山-高雄,2023-07-31,8843
2388,威盛,24,2,22,玉山-高雄,2023-07-31,8843
5347,世界,33,12,21,玉山-高雄,2023-07-31,8843
1815,富喬,67,46,21,玉山-高雄,2023-07-31,8843
1736,喬山,20,0,20,玉山-高雄,2023-07-31,8843
1464,得力,20,0,20,玉山-高雄,2023-07-31,8843
4974,亞泰,21,1,20,玉山-高雄,2023-07-31,8843
2913,農林,535,320,215,玉山-高雄,2023-08-01,8843
2344,華邦電,219,11,208,玉山-高雄,2023-08-01,8843
00929,復華台灣科技優息,158,26,132,玉山-高雄,2023-08-01,8843
00706L,期元大S＆P日圓正2,121,0,121,玉山-高雄,2023-08-01,8843
00680L,元大美債20正2,68,0,68,玉山-高雄,2023-08-01,8843
1402,遠東新,61,0,61,玉山-高雄,2023-08-01,8843
2062,橋椿,60,0,60,玉山-高雄,2023-08-01,8843
00712,復華富時不動產,64,5,59,玉山-高雄,2023-08-01,8843
4414,如興,57,0,57,玉山-高雄,2023-08-01,8843
2312,金寶,67,16,51,玉山-高雄,2023-08-01,8843
6282,康舒,97,48,49,玉山-高雄,2023-08-01,8843
00665L,富邦�琤肭磪囓�2,50,3,47,玉山-高雄,2023-08-01,8843
00673R,期元大S＆P原油反1,41,0,41,玉山-高雄,2023-08-01,8843
1802,台玻,99,59,40,玉山-高雄,2023-08-01,8843
00882,中信中國高股息,76,39,37,玉山-高雄,2023-08-01,8843
1815,富喬,41,4,37,玉山-高雄,2023-08-01,8843
2801,彰銀,37,0,37,玉山-高雄,2023-08-01,8843
00715L,期街口布蘭特正2,58,21,37,玉山-高雄,2023-08-01,8843
00923,群益台ESG低碳50,36,0,36,玉山-高雄,2023-08-01,8843
2890,永豐金,45,10,35,玉山-高雄,2023-08-01,8843
3032,偉訓,39,4,35,玉山-高雄,2023-08-01,8843
2481,強茂,34,0,34,玉山-高雄,2023-08-01,8843
00753L,中信中國50正2,34,0,34,玉山-高雄,2023-08-01,8843
2388,威盛,62,28,34,玉山-高雄,2023-08-01,8843
1905,華紙,105,72,33,玉山-高雄,2023-08-01,8843
3025,星通,51,18,33,玉山-高雄,2023-08-01,8843
2382,廣達,135,103,32,玉山-高雄,2023-08-01,8843
2520,冠德,31,0,31,玉山-高雄,2023-08-01,8843
6285,啟��,84,55,29,玉山-高雄,2023-08-01,8843
3707,漢磊,34,6,28,玉山-高雄,2023-08-01,8843
3583,辛耘,57,30,27,玉山-高雄,2023-08-01,8843
3105,穩懋,28,1,27,玉山-高雄,2023-08-01,8843
2356,英業達,57,34,23,玉山-高雄,2023-08-01,8843
020034,元大IC設計N,22,0,22,玉山-高雄,2023-08-01,8843
00713,元大台灣高息低波,22,1,21,玉山-高雄,2023-08-01,8843
6104,創惟,21,1,20,玉山-高雄,2023-08-01,8843
020022,元大電動車N,20,0,20,玉山-高雄,2023-08-01,8843
2401,凌陽,36,16,20,玉山-高雄,2023-08-01,8843
4919,新唐,24,5,19,玉山-高雄,2023-08-01,8843
5388,中磊,40,22,18,玉山-高雄,2023-08-01,8843
6239,力成,18,0,18,玉山-高雄,2023-08-01,8843
2211,長榮鋼,18,1,17,玉山-高雄,2023-08-01,8843
2353,宏��,49,33,16,玉山-高雄,2023-08-01,8843
2851,中再保,16,0,16,玉山-高雄,2023-08-01,8843
3704,合勤控,20,5,15,玉山-高雄,2023-08-01,8843
00898,國泰基因免疫革命,20,5,15,玉山-高雄,2023-08-01,8843
2323,中環,46,31,15,玉山-高雄,2023-08-01,8843
6270,倍微,15,0,15,玉山-高雄,2023-08-01,8843
3596,智易,16,2,14,玉山-高雄,2023-08-01,8843
2002,中鋼,21,7,14,玉山-高雄,2023-08-01,8843
2883,凱基金,391,2,389,玉山-高雄,2023-08-02,8843
00878,國泰永續高股息,694,392,302,玉山-高雄,2023-08-02,8843
00929,復華台灣科技優息,441,164,277,玉山-高雄,2023-08-02,8843
2913,農林,545,305,240,玉山-高雄,2023-08-02,8843
6531,愛普*,228,15,213,玉山-高雄,2023-08-02,8843
2891,中信金,346,134,212,玉山-高雄,2023-08-02,8843
2382,廣達,418,206,212,玉山-高雄,2023-08-02,8843
00680L,元大美債20正2,196,5,191,玉山-高雄,2023-08-02,8843
00900,富邦特選高股息30,205,34,171,玉山-高雄,2023-08-02,8843
00795B,中信美國公債20年,174,15,159,玉山-高雄,2023-08-02,8843
2002,中鋼,152,2,150,玉山-高雄,2023-08-02,8843
00885,富邦越南,157,7,150,玉山-高雄,2023-08-02,8843
2618,長榮航,204,59,145,玉山-高雄,2023-08-02,8843
2344,華邦電,147,6,141,玉山-高雄,2023-08-02,8843
3231,緯創,222,81,141,玉山-高雄,2023-08-02,8843
2888,新光金,200,65,135,玉山-高雄,2023-08-02,8843
3481,群創,145,21,124,玉山-高雄,2023-08-02,8843
00751B,元大AAA至A公司債,115,0,115,玉山-高雄,2023-08-02,8843
00679B,元大美債20年,115,0,115,玉山-高雄,2023-08-02,8843
00923,群益台ESG低碳50,112,0,112,玉山-高雄,2023-08-02,8843
3711,日月光投控,115,3,112,玉山-高雄,2023-08-02,8843
00688L,國泰20年美債正2,111,0,111,玉山-高雄,2023-08-02,8843
2356,英業達,140,44,96,玉山-高雄,2023-08-02,8843
00632R,元大台灣50反1,166,70,96,玉山-高雄,2023-08-02,8843
1608,華榮,121,25,96,玉山-高雄,2023-08-02,8843
2324,仁寶,130,41,89,玉山-高雄,2023-08-02,8843
6548,長科*,74,0,74,玉山-高雄,2023-08-02,8843
6015,宏遠證,73,0,73,玉山-高雄,2023-08-02,8843
6282,康舒,169,96,73,玉山-高雄,2023-08-02,8843
00665L,富邦�琤肭磪囓�2,71,0,71,玉山-高雄,2023-08-02,8843
2884,玉山金,82,12,70,玉山-高雄,2023-08-02,8843
0056,元大高股息,277,215,62,玉山-高雄,2023-08-02,8843
1314,中石化,211,151,60,玉山-高雄,2023-08-02,8843
2301,光寶科,85,26,59,玉山-高雄,2023-08-02,8843
9945,潤泰新,54,1,53,玉山-高雄,2023-08-02,8843
00772B,中信高評級公司債,56,3,53,玉山-高雄,2023-08-02,8843
2834,臺企銀,52,0,52,玉山-高雄,2023-08-02,8843
2610,華航,95,45,50,玉山-高雄,2023-08-02,8843
00753L,中信中國50正2,57,7,50,玉山-高雄,2023-08-02,8843
6188,廣明,94,47,47,玉山-高雄,2023-08-02,8843
2409,友達,67,21,46,玉山-高雄,2023-08-02,8843
2338,光罩,47,1,46,玉山-高雄,2023-08-02,8843
2481,強茂,47,2,45,玉山-高雄,2023-08-02,8843
2890,永豐金,49,5,44,玉山-高雄,2023-08-02,8843
00891,中信關鍵半導體,45,1,44,玉山-高雄,2023-08-02,8843
2801,彰銀,40,0,40,玉山-高雄,2023-08-02,8843
8936,國統,45,6,39,玉山-高雄,2023-08-02,8843
1609,大亞,223,184,39,玉山-高雄,2023-08-02,8843
1815,富喬,57,21,36,玉山-高雄,2023-08-02,8843
3056,富華新,38,3,35,玉山-高雄,2023-08-02,8843
2344,華邦電,651,88,563,玉山-高雄,2023-08-04,8843
00680L,元大美債20正2,324,2,322,玉山-高雄,2023-08-04,8843
00929,復華台灣科技優息,355,40,315,玉山-高雄,2023-08-04,8843
1605,華新,254,29,225,玉山-高雄,2023-08-04,8843
00679B,元大美債20年,206,17,189,玉山-高雄,2023-08-04,8843
00712,復華富時不動產,236,65,171,玉山-高雄,2023-08-04,8843
5871,中租-KY,161,1,160,玉山-高雄,2023-08-04,8843
00923,群益台ESG低碳50,144,2,142,玉山-高雄,2023-08-04,8843
2883,凱基金,160,35,125,玉山-高雄,2023-08-04,8843
00688L,國泰20年美債正2,123,0,123,玉山-高雄,2023-08-04,8843
2891,中信金,153,34,119,玉山-高雄,2023-08-04,8843
00687B,國泰20年美債,119,2,117,玉山-高雄,2023-08-04,8843
00751B,元大AAA至A公司債,107,0,107,玉山-高雄,2023-08-04,8843
00772B,中信高評級公司債,102,0,102,玉山-高雄,2023-08-04,8843
00878,國泰永續高股息,354,264,90,玉山-高雄,2023-08-04,8843
2851,中再保,90,1,89,玉山-高雄,2023-08-04,8843
00720B,元大投資級公司債,115,42,73,玉山-高雄,2023-08-04,8843
00795B,中信美國公債20年,100,30,70,玉山-高雄,2023-08-04,8843
2356,英業達,179,112,67,玉山-高雄,2023-08-04,8843
6548,長科*,64,1,63,玉山-高雄,2023-08-04,8843
00900,富邦特選高股息30,68,10,58,玉山-高雄,2023-08-04,8843
2460,建通,56,1,55,玉山-高雄,2023-08-04,8843
3231,緯創,226,177,49,玉山-高雄,2023-08-04,8843
2462,良得電,55,9,46,玉山-高雄,2023-08-04,8843
4746,台耀,62,20,42,玉山-高雄,2023-08-04,8843
1314,中石化,42,1,41,玉山-高雄,2023-08-04,8843
2352,佳世達,107,69,38,玉山-高雄,2023-08-04,8843
2886,兆豐金,41,7,34,玉山-高雄,2023-08-04,8843
1609,大亞,86,56,30,玉山-高雄,2023-08-04,8843
1402,遠東新,39,10,29,玉山-高雄,2023-08-04,8843
2104,國際中橡,45,16,29,玉山-高雄,2023-08-04,8843
4129,聯合,28,0,28,玉山-高雄,2023-08-04,8843
00773B,中信優先金融債,35,7,28,玉山-高雄,2023-08-04,8843
00907,永豐優息存股,28,0,28,玉山-高雄,2023-08-04,8843
2206,三陽工業,70,43,27,玉山-高雄,2023-08-04,8843
1727,中華化,35,10,25,玉山-高雄,2023-08-04,8843
2884,玉山金,44,19,25,玉山-高雄,2023-08-04,8843
00885,富邦越南,39,15,24,玉山-高雄,2023-08-04,8843
2504,國產,80,56,24,玉山-高雄,2023-08-04,8843
2885,元大金,25,2,23,玉山-高雄,2023-08-04,8843
2633,台灣高鐵,23,0,23,玉山-高雄,2023-08-04,8843
2009,第一銅,23,0,23,玉山-高雄,2023-08-04,8843
00722B,群益投資級電信債,21,0,21,玉山-高雄,2023-08-04,8843
3013,晟銘電,29,8,21,玉山-高雄,2023-08-04,8843
8927,北基,23,2,21,玉山-高雄,2023-08-04,8843
2913,農林,374,353,21,玉山-高雄,2023-08-04,8843
3052,夆典,35,15,20,玉山-高雄,2023-08-04,8843
00664R,國泰臺灣加權反1,20,0,20,玉山-高雄,2023-08-04,8843
2107,厚生,20,0,20,玉山-高雄,2023-08-04,8843
2007,燁興,20,0,20,玉山-高雄,2023-08-04,8843
2618,長榮航,230,74,156,玉山-高雄,2023-08-07,8843
00929,復華台灣科技優息,237,94,143,玉山-高雄,2023-08-07,8843
00931B,統一美債20年,130,0,130,玉山-高雄,2023-08-07,8843
5871,中租-KY,196,70,126,玉山-高雄,2023-08-07,8843
00923,群益台ESG低碳50,111,2,109,玉山-高雄,2023-08-07,8843
9927,泰銘,108,6,102,玉山-高雄,2023-08-07,8843
00679B,元大美債20年,110,14,96,玉山-高雄,2023-08-07,8843
00900,富邦特選高股息30,102,18,84,玉山-高雄,2023-08-07,8843
00882,中信中國高股息,77,0,77,玉山-高雄,2023-08-07,8843
2891,中信金,75,3,72,玉山-高雄,2023-08-07,8843
00712,復華富時不動產,71,0,71,玉山-高雄,2023-08-07,8843
00878,國泰永續高股息,173,106,67,玉山-高雄,2023-08-07,8843
2312,金寶,92,33,59,玉山-高雄,2023-08-07,8843
00637L,元大滬深300正2,144,90,54,玉山-高雄,2023-08-07,8843
00722B,群益投資級電信債,54,1,53,玉山-高雄,2023-08-07,8843
00720B,元大投資級公司債,48,0,48,玉山-高雄,2023-08-07,8843
2520,冠德,47,0,47,玉山-高雄,2023-08-07,8843
00751B,元大AAA至A公司債,47,0,47,玉山-高雄,2023-08-07,8843
2352,佳世達,100,56,44,玉山-高雄,2023-08-07,8843
2609,陽明,55,12,43,玉山-高雄,2023-08-07,8843
5880,合庫金,46,3,43,玉山-高雄,2023-08-07,8843
3706,神達,168,127,41,玉山-高雄,2023-08-07,8843
3481,群創,72,32,40,玉山-高雄,2023-08-07,8843
00632R,元大台灣50反1,64,26,38,玉山-高雄,2023-08-07,8843
2402,毅嘉,48,12,36,玉山-高雄,2023-08-07,8843
1905,華紙,233,198,35,玉山-高雄,2023-08-07,8843
2353,宏��,223,189,34,玉山-高雄,2023-08-07,8843
2009,第一銅,39,8,31,玉山-高雄,2023-08-07,8843
2851,中再保,32,1,31,玉山-高雄,2023-08-07,8843
3437,榮創,30,0,30,玉山-高雄,2023-08-07,8843
2883,凱基金,37,7,30,玉山-高雄,2023-08-07,8843
2603,長榮,52,23,29,玉山-高雄,2023-08-07,8843
2610,華航,92,64,28,玉山-高雄,2023-08-07,8843
6282,康舒,132,104,28,玉山-高雄,2023-08-07,8843
1303,南亞,28,1,27,玉山-高雄,2023-08-07,8843
4960,誠美材,24,0,24,玉山-高雄,2023-08-07,8843
4904,遠傳,23,0,23,玉山-高雄,2023-08-07,8843
2388,威盛,52,29,23,玉山-高雄,2023-08-07,8843
00673R,期元大S＆P原油反1,23,0,23,玉山-高雄,2023-08-07,8843
8070,長華*,25,3,22,玉山-高雄,2023-08-07,8843
3058,立德,21,0,21,玉山-高雄,2023-08-07,8843
2439,美律,20,0,20,玉山-高雄,2023-08-07,8843
3609,三一東林,35,15,20,玉山-高雄,2023-08-07,8843
00669R,國泰美國道瓊反1,20,0,20,玉山-高雄,2023-08-07,8843
2301,光寶科,112,92,20,玉山-高雄,2023-08-07,8843
8021,尖點,21,2,19,玉山-高雄,2023-08-07,8843
5328,華容,22,3,19,玉山-高雄,2023-08-07,8843
3036,文曄,20,1,19,玉山-高雄,2023-08-07,8843
00633L,富邦上証正2,18,0,18,玉山-高雄,2023-08-07,8843
2913,農林,68,52,16,玉山-高雄,2023-08-07,8843
00929,復華台灣科技優息,411,24,387,玉山-高雄,2023-08-08,8843
00900,富邦特選高股息30,170,7,163,玉山-高雄,2023-08-08,8843
2891,中信金,140,4,136,玉山-高雄,2023-08-08,8843
00927,群益半導體收益,133,0,133,玉山-高雄,2023-08-08,8843
3231,緯創,375,252,123,玉山-高雄,2023-08-08,8843
00923,群益台ESG低碳50,122,0,122,玉山-高雄,2023-08-08,8843
00931B,統一美債20年,108,0,108,玉山-高雄,2023-08-08,8843
2353,宏��,220,117,103,玉山-高雄,2023-08-08,8843
5880,合庫金,92,4,88,玉山-高雄,2023-08-08,8843
1402,遠東新,83,0,83,玉山-高雄,2023-08-08,8843
2464,盟立,83,0,83,玉山-高雄,2023-08-08,8843
3714,富采,85,20,65,玉山-高雄,2023-08-08,8843
2888,新光金,109,47,62,玉山-高雄,2023-08-08,8843
2413,環科,57,0,57,玉山-高雄,2023-08-08,8843
2884,玉山金,63,6,57,玉山-高雄,2023-08-08,8843
00720B,元大投資級公司債,62,6,56,玉山-高雄,2023-08-08,8843
2329,華泰,106,52,54,玉山-高雄,2023-08-08,8843
00878,國泰永續高股息,200,149,51,玉山-高雄,2023-08-08,8843
1304,台聚,50,0,50,玉山-高雄,2023-08-08,8843
1101,台泥,46,6,40,玉山-高雄,2023-08-08,8843
5009,榮剛,44,4,40,玉山-高雄,2023-08-08,8843
2313,華通,137,99,38,玉山-高雄,2023-08-08,8843
2303,聯電,75,39,36,玉山-高雄,2023-08-08,8843
2834,臺企銀,33,0,33,玉山-高雄,2023-08-08,8843
2352,佳世達,128,97,31,玉山-高雄,2023-08-08,8843
2377,微星,31,1,30,玉山-高雄,2023-08-08,8843
00894,中信小資高價30,30,0,30,玉山-高雄,2023-08-08,8843
6672,騰輝電子-KY,30,0,30,玉山-高雄,2023-08-08,8843
6248,沛波,30,0,30,玉山-高雄,2023-08-08,8843
6488,環球晶,26,0,26,玉山-高雄,2023-08-08,8843
2388,威盛,66,40,26,玉山-高雄,2023-08-08,8843
2014,中鴻,52,27,25,玉山-高雄,2023-08-08,8843
2408,南亞科,25,0,25,玉山-高雄,2023-08-08,8843
8027,鈦昇,44,20,24,玉山-高雄,2023-08-08,8843
2883,凱基金,43,20,23,玉山-高雄,2023-08-08,8843
6185,幃翔,25,2,23,玉山-高雄,2023-08-08,8843
3715,定穎投控,44,21,23,玉山-高雄,2023-08-08,8843
6548,長科*,23,0,23,玉山-高雄,2023-08-08,8843
2851,中再保,29,7,22,玉山-高雄,2023-08-08,8843
2385,群光,22,0,22,玉山-高雄,2023-08-08,8843
2301,光寶科,86,64,22,玉山-高雄,2023-08-08,8843
2801,彰銀,27,6,21,玉山-高雄,2023-08-08,8843
3293,鈊象,20,0,20,玉山-高雄,2023-08-08,8843
2489,瑞軒,20,0,20,玉山-高雄,2023-08-08,8843
3437,榮創,20,0,20,玉山-高雄,2023-08-08,8843
8046,南電,26,6,20,玉山-高雄,2023-08-08,8843
3045,台灣大,19,0,19,玉山-高雄,2023-08-08,8843
2062,橋椿,20,1,19,玉山-高雄,2023-08-08,8843
4746,台耀,23,5,18,玉山-高雄,2023-08-08,8843
00712,復華富時不動產,29,11,18,玉山-高雄,2023-08-08,8843
00632R,元大台灣50反1,1997,128,1869,玉山-高雄,2023-08-09,8843
00929,復華台灣科技優息,514,13,501,玉山-高雄,2023-08-09,8843
3583,辛耘,265,28,237,玉山-高雄,2023-08-09,8843
2344,華邦電,197,3,194,玉山-高雄,2023-08-09,8843
00900,富邦特選高股息30,177,6,171,玉山-高雄,2023-08-09,8843
00885,富邦越南,173,9,164,玉山-高雄,2023-08-09,8843
1402,遠東新,153,0,153,玉山-高雄,2023-08-09,8843
2891,中信金,144,11,133,玉山-高雄,2023-08-09,8843
00931B,統一美債20年,110,1,109,玉山-高雄,2023-08-09,8843
00923,群益台ESG低碳50,106,0,106,玉山-高雄,2023-08-09,8843
1815,富喬,84,3,81,玉山-高雄,2023-08-09,8843
00878,國泰永續高股息,115,34,81,玉山-高雄,2023-08-09,8843
2002,中鋼,63,2,61,玉山-高雄,2023-08-09,8843
6282,康舒,79,27,52,玉山-高雄,2023-08-09,8843
020023,元大櫃買半導體N,50,0,50,玉山-高雄,2023-08-09,8843
6284,佳邦,50,0,50,玉山-高雄,2023-08-09,8843
2382,廣達,199,152,47,玉山-高雄,2023-08-09,8843
3231,緯創,190,145,45,玉山-高雄,2023-08-09,8843
8926,台汽電,46,4,42,玉山-高雄,2023-08-09,8843
5880,合庫金,46,5,41,玉山-高雄,2023-08-09,8843
1314,中石化,41,1,40,玉山-高雄,2023-08-09,8843
2464,盟立,39,0,39,玉山-高雄,2023-08-09,8843
2413,環科,43,4,39,玉山-高雄,2023-08-09,8843
00930,永豐ESG低碳高息,38,0,38,玉山-高雄,2023-08-09,8843
2834,臺企銀,35,2,33,玉山-高雄,2023-08-09,8843
6152,百一,31,0,31,玉山-高雄,2023-08-09,8843
1905,華紙,40,10,30,玉山-高雄,2023-08-09,8843
2882,國泰金,30,1,29,玉山-高雄,2023-08-09,8843
2801,彰銀,51,22,29,玉山-高雄,2023-08-09,8843
00919,群益台灣精選高息,31,3,28,玉山-高雄,2023-08-09,8843
2385,群光,23,0,23,玉山-高雄,2023-08-09,8843
2316,楠梓電,24,1,23,玉山-高雄,2023-08-09,8843
00907,永豐優息存股,23,0,23,玉山-高雄,2023-08-09,8843
3363,上詮,29,7,22,玉山-高雄,2023-08-09,8843
1609,大亞,77,55,22,玉山-高雄,2023-08-09,8843
1605,華新,42,21,21,玉山-高雄,2023-08-09,8843
3714,富采,36,15,21,玉山-高雄,2023-08-09,8843
1611,中電,20,0,20,玉山-高雄,2023-08-09,8843
8927,北基,20,0,20,玉山-高雄,2023-08-09,8843
8930,青鋼,28,8,20,玉山-高雄,2023-08-09,8843
3443,創意,22,3,19,玉山-高雄,2023-08-09,8843
6125,廣運,39,21,18,玉山-高雄,2023-08-09,8843
2337,旺宏,17,0,17,玉山-高雄,2023-08-09,8843
6120,達運,16,0,16,玉山-高雄,2023-08-09,8843
1503,士電,20,4,16,玉山-高雄,2023-08-09,8843
2887,台新金,15,0,15,玉山-高雄,2023-08-09,8843
2371,大同,56,41,15,玉山-高雄,2023-08-09,8843
5465,富驊,17,2,15,玉山-高雄,2023-08-09,8843
6269,台郡,14,0,14,玉山-高雄,2023-08-09,8843
9907,統一實,14,0,14,玉山-高雄,2023-08-09,8843
00929,復華台灣科技優息,734,29,705,玉山-高雄,2023-08-10,8843
3231,緯創,599,150,449,玉山-高雄,2023-08-10,8843
00900,富邦特選高股息30,338,65,273,玉山-高雄,2023-08-10,8843
2409,友達,197,27,170,玉山-高雄,2023-08-10,8843
00706L,期元大S＆P日圓正2,164,0,164,玉山-高雄,2023-08-10,8843
00878,國泰永續高股息,337,180,157,玉山-高雄,2023-08-10,8843
2610,華航,334,183,151,玉山-高雄,2023-08-10,8843
2618,長榮航,241,97,144,玉山-高雄,2023-08-10,8843
8936,國統,146,5,141,玉山-高雄,2023-08-10,8843
1815,富喬,118,0,118,玉山-高雄,2023-08-10,8843
00712,復華富時不動產,129,23,106,玉山-高雄,2023-08-10,8843
2883,凱基金,117,20,97,玉山-高雄,2023-08-10,8843
00919,群益台灣精選高息,94,0,94,玉山-高雄,2023-08-10,8843
2353,宏��,94,8,86,玉山-高雄,2023-08-10,8843
2312,金寶,99,23,76,玉山-高雄,2023-08-10,8843
6282,康舒,198,124,74,玉山-高雄,2023-08-10,8843
00753L,中信中國50正2,91,20,71,玉山-高雄,2023-08-10,8843
4906,正文,76,7,69,玉山-高雄,2023-08-10,8843
6116,彩晶,73,8,65,玉山-高雄,2023-08-10,8843
00923,群益台ESG低碳50,63,1,62,玉山-高雄,2023-08-10,8843
00637L,元大滬深300正2,68,10,58,玉山-高雄,2023-08-10,8843
00931B,統一美債20年,52,0,52,玉山-高雄,2023-08-10,8843
00665L,富邦�琤肭磪囓�2,81,30,51,玉山-高雄,2023-08-10,8843
00891,中信關鍵半導體,49,0,49,玉山-高雄,2023-08-10,8843
1402,遠東新,75,26,49,玉山-高雄,2023-08-10,8843
2886,兆豐金,62,13,49,玉山-高雄,2023-08-10,8843
2002,中鋼,51,3,48,玉山-高雄,2023-08-10,8843
2344,華邦電,52,11,41,玉山-高雄,2023-08-10,8843
8081,致新,41,0,41,玉山-高雄,2023-08-10,8843
1605,華新,49,9,40,玉山-高雄,2023-08-10,8843
0050,元大台灣50,40,1,39,玉山-高雄,2023-08-10,8843
00888,永豐台灣ESG,36,0,36,玉山-高雄,2023-08-10,8843
1708,東鹼,36,1,35,玉山-高雄,2023-08-10,8843
4414,如興,32,0,32,玉山-高雄,2023-08-10,8843
6672,騰輝電子-KY,37,6,31,玉山-高雄,2023-08-10,8843
3034,聯詠,31,0,31,玉山-高雄,2023-08-10,8843
2641,正德,30,0,30,玉山-高雄,2023-08-10,8843
2413,環科,30,0,30,玉山-高雄,2023-08-10,8843
2324,仁寶,71,42,29,玉山-高雄,2023-08-10,8843
00679B,元大美債20年,36,7,29,玉山-高雄,2023-08-10,8843
0056,元大高股息,149,121,28,玉山-高雄,2023-08-10,8843
1802,台玻,172,146,26,玉山-高雄,2023-08-10,8843
1314,中石化,25,0,25,玉山-高雄,2023-08-10,8843
5483,中美晶,27,2,25,玉山-高雄,2023-08-10,8843
6770,力積電,26,1,25,玉山-高雄,2023-08-10,8843
2402,毅嘉,33,8,25,玉山-高雄,2023-08-10,8843
2329,華泰,86,61,25,玉山-高雄,2023-08-10,8843
3714,富采,45,21,24,玉山-高雄,2023-08-10,8843
2634,漢翔,34,11,23,玉山-高雄,2023-08-10,8843
3078,僑威,27,4,23,玉山-高雄,2023-08-10,8843
00715L,期街口布蘭特正2,630,4,626,玉山-高雄,2023-08-11,8843
00929,復華台灣科技優息,362,12,350,玉山-高雄,2023-08-11,8843
00931B,統一美債20年,183,0,183,玉山-高雄,2023-08-11,8843
2888,新光金,162,12,150,玉山-高雄,2023-08-11,8843
00751B,元大AAA至A公司債,143,2,141,玉山-高雄,2023-08-11,8843
2892,第一金,147,18,129,玉山-高雄,2023-08-11,8843
2356,英業達,176,51,125,玉山-高雄,2023-08-11,8843
00882,中信中國高股息,118,10,108,玉山-高雄,2023-08-11,8843
00706L,期元大S＆P日圓正2,107,1,106,玉山-高雄,2023-08-11,8843
3231,緯創,291,193,98,玉山-高雄,2023-08-11,8843
2883,凱基金,106,11,95,玉山-高雄,2023-08-11,8843
00688L,國泰20年美債正2,91,0,91,玉山-高雄,2023-08-11,8843
00772B,中信高評級公司債,86,0,86,玉山-高雄,2023-08-11,8843
00673R,期元大S＆P原油反1,81,0,81,玉山-高雄,2023-08-11,8843
1795,美時,94,14,80,玉山-高雄,2023-08-11,8843
00900,富邦特選高股息30,88,10,78,玉山-高雄,2023-08-11,8843
2002,中鋼,87,10,77,玉山-高雄,2023-08-11,8843
00923,群益台ESG低碳50,73,0,73,玉山-高雄,2023-08-11,8843
6116,彩晶,71,3,68,玉山-高雄,2023-08-11,8843
6770,力積電,63,4,59,玉山-高雄,2023-08-11,8843
00679B,元大美債20年,85,29,56,玉山-高雄,2023-08-11,8843
3105,穩懋,56,1,55,玉山-高雄,2023-08-11,8843
2317,鴻海,55,0,55,玉山-高雄,2023-08-11,8843
2641,正德,47,2,45,玉山-高雄,2023-08-11,8843
00720B,元大投資級公司債,41,2,39,玉山-高雄,2023-08-11,8843
4906,正文,40,1,39,玉山-高雄,2023-08-11,8843
00687B,國泰20年美債,35,0,35,玉山-高雄,2023-08-11,8843
2609,陽明,46,13,33,玉山-高雄,2023-08-11,8843
00878,國泰永續高股息,112,79,33,玉山-高雄,2023-08-11,8843
1710,東聯,32,0,32,玉山-高雄,2023-08-11,8843
3374,精材,30,0,30,玉山-高雄,2023-08-11,8843
2601,益航,31,1,30,玉山-高雄,2023-08-11,8843
1217,愛之味,31,2,29,玉山-高雄,2023-08-11,8843
00773B,中信優先金融債,29,0,29,玉山-高雄,2023-08-11,8843
3583,辛耘,59,33,26,玉山-高雄,2023-08-11,8843
2614,東森,25,0,25,玉山-高雄,2023-08-11,8843
00680L,元大美債20正2,27,2,25,玉山-高雄,2023-08-11,8843
1905,華紙,36,12,24,玉山-高雄,2023-08-11,8843
00722B,群益投資級電信債,24,0,24,玉山-高雄,2023-08-11,8843
6240,松崗,24,0,24,玉山-高雄,2023-08-11,8843
3321,同泰,22,0,22,玉山-高雄,2023-08-11,8843
1815,富喬,32,10,22,玉山-高雄,2023-08-11,8843
6269,台郡,20,0,20,玉山-高雄,2023-08-11,8843
00738U,期元大道瓊白銀,20,0,20,玉山-高雄,2023-08-11,8843
3707,漢磊,20,0,20,玉山-高雄,2023-08-11,8843
2027,大成鋼,27,8,19,玉山-高雄,2023-08-11,8843
00795B,中信美國公債20年,19,0,19,玉山-高雄,2023-08-11,8843
2801,彰銀,20,2,18,玉山-高雄,2023-08-11,8843
3483,力致,25,7,18,玉山-高雄,2023-08-11,8843
2745,五福,28,10,18,玉山-高雄,2023-08-11,8843
00929,復華台灣科技優息,748,43,705,玉山-高雄,2023-08-14,8843
00878,國泰永續高股息,556,104,452,玉山-高雄,2023-08-14,8843
2609,陽明,414,44,370,玉山-高雄,2023-08-14,8843
00706L,期元大S＆P日圓正2,241,0,241,玉山-高雄,2023-08-14,8843
00900,富邦特選高股息30,206,13,193,玉山-高雄,2023-08-14,8843
6547,高端疫苗,189,23,166,玉山-高雄,2023-08-14,8843
00753L,中信中國50正2,183,42,141,玉山-高雄,2023-08-14,8843
00712,復華富時不動產,123,4,119,玉山-高雄,2023-08-14,8843
00923,群益台ESG低碳50,118,0,118,玉山-高雄,2023-08-14,8843
2002,中鋼,110,8,102,玉山-高雄,2023-08-14,8843
3231,緯創,248,160,88,玉山-高雄,2023-08-14,8843
00751B,元大AAA至A公司債,88,0,88,玉山-高雄,2023-08-14,8843
2542,興富發,84,3,81,玉山-高雄,2023-08-14,8843
2464,盟立,80,2,78,玉山-高雄,2023-08-14,8843
2027,大成鋼,78,2,76,玉山-高雄,2023-08-14,8843
00688L,國泰20年美債正2,75,0,75,玉山-高雄,2023-08-14,8843
00633L,富邦上証正2,78,10,68,玉山-高雄,2023-08-14,8843
9945,潤泰新,67,1,66,玉山-高雄,2023-08-14,8843
0056,元大高股息,83,20,63,玉山-高雄,2023-08-14,8843
2641,正德,65,2,63,玉山-高雄,2023-08-14,8843
2892,第一金,67,4,63,玉山-高雄,2023-08-14,8843
5328,華容,61,1,60,玉山-高雄,2023-08-14,8843
00882,中信中國高股息,68,9,59,玉山-高雄,2023-08-14,8843
1201,味全,60,2,58,玉山-高雄,2023-08-14,8843
1815,富喬,62,5,57,玉山-高雄,2023-08-14,8843
2618,長榮航,150,95,55,玉山-高雄,2023-08-14,8843
2323,中環,136,81,55,玉山-高雄,2023-08-14,8843
2834,臺企銀,55,0,55,玉山-高雄,2023-08-14,8843
3419,譁裕,51,0,51,玉山-高雄,2023-08-14,8843
8936,國統,104,54,50,玉山-高雄,2023-08-14,8843
1612,宏泰,50,0,50,玉山-高雄,2023-08-14,8843
00772B,中信高評級公司債,59,10,49,玉山-高雄,2023-08-14,8843
3715,定穎投控,50,2,48,玉山-高雄,2023-08-14,8843
2881,富邦金,50,2,48,玉山-高雄,2023-08-14,8843
2023,燁輝,46,0,46,玉山-高雄,2023-08-14,8843
00919,群益台灣精選高息,56,10,46,玉山-高雄,2023-08-14,8843
00931B,統一美債20年,50,5,45,玉山-高雄,2023-08-14,8843
1605,華新,65,21,44,玉山-高雄,2023-08-14,8843
1795,美時,61,16,45,玉山-高雄,2023-08-14,8843
2610,華航,278,233,45,玉山-高雄,2023-08-14,8843
2890,永豐金,67,25,42,玉山-高雄,2023-08-14,8843
0050,元大台灣50,44,2,42,玉山-高雄,2023-08-14,8843
6005,群益證,50,10,40,玉山-高雄,2023-08-14,8843
2344,華邦電,116,76,40,玉山-高雄,2023-08-14,8843
2603,長榮,60,21,39,玉山-高雄,2023-08-14,8843
3706,神達,53,14,39,玉山-高雄,2023-08-14,8843
2313,華通,71,33,38,玉山-高雄,2023-08-14,8843
2867,三商壽,48,10,38,玉山-高雄,2023-08-14,8843
6770,力積電,45,8,37,玉山-高雄,2023-08-14,8843
3052,夆典,36,0,36,玉山-高雄,2023-08-14,8843
00923,群益台ESG低碳50,443,1,442,玉山-高雄,2023-08-15,8843
2317,鴻海,420,14,406,玉山-高雄,2023-08-15,8843
00900,富邦特選高股息30,310,10,300,玉山-高雄,2023-08-15,8843
00929,復華台灣科技優息,248,22,226,玉山-高雄,2023-08-15,8843
2382,廣達,262,108,154,玉山-高雄,2023-08-15,8843
2891,中信金,135,16,119,玉山-高雄,2023-08-15,8843
00751B,元大AAA至A公司債,104,0,104,玉山-高雄,2023-08-15,8843
2537,聯上發,100,0,100,玉山-高雄,2023-08-15,8843
00636,國泰中國A50,96,0,96,玉山-高雄,2023-08-15,8843
2809,京城銀,94,0,94,玉山-高雄,2023-08-15,8843
00706L,期元大S＆P日圓正2,86,0,86,玉山-高雄,2023-08-15,8843
00931B,統一美債20年,87,5,82,玉山-高雄,2023-08-15,8843
2884,玉山金,122,41,81,玉山-高雄,2023-08-15,8843
00878,國泰永續高股息,195,128,67,玉山-高雄,2023-08-15,8843
00632R,元大台灣50反1,86,27,59,玉山-高雄,2023-08-15,8843
2002,中鋼,55,1,54,玉山-高雄,2023-08-15,8843
00680L,元大美債20正2,57,5,52,玉山-高雄,2023-08-15,8843
00772B,中信高評級公司債,50,0,50,玉山-高雄,2023-08-15,8843
2323,中環,143,98,45,玉山-高雄,2023-08-15,8843
3703,欣陸,40,0,40,玉山-高雄,2023-08-15,8843
2834,臺企銀,58,21,37,玉山-高雄,2023-08-15,8843
6770,力積電,41,5,36,玉山-高雄,2023-08-15,8843
00907,永豐優息存股,35,0,35,玉山-高雄,2023-08-15,8843
2027,大成鋼,35,0,35,玉山-高雄,2023-08-15,8843
6139,亞翔,43,8,35,玉山-高雄,2023-08-15,8843
1314,中石化,32,0,32,玉山-高雄,2023-08-15,8843
2201,裕隆,30,2,28,玉山-高雄,2023-08-15,8843
1326,台化,28,0,28,玉山-高雄,2023-08-15,8843
2883,凱基金,102,75,27,玉山-高雄,2023-08-15,8843
00752,中信中國50,30,3,27,玉山-高雄,2023-08-15,8843
2601,益航,28,1,27,玉山-高雄,2023-08-15,8843
00679B,元大美債20年,62,35,27,玉山-高雄,2023-08-15,8843
3231,緯創,189,163,26,玉山-高雄,2023-08-15,8843
00712,復華富時不動產,29,3,26,玉山-高雄,2023-08-15,8843
2344,華邦電,46,21,25,玉山-高雄,2023-08-15,8843
2892,第一金,29,5,24,玉山-高雄,2023-08-15,8843
5880,合庫金,24,0,24,玉山-高雄,2023-08-15,8843
2609,陽明,54,30,24,玉山-高雄,2023-08-15,8843
2885,元大金,31,8,23,玉山-高雄,2023-08-15,8843
6548,長科*,21,0,21,玉山-高雄,2023-08-15,8843
00633L,富邦上証正2,21,0,21,玉山-高雄,2023-08-15,8843
2014,中鴻,24,3,21,玉山-高雄,2023-08-15,8843
2888,新光金,33,13,20,玉山-高雄,2023-08-15,8843
5511,德昌,20,0,20,玉山-高雄,2023-08-15,8843
2101,南港,20,0,20,玉山-高雄,2023-08-15,8843
2356,英業達,86,66,20,玉山-高雄,2023-08-15,8843
2890,永豐金,20,1,19,玉山-高雄,2023-08-15,8843
2547,日勝生,18,0,18,玉山-高雄,2023-08-15,8843
6122,擎邦,17,0,17,玉山-高雄,2023-08-15,8843
6125,廣運,27,10,17,玉山-高雄,2023-08-15,8843
00715L,期街口布蘭特正2,2600,0,2600,玉山-高雄,2023-08-16,8843
00929,復華台灣科技優息,314,49,265,玉山-高雄,2023-08-16,8843
6116,彩晶,252,0,252,玉山-高雄,2023-08-16,8843
2317,鴻海,249,34,215,玉山-高雄,2023-08-16,8843
2834,臺企銀,191,4,187,玉山-高雄,2023-08-16,8843
2891,中信金,186,20,166,玉山-高雄,2023-08-16,8843
00706L,期元大S＆P日圓正2,151,0,151,玉山-高雄,2023-08-16,8843
00712,復華富時不動產,150,6,144,玉山-高雄,2023-08-16,8843
00878,國泰永續高股息,228,87,141,玉山-高雄,2023-08-16,8843
00923,群益台ESG低碳50,136,10,126,玉山-高雄,2023-08-16,8843
2303,聯電,194,74,120,玉山-高雄,2023-08-16,8843
00772B,中信高評級公司債,99,0,99,玉山-高雄,2023-08-16,8843
2884,玉山金,155,68,87,玉山-高雄,2023-08-16,8843
2883,凱基金,99,14,85,玉山-高雄,2023-08-16,8843
00900,富邦特選高股息30,95,11,84,玉山-高雄,2023-08-16,8843
00688L,國泰20年美債正2,81,0,81,玉山-高雄,2023-08-16,8843
00907,永豐優息存股,70,0,70,玉山-高雄,2023-08-16,8843
00664R,國泰臺灣加權反1,65,1,64,玉山-高雄,2023-08-16,8843
2542,興富發,100,41,59,玉山-高雄,2023-08-16,8843
2886,兆豐金,94,36,58,玉山-高雄,2023-08-16,8843
2618,長榮航,141,85,56,玉山-高雄,2023-08-16,8843
3481,群創,72,16,56,玉山-高雄,2023-08-16,8843
3231,緯創,262,210,52,玉山-高雄,2023-08-16,8843
2002,中鋼,92,40,52,玉山-高雄,2023-08-16,8843
2537,聯上發,50,0,50,玉山-高雄,2023-08-16,8843
00753L,中信中國50正2,100,50,50,玉山-高雄,2023-08-16,8843
1402,遠東新,156,107,49,玉山-高雄,2023-08-16,8843
00751B,元大AAA至A公司債,48,0,48,玉山-高雄,2023-08-16,8843
2801,彰銀,50,7,43,玉山-高雄,2023-08-16,8843
2104,國際中橡,43,0,43,玉山-高雄,2023-08-16,8843
2880,華南金,43,1,42,玉山-高雄,2023-08-16,8843
1326,台化,42,0,42,玉山-高雄,2023-08-16,8843
6177,達麗,40,0,40,玉山-高雄,2023-08-16,8843
8936,國統,50,10,40,玉山-高雄,2023-08-16,8843
00888,永豐台灣ESG,40,0,40,玉山-高雄,2023-08-16,8843
2610,華航,88,49,39,玉山-高雄,2023-08-16,8843
00795B,中信美國公債20年,39,1,38,玉山-高雄,2023-08-16,8843
00931B,統一美債20年,43,7,36,玉山-高雄,2023-08-16,8843
2609,陽明,74,38,36,玉山-高雄,2023-08-16,8843
2890,永豐金,37,2,35,玉山-高雄,2023-08-16,8843
00687B,國泰20年美債,28,0,28,玉山-高雄,2023-08-16,8843
2885,元大金,34,7,27,玉山-高雄,2023-08-16,8843
2329,華泰,252,227,25,玉山-高雄,2023-08-16,8843
00720B,元大投資級公司債,25,0,25,玉山-高雄,2023-08-16,8843
00922,國泰台灣領袖50,27,3,24,玉山-高雄,2023-08-16,8843
1513,中興電,32,8,24,玉山-高雄,2023-08-16,8843
3303,岱稜,23,0,23,玉山-高雄,2023-08-16,8843
2363,矽統,65,43,22,玉山-高雄,2023-08-16,8843
8069,元太,34,12,22,玉山-高雄,2023-08-16,8843
1101,台泥,51,30,21,玉山-高雄,2023-08-16,8843
00929,復華台灣科技優息,263,60,203,玉山-高雄,2023-08-17,8843
2891,中信金,185,25,160,玉山-高雄,2023-08-17,8843
00706L,期元大S＆P日圓正2,193,40,153,玉山-高雄,2023-08-17,8843
3231,緯創,372,239,133,玉山-高雄,2023-08-17,8843
2324,仁寶,376,265,111,玉山-高雄,2023-08-17,8843
2883,凱基金,119,9,110,玉山-高雄,2023-08-17,8843
00688L,國泰20年美債正2,110,0,110,玉山-高雄,2023-08-17,8843
1609,大亞,112,27,85,玉山-高雄,2023-08-17,8843
1314,中石化,86,2,84,玉山-高雄,2023-08-17,8843
2884,玉山金,119,42,77,玉山-高雄,2023-08-17,8843
00720B,元大投資級公司債,83,6,77,玉山-高雄,2023-08-17,8843
3105,穩懋,88,14,74,玉山-高雄,2023-08-17,8843
1301,台塑,77,3,74,玉山-高雄,2023-08-17,8843
00931B,統一美債20年,72,1,71,玉山-高雄,2023-08-17,8843
2915,潤泰全,71,0,71,玉山-高雄,2023-08-17,8843
00753L,中信中國50正2,137,66,71,玉山-高雄,2023-08-17,8843
2344,華邦電,63,1,62,玉山-高雄,2023-08-17,8843
00680L,元大美債20正2,56,2,54,玉山-高雄,2023-08-17,8843
00751B,元大AAA至A公司債,52,0,52,玉山-高雄,2023-08-17,8843
00772B,中信高評級公司債,66,15,51,玉山-高雄,2023-08-17,8843
2002,中鋼,83,36,47,玉山-高雄,2023-08-17,8843
6139,亞翔,50,4,46,玉山-高雄,2023-08-17,8843
2885,元大金,47,5,42,玉山-高雄,2023-08-17,8843
3052,夆典,41,0,41,玉山-高雄,2023-08-17,8843
2888,新光金,41,7,34,玉山-高雄,2023-08-17,8843
00637L,元大滬深300正2,59,26,33,玉山-高雄,2023-08-17,8843
2892,第一金,36,4,32,玉山-高雄,2023-08-17,8843
0050,元大台灣50,32,3,29,玉山-高雄,2023-08-17,8843
00687B,國泰20年美債,30,1,29,玉山-高雄,2023-08-17,8843
1303,南亞,28,0,28,玉山-高雄,2023-08-17,8843
6111,大宇資,27,0,27,玉山-高雄,2023-08-17,8843
2886,兆豐金,32,5,27,玉山-高雄,2023-08-17,8843
00738U,期元大道瓊白銀,25,0,25,玉山-高雄,2023-08-17,8843
9950,萬國通,22,0,22,玉山-高雄,2023-08-17,8843
1504,東元,22,1,21,玉山-高雄,2023-08-17,8843
5880,合庫金,28,8,20,玉山-高雄,2023-08-17,8843
9933,中鼎,20,0,20,玉山-高雄,2023-08-17,8843
00893,國泰智能電動車,29,10,19,玉山-高雄,2023-08-17,8843
00725B,國泰投資級公司債,21,2,19,玉山-高雄,2023-08-17,8843
9945,潤泰新,22,3,19,玉山-高雄,2023-08-17,8843
00919,群益台灣精選高息,44,25,19,玉山-高雄,2023-08-17,8843
2834,臺企銀,20,2,18,玉山-高雄,2023-08-17,8843
00722B,群益投資級電信債,17,0,17,玉山-高雄,2023-08-17,8843
3325,旭品,23,6,17,玉山-高雄,2023-08-17,8843
2880,華南金,17,0,17,玉山-高雄,2023-08-17,8843
2421,建準,65,49,16,玉山-高雄,2023-08-17,8843
2409,友達,26,10,16,玉山-高雄,2023-08-17,8843
00664R,國泰臺灣加權反1,20,5,15,玉山-高雄,2023-08-17,8843
2382,廣達,112,98,14,玉山-高雄,2023-08-17,8843
8093,保銳,14,0,14,玉山-高雄,2023-08-17,8843
00632R,元大台灣50反1,951,32,919,玉山-高雄,2023-08-18,8843
00929,復華台灣科技優息,581,31,550,玉山-高雄,2023-08-18,8843
2382,廣達,379,112,267,玉山-高雄,2023-08-18,8843
2888,新光金,212,16,196,玉山-高雄,2023-08-18,8843
00885,富邦越南,187,25,162,玉山-高雄,2023-08-18,8843
3231,緯創,403,284,119,玉山-高雄,2023-08-18,8843
6125,廣運,148,34,114,玉山-高雄,2023-08-18,8843
2356,英業達,206,121,85,玉山-高雄,2023-08-18,8843
3078,僑威,120,35,85,玉山-高雄,2023-08-18,8843
00900,富邦特選高股息30,85,4,81,玉山-高雄,2023-08-18,8843
4414,如興,80,0,80,玉山-高雄,2023-08-18,8843
1519,華城,94,18,76,玉山-高雄,2023-08-18,8843
2884,玉山金,90,17,73,玉山-高雄,2023-08-18,8843
3035,智原,98,26,72,玉山-高雄,2023-08-18,8843
1708,東鹼,80,9,71,玉山-高雄,2023-08-18,8843
2637,慧洋-KY,130,60,70,玉山-高雄,2023-08-18,8843
2313,華通,83,17,66,玉山-高雄,2023-08-18,8843
2324,仁寶,224,158,66,玉山-高雄,2023-08-18,8843
00720B,元大投資級公司債,57,0,57,玉山-高雄,2023-08-18,8843
2303,聯電,62,7,55,玉山-高雄,2023-08-18,8843
3704,合勤控,52,3,49,玉山-高雄,2023-08-18,8843
2883,凱基金,58,13,45,玉山-高雄,2023-08-18,8843
00679B,元大美債20年,48,7,41,玉山-高雄,2023-08-18,8843
2610,華航,65,27,38,玉山-高雄,2023-08-18,8843
00722B,群益投資級電信債,36,0,36,玉山-高雄,2023-08-18,8843
00919,群益台灣精選高息,68,33,35,玉山-高雄,2023-08-18,8843
1504,東元,44,9,35,玉山-高雄,2023-08-18,8843
2812,台中銀,34,1,33,玉山-高雄,2023-08-18,8843
2363,矽統,182,150,32,玉山-高雄,2023-08-18,8843
00931B,統一美債20年,30,0,30,玉山-高雄,2023-08-18,8843
2413,環科,30,0,30,玉山-高雄,2023-08-18,8843
3056,富華新,38,9,29,玉山-高雄,2023-08-18,8843
00878,國泰永續高股息,141,112,29,玉山-高雄,2023-08-18,8843
2886,兆豐金,32,5,27,玉山-高雄,2023-08-18,8843
6462,神盾,26,0,26,玉山-高雄,2023-08-18,8843
2330,台積電,26,0,26,玉山-高雄,2023-08-18,8843
6535,順藥,25,0,25,玉山-高雄,2023-08-18,8843
8069,元太,29,7,22,玉山-高雄,2023-08-18,8843
2388,威盛,29,8,21,玉山-高雄,2023-08-18,8843
6841,長佳智能,21,0,21,玉山-高雄,2023-08-18,8843
6116,彩晶,21,0,21,玉山-高雄,2023-08-18,8843
00772B,中信高評級公司債,24,3,21,玉山-高雄,2023-08-18,8843
2329,華泰,349,329,20,玉山-高雄,2023-08-18,8843
6285,啟��,24,5,19,玉山-高雄,2023-08-18,8843
00664R,國泰臺灣加權反1,20,1,19,玉山-高雄,2023-08-18,8843
2409,友達,23,5,18,玉山-高雄,2023-08-18,8843
00888,永豐台灣ESG,17,0,17,玉山-高雄,2023-08-18,8843
00882,中信中國高股息,35,18,17,玉山-高雄,2023-08-18,8843
00725B,國泰投資級公司債,16,0,16,玉山-高雄,2023-08-18,8843
6005,群益證,16,0,16,玉山-高雄,2023-08-18,8843
2618,長榮航,427,126,301,玉山-高雄,2023-08-21,8843
2382,廣達,246,41,205,玉山-高雄,2023-08-21,8843
2891,中信金,214,25,189,玉山-高雄,2023-08-21,8843
00650L,復華香港正2,153,0,153,玉山-高雄,2023-08-21,8843
00931B,統一美債20年,108,0,108,玉山-高雄,2023-08-21,8843
00929,復華台灣科技優息,127,38,89,玉山-高雄,2023-08-21,8843
00665L,富邦�琤肭磪囓�2,130,44,86,玉山-高雄,2023-08-21,8843
00753L,中信中國50正2,141,64,77,玉山-高雄,2023-08-21,8843
2542,興富發,75,0,75,玉山-高雄,2023-08-21,8843
00637L,元大滬深300正2,146,74,72,玉山-高雄,2023-08-21,8843
4934,太極,65,6,59,玉山-高雄,2023-08-21,8843
5469,瀚宇博,72,23,49,玉山-高雄,2023-08-21,8843
2027,大成鋼,47,0,47,玉山-高雄,2023-08-21,8843
00751B,元大AAA至A公司債,42,0,42,玉山-高雄,2023-08-21,8843
6139,亞翔,71,32,39,玉山-高雄,2023-08-21,8843
00712,復華富時不動產,44,7,37,玉山-高雄,2023-08-21,8843
00687B,國泰20年美債,37,0,37,玉山-高雄,2023-08-21,8843
6116,彩晶,41,5,36,玉山-高雄,2023-08-21,8843
2329,華泰,118,83,35,玉山-高雄,2023-08-21,8843
00919,群益台灣精選高息,33,3,30,玉山-高雄,2023-08-21,8843
8936,國統,30,0,30,玉山-高雄,2023-08-21,8843
6770,力積電,29,0,29,玉山-高雄,2023-08-21,8843
00772B,中信高評級公司債,33,5,28,玉山-高雄,2023-08-21,8843
00720B,元大投資級公司債,26,0,26,玉山-高雄,2023-08-21,8843
1314,中石化,25,0,25,玉山-高雄,2023-08-21,8843
2344,華邦電,26,1,25,玉山-高雄,2023-08-21,8843
2014,中鴻,24,0,24,玉山-高雄,2023-08-21,8843
2610,華航,74,51,23,玉山-高雄,2023-08-21,8843
2002,中鋼,28,6,22,玉山-高雄,2023-08-21,8843
2606,裕民,33,11,22,玉山-高雄,2023-08-21,8843
00679B,元大美債20年,68,47,21,玉山-高雄,2023-08-21,8843
2353,宏��,53,32,21,玉山-高雄,2023-08-21,8843
4174,浩鼎,20,0,20,玉山-高雄,2023-08-21,8843
2462,良得電,20,0,20,玉山-高雄,2023-08-21,8843
1303,南亞,41,22,19,玉山-高雄,2023-08-21,8843
5439,高技,20,1,19,玉山-高雄,2023-08-21,8843
6109,亞元,19,0,19,玉山-高雄,2023-08-21,8843
2611,志信,18,0,18,玉山-高雄,2023-08-21,8843
1101,台泥,20,2,18,玉山-高雄,2023-08-21,8843
0050,元大台灣50,17,0,17,玉山-高雄,2023-08-21,8843
2537,聯上發,17,0,17,玉山-高雄,2023-08-21,8843
2886,兆豐金,24,7,17,玉山-高雄,2023-08-21,8843
2324,仁寶,59,44,15,玉山-高雄,2023-08-21,8843
00680L,元大美債20正2,15,0,15,玉山-高雄,2023-08-21,8843
8358,金居,29,14,15,玉山-高雄,2023-08-21,8843
2301,光寶科,34,20,14,玉山-高雄,2023-08-21,8843
3306,鼎天,25,11,14,玉山-高雄,2023-08-21,8843
6176,瑞儀,14,1,13,玉山-高雄,2023-08-21,8843
2330,台積電,18,5,13,玉山-高雄,2023-08-21,8843
3567,逸昌,14,1,13,玉山-高雄,2023-08-21,8843
2363,矽統,1282,468,814,玉山-高雄,2023-08-22,8843
3163,波若威,452,23,429,玉山-高雄,2023-08-22,8843
2891,中信金,277,11,266,玉山-高雄,2023-08-22,8843
2886,兆豐金,223,6,217,玉山-高雄,2023-08-22,8843
00923,群益台ESG低碳50,112,6,106,玉山-高雄,2023-08-22,8843
00929,復華台灣科技優息,189,89,100,玉山-高雄,2023-08-22,8843
2884,玉山金,90,14,76,玉山-高雄,2023-08-22,8843
2002,中鋼,63,0,63,玉山-高雄,2023-08-22,8843
2324,仁寶,160,103,57,玉山-高雄,2023-08-22,8843
00715L,期街口布蘭特正2,58,1,57,玉山-高雄,2023-08-22,8843
6125,廣運,106,53,53,玉山-高雄,2023-08-22,8843
2897,王道銀行,54,4,50,玉山-高雄,2023-08-22,8843
3706,神達,80,36,44,玉山-高雄,2023-08-22,8843
2027,大成鋼,43,0,43,玉山-高雄,2023-08-22,8843
00679B,元大美債20年,54,11,43,玉山-高雄,2023-08-22,8843
00680L,元大美債20正2,41,1,40,玉山-高雄,2023-08-22,8843
2382,廣達,149,114,35,玉山-高雄,2023-08-22,8843
3051,力特,68,40,28,玉山-高雄,2023-08-22,8843
00753L,中信中國50正2,48,20,28,玉山-高雄,2023-08-22,8843
00633L,富邦上証正2,30,2,28,玉山-高雄,2023-08-22,8843
00931B,統一美債20年,28,0,28,玉山-高雄,2023-08-22,8843
00637L,元大滬深300正2,93,66,27,玉山-高雄,2023-08-22,8843
00687B,國泰20年美債,27,0,27,玉山-高雄,2023-08-22,8843
2883,凱基金,47,20,27,玉山-高雄,2023-08-22,8843
2314,台揚,26,0,26,玉山-高雄,2023-08-22,8843
00720B,元大投資級公司債,35,10,25,玉山-高雄,2023-08-22,8843
2344,華邦電,32,8,24,玉山-高雄,2023-08-22,8843
2356,英業達,77,54,23,玉山-高雄,2023-08-22,8843
8936,國統,23,0,23,玉山-高雄,2023-08-22,8843
00888,永豐台灣ESG,22,0,22,玉山-高雄,2023-08-22,8843
2409,友達,25,3,22,玉山-高雄,2023-08-22,8843
00795B,中信美國公債20年,22,0,22,玉山-高雄,2023-08-22,8843
5452,佶優,32,10,22,玉山-高雄,2023-08-22,8843
00712,復華富時不動產,32,11,21,玉山-高雄,2023-08-22,8843
2882,國泰金,20,0,20,玉山-高雄,2023-08-22,8843
2748,雲品,21,1,20,玉山-高雄,2023-08-22,8843
00903,富邦元宇宙,20,0,20,玉山-高雄,2023-08-22,8843
6005,群益證,20,0,20,玉山-高雄,2023-08-22,8843
9919,康那香,20,0,20,玉山-高雄,2023-08-22,8843
3588,通嘉,20,0,20,玉山-高雄,2023-08-22,8843
1101,台泥,20,1,19,玉山-高雄,2023-08-22,8843
6275,元山,23,4,19,玉山-高雄,2023-08-22,8843
00688L,國泰20年美債正2,20,1,19,玉山-高雄,2023-08-22,8843
1301,台塑,19,0,19,玉山-高雄,2023-08-22,8843
1905,華紙,20,2,18,玉山-高雄,2023-08-22,8843
2421,建準,63,46,17,玉山-高雄,2023-08-22,8843
1303,南亞,31,14,17,玉山-高雄,2023-08-22,8843
4906,正文,22,5,17,玉山-高雄,2023-08-22,8843
3032,偉訓,24,7,17,玉山-高雄,2023-08-22,8843
2460,建通,17,0,17,玉山-高雄,2023-08-22,8843
3035,智原,185,31,154,玉山-高雄,2023-08-23,8843
2618,長榮航,335,185,150,玉山-高雄,2023-08-23,8843
00706L,期元大S＆P日圓正2,106,0,106,玉山-高雄,2023-08-23,8843
00929,復華台灣科技優息,188,87,101,玉山-高雄,2023-08-23,8843
3078,僑威,91,6,85,玉山-高雄,2023-08-23,8843
2344,華邦電,103,28,75,玉山-高雄,2023-08-23,8843
2387,精元,69,1,68,玉山-高雄,2023-08-23,8843
2382,廣達,166,116,50,玉山-高雄,2023-08-23,8843
2886,兆豐金,54,8,46,玉山-高雄,2023-08-23,8843
3036,文曄,46,2,44,玉山-高雄,2023-08-23,8843
2002,中鋼,46,2,44,玉山-高雄,2023-08-23,8843
2884,玉山金,44,2,42,玉山-高雄,2023-08-23,8843
00715L,期街口布蘭特正2,42,0,42,玉山-高雄,2023-08-23,8843
9919,康那香,40,0,40,玉山-高雄,2023-08-23,8843
3088,艾訊,39,0,39,玉山-高雄,2023-08-23,8843
2610,華航,65,27,38,玉山-高雄,2023-08-23,8843
4906,正文,76,40,36,玉山-高雄,2023-08-23,8843
6177,達麗,30,2,28,玉山-高雄,2023-08-23,8843
8070,長華*,30,3,27,玉山-高雄,2023-08-23,8843
1314,中石化,26,0,26,玉山-高雄,2023-08-23,8843
1905,華紙,37,12,25,玉山-高雄,2023-08-23,8843
3051,力特,55,30,25,玉山-高雄,2023-08-23,8843
2409,友達,24,0,24,玉山-高雄,2023-08-23,8843
2329,華泰,51,30,21,玉山-高雄,2023-08-23,8843
00720B,元大投資級公司債,20,0,20,玉山-高雄,2023-08-23,8843
2014,中鴻,29,9,20,玉山-高雄,2023-08-23,8843
2303,聯電,25,6,19,玉山-高雄,2023-08-23,8843
00895,富邦未來車,19,0,19,玉山-高雄,2023-08-23,8843
6664,群翊,19,0,19,玉山-高雄,2023-08-23,8843
6274,台燿,35,17,18,玉山-高雄,2023-08-23,8843
2385,群光,20,2,18,玉山-高雄,2023-08-23,8843
4746,台耀,24,6,18,玉山-高雄,2023-08-23,8843
00679B,元大美債20年,18,0,18,玉山-高雄,2023-08-23,8843
5880,合庫金,18,0,18,玉山-高雄,2023-08-23,8843
2421,建準,37,21,16,玉山-高雄,2023-08-23,8843
8358,金居,25,11,14,玉山-高雄,2023-08-23,8843
2301,光寶科,47,34,13,玉山-高雄,2023-08-23,8843
3013,晟銘電,112,99,13,玉山-高雄,2023-08-23,8843
3702,大聯大,24,12,12,玉山-高雄,2023-08-23,8843
3071,協禧,31,19,12,玉山-高雄,2023-08-23,8843
2812,台中銀,12,0,12,玉山-高雄,2023-08-23,8843
2314,台揚,12,0,12,玉山-高雄,2023-08-23,8843
2607,榮運,12,0,12,玉山-高雄,2023-08-23,8843
2324,仁寶,34,22,12,玉山-高雄,2023-08-23,8843
6185,幃翔,12,0,12,玉山-高雄,2023-08-23,8843
5284,jpp-KY,14,3,11,玉山-高雄,2023-08-23,8843
2882,國泰金,11,0,11,玉山-高雄,2023-08-23,8843
00725B,國泰投資級公司債,11,0,11,玉山-高雄,2023-08-23,8843
6282,康舒,90,79,11,玉山-高雄,2023-08-23,8843
2880,華南金,11,1,10,玉山-高雄,2023-08-23,8843
00715L,期街口布蘭特正2,1811,11,1800,玉山-高雄,2023-08-24,8843
00632R,元大台灣50反1,1619,422,1197,玉山-高雄,2023-08-24,8843
2890,永豐金,251,5,246,玉山-高雄,2023-08-24,8843
00907,永豐優息存股,154,0,154,玉山-高雄,2023-08-24,8843
2206,三陽工業,102,17,85,玉山-高雄,2023-08-24,8843
3231,緯創,506,428,78,玉山-高雄,2023-08-24,8843
2883,凱基金,95,28,67,玉山-高雄,2023-08-24,8843
2888,新光金,65,0,65,玉山-高雄,2023-08-24,8843
00919,群益台灣精選高息,87,25,62,玉山-高雄,2023-08-24,8843
8927,北基,71,13,58,玉山-高雄,2023-08-24,8843
2002,中鋼,58,3,55,玉山-高雄,2023-08-24,8843
2387,精元,54,5,49,玉山-高雄,2023-08-24,8843
00673R,期元大S＆P原油反1,60,14,46,玉山-高雄,2023-08-24,8843
2419,仲琦,89,45,44,玉山-高雄,2023-08-24,8843
2886,兆豐金,62,21,41,玉山-高雄,2023-08-24,8843
2882,國泰金,81,40,41,玉山-高雄,2023-08-24,8843
2618,長榮航,251,211,40,玉山-高雄,2023-08-24,8843
2421,建準,92,55,37,玉山-高雄,2023-08-24,8843
2609,陽明,53,16,37,玉山-高雄,2023-08-24,8843
6203,海韻電,35,0,35,玉山-高雄,2023-08-24,8843
6198,瑞築,32,0,32,玉山-高雄,2023-08-24,8843
2887,台新金,31,0,31,玉山-高雄,2023-08-24,8843
2317,鴻海,68,37,31,玉山-高雄,2023-08-24,8843
9934,成霖,30,0,30,玉山-高雄,2023-08-24,8843
00687B,國泰20年美債,37,7,30,玉山-高雄,2023-08-24,8843
6285,啟��,72,43,29,玉山-高雄,2023-08-24,8843
1605,華新,30,3,27,玉山-高雄,2023-08-24,8843
8093,保銳,26,0,26,玉山-高雄,2023-08-24,8843
00637L,元大滬深300正2,70,47,23,玉山-高雄,2023-08-24,8843
4535,至興,24,1,23,玉山-高雄,2023-08-24,8843
2637,慧洋-KY,20,0,20,玉山-高雄,2023-08-24,8843
3041,揚智,20,0,20,玉山-高雄,2023-08-24,8843
3308,聯德,30,10,20,玉山-高雄,2023-08-24,8843
6104,創惟,26,6,20,玉山-高雄,2023-08-24,8843
00679B,元大美債20年,21,2,19,玉山-高雄,2023-08-24,8843
00900,富邦特選高股息30,37,18,19,玉山-高雄,2023-08-24,8843
2615,萬海,21,3,18,玉山-高雄,2023-08-24,8843
6155,鈞寶,18,0,18,玉山-高雄,2023-08-24,8843
6418,詠昇,20,2,18,玉山-高雄,2023-08-24,8843
6177,達麗,18,0,18,玉山-高雄,2023-08-24,8843
2316,楠梓電,20,3,17,玉山-高雄,2023-08-24,8843
6188,廣明,32,16,16,玉山-高雄,2023-08-24,8843
3305,昇貿,27,12,15,玉山-高雄,2023-08-24,8843
00664R,國泰臺灣加權反1,15,0,15,玉山-高雄,2023-08-24,8843
00764B,群益25年美債,15,0,15,玉山-高雄,2023-08-24,8843
00882,中信中國高股息,17,3,14,玉山-高雄,2023-08-24,8843
4542,科嶠,14,0,14,玉山-高雄,2023-08-24,8843
6185,幃翔,23,9,14,玉山-高雄,2023-08-24,8843
2027,大成鋼,13,0,13,玉山-高雄,2023-08-24,8843
8027,鈦昇,20,7,13,玉山-高雄,2023-08-24,8843
3231,緯創,822,160,662,玉山-高雄,2023-08-25,8843
00878,國泰永續高股息,373,82,291,玉山-高雄,2023-08-25,8843
00706L,期元大S＆P日圓正2,205,0,205,玉山-高雄,2023-08-25,8843
00919,群益台灣精選高息,152,4,148,玉山-高雄,2023-08-25,8843
2618,長榮航,460,330,130,玉山-高雄,2023-08-25,8843
00929,復華台灣科技優息,181,52,129,玉山-高雄,2023-08-25,8843
2303,聯電,91,6,85,玉山-高雄,2023-08-25,8843
00907,永豐優息存股,65,0,65,玉山-高雄,2023-08-25,8843
00900,富邦特選高股息30,66,2,64,玉山-高雄,2023-08-25,8843
00753L,中信中國50正2,257,200,57,玉山-高雄,2023-08-25,8843
0056,元大高股息,53,1,52,玉山-高雄,2023-08-25,8843
2002,中鋼,50,4,46,玉山-高雄,2023-08-25,8843
1304,台聚,50,5,45,玉山-高雄,2023-08-25,8843
2722,夏都,41,0,41,玉山-高雄,2023-08-25,8843
2353,宏��,57,17,40,玉山-高雄,2023-08-25,8843
2329,華泰,54,18,36,玉山-高雄,2023-08-25,8843
9904,寶成,36,0,36,玉山-高雄,2023-08-25,8843
2449,京元電子,89,54,35,玉山-高雄,2023-08-25,8843
2834,臺企銀,32,0,32,玉山-高雄,2023-08-25,8843
2634,漢翔,86,56,30,玉山-高雄,2023-08-25,8843
2610,華航,77,47,30,玉山-高雄,2023-08-25,8843
00665L,富邦�琤肭磪囓�2,30,0,30,玉山-高雄,2023-08-25,8843
3041,揚智,32,3,29,玉山-高雄,2023-08-25,8843
2812,台中銀,30,1,29,玉山-高雄,2023-08-25,8843
00893,國泰智能電動車,28,0,28,玉山-高雄,2023-08-25,8843
5876,上海商銀,26,0,26,玉山-高雄,2023-08-25,8843
2330,台積電,26,1,25,玉山-高雄,2023-08-25,8843
2884,玉山金,49,24,25,玉山-高雄,2023-08-25,8843
8070,長華*,25,0,25,玉山-高雄,2023-08-25,8843
3037,欣興,36,11,25,玉山-高雄,2023-08-25,8843
6282,康舒,45,21,24,玉山-高雄,2023-08-25,8843
00881,國泰台灣5G+,25,1,24,玉山-高雄,2023-08-25,8843
2743,山富,30,6,24,玉山-高雄,2023-08-25,8843
4979,華星光,31,9,22,玉山-高雄,2023-08-25,8843
2354,鴻準,23,1,22,玉山-高雄,2023-08-25,8843
6203,海韻電,21,0,21,玉山-高雄,2023-08-25,8843
4906,正文,87,67,20,玉山-高雄,2023-08-25,8843
2308,台達電,18,0,18,玉山-高雄,2023-08-25,8843
2301,光寶科,40,21,19,玉山-高雄,2023-08-25,8843
3056,富華新,23,5,18,玉山-高雄,2023-08-25,8843
2891,中信金,41,25,16,玉山-高雄,2023-08-25,8843
00931B,統一美債20年,16,0,16,玉山-高雄,2023-08-25,8843
2883,凱基金,48,32,16,玉山-高雄,2023-08-25,8843
6170,統振,18,2,16,玉山-高雄,2023-08-25,8843
00713,元大台灣高息低波,16,1,15,玉山-高雄,2023-08-25,8843
00923,群益台ESG低碳50,16,1,15,玉山-高雄,2023-08-25,8843
1325,恆大,15,0,15,玉山-高雄,2023-08-25,8843
2534,宏盛,15,0,15,玉山-高雄,2023-08-25,8843
2892,第一金,15,0,15,玉山-高雄,2023-08-25,8843
00888,永豐台灣ESG,14,0,14,玉山-高雄,2023-08-25,8843
2363,矽統,1072,133,939,玉山-高雄,2023-08-28,8843
2303,聯電,708,168,540,玉山-高雄,2023-08-28,8843
00929,復華台灣科技優息,499,50,449,玉山-高雄,2023-08-28,8843
00878,國泰永續高股息,304,111,193,玉山-高雄,2023-08-28,8843
3710,連展投控,143,0,143,玉山-高雄,2023-08-28,8843
00882,中信中國高股息,103,4,99,玉山-高雄,2023-08-28,8843
2634,漢翔,164,73,91,玉山-高雄,2023-08-28,8843
3231,緯創,262,177,85,玉山-高雄,2023-08-28,8843
1519,華城,80,11,69,玉山-高雄,2023-08-28,8843
3567,逸昌,71,2,69,玉山-高雄,2023-08-28,8843
4906,正文,119,66,53,玉山-高雄,2023-08-28,8843
00706L,期元大S＆P日圓正2,50,0,50,玉山-高雄,2023-08-28,8843
00919,群益台灣精選高息,48,0,48,玉山-高雄,2023-08-28,8843
2323,中環,49,1,48,玉山-高雄,2023-08-28,8843
1815,富喬,44,0,44,玉山-高雄,2023-08-28,8843
2312,金寶,52,9,43,玉山-高雄,2023-08-28,8843
00636,國泰中國A50,33,0,33,玉山-高雄,2023-08-28,8843
2441,超豐,33,0,33,玉山-高雄,2023-08-28,8843
2645,長榮航太,58,25,33,玉山-高雄,2023-08-28,8843
3078,僑威,34,3,31,玉山-高雄,2023-08-28,8843
2889,國票金,30,0,30,玉山-高雄,2023-08-28,8843
4542,科嶠,35,5,30,玉山-高雄,2023-08-28,8843
2462,良得電,30,0,30,玉山-高雄,2023-08-28,8843
2887,台新金,34,7,27,玉山-高雄,2023-08-28,8843
2353,宏��,42,18,24,玉山-高雄,2023-08-28,8843
2301,光寶科,34,11,23,玉山-高雄,2023-08-28,8843
2838,聯邦銀,23,0,23,玉山-高雄,2023-08-28,8843
2610,華航,74,51,23,玉山-高雄,2023-08-28,8843
2317,鴻海,30,8,22,玉山-高雄,2023-08-28,8843
3665,貿聯-KY,22,1,21,玉山-高雄,2023-08-28,8843
2388,威盛,33,12,21,玉山-高雄,2023-08-28,8843
8033,雷虎,33,12,21,玉山-高雄,2023-08-28,8843
3052,夆典,21,0,21,玉山-高雄,2023-08-28,8843
5381,合正,27,7,20,玉山-高雄,2023-08-28,8843
00850,元大臺灣ESG永續,20,1,19,玉山-高雄,2023-08-28,8843
3037,欣興,24,6,18,玉山-高雄,2023-08-28,8843
6415,矽力*-KY,26,9,17,玉山-高雄,2023-08-28,8843
00887,永豐中國科技50大,17,0,17,玉山-高雄,2023-08-28,8843
5009,榮剛,17,1,16,玉山-高雄,2023-08-28,8843
00671R,富邦NASDAQ反1,16,0,16,玉山-高雄,2023-08-28,8843
2421,建準,47,31,16,玉山-高雄,2023-08-28,8843
9951,皇田,15,0,15,玉山-高雄,2023-08-28,8843
00773B,中信優先金融債,15,0,15,玉山-高雄,2023-08-28,8843
2352,佳世達,17,2,15,玉山-高雄,2023-08-28,8843
6203,海韻電,15,1,14,玉山-高雄,2023-08-28,8843
8201,無敵,16,2,14,玉山-高雄,2023-08-28,8843
5706,鳳凰,17,3,14,玉山-高雄,2023-08-28,8843
8210,勤誠,19,5,14,玉山-高雄,2023-08-28,8843
2356,英業達,65,51,14,玉山-高雄,2023-08-28,8843
8163,達方,13,0,13,玉山-高雄,2023-08-28,8843
00632R,元大台灣50反1,540,1,539,玉山-高雄,2023-08-29,8843
2303,聯電,303,36,267,玉山-高雄,2023-08-29,8843
00929,復華台灣科技優息,245,11,234,玉山-高雄,2023-08-29,8843
8927,北基,221,2,219,玉山-高雄,2023-08-29,8843
00919,群益台灣精選高息,174,9,165,玉山-高雄,2023-08-29,8843
2834,臺企銀,99,5,94,玉山-高雄,2023-08-29,8843
00878,國泰永續高股息,101,28,73,玉山-高雄,2023-08-29,8843
2801,彰銀,64,0,64,玉山-高雄,2023-08-29,8843
3051,力特,96,33,63,玉山-高雄,2023-08-29,8843
2002,中鋼,68,11,57,玉山-高雄,2023-08-29,8843
3041,揚智,50,0,50,玉山-高雄,2023-08-29,8843
00927,群益半導體收益,40,0,40,玉山-高雄,2023-08-29,8843
00882,中信中國高股息,37,3,34,玉山-高雄,2023-08-29,8843
3704,合勤控,34,0,34,玉山-高雄,2023-08-29,8843
6443,元晶,46,15,31,玉山-高雄,2023-08-29,8843
2104,國際中橡,30,0,30,玉山-高雄,2023-08-29,8843
2331,精英,81,51,30,玉山-高雄,2023-08-29,8843
6167,久正,35,6,29,玉山-高雄,2023-08-29,8843
00722B,群益投資級電信債,28,0,28,玉山-高雄,2023-08-29,8843
2317,鴻海,49,22,27,玉山-高雄,2023-08-29,8843
0056,元大高股息,31,4,27,玉山-高雄,2023-08-29,8843
00638R,元大滬深300反1,25,0,25,玉山-高雄,2023-08-29,8843
3011,今皓,26,2,24,玉山-高雄,2023-08-29,8843
3021,鴻名,24,0,24,玉山-高雄,2023-08-29,8843
2352,佳世達,23,1,22,玉山-高雄,2023-08-29,8843
2883,凱基金,34,12,22,玉山-高雄,2023-08-29,8843
3052,夆典,22,0,22,玉山-高雄,2023-08-29,8843
8222,寶一,47,26,21,玉山-高雄,2023-08-29,8843
2312,金寶,17,0,17,玉山-高雄,2023-08-29,8843
00902,中信電池及儲能,25,9,16,玉山-高雄,2023-08-29,8843
3706,神達,18,2,16,玉山-高雄,2023-08-29,8843
8033,雷虎,20,4,16,玉山-高雄,2023-08-29,8843
4414,如興,20,5,15,玉山-高雄,2023-08-29,8843
2888,新光金,19,5,14,玉山-高雄,2023-08-29,8843
2409,友達,14,0,14,玉山-高雄,2023-08-29,8843
2324,仁寶,24,11,13,玉山-高雄,2023-08-29,8843
2014,中鴻,13,0,13,玉山-高雄,2023-08-29,8843
3711,日月光投控,23,11,12,玉山-高雄,2023-08-29,8843
6517,保勝光學,12,0,12,玉山-高雄,2023-08-29,8843
3037,欣興,50,38,12,玉山-高雄,2023-08-29,8843
3231,緯創,143,131,12,玉山-高雄,2023-08-29,8843
2630,亞航,43,32,11,玉山-高雄,2023-08-29,8843
1708,東鹼,14,3,11,玉山-高雄,2023-08-29,8843
00725B,國泰投資級公司債,10,0,10,玉山-高雄,2023-08-29,8843
00922,國泰台灣領袖50,10,0,10,玉山-高雄,2023-08-29,8843
6142,友勁,10,0,10,玉山-高雄,2023-08-29,8843
3588,通嘉,11,1,10,玉山-高雄,2023-08-29,8843
00673R,期元大S＆P原油反1,10,0,10,玉山-高雄,2023-08-29,8843
1538,正峰,10,0,10,玉山-高雄,2023-08-29,8843
006207,復華滬深,10,0,10,玉山-高雄,2023-08-29,8843
2618,長榮航,1105,143,962,玉山-高雄,2023-08-30,8843
00712,復華富時不動產,310,39,271,玉山-高雄,2023-08-30,8843
2801,彰銀,179,2,177,玉山-高雄,2023-08-30,8843
00919,群益台灣精選高息,146,2,144,玉山-高雄,2023-08-30,8843
2340,台亞,91,4,87,玉山-高雄,2023-08-30,8843
00878,國泰永續高股息,160,74,86,玉山-高雄,2023-08-30,8843
00637L,元大滬深300正2,118,35,83,玉山-高雄,2023-08-30,8843
2903,遠百,78,4,74,玉山-高雄,2023-08-30,8843
2331,精英,123,55,68,玉山-高雄,2023-08-30,8843
2002,中鋼,68,2,66,玉山-高雄,2023-08-30,8843
2357,華碩,62,1,61,玉山-高雄,2023-08-30,8843
00722B,群益投資級電信債,54,0,54,玉山-高雄,2023-08-30,8843
6217,中探針,48,2,46,玉山-高雄,2023-08-30,8843
1101,台泥,41,0,41,玉山-高雄,2023-08-30,8843
2301,光寶科,47,11,36,玉山-高雄,2023-08-30,8843
00673R,期元大S＆P原油反1,45,10,35,玉山-高雄,2023-08-30,8843
00665L,富邦�琤肭磪囓�2,38,4,34,玉山-高雄,2023-08-30,8843
2888,新光金,38,6,32,玉山-高雄,2023-08-30,8843
1605,華新,36,5,31,玉山-高雄,2023-08-30,8843
00929,復華台灣科技優息,145,115,30,玉山-高雄,2023-08-30,8843
6177,達麗,30,0,30,玉山-高雄,2023-08-30,8843
2409,友達,37,7,30,玉山-高雄,2023-08-30,8843
00753L,中信中國50正2,38,10,28,玉山-高雄,2023-08-30,8843
2436,偉詮電,111,84,27,玉山-高雄,2023-08-30,8843
2887,台新金,30,4,26,玉山-高雄,2023-08-30,8843
3481,群創,32,7,25,玉山-高雄,2023-08-30,8843
3078,僑威,35,11,24,玉山-高雄,2023-08-30,8843
5009,榮剛,26,2,24,玉山-高雄,2023-08-30,8843
5534,長虹,23,0,23,玉山-高雄,2023-08-30,8843
00633L,富邦上証正2,23,0,23,玉山-高雄,2023-08-30,8843
2317,鴻海,37,16,21,玉山-高雄,2023-08-30,8843
3042,晶技,22,2,20,玉山-高雄,2023-08-30,8843
4139,馬光-KY,20,0,20,玉山-高雄,2023-08-30,8843
3056,富華新,21,1,20,玉山-高雄,2023-08-30,8843
2324,仁寶,28,9,19,玉山-高雄,2023-08-30,8843
00770,國泰北美科技,19,1,18,玉山-高雄,2023-08-30,8843
1907,永豐餘,18,0,18,玉山-高雄,2023-08-30,8843
6125,廣運,25,7,18,玉山-高雄,2023-08-30,8843
2352,佳世達,33,15,18,玉山-高雄,2023-08-30,8843
6104,創惟,38,21,17,玉山-高雄,2023-08-30,8843
2449,京元電子,42,26,16,玉山-高雄,2023-08-30,8843
2421,建準,36,21,15,玉山-高雄,2023-08-30,8843
6161,捷波,15,0,15,玉山-高雄,2023-08-30,8843
2349,錸德,16,1,15,玉山-高雄,2023-08-30,8843
3046,建��,16,2,14,玉山-高雄,2023-08-30,8843
2891,中信金,14,0,14,玉山-高雄,2023-08-30,8843
00927,群益半導體收益,21,7,14,玉山-高雄,2023-08-30,8843
2344,華邦電,21,8,13,玉山-高雄,2023-08-30,8843
5880,合庫金,12,0,12,玉山-高雄,2023-08-30,8843
8255,朋程,14,2,12,玉山-高雄,2023-08-30,8843
00929,復華台灣科技優息,270,73,197,玉山-高雄,2023-08-31,8843
00673R,期元大S＆P原油反1,103,0,103,玉山-高雄,2023-08-31,8843
2337,旺宏,95,24,71,玉山-高雄,2023-08-31,8843
1216,統一,67,0,67,玉山-高雄,2023-08-31,8843
2887,台新金,71,7,64,玉山-高雄,2023-08-31,8843
1409,新纖,76,16,60,玉山-高雄,2023-08-31,8843
1802,台玻,68,10,58,玉山-高雄,2023-08-31,8843
2834,臺企銀,59,1,58,玉山-高雄,2023-08-31,8843
1314,中石化,52,1,51,玉山-高雄,2023-08-31,8843
2891,中信金,56,6,50,玉山-高雄,2023-08-31,8843
3011,今皓,50,1,49,玉山-高雄,2023-08-31,8843
1522,堤維西,49,4,45,玉山-高雄,2023-08-31,8843
00919,群益台灣精選高息,54,13,41,玉山-高雄,2023-08-31,8843
00878,國泰永續高股息,80,43,37,玉山-高雄,2023-08-31,8843
2324,仁寶,62,29,33,玉山-高雄,2023-08-31,8843
6139,亞翔,32,0,32,玉山-高雄,2023-08-31,8843
3715,定穎投控,86,55,31,玉山-高雄,2023-08-31,8843
3015,全漢,30,0,30,玉山-高雄,2023-08-31,8843
00882,中信中國高股息,29,0,29,玉山-高雄,2023-08-31,8843
2884,玉山金,42,13,29,玉山-高雄,2023-08-31,8843
2885,元大金,33,5,28,玉山-高雄,2023-08-31,8843
00633L,富邦上証正2,28,0,28,玉山-高雄,2023-08-31,8843
2892,第一金,29,2,27,玉山-高雄,2023-08-31,8843
2323,中環,36,10,26,玉山-高雄,2023-08-31,8843
2457,飛宏,39,13,26,玉山-高雄,2023-08-31,8843
2886,兆豐金,28,4,24,玉山-高雄,2023-08-31,8843
1303,南亞,24,1,23,玉山-高雄,2023-08-31,8843
3003,健和興,24,1,23,玉山-高雄,2023-08-31,8843
6125,廣運,25,3,22,玉山-高雄,2023-08-31,8843
2607,榮運,33,11,22,玉山-高雄,2023-08-31,8843
1101,台泥,43,22,21,玉山-高雄,2023-08-31,8843
6669,緯穎,23,2,21,玉山-高雄,2023-08-31,8843
2208,台船,22,1,21,玉山-高雄,2023-08-31,8843
00637L,元大滬深300正2,55,35,20,玉山-高雄,2023-08-31,8843
00923,群益台ESG低碳50,20,0,20,玉山-高雄,2023-08-31,8843
2002,中鋼,22,3,19,玉山-高雄,2023-08-31,8843
2883,凱基金,18,0,18,玉山-高雄,2023-08-31,8843
2301,光寶科,29,11,18,玉山-高雄,2023-08-31,8843
3693,營邦,30,13,17,玉山-高雄,2023-08-31,8843
5880,合庫金,17,0,17,玉山-高雄,2023-08-31,8843
3056,富華新,27,11,16,玉山-高雄,2023-08-31,8843
6168,宏齊,21,5,16,玉山-高雄,2023-08-31,8843
6213,聯茂,111,95,16,玉山-高雄,2023-08-31,8843
2006,東和鋼鐵,16,0,16,玉山-高雄,2023-08-31,8843
00907,永豐優息存股,15,0,15,玉山-高雄,2023-08-31,8843
3058,立德,18,3,15,玉山-高雄,2023-08-31,8843
3303,岱稜,15,0,15,玉山-高雄,2023-08-31,8843
6283,淳安,16,1,15,玉山-高雄,2023-08-31,8843
2890,永豐金,15,0,15,玉山-高雄,2023-08-31,8843
1605,華新,25,11,14,玉山-高雄,2023-08-31,8843
2363,矽統,851,283,568,玉山-高雄,2023-09-01,8843
00919,群益台灣精選高息,364,1,363,玉山-高雄,2023-09-01,8843
00712,復華富時不動產,312,0,312,玉山-高雄,2023-09-01,8843
2382,廣達,248,43,205,玉山-高雄,2023-09-01,8843
00929,復華台灣科技優息,198,23,175,玉山-高雄,2023-09-01,8843
00932,兆豐永續高息等權,162,0,162,玉山-高雄,2023-09-01,8843
3231,緯創,310,155,155,玉山-高雄,2023-09-01,8843
00673R,期元大S＆P原油反1,109,0,109,玉山-高雄,2023-09-01,8843
3035,智原,99,16,83,玉山-高雄,2023-09-01,8843
1519,華城,104,22,82,玉山-高雄,2023-09-01,8843
2356,英業達,96,18,78,玉山-高雄,2023-09-01,8843
3011,今皓,73,5,68,玉山-高雄,2023-09-01,8843
00878,國泰永續高股息,93,34,59,玉山-高雄,2023-09-01,8843
1471,首利,64,7,57,玉山-高雄,2023-09-01,8843
00725B,國泰投資級公司債,54,0,54,玉山-高雄,2023-09-01,8843
1101,台泥,57,4,53,玉山-高雄,2023-09-01,8843
2402,毅嘉,139,93,46,玉山-高雄,2023-09-01,8843
6282,康舒,69,24,45,玉山-高雄,2023-09-01,8843
2534,宏盛,40,0,40,玉山-高雄,2023-09-01,8843
2329,華泰,77,37,40,玉山-高雄,2023-09-01,8843
2883,凱基金,61,23,38,玉山-高雄,2023-09-01,8843
2421,建準,38,3,35,玉山-高雄,2023-09-01,8843
1605,華新,82,48,34,玉山-高雄,2023-09-01,8843
3056,富華新,34,0,34,玉山-高雄,2023-09-01,8843
3706,神達,56,27,29,玉山-高雄,2023-09-01,8843
2884,玉山金,60,32,28,玉山-高雄,2023-09-01,8843
3094,聯傑,92,64,28,玉山-高雄,2023-09-01,8843
2379,瑞昱,30,3,27,玉山-高雄,2023-09-01,8843
00885,富邦越南,27,0,27,玉山-高雄,2023-09-01,8843
1522,堤維西,38,12,26,玉山-高雄,2023-09-01,8843
00638R,元大滬深300反1,26,0,26,玉山-高雄,2023-09-01,8843
2891,中信金,33,7,26,玉山-高雄,2023-09-01,8843
1702,南僑,25,0,25,玉山-高雄,2023-09-01,8843
2609,陽明,28,3,25,玉山-高雄,2023-09-01,8843
2324,仁寶,30,6,24,玉山-高雄,2023-09-01,8843
9904,寶成,24,0,24,玉山-高雄,2023-09-01,8843
0056,元大高股息,26,2,24,玉山-高雄,2023-09-01,8843
8255,朋程,26,4,22,玉山-高雄,2023-09-01,8843
2462,良得電,22,0,22,玉山-高雄,2023-09-01,8843
8070,長華*,22,0,22,玉山-高雄,2023-09-01,8843
3013,晟銘電,40,18,22,玉山-高雄,2023-09-01,8843
3710,連展投控,21,0,21,玉山-高雄,2023-09-01,8843
2881,富邦金,25,5,20,玉山-高雄,2023-09-01,8843
3321,同泰,20,0,20,玉山-高雄,2023-09-01,8843
2485,兆赫,76,58,18,玉山-高雄,2023-09-01,8843
6547,高端疫苗,119,101,18,玉山-高雄,2023-09-01,8843
6188,廣明,26,9,17,玉山-高雄,2023-09-01,8843
3308,聯德,23,7,16,玉山-高雄,2023-09-01,8843
2615,萬海,16,1,15,玉山-高雄,2023-09-01,8843
1444,力麗,16,2,14,玉山-高雄,2023-09-01,8843
2363,矽統,874,140,734,玉山-高雄,2023-09-04,8843
9945,潤泰新,468,6,462,玉山-高雄,2023-09-04,8843
00632R,元大台灣50反1,501,97,404,玉山-高雄,2023-09-04,8843
00929,復華台灣科技優息,272,64,208,玉山-高雄,2023-09-04,8843
00673R,期元大S＆P原油反1,110,0,110,玉山-高雄,2023-09-04,8843
2409,友達,114,17,97,玉山-高雄,2023-09-04,8843
00919,群益台灣精選高息,122,26,96,玉山-高雄,2023-09-04,8843
1326,台化,95,6,89,玉山-高雄,2023-09-04,8843
2891,中信金,94,15,79,玉山-高雄,2023-09-04,8843
2634,漢翔,120,43,77,玉山-高雄,2023-09-04,8843
2464,盟立,61,0,61,玉山-高雄,2023-09-04,8843
4746,台耀,63,10,53,玉山-高雄,2023-09-04,8843
2354,鴻準,51,1,50,玉山-高雄,2023-09-04,8843
5381,合正,59,15,44,玉山-高雄,2023-09-04,8843
2324,仁寶,51,11,40,玉山-高雄,2023-09-04,8843
2485,兆赫,84,44,40,玉山-高雄,2023-09-04,8843
00679B,元大美債20年,38,0,38,玉山-高雄,2023-09-04,8843
3303,岱稜,34,0,34,玉山-高雄,2023-09-04,8843
00915,凱基優選高股息30,34,2,32,玉山-高雄,2023-09-04,8843
00931B,統一美債20年,31,0,31,玉山-高雄,2023-09-04,8843
2331,精英,45,14,31,玉山-高雄,2023-09-04,8843
00680L,元大美債20正2,31,0,31,玉山-高雄,2023-09-04,8843
2520,冠德,42,11,31,玉山-高雄,2023-09-04,8843
1319,東陽,34,5,29,玉山-高雄,2023-09-04,8843
1802,台玻,78,50,28,玉山-高雄,2023-09-04,8843
2009,第一銅,26,1,25,玉山-高雄,2023-09-04,8843
1314,中石化,26,2,24,玉山-高雄,2023-09-04,8843
00751B,元大AAA至A公司債,24,0,24,玉山-高雄,2023-09-04,8843
4933,友輝,24,0,24,玉山-高雄,2023-09-04,8843
6188,廣明,32,8,24,玉山-高雄,2023-09-04,8843
00900,富邦特選高股息30,31,8,23,玉山-高雄,2023-09-04,8843
00687B,國泰20年美債,23,0,23,玉山-高雄,2023-09-04,8843
2317,鴻海,24,1,23,玉山-高雄,2023-09-04,8843
6547,高端疫苗,25,3,22,玉山-高雄,2023-09-04,8843
8070,長華*,24,3,21,玉山-高雄,2023-09-04,8843
00772B,中信高評級公司債,20,0,20,玉山-高雄,2023-09-04,8843
1409,新纖,20,0,20,玉山-高雄,2023-09-04,8843
1909,榮成,20,0,20,玉山-高雄,2023-09-04,8843
6244,茂迪,20,0,20,玉山-高雄,2023-09-04,8843
8201,無敵,19,0,19,玉山-高雄,2023-09-04,8843
5488,松普,19,0,19,玉山-高雄,2023-09-04,8843
2303,聯電,30,13,17,玉山-高雄,2023-09-04,8843
2462,良得電,17,1,16,玉山-高雄,2023-09-04,8843
2206,三陽工業,22,6,16,玉山-高雄,2023-09-04,8843
2352,佳世達,25,10,15,玉山-高雄,2023-09-04,8843
2390,云辰,15,0,15,玉山-高雄,2023-09-04,8843
1444,力麗,17,2,15,玉山-高雄,2023-09-04,8843
2460,建通,15,0,15,玉山-高雄,2023-09-04,8843
3325,旭品,16,1,15,玉山-高雄,2023-09-04,8843
2371,大同,36,22,14,玉山-高雄,2023-09-04,8843
00929,復華台灣科技優息,717,63,654,玉山-高雄,2023-09-05,8843
00919,群益台灣精選高息,233,25,208,玉山-高雄,2023-09-05,8843
00857B,永豐20年美公債,135,0,135,玉山-高雄,2023-09-05,8843
00882,中信中國高股息,107,21,86,玉山-高雄,2023-09-05,8843
00878,國泰永續高股息,98,18,80,玉山-高雄,2023-09-05,8843
6282,康舒,99,21,78,玉山-高雄,2023-09-05,8843
2891,中信金,68,0,68,玉山-高雄,2023-09-05,8843
00637L,元大滬深300正2,78,15,63,玉山-高雄,2023-09-05,8843
1409,新纖,56,0,56,玉山-高雄,2023-09-05,8843
1519,華城,60,5,55,玉山-高雄,2023-09-05,8843
2618,長榮航,124,77,47,玉山-高雄,2023-09-05,8843
8996,高力,53,6,47,玉山-高雄,2023-09-05,8843
6158,禾昌,62,15,47,玉山-高雄,2023-09-05,8843
1101,台泥,52,7,45,玉山-高雄,2023-09-05,8843
00753L,中信中國50正2,43,0,43,玉山-高雄,2023-09-05,8843
8070,長華*,52,10,42,玉山-高雄,2023-09-05,8843
00772B,中信高評級公司債,42,0,42,玉山-高雄,2023-09-05,8843
00673R,期元大S＆P原油反1,40,1,39,玉山-高雄,2023-09-05,8843
0056,元大高股息,53,15,38,玉山-高雄,2023-09-05,8843
2634,漢翔,86,49,37,玉山-高雄,2023-09-05,8843
6239,力成,40,4,36,玉山-高雄,2023-09-05,8843
00680L,元大美債20正2,34,0,34,玉山-高雄,2023-09-05,8843
2884,玉山金,45,12,33,玉山-高雄,2023-09-05,8843
8942,森鉅,32,0,32,玉山-高雄,2023-09-05,8843
00915,凱基優選高股息30,31,0,31,玉山-高雄,2023-09-05,8843
2402,毅嘉,71,41,30,玉山-高雄,2023-09-05,8843
2002,中鋼,40,10,30,玉山-高雄,2023-09-05,8843
00725B,國泰投資級公司債,27,0,27,玉山-高雄,2023-09-05,8843
6191,精成科,31,5,26,玉山-高雄,2023-09-05,8843
2344,華邦電,34,8,26,玉山-高雄,2023-09-05,8843
2610,華航,35,9,26,玉山-高雄,2023-09-05,8843
6505,台塑化,23,0,23,玉山-高雄,2023-09-05,8843
8038,長園科,23,0,23,玉山-高雄,2023-09-05,8843
00665L,富邦�琤肭磪囓�2,21,0,21,玉山-高雄,2023-09-05,8843
6122,擎邦,124,103,21,玉山-高雄,2023-09-05,8843
3682,亞太電,20,0,20,玉山-高雄,2023-09-05,8843
2485,兆赫,26,6,20,玉山-高雄,2023-09-05,8843
2436,偉詮電,63,43,20,玉山-高雄,2023-09-05,8843
6548,長科*,49,30,19,玉山-高雄,2023-09-05,8843
6138,茂達,21,3,18,玉山-高雄,2023-09-05,8843
00720B,元大投資級公司債,18,0,18,玉山-高雄,2023-09-05,8843
5530,龍巖,17,0,17,玉山-高雄,2023-09-05,8843
00650L,復華香港正2,16,0,16,玉山-高雄,2023-09-05,8843
2887,台新金,16,2,14,玉山-高雄,2023-09-05,8843
00932,兆豐永續高息等權,14,0,14,玉山-高雄,2023-09-05,8843
6284,佳邦,15,1,14,玉山-高雄,2023-09-05,8843
6285,啟��,34,20,14,玉山-高雄,2023-09-05,8843
5009,榮剛,18,4,14,玉山-高雄,2023-09-05,8843
1605,華新,15,1,14,玉山-高雄,2023-09-05,8843
00918,大華優利高填息30,19,5,14,玉山-高雄,2023-09-05,8843
00929,復華台灣科技優息,923,358,565,玉山-高雄,2023-09-06,8843
00919,群益台灣精選高息,254,40,214,玉山-高雄,2023-09-06,8843
2409,友達,201,29,172,玉山-高雄,2023-09-06,8843
2618,長榮航,262,91,171,玉山-高雄,2023-09-06,8843
3481,群創,208,52,156,玉山-高雄,2023-09-06,8843
00673R,期元大S＆P原油反1,127,0,127,玉山-高雄,2023-09-06,8843
2891,中信金,129,3,126,玉山-高雄,2023-09-06,8843
00915,凱基優選高股息30,133,17,116,玉山-高雄,2023-09-06,8843
00753L,中信中國50正2,121,6,115,玉山-高雄,2023-09-06,8843
1101,台泥,103,6,97,玉山-高雄,2023-09-06,8843
00637L,元大滬深300正2,118,25,93,玉山-高雄,2023-09-06,8843
6282,康舒,111,28,83,玉山-高雄,2023-09-06,8843
2603,長榮,86,5,81,玉山-高雄,2023-09-06,8843
1409,新纖,75,0,75,玉山-高雄,2023-09-06,8843
1314,中石化,76,1,75,玉山-高雄,2023-09-06,8843
00932,兆豐永續高息等權,73,0,73,玉山-高雄,2023-09-06,8843
2312,金寶,53,1,52,玉山-高雄,2023-09-06,8843
00687B,國泰20年美債,50,0,50,玉山-高雄,2023-09-06,8843
00751B,元大AAA至A公司債,48,0,48,玉山-高雄,2023-09-06,8843
00931B,統一美債20年,43,0,43,玉山-高雄,2023-09-06,8843
2886,兆豐金,49,6,43,玉山-高雄,2023-09-06,8843
00688L,國泰20年美債正2,40,0,40,玉山-高雄,2023-09-06,8843
00878,國泰永續高股息,133,93,40,玉山-高雄,2023-09-06,8843
8070,長華*,53,14,39,玉山-高雄,2023-09-06,8843
00720B,元大投資級公司債,39,0,39,玉山-高雄,2023-09-06,8843
2610,華航,59,20,39,玉山-高雄,2023-09-06,8843
00706L,期元大S＆P日圓正2,38,0,38,玉山-高雄,2023-09-06,8843
1802,台玻,49,11,38,玉山-高雄,2023-09-06,8843
5351,鈺創,63,26,37,玉山-高雄,2023-09-06,8843
00900,富邦特選高股息30,51,15,36,玉山-高雄,2023-09-06,8843
3682,亞太電,35,0,35,玉山-高雄,2023-09-06,8843
9945,潤泰新,40,5,35,玉山-高雄,2023-09-06,8843
3265,台星科,37,3,34,玉山-高雄,2023-09-06,8843
2323,中環,33,0,33,玉山-高雄,2023-09-06,8843
00679B,元大美債20年,36,5,31,玉山-高雄,2023-09-06,8843
00680L,元大美債20正2,39,9,30,玉山-高雄,2023-09-06,8843
2401,凌陽,93,65,28,玉山-高雄,2023-09-06,8843
5880,合庫金,31,3,28,玉山-高雄,2023-09-06,8843
2520,冠德,27,0,27,玉山-高雄,2023-09-06,8843
00633L,富邦上証正2,25,0,25,玉山-高雄,2023-09-06,8843
6505,台塑化,32,7,25,玉山-高雄,2023-09-06,8843
4906,正文,36,11,25,玉山-高雄,2023-09-06,8843
3706,神達,29,5,24,玉山-高雄,2023-09-06,8843
6411,晶焱,28,4,24,玉山-高雄,2023-09-06,8843
6770,力積電,23,1,22,玉山-高雄,2023-09-06,8843
2834,臺企銀,21,0,21,玉山-高雄,2023-09-06,8843
00632R,元大台灣50反1,20,0,20,玉山-高雄,2023-09-06,8843
2362,藍天,20,0,20,玉山-高雄,2023-09-06,8843
4933,友輝,19,0,19,玉山-高雄,2023-09-06,8843
00850,元大臺灣ESG永續,18,0,18,玉山-高雄,2023-09-06,8843
00929,復華台灣科技優息,698,170,528,玉山-高雄,2023-09-07,8843
00919,群益台灣精選高息,231,13,218,玉山-高雄,2023-09-07,8843
1815,富喬,180,20,160,玉山-高雄,2023-09-07,8843
2884,玉山金,156,23,133,玉山-高雄,2023-09-07,8843
2371,大同,131,1,130,玉山-高雄,2023-09-07,8843
00915,凱基優選高股息30,139,31,108,玉山-高雄,2023-09-07,8843
00673R,期元大S＆P原油反1,93,0,93,玉山-高雄,2023-09-07,8843
2353,宏��,117,26,91,玉山-高雄,2023-09-07,8843
5351,鈺創,103,21,82,玉山-高雄,2023-09-07,8843
3481,群創,84,9,75,玉山-高雄,2023-09-07,8843
2618,長榮航,279,210,69,玉山-高雄,2023-09-07,8843
1314,中石化,65,0,65,玉山-高雄,2023-09-07,8843
2614,東森,86,22,64,玉山-高雄,2023-09-07,8843
4533,協易機,99,35,64,玉山-高雄,2023-09-07,8843
00633L,富邦上証正2,64,0,64,玉山-高雄,2023-09-07,8843
2002,中鋼,69,6,63,玉山-高雄,2023-09-07,8843
00932,兆豐永續高息等權,62,1,61,玉山-高雄,2023-09-07,8843
6282,康舒,61,1,60,玉山-高雄,2023-09-07,8843
2324,仁寶,75,17,58,玉山-高雄,2023-09-07,8843
2303,聯電,73,16,57,玉山-高雄,2023-09-07,8843
1909,榮成,57,0,57,玉山-高雄,2023-09-07,8843
00753L,中信中國50正2,66,15,51,玉山-高雄,2023-09-07,8843
3704,合勤控,78,27,51,玉山-高雄,2023-09-07,8843
6116,彩晶,52,2,50,玉山-高雄,2023-09-07,8843
00751B,元大AAA至A公司債,46,0,46,玉山-高雄,2023-09-07,8843
3576,聯合再生,41,0,41,玉山-高雄,2023-09-07,8843
00888,永豐台灣ESG,43,4,39,玉山-高雄,2023-09-07,8843
1529,樂事綠能,36,0,36,玉山-高雄,2023-09-07,8843
9919,康那香,47,12,35,玉山-高雄,2023-09-07,8843
3706,神達,40,7,33,玉山-高雄,2023-09-07,8843
00922,國泰台灣領袖50,34,1,33,玉山-高雄,2023-09-07,8843
2891,中信金,33,1,32,玉山-高雄,2023-09-07,8843
3231,緯創,77,45,32,玉山-高雄,2023-09-07,8843
1717,長興,32,1,31,玉山-高雄,2023-09-07,8843
4147,中裕,36,5,31,玉山-高雄,2023-09-07,8843
00902,中信電池及儲能,30,0,30,玉山-高雄,2023-09-07,8843
1605,華新,40,10,30,玉山-高雄,2023-09-07,8843
1218,泰山,28,0,28,玉山-高雄,2023-09-07,8843
2313,華通,60,34,26,玉山-高雄,2023-09-07,8843
4906,正文,36,10,26,玉山-高雄,2023-09-07,8843
3682,亞太電,26,0,26,玉山-高雄,2023-09-07,8843
00878,國泰永續高股息,71,45,26,玉山-高雄,2023-09-07,8843
4934,太極,32,7,25,玉山-高雄,2023-09-07,8843
00679B,元大美債20年,23,0,23,玉山-高雄,2023-09-07,8843
00907,永豐優息存股,23,0,23,玉山-高雄,2023-09-07,8843
2610,華航,35,12,23,玉山-高雄,2023-09-07,8843
2897,王道銀行,22,0,22,玉山-高雄,2023-09-07,8843
2330,台積電,22,1,21,玉山-高雄,2023-09-07,8843
4123,晟德,22,1,21,玉山-高雄,2023-09-07,8843
8927,北基,22,1,21,玉山-高雄,2023-09-07,8843
2542,興富發,251,0,251,玉山-高雄,2023-09-08,8843
00919,群益台灣精選高息,296,58,238,玉山-高雄,2023-09-08,8843
2371,大同,154,5,149,玉山-高雄,2023-09-08,8843
2618,長榮航,386,246,140,玉山-高雄,2023-09-08,8843
2382,廣達,160,38,122,玉山-高雄,2023-09-08,8843
8927,北基,111,1,110,玉山-高雄,2023-09-08,8843
00753L,中信中國50正2,128,24,104,玉山-高雄,2023-09-08,8843
00888,永豐台灣ESG,92,0,92,玉山-高雄,2023-09-08,8843
3035,智原,102,10,92,玉山-高雄,2023-09-08,8843
2888,新光金,105,22,83,玉山-高雄,2023-09-08,8843
2884,玉山金,88,12,76,玉山-高雄,2023-09-08,8843
3715,定穎投控,163,100,63,玉山-高雄,2023-09-08,8843
00932,兆豐永續高息等權,71,15,56,玉山-高雄,2023-09-08,8843
00637L,元大滬深300正2,87,35,52,玉山-高雄,2023-09-08,8843
00878,國泰永續高股息,54,17,37,玉山-高雄,2023-09-08,8843
00915,凱基優選高股息30,32,0,32,玉山-高雄,2023-09-08,8843
2329,華泰,45,15,30,玉山-高雄,2023-09-08,8843
2409,友達,53,23,30,玉山-高雄,2023-09-08,8843
00918,大華優利高填息30,29,0,29,玉山-高雄,2023-09-08,8843
3481,群創,52,24,28,玉山-高雄,2023-09-08,8843
00922,國泰台灣領袖50,26,0,26,玉山-高雄,2023-09-08,8843
2421,建準,44,18,26,玉山-高雄,2023-09-08,8843
00650L,復華香港正2,26,0,26,玉山-高雄,2023-09-08,8843
00882,中信中國高股息,25,0,25,玉山-高雄,2023-09-08,8843
6177,達麗,23,0,23,玉山-高雄,2023-09-08,8843
3149,正達,23,1,22,玉山-高雄,2023-09-08,8843
3013,晟銘電,30,9,21,玉山-高雄,2023-09-08,8843
3711,日月光投控,26,5,21,玉山-高雄,2023-09-08,8843
8261,富鼎,21,0,21,玉山-高雄,2023-09-08,8843
4162,智擎,21,0,21,玉山-高雄,2023-09-08,8843
1528,恩德,20,0,20,玉山-高雄,2023-09-08,8843
2027,大成鋼,21,2,19,玉山-高雄,2023-09-08,8843
3567,逸昌,31,12,19,玉山-高雄,2023-09-08,8843
8222,寶一,37,19,18,玉山-高雄,2023-09-08,8843
6269,台郡,20,2,18,玉山-高雄,2023-09-08,8843
00633L,富邦上証正2,28,10,18,玉山-高雄,2023-09-08,8843
6015,宏遠證,18,0,18,玉山-高雄,2023-09-08,8843
6770,力積電,27,10,17,玉山-高雄,2023-09-08,8843
6120,達運,18,1,17,玉山-高雄,2023-09-08,8843
2376,技嘉,38,22,16,玉山-高雄,2023-09-08,8843
3305,昇貿,17,1,16,玉山-高雄,2023-09-08,8843
3230,錦明,16,0,16,玉山-高雄,2023-09-08,8843
1909,榮成,16,0,16,玉山-高雄,2023-09-08,8843
8183,精星,16,0,16,玉山-高雄,2023-09-08,8843
6125,廣運,20,5,15,玉山-高雄,2023-09-08,8843
3706,神達,22,7,15,玉山-高雄,2023-09-08,8843
3088,艾訊,16,1,15,玉山-高雄,2023-09-08,8843
2308,台達電,14,0,14,玉山-高雄,2023-09-08,8843
00891,中信關鍵半導體,15,1,14,玉山-高雄,2023-09-08,8843
00673R,期元大S＆P原油反1,14,0,14,玉山-高雄,2023-09-08,8843
00878,國泰永續高股息,703,164,539,玉山-高雄,2023-09-11,8843
00929,復華台灣科技優息,592,111,481,玉山-高雄,2023-09-11,8843
00919,群益台灣精選高息,342,5,337,玉山-高雄,2023-09-11,8843
2382,廣達,325,87,238,玉山-高雄,2023-09-11,8843
2324,仁寶,212,37,175,玉山-高雄,2023-09-11,8843
2891,中信金,102,7,95,玉山-高雄,2023-09-11,8843
0056,元大高股息,122,34,88,玉山-高雄,2023-09-11,8843
3231,緯創,266,182,84,玉山-高雄,2023-09-11,8843
2317,鴻海,76,2,74,玉山-高雄,2023-09-11,8843
3035,智原,74,9,65,玉山-高雄,2023-09-11,8843
00931B,統一美債20年,64,1,63,玉山-高雄,2023-09-11,8843
00753L,中信中國50正2,117,59,58,玉山-高雄,2023-09-11,8843
00923,群益台ESG低碳50,57,1,56,玉山-高雄,2023-09-11,8843
00673R,期元大S＆P原油反1,59,4,55,玉山-高雄,2023-09-11,8843
00751B,元大AAA至A公司債,56,1,55,玉山-高雄,2023-09-11,8843
00915,凱基優選高股息30,76,24,52,玉山-高雄,2023-09-11,8843
5905,南仁湖,50,1,49,玉山-高雄,2023-09-11,8843
2601,益航,53,5,48,玉山-高雄,2023-09-11,8843
2363,矽統,323,279,44,玉山-高雄,2023-09-11,8843
00679B,元大美債20年,68,26,42,玉山-高雄,2023-09-11,8843
1471,首利,65,24,41,玉山-高雄,2023-09-11,8843
5530,龍巖,38,0,38,玉山-高雄,2023-09-11,8843
2634,漢翔,124,90,34,玉山-高雄,2023-09-11,8843
6152,百一,32,0,32,玉山-高雄,2023-09-11,8843
2352,佳世達,44,12,32,玉山-高雄,2023-09-11,8843
00725B,國泰投資級公司債,32,0,32,玉山-高雄,2023-09-11,8843
4915,致伸,31,0,31,玉山-高雄,2023-09-11,8843
2834,臺企銀,33,2,31,玉山-高雄,2023-09-11,8843
00918,大華優利高填息30,29,0,29,玉山-高雄,2023-09-11,8843
2610,華航,72,44,28,玉山-高雄,2023-09-11,8843
1815,富喬,30,2,28,玉山-高雄,2023-09-11,8843
00922,國泰台灣領袖50,29,1,28,玉山-高雄,2023-09-11,8843
2002,中鋼,33,6,27,玉山-高雄,2023-09-11,8843
8358,金居,29,3,26,玉山-高雄,2023-09-11,8843
2387,精元,26,0,26,玉山-高雄,2023-09-11,8843
00882,中信中國高股息,24,1,23,玉山-高雄,2023-09-11,8843
3481,群創,37,14,23,玉山-高雄,2023-09-11,8843
2330,台積電,27,4,23,玉山-高雄,2023-09-11,8843
6770,力積電,22,0,22,玉山-高雄,2023-09-11,8843
2405,輔信,72,50,22,玉山-高雄,2023-09-11,8843
3013,晟銘電,34,12,22,玉山-高雄,2023-09-11,8843
3715,定穎投控,91,69,22,玉山-高雄,2023-09-11,8843
2401,凌陽,28,7,21,玉山-高雄,2023-09-11,8843
2313,華通,36,15,21,玉山-高雄,2023-09-11,8843
3545,敦泰,32,11,21,玉山-高雄,2023-09-11,8843
8038,長園科,22,1,21,玉山-高雄,2023-09-11,8843
2883,凱基金,28,8,20,玉山-高雄,2023-09-11,8843
3706,神達,34,14,20,玉山-高雄,2023-09-11,8843
3147,大綜,20,0,20,玉山-高雄,2023-09-11,8843
3711,日月光投控,20,1,19,玉山-高雄,2023-09-11,8843
00929,復華台灣科技優息,317,104,213,玉山-高雄,2023-09-12,8843
00919,群益台灣精選高息,191,39,152,玉山-高雄,2023-09-12,8843
2002,中鋼,120,5,115,玉山-高雄,2023-09-12,8843
00673R,期元大S＆P原油反1,94,0,94,玉山-高雄,2023-09-12,8843
2538,基泰,234,141,93,玉山-高雄,2023-09-12,8843
4915,致伸,92,16,76,玉山-高雄,2023-09-12,8843
00712,復華富時不動產,80,6,74,玉山-高雄,2023-09-12,8843
3715,定穎投控,86,13,73,玉山-高雄,2023-09-12,8843
00878,國泰永續高股息,138,67,71,玉山-高雄,2023-09-12,8843
00637L,元大滬深300正2,76,11,65,玉山-高雄,2023-09-12,8843
6282,康舒,137,84,53,玉山-高雄,2023-09-12,8843
00753L,中信中國50正2,54,10,44,玉山-高雄,2023-09-12,8843
1471,首利,60,17,43,玉山-高雄,2023-09-12,8843
1605,華新,56,15,41,玉山-高雄,2023-09-12,8843
00850,元大臺灣ESG永續,45,4,41,玉山-高雄,2023-09-12,8843
6116,彩晶,60,20,40,玉山-高雄,2023-09-12,8843
6443,元晶,40,0,40,玉山-高雄,2023-09-12,8843
3264,欣銓,118,78,40,玉山-高雄,2023-09-12,8843
2367,燿華,38,1,37,玉山-高雄,2023-09-12,8843
3545,敦泰,52,16,36,玉山-高雄,2023-09-12,8843
3078,僑威,68,33,35,玉山-高雄,2023-09-12,8843
00632R,元大台灣50反1,35,0,35,玉山-高雄,2023-09-12,8843
3481,群創,45,16,29,玉山-高雄,2023-09-12,8843
2883,凱基金,31,3,28,玉山-高雄,2023-09-12,8843
2610,華航,100,72,28,玉山-高雄,2023-09-12,8843
6570,維田,26,0,26,玉山-高雄,2023-09-12,8843
2645,長榮航太,35,10,25,玉山-高雄,2023-09-12,8843
1795,美時,34,10,24,玉山-高雄,2023-09-12,8843
00915,凱基優選高股息30,26,2,24,玉山-高雄,2023-09-12,8843
6187,萬潤,23,1,22,玉山-高雄,2023-09-12,8843
3622,洋華,23,2,21,玉山-高雄,2023-09-12,8843
00924,復華S＆P500成長,19,0,19,玉山-高雄,2023-09-12,8843
2332,友訊,21,2,19,玉山-高雄,2023-09-12,8843
9958,世紀鋼,24,5,19,玉山-高雄,2023-09-12,8843
1815,富喬,20,2,18,玉山-高雄,2023-09-12,8843
5457,宣德,18,0,18,玉山-高雄,2023-09-12,8843
2630,亞航,57,39,18,玉山-高雄,2023-09-12,8843
4162,智擎,18,0,18,玉山-高雄,2023-09-12,8843
5347,世界,24,7,17,玉山-高雄,2023-09-12,8843
2543,皇昌,17,0,17,玉山-高雄,2023-09-12,8843
00772B,中信高評級公司債,17,0,17,玉山-高雄,2023-09-12,8843
2357,華碩,27,10,17,玉山-高雄,2023-09-12,8843
00680L,元大美債20正2,16,0,16,玉山-高雄,2023-09-12,8843
5905,南仁湖,16,0,16,玉山-高雄,2023-09-12,8843
2912,統一超,15,0,15,玉山-高雄,2023-09-12,8843
3090,日電貿,15,0,15,玉山-高雄,2023-09-12,8843
0056,元大高股息,32,17,15,玉山-高雄,2023-09-12,8843
8069,元太,18,4,14,玉山-高雄,2023-09-12,8843
1307,三芳,14,0,14,玉山-高雄,2023-09-12,8843
4904,遠傳,16,2,14,玉山-高雄,2023-09-12,8843
00929,復華台灣科技優息,469,200,269,玉山-高雄,2023-09-13,8843
00919,群益台灣精選高息,180,4,176,玉山-高雄,2023-09-13,8843
2905,三商,149,1,148,玉山-高雄,2023-09-13,8843
00706L,期元大S＆P日圓正2,115,0,115,玉山-高雄,2023-09-13,8843
00692,富邦公司治理,91,2,89,玉山-高雄,2023-09-13,8843
2618,長榮航,141,67,74,玉山-高雄,2023-09-13,8843
1101,台泥,74,9,65,玉山-高雄,2023-09-13,8843
3711,日月光投控,64,13,51,玉山-高雄,2023-09-13,8843
3481,群創,47,0,47,玉山-高雄,2023-09-13,8843
00923,群益台ESG低碳50,65,20,45,玉山-高雄,2023-09-13,8843
00673R,期元大S＆P原油反1,47,3,44,玉山-高雄,2023-09-13,8843
1444,力麗,40,0,40,玉山-高雄,2023-09-13,8843
1515,力山,55,16,39,玉山-高雄,2023-09-13,8843
2538,基泰,45,7,38,玉山-高雄,2023-09-13,8843
00633L,富邦上証正2,42,6,36,玉山-高雄,2023-09-13,8843
2887,台新金,39,3,36,玉山-高雄,2023-09-13,8843
00772B,中信高評級公司債,33,0,33,玉山-高雄,2023-09-13,8843
2313,華通,55,23,32,玉山-高雄,2023-09-13,8843
8070,長華*,32,0,32,玉山-高雄,2023-09-13,8843
1504,東元,34,2,32,玉山-高雄,2023-09-13,8843
00753L,中信中國50正2,48,17,31,玉山-高雄,2023-09-13,8843
2542,興富發,31,0,31,玉山-高雄,2023-09-13,8843
3163,波若威,58,27,31,玉山-高雄,2023-09-13,8843
3704,合勤控,40,10,30,玉山-高雄,2023-09-13,8843
00712,復華富時不動產,31,3,28,玉山-高雄,2023-09-13,8843
2316,楠梓電,29,2,27,玉山-高雄,2023-09-13,8843
2883,凱基金,40,13,27,玉山-高雄,2023-09-13,8843
2886,兆豐金,46,19,27,玉山-高雄,2023-09-13,8843
1229,聯華,25,0,25,玉山-高雄,2023-09-13,8843
00722B,群益投資級電信債,25,0,25,玉山-高雄,2023-09-13,8843
1815,富喬,30,5,25,玉山-高雄,2023-09-13,8843
00918,大華優利高填息30,24,0,24,玉山-高雄,2023-09-13,8843
5530,龍巖,23,0,23,玉山-高雄,2023-09-13,8843
4561,健椿,23,0,23,玉山-高雄,2023-09-13,8843
6235,華孚,33,11,22,玉山-高雄,2023-09-13,8843
6163,華電網,22,0,22,玉山-高雄,2023-09-13,8843
2002,中鋼,22,1,21,玉山-高雄,2023-09-13,8843
1609,大亞,30,9,21,玉山-高雄,2023-09-13,8843
8110,華東,21,0,21,玉山-高雄,2023-09-13,8843
00687B,國泰20年美債,21,0,21,玉山-高雄,2023-09-13,8843
00902,中信電池及儲能,19,0,19,玉山-高雄,2023-09-13,8843
2317,鴻海,23,5,18,玉山-高雄,2023-09-13,8843
6548,長科*,20,2,18,玉山-高雄,2023-09-13,8843
1314,中石化,18,0,18,玉山-高雄,2023-09-13,8843
00932,兆豐永續高息等權,18,0,18,玉山-高雄,2023-09-13,8843
2449,京元電子,22,5,17,玉山-高雄,2023-09-13,8843
6505,台塑化,21,4,17,玉山-高雄,2023-09-13,8843
4142,國光生,18,1,17,玉山-高雄,2023-09-13,8843
2371,大同,21,5,16,玉山-高雄,2023-09-13,8843
5425,台半,25,9,16,玉山-高雄,2023-09-13,8843
00929,復華台灣科技優息,495,344,151,玉山-高雄,2023-09-14,8843
00919,群益台灣精選高息,258,125,133,玉山-高雄,2023-09-14,8843
2905,三商,103,0,103,玉山-高雄,2023-09-14,8843
2006,東和鋼鐵,81,1,80,玉山-高雄,2023-09-14,8843
3682,亞太電,80,0,80,玉山-高雄,2023-09-14,8843
2371,大同,80,10,70,玉山-高雄,2023-09-14,8843
00650L,復華香港正2,57,0,57,玉山-高雄,2023-09-14,8843
8927,北基,53,0,53,玉山-高雄,2023-09-14,8843
1409,新纖,50,1,49,玉山-高雄,2023-09-14,8843
4915,致伸,48,0,48,玉山-高雄,2023-09-14,8843
2449,京元電子,64,19,45,玉山-高雄,2023-09-14,8843
3545,敦泰,50,5,45,玉山-高雄,2023-09-14,8843
1307,三芳,49,6,43,玉山-高雄,2023-09-14,8843
00882,中信中國高股息,49,7,42,玉山-高雄,2023-09-14,8843
3715,定穎投控,73,41,32,玉山-高雄,2023-09-14,8843
6120,達運,40,9,31,玉山-高雄,2023-09-14,8843
00753L,中信中國50正2,32,3,29,玉山-高雄,2023-09-14,8843
00692,富邦公司治理,30,2,28,玉山-高雄,2023-09-14,8843
2337,旺宏,32,5,27,玉山-高雄,2023-09-14,8843
2618,長榮航,106,81,25,玉山-高雄,2023-09-14,8843
00679B,元大美債20年,20,0,20,玉山-高雄,2023-09-14,8843
00712,復華富時不動產,45,26,19,玉山-高雄,2023-09-14,8843
2630,亞航,26,7,19,玉山-高雄,2023-09-14,8843
2645,長榮航太,20,1,19,玉山-高雄,2023-09-14,8843
2888,新光金,21,3,18,玉山-高雄,2023-09-14,8843
2634,漢翔,47,29,18,玉山-高雄,2023-09-14,8843
2497,怡利電,19,1,18,玉山-高雄,2023-09-14,8843
8050,廣積,19,2,17,玉山-高雄,2023-09-14,8843
6163,華電網,17,0,17,玉山-高雄,2023-09-14,8843
6854,錼創科技-KY創,17,0,17,玉山-高雄,2023-09-14,8843
00673R,期元大S＆P原油反1,16,0,16,玉山-高雄,2023-09-14,8843
2009,第一銅,16,0,16,玉山-高雄,2023-09-14,8843
8043,蜜望實,15,0,15,玉山-高雄,2023-09-14,8843
00764B,群益25年美債,15,0,15,玉山-高雄,2023-09-14,8843
3264,欣銓,67,52,15,玉山-高雄,2023-09-14,8843
2376,技嘉,28,13,15,玉山-高雄,2023-09-14,8843
2303,聯電,34,19,15,玉山-高雄,2023-09-14,8843
2027,大成鋼,27,13,14,玉山-高雄,2023-09-14,8843
3025,星通,19,5,14,玉山-高雄,2023-09-14,8843
2317,鴻海,36,22,14,玉山-高雄,2023-09-14,8843
00902,中信電池及儲能,13,0,13,玉山-高雄,2023-09-14,8843
2392,正崴,12,0,12,玉山-高雄,2023-09-14,8843
2402,毅嘉,35,23,12,玉山-高雄,2023-09-14,8843
2323,中環,18,7,11,玉山-高雄,2023-09-14,8843
1522,堤維西,126,115,11,玉山-高雄,2023-09-14,8843
3088,艾訊,16,5,11,玉山-高雄,2023-09-14,8843
6147,頎邦,11,1,10,玉山-高雄,2023-09-14,8843
8926,台汽電,16,6,10,玉山-高雄,2023-09-14,8843
2332,友訊,20,10,10,玉山-高雄,2023-09-14,8843
2352,佳世達,20,11,9,玉山-高雄,2023-09-14,8843
00929,復華台灣科技優息,1129,82,1047,玉山-高雄,2023-09-15,8843
00919,群益台灣精選高息,343,60,283,玉山-高雄,2023-09-15,8843
00885,富邦越南,162,1,161,玉山-高雄,2023-09-15,8843
2892,第一金,106,0,106,玉山-高雄,2023-09-15,8843
2905,三商,98,0,98,玉山-高雄,2023-09-15,8843
2303,聯電,101,15,86,玉山-高雄,2023-09-15,8843
00715L,期街口布蘭特正2,100,15,85,玉山-高雄,2023-09-15,8843
00918,大華優利高填息30,95,10,85,玉山-高雄,2023-09-15,8843
2486,一詮,119,56,63,玉山-高雄,2023-09-15,8843
00673R,期元大S＆P原油反1,65,2,63,玉山-高雄,2023-09-15,8843
00706L,期元大S＆P日圓正2,60,0,60,玉山-高雄,2023-09-15,8843
2002,中鋼,77,19,58,玉山-高雄,2023-09-15,8843
4303,信立,56,0,56,玉山-高雄,2023-09-15,8843
00932,兆豐永續高息等權,85,31,54,玉山-高雄,2023-09-15,8843
5530,龍巖,50,0,50,玉山-高雄,2023-09-15,8843
00900,富邦特選高股息30,68,20,48,玉山-高雄,2023-09-15,8843
2462,良得電,55,10,45,玉山-高雄,2023-09-15,8843
2464,盟立,42,0,42,玉山-高雄,2023-09-15,8843
2317,鴻海,49,7,42,玉山-高雄,2023-09-15,8843
1314,中石化,50,9,41,玉山-高雄,2023-09-15,8843
00931B,統一美債20年,41,0,41,玉山-高雄,2023-09-15,8843
00772B,中信高評級公司債,42,2,40,玉山-高雄,2023-09-15,8843
1101,台泥,50,13,37,玉山-高雄,2023-09-15,8843
3231,緯創,86,50,36,玉山-高雄,2023-09-15,8843
2610,華航,83,48,35,玉山-高雄,2023-09-15,8843
00633L,富邦上証正2,42,8,34,玉山-高雄,2023-09-15,8843
00632R,元大台灣50反1,29,0,29,玉山-高雄,2023-09-15,8843
1409,新纖,27,0,27,玉山-高雄,2023-09-15,8843
3260,威剛,51,24,27,玉山-高雄,2023-09-15,8843
2425,承啟,27,1,26,玉山-高雄,2023-09-15,8843
4908,前鼎,90,65,25,玉山-高雄,2023-09-15,8843
2356,英業達,44,19,25,玉山-高雄,2023-09-15,8843
9907,統一實,24,0,24,玉山-高雄,2023-09-15,8843
3163,波若威,87,63,24,玉山-高雄,2023-09-15,8843
3265,台星科,40,17,23,玉山-高雄,2023-09-15,8843
3035,智原,42,20,22,玉山-高雄,2023-09-15,8843
2645,長榮航太,34,12,22,玉山-高雄,2023-09-15,8843
3090,日電貿,35,14,21,玉山-高雄,2023-09-15,8843
2618,長榮航,87,66,21,玉山-高雄,2023-09-15,8843
6147,頎邦,34,14,20,玉山-高雄,2023-09-15,8843
2340,台亞,19,0,19,玉山-高雄,2023-09-15,8843
1802,台玻,29,10,19,玉山-高雄,2023-09-15,8843
2436,偉詮電,28,9,19,玉山-高雄,2023-09-15,8843
2027,大成鋼,61,42,19,玉山-高雄,2023-09-15,8843
2402,毅嘉,32,13,19,玉山-高雄,2023-09-15,8843
1611,中電,17,0,17,玉山-高雄,2023-09-15,8843
2485,兆赫,17,1,16,玉山-高雄,2023-09-15,8843
00894,中信小資高價30,16,0,16,玉山-高雄,2023-09-15,8843
00764B,群益25年美債,16,0,16,玉山-高雄,2023-09-15,8843
00924,復華S＆P500成長,19,4,15,玉山-高雄,2023-09-15,8843
00929,復華台灣科技優息,961,168,793,玉山-高雄,2023-09-18,8843
00919,群益台灣精選高息,470,24,446,玉山-高雄,2023-09-18,8843
00878,國泰永續高股息,167,23,144,玉山-高雄,2023-09-18,8843
2363,矽統,225,90,135,玉山-高雄,2023-09-18,8843
2618,長榮航,183,56,127,玉山-高雄,2023-09-18,8843
2330,台積電,114,4,110,玉山-高雄,2023-09-18,8843
00722B,群益投資級電信債,108,0,108,玉山-高雄,2023-09-18,8843
00706L,期元大S＆P日圓正2,105,0,105,玉山-高雄,2023-09-18,8843
2838,聯邦銀,115,30,85,玉山-高雄,2023-09-18,8843
00753L,中信中國50正2,110,27,83,玉山-高雄,2023-09-18,8843
00688L,國泰20年美債正2,80,0,80,玉山-高雄,2023-09-18,8843
00712,復華富時不動產,88,10,78,玉山-高雄,2023-09-18,8843
2371,大同,87,11,76,玉山-高雄,2023-09-18,8843
2303,聯電,97,21,76,玉山-高雄,2023-09-18,8843
00725B,國泰投資級公司債,71,0,71,玉山-高雄,2023-09-18,8843
00650L,復華香港正2,74,4,70,玉山-高雄,2023-09-18,8843
00931B,統一美債20年,61,0,61,玉山-高雄,2023-09-18,8843
00772B,中信高評級公司債,59,0,59,玉山-高雄,2023-09-18,8843
2610,華航,122,65,57,玉山-高雄,2023-09-18,8843
2538,基泰,58,1,57,玉山-高雄,2023-09-18,8843
2317,鴻海,65,11,54,玉山-高雄,2023-09-18,8843
2324,仁寶,61,8,53,玉山-高雄,2023-09-18,8843
3701,大眾控,48,1,47,玉山-高雄,2023-09-18,8843
00751B,元大AAA至A公司債,44,0,44,玉山-高雄,2023-09-18,8843
8358,金居,50,8,42,玉山-高雄,2023-09-18,8843
3037,欣興,43,4,39,玉山-高雄,2023-09-18,8843
00885,富邦越南,38,0,38,玉山-高雄,2023-09-18,8843
2382,廣達,65,28,37,玉山-高雄,2023-09-18,8843
00932,兆豐永續高息等權,36,1,35,玉山-高雄,2023-09-18,8843
00918,大華優利高填息30,32,0,32,玉山-高雄,2023-09-18,8843
00680L,元大美債20正2,33,1,32,玉山-高雄,2023-09-18,8843
00720B,元大投資級公司債,36,5,31,玉山-高雄,2023-09-18,8843
2332,友訊,31,0,31,玉山-高雄,2023-09-18,8843
6446,藥華藥,30,0,30,玉山-高雄,2023-09-18,8843
00888,永豐台灣ESG,31,1,30,玉山-高雄,2023-09-18,8843
2634,漢翔,41,12,29,玉山-高雄,2023-09-18,8843
2892,第一金,31,2,29,玉山-高雄,2023-09-18,8843
2301,光寶科,44,17,27,玉山-高雄,2023-09-18,8843
4979,華星光,37,11,26,玉山-高雄,2023-09-18,8843
00632R,元大台灣50反1,50,24,26,玉山-高雄,2023-09-18,8843
00665L,富邦�琤肭磪囓�2,45,20,25,玉山-高雄,2023-09-18,8843
2427,三商電,33,8,25,玉山-高雄,2023-09-18,8843
6120,達運,31,7,24,玉山-高雄,2023-09-18,8843
2352,佳世達,45,22,23,玉山-高雄,2023-09-18,8843
6108,競國,22,0,22,玉山-高雄,2023-09-18,8843
3260,威剛,39,17,22,玉山-高雄,2023-09-18,8843
2409,友達,21,0,21,玉山-高雄,2023-09-18,8843
2308,台達電,23,2,21,玉山-高雄,2023-09-18,8843
8028,昇陽半導體,25,4,21,玉山-高雄,2023-09-18,8843
00669R,國泰美國道瓊反1,20,0,20,玉山-高雄,2023-09-18,8843
2313,華通,1863,349,1514,玉山-高雄,2023-09-19,8843
00929,復華台灣科技優息,479,226,253,玉山-高雄,2023-09-19,8843
00919,群益台灣精選高息,182,10,172,玉山-高雄,2023-09-19,8843
00753L,中信中國50正2,102,0,102,玉山-高雄,2023-09-19,8843
3041,揚智,80,0,80,玉山-高雄,2023-09-19,8843
00665L,富邦�琤肭磪囓�2,77,5,72,玉山-高雄,2023-09-19,8843
2449,京元電子,77,15,62,玉山-高雄,2023-09-19,8843
1444,力麗,60,0,60,玉山-高雄,2023-09-19,8843
2851,中再保,55,0,55,玉山-高雄,2023-09-19,8843
6901,鑽石投資,74,19,55,玉山-高雄,2023-09-19,8843
2492,華新科,52,0,52,玉山-高雄,2023-09-19,8843
2618,長榮航,106,55,51,玉山-高雄,2023-09-19,8843
2002,中鋼,52,2,50,玉山-高雄,2023-09-19,8843
2330,台積電,49,2,47,玉山-高雄,2023-09-19,8843
00921,兆豐龍頭等權重,44,0,44,玉山-高雄,2023-09-19,8843
2303,聯電,53,12,41,玉山-高雄,2023-09-19,8843
2387,精元,43,2,41,玉山-高雄,2023-09-19,8843
8070,長華*,39,0,39,玉山-高雄,2023-09-19,8843
2353,宏��,40,1,39,玉山-高雄,2023-09-19,8843
2104,國際中橡,40,2,38,玉山-高雄,2023-09-19,8843
1409,新纖,50,13,37,玉山-高雄,2023-09-19,8843
1101,台泥,38,2,36,玉山-高雄,2023-09-19,8843
00932,兆豐永續高息等權,36,1,35,玉山-高雄,2023-09-19,8843
6257,矽格,36,3,33,玉山-高雄,2023-09-19,8843
2891,中信金,53,22,31,玉山-高雄,2023-09-19,8843
1522,堤維西,65,34,31,玉山-高雄,2023-09-19,8843
3257,虹冠電,30,0,30,玉山-高雄,2023-09-19,8843
00931B,統一美債20年,29,0,29,玉山-高雄,2023-09-19,8843
2645,長榮航太,30,2,28,玉山-高雄,2023-09-19,8843
2606,裕民,47,20,27,玉山-高雄,2023-09-19,8843
2356,英業達,45,19,26,玉山-高雄,2023-09-19,8843
6274,台燿,51,28,23,玉山-高雄,2023-09-19,8843
1609,大亞,25,3,22,玉山-高雄,2023-09-19,8843
2888,新光金,28,6,22,玉山-高雄,2023-09-19,8843
4979,華星光,30,8,22,玉山-高雄,2023-09-19,8843
8261,富鼎,20,0,20,玉山-高雄,2023-09-19,8843
3260,威剛,30,11,19,玉山-高雄,2023-09-19,8843
2637,慧洋-KY,27,8,19,玉山-高雄,2023-09-19,8843
3035,智原,38,19,19,玉山-高雄,2023-09-19,8843
00650L,復華香港正2,18,0,18,玉山-高雄,2023-09-19,8843
1806,冠軍,18,0,18,玉山-高雄,2023-09-19,8843
2615,萬海,26,8,18,玉山-高雄,2023-09-19,8843
3163,波若威,49,32,17,玉山-高雄,2023-09-19,8843
3711,日月光投控,33,16,17,玉山-高雄,2023-09-19,8843
2603,長榮,78,61,17,玉山-高雄,2023-09-19,8843
00885,富邦越南,16,0,16,玉山-高雄,2023-09-19,8843
3481,群創,37,22,15,玉山-高雄,2023-09-19,8843
9951,皇田,19,4,15,玉山-高雄,2023-09-19,8843
1319,東陽,48,33,15,玉山-高雄,2023-09-19,8843
4915,致伸,20,6,14,玉山-高雄,2023-09-19,8843
00715L,期街口布蘭特正2,1801,5,1796,玉山-高雄,2023-09-20,8843
00929,復華台灣科技優息,1583,1072,511,玉山-高雄,2023-09-20,8843
2313,華通,562,239,323,玉山-高雄,2023-09-20,8843
00919,群益台灣精選高息,330,30,300,玉山-高雄,2023-09-20,8843
00632R,元大台灣50反1,200,26,174,玉山-高雄,2023-09-20,8843
2618,長榮航,168,61,107,玉山-高雄,2023-09-20,8843
00706L,期元大S＆P日圓正2,100,0,100,玉山-高雄,2023-09-20,8843
2317,鴻海,108,32,76,玉山-高雄,2023-09-20,8843
00753L,中信中國50正2,76,13,63,玉山-高雄,2023-09-20,8843
00878,國泰永續高股息,101,39,62,玉山-高雄,2023-09-20,8843
6116,彩晶,61,11,50,玉山-高雄,2023-09-20,8843
2603,長榮,94,45,49,玉山-高雄,2023-09-20,8843
2345,智邦,49,0,49,玉山-高雄,2023-09-20,8843
00931B,統一美債20年,48,2,46,玉山-高雄,2023-09-20,8843
00679B,元大美債20年,44,0,44,玉山-高雄,2023-09-20,8843
3276,宇環,49,5,44,玉山-高雄,2023-09-20,8843
2352,佳世達,43,1,42,玉山-高雄,2023-09-20,8843
1504,東元,42,4,38,玉山-高雄,2023-09-20,8843
3703,欣陸,38,0,38,玉山-高雄,2023-09-20,8843
3122,笙泉,48,10,38,玉山-高雄,2023-09-20,8843
1815,富喬,55,18,37,玉山-高雄,2023-09-20,8843
6770,力積電,39,5,34,玉山-高雄,2023-09-20,8843
6548,長科*,34,0,34,玉山-高雄,2023-09-20,8843
5381,合正,43,9,34,玉山-高雄,2023-09-20,8843
00713,元大台灣高息低波,36,4,32,玉山-高雄,2023-09-20,8843
2605,新興,47,16,31,玉山-高雄,2023-09-20,8843
00921,兆豐龍頭等權重,35,5,30,玉山-高雄,2023-09-20,8843
2303,聯電,58,29,29,玉山-高雄,2023-09-20,8843
2332,友訊,28,0,28,玉山-高雄,2023-09-20,8843
8201,無敵,28,0,28,玉山-高雄,2023-09-20,8843
2530,華建,28,0,28,玉山-高雄,2023-09-20,8843
2324,仁寶,37,10,27,玉山-高雄,2023-09-20,8843
2330,台積電,43,16,27,玉山-高雄,2023-09-20,8843
1605,華新,38,14,24,玉山-高雄,2023-09-20,8843
2425,承啟,27,4,23,玉山-高雄,2023-09-20,8843
3363,上詮,29,7,22,玉山-高雄,2023-09-20,8843
8028,昇陽半導體,22,0,22,玉山-高雄,2023-09-20,8843
6901,鑽石投資,32,10,22,玉山-高雄,2023-09-20,8843
2892,第一金,31,10,21,玉山-高雄,2023-09-20,8843
00637L,元大滬深300正2,20,0,20,玉山-高雄,2023-09-20,8843
2748,雲品,21,1,20,玉山-高雄,2023-09-20,8843
2461,光群雷,20,0,20,玉山-高雄,2023-09-20,8843
00671R,富邦NASDAQ反1,20,0,20,玉山-高雄,2023-09-20,8843
2101,南港,20,0,20,玉山-高雄,2023-09-20,8843
2882,國泰金,35,15,20,玉山-高雄,2023-09-20,8843
2888,新光金,39,20,19,玉山-高雄,2023-09-20,8843
3704,合勤控,20,1,19,玉山-高雄,2023-09-20,8843
00751B,元大AAA至A公司債,18,0,18,玉山-高雄,2023-09-20,8843
6753,龍德造船,19,1,18,玉山-高雄,2023-09-20,8843
2371,大同,18,0,18,玉山-高雄,2023-09-20,8843
00919,群益台灣精選高息,388,26,362,玉山-高雄,2023-09-21,8843
00712,復華富時不動產,303,66,237,玉山-高雄,2023-09-21,8843
00929,復華台灣科技優息,742,525,217,玉山-高雄,2023-09-21,8843
2002,中鋼,201,5,196,玉山-高雄,2023-09-21,8843
00878,國泰永續高股息,218,68,150,玉山-高雄,2023-09-21,8843
00923,群益台ESG低碳50,146,1,145,玉山-高雄,2023-09-21,8843
2884,玉山金,134,8,126,玉山-高雄,2023-09-21,8843
2882,國泰金,121,3,118,玉山-高雄,2023-09-21,8843
2618,長榮航,204,97,107,玉山-高雄,2023-09-21,8843
2641,正德,123,17,106,玉山-高雄,2023-09-21,8843
00688L,國泰20年美債正2,104,0,104,玉山-高雄,2023-09-21,8843
1101,台泥,108,9,99,玉山-高雄,2023-09-21,8843
0050,元大台灣50,93,0,93,玉山-高雄,2023-09-21,8843
2330,台積電,84,1,83,玉山-高雄,2023-09-21,8843
00918,大華優利高填息30,78,0,78,玉山-高雄,2023-09-21,8843
0056,元大高股息,78,7,71,玉山-高雄,2023-09-21,8843
2891,中信金,79,13,66,玉山-高雄,2023-09-21,8843
3105,穩懋,61,0,61,玉山-高雄,2023-09-21,8843
3231,緯創,176,116,60,玉山-高雄,2023-09-21,8843
00753L,中信中國50正2,70,10,60,玉山-高雄,2023-09-21,8843
1584,精剛,155,95,60,玉山-高雄,2023-09-21,8843
2890,永豐金,59,3,56,玉山-高雄,2023-09-21,8843
6116,彩晶,56,5,51,玉山-高雄,2023-09-21,8843
00932,兆豐永續高息等權,52,4,48,玉山-高雄,2023-09-21,8843
00665L,富邦�琤肭磪囓�2,57,10,47,玉山-高雄,2023-09-21,8843
00881,國泰台灣5G+,45,0,45,玉山-高雄,2023-09-21,8843
00679B,元大美債20年,49,4,45,玉山-高雄,2023-09-21,8843
00888,永豐台灣ESG,44,0,44,玉山-高雄,2023-09-21,8843
00706L,期元大S＆P日圓正2,41,0,41,玉山-高雄,2023-09-21,8843
00900,富邦特選高股息30,42,1,41,玉山-高雄,2023-09-21,8843
5880,合庫金,41,1,40,玉山-高雄,2023-09-21,8843
00650L,復華香港正2,40,0,40,玉山-高雄,2023-09-21,8843
00922,國泰台灣領袖50,41,1,40,玉山-高雄,2023-09-21,8843
2610,華航,59,20,39,玉山-高雄,2023-09-21,8843
00931B,統一美債20年,39,1,38,玉山-高雄,2023-09-21,8843
2887,台新金,37,4,33,玉山-高雄,2023-09-21,8843
2377,微星,44,12,32,玉山-高雄,2023-09-21,8843
2387,精元,32,1,31,玉山-高雄,2023-09-21,8843
2303,聯電,52,22,30,玉山-高雄,2023-09-21,8843
2461,光群雷,30,0,30,玉山-高雄,2023-09-21,8843
2363,矽統,88,59,29,玉山-高雄,2023-09-21,8843
3035,智原,62,34,28,玉山-高雄,2023-09-21,8843
00715L,期街口布蘭特正2,30,2,28,玉山-高雄,2023-09-21,8843
2633,台灣高鐵,30,2,28,玉山-高雄,2023-09-21,8843
2888,新光金,30,2,28,玉山-高雄,2023-09-21,8843
2883,凱基金,30,3,27,玉山-高雄,2023-09-21,8843
4933,友輝,31,5,26,玉山-高雄,2023-09-21,8843
00680L,元大美債20正2,46,20,26,玉山-高雄,2023-09-21,8843
3056,富華新,26,0,26,玉山-高雄,2023-09-21,8843
00687B,國泰20年美債,24,0,24,玉山-高雄,2023-09-21,8843
00929,復華台灣科技優息,1193,235,958,玉山-高雄,2023-09-22,8843
00632R,元大台灣50反1,519,160,359,玉山-高雄,2023-09-22,8843
00679B,元大美債20年,293,32,261,玉山-高雄,2023-09-22,8843
00688L,國泰20年美債正2,229,0,229,玉山-高雄,2023-09-22,8843
2002,中鋼,133,21,112,玉山-高雄,2023-09-22,8843
00772B,中信高評級公司債,109,0,109,玉山-高雄,2023-09-22,8843
2332,友訊,101,2,99,玉山-高雄,2023-09-22,8843
00720B,元大投資級公司債,96,0,96,玉山-高雄,2023-09-22,8843
00931B,統一美債20年,98,3,95,玉山-高雄,2023-09-22,8843
00919,群益台灣精選高息,154,65,89,玉山-高雄,2023-09-22,8843
00751B,元大AAA至A公司債,85,0,85,玉山-高雄,2023-09-22,8843
00680L,元大美債20正2,110,31,79,玉山-高雄,2023-09-22,8843
2442,新美齊,74,0,74,玉山-高雄,2023-09-22,8843
00712,復華富時不動產,158,90,68,玉山-高雄,2023-09-22,8843
00687B,國泰20年美債,70,7,63,玉山-高雄,2023-09-22,8843
2891,中信金,106,45,61,玉山-高雄,2023-09-22,8843
1101,台泥,66,10,56,玉山-高雄,2023-09-22,8843
00878,國泰永續高股息,83,27,56,玉山-高雄,2023-09-22,8843
1504,東元,188,132,56,玉山-高雄,2023-09-22,8843
2883,凱基金,56,0,56,玉山-高雄,2023-09-22,8843
00885,富邦越南,52,1,51,玉山-高雄,2023-09-22,8843
2344,華邦電,48,0,48,玉山-高雄,2023-09-22,8843
6901,鑽石投資,43,1,42,玉山-高雄,2023-09-22,8843
9907,統一實,37,0,37,玉山-高雄,2023-09-22,8843
3056,富華新,37,2,35,玉山-高雄,2023-09-22,8843
1717,長興,33,0,33,玉山-高雄,2023-09-22,8843
2882,國泰金,37,4,33,玉山-高雄,2023-09-22,8843
2317,鴻海,77,44,33,玉山-高雄,2023-09-22,8843
0050,元大台灣50,33,0,33,玉山-高雄,2023-09-22,8843
00888,永豐台灣ESG,32,0,32,玉山-高雄,2023-09-22,8843
2303,聯電,51,20,31,玉山-高雄,2023-09-22,8843
6104,創惟,30,1,29,玉山-高雄,2023-09-22,8843
00669R,國泰美國道瓊反1,30,2,28,玉山-高雄,2023-09-22,8843
2367,燿華,38,11,27,玉山-高雄,2023-09-22,8843
6770,力積電,26,1,25,玉山-高雄,2023-09-22,8843
1810,和成,25,0,25,玉山-高雄,2023-09-22,8843
9927,泰銘,25,1,24,玉山-高雄,2023-09-22,8843
00795B,中信美國公債20年,23,0,23,玉山-高雄,2023-09-22,8843
2881,富邦金,23,0,23,玉山-高雄,2023-09-22,8843
0056,元大高股息,37,14,23,玉山-高雄,2023-09-22,8843
2330,台積電,23,0,23,玉山-高雄,2023-09-22,8843
2363,矽統,95,73,22,玉山-高雄,2023-09-22,8843
1314,中石化,21,0,21,玉山-高雄,2023-09-22,8843
2887,台新金,21,0,21,玉山-高雄,2023-09-22,8843
3037,欣興,30,10,20,玉山-高雄,2023-09-22,8843
4105,東洋,20,0,20,玉山-高雄,2023-09-22,8843
00664R,國泰臺灣加權反1,20,0,20,玉山-高雄,2023-09-22,8843
4908,前鼎,49,29,20,玉山-高雄,2023-09-22,8843
00882,中信中國高股息,19,2,17,玉山-高雄,2023-09-22,8843
6282,康舒,24,7,17,玉山-高雄,2023-09-22,8843
00929,復華台灣科技優息,321,94,227,玉山-高雄,2023-09-25,8843
2618,長榮航,208,69,139,玉山-高雄,2023-09-25,8843
00679B,元大美債20年,97,0,97,玉山-高雄,2023-09-25,8843
00919,群益台灣精選高息,104,14,90,玉山-高雄,2023-09-25,8843
2331,精英,67,2,65,玉山-高雄,2023-09-25,8843
00753L,中信中國50正2,64,10,54,玉山-高雄,2023-09-25,8843
1101,台泥,56,3,53,玉山-高雄,2023-09-25,8843
00928,中信上櫃ESG30,50,0,50,玉山-高雄,2023-09-25,8843
00720B,元大投資級公司債,45,0,45,玉山-高雄,2023-09-25,8843
2442,新美齊,44,0,44,玉山-高雄,2023-09-25,8843
2891,中信金,78,35,43,玉山-高雄,2023-09-25,8843
4566,時碩工業,42,5,37,玉山-高雄,2023-09-25,8843
2461,光群雷,33,1,32,玉山-高雄,2023-09-25,8843
2014,中鴻,46,15,31,玉山-高雄,2023-09-25,8843
1504,東元,79,48,31,玉山-高雄,2023-09-25,8843
6446,藥華藥,30,0,30,玉山-高雄,2023-09-25,8843
1444,力麗,31,1,30,玉山-高雄,2023-09-25,8843
2316,楠梓電,49,21,28,玉山-高雄,2023-09-25,8843
2363,矽統,116,90,26,玉山-高雄,2023-09-25,8843
2887,台新金,30,4,26,玉山-高雄,2023-09-25,8843
2027,大成鋼,31,6,25,玉山-高雄,2023-09-25,8843
2542,興富發,24,0,24,玉山-高雄,2023-09-25,8843
3322,建舜電,33,9,24,玉山-高雄,2023-09-25,8843
3588,通嘉,23,0,23,玉山-高雄,2023-09-25,8843
4114,健喬,21,0,21,玉山-高雄,2023-09-25,8843
2888,新光金,20,0,20,玉山-高雄,2023-09-25,8843
2303,聯電,22,4,18,玉山-高雄,2023-09-25,8843
6108,競國,19,2,17,玉山-高雄,2023-09-25,8843
00712,復華富時不動產,26,10,16,玉山-高雄,2023-09-25,8843
2324,仁寶,15,0,15,玉山-高雄,2023-09-25,8843
4113,聯上,17,2,15,玉山-高雄,2023-09-25,8843
00673R,期元大S＆P原油反1,15,0,15,玉山-高雄,2023-09-25,8843
6625,必應,15,0,15,玉山-高雄,2023-09-25,8843
2353,宏��,20,5,15,玉山-高雄,2023-09-25,8843
00882,中信中國高股息,17,2,15,玉山-高雄,2023-09-25,8843
2882,國泰金,19,5,14,玉山-高雄,2023-09-25,8843
3149,正達,24,10,14,玉山-高雄,2023-09-25,8843
3693,營邦,22,8,14,玉山-高雄,2023-09-25,8843
2330,台積電,17,3,14,玉山-高雄,2023-09-25,8843
3013,晟銘電,18,5,13,玉山-高雄,2023-09-25,8843
2457,飛宏,15,2,13,玉山-高雄,2023-09-25,8843
00713,元大台灣高息低波,16,3,13,玉山-高雄,2023-09-25,8843
0056,元大高股息,26,14,12,玉山-高雄,2023-09-25,8843
8928,鉅明,14,3,11,玉山-高雄,2023-09-25,8843
00931B,統一美債20年,12,1,11,玉山-高雄,2023-09-25,8843
2543,皇昌,12,1,11,玉山-高雄,2023-09-25,8843
2208,台船,22,11,11,玉山-高雄,2023-09-25,8843
1310,台苯,11,0,11,玉山-高雄,2023-09-25,8843
2929,淘帝-KY,11,0,11,玉山-高雄,2023-09-25,8843
00722B,群益投資級電信債,11,0,11,玉山-高雄,2023-09-25,8843
00632R,元大台灣50反1,705,21,684,玉山-高雄,2023-09-26,8843
00772B,中信高評級公司債,291,0,291,玉山-高雄,2023-09-26,8843
00688L,國泰20年美債正2,200,0,200,玉山-高雄,2023-09-26,8843
00919,群益台灣精選高息,142,21,121,玉山-高雄,2023-09-26,8843
00730,富邦臺灣優質高息,142,24,118,玉山-高雄,2023-09-26,8843
00753L,中信中國50正2,142,30,112,玉山-高雄,2023-09-26,8843
00665L,富邦�琤肭磪囓�2,121,25,96,玉山-高雄,2023-09-26,8843
3078,僑威,91,1,90,玉山-高雄,2023-09-26,8843
3711,日月光投控,90,4,86,玉山-高雄,2023-09-26,8843
00679B,元大美債20年,149,65,84,玉山-高雄,2023-09-26,8843
2538,基泰,82,4,78,玉山-高雄,2023-09-26,8843
00751B,元大AAA至A公司債,73,0,73,玉山-高雄,2023-09-26,8843
00720B,元大投資級公司債,81,10,71,玉山-高雄,2023-09-26,8843
00931B,統一美債20年,74,4,70,玉山-高雄,2023-09-26,8843
1101,台泥,88,20,68,玉山-高雄,2023-09-26,8843
00885,富邦越南,67,1,66,玉山-高雄,2023-09-26,8843
00878,國泰永續高股息,74,13,61,玉山-高雄,2023-09-26,8843
5880,合庫金,59,1,58,玉山-高雄,2023-09-26,8843
2303,聯電,90,33,57,玉山-高雄,2023-09-26,8843
6116,彩晶,53,1,52,玉山-高雄,2023-09-26,8843
00687B,國泰20年美債,50,2,48,玉山-高雄,2023-09-26,8843
2888,新光金,61,14,47,玉山-高雄,2023-09-26,8843
00722B,群益投資級電信債,44,0,44,玉山-高雄,2023-09-26,8843
2882,國泰金,45,2,43,玉山-高雄,2023-09-26,8843
2883,凱基金,43,1,42,玉山-高雄,2023-09-26,8843
2880,華南金,40,4,36,玉山-高雄,2023-09-26,8843
00795B,中信美國公債20年,36,0,36,玉山-高雄,2023-09-26,8843
2634,漢翔,89,54,35,玉山-高雄,2023-09-26,8843
6120,達運,40,6,34,玉山-高雄,2023-09-26,8843
2330,台積電,39,5,34,玉山-高雄,2023-09-26,8843
2881,富邦金,33,0,33,玉山-高雄,2023-09-26,8843
2344,華邦電,43,10,33,玉山-高雄,2023-09-26,8843
00712,復華富時不動產,37,5,32,玉山-高雄,2023-09-26,8843
3379,彬台,31,0,31,玉山-高雄,2023-09-26,8843
2002,中鋼,34,3,31,玉山-高雄,2023-09-26,8843
0056,元大高股息,48,17,31,玉山-高雄,2023-09-26,8843
3265,台星科,43,13,30,玉山-高雄,2023-09-26,8843
00637L,元大滬深300正2,45,15,30,玉山-高雄,2023-09-26,8843
3231,緯創,77,48,29,玉山-高雄,2023-09-26,8843
3715,定穎投控,114,85,29,玉山-高雄,2023-09-26,8843
8110,華東,26,0,26,玉山-高雄,2023-09-26,8843
0050,元大台灣50,26,1,25,玉山-高雄,2023-09-26,8843
2340,台亞,32,7,25,玉山-高雄,2023-09-26,8843
1605,華新,28,4,24,玉山-高雄,2023-09-26,8843
3025,星通,28,5,23,玉山-高雄,2023-09-26,8843
2206,三陽工業,35,13,22,玉山-高雄,2023-09-26,8843
2331,精英,23,1,22,玉山-高雄,2023-09-26,8843
2316,楠梓電,31,9,22,玉山-高雄,2023-09-26,8843
3481,群創,33,12,21,玉山-高雄,2023-09-26,8843
2382,廣達,40,20,20,玉山-高雄,2023-09-26,8843
00929,復華台灣科技優息,828,94,734,玉山-高雄,2023-09-27,8843
2002,中鋼,145,14,131,玉山-高雄,2023-09-27,8843
00919,群益台灣精選高息,119,15,104,玉山-高雄,2023-09-27,8843
00712,復華富時不動產,82,5,77,玉山-高雄,2023-09-27,8843
00632R,元大台灣50反1,71,1,70,玉山-高雄,2023-09-27,8843
5530,龍巖,69,0,69,玉山-高雄,2023-09-27,8843
2027,大成鋼,80,20,60,玉山-高雄,2023-09-27,8843
2891,中信金,54,1,53,玉山-高雄,2023-09-27,8843
1314,中石化,48,0,48,玉山-高雄,2023-09-27,8843
00932,兆豐永續高息等權,44,0,44,玉山-高雄,2023-09-27,8843
2014,中鴻,45,1,44,玉山-高雄,2023-09-27,8843
2201,裕隆,47,9,38,玉山-高雄,2023-09-27,8843
6120,達運,37,0,37,玉山-高雄,2023-09-27,8843
00679B,元大美債20年,39,2,37,玉山-高雄,2023-09-27,8843
2542,興富發,33,0,33,玉山-高雄,2023-09-27,8843
2614,東森,30,0,30,玉山-高雄,2023-09-27,8843
00888,永豐台灣ESG,29,1,28,玉山-高雄,2023-09-27,8843
2421,建準,52,27,25,玉山-高雄,2023-09-27,8843
2880,華南金,26,2,24,玉山-高雄,2023-09-27,8843
3231,緯創,65,42,23,玉山-高雄,2023-09-27,8843
00882,中信中國高股息,24,1,23,玉山-高雄,2023-09-27,8843
1409,新纖,22,0,22,玉山-高雄,2023-09-27,8843
1301,台塑,24,3,21,玉山-高雄,2023-09-27,8843
6442,光聖,30,9,21,玉山-高雄,2023-09-27,8843
2031,新光鋼,21,0,21,玉山-高雄,2023-09-27,8843
1710,東聯,21,0,21,玉山-高雄,2023-09-27,8843
1101,台泥,29,8,21,玉山-高雄,2023-09-27,8843
00898,國泰基因免疫革命,20,0,20,玉山-高雄,2023-09-27,8843
2329,華泰,29,9,20,玉山-高雄,2023-09-27,8843
6209,今國光,20,0,20,玉山-高雄,2023-09-27,8843
6153,嘉聯益,21,1,20,玉山-高雄,2023-09-27,8843
1444,力麗,20,0,20,玉山-高雄,2023-09-27,8843
2883,凱基金,23,3,20,玉山-高雄,2023-09-27,8843
00751B,元大AAA至A公司債,19,0,19,玉山-高雄,2023-09-27,8843
2337,旺宏,28,10,18,玉山-高雄,2023-09-27,8843
8476,台境*,18,0,18,玉山-高雄,2023-09-27,8843
2344,華邦電,21,4,17,玉山-高雄,2023-09-27,8843
1560,中砂,28,11,17,玉山-高雄,2023-09-27,8843
00923,群益台ESG低碳50,19,2,17,玉山-高雄,2023-09-27,8843
1608,華榮,17,1,16,玉山-高雄,2023-09-27,8843
2634,漢翔,38,22,16,玉山-高雄,2023-09-27,8843
1471,首利,20,4,16,玉山-高雄,2023-09-27,8843
6579,研揚,18,2,16,玉山-高雄,2023-09-27,8843
2834,臺企銀,16,0,16,玉山-高雄,2023-09-27,8843
2637,慧洋-KY,15,0,15,玉山-高雄,2023-09-27,8843
00687B,國泰20年美債,14,0,14,玉山-高雄,2023-09-27,8843
00893,國泰智能電動車,17,3,14,玉山-高雄,2023-09-27,8843
3481,群創,19,6,13,玉山-高雄,2023-09-27,8843
00673R,期元大S＆P原油反1,13,0,13,玉山-高雄,2023-09-27,8843
9919,康那香,16,3,13,玉山-高雄,2023-09-27,8843
00712,復華富時不動產,165,18,147,玉山-高雄,2023-09-28,8843
2014,中鴻,141,5,136,玉山-高雄,2023-09-28,8843
2002,中鋼,138,11,127,玉山-高雄,2023-09-28,8843
00673R,期元大S＆P原油反1,145,30,115,玉山-高雄,2023-09-28,8843
2344,華邦電,119,7,112,玉山-高雄,2023-09-28,8843
00706L,期元大S＆P日圓正2,108,0,108,玉山-高雄,2023-09-28,8843
2610,華航,119,25,94,玉山-高雄,2023-09-28,8843
6770,力積電,87,1,86,玉山-高雄,2023-09-28,8843
2618,長榮航,153,69,84,玉山-高雄,2023-09-28,8843
2356,英業達,88,17,71,玉山-高雄,2023-09-28,8843
00679B,元大美債20年,68,0,68,玉山-高雄,2023-09-28,8843
00929,復華台灣科技優息,135,71,64,玉山-高雄,2023-09-28,8843
00753L,中信中國50正2,55,0,55,玉山-高雄,2023-09-28,8843
1708,東鹼,53,0,53,玉山-高雄,2023-09-28,8843
00688L,國泰20年美債正2,50,0,50,玉山-高雄,2023-09-28,8843
00687B,國泰20年美債,47,0,47,玉山-高雄,2023-09-28,8843
1609,大亞,134,88,46,玉山-高雄,2023-09-28,8843
2614,東森,45,0,45,玉山-高雄,2023-09-28,8843
00633L,富邦上証正2,40,0,40,玉山-高雄,2023-09-28,8843
6120,達運,37,0,37,玉山-高雄,2023-09-28,8843
00931B,統一美債20年,37,0,37,玉山-高雄,2023-09-28,8843
2402,毅嘉,38,2,36,玉山-高雄,2023-09-28,8843
1802,台玻,42,7,35,玉山-高雄,2023-09-28,8843
2363,矽統,89,55,34,玉山-高雄,2023-09-28,8843
3481,群創,35,2,33,玉山-高雄,2023-09-28,8843
00795B,中信美國公債20年,36,3,33,玉山-高雄,2023-09-28,8843
2354,鴻準,31,2,29,玉山-高雄,2023-09-28,8843
00637L,元大滬深300正2,35,9,26,玉山-高雄,2023-09-28,8843
2324,仁寶,32,6,26,玉山-高雄,2023-09-28,8843
3013,晟銘電,51,25,26,玉山-高雄,2023-09-28,8843
1101,台泥,34,8,26,玉山-高雄,2023-09-28,8843
6488,環球晶,26,0,26,玉山-高雄,2023-09-28,8843
00650L,復華香港正2,25,0,25,玉山-高雄,2023-09-28,8843
00738U,期元大道瓊白銀,25,0,25,玉山-高雄,2023-09-28,8843
3548,兆利,29,6,23,玉山-高雄,2023-09-28,8843
00888,永豐台灣ESG,23,0,23,玉山-高雄,2023-09-28,8843
00772B,中信高評級公司債,31,10,21,玉山-高雄,2023-09-28,8843
3006,晶豪科,21,0,21,玉山-高雄,2023-09-28,8843
00893,國泰智能電動車,21,0,21,玉山-高雄,2023-09-28,8843
2409,友達,23,2,21,玉山-高雄,2023-09-28,8843
2031,新光鋼,21,0,21,玉山-高雄,2023-09-28,8843
3588,通嘉,21,0,21,玉山-高雄,2023-09-28,8843
00878,國泰永續高股息,36,15,21,玉山-高雄,2023-09-28,8843
6005,群益證,20,0,20,玉山-高雄,2023-09-28,8843
2408,南亞科,23,4,19,玉山-高雄,2023-09-28,8843
3231,緯創,309,289,20,玉山-高雄,2023-09-28,8843
00632R,元大台灣50反1,20,1,19,玉山-高雄,2023-09-28,8843
8936,國統,26,7,19,玉山-高雄,2023-09-28,8843
2542,興富發,19,0,19,玉山-高雄,2023-09-28,8843
00919,群益台灣精選高息,32,14,18,玉山-高雄,2023-09-28,8843
2542,興富發,321,1,320,玉山-高雄,2023-10-02,8843
00720B,元大投資級公司債,282,0,282,玉山-高雄,2023-10-02,8843
00680L,元大美債20正2,194,15,179,玉山-高雄,2023-10-02,8843
00706L,期元大S＆P日圓正2,107,0,107,玉山-高雄,2023-10-02,8843
00751B,元大AAA至A公司債,71,0,71,玉山-高雄,2023-10-02,8843
00772B,中信高評級公司債,80,10,70,玉山-高雄,2023-10-02,8843
3715,定穎投控,139,71,68,玉山-高雄,2023-10-02,8843
2363,矽統,121,58,63,玉山-高雄,2023-10-02,8843
6116,彩晶,57,1,56,玉山-高雄,2023-10-02,8843
00679B,元大美債20年,51,4,47,玉山-高雄,2023-10-02,8843
1815,富喬,153,114,39,玉山-高雄,2023-10-02,8843
2002,中鋼,90,56,34,玉山-高雄,2023-10-02,8843
2888,新光金,45,11,34,玉山-高雄,2023-10-02,8843
2610,華航,64,32,32,玉山-高雄,2023-10-02,8843
9950,萬國通,30,0,30,玉山-高雄,2023-10-02,8843
00931B,統一美債20年,31,2,29,玉山-高雄,2023-10-02,8843
9919,康那香,28,0,28,玉山-高雄,2023-10-02,8843
4979,華星光,48,20,28,玉山-高雄,2023-10-02,8843
2409,友達,110,83,27,玉山-高雄,2023-10-02,8843
8996,高力,25,0,25,玉山-高雄,2023-10-02,8843
8936,國統,35,11,24,玉山-高雄,2023-10-02,8843
2402,毅嘉,24,1,23,玉山-高雄,2023-10-02,8843
2882,國泰金,23,1,22,玉山-高雄,2023-10-02,8843
3709,鑫聯大投控,22,0,22,玉山-高雄,2023-10-02,8843
3078,僑威,23,1,22,玉山-高雄,2023-10-02,8843
9927,泰銘,22,1,21,玉山-高雄,2023-10-02,8843
2727,王品,21,0,21,玉山-高雄,2023-10-02,8843
8227,巨有科技,25,5,20,玉山-高雄,2023-10-02,8843
6209,今國光,20,0,20,玉山-高雄,2023-10-02,8843
6770,力積電,20,0,20,玉山-高雄,2023-10-02,8843
1909,榮成,20,0,20,玉山-高雄,2023-10-02,8843
00919,群益台灣精選高息,41,21,20,玉山-高雄,2023-10-02,8843
2618,長榮航,106,87,19,玉山-高雄,2023-10-02,8843
1444,力麗,20,1,19,玉山-高雄,2023-10-02,8843
2329,華泰,56,37,19,玉山-高雄,2023-10-02,8843
1101,台泥,19,1,18,玉山-高雄,2023-10-02,8843
1301,台塑,19,0,19,玉山-高雄,2023-10-02,8843
2340,台亞,19,2,17,玉山-高雄,2023-10-02,8843
2609,陽明,18,2,16,玉山-高雄,2023-10-02,8843
5347,世界,18,2,16,玉山-高雄,2023-10-02,8843
2603,長榮,31,16,15,玉山-高雄,2023-10-02,8843
4542,科嶠,17,2,15,玉山-高雄,2023-10-02,8843
1618,合機,39,24,15,玉山-高雄,2023-10-02,8843
6143,振曜,15,0,15,玉山-高雄,2023-10-02,8843
2314,台揚,14,0,14,玉山-高雄,2023-10-02,8843
2634,漢翔,39,25,14,玉山-高雄,2023-10-02,8843
6432,今展科,14,0,14,玉山-高雄,2023-10-02,8843
00738U,期元大道瓊白銀,13,0,13,玉山-高雄,2023-10-02,8843
8093,保銳,13,0,13,玉山-高雄,2023-10-02,8843
1808,潤隆,13,0,13,玉山-高雄,2023-10-02,8843
00715L,期街口布蘭特正2,1521,0,1521,玉山-高雄,2023-10-03,8843
00753L,中信中國50正2,356,18,338,玉山-高雄,2023-10-03,8843
00922,國泰台灣領袖50,295,0,295,玉山-高雄,2023-10-03,8843
00712,復華富時不動產,204,21,183,玉山-高雄,2023-10-03,8843
3481,群創,155,8,147,玉山-高雄,2023-10-03,8843
2409,友達,255,122,133,玉山-高雄,2023-10-03,8843
2002,中鋼,138,17,121,玉山-高雄,2023-10-03,8843
00929,復華台灣科技優息,296,176,120,玉山-高雄,2023-10-03,8843
00720B,元大投資級公司債,99,0,99,玉山-高雄,2023-10-03,8843
00665L,富邦�琤肭磪囓�2,89,0,89,玉山-高雄,2023-10-03,8843
00633L,富邦上証正2,87,0,87,玉山-高雄,2023-10-03,8843
00751B,元大AAA至A公司債,77,1,76,玉山-高雄,2023-10-03,8843
00919,群益台灣精選高息,77,2,75,玉山-高雄,2023-10-03,8843
3231,緯創,154,81,73,玉山-高雄,2023-10-03,8843
0056,元大高股息,107,46,61,玉山-高雄,2023-10-03,8843
8088,品安,78,20,58,玉山-高雄,2023-10-03,8843
00637L,元大滬深300正2,56,0,56,玉山-高雄,2023-10-03,8843
1605,華新,60,5,55,玉山-高雄,2023-10-03,8843
00878,國泰永續高股息,81,27,54,玉山-高雄,2023-10-03,8843
2353,宏��,76,25,51,玉山-高雄,2023-10-03,8843
00772B,中信高評級公司債,47,1,46,玉山-高雄,2023-10-03,8843
00931B,統一美債20年,43,0,43,玉山-高雄,2023-10-03,8843
2402,毅嘉,48,11,37,玉山-高雄,2023-10-03,8843
2355,敬鵬,37,3,34,玉山-高雄,2023-10-03,8843
2634,漢翔,77,44,33,玉山-高雄,2023-10-03,8843
00650L,復華香港正2,32,0,32,玉山-高雄,2023-10-03,8843
2892,第一金,30,0,30,玉山-高雄,2023-10-03,8843
00915,凱基優選高股息30,31,2,29,玉山-高雄,2023-10-03,8843
2888,新光金,42,13,29,玉山-高雄,2023-10-03,8843
2883,凱基金,29,0,29,玉山-高雄,2023-10-03,8843
2880,華南金,27,0,27,玉山-高雄,2023-10-03,8843
1101,台泥,29,2,27,玉山-高雄,2023-10-03,8843
00679B,元大美債20年,35,8,27,玉山-高雄,2023-10-03,8843
2890,永豐金,26,0,26,玉山-高雄,2023-10-03,8843
00632R,元大台灣50反1,30,4,26,玉山-高雄,2023-10-03,8843
6770,力積電,26,1,25,玉山-高雄,2023-10-03,8843
2313,華通,27,2,25,玉山-高雄,2023-10-03,8843
00882,中信中國高股息,106,82,24,玉山-高雄,2023-10-03,8843
2356,英業達,55,31,24,玉山-高雄,2023-10-03,8843
00905,FT臺灣Smart,24,0,24,玉山-高雄,2023-10-03,8843
2369,菱生,23,0,23,玉山-高雄,2023-10-03,8843
00738U,期元大道瓊白銀,25,3,22,玉山-高雄,2023-10-03,8843
2882,國泰金,23,1,22,玉山-高雄,2023-10-03,8843
1708,東鹼,20,0,20,玉山-高雄,2023-10-03,8843
6209,今國光,20,0,20,玉山-高雄,2023-10-03,8843
3058,立德,20,0,20,玉山-高雄,2023-10-03,8843
1316,上曜,22,2,20,玉山-高雄,2023-10-03,8843
1444,力麗,20,0,20,玉山-高雄,2023-10-03,8843
5864,致和證,19,0,19,玉山-高雄,2023-10-03,8843
2388,威盛,41,23,18,玉山-高雄,2023-10-03,8843
00632R,元大台灣50反1,2408,62,2346,玉山-高雄,2023-10-04,8843
00712,復華富時不動產,357,0,357,玉山-高雄,2023-10-04,8843
2884,玉山金,255,38,217,玉山-高雄,2023-10-04,8843
3481,群創,193,12,181,玉山-高雄,2023-10-04,8843
00929,復華台灣科技優息,180,41,139,玉山-高雄,2023-10-04,8843
00680L,元大美債20正2,168,33,135,玉山-高雄,2023-10-04,8843
00720B,元大投資級公司債,134,0,134,玉山-高雄,2023-10-04,8843
00679B,元大美債20年,157,24,133,玉山-高雄,2023-10-04,8843
2002,中鋼,139,14,125,玉山-高雄,2023-10-04,8843
1216,統一,125,1,124,玉山-高雄,2023-10-04,8843
2891,中信金,118,3,115,玉山-高雄,2023-10-04,8843
00772B,中信高評級公司債,107,1,106,玉山-高雄,2023-10-04,8843
2303,聯電,108,5,103,玉山-高雄,2023-10-04,8843
2409,友達,110,12,98,玉山-高雄,2023-10-04,8843
00922,國泰台灣領袖50,96,0,96,玉山-高雄,2023-10-04,8843
2883,凱基金,83,2,81,玉山-高雄,2023-10-04,8843
1314,中石化,76,0,76,玉山-高雄,2023-10-04,8843
00919,群益台灣精選高息,77,6,71,玉山-高雄,2023-10-04,8843
0056,元大高股息,71,4,67,玉山-高雄,2023-10-04,8843
2887,台新金,66,2,64,玉山-高雄,2023-10-04,8843
2885,元大金,64,4,60,玉山-高雄,2023-10-04,8843
2323,中環,60,1,59,玉山-高雄,2023-10-04,8843
00931B,統一美債20年,81,22,59,玉山-高雄,2023-10-04,8843
00751B,元大AAA至A公司債,56,0,56,玉山-高雄,2023-10-04,8843
3231,緯創,104,49,55,玉山-高雄,2023-10-04,8843
00878,國泰永續高股息,95,41,54,玉山-高雄,2023-10-04,8843
00882,中信中國高股息,56,6,50,玉山-高雄,2023-10-04,8843
6116,彩晶,56,6,50,玉山-高雄,2023-10-04,8843
00688L,國泰20年美債正2,51,2,49,玉山-高雄,2023-10-04,8843
1718,中纖,40,0,40,玉山-高雄,2023-10-04,8843
1444,力麗,40,0,40,玉山-高雄,2023-10-04,8843
00687B,國泰20年美債,42,2,40,玉山-高雄,2023-10-04,8843
2882,國泰金,47,8,39,玉山-高雄,2023-10-04,8843
1815,富喬,58,19,39,玉山-高雄,2023-10-04,8843
2888,新光金,46,8,38,玉山-高雄,2023-10-04,8843
00633L,富邦上証正2,35,0,35,玉山-高雄,2023-10-04,8843
2886,兆豐金,34,0,34,玉山-高雄,2023-10-04,8843
2892,第一金,32,0,32,玉山-高雄,2023-10-04,8843
2634,漢翔,35,3,32,玉山-高雄,2023-10-04,8843
1460,宏遠,31,0,31,玉山-高雄,2023-10-04,8843
2610,華航,51,21,30,玉山-高雄,2023-10-04,8843
1609,大亞,38,8,30,玉山-高雄,2023-10-04,8843
3006,晶豪科,50,22,28,玉山-高雄,2023-10-04,8843
1101,台泥,36,8,28,玉山-高雄,2023-10-04,8843
8215,明基材,30,3,27,玉山-高雄,2023-10-04,8843
2881,富邦金,25,0,25,玉山-高雄,2023-10-04,8843
6231,系微,25,0,25,玉山-高雄,2023-10-04,8843
2352,佳世達,50,26,24,玉山-高雄,2023-10-04,8843
00907,永豐優息存股,24,0,24,玉山-高雄,2023-10-04,8843
6770,力積電,24,0,24,玉山-高雄,2023-10-04,8843
00632R,元大台灣50反1,1157,30,1127,玉山-高雄,2023-10-05,8843
2888,新光金,387,35,352,玉山-高雄,2023-10-05,8843
1314,中石化,229,28,201,玉山-高雄,2023-10-05,8843
00712,復華富時不動產,223,24,199,玉山-高雄,2023-10-05,8843
2618,長榮航,276,146,130,玉山-高雄,2023-10-05,8843
3078,僑威,123,15,108,玉山-高雄,2023-10-05,8843
3363,上詮,106,20,86,玉山-高雄,2023-10-05,8843
1815,富喬,220,143,77,玉山-高雄,2023-10-05,8843
00680L,元大美債20正2,69,13,56,玉山-高雄,2023-10-05,8843
2601,益航,48,0,48,玉山-高雄,2023-10-05,8843
00679B,元大美債20年,49,6,43,玉山-高雄,2023-10-05,8843
00931B,統一美債20年,49,7,42,玉山-高雄,2023-10-05,8843
3715,定穎投控,105,66,39,玉山-高雄,2023-10-05,8843
00905,FT臺灣Smart,40,1,39,玉山-高雄,2023-10-05,8843
2340,台亞,41,2,39,玉山-高雄,2023-10-05,8843
1101,台泥,36,2,34,玉山-高雄,2023-10-05,8843
00882,中信中國高股息,45,12,33,玉山-高雄,2023-10-05,8843
3231,緯創,110,79,31,玉山-高雄,2023-10-05,8843
00665L,富邦�琤肭磪囓�2,30,0,30,玉山-高雄,2023-10-05,8843
2538,基泰,65,35,30,玉山-高雄,2023-10-05,8843
3036,文曄,71,43,28,玉山-高雄,2023-10-05,8843
1524,耿鼎,34,7,27,玉山-高雄,2023-10-05,8843
00720B,元大投資級公司債,30,4,26,玉山-高雄,2023-10-05,8843
2002,中鋼,64,39,25,玉山-高雄,2023-10-05,8843
2883,凱基金,26,1,25,玉山-高雄,2023-10-05,8843
00929,復華台灣科技優息,65,41,24,玉山-高雄,2023-10-05,8843
2634,漢翔,24,2,22,玉山-高雄,2023-10-05,8843
2201,裕隆,21,0,21,玉山-高雄,2023-10-05,8843
5213,亞昕,20,0,20,玉山-高雄,2023-10-05,8843
00753L,中信中國50正2,20,0,20,玉山-高雄,2023-10-05,8843
4979,華星光,24,4,20,玉山-高雄,2023-10-05,8843
0056,元大高股息,53,37,16,玉山-高雄,2023-10-05,8843
2208,台船,18,2,16,玉山-高雄,2023-10-05,8843
1301,台塑,24,10,14,玉山-高雄,2023-10-05,8843
9958,世紀鋼,14,0,14,玉山-高雄,2023-10-05,8843
00637L,元大滬深300正2,19,5,14,玉山-高雄,2023-10-05,8843
2498,宏達電,20,6,14,玉山-高雄,2023-10-05,8843
2359,所羅門,17,4,13,玉山-高雄,2023-10-05,8843
00922,國泰台灣領袖50,14,1,13,玉山-高雄,2023-10-05,8843
2705,六福,13,0,13,玉山-高雄,2023-10-05,8843
4746,台耀,13,0,13,玉山-高雄,2023-10-05,8843
00923,群益台ESG低碳50,15,2,13,玉山-高雄,2023-10-05,8843
00655L,國泰中國A50正2,12,0,12,玉山-高雄,2023-10-05,8843
6104,創惟,12,0,12,玉山-高雄,2023-10-05,8843
8271,宇瞻,17,5,12,玉山-高雄,2023-10-05,8843
00751B,元大AAA至A公司債,11,0,11,玉山-高雄,2023-10-05,8843
2374,佳能,11,0,11,玉山-高雄,2023-10-05,8843
3122,笙泉,20,9,11,玉山-高雄,2023-10-05,8843
9930,中聯資源,12,2,10,玉山-高雄,2023-10-05,8843
2461,光群雷,10,0,10,玉山-高雄,2023-10-05,8843
00929,復華台灣科技優息,200,60,140,玉山-高雄,2023-10-06,8843
3481,群創,154,51,103,玉山-高雄,2023-10-06,8843
00712,復華富時不動產,92,1,91,玉山-高雄,2023-10-06,8843
2363,矽統,174,90,84,玉山-高雄,2023-10-06,8843
2618,長榮航,99,24,75,玉山-高雄,2023-10-06,8843
00679B,元大美債20年,71,0,71,玉山-高雄,2023-10-06,8843
00673R,期元大S＆P原油反1,106,35,71,玉山-高雄,2023-10-06,8843
00632R,元大台灣50反1,59,0,59,玉山-高雄,2023-10-06,8843
0056,元大高股息,63,8,55,玉山-高雄,2023-10-06,8843
2409,友達,55,4,51,玉山-高雄,2023-10-06,8843
00931B,統一美債20年,49,1,48,玉山-高雄,2023-10-06,8843
00919,群益台灣精選高息,59,13,46,玉山-高雄,2023-10-06,8843
6120,達運,42,0,42,玉山-高雄,2023-10-06,8843
2002,中鋼,42,7,35,玉山-高雄,2023-10-06,8843
2329,華泰,63,29,34,玉山-高雄,2023-10-06,8843
00772B,中信高評級公司債,32,0,32,玉山-高雄,2023-10-06,8843
2605,新興,43,12,31,玉山-高雄,2023-10-06,8843
00720B,元大投資級公司債,32,1,31,玉山-高雄,2023-10-06,8843
2107,厚生,30,0,30,玉山-高雄,2023-10-06,8843
00687B,國泰20年美債,30,0,30,玉山-高雄,2023-10-06,8843
2645,長榮航太,30,1,29,玉山-高雄,2023-10-06,8843
00680L,元大美債20正2,40,11,29,玉山-高雄,2023-10-06,8843
3711,日月光投控,33,5,28,玉山-高雄,2023-10-06,8843
00751B,元大AAA至A公司債,27,0,27,玉山-高雄,2023-10-06,8843
3037,欣興,29,2,27,玉山-高雄,2023-10-06,8843
2312,金寶,32,5,27,玉山-高雄,2023-10-06,8843
1316,上曜,52,25,27,玉山-高雄,2023-10-06,8843
3322,建舜電,23,0,23,玉山-高雄,2023-10-06,8843
2538,基泰,115,94,21,玉山-高雄,2023-10-06,8843
6153,嘉聯益,20,0,20,玉山-高雄,2023-10-06,8843
2323,中環,30,10,20,玉山-高雄,2023-10-06,8843
1815,富喬,74,54,20,玉山-高雄,2023-10-06,8843
1101,台泥,24,5,19,玉山-高雄,2023-10-06,8843
00715L,期街口布蘭特正2,27,8,19,玉山-高雄,2023-10-06,8843
6188,廣明,25,6,19,玉山-高雄,2023-10-06,8843
3094,聯傑,20,1,19,玉山-高雄,2023-10-06,8843
6282,康舒,25,7,18,玉山-高雄,2023-10-06,8843
6209,今國光,18,0,18,玉山-高雄,2023-10-06,8843
3669,圓展,16,0,16,玉山-高雄,2023-10-06,8843
00922,國泰台灣領袖50,16,1,15,玉山-高雄,2023-10-06,8843
2891,中信金,19,4,15,玉山-高雄,2023-10-06,8843
2610,華航,25,10,15,玉山-高雄,2023-10-06,8843
4906,正文,14,0,14,玉山-高雄,2023-10-06,8843
2374,佳能,15,2,13,玉山-高雄,2023-10-06,8843
1529,樂事綠能,12,0,12,玉山-高雄,2023-10-06,8843
6191,精成科,14,3,11,玉山-高雄,2023-10-06,8843
8358,金居,14,3,11,玉山-高雄,2023-10-06,8843
4207,環泰,11,0,11,玉山-高雄,2023-10-06,8843
00885,富邦越南,14,4,10,玉山-高雄,2023-10-06,8843
2421,建準,14,4,10,玉山-高雄,2023-10-06,8843
3231,緯創,330,105,225,玉山-高雄,2023-10-11,8843
00919,群益台灣精選高息,241,61,180,玉山-高雄,2023-10-11,8843
1815,富喬,196,45,151,玉山-高雄,2023-10-11,8843
3481,群創,190,73,117,玉山-高雄,2023-10-11,8843
2002,中鋼,95,3,92,玉山-高雄,2023-10-11,8843
2031,新光鋼,80,0,80,玉山-高雄,2023-10-11,8843
2618,長榮航,152,76,76,玉山-高雄,2023-10-11,8843
2014,中鴻,55,1,54,玉山-高雄,2023-10-11,8843
8038,長園科,47,1,46,玉山-高雄,2023-10-11,8843
00679B,元大美債20年,53,10,43,玉山-高雄,2023-10-11,8843
2464,盟立,41,0,41,玉山-高雄,2023-10-11,8843
2025,千興,40,0,40,玉山-高雄,2023-10-11,8843
2382,廣達,86,51,35,玉山-高雄,2023-10-11,8843
4414,如興,32,0,32,玉山-高雄,2023-10-11,8843
00664R,國泰臺灣加權反1,30,0,30,玉山-高雄,2023-10-11,8843
6120,達運,68,38,30,玉山-高雄,2023-10-11,8843
6216,居易,30,1,29,玉山-高雄,2023-10-11,8843
2537,聯上發,29,0,29,玉山-高雄,2023-10-11,8843
3680,家登,30,1,29,玉山-高雄,2023-10-11,8843
1609,大亞,29,0,29,玉山-高雄,2023-10-11,8843
00671R,富邦NASDAQ反1,27,0,27,玉山-高雄,2023-10-11,8843
2027,大成鋼,30,4,26,玉山-高雄,2023-10-11,8843
00692,富邦公司治理,26,1,25,玉山-高雄,2023-10-11,8843
6116,彩晶,23,0,23,玉山-高雄,2023-10-11,8843
00751B,元大AAA至A公司債,22,0,22,玉山-高雄,2023-10-11,8843
2603,長榮,39,18,21,玉山-高雄,2023-10-11,8843
2609,陽明,36,15,21,玉山-高雄,2023-10-11,8843
8927,北基,20,0,20,玉山-高雄,2023-10-11,8843
5348,正能量智能,20,0,20,玉山-高雄,2023-10-11,8843
2515,中工,20,0,20,玉山-高雄,2023-10-11,8843
1612,宏泰,20,0,20,玉山-高雄,2023-10-11,8843
1447,力鵬,20,0,20,玉山-高雄,2023-10-11,8843
2610,華航,28,9,19,玉山-高雄,2023-10-11,8843
3715,定穎投控,138,119,19,玉山-高雄,2023-10-11,8843
5285,界霖,21,2,19,玉山-高雄,2023-10-11,8843
2615,萬海,21,2,19,玉山-高雄,2023-10-11,8843
00772B,中信高評級公司債,18,0,18,玉山-高雄,2023-10-11,8843
1802,台玻,22,4,18,玉山-高雄,2023-10-11,8843
3094,聯傑,31,13,18,玉山-高雄,2023-10-11,8843
3483,力致,67,49,18,玉山-高雄,2023-10-11,8843
2453,凌群,22,4,18,玉山-高雄,2023-10-11,8843
3707,漢磊,20,3,17,玉山-高雄,2023-10-11,8843
2883,凱基金,52,35,17,玉山-高雄,2023-10-11,8843
1314,中石化,19,3,16,玉山-高雄,2023-10-11,8843
1909,榮成,16,0,16,玉山-高雄,2023-10-11,8843
00633L,富邦上証正2,16,0,16,玉山-高雄,2023-10-11,8843
2468,華經,28,12,16,玉山-高雄,2023-10-11,8843
6418,詠昇,21,5,16,玉山-高雄,2023-10-11,8843
2465,麗臺,24,8,16,玉山-高雄,2023-10-11,8843
8942,森鉅,15,0,15,玉山-高雄,2023-10-11,8843
5530,龍巖,136,0,136,玉山-高雄,2023-10-12,8843
2344,華邦電,367,287,80,玉山-高雄,2023-10-12,8843
00680L,元大美債20正2,152,90,62,玉山-高雄,2023-10-12,8843
00720B,元大投資級公司債,55,0,55,玉山-高雄,2023-10-12,8843
00722B,群益投資級電信債,54,1,53,玉山-高雄,2023-10-12,8843
00922,國泰台灣領袖50,65,15,50,玉山-高雄,2023-10-12,8843
1101,台泥,60,11,49,玉山-高雄,2023-10-12,8843
00679B,元大美債20年,63,19,44,玉山-高雄,2023-10-12,8843
2610,華航,57,19,38,玉山-高雄,2023-10-12,8843
4157,太景*-KY,35,0,35,玉山-高雄,2023-10-12,8843
00919,群益台灣精選高息,67,35,32,玉山-高雄,2023-10-12,8843
2838,聯邦銀,32,1,31,玉山-高雄,2023-10-12,8843
2352,佳世達,109,78,31,玉山-高雄,2023-10-12,8843
0056,元大高股息,54,24,30,玉山-高雄,2023-10-12,8843
1444,力麗,30,0,30,玉山-高雄,2023-10-12,8843
2409,友達,34,6,28,玉山-高雄,2023-10-12,8843
6187,萬潤,35,7,28,玉山-高雄,2023-10-12,8843
00642U,期元大S＆P石油,24,0,24,玉山-高雄,2023-10-12,8843
00712,復華富時不動產,43,19,24,玉山-高雄,2023-10-12,8843
2538,基泰,119,96,23,玉山-高雄,2023-10-12,8843
00931B,統一美債20年,22,0,22,玉山-高雄,2023-10-12,8843
00730,富邦臺灣優質高息,22,1,21,玉山-高雄,2023-10-12,8843
1717,長興,26,6,20,玉山-高雄,2023-10-12,8843
8044,網家,26,6,20,玉山-高雄,2023-10-12,8843
2002,中鋼,55,36,19,玉山-高雄,2023-10-12,8843
2412,中華電,19,0,19,玉山-高雄,2023-10-12,8843
3694,海華,31,12,19,玉山-高雄,2023-10-12,8843
5381,合正,21,2,19,玉山-高雄,2023-10-12,8843
2449,京元電子,38,20,18,玉山-高雄,2023-10-12,8843
5521,工信,27,9,18,玉山-高雄,2023-10-12,8843
1305,華夏,17,0,17,玉山-高雄,2023-10-12,8843
6197,佳必琪,16,0,16,玉山-高雄,2023-10-12,8843
6216,居易,20,5,15,玉山-高雄,2023-10-12,8843
1538,正峰,15,0,15,玉山-高雄,2023-10-12,8843
9105,泰金寶-DR,18,3,15,玉山-高雄,2023-10-12,8843
00764B,群益25年美債,14,0,14,玉山-高雄,2023-10-12,8843
6176,瑞儀,13,0,13,玉山-高雄,2023-10-12,8843
2888,新光金,20,7,13,玉山-高雄,2023-10-12,8843
5302,太欣,13,0,13,玉山-高雄,2023-10-12,8843
2402,毅嘉,13,1,12,玉山-高雄,2023-10-12,8843
4207,環泰,12,0,12,玉山-高雄,2023-10-12,8843
3049,精金,12,0,12,玉山-高雄,2023-10-12,8843
2801,彰銀,11,0,11,玉山-高雄,2023-10-12,8843
00715L,期街口布蘭特正2,11,0,11,玉山-高雄,2023-10-12,8843
1504,東元,13,2,11,玉山-高雄,2023-10-12,8843
2486,一詮,25,14,11,玉山-高雄,2023-10-12,8843
3013,晟銘電,17,6,11,玉山-高雄,2023-10-12,8843
2382,廣達,54,44,10,玉山-高雄,2023-10-12,8843
6109,亞元,10,0,10,玉山-高雄,2023-10-12,8843
3708,上緯投控,10,0,10,玉山-高雄,2023-10-12,8843
2356,英業達,192,35,157,玉山-高雄,2023-10-13,8843
3481,群創,173,34,139,玉山-高雄,2023-10-13,8843
00878,國泰永續高股息,162,27,135,玉山-高雄,2023-10-13,8843
2809,京城銀,130,6,124,玉山-高雄,2023-10-13,8843
2618,長榮航,209,91,118,玉山-高雄,2023-10-13,8843
00680L,元大美債20正2,143,35,108,玉山-高雄,2023-10-13,8843
0056,元大高股息,117,10,107,玉山-高雄,2023-10-13,8843
00637L,元大滬深300正2,101,0,101,玉山-高雄,2023-10-13,8843
3231,緯創,165,72,93,玉山-高雄,2023-10-13,8843
00919,群益台灣精選高息,126,38,88,玉山-高雄,2023-10-13,8843
00712,復華富時不動產,77,0,77,玉山-高雄,2023-10-13,8843
00795B,中信美國公債20年,68,0,68,玉山-高雄,2023-10-13,8843
5530,龍巖,65,0,65,玉山-高雄,2023-10-13,8843
8358,金居,64,5,59,玉山-高雄,2023-10-13,8843
2425,承啟,67,11,56,玉山-高雄,2023-10-13,8843
2382,廣達,126,71,55,玉山-高雄,2023-10-13,8843
2323,中環,64,11,53,玉山-高雄,2023-10-13,8843
2363,矽統,375,325,50,玉山-高雄,2023-10-13,8843
2884,玉山金,74,24,50,玉山-高雄,2023-10-13,8843
00888,永豐台灣ESG,50,2,48,玉山-高雄,2023-10-13,8843
2610,華航,46,5,41,玉山-高雄,2023-10-13,8843
2107,厚生,40,0,40,玉山-高雄,2023-10-13,8843
2402,毅嘉,49,10,39,玉山-高雄,2023-10-13,8843
00720B,元大投資級公司債,38,0,38,玉山-高雄,2023-10-13,8843
3013,晟銘電,50,15,35,玉山-高雄,2023-10-13,8843
00722B,群益投資級電信債,35,0,35,玉山-高雄,2023-10-13,8843
3363,上詮,59,26,33,玉山-高雄,2023-10-13,8843
00633L,富邦上証正2,32,0,32,玉山-高雄,2023-10-13,8843
1216,統一,30,0,30,玉山-高雄,2023-10-13,8843
2301,光寶科,64,35,29,玉山-高雄,2023-10-13,8843
1444,力麗,30,1,29,玉山-高雄,2023-10-13,8843
00882,中信中國高股息,32,4,28,玉山-高雄,2023-10-13,8843
6138,茂達,29,1,28,玉山-高雄,2023-10-13,8843
2419,仲琦,27,0,27,玉山-高雄,2023-10-13,8843
6525,捷敏-KY,27,0,27,玉山-高雄,2023-10-13,8843
2353,宏��,26,0,26,玉山-高雄,2023-10-13,8843
2002,中鋼,34,9,25,玉山-高雄,2023-10-13,8843
3483,力致,30,5,25,玉山-高雄,2023-10-13,8843
2615,萬海,26,1,25,玉山-高雄,2023-10-13,8843
2376,技嘉,52,27,25,玉山-高雄,2023-10-13,8843
00929,復華台灣科技優息,46,23,23,玉山-高雄,2023-10-13,8843
5210,寶碩,23,0,23,玉山-高雄,2023-10-13,8843
00753L,中信中國50正2,128,105,23,玉山-高雄,2023-10-13,8843
00931B,統一美債20年,25,3,22,玉山-高雄,2023-10-13,8843
3710,連展投控,22,0,22,玉山-高雄,2023-10-13,8843
2329,華泰,25,5,20,玉山-高雄,2023-10-13,8843
4123,晟德,20,0,20,玉山-高雄,2023-10-13,8843
8927,北基,20,0,20,玉山-高雄,2023-10-13,8843
3325,旭品,33,13,20,玉山-高雄,2023-10-13,8843
3715,定穎投控,81,62,19,玉山-高雄,2023-10-13,8843
2344,華邦電,300,17,283,玉山-高雄,2023-10-16,8843
0056,元大高股息,258,11,247,玉山-高雄,2023-10-16,8843
00712,復華富時不動產,215,23,192,玉山-高雄,2023-10-16,8843
00919,群益台灣精選高息,187,7,180,玉山-高雄,2023-10-16,8843
00753L,中信中國50正2,150,5,145,玉山-高雄,2023-10-16,8843
2618,長榮航,183,64,119,玉山-高雄,2023-10-16,8843
6531,愛普*,114,5,109,玉山-高雄,2023-10-16,8843
2610,華航,126,18,108,玉山-高雄,2023-10-16,8843
00632R,元大台灣50反1,133,42,91,玉山-高雄,2023-10-16,8843
1605,華新,87,15,72,玉山-高雄,2023-10-16,8843
6120,達運,66,0,66,玉山-高雄,2023-10-16,8843
00922,國泰台灣領袖50,72,7,65,玉山-高雄,2023-10-16,8843
00929,復華台灣科技優息,138,80,58,玉山-高雄,2023-10-16,8843
6770,力積電,86,32,54,玉山-高雄,2023-10-16,8843
2363,矽統,242,193,49,玉山-高雄,2023-10-16,8843
00715L,期街口布蘭特正2,82,39,43,玉山-高雄,2023-10-16,8843
00720B,元大投資級公司債,40,1,39,玉山-高雄,2023-10-16,8843
00679B,元大美債20年,48,10,38,玉山-高雄,2023-10-16,8843
2382,廣達,64,26,38,玉山-高雄,2023-10-16,8843
2201,裕隆,55,23,32,玉山-高雄,2023-10-16,8843
3005,神基,31,0,31,玉山-高雄,2023-10-16,8843
00931B,統一美債20年,30,0,30,玉山-高雄,2023-10-16,8843
00751B,元大AAA至A公司債,35,5,30,玉山-高雄,2023-10-16,8843
2107,厚生,30,0,30,玉山-高雄,2023-10-16,8843
2014,中鴻,30,0,30,玉山-高雄,2023-10-16,8843
1603,華電,30,2,28,玉山-高雄,2023-10-16,8843
00878,國泰永續高股息,96,69,27,玉山-高雄,2023-10-16,8843
00687B,國泰20年美債,28,0,28,玉山-高雄,2023-10-16,8843
3481,群創,33,5,28,玉山-高雄,2023-10-16,8843
1303,南亞,26,0,26,玉山-高雄,2023-10-16,8843
1101,台泥,29,3,26,玉山-高雄,2023-10-16,8843
00637L,元大滬深300正2,25,1,24,玉山-高雄,2023-10-16,8843
3706,神達,33,9,24,玉山-高雄,2023-10-16,8843
2609,陽明,25,1,24,玉山-高雄,2023-10-16,8843
2409,友達,34,11,23,玉山-高雄,2023-10-16,8843
3231,緯創,123,100,23,玉山-高雄,2023-10-16,8843
5009,榮剛,24,2,22,玉山-高雄,2023-10-16,8843
2516,新建,22,0,22,玉山-高雄,2023-10-16,8843
1305,華夏,27,5,22,玉山-高雄,2023-10-16,8843
8996,高力,32,10,22,玉山-高雄,2023-10-16,8843
3169,亞信,22,1,21,玉山-高雄,2023-10-16,8843
3374,精材,21,0,21,玉山-高雄,2023-10-16,8843
1444,力麗,20,0,20,玉山-高雄,2023-10-16,8843
6116,彩晶,22,2,20,玉山-高雄,2023-10-16,8843
2812,台中銀,26,7,19,玉山-高雄,2023-10-16,8843
2356,英業達,74,55,19,玉山-高雄,2023-10-16,8843
8163,達方,20,1,19,玉山-高雄,2023-10-16,8843
2301,光寶科,25,8,17,玉山-高雄,2023-10-16,8843
3715,定穎投控,74,58,16,玉山-高雄,2023-10-16,8843
4737,華廣,22,6,16,玉山-高雄,2023-10-16,8843
0056,元大高股息,329,3,326,玉山-高雄,2023-10-17,8843
2618,長榮航,245,34,211,玉山-高雄,2023-10-17,8843
00929,復華台灣科技優息,346,193,153,玉山-高雄,2023-10-17,8843
00720B,元大投資級公司債,145,0,145,玉山-高雄,2023-10-17,8843
9110,越南控-DR,143,0,143,玉山-高雄,2023-10-17,8843
2303,聯電,254,125,129,玉山-高雄,2023-10-17,8843
3231,緯創,233,126,107,玉山-高雄,2023-10-17,8843
00878,國泰永續高股息,119,15,104,玉山-高雄,2023-10-17,8843
2409,友達,111,13,98,玉山-高雄,2023-10-17,8843
00753L,中信中國50正2,102,4,98,玉山-高雄,2023-10-17,8843
00679B,元大美債20年,82,2,80,玉山-高雄,2023-10-17,8843
2352,佳世達,79,12,67,玉山-高雄,2023-10-17,8843
2323,中環,68,2,66,玉山-高雄,2023-10-17,8843
00687B,國泰20年美債,62,0,62,玉山-高雄,2023-10-17,8843
2543,皇昌,64,2,62,玉山-高雄,2023-10-17,8843
2363,矽統,504,447,57,玉山-高雄,2023-10-17,8843
2610,華航,95,41,54,玉山-高雄,2023-10-17,8843
2356,英業達,114,66,48,玉山-高雄,2023-10-17,8843
6530,創威,65,19,46,玉山-高雄,2023-10-17,8843
00922,國泰台灣領袖50,44,3,41,玉山-高雄,2023-10-17,8843
8996,高力,49,12,37,玉山-高雄,2023-10-17,8843
00722B,群益投資級電信債,35,0,35,玉山-高雄,2023-10-17,8843
00688L,國泰20年美債正2,34,0,34,玉山-高雄,2023-10-17,8843
6217,中探針,33,0,33,玉山-高雄,2023-10-17,8843
00931B,統一美債20年,32,0,32,玉山-高雄,2023-10-17,8843
2515,中工,154,123,31,玉山-高雄,2023-10-17,8843
00902,中信電池及儲能,30,1,29,玉山-高雄,2023-10-17,8843
2883,凱基金,38,10,28,玉山-高雄,2023-10-17,8843
1718,中纖,48,20,28,玉山-高雄,2023-10-17,8843
00751B,元大AAA至A公司債,28,0,28,玉山-高雄,2023-10-17,8843
3363,上詮,58,33,25,玉山-高雄,2023-10-17,8843
2809,京城銀,26,1,25,玉山-高雄,2023-10-17,8843
3013,晟銘電,28,3,25,玉山-高雄,2023-10-17,8843
2344,華邦電,62,39,23,玉山-高雄,2023-10-17,8843
00730,富邦臺灣優質高息,21,0,21,玉山-高雄,2023-10-17,8843
00773B,中信優先金融債,21,0,21,玉山-高雄,2023-10-17,8843
2542,興富發,20,0,20,玉山-高雄,2023-10-17,8843
2912,統一超,19,0,19,玉山-高雄,2023-10-17,8843
00633L,富邦上証正2,19,1,18,玉山-高雄,2023-10-17,8843
8176,智捷,21,3,18,玉山-高雄,2023-10-17,8843
2393,億光,17,0,17,玉山-高雄,2023-10-17,8843
2461,光群雷,20,3,17,玉山-高雄,2023-10-17,8843
4746,台耀,19,2,17,玉山-高雄,2023-10-17,8843
2399,映泰,18,1,17,玉山-高雄,2023-10-17,8843
2888,新光金,19,3,16,玉山-高雄,2023-10-17,8843
1760,寶齡富錦,16,0,16,玉山-高雄,2023-10-17,8843
00715L,期街口布蘭特正2,26,10,16,玉山-高雄,2023-10-17,8843
8227,巨有科技,20,4,16,玉山-高雄,2023-10-17,8843
2834,臺企銀,16,0,16,玉山-高雄,2023-10-17,8843
1513,中興電,17,1,16,玉山-高雄,2023-10-17,8843
0056,元大高股息,374,6,368,玉山-高雄,2023-10-18,8843
00878,國泰永續高股息,402,69,333,玉山-高雄,2023-10-18,8843
00929,復華台灣科技優息,289,12,277,玉山-高雄,2023-10-18,8843
00919,群益台灣精選高息,272,16,256,玉山-高雄,2023-10-18,8843
6531,愛普*,148,3,145,玉山-高雄,2023-10-18,8843
00922,國泰台灣領袖50,134,5,129,玉山-高雄,2023-10-18,8843
2610,華航,149,25,124,玉山-高雄,2023-10-18,8843
1101,台泥,132,15,117,玉山-高雄,2023-10-18,8843
3078,僑威,114,1,113,玉山-高雄,2023-10-18,8843
1102,亞泥,108,0,108,玉山-高雄,2023-10-18,8843
00720B,元大投資級公司債,170,75,95,玉山-高雄,2023-10-18,8843
1815,富喬,107,13,94,玉山-高雄,2023-10-18,8843
1444,力麗,101,15,86,玉山-高雄,2023-10-18,8843
2002,中鋼,74,3,71,玉山-高雄,2023-10-18,8843
2345,智邦,69,1,68,玉山-高雄,2023-10-18,8843
00632R,元大台灣50反1,97,34,63,玉山-高雄,2023-10-18,8843
00688L,國泰20年美債正2,51,0,51,玉山-高雄,2023-10-18,8843
2607,榮運,51,0,51,玉山-高雄,2023-10-18,8843
2534,宏盛,50,0,50,玉山-高雄,2023-10-18,8843
6168,宏齊,85,38,47,玉山-高雄,2023-10-18,8843
2851,中再保,38,0,38,玉山-高雄,2023-10-18,8843
2363,矽統,113,75,38,玉山-高雄,2023-10-18,8843
3481,群創,89,53,36,玉山-高雄,2023-10-18,8843
00751B,元大AAA至A公司債,35,0,35,玉山-高雄,2023-10-18,8843
00687B,國泰20年美債,34,0,34,玉山-高雄,2023-10-18,8843
00679B,元大美債20年,46,12,34,玉山-高雄,2023-10-18,8843
2388,威盛,99,66,33,玉山-高雄,2023-10-18,8843
3576,聯合再生,33,1,32,玉山-高雄,2023-10-18,8843
1722,台肥,31,0,31,玉山-高雄,2023-10-18,8843
00888,永豐台灣ESG,33,4,29,玉山-高雄,2023-10-18,8843
00932,兆豐永續高息等權,27,0,27,玉山-高雄,2023-10-18,8843
6213,聯茂,37,10,27,玉山-高雄,2023-10-18,8843
2538,基泰,133,106,27,玉山-高雄,2023-10-18,8843
2014,中鴻,27,1,26,玉山-高雄,2023-10-18,8843
6104,創惟,26,0,26,玉山-高雄,2023-10-18,8843
6901,鑽石投資,26,1,25,玉山-高雄,2023-10-18,8843
8093,保銳,24,0,24,玉山-高雄,2023-10-18,8843
00772B,中信高評級公司債,22,0,22,玉山-高雄,2023-10-18,8843
2601,益航,31,10,21,玉山-高雄,2023-10-18,8843
3346,麗清,21,1,20,玉山-高雄,2023-10-18,8843
1316,上曜,25,5,20,玉山-高雄,2023-10-18,8843
00900,富邦特選高股息30,31,12,19,玉山-高雄,2023-10-18,8843
3035,智原,34,16,18,玉山-高雄,2023-10-18,8843
2344,華邦電,325,307,18,玉山-高雄,2023-10-18,8843
00673R,期元大S＆P原油反1,60,42,18,玉山-高雄,2023-10-18,8843
00730,富邦臺灣優質高息,17,0,17,玉山-高雄,2023-10-18,8843
00931B,統一美債20年,20,3,17,玉山-高雄,2023-10-18,8843
8176,智捷,17,0,17,玉山-高雄,2023-10-18,8843
00722B,群益投資級電信債,16,0,16,玉山-高雄,2023-10-18,8843
2104,國際中橡,16,0,16,玉山-高雄,2023-10-18,8843
00712,復華富時不動產,266,1,265,玉山-高雄,2023-10-19,8843
00753L,中信中國50正2,265,0,265,玉山-高雄,2023-10-19,8843
00933B,國泰10Y+金融債,240,0,240,玉山-高雄,2023-10-19,8843
0056,元大高股息,235,18,217,玉山-高雄,2023-10-19,8843
00878,國泰永續高股息,182,16,166,玉山-高雄,2023-10-19,8843
2883,凱基金,155,19,136,玉山-高雄,2023-10-19,8843
3481,群創,132,16,116,玉山-高雄,2023-10-19,8843
00688L,國泰20年美債正2,106,0,106,玉山-高雄,2023-10-19,8843
00720B,元大投資級公司債,86,2,84,玉山-高雄,2023-10-19,8843
00679B,元大美債20年,83,3,80,玉山-高雄,2023-10-19,8843
00751B,元大AAA至A公司債,75,0,75,玉山-高雄,2023-10-19,8843
00680L,元大美債20正2,94,19,75,玉山-高雄,2023-10-19,8843
00637L,元大滬深300正2,89,21,68,玉山-高雄,2023-10-19,8843
00650L,復華香港正2,66,0,66,玉山-高雄,2023-10-19,8843
00885,富邦越南,62,0,62,玉山-高雄,2023-10-19,8843
2615,萬海,71,10,61,玉山-高雄,2023-10-19,8843
1101,台泥,160,100,60,玉山-高雄,2023-10-19,8843
00772B,中信高評級公司債,53,0,53,玉山-高雄,2023-10-19,8843
1303,南亞,51,1,50,玉山-高雄,2023-10-19,8843
1216,統一,69,22,47,玉山-高雄,2023-10-19,8843
00922,國泰台灣領袖50,47,2,45,玉山-高雄,2023-10-19,8843
2610,華航,59,15,44,玉山-高雄,2023-10-19,8843
2317,鴻海,46,3,43,玉山-高雄,2023-10-19,8843
6116,彩晶,41,0,41,玉山-高雄,2023-10-19,8843
3715,定穎投控,170,130,40,玉山-高雄,2023-10-19,8843
00648R,元大S＆P500反1,40,0,40,玉山-高雄,2023-10-19,8843
00724B,群益投資級金融債,40,0,40,玉山-高雄,2023-10-19,8843
00687B,國泰20年美債,44,5,39,玉山-高雄,2023-10-19,8843
00919,群益台灣精選高息,39,4,35,玉山-高雄,2023-10-19,8843
2002,中鋼,39,9,30,玉山-高雄,2023-10-19,8843
00633L,富邦上証正2,28,0,28,玉山-高雄,2023-10-19,8843
00715L,期街口布蘭特正2,42,14,28,玉山-高雄,2023-10-19,8843
00907,永豐優息存股,27,0,27,玉山-高雄,2023-10-19,8843
2363,矽統,79,54,25,玉山-高雄,2023-10-19,8843
8210,勤誠,31,7,24,玉山-高雄,2023-10-19,8843
00898,國泰基因免疫革命,22,0,22,玉山-高雄,2023-10-19,8843
3094,聯傑,48,27,21,玉山-高雄,2023-10-19,8843
6282,康舒,21,0,21,玉山-高雄,2023-10-19,8843
00665L,富邦�琤肭磪囓�2,21,0,21,玉山-高雄,2023-10-19,8843
2356,英業達,29,8,21,玉山-高雄,2023-10-19,8843
3711,日月光投控,23,2,21,玉山-高雄,2023-10-19,8843
2888,新光金,20,0,20,玉山-高雄,2023-10-19,8843
2382,廣達,50,30,20,玉山-高雄,2023-10-19,8843
00931B,統一美債20年,30,12,18,玉山-高雄,2023-10-19,8843
00671R,富邦NASDAQ反1,30,12,18,玉山-高雄,2023-10-19,8843
1460,宏遠,18,0,18,玉山-高雄,2023-10-19,8843
3363,上詮,32,14,18,玉山-高雄,2023-10-19,8843
2884,玉山金,25,7,18,玉山-高雄,2023-10-19,8843
2313,華通,25,8,17,玉山-高雄,2023-10-19,8843
2353,宏��,19,2,17,玉山-高雄,2023-10-19,8843
00712,復華富時不動產,288,13,275,玉山-高雄,2023-10-20,8843
0056,元大高股息,245,20,225,玉山-高雄,2023-10-20,8843
00878,國泰永續高股息,268,85,183,玉山-高雄,2023-10-20,8843
00929,復華台灣科技優息,220,38,182,玉山-高雄,2023-10-20,8843
2002,中鋼,181,3,178,玉山-高雄,2023-10-20,8843
00688L,國泰20年美債正2,156,0,156,玉山-高雄,2023-10-20,8843
2542,興富發,190,50,140,玉山-高雄,2023-10-20,8843
00919,群益台灣精選高息,142,33,109,玉山-高雄,2023-10-20,8843
00933B,國泰10Y+金融債,105,10,95,玉山-高雄,2023-10-20,8843
00680L,元大美債20正2,87,0,87,玉山-高雄,2023-10-20,8843
3105,穩懋,88,3,85,玉山-高雄,2023-10-20,8843
1605,華新,73,3,70,玉山-高雄,2023-10-20,8843
2888,新光金,88,22,66,玉山-高雄,2023-10-20,8843
00687B,國泰20年美債,64,0,64,玉山-高雄,2023-10-20,8843
1216,統一,65,1,64,玉山-高雄,2023-10-20,8843
00890B,凱基ESG BBB債,60,0,60,玉山-高雄,2023-10-20,8843
6770,力積電,78,24,54,玉山-高雄,2023-10-20,8843
1101,台泥,57,4,53,玉山-高雄,2023-10-20,8843
1310,台苯,50,0,50,玉山-高雄,2023-10-20,8843
00882,中信中國高股息,52,3,49,玉山-高雄,2023-10-20,8843
2884,玉山金,64,19,45,玉山-高雄,2023-10-20,8843
2885,元大金,51,9,42,玉山-高雄,2023-10-20,8843
00650L,復華香港正2,39,0,39,玉山-高雄,2023-10-20,8843
00679B,元大美債20年,47,16,31,玉山-高雄,2023-10-20,8843
3325,旭品,30,0,30,玉山-高雄,2023-10-20,8843
00931B,統一美債20年,30,0,30,玉山-高雄,2023-10-20,8843
2201,裕隆,32,4,28,玉山-高雄,2023-10-20,8843
2601,益航,25,0,25,玉山-高雄,2023-10-20,8843
6233,旺玖,25,0,25,玉山-高雄,2023-10-20,8843
2382,廣達,82,58,24,玉山-高雄,2023-10-20,8843
00893,國泰智能電動車,24,0,24,玉山-高雄,2023-10-20,8843
2886,兆豐金,34,11,23,玉山-高雄,2023-10-20,8843
3481,群創,90,67,23,玉山-高雄,2023-10-20,8843
8936,國統,25,3,22,玉山-高雄,2023-10-20,8843
3025,星通,214,192,22,玉山-高雄,2023-10-20,8843
1460,宏遠,23,1,22,玉山-高雄,2023-10-20,8843
2883,凱基金,48,26,22,玉山-高雄,2023-10-20,8843
6234,高僑,21,0,21,玉山-高雄,2023-10-20,8843
1609,大亞,21,0,21,玉山-高雄,2023-10-20,8843
00724B,群益投資級金融債,20,0,20,玉山-高雄,2023-10-20,8843
00885,富邦越南,19,0,19,玉山-高雄,2023-10-20,8843
3041,揚智,60,41,19,玉山-高雄,2023-10-20,8843
6235,華孚,23,4,19,玉山-高雄,2023-10-20,8843
00713,元大台灣高息低波,20,1,19,玉山-高雄,2023-10-20,8843
00922,國泰台灣領袖50,18,0,18,玉山-高雄,2023-10-20,8843
2363,矽統,51,33,18,玉山-高雄,2023-10-20,8843
9945,潤泰新,18,0,18,玉山-高雄,2023-10-20,8843
00932,兆豐永續高息等權,18,1,17,玉山-高雄,2023-10-20,8843
8070,長華*,16,0,16,玉山-高雄,2023-10-20,8843
6290,良維,17,2,15,玉山-高雄,2023-10-20,8843
00929,復華台灣科技優息,397,91,306,玉山-高雄,2023-10-23,8843
00712,復華富時不動產,284,13,271,玉山-高雄,2023-10-23,8843
00878,國泰永續高股息,229,23,206,玉山-高雄,2023-10-23,8843
2317,鴻海,171,24,147,玉山-高雄,2023-10-23,8843
2610,華航,131,6,125,玉山-高雄,2023-10-23,8843
00919,群益台灣精選高息,108,17,91,玉山-高雄,2023-10-23,8843
3481,群創,67,7,60,玉山-高雄,2023-10-23,8843
2883,凱基金,68,8,60,玉山-高雄,2023-10-23,8843
2002,中鋼,66,8,58,玉山-高雄,2023-10-23,8843
2891,中信金,55,0,55,玉山-高雄,2023-10-23,8843
00680L,元大美債20正2,79,27,52,玉山-高雄,2023-10-23,8843
2883B,凱基金乙特,50,0,50,玉山-高雄,2023-10-23,8843
9110,越南控-DR,50,0,50,玉山-高雄,2023-10-23,8843
2409,友達,63,14,49,玉山-高雄,2023-10-23,8843
2884,玉山金,76,27,49,玉山-高雄,2023-10-23,8843
00720B,元大投資級公司債,46,0,46,玉山-高雄,2023-10-23,8843
00933B,國泰10Y+金融債,56,10,46,玉山-高雄,2023-10-23,8843
00715L,期街口布蘭特正2,48,3,45,玉山-高雄,2023-10-23,8843
2834,臺企銀,49,10,39,玉山-高雄,2023-10-23,8843
00665L,富邦�琤肭磪囓�2,36,0,36,玉山-高雄,2023-10-23,8843
00882,中信中國高股息,36,1,35,玉山-高雄,2023-10-23,8843
6770,力積電,47,12,35,玉山-高雄,2023-10-23,8843
00772B,中信高評級公司債,35,0,35,玉山-高雄,2023-10-23,8843
00931B,統一美債20年,50,15,35,玉山-高雄,2023-10-23,8843
00687B,國泰20年美債,35,0,35,玉山-高雄,2023-10-23,8843
00922,國泰台灣領袖50,34,1,33,玉山-高雄,2023-10-23,8843
00679B,元大美債20年,134,102,32,玉山-高雄,2023-10-23,8843
00894,中信小資高價30,31,0,31,玉山-高雄,2023-10-23,8843
6244,茂迪,32,1,31,玉山-高雄,2023-10-23,8843
9945,潤泰新,34,5,29,玉山-高雄,2023-10-23,8843
00900,富邦特選高股息30,40,11,29,玉山-高雄,2023-10-23,8843
2330,台積電,31,4,27,玉山-高雄,2023-10-23,8843
1605,華新,29,5,24,玉山-高雄,2023-10-23,8843
1101,台泥,27,4,23,玉山-高雄,2023-10-23,8843
2201,裕隆,24,2,22,玉山-高雄,2023-10-23,8843
2887,台新金,22,0,22,玉山-高雄,2023-10-23,8843
00891,中信關鍵半導體,21,0,21,玉山-高雄,2023-10-23,8843
00751B,元大AAA至A公司債,21,0,21,玉山-高雄,2023-10-23,8843
2882,國泰金,19,0,19,玉山-高雄,2023-10-23,8843
8040,九暘,21,2,19,玉山-高雄,2023-10-23,8843
2881,富邦金,22,3,19,玉山-高雄,2023-10-23,8843
2605,新興,18,0,18,玉山-高雄,2023-10-23,8843
3711,日月光投控,18,1,17,玉山-高雄,2023-10-23,8843
1303,南亞,22,5,17,玉山-高雄,2023-10-23,8843
5258,虹堡,16,0,16,玉山-高雄,2023-10-23,8843
00888,永豐台灣ESG,15,0,15,玉山-高雄,2023-10-23,8843
2888,新光金,16,1,15,玉山-高雄,2023-10-23,8843
00923,群益台ESG低碳50,15,0,15,玉山-高雄,2023-10-23,8843
00764B,群益25年美債,15,0,15,玉山-高雄,2023-10-23,8843
2401,凌陽,40,25,15,玉山-高雄,2023-10-23,8843
00712,復華富時不動產,248,26,222,玉山-高雄,2023-10-24,8843
2317,鴻海,253,48,205,玉山-高雄,2023-10-24,8843
2883,凱基金,188,3,185,玉山-高雄,2023-10-24,8843
3231,緯創,222,81,141,玉山-高雄,2023-10-24,8843
00919,群益台灣精選高息,113,5,108,玉山-高雄,2023-10-24,8843
00687B,國泰20年美債,84,3,81,玉山-高雄,2023-10-24,8843
2371,大同,77,1,76,玉山-高雄,2023-10-24,8843
00878,國泰永續高股息,84,19,65,玉山-高雄,2023-10-24,8843
2457,飛宏,76,16,60,玉山-高雄,2023-10-24,8843
3481,群創,71,15,56,玉山-高雄,2023-10-24,8843
00929,復華台灣科技優息,204,151,53,玉山-高雄,2023-10-24,8843
1101,台泥,49,1,48,玉山-高雄,2023-10-24,8843
2913,農林,49,1,48,玉山-高雄,2023-10-24,8843
00637L,元大滬深300正2,92,46,46,玉山-高雄,2023-10-24,8843
2618,長榮航,136,90,46,玉山-高雄,2023-10-24,8843
2884,玉山金,49,3,46,玉山-高雄,2023-10-24,8843
00715L,期街口布蘭特正2,46,1,45,玉山-高雄,2023-10-24,8843
2891,中信金,61,17,44,玉山-高雄,2023-10-24,8843
2002,中鋼,66,25,41,玉山-高雄,2023-10-24,8843
00933B,國泰10Y+金融債,37,0,37,玉山-高雄,2023-10-24,8843
2887,台新金,34,1,33,玉山-高雄,2023-10-24,8843
00882,中信中國高股息,34,2,32,玉山-高雄,2023-10-24,8843
00898,國泰基因免疫革命,31,0,31,玉山-高雄,2023-10-24,8843
00922,國泰台灣領袖50,28,0,28,玉山-高雄,2023-10-24,8843
3013,晟銘電,27,2,25,玉山-高雄,2023-10-24,8843
9105,泰金寶-DR,25,0,25,玉山-高雄,2023-10-24,8843
2834,臺企銀,26,2,24,玉山-高雄,2023-10-24,8843
00891,中信關鍵半導體,24,0,24,玉山-高雄,2023-10-24,8843
3122,笙泉,46,24,22,玉山-高雄,2023-10-24,8843
1538,正峰,22,0,22,玉山-高雄,2023-10-24,8843
00679B,元大美債20年,30,9,21,玉山-高雄,2023-10-24,8843
1324,地球,24,3,21,玉山-高雄,2023-10-24,8843
2727,王品,22,2,20,玉山-高雄,2023-10-24,8843
2461,光群雷,20,0,20,玉山-高雄,2023-10-24,8843
00650L,復華香港正2,23,3,20,玉山-高雄,2023-10-24,8843
8176,智捷,20,0,20,玉山-高雄,2023-10-24,8843
2851,中再保,20,0,20,玉山-高雄,2023-10-24,8843
3583,辛耘,21,1,20,玉山-高雄,2023-10-24,8843
2610,華航,22,3,19,玉山-高雄,2023-10-24,8843
2888,新光金,22,3,19,玉山-高雄,2023-10-24,8843
3706,神達,21,3,18,玉山-高雄,2023-10-24,8843
8070,長華*,22,4,18,玉山-高雄,2023-10-24,8843
2323,中環,17,0,17,玉山-高雄,2023-10-24,8843
8069,元太,19,2,17,玉山-高雄,2023-10-24,8843
3372,典範,22,6,16,玉山-高雄,2023-10-24,8843
1708,東鹼,15,0,15,玉山-高雄,2023-10-24,8843
8927,北基,14,0,14,玉山-高雄,2023-10-24,8843
3715,定穎投控,135,121,14,玉山-高雄,2023-10-24,8843
3711,日月光投控,34,20,14,玉山-高雄,2023-10-24,8843
2367,燿華,19,5,14,玉山-高雄,2023-10-24,8843
2890,永豐金,300,0,300,玉山-高雄,2023-10-25,8843
00712,復華富時不動產,224,5,219,玉山-高雄,2023-10-25,8843
3035,智原,167,21,146,玉山-高雄,2023-10-25,8843
00878,國泰永續高股息,162,31,131,玉山-高雄,2023-10-25,8843
9105,泰金寶-DR,143,20,123,玉山-高雄,2023-10-25,8843
4979,華星光,116,8,108,玉山-高雄,2023-10-25,8843
9945,潤泰新,103,5,98,玉山-高雄,2023-10-25,8843
0056,元大高股息,84,3,81,玉山-高雄,2023-10-25,8843
3051,力特,67,5,62,玉山-高雄,2023-10-25,8843
3711,日月光投控,65,15,50,玉山-高雄,2023-10-25,8843
00929,復華台灣科技優息,112,63,49,玉山-高雄,2023-10-25,8843
2317,鴻海,105,60,45,玉山-高雄,2023-10-25,8843
00687B,國泰20年美債,46,0,46,玉山-高雄,2023-10-25,8843
3481,群創,257,213,44,玉山-高雄,2023-10-25,8843
2618,長榮航,152,111,41,玉山-高雄,2023-10-25,8843
2884,玉山金,52,13,39,玉山-高雄,2023-10-25,8843
1101,台泥,37,2,35,玉山-高雄,2023-10-25,8843
00922,國泰台灣領袖50,31,0,31,玉山-高雄,2023-10-25,8843
3325,旭品,31,3,28,玉山-高雄,2023-10-25,8843
00720B,元大投資級公司債,39,11,28,玉山-高雄,2023-10-25,8843
1524,耿鼎,501,474,27,玉山-高雄,2023-10-25,8843
2337,旺宏,77,50,27,玉山-高雄,2023-10-25,8843
00885,富邦越南,26,0,26,玉山-高雄,2023-10-25,8843
5439,高技,40,14,26,玉山-高雄,2023-10-25,8843
00680L,元大美債20正2,44,20,24,玉山-高雄,2023-10-25,8843
2727,王品,24,1,23,玉山-高雄,2023-10-25,8843
4908,前鼎,62,40,22,玉山-高雄,2023-10-25,8843
2402,毅嘉,24,2,22,玉山-高雄,2023-10-25,8843
00795B,中信美國公債20年,22,1,21,玉山-高雄,2023-10-25,8843
9950,萬國通,21,0,21,玉山-高雄,2023-10-25,8843
00919,群益台灣精選高息,44,23,21,玉山-高雄,2023-10-25,8843
00632R,元大台灣50反1,88,68,20,玉山-高雄,2023-10-25,8843
2542,興富發,20,1,19,玉山-高雄,2023-10-25,8843
1216,統一,22,4,18,玉山-高雄,2023-10-25,8843
2880,華南金,19,2,17,玉山-高雄,2023-10-25,8843
00679B,元大美債20年,18,1,17,玉山-高雄,2023-10-25,8843
00751B,元大AAA至A公司債,16,0,16,玉山-高雄,2023-10-25,8843
2637,慧洋-KY,15,0,15,玉山-高雄,2023-10-25,8843
2449,京元電子,39,24,15,玉山-高雄,2023-10-25,8843
3032,偉訓,21,7,14,玉山-高雄,2023-10-25,8843
2485,兆赫,15,1,14,玉山-高雄,2023-10-25,8843
00893,國泰智能電動車,17,3,14,玉山-高雄,2023-10-25,8843
6443,元晶,15,1,14,玉山-高雄,2023-10-25,8843
2888,新光金,13,0,13,玉山-高雄,2023-10-25,8843
00772B,中信高評級公司債,23,10,13,玉山-高雄,2023-10-25,8843
5302,太欣,13,0,13,玉山-高雄,2023-10-25,8843
6244,茂迪,22,9,13,玉山-高雄,2023-10-25,8843
2886,兆豐金,16,4,12,玉山-高雄,2023-10-25,8843
5215,科嘉-KY,12,0,12,玉山-高雄,2023-10-25,8843
00902,中信電池及儲能,12,0,12,玉山-高雄,2023-10-25,8843
00929,復華台灣科技優息,465,73,392,玉山-高雄,2023-10-26,8843
00712,復華富時不動產,272,11,261,玉山-高雄,2023-10-26,8843
9105,泰金寶-DR,236,25,211,玉山-高雄,2023-10-26,8843
00919,群益台灣精選高息,195,43,152,玉山-高雄,2023-10-26,8843
2344,華邦電,145,0,145,玉山-高雄,2023-10-26,8843
00878,國泰永續高股息,151,9,142,玉山-高雄,2023-10-26,8843
2883,凱基金,161,22,139,玉山-高雄,2023-10-26,8843
0056,元大高股息,146,21,125,玉山-高雄,2023-10-26,8843
2303,聯電,232,109,123,玉山-高雄,2023-10-26,8843
6531,愛普*,97,2,95,玉山-高雄,2023-10-26,8843
00922,國泰台灣領袖50,71,0,71,玉山-高雄,2023-10-26,8843
2913,農林,70,2,68,玉山-高雄,2023-10-26,8843
2884,玉山金,71,11,60,玉山-高雄,2023-10-26,8843
00687B,國泰20年美債,60,1,59,玉山-高雄,2023-10-26,8843
3711,日月光投控,95,46,49,玉山-高雄,2023-10-26,8843
2356,英業達,61,12,49,玉山-高雄,2023-10-26,8843
00665L,富邦�琤肭磪囓�2,47,0,47,玉山-高雄,2023-10-26,8843
0050,元大台灣50,50,3,47,玉山-高雄,2023-10-26,8843
2330,台積電,49,4,45,玉山-高雄,2023-10-26,8843
2834,臺企銀,43,0,43,玉山-高雄,2023-10-26,8843
00680L,元大美債20正2,103,60,43,玉山-高雄,2023-10-26,8843
00885,富邦越南,42,1,41,玉山-高雄,2023-10-26,8843
3703,欣陸,40,0,40,玉山-高雄,2023-10-26,8843
2637,慧洋-KY,62,26,36,玉山-高雄,2023-10-26,8843
1708,東鹼,35,0,35,玉山-高雄,2023-10-26,8843
00933B,國泰10Y+金融債,34,0,34,玉山-高雄,2023-10-26,8843
00918,大華優利高填息30,34,0,34,玉山-高雄,2023-10-26,8843
2618,長榮航,45,11,34,玉山-高雄,2023-10-26,8843
2408,南亞科,38,5,33,玉山-高雄,2023-10-26,8843
00882,中信中國高股息,34,2,32,玉山-高雄,2023-10-26,8843
4714,永捷,32,0,32,玉山-高雄,2023-10-26,8843
00679B,元大美債20年,31,0,31,玉山-高雄,2023-10-26,8843
2413,環科,30,0,30,玉山-高雄,2023-10-26,8843
00893,國泰智能電動車,27,1,26,玉山-高雄,2023-10-26,8843
2025,千興,26,0,26,玉山-高雄,2023-10-26,8843
2816,旺旺保,54,29,25,玉山-高雄,2023-10-26,8843
8110,華東,29,5,24,玉山-高雄,2023-10-26,8843
6125,廣運,24,0,24,玉山-高雄,2023-10-26,8843
4119,旭富,21,0,21,玉山-高雄,2023-10-26,8843
8358,金居,30,9,21,玉山-高雄,2023-10-26,8843
1605,華新,30,9,21,玉山-高雄,2023-10-26,8843
3037,欣興,35,14,21,玉山-高雄,2023-10-26,8843
2610,華航,22,2,20,玉山-高雄,2023-10-26,8843
4552,力達-KY,20,0,20,玉山-高雄,2023-10-26,8843
2892,第一金,19,0,19,玉山-高雄,2023-10-26,8843
00637L,元大滬深300正2,30,11,19,玉山-高雄,2023-10-26,8843
1101,台泥,22,3,19,玉山-高雄,2023-10-26,8843
2401,凌陽,26,8,18,玉山-高雄,2023-10-26,8843
8046,南電,17,0,17,玉山-高雄,2023-10-26,8843
2337,旺宏,43,26,17,玉山-高雄,2023-10-26,8843
00712,復華富時不動產,192,14,178,玉山-高雄,2023-10-27,8843
2883,凱基金,162,7,155,玉山-高雄,2023-10-27,8843
00929,復華台灣科技優息,157,9,148,玉山-高雄,2023-10-27,8843
2885,元大金,98,2,96,玉山-高雄,2023-10-27,8843
00919,群益台灣精選高息,85,4,81,玉山-高雄,2023-10-27,8843
00885,富邦越南,76,0,76,玉山-高雄,2023-10-27,8843
9105,泰金寶-DR,90,16,74,玉山-高雄,2023-10-27,8843
3481,群創,201,138,63,玉山-高雄,2023-10-27,8843
2317,鴻海,77,24,53,玉山-高雄,2023-10-27,8843
00671R,富邦NASDAQ反1,40,0,40,玉山-高雄,2023-10-27,8843
8936,國統,44,4,40,玉山-高雄,2023-10-27,8843
3588,通嘉,40,5,35,玉山-高雄,2023-10-27,8843
2905,三商,31,0,31,玉山-高雄,2023-10-27,8843
2515,中工,34,4,30,玉山-高雄,2023-10-27,8843
2390,云辰,43,13,30,玉山-高雄,2023-10-27,8843
2409,友達,44,15,29,玉山-高雄,2023-10-27,8843
1524,耿鼎,364,335,29,玉山-高雄,2023-10-27,8843
2305,全友,36,8,28,玉山-高雄,2023-10-27,8843
0050,元大台灣50,34,6,28,玉山-高雄,2023-10-27,8843
00878,國泰永續高股息,78,51,27,玉山-高雄,2023-10-27,8843
2324,仁寶,41,14,27,玉山-高雄,2023-10-27,8843
3710,連展投控,25,0,25,玉山-高雄,2023-10-27,8843
2367,燿華,28,3,25,玉山-高雄,2023-10-27,8843
2344,華邦電,57,34,23,玉山-高雄,2023-10-27,8843
00902,中信電池及儲能,22,1,21,玉山-高雄,2023-10-27,8843
2329,華泰,40,20,20,玉山-高雄,2023-10-27,8843
1216,統一,18,0,18,玉山-高雄,2023-10-27,8843
4123,晟德,20,3,17,玉山-高雄,2023-10-27,8843
4960,誠美材,25,8,17,玉山-高雄,2023-10-27,8843
4908,前鼎,35,18,17,玉山-高雄,2023-10-27,8843
3011,今皓,17,0,17,玉山-高雄,2023-10-27,8843
00933B,國泰10Y+金融債,30,13,17,玉山-高雄,2023-10-27,8843
3041,揚智,19,3,16,玉山-高雄,2023-10-27,8843
2427,三商電,19,4,15,玉山-高雄,2023-10-27,8843
5301,寶得利,15,0,15,玉山-高雄,2023-10-27,8843
6290,良維,17,2,15,玉山-高雄,2023-10-27,8843
2201,裕隆,17,2,15,玉山-高雄,2023-10-27,8843
00720B,元大投資級公司債,20,6,14,玉山-高雄,2023-10-27,8843
6485,點序,14,0,14,玉山-高雄,2023-10-27,8843
5328,華容,14,0,14,玉山-高雄,2023-10-27,8843
5351,鈺創,15,2,13,玉山-高雄,2023-10-27,8843
00669R,國泰美國道瓊反1,15,2,13,玉山-高雄,2023-10-27,8843
2356,英業達,21,8,13,玉山-高雄,2023-10-27,8843
2454,聯發科,13,1,12,玉山-高雄,2023-10-27,8843
2618,長榮航,63,51,12,玉山-高雄,2023-10-27,8843
2425,承啟,19,7,12,玉山-高雄,2023-10-27,8843
8050,廣積,12,0,12,玉山-高雄,2023-10-27,8843
8150,南茂,13,1,12,玉山-高雄,2023-10-27,8843
3078,僑威,47,35,12,玉山-高雄,2023-10-27,8843
2337,旺宏,20,9,11,玉山-高雄,2023-10-27,8843
2317,鴻海,244,72,172,玉山-高雄,2023-10-30,8843
00712,復華富時不動產,166,24,142,玉山-高雄,2023-10-30,8843
3481,群創,234,109,125,玉山-高雄,2023-10-30,8843
2884,玉山金,109,19,90,玉山-高雄,2023-10-30,8843
2883,凱基金,83,4,79,玉山-高雄,2023-10-30,8843
6117,迎廣,174,102,72,玉山-高雄,2023-10-30,8843
00918,大華優利高填息30,68,2,66,玉山-高雄,2023-10-30,8843
2618,長榮航,167,104,63,玉山-高雄,2023-10-30,8843
00919,群益台灣精選高息,71,9,62,玉山-高雄,2023-10-30,8843
00720B,元大投資級公司債,47,0,47,玉山-高雄,2023-10-30,8843
2485,兆赫,114,71,43,玉山-高雄,2023-10-30,8843
3711,日月光投控,42,0,42,玉山-高雄,2023-10-30,8843
1101,台泥,42,2,40,玉山-高雄,2023-10-30,8843
2887,台新金,39,0,39,玉山-高雄,2023-10-30,8843
1303,南亞,37,0,37,玉山-高雄,2023-10-30,8843
00637L,元大滬深300正2,40,7,33,玉山-高雄,2023-10-30,8843
2337,旺宏,50,18,32,玉山-高雄,2023-10-30,8843
2641,正德,32,4,28,玉山-高雄,2023-10-30,8843
8110,華東,33,7,26,玉山-高雄,2023-10-30,8843
6605,帝寶,25,0,25,玉山-高雄,2023-10-30,8843
2002,中鋼,45,23,22,玉山-高雄,2023-10-30,8843
2330,台積電,24,2,22,玉山-高雄,2023-10-30,8843
2891,中信金,32,12,20,玉山-高雄,2023-10-30,8843
00671R,富邦NASDAQ反1,20,0,20,玉山-高雄,2023-10-30,8843
2610,華航,20,1,19,玉山-高雄,2023-10-30,8843
00669R,國泰美國道瓊反1,20,1,19,玉山-高雄,2023-10-30,8843
6233,旺玖,24,6,18,玉山-高雄,2023-10-30,8843
6472,保瑞,23,5,18,玉山-高雄,2023-10-30,8843
00679B,元大美債20年,27,10,17,玉山-高雄,2023-10-30,8843
3231,緯創,85,69,16,玉山-高雄,2023-10-30,8843
00933B,國泰10Y+金融債,15,0,15,玉山-高雄,2023-10-30,8843
0056,元大高股息,40,25,15,玉山-高雄,2023-10-30,8843
00885,富邦越南,15,0,15,玉山-高雄,2023-10-30,8843
4961,天鈺,15,1,14,玉山-高雄,2023-10-30,8843
8936,國統,17,3,14,玉山-高雄,2023-10-30,8843
2340,台亞,14,0,14,玉山-高雄,2023-10-30,8843
2303,聯電,26,12,14,玉山-高雄,2023-10-30,8843
2885,元大金,14,0,14,玉山-高雄,2023-10-30,8843
00931B,統一美債20年,13,0,13,玉山-高雄,2023-10-30,8843
1905,華紙,15,2,13,玉山-高雄,2023-10-30,8843
2356,英業達,36,23,13,玉山-高雄,2023-10-30,8843
5880,合庫金,12,0,12,玉山-高雄,2023-10-30,8843
6770,力積電,14,2,12,玉山-高雄,2023-10-30,8843
2601,益航,13,1,12,玉山-高雄,2023-10-30,8843
2886,兆豐金,13,2,11,玉山-高雄,2023-10-30,8843
3489,森寶,11,0,11,玉山-高雄,2023-10-30,8843
4162,智擎,18,7,11,玉山-高雄,2023-10-30,8843
8926,台汽電,11,0,11,玉山-高雄,2023-10-30,8843
00751B,元大AAA至A公司債,11,0,11,玉山-高雄,2023-10-30,8843
2323,中環,19,9,10,玉山-高雄,2023-10-30,8843
00715L,期街口布蘭特正2,928,0,928,玉山-高雄,2023-10-31,8843
00929,復華台灣科技優息,231,31,200,玉山-高雄,2023-10-31,8843
0056,元大高股息,197,9,188,玉山-高雄,2023-10-31,8843
00878,國泰永續高股息,209,21,188,玉山-高雄,2023-10-31,8843
2634,漢翔,163,17,146,玉山-高雄,2023-10-31,8843
00919,群益台灣精選高息,142,5,137,玉山-高雄,2023-10-31,8843
8936,國統,139,4,135,玉山-高雄,2023-10-31,8843
2888,新光金,128,33,95,玉山-高雄,2023-10-31,8843
1101,台泥,77,7,70,玉山-高雄,2023-10-31,8843
00712,復華富時不動產,80,14,66,玉山-高雄,2023-10-31,8843
2323,中環,51,1,50,玉山-高雄,2023-10-31,8843
2303,聯電,55,8,47,玉山-高雄,2023-10-31,8843
2382,廣達,88,42,46,玉山-高雄,2023-10-31,8843
00885,富邦越南,46,1,45,玉山-高雄,2023-10-31,8843
2344,華邦電,59,16,43,玉山-高雄,2023-10-31,8843
00753L,中信中國50正2,43,0,43,玉山-高雄,2023-10-31,8843
2332,友訊,44,1,43,玉山-高雄,2023-10-31,8843
3059,華晶科,41,0,41,玉山-高雄,2023-10-31,8843
00665L,富邦�琤肭磪囓�2,40,0,40,玉山-高雄,2023-10-31,8843
2884,玉山金,49,9,40,玉山-高雄,2023-10-31,8843
3715,定穎投控,180,140,40,玉山-高雄,2023-10-31,8843
0050,元大台灣50,45,7,38,玉山-高雄,2023-10-31,8843
2356,英業達,54,16,38,玉山-高雄,2023-10-31,8843
00922,國泰台灣領袖50,39,2,37,玉山-高雄,2023-10-31,8843
2337,旺宏,36,0,36,玉山-高雄,2023-10-31,8843
00893,國泰智能電動車,35,0,35,玉山-高雄,2023-10-31,8843
3231,緯創,117,83,34,玉山-高雄,2023-10-31,8843
2201,裕隆,37,6,31,玉山-高雄,2023-10-31,8843
2601,益航,30,0,30,玉山-高雄,2023-10-31,8843
6198,瑞築,30,0,30,玉山-高雄,2023-10-31,8843
2104,國際中橡,29,0,29,玉山-高雄,2023-10-31,8843
2103,台橡,28,0,28,玉山-高雄,2023-10-31,8843
4543,萬在,28,0,28,玉山-高雄,2023-10-31,8843
1605,華新,35,8,27,玉山-高雄,2023-10-31,8843
2301,光寶科,36,9,27,玉山-高雄,2023-10-31,8843
6443,元晶,47,20,27,玉山-高雄,2023-10-31,8843
2880,華南金,25,0,25,玉山-高雄,2023-10-31,8843
2637,慧洋-KY,25,0,25,玉山-高雄,2023-10-31,8843
6016,康和證,25,0,25,玉山-高雄,2023-10-31,8843
00679B,元大美債20年,29,5,24,玉山-高雄,2023-10-31,8843
3094,聯傑,58,34,24,玉山-高雄,2023-10-31,8843
2641,正德,26,3,23,玉山-高雄,2023-10-31,8843
6235,華孚,31,9,22,玉山-高雄,2023-10-31,8843
3363,上詮,51,30,21,玉山-高雄,2023-10-31,8843
8227,巨有科技,21,0,21,玉山-高雄,2023-10-31,8843
2066,世德,21,0,21,玉山-高雄,2023-10-31,8843
2515,中工,71,50,21,玉山-高雄,2023-10-31,8843
3221,台嘉碩,21,0,21,玉山-高雄,2023-10-31,8843
1312,國喬,21,0,21,玉山-高雄,2023-10-31,8843
3325,旭品,31,10,21,玉山-高雄,2023-10-31,8843
00934,中信成長高股息,305,50,255,玉山-高雄,2023-11-01,8843
00929,復華台灣科技優息,280,41,239,玉山-高雄,2023-11-01,8843
00712,復華富時不動產,226,87,139,玉山-高雄,2023-11-01,8843
00878,國泰永續高股息,156,20,136,玉山-高雄,2023-11-01,8843
00706L,期元大S＆P日圓正2,117,0,117,玉山-高雄,2023-11-01,8843
00680L,元大美債20正2,112,0,112,玉山-高雄,2023-11-01,8843
00919,群益台灣精選高息,141,49,92,玉山-高雄,2023-11-01,8843
00679B,元大美債20年,92,1,91,玉山-高雄,2023-11-01,8843
2409,友達,92,7,85,玉山-高雄,2023-11-01,8843
2884,玉山金,117,48,69,玉山-高雄,2023-11-01,8843
2002,中鋼,67,6,61,玉山-高雄,2023-11-01,8843
1101,台泥,64,5,59,玉山-高雄,2023-11-01,8843
00922,國泰台灣領袖50,45,0,45,玉山-高雄,2023-11-01,8843
6116,彩晶,43,0,43,玉山-高雄,2023-11-01,8843
2317,鴻海,44,1,43,玉山-高雄,2023-11-01,8843
2634,漢翔,53,14,39,玉山-高雄,2023-11-01,8843
0056,元大高股息,62,23,39,玉山-高雄,2023-11-01,8843
2601,益航,36,0,36,玉山-高雄,2023-11-01,8843
00715L,期街口布蘭特正2,35,1,34,玉山-高雄,2023-11-01,8843
2401,凌陽,34,1,33,玉山-高雄,2023-11-01,8843
2353,宏��,55,22,33,玉山-高雄,2023-11-01,8843
00795B,中信美國公債20年,33,0,33,玉山-高雄,2023-11-01,8843
00885,富邦越南,33,1,32,玉山-高雄,2023-11-01,8843
3481,群創,38,7,31,玉山-高雄,2023-11-01,8843
2607,榮運,30,0,30,玉山-高雄,2023-11-01,8843
3305,昇貿,30,0,30,玉山-高雄,2023-11-01,8843
00935,野村臺灣新科技50,29,0,29,玉山-高雄,2023-11-01,8843
2641,正德,27,1,26,玉山-高雄,2023-11-01,8843
2883,凱基金,44,19,25,玉山-高雄,2023-11-01,8843
00753L,中信中國50正2,27,3,24,玉山-高雄,2023-11-01,8843
00916,國泰全球品牌50,23,0,23,玉山-高雄,2023-11-01,8843
3035,智原,44,23,21,玉山-高雄,2023-11-01,8843
00687B,國泰20年美債,24,3,21,玉山-高雄,2023-11-01,8843
2417,圓剛,76,57,19,玉山-高雄,2023-11-01,8843
2312,金寶,20,1,19,玉山-高雄,2023-11-01,8843
5521,工信,22,4,18,玉山-高雄,2023-11-01,8843
0050,元大台灣50,20,2,18,玉山-高雄,2023-11-01,8843
1605,華新,17,0,17,玉山-高雄,2023-11-01,8843
4167,松瑞藥,32,15,17,玉山-高雄,2023-11-01,8843
00720B,元大投資級公司債,38,21,17,玉山-高雄,2023-11-01,8843
1609,大亞,19,3,16,玉山-高雄,2023-11-01,8843
6125,廣運,19,5,14,玉山-高雄,2023-11-01,8843
2014,中鴻,15,1,14,玉山-高雄,2023-11-01,8843
3338,泰碩,16,2,14,玉山-高雄,2023-11-01,8843
3021,鴻名,14,1,13,玉山-高雄,2023-11-01,8843
3530,晶相光,12,0,12,玉山-高雄,2023-11-01,8843
6179,亞通,11,0,11,玉山-高雄,2023-11-01,8843
6244,茂迪,11,0,11,玉山-高雄,2023-11-01,8843
2482,連宇,10,0,10,玉山-高雄,2023-11-01,8843
2890,永豐金,12,2,10,玉山-高雄,2023-11-01,8843
00712,復華富時不動產,320,31,289,玉山-高雄,2023-11-02,8843
2883,凱基金,217,12,205,玉山-高雄,2023-11-02,8843
00632R,元大台灣50反1,72,0,72,玉山-高雄,2023-11-02,8843
2356,英業達,99,29,70,玉山-高雄,2023-11-02,8843
00934,中信成長高股息,95,35,60,玉山-高雄,2023-11-02,8843
00679B,元大美債20年,69,12,57,玉山-高雄,2023-11-02,8843
6213,聯茂,70,18,52,玉山-高雄,2023-11-02,8843
2538,基泰,45,0,45,玉山-高雄,2023-11-02,8843
8112,至上,37,1,36,玉山-高雄,2023-11-02,8843
3702,大聯大,37,7,30,玉山-高雄,2023-11-02,8843
6176,瑞儀,30,1,29,玉山-高雄,2023-11-02,8843
5388,中磊,32,6,26,玉山-高雄,2023-11-02,8843
00637L,元大滬深300正2,29,5,24,玉山-高雄,2023-11-02,8843
2406,國碩,20,0,20,玉山-高雄,2023-11-02,8843
1609,大亞,20,0,20,玉山-高雄,2023-11-02,8843
00935,野村臺灣新科技50,18,0,18,玉山-高雄,2023-11-02,8843
2317,鴻海,63,46,17,玉山-高雄,2023-11-02,8843
2892,第一金,16,0,16,玉山-高雄,2023-11-02,8843
2543,皇昌,42,27,15,玉山-高雄,2023-11-02,8843
1603,華電,15,0,15,玉山-高雄,2023-11-02,8843
2885,元大金,15,0,15,玉山-高雄,2023-11-02,8843
3034,聯詠,19,5,14,玉山-高雄,2023-11-02,8843
2408,南亞科,14,1,13,玉山-高雄,2023-11-02,8843
2303,聯電,91,78,13,玉山-高雄,2023-11-02,8843
00885,富邦越南,22,9,13,玉山-高雄,2023-11-02,8843
00931B,統一美債20年,12,0,12,玉山-高雄,2023-11-02,8843
2367,燿華,29,18,11,玉山-高雄,2023-11-02,8843
4532,瑞智,11,0,11,玉山-高雄,2023-11-02,8843
00687B,國泰20年美債,32,21,11,玉山-高雄,2023-11-02,8843
4119,旭富,11,0,11,玉山-高雄,2023-11-02,8843
8150,南茂,13,2,11,玉山-高雄,2023-11-02,8843
2376,技嘉,33,23,10,玉山-高雄,2023-11-02,8843
2427,三商電,13,3,10,玉山-高雄,2023-11-02,8843
00852L,國泰美國道瓊正2,10,0,10,玉山-高雄,2023-11-02,8843
2066,世德,10,0,10,玉山-高雄,2023-11-02,8843
5328,華容,12,2,10,玉山-高雄,2023-11-02,8843
1802,台玻,12,2,10,玉山-高雄,2023-11-02,8843
6127,九豪,10,0,10,玉山-高雄,2023-11-02,8843
00882,中信中國高股息,11,2,9,玉山-高雄,2023-11-02,8843
3704,合勤控,11,2,9,玉山-高雄,2023-11-02,8843
3052,夆典,9,0,9,玉山-高雄,2023-11-02,8843
4915,致伸,14,5,9,玉山-高雄,2023-11-02,8843
1718,中纖,9,0,9,玉山-高雄,2023-11-02,8843
00919,群益台灣精選高息,69,61,8,玉山-高雄,2023-11-02,8843
2002,中鋼,13,4,9,玉山-高雄,2023-11-02,8843
2364,倫飛,9,1,8,玉山-高雄,2023-11-02,8843
6125,廣運,17,9,8,玉山-高雄,2023-11-02,8843
3048,益登,17,9,8,玉山-高雄,2023-11-02,8843
1785,光洋科,7,0,7,玉山-高雄,2023-11-02,8843
2834,臺企銀,7,0,7,玉山-高雄,2023-11-02,8843
0056,元大高股息,389,14,375,玉山-高雄,2023-11-03,8843
00680L,元大美債20正2,209,36,173,玉山-高雄,2023-11-03,8843
2317,鴻海,210,46,164,玉山-高雄,2023-11-03,8843
2363,矽統,314,181,133,玉山-高雄,2023-11-03,8843
00878,國泰永續高股息,132,27,105,玉山-高雄,2023-11-03,8843
2618,長榮航,267,165,102,玉山-高雄,2023-11-03,8843
2356,英業達,73,8,65,玉山-高雄,2023-11-03,8843
2883,凱基金,172,111,61,玉山-高雄,2023-11-03,8843
00679B,元大美債20年,68,12,56,玉山-高雄,2023-11-03,8843
1101,台泥,61,7,54,玉山-高雄,2023-11-03,8843
1326,台化,47,0,47,玉山-高雄,2023-11-03,8843
5234,達興材料,45,0,45,玉山-高雄,2023-11-03,8843
2641,正德,43,2,41,玉山-高雄,2023-11-03,8843
8150,南茂,109,72,37,玉山-高雄,2023-11-03,8843
00688L,國泰20年美債正2,36,2,34,玉山-高雄,2023-11-03,8843
2498,宏達電,48,22,26,玉山-高雄,2023-11-03,8843
9907,統一實,22,0,22,玉山-高雄,2023-11-03,8843
2344,華邦電,26,5,21,玉山-高雄,2023-11-03,8843
3489,森寶,21,0,21,玉山-高雄,2023-11-03,8843
3059,華晶科,21,0,21,玉山-高雄,2023-11-03,8843
2329,華泰,61,41,20,玉山-高雄,2023-11-03,8843
3703,欣陸,22,2,20,玉山-高雄,2023-11-03,8843
00935,野村臺灣新科技50,21,1,20,玉山-高雄,2023-11-03,8843
2353,宏��,49,30,19,玉山-高雄,2023-11-03,8843
2382,廣達,39,20,19,玉山-高雄,2023-11-03,8843
00922,國泰台灣領袖50,17,0,17,玉山-高雄,2023-11-03,8843
1524,耿鼎,21,4,17,玉山-高雄,2023-11-03,8843
6290,良維,22,5,17,玉山-高雄,2023-11-03,8843
6125,廣運,17,0,17,玉山-高雄,2023-11-03,8843
5530,龍巖,16,0,16,玉山-高雄,2023-11-03,8843
1324,地球,21,5,16,玉山-高雄,2023-11-03,8843
6198,瑞築,16,0,16,玉山-高雄,2023-11-03,8843
8227,巨有科技,20,5,15,玉山-高雄,2023-11-03,8843
8112,至上,21,6,15,玉山-高雄,2023-11-03,8843
6170,統振,14,0,14,玉山-高雄,2023-11-03,8843
1301,台塑,15,1,14,玉山-高雄,2023-11-03,8843
8996,高力,19,6,13,玉山-高雄,2023-11-03,8843
1802,台玻,15,3,12,玉山-高雄,2023-11-03,8843
3213,茂訊,12,0,12,玉山-高雄,2023-11-03,8843
3048,益登,12,0,12,玉山-高雄,2023-11-03,8843
1303,南亞,16,4,12,玉山-高雄,2023-11-03,8843
00852L,國泰美國道瓊正2,12,0,12,玉山-高雄,2023-11-03,8843
3013,晟銘電,22,10,12,玉山-高雄,2023-11-03,8843
00905,FT臺灣Smart,11,0,11,玉山-高雄,2023-11-03,8843
2324,仁寶,14,3,11,玉山-高雄,2023-11-03,8843
6605,帝寶,11,0,11,玉山-高雄,2023-11-03,8843
2376,技嘉,29,18,11,玉山-高雄,2023-11-03,8843
2461,光群雷,11,1,10,玉山-高雄,2023-11-03,8843
6179,亞通,10,0,10,玉山-高雄,2023-11-03,8843
8110,華東,11,1,10,玉山-高雄,2023-11-03,8843
1314,中石化,1200,191,1009,玉山-高雄,2023-11-06,8843
00715L,期街口布蘭特正2,926,0,926,玉山-高雄,2023-11-06,8843
2883,凱基金,517,63,454,玉山-高雄,2023-11-06,8843
2885,元大金,155,1,154,玉山-高雄,2023-11-06,8843
2618,長榮航,251,153,98,玉山-高雄,2023-11-06,8843
00632R,元大台灣50反1,74,1,73,玉山-高雄,2023-11-06,8843
00687B,國泰20年美債,67,0,67,玉山-高雄,2023-11-06,8843
2317,鴻海,115,50,65,玉山-高雄,2023-11-06,8843
00679B,元大美債20年,59,1,58,玉山-高雄,2023-11-06,8843
2002,中鋼,108,51,57,玉山-高雄,2023-11-06,8843
00878,國泰永續高股息,107,51,56,玉山-高雄,2023-11-06,8843
8150,南茂,56,0,56,玉山-高雄,2023-11-06,8843
6274,台燿,57,4,53,玉山-高雄,2023-11-06,8843
00680L,元大美債20正2,104,51,53,玉山-高雄,2023-11-06,8843
2905,三商,50,0,50,玉山-高雄,2023-11-06,8843
2509,全坤建,50,0,50,玉山-高雄,2023-11-06,8843
1301,台塑,50,7,43,玉山-高雄,2023-11-06,8843
00929,復華台灣科技優息,188,149,39,玉山-高雄,2023-11-06,8843
3481,群創,52,14,38,玉山-高雄,2023-11-06,8843
2388,威盛,101,64,37,玉山-高雄,2023-11-06,8843
3703,欣陸,37,1,36,玉山-高雄,2023-11-06,8843
3059,華晶科,35,0,35,玉山-高雄,2023-11-06,8843
2363,矽統,183,150,33,玉山-高雄,2023-11-06,8843
00933B,國泰10Y+金融債,38,6,32,玉山-高雄,2023-11-06,8843
00934,中信成長高股息,56,24,32,玉山-高雄,2023-11-06,8843
8112,至上,32,1,31,玉山-高雄,2023-11-06,8843
4960,誠美材,31,0,31,玉山-高雄,2023-11-06,8843
8927,北基,28,1,27,玉山-高雄,2023-11-06,8843
6770,力積電,64,39,25,玉山-高雄,2023-11-06,8843
00902,中信電池及儲能,29,9,20,玉山-高雄,2023-11-06,8843
3122,笙泉,20,1,19,玉山-高雄,2023-11-06,8843
00722B,群益投資級電信債,20,1,19,玉山-高雄,2023-11-06,8843
00931B,統一美債20年,17,0,17,玉山-高雄,2023-11-06,8843
2881,富邦金,22,5,17,玉山-高雄,2023-11-06,8843
9924,福興,19,3,16,玉山-高雄,2023-11-06,8843
3545,敦泰,23,7,16,玉山-高雄,2023-11-06,8843
00692,富邦公司治理,16,0,16,玉山-高雄,2023-11-06,8843
8069,元太,15,1,14,玉山-高雄,2023-11-06,8843
2442,新美齊,14,1,13,玉山-高雄,2023-11-06,8843
00935,野村臺灣新科技50,18,5,13,玉山-高雄,2023-11-06,8843
6179,亞通,13,0,13,玉山-高雄,2023-11-06,8843
00850,元大臺灣ESG永續,14,1,13,玉山-高雄,2023-11-06,8843
6591,動力-KY,12,0,12,玉山-高雄,2023-11-06,8843
2913,農林,15,3,12,玉山-高雄,2023-11-06,8843
2601,益航,17,5,12,玉山-高雄,2023-11-06,8843
00888,永豐台灣ESG,13,1,12,玉山-高雄,2023-11-06,8843
2515,中工,11,0,11,玉山-高雄,2023-11-06,8843
2308,台達電,18,8,10,玉山-高雄,2023-11-06,8843
4128,中天,10,0,10,玉山-高雄,2023-11-06,8843
2462,良得電,12,2,10,玉山-高雄,2023-11-06,8843
3481,群創,408,12,396,玉山-高雄,2023-11-07,8843
2363,矽統,281,82,199,玉山-高雄,2023-11-07,8843
2634,漢翔,194,7,187,玉山-高雄,2023-11-07,8843
00934,中信成長高股息,83,0,83,玉山-高雄,2023-11-07,8843
6139,亞翔,80,4,76,玉山-高雄,2023-11-07,8843
00679B,元大美債20年,82,12,70,玉山-高雄,2023-11-07,8843
2509,全坤建,68,0,68,玉山-高雄,2023-11-07,8843
00687B,國泰20年美債,63,0,63,玉山-高雄,2023-11-07,8843
00720B,元大投資級公司債,76,15,61,玉山-高雄,2023-11-07,8843
00753L,中信中國50正2,75,15,60,玉山-高雄,2023-11-07,8843
6197,佳必琪,58,1,57,玉山-高雄,2023-11-07,8843
3545,敦泰,61,10,51,玉山-高雄,2023-11-07,8843
2002,中鋼,76,25,51,玉山-高雄,2023-11-07,8843
5213,亞昕,50,1,49,玉山-高雄,2023-11-07,8843
8112,至上,44,0,44,玉山-高雄,2023-11-07,8843
3703,欣陸,44,0,44,玉山-高雄,2023-11-07,8843
1815,富喬,77,34,43,玉山-高雄,2023-11-07,8843
2344,華邦電,42,0,42,玉山-高雄,2023-11-07,8843
2409,友達,43,2,41,玉山-高雄,2023-11-07,8843
3374,精材,47,7,40,玉山-高雄,2023-11-07,8843
2453,凌群,53,13,40,玉山-高雄,2023-11-07,8843
00632R,元大台灣50反1,38,0,38,玉山-高雄,2023-11-07,8843
3576,聯合再生,33,0,33,玉山-高雄,2023-11-07,8843
1789,神隆,37,6,31,玉山-高雄,2023-11-07,8843
2515,中工,50,20,30,玉山-高雄,2023-11-07,8843
2390,云辰,30,0,30,玉山-高雄,2023-11-07,8843
8069,元太,30,2,28,玉山-高雄,2023-11-07,8843
00665L,富邦�琤肭磪囓�2,28,0,28,玉山-高雄,2023-11-07,8843
2748,雲品,53,27,26,玉山-高雄,2023-11-07,8843
1314,中石化,25,0,25,玉山-高雄,2023-11-07,8843
3062,建漢,50,25,25,玉山-高雄,2023-11-07,8843
2610,華航,62,41,21,玉山-高雄,2023-11-07,8843
1434,福懋,20,0,20,玉山-高雄,2023-11-07,8843
2358,廷鑫,20,0,20,玉山-高雄,2023-11-07,8843
6138,茂達,23,5,18,玉山-高雄,2023-11-07,8843
00919,群益台灣精選高息,111,93,18,玉山-高雄,2023-11-07,8843
2312,金寶,17,0,17,玉山-高雄,2023-11-07,8843
2317,鴻海,69,53,16,玉山-高雄,2023-11-07,8843
2359,所羅門,16,1,15,玉山-高雄,2023-11-07,8843
8110,華東,15,0,15,玉山-高雄,2023-11-07,8843
00772B,中信高評級公司債,14,0,14,玉山-高雄,2023-11-07,8843
6188,廣明,14,0,14,玉山-高雄,2023-11-07,8843
00674R,期元大S＆P黃金反1,14,0,14,玉山-高雄,2023-11-07,8843
2408,南亞科,21,7,14,玉山-高雄,2023-11-07,8843
6625,必應,25,11,14,玉山-高雄,2023-11-07,8843
6182,合晶,20,7,13,玉山-高雄,2023-11-07,8843
3689,湧德,13,0,13,玉山-高雄,2023-11-07,8843
00882,中信中國高股息,18,7,11,玉山-高雄,2023-11-07,8843
00706L,期元大S＆P日圓正2,11,0,11,玉山-高雄,2023-11-07,8843
3014,聯陽,13,2,11,玉山-高雄,2023-11-07,8843
2303,聯電,584,13,571,玉山-高雄,2023-11-08,8843
00919,群益台灣精選高息,500,44,456,玉山-高雄,2023-11-08,8843
2363,矽統,491,183,308,玉山-高雄,2023-11-08,8843
00878,國泰永續高股息,300,45,255,玉山-高雄,2023-11-08,8843
2903,遠百,238,0,238,玉山-高雄,2023-11-08,8843
00936,台新永續高息中小,227,50,177,玉山-高雄,2023-11-08,8843
00934,中信成長高股息,102,21,81,玉山-高雄,2023-11-08,8843
00679B,元大美債20年,86,10,76,玉山-高雄,2023-11-08,8843
1314,中石化,72,0,72,玉山-高雄,2023-11-08,8843
3231,緯創,275,225,50,玉山-高雄,2023-11-08,8843
3481,群創,74,24,50,玉山-高雄,2023-11-08,8843
00905,FT臺灣Smart,51,2,49,玉山-高雄,2023-11-08,8843
00882,中信中國高股息,46,1,45,玉山-高雄,2023-11-08,8843
2329,華泰,171,128,43,玉山-高雄,2023-11-08,8843
2618,長榮航,200,159,41,玉山-高雄,2023-11-08,8843
2607,榮運,40,0,40,玉山-高雄,2023-11-08,8843
1815,富喬,136,96,40,玉山-高雄,2023-11-08,8843
00687B,國泰20年美債,43,6,37,玉山-高雄,2023-11-08,8843
2883,凱基金,36,0,36,玉山-高雄,2023-11-08,8843
2002,中鋼,39,4,35,玉山-高雄,2023-11-08,8843
3576,聯合再生,33,0,33,玉山-高雄,2023-11-08,8843
2204,中華,34,3,31,玉山-高雄,2023-11-08,8843
1452,宏益,30,0,30,玉山-高雄,2023-11-08,8843
2634,漢翔,46,18,28,玉山-高雄,2023-11-08,8843
00751B,元大AAA至A公司債,34,6,28,玉山-高雄,2023-11-08,8843
00720B,元大投資級公司債,27,0,27,玉山-高雄,2023-11-08,8843
2476,鉅祥,47,21,26,玉山-高雄,2023-11-08,8843
9924,福興,26,1,25,玉山-高雄,2023-11-08,8843
2610,華航,35,12,23,玉山-高雄,2023-11-08,8843
00931B,統一美債20年,25,2,23,玉山-高雄,2023-11-08,8843
2312,金寶,22,0,22,玉山-高雄,2023-11-08,8843
2388,威盛,70,49,21,玉山-高雄,2023-11-08,8843
2609,陽明,21,1,20,玉山-高雄,2023-11-08,8843
2323,中環,21,1,20,玉山-高雄,2023-11-08,8843
2380,虹光,20,0,20,玉山-高雄,2023-11-08,8843
8112,至上,20,0,20,玉山-高雄,2023-11-08,8843
8150,南茂,25,5,20,玉山-高雄,2023-11-08,8843
2641,正德,20,0,20,玉山-高雄,2023-11-08,8843
1524,耿鼎,29,9,20,玉山-高雄,2023-11-08,8843
00664R,國泰臺灣加權反1,20,0,20,玉山-高雄,2023-11-08,8843
2409,友達,21,2,19,玉山-高雄,2023-11-08,8843
3715,定穎投控,27,9,18,玉山-高雄,2023-11-08,8843
1605,華新,45,27,18,玉山-高雄,2023-11-08,8843
6290,良維,24,7,17,玉山-高雄,2023-11-08,8843
3406,玉晶光,17,0,17,玉山-高雄,2023-11-08,8843
4105,東洋,15,0,15,玉山-高雄,2023-11-08,8843
8110,華東,69,54,15,玉山-高雄,2023-11-08,8843
00674R,期元大S＆P黃金反1,15,0,15,玉山-高雄,2023-11-08,8843
00641R,富邦日本反1,15,0,15,玉山-高雄,2023-11-08,8843
00935,野村臺灣新科技50,15,1,14,玉山-高雄,2023-11-08,8843
2363,矽統,1319,351,968,玉山-高雄,2023-11-09,8843
00712,復華富時不動產,288,19,269,玉山-高雄,2023-11-09,8843
00715L,期街口布蘭特正2,224,0,224,玉山-高雄,2023-11-09,8843
00680L,元大美債20正2,220,25,195,玉山-高雄,2023-11-09,8843
1314,中石化,170,25,145,玉山-高雄,2023-11-09,8843
2618,長榮航,248,138,110,玉山-高雄,2023-11-09,8843
1815,富喬,119,17,102,玉山-高雄,2023-11-09,8843
2329,華泰,244,154,90,玉山-高雄,2023-11-09,8843
6284,佳邦,75,1,74,玉山-高雄,2023-11-09,8843
00919,群益台灣精選高息,116,46,70,玉山-高雄,2023-11-09,8843
5347,世界,64,5,59,玉山-高雄,2023-11-09,8843
00878,國泰永續高股息,72,21,51,玉山-高雄,2023-11-09,8843
2313,華通,62,14,48,玉山-高雄,2023-11-09,8843
1324,地球,56,12,44,玉山-高雄,2023-11-09,8843
00687B,國泰20年美債,73,32,41,玉山-高雄,2023-11-09,8843
6438,迅得,37,0,37,玉山-高雄,2023-11-09,8843
00936,台新永續高息中小,45,10,35,玉山-高雄,2023-11-09,8843
00934,中信成長高股息,40,7,33,玉山-高雄,2023-11-09,8843
00688L,國泰20年美債正2,53,20,33,玉山-高雄,2023-11-09,8843
2352,佳世達,44,12,32,玉山-高雄,2023-11-09,8843
6274,台燿,38,6,32,玉山-高雄,2023-11-09,8843
6116,彩晶,32,0,32,玉山-高雄,2023-11-09,8843
2542,興富發,32,0,32,玉山-高雄,2023-11-09,8843
2634,漢翔,43,12,31,玉山-高雄,2023-11-09,8843
2344,華邦電,30,1,29,玉山-高雄,2023-11-09,8843
00632R,元大台灣50反1,26,0,26,玉山-高雄,2023-11-09,8843
8070,長華*,27,2,25,玉山-高雄,2023-11-09,8843
3481,群創,28,4,24,玉山-高雄,2023-11-09,8843
2393,億光,25,1,24,玉山-高雄,2023-11-09,8843
2002,中鋼,45,22,23,玉山-高雄,2023-11-09,8843
5213,亞昕,23,0,23,玉山-高雄,2023-11-09,8843
6548,長科*,23,0,23,玉山-高雄,2023-11-09,8843
3122,笙泉,61,39,22,玉山-高雄,2023-11-09,8843
2399,映泰,26,5,21,玉山-高雄,2023-11-09,8843
2489,瑞軒,21,0,21,玉山-高雄,2023-11-09,8843
00706L,期元大S＆P日圓正2,21,0,21,玉山-高雄,2023-11-09,8843
9907,統一實,21,0,21,玉山-高雄,2023-11-09,8843
8040,九暘,20,0,20,玉山-高雄,2023-11-09,8843
00753L,中信中國50正2,90,70,20,玉山-高雄,2023-11-09,8843
3669,圓展,20,0,20,玉山-高雄,2023-11-09,8843
1312,國喬,19,0,19,玉山-高雄,2023-11-09,8843
3576,聯合再生,25,6,19,玉山-高雄,2023-11-09,8843
2020,美亞,28,9,19,玉山-高雄,2023-11-09,8843
00795B,中信美國公債20年,18,0,18,玉山-高雄,2023-11-09,8843
00648R,元大S＆P500反1,18,0,18,玉山-高雄,2023-11-09,8843
1714,和桐,20,2,18,玉山-高雄,2023-11-09,8843
2427,三商電,20,2,18,玉山-高雄,2023-11-09,8843
4543,萬在,18,0,18,玉山-高雄,2023-11-09,8843
2488,漢平,18,0,18,玉山-高雄,2023-11-09,8843
2301,光寶科,27,9,18,玉山-高雄,2023-11-09,8843
00753L,中信中國50正2,225,25,200,玉山-高雄,2023-11-10,8843
00936,台新永續高息中小,195,2,193,玉山-高雄,2023-11-10,8843
00878,國泰永續高股息,177,38,139,玉山-高雄,2023-11-10,8843
00919,群益台灣精選高息,156,35,121,玉山-高雄,2023-11-10,8843
00650L,復華香港正2,117,0,117,玉山-高雄,2023-11-10,8843
00929,復華台灣科技優息,115,18,97,玉山-高雄,2023-11-10,8843
2313,華通,310,222,88,玉山-高雄,2023-11-10,8843
00665L,富邦�琤肭磪囓�2,85,10,75,玉山-高雄,2023-11-10,8843
3481,群創,106,43,63,玉山-高雄,2023-11-10,8843
3013,晟銘電,76,13,63,玉山-高雄,2023-11-10,8843
4414,如興,60,0,60,玉山-高雄,2023-11-10,8843
6116,彩晶,51,0,51,玉山-高雄,2023-11-10,8843
6643,M31,53,4,49,玉山-高雄,2023-11-10,8843
00679B,元大美債20年,56,11,45,玉山-高雄,2023-11-10,8843
00934,中信成長高股息,56,11,45,玉山-高雄,2023-11-10,8843
8034,榮群,55,15,40,玉山-高雄,2023-11-10,8843
2461,光群雷,40,0,40,玉山-高雄,2023-11-10,8843
2201,裕隆,40,1,39,玉山-高雄,2023-11-10,8843
00931B,統一美債20年,48,9,39,玉山-高雄,2023-11-10,8843
4743,合一,68,30,38,玉山-高雄,2023-11-10,8843
3147,大綜,39,1,38,玉山-高雄,2023-11-10,8843
5530,龍巖,37,0,37,玉山-高雄,2023-11-10,8843
00688L,國泰20年美債正2,50,15,35,玉山-高雄,2023-11-10,8843
00633L,富邦上証正2,34,0,34,玉山-高雄,2023-11-10,8843
2454,聯發科,36,3,33,玉山-高雄,2023-11-10,8843
2618,長榮航,167,135,32,玉山-高雄,2023-11-10,8843
3231,緯創,104,72,32,玉山-高雄,2023-11-10,8843
2538,基泰,31,1,30,玉山-高雄,2023-11-10,8843
2888,新光金,31,1,30,玉山-高雄,2023-11-10,8843
1460,宏遠,28,0,28,玉山-高雄,2023-11-10,8843
00706L,期元大S＆P日圓正2,28,0,28,玉山-高雄,2023-11-10,8843
2353,宏��,27,0,27,玉山-高雄,2023-11-10,8843
3041,揚智,27,0,27,玉山-高雄,2023-11-10,8843
00933B,國泰10Y+金融債,26,0,26,玉山-高雄,2023-11-10,8843
2329,華泰,40,14,26,玉山-高雄,2023-11-10,8843
1815,富喬,42,17,25,玉山-高雄,2023-11-10,8843
1736,喬山,25,0,25,玉山-高雄,2023-11-10,8843
6271,同欣電,24,1,23,玉山-高雄,2023-11-10,8843
2371,大同,23,0,23,玉山-高雄,2023-11-10,8843
3217,優群,29,8,21,玉山-高雄,2023-11-10,8843
0056,元大高股息,48,28,20,玉山-高雄,2023-11-10,8843
6712,長聖,20,0,20,玉山-高雄,2023-11-10,8843
00664R,國泰臺灣加權反1,20,0,20,玉山-高雄,2023-11-10,8843
00656R,國泰中國A50反1,20,0,20,玉山-高雄,2023-11-10,8843
3669,圓展,21,1,20,玉山-高雄,2023-11-10,8843
00651R,復華香港反1,20,0,20,玉山-高雄,2023-11-10,8843
1312,國喬,20,0,20,玉山-高雄,2023-11-10,8843
00637L,元大滬深300正2,41,22,19,玉山-高雄,2023-11-10,8843
2542,興富發,17,0,17,玉山-高雄,2023-11-10,8843
00900,富邦特選高股息30,17,0,17,玉山-高雄,2023-11-10,8843
00687B,國泰20年美債,259,1,258,玉山-高雄,2023-11-13,8843
00680L,元大美債20正2,188,3,185,玉山-高雄,2023-11-13,8843
00936,台新永續高息中小,151,0,151,玉山-高雄,2023-11-13,8843
00706L,期元大S＆P日圓正2,113,0,113,玉山-高雄,2023-11-13,8843
4414,如興,110,0,110,玉山-高雄,2023-11-13,8843
00878,國泰永續高股息,145,39,106,玉山-高雄,2023-11-13,8843
6282,康舒,63,5,58,玉山-高雄,2023-11-13,8843
5530,龍巖,52,0,52,玉山-高雄,2023-11-13,8843
2204,中華,57,6,51,玉山-高雄,2023-11-13,8843
00720B,元大投資級公司債,50,0,50,玉山-高雄,2023-11-13,8843
6213,聯茂,61,16,45,玉山-高雄,2023-11-13,8843
2382,廣達,77,34,43,玉山-高雄,2023-11-13,8843
5381,合正,44,2,42,玉山-高雄,2023-11-13,8843
2492,華新科,40,1,39,玉山-高雄,2023-11-13,8843
00679B,元大美債20年,42,3,39,玉山-高雄,2023-11-13,8843
1314,中石化,35,0,35,玉山-高雄,2023-11-13,8843
6290,良維,46,11,35,玉山-高雄,2023-11-13,8843
00850,元大臺灣ESG永續,35,1,34,玉山-高雄,2023-11-13,8843
4123,晟德,36,2,34,玉山-高雄,2023-11-13,8843
8034,榮群,36,2,34,玉山-高雄,2023-11-13,8843
00751B,元大AAA至A公司債,34,0,34,玉山-高雄,2023-11-13,8843
6799,來頡,34,1,33,玉山-高雄,2023-11-13,8843
00722B,群益投資級電信債,33,2,31,玉山-高雄,2023-11-13,8843
2601,益航,32,1,31,玉山-高雄,2023-11-13,8843
00935,野村臺灣新科技50,29,0,29,玉山-高雄,2023-11-13,8843
2367,燿華,31,2,29,玉山-高雄,2023-11-13,8843
4543,萬在,25,0,25,玉山-高雄,2023-11-13,8843
8936,國統,67,42,25,玉山-高雄,2023-11-13,8843
1301,台塑,23,0,23,玉山-高雄,2023-11-13,8843
3390,旭軟,22,0,22,玉山-高雄,2023-11-13,8843
3059,華晶科,20,0,20,玉山-高雄,2023-11-13,8843
2460,建通,20,0,20,玉山-高雄,2023-11-13,8843
2352,佳世達,19,2,17,玉山-高雄,2023-11-13,8843
6598,ABC-KY,17,0,17,玉山-高雄,2023-11-13,8843
00900,富邦特選高股息30,26,10,16,玉山-高雄,2023-11-13,8843
2301,光寶科,20,4,16,玉山-高雄,2023-11-13,8843
3703,欣陸,16,0,16,玉山-高雄,2023-11-13,8843
1312,國喬,16,0,16,玉山-高雄,2023-11-13,8843
1460,宏遠,16,0,16,玉山-高雄,2023-11-13,8843
8110,華東,25,9,16,玉山-高雄,2023-11-13,8843
2603,長榮,42,26,16,玉山-高雄,2023-11-13,8843
3189,景碩,16,1,15,玉山-高雄,2023-11-13,8843
4513,福裕,15,0,15,玉山-高雄,2023-11-13,8843
5905,南仁湖,15,0,15,玉山-高雄,2023-11-13,8843
8358,金居,15,1,14,玉山-高雄,2023-11-13,8843
00633L,富邦上証正2,16,2,14,玉山-高雄,2023-11-13,8843
1529,樂事綠能,14,0,14,玉山-高雄,2023-11-13,8843
2317,鴻海,20,6,14,玉山-高雄,2023-11-13,8843
2369,菱生,25,12,13,玉山-高雄,2023-11-13,8843
2851,中再保,12,0,12,玉山-高雄,2023-11-13,8843
00632R,元大台灣50反1,587,125,462,玉山-高雄,2023-11-14,8843
2884,玉山金,252,77,175,玉山-高雄,2023-11-14,8843
00929,復華台灣科技優息,202,77,125,玉山-高雄,2023-11-14,8843
00673R,期元大S＆P原油反1,101,0,101,玉山-高雄,2023-11-14,8843
6116,彩晶,95,0,95,玉山-高雄,2023-11-14,8843
2618,長榮航,179,101,78,玉山-高雄,2023-11-14,8843
00935,野村臺灣新科技50,60,0,60,玉山-高雄,2023-11-14,8843
00706L,期元大S＆P日圓正2,60,0,60,玉山-高雄,2023-11-14,8843
6122,擎邦,247,188,59,玉山-高雄,2023-11-14,8843
1460,宏遠,57,0,57,玉山-高雄,2023-11-14,8843
5515,建國,57,2,55,玉山-高雄,2023-11-14,8843
2603,長榮,108,53,55,玉山-高雄,2023-11-14,8843
2402,毅嘉,77,24,53,玉山-高雄,2023-11-14,8843
2515,中工,51,1,50,玉山-高雄,2023-11-14,8843
3231,緯創,96,47,49,玉山-高雄,2023-11-14,8843
2834,臺企銀,47,0,47,玉山-高雄,2023-11-14,8843
2492,華新科,51,4,47,玉山-高雄,2023-11-14,8843
3078,僑威,60,16,44,玉山-高雄,2023-11-14,8843
2609,陽明,63,27,36,玉山-高雄,2023-11-14,8843
2313,華通,72,36,36,玉山-高雄,2023-11-14,8843
2027,大成鋼,36,3,33,玉山-高雄,2023-11-14,8843
4938,和碩,83,50,33,玉山-高雄,2023-11-14,8843
1504,東元,39,7,32,玉山-高雄,2023-11-14,8843
9945,潤泰新,33,3,30,玉山-高雄,2023-11-14,8843
2002,中鋼,37,8,29,玉山-高雄,2023-11-14,8843
3059,華晶科,30,1,29,玉山-高雄,2023-11-14,8843
8034,榮群,27,3,24,玉山-高雄,2023-11-14,8843
00680L,元大美債20正2,24,0,24,玉山-高雄,2023-11-14,8843
6163,華電網,23,0,23,玉山-高雄,2023-11-14,8843
1217,愛之味,22,0,22,玉山-高雄,2023-11-14,8843
8940,新天地,22,1,21,玉山-高雄,2023-11-14,8843
2367,燿華,21,0,21,玉山-高雄,2023-11-14,8843
1101,台泥,23,2,21,玉山-高雄,2023-11-14,8843
8105,凌巨,20,0,20,玉山-高雄,2023-11-14,8843
4128,中天,20,1,19,玉山-高雄,2023-11-14,8843
2303,聯電,19,0,19,玉山-高雄,2023-11-14,8843
2427,三商電,21,2,19,玉山-高雄,2023-11-14,8843
1815,富喬,29,10,19,玉山-高雄,2023-11-14,8843
6231,系微,32,13,19,玉山-高雄,2023-11-14,8843
3284,太普高,19,0,19,玉山-高雄,2023-11-14,8843
00692,富邦公司治理,29,10,19,玉山-高雄,2023-11-14,8843
2601,益航,18,0,18,玉山-高雄,2023-11-14,8843
2408,南亞科,28,10,18,玉山-高雄,2023-11-14,8843
9105,泰金寶-DR,18,0,18,玉山-高雄,2023-11-14,8843
3036,文曄,40,23,17,玉山-高雄,2023-11-14,8843
00936,台新永續高息中小,23,7,16,玉山-高雄,2023-11-14,8843
00712,復華富時不動產,17,1,16,玉山-高雄,2023-11-14,8843
1522,堤維西,23,8,15,玉山-高雄,2023-11-14,8843
00664R,國泰臺灣加權反1,15,0,15,玉山-高雄,2023-11-14,8843
2468,華經,15,0,15,玉山-高雄,2023-11-14,8843
00712,復華富時不動產,669,75,594,玉山-高雄,2023-11-15,8843
2303,聯電,324,37,287,玉山-高雄,2023-11-15,8843
00878,國泰永續高股息,359,182,177,玉山-高雄,2023-11-15,8843
00679B,元大美債20年,166,0,166,玉山-高雄,2023-11-15,8843
00929,復華台灣科技優息,239,101,138,玉山-高雄,2023-11-15,8843
2905,三商,100,0,100,玉山-高雄,2023-11-15,8843
8034,榮群,94,3,91,玉山-高雄,2023-11-15,8843
4979,華星光,93,7,86,玉山-高雄,2023-11-15,8843
9945,潤泰新,116,30,86,玉山-高雄,2023-11-15,8843
2516,新建,74,1,73,玉山-高雄,2023-11-15,8843
3035,智原,94,28,66,玉山-高雄,2023-11-15,8843
2634,漢翔,67,10,57,玉山-高雄,2023-11-15,8843
8942,森鉅,52,0,52,玉山-高雄,2023-11-15,8843
00671R,富邦NASDAQ反1,47,0,47,玉山-高雄,2023-11-15,8843
2317,鴻海,65,20,45,玉山-高雄,2023-11-15,8843
2542,興富發,48,3,45,玉山-高雄,2023-11-15,8843
3576,聯合再生,44,0,44,玉山-高雄,2023-11-15,8843
8936,國統,98,56,42,玉山-高雄,2023-11-15,8843
2363,矽統,150,117,33,玉山-高雄,2023-11-15,8843
3706,神達,33,2,31,玉山-高雄,2023-11-15,8843
2449,京元電子,62,32,30,玉山-高雄,2023-11-15,8843
2492,華新科,40,14,26,玉山-高雄,2023-11-15,8843
1727,中華化,25,0,25,玉山-高雄,2023-11-15,8843
00688L,國泰20年美債正2,25,0,25,玉山-高雄,2023-11-15,8843
3228,金麗科,33,8,25,玉山-高雄,2023-11-15,8843
2353,宏��,39,14,25,玉山-高雄,2023-11-15,8843
6271,同欣電,25,1,24,玉山-高雄,2023-11-15,8843
1809,中釉,24,0,24,玉山-高雄,2023-11-15,8843
00935,野村臺灣新科技50,22,0,22,玉山-高雄,2023-11-15,8843
3450,聯鈞,36,14,22,玉山-高雄,2023-11-15,8843
00687B,國泰20年美債,33,11,22,玉山-高雄,2023-11-15,8843
00664R,國泰臺灣加權反1,42,23,19,玉山-高雄,2023-11-15,8843
1815,富喬,31,13,18,玉山-高雄,2023-11-15,8843
2356,英業達,36,19,17,玉山-高雄,2023-11-15,8843
5351,鈺創,43,27,16,玉山-高雄,2023-11-15,8843
2367,燿華,17,1,16,玉山-高雄,2023-11-15,8843
3623,富晶通,15,0,15,玉山-高雄,2023-11-15,8843
3714,富采,16,1,15,玉山-高雄,2023-11-15,8843
00850,元大臺灣ESG永續,16,2,14,玉山-高雄,2023-11-15,8843
00900,富邦特選高股息30,38,25,13,玉山-高雄,2023-11-15,8843
2462,良得電,13,0,13,玉山-高雄,2023-11-15,8843
1584,精剛,20,7,13,玉山-高雄,2023-11-15,8843
2382,廣達,44,32,12,玉山-高雄,2023-11-15,8843
5289,宜鼎,12,0,12,玉山-高雄,2023-11-15,8843
6494,九齊,14,2,12,玉山-高雄,2023-11-15,8843
5521,工信,15,4,11,玉山-高雄,2023-11-15,8843
6668,中揚光,11,0,11,玉山-高雄,2023-11-15,8843
2887,台新金,27,16,11,玉山-高雄,2023-11-15,8843
2359,所羅門,12,2,10,玉山-高雄,2023-11-15,8843
4503,金雨,10,0,10,玉山-高雄,2023-11-15,8843
00676R,富邦臺灣加權反1,200,0,200,玉山-高雄,2023-11-16,8843
00680L,元大美債20正2,157,13,144,玉山-高雄,2023-11-16,8843
00632R,元大台灣50反1,176,52,124,玉山-高雄,2023-11-16,8843
3609,三一東林,100,0,100,玉山-高雄,2023-11-16,8843
2329,華泰,219,140,79,玉山-高雄,2023-11-16,8843
1101,台泥,67,1,66,玉山-高雄,2023-11-16,8843
00679B,元大美債20年,77,12,65,玉山-高雄,2023-11-16,8843
00715L,期街口布蘭特正2,64,7,57,玉山-高雄,2023-11-16,8843
3006,晶豪科,65,16,49,玉山-高雄,2023-11-16,8843
00633L,富邦上証正2,38,2,36,玉山-高雄,2023-11-16,8843
00687B,國泰20年美債,39,4,35,玉山-高雄,2023-11-16,8843
2352,佳世達,42,8,34,玉山-高雄,2023-11-16,8843
2516,新建,34,0,34,玉山-高雄,2023-11-16,8843
00720B,元大投資級公司債,37,5,32,玉山-高雄,2023-11-16,8843
6456,GIS-KY,36,5,31,玉山-高雄,2023-11-16,8843
00900,富邦特選高股息30,39,9,30,玉山-高雄,2023-11-16,8843
2344,華邦電,182,152,30,玉山-高雄,2023-11-16,8843
2883B,凱基金乙特,30,0,30,玉山-高雄,2023-11-16,8843
6129,普誠,30,1,29,玉山-高雄,2023-11-16,8843
0056,元大高股息,48,19,29,玉山-高雄,2023-11-16,8843
00773B,中信優先金融債,26,0,26,玉山-高雄,2023-11-16,8843
1605,華新,40,14,26,玉山-高雄,2023-11-16,8843
2356,英業達,49,23,26,玉山-高雄,2023-11-16,8843
00935,野村臺灣新科技50,25,0,25,玉山-高雄,2023-11-16,8843
00665L,富邦�琤肭磪囓�2,39,15,24,玉山-高雄,2023-11-16,8843
2727,王品,25,1,24,玉山-高雄,2023-11-16,8843
5386,青雲,25,1,24,玉山-高雄,2023-11-16,8843
00753L,中信中國50正2,89,66,23,玉山-高雄,2023-11-16,8843
00772B,中信高評級公司債,23,0,23,玉山-高雄,2023-11-16,8843
6770,力積電,26,4,22,玉山-高雄,2023-11-16,8843
2515,中工,22,0,22,玉山-高雄,2023-11-16,8843
00650L,復華香港正2,28,6,22,玉山-高雄,2023-11-16,8843
00756B,群益投等新興公債,21,0,21,玉山-高雄,2023-11-16,8843
5512,力麒,27,6,21,玉山-高雄,2023-11-16,8843
8927,北基,21,0,21,玉山-高雄,2023-11-16,8843
00878,國泰永續高股息,246,226,20,玉山-高雄,2023-11-16,8843
00692,富邦公司治理,20,1,19,玉山-高雄,2023-11-16,8843
2880,華南金,21,2,19,玉山-高雄,2023-11-16,8843
2417,圓剛,68,51,17,玉山-高雄,2023-11-16,8843
2402,毅嘉,32,15,17,玉山-高雄,2023-11-16,8843
3450,聯鈞,25,9,16,玉山-高雄,2023-11-16,8843
00722B,群益投資級電信債,16,1,15,玉山-高雄,2023-11-16,8843
00795B,中信美國公債20年,15,0,15,玉山-高雄,2023-11-16,8843
6213,聯茂,16,1,15,玉山-高雄,2023-11-16,8843
00850,元大臺灣ESG永續,14,0,14,玉山-高雄,2023-11-16,8843
2801,彰銀,14,0,14,玉山-高雄,2023-11-16,8843
2462,良得電,27,14,13,玉山-高雄,2023-11-16,8843
2353,宏��,28,15,13,玉山-高雄,2023-11-16,8843
6415,矽力*-KY,28,16,12,玉山-高雄,2023-11-16,8843
8215,明基材,12,0,12,玉山-高雄,2023-11-16,8843
1605,華新,234,9,225,玉山-高雄,2023-11-17,8843
00753L,中信中國50正2,187,32,155,玉山-高雄,2023-11-17,8843
2344,華邦電,366,214,152,玉山-高雄,2023-11-17,8843
2618,長榮航,284,144,140,玉山-高雄,2023-11-17,8843
00715L,期街口布蘭特正2,160,24,136,玉山-高雄,2023-11-17,8843
3041,揚智,249,153,96,玉山-高雄,2023-11-17,8843
3217,優群,71,2,69,玉山-高雄,2023-11-17,8843
00882,中信中國高股息,62,1,61,玉山-高雄,2023-11-17,8843
2313,華通,116,55,61,玉山-高雄,2023-11-17,8843
00650L,復華香港正2,61,0,61,玉山-高雄,2023-11-17,8843
00664R,國泰臺灣加權反1,62,12,50,玉山-高雄,2023-11-17,8843
00665L,富邦�琤肭磪囓�2,50,0,50,玉山-高雄,2023-11-17,8843
1815,富喬,72,23,49,玉山-高雄,2023-11-17,8843
2610,華航,75,31,44,玉山-高雄,2023-11-17,8843
2607,榮運,40,0,40,玉山-高雄,2023-11-17,8843
00679B,元大美債20年,35,2,33,玉山-高雄,2023-11-17,8843
00633L,富邦上証正2,47,15,32,玉山-高雄,2023-11-17,8843
2705,六福,37,7,30,玉山-高雄,2023-11-17,8843
00637L,元大滬深300正2,77,47,30,玉山-高雄,2023-11-17,8843
2492,華新科,37,8,29,玉山-高雄,2023-11-17,8843
2356,英業達,41,12,29,玉山-高雄,2023-11-17,8843
00878,國泰永續高股息,58,32,26,玉山-高雄,2023-11-17,8843
6182,合晶,25,0,25,玉山-高雄,2023-11-17,8843
00712,復華富時不動產,38,13,25,玉山-高雄,2023-11-17,8843
3714,富采,23,0,23,玉山-高雄,2023-11-17,8843
3483,力致,25,2,23,玉山-高雄,2023-11-17,8843
3260,威剛,44,22,22,玉山-高雄,2023-11-17,8843
2353,宏��,35,13,22,玉山-高雄,2023-11-17,8843
5381,合正,22,0,22,玉山-高雄,2023-11-17,8843
2379,瑞昱,26,4,22,玉山-高雄,2023-11-17,8843
2542,興富發,23,1,22,玉山-高雄,2023-11-17,8843
6274,台燿,67,46,21,玉山-高雄,2023-11-17,8843
2915,潤泰全,27,6,21,玉山-高雄,2023-11-17,8843
00632R,元大台灣50反1,81,60,21,玉山-高雄,2023-11-17,8843
2007,燁興,20,0,20,玉山-高雄,2023-11-17,8843
00706L,期元大S＆P日圓正2,20,0,20,玉山-高雄,2023-11-17,8843
00642U,期元大S＆P石油,21,2,19,玉山-高雄,2023-11-17,8843
2354,鴻準,20,1,19,玉山-高雄,2023-11-17,8843
8201,無敵,18,1,17,玉山-高雄,2023-11-17,8843
2883B,凱基金乙特,16,0,16,玉山-高雄,2023-11-17,8843
3056,富華新,17,1,16,玉山-高雄,2023-11-17,8843
9802,鈺齊-KY,15,0,15,玉山-高雄,2023-11-17,8843
9945,潤泰新,27,12,15,玉山-高雄,2023-11-17,8843
9950,萬國通,43,28,15,玉山-高雄,2023-11-17,8843
1538,正峰,15,0,15,玉山-高雄,2023-11-17,8843
2495,普安,14,0,14,玉山-高雄,2023-11-17,8843
6284,佳邦,21,7,14,玉山-高雄,2023-11-17,8843
1471,首利,20,6,14,玉山-高雄,2023-11-17,8843
2317,鴻海,140,126,14,玉山-高雄,2023-11-17,8843
2371,大同,17,4,13,玉山-高雄,2023-11-17,8843
3481,群創,406,12,394,玉山-高雄,2023-11-20,8843
8354,冠好,383,0,383,玉山-高雄,2023-11-20,8843
3013,晟銘電,155,7,148,玉山-高雄,2023-11-20,8843
3078,僑威,146,3,143,玉山-高雄,2023-11-20,8843
00878,國泰永續高股息,151,28,123,玉山-高雄,2023-11-20,8843
00919,群益台灣精選高息,77,10,67,玉山-高雄,2023-11-20,8843
00679B,元大美債20年,69,6,63,玉山-高雄,2023-11-20,8843
6276,安鈦克,61,5,56,玉山-高雄,2023-11-20,8843
2492,華新科,55,0,55,玉山-高雄,2023-11-20,8843
6129,普誠,66,14,52,玉山-高雄,2023-11-20,8843
1522,堤維西,64,12,52,玉山-高雄,2023-11-20,8843
2442,新美齊,54,3,51,玉山-高雄,2023-11-20,8843
2025,千興,50,0,50,玉山-高雄,2023-11-20,8843
00680L,元大美債20正2,84,35,49,玉山-高雄,2023-11-20,8843
2610,華航,51,3,48,玉山-高雄,2023-11-20,8843
5512,力麒,50,7,43,玉山-高雄,2023-11-20,8843
2356,英業達,81,40,41,玉山-高雄,2023-11-20,8843
2313,華通,168,129,39,玉山-高雄,2023-11-20,8843
2027,大成鋼,36,1,35,玉山-高雄,2023-11-20,8843
2509,全坤建,31,0,31,玉山-高雄,2023-11-20,8843
00751B,元大AAA至A公司債,30,0,30,玉山-高雄,2023-11-20,8843
9950,萬國通,32,3,29,玉山-高雄,2023-11-20,8843
2201,裕隆,30,1,29,玉山-高雄,2023-11-20,8843
5607,遠雄港,30,4,26,玉山-高雄,2023-11-20,8843
00720B,元大投資級公司債,26,0,26,玉山-高雄,2023-11-20,8843
8936,國統,68,43,25,玉山-高雄,2023-11-20,8843
6550,北極星藥業-KY,23,1,22,玉山-高雄,2023-11-20,8843
6213,聯茂,38,17,21,玉山-高雄,2023-11-20,8843
00712,復華富時不動產,37,17,20,玉山-高雄,2023-11-20,8843
00933B,國泰10Y+金融債,31,12,19,玉山-高雄,2023-11-20,8843
2867,三商壽,20,1,19,玉山-高雄,2023-11-20,8843
6799,來頡,33,14,19,玉山-高雄,2023-11-20,8843
2105,正新,17,0,17,玉山-高雄,2023-11-20,8843
6418,詠昇,17,0,17,玉山-高雄,2023-11-20,8843
2330,台積電,23,6,17,玉山-高雄,2023-11-20,8843
00885,富邦越南,17,1,16,玉山-高雄,2023-11-20,8843
2317,鴻海,30,14,16,玉山-高雄,2023-11-20,8843
00931B,統一美債20年,16,1,15,玉山-高雄,2023-11-20,8843
2449,京元電子,29,14,15,玉山-高雄,2023-11-20,8843
8111,立��,15,0,15,玉山-高雄,2023-11-20,8843
00690,兆豐藍籌30,14,0,14,玉山-高雄,2023-11-20,8843
5469,瀚宇博,15,1,14,玉山-高雄,2023-11-20,8843
2427,三商電,14,0,14,玉山-高雄,2023-11-20,8843
2883,凱基金,15,1,14,玉山-高雄,2023-11-20,8843
00795B,中信美國公債20年,13,0,13,玉山-高雄,2023-11-20,8843
3228,金麗科,15,2,13,玉山-高雄,2023-11-20,8843
5706,鳳凰,24,11,13,玉山-高雄,2023-11-20,8843
2462,良得電,16,3,13,玉山-高雄,2023-11-20,8843
00921,兆豐龍頭等權重,13,0,13,玉山-高雄,2023-11-20,8843
3094,聯傑,17,5,12,玉山-高雄,2023-11-20,8843
2883B,凱基金乙特,655,0,655,玉山-高雄,2023-11-21,8843
8354,冠好,471,0,471,玉山-高雄,2023-11-21,8843
2634,漢翔,191,5,186,玉山-高雄,2023-11-21,8843
00706L,期元大S＆P日圓正2,103,0,103,玉山-高雄,2023-11-21,8843
2355,敬鵬,200,115,85,玉山-高雄,2023-11-21,8843
1815,富喬,93,30,63,玉山-高雄,2023-11-21,8843
1524,耿鼎,65,4,61,玉山-高雄,2023-11-21,8843
9945,潤泰新,57,0,57,玉山-高雄,2023-11-21,8843
2509,全坤建,58,4,54,玉山-高雄,2023-11-21,8843
3035,智原,77,25,52,玉山-高雄,2023-11-21,8843
2442,新美齊,52,0,52,玉山-高雄,2023-11-21,8843
00679B,元大美債20年,54,3,51,玉山-高雄,2023-11-21,8843
8070,長華*,41,0,41,玉山-高雄,2023-11-21,8843
00715L,期街口布蘭特正2,54,13,41,玉山-高雄,2023-11-21,8843
8996,高力,52,11,41,玉山-高雄,2023-11-21,8843
6120,達運,40,0,40,玉山-高雄,2023-11-21,8843
3715,定穎投控,76,42,34,玉山-高雄,2023-11-21,8843
3059,華晶科,40,8,32,玉山-高雄,2023-11-21,8843
2401,凌陽,39,10,29,玉山-高雄,2023-11-21,8843
1608,華榮,30,1,29,玉山-高雄,2023-11-21,8843
2367,燿華,138,109,29,玉山-高雄,2023-11-21,8843
3305,昇貿,30,2,28,玉山-高雄,2023-11-21,8843
6182,合晶,25,0,25,玉山-高雄,2023-11-21,8843
1471,首利,28,3,25,玉山-高雄,2023-11-21,8843
2436,偉詮電,30,5,25,玉山-高雄,2023-11-21,8843
00921,兆豐龍頭等權重,29,5,24,玉山-高雄,2023-11-21,8843
8358,金居,23,1,22,玉山-高雄,2023-11-21,8843
1522,堤維西,34,13,21,玉山-高雄,2023-11-21,8843
2382,廣達,44,23,21,玉山-高雄,2023-11-21,8843
00712,復華富時不動產,35,15,20,玉山-高雄,2023-11-21,8843
2329,華泰,29,9,20,玉山-高雄,2023-11-21,8843
00936,台新永續高息中小,20,0,20,玉山-高雄,2023-11-21,8843
3037,欣興,60,41,19,玉山-高雄,2023-11-21,8843
6125,廣運,58,39,19,玉山-高雄,2023-11-21,8843
3062,建漢,68,50,18,玉山-高雄,2023-11-21,8843
1710,東聯,18,0,18,玉山-高雄,2023-11-21,8843
3163,波若威,28,11,17,玉山-高雄,2023-11-21,8843
6219,富旺,17,0,17,玉山-高雄,2023-11-21,8843
6237,驊訊,34,17,17,玉山-高雄,2023-11-21,8843
2206,三陽工業,17,0,17,玉山-高雄,2023-11-21,8843
2010,春源,25,8,17,玉山-高雄,2023-11-21,8843
00934,中信成長高股息,24,8,16,玉山-高雄,2023-11-21,8843
8227,巨有科技,23,7,16,玉山-高雄,2023-11-21,8843
8011,台通,38,22,16,玉山-高雄,2023-11-21,8843
3227,原相,24,8,16,玉山-高雄,2023-11-21,8843
2516,新建,33,17,16,玉山-高雄,2023-11-21,8843
00751B,元大AAA至A公司債,30,15,15,玉山-高雄,2023-11-21,8843
2368,金像電,19,4,15,玉山-高雄,2023-11-21,8843
2417,圓剛,21,6,15,玉山-高雄,2023-11-21,8843
3094,聯傑,15,0,15,玉山-高雄,2023-11-21,8843
00680L,元大美債20正2,508,4,504,玉山-高雄,2023-11-22,8843
1316,上曜,242,0,242,玉山-高雄,2023-11-22,8843
00753L,中信中國50正2,198,0,198,玉山-高雄,2023-11-22,8843
2382,廣達,169,27,142,玉山-高雄,2023-11-22,8843
2356,英業達,162,27,135,玉山-高雄,2023-11-22,8843
3231,緯創,186,57,129,玉山-高雄,2023-11-22,8843
00665L,富邦�琤肭磪囓�2,105,0,105,玉山-高雄,2023-11-22,8843
2353,宏��,87,7,80,玉山-高雄,2023-11-22,8843
00919,群益台灣精選高息,121,42,79,玉山-高雄,2023-11-22,8843
2317,鴻海,100,23,77,玉山-高雄,2023-11-22,8843
8121,越峰,70,6,64,玉山-高雄,2023-11-22,8843
2516,新建,144,86,58,玉山-高雄,2023-11-22,8843
00637L,元大滬深300正2,66,12,54,玉山-高雄,2023-11-22,8843
00673R,期元大S＆P原油反1,51,0,51,玉山-高雄,2023-11-22,8843
2002,中鋼,70,19,51,玉山-高雄,2023-11-22,8843
2025,千興,50,0,50,玉山-高雄,2023-11-22,8843
00706L,期元大S＆P日圓正2,40,0,40,玉山-高雄,2023-11-22,8843
3483,力致,62,25,37,玉山-高雄,2023-11-22,8843
2027,大成鋼,46,10,36,玉山-高雄,2023-11-22,8843
3276,宇環,42,6,36,玉山-高雄,2023-11-22,8843
5706,鳳凰,56,21,35,玉山-高雄,2023-11-22,8843
3078,僑威,62,28,34,玉山-高雄,2023-11-22,8843
9945,潤泰新,32,0,32,玉山-高雄,2023-11-22,8843
9904,寶成,32,0,32,玉山-高雄,2023-11-22,8843
2328,廣宇,32,0,32,玉山-高雄,2023-11-22,8843
2634,漢翔,50,18,32,玉山-高雄,2023-11-22,8843
2376,技嘉,52,20,32,玉山-高雄,2023-11-22,8843
2355,敬鵬,58,29,29,玉山-高雄,2023-11-22,8843
2313,華通,83,55,28,玉山-高雄,2023-11-22,8843
2748,雲品,32,5,27,玉山-高雄,2023-11-22,8843
2354,鴻準,26,0,26,玉山-高雄,2023-11-22,8843
2892,第一金,28,2,26,玉山-高雄,2023-11-22,8843
00905,FT臺灣Smart,30,5,25,玉山-高雄,2023-11-22,8843
5880,合庫金,24,0,24,玉山-高雄,2023-11-22,8843
2352,佳世達,25,1,24,玉山-高雄,2023-11-22,8843
2201,裕隆,26,2,24,玉山-高雄,2023-11-22,8843
2405,輔信,79,55,24,玉山-高雄,2023-11-22,8843
6799,來頡,31,8,23,玉山-高雄,2023-11-22,8843
2301,光寶科,39,17,22,玉山-高雄,2023-11-22,8843
2330,台積電,21,1,20,玉山-高雄,2023-11-22,8843
8358,金居,20,0,20,玉山-高雄,2023-11-22,8843
6125,廣運,28,8,20,玉山-高雄,2023-11-22,8843
2610,華航,31,11,20,玉山-高雄,2023-11-22,8843
00882,中信中國高股息,22,3,19,玉山-高雄,2023-11-22,8843
6770,力積電,41,22,19,玉山-高雄,2023-11-22,8843
2880,華南金,20,2,18,玉山-高雄,2023-11-22,8843
00633L,富邦上証正2,18,0,18,玉山-高雄,2023-11-22,8843
2838,聯邦銀,17,0,17,玉山-高雄,2023-11-22,8843
00934,中信成長高股息,27,10,17,玉山-高雄,2023-11-22,8843
2010,春源,17,0,17,玉山-高雄,2023-11-22,8843
6282,康舒,284,93,191,玉山-高雄,2023-11-23,8843
2634,漢翔,161,1,160,玉山-高雄,2023-11-23,8843
3035,智原,152,29,123,玉山-高雄,2023-11-23,8843
2363,矽統,159,41,118,玉山-高雄,2023-11-23,8843
00919,群益台灣精選高息,120,4,116,玉山-高雄,2023-11-23,8843
8936,國統,126,16,110,玉山-高雄,2023-11-23,8843
2838,聯邦銀,100,0,100,玉山-高雄,2023-11-23,8843
4968,立積,103,6,97,玉山-高雄,2023-11-23,8843
00878,國泰永續高股息,150,54,96,玉山-高雄,2023-11-23,8843
00633L,富邦上証正2,91,0,91,玉山-高雄,2023-11-23,8843
5521,工信,106,15,91,玉山-高雄,2023-11-23,8843
1409,新纖,100,20,80,玉山-高雄,2023-11-23,8843
3450,聯鈞,79,3,76,玉山-高雄,2023-11-23,8843
1605,華新,169,101,68,玉山-高雄,2023-11-23,8843
00753L,中信中國50正2,63,0,63,玉山-高雄,2023-11-23,8843
2356,英業達,83,31,52,玉山-高雄,2023-11-23,8843
2002,中鋼,79,28,51,玉山-高雄,2023-11-23,8843
2369,菱生,58,8,50,玉山-高雄,2023-11-23,8843
8121,越峰,50,1,49,玉山-高雄,2023-11-23,8843
2382,廣達,65,16,49,玉山-高雄,2023-11-23,8843
3231,緯創,88,42,46,玉山-高雄,2023-11-23,8843
1342,八貫,45,3,42,玉山-高雄,2023-11-23,8843
00715L,期街口布蘭特正2,46,5,41,玉山-高雄,2023-11-23,8843
2891,中信金,58,18,40,玉山-高雄,2023-11-23,8843
2888,新光金,40,0,40,玉山-高雄,2023-11-23,8843
2516,新建,47,7,40,玉山-高雄,2023-11-23,8843
00637L,元大滬深300正2,65,25,40,玉山-高雄,2023-11-23,8843
00933B,國泰10Y+金融債,63,23,40,玉山-高雄,2023-11-23,8843
2313,華通,99,65,34,玉山-高雄,2023-11-23,8843
8227,巨有科技,34,1,33,玉山-高雄,2023-11-23,8843
5880,合庫金,33,1,32,玉山-高雄,2023-11-23,8843
6237,驊訊,81,50,31,玉山-高雄,2023-11-23,8843
3504,揚明光,34,4,30,玉山-高雄,2023-11-23,8843
1582,信錦,32,2,30,玉山-高雄,2023-11-23,8843
3588,通嘉,46,19,27,玉山-高雄,2023-11-23,8843
0056,元大高股息,30,4,26,玉山-高雄,2023-11-23,8843
9105,泰金寶-DR,31,5,26,玉山-高雄,2023-11-23,8843
1584,精剛,24,0,24,玉山-高雄,2023-11-23,8843
00679B,元大美債20年,32,8,24,玉山-高雄,2023-11-23,8843
8068,全達,32,8,24,玉山-高雄,2023-11-23,8843
3704,合勤控,25,2,23,玉山-高雄,2023-11-23,8843
3011,今皓,23,0,23,玉山-高雄,2023-11-23,8843
1326,台化,22,0,22,玉山-高雄,2023-11-23,8843
2515,中工,22,0,22,玉山-高雄,2023-11-23,8843
3122,笙泉,69,48,21,玉山-高雄,2023-11-23,8843
00669R,國泰美國道瓊反1,21,0,21,玉山-高雄,2023-11-23,8843
1609,大亞,22,1,21,玉山-高雄,2023-11-23,8843
5512,力麒,23,3,20,玉山-高雄,2023-11-23,8843
00706L,期元大S＆P日圓正2,20,0,20,玉山-高雄,2023-11-23,8843
8093,保銳,20,0,20,玉山-高雄,2023-11-23,8843
00680L,元大美債20正2,421,15,406,玉山-高雄,2023-11-24,8843
2618,長榮航,352,57,295,玉山-高雄,2023-11-24,8843
00933B,國泰10Y+金融債,125,12,113,玉山-高雄,2023-11-24,8843
2888,新光金,144,50,94,玉山-高雄,2023-11-24,8843
2363,矽統,114,30,84,玉山-高雄,2023-11-24,8843
6276,安鈦克,68,0,68,玉山-高雄,2023-11-24,8843
00720B,元大投資級公司債,66,0,66,玉山-高雄,2023-11-24,8843
2002,中鋼,93,31,62,玉山-高雄,2023-11-24,8843
5706,鳳凰,100,42,58,玉山-高雄,2023-11-24,8843
00637L,元大滬深300正2,78,20,58,玉山-高雄,2023-11-24,8843
6284,佳邦,57,1,56,玉山-高雄,2023-11-24,8843
4414,如興,50,0,50,玉山-高雄,2023-11-24,8843
4956,光鋐,61,11,50,玉山-高雄,2023-11-24,8843
3032,偉訓,51,2,49,玉山-高雄,2023-11-24,8843
2356,英業達,79,30,49,玉山-高雄,2023-11-24,8843
00878,國泰永續高股息,59,11,48,玉山-高雄,2023-11-24,8843
2610,華航,56,12,44,玉山-高雄,2023-11-24,8843
00679B,元大美債20年,46,4,42,玉山-高雄,2023-11-24,8843
3105,穩懋,58,17,41,玉山-高雄,2023-11-24,8843
2382,廣達,61,21,40,玉山-高雄,2023-11-24,8843
3701,大眾控,41,4,37,玉山-高雄,2023-11-24,8843
5347,世界,65,30,35,玉山-高雄,2023-11-24,8843
2352,佳世達,32,0,32,玉山-高雄,2023-11-24,8843
2355,敬鵬,40,8,32,玉山-高雄,2023-11-24,8843
00885,富邦越南,33,1,32,玉山-高雄,2023-11-24,8843
6770,力積電,31,1,30,玉山-高雄,2023-11-24,8843
5230,雷笛克光學,32,3,29,玉山-高雄,2023-11-24,8843
00687B,國泰20年美債,29,1,28,玉山-高雄,2023-11-24,8843
00934,中信成長高股息,27,0,27,玉山-高雄,2023-11-24,8843
2516,新建,27,2,25,玉山-高雄,2023-11-24,8843
1802,台玻,25,0,25,玉山-高雄,2023-11-24,8843
2748,雲品,53,28,25,玉山-高雄,2023-11-24,8843
2379,瑞昱,25,1,24,玉山-高雄,2023-11-24,8843
8936,國統,32,8,24,玉山-高雄,2023-11-24,8843
3006,晶豪科,41,18,23,玉山-高雄,2023-11-24,8843
2442,新美齊,23,0,23,玉山-高雄,2023-11-24,8843
1471,首利,32,10,22,玉山-高雄,2023-11-24,8843
00655L,國泰中國A50正2,22,0,22,玉山-高雄,2023-11-24,8843
6235,華孚,41,20,21,玉山-高雄,2023-11-24,8843
1609,大亞,28,8,20,玉山-高雄,2023-11-24,8843
00706L,期元大S＆P日圓正2,20,0,20,玉山-高雄,2023-11-24,8843
6219,富旺,20,0,20,玉山-高雄,2023-11-24,8843
2509,全坤建,21,1,20,玉山-高雄,2023-11-24,8843
9907,統一實,20,0,20,玉山-高雄,2023-11-24,8843
3706,神達,22,3,19,玉山-高雄,2023-11-24,8843
2449,京元電子,28,9,19,玉山-高雄,2023-11-24,8843
9945,潤泰新,24,5,19,玉山-高雄,2023-11-24,8843
2637,慧洋-KY,21,3,18,玉山-高雄,2023-11-24,8843
8227,巨有科技,21,3,18,玉山-高雄,2023-11-24,8843
2426,鼎元,20,2,18,玉山-高雄,2023-11-24,8843
2382,廣達,213,36,177,玉山-高雄,2023-11-27,8843
2883,凱基金,227,71,156,玉山-高雄,2023-11-27,8843
00637L,元大滬深300正2,166,20,146,玉山-高雄,2023-11-27,8843
00753L,中信中國50正2,131,10,121,玉山-高雄,2023-11-27,8843
1815,富喬,137,20,117,玉山-高雄,2023-11-27,8843
2002,中鋼,168,56,112,玉山-高雄,2023-11-27,8843
00919,群益台灣精選高息,124,13,111,玉山-高雄,2023-11-27,8843
00878,國泰永續高股息,178,71,107,玉山-高雄,2023-11-27,8843
00650L,復華香港正2,103,0,103,玉山-高雄,2023-11-27,8843
3231,緯創,124,30,94,玉山-高雄,2023-11-27,8843
2356,英業達,106,30,76,玉山-高雄,2023-11-27,8843
00931B,統一美債20年,71,0,71,玉山-高雄,2023-11-27,8843
1789,神隆,60,0,60,玉山-高雄,2023-11-27,8843
2618,長榮航,100,43,57,玉山-高雄,2023-11-27,8843
00679B,元大美債20年,59,3,56,玉山-高雄,2023-11-27,8843
2610,華航,60,7,53,玉山-高雄,2023-11-27,8843
2880,華南金,66,13,53,玉山-高雄,2023-11-27,8843
00687B,國泰20年美債,65,13,52,玉山-高雄,2023-11-27,8843
00751B,元大AAA至A公司債,51,0,51,玉山-高雄,2023-11-27,8843
5880,合庫金,53,5,48,玉山-高雄,2023-11-27,8843
2359,所羅門,47,0,47,玉山-高雄,2023-11-27,8843
00665L,富邦�琤肭磪囓�2,57,10,47,玉山-高雄,2023-11-27,8843
2323,中環,46,0,46,玉山-高雄,2023-11-27,8843
3481,群創,46,1,45,玉山-高雄,2023-11-27,8843
00633L,富邦上証正2,41,0,41,玉山-高雄,2023-11-27,8843
5533,皇鼎,41,0,41,玉山-高雄,2023-11-27,8843
2344,華邦電,79,40,39,玉山-高雄,2023-11-27,8843
8110,華東,37,1,36,玉山-高雄,2023-11-27,8843
00932,兆豐永續高息等權,35,0,35,玉山-高雄,2023-11-27,8843
00891,中信關鍵半導體,41,6,35,玉山-高雄,2023-11-27,8843
6120,達運,34,1,33,玉山-高雄,2023-11-27,8843
9945,潤泰新,31,0,31,玉山-高雄,2023-11-27,8843
00715L,期街口布蘭特正2,31,1,30,玉山-高雄,2023-11-27,8843
00905,FT臺灣Smart,30,0,30,玉山-高雄,2023-11-27,8843
8121,越峰,29,0,29,玉山-高雄,2023-11-27,8843
2303,聯電,101,72,29,玉山-高雄,2023-11-27,8843
5483,中美晶,29,1,28,玉山-高雄,2023-11-27,8843
4543,萬在,29,2,27,玉山-高雄,2023-11-27,8843
6548,長科*,26,0,26,玉山-高雄,2023-11-27,8843
6276,安鈦克,60,35,25,玉山-高雄,2023-11-27,8843
2605,新興,36,11,25,玉山-高雄,2023-11-27,8843
2630,亞航,38,13,25,玉山-高雄,2023-11-27,8843
3078,僑威,36,12,24,玉山-高雄,2023-11-27,8843
00907,永豐優息存股,24,0,24,玉山-高雄,2023-11-27,8843
00921,兆豐龍頭等權重,24,0,24,玉山-高雄,2023-11-27,8843
1734,杏輝,38,15,23,玉山-高雄,2023-11-27,8843
5347,世界,63,41,22,玉山-高雄,2023-11-27,8843
8070,長華*,22,1,21,玉山-高雄,2023-11-27,8843
00930,永豐ESG低碳高息,20,0,20,玉山-高雄,2023-11-27,8843
6116,彩晶,20,0,20,玉山-高雄,2023-11-27,8843
1101,台泥,165,45,120,玉山-高雄,2023-11-28,8843
5603,陸海,103,0,103,玉山-高雄,2023-11-28,8843
00632R,元大台灣50反1,129,30,99,玉山-高雄,2023-11-28,8843
2303,聯電,110,17,93,玉山-高雄,2023-11-28,8843
2472,立隆電,81,3,78,玉山-高雄,2023-11-28,8843
00720B,元大投資級公司債,76,2,74,玉山-高雄,2023-11-28,8843
00676R,富邦臺灣加權反1,50,0,50,玉山-高雄,2023-11-28,8843
1734,杏輝,47,2,45,玉山-高雄,2023-11-28,8843
00751B,元大AAA至A公司債,45,2,43,玉山-高雄,2023-11-28,8843
2313,華通,251,208,43,玉山-高雄,2023-11-28,8843
5880,合庫金,100,59,41,玉山-高雄,2023-11-28,8843
8936,國統,74,35,39,玉山-高雄,2023-11-28,8843
00688L,國泰20年美債正2,40,2,38,玉山-高雄,2023-11-28,8843
1760,寶齡富錦,48,12,36,玉山-高雄,2023-11-28,8843
2538,基泰,40,5,35,玉山-高雄,2023-11-28,8843
00712,復華富時不動產,41,8,33,玉山-高雄,2023-11-28,8843
1815,富喬,41,10,31,玉山-高雄,2023-11-28,8843
2542,興富發,30,0,30,玉山-高雄,2023-11-28,8843
00907,永豐優息存股,30,0,30,玉山-高雄,2023-11-28,8843
00882,中信中國高股息,30,1,29,玉山-高雄,2023-11-28,8843
5347,世界,41,13,28,玉山-高雄,2023-11-28,8843
2402,毅嘉,32,4,28,玉山-高雄,2023-11-28,8843
00930,永豐ESG低碳高息,32,5,27,玉山-高雄,2023-11-28,8843
3231,緯創,63,36,27,玉山-高雄,2023-11-28,8843
00753L,中信中國50正2,25,0,25,玉山-高雄,2023-11-28,8843
2301,光寶科,30,6,24,玉山-高雄,2023-11-28,8843
9103,美德醫療-DR,30,6,24,玉山-高雄,2023-11-28,8843
2027,大成鋼,42,20,22,玉山-高雄,2023-11-28,8843
00706L,期元大S＆P日圓正2,22,0,22,玉山-高雄,2023-11-28,8843
2606,裕民,42,21,21,玉山-高雄,2023-11-28,8843
3264,欣銓,21,0,21,玉山-高雄,2023-11-28,8843
3481,群創,216,196,20,玉山-高雄,2023-11-28,8843
00932,兆豐永續高息等權,20,0,20,玉山-高雄,2023-11-28,8843
6129,普誠,30,10,20,玉山-高雄,2023-11-28,8843
2630,亞航,21,1,20,玉山-高雄,2023-11-28,8843
2399,映泰,19,0,19,玉山-高雄,2023-11-28,8843
00637L,元大滬深300正2,25,8,17,玉山-高雄,2023-11-28,8843
4114,健喬,47,31,16,玉山-高雄,2023-11-28,8843
3056,富華新,20,3,17,玉山-高雄,2023-11-28,8843
2353,宏��,17,1,16,玉山-高雄,2023-11-28,8843
00715L,期街口布蘭特正2,16,0,16,玉山-高雄,2023-11-28,8843
2382,廣達,31,16,15,玉山-高雄,2023-11-28,8843
2515,中工,15,0,15,玉山-高雄,2023-11-28,8843
2612,中航,23,8,15,玉山-高雄,2023-11-28,8843
00664R,國泰臺灣加權反1,15,0,15,玉山-高雄,2023-11-28,8843
0056,元大高股息,36,21,15,玉山-高雄,2023-11-28,8843
00885,富邦越南,15,0,15,玉山-高雄,2023-11-28,8843
00919,群益台灣精選高息,33,19,14,玉山-高雄,2023-11-28,8843
6237,驊訊,41,27,14,玉山-高雄,2023-11-28,8843
3545,敦泰,67,54,13,玉山-高雄,2023-11-28,8843
2891,中信金,432,14,418,玉山-高雄,2023-11-29,8843
2883,凱基金,469,65,404,玉山-高雄,2023-11-29,8843
00665L,富邦�琤肭磪囓�2,202,0,202,玉山-高雄,2023-11-29,8843
00753L,中信中國50正2,166,0,166,玉山-高雄,2023-11-29,8843
00882,中信中國高股息,158,16,142,玉山-高雄,2023-11-29,8843
00680L,元大美債20正2,144,8,136,玉山-高雄,2023-11-29,8843
5608,四維航,141,24,117,玉山-高雄,2023-11-29,8843
2313,華通,274,161,113,玉山-高雄,2023-11-29,8843
00688L,國泰20年美債正2,110,30,80,玉山-高雄,2023-11-29,8843
00650L,復華香港正2,75,0,75,玉山-高雄,2023-11-29,8843
1605,華新,93,22,71,玉山-高雄,2023-11-29,8843
3036,文曄,76,7,69,玉山-高雄,2023-11-29,8843
6578,達邦蛋白,60,0,60,玉山-高雄,2023-11-29,8843
00923,群益台ESG低碳50,69,11,58,玉山-高雄,2023-11-29,8843
00687B,國泰20年美債,78,20,58,玉山-高雄,2023-11-29,8843
3056,富華新,50,0,50,玉山-高雄,2023-11-29,8843
3481,群創,57,7,50,玉山-高雄,2023-11-29,8843
6182,合晶,51,3,48,玉山-高雄,2023-11-29,8843
2409,友達,50,2,48,玉山-高雄,2023-11-29,8843
00679B,元大美債20年,54,9,45,玉山-高雄,2023-11-29,8843
00637L,元大滬深300正2,78,33,45,玉山-高雄,2023-11-29,8843
4414,如興,40,0,40,玉山-高雄,2023-11-29,8843
2880,華南金,50,12,38,玉山-高雄,2023-11-29,8843
2610,華航,59,21,38,玉山-高雄,2023-11-29,8843
1101,台泥,124,88,36,玉山-高雄,2023-11-29,8843
3264,欣銓,39,5,34,玉山-高雄,2023-11-29,8843
00751B,元大AAA至A公司債,33,0,33,玉山-高雄,2023-11-29,8843
00664R,國泰臺灣加權反1,30,0,30,玉山-高雄,2023-11-29,8843
2472,立隆電,41,12,29,玉山-高雄,2023-11-29,8843
2323,中環,28,0,28,玉山-高雄,2023-11-29,8843
1538,正峰,28,0,28,玉山-高雄,2023-11-29,8843
4157,太景*-KY,30,4,26,玉山-高雄,2023-11-29,8843
2457,飛宏,33,8,25,玉山-高雄,2023-11-29,8843
2867,三商壽,25,0,25,玉山-高雄,2023-11-29,8843
1815,富喬,29,6,23,玉山-高雄,2023-11-29,8843
5603,陸海,23,0,23,玉山-高雄,2023-11-29,8843
00795B,中信美國公債20年,22,0,22,玉山-高雄,2023-11-29,8843
2897,王道銀行,25,3,22,玉山-高雄,2023-11-29,8843
8054,安國,71,51,20,玉山-高雄,2023-11-29,8843
2314,台揚,22,2,20,玉山-高雄,2023-11-29,8843
00706L,期元大S＆P日圓正2,20,0,20,玉山-高雄,2023-11-29,8843
2367,燿華,21,2,19,玉山-高雄,2023-11-29,8843
00931B,統一美債20年,17,0,17,玉山-高雄,2023-11-29,8843
00934,中信成長高股息,31,14,17,玉山-高雄,2023-11-29,8843
1314,中石化,24,7,17,玉山-高雄,2023-11-29,8843
3231,緯創,47,30,17,玉山-高雄,2023-11-29,8843
00725B,國泰投資級公司債,20,4,16,玉山-高雄,2023-11-29,8843
5351,鈺創,70,55,15,玉山-高雄,2023-11-29,8843
1717,長興,15,0,15,玉山-高雄,2023-11-29,8843
1560,中砂,16,1,15,玉山-高雄,2023-11-29,8843
00665L,富邦�琤肭磪囓�2,145,10,135,玉山-高雄,2023-11-30,8843
00919,群益台灣精選高息,127,12,115,玉山-高雄,2023-11-30,8843
2442,新美齊,114,0,114,玉山-高雄,2023-11-30,8843
00688L,國泰20年美債正2,151,40,111,玉山-高雄,2023-11-30,8843
2409,友達,107,2,105,玉山-高雄,2023-11-30,8843
00882,中信中國高股息,85,2,83,玉山-高雄,2023-11-30,8843
00692,富邦公司治理,111,30,81,玉山-高雄,2023-11-30,8843
6257,矽格,91,12,79,玉山-高雄,2023-11-30,8843
4414,如興,70,0,70,玉山-高雄,2023-11-30,8843
2329,華泰,282,220,62,玉山-高雄,2023-11-30,8843
2317,鴻海,66,5,61,玉山-高雄,2023-11-30,8843
00632R,元大台灣50反1,70,10,60,玉山-高雄,2023-11-30,8843
2883,凱基金,125,65,60,玉山-高雄,2023-11-30,8843
3265,台星科,62,4,58,玉山-高雄,2023-11-30,8843
4915,致伸,49,0,49,玉山-高雄,2023-11-30,8843
2201,裕隆,48,2,46,玉山-高雄,2023-11-30,8843
3231,緯創,138,94,44,玉山-高雄,2023-11-30,8843
0056,元大高股息,56,12,44,玉山-高雄,2023-11-30,8843
3481,群創,46,6,40,玉山-高雄,2023-11-30,8843
2002,中鋼,107,69,38,玉山-高雄,2023-11-30,8843
6276,安鈦克,53,15,38,玉山-高雄,2023-11-30,8843
2353,宏��,41,5,36,玉山-高雄,2023-11-30,8843
00664R,國泰臺灣加權反1,34,0,34,玉山-高雄,2023-11-30,8843
00934,中信成長高股息,34,0,34,玉山-高雄,2023-11-30,8843
2542,興富發,32,0,32,玉山-高雄,2023-11-30,8843
00933B,國泰10Y+金融債,34,4,30,玉山-高雄,2023-11-30,8843
00751B,元大AAA至A公司債,30,1,29,玉山-高雄,2023-11-30,8843
1314,中石化,32,4,28,玉山-高雄,2023-11-30,8843
2538,基泰,30,2,28,玉山-高雄,2023-11-30,8843
5452,佶優,33,6,27,玉山-高雄,2023-11-30,8843
2492,華新科,32,5,27,玉山-高雄,2023-11-30,8843
00936,台新永續高息中小,27,1,26,玉山-高雄,2023-11-30,8843
00679B,元大美債20年,29,3,26,玉山-高雄,2023-11-30,8843
00706L,期元大S＆P日圓正2,25,0,25,玉山-高雄,2023-11-30,8843
2332,友訊,32,7,25,玉山-高雄,2023-11-30,8843
1904,正隆,25,0,25,玉山-高雄,2023-11-30,8843
8121,越峰,25,0,25,玉山-高雄,2023-11-30,8843
3689,湧德,22,0,22,玉山-高雄,2023-11-30,8843
8936,國統,44,22,22,玉山-高雄,2023-11-30,8843
00712,復華富時不動產,36,14,22,玉山-高雄,2023-11-30,8843
2323,中環,31,10,21,玉山-高雄,2023-11-30,8843
2478,大毅,21,0,21,玉山-高雄,2023-11-30,8843
2888,新光金,21,0,21,玉山-高雄,2023-11-30,8843
6129,普誠,23,2,21,玉山-高雄,2023-11-30,8843
3006,晶豪科,30,10,20,玉山-高雄,2023-11-30,8843
3055,蔚華科,20,0,20,玉山-高雄,2023-11-30,8843
1324,地球,19,0,19,玉山-高雄,2023-11-30,8843
2485,兆赫,19,1,18,玉山-高雄,2023-11-30,8843
3710,連展投控,18,0,18,玉山-高雄,2023-11-30,8843
8070,長華*,18,0,18,玉山-高雄,2023-11-30,8843
00919,群益台灣精選高息,367,63,304,玉山-高雄,2023-12-01,8843
8927,北基,276,1,275,玉山-高雄,2023-12-01,8843
2883,凱基金,258,10,248,玉山-高雄,2023-12-01,8843
00934,中信成長高股息,204,5,199,玉山-高雄,2023-12-01,8843
00637L,元大滬深300正2,216,47,169,玉山-高雄,2023-12-01,8843
8096,擎亞,169,9,160,玉山-高雄,2023-12-01,8843
6191,精成科,189,33,156,玉山-高雄,2023-12-01,8843
2317,鴻海,141,11,130,玉山-高雄,2023-12-01,8843
00687B,國泰20年美債,126,4,122,玉山-高雄,2023-12-01,8843
3481,群創,124,6,118,玉山-高雄,2023-12-01,8843
00665L,富邦�琤肭磪囓�2,135,25,110,玉山-高雄,2023-12-01,8843
00679B,元大美債20年,123,19,104,玉山-高雄,2023-12-01,8843
4979,華星光,106,4,102,玉山-高雄,2023-12-01,8843
2880,華南金,103,6,97,玉山-高雄,2023-12-01,8843
2002,中鋼,90,18,72,玉山-高雄,2023-12-01,8843
6276,安鈦克,179,111,68,玉山-高雄,2023-12-01,8843
3083,網龍,66,0,66,玉山-高雄,2023-12-01,8843
4157,太景*-KY,67,4,63,玉山-高雄,2023-12-01,8843
00688L,國泰20年美債正2,61,0,61,玉山-高雄,2023-12-01,8843
2515,中工,59,2,57,玉山-高雄,2023-12-01,8843
2009,第一銅,72,15,57,玉山-高雄,2023-12-01,8843
3056,富華新,53,1,52,玉山-高雄,2023-12-01,8843
2344,華邦電,57,5,52,玉山-高雄,2023-12-01,8843
00850,元大臺灣ESG永續,52,1,51,玉山-高雄,2023-12-01,8843
00632R,元大台灣50反1,71,20,51,玉山-高雄,2023-12-01,8843
2801,彰銀,51,3,48,玉山-高雄,2023-12-01,8843
2882,國泰金,47,0,47,玉山-高雄,2023-12-01,8843
2891,中信金,42,0,42,玉山-高雄,2023-12-01,8843
2888,新光金,58,17,41,玉山-高雄,2023-12-01,8843
00715L,期街口布蘭特正2,57,17,40,玉山-高雄,2023-12-01,8843
2303,聯電,74,35,39,玉山-高雄,2023-12-01,8843
00751B,元大AAA至A公司債,41,2,39,玉山-高雄,2023-12-01,8843
2881,富邦金,39,0,39,玉山-高雄,2023-12-01,8843
3078,僑威,41,5,36,玉山-高雄,2023-12-01,8843
00882,中信中國高股息,32,1,31,玉山-高雄,2023-12-01,8843
00885,富邦越南,41,10,31,玉山-高雄,2023-12-01,8843
00650L,復華香港正2,30,0,30,玉山-高雄,2023-12-01,8843
00725B,國泰投資級公司債,37,8,29,玉山-高雄,2023-12-01,8843
3231,緯創,71,43,28,玉山-高雄,2023-12-01,8843
3702,大聯大,27,0,27,玉山-高雄,2023-12-01,8843
8121,越峰,25,0,25,玉山-高雄,2023-12-01,8843
3450,聯鈞,49,26,23,玉山-高雄,2023-12-01,8843
2887,台新金,26,4,22,玉山-高雄,2023-12-01,8843
3041,揚智,80,59,21,玉山-高雄,2023-12-01,8843
4167,松瑞藥,85,64,21,玉山-高雄,2023-12-01,8843
1314,中石化,21,0,21,玉山-高雄,2023-12-01,8843
5533,皇鼎,20,0,20,玉山-高雄,2023-12-01,8843
6274,台燿,20,0,20,玉山-高雄,2023-12-01,8843
1313,聯成,20,0,20,玉山-高雄,2023-12-01,8843
1605,華新,34,15,19,玉山-高雄,2023-12-01,8843
00919,群益台灣精選高息,740,34,706,玉山-高雄,2023-12-04,8843
8054,安國,272,7,265,玉山-高雄,2023-12-04,8843
00688L,國泰20年美債正2,204,0,204,玉山-高雄,2023-12-04,8843
2883,凱基金,203,0,203,玉山-高雄,2023-12-04,8843
00929,復華台灣科技優息,258,76,182,玉山-高雄,2023-12-04,8843
00753L,中信中國50正2,164,5,159,玉山-高雄,2023-12-04,8843
5328,華容,159,15,144,玉山-高雄,2023-12-04,8843
00687B,國泰20年美債,127,3,124,玉山-高雄,2023-12-04,8843
00715L,期街口布蘭特正2,136,13,123,玉山-高雄,2023-12-04,8843
2515,中工,102,0,102,玉山-高雄,2023-12-04,8843
2905,三商,100,0,100,玉山-高雄,2023-12-04,8843
1522,堤維西,101,1,100,玉山-高雄,2023-12-04,8843
3035,智原,142,44,98,玉山-高雄,2023-12-04,8843
2891,中信金,93,5,88,玉山-高雄,2023-12-04,8843
6217,中探針,88,1,87,玉山-高雄,2023-12-04,8843
3056,富華新,90,10,80,玉山-高雄,2023-12-04,8843
1605,華新,95,31,64,玉山-高雄,2023-12-04,8843
00650L,復華香港正2,63,0,63,玉山-高雄,2023-12-04,8843
1568,倉佑,65,3,62,玉山-高雄,2023-12-04,8843
00934,中信成長高股息,57,1,56,玉山-高雄,2023-12-04,8843
3715,定穎投控,99,43,56,玉山-高雄,2023-12-04,8843
2601,益航,185,130,55,玉山-高雄,2023-12-04,8843
00642U,期元大S＆P石油,55,0,55,玉山-高雄,2023-12-04,8843
2329,華泰,144,95,49,玉山-高雄,2023-12-04,8843
8121,越峰,43,0,43,玉山-高雄,2023-12-04,8843
2355,敬鵬,97,54,43,玉山-高雄,2023-12-04,8843
6122,擎邦,51,8,43,玉山-高雄,2023-12-04,8843
9919,康那香,113,71,42,玉山-高雄,2023-12-04,8843
00882,中信中國高股息,65,26,39,玉山-高雄,2023-12-04,8843
6125,廣運,72,34,38,玉山-高雄,2023-12-04,8843
00679B,元大美債20年,53,17,36,玉山-高雄,2023-12-04,8843
00632R,元大台灣50反1,46,10,36,玉山-高雄,2023-12-04,8843
8088,品安,47,13,34,玉山-高雄,2023-12-04,8843
00637L,元大滬深300正2,34,0,34,玉山-高雄,2023-12-04,8843
1101,台泥,90,59,31,玉山-高雄,2023-12-04,8843
2402,毅嘉,31,0,31,玉山-高雄,2023-12-04,8843
3325,旭品,34,8,26,玉山-高雄,2023-12-04,8843
00931B,統一美債20年,27,1,26,玉山-高雄,2023-12-04,8843
3078,僑威,43,17,26,玉山-高雄,2023-12-04,8843
00795B,中信美國公債20年,25,0,25,玉山-高雄,2023-12-04,8843
1326,台化,29,4,25,玉山-高雄,2023-12-04,8843
6231,系微,30,5,25,玉山-高雄,2023-12-04,8843
2615,萬海,77,54,23,玉山-高雄,2023-12-04,8843
3665,貿聯-KY,26,3,23,玉山-高雄,2023-12-04,8843
8163,達方,25,2,23,玉山-高雄,2023-12-04,8843
4532,瑞智,23,0,23,玉山-高雄,2023-12-04,8843
3483,力致,23,1,22,玉山-高雄,2023-12-04,8843
2353,宏��,22,0,22,玉山-高雄,2023-12-04,8843
6426,統新,27,5,22,玉山-高雄,2023-12-04,8843
3380,明泰,23,1,22,玉山-高雄,2023-12-04,8843
00937B,群益ESG投等債20,487,41,446,玉山-高雄,2023-12-05,8843
00753L,中信中國50正2,514,133,381,玉山-高雄,2023-12-05,8843
00680L,元大美債20正2,374,1,373,玉山-高雄,2023-12-05,8843
00919,群益台灣精選高息,375,30,345,玉山-高雄,2023-12-05,8843
3035,智原,177,20,157,玉山-高雄,2023-12-05,8843
00650L,復華香港正2,144,0,144,玉山-高雄,2023-12-05,8843
3481,群創,170,40,130,玉山-高雄,2023-12-05,8843
2303,聯電,140,13,127,玉山-高雄,2023-12-05,8843
3056,富華新,111,0,111,玉山-高雄,2023-12-05,8843
2355,敬鵬,117,26,91,玉山-高雄,2023-12-05,8843
00934,中信成長高股息,86,1,85,玉山-高雄,2023-12-05,8843
00688L,國泰20年美債正2,116,31,85,玉山-高雄,2023-12-05,8843
8054,安國,160,76,84,玉山-高雄,2023-12-05,8843
2888,新光金,111,30,81,玉山-高雄,2023-12-05,8843
2606,裕民,170,92,78,玉山-高雄,2023-12-05,8843
00687B,國泰20年美債,69,0,69,玉山-高雄,2023-12-05,8843
9103,美德醫療-DR,70,4,66,玉山-高雄,2023-12-05,8843
00929,復華台灣科技優息,178,112,66,玉山-高雄,2023-12-05,8843
1605,華新,79,14,65,玉山-高雄,2023-12-05,8843
2344,華邦電,217,158,59,玉山-高雄,2023-12-05,8843
2891,中信金,59,1,58,玉山-高雄,2023-12-05,8843
00918,大華優利高填息30,60,2,58,玉山-高雄,2023-12-05,8843
6276,安鈦克,58,1,57,玉山-高雄,2023-12-05,8843
2883,凱基金,63,7,56,玉山-高雄,2023-12-05,8843
00878,國泰永續高股息,152,97,55,玉山-高雄,2023-12-05,8843
2618,長榮航,61,11,50,玉山-高雄,2023-12-05,8843
00882,中信中國高股息,227,179,48,玉山-高雄,2023-12-05,8843
00936,台新永續高息中小,69,21,48,玉山-高雄,2023-12-05,8843
1522,堤維西,59,13,46,玉山-高雄,2023-12-05,8843
6285,啟��,57,11,46,玉山-高雄,2023-12-05,8843
3050,鈺德,60,16,44,玉山-高雄,2023-12-05,8843
2367,燿華,63,19,44,玉山-高雄,2023-12-05,8843
3231,緯創,79,38,41,玉山-高雄,2023-12-05,8843
2637,慧洋-KY,122,81,41,玉山-高雄,2023-12-05,8843
5347,世界,49,9,40,玉山-高雄,2023-12-05,8843
2607,榮運,42,3,39,玉山-高雄,2023-12-05,8843
00632R,元大台灣50反1,40,1,39,玉山-高雄,2023-12-05,8843
1314,中石化,39,1,38,玉山-高雄,2023-12-05,8843
4167,松瑞藥,91,53,38,玉山-高雄,2023-12-05,8843
00637L,元大滬深300正2,87,50,37,玉山-高雄,2023-12-05,8843
2617,台航,108,74,34,玉山-高雄,2023-12-05,8843
2353,宏��,49,16,33,玉山-高雄,2023-12-05,8843
1815,富喬,49,16,33,玉山-高雄,2023-12-05,8843
5608,四維航,227,195,32,玉山-高雄,2023-12-05,8843
2409,友達,49,17,32,玉山-高雄,2023-12-05,8843
2601,益航,47,15,32,玉山-高雄,2023-12-05,8843
5533,皇鼎,31,0,31,玉山-高雄,2023-12-05,8843
00725B,國泰投資級公司債,30,0,30,玉山-高雄,2023-12-05,8843
00671R,富邦NASDAQ反1,30,0,30,玉山-高雄,2023-12-05,8843
8121,越峰,29,0,29,玉山-高雄,2023-12-05,8843
00937B,群益ESG投等債20,710,75,635,玉山-高雄,2023-12-06,8843
00882,中信中國高股息,524,13,511,玉山-高雄,2023-12-06,8843
00688L,國泰20年美債正2,333,7,326,玉山-高雄,2023-12-06,8843
2891,中信金,403,82,321,玉山-高雄,2023-12-06,8843
2888,新光金,247,5,242,玉山-高雄,2023-12-06,8843
00632R,元大台灣50反1,226,3,223,玉山-高雄,2023-12-06,8843
00919,群益台灣精選高息,232,10,222,玉山-高雄,2023-12-06,8843
00679B,元大美債20年,242,29,213,玉山-高雄,2023-12-06,8843
6531,愛普*,165,1,164,玉山-高雄,2023-12-06,8843
3481,群創,175,13,162,玉山-高雄,2023-12-06,8843
1316,上曜,125,0,125,玉山-高雄,2023-12-06,8843
00929,復華台灣科技優息,145,38,107,玉山-高雄,2023-12-06,8843
2905,三商,101,0,101,玉山-高雄,2023-12-06,8843
9105,泰金寶-DR,90,3,87,玉山-高雄,2023-12-06,8843
1514,亞力,147,75,72,玉山-高雄,2023-12-06,8843
00687B,國泰20年美債,92,21,71,玉山-高雄,2023-12-06,8843
00722B,群益投資級電信債,77,8,69,玉山-高雄,2023-12-06,8843
00720B,元大投資級公司債,62,0,62,玉山-高雄,2023-12-06,8843
00933B,國泰10Y+金融債,68,7,61,玉山-高雄,2023-12-06,8843
1201,味全,70,12,58,玉山-高雄,2023-12-06,8843
2887,台新金,52,0,52,玉山-高雄,2023-12-06,8843
2913,農林,52,1,51,玉山-高雄,2023-12-06,8843
00664R,國泰臺灣加權反1,50,0,50,玉山-高雄,2023-12-06,8843
4414,如興,50,0,50,玉山-高雄,2023-12-06,8843
2329,華泰,122,76,46,玉山-高雄,2023-12-06,8843
00764B,群益25年美債,51,6,45,玉山-高雄,2023-12-06,8843
2337,旺宏,45,1,44,玉山-高雄,2023-12-06,8843
1522,堤維西,63,19,44,玉山-高雄,2023-12-06,8843
3545,敦泰,40,3,37,玉山-高雄,2023-12-06,8843
2419,仲琦,71,35,36,玉山-高雄,2023-12-06,8843
2434,統懋,35,0,35,玉山-高雄,2023-12-06,8843
00633L,富邦上証正2,269,235,34,玉山-高雄,2023-12-06,8843
1605,華新,37,4,33,玉山-高雄,2023-12-06,8843
2867,三商壽,34,2,32,玉山-高雄,2023-12-06,8843
1513,中興電,69,39,30,玉山-高雄,2023-12-06,8843
2317,鴻海,45,14,31,玉山-高雄,2023-12-06,8843
6120,達運,30,0,30,玉山-高雄,2023-12-06,8843
2605,新興,166,137,29,玉山-高雄,2023-12-06,8843
00665L,富邦�琤肭磪囓�2,83,56,27,玉山-高雄,2023-12-06,8843
00725B,國泰投資級公司債,25,0,25,玉山-高雄,2023-12-06,8843
8093,保銳,25,0,25,玉山-高雄,2023-12-06,8843
1101,台泥,28,3,25,玉山-高雄,2023-12-06,8843
2409,友達,31,7,24,玉山-高雄,2023-12-06,8843
2611,志信,33,12,21,玉山-高雄,2023-12-06,8843
8096,擎亞,20,0,20,玉山-高雄,2023-12-06,8843
00795B,中信美國公債20年,20,0,20,玉山-高雄,2023-12-06,8843
1504,東元,30,12,18,玉山-高雄,2023-12-06,8843
5328,華容,22,5,17,玉山-高雄,2023-12-06,8843
1802,台玻,18,1,17,玉山-高雄,2023-12-06,8843
2442,新美齊,17,0,17,玉山-高雄,2023-12-06,8843
00937B,群益ESG投等債20,622,57,565,玉山-高雄,2023-12-07,8843
00919,群益台灣精選高息,411,99,312,玉山-高雄,2023-12-07,8843
00720B,元大投資級公司債,340,53,287,玉山-高雄,2023-12-07,8843
00753L,中信中國50正2,344,95,249,玉山-高雄,2023-12-07,8843
00680L,元大美債20正2,362,114,248,玉山-高雄,2023-12-07,8843
00715L,期街口布蘭特正2,293,50,243,玉山-高雄,2023-12-07,8843
00688L,國泰20年美債正2,281,60,221,玉山-高雄,2023-12-07,8843
3041,揚智,281,68,213,玉山-高雄,2023-12-07,8843
3056,富華新,154,0,154,玉山-高雄,2023-12-07,8843
00931B,統一美債20年,153,24,129,玉山-高雄,2023-12-07,8843
00687B,國泰20年美債,260,154,106,玉山-高雄,2023-12-07,8843
8096,擎亞,100,0,100,玉山-高雄,2023-12-07,8843
2888,新光金,122,29,93,玉山-高雄,2023-12-07,8843
2353,宏��,108,16,92,玉山-高雄,2023-12-07,8843
00882,中信中國高股息,101,12,89,玉山-高雄,2023-12-07,8843
2891,中信金,100,12,88,玉山-高雄,2023-12-07,8843
1201,味全,70,2,68,玉山-高雄,2023-12-07,8843
6243,迅杰,156,90,66,玉山-高雄,2023-12-07,8843
2344,華邦電,87,21,66,玉山-高雄,2023-12-07,8843
00918,大華優利高填息30,64,0,64,玉山-高雄,2023-12-07,8843
00929,復華台灣科技優息,129,73,56,玉山-高雄,2023-12-07,8843
1612,宏泰,75,20,55,玉山-高雄,2023-12-07,8843
1312,國喬,53,0,53,玉山-高雄,2023-12-07,8843
1605,華新,130,78,52,玉山-高雄,2023-12-07,8843
2208,台船,50,1,49,玉山-高雄,2023-12-07,8843
00650L,復華香港正2,47,0,47,玉山-高雄,2023-12-07,8843
2303,聯電,65,20,45,玉山-高雄,2023-12-07,8843
5530,龍巖,42,0,42,玉山-高雄,2023-12-07,8843
2211,長榮鋼,47,6,41,玉山-高雄,2023-12-07,8843
00933B,國泰10Y+金融債,45,7,38,玉山-高雄,2023-12-07,8843
1504,東元,63,26,37,玉山-高雄,2023-12-07,8843
2641,正德,64,28,36,玉山-高雄,2023-12-07,8843
3078,僑威,65,30,35,玉山-高雄,2023-12-07,8843
2609,陽明,36,2,34,玉山-高雄,2023-12-07,8843
2601,益航,34,0,34,玉山-高雄,2023-12-07,8843
00795B,中信美國公債20年,31,0,31,玉山-高雄,2023-12-07,8843
2363,矽統,38,8,30,玉山-高雄,2023-12-07,8843
3450,聯鈞,51,21,30,玉山-高雄,2023-12-07,8843
1616,億泰,43,16,27,玉山-高雄,2023-12-07,8843
2887,台新金,26,0,26,玉山-高雄,2023-12-07,8843
2425,承啟,40,15,25,玉山-高雄,2023-12-07,8843
8171,天宇,29,5,24,玉山-高雄,2023-12-07,8843
2312,金寶,82,59,23,玉山-高雄,2023-12-07,8843
1815,富喬,27,4,23,玉山-高雄,2023-12-07,8843
1618,合機,103,80,23,玉山-高雄,2023-12-07,8843
00665L,富邦�琤肭磪囓�2,225,203,22,玉山-高雄,2023-12-07,8843
2002,中鋼,34,12,22,玉山-高雄,2023-12-07,8843
00900,富邦特選高股息30,27,6,21,玉山-高雄,2023-12-07,8843
00679B,元大美債20年,116,95,21,玉山-高雄,2023-12-07,8843
8155,博智,29,9,20,玉山-高雄,2023-12-07,8843
00688L,國泰20年美債正2,342,2,340,玉山-高雄,2023-12-08,8843
00687B,國泰20年美債,336,7,329,玉山-高雄,2023-12-08,8843
00919,群益台灣精選高息,250,8,242,玉山-高雄,2023-12-08,8843
2882,國泰金,184,1,183,玉山-高雄,2023-12-08,8843
2888,新光金,171,7,164,玉山-高雄,2023-12-08,8843
00715L,期街口布蘭特正2,185,26,159,玉山-高雄,2023-12-08,8843
00937B,群益ESG投等債20,163,30,133,玉山-高雄,2023-12-08,8843
00680L,元大美債20正2,144,12,132,玉山-高雄,2023-12-08,8843
00882,中信中國高股息,144,23,121,玉山-高雄,2023-12-08,8843
00706L,期元大S＆P日圓正2,125,10,115,玉山-高雄,2023-12-08,8843
2353,宏��,85,12,73,玉山-高雄,2023-12-08,8843
3056,富華新,61,0,61,玉山-高雄,2023-12-08,8843
3213,茂訊,52,1,51,玉山-高雄,2023-12-08,8843
2301,光寶科,50,8,42,玉山-高雄,2023-12-08,8843
2887,台新金,64,22,42,玉山-高雄,2023-12-08,8843
4532,瑞智,52,12,40,玉山-高雄,2023-12-08,8843
3231,緯創,99,61,38,玉山-高雄,2023-12-08,8843
00679B,元大美債20年,36,0,36,玉山-高雄,2023-12-08,8843
3024,憶聲,36,0,36,玉山-高雄,2023-12-08,8843
1319,東陽,50,15,35,玉山-高雄,2023-12-08,8843
6271,同欣電,39,4,35,玉山-高雄,2023-12-08,8843
00753L,中信中國50正2,65,30,35,玉山-高雄,2023-12-08,8843
1514,亞力,111,76,35,玉山-高雄,2023-12-08,8843
2451,創見,35,1,34,玉山-高雄,2023-12-08,8843
2337,旺宏,38,5,33,玉山-高雄,2023-12-08,8843
1316,上曜,32,0,32,玉山-高雄,2023-12-08,8843
00637L,元大滬深300正2,80,49,31,玉山-高雄,2023-12-08,8843
00712,復華富時不動產,32,1,31,玉山-高雄,2023-12-08,8843
00907,永豐優息存股,30,0,30,玉山-高雄,2023-12-08,8843
2614,東森,30,3,27,玉山-高雄,2023-12-08,8843
2605,新興,123,96,27,玉山-高雄,2023-12-08,8843
00671R,富邦NASDAQ反1,26,0,26,玉山-高雄,2023-12-08,8843
5608,四維航,33,7,26,玉山-高雄,2023-12-08,8843
9105,泰金寶-DR,25,0,25,玉山-高雄,2023-12-08,8843
4906,正文,29,5,24,玉山-高雄,2023-12-08,8843
00720B,元大投資級公司債,34,10,24,玉山-高雄,2023-12-08,8843
2376,技嘉,66,45,21,玉山-高雄,2023-12-08,8843
1815,富喬,61,40,21,玉山-高雄,2023-12-08,8843
5483,中美晶,27,6,21,玉山-高雄,2023-12-08,8843
00674R,期元大S＆P黃金反1,20,0,20,玉山-高雄,2023-12-08,8843
00933B,國泰10Y+金融債,30,11,19,玉山-高雄,2023-12-08,8843
00936,台新永續高息中小,21,3,18,玉山-高雄,2023-12-08,8843
5530,龍巖,17,0,17,玉山-高雄,2023-12-08,8843
4440,宜新實業,16,0,16,玉山-高雄,2023-12-08,8843
5213,亞昕,16,0,16,玉山-高雄,2023-12-08,8843
6120,達運,15,0,15,玉山-高雄,2023-12-08,8843
00751B,元大AAA至A公司債,26,11,15,玉山-高雄,2023-12-08,8843
6233,旺玖,24,9,15,玉山-高雄,2023-12-08,8843
2329,華泰,56,41,15,玉山-高雄,2023-12-08,8843
00642U,期元大S＆P石油,14,0,14,玉山-高雄,2023-12-08,8843
00919,群益台灣精選高息,598,31,567,玉山-高雄,2023-12-11,8843
00715L,期街口布蘭特正2,266,60,206,玉山-高雄,2023-12-11,8843
00753L,中信中國50正2,267,70,197,玉山-高雄,2023-12-11,8843
2025,千興,192,0,192,玉山-高雄,2023-12-11,8843
00937B,群益ESG投等債20,231,86,145,玉山-高雄,2023-12-11,8843
00882,中信中國高股息,176,45,131,玉山-高雄,2023-12-11,8843
00665L,富邦�琤肭磪囓�2,130,0,130,玉山-高雄,2023-12-11,8843
2002,中鋼,123,3,120,玉山-高雄,2023-12-11,8843
1524,耿鼎,243,125,118,玉山-高雄,2023-12-11,8843
2618,長榮航,137,34,103,玉山-高雄,2023-12-11,8843
2547,日勝生,100,0,100,玉山-高雄,2023-12-11,8843
2317,鴻海,99,15,84,玉山-高雄,2023-12-11,8843
00637L,元大滬深300正2,184,100,84,玉山-高雄,2023-12-11,8843
2888,新光金,90,12,78,玉山-高雄,2023-12-11,8843
2353,宏��,87,11,76,玉山-高雄,2023-12-11,8843
00751B,元大AAA至A公司債,67,0,67,玉山-高雄,2023-12-11,8843
1409,新纖,65,0,65,玉山-高雄,2023-12-11,8843
2301,光寶科,64,7,57,玉山-高雄,2023-12-11,8843
00650L,復華香港正2,53,0,53,玉山-高雄,2023-12-11,8843
2388,威盛,72,21,51,玉山-高雄,2023-12-11,8843
3303,岱稜,50,0,50,玉山-高雄,2023-12-11,8843
1519,華城,61,20,41,玉山-高雄,2023-12-11,8843
3056,富華新,36,0,36,玉山-高雄,2023-12-11,8843
1324,地球,36,2,34,玉山-高雄,2023-12-11,8843
6243,迅杰,35,4,31,玉山-高雄,2023-12-11,8843
00712,復華富時不動產,55,24,31,玉山-高雄,2023-12-11,8843
1312,國喬,52,22,30,玉山-高雄,2023-12-11,8843
3712,永崴投控,39,9,30,玉山-高雄,2023-12-11,8843
2069,運錩,30,0,30,玉山-高雄,2023-12-11,8843
2382,廣達,58,32,26,玉山-高雄,2023-12-11,8843
3051,力特,26,0,26,玉山-高雄,2023-12-11,8843
5533,皇鼎,25,0,25,玉山-高雄,2023-12-11,8843
00878,國泰永續高股息,95,71,24,玉山-高雄,2023-12-11,8843
8069,元太,24,0,24,玉山-高雄,2023-12-11,8843
2641,正德,26,2,24,玉山-高雄,2023-12-11,8843
5511,德昌,23,0,23,玉山-高雄,2023-12-11,8843
6005,群益證,23,1,22,玉山-高雄,2023-12-11,8843
3078,僑威,39,17,22,玉山-高雄,2023-12-11,8843
00918,大華優利高填息30,24,4,20,玉山-高雄,2023-12-11,8843
6547,高端疫苗,23,3,20,玉山-高雄,2023-12-11,8843
2399,映泰,22,2,20,玉山-高雄,2023-12-11,8843
5607,遠雄港,20,0,20,玉山-高雄,2023-12-11,8843
00752,中信中國50,19,0,19,玉山-高雄,2023-12-11,8843
3715,定穎投控,35,15,20,玉山-高雄,2023-12-11,8843
2451,創見,19,0,19,玉山-高雄,2023-12-11,8843
5324,士開,20,2,18,玉山-高雄,2023-12-11,8843
9105,泰金寶-DR,18,0,18,玉山-高雄,2023-12-11,8843
2376,技嘉,40,22,18,玉山-高雄,2023-12-11,8843
1609,大亞,27,9,18,玉山-高雄,2023-12-11,8843
9103,美德醫療-DR,18,1,17,玉山-高雄,2023-12-11,8843
5011,久陽,963,13,950,玉山-高雄,2023-12-12,8843
00688L,國泰20年美債正2,615,0,615,玉山-高雄,2023-12-12,8843
00919,群益台灣精選高息,622,81,541,玉山-高雄,2023-12-12,8843
00882,中信中國高股息,359,24,335,玉山-高雄,2023-12-12,8843
2002,中鋼,314,15,299,玉山-高雄,2023-12-12,8843
00687B,國泰20年美債,294,7,287,玉山-高雄,2023-12-12,8843
6116,彩晶,205,8,197,玉山-高雄,2023-12-12,8843
00937B,群益ESG投等債20,148,5,143,玉山-高雄,2023-12-12,8843
00918,大華優利高填息30,145,5,140,玉山-高雄,2023-12-12,8843
2374,佳能,122,4,118,玉山-高雄,2023-12-12,8843
00632R,元大台灣50反1,112,10,102,玉山-高雄,2023-12-12,8843
1316,上曜,100,1,99,玉山-高雄,2023-12-12,8843
2888,新光金,81,3,78,玉山-高雄,2023-12-12,8843
2618,長榮航,155,92,63,玉山-高雄,2023-12-12,8843
00751B,元大AAA至A公司債,62,7,55,玉山-高雄,2023-12-12,8843
5521,工信,132,78,54,玉山-高雄,2023-12-12,8843
8011,台通,79,28,51,玉山-高雄,2023-12-12,8843
2609,陽明,89,39,50,玉山-高雄,2023-12-12,8843
2363,矽統,58,11,47,玉山-高雄,2023-12-12,8843
00671R,富邦NASDAQ反1,45,0,45,玉山-高雄,2023-12-12,8843
5351,鈺創,80,36,44,玉山-高雄,2023-12-12,8843
3078,僑威,44,3,41,玉山-高雄,2023-12-12,8843
2369,菱生,41,1,40,玉山-高雄,2023-12-12,8843
2867,三商壽,52,12,40,玉山-高雄,2023-12-12,8843
5355,佳總,40,0,40,玉山-高雄,2023-12-12,8843
1524,耿鼎,138,99,39,玉山-高雄,2023-12-12,8843
3501,維熹,38,0,38,玉山-高雄,2023-12-12,8843
3231,緯創,64,27,37,玉山-高雄,2023-12-12,8843
1515,力山,47,12,35,玉山-高雄,2023-12-12,8843
2409,友達,42,10,32,玉山-高雄,2023-12-12,8843
1307,三芳,33,1,32,玉山-高雄,2023-12-12,8843
2365,昆盈,40,8,32,玉山-高雄,2023-12-12,8843
8112,至上,76,45,31,玉山-高雄,2023-12-12,8843
5512,力麒,30,0,30,玉山-高雄,2023-12-12,8843
00706L,期元大S＆P日圓正2,50,20,30,玉山-高雄,2023-12-12,8843
2359,所羅門,31,1,30,玉山-高雄,2023-12-12,8843
00664R,國泰臺灣加權反1,35,5,30,玉山-高雄,2023-12-12,8843
00922,國泰台灣領袖50,29,0,29,玉山-高雄,2023-12-12,8843
1609,大亞,36,11,25,玉山-高雄,2023-12-12,8843
2641,正德,25,0,25,玉山-高雄,2023-12-12,8843
2069,運錩,23,0,23,玉山-高雄,2023-12-12,8843
2353,宏��,49,26,23,玉山-高雄,2023-12-12,8843
4967,十銓,39,18,21,玉山-高雄,2023-12-12,8843
5324,士開,21,0,21,玉山-高雄,2023-12-12,8843
6015,宏遠證,21,0,21,玉山-高雄,2023-12-12,8843
00933B,國泰10Y+金融債,20,0,20,玉山-高雄,2023-12-12,8843
1471,首利,20,0,20,玉山-高雄,2023-12-12,8843
2313,華通,76,56,20,玉山-高雄,2023-12-12,8843
2516,新建,21,2,19,玉山-高雄,2023-12-12,8843
3041,揚智,31,12,19,玉山-高雄,2023-12-12,8843
00919,群益台灣精選高息,697,50,647,玉山-高雄,2023-12-13,8843
00935,野村臺灣新科技50,609,5,604,玉山-高雄,2023-12-13,8843
2371,大同,323,15,308,玉山-高雄,2023-12-13,8843
00687B,國泰20年美債,309,8,301,玉山-高雄,2023-12-13,8843
00918,大華優利高填息30,303,2,301,玉山-高雄,2023-12-13,8843
00715L,期街口布蘭特正2,317,89,228,玉山-高雄,2023-12-13,8843
00665L,富邦�琤肭磪囓�2,196,0,196,玉山-高雄,2023-12-13,8843
8096,擎亞,183,6,177,玉山-高雄,2023-12-13,8843
00720B,元大投資級公司債,148,24,124,玉山-高雄,2023-12-13,8843
2618,長榮航,137,29,108,玉山-高雄,2023-12-13,8843
2317,鴻海,118,13,105,玉山-高雄,2023-12-13,8843
00795B,中信美國公債20年,103,0,103,玉山-高雄,2023-12-13,8843
00882,中信中國高股息,99,4,95,玉山-高雄,2023-12-13,8843
3050,鈺德,99,4,95,玉山-高雄,2023-12-13,8843
2002,中鋼,116,25,91,玉山-高雄,2023-12-13,8843
00751B,元大AAA至A公司債,85,1,84,玉山-高雄,2023-12-13,8843
2888,新光金,83,5,78,玉山-高雄,2023-12-13,8843
6116,彩晶,72,1,71,玉山-高雄,2023-12-13,8843
2201,裕隆,65,1,64,玉山-高雄,2023-12-13,8843
00893,國泰智能電動車,82,27,55,玉山-高雄,2023-12-13,8843
00637L,元大滬深300正2,104,50,54,玉山-高雄,2023-12-13,8843
00632R,元大台灣50反1,50,0,50,玉山-高雄,2023-12-13,8843
00934,中信成長高股息,49,0,49,玉山-高雄,2023-12-13,8843
1618,合機,60,16,44,玉山-高雄,2023-12-13,8843
2421,建準,42,4,38,玉山-高雄,2023-12-13,8843
2883,凱基金,36,0,36,玉山-高雄,2023-12-13,8843
2344,華邦電,43,8,35,玉山-高雄,2023-12-13,8843
1220,台榮,35,1,34,玉山-高雄,2023-12-13,8843
00933B,國泰10Y+金融債,34,0,34,玉山-高雄,2023-12-13,8843
5011,久陽,43,10,33,玉山-高雄,2023-12-13,8843
2609,陽明,43,13,30,玉山-高雄,2023-12-13,8843
5530,龍巖,30,0,30,玉山-高雄,2023-12-13,8843
3576,聯合再生,33,3,30,玉山-高雄,2023-12-13,8843
8420,明揚,30,0,30,玉山-高雄,2023-12-13,8843
2610,華航,36,7,29,玉山-高雄,2023-12-13,8843
2538,基泰,29,0,29,玉山-高雄,2023-12-13,8843
2605,新興,48,22,26,玉山-高雄,2023-12-13,8843
1460,宏遠,29,3,26,玉山-高雄,2023-12-13,8843
9927,泰銘,26,0,26,玉山-高雄,2023-12-13,8843
00936,台新永續高息中小,36,10,26,玉山-高雄,2023-12-13,8843
4976,佳凌,27,3,24,玉山-高雄,2023-12-13,8843
2419,仲琦,81,58,23,玉山-高雄,2023-12-13,8843
00664R,國泰臺灣加權反1,22,0,22,玉山-高雄,2023-12-13,8843
00679B,元大美債20年,25,3,22,玉山-高雄,2023-12-13,8843
2204,中華,38,17,21,玉山-高雄,2023-12-13,8843
2886,兆豐金,21,0,21,玉山-高雄,2023-12-13,8843
3011,今皓,20,0,20,玉山-高雄,2023-12-13,8843
1536,和大,20,0,20,玉山-高雄,2023-12-13,8843
00907,永豐優息存股,20,0,20,玉山-高雄,2023-12-13,8843
1471,首利,20,0,20,玉山-高雄,2023-12-13,8843
00687B,國泰20年美債,1090,97,993,玉山-高雄,2023-12-14,8843
00919,群益台灣精選高息,519,167,352,玉山-高雄,2023-12-14,8843
00665L,富邦�琤肭磪囓�2,393,78,315,玉山-高雄,2023-12-14,8843
00680L,元大美債20正2,276,33,243,玉山-高雄,2023-12-14,8843
00918,大華優利高填息30,263,30,233,玉山-高雄,2023-12-14,8843
00933B,國泰10Y+金融債,190,12,178,玉山-高雄,2023-12-14,8843
3056,富華新,172,0,172,玉山-高雄,2023-12-14,8843
00929,復華台灣科技優息,371,209,162,玉山-高雄,2023-12-14,8843
5515,建國,128,18,110,玉山-高雄,2023-12-14,8843
1316,上曜,92,0,92,玉山-高雄,2023-12-14,8843
00632R,元大台灣50反1,168,85,83,玉山-高雄,2023-12-14,8843
00637L,元大滬深300正2,103,32,71,玉山-高雄,2023-12-14,8843
2618,長榮航,126,57,69,玉山-高雄,2023-12-14,8843
3704,合勤控,69,0,69,玉山-高雄,2023-12-14,8843
00712,復華富時不動產,176,116,60,玉山-高雄,2023-12-14,8843
8011,台通,120,62,58,玉山-高雄,2023-12-14,8843
3706,神達,62,9,53,玉山-高雄,2023-12-14,8843
2329,華泰,81,28,53,玉山-高雄,2023-12-14,8843
2892,第一金,52,4,48,玉山-高雄,2023-12-14,8843
2324,仁寶,99,52,47,玉山-高雄,2023-12-14,8843
3481,群創,64,18,46,玉山-高雄,2023-12-14,8843
3231,緯創,97,57,40,玉山-高雄,2023-12-14,8843
00633L,富邦上証正2,45,5,40,玉山-高雄,2023-12-14,8843
4743,合一,42,4,38,玉山-高雄,2023-12-14,8843
3437,榮創,48,12,36,玉山-高雄,2023-12-14,8843
1524,耿鼎,76,42,34,玉山-高雄,2023-12-14,8843
2515,中工,67,34,33,玉山-高雄,2023-12-14,8843
3265,台星科,51,18,33,玉山-高雄,2023-12-14,8843
2641,正德,63,30,33,玉山-高雄,2023-12-14,8843
5351,鈺創,68,36,32,玉山-高雄,2023-12-14,8843
3006,晶豪科,58,27,31,玉山-高雄,2023-12-14,8843
2609,陽明,34,4,30,玉山-高雄,2023-12-14,8843
00895,富邦未來車,30,2,28,玉山-高雄,2023-12-14,8843
3051,力特,65,37,28,玉山-高雄,2023-12-14,8843
2313,華通,278,252,26,玉山-高雄,2023-12-14,8843
2353,宏��,44,19,25,玉山-高雄,2023-12-14,8843
2332,友訊,26,1,25,玉山-高雄,2023-12-14,8843
2603,長榮,80,55,25,玉山-高雄,2023-12-14,8843
00936,台新永續高息中小,26,1,25,玉山-高雄,2023-12-14,8843
2606,裕民,32,7,25,玉山-高雄,2023-12-14,8843
1324,地球,24,0,24,玉山-高雄,2023-12-14,8843
3346,麗清,36,12,24,玉山-高雄,2023-12-14,8843
5521,工信,77,54,23,玉山-高雄,2023-12-14,8843
2506,太設,22,0,22,玉山-高雄,2023-12-14,8843
5355,佳總,25,3,22,玉山-高雄,2023-12-14,8843
2365,昆盈,25,3,22,玉山-高雄,2023-12-14,8843
6116,彩晶,193,171,22,玉山-高雄,2023-12-14,8843
5608,四維航,26,4,22,玉山-高雄,2023-12-14,8843
8420,明揚,21,0,21,玉山-高雄,2023-12-14,8843
2331,精英,25,5,20,玉山-高雄,2023-12-14,8843
00687B,國泰20年美債,668,35,633,玉山-高雄,2023-12-15,8843
00632R,元大台灣50反1,444,24,420,玉山-高雄,2023-12-15,8843
00919,群益台灣精選高息,626,253,373,玉山-高雄,2023-12-15,8843
2867,三商壽,302,18,284,玉山-高雄,2023-12-15,8843
00665L,富邦�琤肭磪囓�2,454,197,257,玉山-高雄,2023-12-15,8843
2356,英業達,602,370,232,玉山-高雄,2023-12-15,8843
2363,矽統,361,144,217,玉山-高雄,2023-12-15,8843
2371,大同,150,23,127,玉山-高雄,2023-12-15,8843
00936,台新永續高息中小,132,6,126,玉山-高雄,2023-12-15,8843
00688L,國泰20年美債正2,142,20,122,玉山-高雄,2023-12-15,8843
8110,華東,114,2,112,玉山-高雄,2023-12-15,8843
1584,精剛,223,139,84,玉山-高雄,2023-12-15,8843
2109,華豐,80,0,80,玉山-高雄,2023-12-15,8843
2618,長榮航,96,20,76,玉山-高雄,2023-12-15,8843
1815,富喬,74,1,73,玉山-高雄,2023-12-15,8843
2010,春源,71,3,68,玉山-高雄,2023-12-15,8843
1514,亞力,109,51,58,玉山-高雄,2023-12-15,8843
3260,威剛,71,19,52,玉山-高雄,2023-12-15,8843
00795B,中信美國公債20年,52,0,52,玉山-高雄,2023-12-15,8843
5009,榮剛,74,22,52,玉山-高雄,2023-12-15,8843
2301,光寶科,55,5,50,玉山-高雄,2023-12-15,8843
2201,裕隆,50,0,50,玉山-高雄,2023-12-15,8843
00905,FT臺灣Smart,50,0,50,玉山-高雄,2023-12-15,8843
2834,臺企銀,54,5,49,玉山-高雄,2023-12-15,8843
00719B,元大美債1-3,47,0,47,玉山-高雄,2023-12-15,8843
2353,宏��,64,19,45,玉山-高雄,2023-12-15,8843
3011,今皓,45,2,43,玉山-高雄,2023-12-15,8843
00934,中信成長高股息,52,10,42,玉山-高雄,2023-12-15,8843
2317,鴻海,106,66,40,玉山-高雄,2023-12-15,8843
2328,廣宇,44,4,40,玉山-高雄,2023-12-15,8843
5533,皇鼎,39,3,36,玉山-高雄,2023-12-15,8843
3715,定穎投控,51,19,32,玉山-高雄,2023-12-15,8843
1536,和大,31,0,31,玉山-高雄,2023-12-15,8843
00664R,國泰臺灣加權反1,30,0,30,玉山-高雄,2023-12-15,8843
2492,華新科,32,3,29,玉山-高雄,2023-12-15,8843
00929,復華台灣科技優息,336,307,29,玉山-高雄,2023-12-15,8843
3078,僑威,29,1,28,玉山-高雄,2023-12-15,8843
3438,類比科,28,0,28,玉山-高雄,2023-12-15,8843
2313,華通,76,48,28,玉山-高雄,2023-12-15,8843
1609,大亞,44,17,27,玉山-高雄,2023-12-15,8843
2359,所羅門,30,5,25,玉山-高雄,2023-12-15,8843
00680L,元大美債20正2,102,77,25,玉山-高雄,2023-12-15,8843
5011,久陽,27,3,24,玉山-高雄,2023-12-15,8843
1101,台泥,28,5,23,玉山-高雄,2023-12-15,8843
6658,聯策,22,0,22,玉山-高雄,2023-12-15,8843
3228,金麗科,23,1,22,玉山-高雄,2023-12-15,8843
6668,中揚光,25,3,22,玉山-高雄,2023-12-15,8843
3231,緯創,52,30,22,玉山-高雄,2023-12-15,8843
2365,昆盈,20,0,20,玉山-高雄,2023-12-15,8843
3390,旭軟,21,1,20,玉山-高雄,2023-12-15,8843
00687B,國泰20年美債,439,43,396,玉山-高雄,2023-12-18,8843
00929,復華台灣科技優息,543,165,378,玉山-高雄,2023-12-18,8843
00688L,國泰20年美債正2,313,19,294,玉山-高雄,2023-12-18,8843
00712,復華富時不動產,261,66,195,玉山-高雄,2023-12-18,8843
2002,中鋼,233,95,138,玉山-高雄,2023-12-18,8843
00665L,富邦�琤肭磪囓�2,133,0,133,玉山-高雄,2023-12-18,8843
00919,群益台灣精選高息,392,260,132,玉山-高雄,2023-12-18,8843
00937B,群益ESG投等債20,270,142,128,玉山-高雄,2023-12-18,8843
2023,燁輝,266,159,107,玉山-高雄,2023-12-18,8843
2867,三商壽,105,0,105,玉山-高雄,2023-12-18,8843
2618,長榮航,219,118,101,玉山-高雄,2023-12-18,8843
1815,富喬,103,6,97,玉山-高雄,2023-12-18,8843
00795B,中信美國公債20年,79,3,76,玉山-高雄,2023-12-18,8843
2884,玉山金,91,17,74,玉山-高雄,2023-12-18,8843
1605,華新,123,61,62,玉山-高雄,2023-12-18,8843
3105,穩懋,62,1,61,玉山-高雄,2023-12-18,8843
00637L,元大滬深300正2,78,18,60,玉山-高雄,2023-12-18,8843
2492,華新科,58,1,57,玉山-高雄,2023-12-18,8843
00753L,中信中國50正2,63,8,55,玉山-高雄,2023-12-18,8843
2641,正德,61,10,51,玉山-高雄,2023-12-18,8843
2356,英業達,99,49,50,玉山-高雄,2023-12-18,8843
00933B,國泰10Y+金融債,57,11,46,玉山-高雄,2023-12-18,8843
00764B,群益25年美債,46,0,46,玉山-高雄,2023-12-18,8843
2610,華航,64,19,45,玉山-高雄,2023-12-18,8843
2038,海光,52,8,44,玉山-高雄,2023-12-18,8843
2367,燿華,65,22,43,玉山-高雄,2023-12-18,8843
2352,佳世達,46,4,42,玉山-高雄,2023-12-18,8843
00679B,元大美債20年,113,72,41,玉山-高雄,2023-12-18,8843
5234,達興材料,40,0,40,玉山-高雄,2023-12-18,8843
00918,大華優利高填息30,68,28,40,玉山-高雄,2023-12-18,8843
2363,矽統,104,67,37,玉山-高雄,2023-12-18,8843
8112,至上,44,7,37,玉山-高雄,2023-12-18,8843
2409,友達,40,3,37,玉山-高雄,2023-12-18,8843
2022,聚亨,48,13,35,玉山-高雄,2023-12-18,8843
4123,晟德,35,0,35,玉山-高雄,2023-12-18,8843
2382,廣達,51,20,31,玉山-高雄,2023-12-18,8843
6168,宏齊,31,1,30,玉山-高雄,2023-12-18,8843
2017,官田鋼,29,0,29,玉山-高雄,2023-12-18,8843
2615,萬海,124,96,28,玉山-高雄,2023-12-18,8843
1305,華夏,33,5,28,玉山-高雄,2023-12-18,8843
00931B,統一美債20年,34,8,26,玉山-高雄,2023-12-18,8843
00751B,元大AAA至A公司債,30,4,26,玉山-高雄,2023-12-18,8843
911868,同方友友-DR,25,0,25,玉山-高雄,2023-12-18,8843
1701,中化,30,6,24,玉山-高雄,2023-12-18,8843
2069,運錩,33,10,23,玉山-高雄,2023-12-18,8843
6525,捷敏-KY,23,0,23,玉山-高雄,2023-12-18,8843
3264,欣銓,27,4,23,玉山-高雄,2023-12-18,8843
2515,中工,29,6,23,玉山-高雄,2023-12-18,8843
2887,台新金,24,2,22,玉山-高雄,2023-12-18,8843
2201,裕隆,20,0,20,玉山-高雄,2023-12-18,8843
00712,復華富時不動產,1003,168,835,玉山-高雄,2023-12-19,8843
2324,仁寶,192,11,181,玉山-高雄,2023-12-19,8843
00929,復華台灣科技優息,591,416,175,玉山-高雄,2023-12-19,8843
00688L,國泰20年美債正2,377,203,174,玉山-高雄,2023-12-19,8843
1815,富喬,185,34,151,玉山-高雄,2023-12-19,8843
2356,英業達,198,52,146,玉山-高雄,2023-12-19,8843
2867,三商壽,103,1,102,玉山-高雄,2023-12-19,8843
2888,新光金,98,4,94,玉山-高雄,2023-12-19,8843
2884,玉山金,102,11,91,玉山-高雄,2023-12-19,8843
00665L,富邦�琤肭磪囓�2,127,43,84,玉山-高雄,2023-12-19,8843
00882,中信中國高股息,80,0,80,玉山-高雄,2023-12-19,8843
00933B,國泰10Y+金融債,88,17,71,玉山-高雄,2023-12-19,8843
00753L,中信中國50正2,104,40,64,玉山-高雄,2023-12-19,8843
2892,第一金,63,0,63,玉山-高雄,2023-12-19,8843
00934,中信成長高股息,54,6,48,玉山-高雄,2023-12-19,8843
00632R,元大台灣50反1,72,27,45,玉山-高雄,2023-12-19,8843
2387,精元,45,2,43,玉山-高雄,2023-12-19,8843
00671R,富邦NASDAQ反1,41,0,41,玉山-高雄,2023-12-19,8843
1609,大亞,47,7,40,玉山-高雄,2023-12-19,8843
1722,台肥,40,1,39,玉山-高雄,2023-12-19,8843
2609,陽明,331,292,39,玉山-高雄,2023-12-19,8843
2352,佳世達,43,4,39,玉山-高雄,2023-12-19,8843
5351,鈺創,95,59,36,玉山-高雄,2023-12-19,8843
5285,界霖,35,1,34,玉山-高雄,2023-12-19,8843
2887,台新金,35,2,33,玉山-高雄,2023-12-19,8843
2023,燁輝,142,111,31,玉山-高雄,2023-12-19,8843
00918,大華優利高填息30,31,0,31,玉山-高雄,2023-12-19,8843
9105,泰金寶-DR,30,0,30,玉山-高雄,2023-12-19,8843
3051,力特,37,8,29,玉山-高雄,2023-12-19,8843
00795B,中信美國公債20年,29,0,29,玉山-高雄,2023-12-19,8843
6276,安鈦克,29,0,29,玉山-高雄,2023-12-19,8843
2369,菱生,33,4,29,玉山-高雄,2023-12-19,8843
6770,力積電,30,2,28,玉山-高雄,2023-12-19,8843
2344,華邦電,35,8,27,玉山-高雄,2023-12-19,8843
2610,華航,53,26,27,玉山-高雄,2023-12-19,8843
2505,國揚,29,2,27,玉山-高雄,2023-12-19,8843
3481,群創,37,10,27,玉山-高雄,2023-12-19,8843
6116,彩晶,27,0,27,玉山-高雄,2023-12-19,8843
3293,鈊象,24,0,24,玉山-高雄,2023-12-19,8843
00713,元大台灣高息低波,23,0,23,玉山-高雄,2023-12-19,8843
3006,晶豪科,48,26,22,玉山-高雄,2023-12-19,8843
2201,裕隆,21,0,21,玉山-高雄,2023-12-19,8843
8183,精星,21,0,21,玉山-高雄,2023-12-19,8843
6244,茂迪,21,0,21,玉山-高雄,2023-12-19,8843
2636,台驊控股,49,28,21,玉山-高雄,2023-12-19,8843
00915,凱基優選高股息30,22,2,20,玉山-高雄,2023-12-19,8843
8426,紅木-KY,22,2,20,玉山-高雄,2023-12-19,8843
3390,旭軟,20,0,20,玉山-高雄,2023-12-19,8843
6658,聯策,20,0,20,玉山-高雄,2023-12-19,8843
2376,技嘉,32,12,20,玉山-高雄,2023-12-19,8843
2344,華邦電,276,5,271,玉山-高雄,2023-12-20,8843
00919,群益台灣精選高息,220,25,195,玉山-高雄,2023-12-20,8843
1101,台泥,158,9,149,玉山-高雄,2023-12-20,8843
00929,復華台灣科技優息,182,39,143,玉山-高雄,2023-12-20,8843
00673R,期元大S＆P原油反1,110,0,110,玉山-高雄,2023-12-20,8843
1609,大亞,124,21,103,玉山-高雄,2023-12-20,8843
00664R,國泰臺灣加權反1,100,0,100,玉山-高雄,2023-12-20,8843
1314,中石化,100,13,87,玉山-高雄,2023-12-20,8843
00933B,國泰10Y+金融債,89,3,86,玉山-高雄,2023-12-20,8843
00632R,元大台灣50反1,74,0,74,玉山-高雄,2023-12-20,8843
9105,泰金寶-DR,272,203,69,玉山-高雄,2023-12-20,8843
00679B,元大美債20年,110,45,65,玉山-高雄,2023-12-20,8843
2603,長榮,210,149,61,玉山-高雄,2023-12-20,8843
2891,中信金,69,8,61,玉山-高雄,2023-12-20,8843
00637L,元大滬深300正2,76,16,60,玉山-高雄,2023-12-20,8843
1213,大飲,50,0,50,玉山-高雄,2023-12-20,8843
00937B,群益ESG投等債20,67,20,47,玉山-高雄,2023-12-20,8843
00934,中信成長高股息,47,2,45,玉山-高雄,2023-12-20,8843
2884,玉山金,89,49,40,玉山-高雄,2023-12-20,8843
2516,新建,39,0,39,玉山-高雄,2023-12-20,8843
2886,兆豐金,36,1,35,玉山-高雄,2023-12-20,8843
4167,松瑞藥,34,2,32,玉山-高雄,2023-12-20,8843
00680L,元大美債20正2,178,148,30,玉山-高雄,2023-12-20,8843
2913,農林,29,2,27,玉山-高雄,2023-12-20,8843
2912,統一超,25,0,25,玉山-高雄,2023-12-20,8843
00931B,統一美債20年,25,1,24,玉山-高雄,2023-12-20,8843
2442,新美齊,24,0,24,玉山-高雄,2023-12-20,8843
3293,鈊象,31,8,23,玉山-高雄,2023-12-20,8843
1605,華新,43,20,23,玉山-高雄,2023-12-20,8843
3006,晶豪科,55,32,23,玉山-高雄,2023-12-20,8843
2023,燁輝,74,51,23,玉山-高雄,2023-12-20,8843
6276,安鈦克,29,7,22,玉山-高雄,2023-12-20,8843
2892,第一金,24,2,22,玉山-高雄,2023-12-20,8843
3056,富華新,20,0,20,玉山-高雄,2023-12-20,8843
1515,力山,21,1,20,玉山-高雄,2023-12-20,8843
2014,中鴻,196,176,20,玉山-高雄,2023-12-20,8843
1532,勤美,24,5,19,玉山-高雄,2023-12-20,8843
5381,合正,20,1,19,玉山-高雄,2023-12-20,8843
3390,旭軟,23,4,19,玉山-高雄,2023-12-20,8843
2009,第一銅,33,14,19,玉山-高雄,2023-12-20,8843
5483,中美晶,21,3,18,玉山-高雄,2023-12-20,8843
8112,至上,31,13,18,玉山-高雄,2023-12-20,8843
2101,南港,18,0,18,玉山-高雄,2023-12-20,8843
5533,皇鼎,18,0,18,玉山-高雄,2023-12-20,8843
2027,大成鋼,19,2,17,玉山-高雄,2023-12-20,8843
2881,富邦金,17,0,17,玉山-高雄,2023-12-20,8843
2492,華新科,22,5,17,玉山-高雄,2023-12-20,8843
5521,工信,41,24,17,玉山-高雄,2023-12-20,8843
2038,海光,29,12,17,玉山-高雄,2023-12-20,8843
2882,國泰金,16,0,16,玉山-高雄,2023-12-20,8843
00680L,元大美債20正2,567,88,479,玉山-高雄,2023-12-21,8843
00919,群益台灣精選高息,420,64,356,玉山-高雄,2023-12-21,8843
2324,仁寶,301,133,168,玉山-高雄,2023-12-21,8843
00937B,群益ESG投等債20,193,36,157,玉山-高雄,2023-12-21,8843
00929,復華台灣科技優息,218,80,138,玉山-高雄,2023-12-21,8843
00665L,富邦�琤肭磪囓�2,117,10,107,玉山-高雄,2023-12-21,8843
00688L,國泰20年美債正2,96,11,85,玉山-高雄,2023-12-21,8843
2303,聯電,103,23,80,玉山-高雄,2023-12-21,8843
2516,新建,70,0,70,玉山-高雄,2023-12-21,8843
00882,中信中國高股息,68,7,61,玉山-高雄,2023-12-21,8843
00706L,期元大S＆P日圓正2,60,0,60,玉山-高雄,2023-12-21,8843
4123,晟德,60,0,60,玉山-高雄,2023-12-21,8843
2506,太設,73,15,58,玉山-高雄,2023-12-21,8843
00687B,國泰20年美債,62,8,54,玉山-高雄,2023-12-21,8843
00878,國泰永續高股息,101,48,53,玉山-高雄,2023-12-21,8843
2884,玉山金,58,10,48,玉山-高雄,2023-12-21,8843
1722,台肥,46,0,46,玉山-高雄,2023-12-21,8843
2353,宏��,139,93,46,玉山-高雄,2023-12-21,8843
3293,鈊象,47,2,45,玉山-高雄,2023-12-21,8843
3704,合勤控,41,0,41,玉山-高雄,2023-12-21,8843
9919,康那香,98,57,41,玉山-高雄,2023-12-21,8843
2312,金寶,48,9,39,玉山-高雄,2023-12-21,8843
2031,新光鋼,46,7,39,玉山-高雄,2023-12-21,8843
00753L,中信中國50正2,63,25,38,玉山-高雄,2023-12-21,8843
2363,矽統,62,24,38,玉山-高雄,2023-12-21,8843
5512,力麒,39,1,38,玉山-高雄,2023-12-21,8843
6244,茂迪,35,0,35,玉山-高雄,2023-12-21,8843
2542,興富發,38,5,33,玉山-高雄,2023-12-21,8843
2886,兆豐金,34,2,32,玉山-高雄,2023-12-21,8843
00683L,期元大美元指正2,30,0,30,玉山-高雄,2023-12-21,8843
1314,中石化,109,80,29,玉山-高雄,2023-12-21,8843
3268,海德威,30,1,29,玉山-高雄,2023-12-21,8843
2014,中鴻,176,147,29,玉山-高雄,2023-12-21,8843
6276,安鈦克,29,1,28,玉山-高雄,2023-12-21,8843
1905,華紙,29,3,26,玉山-高雄,2023-12-21,8843
00673R,期元大S＆P原油反1,30,5,25,玉山-高雄,2023-12-21,8843
2801,彰銀,24,1,23,玉山-高雄,2023-12-21,8843
5521,工信,36,14,22,玉山-高雄,2023-12-21,8843
6443,元晶,34,12,22,玉山-高雄,2023-12-21,8843
6233,旺玖,59,37,22,玉山-高雄,2023-12-21,8843
2888,新光金,28,6,22,玉山-高雄,2023-12-21,8843
00933B,國泰10Y+金融債,34,12,22,玉山-高雄,2023-12-21,8843
2201,裕隆,23,2,21,玉山-高雄,2023-12-21,8843
2314,台揚,21,0,21,玉山-高雄,2023-12-21,8843
1325,恆大,61,40,21,玉山-高雄,2023-12-21,8843
2887,台新金,23,3,20,玉山-高雄,2023-12-21,8843
1732,毛寶,66,46,20,玉山-高雄,2023-12-21,8843
3149,正達,20,0,20,玉山-高雄,2023-12-21,8843
00918,大華優利高填息30,27,8,19,玉山-高雄,2023-12-21,8843
6209,今國光,20,1,19,玉山-高雄,2023-12-21,8843
00680L,元大美債20正2,864,70,794,玉山-高雄,2023-12-22,8843
00687B,國泰20年美債,319,6,313,玉山-高雄,2023-12-22,8843
00753L,中信中國50正2,267,71,196,玉山-高雄,2023-12-22,8843
00665L,富邦�琤肭磪囓�2,196,24,172,玉山-高雄,2023-12-22,8843
00688L,國泰20年美債正2,534,367,167,玉山-高雄,2023-12-22,8843
00919,群益台灣精選高息,195,39,156,玉山-高雄,2023-12-22,8843
2609,陽明,654,500,154,玉山-高雄,2023-12-22,8843
2382,廣達,203,53,150,玉山-高雄,2023-12-22,8843
00937B,群益ESG投等債20,134,31,103,玉山-高雄,2023-12-22,8843
00676R,富邦臺灣加權反1,100,0,100,玉山-高雄,2023-12-22,8843
2324,仁寶,125,30,95,玉山-高雄,2023-12-22,8843
1314,中石化,96,1,95,玉山-高雄,2023-12-22,8843
2607,榮運,92,3,89,玉山-高雄,2023-12-22,8843
5009,榮剛,91,21,70,玉山-高雄,2023-12-22,8843
00929,復華台灣科技優息,185,117,68,玉山-高雄,2023-12-22,8843
00720B,元大投資級公司債,104,40,64,玉山-高雄,2023-12-22,8843
00933B,國泰10Y+金融債,61,5,56,玉山-高雄,2023-12-22,8843
2356,英業達,165,110,55,玉山-高雄,2023-12-22,8843
3231,緯創,98,44,54,玉山-高雄,2023-12-22,8843
2406,國碩,50,0,50,玉山-高雄,2023-12-22,8843
2020,美亞,54,7,47,玉山-高雄,2023-12-22,8843
2105,正新,46,0,46,玉山-高雄,2023-12-22,8843
2891,中信金,45,2,43,玉山-高雄,2023-12-22,8843
00795B,中信美國公債20年,41,0,41,玉山-高雄,2023-12-22,8843
8044,網家,40,1,39,玉山-高雄,2023-12-22,8843
00931B,統一美債20年,54,16,38,玉山-高雄,2023-12-22,8843
2481,強茂,39,3,36,玉山-高雄,2023-12-22,8843
00679B,元大美債20年,37,5,32,玉山-高雄,2023-12-22,8843
1815,富喬,47,16,31,玉山-高雄,2023-12-22,8843
1326,台化,35,5,30,玉山-高雄,2023-12-22,8843
2461,光群雷,30,0,30,玉山-高雄,2023-12-22,8843
00918,大華優利高填息30,30,1,29,玉山-高雄,2023-12-22,8843
4909,新復興,33,7,26,玉山-高雄,2023-12-22,8843
6505,台塑化,26,0,26,玉山-高雄,2023-12-22,8843
0056,元大高股息,49,24,25,玉山-高雄,2023-12-22,8843
2401,凌陽,25,0,25,玉山-高雄,2023-12-22,8843
911868,同方友友-DR,50,25,25,玉山-高雄,2023-12-22,8843
3163,波若威,28,4,24,玉山-高雄,2023-12-22,8843
6276,安鈦克,29,5,24,玉山-高雄,2023-12-22,8843
2367,燿華,35,12,23,玉山-高雄,2023-12-22,8843
2886,兆豐金,28,5,23,玉山-高雄,2023-12-22,8843
00650L,復華香港正2,28,6,22,玉山-高雄,2023-12-22,8843
00936,台新永續高息中小,21,0,21,玉山-高雄,2023-12-22,8843
3704,合勤控,22,1,21,玉山-高雄,2023-12-22,8843
1909,榮成,20,0,20,玉山-高雄,2023-12-22,8843
6139,亞翔,23,4,19,玉山-高雄,2023-12-22,8843
2355,敬鵬,63,44,19,玉山-高雄,2023-12-22,8843
6282,康舒,18,0,18,玉山-高雄,2023-12-22,8843
2301,光寶科,30,12,18,玉山-高雄,2023-12-22,8843
2888,新光金,19,3,16,玉山-高雄,2023-12-22,8843
00919,群益台灣精選高息,466,9,457,玉山-高雄,2023-12-25,8843
00720B,元大投資級公司債,237,7,230,玉山-高雄,2023-12-25,8843
2603,長榮,221,65,156,玉山-高雄,2023-12-25,8843
00680L,元大美債20正2,162,35,127,玉山-高雄,2023-12-25,8843
2002,中鋼,145,18,127,玉山-高雄,2023-12-25,8843
00882,中信中國高股息,109,2,107,玉山-高雄,2023-12-25,8843
00937B,群益ESG投等債20,127,31,96,玉山-高雄,2023-12-25,8843
2618,長榮航,164,70,94,玉山-高雄,2023-12-25,8843
00715L,期街口布蘭特正2,68,4,64,玉山-高雄,2023-12-25,8843
00934,中信成長高股息,65,2,63,玉山-高雄,2023-12-25,8843
00751B,元大AAA至A公司債,59,0,59,玉山-高雄,2023-12-25,8843
2421,建準,66,11,55,玉山-高雄,2023-12-25,8843
3051,力特,51,0,51,玉山-高雄,2023-12-25,8843
1815,富喬,54,3,51,玉山-高雄,2023-12-25,8843
2362,藍天,79,29,50,玉山-高雄,2023-12-25,8843
2324,仁寶,246,197,49,玉山-高雄,2023-12-25,8843
1605,華新,50,5,45,玉山-高雄,2023-12-25,8843
6139,亞翔,47,7,40,玉山-高雄,2023-12-25,8843
00918,大華優利高填息30,38,0,38,玉山-高雄,2023-12-25,8843
1314,中石化,34,1,33,玉山-高雄,2023-12-25,8843
911868,同方友友-DR,31,0,31,玉山-高雄,2023-12-25,8843
9105,泰金寶-DR,43,12,31,玉山-高雄,2023-12-25,8843
1326,台化,32,2,30,玉山-高雄,2023-12-25,8843
5203,訊連,28,0,28,玉山-高雄,2023-12-25,8843
6443,元晶,30,2,28,玉山-高雄,2023-12-25,8843
00923,群益台ESG低碳50,28,1,27,玉山-高雄,2023-12-25,8843
3056,富華新,28,1,27,玉山-高雄,2023-12-25,8843
8936,國統,37,10,27,玉山-高雄,2023-12-25,8843
00931B,統一美債20年,32,6,26,玉山-高雄,2023-12-25,8843
3706,神達,43,18,25,玉山-高雄,2023-12-25,8843
3646,艾恩特,25,0,25,玉山-高雄,2023-12-25,8843
00795B,中信美國公債20年,24,0,24,玉山-高雄,2023-12-25,8843
6244,茂迪,24,0,24,玉山-高雄,2023-12-25,8843
1789,神隆,22,0,22,玉山-高雄,2023-12-25,8843
3163,波若威,41,20,21,玉山-高雄,2023-12-25,8843
2031,新光鋼,34,13,21,玉山-高雄,2023-12-25,8843
00632R,元大台灣50反1,21,0,21,玉山-高雄,2023-12-25,8843
8011,台通,23,3,20,玉山-高雄,2023-12-25,8843
2641,正德,29,9,20,玉山-高雄,2023-12-25,8843
00933B,國泰10Y+金融債,44,24,20,玉山-高雄,2023-12-25,8843
2637,慧洋-KY,21,3,18,玉山-高雄,2023-12-25,8843
6799,來頡,19,1,18,玉山-高雄,2023-12-25,8843
2427,三商電,19,1,18,玉山-高雄,2023-12-25,8843
5608,四維航,28,10,18,玉山-高雄,2023-12-25,8843
6276,安鈦克,24,7,17,玉山-高雄,2023-12-25,8843
5258,虹堡,22,5,17,玉山-高雄,2023-12-25,8843
00712,復華富時不動產,70,53,17,玉山-高雄,2023-12-25,8843
8112,至上,18,2,16,玉山-高雄,2023-12-25,8843
00753L,中信中國50正2,31,15,16,玉山-高雄,2023-12-25,8843
2515,中工,72,56,16,玉山-高雄,2023-12-25,8843
2356,英業達,160,25,135,玉山-高雄,2023-12-26,8843
00937B,群益ESG投等債20,124,0,124,玉山-高雄,2023-12-26,8843
2610,華航,149,34,115,玉山-高雄,2023-12-26,8843
1519,華城,116,15,101,玉山-高雄,2023-12-26,8843
00637L,元大滬深300正2,132,40,92,玉山-高雄,2023-12-26,8843
00919,群益台灣精選高息,150,72,78,玉山-高雄,2023-12-26,8843
4303,信立,71,0,71,玉山-高雄,2023-12-26,8843
2618,長榮航,117,52,65,玉山-高雄,2023-12-26,8843
00929,復華台灣科技優息,97,39,58,玉山-高雄,2023-12-26,8843
2889,國票金,68,12,56,玉山-高雄,2023-12-26,8843
1513,中興電,58,9,49,玉山-高雄,2023-12-26,8843
00664R,國泰臺灣加權反1,49,0,49,玉山-高雄,2023-12-26,8843
8085,福華,57,8,49,玉山-高雄,2023-12-26,8843
2812,台中銀,50,5,45,玉山-高雄,2023-12-26,8843
1326,台化,45,0,45,玉山-高雄,2023-12-26,8843
2313,華通,47,9,38,玉山-高雄,2023-12-26,8843
2010,春源,39,1,38,玉山-高雄,2023-12-26,8843
2867,三商壽,38,0,38,玉山-高雄,2023-12-26,8843
00933B,國泰10Y+金融債,37,0,37,玉山-高雄,2023-12-26,8843
00753L,中信中國50正2,35,0,35,玉山-高雄,2023-12-26,8843
6182,合晶,35,1,34,玉山-高雄,2023-12-26,8843
1301,台塑,33,0,33,玉山-高雄,2023-12-26,8843
3545,敦泰,38,5,33,玉山-高雄,2023-12-26,8843
00633L,富邦上証正2,32,1,31,玉山-高雄,2023-12-26,8843
2458,義隆,30,0,30,玉山-高雄,2023-12-26,8843
1101,台泥,31,2,29,玉山-高雄,2023-12-26,8843
3231,緯創,72,43,29,玉山-高雄,2023-12-26,8843
00882,中信中國高股息,33,5,28,玉山-高雄,2023-12-26,8843
2353,宏��,306,281,25,玉山-高雄,2023-12-26,8843
2314,台揚,21,0,21,玉山-高雄,2023-12-26,8843
3211,順達,23,2,21,玉山-高雄,2023-12-26,8843
00927,群益半導體收益,22,1,21,玉山-高雄,2023-12-26,8843
00687B,國泰20年美債,23,3,20,玉山-高雄,2023-12-26,8843
3714,富采,32,12,20,玉山-高雄,2023-12-26,8843
4906,正文,20,0,20,玉山-高雄,2023-12-26,8843
00671R,富邦NASDAQ反1,20,0,20,玉山-高雄,2023-12-26,8843
3501,維熹,20,0,20,玉山-高雄,2023-12-26,8843
1760,寶齡富錦,34,15,19,玉山-高雄,2023-12-26,8843
00636,國泰中國A50,18,0,18,玉山-高雄,2023-12-26,8843
00720B,元大投資級公司債,17,0,17,玉山-高雄,2023-12-26,8843
2332,友訊,18,1,17,玉山-高雄,2023-12-26,8843
2204,中華,17,1,16,玉山-高雄,2023-12-26,8843
3646,艾恩特,15,0,15,玉山-高雄,2023-12-26,8843
8426,紅木-KY,68,54,14,玉山-高雄,2023-12-26,8843
5521,工信,21,7,14,玉山-高雄,2023-12-26,8843
2449,京元電子,16,2,14,玉山-高雄,2023-12-26,8843
2405,輔信,69,56,13,玉山-高雄,2023-12-26,8843
3056,富華新,14,1,13,玉山-高雄,2023-12-26,8843
3694,海華,22,10,12,玉山-高雄,2023-12-26,8843
6278,台表科,12,0,12,玉山-高雄,2023-12-26,8843
00937B,群益ESG投等債20,506,13,493,玉山-高雄,2023-12-27,8843
2891,中信金,402,1,401,玉山-高雄,2023-12-27,8843
00929,復華台灣科技優息,445,79,366,玉山-高雄,2023-12-27,8843
00882,中信中國高股息,263,17,246,玉山-高雄,2023-12-27,8843
00687B,國泰20年美債,223,2,221,玉山-高雄,2023-12-27,8843
00632R,元大台灣50反1,274,60,214,玉山-高雄,2023-12-27,8843
00919,群益台灣精選高息,129,24,105,玉山-高雄,2023-12-27,8843
00753L,中信中國50正2,130,45,85,玉山-高雄,2023-12-27,8843
00933B,國泰10Y+金融債,82,2,80,玉山-高雄,2023-12-27,8843
2867,三商壽,79,0,79,玉山-高雄,2023-12-27,8843
2314,台揚,79,3,76,玉山-高雄,2023-12-27,8843
9105,泰金寶-DR,108,41,67,玉山-高雄,2023-12-27,8843
2324,仁寶,292,227,65,玉山-高雄,2023-12-27,8843
2618,長榮航,106,48,58,玉山-高雄,2023-12-27,8843
6505,台塑化,73,17,56,玉山-高雄,2023-12-27,8843
2337,旺宏,68,13,55,玉山-高雄,2023-12-27,8843
2889,國票金,61,11,50,玉山-高雄,2023-12-27,8843
2489,瑞軒,50,0,50,玉山-高雄,2023-12-27,8843
2002,中鋼,54,9,45,玉山-高雄,2023-12-27,8843
2610,華航,73,29,44,玉山-高雄,2023-12-27,8843
00637L,元大滬深300正2,88,46,42,玉山-高雄,2023-12-27,8843
3545,敦泰,46,6,40,玉山-高雄,2023-12-27,8843
00680L,元大美債20正2,40,2,38,玉山-高雄,2023-12-27,8843
2014,中鴻,233,197,36,玉山-高雄,2023-12-27,8843
00720B,元大投資級公司債,45,10,35,玉山-高雄,2023-12-27,8843
00633L,富邦上証正2,61,26,35,玉山-高雄,2023-12-27,8843
2405,輔信,166,132,34,玉山-高雄,2023-12-27,8843
00664R,國泰臺灣加權反1,34,0,34,玉山-高雄,2023-12-27,8843
6182,合晶,33,1,32,玉山-高雄,2023-12-27,8843
2603,長榮,145,114,31,玉山-高雄,2023-12-27,8843
00671R,富邦NASDAQ反1,30,0,30,玉山-高雄,2023-12-27,8843
2421,建準,42,12,30,玉山-高雄,2023-12-27,8843
00688L,國泰20年美債正2,37,7,30,玉山-高雄,2023-12-27,8843
5302,太欣,28,0,28,玉山-高雄,2023-12-27,8843
2377,微星,48,21,27,玉山-高雄,2023-12-27,8843
5521,工信,25,0,25,玉山-高雄,2023-12-27,8843
2353,宏��,226,201,25,玉山-高雄,2023-12-27,8843
2442,新美齊,24,0,24,玉山-高雄,2023-12-27,8843
3390,旭軟,50,27,23,玉山-高雄,2023-12-27,8843
2027,大成鋼,31,10,21,玉山-高雄,2023-12-27,8843
00636,國泰中國A50,29,8,21,玉山-高雄,2023-12-27,8843
4979,華星光,29,8,21,玉山-高雄,2023-12-27,8843
3706,神達,46,27,19,玉山-高雄,2023-12-27,8843
9945,潤泰新,21,2,19,玉山-高雄,2023-12-27,8843
2498,宏達電,29,11,18,玉山-高雄,2023-12-27,8843
6271,同欣電,24,6,18,玉山-高雄,2023-12-27,8843
00751B,元大AAA至A公司債,18,0,18,玉山-高雄,2023-12-27,8843
00679B,元大美債20年,29,11,18,玉山-高雄,2023-12-27,8843
1584,精剛,20,3,17,玉山-高雄,2023-12-27,8843
2915,潤泰全,20,3,17,玉山-高雄,2023-12-27,8843
00680L,元大美債20正2,470,14,456,玉山-高雄,2023-12-28,8843
00937B,群益ESG投等債20,362,33,329,玉山-高雄,2023-12-28,8843
3481,群創,347,57,290,玉山-高雄,2023-12-28,8843
00919,群益台灣精選高息,321,42,279,玉山-高雄,2023-12-28,8843
2436,偉詮電,153,15,138,玉山-高雄,2023-12-28,8843
6276,安鈦克,127,37,90,玉山-高雄,2023-12-28,8843
00891,中信關鍵半導體,90,6,84,玉山-高雄,2023-12-28,8843
00929,復華台灣科技優息,182,106,76,玉山-高雄,2023-12-28,8843
2609,陽明,250,178,72,玉山-高雄,2023-12-28,8843
2405,輔信,109,53,56,玉山-高雄,2023-12-28,8843
5398,慕康生醫,63,8,55,玉山-高雄,2023-12-28,8843
2107,厚生,51,0,51,玉山-高雄,2023-12-28,8843
00715L,期街口布蘭特正2,55,5,50,玉山-高雄,2023-12-28,8843
2406,國碩,50,0,50,玉山-高雄,2023-12-28,8843
2603,長榮,80,33,47,玉山-高雄,2023-12-28,8843
00936,台新永續高息中小,44,4,40,玉山-高雄,2023-12-28,8843
2323,中環,38,1,37,玉山-高雄,2023-12-28,8843
8936,國統,97,61,36,玉山-高雄,2023-12-28,8843
00933B,國泰10Y+金融債,35,0,35,玉山-高雄,2023-12-28,8843
2352,佳世達,59,24,35,玉山-高雄,2023-12-28,8843
00636,國泰中國A50,70,36,34,玉山-高雄,2023-12-28,8843
2365,昆盈,44,15,29,玉山-高雄,2023-12-28,8843
1514,亞力,87,59,28,玉山-高雄,2023-12-28,8843
00909,國泰數位支付服務,25,0,25,玉山-高雄,2023-12-28,8843
00900,富邦特選高股息30,29,5,24,玉山-高雄,2023-12-28,8843
2889,國票金,29,7,22,玉山-高雄,2023-12-28,8843
6233,旺玖,31,9,22,玉山-高雄,2023-12-28,8843
2399,映泰,25,3,22,玉山-高雄,2023-12-28,8843
00706L,期元大S＆P日圓正2,20,0,20,玉山-高雄,2023-12-28,8843
4113,聯上,20,0,20,玉山-高雄,2023-12-28,8843
2301,光寶科,26,8,18,玉山-高雄,2023-12-28,8843
8096,擎亞,40,22,18,玉山-高雄,2023-12-28,8843
2382,廣達,42,24,18,玉山-高雄,2023-12-28,8843
4979,華星光,33,17,16,玉山-高雄,2023-12-28,8843
00756B,群益投等新興公債,16,0,16,玉山-高雄,2023-12-28,8843
00639,富邦深100,15,0,15,玉山-高雄,2023-12-28,8843
00915,凱基優選高股息30,17,2,15,玉山-高雄,2023-12-28,8843
3017,奇鋐,18,4,14,玉山-高雄,2023-12-28,8843
1565,精華,14,0,14,玉山-高雄,2023-12-28,8843
911868,同方友友-DR,14,0,14,玉山-高雄,2023-12-28,8843
1316,上曜,13,0,13,玉山-高雄,2023-12-28,8843
3437,榮創,16,3,13,玉山-高雄,2023-12-28,8843
2454,聯發科,16,3,13,玉山-高雄,2023-12-28,8843
1312,國喬,15,2,13,玉山-高雄,2023-12-28,8843
00930,永豐ESG低碳高息,12,0,12,玉山-高雄,2023-12-28,8843
2332,友訊,12,0,12,玉山-高雄,2023-12-28,8843
2542,興富發,12,0,12,玉山-高雄,2023-12-28,8843
3035,智原,32,20,12,玉山-高雄,2023-12-28,8843
00719B,元大美債1-3,11,0,11,玉山-高雄,2023-12-28,8843
1460,宏遠,11,0,11,玉山-高雄,2023-12-28,8843
00680L,元大美債20正2,405,30,375,玉山-高雄,2023-12-29,8843
00937B,群益ESG投等債20,355,5,350,玉山-高雄,2023-12-29,8843
3006,晶豪科,344,25,319,玉山-高雄,2023-12-29,8843
2883,凱基金,373,104,269,玉山-高雄,2023-12-29,8843
00637L,元大滬深300正2,313,71,242,玉山-高雄,2023-12-29,8843
2443,昶虹,225,0,225,玉山-高雄,2023-12-29,8843
00715L,期街口布蘭特正2,257,49,208,玉山-高雄,2023-12-29,8843
2409,友達,142,45,97,玉山-高雄,2023-12-29,8843
00919,群益台灣精選高息,108,33,75,玉山-高雄,2023-12-29,8843
2609,陽明,140,77,63,玉山-高雄,2023-12-29,8843
00688L,國泰20年美債正2,75,14,61,玉山-高雄,2023-12-29,8843
2515,中工,111,51,60,玉山-高雄,2023-12-29,8843
00632R,元大台灣50反1,56,0,56,玉山-高雄,2023-12-29,8843
9105,泰金寶-DR,55,2,53,玉山-高雄,2023-12-29,8843
00636,國泰中國A50,51,0,51,玉山-高雄,2023-12-29,8843
2038,海光,56,5,51,玉山-高雄,2023-12-29,8843
1609,大亞,45,0,45,玉山-高雄,2023-12-29,8843
2337,旺宏,55,14,41,玉山-高雄,2023-12-29,8843
6116,彩晶,40,1,39,玉山-高雄,2023-12-29,8843
1605,華新,47,12,35,玉山-高雄,2023-12-29,8843
2353,宏��,130,98,32,玉山-高雄,2023-12-29,8843
00720B,元大投資級公司債,34,2,32,玉山-高雄,2023-12-29,8843
00712,復華富時不動產,62,30,32,玉山-高雄,2023-12-29,8843
00933B,國泰10Y+金融債,33,3,30,玉山-高雄,2023-12-29,8843
2367,燿華,31,2,29,玉山-高雄,2023-12-29,8843
3260,威剛,62,35,27,玉山-高雄,2023-12-29,8843
1514,亞力,73,47,26,玉山-高雄,2023-12-29,8843
3588,通嘉,42,16,26,玉山-高雄,2023-12-29,8843
00931B,統一美債20年,27,1,26,玉山-高雄,2023-12-29,8843
1513,中興電,42,16,26,玉山-高雄,2023-12-29,8843
00891,中信關鍵半導體,27,2,25,玉山-高雄,2023-12-29,8843
8064,東捷,25,0,25,玉山-高雄,2023-12-29,8843
2002,中鋼,49,25,24,玉山-高雄,2023-12-29,8843
3691,碩禾,24,0,24,玉山-高雄,2023-12-29,8843
1524,耿鼎,30,6,24,玉山-高雄,2023-12-29,8843
8354,冠好,39,17,22,玉山-高雄,2023-12-29,8843
1218,泰山,21,0,21,玉山-高雄,2023-12-29,8843
1909,榮成,20,0,20,玉山-高雄,2023-12-29,8843
2365,昆盈,24,4,20,玉山-高雄,2023-12-29,8843
2465,麗臺,20,0,20,玉山-高雄,2023-12-29,8843
00673R,期元大S＆P原油反1,36,17,19,玉山-高雄,2023-12-29,8843
5009,榮剛,27,8,19,玉山-高雄,2023-12-29,8843
6505,台塑化,18,0,18,玉山-高雄,2023-12-29,8843
6799,來頡,19,2,17,玉山-高雄,2023-12-29,8843
00722B,群益投資級電信債,16,0,16,玉山-高雄,2023-12-29,8843
6284,佳邦,16,1,15,玉山-高雄,2023-12-29,8843
9950,萬國通,15,0,15,玉山-高雄,2023-12-29,8843
1313,聯成,15,0,15,玉山-高雄,2023-12-29,8843
5302,太欣,15,0,15,玉山-高雄,2023-12-29,8843
00679B,元大美債20年,27,12,15,玉山-高雄,2023-12-29,8843
00688L,國泰20年美債正2,504,0,504,玉山-高雄,2024-01-02,8843
00680L,元大美債20正2,387,14,373,玉山-高雄,2024-01-02,8843
3231,緯創,326,58,268,玉山-高雄,2024-01-02,8843
2352,佳世達,207,18,189,玉山-高雄,2024-01-02,8843
00929,復華台灣科技優息,327,149,178,玉山-高雄,2024-01-02,8843
00937B,群益ESG投等債20,170,18,152,玉山-高雄,2024-01-02,8843
3006,晶豪科,175,24,151,玉山-高雄,2024-01-02,8843
2356,英業達,193,44,149,玉山-高雄,2024-01-02,8843
00637L,元大滬深300正2,218,85,133,玉山-高雄,2024-01-02,8843
00687B,國泰20年美債,136,33,103,玉山-高雄,2024-01-02,8843
00665L,富邦�琤肭磪囓�2,106,12,94,玉山-高雄,2024-01-02,8843
2609,陽明,312,233,79,玉山-高雄,2024-01-02,8843
2610,華航,225,156,69,玉山-高雄,2024-01-02,8843
3260,威剛,79,27,52,玉山-高雄,2024-01-02,8843
00919,群益台灣精選高息,140,88,52,玉山-高雄,2024-01-02,8843
00655L,國泰中國A50正2,59,8,51,玉山-高雄,2024-01-02,8843
00934,中信成長高股息,66,21,45,玉山-高雄,2024-01-02,8843
00720B,元大投資級公司債,43,0,43,玉山-高雄,2024-01-02,8843
0056,元大高股息,63,22,41,玉山-高雄,2024-01-02,8843
2382,廣達,65,27,38,玉山-高雄,2024-01-02,8843
00633L,富邦上証正2,48,11,37,玉山-高雄,2024-01-02,8843
00679B,元大美債20年,37,1,36,玉山-高雄,2024-01-02,8843
3545,敦泰,43,7,36,玉山-高雄,2024-01-02,8843
2331,精英,42,6,36,玉山-高雄,2024-01-02,8843
2344,華邦電,126,90,36,玉山-高雄,2024-01-02,8843
00751B,元大AAA至A公司債,36,1,35,玉山-高雄,2024-01-02,8843
2615,萬海,102,67,35,玉山-高雄,2024-01-02,8843
00931B,統一美債20年,34,1,33,玉山-高雄,2024-01-02,8843
00722B,群益投資級電信債,34,1,33,玉山-高雄,2024-01-02,8843
00650L,復華香港正2,30,0,30,玉山-高雄,2024-01-02,8843
3481,群創,313,285,28,玉山-高雄,2024-01-02,8843
00878,國泰永續高股息,118,90,28,玉山-高雄,2024-01-02,8843
2303,聯電,50,24,26,玉山-高雄,2024-01-02,8843
3163,波若威,28,3,25,玉山-高雄,2024-01-02,8843
00923,群益台ESG低碳50,25,0,25,玉山-高雄,2024-01-02,8843
3715,定穎投控,26,2,24,玉山-高雄,2024-01-02,8843
00891,中信關鍵半導體,21,0,21,玉山-高雄,2024-01-02,8843
3706,神達,60,39,21,玉山-高雄,2024-01-02,8843
3147,大綜,21,0,21,玉山-高雄,2024-01-02,8843
2645,長榮航太,20,0,20,玉山-高雄,2024-01-02,8843
00753L,中信中國50正2,58,41,17,玉山-高雄,2024-01-02,8843
2104,國際中橡,16,0,16,玉山-高雄,2024-01-02,8843
2454,聯發科,19,3,16,玉山-高雄,2024-01-02,8843
5347,世界,22,6,16,玉山-高雄,2024-01-02,8843
00795B,中信美國公債20年,15,0,15,玉山-高雄,2024-01-02,8843
00696B,富邦美債20年,16,1,15,玉山-高雄,2024-01-02,8843
2812,台中銀,15,0,15,玉山-高雄,2024-01-02,8843
00933B,國泰10Y+金融債,56,41,15,玉山-高雄,2024-01-02,8843
9919,康那香,17,3,14,玉山-高雄,2024-01-02,8843
2376,技嘉,38,24,14,玉山-高雄,2024-01-02,8843
2888,新光金,1165,3,1162,玉山-高雄,2024-01-03,8843
00929,復華台灣科技優息,651,48,603,玉山-高雄,2024-01-03,8843
2313,華通,519,14,505,玉山-高雄,2024-01-03,8843
2303,聯電,501,13,488,玉山-高雄,2024-01-03,8843
00637L,元大滬深300正2,417,76,341,玉山-高雄,2024-01-03,8843
2344,華邦電,396,106,290,玉山-高雄,2024-01-03,8843
00882,中信中國高股息,315,80,235,玉山-高雄,2024-01-03,8843
00919,群益台灣精選高息,316,81,235,玉山-高雄,2024-01-03,8843
0056,元大高股息,272,54,218,玉山-高雄,2024-01-03,8843
00937B,群益ESG投等債20,168,2,166,玉山-高雄,2024-01-03,8843
2880,華南金,161,0,161,玉山-高雄,2024-01-03,8843
00878,國泰永續高股息,235,79,156,玉山-高雄,2024-01-03,8843
2353,宏��,209,70,139,玉山-高雄,2024-01-03,8843
00715L,期街口布蘭特正2,139,0,139,玉山-高雄,2024-01-03,8843
00680L,元大美債20正2,179,63,116,玉山-高雄,2024-01-03,8843
3231,緯創,174,62,112,玉山-高雄,2024-01-03,8843
00720B,元大投資級公司債,149,38,111,玉山-高雄,2024-01-03,8843
2025,千興,100,0,100,玉山-高雄,2024-01-03,8843
00891,中信關鍵半導體,98,4,94,玉山-高雄,2024-01-03,8843
2610,華航,105,11,94,玉山-高雄,2024-01-03,8843
2330,台積電,93,6,87,玉山-高雄,2024-01-03,8843
00688L,國泰20年美債正2,85,5,80,玉山-高雄,2024-01-03,8843
2884,玉山金,70,1,69,玉山-高雄,2024-01-03,8843
00934,中信成長高股息,81,13,68,玉山-高雄,2024-01-03,8843
1326,台化,70,3,67,玉山-高雄,2024-01-03,8843
00918,大華優利高填息30,63,1,62,玉山-高雄,2024-01-03,8843
2618,長榮航,308,256,52,玉山-高雄,2024-01-03,8843
2834,臺企銀,52,0,52,玉山-高雄,2024-01-03,8843
1101,台泥,54,6,48,玉山-高雄,2024-01-03,8843
2887,台新金,50,5,45,玉山-高雄,2024-01-03,8843
2002,中鋼,44,2,42,玉山-高雄,2024-01-03,8843
3481,群創,67,25,42,玉山-高雄,2024-01-03,8843
2882,國泰金,63,22,41,玉山-高雄,2024-01-03,8843
1802,台玻,43,2,41,玉山-高雄,2024-01-03,8843
00753L,中信中國50正2,65,25,40,玉山-高雄,2024-01-03,8843
00679B,元大美債20年,52,13,39,玉山-高雄,2024-01-03,8843
00923,群益台ESG低碳50,39,0,39,玉山-高雄,2024-01-03,8843
3711,日月光投控,37,2,35,玉山-高雄,2024-01-03,8843
5009,榮剛,37,3,34,玉山-高雄,2024-01-03,8843
8054,安國,36,3,33,玉山-高雄,2024-01-03,8843
2883,凱基金,43,10,33,玉山-高雄,2024-01-03,8843
6770,力積電,38,6,32,玉山-高雄,2024-01-03,8843
3260,威剛,63,31,32,玉山-高雄,2024-01-03,8843
3673,TPK-KY,31,0,31,玉山-高雄,2024-01-03,8843
00888,永豐台灣ESG,31,1,30,玉山-高雄,2024-01-03,8843
6901,鑽石投資,30,1,29,玉山-高雄,2024-01-03,8843
1444,力麗,30,1,29,玉山-高雄,2024-01-03,8843
2352,佳世達,33,4,29,玉山-高雄,2024-01-03,8843
1609,大亞,41,12,29,玉山-高雄,2024-01-03,8843
6116,彩晶,29,2,27,玉山-高雄,2024-01-03,8843
00929,復華台灣科技優息,829,28,801,玉山-高雄,2024-01-04,8843
2353,宏��,539,144,395,玉山-高雄,2024-01-04,8843
00927,群益半導體收益,241,0,241,玉山-高雄,2024-01-04,8843
00937B,群益ESG投等債20,208,10,198,玉山-高雄,2024-01-04,8843
00637L,元大滬深300正2,201,73,128,玉山-高雄,2024-01-04,8843
2601,益航,104,0,104,玉山-高雄,2024-01-04,8843
00720B,元大投資級公司債,172,70,102,玉山-高雄,2024-01-04,8843
00633L,富邦上証正2,105,12,93,玉山-高雄,2024-01-04,8843
5009,榮剛,84,0,84,玉山-高雄,2024-01-04,8843
2352,佳世達,108,25,83,玉山-高雄,2024-01-04,8843
00655L,國泰中國A50正2,73,0,73,玉山-高雄,2024-01-04,8843
0056,元大高股息,76,5,71,玉山-高雄,2024-01-04,8843
2867,三商壽,60,0,60,玉山-高雄,2024-01-04,8843
1326,台化,57,0,57,玉山-高雄,2024-01-04,8843
3481,群創,77,21,56,玉山-高雄,2024-01-04,8843
00712,復華富時不動產,85,30,55,玉山-高雄,2024-01-04,8843
6116,彩晶,51,0,51,玉山-高雄,2024-01-04,8843
00878,國泰永續高股息,58,12,46,玉山-高雄,2024-01-04,8843
2002,中鋼,55,11,44,玉山-高雄,2024-01-04,8843
8936,國統,67,23,44,玉山-高雄,2024-01-04,8843
00725B,國泰投資級公司債,43,0,43,玉山-高雄,2024-01-04,8843
2610,華航,113,72,41,玉山-高雄,2024-01-04,8843
2812,台中銀,41,0,41,玉山-高雄,2024-01-04,8843
00933B,國泰10Y+金融債,40,0,40,玉山-高雄,2024-01-04,8843
2323,中環,50,11,39,玉山-高雄,2024-01-04,8843
2609,陽明,462,427,35,玉山-高雄,2024-01-04,8843
8046,南電,40,5,35,玉山-高雄,2024-01-04,8843
3217,優群,46,12,34,玉山-高雄,2024-01-04,8843
3338,泰碩,42,9,33,玉山-高雄,2024-01-04,8843
6547,高端疫苗,36,3,33,玉山-高雄,2024-01-04,8843
3062,建漢,30,0,30,玉山-高雄,2024-01-04,8843
1444,力麗,30,0,30,玉山-高雄,2024-01-04,8843
8096,擎亞,76,46,30,玉山-高雄,2024-01-04,8843
2317,鴻海,33,4,29,玉山-高雄,2024-01-04,8843
3041,揚智,47,19,28,玉山-高雄,2024-01-04,8843
2834,臺企銀,29,2,27,玉山-高雄,2024-01-04,8843
2303,聯電,137,111,26,玉山-高雄,2024-01-04,8843
6120,達運,43,17,26,玉山-高雄,2024-01-04,8843
3056,富華新,26,1,25,玉山-高雄,2024-01-04,8843
2405,輔信,54,31,23,玉山-高雄,2024-01-04,8843
1101,台泥,22,0,22,玉山-高雄,2024-01-04,8843
00650L,復華香港正2,23,1,22,玉山-高雄,2024-01-04,8843
6233,旺玖,36,16,20,玉山-高雄,2024-01-04,8843
3036,文曄,25,6,19,玉山-高雄,2024-01-04,8843
9105,泰金寶-DR,19,0,19,玉山-高雄,2024-01-04,8843
00935,野村臺灣新科技50,21,2,19,玉山-高雄,2024-01-04,8843
00893,國泰智能電動車,18,0,18,玉山-高雄,2024-01-04,8843
00891,中信關鍵半導體,29,12,17,玉山-高雄,2024-01-04,8843
2101,南港,17,0,17,玉山-高雄,2024-01-04,8843
2498,宏達電,18,1,17,玉山-高雄,2024-01-04,8843
00929,復華台灣科技優息,465,76,389,玉山-高雄,2024-01-05,8843
2618,長榮航,391,115,276,玉山-高雄,2024-01-05,8843
00665L,富邦�琤肭磪囓�2,242,21,221,玉山-高雄,2024-01-05,8843
00753L,中信中國50正2,305,100,205,玉山-高雄,2024-01-05,8843
00680L,元大美債20正2,231,86,145,玉山-高雄,2024-01-05,8843
00927,群益半導體收益,136,1,135,玉山-高雄,2024-01-05,8843
8011,台通,121,7,114,玉山-高雄,2024-01-05,8843
00687B,國泰20年美債,108,17,91,玉山-高雄,2024-01-05,8843
00931B,統一美債20年,89,1,88,玉山-高雄,2024-01-05,8843
2867,三商壽,90,5,85,玉山-高雄,2024-01-05,8843
0056,元大高股息,74,7,67,玉山-高雄,2024-01-05,8843
2615,萬海,85,21,64,玉山-高雄,2024-01-05,8843
00688L,國泰20年美債正2,54,0,54,玉山-高雄,2024-01-05,8843
00878,國泰永續高股息,87,38,49,玉山-高雄,2024-01-05,8843
00712,復華富時不動產,69,23,46,玉山-高雄,2024-01-05,8843
8096,擎亞,151,106,45,玉山-高雄,2024-01-05,8843
00720B,元大投資級公司債,136,91,45,玉山-高雄,2024-01-05,8843
2610,華航,70,27,43,玉山-高雄,2024-01-05,8843
00751B,元大AAA至A公司債,53,13,40,玉山-高雄,2024-01-05,8843
1909,榮成,40,0,40,玉山-高雄,2024-01-05,8843
9105,泰金寶-DR,40,1,39,玉山-高雄,2024-01-05,8843
00919,群益台灣精選高息,127,91,36,玉山-高雄,2024-01-05,8843
2317,鴻海,36,2,34,玉山-高雄,2024-01-05,8843
2356,英業達,71,39,32,玉山-高雄,2024-01-05,8843
2368,金像電,33,2,31,玉山-高雄,2024-01-05,8843
2486,一詮,38,8,30,玉山-高雄,2024-01-05,8843
00679B,元大美債20年,54,26,28,玉山-高雄,2024-01-05,8843
2352,佳世達,78,51,27,玉山-高雄,2024-01-05,8843
3231,緯創,42,16,26,玉山-高雄,2024-01-05,8843
2362,藍天,46,21,25,玉山-高雄,2024-01-05,8843
8046,南電,25,2,23,玉山-高雄,2024-01-05,8843
00795B,中信美國公債20年,22,0,22,玉山-高雄,2024-01-05,8843
00772B,中信高評級公司債,22,1,21,玉山-高雄,2024-01-05,8843
5236,凌陽創新,24,3,21,玉山-高雄,2024-01-05,8843
1325,恆大,33,12,21,玉山-高雄,2024-01-05,8843
2101,南港,21,0,21,玉山-高雄,2024-01-05,8843
5285,界霖,21,0,21,玉山-高雄,2024-01-05,8843
00930,永豐ESG低碳高息,20,0,20,玉山-高雄,2024-01-05,8843
5871,中租-KY,20,1,19,玉山-高雄,2024-01-05,8843
2515,中工,27,8,19,玉山-高雄,2024-01-05,8843
2330,台積電,21,2,19,玉山-高雄,2024-01-05,8843
1732,毛寶,37,19,18,玉山-高雄,2024-01-05,8843
00933B,國泰10Y+金融債,35,17,18,玉山-高雄,2024-01-05,8843
4938,和碩,42,25,17,玉山-高雄,2024-01-05,8843
5011,久陽,16,0,16,玉山-高雄,2024-01-05,8843
3380,明泰,21,6,15,玉山-高雄,2024-01-05,8843
6482,弘煜科,15,0,15,玉山-高雄,2024-01-05,8843
1319,東陽,14,0,14,玉山-高雄,2024-01-05,8843
1905,華紙,16,2,14,玉山-高雄,2024-01-05,8843
00918,大華優利高填息30,13,0,13,玉山-高雄,2024-01-05,8843
00753L,中信中國50正2,952,0,952,玉山-高雄,2024-01-08,8843
00929,復華台灣科技優息,601,32,569,玉山-高雄,2024-01-08,8843
1314,中石化,564,174,390,玉山-高雄,2024-01-08,8843
2208,台船,277,5,272,玉山-高雄,2024-01-08,8843
00687B,國泰20年美債,181,6,175,玉山-高雄,2024-01-08,8843
1815,富喬,177,7,170,玉山-高雄,2024-01-08,8843
00937B,群益ESG投等債20,182,17,165,玉山-高雄,2024-01-08,8843
00637L,元大滬深300正2,187,35,152,玉山-高雄,2024-01-08,8843
00919,群益台灣精選高息,166,27,139,玉山-高雄,2024-01-08,8843
2303,聯電,188,66,122,玉山-高雄,2024-01-08,8843
2317,鴻海,126,22,104,玉山-高雄,2024-01-08,8843
00679B,元大美債20年,94,7,87,玉山-高雄,2024-01-08,8843
00650L,復華香港正2,132,45,87,玉山-高雄,2024-01-08,8843
00633L,富邦上証正2,112,29,83,玉山-高雄,2024-01-08,8843
3481,群創,453,378,75,玉山-高雄,2024-01-08,8843
00720B,元大投資級公司債,71,11,60,玉山-高雄,2024-01-08,8843
00712,復華富時不動產,49,0,49,玉山-高雄,2024-01-08,8843
2892,第一金,49,0,49,玉山-高雄,2024-01-08,8843
00655L,國泰中國A50正2,54,6,48,玉山-高雄,2024-01-08,8843
2369,菱生,46,1,45,玉山-高雄,2024-01-08,8843
00931B,統一美債20年,58,13,45,玉山-高雄,2024-01-08,8843
6770,力積電,79,35,44,玉山-高雄,2024-01-08,8843
911868,同方友友-DR,42,0,42,玉山-高雄,2024-01-08,8843
2344,華邦電,37,2,35,玉山-高雄,2024-01-08,8843
00632R,元大台灣50反1,34,3,31,玉山-高雄,2024-01-08,8843
5388,中磊,29,1,28,玉山-高雄,2024-01-08,8843
0056,元大高股息,55,27,28,玉山-高雄,2024-01-08,8843
00934,中信成長高股息,52,25,27,玉山-高雄,2024-01-08,8843
2610,華航,90,63,27,玉山-高雄,2024-01-08,8843
3017,奇鋐,31,5,26,玉山-高雄,2024-01-08,8843
00904,新光臺灣半導體30,26,0,26,玉山-高雄,2024-01-08,8843
2356,英業達,82,56,26,玉山-高雄,2024-01-08,8843
3260,威剛,54,34,20,玉山-高雄,2024-01-08,8843
8426,紅木-KY,19,0,19,玉山-高雄,2024-01-08,8843
2520,冠德,23,4,19,玉山-高雄,2024-01-08,8843
3390,旭軟,29,12,17,玉山-高雄,2024-01-08,8843
2515,中工,23,6,17,玉山-高雄,2024-01-08,8843
2104,國際中橡,16,0,16,玉山-高雄,2024-01-08,8843
00927,群益半導體收益,19,3,16,玉山-高雄,2024-01-08,8843
5515,建國,16,1,15,玉山-高雄,2024-01-08,8843
00922,國泰台灣領袖50,15,0,15,玉山-高雄,2024-01-08,8843
00936,台新永續高息中小,15,2,13,玉山-高雄,2024-01-08,8843
8111,立��,30,17,13,玉山-高雄,2024-01-08,8843
00881,國泰台灣5G+,16,3,13,玉山-高雄,2024-01-08,8843
00715L,期街口布蘭特正2,17,4,13,玉山-高雄,2024-01-08,8843
2615,萬海,18,6,12,玉山-高雄,2024-01-08,8843
00688L,國泰20年美債正2,20,8,12,玉山-高雄,2024-01-08,8843
8110,華東,12,0,12,玉山-高雄,2024-01-08,8843
1309,台達化,12,0,12,玉山-高雄,2024-01-08,8843
2543,皇昌,27,16,11,玉山-高雄,2024-01-08,8843
00680L,元大美債20正2,582,9,573,玉山-高雄,2024-01-09,8843
2313,華通,518,19,499,玉山-高雄,2024-01-09,8843
00919,群益台灣精選高息,523,72,451,玉山-高雄,2024-01-09,8843
1314,中石化,437,2,435,玉山-高雄,2024-01-09,8843
2891,中信金,410,13,397,玉山-高雄,2024-01-09,8843
2603,長榮,344,131,213,玉山-高雄,2024-01-09,8843
00929,復華台灣科技優息,236,43,193,玉山-高雄,2024-01-09,8843
3056,富華新,261,100,161,玉山-高雄,2024-01-09,8843
2609,陽明,369,221,148,玉山-高雄,2024-01-09,8843
2014,中鴻,127,13,114,玉山-高雄,2024-01-09,8843
00715L,期街口布蘭特正2,117,5,112,玉山-高雄,2024-01-09,8843
2867,三商壽,106,0,106,玉山-高雄,2024-01-09,8843
00637L,元大滬深300正2,148,47,101,玉山-高雄,2024-01-09,8843
00882,中信中國高股息,125,39,86,玉山-高雄,2024-01-09,8843
2356,英業達,100,19,81,玉山-高雄,2024-01-09,8843
3481,群創,445,371,74,玉山-高雄,2024-01-09,8843
2607,榮運,73,1,72,玉山-高雄,2024-01-09,8843
2834,臺企銀,63,0,63,玉山-高雄,2024-01-09,8843
6116,彩晶,65,12,53,玉山-高雄,2024-01-09,8843
2610,華航,60,8,52,玉山-高雄,2024-01-09,8843
00753L,中信中國50正2,62,12,50,玉山-高雄,2024-01-09,8843
00927,群益半導體收益,49,0,49,玉山-高雄,2024-01-09,8843
00937B,群益ESG投等債20,58,10,48,玉山-高雄,2024-01-09,8843
2353,宏��,101,53,48,玉山-高雄,2024-01-09,8843
00931B,統一美債20年,53,9,44,玉山-高雄,2024-01-09,8843
0056,元大高股息,78,36,42,玉山-高雄,2024-01-09,8843
2634,漢翔,63,21,42,玉山-高雄,2024-01-09,8843
00900,富邦特選高股息30,41,4,37,玉山-高雄,2024-01-09,8843
8064,東捷,37,0,37,玉山-高雄,2024-01-09,8843
00679B,元大美債20年,44,7,37,玉山-高雄,2024-01-09,8843
2884,玉山金,42,5,37,玉山-高雄,2024-01-09,8843
2812,台中銀,36,0,36,玉山-高雄,2024-01-09,8843
3051,力特,50,15,35,玉山-高雄,2024-01-09,8843
3712,永崴投控,34,0,34,玉山-高雄,2024-01-09,8843
1603,華電,32,0,32,玉山-高雄,2024-01-09,8843
00770,國泰北美科技,37,5,32,玉山-高雄,2024-01-09,8843
3231,緯創,99,68,31,玉山-高雄,2024-01-09,8843
2645,長榮航太,31,1,30,玉山-高雄,2024-01-09,8843
2107,厚生,30,0,30,玉山-高雄,2024-01-09,8843
00933B,國泰10Y+金融債,101,72,29,玉山-高雄,2024-01-09,8843
2888,新光金,29,0,29,玉山-高雄,2024-01-09,8843
2303,聯電,111,82,29,玉山-高雄,2024-01-09,8843
3062,建漢,30,2,28,玉山-高雄,2024-01-09,8843
00918,大華優利高填息30,34,6,28,玉山-高雄,2024-01-09,8843
2409,友達,72,45,27,玉山-高雄,2024-01-09,8843
2883,凱基金,31,4,27,玉山-高雄,2024-01-09,8843
1460,宏遠,27,0,27,玉山-高雄,2024-01-09,8843
2308,台達電,25,0,25,玉山-高雄,2024-01-09,8843
1609,大亞,31,7,24,玉山-高雄,2024-01-09,8843
2405,輔信,25,2,23,玉山-高雄,2024-01-09,8843
00929,復華台灣科技優息,452,47,405,玉山-高雄,2024-01-10,8843
00919,群益台灣精選高息,251,31,220,玉山-高雄,2024-01-10,8843
2618,長榮航,175,15,160,玉山-高雄,2024-01-10,8843
6116,彩晶,169,23,146,玉山-高雄,2024-01-10,8843
00688L,國泰20年美債正2,126,0,126,玉山-高雄,2024-01-10,8843
2609,陽明,324,208,116,玉山-高雄,2024-01-10,8843
1314,中石化,105,0,105,玉山-高雄,2024-01-10,8843
2329,華泰,144,41,103,玉山-高雄,2024-01-10,8843
1312,國喬,113,10,103,玉山-高雄,2024-01-10,8843
0056,元大高股息,103,10,93,玉山-高雄,2024-01-10,8843
00753L,中信中國50正2,112,20,92,玉山-高雄,2024-01-10,8843
1444,力麗,70,0,70,玉山-高雄,2024-01-10,8843
00882,中信中國高股息,68,3,65,玉山-高雄,2024-01-10,8843
00878,國泰永續高股息,105,45,60,玉山-高雄,2024-01-10,8843
00933B,國泰10Y+金融債,65,11,54,玉山-高雄,2024-01-10,8843
2317,鴻海,82,29,53,玉山-高雄,2024-01-10,8843
00655L,國泰中國A50正2,65,12,53,玉山-高雄,2024-01-10,8843
1301,台塑,49,0,49,玉山-高雄,2024-01-10,8843
2374,佳能,51,3,48,玉山-高雄,2024-01-10,8843
9919,康那香,45,2,43,玉山-高雄,2024-01-10,8843
00934,中信成長高股息,39,0,39,玉山-高雄,2024-01-10,8843
8222,寶一,41,4,37,玉山-高雄,2024-01-10,8843
00937B,群益ESG投等債20,72,35,37,玉山-高雄,2024-01-10,8843
3481,群創,45,9,36,玉山-高雄,2024-01-10,8843
911868,同方友友-DR,35,0,35,玉山-高雄,2024-01-10,8843
5381,合正,35,0,35,玉山-高雄,2024-01-10,8843
1605,華新,51,18,33,玉山-高雄,2024-01-10,8843
1722,台肥,30,0,30,玉山-高雄,2024-01-10,8843
1316,上曜,29,0,29,玉山-高雄,2024-01-10,8843
00881,國泰台灣5G+,30,2,28,玉山-高雄,2024-01-10,8843
1326,台化,37,9,28,玉山-高雄,2024-01-10,8843
4956,光鋐,79,51,28,玉山-高雄,2024-01-10,8843
0050,元大台灣50,28,1,27,玉山-高雄,2024-01-10,8843
9105,泰金寶-DR,31,5,26,玉山-高雄,2024-01-10,8843
5530,龍巖,30,5,25,玉山-高雄,2024-01-10,8843
2312,金寶,33,8,25,玉山-高雄,2024-01-10,8843
1612,宏泰,24,1,23,玉山-高雄,2024-01-10,8843
2887,台新金,23,1,22,玉山-高雄,2024-01-10,8843
2301,光寶科,51,30,21,玉山-高雄,2024-01-10,8843
2352,佳世達,25,4,21,玉山-高雄,2024-01-10,8843
3062,建漢,21,0,21,玉山-高雄,2024-01-10,8843
00904,新光臺灣半導體30,21,0,21,玉山-高雄,2024-01-10,8843
3499,環天科,21,0,21,玉山-高雄,2024-01-10,8843
3147,大綜,21,0,21,玉山-高雄,2024-01-10,8843
2516,新建,21,0,21,玉山-高雄,2024-01-10,8843
2421,建準,33,12,21,玉山-高雄,2024-01-10,8843
3710,連展投控,20,0,20,玉山-高雄,2024-01-10,8843
00664R,國泰臺灣加權反1,20,0,20,玉山-高雄,2024-01-10,8843
3545,敦泰,23,3,20,玉山-高雄,2024-01-10,8843
1603,華電,20,0,20,玉山-高雄,2024-01-10,8843
00929,復華台灣科技優息,411,12,399,玉山-高雄,2024-01-11,8843
00919,群益台灣精選高息,155,5,150,玉山-高雄,2024-01-11,8843
1519,華城,165,25,140,玉山-高雄,2024-01-11,8843
00687B,國泰20年美債,115,0,115,玉山-高雄,2024-01-11,8843
00927,群益半導體收益,104,0,104,玉山-高雄,2024-01-11,8843
2880,華南金,105,1,104,玉山-高雄,2024-01-11,8843
2514,龍邦,105,17,88,玉山-高雄,2024-01-11,8843
00882,中信中國高股息,104,19,85,玉山-高雄,2024-01-11,8843
1301,台塑,88,5,83,玉山-高雄,2024-01-11,8843
00937B,群益ESG投等債20,77,1,76,玉山-高雄,2024-01-11,8843
2303,聯電,85,16,69,玉山-高雄,2024-01-11,8843
3545,敦泰,62,2,60,玉山-高雄,2024-01-11,8843
6116,彩晶,67,8,59,玉山-高雄,2024-01-11,8843
2634,漢翔,74,16,58,玉山-高雄,2024-01-11,8843
6163,華電網,58,1,57,玉山-高雄,2024-01-11,8843
5009,榮剛,59,3,56,玉山-高雄,2024-01-11,8843
2023,燁輝,55,0,55,玉山-高雄,2024-01-11,8843
00933B,國泰10Y+金融債,49,0,49,玉山-高雄,2024-01-11,8843
2542,興富發,50,1,49,玉山-高雄,2024-01-11,8843
8111,立��,61,13,48,玉山-高雄,2024-01-11,8843
2301,光寶科,58,14,44,玉山-高雄,2024-01-11,8843
1314,中石化,43,0,43,玉山-高雄,2024-01-11,8843
6505,台塑化,42,0,42,玉山-高雄,2024-01-11,8843
1444,力麗,40,0,40,玉山-高雄,2024-01-11,8843
6695,芯鼎,117,78,39,玉山-高雄,2024-01-11,8843
00637L,元大滬深300正2,65,32,33,玉山-高雄,2024-01-11,8843
2905,三商,30,0,30,玉山-高雄,2024-01-11,8843
2104,國際中橡,29,0,29,玉山-高雄,2024-01-11,8843
00688L,國泰20年美債正2,28,0,28,玉山-高雄,2024-01-11,8843
1312,國喬,32,5,27,玉山-高雄,2024-01-11,8843
00878,國泰永續高股息,47,20,27,玉山-高雄,2024-01-11,8843
6667,信紘科,26,0,26,玉山-高雄,2024-01-11,8843
00930,永豐ESG低碳高息,25,0,25,玉山-高雄,2024-01-11,8843
0056,元大高股息,28,2,26,玉山-高雄,2024-01-11,8843
2449,京元電子,31,8,23,玉山-高雄,2024-01-11,8843
2890,永豐金,23,1,22,玉山-高雄,2024-01-11,8843
1514,亞力,38,16,22,玉山-高雄,2024-01-11,8843
2243,宏旭-KY,21,0,21,玉山-高雄,2024-01-11,8843
4414,如興,20,0,20,玉山-高雄,2024-01-11,8843
911868,同方友友-DR,20,0,20,玉山-高雄,2024-01-11,8843
3230,錦明,20,0,20,玉山-高雄,2024-01-11,8843
6462,神盾,45,25,20,玉山-高雄,2024-01-11,8843
8222,寶一,19,0,19,玉山-高雄,2024-01-11,8843
3390,旭軟,21,3,18,玉山-高雄,2024-01-11,8843
4938,和碩,32,15,17,玉山-高雄,2024-01-11,8843
3055,蔚華科,24,7,17,玉山-高雄,2024-01-11,8843
2409,友達,29,12,17,玉山-高雄,2024-01-11,8843
2387,精元,20,4,16,玉山-高雄,2024-01-11,8843
8426,紅木-KY,30,14,16,玉山-高雄,2024-01-11,8843
00915,凱基優選高股息30,15,0,15,玉山-高雄,2024-01-11,8843
00929,復華台灣科技優息,459,94,365,玉山-高雄,2024-01-12,8843
00919,群益台灣精選高息,260,18,242,玉山-高雄,2024-01-12,8843
2888,新光金,239,32,207,玉山-高雄,2024-01-12,8843
00937B,群益ESG投等債20,188,6,182,玉山-高雄,2024-01-12,8843
2887,台新金,164,3,161,玉山-高雄,2024-01-12,8843
9105,泰金寶-DR,110,0,110,玉山-高雄,2024-01-12,8843
0056,元大高股息,112,4,108,玉山-高雄,2024-01-12,8843
00927,群益半導體收益,100,1,99,玉山-高雄,2024-01-12,8843
6116,彩晶,90,2,88,玉山-高雄,2024-01-12,8843
00933B,國泰10Y+金融債,94,12,82,玉山-高雄,2024-01-12,8843
00934,中信成長高股息,69,0,69,玉山-高雄,2024-01-12,8843
2356,英業達,91,38,53,玉山-高雄,2024-01-12,8843
2883,凱基金,70,19,51,玉山-高雄,2024-01-12,8843
2890,永豐金,44,1,43,玉山-高雄,2024-01-12,8843
8096,擎亞,119,78,41,玉山-高雄,2024-01-12,8843
1314,中石化,40,3,37,玉山-高雄,2024-01-12,8843
00680L,元大美債20正2,39,2,37,玉山-高雄,2024-01-12,8843
2891,中信金,39,7,32,玉山-高雄,2024-01-12,8843
1326,台化,34,4,30,玉山-高雄,2024-01-12,8843
00725B,國泰投資級公司債,30,0,30,玉山-高雄,2024-01-12,8843
00706L,期元大S＆P日圓正2,30,0,30,玉山-高雄,2024-01-12,8843
2352,佳世達,29,3,26,玉山-高雄,2024-01-12,8843
00633L,富邦上証正2,38,12,26,玉山-高雄,2024-01-12,8843
2481,強茂,25,0,25,玉山-高雄,2024-01-12,8843
2387,精元,25,0,25,玉山-高雄,2024-01-12,8843
2303,聯電,80,58,22,玉山-高雄,2024-01-12,8843
2408,南亞科,26,4,22,玉山-高雄,2024-01-12,8843
1301,台塑,23,1,22,玉山-高雄,2024-01-12,8843
2371,大同,24,2,22,玉山-高雄,2024-01-12,8843
2353,宏��,78,58,20,玉山-高雄,2024-01-12,8843
00936,台新永續高息中小,34,14,20,玉山-高雄,2024-01-12,8843
2867,三商壽,20,0,20,玉山-高雄,2024-01-12,8843
3147,大綜,22,2,20,玉山-高雄,2024-01-12,8843
1444,力麗,20,0,20,玉山-高雄,2024-01-12,8843
00632R,元大台灣50反1,20,0,20,玉山-高雄,2024-01-12,8843
3349,寶德,20,0,20,玉山-高雄,2024-01-12,8843
2104,國際中橡,20,0,20,玉山-高雄,2024-01-12,8843
1714,和桐,20,1,19,玉山-高雄,2024-01-12,8843
2243,宏旭-KY,21,2,19,玉山-高雄,2024-01-12,8843
00738U,期元大道瓊白銀,19,0,19,玉山-高雄,2024-01-12,8843
00650L,復華香港正2,35,16,19,玉山-高雄,2024-01-12,8843
2884,玉山金,31,12,19,玉山-高雄,2024-01-12,8843
5426,振發,71,53,18,玉山-高雄,2024-01-12,8843
2301,光寶科,20,3,17,玉山-高雄,2024-01-12,8843
2492,華新科,20,3,17,玉山-高雄,2024-01-12,8843
2324,仁寶,32,15,17,玉山-高雄,2024-01-12,8843
2331,精英,27,10,17,玉山-高雄,2024-01-12,8843
4114,健喬,18,2,16,玉山-高雄,2024-01-12,8843
3715,定穎投控,19,4,15,玉山-高雄,2024-01-12,8843
2405,輔信,16,1,15,玉山-高雄,2024-01-12,8843
2888,新光金,1298,574,724,玉山-高雄,2024-01-15,8843
00929,復華台灣科技優息,602,56,546,玉山-高雄,2024-01-15,8843
00919,群益台灣精選高息,285,59,226,玉山-高雄,2024-01-15,8843
00725B,國泰投資級公司債,217,0,217,玉山-高雄,2024-01-15,8843
3231,緯創,329,131,198,玉山-高雄,2024-01-15,8843
2610,華航,295,132,163,玉山-高雄,2024-01-15,8843
2618,長榮航,212,51,161,玉山-高雄,2024-01-15,8843
00665L,富邦�琤肭磪囓�2,145,13,132,玉山-高雄,2024-01-15,8843
00927,群益半導體收益,124,7,117,玉山-高雄,2024-01-15,8843
2883,凱基金,123,8,115,玉山-高雄,2024-01-15,8843
00878,國泰永續高股息,129,24,105,玉山-高雄,2024-01-15,8843
2382,廣達,105,27,78,玉山-高雄,2024-01-15,8843
6207,雷科,82,5,77,玉山-高雄,2024-01-15,8843
00687B,國泰20年美債,86,10,76,玉山-高雄,2024-01-15,8843
00655L,國泰中國A50正2,82,11,71,玉山-高雄,2024-01-15,8843
2356,英業達,107,37,70,玉山-高雄,2024-01-15,8843
00937B,群益ESG投等債20,88,25,63,玉山-高雄,2024-01-15,8843
0056,元大高股息,68,6,62,玉山-高雄,2024-01-15,8843
00632R,元大台灣50反1,91,30,61,玉山-高雄,2024-01-15,8843
2905,三商,60,0,60,玉山-高雄,2024-01-15,8843
00904,新光臺灣半導體30,57,3,54,玉山-高雄,2024-01-15,8843
2353,宏��,86,38,48,玉山-高雄,2024-01-15,8843
0050,元大台灣50,37,0,37,玉山-高雄,2024-01-15,8843
2834,臺企銀,35,1,34,玉山-高雄,2024-01-15,8843
3056,富華新,34,1,33,玉山-高雄,2024-01-15,8843
6116,彩晶,34,2,32,玉山-高雄,2024-01-15,8843
8011,台通,32,1,31,玉山-高雄,2024-01-15,8843
00751B,元大AAA至A公司債,33,2,31,玉山-高雄,2024-01-15,8843
2630,亞航,33,3,30,玉山-高雄,2024-01-15,8843
4402,郡都開發,30,0,30,玉山-高雄,2024-01-15,8843
8046,南電,30,3,27,玉山-高雄,2024-01-15,8843
2405,輔信,36,12,24,玉山-高雄,2024-01-15,8843
4930,燦星網,23,0,23,玉山-高雄,2024-01-15,8843
2890,永豐金,23,0,23,玉山-高雄,2024-01-15,8843
1460,宏遠,22,0,22,玉山-高雄,2024-01-15,8843
2887,台新金,24,2,22,玉山-高雄,2024-01-15,8843
2460,建通,20,0,20,玉山-高雄,2024-01-15,8843
2516,新建,20,0,20,玉山-高雄,2024-01-15,8843
2002,中鋼,20,0,20,玉山-高雄,2024-01-15,8843
2409,友達,33,14,19,玉山-高雄,2024-01-15,8843
2884,玉山金,43,24,19,玉山-高雄,2024-01-15,8843
1301,台塑,25,6,19,玉山-高雄,2024-01-15,8843
00770,國泰北美科技,40,22,18,玉山-高雄,2024-01-15,8843
00930,永豐ESG低碳高息,17,0,17,玉山-高雄,2024-01-15,8843
1326,台化,17,0,17,玉山-高雄,2024-01-15,8843
3646,艾恩特,17,0,17,玉山-高雄,2024-01-15,8843
2885,元大金,17,0,17,玉山-高雄,2024-01-15,8843
00715L,期街口布蘭特正2,24,8,16,玉山-高雄,2024-01-15,8843
00923,群益台ESG低碳50,16,1,15,玉山-高雄,2024-01-15,8843
2634,漢翔,44,30,14,玉山-高雄,2024-01-15,8843
00929,復華台灣科技優息,632,66,566,玉山-高雄,2024-01-16,8843
00753L,中信中國50正2,469,28,441,玉山-高雄,2024-01-16,8843
0056,元大高股息,250,11,239,玉山-高雄,2024-01-16,8843
00637L,元大滬深300正2,383,152,231,玉山-高雄,2024-01-16,8843
2867,三商壽,167,4,163,玉山-高雄,2024-01-16,8843
00919,群益台灣精選高息,211,64,147,玉山-高雄,2024-01-16,8843
2610,華航,156,10,146,玉山-高雄,2024-01-16,8843
00882,中信中國高股息,173,40,133,玉山-高雄,2024-01-16,8843
2609,陽明,254,122,132,玉山-高雄,2024-01-16,8843
2884,玉山金,141,9,132,玉山-高雄,2024-01-16,8843
2883,凱基金,139,13,126,玉山-高雄,2024-01-16,8843
6282,康舒,125,2,123,玉山-高雄,2024-01-16,8843
1326,台化,134,16,118,玉山-高雄,2024-01-16,8843
8096,擎亞,288,171,117,玉山-高雄,2024-01-16,8843
2002,中鋼,108,2,106,玉山-高雄,2024-01-16,8843
2323,中環,103,7,96,玉山-高雄,2024-01-16,8843
00881,國泰台灣5G+,94,2,92,玉山-高雄,2024-01-16,8843
2312,金寶,104,14,90,玉山-高雄,2024-01-16,8843
00927,群益半導體收益,90,0,90,玉山-高雄,2024-01-16,8843
2888,新光金,192,112,80,玉山-高雄,2024-01-16,8843
2887,台新金,80,5,75,玉山-高雄,2024-01-16,8843
00650L,復華香港正2,94,20,74,玉山-高雄,2024-01-16,8843
1301,台塑,78,9,69,玉山-高雄,2024-01-16,8843
2881,富邦金,65,0,65,玉山-高雄,2024-01-16,8843
00878,國泰永續高股息,97,34,63,玉山-高雄,2024-01-16,8843
6116,彩晶,73,13,60,玉山-高雄,2024-01-16,8843
1460,宏遠,59,0,59,玉山-高雄,2024-01-16,8843
2486,一詮,99,43,56,玉山-高雄,2024-01-16,8843
2356,英業達,73,17,56,玉山-高雄,2024-01-16,8843
2023,燁輝,60,6,54,玉山-高雄,2024-01-16,8843
2891,中信金,94,41,53,玉山-高雄,2024-01-16,8843
00688L,國泰20年美債正2,55,3,52,玉山-高雄,2024-01-16,8843
2477,美隆電,50,0,50,玉山-高雄,2024-01-16,8843
00937B,群益ESG投等債20,59,9,50,玉山-高雄,2024-01-16,8843
0050,元大台灣50,51,1,50,玉山-高雄,2024-01-16,8843
1314,中石化,133,86,47,玉山-高雄,2024-01-16,8843
1101,台泥,52,7,45,玉山-高雄,2024-01-16,8843
2834,臺企銀,43,0,43,玉山-高雄,2024-01-16,8843
00725B,國泰投資級公司債,43,1,42,玉山-高雄,2024-01-16,8843
2104,國際中橡,42,0,42,玉山-高雄,2024-01-16,8843
2353,宏��,106,66,40,玉山-高雄,2024-01-16,8843
4402,郡都開發,40,0,40,玉山-高雄,2024-01-16,8843
00904,新光臺灣半導體30,43,7,36,玉山-高雄,2024-01-16,8843
00720B,元大投資級公司債,43,8,35,玉山-高雄,2024-01-16,8843
3264,欣銓,39,4,35,玉山-高雄,2024-01-16,8843
1303,南亞,34,0,34,玉山-高雄,2024-01-16,8843
00679B,元大美債20年,44,11,33,玉山-高雄,2024-01-16,8843
2603,長榮,67,34,33,玉山-高雄,2024-01-16,8843
2892,第一金,31,0,31,玉山-高雄,2024-01-16,8843
2329,華泰,100,69,31,玉山-高雄,2024-01-16,8843
00632R,元大台灣50反1,1146,73,1073,玉山-高雄,2024-01-17,8843
00753L,中信中國50正2,1092,33,1059,玉山-高雄,2024-01-17,8843
00929,復華台灣科技優息,911,44,867,玉山-高雄,2024-01-17,8843
00882,中信中國高股息,729,101,628,玉山-高雄,2024-01-17,8843
00919,群益台灣精選高息,636,118,518,玉山-高雄,2024-01-17,8843
00752,中信中國50,516,3,513,玉山-高雄,2024-01-17,8843
00665L,富邦�琤肭磪囓�2,861,428,433,玉山-高雄,2024-01-17,8843
2303,聯電,402,67,335,玉山-高雄,2024-01-17,8843
00641R,富邦日本反1,205,8,197,玉山-高雄,2024-01-17,8843
00878,國泰永續高股息,206,32,174,玉山-高雄,2024-01-17,8843
00927,群益半導體收益,185,17,168,玉山-高雄,2024-01-17,8843
0056,元大高股息,215,57,158,玉山-高雄,2024-01-17,8843
00650L,復華香港正2,154,8,146,玉山-高雄,2024-01-17,8843
00687B,國泰20年美債,143,1,142,玉山-高雄,2024-01-17,8843
00680L,元大美債20正2,139,2,137,玉山-高雄,2024-01-17,8843
2913,農林,121,0,121,玉山-高雄,2024-01-17,8843
2344,華邦電,144,30,114,玉山-高雄,2024-01-17,8843
2883,凱基金,132,18,114,玉山-高雄,2024-01-17,8843
2884,玉山金,153,44,109,玉山-高雄,2024-01-17,8843
2888,新光金,105,2,103,玉山-高雄,2024-01-17,8843
5880,合庫金,88,0,88,玉山-高雄,2024-01-17,8843
1326,台化,107,20,87,玉山-高雄,2024-01-17,8843
00706L,期元大S＆P日圓正2,81,0,81,玉山-高雄,2024-01-17,8843
2609,陽明,131,50,81,玉山-高雄,2024-01-17,8843
00937B,群益ESG投等債20,87,7,80,玉山-高雄,2024-01-17,8843
00688L,國泰20年美債正2,77,0,77,玉山-高雄,2024-01-17,8843
2317,鴻海,97,23,74,玉山-高雄,2024-01-17,8843
2637,慧洋-KY,73,1,72,玉山-高雄,2024-01-17,8843
6243,迅杰,97,28,69,玉山-高雄,2024-01-17,8843
2002,中鋼,95,26,69,玉山-高雄,2024-01-17,8843
2887,台新金,87,19,68,玉山-高雄,2024-01-17,8843
2881,富邦金,69,3,66,玉山-高雄,2024-01-17,8843
00881,國泰台灣5G+,60,2,58,玉山-高雄,2024-01-17,8843
2882,國泰金,62,6,56,玉山-高雄,2024-01-17,8843
00679B,元大美債20年,53,0,53,玉山-高雄,2024-01-17,8843
6005,群益證,53,1,52,玉山-高雄,2024-01-17,8843
8070,長華*,52,0,52,玉山-高雄,2024-01-17,8843
2867,三商壽,53,2,51,玉山-高雄,2024-01-17,8843
3105,穩懋,50,0,50,玉山-高雄,2024-01-17,8843
6116,彩晶,51,1,50,玉山-高雄,2024-01-17,8843
1529,樂事綠能,52,2,50,玉山-高雄,2024-01-17,8843
2886,兆豐金,49,0,49,玉山-高雄,2024-01-17,8843
2356,英業達,76,30,46,玉山-高雄,2024-01-17,8843
6505,台塑化,80,35,45,玉山-高雄,2024-01-17,8843
2892,第一金,44,0,44,玉山-高雄,2024-01-17,8843
1301,台塑,45,2,43,玉山-高雄,2024-01-17,8843
0050,元大台灣50,46,4,42,玉山-高雄,2024-01-17,8843
1101,台泥,79,37,42,玉山-高雄,2024-01-17,8843
00922,國泰台灣領袖50,48,7,41,玉山-高雄,2024-01-17,8843
00720B,元大投資級公司債,40,0,40,玉山-高雄,2024-01-17,8843
00632R,元大台灣50反1,542,40,502,玉山-高雄,2024-01-18,8843
00665L,富邦�琤肭磪囓�2,485,61,424,玉山-高雄,2024-01-18,8843
00919,群益台灣精選高息,204,8,196,玉山-高雄,2024-01-18,8843
2883,凱基金,170,4,166,玉山-高雄,2024-01-18,8843
00680L,元大美債20正2,143,1,142,玉山-高雄,2024-01-18,8843
00687B,國泰20年美債,138,14,124,玉山-高雄,2024-01-18,8843
00882,中信中國高股息,226,106,120,玉山-高雄,2024-01-18,8843
00753L,中信中國50正2,286,178,108,玉山-高雄,2024-01-18,8843
00878,國泰永續高股息,111,5,106,玉山-高雄,2024-01-18,8843
00679B,元大美債20年,122,21,101,玉山-高雄,2024-01-18,8843
2882,國泰金,98,0,98,玉山-高雄,2024-01-18,8843
00637L,元大滬深300正2,381,297,84,玉山-高雄,2024-01-18,8843
0056,元大高股息,97,18,79,玉山-高雄,2024-01-18,8843
1444,力麗,60,0,60,玉山-高雄,2024-01-18,8843
00934,中信成長高股息,55,2,53,玉山-高雄,2024-01-18,8843
4960,誠美材,58,6,52,玉山-高雄,2024-01-18,8843
2382,廣達,87,41,46,玉山-高雄,2024-01-18,8843
5426,振發,120,80,40,玉山-高雄,2024-01-18,8843
00633L,富邦上証正2,49,11,38,玉山-高雄,2024-01-18,8843
2881,富邦金,38,0,38,玉山-高雄,2024-01-18,8843
00706L,期元大S＆P日圓正2,86,50,36,玉山-高雄,2024-01-18,8843
2888,新光金,39,3,36,玉山-高雄,2024-01-18,8843
2887,台新金,38,6,32,玉山-高雄,2024-01-18,8843
3622,洋華,40,8,32,玉山-高雄,2024-01-18,8843
5328,華容,43,12,31,玉山-高雄,2024-01-18,8843
6015,宏遠證,30,0,30,玉山-高雄,2024-01-18,8843
2885,元大金,31,1,30,玉山-高雄,2024-01-18,8843
8936,國統,63,33,30,玉山-高雄,2024-01-18,8843
1312,國喬,29,0,29,玉山-高雄,2024-01-18,8843
2356,英業達,67,39,28,玉山-高雄,2024-01-18,8843
4108,懷特,28,0,28,玉山-高雄,2024-01-18,8843
00655L,國泰中國A50正2,33,6,27,玉山-高雄,2024-01-18,8843
4909,新復興,38,11,27,玉山-高雄,2024-01-18,8843
5469,瀚宇博,25,0,25,玉山-高雄,2024-01-18,8843
3046,建��,24,0,24,玉山-高雄,2024-01-18,8843
1101,台泥,24,1,23,玉山-高雄,2024-01-18,8843
00770,國泰北美科技,23,0,23,玉山-高雄,2024-01-18,8843
1301,台塑,43,21,22,玉山-高雄,2024-01-18,8843
2002,中鋼,40,17,23,玉山-高雄,2024-01-18,8843
2486,一詮,58,37,21,玉山-高雄,2024-01-18,8843
00664R,國泰臺灣加權反1,21,0,21,玉山-高雄,2024-01-18,8843
00911,兆豐洲際半導體,23,2,21,玉山-高雄,2024-01-18,8843
00669R,國泰美國道瓊反1,20,0,20,玉山-高雄,2024-01-18,8843
00671R,富邦NASDAQ反1,20,0,20,玉山-高雄,2024-01-18,8843
6550,北極星藥業-KY,20,0,20,玉山-高雄,2024-01-18,8843
1409,新纖,20,0,20,玉山-高雄,2024-01-18,8843
4402,郡都開發,20,0,20,玉山-高雄,2024-01-18,8843
5351,鈺創,35,16,19,玉山-高雄,2024-01-18,8843
4979,華星光,34,15,19,玉山-高雄,2024-01-18,8843
2891,中信金,58,40,18,玉山-高雄,2024-01-18,8843
00632R,元大台灣50反1,2129,200,1929,玉山-高雄,2024-01-19,8843
4960,誠美材,462,14,448,玉山-高雄,2024-01-19,8843
2356,英業達,612,202,410,玉山-高雄,2024-01-19,8843
2888,新光金,328,18,310,玉山-高雄,2024-01-19,8843
00882,中信中國高股息,246,5,241,玉山-高雄,2024-01-19,8843
00687B,國泰20年美債,243,68,175,玉山-高雄,2024-01-19,8843
00937B,群益ESG投等債20,212,44,168,玉山-高雄,2024-01-19,8843
00680L,元大美債20正2,169,3,166,玉山-高雄,2024-01-19,8843
00753L,中信中國50正2,200,35,165,玉山-高雄,2024-01-19,8843
00679B,元大美債20年,169,26,143,玉山-高雄,2024-01-19,8843
6005,群益證,130,1,129,玉山-高雄,2024-01-19,8843
2353,宏��,202,84,118,玉山-高雄,2024-01-19,8843
00919,群益台灣精選高息,167,59,108,玉山-高雄,2024-01-19,8843
00929,復華台灣科技優息,120,20,100,玉山-高雄,2024-01-19,8843
00706L,期元大S＆P日圓正2,100,0,100,玉山-高雄,2024-01-19,8843
3607,谷崧,100,0,100,玉山-高雄,2024-01-19,8843
2409,友達,176,81,95,玉山-高雄,2024-01-19,8843
00688L,國泰20年美債正2,79,0,79,玉山-高雄,2024-01-19,8843
00933B,國泰10Y+金融債,84,5,79,玉山-高雄,2024-01-19,8843
5347,世界,69,11,58,玉山-高雄,2024-01-19,8843
00931B,統一美債20年,55,0,55,玉山-高雄,2024-01-19,8843
2610,華航,57,6,51,玉山-高雄,2024-01-19,8843
1326,台化,41,0,41,玉山-高雄,2024-01-19,8843
2002,中鋼,50,10,40,玉山-高雄,2024-01-19,8843
3588,通嘉,50,10,40,玉山-高雄,2024-01-19,8843
2317,鴻海,45,7,38,玉山-高雄,2024-01-19,8843
00751B,元大AAA至A公司債,46,10,36,玉山-高雄,2024-01-19,8843
9919,康那香,39,3,36,玉山-高雄,2024-01-19,8843
2634,漢翔,36,1,35,玉山-高雄,2024-01-19,8843
8926,台汽電,35,0,35,玉山-高雄,2024-01-19,8843
3033,威健,47,13,34,玉山-高雄,2024-01-19,8843
00935,野村臺灣新科技50,36,2,34,玉山-高雄,2024-01-19,8843
2023,燁輝,59,26,33,玉山-高雄,2024-01-19,8843
2889,國票金,36,3,33,玉山-高雄,2024-01-19,8843
3706,神達,44,14,30,玉山-高雄,2024-01-19,8843
6116,彩晶,38,9,29,玉山-高雄,2024-01-19,8843
2303,聯電,76,47,29,玉山-高雄,2024-01-19,8843
6117,迎廣,41,13,28,玉山-高雄,2024-01-19,8843
6026,福邦證,30,2,28,玉山-高雄,2024-01-19,8843
1101,台泥,38,12,26,玉山-高雄,2024-01-19,8843
6770,力積電,30,5,25,玉山-高雄,2024-01-19,8843
1605,華新,39,14,25,玉山-高雄,2024-01-19,8843
00720B,元大投資級公司債,27,3,24,玉山-高雄,2024-01-19,8843
5351,鈺創,31,7,24,玉山-高雄,2024-01-19,8843
2880,華南金,24,0,24,玉山-高雄,2024-01-19,8843
00712,復華富時不動產,23,0,23,玉山-高雄,2024-01-19,8843
3622,洋華,21,0,21,玉山-高雄,2024-01-19,8843
2352,佳世達,26,5,21,玉山-高雄,2024-01-19,8843
3623,富晶通,27,6,21,玉山-高雄,2024-01-19,8843
00795B,中信美國公債20年,21,0,21,玉山-高雄,2024-01-19,8843
2884,玉山金,611,40,571,玉山-高雄,2024-01-22,8843
00937B,群益ESG投等債20,399,5,394,玉山-高雄,2024-01-22,8843
00753L,中信中國50正2,875,520,355,玉山-高雄,2024-01-22,8843
00882,中信中國高股息,362,32,330,玉山-高雄,2024-01-22,8843
00720B,元大投資級公司債,297,6,291,玉山-高雄,2024-01-22,8843
2609,陽明,313,68,245,玉山-高雄,2024-01-22,8843
2618,長榮航,190,12,178,玉山-高雄,2024-01-22,8843
2449,京元電子,195,29,166,玉山-高雄,2024-01-22,8843
2353,宏��,187,44,143,玉山-高雄,2024-01-22,8843
2317,鴻海,117,2,115,玉山-高雄,2024-01-22,8843
00650L,復華香港正2,123,17,106,玉山-高雄,2024-01-22,8843
2329,華泰,244,163,81,玉山-高雄,2024-01-22,8843
00715L,期街口布蘭特正2,63,0,63,玉山-高雄,2024-01-22,8843
00665L,富邦�琤肭磪囓�2,143,81,62,玉山-高雄,2024-01-22,8843
3265,台星科,61,2,59,玉山-高雄,2024-01-22,8843
00933B,國泰10Y+金融債,77,19,58,玉山-高雄,2024-01-22,8843
2409,友達,94,44,50,玉山-高雄,2024-01-22,8843
2887,台新金,51,2,49,玉山-高雄,2024-01-22,8843
2634,漢翔,48,1,47,玉山-高雄,2024-01-22,8843
3715,定穎投控,70,25,45,玉山-高雄,2024-01-22,8843
5880,合庫金,44,0,44,玉山-高雄,2024-01-22,8843
2316,楠梓電,73,30,43,玉山-高雄,2024-01-22,8843
2031,新光鋼,41,0,41,玉山-高雄,2024-01-22,8843
1536,和大,40,5,35,玉山-高雄,2024-01-22,8843
9919,康那香,32,0,32,玉山-高雄,2024-01-22,8843
3059,華晶科,38,7,31,玉山-高雄,2024-01-22,8843
2002,中鋼,36,7,29,玉山-高雄,2024-01-22,8843
00913,兆豐台灣晶圓製造,27,1,26,玉山-高雄,2024-01-22,8843
2883,凱基金,31,6,25,玉山-高雄,2024-01-22,8843
5426,振發,51,26,25,玉山-高雄,2024-01-22,8843
1101,台泥,29,5,24,玉山-高雄,2024-01-22,8843
1301,台塑,37,14,23,玉山-高雄,2024-01-22,8843
8111,立��,22,0,22,玉山-高雄,2024-01-22,8843
4956,光鋐,28,6,22,玉山-高雄,2024-01-22,8843
6550,北極星藥業-KY,21,0,21,玉山-高雄,2024-01-22,8843
2906,高林,23,2,21,玉山-高雄,2024-01-22,8843
00679B,元大美債20年,23,3,20,玉山-高雄,2024-01-22,8843
8215,明基材,20,0,20,玉山-高雄,2024-01-22,8843
1409,新纖,20,0,20,玉山-高雄,2024-01-22,8843
00687B,國泰20年美債,89,70,19,玉山-高雄,2024-01-22,8843
00688L,國泰20年美債正2,20,1,19,玉山-高雄,2024-01-22,8843
2610,華航,25,7,18,玉山-高雄,2024-01-22,8843
00680L,元大美債20正2,28,10,18,玉山-高雄,2024-01-22,8843
3623,富晶通,30,12,18,玉山-高雄,2024-01-22,8843
2892,第一金,18,0,18,玉山-高雄,2024-01-22,8843
00726B,國泰新興投等債,15,0,15,玉山-高雄,2024-01-22,8843
4162,智擎,15,0,15,玉山-高雄,2024-01-22,8843
3312,弘憶股,15,0,15,玉山-高雄,2024-01-22,8843
00902,中信電池及儲能,18,3,15,玉山-高雄,2024-01-22,8843
2882,國泰金,17,3,14,玉山-高雄,2024-01-22,8843
00637L,元大滬深300正2,325,127,198,玉山-高雄,2024-01-23,8843
2834,臺企銀,197,13,184,玉山-高雄,2024-01-23,8843
2890,永豐金,133,1,132,玉山-高雄,2024-01-23,8843
2884,玉山金,172,65,107,玉山-高雄,2024-01-23,8843
3035,智原,107,9,98,玉山-高雄,2024-01-23,8843
3059,華晶科,123,41,82,玉山-高雄,2024-01-23,8843
00937B,群益ESG投等債20,71,0,71,玉山-高雄,2024-01-23,8843
2353,宏��,174,105,69,玉山-高雄,2024-01-23,8843
00919,群益台灣精選高息,84,20,64,玉山-高雄,2024-01-23,8843
00655L,國泰中國A50正2,84,28,56,玉山-高雄,2024-01-23,8843
2014,中鴻,56,2,54,玉山-高雄,2024-01-23,8843
2618,長榮航,148,94,54,玉山-高雄,2024-01-23,8843
6239,力成,59,6,53,玉山-高雄,2024-01-23,8843
00679B,元大美債20年,58,13,45,玉山-高雄,2024-01-23,8843
00929,復華台灣科技優息,90,47,43,玉山-高雄,2024-01-23,8843
2609,陽明,260,217,43,玉山-高雄,2024-01-23,8843
2329,華泰,87,45,42,玉山-高雄,2024-01-23,8843
1307,三芳,41,0,41,玉山-高雄,2024-01-23,8843
2369,菱生,73,33,40,玉山-高雄,2024-01-23,8843
4162,智擎,35,0,35,玉山-高雄,2024-01-23,8843
2324,仁寶,82,48,34,玉山-高雄,2024-01-23,8843
3545,敦泰,41,8,33,玉山-高雄,2024-01-23,8843
00633L,富邦上証正2,94,61,33,玉山-高雄,2024-01-23,8843
00720B,元大投資級公司債,34,2,32,玉山-高雄,2024-01-23,8843
00933B,國泰10Y+金融債,37,5,32,玉山-高雄,2024-01-23,8843
00935,野村臺灣新科技50,32,1,31,玉山-高雄,2024-01-23,8843
2887,台新金,30,0,30,玉山-高雄,2024-01-23,8843
2345,智邦,29,0,29,玉山-高雄,2024-01-23,8843
2634,漢翔,28,0,28,玉山-高雄,2024-01-23,8843
5351,鈺創,48,23,25,玉山-高雄,2024-01-23,8843
6284,佳邦,28,6,22,玉山-高雄,2024-01-23,8843
8996,高力,29,7,22,玉山-高雄,2024-01-23,8843
2449,京元電子,26,5,21,玉山-高雄,2024-01-23,8843
3217,優群,21,1,20,玉山-高雄,2024-01-23,8843
2376,技嘉,45,24,21,玉山-高雄,2024-01-23,8843
00671R,富邦NASDAQ反1,20,0,20,玉山-高雄,2024-01-23,8843
2425,承啟,20,0,20,玉山-高雄,2024-01-23,8843
5426,振發,118,100,18,玉山-高雄,2024-01-23,8843
3310,佳穎,18,0,18,玉山-高雄,2024-01-23,8843
1101,台泥,18,0,18,玉山-高雄,2024-01-23,8843
2486,一詮,53,36,17,玉山-高雄,2024-01-23,8843
6187,萬潤,19,3,16,玉山-高雄,2024-01-23,8843
00688L,國泰20年美債正2,16,0,16,玉山-高雄,2024-01-23,8843
5328,華容,16,0,16,玉山-高雄,2024-01-23,8843
2316,楠梓電,21,5,16,玉山-高雄,2024-01-23,8843
2801,彰銀,15,0,15,玉山-高雄,2024-01-23,8843
00764B,群益25年美債,15,0,15,玉山-高雄,2024-01-23,8843
2371,大同,42,27,15,玉山-高雄,2024-01-23,8843
2615,萬海,18,3,15,玉山-高雄,2024-01-23,8843
2002,中鋼,28,13,15,玉山-高雄,2024-01-23,8843
00929,復華台灣科技優息,463,55,408,玉山-高雄,2024-01-24,8843
00637L,元大滬深300正2,381,70,311,玉山-高雄,2024-01-24,8843
00937B,群益ESG投等債20,240,15,225,玉山-高雄,2024-01-24,8843
2409,友達,142,16,126,玉山-高雄,2024-01-24,8843
3035,智原,134,16,118,玉山-高雄,2024-01-24,8843
00753L,中信中國50正2,267,157,110,玉山-高雄,2024-01-24,8843
2369,菱生,193,93,100,玉山-高雄,2024-01-24,8843
00882,中信中國高股息,149,50,99,玉山-高雄,2024-01-24,8843
2609,陽明,162,71,91,玉山-高雄,2024-01-24,8843
00641R,富邦日本反1,100,10,90,玉山-高雄,2024-01-24,8843
00933B,國泰10Y+金融債,82,3,79,玉山-高雄,2024-01-24,8843
2884,玉山金,79,16,63,玉山-高雄,2024-01-24,8843
2356,英業達,221,157,64,玉山-高雄,2024-01-24,8843
2834,臺企銀,60,1,59,玉山-高雄,2024-01-24,8843
00687B,國泰20年美債,59,0,59,玉山-高雄,2024-01-24,8843
2329,華泰,81,28,53,玉山-高雄,2024-01-24,8843
00633L,富邦上証正2,99,46,53,玉山-高雄,2024-01-24,8843
2313,華通,96,51,45,玉山-高雄,2024-01-24,8843
2324,仁寶,98,54,44,玉山-高雄,2024-01-24,8843
6505,台塑化,46,4,42,玉山-高雄,2024-01-24,8843
00931B,統一美債20年,36,0,36,玉山-高雄,2024-01-24,8843
00679B,元大美債20年,35,0,35,玉山-高雄,2024-01-24,8843
1609,大亞,35,1,34,玉山-高雄,2024-01-24,8843
00715L,期街口布蘭特正2,38,5,33,玉山-高雄,2024-01-24,8843
2002,中鋼,40,12,28,玉山-高雄,2024-01-24,8843
00902,中信電池及儲能,26,0,26,玉山-高雄,2024-01-24,8843
8054,安國,48,24,24,玉山-高雄,2024-01-24,8843
020034,元大IC設計N,23,0,23,玉山-高雄,2024-01-24,8843
1513,中興電,24,1,23,玉山-高雄,2024-01-24,8843
3406,玉晶光,25,3,22,玉山-高雄,2024-01-24,8843
00632R,元大台灣50反1,32,10,22,玉山-高雄,2024-01-24,8843
00706L,期元大S＆P日圓正2,21,0,21,玉山-高雄,2024-01-24,8843
4938,和碩,38,18,20,玉山-高雄,2024-01-24,8843
2201,裕隆,21,1,20,玉山-高雄,2024-01-24,8843
2362,藍天,24,4,20,玉山-高雄,2024-01-24,8843
3437,榮創,22,2,20,玉山-高雄,2024-01-24,8843
1101,台泥,18,0,18,玉山-高雄,2024-01-24,8843
2401,凌陽,18,0,18,玉山-高雄,2024-01-24,8843
2374,佳能,20,3,17,玉山-高雄,2024-01-24,8843
2886,兆豐金,18,2,16,玉山-高雄,2024-01-24,8843
6117,迎廣,17,1,16,玉山-高雄,2024-01-24,8843
4119,旭富,16,0,16,玉山-高雄,2024-01-24,8843
00688L,國泰20年美債正2,15,0,15,玉山-高雄,2024-01-24,8843
00751B,元大AAA至A公司債,15,0,15,玉山-高雄,2024-01-24,8843
5533,皇鼎,15,0,15,玉山-高雄,2024-01-24,8843
5011,久陽,15,0,15,玉山-高雄,2024-01-24,8843
3545,敦泰,29,15,14,玉山-高雄,2024-01-24,8843
3037,欣興,47,33,14,玉山-高雄,2024-01-24,8843
4979,華星光,19,6,13,玉山-高雄,2024-01-24,8843
2344,華邦電,42,29,13,玉山-高雄,2024-01-24,8843
00752,中信中國50,306,1,305,玉山-高雄,2024-01-25,8843
00687B,國泰20年美債,191,25,166,玉山-高雄,2024-01-25,8843
00720B,元大投資級公司債,146,0,146,玉山-高雄,2024-01-25,8843
00882,中信中國高股息,283,168,115,玉山-高雄,2024-01-25,8843
00680L,元大美債20正2,156,45,111,玉山-高雄,2024-01-25,8843
2618,長榮航,127,17,110,玉山-高雄,2024-01-25,8843
2609,陽明,151,41,110,玉山-高雄,2024-01-25,8843
00929,復華台灣科技優息,177,67,110,玉山-高雄,2024-01-25,8843
2014,中鴻,105,0,105,玉山-高雄,2024-01-25,8843
1519,華城,114,13,101,玉山-高雄,2024-01-25,8843
00937B,群益ESG投等債20,88,1,87,玉山-高雄,2024-01-25,8843
00679B,元大美債20年,79,3,76,玉山-高雄,2024-01-25,8843
6113,亞矽,71,14,57,玉山-高雄,2024-01-25,8843
2906,高林,58,1,57,玉山-高雄,2024-01-25,8843
00637L,元大滬深300正2,298,249,49,玉山-高雄,2024-01-25,8843
6405,悅城,43,0,43,玉山-高雄,2024-01-25,8843
00632R,元大台灣50反1,89,46,43,玉山-高雄,2024-01-25,8843
8096,擎亞,175,138,37,玉山-高雄,2024-01-25,8843
3149,正達,44,7,37,玉山-高雄,2024-01-25,8843
5478,智冠,38,7,31,玉山-高雄,2024-01-25,8843
00671R,富邦NASDAQ反1,31,0,31,玉山-高雄,2024-01-25,8843
2365,昆盈,62,32,30,玉山-高雄,2024-01-25,8843
2409,友達,77,47,30,玉山-高雄,2024-01-25,8843
6789,采鈺,31,2,29,玉山-高雄,2024-01-25,8843
2504,國產,30,1,29,玉山-高雄,2024-01-25,8843
4909,新復興,74,47,27,玉山-高雄,2024-01-25,8843
1609,大亞,26,1,25,玉山-高雄,2024-01-25,8843
3443,創意,40,16,24,玉山-高雄,2024-01-25,8843
2331,精英,31,8,23,玉山-高雄,2024-01-25,8843
2488,漢平,23,0,23,玉山-高雄,2024-01-25,8843
6547,高端疫苗,23,0,23,玉山-高雄,2024-01-25,8843
00713,元大台灣高息低波,21,0,21,玉山-高雄,2024-01-25,8843
2329,華泰,60,40,20,玉山-高雄,2024-01-25,8843
1536,和大,20,0,20,玉山-高雄,2024-01-25,8843
1527,鑽全,20,0,20,玉山-高雄,2024-01-25,8843
1503,士電,23,5,18,玉山-高雄,2024-01-25,8843
1605,華新,24,7,17,玉山-高雄,2024-01-25,8843
3211,順達,17,0,17,玉山-高雄,2024-01-25,8843
00931B,統一美債20年,17,0,17,玉山-高雄,2024-01-25,8843
00751B,元大AAA至A公司債,16,0,16,玉山-高雄,2024-01-25,8843
6233,旺玖,19,4,15,玉山-高雄,2024-01-25,8843
3056,富華新,17,2,15,玉山-高雄,2024-01-25,8843
2332,友訊,20,5,15,玉山-高雄,2024-01-25,8843
3027,盛達,13,0,13,玉山-高雄,2024-01-25,8843
00701,國泰股利精選30,14,2,12,玉山-高雄,2024-01-25,8843
6108,競國,15,3,12,玉山-高雄,2024-01-25,8843
6246,臺龍,12,0,12,玉山-高雄,2024-01-25,8843
3339,泰谷,14,2,12,玉山-高雄,2024-01-25,8843
1319,東陽,67,55,12,玉山-高雄,2024-01-25,8843
2887,台新金,12,0,12,玉山-高雄,2024-01-25,8843
2303,聯電,545,68,477,玉山-高雄,2024-01-26,8843
00720B,元大投資級公司債,285,0,285,玉山-高雄,2024-01-26,8843
00753L,中信中國50正2,270,10,260,玉山-高雄,2024-01-26,8843
00937B,群益ESG投等債20,265,52,213,玉山-高雄,2024-01-26,8843
00919,群益台灣精選高息,191,4,187,玉山-高雄,2024-01-26,8843
00929,復華台灣科技優息,191,29,162,玉山-高雄,2024-01-26,8843
2618,長榮航,189,44,145,玉山-高雄,2024-01-26,8843
00665L,富邦�琤肭磪囓�2,214,102,112,玉山-高雄,2024-01-26,8843
00878,國泰永續高股息,178,73,105,玉山-高雄,2024-01-26,8843
1409,新纖,100,0,100,玉山-高雄,2024-01-26,8843
00641R,富邦日本反1,100,0,100,玉山-高雄,2024-01-26,8843
9105,泰金寶-DR,140,59,81,玉山-高雄,2024-01-26,8843
00933B,國泰10Y+金融債,91,17,74,玉山-高雄,2024-01-26,8843
3294,英濟,70,0,70,玉山-高雄,2024-01-26,8843
00637L,元大滬深300正2,136,74,62,玉山-高雄,2024-01-26,8843
00680L,元大美債20正2,64,3,61,玉山-高雄,2024-01-26,8843
00633L,富邦上証正2,70,10,60,玉山-高雄,2024-01-26,8843
6265,方土昶,63,7,56,玉山-高雄,2024-01-26,8843
00679B,元大美債20年,57,6,51,玉山-高雄,2024-01-26,8843
6113,亞矽,53,5,48,玉山-高雄,2024-01-26,8843
4129,聯合,47,0,47,玉山-高雄,2024-01-26,8843
00918,大華優利高填息30,48,2,46,玉山-高雄,2024-01-26,8843
00632R,元大台灣50反1,49,5,44,玉山-高雄,2024-01-26,8843
00673R,期元大S＆P原油反1,44,0,44,玉山-高雄,2024-01-26,8843
2609,陽明,164,121,43,玉山-高雄,2024-01-26,8843
9919,康那香,39,1,38,玉山-高雄,2024-01-26,8843
2324,仁寶,134,97,37,玉山-高雄,2024-01-26,8843
00687B,國泰20年美債,34,1,33,玉山-高雄,2024-01-26,8843
3535,晶彩科,35,2,33,玉山-高雄,2024-01-26,8843
6239,力成,32,1,31,玉山-高雄,2024-01-26,8843
3694,海華,73,43,30,玉山-高雄,2024-01-26,8843
00927,群益半導體收益,30,0,30,玉山-高雄,2024-01-26,8843
00923,群益台ESG低碳50,26,4,22,玉山-高雄,2024-01-26,8843
3623,富晶通,51,29,22,玉山-高雄,2024-01-26,8843
5521,工信,21,0,21,玉山-高雄,2024-01-26,8843
2365,昆盈,119,99,20,玉山-高雄,2024-01-26,8843
8096,擎亞,37,17,20,玉山-高雄,2024-01-26,8843
2486,一詮,22,5,17,玉山-高雄,2024-01-26,8843
2020,美亞,19,2,17,玉山-高雄,2024-01-26,8843
0056,元大高股息,34,18,16,玉山-高雄,2024-01-26,8843
3360,尚立,39,23,16,玉山-高雄,2024-01-26,8843
6116,彩晶,21,5,16,玉山-高雄,2024-01-26,8843
2344,華邦電,41,25,16,玉山-高雄,2024-01-26,8843
1603,華電,16,0,16,玉山-高雄,2024-01-26,8843
3066,李洲,26,11,15,玉山-高雄,2024-01-26,8843
2382,廣達,45,30,15,玉山-高雄,2024-01-26,8843
1316,上曜,15,1,14,玉山-高雄,2024-01-26,8843
3037,欣興,39,25,14,玉山-高雄,2024-01-26,8843
3005,神基,20,7,13,玉山-高雄,2024-01-26,8843
1717,長興,13,0,13,玉山-高雄,2024-01-26,8843
3481,群創,582,259,323,玉山-高雄,2024-01-29,8843
00937B,群益ESG投等債20,387,67,320,玉山-高雄,2024-01-29,8843
00632R,元大台灣50反1,175,20,155,玉山-高雄,2024-01-29,8843
00687B,國泰20年美債,130,10,120,玉山-高雄,2024-01-29,8843
00665L,富邦�琤肭磪囓�2,136,30,106,玉山-高雄,2024-01-29,8843
2610,華航,135,54,81,玉山-高雄,2024-01-29,8843
00679B,元大美債20年,69,1,68,玉山-高雄,2024-01-29,8843
2867,三商壽,68,1,67,玉山-高雄,2024-01-29,8843
2337,旺宏,68,1,67,玉山-高雄,2024-01-29,8843
00753L,中信中國50正2,255,190,65,玉山-高雄,2024-01-29,8843
00712,復華富時不動產,71,7,64,玉山-高雄,2024-01-29,8843
00773B,中信優先金融債,60,0,60,玉山-高雄,2024-01-29,8843
2303,聯電,75,17,58,玉山-高雄,2024-01-29,8843
00902,中信電池及儲能,55,0,55,玉山-高雄,2024-01-29,8843
6282,康舒,80,28,52,玉山-高雄,2024-01-29,8843
1101,台泥,52,0,52,玉山-高雄,2024-01-29,8843
00919,群益台灣精選高息,80,28,52,玉山-高雄,2024-01-29,8843
00887,永豐中國科技50大,53,5,48,玉山-高雄,2024-01-29,8843
6235,華孚,91,46,45,玉山-高雄,2024-01-29,8843
2884,玉山金,62,21,41,玉山-高雄,2024-01-29,8843
1305,華夏,39,0,39,玉山-高雄,2024-01-29,8843
00673R,期元大S＆P原油反1,36,0,36,玉山-高雄,2024-01-29,8843
00706L,期元大S＆P日圓正2,36,0,36,玉山-高雄,2024-01-29,8843
00715L,期街口布蘭特正2,100,65,35,玉山-高雄,2024-01-29,8843
3056,富華新,33,0,33,玉山-高雄,2024-01-29,8843
00688L,國泰20年美債正2,32,0,32,玉山-高雄,2024-01-29,8843
00933B,國泰10Y+金融債,30,0,30,玉山-高雄,2024-01-29,8843
6116,彩晶,50,22,28,玉山-高雄,2024-01-29,8843
00931B,統一美債20年,28,0,28,玉山-高雄,2024-01-29,8843
4956,光鋐,28,2,26,玉山-高雄,2024-01-29,8843
8011,台通,29,3,26,玉山-高雄,2024-01-29,8843
3715,定穎投控,79,53,26,玉山-高雄,2024-01-29,8843
2609,陽明,48,25,23,玉山-高雄,2024-01-29,8843
6229,研通,31,9,22,玉山-高雄,2024-01-29,8843
6768,志強-KY,20,0,20,玉山-高雄,2024-01-29,8843
1717,長興,20,0,20,玉山-高雄,2024-01-29,8843
00680L,元大美債20正2,22,3,19,玉山-高雄,2024-01-29,8843
1301,台塑,20,2,18,玉山-高雄,2024-01-29,8843
00918,大華優利高填息30,36,18,18,玉山-高雄,2024-01-29,8843
2812,台中銀,17,0,17,玉山-高雄,2024-01-29,8843
6139,亞翔,16,0,16,玉山-高雄,2024-01-29,8843
3025,星通,17,1,16,玉山-高雄,2024-01-29,8843
00720B,元大投資級公司債,14,0,14,玉山-高雄,2024-01-29,8843
3231,緯創,108,95,13,玉山-高雄,2024-01-29,8843
3535,晶彩科,40,27,13,玉山-高雄,2024-01-29,8843
3360,尚立,59,46,13,玉山-高雄,2024-01-29,8843
2365,昆盈,14,2,12,玉山-高雄,2024-01-29,8843
2103,台橡,12,0,12,玉山-高雄,2024-01-29,8843
00701,國泰股利精選30,12,0,12,玉山-高雄,2024-01-29,8843
00650L,復華香港正2,49,37,12,玉山-高雄,2024-01-29,8843
00688L,國泰20年美債正2,429,38,391,玉山-高雄,2024-01-30,8843
2356,英業達,516,132,384,玉山-高雄,2024-01-30,8843
00637L,元大滬深300正2,467,179,288,玉山-高雄,2024-01-30,8843
00687B,國泰20年美債,247,8,239,玉山-高雄,2024-01-30,8843
2610,華航,175,39,136,玉山-高雄,2024-01-30,8843
00882,中信中國高股息,156,24,132,玉山-高雄,2024-01-30,8843
00937B,群益ESG投等債20,177,69,108,玉山-高雄,2024-01-30,8843
00929,復華台灣科技優息,185,80,105,玉山-高雄,2024-01-30,8843
00655L,國泰中國A50正2,90,2,88,玉山-高雄,2024-01-30,8843
00633L,富邦上証正2,118,30,88,玉山-高雄,2024-01-30,8843
00680L,元大美債20正2,77,11,66,玉山-高雄,2024-01-30,8843
2884,玉山金,94,33,61,玉山-高雄,2024-01-30,8843
6770,力積電,60,1,59,玉山-高雄,2024-01-30,8843
2609,陽明,52,3,49,玉山-高雄,2024-01-30,8843
2618,長榮航,156,109,47,玉山-高雄,2024-01-30,8843
2337,旺宏,72,25,47,玉山-高雄,2024-01-30,8843
2892,第一金,44,0,44,玉山-高雄,2024-01-30,8843
0050,元大台灣50,51,8,43,玉山-高雄,2024-01-30,8843
2002,中鋼,49,6,43,玉山-高雄,2024-01-30,8843
00715L,期街口布蘭特正2,48,14,34,玉山-高雄,2024-01-30,8843
5871,中租-KY,33,1,32,玉山-高雄,2024-01-30,8843
4532,瑞智,30,0,30,玉山-高雄,2024-01-30,8843
00650L,復華香港正2,39,11,28,玉山-高雄,2024-01-30,8843
00712,復華富時不動產,44,17,27,玉山-高雄,2024-01-30,8843
2882,國泰金,27,2,25,玉山-高雄,2024-01-30,8843
2421,建準,70,46,24,玉山-高雄,2024-01-30,8843
5880,合庫金,23,0,23,玉山-高雄,2024-01-30,8843
1611,中電,22,0,22,玉山-高雄,2024-01-30,8843
2412,中華電,21,0,21,玉山-高雄,2024-01-30,8843
2514,龍邦,20,0,20,玉山-高雄,2024-01-30,8843
2312,金寶,20,1,19,玉山-高雄,2024-01-30,8843
2363,矽統,24,5,19,玉山-高雄,2024-01-30,8843
3062,建漢,20,1,19,玉山-高雄,2024-01-30,8843
8040,九暘,83,64,19,玉山-高雄,2024-01-30,8843
1326,台化,19,0,19,玉山-高雄,2024-01-30,8843
3545,敦泰,24,6,18,玉山-高雄,2024-01-30,8843
2883,凱基金,35,17,18,玉山-高雄,2024-01-30,8843
6120,達運,19,1,18,玉山-高雄,2024-01-30,8843
2886,兆豐金,18,0,18,玉山-高雄,2024-01-30,8843
1795,美時,21,3,18,玉山-高雄,2024-01-30,8843
2436,偉詮電,18,1,17,玉山-高雄,2024-01-30,8843
4162,智擎,21,4,17,玉山-高雄,2024-01-30,8843
5443,均豪,25,8,17,玉山-高雄,2024-01-30,8843
3221,台嘉碩,16,0,16,玉山-高雄,2024-01-30,8843
8054,安國,47,31,16,玉山-高雄,2024-01-30,8843
00664R,國泰臺灣加權反1,15,0,15,玉山-高雄,2024-01-30,8843
3520,華盈,15,0,15,玉山-高雄,2024-01-30,8843
4908,前鼎,105,91,14,玉山-高雄,2024-01-30,8843
6505,台塑化,30,17,13,玉山-高雄,2024-01-30,8843
6170,統振,13,0,13,玉山-高雄,2024-01-30,8843
00753L,中信中國50正2,518,156,362,玉山-高雄,2024-01-31,8843
6116,彩晶,240,21,219,玉山-高雄,2024-01-31,8843
00937B,群益ESG投等債20,313,110,203,玉山-高雄,2024-01-31,8843
00665L,富邦�琤肭磪囓�2,163,4,159,玉山-高雄,2024-01-31,8843
2634,漢翔,143,13,130,玉山-高雄,2024-01-31,8843
2356,英業達,184,56,128,玉山-高雄,2024-01-31,8843
00882,中信中國高股息,125,1,124,玉山-高雄,2024-01-31,8843
00752,中信中國50,165,60,105,玉山-高雄,2024-01-31,8843
2618,長榮航,123,21,102,玉山-高雄,2024-01-31,8843
2344,華邦電,91,1,90,玉山-高雄,2024-01-31,8843
00637L,元大滬深300正2,231,144,87,玉山-高雄,2024-01-31,8843
00679B,元大美債20年,82,6,76,玉山-高雄,2024-01-31,8843
2834,臺企銀,60,0,60,玉山-高雄,2024-01-31,8843
9919,康那香,87,27,60,玉山-高雄,2024-01-31,8843
00885,富邦越南,61,2,59,玉山-高雄,2024-01-31,8843
00655L,國泰中國A50正2,64,8,56,玉山-高雄,2024-01-31,8843
00929,復華台灣科技優息,121,67,54,玉山-高雄,2024-01-31,8843
2303,聯電,63,13,50,玉山-高雄,2024-01-31,8843
2023,燁輝,50,0,50,玉山-高雄,2024-01-31,8843
00688L,國泰20年美債正2,51,1,50,玉山-高雄,2024-01-31,8843
3231,緯創,101,51,50,玉山-高雄,2024-01-31,8843
00680L,元大美債20正2,129,84,45,玉山-高雄,2024-01-31,8843
2603,長榮,46,4,42,玉山-高雄,2024-01-31,8843
00712,復華富時不動產,42,3,39,玉山-高雄,2024-01-31,8843
3481,群創,111,74,37,玉山-高雄,2024-01-31,8843
2888,新光金,37,0,37,玉山-高雄,2024-01-31,8843
2330,台積電,41,5,36,玉山-高雄,2024-01-31,8843
5521,工信,37,2,35,玉山-高雄,2024-01-31,8843
3149,正達,32,0,32,玉山-高雄,2024-01-31,8843
6243,迅杰,42,10,32,玉山-高雄,2024-01-31,8843
00687B,國泰20年美債,116,84,32,玉山-高雄,2024-01-31,8843
2867,三商壽,34,3,31,玉山-高雄,2024-01-31,8843
4402,郡都開發,30,0,30,玉山-高雄,2024-01-31,8843
2382,廣達,40,11,29,玉山-高雄,2024-01-31,8843
00923,群益台ESG低碳50,27,0,27,玉山-高雄,2024-01-31,8843
3706,神達,43,16,27,玉山-高雄,2024-01-31,8843
5426,振發,29,2,27,玉山-高雄,2024-01-31,8843
3715,定穎投控,45,19,26,玉山-高雄,2024-01-31,8843
6465,威潤,29,3,26,玉山-高雄,2024-01-31,8843
1101,台泥,33,8,25,玉山-高雄,2024-01-31,8843
00918,大華優利高填息30,24,0,24,玉山-高雄,2024-01-31,8843
3545,敦泰,50,26,24,玉山-高雄,2024-01-31,8843
1722,台肥,24,1,23,玉山-高雄,2024-01-31,8843
2308,台達電,23,0,23,玉山-高雄,2024-01-31,8843
00927,群益半導體收益,23,0,23,玉山-高雄,2024-01-31,8843
3041,揚智,30,8,22,玉山-高雄,2024-01-31,8843
00933B,國泰10Y+金融債,22,0,22,玉山-高雄,2024-01-31,8843
00881,國泰台灣5G+,22,1,21,玉山-高雄,2024-01-31,8843
8927,北基,20,0,20,玉山-高雄,2024-01-31,8843
6187,萬潤,20,1,19,玉山-高雄,2024-01-31,8843
00937B,群益ESG投等債20,769,30,739,玉山-高雄,2024-02-01,8843
2634,漢翔,188,0,188,玉山-高雄,2024-02-01,8843
00665L,富邦�琤肭磪囓�2,171,20,151,玉山-高雄,2024-02-01,8843
00929,復華台灣科技優息,184,47,137,玉山-高雄,2024-02-01,8843
2812,台中銀,168,40,128,玉山-高雄,2024-02-01,8843
6116,彩晶,128,0,128,玉山-高雄,2024-02-01,8843
6233,旺玖,132,18,114,玉山-高雄,2024-02-01,8843
00878,國泰永續高股息,165,63,102,玉山-高雄,2024-02-01,8843
2329,華泰,135,37,98,玉山-高雄,2024-02-01,8843
2454,聯發科,103,6,97,玉山-高雄,2024-02-01,8843
00712,復華富時不動產,142,44,98,玉山-高雄,2024-02-01,8843
2303,聯電,106,22,84,玉山-高雄,2024-02-01,8843
2465,麗臺,89,18,71,玉山-高雄,2024-02-01,8843
3481,群創,181,119,62,玉山-高雄,2024-02-01,8843
00687B,國泰20年美債,79,19,60,玉山-高雄,2024-02-01,8843
2514,龍邦,54,0,54,玉山-高雄,2024-02-01,8843
1337,再生-KY,50,0,50,玉山-高雄,2024-02-01,8843
00715L,期街口布蘭特正2,37,0,37,玉山-高雄,2024-02-01,8843
00933B,國泰10Y+金融債,46,9,37,玉山-高雄,2024-02-01,8843
00927,群益半導體收益,37,1,36,玉山-高雄,2024-02-01,8843
00919,群益台灣精選高息,50,19,31,玉山-高雄,2024-02-01,8843
2409,友達,78,50,28,玉山-高雄,2024-02-01,8843
8096,擎亞,61,34,27,玉山-高雄,2024-02-01,8843
8936,國統,101,75,26,玉山-高雄,2024-02-01,8843
8011,台通,24,0,24,玉山-高雄,2024-02-01,8843
1316,上曜,23,0,23,玉山-高雄,2024-02-01,8843
6155,鈞寶,23,0,23,玉山-高雄,2024-02-01,8843
3312,弘憶股,25,2,23,玉山-高雄,2024-02-01,8843
2382,廣達,37,17,20,玉山-高雄,2024-02-01,8843
00882,中信中國高股息,25,6,19,玉山-高雄,2024-02-01,8843
3711,日月光投控,20,4,16,玉山-高雄,2024-02-01,8843
020034,元大IC設計N,16,0,16,玉山-高雄,2024-02-01,8843
6207,雷科,18,2,16,玉山-高雄,2024-02-01,8843
2481,強茂,19,3,16,玉山-高雄,2024-02-01,8843
6139,亞翔,15,0,15,玉山-高雄,2024-02-01,8843
2332,友訊,16,1,15,玉山-高雄,2024-02-01,8843
3231,緯創,59,44,15,玉山-高雄,2024-02-01,8843
006208,富邦台50,15,0,15,玉山-高雄,2024-02-01,8843
00900,富邦特選高股息30,14,0,14,玉山-高雄,2024-02-01,8843
4174,浩鼎,17,3,14,玉山-高雄,2024-02-01,8843
3360,尚立,18,5,13,玉山-高雄,2024-02-01,8843
4306,炎洲,13,0,13,玉山-高雄,2024-02-01,8843
00772B,中信高評級公司債,13,0,13,玉山-高雄,2024-02-01,8843
00635U,期元大S＆P黃金,12,0,12,玉山-高雄,2024-02-01,8843
8069,元太,15,3,12,玉山-高雄,2024-02-01,8843
00680L,元大美債20正2,78,67,11,玉山-高雄,2024-02-01,8843
2330,台積電,17,5,12,玉山-高雄,2024-02-01,8843
00642U,期元大S＆P石油,16,5,11,玉山-高雄,2024-02-01,8843
6465,威潤,11,0,11,玉山-高雄,2024-02-01,8843
2423,固緯,11,0,11,玉山-高雄,2024-02-01,8843
00937B,群益ESG投等債20,483,127,356,玉山-高雄,2024-02-02,8843
2303,聯電,275,15,260,玉山-高雄,2024-02-02,8843
00715L,期街口布蘭特正2,209,11,198,玉山-高雄,2024-02-02,8843
00929,復華台灣科技優息,191,63,128,玉山-高雄,2024-02-02,8843
2603,長榮,130,9,121,玉山-高雄,2024-02-02,8843
2329,華泰,197,95,102,玉山-高雄,2024-02-02,8843
00919,群益台灣精選高息,132,32,100,玉山-高雄,2024-02-02,8843
3615,安可,102,15,87,玉山-高雄,2024-02-02,8843
8936,國統,75,7,68,玉山-高雄,2024-02-02,8843
00687B,國泰20年美債,74,6,68,玉山-高雄,2024-02-02,8843
00633L,富邦上証正2,68,4,64,玉山-高雄,2024-02-02,8843
00882,中信中國高股息,65,1,64,玉山-高雄,2024-02-02,8843
00712,復華富時不動產,70,8,62,玉山-高雄,2024-02-02,8843
5905,南仁湖,60,0,60,玉山-高雄,2024-02-02,8843
1815,富喬,60,0,60,玉山-高雄,2024-02-02,8843
3376,新日興,65,14,51,玉山-高雄,2024-02-02,8843
00933B,國泰10Y+金融債,77,26,51,玉山-高雄,2024-02-02,8843
2887,台新金,43,1,42,玉山-高雄,2024-02-02,8843
00904,新光臺灣半導體30,43,1,42,玉山-高雄,2024-02-02,8843
00655L,國泰中國A50正2,48,7,41,玉山-高雄,2024-02-02,8843
00936,台新永續高息中小,39,0,39,玉山-高雄,2024-02-02,8843
1514,亞力,46,8,38,玉山-高雄,2024-02-02,8843
2855,統一證,37,0,37,玉山-高雄,2024-02-02,8843
4909,新復興,55,19,36,玉山-高雄,2024-02-02,8843
2363,矽統,61,28,33,玉山-高雄,2024-02-02,8843
00637L,元大滬深300正2,191,163,28,玉山-高雄,2024-02-02,8843
8111,立��,44,16,28,玉山-高雄,2024-02-02,8843
00753L,中信中國50正2,33,6,27,玉山-高雄,2024-02-02,8843
2812,台中銀,42,15,27,玉山-高雄,2024-02-02,8843
00900,富邦特選高股息30,28,2,26,玉山-高雄,2024-02-02,8843
1605,華新,26,1,25,玉山-高雄,2024-02-02,8843
2340,台亞,26,1,25,玉山-高雄,2024-02-02,8843
1909,榮成,25,0,25,玉山-高雄,2024-02-02,8843
6606,建德工業,25,0,25,玉山-高雄,2024-02-02,8843
4162,智擎,24,1,23,玉山-高雄,2024-02-02,8843
6770,力積電,36,13,23,玉山-高雄,2024-02-02,8843
6547,高端疫苗,31,8,23,玉山-高雄,2024-02-02,8843
2442,新美齊,25,2,23,玉山-高雄,2024-02-02,8843
3437,榮創,23,1,22,玉山-高雄,2024-02-02,8843
6257,矽格,36,15,21,玉山-高雄,2024-02-02,8843
2362,藍天,21,0,21,玉山-高雄,2024-02-02,8843
2312,金寶,20,0,20,玉山-高雄,2024-02-02,8843
1714,和桐,20,0,20,玉山-高雄,2024-02-02,8843
00725B,國泰投資級公司債,20,0,20,玉山-高雄,2024-02-02,8843
4402,郡都開發,20,0,20,玉山-高雄,2024-02-02,8843
1314,中石化,21,1,20,玉山-高雄,2024-02-02,8843
3711,日月光投控,19,0,19,玉山-高雄,2024-02-02,8843
6806,森崴能源,19,0,19,玉山-高雄,2024-02-02,8843
2884,玉山金,50,31,19,玉山-高雄,2024-02-02,8843
6233,旺玖,42,24,18,玉山-高雄,2024-02-02,8843
00753L,中信中國50正2,397,19,378,玉山-高雄,2024-02-05,8843
00929,復華台灣科技優息,314,57,257,玉山-高雄,2024-02-05,8843
00706L,期元大S＆P日圓正2,240,0,240,玉山-高雄,2024-02-05,8843
2884,玉山金,226,25,201,玉山-高雄,2024-02-05,8843
00882,中信中國高股息,167,0,167,玉山-高雄,2024-02-05,8843
00715L,期街口布蘭特正2,164,16,148,玉山-高雄,2024-02-05,8843
00919,群益台灣精選高息,205,85,120,玉山-高雄,2024-02-05,8843
00679B,元大美債20年,131,12,119,玉山-高雄,2024-02-05,8843
00712,復華富時不動產,131,22,109,玉山-高雄,2024-02-05,8843
6584,南俊國際,103,2,101,玉山-高雄,2024-02-05,8843
2034,允強,100,0,100,玉山-高雄,2024-02-05,8843
2369,菱生,88,10,78,玉山-高雄,2024-02-05,8843
2890,永豐金,76,5,71,玉山-高雄,2024-02-05,8843
2634,漢翔,69,0,69,玉山-高雄,2024-02-05,8843
1517,利奇,68,0,68,玉山-高雄,2024-02-05,8843
2618,長榮航,193,133,60,玉山-高雄,2024-02-05,8843
2208,台船,64,8,56,玉山-高雄,2024-02-05,8843
3615,安可,107,51,56,玉山-高雄,2024-02-05,8843
2002,中鋼,61,6,55,玉山-高雄,2024-02-05,8843
00795B,中信美國公債20年,50,0,50,玉山-高雄,2024-02-05,8843
5351,鈺創,59,15,44,玉山-高雄,2024-02-05,8843
2609,陽明,64,20,44,玉山-高雄,2024-02-05,8843
3443,創意,47,5,42,玉山-高雄,2024-02-05,8843
5905,南仁湖,50,10,40,玉山-高雄,2024-02-05,8843
1609,大亞,38,0,38,玉山-高雄,2024-02-05,8843
00773B,中信優先金融債,38,0,38,玉山-高雄,2024-02-05,8843
00665L,富邦�琤肭磪囓�2,45,10,35,玉山-高雄,2024-02-05,8843
2887,台新金,43,9,34,玉山-高雄,2024-02-05,8843
3530,晶相光,57,26,31,玉山-高雄,2024-02-05,8843
3056,富華新,53,23,30,玉山-高雄,2024-02-05,8843
00764B,群益25年美債,30,0,30,玉山-高雄,2024-02-05,8843
1907,永豐餘,30,0,30,玉山-高雄,2024-02-05,8843
2301,光寶科,36,8,28,玉山-高雄,2024-02-05,8843
020034,元大IC設計N,27,0,27,玉山-高雄,2024-02-05,8843
6462,神盾,38,13,25,玉山-高雄,2024-02-05,8843
2406,國碩,25,0,25,玉山-高雄,2024-02-05,8843
1815,富喬,47,22,25,玉山-高雄,2024-02-05,8843
0056,元大高股息,36,12,24,玉山-高雄,2024-02-05,8843
2883,凱基金,32,8,24,玉山-高雄,2024-02-05,8843
3437,榮創,24,0,24,玉山-高雄,2024-02-05,8843
8096,擎亞,48,24,24,玉山-高雄,2024-02-05,8843
2363,矽統,44,23,21,玉山-高雄,2024-02-05,8843
2357,華碩,22,2,20,玉山-高雄,2024-02-05,8843
8064,東捷,22,2,20,玉山-高雄,2024-02-05,8843
1785,光洋科,20,0,20,玉山-高雄,2024-02-05,8843
2365,昆盈,90,71,19,玉山-高雄,2024-02-05,8843
6806,森崴能源,18,0,18,玉山-高雄,2024-02-05,8843
00701,國泰股利精選30,17,0,17,玉山-高雄,2024-02-05,8843
4960,誠美材,21,4,17,玉山-高雄,2024-02-05,8843
2329,華泰,62,45,17,玉山-高雄,2024-02-05,8843
00937B,群益ESG投等債20,650,146,504,玉山-高雄,2024-02-15,8843
00632R,元大台灣50反1,442,20,422,玉山-高雄,2024-02-15,8843
00706L,期元大S＆P日圓正2,489,140,349,玉山-高雄,2024-02-15,8843
00795B,中信美國公債20年,308,0,308,玉山-高雄,2024-02-15,8843
00679B,元大美債20年,242,4,238,玉山-高雄,2024-02-15,8843
00712,復華富時不動產,228,11,217,玉山-高雄,2024-02-15,8843
00688L,國泰20年美債正2,220,4,216,玉山-高雄,2024-02-15,8843
2618,長榮航,284,129,155,玉山-高雄,2024-02-15,8843
2002,中鋼,141,14,127,玉山-高雄,2024-02-15,8843
00680L,元大美債20正2,250,134,116,玉山-高雄,2024-02-15,8843
2344,華邦電,127,16,111,玉山-高雄,2024-02-15,8843
00720B,元大投資級公司債,108,4,104,玉山-高雄,2024-02-15,8843
9105,泰金寶-DR,130,35,95,玉山-高雄,2024-02-15,8843
5521,工信,81,0,81,玉山-高雄,2024-02-15,8843
00687B,國泰20年美債,336,258,78,玉山-高雄,2024-02-15,8843
2888,新光金,73,6,67,玉山-高雄,2024-02-15,8843
1101,台泥,73,7,66,玉山-高雄,2024-02-15,8843
3481,群創,156,96,60,玉山-高雄,2024-02-15,8843
6116,彩晶,64,5,59,玉山-高雄,2024-02-15,8843
2887,台新金,61,4,57,玉山-高雄,2024-02-15,8843
00751B,元大AAA至A公司債,55,0,55,玉山-高雄,2024-02-15,8843
00931B,統一美債20年,48,0,48,玉山-高雄,2024-02-15,8843
3607,谷崧,51,5,46,玉山-高雄,2024-02-15,8843
00918,大華優利高填息30,45,0,45,玉山-高雄,2024-02-15,8843
2609,陽明,96,54,42,玉山-高雄,2024-02-15,8843
00673R,期元大S＆P原油反1,40,0,40,玉山-高雄,2024-02-15,8843
2408,南亞科,40,5,35,玉山-高雄,2024-02-15,8843
3289,宜特,38,4,34,玉山-高雄,2024-02-15,8843
00929,復華台灣科技優息,186,155,31,玉山-高雄,2024-02-15,8843
3016,嘉晶,36,6,30,玉山-高雄,2024-02-15,8843
00690,兆豐藍籌30,32,3,29,玉山-高雄,2024-02-15,8843
2312,金寶,31,4,27,玉山-高雄,2024-02-15,8843
00933B,國泰10Y+金融債,119,92,27,玉山-高雄,2024-02-15,8843
4714,永捷,29,3,26,玉山-高雄,2024-02-15,8843
00772B,中信高評級公司債,25,0,25,玉山-高雄,2024-02-15,8843
2542,興富發,25,0,25,玉山-高雄,2024-02-15,8843
00650L,復華香港正2,38,13,25,玉山-高雄,2024-02-15,8843
5381,合正,36,13,23,玉山-高雄,2024-02-15,8843
8054,安國,66,44,22,玉山-高雄,2024-02-15,8843
3339,泰谷,22,0,22,玉山-高雄,2024-02-15,8843
3712,永崴投控,25,3,22,玉山-高雄,2024-02-15,8843
3548,兆利,31,10,21,玉山-高雄,2024-02-15,8843
2337,旺宏,21,0,21,玉山-高雄,2024-02-15,8843
8096,擎亞,40,19,21,玉山-高雄,2024-02-15,8843
3234,光環,22,2,20,玉山-高雄,2024-02-15,8843
6770,力積電,20,0,20,玉山-高雄,2024-02-15,8843
4414,如興,20,0,20,玉山-高雄,2024-02-15,8843
2308,台達電,23,4,19,玉山-高雄,2024-02-15,8843
1591,駿吉-KY,20,2,18,玉山-高雄,2024-02-15,8843
2313,華通,42,24,18,玉山-高雄,2024-02-15,8843
00937B,群益ESG投等債20,357,8,349,玉山-高雄,2024-02-16,8843
00680L,元大美債20正2,220,2,218,玉山-高雄,2024-02-16,8843
00933B,國泰10Y+金融債,210,4,206,玉山-高雄,2024-02-16,8843
2355,敬鵬,222,31,191,玉山-高雄,2024-02-16,8843
2408,南亞科,175,5,170,玉山-高雄,2024-02-16,8843
00687B,國泰20年美債,180,16,164,玉山-高雄,2024-02-16,8843
2888,新光金,152,6,146,玉山-高雄,2024-02-16,8843
3038,全台,130,17,113,玉山-高雄,2024-02-16,8843
6667,信紘科,115,5,110,玉山-高雄,2024-02-16,8843
00688L,國泰20年美債正2,105,0,105,玉山-高雄,2024-02-16,8843
00679B,元大美債20年,100,0,100,玉山-高雄,2024-02-16,8843
2382,廣達,145,47,98,玉山-高雄,2024-02-16,8843
2206,三陽工業,105,7,98,玉山-高雄,2024-02-16,8843
00673R,期元大S＆P原油反1,97,0,97,玉山-高雄,2024-02-16,8843
00795B,中信美國公債20年,97,2,95,玉山-高雄,2024-02-16,8843
911868,同方友友-DR,88,0,88,玉山-高雄,2024-02-16,8843
2609,陽明,92,6,86,玉山-高雄,2024-02-16,8843
3437,榮創,100,22,78,玉山-高雄,2024-02-16,8843
1101,台泥,78,1,77,玉山-高雄,2024-02-16,8843
00632R,元大台灣50反1,74,0,74,玉山-高雄,2024-02-16,8843
00878,國泰永續高股息,148,76,72,玉山-高雄,2024-02-16,8843
00931B,統一美債20年,68,0,68,玉山-高雄,2024-02-16,8843
2317,鴻海,59,1,58,玉山-高雄,2024-02-16,8843
2303,聯電,57,7,50,玉山-高雄,2024-02-16,8843
2845,遠東銀,56,10,46,玉山-高雄,2024-02-16,8843
00918,大華優利高填息30,47,2,45,玉山-高雄,2024-02-16,8843
00712,復華富時不動產,50,4,46,玉山-高雄,2024-02-16,8843
2002,中鋼,57,13,44,玉山-高雄,2024-02-16,8843
2852,第一保,43,0,43,玉山-高雄,2024-02-16,8843
2634,漢翔,43,0,43,玉山-高雄,2024-02-16,8843
00751B,元大AAA至A公司債,39,2,37,玉山-高雄,2024-02-16,8843
00720B,元大投資級公司債,40,7,33,玉山-高雄,2024-02-16,8843
1316,上曜,33,0,33,玉山-高雄,2024-02-16,8843
00900,富邦特選高股息30,61,29,32,玉山-高雄,2024-02-16,8843
2442,新美齊,37,6,31,玉山-高雄,2024-02-16,8843
2834,臺企銀,46,15,31,玉山-高雄,2024-02-16,8843
3188,鑫龍騰,30,0,30,玉山-高雄,2024-02-16,8843
00706L,期元大S＆P日圓正2,77,50,27,玉山-高雄,2024-02-16,8843
2344,華邦電,36,10,26,玉山-高雄,2024-02-16,8843
4303,信立,24,0,24,玉山-高雄,2024-02-16,8843
8147,正淩,24,1,23,玉山-高雄,2024-02-16,8843
2025,千興,23,0,23,玉山-高雄,2024-02-16,8843
8996,高力,35,13,22,玉山-高雄,2024-02-16,8843
8926,台汽電,29,8,21,玉山-高雄,2024-02-16,8843
8040,九暘,21,1,20,玉山-高雄,2024-02-16,8843
3349,寶德,20,0,20,玉山-高雄,2024-02-16,8843
3481,群創,53,34,19,玉山-高雄,2024-02-16,8843
8064,東捷,25,6,19,玉山-高雄,2024-02-16,8843
5272,笙科,24,5,19,玉山-高雄,2024-02-16,8843
4904,遠傳,19,0,19,玉山-高雄,2024-02-16,8843
00937B,群益ESG投等債20,287,5,282,玉山-高雄,2024-02-19,8843
00687B,國泰20年美債,266,12,254,玉山-高雄,2024-02-19,8843
00919,群益台灣精選高息,292,43,249,玉山-高雄,2024-02-19,8843
00878,國泰永續高股息,250,24,226,玉山-高雄,2024-02-19,8843
00885,富邦越南,202,4,198,玉山-高雄,2024-02-19,8843
4167,松瑞藥,202,5,197,玉山-高雄,2024-02-19,8843
00933B,國泰10Y+金融債,206,15,191,玉山-高雄,2024-02-19,8843
00753L,中信中國50正2,336,150,186,玉山-高雄,2024-02-19,8843
2329,華泰,364,182,182,玉山-高雄,2024-02-19,8843
2867,三商壽,165,22,143,玉山-高雄,2024-02-19,8843
00929,復華台灣科技優息,269,134,135,玉山-高雄,2024-02-19,8843
00665L,富邦�琤肭磪囓�2,145,28,117,玉山-高雄,2024-02-19,8843
2353,宏��,222,116,106,玉山-高雄,2024-02-19,8843
00679B,元大美債20年,98,0,98,玉山-高雄,2024-02-19,8843
2369,菱生,167,71,96,玉山-高雄,2024-02-19,8843
3041,揚智,137,44,93,玉山-高雄,2024-02-19,8843
9105,泰金寶-DR,96,31,65,玉山-高雄,2024-02-19,8843
00751B,元大AAA至A公司債,63,0,63,玉山-高雄,2024-02-19,8843
6202,盛群,63,0,63,玉山-高雄,2024-02-19,8843
2887,台新金,72,14,58,玉山-高雄,2024-02-19,8843
2382,廣達,83,28,55,玉山-高雄,2024-02-19,8843
3607,谷崧,54,1,53,玉山-高雄,2024-02-19,8843
00752,中信中國50,50,2,48,玉山-高雄,2024-02-19,8843
3707,漢磊,50,4,46,玉山-高雄,2024-02-19,8843
2355,敬鵬,77,34,43,玉山-高雄,2024-02-19,8843
5426,振發,88,46,42,玉山-高雄,2024-02-19,8843
00918,大華優利高填息30,41,0,41,玉山-高雄,2024-02-19,8843
6456,GIS-KY,40,0,40,玉山-高雄,2024-02-19,8843
5905,南仁湖,50,10,40,玉山-高雄,2024-02-19,8843
5011,久陽,38,0,38,玉山-高雄,2024-02-19,8843
8070,長華*,42,5,37,玉山-高雄,2024-02-19,8843
1806,冠軍,96,60,36,玉山-高雄,2024-02-19,8843
1314,中石化,47,12,35,玉山-高雄,2024-02-19,8843
4513,福裕,35,0,35,玉山-高雄,2024-02-19,8843
3706,神達,38,5,33,玉山-高雄,2024-02-19,8843
00673R,期元大S＆P原油反1,33,0,33,玉山-高雄,2024-02-19,8843
00931B,統一美債20年,32,0,32,玉山-高雄,2024-02-19,8843
6271,同欣電,32,0,32,玉山-高雄,2024-02-19,8843
2303,聯電,39,9,30,玉山-高雄,2024-02-19,8843
3665,貿聯-KY,31,1,30,玉山-高雄,2024-02-19,8843
2883,凱基金,94,67,27,玉山-高雄,2024-02-19,8843
1103,嘉泥,26,0,26,玉山-高雄,2024-02-19,8843
6233,旺玖,35,10,25,玉山-高雄,2024-02-19,8843
00712,復華富時不動產,30,5,25,玉山-高雄,2024-02-19,8843
5443,均豪,80,57,23,玉山-高雄,2024-02-19,8843
1591,駿吉-KY,23,0,23,玉山-高雄,2024-02-19,8843
2442,新美齊,29,7,22,玉山-高雄,2024-02-19,8843
8473,山林水,25,3,22,玉山-高雄,2024-02-19,8843
1460,宏遠,23,1,22,玉山-高雄,2024-02-19,8843
6274,台燿,36,14,22,玉山-高雄,2024-02-19,8843
00687B,國泰20年美債,438,13,425,玉山-高雄,2024-02-20,8843
00632R,元大台灣50反1,401,0,401,玉山-高雄,2024-02-20,8843
00885,富邦越南,384,37,347,玉山-高雄,2024-02-20,8843
00937B,群益ESG投等債20,250,10,240,玉山-高雄,2024-02-20,8843
2891,中信金,217,25,192,玉山-高雄,2024-02-20,8843
00929,復華台灣科技優息,373,186,187,玉山-高雄,2024-02-20,8843
4167,松瑞藥,121,0,121,玉山-高雄,2024-02-20,8843
9105,泰金寶-DR,131,13,118,玉山-高雄,2024-02-20,8843
3481,群創,185,70,115,玉山-高雄,2024-02-20,8843
00679B,元大美債20年,80,0,80,玉山-高雄,2024-02-20,8843
2405,輔信,131,63,68,玉山-高雄,2024-02-20,8843
00933B,國泰10Y+金融債,144,77,67,玉山-高雄,2024-02-20,8843
00918,大華優利高填息30,87,21,66,玉山-高雄,2024-02-20,8843
2344,華邦電,65,3,62,玉山-高雄,2024-02-20,8843
1540,喬福,61,0,61,玉山-高雄,2024-02-20,8843
2356,英業達,117,62,55,玉山-高雄,2024-02-20,8843
5381,合正,63,9,54,玉山-高雄,2024-02-20,8843
2369,菱生,159,105,54,玉山-高雄,2024-02-20,8843
2465,麗臺,57,4,53,玉山-高雄,2024-02-20,8843
00931B,統一美債20年,58,5,53,玉山-高雄,2024-02-20,8843
2104,國際中橡,53,0,53,玉山-高雄,2024-02-20,8843
4906,正文,51,0,51,玉山-高雄,2024-02-20,8843
5905,南仁湖,50,0,50,玉山-高雄,2024-02-20,8843
2409,友達,51,2,49,玉山-高雄,2024-02-20,8843
00751B,元大AAA至A公司債,48,0,48,玉山-高雄,2024-02-20,8843
00680L,元大美債20正2,61,15,46,玉山-高雄,2024-02-20,8843
6603,富強鑫,45,0,45,玉山-高雄,2024-02-20,8843
6207,雷科,45,1,44,玉山-高雄,2024-02-20,8843
00673R,期元大S＆P原油反1,44,0,44,玉山-高雄,2024-02-20,8843
6126,信音,50,6,44,玉山-高雄,2024-02-20,8843
2610,華航,42,1,41,玉山-高雄,2024-02-20,8843
00935,野村臺灣新科技50,42,2,40,玉山-高雄,2024-02-20,8843
2489,瑞軒,45,8,37,玉山-高雄,2024-02-20,8843
2367,燿華,46,11,35,玉山-高雄,2024-02-20,8843
3607,谷崧,59,25,34,玉山-高雄,2024-02-20,8843
00688L,國泰20年美債正2,31,0,31,玉山-高雄,2024-02-20,8843
2883,凱基金,38,10,28,玉山-高雄,2024-02-20,8843
5355,佳總,45,20,25,玉山-高雄,2024-02-20,8843
00720B,元大投資級公司債,25,1,24,玉山-高雄,2024-02-20,8843
4960,誠美材,36,12,24,玉山-高雄,2024-02-20,8843
3715,定穎投控,29,6,23,玉山-高雄,2024-02-20,8843
1316,上曜,46,23,23,玉山-高雄,2024-02-20,8843
6116,彩晶,33,10,23,玉山-高雄,2024-02-20,8843
3057,喬鼎,23,0,23,玉山-高雄,2024-02-20,8843
3321,同泰,27,5,22,玉山-高雄,2024-02-20,8843
2887,台新金,26,4,22,玉山-高雄,2024-02-20,8843
4714,永捷,58,37,21,玉山-高雄,2024-02-20,8843
2836,高雄銀,20,0,20,玉山-高雄,2024-02-20,8843
2337,旺宏,23,3,20,玉山-高雄,2024-02-20,8843
3376,新日興,27,7,20,玉山-高雄,2024-02-20,8843
00878,國泰永續高股息,315,61,254,玉山-高雄,2024-02-21,8843
00937B,群益ESG投等債20,333,90,243,玉山-高雄,2024-02-21,8843
2303,聯電,205,7,198,玉山-高雄,2024-02-21,8843
00933B,國泰10Y+金融債,192,14,178,玉山-高雄,2024-02-21,8843
00929,復華台灣科技優息,389,222,167,玉山-高雄,2024-02-21,8843
00687B,國泰20年美債,136,6,130,玉山-高雄,2024-02-21,8843
00715L,期街口布蘭特正2,115,5,110,玉山-高雄,2024-02-21,8843
00712,復華富時不動產,129,23,106,玉山-高雄,2024-02-21,8843
2492,華新科,202,100,102,玉山-高雄,2024-02-21,8843
00936,台新永續高息中小,102,7,95,玉山-高雄,2024-02-21,8843
2369,菱生,147,57,90,玉山-高雄,2024-02-21,8843
3047,訊舟,222,135,87,玉山-高雄,2024-02-21,8843
00795B,中信美國公債20年,82,0,82,玉山-高雄,2024-02-21,8843
00885,富邦越南,130,48,82,玉山-高雄,2024-02-21,8843
4167,松瑞藥,80,1,79,玉山-高雄,2024-02-21,8843
3481,群創,119,42,77,玉山-高雄,2024-02-21,8843
3231,緯創,149,74,75,玉山-高雄,2024-02-21,8843
6116,彩晶,80,8,72,玉山-高雄,2024-02-21,8843
6603,富強鑫,67,0,67,玉山-高雄,2024-02-21,8843
1717,長興,58,4,54,玉山-高雄,2024-02-21,8843
3450,聯鈞,69,17,52,玉山-高雄,2024-02-21,8843
1540,喬福,51,0,51,玉山-高雄,2024-02-21,8843
00891,中信關鍵半導體,58,8,50,玉山-高雄,2024-02-21,8843
6282,康舒,53,5,48,玉山-高雄,2024-02-21,8843
00720B,元大投資級公司債,54,13,41,玉山-高雄,2024-02-21,8843
00679B,元大美債20年,50,10,40,玉山-高雄,2024-02-21,8843
6770,力積電,40,1,39,玉山-高雄,2024-02-21,8843
3607,谷崧,37,1,36,玉山-高雄,2024-02-21,8843
3545,敦泰,46,11,35,玉山-高雄,2024-02-21,8843
00680L,元大美債20正2,42,8,34,玉山-高雄,2024-02-21,8843
2489,瑞軒,112,79,33,玉山-高雄,2024-02-21,8843
2882,國泰金,43,13,30,玉山-高雄,2024-02-21,8843
8011,台通,31,1,30,玉山-高雄,2024-02-21,8843
2884,玉山金,48,19,29,玉山-高雄,2024-02-21,8843
9912,偉聯,27,1,26,玉山-高雄,2024-02-21,8843
4956,光鋐,25,0,25,玉山-高雄,2024-02-21,8843
2014,中鴻,29,4,25,玉山-高雄,2024-02-21,8843
1609,大亞,31,8,23,玉山-高雄,2024-02-21,8843
8059,凱碩,24,1,23,玉山-高雄,2024-02-21,8843
6126,信音,39,17,22,玉山-高雄,2024-02-21,8843
2355,敬鵬,29,7,22,玉山-高雄,2024-02-21,8843
3059,華晶科,29,7,22,玉山-高雄,2024-02-21,8843
5515,建國,32,10,22,玉山-高雄,2024-02-21,8843
2883,凱基金,23,1,22,玉山-高雄,2024-02-21,8843
2812,台中銀,24,3,21,玉山-高雄,2024-02-21,8843
00887,永豐中國科技50大,19,0,19,玉山-高雄,2024-02-21,8843
0056,元大高股息,33,15,18,玉山-高雄,2024-02-21,8843
2301,光寶科,18,1,17,玉山-高雄,2024-02-21,8843
3622,洋華,17,0,17,玉山-高雄,2024-02-21,8843
4513,福裕,17,0,17,玉山-高雄,2024-02-21,8843
2618,長榮航,345,31,314,玉山-高雄,2024-02-22,8843
00937B,群益ESG投等債20,327,103,224,玉山-高雄,2024-02-22,8843
00687B,國泰20年美債,105,0,105,玉山-高雄,2024-02-22,8843
00680L,元大美債20正2,147,50,97,玉山-高雄,2024-02-22,8843
2369,菱生,113,17,96,玉山-高雄,2024-02-22,8843
2884,玉山金,110,39,71,玉山-高雄,2024-02-22,8843
3607,谷崧,94,27,67,玉山-高雄,2024-02-22,8843
6233,旺玖,204,138,66,玉山-高雄,2024-02-22,8843
3265,台星科,73,8,65,玉山-高雄,2024-02-22,8843
2329,華泰,227,164,63,玉山-高雄,2024-02-22,8843
00795B,中信美國公債20年,57,0,57,玉山-高雄,2024-02-22,8843
2367,燿華,96,41,55,玉山-高雄,2024-02-22,8843
00751B,元大AAA至A公司債,65,18,47,玉山-高雄,2024-02-22,8843
3231,緯創,157,110,47,玉山-高雄,2024-02-22,8843
00933B,國泰10Y+金融債,62,17,45,玉山-高雄,2024-02-22,8843
8110,華東,47,3,44,玉山-高雄,2024-02-22,8843
2356,英業達,167,125,42,玉山-高雄,2024-02-22,8843
00637L,元大滬深300正2,83,42,41,玉山-高雄,2024-02-22,8843
00688L,國泰20年美債正2,34,0,34,玉山-高雄,2024-02-22,8843
2486,一詮,53,20,33,玉山-高雄,2024-02-22,8843
3059,華晶科,35,3,32,玉山-高雄,2024-02-22,8843
2542,興富發,31,1,30,玉山-高雄,2024-02-22,8843
00878,國泰永續高股息,82,54,28,玉山-高雄,2024-02-22,8843
3227,原相,42,14,28,玉山-高雄,2024-02-22,8843
2867,三商壽,28,0,28,玉山-高雄,2024-02-22,8843
2421,建準,53,26,27,玉山-高雄,2024-02-22,8843
00753L,中信中國50正2,355,328,27,玉山-高雄,2024-02-22,8843
5351,鈺創,31,4,27,玉山-高雄,2024-02-22,8843
00632R,元大台灣50反1,132,106,26,玉山-高雄,2024-02-22,8843
2605,新興,34,10,24,玉山-高雄,2024-02-22,8843
3372,典範,38,15,23,玉山-高雄,2024-02-22,8843
2371,大同,81,59,22,玉山-高雄,2024-02-22,8843
6164,華興,23,1,22,玉山-高雄,2024-02-22,8843
2355,敬鵬,29,8,21,玉山-高雄,2024-02-22,8843
2025,千興,31,10,21,玉山-高雄,2024-02-22,8843
1524,耿鼎,28,8,20,玉山-高雄,2024-02-22,8843
4960,誠美材,25,5,20,玉山-高雄,2024-02-22,8843
8011,台通,40,20,20,玉山-高雄,2024-02-22,8843
911868,同方友友-DR,20,0,20,玉山-高雄,2024-02-22,8843
9904,寶成,20,0,20,玉山-高雄,2024-02-22,8843
2376,技嘉,30,10,20,玉山-高雄,2024-02-22,8843
6667,信紘科,22,3,19,玉山-高雄,2024-02-22,8843
00650L,復華香港正2,35,16,19,玉山-高雄,2024-02-22,8843
2489,瑞軒,77,59,18,玉山-高雄,2024-02-22,8843
3481,群創,53,35,18,玉山-高雄,2024-02-22,8843
3044,健鼎,20,2,18,玉山-高雄,2024-02-22,8843
3437,榮創,47,31,16,玉山-高雄,2024-02-22,8843
2887,台新金,31,15,16,玉山-高雄,2024-02-22,8843
1444,力麗,15,0,15,玉山-高雄,2024-02-22,8843
6438,迅得,17,2,15,玉山-高雄,2024-02-22,8843
00929,復華台灣科技優息,856,438,418,玉山-高雄,2024-02-23,8843
00753L,中信中國50正2,354,42,312,玉山-高雄,2024-02-23,8843
00752,中信中國50,303,1,302,玉山-高雄,2024-02-23,8843
2887,台新金,240,10,230,玉山-高雄,2024-02-23,8843
9945,潤泰新,205,0,205,玉山-高雄,2024-02-23,8843
2855,統一證,206,3,203,玉山-高雄,2024-02-23,8843
1316,上曜,218,22,196,玉山-高雄,2024-02-23,8843
00937B,群益ESG投等債20,219,29,190,玉山-高雄,2024-02-23,8843
00665L,富邦�琤肭磪囓�2,286,120,166,玉山-高雄,2024-02-23,8843
00933B,國泰10Y+金融債,165,27,138,玉山-高雄,2024-02-23,8843
00919,群益台灣精選高息,361,241,120,玉山-高雄,2024-02-23,8843
2884,玉山金,200,81,119,玉山-高雄,2024-02-23,8843
6116,彩晶,120,3,117,玉山-高雄,2024-02-23,8843
3607,谷崧,112,4,108,玉山-高雄,2024-02-23,8843
00679B,元大美債20年,102,0,102,玉山-高雄,2024-02-23,8843
2618,長榮航,210,114,96,玉山-高雄,2024-02-23,8843
3056,富華新,126,44,82,玉山-高雄,2024-02-23,8843
00632R,元大台灣50反1,110,30,80,玉山-高雄,2024-02-23,8843
5315,光聯,72,4,68,玉山-高雄,2024-02-23,8843
00687B,國泰20年美債,114,49,65,玉山-高雄,2024-02-23,8843
3231,緯創,146,89,57,玉山-高雄,2024-02-23,8843
2331,精英,79,34,45,玉山-高雄,2024-02-23,8843
3265,台星科,47,5,42,玉山-高雄,2024-02-23,8843
2303,聯電,70,28,42,玉山-高雄,2024-02-23,8843
4167,松瑞藥,41,0,41,玉山-高雄,2024-02-23,8843
2892,第一金,52,11,41,玉山-高雄,2024-02-23,8843
2363,矽統,72,33,39,玉山-高雄,2024-02-23,8843
2356,英業達,155,118,37,玉山-高雄,2024-02-23,8843
2208,台船,39,2,37,玉山-高雄,2024-02-23,8843
8064,東捷,75,38,37,玉山-高雄,2024-02-23,8843
2888,新光金,39,3,36,玉山-高雄,2024-02-23,8843
5443,均豪,45,10,35,玉山-高雄,2024-02-23,8843
2409,友達,45,12,33,玉山-高雄,2024-02-23,8843
2421,建準,63,37,26,玉山-高雄,2024-02-23,8843
8093,保銳,25,0,25,玉山-高雄,2024-02-23,8843
2201,裕隆,24,0,24,玉山-高雄,2024-02-23,8843
6282,康舒,31,7,24,玉山-高雄,2024-02-23,8843
6257,矽格,59,36,23,玉山-高雄,2024-02-23,8843
2313,華通,202,179,23,玉山-高雄,2024-02-23,8843
6695,芯鼎,22,0,22,玉山-高雄,2024-02-23,8843
9904,寶成,22,0,22,玉山-高雄,2024-02-23,8843
00712,復華富時不動產,40,18,22,玉山-高雄,2024-02-23,8843
6806,森崴能源,34,13,21,玉山-高雄,2024-02-23,8843
3035,智原,30,10,20,玉山-高雄,2024-02-23,8843
3593,力銘,20,0,20,玉山-高雄,2024-02-23,8843
2882,國泰金,20,0,20,玉山-高雄,2024-02-23,8843
2002,中鋼,31,11,20,玉山-高雄,2024-02-23,8843
2634,漢翔,20,1,19,玉山-高雄,2024-02-23,8843
1536,和大,22,3,19,玉山-高雄,2024-02-23,8843
5488,松普,25,6,19,玉山-高雄,2024-02-23,8843
00878,國泰永續高股息,463,38,425,玉山-高雄,2024-02-26,8843
2884,玉山金,400,32,368,玉山-高雄,2024-02-26,8843
4707,磐亞,200,0,200,玉山-高雄,2024-02-26,8843
2888,新光金,170,0,170,玉山-高雄,2024-02-26,8843
00933B,國泰10Y+金融債,152,13,139,玉山-高雄,2024-02-26,8843
00688L,國泰20年美債正2,136,15,121,玉山-高雄,2024-02-26,8843
00637L,元大滬深300正2,153,45,108,玉山-高雄,2024-02-26,8843
00687B,國泰20年美債,108,14,94,玉山-高雄,2024-02-26,8843
4167,松瑞藥,82,0,82,玉山-高雄,2024-02-26,8843
00679B,元大美債20年,104,28,76,玉山-高雄,2024-02-26,8843
4526,東台,85,23,62,玉山-高雄,2024-02-26,8843
2313,華通,120,58,62,玉山-高雄,2024-02-26,8843
2031,新光鋼,61,2,59,玉山-高雄,2024-02-26,8843
2020,美亞,52,1,51,玉山-高雄,2024-02-26,8843
3481,群創,69,19,50,玉山-高雄,2024-02-26,8843
6770,力積電,48,0,48,玉山-高雄,2024-02-26,8843
3607,谷崧,44,0,44,玉山-高雄,2024-02-26,8843
2449,京元電子,51,9,42,玉山-高雄,2024-02-26,8843
00936,台新永續高息中小,42,1,41,玉山-高雄,2024-02-26,8843
2609,陽明,51,11,40,玉山-高雄,2024-02-26,8843
00715L,期街口布蘭特正2,40,0,40,玉山-高雄,2024-02-26,8843
00927,群益半導體收益,46,6,40,玉山-高雄,2024-02-26,8843
2027,大成鋼,44,6,38,玉山-高雄,2024-02-26,8843
5443,均豪,36,0,36,玉山-高雄,2024-02-26,8843
3437,榮創,56,20,36,玉山-高雄,2024-02-26,8843
00633L,富邦上証正2,40,4,36,玉山-高雄,2024-02-26,8843
00795B,中信美國公債20年,36,0,36,玉山-高雄,2024-02-26,8843
2337,旺宏,32,0,32,玉山-高雄,2024-02-26,8843
5272,笙科,36,4,32,玉山-高雄,2024-02-26,8843
2409,友達,31,1,30,玉山-高雄,2024-02-26,8843
2303,聯電,42,13,29,玉山-高雄,2024-02-26,8843
3689,湧德,34,5,29,玉山-高雄,2024-02-26,8843
6168,宏齊,30,2,28,玉山-高雄,2024-02-26,8843
3038,全台,30,3,27,玉山-高雄,2024-02-26,8843
2880,華南金,26,0,26,玉山-高雄,2024-02-26,8843
3047,訊舟,43,17,26,玉山-高雄,2024-02-26,8843
5607,遠雄港,27,2,25,玉山-高雄,2024-02-26,8843
2002,中鋼,42,18,24,玉山-高雄,2024-02-26,8843
5498,凱崴,25,2,23,玉山-高雄,2024-02-26,8843
6290,良維,34,12,22,玉山-高雄,2024-02-26,8843
00931B,統一美債20年,22,1,21,玉山-高雄,2024-02-26,8843
3056,富華新,34,13,21,玉山-高雄,2024-02-26,8843
2355,敬鵬,62,42,20,玉山-高雄,2024-02-26,8843
6116,彩晶,20,0,20,玉山-高雄,2024-02-26,8843
1536,和大,33,14,19,玉山-高雄,2024-02-26,8843
3706,神達,20,2,18,玉山-高雄,2024-02-26,8843
9945,潤泰新,24,6,18,玉山-高雄,2024-02-26,8843
1528,恩德,26,8,18,玉山-高雄,2024-02-26,8843
6233,旺玖,59,42,17,玉山-高雄,2024-02-26,8843
2387,精元,19,2,17,玉山-高雄,2024-02-26,8843
00933B,國泰10Y+金融債,758,23,735,玉山-高雄,2024-02-27,8843
00878,國泰永續高股息,726,170,556,玉山-高雄,2024-02-27,8843
3231,緯創,539,69,470,玉山-高雄,2024-02-27,8843
2888,新光金,371,1,370,玉山-高雄,2024-02-27,8843
00937B,群益ESG投等債20,416,111,305,玉山-高雄,2024-02-27,8843
00919,群益台灣精選高息,464,275,189,玉山-高雄,2024-02-27,8843
2618,長榮航,198,35,163,玉山-高雄,2024-02-27,8843
2887,台新金,218,61,157,玉山-高雄,2024-02-27,8843
00687B,國泰20年美債,152,19,133,玉山-高雄,2024-02-27,8843
2367,燿華,116,18,98,玉山-高雄,2024-02-27,8843
4167,松瑞藥,101,5,96,玉山-高雄,2024-02-27,8843
00679B,元大美債20年,81,1,80,玉山-高雄,2024-02-27,8843
00665L,富邦�琤肭磪囓�2,76,1,75,玉山-高雄,2024-02-27,8843
00712,復華富時不動產,79,6,73,玉山-高雄,2024-02-27,8843
6233,旺玖,117,45,72,玉山-高雄,2024-02-27,8843
00927,群益半導體收益,70,5,65,玉山-高雄,2024-02-27,8843
1316,上曜,160,95,65,玉山-高雄,2024-02-27,8843
4909,新復興,80,21,59,玉山-高雄,2024-02-27,8843
3227,原相,80,22,58,玉山-高雄,2024-02-27,8843
3450,聯鈞,152,94,58,玉山-高雄,2024-02-27,8843
3037,欣興,96,40,56,玉山-高雄,2024-02-27,8843
00706L,期元大S＆P日圓正2,55,0,55,玉山-高雄,2024-02-27,8843
5351,鈺創,213,160,53,玉山-高雄,2024-02-27,8843
5315,光聯,50,2,48,玉山-高雄,2024-02-27,8843
2881,富邦金,69,24,45,玉山-高雄,2024-02-27,8843
2748,雲品,44,0,44,玉山-高雄,2024-02-27,8843
6116,彩晶,45,1,44,玉山-高雄,2024-02-27,8843
2002,中鋼,92,49,43,玉山-高雄,2024-02-27,8843
2421,建準,65,23,42,玉山-高雄,2024-02-27,8843
1303,南亞,41,0,41,玉山-高雄,2024-02-27,8843
00751B,元大AAA至A公司債,50,10,40,玉山-高雄,2024-02-27,8843
6126,信音,60,20,40,玉山-高雄,2024-02-27,8843
2409,友達,44,5,39,玉山-高雄,2024-02-27,8843
2363,矽統,171,132,39,玉山-高雄,2024-02-27,8843
2408,南亞科,41,4,37,玉山-高雄,2024-02-27,8843
2352,佳世達,40,3,37,玉山-高雄,2024-02-27,8843
8096,擎亞,85,49,36,玉山-高雄,2024-02-27,8843
2834,臺企銀,72,36,36,玉山-高雄,2024-02-27,8843
6113,亞矽,41,6,35,玉山-高雄,2024-02-27,8843
3390,旭軟,51,16,35,玉山-高雄,2024-02-27,8843
00795B,中信美國公債20年,35,0,35,玉山-高雄,2024-02-27,8843
00936,台新永續高息中小,82,50,32,玉山-高雄,2024-02-27,8843
00934,中信成長高股息,36,4,32,玉山-高雄,2024-02-27,8843
2514,龍邦,33,1,32,玉山-高雄,2024-02-27,8843
00688L,國泰20年美債正2,30,0,30,玉山-高雄,2024-02-27,8843
2023,燁輝,30,0,30,玉山-高雄,2024-02-27,8843
8046,南電,33,5,28,玉山-高雄,2024-02-27,8843
6282,康舒,42,14,28,玉山-高雄,2024-02-27,8843
1101,台泥,37,10,27,玉山-高雄,2024-02-27,8843
2610,華航,40,13,27,玉山-高雄,2024-02-27,8843
00937B,群益ESG投等債20,439,55,384,玉山-高雄,2024-02-29,8843
1815,富喬,577,197,380,玉山-高雄,2024-02-29,8843
2834,臺企銀,254,21,233,玉山-高雄,2024-02-29,8843
2515,中工,206,7,199,玉山-高雄,2024-02-29,8843
00687B,國泰20年美債,228,65,163,玉山-高雄,2024-02-29,8843
00665L,富邦�琤肭磪囓�2,153,20,133,玉山-高雄,2024-02-29,8843
00933B,國泰10Y+金融債,206,90,116,玉山-高雄,2024-02-29,8843
00919,群益台灣精選高息,215,111,104,玉山-高雄,2024-02-29,8843
00929,復華台灣科技優息,217,124,93,玉山-高雄,2024-02-29,8843
6116,彩晶,85,2,83,玉山-高雄,2024-02-29,8843
00673R,期元大S＆P原油反1,80,0,80,玉山-高雄,2024-02-29,8843
00637L,元大滬深300正2,251,174,77,玉山-高雄,2024-02-29,8843
3390,旭軟,90,21,69,玉山-高雄,2024-02-29,8843
3221,台嘉碩,68,1,67,玉山-高雄,2024-02-29,8843
00680L,元大美債20正2,80,13,67,玉山-高雄,2024-02-29,8843
1101,台泥,71,4,67,玉山-高雄,2024-02-29,8843
2417,圓剛,65,8,57,玉山-高雄,2024-02-29,8843
00927,群益半導體收益,59,4,55,玉山-高雄,2024-02-29,8843
1609,大亞,118,69,49,玉山-高雄,2024-02-29,8843
3450,聯鈞,62,21,41,玉山-高雄,2024-02-29,8843
2880,華南金,44,3,41,玉山-高雄,2024-02-29,8843
3607,谷崧,41,3,38,玉山-高雄,2024-02-29,8843
2369,菱生,61,23,38,玉山-高雄,2024-02-29,8843
6770,力積電,39,2,37,玉山-高雄,2024-02-29,8843
2355,敬鵬,68,32,36,玉山-高雄,2024-02-29,8843
1711,永光,50,16,34,玉山-高雄,2024-02-29,8843
5530,龍巖,33,0,33,玉山-高雄,2024-02-29,8843
8936,國統,59,26,33,玉山-高雄,2024-02-29,8843
00885,富邦越南,32,0,32,玉山-高雄,2024-02-29,8843
3231,緯創,49,20,29,玉山-高雄,2024-02-29,8843
4129,聯合,30,1,29,玉山-高雄,2024-02-29,8843
2104,國際中橡,28,0,28,玉山-高雄,2024-02-29,8843
3707,漢磊,28,1,27,玉山-高雄,2024-02-29,8843
00712,復華富時不動產,47,20,27,玉山-高雄,2024-02-29,8843
6139,亞翔,27,0,27,玉山-高雄,2024-02-29,8843
2002,中鋼,39,13,26,玉山-高雄,2024-02-29,8843
00795B,中信美國公債20年,26,1,25,玉山-高雄,2024-02-29,8843
9904,寶成,25,0,25,玉山-高雄,2024-02-29,8843
00751B,元大AAA至A公司債,23,0,23,玉山-高雄,2024-02-29,8843
3694,海華,25,2,23,玉山-高雄,2024-02-29,8843
2301,光寶科,51,29,22,玉山-高雄,2024-02-29,8843
1316,上曜,58,37,21,玉山-高雄,2024-02-29,8843
8473,山林水,34,13,21,玉山-高雄,2024-02-29,8843
2330,台積電,29,8,21,玉山-高雄,2024-02-29,8843
5452,佶優,46,26,20,玉山-高雄,2024-02-29,8843
2324,仁寶,23,3,20,玉山-高雄,2024-02-29,8843
2514,龍邦,20,0,20,玉山-高雄,2024-02-29,8843
0050,元大台灣50,26,6,20,玉山-高雄,2024-02-29,8843
00679B,元大美債20年,24,4,20,玉山-高雄,2024-02-29,8843
3227,原相,43,24,19,玉山-高雄,2024-02-29,8843
00919,群益台灣精選高息,1139,112,1027,玉山-高雄,2024-03-01,8843
00918,大華優利高填息30,360,112,248,玉山-高雄,2024-03-01,8843
00706L,期元大S＆P日圓正2,203,0,203,玉山-高雄,2024-03-01,8843
2888,新光金,202,0,202,玉山-高雄,2024-03-01,8843
6233,旺玖,281,97,184,玉山-高雄,2024-03-01,8843
00937B,群益ESG投等債20,289,162,127,玉山-高雄,2024-03-01,8843
00933B,國泰10Y+金融債,122,8,114,玉山-高雄,2024-03-01,8843
7402,邑錡,103,12,91,玉山-高雄,2024-03-01,8843
00720B,元大投資級公司債,84,1,83,玉山-高雄,2024-03-01,8843
6770,力積電,95,14,81,玉山-高雄,2024-03-01,8843
5351,鈺創,91,24,67,玉山-高雄,2024-03-01,8843
1316,上曜,165,103,62,玉山-高雄,2024-03-01,8843
2603,長榮,92,36,56,玉山-高雄,2024-03-01,8843
2637,慧洋-KY,60,5,55,玉山-高雄,2024-03-01,8843
2547,日勝生,52,0,52,玉山-高雄,2024-03-01,8843
4402,郡都開發,50,0,50,玉山-高雄,2024-03-01,8843
00913,兆豐台灣晶圓製造,49,0,49,玉山-高雄,2024-03-01,8843
6116,彩晶,44,0,44,玉山-高雄,2024-03-01,8843
2002,中鋼,99,57,42,玉山-高雄,2024-03-01,8843
2882,國泰金,52,10,42,玉山-高雄,2024-03-01,8843
3360,尚立,64,23,41,玉山-高雄,2024-03-01,8843
3707,漢磊,57,18,39,玉山-高雄,2024-03-01,8843
00687B,國泰20年美債,58,22,36,玉山-高雄,2024-03-01,8843
2409,友達,87,51,36,玉山-高雄,2024-03-01,8843
6505,台塑化,90,54,36,玉山-高雄,2024-03-01,8843
3033,威健,38,2,36,玉山-高雄,2024-03-01,8843
3221,台嘉碩,35,0,35,玉山-高雄,2024-03-01,8843
00665L,富邦�琤肭磪囓�2,104,72,32,玉山-高雄,2024-03-01,8843
2329,華泰,61,30,31,玉山-高雄,2024-03-01,8843
00751B,元大AAA至A公司債,31,0,31,玉山-高雄,2024-03-01,8843
9907,統一實,31,0,31,玉山-高雄,2024-03-01,8843
1101,台泥,39,8,31,玉山-高雄,2024-03-01,8843
1217,愛之味,30,1,29,玉山-高雄,2024-03-01,8843
1727,中華化,35,6,29,玉山-高雄,2024-03-01,8843
2317,鴻海,30,1,29,玉山-高雄,2024-03-01,8843
2355,敬鵬,62,34,28,玉山-高雄,2024-03-01,8843
0050,元大台灣50,34,9,25,玉山-高雄,2024-03-01,8843
3041,揚智,57,32,25,玉山-高雄,2024-03-01,8843
8064,東捷,74,49,25,玉山-高雄,2024-03-01,8843
4303,信立,47,22,25,玉山-高雄,2024-03-01,8843
2303,聯電,47,22,25,玉山-高雄,2024-03-01,8843
2615,萬海,27,3,24,玉山-高雄,2024-03-01,8843
8926,台汽電,30,7,23,玉山-高雄,2024-03-01,8843
6150,撼訊,29,7,22,玉山-高雄,2024-03-01,8843
3163,波若威,32,10,22,玉山-高雄,2024-03-01,8843
2377,微星,24,2,22,玉山-高雄,2024-03-01,8843
2812,台中銀,32,10,22,玉山-高雄,2024-03-01,8843
2609,陽明,37,15,22,玉山-高雄,2024-03-01,8843
9105,泰金寶-DR,30,9,21,玉山-高雄,2024-03-01,8843
8040,九暘,33,12,21,玉山-高雄,2024-03-01,8843
00919,群益台灣精選高息,638,73,565,玉山-高雄,2024-03-04,8843
6233,旺玖,378,13,365,玉山-高雄,2024-03-04,8843
00918,大華優利高填息30,274,17,257,玉山-高雄,2024-03-04,8843
00937B,群益ESG投等債20,204,17,187,玉山-高雄,2024-03-04,8843
4402,郡都開發,126,1,125,玉山-高雄,2024-03-04,8843
00753L,中信中國50正2,125,5,120,玉山-高雄,2024-03-04,8843
2002,中鋼,115,15,100,玉山-高雄,2024-03-04,8843
00665L,富邦�琤肭磪囓�2,97,0,97,玉山-高雄,2024-03-04,8843
2883,凱基金,114,27,87,玉山-高雄,2024-03-04,8843
1609,大亞,88,20,68,玉山-高雄,2024-03-04,8843
00687B,國泰20年美債,149,83,66,玉山-高雄,2024-03-04,8843
00915,凱基優選高股息30,69,3,66,玉山-高雄,2024-03-04,8843
4912,聯德控股-KY,61,1,60,玉山-高雄,2024-03-04,8843
3056,富華新,89,30,59,玉山-高雄,2024-03-04,8843
2888,新光金,65,8,57,玉山-高雄,2024-03-04,8843
3231,緯創,106,52,54,玉山-高雄,2024-03-04,8843
8059,凱碩,56,5,51,玉山-高雄,2024-03-04,8843
2356,英業達,111,63,48,玉山-高雄,2024-03-04,8843
00877,復華中國5G,50,4,46,玉山-高雄,2024-03-04,8843
2025,千興,45,1,44,玉山-高雄,2024-03-04,8843
4167,松瑞藥,43,0,43,玉山-高雄,2024-03-04,8843
00933B,國泰10Y+金融債,116,75,41,玉山-高雄,2024-03-04,8843
00751B,元大AAA至A公司債,38,0,38,玉山-高雄,2024-03-04,8843
2478,大毅,38,0,38,玉山-高雄,2024-03-04,8843
00673R,期元大S＆P原油反1,35,0,35,玉山-高雄,2024-03-04,8843
4968,立積,53,18,35,玉山-高雄,2024-03-04,8843
3014,聯陽,35,2,33,玉山-高雄,2024-03-04,8843
2377,微星,44,11,33,玉山-高雄,2024-03-04,8843
2481,強茂,33,0,33,玉山-高雄,2024-03-04,8843
6275,元山,33,0,33,玉山-高雄,2024-03-04,8843
3047,訊舟,35,2,33,玉山-高雄,2024-03-04,8843
2903,遠百,32,0,32,玉山-高雄,2024-03-04,8843
3715,定穎投控,58,27,31,玉山-高雄,2024-03-04,8843
1312,國喬,31,0,31,玉山-高雄,2024-03-04,8843
00859B,群益0-1年美債,31,0,31,玉山-高雄,2024-03-04,8843
2605,新興,53,23,30,玉山-高雄,2024-03-04,8843
2329,華泰,47,18,29,玉山-高雄,2024-03-04,8843
3005,神基,41,12,29,玉山-高雄,2024-03-04,8843
6139,亞翔,38,9,29,玉山-高雄,2024-03-04,8843
2609,陽明,60,33,27,玉山-高雄,2024-03-04,8843
2610,華航,31,5,26,玉山-高雄,2024-03-04,8843
6770,力積電,36,10,26,玉山-高雄,2024-03-04,8843
9105,泰金寶-DR,40,14,26,玉山-高雄,2024-03-04,8843
6257,矽格,28,2,26,玉山-高雄,2024-03-04,8843
2367,燿華,140,115,25,玉山-高雄,2024-03-04,8843
3228,金麗科,26,1,25,玉山-高雄,2024-03-04,8843
6668,中揚光,26,1,25,玉山-高雄,2024-03-04,8843
4414,如興,25,0,25,玉山-高雄,2024-03-04,8843
00885,富邦越南,31,6,25,玉山-高雄,2024-03-04,8843
3356,奇偶,30,6,24,玉山-高雄,2024-03-04,8843
00937B,群益ESG投等債20,634,28,606,玉山-高雄,2024-03-05,8843
00919,群益台灣精選高息,362,58,304,玉山-高雄,2024-03-05,8843
2888,新光金,243,11,232,玉山-高雄,2024-03-05,8843
00688L,國泰20年美債正2,151,4,147,玉山-高雄,2024-03-05,8843
2884,玉山金,186,43,143,玉山-高雄,2024-03-05,8843
2324,仁寶,128,19,109,玉山-高雄,2024-03-05,8843
2836,高雄銀,100,0,100,玉山-高雄,2024-03-05,8843
00918,大華優利高填息30,154,55,99,玉山-高雄,2024-03-05,8843
2867,三商壽,99,1,98,玉山-高雄,2024-03-05,8843
00712,復華富時不動產,182,86,96,玉山-高雄,2024-03-05,8843
2062,橋椿,94,0,94,玉山-高雄,2024-03-05,8843
00687B,國泰20年美債,124,32,92,玉山-高雄,2024-03-05,8843
6116,彩晶,76,4,72,玉山-高雄,2024-03-05,8843
3707,漢磊,76,8,68,玉山-高雄,2024-03-05,8843
00679B,元大美債20年,74,8,66,玉山-高雄,2024-03-05,8843
00933B,國泰10Y+金融債,105,46,59,玉山-高雄,2024-03-05,8843
1909,榮成,62,5,57,玉山-高雄,2024-03-05,8843
5328,華容,57,2,55,玉山-高雄,2024-03-05,8843
3481,群創,192,138,54,玉山-高雄,2024-03-05,8843
00915,凱基優選高股息30,52,4,48,玉山-高雄,2024-03-05,8843
2002,中鋼,111,67,44,玉山-高雄,2024-03-05,8843
3450,聯鈞,111,68,43,玉山-高雄,2024-03-05,8843
00882,中信中國高股息,59,17,42,玉山-高雄,2024-03-05,8843
1301,台塑,43,4,39,玉山-高雄,2024-03-05,8843
1609,大亞,51,13,38,玉山-高雄,2024-03-05,8843
2605,新興,46,9,37,玉山-高雄,2024-03-05,8843
2303,聯電,62,26,36,玉山-高雄,2024-03-05,8843
2465,麗臺,37,3,34,玉山-高雄,2024-03-05,8843
2891,中信金,55,21,34,玉山-高雄,2024-03-05,8843
2408,南亞科,41,8,33,玉山-高雄,2024-03-05,8843
2409,友達,34,1,33,玉山-高雄,2024-03-05,8843
4533,協易機,33,0,33,玉山-高雄,2024-03-05,8843
2881,富邦金,32,0,32,玉山-高雄,2024-03-05,8843
6229,研通,30,0,30,玉山-高雄,2024-03-05,8843
3056,富華新,51,21,30,玉山-高雄,2024-03-05,8843
6591,動力-KY,36,6,30,玉山-高雄,2024-03-05,8843
2329,華泰,71,43,28,玉山-高雄,2024-03-05,8843
00922,國泰台灣領袖50,28,1,27,玉山-高雄,2024-03-05,8843
1303,南亞,29,3,26,玉山-高雄,2024-03-05,8843
2308,台達電,30,5,25,玉山-高雄,2024-03-05,8843
2355,敬鵬,63,38,25,玉山-高雄,2024-03-05,8843
00708L,期元大S＆P黃金正2,24,0,24,玉山-高雄,2024-03-05,8843
2025,千興,24,0,24,玉山-高雄,2024-03-05,8843
4906,正文,116,93,23,玉山-高雄,2024-03-05,8843
6125,廣運,55,32,23,玉山-高雄,2024-03-05,8843
6233,旺玖,50,28,22,玉山-高雄,2024-03-05,8843
2332,友訊,31,10,21,玉山-高雄,2024-03-05,8843
00720B,元大投資級公司債,22,1,21,玉山-高雄,2024-03-05,8843
2486,一詮,33,13,20,玉山-高雄,2024-03-05,8843
1444,力麗,20,0,20,玉山-高雄,2024-03-05,8843
00919,群益台灣精選高息,726,246,480,玉山-高雄,2024-03-06,8843
00687B,國泰20年美債,337,49,288,玉山-高雄,2024-03-06,8843
00937B,群益ESG投等債20,331,71,260,玉山-高雄,2024-03-06,8843
2603,長榮,241,35,206,玉山-高雄,2024-03-06,8843
3481,群創,210,11,199,玉山-高雄,2024-03-06,8843
2329,華泰,158,20,138,玉山-高雄,2024-03-06,8843
00935,野村臺灣新科技50,114,3,111,玉山-高雄,2024-03-06,8843
2618,長榮航,111,9,102,玉山-高雄,2024-03-06,8843
2002,中鋼,126,29,97,玉山-高雄,2024-03-06,8843
1609,大亞,232,139,93,玉山-高雄,2024-03-06,8843
2352,佳世達,91,4,87,玉山-高雄,2024-03-06,8843
00632R,元大台灣50反1,82,0,82,玉山-高雄,2024-03-06,8843
3450,聯鈞,105,23,82,玉山-高雄,2024-03-06,8843
00688L,國泰20年美債正2,151,80,71,玉山-高雄,2024-03-06,8843
2845,遠東銀,82,22,60,玉山-高雄,2024-03-06,8843
1316,上曜,118,57,61,玉山-高雄,2024-03-06,8843
00915,凱基優選高股息30,69,16,53,玉山-高雄,2024-03-06,8843
00918,大華優利高填息30,179,127,52,玉山-高雄,2024-03-06,8843
2534,宏盛,50,0,50,玉山-高雄,2024-03-06,8843
00637L,元大滬深300正2,82,33,49,玉山-高雄,2024-03-06,8843
2610,華航,66,19,47,玉山-高雄,2024-03-06,8843
1504,東元,60,13,47,玉山-高雄,2024-03-06,8843
2301,光寶科,66,20,46,玉山-高雄,2024-03-06,8843
5328,華容,45,0,45,玉山-高雄,2024-03-06,8843
00751B,元大AAA至A公司債,46,2,44,玉山-高雄,2024-03-06,8843
6698,旭暉應材,50,6,44,玉山-高雄,2024-03-06,8843
1101,台泥,74,30,44,玉山-高雄,2024-03-06,8843
2609,陽明,52,11,41,玉山-高雄,2024-03-06,8843
2104,國際中橡,47,8,39,玉山-高雄,2024-03-06,8843
8011,台通,169,130,39,玉山-高雄,2024-03-06,8843
6005,群益證,40,1,39,玉山-高雄,2024-03-06,8843
00933B,國泰10Y+金融債,63,27,36,玉山-高雄,2024-03-06,8843
00927,群益半導體收益,37,4,33,玉山-高雄,2024-03-06,8843
5381,合正,31,0,31,玉山-高雄,2024-03-06,8843
3339,泰谷,30,0,30,玉山-高雄,2024-03-06,8843
4414,如興,30,0,30,玉山-高雄,2024-03-06,8843
1416,廣豐,30,0,30,玉山-高雄,2024-03-06,8843
6643,M31,31,2,29,玉山-高雄,2024-03-06,8843
3231,緯創,75,48,27,玉山-高雄,2024-03-06,8843
8046,南電,33,6,27,玉山-高雄,2024-03-06,8843
6163,華電網,61,34,27,玉山-高雄,2024-03-06,8843
3710,連展投控,26,0,26,玉山-高雄,2024-03-06,8843
2903,遠百,27,1,26,玉山-高雄,2024-03-06,8843
6443,元晶,28,2,26,玉山-高雄,2024-03-06,8843
3041,揚智,46,20,26,玉山-高雄,2024-03-06,8843
6233,旺玖,43,18,25,玉山-高雄,2024-03-06,8843
3325,旭品,92,67,25,玉山-高雄,2024-03-06,8843
6150,撼訊,28,3,25,玉山-高雄,2024-03-06,8843
2405,輔信,27,3,24,玉山-高雄,2024-03-06,8843
2516,新建,24,0,24,玉山-高雄,2024-03-06,8843
1815,富喬,366,104,262,玉山-高雄,2024-03-07,8843
00918,大華優利高填息30,274,23,251,玉山-高雄,2024-03-07,8843
00919,群益台灣精選高息,569,345,224,玉山-高雄,2024-03-07,8843
00937B,群益ESG投等債20,351,140,211,玉山-高雄,2024-03-07,8843
2883,凱基金,347,173,174,玉山-高雄,2024-03-07,8843
1316,上曜,189,61,128,玉山-高雄,2024-03-07,8843
2002,中鋼,119,10,109,玉山-高雄,2024-03-07,8843
4906,正文,117,12,105,玉山-高雄,2024-03-07,8843
4402,郡都開發,104,0,104,玉山-高雄,2024-03-07,8843
8110,華東,124,27,97,玉山-高雄,2024-03-07,8843
2363,矽統,101,14,87,玉山-高雄,2024-03-07,8843
2324,仁寶,108,31,77,玉山-高雄,2024-03-07,8843
6125,廣運,99,26,73,玉山-高雄,2024-03-07,8843
2356,英業達,128,55,73,玉山-高雄,2024-03-07,8843
5521,工信,90,24,66,玉山-高雄,2024-03-07,8843
2481,強茂,64,0,64,玉山-高雄,2024-03-07,8843
00632R,元大台灣50反1,236,174,62,玉山-高雄,2024-03-07,8843
2610,華航,110,48,62,玉山-高雄,2024-03-07,8843
2313,華通,152,91,61,玉山-高雄,2024-03-07,8843
6116,彩晶,68,14,54,玉山-高雄,2024-03-07,8843
00665L,富邦�琤肭磪囓�2,47,0,47,玉山-高雄,2024-03-07,8843
2382,廣達,57,12,45,玉山-高雄,2024-03-07,8843
5302,太欣,44,0,44,玉山-高雄,2024-03-07,8843
3481,群創,53,11,42,玉山-高雄,2024-03-07,8843
2851,中再保,41,0,41,玉山-高雄,2024-03-07,8843
1314,中石化,38,0,38,玉山-高雄,2024-03-07,8843
9907,統一實,40,3,37,玉山-高雄,2024-03-07,8843
00935,野村臺灣新科技50,46,11,35,玉山-高雄,2024-03-07,8843
2836,高雄銀,51,17,34,玉山-高雄,2024-03-07,8843
6113,亞矽,45,13,32,玉山-高雄,2024-03-07,8843
00679B,元大美債20年,64,33,31,玉山-高雄,2024-03-07,8843
3035,智原,62,31,31,玉山-高雄,2024-03-07,8843
00877,復華中國5G,31,0,31,玉山-高雄,2024-03-07,8843
6139,亞翔,37,7,30,玉山-高雄,2024-03-07,8843
2486,一詮,105,75,30,玉山-高雄,2024-03-07,8843
3607,谷崧,35,5,30,玉山-高雄,2024-03-07,8843
5324,士開,30,0,30,玉山-高雄,2024-03-07,8843
2478,大毅,29,0,29,玉山-高雄,2024-03-07,8843
6188,廣明,29,1,28,玉山-高雄,2024-03-07,8843
1708,東鹼,28,0,28,玉山-高雄,2024-03-07,8843
8121,越峰,27,0,27,玉山-高雄,2024-03-07,8843
8048,德勝,27,0,27,玉山-高雄,2024-03-07,8843
3078,僑威,32,5,27,玉山-高雄,2024-03-07,8843
1532,勤美,27,0,27,玉山-高雄,2024-03-07,8843
00915,凱基優選高股息30,47,21,26,玉山-高雄,2024-03-07,8843
2882,國泰金,36,11,25,玉山-高雄,2024-03-07,8843
2515,中工,64,39,25,玉山-高雄,2024-03-07,8843
8163,達方,38,14,24,玉山-高雄,2024-03-07,8843
6189,豐藝,29,5,24,玉山-高雄,2024-03-07,8843
3037,欣興,29,5,24,玉山-高雄,2024-03-07,8843
00632R,元大台灣50反1,691,79,612,玉山-高雄,2024-03-08,8843
00937B,群益ESG投等債20,553,109,444,玉山-高雄,2024-03-08,8843
1514,亞力,355,16,339,玉山-高雄,2024-03-08,8843
4402,郡都開發,219,1,218,玉山-高雄,2024-03-08,8843
00669R,國泰美國道瓊反1,200,0,200,玉山-高雄,2024-03-08,8843
00680L,元大美債20正2,190,17,173,玉山-高雄,2024-03-08,8843
2836,高雄銀,226,92,134,玉山-高雄,2024-03-08,8843
00706L,期元大S＆P日圓正2,120,0,120,玉山-高雄,2024-03-08,8843
2618,長榮航,277,163,114,玉山-高雄,2024-03-08,8843
00915,凱基優選高股息30,154,43,111,玉山-高雄,2024-03-08,8843
6016,康和證,100,4,96,玉山-高雄,2024-03-08,8843
3056,富華新,117,45,72,玉山-高雄,2024-03-08,8843
2887,台新金,95,29,66,玉山-高雄,2024-03-08,8843
6116,彩晶,82,18,64,玉山-高雄,2024-03-08,8843
2365,昆盈,77,15,62,玉山-高雄,2024-03-08,8843
1605,華新,65,4,61,玉山-高雄,2024-03-08,8843
00930,永豐ESG低碳高息,64,5,59,玉山-高雄,2024-03-08,8843
2609,陽明,97,37,60,玉山-高雄,2024-03-08,8843
1519,華城,52,0,52,玉山-高雄,2024-03-08,8843
4167,松瑞藥,62,11,51,玉山-高雄,2024-03-08,8843
2329,華泰,95,45,50,玉山-高雄,2024-03-08,8843
00918,大華優利高填息30,237,189,48,玉山-高雄,2024-03-08,8843
1101,台泥,59,11,48,玉山-高雄,2024-03-08,8843
1616,億泰,47,0,47,玉山-高雄,2024-03-08,8843
2603,長榮,133,87,46,玉山-高雄,2024-03-08,8843
2344,華邦電,72,27,45,玉山-高雄,2024-03-08,8843
2634,漢翔,56,11,45,玉山-高雄,2024-03-08,8843
1444,力麗,40,0,40,玉山-高雄,2024-03-08,8843
2359,所羅門,41,2,39,玉山-高雄,2024-03-08,8843
2358,廷鑫,50,11,39,玉山-高雄,2024-03-08,8843
3041,揚智,44,7,37,玉山-高雄,2024-03-08,8843
1301,台塑,54,19,35,玉山-高雄,2024-03-08,8843
3711,日月光投控,74,40,34,玉山-高雄,2024-03-08,8843
3006,晶豪科,46,13,33,玉山-高雄,2024-03-08,8843
1316,上曜,104,72,32,玉山-高雄,2024-03-08,8843
00688L,國泰20年美債正2,31,0,31,玉山-高雄,2024-03-08,8843
1313,聯成,31,0,31,玉山-高雄,2024-03-08,8843
5521,工信,36,6,30,玉山-高雄,2024-03-08,8843
3163,波若威,44,14,30,玉山-高雄,2024-03-08,8843
00857B,永豐20年美公債,32,3,29,玉山-高雄,2024-03-08,8843
8048,德勝,29,0,29,玉山-高雄,2024-03-08,8843
1802,台玻,28,0,28,玉山-高雄,2024-03-08,8843
00895,富邦未來車,40,14,26,玉山-高雄,2024-03-08,8843
2014,中鴻,39,14,25,玉山-高雄,2024-03-08,8843
3545,敦泰,36,11,25,玉山-高雄,2024-03-08,8843
1308,亞聚,27,2,25,玉山-高雄,2024-03-08,8843
3694,海華,26,2,24,玉山-高雄,2024-03-08,8843
8070,長華*,31,8,23,玉山-高雄,2024-03-08,8843
8089,康全電訊,23,0,23,玉山-高雄,2024-03-08,8843
00679B,元大美債20年,53,30,23,玉山-高雄,2024-03-08,8843
5905,南仁湖,301,10,291,玉山-高雄,2024-03-11,8843
1514,亞力,193,15,178,玉山-高雄,2024-03-11,8843
2610,華航,227,55,172,玉山-高雄,2024-03-11,8843
2367,燿華,172,29,143,玉山-高雄,2024-03-11,8843
1909,榮成,140,1,139,玉山-高雄,2024-03-11,8843
1444,力麗,117,0,117,玉山-高雄,2024-03-11,8843
00680L,元大美債20正2,114,9,105,玉山-高雄,2024-03-11,8843
5488,松普,110,5,105,玉山-高雄,2024-03-11,8843
00687B,國泰20年美債,172,72,100,玉山-高雄,2024-03-11,8843
00712,復華富時不動產,113,13,100,玉山-高雄,2024-03-11,8843
00915,凱基優選高股息30,98,5,93,玉山-高雄,2024-03-11,8843
00937B,群益ESG投等債20,204,117,87,玉山-高雄,2024-03-11,8843
3265,台星科,78,1,77,玉山-高雄,2024-03-11,8843
00751B,元大AAA至A公司債,82,5,77,玉山-高雄,2024-03-11,8843
00679B,元大美債20年,75,3,72,玉山-高雄,2024-03-11,8843
1314,中石化,88,23,65,玉山-高雄,2024-03-11,8843
2845,遠東銀,68,5,63,玉山-高雄,2024-03-11,8843
00715L,期街口布蘭特正2,57,0,57,玉山-高雄,2024-03-11,8843
1789,神隆,41,0,41,玉山-高雄,2024-03-11,8843
2330,台積電,58,17,41,玉山-高雄,2024-03-11,8843
00891,中信關鍵半導體,46,9,37,玉山-高雄,2024-03-11,8843
2834,臺企銀,67,31,36,玉山-高雄,2024-03-11,8843
2303,聯電,176,145,31,玉山-高雄,2024-03-11,8843
4167,松瑞藥,33,4,29,玉山-高雄,2024-03-11,8843
2025,千興,36,10,26,玉山-高雄,2024-03-11,8843
8354,冠好,26,0,26,玉山-高雄,2024-03-11,8843
2353,宏��,32,7,25,玉山-高雄,2024-03-11,8843
00882,中信中國高股息,24,1,23,玉山-高雄,2024-03-11,8843
2355,敬鵬,34,11,23,玉山-高雄,2024-03-11,8843
3707,漢磊,49,26,23,玉山-高雄,2024-03-11,8843
1513,中興電,41,19,22,玉山-高雄,2024-03-11,8843
2316,楠梓電,21,0,21,玉山-高雄,2024-03-11,8843
6806,森崴能源,24,3,21,玉山-高雄,2024-03-11,8843
3356,奇偶,27,7,20,玉山-高雄,2024-03-11,8843
1616,億泰,20,0,20,玉山-高雄,2024-03-11,8843
1309,台達化,20,0,20,玉山-高雄,2024-03-11,8843
1101,台泥,35,15,20,玉山-高雄,2024-03-11,8843
5483,中美晶,21,2,19,玉山-高雄,2024-03-11,8843
00661,元大日經225,19,0,19,玉山-高雄,2024-03-11,8843
2002,中鋼,26,8,18,玉山-高雄,2024-03-11,8843
2892,第一金,18,1,17,玉山-高雄,2024-03-11,8843
00665L,富邦�琤肭磪囓�2,30,13,17,玉山-高雄,2024-03-11,8843
2009,第一銅,22,5,17,玉山-高雄,2024-03-11,8843
8932,智通*,16,0,16,玉山-高雄,2024-03-11,8843
2611,志信,23,7,16,玉山-高雄,2024-03-11,8843
6547,高端疫苗,15,0,15,玉山-高雄,2024-03-11,8843
6116,彩晶,16,1,15,玉山-高雄,2024-03-11,8843
9946,三發地產,15,0,15,玉山-高雄,2024-03-11,8843
00926,凱基全球菁英55,15,0,15,玉山-高雄,2024-03-11,8843
3296,勝德,15,0,15,玉山-高雄,2024-03-11,8843
00937B,群益ESG投等債20,324,18,306,玉山-高雄,2024-03-12,8843
00918,大華優利高填息30,347,48,299,玉山-高雄,2024-03-12,8843
00919,群益台灣精選高息,538,301,237,玉山-高雄,2024-03-12,8843
00632R,元大台灣50反1,166,30,136,玉山-高雄,2024-03-12,8843
2888,新光金,113,3,110,玉山-高雄,2024-03-12,8843
1101,台泥,111,20,91,玉山-高雄,2024-03-12,8843
00712,復華富時不動產,103,13,90,玉山-高雄,2024-03-12,8843
2367,燿華,169,80,89,玉山-高雄,2024-03-12,8843
00916,國泰全球品牌50,75,0,75,玉山-高雄,2024-03-12,8843
00687B,國泰20年美債,108,35,73,玉山-高雄,2024-03-12,8843
2845,遠東銀,67,0,67,玉山-高雄,2024-03-12,8843
2323,中環,64,16,48,玉山-高雄,2024-03-12,8843
00904,新光臺灣半導體30,51,5,46,玉山-高雄,2024-03-12,8843
3715,定穎投控,60,18,42,玉山-高雄,2024-03-12,8843
2890,永豐金,40,2,38,玉山-高雄,2024-03-12,8843
2316,楠梓電,46,8,38,玉山-高雄,2024-03-12,8843
00933B,國泰10Y+金融債,72,35,37,玉山-高雄,2024-03-12,8843
5521,工信,53,17,36,玉山-高雄,2024-03-12,8843
1909,榮成,40,4,36,玉山-高雄,2024-03-12,8843
00902,中信電池及儲能,56,22,34,玉山-高雄,2024-03-12,8843
3607,谷崧,32,0,32,玉山-高雄,2024-03-12,8843
1514,亞力,85,56,29,玉山-高雄,2024-03-12,8843
2359,所羅門,34,7,27,玉山-高雄,2024-03-12,8843
00915,凱基優選高股息30,58,33,25,玉山-高雄,2024-03-12,8843
2421,建準,41,16,25,玉山-高雄,2024-03-12,8843
5469,瀚宇博,27,3,24,玉山-高雄,2024-03-12,8843
2104,國際中橡,24,0,24,玉山-高雄,2024-03-12,8843
2313,華通,182,159,23,玉山-高雄,2024-03-12,8843
1314,中石化,26,4,22,玉山-高雄,2024-03-12,8843
1455,集盛,39,18,21,玉山-高雄,2024-03-12,8843
5309,系統電,21,0,21,玉山-高雄,2024-03-12,8843
6182,合晶,22,1,21,玉山-高雄,2024-03-12,8843
3062,建漢,30,9,21,玉山-高雄,2024-03-12,8843
2027,大成鋼,27,6,21,玉山-高雄,2024-03-12,8843
2851,中再保,27,7,20,玉山-高雄,2024-03-12,8843
3481,群創,49,29,20,玉山-高雄,2024-03-12,8843
2344,華邦電,26,7,19,玉山-高雄,2024-03-12,8843
8011,台通,54,36,18,玉山-高雄,2024-03-12,8843
3163,波若威,38,20,18,玉山-高雄,2024-03-12,8843
9946,三發地產,18,0,18,玉山-高雄,2024-03-12,8843
2002,中鋼,26,9,17,玉山-高雄,2024-03-12,8843
00679B,元大美債20年,65,47,18,玉山-高雄,2024-03-12,8843
6153,嘉聯益,17,0,17,玉山-高雄,2024-03-12,8843
6140,訊達,17,0,17,玉山-高雄,2024-03-12,8843
6005,群益證,18,1,17,玉山-高雄,2024-03-12,8843
1268,漢來美食,17,1,16,玉山-高雄,2024-03-12,8843
2884,玉山金,72,56,16,玉山-高雄,2024-03-12,8843
2324,仁寶,31,16,15,玉山-高雄,2024-03-12,8843
2374,佳能,16,1,15,玉山-高雄,2024-03-12,8843
6596,寬宏藝術,16,1,15,玉山-高雄,2024-03-12,8843
00919,群益台灣精選高息,884,293,591,玉山-高雄,2024-03-13,8843
2354,鴻準,351,105,246,玉山-高雄,2024-03-13,8843
00918,大華優利高填息30,315,84,231,玉山-高雄,2024-03-13,8843
00937B,群益ESG投等債20,574,418,156,玉山-高雄,2024-03-13,8843
2883,凱基金,263,112,151,玉山-高雄,2024-03-13,8843
2888,新光金,164,21,143,玉山-高雄,2024-03-13,8843
2618,長榮航,236,102,134,玉山-高雄,2024-03-13,8843
3231,緯創,185,54,131,玉山-高雄,2024-03-13,8843
00915,凱基優選高股息30,139,17,122,玉山-高雄,2024-03-13,8843
00679B,元大美債20年,133,13,120,玉山-高雄,2024-03-13,8843
2002,中鋼,135,22,113,玉山-高雄,2024-03-13,8843
00687B,國泰20年美債,190,88,102,玉山-高雄,2024-03-13,8843
1444,力麗,101,0,101,玉山-高雄,2024-03-13,8843
2344,華邦電,107,26,81,玉山-高雄,2024-03-13,8843
8011,台通,125,59,66,玉山-高雄,2024-03-13,8843
00857B,永豐20年美公債,66,0,66,玉山-高雄,2024-03-13,8843
00712,復華富時不動產,78,13,65,玉山-高雄,2024-03-13,8843
2303,聯電,157,100,57,玉山-高雄,2024-03-13,8843
3228,金麗科,55,0,55,玉山-高雄,2024-03-13,8843
2465,麗臺,58,5,53,玉山-高雄,2024-03-13,8843
2353,宏��,77,25,52,玉山-高雄,2024-03-13,8843
2610,華航,55,3,52,玉山-高雄,2024-03-13,8843
2201,裕隆,48,0,48,玉山-高雄,2024-03-13,8843
2376,技嘉,86,39,47,玉山-高雄,2024-03-13,8843
2313,華通,92,46,46,玉山-高雄,2024-03-13,8843
8926,台汽電,128,82,46,玉山-高雄,2024-03-13,8843
1312,國喬,46,0,46,玉山-高雄,2024-03-13,8843
3105,穩懋,53,10,43,玉山-高雄,2024-03-13,8843
2107,厚生,45,2,43,玉山-高雄,2024-03-13,8843
3163,波若威,105,62,43,玉山-高雄,2024-03-13,8843
00923,群益台ESG低碳50,50,7,43,玉山-高雄,2024-03-13,8843
2882,國泰金,54,13,41,玉山-高雄,2024-03-13,8843
8040,九暘,93,53,40,玉山-高雄,2024-03-13,8843
6667,信紘科,41,1,40,玉山-高雄,2024-03-13,8843
2365,昆盈,63,23,40,玉山-高雄,2024-03-13,8843
8936,國統,49,9,40,玉山-高雄,2024-03-13,8843
1101,台泥,41,4,37,玉山-高雄,2024-03-13,8843
8996,高力,48,11,37,玉山-高雄,2024-03-13,8843
5521,工信,32,0,32,玉山-高雄,2024-03-13,8843
6116,彩晶,44,12,32,玉山-高雄,2024-03-13,8843
2408,南亞科,42,11,31,玉山-高雄,2024-03-13,8843
00751B,元大AAA至A公司債,31,0,31,玉山-高雄,2024-03-13,8843
2851,中再保,32,1,31,玉山-高雄,2024-03-13,8843
1608,華榮,89,59,30,玉山-高雄,2024-03-13,8843
1309,台達化,30,0,30,玉山-高雄,2024-03-13,8843
3171,炎洲流通,30,0,30,玉山-高雄,2024-03-13,8843
6125,廣運,44,15,29,玉山-高雄,2024-03-13,8843
9934,成霖,30,1,29,玉山-高雄,2024-03-13,8843
3041,揚智,35,7,28,玉山-高雄,2024-03-13,8843
2329,華泰,36,9,27,玉山-高雄,2024-03-13,8843
00919,群益台灣精選高息,1517,387,1130,玉山-高雄,2024-03-14,8843
2618,長榮航,1062,296,766,玉山-高雄,2024-03-14,8843
2603,長榮,607,116,491,玉山-高雄,2024-03-14,8843
00937B,群益ESG投等債20,357,93,264,玉山-高雄,2024-03-14,8843
6005,群益證,221,23,198,玉山-高雄,2024-03-14,8843
2514,龍邦,158,0,158,玉山-高雄,2024-03-14,8843
00933B,國泰10Y+金融債,158,12,146,玉山-高雄,2024-03-14,8843
2882,國泰金,217,77,140,玉山-高雄,2024-03-14,8843
00679B,元大美債20年,147,12,135,玉山-高雄,2024-03-14,8843
00650L,復華香港正2,119,2,117,玉山-高雄,2024-03-14,8843
2836,高雄銀,128,20,108,玉山-高雄,2024-03-14,8843
00632R,元大台灣50反1,112,6,106,玉山-高雄,2024-03-14,8843
00687B,國泰20年美債,118,22,96,玉山-高雄,2024-03-14,8843
1316,上曜,154,69,85,玉山-高雄,2024-03-14,8843
3715,定穎投控,76,3,73,玉山-高雄,2024-03-14,8843
2354,鴻準,88,22,66,玉山-高雄,2024-03-14,8843
2303,聯電,98,40,58,玉山-高雄,2024-03-14,8843
00918,大華優利高填息30,286,240,46,玉山-高雄,2024-03-14,8843
00930,永豐ESG低碳高息,48,3,45,玉山-高雄,2024-03-14,8843
3231,緯創,81,36,45,玉山-高雄,2024-03-14,8843
00751B,元大AAA至A公司債,42,0,42,玉山-高雄,2024-03-14,8843
2816,旺旺保,43,1,42,玉山-高雄,2024-03-14,8843
2454,聯發科,49,8,41,玉山-高雄,2024-03-14,8843
00882,中信中國高股息,42,1,41,玉山-高雄,2024-03-14,8843
1101,台泥,43,3,40,玉山-高雄,2024-03-14,8843
8936,國統,53,13,40,玉山-高雄,2024-03-14,8843
2465,麗臺,39,0,39,玉山-高雄,2024-03-14,8843
00857B,永豐20年美公債,36,0,36,玉山-高雄,2024-03-14,8843
00637L,元大滬深300正2,66,31,35,玉山-高雄,2024-03-14,8843
020034,元大IC設計N,35,0,35,玉山-高雄,2024-03-14,8843
3005,神基,44,10,34,玉山-高雄,2024-03-14,8843
3702,大聯大,39,6,33,玉山-高雄,2024-03-14,8843
5488,松普,34,1,33,玉山-高雄,2024-03-14,8843
2889,國票金,61,28,33,玉山-高雄,2024-03-14,8843
1444,力麗,31,0,31,玉山-高雄,2024-03-14,8843
00720B,元大投資級公司債,33,2,31,玉山-高雄,2024-03-14,8843
2332,友訊,30,0,30,玉山-高雄,2024-03-14,8843
6770,力積電,37,8,29,玉山-高雄,2024-03-14,8843
6139,亞翔,42,14,28,玉山-高雄,2024-03-14,8843
2313,華通,41,13,28,玉山-高雄,2024-03-14,8843
2408,南亞科,29,2,27,玉山-高雄,2024-03-14,8843
6719,力智,26,0,26,玉山-高雄,2024-03-14,8843
00927,群益半導體收益,32,7,25,玉山-高雄,2024-03-14,8843
1708,東鹼,25,0,25,玉山-高雄,2024-03-14,8843
00891,中信關鍵半導體,34,10,24,玉山-高雄,2024-03-14,8843
1515,力山,25,1,24,玉山-高雄,2024-03-14,8843
2208,台船,26,3,23,玉山-高雄,2024-03-14,8843
6015,宏遠證,23,0,23,玉山-高雄,2024-03-14,8843
6419,京晨科,23,0,23,玉山-高雄,2024-03-14,8843
3188,鑫龍騰,24,1,23,玉山-高雄,2024-03-14,8843
00919,群益台灣精選高息,1242,248,994,玉山-高雄,2024-03-15,8843
00941,中信上游半導體,567,38,529,玉山-高雄,2024-03-15,8843
2618,長榮航,492,102,390,玉山-高雄,2024-03-15,8843
2834,臺企銀,424,118,306,玉山-高雄,2024-03-15,8843
2609,陽明,171,33,138,玉山-高雄,2024-03-15,8843
00753L,中信中國50正2,121,6,115,玉山-高雄,2024-03-15,8843
00679B,元大美債20年,125,21,104,玉山-高雄,2024-03-15,8843
00650L,復華香港正2,115,14,101,玉山-高雄,2024-03-15,8843
2356,英業達,178,79,99,玉山-高雄,2024-03-15,8843
00665L,富邦�琤肭磪囓�2,95,0,95,玉山-高雄,2024-03-15,8843
00918,大華優利高填息30,166,75,91,玉山-高雄,2024-03-15,8843
2354,鴻準,141,58,83,玉山-高雄,2024-03-15,8843
1513,中興電,142,60,82,玉山-高雄,2024-03-15,8843
00933B,國泰10Y+金融債,85,4,81,玉山-高雄,2024-03-15,8843
00751B,元大AAA至A公司債,77,0,77,玉山-高雄,2024-03-15,8843
1101,台泥,78,3,75,玉山-高雄,2024-03-15,8843
00687B,國泰20年美債,112,44,68,玉山-高雄,2024-03-15,8843
3372,典範,66,7,59,玉山-高雄,2024-03-15,8843
00937B,群益ESG投等債20,206,149,57,玉山-高雄,2024-03-15,8843
6229,研通,55,0,55,玉山-高雄,2024-03-15,8843
4714,永捷,100,46,54,玉山-高雄,2024-03-15,8843
6770,力積電,61,9,52,玉山-高雄,2024-03-15,8843
1444,力麗,52,0,52,玉山-高雄,2024-03-15,8843
1312,國喬,50,1,49,玉山-高雄,2024-03-15,8843
6016,康和證,49,1,48,玉山-高雄,2024-03-15,8843
1303,南亞,47,0,47,玉山-高雄,2024-03-15,8843
2883,凱基金,269,223,46,玉山-高雄,2024-03-15,8843
2610,華航,45,2,43,玉山-高雄,2024-03-15,8843
2330,台積電,44,3,41,玉山-高雄,2024-03-15,8843
00680L,元大美債20正2,49,9,40,玉山-高雄,2024-03-15,8843
00706L,期元大S＆P日圓正2,40,0,40,玉山-高雄,2024-03-15,8843
1909,榮成,40,0,40,玉山-高雄,2024-03-15,8843
1616,億泰,36,1,35,玉山-高雄,2024-03-15,8843
3356,奇偶,35,1,34,玉山-高雄,2024-03-15,8843
00915,凱基優選高股息30,130,100,30,玉山-高雄,2024-03-15,8843
2344,華邦電,42,12,30,玉山-高雄,2024-03-15,8843
2882,國泰金,32,3,29,玉山-高雄,2024-03-15,8843
2601,益航,29,0,29,玉山-高雄,2024-03-15,8843
2897,王道銀行,37,8,29,玉山-高雄,2024-03-15,8843
2313,華通,76,48,28,玉山-高雄,2024-03-15,8843
2527,宏璟,28,0,28,玉山-高雄,2024-03-15,8843
1210,大成,32,4,28,玉山-高雄,2024-03-15,8843
6015,宏遠證,27,0,27,玉山-高雄,2024-03-15,8843
6116,彩晶,31,5,26,玉山-高雄,2024-03-15,8843
6026,福邦證,28,2,26,玉山-高雄,2024-03-15,8843
2009,第一銅,40,15,25,玉山-高雄,2024-03-15,8843
1308,亞聚,25,0,25,玉山-高雄,2024-03-15,8843
3025,星通,26,1,25,玉山-高雄,2024-03-15,8843
6005,群益證,27,3,24,玉山-高雄,2024-03-15,8843
2413,環科,24,0,24,玉山-高雄,2024-03-15,8843
00919,群益台灣精選高息,742,362,380,玉山-高雄,2024-03-18,8843
2883,凱基金,469,92,377,玉山-高雄,2024-03-18,8843
2609,陽明,239,12,227,玉山-高雄,2024-03-18,8843
2367,燿華,213,19,194,玉山-高雄,2024-03-18,8843
00941,中信上游半導體,203,22,181,玉山-高雄,2024-03-18,8843
00706L,期元大S＆P日圓正2,180,0,180,玉山-高雄,2024-03-18,8843
00687B,國泰20年美債,149,4,145,玉山-高雄,2024-03-18,8843
00878,國泰永續高股息,217,83,134,玉山-高雄,2024-03-18,8843
00688L,國泰20年美債正2,117,0,117,玉山-高雄,2024-03-18,8843
00933B,國泰10Y+金融債,115,2,113,玉山-高雄,2024-03-18,8843
2025,千興,170,64,106,玉山-高雄,2024-03-18,8843
00937B,群益ESG投等債20,178,72,106,玉山-高雄,2024-03-18,8843
2303,聯電,142,44,98,玉山-高雄,2024-03-18,8843
1514,亞力,134,50,84,玉山-高雄,2024-03-18,8843
00751B,元大AAA至A公司債,85,1,84,玉山-高雄,2024-03-18,8843
00679B,元大美債20年,128,45,83,玉山-高雄,2024-03-18,8843
00857B,永豐20年美公債,72,0,72,玉山-高雄,2024-03-18,8843
2603,長榮,119,53,66,玉山-高雄,2024-03-18,8843
2486,一詮,194,130,64,玉山-高雄,2024-03-18,8843
2610,華航,71,6,65,玉山-高雄,2024-03-18,8843
2836,高雄銀,210,147,63,玉山-高雄,2024-03-18,8843
2867,三商壽,61,3,58,玉山-高雄,2024-03-18,8843
6116,彩晶,63,7,56,玉山-高雄,2024-03-18,8843
2354,鴻準,76,24,52,玉山-高雄,2024-03-18,8843
8936,國統,126,74,52,玉山-高雄,2024-03-18,8843
2409,友達,57,9,48,玉山-高雄,2024-03-18,8843
2634,漢翔,43,2,41,玉山-高雄,2024-03-18,8843
6016,康和證,40,1,39,玉山-高雄,2024-03-18,8843
00720B,元大投資級公司債,62,23,39,玉山-高雄,2024-03-18,8843
3294,英濟,81,44,37,玉山-高雄,2024-03-18,8843
1309,台達化,36,0,36,玉山-高雄,2024-03-18,8843
2382,廣達,71,39,32,玉山-高雄,2024-03-18,8843
4420,光明,33,1,32,玉山-高雄,2024-03-18,8843
3056,富華新,45,14,31,玉山-高雄,2024-03-18,8843
1101,台泥,30,0,30,玉山-高雄,2024-03-18,8843
2633,台灣高鐵,30,2,28,玉山-高雄,2024-03-18,8843
2888,新光金,55,28,27,玉山-高雄,2024-03-18,8843
3005,神基,28,4,24,玉山-高雄,2024-03-18,8843
00795B,中信美國公債20年,36,12,24,玉山-高雄,2024-03-18,8843
00931B,統一美債20年,24,0,24,玉山-高雄,2024-03-18,8843
6275,元山,37,14,23,玉山-高雄,2024-03-18,8843
8070,長華*,23,0,23,玉山-高雄,2024-03-18,8843
2312,金寶,23,0,23,玉山-高雄,2024-03-18,8843
2421,建準,42,19,23,玉山-高雄,2024-03-18,8843
4909,新復興,25,3,22,玉山-高雄,2024-03-18,8843
2801,彰銀,25,3,22,玉山-高雄,2024-03-18,8843
00712,復華富時不動產,66,44,22,玉山-高雄,2024-03-18,8843
2618,長榮航,131,110,21,玉山-高雄,2024-03-18,8843
1815,富喬,24,3,21,玉山-高雄,2024-03-18,8843
2509,全坤建,21,0,21,玉山-高雄,2024-03-18,8843
2883,凱基金,1501,79,1422,玉山-高雄,2024-03-19,8843
00706L,期元大S＆P日圓正2,620,1,619,玉山-高雄,2024-03-19,8843
00937B,群益ESG投等債20,321,5,316,玉山-高雄,2024-03-19,8843
2836,高雄銀,203,1,202,玉山-高雄,2024-03-19,8843
00918,大華優利高填息30,213,58,155,玉山-高雄,2024-03-19,8843
00941,中信上游半導體,147,47,100,玉山-高雄,2024-03-19,8843
00934,中信成長高股息,107,16,91,玉山-高雄,2024-03-19,8843
00637L,元大滬深300正2,106,15,91,玉山-高雄,2024-03-19,8843
00915,凱基優選高股息30,98,21,77,玉山-高雄,2024-03-19,8843
00687B,國泰20年美債,95,18,77,玉山-高雄,2024-03-19,8843
6770,力積電,71,2,69,玉山-高雄,2024-03-19,8843
2514,龍邦,64,0,64,玉山-高雄,2024-03-19,8843
1326,台化,61,1,60,玉山-高雄,2024-03-19,8843
00688L,國泰20年美債正2,76,25,51,玉山-高雄,2024-03-19,8843
1444,力麗,50,0,50,玉山-高雄,2024-03-19,8843
3052,夆典,50,1,49,玉山-高雄,2024-03-19,8843
00650L,復華香港正2,81,33,48,玉山-高雄,2024-03-19,8843
00720B,元大投資級公司債,57,10,47,玉山-高雄,2024-03-19,8843
6275,元山,59,17,42,玉山-高雄,2024-03-19,8843
00857B,永豐20年美公債,41,0,41,玉山-高雄,2024-03-19,8843
00665L,富邦�琤肭磪囓�2,61,20,41,玉山-高雄,2024-03-19,8843
2002,中鋼,119,78,41,玉山-高雄,2024-03-19,8843
1303,南亞,42,2,40,玉山-高雄,2024-03-19,8843
3312,弘憶股,53,17,36,玉山-高雄,2024-03-19,8843
5347,世界,132,95,37,玉山-高雄,2024-03-19,8843
8011,台通,81,46,35,玉山-高雄,2024-03-19,8843
2323,中環,55,20,35,玉山-高雄,2024-03-19,8843
00764B,群益25年美債,33,0,33,玉山-高雄,2024-03-19,8843
1513,中興電,95,63,32,玉山-高雄,2024-03-19,8843
8046,南電,35,3,32,玉山-高雄,2024-03-19,8843
2867,三商壽,52,20,32,玉山-高雄,2024-03-19,8843
6202,盛群,31,0,31,玉山-高雄,2024-03-19,8843
3041,揚智,129,99,30,玉山-高雄,2024-03-19,8843
00662,富邦NASDAQ,30,0,30,玉山-高雄,2024-03-19,8843
2486,一詮,82,52,30,玉山-高雄,2024-03-19,8843
2515,中工,64,35,29,玉山-高雄,2024-03-19,8843
3030,德律,28,0,28,玉山-高雄,2024-03-19,8843
00680L,元大美債20正2,38,10,28,玉山-高雄,2024-03-19,8843
00633L,富邦上証正2,30,2,28,玉山-高雄,2024-03-19,8843
2104,國際中橡,29,1,28,玉山-高雄,2024-03-19,8843
00930,永豐ESG低碳高息,37,9,28,玉山-高雄,2024-03-19,8843
00712,復華富時不動產,28,2,26,玉山-高雄,2024-03-19,8843
3056,富華新,25,0,25,玉山-高雄,2024-03-19,8843
1316,上曜,27,2,25,玉山-高雄,2024-03-19,8843
4904,遠傳,24,0,24,玉山-高雄,2024-03-19,8843
8064,東捷,30,6,24,玉山-高雄,2024-03-19,8843
2353,宏��,29,6,23,玉山-高雄,2024-03-19,8843
00753L,中信中國50正2,28,5,23,玉山-高雄,2024-03-19,8843
8996,高力,33,12,21,玉山-高雄,2024-03-19,8843
2329,華泰,47,26,21,玉山-高雄,2024-03-19,8843
00939,統一台灣高息動能,2559,335,2224,玉山-高雄,2024-03-20,8843
2834,臺企銀,741,15,726,玉山-高雄,2024-03-20,8843
00706L,期元大S＆P日圓正2,426,0,426,玉山-高雄,2024-03-20,8843
00937B,群益ESG投等債20,436,98,338,玉山-高雄,2024-03-20,8843
2618,長榮航,234,14,220,玉山-高雄,2024-03-20,8843
2883,凱基金,385,195,190,玉山-高雄,2024-03-20,8843
2356,英業達,329,148,181,玉山-高雄,2024-03-20,8843
00919,群益台灣精選高息,815,655,160,玉山-高雄,2024-03-20,8843
2303,聯電,310,166,144,玉山-高雄,2024-03-20,8843
00885,富邦越南,134,1,133,玉山-高雄,2024-03-20,8843
2888,新光金,140,15,125,玉山-高雄,2024-03-20,8843
3163,波若威,118,6,112,玉山-高雄,2024-03-20,8843
2880,華南金,128,21,107,玉山-高雄,2024-03-20,8843
2002,中鋼,114,14,100,玉山-高雄,2024-03-20,8843
1444,力麗,137,40,97,玉山-高雄,2024-03-20,8843
1101,台泥,168,71,97,玉山-高雄,2024-03-20,8843
2855,統一證,92,1,91,玉山-高雄,2024-03-20,8843
4938,和碩,137,55,82,玉山-高雄,2024-03-20,8843
1301,台塑,76,0,76,玉山-高雄,2024-03-20,8843
00687B,國泰20年美債,114,39,75,玉山-高雄,2024-03-20,8843
00941,中信上游半導體,84,14,70,玉山-高雄,2024-03-20,8843
1514,亞力,76,11,65,玉山-高雄,2024-03-20,8843
2344,華邦電,75,11,64,玉山-高雄,2024-03-20,8843
00679B,元大美債20年,73,11,62,玉山-高雄,2024-03-20,8843
00878,國泰永續高股息,107,49,58,玉山-高雄,2024-03-20,8843
00933B,國泰10Y+金融債,65,10,55,玉山-高雄,2024-03-20,8843
6284,佳邦,50,1,49,玉山-高雄,2024-03-20,8843
1909,榮成,48,0,48,玉山-高雄,2024-03-20,8843
2514,龍邦,45,2,43,玉山-高雄,2024-03-20,8843
00680L,元大美債20正2,64,22,42,玉山-高雄,2024-03-20,8843
6116,彩晶,42,3,39,玉山-高雄,2024-03-20,8843
2323,中環,60,23,37,玉山-高雄,2024-03-20,8843
1609,大亞,60,26,34,玉山-高雄,2024-03-20,8843
3702,大聯大,41,7,34,玉山-高雄,2024-03-20,8843
5880,合庫金,34,2,32,玉山-高雄,2024-03-20,8843
8936,國統,89,56,33,玉山-高雄,2024-03-20,8843
8473,山林水,50,18,32,玉山-高雄,2024-03-20,8843
2382,廣達,76,44,32,玉山-高雄,2024-03-20,8843
00662,富邦NASDAQ,31,0,31,玉山-高雄,2024-03-20,8843
2891,中信金,41,13,28,玉山-高雄,2024-03-20,8843
2367,燿華,72,44,28,玉山-高雄,2024-03-20,8843
3005,神基,73,46,27,玉山-高雄,2024-03-20,8843
1303,南亞,28,2,26,玉山-高雄,2024-03-20,8843
2603,長榮,183,158,25,玉山-高雄,2024-03-20,8843
2408,南亞科,24,0,24,玉山-高雄,2024-03-20,8843
2104,國際中橡,23,0,23,玉山-高雄,2024-03-20,8843
00891,中信關鍵半導體,25,3,22,玉山-高雄,2024-03-20,8843
2034,允強,22,0,22,玉山-高雄,2024-03-20,8843
2009,第一銅,49,27,22,玉山-高雄,2024-03-20,8843
8040,九暘,21,0,21,玉山-高雄,2024-03-20,8843
00939,統一台灣高息動能,1307,310,997,玉山-高雄,2024-03-21,8843
00632R,元大台灣50反1,527,50,477,玉山-高雄,2024-03-21,8843
00688L,國泰20年美債正2,280,0,280,玉山-高雄,2024-03-21,8843
00919,群益台灣精選高息,659,445,214,玉山-高雄,2024-03-21,8843
00687B,國泰20年美債,207,13,194,玉山-高雄,2024-03-21,8843
00679B,元大美債20年,193,0,193,玉山-高雄,2024-03-21,8843
3005,神基,199,35,164,玉山-高雄,2024-03-21,8843
2405,輔信,132,33,99,玉山-高雄,2024-03-21,8843
5483,中美晶,185,93,92,玉山-高雄,2024-03-21,8843
1337,再生-KY,82,0,82,玉山-高雄,2024-03-21,8843
3052,夆典,50,0,50,玉山-高雄,2024-03-21,8843
00937B,群益ESG投等債20,108,58,50,玉山-高雄,2024-03-21,8843
3227,原相,57,9,48,玉山-高雄,2024-03-21,8843
00933B,國泰10Y+金融債,52,5,47,玉山-高雄,2024-03-21,8843
2634,漢翔,43,1,42,玉山-高雄,2024-03-21,8843
2369,菱生,45,5,40,玉山-高雄,2024-03-21,8843
00772B,中信高評級公司債,38,0,38,玉山-高雄,2024-03-21,8843
2301,光寶科,72,34,38,玉山-高雄,2024-03-21,8843
5488,松普,37,1,36,玉山-高雄,2024-03-21,8843
2834,臺企銀,62,27,35,玉山-高雄,2024-03-21,8843
3041,揚智,120,85,35,玉山-高雄,2024-03-21,8843
3033,威健,36,5,31,玉山-高雄,2024-03-21,8843
00857B,永豐20年美公債,31,1,30,玉山-高雄,2024-03-21,8843
00740B,富邦全球投等債,26,0,26,玉山-高雄,2024-03-21,8843
00720B,元大投資級公司債,25,0,25,玉山-高雄,2024-03-21,8843
00643,群益深証中小,24,0,24,玉山-高雄,2024-03-21,8843
6443,元晶,48,24,24,玉山-高雄,2024-03-21,8843
00751B,元大AAA至A公司債,22,0,22,玉山-高雄,2024-03-21,8843
2376,技嘉,42,20,22,玉山-高雄,2024-03-21,8843
1603,華電,22,0,22,玉山-高雄,2024-03-21,8843
6125,廣運,28,8,20,玉山-高雄,2024-03-21,8843
3707,漢磊,20,0,20,玉山-高雄,2024-03-21,8843
6275,元山,24,6,18,玉山-高雄,2024-03-21,8843
2027,大成鋼,41,23,18,玉山-高雄,2024-03-21,8843
020034,元大IC設計N,17,0,17,玉山-高雄,2024-03-21,8843
2812,台中銀,20,4,16,玉山-高雄,2024-03-21,8843
6186,新潤,16,0,16,玉山-高雄,2024-03-21,8843
00715L,期街口布蘭特正2,26,11,15,玉山-高雄,2024-03-21,8843
3163,波若威,23,8,15,玉山-高雄,2024-03-21,8843
4303,信立,15,0,15,玉山-高雄,2024-03-21,8843
3508,位速,16,1,15,玉山-高雄,2024-03-21,8843
4915,致伸,17,3,14,玉山-高雄,2024-03-21,8843
6462,神盾,18,4,14,玉山-高雄,2024-03-21,8843
3607,谷崧,16,2,14,玉山-高雄,2024-03-21,8843
1460,宏遠,14,0,14,玉山-高雄,2024-03-21,8843
4114,健喬,13,0,13,玉山-高雄,2024-03-21,8843
00680L,元大美債20正2,24,11,13,玉山-高雄,2024-03-21,8843
3147,大綜,13,0,13,玉山-高雄,2024-03-21,8843
1905,華紙,17,4,13,玉山-高雄,2024-03-21,8843
2355,敬鵬,14,1,13,玉山-高雄,2024-03-21,8843
00919,群益台灣精選高息,890,396,494,玉山-高雄,2024-03-22,8843
00753L,中信中國50正2,329,0,329,玉山-高雄,2024-03-22,8843
00665L,富邦�琤肭磪囓�2,316,3,313,玉山-高雄,2024-03-22,8843
2836,高雄銀,300,3,297,玉山-高雄,2024-03-22,8843
00939,統一台灣高息動能,411,164,247,玉山-高雄,2024-03-22,8843
00688L,國泰20年美債正2,223,12,211,玉山-高雄,2024-03-22,8843
00632R,元大台灣50反1,218,23,195,玉山-高雄,2024-03-22,8843
00937B,群益ESG投等債20,196,51,145,玉山-高雄,2024-03-22,8843
00687B,國泰20年美債,157,16,141,玉山-高雄,2024-03-22,8843
00941,中信上游半導體,179,41,138,玉山-高雄,2024-03-22,8843
00650L,復華香港正2,132,0,132,玉山-高雄,2024-03-22,8843
2408,南亞科,184,66,118,玉山-高雄,2024-03-22,8843
2353,宏��,164,55,109,玉山-高雄,2024-03-22,8843
3706,神達,191,93,98,玉山-高雄,2024-03-22,8843
3005,神基,156,79,77,玉山-高雄,2024-03-22,8843
1605,華新,78,12,66,玉山-高雄,2024-03-22,8843
00679B,元大美債20年,93,28,65,玉山-高雄,2024-03-22,8843
3056,富華新,63,2,61,玉山-高雄,2024-03-22,8843
6443,元晶,188,130,58,玉山-高雄,2024-03-22,8843
1101,台泥,58,2,56,玉山-高雄,2024-03-22,8843
3481,群創,264,212,52,玉山-高雄,2024-03-22,8843
5483,中美晶,75,25,50,玉山-高雄,2024-03-22,8843
2317,鴻海,239,189,50,玉山-高雄,2024-03-22,8843
00680L,元大美債20正2,62,12,50,玉山-高雄,2024-03-22,8843
2834,臺企銀,94,44,50,玉山-高雄,2024-03-22,8843
00706L,期元大S＆P日圓正2,53,7,46,玉山-高雄,2024-03-22,8843
2609,陽明,49,3,46,玉山-高雄,2024-03-22,8843
2509,全坤建,42,0,42,玉山-高雄,2024-03-22,8843
2603,長榮,101,60,41,玉山-高雄,2024-03-22,8843
8070,長華*,67,26,41,玉山-高雄,2024-03-22,8843
2002,中鋼,68,30,38,玉山-高雄,2024-03-22,8843
2367,燿華,79,41,38,玉山-高雄,2024-03-22,8843
2376,技嘉,71,34,37,玉山-高雄,2024-03-22,8843
2538,基泰,36,0,36,玉山-高雄,2024-03-22,8843
020023,元大櫃買半導體N,34,0,34,玉山-高雄,2024-03-22,8843
6176,瑞儀,39,7,32,玉山-高雄,2024-03-22,8843
00715L,期街口布蘭特正2,31,0,31,玉山-高雄,2024-03-22,8843
1504,東元,68,38,30,玉山-高雄,2024-03-22,8843
2838,聯邦銀,30,0,30,玉山-高雄,2024-03-22,8843
00930,永豐ESG低碳高息,31,1,30,玉山-高雄,2024-03-22,8843
00934,中信成長高股息,29,0,29,玉山-高雄,2024-03-22,8843
00927,群益半導體收益,32,4,28,玉山-高雄,2024-03-22,8843
6244,茂迪,51,23,28,玉山-高雄,2024-03-22,8843
2486,一詮,113,86,27,玉山-高雄,2024-03-22,8843
3041,揚智,58,31,27,玉山-高雄,2024-03-22,8843
2888,新光金,26,0,26,玉山-高雄,2024-03-22,8843
1515,力山,27,1,26,玉山-高雄,2024-03-22,8843
6505,台塑化,46,21,25,玉山-高雄,2024-03-22,8843
4906,正文,29,4,25,玉山-高雄,2024-03-22,8843
1304,台聚,24,0,24,玉山-高雄,2024-03-22,8843
00941,中信上游半導體,536,141,395,玉山-高雄,2024-03-25,8843
00688L,國泰20年美債正2,393,0,393,玉山-高雄,2024-03-25,8843
00706L,期元大S＆P日圓正2,200,0,200,玉山-高雄,2024-03-25,8843
2514,龍邦,190,0,190,玉山-高雄,2024-03-25,8843
00937B,群益ESG投等債20,198,14,184,玉山-高雄,2024-03-25,8843
2633,台灣高鐵,172,3,169,玉山-高雄,2024-03-25,8843
00919,群益台灣精選高息,330,185,145,玉山-高雄,2024-03-25,8843
00632R,元大台灣50反1,175,40,135,玉山-高雄,2024-03-25,8843
2356,英業達,343,220,123,玉山-高雄,2024-03-25,8843
2892,第一金,109,1,108,玉山-高雄,2024-03-25,8843
4958,臻鼎-KY,91,3,88,玉山-高雄,2024-03-25,8843
3481,群創,122,46,76,玉山-高雄,2024-03-25,8843
1609,大亞,323,249,74,玉山-高雄,2024-03-25,8843
00878,國泰永續高股息,103,34,69,玉山-高雄,2024-03-25,8843
00680L,元大美債20正2,60,0,60,玉山-高雄,2024-03-25,8843
2363,矽統,57,2,55,玉山-高雄,2024-03-25,8843
1909,榮成,65,10,55,玉山-高雄,2024-03-25,8843
2834,臺企銀,70,17,53,玉山-高雄,2024-03-25,8843
2812,台中銀,56,5,51,玉山-高雄,2024-03-25,8843
2303,聯電,92,45,47,玉山-高雄,2024-03-25,8843
2634,漢翔,57,10,47,玉山-高雄,2024-03-25,8843
5351,鈺創,48,2,46,玉山-高雄,2024-03-25,8843
00927,群益半導體收益,52,7,45,玉山-高雄,2024-03-25,8843
8064,東捷,53,12,41,玉山-高雄,2024-03-25,8843
2359,所羅門,45,5,40,玉山-高雄,2024-03-25,8843
2882,國泰金,41,2,39,玉山-高雄,2024-03-25,8843
00679B,元大美債20年,51,12,39,玉山-高雄,2024-03-25,8843
6770,力積電,43,5,38,玉山-高雄,2024-03-25,8843
8473,山林水,40,2,38,玉山-高雄,2024-03-25,8843
2449,京元電子,56,18,38,玉山-高雄,2024-03-25,8843
2353,宏��,58,21,37,玉山-高雄,2024-03-25,8843
4938,和碩,41,5,36,玉山-高雄,2024-03-25,8843
8070,長華*,52,17,35,玉山-高雄,2024-03-25,8843
3025,星通,37,3,34,玉山-高雄,2024-03-25,8843
6139,亞翔,45,14,31,玉山-高雄,2024-03-25,8843
3058,立德,40,9,31,玉山-高雄,2024-03-25,8843
3576,聯合再生,30,0,30,玉山-高雄,2024-03-25,8843
2367,燿華,98,69,29,玉山-高雄,2024-03-25,8843
8210,勤誠,30,3,27,玉山-高雄,2024-03-25,8843
5310,天剛,27,0,27,玉山-高雄,2024-03-25,8843
2465,麗臺,29,3,26,玉山-高雄,2024-03-25,8843
5498,凱崴,29,3,26,玉山-高雄,2024-03-25,8843
8942,森鉅,26,0,26,玉山-高雄,2024-03-25,8843
1718,中纖,26,0,26,玉山-高雄,2024-03-25,8843
00891,中信關鍵半導體,29,3,26,玉山-高雄,2024-03-25,8843
3545,敦泰,36,13,23,玉山-高雄,2024-03-25,8843
2025,千興,21,0,21,玉山-高雄,2024-03-25,8843
1605,華新,40,20,20,玉山-高雄,2024-03-25,8843
6128,上福,20,0,20,玉山-高雄,2024-03-25,8843
8936,國統,50,30,20,玉山-高雄,2024-03-25,8843
00939,統一台灣高息動能,1095,643,452,玉山-高雄,2024-03-26,8843
2317,鴻海,473,81,392,玉山-高雄,2024-03-26,8843
2618,長榮航,372,33,339,玉山-高雄,2024-03-26,8843
00919,群益台灣精選高息,621,283,338,玉山-高雄,2024-03-26,8843
00941,中信上游半導體,343,116,227,玉山-高雄,2024-03-26,8843
2603,長榮,241,36,205,玉山-高雄,2024-03-26,8843
00669R,國泰美國道瓊反1,200,0,200,玉山-高雄,2024-03-26,8843
00632R,元大台灣50反1,219,35,184,玉山-高雄,2024-03-26,8843
00937B,群益ESG投等債20,205,39,166,玉山-高雄,2024-03-26,8843
2359,所羅門,267,109,158,玉山-高雄,2024-03-26,8843
1815,富喬,155,23,132,玉山-高雄,2024-03-26,8843
00885,富邦越南,112,16,96,玉山-高雄,2024-03-26,8843
2609,陽明,117,25,92,玉山-高雄,2024-03-26,8843
8936,國統,178,97,81,玉山-高雄,2024-03-26,8843
4109,加捷生醫,76,1,75,玉山-高雄,2024-03-26,8843
2392,正崴,78,11,67,玉山-高雄,2024-03-26,8843
3312,弘憶股,89,29,60,玉山-高雄,2024-03-26,8843
6770,力積電,79,19,60,玉山-高雄,2024-03-26,8843
00679B,元大美債20年,59,1,58,玉山-高雄,2024-03-26,8843
3041,揚智,57,5,52,玉山-高雄,2024-03-26,8843
2615,萬海,54,3,51,玉山-高雄,2024-03-26,8843
4938,和碩,67,16,51,玉山-高雄,2024-03-26,8843
8070,長華*,53,4,49,玉山-高雄,2024-03-26,8843
2323,中環,89,43,46,玉山-高雄,2024-03-26,8843
5880,合庫金,52,6,46,玉山-高雄,2024-03-26,8843
00712,復華富時不動產,76,32,44,玉山-高雄,2024-03-26,8843
2208,台船,57,14,43,玉山-高雄,2024-03-26,8843
6125,廣運,111,69,42,玉山-高雄,2024-03-26,8843
3231,緯創,118,77,41,玉山-高雄,2024-03-26,8843
2303,聯電,74,37,37,玉山-高雄,2024-03-26,8843
2313,華通,87,51,36,玉山-高雄,2024-03-26,8843
3163,波若威,59,24,35,玉山-高雄,2024-03-26,8843
3056,富華新,37,2,35,玉山-高雄,2024-03-26,8843
8473,山林水,34,0,34,玉山-高雄,2024-03-26,8843
8121,越峰,31,1,30,玉山-高雄,2024-03-26,8843
2464,盟立,58,29,29,玉山-高雄,2024-03-26,8843
8210,勤誠,30,1,29,玉山-高雄,2024-03-26,8843
5381,合正,35,7,28,玉山-高雄,2024-03-26,8843
2388,威盛,41,15,26,玉山-高雄,2024-03-26,8843
1514,亞力,80,55,25,玉山-高雄,2024-03-26,8843
2349,錸德,24,0,24,玉山-高雄,2024-03-26,8843
00740B,富邦全球投等債,24,0,24,玉山-高雄,2024-03-26,8843
1609,大亞,223,200,23,玉山-高雄,2024-03-26,8843
1785,光洋科,25,2,23,玉山-高雄,2024-03-26,8843
2405,輔信,25,4,21,玉山-高雄,2024-03-26,8843
6153,嘉聯益,23,2,21,玉山-高雄,2024-03-26,8843
8112,至上,42,21,21,玉山-高雄,2024-03-26,8843
4979,華星光,37,16,21,玉山-高雄,2024-03-26,8843
1909,榮成,33,13,20,玉山-高雄,2024-03-26,8843
1513,中興電,140,120,20,玉山-高雄,2024-03-26,8843
2514,龍邦,306,0,306,玉山-高雄,2024-03-27,8843
00937B,群益ESG投等債20,324,70,254,玉山-高雄,2024-03-27,8843
00939,統一台灣高息動能,374,209,165,玉山-高雄,2024-03-27,8843
00706L,期元大S＆P日圓正2,230,100,130,玉山-高雄,2024-03-27,8843
2371,大同,249,144,105,玉山-高雄,2024-03-27,8843
2547,日勝生,101,1,100,玉山-高雄,2024-03-27,8843
1513,中興電,199,99,100,玉山-高雄,2024-03-27,8843
2301,光寶科,104,18,86,玉山-高雄,2024-03-27,8843
2464,盟立,145,63,82,玉山-高雄,2024-03-27,8843
1609,大亞,130,56,74,玉山-高雄,2024-03-27,8843
00919,群益台灣精選高息,204,138,66,玉山-高雄,2024-03-27,8843
3481,群創,85,20,65,玉山-高雄,2024-03-27,8843
6770,力積電,78,15,63,玉山-高雄,2024-03-27,8843
00715L,期街口布蘭特正2,56,1,55,玉山-高雄,2024-03-27,8843
3376,新日興,85,30,55,玉山-高雄,2024-03-27,8843
00665L,富邦�琤肭磪囓�2,60,10,50,玉山-高雄,2024-03-27,8843
2303,聯電,55,8,47,玉山-高雄,2024-03-27,8843
00680L,元大美債20正2,65,22,43,玉山-高雄,2024-03-27,8843
9933,中鼎,48,6,42,玉山-高雄,2024-03-27,8843
5213,亞昕,41,0,41,玉山-高雄,2024-03-27,8843
1316,上曜,48,15,33,玉山-高雄,2024-03-27,8843
1808,潤隆,34,2,32,玉山-高雄,2024-03-27,8843
1603,華電,74,43,31,玉山-高雄,2024-03-27,8843
2417,圓剛,29,1,28,玉山-高雄,2024-03-27,8843
2241,艾姆勒,30,3,27,玉山-高雄,2024-03-27,8843
3033,威健,27,1,26,玉山-高雄,2024-03-27,8843
2812,台中銀,30,4,26,玉山-高雄,2024-03-27,8843
2615,萬海,26,0,26,玉山-高雄,2024-03-27,8843
2542,興富發,43,18,25,玉山-高雄,2024-03-27,8843
2367,燿華,46,24,22,玉山-高雄,2024-03-27,8843
4513,福裕,22,0,22,玉山-高雄,2024-03-27,8843
5388,中磊,30,9,21,玉山-高雄,2024-03-27,8843
8110,華東,23,2,21,玉山-高雄,2024-03-27,8843
6271,同欣電,20,0,20,玉山-高雄,2024-03-27,8843
2107,厚生,20,0,20,玉山-高雄,2024-03-27,8843
1909,榮成,20,0,20,玉山-高雄,2024-03-27,8843
6188,廣明,21,3,18,玉山-高雄,2024-03-27,8843
00751B,元大AAA至A公司債,18,0,18,玉山-高雄,2024-03-27,8843
5521,工信,30,12,18,玉山-高雄,2024-03-27,8843
3013,晟銘電,62,45,17,玉山-高雄,2024-03-27,8843
8112,至上,20,3,17,玉山-高雄,2024-03-27,8843
2376,技嘉,22,6,16,玉山-高雄,2024-03-27,8843
3715,定穎投控,18,2,16,玉山-高雄,2024-03-27,8843
6239,力成,22,6,16,玉山-高雄,2024-03-27,8843
3703,欣陸,18,2,16,玉山-高雄,2024-03-27,8843
2331,精英,23,7,16,玉山-高雄,2024-03-27,8843
1616,億泰,42,26,16,玉山-高雄,2024-03-27,8843
5880,合庫金,16,1,15,玉山-高雄,2024-03-27,8843
1101,台泥,32,17,15,玉山-高雄,2024-03-27,8843
2457,飛宏,15,0,15,玉山-高雄,2024-03-27,8843
3706,神達,281,57,224,玉山-高雄,2024-03-28,8843
2883,凱基金,540,342,198,玉山-高雄,2024-03-28,8843
00882,中信中國高股息,184,10,174,玉山-高雄,2024-03-28,8843
1522,堤維西,164,6,158,玉山-高雄,2024-03-28,8843
00919,群益台灣精選高息,240,146,94,玉山-高雄,2024-03-28,8843
00939,統一台灣高息動能,305,213,92,玉山-高雄,2024-03-28,8843
00688L,國泰20年美債正2,102,12,90,玉山-高雄,2024-03-28,8843
5213,亞昕,64,1,63,玉山-高雄,2024-03-28,8843
2356,英業達,164,107,57,玉山-高雄,2024-03-28,8843
5483,中美晶,60,8,52,玉山-高雄,2024-03-28,8843
1789,神隆,55,5,50,玉山-高雄,2024-03-28,8843
00941,中信上游半導體,76,27,49,玉山-高雄,2024-03-28,8843
1608,華榮,86,44,42,玉山-高雄,2024-03-28,8843
8936,國統,59,18,41,玉山-高雄,2024-03-28,8843
2609,陽明,42,5,37,玉山-高雄,2024-03-28,8843
3231,緯創,76,41,35,玉山-高雄,2024-03-28,8843
4303,信立,48,13,35,玉山-高雄,2024-03-28,8843
3005,神基,44,12,32,玉山-高雄,2024-03-28,8843
00937B,群益ESG投等債20,98,68,30,玉山-高雄,2024-03-28,8843
2002,中鋼,30,1,29,玉山-高雄,2024-03-28,8843
3481,群創,35,6,29,玉山-高雄,2024-03-28,8843
1301,台塑,27,0,27,玉山-高雄,2024-03-28,8843
2383,台光電,28,2,26,玉山-高雄,2024-03-28,8843
1519,華城,29,3,26,玉山-高雄,2024-03-28,8843
4760,勤凱,23,0,23,玉山-高雄,2024-03-28,8843
9904,寶成,27,4,23,玉山-高雄,2024-03-28,8843
2603,長榮,88,65,23,玉山-高雄,2024-03-28,8843
5388,中磊,23,1,22,玉山-高雄,2024-03-28,8843
6257,矽格,25,4,21,玉山-高雄,2024-03-28,8843
8068,全達,21,0,21,玉山-高雄,2024-03-28,8843
2610,華航,27,6,21,玉山-高雄,2024-03-28,8843
1314,中石化,25,5,20,玉山-高雄,2024-03-28,8843
2851,中再保,20,2,18,玉山-高雄,2024-03-28,8843
4572,駐龍,38,20,18,玉山-高雄,2024-03-28,8843
2408,南亞科,26,9,17,玉山-高雄,2024-03-28,8843
1584,精剛,22,5,17,玉山-高雄,2024-03-28,8843
2330,台積電,24,7,17,玉山-高雄,2024-03-28,8843
2888,新光金,21,4,17,玉山-高雄,2024-03-28,8843
2615,萬海,17,0,17,玉山-高雄,2024-03-28,8843
6274,台燿,32,16,16,玉山-高雄,2024-03-28,8843
2884,玉山金,38,23,15,玉山-高雄,2024-03-28,8843
3048,益登,15,0,15,玉山-高雄,2024-03-28,8843
5243,乙盛-KY,24,9,15,玉山-高雄,2024-03-28,8843
006208,富邦台50,15,0,15,玉山-高雄,2024-03-28,8843
8046,南電,22,7,15,玉山-高雄,2024-03-28,8843
2027,大成鋼,34,20,14,玉山-高雄,2024-03-28,8843
4108,懷特,14,0,14,玉山-高雄,2024-03-28,8843
00927,群益半導體收益,13,0,13,玉山-高雄,2024-03-28,8843
2486,一詮,22,9,13,玉山-高雄,2024-03-28,8843
3419,譁裕,13,0,13,玉山-高雄,2024-03-28,8843
2317,鴻海,642,58,584,玉山-高雄,2024-03-29,8843
2328,廣宇,368,8,360,玉山-高雄,2024-03-29,8843
00939,統一台灣高息動能,232,49,183,玉山-高雄,2024-03-29,8843
2367,燿華,201,57,144,玉山-高雄,2024-03-29,8843
2301,光寶科,152,54,98,玉山-高雄,2024-03-29,8843
2409,友達,99,2,97,玉山-高雄,2024-03-29,8843
00929,復華台灣科技優息,139,65,74,玉山-高雄,2024-03-29,8843
2601,益航,71,0,71,玉山-高雄,2024-03-29,8843
2417,圓剛,69,1,68,玉山-高雄,2024-03-29,8843
2371,大同,123,56,67,玉山-高雄,2024-03-29,8843
9105,泰金寶-DR,67,6,61,玉山-高雄,2024-03-29,8843
2511,太子,59,0,59,玉山-高雄,2024-03-29,8843
2537,聯上發,75,17,58,玉山-高雄,2024-03-29,8843
2324,仁寶,73,15,58,玉山-高雄,2024-03-29,8843
00665L,富邦�琤肭磪囓�2,72,21,51,玉山-高雄,2024-03-29,8843
2514,龍邦,48,0,48,玉山-高雄,2024-03-29,8843
3062,建漢,52,4,48,玉山-高雄,2024-03-29,8843
00637L,元大滬深300正2,71,26,45,玉山-高雄,2024-03-29,8843
3576,聯合再生,45,3,42,玉山-高雄,2024-03-29,8843
8070,長華*,36,0,36,玉山-高雄,2024-03-29,8843
1460,宏遠,36,0,36,玉山-高雄,2024-03-29,8843
00918,大華優利高填息30,35,2,33,玉山-高雄,2024-03-29,8843
2027,大成鋼,37,5,32,玉山-高雄,2024-03-29,8843
00919,群益台灣精選高息,168,136,32,玉山-高雄,2024-03-29,8843
2323,中環,39,8,31,玉山-高雄,2024-03-29,8843
1434,福懋,31,0,31,玉山-高雄,2024-03-29,8843
2208,台船,32,1,31,玉山-高雄,2024-03-29,8843
2538,基泰,30,0,30,玉山-高雄,2024-03-29,8843
2392,正崴,47,18,29,玉山-高雄,2024-03-29,8843
8112,至上,30,4,26,玉山-高雄,2024-03-29,8843
2641,正德,26,0,26,玉山-高雄,2024-03-29,8843
3498,陽程,29,3,26,玉山-高雄,2024-03-29,8843
2382,廣達,154,131,23,玉山-高雄,2024-03-29,8843
1734,杏輝,26,3,23,玉山-高雄,2024-03-29,8843
6443,元晶,33,11,22,玉山-高雄,2024-03-29,8843
00915,凱基優選高股息30,21,0,21,玉山-高雄,2024-03-29,8843
2486,一詮,30,9,21,玉山-高雄,2024-03-29,8843
8011,台通,69,48,21,玉山-高雄,2024-03-29,8843
3056,富華新,40,20,20,玉山-高雄,2024-03-29,8843
2897,王道銀行,20,0,20,玉山-高雄,2024-03-29,8843
00941,中信上游半導體,94,76,18,玉山-高雄,2024-03-29,8843
6770,力積電,21,3,18,玉山-高雄,2024-03-29,8843
2421,建準,66,47,19,玉山-高雄,2024-03-29,8843
6606,建德工業,20,2,18,玉山-高雄,2024-03-29,8843
3025,星通,26,8,18,玉山-高雄,2024-03-29,8843
6416,瑞祺電通,17,0,17,玉山-高雄,2024-03-29,8843
3041,揚智,27,10,17,玉山-高雄,2024-03-29,8843
8110,華東,41,24,17,玉山-高雄,2024-03-29,8843
8033,雷虎,18,1,17,玉山-高雄,2024-03-29,8843
3035,智原,24,7,17,玉山-高雄,2024-03-29,8843
00940,元大台灣價值高息,3756,273,3483,玉山-高雄,2024-04-01,8843
00687B,國泰20年美債,149,4,145,玉山-高雄,2024-04-01,8843
00919,群益台灣精選高息,204,59,145,玉山-高雄,2024-04-01,8843
2891,中信金,121,16,105,玉山-高雄,2024-04-01,8843
5213,亞昕,98,1,97,玉山-高雄,2024-04-01,8843
1514,亞力,92,5,87,玉山-高雄,2024-04-01,8843
2354,鴻準,97,20,77,玉山-高雄,2024-04-01,8843
00712,復華富時不動產,112,35,77,玉山-高雄,2024-04-01,8843
2603,長榮,96,26,70,玉山-高雄,2024-04-01,8843
3711,日月光投控,135,65,70,玉山-高雄,2024-04-01,8843
2547,日勝生,70,20,50,玉山-高雄,2024-04-01,8843
2382,廣達,96,46,50,玉山-高雄,2024-04-01,8843
00937B,群益ESG投等債20,88,40,48,玉山-高雄,2024-04-01,8843
3231,緯創,97,49,48,玉山-高雄,2024-04-01,8843
3481,群創,56,10,46,玉山-高雄,2024-04-01,8843
2356,英業達,82,37,45,玉山-高雄,2024-04-01,8843
2867,三商壽,45,0,45,玉山-高雄,2024-04-01,8843
2534,宏盛,50,5,45,玉山-高雄,2024-04-01,8843
2537,聯上發,56,11,45,玉山-高雄,2024-04-01,8843
2834,臺企銀,83,40,43,玉山-高雄,2024-04-01,8843
00688L,國泰20年美債正2,40,6,34,玉山-高雄,2024-04-01,8843
9105,泰金寶-DR,38,5,33,玉山-高雄,2024-04-01,8843
2303,聯電,59,26,33,玉山-高雄,2024-04-01,8843
2352,佳世達,35,3,32,玉山-高雄,2024-04-01,8843
2897,王道銀行,30,0,30,玉山-高雄,2024-04-01,8843
1301,台塑,38,11,27,玉山-高雄,2024-04-01,8843
00933B,國泰10Y+金融債,56,29,27,玉山-高雄,2024-04-01,8843
2548,華固,29,2,27,玉山-高雄,2024-04-01,8843
00679B,元大美債20年,69,43,26,玉山-高雄,2024-04-01,8843
00632R,元大台灣50反1,26,0,26,玉山-高雄,2024-04-01,8843
00941,中信上游半導體,74,49,25,玉山-高雄,2024-04-01,8843
6153,嘉聯益,25,2,23,玉山-高雄,2024-04-01,8843
1605,華新,23,1,22,玉山-高雄,2024-04-01,8843
9902,台火,22,1,21,玉山-高雄,2024-04-01,8843
2881,富邦金,21,2,19,玉山-高雄,2024-04-01,8843
8936,國統,40,21,19,玉山-高雄,2024-04-01,8843
2816,旺旺保,20,1,19,玉山-高雄,2024-04-01,8843
00878,國泰永續高股息,40,22,18,玉山-高雄,2024-04-01,8843
3535,晶彩科,21,4,17,玉山-高雄,2024-04-01,8843
00891,中信關鍵半導體,19,3,16,玉山-高雄,2024-04-01,8843
1805,寶徠,16,0,16,玉山-高雄,2024-04-01,8843
2313,華通,82,67,15,玉山-高雄,2024-04-01,8843
3013,晟銘電,33,18,15,玉山-高雄,2024-04-01,8843
3294,英濟,19,4,15,玉山-高雄,2024-04-01,8843
1513,中興電,60,45,15,玉山-高雄,2024-04-01,8843
00923,群益台ESG低碳50,17,3,14,玉山-高雄,2024-04-01,8843
2520,冠德,17,3,14,玉山-高雄,2024-04-01,8843
00740B,富邦全球投等債,14,0,14,玉山-高雄,2024-04-01,8843
8942,森鉅,14,0,14,玉山-高雄,2024-04-01,8843
3512,皇龍,24,10,14,玉山-高雄,2024-04-01,8843
00940,元大台灣價值高息,1047,308,739,玉山-高雄,2024-04-02,8843
00929,復華台灣科技優息,554,199,355,玉山-高雄,2024-04-02,8843
00687B,國泰20年美債,238,4,234,玉山-高雄,2024-04-02,8843
00937B,群益ESG投等債20,241,41,200,玉山-高雄,2024-04-02,8843
00679B,元大美債20年,183,21,162,玉山-高雄,2024-04-02,8843
2603,長榮,220,83,137,玉山-高雄,2024-04-02,8843
00885,富邦越南,127,1,126,玉山-高雄,2024-04-02,8843
00933B,國泰10Y+金融債,104,0,104,玉山-高雄,2024-04-02,8843
00680L,元大美債20正2,194,109,85,玉山-高雄,2024-04-02,8843
2371,大同,108,25,83,玉山-高雄,2024-04-02,8843
2301,光寶科,123,40,83,玉山-高雄,2024-04-02,8843
8110,華東,104,24,80,玉山-高雄,2024-04-02,8843
2641,正德,76,0,76,玉山-高雄,2024-04-02,8843
00632R,元大台灣50反1,191,117,74,玉山-高雄,2024-04-02,8843
8112,至上,82,8,74,玉山-高雄,2024-04-02,8843
00941,中信上游半導體,176,113,63,玉山-高雄,2024-04-02,8843
4402,郡都開發,61,0,61,玉山-高雄,2024-04-02,8843
2834,臺企銀,56,1,55,玉山-高雄,2024-04-02,8843
00720B,元大投資級公司債,79,26,53,玉山-高雄,2024-04-02,8843
1314,中石化,127,76,51,玉山-高雄,2024-04-02,8843
2601,益航,50,0,50,玉山-高雄,2024-04-02,8843
2538,基泰,50,0,50,玉山-高雄,2024-04-02,8843
00931B,統一美債20年,49,0,49,玉山-高雄,2024-04-02,8843
2883,凱基金,53,5,48,玉山-高雄,2024-04-02,8843
00751B,元大AAA至A公司債,47,0,47,玉山-高雄,2024-04-02,8843
00725B,國泰投資級公司債,44,0,44,玉山-高雄,2024-04-02,8843
00637L,元大滬深300正2,114,72,42,玉山-高雄,2024-04-02,8843
1905,華紙,41,0,41,玉山-高雄,2024-04-02,8843
2547,日勝生,50,15,35,玉山-高雄,2024-04-02,8843
00706L,期元大S＆P日圓正2,40,5,35,玉山-高雄,2024-04-02,8843
2888,新光金,33,1,32,玉山-高雄,2024-04-02,8843
1789,神隆,30,0,30,玉山-高雄,2024-04-02,8843
00740B,富邦全球投等債,30,0,30,玉山-高雄,2024-04-02,8843
8358,金居,57,27,30,玉山-高雄,2024-04-02,8843
3033,威健,30,2,28,玉山-高雄,2024-04-02,8843
8070,長華*,35,8,27,玉山-高雄,2024-04-02,8843
00712,復華富時不動產,38,13,25,玉山-高雄,2024-04-02,8843
2365,昆盈,29,4,25,玉山-高雄,2024-04-02,8843
1560,中砂,34,9,25,玉山-高雄,2024-04-02,8843
00733,富邦臺灣中小,26,2,24,玉山-高雄,2024-04-02,8843
3221,台嘉碩,21,0,21,玉山-高雄,2024-04-02,8843
00858,永豐美國500大,20,0,20,玉山-高雄,2024-04-02,8843
2431,聯昌,20,0,20,玉山-高雄,2024-04-02,8843
00795B,中信美國公債20年,19,0,19,玉山-高雄,2024-04-02,8843
2509,全坤建,20,1,19,玉山-高雄,2024-04-02,8843
3260,威剛,25,7,18,玉山-高雄,2024-04-02,8843
1513,中興電,38,19,19,玉山-高雄,2024-04-02,8843
3356,奇偶,24,6,18,玉山-高雄,2024-04-02,8843
2356,英業達,56,38,18,玉山-高雄,2024-04-02,8843
6177,達麗,17,2,15,玉山-高雄,2024-04-02,8843
00940,元大台灣價值高息,642,77,565,玉山-高雄,2024-04-03,8843
2888,新光金,370,0,370,玉山-高雄,2024-04-03,8843
00929,復華台灣科技優息,351,25,326,玉山-高雄,2024-04-03,8843
00937B,群益ESG投等債20,284,10,274,玉山-高雄,2024-04-03,8843
00687B,國泰20年美債,271,10,261,玉山-高雄,2024-04-03,8843
00679B,元大美債20年,194,2,192,玉山-高雄,2024-04-03,8843
4960,誠美材,168,0,168,玉山-高雄,2024-04-03,8843
2601,益航,184,20,164,玉山-高雄,2024-04-03,8843
00680L,元大美債20正2,203,41,162,玉山-高雄,2024-04-03,8843
2618,長榮航,277,118,159,玉山-高雄,2024-04-03,8843
2486,一詮,391,245,146,玉山-高雄,2024-04-03,8843
2891,中信金,153,8,145,玉山-高雄,2024-04-03,8843
2409,友達,171,29,142,玉山-高雄,2024-04-03,8843
00927,群益半導體收益,136,0,136,玉山-高雄,2024-04-03,8843
911868,同方友友-DR,117,0,117,玉山-高雄,2024-04-03,8843
3481,群創,124,9,115,玉山-高雄,2024-04-03,8843
00720B,元大投資級公司債,111,0,111,玉山-高雄,2024-04-03,8843
3715,定穎投控,124,28,96,玉山-高雄,2024-04-03,8843
4414,如興,87,0,87,玉山-高雄,2024-04-03,8843
2537,聯上發,107,24,83,玉山-高雄,2024-04-03,8843
2356,英業達,130,61,69,玉山-高雄,2024-04-03,8843
00933B,國泰10Y+金融債,67,1,66,玉山-高雄,2024-04-03,8843
4402,郡都開發,59,0,59,玉山-高雄,2024-04-03,8843
00733,富邦臺灣中小,61,4,57,玉山-高雄,2024-04-03,8843
2344,華邦電,59,2,57,玉山-高雄,2024-04-03,8843
2892,第一金,58,4,54,玉山-高雄,2024-04-03,8843
2534,宏盛,50,0,50,玉山-高雄,2024-04-03,8843
00751B,元大AAA至A公司債,46,0,46,玉山-高雄,2024-04-03,8843
2884,玉山金,56,11,45,玉山-高雄,2024-04-03,8843
1608,華榮,133,89,44,玉山-高雄,2024-04-03,8843
3260,威剛,42,0,42,玉山-高雄,2024-04-03,8843
1524,耿鼎,48,7,41,玉山-高雄,2024-04-03,8843
2851,中再保,41,0,41,玉山-高雄,2024-04-03,8843
3535,晶彩科,84,44,40,玉山-高雄,2024-04-03,8843
3056,富華新,60,20,40,玉山-高雄,2024-04-03,8843
2610,華航,51,12,39,玉山-高雄,2024-04-03,8843
00637L,元大滬深300正2,51,12,39,玉山-高雄,2024-04-03,8843
2881,富邦金,39,0,39,玉山-高雄,2024-04-03,8843
00688L,國泰20年美債正2,37,0,37,玉山-高雄,2024-04-03,8843
00665L,富邦�琤肭磪囓�2,39,3,36,玉山-高雄,2024-04-03,8843
00764B,群益25年美債,36,0,36,玉山-高雄,2024-04-03,8843
00941,中信上游半導體,166,131,35,玉山-高雄,2024-04-03,8843
2014,中鴻,73,39,34,玉山-高雄,2024-04-03,8843
2038,海光,34,1,33,玉山-高雄,2024-04-03,8843
3006,晶豪科,34,2,32,玉山-高雄,2024-04-03,8843
2609,陽明,36,5,31,玉山-高雄,2024-04-03,8843
5521,工信,30,0,30,玉山-高雄,2024-04-03,8843
1605,華新,41,12,29,玉山-高雄,2024-04-03,8843
6578,達邦蛋白,34,5,29,玉山-高雄,2024-04-03,8843
2615,萬海,28,0,28,玉山-高雄,2024-04-03,8843
00929,復華台灣科技優息,674,55,619,玉山-高雄,2024-04-08,8843
00940,元大台灣價值高息,702,207,495,玉山-高雄,2024-04-08,8843
6120,達運,510,30,480,玉山-高雄,2024-04-08,8843
00941,中信上游半導體,342,43,299,玉山-高雄,2024-04-08,8843
4960,誠美材,200,1,199,玉山-高雄,2024-04-08,8843
00687B,國泰20年美債,215,36,179,玉山-高雄,2024-04-08,8843
911868,同方友友-DR,130,0,130,玉山-高雄,2024-04-08,8843
2618,長榮航,125,17,108,玉山-高雄,2024-04-08,8843
00919,群益台灣精選高息,146,44,102,玉山-高雄,2024-04-08,8843
00637L,元大滬深300正2,105,15,90,玉山-高雄,2024-04-08,8843
00632R,元大台灣50反1,87,0,87,玉山-高雄,2024-04-08,8843
00933B,國泰10Y+金融債,93,27,66,玉山-高雄,2024-04-08,8843
6186,新潤,62,0,62,玉山-高雄,2024-04-08,8843
00679B,元大美債20年,190,130,60,玉山-高雄,2024-04-08,8843
00688L,國泰20年美債正2,93,34,59,玉山-高雄,2024-04-08,8843
00927,群益半導體收益,55,1,54,玉山-高雄,2024-04-08,8843
3481,群創,100,51,49,玉山-高雄,2024-04-08,8843
2610,華航,48,4,44,玉山-高雄,2024-04-08,8843
2371,大同,63,21,42,玉山-高雄,2024-04-08,8843
0056,元大高股息,71,33,38,玉山-高雄,2024-04-08,8843
00665L,富邦�琤肭磪囓�2,48,11,37,玉山-高雄,2024-04-08,8843
6770,力積電,51,15,36,玉山-高雄,2024-04-08,8843
3027,盛達,34,0,34,玉山-高雄,2024-04-08,8843
2382,廣達,51,18,33,玉山-高雄,2024-04-08,8843
00673R,期元大S＆P原油反1,31,0,31,玉山-高雄,2024-04-08,8843
2809,京城銀,36,5,31,玉山-高雄,2024-04-08,8843
2867,三商壽,31,1,30,玉山-高雄,2024-04-08,8843
3450,聯鈞,33,3,30,玉山-高雄,2024-04-08,8843
2883,凱基金,58,29,29,玉山-高雄,2024-04-08,8843
1313,聯成,24,0,24,玉山-高雄,2024-04-08,8843
1423,利華,22,0,22,玉山-高雄,2024-04-08,8843
6155,鈞寶,22,0,22,玉山-高雄,2024-04-08,8843
00931B,統一美債20年,20,0,20,玉山-高雄,2024-04-08,8843
1603,華電,35,15,20,玉山-高雄,2024-04-08,8843
4123,晟德,20,0,20,玉山-高雄,2024-04-08,8843
2504,國產,21,1,20,玉山-高雄,2024-04-08,8843
6016,康和證,36,17,19,玉山-高雄,2024-04-08,8843
8473,山林水,23,4,19,玉山-高雄,2024-04-08,8843
00697B,元大美債7-10,20,1,19,玉山-高雄,2024-04-08,8843
3033,威健,23,5,18,玉山-高雄,2024-04-08,8843
6753,龍德造船,23,5,18,玉山-高雄,2024-04-08,8843
2634,漢翔,35,18,17,玉山-高雄,2024-04-08,8843
00909,國泰數位支付服務,17,0,17,玉山-高雄,2024-04-08,8843
4968,立積,23,6,17,玉山-高雄,2024-04-08,8843
8930,青鋼,17,0,17,玉山-高雄,2024-04-08,8843
1618,合機,27,10,17,玉山-高雄,2024-04-08,8843
4726,永昕,20,3,17,玉山-高雄,2024-04-08,8843
2317,鴻海,60,44,16,玉山-高雄,2024-04-08,8843
2352,佳世達,19,3,16,玉山-高雄,2024-04-08,8843
2323,中環,32,16,16,玉山-高雄,2024-04-08,8843
00632R,元大台灣50反1,1035,26,1009,玉山-高雄,2024-04-09,8843
3013,晟銘電,345,33,312,玉山-高雄,2024-04-09,8843
4960,誠美材,212,0,212,玉山-高雄,2024-04-09,8843
00929,復華台灣科技優息,206,47,159,玉山-高雄,2024-04-09,8843
2365,昆盈,201,50,151,玉山-高雄,2024-04-09,8843
00937B,群益ESG投等債20,155,6,149,玉山-高雄,2024-04-09,8843
00637L,元大滬深300正2,162,27,135,玉山-高雄,2024-04-09,8843
00939,統一台灣高息動能,120,19,101,玉山-高雄,2024-04-09,8843
00679B,元大美債20年,125,28,97,玉山-高雄,2024-04-09,8843
3231,緯創,263,170,93,玉山-高雄,2024-04-09,8843
4207,環泰,92,0,92,玉山-高雄,2024-04-09,8843
2408,南亞科,81,2,79,玉山-高雄,2024-04-09,8843
00940,元大台灣價值高息,272,195,77,玉山-高雄,2024-04-09,8843
911868,同方友友-DR,73,0,73,玉山-高雄,2024-04-09,8843
00941,中信上游半導體,83,11,72,玉山-高雄,2024-04-09,8843
3313,斐成,69,2,67,玉山-高雄,2024-04-09,8843
2887,台新金,74,8,66,玉山-高雄,2024-04-09,8843
1316,上曜,82,19,63,玉山-高雄,2024-04-09,8843
6015,宏遠證,56,0,56,玉山-高雄,2024-04-09,8843
4402,郡都開發,50,2,48,玉山-高雄,2024-04-09,8843
2382,廣達,75,32,43,玉山-高雄,2024-04-09,8843
2367,燿華,66,24,42,玉山-高雄,2024-04-09,8843
020034,元大IC設計N,42,0,42,玉山-高雄,2024-04-09,8843
1513,中興電,107,66,41,玉山-高雄,2024-04-09,8843
1587,吉茂,52,12,40,玉山-高雄,2024-04-09,8843
1909,榮成,35,1,34,玉山-高雄,2024-04-09,8843
00720B,元大投資級公司債,40,8,32,玉山-高雄,2024-04-09,8843
2537,聯上發,42,10,32,玉山-高雄,2024-04-09,8843
2374,佳能,49,18,31,玉山-高雄,2024-04-09,8843
2634,漢翔,341,310,31,玉山-高雄,2024-04-09,8843
00687B,國泰20年美債,50,19,31,玉山-高雄,2024-04-09,8843
2329,華泰,43,12,31,玉山-高雄,2024-04-09,8843
2369,菱生,31,0,31,玉山-高雄,2024-04-09,8843
8064,東捷,33,2,31,玉山-高雄,2024-04-09,8843
8473,山林水,30,0,30,玉山-高雄,2024-04-09,8843
2356,英業達,83,53,30,玉山-高雄,2024-04-09,8843
5534,長虹,30,0,30,玉山-高雄,2024-04-09,8843
00664R,國泰臺灣加權反1,33,4,29,玉山-高雄,2024-04-09,8843
4714,永捷,35,6,29,玉山-高雄,2024-04-09,8843
6207,雷科,54,25,29,玉山-高雄,2024-04-09,8843
2313,華通,122,95,27,玉山-高雄,2024-04-09,8843
2540,愛山林,29,4,25,玉山-高雄,2024-04-09,8843
6578,達邦蛋白,23,0,23,玉山-高雄,2024-04-09,8843
6443,元晶,27,4,23,玉山-高雄,2024-04-09,8843
6016,康和證,23,1,22,玉山-高雄,2024-04-09,8843
1312,國喬,21,0,21,玉山-高雄,2024-04-09,8843
00764B,群益25年美債,20,0,20,玉山-高雄,2024-04-09,8843
2352,佳世達,23,3,20,玉山-高雄,2024-04-09,8843
6741,91APP*-KY,18,0,18,玉山-高雄,2024-04-09,8843
3005,神基,20,4,16,玉山-高雄,2024-04-09,8843
00715L,期街口布蘭特正2,710,18,692,玉山-高雄,2024-04-10,8843
2317,鴻海,401,41,360,玉山-高雄,2024-04-10,8843
00665L,富邦�琤肭磪囓�2,351,94,257,玉山-高雄,2024-04-10,8843
00940,元大台灣價值高息,433,188,245,玉山-高雄,2024-04-10,8843
00673R,期元大S＆P原油反1,223,0,223,玉山-高雄,2024-04-10,8843
00937B,群益ESG投等債20,154,11,143,玉山-高雄,2024-04-10,8843
00712,復華富時不動產,167,29,138,玉山-高雄,2024-04-10,8843
00919,群益台灣精選高息,185,55,130,玉山-高雄,2024-04-10,8843
2618,長榮航,220,99,121,玉山-高雄,2024-04-10,8843
3033,威健,135,20,115,玉山-高雄,2024-04-10,8843
00927,群益半導體收益,79,3,76,玉山-高雄,2024-04-10,8843
3481,群創,139,72,67,玉山-高雄,2024-04-10,8843
8096,擎亞,106,43,63,玉山-高雄,2024-04-10,8843
2382,廣達,76,14,62,玉山-高雄,2024-04-10,8843
2376,技嘉,79,20,59,玉山-高雄,2024-04-10,8843
2610,華航,72,13,59,玉山-高雄,2024-04-10,8843
6189,豐藝,77,21,56,玉山-高雄,2024-04-10,8843
2883,凱基金,61,6,55,玉山-高雄,2024-04-10,8843
00882,中信中國高股息,54,1,53,玉山-高雄,2024-04-10,8843
2009,第一銅,216,163,53,玉山-高雄,2024-04-10,8843
2634,漢翔,111,62,49,玉山-高雄,2024-04-10,8843
1503,士電,83,36,47,玉山-高雄,2024-04-10,8843
1605,華新,81,35,46,玉山-高雄,2024-04-10,8843
2891,中信金,53,8,45,玉山-高雄,2024-04-10,8843
6770,力積電,73,29,44,玉山-高雄,2024-04-10,8843
2506,太設,40,2,38,玉山-高雄,2024-04-10,8843
3622,洋華,39,1,38,玉山-高雄,2024-04-10,8843
3231,緯創,113,79,34,玉山-高雄,2024-04-10,8843
2014,中鴻,94,61,33,玉山-高雄,2024-04-10,8843
2515,中工,72,39,33,玉山-高雄,2024-04-10,8843
2023,燁輝,32,0,32,玉山-高雄,2024-04-10,8843
2511,太子,31,0,31,玉山-高雄,2024-04-10,8843
1513,中興電,78,47,31,玉山-高雄,2024-04-10,8843
00902,中信電池及儲能,30,0,30,玉山-高雄,2024-04-10,8843
2442,新美齊,35,5,30,玉山-高雄,2024-04-10,8843
4513,福裕,34,4,30,玉山-高雄,2024-04-10,8843
2354,鴻準,42,13,29,玉山-高雄,2024-04-10,8843
8926,台汽電,35,6,29,玉山-高雄,2024-04-10,8843
00753L,中信中國50正2,40,12,28,玉山-高雄,2024-04-10,8843
5880,合庫金,27,0,27,玉山-高雄,2024-04-10,8843
8473,山林水,26,0,26,玉山-高雄,2024-04-10,8843
6201,亞弘電,25,0,25,玉山-高雄,2024-04-10,8843
2609,陽明,27,2,25,玉山-高雄,2024-04-10,8843
00909,國泰數位支付服務,24,0,24,玉山-高雄,2024-04-10,8843
2464,盟立,88,66,22,玉山-高雄,2024-04-10,8843
2476,鉅祥,32,10,22,玉山-高雄,2024-04-10,8843
3548,兆利,32,10,22,玉山-高雄,2024-04-10,8843
8046,南電,23,1,22,玉山-高雄,2024-04-10,8843
9105,泰金寶-DR,22,1,21,玉山-高雄,2024-04-10,8843
8033,雷虎,29,8,21,玉山-高雄,2024-04-10,8843
3481,群創,531,72,459,玉山-高雄,2024-04-11,8843
00940,元大台灣價值高息,448,59,389,玉山-高雄,2024-04-11,8843
00929,復華台灣科技優息,354,45,309,玉山-高雄,2024-04-11,8843
00937B,群益ESG投等債20,389,133,256,玉山-高雄,2024-04-11,8843
00706L,期元大S＆P日圓正2,257,5,252,玉山-高雄,2024-04-11,8843
00632R,元大台灣50反1,247,11,236,玉山-高雄,2024-04-11,8843
00665L,富邦�琤肭磪囓�2,360,151,209,玉山-高雄,2024-04-11,8843
2442,新美齊,187,5,182,玉山-高雄,2024-04-11,8843
2025,千興,180,5,175,玉山-高雄,2024-04-11,8843
00712,復華富時不動產,197,23,174,玉山-高雄,2024-04-11,8843
2836,高雄銀,168,0,168,玉山-高雄,2024-04-11,8843
00679B,元大美債20年,165,15,150,玉山-高雄,2024-04-11,8843
2409,友達,167,22,145,玉山-高雄,2024-04-11,8843
2501,國建,164,28,136,玉山-高雄,2024-04-11,8843
2303,聯電,159,32,127,玉山-高雄,2024-04-11,8843
00751B,元大AAA至A公司債,92,0,92,玉山-高雄,2024-04-11,8843
00941,中信上游半導體,92,11,81,玉山-高雄,2024-04-11,8843
2514,龍邦,80,0,80,玉山-高雄,2024-04-11,8843
6462,神盾,95,16,79,玉山-高雄,2024-04-11,8843
2506,太設,94,15,79,玉山-高雄,2024-04-11,8843
3231,緯創,128,55,73,玉山-高雄,2024-04-11,8843
3060,銘異,86,22,64,玉山-高雄,2024-04-11,8843
00720B,元大投資級公司債,71,9,62,玉山-高雄,2024-04-11,8843
2371,大同,112,50,62,玉山-高雄,2024-04-11,8843
5521,工信,63,2,61,玉山-高雄,2024-04-11,8843
00931B,統一美債20年,61,0,61,玉山-高雄,2024-04-11,8843
2464,盟立,68,13,55,玉山-高雄,2024-04-11,8843
2881,富邦金,58,5,53,玉山-高雄,2024-04-11,8843
1519,華城,58,7,51,玉山-高雄,2024-04-11,8843
00933B,國泰10Y+金融債,65,15,50,玉山-高雄,2024-04-11,8843
2891,中信金,54,5,49,玉山-高雄,2024-04-11,8843
2882,國泰金,80,35,45,玉山-高雄,2024-04-11,8843
2355,敬鵬,58,15,43,玉山-高雄,2024-04-11,8843
3260,威剛,95,53,42,玉山-高雄,2024-04-11,8843
3036,文曄,161,120,41,玉山-高雄,2024-04-11,8843
1314,中石化,49,10,39,玉山-高雄,2024-04-11,8843
2511,太子,40,0,40,玉山-高雄,2024-04-11,8843
00764B,群益25年美債,39,0,39,玉山-高雄,2024-04-11,8843
6116,彩晶,36,0,36,玉山-高雄,2024-04-11,8843
2509,全坤建,36,0,36,玉山-高雄,2024-04-11,8843
4402,郡都開發,35,1,34,玉山-高雄,2024-04-11,8843
2014,中鴻,38,4,34,玉山-高雄,2024-04-11,8843
3013,晟銘電,61,28,33,玉山-高雄,2024-04-11,8843
2634,漢翔,45,11,34,玉山-高雄,2024-04-11,8843
2867,三商壽,32,0,32,玉山-高雄,2024-04-11,8843
2606,裕民,39,7,32,玉山-高雄,2024-04-11,8843
6015,宏遠證,31,0,31,玉山-高雄,2024-04-11,8843
00637L,元大滬深300正2,48,17,31,玉山-高雄,2024-04-11,8843
2515,中工,48,18,30,玉山-高雄,2024-04-11,8843
2527,宏璟,29,0,29,玉山-高雄,2024-04-11,8843
2883,凱基金,522,23,499,玉山-高雄,2024-04-12,8843
00937B,群益ESG投等債20,269,10,259,玉山-高雄,2024-04-12,8843
00687B,國泰20年美債,285,91,194,玉山-高雄,2024-04-12,8843
00929,復華台灣科技優息,208,56,152,玉山-高雄,2024-04-12,8843
2353,宏��,252,103,149,玉山-高雄,2024-04-12,8843
00940,元大台灣價值高息,295,153,142,玉山-高雄,2024-04-12,8843
00650L,復華香港正2,142,0,142,玉山-高雄,2024-04-12,8843
2836,高雄銀,135,0,135,玉山-高雄,2024-04-12,8843
4147,中裕,109,1,108,玉山-高雄,2024-04-12,8843
00679B,元大美債20年,114,12,102,玉山-高雄,2024-04-12,8843
2618,長榮航,109,15,94,玉山-高雄,2024-04-12,8843
2409,友達,81,0,81,玉山-高雄,2024-04-12,8843
00680L,元大美債20正2,102,25,77,玉山-高雄,2024-04-12,8843
00795B,中信美國公債20年,75,0,75,玉山-高雄,2024-04-12,8843
2887,台新金,86,12,74,玉山-高雄,2024-04-12,8843
00878,國泰永續高股息,77,5,72,玉山-高雄,2024-04-12,8843
6208,日揚,69,0,69,玉山-高雄,2024-04-12,8843
5521,工信,66,3,63,玉山-高雄,2024-04-12,8843
2002,中鋼,79,16,63,玉山-高雄,2024-04-12,8843
00665L,富邦�琤肭磪囓�2,76,15,61,玉山-高雄,2024-04-12,8843
3545,敦泰,61,0,61,玉山-高雄,2024-04-12,8843
9105,泰金寶-DR,60,0,60,玉山-高雄,2024-04-12,8843
2884,玉山金,63,3,60,玉山-高雄,2024-04-12,8843
2888,新光金,62,4,58,玉山-高雄,2024-04-12,8843
00933B,國泰10Y+金融債,66,9,57,玉山-高雄,2024-04-12,8843
2383,台光電,59,2,57,玉山-高雄,2024-04-12,8843
1442,名軒,55,0,55,玉山-高雄,2024-04-12,8843
2382,廣達,80,26,54,玉山-高雄,2024-04-12,8843
2891,中信金,136,82,54,玉山-高雄,2024-04-12,8843
00764B,群益25年美債,51,0,51,玉山-高雄,2024-04-12,8843
2905,三商,103,55,48,玉山-高雄,2024-04-12,8843
4924,欣厚-KY,43,0,43,玉山-高雄,2024-04-12,8843
00753L,中信中國50正2,42,0,42,玉山-高雄,2024-04-12,8843
00751B,元大AAA至A公司債,40,0,40,玉山-高雄,2024-04-12,8843
6770,力積電,49,11,38,玉山-高雄,2024-04-12,8843
00673R,期元大S＆P原油反1,50,12,38,玉山-高雄,2024-04-12,8843
4114,健喬,33,0,33,玉山-高雄,2024-04-12,8843
3313,斐成,32,0,32,玉山-高雄,2024-04-12,8843
2374,佳能,70,41,29,玉山-高雄,2024-04-12,8843
2014,中鴻,29,0,29,玉山-高雄,2024-04-12,8843
8415,大國鋼,30,1,29,玉山-高雄,2024-04-12,8843
1905,華紙,30,1,29,玉山-高雄,2024-04-12,8843
2363,矽統,354,325,29,玉山-高雄,2024-04-12,8843
3231,緯創,70,42,28,玉山-高雄,2024-04-12,8843
2442,新美齊,30,2,28,玉山-高雄,2024-04-12,8843
5880,合庫金,30,2,28,玉山-高雄,2024-04-12,8843
5009,榮剛,36,9,27,玉山-高雄,2024-04-12,8843
6117,迎廣,28,3,25,玉山-高雄,2024-04-12,8843
3312,弘憶股,77,52,25,玉山-高雄,2024-04-12,8843
3615,安可,73,49,24,玉山-高雄,2024-04-12,8843
1609,大亞,1151,175,976,玉山-高雄,2024-04-15,8843
00929,復華台灣科技優息,863,49,814,玉山-高雄,2024-04-15,8843
00940,元大台灣價值高息,584,85,499,玉山-高雄,2024-04-15,8843
3312,弘憶股,426,28,398,玉山-高雄,2024-04-15,8843
00753L,中信中國50正2,333,10,323,玉山-高雄,2024-04-15,8843
00919,群益台灣精選高息,256,38,218,玉山-高雄,2024-04-15,8843
1608,華榮,303,117,186,玉山-高雄,2024-04-15,8843
2883,凱基金,230,96,134,玉山-高雄,2024-04-15,8843
2867,三商壽,425,293,132,玉山-高雄,2024-04-15,8843
3056,富華新,129,3,126,玉山-高雄,2024-04-15,8843
00939,統一台灣高息動能,239,124,115,玉山-高雄,2024-04-15,8843
6770,力積電,119,5,114,玉山-高雄,2024-04-15,8843
1605,華新,304,197,107,玉山-高雄,2024-04-15,8843
0056,元大高股息,101,2,99,玉山-高雄,2024-04-15,8843
2371,大同,412,315,97,玉山-高雄,2024-04-15,8843
00665L,富邦�琤肭磪囓�2,142,47,95,玉山-高雄,2024-04-15,8843
1504,東元,252,159,93,玉山-高雄,2024-04-15,8843
00878,國泰永續高股息,175,87,88,玉山-高雄,2024-04-15,8843
2367,燿華,118,39,79,玉山-高雄,2024-04-15,8843
2356,英業達,88,16,72,玉山-高雄,2024-04-15,8843
2888,新光金,70,2,68,玉山-高雄,2024-04-15,8843
2537,聯上發,89,23,66,玉山-高雄,2024-04-15,8843
1513,中興電,183,119,64,玉山-高雄,2024-04-15,8843
00937B,群益ESG投等債20,162,101,61,玉山-高雄,2024-04-15,8843
2501,國建,112,54,58,玉山-高雄,2024-04-15,8843
00733,富邦臺灣中小,64,7,57,玉山-高雄,2024-04-15,8843
2303,聯電,96,45,51,玉山-高雄,2024-04-15,8843
00687B,國泰20年美債,57,6,51,玉山-高雄,2024-04-15,8843
2383,台光電,52,1,51,玉山-高雄,2024-04-15,8843
2516,新建,50,0,50,玉山-高雄,2024-04-15,8843
00941,中信上游半導體,65,19,46,玉山-高雄,2024-04-15,8843
6116,彩晶,46,1,45,玉山-高雄,2024-04-15,8843
3712,永崴投控,67,22,45,玉山-高雄,2024-04-15,8843
3545,敦泰,48,3,45,玉山-高雄,2024-04-15,8843
3481,群創,79,34,45,玉山-高雄,2024-04-15,8843
1519,華城,51,8,43,玉山-高雄,2024-04-15,8843
1612,宏泰,84,41,43,玉山-高雄,2024-04-15,8843
9907,統一實,41,0,41,玉山-高雄,2024-04-15,8843
00706L,期元大S＆P日圓正2,40,0,40,玉山-高雄,2024-04-15,8843
2344,華邦電,92,53,39,玉山-高雄,2024-04-15,8843
2374,佳能,65,27,38,玉山-高雄,2024-04-15,8843
00688L,國泰20年美債正2,38,0,38,玉山-高雄,2024-04-15,8843
00650L,復華香港正2,41,4,37,玉山-高雄,2024-04-15,8843
8046,南電,38,2,36,玉山-高雄,2024-04-15,8843
2408,南亞科,50,14,36,玉山-高雄,2024-04-15,8843
1314,中石化,54,18,36,玉山-高雄,2024-04-15,8843
00671R,富邦NASDAQ反1,40,5,35,玉山-高雄,2024-04-15,8843
2514,龍邦,35,0,35,玉山-高雄,2024-04-15,8843
00927,群益半導體收益,92,57,35,玉山-高雄,2024-04-15,8843
6547,高端疫苗,35,1,34,玉山-高雄,2024-04-15,8843
00940,元大台灣價值高息,1958,274,1684,玉山-高雄,2024-04-16,8843
00929,復華台灣科技優息,1245,175,1070,玉山-高雄,2024-04-16,8843
00919,群益台灣精選高息,948,306,642,玉山-高雄,2024-04-16,8843
1609,大亞,909,301,608,玉山-高雄,2024-04-16,8843
2618,長榮航,565,37,528,玉山-高雄,2024-04-16,8843
00937B,群益ESG投等債20,617,151,466,玉山-高雄,2024-04-16,8843
2888,新光金,446,32,414,玉山-高雄,2024-04-16,8843
00637L,元大滬深300正2,382,62,320,玉山-高雄,2024-04-16,8843
0056,元大高股息,344,28,316,玉山-高雄,2024-04-16,8843
00939,統一台灣高息動能,470,184,286,玉山-高雄,2024-04-16,8843
00641R,富邦日本反1,211,0,211,玉山-高雄,2024-04-16,8843
00878,國泰永續高股息,397,192,205,玉山-高雄,2024-04-16,8843
00706L,期元大S＆P日圓正2,232,28,204,玉山-高雄,2024-04-16,8843
2303,聯電,184,19,165,玉山-高雄,2024-04-16,8843
2884,玉山金,291,131,160,玉山-高雄,2024-04-16,8843
2330,台積電,175,17,158,玉山-高雄,2024-04-16,8843
00720B,元大投資級公司債,148,3,145,玉山-高雄,2024-04-16,8843
1444,力麗,136,0,136,玉山-高雄,2024-04-16,8843
00927,群益半導體收益,134,1,133,玉山-高雄,2024-04-16,8843
2836,高雄銀,129,0,129,玉山-高雄,2024-04-16,8843
2890,永豐金,136,17,119,玉山-高雄,2024-04-16,8843
00712,復華富時不動產,146,29,117,玉山-高雄,2024-04-16,8843
2516,新建,115,0,115,玉山-高雄,2024-04-16,8843
00687B,國泰20年美債,186,81,105,玉山-高雄,2024-04-16,8843
00918,大華優利高填息30,104,6,98,玉山-高雄,2024-04-16,8843
00733,富邦臺灣中小,97,0,97,玉山-高雄,2024-04-16,8843
2834,臺企銀,125,32,93,玉山-高雄,2024-04-16,8843
3231,緯創,155,64,91,玉山-高雄,2024-04-16,8843
2891,中信金,120,29,91,玉山-高雄,2024-04-16,8843
2442,新美齊,163,72,91,玉山-高雄,2024-04-16,8843
2344,華邦電,124,42,82,玉山-高雄,2024-04-16,8843
2408,南亞科,88,5,83,玉山-高雄,2024-04-16,8843
00679B,元大美債20年,102,20,82,玉山-高雄,2024-04-16,8843
1316,上曜,82,0,82,玉山-高雄,2024-04-16,8843
3037,欣興,94,12,82,玉山-高雄,2024-04-16,8843
00936,台新永續高息中小,79,0,79,玉山-高雄,2024-04-16,8843
3056,富華新,127,51,76,玉山-高雄,2024-04-16,8843
00676R,富邦臺灣加權反1,76,0,76,玉山-高雄,2024-04-16,8843
1605,華新,160,87,73,玉山-高雄,2024-04-16,8843
00751B,元大AAA至A公司債,72,0,72,玉山-高雄,2024-04-16,8843
00680L,元大美債20正2,109,37,72,玉山-高雄,2024-04-16,8843
3481,群創,95,27,68,玉山-高雄,2024-04-16,8843
6116,彩晶,84,17,67,玉山-高雄,2024-04-16,8843
5880,合庫金,82,15,67,玉山-高雄,2024-04-16,8843
2406,國碩,77,12,65,玉山-高雄,2024-04-16,8843
2881,富邦金,83,20,63,玉山-高雄,2024-04-16,8843
1305,華夏,60,0,60,玉山-高雄,2024-04-16,8843
2610,華航,65,6,59,玉山-高雄,2024-04-16,8843
2352,佳世達,70,12,58,玉山-高雄,2024-04-16,8843
2892,第一金,60,5,55,玉山-高雄,2024-04-16,8843
00715L,期街口布蘭特正2,928,61,867,玉山-高雄,2024-04-17,8843
00937B,群益ESG投等債20,463,17,446,玉山-高雄,2024-04-17,8843
2603,長榮,403,9,394,玉山-高雄,2024-04-17,8843
00940,元大台灣價值高息,568,200,368,玉山-高雄,2024-04-17,8843
00712,復華富時不動產,370,31,339,玉山-高雄,2024-04-17,8843
1802,台玻,308,0,308,玉山-高雄,2024-04-17,8843
2884,玉山金,311,11,300,玉山-高雄,2024-04-17,8843
0056,元大高股息,299,13,286,玉山-高雄,2024-04-17,8843
00929,復華台灣科技優息,252,58,194,玉山-高雄,2024-04-17,8843
2514,龍邦,180,0,180,玉山-高雄,2024-04-17,8843
00679B,元大美債20年,197,45,152,玉山-高雄,2024-04-17,8843
00772B,中信高評級公司債,150,0,150,玉山-高雄,2024-04-17,8843
3231,緯創,238,96,142,玉山-高雄,2024-04-17,8843
00637L,元大滬深300正2,152,13,139,玉山-高雄,2024-04-17,8843
00680L,元大美債20正2,139,1,138,玉山-高雄,2024-04-17,8843
00687B,國泰20年美債,138,2,136,玉山-高雄,2024-04-17,8843
2882,國泰金,128,1,127,玉山-高雄,2024-04-17,8843
2356,英業達,137,19,118,玉山-高雄,2024-04-17,8843
6770,力積電,257,143,114,玉山-高雄,2024-04-17,8843
2880,華南金,112,1,111,玉山-高雄,2024-04-17,8843
00905,FT臺灣Smart,108,0,108,玉山-高雄,2024-04-17,8843
00939,統一台灣高息動能,125,41,84,玉山-高雄,2024-04-17,8843
00665L,富邦�琤肭磪囓�2,148,65,83,玉山-高雄,2024-04-17,8843
2354,鴻準,78,4,74,玉山-高雄,2024-04-17,8843
2537,聯上發,73,7,66,玉山-高雄,2024-04-17,8843
5356,協益,59,1,58,玉山-高雄,2024-04-17,8843
2511,太子,60,2,58,玉山-高雄,2024-04-17,8843
2009,第一銅,117,61,56,玉山-高雄,2024-04-17,8843
00933B,國泰10Y+金融債,75,21,54,玉山-高雄,2024-04-17,8843
00857B,永豐20年美公債,51,0,51,玉山-高雄,2024-04-17,8843
8033,雷虎,56,5,51,玉山-高雄,2024-04-17,8843
3037,欣興,51,3,48,玉山-高雄,2024-04-17,8843
00795B,中信美國公債20年,47,0,47,玉山-高雄,2024-04-17,8843
2303,聯電,68,22,46,玉山-高雄,2024-04-17,8843
00650L,復華香港正2,46,0,46,玉山-高雄,2024-04-17,8843
00751B,元大AAA至A公司債,46,1,45,玉山-高雄,2024-04-17,8843
3221,台嘉碩,45,0,45,玉山-高雄,2024-04-17,8843
1810,和成,92,50,42,玉山-高雄,2024-04-17,8843
2834,臺企銀,48,8,40,玉山-高雄,2024-04-17,8843
4533,協易機,37,0,37,玉山-高雄,2024-04-17,8843
3481,群創,48,12,36,玉山-高雄,2024-04-17,8843
00720B,元大投資級公司債,65,30,35,玉山-高雄,2024-04-17,8843
2382,廣達,78,44,34,玉山-高雄,2024-04-17,8843
1609,大亞,291,257,34,玉山-高雄,2024-04-17,8843
1907,永豐餘,33,0,33,玉山-高雄,2024-04-17,8843
8070,長華*,33,0,33,玉山-高雄,2024-04-17,8843
2002,中鋼,45,12,33,玉山-高雄,2024-04-17,8843
2317,鴻海,79,46,33,玉山-高雄,2024-04-17,8843
2023,燁輝,30,0,30,玉山-高雄,2024-04-17,8843
00918,大華優利高填息30,45,16,29,玉山-高雄,2024-04-17,8843
00715L,期街口布蘭特正2,1222,0,1222,玉山-高雄,2024-04-18,8843
00919,群益台灣精選高息,322,38,284,玉山-高雄,2024-04-18,8843
00929,復華台灣科技優息,376,105,271,玉山-高雄,2024-04-18,8843
00940,元大台灣價值高息,331,100,231,玉山-高雄,2024-04-18,8843
00885,富邦越南,207,0,207,玉山-高雄,2024-04-18,8843
2609,陽明,203,11,192,玉山-高雄,2024-04-18,8843
00937B,群益ESG投等債20,194,7,187,玉山-高雄,2024-04-18,8843
2367,燿華,245,82,163,玉山-高雄,2024-04-18,8843
00632R,元大台灣50反1,160,5,155,玉山-高雄,2024-04-18,8843
1605,華新,409,268,141,玉山-高雄,2024-04-18,8843
3481,群創,149,19,130,玉山-高雄,2024-04-18,8843
0056,元大高股息,143,22,121,玉山-高雄,2024-04-18,8843
2511,太子,107,6,101,玉山-高雄,2024-04-18,8843
00941,中信上游半導體,111,20,91,玉山-高雄,2024-04-18,8843
1612,宏泰,165,80,85,玉山-高雄,2024-04-18,8843
00680L,元大美債20正2,73,0,73,玉山-高雄,2024-04-18,8843
5356,協益,72,0,72,玉山-高雄,2024-04-18,8843
00676R,富邦臺灣加權反1,70,0,70,玉山-高雄,2024-04-18,8843
00720B,元大投資級公司債,70,3,67,玉山-高雄,2024-04-18,8843
3312,弘憶股,99,38,61,玉山-高雄,2024-04-18,8843
3052,夆典,66,6,60,玉山-高雄,2024-04-18,8843
1101,台泥,77,24,53,玉山-高雄,2024-04-18,8843
2316,楠梓電,52,0,52,玉山-高雄,2024-04-18,8843
2601,益航,51,0,51,玉山-高雄,2024-04-18,8843
2618,長榮航,348,297,51,玉山-高雄,2024-04-18,8843
2498,宏達電,68,18,50,玉山-高雄,2024-04-18,8843
8415,大國鋼,50,0,50,玉山-高雄,2024-04-18,8843
2371,大同,439,392,47,玉山-高雄,2024-04-18,8843
2356,英業達,51,6,45,玉山-高雄,2024-04-18,8843
2329,華泰,48,10,38,玉山-高雄,2024-04-18,8843
00733,富邦臺灣中小,41,3,38,玉山-高雄,2024-04-18,8843
2374,佳能,87,50,37,玉山-高雄,2024-04-18,8843
00878,國泰永續高股息,59,23,36,玉山-高雄,2024-04-18,8843
00942B,台新美A公司債20+,36,0,36,玉山-高雄,2024-04-18,8843
2027,大成鋼,128,94,34,玉山-高雄,2024-04-18,8843
1504,東元,115,82,33,玉山-高雄,2024-04-18,8843
1513,中興電,122,92,30,玉山-高雄,2024-04-18,8843
3025,星通,49,19,30,玉山-高雄,2024-04-18,8843
1519,華城,40,11,29,玉山-高雄,2024-04-18,8843
00687B,國泰20年美債,33,6,27,玉山-高雄,2024-04-18,8843
00909,國泰數位支付服務,28,1,27,玉山-高雄,2024-04-18,8843
6264,富裔,26,0,26,玉山-高雄,2024-04-18,8843
3707,漢磊,57,31,26,玉山-高雄,2024-04-18,8843
6770,力積電,76,52,24,玉山-高雄,2024-04-18,8843
2009,第一銅,60,36,24,玉山-高雄,2024-04-18,8843
6505,台塑化,24,0,24,玉山-高雄,2024-04-18,8843
2359,所羅門,23,1,22,玉山-高雄,2024-04-18,8843
00927,群益半導體收益,21,0,21,玉山-高雄,2024-04-18,8843
2406,國碩,33,12,21,玉山-高雄,2024-04-18,8843
2836,高雄銀,21,0,21,玉山-高雄,2024-04-18,8843
00929,復華台灣科技優息,1517,186,1331,玉山-高雄,2024-04-19,8843
2883,凱基金,438,23,415,玉山-高雄,2024-04-19,8843
00939,統一台灣高息動能,586,218,368,玉山-高雄,2024-04-19,8843
2330,台積電,406,44,362,玉山-高雄,2024-04-19,8843
00878,國泰永續高股息,422,108,314,玉山-高雄,2024-04-19,8843
2887,台新金,276,6,270,玉山-高雄,2024-04-19,8843
2303,聯電,272,19,253,玉山-高雄,2024-04-19,8843
1612,宏泰,280,94,186,玉山-高雄,2024-04-19,8843
0056,元大高股息,274,99,175,玉山-高雄,2024-04-19,8843
00937B,群益ESG投等債20,192,40,152,玉山-高雄,2024-04-19,8843
00919,群益台灣精選高息,547,398,149,玉山-高雄,2024-04-19,8843
6197,佳必琪,156,7,149,玉山-高雄,2024-04-19,8843
5512,力麒,398,256,142,玉山-高雄,2024-04-19,8843
2515,中工,421,283,138,玉山-高雄,2024-04-19,8843
1608,華榮,388,258,130,玉山-高雄,2024-04-19,8843
1609,大亞,588,465,123,玉山-高雄,2024-04-19,8843
2880,華南金,127,4,123,玉山-高雄,2024-04-19,8843
3481,群創,179,64,115,玉山-高雄,2024-04-19,8843
2881,富邦金,110,2,108,玉山-高雄,2024-04-19,8843
2891,中信金,100,5,95,玉山-高雄,2024-04-19,8843
1603,華電,166,92,74,玉山-高雄,2024-04-19,8843
4532,瑞智,78,5,73,玉山-高雄,2024-04-19,8843
8936,國統,190,120,70,玉山-高雄,2024-04-19,8843
2371,大同,488,423,65,玉山-高雄,2024-04-19,8843
00927,群益半導體收益,68,5,63,玉山-高雄,2024-04-19,8843
00650L,復華香港正2,106,43,63,玉山-高雄,2024-04-19,8843
3576,聯合再生,86,24,62,玉山-高雄,2024-04-19,8843
0050,元大台灣50,65,5,60,玉山-高雄,2024-04-19,8843
3260,威剛,93,33,60,玉山-高雄,2024-04-19,8843
1519,華城,68,8,60,玉山-高雄,2024-04-19,8843
00918,大華優利高填息30,71,12,59,玉山-高雄,2024-04-19,8843
00712,復華富時不動產,88,30,58,玉山-高雄,2024-04-19,8843
2408,南亞科,57,1,56,玉山-高雄,2024-04-19,8843
006208,富邦台50,56,1,55,玉山-高雄,2024-04-19,8843
00673R,期元大S＆P原油反1,55,0,55,玉山-高雄,2024-04-19,8843
6116,彩晶,56,1,55,玉山-高雄,2024-04-19,8843
00891,中信關鍵半導體,56,1,55,玉山-高雄,2024-04-19,8843
1616,億泰,75,22,53,玉山-高雄,2024-04-19,8843
4306,炎洲,54,3,51,玉山-高雄,2024-04-19,8843
8085,福華,52,1,51,玉山-高雄,2024-04-19,8843
2317,鴻海,120,69,51,玉山-高雄,2024-04-19,8843
6770,力積電,101,51,50,玉山-高雄,2024-04-19,8843
2062,橋椿,51,2,49,玉山-高雄,2024-04-19,8843
2516,新建,53,4,49,玉山-高雄,2024-04-19,8843
020034,元大IC設計N,49,0,49,玉山-高雄,2024-04-19,8843
3037,欣興,61,14,47,玉山-高雄,2024-04-19,8843
2356,英業達,115,69,46,玉山-高雄,2024-04-19,8843
00923,群益台ESG低碳50,52,10,42,玉山-高雄,2024-04-19,8843
3048,益登,42,0,42,玉山-高雄,2024-04-19,8843
00680L,元大美債20正2,68,26,42,玉山-高雄,2024-04-19,8843
00715L,期街口布蘭特正2,2556,10,2546,玉山-高雄,2024-04-22,8843
00929,復華台灣科技優息,1516,92,1424,玉山-高雄,2024-04-22,8843
2323,中環,567,3,564,玉山-高雄,2024-04-22,8843
6116,彩晶,258,29,229,玉山-高雄,2024-04-22,8843
00919,群益台灣精選高息,363,146,217,玉山-高雄,2024-04-22,8843
00939,統一台灣高息動能,358,151,207,玉山-高雄,2024-04-22,8843
00632R,元大台灣50反1,204,16,188,玉山-高雄,2024-04-22,8843
00940,元大台灣價值高息,410,248,162,玉山-高雄,2024-04-22,8843
2506,太設,156,3,153,玉山-高雄,2024-04-22,8843
00878,國泰永續高股息,225,78,147,玉山-高雄,2024-04-22,8843
2303,聯電,129,18,111,玉山-高雄,2024-04-22,8843
00937B,群益ESG投等債20,246,140,106,玉山-高雄,2024-04-22,8843
1455,集盛,118,12,106,玉山-高雄,2024-04-22,8843
2355,敬鵬,115,11,104,玉山-高雄,2024-04-22,8843
1802,台玻,101,2,99,玉山-高雄,2024-04-22,8843
1609,大亞,407,310,97,玉山-高雄,2024-04-22,8843
6770,力積電,100,4,96,玉山-高雄,2024-04-22,8843
3231,緯創,131,54,77,玉山-高雄,2024-04-22,8843
2324,仁寶,109,32,77,玉山-高雄,2024-04-22,8843
2515,中工,401,327,74,玉山-高雄,2024-04-22,8843
3703,欣陸,143,72,71,玉山-高雄,2024-04-22,8843
0056,元大高股息,139,69,70,玉山-高雄,2024-04-22,8843
00935,野村臺灣新科技50,72,3,69,玉山-高雄,2024-04-22,8843
00720B,元大投資級公司債,70,1,69,玉山-高雄,2024-04-22,8843
2356,英業達,96,29,67,玉山-高雄,2024-04-22,8843
2371,大同,372,308,64,玉山-高雄,2024-04-22,8843
3052,夆典,61,1,60,玉山-高雄,2024-04-22,8843
1618,合機,81,22,59,玉山-高雄,2024-04-22,8843
2511,太子,317,259,58,玉山-高雄,2024-04-22,8843
2344,華邦電,57,1,56,玉山-高雄,2024-04-22,8843
6125,廣運,78,24,54,玉山-高雄,2024-04-22,8843
4716,大立,50,0,50,玉山-高雄,2024-04-22,8843
5324,士開,50,1,49,玉山-高雄,2024-04-22,8843
00713,元大台灣高息低波,50,2,48,玉山-高雄,2024-04-22,8843
00687B,國泰20年美債,122,73,49,玉山-高雄,2024-04-22,8843
00680L,元大美債20正2,54,10,44,玉山-高雄,2024-04-22,8843
00751B,元大AAA至A公司債,47,3,44,玉山-高雄,2024-04-22,8843
2317,鴻海,100,57,43,玉山-高雄,2024-04-22,8843
3481,群創,166,124,42,玉山-高雄,2024-04-22,8843
2461,光群雷,40,0,40,玉山-高雄,2024-04-22,8843
5533,皇鼎,55,18,37,玉山-高雄,2024-04-22,8843
5009,榮剛,65,29,36,玉山-高雄,2024-04-22,8843
5512,力麒,218,182,36,玉山-高雄,2024-04-22,8843
2101,南港,76,40,36,玉山-高雄,2024-04-22,8843
2408,南亞科,139,104,35,玉山-高雄,2024-04-22,8843
2409,友達,36,1,35,玉山-高雄,2024-04-22,8843
6578,達邦蛋白,33,0,33,玉山-高雄,2024-04-22,8843
2009,第一銅,82,50,32,玉山-高雄,2024-04-22,8843
3024,憶聲,41,10,31,玉山-高雄,2024-04-22,8843
1616,億泰,48,17,31,玉山-高雄,2024-04-22,8843
00940,元大台灣價值高息,432,43,389,玉山-高雄,2024-04-23,8843
00929,復華台灣科技優息,230,17,213,玉山-高雄,2024-04-23,8843
00637L,元大滬深300正2,91,3,88,玉山-高雄,2024-04-23,8843
3228,金麗科,87,1,86,玉山-高雄,2024-04-23,8843
2317,鴻海,94,14,80,玉山-高雄,2024-04-23,8843
00939,統一台灣高息動能,136,57,79,玉山-高雄,2024-04-23,8843
00878,國泰永續高股息,95,16,79,玉山-高雄,2024-04-23,8843
2323,中環,107,40,67,玉山-高雄,2024-04-23,8843
3231,緯創,86,26,60,玉山-高雄,2024-04-23,8843
2515,中工,130,72,58,玉山-高雄,2024-04-23,8843
1605,華新,69,18,51,玉山-高雄,2024-04-23,8843
3313,斐成,50,0,50,玉山-高雄,2024-04-23,8843
2371,大同,185,135,50,玉山-高雄,2024-04-23,8843
00919,群益台灣精選高息,109,59,50,玉山-高雄,2024-04-23,8843
00679B,元大美債20年,51,2,49,玉山-高雄,2024-04-23,8843
0056,元大高股息,52,10,42,玉山-高雄,2024-04-23,8843
3024,憶聲,42,1,41,玉山-高雄,2024-04-23,8843
2301,光寶科,60,21,39,玉山-高雄,2024-04-23,8843
2881,富邦金,37,2,35,玉山-高雄,2024-04-23,8843
6770,力積電,60,26,34,玉山-高雄,2024-04-23,8843
5521,工信,44,11,33,玉山-高雄,2024-04-23,8843
6005,群益證,64,31,33,玉山-高雄,2024-04-23,8843
2354,鴻準,73,41,32,玉山-高雄,2024-04-23,8843
2009,第一銅,41,10,31,玉山-高雄,2024-04-23,8843
2885,元大金,37,7,30,玉山-高雄,2024-04-23,8843
2461,光群雷,30,0,30,玉山-高雄,2024-04-23,8843
3013,晟銘電,42,12,30,玉山-高雄,2024-04-23,8843
2303,聯電,63,35,28,玉山-高雄,2024-04-23,8843
3686,達能,34,6,28,玉山-高雄,2024-04-23,8843
00935,野村臺灣新科技50,94,68,26,玉山-高雄,2024-04-23,8843
2548,華固,50,26,24,玉山-高雄,2024-04-23,8843
1519,華城,43,19,24,玉山-高雄,2024-04-23,8843
2882,國泰金,25,3,22,玉山-高雄,2024-04-23,8843
8070,長華*,21,0,21,玉山-高雄,2024-04-23,8843
2367,燿華,37,17,20,玉山-高雄,2024-04-23,8843
8415,大國鋼,20,0,20,玉山-高雄,2024-04-23,8843
8110,華東,20,0,20,玉山-高雄,2024-04-23,8843
3715,定穎投控,40,20,20,玉山-高雄,2024-04-23,8843
2892,第一金,22,2,20,玉山-高雄,2024-04-23,8843
3576,聯合再生,34,15,19,玉山-高雄,2024-04-23,8843
1436,華友聯,19,0,19,玉山-高雄,2024-04-23,8843
3221,台嘉碩,17,0,17,玉山-高雄,2024-04-23,8843
5009,榮剛,21,5,16,玉山-高雄,2024-04-23,8843
1810,和成,18,2,16,玉山-高雄,2024-04-23,8843
2449,京元電子,28,13,15,玉山-高雄,2024-04-23,8843
5324,士開,17,2,15,玉山-高雄,2024-04-23,8843
2801,彰銀,13,0,13,玉山-高雄,2024-04-23,8843
00941,中信上游半導體,15,3,12,玉山-高雄,2024-04-23,8843
8046,南電,17,4,13,玉山-高雄,2024-04-23,8843
2313,華通,30,18,12,玉山-高雄,2024-04-23,8843
00648R,元大S＆P500反1,600,0,600,玉山-高雄,2024-04-24,8843
3481,群創,346,35,311,玉山-高雄,2024-04-24,8843
00632R,元大台灣50反1,280,11,269,玉山-高雄,2024-04-24,8843
5356,協益,139,0,139,玉山-高雄,2024-04-24,8843
00929,復華台灣科技優息,332,201,131,玉山-高雄,2024-04-24,8843
2409,友達,127,11,116,玉山-高雄,2024-04-24,8843
00937B,群益ESG投等債20,98,1,97,玉山-高雄,2024-04-24,8843
00687B,國泰20年美債,91,1,90,玉山-高雄,2024-04-24,8843
00643,群益深証中小,80,0,80,玉山-高雄,2024-04-24,8843
00679B,元大美債20年,78,2,76,玉山-高雄,2024-04-24,8843
2886,兆豐金,158,82,76,玉山-高雄,2024-04-24,8843
00941,中信上游半導體,64,3,61,玉山-高雄,2024-04-24,8843
3228,金麗科,60,0,60,玉山-高雄,2024-04-24,8843
4909,新復興,49,0,49,玉山-高雄,2024-04-24,8843
2880,華南金,52,4,48,玉山-高雄,2024-04-24,8843
2634,漢翔,71,26,45,玉山-高雄,2024-04-24,8843
00706L,期元大S＆P日圓正2,45,0,45,玉山-高雄,2024-04-24,8843
1618,合機,91,46,45,玉山-高雄,2024-04-24,8843
1440,南紡,46,3,43,玉山-高雄,2024-04-24,8843
3715,定穎投控,76,39,37,玉山-高雄,2024-04-24,8843
1605,華新,54,17,37,玉山-高雄,2024-04-24,8843
00664R,國泰臺灣加權反1,37,0,37,玉山-高雄,2024-04-24,8843
2101,南港,51,17,34,玉山-高雄,2024-04-24,8843
00637L,元大滬深300正2,45,11,34,玉山-高雄,2024-04-24,8843
00933B,國泰10Y+金融債,33,0,33,玉山-高雄,2024-04-24,8843
2515,中工,106,73,33,玉山-高雄,2024-04-24,8843
2834,臺企銀,32,0,32,玉山-高雄,2024-04-24,8843
4402,郡都開發,47,15,32,玉山-高雄,2024-04-24,8843
00878,國泰永續高股息,53,21,32,玉山-高雄,2024-04-24,8843
2461,光群雷,30,1,29,玉山-高雄,2024-04-24,8843
2913,農林,30,1,29,玉山-高雄,2024-04-24,8843
6125,廣運,95,67,28,玉山-高雄,2024-04-24,8843
2501,國建,85,57,28,玉山-高雄,2024-04-24,8843
6244,茂迪,26,0,26,玉山-高雄,2024-04-24,8843
5381,合正,30,6,24,玉山-高雄,2024-04-24,8843
6668,中揚光,30,7,23,玉山-高雄,2024-04-24,8843
3052,夆典,23,0,23,玉山-高雄,2024-04-24,8843
00720B,元大投資級公司債,22,0,22,玉山-高雄,2024-04-24,8843
8096,擎亞,22,0,22,玉山-高雄,2024-04-24,8843
8064,東捷,42,22,20,玉山-高雄,2024-04-24,8843
9105,泰金寶-DR,20,0,20,玉山-高雄,2024-04-24,8843
0056,元大高股息,40,21,19,玉山-高雄,2024-04-24,8843
6005,群益證,28,9,19,玉山-高雄,2024-04-24,8843
3380,明泰,21,2,19,玉山-高雄,2024-04-24,8843
6443,元晶,23,4,19,玉山-高雄,2024-04-24,8843
1905,華紙,22,4,18,玉山-高雄,2024-04-24,8843
2520,冠德,42,24,18,玉山-高雄,2024-04-24,8843
6215,和椿,27,10,17,玉山-高雄,2024-04-24,8843
00857B,永豐20年美公債,17,0,17,玉山-高雄,2024-04-24,8843
2355,敬鵬,16,0,16,玉山-高雄,2024-04-24,8843
00929,復華台灣科技優息,255,18,237,玉山-高雄,2024-04-25,8843
00878,國泰永續高股息,190,10,180,玉山-高雄,2024-04-25,8843
2891,中信金,133,0,133,玉山-高雄,2024-04-25,8843
3035,智原,127,8,119,玉山-高雄,2024-04-25,8843
00940,元大台灣價值高息,133,17,116,玉山-高雄,2024-04-25,8843
2353,宏��,113,4,109,玉山-高雄,2024-04-25,8843
2890,永豐金,109,0,109,玉山-高雄,2024-04-25,8843
3338,泰碩,116,8,108,玉山-高雄,2024-04-25,8843
00937B,群益ESG投等債20,181,73,108,玉山-高雄,2024-04-25,8843
00632R,元大台灣50反1,201,99,102,玉山-高雄,2024-04-25,8843
00680L,元大美債20正2,108,8,100,玉山-高雄,2024-04-25,8843
2515,中工,199,106,93,玉山-高雄,2024-04-25,8843
00939,統一台灣高息動能,103,10,93,玉山-高雄,2024-04-25,8843
00679B,元大美債20年,87,1,86,玉山-高雄,2024-04-25,8843
00687B,國泰20年美債,93,9,84,玉山-高雄,2024-04-25,8843
00919,群益台灣精選高息,95,27,68,玉山-高雄,2024-04-25,8843
2303,聯電,96,33,63,玉山-高雄,2024-04-25,8843
2501,國建,204,143,61,玉山-高雄,2024-04-25,8843
1101,台泥,66,9,57,玉山-高雄,2024-04-25,8843
2009,第一銅,63,8,55,玉山-高雄,2024-04-25,8843
2330,台積電,61,7,54,玉山-高雄,2024-04-25,8843
6770,力積電,63,11,52,玉山-高雄,2024-04-25,8843
2886,兆豐金,55,5,50,玉山-高雄,2024-04-25,8843
0056,元大高股息,62,13,49,玉山-高雄,2024-04-25,8843
2883,凱基金,88,41,47,玉山-高雄,2024-04-25,8843
5356,協益,44,0,44,玉山-高雄,2024-04-25,8843
1440,南紡,112,68,44,玉山-高雄,2024-04-25,8843
3024,憶聲,42,1,41,玉山-高雄,2024-04-25,8843
2834,臺企銀,43,4,39,玉山-高雄,2024-04-25,8843
2317,鴻海,77,39,38,玉山-高雄,2024-04-25,8843
5009,榮剛,86,49,37,玉山-高雄,2024-04-25,8843
8210,勤誠,46,9,37,玉山-高雄,2024-04-25,8843
8227,巨有科技,37,0,37,玉山-高雄,2024-04-25,8843
00931B,統一美債20年,41,5,36,玉山-高雄,2024-04-25,8843
3011,今皓,36,0,36,玉山-高雄,2024-04-25,8843
3231,緯創,56,20,36,玉山-高雄,2024-04-25,8843
00706L,期元大S＆P日圓正2,32,0,32,玉山-高雄,2024-04-25,8843
2610,華航,58,27,31,玉山-高雄,2024-04-25,8843
6207,雷科,54,24,30,玉山-高雄,2024-04-25,8843
3013,晟銘電,85,56,29,玉山-高雄,2024-04-25,8843
3266,昇陽,29,0,29,玉山-高雄,2024-04-25,8843
2382,廣達,66,37,29,玉山-高雄,2024-04-25,8843
8070,長華*,48,22,26,玉山-高雄,2024-04-25,8843
00733,富邦臺灣中小,26,0,26,玉山-高雄,2024-04-25,8843
2731,雄獅,40,14,26,玉山-高雄,2024-04-25,8843
6140,訊達,29,3,26,玉山-高雄,2024-04-25,8843
00909,國泰數位支付服務,26,0,26,玉山-高雄,2024-04-25,8843
2027,大成鋼,25,0,25,玉山-高雄,2024-04-25,8843
00891,中信關鍵半導體,25,1,24,玉山-高雄,2024-04-25,8843
00795B,中信美國公債20年,25,1,24,玉山-高雄,2024-04-25,8843
2359,所羅門,726,125,601,玉山-高雄,2024-04-26,8843
00929,復華台灣科技優息,529,185,344,玉山-高雄,2024-04-26,8843
3231,緯創,297,28,269,玉山-高雄,2024-04-26,8843
5356,協益,259,20,239,玉山-高雄,2024-04-26,8843
1440,南紡,289,64,225,玉山-高雄,2024-04-26,8843
00937B,群益ESG投等債20,274,75,199,玉山-高雄,2024-04-26,8843
00680L,元大美債20正2,175,5,170,玉山-高雄,2024-04-26,8843
00679B,元大美債20年,206,42,164,玉山-高雄,2024-04-26,8843
3481,群創,141,32,109,玉山-高雄,2024-04-26,8843
00940,元大台灣價值高息,145,41,104,玉山-高雄,2024-04-26,8843
00720B,元大投資級公司債,105,3,102,玉山-高雄,2024-04-26,8843
8112,至上,103,3,100,玉山-高雄,2024-04-26,8843
2486,一詮,208,124,84,玉山-高雄,2024-04-26,8843
2461,光群雷,71,2,69,玉山-高雄,2024-04-26,8843
00751B,元大AAA至A公司債,63,0,63,玉山-高雄,2024-04-26,8843
2542,興富發,61,12,49,玉山-高雄,2024-04-26,8843
2867,三商壽,52,4,48,玉山-高雄,2024-04-26,8843
3234,光環,54,6,48,玉山-高雄,2024-04-26,8843
8121,越峰,45,0,45,玉山-高雄,2024-04-26,8843
00942B,台新美A公司債20+,42,0,42,玉山-高雄,2024-04-26,8843
2405,輔信,40,0,40,玉山-高雄,2024-04-26,8843
3711,日月光投控,47,8,39,玉山-高雄,2024-04-26,8843
8064,東捷,108,74,34,玉山-高雄,2024-04-26,8843
3363,上詮,49,15,34,玉山-高雄,2024-04-26,8843
00933B,國泰10Y+金融債,43,10,33,玉山-高雄,2024-04-26,8843
00632R,元大台灣50反1,135,102,33,玉山-高雄,2024-04-26,8843
1459,聯發,31,0,31,玉山-高雄,2024-04-26,8843
00634R,富邦上証反1,30,0,30,玉山-高雄,2024-04-26,8843
5876,上海商銀,30,0,30,玉山-高雄,2024-04-26,8843
00687B,國泰20年美債,75,46,29,玉山-高雄,2024-04-26,8843
1101,台泥,30,2,28,玉山-高雄,2024-04-26,8843
2892,第一金,28,0,28,玉山-高雄,2024-04-26,8843
2464,盟立,36,9,27,玉山-高雄,2024-04-26,8843
00795B,中信美國公債20年,26,0,26,玉山-高雄,2024-04-26,8843
00688L,國泰20年美債正2,26,0,26,玉山-高雄,2024-04-26,8843
1712,興農,24,0,24,玉山-高雄,2024-04-26,8843
6207,雷科,34,13,21,玉山-高雄,2024-04-26,8843
00712,復華富時不動產,20,0,20,玉山-高雄,2024-04-26,8843
00671R,富邦NASDAQ反1,20,0,20,玉山-高雄,2024-04-26,8843
911868,同方友友-DR,20,0,20,玉山-高雄,2024-04-26,8843
2641,正德,26,6,20,玉山-高雄,2024-04-26,8843
1603,華電,21,2,19,玉山-高雄,2024-04-26,8843
3024,憶聲,20,1,19,玉山-高雄,2024-04-26,8843
00919,群益台灣精選高息,33,14,19,玉山-高雄,2024-04-26,8843
2611,志信,39,21,18,玉山-高雄,2024-04-26,8843
8936,國統,30,12,18,玉山-高雄,2024-04-26,8843
2401,凌陽,18,1,17,玉山-高雄,2024-04-26,8843
00931B,統一美債20年,19,2,17,玉山-高雄,2024-04-26,8843
2511,太子,32,15,17,玉山-高雄,2024-04-26,8843
2536,宏普,16,0,16,玉山-高雄,2024-04-26,8843
2323,中環,701,85,616,玉山-高雄,2024-04-29,8843
2618,長榮航,744,327,417,玉山-高雄,2024-04-29,8843
8121,越峰,301,0,301,玉山-高雄,2024-04-29,8843
00706L,期元大S＆P日圓正2,605,360,245,玉山-高雄,2024-04-29,8843
2812,台中銀,231,34,197,玉山-高雄,2024-04-29,8843
2514,龍邦,152,5,147,玉山-高雄,2024-04-29,8843
2363,矽統,270,137,133,玉山-高雄,2024-04-29,8843
1440,南紡,138,23,115,玉山-高雄,2024-04-29,8843
00665L,富邦�琤肭磪囓�2,113,1,112,玉山-高雄,2024-04-29,8843
00937B,群益ESG投等債20,183,83,100,玉山-高雄,2024-04-29,8843
00655L,國泰中國A50正2,100,6,94,玉山-高雄,2024-04-29,8843
3481,群創,152,81,71,玉山-高雄,2024-04-29,8843
2354,鴻準,111,45,66,玉山-高雄,2024-04-29,8843
00650L,復華香港正2,96,32,64,玉山-高雄,2024-04-29,8843
2511,太子,64,1,63,玉山-高雄,2024-04-29,8843
00753L,中信中國50正2,67,8,59,玉山-高雄,2024-04-29,8843
5512,力麒,67,8,59,玉山-高雄,2024-04-29,8843
6264,富裔,60,4,56,玉山-高雄,2024-04-29,8843
2506,太設,58,6,52,玉山-高雄,2024-04-29,8843
2547,日勝生,72,23,49,玉山-高雄,2024-04-29,8843
2461,光群雷,53,9,44,玉山-高雄,2024-04-29,8843
6215,和椿,86,45,41,玉山-高雄,2024-04-29,8843
5533,皇鼎,41,1,40,玉山-高雄,2024-04-29,8843
00632R,元大台灣50反1,144,105,39,玉山-高雄,2024-04-29,8843
4979,華星光,44,5,39,玉山-高雄,2024-04-29,8843
8070,長華*,48,10,38,玉山-高雄,2024-04-29,8843
2897,王道銀行,42,6,36,玉山-高雄,2024-04-29,8843
2405,輔信,36,0,36,玉山-高雄,2024-04-29,8843
2009,第一銅,84,48,36,玉山-高雄,2024-04-29,8843
1103,嘉泥,38,4,34,玉山-高雄,2024-04-29,8843
4167,松瑞藥,35,2,33,玉山-高雄,2024-04-29,8843
6177,達麗,62,30,32,玉山-高雄,2024-04-29,8843
2464,盟立,34,3,31,玉山-高雄,2024-04-29,8843
911868,同方友友-DR,30,0,30,玉山-高雄,2024-04-29,8843
00637L,元大滬深300正2,104,75,29,玉山-高雄,2024-04-29,8843
2449,京元電子,45,16,29,玉山-高雄,2024-04-29,8843
3052,夆典,48,20,28,玉山-高雄,2024-04-29,8843
9105,泰金寶-DR,27,0,27,玉山-高雄,2024-04-29,8843
2371,大同,123,97,26,玉山-高雄,2024-04-29,8843
6109,亞元,25,0,25,玉山-高雄,2024-04-29,8843
2609,陽明,269,245,24,玉山-高雄,2024-04-29,8843
00680L,元大美債20正2,72,50,22,玉山-高雄,2024-04-29,8843
2344,華邦電,28,6,22,玉山-高雄,2024-04-29,8843
6548,長科*,22,0,22,玉山-高雄,2024-04-29,8843
6143,振曜,22,0,22,玉山-高雄,2024-04-29,8843
2486,一詮,77,55,22,玉山-高雄,2024-04-29,8843
9945,潤泰新,36,15,21,玉山-高雄,2024-04-29,8843
1515,力山,21,1,20,玉山-高雄,2024-04-29,8843
1442,名軒,24,4,20,玉山-高雄,2024-04-29,8843
8163,達方,20,0,20,玉山-高雄,2024-04-29,8843
6264,富裔,449,1,448,玉山-高雄,2024-04-30,8843
00937B,群益ESG投等債20,254,8,246,玉山-高雄,2024-04-30,8843
2515,中工,255,59,196,玉山-高雄,2024-04-30,8843
2323,中環,184,31,153,玉山-高雄,2024-04-30,8843
00637L,元大滬深300正2,162,11,151,玉山-高雄,2024-04-30,8843
2501,國建,200,69,131,玉山-高雄,2024-04-30,8843
9945,潤泰新,142,16,126,玉山-高雄,2024-04-30,8843
2812,台中銀,124,0,124,玉山-高雄,2024-04-30,8843
00933B,國泰10Y+金融債,95,12,83,玉山-高雄,2024-04-30,8843
2611,志信,103,46,57,玉山-高雄,2024-04-30,8843
00680L,元大美債20正2,54,0,54,玉山-高雄,2024-04-30,8843
2516,新建,53,0,53,玉山-高雄,2024-04-30,8843
00919,群益台灣精選高息,105,52,53,玉山-高雄,2024-04-30,8843
2514,龍邦,53,2,51,玉山-高雄,2024-04-30,8843
00940,元大台灣價值高息,123,73,50,玉山-高雄,2024-04-30,8843
00636,國泰中國A50,49,0,49,玉山-高雄,2024-04-30,8843
4402,郡都開發,64,15,49,玉山-高雄,2024-04-30,8843
1605,華新,65,17,48,玉山-高雄,2024-04-30,8843
2880,華南金,83,37,46,玉山-高雄,2024-04-30,8843
2888,新光金,64,21,43,玉山-高雄,2024-04-30,8843
4513,福裕,41,9,32,玉山-高雄,2024-04-30,8843
00715L,期街口布蘭特正2,42,10,32,玉山-高雄,2024-04-30,8843
2449,京元電子,44,16,28,玉山-高雄,2024-04-30,8843
2427,三商電,48,20,28,玉山-高雄,2024-04-30,8843
1722,台肥,27,2,25,玉山-高雄,2024-04-30,8843
2537,聯上發,90,68,22,玉山-高雄,2024-04-30,8843
6548,長科*,24,2,22,玉山-高雄,2024-04-30,8843
1516,川飛,34,13,21,玉山-高雄,2024-04-30,8843
2406,國碩,41,20,21,玉山-高雄,2024-04-30,8843
2610,華航,33,12,21,玉山-高雄,2024-04-30,8843
00941,中信上游半導體,30,10,20,玉山-高雄,2024-04-30,8843
1217,愛之味,22,2,20,玉山-高雄,2024-04-30,8843
5608,四維航,30,10,20,玉山-高雄,2024-04-30,8843
3025,星通,19,0,19,玉山-高雄,2024-04-30,8843
2605,新興,22,3,19,玉山-高雄,2024-04-30,8843
2356,英業達,31,14,17,玉山-高雄,2024-04-30,8843
5531,鄉林,113,96,17,玉山-高雄,2024-04-30,8843
8033,雷虎,19,4,15,玉山-高雄,2024-04-30,8843
2317,鴻海,49,34,15,玉山-高雄,2024-04-30,8843
1536,和大,15,0,15,玉山-高雄,2024-04-30,8843
2467,志聖,15,0,15,玉山-高雄,2024-04-30,8843
2704,國賓,15,0,15,玉山-高雄,2024-04-30,8843
3284,太普高,15,0,15,玉山-高雄,2024-04-30,8843
2355,敬鵬,15,1,14,玉山-高雄,2024-04-30,8843
2365,昆盈,20,6,14,玉山-高雄,2024-04-30,8843
00878,國泰永續高股息,42,28,14,玉山-高雄,2024-04-30,8843
5519,隆大,14,1,13,玉山-高雄,2024-04-30,8843
1314,中石化,327,314,13,玉山-高雄,2024-04-30,8843
3056,富華新,25,12,13,玉山-高雄,2024-04-30,8843
1737,臺鹽,12,0,12,玉山-高雄,2024-04-30,8843
00715L,期街口布蘭特正2,1984,647,1337,玉山-高雄,2024-05-02,8843
3481,群創,564,120,444,玉山-高雄,2024-05-02,8843
2834,臺企銀,505,64,441,玉山-高雄,2024-05-02,8843
00929,復華台灣科技優息,600,206,394,玉山-高雄,2024-05-02,8843
00878,國泰永續高股息,257,4,253,玉山-高雄,2024-05-02,8843
2515,中工,279,124,155,玉山-高雄,2024-05-02,8843
1609,大亞,225,83,142,玉山-高雄,2024-05-02,8843
2409,友達,148,14,134,玉山-高雄,2024-05-02,8843
2324,仁寶,157,24,133,玉山-高雄,2024-05-02,8843
00919,群益台灣精選高息,135,9,126,玉山-高雄,2024-05-02,8843
00680L,元大美債20正2,123,0,123,玉山-高雄,2024-05-02,8843
00915,凱基優選高股息30,116,13,103,玉山-高雄,2024-05-02,8843
00945B,凱基美國非投等債,101,0,101,玉山-高雄,2024-05-02,8843
00940,元大台灣價值高息,381,286,95,玉山-高雄,2024-05-02,8843
2363,矽統,202,109,93,玉山-高雄,2024-05-02,8843
00712,復華富時不動產,69,8,61,玉山-高雄,2024-05-02,8843
2609,陽明,92,34,58,玉山-高雄,2024-05-02,8843
00751B,元大AAA至A公司債,54,0,54,玉山-高雄,2024-05-02,8843
2009,第一銅,57,4,53,玉山-高雄,2024-05-02,8843
2891,中信金,82,30,52,玉山-高雄,2024-05-02,8843
00885,富邦越南,80,28,52,玉山-高雄,2024-05-02,8843
8064,東捷,97,44,53,玉山-高雄,2024-05-02,8843
1440,南紡,61,9,52,玉山-高雄,2024-05-02,8843
00637L,元大滬深300正2,76,27,49,玉山-高雄,2024-05-02,8843
2615,萬海,66,19,47,玉山-高雄,2024-05-02,8843
2867,三商壽,74,27,47,玉山-高雄,2024-05-02,8843
2603,長榮,98,51,47,玉山-高雄,2024-05-02,8843
00720B,元大投資級公司債,48,1,47,玉山-高雄,2024-05-02,8843
00937B,群益ESG投等債20,317,270,47,玉山-高雄,2024-05-02,8843
2882,國泰金,74,29,45,玉山-高雄,2024-05-02,8843
6177,達麗,134,92,42,玉山-高雄,2024-05-02,8843
2330,台積電,59,23,36,玉山-高雄,2024-05-02,8843
2520,冠德,54,19,35,玉山-高雄,2024-05-02,8843
00882,中信中國高股息,48,13,35,玉山-高雄,2024-05-02,8843
3188,鑫龍騰,40,8,32,玉山-高雄,2024-05-02,8843
6125,廣運,43,13,30,玉山-高雄,2024-05-02,8843
2516,新建,30,2,28,玉山-高雄,2024-05-02,8843
2611,志信,57,29,28,玉山-高雄,2024-05-02,8843
00939,統一台灣高息動能,56,30,26,玉山-高雄,2024-05-02,8843
2376,技嘉,30,4,26,玉山-高雄,2024-05-02,8843
2101,南港,71,46,25,玉山-高雄,2024-05-02,8843
2527,宏璟,31,8,23,玉山-高雄,2024-05-02,8843
5356,協益,22,0,22,玉山-高雄,2024-05-02,8843
00909,國泰數位支付服務,20,0,20,玉山-高雄,2024-05-02,8843
3545,敦泰,20,0,20,玉山-高雄,2024-05-02,8843
3213,茂訊,20,0,20,玉山-高雄,2024-05-02,8843
3483,力致,22,2,20,玉山-高雄,2024-05-02,8843
4545,銘鈺,19,0,19,玉山-高雄,2024-05-02,8843
6244,茂迪,21,2,19,玉山-高雄,2024-05-02,8843
2303,聯電,38,19,19,玉山-高雄,2024-05-02,8843
2834,臺企銀,731,36,695,玉山-高雄,2024-05-03,8843
1316,上曜,529,180,349,玉山-高雄,2024-05-03,8843
00937B,群益ESG投等債20,383,73,310,玉山-高雄,2024-05-03,8843
2002,中鋼,273,43,230,玉山-高雄,2024-05-03,8843
00929,復華台灣科技優息,285,123,162,玉山-高雄,2024-05-03,8843
00878,國泰永續高股息,189,51,138,玉山-高雄,2024-05-03,8843
4533,協易機,126,13,113,玉山-高雄,2024-05-03,8843
3231,緯創,113,10,103,玉山-高雄,2024-05-03,8843
00679B,元大美債20年,130,28,102,玉山-高雄,2024-05-03,8843
1605,華新,104,8,96,玉山-高雄,2024-05-03,8843
00941,中信上游半導體,97,9,88,玉山-高雄,2024-05-03,8843
2887,台新金,116,32,84,玉山-高雄,2024-05-03,8843
6770,力積電,188,107,81,玉山-高雄,2024-05-03,8843
00706L,期元大S＆P日圓正2,78,0,78,玉山-高雄,2024-05-03,8843
00688L,國泰20年美債正2,82,4,78,玉山-高雄,2024-05-03,8843
4532,瑞智,77,1,76,玉山-高雄,2024-05-03,8843
2344,華邦電,102,32,70,玉山-高雄,2024-05-03,8843
2501,國建,201,137,64,玉山-高雄,2024-05-03,8843
5531,鄉林,347,285,62,玉山-高雄,2024-05-03,8843
00919,群益台灣精選高息,75,14,61,玉山-高雄,2024-05-03,8843
00637L,元大滬深300正2,105,51,54,玉山-高雄,2024-05-03,8843
1445,大宇,55,2,53,玉山-高雄,2024-05-03,8843
00715L,期街口布蘭特正2,58,5,53,玉山-高雄,2024-05-03,8843
00680L,元大美債20正2,50,0,50,玉山-高雄,2024-05-03,8843
4906,正文,53,3,50,玉山-高雄,2024-05-03,8843
1514,亞力,74,26,48,玉山-高雄,2024-05-03,8843
8926,台汽電,44,0,44,玉山-高雄,2024-05-03,8843
3005,神基,44,1,43,玉山-高雄,2024-05-03,8843
5356,協益,41,1,40,玉山-高雄,2024-05-03,8843
2634,漢翔,38,1,37,玉山-高雄,2024-05-03,8843
2449,京元電子,48,11,37,玉山-高雄,2024-05-03,8843
4714,永捷,133,98,35,玉山-高雄,2024-05-03,8843
1416,廣豐,56,22,34,玉山-高雄,2024-05-03,8843
2354,鴻準,48,16,32,玉山-高雄,2024-05-03,8843
2615,萬海,39,7,32,玉山-高雄,2024-05-03,8843
6214,精誠,31,0,31,玉山-高雄,2024-05-03,8843
8096,擎亞,78,47,31,玉山-高雄,2024-05-03,8843
3188,鑫龍騰,51,21,30,玉山-高雄,2024-05-03,8843
2516,新建,30,0,30,玉山-高雄,2024-05-03,8843
00933B,國泰10Y+金融債,30,1,29,玉山-高雄,2024-05-03,8843
6120,達運,48,20,28,玉山-高雄,2024-05-03,8843
00665L,富邦�琤肭磪囓�2,33,6,27,玉山-高雄,2024-05-03,8843
3013,晟銘電,41,17,24,玉山-高雄,2024-05-03,8843
5519,隆大,33,11,22,玉山-高雄,2024-05-03,8843
6264,富裔,24,2,22,玉山-高雄,2024-05-03,8843
1722,台肥,23,1,22,玉山-高雄,2024-05-03,8843
2101,南港,76,54,22,玉山-高雄,2024-05-03,8843
1101,台泥,30,8,22,玉山-高雄,2024-05-03,8843
2527,宏璟,26,5,21,玉山-高雄,2024-05-03,8843
9933,中鼎,23,2,21,玉山-高雄,2024-05-03,8843
00715L,期街口布蘭特正2,1435,380,1055,玉山-高雄,2024-05-06,8843
00632R,元大台灣50反1,1052,60,992,玉山-高雄,2024-05-06,8843
00680L,元大美債20正2,361,2,359,玉山-高雄,2024-05-06,8843
00929,復華台灣科技優息,320,37,283,玉山-高雄,2024-05-06,8843
00940,元大台灣價值高息,359,88,271,玉山-高雄,2024-05-06,8843
2538,基泰,212,8,204,玉山-高雄,2024-05-06,8843
1714,和桐,140,0,140,玉山-高雄,2024-05-06,8843
2537,聯上發,197,69,128,玉山-高雄,2024-05-06,8843
9907,統一實,121,0,121,玉山-高雄,2024-05-06,8843
6116,彩晶,107,3,104,玉山-高雄,2024-05-06,8843
5009,榮剛,100,8,92,玉山-高雄,2024-05-06,8843
5356,協益,87,0,87,玉山-高雄,2024-05-06,8843
00891,中信關鍵半導體,80,3,77,玉山-高雄,2024-05-06,8843
3036,文曄,74,3,71,玉山-高雄,2024-05-06,8843
2449,京元電子,186,118,68,玉山-高雄,2024-05-06,8843
5512,力麒,73,6,67,玉山-高雄,2024-05-06,8843
00687B,國泰20年美債,75,14,61,玉山-高雄,2024-05-06,8843
2515,中工,127,66,61,玉山-高雄,2024-05-06,8843
00915,凱基優選高股息30,81,24,57,玉山-高雄,2024-05-06,8843
9933,中鼎,73,20,53,玉山-高雄,2024-05-06,8843
00795B,中信美國公債20年,51,0,51,玉山-高雄,2024-05-06,8843
00753L,中信中國50正2,52,3,49,玉山-高雄,2024-05-06,8843
4532,瑞智,51,3,48,玉山-高雄,2024-05-06,8843
00937B,群益ESG投等債20,147,99,48,玉山-高雄,2024-05-06,8843
2506,太設,60,14,46,玉山-高雄,2024-05-06,8843
00679B,元大美債20年,53,9,44,玉山-高雄,2024-05-06,8843
00919,群益台灣精選高息,110,66,44,玉山-高雄,2024-05-06,8843
8147,正淩,44,1,43,玉山-高雄,2024-05-06,8843
3576,聯合再生,42,1,41,玉山-高雄,2024-05-06,8843
9946,三發地產,40,0,40,玉山-高雄,2024-05-06,8843
00751B,元大AAA至A公司債,57,23,34,玉山-高雄,2024-05-06,8843
00655L,國泰中國A50正2,34,1,33,玉山-高雄,2024-05-06,8843
2344,華邦電,51,20,31,玉山-高雄,2024-05-06,8843
3141,晶宏,32,1,31,玉山-高雄,2024-05-06,8843
9945,潤泰新,87,57,30,玉山-高雄,2024-05-06,8843
00909,國泰數位支付服務,31,1,30,玉山-高雄,2024-05-06,8843
1907,永豐餘,30,0,30,玉山-高雄,2024-05-06,8843
5522,遠雄,66,36,30,玉山-高雄,2024-05-06,8843
00719B,元大美債1-3,30,1,29,玉山-高雄,2024-05-06,8843
4533,協易機,34,7,27,玉山-高雄,2024-05-06,8843
4967,十銓,41,15,26,玉山-高雄,2024-05-06,8843
1605,華新,35,9,26,玉山-高雄,2024-05-06,8843
1314,中石化,101,75,26,玉山-高雄,2024-05-06,8843
00637L,元大滬深300正2,28,3,25,玉山-高雄,2024-05-06,8843
1905,華紙,30,5,25,玉山-高雄,2024-05-06,8843
2417,圓剛,25,2,23,玉山-高雄,2024-05-06,8843
5521,工信,26,4,22,玉山-高雄,2024-05-06,8843
2547,日勝生,71,50,21,玉山-高雄,2024-05-06,8843
2406,國碩,22,1,21,玉山-高雄,2024-05-06,8843
2516,新建,22,1,21,玉山-高雄,2024-05-06,8843
00878,國泰永續高股息,283,33,250,玉山-高雄,2024-05-07,8843
2618,長榮航,347,113,234,玉山-高雄,2024-05-07,8843
2014,中鴻,230,17,213,玉山-高雄,2024-05-07,8843
00937B,群益ESG投等債20,212,26,186,玉山-高雄,2024-05-07,8843
2515,中工,224,55,169,玉山-高雄,2024-05-07,8843
00933B,國泰10Y+金融債,148,16,132,玉山-高雄,2024-05-07,8843
00679B,元大美債20年,621,513,108,玉山-高雄,2024-05-07,8843
1605,華新,119,15,104,玉山-高雄,2024-05-07,8843
3013,晟銘電,156,53,103,玉山-高雄,2024-05-07,8843
00753L,中信中國50正2,102,0,102,玉山-高雄,2024-05-07,8843
2888,新光金,159,64,95,玉山-高雄,2024-05-07,8843
1314,中石化,106,16,90,玉山-高雄,2024-05-07,8843
9907,統一實,102,20,82,玉山-高雄,2024-05-07,8843
2486,一詮,233,158,75,玉山-高雄,2024-05-07,8843
6005,群益證,79,7,72,玉山-高雄,2024-05-07,8843
6116,彩晶,64,2,62,玉山-高雄,2024-05-07,8843
4113,聯上,56,0,56,玉山-高雄,2024-05-07,8843
4513,福裕,67,12,55,玉山-高雄,2024-05-07,8843
2363,矽統,119,65,54,玉山-高雄,2024-05-07,8843
3338,泰碩,52,4,48,玉山-高雄,2024-05-07,8843
2801,彰銀,61,14,47,玉山-高雄,2024-05-07,8843
00706L,期元大S＆P日圓正2,53,6,47,玉山-高雄,2024-05-07,8843
9946,三發地產,50,5,45,玉山-高雄,2024-05-07,8843
2610,華航,63,18,45,玉山-高雄,2024-05-07,8843
2392,正崴,48,3,45,玉山-高雄,2024-05-07,8843
3576,聯合再生,49,5,44,玉山-高雄,2024-05-07,8843
1905,華紙,44,2,42,玉山-高雄,2024-05-07,8843
2367,燿華,73,31,42,玉山-高雄,2024-05-07,8843
1714,和桐,50,10,40,玉山-高雄,2024-05-07,8843
9927,泰銘,46,8,38,玉山-高雄,2024-05-07,8843
1795,美時,44,6,38,玉山-高雄,2024-05-07,8843
2603,長榮,51,14,37,玉山-高雄,2024-05-07,8843
1101,台泥,56,19,37,玉山-高雄,2024-05-07,8843
2891,中信金,61,25,36,玉山-高雄,2024-05-07,8843
00945B,凱基美國非投等債,36,0,36,玉山-高雄,2024-05-07,8843
2516,新建,57,21,36,玉山-高雄,2024-05-07,8843
00940,元大台灣價值高息,120,85,35,玉山-高雄,2024-05-07,8843
2371,大同,138,105,33,玉山-高雄,2024-05-07,8843
1609,大亞,130,98,32,玉山-高雄,2024-05-07,8843
1587,吉茂,170,140,30,玉山-高雄,2024-05-07,8843
1305,華夏,30,0,30,玉山-高雄,2024-05-07,8843
8070,長華*,30,1,29,玉山-高雄,2024-05-07,8843
6125,廣運,44,16,28,玉山-高雄,2024-05-07,8843
2417,圓剛,29,1,28,玉山-高雄,2024-05-07,8843
00891,中信關鍵半導體,27,1,26,玉山-高雄,2024-05-07,8843
00687B,國泰20年美債,27,1,26,玉山-高雄,2024-05-07,8843
3221,台嘉碩,24,0,24,玉山-高雄,2024-05-07,8843
2344,華邦電,154,131,23,玉山-高雄,2024-05-07,8843
1444,力麗,23,0,23,玉山-高雄,2024-05-07,8843
2409,友達,26,3,23,玉山-高雄,2024-05-07,8843
00632R,元大台灣50反1,1101,200,901,玉山-高雄,2024-05-08,8843
00687B,國泰20年美債,305,24,281,玉山-高雄,2024-05-08,8843
2374,佳能,259,48,211,玉山-高雄,2024-05-08,8843
00878,國泰永續高股息,264,86,178,玉山-高雄,2024-05-08,8843
2618,長榮航,219,65,154,玉山-高雄,2024-05-08,8843
00795B,中信美國公債20年,143,0,143,玉山-高雄,2024-05-08,8843
00940,元大台灣價值高息,194,60,134,玉山-高雄,2024-05-08,8843
00753L,中信中國50正2,113,4,109,玉山-高雄,2024-05-08,8843
5871,中租-KY,97,10,87,玉山-高雄,2024-05-08,8843
00680L,元大美債20正2,87,1,86,玉山-高雄,2024-05-08,8843
9945,潤泰新,108,25,83,玉山-高雄,2024-05-08,8843
00637L,元大滬深300正2,127,47,80,玉山-高雄,2024-05-08,8843
2514,龍邦,96,17,79,玉山-高雄,2024-05-08,8843
00919,群益台灣精選高息,101,25,76,玉山-高雄,2024-05-08,8843
4906,正文,76,2,74,玉山-高雄,2024-05-08,8843
2641,正德,80,10,70,玉山-高雄,2024-05-08,8843
2603,長榮,99,31,68,玉山-高雄,2024-05-08,8843
00929,復華台灣科技優息,95,31,64,玉山-高雄,2024-05-08,8843
6214,精誠,63,3,60,玉山-高雄,2024-05-08,8843
4532,瑞智,72,15,57,玉山-高雄,2024-05-08,8843
2101,南港,74,19,55,玉山-高雄,2024-05-08,8843
00937B,群益ESG投等債20,180,129,51,玉山-高雄,2024-05-08,8843
00715L,期街口布蘭特正2,48,0,48,玉山-高雄,2024-05-08,8843
2609,陽明,166,121,45,玉山-高雄,2024-05-08,8843
3036,文曄,47,6,41,玉山-高雄,2024-05-08,8843
00936,台新永續高息中小,39,0,39,玉山-高雄,2024-05-08,8843
2406,國碩,39,0,39,玉山-高雄,2024-05-08,8843
00932,兆豐永續高息等權,39,1,38,玉山-高雄,2024-05-08,8843
4123,晟德,34,0,34,玉山-高雄,2024-05-08,8843
2834,臺企銀,39,6,33,玉山-高雄,2024-05-08,8843
2606,裕民,74,42,32,玉山-高雄,2024-05-08,8843
00719B,元大美債1-3,30,0,30,玉山-高雄,2024-05-08,8843
8112,至上,42,13,29,玉山-高雄,2024-05-08,8843
1708,東鹼,44,15,29,玉山-高雄,2024-05-08,8843
2427,三商電,32,7,25,玉山-高雄,2024-05-08,8843
00931B,統一美債20年,25,0,25,玉山-高雄,2024-05-08,8843
3013,晟銘電,64,39,25,玉山-高雄,2024-05-08,8843
2464,盟立,38,14,24,玉山-高雄,2024-05-08,8843
00882,中信中國高股息,102,78,24,玉山-高雄,2024-05-08,8843
1612,宏泰,63,40,23,玉山-高雄,2024-05-08,8843
00909,國泰數位支付服務,23,0,23,玉山-高雄,2024-05-08,8843
2501,國建,42,19,23,玉山-高雄,2024-05-08,8843
2313,華通,25,2,23,玉山-高雄,2024-05-08,8843
00930,永豐ESG低碳高息,25,3,22,玉山-高雄,2024-05-08,8843
2353,宏��,30,8,22,玉山-高雄,2024-05-08,8843
2461,光群雷,21,0,21,玉山-高雄,2024-05-08,8843
3703,欣陸,23,3,20,玉山-高雄,2024-05-08,8843
4207,環泰,20,0,20,玉山-高雄,2024-05-08,8843
1905,華紙,22,2,20,玉山-高雄,2024-05-08,8843
3711,日月光投控,23,3,20,玉山-高雄,2024-05-08,8843
00946,群益科技高息成長,382,108,274,玉山-高雄,2024-05-09,8843
00929,復華台灣科技優息,300,31,269,玉山-高雄,2024-05-09,8843
2834,臺企銀,268,20,248,玉山-高雄,2024-05-09,8843
00944,野村趨勢動能高息,206,2,204,玉山-高雄,2024-05-09,8843
3231,緯創,207,21,186,玉山-高雄,2024-05-09,8843
1314,中石化,146,11,135,玉山-高雄,2024-05-09,8843
00940,元大台灣價值高息,159,37,122,玉山-高雄,2024-05-09,8843
00878,國泰永續高股息,167,46,121,玉山-高雄,2024-05-09,8843
1609,大亞,193,77,116,玉山-高雄,2024-05-09,8843
3260,威剛,117,19,98,玉山-高雄,2024-05-09,8843
5213,亞昕,97,1,96,玉山-高雄,2024-05-09,8843
2867,三商壽,200,111,89,玉山-高雄,2024-05-09,8843
5871,中租-KY,106,30,76,玉山-高雄,2024-05-09,8843
2025,千興,73,0,73,玉山-高雄,2024-05-09,8843
00937B,群益ESG投等債20,122,50,72,玉山-高雄,2024-05-09,8843
2356,英業達,80,11,69,玉山-高雄,2024-05-09,8843
2405,輔信,107,45,62,玉山-高雄,2024-05-09,8843
2371,大同,132,74,58,玉山-高雄,2024-05-09,8843
6182,合晶,51,0,51,玉山-高雄,2024-05-09,8843
3481,群創,51,1,50,玉山-高雄,2024-05-09,8843
00932,兆豐永續高息等權,48,0,48,玉山-高雄,2024-05-09,8843
2363,矽統,99,52,47,玉山-高雄,2024-05-09,8843
00936,台新永續高息中小,47,0,47,玉山-高雄,2024-05-09,8843
1519,華城,60,13,47,玉山-高雄,2024-05-09,8843
1460,宏遠,43,0,43,玉山-高雄,2024-05-09,8843
9945,潤泰新,54,13,41,玉山-高雄,2024-05-09,8843
00679B,元大美債20年,219,180,39,玉山-高雄,2024-05-09,8843
2409,友達,39,0,39,玉山-高雄,2024-05-09,8843
1605,華新,66,28,38,玉山-高雄,2024-05-09,8843
4532,瑞智,41,5,36,玉山-高雄,2024-05-09,8843
2367,燿華,180,145,35,玉山-高雄,2024-05-09,8843
2442,新美齊,35,0,35,玉山-高雄,2024-05-09,8843
2344,華邦電,39,4,35,玉山-高雄,2024-05-09,8843
00933B,國泰10Y+金融債,34,0,34,玉山-高雄,2024-05-09,8843
00891,中信關鍵半導體,34,0,34,玉山-高雄,2024-05-09,8843
2515,中工,52,19,33,玉山-高雄,2024-05-09,8843
2317,鴻海,134,101,33,玉山-高雄,2024-05-09,8843
4402,郡都開發,33,1,32,玉山-高雄,2024-05-09,8843
6214,精誠,35,4,31,玉山-高雄,2024-05-09,8843
00719B,元大美債1-3,31,0,31,玉山-高雄,2024-05-09,8843
2461,光群雷,30,0,30,玉山-高雄,2024-05-09,8843
6005,群益證,43,15,28,玉山-高雄,2024-05-09,8843
2449,京元電子,32,4,28,玉山-高雄,2024-05-09,8843
00795B,中信美國公債20年,27,0,27,玉山-高雄,2024-05-09,8843
6488,環球晶,27,0,27,玉山-高雄,2024-05-09,8843
6189,豐藝,42,16,26,玉山-高雄,2024-05-09,8843
00687B,國泰20年美債,40,15,25,玉山-高雄,2024-05-09,8843
00934,中信成長高股息,25,0,25,玉山-高雄,2024-05-09,8843
6125,廣運,28,5,23,玉山-高雄,2024-05-09,8843
6116,彩晶,23,0,23,玉山-高雄,2024-05-09,8843
00632R,元大台灣50反1,1096,0,1096,玉山-高雄,2024-05-10,8843
00929,復華台灣科技優息,777,41,736,玉山-高雄,2024-05-10,8843
00946,群益科技高息成長,313,2,311,玉山-高雄,2024-05-10,8843
00680L,元大美債20正2,475,250,225,玉山-高雄,2024-05-10,8843
3231,緯創,229,30,199,玉山-高雄,2024-05-10,8843
00688L,國泰20年美債正2,190,0,190,玉山-高雄,2024-05-10,8843
00919,群益台灣精選高息,197,63,134,玉山-高雄,2024-05-10,8843
3706,神達,148,38,110,玉山-高雄,2024-05-10,8843
5213,亞昕,104,0,104,玉山-高雄,2024-05-10,8843
00679B,元大美債20年,152,48,104,玉山-高雄,2024-05-10,8843
00857B,永豐20年美公債,102,0,102,玉山-高雄,2024-05-10,8843
1519,華城,112,12,100,玉山-高雄,2024-05-10,8843
00878,國泰永續高股息,167,68,99,玉山-高雄,2024-05-10,8843
3052,夆典,100,2,98,玉山-高雄,2024-05-10,8843
00636,國泰中國A50,80,0,80,玉山-高雄,2024-05-10,8843
00937B,群益ESG投等債20,135,55,80,玉山-高雄,2024-05-10,8843
2313,華通,150,76,74,玉山-高雄,2024-05-10,8843
9945,潤泰新,103,31,72,玉山-高雄,2024-05-10,8843
6125,廣運,81,12,69,玉山-高雄,2024-05-10,8843
3228,金麗科,65,0,65,玉山-高雄,2024-05-10,8843
2371,大同,147,87,60,玉山-高雄,2024-05-10,8843
00665L,富邦�琤肭磪囓�2,98,42,56,玉山-高雄,2024-05-10,8843
6116,彩晶,56,0,56,玉山-高雄,2024-05-10,8843
00795B,中信美國公債20年,68,15,53,玉山-高雄,2024-05-10,8843
3481,群創,76,26,50,玉山-高雄,2024-05-10,8843
4562,穎漢,55,6,49,玉山-高雄,2024-05-10,8843
3013,晟銘電,149,102,47,玉山-高雄,2024-05-10,8843
00650L,復華香港正2,65,21,44,玉山-高雄,2024-05-10,8843
6770,力積電,56,14,42,玉山-高雄,2024-05-10,8843
00940,元大台灣價值高息,280,238,42,玉山-高雄,2024-05-10,8843
8112,至上,119,79,40,玉山-高雄,2024-05-10,8843
3376,新日興,43,5,38,玉山-高雄,2024-05-10,8843
5871,中租-KY,49,14,35,玉山-高雄,2024-05-10,8843
2457,飛宏,36,2,34,玉山-高雄,2024-05-10,8843
0056,元大高股息,51,18,33,玉山-高雄,2024-05-10,8843
5392,能率,33,2,31,玉山-高雄,2024-05-10,8843
2884,玉山金,147,117,30,玉山-高雄,2024-05-10,8843
5521,工信,25,0,25,玉山-高雄,2024-05-10,8843
2014,中鴻,25,0,25,玉山-高雄,2024-05-10,8843
2382,廣達,39,15,24,玉山-高雄,2024-05-10,8843
00932,兆豐永續高息等權,25,1,24,玉山-高雄,2024-05-10,8843
6239,力成,69,46,23,玉山-高雄,2024-05-10,8843
8011,台通,28,6,22,玉山-高雄,2024-05-10,8843
9904,寶成,23,1,22,玉山-高雄,2024-05-10,8843
2387,精元,21,0,21,玉山-高雄,2024-05-10,8843
2461,光群雷,21,0,21,玉山-高雄,2024-05-10,8843
00637L,元大滬深300正2,28,7,21,玉山-高雄,2024-05-10,8843
3036,文曄,46,25,21,玉山-高雄,2024-05-10,8843
00751B,元大AAA至A公司債,22,2,20,玉山-高雄,2024-05-10,8843
2548,華固,27,7,20,玉山-高雄,2024-05-10,8843
00929,復華台灣科技優息,1013,604,409,玉山-高雄,2024-05-13,8843
00632R,元大台灣50反1,629,226,403,玉山-高雄,2024-05-13,8843
00650L,復華香港正2,268,1,267,玉山-高雄,2024-05-13,8843
2838,聯邦銀,205,0,205,玉山-高雄,2024-05-13,8843
2618,長榮航,425,253,172,玉山-高雄,2024-05-13,8843
00940,元大台灣價值高息,220,95,125,玉山-高雄,2024-05-13,8843
5213,亞昕,102,0,102,玉山-高雄,2024-05-13,8843
2905,三商,100,0,100,玉山-高雄,2024-05-13,8843
00936,台新永續高息中小,115,30,85,玉山-高雄,2024-05-13,8843
00937B,群益ESG投等債20,182,98,84,玉山-高雄,2024-05-13,8843
2641,正德,170,90,80,玉山-高雄,2024-05-13,8843
2615,萬海,294,223,71,玉山-高雄,2024-05-13,8843
9945,潤泰新,136,67,69,玉山-高雄,2024-05-13,8843
2883,凱基金,112,51,61,玉山-高雄,2024-05-13,8843
2317,鴻海,95,37,58,玉山-高雄,2024-05-13,8843
00878,國泰永續高股息,187,129,58,玉山-高雄,2024-05-13,8843
2606,裕民,154,101,53,玉山-高雄,2024-05-13,8843
3056,富華新,136,86,50,玉山-高雄,2024-05-13,8843
3260,威剛,63,14,49,玉山-高雄,2024-05-13,8843
5521,工信,46,0,46,玉山-高雄,2024-05-13,8843
2356,英業達,103,58,45,玉山-高雄,2024-05-13,8843
5608,四維航,63,19,44,玉山-高雄,2024-05-13,8843
1504,東元,49,6,43,玉山-高雄,2024-05-13,8843
2882,國泰金,43,1,42,玉山-高雄,2024-05-13,8843
2603,長榮,205,163,42,玉山-高雄,2024-05-13,8843
1795,美時,49,12,37,玉山-高雄,2024-05-13,8843
00919,群益台灣精選高息,126,89,37,玉山-高雄,2024-05-13,8843
00795B,中信美國公債20年,35,1,34,玉山-高雄,2024-05-13,8843
6215,和椿,34,1,33,玉山-高雄,2024-05-13,8843
8936,國統,42,9,33,玉山-高雄,2024-05-13,8843
2891,中信金,56,24,32,玉山-高雄,2024-05-13,8843
00944,野村趨勢動能高息,32,0,32,玉山-高雄,2024-05-13,8843
2434,統懋,31,0,31,玉山-高雄,2024-05-13,8843
2461,光群雷,30,0,30,玉山-高雄,2024-05-13,8843
2506,太設,30,0,30,玉山-高雄,2024-05-13,8843
2312,金寶,46,18,28,玉山-高雄,2024-05-13,8843
1524,耿鼎,51,24,27,玉山-高雄,2024-05-13,8843
2607,榮運,42,16,26,玉山-高雄,2024-05-13,8843
00909,國泰數位支付服務,23,0,23,玉山-高雄,2024-05-13,8843
1442,名軒,30,7,23,玉山-高雄,2024-05-13,8843
2449,京元電子,30,8,22,玉山-高雄,2024-05-13,8843
5519,隆大,26,4,22,玉山-高雄,2024-05-13,8843
00930,永豐ESG低碳高息,21,0,21,玉山-高雄,2024-05-13,8843
00932,兆豐永續高息等權,26,5,21,玉山-高雄,2024-05-13,8843
3481,群創,42,21,21,玉山-高雄,2024-05-13,8843
2383,台光電,20,0,20,玉山-高雄,2024-05-13,8843
00942B,台新美A公司債20+,20,0,20,玉山-高雄,2024-05-13,8843
1783,和康生,20,0,20,玉山-高雄,2024-05-13,8843
4123,晟德,20,0,20,玉山-高雄,2024-05-13,8843
2537,聯上發,30,11,19,玉山-高雄,2024-05-13,8843
2317,鴻海,505,127,378,玉山-高雄,2024-05-14,8843
00648R,元大S＆P500反1,200,0,200,玉山-高雄,2024-05-14,8843
00937B,群益ESG投等債20,226,44,182,玉山-高雄,2024-05-14,8843
5213,亞昕,165,2,163,玉山-高雄,2024-05-14,8843
2615,萬海,559,445,114,玉山-高雄,2024-05-14,8843
00940,元大台灣價值高息,268,163,105,玉山-高雄,2024-05-14,8843
1522,堤維西,161,57,104,玉山-高雄,2024-05-14,8843
00720B,元大投資級公司債,108,5,103,玉山-高雄,2024-05-14,8843
4167,松瑞藥,96,17,79,玉山-高雄,2024-05-14,8843
2892,第一金,69,1,68,玉山-高雄,2024-05-14,8843
2461,光群雷,62,0,62,玉山-高雄,2024-05-14,8843
2867,三商壽,60,9,51,玉山-高雄,2024-05-14,8843
5525,順天,50,0,50,玉山-高雄,2024-05-14,8843
00688L,國泰20年美債正2,50,0,50,玉山-高雄,2024-05-14,8843
1612,宏泰,53,7,46,玉山-高雄,2024-05-14,8843
00632R,元大台灣50反1,94,50,44,玉山-高雄,2024-05-14,8843
1101,台泥,49,7,42,玉山-高雄,2024-05-14,8843
6505,台塑化,42,0,42,玉山-高雄,2024-05-14,8843
00637L,元大滬深300正2,70,28,42,玉山-高雄,2024-05-14,8843
2355,敬鵬,44,4,40,玉山-高雄,2024-05-14,8843
2371,大同,129,90,39,玉山-高雄,2024-05-14,8843
2915,潤泰全,42,4,38,玉山-高雄,2024-05-14,8843
2851,中再保,35,0,35,玉山-高雄,2024-05-14,8843
2618,長榮航,98,63,35,玉山-高雄,2024-05-14,8843
1513,中興電,52,18,34,玉山-高雄,2024-05-14,8843
00929,復華台灣科技優息,147,113,34,玉山-高雄,2024-05-14,8843
6214,精誠,39,6,33,玉山-高雄,2024-05-14,8843
5347,世界,33,1,32,玉山-高雄,2024-05-14,8843
00915,凱基優選高股息30,31,0,31,玉山-高雄,2024-05-14,8843
4960,誠美材,42,11,31,玉山-高雄,2024-05-14,8843
3231,緯創,83,53,30,玉山-高雄,2024-05-14,8843
2636,台驊控股,35,7,28,玉山-高雄,2024-05-14,8843
2101,南港,34,6,28,玉山-高雄,2024-05-14,8843
00878,國泰永續高股息,89,61,28,玉山-高雄,2024-05-14,8843
5871,中租-KY,45,19,26,玉山-高雄,2024-05-14,8843
2890,永豐金,129,103,26,玉山-高雄,2024-05-14,8843
00679B,元大美債20年,81,56,25,玉山-高雄,2024-05-14,8843
4532,瑞智,50,25,25,玉山-高雄,2024-05-14,8843
6274,台燿,28,4,24,玉山-高雄,2024-05-14,8843
2812,台中銀,23,1,22,玉山-高雄,2024-05-14,8843
2374,佳能,88,66,22,玉山-高雄,2024-05-14,8843
2352,佳世達,22,1,21,玉山-高雄,2024-05-14,8843
3230,錦明,25,4,21,玉山-高雄,2024-05-14,8843
00930,永豐ESG低碳高息,21,0,21,玉山-高雄,2024-05-14,8843
00944,野村趨勢動能高息,21,0,21,玉山-高雄,2024-05-14,8843
1304,台聚,21,0,21,玉山-高雄,2024-05-14,8843
1718,中纖,23,2,21,玉山-高雄,2024-05-14,8843
1702,南僑,20,0,20,玉山-高雄,2024-05-14,8843
2882,國泰金,28,8,20,玉山-高雄,2024-05-14,8843
2482,連宇,25,6,19,玉山-高雄,2024-05-14,8843
00929,復華台灣科技優息,846,327,519,玉山-高雄,2024-05-15,8843
00937B,群益ESG投等債20,544,239,305,玉山-高雄,2024-05-15,8843
00946,群益科技高息成長,260,27,233,玉山-高雄,2024-05-15,8843
00878,國泰永續高股息,347,117,230,玉山-高雄,2024-05-15,8843
9105,泰金寶-DR,213,0,213,玉山-高雄,2024-05-15,8843
00919,群益台灣精選高息,285,101,184,玉山-高雄,2024-05-15,8843
00680L,元大美債20正2,177,4,173,玉山-高雄,2024-05-15,8843
2356,英業達,248,97,151,玉山-高雄,2024-05-15,8843
00679B,元大美債20年,162,19,143,玉山-高雄,2024-05-15,8843
2367,燿華,355,237,118,玉山-高雄,2024-05-15,8843
00932,兆豐永續高息等權,112,2,110,玉山-高雄,2024-05-15,8843
3047,訊舟,141,43,98,玉山-高雄,2024-05-15,8843
1609,大亞,148,67,81,玉山-高雄,2024-05-15,8843
00940,元大台灣價值高息,453,378,75,玉山-高雄,2024-05-15,8843
2514,龍邦,67,1,66,玉山-高雄,2024-05-15,8843
9919,康那香,66,2,64,玉山-高雄,2024-05-15,8843
2641,正德,79,18,61,玉山-高雄,2024-05-15,8843
2905,三商,50,0,50,玉山-高雄,2024-05-15,8843
5213,亞昕,50,1,49,玉山-高雄,2024-05-15,8843
2605,新興,78,34,44,玉山-高雄,2024-05-15,8843
2405,輔信,70,27,43,玉山-高雄,2024-05-15,8843
00720B,元大投資級公司債,42,2,40,玉山-高雄,2024-05-15,8843
2603,長榮,170,130,40,玉山-高雄,2024-05-15,8843
00933B,國泰10Y+金融債,99,60,39,玉山-高雄,2024-05-15,8843
8404,百和興業-KY,37,0,37,玉山-高雄,2024-05-15,8843
2486,一詮,61,28,33,玉山-高雄,2024-05-15,8843
2515,中工,62,29,33,玉山-高雄,2024-05-15,8843
00643,群益深証中小,32,0,32,玉山-高雄,2024-05-15,8843
6770,力積電,41,11,30,玉山-高雄,2024-05-15,8843
4960,誠美材,32,3,29,玉山-高雄,2024-05-15,8843
3056,富華新,28,0,28,玉山-高雄,2024-05-15,8843
1313,聯成,30,4,26,玉山-高雄,2024-05-15,8843
2002,中鋼,27,2,25,玉山-高雄,2024-05-15,8843
2637,慧洋-KY,28,3,25,玉山-高雄,2024-05-15,8843
4533,協易機,70,45,25,玉山-高雄,2024-05-15,8843
2449,京元電子,33,8,25,玉山-高雄,2024-05-15,8843
2101,南港,25,1,24,玉山-高雄,2024-05-15,8843
6605,帝寶,27,3,24,玉山-高雄,2024-05-15,8843
2317,鴻海,200,177,23,玉山-高雄,2024-05-15,8843
9945,潤泰新,71,48,23,玉山-高雄,2024-05-15,8843
3287,廣寰科,31,9,22,玉山-高雄,2024-05-15,8843
5009,榮剛,23,2,21,玉山-高雄,2024-05-15,8843
2434,統懋,21,0,21,玉山-高雄,2024-05-15,8843
2406,國碩,56,35,21,玉山-高雄,2024-05-15,8843
6505,台塑化,20,0,20,玉山-高雄,2024-05-15,8843
1524,耿鼎,28,9,19,玉山-高雄,2024-05-15,8843
5534,長虹,20,2,18,玉山-高雄,2024-05-15,8843
2540,愛山林,19,1,18,玉山-高雄,2024-05-15,8843
2883,凱基金,83,66,17,玉山-高雄,2024-05-15,8843
1522,堤維西,68,50,18,玉山-高雄,2024-05-15,8843
4414,如興,809,0,809,玉山-高雄,2024-05-16,8843
2880,華南金,319,14,305,玉山-高雄,2024-05-16,8843
3231,緯創,170,36,134,玉山-高雄,2024-05-16,8843
00680L,元大美債20正2,161,39,122,玉山-高雄,2024-05-16,8843
00632R,元大台灣50反1,262,154,108,玉山-高雄,2024-05-16,8843
2301,光寶科,124,30,94,玉山-高雄,2024-05-16,8843
5356,協益,88,2,86,玉山-高雄,2024-05-16,8843
2365,昆盈,162,76,86,玉山-高雄,2024-05-16,8843
2356,英業達,246,161,85,玉山-高雄,2024-05-16,8843
00946,群益科技高息成長,149,71,78,玉山-高雄,2024-05-16,8843
00878,國泰永續高股息,355,287,68,玉山-高雄,2024-05-16,8843
2363,矽統,141,74,67,玉山-高雄,2024-05-16,8843
00720B,元大投資級公司債,120,54,66,玉山-高雄,2024-05-16,8843
00940,元大台灣價值高息,261,200,61,玉山-高雄,2024-05-16,8843
2359,所羅門,168,110,58,玉山-高雄,2024-05-16,8843
9907,統一實,76,23,53,玉山-高雄,2024-05-16,8843
4960,誠美材,62,11,51,玉山-高雄,2024-05-16,8843
2382,廣達,116,66,50,玉山-高雄,2024-05-16,8843
2464,盟立,75,31,44,玉山-高雄,2024-05-16,8843
00929,復華台灣科技優息,295,251,44,玉山-高雄,2024-05-16,8843
2101,南港,46,3,43,玉山-高雄,2024-05-16,8843
00725B,國泰投資級公司債,39,2,37,玉山-高雄,2024-05-16,8843
4532,瑞智,34,0,34,玉山-高雄,2024-05-16,8843
2331,精英,35,2,33,玉山-高雄,2024-05-16,8843
2882,國泰金,65,34,31,玉山-高雄,2024-05-16,8843
2537,聯上發,31,0,31,玉山-高雄,2024-05-16,8843
00637L,元大滬深300正2,32,2,30,玉山-高雄,2024-05-16,8843
3305,昇貿,29,4,25,玉山-高雄,2024-05-16,8843
5324,士開,25,0,25,玉山-高雄,2024-05-16,8843
6026,福邦證,30,5,25,玉山-高雄,2024-05-16,8843
3036,文曄,37,13,24,玉山-高雄,2024-05-16,8843
8096,擎亞,66,42,24,玉山-高雄,2024-05-16,8843
9946,三發地產,25,2,23,玉山-高雄,2024-05-16,8843
1522,堤維西,28,6,22,玉山-高雄,2024-05-16,8843
2851,中再保,22,0,22,玉山-高雄,2024-05-16,8843
1442,名軒,29,7,22,玉山-高雄,2024-05-16,8843
00706L,期元大S＆P日圓正2,22,0,22,玉山-高雄,2024-05-16,8843
2349,錸德,31,12,19,玉山-高雄,2024-05-16,8843
3176,基亞,18,0,18,玉山-高雄,2024-05-16,8843
1563,巧新,20,3,17,玉山-高雄,2024-05-16,8843
4535,至興,19,2,17,玉山-高雄,2024-05-16,8843
00932,兆豐永續高息等權,18,1,17,玉山-高雄,2024-05-16,8843
3576,聯合再生,16,0,16,玉山-高雄,2024-05-16,8843
8028,昇陽半導體,23,7,16,玉山-高雄,2024-05-16,8843
6125,廣運,32,16,16,玉山-高雄,2024-05-16,8843
8070,長華*,15,0,15,玉山-高雄,2024-05-16,8843
4401,東隆興,15,0,15,玉山-高雄,2024-05-16,8843
5392,能率,27,12,15,玉山-高雄,2024-05-16,8843
8071,能率網通,22,8,14,玉山-高雄,2024-05-16,8843
00945B,凱基美國非投等債,13,0,13,玉山-高雄,2024-05-16,8843
00937B,群益ESG投等債20,485,22,463,玉山-高雄,2024-05-17,8843
00929,復華台灣科技優息,486,25,461,玉山-高雄,2024-05-17,8843
00650L,復華香港正2,476,157,319,玉山-高雄,2024-05-17,8843
00753L,中信中國50正2,237,5,232,玉山-高雄,2024-05-17,8843
00878,國泰永續高股息,255,33,222,玉山-高雄,2024-05-17,8843
2349,錸德,246,26,220,玉山-高雄,2024-05-17,8843
2867,三商壽,479,266,213,玉山-高雄,2024-05-17,8843
3234,光環,211,23,188,玉山-高雄,2024-05-17,8843
1608,華榮,172,4,168,玉山-高雄,2024-05-17,8843
2442,新美齊,177,12,165,玉山-高雄,2024-05-17,8843
4414,如興,149,0,149,玉山-高雄,2024-05-17,8843
00679B,元大美債20年,155,18,137,玉山-高雄,2024-05-17,8843
3059,華晶科,188,55,133,玉山-高雄,2024-05-17,8843
00933B,國泰10Y+金融債,132,11,121,玉山-高雄,2024-05-17,8843
00918,大華優利高填息30,122,4,118,玉山-高雄,2024-05-17,8843
00919,群益台灣精選高息,102,10,92,玉山-高雄,2024-05-17,8843
2409,友達,98,6,92,玉山-高雄,2024-05-17,8843
4906,正文,93,2,91,玉山-高雄,2024-05-17,8843
3481,群創,90,0,90,玉山-高雄,2024-05-17,8843
2883,凱基金,84,3,81,玉山-高雄,2024-05-17,8843
1453,大將,79,11,68,玉山-高雄,2024-05-17,8843
2317,鴻海,114,49,65,玉山-高雄,2024-05-17,8843
00680L,元大美債20正2,83,28,55,玉山-高雄,2024-05-17,8843
2603,長榮,127,76,51,玉山-高雄,2024-05-17,8843
2374,佳能,239,189,50,玉山-高雄,2024-05-17,8843
00637L,元大滬深300正2,56,8,48,玉山-高雄,2024-05-17,8843
6770,力積電,76,29,47,玉山-高雄,2024-05-17,8843
00931B,統一美債20年,107,60,47,玉山-高雄,2024-05-17,8843
2408,南亞科,51,5,46,玉山-高雄,2024-05-17,8843
2417,圓剛,49,3,46,玉山-高雄,2024-05-17,8843
5392,能率,106,61,45,玉山-高雄,2024-05-17,8843
3231,緯創,61,15,46,玉山-高雄,2024-05-17,8843
00882,中信中國高股息,48,6,42,玉山-高雄,2024-05-17,8843
2330,台積電,45,7,38,玉山-高雄,2024-05-17,8843
00665L,富邦�琤肭磪囓�2,51,14,37,玉山-高雄,2024-05-17,8843
00795B,中信美國公債20年,32,0,32,玉山-高雄,2024-05-17,8843
3141,晶宏,34,2,32,玉山-高雄,2024-05-17,8843
00687B,國泰20年美債,41,10,31,玉山-高雄,2024-05-17,8843
00720B,元大投資級公司債,61,30,31,玉山-高雄,2024-05-17,8843
2489,瑞軒,89,58,31,玉山-高雄,2024-05-17,8843
9907,統一實,30,0,30,玉山-高雄,2024-05-17,8843
9934,成霖,30,0,30,玉山-高雄,2024-05-17,8843
00915,凱基優選高股息30,32,3,29,玉山-高雄,2024-05-17,8843
00891,中信關鍵半導體,32,3,29,玉山-高雄,2024-05-17,8843
2444,兆勁,37,8,29,玉山-高雄,2024-05-17,8843
5498,凱崴,31,3,28,玉山-高雄,2024-05-17,8843
2637,慧洋-KY,30,4,26,玉山-高雄,2024-05-17,8843
6207,雷科,30,5,25,玉山-高雄,2024-05-17,8843
2356,英業達,55,30,25,玉山-高雄,2024-05-17,8843
1301,台塑,22,0,22,玉山-高雄,2024-05-17,8843
00929,復華台灣科技優息,653,119,534,玉山-高雄,2024-05-20,8843
2867,三商壽,765,282,483,玉山-高雄,2024-05-20,8843
00632R,元大台灣50反1,428,17,411,玉山-高雄,2024-05-20,8843
00937B,群益ESG投等債20,366,78,288,玉山-高雄,2024-05-20,8843
3234,光環,203,2,201,玉山-高雄,2024-05-20,8843
2317,鴻海,183,39,144,玉山-高雄,2024-05-20,8843
1314,中石化,182,53,129,玉山-高雄,2024-05-20,8843
2618,長榮航,256,149,107,玉山-高雄,2024-05-20,8843
2641,正德,104,7,97,玉山-高雄,2024-05-20,8843
2886,兆豐金,107,10,97,玉山-高雄,2024-05-20,8843
2367,燿華,470,376,94,玉山-高雄,2024-05-20,8843
2883,凱基金,180,103,77,玉山-高雄,2024-05-20,8843
00679B,元大美債20年,80,9,71,玉山-高雄,2024-05-20,8843
4414,如興,75,10,65,玉山-高雄,2024-05-20,8843
3231,緯創,81,18,63,玉山-高雄,2024-05-20,8843
9105,泰金寶-DR,61,0,61,玉山-高雄,2024-05-20,8843
00720B,元大投資級公司債,62,2,60,玉山-高雄,2024-05-20,8843
3056,富華新,60,2,58,玉山-高雄,2024-05-20,8843
6202,盛群,60,5,55,玉山-高雄,2024-05-20,8843
00878,國泰永續高股息,214,167,47,玉山-高雄,2024-05-20,8843
4532,瑞智,46,3,43,玉山-高雄,2024-05-20,8843
00731,復華富時高息低波,39,1,38,玉山-高雄,2024-05-20,8843
2467,志聖,50,17,33,玉山-高雄,2024-05-20,8843
5381,合正,36,4,32,玉山-高雄,2024-05-20,8843
6152,百一,33,1,32,玉山-高雄,2024-05-20,8843
5508,永信建,36,5,31,玉山-高雄,2024-05-20,8843
4533,協易機,103,72,31,玉山-高雄,2024-05-20,8843
2359,所羅門,116,88,28,玉山-高雄,2024-05-20,8843
2515,中工,35,9,26,玉山-高雄,2024-05-20,8843
00795B,中信美國公債20年,26,0,26,玉山-高雄,2024-05-20,8843
1460,宏遠,35,10,25,玉山-高雄,2024-05-20,8843
9945,潤泰新,81,57,24,玉山-高雄,2024-05-20,8843
00713,元大台灣高息低波,23,1,22,玉山-高雄,2024-05-20,8843
00945B,凱基美國非投等債,21,0,21,玉山-高雄,2024-05-20,8843
2801,彰銀,22,1,21,玉山-高雄,2024-05-20,8843
3303,岱稜,22,1,21,玉山-高雄,2024-05-20,8843
1815,富喬,25,5,20,玉山-高雄,2024-05-20,8843
00706L,期元大S＆P日圓正2,20,0,20,玉山-高雄,2024-05-20,8843
2382,廣達,27,7,20,玉山-高雄,2024-05-20,8843
1608,華榮,58,38,20,玉山-高雄,2024-05-20,8843
00915,凱基優選高股息30,19,0,19,玉山-高雄,2024-05-20,8843
1905,華紙,25,6,19,玉山-高雄,2024-05-20,8843
00857B,永豐20年美公債,20,2,18,玉山-高雄,2024-05-20,8843
1101,台泥,25,7,18,玉山-高雄,2024-05-20,8843
4906,正文,36,18,18,玉山-高雄,2024-05-20,8843
1722,台肥,17,0,17,玉山-高雄,2024-05-20,8843
2025,千興,22,5,17,玉山-高雄,2024-05-20,8843
2514,龍邦,21,4,17,玉山-高雄,2024-05-20,8843
6005,群益證,17,1,16,玉山-高雄,2024-05-20,8843
3033,威健,20,4,16,玉山-高雄,2024-05-20,8843
00753L,中信中國50正2,756,6,750,玉山-高雄,2024-05-21,8843
00650L,復華香港正2,669,3,666,玉山-高雄,2024-05-21,8843
2442,新美齊,297,1,296,玉山-高雄,2024-05-21,8843
2867,三商壽,276,31,245,玉山-高雄,2024-05-21,8843
00937B,群益ESG投等債20,210,1,209,玉山-高雄,2024-05-21,8843
00882,中信中國高股息,177,14,163,玉山-高雄,2024-05-21,8843
00940,元大台灣價值高息,259,118,141,玉山-高雄,2024-05-21,8843
1609,大亞,151,19,132,玉山-高雄,2024-05-21,8843
2888,新光金,124,6,118,玉山-高雄,2024-05-21,8843
2892,第一金,115,1,114,玉山-高雄,2024-05-21,8843
2880,華南金,115,4,111,玉山-高雄,2024-05-21,8843
00946,群益科技高息成長,109,0,109,玉山-高雄,2024-05-21,8843
3338,泰碩,186,82,104,玉山-高雄,2024-05-21,8843
00637L,元大滬深300正2,124,21,103,玉山-高雄,2024-05-21,8843
4414,如興,100,0,100,玉山-高雄,2024-05-21,8843
1605,華新,336,261,75,玉山-高雄,2024-05-21,8843
4532,瑞智,66,1,65,玉山-高雄,2024-05-21,8843
9945,潤泰新,89,31,58,玉山-高雄,2024-05-21,8843
2409,友達,56,0,56,玉山-高雄,2024-05-21,8843
2641,正德,52,0,52,玉山-高雄,2024-05-21,8843
3033,威健,68,17,51,玉山-高雄,2024-05-21,8843
00665L,富邦�琤肭磪囓�2,63,15,48,玉山-高雄,2024-05-21,8843
8028,昇陽半導體,68,20,48,玉山-高雄,2024-05-21,8843
3056,富華新,50,3,47,玉山-高雄,2024-05-21,8843
00939,統一台灣高息動能,47,0,47,玉山-高雄,2024-05-21,8843
1109,信大,46,0,46,玉山-高雄,2024-05-21,8843
2317,鴻海,62,20,42,玉山-高雄,2024-05-21,8843
00795B,中信美國公債20年,38,0,38,玉山-高雄,2024-05-21,8843
1539,巨庭,37,0,37,玉山-高雄,2024-05-21,8843
2363,矽統,72,35,37,玉山-高雄,2024-05-21,8843
2329,華泰,54,18,36,玉山-高雄,2024-05-21,8843
2801,彰銀,38,2,36,玉山-高雄,2024-05-21,8843
2915,潤泰全,35,0,35,玉山-高雄,2024-05-21,8843
2356,英業達,59,25,34,玉山-高雄,2024-05-21,8843
00919,群益台灣精選高息,86,55,31,玉山-高雄,2024-05-21,8843
00651R,復華香港反1,31,0,31,玉山-高雄,2024-05-21,8843
6156,松上,30,0,30,玉山-高雄,2024-05-21,8843
5371,中光電,43,13,30,玉山-高雄,2024-05-21,8843
1608,華榮,100,70,30,玉山-高雄,2024-05-21,8843
6154,順發,29,0,29,玉山-高雄,2024-05-21,8843
8096,擎亞,54,27,27,玉山-高雄,2024-05-21,8843
2515,中工,43,17,26,玉山-高雄,2024-05-21,8843
2634,漢翔,32,7,25,玉山-高雄,2024-05-21,8843
0056,元大高股息,27,2,25,玉山-高雄,2024-05-21,8843
3576,聯合再生,24,0,24,玉山-高雄,2024-05-21,8843
00687B,國泰20年美債,27,4,23,玉山-高雄,2024-05-21,8843
2312,金寶,39,17,22,玉山-高雄,2024-05-21,8843
2889,國票金,26,4,22,玉山-高雄,2024-05-21,8843
6770,力積電,28,6,22,玉山-高雄,2024-05-21,8843
2374,佳能,155,133,22,玉山-高雄,2024-05-21,8843
00632R,元大台灣50反1,709,80,629,玉山-高雄,2024-05-22,8843
3013,晟銘電,331,124,207,玉山-高雄,2024-05-22,8843
00937B,群益ESG投等債20,172,35,137,玉山-高雄,2024-05-22,8843
2367,燿華,208,86,122,玉山-高雄,2024-05-22,8843
2489,瑞軒,131,28,103,玉山-高雄,2024-05-22,8843
2009,第一銅,270,171,99,玉山-高雄,2024-05-22,8843
00929,復華台灣科技優息,209,110,99,玉山-高雄,2024-05-22,8843
00935,野村臺灣新科技50,99,0,99,玉山-高雄,2024-05-22,8843
3047,訊舟,134,48,86,玉山-高雄,2024-05-22,8843
2002,中鋼,94,9,85,玉山-高雄,2024-05-22,8843
2883,凱基金,187,105,82,玉山-高雄,2024-05-22,8843
2884,玉山金,90,13,77,玉山-高雄,2024-05-22,8843
2537,聯上發,101,27,74,玉山-高雄,2024-05-22,8843
00636,國泰中國A50,71,1,70,玉山-高雄,2024-05-22,8843
00795B,中信美國公債20年,69,0,69,玉山-高雄,2024-05-22,8843
00946,群益科技高息成長,117,51,66,玉山-高雄,2024-05-22,8843
00715L,期街口布蘭特正2,76,14,62,玉山-高雄,2024-05-22,8843
00753L,中信中國50正2,67,10,57,玉山-高雄,2024-05-22,8843
00650L,復華香港正2,74,18,56,玉山-高雄,2024-05-22,8843
2610,華航,85,31,54,玉山-高雄,2024-05-22,8843
3060,銘異,96,43,53,玉山-高雄,2024-05-22,8843
3706,神達,81,30,51,玉山-高雄,2024-05-22,8843
2444,兆勁,50,2,48,玉山-高雄,2024-05-22,8843
9946,三發地產,60,13,47,玉山-高雄,2024-05-22,8843
2618,長榮航,103,57,46,玉山-高雄,2024-05-22,8843
9904,寶成,57,12,45,玉山-高雄,2024-05-22,8843
1303,南亞,44,1,43,玉山-高雄,2024-05-22,8843
5521,工信,42,1,41,玉山-高雄,2024-05-22,8843
1519,華城,43,6,37,玉山-高雄,2024-05-22,8843
2548,華固,40,4,36,玉山-高雄,2024-05-22,8843
2486,一詮,51,18,33,玉山-高雄,2024-05-22,8843
8071,能率網通,59,26,33,玉山-高雄,2024-05-22,8843
00637L,元大滬深300正2,39,7,32,玉山-高雄,2024-05-22,8843
2374,佳能,126,94,32,玉山-高雄,2024-05-22,8843
8064,東捷,63,31,32,玉山-高雄,2024-05-22,8843
5230,雷笛克光學,34,3,31,玉山-高雄,2024-05-22,8843
911868,同方友友-DR,30,0,30,玉山-高雄,2024-05-22,8843
2634,漢翔,35,6,29,玉山-高雄,2024-05-22,8843
00712,復華富時不動產,33,7,26,玉山-高雄,2024-05-22,8843
8358,金居,34,8,26,玉山-高雄,2024-05-22,8843
2241,艾姆勒,33,7,26,玉山-高雄,2024-05-22,8843
2514,龍邦,37,12,25,玉山-高雄,2024-05-22,8843
1440,南紡,25,0,25,玉山-高雄,2024-05-22,8843
3450,聯鈞,55,30,25,玉山-高雄,2024-05-22,8843
6005,群益證,24,0,24,玉山-高雄,2024-05-22,8843
2890,永豐金,24,1,23,玉山-高雄,2024-05-22,8843
6282,康舒,25,3,22,玉山-高雄,2024-05-22,8843
8110,華東,30,7,23,玉山-高雄,2024-05-22,8843
00944,野村趨勢動能高息,22,0,22,玉山-高雄,2024-05-22,8843
2313,華通,41,19,22,玉山-高雄,2024-05-22,8843
00637L,元大滬深300正2,428,33,395,玉山-高雄,2024-05-23,8843
00753L,中信中國50正2,398,45,353,玉山-高雄,2024-05-23,8843
00650L,復華香港正2,324,8,316,玉山-高雄,2024-05-23,8843
00878,國泰永續高股息,294,38,256,玉山-高雄,2024-05-23,8843
00937B,群益ESG投等債20,348,100,248,玉山-高雄,2024-05-23,8843
00946,群益科技高息成長,214,52,162,玉山-高雄,2024-05-23,8843
4414,如興,155,0,155,玉山-高雄,2024-05-23,8843
9105,泰金寶-DR,159,10,149,玉山-高雄,2024-05-23,8843
2371,大同,185,47,138,玉山-高雄,2024-05-23,8843
00632R,元大台灣50反1,152,20,132,玉山-高雄,2024-05-23,8843
2009,第一銅,155,24,131,玉山-高雄,2024-05-23,8843
2633,台灣高鐵,125,0,125,玉山-高雄,2024-05-23,8843
2002,中鋼,133,11,122,玉山-高雄,2024-05-23,8843
2888,新光金,122,8,114,玉山-高雄,2024-05-23,8843
1815,富喬,378,265,113,玉山-高雄,2024-05-23,8843
2618,長榮航,480,373,107,玉山-高雄,2024-05-23,8843
2324,仁寶,200,94,106,玉山-高雄,2024-05-23,8843
2514,龍邦,111,6,105,玉山-高雄,2024-05-23,8843
2014,中鴻,110,7,103,玉山-高雄,2024-05-23,8843
2359,所羅門,229,140,89,玉山-高雄,2024-05-23,8843
2340,台亞,85,2,83,玉山-高雄,2024-05-23,8843
00795B,中信美國公債20年,93,10,83,玉山-高雄,2024-05-23,8843
00665L,富邦�琤肭磪囓�2,78,0,78,玉山-高雄,2024-05-23,8843
00935,野村臺灣新科技50,71,0,71,玉山-高雄,2024-05-23,8843
00936,台新永續高息中小,65,0,65,玉山-高雄,2024-05-23,8843
2609,陽明,87,26,61,玉山-高雄,2024-05-23,8843
2356,英業達,107,46,61,玉山-高雄,2024-05-23,8843
8936,國統,114,59,55,玉山-高雄,2024-05-23,8843
3481,群創,107,52,55,玉山-高雄,2024-05-23,8843
2867,三商壽,83,31,52,玉山-高雄,2024-05-23,8843
2444,兆勁,51,0,51,玉山-高雄,2024-05-23,8843
2883,凱基金,220,170,50,玉山-高雄,2024-05-23,8843
2891,中信金,69,19,50,玉山-高雄,2024-05-23,8843
00712,復華富時不動產,61,12,49,玉山-高雄,2024-05-23,8843
2314,台揚,55,6,49,玉山-高雄,2024-05-23,8843
2387,精元,49,0,49,玉山-高雄,2024-05-23,8843
2885,元大金,52,3,49,玉山-高雄,2024-05-23,8843
2884,玉山金,102,54,48,玉山-高雄,2024-05-23,8843
00687B,國泰20年美債,57,11,46,玉山-高雄,2024-05-23,8843
2363,矽統,74,28,46,玉山-高雄,2024-05-23,8843
1616,億泰,45,1,44,玉山-高雄,2024-05-23,8843
2409,友達,51,8,43,玉山-高雄,2024-05-23,8843
6770,力積電,110,68,42,玉山-高雄,2024-05-23,8843
5498,凱崴,55,16,39,玉山-高雄,2024-05-23,8843
3033,威健,54,16,38,玉山-高雄,2024-05-23,8843
2887,台新金,39,2,37,玉山-高雄,2024-05-23,8843
2886,兆豐金,42,7,35,玉山-高雄,2024-05-23,8843
00930,永豐ESG低碳高息,36,1,35,玉山-高雄,2024-05-23,8843
5202,力新,34,0,34,玉山-高雄,2024-05-23,8843
8046,南電,35,1,34,玉山-高雄,2024-05-23,8843
00632R,元大台灣50反1,5412,6,5406,玉山-高雄,2024-05-24,8843
00929,復華台灣科技優息,571,32,539,玉山-高雄,2024-05-24,8843
00937B,群益ESG投等債20,401,159,242,玉山-高雄,2024-05-24,8843
1815,富喬,500,267,233,玉山-高雄,2024-05-24,8843
00712,復華富時不動產,211,1,210,玉山-高雄,2024-05-24,8843
00650L,復華香港正2,139,5,134,玉山-高雄,2024-05-24,8843
00946,群益科技高息成長,234,101,133,玉山-高雄,2024-05-24,8843
1810,和成,180,52,128,玉山-高雄,2024-05-24,8843
2867,三商壽,210,92,118,玉山-高雄,2024-05-24,8843
00637L,元大滬深300正2,161,62,99,玉山-高雄,2024-05-24,8843
00940,元大台灣價值高息,161,66,95,玉山-高雄,2024-05-24,8843
00878,國泰永續高股息,107,23,84,玉山-高雄,2024-05-24,8843
00665L,富邦�琤肭磪囓�2,104,20,84,玉山-高雄,2024-05-24,8843
2002,中鋼,90,10,80,玉山-高雄,2024-05-24,8843
4414,如興,80,0,80,玉山-高雄,2024-05-24,8843
2371,大同,171,102,69,玉山-高雄,2024-05-24,8843
2486,一詮,141,74,67,玉山-高雄,2024-05-24,8843
3535,晶彩科,225,158,67,玉山-高雄,2024-05-24,8843
5876,上海商銀,66,0,66,玉山-高雄,2024-05-24,8843
8936,國統,67,5,62,玉山-高雄,2024-05-24,8843
2884,玉山金,99,41,58,玉山-高雄,2024-05-24,8843
6125,廣運,95,39,56,玉山-高雄,2024-05-24,8843
00679B,元大美債20年,47,0,47,玉山-高雄,2024-05-24,8843
6117,迎廣,113,68,45,玉山-高雄,2024-05-24,8843
2365,昆盈,214,170,44,玉山-高雄,2024-05-24,8843
2891,中信金,65,21,44,玉山-高雄,2024-05-24,8843
00936,台新永續高息中小,43,0,43,玉山-高雄,2024-05-24,8843
2392,正崴,115,72,43,玉山-高雄,2024-05-24,8843
2340,台亞,42,2,40,玉山-高雄,2024-05-24,8843
3321,同泰,43,4,39,玉山-高雄,2024-05-24,8843
4716,大立,41,6,35,玉山-高雄,2024-05-24,8843
00655L,國泰中國A50正2,35,0,35,玉山-高雄,2024-05-24,8843
8358,金居,56,23,33,玉山-高雄,2024-05-24,8843
6770,力積電,39,6,33,玉山-高雄,2024-05-24,8843
2313,華通,58,27,31,玉山-高雄,2024-05-24,8843
2905,三商,31,0,31,玉山-高雄,2024-05-24,8843
1909,榮成,30,0,30,玉山-高雄,2024-05-24,8843
5410,國眾,29,0,29,玉山-高雄,2024-05-24,8843
00715L,期街口布蘭特正2,29,0,29,玉山-高雄,2024-05-24,8843
1516,川飛,40,12,28,玉山-高雄,2024-05-24,8843
00909,國泰數位支付服務,27,0,27,玉山-高雄,2024-05-24,8843
2892,第一金,38,11,27,玉山-高雄,2024-05-24,8843
5371,中光電,43,17,26,玉山-高雄,2024-05-24,8843
2838,聯邦銀,24,0,24,玉山-高雄,2024-05-24,8843
6147,頎邦,24,1,23,玉山-高雄,2024-05-24,8843
00633L,富邦上証正2,23,0,23,玉山-高雄,2024-05-24,8843
4743,合一,23,0,23,玉山-高雄,2024-05-24,8843
4956,光鋐,22,0,22,玉山-高雄,2024-05-24,8843
2303,聯電,83,61,22,玉山-高雄,2024-05-24,8843
00713,元大台灣高息低波,22,1,21,玉山-高雄,2024-05-24,8843
1815,富喬,724,198,526,玉山-高雄,2024-05-27,8843
00937B,群益ESG投等債20,522,91,431,玉山-高雄,2024-05-27,8843
00940,元大台灣價值高息,614,351,263,玉山-高雄,2024-05-27,8843
00632R,元大台灣50反1,262,22,240,玉山-高雄,2024-05-27,8843
2363,矽統,510,306,204,玉山-高雄,2024-05-27,8843
2883,凱基金,160,7,153,玉山-高雄,2024-05-27,8843
3481,群創,229,78,151,玉山-高雄,2024-05-27,8843
2353,宏��,491,359,132,玉山-高雄,2024-05-27,8843
2330,台積電,105,4,101,玉山-高雄,2024-05-27,8843
2489,瑞軒,183,82,101,玉山-高雄,2024-05-27,8843
5876,上海商銀,160,70,90,玉山-高雄,2024-05-27,8843
3706,神達,137,48,89,玉山-高雄,2024-05-27,8843
00712,復華富時不動產,86,1,85,玉山-高雄,2024-05-27,8843
2886,兆豐金,85,4,81,玉山-高雄,2024-05-27,8843
00946,群益科技高息成長,132,58,74,玉山-高雄,2024-05-27,8843
00936,台新永續高息中小,70,0,70,玉山-高雄,2024-05-27,8843
3202,樺晟,73,6,67,玉山-高雄,2024-05-27,8843
2002,中鋼,96,36,60,玉山-高雄,2024-05-27,8843
2888,新光金,67,8,59,玉山-高雄,2024-05-27,8843
1314,中石化,77,20,57,玉山-高雄,2024-05-27,8843
1309,台達化,56,0,56,玉山-高雄,2024-05-27,8843
2903,遠百,51,0,51,玉山-高雄,2024-05-27,8843
8936,國統,85,34,51,玉山-高雄,2024-05-27,8843
4414,如興,46,0,46,玉山-高雄,2024-05-27,8843
6220,岳豐,50,5,45,玉山-高雄,2024-05-27,8843
2610,華航,66,22,44,玉山-高雄,2024-05-27,8843
3033,威健,59,24,35,玉山-高雄,2024-05-27,8843
3047,訊舟,155,121,34,玉山-高雄,2024-05-27,8843
2367,燿華,119,86,33,玉山-高雄,2024-05-27,8843
00679B,元大美債20年,42,9,33,玉山-高雄,2024-05-27,8843
4532,瑞智,41,8,33,玉山-高雄,2024-05-27,8843
2323,中環,37,4,33,玉山-高雄,2024-05-27,8843
2344,華邦電,82,51,31,玉山-高雄,2024-05-27,8843
912000,晨訊科-DR,29,0,29,玉山-高雄,2024-05-27,8843
4533,協易機,86,59,27,玉山-高雄,2024-05-27,8843
3545,敦泰,50,23,27,玉山-高雄,2024-05-27,8843
5434,崇越,27,0,27,玉山-高雄,2024-05-27,8843
2340,台亞,29,2,27,玉山-高雄,2024-05-27,8843
6147,頎邦,26,1,25,玉山-高雄,2024-05-27,8843
6244,茂迪,25,0,25,玉山-高雄,2024-05-27,8843
3231,緯創,119,94,25,玉山-高雄,2024-05-27,8843
00935,野村臺灣新科技50,25,0,25,玉山-高雄,2024-05-27,8843
2371,大同,147,122,25,玉山-高雄,2024-05-27,8843
6213,聯茂,34,11,23,玉山-高雄,2024-05-27,8843
1809,中釉,27,4,23,玉山-高雄,2024-05-27,8843
2514,龍邦,40,17,23,玉山-高雄,2024-05-27,8843
2603,長榮,129,106,23,玉山-高雄,2024-05-27,8843
2356,英業達,85,62,23,玉山-高雄,2024-05-27,8843
1101,台泥,34,11,23,玉山-高雄,2024-05-27,8843
3060,銘異,28,6,22,玉山-高雄,2024-05-27,8843
00946,群益科技高息成長,475,4,471,玉山-高雄,2024-05-28,8843
00937B,群益ESG投等債20,358,79,279,玉山-高雄,2024-05-28,8843
2891,中信金,188,2,186,玉山-高雄,2024-05-28,8843
2354,鴻準,381,236,145,玉山-高雄,2024-05-28,8843
2353,宏��,279,135,144,玉山-高雄,2024-05-28,8843
00753L,中信中國50正2,164,23,141,玉山-高雄,2024-05-28,8843
00650L,復華香港正2,154,17,137,玉山-高雄,2024-05-28,8843
00637L,元大滬深300正2,128,3,125,玉山-高雄,2024-05-28,8843
2317,鴻海,151,40,111,玉山-高雄,2024-05-28,8843
2464,盟立,169,83,86,玉山-高雄,2024-05-28,8843
00632R,元大台灣50反1,93,20,73,玉山-高雄,2024-05-28,8843
8028,昇陽半導體,92,25,67,玉山-高雄,2024-05-28,8843
8064,東捷,130,69,61,玉山-高雄,2024-05-28,8843
2383,台光電,67,8,59,玉山-高雄,2024-05-28,8843
3689,湧德,70,12,58,玉山-高雄,2024-05-28,8843
00712,復華富時不動產,77,20,57,玉山-高雄,2024-05-28,8843
2357,華碩,57,1,56,玉山-高雄,2024-05-28,8843
2886,兆豐金,58,3,55,玉山-高雄,2024-05-28,8843
6188,廣明,130,75,55,玉山-高雄,2024-05-28,8843
6209,今國光,63,10,53,玉山-高雄,2024-05-28,8843
00943,兆豐電子高息等權,52,1,51,玉山-高雄,2024-05-28,8843
5410,國眾,50,0,50,玉山-高雄,2024-05-28,8843
2885,元大金,55,5,50,玉山-高雄,2024-05-28,8843
2399,映泰,50,0,50,玉山-高雄,2024-05-28,8843
5371,中光電,78,31,47,玉山-高雄,2024-05-28,8843
2881,富邦金,51,5,46,玉山-高雄,2024-05-28,8843
2486,一詮,123,78,45,玉山-高雄,2024-05-28,8843
2324,仁寶,75,32,43,玉山-高雄,2024-05-28,8843
9105,泰金寶-DR,50,9,41,玉山-高雄,2024-05-28,8843
8210,勤誠,42,1,41,玉山-高雄,2024-05-28,8843
2301,光寶科,55,17,38,玉山-高雄,2024-05-28,8843
00795B,中信美國公債20年,39,1,38,玉山-高雄,2024-05-28,8843
2615,萬海,78,43,35,玉山-高雄,2024-05-28,8843
8054,安國,61,27,34,玉山-高雄,2024-05-28,8843
00936,台新永續高息中小,33,0,33,玉山-高雄,2024-05-28,8843
2369,菱生,37,4,33,玉山-高雄,2024-05-28,8843
00882,中信中國高股息,42,9,33,玉山-高雄,2024-05-28,8843
2603,長榮,124,92,32,玉山-高雄,2024-05-28,8843
3122,笙泉,32,2,30,玉山-高雄,2024-05-28,8843
2867,三商壽,135,105,30,玉山-高雄,2024-05-28,8843
2618,長榮航,212,182,30,玉山-高雄,2024-05-28,8843
2009,第一銅,40,11,29,玉山-高雄,2024-05-28,8843
3202,樺晟,40,11,29,玉山-高雄,2024-05-28,8843
3033,威健,43,14,29,玉山-高雄,2024-05-28,8843
2609,陽明,90,61,29,玉山-高雄,2024-05-28,8843
5426,振發,56,28,28,玉山-高雄,2024-05-28,8843
2880,華南金,27,0,27,玉山-高雄,2024-05-28,8843
6207,雷科,45,18,27,玉山-高雄,2024-05-28,8843
6667,信紘科,28,1,27,玉山-高雄,2024-05-28,8843
5608,四維航,67,41,26,玉山-高雄,2024-05-28,8843
00937B,群益ESG投等債20,1024,122,902,玉山-高雄,2024-05-29,8843
00946,群益科技高息成長,774,6,768,玉山-高雄,2024-05-29,8843
00679B,元大美債20年,310,6,304,玉山-高雄,2024-05-29,8843
2609,陽明,313,55,258,玉山-高雄,2024-05-29,8843
8096,擎亞,269,12,257,玉山-高雄,2024-05-29,8843
3312,弘憶股,253,1,252,玉山-高雄,2024-05-29,8843
2886,兆豐金,210,1,209,玉山-高雄,2024-05-29,8843
5880,合庫金,184,0,184,玉山-高雄,2024-05-29,8843
00680L,元大美債20正2,173,0,173,玉山-高雄,2024-05-29,8843
00665L,富邦�琤肭磪囓�2,164,0,164,玉山-高雄,2024-05-29,8843
2891,中信金,172,9,163,玉山-高雄,2024-05-29,8843
2641,正德,186,25,161,玉山-高雄,2024-05-29,8843
2317,鴻海,182,28,154,玉山-高雄,2024-05-29,8843
2353,宏��,307,176,131,玉山-高雄,2024-05-29,8843
00753L,中信中國50正2,140,10,130,玉山-高雄,2024-05-29,8843
9904,寶成,123,0,123,玉山-高雄,2024-05-29,8843
2867,三商壽,435,325,110,玉山-高雄,2024-05-29,8843
3041,揚智,108,0,108,玉山-高雄,2024-05-29,8843
2401,凌陽,243,139,104,玉山-高雄,2024-05-29,8843
2002,中鋼,119,17,102,玉山-高雄,2024-05-29,8843
00687B,國泰20年美債,111,15,96,玉山-高雄,2024-05-29,8843
4414,如興,90,0,90,玉山-高雄,2024-05-29,8843
00795B,中信美國公債20年,89,0,89,玉山-高雄,2024-05-29,8843
2419,仲琦,87,8,79,玉山-高雄,2024-05-29,8843
2409,友達,78,0,78,玉山-高雄,2024-05-29,8843
2884,玉山金,116,40,76,玉山-高雄,2024-05-29,8843
5876,上海商銀,84,10,74,玉山-高雄,2024-05-29,8843
3047,訊舟,216,153,63,玉山-高雄,2024-05-29,8843
2328,廣宇,88,31,57,玉山-高雄,2024-05-29,8843
00919,群益台灣精選高息,129,72,57,玉山-高雄,2024-05-29,8843
2882,國泰金,60,7,53,玉山-高雄,2024-05-29,8843
00878,國泰永續高股息,111,59,52,玉山-高雄,2024-05-29,8843
5371,中光電,71,19,52,玉山-高雄,2024-05-29,8843
2489,瑞軒,382,331,51,玉山-高雄,2024-05-29,8843
2887,台新金,63,12,51,玉山-高雄,2024-05-29,8843
00943,兆豐電子高息等權,51,0,51,玉山-高雄,2024-05-29,8843
3231,緯創,92,41,51,玉山-高雄,2024-05-29,8843
2880,華南金,53,2,51,玉山-高雄,2024-05-29,8843
2349,錸德,75,26,49,玉山-高雄,2024-05-29,8843
00933B,國泰10Y+金融債,49,3,46,玉山-高雄,2024-05-29,8843
2312,金寶,71,26,45,玉山-高雄,2024-05-29,8843
3481,群創,74,30,44,玉山-高雄,2024-05-29,8843
4952,凌通,93,50,43,玉山-高雄,2024-05-29,8843
2610,華航,98,56,42,玉山-高雄,2024-05-29,8843
2618,長榮航,180,138,42,玉山-高雄,2024-05-29,8843
2495,普安,59,18,41,玉山-高雄,2024-05-29,8843
8112,至上,44,6,38,玉山-高雄,2024-05-29,8843
2834,臺企銀,53,15,38,玉山-高雄,2024-05-29,8843
2881,富邦金,38,0,38,玉山-高雄,2024-05-29,8843
1301,台塑,37,0,37,玉山-高雄,2024-05-29,8843
00937B,群益ESG投等債20,569,132,437,玉山-高雄,2024-05-30,8843
00929,復華台灣科技優息,496,122,374,玉山-高雄,2024-05-30,8843
2371,大同,386,39,347,玉山-高雄,2024-05-30,8843
8096,擎亞,348,4,344,玉山-高雄,2024-05-30,8843
00680L,元大美債20正2,272,1,271,玉山-高雄,2024-05-30,8843
2002,中鋼,244,5,239,玉山-高雄,2024-05-30,8843
00940,元大台灣價值高息,267,47,220,玉山-高雄,2024-05-30,8843
1453,大將,221,3,218,玉山-高雄,2024-05-30,8843
00650L,復華香港正2,150,1,149,玉山-高雄,2024-05-30,8843
00679B,元大美債20年,143,4,139,玉山-高雄,2024-05-30,8843
00915,凱基優選高股息30,142,5,137,玉山-高雄,2024-05-30,8843
2353,宏��,269,140,129,玉山-高雄,2024-05-30,8843
6209,今國光,210,82,128,玉山-高雄,2024-05-30,8843
3338,泰碩,143,30,113,玉山-高雄,2024-05-30,8843
2405,輔信,165,57,108,玉山-高雄,2024-05-30,8843
00712,復華富時不動產,110,2,108,玉山-高雄,2024-05-30,8843
00665L,富邦�琤肭磪囓�2,99,0,99,玉山-高雄,2024-05-30,8843
2330,台積電,101,4,97,玉山-高雄,2024-05-30,8843
2444,兆勁,100,6,94,玉山-高雄,2024-05-30,8843
00878,國泰永續高股息,125,31,94,玉山-高雄,2024-05-30,8843
00919,群益台灣精選高息,132,40,92,玉山-高雄,2024-05-30,8843
00946,群益科技高息成長,133,50,83,玉山-高雄,2024-05-30,8843
2867,三商壽,98,16,82,玉山-高雄,2024-05-30,8843
1815,富喬,467,394,73,玉山-高雄,2024-05-30,8843
2618,長榮航,316,244,72,玉山-高雄,2024-05-30,8843
3105,穩懋,78,6,72,玉山-高雄,2024-05-30,8843
2884,玉山金,104,33,71,玉山-高雄,2024-05-30,8843
5356,協益,71,1,70,玉山-高雄,2024-05-30,8843
2891,中信金,92,22,70,玉山-高雄,2024-05-30,8843
5880,合庫金,70,2,68,玉山-高雄,2024-05-30,8843
2324,仁寶,69,6,63,玉山-高雄,2024-05-30,8843
3234,光環,65,2,63,玉山-高雄,2024-05-30,8843
2383,台光電,65,5,60,玉山-高雄,2024-05-30,8843
00751B,元大AAA至A公司債,60,0,60,玉山-高雄,2024-05-30,8843
00637L,元大滬深300正2,70,11,59,玉山-高雄,2024-05-30,8843
4562,穎漢,67,11,56,玉山-高雄,2024-05-30,8843
1471,首利,82,26,56,玉山-高雄,2024-05-30,8843
1303,南亞,60,5,55,玉山-高雄,2024-05-30,8843
00688L,國泰20年美債正2,54,0,54,玉山-高雄,2024-05-30,8843
2892,第一金,52,0,52,玉山-高雄,2024-05-30,8843
9904,寶成,110,59,51,玉山-高雄,2024-05-30,8843
00918,大華優利高填息30,52,1,51,玉山-高雄,2024-05-30,8843
2031,新光鋼,50,0,50,玉山-高雄,2024-05-30,8843
006208,富邦台50,48,3,45,玉山-高雄,2024-05-30,8843
6269,台郡,44,5,39,玉山-高雄,2024-05-30,8843
00655L,國泰中國A50正2,40,1,39,玉山-高雄,2024-05-30,8843
6005,群益證,37,0,37,玉山-高雄,2024-05-30,8843
9945,潤泰新,60,23,37,玉山-高雄,2024-05-30,8843
2356,英業達,62,25,37,玉山-高雄,2024-05-30,8843
2610,華航,45,10,35,玉山-高雄,2024-05-30,8843
2609,陽明,1614,435,1179,玉山-高雄,2024-05-31,8843
1815,富喬,905,171,734,玉山-高雄,2024-05-31,8843
00753L,中信中國50正2,443,58,385,玉山-高雄,2024-05-31,8843
00940,元大台灣價值高息,406,65,341,玉山-高雄,2024-05-31,8843
6005,群益證,331,0,331,玉山-高雄,2024-05-31,8843
4714,永捷,158,7,151,玉山-高雄,2024-05-31,8843
2641,正德,175,32,143,玉山-高雄,2024-05-31,8843
2002,中鋼,141,3,138,玉山-高雄,2024-05-31,8843
2317,鴻海,159,27,132,玉山-高雄,2024-05-31,8843
00715L,期街口布蘭特正2,130,0,130,玉山-高雄,2024-05-31,8843
2891,中信金,141,19,122,玉山-高雄,2024-05-31,8843
2371,大同,132,14,118,玉山-高雄,2024-05-31,8843
1587,吉茂,121,4,117,玉山-高雄,2024-05-31,8843
8070,長華*,137,33,104,玉山-高雄,2024-05-31,8843
3231,緯創,116,23,93,玉山-高雄,2024-05-31,8843
00919,群益台灣精選高息,215,124,91,玉山-高雄,2024-05-31,8843
00637L,元大滬深300正2,87,4,83,玉山-高雄,2024-05-31,8843
2886,兆豐金,77,14,63,玉山-高雄,2024-05-31,8843
8150,南茂,59,4,55,玉山-高雄,2024-05-31,8843
00937B,群益ESG投等債20,175,120,55,玉山-高雄,2024-05-31,8843
2303,聯電,86,34,52,玉山-高雄,2024-05-31,8843
00935,野村臺灣新科技50,52,0,52,玉山-高雄,2024-05-31,8843
9105,泰金寶-DR,64,14,50,玉山-高雄,2024-05-31,8843
5880,合庫金,47,3,44,玉山-高雄,2024-05-31,8843
00632R,元大台灣50反1,161,118,43,玉山-高雄,2024-05-31,8843
2367,燿華,121,81,40,玉山-高雄,2024-05-31,8843
00895,富邦未來車,40,0,40,玉山-高雄,2024-05-31,8843
00679B,元大美債20年,40,0,40,玉山-高雄,2024-05-31,8843
00923,群益台ESG低碳50,39,0,39,玉山-高雄,2024-05-31,8843
2382,廣達,52,16,36,玉山-高雄,2024-05-31,8843
1440,南紡,56,21,35,玉山-高雄,2024-05-31,8843
2838,聯邦銀,35,1,34,玉山-高雄,2024-05-31,8843
2349,錸德,45,11,34,玉山-高雄,2024-05-31,8843
2049,上銀,30,0,30,玉山-高雄,2024-05-31,8843
2845,遠東銀,30,0,30,玉山-高雄,2024-05-31,8843
2603,長榮,77,48,29,玉山-高雄,2024-05-31,8843
2409,友達,32,5,27,玉山-高雄,2024-05-31,8843
2323,中環,28,1,27,玉山-高雄,2024-05-31,8843
1473,台南,27,2,25,玉山-高雄,2024-05-31,8843
2324,仁寶,40,16,24,玉山-高雄,2024-05-31,8843
6147,頎邦,24,0,24,玉山-高雄,2024-05-31,8843
00881,國泰台灣5G+,28,4,24,玉山-高雄,2024-05-31,8843
1301,台塑,27,4,23,玉山-高雄,2024-05-31,8843
2399,映泰,32,9,23,玉山-高雄,2024-05-31,8843
3047,訊舟,85,64,21,玉山-高雄,2024-05-31,8843
1725,元禎,36,15,21,玉山-高雄,2024-05-31,8843
1471,首利,23,2,21,玉山-高雄,2024-05-31,8843
4973,廣穎,21,0,21,玉山-高雄,2024-05-31,8843
2354,鴻準,221,200,21,玉山-高雄,2024-05-31,8843
2356,英業達,50,29,21,玉山-高雄,2024-05-31,8843
2618,長榮航,373,107,266,玉山-高雄,2024-06-03,8843
00680L,元大美債20正2,263,0,263,玉山-高雄,2024-06-03,8843
00919,群益台灣精選高息,292,56,236,玉山-高雄,2024-06-03,8843
6005,群益證,206,5,201,玉山-高雄,2024-06-03,8843
00648R,元大S＆P500反1,200,0,200,玉山-高雄,2024-06-03,8843
2838,聯邦銀,249,70,179,玉山-高雄,2024-06-03,8843
2501,國建,213,69,144,玉山-高雄,2024-06-03,8843
00929,復華台灣科技優息,249,112,137,玉山-高雄,2024-06-03,8843
2401,凌陽,140,8,132,玉山-高雄,2024-06-03,8843
00918,大華優利高填息30,130,5,125,玉山-高雄,2024-06-03,8843
6264,富裔,115,0,115,玉山-高雄,2024-06-03,8843
2243,宏旭-KY,101,5,96,玉山-高雄,2024-06-03,8843
3481,群創,145,55,90,玉山-高雄,2024-06-03,8843
2353,宏��,121,33,88,玉山-高雄,2024-06-03,8843
2363,矽統,119,32,87,玉山-高雄,2024-06-03,8843
4714,永捷,91,7,84,玉山-高雄,2024-06-03,8843
2464,盟立,172,90,82,玉山-高雄,2024-06-03,8843
4128,中天,81,0,81,玉山-高雄,2024-06-03,8843
2303,聯電,92,15,77,玉山-高雄,2024-06-03,8843
00878,國泰永續高股息,146,71,75,玉山-高雄,2024-06-03,8843
2354,鴻準,162,87,75,玉山-高雄,2024-06-03,8843
1802,台玻,104,33,71,玉山-高雄,2024-06-03,8843
8936,國統,73,8,65,玉山-高雄,2024-06-03,8843
00715L,期街口布蘭特正2,60,0,60,玉山-高雄,2024-06-03,8843
2801,彰銀,52,1,51,玉山-高雄,2024-06-03,8843
3059,華晶科,69,24,45,玉山-高雄,2024-06-03,8843
00939,統一台灣高息動能,47,4,43,玉山-高雄,2024-06-03,8843
2317,鴻海,135,94,41,玉山-高雄,2024-06-03,8843
2610,華航,50,10,40,玉山-高雄,2024-06-03,8843
00937B,群益ESG投等債20,64,25,39,玉山-高雄,2024-06-03,8843
2880,華南金,39,0,39,玉山-高雄,2024-06-03,8843
6188,廣明,111,74,37,玉山-高雄,2024-06-03,8843
2402,毅嘉,45,10,35,玉山-高雄,2024-06-03,8843
5347,世界,57,22,35,玉山-高雄,2024-06-03,8843
2356,英業達,109,75,34,玉山-高雄,2024-06-03,8843
00882,中信中國高股息,43,11,32,玉山-高雄,2024-06-03,8843
6552,易華電,33,1,32,玉山-高雄,2024-06-03,8843
2605,新興,47,15,32,玉山-高雄,2024-06-03,8843
4121,優盛,32,0,32,玉山-高雄,2024-06-03,8843
9105,泰金寶-DR,32,0,32,玉山-高雄,2024-06-03,8843
1308,亞聚,31,0,31,玉山-高雄,2024-06-03,8843
1101,台泥,37,6,31,玉山-高雄,2024-06-03,8843
6116,彩晶,32,1,31,玉山-高雄,2024-06-03,8843
2409,友達,31,1,30,玉山-高雄,2024-06-03,8843
00915,凱基優選高股息30,35,7,28,玉山-高雄,2024-06-03,8843
4562,穎漢,38,10,28,玉山-高雄,2024-06-03,8843
2002,中鋼,62,35,27,玉山-高雄,2024-06-03,8843
2641,正德,29,2,27,玉山-高雄,2024-06-03,8843
1524,耿鼎,39,12,27,玉山-高雄,2024-06-03,8843
00946,群益科技高息成長,65,39,26,玉山-高雄,2024-06-03,8843
00929,復華台灣科技優息,933,141,792,玉山-高雄,2024-06-04,8843
00919,群益台灣精選高息,350,13,337,玉山-高雄,2024-06-04,8843
00936,台新永續高息中小,488,219,269,玉山-高雄,2024-06-04,8843
00878,國泰永續高股息,245,3,242,玉山-高雄,2024-06-04,8843
2317,鴻海,279,69,210,玉山-高雄,2024-06-04,8843
1514,亞力,218,9,209,玉山-高雄,2024-06-04,8843
00918,大華優利高填息30,236,30,206,玉山-高雄,2024-06-04,8843
2405,輔信,217,22,195,玉山-高雄,2024-06-04,8843
6005,群益證,147,0,147,玉山-高雄,2024-06-04,8843
2354,鴻準,247,101,146,玉山-高雄,2024-06-04,8843
2324,仁寶,179,34,145,玉山-高雄,2024-06-04,8843
2344,華邦電,114,1,113,玉山-高雄,2024-06-04,8843
2888,新光金,730,618,112,玉山-高雄,2024-06-04,8843
00715L,期街口布蘭特正2,285,178,107,玉山-高雄,2024-06-04,8843
2371,大同,123,18,105,玉山-高雄,2024-06-04,8843
1314,中石化,111,7,104,玉山-高雄,2024-06-04,8843
3481,群創,212,109,103,玉山-高雄,2024-06-04,8843
2838,聯邦銀,100,0,100,玉山-高雄,2024-06-04,8843
2409,友達,99,0,99,玉山-高雄,2024-06-04,8843
0056,元大高股息,101,2,99,玉山-高雄,2024-06-04,8843
6125,廣運,161,78,83,玉山-高雄,2024-06-04,8843
2402,毅嘉,81,3,78,玉山-高雄,2024-06-04,8843
2353,宏��,125,48,77,玉山-高雄,2024-06-04,8843
2312,金寶,146,72,74,玉山-高雄,2024-06-04,8843
00942B,台新美A公司債20+,76,5,71,玉山-高雄,2024-06-04,8843
2356,英業達,78,11,67,玉山-高雄,2024-06-04,8843
00680L,元大美債20正2,284,219,65,玉山-高雄,2024-06-04,8843
00940,元大台灣價值高息,117,53,64,玉山-高雄,2024-06-04,8843
3047,訊舟,167,110,57,玉山-高雄,2024-06-04,8843
2537,聯上發,156,102,54,玉山-高雄,2024-06-04,8843
00946,群益科技高息成長,73,20,53,玉山-高雄,2024-06-04,8843
6116,彩晶,51,2,49,玉山-高雄,2024-06-04,8843
1301,台塑,56,11,45,玉山-高雄,2024-06-04,8843
2610,華航,51,9,42,玉山-高雄,2024-06-04,8843
2641,正德,46,4,42,玉山-高雄,2024-06-04,8843
1101,台泥,43,2,41,玉山-高雄,2024-06-04,8843
9904,寶成,40,2,38,玉山-高雄,2024-06-04,8843
1442,名軒,38,1,37,玉山-高雄,2024-06-04,8843
3013,晟銘電,68,31,37,玉山-高雄,2024-06-04,8843
2486,一詮,94,59,35,玉山-高雄,2024-06-04,8843
2382,廣達,44,10,34,玉山-高雄,2024-06-04,8843
2880,華南金,35,1,34,玉山-高雄,2024-06-04,8843
2367,燿華,102,70,32,玉山-高雄,2024-06-04,8843
4543,萬在,31,0,31,玉山-高雄,2024-06-04,8843
2301,光寶科,34,4,30,玉山-高雄,2024-06-04,8843
4414,如興,28,0,28,玉山-高雄,2024-06-04,8843
00923,群益台ESG低碳50,29,1,28,玉山-高雄,2024-06-04,8843
2603,長榮,60,32,28,玉山-高雄,2024-06-04,8843
2889,國票金,28,2,26,玉山-高雄,2024-06-04,8843
1453,大將,39,13,26,玉山-高雄,2024-06-04,8843
00929,復華台灣科技優息,432,109,323,玉山-高雄,2024-06-05,8843
00878,國泰永續高股息,320,4,316,玉山-高雄,2024-06-05,8843
00936,台新永續高息中小,301,19,282,玉山-高雄,2024-06-05,8843
2344,華邦電,141,13,128,玉山-高雄,2024-06-05,8843
2323,中環,179,51,128,玉山-高雄,2024-06-05,8843
1514,亞力,133,6,127,玉山-高雄,2024-06-05,8843
00918,大華優利高填息30,128,1,127,玉山-高雄,2024-06-05,8843
2888,新光金,175,54,121,玉山-高雄,2024-06-05,8843
0056,元大高股息,119,19,100,玉山-高雄,2024-06-05,8843
2331,精英,131,39,92,玉山-高雄,2024-06-05,8843
2303,聯電,84,11,73,玉山-高雄,2024-06-05,8843
2324,仁寶,127,60,67,玉山-高雄,2024-06-05,8843
2002,中鋼,88,21,67,玉山-高雄,2024-06-05,8843
00935,野村臺灣新科技50,53,2,51,玉山-高雄,2024-06-05,8843
2867,三商壽,82,31,51,玉山-高雄,2024-06-05,8843
2367,燿華,77,27,50,玉山-高雄,2024-06-05,8843
3048,益登,82,34,48,玉山-高雄,2024-06-05,8843
3033,威健,45,1,44,玉山-高雄,2024-06-05,8843
00712,復華富時不動產,53,10,43,玉山-高雄,2024-06-05,8843
00919,群益台灣精選高息,98,58,40,玉山-高雄,2024-06-05,8843
6220,岳豐,40,1,39,玉山-高雄,2024-06-05,8843
2537,聯上發,83,44,39,玉山-高雄,2024-06-05,8843
2353,宏��,112,74,38,玉山-高雄,2024-06-05,8843
2886,兆豐金,44,8,36,玉山-高雄,2024-06-05,8843
00713,元大台灣高息低波,38,3,35,玉山-高雄,2024-06-05,8843
6116,彩晶,45,11,34,玉山-高雄,2024-06-05,8843
6901,鑽石投資,40,7,33,玉山-高雄,2024-06-05,8843
6578,達邦蛋白,32,1,31,玉山-高雄,2024-06-05,8843
2312,金寶,36,5,31,玉山-高雄,2024-06-05,8843
6264,富裔,31,0,31,玉山-高雄,2024-06-05,8843
2301,光寶科,34,3,31,玉山-高雄,2024-06-05,8843
4967,十銓,49,19,30,玉山-高雄,2024-06-05,8843
4128,中天,33,3,30,玉山-高雄,2024-06-05,8843
2884,玉山金,62,32,30,玉山-高雄,2024-06-05,8843
3564,其陽,32,4,28,玉山-高雄,2024-06-05,8843
2891,中信金,172,145,27,玉山-高雄,2024-06-05,8843
0050,元大台灣50,27,1,26,玉山-高雄,2024-06-05,8843
8064,東捷,55,29,26,玉山-高雄,2024-06-05,8843
2457,飛宏,32,6,26,玉山-高雄,2024-06-05,8843
2363,矽統,48,22,26,玉山-高雄,2024-06-05,8843
1304,台聚,27,2,25,玉山-高雄,2024-06-05,8843
1314,中石化,30,5,25,玉山-高雄,2024-06-05,8843
00664R,國泰臺灣加權反1,25,0,25,玉山-高雄,2024-06-05,8843
2906,高林,25,0,25,玉山-高雄,2024-06-05,8843
6770,力積電,37,12,25,玉山-高雄,2024-06-05,8843
2608,嘉里大榮,25,1,24,玉山-高雄,2024-06-05,8843
6186,新潤,26,2,24,玉山-高雄,2024-06-05,8843
00680L,元大美債20正2,41,18,23,玉山-高雄,2024-06-05,8843
1409,新纖,22,0,22,玉山-高雄,2024-06-05,8843
5213,亞昕,23,1,22,玉山-高雄,2024-06-05,8843
00632R,元大台灣50反1,9721,10,9711,玉山-高雄,2024-06-06,8843
00664R,國泰臺灣加權反1,2021,6,2015,玉山-高雄,2024-06-06,8843
2801,彰銀,450,3,447,玉山-高雄,2024-06-06,8843
00936,台新永續高息中小,371,69,302,玉山-高雄,2024-06-06,8843
00929,復華台灣科技優息,358,136,222,玉山-高雄,2024-06-06,8843
1815,富喬,314,175,139,玉山-高雄,2024-06-06,8843
00937B,群益ESG投等債20,352,217,135,玉山-高雄,2024-06-06,8843
2108,南帝,102,0,102,玉山-高雄,2024-06-06,8843
6125,廣運,130,43,87,玉山-高雄,2024-06-06,8843
2867,三商壽,84,0,84,玉山-高雄,2024-06-06,8843
2371,大同,157,83,74,玉山-高雄,2024-06-06,8843
2354,鴻準,151,79,72,玉山-高雄,2024-06-06,8843
2002,中鋼,106,38,68,玉山-高雄,2024-06-06,8843
00882,中信中國高股息,71,6,65,玉山-高雄,2024-06-06,8843
00942B,台新美A公司債20+,63,0,63,玉山-高雄,2024-06-06,8843
00712,復華富時不動產,59,5,54,玉山-高雄,2024-06-06,8843
5356,協益,53,0,53,玉山-高雄,2024-06-06,8843
00918,大華優利高填息30,71,18,53,玉山-高雄,2024-06-06,8843
1301,台塑,92,43,49,玉山-高雄,2024-06-06,8843
3047,訊舟,143,94,49,玉山-高雄,2024-06-06,8843
4414,如興,45,0,45,玉山-高雄,2024-06-06,8843
4167,松瑞藥,64,21,43,玉山-高雄,2024-06-06,8843
6116,彩晶,50,7,43,玉山-高雄,2024-06-06,8843
5392,能率,57,15,42,玉山-高雄,2024-06-06,8843
00687B,國泰20年美債,116,74,42,玉山-高雄,2024-06-06,8843
2409,友達,47,7,40,玉山-高雄,2024-06-06,8843
00713,元大台灣高息低波,42,4,38,玉山-高雄,2024-06-06,8843
2834,臺企銀,66,33,33,玉山-高雄,2024-06-06,8843
6173,信昌電,32,0,32,玉山-高雄,2024-06-06,8843
2405,輔信,43,11,32,玉山-高雄,2024-06-06,8843
3234,光環,32,1,31,玉山-高雄,2024-06-06,8843
3540,曜越,35,4,31,玉山-高雄,2024-06-06,8843
2331,精英,51,21,30,玉山-高雄,2024-06-06,8843
00946,群益科技高息成長,80,49,31,玉山-高雄,2024-06-06,8843
2387,精元,30,0,30,玉山-高雄,2024-06-06,8843
2344,華邦電,47,17,30,玉山-高雄,2024-06-06,8843
2608,嘉里大榮,29,0,29,玉山-高雄,2024-06-06,8843
3443,創意,30,1,29,玉山-高雄,2024-06-06,8843
00681R,元大美債20反1,28,0,28,玉山-高雄,2024-06-06,8843
1909,榮成,28,1,27,玉山-高雄,2024-06-06,8843
2101,南港,51,25,26,玉山-高雄,2024-06-06,8843
00688L,國泰20年美債正2,27,1,26,玉山-高雄,2024-06-06,8843
3231,緯創,36,11,25,玉山-高雄,2024-06-06,8843
3260,威剛,27,2,25,玉山-高雄,2024-06-06,8843
5880,合庫金,26,2,24,玉山-高雄,2024-06-06,8843
2356,英業達,38,14,24,玉山-高雄,2024-06-06,8843
2886,兆豐金,36,12,24,玉山-高雄,2024-06-06,8843
00753L,中信中國50正2,31,8,23,玉山-高雄,2024-06-06,8843
00679B,元大美債20年,94,72,22,玉山-高雄,2024-06-06,8843
2888,新光金,124,102,22,玉山-高雄,2024-06-06,8843
6005,群益證,612,4,608,玉山-高雄,2024-06-07,8843
00929,復華台灣科技優息,361,31,330,玉山-高雄,2024-06-07,8843
00687B,國泰20年美債,381,81,300,玉山-高雄,2024-06-07,8843
00936,台新永續高息中小,255,1,254,玉山-高雄,2024-06-07,8843
3481,群創,282,43,239,玉山-高雄,2024-06-07,8843
2838,聯邦銀,207,0,207,玉山-高雄,2024-06-07,8843
2883,凱基金,293,110,183,玉山-高雄,2024-06-07,8843
00946,群益科技高息成長,172,11,161,玉山-高雄,2024-06-07,8843
2324,仁寶,146,6,140,玉山-高雄,2024-06-07,8843
00637L,元大滬深300正2,131,6,125,玉山-高雄,2024-06-07,8843
3231,緯創,130,7,123,玉山-高雄,2024-06-07,8843
2312,金寶,252,133,119,玉山-高雄,2024-06-07,8843
00937B,群益ESG投等債20,147,38,109,玉山-高雄,2024-06-07,8843
1609,大亞,171,66,105,玉山-高雄,2024-06-07,8843
1522,堤維西,119,15,104,玉山-高雄,2024-06-07,8843
00751B,元大AAA至A公司債,109,7,102,玉山-高雄,2024-06-07,8843
1310,台苯,100,0,100,玉山-高雄,2024-06-07,8843
00918,大華優利高填息30,105,8,97,玉山-高雄,2024-06-07,8843
2356,英業達,147,54,93,玉山-高雄,2024-06-07,8843
2330,台積電,95,8,87,玉山-高雄,2024-06-07,8843
00713,元大台灣高息低波,82,6,76,玉山-高雄,2024-06-07,8843
00655L,國泰中國A50正2,71,0,71,玉山-高雄,2024-06-07,8843
00753L,中信中國50正2,59,5,54,玉山-高雄,2024-06-07,8843
2615,萬海,221,168,53,玉山-高雄,2024-06-07,8843
00648R,元大S＆P500反1,51,0,51,玉山-高雄,2024-06-07,8843
2461,光群雷,51,0,51,玉山-高雄,2024-06-07,8843
2009,第一銅,64,14,50,玉山-高雄,2024-06-07,8843
1503,士電,70,24,46,玉山-高雄,2024-06-07,8843
2105,正新,58,13,45,玉山-高雄,2024-06-07,8843
2365,昆盈,46,2,44,玉山-高雄,2024-06-07,8843
2618,長榮航,108,65,43,玉山-高雄,2024-06-07,8843
3033,威健,39,2,37,玉山-高雄,2024-06-07,8843
00633L,富邦上証正2,37,0,37,玉山-高雄,2024-06-07,8843
1795,美時,64,27,37,玉山-高雄,2024-06-07,8843
2382,廣達,40,6,34,玉山-高雄,2024-06-07,8843
2352,佳世達,34,1,33,玉山-高雄,2024-06-07,8843
2609,陽明,429,397,32,玉山-高雄,2024-06-07,8843
3234,光環,33,2,31,玉山-高雄,2024-06-07,8843
2851,中再保,31,0,31,玉山-高雄,2024-06-07,8843
2603,長榮,92,61,31,玉山-高雄,2024-06-07,8843
2101,南港,34,3,31,玉山-高雄,2024-06-07,8843
2816,旺旺保,30,0,30,玉山-高雄,2024-06-07,8843
8064,東捷,50,20,30,玉山-高雄,2024-06-07,8843
2882,國泰金,36,6,30,玉山-高雄,2024-06-07,8843
3037,欣興,30,1,29,玉山-高雄,2024-06-07,8843
2353,宏��,95,68,27,玉山-高雄,2024-06-07,8843
3260,威剛,28,3,25,玉山-高雄,2024-06-07,8843
00896,中信綠能及電動車,25,0,25,玉山-高雄,2024-06-07,8843
2516,新建,29,4,25,玉山-高雄,2024-06-07,8843
5469,瀚宇博,24,0,24,玉山-高雄,2024-06-07,8843
00664R,國泰臺灣加權反1,1507,30,1477,玉山-高雄,2024-06-11,8843
2609,陽明,1204,323,881,玉山-高雄,2024-06-11,8843
00937B,群益ESG投等債20,464,50,414,玉山-高雄,2024-06-11,8843
00687B,國泰20年美債,402,21,381,玉山-高雄,2024-06-11,8843
00929,復華台灣科技優息,618,317,301,玉山-高雄,2024-06-11,8843
00918,大華優利高填息30,293,10,283,玉山-高雄,2024-06-11,8843
00936,台新永續高息中小,222,1,221,玉山-高雄,2024-06-11,8843
00680L,元大美債20正2,221,7,214,玉山-高雄,2024-06-11,8843
00795B,中信美國公債20年,199,0,199,玉山-高雄,2024-06-11,8843
2537,聯上發,222,43,179,玉山-高雄,2024-06-11,8843
2371,大同,271,103,168,玉山-高雄,2024-06-11,8843
00679B,元大美債20年,159,12,147,玉山-高雄,2024-06-11,8843
00919,群益台灣精選高息,250,105,145,玉山-高雄,2024-06-11,8843
2867,三商壽,387,243,144,玉山-高雄,2024-06-11,8843
9904,寶成,160,16,144,玉山-高雄,2024-06-11,8843
2615,萬海,250,106,144,玉山-高雄,2024-06-11,8843
2603,長榮,260,135,125,玉山-高雄,2024-06-11,8843
3056,富華新,151,26,125,玉山-高雄,2024-06-11,8843
2641,正德,134,15,119,玉山-高雄,2024-06-11,8843
2883,凱基金,310,196,114,玉山-高雄,2024-06-11,8843
2002,中鋼,115,2,113,玉山-高雄,2024-06-11,8843
1815,富喬,212,104,108,玉山-高雄,2024-06-11,8843
2634,漢翔,107,6,101,玉山-高雄,2024-06-11,8843
1504,東元,109,10,99,玉山-高雄,2024-06-11,8843
00942B,台新美A公司債20+,96,0,96,玉山-高雄,2024-06-11,8843
9945,潤泰新,158,70,88,玉山-高雄,2024-06-11,8843
00935,野村臺灣新科技50,85,0,85,玉山-高雄,2024-06-11,8843
6125,廣運,115,33,82,玉山-高雄,2024-06-11,8843
2108,南帝,84,3,81,玉山-高雄,2024-06-11,8843
00878,國泰永續高股息,130,54,76,玉山-高雄,2024-06-11,8843
2514,龍邦,94,20,74,玉山-高雄,2024-06-11,8843
00636,國泰中國A50,71,0,71,玉山-高雄,2024-06-11,8843
2520,冠德,77,9,68,玉山-高雄,2024-06-11,8843
9105,泰金寶-DR,78,13,65,玉山-高雄,2024-06-11,8843
4167,松瑞藥,71,11,60,玉山-高雄,2024-06-11,8843
00712,復華富時不動產,66,7,59,玉山-高雄,2024-06-11,8843
2618,長榮航,217,159,58,玉山-高雄,2024-06-11,8843
3535,晶彩科,144,86,58,玉山-高雄,2024-06-11,8843
2344,華邦電,67,12,55,玉山-高雄,2024-06-11,8843
00713,元大台灣高息低波,56,2,54,玉山-高雄,2024-06-11,8843
2515,中工,82,28,54,玉山-高雄,2024-06-11,8843
2915,潤泰全,60,12,48,玉山-高雄,2024-06-11,8843
3481,群創,84,39,45,玉山-高雄,2024-06-11,8843
1608,華榮,57,14,43,玉山-高雄,2024-06-11,8843
00720B,元大投資級公司債,43,0,43,玉山-高雄,2024-06-11,8843
2349,錸德,45,5,40,玉山-高雄,2024-06-11,8843
0056,元大高股息,44,5,39,玉山-高雄,2024-06-11,8843
2543,皇昌,47,9,38,玉山-高雄,2024-06-11,8843
1301,台塑,51,13,38,玉山-高雄,2024-06-11,8843
3047,訊舟,313,277,36,玉山-高雄,2024-06-11,8843
2002,中鋼,490,16,474,玉山-高雄,2024-06-12,8843
00948B,中信優息投資級債,425,0,425,玉山-高雄,2024-06-12,8843
2312,金寶,333,9,324,玉山-高雄,2024-06-12,8843
00632R,元大台灣50反1,293,13,280,玉山-高雄,2024-06-12,8843
2888,新光金,325,132,193,玉山-高雄,2024-06-12,8843
2883,凱基金,250,100,150,玉山-高雄,2024-06-12,8843
00919,群益台灣精選高息,196,56,140,玉山-高雄,2024-06-12,8843
00918,大華優利高填息30,134,7,127,玉山-高雄,2024-06-12,8843
00936,台新永續高息中小,183,60,123,玉山-高雄,2024-06-12,8843
00712,復華富時不動產,122,0,122,玉山-高雄,2024-06-12,8843
3481,群創,114,19,95,玉山-高雄,2024-06-12,8843
00680L,元大美債20正2,140,51,89,玉山-高雄,2024-06-12,8843
2464,盟立,93,14,79,玉山-高雄,2024-06-12,8843
2371,大同,80,4,76,玉山-高雄,2024-06-12,8843
00687B,國泰20年美債,78,5,73,玉山-高雄,2024-06-12,8843
2324,仁寶,77,15,62,玉山-高雄,2024-06-12,8843
9945,潤泰新,76,15,61,玉山-高雄,2024-06-12,8843
00933B,國泰10Y+金融債,59,1,58,玉山-高雄,2024-06-12,8843
5512,力麒,59,1,58,玉山-高雄,2024-06-12,8843
2353,宏��,126,73,53,玉山-高雄,2024-06-12,8843
00679B,元大美債20年,66,14,52,玉山-高雄,2024-06-12,8843
2486,一詮,108,58,50,玉山-高雄,2024-06-12,8843
6770,力積電,46,1,45,玉山-高雄,2024-06-12,8843
00665L,富邦�琤肭磪囓�2,79,35,44,玉山-高雄,2024-06-12,8843
00947,台新臺灣IC設計,44,0,44,玉山-高雄,2024-06-12,8843
2409,友達,58,15,43,玉山-高雄,2024-06-12,8843
00929,復華台灣科技優息,79,37,42,玉山-高雄,2024-06-12,8843
00937B,群益ESG投等債20,79,37,42,玉山-高雄,2024-06-12,8843
1605,華新,50,10,40,玉山-高雄,2024-06-12,8843
3231,緯創,84,45,39,玉山-高雄,2024-06-12,8843
2641,正德,49,10,39,玉山-高雄,2024-06-12,8843
2891,中信金,46,8,38,玉山-高雄,2024-06-12,8843
3010,華立,43,5,38,玉山-高雄,2024-06-12,8843
8033,雷虎,39,1,38,玉山-高雄,2024-06-12,8843
2610,華航,58,21,37,玉山-高雄,2024-06-12,8843
3501,維熹,39,4,35,玉山-高雄,2024-06-12,8843
8096,擎亞,54,20,34,玉山-高雄,2024-06-12,8843
6005,群益證,101,67,34,玉山-高雄,2024-06-12,8843
6216,居易,44,11,33,玉山-高雄,2024-06-12,8843
2617,台航,36,3,33,玉山-高雄,2024-06-12,8843
1314,中石化,61,28,33,玉山-高雄,2024-06-12,8843
5880,合庫金,32,1,31,玉山-高雄,2024-06-12,8843
1514,亞力,57,26,31,玉山-高雄,2024-06-12,8843
2537,聯上發,69,39,30,玉山-高雄,2024-06-12,8843
00795B,中信美國公債20年,63,33,30,玉山-高雄,2024-06-12,8843
2605,新興,59,31,28,玉山-高雄,2024-06-12,8843
1303,南亞,26,0,26,玉山-高雄,2024-06-12,8843
1616,億泰,28,2,26,玉山-高雄,2024-06-12,8843
4513,福裕,34,9,25,玉山-高雄,2024-06-12,8843
2352,佳世達,25,1,24,玉山-高雄,2024-06-12,8843
2002,中鋼,250,4,246,玉山-高雄,2024-06-13,8843
2359,所羅門,311,77,234,玉山-高雄,2024-06-13,8843
00948B,中信優息投資級債,255,27,228,玉山-高雄,2024-06-13,8843
2867,三商壽,218,59,159,玉山-高雄,2024-06-13,8843
00929,復華台灣科技優息,389,232,157,玉山-高雄,2024-06-13,8843
8033,雷虎,150,3,147,玉山-高雄,2024-06-13,8843
00712,復華富時不動產,152,14,138,玉山-高雄,2024-06-13,8843
2888,新光金,212,93,119,玉山-高雄,2024-06-13,8843
00947,台新臺灣IC設計,150,35,115,玉山-高雄,2024-06-13,8843
2618,長榮航,164,50,114,玉山-高雄,2024-06-13,8843
1815,富喬,166,65,101,玉山-高雄,2024-06-13,8843
2105,正新,106,8,98,玉山-高雄,2024-06-13,8843
3481,群創,121,28,93,玉山-高雄,2024-06-13,8843
00713,元大台灣高息低波,95,10,85,玉山-高雄,2024-06-13,8843
2317,鴻海,205,132,73,玉山-高雄,2024-06-13,8843
3501,維熹,64,0,64,玉山-高雄,2024-06-13,8843
9945,潤泰新,64,2,62,玉山-高雄,2024-06-13,8843
00918,大華優利高填息30,151,91,60,玉山-高雄,2024-06-13,8843
2331,精英,90,32,58,玉山-高雄,2024-06-13,8843
2615,萬海,128,70,58,玉山-高雄,2024-06-13,8843
2603,長榮,112,55,57,玉山-高雄,2024-06-13,8843
2312,金寶,82,33,49,玉山-高雄,2024-06-13,8843
00881,國泰台灣5G+,45,1,44,玉山-高雄,2024-06-13,8843
00946,群益科技高息成長,53,11,42,玉山-高雄,2024-06-13,8843
4967,十銓,112,76,36,玉山-高雄,2024-06-13,8843
4414,如興,35,0,35,玉山-高雄,2024-06-13,8843
3013,晟銘電,51,19,32,玉山-高雄,2024-06-13,8843
4533,協易機,41,11,30,玉山-高雄,2024-06-13,8843
3535,晶彩科,29,2,27,玉山-高雄,2024-06-13,8843
2365,昆盈,71,44,27,玉山-高雄,2024-06-13,8843
8070,長華*,34,8,26,玉山-高雄,2024-06-13,8843
2367,燿華,183,159,24,玉山-高雄,2024-06-13,8843
2027,大成鋼,27,3,24,玉山-高雄,2024-06-13,8843
2301,光寶科,25,1,24,玉山-高雄,2024-06-13,8843
4903,聯光通,23,0,23,玉山-高雄,2024-06-13,8843
1519,華城,34,11,23,玉山-高雄,2024-06-13,8843
6265,方土昶,26,3,23,玉山-高雄,2024-06-13,8843
3443,創意,25,3,22,玉山-高雄,2024-06-13,8843
6116,彩晶,26,5,21,玉山-高雄,2024-06-13,8843
8110,華東,44,23,21,玉山-高雄,2024-06-13,8843
1802,台玻,27,6,21,玉山-高雄,2024-06-13,8843
8473,山林水,21,0,21,玉山-高雄,2024-06-13,8843
2801,彰銀,29,9,20,玉山-高雄,2024-06-13,8843
00895,富邦未來車,20,0,20,玉山-高雄,2024-06-13,8843
2834,臺企銀,34,15,19,玉山-高雄,2024-06-13,8843
6264,富裔,19,0,19,玉山-高雄,2024-06-13,8843
1617,榮星,57,38,19,玉山-高雄,2024-06-13,8843
2886,兆豐金,24,6,18,玉山-高雄,2024-06-13,8843
6419,京晨科,18,1,17,玉山-高雄,2024-06-13,8843
2889,國票金,19,2,17,玉山-高雄,2024-06-13,8843
00632R,元大台灣50反1,259,0,259,玉山-高雄,2024-06-14,8843
00706L,期元大S＆P日圓正2,156,0,156,玉山-高雄,2024-06-14,8843
2002,中鋼,194,42,152,玉山-高雄,2024-06-14,8843
00948B,中信優息投資級債,151,0,151,玉山-高雄,2024-06-14,8843
00918,大華優利高填息30,158,19,139,玉山-高雄,2024-06-14,8843
2613,中櫃,187,48,139,玉山-高雄,2024-06-14,8843
00885,富邦越南,136,4,132,玉山-高雄,2024-06-14,8843
3048,益登,177,68,109,玉山-高雄,2024-06-14,8843
00929,復華台灣科技優息,304,212,92,玉山-高雄,2024-06-14,8843
00687B,國泰20年美債,132,54,78,玉山-高雄,2024-06-14,8843
2489,瑞軒,90,17,73,玉山-高雄,2024-06-14,8843
3372,典範,82,12,70,玉山-高雄,2024-06-14,8843
00946,群益科技高息成長,69,1,68,玉山-高雄,2024-06-14,8843
00919,群益台灣精選高息,286,219,67,玉山-高雄,2024-06-14,8843
2324,仁寶,101,40,61,玉山-高雄,2024-06-14,8843
2344,華邦電,65,5,60,玉山-高雄,2024-06-14,8843
5521,工信,57,0,57,玉山-高雄,2024-06-14,8843
1303,南亞,56,1,55,玉山-高雄,2024-06-14,8843
3289,宜特,53,0,53,玉山-高雄,2024-06-14,8843
2882,國泰金,55,4,51,玉山-高雄,2024-06-14,8843
00947,台新臺灣IC設計,50,0,50,玉山-高雄,2024-06-14,8843
4562,穎漢,69,20,49,玉山-高雄,2024-06-14,8843
00753L,中信中國50正2,69,21,48,玉山-高雄,2024-06-14,8843
00650L,復華香港正2,71,27,44,玉山-高雄,2024-06-14,8843
00637L,元大滬深300正2,71,29,42,玉山-高雄,2024-06-14,8843
00857B,永豐20年美公債,43,1,42,玉山-高雄,2024-06-14,8843
3033,威健,42,1,41,玉山-高雄,2024-06-14,8843
8028,昇陽半導體,94,53,41,玉山-高雄,2024-06-14,8843
2486,一詮,84,44,40,玉山-高雄,2024-06-14,8843
2545,皇翔,40,0,40,玉山-高雄,2024-06-14,8843
00633L,富邦上証正2,39,0,39,玉山-高雄,2024-06-14,8843
00655L,國泰中國A50正2,38,0,38,玉山-高雄,2024-06-14,8843
6197,佳必琪,67,29,38,玉山-高雄,2024-06-14,8843
00882,中信中國高股息,45,10,35,玉山-高雄,2024-06-14,8843
00936,台新永續高息中小,83,48,35,玉山-高雄,2024-06-14,8843
2880,華南金,50,16,34,玉山-高雄,2024-06-14,8843
0056,元大高股息,57,23,34,玉山-高雄,2024-06-14,8843
00751B,元大AAA至A公司債,53,19,34,玉山-高雄,2024-06-14,8843
1815,富喬,63,32,31,玉山-高雄,2024-06-14,8843
5876,上海商銀,31,0,31,玉山-高雄,2024-06-14,8843
00878,國泰永續高股息,71,40,31,玉山-高雄,2024-06-14,8843
00713,元大台灣高息低波,33,3,30,玉山-高雄,2024-06-14,8843
2313,華通,36,6,30,玉山-高雄,2024-06-14,8843
8114,振樺電,31,1,30,玉山-高雄,2024-06-14,8843
4543,萬在,30,0,30,玉山-高雄,2024-06-14,8843
2883B,凱基金乙特,30,1,29,玉山-高雄,2024-06-14,8843
2884,玉山金,37,9,28,玉山-高雄,2024-06-14,8843
6695,芯鼎,28,1,27,玉山-高雄,2024-06-14,8843
5347,世界,36,11,25,玉山-高雄,2024-06-14,8843
2537,聯上發,97,74,23,玉山-高雄,2024-06-14,8843
1314,中石化,937,9,928,玉山-高雄,2024-06-17,8843
00918,大華優利高填息30,542,117,425,玉山-高雄,2024-06-17,8843
2025,千興,399,18,381,玉山-高雄,2024-06-17,8843
2615,萬海,350,97,253,玉山-高雄,2024-06-17,8843
00929,復華台灣科技優息,360,116,244,玉山-高雄,2024-06-17,8843
2882,國泰金,204,4,200,玉山-高雄,2024-06-17,8843
1101,台泥,192,24,168,玉山-高雄,2024-06-17,8843
00937B,群益ESG投等債20,161,11,150,玉山-高雄,2024-06-17,8843
00712,復華富時不動產,151,19,132,玉山-高雄,2024-06-17,8843
00919,群益台灣精選高息,241,116,125,玉山-高雄,2024-06-17,8843
3481,群創,229,130,99,玉山-高雄,2024-06-17,8843
9105,泰金寶-DR,114,24,90,玉山-高雄,2024-06-17,8843
1618,合機,156,70,86,玉山-高雄,2024-06-17,8843
2609,陽明,189,103,86,玉山-高雄,2024-06-17,8843
6166,凌華,88,8,80,玉山-高雄,2024-06-17,8843
00687B,國泰20年美債,94,20,74,玉山-高雄,2024-06-17,8843
2618,長榮航,116,47,69,玉山-高雄,2024-06-17,8843
00948B,中信優息投資級債,68,0,68,玉山-高雄,2024-06-17,8843
00753L,中信中國50正2,85,20,65,玉山-高雄,2024-06-17,8843
9919,康那香,81,17,64,玉山-高雄,2024-06-17,8843
00882,中信中國高股息,69,7,62,玉山-高雄,2024-06-17,8843
1316,上曜,63,3,60,玉山-高雄,2024-06-17,8843
00680L,元大美債20正2,115,56,59,玉山-高雄,2024-06-17,8843
00650L,復華香港正2,97,43,54,玉山-高雄,2024-06-17,8843
8473,山林水,53,3,50,玉山-高雄,2024-06-17,8843
00921,兆豐龍頭等權重,63,14,49,玉山-高雄,2024-06-17,8843
6509,聚和,50,1,49,玉山-高雄,2024-06-17,8843
1609,大亞,155,106,49,玉山-高雄,2024-06-17,8843
00933B,國泰10Y+金融債,66,17,49,玉山-高雄,2024-06-17,8843
00752,中信中國50,52,3,49,玉山-高雄,2024-06-17,8843
2449,京元電子,108,60,48,玉山-高雄,2024-06-17,8843
9945,潤泰新,57,10,47,玉山-高雄,2024-06-17,8843
6456,GIS-KY,51,4,47,玉山-高雄,2024-06-17,8843
1616,億泰,70,26,44,玉山-高雄,2024-06-17,8843
3591,艾笛森,54,13,41,玉山-高雄,2024-06-17,8843
2542,興富發,64,24,40,玉山-高雄,2024-06-17,8843
00878,國泰永續高股息,161,122,39,玉山-高雄,2024-06-17,8843
00688L,國泰20年美債正2,56,18,38,玉山-高雄,2024-06-17,8843
2314,台揚,42,5,37,玉山-高雄,2024-06-17,8843
8085,福華,37,0,37,玉山-高雄,2024-06-17,8843
1503,士電,79,43,36,玉山-高雄,2024-06-17,8843
2464,盟立,84,48,36,玉山-高雄,2024-06-17,8843
2610,華航,54,22,32,玉山-高雄,2024-06-17,8843
5864,致和證,40,8,32,玉山-高雄,2024-06-17,8843
2353,宏��,71,40,31,玉山-高雄,2024-06-17,8843
4167,松瑞藥,47,17,30,玉山-高雄,2024-06-17,8843
912000,晨訊科-DR,35,6,29,玉山-高雄,2024-06-17,8843
5905,南仁湖,43,14,29,玉山-高雄,2024-06-17,8843
2537,聯上發,69,41,28,玉山-高雄,2024-06-17,8843
2392,正崴,44,16,28,玉山-高雄,2024-06-17,8843
1314,中石化,1066,81,985,玉山-高雄,2024-06-18,8843
00687B,國泰20年美債,310,3,307,玉山-高雄,2024-06-18,8843
1815,富喬,570,321,249,玉山-高雄,2024-06-18,8843
00929,復華台灣科技優息,311,82,229,玉山-高雄,2024-06-18,8843
00936,台新永續高息中小,330,106,224,玉山-高雄,2024-06-18,8843
2405,輔信,214,7,207,玉山-高雄,2024-06-18,8843
00937B,群益ESG投等債20,216,23,193,玉山-高雄,2024-06-18,8843
2025,千興,140,21,119,玉山-高雄,2024-06-18,8843
00680L,元大美債20正2,149,53,96,玉山-高雄,2024-06-18,8843
00946,群益科技高息成長,105,10,95,玉山-高雄,2024-06-18,8843
6770,力積電,117,29,88,玉山-高雄,2024-06-18,8843
2317,鴻海,134,48,86,玉山-高雄,2024-06-18,8843
00948B,中信優息投資級債,93,10,83,玉山-高雄,2024-06-18,8843
3481,群創,282,204,78,玉山-高雄,2024-06-18,8843
9105,泰金寶-DR,99,27,72,玉山-高雄,2024-06-18,8843
2353,宏��,86,16,70,玉山-高雄,2024-06-18,8843
2371,大同,127,61,66,玉山-高雄,2024-06-18,8843
4414,如興,64,0,64,玉山-高雄,2024-06-18,8843
00933B,國泰10Y+金融債,63,3,60,玉山-高雄,2024-06-18,8843
00940,元大台灣價值高息,177,120,57,玉山-高雄,2024-06-18,8843
00679B,元大美債20年,112,57,55,玉山-高雄,2024-06-18,8843
6152,百一,63,10,53,玉山-高雄,2024-06-18,8843
00665L,富邦�琤肭磪囓�2,71,20,51,玉山-高雄,2024-06-18,8843
1460,宏遠,50,0,50,玉山-高雄,2024-06-18,8843
8028,昇陽半導體,88,39,49,玉山-高雄,2024-06-18,8843
00753L,中信中國50正2,47,0,47,玉山-高雄,2024-06-18,8843
8096,擎亞,158,113,45,玉山-高雄,2024-06-18,8843
6116,彩晶,46,1,45,玉山-高雄,2024-06-18,8843
00650L,復華香港正2,57,14,43,玉山-高雄,2024-06-18,8843
2641,正德,43,0,43,玉山-高雄,2024-06-18,8843
1504,東元,54,14,40,玉山-高雄,2024-06-18,8843
00681R,元大美債20反1,39,0,39,玉山-高雄,2024-06-18,8843
1802,台玻,67,28,39,玉山-高雄,2024-06-18,8843
5469,瀚宇博,38,0,38,玉山-高雄,2024-06-18,8843
1303,南亞,38,0,38,玉山-高雄,2024-06-18,8843
4967,十銓,82,45,37,玉山-高雄,2024-06-18,8843
2027,大成鋼,37,0,37,玉山-高雄,2024-06-18,8843
3041,揚智,38,2,36,玉山-高雄,2024-06-18,8843
4562,穎漢,95,59,36,玉山-高雄,2024-06-18,8843
4167,松瑞藥,50,14,36,玉山-高雄,2024-06-18,8843
5371,中光電,44,8,36,玉山-高雄,2024-06-18,8843
6706,惠特,71,36,35,玉山-高雄,2024-06-18,8843
6841,長佳智能,38,4,34,玉山-高雄,2024-06-18,8843
8040,九暘,39,6,33,玉山-高雄,2024-06-18,8843
8926,台汽電,32,0,32,玉山-高雄,2024-06-18,8843
2903,遠百,34,2,32,玉山-高雄,2024-06-18,8843
2002,中鋼,48,17,31,玉山-高雄,2024-06-18,8843
00915,凱基優選高股息30,54,23,31,玉山-高雄,2024-06-18,8843
2838,聯邦銀,30,0,30,玉山-高雄,2024-06-18,8843
00724B,群益投資級金融債,30,0,30,玉山-高雄,2024-06-18,8843
1314,中石化,933,23,910,玉山-高雄,2024-06-19,8843
00632R,元大台灣50反1,1069,226,843,玉山-高雄,2024-06-19,8843
00664R,國泰臺灣加權反1,305,17,288,玉山-高雄,2024-06-19,8843
00929,復華台灣科技優息,472,213,259,玉山-高雄,2024-06-19,8843
00946,群益科技高息成長,202,6,196,玉山-高雄,2024-06-19,8843
00936,台新永續高息中小,256,83,173,玉山-高雄,2024-06-19,8843
4167,松瑞藥,172,2,170,玉山-高雄,2024-06-19,8843
00687B,國泰20年美債,170,15,155,玉山-高雄,2024-06-19,8843
00918,大華優利高填息30,166,31,135,玉山-高雄,2024-06-19,8843
00712,復華富時不動產,189,71,118,玉山-高雄,2024-06-19,8843
3062,建漢,332,224,108,玉山-高雄,2024-06-19,8843
9105,泰金寶-DR,120,13,107,玉山-高雄,2024-06-19,8843
1504,東元,111,8,103,玉山-高雄,2024-06-19,8843
2337,旺宏,127,47,80,玉山-高雄,2024-06-19,8843
00713,元大台灣高息低波,80,1,79,玉山-高雄,2024-06-19,8843
00947,台新臺灣IC設計,90,14,76,玉山-高雄,2024-06-19,8843
4714,永捷,70,0,70,玉山-高雄,2024-06-19,8843
2027,大成鋼,70,0,70,玉山-高雄,2024-06-19,8843
2409,友達,89,24,65,玉山-高雄,2024-06-19,8843
00679B,元大美債20年,91,33,58,玉山-高雄,2024-06-19,8843
3033,威健,88,31,57,玉山-高雄,2024-06-19,8843
4967,十銓,68,12,56,玉山-高雄,2024-06-19,8843
00948B,中信優息投資級債,60,5,55,玉山-高雄,2024-06-19,8843
2365,昆盈,180,129,51,玉山-高雄,2024-06-19,8843
00688L,國泰20年美債正2,50,0,50,玉山-高雄,2024-06-19,8843
911868,同方友友-DR,65,15,50,玉山-高雄,2024-06-19,8843
2371,大同,140,92,48,玉山-高雄,2024-06-19,8843
2105,正新,53,5,48,玉山-高雄,2024-06-19,8843
4934,太極,47,0,47,玉山-高雄,2024-06-19,8843
1316,上曜,52,6,46,玉山-高雄,2024-06-19,8843
00680L,元大美債20正2,57,12,45,玉山-高雄,2024-06-19,8843
5469,瀚宇博,45,0,45,玉山-高雄,2024-06-19,8843
3013,晟銘電,55,13,42,玉山-高雄,2024-06-19,8843
4142,國光生,41,2,39,玉山-高雄,2024-06-19,8843
3188,鑫龍騰,36,0,36,玉山-高雄,2024-06-19,8843
1609,大亞,57,26,31,玉山-高雄,2024-06-19,8843
1618,合機,51,20,31,玉山-高雄,2024-06-19,8843
6264,富裔,32,2,30,玉山-高雄,2024-06-19,8843
3372,典範,71,42,29,玉山-高雄,2024-06-19,8843
2025,千興,29,0,29,玉山-高雄,2024-06-19,8843
6789,采鈺,29,0,29,玉山-高雄,2024-06-19,8843
6190,萬泰科,39,10,29,玉山-高雄,2024-06-19,8843
8085,福華,37,8,29,玉山-高雄,2024-06-19,8843
6182,合晶,47,21,26,玉山-高雄,2024-06-19,8843
8299,群聯,26,0,26,玉山-高雄,2024-06-19,8843
1303,南亞,30,5,25,玉山-高雄,2024-06-19,8843
3374,精材,35,10,25,玉山-高雄,2024-06-19,8843
1591,駿吉-KY,26,2,24,玉山-高雄,2024-06-19,8843
2317,鴻海,172,148,24,玉山-高雄,2024-06-19,8843
4533,協易機,38,15,23,玉山-高雄,2024-06-19,8843
00937B,群益ESG投等債20,651,17,634,玉山-高雄,2024-06-20,8843
00665L,富邦�琤肭磪囓�2,593,15,578,玉山-高雄,2024-06-20,8843
00664R,國泰臺灣加權反1,500,0,500,玉山-高雄,2024-06-20,8843
1609,大亞,473,57,416,玉山-高雄,2024-06-20,8843
00940,元大台灣價值高息,655,271,384,玉山-高雄,2024-06-20,8843
00687B,國泰20年美債,281,98,183,玉山-高雄,2024-06-20,8843
1314,中石化,153,4,149,玉山-高雄,2024-06-20,8843
00936,台新永續高息中小,187,68,119,玉山-高雄,2024-06-20,8843
00632R,元大台灣50反1,172,53,119,玉山-高雄,2024-06-20,8843
00720B,元大投資級公司債,103,0,103,玉山-高雄,2024-06-20,8843
00948B,中信優息投資級債,101,0,101,玉山-高雄,2024-06-20,8843
00679B,元大美債20年,107,8,99,玉山-高雄,2024-06-20,8843
2514,龍邦,93,0,93,玉山-高雄,2024-06-20,8843
00712,復華富時不動產,103,12,91,玉山-高雄,2024-06-20,8843
4414,如興,82,3,79,玉山-高雄,2024-06-20,8843
1605,華新,102,35,67,玉山-高雄,2024-06-20,8843
00946,群益科技高息成長,77,12,65,玉山-高雄,2024-06-20,8843
8096,擎亞,176,113,63,玉山-高雄,2024-06-20,8843
00933B,國泰10Y+金融債,63,0,63,玉山-高雄,2024-06-20,8843
00650L,復華香港正2,54,0,54,玉山-高雄,2024-06-20,8843
4924,欣厚-KY,51,0,51,玉山-高雄,2024-06-20,8843
2882,國泰金,76,25,51,玉山-高雄,2024-06-20,8843
00935,野村臺灣新科技50,47,0,47,玉山-高雄,2024-06-20,8843
2330,台積電,56,9,47,玉山-高雄,2024-06-20,8843
8085,福華,50,3,47,玉山-高雄,2024-06-20,8843
00795B,中信美國公債20年,46,0,46,玉山-高雄,2024-06-20,8843
3264,欣銓,45,2,43,玉山-高雄,2024-06-20,8843
2353,宏��,115,72,43,玉山-高雄,2024-06-20,8843
2498,宏達電,94,52,42,玉山-高雄,2024-06-20,8843
3234,光環,48,6,42,玉山-高雄,2024-06-20,8843
00676R,富邦臺灣加權反1,41,0,41,玉山-高雄,2024-06-20,8843
1802,台玻,55,14,41,玉山-高雄,2024-06-20,8843
1307,三芳,40,0,40,玉山-高雄,2024-06-20,8843
1301,台塑,50,12,38,玉山-高雄,2024-06-20,8843
00942B,台新美A公司債20+,38,0,38,玉山-高雄,2024-06-20,8843
2887,台新金,39,1,38,玉山-高雄,2024-06-20,8843
5469,瀚宇博,37,2,35,玉山-高雄,2024-06-20,8843
00713,元大台灣高息低波,35,1,34,玉山-高雄,2024-06-20,8843
00915,凱基優選高股息30,74,40,34,玉山-高雄,2024-06-20,8843
3535,晶彩科,120,87,33,玉山-高雄,2024-06-20,8843
8050,廣積,44,11,33,玉山-高雄,2024-06-20,8843
3047,訊舟,53,21,32,玉山-高雄,2024-06-20,8843
00637L,元大滬深300正2,39,7,32,玉山-高雄,2024-06-20,8843
2881,富邦金,36,5,31,玉山-高雄,2024-06-20,8843
006208,富邦台50,37,7,30,玉山-高雄,2024-06-20,8843
2515,中工,39,10,29,玉山-高雄,2024-06-20,8843
6153,嘉聯益,32,3,29,玉山-高雄,2024-06-20,8843
00878,國泰永續高股息,94,65,29,玉山-高雄,2024-06-20,8843
6901,鑽石投資,26,0,26,玉山-高雄,2024-06-20,8843
6235,華孚,30,5,25,玉山-高雄,2024-06-20,8843
00919,群益台灣精選高息,1012,244,768,玉山-高雄,2024-06-21,8843
00937B,群益ESG投等債20,671,88,583,玉山-高雄,2024-06-21,8843
2514,龍邦,265,7,258,玉山-高雄,2024-06-21,8843
2317,鴻海,286,68,218,玉山-高雄,2024-06-21,8843
3312,弘憶股,221,19,202,玉山-高雄,2024-06-21,8843
4414,如興,116,0,116,玉山-高雄,2024-06-21,8843
2002,中鋼,150,35,115,玉山-高雄,2024-06-21,8843
2609,陽明,215,104,111,玉山-高雄,2024-06-21,8843
00679B,元大美債20年,129,20,109,玉山-高雄,2024-06-21,8843
00929,復華台灣科技優息,290,183,107,玉山-高雄,2024-06-21,8843
00948B,中信優息投資級債,105,15,90,玉山-高雄,2024-06-21,8843
00706L,期元大S＆P日圓正2,106,23,83,玉山-高雄,2024-06-21,8843
5443,均豪,141,62,79,玉山-高雄,2024-06-21,8843
2836,高雄銀,81,2,79,玉山-高雄,2024-06-21,8843
00936,台新永續高息中小,110,40,70,玉山-高雄,2024-06-21,8843
2312,金寶,82,19,63,玉山-高雄,2024-06-21,8843
1314,中石化,104,43,61,玉山-高雄,2024-06-21,8843
1316,上曜,60,0,60,玉山-高雄,2024-06-21,8843
2615,萬海,328,269,59,玉山-高雄,2024-06-21,8843
2603,長榮,101,45,56,玉山-高雄,2024-06-21,8843
4726,永昕,55,2,53,玉山-高雄,2024-06-21,8843
3313,斐成,57,5,52,玉山-高雄,2024-06-21,8843
2385,群光,53,1,52,玉山-高雄,2024-06-21,8843
2834,臺企銀,60,9,51,玉山-高雄,2024-06-21,8843
1301,台塑,57,6,51,玉山-高雄,2024-06-21,8843
2330,台積電,58,9,49,玉山-高雄,2024-06-21,8843
00946,群益科技高息成長,135,92,43,玉山-高雄,2024-06-21,8843
00687B,國泰20年美債,95,53,42,玉山-高雄,2024-06-21,8843
6770,力積電,54,12,42,玉山-高雄,2024-06-21,8843
2548,華固,49,7,42,玉山-高雄,2024-06-21,8843
4534,慶騰,40,2,38,玉山-高雄,2024-06-21,8843
6244,茂迪,37,0,37,玉山-高雄,2024-06-21,8843
2316,楠梓電,120,85,35,玉山-高雄,2024-06-21,8843
00712,復華富時不動產,33,0,33,玉山-高雄,2024-06-21,8843
00893,國泰智能電動車,31,0,31,玉山-高雄,2024-06-21,8843
00632R,元大台灣50反1,39,9,30,玉山-高雄,2024-06-21,8843
8096,擎亞,47,17,30,玉山-高雄,2024-06-21,8843
4167,松瑞藥,30,0,30,玉山-高雄,2024-06-21,8843
4956,光鋐,84,54,30,玉山-高雄,2024-06-21,8843
2392,正崴,59,29,30,玉山-高雄,2024-06-21,8843
00830,國泰費城半導體,29,0,29,玉山-高雄,2024-06-21,8843
00915,凱基優選高股息30,46,17,29,玉山-高雄,2024-06-21,8843
00942B,台新美A公司債20+,27,0,27,玉山-高雄,2024-06-21,8843
2365,昆盈,113,86,27,玉山-高雄,2024-06-21,8843
2382,廣達,50,25,25,玉山-高雄,2024-06-21,8843
2498,宏達電,55,30,25,玉山-高雄,2024-06-21,8843
2412,中華電,24,0,24,玉山-高雄,2024-06-21,8843
3037,欣興,29,5,24,玉山-高雄,2024-06-21,8843
8299,群聯,25,2,23,玉山-高雄,2024-06-21,8843
8926,台汽電,22,0,22,玉山-高雄,2024-06-21,8843
00919,群益台灣精選高息,809,153,656,玉山-高雄,2024-06-24,8843
3481,群創,944,467,477,玉山-高雄,2024-06-24,8843
00937B,群益ESG投等債20,437,53,384,玉山-高雄,2024-06-24,8843
1314,中石化,337,115,222,玉山-高雄,2024-06-24,8843
00706L,期元大S＆P日圓正2,169,0,169,玉山-高雄,2024-06-24,8843
00907,永豐優息存股,183,20,163,玉山-高雄,2024-06-24,8843
00936,台新永續高息中小,185,24,161,玉山-高雄,2024-06-24,8843
00946,群益科技高息成長,161,1,160,玉山-高雄,2024-06-24,8843
00940,元大台灣價值高息,295,138,157,玉山-高雄,2024-06-24,8843
00687B,國泰20年美債,177,28,149,玉山-高雄,2024-06-24,8843
3062,建漢,460,317,143,玉山-高雄,2024-06-24,8843
2324,仁寶,173,43,130,玉山-高雄,2024-06-24,8843
2409,友達,156,29,127,玉山-高雄,2024-06-24,8843
00947,台新臺灣IC設計,118,0,118,玉山-高雄,2024-06-24,8843
2330,台積電,131,24,107,玉山-高雄,2024-06-24,8843
00679B,元大美債20年,169,62,107,玉山-高雄,2024-06-24,8843
1504,東元,111,9,102,玉山-高雄,2024-06-24,8843
8105,凌巨,119,19,100,玉山-高雄,2024-06-24,8843
00915,凱基優選高股息30,88,3,85,玉山-高雄,2024-06-24,8843
00918,大華優利高填息30,79,1,78,玉山-高雄,2024-06-24,8843
3047,訊舟,181,116,65,玉山-高雄,2024-06-24,8843
8085,福華,66,7,59,玉山-高雄,2024-06-24,8843
00948B,中信優息投資級債,59,0,59,玉山-高雄,2024-06-24,8843
2002,中鋼,62,7,55,玉山-高雄,2024-06-24,8843
6176,瑞儀,64,12,52,玉山-高雄,2024-06-24,8843
8064,東捷,86,35,51,玉山-高雄,2024-06-24,8843
4534,慶騰,50,1,49,玉山-高雄,2024-06-24,8843
1301,台塑,58,9,49,玉山-高雄,2024-06-24,8843
8473,山林水,46,0,46,玉山-高雄,2024-06-24,8843
0056,元大高股息,60,16,44,玉山-高雄,2024-06-24,8843
3312,弘憶股,94,52,42,玉山-高雄,2024-06-24,8843
00665L,富邦�琤肭磪囓�2,52,10,42,玉山-高雄,2024-06-24,8843
6582,申豐,40,1,39,玉山-高雄,2024-06-24,8843
1605,華新,59,20,39,玉山-高雄,2024-06-24,8843
020034,元大IC設計N,38,0,38,玉山-高雄,2024-06-24,8843
5328,華容,133,96,37,玉山-高雄,2024-06-24,8843
2312,金寶,44,9,35,玉山-高雄,2024-06-24,8843
2353,宏��,101,67,34,玉山-高雄,2024-06-24,8843
00713,元大台灣高息低波,40,6,34,玉山-高雄,2024-06-24,8843
00881,國泰台灣5G+,61,28,33,玉山-高雄,2024-06-24,8843
00712,復華富時不動產,53,20,33,玉山-高雄,2024-06-24,8843
00715L,期街口布蘭特正2,36,4,32,玉山-高雄,2024-06-24,8843
2317,鴻海,184,153,31,玉山-高雄,2024-06-24,8843
8112,至上,34,2,32,玉山-高雄,2024-06-24,8843
6834,天二科技,66,35,31,玉山-高雄,2024-06-24,8843
8096,擎亞,94,63,31,玉山-高雄,2024-06-24,8843
1909,榮成,41,10,31,玉山-高雄,2024-06-24,8843
2406,國碩,34,4,30,玉山-高雄,2024-06-24,8843
00725B,國泰投資級公司債,31,1,30,玉山-高雄,2024-06-24,8843
1785,光洋科,88,58,30,玉山-高雄,2024-06-24,8843
00936,台新永續高息中小,635,30,605,玉山-高雄,2024-06-25,8843
00929,復華台灣科技優息,553,191,362,玉山-高雄,2024-06-25,8843
00937B,群益ESG投等債20,440,123,317,玉山-高雄,2024-06-25,8843
1815,富喬,241,51,190,玉山-高雄,2024-06-25,8843
2409,友達,187,11,176,玉山-高雄,2024-06-25,8843
00919,群益台灣精選高息,321,155,166,玉山-高雄,2024-06-25,8843
00795B,中信美國公債20年,152,3,149,玉山-高雄,2024-06-25,8843
2405,輔信,111,2,109,玉山-高雄,2024-06-25,8843
00946,群益科技高息成長,98,6,92,玉山-高雄,2024-06-25,8843
4414,如興,90,0,90,玉山-高雄,2024-06-25,8843
8110,華東,122,41,81,玉山-高雄,2024-06-25,8843
00933B,國泰10Y+金融債,77,0,77,玉山-高雄,2024-06-25,8843
00673R,期元大S＆P原油反1,73,0,73,玉山-高雄,2024-06-25,8843
00878,國泰永續高股息,165,103,62,玉山-高雄,2024-06-25,8843
2002,中鋼,66,6,60,玉山-高雄,2024-06-25,8843
00687B,國泰20年美債,68,13,55,玉山-高雄,2024-06-25,8843
3481,群創,830,775,55,玉山-高雄,2024-06-25,8843
00751B,元大AAA至A公司債,57,2,55,玉山-高雄,2024-06-25,8843
9105,泰金寶-DR,61,8,53,玉山-高雄,2024-06-25,8843
2880,華南金,56,4,52,玉山-高雄,2024-06-25,8843
2882,國泰金,53,3,50,玉山-高雄,2024-06-25,8843
00830,國泰費城半導體,49,2,47,玉山-高雄,2024-06-25,8843
1303,南亞,50,5,45,玉山-高雄,2024-06-25,8843
2312,金寶,52,8,44,玉山-高雄,2024-06-25,8843
8085,福華,42,1,41,玉山-高雄,2024-06-25,8843
8076,伍豐,42,3,39,玉山-高雄,2024-06-25,8843
6244,茂迪,38,2,36,玉山-高雄,2024-06-25,8843
2464,盟立,65,30,35,玉山-高雄,2024-06-25,8843
2834,臺企銀,33,0,33,玉山-高雄,2024-06-25,8843
3037,欣興,38,5,33,玉山-高雄,2024-06-25,8843
2615,萬海,139,106,33,玉山-高雄,2024-06-25,8843
5009,榮剛,35,3,32,玉山-高雄,2024-06-25,8843
00877,復華中國5G,31,0,31,玉山-高雄,2024-06-25,8843
2406,國碩,39,8,31,玉山-高雄,2024-06-25,8843
5347,世界,30,1,29,玉山-高雄,2024-06-25,8843
5452,佶優,72,43,29,玉山-高雄,2024-06-25,8843
00632R,元大台灣50反1,121,92,29,玉山-高雄,2024-06-25,8843
2413,環科,30,1,29,玉山-高雄,2024-06-25,8843
9945,潤泰新,48,20,28,玉山-高雄,2024-06-25,8843
2027,大成鋼,28,0,28,玉山-高雄,2024-06-25,8843
6869,雲豹能源,50,22,28,玉山-高雄,2024-06-25,8843
8046,南電,27,0,27,玉山-高雄,2024-06-25,8843
2516,新建,25,0,25,玉山-高雄,2024-06-25,8843
2317,鴻海,128,104,24,玉山-高雄,2024-06-25,8843
911868,同方友友-DR,23,0,23,玉山-高雄,2024-06-25,8843
2618,長榮航,41,18,23,玉山-高雄,2024-06-25,8843
2362,藍天,25,4,21,玉山-高雄,2024-06-25,8843
4562,穎漢,31,11,20,玉山-高雄,2024-06-25,8843
00676R,富邦臺灣加權反1,20,0,20,玉山-高雄,2024-06-25,8843
3041,揚智,20,0,20,玉山-高雄,2024-06-25,8843
6152,百一,303,15,288,玉山-高雄,2024-06-26,8843
2514,龍邦,263,4,259,玉山-高雄,2024-06-26,8843
2002,中鋼,198,16,182,玉山-高雄,2024-06-26,8843
00795B,中信美國公債20年,144,2,142,玉山-高雄,2024-06-26,8843
00632R,元大台灣50反1,134,0,134,玉山-高雄,2024-06-26,8843
2409,友達,170,38,132,玉山-高雄,2024-06-26,8843
3481,群創,282,154,128,玉山-高雄,2024-06-26,8843
00937B,群益ESG投等債20,293,166,127,玉山-高雄,2024-06-26,8843
00929,復華台灣科技優息,207,82,125,玉山-高雄,2024-06-26,8843
1785,光洋科,122,39,83,玉山-高雄,2024-06-26,8843
00878,國泰永續高股息,135,56,79,玉山-高雄,2024-06-26,8843
3231,緯創,86,15,71,玉山-高雄,2024-06-26,8843
2303,聯電,101,33,68,玉山-高雄,2024-06-26,8843
2353,宏��,107,43,64,玉山-高雄,2024-06-26,8843
00637L,元大滬深300正2,63,0,63,玉山-高雄,2024-06-26,8843
3289,宜特,71,8,63,玉山-高雄,2024-06-26,8843
2884,玉山金,83,20,63,玉山-高雄,2024-06-26,8843
00919,群益台灣精選高息,158,101,57,玉山-高雄,2024-06-26,8843
3576,聯合再生,120,64,56,玉山-高雄,2024-06-26,8843
2101,南港,56,1,55,玉山-高雄,2024-06-26,8843
2609,陽明,85,30,55,玉山-高雄,2024-06-26,8843
1303,南亞,59,7,52,玉山-高雄,2024-06-26,8843
5302,太欣,52,0,52,玉山-高雄,2024-06-26,8843
2317,鴻海,139,89,50,玉山-高雄,2024-06-26,8843
4535,至興,48,0,48,玉山-高雄,2024-06-26,8843
00715L,期街口布蘭特正2,53,5,48,玉山-高雄,2024-06-26,8843
00946,群益科技高息成長,46,1,45,玉山-高雄,2024-06-26,8843
2834,臺企銀,54,9,45,玉山-高雄,2024-06-26,8843
3607,谷崧,45,4,41,玉山-高雄,2024-06-26,8843
2352,佳世達,51,11,40,玉山-高雄,2024-06-26,8843
1802,台玻,42,2,40,玉山-高雄,2024-06-26,8843
00713,元大台灣高息低波,41,2,39,玉山-高雄,2024-06-26,8843
00687B,國泰20年美債,193,155,38,玉山-高雄,2024-06-26,8843
00655L,國泰中國A50正2,35,0,35,玉山-高雄,2024-06-26,8843
3419,譁裕,34,0,34,玉山-高雄,2024-06-26,8843
2515,中工,34,0,34,玉山-高雄,2024-06-26,8843
2641,正德,34,0,34,玉山-高雄,2024-06-26,8843
4414,如興,33,0,33,玉山-高雄,2024-06-26,8843
1301,台塑,72,40,32,玉山-高雄,2024-06-26,8843
2354,鴻準,136,106,30,玉山-高雄,2024-06-26,8843
1326,台化,36,6,30,玉山-高雄,2024-06-26,8843
00947,台新臺灣IC設計,31,2,29,玉山-高雄,2024-06-26,8843
2367,燿華,43,15,28,玉山-高雄,2024-06-26,8843
0056,元大高股息,34,7,27,玉山-高雄,2024-06-26,8843
2382,廣達,53,26,27,玉山-高雄,2024-06-26,8843
00881,國泰台灣5G+,37,10,27,玉山-高雄,2024-06-26,8843
2885,元大金,32,6,26,玉山-高雄,2024-06-26,8843
2427,三商電,31,5,26,玉山-高雄,2024-06-26,8843
6116,彩晶,65,39,26,玉山-高雄,2024-06-26,8843
2451,創見,26,0,26,玉山-高雄,2024-06-26,8843
00936,台新永續高息中小,699,16,683,玉山-高雄,2024-06-27,8843
00937B,群益ESG投等債20,498,23,475,玉山-高雄,2024-06-27,8843
00665L,富邦�琤肭磪囓�2,349,0,349,玉山-高雄,2024-06-27,8843
2883,凱基金,387,59,328,玉山-高雄,2024-06-27,8843
00929,復華台灣科技優息,298,20,278,玉山-高雄,2024-06-27,8843
9945,潤泰新,266,15,251,玉山-高雄,2024-06-27,8843
00795B,中信美國公債20年,214,10,204,玉山-高雄,2024-06-27,8843
00687B,國泰20年美債,222,21,201,玉山-高雄,2024-06-27,8843
00632R,元大台灣50反1,184,18,166,玉山-高雄,2024-06-27,8843
9904,寶成,175,25,150,玉山-高雄,2024-06-27,8843
4167,松瑞藥,230,93,137,玉山-高雄,2024-06-27,8843
3047,訊舟,293,177,116,玉山-高雄,2024-06-27,8843
00679B,元大美債20年,116,4,112,玉山-高雄,2024-06-27,8843
00919,群益台灣精選高息,179,70,109,玉山-高雄,2024-06-27,8843
2885,元大金,132,24,108,玉山-高雄,2024-06-27,8843
6152,百一,97,2,95,玉山-高雄,2024-06-27,8843
00650L,復華香港正2,86,0,86,玉山-高雄,2024-06-27,8843
2884,玉山金,106,22,84,玉山-高雄,2024-06-27,8843
00948B,中信優息投資級債,240,156,84,玉山-高雄,2024-06-27,8843
00753L,中信中國50正2,80,2,78,玉山-高雄,2024-06-27,8843
00706L,期元大S＆P日圓正2,99,22,77,玉山-高雄,2024-06-27,8843
6505,台塑化,83,7,76,玉山-高雄,2024-06-27,8843
00680L,元大美債20正2,107,31,76,玉山-高雄,2024-06-27,8843
5905,南仁湖,129,54,75,玉山-高雄,2024-06-27,8843
1303,南亞,81,9,72,玉山-高雄,2024-06-27,8843
3231,緯創,77,6,71,玉山-高雄,2024-06-27,8843
1201,味全,65,0,65,玉山-高雄,2024-06-27,8843
00882,中信中國高股息,63,0,63,玉山-高雄,2024-06-27,8843
1722,台肥,60,0,60,玉山-高雄,2024-06-27,8843
4938,和碩,80,20,60,玉山-高雄,2024-06-27,8843
4908,前鼎,72,14,58,玉山-高雄,2024-06-27,8843
00830,國泰費城半導體,57,0,57,玉山-高雄,2024-06-27,8843
0056,元大高股息,68,15,53,玉山-高雄,2024-06-27,8843
00946,群益科技高息成長,52,0,52,玉山-高雄,2024-06-27,8843
3050,鈺德,86,35,51,玉山-高雄,2024-06-27,8843
2349,錸德,85,36,49,玉山-高雄,2024-06-27,8843
2354,鴻準,102,55,47,玉山-高雄,2024-06-27,8843
6116,彩晶,47,1,46,玉山-高雄,2024-06-27,8843
8104,錸寶,58,14,44,玉山-高雄,2024-06-27,8843
2201,裕隆,43,2,41,玉山-高雄,2024-06-27,8843
00902,中信電池及儲能,40,0,40,玉山-高雄,2024-06-27,8843
00720B,元大投資級公司債,38,0,38,玉山-高雄,2024-06-27,8843
5347,世界,41,3,38,玉山-高雄,2024-06-27,8843
00947,台新臺灣IC設計,44,7,37,玉山-高雄,2024-06-27,8843
00688L,國泰20年美債正2,37,0,37,玉山-高雄,2024-06-27,8843
1605,華新,46,10,36,玉山-高雄,2024-06-27,8843
00942B,台新美A公司債20+,37,1,36,玉山-高雄,2024-06-27,8843
00939,統一台灣高息動能,53,19,34,玉山-高雄,2024-06-27,8843
00715L,期街口布蘭特正2,39,5,34,玉山-高雄,2024-06-27,8843
2312,金寶,48,15,33,玉山-高雄,2024-06-27,8843
00632R,元大台灣50反1,608,210,398,玉山-高雄,2024-06-28,8843
2882,國泰金,385,31,354,玉山-高雄,2024-06-28,8843
00936,台新永續高息中小,253,6,247,玉山-高雄,2024-06-28,8843
00929,復華台灣科技優息,265,30,235,玉山-高雄,2024-06-28,8843
00679B,元大美債20年,160,5,155,玉山-高雄,2024-06-28,8843
2883,凱基金,182,31,151,玉山-高雄,2024-06-28,8843
2406,國碩,257,122,135,玉山-高雄,2024-06-28,8843
00795B,中信美國公債20年,130,0,130,玉山-高雄,2024-06-28,8843
2324,仁寶,144,17,127,玉山-高雄,2024-06-28,8843
00680L,元大美債20正2,123,10,113,玉山-高雄,2024-06-28,8843
2618,長榮航,134,23,111,玉山-高雄,2024-06-28,8843
00712,復華富時不動產,80,0,80,玉山-高雄,2024-06-28,8843
3481,群創,158,81,77,玉山-高雄,2024-06-28,8843
2303,聯電,87,17,70,玉山-高雄,2024-06-28,8843
2867,三商壽,88,23,65,玉山-高雄,2024-06-28,8843
00706L,期元大S＆P日圓正2,65,0,65,玉山-高雄,2024-06-28,8843
00937B,群益ESG投等債20,225,165,60,玉山-高雄,2024-06-28,8843
2609,陽明,92,33,59,玉山-高雄,2024-06-28,8843
00946,群益科技高息成長,71,15,56,玉山-高雄,2024-06-28,8843
3264,欣銓,52,0,52,玉山-高雄,2024-06-28,8843
6182,合晶,72,23,49,玉山-高雄,2024-06-28,8843
00688L,國泰20年美債正2,47,0,47,玉山-高雄,2024-06-28,8843
3050,鈺德,192,147,45,玉山-高雄,2024-06-28,8843
00942B,台新美A公司債20+,45,0,45,玉山-高雄,2024-06-28,8843
00753L,中信中國50正2,59,17,42,玉山-高雄,2024-06-28,8843
2603,長榮,45,3,42,玉山-高雄,2024-06-28,8843
00931B,統一美債20年,42,1,41,玉山-高雄,2024-06-28,8843
5905,南仁湖,44,5,39,玉山-高雄,2024-06-28,8843
8104,錸寶,45,7,38,玉山-高雄,2024-06-28,8843
2610,華航,86,48,38,玉山-高雄,2024-06-28,8843
2354,鴻準,55,23,32,玉山-高雄,2024-06-28,8843
00673R,期元大S＆P原油反1,31,0,31,玉山-高雄,2024-06-28,8843
00687B,國泰20年美債,47,17,30,玉山-高雄,2024-06-28,8843
8028,昇陽半導體,85,56,29,玉山-高雄,2024-06-28,8843
2337,旺宏,30,2,28,玉山-高雄,2024-06-28,8843
1785,光洋科,81,54,27,玉山-高雄,2024-06-28,8843
6477,安集,110,83,27,玉山-高雄,2024-06-28,8843
6449,鈺邦,39,13,26,玉山-高雄,2024-06-28,8843
1301,台塑,31,5,26,玉山-高雄,2024-06-28,8843
2201,裕隆,26,1,25,玉山-高雄,2024-06-28,8843
1312,國喬,30,5,25,玉山-高雄,2024-06-28,8843
2884,玉山金,48,23,25,玉山-高雄,2024-06-28,8843
5371,中光電,28,6,22,玉山-高雄,2024-06-28,8843
4909,新復興,81,60,21,玉山-高雄,2024-06-28,8843
6206,飛捷,21,0,21,玉山-高雄,2024-06-28,8843
4934,太極,21,0,21,玉山-高雄,2024-06-28,8843
4535,至興,20,0,20,玉山-高雄,2024-06-28,8843
8084,巨虹,20,0,20,玉山-高雄,2024-06-28,8843
3149,正達,25,5,20,玉山-高雄,2024-06-28,8843
6282,康舒,21,2,19,玉山-高雄,2024-06-28,8843
00937B,群益ESG投等債20,566,32,534,玉山-高雄,2024-07-01,8843
00929,復華台灣科技優息,396,12,384,玉山-高雄,2024-07-01,8843
00687B,國泰20年美債,358,2,356,玉山-高雄,2024-07-01,8843
2329,華泰,310,15,295,玉山-高雄,2024-07-01,8843
2882,國泰金,264,6,258,玉山-高雄,2024-07-01,8843
00680L,元大美債20正2,244,5,239,玉山-高雄,2024-07-01,8843
00679B,元大美債20年,238,9,229,玉山-高雄,2024-07-01,8843
00936,台新永續高息中小,217,8,209,玉山-高雄,2024-07-01,8843
00948B,中信優息投資級債,197,0,197,玉山-高雄,2024-07-01,8843
4167,松瑞藥,192,29,163,玉山-高雄,2024-07-01,8843
00632R,元大台灣50反1,155,10,145,玉山-高雄,2024-07-01,8843
00688L,國泰20年美債正2,140,0,140,玉山-高雄,2024-07-01,8843
8926,台汽電,128,0,128,玉山-高雄,2024-07-01,8843
2442,新美齊,123,1,122,玉山-高雄,2024-07-01,8843
0056,元大高股息,143,21,122,玉山-高雄,2024-07-01,8843
00931B,統一美債20年,98,2,96,玉山-高雄,2024-07-01,8843
5371,中光電,91,11,80,玉山-高雄,2024-07-01,8843
3580,友威科,128,48,80,玉山-高雄,2024-07-01,8843
2615,萬海,96,32,64,玉山-高雄,2024-07-01,8843
00720B,元大投資級公司債,65,2,63,玉山-高雄,2024-07-01,8843
3010,華立,67,4,63,玉山-高雄,2024-07-01,8843
2313,華通,75,16,59,玉山-高雄,2024-07-01,8843
2312,金寶,59,2,57,玉山-高雄,2024-07-01,8843
00706L,期元大S＆P日圓正2,53,0,53,玉山-高雄,2024-07-01,8843
2495,普安,71,19,52,玉山-高雄,2024-07-01,8843
2547,日勝生,50,1,49,玉山-高雄,2024-07-01,8843
2374,佳能,74,27,47,玉山-高雄,2024-07-01,8843
00933B,國泰10Y+金融債,59,12,47,玉山-高雄,2024-07-01,8843
00942B,台新美A公司債20+,47,0,47,玉山-高雄,2024-07-01,8843
2337,旺宏,135,89,46,玉山-高雄,2024-07-01,8843
00881,國泰台灣5G+,45,1,44,玉山-高雄,2024-07-01,8843
6753,龍德造船,72,31,41,玉山-高雄,2024-07-01,8843
00795B,中信美國公債20年,41,0,41,玉山-高雄,2024-07-01,8843
2382,廣達,54,13,41,玉山-高雄,2024-07-01,8843
6275,元山,41,0,41,玉山-高雄,2024-07-01,8843
2367,燿華,50,14,36,玉山-高雄,2024-07-01,8843
6152,百一,103,67,36,玉山-高雄,2024-07-01,8843
00949,復華日本龍頭,34,1,33,玉山-高雄,2024-07-01,8843
4909,新復興,35,3,32,玉山-高雄,2024-07-01,8843
5009,榮剛,38,6,32,玉山-高雄,2024-07-01,8843
2317,鴻海,66,36,30,玉山-高雄,2024-07-01,8843
00946,群益科技高息成長,48,17,31,玉山-高雄,2024-07-01,8843
2352,佳世達,34,5,29,玉山-高雄,2024-07-01,8843
2359,所羅門,51,22,29,玉山-高雄,2024-07-01,8843
2820,華票,28,0,28,玉山-高雄,2024-07-01,8843
6505,台塑化,27,0,27,玉山-高雄,2024-07-01,8843
2464,盟立,84,58,26,玉山-高雄,2024-07-01,8843
3576,聯合再生,99,74,25,玉山-高雄,2024-07-01,8843
2002,中鋼,35,10,25,玉山-高雄,2024-07-01,8843
2609,陽明,71,49,22,玉山-高雄,2024-07-01,8843
00934,中信成長高股息,1069,7,1062,玉山-高雄,2024-07-02,8843
00929,復華台灣科技優息,1216,733,483,玉山-高雄,2024-07-02,8843
00680L,元大美債20正2,303,2,301,玉山-高雄,2024-07-02,8843
0056,元大高股息,287,8,279,玉山-高雄,2024-07-02,8843
2317,鴻海,306,46,260,玉山-高雄,2024-07-02,8843
00937B,群益ESG投等債20,267,22,245,玉山-高雄,2024-07-02,8843
00936,台新永續高息中小,276,41,235,玉山-高雄,2024-07-02,8843
2303,聯電,260,32,228,玉山-高雄,2024-07-02,8843
00679B,元大美債20年,228,3,225,玉山-高雄,2024-07-02,8843
00687B,國泰20年美債,214,34,180,玉山-高雄,2024-07-02,8843
00688L,國泰20年美債正2,145,0,145,玉山-高雄,2024-07-02,8843
00673R,期元大S＆P原油反1,115,5,110,玉山-高雄,2024-07-02,8843
2884,玉山金,116,8,108,玉山-高雄,2024-07-02,8843
00927,群益半導體收益,116,11,105,玉山-高雄,2024-07-02,8843
00940,元大台灣價值高息,217,115,102,玉山-高雄,2024-07-02,8843
00948B,中信優息投資級債,94,3,91,玉山-高雄,2024-07-02,8843
00949,復華日本龍頭,75,0,75,玉山-高雄,2024-07-02,8843
00942B,台新美A公司債20+,72,1,71,玉山-高雄,2024-07-02,8843
00706L,期元大S＆P日圓正2,70,0,70,玉山-高雄,2024-07-02,8843
3528,安馳,70,0,70,玉山-高雄,2024-07-02,8843
00795B,中信美國公債20年,62,0,62,玉山-高雄,2024-07-02,8843
5443,均豪,195,134,61,玉山-高雄,2024-07-02,8843
2542,興富發,59,1,58,玉山-高雄,2024-07-02,8843
2002,中鋼,82,27,55,玉山-高雄,2024-07-02,8843
00946,群益科技高息成長,60,5,55,玉山-高雄,2024-07-02,8843
1815,富喬,104,50,54,玉山-高雄,2024-07-02,8843
2892,第一金,54,0,54,玉山-高雄,2024-07-02,8843
1301,台塑,69,22,47,玉山-高雄,2024-07-02,8843
6152,百一,50,5,45,玉山-高雄,2024-07-02,8843
2498,宏達電,51,7,44,玉山-高雄,2024-07-02,8843
3535,晶彩科,243,201,42,玉山-高雄,2024-07-02,8843
5371,中光電,47,6,41,玉山-高雄,2024-07-02,8843
00931B,統一美債20年,40,0,40,玉山-高雄,2024-07-02,8843
2449,京元電子,58,20,38,玉山-高雄,2024-07-02,8843
6505,台塑化,84,49,35,玉山-高雄,2024-07-02,8843
1605,華新,35,0,35,玉山-高雄,2024-07-02,8843
1314,中石化,40,7,33,玉山-高雄,2024-07-02,8843
00751B,元大AAA至A公司債,32,0,32,玉山-高雄,2024-07-02,8843
2409,友達,32,0,32,玉山-高雄,2024-07-02,8843
1326,台化,42,11,31,玉山-高雄,2024-07-02,8843
00878,國泰永續高股息,84,53,31,玉山-高雄,2024-07-02,8843
8926,台汽電,30,0,30,玉山-高雄,2024-07-02,8843
6290,良維,34,4,30,玉山-高雄,2024-07-02,8843
1529,樂事綠能,32,2,30,玉山-高雄,2024-07-02,8843
5521,工信,29,0,29,玉山-高雄,2024-07-02,8843
00632R,元大台灣50反1,35,7,28,玉山-高雄,2024-07-02,8843
6285,啟��,31,6,25,玉山-高雄,2024-07-02,8843
6582,申豐,25,0,25,玉山-高雄,2024-07-02,8843
6229,研通,25,0,25,玉山-高雄,2024-07-02,8843
6176,瑞儀,26,2,24,玉山-高雄,2024-07-02,8843
00934,中信成長高股息,574,22,552,玉山-高雄,2024-07-03,8843
00632R,元大台灣50反1,561,65,496,玉山-高雄,2024-07-03,8843
00687B,國泰20年美債,263,17,246,玉山-高雄,2024-07-03,8843
00929,復華台灣科技優息,380,163,217,玉山-高雄,2024-07-03,8843
3576,聯合再生,328,139,189,玉山-高雄,2024-07-03,8843
00680L,元大美債20正2,166,0,166,玉山-高雄,2024-07-03,8843
9904,寶成,170,23,147,玉山-高雄,2024-07-03,8843
00679B,元大美債20年,148,16,132,玉山-高雄,2024-07-03,8843
00795B,中信美國公債20年,130,0,130,玉山-高雄,2024-07-03,8843
6443,元晶,215,97,118,玉山-高雄,2024-07-03,8843
9105,泰金寶-DR,190,81,109,玉山-高雄,2024-07-03,8843
2317,鴻海,133,33,100,玉山-高雄,2024-07-03,8843
6152,百一,95,10,85,玉山-高雄,2024-07-03,8843
2002,中鋼,100,18,82,玉山-高雄,2024-07-03,8843
1785,光洋科,182,110,72,玉山-高雄,2024-07-03,8843
2542,興富發,76,4,72,玉山-高雄,2024-07-03,8843
2444,兆勁,70,0,70,玉山-高雄,2024-07-03,8843
5371,中光電,58,4,54,玉山-高雄,2024-07-03,8843
2882,國泰金,112,61,51,玉山-高雄,2024-07-03,8843
00946,群益科技高息成長,56,5,51,玉山-高雄,2024-07-03,8843
00940,元大台灣價值高息,163,114,49,玉山-高雄,2024-07-03,8843
5347,世界,63,15,48,玉山-高雄,2024-07-03,8843
2867,三商壽,62,18,44,玉山-高雄,2024-07-03,8843
2014,中鴻,60,18,42,玉山-高雄,2024-07-03,8843
00937B,群益ESG投等債20,116,79,37,玉山-高雄,2024-07-03,8843
00688L,國泰20年美債正2,36,0,36,玉山-高雄,2024-07-03,8843
4167,松瑞藥,37,2,35,玉山-高雄,2024-07-03,8843
00931B,統一美債20年,40,5,35,玉山-高雄,2024-07-03,8843
3050,鈺德,54,21,33,玉山-高雄,2024-07-03,8843
00927,群益半導體收益,43,12,31,玉山-高雄,2024-07-03,8843
3005,神基,41,10,31,玉山-高雄,2024-07-03,8843
4906,正文,120,89,31,玉山-高雄,2024-07-03,8843
3188,鑫龍騰,30,0,30,玉山-高雄,2024-07-03,8843
00706L,期元大S＆P日圓正2,28,0,28,玉山-高雄,2024-07-03,8843
6213,聯茂,64,36,28,玉山-高雄,2024-07-03,8843
2356,英業達,35,7,28,玉山-高雄,2024-07-03,8843
6477,安集,54,27,27,玉山-高雄,2024-07-03,8843
2337,旺宏,37,10,27,玉山-高雄,2024-07-03,8843
8096,擎亞,31,4,27,玉山-高雄,2024-07-03,8843
6806,森崴能源,35,10,25,玉山-高雄,2024-07-03,8843
2425,承啟,24,0,24,玉山-高雄,2024-07-03,8843
3033,威健,34,11,23,玉山-高雄,2024-07-03,8843
2495,普安,68,45,23,玉山-高雄,2024-07-03,8843
6244,茂迪,205,182,23,玉山-高雄,2024-07-03,8843
2892,第一金,31,9,22,玉山-高雄,2024-07-03,8843
2340,台亞,24,3,21,玉山-高雄,2024-07-03,8843
3035,智原,43,22,21,玉山-高雄,2024-07-03,8843
2105,正新,21,0,21,玉山-高雄,2024-07-03,8843
3663,鑫科,39,18,21,玉山-高雄,2024-07-03,8843
2412,中華電,25,4,21,玉山-高雄,2024-07-03,8843
00934,中信成長高股息,476,0,476,玉山-高雄,2024-07-04,8843
00632R,元大台灣50反1,801,429,372,玉山-高雄,2024-07-04,8843
2324,仁寶,291,57,234,玉山-高雄,2024-07-04,8843
00937B,群益ESG投等債20,271,57,214,玉山-高雄,2024-07-04,8843
00795B,中信美國公債20年,189,0,189,玉山-高雄,2024-07-04,8843
9945,潤泰新,186,22,164,玉山-高雄,2024-07-04,8843
2618,長榮航,297,141,156,玉山-高雄,2024-07-04,8843
2412,中華電,152,0,152,玉山-高雄,2024-07-04,8843
1815,富喬,196,61,135,玉山-高雄,2024-07-04,8843
2882,國泰金,155,24,131,玉山-高雄,2024-07-04,8843
2888,新光金,196,66,130,玉山-高雄,2024-07-04,8843
2883,凱基金,217,91,126,玉山-高雄,2024-07-04,8843
3576,聯合再生,352,228,124,玉山-高雄,2024-07-04,8843
2889,國票金,104,1,103,玉山-高雄,2024-07-04,8843
1806,冠軍,116,13,103,玉山-高雄,2024-07-04,8843
2542,興富發,131,39,92,玉山-高雄,2024-07-04,8843
3455,由田,96,18,78,玉山-高雄,2024-07-04,8843
00687B,國泰20年美債,89,16,73,玉山-高雄,2024-07-04,8843
2323,中環,126,56,70,玉山-高雄,2024-07-04,8843
1409,新纖,93,27,66,玉山-高雄,2024-07-04,8843
2886,兆豐金,75,9,66,玉山-高雄,2024-07-04,8843
4414,如興,65,0,65,玉山-高雄,2024-07-04,8843
2913,農林,68,7,61,玉山-高雄,2024-07-04,8843
5347,世界,84,26,58,玉山-高雄,2024-07-04,8843
3047,訊舟,215,159,56,玉山-高雄,2024-07-04,8843
00936,台新永續高息中小,57,1,56,玉山-高雄,2024-07-04,8843
5392,能率,69,13,56,玉山-高雄,2024-07-04,8843
2329,華泰,57,6,51,玉山-高雄,2024-07-04,8843
3481,群創,212,163,49,玉山-高雄,2024-07-04,8843
2609,陽明,73,32,41,玉山-高雄,2024-07-04,8843
00895,富邦未來車,38,0,38,玉山-高雄,2024-07-04,8843
2485,兆赫,37,2,35,玉山-高雄,2024-07-04,8843
6901,鑽石投資,112,77,35,玉山-高雄,2024-07-04,8843
00927,群益半導體收益,83,49,34,玉山-高雄,2024-07-04,8843
00919,群益台灣精選高息,71,38,33,玉山-高雄,2024-07-04,8843
2367,燿華,151,119,32,玉山-高雄,2024-07-04,8843
00679B,元大美債20年,103,73,30,玉山-高雄,2024-07-04,8843
00878,國泰永續高股息,84,54,30,玉山-高雄,2024-07-04,8843
6550,北極星藥業-KY,30,0,30,玉山-高雄,2024-07-04,8843
2337,旺宏,59,29,30,玉山-高雄,2024-07-04,8843
3189,景碩,28,0,28,玉山-高雄,2024-07-04,8843
00680L,元大美債20正2,48,20,28,玉山-高雄,2024-07-04,8843
8096,擎亞,28,1,27,玉山-高雄,2024-07-04,8843
2374,佳能,35,9,26,玉山-高雄,2024-07-04,8843
6509,聚和,26,1,25,玉山-高雄,2024-07-04,8843
3689,湧德,37,14,23,玉山-高雄,2024-07-04,8843
1432,大魯閣,24,1,23,玉山-高雄,2024-07-04,8843
8163,達方,32,10,22,玉山-高雄,2024-07-04,8843
2349,錸德,54,32,22,玉山-高雄,2024-07-04,8843
8059,凱碩,23,2,21,玉山-高雄,2024-07-04,8843
1718,中纖,301,9,292,玉山-高雄,2024-07-05,8843
00934,中信成長高股息,264,8,256,玉山-高雄,2024-07-05,8843
00665L,富邦�琤肭磪囓�2,216,20,196,玉山-高雄,2024-07-05,8843
00878,國泰永續高股息,281,95,186,玉山-高雄,2024-07-05,8843
00937B,群益ESG投等債20,199,34,165,玉山-高雄,2024-07-05,8843
9945,潤泰新,146,3,143,玉山-高雄,2024-07-05,8843
00650L,復華香港正2,148,21,127,玉山-高雄,2024-07-05,8843
00882,中信中國高股息,126,3,123,玉山-高雄,2024-07-05,8843
2406,國碩,154,43,111,玉山-高雄,2024-07-05,8843
1314,中石化,164,58,106,玉山-高雄,2024-07-05,8843
00795B,中信美國公債20年,87,3,84,玉山-高雄,2024-07-05,8843
00655L,國泰中國A50正2,79,0,79,玉山-高雄,2024-07-05,8843
00687B,國泰20年美債,113,35,78,玉山-高雄,2024-07-05,8843
2367,燿華,218,140,78,玉山-高雄,2024-07-05,8843
00936,台新永續高息中小,76,0,76,玉山-高雄,2024-07-05,8843
6449,鈺邦,72,2,70,玉山-高雄,2024-07-05,8843
3048,益登,104,35,69,玉山-高雄,2024-07-05,8843
2301,光寶科,81,12,69,玉山-高雄,2024-07-05,8843
2609,陽明,154,88,66,玉山-高雄,2024-07-05,8843
1608,華榮,77,13,64,玉山-高雄,2024-07-05,8843
3481,群創,152,88,64,玉山-高雄,2024-07-05,8843
3050,鈺德,188,125,63,玉山-高雄,2024-07-05,8843
00946,群益科技高息成長,75,18,57,玉山-高雄,2024-07-05,8843
1102,亞泥,57,0,57,玉山-高雄,2024-07-05,8843
4534,慶騰,65,9,56,玉山-高雄,2024-07-05,8843
2349,錸德,65,16,49,玉山-高雄,2024-07-05,8843
2883,凱基金,180,131,49,玉山-高雄,2024-07-05,8843
00858,永豐美國500大,45,1,44,玉山-高雄,2024-07-05,8843
2603,長榮,62,19,43,玉山-高雄,2024-07-05,8843
4903,聯光通,43,0,43,玉山-高雄,2024-07-05,8843
0056,元大高股息,61,21,40,玉山-高雄,2024-07-05,8843
2610,華航,110,70,40,玉山-高雄,2024-07-05,8843
2323,中環,66,29,37,玉山-高雄,2024-07-05,8843
00633L,富邦上証正2,39,3,36,玉山-高雄,2024-07-05,8843
00735,國泰臺韓科技,38,3,35,玉山-高雄,2024-07-05,8843
6603,富強鑫,35,2,33,玉山-高雄,2024-07-05,8843
9904,寶成,33,0,33,玉山-高雄,2024-07-05,8843
8028,昇陽半導體,113,80,33,玉山-高雄,2024-07-05,8843
2352,佳世達,33,1,32,玉山-高雄,2024-07-05,8843
00720B,元大投資級公司債,30,1,29,玉山-高雄,2024-07-05,8843
00881,國泰台灣5G+,31,2,29,玉山-高雄,2024-07-05,8843
006208,富邦台50,35,7,28,玉山-高雄,2024-07-05,8843
2385,群光,38,10,28,玉山-高雄,2024-07-05,8843
1503,士電,40,12,28,玉山-高雄,2024-07-05,8843
2911,麗嬰房,28,1,27,玉山-高雄,2024-07-05,8843
00933B,國泰10Y+金融債,25,0,25,玉山-高雄,2024-07-05,8843
8096,擎亞,26,1,25,玉山-高雄,2024-07-05,8843
00712,復華富時不動產,36,11,25,玉山-高雄,2024-07-05,8843
00679B,元大美債20年,44,19,25,玉山-高雄,2024-07-05,8843
00907,永豐優息存股,24,0,24,玉山-高雄,2024-07-05,8843
00940,元大台灣價值高息,757,158,599,玉山-高雄,2024-07-08,8843
2618,長榮航,344,22,322,玉山-高雄,2024-07-08,8843
00929,復華台灣科技優息,497,291,206,玉山-高雄,2024-07-08,8843
2324,仁寶,195,13,182,玉山-高雄,2024-07-08,8843
00934,中信成長高股息,153,1,152,玉山-高雄,2024-07-08,8843
00632R,元大台灣50反1,676,526,150,玉山-高雄,2024-07-08,8843
2354,鴻準,227,78,149,玉山-高雄,2024-07-08,8843
6443,元晶,155,9,146,玉山-高雄,2024-07-08,8843
00735,國泰臺韓科技,142,4,138,玉山-高雄,2024-07-08,8843
2365,昆盈,254,124,130,玉山-高雄,2024-07-08,8843
1785,光洋科,285,165,120,玉山-高雄,2024-07-08,8843
1609,大亞,124,4,120,玉山-高雄,2024-07-08,8843
1815,富喬,217,100,117,玉山-高雄,2024-07-08,8843
00680L,元大美債20正2,130,23,107,玉山-高雄,2024-07-08,8843
0056,元大高股息,122,34,88,玉山-高雄,2024-07-08,8843
1718,中纖,103,21,82,玉山-高雄,2024-07-08,8843
3673,TPK-KY,89,11,78,玉山-高雄,2024-07-08,8843
2344,華邦電,81,5,76,玉山-高雄,2024-07-08,8843
2489,瑞軒,72,4,68,玉山-高雄,2024-07-08,8843
00933B,國泰10Y+金融債,66,0,66,玉山-高雄,2024-07-08,8843
3019,亞光,81,16,65,玉山-高雄,2024-07-08,8843
5328,華容,123,61,62,玉山-高雄,2024-07-08,8843
6113,亞矽,61,2,59,玉山-高雄,2024-07-08,8843
00936,台新永續高息中小,86,27,59,玉山-高雄,2024-07-08,8843
8064,東捷,87,34,53,玉山-高雄,2024-07-08,8843
00946,群益科技高息成長,73,21,52,玉山-高雄,2024-07-08,8843
8473,山林水,59,7,52,玉山-高雄,2024-07-08,8843
3481,群創,188,137,51,玉山-高雄,2024-07-08,8843
2464,盟立,113,62,51,玉山-高雄,2024-07-08,8843
2834,臺企銀,56,6,50,玉山-高雄,2024-07-08,8843
6026,福邦證,50,0,50,玉山-高雄,2024-07-08,8843
6578,達邦蛋白,50,0,50,玉山-高雄,2024-07-08,8843
1522,堤維西,60,10,50,玉山-高雄,2024-07-08,8843
2609,陽明,160,111,49,玉山-高雄,2024-07-08,8843
6217,中探針,60,12,48,玉山-高雄,2024-07-08,8843
00937B,群益ESG投等債20,159,112,47,玉山-高雄,2024-07-08,8843
1536,和大,88,41,47,玉山-高雄,2024-07-08,8843
00712,復華富時不動產,56,10,46,玉山-高雄,2024-07-08,8843
6177,達麗,45,0,45,玉山-高雄,2024-07-08,8843
3044,健鼎,46,3,43,玉山-高雄,2024-07-08,8843
6244,茂迪,128,86,42,玉山-高雄,2024-07-08,8843
00915,凱基優選高股息30,42,1,41,玉山-高雄,2024-07-08,8843
5443,均豪,62,22,40,玉山-高雄,2024-07-08,8843
00928,中信上櫃ESG30,38,0,38,玉山-高雄,2024-07-08,8843
2419,仲琦,40,2,38,玉山-高雄,2024-07-08,8843
2542,興富發,50,14,36,玉山-高雄,2024-07-08,8843
6152,百一,45,9,36,玉山-高雄,2024-07-08,8843
1513,中興電,74,39,35,玉山-高雄,2024-07-08,8843
5213,亞昕,34,0,34,玉山-高雄,2024-07-08,8843
2301,光寶科,61,28,33,玉山-高雄,2024-07-08,8843
2312,金寶,700,245,455,玉山-高雄,2024-07-09,8843
2834,臺企銀,338,90,248,玉山-高雄,2024-07-09,8843
8105,凌巨,265,36,229,玉山-高雄,2024-07-09,8843
2349,錸德,206,26,180,玉山-高雄,2024-07-09,8843
00934,中信成長高股息,166,8,158,玉山-高雄,2024-07-09,8843
9105,泰金寶-DR,298,146,152,玉山-高雄,2024-07-09,8843
9904,寶成,151,0,151,玉山-高雄,2024-07-09,8843
2324,仁寶,154,3,151,玉山-高雄,2024-07-09,8843
1815,富喬,146,6,140,玉山-高雄,2024-07-09,8843
3037,欣興,124,1,123,玉山-高雄,2024-07-09,8843
3481,群創,163,40,123,玉山-高雄,2024-07-09,8843
0056,元大高股息,137,24,113,玉山-高雄,2024-07-09,8843
00927,群益半導體收益,111,2,109,玉山-高雄,2024-07-09,8843
3062,建漢,121,20,101,玉山-高雄,2024-07-09,8843
3312,弘憶股,137,44,93,玉山-高雄,2024-07-09,8843
3050,鈺德,117,32,85,玉山-高雄,2024-07-09,8843
2330,台積電,90,13,77,玉山-高雄,2024-07-09,8843
00706L,期元大S＆P日圓正2,74,0,74,玉山-高雄,2024-07-09,8843
5328,華容,98,25,73,玉山-高雄,2024-07-09,8843
8076,伍豐,75,3,72,玉山-高雄,2024-07-09,8843
2317,鴻海,223,152,71,玉山-高雄,2024-07-09,8843
2353,宏��,116,46,70,玉山-高雄,2024-07-09,8843
4167,松瑞藥,86,20,66,玉山-高雄,2024-07-09,8843
4532,瑞智,77,11,66,玉山-高雄,2024-07-09,8843
6005,群益證,61,1,60,玉山-高雄,2024-07-09,8843
8096,擎亞,120,63,57,玉山-高雄,2024-07-09,8843
2323,中環,57,1,56,玉山-高雄,2024-07-09,8843
00665L,富邦�琤肭磪囓�2,58,3,55,玉山-高雄,2024-07-09,8843
2062,橋椿,55,0,55,玉山-高雄,2024-07-09,8843
3047,訊舟,270,215,55,玉山-高雄,2024-07-09,8843
2886,兆豐金,59,5,54,玉山-高雄,2024-07-09,8843
1316,上曜,57,4,53,玉山-高雄,2024-07-09,8843
2444,兆勁,51,0,51,玉山-高雄,2024-07-09,8843
2007,燁興,52,2,50,玉山-高雄,2024-07-09,8843
00878,國泰永續高股息,83,34,49,玉山-高雄,2024-07-09,8843
2618,長榮航,66,18,48,玉山-高雄,2024-07-09,8843
2449,京元電子,114,66,48,玉山-高雄,2024-07-09,8843
2002,中鋼,74,27,47,玉山-高雄,2024-07-09,8843
2897,王道銀行,45,0,45,玉山-高雄,2024-07-09,8843
2609,陽明,74,29,45,玉山-高雄,2024-07-09,8843
2610,華航,135,90,45,玉山-高雄,2024-07-09,8843
00905,FT臺灣Smart,43,0,43,玉山-高雄,2024-07-09,8843
3706,神達,61,18,43,玉山-高雄,2024-07-09,8843
2405,輔信,419,377,42,玉山-高雄,2024-07-09,8843
3437,榮創,42,1,41,玉山-高雄,2024-07-09,8843
2367,燿華,349,309,40,玉山-高雄,2024-07-09,8843
911868,同方友友-DR,40,0,40,玉山-高雄,2024-07-09,8843
8111,立��,64,24,40,玉山-高雄,2024-07-09,8843
00882,中信中國高股息,48,10,38,玉山-高雄,2024-07-09,8843
00650L,復華香港正2,37,0,37,玉山-高雄,2024-07-09,8843
2888,新光金,1561,840,721,玉山-高雄,2024-07-10,8843
00680L,元大美債20正2,443,1,442,玉山-高雄,2024-07-10,8843
00929,復華台灣科技優息,525,263,262,玉山-高雄,2024-07-10,8843
9904,寶成,200,0,200,玉山-高雄,2024-07-10,8843
1907,永豐餘,166,4,162,玉山-高雄,2024-07-10,8843
2867,三商壽,569,408,161,玉山-高雄,2024-07-10,8843
00934,中信成長高股息,160,2,158,玉山-高雄,2024-07-10,8843
00933B,國泰10Y+金融債,172,22,150,玉山-高雄,2024-07-10,8843
2891,中信金,174,36,138,玉山-高雄,2024-07-10,8843
00882,中信中國高股息,135,13,122,玉山-高雄,2024-07-10,8843
2834,臺企銀,122,7,115,玉山-高雄,2024-07-10,8843
5876,上海商銀,140,27,113,玉山-高雄,2024-07-10,8843
2353,宏��,326,216,110,玉山-高雄,2024-07-10,8843
2367,燿華,162,72,90,玉山-高雄,2024-07-10,8843
3231,緯創,110,24,86,玉山-高雄,2024-07-10,8843
00632R,元大台灣50反1,79,6,73,玉山-高雄,2024-07-10,8843
00927,群益半導體收益,80,8,72,玉山-高雄,2024-07-10,8843
3033,威健,87,16,71,玉山-高雄,2024-07-10,8843
2317,鴻海,112,42,70,玉山-高雄,2024-07-10,8843
3037,欣興,73,4,69,玉山-高雄,2024-07-10,8843
5356,協益,64,0,64,玉山-高雄,2024-07-10,8843
00665L,富邦�琤肭磪囓�2,80,20,60,玉山-高雄,2024-07-10,8843
3060,銘異,53,2,51,玉山-高雄,2024-07-10,8843
3325,旭品,50,0,50,玉山-高雄,2024-07-10,8843
8076,伍豐,50,0,50,玉山-高雄,2024-07-10,8843
3073,天方能源,49,0,49,玉山-高雄,2024-07-10,8843
2905,三商,51,2,49,玉山-高雄,2024-07-10,8843
9105,泰金寶-DR,94,47,47,玉山-高雄,2024-07-10,8843
4904,遠傳,47,0,47,玉山-高雄,2024-07-10,8843
2618,長榮航,52,7,45,玉山-高雄,2024-07-10,8843
00936,台新永續高息中小,50,5,45,玉山-高雄,2024-07-10,8843
3303,岱稜,75,31,44,玉山-高雄,2024-07-10,8843
5371,中光電,45,2,43,玉山-高雄,2024-07-10,8843
8936,國統,52,9,43,玉山-高雄,2024-07-10,8843
2352,佳世達,44,2,42,玉山-高雄,2024-07-10,8843
4960,誠美材,61,19,42,玉山-高雄,2024-07-10,8843
00937B,群益ESG投等債20,73,32,41,玉山-高雄,2024-07-10,8843
00878,國泰永續高股息,88,47,41,玉山-高雄,2024-07-10,8843
1795,美時,42,2,40,玉山-高雄,2024-07-10,8843
00687B,國泰20年美債,52,14,38,玉山-高雄,2024-07-10,8843
2515,中工,67,29,38,玉山-高雄,2024-07-10,8843
8021,尖點,40,2,38,玉山-高雄,2024-07-10,8843
5309,系統電,81,44,37,玉山-高雄,2024-07-10,8843
3149,正達,35,0,35,玉山-高雄,2024-07-10,8843
2886,兆豐金,95,60,35,玉山-高雄,2024-07-10,8843
6160,欣技,32,0,32,玉山-高雄,2024-07-10,8843
5347,世界,40,8,32,玉山-高雄,2024-07-10,8843
2303,聯電,46,16,30,玉山-高雄,2024-07-10,8843
4909,新復興,163,133,30,玉山-高雄,2024-07-10,8843
2412,中華電,31,1,30,玉山-高雄,2024-07-10,8843
2891,中信金,300,8,292,玉山-高雄,2024-07-11,8843
2867,三商壽,334,119,215,玉山-高雄,2024-07-11,8843
00648R,元大S＆P500反1,170,0,170,玉山-高雄,2024-07-11,8843
00937B,群益ESG投等債20,178,44,134,玉山-高雄,2024-07-11,8843
2886,兆豐金,217,94,123,玉山-高雄,2024-07-11,8843
1609,大亞,125,8,117,玉山-高雄,2024-07-11,8843
00687B,國泰20年美債,147,39,108,玉山-高雄,2024-07-11,8843
2489,瑞軒,182,77,105,玉山-高雄,2024-07-11,8843
911868,同方友友-DR,100,0,100,玉山-高雄,2024-07-11,8843
2888,新光金,463,373,90,玉山-高雄,2024-07-11,8843
6834,天二科技,93,6,87,玉山-高雄,2024-07-11,8843
00936,台新永續高息中小,90,4,86,玉山-高雄,2024-07-11,8843
1710,東聯,85,0,85,玉山-高雄,2024-07-11,8843
00946,群益科技高息成長,101,22,79,玉山-高雄,2024-07-11,8843
1101,台泥,99,25,74,玉山-高雄,2024-07-11,8843
00928,中信上櫃ESG30,75,11,64,玉山-高雄,2024-07-11,8843
3010,華立,64,1,63,玉山-高雄,2024-07-11,8843
00919,群益台灣精選高息,158,96,62,玉山-高雄,2024-07-11,8843
1312,國喬,72,11,61,玉山-高雄,2024-07-11,8843
6125,廣運,78,17,61,玉山-高雄,2024-07-11,8843
8926,台汽電,58,0,58,玉山-高雄,2024-07-11,8843
3060,銘異,60,3,57,玉山-高雄,2024-07-11,8843
2897,王道銀行,54,0,54,玉山-高雄,2024-07-11,8843
2618,長榮航,126,74,52,玉山-高雄,2024-07-11,8843
8076,伍豐,56,5,51,玉山-高雄,2024-07-11,8843
3303,岱稜,51,0,51,玉山-高雄,2024-07-11,8843
4128,中天,50,0,50,玉山-高雄,2024-07-11,8843
00679B,元大美債20年,70,21,49,玉山-高雄,2024-07-11,8843
00933B,國泰10Y+金融債,48,0,48,玉山-高雄,2024-07-11,8843
3710,連展投控,49,3,46,玉山-高雄,2024-07-11,8843
2464,盟立,117,71,46,玉山-高雄,2024-07-11,8843
0056,元大高股息,149,104,45,玉山-高雄,2024-07-11,8843
2303,聯電,65,22,43,玉山-高雄,2024-07-11,8843
00882,中信中國高股息,95,53,42,玉山-高雄,2024-07-11,8843
6443,元晶,59,18,41,玉山-高雄,2024-07-11,8843
00770,國泰北美科技,40,0,40,玉山-高雄,2024-07-11,8843
00725B,國泰投資級公司債,38,0,38,玉山-高雄,2024-07-11,8843
6190,萬泰科,47,9,38,玉山-高雄,2024-07-11,8843
00945B,凱基美國非投等債,38,0,38,玉山-高雄,2024-07-11,8843
2392,正崴,110,73,37,玉山-高雄,2024-07-11,8843
2405,輔信,56,19,37,玉山-高雄,2024-07-11,8843
3062,建漢,64,27,37,玉山-高雄,2024-07-11,8843
2543,皇昌,41,8,33,玉山-高雄,2024-07-11,8843
1303,南亞,41,8,33,玉山-高雄,2024-07-11,8843
00715L,期街口布蘭特正2,51,20,31,玉山-高雄,2024-07-11,8843
6026,福邦證,31,0,31,玉山-高雄,2024-07-11,8843
1314,中石化,40,10,30,玉山-高雄,2024-07-11,8843
2007,燁興,30,0,30,玉山-高雄,2024-07-11,8843
2615,萬海,50,20,30,玉山-高雄,2024-07-11,8843
5443,均豪,44,15,29,玉山-高雄,2024-07-11,8843
00929,復華台灣科技優息,1089,82,1007,玉山-高雄,2024-07-12,8843
6005,群益證,624,0,624,玉山-高雄,2024-07-12,8843
2317,鴻海,565,92,473,玉山-高雄,2024-07-12,8843
1540,喬福,386,13,373,玉山-高雄,2024-07-12,8843
00919,群益台灣精選高息,407,87,320,玉山-高雄,2024-07-12,8843
2312,金寶,557,282,275,玉山-高雄,2024-07-12,8843
00927,群益半導體收益,184,0,184,玉山-高雄,2024-07-12,8843
2891,中信金,250,80,170,玉山-高雄,2024-07-12,8843
2303,聯電,171,25,146,玉山-高雄,2024-07-12,8843
00949,復華日本龍頭,144,0,144,玉山-高雄,2024-07-12,8843
00706L,期元大S＆P日圓正2,170,30,140,玉山-高雄,2024-07-12,8843
2883,凱基金,180,46,134,玉山-高雄,2024-07-12,8843
2330,台積電,146,29,117,玉山-高雄,2024-07-12,8843
00946,群益科技高息成長,119,12,107,玉山-高雄,2024-07-12,8843
9105,泰金寶-DR,128,25,103,玉山-高雄,2024-07-12,8843
5371,中光電,114,16,98,玉山-高雄,2024-07-12,8843
3711,日月光投控,127,31,96,玉山-高雄,2024-07-12,8843
00881,國泰台灣5G+,95,5,90,玉山-高雄,2024-07-12,8843
2344,華邦電,113,27,86,玉山-高雄,2024-07-12,8843
00922,國泰台灣領袖50,86,1,85,玉山-高雄,2024-07-12,8843
6151,晉倫,95,14,81,玉山-高雄,2024-07-12,8843
00937B,群益ESG投等債20,225,146,79,玉山-高雄,2024-07-12,8843
0056,元大高股息,116,41,75,玉山-高雄,2024-07-12,8843
2867,三商壽,447,374,73,玉山-高雄,2024-07-12,8843
1609,大亞,220,154,66,玉山-高雄,2024-07-12,8843
00715L,期街口布蘭特正2,65,0,65,玉山-高雄,2024-07-12,8843
00679B,元大美債20年,195,131,64,玉山-高雄,2024-07-12,8843
00795B,中信美國公債20年,64,1,63,玉山-高雄,2024-07-12,8843
00935,野村臺灣新科技50,70,19,51,玉山-高雄,2024-07-12,8843
00923,群益台ESG低碳50,52,2,50,玉山-高雄,2024-07-12,8843
00752,中信中國50,50,0,50,玉山-高雄,2024-07-12,8843
00772B,中信高評級公司債,51,2,49,玉山-高雄,2024-07-12,8843
1304,台聚,61,14,47,玉山-高雄,2024-07-12,8843
2610,華航,60,14,46,玉山-高雄,2024-07-12,8843
6152,百一,45,0,45,玉山-高雄,2024-07-12,8843
2353,宏��,89,44,45,玉山-高雄,2024-07-12,8843
3712,永崴投控,80,39,41,玉山-高雄,2024-07-12,8843
2354,鴻準,63,22,41,玉山-高雄,2024-07-12,8843
00878,國泰永續高股息,100,60,40,玉山-高雄,2024-07-12,8843
3050,鈺德,115,75,40,玉山-高雄,2024-07-12,8843
00688L,國泰20年美債正2,63,25,38,玉山-高雄,2024-07-12,8843
3312,弘憶股,58,22,36,玉山-高雄,2024-07-12,8843
00905,FT臺灣Smart,49,13,36,玉山-高雄,2024-07-12,8843
00757,統一FANG+,38,3,35,玉山-高雄,2024-07-12,8843
2495,普安,36,2,34,玉山-高雄,2024-07-12,8843
1303,南亞,51,18,33,玉山-高雄,2024-07-12,8843
8076,伍豐,34,3,31,玉山-高雄,2024-07-12,8843
2009,第一銅,46,15,31,玉山-高雄,2024-07-12,8843
3607,谷崧,35,5,30,玉山-高雄,2024-07-12,8843
2618,長榮航,37,9,28,玉山-高雄,2024-07-12,8843
00934,中信成長高股息,470,3,467,玉山-高雄,2024-07-15,8843
00929,復華台灣科技優息,402,86,316,玉山-高雄,2024-07-15,8843
2409,友達,318,34,284,玉山-高雄,2024-07-15,8843
00753L,中信中國50正2,289,5,284,玉山-高雄,2024-07-15,8843
0056,元大高股息,284,12,272,玉山-高雄,2024-07-15,8843
00665L,富邦�琤肭磪囓�2,257,0,257,玉山-高雄,2024-07-15,8843
2324,仁寶,245,2,243,玉山-高雄,2024-07-15,8843
00650L,復華香港正2,238,0,238,玉山-高雄,2024-07-15,8843
00632R,元大台灣50反1,256,25,231,玉山-高雄,2024-07-15,8843
00720B,元大投資級公司債,189,9,180,玉山-高雄,2024-07-15,8843
00680L,元大美債20正2,187,7,180,玉山-高雄,2024-07-15,8843
00688L,國泰20年美債正2,160,0,160,玉山-高雄,2024-07-15,8843
5356,協益,155,1,154,玉山-高雄,2024-07-15,8843
6005,群益證,146,8,138,玉山-高雄,2024-07-15,8843
00937B,群益ESG投等債20,236,103,133,玉山-高雄,2024-07-15,8843
9105,泰金寶-DR,201,72,129,玉山-高雄,2024-07-15,8843
1727,中華化,128,10,118,玉山-高雄,2024-07-15,8843
1314,中石化,158,45,113,玉山-高雄,2024-07-15,8843
2312,金寶,285,173,112,玉山-高雄,2024-07-15,8843
6151,晉倫,126,14,112,玉山-高雄,2024-07-15,8843
2356,英業達,242,139,103,玉山-高雄,2024-07-15,8843
00882,中信中國高股息,105,2,103,玉山-高雄,2024-07-15,8843
00687B,國泰20年美債,158,57,101,玉山-高雄,2024-07-15,8843
1815,富喬,152,56,96,玉山-高雄,2024-07-15,8843
1785,光洋科,103,18,85,玉山-高雄,2024-07-15,8843
1907,永豐餘,85,0,85,玉山-高雄,2024-07-15,8843
00936,台新永續高息中小,94,15,79,玉山-高雄,2024-07-15,8843
00878,國泰永續高股息,103,26,77,玉山-高雄,2024-07-15,8843
2610,華航,85,10,75,玉山-高雄,2024-07-15,8843
1608,華榮,279,204,75,玉山-高雄,2024-07-15,8843
00679B,元大美債20年,135,63,72,玉山-高雄,2024-07-15,8843
00795B,中信美國公債20年,66,0,66,玉山-高雄,2024-07-15,8843
5328,華容,111,47,64,玉山-高雄,2024-07-15,8843
00918,大華優利高填息30,67,7,60,玉山-高雄,2024-07-15,8843
8277,商丞,55,0,55,玉山-高雄,2024-07-15,8843
3481,群創,115,64,51,玉山-高雄,2024-07-15,8843
2618,長榮航,144,95,49,玉山-高雄,2024-07-15,8843
8011,台通,53,5,48,玉山-高雄,2024-07-15,8843
9955,佳龍,66,18,48,玉山-高雄,2024-07-15,8843
8076,伍豐,64,16,48,玉山-高雄,2024-07-15,8843
00673R,期元大S＆P原油反1,50,3,47,玉山-高雄,2024-07-15,8843
1308,亞聚,50,3,47,玉山-高雄,2024-07-15,8843
6443,元晶,46,0,46,玉山-高雄,2024-07-15,8843
2108,南帝,46,1,45,玉山-高雄,2024-07-15,8843
2885,元大金,44,0,44,玉山-高雄,2024-07-15,8843
00947,台新臺灣IC設計,43,0,43,玉山-高雄,2024-07-15,8843
00945B,凱基美國非投等債,51,8,43,玉山-高雄,2024-07-15,8843
1529,樂事綠能,49,7,42,玉山-高雄,2024-07-15,8843
2891,中信金,227,186,41,玉山-高雄,2024-07-15,8843
2337,旺宏,42,2,40,玉山-高雄,2024-07-15,8843
6005,群益證,1061,50,1011,玉山-高雄,2024-07-16,8843
00937B,群益ESG投等債20,697,58,639,玉山-高雄,2024-07-16,8843
00665L,富邦�琤肭磪囓�2,612,0,612,玉山-高雄,2024-07-16,8843
00632R,元大台灣50反1,312,13,299,玉山-高雄,2024-07-16,8843
00934,中信成長高股息,290,12,278,玉山-高雄,2024-07-16,8843
0056,元大高股息,226,11,215,玉山-高雄,2024-07-16,8843
2356,英業達,221,19,202,玉山-高雄,2024-07-16,8843
00919,群益台灣精選高息,218,32,186,玉山-高雄,2024-07-16,8843
00753L,中信中國50正2,200,30,170,玉山-高雄,2024-07-16,8843
00949,復華日本龍頭,154,0,154,玉山-高雄,2024-07-16,8843
00929,復華台灣科技優息,341,197,144,玉山-高雄,2024-07-16,8843
5356,協益,143,0,143,玉山-高雄,2024-07-16,8843
00905,FT臺灣Smart,137,2,135,玉山-高雄,2024-07-16,8843
00882,中信中國高股息,152,17,135,玉山-高雄,2024-07-16,8843
5443,均豪,131,18,113,玉山-高雄,2024-07-16,8843
00878,國泰永續高股息,120,9,111,玉山-高雄,2024-07-16,8843
1785,光洋科,157,52,105,玉山-高雄,2024-07-16,8843
6492,生華科,89,1,88,玉山-高雄,2024-07-16,8843
00650L,復華香港正2,85,0,85,玉山-高雄,2024-07-16,8843
2421,建準,87,2,85,玉山-高雄,2024-07-16,8843
00933B,國泰10Y+金融債,85,5,80,玉山-高雄,2024-07-16,8843
2897,王道銀行,78,1,77,玉山-高雄,2024-07-16,8843
2891,中信金,112,38,74,玉山-高雄,2024-07-16,8843
2610,華航,71,1,70,玉山-高雄,2024-07-16,8843
00946,群益科技高息成長,71,2,69,玉山-高雄,2024-07-16,8843
6151,晉倫,84,18,66,玉山-高雄,2024-07-16,8843
00706L,期元大S＆P日圓正2,66,0,66,玉山-高雄,2024-07-16,8843
2471,資通,65,0,65,玉山-高雄,2024-07-16,8843
00687B,國泰20年美債,127,63,64,玉山-高雄,2024-07-16,8843
4526,東台,78,15,63,玉山-高雄,2024-07-16,8843
2524,京城,72,15,57,玉山-高雄,2024-07-16,8843
2376,技嘉,59,6,53,玉山-高雄,2024-07-16,8843
4109,加捷生醫,59,13,46,玉山-高雄,2024-07-16,8843
3481,群創,82,36,46,玉山-高雄,2024-07-16,8843
2108,南帝,45,0,45,玉山-高雄,2024-07-16,8843
00927,群益半導體收益,44,0,44,玉山-高雄,2024-07-16,8843
2609,陽明,69,27,42,玉山-高雄,2024-07-16,8843
9105,泰金寶-DR,89,47,42,玉山-高雄,2024-07-16,8843
3078,僑威,40,0,40,玉山-高雄,2024-07-16,8843
3576,聯合再生,41,1,40,玉山-高雄,2024-07-16,8843
2002,中鋼,49,12,37,玉山-高雄,2024-07-16,8843
2303,聯電,45,8,37,玉山-高雄,2024-07-16,8843
1514,亞力,44,8,36,玉山-高雄,2024-07-16,8843
2515,中工,52,17,35,玉山-高雄,2024-07-16,8843
4720,德淵,34,0,34,玉山-高雄,2024-07-16,8843
1519,華城,51,19,32,玉山-高雄,2024-07-16,8843
2905,三商,35,3,32,玉山-高雄,2024-07-16,8843
1102,亞泥,32,1,31,玉山-高雄,2024-07-16,8843
2007,燁興,31,0,31,玉山-高雄,2024-07-16,8843
1513,中興電,57,27,30,玉山-高雄,2024-07-16,8843
00937B,群益ESG投等債20,489,16,473,玉山-高雄,2024-07-17,8843
6492,生華科,422,13,409,玉山-高雄,2024-07-17,8843
3231,緯創,415,11,404,玉山-高雄,2024-07-17,8843
00929,復華台灣科技優息,857,464,393,玉山-高雄,2024-07-17,8843
00679B,元大美債20年,200,18,182,玉山-高雄,2024-07-17,8843
00934,中信成長高股息,167,4,163,玉山-高雄,2024-07-17,8843
00948B,中信優息投資級債,151,2,149,玉山-高雄,2024-07-17,8843
2330,台積電,153,16,137,玉山-高雄,2024-07-17,8843
2382,廣達,145,15,130,玉山-高雄,2024-07-17,8843
00680L,元大美債20正2,240,133,107,玉山-高雄,2024-07-17,8843
00950B,凱基A級公司債,101,0,101,玉山-高雄,2024-07-17,8843
2492,華新科,104,6,98,玉山-高雄,2024-07-17,8843
2538,基泰,135,37,98,玉山-高雄,2024-07-17,8843
00878,國泰永續高股息,139,42,97,玉山-高雄,2024-07-17,8843
00946,群益科技高息成長,96,0,96,玉山-高雄,2024-07-17,8843
0056,元大高股息,177,83,94,玉山-高雄,2024-07-17,8843
00927,群益半導體收益,100,10,90,玉山-高雄,2024-07-17,8843
00905,FT臺灣Smart,103,15,88,玉山-高雄,2024-07-17,8843
2301,光寶科,120,36,84,玉山-高雄,2024-07-17,8843
2009,第一銅,82,1,81,玉山-高雄,2024-07-17,8843
3035,智原,106,27,79,玉山-高雄,2024-07-17,8843
1785,光洋科,91,15,76,玉山-高雄,2024-07-17,8843
2537,聯上發,202,131,71,玉山-高雄,2024-07-17,8843
2501,國建,85,16,69,玉山-高雄,2024-07-17,8843
2543,皇昌,95,28,67,玉山-高雄,2024-07-17,8843
2891,中信金,68,6,62,玉山-高雄,2024-07-17,8843
2317,鴻海,136,78,58,玉山-高雄,2024-07-17,8843
1409,新纖,80,24,56,玉山-高雄,2024-07-17,8843
2881,富邦金,76,20,56,玉山-高雄,2024-07-17,8843
4906,正文,254,199,55,玉山-高雄,2024-07-17,8843
6770,力積電,151,99,52,玉山-高雄,2024-07-17,8843
5488,松普,50,1,49,玉山-高雄,2024-07-17,8843
2323,中環,62,15,47,玉山-高雄,2024-07-17,8843
00935,野村臺灣新科技50,50,4,46,玉山-高雄,2024-07-17,8843
5876,上海商銀,46,1,45,玉山-高雄,2024-07-17,8843
5356,協益,55,11,44,玉山-高雄,2024-07-17,8843
00919,群益台灣精選高息,210,166,44,玉山-高雄,2024-07-17,8843
00940,元大台灣價值高息,112,68,44,玉山-高雄,2024-07-17,8843
3050,鈺德,54,13,41,玉山-高雄,2024-07-17,8843
3303,岱稜,41,0,41,玉山-高雄,2024-07-17,8843
00918,大華優利高填息30,54,14,40,玉山-高雄,2024-07-17,8843
00713,元大台灣高息低波,38,0,38,玉山-高雄,2024-07-17,8843
006208,富邦台50,39,1,38,玉山-高雄,2024-07-17,8843
00882,中信中國高股息,46,8,38,玉山-高雄,2024-07-17,8843
3056,富華新,57,19,38,玉山-高雄,2024-07-17,8843
2356,英業達,242,206,36,玉山-高雄,2024-07-17,8843
3686,達能,37,1,36,玉山-高雄,2024-07-17,8843
1303,南亞,60,26,34,玉山-高雄,2024-07-17,8843
00881,國泰台灣5G+,41,7,34,玉山-高雄,2024-07-17,8843
2428,興勤,32,0,32,玉山-高雄,2024-07-17,8843
00929,復華台灣科技優息,742,159,583,玉山-高雄,2024-07-18,8843
00937B,群益ESG投等債20,387,60,327,玉山-高雄,2024-07-18,8843
2542,興富發,294,38,256,玉山-高雄,2024-07-18,8843
00878,國泰永續高股息,351,109,242,玉山-高雄,2024-07-18,8843
2356,英業達,256,20,236,玉山-高雄,2024-07-18,8843
00927,群益半導體收益,181,1,180,玉山-高雄,2024-07-18,8843
00885,富邦越南,160,0,160,玉山-高雄,2024-07-18,8843
8105,凌巨,231,72,159,玉山-高雄,2024-07-18,8843
00706L,期元大S＆P日圓正2,156,12,144,玉山-高雄,2024-07-18,8843
00934,中信成長高股息,191,62,129,玉山-高雄,2024-07-18,8843
1815,富喬,145,22,123,玉山-高雄,2024-07-18,8843
00946,群益科技高息成長,129,11,118,玉山-高雄,2024-07-18,8843
2867,三商壽,149,44,105,玉山-高雄,2024-07-18,8843
0056,元大高股息,156,54,102,玉山-高雄,2024-07-18,8843
2330,台積電,131,35,96,玉山-高雄,2024-07-18,8843
00936,台新永續高息中小,120,38,82,玉山-高雄,2024-07-18,8843
00919,群益台灣精選高息,576,495,81,玉山-高雄,2024-07-18,8843
6770,力積電,142,77,65,玉山-高雄,2024-07-18,8843
00933B,國泰10Y+金融債,138,82,56,玉山-高雄,2024-07-18,8843
2365,昆盈,275,220,55,玉山-高雄,2024-07-18,8843
2382,廣達,98,44,54,玉山-高雄,2024-07-18,8843
2489,瑞軒,126,74,52,玉山-高雄,2024-07-18,8843
2891,中信金,76,24,52,玉山-高雄,2024-07-18,8843
00881,國泰台灣5G+,64,12,52,玉山-高雄,2024-07-18,8843
2313,華通,60,13,47,玉山-高雄,2024-07-18,8843
2461,光群雷,60,13,47,玉山-高雄,2024-07-18,8843
1611,中電,62,16,46,玉山-高雄,2024-07-18,8843
2303,聯電,91,45,46,玉山-高雄,2024-07-18,8843
2323,中環,46,1,45,玉山-高雄,2024-07-18,8843
2406,國碩,44,1,43,玉山-高雄,2024-07-18,8843
2385,群光,43,1,42,玉山-高雄,2024-07-18,8843
2610,華航,52,10,42,玉山-高雄,2024-07-18,8843
2537,聯上發,78,36,42,玉山-高雄,2024-07-18,8843
2617,台航,39,0,39,玉山-高雄,2024-07-18,8843
2352,佳世達,53,14,39,玉山-高雄,2024-07-18,8843
00877,復華中國5G,45,7,38,玉山-高雄,2024-07-18,8843
6125,廣運,71,33,38,玉山-高雄,2024-07-18,8843
00679B,元大美債20年,80,43,37,玉山-高雄,2024-07-18,8843
00892,富邦台灣半導體,37,0,37,玉山-高雄,2024-07-18,8843
6151,晉倫,37,0,37,玉山-高雄,2024-07-18,8843
2317,鴻海,205,170,35,玉山-高雄,2024-07-18,8843
006208,富邦台50,38,3,35,玉山-高雄,2024-07-18,8843
6163,華電網,41,6,35,玉山-高雄,2024-07-18,8843
3711,日月光投控,42,8,34,玉山-高雄,2024-07-18,8843
5512,力麒,58,24,34,玉山-高雄,2024-07-18,8843
4743,合一,46,12,34,玉山-高雄,2024-07-18,8843
5356,協益,34,0,34,玉山-高雄,2024-07-18,8843
00935,野村臺灣新科技50,41,8,33,玉山-高雄,2024-07-18,8843
00680L,元大美債20正2,124,92,32,玉山-高雄,2024-07-18,8843
2609,陽明,93,62,31,玉山-高雄,2024-07-18,8843
00665L,富邦�琤肭磪囓�2,686,10,676,玉山-高雄,2024-07-19,8843
00929,復華台灣科技優息,721,107,614,玉山-高雄,2024-07-19,8843
00919,群益台灣精選高息,612,38,574,玉山-高雄,2024-07-19,8843
00632R,元大台灣50反1,771,398,373,玉山-高雄,2024-07-19,8843
6005,群益證,250,2,248,玉山-高雄,2024-07-19,8843
00940,元大台灣價值高息,358,138,220,玉山-高雄,2024-07-19,8843
00878,國泰永續高股息,291,114,177,玉山-高雄,2024-07-19,8843
2330,台積電,202,26,176,玉山-高雄,2024-07-19,8843
4903,聯光通,179,11,168,玉山-高雄,2024-07-19,8843
00934,中信成長高股息,169,11,158,玉山-高雄,2024-07-19,8843
2867,三商壽,181,28,153,玉山-高雄,2024-07-19,8843
2891,中信金,224,89,135,玉山-高雄,2024-07-19,8843
00936,台新永續高息中小,147,17,130,玉山-高雄,2024-07-19,8843
00650L,復華香港正2,106,1,105,玉山-高雄,2024-07-19,8843
00946,群益科技高息成長,118,15,103,玉山-高雄,2024-07-19,8843
00933B,國泰10Y+金融債,117,17,100,玉山-高雄,2024-07-19,8843
8936,國統,172,72,100,玉山-高雄,2024-07-19,8843
2888,新光金,221,122,99,玉山-高雄,2024-07-19,8843
1314,中石化,103,11,92,玉山-高雄,2024-07-19,8843
1540,喬福,115,29,86,玉山-高雄,2024-07-19,8843
2618,長榮航,96,11,85,玉山-高雄,2024-07-19,8843
2641,正德,84,4,80,玉山-高雄,2024-07-19,8843
00713,元大台灣高息低波,79,2,77,玉山-高雄,2024-07-19,8843
9105,泰金寶-DR,185,109,76,玉山-高雄,2024-07-19,8843
2834,臺企銀,85,10,75,玉山-高雄,2024-07-19,8843
2337,旺宏,77,2,75,玉山-高雄,2024-07-19,8843
6770,力積電,141,67,74,玉山-高雄,2024-07-19,8843
2108,南帝,70,0,70,玉山-高雄,2024-07-19,8843
00947,台新臺灣IC設計,70,0,70,玉山-高雄,2024-07-19,8843
1709,和益,141,72,69,玉山-高雄,2024-07-19,8843
00937B,群益ESG投等債20,453,386,67,玉山-高雄,2024-07-19,8843
00918,大華優利高填息30,69,2,67,玉山-高雄,2024-07-19,8843
2324,仁寶,106,42,64,玉山-高雄,2024-07-19,8843
2881,富邦金,70,9,61,玉山-高雄,2024-07-19,8843
00905,FT臺灣Smart,71,10,61,玉山-高雄,2024-07-19,8843
2542,興富發,138,78,60,玉山-高雄,2024-07-19,8843
3231,緯創,369,313,56,玉山-高雄,2024-07-19,8843
00927,群益半導體收益,67,14,53,玉山-高雄,2024-07-19,8843
6116,彩晶,49,0,49,玉山-高雄,2024-07-19,8843
00881,國泰台灣5G+,55,7,48,玉山-高雄,2024-07-19,8843
2365,昆盈,193,146,47,玉山-高雄,2024-07-19,8843
2897,王道銀行,47,0,47,玉山-高雄,2024-07-19,8843
00892,富邦台灣半導體,46,0,46,玉山-高雄,2024-07-19,8843
1727,中華化,44,0,44,玉山-高雄,2024-07-19,8843
2371,大同,89,46,43,玉山-高雄,2024-07-19,8843
1722,台肥,41,1,40,玉山-高雄,2024-07-19,8843
3714,富采,42,3,39,玉山-高雄,2024-07-19,8843
6492,生華科,58,19,39,玉山-高雄,2024-07-19,8843
2601,益航,41,2,39,玉山-高雄,2024-07-19,8843
3221,台嘉碩,43,4,39,玉山-高雄,2024-07-19,8843
00929,復華台灣科技優息,1347,575,772,玉山-高雄,2024-07-22,8843
00940,元大台灣價值高息,751,137,614,玉山-高雄,2024-07-22,8843
00919,群益台灣精選高息,720,268,452,玉山-高雄,2024-07-22,8843
3481,群創,567,190,377,玉山-高雄,2024-07-22,8843
00937B,群益ESG投等債20,323,57,266,玉山-高雄,2024-07-22,8843
9904,寶成,232,31,201,玉山-高雄,2024-07-22,8843
5356,協益,185,0,185,玉山-高雄,2024-07-22,8843
5512,力麒,303,143,160,玉山-高雄,2024-07-22,8843
0056,元大高股息,235,87,148,玉山-高雄,2024-07-22,8843
00939,統一台灣高息動能,155,13,142,玉山-高雄,2024-07-22,8843
2356,英業達,159,32,127,玉山-高雄,2024-07-22,8843
00949,復華日本龍頭,122,3,119,玉山-高雄,2024-07-22,8843
1802,台玻,118,1,117,玉山-高雄,2024-07-22,8843
9945,潤泰新,121,11,110,玉山-高雄,2024-07-22,8843
2883,凱基金,277,174,103,玉山-高雄,2024-07-22,8843
00878,國泰永續高股息,315,213,102,玉山-高雄,2024-07-22,8843
2303,聯電,115,28,87,玉山-高雄,2024-07-22,8843
2884,玉山金,256,170,86,玉山-高雄,2024-07-22,8843
3303,岱稜,78,0,78,玉山-高雄,2024-07-22,8843
2330,台積電,118,40,78,玉山-高雄,2024-07-22,8843
00881,國泰台灣5G+,85,14,71,玉山-高雄,2024-07-22,8843
00927,群益半導體收益,70,0,70,玉山-高雄,2024-07-22,8843
00680L,元大美債20正2,141,73,68,玉山-高雄,2024-07-22,8843
4123,晟德,92,30,62,玉山-高雄,2024-07-22,8843
1722,台肥,61,0,61,玉山-高雄,2024-07-22,8843
00918,大華優利高填息30,113,55,58,玉山-高雄,2024-07-22,8843
5443,均豪,106,50,56,玉山-高雄,2024-07-22,8843
00712,復華富時不動產,91,37,54,玉山-高雄,2024-07-22,8843
5905,南仁湖,62,8,54,玉山-高雄,2024-07-22,8843
2461,光群雷,54,0,54,玉山-高雄,2024-07-22,8843
3689,湧德,58,6,52,玉山-高雄,2024-07-22,8843
2867,三商壽,170,118,52,玉山-高雄,2024-07-22,8843
00675L,富邦臺灣加權正2,48,0,48,玉山-高雄,2024-07-22,8843
00688L,國泰20年美債正2,88,40,48,玉山-高雄,2024-07-22,8843
00715L,期街口布蘭特正2,46,0,46,玉山-高雄,2024-07-22,8843
2371,大同,111,65,46,玉山-高雄,2024-07-22,8843
8150,南茂,47,3,44,玉山-高雄,2024-07-22,8843
6116,彩晶,86,43,43,玉山-高雄,2024-07-22,8843
00687B,國泰20年美債,69,26,43,玉山-高雄,2024-07-22,8843
2323,中環,58,15,43,玉山-高雄,2024-07-22,8843
3034,聯詠,48,6,42,玉山-高雄,2024-07-22,8843
2317,鴻海,240,198,42,玉山-高雄,2024-07-22,8843
2108,南帝,41,1,40,玉山-高雄,2024-07-22,8843
2419,仲琦,51,11,40,玉山-高雄,2024-07-22,8843
2105,正新,40,1,39,玉山-高雄,2024-07-22,8843
6505,台塑化,41,2,39,玉山-高雄,2024-07-22,8843
2618,長榮航,154,117,37,玉山-高雄,2024-07-22,8843
006208,富邦台50,40,5,35,玉山-高雄,2024-07-22,8843
2014,中鴻,34,0,34,玉山-高雄,2024-07-22,8843
2344,華邦電,57,24,33,玉山-高雄,2024-07-22,8843
00929,復華台灣科技優息,564,64,500,玉山-高雄,2024-07-23,8843
2888,新光金,442,56,386,玉山-高雄,2024-07-23,8843
3481,群創,559,356,203,玉山-高雄,2024-07-23,8843
2610,華航,255,55,200,玉山-高雄,2024-07-23,8843
00946,群益科技高息成長,204,11,193,玉山-高雄,2024-07-23,8843
00934,中信成長高股息,181,0,181,玉山-高雄,2024-07-23,8843
00937B,群益ESG投等債20,309,131,178,玉山-高雄,2024-07-23,8843
2641,正德,173,2,171,玉山-高雄,2024-07-23,8843
00940,元大台灣價值高息,190,23,167,玉山-高雄,2024-07-23,8843
00933B,國泰10Y+金融債,130,1,129,玉山-高雄,2024-07-23,8843
2408,南亞科,113,0,113,玉山-高雄,2024-07-23,8843
2603,長榮,133,26,107,玉山-高雄,2024-07-23,8843
5512,力麒,122,17,105,玉山-高雄,2024-07-23,8843
00919,群益台灣精選高息,174,84,90,玉山-高雄,2024-07-23,8843
2891,中信金,95,13,82,玉山-高雄,2024-07-23,8843
2884,玉山金,332,253,79,玉山-高雄,2024-07-23,8843
0056,元大高股息,92,13,79,玉山-高雄,2024-07-23,8843
00680L,元大美債20正2,79,5,74,玉山-高雄,2024-07-23,8843
2867,三商壽,161,88,73,玉山-高雄,2024-07-23,8843
3231,緯創,190,118,72,玉山-高雄,2024-07-23,8843
00892,富邦台灣半導體,77,7,70,玉山-高雄,2024-07-23,8843
00878,國泰永續高股息,140,69,71,玉山-高雄,2024-07-23,8843
9904,寶成,112,51,61,玉山-高雄,2024-07-23,8843
6116,彩晶,61,0,61,玉山-高雄,2024-07-23,8843
1727,中華化,62,1,61,玉山-高雄,2024-07-23,8843
2609,陽明,88,29,59,玉山-高雄,2024-07-23,8843
00687B,國泰20年美債,61,3,58,玉山-高雄,2024-07-23,8843
2812,台中銀,61,3,58,玉山-高雄,2024-07-23,8843
4128,中天,80,22,58,玉山-高雄,2024-07-23,8843
2409,友達,127,71,56,玉山-高雄,2024-07-23,8843
2883,凱基金,133,78,55,玉山-高雄,2024-07-23,8843
8064,東捷,92,37,55,玉山-高雄,2024-07-23,8843
9907,統一實,52,0,52,玉山-高雄,2024-07-23,8843
00679B,元大美債20年,452,407,45,玉山-高雄,2024-07-23,8843
00688L,國泰20年美債正2,45,0,45,玉山-高雄,2024-07-23,8843
00830,國泰費城半導體,49,5,44,玉山-高雄,2024-07-23,8843
1314,中石化,92,52,40,玉山-高雄,2024-07-23,8843
1402,遠東新,40,1,39,玉山-高雄,2024-07-23,8843
2312,金寶,63,25,38,玉山-高雄,2024-07-23,8843
2464,盟立,70,33,37,玉山-高雄,2024-07-23,8843
2371,大同,51,16,35,玉山-高雄,2024-07-23,8843
00948B,中信優息投資級債,34,0,34,玉山-高雄,2024-07-23,8843
4551,智伸科,31,0,31,玉山-高雄,2024-07-23,8843
00881,國泰台灣5G+,49,18,31,玉山-高雄,2024-07-23,8843
1609,大亞,46,17,29,玉山-高雄,2024-07-23,8843
6152,百一,31,2,29,玉山-高雄,2024-07-23,8843
4726,永昕,52,24,28,玉山-高雄,2024-07-23,8843
2356,英業達,35,8,27,玉山-高雄,2024-07-23,8843
00939,統一台灣高息動能,37,10,27,玉山-高雄,2024-07-23,8843
4909,新復興,32,6,26,玉山-高雄,2024-07-23,8843
00929,復華台灣科技優息,793,159,634,玉山-高雄,2024-07-26,8843
00878,國泰永續高股息,427,28,399,玉山-高雄,2024-07-26,8843
2884,玉山金,484,162,322,玉山-高雄,2024-07-26,8843
00919,群益台灣精選高息,336,29,307,玉山-高雄,2024-07-26,8843
00940,元大台灣價值高息,329,43,286,玉山-高雄,2024-07-26,8843
2371,大同,268,8,260,玉山-高雄,2024-07-26,8843
00637L,元大滬深300正2,206,3,203,玉山-高雄,2024-07-26,8843
00946,群益科技高息成長,165,8,157,玉山-高雄,2024-07-26,8843
00753L,中信中國50正2,190,38,152,玉山-高雄,2024-07-26,8843
2330,台積電,172,33,139,玉山-高雄,2024-07-26,8843
0056,元大高股息,213,80,133,玉山-高雄,2024-07-26,8843
00680L,元大美債20正2,322,199,123,玉山-高雄,2024-07-26,8843
2002,中鋼,133,19,114,玉山-高雄,2024-07-26,8843
3711,日月光投控,114,1,113,玉山-高雄,2024-07-26,8843
2408,南亞科,122,12,110,玉山-高雄,2024-07-26,8843
2303,聯電,168,59,109,玉山-高雄,2024-07-26,8843
8926,台汽電,120,16,104,玉山-高雄,2024-07-26,8843
2317,鴻海,155,54,101,玉山-高雄,2024-07-26,8843
2323,中環,96,2,94,玉山-高雄,2024-07-26,8843
00712,復華富時不動產,108,15,93,玉山-高雄,2024-07-26,8843
00650L,復華香港正2,104,11,93,玉山-高雄,2024-07-26,8843
0050,元大台灣50,72,4,68,玉山-高雄,2024-07-26,8843
00936,台新永續高息中小,66,0,66,玉山-高雄,2024-07-26,8843
00679B,元大美債20年,235,173,62,玉山-高雄,2024-07-26,8843
1314,中石化,60,1,59,玉山-高雄,2024-07-26,8843
6005,群益證,58,0,58,玉山-高雄,2024-07-26,8843
00918,大華優利高填息30,56,0,56,玉山-高雄,2024-07-26,8843
2349,錸德,200,145,55,玉山-高雄,2024-07-26,8843
2352,佳世達,52,3,49,玉山-高雄,2024-07-26,8843
00927,群益半導體收益,53,5,48,玉山-高雄,2024-07-26,8843
00937B,群益ESG投等債20,480,432,48,玉山-高雄,2024-07-26,8843
00942B,台新美A公司債20+,55,10,45,玉山-高雄,2024-07-26,8843
006208,富邦台50,46,2,44,玉山-高雄,2024-07-26,8843
00933B,國泰10Y+金融債,113,73,40,玉山-高雄,2024-07-26,8843
00882,中信中國高股息,44,4,40,玉山-高雄,2024-07-26,8843
00935,野村臺灣新科技50,59,21,38,玉山-高雄,2024-07-26,8843
00633L,富邦上証正2,39,2,37,玉山-高雄,2024-07-26,8843
00881,國泰台灣5G+,42,5,37,玉山-高雄,2024-07-26,8843
00892,富邦台灣半導體,40,4,36,玉山-高雄,2024-07-26,8843
2382,廣達,66,30,36,玉山-高雄,2024-07-26,8843
00713,元大台灣高息低波,36,1,35,玉山-高雄,2024-07-26,8843
2365,昆盈,86,55,31,玉山-高雄,2024-07-26,8843
00830,國泰費城半導體,29,0,29,玉山-高雄,2024-07-26,8843
2356,英業達,64,35,29,玉山-高雄,2024-07-26,8843
00715L,期街口布蘭特正2,28,0,28,玉山-高雄,2024-07-26,8843
3037,欣興,47,19,28,玉山-高雄,2024-07-26,8843
2890,永豐金,34,7,27,玉山-高雄,2024-07-26,8843
2812,台中銀,28,2,26,玉山-高雄,2024-07-26,8843
2376,技嘉,26,0,26,玉山-高雄,2024-07-26,8843
4123,晟德,26,0,26,玉山-高雄,2024-07-26,8843
00929,復華台灣科技優息,861,122,739,玉山-高雄,2024-07-29,8843
2884,玉山金,366,39,327,玉山-高雄,2024-07-29,8843
00878,國泰永續高股息,280,35,245,玉山-高雄,2024-07-29,8843
00919,群益台灣精選高息,233,38,195,玉山-高雄,2024-07-29,8843
5356,協益,191,0,191,玉山-高雄,2024-07-29,8843
0056,元大高股息,197,64,133,玉山-高雄,2024-07-29,8843
2888,新光金,158,29,129,玉山-高雄,2024-07-29,8843
00946,群益科技高息成長,125,0,125,玉山-高雄,2024-07-29,8843
2356,英業達,191,78,113,玉山-高雄,2024-07-29,8843
00934,中信成長高股息,133,26,107,玉山-高雄,2024-07-29,8843
00940,元大台灣價值高息,158,51,107,玉山-高雄,2024-07-29,8843
2912,統一超,100,0,100,玉山-高雄,2024-07-29,8843
00945B,凱基美國非投等債,99,2,97,玉山-高雄,2024-07-29,8843
00680L,元大美債20正2,170,81,89,玉山-高雄,2024-07-29,8843
6770,力積電,84,11,73,玉山-高雄,2024-07-29,8843
4402,郡都開發,93,21,72,玉山-高雄,2024-07-29,8843
00937B,群益ESG投等債20,205,136,69,玉山-高雄,2024-07-29,8843
2371,大同,78,9,69,玉山-高雄,2024-07-29,8843
2537,聯上發,91,29,62,玉山-高雄,2024-07-29,8843
5426,振發,63,2,61,玉山-高雄,2024-07-29,8843
8926,台汽電,86,27,59,玉山-高雄,2024-07-29,8843
2891,中信金,78,19,59,玉山-高雄,2024-07-29,8843
1529,樂事綠能,57,0,57,玉山-高雄,2024-07-29,8843
2641,正德,53,0,53,玉山-高雄,2024-07-29,8843
3231,緯創,68,24,44,玉山-高雄,2024-07-29,8843
2409,友達,48,7,41,玉山-高雄,2024-07-29,8843
00923,群益台ESG低碳50,40,0,40,玉山-高雄,2024-07-29,8843
2303,聯電,65,25,40,玉山-高雄,2024-07-29,8843
2444,兆勁,37,0,37,玉山-高雄,2024-07-29,8843
00715L,期街口布蘭特正2,36,0,36,玉山-高雄,2024-07-29,8843
00688L,國泰20年美債正2,71,35,36,玉山-高雄,2024-07-29,8843
3189,景碩,57,21,36,玉山-高雄,2024-07-29,8843
3312,弘憶股,43,8,35,玉山-高雄,2024-07-29,8843
1609,大亞,81,48,33,玉山-高雄,2024-07-29,8843
1217,愛之味,32,0,32,玉山-高雄,2024-07-29,8843
3294,英濟,31,0,31,玉山-高雄,2024-07-29,8843
5519,隆大,38,7,31,玉山-高雄,2024-07-29,8843
2344,華邦電,36,5,31,玉山-高雄,2024-07-29,8843
1702,南僑,30,0,30,玉山-高雄,2024-07-29,8843
2049,上銀,34,4,30,玉山-高雄,2024-07-29,8843
00669R,國泰美國道瓊反1,30,0,30,玉山-高雄,2024-07-29,8843
00918,大華優利高填息30,30,1,29,玉山-高雄,2024-07-29,8843
3481,群創,148,119,29,玉山-高雄,2024-07-29,8843
00679B,元大美債20年,104,76,28,玉山-高雄,2024-07-29,8843
1110,東泥,30,2,28,玉山-高雄,2024-07-29,8843
00950B,凱基A級公司債,28,0,28,玉山-高雄,2024-07-29,8843
1471,首利,27,0,27,玉山-高雄,2024-07-29,8843
5498,凱崴,29,2,27,玉山-高雄,2024-07-29,8843
2363,矽統,74,47,27,玉山-高雄,2024-07-29,8843
3707,漢磊,27,1,26,玉山-高雄,2024-07-29,8843
00929,復華台灣科技優息,604,88,516,玉山-高雄,2024-07-30,8843
00940,元大台灣價值高息,491,33,458,玉山-高雄,2024-07-30,8843
00878,國泰永續高股息,410,52,358,玉山-高雄,2024-07-30,8843
00937B,群益ESG投等債20,416,135,281,玉山-高雄,2024-07-30,8843
0056,元大高股息,233,58,175,玉山-高雄,2024-07-30,8843
2884,玉山金,197,44,153,玉山-高雄,2024-07-30,8843
00919,群益台灣精選高息,193,40,153,玉山-高雄,2024-07-30,8843
00936,台新永續高息中小,161,13,148,玉山-高雄,2024-07-30,8843
2615,萬海,161,27,134,玉山-高雄,2024-07-30,8843
2891,中信金,149,17,132,玉山-高雄,2024-07-30,8843
00665L,富邦�琤肭磪囓�2,141,15,126,玉山-高雄,2024-07-30,8843
2344,華邦電,121,10,111,玉山-高雄,2024-07-30,8843
00934,中信成長高股息,91,3,88,玉山-高雄,2024-07-30,8843
00637L,元大滬深300正2,87,5,82,玉山-高雄,2024-07-30,8843
2883,凱基金,117,44,73,玉山-高雄,2024-07-30,8843
00715L,期街口布蘭特正2,91,19,72,玉山-高雄,2024-07-30,8843
3481,群創,180,112,68,玉山-高雄,2024-07-30,8843
00650L,復華香港正2,77,11,66,玉山-高雄,2024-07-30,8843
2845,遠東銀,54,0,54,玉山-高雄,2024-07-30,8843
6125,廣運,75,27,48,玉山-高雄,2024-07-30,8843
8926,台汽電,47,2,45,玉山-高雄,2024-07-30,8843
1722,台肥,45,0,45,玉山-高雄,2024-07-30,8843
2324,仁寶,67,23,44,玉山-高雄,2024-07-30,8843
00939,統一台灣高息動能,50,7,43,玉山-高雄,2024-07-30,8843
2313,華通,46,4,42,玉山-高雄,2024-07-30,8843
6438,迅得,41,0,41,玉山-高雄,2024-07-30,8843
2537,聯上發,134,94,40,玉山-高雄,2024-07-30,8843
2365,昆盈,109,69,40,玉山-高雄,2024-07-30,8843
2890,永豐金,40,1,39,玉山-高雄,2024-07-30,8843
00882,中信中國高股息,35,0,35,玉山-高雄,2024-07-30,8843
00946,群益科技高息成長,151,116,35,玉山-高雄,2024-07-30,8843
00915,凱基優選高股息30,34,0,34,玉山-高雄,2024-07-30,8843
2409,友達,48,15,33,玉山-高雄,2024-07-30,8843
00933B,國泰10Y+金融債,36,4,32,玉山-高雄,2024-07-30,8843
00713,元大台灣高息低波,30,1,29,玉山-高雄,2024-07-30,8843
6770,力積電,41,13,28,玉山-高雄,2024-07-30,8843
00795B,中信美國公債20年,40,12,28,玉山-高雄,2024-07-30,8843
2020,美亞,28,1,27,玉山-高雄,2024-07-30,8843
00687B,國泰20年美債,59,34,25,玉山-高雄,2024-07-30,8843
6505,台塑化,25,1,24,玉山-高雄,2024-07-30,8843
5512,力麒,24,0,24,玉山-高雄,2024-07-30,8843
2301,光寶科,59,37,22,玉山-高雄,2024-07-30,8843
00927,群益半導體收益,24,3,21,玉山-高雄,2024-07-30,8843
2489,瑞軒,48,27,21,玉山-高雄,2024-07-30,8843
2609,陽明,58,38,20,玉山-高雄,2024-07-30,8843
1101,台泥,23,2,21,玉山-高雄,2024-07-30,8843
2472,立隆電,21,1,20,玉山-高雄,2024-07-30,8843
2511,太子,21,1,20,玉山-高雄,2024-07-30,8843
3489,森寶,20,0,20,玉山-高雄,2024-07-30,8843
8432,東生華,20,0,20,玉山-高雄,2024-07-30,8843
00929,復華台灣科技優息,346,34,312,玉山-高雄,2024-07-31,8843
00937B,群益ESG投等債20,379,87,292,玉山-高雄,2024-07-31,8843
1785,光洋科,297,17,280,玉山-高雄,2024-07-31,8843
00934,中信成長高股息,281,7,274,玉山-高雄,2024-07-31,8843
00632R,元大台灣50反1,266,5,261,玉山-高雄,2024-07-31,8843
9904,寶成,206,0,206,玉山-高雄,2024-07-31,8843
00878,國泰永續高股息,173,1,172,玉山-高雄,2024-07-31,8843
2371,大同,136,0,136,玉山-高雄,2024-07-31,8843
3481,群創,627,498,129,玉山-高雄,2024-07-31,8843
00919,群益台灣精選高息,134,14,120,玉山-高雄,2024-07-31,8843
2515,中工,89,6,83,玉山-高雄,2024-07-31,8843
2408,南亞科,110,30,80,玉山-高雄,2024-07-31,8843
00940,元大台灣價值高息,103,25,78,玉山-高雄,2024-07-31,8843
00725B,國泰投資級公司債,83,5,78,玉山-高雄,2024-07-31,8843
1314,中石化,62,1,61,玉山-高雄,2024-07-31,8843
2537,聯上發,74,18,56,玉山-高雄,2024-07-31,8843
6116,彩晶,65,9,56,玉山-高雄,2024-07-31,8843
2312,金寶,71,16,55,玉山-高雄,2024-07-31,8843
00946,群益科技高息成長,54,0,54,玉山-高雄,2024-07-31,8843
00948B,中信優息投資級債,73,22,51,玉山-高雄,2024-07-31,8843
00939,統一台灣高息動能,48,1,47,玉山-高雄,2024-07-31,8843
2609,陽明,103,57,46,玉山-高雄,2024-07-31,8843
3105,穩懋,83,38,45,玉山-高雄,2024-07-31,8843
1815,富喬,43,2,41,玉山-高雄,2024-07-31,8843
0056,元大高股息,60,20,40,玉山-高雄,2024-07-31,8843
2524,京城,86,47,39,玉山-高雄,2024-07-31,8843
00927,群益半導體收益,37,0,37,玉山-高雄,2024-07-31,8843
3047,訊舟,139,102,37,玉山-高雄,2024-07-31,8843
2891,中信金,71,34,37,玉山-高雄,2024-07-31,8843
4114,健喬,35,0,35,玉山-高雄,2024-07-31,8843
1316,上曜,40,5,35,玉山-高雄,2024-07-31,8843
2324,仁寶,96,61,35,玉山-高雄,2024-07-31,8843
2528,皇普,34,0,34,玉山-高雄,2024-07-31,8843
3037,欣興,61,27,34,玉山-高雄,2024-07-31,8843
2353,宏��,88,55,33,玉山-高雄,2024-07-31,8843
5356,協益,32,0,32,玉山-高雄,2024-07-31,8843
6285,啟��,32,0,32,玉山-高雄,2024-07-31,8843
00950B,凱基A級公司債,30,0,30,玉山-高雄,2024-07-31,8843
2884,玉山金,64,35,29,玉山-高雄,2024-07-31,8843
2344,華邦電,37,8,29,玉山-高雄,2024-07-31,8843
2365,昆盈,63,35,28,玉山-高雄,2024-07-31,8843
00724B,群益投資級金融債,29,3,26,玉山-高雄,2024-07-31,8843
3209,全科,25,0,25,玉山-高雄,2024-07-31,8843
00936,台新永續高息中小,24,0,24,玉山-高雄,2024-07-31,8843
6177,達麗,66,42,24,玉山-高雄,2024-07-31,8843
6126,信音,25,2,23,玉山-高雄,2024-07-31,8843
2610,華航,53,31,22,玉山-高雄,2024-07-31,8843
00680L,元大美債20正2,113,92,21,玉山-高雄,2024-07-31,8843
4513,福裕,58,37,21,玉山-高雄,2024-07-31,8843
8942,森鉅,20,0,20,玉山-高雄,2024-07-31,8843
00878,國泰永續高股息,419,18,401,玉山-高雄,2024-08-01,8843
00937B,群益ESG投等債20,654,253,401,玉山-高雄,2024-08-01,8843
00706L,期元大S＆P日圓正2,391,22,369,玉山-高雄,2024-08-01,8843
00680L,元大美債20正2,436,107,329,玉山-高雄,2024-08-01,8843
00933B,國泰10Y+金融債,299,1,298,玉山-高雄,2024-08-01,8843
00712,復華富時不動產,455,169,286,玉山-高雄,2024-08-01,8843
2371,大同,314,36,278,玉山-高雄,2024-08-01,8843
00940,元大台灣價值高息,234,95,139,玉山-高雄,2024-08-01,8843
00929,復華台灣科技優息,194,66,128,玉山-高雄,2024-08-01,8843
00688L,國泰20年美債正2,123,10,113,玉山-高雄,2024-08-01,8843
1597,直得,110,5,105,玉山-高雄,2024-08-01,8843
2886,兆豐金,96,6,90,玉山-高雄,2024-08-01,8843
00687B,國泰20年美債,124,35,89,玉山-高雄,2024-08-01,8843
00632R,元大台灣50反1,289,202,87,玉山-高雄,2024-08-01,8843
2883,凱基金,87,15,72,玉山-高雄,2024-08-01,8843
3535,晶彩科,162,91,71,玉山-高雄,2024-08-01,8843
2349,錸德,312,242,70,玉山-高雄,2024-08-01,8843
3056,富華新,160,91,69,玉山-高雄,2024-08-01,8843
00665L,富邦�琤肭磪囓�2,65,0,65,玉山-高雄,2024-08-01,8843
2344,華邦電,61,0,61,玉山-高雄,2024-08-01,8843
2887,台新金,70,10,60,玉山-高雄,2024-08-01,8843
2515,中工,189,132,57,玉山-高雄,2024-08-01,8843
2464,盟立,71,14,57,玉山-高雄,2024-08-01,8843
00935,野村臺灣新科技50,56,1,55,玉山-高雄,2024-08-01,8843
00923,群益台ESG低碳50,50,1,49,玉山-高雄,2024-08-01,8843
2834,臺企銀,144,96,48,玉山-高雄,2024-08-01,8843
00881,國泰台灣5G+,89,43,46,玉山-高雄,2024-08-01,8843
2641,正德,51,6,45,玉山-高雄,2024-08-01,8843
2363,矽統,124,80,44,玉山-高雄,2024-08-01,8843
00895,富邦未來車,40,0,40,玉山-高雄,2024-08-01,8843
2845,遠東銀,47,10,37,玉山-高雄,2024-08-01,8843
00637L,元大滬深300正2,37,1,36,玉山-高雄,2024-08-01,8843
2337,旺宏,215,180,35,玉山-高雄,2024-08-01,8843
2409,友達,45,12,33,玉山-高雄,2024-08-01,8843
9940,信義,31,0,31,玉山-高雄,2024-08-01,8843
00949,復華日本龍頭,28,0,28,玉山-高雄,2024-08-01,8843
8155,博智,28,0,28,玉山-高雄,2024-08-01,8843
00936,台新永續高息中小,32,5,27,玉山-高雄,2024-08-01,8843
00795B,中信美國公債20年,33,6,27,玉山-高雄,2024-08-01,8843
00830,國泰費城半導體,31,4,27,玉山-高雄,2024-08-01,8843
00950B,凱基A級公司債,25,0,25,玉山-高雄,2024-08-01,8843
00772B,中信高評級公司債,25,0,25,玉山-高雄,2024-08-01,8843
6151,晉倫,23,0,23,玉山-高雄,2024-08-01,8843
8105,凌巨,44,22,22,玉山-高雄,2024-08-01,8843
00733,富邦臺灣中小,22,1,21,玉山-高雄,2024-08-01,8843
8096,擎亞,69,48,21,玉山-高雄,2024-08-01,8843
00948B,中信優息投資級債,31,10,21,玉山-高雄,2024-08-01,8843
00942B,台新美A公司債20+,20,0,20,玉山-高雄,2024-08-01,8843
00770,國泰北美科技,20,0,20,玉山-高雄,2024-08-01,8843
2457,飛宏,20,0,20,玉山-高雄,2024-08-01,8843
00929,復華台灣科技優息,878,89,789,玉山-高雄,2024-08-02,8843
00878,國泰永續高股息,645,16,629,玉山-高雄,2024-08-02,8843
00919,群益台灣精選高息,428,13,415,玉山-高雄,2024-08-02,8843
00940,元大台灣價值高息,421,18,403,玉山-高雄,2024-08-02,8843
00679B,元大美債20年,433,70,363,玉山-高雄,2024-08-02,8843
3056,富華新,346,5,341,玉山-高雄,2024-08-02,8843
00688L,國泰20年美債正2,273,8,265,玉山-高雄,2024-08-02,8843
00949,復華日本龍頭,263,1,262,玉山-高雄,2024-08-02,8843
00687B,國泰20年美債,267,27,240,玉山-高雄,2024-08-02,8843
2317,鴻海,302,63,239,玉山-高雄,2024-08-02,8843
2515,中工,269,31,238,玉山-高雄,2024-08-02,8843
0056,元大高股息,224,2,222,玉山-高雄,2024-08-02,8843
2330,台積電,232,11,221,玉山-高雄,2024-08-02,8843
00934,中信成長高股息,202,18,184,玉山-高雄,2024-08-02,8843
2371,大同,184,11,173,玉山-高雄,2024-08-02,8843
00665L,富邦�琤肭磪囓�2,192,35,157,玉山-高雄,2024-08-02,8843
00680L,元大美債20正2,291,144,147,玉山-高雄,2024-08-02,8843
3037,欣興,166,19,147,玉山-高雄,2024-08-02,8843
2883,凱基金,175,31,144,玉山-高雄,2024-08-02,8843
2834,臺企銀,161,34,127,玉山-高雄,2024-08-02,8843
00947,台新臺灣IC設計,121,0,121,玉山-高雄,2024-08-02,8843
5213,亞昕,112,0,112,玉山-高雄,2024-08-02,8843
00881,國泰台灣5G+,111,6,105,玉山-高雄,2024-08-02,8843
00936,台新永續高息中小,230,125,105,玉山-高雄,2024-08-02,8843
6005,群益證,104,1,103,玉山-高雄,2024-08-02,8843
00946,群益科技高息成長,110,10,100,玉山-高雄,2024-08-02,8843
2891,中信金,142,53,89,玉山-高雄,2024-08-02,8843
2382,廣達,94,9,85,玉山-高雄,2024-08-02,8843
00923,群益台ESG低碳50,84,1,83,玉山-高雄,2024-08-02,8843
9105,泰金寶-DR,106,23,83,玉山-高雄,2024-08-02,8843
00933B,國泰10Y+金融債,82,1,81,玉山-高雄,2024-08-02,8843
00951,台新日本半導體,99,18,81,玉山-高雄,2024-08-02,8843
1529,樂事綠能,79,2,77,玉山-高雄,2024-08-02,8843
00918,大華優利高填息30,78,2,76,玉山-高雄,2024-08-02,8843
2301,光寶科,99,23,76,玉山-高雄,2024-08-02,8843
00927,群益半導體收益,78,3,75,玉山-高雄,2024-08-02,8843
2002,中鋼,86,14,72,玉山-高雄,2024-08-02,8843
00935,野村臺灣新科技50,76,5,71,玉山-高雄,2024-08-02,8843
9945,潤泰新,168,97,71,玉山-高雄,2024-08-02,8843
2014,中鴻,69,1,68,玉山-高雄,2024-08-02,8843
006208,富邦台50,63,1,62,玉山-高雄,2024-08-02,8843
2365,昆盈,305,247,58,玉山-高雄,2024-08-02,8843
2542,興富發,65,8,57,玉山-高雄,2024-08-02,8843
2402,毅嘉,68,12,56,玉山-高雄,2024-08-02,8843
2349,錸德,286,230,56,玉山-高雄,2024-08-02,8843
0050,元大台灣50,64,8,56,玉山-高雄,2024-08-02,8843
2409,友達,75,20,55,玉山-高雄,2024-08-02,8843
1815,富喬,63,9,54,玉山-高雄,2024-08-02,8843
6177,達麗,68,14,54,玉山-高雄,2024-08-02,8843
5519,隆大,63,10,53,玉山-高雄,2024-08-02,8843
00929,復華台灣科技優息,1751,381,1370,玉山-高雄,2024-08-05,8843
00940,元大台灣價值高息,1661,356,1305,玉山-高雄,2024-08-05,8843
00878,國泰永續高股息,1157,270,887,玉山-高雄,2024-08-05,8843
00919,群益台灣精選高息,698,160,538,玉山-高雄,2024-08-05,8843
00680L,元大美債20正2,763,280,483,玉山-高雄,2024-08-05,8843
0056,元大高股息,446,131,315,玉山-高雄,2024-08-05,8843
00936,台新永續高息中小,440,138,302,玉山-高雄,2024-08-05,8843
00715L,期街口布蘭特正2,269,16,253,玉山-高雄,2024-08-05,8843
00679B,元大美債20年,562,318,244,玉山-高雄,2024-08-05,8843
2883,凱基金,454,226,228,玉山-高雄,2024-08-05,8843
2317,鴻海,321,124,197,玉山-高雄,2024-08-05,8843
00946,群益科技高息成長,224,42,182,玉山-高雄,2024-08-05,8843
2880,華南金,208,32,176,玉山-高雄,2024-08-05,8843
2891,中信金,196,26,170,玉山-高雄,2024-08-05,8843
3303,岱稜,153,1,152,玉山-高雄,2024-08-05,8843
00949,復華日本龍頭,133,10,123,玉山-高雄,2024-08-05,8843
9105,泰金寶-DR,148,36,112,玉山-高雄,2024-08-05,8843
1608,華榮,111,3,108,玉山-高雄,2024-08-05,8843
00687B,國泰20年美債,384,277,107,玉山-高雄,2024-08-05,8843
00688L,國泰20年美債正2,161,55,106,玉山-高雄,2024-08-05,8843
2002,中鋼,220,120,100,玉山-高雄,2024-08-05,8843
00934,中信成長高股息,193,93,100,玉山-高雄,2024-08-05,8843
006208,富邦台50,112,13,99,玉山-高雄,2024-08-05,8843
6770,力積電,143,56,87,玉山-高雄,2024-08-05,8843
1785,光洋科,99,17,82,玉山-高雄,2024-08-05,8843
00939,統一台灣高息動能,120,39,81,玉山-高雄,2024-08-05,8843
0050,元大台灣50,105,26,79,玉山-高雄,2024-08-05,8843
2882,國泰金,96,20,76,玉山-高雄,2024-08-05,8843
2323,中環,92,17,75,玉山-高雄,2024-08-05,8843
00671R,富邦NASDAQ反1,100,26,74,玉山-高雄,2024-08-05,8843
2641,正德,77,5,72,玉山-高雄,2024-08-05,8843
6026,福邦證,69,0,69,玉山-高雄,2024-08-05,8843
6141,柏承,68,0,68,玉山-高雄,2024-08-05,8843
8422,可寧衛,66,0,66,玉山-高雄,2024-08-05,8843
6125,廣運,64,0,64,玉山-高雄,2024-08-05,8843
2349,錸德,85,21,64,玉山-高雄,2024-08-05,8843
00935,野村臺灣新科技50,80,18,62,玉山-高雄,2024-08-05,8843
2881,富邦金,87,25,62,玉山-高雄,2024-08-05,8843
2409,友達,497,435,62,玉山-高雄,2024-08-05,8843
1815,富喬,61,0,61,玉山-高雄,2024-08-05,8843
4510,高鋒,171,112,59,玉山-高雄,2024-08-05,8843
2382,廣達,72,13,59,玉山-高雄,2024-08-05,8843
9945,潤泰新,100,42,58,玉山-高雄,2024-08-05,8843
1802,台玻,56,2,54,玉山-高雄,2024-08-05,8843
8942,森鉅,70,16,54,玉山-高雄,2024-08-05,8843
2324,仁寶,63,11,52,玉山-高雄,2024-08-05,8843
3419,譁裕,53,1,52,玉山-高雄,2024-08-05,8843
00947,台新臺灣IC設計,62,14,48,玉山-高雄,2024-08-05,8843
4123,晟德,46,0,46,玉山-高雄,2024-08-05,8843
8463,潤泰材,50,6,44,玉山-高雄,2024-08-05,8843
1314,中石化,1154,22,1132,玉山-高雄,2024-08-06,8843
2887,台新金,682,37,645,玉山-高雄,2024-08-06,8843
00929,復華台灣科技優息,876,382,494,玉山-高雄,2024-08-06,8843
00940,元大台灣價值高息,486,94,392,玉山-高雄,2024-08-06,8843
00878,國泰永續高股息,432,269,163,玉山-高雄,2024-08-06,8843
2834,臺企銀,162,13,149,玉山-高雄,2024-08-06,8843
8422,可寧衛,125,0,125,玉山-高雄,2024-08-06,8843
0056,元大高股息,198,82,116,玉山-高雄,2024-08-06,8843
3037,欣興,170,56,114,玉山-高雄,2024-08-06,8843
3303,岱稜,107,2,105,玉山-高雄,2024-08-06,8843
2409,友達,191,91,100,玉山-高雄,2024-08-06,8843
2317,鴻海,357,267,90,玉山-高雄,2024-08-06,8843
0050,元大台灣50,115,27,88,玉山-高雄,2024-08-06,8843
00665L,富邦�琤肭磪囓�2,90,5,85,玉山-高雄,2024-08-06,8843
2542,興富發,107,24,83,玉山-高雄,2024-08-06,8843
2610,華航,95,14,81,玉山-高雄,2024-08-06,8843
00923,群益台ESG低碳50,82,3,79,玉山-高雄,2024-08-06,8843
00637L,元大滬深300正2,82,5,77,玉山-高雄,2024-08-06,8843
00936,台新永續高息中小,95,23,72,玉山-高雄,2024-08-06,8843
3056,富華新,64,2,62,玉山-高雄,2024-08-06,8843
00932,兆豐永續高息等權,62,0,62,玉山-高雄,2024-08-06,8843
6005,群益證,60,2,58,玉山-高雄,2024-08-06,8843
00900,富邦特選高股息30,90,33,57,玉山-高雄,2024-08-06,8843
00715L,期街口布蘭特正2,76,20,56,玉山-高雄,2024-08-06,8843
2349,錸德,143,90,53,玉山-高雄,2024-08-06,8843
00713,元大台灣高息低波,59,8,51,玉山-高雄,2024-08-06,8843
00850,元大臺灣ESG永續,49,0,49,玉山-高雄,2024-08-06,8843
6770,力積電,89,42,47,玉山-高雄,2024-08-06,8843
3481,群創,189,142,47,玉山-高雄,2024-08-06,8843
00795B,中信美國公債20年,67,25,42,玉山-高雄,2024-08-06,8843
5519,隆大,52,11,41,玉山-高雄,2024-08-06,8843
006205,富邦上証,40,0,40,玉山-高雄,2024-08-06,8843
5309,系統電,43,3,40,玉山-高雄,2024-08-06,8843
2387,精元,38,0,38,玉山-高雄,2024-08-06,8843
00933B,國泰10Y+金融債,46,9,37,玉山-高雄,2024-08-06,8843
00631L,元大台灣50正2,47,12,35,玉山-高雄,2024-08-06,8843
1806,冠軍,38,4,34,玉山-高雄,2024-08-06,8843
1316,上曜,57,24,33,玉山-高雄,2024-08-06,8843
9958,世紀鋼,41,8,33,玉山-高雄,2024-08-06,8843
1519,華城,45,13,32,玉山-高雄,2024-08-06,8843
2014,中鴻,44,13,31,玉山-高雄,2024-08-06,8843
3703,欣陸,34,4,30,玉山-高雄,2024-08-06,8843
9906,欣巴巴,33,3,30,玉山-高雄,2024-08-06,8843
2812,台中銀,50,20,30,玉山-高雄,2024-08-06,8843
1444,力麗,30,0,30,玉山-高雄,2024-08-06,8843
1456,怡華,30,0,30,玉山-高雄,2024-08-06,8843
2337,旺宏,122,93,29,玉山-高雄,2024-08-06,8843
00636,國泰中國A50,27,0,27,玉山-高雄,2024-08-06,8843
5521,工信,36,10,26,玉山-高雄,2024-08-06,8843
2208,台船,26,0,26,玉山-高雄,2024-08-06,8843
2409,友達,866,12,854,玉山-高雄,2024-08-07,8843
00929,復華台灣科技優息,750,122,628,玉山-高雄,2024-08-07,8843
00665L,富邦�琤肭磪囓�2,480,10,470,玉山-高雄,2024-08-07,8843
2834,臺企銀,302,10,292,玉山-高雄,2024-08-07,8843
1785,光洋科,296,36,260,玉山-高雄,2024-08-07,8843
2884,玉山金,314,64,250,玉山-高雄,2024-08-07,8843
00878,國泰永續高股息,273,33,240,玉山-高雄,2024-08-07,8843
00679B,元大美債20年,358,135,223,玉山-高雄,2024-08-07,8843
00676R,富邦臺灣加權反1,200,10,190,玉山-高雄,2024-08-07,8843
00687B,國泰20年美債,375,230,145,玉山-高雄,2024-08-07,8843
3481,群創,166,29,137,玉山-高雄,2024-08-07,8843
00680L,元大美債20正2,419,297,122,玉山-高雄,2024-08-07,8843
2362,藍天,146,27,119,玉山-高雄,2024-08-07,8843
2317,鴻海,264,148,116,玉山-高雄,2024-08-07,8843
00715L,期街口布蘭特正2,107,16,91,玉山-高雄,2024-08-07,8843
2356,英業達,94,8,86,玉山-高雄,2024-08-07,8843
00940,元大台灣價值高息,305,226,79,玉山-高雄,2024-08-07,8843
00919,群益台灣精選高息,144,88,56,玉山-高雄,2024-08-07,8843
2542,興富發,84,28,56,玉山-高雄,2024-08-07,8843
00933B,國泰10Y+金融債,70,15,55,玉山-高雄,2024-08-07,8843
2888,新光金,74,20,54,玉山-高雄,2024-08-07,8843
00900,富邦特選高股息30,59,7,52,玉山-高雄,2024-08-07,8843
2382,廣達,67,20,47,玉山-高雄,2024-08-07,8843
2887,台新金,54,7,47,玉山-高雄,2024-08-07,8843
00641R,富邦日本反1,45,0,45,玉山-高雄,2024-08-07,8843
0056,元大高股息,88,46,42,玉山-高雄,2024-08-07,8843
2312,金寶,72,32,40,玉山-高雄,2024-08-07,8843
4128,中天,84,45,39,玉山-高雄,2024-08-07,8843
00948B,中信優息投資級債,42,4,38,玉山-高雄,2024-08-07,8843
3034,聯詠,46,15,31,玉山-高雄,2024-08-07,8843
2102,泰豐,40,10,30,玉山-高雄,2024-08-07,8843
6834,天二科技,39,10,29,玉山-高雄,2024-08-07,8843
2609,陽明,121,94,27,玉山-高雄,2024-08-07,8843
2313,華通,62,37,25,玉山-高雄,2024-08-07,8843
2618,長榮航,155,130,25,玉山-高雄,2024-08-07,8843
8040,九暘,25,0,25,玉山-高雄,2024-08-07,8843
00946,群益科技高息成長,58,33,25,玉山-高雄,2024-08-07,8843
6141,柏承,24,0,24,玉山-高雄,2024-08-07,8843
00795B,中信美國公債20年,67,44,23,玉山-高雄,2024-08-07,8843
2881,富邦金,22,0,22,玉山-高雄,2024-08-07,8843
00725B,國泰投資級公司債,21,1,20,玉山-高雄,2024-08-07,8843
00669R,國泰美國道瓊反1,20,0,20,玉山-高雄,2024-08-07,8843
6244,茂迪,20,1,19,玉山-高雄,2024-08-07,8843
2412,中華電,22,3,19,玉山-高雄,2024-08-07,8843
3588,通嘉,20,2,18,玉山-高雄,2024-08-07,8843
00713,元大台灣高息低波,27,9,18,玉山-高雄,2024-08-07,8843
00907,永豐優息存股,17,0,17,玉山-高雄,2024-08-07,8843
3707,漢磊,17,0,17,玉山-高雄,2024-08-07,8843
5469,瀚宇博,17,0,17,玉山-高雄,2024-08-07,8843
00936,台新永續高息中小,21,5,16,玉山-高雄,2024-08-07,8843
9904,寶成,316,1,315,玉山-高雄,2024-08-08,8843
00878,國泰永續高股息,294,33,261,玉山-高雄,2024-08-08,8843
00679B,元大美債20年,244,61,183,玉山-高雄,2024-08-08,8843
00919,群益台灣精選高息,168,4,164,玉山-高雄,2024-08-08,8843
2886,兆豐金,130,5,125,玉山-高雄,2024-08-08,8843
2609,陽明,177,69,108,玉山-高雄,2024-08-08,8843
2867,三商壽,151,45,106,玉山-高雄,2024-08-08,8843
5443,均豪,173,69,104,玉山-高雄,2024-08-08,8843
2317,鴻海,246,151,95,玉山-高雄,2024-08-08,8843
1718,中纖,90,6,84,玉山-高雄,2024-08-08,8843
00680L,元大美債20正2,528,445,83,玉山-高雄,2024-08-08,8843
0056,元大高股息,84,7,77,玉山-高雄,2024-08-08,8843
00687B,國泰20年美債,153,78,75,玉山-高雄,2024-08-08,8843
2615,萬海,132,61,71,玉山-高雄,2024-08-08,8843
00795B,中信美國公債20年,102,36,66,玉山-高雄,2024-08-08,8843
9105,泰金寶-DR,72,6,66,玉山-高雄,2024-08-08,8843
00940,元大台灣價值高息,116,53,63,玉山-高雄,2024-08-08,8843
6834,天二科技,56,1,55,玉山-高雄,2024-08-08,8843
00881,國泰台灣5G+,82,32,50,玉山-高雄,2024-08-08,8843
9934,成霖,50,0,50,玉山-高雄,2024-08-08,8843
3047,訊舟,140,95,45,玉山-高雄,2024-08-08,8843
1785,光洋科,78,33,45,玉山-高雄,2024-08-08,8843
2888,新光金,59,15,44,玉山-高雄,2024-08-08,8843
00933B,國泰10Y+金融債,40,3,37,玉山-高雄,2024-08-08,8843
4564,元翎,37,1,36,玉山-高雄,2024-08-08,8843
8354,冠好,36,0,36,玉山-高雄,2024-08-08,8843
2892,第一金,67,32,35,玉山-高雄,2024-08-08,8843
00936,台新永續高息中小,37,2,35,玉山-高雄,2024-08-08,8843
2108,南帝,35,0,35,玉山-高雄,2024-08-08,8843
6219,富旺,39,5,34,玉山-高雄,2024-08-08,8843
00719B,元大美債1-3,33,0,33,玉山-高雄,2024-08-08,8843
6197,佳必琪,41,8,33,玉山-高雄,2024-08-08,8843
2618,長榮航,64,31,33,玉山-高雄,2024-08-08,8843
3481,群創,78,47,31,玉山-高雄,2024-08-08,8843
00923,群益台ESG低碳50,31,0,31,玉山-高雄,2024-08-08,8843
1514,亞力,36,6,30,玉山-高雄,2024-08-08,8843
2349,錸德,235,205,30,玉山-高雄,2024-08-08,8843
8105,凌巨,31,1,30,玉山-高雄,2024-08-08,8843
911868,同方友友-DR,30,0,30,玉山-高雄,2024-08-08,8843
8942,森鉅,30,0,30,玉山-高雄,2024-08-08,8843
2610,華航,75,46,29,玉山-高雄,2024-08-08,8843
8114,振樺電,28,0,28,玉山-高雄,2024-08-08,8843
1301,台塑,29,1,28,玉山-高雄,2024-08-08,8843
00830,國泰費城半導體,26,0,26,玉山-高雄,2024-08-08,8843
2382,廣達,102,76,26,玉山-高雄,2024-08-08,8843
3056,富華新,24,0,24,玉山-高雄,2024-08-08,8843
2330,台積電,34,11,23,玉山-高雄,2024-08-08,8843
2362,藍天,27,4,23,玉山-高雄,2024-08-08,8843
3189,景碩,66,43,23,玉山-高雄,2024-08-08,8843
00931B,統一美債20年,27,5,22,玉山-高雄,2024-08-08,8843
00632R,元大台灣50反1,1126,103,1023,玉山-高雄,2024-08-09,8843
00687B,國泰20年美債,781,27,754,玉山-高雄,2024-08-09,8843
00951,台新日本半導體,481,0,481,玉山-高雄,2024-08-09,8843
00679B,元大美債20年,229,82,147,玉山-高雄,2024-08-09,8843
00885,富邦越南,140,0,140,玉山-高雄,2024-08-09,8843
00949,復華日本龍頭,126,0,126,玉山-高雄,2024-08-09,8843
00795B,中信美國公債20年,117,2,115,玉山-高雄,2024-08-09,8843
00936,台新永續高息中小,119,5,114,玉山-高雄,2024-08-09,8843
2812,台中銀,124,11,113,玉山-高雄,2024-08-09,8843
00878,國泰永續高股息,214,106,108,玉山-高雄,2024-08-09,8843
1609,大亞,129,28,101,玉山-高雄,2024-08-09,8843
00676R,富邦臺灣加權反1,100,0,100,玉山-高雄,2024-08-09,8843
2511,太子,100,2,98,玉山-高雄,2024-08-09,8843
00940,元大台灣價值高息,123,33,90,玉山-高雄,2024-08-09,8843
00931B,統一美債20年,97,15,82,玉山-高雄,2024-08-09,8843
00919,群益台灣精選高息,125,48,77,玉山-高雄,2024-08-09,8843
00948B,中信優息投資級債,71,1,70,玉山-高雄,2024-08-09,8843
2834,臺企銀,109,40,69,玉山-高雄,2024-08-09,8843
2603,長榮,122,53,69,玉山-高雄,2024-08-09,8843
00633L,富邦上証正2,213,145,68,玉山-高雄,2024-08-09,8843
0056,元大高股息,94,27,67,玉山-高雄,2024-08-09,8843
2886,兆豐金,79,18,61,玉山-高雄,2024-08-09,8843
3715,定穎投控,121,63,58,玉山-高雄,2024-08-09,8843
8942,森鉅,48,3,45,玉山-高雄,2024-08-09,8843
00933B,國泰10Y+金融債,41,0,41,玉山-高雄,2024-08-09,8843
1714,和桐,40,0,40,玉山-高雄,2024-08-09,8843
3522,御嵿,50,15,35,玉山-高雄,2024-08-09,8843
00719B,元大美債1-3,31,0,31,玉山-高雄,2024-08-09,8843
2102,泰豐,29,0,29,玉山-高雄,2024-08-09,8843
4510,高鋒,36,7,29,玉山-高雄,2024-08-09,8843
00720B,元大投資級公司債,35,6,29,玉山-高雄,2024-08-09,8843
3450,聯鈞,54,26,28,玉山-高雄,2024-08-09,8843
5521,工信,57,30,27,玉山-高雄,2024-08-09,8843
00900,富邦特選高股息30,29,3,26,玉山-高雄,2024-08-09,8843
1101,台泥,41,16,25,玉山-高雄,2024-08-09,8843
4174,浩鼎,36,11,25,玉山-高雄,2024-08-09,8843
2349,錸德,86,62,24,玉山-高雄,2024-08-09,8843
2537,聯上發,46,25,21,玉山-高雄,2024-08-09,8843
3221,台嘉碩,21,0,21,玉山-高雄,2024-08-09,8843
00664R,國泰臺灣加權反1,31,10,21,玉山-高雄,2024-08-09,8843
4960,誠美材,20,0,20,玉山-高雄,2024-08-09,8843
6152,百一,25,5,20,玉山-高雄,2024-08-09,8843
00725B,國泰投資級公司債,19,0,19,玉山-高雄,2024-08-09,8843
1785,光洋科,56,37,19,玉山-高雄,2024-08-09,8843
1301,台塑,25,6,19,玉山-高雄,2024-08-09,8843
2031,新光鋼,19,1,18,玉山-高雄,2024-08-09,8843
00945B,凱基美國非投等債,18,0,18,玉山-高雄,2024-08-09,8843
00895,富邦未來車,17,0,17,玉山-高雄,2024-08-09,8843
1718,中纖,18,1,17,玉山-高雄,2024-08-09,8843
8085,福華,17,0,17,玉山-高雄,2024-08-09,8843
00878,國泰永續高股息,450,22,428,玉山-高雄,2024-08-12,8843
00688L,國泰20年美債正2,392,23,369,玉山-高雄,2024-08-12,8843
00929,復華台灣科技優息,430,92,338,玉山-高雄,2024-08-12,8843
00632R,元大台灣50反1,419,109,310,玉山-高雄,2024-08-12,8843
00680L,元大美債20正2,492,183,309,玉山-高雄,2024-08-12,8843
00687B,國泰20年美債,253,6,247,玉山-高雄,2024-08-12,8843
2359,所羅門,273,29,244,玉山-高雄,2024-08-12,8843
2062,橋椿,262,27,235,玉山-高雄,2024-08-12,8843
00945B,凱基美國非投等債,113,0,113,玉山-高雄,2024-08-12,8843
8040,九暘,92,0,92,玉山-高雄,2024-08-12,8843
2409,友達,104,13,91,玉山-高雄,2024-08-12,8843
00900,富邦特選高股息30,93,2,91,玉山-高雄,2024-08-12,8843
00679B,元大美債20年,94,8,86,玉山-高雄,2024-08-12,8843
2641,正德,82,5,77,玉山-高雄,2024-08-12,8843
00948B,中信優息投資級債,75,4,71,玉山-高雄,2024-08-12,8843
2312,金寶,179,114,65,玉山-高雄,2024-08-12,8843
2368,金像電,65,1,64,玉山-高雄,2024-08-12,8843
1522,堤維西,59,3,56,玉山-高雄,2024-08-12,8843
3481,群創,229,177,52,玉山-高雄,2024-08-12,8843
1314,中石化,56,5,51,玉山-高雄,2024-08-12,8843
00665L,富邦�琤肭磪囓�2,50,0,50,玉山-高雄,2024-08-12,8843
00936,台新永續高息中小,45,0,45,玉山-高雄,2024-08-12,8843
2208,台船,50,6,44,玉山-高雄,2024-08-12,8843
8473,山林水,44,0,44,玉山-高雄,2024-08-12,8843
0056,元大高股息,56,15,41,玉山-高雄,2024-08-12,8843
00676R,富邦臺灣加權反1,40,0,40,玉山-高雄,2024-08-12,8843
2891,中信金,44,4,40,玉山-高雄,2024-08-12,8843
4513,福裕,53,14,39,玉山-高雄,2024-08-12,8843
8942,森鉅,38,0,38,玉山-高雄,2024-08-12,8843
00907,永豐優息存股,41,3,38,玉山-高雄,2024-08-12,8843
00795B,中信美國公債20年,37,0,37,玉山-高雄,2024-08-12,8843
8374,羅昇,90,53,37,玉山-高雄,2024-08-12,8843
1540,喬福,36,2,34,玉山-高雄,2024-08-12,8843
4967,十銓,35,2,33,玉山-高雄,2024-08-12,8843
2506,太設,36,3,33,玉山-高雄,2024-08-12,8843
2408,南亞科,34,3,31,玉山-高雄,2024-08-12,8843
3056,富華新,36,5,31,玉山-高雄,2024-08-12,8843
3501,維熹,30,0,30,玉山-高雄,2024-08-12,8843
1597,直得,55,28,27,玉山-高雄,2024-08-12,8843
6125,廣運,36,10,26,玉山-高雄,2024-08-12,8843
2601,益航,25,0,25,玉山-高雄,2024-08-12,8843
2365,昆盈,112,87,25,玉山-高雄,2024-08-12,8843
1714,和桐,25,1,24,玉山-高雄,2024-08-12,8843
2882,國泰金,27,3,24,玉山-高雄,2024-08-12,8843
1513,中興電,64,41,23,玉山-高雄,2024-08-12,8843
6770,力積電,26,3,23,玉山-高雄,2024-08-12,8843
1608,華榮,29,6,23,玉山-高雄,2024-08-12,8843
2618,長榮航,60,38,22,玉山-高雄,2024-08-12,8843
3312,弘憶股,25,2,23,玉山-高雄,2024-08-12,8843
4306,炎洲,24,2,22,玉山-高雄,2024-08-12,8843
00881,國泰台灣5G+,258,16,242,玉山-高雄,2024-08-13,8843
00929,復華台灣科技優息,244,49,195,玉山-高雄,2024-08-13,8843
2880,華南金,193,12,181,玉山-高雄,2024-08-13,8843
00679B,元大美債20年,173,31,142,玉山-高雄,2024-08-13,8843
2886,兆豐金,104,6,98,玉山-高雄,2024-08-13,8843
3231,緯創,415,318,97,玉山-高雄,2024-08-13,8843
00940,元大台灣價值高息,162,69,93,玉山-高雄,2024-08-13,8843
00676R,富邦臺灣加權反1,90,0,90,玉山-高雄,2024-08-13,8843
00945B,凱基美國非投等債,89,0,89,玉山-高雄,2024-08-13,8843
00948B,中信優息投資級債,83,0,83,玉山-高雄,2024-08-13,8843
3036,文曄,92,10,82,玉山-高雄,2024-08-13,8843
2610,華航,102,25,77,玉山-高雄,2024-08-13,8843
5880,合庫金,79,3,76,玉山-高雄,2024-08-13,8843
00900,富邦特選高股息30,79,4,75,玉山-高雄,2024-08-13,8843
1513,中興電,84,26,58,玉山-高雄,2024-08-13,8843
00632R,元大台灣50反1,61,7,54,玉山-高雄,2024-08-13,8843
00919,群益台灣精選高息,95,41,54,玉山-高雄,2024-08-13,8843
00688L,國泰20年美債正2,78,25,53,玉山-高雄,2024-08-13,8843
2884,玉山金,54,2,52,玉山-高雄,2024-08-13,8843
6219,富旺,50,2,48,玉山-高雄,2024-08-13,8843
3522,御嵿,56,11,45,玉山-高雄,2024-08-13,8843
00680L,元大美債20正2,91,47,44,玉山-高雄,2024-08-13,8843
2615,萬海,113,69,44,玉山-高雄,2024-08-13,8843
2834,臺企銀,42,0,42,玉山-高雄,2024-08-13,8843
3481,群創,72,31,41,玉山-高雄,2024-08-13,8843
00885,富邦越南,85,46,39,玉山-高雄,2024-08-13,8843
00712,復華富時不動產,42,5,37,玉山-高雄,2024-08-13,8843
00687B,國泰20年美債,70,36,34,玉山-高雄,2024-08-13,8843
00878,國泰永續高股息,153,121,32,玉山-高雄,2024-08-13,8843
6269,台郡,35,5,30,玉山-高雄,2024-08-13,8843
1301,台塑,31,2,29,玉山-高雄,2024-08-13,8843
4979,華星光,33,5,28,玉山-高雄,2024-08-13,8843
00933B,國泰10Y+金融債,30,3,27,玉山-高雄,2024-08-13,8843
00637L,元大滬深300正2,25,0,25,玉山-高雄,2024-08-13,8843
2489,瑞軒,54,29,25,玉山-高雄,2024-08-13,8843
1714,和桐,25,1,24,玉山-高雄,2024-08-13,8843
2317,鴻海,113,89,24,玉山-高雄,2024-08-13,8843
2324,仁寶,65,42,23,玉山-高雄,2024-08-13,8843
00795B,中信美國公債20年,22,0,22,玉山-高雄,2024-08-13,8843
3013,晟銘電,90,69,21,玉山-高雄,2024-08-13,8843
6505,台塑化,38,18,20,玉山-高雄,2024-08-13,8843
2402,毅嘉,25,5,20,玉山-高雄,2024-08-13,8843
1307,三芳,20,0,20,玉山-高雄,2024-08-13,8843
2891,中信金,90,70,20,玉山-高雄,2024-08-13,8843
3221,台嘉碩,19,0,19,玉山-高雄,2024-08-13,8843
1471,首利,19,0,19,玉山-高雄,2024-08-13,8843
2027,大成鋼,19,0,19,玉山-高雄,2024-08-13,8843
2801,彰銀,19,1,18,玉山-高雄,2024-08-13,8843
8054,安國,41,23,18,玉山-高雄,2024-08-13,8843
3056,富華新,25,7,18,玉山-高雄,2024-08-13,8843
1314,中石化,1151,24,1127,玉山-高雄,2024-08-14,8843
00688L,國泰20年美債正2,767,4,763,玉山-高雄,2024-08-14,8843
00680L,元大美債20正2,678,72,606,玉山-高雄,2024-08-14,8843
00632R,元大台灣50反1,524,47,477,玉山-高雄,2024-08-14,8843
2883,凱基金,397,70,327,玉山-高雄,2024-08-14,8843
00648R,元大S＆P500反1,200,0,200,玉山-高雄,2024-08-14,8843
9945,潤泰新,223,41,182,玉山-高雄,2024-08-14,8843
2888,新光金,224,54,170,玉山-高雄,2024-08-14,8843
00881,國泰台灣5G+,234,70,164,玉山-高雄,2024-08-14,8843
00687B,國泰20年美債,193,43,150,玉山-高雄,2024-08-14,8843
4562,穎漢,222,92,130,玉山-高雄,2024-08-14,8843
00665L,富邦�琤肭磪囓�2,127,10,117,玉山-高雄,2024-08-14,8843
1101,台泥,157,42,115,玉山-高雄,2024-08-14,8843
8150,南茂,197,93,104,玉山-高雄,2024-08-14,8843
00945B,凱基美國非投等債,98,0,98,玉山-高雄,2024-08-14,8843
2801,彰銀,101,4,97,玉山-高雄,2024-08-14,8843
9105,泰金寶-DR,89,4,85,玉山-高雄,2024-08-14,8843
00753L,中信中國50正2,101,17,84,玉山-高雄,2024-08-14,8843
00878,國泰永續高股息,238,162,76,玉山-高雄,2024-08-14,8843
00900,富邦特選高股息30,102,30,72,玉山-高雄,2024-08-14,8843
00795B,中信美國公債20年,66,0,66,玉山-高雄,2024-08-14,8843
00676R,富邦臺灣加權反1,50,0,50,玉山-高雄,2024-08-14,8843
1714,和桐,50,0,50,玉山-高雄,2024-08-14,8843
00946,群益科技高息成長,43,2,41,玉山-高雄,2024-08-14,8843
4402,郡都開發,59,20,39,玉山-高雄,2024-08-14,8843
00712,復華富時不動產,46,11,35,玉山-高雄,2024-08-14,8843
00679B,元大美債20年,66,33,33,玉山-高雄,2024-08-14,8843
8096,擎亞,165,133,32,玉山-高雄,2024-08-14,8843
1785,光洋科,61,31,30,玉山-高雄,2024-08-14,8843
2376,技嘉,36,6,30,玉山-高雄,2024-08-14,8843
2401,凌陽,44,16,28,玉山-高雄,2024-08-14,8843
3450,聯鈞,52,27,25,玉山-高雄,2024-08-14,8843
4513,福裕,53,28,25,玉山-高雄,2024-08-14,8843
2367,燿華,41,17,24,玉山-高雄,2024-08-14,8843
3303,岱稜,53,29,24,玉山-高雄,2024-08-14,8843
3228,金麗科,21,0,21,玉山-高雄,2024-08-14,8843
00637L,元大滬深300正2,51,30,21,玉山-高雄,2024-08-14,8843
00936,台新永續高息中小,53,33,20,玉山-高雄,2024-08-14,8843
00923,群益台ESG低碳50,31,12,19,玉山-高雄,2024-08-14,8843
00882,中信中國高股息,19,0,19,玉山-高雄,2024-08-14,8843
2892,第一金,18,0,18,玉山-高雄,2024-08-14,8843
2349,錸德,37,19,18,玉山-高雄,2024-08-14,8843
1609,大亞,23,6,17,玉山-高雄,2024-08-14,8843
2374,佳能,23,7,16,玉山-高雄,2024-08-14,8843
3518,柏騰,25,9,16,玉山-高雄,2024-08-14,8843
6269,台郡,22,6,16,玉山-高雄,2024-08-14,8843
2329,華泰,19,3,16,玉山-高雄,2024-08-14,8843
5302,太欣,15,0,15,玉山-高雄,2024-08-14,8843
5511,德昌,15,0,15,玉山-高雄,2024-08-14,8843
8064,東捷,73,58,15,玉山-高雄,2024-08-14,8843
00688L,國泰20年美債正2,589,6,583,玉山-高雄,2024-08-15,8843
00687B,國泰20年美債,590,66,524,玉山-高雄,2024-08-15,8843
00878,國泰永續高股息,466,32,434,玉山-高雄,2024-08-15,8843
00648R,元大S＆P500反1,300,0,300,玉山-高雄,2024-08-15,8843
00900,富邦特選高股息30,298,34,264,玉山-高雄,2024-08-15,8843
00679B,元大美債20年,289,42,247,玉山-高雄,2024-08-15,8843
00937B,群益ESG投等債20,253,10,243,玉山-高雄,2024-08-15,8843
00680L,元大美債20正2,209,6,203,玉山-高雄,2024-08-15,8843
2801,彰銀,157,3,154,玉山-高雄,2024-08-15,8843
00632R,元大台灣50反1,343,218,125,玉山-高雄,2024-08-15,8843
00948B,中信優息投資級債,163,45,118,玉山-高雄,2024-08-15,8843
00933B,國泰10Y+金融債,127,11,116,玉山-高雄,2024-08-15,8843
1101,台泥,185,80,105,玉山-高雄,2024-08-15,8843
1785,光洋科,173,78,95,玉山-高雄,2024-08-15,8843
00795B,中信美國公債20年,89,1,88,玉山-高雄,2024-08-15,8843
2884,玉山金,93,16,77,玉山-高雄,2024-08-15,8843
2317,鴻海,135,63,72,玉山-高雄,2024-08-15,8843
6285,啟��,78,7,71,玉山-高雄,2024-08-15,8843
2886,兆豐金,86,16,70,玉山-高雄,2024-08-15,8843
2515,中工,84,17,67,玉山-高雄,2024-08-15,8843
2002,中鋼,97,39,58,玉山-高雄,2024-08-15,8843
2338,光罩,53,0,53,玉山-高雄,2024-08-15,8843
2887,台新金,54,2,52,玉山-高雄,2024-08-15,8843
00664R,國泰臺灣加權反1,50,0,50,玉山-高雄,2024-08-15,8843
3707,漢磊,51,2,49,玉山-高雄,2024-08-15,8843
00936,台新永續高息中小,67,21,46,玉山-高雄,2024-08-15,8843
0056,元大高股息,68,27,41,玉山-高雄,2024-08-15,8843
00676R,富邦臺灣加權反1,40,0,40,玉山-高雄,2024-08-15,8843
3576,聯合再生,41,2,39,玉山-高雄,2024-08-15,8843
00919,群益台灣精選高息,64,28,36,玉山-高雄,2024-08-15,8843
2008,高興昌,35,0,35,玉山-高雄,2024-08-15,8843
00715L,期街口布蘭特正2,63,30,33,玉山-高雄,2024-08-15,8843
4540,全球傳動,71,38,33,玉山-高雄,2024-08-15,8843
2892,第一金,30,0,30,玉山-高雄,2024-08-15,8843
00927,群益半導體收益,53,26,27,玉山-高雄,2024-08-15,8843
2409,友達,40,14,26,玉山-高雄,2024-08-15,8843
2376,技嘉,45,19,26,玉山-高雄,2024-08-15,8843
1708,東鹼,31,5,26,玉山-高雄,2024-08-15,8843
2344,華邦電,29,4,25,玉山-高雄,2024-08-15,8843
2349,錸德,49,25,24,玉山-高雄,2024-08-15,8843
1540,喬福,26,5,21,玉山-高雄,2024-08-15,8843
1305,華夏,21,0,21,玉山-高雄,2024-08-15,8843
3013,晟銘電,49,29,20,玉山-高雄,2024-08-15,8843
2472,立隆電,20,0,20,玉山-高雄,2024-08-15,8843
1326,台化,22,2,20,玉山-高雄,2024-08-15,8843
6152,百一,29,10,19,玉山-高雄,2024-08-15,8843
5880,合庫金,20,1,19,玉山-高雄,2024-08-15,8843
3047,訊舟,47,28,19,玉山-高雄,2024-08-15,8843
6706,惠特,52,34,18,玉山-高雄,2024-08-15,8843
2352,佳世達,40,22,18,玉山-高雄,2024-08-15,8843
00929,復華台灣科技優息,698,290,408,玉山-高雄,2024-08-16,8843
00688L,國泰20年美債正2,582,197,385,玉山-高雄,2024-08-16,8843
00632R,元大台灣50反1,406,86,320,玉山-高雄,2024-08-16,8843
00687B,國泰20年美債,361,56,305,玉山-高雄,2024-08-16,8843
00648R,元大S＆P500反1,208,0,208,玉山-高雄,2024-08-16,8843
00795B,中信美國公債20年,195,0,195,玉山-高雄,2024-08-16,8843
00933B,國泰10Y+金融債,199,6,193,玉山-高雄,2024-08-16,8843
3715,定穎投控,216,25,191,玉山-高雄,2024-08-16,8843
2349,錸德,178,14,164,玉山-高雄,2024-08-16,8843
5905,南仁湖,167,13,154,玉山-高雄,2024-08-16,8843
2892,第一金,118,0,118,玉山-高雄,2024-08-16,8843
2002,中鋼,122,27,95,玉山-高雄,2024-08-16,8843
1416,廣豐,92,0,92,玉山-高雄,2024-08-16,8843
00676R,富邦臺灣加權反1,70,0,70,玉山-高雄,2024-08-16,8843
2324,仁寶,81,31,50,玉山-高雄,2024-08-16,8843
2489,瑞軒,114,65,49,玉山-高雄,2024-08-16,8843
2344,華邦電,63,16,47,玉山-高雄,2024-08-16,8843
8150,南茂,53,11,42,玉山-高雄,2024-08-16,8843
6596,寬宏藝術,41,0,41,玉山-高雄,2024-08-16,8843
00719B,元大美債1-3,31,0,31,玉山-高雄,2024-08-16,8843
1616,億泰,37,7,30,玉山-高雄,2024-08-16,8843
6133,金橋,33,4,29,玉山-高雄,2024-08-16,8843
2610,華航,46,21,25,玉山-高雄,2024-08-16,8843
2243,宏旭-KY,31,6,25,玉山-高雄,2024-08-16,8843
4114,健喬,28,5,23,玉山-高雄,2024-08-16,8843
00948B,中信優息投資級債,29,6,23,玉山-高雄,2024-08-16,8843
00936,台新永續高息中小,25,3,22,玉山-高雄,2024-08-16,8843
6505,台塑化,26,4,22,玉山-高雄,2024-08-16,8843
00664R,國泰臺灣加權反1,22,0,22,玉山-高雄,2024-08-16,8843
5484,慧友,26,5,21,玉山-高雄,2024-08-16,8843
1609,大亞,29,8,21,玉山-高雄,2024-08-16,8843
1785,光洋科,52,31,21,玉山-高雄,2024-08-16,8843
5381,合正,21,0,21,玉山-高雄,2024-08-16,8843
6443,元晶,24,4,20,玉山-高雄,2024-08-16,8843
3234,光環,20,0,20,玉山-高雄,2024-08-16,8843
2008,高興昌,20,0,20,玉山-高雄,2024-08-16,8843
8043,蜜望實,31,11,20,玉山-高雄,2024-08-16,8843
2845,遠東銀,24,5,19,玉山-高雄,2024-08-16,8843
00696B,富邦美債20年,18,0,18,玉山-高雄,2024-08-16,8843
8105,凌巨,30,12,18,玉山-高雄,2024-08-16,8843
00669R,國泰美國道瓊反1,18,0,18,玉山-高雄,2024-08-16,8843
8477,創業家,18,0,18,玉山-高雄,2024-08-16,8843
3663,鑫科,38,21,17,玉山-高雄,2024-08-16,8843
2618,長榮航,29,12,17,玉山-高雄,2024-08-16,8843
8110,華東,20,3,17,玉山-高雄,2024-08-16,8843
00945B,凱基美國非投等債,16,0,16,玉山-高雄,2024-08-16,8843
2524,京城,19,3,16,玉山-高雄,2024-08-16,8843
00931B,統一美債20年,22,6,16,玉山-高雄,2024-08-16,8843
8096,擎亞,103,87,16,玉山-高雄,2024-08-16,8843
00680L,元大美債20正2,178,162,16,玉山-高雄,2024-08-16,8843
00632R,元大台灣50反1,1014,80,934,玉山-高雄,2024-08-19,8843
00687B,國泰20年美債,625,16,609,玉山-高雄,2024-08-19,8843
3231,緯創,290,15,275,玉山-高雄,2024-08-19,8843
00937B,群益ESG投等債20,246,68,178,玉山-高雄,2024-08-19,8843
5905,南仁湖,202,61,141,玉山-高雄,2024-08-19,8843
00688L,國泰20年美債正2,117,0,117,玉山-高雄,2024-08-19,8843
2867,三商壽,133,17,116,玉山-高雄,2024-08-19,8843
00679B,元大美債20年,193,80,113,玉山-高雄,2024-08-19,8843
2515,中工,103,0,103,玉山-高雄,2024-08-19,8843
00929,復華台灣科技優息,175,79,96,玉山-高雄,2024-08-19,8843
00795B,中信美國公債20年,105,10,95,玉山-高雄,2024-08-19,8843
2359,所羅門,160,75,85,玉山-高雄,2024-08-19,8843
00923,群益台ESG低碳50,88,26,62,玉山-高雄,2024-08-19,8843
3047,訊舟,156,95,61,玉山-高雄,2024-08-19,8843
1513,中興電,68,9,59,玉山-高雄,2024-08-19,8843
3234,光環,63,5,58,玉山-高雄,2024-08-19,8843
00931B,統一美債20年,57,0,57,玉山-高雄,2024-08-19,8843
2002,中鋼,76,26,50,玉山-高雄,2024-08-19,8843
2883,凱基金,81,32,49,玉山-高雄,2024-08-19,8843
2323,中環,68,21,47,玉山-高雄,2024-08-19,8843
00933B,國泰10Y+金融債,48,2,46,玉山-高雄,2024-08-19,8843
00948B,中信優息投資級債,99,53,46,玉山-高雄,2024-08-19,8843
1616,億泰,44,1,43,玉山-高雄,2024-08-19,8843
8028,昇陽半導體,100,57,43,玉山-高雄,2024-08-19,8843
00715L,期街口布蘭特正2,93,52,41,玉山-高雄,2024-08-19,8843
3419,譁裕,40,0,40,玉山-高雄,2024-08-19,8843
00731,復華富時高息低波,41,3,38,玉山-高雄,2024-08-19,8843
9904,寶成,41,3,38,玉山-高雄,2024-08-19,8843
2062,橋椿,48,11,37,玉山-高雄,2024-08-19,8843
2845,遠東銀,36,0,36,玉山-高雄,2024-08-19,8843
2886,兆豐金,37,1,36,玉山-高雄,2024-08-19,8843
00676R,富邦臺灣加權反1,30,0,30,玉山-高雄,2024-08-19,8843
00936,台新永續高息中小,28,0,28,玉山-高雄,2024-08-19,8843
00945B,凱基美國非投等債,26,0,26,玉山-高雄,2024-08-19,8843
9945,潤泰新,27,1,26,玉山-高雄,2024-08-19,8843
5381,合正,25,0,25,玉山-高雄,2024-08-19,8843
6596,寬宏藝術,25,0,25,玉山-高雄,2024-08-19,8843
8011,台通,36,11,25,玉山-高雄,2024-08-19,8843
2313,華通,25,1,24,玉山-高雄,2024-08-19,8843
00725B,國泰投資級公司債,24,1,23,玉山-高雄,2024-08-19,8843
6609,瀧澤科,34,11,23,玉山-高雄,2024-08-19,8843
00942B,台新美A公司債20+,26,3,23,玉山-高雄,2024-08-19,8843
00712,復華富時不動產,32,11,21,玉山-高雄,2024-08-19,8843
6207,雷科,33,12,21,玉山-高雄,2024-08-19,8843
8930,青鋼,21,0,21,玉山-高雄,2024-08-19,8843
8096,擎亞,67,47,20,玉山-高雄,2024-08-19,8843
2615,萬海,36,15,21,玉山-高雄,2024-08-19,8843
2337,旺宏,20,0,20,玉山-高雄,2024-08-19,8843
2610,華航,31,11,20,玉山-高雄,2024-08-19,8843
4534,慶騰,25,5,20,玉山-高雄,2024-08-19,8843
2888,新光金,1372,486,886,玉山-高雄,2024-08-20,8843
3056,富華新,326,2,324,玉山-高雄,2024-08-20,8843
00715L,期街口布蘭特正2,339,25,314,玉山-高雄,2024-08-20,8843
1314,中石化,306,0,306,玉山-高雄,2024-08-20,8843
2062,橋椿,320,23,297,玉山-高雄,2024-08-20,8843
00687B,國泰20年美債,371,192,179,玉山-高雄,2024-08-20,8843
2867,三商壽,153,9,144,玉山-高雄,2024-08-20,8843
00680L,元大美債20正2,134,6,128,玉山-高雄,2024-08-20,8843
00688L,國泰20年美債正2,408,280,128,玉山-高雄,2024-08-20,8843
00665L,富邦�琤肭磪囓�2,117,7,110,玉山-高雄,2024-08-20,8843
00650L,復華香港正2,117,11,106,玉山-高雄,2024-08-20,8843
2317,鴻海,146,42,104,玉山-高雄,2024-08-20,8843
5905,南仁湖,134,45,89,玉山-高雄,2024-08-20,8843
2883,凱基金,90,8,82,玉山-高雄,2024-08-20,8843
00937B,群益ESG投等債20,118,53,65,玉山-高雄,2024-08-20,8843
00679B,元大美債20年,87,25,62,玉山-高雄,2024-08-20,8843
00919,群益台灣精選高息,98,50,48,玉山-高雄,2024-08-20,8843
2524,京城,50,4,46,玉山-高雄,2024-08-20,8843
00795B,中信美國公債20年,46,2,44,玉山-高雄,2024-08-20,8843
9935,慶豐富,45,1,44,玉山-高雄,2024-08-20,8843
2882,國泰金,43,7,36,玉山-高雄,2024-08-20,8843
2405,輔信,73,38,35,玉山-高雄,2024-08-20,8843
2002,中鋼,38,4,34,玉山-高雄,2024-08-20,8843
4513,福裕,44,13,31,玉山-高雄,2024-08-20,8843
00753L,中信中國50正2,34,3,31,玉山-高雄,2024-08-20,8843
2356,英業達,76,46,30,玉山-高雄,2024-08-20,8843
2542,興富發,68,37,31,玉山-高雄,2024-08-20,8843
00676R,富邦臺灣加權反1,30,0,30,玉山-高雄,2024-08-20,8843
6505,台塑化,36,7,29,玉山-高雄,2024-08-20,8843
6125,廣運,40,12,28,玉山-高雄,2024-08-20,8843
5484,慧友,29,1,28,玉山-高雄,2024-08-20,8843
2374,佳能,82,54,28,玉山-高雄,2024-08-20,8843
8064,東捷,106,78,28,玉山-高雄,2024-08-20,8843
6219,富旺,29,2,27,玉山-高雄,2024-08-20,8843
2881,富邦金,33,6,27,玉山-高雄,2024-08-20,8843
3663,鑫科,84,58,26,玉山-高雄,2024-08-20,8843
2489,瑞軒,65,39,26,玉山-高雄,2024-08-20,8843
9934,成霖,25,0,25,玉山-高雄,2024-08-20,8843
2392,正崴,45,20,25,玉山-高雄,2024-08-20,8843
2365,昆盈,94,70,24,玉山-高雄,2024-08-20,8843
9945,潤泰新,37,14,23,玉山-高雄,2024-08-20,8843
00637L,元大滬深300正2,23,0,23,玉山-高雄,2024-08-20,8843
2359,所羅門,50,27,23,玉山-高雄,2024-08-20,8843
2609,陽明,45,22,23,玉山-高雄,2024-08-20,8843
00923,群益台ESG低碳50,53,31,22,玉山-高雄,2024-08-20,8843
4562,穎漢,33,11,22,玉山-高雄,2024-08-20,8843
3607,谷崧,32,10,22,玉山-高雄,2024-08-20,8843
2014,中鴻,24,3,21,玉山-高雄,2024-08-20,8843
8234,新漢,27,6,21,玉山-高雄,2024-08-20,8843
8374,羅昇,28,7,21,玉山-高雄,2024-08-20,8843
2891,中信金,1224,27,1197,玉山-高雄,2024-08-21,8843
5905,南仁湖,472,206,266,玉山-高雄,2024-08-21,8843
00632R,元大台灣50反1,268,27,241,玉山-高雄,2024-08-21,8843
00715L,期街口布蘭特正2,181,0,181,玉山-高雄,2024-08-21,8843
2888,新光金,1861,1709,152,玉山-高雄,2024-08-21,8843
5011,久陽,123,5,118,玉山-高雄,2024-08-21,8843
00919,群益台灣精選高息,158,43,115,玉山-高雄,2024-08-21,8843
2524,京城,95,2,93,玉山-高雄,2024-08-21,8843
2542,興富發,96,4,92,玉山-高雄,2024-08-21,8843
3312,弘憶股,103,24,79,玉山-高雄,2024-08-21,8843
00676R,富邦臺灣加權反1,70,0,70,玉山-高雄,2024-08-21,8843
2354,鴻準,71,10,61,玉山-高雄,2024-08-21,8843
3041,揚智,60,0,60,玉山-高雄,2024-08-21,8843
9105,泰金寶-DR,70,11,59,玉山-高雄,2024-08-21,8843
3149,正達,50,0,50,玉山-高雄,2024-08-21,8843
8104,錸寶,65,17,48,玉山-高雄,2024-08-21,8843
5521,工信,45,0,45,玉山-高雄,2024-08-21,8843
6197,佳必琪,48,6,42,玉山-高雄,2024-08-21,8843
6596,寬宏藝術,41,1,40,玉山-高雄,2024-08-21,8843
6869,雲豹能源,74,37,37,玉山-高雄,2024-08-21,8843
00664R,國泰臺灣加權反1,35,0,35,玉山-高雄,2024-08-21,8843
2317,鴻海,86,52,34,玉山-高雄,2024-08-21,8843
00650L,復華香港正2,44,10,34,玉山-高雄,2024-08-21,8843
2515,中工,43,10,33,玉山-高雄,2024-08-21,8843
00946,群益科技高息成長,43,10,33,玉山-高雄,2024-08-21,8843
00915,凱基優選高股息30,32,1,31,玉山-高雄,2024-08-21,8843
3163,波若威,54,24,30,玉山-高雄,2024-08-21,8843
5381,合正,30,2,28,玉山-高雄,2024-08-21,8843
1409,新纖,65,37,28,玉山-高雄,2024-08-21,8843
3686,達能,28,1,27,玉山-高雄,2024-08-21,8843
1314,中石化,50,23,27,玉山-高雄,2024-08-21,8843
00940,元大台灣價值高息,149,122,27,玉山-高雄,2024-08-21,8843
2618,長榮航,80,54,26,玉山-高雄,2024-08-21,8843
00753L,中信中國50正2,81,55,26,玉山-高雄,2024-08-21,8843
00706L,期元大S＆P日圓正2,26,0,26,玉山-高雄,2024-08-21,8843
3535,晶彩科,107,83,24,玉山-高雄,2024-08-21,8843
2392,正崴,43,22,21,玉山-高雄,2024-08-21,8843
00719B,元大美債1-3,21,0,21,玉山-高雄,2024-08-21,8843
00679B,元大美債20年,52,31,21,玉山-高雄,2024-08-21,8843
2353,宏��,24,3,21,玉山-高雄,2024-08-21,8843
4167,松瑞藥,20,0,20,玉山-高雄,2024-08-21,8843
00712,復華富時不動產,20,0,20,玉山-高雄,2024-08-21,8843
2371,大同,26,6,20,玉山-高雄,2024-08-21,8843
6951,青新-創,19,0,19,玉山-高雄,2024-08-21,8843
8064,東捷,79,60,19,玉山-高雄,2024-08-21,8843
1101,台泥,21,2,19,玉山-高雄,2024-08-21,8843
00665L,富邦�琤肭磪囓�2,120,102,18,玉山-高雄,2024-08-21,8843
3294,英濟,18,0,18,玉山-高雄,2024-08-21,8843
00687B,國泰20年美債,70,52,18,玉山-高雄,2024-08-21,8843
2880,華南金,24,6,18,玉山-高雄,2024-08-21,8843
00688L,國泰20年美債正2,401,11,390,玉山-高雄,2024-08-22,8843
00687B,國泰20年美債,405,18,387,玉山-高雄,2024-08-22,8843
2891,中信金,611,315,296,玉山-高雄,2024-08-22,8843
00715L,期街口布蘭特正2,213,11,202,玉山-高雄,2024-08-22,8843
00680L,元大美債20正2,185,10,175,玉山-高雄,2024-08-22,8843
2890,永豐金,141,1,140,玉山-高雄,2024-08-22,8843
00878,國泰永續高股息,172,36,136,玉山-高雄,2024-08-22,8843
2349,錸德,489,377,112,玉山-高雄,2024-08-22,8843
00712,復華富時不動產,77,0,77,玉山-高雄,2024-08-22,8843
5905,南仁湖,103,36,67,玉山-高雄,2024-08-22,8843
00907,永豐優息存股,67,1,66,玉山-高雄,2024-08-22,8843
00679B,元大美債20年,72,6,66,玉山-高雄,2024-08-22,8843
4207,環泰,64,0,64,玉山-高雄,2024-08-22,8843
9945,潤泰新,65,6,59,玉山-高雄,2024-08-22,8843
2354,鴻準,64,6,58,玉山-高雄,2024-08-22,8843
2603,長榮,76,24,52,玉山-高雄,2024-08-22,8843
1314,中石化,64,13,51,玉山-高雄,2024-08-22,8843
2382,廣達,54,3,51,玉山-高雄,2024-08-22,8843
2062,橋椿,70,20,50,玉山-高雄,2024-08-22,8843
3056,富華新,130,81,49,玉山-高雄,2024-08-22,8843
1514,亞力,111,62,49,玉山-高雄,2024-08-22,8843
00937B,群益ESG投等債20,238,191,47,玉山-高雄,2024-08-22,8843
2615,萬海,53,7,46,玉山-高雄,2024-08-22,8843
00923,群益台ESG低碳50,49,4,45,玉山-高雄,2024-08-22,8843
00919,群益台灣精選高息,70,28,42,玉山-高雄,2024-08-22,8843
3047,訊舟,152,113,39,玉山-高雄,2024-08-22,8843
00953B,群益優選非投等債,36,0,36,玉山-高雄,2024-08-22,8843
00940,元大台灣價值高息,46,10,36,玉山-高雄,2024-08-22,8843
2413,環科,36,0,36,玉山-高雄,2024-08-22,8843
2867,三商壽,72,41,31,玉山-高雄,2024-08-22,8843
8096,擎亞,111,81,30,玉山-高雄,2024-08-22,8843
2317,鴻海,100,72,28,玉山-高雄,2024-08-22,8843
1616,億泰,30,2,28,玉山-高雄,2024-08-22,8843
6505,台塑化,49,22,27,玉山-高雄,2024-08-22,8843
2516,新建,27,0,27,玉山-高雄,2024-08-22,8843
2905,三商,28,1,27,玉山-高雄,2024-08-22,8843
00665L,富邦�琤肭磪囓�2,37,12,25,玉山-高雄,2024-08-22,8843
00936,台新永續高息中小,36,13,23,玉山-高雄,2024-08-22,8843
00642U,期元大S＆P石油,23,0,23,玉山-高雄,2024-08-22,8843
00882,中信中國高股息,23,0,23,玉山-高雄,2024-08-22,8843
8473,山林水,24,1,23,玉山-高雄,2024-08-22,8843
6248,沛波,22,0,22,玉山-高雄,2024-08-22,8843
3663,鑫科,45,23,22,玉山-高雄,2024-08-22,8843
00948B,中信優息投資級債,36,15,21,玉山-高雄,2024-08-22,8843
5011,久陽,24,4,20,玉山-高雄,2024-08-22,8843
1702,南僑,23,3,20,玉山-高雄,2024-08-22,8843
6668,中揚光,20,0,20,玉山-高雄,2024-08-22,8843
8033,雷虎,32,13,19,玉山-高雄,2024-08-22,8843
2498,宏達電,27,8,19,玉山-高雄,2024-08-22,8843
5876,上海商銀,18,0,18,玉山-高雄,2024-08-22,8843
00632R,元大台灣50反1,553,73,480,玉山-高雄,2024-08-23,8843
00676R,富邦臺灣加權反1,320,0,320,玉山-高雄,2024-08-23,8843
00929,復華台灣科技優息,221,52,169,玉山-高雄,2024-08-23,8843
00687B,國泰20年美債,188,23,165,玉山-高雄,2024-08-23,8843
2887,台新金,264,108,156,玉山-高雄,2024-08-23,8843
00919,群益台灣精選高息,154,2,152,玉山-高雄,2024-08-23,8843
2867,三商壽,180,38,142,玉山-高雄,2024-08-23,8843
00688L,國泰20年美債正2,152,10,142,玉山-高雄,2024-08-23,8843
2891,中信金,365,244,121,玉山-高雄,2024-08-23,8843
1711,永光,196,86,110,玉山-高雄,2024-08-23,8843
1314,中石化,192,82,110,玉山-高雄,2024-08-23,8843
1409,新纖,101,2,99,玉山-高雄,2024-08-23,8843
00878,國泰永續高股息,139,55,84,玉山-高雄,2024-08-23,8843
00679B,元大美債20年,114,31,83,玉山-高雄,2024-08-23,8843
3056,富華新,72,0,72,玉山-高雄,2024-08-23,8843
00881,國泰台灣5G+,54,0,54,玉山-高雄,2024-08-23,8843
8064,東捷,245,194,51,玉山-高雄,2024-08-23,8843
1722,台肥,50,0,50,玉山-高雄,2024-08-23,8843
3189,景碩,88,44,44,玉山-高雄,2024-08-23,8843
4167,松瑞藥,45,1,44,玉山-高雄,2024-08-23,8843
2515,中工,66,22,44,玉山-高雄,2024-08-23,8843
2890,永豐金,45,6,39,玉山-高雄,2024-08-23,8843
0056,元大高股息,45,7,38,玉山-高雄,2024-08-23,8843
00907,永豐優息存股,34,0,34,玉山-高雄,2024-08-23,8843
8071,能率網通,50,16,34,玉山-高雄,2024-08-23,8843
2337,旺宏,31,1,30,玉山-高雄,2024-08-23,8843
3294,英濟,33,4,29,玉山-高雄,2024-08-23,8843
4513,福裕,66,37,29,玉山-高雄,2024-08-23,8843
2317,鴻海,67,39,28,玉山-高雄,2024-08-23,8843
1513,中興電,37,9,28,玉山-高雄,2024-08-23,8843
00918,大華優利高填息30,31,3,28,玉山-高雄,2024-08-23,8843
8039,台虹,35,8,27,玉山-高雄,2024-08-23,8843
2615,萬海,56,28,28,玉山-高雄,2024-08-23,8843
00795B,中信美國公債20年,28,1,27,玉山-高雄,2024-08-23,8843
2885,元大金,28,3,25,玉山-高雄,2024-08-23,8843
1316,上曜,37,12,25,玉山-高雄,2024-08-23,8843
6548,長科*,25,0,25,玉山-高雄,2024-08-23,8843
5309,系統電,33,10,23,玉山-高雄,2024-08-23,8843
2542,興富發,27,5,22,玉山-高雄,2024-08-23,8843
2609,陽明,41,22,19,玉山-高雄,2024-08-23,8843
2356,英業達,32,14,18,玉山-高雄,2024-08-23,8843
5521,工信,20,2,18,玉山-高雄,2024-08-23,8843
4906,正文,25,7,18,玉山-高雄,2024-08-23,8843
6177,達麗,20,3,17,玉山-高雄,2024-08-23,8843
1301,台塑,19,3,16,玉山-高雄,2024-08-23,8843
2363,矽統,21,5,16,玉山-高雄,2024-08-23,8843
00669R,國泰美國道瓊反1,16,0,16,玉山-高雄,2024-08-23,8843
9105,泰金寶-DR,18,2,16,玉山-高雄,2024-08-23,8843
00936,台新永續高息中小,15,0,15,玉山-高雄,2024-08-23,8843
5452,佶優,20,5,15,玉山-高雄,2024-08-23,8843
2891,中信金,441,150,291,玉山-高雄,2024-08-26,8843
00929,復華台灣科技優息,276,105,171,玉山-高雄,2024-08-26,8843
2515,中工,163,13,150,玉山-高雄,2024-08-26,8843
3715,定穎投控,148,11,137,玉山-高雄,2024-08-26,8843
00937B,群益ESG投等債20,175,39,136,玉山-高雄,2024-08-26,8843
3056,富華新,139,8,131,玉山-高雄,2024-08-26,8843
00687B,國泰20年美債,141,15,126,玉山-高雄,2024-08-26,8843
00712,復華富時不動產,109,22,87,玉山-高雄,2024-08-26,8843
2409,友達,165,80,85,玉山-高雄,2024-08-26,8843
00680L,元大美債20正2,182,101,81,玉山-高雄,2024-08-26,8843
00688L,國泰20年美債正2,71,0,71,玉山-高雄,2024-08-26,8843
2888,新光金,1837,1767,70,玉山-高雄,2024-08-26,8843
00795B,中信美國公債20年,68,0,68,玉山-高雄,2024-08-26,8843
5905,南仁湖,75,11,64,玉山-高雄,2024-08-26,8843
00676R,富邦臺灣加權反1,60,0,60,玉山-高雄,2024-08-26,8843
00948B,中信優息投資級債,111,52,59,玉山-高雄,2024-08-26,8843
00679B,元大美債20年,80,26,54,玉山-高雄,2024-08-26,8843
2349,錸德,193,140,53,玉山-高雄,2024-08-26,8843
00637L,元大滬深300正2,50,1,49,玉山-高雄,2024-08-26,8843
1711,永光,127,80,47,玉山-高雄,2024-08-26,8843
3062,建漢,61,15,46,玉山-高雄,2024-08-26,8843
6505,台塑化,57,14,43,玉山-高雄,2024-08-26,8843
6596,寬宏藝術,42,0,42,玉山-高雄,2024-08-26,8843
4906,正文,45,6,39,玉山-高雄,2024-08-26,8843
3535,晶彩科,56,18,38,玉山-高雄,2024-08-26,8843
5443,均豪,181,145,36,玉山-高雄,2024-08-26,8843
3580,友威科,44,11,33,玉山-高雄,2024-08-26,8843
00951,台新日本半導體,33,0,33,玉山-高雄,2024-08-26,8843
2845,遠東銀,33,0,33,玉山-高雄,2024-08-26,8843
6606,建德工業,32,0,32,玉山-高雄,2024-08-26,8843
00878,國泰永續高股息,81,50,31,玉山-高雄,2024-08-26,8843
6573,虹揚-KY,30,0,30,玉山-高雄,2024-08-26,8843
5475,德宏,30,0,30,玉山-高雄,2024-08-26,8843
2405,輔信,105,76,29,玉山-高雄,2024-08-26,8843
2413,環科,33,5,28,玉山-高雄,2024-08-26,8843
00919,群益台灣精選高息,64,36,28,玉山-高雄,2024-08-26,8843
8028,昇陽半導體,111,83,28,玉山-高雄,2024-08-26,8843
1316,上曜,33,6,27,玉山-高雄,2024-08-26,8843
5498,凱崴,30,3,27,玉山-高雄,2024-08-26,8843
3260,威剛,35,8,27,玉山-高雄,2024-08-26,8843
00633L,富邦上証正2,26,0,26,玉山-高雄,2024-08-26,8843
2601,益航,27,1,26,玉山-高雄,2024-08-26,8843
00664R,國泰臺灣加權反1,25,0,25,玉山-高雄,2024-08-26,8843
00953B,群益優選非投等債,23,0,23,玉山-高雄,2024-08-26,8843
2637,慧洋-KY,24,1,23,玉山-高雄,2024-08-26,8843
4562,穎漢,36,13,23,玉山-高雄,2024-08-26,8843
2331,精英,50,28,22,玉山-高雄,2024-08-26,8843
1609,大亞,27,7,20,玉山-高雄,2024-08-26,8843
1702,南僑,20,0,20,玉山-高雄,2024-08-26,8843
6869,雲豹能源,26,6,20,玉山-高雄,2024-08-26,8843
2891,中信金,818,150,668,玉山-高雄,2024-08-27,8843
2515,中工,461,20,441,玉山-高雄,2024-08-27,8843
9904,寶成,426,0,426,玉山-高雄,2024-08-27,8843
00919,群益台灣精選高息,171,17,154,玉山-高雄,2024-08-27,8843
3481,群創,415,273,142,玉山-高雄,2024-08-27,8843
2883,凱基金,127,3,124,玉山-高雄,2024-08-27,8843
00687B,國泰20年美債,122,23,99,玉山-高雄,2024-08-27,8843
00753L,中信中國50正2,88,0,88,玉山-高雄,2024-08-27,8843
00679B,元大美債20年,88,2,86,玉山-高雄,2024-08-27,8843
00881,國泰台灣5G+,87,12,75,玉山-高雄,2024-08-27,8843
00929,復華台灣科技優息,133,60,73,玉山-高雄,2024-08-27,8843
00676R,富邦臺灣加權反1,70,0,70,玉山-高雄,2024-08-27,8843
00878,國泰永續高股息,124,59,65,玉山-高雄,2024-08-27,8843
00937B,群益ESG投等債20,77,13,64,玉山-高雄,2024-08-27,8843
2867,三商壽,236,173,63,玉山-高雄,2024-08-27,8843
8039,台虹,117,57,60,玉山-高雄,2024-08-27,8843
2542,興富發,57,2,55,玉山-高雄,2024-08-27,8843
2609,陽明,64,11,53,玉山-高雄,2024-08-27,8843
2845,遠東銀,53,0,53,玉山-高雄,2024-08-27,8843
8064,東捷,135,83,52,玉山-高雄,2024-08-27,8843
2317,鴻海,57,8,49,玉山-高雄,2024-08-27,8843
00918,大華優利高填息30,47,1,46,玉山-高雄,2024-08-27,8843
2634,漢翔,47,1,46,玉山-高雄,2024-08-27,8843
2399,映泰,119,73,46,玉山-高雄,2024-08-27,8843
00940,元大台灣價值高息,79,34,45,玉山-高雄,2024-08-27,8843
00946,群益科技高息成長,41,0,41,玉山-高雄,2024-08-27,8843
00795B,中信美國公債20年,39,0,39,玉山-高雄,2024-08-27,8843
2402,毅嘉,103,64,39,玉山-高雄,2024-08-27,8843
00936,台新永續高息中小,40,2,38,玉山-高雄,2024-08-27,8843
6505,台塑化,41,4,37,玉山-高雄,2024-08-27,8843
1722,台肥,37,0,37,玉山-高雄,2024-08-27,8843
2303,聯電,33,0,33,玉山-高雄,2024-08-27,8843
2834,臺企銀,34,4,30,玉山-高雄,2024-08-27,8843
1597,直得,43,14,29,玉山-高雄,2024-08-27,8843
4967,十銓,55,26,29,玉山-高雄,2024-08-27,8843
4909,新復興,32,3,29,玉山-高雄,2024-08-27,8843
00632R,元大台灣50反1,82,54,28,玉山-高雄,2024-08-27,8843
8027,鈦昇,36,8,28,玉山-高雄,2024-08-27,8843
00951,台新日本半導體,26,0,26,玉山-高雄,2024-08-27,8843
00688L,國泰20年美債正2,25,0,25,玉山-高雄,2024-08-27,8843
2429,銘旺科,25,1,24,玉山-高雄,2024-08-27,8843
00934,中信成長高股息,30,7,23,玉山-高雄,2024-08-27,8843
9945,潤泰新,26,4,22,玉山-高雄,2024-08-27,8843
1301,台塑,30,8,22,玉山-高雄,2024-08-27,8843
2330,台積電,23,1,22,玉山-高雄,2024-08-27,8843
2027,大成鋼,20,0,20,玉山-高雄,2024-08-27,8843
2409,友達,31,11,20,玉山-高雄,2024-08-27,8843
3550,聯穎,26,7,19,玉山-高雄,2024-08-27,8843
5469,瀚宇博,21,3,18,玉山-高雄,2024-08-27,8843
5371,中光電,20,2,18,玉山-高雄,2024-08-27,8843
00632R,元大台灣50反1,740,10,730,玉山-高雄,2024-08-28,8843
00676R,富邦臺灣加權反1,250,0,250,玉山-高雄,2024-08-28,8843
2515,中工,340,110,230,玉山-高雄,2024-08-28,8843
00637L,元大滬深300正2,146,21,125,玉山-高雄,2024-08-28,8843
00948B,中信優息投資級債,108,2,106,玉山-高雄,2024-08-28,8843
1802,台玻,102,2,100,玉山-高雄,2024-08-28,8843
00937B,群益ESG投等債20,183,84,99,玉山-高雄,2024-08-28,8843
00753L,中信中國50正2,98,0,98,玉山-高雄,2024-08-28,8843
6505,台塑化,89,8,81,玉山-高雄,2024-08-28,8843
00665L,富邦�琤肭磪囓�2,94,14,80,玉山-高雄,2024-08-28,8843
1907,永豐餘,80,0,80,玉山-高雄,2024-08-28,8843
2349,錸德,98,19,79,玉山-高雄,2024-08-28,8843
2884,玉山金,140,63,77,玉山-高雄,2024-08-28,8843
2405,輔信,79,10,69,玉山-高雄,2024-08-28,8843
00919,群益台灣精選高息,71,3,68,玉山-高雄,2024-08-28,8843
2402,毅嘉,129,65,64,玉山-高雄,2024-08-28,8843
4564,元翎,63,0,63,玉山-高雄,2024-08-28,8843
6596,寬宏藝術,61,1,60,玉山-高雄,2024-08-28,8843
2912,統一超,60,0,60,玉山-高雄,2024-08-28,8843
2886,兆豐金,60,1,59,玉山-高雄,2024-08-28,8843
2409,友達,121,65,56,玉山-高雄,2024-08-28,8843
00679B,元大美債20年,64,11,53,玉山-高雄,2024-08-28,8843
4540,全球傳動,123,75,48,玉山-高雄,2024-08-28,8843
00878,國泰永續高股息,77,32,45,玉山-高雄,2024-08-28,8843
4513,福裕,87,42,45,玉山-高雄,2024-08-28,8843
00946,群益科技高息成長,39,0,39,玉山-高雄,2024-08-28,8843
1536,和大,44,7,37,玉山-高雄,2024-08-28,8843
00650L,復華香港正2,62,26,36,玉山-高雄,2024-08-28,8843
9105,泰金寶-DR,34,0,34,玉山-高雄,2024-08-28,8843
1612,宏泰,34,0,34,玉山-高雄,2024-08-28,8843
9910,豐泰,39,6,33,玉山-高雄,2024-08-28,8843
8039,台虹,46,16,30,玉山-高雄,2024-08-28,8843
3059,華晶科,35,5,30,玉山-高雄,2024-08-28,8843
00664R,國泰臺灣加權反1,29,0,29,玉山-高雄,2024-08-28,8843
2880,華南金,28,0,28,玉山-高雄,2024-08-28,8843
1301,台塑,36,10,26,玉山-高雄,2024-08-28,8843
2890,永豐金,27,1,26,玉山-高雄,2024-08-28,8843
4155,訊映,25,0,25,玉山-高雄,2024-08-28,8843
4534,慶騰,32,7,25,玉山-高雄,2024-08-28,8843
8011,台通,44,19,25,玉山-高雄,2024-08-28,8843
2489,瑞軒,30,5,25,玉山-高雄,2024-08-28,8843
00687B,國泰20年美債,67,43,24,玉山-高雄,2024-08-28,8843
2324,仁寶,24,1,23,玉山-高雄,2024-08-28,8843
00959B,大華投等美債15Y+,22,0,22,玉山-高雄,2024-08-28,8843
2392,正崴,42,20,22,玉山-高雄,2024-08-28,8843
2062,橋椿,43,22,21,玉山-高雄,2024-08-28,8843
2365,昆盈,52,31,21,玉山-高雄,2024-08-28,8843
6443,元晶,23,3,20,玉山-高雄,2024-08-28,8843
5381,合正,20,0,20,玉山-高雄,2024-08-28,8843
4563,百德,20,0,20,玉山-高雄,2024-08-28,8843
2891,中信金,469,64,405,玉山-高雄,2024-08-29,8843
1314,中石化,365,91,274,玉山-高雄,2024-08-29,8843
00948B,中信優息投資級債,125,0,125,玉山-高雄,2024-08-29,8843
00679B,元大美債20年,127,5,122,玉山-高雄,2024-08-29,8843
00687B,國泰20年美債,120,3,117,玉山-高雄,2024-08-29,8843
00929,復華台灣科技優息,140,33,107,玉山-高雄,2024-08-29,8843
00753L,中信中國50正2,103,0,103,玉山-高雄,2024-08-29,8843
6596,寬宏藝術,93,0,93,玉山-高雄,2024-08-29,8843
00937B,群益ESG投等債20,248,169,79,玉山-高雄,2024-08-29,8843
4510,高鋒,115,49,66,玉山-高雄,2024-08-29,8843
00680L,元大美債20正2,79,15,64,玉山-高雄,2024-08-29,8843
2867,三商壽,67,4,63,玉山-高雄,2024-08-29,8843
4563,百德,58,5,53,玉山-高雄,2024-08-29,8843
00665L,富邦�琤肭磪囓�2,128,80,48,玉山-高雄,2024-08-29,8843
00946,群益科技高息成長,55,10,45,玉山-高雄,2024-08-29,8843
00795B,中信美國公債20年,63,19,44,玉山-高雄,2024-08-29,8843
1316,上曜,72,29,43,玉山-高雄,2024-08-29,8843
00919,群益台灣精選高息,100,57,43,玉山-高雄,2024-08-29,8843
2610,華航,54,13,41,玉山-高雄,2024-08-29,8843
6603,富強鑫,96,56,40,玉山-高雄,2024-08-29,8843
2330,台積電,42,4,38,玉山-高雄,2024-08-29,8843
3481,群創,89,51,38,玉山-高雄,2024-08-29,8843
00959B,大華投等美債15Y+,36,0,36,玉山-高雄,2024-08-29,8843
2317,鴻海,77,41,36,玉山-高雄,2024-08-29,8843
2312,金寶,54,19,35,玉山-高雄,2024-08-29,8843
00650L,復華香港正2,37,4,33,玉山-高雄,2024-08-29,8843
6869,雲豹能源,39,7,32,玉山-高雄,2024-08-29,8843
6116,彩晶,40,8,32,玉山-高雄,2024-08-29,8843
8111,立��,50,19,31,玉山-高雄,2024-08-29,8843
2537,聯上發,33,4,29,玉山-高雄,2024-08-29,8843
5443,均豪,196,168,28,玉山-高雄,2024-08-29,8843
2340,台亞,31,5,26,玉山-高雄,2024-08-29,8843
00830,國泰費城半導體,34,8,26,玉山-高雄,2024-08-29,8843
00934,中信成長高股息,25,0,25,玉山-高雄,2024-08-29,8843
3056,富華新,25,0,25,玉山-高雄,2024-08-29,8843
4540,全球傳動,25,1,24,玉山-高雄,2024-08-29,8843
3105,穩懋,38,15,23,玉山-高雄,2024-08-29,8843
3450,聯鈞,133,111,22,玉山-高雄,2024-08-29,8843
4714,永捷,21,1,20,玉山-高雄,2024-08-29,8843
8040,九暘,20,0,20,玉山-高雄,2024-08-29,8843
00710B,復華彭博非投等債,20,0,20,玉山-高雄,2024-08-29,8843
2382,廣達,67,49,18,玉山-高雄,2024-08-29,8843
5880,合庫金,20,3,17,玉山-高雄,2024-08-29,8843
8927,北基,20,3,17,玉山-高雄,2024-08-29,8843
2371,大同,44,27,17,玉山-高雄,2024-08-29,8843
6609,瀧澤科,30,13,17,玉山-高雄,2024-08-29,8843
0050,元大台灣50,19,3,16,玉山-高雄,2024-08-29,8843
3231,緯創,22,6,16,玉山-高雄,2024-08-29,8843
00688L,國泰20年美債正2,16,0,16,玉山-高雄,2024-08-29,8843
00918,大華優利高填息30,36,20,16,玉山-高雄,2024-08-29,8843
1314,中石化,146,22,124,玉山-高雄,2024-08-30,8843
6151,晉倫,185,65,120,玉山-高雄,2024-08-30,8843
00679B,元大美債20年,148,40,108,玉山-高雄,2024-08-30,8843
2886,兆豐金,110,3,107,玉山-高雄,2024-08-30,8843
4526,東台,220,129,91,玉山-高雄,2024-08-30,8843
00688L,國泰20年美債正2,120,35,85,玉山-高雄,2024-08-30,8843
00632R,元大台灣50反1,116,31,85,玉山-高雄,2024-08-30,8843
3481,群創,230,146,84,玉山-高雄,2024-08-30,8843
2888,新光金,140,56,84,玉山-高雄,2024-08-30,8843
00687B,國泰20年美債,86,16,70,玉山-高雄,2024-08-30,8843
2356,英業達,97,28,69,玉山-高雄,2024-08-30,8843
00882,中信中國高股息,204,150,54,玉山-高雄,2024-08-30,8843
2367,燿華,140,91,49,玉山-高雄,2024-08-30,8843
2801,彰銀,50,1,49,玉山-高雄,2024-08-30,8843
00959B,大華投等美債15Y+,48,0,48,玉山-高雄,2024-08-30,8843
2425,承啟,80,33,47,玉山-高雄,2024-08-30,8843
2515,中工,55,8,47,玉山-高雄,2024-08-30,8843
6505,台塑化,74,28,46,玉山-高雄,2024-08-30,8843
00948B,中信優息投資級債,56,12,44,玉山-高雄,2024-08-30,8843
3535,晶彩科,48,5,43,玉山-高雄,2024-08-30,8843
4908,前鼎,56,13,43,玉山-高雄,2024-08-30,8843
00937B,群益ESG投等債20,192,151,41,玉山-高雄,2024-08-30,8843
00931B,統一美債20年,40,0,40,玉山-高雄,2024-08-30,8843
00676R,富邦臺灣加權反1,40,0,40,玉山-高雄,2024-08-30,8843
00680L,元大美債20正2,44,6,38,玉山-高雄,2024-08-30,8843
8374,羅昇,41,4,37,玉山-高雄,2024-08-30,8843
00933B,國泰10Y+金融債,39,3,36,玉山-高雄,2024-08-30,8843
2313,華通,112,78,34,玉山-高雄,2024-08-30,8843
3303,岱稜,64,31,33,玉山-高雄,2024-08-30,8843
6596,寬宏藝術,35,3,32,玉山-高雄,2024-08-30,8843
2364,倫飛,29,0,29,玉山-高雄,2024-08-30,8843
8111,立��,50,22,28,玉山-高雄,2024-08-30,8843
6548,長科*,38,11,27,玉山-高雄,2024-08-30,8843
8150,南茂,28,1,27,玉山-高雄,2024-08-30,8843
5905,南仁湖,48,22,26,玉山-高雄,2024-08-30,8843
00795B,中信美國公債20年,25,0,25,玉山-高雄,2024-08-30,8843
00919,群益台灣精選高息,64,39,25,玉山-高雄,2024-08-30,8843
00664R,國泰臺灣加權反1,24,0,24,玉山-高雄,2024-08-30,8843
2542,興富發,42,18,24,玉山-高雄,2024-08-30,8843
6120,達運,23,1,22,玉山-高雄,2024-08-30,8843
8107,大億金茂,24,3,21,玉山-高雄,2024-08-30,8843
3645,達邁,29,8,21,玉山-高雄,2024-08-30,8843
1802,台玻,50,30,20,玉山-高雄,2024-08-30,8843
4563,百德,22,2,20,玉山-高雄,2024-08-30,8843
3019,亞光,37,17,20,玉山-高雄,2024-08-30,8843
8086,宏捷科,32,13,19,玉山-高雄,2024-08-30,8843
5386,青雲,47,28,19,玉山-高雄,2024-08-30,8843
4561,健椿,40,21,19,玉山-高雄,2024-08-30,8843
8085,福華,29,11,18,玉山-高雄,2024-08-30,8843
6541,泰福-KY,20,2,18,玉山-高雄,2024-08-30,8843
00937B,群益ESG投等債20,530,3,527,玉山-高雄,2024-09-02,8843
00715L,期街口布蘭特正2,439,1,438,玉山-高雄,2024-09-02,8843
00665L,富邦�琤肭磪囓�2,347,0,347,玉山-高雄,2024-09-02,8843
00919,群益台灣精選高息,347,11,336,玉山-高雄,2024-09-02,8843
00688L,國泰20年美債正2,297,64,233,玉山-高雄,2024-09-02,8843
00637L,元大滬深300正2,201,2,199,玉山-高雄,2024-09-02,8843
3481,群創,272,90,182,玉山-高雄,2024-09-02,8843
00687B,國泰20年美債,180,16,164,玉山-高雄,2024-09-02,8843
00918,大華優利高填息30,99,1,98,玉山-高雄,2024-09-02,8843
00680L,元大美債20正2,185,101,84,玉山-高雄,2024-09-02,8843
4513,福裕,118,40,78,玉山-高雄,2024-09-02,8843
00650L,復華香港正2,94,20,74,玉山-高雄,2024-09-02,8843
00915,凱基優選高股息30,80,6,74,玉山-高雄,2024-09-02,8843
2603,長榮,119,46,73,玉山-高雄,2024-09-02,8843
00679B,元大美債20年,71,12,59,玉山-高雄,2024-09-02,8843
00753L,中信中國50正2,57,1,56,玉山-高雄,2024-09-02,8843
00948B,中信優息投資級債,67,12,55,玉山-高雄,2024-09-02,8843
6116,彩晶,52,0,52,玉山-高雄,2024-09-02,8843
00945B,凱基美國非投等債,74,26,48,玉山-高雄,2024-09-02,8843
6153,嘉聯益,45,0,45,玉山-高雄,2024-09-02,8843
1314,中石化,51,7,44,玉山-高雄,2024-09-02,8843
00935,野村臺灣新科技50,46,3,43,玉山-高雄,2024-09-02,8843
1301,台塑,47,7,40,玉山-高雄,2024-09-02,8843
1303,南亞,56,17,39,玉山-高雄,2024-09-02,8843
00751B,元大AAA至A公司債,38,0,38,玉山-高雄,2024-09-02,8843
2337,旺宏,37,0,37,玉山-高雄,2024-09-02,8843
1717,長興,62,25,37,玉山-高雄,2024-09-02,8843
00936,台新永續高息中小,34,0,34,玉山-高雄,2024-09-02,8843
2002,中鋼,45,12,33,玉山-高雄,2024-09-02,8843
8070,長華*,80,48,32,玉山-高雄,2024-09-02,8843
4714,永捷,40,9,31,玉山-高雄,2024-09-02,8843
2323,中環,31,1,30,玉山-高雄,2024-09-02,8843
00676R,富邦臺灣加權反1,30,0,30,玉山-高雄,2024-09-02,8843
3032,偉訓,50,20,30,玉山-高雄,2024-09-02,8843
00642U,期元大S＆P石油,30,0,30,玉山-高雄,2024-09-02,8843
1597,直得,91,63,28,玉山-高雄,2024-09-02,8843
2615,萬海,48,21,27,玉山-高雄,2024-09-02,8843
00939,統一台灣高息動能,29,2,27,玉山-高雄,2024-09-02,8843
00795B,中信美國公債20年,29,2,27,玉山-高雄,2024-09-02,8843
0056,元大高股息,40,14,26,玉山-高雄,2024-09-02,8843
2537,聯上發,55,29,26,玉山-高雄,2024-09-02,8843
00959B,大華投等美債15Y+,26,0,26,玉山-高雄,2024-09-02,8843
00878,國泰永續高股息,87,62,25,玉山-高雄,2024-09-02,8843
2352,佳世達,56,33,23,玉山-高雄,2024-09-02,8843
1326,台化,23,0,23,玉山-高雄,2024-09-02,8843
3024,憶聲,23,0,23,玉山-高雄,2024-09-02,8843
9945,潤泰新,25,3,22,玉山-高雄,2024-09-02,8843
6869,雲豹能源,33,11,22,玉山-高雄,2024-09-02,8843
1519,華城,26,5,21,玉山-高雄,2024-09-02,8843
2524,京城,142,121,21,玉山-高雄,2024-09-02,8843
00919,群益台灣精選高息,968,125,843,玉山-高雄,2024-09-03,8843
00687B,國泰20年美債,406,7,399,玉山-高雄,2024-09-03,8843
00918,大華優利高填息30,214,0,214,玉山-高雄,2024-09-03,8843
00937B,群益ESG投等債20,238,67,171,玉山-高雄,2024-09-03,8843
00951,台新日本半導體,118,0,118,玉山-高雄,2024-09-03,8843
8422,可寧衛,87,0,87,玉山-高雄,2024-09-03,8843
00637L,元大滬深300正2,94,10,84,玉山-高雄,2024-09-03,8843
3037,欣興,84,0,84,玉山-高雄,2024-09-03,8843
3056,富華新,81,0,81,玉山-高雄,2024-09-03,8843
1101,台泥,82,4,78,玉山-高雄,2024-09-03,8843
00929,復華台灣科技優息,299,223,76,玉山-高雄,2024-09-03,8843
3481,群創,141,70,71,玉山-高雄,2024-09-03,8843
00915,凱基優選高股息30,71,0,71,玉山-高雄,2024-09-03,8843
00878,國泰永續高股息,87,18,69,玉山-高雄,2024-09-03,8843
00882,中信中國高股息,72,6,66,玉山-高雄,2024-09-03,8843
2323,中環,82,20,62,玉山-高雄,2024-09-03,8843
00679B,元大美債20年,81,20,61,玉山-高雄,2024-09-03,8843
2002,中鋼,59,1,58,玉山-高雄,2024-09-03,8843
2867,三商壽,77,20,57,玉山-高雄,2024-09-03,8843
1316,上曜,66,13,53,玉山-高雄,2024-09-03,8843
00632R,元大台灣50反1,61,12,49,玉山-高雄,2024-09-03,8843
2464,盟立,96,54,42,玉山-高雄,2024-09-03,8843
5880,合庫金,52,10,42,玉山-高雄,2024-09-03,8843
2891,中信金,84,42,42,玉山-高雄,2024-09-03,8843
2347,聯強,40,2,38,玉山-高雄,2024-09-03,8843
1519,華城,46,8,38,玉山-高雄,2024-09-03,8843
00680L,元大美債20正2,37,0,37,玉山-高雄,2024-09-03,8843
1314,中石化,80,43,37,玉山-高雄,2024-09-03,8843
00930,永豐ESG低碳高息,36,0,36,玉山-高雄,2024-09-03,8843
00946,群益科技高息成長,48,18,30,玉山-高雄,2024-09-03,8843
9904,寶成,30,0,30,玉山-高雄,2024-09-03,8843
6290,良維,31,1,30,玉山-高雄,2024-09-03,8843
00795B,中信美國公債20年,28,0,28,玉山-高雄,2024-09-03,8843
2834,臺企銀,26,0,26,玉山-高雄,2024-09-03,8843
2344,華邦電,27,1,26,玉山-高雄,2024-09-03,8843
2409,友達,28,3,25,玉山-高雄,2024-09-03,8843
2449,京元電子,35,10,25,玉山-高雄,2024-09-03,8843
1303,南亞,24,0,24,玉山-高雄,2024-09-03,8843
2313,華通,82,58,24,玉山-高雄,2024-09-03,8843
1301,台塑,46,23,23,玉山-高雄,2024-09-03,8843
8299,群聯,23,1,22,玉山-高雄,2024-09-03,8843
9945,潤泰新,24,2,22,玉山-高雄,2024-09-03,8843
6596,寬宏藝術,23,1,22,玉山-高雄,2024-09-03,8843
6770,力積電,23,2,21,玉山-高雄,2024-09-03,8843
6116,彩晶,21,0,21,玉山-高雄,2024-09-03,8843
00719B,元大美債1-3,20,0,20,玉山-高雄,2024-09-03,8843
1815,富喬,47,27,20,玉山-高雄,2024-09-03,8843
8150,南茂,20,0,20,玉山-高雄,2024-09-03,8843
0056,元大高股息,24,4,20,玉山-高雄,2024-09-03,8843
3042,晶技,21,2,19,玉山-高雄,2024-09-03,8843
00632R,元大台灣50反1,1681,596,1085,玉山-高雄,2024-09-04,8843
00929,復華台灣科技優息,996,70,926,玉山-高雄,2024-09-04,8843
00688L,國泰20年美債正2,891,130,761,玉山-高雄,2024-09-04,8843
00919,群益台灣精選高息,841,148,693,玉山-高雄,2024-09-04,8843
00918,大華優利高填息30,527,17,510,玉山-高雄,2024-09-04,8843
00878,國泰永續高股息,602,196,406,玉山-高雄,2024-09-04,8843
00940,元大台灣價值高息,463,64,399,玉山-高雄,2024-09-04,8843
2891,中信金,452,122,330,玉山-高雄,2024-09-04,8843
00715L,期街口布蘭特正2,325,29,296,玉山-高雄,2024-09-04,8843
0056,元大高股息,285,17,268,玉山-高雄,2024-09-04,8843
00669R,國泰美國道瓊反1,200,0,200,玉山-高雄,2024-09-04,8843
9904,寶成,203,4,199,玉山-高雄,2024-09-04,8843
3037,欣興,190,10,180,玉山-高雄,2024-09-04,8843
00687B,國泰20年美債,280,105,175,玉山-高雄,2024-09-04,8843
2002,中鋼,170,7,163,玉山-高雄,2024-09-04,8843
00915,凱基優選高股息30,156,0,156,玉山-高雄,2024-09-04,8843
2330,台積電,174,23,151,玉山-高雄,2024-09-04,8843
00713,元大台灣高息低波,144,4,140,玉山-高雄,2024-09-04,8843
2883,凱基金,157,19,138,玉山-高雄,2024-09-04,8843
00951,台新日本半導體,137,2,135,玉山-高雄,2024-09-04,8843
2886,兆豐金,143,11,132,玉山-高雄,2024-09-04,8843
2834,臺企銀,129,0,129,玉山-高雄,2024-09-04,8843
2892,第一金,126,3,123,玉山-高雄,2024-09-04,8843
1301,台塑,144,25,119,玉山-高雄,2024-09-04,8843
2344,華邦電,108,4,104,玉山-高雄,2024-09-04,8843
00881,國泰台灣5G+,112,10,102,玉山-高雄,2024-09-04,8843
1314,中石化,99,6,93,玉山-高雄,2024-09-04,8843
006208,富邦台50,94,2,92,玉山-高雄,2024-09-04,8843
2610,華航,141,51,90,玉山-高雄,2024-09-04,8843
00946,群益科技高息成長,89,1,88,玉山-高雄,2024-09-04,8843
0050,元大台灣50,91,5,86,玉山-高雄,2024-09-04,8843
2880,華南金,84,1,83,玉山-高雄,2024-09-04,8843
2881,富邦金,87,9,78,玉山-高雄,2024-09-04,8843
2388,威盛,84,7,77,玉山-高雄,2024-09-04,8843
00642U,期元大S＆P石油,70,0,70,玉山-高雄,2024-09-04,8843
2382,廣達,81,12,69,玉山-高雄,2024-09-04,8843
3058,立德,66,2,64,玉山-高雄,2024-09-04,8843
3715,定穎投控,74,11,63,玉山-高雄,2024-09-04,8843
5880,合庫金,67,8,59,玉山-高雄,2024-09-04,8843
1785,光洋科,80,22,58,玉山-高雄,2024-09-04,8843
2402,毅嘉,74,19,55,玉山-高雄,2024-09-04,8843
2338,光罩,55,0,55,玉山-高雄,2024-09-04,8843
1735,日勝化,65,12,53,玉山-高雄,2024-09-04,8843
2317,鴻海,188,137,51,玉山-高雄,2024-09-04,8843
1815,富喬,87,36,51,玉山-高雄,2024-09-04,8843
2867,三商壽,51,5,46,玉山-高雄,2024-09-04,8843
2413,環科,45,0,45,玉山-高雄,2024-09-04,8843
4513,福裕,56,13,43,玉山-高雄,2024-09-04,8843
00891,中信關鍵半導體,43,0,43,玉山-高雄,2024-09-04,8843
1303,南亞,43,2,41,玉山-高雄,2024-09-04,8843
00919,群益台灣精選高息,513,24,489,玉山-高雄,2024-09-05,8843
00715L,期街口布蘭特正2,340,9,331,玉山-高雄,2024-09-05,8843
00929,復華台灣科技優息,366,95,271,玉山-高雄,2024-09-05,8843
00632R,元大台灣50反1,317,63,254,玉山-高雄,2024-09-05,8843
00952,凱基台灣AI50,288,50,238,玉山-高雄,2024-09-05,8843
00951,台新日本半導體,231,1,230,玉山-高雄,2024-09-05,8843
00878,國泰永續高股息,203,31,172,玉山-高雄,2024-09-05,8843
2344,華邦電,173,1,172,玉山-高雄,2024-09-05,8843
00642U,期元大S＆P石油,160,0,160,玉山-高雄,2024-09-05,8843
00940,元大台灣價值高息,167,18,149,玉山-高雄,2024-09-05,8843
4534,慶騰,146,0,146,玉山-高雄,2024-09-05,8843
2891,中信金,333,197,136,玉山-高雄,2024-09-05,8843
00918,大華優利高填息30,149,16,133,玉山-高雄,2024-09-05,8843
2317,鴻海,195,99,96,玉山-高雄,2024-09-05,8843
0056,元大高股息,98,3,95,玉山-高雄,2024-09-05,8843
3231,緯創,108,14,94,玉山-高雄,2024-09-05,8843
2618,長榮航,130,52,78,玉山-高雄,2024-09-05,8843
2002,中鋼,84,15,69,玉山-高雄,2024-09-05,8843
1314,中石化,75,9,66,玉山-高雄,2024-09-05,8843
2888,新光金,265,206,59,玉山-高雄,2024-09-05,8843
1303,南亞,85,30,55,玉山-高雄,2024-09-05,8843
00923,群益台ESG低碳50,82,31,51,玉山-高雄,2024-09-05,8843
3550,聯穎,50,3,47,玉山-高雄,2024-09-05,8843
00665L,富邦�琤肭磪囓�2,66,20,46,玉山-高雄,2024-09-05,8843
00943,兆豐電子高息等權,40,1,39,玉山-高雄,2024-09-05,8843
8085,福華,42,3,39,玉山-高雄,2024-09-05,8843
1540,喬福,112,74,38,玉山-高雄,2024-09-05,8843
1609,大亞,43,5,38,玉山-高雄,2024-09-05,8843
00650L,復華香港正2,37,0,37,玉山-高雄,2024-09-05,8843
2382,廣達,44,9,35,玉山-高雄,2024-09-05,8843
00679B,元大美債20年,55,20,35,玉山-高雄,2024-09-05,8843
1785,光洋科,47,13,34,玉山-高雄,2024-09-05,8843
2408,南亞科,34,1,33,玉山-高雄,2024-09-05,8843
5328,華容,30,0,30,玉山-高雄,2024-09-05,8843
00930,永豐ESG低碳高息,30,0,30,玉山-高雄,2024-09-05,8843
00753L,中信中國50正2,30,0,30,玉山-高雄,2024-09-05,8843
5880,合庫金,50,21,29,玉山-高雄,2024-09-05,8843
8374,羅昇,123,94,29,玉山-高雄,2024-09-05,8843
1326,台化,30,3,27,玉山-高雄,2024-09-05,8843
3062,建漢,65,38,27,玉山-高雄,2024-09-05,8843
2353,宏��,28,1,27,玉山-高雄,2024-09-05,8843
2409,友達,31,5,26,玉山-高雄,2024-09-05,8843
4956,光鋐,55,29,26,玉山-高雄,2024-09-05,8843
2337,旺宏,28,4,24,玉山-高雄,2024-09-05,8843
5443,均豪,60,37,23,玉山-高雄,2024-09-05,8843
1304,台聚,23,0,23,玉山-高雄,2024-09-05,8843
1101,台泥,55,32,23,玉山-高雄,2024-09-05,8843
3163,波若威,31,9,22,玉山-高雄,2024-09-05,8843
4513,福裕,55,34,21,玉山-高雄,2024-09-05,8843
5876,上海商銀,21,0,21,玉山-高雄,2024-09-05,8843
1314,中石化,925,0,925,玉山-高雄,2024-09-06,8843
2888,新光金,377,75,302,玉山-高雄,2024-09-06,8843
00929,復華台灣科技優息,211,49,162,玉山-高雄,2024-09-06,8843
00918,大華優利高填息30,147,5,142,玉山-高雄,2024-09-06,8843
00937B,群益ESG投等債20,183,50,133,玉山-高雄,2024-09-06,8843
00642U,期元大S＆P石油,126,0,126,玉山-高雄,2024-09-06,8843
00715L,期街口布蘭特正2,119,10,109,玉山-高雄,2024-09-06,8843
00632R,元大台灣50反1,114,11,103,玉山-高雄,2024-09-06,8843
1815,富喬,113,18,95,玉山-高雄,2024-09-06,8843
00919,群益台灣精選高息,112,31,81,玉山-高雄,2024-09-06,8843
00941,中信上游半導體,74,3,71,玉山-高雄,2024-09-06,8843
00952,凱基台灣AI50,69,0,69,玉山-高雄,2024-09-06,8843
00706L,期元大S＆P日圓正2,100,35,65,玉山-高雄,2024-09-06,8843
00687B,國泰20年美債,102,41,61,玉山-高雄,2024-09-06,8843
2609,陽明,61,7,54,玉山-高雄,2024-09-06,8843
2356,英業達,139,88,51,玉山-高雄,2024-09-06,8843
2344,華邦電,57,10,47,玉山-高雄,2024-09-06,8843
00751B,元大AAA至A公司債,50,6,44,玉山-高雄,2024-09-06,8843
1612,宏泰,40,0,40,玉山-高雄,2024-09-06,8843
5905,南仁湖,62,24,38,玉山-高雄,2024-09-06,8843
1519,華城,56,19,37,玉山-高雄,2024-09-06,8843
8927,北基,55,25,30,玉山-高雄,2024-09-06,8843
00878,國泰永續高股息,54,24,30,玉山-高雄,2024-09-06,8843
00940,元大台灣價值高息,45,16,29,玉山-高雄,2024-09-06,8843
3481,群創,46,19,27,玉山-高雄,2024-09-06,8843
3581,博磊,48,21,27,玉山-高雄,2024-09-06,8843
2892,第一金,30,4,26,玉山-高雄,2024-09-06,8843
6770,力積電,28,2,26,玉山-高雄,2024-09-06,8843
5328,華容,26,0,26,玉山-高雄,2024-09-06,8843
2880,華南金,30,4,26,玉山-高雄,2024-09-06,8843
1316,上曜,24,1,23,玉山-高雄,2024-09-06,8843
00915,凱基優選高股息30,23,2,21,玉山-高雄,2024-09-06,8843
00951,台新日本半導體,56,35,21,玉山-高雄,2024-09-06,8843
3303,岱稜,21,0,21,玉山-高雄,2024-09-06,8843
00909,國泰數位支付服務,20,0,20,玉山-高雄,2024-09-06,8843
1471,首利,20,0,20,玉山-高雄,2024-09-06,8843
3058,立德,29,10,19,玉山-高雄,2024-09-06,8843
0056,元大高股息,23,4,19,玉山-高雄,2024-09-06,8843
2002,中鋼,43,27,16,玉山-高雄,2024-09-06,8843
2486,一詮,39,23,16,玉山-高雄,2024-09-06,8843
4566,時碩工業,22,7,15,玉山-高雄,2024-09-06,8843
1785,光洋科,29,16,13,玉山-高雄,2024-09-06,8843
3062,建漢,38,25,13,玉山-高雄,2024-09-06,8843
00945B,凱基美國非投等債,15,2,13,玉山-高雄,2024-09-06,8843
6603,富強鑫,12,0,12,玉山-高雄,2024-09-06,8843
00932,兆豐永續高息等權,13,1,12,玉山-高雄,2024-09-06,8843
2867,三商壽,12,0,12,玉山-高雄,2024-09-06,8843
3322,建舜電,12,0,12,玉山-高雄,2024-09-06,8843
3019,亞光,43,32,11,玉山-高雄,2024-09-06,8843
00935,野村臺灣新科技50,16,5,11,玉山-高雄,2024-09-06,8843
00919,群益台灣精選高息,848,26,822,玉山-高雄,2024-09-09,8843
2891,中信金,634,219,415,玉山-高雄,2024-09-09,8843
00878,國泰永續高股息,274,13,261,玉山-高雄,2024-09-09,8843
00673R,期元大S＆P原油反1,253,0,253,玉山-高雄,2024-09-09,8843
2888,新光金,446,195,251,玉山-高雄,2024-09-09,8843
00918,大華優利高填息30,218,6,212,玉山-高雄,2024-09-09,8843
00929,復華台灣科技優息,443,255,188,玉山-高雄,2024-09-09,8843
00951,台新日本半導體,208,22,186,玉山-高雄,2024-09-09,8843
2881,富邦金,175,2,173,玉山-高雄,2024-09-09,8843
1513,中興電,133,11,122,玉山-高雄,2024-09-09,8843
00915,凱基優選高股息30,126,6,120,玉山-高雄,2024-09-09,8843
2885,元大金,121,4,117,玉山-高雄,2024-09-09,8843
00937B,群益ESG投等債20,217,102,115,玉山-高雄,2024-09-09,8843
2892,第一金,101,10,91,玉山-高雄,2024-09-09,8843
00715L,期街口布蘭特正2,87,1,86,玉山-高雄,2024-09-09,8843
00637L,元大滬深300正2,85,0,85,玉山-高雄,2024-09-09,8843
2867,三商壽,90,5,85,玉山-高雄,2024-09-09,8843
2382,廣達,90,8,82,玉山-高雄,2024-09-09,8843
0056,元大高股息,85,9,76,玉山-高雄,2024-09-09,8843
2609,陽明,129,54,75,玉山-高雄,2024-09-09,8843
00680L,元大美債20正2,120,54,66,玉山-高雄,2024-09-09,8843
3673,TPK-KY,67,3,64,玉山-高雄,2024-09-09,8843
00930,永豐ESG低碳高息,64,2,62,玉山-高雄,2024-09-09,8843
3062,建漢,64,3,61,玉山-高雄,2024-09-09,8843
2356,英業達,62,2,60,玉山-高雄,2024-09-09,8843
00688L,國泰20年美債正2,102,42,60,玉山-高雄,2024-09-09,8843
00907,永豐優息存股,59,0,59,玉山-高雄,2024-09-09,8843
3715,定穎投控,75,19,56,玉山-高雄,2024-09-09,8843
00946,群益科技高息成長,57,2,55,玉山-高雄,2024-09-09,8843
1316,上曜,56,3,53,玉山-高雄,2024-09-09,8843
5905,南仁湖,139,89,50,玉山-高雄,2024-09-09,8843
5356,協益,51,1,50,玉山-高雄,2024-09-09,8843
2330,台積電,54,6,48,玉山-高雄,2024-09-09,8843
00632R,元大台灣50反1,71,24,47,玉山-高雄,2024-09-09,8843
2317,鴻海,90,43,47,玉山-高雄,2024-09-09,8843
00923,群益台ESG低碳50,39,3,36,玉山-高雄,2024-09-09,8843
00881,國泰台灣5G+,36,0,36,玉山-高雄,2024-09-09,8843
00882,中信中國高股息,35,0,35,玉山-高雄,2024-09-09,8843
3025,星通,36,2,34,玉山-高雄,2024-09-09,8843
3037,欣興,42,9,33,玉山-高雄,2024-09-09,8843
8927,北基,54,21,33,玉山-高雄,2024-09-09,8843
00712,復華富時不動產,34,3,31,玉山-高雄,2024-09-09,8843
00934,中信成長高股息,31,0,31,玉山-高雄,2024-09-09,8843
1409,新纖,44,14,30,玉山-高雄,2024-09-09,8843
00941,中信上游半導體,45,16,29,玉山-高雄,2024-09-09,8843
00751B,元大AAA至A公司債,30,1,29,玉山-高雄,2024-09-09,8843
2812,台中銀,35,6,29,玉山-高雄,2024-09-09,8843
00952,凱基台灣AI50,38,10,28,玉山-高雄,2024-09-09,8843
00921,兆豐龍頭等權重,27,0,27,玉山-高雄,2024-09-09,8843
00935,野村臺灣新科技50,27,0,27,玉山-高雄,2024-09-09,8843
00919,群益台灣精選高息,473,35,438,玉山-高雄,2024-09-10,8843
00687B,國泰20年美債,594,187,407,玉山-高雄,2024-09-10,8843
2888,新光金,455,140,315,玉山-高雄,2024-09-10,8843
00929,復華台灣科技優息,413,118,295,玉山-高雄,2024-09-10,8843
00673R,期元大S＆P原油反1,160,0,160,玉山-高雄,2024-09-10,8843
00918,大華優利高填息30,167,23,144,玉山-高雄,2024-09-10,8843
3481,群創,140,17,123,玉山-高雄,2024-09-10,8843
2883,凱基金,243,121,122,玉山-高雄,2024-09-10,8843
2344,華邦電,114,5,109,玉山-高雄,2024-09-10,8843
2382,廣達,141,39,102,玉山-高雄,2024-09-10,8843
1718,中纖,105,5,100,玉山-高雄,2024-09-10,8843
4157,太景*-KY,100,1,99,玉山-高雄,2024-09-10,8843
6152,百一,122,27,95,玉山-高雄,2024-09-10,8843
1569,濱川,90,0,90,玉山-高雄,2024-09-10,8843
2349,錸德,117,30,87,玉山-高雄,2024-09-10,8843
0056,元大高股息,107,25,82,玉山-高雄,2024-09-10,8843
2515,中工,83,3,80,玉山-高雄,2024-09-10,8843
00937B,群益ESG投等債20,141,65,76,玉山-高雄,2024-09-10,8843
6838,台新藥,76,7,69,玉山-高雄,2024-09-10,8843
2317,鴻海,130,64,66,玉山-高雄,2024-09-10,8843
2313,華通,79,18,61,玉山-高雄,2024-09-10,8843
4967,十銓,60,0,60,玉山-高雄,2024-09-10,8843
00946,群益科技高息成長,58,0,58,玉山-高雄,2024-09-10,8843
00940,元大台灣價值高息,100,42,58,玉山-高雄,2024-09-10,8843
2891,中信金,90,32,58,玉山-高雄,2024-09-10,8843
00636,國泰中國A50,54,1,53,玉山-高雄,2024-09-10,8843
00680L,元大美債20正2,129,79,50,玉山-高雄,2024-09-10,8843
2882,國泰金,48,1,47,玉山-高雄,2024-09-10,8843
9958,世紀鋼,49,4,45,玉山-高雄,2024-09-10,8843
2337,旺宏,45,0,45,玉山-高雄,2024-09-10,8843
1605,華新,48,4,44,玉山-高雄,2024-09-10,8843
6216,居易,44,0,44,玉山-高雄,2024-09-10,8843
6125,廣運,44,0,44,玉山-高雄,2024-09-10,8843
1785,光洋科,56,12,44,玉山-高雄,2024-09-10,8843
006205,富邦上証,40,0,40,玉山-高雄,2024-09-10,8843
6005,群益證,50,10,40,玉山-高雄,2024-09-10,8843
00943,兆豐電子高息等權,40,1,39,玉山-高雄,2024-09-10,8843
00934,中信成長高股息,43,5,38,玉山-高雄,2024-09-10,8843
3188,鑫龍騰,39,1,38,玉山-高雄,2024-09-10,8843
00915,凱基優選高股息30,41,4,37,玉山-高雄,2024-09-10,8843
9945,潤泰新,36,1,35,玉山-高雄,2024-09-10,8843
00952,凱基台灣AI50,43,10,33,玉山-高雄,2024-09-10,8843
5876,上海商銀,31,0,31,玉山-高雄,2024-09-10,8843
6873,泓德能源,30,0,30,玉山-高雄,2024-09-10,8843
00715L,期街口布蘭特正2,43,13,30,玉山-高雄,2024-09-10,8843
2489,瑞軒,39,11,28,玉山-高雄,2024-09-10,8843
1101,台泥,30,3,27,玉山-高雄,2024-09-10,8843
2426,鼎元,37,10,27,玉山-高雄,2024-09-10,8843
1314,中石化,89,63,26,玉山-高雄,2024-09-10,8843
3047,訊舟,72,47,25,玉山-高雄,2024-09-10,8843
00687B,國泰20年美債,875,56,819,玉山-高雄,2024-09-11,8843
00715L,期街口布蘭特正2,500,78,422,玉山-高雄,2024-09-11,8843
00680L,元大美債20正2,767,365,402,玉山-高雄,2024-09-11,8843
2888,新光金,909,517,392,玉山-高雄,2024-09-11,8843
2891,中信金,377,24,353,玉山-高雄,2024-09-11,8843
00932,兆豐永續高息等權,309,0,309,玉山-高雄,2024-09-11,8843
00665L,富邦�琤肭磪囓�2,291,20,271,玉山-高雄,2024-09-11,8843
00948B,中信優息投資級債,227,1,226,玉山-高雄,2024-09-11,8843
00929,復華台灣科技優息,315,100,215,玉山-高雄,2024-09-11,8843
00878,國泰永續高股息,160,28,132,玉山-高雄,2024-09-11,8843
00882,中信中國高股息,140,25,115,玉山-高雄,2024-09-11,8843
00642U,期元大S＆P石油,140,40,100,玉山-高雄,2024-09-11,8843
00919,群益台灣精選高息,100,9,91,玉山-高雄,2024-09-11,8843
9105,泰金寶-DR,90,0,90,玉山-高雄,2024-09-11,8843
00951,台新日本半導體,79,0,79,玉山-高雄,2024-09-11,8843
2867,三商壽,99,30,69,玉山-高雄,2024-09-11,8843
1301,台塑,68,2,66,玉山-高雄,2024-09-11,8843
00679B,元大美債20年,179,127,52,玉山-高雄,2024-09-11,8843
00957B,兆豐US優選投等債,45,0,45,玉山-高雄,2024-09-11,8843
00918,大華優利高填息30,47,3,44,玉山-高雄,2024-09-11,8843
1815,富喬,45,1,44,玉山-高雄,2024-09-11,8843
6216,居易,40,2,38,玉山-高雄,2024-09-11,8843
2388,威盛,67,30,37,玉山-高雄,2024-09-11,8843
0056,元大高股息,33,1,32,玉山-高雄,2024-09-11,8843
2834,臺企銀,31,0,31,玉山-高雄,2024-09-11,8843
00915,凱基優選高股息30,31,2,29,玉山-高雄,2024-09-11,8843
00959B,大華投等美債15Y+,29,1,28,玉山-高雄,2024-09-11,8843
2014,中鴻,31,6,25,玉山-高雄,2024-09-11,8843
2887,台新金,35,11,24,玉山-高雄,2024-09-11,8843
2409,友達,37,14,23,玉山-高雄,2024-09-11,8843
3576,聯合再生,23,1,22,玉山-高雄,2024-09-11,8843
1522,堤維西,24,2,22,玉山-高雄,2024-09-11,8843
00650L,復華香港正2,26,5,21,玉山-高雄,2024-09-11,8843
5392,能率,23,2,21,玉山-高雄,2024-09-11,8843
00952,凱基台灣AI50,22,1,21,玉山-高雄,2024-09-11,8843
6743,安普新,32,11,21,玉山-高雄,2024-09-11,8843
00713,元大台灣高息低波,20,0,20,玉山-高雄,2024-09-11,8843
4510,高鋒,64,46,18,玉山-高雄,2024-09-11,8843
00881,國泰台灣5G+,18,0,18,玉山-高雄,2024-09-11,8843
4977,眾達-KY,23,6,17,玉山-高雄,2024-09-11,8843
1536,和大,18,2,16,玉山-高雄,2024-09-11,8843
4566,時碩工業,40,24,16,玉山-高雄,2024-09-11,8843
2317,鴻海,34,18,16,玉山-高雄,2024-09-11,8843
5356,協益,15,0,15,玉山-高雄,2024-09-11,8843
3227,原相,34,19,15,玉山-高雄,2024-09-11,8843
00712,復華富時不動產,40,26,14,玉山-高雄,2024-09-11,8843
006208,富邦台50,17,2,15,玉山-高雄,2024-09-11,8843
1316,上曜,24,10,14,玉山-高雄,2024-09-11,8843
00753L,中信中國50正2,14,0,14,玉山-高雄,2024-09-11,8843
00637L,元大滬深300正2,14,0,14,玉山-高雄,2024-09-11,8843
00688L,國泰20年美債正2,1347,169,1178,玉山-高雄,2024-09-12,8843
00632R,元大台灣50反1,643,167,476,玉山-高雄,2024-09-12,8843
00715L,期街口布蘭特正2,496,195,301,玉山-高雄,2024-09-12,8843
00687B,國泰20年美債,640,367,273,玉山-高雄,2024-09-12,8843
00648R,元大S＆P500反1,200,0,200,玉山-高雄,2024-09-12,8843
00665L,富邦�琤肭磪囓�2,360,178,182,玉山-高雄,2024-09-12,8843
2515,中工,171,0,171,玉山-高雄,2024-09-12,8843
3481,群創,154,11,143,玉山-高雄,2024-09-12,8843
00679B,元大美債20年,241,110,131,玉山-高雄,2024-09-12,8843
1314,中石化,121,1,120,玉山-高雄,2024-09-12,8843
00933B,國泰10Y+金融債,127,26,101,玉山-高雄,2024-09-12,8843
5328,華容,100,0,100,玉山-高雄,2024-09-12,8843
2812,台中銀,83,0,83,玉山-高雄,2024-09-12,8843
00929,復華台灣科技優息,136,62,74,玉山-高雄,2024-09-12,8843
00943,兆豐電子高息等權,81,24,57,玉山-高雄,2024-09-12,8843
00931B,統一美債20年,56,0,56,玉山-高雄,2024-09-12,8843
4566,時碩工業,68,12,56,玉山-高雄,2024-09-12,8843
2867,三商壽,62,7,55,玉山-高雄,2024-09-12,8843
3056,富華新,72,17,55,玉山-高雄,2024-09-12,8843
00952,凱基台灣AI50,55,1,54,玉山-高雄,2024-09-12,8843
8249,菱光,96,42,54,玉山-高雄,2024-09-12,8843
1711,永光,96,42,54,玉山-高雄,2024-09-12,8843
00676R,富邦臺灣加權反1,50,0,50,玉山-高雄,2024-09-12,8843
2353,宏��,50,2,48,玉山-高雄,2024-09-12,8843
3303,岱稜,92,44,48,玉山-高雄,2024-09-12,8843
2399,映泰,69,23,46,玉山-高雄,2024-09-12,8843
9105,泰金寶-DR,40,0,40,玉山-高雄,2024-09-12,8843
2376,技嘉,50,11,39,玉山-高雄,2024-09-12,8843
1301,台塑,39,6,33,玉山-高雄,2024-09-12,8843
00919,群益台灣精選高息,117,86,31,玉山-高雄,2024-09-12,8843
00713,元大台灣高息低波,31,0,31,玉山-高雄,2024-09-12,8843
5388,中磊,31,0,31,玉山-高雄,2024-09-12,8843
8011,台通,41,12,29,玉山-高雄,2024-09-12,8843
6770,力積電,35,7,28,玉山-高雄,2024-09-12,8843
00915,凱基優選高股息30,29,1,28,玉山-高雄,2024-09-12,8843
2542,興富發,31,4,27,玉山-高雄,2024-09-12,8843
2461,光群雷,26,0,26,玉山-高雄,2024-09-12,8843
3149,正達,31,5,26,玉山-高雄,2024-09-12,8843
2603,長榮,37,13,24,玉山-高雄,2024-09-12,8843
00930,永豐ESG低碳高息,26,2,24,玉山-高雄,2024-09-12,8843
2887,台新金,51,31,20,玉山-高雄,2024-09-12,8843
00706L,期元大S＆P日圓正2,23,3,20,玉山-高雄,2024-09-12,8843
6133,金橋,39,19,20,玉山-高雄,2024-09-12,8843
00935,野村臺灣新科技50,61,42,19,玉山-高雄,2024-09-12,8843
6194,育富,51,32,19,玉山-高雄,2024-09-12,8843
00940,元大台灣價值高息,53,35,18,玉山-高雄,2024-09-12,8843
00959B,大華投等美債15Y+,19,2,17,玉山-高雄,2024-09-12,8843
00637L,元大滬深300正2,22,5,17,玉山-高雄,2024-09-12,8843
4760,勤凱,19,2,17,玉山-高雄,2024-09-12,8843
1517,利奇,16,0,16,玉山-高雄,2024-09-12,8843
2883,凱基金,620,21,599,玉山-高雄,2024-09-13,8843
00919,群益台灣精選高息,287,26,261,玉山-高雄,2024-09-13,8843
00918,大華優利高填息30,233,0,233,玉山-高雄,2024-09-13,8843
00687B,國泰20年美債,249,33,216,玉山-高雄,2024-09-13,8843
6442,光聖,150,2,148,玉山-高雄,2024-09-13,8843
2845,遠東銀,137,0,137,玉山-高雄,2024-09-13,8843
00637L,元大滬深300正2,136,10,126,玉山-高雄,2024-09-13,8843
00937B,群益ESG投等債20,163,40,123,玉山-高雄,2024-09-13,8843
00929,復華台灣科技優息,177,57,120,玉山-高雄,2024-09-13,8843
00648R,元大S＆P500反1,100,0,100,玉山-高雄,2024-09-13,8843
00679B,元大美債20年,170,76,94,玉山-高雄,2024-09-13,8843
00933B,國泰10Y+金融債,68,4,64,玉山-高雄,2024-09-13,8843
4510,高鋒,105,43,62,玉山-高雄,2024-09-13,8843
00712,復華富時不動產,64,6,58,玉山-高雄,2024-09-13,8843
1616,億泰,52,2,50,玉山-高雄,2024-09-13,8843
6191,精成科,50,0,50,玉山-高雄,2024-09-13,8843
1569,濱川,47,0,47,玉山-高雄,2024-09-13,8843
1612,宏泰,50,3,47,玉山-高雄,2024-09-13,8843
8249,菱光,116,70,46,玉山-高雄,2024-09-13,8843
5488,松普,50,5,45,玉山-高雄,2024-09-13,8843
00878,國泰永續高股息,47,7,40,玉山-高雄,2024-09-13,8843
00946,群益科技高息成長,40,0,40,玉山-高雄,2024-09-13,8843
2515,中工,44,4,40,玉山-高雄,2024-09-13,8843
4566,時碩工業,56,16,40,玉山-高雄,2024-09-13,8843
5347,世界,39,8,31,玉山-高雄,2024-09-13,8843
00696B,富邦美債20年,32,1,31,玉山-高雄,2024-09-13,8843
8039,台虹,35,5,30,玉山-高雄,2024-09-13,8843
2883B,凱基金乙特,30,0,30,玉山-高雄,2024-09-13,8843
1305,華夏,30,0,30,玉山-高雄,2024-09-13,8843
8011,台通,50,21,29,玉山-高雄,2024-09-13,8843
5443,均豪,66,42,24,玉山-高雄,2024-09-13,8843
2413,環科,23,0,23,玉山-高雄,2024-09-13,8843
1540,喬福,88,66,22,玉山-高雄,2024-09-13,8843
00905,FT臺灣Smart,22,0,22,玉山-高雄,2024-09-13,8843
2425,承啟,21,0,21,玉山-高雄,2024-09-13,8843
00931B,統一美債20年,21,0,21,玉山-高雄,2024-09-13,8843
00930,永豐ESG低碳高息,20,0,20,玉山-高雄,2024-09-13,8843
00934,中信成長高股息,20,0,20,玉山-高雄,2024-09-13,8843
2495,普安,20,0,20,玉山-高雄,2024-09-13,8843
3041,揚智,21,1,20,玉山-高雄,2024-09-13,8843
2465,麗臺,20,0,20,玉山-高雄,2024-09-13,8843
2208,台船,20,0,20,玉山-高雄,2024-09-13,8843
00636,國泰中國A50,18,0,18,玉山-高雄,2024-09-13,8843
00795B,中信美國公債20年,30,12,18,玉山-高雄,2024-09-13,8843
3013,晟銘電,27,11,16,玉山-高雄,2024-09-13,8843
2347,聯強,16,0,16,玉山-高雄,2024-09-13,8843
8064,東捷,34,19,15,玉山-高雄,2024-09-13,8843
2890,永豐金,16,1,15,玉山-高雄,2024-09-13,8843
2303,聯電,19,4,15,玉山-高雄,2024-09-13,8843
1326,台化,25,10,15,玉山-高雄,2024-09-13,8843
00918,大華優利高填息30,500,3,497,玉山-高雄,2024-09-16,8843
00673R,期元大S＆P原油反1,460,3,457,玉山-高雄,2024-09-16,8843
00919,群益台灣精選高息,434,4,430,玉山-高雄,2024-09-16,8843
00687B,國泰20年美債,480,101,379,玉山-高雄,2024-09-16,8843
00929,復華台灣科技優息,478,150,328,玉山-高雄,2024-09-16,8843
00706L,期元大S＆P日圓正2,233,0,233,玉山-高雄,2024-09-16,8843
00632R,元大台灣50反1,154,13,141,玉山-高雄,2024-09-16,8843
00915,凱基優選高股息30,116,1,115,玉山-高雄,2024-09-16,8843
00948B,中信優息投資級債,97,5,92,玉山-高雄,2024-09-16,8843
00892,富邦台灣半導體,90,0,90,玉山-高雄,2024-09-16,8843
2062,橋椿,92,20,72,玉山-高雄,2024-09-16,8843
2349,錸德,105,35,70,玉山-高雄,2024-09-16,8843
00953B,群益優選非投等債,49,0,49,玉山-高雄,2024-09-16,8843
00945B,凱基美國非投等債,54,7,47,玉山-高雄,2024-09-16,8843
6216,居易,41,3,38,玉山-高雄,2024-09-16,8843
00665L,富邦�琤肭磪囓�2,155,120,35,玉山-高雄,2024-09-16,8843
2371,大同,58,25,33,玉山-高雄,2024-09-16,8843
2883,凱基金,38,6,32,玉山-高雄,2024-09-16,8843
00713,元大台灣高息低波,35,3,32,玉山-高雄,2024-09-16,8843
4571,鈞興-KY,31,0,31,玉山-高雄,2024-09-16,8843
6438,迅得,31,0,31,玉山-高雄,2024-09-16,8843
2426,鼎元,56,27,29,玉山-高雄,2024-09-16,8843
00891,中信關鍵半導體,27,0,27,玉山-高雄,2024-09-16,8843
2884,玉山金,38,11,27,玉山-高雄,2024-09-16,8843
2405,輔信,25,0,25,玉山-高雄,2024-09-16,8843
2070,精湛,31,8,23,玉山-高雄,2024-09-16,8843
2201,裕隆,31,8,23,玉山-高雄,2024-09-16,8843
00936,台新永續高息中小,36,14,22,玉山-高雄,2024-09-16,8843
5438,東友,29,7,22,玉山-高雄,2024-09-16,8843
00930,永豐ESG低碳高息,23,1,22,玉山-高雄,2024-09-16,8843
8927,北基,25,3,22,玉山-高雄,2024-09-16,8843
3714,富采,26,5,21,玉山-高雄,2024-09-16,8843
00943,兆豐電子高息等權,22,1,21,玉山-高雄,2024-09-16,8843
2312,金寶,21,0,21,玉山-高雄,2024-09-16,8843
2382,廣達,26,6,20,玉山-高雄,2024-09-16,8843
6869,雲豹能源,32,13,19,玉山-高雄,2024-09-16,8843
8085,福華,20,1,19,玉山-高雄,2024-09-16,8843
4513,福裕,26,8,18,玉山-高雄,2024-09-16,8843
1301,台塑,218,201,17,玉山-高雄,2024-09-16,8843
2353,宏��,18,1,17,玉山-高雄,2024-09-16,8843
00637L,元大滬深300正2,25,8,17,玉山-高雄,2024-09-16,8843
00696B,富邦美債20年,17,0,17,玉山-高雄,2024-09-16,8843
006208,富邦台50,18,2,16,玉山-高雄,2024-09-16,8843
00764B,群益25年美債,16,0,16,玉山-高雄,2024-09-16,8843
1303,南亞,23,7,16,玉山-高雄,2024-09-16,8843
8039,台虹,17,1,16,玉山-高雄,2024-09-16,8843
4760,勤凱,15,0,15,玉山-高雄,2024-09-16,8843
1718,中纖,16,1,15,玉山-高雄,2024-09-16,8843
3056,富華新,15,0,15,玉山-高雄,2024-09-16,8843
8215,明基材,15,0,15,玉山-高雄,2024-09-16,8843
00929,復華台灣科技優息,794,66,728,玉山-高雄,2024-09-18,8843
00919,群益台灣精選高息,519,24,495,玉山-高雄,2024-09-18,8843
00918,大華優利高填息30,268,5,263,玉山-高雄,2024-09-18,8843
9904,寶成,243,0,243,玉山-高雄,2024-09-18,8843
00679B,元大美債20年,157,23,134,玉山-高雄,2024-09-18,8843
2317,鴻海,150,32,118,玉山-高雄,2024-09-18,8843
0056,元大高股息,115,3,112,玉山-高雄,2024-09-18,8843
2515,中工,104,9,95,玉山-高雄,2024-09-18,8843
00951,台新日本半導體,95,0,95,玉山-高雄,2024-09-18,8843
00637L,元大滬深300正2,126,34,92,玉山-高雄,2024-09-18,8843
00878,國泰永續高股息,128,39,89,玉山-高雄,2024-09-18,8843
00713,元大台灣高息低波,89,1,88,玉山-高雄,2024-09-18,8843
00915,凱基優選高股息30,128,41,87,玉山-高雄,2024-09-18,8843
00706L,期元大S＆P日圓正2,81,0,81,玉山-高雄,2024-09-18,8843
00680L,元大美債20正2,183,103,80,玉山-高雄,2024-09-18,8843
00632R,元大台灣50反1,210,132,78,玉山-高雄,2024-09-18,8843
2303,聯電,61,5,56,玉山-高雄,2024-09-18,8843
2887,台新金,68,14,54,玉山-高雄,2024-09-18,8843
00930,永豐ESG低碳高息,52,0,52,玉山-高雄,2024-09-18,8843
3704,合勤控,51,0,51,玉山-高雄,2024-09-18,8843
1722,台肥,50,0,50,玉山-高雄,2024-09-18,8843
2313,華通,79,37,42,玉山-高雄,2024-09-18,8843
9105,泰金寶-DR,48,7,41,玉山-高雄,2024-09-18,8843
00958B,永豐ESG銀行債15,40,0,40,玉山-高雄,2024-09-18,8843
6530,創威,69,30,39,玉山-高雄,2024-09-18,8843
006205,富邦上証,39,0,39,玉山-高雄,2024-09-18,8843
5905,南仁湖,72,34,38,玉山-高雄,2024-09-18,8843
00946,群益科技高息成長,45,11,34,玉山-高雄,2024-09-18,8843
00687B,國泰20年美債,194,160,34,玉山-高雄,2024-09-18,8843
00945B,凱基美國非投等債,34,0,34,玉山-高雄,2024-09-18,8843
6609,瀧澤科,69,35,34,玉山-高雄,2024-09-18,8843
6216,居易,33,0,33,玉山-高雄,2024-09-18,8843
4960,誠美材,36,3,33,玉山-高雄,2024-09-18,8843
00927,群益半導體收益,32,0,32,玉山-高雄,2024-09-18,8843
00934,中信成長高股息,33,1,32,玉山-高雄,2024-09-18,8843
1815,富喬,31,1,30,玉山-高雄,2024-09-18,8843
00664R,國泰臺灣加權反1,30,0,30,玉山-高雄,2024-09-18,8843
3711,日月光投控,36,6,30,玉山-高雄,2024-09-18,8843
2337,旺宏,31,2,29,玉山-高雄,2024-09-18,8843
4542,科嶠,44,18,26,玉山-高雄,2024-09-18,8843
4402,郡都開發,24,1,23,玉山-高雄,2024-09-18,8843
3624,光頡,24,2,22,玉山-高雄,2024-09-18,8843
2884,玉山金,52,30,22,玉山-高雄,2024-09-18,8843
2355,敬鵬,21,0,21,玉山-高雄,2024-09-18,8843
5328,華容,21,0,21,玉山-高雄,2024-09-18,8843
6116,彩晶,28,7,21,玉山-高雄,2024-09-18,8843
1301,台塑,185,165,20,玉山-高雄,2024-09-18,8843
00959B,大華投等美債15Y+,20,0,20,玉山-高雄,2024-09-18,8843
1558,伸興,20,0,20,玉山-高雄,2024-09-18,8843
2340,台亞,25,6,19,玉山-高雄,2024-09-18,8843
2888,新光金,1004,265,739,玉山-高雄,2024-09-19,8843
00680L,元大美債20正2,502,83,419,玉山-高雄,2024-09-19,8843
00937B,群益ESG投等債20,486,90,396,玉山-高雄,2024-09-19,8843
00679B,元大美債20年,430,117,313,玉山-高雄,2024-09-19,8843
00929,復華台灣科技優息,336,42,294,玉山-高雄,2024-09-19,8843
00632R,元大台灣50反1,536,260,276,玉山-高雄,2024-09-19,8843
00687B,國泰20年美債,325,92,233,玉山-高雄,2024-09-19,8843
00919,群益台灣精選高息,269,52,217,玉山-高雄,2024-09-19,8843
00637L,元大滬深300正2,220,105,115,玉山-高雄,2024-09-19,8843
00915,凱基優選高股息30,81,0,81,玉山-高雄,2024-09-19,8843
00958B,永豐ESG銀行債15,68,0,68,玉山-高雄,2024-09-19,8843
00940,元大台灣價值高息,112,48,64,玉山-高雄,2024-09-19,8843
2891,中信金,188,127,61,玉山-高雄,2024-09-19,8843
00952,凱基台灣AI50,59,0,59,玉山-高雄,2024-09-19,8843
00931B,統一美債20年,46,1,45,玉山-高雄,2024-09-19,8843
00878,國泰永續高股息,87,43,44,玉山-高雄,2024-09-19,8843
00930,永豐ESG低碳高息,40,0,40,玉山-高雄,2024-09-19,8843
00676R,富邦臺灣加權反1,40,0,40,玉山-高雄,2024-09-19,8843
00688L,國泰20年美債正2,39,1,38,玉山-高雄,2024-09-19,8843
6869,雲豹能源,49,13,36,玉山-高雄,2024-09-19,8843
00633L,富邦上証正2,76,41,35,玉山-高雄,2024-09-19,8843
00696B,富邦美債20年,32,0,32,玉山-高雄,2024-09-19,8843
00946,群益科技高息成長,35,3,32,玉山-高雄,2024-09-19,8843
3049,精金,172,141,31,玉山-高雄,2024-09-19,8843
4711,永純,32,2,30,玉山-高雄,2024-09-19,8843
1303,南亞,36,8,28,玉山-高雄,2024-09-19,8843
4513,福裕,83,55,28,玉山-高雄,2024-09-19,8843
1309,台達化,33,6,27,玉山-高雄,2024-09-19,8843
2501,國建,29,2,27,玉山-高雄,2024-09-19,8843
00655L,國泰中國A50正2,36,10,26,玉山-高雄,2024-09-19,8843
2610,華航,49,23,26,玉山-高雄,2024-09-19,8843
2399,映泰,190,164,26,玉山-高雄,2024-09-19,8843
1721,三晃,33,9,24,玉山-高雄,2024-09-19,8843
00713,元大台灣高息低波,25,1,24,玉山-高雄,2024-09-19,8843
2834,臺企銀,27,4,23,玉山-高雄,2024-09-19,8843
2347,聯強,23,0,23,玉山-高雄,2024-09-19,8843
4306,炎洲,26,4,22,玉山-高雄,2024-09-19,8843
8163,達方,21,0,21,玉山-高雄,2024-09-19,8843
6218,豪勉,21,0,21,玉山-高雄,2024-09-19,8843
00918,大華優利高填息30,53,32,21,玉山-高雄,2024-09-19,8843
5521,工信,20,0,20,玉山-高雄,2024-09-19,8843
2453,凌群,20,0,20,玉山-高雄,2024-09-19,8843
1569,濱川,24,5,19,玉山-高雄,2024-09-19,8843
2344,華邦電,28,10,18,玉山-高雄,2024-09-19,8843
6578,達邦蛋白,17,0,17,玉山-高雄,2024-09-19,8843
1616,億泰,16,0,16,玉山-高雄,2024-09-19,8843
3711,日月光投控,21,6,15,玉山-高雄,2024-09-19,8843
5460,同協,18,3,15,玉山-高雄,2024-09-19,8843
00945B,凱基美國非投等債,16,1,15,玉山-高雄,2024-09-19,8843
8076,伍豐,20,5,15,玉山-高雄,2024-09-19,8843
2542,興富發,575,7,568,玉山-高雄,2024-09-20,8843
00919,群益台灣精選高息,588,24,564,玉山-高雄,2024-09-20,8843
00931B,統一美債20年,502,3,499,玉山-高雄,2024-09-20,8843
2610,華航,251,19,232,玉山-高雄,2024-09-20,8843
00665L,富邦�琤肭磪囓�2,261,50,211,玉山-高雄,2024-09-20,8843
00632R,元大台灣50反1,321,149,172,玉山-高雄,2024-09-20,8843
00637L,元大滬深300正2,116,0,116,玉山-高雄,2024-09-20,8843
1301,台塑,109,0,109,玉山-高雄,2024-09-20,8843
3058,立德,93,0,93,玉山-高雄,2024-09-20,8843
3105,穩懋,86,1,85,玉山-高雄,2024-09-20,8843
3056,富華新,87,3,84,玉山-高雄,2024-09-20,8843
2887,台新金,73,5,68,玉山-高雄,2024-09-20,8843
3062,建漢,212,145,67,玉山-高雄,2024-09-20,8843
5213,亞昕,60,0,60,玉山-高雄,2024-09-20,8843
6177,達麗,57,1,56,玉山-高雄,2024-09-20,8843
6116,彩晶,61,12,49,玉山-高雄,2024-09-20,8843
3673,TPK-KY,68,20,48,玉山-高雄,2024-09-20,8843
8927,北基,52,7,45,玉山-高雄,2024-09-20,8843
00958B,永豐ESG銀行債15,44,0,44,玉山-高雄,2024-09-20,8843
3231,緯創,54,14,40,玉山-高雄,2024-09-20,8843
4967,十銓,81,41,40,玉山-高雄,2024-09-20,8843
6156,松上,38,0,38,玉山-高雄,2024-09-20,8843
00713,元大台灣高息低波,37,2,35,玉山-高雄,2024-09-20,8843
2520,冠德,33,2,31,玉山-高雄,2024-09-20,8843
9935,慶豐富,69,39,30,玉山-高雄,2024-09-20,8843
4167,松瑞藥,30,0,30,玉山-高雄,2024-09-20,8843
6101,寬魚國際,30,0,30,玉山-高雄,2024-09-20,8843
00930,永豐ESG低碳高息,29,0,29,玉山-高雄,2024-09-20,8843
1785,光洋科,116,86,30,玉山-高雄,2024-09-20,8843
00946,群益科技高息成長,30,1,29,玉山-高雄,2024-09-20,8843
00795B,中信美國公債20年,34,6,28,玉山-高雄,2024-09-20,8843
2426,鼎元,37,9,28,玉山-高雄,2024-09-20,8843
1609,大亞,28,0,28,玉山-高雄,2024-09-20,8843
2347,聯強,30,3,27,玉山-高雄,2024-09-20,8843
00680L,元大美債20正2,133,108,25,玉山-高雄,2024-09-20,8843
6530,創威,27,3,24,玉山-高雄,2024-09-20,8843
2892,第一金,28,4,24,玉山-高雄,2024-09-20,8843
1808,潤隆,30,7,23,玉山-高雄,2024-09-20,8843
2454,聯發科,43,21,22,玉山-高雄,2024-09-20,8843
1806,冠軍,23,1,22,玉山-高雄,2024-09-20,8843
3188,鑫龍騰,25,3,22,玉山-高雄,2024-09-20,8843
2527,宏璟,23,1,22,玉山-高雄,2024-09-20,8843
3703,欣陸,23,1,22,玉山-高雄,2024-09-20,8843
00706L,期元大S＆P日圓正2,21,0,21,玉山-高雄,2024-09-20,8843
1101,台泥,23,3,20,玉山-高雄,2024-09-20,8843
2515,中工,48,28,20,玉山-高雄,2024-09-20,8843
00633L,富邦上証正2,20,0,20,玉山-高雄,2024-09-20,8843
00655L,國泰中國A50正2,20,0,20,玉山-高雄,2024-09-20,8843
6869,雲豹能源,34,15,19,玉山-高雄,2024-09-20,8843
3016,嘉晶,21,2,19,玉山-高雄,2024-09-20,8843
2888,新光金,1094,443,651,玉山-高雄,2024-09-23,8843
1314,中石化,346,9,337,玉山-高雄,2024-09-23,8843
00885,富邦越南,363,27,336,玉山-高雄,2024-09-23,8843
00919,群益台灣精選高息,392,88,304,玉山-高雄,2024-09-23,8843
00650L,復華香港正2,135,10,125,玉山-高雄,2024-09-23,8843
1815,富喬,122,12,110,玉山-高雄,2024-09-23,8843
1711,永光,144,40,104,玉山-高雄,2024-09-23,8843
00753L,中信中國50正2,138,35,103,玉山-高雄,2024-09-23,8843
00665L,富邦�琤肭磪囓�2,151,51,100,玉山-高雄,2024-09-23,8843
5340,建榮,87,3,84,玉山-高雄,2024-09-23,8843
6177,達麗,83,8,75,玉山-高雄,2024-09-23,8843
6405,悅城,73,6,67,玉山-高雄,2024-09-23,8843
00664R,國泰臺灣加權反1,60,0,60,玉山-高雄,2024-09-23,8843
2867,三商壽,69,10,59,玉山-高雄,2024-09-23,8843
00918,大華優利高填息30,58,1,57,玉山-高雄,2024-09-23,8843
3056,富華新,56,2,54,玉山-高雄,2024-09-23,8843
1524,耿鼎,70,22,48,玉山-高雄,2024-09-23,8843
00937B,群益ESG投等債20,132,85,47,玉山-高雄,2024-09-23,8843
6446,藥華藥,47,0,47,玉山-高雄,2024-09-23,8843
00706L,期元大S＆P日圓正2,46,0,46,玉山-高雄,2024-09-23,8843
3714,富采,50,12,38,玉山-高雄,2024-09-23,8843
4707,磐亞,42,4,38,玉山-高雄,2024-09-23,8843
3481,群創,85,48,37,玉山-高雄,2024-09-23,8843
2409,友達,38,2,36,玉山-高雄,2024-09-23,8843
3550,聯穎,60,26,34,玉山-高雄,2024-09-23,8843
3362,先進光,33,0,33,玉山-高雄,2024-09-23,8843
2476,鉅祥,52,20,32,玉山-高雄,2024-09-23,8843
00633L,富邦上証正2,40,8,32,玉山-高雄,2024-09-23,8843
2515,中工,63,31,32,玉山-高雄,2024-09-23,8843
00696B,富邦美債20年,31,0,31,玉山-高雄,2024-09-23,8843
00946,群益科技高息成長,43,13,30,玉山-高雄,2024-09-23,8843
1309,台達化,28,0,28,玉山-高雄,2024-09-23,8843
4772,台特化,29,3,26,玉山-高雄,2024-09-23,8843
1785,光洋科,108,82,26,玉山-高雄,2024-09-23,8843
3312,弘憶股,25,2,23,玉山-高雄,2024-09-23,8843
6506,雙邦,23,1,22,玉山-高雄,2024-09-23,8843
00948B,中信優息投資級債,20,0,20,玉山-高雄,2024-09-23,8843
00958B,永豐ESG銀行債15,20,0,20,玉山-高雄,2024-09-23,8843
1409,新纖,21,1,20,玉山-高雄,2024-09-23,8843
6116,彩晶,21,1,20,玉山-高雄,2024-09-23,8843
2228,劍麟,33,14,19,玉山-高雄,2024-09-23,8843
4979,華星光,43,24,19,玉山-高雄,2024-09-23,8843
8096,擎亞,44,26,18,玉山-高雄,2024-09-23,8843
6770,力積電,21,3,18,玉山-高雄,2024-09-23,8843
4167,松瑞藥,17,0,17,玉山-高雄,2024-09-23,8843
2104,國際中橡,16,0,16,玉山-高雄,2024-09-23,8843
3570,大塚,16,0,16,玉山-高雄,2024-09-23,8843
00936,台新永續高息中小,19,3,16,玉山-高雄,2024-09-23,8843
8927,北基,17,2,15,玉山-高雄,2024-09-23,8843
3049,精金,42,27,15,玉山-高雄,2024-09-23,8843
00680L,元大美債20正2,354,25,329,玉山-高雄,2024-09-24,8843
00929,復華台灣科技優息,206,20,186,玉山-高雄,2024-09-24,8843
00885,富邦越南,149,0,149,玉山-高雄,2024-09-24,8843
00937B,群益ESG投等債20,157,43,114,玉山-高雄,2024-09-24,8843
2637,慧洋-KY,111,13,98,玉山-高雄,2024-09-24,8843
00919,群益台灣精選高息,147,49,98,玉山-高雄,2024-09-24,8843
3231,緯創,203,107,96,玉山-高雄,2024-09-24,8843
4530,宏易,94,0,94,玉山-高雄,2024-09-24,8843
00687B,國泰20年美債,143,69,74,玉山-高雄,2024-09-24,8843
6442,光聖,88,15,73,玉山-高雄,2024-09-24,8843
2349,錸德,95,22,73,玉山-高雄,2024-09-24,8843
00948B,中信優息投資級債,62,6,56,玉山-高雄,2024-09-24,8843
00918,大華優利高填息30,73,22,51,玉山-高雄,2024-09-24,8843
00946,群益科技高息成長,49,5,44,玉山-高雄,2024-09-24,8843
1314,中石化,65,21,44,玉山-高雄,2024-09-24,8843
00715L,期街口布蘭特正2,48,5,43,玉山-高雄,2024-09-24,8843
2609,陽明,247,207,40,玉山-高雄,2024-09-24,8843
1536,和大,53,15,38,玉山-高雄,2024-09-24,8843
00960,野村全球航運龍頭,55,18,37,玉山-高雄,2024-09-24,8843
00679B,元大美債20年,80,43,37,玉山-高雄,2024-09-24,8843
6570,維田,38,2,36,玉山-高雄,2024-09-24,8843
00795B,中信美國公債20年,35,2,33,玉山-高雄,2024-09-24,8843
2495,普安,38,6,32,玉山-高雄,2024-09-24,8843
6125,廣運,40,11,29,玉山-高雄,2024-09-24,8843
5452,佶優,31,3,28,玉山-高雄,2024-09-24,8843
6446,藥華藥,50,23,27,玉山-高雄,2024-09-24,8843
3715,定穎投控,127,101,26,玉山-高雄,2024-09-24,8843
5905,南仁湖,66,40,26,玉山-高雄,2024-09-24,8843
00953B,群益優選非投等債,27,1,26,玉山-高雄,2024-09-24,8843
00887,永豐中國科技50大,25,0,25,玉山-高雄,2024-09-24,8843
9958,世紀鋼,29,6,23,玉山-高雄,2024-09-24,8843
2070,精湛,38,16,22,玉山-高雄,2024-09-24,8843
1316,上曜,34,12,22,玉山-高雄,2024-09-24,8843
3013,晟銘電,91,69,22,玉山-高雄,2024-09-24,8843
2476,鉅祥,21,0,21,玉山-高雄,2024-09-24,8843
6151,晉倫,24,3,21,玉山-高雄,2024-09-24,8843
6153,嘉聯益,21,0,21,玉山-高雄,2024-09-24,8843
6548,長科*,45,25,20,玉山-高雄,2024-09-24,8843
6177,達麗,30,11,19,玉山-高雄,2024-09-24,8843
8927,北基,19,0,19,玉山-高雄,2024-09-24,8843
4513,福裕,48,31,17,玉山-高雄,2024-09-24,8843
6109,亞元,20,3,17,玉山-高雄,2024-09-24,8843
8027,鈦昇,20,3,17,玉山-高雄,2024-09-24,8843
3605,宏致,28,11,17,玉山-高雄,2024-09-24,8843
4402,郡都開發,18,1,17,玉山-高雄,2024-09-24,8843
00720B,元大投資級公司債,23,6,17,玉山-高雄,2024-09-24,8843
6530,創威,22,6,16,玉山-高雄,2024-09-24,8843
3041,揚智,16,0,16,玉山-高雄,2024-09-24,8843
00773B,中信優先金融債,16,0,16,玉山-高雄,2024-09-24,8843
2344,華邦電,22,6,16,玉山-高雄,2024-09-24,8843
00632R,元大台灣50反1,741,157,584,玉山-高雄,2024-09-25,8843
00753L,中信中國50正2,442,43,399,玉山-高雄,2024-09-25,8843
00882,中信中國高股息,455,212,243,玉山-高雄,2024-09-25,8843
00637L,元大滬深300正2,335,104,231,玉山-高雄,2024-09-25,8843
4530,宏易,186,0,186,玉山-高雄,2024-09-25,8843
00919,群益台灣精選高息,217,49,168,玉山-高雄,2024-09-25,8843
3481,群創,200,47,153,玉山-高雄,2024-09-25,8843
00712,復華富時不動產,125,7,118,玉山-高雄,2024-09-25,8843
00937B,群益ESG投等債20,142,70,72,玉山-高雄,2024-09-25,8843
1711,永光,80,10,70,玉山-高雄,2024-09-25,8843
5488,松普,86,29,57,玉山-高雄,2024-09-25,8843
00946,群益科技高息成長,62,10,52,玉山-高雄,2024-09-25,8843
1776,展宇,50,0,50,玉山-高雄,2024-09-25,8843
4989,榮科,51,1,50,玉山-高雄,2024-09-25,8843
00931B,統一美債20年,53,5,48,玉山-高雄,2024-09-25,8843
00878,國泰永續高股息,88,41,47,玉山-高雄,2024-09-25,8843
3062,建漢,76,30,46,玉山-高雄,2024-09-25,8843
1785,光洋科,63,18,45,玉山-高雄,2024-09-25,8843
2344,華邦電,54,9,45,玉山-高雄,2024-09-25,8843
00929,復華台灣科技優息,257,213,44,玉山-高雄,2024-09-25,8843
00918,大華優利高填息30,75,33,42,玉山-高雄,2024-09-25,8843
00674R,期元大S＆P黃金反1,31,0,31,玉山-高雄,2024-09-25,8843
00634R,富邦上証反1,30,0,30,玉山-高雄,2024-09-25,8843
4707,磐亞,51,21,30,玉山-高雄,2024-09-25,8843
2748,雲品,30,2,28,玉山-高雄,2024-09-25,8843
8076,伍豐,44,16,28,玉山-高雄,2024-09-25,8843
00952,凱基台灣AI50,27,0,27,玉山-高雄,2024-09-25,8843
9958,世紀鋼,39,13,26,玉山-高雄,2024-09-25,8843
2201,裕隆,28,2,26,玉山-高雄,2024-09-25,8843
6505,台塑化,30,4,26,玉山-高雄,2024-09-25,8843
3021,鴻名,43,17,26,玉山-高雄,2024-09-25,8843
3550,聯穎,127,101,26,玉山-高雄,2024-09-25,8843
00948B,中信優息投資級債,27,1,26,玉山-高雄,2024-09-25,8843
8927,北基,27,2,25,玉山-高雄,2024-09-25,8843
00679B,元大美債20年,150,128,22,玉山-高雄,2024-09-25,8843
00857B,永豐20年美公債,23,1,22,玉山-高雄,2024-09-25,8843
6133,金橋,49,27,22,玉山-高雄,2024-09-25,8843
5340,建榮,21,0,21,玉山-高雄,2024-09-25,8843
00881,國泰台灣5G+,38,17,21,玉山-高雄,2024-09-25,8843
3047,訊舟,70,50,20,玉山-高雄,2024-09-25,8843
2009,第一銅,22,3,19,玉山-高雄,2024-09-25,8843
3576,聯合再生,23,5,18,玉山-高雄,2024-09-25,8843
9935,慶豐富,29,11,18,玉山-高雄,2024-09-25,8843
6873,泓德能源,23,5,18,玉山-高雄,2024-09-25,8843
3711,日月光投控,35,17,18,玉山-高雄,2024-09-25,8843
00665L,富邦�琤肭磪囓�2,71,54,17,玉山-高雄,2024-09-25,8843
2206,三陽工業,17,0,17,玉山-高雄,2024-09-25,8843
2890,永豐金,20,3,17,玉山-高雄,2024-09-25,8843
4714,永捷,17,1,16,玉山-高雄,2024-09-25,8843
00915,凱基優選高股息30,22,6,16,玉山-高雄,2024-09-25,8843
00937B,群益ESG投等債20,579,338,241,玉山-高雄,2024-09-26,8843
00680L,元大美債20正2,234,2,232,玉山-高雄,2024-09-26,8843
00960,野村全球航運龍頭,293,78,215,玉山-高雄,2024-09-26,8843
00687B,國泰20年美債,352,148,204,玉山-高雄,2024-09-26,8843
2609,陽明,559,364,195,玉山-高雄,2024-09-26,8843
3673,TPK-KY,191,12,179,玉山-高雄,2024-09-26,8843
00715L,期街口布蘭特正2,174,5,169,玉山-高雄,2024-09-26,8843
00679B,元大美債20年,231,83,148,玉山-高雄,2024-09-26,8843
00948B,中信優息投資級債,123,6,117,玉山-高雄,2024-09-26,8843
00632R,元大台灣50反1,175,80,95,玉山-高雄,2024-09-26,8843
2542,興富發,95,5,90,玉山-高雄,2024-09-26,8843
00712,復華富時不動產,88,5,83,玉山-高雄,2024-09-26,8843
2886,兆豐金,76,7,69,玉山-高雄,2024-09-26,8843
00795B,中信美國公債20年,66,0,66,玉山-高雄,2024-09-26,8843
00958B,永豐ESG銀行債15,66,0,66,玉山-高雄,2024-09-26,8843
6923,中台,64,0,64,玉山-高雄,2024-09-26,8843
3501,維熹,59,0,59,玉山-高雄,2024-09-26,8843
4402,郡都開發,55,0,55,玉山-高雄,2024-09-26,8843
6151,晉倫,53,0,53,玉山-高雄,2024-09-26,8843
1618,合機,60,9,51,玉山-高雄,2024-09-26,8843
3019,亞光,96,45,51,玉山-高雄,2024-09-26,8843
6188,廣明,54,11,43,玉山-高雄,2024-09-26,8843
5880,合庫金,50,11,39,玉山-高雄,2024-09-26,8843
2426,鼎元,40,2,38,玉山-高雄,2024-09-26,8843
2605,新興,47,9,38,玉山-高雄,2024-09-26,8843
00696B,富邦美債20年,31,0,31,玉山-高雄,2024-09-26,8843
8110,華東,43,12,31,玉山-高雄,2024-09-26,8843
8111,立��,64,34,30,玉山-高雄,2024-09-26,8843
8150,南茂,31,1,30,玉山-高雄,2024-09-26,8843
3094,聯傑,53,23,30,玉山-高雄,2024-09-26,8843
6147,頎邦,31,3,28,玉山-高雄,2024-09-26,8843
6438,迅得,29,2,27,玉山-高雄,2024-09-26,8843
6133,金橋,33,6,27,玉山-高雄,2024-09-26,8843
3715,定穎投控,44,19,25,玉山-高雄,2024-09-26,8843
3605,宏致,49,25,24,玉山-高雄,2024-09-26,8843
8927,北基,34,10,24,玉山-高雄,2024-09-26,8843
2312,金寶,55,31,24,玉山-高雄,2024-09-26,8843
8070,長華*,31,7,24,玉山-高雄,2024-09-26,8843
2492,華新科,28,5,23,玉山-高雄,2024-09-26,8843
2356,英業達,28,5,23,玉山-高雄,2024-09-26,8843
2367,燿華,38,15,23,玉山-高雄,2024-09-26,8843
3047,訊舟,29,6,23,玉山-高雄,2024-09-26,8843
2359,所羅門,28,6,22,玉山-高雄,2024-09-26,8843
2338,光罩,23,1,22,玉山-高雄,2024-09-26,8843
2929,淘帝-KY,22,0,22,玉山-高雄,2024-09-26,8843
00642U,期元大S＆P石油,27,5,22,玉山-高雄,2024-09-26,8843
1808,潤隆,56,35,21,玉山-高雄,2024-09-26,8843
2641,正德,21,0,21,玉山-高雄,2024-09-26,8843
3707,漢磊,21,0,21,玉山-高雄,2024-09-26,8843
9902,台火,20,0,20,玉山-高雄,2024-09-26,8843
2104,國際中橡,420,0,420,玉山-高雄,2024-09-27,8843
00687B,國泰20年美債,380,31,349,玉山-高雄,2024-09-27,8843
00937B,群益ESG投等債20,586,243,343,玉山-高雄,2024-09-27,8843
00752,中信中國50,376,51,325,玉山-高雄,2024-09-27,8843
2891,中信金,271,36,235,玉山-高雄,2024-09-27,8843
2888,新光金,374,145,229,玉山-高雄,2024-09-27,8843
00960,野村全球航運龍頭,197,42,155,玉山-高雄,2024-09-27,8843
1301,台塑,198,47,151,玉山-高雄,2024-09-27,8843
00715L,期街口布蘭特正2,161,17,144,玉山-高雄,2024-09-27,8843
00632R,元大台灣50反1,142,2,140,玉山-高雄,2024-09-27,8843
00636,國泰中國A50,131,16,115,玉山-高雄,2024-09-27,8843
00712,復華富時不動產,113,2,111,玉山-高雄,2024-09-27,8843
00929,復華台灣科技優息,276,190,86,玉山-高雄,2024-09-27,8843
6442,光聖,90,7,83,玉山-高雄,2024-09-27,8843
00664R,國泰臺灣加權反1,90,10,80,玉山-高雄,2024-09-27,8843
5876,上海商銀,64,3,61,玉山-高雄,2024-09-27,8843
00795B,中信美國公債20年,60,0,60,玉山-高雄,2024-09-27,8843
2890,永豐金,58,2,56,玉山-高雄,2024-09-27,8843
00651R,復華香港反1,55,0,55,玉山-高雄,2024-09-27,8843
3711,日月光投控,59,5,54,玉山-高雄,2024-09-27,8843
9105,泰金寶-DR,52,0,52,玉山-高雄,2024-09-27,8843
00676R,富邦臺灣加權反1,50,0,50,玉山-高雄,2024-09-27,8843
00634R,富邦上証反1,52,3,49,玉山-高雄,2024-09-27,8843
6147,頎邦,47,2,45,玉山-高雄,2024-09-27,8843
1802,台玻,67,22,45,玉山-高雄,2024-09-27,8843
3550,聯穎,65,23,42,玉山-高雄,2024-09-27,8843
3376,新日興,42,2,40,玉山-高雄,2024-09-27,8843
00948B,中信優息投資級債,43,4,39,玉山-高雄,2024-09-27,8843
5347,世界,41,3,38,玉山-高雄,2024-09-27,8843
2884,玉山金,53,16,37,玉山-高雄,2024-09-27,8843
3607,谷崧,36,1,35,玉山-高雄,2024-09-27,8843
00958B,永豐ESG銀行債15,30,1,29,玉山-高雄,2024-09-27,8843
6923,中台,29,0,29,玉山-高雄,2024-09-27,8843
3019,亞光,53,24,29,玉山-高雄,2024-09-27,8843
00753L,中信中國50正2,58,30,28,玉山-高雄,2024-09-27,8843
8111,立��,59,32,27,玉山-高雄,2024-09-27,8843
2388,威盛,38,13,25,玉山-高雄,2024-09-27,8843
00719B,元大美債1-3,25,0,25,玉山-高雄,2024-09-27,8843
4566,時碩工業,32,8,24,玉山-高雄,2024-09-27,8843
2201,裕隆,28,5,23,玉山-高雄,2024-09-27,8843
00931B,統一美債20年,23,0,23,玉山-高雄,2024-09-27,8843
00642U,期元大S＆P石油,32,10,22,玉山-高雄,2024-09-27,8843
00945B,凱基美國非投等債,21,0,21,玉山-高雄,2024-09-27,8843
00751B,元大AAA至A公司債,33,12,21,玉山-高雄,2024-09-27,8843
2881,富邦金,36,16,20,玉山-高雄,2024-09-27,8843
00706L,期元大S＆P日圓正2,48,28,20,玉山-高雄,2024-09-27,8843
0061,元大寶滬深,20,0,20,玉山-高雄,2024-09-27,8843
00666R,富邦�琤肭磪齯�1,20,0,20,玉山-高雄,2024-09-27,8843
1569,濱川,22,2,20,玉山-高雄,2024-09-27,8843
1702,南僑,25,6,19,玉山-高雄,2024-09-27,8843
00929,復華台灣科技優息,478,31,447,玉山-高雄,2024-09-30,8843
00919,群益台灣精選高息,526,122,404,玉山-高雄,2024-09-30,8843
00680L,元大美債20正2,360,94,266,玉山-高雄,2024-09-30,8843
00687B,國泰20年美債,177,12,165,玉山-高雄,2024-09-30,8843
00885,富邦越南,137,0,137,玉山-高雄,2024-09-30,8843
0056,元大高股息,116,4,112,玉山-高雄,2024-09-30,8843
00632R,元大台灣50反1,261,153,108,玉山-高雄,2024-09-30,8843
00940,元大台灣價值高息,174,72,102,玉山-高雄,2024-09-30,8843
3605,宏致,104,4,100,玉山-高雄,2024-09-30,8843
2104,國際中橡,100,0,100,玉山-高雄,2024-09-30,8843
2609,陽明,182,92,90,玉山-高雄,2024-09-30,8843
00679B,元大美債20年,109,27,82,玉山-高雄,2024-09-30,8843
00918,大華優利高填息30,89,7,82,玉山-高雄,2024-09-30,8843
1309,台達化,113,33,80,玉山-高雄,2024-09-30,8843
00958B,永豐ESG銀行債15,73,0,73,玉山-高雄,2024-09-30,8843
5905,南仁湖,80,9,71,玉山-高雄,2024-09-30,8843
6877,鏵友益,70,0,70,玉山-高雄,2024-09-30,8843
3041,揚智,66,1,65,玉山-高雄,2024-09-30,8843
3607,谷崧,64,0,64,玉山-高雄,2024-09-30,8843
00923,群益台ESG低碳50,68,8,60,玉山-高雄,2024-09-30,8843
1312,國喬,58,0,58,玉山-高雄,2024-09-30,8843
6923,中台,56,0,56,玉山-高雄,2024-09-30,8843
2330,台積電,69,13,56,玉山-高雄,2024-09-30,8843
00878,國泰永續高股息,122,68,54,玉山-高雄,2024-09-30,8843
00850,元大臺灣ESG永續,53,0,53,玉山-高雄,2024-09-30,8843
2615,萬海,148,96,52,玉山-高雄,2024-09-30,8843
1313,聯成,53,1,52,玉山-高雄,2024-09-30,8843
1909,榮成,51,0,51,玉山-高雄,2024-09-30,8843
00676R,富邦臺灣加權反1,50,0,50,玉山-高雄,2024-09-30,8843
8927,北基,51,3,48,玉山-高雄,2024-09-30,8843
00881,國泰台灣5G+,48,1,47,玉山-高雄,2024-09-30,8843
6530,創威,58,16,42,玉山-高雄,2024-09-30,8843
00960,野村全球航運龍頭,76,34,42,玉山-高雄,2024-09-30,8843
2028,威致,58,17,41,玉山-高雄,2024-09-30,8843
00915,凱基優選高股息30,66,26,40,玉山-高雄,2024-09-30,8843
00795B,中信美國公債20年,39,0,39,玉山-高雄,2024-09-30,8843
2243,宏旭-KY,44,6,38,玉山-高雄,2024-09-30,8843
006208,富邦台50,39,1,38,玉山-高雄,2024-09-30,8843
00751B,元大AAA至A公司債,36,0,36,玉山-高雄,2024-09-30,8843
2303,聯電,47,11,36,玉山-高雄,2024-09-30,8843
00752,中信中國50,43,8,35,玉山-高雄,2024-09-30,8843
1409,新纖,35,0,35,玉山-高雄,2024-09-30,8843
00933B,國泰10Y+金融債,34,1,33,玉山-高雄,2024-09-30,8843
00713,元大台灣高息低波,38,5,33,玉山-高雄,2024-09-30,8843
5876,上海商銀,33,1,32,玉山-高雄,2024-09-30,8843
2605,新興,132,101,31,玉山-高雄,2024-09-30,8843
00725B,國泰投資級公司債,31,0,31,玉山-高雄,2024-09-30,8843
2867,三商壽,30,0,30,玉山-高雄,2024-09-30,8843
00887,永豐中國科技50大,40,10,30,玉山-高雄,2024-09-30,8843
2313,華通,62,32,30,玉山-高雄,2024-09-30,8843
00929,復華台灣科技優息,470,105,365,玉山-高雄,2024-10-01,8843
2104,國際中橡,302,0,302,玉山-高雄,2024-10-01,8843
2888,新光金,647,403,244,玉山-高雄,2024-10-01,8843
2615,萬海,464,242,222,玉山-高雄,2024-10-01,8843
0056,元大高股息,201,3,198,玉山-高雄,2024-10-01,8843
2371,大同,185,12,173,玉山-高雄,2024-10-01,8843
00680L,元大美債20正2,174,4,170,玉山-高雄,2024-10-01,8843
00940,元大台灣價值高息,188,31,157,玉山-高雄,2024-10-01,8843
00937B,群益ESG投等債20,113,6,107,玉山-高雄,2024-10-01,8843
00638R,元大滬深300反1,103,0,103,玉山-高雄,2024-10-01,8843
00753L,中信中國50正2,115,16,99,玉山-高雄,2024-10-01,8843
4909,新復興,137,40,97,玉山-高雄,2024-10-01,8843
00687B,國泰20年美債,126,37,89,玉山-高雄,2024-10-01,8843
00706L,期元大S＆P日圓正2,78,0,78,玉山-高雄,2024-10-01,8843
00919,群益台灣精選高息,194,120,74,玉山-高雄,2024-10-01,8843
00679B,元大美債20年,79,18,61,玉山-高雄,2024-10-01,8843
00650L,復華香港正2,74,17,57,玉山-高雄,2024-10-01,8843
6116,彩晶,56,0,56,玉山-高雄,2024-10-01,8843
6923,中台,51,1,50,玉山-高雄,2024-10-01,8843
1313,聯成,50,0,50,玉山-高雄,2024-10-01,8843
2317,鴻海,63,24,39,玉山-高雄,2024-10-01,8843
00927,群益半導體收益,41,2,39,玉山-高雄,2024-10-01,8843
00637L,元大滬深300正2,116,78,38,玉山-高雄,2024-10-01,8843
2409,友達,38,2,36,玉山-高雄,2024-10-01,8843
2867,三商壽,56,20,36,玉山-高雄,2024-10-01,8843
4157,太景*-KY,33,0,33,玉山-高雄,2024-10-01,8843
00922,國泰台灣領袖50,33,1,32,玉山-高雄,2024-10-01,8843
2455,全新,61,29,32,玉山-高雄,2024-10-01,8843
2881,富邦金,34,3,31,玉山-高雄,2024-10-01,8843
6770,力積電,32,1,31,玉山-高雄,2024-10-01,8843
3607,谷崧,32,1,31,玉山-高雄,2024-10-01,8843
3481,群創,67,37,30,玉山-高雄,2024-10-01,8843
00752,中信中國50,31,2,29,玉山-高雄,2024-10-01,8843
2887,台新金,33,4,29,玉山-高雄,2024-10-01,8843
2363,矽統,47,19,28,玉山-高雄,2024-10-01,8843
00713,元大台灣高息低波,39,12,27,玉山-高雄,2024-10-01,8843
00715L,期街口布蘭特正2,28,1,27,玉山-高雄,2024-10-01,8843
1540,喬福,31,5,26,玉山-高雄,2024-10-01,8843
2605,新興,92,69,23,玉山-高雄,2024-10-01,8843
00665L,富邦�琤肭磪囓�2,83,60,23,玉山-高雄,2024-10-01,8843
8927,北基,23,0,23,玉山-高雄,2024-10-01,8843
1722,台肥,22,0,22,玉山-高雄,2024-10-01,8843
1609,大亞,22,0,22,玉山-高雄,2024-10-01,8843
3450,聯鈞,135,114,21,玉山-高雄,2024-10-01,8843
00918,大華優利高填息30,23,2,21,玉山-高雄,2024-10-01,8843
6838,台新藥,20,0,20,玉山-高雄,2024-10-01,8843
3035,智原,23,3,20,玉山-高雄,2024-10-01,8843
6151,晉倫,25,5,20,玉山-高雄,2024-10-01,8843
00795B,中信美國公債20年,19,0,19,玉山-高雄,2024-10-01,8843
2527,宏璟,20,1,19,玉山-高雄,2024-10-01,8843
00919,群益台灣精選高息,660,36,624,玉山-高雄,2024-10-04,8843
00637L,元大滬深300正2,945,595,350,玉山-高雄,2024-10-04,8843
0056,元大高股息,257,7,250,玉山-高雄,2024-10-04,8843
00634R,富邦上証反1,210,0,210,玉山-高雄,2024-10-04,8843
2618,長榮航,219,22,197,玉山-高雄,2024-10-04,8843
00940,元大台灣價值高息,196,13,183,玉山-高雄,2024-10-04,8843
00687B,國泰20年美債,194,49,145,玉山-高雄,2024-10-04,8843
2884,玉山金,185,44,141,玉山-高雄,2024-10-04,8843
3037,欣興,119,1,118,玉山-高雄,2024-10-04,8843
2313,華通,111,2,109,玉山-高雄,2024-10-04,8843
2609,陽明,182,76,106,玉山-高雄,2024-10-04,8843
00878,國泰永續高股息,148,48,100,玉山-高雄,2024-10-04,8843
00885,富邦越南,102,2,100,玉山-高雄,2024-10-04,8843
00960,野村全球航運龍頭,103,25,78,玉山-高雄,2024-10-04,8843
2882,國泰金,77,1,76,玉山-高雄,2024-10-04,8843
00632R,元大台灣50反1,146,71,75,玉山-高雄,2024-10-04,8843
2603,長榮,83,12,71,玉山-高雄,2024-10-04,8843
00679B,元大美債20年,119,52,67,玉山-高雄,2024-10-04,8843
2303,聯電,66,4,62,玉山-高雄,2024-10-04,8843
00680L,元大美債20正2,146,88,58,玉山-高雄,2024-10-04,8843
6923,中台,56,0,56,玉山-高雄,2024-10-04,8843
00948B,中信優息投資級債,52,0,52,玉山-高雄,2024-10-04,8843
00739,元大MSCI A股,53,2,51,玉山-高雄,2024-10-04,8843
00676R,富邦臺灣加權反1,50,0,50,玉山-高雄,2024-10-04,8843
6215,和椿,52,2,50,玉山-高雄,2024-10-04,8843
00713,元大台灣高息低波,53,4,49,玉山-高雄,2024-10-04,8843
3025,星通,127,81,46,玉山-高雄,2024-10-04,8843
00937B,群益ESG投等債20,88,43,45,玉山-高雄,2024-10-04,8843
1313,聯成,44,0,44,玉山-高雄,2024-10-04,8843
00915,凱基優選高股息30,50,8,42,玉山-高雄,2024-10-04,8843
2615,萬海,89,49,40,玉山-高雄,2024-10-04,8843
2892,第一金,72,31,41,玉山-高雄,2024-10-04,8843
00656R,國泰中國A50反1,40,0,40,玉山-高雄,2024-10-04,8843
2886,兆豐金,37,0,37,玉山-高雄,2024-10-04,8843
00918,大華優利高填息30,63,27,36,玉山-高雄,2024-10-04,8843
2881,富邦金,36,1,35,玉山-高雄,2024-10-04,8843
00795B,中信美國公債20年,34,1,33,玉山-高雄,2024-10-04,8843
2891,中信金,135,103,32,玉山-高雄,2024-10-04,8843
2308,台達電,41,10,31,玉山-高雄,2024-10-04,8843
6838,台新藥,28,0,28,玉山-高雄,2024-10-04,8843
1785,光洋科,37,11,26,玉山-高雄,2024-10-04,8843
2323,中環,28,2,26,玉山-高雄,2024-10-04,8843
2887,台新金,151,125,26,玉山-高雄,2024-10-04,8843
2355,敬鵬,26,0,26,玉山-高雄,2024-10-04,8843
00922,國泰台灣領袖50,32,6,26,玉山-高雄,2024-10-04,8843
2014,中鴻,54,29,25,玉山-高雄,2024-10-04,8843
1727,中華化,34,9,25,玉山-高雄,2024-10-04,8843
00638R,元大滬深300反1,25,0,25,玉山-高雄,2024-10-04,8843
2103,台橡,25,0,25,玉山-高雄,2024-10-04,8843
3149,正達,28,3,25,玉山-高雄,2024-10-04,8843
00637L,元大滬深300正2,915,428,487,玉山-高雄,2024-10-07,8843
2892,第一金,399,9,390,玉山-高雄,2024-10-07,8843
00948B,中信優息投資級債,256,10,246,玉山-高雄,2024-10-07,8843
00877,復華中國5G,216,20,196,玉山-高雄,2024-10-07,8843
2884,玉山金,233,42,191,玉山-高雄,2024-10-07,8843
00929,復華台灣科技優息,276,123,153,玉山-高雄,2024-10-07,8843
00919,群益台灣精選高息,252,104,148,玉山-高雄,2024-10-07,8843
00887,永豐中國科技50大,222,84,138,玉山-高雄,2024-10-07,8843
2104,國際中橡,133,0,133,玉山-高雄,2024-10-07,8843
3481,群創,156,47,109,玉山-高雄,2024-10-07,8843
00673R,期元大S＆P原油反1,105,0,105,玉山-高雄,2024-10-07,8843
1314,中石化,249,148,101,玉山-高雄,2024-10-07,8843
6505,台塑化,115,23,92,玉山-高雄,2024-10-07,8843
0056,元大高股息,92,3,89,玉山-高雄,2024-10-07,8843
2912,統一超,68,0,68,玉山-高雄,2024-10-07,8843
8046,南電,71,4,67,玉山-高雄,2024-10-07,8843
00940,元大台灣價值高息,110,48,62,玉山-高雄,2024-10-07,8843
1313,聯成,58,0,58,玉山-高雄,2024-10-07,8843
00922,國泰台灣領袖50,61,3,58,玉山-高雄,2024-10-07,8843
00878,國泰永續高股息,80,24,56,玉山-高雄,2024-10-07,8843
00639,富邦深100,114,61,53,玉山-高雄,2024-10-07,8843
00676R,富邦臺灣加權反1,50,0,50,玉山-高雄,2024-10-07,8843
2601,益航,73,23,50,玉山-高雄,2024-10-07,8843
00651R,復華香港反1,44,0,44,玉山-高雄,2024-10-07,8843
00739,元大MSCI A股,42,0,42,玉山-高雄,2024-10-07,8843
2426,鼎元,47,5,42,玉山-高雄,2024-10-07,8843
0061,元大寶滬深,42,1,41,玉山-高雄,2024-10-07,8843
2886,兆豐金,40,1,39,玉山-高雄,2024-10-07,8843
1540,喬福,54,17,37,玉山-高雄,2024-10-07,8843
00946,群益科技高息成長,36,0,36,玉山-高雄,2024-10-07,8843
00795B,中信美國公債20年,38,3,35,玉山-高雄,2024-10-07,8843
8463,潤泰材,35,0,35,玉山-高雄,2024-10-07,8843
2356,英業達,38,5,33,玉山-高雄,2024-10-07,8843
00907,永豐優息存股,32,0,32,玉山-高雄,2024-10-07,8843
00943,兆豐電子高息等權,34,3,31,玉山-高雄,2024-10-07,8843
8111,立��,171,141,30,玉山-高雄,2024-10-07,8843
00636,國泰中國A50,84,55,29,玉山-高雄,2024-10-07,8843
00937B,群益ESG投等債20,95,66,29,玉山-高雄,2024-10-07,8843
00712,復華富時不動產,28,0,28,玉山-高雄,2024-10-07,8843
00905,FT臺灣Smart,38,10,28,玉山-高雄,2024-10-07,8843
3062,建漢,54,27,27,玉山-高雄,2024-10-07,8843
00915,凱基優選高股息30,29,3,26,玉山-高雄,2024-10-07,8843
4967,十銓,26,1,25,玉山-高雄,2024-10-07,8843
8404,百和興業-KY,33,8,25,玉山-高雄,2024-10-07,8843
2615,萬海,114,89,25,玉山-高雄,2024-10-07,8843
2313,華通,44,20,24,玉山-高雄,2024-10-07,8843
006205,富邦上証,20,0,20,玉山-高雄,2024-10-07,8843
1101,台泥,20,1,19,玉山-高雄,2024-10-07,8843
4510,高鋒,31,12,19,玉山-高雄,2024-10-07,8843
6923,中台,19,1,18,玉山-高雄,2024-10-07,8843
00919,群益台灣精選高息,353,23,330,玉山-高雄,2024-10-08,8843
00929,復華台灣科技優息,341,91,250,玉山-高雄,2024-10-08,8843
2888,新光金,296,52,244,玉山-高雄,2024-10-08,8843
2892,第一金,315,79,236,玉山-高雄,2024-10-08,8843
0056,元大高股息,207,3,204,玉山-高雄,2024-10-08,8843
00753L,中信中國50正2,291,117,174,玉山-高雄,2024-10-08,8843
2886,兆豐金,156,13,143,玉山-高雄,2024-10-08,8843
1314,中石化,162,29,133,玉山-高雄,2024-10-08,8843
1815,富喬,135,5,130,玉山-高雄,2024-10-08,8843
00878,國泰永續高股息,146,17,129,玉山-高雄,2024-10-08,8843
00940,元大台灣價值高息,165,37,128,玉山-高雄,2024-10-08,8843
2615,萬海,142,33,109,玉山-高雄,2024-10-08,8843
3049,精金,134,27,107,玉山-高雄,2024-10-08,8843
6005,群益證,101,0,101,玉山-高雄,2024-10-08,8843
2845,遠東銀,82,1,81,玉山-高雄,2024-10-08,8843
00922,國泰台灣領袖50,79,2,77,玉山-高雄,2024-10-08,8843
00923,群益台ESG低碳50,76,2,74,玉山-高雄,2024-10-08,8843
00795B,中信美國公債20年,74,0,74,玉山-高雄,2024-10-08,8843
5880,合庫金,74,0,74,玉山-高雄,2024-10-08,8843
4903,聯光通,133,62,71,玉山-高雄,2024-10-08,8843
2884,玉山金,106,39,67,玉山-高雄,2024-10-08,8843
2399,映泰,155,91,64,玉山-高雄,2024-10-08,8843
00706L,期元大S＆P日圓正2,59,0,59,玉山-高雄,2024-10-08,8843
00712,復華富時不動產,68,12,56,玉山-高雄,2024-10-08,8843
00643,群益深証中小,52,0,52,玉山-高雄,2024-10-08,8843
00679B,元大美債20年,139,89,50,玉山-高雄,2024-10-08,8843
00850,元大臺灣ESG永續,50,0,50,玉山-高雄,2024-10-08,8843
2243,宏旭-KY,53,7,46,玉山-高雄,2024-10-08,8843
2883,凱基金,56,12,44,玉山-高雄,2024-10-08,8843
6923,中台,41,0,41,玉山-高雄,2024-10-08,8843
2362,藍天,55,14,41,玉山-高雄,2024-10-08,8843
00783,富邦中証500,40,0,40,玉山-高雄,2024-10-08,8843
2887,台新金,42,3,39,玉山-高雄,2024-10-08,8843
1609,大亞,39,0,39,玉山-高雄,2024-10-08,8843
00948B,中信優息投資級債,50,11,39,玉山-高雄,2024-10-08,8843
00700,富邦�琤肭磪�,59,21,38,玉山-高雄,2024-10-08,8843
2313,華通,57,20,37,玉山-高雄,2024-10-08,8843
3163,波若威,45,10,35,玉山-高雄,2024-10-08,8843
2355,敬鵬,36,1,35,玉山-高雄,2024-10-08,8843
00751B,元大AAA至A公司債,43,8,35,玉山-高雄,2024-10-08,8843
2498,宏達電,59,24,35,玉山-高雄,2024-10-08,8843
00713,元大台灣高息低波,37,4,33,玉山-高雄,2024-10-08,8843
00639,富邦深100,50,19,31,玉山-高雄,2024-10-08,8843
911868,同方友友-DR,30,0,30,玉山-高雄,2024-10-08,8843
1409,新纖,31,1,30,玉山-高雄,2024-10-08,8843
1313,聯成,30,1,29,玉山-高雄,2024-10-08,8843
1802,台玻,55,28,27,玉山-高雄,2024-10-08,8843
00673R,期元大S＆P原油反1,27,0,27,玉山-高雄,2024-10-08,8843
6133,金橋,27,0,27,玉山-高雄,2024-10-08,8843
6438,迅得,32,7,25,玉山-高雄,2024-10-08,8843
00637L,元大滬深300正2,1170,708,462,玉山-高雄,2024-10-09,8843
00937B,群益ESG投等債20,405,25,380,玉山-高雄,2024-10-09,8843
00882,中信中國高股息,598,364,234,玉山-高雄,2024-10-09,8843
00679B,元大美債20年,201,14,187,玉山-高雄,2024-10-09,8843
00885,富邦越南,153,1,152,玉山-高雄,2024-10-09,8843
2888,新光金,630,478,152,玉山-高雄,2024-10-09,8843
00687B,國泰20年美債,177,36,141,玉山-高雄,2024-10-09,8843
00680L,元大美債20正2,203,69,134,玉山-高雄,2024-10-09,8843
00753L,中信中國50正2,221,93,128,玉山-高雄,2024-10-09,8843
0056,元大高股息,138,18,120,玉山-高雄,2024-10-09,8843
2892,第一金,148,30,118,玉山-高雄,2024-10-09,8843
00857B,永豐20年美公債,107,0,107,玉山-高雄,2024-10-09,8843
2376,技嘉,111,5,106,玉山-高雄,2024-10-09,8843
00959B,大華投等美債15Y+,100,0,100,玉山-高雄,2024-10-09,8843
00919,群益台灣精選高息,157,57,100,玉山-高雄,2024-10-09,8843
00713,元大台灣高息低波,84,5,79,玉山-高雄,2024-10-09,8843
00665L,富邦�琤肭磪囓�2,318,239,79,玉山-高雄,2024-10-09,8843
2002,中鋼,87,10,77,玉山-高雄,2024-10-09,8843
6923,中台,71,0,71,玉山-高雄,2024-10-09,8843
00725B,國泰投資級公司債,70,0,70,玉山-高雄,2024-10-09,8843
5880,合庫金,70,0,70,玉山-高雄,2024-10-09,8843
1101,台泥,75,14,61,玉山-高雄,2024-10-09,8843
1409,新纖,70,12,58,玉山-高雄,2024-10-09,8843
00934,中信成長高股息,61,5,56,玉山-高雄,2024-10-09,8843
00948B,中信優息投資級債,54,0,54,玉山-高雄,2024-10-09,8843
4939,亞電,52,0,52,玉山-高雄,2024-10-09,8843
2323,中環,52,1,51,玉山-高雄,2024-10-09,8843
2371,大同,61,11,50,玉山-高雄,2024-10-09,8843
00922,國泰台灣領袖50,60,10,50,玉山-高雄,2024-10-09,8843
6125,廣運,51,2,49,玉山-高雄,2024-10-09,8843
2313,華通,51,2,49,玉山-高雄,2024-10-09,8843
2344,華邦電,51,2,49,玉山-高雄,2024-10-09,8843
2363,矽統,254,207,47,玉山-高雄,2024-10-09,8843
1608,華榮,53,6,47,玉山-高雄,2024-10-09,8843
2009,第一銅,55,10,45,玉山-高雄,2024-10-09,8843
2356,英業達,162,120,42,玉山-高雄,2024-10-09,8843
8111,立��,78,37,41,玉山-高雄,2024-10-09,8843
2303,聯電,41,2,39,玉山-高雄,2024-10-09,8843
911868,同方友友-DR,38,0,38,玉山-高雄,2024-10-09,8843
00712,復華富時不動產,38,0,38,玉山-高雄,2024-10-09,8843
2891,中信金,63,27,36,玉山-高雄,2024-10-09,8843
2834,臺企銀,38,2,36,玉山-高雄,2024-10-09,8843
2601,益航,50,17,33,玉山-高雄,2024-10-09,8843
00927,群益半導體收益,39,6,33,玉山-高雄,2024-10-09,8843
2353,宏��,33,0,33,玉山-高雄,2024-10-09,8843
00696B,富邦美債20年,32,0,32,玉山-高雄,2024-10-09,8843
2603,長榮,35,4,31,玉山-高雄,2024-10-09,8843
2399,映泰,83,52,31,玉山-高雄,2024-10-09,8843
2897,王道銀行,31,0,31,玉山-高雄,2024-10-09,8843
6492,生華科,30,0,30,玉山-高雄,2024-10-09,8843
3049,精金,1352,105,1247,玉山-高雄,2024-10-11,8843
00665L,富邦�琤肭磪囓�2,1398,459,939,玉山-高雄,2024-10-11,8843
00937B,群益ESG投等債20,342,28,314,玉山-高雄,2024-10-11,8843
00637L,元大滬深300正2,746,440,306,玉山-高雄,2024-10-11,8843
00679B,元大美債20年,289,75,214,玉山-高雄,2024-10-11,8843
00907,永豐優息存股,204,1,203,玉山-高雄,2024-10-11,8843
2344,華邦電,180,9,171,玉山-高雄,2024-10-11,8843
00680L,元大美債20正2,181,56,125,玉山-高雄,2024-10-11,8843
2382,廣達,166,46,120,玉山-高雄,2024-10-11,8843
00919,群益台灣精選高息,120,24,96,玉山-高雄,2024-10-11,8843
1810,和成,91,0,91,玉山-高雄,2024-10-11,8843
3450,聯鈞,155,64,91,玉山-高雄,2024-10-11,8843
0056,元大高股息,106,19,87,玉山-高雄,2024-10-11,8843
2887,台新金,90,6,84,玉山-高雄,2024-10-11,8843
00632R,元大台灣50反1,93,11,82,玉山-高雄,2024-10-11,8843
2449,京元電子,123,55,68,玉山-高雄,2024-10-11,8843
00933B,國泰10Y+金融債,64,2,62,玉山-高雄,2024-10-11,8843
1907,永豐餘,61,0,61,玉山-高雄,2024-10-11,8843
6923,中台,60,0,60,玉山-高雄,2024-10-11,8843
2812,台中銀,58,1,57,玉山-高雄,2024-10-11,8843
6156,松上,57,2,55,玉山-高雄,2024-10-11,8843
00795B,中信美國公債20年,55,0,55,玉山-高雄,2024-10-11,8843
00878,國泰永續高股息,69,15,54,玉山-高雄,2024-10-11,8843
00753L,中信中國50正2,121,67,54,玉山-高雄,2024-10-11,8843
1805,寶徠,63,10,53,玉山-高雄,2024-10-11,8843
3149,正達,159,111,48,玉山-高雄,2024-10-11,8843
00633L,富邦上証正2,106,60,46,玉山-高雄,2024-10-11,8843
00922,國泰台灣領袖50,70,25,45,玉山-高雄,2024-10-11,8843
2388,威盛,75,31,44,玉山-高雄,2024-10-11,8843
00915,凱基優選高股息30,56,17,39,玉山-高雄,2024-10-11,8843
1314,中石化,148,114,34,玉山-高雄,2024-10-11,8843
00655L,國泰中國A50正2,33,0,33,玉山-高雄,2024-10-11,8843
3710,連展投控,45,14,31,玉山-高雄,2024-10-11,8843
2834,臺企銀,39,8,31,玉山-高雄,2024-10-11,8843
00948B,中信優息投資級債,27,0,27,玉山-高雄,2024-10-11,8843
00706L,期元大S＆P日圓正2,27,0,27,玉山-高雄,2024-10-11,8843
6143,振曜,34,8,26,玉山-高雄,2024-10-11,8843
00687B,國泰20年美債,209,183,26,玉山-高雄,2024-10-11,8843
00935,野村臺灣新科技50,46,21,25,玉山-高雄,2024-10-11,8843
3162,精確,31,6,25,玉山-高雄,2024-10-11,8843
8011,台通,27,2,25,玉山-高雄,2024-10-11,8843
6742,澤米,25,0,25,玉山-高雄,2024-10-11,8843
00958B,永豐ESG銀行債15,25,1,24,玉山-高雄,2024-10-11,8843
00720B,元大投資級公司債,26,4,22,玉山-高雄,2024-10-11,8843
5347,世界,25,3,22,玉山-高雄,2024-10-11,8843
00639,富邦深100,33,12,21,玉山-高雄,2024-10-11,8843
1308,亞聚,21,0,21,玉山-高雄,2024-10-11,8843
3024,憶聲,22,1,21,玉山-高雄,2024-10-11,8843
4939,亞電,21,0,21,玉山-高雄,2024-10-11,8843
2027,大成鋼,21,1,20,玉山-高雄,2024-10-11,8843
2883,凱基金,471,17,454,玉山-高雄,2024-10-14,8843
00687B,國泰20年美債,408,56,352,玉山-高雄,2024-10-14,8843
00887,永豐中國科技50大,252,3,249,玉山-高雄,2024-10-14,8843
00679B,元大美債20年,231,13,218,玉山-高雄,2024-10-14,8843
2421,建準,237,28,209,玉山-高雄,2024-10-14,8843
00637L,元大滬深300正2,290,82,208,玉山-高雄,2024-10-14,8843
00937B,群益ESG投等債20,200,25,175,玉山-高雄,2024-10-14,8843
9105,泰金寶-DR,153,29,124,玉山-高雄,2024-10-14,8843
00639,富邦深100,153,38,115,玉山-高雄,2024-10-14,8843
00922,國泰台灣領袖50,120,10,110,玉山-高雄,2024-10-14,8843
0056,元大高股息,159,64,95,玉山-高雄,2024-10-14,8843
2349,錸德,87,0,87,玉山-高雄,2024-10-14,8843
2426,鼎元,120,37,83,玉山-高雄,2024-10-14,8843
2312,金寶,139,61,78,玉山-高雄,2024-10-14,8843
00665L,富邦�琤肭磪囓�2,229,154,75,玉山-高雄,2024-10-14,8843
00650L,復華香港正2,119,45,74,玉山-高雄,2024-10-14,8843
00720B,元大投資級公司債,67,3,64,玉山-高雄,2024-10-14,8843
00948B,中信優息投資級債,62,0,62,玉山-高雄,2024-10-14,8843
2069,運錩,60,0,60,玉山-高雄,2024-10-14,8843
6177,達麗,60,4,56,玉山-高雄,2024-10-14,8843
2383,台光電,51,2,49,玉山-高雄,2024-10-14,8843
2887,台新金,124,76,48,玉山-高雄,2024-10-14,8843
1721,三晃,88,47,41,玉山-高雄,2024-10-14,8843
4414,如興,38,0,38,玉山-高雄,2024-10-14,8843
00688L,國泰20年美債正2,43,6,37,玉山-高雄,2024-10-14,8843
8046,南電,36,0,36,玉山-高雄,2024-10-14,8843
8011,台通,100,64,36,玉山-高雄,2024-10-14,8843
00680L,元大美債20正2,95,60,35,玉山-高雄,2024-10-14,8843
2002,中鋼,39,5,34,玉山-高雄,2024-10-14,8843
00706L,期元大S＆P日圓正2,34,0,34,玉山-高雄,2024-10-14,8843
2356,英業達,38,4,34,玉山-高雄,2024-10-14,8843
00915,凱基優選高股息30,32,0,32,玉山-高雄,2024-10-14,8843
00696B,富邦美債20年,30,0,30,玉山-高雄,2024-10-14,8843
3447,展達,30,0,30,玉山-高雄,2024-10-14,8843
00795B,中信美國公債20年,50,20,30,玉山-高雄,2024-10-14,8843
2845,遠東銀,29,0,29,玉山-高雄,2024-10-14,8843
3189,景碩,31,2,29,玉山-高雄,2024-10-14,8843
6821,聯寶,30,2,28,玉山-高雄,2024-10-14,8843
00712,復華富時不動產,28,2,26,玉山-高雄,2024-10-14,8843
2543,皇昌,37,12,25,玉山-高雄,2024-10-14,8843
2317,鴻海,44,21,23,玉山-高雄,2024-10-14,8843
5871,中租-KY,28,5,23,玉山-高雄,2024-10-14,8843
2208,台船,22,0,22,玉山-高雄,2024-10-14,8843
00957B,兆豐US優選投等債,21,0,21,玉山-高雄,2024-10-14,8843
00933B,國泰10Y+金融債,38,17,21,玉山-高雄,2024-10-14,8843
4157,太景*-KY,20,0,20,玉山-高雄,2024-10-14,8843
4530,宏易,20,0,20,玉山-高雄,2024-10-14,8843
2486,一詮,48,28,20,玉山-高雄,2024-10-14,8843
3036,文曄,31,11,20,玉山-高雄,2024-10-14,8843
5438,東友,24,5,19,玉山-高雄,2024-10-14,8843
00688L,國泰20年美債正2,1088,0,1088,玉山-高雄,2024-10-15,8843
00648R,元大S＆P500反1,300,5,295,玉山-高雄,2024-10-15,8843
1314,中石化,329,108,221,玉山-高雄,2024-10-15,8843
00952,凱基台灣AI50,213,12,201,玉山-高雄,2024-10-15,8843
00946,群益科技高息成長,203,16,187,玉山-高雄,2024-10-15,8843
00715L,期街口布蘭特正2,234,55,179,玉山-高雄,2024-10-15,8843
00687B,國泰20年美債,242,98,144,玉山-高雄,2024-10-15,8843
00650L,復華香港正2,124,1,123,玉山-高雄,2024-10-15,8843
00680L,元大美債20正2,118,4,114,玉山-高雄,2024-10-15,8843
2905,三商,112,2,110,玉山-高雄,2024-10-15,8843
6202,盛群,100,0,100,玉山-高雄,2024-10-15,8843
2426,鼎元,99,8,91,玉山-高雄,2024-10-15,8843
00639,富邦深100,83,0,83,玉山-高雄,2024-10-15,8843
3481,群創,164,90,74,玉山-高雄,2024-10-15,8843
00753L,中信中國50正2,81,10,71,玉山-高雄,2024-10-15,8843
00919,群益台灣精選高息,131,63,68,玉山-高雄,2024-10-15,8843
00882,中信中國高股息,72,15,57,玉山-高雄,2024-10-15,8843
3149,正達,162,110,52,玉山-高雄,2024-10-15,8843
00887,永豐中國科技50大,103,56,47,玉山-高雄,2024-10-15,8843
00961,FT臺灣永續高息,48,2,46,玉山-高雄,2024-10-15,8843
00719B,元大美債1-3,43,0,43,玉山-高雄,2024-10-15,8843
4967,十銓,47,7,40,玉山-高雄,2024-10-15,8843
00948B,中信優息投資級債,43,4,39,玉山-高雄,2024-10-15,8843
2208,台船,40,1,39,玉山-高雄,2024-10-15,8843
2492,華新科,39,0,39,玉山-高雄,2024-10-15,8843
3231,緯創,83,44,39,玉山-高雄,2024-10-15,8843
00679B,元大美債20年,89,51,38,玉山-高雄,2024-10-15,8843
2303,聯電,44,7,37,玉山-高雄,2024-10-15,8843
2402,毅嘉,45,11,34,玉山-高雄,2024-10-15,8843
6770,力積電,36,5,31,玉山-高雄,2024-10-15,8843
3049,精金,86,55,31,玉山-高雄,2024-10-15,8843
00633L,富邦上証正2,40,10,30,玉山-高雄,2024-10-15,8843
00943,兆豐電子高息等權,31,2,29,玉山-高雄,2024-10-15,8843
00934,中信成長高股息,26,0,26,玉山-高雄,2024-10-15,8843
00915,凱基優選高股息30,62,39,23,玉山-高雄,2024-10-15,8843
1305,華夏,25,2,23,玉山-高雄,2024-10-15,8843
00927,群益半導體收益,23,0,23,玉山-高雄,2024-10-15,8843
2363,矽統,105,82,23,玉山-高雄,2024-10-15,8843
00936,台新永續高息中小,25,2,23,玉山-高雄,2024-10-15,8843
1609,大亞,25,3,22,玉山-高雄,2024-10-15,8843
00932,兆豐永續高息等權,22,0,22,玉山-高雄,2024-10-15,8843
6134,萬旭,25,3,22,玉山-高雄,2024-10-15,8843
3715,定穎投控,29,8,21,玉山-高雄,2024-10-15,8843
4510,高鋒,28,7,21,玉山-高雄,2024-10-15,8843
3062,建漢,95,75,20,玉山-高雄,2024-10-15,8843
00725B,國泰投資級公司債,20,0,20,玉山-高雄,2024-10-15,8843
6438,迅得,22,2,20,玉山-高雄,2024-10-15,8843
1301,台塑,21,2,19,玉山-高雄,2024-10-15,8843
4979,華星光,58,39,19,玉山-高雄,2024-10-15,8843
8028,昇陽半導體,47,28,19,玉山-高雄,2024-10-15,8843
00679B,元大美債20年,853,14,839,玉山-高雄,2024-10-16,8843
1314,中石化,754,116,638,玉山-高雄,2024-10-16,8843
2104,國際中橡,482,0,482,玉山-高雄,2024-10-16,8843
0056,元大高股息,452,17,435,玉山-高雄,2024-10-16,8843
00680L,元大美債20正2,294,4,290,玉山-高雄,2024-10-16,8843
00951,台新日本半導體,160,0,160,玉山-高雄,2024-10-16,8843
00878,國泰永續高股息,160,2,158,玉山-高雄,2024-10-16,8843
00887,永豐中國科技50大,147,8,139,玉山-高雄,2024-10-16,8843
00631L,元大台灣50正2,120,3,117,玉山-高雄,2024-10-16,8843
00929,復華台灣科技優息,152,42,110,玉山-高雄,2024-10-16,8843
00937B,群益ESG投等債20,112,7,105,玉山-高雄,2024-10-16,8843
00933B,國泰10Y+金融債,103,1,102,玉山-高雄,2024-10-16,8843
00922,國泰台灣領袖50,118,32,86,玉山-高雄,2024-10-16,8843
00912,中信臺灣智慧50,90,4,86,玉山-高雄,2024-10-16,8843
2330,台積電,98,14,84,玉山-高雄,2024-10-16,8843
2317,鴻海,156,76,80,玉山-高雄,2024-10-16,8843
2421,建準,118,45,73,玉山-高雄,2024-10-16,8843
2313,華通,69,2,67,玉山-高雄,2024-10-16,8843
2881,富邦金,64,2,62,玉山-高雄,2024-10-16,8843
2887,台新金,61,3,58,玉山-高雄,2024-10-16,8843
00725B,國泰投資級公司債,57,0,57,玉山-高雄,2024-10-16,8843
2897,王道銀行,56,0,56,玉山-高雄,2024-10-16,8843
00915,凱基優選高股息30,57,1,56,玉山-高雄,2024-10-16,8843
3576,聯合再生,53,0,53,玉山-高雄,2024-10-16,8843
2303,聯電,55,3,52,玉山-高雄,2024-10-16,8843
00642U,期元大S＆P石油,53,0,53,玉山-高雄,2024-10-16,8843
00900,富邦特選高股息30,52,0,52,玉山-高雄,2024-10-16,8843
2014,中鴻,59,9,50,玉山-高雄,2024-10-16,8843
00674R,期元大S＆P黃金反1,50,0,50,玉山-高雄,2024-10-16,8843
00905,FT臺灣Smart,50,0,50,玉山-高雄,2024-10-16,8843
2882,國泰金,60,15,45,玉山-高雄,2024-10-16,8843
2498,宏達電,70,26,44,玉山-高雄,2024-10-16,8843
2356,英業達,45,7,38,玉山-高雄,2024-10-16,8843
00687B,國泰20年美債,61,23,38,玉山-高雄,2024-10-16,8843
2615,萬海,68,34,34,玉山-高雄,2024-10-16,8843
1101,台泥,36,4,32,玉山-高雄,2024-10-16,8843
00706L,期元大S＆P日圓正2,32,0,32,玉山-高雄,2024-10-16,8843
3056,富華新,50,18,32,玉山-高雄,2024-10-16,8843
2002,中鋼,35,4,31,玉山-高雄,2024-10-16,8843
2069,運錩,30,0,30,玉山-高雄,2024-10-16,8843
2534,宏盛,30,0,30,玉山-高雄,2024-10-16,8843
6770,力積電,31,2,29,玉山-高雄,2024-10-16,8843
6134,萬旭,39,11,28,玉山-高雄,2024-10-16,8843
3481,群創,57,29,28,玉山-高雄,2024-10-16,8843
00688L,國泰20年美債正2,32,5,27,玉山-高雄,2024-10-16,8843
3163,波若威,40,14,26,玉山-高雄,2024-10-16,8843
2883,凱基金,31,6,25,玉山-高雄,2024-10-16,8843
6290,良維,24,0,24,玉山-高雄,2024-10-16,8843
6274,台燿,35,11,24,玉山-高雄,2024-10-16,8843
2408,南亞科,26,3,23,玉山-高雄,2024-10-16,8843
0056,元大高股息,351,4,347,玉山-高雄,2024-10-17,8843
1314,中石化,347,40,307,玉山-高雄,2024-10-17,8843
2884,玉山金,348,56,292,玉山-高雄,2024-10-17,8843
00687B,國泰20年美債,261,44,217,玉山-高雄,2024-10-17,8843
00937B,群益ESG投等債20,222,24,198,玉山-高雄,2024-10-17,8843
2399,映泰,272,85,187,玉山-高雄,2024-10-17,8843
00887,永豐中國科技50大,191,26,165,玉山-高雄,2024-10-17,8843
9105,泰金寶-DR,199,48,151,玉山-高雄,2024-10-17,8843
00637L,元大滬深300正2,495,379,116,玉山-高雄,2024-10-17,8843
00922,國泰台灣領袖50,109,20,89,玉山-高雄,2024-10-17,8843
2845,遠東銀,85,0,85,玉山-高雄,2024-10-17,8843
6151,晉倫,271,191,80,玉山-高雄,2024-10-17,8843
5388,中磊,71,0,71,玉山-高雄,2024-10-17,8843
6770,力積電,110,41,69,玉山-高雄,2024-10-17,8843
00642U,期元大S＆P石油,56,0,56,玉山-高雄,2024-10-17,8843
4903,聯光通,93,40,53,玉山-高雄,2024-10-17,8843
00915,凱基優選高股息30,51,0,51,玉山-高雄,2024-10-17,8843
4714,永捷,50,0,50,玉山-高雄,2024-10-17,8843
00674R,期元大S＆P黃金反1,50,0,50,玉山-高雄,2024-10-17,8843
4908,前鼎,48,4,44,玉山-高雄,2024-10-17,8843
4967,十銓,44,1,43,玉山-高雄,2024-10-17,8843
2417,圓剛,44,2,42,玉山-高雄,2024-10-17,8843
00665L,富邦�琤肭磪囓�2,170,131,39,玉山-高雄,2024-10-17,8843
00951,台新日本半導體,40,1,39,玉山-高雄,2024-10-17,8843
00905,FT臺灣Smart,34,1,33,玉山-高雄,2024-10-17,8843
2645,長榮航太,32,0,32,玉山-高雄,2024-10-17,8843
00753L,中信中國50正2,40,8,32,玉山-高雄,2024-10-17,8843
2330,台積電,39,12,27,玉山-高雄,2024-10-17,8843
6629,泰金-KY,27,0,27,玉山-高雄,2024-10-17,8843
2890,永豐金,28,2,26,玉山-高雄,2024-10-17,8843
3551,世禾,28,2,26,玉山-高雄,2024-10-17,8843
00725B,國泰投資級公司債,27,1,26,玉山-高雄,2024-10-17,8843
2603,長榮,57,33,24,玉山-高雄,2024-10-17,8843
2455,全新,31,7,24,玉山-高雄,2024-10-17,8843
2887,台新金,30,7,23,玉山-高雄,2024-10-17,8843
1815,富喬,25,2,23,玉山-高雄,2024-10-17,8843
00680L,元大美債20正2,27,4,23,玉山-高雄,2024-10-17,8843
1722,台肥,21,0,21,玉山-高雄,2024-10-17,8843
00706L,期元大S＆P日圓正2,41,21,20,玉山-高雄,2024-10-17,8843
00960,野村全球航運龍頭,20,1,19,玉山-高雄,2024-10-17,8843
3209,全科,31,12,19,玉山-高雄,2024-10-17,8843
2303,聯電,23,4,19,玉山-高雄,2024-10-17,8843
3498,陽程,32,13,19,玉山-高雄,2024-10-17,8843
4530,宏易,18,0,18,玉山-高雄,2024-10-17,8843
006208,富邦台50,25,9,16,玉山-高雄,2024-10-17,8843
8028,昇陽半導體,28,12,16,玉山-高雄,2024-10-17,8843
2363,矽統,34,18,16,玉山-高雄,2024-10-17,8843
1301,台塑,16,1,15,玉山-高雄,2024-10-17,8843
5230,雷笛克光學,61,46,15,玉山-高雄,2024-10-17,8843
00715L,期街口布蘭特正2,33,18,15,玉山-高雄,2024-10-17,8843
00632R,元大台灣50反1,1593,3,1590,玉山-高雄,2024-10-18,8843
2888,新光金,1754,416,1338,玉山-高雄,2024-10-18,8843
00679B,元大美債20年,264,65,199,玉山-高雄,2024-10-18,8843
00937B,群益ESG投等債20,209,12,197,玉山-高雄,2024-10-18,8843
2303,聯電,175,2,173,玉山-高雄,2024-10-18,8843
00687B,國泰20年美債,243,90,153,玉山-高雄,2024-10-18,8843
3037,欣興,153,3,150,玉山-高雄,2024-10-18,8843
00680L,元大美債20正2,135,0,135,玉山-高雄,2024-10-18,8843
00887,永豐中國科技50大,119,25,94,玉山-高雄,2024-10-18,8843
1309,台達化,101,9,92,玉山-高雄,2024-10-18,8843
00948B,中信優息投資級債,89,0,89,玉山-高雄,2024-10-18,8843
00885,富邦越南,115,35,80,玉山-高雄,2024-10-18,8843
00951,台新日本半導體,81,3,78,玉山-高雄,2024-10-18,8843
00674R,期元大S＆P黃金反1,70,0,70,玉山-高雄,2024-10-18,8843
2313,華通,89,20,69,玉山-高雄,2024-10-18,8843
00915,凱基優選高股息30,61,8,53,玉山-高雄,2024-10-18,8843
5460,同協,52,0,52,玉山-高雄,2024-10-18,8843
2905,三商,51,1,50,玉山-高雄,2024-10-18,8843
00927,群益半導體收益,50,2,48,玉山-高雄,2024-10-18,8843
2317,鴻海,110,62,48,玉山-高雄,2024-10-18,8843
4566,時碩工業,145,100,45,玉山-高雄,2024-10-18,8843
00720B,元大投資級公司債,49,4,45,玉山-高雄,2024-10-18,8843
5347,世界,82,40,42,玉山-高雄,2024-10-18,8843
2867,三商壽,110,68,42,玉山-高雄,2024-10-18,8843
2107,厚生,40,0,40,玉山-高雄,2024-10-18,8843
00688L,國泰20年美債正2,37,0,37,玉山-高雄,2024-10-18,8843
3707,漢磊,41,4,37,玉山-高雄,2024-10-18,8843
5388,中磊,37,0,37,玉山-高雄,2024-10-18,8843
00961,FT臺灣永續高息,37,1,36,玉山-高雄,2024-10-18,8843
2374,佳能,68,35,33,玉山-高雄,2024-10-18,8843
3374,精材,40,8,32,玉山-高雄,2024-10-18,8843
00795B,中信美國公債20年,36,5,31,玉山-高雄,2024-10-18,8843
2449,京元電子,77,47,30,玉山-高雄,2024-10-18,8843
3710,連展投控,30,0,30,玉山-高雄,2024-10-18,8843
00945B,凱基美國非投等債,30,1,29,玉山-高雄,2024-10-18,8843
2615,萬海,64,36,28,玉山-高雄,2024-10-18,8843
2338,光罩,30,2,28,玉山-高雄,2024-10-18,8843
00715L,期街口布蘭特正2,43,15,28,玉山-高雄,2024-10-18,8843
3576,聯合再生,28,1,27,玉山-高雄,2024-10-18,8843
00706L,期元大S＆P日圓正2,29,4,25,玉山-高雄,2024-10-18,8843
8111,立��,31,6,25,玉山-高雄,2024-10-18,8843
00931B,統一美債20年,25,0,25,玉山-高雄,2024-10-18,8843
00922,國泰台灣領袖50,81,56,25,玉山-高雄,2024-10-18,8843
00725B,國泰投資級公司債,25,1,24,玉山-高雄,2024-10-18,8843
3049,精金,59,36,23,玉山-高雄,2024-10-18,8843
0051,元大中型100,22,0,22,玉山-高雄,2024-10-18,8843
1101,台泥,52,31,21,玉山-高雄,2024-10-18,8843
2104,國際中橡,21,0,21,玉山-高雄,2024-10-18,8843
2323,中環,21,0,21,玉山-高雄,2024-10-18,8843
4561,健椿,28,7,21,玉山-高雄,2024-10-18,8843
2888,新光金,1004,23,981,玉山-高雄,2024-10-21,8843
00937B,群益ESG投等債20,375,2,373,玉山-高雄,2024-10-21,8843
00637L,元大滬深300正2,272,56,216,玉山-高雄,2024-10-21,8843
2891,中信金,241,31,210,玉山-高雄,2024-10-21,8843
00679B,元大美債20年,206,4,202,玉山-高雄,2024-10-21,8843
00887,永豐中國科技50大,226,37,189,玉山-高雄,2024-10-21,8843
00715L,期街口布蘭特正2,192,17,175,玉山-高雄,2024-10-21,8843
3481,群創,182,37,145,玉山-高雄,2024-10-21,8843
00687B,國泰20年美債,118,12,106,玉山-高雄,2024-10-21,8843
2884,玉山金,130,27,103,玉山-高雄,2024-10-21,8843
2376,技嘉,92,7,85,玉山-高雄,2024-10-21,8843
00878,國泰永續高股息,98,26,72,玉山-高雄,2024-10-21,8843
00948B,中信優息投資級債,76,7,69,玉山-高雄,2024-10-21,8843
00933B,國泰10Y+金融債,73,5,68,玉山-高雄,2024-10-21,8843
2317,鴻海,123,56,67,玉山-高雄,2024-10-21,8843
2881,富邦金,68,7,61,玉山-高雄,2024-10-21,8843
2882,國泰金,158,98,60,玉山-高雄,2024-10-21,8843
2303,聯電,71,14,57,玉山-高雄,2024-10-21,8843
00753L,中信中國50正2,76,31,45,玉山-高雄,2024-10-21,8843
00706L,期元大S＆P日圓正2,38,0,38,玉山-高雄,2024-10-21,8843
00931B,統一美債20年,42,5,37,玉山-高雄,2024-10-21,8843
5452,佶優,60,25,35,玉山-高雄,2024-10-21,8843
00720B,元大投資級公司債,36,0,36,玉山-高雄,2024-10-21,8843
2344,華邦電,44,10,34,玉山-高雄,2024-10-21,8843
2069,運錩,32,0,32,玉山-高雄,2024-10-21,8843
3450,聯鈞,57,26,31,玉山-高雄,2024-10-21,8843
00958B,永豐ESG銀行債15,31,0,31,玉山-高雄,2024-10-21,8843
00932,兆豐永續高息等權,30,0,30,玉山-高雄,2024-10-21,8843
00674R,期元大S＆P黃金反1,30,0,30,玉山-高雄,2024-10-21,8843
6573,虹揚-KY,30,0,30,玉山-高雄,2024-10-21,8843
9105,泰金寶-DR,53,25,28,玉山-高雄,2024-10-21,8843
2615,萬海,77,49,28,玉山-高雄,2024-10-21,8843
00945B,凱基美國非投等債,30,4,26,玉山-高雄,2024-10-21,8843
3522,御嵿,25,0,25,玉山-高雄,2024-10-21,8843
4174,浩鼎,24,0,24,玉山-高雄,2024-10-21,8843
5202,力新,28,4,24,玉山-高雄,2024-10-21,8843
2312,金寶,57,33,24,玉山-高雄,2024-10-21,8843
00688L,國泰20年美債正2,25,2,23,玉山-高雄,2024-10-21,8843
00957B,兆豐US優選投等債,23,0,23,玉山-高雄,2024-10-21,8843
00650L,復華香港正2,32,10,22,玉山-高雄,2024-10-21,8843
6218,豪勉,22,0,22,玉山-高雄,2024-10-21,8843
00751B,元大AAA至A公司債,22,0,22,玉山-高雄,2024-10-21,8843
2356,英業達,28,7,21,玉山-高雄,2024-10-21,8843
2258,鴻華先進-創,20,0,20,玉山-高雄,2024-10-21,8843
00915,凱基優選高股息30,20,0,20,玉山-高雄,2024-10-21,8843
00905,FT臺灣Smart,45,25,20,玉山-高雄,2024-10-21,8843
00795B,中信美國公債20年,19,0,19,玉山-高雄,2024-10-21,8843
3209,全科,25,6,19,玉山-高雄,2024-10-21,8843
9945,潤泰新,23,5,18,玉山-高雄,2024-10-21,8843
00881,國泰台灣5G+,19,1,18,玉山-高雄,2024-10-21,8843
2888,新光金,1126,386,740,玉山-高雄,2024-10-22,8843
00937B,群益ESG投等債20,491,25,466,玉山-高雄,2024-10-22,8843
00679B,元大美債20年,485,69,416,玉山-高雄,2024-10-22,8843
00948B,中信優息投資級債,378,23,355,玉山-高雄,2024-10-22,8843
00687B,國泰20年美債,370,58,312,玉山-高雄,2024-10-22,8843
00959B,大華投等美債15Y+,159,0,159,玉山-高雄,2024-10-22,8843
00680L,元大美債20正2,175,22,153,玉山-高雄,2024-10-22,8843
2376,技嘉,153,2,151,玉山-高雄,2024-10-22,8843
2399,映泰,210,105,105,玉山-高雄,2024-10-22,8843
00751B,元大AAA至A公司債,74,0,74,玉山-高雄,2024-10-22,8843
00712,復華富時不動產,72,0,72,玉山-高雄,2024-10-22,8843
00795B,中信美國公債20年,72,0,72,玉山-高雄,2024-10-22,8843
3615,安可,139,73,66,玉山-高雄,2024-10-22,8843
2913,農林,61,0,61,玉山-高雄,2024-10-22,8843
2363,矽統,90,35,55,玉山-高雄,2024-10-22,8843
00882,中信中國高股息,102,52,50,玉山-高雄,2024-10-22,8843
00931B,統一美債20年,50,0,50,玉山-高雄,2024-10-22,8843
00905,FT臺灣Smart,54,6,48,玉山-高雄,2024-10-22,8843
00887,永豐中國科技50大,55,10,45,玉山-高雄,2024-10-22,8843
6451,訊芯-KY,55,12,43,玉山-高雄,2024-10-22,8843
2883,凱基金,68,28,40,玉山-高雄,2024-10-22,8843
006208,富邦台50,35,1,34,玉山-高雄,2024-10-22,8843
2330,台積電,49,15,34,玉山-高雄,2024-10-22,8843
1605,華新,33,0,33,玉山-高雄,2024-10-22,8843
00725B,國泰投資級公司債,43,11,32,玉山-高雄,2024-10-22,8843
00932,兆豐永續高息等權,30,0,30,玉山-高雄,2024-10-22,8843
00933B,國泰10Y+金融債,95,65,30,玉山-高雄,2024-10-22,8843
1808,潤隆,31,1,30,玉山-高雄,2024-10-22,8843
4533,協易機,34,5,29,玉山-高雄,2024-10-22,8843
00720B,元大投資級公司債,42,14,28,玉山-高雄,2024-10-22,8843
9935,慶豐富,32,4,28,玉山-高雄,2024-10-22,8843
5876,上海商銀,34,6,28,玉山-高雄,2024-10-22,8843
00706L,期元大S＆P日圓正2,51,23,28,玉山-高雄,2024-10-22,8843
6609,瀧澤科,49,22,27,玉山-高雄,2024-10-22,8843
4540,全球傳動,32,6,26,玉山-高雄,2024-10-22,8843
00953B,群益優選非投等債,26,0,26,玉山-高雄,2024-10-22,8843
3550,聯穎,77,51,26,玉山-高雄,2024-10-22,8843
2344,華邦電,27,1,26,玉山-高雄,2024-10-22,8843
2543,皇昌,27,2,25,玉山-高雄,2024-10-22,8843
2884,玉山金,29,4,25,玉山-高雄,2024-10-22,8843
6763,綠界科技*,30,6,24,玉山-高雄,2024-10-22,8843
6124,業強,41,18,23,玉山-高雄,2024-10-22,8843
2601,益航,24,1,23,玉山-高雄,2024-10-22,8843
2603,長榮,73,51,22,玉山-高雄,2024-10-22,8843
00942B,台新美A公司債20+,21,0,21,玉山-高雄,2024-10-22,8843
00927,群益半導體收益,24,3,21,玉山-高雄,2024-10-22,8843
1303,南亞,27,7,20,玉山-高雄,2024-10-22,8843
4526,東台,37,17,20,玉山-高雄,2024-10-22,8843
1301,台塑,30,10,20,玉山-高雄,2024-10-22,8843
1597,直得,29,10,19,玉山-高雄,2024-10-22,8843
00937B,群益ESG投等債20,479,84,395,玉山-高雄,2024-10-23,8843
2303,聯電,319,7,312,玉山-高雄,2024-10-23,8843
1314,中石化,326,51,275,玉山-高雄,2024-10-23,8843
2884,玉山金,204,7,197,玉山-高雄,2024-10-23,8843
00919,群益台灣精選高息,259,94,165,玉山-高雄,2024-10-23,8843
00679B,元大美債20年,157,5,152,玉山-高雄,2024-10-23,8843
2888,新光金,242,103,139,玉山-高雄,2024-10-23,8843
2329,華泰,187,49,138,玉山-高雄,2024-10-23,8843
6151,晉倫,184,47,137,玉山-高雄,2024-10-23,8843
00948B,中信優息投資級債,145,16,129,玉山-高雄,2024-10-23,8843
00687B,國泰20年美債,157,29,128,玉山-高雄,2024-10-23,8843
00929,復華台灣科技優息,175,50,125,玉山-高雄,2024-10-23,8843
00878,國泰永續高股息,185,72,113,玉山-高雄,2024-10-23,8843
00712,復華富時不動產,108,0,108,玉山-高雄,2024-10-23,8843
00706L,期元大S＆P日圓正2,128,35,93,玉山-高雄,2024-10-23,8843
00665L,富邦�琤肭磪囓�2,127,35,92,玉山-高雄,2024-10-23,8843
00881,國泰台灣5G+,83,0,83,玉山-高雄,2024-10-23,8843
00639,富邦深100,81,0,81,玉山-高雄,2024-10-23,8843
2891,中信金,78,3,75,玉山-高雄,2024-10-23,8843
00688L,國泰20年美債正2,64,0,64,玉山-高雄,2024-10-23,8843
2880,華南金,52,0,52,玉山-高雄,2024-10-23,8843
00674R,期元大S＆P黃金反1,50,0,50,玉山-高雄,2024-10-23,8843
2885,元大金,49,0,49,玉山-高雄,2024-10-23,8843
2371,大同,47,0,47,玉山-高雄,2024-10-23,8843
2330,台積電,47,3,44,玉山-高雄,2024-10-23,8843
0056,元大高股息,57,14,43,玉山-高雄,2024-10-23,8843
00953B,群益優選非投等債,91,52,39,玉山-高雄,2024-10-23,8843
2887,台新金,43,6,37,玉山-高雄,2024-10-23,8843
00710B,復華彭博非投等債,37,0,37,玉山-高雄,2024-10-23,8843
4566,時碩工業,37,1,36,玉山-高雄,2024-10-23,8843
1727,中華化,73,37,36,玉山-高雄,2024-10-23,8843
00650L,復華香港正2,81,45,36,玉山-高雄,2024-10-23,8843
1466,聚隆,35,1,34,玉山-高雄,2024-10-23,8843
00887,永豐中國科技50大,36,3,33,玉山-高雄,2024-10-23,8843
3290,東浦,69,37,32,玉山-高雄,2024-10-23,8843
2369,菱生,64,32,32,玉山-高雄,2024-10-23,8843
2069,運錩,30,0,30,玉山-高雄,2024-10-23,8843
5905,南仁湖,32,3,29,玉山-高雄,2024-10-23,8843
5880,合庫金,30,2,28,玉山-高雄,2024-10-23,8843
006208,富邦台50,28,0,28,玉山-高雄,2024-10-23,8843
00720B,元大投資級公司債,27,0,27,玉山-高雄,2024-10-23,8843
3711,日月光投控,31,5,26,玉山-高雄,2024-10-23,8843
2382,廣達,41,15,26,玉山-高雄,2024-10-23,8843
2890,永豐金,27,2,25,玉山-高雄,2024-10-23,8843
00633L,富邦上証正2,24,0,24,玉山-高雄,2024-10-23,8843
00907,永豐優息存股,25,2,23,玉山-高雄,2024-10-23,8843
1524,耿鼎,23,0,23,玉山-高雄,2024-10-23,8843
00905,FT臺灣Smart,22,0,22,玉山-高雄,2024-10-23,8843
00951,台新日本半導體,22,0,22,玉山-高雄,2024-10-23,8843
1528,恩德,144,122,22,玉山-高雄,2024-10-23,8843
00680L,元大美債20正2,302,8,294,玉山-高雄,2024-10-24,8843
00919,群益台灣精選高息,293,51,242,玉山-高雄,2024-10-24,8843
00637L,元大滬深300正2,252,11,241,玉山-高雄,2024-10-24,8843
6451,訊芯-KY,180,8,172,玉山-高雄,2024-10-24,8843
00929,復華台灣科技優息,187,19,168,玉山-高雄,2024-10-24,8843
00937B,群益ESG投等債20,177,42,135,玉山-高雄,2024-10-24,8843
2891,中信金,143,9,134,玉山-高雄,2024-10-24,8843
0056,元大高股息,166,45,121,玉山-高雄,2024-10-24,8843
00927,群益半導體收益,108,2,106,玉山-高雄,2024-10-24,8843
00951,台新日本半導體,111,5,106,玉山-高雄,2024-10-24,8843
00891,中信關鍵半導體,102,0,102,玉山-高雄,2024-10-24,8843
00639,富邦深100,93,0,93,玉山-高雄,2024-10-24,8843
00712,復華富時不動產,83,0,83,玉山-高雄,2024-10-24,8843
00679B,元大美債20年,84,4,80,玉山-高雄,2024-10-24,8843
5460,同協,68,0,68,玉山-高雄,2024-10-24,8843
1815,富喬,86,19,67,玉山-高雄,2024-10-24,8843
00665L,富邦�琤肭磪囓�2,66,4,62,玉山-高雄,2024-10-24,8843
00948B,中信優息投資級債,62,1,61,玉山-高雄,2024-10-24,8843
2382,廣達,119,63,56,玉山-高雄,2024-10-24,8843
2884,玉山金,64,9,55,玉山-高雄,2024-10-24,8843
00938,凱基優選30,51,0,51,玉山-高雄,2024-10-24,8843
00688L,國泰20年美債正2,56,5,51,玉山-高雄,2024-10-24,8843
2317,鴻海,107,57,50,玉山-高雄,2024-10-24,8843
00878,國泰永續高股息,82,32,50,玉山-高雄,2024-10-24,8843
2388,威盛,71,22,49,玉山-高雄,2024-10-24,8843
2882,國泰金,46,0,46,玉山-高雄,2024-10-24,8843
00687B,國泰20年美債,60,16,44,玉山-高雄,2024-10-24,8843
2489,瑞軒,84,41,43,玉山-高雄,2024-10-24,8843
2374,佳能,53,11,42,玉山-高雄,2024-10-24,8843
4716,大立,59,18,41,玉山-高雄,2024-10-24,8843
00959B,大華投等美債15Y+,40,0,40,玉山-高雄,2024-10-24,8843
8040,九暘,40,0,40,玉山-高雄,2024-10-24,8843
2477,美隆電,66,28,38,玉山-高雄,2024-10-24,8843
1314,中石化,38,0,38,玉山-高雄,2024-10-24,8843
5905,南仁湖,47,10,37,玉山-高雄,2024-10-24,8843
1721,三晃,89,53,36,玉山-高雄,2024-10-24,8843
00922,國泰台灣領袖50,36,0,36,玉山-高雄,2024-10-24,8843
6770,力積電,34,0,34,玉山-高雄,2024-10-24,8843
00877,復華中國5G,48,14,34,玉山-高雄,2024-10-24,8843
2405,輔信,54,21,33,玉山-高雄,2024-10-24,8843
1513,中興電,36,3,33,玉山-高雄,2024-10-24,8843
00650L,復華香港正2,36,4,32,玉山-高雄,2024-10-24,8843
3481,群創,76,44,32,玉山-高雄,2024-10-24,8843
00753L,中信中國50正2,41,10,31,玉山-高雄,2024-10-24,8843
4566,時碩工業,32,1,31,玉山-高雄,2024-10-24,8843
5452,佶優,48,17,31,玉山-高雄,2024-10-24,8843
2498,宏達電,35,5,30,玉山-高雄,2024-10-24,8843
3167,大量,48,20,28,玉山-高雄,2024-10-24,8843
3580,友威科,64,36,28,玉山-高雄,2024-10-24,8843
6763,綠界科技*,39,12,27,玉山-高雄,2024-10-24,8843
00680L,元大美債20正2,1174,154,1020,玉山-高雄,2024-10-25,8843
2646,星宇航空,736,553,183,玉山-高雄,2024-10-25,8843
00953B,群益優選非投等債,152,0,152,玉山-高雄,2024-10-25,8843
00679B,元大美債20年,157,14,143,玉山-高雄,2024-10-25,8843
00887,永豐中國科技50大,136,12,124,玉山-高雄,2024-10-25,8843
2025,千興,123,0,123,玉山-高雄,2024-10-25,8843
00687B,國泰20年美債,127,27,100,玉山-高雄,2024-10-25,8843
5351,鈺創,81,0,81,玉山-高雄,2024-10-25,8843
00959B,大華投等美債15Y+,80,0,80,玉山-高雄,2024-10-25,8843
2344,華邦電,84,5,79,玉山-高雄,2024-10-25,8843
2884,玉山金,89,21,68,玉山-高雄,2024-10-25,8843
2303,聯電,82,21,61,玉山-高雄,2024-10-25,8843
00706L,期元大S＆P日圓正2,47,0,47,玉山-高雄,2024-10-25,8843
0056,元大高股息,54,8,46,玉山-高雄,2024-10-25,8843
8249,菱光,108,63,45,玉山-高雄,2024-10-25,8843
1536,和大,64,20,44,玉山-高雄,2024-10-25,8843
6770,力積電,69,27,42,玉山-高雄,2024-10-25,8843
2374,佳能,52,12,40,玉山-高雄,2024-10-25,8843
4127,天良,56,20,36,玉山-高雄,2024-10-25,8843
00960,野村全球航運龍頭,32,0,32,玉山-高雄,2024-10-25,8843
3715,定穎投控,62,31,31,玉山-高雄,2024-10-25,8843
2880,華南金,31,0,31,玉山-高雄,2024-10-25,8843
00877,復華中國5G,30,0,30,玉山-高雄,2024-10-25,8843
5905,南仁湖,30,0,30,玉山-高雄,2024-10-25,8843
6683,雍智科技,30,1,29,玉山-高雄,2024-10-25,8843
2408,南亞科,27,1,26,玉山-高雄,2024-10-25,8843
00642U,期元大S＆P石油,26,0,26,玉山-高雄,2024-10-25,8843
2883,凱基金,37,11,26,玉山-高雄,2024-10-25,8843
00878,國泰永續高股息,39,15,24,玉山-高雄,2024-10-25,8843
4545,銘鈺,46,22,24,玉山-高雄,2024-10-25,8843
3049,精金,28,5,23,玉山-高雄,2024-10-25,8843
2548,華固,22,0,22,玉山-高雄,2024-10-25,8843
00951,台新日本半導體,22,0,22,玉山-高雄,2024-10-25,8843
6116,彩晶,23,2,21,玉山-高雄,2024-10-25,8843
2601,益航,20,0,20,玉山-高雄,2024-10-25,8843
4772,台特化,20,0,20,玉山-高雄,2024-10-25,8843
5202,力新,18,0,18,玉山-高雄,2024-10-25,8843
3056,富華新,30,12,18,玉山-高雄,2024-10-25,8843
2337,旺宏,19,1,18,玉山-高雄,2024-10-25,8843
1806,冠軍,17,0,17,玉山-高雄,2024-10-25,8843
00919,群益台灣精選高息,61,45,16,玉山-高雄,2024-10-25,8843
2889,國票金,15,0,15,玉山-高雄,2024-10-25,8843
6213,聯茂,15,0,15,玉山-高雄,2024-10-25,8843
00715L,期街口布蘭特正2,24,9,15,玉山-高雄,2024-10-25,8843
2515,中工,15,1,14,玉山-高雄,2024-10-25,8843
00637L,元大滬深300正2,546,532,14,玉山-高雄,2024-10-25,8843
4123,晟德,17,3,14,玉山-高雄,2024-10-25,8843
2489,瑞軒,21,7,14,玉山-高雄,2024-10-25,8843
00713,元大台灣高息低波,14,0,14,玉山-高雄,2024-10-25,8843
00885,富邦越南,21,8,13,玉山-高雄,2024-10-25,8843
00937B,群益ESG投等債20,324,18,306,玉山-高雄,2024-10-28,8843
00715L,期街口布蘭特正2,268,10,258,玉山-高雄,2024-10-28,8843
00679B,元大美債20年,260,13,247,玉山-高雄,2024-10-28,8843
00687B,國泰20年美債,225,13,212,玉山-高雄,2024-10-28,8843
2883,凱基金,218,61,157,玉山-高雄,2024-10-28,8843
00929,復華台灣科技優息,235,95,140,玉山-高雄,2024-10-28,8843
00946,群益科技高息成長,129,0,129,玉山-高雄,2024-10-28,8843
2646,星宇航空,226,100,126,玉山-高雄,2024-10-28,8843
3710,連展投控,109,6,103,玉山-高雄,2024-10-28,8843
2548,華固,87,0,87,玉山-高雄,2024-10-28,8843
00919,群益台灣精選高息,112,26,86,玉山-高雄,2024-10-28,8843
2891,中信金,73,4,69,玉山-高雄,2024-10-28,8843
00878,國泰永續高股息,85,17,68,玉山-高雄,2024-10-28,8843
00948B,中信優息投資級債,65,0,65,玉山-高雄,2024-10-28,8843
2884,玉山金,87,23,64,玉山-高雄,2024-10-28,8843
1307,三芳,61,1,60,玉山-高雄,2024-10-28,8843
1605,華新,60,0,60,玉山-高雄,2024-10-28,8843
6770,力積電,70,11,59,玉山-高雄,2024-10-28,8843
00938,凱基優選30,58,0,58,玉山-高雄,2024-10-28,8843
00952,凱基台灣AI50,55,0,55,玉山-高雄,2024-10-28,8843
6505,台塑化,59,5,54,玉山-高雄,2024-10-28,8843
2303,聯電,66,12,54,玉山-高雄,2024-10-28,8843
3231,緯創,78,30,48,玉山-高雄,2024-10-28,8843
6005,群益證,50,2,48,玉山-高雄,2024-10-28,8843
5351,鈺創,49,5,44,玉山-高雄,2024-10-28,8843
00712,復華富時不動產,44,0,44,玉山-高雄,2024-10-28,8843
0056,元大高股息,82,39,43,玉山-高雄,2024-10-28,8843
6288,聯嘉,121,80,41,玉山-高雄,2024-10-28,8843
1810,和成,40,0,40,玉山-高雄,2024-10-28,8843
00642U,期元大S＆P石油,36,0,36,玉山-高雄,2024-10-28,8843
00933B,國泰10Y+金融債,88,55,33,玉山-高雄,2024-10-28,8843
2103,台橡,32,0,32,玉山-高雄,2024-10-28,8843
6442,光聖,56,24,32,玉山-高雄,2024-10-28,8843
2615,萬海,101,72,29,玉山-高雄,2024-10-28,8843
5328,華容,27,0,27,玉山-高雄,2024-10-28,8843
3551,世禾,58,33,25,玉山-高雄,2024-10-28,8843
4123,晟德,34,9,25,玉山-高雄,2024-10-28,8843
6116,彩晶,34,11,23,玉山-高雄,2024-10-28,8843
00902,中信電池及儲能,25,2,23,玉山-高雄,2024-10-28,8843
00950B,凱基A級公司債,22,0,22,玉山-高雄,2024-10-28,8843
6207,雷科,21,0,21,玉山-高雄,2024-10-28,8843
2603,長榮,32,11,21,玉山-高雄,2024-10-28,8843
2867,三商壽,48,28,20,玉山-高雄,2024-10-28,8843
4109,加捷生醫,20,0,20,玉山-高雄,2024-10-28,8843
00922,國泰台灣領袖50,19,0,19,玉山-高雄,2024-10-28,8843
3056,富華新,30,12,18,玉山-高雄,2024-10-28,8843
3290,東浦,18,0,18,玉山-高雄,2024-10-28,8843
00953B,群益優選非投等債,20,2,18,玉山-高雄,2024-10-28,8843
00795B,中信美國公債20年,22,5,17,玉山-高雄,2024-10-28,8843
1301,台塑,28,10,18,玉山-高雄,2024-10-28,8843
00948B,中信優息投資級債,784,10,774,玉山-高雄,2024-10-29,8843
00919,群益台灣精選高息,587,35,552,玉山-高雄,2024-10-29,8843
00929,復華台灣科技優息,592,55,537,玉山-高雄,2024-10-29,8843
00632R,元大台灣50反1,614,205,409,玉山-高雄,2024-10-29,8843
1314,中石化,273,2,271,玉山-高雄,2024-10-29,8843
2883,凱基金,271,2,269,玉山-高雄,2024-10-29,8843
00715L,期街口布蘭特正2,254,0,254,玉山-高雄,2024-10-29,8843
0056,元大高股息,219,6,213,玉山-高雄,2024-10-29,8843
00878,國泰永續高股息,204,18,186,玉山-高雄,2024-10-29,8843
00712,復華富時不動產,172,7,165,玉山-高雄,2024-10-29,8843
00671R,富邦NASDAQ反1,136,5,131,玉山-高雄,2024-10-29,8843
00940,元大台灣價值高息,145,18,127,玉山-高雄,2024-10-29,8843
00953B,群益優選非投等債,124,0,124,玉山-高雄,2024-10-29,8843
00952,凱基台灣AI50,114,0,114,玉山-高雄,2024-10-29,8843
00938,凱基優選30,113,0,113,玉山-高雄,2024-10-29,8843
2892,第一金,108,1,107,玉山-高雄,2024-10-29,8843
00688L,國泰20年美債正2,110,11,99,玉山-高雄,2024-10-29,8843
00918,大華優利高填息30,98,2,96,玉山-高雄,2024-10-29,8843
00706L,期元大S＆P日圓正2,100,5,95,玉山-高雄,2024-10-29,8843
00637L,元大滬深300正2,94,10,84,玉山-高雄,2024-10-29,8843
00740B,富邦全球投等債,75,0,75,玉山-高雄,2024-10-29,8843
2884,玉山金,78,4,74,玉山-高雄,2024-10-29,8843
2344,華邦電,83,9,74,玉山-高雄,2024-10-29,8843
2303,聯電,91,21,70,玉山-高雄,2024-10-29,8843
00946,群益科技高息成長,79,10,69,玉山-高雄,2024-10-29,8843
00922,國泰台灣領袖50,73,8,65,玉山-高雄,2024-10-29,8843
1810,和成,60,0,60,玉山-高雄,2024-10-29,8843
1309,台達化,59,0,59,玉山-高雄,2024-10-29,8843
1101,台泥,51,0,51,玉山-高雄,2024-10-29,8843
006208,富邦台50,57,8,49,玉山-高雄,2024-10-29,8843
1616,億泰,51,2,49,玉山-高雄,2024-10-29,8843
0050,元大台灣50,59,12,47,玉山-高雄,2024-10-29,8843
00934,中信成長高股息,48,3,45,玉山-高雄,2024-10-29,8843
2646,星宇航空,70,26,44,玉山-高雄,2024-10-29,8843
00642U,期元大S＆P石油,44,1,43,玉山-高雄,2024-10-29,8843
9904,寶成,43,0,43,玉山-高雄,2024-10-29,8843
00713,元大台灣高息低波,43,1,42,玉山-高雄,2024-10-29,8843
6770,力積電,46,5,41,玉山-高雄,2024-10-29,8843
2353,宏��,38,0,38,玉山-高雄,2024-10-29,8843
2882,國泰金,67,30,37,玉山-高雄,2024-10-29,8843
3037,欣興,49,12,37,玉山-高雄,2024-10-29,8843
00679B,元大美債20年,63,27,36,玉山-高雄,2024-10-29,8843
00931B,統一美債20年,36,0,36,玉山-高雄,2024-10-29,8843
2641,正德,36,0,36,玉山-高雄,2024-10-29,8843
00900,富邦特選高股息30,35,1,34,玉山-高雄,2024-10-29,8843
2371,大同,35,1,34,玉山-高雄,2024-10-29,8843
00943,兆豐電子高息等權,33,0,33,玉山-高雄,2024-10-29,8843
1721,三晃,43,11,32,玉山-高雄,2024-10-29,8843
1785,光洋科,33,2,31,玉山-高雄,2024-10-29,8843
00720B,元大投資級公司債,31,0,31,玉山-高雄,2024-10-29,8843
00919,群益台灣精選高息,238,42,196,玉山-高雄,2024-10-30,8843
3481,群創,197,50,147,玉山-高雄,2024-10-30,8843
00637L,元大滬深300正2,204,66,138,玉山-高雄,2024-10-30,8843
00948B,中信優息投資級債,108,0,108,玉山-高雄,2024-10-30,8843
0056,元大高股息,107,2,105,玉山-高雄,2024-10-30,8843
00712,復華富時不動產,106,1,105,玉山-高雄,2024-10-30,8843
2303,聯電,110,14,96,玉山-高雄,2024-10-30,8843
00929,復華台灣科技優息,188,96,92,玉山-高雄,2024-10-30,8843
00882,中信中國高股息,111,18,93,玉山-高雄,2024-10-30,8843
00680L,元大美債20正2,110,20,90,玉山-高雄,2024-10-30,8843
00679B,元大美債20年,95,10,85,玉山-高雄,2024-10-30,8843
00650L,復華香港正2,95,11,84,玉山-高雄,2024-10-30,8843
2884,玉山金,89,6,83,玉山-高雄,2024-10-30,8843
2605,新興,83,2,81,玉山-高雄,2024-10-30,8843
00665L,富邦�琤肭磪囓�2,74,0,74,玉山-高雄,2024-10-30,8843
2641,正德,74,0,74,玉山-高雄,2024-10-30,8843
6770,力積電,81,9,72,玉山-高雄,2024-10-30,8843
1808,潤隆,63,0,63,玉山-高雄,2024-10-30,8843
2887,台新金,69,6,63,玉山-高雄,2024-10-30,8843
00674R,期元大S＆P黃金反1,60,0,60,玉山-高雄,2024-10-30,8843
3710,連展投控,58,0,58,玉山-高雄,2024-10-30,8843
00887,永豐中國科技50大,79,22,57,玉山-高雄,2024-10-30,8843
1314,中石化,79,23,56,玉山-高雄,2024-10-30,8843
2337,旺宏,55,2,53,玉山-高雄,2024-10-30,8843
2883,凱基金,63,11,52,玉山-高雄,2024-10-30,8843
4530,宏易,42,0,42,玉山-高雄,2024-10-30,8843
1909,榮成,41,0,41,玉山-高雄,2024-10-30,8843
1708,東鹼,40,1,39,玉山-高雄,2024-10-30,8843
00687B,國泰20年美債,54,15,39,玉山-高雄,2024-10-30,8843
00937B,群益ESG投等債20,172,133,39,玉山-高雄,2024-10-30,8843
00636,國泰中國A50,38,0,38,玉山-高雄,2024-10-30,8843
00878,國泰永續高股息,80,42,38,玉山-高雄,2024-10-30,8843
00715L,期街口布蘭特正2,40,3,37,玉山-高雄,2024-10-30,8843
2368,金像電,37,3,34,玉山-高雄,2024-10-30,8843
00946,群益科技高息成長,34,3,31,玉山-高雄,2024-10-30,8843
2511,太子,31,0,31,玉山-高雄,2024-10-30,8843
00938,凱基優選30,30,0,30,玉山-高雄,2024-10-30,8843
2062,橋椿,31,1,30,玉山-高雄,2024-10-30,8843
4919,新唐,81,53,28,玉山-高雄,2024-10-30,8843
6153,嘉聯益,25,0,25,玉山-高雄,2024-10-30,8843
2890,永豐金,269,244,25,玉山-高雄,2024-10-30,8843
2313,華通,30,7,23,玉山-高雄,2024-10-30,8843
5371,中光電,24,1,23,玉山-高雄,2024-10-30,8843
00915,凱基優選高股息30,22,0,22,玉山-高雄,2024-10-30,8843
6835,圓裕,21,0,21,玉山-高雄,2024-10-30,8843
1721,三晃,22,1,21,玉山-高雄,2024-10-30,8843
3056,富華新,31,10,21,玉山-高雄,2024-10-30,8843
1905,華紙,21,1,20,玉山-高雄,2024-10-30,8843
00932,兆豐永續高息等權,17,0,17,玉山-高雄,2024-10-30,8843
9105,泰金寶-DR,17,0,17,玉山-高雄,2024-10-30,8843
00929,復華台灣科技優息,373,54,319,玉山-高雄,2024-11-01,8843
00878,國泰永續高股息,312,9,303,玉山-高雄,2024-11-01,8843
2303,聯電,212,22,190,玉山-高雄,2024-11-01,8843
2884,玉山金,186,6,180,玉山-高雄,2024-11-01,8843
2880,華南金,167,0,167,玉山-高雄,2024-11-01,8843
3013,晟銘電,177,19,158,玉山-高雄,2024-11-01,8843
2354,鴻準,362,232,130,玉山-高雄,2024-11-01,8843
2317,鴻海,144,25,119,玉山-高雄,2024-11-01,8843
00680L,元大美債20正2,129,13,116,玉山-高雄,2024-11-01,8843
2344,華邦電,139,23,116,玉山-高雄,2024-11-01,8843
00948B,中信優息投資級債,116,1,115,玉山-高雄,2024-11-01,8843
00959B,大華投等美債15Y+,114,0,114,玉山-高雄,2024-11-01,8843
0056,元大高股息,132,19,113,玉山-高雄,2024-11-01,8843
00953B,群益優選非投等債,95,0,95,玉山-高雄,2024-11-01,8843
2308,台達電,95,1,94,玉山-高雄,2024-11-01,8843
00919,群益台灣精選高息,236,148,88,玉山-高雄,2024-11-01,8843
2891,中信金,360,278,82,玉山-高雄,2024-11-01,8843
00712,復華富時不動產,86,7,79,玉山-高雄,2024-11-01,8843
00940,元大台灣價值高息,213,136,77,玉山-高雄,2024-11-01,8843
2330,台積電,86,10,76,玉山-高雄,2024-11-01,8843
2886,兆豐金,93,26,67,玉山-高雄,2024-11-01,8843
00687B,國泰20年美債,93,34,59,玉山-高雄,2024-11-01,8843
00941,中信上游半導體,57,0,57,玉山-高雄,2024-11-01,8843
00725B,國泰投資級公司債,54,0,54,玉山-高雄,2024-11-01,8843
1309,台達化,50,0,50,玉山-高雄,2024-11-01,8843
5880,合庫金,47,0,47,玉山-高雄,2024-11-01,8843
1605,華新,47,3,44,玉山-高雄,2024-11-01,8843
2353,宏��,45,2,43,玉山-高雄,2024-11-01,8843
2892,第一金,243,200,43,玉山-高雄,2024-11-01,8843
6216,居易,71,30,41,玉山-高雄,2024-11-01,8843
2883,凱基金,44,7,37,玉山-高雄,2024-11-01,8843
006208,富邦台50,37,4,33,玉山-高雄,2024-11-01,8843
00946,群益科技高息成長,52,19,33,玉山-高雄,2024-11-01,8843
2882,國泰金,53,20,33,玉山-高雄,2024-11-01,8843
00951,台新日本半導體,33,0,33,玉山-高雄,2024-11-01,8843
2605,新興,35,4,31,玉山-高雄,2024-11-01,8843
00915,凱基優選高股息30,38,7,31,玉山-高雄,2024-11-01,8843
00770,國泰北美科技,30,0,30,玉山-高雄,2024-11-01,8843
00927,群益半導體收益,31,1,30,玉山-高雄,2024-11-01,8843
0050,元大台灣50,30,2,28,玉山-高雄,2024-11-01,8843
2337,旺宏,31,3,28,玉山-高雄,2024-11-01,8843
00757,統一FANG+,39,11,28,玉山-高雄,2024-11-01,8843
00922,國泰台灣領袖50,48,24,24,玉山-高雄,2024-11-01,8843
2887,台新金,36,12,24,玉山-高雄,2024-11-01,8843
2634,漢翔,22,0,22,玉山-高雄,2024-11-01,8843
00891,中信關鍵半導體,23,2,21,玉山-高雄,2024-11-01,8843
00713,元大台灣高息低波,35,14,21,玉山-高雄,2024-11-01,8843
3703,欣陸,21,0,21,玉山-高雄,2024-11-01,8843
5871,中租-KY,22,2,20,玉山-高雄,2024-11-01,8843
00952,凱基台灣AI50,20,0,20,玉山-高雄,2024-11-01,8843
00937B,群益ESG投等債20,794,38,756,玉山-高雄,2024-11-04,8843
00878,國泰永續高股息,220,38,182,玉山-高雄,2024-11-04,8843
00932,兆豐永續高息等權,177,2,175,玉山-高雄,2024-11-04,8843
00671R,富邦NASDAQ反1,166,0,166,玉山-高雄,2024-11-04,8843
00919,群益台灣精選高息,209,57,152,玉山-高雄,2024-11-04,8843
00712,復華富時不動產,176,29,147,玉山-高雄,2024-11-04,8843
00680L,元大美債20正2,194,52,142,玉山-高雄,2024-11-04,8843
00687B,國泰20年美債,175,58,117,玉山-高雄,2024-11-04,8843
00935,野村臺灣新科技50,113,0,113,玉山-高雄,2024-11-04,8843
1301,台塑,89,6,83,玉山-高雄,2024-11-04,8843
8936,國統,80,2,78,玉山-高雄,2024-11-04,8843
2609,陽明,161,86,75,玉山-高雄,2024-11-04,8843
00679B,元大美債20年,152,77,75,玉山-高雄,2024-11-04,8843
2303,聯電,88,14,74,玉山-高雄,2024-11-04,8843
00688L,國泰20年美債正2,63,0,63,玉山-高雄,2024-11-04,8843
2605,新興,57,1,56,玉山-高雄,2024-11-04,8843
2337,旺宏,65,9,56,玉山-高雄,2024-11-04,8843
00952,凱基台灣AI50,212,160,52,玉山-高雄,2024-11-04,8843
3056,富華新,50,0,50,玉山-高雄,2024-11-04,8843
00930,永豐ESG低碳高息,49,0,49,玉山-高雄,2024-11-04,8843
1314,中石化,46,2,44,玉山-高雄,2024-11-04,8843
2312,金寶,113,70,43,玉山-高雄,2024-11-04,8843
6550,北極星藥業-KY,40,0,40,玉山-高雄,2024-11-04,8843
00720B,元大投資級公司債,37,0,37,玉山-高雄,2024-11-04,8843
00713,元大台灣高息低波,37,0,37,玉山-高雄,2024-11-04,8843
1815,富喬,34,0,34,玉山-高雄,2024-11-04,8843
1808,潤隆,47,14,33,玉山-高雄,2024-11-04,8843
00882,中信中國高股息,37,4,33,玉山-高雄,2024-11-04,8843
00795B,中信美國公債20年,53,20,33,玉山-高雄,2024-11-04,8843
8249,菱光,66,34,32,玉山-高雄,2024-11-04,8843
2892,第一金,55,24,31,玉山-高雄,2024-11-04,8843
00632R,元大台灣50反1,32,1,31,玉山-高雄,2024-11-04,8843
2069,運錩,30,0,30,玉山-高雄,2024-11-04,8843
00927,群益半導體收益,30,0,30,玉山-高雄,2024-11-04,8843
2912,統一超,29,0,29,玉山-高雄,2024-11-04,8843
2408,南亞科,29,0,29,玉山-高雄,2024-11-04,8843
2834,臺企銀,28,0,28,玉山-高雄,2024-11-04,8843
2002,中鋼,26,0,26,玉山-高雄,2024-11-04,8843
00943,兆豐電子高息等權,37,11,26,玉山-高雄,2024-11-04,8843
3532,台勝科,25,0,25,玉山-高雄,2024-11-04,8843
6606,建德工業,25,0,25,玉山-高雄,2024-11-04,8843
00933B,國泰10Y+金融債,30,6,24,玉山-高雄,2024-11-04,8843
1605,華新,23,0,23,玉山-高雄,2024-11-04,8843
00960,野村全球航運龍頭,23,0,23,玉山-高雄,2024-11-04,8843
00885,富邦越南,24,1,23,玉山-高雄,2024-11-04,8843
3450,聯鈞,156,134,22,玉山-高雄,2024-11-04,8843
6838,台新藥,22,1,21,玉山-高雄,2024-11-04,8843
8011,台通,52,31,21,玉山-高雄,2024-11-04,8843
8111,立��,67,48,19,玉山-高雄,2024-11-04,8843
6134,萬旭,65,46,19,玉山-高雄,2024-11-04,8843
2888,新光金,482,90,392,玉山-高雄,2024-11-05,8843
00937B,群益ESG投等債20,369,28,341,玉山-高雄,2024-11-05,8843
00930,永豐ESG低碳高息,184,0,184,玉山-高雄,2024-11-05,8843
00919,群益台灣精選高息,225,46,179,玉山-高雄,2024-11-05,8843
2344,華邦電,161,5,156,玉山-高雄,2024-11-05,8843
00887,永豐中國科技50大,393,242,151,玉山-高雄,2024-11-05,8843
00953B,群益優選非投等債,147,1,146,玉山-高雄,2024-11-05,8843
00680L,元大美債20正2,121,0,121,玉山-高雄,2024-11-05,8843
2303,聯電,163,56,107,玉山-高雄,2024-11-05,8843
00878,國泰永續高股息,122,20,102,玉山-高雄,2024-11-05,8843
00959B,大華投等美債15Y+,100,0,100,玉山-高雄,2024-11-05,8843
5443,均豪,113,24,89,玉山-高雄,2024-11-05,8843
2312,金寶,124,36,88,玉山-高雄,2024-11-05,8843
00688L,國泰20年美債正2,85,2,83,玉山-高雄,2024-11-05,8843
00929,復華台灣科技優息,259,204,55,玉山-高雄,2024-11-05,8843
00900,富邦特選高股息30,55,1,54,玉山-高雄,2024-11-05,8843
00632R,元大台灣50反1,54,0,54,玉山-高雄,2024-11-05,8843
6550,北極星藥業-KY,47,0,47,玉山-高雄,2024-11-05,8843
00946,群益科技高息成長,47,5,42,玉山-高雄,2024-11-05,8843
3049,精金,144,103,41,玉山-高雄,2024-11-05,8843
00932,兆豐永續高息等權,40,0,40,玉山-高雄,2024-11-05,8843
2834,臺企銀,41,3,38,玉山-高雄,2024-11-05,8843
6530,創威,83,46,37,玉山-高雄,2024-11-05,8843
0056,元大高股息,68,31,37,玉山-高雄,2024-11-05,8843
00712,復華富時不動產,39,3,36,玉山-高雄,2024-11-05,8843
00895,富邦未來車,35,0,35,玉山-高雄,2024-11-05,8843
6182,合晶,35,0,35,玉山-高雄,2024-11-05,8843
4402,郡都開發,32,0,32,玉山-高雄,2024-11-05,8843
00927,群益半導體收益,33,2,31,玉山-高雄,2024-11-05,8843
00933B,國泰10Y+金融債,36,5,31,玉山-高雄,2024-11-05,8843
00664R,國泰臺灣加權反1,30,0,30,玉山-高雄,2024-11-05,8843
8050,廣積,30,0,30,玉山-高雄,2024-11-05,8843
2634,漢翔,28,0,28,玉山-高雄,2024-11-05,8843
3711,日月光投控,31,5,26,玉山-高雄,2024-11-05,8843
2646,星宇航空,33,8,25,玉山-高雄,2024-11-05,8843
3149,正達,38,14,24,玉山-高雄,2024-11-05,8843
2314,台揚,34,10,24,玉山-高雄,2024-11-05,8843
2641,正德,22,1,21,玉山-高雄,2024-11-05,8843
2329,華泰,33,12,21,玉山-高雄,2024-11-05,8843
00643,群益深証中小,20,0,20,玉山-高雄,2024-11-05,8843
00679B,元大美債20年,26,6,20,玉山-高雄,2024-11-05,8843
3013,晟銘電,43,24,19,玉山-高雄,2024-11-05,8843
4903,聯光通,114,96,18,玉山-高雄,2024-11-05,8843
2605,新興,19,1,18,玉山-高雄,2024-11-05,8843
6442,光聖,30,13,17,玉山-高雄,2024-11-05,8843
006208,富邦台50,21,4,17,玉山-高雄,2024-11-05,8843
8261,富鼎,22,5,17,玉山-高雄,2024-11-05,8843
00713,元大台灣高息低波,18,1,17,玉山-高雄,2024-11-05,8843
3706,神達,23,7,16,玉山-高雄,2024-11-05,8843
5315,光聯,118,102,16,玉山-高雄,2024-11-05,8843
00680L,元大美債20正2,831,159,672,玉山-高雄,2024-11-06,8843
00878,國泰永續高股息,603,70,533,玉山-高雄,2024-11-06,8843
00688L,國泰20年美債正2,325,50,275,玉山-高雄,2024-11-06,8843
6550,北極星藥業-KY,272,0,272,玉山-高雄,2024-11-06,8843
00679B,元大美債20年,324,57,267,玉山-高雄,2024-11-06,8843
00919,群益台灣精選高息,470,204,266,玉山-高雄,2024-11-06,8843
00687B,國泰20年美債,324,88,236,玉山-高雄,2024-11-06,8843
2892,第一金,194,20,174,玉山-高雄,2024-11-06,8843
00953B,群益優選非投等債,161,0,161,玉山-高雄,2024-11-06,8843
00665L,富邦�琤肭磪囓�2,95,0,95,玉山-高雄,2024-11-06,8843
2641,正德,98,18,80,玉山-高雄,2024-11-06,8843
2399,映泰,91,17,74,玉山-高雄,2024-11-06,8843
2303,聯電,151,86,65,玉山-高雄,2024-11-06,8843
2603,長榮,79,15,64,玉山-高雄,2024-11-06,8843
2027,大成鋼,74,13,61,玉山-高雄,2024-11-06,8843
2634,漢翔,62,4,58,玉山-高雄,2024-11-06,8843
00632R,元大台灣50反1,70,15,55,玉山-高雄,2024-11-06,8843
00650L,復華香港正2,53,1,52,玉山-高雄,2024-11-06,8843
1909,榮成,50,1,49,玉山-高雄,2024-11-06,8843
1314,中石化,52,6,46,玉山-高雄,2024-11-06,8843
3149,正達,48,12,36,玉山-高雄,2024-11-06,8843
00753L,中信中國50正2,61,26,35,玉山-高雄,2024-11-06,8843
00637L,元大滬深300正2,69,35,34,玉山-高雄,2024-11-06,8843
3450,聯鈞,100,67,33,玉山-高雄,2024-11-06,8843
2609,陽明,88,56,32,玉山-高雄,2024-11-06,8843
00937B,群益ESG投等債20,81,50,31,玉山-高雄,2024-11-06,8843
2615,萬海,68,39,29,玉山-高雄,2024-11-06,8843
00712,復華富時不動產,34,5,29,玉山-高雄,2024-11-06,8843
00960,野村全球航運龍頭,28,0,28,玉山-高雄,2024-11-06,8843
3481,群創,38,12,26,玉山-高雄,2024-11-06,8843
00946,群益科技高息成長,29,3,26,玉山-高雄,2024-11-06,8843
6156,松上,28,2,26,玉山-高雄,2024-11-06,8843
5386,青雲,52,26,26,玉山-高雄,2024-11-06,8843
4991,環宇-KY,90,64,26,玉山-高雄,2024-11-06,8843
2887,台新金,26,0,26,玉山-高雄,2024-11-06,8843
8249,菱光,63,38,25,玉山-高雄,2024-11-06,8843
00933B,國泰10Y+金融債,29,5,24,玉山-高雄,2024-11-06,8843
8150,南茂,22,0,22,玉山-高雄,2024-11-06,8843
5490,同亨,21,0,21,玉山-高雄,2024-11-06,8843
00713,元大台灣高息低波,41,21,20,玉山-高雄,2024-11-06,8843
8936,國統,21,1,20,玉山-高雄,2024-11-06,8843
4956,光鋐,27,7,20,玉山-高雄,2024-11-06,8843
2431,聯昌,62,42,20,玉山-高雄,2024-11-06,8843
00664R,國泰臺灣加權反1,20,0,20,玉山-高雄,2024-11-06,8843
1447,力鵬,20,0,20,玉山-高雄,2024-11-06,8843
2344,華邦電,27,7,20,玉山-高雄,2024-11-06,8843
6216,居易,21,3,18,玉山-高雄,2024-11-06,8843
5315,光聯,24,7,17,玉山-高雄,2024-11-06,8843
6288,聯嘉,24,8,16,玉山-高雄,2024-11-06,8843
3490,單井,19,3,16,玉山-高雄,2024-11-06,8843
00688L,國泰20年美債正2,408,0,408,玉山-高雄,2024-11-07,8843
00679B,元大美債20年,176,45,131,玉山-高雄,2024-11-07,8843
2887,台新金,139,9,130,玉山-高雄,2024-11-07,8843
9105,泰金寶-DR,217,91,126,玉山-高雄,2024-11-07,8843
2014,中鴻,133,11,122,玉山-高雄,2024-11-07,8843
00878,國泰永續高股息,184,83,101,玉山-高雄,2024-11-07,8843
6550,北極星藥業-KY,100,0,100,玉山-高雄,2024-11-07,8843
00946,群益科技高息成長,100,2,98,玉山-高雄,2024-11-07,8843
00680L,元大美債20正2,95,1,94,玉山-高雄,2024-11-07,8843
2892,第一金,93,0,93,玉山-高雄,2024-11-07,8843
3450,聯鈞,102,33,69,玉山-高雄,2024-11-07,8843
3576,聯合再生,59,0,59,玉山-高雄,2024-11-07,8843
1605,華新,58,3,55,玉山-高雄,2024-11-07,8843
00952,凱基台灣AI50,61,6,55,玉山-高雄,2024-11-07,8843
1810,和成,53,1,52,玉山-高雄,2024-11-07,8843
2634,漢翔,53,1,52,玉山-高雄,2024-11-07,8843
00919,群益台灣精選高息,63,15,48,玉山-高雄,2024-11-07,8843
2330,台積電,56,13,43,玉山-高雄,2024-11-07,8843
2515,中工,43,5,38,玉山-高雄,2024-11-07,8843
3209,全科,36,0,36,玉山-高雄,2024-11-07,8843
2605,新興,56,23,33,玉山-高雄,2024-11-07,8843
00953B,群益優選非投等債,36,3,33,玉山-高雄,2024-11-07,8843
2303,聯電,111,80,31,玉山-高雄,2024-11-07,8843
2355,敬鵬,30,0,30,玉山-高雄,2024-11-07,8843
00712,復華富時不動產,36,7,29,玉山-高雄,2024-11-07,8843
2489,瑞軒,27,1,26,玉山-高雄,2024-11-07,8843
1466,聚隆,26,1,25,玉山-高雄,2024-11-07,8843
00713,元大台灣高息低波,25,0,25,玉山-高雄,2024-11-07,8843
00915,凱基優選高股息30,25,1,24,玉山-高雄,2024-11-07,8843
2069,運錩,23,0,23,玉山-高雄,2024-11-07,8843
2337,旺宏,26,4,22,玉山-高雄,2024-11-07,8843
6806,森崴能源,29,8,21,玉山-高雄,2024-11-07,8843
3230,錦明,26,5,21,玉山-高雄,2024-11-07,8843
2023,燁輝,22,4,18,玉山-高雄,2024-11-07,8843
1301,台塑,27,10,17,玉山-高雄,2024-11-07,8843
1815,富喬,88,72,16,玉山-高雄,2024-11-07,8843
006208,富邦台50,20,4,16,玉山-高雄,2024-11-07,8843
6235,華孚,33,18,15,玉山-高雄,2024-11-07,8843
2912,統一超,15,0,15,玉山-高雄,2024-11-07,8843
9933,中鼎,14,0,14,玉山-高雄,2024-11-07,8843
2371,大同,32,18,14,玉山-高雄,2024-11-07,8843
9958,世紀鋼,17,3,14,玉山-高雄,2024-11-07,8843
00687B,國泰20年美債,51,38,13,玉山-高雄,2024-11-07,8843
5386,青雲,58,45,13,玉山-高雄,2024-11-07,8843
5243,乙盛-KY,28,15,13,玉山-高雄,2024-11-07,8843
4909,新復興,38,26,12,玉山-高雄,2024-11-07,8843
6279,胡連,12,0,12,玉山-高雄,2024-11-07,8843
00934,中信成長高股息,13,1,12,玉山-高雄,2024-11-07,8843
2497,怡利電,23,11,12,玉山-高雄,2024-11-07,8843
00751B,元大AAA至A公司債,12,0,12,玉山-高雄,2024-11-07,8843
00637L,元大滬深300正2,641,48,593,玉山-高雄,2024-11-08,8843
1514,亞力,477,16,461,玉山-高雄,2024-11-08,8843
3227,原相,222,14,208,玉山-高雄,2024-11-08,8843
00648R,元大S＆P500反1,200,0,200,玉山-高雄,2024-11-08,8843
3037,欣興,196,17,179,玉山-高雄,2024-11-08,8843
1314,中石化,152,1,151,玉山-高雄,2024-11-08,8843
2353,宏��,154,10,144,玉山-高雄,2024-11-08,8843
3481,群創,181,52,129,玉山-高雄,2024-11-08,8843
8111,立��,151,25,126,玉山-高雄,2024-11-08,8843
00878,國泰永續高股息,236,127,109,玉山-高雄,2024-11-08,8843
00680L,元大美債20正2,214,124,90,玉山-高雄,2024-11-08,8843
2014,中鴻,84,2,82,玉山-高雄,2024-11-08,8843
2354,鴻準,246,168,78,玉山-高雄,2024-11-08,8843
00953B,群益優選非投等債,78,7,71,玉山-高雄,2024-11-08,8843
3062,建漢,203,133,70,玉山-高雄,2024-11-08,8843
1815,富喬,69,11,58,玉山-高雄,2024-11-08,8843
6116,彩晶,51,0,51,玉山-高雄,2024-11-08,8843
6005,群益證,50,0,50,玉山-高雄,2024-11-08,8843
2303,聯電,140,91,49,玉山-高雄,2024-11-08,8843
2388,威盛,57,10,47,玉山-高雄,2024-11-08,8843
00929,復華台灣科技優息,132,86,46,玉山-高雄,2024-11-08,8843
6550,北極星藥業-KY,45,0,45,玉山-高雄,2024-11-08,8843
8089,康全電訊,52,11,41,玉山-高雄,2024-11-08,8843
8050,廣積,50,9,41,玉山-高雄,2024-11-08,8843
00959B,大華投等美債15Y+,37,0,37,玉山-高雄,2024-11-08,8843
6443,元晶,36,1,35,玉山-高雄,2024-11-08,8843
5425,台半,37,2,35,玉山-高雄,2024-11-08,8843
00646,元大S＆P500,33,0,33,玉山-高雄,2024-11-08,8843
00932,兆豐永續高息等權,33,0,33,玉山-高雄,2024-11-08,8843
2324,仁寶,62,30,32,玉山-高雄,2024-11-08,8843
2409,友達,31,2,29,玉山-高雄,2024-11-08,8843
4526,東台,33,5,28,玉山-高雄,2024-11-08,8843
3576,聯合再生,27,0,27,玉山-高雄,2024-11-08,8843
8096,擎亞,45,18,27,玉山-高雄,2024-11-08,8843
2889,國票金,29,3,26,玉山-高雄,2024-11-08,8843
1605,華新,29,4,25,玉山-高雄,2024-11-08,8843
1808,潤隆,25,0,25,玉山-高雄,2024-11-08,8843
00933B,國泰10Y+金融債,36,12,24,玉山-高雄,2024-11-08,8843
1309,台達化,25,1,24,玉山-高雄,2024-11-08,8843
6505,台塑化,24,1,23,玉山-高雄,2024-11-08,8843
4906,正文,24,2,22,玉山-高雄,2024-11-08,8843
2313,華通,75,54,21,玉山-高雄,2024-11-08,8843
2406,國碩,21,0,21,玉山-高雄,2024-11-08,8843
2363,矽統,44,24,20,玉山-高雄,2024-11-08,8843
2888,新光金,20,0,20,玉山-高雄,2024-11-08,8843
1305,華夏,20,0,20,玉山-高雄,2024-11-08,8843
3532,台勝科,20,0,20,玉山-高雄,2024-11-08,8843
4510,高鋒,31,11,20,玉山-高雄,2024-11-08,8843
8107,大億金茂,21,1,20,玉山-高雄,2024-11-08,8843
2340,台亞,24,5,19,玉山-高雄,2024-11-08,8843
00878,國泰永續高股息,298,50,248,玉山-高雄,2024-11-11,8843
00952,凱基台灣AI50,270,30,240,玉山-高雄,2024-11-11,8843
9105,泰金寶-DR,236,53,183,玉山-高雄,2024-11-11,8843
6151,晉倫,165,12,153,玉山-高雄,2024-11-11,8843
00650L,復華香港正2,152,12,140,玉山-高雄,2024-11-11,8843
00946,群益科技高息成長,119,0,119,玉山-高雄,2024-11-11,8843
1514,亞力,111,1,110,玉山-高雄,2024-11-11,8843
00637L,元大滬深300正2,124,22,102,玉山-高雄,2024-11-11,8843
6706,惠特,102,3,99,玉山-高雄,2024-11-11,8843
1605,華新,111,14,97,玉山-高雄,2024-11-11,8843
00665L,富邦�琤肭磪囓�2,1032,935,97,玉山-高雄,2024-11-11,8843
2887,台新金,106,14,92,玉山-高雄,2024-11-11,8843
1569,濱川,86,1,85,玉山-高雄,2024-11-11,8843
00915,凱基優選高股息30,70,0,70,玉山-高雄,2024-11-11,8843
2356,英業達,217,148,69,玉山-高雄,2024-11-11,8843
8936,國統,85,17,68,玉山-高雄,2024-11-11,8843
2314,台揚,67,0,67,玉山-高雄,2024-11-11,8843
2303,聯電,85,24,61,玉山-高雄,2024-11-11,8843
00919,群益台灣精選高息,110,50,60,玉山-高雄,2024-11-11,8843
3231,緯創,76,18,58,玉山-高雄,2024-11-11,8843
00753L,中信中國50正2,73,18,55,玉山-高雄,2024-11-11,8843
6285,啟��,55,0,55,玉山-高雄,2024-11-11,8843
2382,廣達,64,10,54,玉山-高雄,2024-11-11,8843
2834,臺企銀,55,2,53,玉山-高雄,2024-11-11,8843
2399,映泰,78,26,52,玉山-高雄,2024-11-11,8843
2313,華通,76,28,48,玉山-高雄,2024-11-11,8843
6763,綠界科技*,69,20,49,玉山-高雄,2024-11-11,8843
00715L,期街口布蘭特正2,55,10,45,玉山-高雄,2024-11-11,8843
6451,訊芯-KY,46,1,45,玉山-高雄,2024-11-11,8843
00901,永豐智能車供應鏈,42,0,42,玉山-高雄,2024-11-11,8843
6116,彩晶,42,1,41,玉山-高雄,2024-11-11,8843
6643,M31,68,27,41,玉山-高雄,2024-11-11,8843
00713,元大台灣高息低波,45,5,40,玉山-高雄,2024-11-11,8843
2392,正崴,97,57,40,玉山-高雄,2024-11-11,8843
00844B,新光15年IG金融債,38,0,38,玉山-高雄,2024-11-11,8843
2449,京元電子,46,12,34,玉山-高雄,2024-11-11,8843
0056,元大高股息,55,21,34,玉山-高雄,2024-11-11,8843
0055,元大MSCI金融,33,0,33,玉山-高雄,2024-11-11,8843
3419,譁裕,31,0,31,玉山-高雄,2024-11-11,8843
2312,金寶,65,35,30,玉山-高雄,2024-11-11,8843
1815,富喬,40,10,30,玉山-高雄,2024-11-11,8843
2027,大成鋼,33,4,29,玉山-高雄,2024-11-11,8843
1447,力鵬,29,0,29,玉山-高雄,2024-11-11,8843
00909,國泰數位支付服務,29,1,28,玉山-高雄,2024-11-11,8843
2542,興富發,67,40,27,玉山-高雄,2024-11-11,8843
2889,國票金,31,6,25,玉山-高雄,2024-11-11,8843
2409,友達,24,0,24,玉山-高雄,2024-11-11,8843
00930,永豐ESG低碳高息,23,0,23,玉山-高雄,2024-11-11,8843
4142,國光生,23,0,23,玉山-高雄,2024-11-11,8843
6770,力積電,23,2,21,玉山-高雄,2024-11-11,8843
00650L,復華香港正2,901,22,879,玉山-高雄,2024-11-12,8843
00878,國泰永續高股息,738,11,727,玉山-高雄,2024-11-12,8843
2615,萬海,517,83,434,玉山-高雄,2024-11-12,8843
00665L,富邦�琤肭磪囓�2,337,5,332,玉山-高雄,2024-11-12,8843
00715L,期街口布蘭特正2,309,10,299,玉山-高雄,2024-11-12,8843
3481,群創,264,39,225,玉山-高雄,2024-11-12,8843
0056,元大高股息,218,8,210,玉山-高雄,2024-11-12,8843
1314,中石化,202,35,167,玉山-高雄,2024-11-12,8843
2884,玉山金,180,17,163,玉山-高雄,2024-11-12,8843
2344,華邦電,161,6,155,玉山-高雄,2024-11-12,8843
2356,英業達,288,150,138,玉山-高雄,2024-11-12,8843
00919,群益台灣精選高息,152,14,138,玉山-高雄,2024-11-12,8843
5871,中租-KY,128,12,116,玉山-高雄,2024-11-12,8843
2371,大同,102,0,102,玉山-高雄,2024-11-12,8843
2887,台新金,115,25,90,玉山-高雄,2024-11-12,8843
2609,陽明,199,116,83,玉山-高雄,2024-11-12,8843
5009,榮剛,75,4,71,玉山-高雄,2024-11-12,8843
9105,泰金寶-DR,87,17,70,玉山-高雄,2024-11-12,8843
2882,國泰金,87,21,66,玉山-高雄,2024-11-12,8843
00915,凱基優選高股息30,84,18,66,玉山-高雄,2024-11-12,8843
3231,緯創,311,246,65,玉山-高雄,2024-11-12,8843
006208,富邦台50,87,23,64,玉山-高雄,2024-11-12,8843
0050,元大台灣50,65,1,64,玉山-高雄,2024-11-12,8843
2317,鴻海,151,88,63,玉山-高雄,2024-11-12,8843
2883,凱基金,79,16,63,玉山-高雄,2024-11-12,8843
2892,第一金,57,3,54,玉山-高雄,2024-11-12,8843
2834,臺企銀,54,2,52,玉山-高雄,2024-11-12,8843
8249,菱光,57,5,52,玉山-高雄,2024-11-12,8843
00713,元大台灣高息低波,52,1,51,玉山-高雄,2024-11-12,8843
6116,彩晶,51,0,51,玉山-高雄,2024-11-12,8843
00679B,元大美債20年,110,63,47,玉山-高雄,2024-11-12,8843
2314,台揚,50,3,47,玉山-高雄,2024-11-12,8843
00930,永豐ESG低碳高息,45,0,45,玉山-高雄,2024-11-12,8843
2002,中鋼,56,11,45,玉山-高雄,2024-11-12,8843
00918,大華優利高填息30,49,5,44,玉山-高雄,2024-11-12,8843
2330,台積電,45,2,43,玉山-高雄,2024-11-12,8843
4743,合一,41,0,41,玉山-高雄,2024-11-12,8843
00932,兆豐永續高息等權,39,0,39,玉山-高雄,2024-11-12,8843
00938,凱基優選30,39,1,38,玉山-高雄,2024-11-12,8843
00922,國泰台灣領袖50,39,1,38,玉山-高雄,2024-11-12,8843
00881,國泰台灣5G+,37,0,37,玉山-高雄,2024-11-12,8843
00669R,國泰美國道瓊反1,36,0,36,玉山-高雄,2024-11-12,8843
1605,華新,43,8,35,玉山-高雄,2024-11-12,8843
2408,南亞科,35,2,33,玉山-高雄,2024-11-12,8843
2506,太設,34,1,33,玉山-高雄,2024-11-12,8843
4931,新盛力,67,36,31,玉山-高雄,2024-11-12,8843
9950,萬國通,31,0,31,玉山-高雄,2024-11-12,8843
1513,中興電,32,2,30,玉山-高雄,2024-11-12,8843
00953B,群益優選非投等債,41,11,30,玉山-高雄,2024-11-12,8843
00894,中信小資高價30,30,0,30,玉山-高雄,2024-11-12,8843
00712,復華富時不動產,914,16,898,玉山-高雄,2024-11-13,8843
00878,國泰永續高股息,739,184,555,玉山-高雄,2024-11-13,8843
00953B,群益優選非投等債,504,0,504,玉山-高雄,2024-11-13,8843
2888,新光金,206,30,176,玉山-高雄,2024-11-13,8843
2344,華邦電,142,1,141,玉山-高雄,2024-11-13,8843
00713,元大台灣高息低波,123,6,117,玉山-高雄,2024-11-13,8843
2892,第一金,130,16,114,玉山-高雄,2024-11-13,8843
00752,中信中國50,100,1,99,玉山-高雄,2024-11-13,8843
2882,國泰金,123,24,99,玉山-高雄,2024-11-13,8843
2883,凱基金,83,3,80,玉山-高雄,2024-11-13,8843
2834,臺企銀,88,11,77,玉山-高雄,2024-11-13,8843
3450,聯鈞,91,17,74,玉山-高雄,2024-11-13,8843
00637L,元大滬深300正2,154,81,73,玉山-高雄,2024-11-13,8843
00706L,期元大S＆P日圓正2,75,2,73,玉山-高雄,2024-11-13,8843
0056,元大高股息,68,1,67,玉山-高雄,2024-11-13,8843
00687B,國泰20年美債,73,10,63,玉山-高雄,2024-11-13,8843
9945,潤泰新,62,0,62,玉山-高雄,2024-11-13,8843
00650L,復華香港正2,66,10,56,玉山-高雄,2024-11-13,8843
00948B,中信優息投資級債,50,0,50,玉山-高雄,2024-11-13,8843
3706,神達,389,345,44,玉山-高雄,2024-11-13,8843
2312,金寶,143,101,42,玉山-高雄,2024-11-13,8843
00915,凱基優選高股息30,43,2,41,玉山-高雄,2024-11-13,8843
00942B,台新美A公司債20+,40,0,40,玉山-高雄,2024-11-13,8843
00919,群益台灣精選高息,105,66,39,玉山-高雄,2024-11-13,8843
006208,富邦台50,37,0,37,玉山-高雄,2024-11-13,8843
00951,台新日本半導體,34,0,34,玉山-高雄,2024-11-13,8843
1314,中石化,84,50,34,玉山-高雄,2024-11-13,8843
2609,陽明,78,45,33,玉山-高雄,2024-11-13,8843
00632R,元大台灣50反1,62,29,33,玉山-高雄,2024-11-13,8843
3576,聯合再生,41,9,32,玉山-高雄,2024-11-13,8843
00930,永豐ESG低碳高息,31,0,31,玉山-高雄,2024-11-13,8843
2409,友達,31,1,30,玉山-高雄,2024-11-13,8843
3481,群創,69,39,30,玉山-高雄,2024-11-13,8843
0050,元大台灣50,36,7,29,玉山-高雄,2024-11-13,8843
2605,新興,32,3,29,玉山-高雄,2024-11-13,8843
2330,台積電,30,1,29,玉山-高雄,2024-11-13,8843
8431,匯鑽科,31,3,28,玉山-高雄,2024-11-13,8843
2303,聯電,34,8,26,玉山-高雄,2024-11-13,8843
00922,國泰台灣領袖50,25,0,25,玉山-高雄,2024-11-13,8843
1326,台化,24,0,24,玉山-高雄,2024-11-13,8843
00932,兆豐永續高息等權,24,1,23,玉山-高雄,2024-11-13,8843
9933,中鼎,23,0,23,玉山-高雄,2024-11-13,8843
1605,華新,67,45,22,玉山-高雄,2024-11-13,8843
5880,合庫金,23,1,22,玉山-高雄,2024-11-13,8843
2317,鴻海,74,52,22,玉山-高雄,2024-11-13,8843
6288,聯嘉,25,4,21,玉山-高雄,2024-11-13,8843
9907,統一實,21,0,21,玉山-高雄,2024-11-13,8843
020034,元大IC設計N,22,1,21,玉山-高雄,2024-11-13,8843
00679B,元大美債20年,33,13,20,玉山-高雄,2024-11-13,8843
3003,健和興,34,14,20,玉山-高雄,2024-11-13,8843
00878,國泰永續高股息,991,61,930,玉山-高雄,2024-11-14,8843
00632R,元大台灣50反1,742,33,709,玉山-高雄,2024-11-14,8843
00929,復華台灣科技優息,312,24,288,玉山-高雄,2024-11-14,8843
00680L,元大美債20正2,330,126,204,玉山-高雄,2024-11-14,8843
00948B,中信優息投資級債,221,22,199,玉山-高雄,2024-11-14,8843
0056,元大高股息,183,5,178,玉山-高雄,2024-11-14,8843
00919,群益台灣精選高息,183,32,151,玉山-高雄,2024-11-14,8843
00932,兆豐永續高息等權,132,0,132,玉山-高雄,2024-11-14,8843
00937B,群益ESG投等債20,181,53,128,玉山-高雄,2024-11-14,8843
00891,中信關鍵半導體,128,1,127,玉山-高雄,2024-11-14,8843
2884,玉山金,133,8,125,玉山-高雄,2024-11-14,8843
00706L,期元大S＆P日圓正2,117,0,117,玉山-高雄,2024-11-14,8843
00715L,期街口布蘭特正2,115,5,110,玉山-高雄,2024-11-14,8843
3231,緯創,122,13,109,玉山-高雄,2024-11-14,8843
5488,松普,113,8,105,玉山-高雄,2024-11-14,8843
2880,華南金,105,2,103,玉山-高雄,2024-11-14,8843
5876,上海商銀,124,40,84,玉山-高雄,2024-11-14,8843
00915,凱基優選高股息30,83,0,83,玉山-高雄,2024-11-14,8843
2344,華邦電,89,14,75,玉山-高雄,2024-11-14,8843
2892,第一金,71,0,71,玉山-高雄,2024-11-14,8843
00650L,復華香港正2,79,15,64,玉山-高雄,2024-11-14,8843
1603,華電,60,0,60,玉山-高雄,2024-11-14,8843
2603,長榮,104,51,53,玉山-高雄,2024-11-14,8843
2882,國泰金,108,56,52,玉山-高雄,2024-11-14,8843
2609,陽明,74,23,51,玉山-高雄,2024-11-14,8843
2303,聯電,90,40,50,玉山-高雄,2024-11-14,8843
00927,群益半導體收益,48,0,48,玉山-高雄,2024-11-14,8843
1514,亞力,46,1,45,玉山-高雄,2024-11-14,8843
00930,永豐ESG低碳高息,45,0,45,玉山-高雄,2024-11-14,8843
2887,台新金,51,7,44,玉山-高雄,2024-11-14,8843
2641,正德,65,26,39,玉山-高雄,2024-11-14,8843
00692,富邦公司治理,39,1,38,玉山-高雄,2024-11-14,8843
3481,群創,68,30,38,玉山-高雄,2024-11-14,8843
00679B,元大美債20年,62,24,38,玉山-高雄,2024-11-14,8843
3015,全漢,42,5,37,玉山-高雄,2024-11-14,8843
4128,中天,37,1,36,玉山-高雄,2024-11-14,8843
3450,聯鈞,60,24,36,玉山-高雄,2024-11-14,8843
3257,虹冠電,36,1,35,玉山-高雄,2024-11-14,8843
4938,和碩,42,7,35,玉山-高雄,2024-11-14,8843
2002,中鋼,35,3,32,玉山-高雄,2024-11-14,8843
2312,金寶,94,62,32,玉山-高雄,2024-11-14,8843
3520,華盈,34,5,29,玉山-高雄,2024-11-14,8843
2324,仁寶,56,28,28,玉山-高雄,2024-11-14,8843
4931,新盛力,143,115,28,玉山-高雄,2024-11-14,8843
1301,台塑,41,13,28,玉山-高雄,2024-11-14,8843
2897,王道銀行,27,0,27,玉山-高雄,2024-11-14,8843
0050,元大台灣50,27,1,26,玉山-高雄,2024-11-14,8843
00688L,國泰20年美債正2,26,0,26,玉山-高雄,2024-11-14,8843
6854,錼創科技-KY創,26,0,26,玉山-高雄,2024-11-14,8843
2208,台船,26,0,26,玉山-高雄,2024-11-14,8843
00878,國泰永續高股息,877,117,760,玉山-高雄,2024-11-15,8843
3706,神達,458,276,182,玉山-高雄,2024-11-15,8843
2382,廣達,234,80,154,玉山-高雄,2024-11-15,8843
2880,華南金,104,1,103,玉山-高雄,2024-11-15,8843
2317,鴻海,163,88,75,玉山-高雄,2024-11-15,8843
00706L,期元大S＆P日圓正2,85,20,65,玉山-高雄,2024-11-15,8843
00632R,元大台灣50反1,71,6,65,玉山-高雄,2024-11-15,8843
0056,元大高股息,63,10,53,玉山-高雄,2024-11-15,8843
00937B,群益ESG投等債20,91,54,37,玉山-高雄,2024-11-15,8843
5234,達興材料,37,1,36,玉山-高雄,2024-11-15,8843
6558,興能高,41,5,36,玉山-高雄,2024-11-15,8843
5871,中租-KY,30,0,30,玉山-高雄,2024-11-15,8843
00674R,期元大S＆P黃金反1,30,0,30,玉山-高雄,2024-11-15,8843
2002,中鋼,60,30,30,玉山-高雄,2024-11-15,8843
2303,聯電,36,8,28,玉山-高雄,2024-11-15,8843
3580,友威科,54,27,27,玉山-高雄,2024-11-15,8843
1808,潤隆,27,0,27,玉山-高雄,2024-11-15,8843
00894,中信小資高價30,26,0,26,玉山-高雄,2024-11-15,8843
1587,吉茂,43,17,26,玉山-高雄,2024-11-15,8843
1303,南亞,30,5,25,玉山-高雄,2024-11-15,8843
00930,永豐ESG低碳高息,22,0,22,玉山-高雄,2024-11-15,8843
2887,台新金,33,13,20,玉山-高雄,2024-11-15,8843
3041,揚智,22,3,19,玉山-高雄,2024-11-15,8843
6215,和椿,20,1,19,玉山-高雄,2024-11-15,8843
00941,中信上游半導體,21,3,18,玉山-高雄,2024-11-15,8843
2324,仁寶,72,55,17,玉山-高雄,2024-11-15,8843
2474,可成,17,0,17,玉山-高雄,2024-11-15,8843
9933,中鼎,17,0,17,玉山-高雄,2024-11-15,8843
2344,華邦電,21,4,17,玉山-高雄,2024-11-15,8843
2363,矽統,18,2,16,玉山-高雄,2024-11-15,8843
3712,永崴投控,22,7,15,玉山-高雄,2024-11-15,8843
3149,正達,21,6,15,玉山-高雄,2024-11-15,8843
2301,光寶科,14,0,14,玉山-高雄,2024-11-15,8843
00932,兆豐永續高息等權,14,0,14,玉山-高雄,2024-11-15,8843
911868,同方友友-DR,14,0,14,玉山-高雄,2024-11-15,8843
5876,上海商銀,16,2,14,玉山-高雄,2024-11-15,8843
3231,緯創,51,38,13,玉山-高雄,2024-11-15,8843
3005,神基,15,2,13,玉山-高雄,2024-11-15,8843
6134,萬旭,13,0,13,玉山-高雄,2024-11-15,8843
2642,宅配通,12,0,12,玉山-高雄,2024-11-15,8843
3202,樺晟,15,3,12,玉山-高雄,2024-11-15,8843
2634,漢翔,11,0,11,玉山-高雄,2024-11-15,8843
00713,元大台灣高息低波,13,2,11,玉山-高雄,2024-11-15,8843
3374,精材,15,4,11,玉山-高雄,2024-11-15,8843
3227,原相,28,17,11,玉山-高雄,2024-11-15,8843
006208,富邦台50,12,1,11,玉山-高雄,2024-11-15,8843
00943,兆豐電子高息等權,11,0,11,玉山-高雄,2024-11-15,8843
3324,雙鴻,13,2,11,玉山-高雄,2024-11-15,8843
1307,三芳,18,7,11,玉山-高雄,2024-11-15,8843
00948B,中信優息投資級債,12,1,11,玉山-高雄,2024-11-15,8843
00878,國泰永續高股息,760,2,758,玉山-高雄,2024-11-18,8843
1301,台塑,228,34,194,玉山-高雄,2024-11-18,8843
00929,復華台灣科技優息,374,200,174,玉山-高雄,2024-11-18,8843
9105,泰金寶-DR,256,83,173,玉山-高雄,2024-11-18,8843
00937B,群益ESG投等債20,177,22,155,玉山-高雄,2024-11-18,8843
1464,得力,131,0,131,玉山-高雄,2024-11-18,8843
2881,富邦金,131,3,128,玉山-高雄,2024-11-18,8843
0056,元大高股息,134,19,115,玉山-高雄,2024-11-18,8843
3706,神達,209,98,111,玉山-高雄,2024-11-18,8843
00887,永豐中國科技50大,466,358,108,玉山-高雄,2024-11-18,8843
2312,金寶,186,86,100,玉山-高雄,2024-11-18,8843
00953B,群益優選非投等債,100,0,100,玉山-高雄,2024-11-18,8843
3710,連展投控,105,8,97,玉山-高雄,2024-11-18,8843
00715L,期街口布蘭特正2,93,0,93,玉山-高雄,2024-11-18,8843
3202,樺晟,94,10,84,玉山-高雄,2024-11-18,8843
2605,新興,106,39,67,玉山-高雄,2024-11-18,8843
00918,大華優利高填息30,58,0,58,玉山-高雄,2024-11-18,8843
2880,華南金,59,1,58,玉山-高雄,2024-11-18,8843
3041,揚智,55,1,54,玉山-高雄,2024-11-18,8843
00948B,中信優息投資級債,61,10,51,玉山-高雄,2024-11-18,8843
1711,永光,50,0,50,玉山-高雄,2024-11-18,8843
6005,群益證,51,2,49,玉山-高雄,2024-11-18,8843
3045,台灣大,40,0,40,玉山-高雄,2024-11-18,8843
006208,富邦台50,43,4,39,玉山-高雄,2024-11-18,8843
2392,正崴,54,18,36,玉山-高雄,2024-11-18,8843
00632R,元大台灣50反1,40,5,35,玉山-高雄,2024-11-18,8843
2317,鴻海,97,64,33,玉山-高雄,2024-11-18,8843
5880,合庫金,34,1,33,玉山-高雄,2024-11-18,8843
1519,華城,46,13,33,玉山-高雄,2024-11-18,8843
3374,精材,45,12,33,玉山-高雄,2024-11-18,8843
9907,統一實,30,0,30,玉山-高雄,2024-11-18,8843
00919,群益台灣精選高息,57,28,29,玉山-高雄,2024-11-18,8843
00940,元大台灣價值高息,66,37,29,玉山-高雄,2024-11-18,8843
2646,星宇航空,30,2,28,玉山-高雄,2024-11-18,8843
00690,兆豐藍籌30,27,0,27,玉山-高雄,2024-11-18,8843
2356,英業達,50,23,27,玉山-高雄,2024-11-18,8843
00885,富邦越南,24,0,24,玉山-高雄,2024-11-18,8843
2609,陽明,122,99,23,玉山-高雄,2024-11-18,8843
00952,凱基台灣AI50,23,0,23,玉山-高雄,2024-11-18,8843
2367,燿華,24,2,22,玉山-高雄,2024-11-18,8843
6133,金橋,22,0,22,玉山-高雄,2024-11-18,8843
00932,兆豐永續高息等權,22,0,22,玉山-高雄,2024-11-18,8843
00938,凱基優選30,101,80,21,玉山-高雄,2024-11-18,8843
3231,緯創,35,14,21,玉山-高雄,2024-11-18,8843
8044,網家,43,22,21,玉山-高雄,2024-11-18,8843
00752,中信中國50,20,0,20,玉山-高雄,2024-11-18,8843
3149,正達,21,1,20,玉山-高雄,2024-11-18,8843
1447,力鵬,20,0,20,玉山-高雄,2024-11-18,8843
2330,台積電,22,2,20,玉山-高雄,2024-11-18,8843
00939,統一台灣高息動能,23,4,19,玉山-高雄,2024-11-18,8843
00637L,元大滬深300正2,709,208,501,玉山-高雄,2024-11-19,8843
2883,凱基金,408,80,328,玉山-高雄,2024-11-19,8843
00953B,群益優選非投等債,307,4,303,玉山-高雄,2024-11-19,8843
00878,國泰永續高股息,225,30,195,玉山-高雄,2024-11-19,8843
2354,鴻準,304,162,142,玉山-高雄,2024-11-19,8843
2641,正德,204,71,133,玉山-高雄,2024-11-19,8843
3481,群創,126,23,103,玉山-高雄,2024-11-19,8843
2382,廣達,94,10,84,玉山-高雄,2024-11-19,8843
00679B,元大美債20年,77,0,77,玉山-高雄,2024-11-19,8843
2890,永豐金,73,2,71,玉山-高雄,2024-11-19,8843
00930,永豐ESG低碳高息,57,0,57,玉山-高雄,2024-11-19,8843
00932,兆豐永續高息等權,48,1,47,玉山-高雄,2024-11-19,8843
1717,長興,40,0,40,玉山-高雄,2024-11-19,8843
2317,鴻海,72,43,29,玉山-高雄,2024-11-19,8843
5309,系統電,39,10,29,玉山-高雄,2024-11-19,8843
8932,智通*,25,0,25,玉山-高雄,2024-11-19,8843
2912,統一超,23,0,23,玉山-高雄,2024-11-19,8843
00919,群益台灣精選高息,38,15,23,玉山-高雄,2024-11-19,8843
00952,凱基台灣AI50,22,0,22,玉山-高雄,2024-11-19,8843
1303,南亞,38,17,21,玉山-高雄,2024-11-19,8843
2303,聯電,44,23,21,玉山-高雄,2024-11-19,8843
00933B,國泰10Y+金融債,23,2,21,玉山-高雄,2024-11-19,8843
2313,華通,25,5,20,玉山-高雄,2024-11-19,8843
3234,光環,18,0,18,玉山-高雄,2024-11-19,8843
00938,凱基優選30,17,0,17,玉山-高雄,2024-11-19,8843
00706L,期元大S＆P日圓正2,50,34,16,玉山-高雄,2024-11-19,8843
006208,富邦台50,19,4,15,玉山-高雄,2024-11-19,8843
2027,大成鋼,18,3,15,玉山-高雄,2024-11-19,8843
2349,錸德,107,92,15,玉山-高雄,2024-11-19,8843
3019,亞光,32,18,14,玉山-高雄,2024-11-19,8843
9921,巨大,15,1,14,玉山-高雄,2024-11-19,8843
0056,元大高股息,43,30,13,玉山-高雄,2024-11-19,8843
1314,中石化,23,10,13,玉山-高雄,2024-11-19,8843
3231,緯創,26,13,13,玉山-高雄,2024-11-19,8843
00939,統一台灣高息動能,15,3,12,玉山-高雄,2024-11-19,8843
2646,星宇航空,20,8,12,玉山-高雄,2024-11-19,8843
00713,元大台灣高息低波,12,0,12,玉山-高雄,2024-11-19,8843
00795B,中信美國公債20年,11,0,11,玉山-高雄,2024-11-19,8843
9904,寶成,23,12,11,玉山-高雄,2024-11-19,8843
8112,至上,11,0,11,玉山-高雄,2024-11-19,8843
5460,同協,14,4,10,玉山-高雄,2024-11-19,8843
5483,中美晶,11,1,10,玉山-高雄,2024-11-19,8843
00844B,新光15年IG金融債,10,0,10,玉山-高雄,2024-11-19,8843
1434,福懋,10,0,10,玉山-高雄,2024-11-19,8843
6757,台灣虎航,10,0,10,玉山-高雄,2024-11-19,8843
00712,復華富時不動產,10,0,10,玉山-高雄,2024-11-19,8843
3530,晶相光,10,0,10,玉山-高雄,2024-11-19,8843
5284,jpp-KY,20,10,10,玉山-高雄,2024-11-19,8843
3580,友威科,17,7,10,玉山-高雄,2024-11-19,8843
2395,研華,10,0,10,玉山-高雄,2024-11-19,8843
00953B,群益優選非投等債,250,0,250,玉山-高雄,2024-11-20,8843
00878,國泰永續高股息,168,45,123,玉山-高雄,2024-11-20,8843
00929,復華台灣科技優息,218,97,121,玉山-高雄,2024-11-20,8843
00937B,群益ESG投等債20,181,66,115,玉山-高雄,2024-11-20,8843
3625,西勝,100,6,94,玉山-高雄,2024-11-20,8843
5871,中租-KY,81,7,74,玉山-高雄,2024-11-20,8843
0056,元大高股息,75,3,72,玉山-高雄,2024-11-20,8843
00692,富邦公司治理,75,10,65,玉山-高雄,2024-11-20,8843
2317,鴻海,85,25,60,玉山-高雄,2024-11-20,8843
2353,宏��,57,0,57,玉山-高雄,2024-11-20,8843
2392,正崴,68,17,51,玉山-高雄,2024-11-20,8843
2330,台積電,48,2,46,玉山-高雄,2024-11-20,8843
5876,上海商銀,44,0,44,玉山-高雄,2024-11-20,8843
2408,南亞科,42,0,42,玉山-高雄,2024-11-20,8843
1815,富喬,77,36,41,玉山-高雄,2024-11-20,8843
3576,聯合再生,50,10,40,玉山-高雄,2024-11-20,8843
2542,興富發,38,0,38,玉山-高雄,2024-11-20,8843
2354,鴻準,361,323,38,玉山-高雄,2024-11-20,8843
00930,永豐ESG低碳高息,36,0,36,玉山-高雄,2024-11-20,8843
00946,群益科技高息成長,36,0,36,玉山-高雄,2024-11-20,8843
3481,群創,56,20,36,玉山-高雄,2024-11-20,8843
3019,亞光,37,5,32,玉山-高雄,2024-11-20,8843
3707,漢磊,31,0,31,玉山-高雄,2024-11-20,8843
3706,神達,495,465,30,玉山-高雄,2024-11-20,8843
9105,泰金寶-DR,85,56,29,玉山-高雄,2024-11-20,8843
2356,英業達,91,62,29,玉山-高雄,2024-11-20,8843
3323,加百裕,34,5,29,玉山-高雄,2024-11-20,8843
00885,富邦越南,31,2,29,玉山-高雄,2024-11-20,8843
3450,聯鈞,78,51,27,玉山-高雄,2024-11-20,8843
00665L,富邦�琤肭磪囓�2,32,5,27,玉山-高雄,2024-11-20,8843
006208,富邦台50,26,0,26,玉山-高雄,2024-11-20,8843
2208,台船,24,0,24,玉山-高雄,2024-11-20,8843
4956,光鋐,85,63,22,玉山-高雄,2024-11-20,8843
6282,康舒,56,34,22,玉山-高雄,2024-11-20,8843
00713,元大台灣高息低波,23,1,22,玉山-高雄,2024-11-20,8843
3167,大量,33,12,21,玉山-高雄,2024-11-20,8843
3016,嘉晶,21,0,21,玉山-高雄,2024-11-20,8843
9907,統一實,21,0,21,玉山-高雄,2024-11-20,8843
00650L,復華香港正2,25,5,20,玉山-高雄,2024-11-20,8843
6269,台郡,21,1,20,玉山-高雄,2024-11-20,8843
2303,聯電,41,21,20,玉山-高雄,2024-11-20,8843
3338,泰碩,39,20,19,玉山-高雄,2024-11-20,8843
1307,三芳,22,3,19,玉山-高雄,2024-11-20,8843
1519,華城,19,1,18,玉山-高雄,2024-11-20,8843
3447,展達,27,10,17,玉山-高雄,2024-11-20,8843
00887,永豐中國科技50大,39,22,17,玉山-高雄,2024-11-20,8843
00948B,中信優息投資級債,18,1,17,玉山-高雄,2024-11-20,8843
2929,淘帝-KY,16,0,16,玉山-高雄,2024-11-20,8843
5243,乙盛-KY,37,21,16,玉山-高雄,2024-11-20,8843
3711,日月光投控,17,1,16,玉山-高雄,2024-11-20,8843
00953B,群益優選非投等債,340,67,273,玉山-高雄,2024-11-21,8843
2303,聯電,162,6,156,玉山-高雄,2024-11-21,8843
2618,長榮航,177,24,153,玉山-高雄,2024-11-21,8843
2882,國泰金,140,1,139,玉山-高雄,2024-11-21,8843
00929,復華台灣科技優息,169,52,117,玉山-高雄,2024-11-21,8843
2344,華邦電,125,12,113,玉山-高雄,2024-11-21,8843
2610,華航,182,70,112,玉山-高雄,2024-11-21,8843
6282,康舒,133,29,104,玉山-高雄,2024-11-21,8843
3013,晟銘電,112,16,96,玉山-高雄,2024-11-21,8843
3481,群創,112,22,90,玉山-高雄,2024-11-21,8843
4414,如興,80,0,80,玉山-高雄,2024-11-21,8843
1309,台達化,58,0,58,玉山-高雄,2024-11-21,8843
00948B,中信優息投資級債,60,3,57,玉山-高雄,2024-11-21,8843
0050,元大台灣50,47,1,46,玉山-高雄,2024-11-21,8843
006208,富邦台50,55,10,45,玉山-高雄,2024-11-21,8843
2317,鴻海,70,25,45,玉山-高雄,2024-11-21,8843
1314,中石化,36,0,36,玉山-高雄,2024-11-21,8843
3520,華盈,35,0,35,玉山-高雄,2024-11-21,8843
2890,永豐金,35,2,33,玉山-高雄,2024-11-21,8843
1616,億泰,35,4,31,玉山-高雄,2024-11-21,8843
1301,台塑,40,10,30,玉山-高雄,2024-11-21,8843
5876,上海商銀,51,22,29,玉山-高雄,2024-11-21,8843
6116,彩晶,28,0,28,玉山-高雄,2024-11-21,8843
2382,廣達,35,9,26,玉山-高雄,2024-11-21,8843
2615,萬海,110,84,26,玉山-高雄,2024-11-21,8843
00665L,富邦�琤肭磪囓�2,45,20,25,玉山-高雄,2024-11-21,8843
2444,兆勁,27,2,25,玉山-高雄,2024-11-21,8843
00713,元大台灣高息低波,24,1,23,玉山-高雄,2024-11-21,8843
00907,永豐優息存股,25,2,23,玉山-高雄,2024-11-21,8843
0056,元大高股息,28,7,21,玉山-高雄,2024-11-21,8843
3231,緯創,124,105,19,玉山-高雄,2024-11-21,8843
00830,國泰費城半導體,19,1,18,玉山-高雄,2024-11-21,8843
2884,玉山金,65,48,17,玉山-高雄,2024-11-21,8843
00918,大華優利高填息30,17,0,17,玉山-高雄,2024-11-21,8843
00692,富邦公司治理,17,0,17,玉山-高雄,2024-11-21,8843
2330,台積電,21,5,16,玉山-高雄,2024-11-21,8843
2208,台船,15,0,15,玉山-高雄,2024-11-21,8843
00937B,群益ESG投等債20,45,31,14,玉山-高雄,2024-11-21,8843
2332,友訊,18,4,14,玉山-高雄,2024-11-21,8843
5243,乙盛-KY,21,7,14,玉山-高雄,2024-11-21,8843
5426,振發,24,10,14,玉山-高雄,2024-11-21,8843
2646,星宇航空,17,4,13,玉山-高雄,2024-11-21,8843
8085,福華,13,0,13,玉山-高雄,2024-11-21,8843
2105,正新,18,5,13,玉山-高雄,2024-11-21,8843
1303,南亞,21,8,13,玉山-高雄,2024-11-21,8843
4956,光鋐,21,8,13,玉山-高雄,2024-11-21,8843
3047,訊舟,38,25,13,玉山-高雄,2024-11-21,8843
9933,中鼎,12,0,12,玉山-高雄,2024-11-21,8843
00932,兆豐永續高息等權,12,0,12,玉山-高雄,2024-11-21,8843
2329,華泰,15,3,12,玉山-高雄,2024-11-21,8843
00632R,元大台灣50反1,366,5,361,玉山-高雄,2024-11-22,8843
00953B,群益優選非投等債,289,0,289,玉山-高雄,2024-11-22,8843
3706,神達,423,213,210,玉山-高雄,2024-11-22,8843
00633L,富邦上証正2,151,2,149,玉山-高雄,2024-11-22,8843
00665L,富邦�琤肭磪囓�2,114,0,114,玉山-高雄,2024-11-22,8843
2890,永豐金,93,1,92,玉山-高雄,2024-11-22,8843
00937B,群益ESG投等債20,92,6,86,玉山-高雄,2024-11-22,8843
00960,野村全球航運龍頭,79,1,78,玉山-高雄,2024-11-22,8843
00753L,中信中國50正2,80,2,78,玉山-高雄,2024-11-22,8843
4956,光鋐,119,49,70,玉山-高雄,2024-11-22,8843
00650L,復華香港正2,105,36,69,玉山-高雄,2024-11-22,8843
00673R,期元大S＆P原油反1,66,2,64,玉山-高雄,2024-11-22,8843
2349,錸德,69,15,54,玉山-高雄,2024-11-22,8843
0056,元大高股息,78,24,54,玉山-高雄,2024-11-22,8843
2356,英業達,81,29,52,玉山-高雄,2024-11-22,8843
8104,錸寶,73,21,52,玉山-高雄,2024-11-22,8843
1309,台達化,51,0,51,玉山-高雄,2024-11-22,8843
2867,三商壽,59,9,50,玉山-高雄,2024-11-22,8843
6550,北極星藥業-KY,51,2,49,玉山-高雄,2024-11-22,8843
2885,元大金,51,4,47,玉山-高雄,2024-11-22,8843
2609,陽明,109,62,47,玉山-高雄,2024-11-22,8843
2929,淘帝-KY,46,0,46,玉山-高雄,2024-11-22,8843
00680L,元大美債20正2,115,69,46,玉山-高雄,2024-11-22,8843
00905,FT臺灣Smart,57,12,45,玉山-高雄,2024-11-22,8843
3047,訊舟,50,11,39,玉山-高雄,2024-11-22,8843
00887,永豐中國科技50大,60,24,36,玉山-高雄,2024-11-22,8843
5905,南仁湖,40,6,34,玉山-高雄,2024-11-22,8843
3323,加百裕,88,56,32,玉山-高雄,2024-11-22,8843
3149,正達,43,12,31,玉山-高雄,2024-11-22,8843
8163,達方,52,22,30,玉山-高雄,2024-11-22,8843
00878,國泰永續高股息,70,42,28,玉山-高雄,2024-11-22,8843
00938,凱基優選30,29,1,28,玉山-高雄,2024-11-22,8843
8085,福華,44,16,28,玉山-高雄,2024-11-22,8843
00952,凱基台灣AI50,29,6,23,玉山-高雄,2024-11-22,8843
1303,南亞,23,0,23,玉山-高雄,2024-11-22,8843
5876,上海商銀,22,0,22,玉山-高雄,2024-11-22,8843
2431,聯昌,22,0,22,玉山-高雄,2024-11-22,8843
6770,力積電,31,9,22,玉山-高雄,2024-11-22,8843
00963,中信全球高股息,21,0,21,玉山-高雄,2024-11-22,8843
2449,京元電子,36,15,21,玉山-高雄,2024-11-22,8843
2486,一詮,35,14,21,玉山-高雄,2024-11-22,8843
00930,永豐ESG低碳高息,20,0,20,玉山-高雄,2024-11-22,8843
00964,中信亞太高股息,20,0,20,玉山-高雄,2024-11-22,8843
2504,國產,20,0,20,玉山-高雄,2024-11-22,8843
5309,系統電,110,90,20,玉山-高雄,2024-11-22,8843
2316,楠梓電,26,6,20,玉山-高雄,2024-11-22,8843
00954,中信日本半導體,20,0,20,玉山-高雄,2024-11-22,8843
00915,凱基優選高股息30,20,0,20,玉山-高雄,2024-11-22,8843
9933,中鼎,19,0,19,玉山-高雄,2024-11-22,8843
2405,輔信,21,2,19,玉山-高雄,2024-11-22,8843
1314,中石化,1083,42,1041,玉山-高雄,2024-11-25,8843
00887,永豐中國科技50大,555,13,542,玉山-高雄,2024-11-25,8843
00953B,群益優選非投等債,282,0,282,玉山-高雄,2024-11-25,8843
00637L,元大滬深300正2,359,109,250,玉山-高雄,2024-11-25,8843
9105,泰金寶-DR,346,123,223,玉山-高雄,2024-11-25,8843
00919,群益台灣精選高息,225,11,214,玉山-高雄,2024-11-25,8843
2344,華邦電,221,16,205,玉山-高雄,2024-11-25,8843
2449,京元電子,196,45,151,玉山-高雄,2024-11-25,8843
00891,中信關鍵半導體,121,1,120,玉山-高雄,2024-11-25,8843
2618,長榮航,120,16,104,玉山-高雄,2024-11-25,8843
00753L,中信中國50正2,127,31,96,玉山-高雄,2024-11-25,8843
1815,富喬,428,353,75,玉山-高雄,2024-11-25,8843
5426,振發,128,58,70,玉山-高雄,2024-11-25,8843
00946,群益科技高息成長,77,10,67,玉山-高雄,2024-11-25,8843
00930,永豐ESG低碳高息,70,9,61,玉山-高雄,2024-11-25,8843
00882,中信中國高股息,66,9,57,玉山-高雄,2024-11-25,8843
2885,元大金,54,3,51,玉山-高雄,2024-11-25,8843
00909,國泰數位支付服務,54,3,51,玉山-高雄,2024-11-25,8843
2404,漢唐,53,4,49,玉山-高雄,2024-11-25,8843
00632R,元大台灣50反1,53,10,43,玉山-高雄,2024-11-25,8843
1612,宏泰,47,6,41,玉山-高雄,2024-11-25,8843
3041,揚智,40,0,40,玉山-高雄,2024-11-25,8843
00895,富邦未來車,41,2,39,玉山-高雄,2024-11-25,8843
2371,大同,78,39,39,玉山-高雄,2024-11-25,8843
00940,元大台灣價值高息,59,21,38,玉山-高雄,2024-11-25,8843
1301,台塑,39,2,37,玉山-高雄,2024-11-25,8843
8277,商丞,30,0,30,玉山-高雄,2024-11-25,8843
5876,上海商銀,59,30,29,玉山-高雄,2024-11-25,8843
2539,櫻花建,29,2,27,玉山-高雄,2024-11-25,8843
6770,力積電,26,0,26,玉山-高雄,2024-11-25,8843
5452,佶優,29,7,22,玉山-高雄,2024-11-25,8843
2915,潤泰全,21,0,21,玉山-高雄,2024-11-25,8843
2337,旺宏,23,2,21,玉山-高雄,2024-11-25,8843
00655L,國泰中國A50正2,20,0,20,玉山-高雄,2024-11-25,8843
2605,新興,21,1,20,玉山-高雄,2024-11-25,8843
1809,中釉,52,32,20,玉山-高雄,2024-11-25,8843
3032,偉訓,34,14,20,玉山-高雄,2024-11-25,8843
3211,順達,21,2,19,玉山-高雄,2024-11-25,8843
1101,台泥,83,65,18,玉山-高雄,2024-11-25,8843
00864B,中信美國公債0-1,18,0,18,玉山-高雄,2024-11-25,8843
3576,聯合再生,20,3,17,玉山-高雄,2024-11-25,8843
2474,可成,46,30,16,玉山-高雄,2024-11-25,8843
2722,夏都,17,3,14,玉山-高雄,2024-11-25,8843
3557,嘉威,13,0,13,玉山-高雄,2024-11-25,8843
2634,漢翔,17,5,12,玉山-高雄,2024-11-25,8843
6288,聯嘉,21,9,12,玉山-高雄,2024-11-25,8843
00725B,國泰投資級公司債,12,0,12,玉山-高雄,2024-11-25,8843
1605,華新,18,6,12,玉山-高雄,2024-11-25,8843
3481,群創,33,21,12,玉山-高雄,2024-11-25,8843
00710B,復華彭博非投等債,12,0,12,玉山-高雄,2024-11-25,8843
00688L,國泰20年美債正2,549,7,542,玉山-高雄,2024-11-26,8843
3706,神達,397,158,239,玉山-高雄,2024-11-26,8843
00878,國泰永續高股息,186,33,153,玉山-高雄,2024-11-26,8843
2317,鴻海,198,56,142,玉山-高雄,2024-11-26,8843
1815,富喬,331,191,140,玉山-高雄,2024-11-26,8843
3231,緯創,161,24,137,玉山-高雄,2024-11-26,8843
00953B,群益優選非投等債,123,0,123,玉山-高雄,2024-11-26,8843
00929,復華台灣科技優息,137,18,119,玉山-高雄,2024-11-26,8843
2344,華邦電,118,2,116,玉山-高雄,2024-11-26,8843
00687B,國泰20年美債,131,18,113,玉山-高雄,2024-11-26,8843
00753L,中信中國50正2,127,24,103,玉山-高雄,2024-11-26,8843
1314,中石化,105,3,102,玉山-高雄,2024-11-26,8843
9105,泰金寶-DR,141,39,102,玉山-高雄,2024-11-26,8843
2027,大成鋼,146,45,101,玉山-高雄,2024-11-26,8843
2371,大同,110,28,82,玉山-高雄,2024-11-26,8843
1569,濱川,80,5,75,玉山-高雄,2024-11-26,8843
00715L,期街口布蘭特正2,73,5,68,玉山-高雄,2024-11-26,8843
00905,FT臺灣Smart,68,0,68,玉山-高雄,2024-11-26,8843
6962,ITH-KY,71,10,61,玉山-高雄,2024-11-26,8843
00946,群益科技高息成長,56,0,56,玉山-高雄,2024-11-26,8843
2374,佳能,68,13,55,玉山-高雄,2024-11-26,8843
2542,興富發,53,0,53,玉山-高雄,2024-11-26,8843
00680L,元大美債20正2,62,11,51,玉山-高雄,2024-11-26,8843
6244,茂迪,51,0,51,玉山-高雄,2024-11-26,8843
3041,揚智,51,2,49,玉山-高雄,2024-11-26,8843
2547,日勝生,55,7,48,玉山-高雄,2024-11-26,8843
2392,正崴,129,83,46,玉山-高雄,2024-11-26,8843
6558,興能高,101,55,46,玉山-高雄,2024-11-26,8843
00919,群益台灣精選高息,82,37,45,玉山-高雄,2024-11-26,8843
2474,可成,50,5,45,玉山-高雄,2024-11-26,8843
2330,台積電,44,0,44,玉山-高雄,2024-11-26,8843
00932,兆豐永續高息等權,42,0,42,玉山-高雄,2024-11-26,8843
2356,英業達,86,45,41,玉山-高雄,2024-11-26,8843
00930,永豐ESG低碳高息,40,0,40,玉山-高雄,2024-11-26,8843
00940,元大台灣價值高息,69,29,40,玉山-高雄,2024-11-26,8843
3712,永崴投控,57,18,39,玉山-高雄,2024-11-26,8843
2539,櫻花建,46,7,39,玉山-高雄,2024-11-26,8843
5309,系統電,112,74,38,玉山-高雄,2024-11-26,8843
2890,永豐金,37,0,37,玉山-高雄,2024-11-26,8843
1540,喬福,60,24,36,玉山-高雄,2024-11-26,8843
2353,宏��,53,18,35,玉山-高雄,2024-11-26,8843
006208,富邦台50,34,1,33,玉山-高雄,2024-11-26,8843
8240,華宏,38,7,31,玉山-高雄,2024-11-26,8843
00887,永豐中國科技50大,33,2,31,玉山-高雄,2024-11-26,8843
2887,台新金,34,5,29,玉山-高雄,2024-11-26,8843
5426,振發,27,1,26,玉山-高雄,2024-11-26,8843
0056,元大高股息,72,48,24,玉山-高雄,2024-11-26,8843
2417,圓剛,29,5,24,玉山-高雄,2024-11-26,8843
2408,南亞科,23,0,23,玉山-高雄,2024-11-26,8843
2495,普安,25,3,22,玉山-高雄,2024-11-26,8843
00919,群益台灣精選高息,433,9,424,玉山-高雄,2024-11-27,8843
00878,國泰永續高股息,527,142,385,玉山-高雄,2024-11-27,8843
2609,陽明,361,75,286,玉山-高雄,2024-11-27,8843
0056,元大高股息,245,7,238,玉山-高雄,2024-11-27,8843
2303,聯電,247,9,238,玉山-高雄,2024-11-27,8843
2371,大同,248,17,231,玉山-高雄,2024-11-27,8843
2344,華邦電,220,18,202,玉山-高雄,2024-11-27,8843
00953B,群益優選非投等債,165,7,158,玉山-高雄,2024-11-27,8843
00940,元大台灣價值高息,161,27,134,玉山-高雄,2024-11-27,8843
3231,緯創,179,46,133,玉山-高雄,2024-11-27,8843
00918,大華優利高填息30,113,22,91,玉山-高雄,2024-11-27,8843
2547,日勝生,90,1,89,玉山-高雄,2024-11-27,8843
2317,鴻海,206,119,87,玉山-高雄,2024-11-27,8843
3040,遠見,83,0,83,玉山-高雄,2024-11-27,8843
0050,元大台灣50,66,2,64,玉山-高雄,2024-11-27,8843
2330,台積電,68,6,62,玉山-高雄,2024-11-27,8843
006208,富邦台50,60,1,59,玉山-高雄,2024-11-27,8843
2812,台中銀,62,3,59,玉山-高雄,2024-11-27,8843
00706L,期元大S＆P日圓正2,50,0,50,玉山-高雄,2024-11-27,8843
1569,濱川,54,5,49,玉山-高雄,2024-11-27,8843
2881,富邦金,48,0,48,玉山-高雄,2024-11-27,8843
2834,臺企銀,49,1,48,玉山-高雄,2024-11-27,8843
2603,長榮,174,128,46,玉山-高雄,2024-11-27,8843
2002,中鋼,61,15,46,玉山-高雄,2024-11-27,8843
00915,凱基優選高股息30,47,1,46,玉山-高雄,2024-11-27,8843
00922,國泰台灣領袖50,50,6,44,玉山-高雄,2024-11-27,8843
4526,東台,72,28,44,玉山-高雄,2024-11-27,8843
3323,加百裕,144,104,40,玉山-高雄,2024-11-27,8843
6177,達麗,40,0,40,玉山-高雄,2024-11-27,8843
3056,富華新,40,0,40,玉山-高雄,2024-11-27,8843
1815,富喬,166,129,37,玉山-高雄,2024-11-27,8843
2495,普安,63,27,36,玉山-高雄,2024-11-27,8843
2324,仁寶,61,25,36,玉山-高雄,2024-11-27,8843
6505,台塑化,34,0,34,玉山-高雄,2024-11-27,8843
6962,ITH-KY,38,4,34,玉山-高雄,2024-11-27,8843
3013,晟銘電,35,4,31,玉山-高雄,2024-11-27,8843
1303,南亞,31,0,31,玉山-高雄,2024-11-27,8843
00932,兆豐永續高息等權,31,0,31,玉山-高雄,2024-11-27,8843
2449,京元電子,37,7,30,玉山-高雄,2024-11-27,8843
2363,矽統,34,4,30,玉山-高雄,2024-11-27,8843
2615,萬海,76,47,29,玉山-高雄,2024-11-27,8843
1605,華新,28,0,28,玉山-高雄,2024-11-27,8843
00943,兆豐電子高息等權,26,0,26,玉山-高雄,2024-11-27,8843
3047,訊舟,26,4,22,玉山-高雄,2024-11-27,8843
2882,國泰金,43,21,22,玉山-高雄,2024-11-27,8843
020034,元大IC設計N,21,0,21,玉山-高雄,2024-11-27,8843
2891,中信金,32,11,21,玉山-高雄,2024-11-27,8843
3711,日月光投控,22,1,21,玉山-高雄,2024-11-27,8843
00950B,凱基A級公司債,20,0,20,玉山-高雄,2024-11-27,8843
4128,中天,21,1,20,玉山-高雄,2024-11-27,8843
00878,國泰永續高股息,655,182,473,玉山-高雄,2024-11-28,8843
00919,群益台灣精選高息,445,91,354,玉山-高雄,2024-11-28,8843
00632R,元大台灣50反1,440,125,315,玉山-高雄,2024-11-28,8843
3706,神達,554,241,313,玉山-高雄,2024-11-28,8843
00637L,元大滬深300正2,246,5,241,玉山-高雄,2024-11-28,8843
1605,華新,148,24,124,玉山-高雄,2024-11-28,8843
0056,元大高股息,161,54,107,玉山-高雄,2024-11-28,8843
00940,元大台灣價值高息,182,76,106,玉山-高雄,2024-11-28,8843
00929,復華台灣科技優息,244,149,95,玉山-高雄,2024-11-28,8843
00950B,凱基A級公司債,90,0,90,玉山-高雄,2024-11-28,8843
2371,大同,117,28,89,玉山-高雄,2024-11-28,8843
4510,高鋒,349,269,80,玉山-高雄,2024-11-28,8843
3591,艾笛森,135,55,80,玉山-高雄,2024-11-28,8843
2882,國泰金,70,10,60,玉山-高雄,2024-11-28,8843
00952,凱基台灣AI50,59,0,59,玉山-高雄,2024-11-28,8843
1301,台塑,67,8,59,玉山-高雄,2024-11-28,8843
6962,ITH-KY,61,3,58,玉山-高雄,2024-11-28,8843
00725B,國泰投資級公司債,51,4,47,玉山-高雄,2024-11-28,8843
6558,興能高,61,17,44,玉山-高雄,2024-11-28,8843
00918,大華優利高填息30,63,20,43,玉山-高雄,2024-11-28,8843
3481,群創,64,23,41,玉山-高雄,2024-11-28,8843
1314,中石化,43,3,40,玉山-高雄,2024-11-28,8843
020034,元大IC設計N,40,0,40,玉山-高雄,2024-11-28,8843
6770,力積電,42,2,40,玉山-高雄,2024-11-28,8843
00915,凱基優選高股息30,52,16,36,玉山-高雄,2024-11-28,8843
00664R,國泰臺灣加權反1,35,0,35,玉山-高雄,2024-11-28,8843
00715L,期街口布蘭特正2,42,7,35,玉山-高雄,2024-11-28,8843
00930,永豐ESG低碳高息,32,0,32,玉山-高雄,2024-11-28,8843
2419,仲琦,33,3,30,玉山-高雄,2024-11-28,8843
3711,日月光投控,31,2,29,玉山-高雄,2024-11-28,8843
3707,漢磊,30,1,29,玉山-高雄,2024-11-28,8843
5381,合正,29,0,29,玉山-高雄,2024-11-28,8843
00932,兆豐永續高息等權,29,0,29,玉山-高雄,2024-11-28,8843
2409,友達,31,2,29,玉山-高雄,2024-11-28,8843
2332,友訊,84,59,25,玉山-高雄,2024-11-28,8843
006208,富邦台50,31,6,25,玉山-高雄,2024-11-28,8843
2408,南亞科,32,8,24,玉山-高雄,2024-11-28,8843
6668,中揚光,24,0,24,玉山-高雄,2024-11-28,8843
2070,精湛,54,30,24,玉山-高雄,2024-11-28,8843
2344,華邦電,158,138,20,玉山-高雄,2024-11-28,8843
8277,商丞,20,0,20,玉山-高雄,2024-11-28,8843
3056,富華新,20,0,20,玉山-高雄,2024-11-28,8843
3231,緯創,52,32,20,玉山-高雄,2024-11-28,8843
2303,聯電,55,37,18,玉山-高雄,2024-11-28,8843
6144,得利影,20,2,18,玉山-高雄,2024-11-28,8843
2382,廣達,32,14,18,玉山-高雄,2024-11-28,8843
2495,普安,22,4,18,玉山-高雄,2024-11-28,8843
1312,國喬,18,0,18,玉山-高雄,2024-11-28,8843
8038,長園科,18,0,18,玉山-高雄,2024-11-28,8843
1802,台玻,43,26,17,玉山-高雄,2024-11-28,8843
00887,永豐中國科技50大,906,42,864,玉山-高雄,2024-11-29,8843
00919,群益台灣精選高息,216,10,206,玉山-高雄,2024-11-29,8843
2882,國泰金,149,20,129,玉山-高雄,2024-11-29,8843
00891,中信關鍵半導體,123,0,123,玉山-高雄,2024-11-29,8843
00878,國泰永續高股息,154,47,107,玉山-高雄,2024-11-29,8843
00959B,大華投等美債15Y+,100,0,100,玉山-高雄,2024-11-29,8843
1301,台塑,111,16,95,玉山-高雄,2024-11-29,8843
2354,鴻準,147,77,70,玉山-高雄,2024-11-29,8843
00918,大華優利高填息30,88,24,64,玉山-高雄,2024-11-29,8843
2002,中鋼,67,3,64,玉山-高雄,2024-11-29,8843
2603,長榮,70,12,58,玉山-高雄,2024-11-29,8843
00680L,元大美債20正2,71,13,58,玉山-高雄,2024-11-29,8843
0056,元大高股息,76,23,53,玉山-高雄,2024-11-29,8843
2892,第一金,205,152,53,玉山-高雄,2024-11-29,8843
00950B,凱基A級公司債,42,0,42,玉山-高雄,2024-11-29,8843
6757,台灣虎航,56,21,35,玉山-高雄,2024-11-29,8843
2204,中華,37,4,33,玉山-高雄,2024-11-29,8843
3231,緯創,72,40,32,玉山-高雄,2024-11-29,8843
9105,泰金寶-DR,38,8,30,玉山-高雄,2024-11-29,8843
2344,華邦電,50,21,29,玉山-高雄,2024-11-29,8843
00632R,元大台灣50反1,46,17,29,玉山-高雄,2024-11-29,8843
5880,合庫金,29,0,29,玉山-高雄,2024-11-29,8843
2303,聯電,47,19,28,玉山-高雄,2024-11-29,8843
6505,台塑化,36,9,27,玉山-高雄,2024-11-29,8843
00664R,國泰臺灣加權反1,25,0,25,玉山-高雄,2024-11-29,8843
1314,中石化,46,21,25,玉山-高雄,2024-11-29,8843
2317,鴻海,65,41,24,玉山-高雄,2024-11-29,8843
2409,友達,26,3,23,玉山-高雄,2024-11-29,8843
2330,台積電,34,11,23,玉山-高雄,2024-11-29,8843
9933,中鼎,22,0,22,玉山-高雄,2024-11-29,8843
3576,聯合再生,22,0,22,玉山-高雄,2024-11-29,8843
00713,元大台灣高息低波,22,1,21,玉山-高雄,2024-11-29,8843
1326,台化,25,5,20,玉山-高雄,2024-11-29,8843
8028,昇陽半導體,23,3,20,玉山-高雄,2024-11-29,8843
2883,凱基金,121,101,20,玉山-高雄,2024-11-29,8843
6962,ITH-KY,20,1,19,玉山-高雄,2024-11-29,8843
2887,台新金,20,1,19,玉山-高雄,2024-11-29,8843
3591,艾笛森,20,1,19,玉山-高雄,2024-11-29,8843
1536,和大,36,18,18,玉山-高雄,2024-11-29,8843
2353,宏��,26,9,17,玉山-高雄,2024-11-29,8843
2888,新光金,17,0,17,玉山-高雄,2024-11-29,8843
1531,高林股,17,0,17,玉山-高雄,2024-11-29,8843
006208,富邦台50,18,3,15,玉山-高雄,2024-11-29,8843
00915,凱基優選高股息30,26,10,16,玉山-高雄,2024-11-29,8843
1101,台泥,33,17,16,玉山-高雄,2024-11-29,8843
3003,健和興,22,6,16,玉山-高雄,2024-11-29,8843
00922,國泰台灣領袖50,17,2,15,玉山-高雄,2024-11-29,8843
2431,聯昌,15,0,15,玉山-高雄,2024-11-29,8843
2426,鼎元,23,8,15,玉山-高雄,2024-11-29,8843
0050,元大台灣50,15,1,14,玉山-高雄,2024-11-29,8843
3706,神達,356,93,263,玉山-高雄,2024-12-02,8843
00665L,富邦�琤肭磪囓�2,198,2,196,玉山-高雄,2024-12-02,8843
00953B,群益優選非投等債,198,6,192,玉山-高雄,2024-12-02,8843
00753L,中信中國50正2,177,0,177,玉山-高雄,2024-12-02,8843
00878,國泰永續高股息,150,16,134,玉山-高雄,2024-12-02,8843
00637L,元大滬深300正2,368,237,131,玉山-高雄,2024-12-02,8843
2344,華邦電,145,29,116,玉山-高雄,2024-12-02,8843
00676R,富邦臺灣加權反1,100,0,100,玉山-高雄,2024-12-02,8843
00918,大華優利高填息30,96,0,96,玉山-高雄,2024-12-02,8843
2317,鴻海,117,26,91,玉山-高雄,2024-12-02,8843
00650L,復華香港正2,98,7,91,玉山-高雄,2024-12-02,8843
3323,加百裕,190,116,74,玉山-高雄,2024-12-02,8843
00882,中信中國高股息,83,13,70,玉山-高雄,2024-12-02,8843
2603,長榮,93,25,68,玉山-高雄,2024-12-02,8843
1815,富喬,237,176,61,玉山-高雄,2024-12-02,8843
2392,正崴,79,20,59,玉山-高雄,2024-12-02,8843
8040,九暘,50,0,50,玉山-高雄,2024-12-02,8843
00713,元大台灣高息低波,51,1,50,玉山-高雄,2024-12-02,8843
2312,金寶,147,104,43,玉山-高雄,2024-12-02,8843
00639,富邦深100,41,0,41,玉山-高雄,2024-12-02,8843
00632R,元大台灣50反1,216,175,41,玉山-高雄,2024-12-02,8843
2610,華航,179,142,37,玉山-高雄,2024-12-02,8843
2615,萬海,41,7,34,玉山-高雄,2024-12-02,8843
00959B,大華投等美債15Y+,33,0,33,玉山-高雄,2024-12-02,8843
2002,中鋼,36,3,33,玉山-高雄,2024-12-02,8843
00680L,元大美債20正2,63,31,32,玉山-高雄,2024-12-02,8843
5309,系統電,68,37,31,玉山-高雄,2024-12-02,8843
1536,和大,103,72,31,玉山-高雄,2024-12-02,8843
2408,南亞科,31,2,29,玉山-高雄,2024-12-02,8843
2609,陽明,83,55,28,玉山-高雄,2024-12-02,8843
8936,國統,27,1,26,玉山-高雄,2024-12-02,8843
2337,旺宏,28,2,26,玉山-高雄,2024-12-02,8843
00915,凱基優選高股息30,24,0,24,玉山-高雄,2024-12-02,8843
00687B,國泰20年美債,146,123,23,玉山-高雄,2024-12-02,8843
2520,冠德,23,0,23,玉山-高雄,2024-12-02,8843
0056,元大高股息,31,10,21,玉山-高雄,2024-12-02,8843
1402,遠東新,25,5,20,玉山-高雄,2024-12-02,8843
4119,旭富,20,0,20,玉山-高雄,2024-12-02,8843
6278,台表科,30,10,20,玉山-高雄,2024-12-02,8843
6668,中揚光,22,2,20,玉山-高雄,2024-12-02,8843
3481,群創,28,10,18,玉山-高雄,2024-12-02,8843
1101,台泥,31,13,18,玉山-高雄,2024-12-02,8843
1802,台玻,20,2,18,玉山-高雄,2024-12-02,8843
1522,堤維西,19,1,18,玉山-高雄,2024-12-02,8843
1314,中石化,20,3,17,玉山-高雄,2024-12-02,8843
4746,台耀,17,1,16,玉山-高雄,2024-12-02,8843
8111,立��,16,0,16,玉山-高雄,2024-12-02,8843
6530,創威,16,1,15,玉山-高雄,2024-12-02,8843
3231,緯創,26,10,16,玉山-高雄,2024-12-02,8843
8042,金山電,35,20,15,玉山-高雄,2024-12-02,8843
00919,群益台灣精選高息,514,197,317,玉山-高雄,2024-12-03,8843
00953B,群益優選非投等債,240,9,231,玉山-高雄,2024-12-03,8843
00648R,元大S＆P500反1,210,0,210,玉山-高雄,2024-12-03,8843
2887,台新金,210,27,183,玉山-高雄,2024-12-03,8843
3231,緯創,211,54,157,玉山-高雄,2024-12-03,8843
00918,大華優利高填息30,141,23,118,玉山-高雄,2024-12-03,8843
00930,永豐ESG低碳高息,100,1,99,玉山-高雄,2024-12-03,8843
00878,國泰永續高股息,134,39,95,玉山-高雄,2024-12-03,8843
00715L,期街口布蘭特正2,113,23,90,玉山-高雄,2024-12-03,8843
1514,亞力,82,5,77,玉山-高雄,2024-12-03,8843
0056,元大高股息,97,24,73,玉山-高雄,2024-12-03,8843
9105,泰金寶-DR,231,173,58,玉山-高雄,2024-12-03,8843
2317,鴻海,98,41,57,玉山-高雄,2024-12-03,8843
6288,聯嘉,57,4,53,玉山-高雄,2024-12-03,8843
00915,凱基優選高股息30,58,7,51,玉山-高雄,2024-12-03,8843
00674R,期元大S＆P黃金反1,50,0,50,玉山-高雄,2024-12-03,8843
00650L,復華香港正2,96,51,45,玉山-高雄,2024-12-03,8843
2812,台中銀,42,0,42,玉山-高雄,2024-12-03,8843
00697B,元大美債7-10,41,0,41,玉山-高雄,2024-12-03,8843
00639,富邦深100,41,0,41,玉山-高雄,2024-12-03,8843
5328,華容,52,13,39,玉山-高雄,2024-12-03,8843
00655L,國泰中國A50正2,38,0,38,玉山-高雄,2024-12-03,8843
2303,聯電,54,20,34,玉山-高雄,2024-12-03,8843
6695,芯鼎,35,4,31,玉山-高雄,2024-12-03,8843
00887,永豐中國科技50大,30,0,30,玉山-高雄,2024-12-03,8843
2331,精英,30,0,30,玉山-高雄,2024-12-03,8843
00713,元大台灣高息低波,49,20,29,玉山-高雄,2024-12-03,8843
1785,光洋科,49,23,26,玉山-高雄,2024-12-03,8843
00633L,富邦上証正2,26,0,26,玉山-高雄,2024-12-03,8843
6133,金橋,28,2,26,玉山-高雄,2024-12-03,8843
2002,中鋼,38,12,26,玉山-高雄,2024-12-03,8843
00947,台新臺灣IC設計,23,1,22,玉山-高雄,2024-12-03,8843
2332,友訊,34,12,22,玉山-高雄,2024-12-03,8843
3293,鈊象,21,0,21,玉山-高雄,2024-12-03,8843
5289,宜鼎,20,0,20,玉山-高雄,2024-12-03,8843
5515,建國,20,0,20,玉山-高雄,2024-12-03,8843
2375,凱美,30,11,19,玉山-高雄,2024-12-03,8843
2349,錸德,19,1,18,玉山-高雄,2024-12-03,8843
00946,群益科技高息成長,27,10,17,玉山-高雄,2024-12-03,8843
8299,群聯,19,2,17,玉山-高雄,2024-12-03,8843
6962,ITH-KY,19,2,17,玉山-高雄,2024-12-03,8843
911868,同方友友-DR,16,0,16,玉山-高雄,2024-12-03,8843
3625,西勝,16,0,16,玉山-高雄,2024-12-03,8843
1605,華新,32,16,16,玉山-高雄,2024-12-03,8843
2344,華邦電,17,3,14,玉山-高雄,2024-12-03,8843
2504,國產,14,0,14,玉山-高雄,2024-12-03,8843
00959B,大華投等美債15Y+,15,1,14,玉山-高雄,2024-12-03,8843
4303,信立,57,43,14,玉山-高雄,2024-12-03,8843
6176,瑞儀,14,0,14,玉山-高雄,2024-12-03,8843
3450,聯鈞,66,52,14,玉山-高雄,2024-12-03,8843
2887,台新金,372,0,372,玉山-高雄,2024-12-04,8843
00918,大華優利高填息30,264,1,263,玉山-高雄,2024-12-04,8843
3706,神達,442,299,143,玉山-高雄,2024-12-04,8843
00953B,群益優選非投等債,133,0,133,玉山-高雄,2024-12-04,8843
00648R,元大S＆P500反1,110,0,110,玉山-高雄,2024-12-04,8843
00887,永豐中國科技50大,87,1,86,玉山-高雄,2024-12-04,8843
00665L,富邦�琤肭磪囓�2,64,0,64,玉山-高雄,2024-12-04,8843
6191,精成科,61,1,60,玉山-高雄,2024-12-04,8843
00753L,中信中國50正2,59,0,59,玉山-高雄,2024-12-04,8843
00907,永豐優息存股,60,4,56,玉山-高雄,2024-12-04,8843
00712,復華富時不動產,71,20,51,玉山-高雄,2024-12-04,8843
00915,凱基優選高股息30,56,7,49,玉山-高雄,2024-12-04,8843
00713,元大台灣高息低波,54,6,48,玉山-高雄,2024-12-04,8843
00945B,凱基美國非投等債,47,1,46,玉山-高雄,2024-12-04,8843
1605,華新,47,2,45,玉山-高雄,2024-12-04,8843
00922,國泰台灣領袖50,40,1,39,玉山-高雄,2024-12-04,8843
00655L,國泰中國A50正2,38,0,38,玉山-高雄,2024-12-04,8843
00919,群益台灣精選高息,172,139,33,玉山-高雄,2024-12-04,8843
00905,FT臺灣Smart,32,1,31,玉山-高雄,2024-12-04,8843
2385,群光,37,10,27,玉山-高雄,2024-12-04,8843
4128,中天,38,11,27,玉山-高雄,2024-12-04,8843
2002,中鋼,33,7,26,玉山-高雄,2024-12-04,8843
0056,元大高股息,35,10,25,玉山-高雄,2024-12-04,8843
6505,台塑化,28,4,24,玉山-高雄,2024-12-04,8843
2408,南亞科,26,3,23,玉山-高雄,2024-12-04,8843
2303,聯電,27,4,23,玉山-高雄,2024-12-04,8843
00671R,富邦NASDAQ反1,22,0,22,玉山-高雄,2024-12-04,8843
1310,台苯,23,1,22,玉山-高雄,2024-12-04,8843
3056,富華新,22,0,22,玉山-高雄,2024-12-04,8843
00935,野村臺灣新科技50,31,9,22,玉山-高雄,2024-12-04,8843
1785,光洋科,29,7,22,玉山-高雄,2024-12-04,8843
3040,遠見,27,5,22,玉山-高雄,2024-12-04,8843
2337,旺宏,58,37,21,玉山-高雄,2024-12-04,8843
2486,一詮,36,15,21,玉山-高雄,2024-12-04,8843
2419,仲琦,31,11,20,玉山-高雄,2024-12-04,8843
00923,群益台ESG低碳50,30,10,20,玉山-高雄,2024-12-04,8843
6757,台灣虎航,32,12,20,玉山-高雄,2024-12-04,8843
2027,大成鋼,20,0,20,玉山-高雄,2024-12-04,8843
5315,光聯,22,2,20,玉山-高雄,2024-12-04,8843
2061,風青,20,0,20,玉山-高雄,2024-12-04,8843
6438,迅得,20,0,20,玉山-高雄,2024-12-04,8843
3380,明泰,22,3,19,玉山-高雄,2024-12-04,8843
00650L,復華香港正2,57,39,18,玉山-高雄,2024-12-04,8843
6117,迎廣,25,8,17,玉山-高雄,2024-12-04,8843
6558,興能高,67,50,17,玉山-高雄,2024-12-04,8843
00959B,大華投等美債15Y+,17,0,17,玉山-高雄,2024-12-04,8843
6274,台燿,25,8,17,玉山-高雄,2024-12-04,8843
2834,臺企銀,19,2,17,玉山-高雄,2024-12-04,8843
4903,聯光通,28,12,16,玉山-高雄,2024-12-04,8843
00795B,中信美國公債20年,16,0,16,玉山-高雄,2024-12-04,8843
00953B,群益優選非投等債,409,0,409,玉山-高雄,2024-12-05,8843
1815,富喬,444,266,178,玉山-高雄,2024-12-05,8843
2303,聯電,158,17,141,玉山-高雄,2024-12-05,8843
00650L,復華香港正2,121,0,121,玉山-高雄,2024-12-05,8843
2477,美隆電,125,10,115,玉山-高雄,2024-12-05,8843
3481,群創,116,9,107,玉山-高雄,2024-12-05,8843
2382,廣達,116,10,106,玉山-高雄,2024-12-05,8843
00715L,期街口布蘭特正2,93,1,92,玉山-高雄,2024-12-05,8843
00918,大華優利高填息30,86,5,81,玉山-高雄,2024-12-05,8843
3163,波若威,102,30,72,玉山-高雄,2024-12-05,8843
2360,致茂,72,0,72,玉山-高雄,2024-12-05,8843
5328,華容,167,95,72,玉山-高雄,2024-12-05,8843
6127,九豪,107,41,66,玉山-高雄,2024-12-05,8843
00637L,元大滬深300正2,76,10,66,玉山-高雄,2024-12-05,8843
2344,華邦電,80,18,62,玉山-高雄,2024-12-05,8843
2204,中華,67,12,55,玉山-高雄,2024-12-05,8843
1569,濱川,57,2,55,玉山-高雄,2024-12-05,8843
9105,泰金寶-DR,145,91,54,玉山-高雄,2024-12-05,8843
3211,順達,99,51,48,玉山-高雄,2024-12-05,8843
2002,中鋼,47,2,45,玉山-高雄,2024-12-05,8843
1301,台塑,54,11,43,玉山-高雄,2024-12-05,8843
1314,中石化,44,1,43,玉山-高雄,2024-12-05,8843
00712,復華富時不動產,39,0,39,玉山-高雄,2024-12-05,8843
2337,旺宏,55,18,37,玉山-高雄,2024-12-05,8843
3625,西勝,45,8,37,玉山-高雄,2024-12-05,8843
2834,臺企銀,35,0,35,玉山-高雄,2024-12-05,8843
3450,聯鈞,57,23,34,玉山-高雄,2024-12-05,8843
00945B,凱基美國非投等債,42,10,32,玉山-高雄,2024-12-05,8843
2615,萬海,34,4,30,玉山-高雄,2024-12-05,8843
6156,松上,30,0,30,玉山-高雄,2024-12-05,8843
1802,台玻,42,15,27,玉山-高雄,2024-12-05,8843
2375,凱美,87,62,25,玉山-高雄,2024-12-05,8843
00753L,中信中國50正2,35,10,25,玉山-高雄,2024-12-05,8843
00665L,富邦�琤肭磪囓�2,464,440,24,玉山-高雄,2024-12-05,8843
5243,乙盛-KY,33,9,24,玉山-高雄,2024-12-05,8843
3376,新日興,30,6,24,玉山-高雄,2024-12-05,8843
3003,健和興,46,24,22,玉山-高雄,2024-12-05,8843
0056,元大高股息,53,31,22,玉山-高雄,2024-12-05,8843
2888,新光金,22,0,22,玉山-高雄,2024-12-05,8843
2233,宇隆,22,0,22,玉山-高雄,2024-12-05,8843
6438,迅得,23,2,21,玉山-高雄,2024-12-05,8843
6505,台塑化,37,16,21,玉山-高雄,2024-12-05,8843
1909,榮成,21,0,21,玉山-高雄,2024-12-05,8843
00922,國泰台灣領袖50,20,0,20,玉山-高雄,2024-12-05,8843
00706L,期元大S＆P日圓正2,20,0,20,玉山-高雄,2024-12-05,8843
4414,如興,20,0,20,玉山-高雄,2024-12-05,8843
6116,彩晶,20,0,20,玉山-高雄,2024-12-05,8843
3047,訊舟,25,6,19,玉山-高雄,2024-12-05,8843
2489,瑞軒,20,1,19,玉山-高雄,2024-12-05,8843
8089,康全電訊,20,1,19,玉山-高雄,2024-12-05,8843
00953B,群益優選非投等債,232,0,232,玉山-高雄,2024-12-06,8843
2337,旺宏,263,42,221,玉山-高雄,2024-12-06,8843
6530,創威,165,0,165,玉山-高雄,2024-12-06,8843
00919,群益台灣精選高息,194,46,148,玉山-高雄,2024-12-06,8843
1464,得力,148,2,146,玉山-高雄,2024-12-06,8843
00715L,期街口布蘭特正2,140,17,123,玉山-高雄,2024-12-06,8843
00918,大華優利高填息30,123,4,119,玉山-高雄,2024-12-06,8843
2354,鴻準,472,362,110,玉山-高雄,2024-12-06,8843
00878,國泰永續高股息,127,29,98,玉山-高雄,2024-12-06,8843
1569,濱川,87,1,86,玉山-高雄,2024-12-06,8843
4919,新唐,94,28,66,玉山-高雄,2024-12-06,8843
3625,西勝,72,10,62,玉山-高雄,2024-12-06,8843
1815,富喬,182,125,57,玉山-高雄,2024-12-06,8843
4977,眾達-KY,88,36,52,玉山-高雄,2024-12-06,8843
00962,台新AI優息動能,51,0,51,玉山-高雄,2024-12-06,8843
2449,京元電子,54,10,44,玉山-高雄,2024-12-06,8843
2486,一詮,45,3,42,玉山-高雄,2024-12-06,8843
00915,凱基優選高股息30,41,0,41,玉山-高雄,2024-12-06,8843
1605,華新,61,20,41,玉山-高雄,2024-12-06,8843
0056,元大高股息,60,20,40,玉山-高雄,2024-12-06,8843
6156,松上,40,0,40,玉山-高雄,2024-12-06,8843
9105,泰金寶-DR,78,40,38,玉山-高雄,2024-12-06,8843
2603,長榮,56,23,33,玉山-高雄,2024-12-06,8843
00909,國泰數位支付服務,33,1,32,玉山-高雄,2024-12-06,8843
3450,聯鈞,52,20,32,玉山-高雄,2024-12-06,8843
6548,長科*,31,0,31,玉山-高雄,2024-12-06,8843
2888,新光金,34,4,30,玉山-高雄,2024-12-06,8843
2312,金寶,91,61,30,玉山-高雄,2024-12-06,8843
5309,系統電,58,28,30,玉山-高雄,2024-12-06,8843
2303,聯電,49,20,29,玉山-高雄,2024-12-06,8843
3047,訊舟,24,0,24,玉山-高雄,2024-12-06,8843
2405,輔信,34,11,23,玉山-高雄,2024-12-06,8843
00680L,元大美債20正2,43,20,23,玉山-高雄,2024-12-06,8843
00947,台新臺灣IC設計,21,0,21,玉山-高雄,2024-12-06,8843
2609,陽明,110,89,21,玉山-高雄,2024-12-06,8843
2454,聯發科,24,4,20,玉山-高雄,2024-12-06,8843
1309,台達化,20,0,20,玉山-高雄,2024-12-06,8843
3501,維熹,18,0,18,玉山-高雄,2024-12-06,8843
1909,榮成,20,2,18,玉山-高雄,2024-12-06,8843
4743,合一,19,1,18,玉山-高雄,2024-12-06,8843
3167,大量,19,2,17,玉山-高雄,2024-12-06,8843
1312,國喬,17,0,17,玉山-高雄,2024-12-06,8843
3037,欣興,22,6,16,玉山-高雄,2024-12-06,8843
3522,御嵿,17,1,16,玉山-高雄,2024-12-06,8843
6558,興能高,71,56,15,玉山-高雄,2024-12-06,8843
2465,麗臺,15,0,15,玉山-高雄,2024-12-06,8843
2208,台船,14,0,14,玉山-高雄,2024-12-06,8843
00941,中信上游半導體,14,0,14,玉山-高雄,2024-12-06,8843
8028,昇陽半導體,38,25,13,玉山-高雄,2024-12-06,8843
6188,廣明,28,15,13,玉山-高雄,2024-12-06,8843
0056,元大高股息,273,4,269,玉山-高雄,2024-12-09,8843
00953B,群益優選非投等債,229,10,219,玉山-高雄,2024-12-09,8843
3576,聯合再生,127,0,127,玉山-高雄,2024-12-09,8843
00919,群益台灣精選高息,179,76,103,玉山-高雄,2024-12-09,8843
8111,立��,112,9,103,玉山-高雄,2024-12-09,8843
00648R,元大S＆P500反1,100,0,100,玉山-高雄,2024-12-09,8843
2354,鴻準,242,175,67,玉山-高雄,2024-12-09,8843
4919,新唐,111,45,66,玉山-高雄,2024-12-09,8843
3211,順達,93,31,62,玉山-高雄,2024-12-09,8843
00715L,期街口布蘭特正2,62,0,62,玉山-高雄,2024-12-09,8843
2344,華邦電,59,1,58,玉山-高雄,2024-12-09,8843
9105,泰金寶-DR,66,8,58,玉山-高雄,2024-12-09,8843
2317,鴻海,76,20,56,玉山-高雄,2024-12-09,8843
1569,濱川,55,0,55,玉山-高雄,2024-12-09,8843
3481,群創,58,7,51,玉山-高雄,2024-12-09,8843
2527,宏璟,46,0,46,玉山-高雄,2024-12-09,8843
5871,中租-KY,63,19,44,玉山-高雄,2024-12-09,8843
2399,映泰,80,37,43,玉山-高雄,2024-12-09,8843
4956,光鋐,45,2,43,玉山-高雄,2024-12-09,8843
2449,京元電子,48,5,43,玉山-高雄,2024-12-09,8843
00665L,富邦�琤肭磪囓�2,43,2,41,玉山-高雄,2024-12-09,8843
1909,榮成,40,0,40,玉山-高雄,2024-12-09,8843
2855,統一證,36,0,36,玉山-高雄,2024-12-09,8843
00915,凱基優選高股息30,38,3,35,玉山-高雄,2024-12-09,8843
8936,國統,32,0,32,玉山-高雄,2024-12-09,8843
00753L,中信中國50正2,35,3,32,玉山-高雄,2024-12-09,8843
00967B,元大優息美債,30,0,30,玉山-高雄,2024-12-09,8843
00878,國泰永續高股息,49,19,30,玉山-高雄,2024-12-09,8843
00787B,元大10年IG醫療債,28,0,28,玉山-高雄,2024-12-09,8843
2468,華經,31,3,28,玉山-高雄,2024-12-09,8843
2355,敬鵬,35,7,28,玉山-高雄,2024-12-09,8843
2313,華通,43,20,23,玉山-高雄,2024-12-09,8843
8240,華宏,27,4,23,玉山-高雄,2024-12-09,8843
8104,錸寶,22,0,22,玉山-高雄,2024-12-09,8843
3706,神達,220,199,21,玉山-高雄,2024-12-09,8843
2371,大同,22,1,21,玉山-高雄,2024-12-09,8843
00918,大華優利高填息30,127,106,21,玉山-高雄,2024-12-09,8843
3231,緯創,34,14,20,玉山-高雄,2024-12-09,8843
00930,永豐ESG低碳高息,22,2,20,玉山-高雄,2024-12-09,8843
2436,偉詮電,33,13,20,玉山-高雄,2024-12-09,8843
6156,松上,21,1,20,玉山-高雄,2024-12-09,8843
00951,台新日本半導體,17,0,17,玉山-高雄,2024-12-09,8843
6770,力積電,16,0,16,玉山-高雄,2024-12-09,8843
6443,元晶,16,0,16,玉山-高雄,2024-12-09,8843
2426,鼎元,16,0,16,玉山-高雄,2024-12-09,8843
6190,萬泰科,16,0,16,玉山-高雄,2024-12-09,8843
00922,國泰台灣領袖50,17,1,16,玉山-高雄,2024-12-09,8843
1708,東鹼,17,2,15,玉山-高雄,2024-12-09,8843
1460,宏遠,15,0,15,玉山-高雄,2024-12-09,8843
6153,嘉聯益,23,8,15,玉山-高雄,2024-12-09,8843
00918,大華優利高填息30,226,4,222,玉山-高雄,2024-12-10,8843
3706,神達,527,306,221,玉山-高雄,2024-12-10,8843
0056,元大高股息,165,10,155,玉山-高雄,2024-12-10,8843
00953B,群益優選非投等債,147,3,144,玉山-高雄,2024-12-10,8843
2317,鴻海,172,46,126,玉山-高雄,2024-12-10,8843
2609,陽明,301,186,115,玉山-高雄,2024-12-10,8843
00945B,凱基美國非投等債,82,0,82,玉山-高雄,2024-12-10,8843
00919,群益台灣精選高息,118,51,67,玉山-高雄,2024-12-10,8843
2883,凱基金,154,88,66,玉山-高雄,2024-12-10,8843
9105,泰金寶-DR,160,99,61,玉山-高雄,2024-12-10,8843
00965,元大航太防衛科技,60,0,60,玉山-高雄,2024-12-10,8843
1101,台泥,64,7,57,玉山-高雄,2024-12-10,8843
2618,長榮航,73,20,53,玉山-高雄,2024-12-10,8843
00674R,期元大S＆P黃金反1,50,0,50,玉山-高雄,2024-12-10,8843
2344,華邦電,78,29,49,玉山-高雄,2024-12-10,8843
00915,凱基優選高股息30,49,2,47,玉山-高雄,2024-12-10,8843
00713,元大台灣高息低波,48,1,47,玉山-高雄,2024-12-10,8843
8111,立��,83,37,46,玉山-高雄,2024-12-10,8843
8936,國統,46,2,44,玉山-高雄,2024-12-10,8843
3535,晶彩科,77,34,43,玉山-高雄,2024-12-10,8843
2354,鴻準,98,55,43,玉山-高雄,2024-12-10,8843
1909,榮成,40,0,40,玉山-高雄,2024-12-10,8843
2514,龍邦,38,0,38,玉山-高雄,2024-12-10,8843
2449,京元電子,42,4,38,玉山-高雄,2024-12-10,8843
00679B,元大美債20年,52,15,37,玉山-高雄,2024-12-10,8843
2399,映泰,66,31,35,玉山-高雄,2024-12-10,8843
1449,佳和,33,0,33,玉山-高雄,2024-12-10,8843
6877,鏵友益,33,0,33,玉山-高雄,2024-12-10,8843
2303,聯電,42,9,33,玉山-高雄,2024-12-10,8843
3019,亞光,41,8,33,玉山-高雄,2024-12-10,8843
5356,協益,29,0,29,玉山-高雄,2024-12-10,8843
4956,光鋐,29,1,28,玉山-高雄,2024-12-10,8843
2385,群光,31,7,24,玉山-高雄,2024-12-10,8843
2069,運錩,24,0,24,玉山-高雄,2024-12-10,8843
2427,三商電,27,3,24,玉山-高雄,2024-12-10,8843
2353,宏��,26,3,23,玉山-高雄,2024-12-10,8843
00909,國泰數位支付服務,23,1,22,玉山-高雄,2024-12-10,8843
2615,萬海,50,29,21,玉山-高雄,2024-12-10,8843
00967B,元大優息美債,20,0,20,玉山-高雄,2024-12-10,8843
4743,合一,19,0,19,玉山-高雄,2024-12-10,8843
1815,富喬,243,225,18,玉山-高雄,2024-12-10,8843
00715L,期街口布蘭特正2,41,23,18,玉山-高雄,2024-12-10,8843
4977,眾達-KY,49,33,16,玉山-高雄,2024-12-10,8843
00922,國泰台灣領袖50,16,1,15,玉山-高雄,2024-12-10,8843
2312,金寶,35,20,15,玉山-高雄,2024-12-10,8843
00926,凱基全球菁英55,15,0,15,玉山-高雄,2024-12-10,8843
00669R,國泰美國道瓊反1,15,0,15,玉山-高雄,2024-12-10,8843
00706L,期元大S＆P日圓正2,50,35,15,玉山-高雄,2024-12-10,8843
5439,高技,21,6,15,玉山-高雄,2024-12-10,8843
00639,富邦深100,15,0,15,玉山-高雄,2024-12-10,8843
2609,陽明,494,117,377,玉山-高雄,2024-12-11,8843
00919,群益台灣精選高息,308,36,272,玉山-高雄,2024-12-11,8843
00918,大華優利高填息30,204,10,194,玉山-高雄,2024-12-11,8843
00650L,復華香港正2,235,41,194,玉山-高雄,2024-12-11,8843
00637L,元大滬深300正2,175,0,175,玉山-高雄,2024-12-11,8843
0056,元大高股息,103,2,101,玉山-高雄,2024-12-11,8843
00878,國泰永續高股息,139,41,98,玉山-高雄,2024-12-11,8843
00915,凱基優選高股息30,85,2,83,玉山-高雄,2024-12-11,8843
2317,鴻海,131,51,80,玉山-高雄,2024-12-11,8843
2382,廣達,75,3,72,玉山-高雄,2024-12-11,8843
2303,聯電,93,26,67,玉山-高雄,2024-12-11,8843
3056,富華新,56,0,56,玉山-高雄,2024-12-11,8843
00940,元大台灣價值高息,58,7,51,玉山-高雄,2024-12-11,8843
00674R,期元大S＆P黃金反1,50,0,50,玉山-高雄,2024-12-11,8843
2344,華邦電,72,25,47,玉山-高雄,2024-12-11,8843
2002,中鋼,60,14,46,玉山-高雄,2024-12-11,8843
00665L,富邦�琤肭磪囓�2,57,11,46,玉山-高雄,2024-12-11,8843
3594,磐儀,51,5,46,玉山-高雄,2024-12-11,8843
1609,大亞,50,4,46,玉山-高雄,2024-12-11,8843
2615,萬海,50,6,44,玉山-高雄,2024-12-11,8843
6770,力積電,51,11,40,玉山-高雄,2024-12-11,8843
4931,新盛力,42,3,39,玉山-高雄,2024-12-11,8843
00946,群益科技高息成長,37,0,37,玉山-高雄,2024-12-11,8843
5907,大洋-KY,30,0,30,玉山-高雄,2024-12-11,8843
2330,台積電,33,4,29,玉山-高雄,2024-12-11,8843
2891,中信金,31,3,28,玉山-高雄,2024-12-11,8843
00713,元大台灣高息低波,43,16,27,玉山-高雄,2024-12-11,8843
3234,光環,28,2,26,玉山-高雄,2024-12-11,8843
2408,南亞科,40,14,26,玉山-高雄,2024-12-11,8843
00887,永豐中國科技50大,26,0,26,玉山-高雄,2024-12-11,8843
3605,宏致,26,0,26,玉山-高雄,2024-12-11,8843
1301,台塑,30,4,26,玉山-高雄,2024-12-11,8843
2324,仁寶,28,3,25,玉山-高雄,2024-12-11,8843
00922,國泰台灣領袖50,29,5,24,玉山-高雄,2024-12-11,8843
2610,華航,42,18,24,玉山-高雄,2024-12-11,8843
6488,環球晶,26,3,23,玉山-高雄,2024-12-11,8843
1815,富喬,187,164,23,玉山-高雄,2024-12-11,8843
3522,御嵿,23,0,23,玉山-高雄,2024-12-11,8843
1605,華新,28,6,22,玉山-高雄,2024-12-11,8843
2316,楠梓電,24,2,22,玉山-高雄,2024-12-11,8843
3231,緯創,34,12,22,玉山-高雄,2024-12-11,8843
4977,眾達-KY,59,38,21,玉山-高雄,2024-12-11,8843
3576,聯合再生,22,1,21,玉山-高雄,2024-12-11,8843
00953B,群益優選非投等債,22,1,21,玉山-高雄,2024-12-11,8843
6116,彩晶,20,0,20,玉山-高雄,2024-12-11,8843
00882,中信中國高股息,19,0,19,玉山-高雄,2024-12-11,8843
5525,順天,18,0,18,玉山-高雄,2024-12-11,8843
006208,富邦台50,22,5,17,玉山-高雄,2024-12-11,8843
2312,金寶,92,75,17,玉山-高雄,2024-12-11,8843
6757,台灣虎航,16,0,16,玉山-高雄,2024-12-11,8843
3029,零壹,348,39,309,玉山-高雄,2024-12-12,8843
00918,大華優利高填息30,153,0,153,玉山-高雄,2024-12-12,8843
4977,眾達-KY,182,56,126,玉山-高雄,2024-12-12,8843
00679B,元大美債20年,113,1,112,玉山-高雄,2024-12-12,8843
00687B,國泰20年美債,103,0,103,玉山-高雄,2024-12-12,8843
00648R,元大S＆P500反1,100,0,100,玉山-高雄,2024-12-12,8843
3231,緯創,111,11,100,玉山-高雄,2024-12-12,8843
1301,台塑,125,30,95,玉山-高雄,2024-12-12,8843
2317,鴻海,159,67,92,玉山-高雄,2024-12-12,8843
5443,均豪,82,0,82,玉山-高雄,2024-12-12,8843
00915,凱基優選高股息30,82,0,82,玉山-高雄,2024-12-12,8843
00919,群益台灣精選高息,87,9,78,玉山-高雄,2024-12-12,8843
2002,中鋼,90,14,76,玉山-高雄,2024-12-12,8843
1303,南亞,80,9,71,玉山-高雄,2024-12-12,8843
00706L,期元大S＆P日圓正2,70,0,70,玉山-高雄,2024-12-12,8843
00937B,群益ESG投等債20,69,0,69,玉山-高雄,2024-12-12,8843
00680L,元大美債20正2,66,1,65,玉山-高雄,2024-12-12,8843
00924,復華S＆P500成長,62,2,60,玉山-高雄,2024-12-12,8843
6877,鏵友益,90,39,51,玉山-高雄,2024-12-12,8843
00674R,期元大S＆P黃金反1,51,0,51,玉山-高雄,2024-12-12,8843
3041,揚智,79,29,50,玉山-高雄,2024-12-12,8843
00946,群益科技高息成長,59,11,48,玉山-高雄,2024-12-12,8843
8040,九暘,54,8,46,玉山-高雄,2024-12-12,8843
00673R,期元大S＆P原油反1,42,0,42,玉山-高雄,2024-12-12,8843
1815,富喬,96,55,41,玉山-高雄,2024-12-12,8843
5871,中租-KY,40,5,35,玉山-高雄,2024-12-12,8843
6191,精成科,35,1,34,玉山-高雄,2024-12-12,8843
2371,大同,38,6,32,玉山-高雄,2024-12-12,8843
00637L,元大滬深300正2,73,42,31,玉山-高雄,2024-12-12,8843
00911,兆豐洲際半導體,26,0,26,玉山-高雄,2024-12-12,8843
6596,寬宏藝術,30,4,26,玉山-高雄,2024-12-12,8843
00953B,群益優選非投等債,26,0,26,玉山-高雄,2024-12-12,8843
2392,正崴,42,18,24,玉山-高雄,2024-12-12,8843
8936,國統,24,0,24,玉山-高雄,2024-12-12,8843
1326,台化,27,4,23,玉山-高雄,2024-12-12,8843
2851,中再保,23,0,23,玉山-高雄,2024-12-12,8843
00713,元大台灣高息低波,26,4,22,玉山-高雄,2024-12-12,8843
00688L,國泰20年美債正2,23,1,22,玉山-高雄,2024-12-12,8843
3056,富華新,25,3,22,玉山-高雄,2024-12-12,8843
3019,亞光,80,59,21,玉山-高雄,2024-12-12,8843
2312,金寶,51,30,21,玉山-高雄,2024-12-12,8843
6770,力積電,29,8,21,玉山-高雄,2024-12-12,8843
2344,華邦電,100,80,20,玉山-高雄,2024-12-12,8843
6156,松上,20,0,20,玉山-高雄,2024-12-12,8843
1101,台泥,30,13,17,玉山-高雄,2024-12-12,8843
8070,長華*,19,2,17,玉山-高雄,2024-12-12,8843
00945B,凱基美國非投等債,17,0,17,玉山-高雄,2024-12-12,8843
1524,耿鼎,164,148,16,玉山-高雄,2024-12-12,8843
6505,台塑化,21,5,16,玉山-高雄,2024-12-12,8843
0056,元大高股息,27,11,16,玉山-高雄,2024-12-12,8843
00665L,富邦�琤肭磪囓�2,782,0,782,玉山-高雄,2024-12-13,8843
00637L,元大滬深300正2,450,26,424,玉山-高雄,2024-12-13,8843
00919,群益台灣精選高息,299,12,287,玉山-高雄,2024-12-13,8843
00650L,復華香港正2,271,5,266,玉山-高雄,2024-12-13,8843
00918,大華優利高填息30,236,0,236,玉山-高雄,2024-12-13,8843
00878,國泰永續高股息,178,24,154,玉山-高雄,2024-12-13,8843
1569,濱川,140,12,128,玉山-高雄,2024-12-13,8843
3231,緯創,133,23,110,玉山-高雄,2024-12-13,8843
0056,元大高股息,109,6,103,玉山-高雄,2024-12-13,8843
2371,大同,137,35,102,玉山-高雄,2024-12-13,8843
00915,凱基優選高股息30,96,0,96,玉山-高雄,2024-12-13,8843
3481,群創,109,22,87,玉山-高雄,2024-12-13,8843
2609,陽明,293,208,85,玉山-高雄,2024-12-13,8843
2303,聯電,143,65,78,玉山-高雄,2024-12-13,8843
00937B,群益ESG投等債20,135,58,77,玉山-高雄,2024-12-13,8843
3706,神達,175,101,74,玉山-高雄,2024-12-13,8843
2344,華邦電,92,21,71,玉山-高雄,2024-12-13,8843
2356,英業達,87,17,70,玉山-高雄,2024-12-13,8843
4977,眾達-KY,124,56,68,玉山-高雄,2024-12-13,8843
00679B,元大美債20年,89,23,66,玉山-高雄,2024-12-13,8843
00655L,國泰中國A50正2,58,0,58,玉山-高雄,2024-12-13,8843
2002,中鋼,58,7,51,玉山-高雄,2024-12-13,8843
1409,新纖,50,0,50,玉山-高雄,2024-12-13,8843
00680L,元大美債20正2,48,0,48,玉山-高雄,2024-12-13,8843
2887,台新金,51,4,47,玉山-高雄,2024-12-13,8843
2328,廣宇,54,11,43,玉山-高雄,2024-12-13,8843
1909,榮成,42,0,42,玉山-高雄,2024-12-13,8843
6596,寬宏藝術,40,0,40,玉山-高雄,2024-12-13,8843
00945B,凱基美國非投等債,38,0,38,玉山-高雄,2024-12-13,8843
00882,中信中國高股息,61,25,36,玉山-高雄,2024-12-13,8843
00713,元大台灣高息低波,36,0,36,玉山-高雄,2024-12-13,8843
1312,國喬,37,3,34,玉山-高雄,2024-12-13,8843
6285,啟��,33,0,33,玉山-高雄,2024-12-13,8843
00932,兆豐永續高息等權,32,0,32,玉山-高雄,2024-12-13,8843
1101,台泥,53,23,30,玉山-高雄,2024-12-13,8843
9907,統一實,30,0,30,玉山-高雄,2024-12-13,8843
2486,一詮,31,2,29,玉山-高雄,2024-12-13,8843
2527,宏璟,28,0,28,玉山-高雄,2024-12-13,8843
2354,鴻準,83,55,28,玉山-高雄,2024-12-13,8843
1301,台塑,40,12,28,玉山-高雄,2024-12-13,8843
2641,正德,27,0,27,玉山-高雄,2024-12-13,8843
8040,九暘,26,0,26,玉山-高雄,2024-12-13,8843
3056,富華新,27,2,25,玉山-高雄,2024-12-13,8843
5439,高技,52,27,25,玉山-高雄,2024-12-13,8843
00957B,兆豐US優選投等債,25,0,25,玉山-高雄,2024-12-13,8843
2408,南亞科,28,3,25,玉山-高雄,2024-12-13,8843
1309,台達化,34,10,24,玉山-高雄,2024-12-13,8843
00662,富邦NASDAQ,23,0,23,玉山-高雄,2024-12-13,8843
6213,聯茂,24,1,23,玉山-高雄,2024-12-13,8843
2353,宏��,50,28,22,玉山-高雄,2024-12-13,8843
00937B,群益ESG投等債20,513,4,509,玉山-高雄,2024-12-16,8843
0056,元大高股息,224,16,208,玉山-高雄,2024-12-16,8843
00687B,國泰20年美債,191,17,174,玉山-高雄,2024-12-16,8843
00918,大華優利高填息30,186,27,159,玉山-高雄,2024-12-16,8843
00919,群益台灣精選高息,203,78,125,玉山-高雄,2024-12-16,8843
2344,華邦電,180,57,123,玉山-高雄,2024-12-16,8843
2002,中鋼,149,35,114,玉山-高雄,2024-12-16,8843
00673R,期元大S＆P原油反1,107,10,97,玉山-高雄,2024-12-16,8843
1802,台玻,95,0,95,玉山-高雄,2024-12-16,8843
00679B,元大美債20年,102,19,83,玉山-高雄,2024-12-16,8843
00915,凱基優選高股息30,91,15,76,玉山-高雄,2024-12-16,8843
2514,龍邦,74,0,74,玉山-高雄,2024-12-16,8843
00933B,國泰10Y+金融債,81,10,71,玉山-高雄,2024-12-16,8843
00878,國泰永續高股息,163,100,63,玉山-高雄,2024-12-16,8843
3447,展達,60,0,60,玉山-高雄,2024-12-16,8843
00945B,凱基美國非投等債,60,0,60,玉山-高雄,2024-12-16,8843
00710B,復華彭博非投等債,51,0,51,玉山-高雄,2024-12-16,8843
2603,長榮,59,12,47,玉山-高雄,2024-12-16,8843
2382,廣達,55,8,47,玉山-高雄,2024-12-16,8843
00946,群益科技高息成長,67,20,47,玉山-高雄,2024-12-16,8843
2317,鴻海,108,61,47,玉山-高雄,2024-12-16,8843
00887,永豐中國科技50大,60,15,45,玉山-高雄,2024-12-16,8843
4540,全球傳動,79,35,44,玉山-高雄,2024-12-16,8843
00637L,元大滬深300正2,58,15,43,玉山-高雄,2024-12-16,8843
3047,訊舟,45,3,42,玉山-高雄,2024-12-16,8843
2618,長榮航,59,22,37,玉山-高雄,2024-12-16,8843
1301,台塑,65,28,37,玉山-高雄,2024-12-16,8843
2609,陽明,178,142,36,玉山-高雄,2024-12-16,8843
6488,環球晶,36,0,36,玉山-高雄,2024-12-16,8843
2486,一詮,36,1,35,玉山-高雄,2024-12-16,8843
5439,高技,54,22,32,玉山-高雄,2024-12-16,8843
2884,玉山金,48,18,30,玉山-高雄,2024-12-16,8843
00706L,期元大S＆P日圓正2,33,4,29,玉山-高雄,2024-12-16,8843
3231,緯創,54,25,29,玉山-高雄,2024-12-16,8843
2027,大成鋼,35,7,28,玉山-高雄,2024-12-16,8843
2201,裕隆,29,1,28,玉山-高雄,2024-12-16,8843
3702A,大聯大甲特,27,0,27,玉山-高雄,2024-12-16,8843
2355,敬鵬,33,7,26,玉山-高雄,2024-12-16,8843
2354,鴻準,64,40,24,玉山-高雄,2024-12-16,8843
6558,興能高,56,33,23,玉山-高雄,2024-12-16,8843
1101,台泥,27,5,22,玉山-高雄,2024-12-16,8843
00650L,復華香港正2,25,3,22,玉山-高雄,2024-12-16,8843
4510,高鋒,29,8,21,玉山-高雄,2024-12-16,8843
2637,慧洋-KY,23,2,21,玉山-高雄,2024-12-16,8843
9945,潤泰新,22,2,20,玉山-高雄,2024-12-16,8843
9907,統一實,20,0,20,玉山-高雄,2024-12-16,8843
1569,濱川,34,15,19,玉山-高雄,2024-12-16,8843
2540,愛山林,20,1,19,玉山-高雄,2024-12-16,8843
2474,可成,35,17,18,玉山-高雄,2024-12-16,8843
1314,中石化,49,31,18,玉山-高雄,2024-12-16,8843
00725B,國泰投資級公司債,533,1,532,玉山-高雄,2024-12-17,8843
00918,大華優利高填息30,394,13,381,玉山-高雄,2024-12-17,8843
00915,凱基優選高股息30,221,8,213,玉山-高雄,2024-12-17,8843
2514,龍邦,128,0,128,玉山-高雄,2024-12-17,8843
00650L,復華香港正2,130,6,124,玉山-高雄,2024-12-17,8843
00948B,中信優息投資級債,112,0,112,玉山-高雄,2024-12-17,8843
2834,臺企銀,149,38,111,玉山-高雄,2024-12-17,8843
00933B,國泰10Y+金融債,102,1,101,玉山-高雄,2024-12-17,8843
0056,元大高股息,123,23,100,玉山-高雄,2024-12-17,8843
00937B,群益ESG投等債20,115,20,95,玉山-高雄,2024-12-17,8843
00687B,國泰20年美債,137,46,91,玉山-高雄,2024-12-17,8843
1536,和大,95,10,85,玉山-高雄,2024-12-17,8843
00713,元大台灣高息低波,88,10,78,玉山-高雄,2024-12-17,8843
2317,鴻海,81,11,70,玉山-高雄,2024-12-17,8843
2312,金寶,99,35,64,玉山-高雄,2024-12-17,8843
00878,國泰永續高股息,84,26,58,玉山-高雄,2024-12-17,8843
1446,宏和,55,0,55,玉山-高雄,2024-12-17,8843
2618,長榮航,136,82,54,玉山-高雄,2024-12-17,8843
2867,三商壽,54,0,54,玉山-高雄,2024-12-17,8843
4908,前鼎,54,1,53,玉山-高雄,2024-12-17,8843
2880,華南金,53,2,51,玉山-高雄,2024-12-17,8843
2892,第一金,44,0,44,玉山-高雄,2024-12-17,8843
2002,中鋼,51,9,42,玉山-高雄,2024-12-17,8843
3481,群創,60,24,36,玉山-高雄,2024-12-17,8843
00665L,富邦�琤肭磪囓�2,45,10,35,玉山-高雄,2024-12-17,8843
00795B,中信美國公債20年,34,0,34,玉山-高雄,2024-12-17,8843
5880,合庫金,36,3,33,玉山-高雄,2024-12-17,8843
9945,潤泰新,38,8,30,玉山-高雄,2024-12-17,8843
1301,台塑,52,22,30,玉山-高雄,2024-12-17,8843
8032,光菱,41,13,28,玉山-高雄,2024-12-17,8843
6531,愛普*,40,12,28,玉山-高雄,2024-12-17,8843
2374,佳能,136,109,27,玉山-高雄,2024-12-17,8843
00959B,大華投等美債15Y+,26,0,26,玉山-高雄,2024-12-17,8843
1409,新纖,26,0,26,玉山-高雄,2024-12-17,8843
00951,台新日本半導體,25,0,25,玉山-高雄,2024-12-17,8843
00679B,元大美債20年,32,8,24,玉山-高雄,2024-12-17,8843
5871,中租-KY,26,2,24,玉山-高雄,2024-12-17,8843
3059,華晶科,26,2,24,玉山-高雄,2024-12-17,8843
1314,中石化,28,6,22,玉山-高雄,2024-12-17,8843
00632R,元大台灣50反1,28,6,22,玉山-高雄,2024-12-17,8843
4938,和碩,21,0,21,玉山-高雄,2024-12-17,8843
3078,僑威,21,0,21,玉山-高雄,2024-12-17,8843
2352,佳世達,21,0,21,玉山-高雄,2024-12-17,8843
00931B,統一美債20年,19,0,19,玉山-高雄,2024-12-17,8843
2363,矽統,58,39,19,玉山-高雄,2024-12-17,8843
2609,陽明,76,58,18,玉山-高雄,2024-12-17,8843
6005,群益證,215,197,18,玉山-高雄,2024-12-17,8843
2382,廣達,23,6,17,玉山-高雄,2024-12-17,8843
00900,富邦特選高股息30,17,0,17,玉山-高雄,2024-12-17,8843
2882,國泰金,18,1,17,玉山-高雄,2024-12-17,8843
00918,大華優利高填息30,554,3,551,玉山-高雄,2024-12-18,8843
6005,群益證,551,423,128,玉山-高雄,2024-12-18,8843
2886,兆豐金,108,4,104,玉山-高雄,2024-12-18,8843
00687B,國泰20年美債,128,49,79,玉山-高雄,2024-12-18,8843
2002,中鋼,83,11,72,玉山-高雄,2024-12-18,8843
2884,玉山金,72,6,66,玉山-高雄,2024-12-18,8843
3706,神達,260,196,64,玉山-高雄,2024-12-18,8843
00712,復華富時不動產,105,44,61,玉山-高雄,2024-12-18,8843
2303,聯電,124,68,56,玉山-高雄,2024-12-18,8843
2354,鴻準,65,12,53,玉山-高雄,2024-12-18,8843
00900,富邦特選高股息30,60,10,50,玉山-高雄,2024-12-18,8843
0056,元大高股息,68,24,44,玉山-高雄,2024-12-18,8843
2344,華邦電,90,49,41,玉山-高雄,2024-12-18,8843
5905,南仁湖,37,2,35,玉山-高雄,2024-12-18,8843
2834,臺企銀,35,1,34,玉山-高雄,2024-12-18,8843
6285,啟��,39,5,34,玉山-高雄,2024-12-18,8843
1605,華新,47,15,32,玉山-高雄,2024-12-18,8843
2514,龍邦,30,0,30,玉山-高雄,2024-12-18,8843
00713,元大台灣高息低波,33,4,29,玉山-高雄,2024-12-18,8843
2317,鴻海,72,46,26,玉山-高雄,2024-12-18,8843
2609,陽明,40,15,25,玉山-高雄,2024-12-18,8843
5871,中租-KY,23,1,22,玉山-高雄,2024-12-18,8843
6505,台塑化,28,6,22,玉山-高雄,2024-12-18,8843
3078,僑威,25,4,21,玉山-高雄,2024-12-18,8843
5356,協益,65,44,21,玉山-高雄,2024-12-18,8843
00671R,富邦NASDAQ反1,20,0,20,玉山-高雄,2024-12-18,8843
00953B,群益優選非投等債,19,0,19,玉山-高雄,2024-12-18,8843
2312,金寶,69,50,19,玉山-高雄,2024-12-18,8843
1314,中石化,22,3,19,玉山-高雄,2024-12-18,8843
3231,緯創,22,4,18,玉山-高雄,2024-12-18,8843
3017,奇鋐,21,3,18,玉山-高雄,2024-12-18,8843
00946,群益科技高息成長,49,32,17,玉山-高雄,2024-12-18,8843
2201,裕隆,17,0,17,玉山-高雄,2024-12-18,8843
6596,寬宏藝術,17,0,17,玉山-高雄,2024-12-18,8843
3481,群創,20,3,17,玉山-高雄,2024-12-18,8843
2382,廣達,19,2,17,玉山-高雄,2024-12-18,8843
3090,日電貿,18,2,16,玉山-高雄,2024-12-18,8843
8070,長華*,17,1,16,玉山-高雄,2024-12-18,8843
00706L,期元大S＆P日圓正2,16,0,16,玉山-高雄,2024-12-18,8843
2355,敬鵬,21,5,16,玉山-高雄,2024-12-18,8843
00937B,群益ESG投等債20,40,25,15,玉山-高雄,2024-12-18,8843
2537,聯上發,15,0,15,玉山-高雄,2024-12-18,8843
2641,正德,15,0,15,玉山-高雄,2024-12-18,8843
2365,昆盈,27,13,14,玉山-高雄,2024-12-18,8843
00915,凱基優選高股息30,33,18,15,玉山-高雄,2024-12-18,8843
3013,晟銘電,23,10,13,玉山-高雄,2024-12-18,8843
5880,合庫金,13,0,13,玉山-高雄,2024-12-18,8843
2324,仁寶,13,0,13,玉山-高雄,2024-12-18,8843
2408,南亞科,33,21,12,玉山-高雄,2024-12-18,8843
2104,國際中橡,15,2,13,玉山-高雄,2024-12-18,8843
00918,大華優利高填息30,501,58,443,玉山-高雄,2024-12-19,8843
00680L,元大美債20正2,313,16,297,玉山-高雄,2024-12-19,8843
00725B,國泰投資級公司債,288,0,288,玉山-高雄,2024-12-19,8843
2609,陽明,248,22,226,玉山-高雄,2024-12-19,8843
00688L,國泰20年美債正2,233,30,203,玉山-高雄,2024-12-19,8843
00687B,國泰20年美債,233,54,179,玉山-高雄,2024-12-19,8843
00679B,元大美債20年,175,19,156,玉山-高雄,2024-12-19,8843
00712,復華富時不動產,148,0,148,玉山-高雄,2024-12-19,8843
2884,玉山金,161,14,147,玉山-高雄,2024-12-19,8843
2303,聯電,171,24,147,玉山-高雄,2024-12-19,8843
2618,長榮航,151,15,136,玉山-高雄,2024-12-19,8843
2887,台新金,120,6,114,玉山-高雄,2024-12-19,8843
0056,元大高股息,114,6,108,玉山-高雄,2024-12-19,8843
4958,臻鼎-KY,121,16,105,玉山-高雄,2024-12-19,8843
00948B,中信優息投資級債,95,0,95,玉山-高雄,2024-12-19,8843
6962,ITH-KY,104,10,94,玉山-高雄,2024-12-19,8843
00937B,群益ESG投等債20,188,95,93,玉山-高雄,2024-12-19,8843
00878,國泰永續高股息,133,42,91,玉山-高雄,2024-12-19,8843
00706L,期元大S＆P日圓正2,103,20,83,玉山-高雄,2024-12-19,8843
2883,凱基金,82,0,82,玉山-高雄,2024-12-19,8843
00795B,中信美國公債20年,83,9,74,玉山-高雄,2024-12-19,8843
00919,群益台灣精選高息,190,118,72,玉山-高雄,2024-12-19,8843
00915,凱基優選高股息30,66,1,65,玉山-高雄,2024-12-19,8843
4931,新盛力,141,81,60,玉山-高雄,2024-12-19,8843
1301,台塑,64,9,55,玉山-高雄,2024-12-19,8843
00950B,凱基A級公司債,55,0,55,玉山-高雄,2024-12-19,8843
2317,鴻海,111,56,55,玉山-高雄,2024-12-19,8843
2002,中鋼,60,8,52,玉山-高雄,2024-12-19,8843
2882,國泰金,52,2,50,玉山-高雄,2024-12-19,8843
2834,臺企銀,51,3,48,玉山-高雄,2024-12-19,8843
9958,世紀鋼,53,7,46,玉山-高雄,2024-12-19,8843
2610,華航,48,3,45,玉山-高雄,2024-12-19,8843
2409,友達,44,0,44,玉山-高雄,2024-12-19,8843
00933B,國泰10Y+金融債,71,31,40,玉山-高雄,2024-12-19,8843
2344,華邦電,106,67,39,玉山-高雄,2024-12-19,8843
00665L,富邦�琤肭磪囓�2,48,10,38,玉山-高雄,2024-12-19,8843
00909,國泰數位支付服務,36,0,36,玉山-高雄,2024-12-19,8843
1569,濱川,42,6,36,玉山-高雄,2024-12-19,8843
2888,新光金,61,25,36,玉山-高雄,2024-12-19,8843
3481,群創,52,17,35,玉山-高雄,2024-12-19,8843
006208,富邦台50,40,5,35,玉山-高雄,2024-12-19,8843
2891,中信金,83,49,34,玉山-高雄,2024-12-19,8843
2867,三商壽,35,1,34,玉山-高雄,2024-12-19,8843
1314,中石化,39,5,34,玉山-高雄,2024-12-19,8843
5880,合庫金,34,0,34,玉山-高雄,2024-12-19,8843
4979,華星光,59,27,32,玉山-高雄,2024-12-19,8843
6558,興能高,107,75,32,玉山-高雄,2024-12-19,8843
2371,大同,32,1,31,玉山-高雄,2024-12-19,8843
3056,富華新,51,20,31,玉山-高雄,2024-12-19,8843
2881,富邦金,31,1,30,玉山-高雄,2024-12-19,8843
