Ticker,Name,buy,sell,diff,Branch,Date,Branch_Code
3545,敦泰,134,27,107,國泰-松江,2023-01-03,8883
2317,鴻海,138,61,77,國泰-松江,2023-01-03,8883
00878,國泰永續高股息,67,5,62,國泰-松江,2023-01-03,8883
00637L,元大滬深300正2,70,11,59,國泰-松江,2023-01-03,8883
3707,漢磊,50,0,50,國泰-松江,2023-01-03,8883
2634,漢翔,52,4,48,國泰-松江,2023-01-03,8883
5009,榮剛,50,3,47,國泰-松江,2023-01-03,8883
6589,台康生技,48,2,46,國泰-松江,2023-01-03,8883
6414,樺漢,43,2,41,國泰-松江,2023-01-03,8883
2609,陽明,51,12,39,國泰-松江,2023-01-03,8883
00720B,元大投資級公司債,25,0,25,國泰-松江,2023-01-03,8883
6111,大宇資,94,72,22,國泰-松江,2023-01-03,8883
1605,華新,378,356,22,國泰-松江,2023-01-03,8883
00882,中信中國高股息,37,15,22,國泰-松江,2023-01-03,8883
1460,宏遠,20,0,20,國泰-松江,2023-01-03,8883
00706L,期元大S＆P日圓正2,37,18,19,國泰-松江,2023-01-03,8883
5225,東科-KY,20,1,19,國泰-松江,2023-01-03,8883
2603,長榮,43,24,19,國泰-松江,2023-01-03,8883
2610,華航,25,6,19,國泰-松江,2023-01-03,8883
00679B,元大美債20年,19,2,17,國泰-松江,2023-01-03,8883
3105,穩懋,22,6,16,國泰-松江,2023-01-03,8883
00772B,中信高評級公司債,17,2,15,國泰-松江,2023-01-03,8883
00680L,元大美債20正2,15,0,15,國泰-松江,2023-01-03,8883
2449,京元電子,16,1,15,國泰-松江,2023-01-03,8883
9933,中鼎,16,2,14,國泰-松江,2023-01-03,8883
2748,雲品,17,3,14,國泰-松江,2023-01-03,8883
0050,元大台灣50,18,4,14,國泰-松江,2023-01-03,8883
3162,精確,15,2,13,國泰-松江,2023-01-03,8883
0056,元大高股息,24,11,13,國泰-松江,2023-01-03,8883
8215,明基材,12,0,12,國泰-松江,2023-01-03,8883
3479,安勤,36,25,11,國泰-松江,2023-01-03,8883
4746,台耀,18,7,11,國泰-松江,2023-01-03,8883
2851,中再保,10,0,10,國泰-松江,2023-01-03,8883
4127,天良,10,0,10,國泰-松江,2023-01-03,8883
4768,晶呈科技,11,1,10,國泰-松江,2023-01-03,8883
4128,中天,11,1,10,國泰-松江,2023-01-03,8883
3218,大學光,11,1,10,國泰-松江,2023-01-03,8883
6517,保勝光學,10,0,10,國泰-松江,2023-01-03,8883
2455,全新,14,4,10,國泰-松江,2023-01-03,8883
8070,長華*,10,0,10,國泰-松江,2023-01-03,8883
8463,潤泰材,10,0,10,國泰-松江,2023-01-03,8883
1760,寶齡富錦,47,37,10,國泰-松江,2023-01-03,8883
2884,玉山金,11,1,10,國泰-松江,2023-01-03,8883
3454,晶睿,43,34,9,國泰-松江,2023-01-03,8883
1216,統一,9,0,9,國泰-松江,2023-01-03,8883
4961,天鈺,21,12,9,國泰-松江,2023-01-03,8883
6768,志強-KY,9,0,9,國泰-松江,2023-01-03,8883
2615,萬海,139,131,8,國泰-松江,2023-01-03,8883
8069,元太,33,25,8,國泰-松江,2023-01-03,8883
2313,華通,9,1,8,國泰-松江,2023-01-03,8883
1605,華新,547,387,160,國泰-松江,2023-01-04,8883
6874,倍力,111,0,111,國泰-松江,2023-01-04,8883
00633L,富邦上証正2,210,100,110,國泰-松江,2023-01-04,8883
1101,台泥,84,1,83,國泰-松江,2023-01-04,8883
2317,鴻海,67,15,52,國泰-松江,2023-01-04,8883
2603,長榮,82,31,51,國泰-松江,2023-01-04,8883
2884,玉山金,49,1,48,國泰-松江,2023-01-04,8883
3037,欣興,51,21,30,國泰-松江,2023-01-04,8883
2634,漢翔,47,18,29,國泰-松江,2023-01-04,8883
4566,時碩工業,28,0,28,國泰-松江,2023-01-04,8883
1609,大亞,29,4,25,國泰-松江,2023-01-04,8883
00679B,元大美債20年,24,2,22,國泰-松江,2023-01-04,8883
6274,台燿,22,0,22,國泰-松江,2023-01-04,8883
2606,裕民,102,80,22,國泰-松江,2023-01-04,8883
3013,晟銘電,20,0,20,國泰-松江,2023-01-04,8883
00902,中信電池及儲能,20,1,19,國泰-松江,2023-01-04,8883
3479,安勤,23,6,17,國泰-松江,2023-01-04,8883
2886,兆豐金,17,0,17,國泰-松江,2023-01-04,8883
2014,中鴻,29,12,17,國泰-松江,2023-01-04,8883
4167,松瑞藥,24,7,17,國泰-松江,2023-01-04,8883
1701,中化,19,3,16,國泰-松江,2023-01-04,8883
4746,台耀,21,6,15,國泰-松江,2023-01-04,8883
2449,京元電子,15,0,15,國泰-松江,2023-01-04,8883
2338,光罩,26,11,15,國泰-松江,2023-01-04,8883
2436,偉詮電,15,0,15,國泰-松江,2023-01-04,8883
4763,材料-KY,47,33,14,國泰-松江,2023-01-04,8883
3027,盛達,65,51,14,國泰-松江,2023-01-04,8883
00712,復華富時不動產,14,0,14,國泰-松江,2023-01-04,8883
00715L,期街口布蘭特正2,29,15,14,國泰-松江,2023-01-04,8883
00700,富邦�琤肭磪�,15,1,14,國泰-松江,2023-01-04,8883
2609,陽明,30,17,13,國泰-松江,2023-01-04,8883
1752,南光,63,50,13,國泰-松江,2023-01-04,8883
00893,國泰智能電動車,22,11,11,國泰-松江,2023-01-04,8883
2455,全新,21,10,11,國泰-松江,2023-01-04,8883
2347,聯強,10,0,10,國泰-松江,2023-01-04,8883
4950,牧東,10,0,10,國泰-松江,2023-01-04,8883
2610,華航,14,4,10,國泰-松江,2023-01-04,8883
6167,久正,9,0,9,國泰-松江,2023-01-04,8883
1762,中化生,9,0,9,國泰-松江,2023-01-04,8883
00728,第一金工業30,9,0,9,國泰-松江,2023-01-04,8883
2025,千興,9,0,9,國泰-松江,2023-01-04,8883
2303,聯電,14,5,9,國泰-松江,2023-01-04,8883
2615,萬海,69,60,9,國泰-松江,2023-01-04,8883
1760,寶齡富錦,44,36,8,國泰-松江,2023-01-04,8883
3580,友威科,13,5,8,國泰-松江,2023-01-04,8883
4977,眾達-KY,13,5,8,國泰-松江,2023-01-04,8883
2344,華邦電,10,2,8,國泰-松江,2023-01-04,8883
2368,金像電,10,3,7,國泰-松江,2023-01-04,8883
2637,慧洋-KY,9,2,7,國泰-松江,2023-01-04,8883
5269,祥碩,11,4,7,國泰-松江,2023-01-04,8883
5009,榮剛,112,20,92,國泰-松江,2023-01-05,8883
00753L,中信中國50正2,81,15,66,國泰-松江,2023-01-05,8883
00651R,復華香港反1,61,0,61,國泰-松江,2023-01-05,8883
8076,伍豐,60,0,60,國泰-松江,2023-01-05,8883
2317,鴻海,67,22,45,國泰-松江,2023-01-05,8883
6477,安集,42,2,40,國泰-松江,2023-01-05,8883
4167,松瑞藥,52,12,40,國泰-松江,2023-01-05,8883
0050,元大台灣50,46,8,38,國泰-松江,2023-01-05,8883
2610,華航,44,8,36,國泰-松江,2023-01-05,8883
4977,眾達-KY,38,2,36,國泰-松江,2023-01-05,8883
00878,國泰永續高股息,57,22,35,國泰-松江,2023-01-05,8883
00662,富邦NASDAQ,34,0,34,國泰-松江,2023-01-05,8883
2607,榮運,31,0,31,國泰-松江,2023-01-05,8883
3037,欣興,37,7,30,國泰-松江,2023-01-05,8883
6531,愛普*,32,2,30,國泰-松江,2023-01-05,8883
9904,寶成,28,1,27,國泰-松江,2023-01-05,8883
00715L,期街口布蘭特正2,26,0,26,國泰-松江,2023-01-05,8883
4162,智擎,71,49,22,國泰-松江,2023-01-05,8883
00665L,富邦�琤肭磪囓�2,41,20,21,國泰-松江,2023-01-05,8883
5608,四維航,21,1,20,國泰-松江,2023-01-05,8883
4979,華星光,35,16,19,國泰-松江,2023-01-05,8883
5225,東科-KY,20,1,19,國泰-松江,2023-01-05,8883
00893,國泰智能電動車,33,14,19,國泰-松江,2023-01-05,8883
6143,振曜,26,8,18,國泰-松江,2023-01-05,8883
2338,光罩,67,50,17,國泰-松江,2023-01-05,8883
0056,元大高股息,26,10,16,國泰-松江,2023-01-05,8883
9930,中聯資源,16,0,16,國泰-松江,2023-01-05,8883
5315,光聯,16,0,16,國泰-松江,2023-01-05,8883
1529,樂事綠能,45,29,16,國泰-松江,2023-01-05,8883
4746,台耀,29,14,15,國泰-松江,2023-01-05,8883
2425,承啟,15,0,15,國泰-松江,2023-01-05,8883
6104,創惟,22,7,15,國泰-松江,2023-01-05,8883
1417,嘉裕,80,65,15,國泰-松江,2023-01-05,8883
3017,奇鋐,15,0,15,國泰-松江,2023-01-05,8883
2344,華邦電,31,16,15,國泰-松江,2023-01-05,8883
2465,麗臺,45,31,14,國泰-松江,2023-01-05,8883
6643,M31,20,6,14,國泰-松江,2023-01-05,8883
8069,元太,35,23,12,國泰-松江,2023-01-05,8883
3217,優群,13,1,12,國泰-松江,2023-01-05,8883
6133,金橋,12,1,11,國泰-松江,2023-01-05,8883
6276,安鈦克,11,0,11,國泰-松江,2023-01-05,8883
4113,聯上,11,0,11,國泰-松江,2023-01-05,8883
2419,仲琦,29,18,11,國泰-松江,2023-01-05,8883
3035,智原,27,17,10,國泰-松江,2023-01-05,8883
1752,南光,55,45,10,國泰-松江,2023-01-05,8883
2449,京元電子,11,1,10,國泰-松江,2023-01-05,8883
6213,聯茂,10,0,10,國泰-松江,2023-01-05,8883
2355,敬鵬,10,0,10,國泰-松江,2023-01-05,8883
1805,寶徠,10,0,10,國泰-松江,2023-01-05,8883
8046,南電,42,33,9,國泰-松江,2023-01-05,8883
00632R,元大台灣50反1,672,40,632,國泰-松江,2023-01-06,8883
00670L,富邦NASDAQ正2,252,0,252,國泰-松江,2023-01-06,8883
2317,鴻海,231,1,230,國泰-松江,2023-01-06,8883
3576,聯合再生,131,0,131,國泰-松江,2023-01-06,8883
4114,健喬,146,92,54,國泰-松江,2023-01-06,8883
4746,台耀,55,4,51,國泰-松江,2023-01-06,8883
6443,元晶,58,10,48,國泰-松江,2023-01-06,8883
6531,愛普*,56,8,48,國泰-松江,2023-01-06,8883
1467,南緯,53,5,48,國泰-松江,2023-01-06,8883
3481,群創,65,20,45,國泰-松江,2023-01-06,8883
00651R,復華香港反1,40,0,40,國泰-松江,2023-01-06,8883
6799,來頡,42,7,35,國泰-松江,2023-01-06,8883
00720B,元大投資級公司債,32,0,32,國泰-松江,2023-01-06,8883
3704,合勤控,61,30,31,國泰-松江,2023-01-06,8883
00753L,中信中國50正2,59,28,31,國泰-松江,2023-01-06,8883
00885,富邦越南,50,23,27,國泰-松江,2023-01-06,8883
5225,東科-KY,26,1,25,國泰-松江,2023-01-06,8883
5608,四維航,26,1,25,國泰-松江,2023-01-06,8883
00772B,中信高評級公司債,25,1,24,國泰-松江,2023-01-06,8883
4157,太景*-KY,23,0,23,國泰-松江,2023-01-06,8883
2347,聯強,24,1,23,國泰-松江,2023-01-06,8883
2449,京元電子,20,0,20,國泰-松江,2023-01-06,8883
3034,聯詠,31,14,17,國泰-松江,2023-01-06,8883
2609,陽明,49,34,15,國泰-松江,2023-01-06,8883
2607,榮運,16,1,15,國泰-松江,2023-01-06,8883
00751B,元大AAA至A公司債,15,0,15,國泰-松江,2023-01-06,8883
3362,先進光,15,0,15,國泰-松江,2023-01-06,8883
1217,愛之味,15,0,15,國泰-松江,2023-01-06,8883
3162,精確,17,2,15,國泰-松江,2023-01-06,8883
00665L,富邦�琤肭磪囓�2,24,10,14,國泰-松江,2023-01-06,8883
00713,元大台灣高息低波,13,0,13,國泰-松江,2023-01-06,8883
2014,中鴻,23,10,13,國泰-松江,2023-01-06,8883
2637,慧洋-KY,15,2,13,國泰-松江,2023-01-06,8883
00725B,國泰投資級公司債,12,0,12,國泰-松江,2023-01-06,8883
6215,和椿,14,3,11,國泰-松江,2023-01-06,8883
3218,大學光,18,7,11,國泰-松江,2023-01-06,8883
5309,系統電,11,0,11,國泰-松江,2023-01-06,8883
2884,玉山金,11,0,11,國泰-松江,2023-01-06,8883
3017,奇鋐,19,9,10,國泰-松江,2023-01-06,8883
2412,中華電,10,0,10,國泰-松江,2023-01-06,8883
00673R,期元大S＆P原油反1,16,6,10,國泰-松江,2023-01-06,8883
8171,天宇,38,28,10,國泰-松江,2023-01-06,8883
2332,友訊,10,0,10,國泰-松江,2023-01-06,8883
911868,同方友友-DR,10,0,10,國泰-松江,2023-01-06,8883
2612,中航,10,0,10,國泰-松江,2023-01-06,8883
2103,台橡,10,0,10,國泰-松江,2023-01-06,8883
2308,台達電,10,1,9,國泰-松江,2023-01-06,8883
00893,國泰智能電動車,18,9,9,國泰-松江,2023-01-06,8883
00679B,元大美債20年,10,2,8,國泰-松江,2023-01-06,8883
00683L,期元大美元指正2,8,0,8,國泰-松江,2023-01-06,8883
00665L,富邦�琤肭磪囓�2,102,0,102,國泰-松江,2023-01-09,8883
2603,長榮,109,30,79,國泰-松江,2023-01-09,8883
00651R,復華香港反1,71,0,71,國泰-松江,2023-01-09,8883
2851,中再保,123,59,64,國泰-松江,2023-01-09,8883
5009,榮剛,47,1,46,國泰-松江,2023-01-09,8883
00679B,元大美債20年,49,4,45,國泰-松江,2023-01-09,8883
006208,富邦台50,54,11,43,國泰-松江,2023-01-09,8883
3711,日月光投控,51,9,42,國泰-松江,2023-01-09,8883
00795B,中信美國公債20年,36,0,36,國泰-松江,2023-01-09,8883
00720B,元大投資級公司債,38,3,35,國泰-松江,2023-01-09,8883
6531,愛普*,43,8,35,國泰-松江,2023-01-09,8883
4979,華星光,43,11,32,國泰-松江,2023-01-09,8883
2486,一詮,33,2,31,國泰-松江,2023-01-09,8883
5225,東科-KY,31,0,31,國泰-松江,2023-01-09,8883
2890,永豐金,30,3,27,國泰-松江,2023-01-09,8883
00885,富邦越南,31,6,25,國泰-松江,2023-01-09,8883
5469,瀚宇博,25,1,24,國泰-松江,2023-01-09,8883
2610,華航,43,20,23,國泰-松江,2023-01-09,8883
2441,超豐,20,0,20,國泰-松江,2023-01-09,8883
2634,漢翔,24,4,20,國泰-松江,2023-01-09,8883
8049,晶采,21,1,20,國泰-松江,2023-01-09,8883
4919,新唐,19,1,18,國泰-松江,2023-01-09,8883
2419,仲琦,24,8,16,國泰-松江,2023-01-09,8883
9930,中聯資源,16,0,16,國泰-松江,2023-01-09,8883
3037,欣興,28,13,15,國泰-松江,2023-01-09,8883
3162,精確,45,30,15,國泰-松江,2023-01-09,8883
2027,大成鋼,33,21,12,國泰-松江,2023-01-09,8883
6188,廣明,11,0,11,國泰-松江,2023-01-09,8883
3661,世芯-KY,39,29,10,國泰-松江,2023-01-09,8883
6143,振曜,10,0,10,國泰-松江,2023-01-09,8883
4171,瑞基,13,3,10,國泰-松江,2023-01-09,8883
4113,聯上,10,0,10,國泰-松江,2023-01-09,8883
6118,建達,12,2,10,國泰-松江,2023-01-09,8883
4961,天鈺,67,57,10,國泰-松江,2023-01-09,8883
1605,華新,353,344,9,國泰-松江,2023-01-09,8883
3141,晶宏,19,10,9,國泰-松江,2023-01-09,8883
6411,晶焱,10,1,9,國泰-松江,2023-01-09,8883
4804,大略-KY,9,0,9,國泰-松江,2023-01-09,8883
5347,世界,31,22,9,國泰-松江,2023-01-09,8883
4763,材料-KY,11,3,8,國泰-松江,2023-01-09,8883
1519,華城,43,35,8,國泰-松江,2023-01-09,8883
2328,廣宇,14,6,8,國泰-松江,2023-01-09,8883
5340,建榮,8,0,8,國泰-松江,2023-01-09,8883
1752,南光,24,16,8,國泰-松江,2023-01-09,8883
3545,敦泰,14,6,8,國泰-松江,2023-01-09,8883
00713,元大台灣高息低波,15,7,8,國泰-松江,2023-01-09,8883
2358,廷鑫,7,0,7,國泰-松江,2023-01-09,8883
6150,撼訊,10,3,7,國泰-松江,2023-01-09,8883
2482,連宇,7,0,7,國泰-松江,2023-01-09,8883
3189,景碩,10,3,7,國泰-松江,2023-01-09,8883
00885,富邦越南,65,5,60,國泰-松江,2023-01-10,8883
6770,力積電,70,10,60,國泰-松江,2023-01-10,8883
5225,東科-KY,46,0,46,國泰-松江,2023-01-10,8883
1305,華夏,59,16,43,國泰-松江,2023-01-10,8883
2027,大成鋼,41,5,36,國泰-松江,2023-01-10,8883
8076,伍豐,34,0,34,國泰-松江,2023-01-10,8883
00665L,富邦�琤肭磪囓�2,32,0,32,國泰-松江,2023-01-10,8883
2482,連宇,83,52,31,國泰-松江,2023-01-10,8883
3576,聯合再生,31,1,30,國泰-松江,2023-01-10,8883
2607,榮運,30,0,30,國泰-松江,2023-01-10,8883
1314,中石化,30,0,30,國泰-松江,2023-01-10,8883
2498,宏達電,42,17,25,國泰-松江,2023-01-10,8883
0056,元大高股息,57,34,23,國泰-松江,2023-01-10,8883
2603,長榮,74,51,23,國泰-松江,2023-01-10,8883
4114,健喬,37,15,22,國泰-松江,2023-01-10,8883
3062,建漢,21,0,21,國泰-松江,2023-01-10,8883
00919,群益台灣精選高息,21,1,20,國泰-松江,2023-01-10,8883
2493,揚博,20,0,20,國泰-松江,2023-01-10,8883
5009,榮剛,21,1,20,國泰-松江,2023-01-10,8883
1308,亞聚,19,0,19,國泰-松江,2023-01-10,8883
1560,中砂,24,6,18,國泰-松江,2023-01-10,8883
4763,材料-KY,68,50,18,國泰-松江,2023-01-10,8883
1760,寶齡富錦,23,5,18,國泰-松江,2023-01-10,8883
5351,鈺創,54,36,18,國泰-松江,2023-01-10,8883
2421,建準,48,30,18,國泰-松江,2023-01-10,8883
6215,和椿,17,1,16,國泰-松江,2023-01-10,8883
00888,永豐台灣ESG,17,1,16,國泰-松江,2023-01-10,8883
6275,元山,15,0,15,國泰-松江,2023-01-10,8883
8358,金居,32,18,14,國泰-松江,2023-01-10,8883
6550,北極星藥業-KY,14,0,14,國泰-松江,2023-01-10,8883
1605,華新,386,373,13,國泰-松江,2023-01-10,8883
1701,中化,16,3,13,國泰-松江,2023-01-10,8883
4306,炎洲,13,0,13,國泰-松江,2023-01-10,8883
4924,欣厚-KY,12,0,12,國泰-松江,2023-01-10,8883
2357,華碩,12,0,12,國泰-松江,2023-01-10,8883
3047,訊舟,13,2,11,國泰-松江,2023-01-10,8883
2929,淘帝-KY,11,0,11,國泰-松江,2023-01-10,8883
6446,藥華藥,12,2,10,國泰-松江,2023-01-10,8883
4174,浩鼎,10,0,10,國泰-松江,2023-01-10,8883
4743,合一,13,3,10,國泰-松江,2023-01-10,8883
6213,聯茂,10,0,10,國泰-松江,2023-01-10,8883
8049,晶采,11,2,9,國泰-松江,2023-01-10,8883
3675,德微,12,3,9,國泰-松江,2023-01-10,8883
5426,振發,10,1,9,國泰-松江,2023-01-10,8883
2867,三商壽,10,1,9,國泰-松江,2023-01-10,8883
2834,臺企銀,26,18,8,國泰-松江,2023-01-10,8883
2483,百容,8,0,8,國泰-松江,2023-01-10,8883
5301,寶得利,8,0,8,國泰-松江,2023-01-10,8883
2458,義隆,8,1,7,國泰-松江,2023-01-10,8883
8033,雷虎,8,1,7,國泰-松江,2023-01-10,8883
6215,和椿,100,0,100,國泰-松江,2023-01-11,8883
2888,新光金,79,5,74,國泰-松江,2023-01-11,8883
4924,欣厚-KY,62,0,62,國泰-松江,2023-01-11,8883
2313,華通,58,1,57,國泰-松江,2023-01-11,8883
6133,金橋,60,3,57,國泰-松江,2023-01-11,8883
00772B,中信高評級公司債,46,0,46,國泰-松江,2023-01-11,8883
5880,合庫金,36,0,36,國泰-松江,2023-01-11,8883
00878,國泰永續高股息,66,32,34,國泰-松江,2023-01-11,8883
4979,華星光,82,50,32,國泰-松江,2023-01-11,8883
2607,榮運,31,1,30,國泰-松江,2023-01-11,8883
00651R,復華香港反1,30,0,30,國泰-松江,2023-01-11,8883
1524,耿鼎,31,1,30,國泰-松江,2023-01-11,8883
8261,富鼎,24,2,22,國泰-松江,2023-01-11,8883
3704,合勤控,39,18,21,國泰-松江,2023-01-11,8883
1720,生達,20,0,20,國泰-松江,2023-01-11,8883
5225,東科-KY,20,0,20,國泰-松江,2023-01-11,8883
00680L,元大美債20正2,20,0,20,國泰-松江,2023-01-11,8883
00895,富邦未來車,20,0,20,國泰-松江,2023-01-11,8883
00795B,中信美國公債20年,20,0,20,國泰-松江,2023-01-11,8883
00753L,中信中國50正2,18,0,18,國泰-松江,2023-01-11,8883
00720B,元大投資級公司債,18,1,17,國泰-松江,2023-01-11,8883
2457,飛宏,18,2,16,國泰-松江,2023-01-11,8883
2609,陽明,32,17,15,國泰-松江,2023-01-11,8883
00632R,元大台灣50反1,42,27,15,國泰-松江,2023-01-11,8883
8227,巨有科技,15,1,14,國泰-松江,2023-01-11,8883
00679B,元大美債20年,14,0,14,國泰-松江,2023-01-11,8883
00631L,元大台灣50正2,15,1,14,國泰-松江,2023-01-11,8883
6153,嘉聯益,14,0,14,國泰-松江,2023-01-11,8883
2603,長榮,50,37,13,國泰-松江,2023-01-11,8883
1760,寶齡富錦,17,5,12,國泰-松江,2023-01-11,8883
8069,元太,55,43,12,國泰-松江,2023-01-11,8883
4977,眾達-KY,30,18,12,國泰-松江,2023-01-11,8883
4114,健喬,40,30,10,國泰-松江,2023-01-11,8883
2009,第一銅,12,2,10,國泰-松江,2023-01-11,8883
00713,元大台灣高息低波,16,6,10,國泰-松江,2023-01-11,8883
9945,潤泰新,14,4,10,國泰-松江,2023-01-11,8883
00920,富邦ESG綠色電力,10,0,10,國泰-松江,2023-01-11,8883
00671R,富邦NASDAQ反1,10,0,10,國泰-松江,2023-01-11,8883
6175,立敦,10,0,10,國泰-松江,2023-01-11,8883
020033,統一�琤肮黕篾,10,0,10,國泰-松江,2023-01-11,8883
2542,興富發,11,1,10,國泰-松江,2023-01-11,8883
2412,中華電,9,0,9,國泰-松江,2023-01-11,8883
3708,上緯投控,11,2,9,國泰-松江,2023-01-11,8883
8277,商丞,8,0,8,國泰-松江,2023-01-11,8883
5475,德宏,8,0,8,國泰-松江,2023-01-11,8883
2890,永豐金,8,0,8,國泰-松江,2023-01-11,8883
2884,玉山金,9,1,8,國泰-松江,2023-01-11,8883
2615,萬海,19,11,8,國泰-松江,2023-01-11,8883
4904,遠傳,7,0,7,國泰-松江,2023-01-11,8883
2495,普安,7,0,7,國泰-松江,2023-01-11,8883
00665L,富邦�琤肭磪囓�2,130,30,100,國泰-松江,2023-01-12,8883
2014,中鴻,119,20,99,國泰-松江,2023-01-12,8883
5880,合庫金,65,1,64,國泰-松江,2023-01-12,8883
00753L,中信中國50正2,57,0,57,國泰-松江,2023-01-12,8883
5009,榮剛,70,20,50,國泰-松江,2023-01-12,8883
2618,長榮航,43,5,38,國泰-松江,2023-01-12,8883
00878,國泰永續高股息,58,21,37,國泰-松江,2023-01-12,8883
0056,元大高股息,40,5,35,國泰-松江,2023-01-12,8883
4924,欣厚-KY,29,0,29,國泰-松江,2023-01-12,8883
00673R,期元大S＆P原油反1,27,0,27,國泰-松江,2023-01-12,8883
5225,東科-KY,25,0,25,國泰-松江,2023-01-12,8883
3128,昇銳,26,1,25,國泰-松江,2023-01-12,8883
2324,仁寶,22,0,22,國泰-松江,2023-01-12,8883
6188,廣明,21,0,21,國泰-松江,2023-01-12,8883
00882,中信中國高股息,32,14,18,國泰-松江,2023-01-12,8883
00770,國泰北美科技,17,0,17,國泰-松江,2023-01-12,8883
2753,八方雲集,18,1,17,國泰-松江,2023-01-12,8883
2890,永豐金,19,2,17,國泰-松江,2023-01-12,8883
6209,今國光,17,0,17,國泰-松江,2023-01-12,8883
2468,華經,55,38,17,國泰-松江,2023-01-12,8883
4743,合一,33,16,17,國泰-松江,2023-01-12,8883
2009,第一銅,71,55,16,國泰-松江,2023-01-12,8883
00632R,元大台灣50反1,15,0,15,國泰-松江,2023-01-12,8883
2603,長榮,70,55,15,國泰-松江,2023-01-12,8883
8996,高力,17,4,13,國泰-松江,2023-01-12,8883
2884,玉山金,15,3,12,國泰-松江,2023-01-12,8883
1101,台泥,60,47,13,國泰-松江,2023-01-12,8883
2615,萬海,58,46,12,國泰-松江,2023-01-12,8883
00650L,復華香港正2,12,0,12,國泰-松江,2023-01-12,8883
8033,雷虎,16,4,12,國泰-松江,2023-01-12,8883
2356,英業達,12,0,12,國泰-松江,2023-01-12,8883
6245,立端,40,28,12,國泰-松江,2023-01-12,8883
00701,國泰股利精選30,12,1,11,國泰-松江,2023-01-12,8883
6533,晶心科,14,3,11,國泰-松江,2023-01-12,8883
2347,聯強,11,0,11,國泰-松江,2023-01-12,8883
8249,菱光,12,1,11,國泰-松江,2023-01-12,8883
8046,南電,16,5,11,國泰-松江,2023-01-12,8883
8341,日友,14,4,10,國泰-松江,2023-01-12,8883
9933,中鼎,10,0,10,國泰-松江,2023-01-12,8883
3078,僑威,10,0,10,國泰-松江,2023-01-12,8883
3323,加百裕,10,0,10,國泰-松江,2023-01-12,8883
00895,富邦未來車,10,0,10,國泰-松江,2023-01-12,8883
2408,南亞科,69,60,9,國泰-松江,2023-01-12,8883
4958,臻鼎-KY,8,0,8,國泰-松江,2023-01-12,8883
4968,立積,14,6,8,國泰-松江,2023-01-12,8883
2357,華碩,9,1,8,國泰-松江,2023-01-12,8883
2882,國泰金,40,33,7,國泰-松江,2023-01-12,8883
1909,榮成,10,3,7,國泰-松江,2023-01-12,8883
6576,逸達,7,0,7,國泰-松江,2023-01-12,8883
6244,茂迪,10,3,7,國泰-松江,2023-01-12,8883
00632R,元大台灣50反1,229,58,171,國泰-松江,2023-01-13,8883
2882,國泰金,189,45,144,國泰-松江,2023-01-13,8883
00671R,富邦NASDAQ反1,106,0,106,國泰-松江,2023-01-13,8883
5009,榮剛,97,1,96,國泰-松江,2023-01-13,8883
2867,三商壽,72,0,72,國泰-松江,2023-01-13,8883
4979,華星光,73,14,59,國泰-松江,2023-01-13,8883
00651R,復華香港反1,50,0,50,國泰-松江,2023-01-13,8883
2881,富邦金,59,13,46,國泰-松江,2023-01-13,8883
1802,台玻,68,23,45,國泰-松江,2023-01-13,8883
2607,榮運,40,0,40,國泰-松江,2023-01-13,8883
1524,耿鼎,32,0,32,國泰-松江,2023-01-13,8883
1701,中化,32,0,32,國泰-松江,2023-01-13,8883
00665L,富邦�琤肭磪囓�2,30,0,30,國泰-松江,2023-01-13,8883
00680L,元大美債20正2,29,0,29,國泰-松江,2023-01-13,8883
3444,利機,27,0,27,國泰-松江,2023-01-13,8883
3704,合勤控,22,1,21,國泰-松江,2023-01-13,8883
2457,飛宏,22,2,20,國泰-松江,2023-01-13,8883
6209,今國光,20,0,20,國泰-松江,2023-01-13,8883
6531,愛普*,31,11,20,國泰-松江,2023-01-13,8883
2609,陽明,27,8,19,國泰-松江,2023-01-13,8883
6215,和椿,19,0,19,國泰-松江,2023-01-13,8883
00770,國泰北美科技,18,0,18,國泰-松江,2023-01-13,8883
1760,寶齡富錦,18,2,16,國泰-松江,2023-01-13,8883
6443,元晶,19,4,15,國泰-松江,2023-01-13,8883
8069,元太,49,34,15,國泰-松江,2023-01-13,8883
3362,先進光,13,0,13,國泰-松江,2023-01-13,8883
2201,裕隆,28,15,13,國泰-松江,2023-01-13,8883
6153,嘉聯益,13,0,13,國泰-松江,2023-01-13,8883
6533,晶心科,25,13,12,國泰-松江,2023-01-13,8883
5410,國眾,12,0,12,國泰-松江,2023-01-13,8883
00895,富邦未來車,13,1,12,國泰-松江,2023-01-13,8883
6122,擎邦,11,0,11,國泰-松江,2023-01-13,8883
2442,新美齊,11,0,11,國泰-松江,2023-01-13,8883
6282,康舒,11,0,11,國泰-松江,2023-01-13,8883
2891,中信金,10,0,10,國泰-松江,2023-01-13,8883
00720B,元大投資級公司債,22,12,10,國泰-松江,2023-01-13,8883
020033,統一�琤肮黕篾,10,0,10,國泰-松江,2023-01-13,8883
3049,精金,10,0,10,國泰-松江,2023-01-13,8883
2845,遠東銀,10,0,10,國泰-松江,2023-01-13,8883
6213,聯茂,9,0,9,國泰-松江,2023-01-13,8883
2887,台新金,12,4,8,國泰-松江,2023-01-13,8883
3034,聯詠,13,5,8,國泰-松江,2023-01-13,8883
5475,德宏,10,2,8,國泰-松江,2023-01-13,8883
8234,新漢,8,0,8,國泰-松江,2023-01-13,8883
1308,亞聚,8,0,8,國泰-松江,2023-01-13,8883
4977,眾達-KY,10,2,8,國泰-松江,2023-01-13,8883
2352,佳世達,7,0,7,國泰-松江,2023-01-13,8883
2498,宏達電,41,34,7,國泰-松江,2023-01-13,8883
3707,漢磊,7,0,7,國泰-松江,2023-01-13,8883
8933,愛地雅,12,5,7,國泰-松江,2023-01-13,8883
6531,愛普*,71,4,67,國泰-松江,2023-01-16,8883
00772B,中信高評級公司債,55,0,55,國泰-松江,2023-01-16,8883
00679B,元大美債20年,53,0,53,國泰-松江,2023-01-16,8883
00878,國泰永續高股息,56,16,40,國泰-松江,2023-01-16,8883
8489,三貝德,40,1,39,國泰-松江,2023-01-16,8883
2610,華航,36,3,33,國泰-松江,2023-01-16,8883
00720B,元大投資級公司債,31,0,31,國泰-松江,2023-01-16,8883
2317,鴻海,33,4,29,國泰-松江,2023-01-16,8883
0050,元大台灣50,46,19,27,國泰-松江,2023-01-16,8883
2330,台積電,60,35,25,國泰-松江,2023-01-16,8883
3191,雲嘉南,19,0,19,國泰-松江,2023-01-16,8883
00671R,富邦NASDAQ反1,18,0,18,國泰-松江,2023-01-16,8883
00665L,富邦�琤肭磪囓�2,17,0,17,國泰-松江,2023-01-16,8883
2897,王道銀行,16,0,16,國泰-松江,2023-01-16,8883
2498,宏達電,26,11,15,國泰-松江,2023-01-16,8883
6770,力積電,18,4,14,國泰-松江,2023-01-16,8883
8933,愛地雅,14,0,14,國泰-松江,2023-01-16,8883
00638R,元大滬深300反1,14,0,14,國泰-松江,2023-01-16,8883
8261,富鼎,15,1,14,國泰-松江,2023-01-16,8883
00673R,期元大S＆P原油反1,14,0,14,國泰-松江,2023-01-16,8883
00770,國泰北美科技,15,1,14,國泰-松江,2023-01-16,8883
3008,大立光,14,1,13,國泰-松江,2023-01-16,8883
00680L,元大美債20正2,13,0,13,國泰-松江,2023-01-16,8883
2354,鴻準,14,1,13,國泰-松江,2023-01-16,8883
2609,陽明,43,30,13,國泰-松江,2023-01-16,8883
0056,元大高股息,25,14,11,國泰-松江,2023-01-16,8883
9930,中聯資源,11,0,11,國泰-松江,2023-01-16,8883
1524,耿鼎,10,0,10,國泰-松江,2023-01-16,8883
8086,宏捷科,10,0,10,國泰-松江,2023-01-16,8883
8255,朋程,10,0,10,國泰-松江,2023-01-16,8883
2493,揚博,10,0,10,國泰-松江,2023-01-16,8883
2002,中鋼,20,11,9,國泰-松江,2023-01-16,8883
4162,智擎,23,14,9,國泰-松江,2023-01-16,8883
2357,華碩,10,1,9,國泰-松江,2023-01-16,8883
5351,鈺創,14,5,9,國泰-松江,2023-01-16,8883
1907,永豐餘,11,2,9,國泰-松江,2023-01-16,8883
4763,材料-KY,40,31,9,國泰-松江,2023-01-16,8883
00773B,中信優先金融債,10,1,9,國泰-松江,2023-01-16,8883
2867,三商壽,11,3,8,國泰-松江,2023-01-16,8883
4171,瑞基,10,2,8,國泰-松江,2023-01-16,8883
00631L,元大台灣50正2,9,1,8,國泰-松江,2023-01-16,8883
00751B,元大AAA至A公司債,7,0,7,國泰-松江,2023-01-16,8883
00675L,富邦臺灣加權正2,10,3,7,國泰-松江,2023-01-16,8883
6133,金橋,7,0,7,國泰-松江,2023-01-16,8883
1101,台泥,27,20,7,國泰-松江,2023-01-16,8883
1513,中興電,14,8,6,國泰-松江,2023-01-16,8883
3576,聯合再生,6,0,6,國泰-松江,2023-01-16,8883
1783,和康生,8,2,6,國泰-松江,2023-01-16,8883
4113,聯上,6,0,6,國泰-松江,2023-01-16,8883
2027,大成鋼,10,4,6,國泰-松江,2023-01-16,8883
1605,華新,214,45,169,國泰-松江,2023-01-17,8883
00770,國泰北美科技,99,4,95,國泰-松江,2023-01-17,8883
2609,陽明,140,49,91,國泰-松江,2023-01-17,8883
00882,中信中國高股息,128,44,84,國泰-松江,2023-01-17,8883
1101,台泥,76,1,75,國泰-松江,2023-01-17,8883
00679B,元大美債20年,66,2,64,國泰-松江,2023-01-17,8883
2603,長榮,90,26,64,國泰-松江,2023-01-17,8883
2023,燁輝,50,0,50,國泰-松江,2023-01-17,8883
8110,華東,53,5,48,國泰-松江,2023-01-17,8883
4979,華星光,73,30,43,國泰-松江,2023-01-17,8883
4162,智擎,45,2,43,國泰-松江,2023-01-17,8883
6153,嘉聯益,35,0,35,國泰-松江,2023-01-17,8883
2014,中鴻,70,35,35,國泰-松江,2023-01-17,8883
00772B,中信高評級公司債,30,1,29,國泰-松江,2023-01-17,8883
00720B,元大投資級公司債,31,4,27,國泰-松江,2023-01-17,8883
00753L,中信中國50正2,26,0,26,國泰-松江,2023-01-17,8883
2884,玉山金,26,1,25,國泰-松江,2023-01-17,8883
2731,雄獅,20,0,20,國泰-松江,2023-01-17,8883
00773B,中信優先金融債,20,0,20,國泰-松江,2023-01-17,8883
6271,同欣電,20,1,19,國泰-松江,2023-01-17,8883
2537,聯上發,19,0,19,國泰-松江,2023-01-17,8883
5225,東科-KY,18,0,18,國泰-松江,2023-01-17,8883
2610,華航,18,1,17,國泰-松江,2023-01-17,8883
6874,倍力,20,3,17,國泰-松江,2023-01-17,8883
00725B,國泰投資級公司債,15,0,15,國泰-松江,2023-01-17,8883
5351,鈺創,14,1,13,國泰-松江,2023-01-17,8883
3479,安勤,14,2,12,國泰-松江,2023-01-17,8883
2354,鴻準,12,0,12,國泰-松江,2023-01-17,8883
4426,利勤,12,0,12,國泰-松江,2023-01-17,8883
00632R,元大台灣50反1,19,7,12,國泰-松江,2023-01-17,8883
00665L,富邦�琤肭磪囓�2,12,0,12,國泰-松江,2023-01-17,8883
4924,欣厚-KY,12,0,12,國泰-松江,2023-01-17,8883
6806,森崴能源,12,0,12,國泰-松江,2023-01-17,8883
2615,萬海,28,16,12,國泰-松江,2023-01-17,8883
6192,巨路,11,0,11,國泰-松江,2023-01-17,8883
8069,元太,24,14,10,國泰-松江,2023-01-17,8883
3481,群創,11,1,10,國泰-松江,2023-01-17,8883
4155,訊映,10,0,10,國泰-松江,2023-01-17,8883
00637L,元大滬深300正2,35,25,10,國泰-松江,2023-01-17,8883
2368,金像電,19,9,10,國泰-松江,2023-01-17,8883
2317,鴻海,21,12,9,國泰-松江,2023-01-17,8883
4114,健喬,11,2,9,國泰-松江,2023-01-17,8883
4977,眾達-KY,47,39,8,國泰-松江,2023-01-17,8883
4915,致伸,9,1,8,國泰-松江,2023-01-17,8883
5701,劍湖山,7,0,7,國泰-松江,2023-01-17,8883
00639,富邦深100,7,0,7,國泰-松江,2023-01-17,8883
00671R,富邦NASDAQ反1,10,3,7,國泰-松江,2023-01-17,8883
00650L,復華香港正2,7,0,7,國泰-松江,2023-01-17,8883
006208,富邦台50,7,1,6,國泰-松江,2023-01-17,8883
00631L,元大台灣50正2,6,0,6,國泰-松江,2023-01-17,8883
00632R,元大台灣50反1,180,27,153,國泰-松江,2023-01-30,8883
2317,鴻海,135,5,130,國泰-松江,2023-01-30,8883
00651R,復華香港反1,102,0,102,國泰-松江,2023-01-30,8883
6531,愛普*,102,6,96,國泰-松江,2023-01-30,8883
00878,國泰永續高股息,283,196,87,國泰-松江,2023-01-30,8883
2897,王道銀行,57,0,57,國泰-松江,2023-01-30,8883
00671R,富邦NASDAQ反1,55,0,55,國泰-松江,2023-01-30,8883
4931,新盛力,57,4,53,國泰-松江,2023-01-30,8883
8349,�矬�,61,10,51,國泰-松江,2023-01-30,8883
4979,華星光,90,41,49,國泰-松江,2023-01-30,8883
00673R,期元大S＆P原油反1,52,4,48,國泰-松江,2023-01-30,8883
00720B,元大投資級公司債,56,11,45,國泰-松江,2023-01-30,8883
00665L,富邦�琤肭磪囓�2,50,5,45,國泰-松江,2023-01-30,8883
8069,元太,49,19,30,國泰-松江,2023-01-30,8883
4167,松瑞藥,31,1,30,國泰-松江,2023-01-30,8883
3260,威剛,34,6,28,國泰-松江,2023-01-30,8883
4763,材料-KY,68,41,27,國泰-松江,2023-01-30,8883
00692,富邦公司治理,25,1,24,國泰-松江,2023-01-30,8883
2634,漢翔,37,15,22,國泰-松江,2023-01-30,8883
8358,金居,51,30,21,國泰-松江,2023-01-30,8883
8996,高力,47,27,20,國泰-松江,2023-01-30,8883
3443,創意,45,26,19,國泰-松江,2023-01-30,8883
3362,先進光,15,0,15,國泰-松江,2023-01-30,8883
1612,宏泰,15,0,15,國泰-松江,2023-01-30,8883
4128,中天,15,0,15,國泰-松江,2023-01-30,8883
2812,台中銀,15,0,15,國泰-松江,2023-01-30,8883
2515,中工,15,2,13,國泰-松江,2023-01-30,8883
4924,欣厚-KY,13,0,13,國泰-松江,2023-01-30,8883
6274,台燿,89,76,13,國泰-松江,2023-01-30,8883
2637,慧洋-KY,12,0,12,國泰-松江,2023-01-30,8883
6215,和椿,12,0,12,國泰-松江,2023-01-30,8883
6747,亨泰光,11,0,11,國泰-松江,2023-01-30,8883
00637L,元大滬深300正2,20,9,11,國泰-松江,2023-01-30,8883
00653L,富邦印度正2,11,0,11,國泰-松江,2023-01-30,8883
1909,榮成,16,5,11,國泰-松江,2023-01-30,8883
4114,健喬,31,21,10,國泰-松江,2023-01-30,8883
6782,視陽,10,0,10,國泰-松江,2023-01-30,8883
5315,光聯,10,0,10,國泰-松江,2023-01-30,8883
2468,華經,10,0,10,國泰-松江,2023-01-30,8883
6719,力智,13,3,10,國泰-松江,2023-01-30,8883
3710,連展投控,10,0,10,國泰-松江,2023-01-30,8883
4976,佳凌,10,0,10,國泰-松江,2023-01-30,8883
2457,飛宏,11,2,9,國泰-松江,2023-01-30,8883
2379,瑞昱,9,0,9,國泰-松江,2023-01-30,8883
4721,美琪瑪,9,1,8,國泰-松江,2023-01-30,8883
2393,億光,8,0,8,國泰-松江,2023-01-30,8883
8155,博智,11,3,8,國泰-松江,2023-01-30,8883
4168,醣聯,8,0,8,國泰-松江,2023-01-30,8883
1464,得力,8,0,8,國泰-松江,2023-01-30,8883
6541,泰福-KY,8,0,8,國泰-松江,2023-01-30,8883
00905,FT臺灣Smart,205,0,205,國泰-松江,2023-01-31,8883
00878,國泰永續高股息,282,115,167,國泰-松江,2023-01-31,8883
00882,中信中國高股息,121,8,113,國泰-松江,2023-01-31,8883
00885,富邦越南,97,4,93,國泰-松江,2023-01-31,8883
3576,聯合再生,101,21,80,國泰-松江,2023-01-31,8883
00772B,中信高評級公司債,76,2,74,國泰-松江,2023-01-31,8883
00753L,中信中國50正2,61,0,61,國泰-松江,2023-01-31,8883
00770,國泰北美科技,56,0,56,國泰-松江,2023-01-31,8883
00720B,元大投資級公司債,53,1,52,國泰-松江,2023-01-31,8883
00664R,國泰臺灣加權反1,50,0,50,國泰-松江,2023-01-31,8883
3711,日月光投控,48,0,48,國泰-松江,2023-01-31,8883
2330,台積電,64,20,44,國泰-松江,2023-01-31,8883
2603,長榮,51,8,43,國泰-松江,2023-01-31,8883
00632R,元大台灣50反1,144,106,38,國泰-松江,2023-01-31,8883
4128,中天,59,21,38,國泰-松江,2023-01-31,8883
00679B,元大美債20年,34,0,34,國泰-松江,2023-01-31,8883
9907,統一實,33,1,32,國泰-松江,2023-01-31,8883
2892,第一金,28,0,28,國泰-松江,2023-01-31,8883
00637L,元大滬深300正2,33,7,26,國泰-松江,2023-01-31,8883
6180,橘子,28,2,26,國泰-松江,2023-01-31,8883
2455,全新,31,5,26,國泰-松江,2023-01-31,8883
2027,大成鋼,28,3,25,國泰-松江,2023-01-31,8883
2834,臺企銀,24,0,24,國泰-松江,2023-01-31,8883
1605,華新,165,142,23,國泰-松江,2023-01-31,8883
00900,富邦特選高股息30,31,8,23,國泰-松江,2023-01-31,8883
2913,農林,22,0,22,國泰-松江,2023-01-31,8883
2324,仁寶,21,0,21,國泰-松江,2023-01-31,8883
2367,燿華,26,6,20,國泰-松江,2023-01-31,8883
4924,欣厚-KY,20,0,20,國泰-松江,2023-01-31,8883
1609,大亞,35,16,19,國泰-松江,2023-01-31,8883
2884,玉山金,40,22,18,國泰-松江,2023-01-31,8883
4114,健喬,21,4,17,國泰-松江,2023-01-31,8883
0056,元大高股息,36,19,17,國泰-松江,2023-01-31,8883
00713,元大台灣高息低波,22,5,17,國泰-松江,2023-01-31,8883
1514,亞力,19,3,16,國泰-松江,2023-01-31,8883
5225,東科-KY,17,1,16,國泰-松江,2023-01-31,8883
4746,台耀,29,13,16,國泰-松江,2023-01-31,8883
1524,耿鼎,17,1,16,國泰-松江,2023-01-31,8883
2886,兆豐金,16,0,16,國泰-松江,2023-01-31,8883
2201,裕隆,372,357,15,國泰-松江,2023-01-31,8883
6109,亞元,15,0,15,國泰-松江,2023-01-31,8883
2515,中工,15,0,15,國泰-松江,2023-01-31,8883
2408,南亞科,14,0,14,國泰-松江,2023-01-31,8883
2376,技嘉,19,5,14,國泰-松江,2023-01-31,8883
2030,彰源,14,1,13,國泰-松江,2023-01-31,8883
3624,光頡,22,9,13,國泰-松江,2023-01-31,8883
8358,金居,23,10,13,國泰-松江,2023-01-31,8883
5880,合庫金,12,0,12,國泰-松江,2023-01-31,8883
2344,華邦電,11,0,11,國泰-松江,2023-01-31,8883
2610,華航,23,12,11,國泰-松江,2023-01-31,8883
6485,點序,90,0,90,國泰-松江,2023-02-01,8883
2344,華邦電,87,13,74,國泰-松江,2023-02-01,8883
5425,台半,192,120,72,國泰-松江,2023-02-01,8883
3047,訊舟,71,0,71,國泰-松江,2023-02-01,8883
00905,FT臺灣Smart,71,10,61,國泰-松江,2023-02-01,8883
3006,晶豪科,59,0,59,國泰-松江,2023-02-01,8883
4979,華星光,69,14,55,國泰-松江,2023-02-01,8883
3714,富采,62,7,55,國泰-松江,2023-02-01,8883
00885,富邦越南,68,14,54,國泰-松江,2023-02-01,8883
00878,國泰永續高股息,104,54,50,國泰-松江,2023-02-01,8883
5607,遠雄港,40,0,40,國泰-松江,2023-02-01,8883
5225,東科-KY,41,1,40,國泰-松江,2023-02-01,8883
2455,全新,36,0,36,國泰-松江,2023-02-01,8883
00637L,元大滬深300正2,37,5,32,國泰-松江,2023-02-01,8883
6244,茂迪,51,19,32,國泰-松江,2023-02-01,8883
2201,裕隆,167,136,31,國泰-松江,2023-02-01,8883
3576,聯合再生,126,95,31,國泰-松江,2023-02-01,8883
2883,凱基金,32,1,31,國泰-松江,2023-02-01,8883
2358,廷鑫,37,7,30,國泰-松江,2023-02-01,8883
00882,中信中國高股息,35,6,29,國泰-松江,2023-02-01,8883
2317,鴻海,34,5,29,國泰-松江,2023-02-01,8883
5009,榮剛,155,129,26,國泰-松江,2023-02-01,8883
2482,連宇,76,50,26,國泰-松江,2023-02-01,8883
2906,高林,26,1,25,國泰-松江,2023-02-01,8883
8996,高力,67,42,25,國泰-松江,2023-02-01,8883
1810,和成,27,2,25,國泰-松江,2023-02-01,8883
2313,華通,25,1,24,國泰-松江,2023-02-01,8883
3481,群創,30,7,23,國泰-松江,2023-02-01,8883
00713,元大台灣高息低波,23,0,23,國泰-松江,2023-02-01,8883
6531,愛普*,42,20,22,國泰-松江,2023-02-01,8883
4763,材料-KY,36,14,22,國泰-松江,2023-02-01,8883
2890,永豐金,21,1,20,國泰-松江,2023-02-01,8883
2009,第一銅,163,144,19,國泰-松江,2023-02-01,8883
1504,東元,21,2,19,國泰-松江,2023-02-01,8883
6477,安集,30,12,18,國泰-松江,2023-02-01,8883
3162,精確,50,32,18,國泰-松江,2023-02-01,8883
6719,力智,24,6,18,國泰-松江,2023-02-01,8883
00772B,中信高評級公司債,17,0,17,國泰-松江,2023-02-01,8883
8088,品安,20,4,16,國泰-松江,2023-02-01,8883
4167,松瑞藥,21,5,16,國泰-松江,2023-02-01,8883
00902,中信電池及儲能,16,0,16,國泰-松江,2023-02-01,8883
2367,燿華,17,2,15,國泰-松江,2023-02-01,8883
2498,宏達電,29,15,14,國泰-松江,2023-02-01,8883
2888,新光金,16,2,14,國泰-松江,2023-02-01,8883
1101,台泥,20,8,12,國泰-松江,2023-02-01,8883
2030,彰源,15,3,12,國泰-松江,2023-02-01,8883
8466,美吉吉-KY,12,0,12,國泰-松江,2023-02-01,8883
1417,嘉裕,15,3,12,國泰-松江,2023-02-01,8883
5258,虹堡,108,97,11,國泰-松江,2023-02-01,8883
4919,新唐,80,69,11,國泰-松江,2023-02-01,8883
2618,長榮航,199,53,146,國泰-松江,2023-02-02,8883
00882,中信中國高股息,140,21,119,國泰-松江,2023-02-02,8883
2609,陽明,218,120,98,國泰-松江,2023-02-02,8883
00878,國泰永續高股息,195,132,63,國泰-松江,2023-02-02,8883
00679B,元大美債20年,54,2,52,國泰-松江,2023-02-02,8883
00885,富邦越南,84,33,51,國泰-松江,2023-02-02,8883
4979,華星光,74,25,49,國泰-松江,2023-02-02,8883
5425,台半,91,53,38,國泰-松江,2023-02-02,8883
6129,普誠,71,36,35,國泰-松江,2023-02-02,8883
1101,台泥,46,12,34,國泰-松江,2023-02-02,8883
3047,訊舟,31,1,30,國泰-松江,2023-02-02,8883
2388,威盛,67,38,29,國泰-松江,2023-02-02,8883
00753L,中信中國50正2,40,13,27,國泰-松江,2023-02-02,8883
6215,和椿,26,0,26,國泰-松江,2023-02-02,8883
3162,精確,71,45,26,國泰-松江,2023-02-02,8883
00895,富邦未來車,34,9,25,國泰-松江,2023-02-02,8883
6799,來頡,30,5,25,國泰-松江,2023-02-02,8883
2468,華經,50,26,24,國泰-松江,2023-02-02,8883
00907,永豐優息存股,38,15,23,國泰-松江,2023-02-02,8883
00905,FT臺灣Smart,31,10,21,國泰-松江,2023-02-02,8883
00715L,期街口布蘭特正2,21,0,21,國泰-松江,2023-02-02,8883
2363,矽統,27,7,20,國泰-松江,2023-02-02,8883
5607,遠雄港,20,0,20,國泰-松江,2023-02-02,8883
6485,點序,20,0,20,國泰-松江,2023-02-02,8883
2317,鴻海,56,37,19,國泰-松江,2023-02-02,8883
4919,新唐,114,95,19,國泰-松江,2023-02-02,8883
00665L,富邦�琤肭磪囓�2,25,6,19,國泰-松江,2023-02-02,8883
6443,元晶,55,38,17,國泰-松江,2023-02-02,8883
1609,大亞,37,20,17,國泰-松江,2023-02-02,8883
4763,材料-KY,65,49,16,國泰-松江,2023-02-02,8883
3558,神準,26,10,16,國泰-松江,2023-02-02,8883
00633L,富邦上証正2,16,0,16,國泰-松江,2023-02-02,8883
2455,全新,17,1,16,國泰-松江,2023-02-02,8883
2634,漢翔,17,1,16,國泰-松江,2023-02-02,8883
1810,和成,24,9,15,國泰-松江,2023-02-02,8883
2367,燿華,22,7,15,國泰-松江,2023-02-02,8883
5258,虹堡,28,14,14,國泰-松江,2023-02-02,8883
4968,立積,15,1,14,國泰-松江,2023-02-02,8883
1513,中興電,59,46,13,國泰-松江,2023-02-02,8883
2354,鴻準,14,1,13,國泰-松江,2023-02-02,8883
2614,東森,16,3,13,國泰-松江,2023-02-02,8883
00671R,富邦NASDAQ反1,13,0,13,國泰-松江,2023-02-02,8883
00637L,元大滬深300正2,20,7,13,國泰-松江,2023-02-02,8883
8222,寶一,15,2,13,國泰-松江,2023-02-02,8883
4743,合一,29,16,13,國泰-松江,2023-02-02,8883
6770,力積電,36,24,12,國泰-松江,2023-02-02,8883
6217,中探針,12,0,12,國泰-松江,2023-02-02,8883
3044,健鼎,13,1,12,國泰-松江,2023-02-02,8883
2014,中鴻,55,43,12,國泰-松江,2023-02-02,8883
8044,網家,20,8,12,國泰-松江,2023-02-02,8883
2614,東森,401,22,379,國泰-松江,2023-02-03,8883
3013,晟銘電,256,11,245,國泰-松江,2023-02-03,8883
00665L,富邦�琤肭磪囓�2,220,0,220,國泰-松江,2023-02-03,8883
00632R,元大台灣50反1,221,6,215,國泰-松江,2023-02-03,8883
00878,國泰永續高股息,236,28,208,國泰-松江,2023-02-03,8883
5009,榮剛,221,91,130,國泰-松江,2023-02-03,8883
00882,中信中國高股息,130,3,127,國泰-松江,2023-02-03,8883
2888,新光金,107,1,106,國泰-松江,2023-02-03,8883
00753L,中信中國50正2,89,0,89,國泰-松江,2023-02-03,8883
2609,陽明,140,75,65,國泰-松江,2023-02-03,8883
00679B,元大美債20年,54,1,53,國泰-松江,2023-02-03,8883
2103,台橡,65,13,52,國泰-松江,2023-02-03,8883
1313,聯成,50,0,50,國泰-松江,2023-02-03,8883
2891,中信金,45,1,44,國泰-松江,2023-02-03,8883
2009,第一銅,98,57,41,國泰-松江,2023-02-03,8883
2317,鴻海,44,8,36,國泰-松江,2023-02-03,8883
2603,長榮,57,23,34,國泰-松江,2023-02-03,8883
00637L,元大滬深300正2,86,52,34,國泰-松江,2023-02-03,8883
5258,虹堡,86,56,30,國泰-松江,2023-02-03,8883
2014,中鴻,32,3,29,國泰-松江,2023-02-03,8883
9907,統一實,29,0,29,國泰-松江,2023-02-03,8883
6799,來頡,26,1,25,國泰-松江,2023-02-03,8883
2030,彰源,24,2,22,國泰-松江,2023-02-03,8883
2329,華泰,23,1,22,國泰-松江,2023-02-03,8883
6202,盛群,22,0,22,國泰-松江,2023-02-03,8883
1101,台泥,21,0,21,國泰-松江,2023-02-03,8883
00715L,期街口布蘭特正2,21,0,21,國泰-松江,2023-02-03,8883
1519,華城,23,3,20,國泰-松江,2023-02-03,8883
2027,大成鋼,19,0,19,國泰-松江,2023-02-03,8883
2498,宏達電,243,225,18,國泰-松江,2023-02-03,8883
2637,慧洋-KY,19,1,18,國泰-松江,2023-02-03,8883
5607,遠雄港,20,2,18,國泰-松江,2023-02-03,8883
1513,中興電,39,21,18,國泰-松江,2023-02-03,8883
6443,元晶,28,10,18,國泰-松江,2023-02-03,8883
6188,廣明,20,3,17,國泰-松江,2023-02-03,8883
2929,淘帝-KY,18,2,16,國泰-松江,2023-02-03,8883
00900,富邦特選高股息30,21,5,16,國泰-松江,2023-02-03,8883
1785,光洋科,16,1,15,國泰-松江,2023-02-03,8883
3710,連展投控,14,0,14,國泰-松江,2023-02-03,8883
2409,友達,13,0,13,國泰-松江,2023-02-03,8883
2002,中鋼,13,0,13,國泰-松江,2023-02-03,8883
4746,台耀,22,9,13,國泰-松江,2023-02-03,8883
9945,潤泰新,14,2,12,國泰-松江,2023-02-03,8883
2641,正德,12,0,12,國泰-松江,2023-02-03,8883
2444,兆勁,12,0,12,國泰-松江,2023-02-03,8883
8227,巨有科技,28,16,12,國泰-松江,2023-02-03,8883
6770,力積電,15,4,11,國泰-松江,2023-02-03,8883
2886,兆豐金,11,0,11,國泰-松江,2023-02-03,8883
2615,萬海,84,73,11,國泰-松江,2023-02-03,8883
00907,永豐優息存股,11,0,11,國泰-松江,2023-02-03,8883
00637L,元大滬深300正2,560,9,551,國泰-松江,2023-02-06,8883
00878,國泰永續高股息,311,50,261,國泰-松江,2023-02-06,8883
00632R,元大台灣50反1,209,36,173,國泰-松江,2023-02-06,8883
0056,元大高股息,109,6,103,國泰-松江,2023-02-06,8883
00882,中信中國高股息,105,2,103,國泰-松江,2023-02-06,8883
1605,華新,164,64,100,國泰-松江,2023-02-06,8883
3576,聯合再生,111,13,98,國泰-松江,2023-02-06,8883
00671R,富邦NASDAQ反1,82,1,81,國泰-松江,2023-02-06,8883
00753L,中信中國50正2,108,30,78,國泰-松江,2023-02-06,8883
1313,聯成,65,0,65,國泰-松江,2023-02-06,8883
00679B,元大美債20年,61,4,57,國泰-松江,2023-02-06,8883
2888,新光金,47,0,47,國泰-松江,2023-02-06,8883
6282,康舒,147,103,44,國泰-松江,2023-02-06,8883
2201,裕隆,118,80,38,國泰-松江,2023-02-06,8883
6109,亞元,34,0,34,國泰-松江,2023-02-06,8883
5009,榮剛,45,11,34,國泰-松江,2023-02-06,8883
00680L,元大美債20正2,33,0,33,國泰-松江,2023-02-06,8883
00683L,期元大美元指正2,31,0,31,國泰-松江,2023-02-06,8883
00665L,富邦�琤肭磪囓�2,30,0,30,國泰-松江,2023-02-06,8883
3037,欣興,44,17,27,國泰-松江,2023-02-06,8883
2486,一詮,30,4,26,國泰-松江,2023-02-06,8883
00720B,元大投資級公司債,26,0,26,國泰-松江,2023-02-06,8883
00891,中信關鍵半導體,25,0,25,國泰-松江,2023-02-06,8883
5351,鈺創,37,12,25,國泰-松江,2023-02-06,8883
2481,強茂,63,39,24,國泰-松江,2023-02-06,8883
2884,玉山金,24,1,23,國泰-松江,2023-02-06,8883
00715L,期街口布蘭特正2,23,0,23,國泰-松江,2023-02-06,8883
2330,台積電,25,2,23,國泰-松江,2023-02-06,8883
4142,國光生,22,0,22,國泰-松江,2023-02-06,8883
4155,訊映,22,0,22,國泰-松江,2023-02-06,8883
2603,長榮,69,48,21,國泰-松江,2023-02-06,8883
00772B,中信高評級公司債,21,0,21,國泰-松江,2023-02-06,8883
4746,台耀,25,5,20,國泰-松江,2023-02-06,8883
6202,盛群,21,1,20,國泰-松江,2023-02-06,8883
1522,堤維西,20,0,20,國泰-松江,2023-02-06,8883
1760,寶齡富錦,47,28,19,國泰-松江,2023-02-06,8883
2515,中工,28,10,18,國泰-松江,2023-02-06,8883
3703,欣陸,17,0,17,國泰-松江,2023-02-06,8883
2408,南亞科,15,0,15,國泰-松江,2023-02-06,8883
00907,永豐優息存股,20,5,15,國泰-松江,2023-02-06,8883
3443,創意,30,15,15,國泰-松江,2023-02-06,8883
00885,富邦越南,20,6,14,國泰-松江,2023-02-06,8883
00751B,元大AAA至A公司債,14,0,14,國泰-松江,2023-02-06,8883
2610,華航,25,11,14,國泰-松江,2023-02-06,8883
00650L,復華香港正2,13,0,13,國泰-松江,2023-02-06,8883
2609,陽明,124,112,12,國泰-松江,2023-02-06,8883
00642U,期元大S＆P石油,12,0,12,國泰-松江,2023-02-06,8883
00902,中信電池及儲能,19,7,12,國泰-松江,2023-02-06,8883
00919,群益台灣精選高息,12,0,12,國泰-松江,2023-02-06,8883
3189,景碩,14,2,12,國泰-松江,2023-02-06,8883
00878,國泰永續高股息,198,47,151,國泰-松江,2023-02-07,8883
00632R,元大台灣50反1,195,60,135,國泰-松江,2023-02-07,8883
1605,華新,208,76,132,國泰-松江,2023-02-07,8883
8110,華東,123,1,122,國泰-松江,2023-02-07,8883
6116,彩晶,127,10,117,國泰-松江,2023-02-07,8883
4128,中天,105,7,98,國泰-松江,2023-02-07,8883
00772B,中信高評級公司債,63,0,63,國泰-松江,2023-02-07,8883
4164,承業醫,65,4,61,國泰-松江,2023-02-07,8883
3576,聯合再生,58,0,58,國泰-松江,2023-02-07,8883
2324,仁寶,56,2,54,國泰-松江,2023-02-07,8883
00679B,元大美債20年,47,0,47,國泰-松江,2023-02-07,8883
2409,友達,55,12,43,國泰-松江,2023-02-07,8883
2618,長榮航,67,25,42,國泰-松江,2023-02-07,8883
2498,宏達電,96,59,37,國泰-松江,2023-02-07,8883
00712,復華富時不動產,34,3,31,國泰-松江,2023-02-07,8883
5009,榮剛,52,21,31,國泰-松江,2023-02-07,8883
2358,廷鑫,32,2,30,國泰-松江,2023-02-07,8883
00680L,元大美債20正2,30,0,30,國泰-松江,2023-02-07,8883
2317,鴻海,31,4,27,國泰-松江,2023-02-07,8883
8227,巨有科技,54,27,27,國泰-松江,2023-02-07,8883
3022,威強電,67,40,27,國泰-松江,2023-02-07,8883
2303,聯電,40,14,26,國泰-松江,2023-02-07,8883
3481,群創,57,32,25,國泰-松江,2023-02-07,8883
0050,元大台灣50,24,1,23,國泰-松江,2023-02-07,8883
1795,美時,103,82,21,國泰-松江,2023-02-07,8883
2884,玉山金,22,1,21,國泰-松江,2023-02-07,8883
5607,遠雄港,20,0,20,國泰-松江,2023-02-07,8883
6109,亞元,20,0,20,國泰-松江,2023-02-07,8883
4102,永日,22,2,20,國泰-松江,2023-02-07,8883
6799,來頡,21,1,20,國泰-松江,2023-02-07,8883
2812,台中銀,20,0,20,國泰-松江,2023-02-07,8883
2368,金像電,37,18,19,國泰-松江,2023-02-07,8883
2633,台灣高鐵,20,1,19,國泰-松江,2023-02-07,8883
5225,東科-KY,18,0,18,國泰-松江,2023-02-07,8883
6129,普誠,24,8,16,國泰-松江,2023-02-07,8883
3591,艾笛森,17,2,15,國泰-松江,2023-02-07,8883
00642U,期元大S＆P石油,17,2,15,國泰-松江,2023-02-07,8883
2610,華航,28,14,14,國泰-松江,2023-02-07,8883
3443,創意,40,27,13,國泰-松江,2023-02-07,8883
2330,台積電,18,5,13,國泰-松江,2023-02-07,8883
00715L,期街口布蘭特正2,20,8,12,國泰-松江,2023-02-07,8883
2243,宏旭-KY,27,15,12,國泰-松江,2023-02-07,8883
3141,晶宏,14,3,11,國泰-松江,2023-02-07,8883
2454,聯發科,16,5,11,國泰-松江,2023-02-07,8883
00882,中信中國高股息,11,0,11,國泰-松江,2023-02-07,8883
2375,凱美,10,0,10,國泰-松江,2023-02-07,8883
1701,中化,13,3,10,國泰-松江,2023-02-07,8883
8104,錸寶,10,0,10,國泰-松江,2023-02-07,8883
5452,佶優,10,0,10,國泰-松江,2023-02-07,8883
00760B,復華新興企業債,10,0,10,國泰-松江,2023-02-07,8883
2201,裕隆,608,114,494,國泰-松江,2023-02-08,8883
00878,國泰永續高股息,316,62,254,國泰-松江,2023-02-08,8883
3481,群創,279,90,189,國泰-松江,2023-02-08,8883
00679B,元大美債20年,130,0,130,國泰-松江,2023-02-08,8883
00772B,中信高評級公司債,85,0,85,國泰-松江,2023-02-08,8883
5347,世界,66,1,65,國泰-松江,2023-02-08,8883
5009,榮剛,102,42,60,國泰-松江,2023-02-08,8883
4128,中天,70,12,58,國泰-松江,2023-02-08,8883
00780B,國泰A級金融債,50,0,50,國泰-松江,2023-02-08,8883
2014,中鴻,77,30,47,國泰-松江,2023-02-08,8883
2884,玉山金,46,0,46,國泰-松江,2023-02-08,8883
00673R,期元大S＆P原油反1,49,4,45,國泰-松江,2023-02-08,8883
6550,北極星藥業-KY,50,6,44,國泰-松江,2023-02-08,8883
3006,晶豪科,45,2,43,國泰-松江,2023-02-08,8883
00770,國泰北美科技,46,3,43,國泰-松江,2023-02-08,8883
00671R,富邦NASDAQ反1,41,0,41,國泰-松江,2023-02-08,8883
2358,廷鑫,46,10,36,國泰-松江,2023-02-08,8883
00680L,元大美債20正2,36,0,36,國泰-松江,2023-02-08,8883
00720B,元大投資級公司債,39,3,36,國泰-松江,2023-02-08,8883
3710,連展投控,42,7,35,國泰-松江,2023-02-08,8883
00885,富邦越南,33,1,32,國泰-松江,2023-02-08,8883
4114,健喬,89,59,30,國泰-松江,2023-02-08,8883
00632R,元大台灣50反1,185,156,29,國泰-松江,2023-02-08,8883
5351,鈺創,32,5,27,國泰-松江,2023-02-08,8883
2312,金寶,25,0,25,國泰-松江,2023-02-08,8883
8046,南電,32,7,25,國泰-松江,2023-02-08,8883
4977,眾達-KY,23,0,23,國泰-松江,2023-02-08,8883
3022,威強電,43,21,22,國泰-松江,2023-02-08,8883
6770,力積電,25,4,21,國泰-松江,2023-02-08,8883
1522,堤維西,21,0,21,國泰-松江,2023-02-08,8883
2903,遠百,21,0,21,國泰-松江,2023-02-08,8883
3518,柏騰,20,0,20,國泰-松江,2023-02-08,8883
2515,中工,20,0,20,國泰-松江,2023-02-08,8883
2890,永豐金,21,2,19,國泰-松江,2023-02-08,8883
00751B,元大AAA至A公司債,18,0,18,國泰-松江,2023-02-08,8883
8150,南茂,20,3,17,國泰-松江,2023-02-08,8883
1721,三晃,16,0,16,國泰-松江,2023-02-08,8883
5425,台半,24,8,16,國泰-松江,2023-02-08,8883
3037,欣興,24,8,16,國泰-松江,2023-02-08,8883
6180,橘子,21,5,16,國泰-松江,2023-02-08,8883
2886,兆豐金,16,0,16,國泰-松江,2023-02-08,8883
4763,材料-KY,57,42,15,國泰-松江,2023-02-08,8883
2888,新光金,14,0,14,國泰-松江,2023-02-08,8883
4130,健亞,14,0,14,國泰-松江,2023-02-08,8883
8466,美吉吉-KY,14,0,14,國泰-松江,2023-02-08,8883
6244,茂迪,14,0,14,國泰-松江,2023-02-08,8883
00715L,期街口布蘭特正2,16,3,13,國泰-松江,2023-02-08,8883
3576,聯合再生,21,9,12,國泰-松江,2023-02-08,8883
8016,矽創,13,1,12,國泰-松江,2023-02-08,8883
6472,保瑞,30,18,12,國泰-松江,2023-02-08,8883
2888,新光金,319,1,318,國泰-松江,2023-02-09,8883
00632R,元大台灣50反1,204,5,199,國泰-松江,2023-02-09,8883
2201,裕隆,166,52,114,國泰-松江,2023-02-09,8883
2634,漢翔,181,68,113,國泰-松江,2023-02-09,8883
00878,國泰永續高股息,106,19,87,國泰-松江,2023-02-09,8883
4503,金雨,80,1,79,國泰-松江,2023-02-09,8883
2884,玉山金,66,1,65,國泰-松江,2023-02-09,8883
00679B,元大美債20年,65,1,64,國泰-松江,2023-02-09,8883
2425,承啟,68,6,62,國泰-松江,2023-02-09,8883
8349,�矬�,65,3,62,國泰-松江,2023-02-09,8883
3088,艾訊,70,10,60,國泰-松江,2023-02-09,8883
5009,榮剛,75,33,42,國泰-松江,2023-02-09,8883
4744,皇將,39,0,39,國泰-松江,2023-02-09,8883
5225,東科-KY,35,0,35,國泰-松江,2023-02-09,8883
2883,凱基金,34,1,33,國泰-松江,2023-02-09,8883
6531,愛普*,83,52,31,國泰-松江,2023-02-09,8883
6485,點序,30,0,30,國泰-松江,2023-02-09,8883
4114,健喬,50,21,29,國泰-松江,2023-02-09,8883
3162,精確,29,2,27,國泰-松江,2023-02-09,8883
00673R,期元大S＆P原油反1,27,1,26,國泰-松江,2023-02-09,8883
00720B,元大投資級公司債,27,2,25,國泰-松江,2023-02-09,8883
00772B,中信高評級公司債,23,0,23,國泰-松江,2023-02-09,8883
5309,系統電,31,9,22,國泰-松江,2023-02-09,8883
4102,永日,33,11,22,國泰-松江,2023-02-09,8883
00882,中信中國高股息,22,0,22,國泰-松江,2023-02-09,8883
2102,泰豐,20,0,20,國泰-松江,2023-02-09,8883
00683L,期元大美元指正2,20,0,20,國泰-松江,2023-02-09,8883
2344,華邦電,46,27,19,國泰-松江,2023-02-09,8883
5475,德宏,17,0,17,國泰-松江,2023-02-09,8883
1783,和康生,17,0,17,國泰-松江,2023-02-09,8883
1584,精剛,29,13,16,國泰-松江,2023-02-09,8883
8996,高力,42,26,16,國泰-松江,2023-02-09,8883
1701,中化,31,16,15,國泰-松江,2023-02-09,8883
6235,華孚,289,275,14,國泰-松江,2023-02-09,8883
2882,國泰金,19,6,13,國泰-松江,2023-02-09,8883
1305,華夏,12,0,12,國泰-松江,2023-02-09,8883
2303,聯電,36,24,12,國泰-松江,2023-02-09,8883
00753L,中信中國50正2,18,6,12,國泰-松江,2023-02-09,8883
2359,所羅門,16,4,12,國泰-松江,2023-02-09,8883
2401,凌陽,16,4,12,國泰-松江,2023-02-09,8883
00905,FT臺灣Smart,12,0,12,國泰-松江,2023-02-09,8883
1308,亞聚,12,0,12,國泰-松江,2023-02-09,8883
2530,華建,11,0,11,國泰-松江,2023-02-09,8883
00680L,元大美債20正2,11,0,11,國泰-松江,2023-02-09,8883
2597,潤弘,11,0,11,國泰-松江,2023-02-09,8883
00795B,中信美國公債20年,12,2,10,國泰-松江,2023-02-09,8883
00900,富邦特選高股息30,11,1,10,國泰-松江,2023-02-09,8883
2468,華經,11,1,10,國泰-松江,2023-02-09,8883
4991,環宇-KY,10,0,10,國泰-松江,2023-02-09,8883
3532,台勝科,10,0,10,國泰-松江,2023-02-09,8883
00679B,元大美債20年,974,10,964,國泰-松江,2023-02-10,8883
00878,國泰永續高股息,292,30,262,國泰-松江,2023-02-10,8883
1584,精剛,132,37,95,國泰-松江,2023-02-10,8883
5009,榮剛,151,59,92,國泰-松江,2023-02-10,8883
6282,康舒,108,22,86,國泰-松江,2023-02-10,8883
2888,新光金,70,4,66,國泰-松江,2023-02-10,8883
1605,華新,102,38,64,國泰-松江,2023-02-10,8883
1445,大宇,60,0,60,國泰-松江,2023-02-10,8883
2498,宏達電,118,60,58,國泰-松江,2023-02-10,8883
2610,華航,55,4,51,國泰-松江,2023-02-10,8883
00720B,元大投資級公司債,53,2,51,國泰-松江,2023-02-10,8883
2409,友達,52,3,49,國泰-松江,2023-02-10,8883
4503,金雨,43,0,43,國泰-松江,2023-02-10,8883
00632R,元大台灣50反1,50,8,42,國泰-松江,2023-02-10,8883
2368,金像電,42,2,40,國泰-松江,2023-02-10,8883
00665L,富邦�琤肭磪囓�2,40,1,39,國泰-松江,2023-02-10,8883
1524,耿鼎,40,1,39,國泰-松江,2023-02-10,8883
4977,眾達-KY,44,13,31,國泰-松江,2023-02-10,8883
1305,華夏,30,0,30,國泰-松江,2023-02-10,8883
6202,盛群,32,2,30,國泰-松江,2023-02-10,8883
4155,訊映,33,4,29,國泰-松江,2023-02-10,8883
00751B,元大AAA至A公司債,28,0,28,國泰-松江,2023-02-10,8883
1308,亞聚,26,0,26,國泰-松江,2023-02-10,8883
00712,復華富時不動產,28,3,25,國泰-松江,2023-02-10,8883
2453,凌群,122,98,24,國泰-松江,2023-02-10,8883
00885,富邦越南,28,4,24,國泰-松江,2023-02-10,8883
3037,欣興,24,0,24,國泰-松江,2023-02-10,8883
2344,華邦電,26,3,23,國泰-松江,2023-02-10,8883
00772B,中信高評級公司債,22,0,22,國泰-松江,2023-02-10,8883
4533,協易機,21,0,21,國泰-松江,2023-02-10,8883
6770,力積電,21,0,21,國泰-松江,2023-02-10,8883
00637L,元大滬深300正2,33,12,21,國泰-松江,2023-02-10,8883
0056,元大高股息,30,10,20,國泰-松江,2023-02-10,8883
2243,宏旭-KY,19,0,19,國泰-松江,2023-02-10,8883
00671R,富邦NASDAQ反1,20,2,18,國泰-松江,2023-02-10,8883
4744,皇將,21,4,17,國泰-松江,2023-02-10,8883
2891,中信金,19,3,16,國泰-松江,2023-02-10,8883
4991,環宇-KY,16,0,16,國泰-松江,2023-02-10,8883
2329,華泰,15,0,15,國泰-松江,2023-02-10,8883
2492,華新科,16,1,15,國泰-松江,2023-02-10,8883
6550,北極星藥業-KY,66,51,15,國泰-松江,2023-02-10,8883
00670L,富邦NASDAQ正2,15,0,15,國泰-松江,2023-02-10,8883
8466,美吉吉-KY,15,0,15,國泰-松江,2023-02-10,8883
6472,保瑞,46,31,15,國泰-松江,2023-02-10,8883
6116,彩晶,14,0,14,國泰-松江,2023-02-10,8883
1519,華城,19,5,14,國泰-松江,2023-02-10,8883
4746,台耀,14,0,14,國泰-松江,2023-02-10,8883
1701,中化,51,37,14,國泰-松江,2023-02-10,8883
2515,中工,15,2,13,國泰-松江,2023-02-10,8883
3707,漢磊,15,2,13,國泰-松江,2023-02-10,8883
00878,國泰永續高股息,314,25,289,國泰-松江,2023-02-13,8883
00753L,中信中國50正2,292,32,260,國泰-松江,2023-02-13,8883
00720B,元大投資級公司債,75,0,75,國泰-松江,2023-02-13,8883
2201,裕隆,141,67,74,國泰-松江,2023-02-13,8883
00687B,國泰20年美債,62,2,60,國泰-松江,2023-02-13,8883
00679B,元大美債20年,66,9,57,國泰-松江,2023-02-13,8883
2609,陽明,69,18,51,國泰-松江,2023-02-13,8883
2409,友達,45,3,42,國泰-松江,2023-02-13,8883
2634,漢翔,54,22,32,國泰-松江,2023-02-13,8883
2371,大同,33,1,32,國泰-松江,2023-02-13,8883
00680L,元大美債20正2,32,0,32,國泰-松江,2023-02-13,8883
6129,普誠,32,0,32,國泰-松江,2023-02-13,8883
2888,新光金,32,1,31,國泰-松江,2023-02-13,8883
2368,金像電,26,1,25,國泰-松江,2023-02-13,8883
2358,廷鑫,26,1,25,國泰-松江,2023-02-13,8883
2618,長榮航,40,16,24,國泰-松江,2023-02-13,8883
6104,創惟,38,14,24,國泰-松江,2023-02-13,8883
00900,富邦特選高股息30,25,1,24,國泰-松江,2023-02-13,8883
3029,零壹,31,8,23,國泰-松江,2023-02-13,8883
0056,元大高股息,36,15,21,國泰-松江,2023-02-13,8883
1752,南光,37,17,20,國泰-松江,2023-02-13,8883
8081,致新,20,0,20,國泰-松江,2023-02-13,8883
8401,白紗科,20,0,20,國泰-松江,2023-02-13,8883
00772B,中信高評級公司債,21,2,19,國泰-松江,2023-02-13,8883
00885,富邦越南,19,0,19,國泰-松江,2023-02-13,8883
1506,正道,19,0,19,國泰-松江,2023-02-13,8883
3711,日月光投控,24,5,19,國泰-松江,2023-02-13,8883
1605,華新,24,5,19,國泰-松江,2023-02-13,8883
00780B,國泰A級金融債,18,0,18,國泰-松江,2023-02-13,8883
00665L,富邦�琤肭磪囓�2,18,0,18,國泰-松江,2023-02-13,8883
00650L,復華香港正2,18,0,18,國泰-松江,2023-02-13,8883
2303,聯電,34,17,17,國泰-松江,2023-02-13,8883
00673R,期元大S＆P原油反1,17,0,17,國泰-松江,2023-02-13,8883
6165,浪凡,17,0,17,國泰-松江,2023-02-13,8883
2603,長榮,66,50,16,國泰-松江,2023-02-13,8883
3105,穩懋,19,3,16,國泰-松江,2023-02-13,8883
3576,聯合再生,15,0,15,國泰-松江,2023-02-13,8883
1216,統一,15,1,14,國泰-松江,2023-02-13,8883
2504,國產,14,0,14,國泰-松江,2023-02-13,8883
2892,第一金,15,1,14,國泰-松江,2023-02-13,8883
8222,寶一,47,34,13,國泰-松江,2023-02-13,8883
00751B,元大AAA至A公司債,18,5,13,國泰-松江,2023-02-13,8883
2388,威盛,50,38,12,國泰-松江,2023-02-13,8883
2495,普安,23,11,12,國泰-松江,2023-02-13,8883
3625,西勝,12,0,12,國泰-松江,2023-02-13,8883
3017,奇鋐,12,0,12,國泰-松江,2023-02-13,8883
00637L,元大滬深300正2,26,15,11,國泰-松江,2023-02-13,8883
5225,東科-KY,12,1,11,國泰-松江,2023-02-13,8883
6747,亨泰光,10,0,10,國泰-松江,2023-02-13,8883
1210,大成,10,0,10,國泰-松江,2023-02-13,8883
00878,國泰永續高股息,272,75,197,國泰-松江,2023-02-14,8883
2603,長榮,136,71,65,國泰-松江,2023-02-14,8883
00632R,元大台灣50反1,135,70,65,國泰-松江,2023-02-14,8883
00637L,元大滬深300正2,70,16,54,國泰-松江,2023-02-14,8883
6290,良維,78,27,51,國泰-松江,2023-02-14,8883
8349,�矬�,50,0,50,國泰-松江,2023-02-14,8883
2884,玉山金,51,4,47,國泰-松江,2023-02-14,8883
4114,健喬,112,72,40,國泰-松江,2023-02-14,8883
00772B,中信高評級公司債,37,0,37,國泰-松江,2023-02-14,8883
5225,東科-KY,33,1,32,國泰-松江,2023-02-14,8883
6142,友勁,30,0,30,國泰-松江,2023-02-14,8883
00679B,元大美債20年,27,2,25,國泰-松江,2023-02-14,8883
3704,合勤控,35,11,24,國泰-松江,2023-02-14,8883
2453,凌群,194,170,24,國泰-松江,2023-02-14,8883
00665L,富邦�琤肭磪囓�2,32,9,23,國泰-松江,2023-02-14,8883
2009,第一銅,21,1,20,國泰-松江,2023-02-14,8883
6244,茂迪,20,0,20,國泰-松江,2023-02-14,8883
3289,宜特,25,5,20,國泰-松江,2023-02-14,8883
4743,合一,35,17,18,國泰-松江,2023-02-14,8883
00885,富邦越南,23,5,18,國泰-松江,2023-02-14,8883
4503,金雨,56,38,18,國泰-松江,2023-02-14,8883
6282,康舒,31,15,16,國泰-松江,2023-02-14,8883
2458,義隆,16,0,16,國泰-松江,2023-02-14,8883
2359,所羅門,16,0,16,國泰-松江,2023-02-14,8883
3444,利機,16,0,16,國泰-松江,2023-02-14,8883
3710,連展投控,16,0,16,國泰-松江,2023-02-14,8883
2243,宏旭-KY,15,0,15,國泰-松江,2023-02-14,8883
00882,中信中國高股息,17,2,15,國泰-松江,2023-02-14,8883
1519,華城,18,4,14,國泰-松江,2023-02-14,8883
8069,元太,52,38,14,國泰-松江,2023-02-14,8883
2014,中鴻,49,35,14,國泰-松江,2023-02-14,8883
3037,欣興,33,20,13,國泰-松江,2023-02-14,8883
00673R,期元大S＆P原油反1,13,0,13,國泰-松江,2023-02-14,8883
00893,國泰智能電動車,14,2,12,國泰-松江,2023-02-14,8883
00780B,國泰A級金融債,12,0,12,國泰-松江,2023-02-14,8883
8927,北基,18,6,12,國泰-松江,2023-02-14,8883
2405,輔信,12,0,12,國泰-松江,2023-02-14,8883
2609,陽明,28,16,12,國泰-松江,2023-02-14,8883
4953,緯軟,15,4,11,國泰-松江,2023-02-14,8883
8358,金居,16,5,11,國泰-松江,2023-02-14,8883
2344,華邦電,13,2,11,國泰-松江,2023-02-14,8883
5706,鳳凰,18,7,11,國泰-松江,2023-02-14,8883
6104,創惟,39,28,11,國泰-松江,2023-02-14,8883
2371,大同,10,0,10,國泰-松江,2023-02-14,8883
4979,華星光,11,1,10,國泰-松江,2023-02-14,8883
6209,今國光,10,0,10,國泰-松江,2023-02-14,8883
4729,熒茂,10,0,10,國泰-松江,2023-02-14,8883
6643,M31,26,16,10,國泰-松江,2023-02-14,8883
3682,亞太電,10,0,10,國泰-松江,2023-02-14,8883
2890,永豐金,9,0,9,國泰-松江,2023-02-14,8883
00878,國泰永續高股息,713,207,506,國泰-松江,2023-02-15,8883
00753L,中信中國50正2,63,15,48,國泰-松江,2023-02-15,8883
00720B,元大投資級公司債,46,3,43,國泰-松江,2023-02-15,8883
2027,大成鋼,107,70,37,國泰-松江,2023-02-15,8883
5905,南仁湖,52,15,37,國泰-松江,2023-02-15,8883
0050,元大台灣50,41,5,36,國泰-松江,2023-02-15,8883
00780B,國泰A級金融債,35,0,35,國泰-松江,2023-02-15,8883
4114,健喬,51,16,35,國泰-松江,2023-02-15,8883
0056,元大高股息,44,11,33,國泰-松江,2023-02-15,8883
3189,景碩,33,2,31,國泰-松江,2023-02-15,8883
00900,富邦特選高股息30,52,21,31,國泰-松江,2023-02-15,8883
00882,中信中國高股息,30,2,28,國泰-松江,2023-02-15,8883
3260,威剛,27,1,26,國泰-松江,2023-02-15,8883
2371,大同,57,32,25,國泰-松江,2023-02-15,8883
00881,國泰台灣5G+,26,1,25,國泰-松江,2023-02-15,8883
00919,群益台灣精選高息,25,0,25,國泰-松江,2023-02-15,8883
1701,中化,25,4,21,國泰-松江,2023-02-15,8883
2884,玉山金,23,3,20,國泰-松江,2023-02-15,8883
3540,曜越,22,4,18,國泰-松江,2023-02-15,8883
00671R,富邦NASDAQ反1,20,2,18,國泰-松江,2023-02-15,8883
3708,上緯投控,17,0,17,國泰-松江,2023-02-15,8883
3693,營邦,28,12,16,國泰-松江,2023-02-15,8883
3653,健策,18,3,15,國泰-松江,2023-02-15,8883
00890B,凱基ESG BBB債,15,0,15,國泰-松江,2023-02-15,8883
2603,長榮,28,13,15,國泰-松江,2023-02-15,8883
5347,世界,18,3,15,國泰-松江,2023-02-15,8883
2834,臺企銀,14,0,14,國泰-松江,2023-02-15,8883
2486,一詮,16,2,14,國泰-松江,2023-02-15,8883
2481,強茂,64,50,14,國泰-松江,2023-02-15,8883
3712,永崴投控,13,0,13,國泰-松江,2023-02-15,8883
8150,南茂,13,0,13,國泰-松江,2023-02-15,8883
4142,國光生,13,0,13,國泰-松江,2023-02-15,8883
2727,王品,32,19,13,國泰-松江,2023-02-15,8883
2615,萬海,15,3,12,國泰-松江,2023-02-15,8883
2491,吉祥全,12,0,12,國泰-松江,2023-02-15,8883
2707,晶華,32,20,12,國泰-松江,2023-02-15,8883
1519,華城,38,26,12,國泰-松江,2023-02-15,8883
006208,富邦台50,15,3,12,國泰-松江,2023-02-15,8883
00891,中信關鍵半導體,24,12,12,國泰-松江,2023-02-15,8883
2017,官田鋼,12,1,11,國泰-松江,2023-02-15,8883
1301,台塑,12,1,11,國泰-松江,2023-02-15,8883
1760,寶齡富錦,28,17,11,國泰-松江,2023-02-15,8883
00715L,期街口布蘭特正2,11,0,11,國泰-松江,2023-02-15,8883
3141,晶宏,16,5,11,國泰-松江,2023-02-15,8883
2402,毅嘉,27,16,11,國泰-松江,2023-02-15,8883
2495,普安,16,5,11,國泰-松江,2023-02-15,8883
2405,輔信,11,0,11,國泰-松江,2023-02-15,8883
2329,華泰,10,0,10,國泰-松江,2023-02-15,8883
5512,力麒,10,0,10,國泰-松江,2023-02-15,8883
00731,復華富時高息低波,10,0,10,國泰-松江,2023-02-15,8883
00878,國泰永續高股息,473,47,426,國泰-松江,2023-02-16,8883
2201,裕隆,443,187,256,國泰-松江,2023-02-16,8883
1513,中興電,325,138,187,國泰-松江,2023-02-16,8883
00679B,元大美債20年,157,19,138,國泰-松江,2023-02-16,8883
6770,力積電,61,1,60,國泰-松江,2023-02-16,8883
00671R,富邦NASDAQ反1,50,2,48,國泰-松江,2023-02-16,8883
2330,台積電,68,21,47,國泰-松江,2023-02-16,8883
2457,飛宏,74,28,46,國泰-松江,2023-02-16,8883
6603,富強鑫,42,0,42,國泰-松江,2023-02-16,8883
3362,先進光,40,0,40,國泰-松江,2023-02-16,8883
2303,聯電,69,31,38,國泰-松江,2023-02-16,8883
00680L,元大美債20正2,37,6,31,國泰-松江,2023-02-16,8883
5706,鳳凰,46,16,30,國泰-松江,2023-02-16,8883
6282,康舒,33,4,29,國泰-松江,2023-02-16,8883
00720B,元大投資級公司債,32,6,26,國泰-松江,2023-02-16,8883
00772B,中信高評級公司債,25,0,25,國泰-松江,2023-02-16,8883
00751B,元大AAA至A公司債,26,1,25,國泰-松江,2023-02-16,8883
5258,虹堡,33,9,24,國泰-松江,2023-02-16,8883
6712,長聖,31,9,22,國泰-松江,2023-02-16,8883
00900,富邦特選高股息30,21,1,20,國泰-松江,2023-02-16,8883
8261,富鼎,23,3,20,國泰-松江,2023-02-16,8883
1540,喬福,21,1,20,國泰-松江,2023-02-16,8883
00795B,中信美國公債20年,26,7,19,國泰-松江,2023-02-16,8883
2368,金像電,43,24,19,國泰-松江,2023-02-16,8883
1503,士電,60,42,18,國泰-松江,2023-02-16,8883
3707,漢磊,20,2,18,國泰-松江,2023-02-16,8883
2332,友訊,18,0,18,國泰-松江,2023-02-16,8883
00885,富邦越南,27,9,18,國泰-松江,2023-02-16,8883
5213,亞昕,47,30,17,國泰-松江,2023-02-16,8883
6245,立端,26,10,16,國泰-松江,2023-02-16,8883
2707,晶華,35,19,16,國泰-松江,2023-02-16,8883
4114,健喬,31,16,15,國泰-松江,2023-02-16,8883
00780B,國泰A級金融債,14,0,14,國泰-松江,2023-02-16,8883
4763,材料-KY,31,17,14,國泰-松江,2023-02-16,8883
6547,高端疫苗,14,0,14,國泰-松江,2023-02-16,8883
00903,富邦元宇宙,15,1,14,國泰-松江,2023-02-16,8883
2359,所羅門,14,0,14,國泰-松江,2023-02-16,8883
1609,大亞,36,22,14,國泰-松江,2023-02-16,8883
3443,創意,75,62,13,國泰-松江,2023-02-16,8883
3035,智原,40,28,12,國泰-松江,2023-02-16,8883
2369,菱生,12,0,12,國泰-松江,2023-02-16,8883
6179,亞通,12,0,12,國泰-松江,2023-02-16,8883
4927,泰鼎-KY,12,0,12,國泰-松江,2023-02-16,8883
00882,中信中國高股息,11,0,11,國泰-松江,2023-02-16,8883
2834,臺企銀,11,0,11,國泰-松江,2023-02-16,8883
3128,昇銳,18,7,11,國泰-松江,2023-02-16,8883
2867,三商壽,11,0,11,國泰-松江,2023-02-16,8883
3036,文曄,10,0,10,國泰-松江,2023-02-16,8883
1616,億泰,10,0,10,國泰-松江,2023-02-16,8883
1752,南光,10,0,10,國泰-松江,2023-02-16,8883
2618,長榮航,1308,88,1220,國泰-松江,2023-02-17,8883
00637L,元大滬深300正2,518,0,518,國泰-松江,2023-02-17,8883
1605,華新,388,78,310,國泰-松江,2023-02-17,8883
00878,國泰永續高股息,218,20,198,國泰-松江,2023-02-17,8883
00632R,元大台灣50反1,206,53,153,國泰-松江,2023-02-17,8883
2886,兆豐金,110,1,109,國泰-松江,2023-02-17,8883
00679B,元大美債20年,113,13,100,國泰-松江,2023-02-17,8883
6282,康舒,129,30,99,國泰-松江,2023-02-17,8883
00772B,中信高評級公司債,98,3,95,國泰-松江,2023-02-17,8883
00680L,元大美債20正2,65,0,65,國泰-松江,2023-02-17,8883
6531,愛普*,88,26,62,國泰-松江,2023-02-17,8883
00753L,中信中國50正2,58,0,58,國泰-松江,2023-02-17,8883
00683L,期元大美元指正2,49,0,49,國泰-松江,2023-02-17,8883
2610,華航,271,225,46,國泰-松江,2023-02-17,8883
2367,燿華,45,3,42,國泰-松江,2023-02-17,8883
1504,東元,50,10,40,國泰-松江,2023-02-17,8883
2887,台新金,35,0,35,國泰-松江,2023-02-17,8883
00900,富邦特選高股息30,34,0,34,國泰-松江,2023-02-17,8883
4174,浩鼎,35,2,33,國泰-松江,2023-02-17,8883
8261,富鼎,35,4,31,國泰-松江,2023-02-17,8883
2201,裕隆,77,50,27,國泰-松江,2023-02-17,8883
00893,國泰智能電動車,44,17,27,國泰-松江,2023-02-17,8883
5225,東科-KY,27,0,27,國泰-松江,2023-02-17,8883
6411,晶焱,41,14,27,國泰-松江,2023-02-17,8883
0050,元大台灣50,31,5,26,國泰-松江,2023-02-17,8883
3006,晶豪科,29,5,24,國泰-松江,2023-02-17,8883
6443,元晶,46,22,24,國泰-松江,2023-02-17,8883
00751B,元大AAA至A公司債,24,0,24,國泰-松江,2023-02-17,8883
3090,日電貿,21,0,21,國泰-松江,2023-02-17,8883
2330,台積電,31,12,19,國泰-松江,2023-02-17,8883
2371,大同,21,2,19,國泰-松江,2023-02-17,8883
2609,陽明,27,8,19,國泰-松江,2023-02-17,8883
2359,所羅門,18,0,18,國泰-松江,2023-02-17,8883
00720B,元大投資級公司債,21,5,16,國泰-松江,2023-02-17,8883
6202,盛群,20,4,16,國泰-松江,2023-02-17,8883
00725B,國泰投資級公司債,17,1,16,國泰-松江,2023-02-17,8883
2615,萬海,16,0,16,國泰-松江,2023-02-17,8883
2884,玉山金,33,17,16,國泰-松江,2023-02-17,8883
00715L,期街口布蘭特正2,15,0,15,國泰-松江,2023-02-17,8883
00773B,中信優先金融債,14,0,14,國泰-松江,2023-02-17,8883
3062,建漢,21,8,13,國泰-松江,2023-02-17,8883
00882,中信中國高股息,13,0,13,國泰-松江,2023-02-17,8883
00885,富邦越南,19,6,13,國泰-松江,2023-02-17,8883
3710,連展投控,12,0,12,國泰-松江,2023-02-17,8883
5876,上海商銀,13,1,12,國泰-松江,2023-02-17,8883
4526,東台,11,0,11,國泰-松江,2023-02-17,8883
00650L,復華香港正2,11,0,11,國泰-松江,2023-02-17,8883
2453,凌群,12,1,11,國泰-松江,2023-02-17,8883
6288,聯嘉,11,0,11,國泰-松江,2023-02-17,8883
00674R,期元大S＆P黃金反1,11,0,11,國泰-松江,2023-02-17,8883
3481,群創,753,321,432,國泰-松江,2023-02-20,8883
5353,台林,134,11,123,國泰-松江,2023-02-20,8883
2489,瑞軒,91,6,85,國泰-松江,2023-02-20,8883
8033,雷虎,75,7,68,國泰-松江,2023-02-20,8883
2610,華航,198,136,62,國泰-松江,2023-02-20,8883
2889,國票金,53,0,53,國泰-松江,2023-02-20,8883
00751B,元大AAA至A公司債,43,1,42,國泰-松江,2023-02-20,8883
00885,富邦越南,39,0,39,國泰-松江,2023-02-20,8883
1513,中興電,88,49,39,國泰-松江,2023-02-20,8883
00902,中信電池及儲能,34,0,34,國泰-松江,2023-02-20,8883
3189,景碩,36,3,33,國泰-松江,2023-02-20,8883
5880,合庫金,33,0,33,國泰-松江,2023-02-20,8883
00679B,元大美債20年,41,9,32,國泰-松江,2023-02-20,8883
8039,台虹,31,0,31,國泰-松江,2023-02-20,8883
3491,昇達科,30,0,30,國泰-松江,2023-02-20,8883
00772B,中信高評級公司債,29,0,29,國泰-松江,2023-02-20,8883
1709,和益,26,0,26,國泰-松江,2023-02-20,8883
2344,華邦電,81,55,26,國泰-松江,2023-02-20,8883
00753L,中信中國50正2,30,5,25,國泰-松江,2023-02-20,8883
6282,康舒,78,54,24,國泰-松江,2023-02-20,8883
3035,智原,31,7,24,國泰-松江,2023-02-20,8883
3041,揚智,30,7,23,國泰-松江,2023-02-20,8883
2330,台積電,39,17,22,國泰-松江,2023-02-20,8883
2607,榮運,20,0,20,國泰-松江,2023-02-20,8883
3675,德微,26,7,19,國泰-松江,2023-02-20,8883
6411,晶焱,26,8,18,國泰-松江,2023-02-20,8883
00893,國泰智能電動車,25,8,17,國泰-松江,2023-02-20,8883
4979,華星光,56,39,17,國泰-松江,2023-02-20,8883
00720B,元大投資級公司債,17,0,17,國泰-松江,2023-02-20,8883
2401,凌陽,33,17,16,國泰-松江,2023-02-20,8883
2201,裕隆,90,75,15,國泰-松江,2023-02-20,8883
5439,高技,15,0,15,國泰-松江,2023-02-20,8883
2332,友訊,16,2,14,國泰-松江,2023-02-20,8883
5876,上海商銀,14,0,14,國泰-松江,2023-02-20,8883
8084,巨虹,19,5,14,國泰-松江,2023-02-20,8883
1314,中石化,17,4,13,國泰-松江,2023-02-20,8883
6182,合晶,15,2,13,國泰-松江,2023-02-20,8883
1795,美時,52,39,13,國泰-松江,2023-02-20,8883
00712,復華富時不動產,12,0,12,國泰-松江,2023-02-20,8883
00770,國泰北美科技,12,0,12,國泰-松江,2023-02-20,8883
8358,金居,90,78,12,國泰-松江,2023-02-20,8883
3376,新日興,16,5,11,國泰-松江,2023-02-20,8883
6485,點序,10,0,10,國泰-松江,2023-02-20,8883
1503,士電,77,67,10,國泰-松江,2023-02-20,8883
1734,杏輝,10,0,10,國泰-松江,2023-02-20,8883
8261,富鼎,10,0,10,國泰-松江,2023-02-20,8883
2436,偉詮電,10,0,10,國泰-松江,2023-02-20,8883
6173,信昌電,11,1,10,國泰-松江,2023-02-20,8883
00650L,復華香港正2,12,2,10,國泰-松江,2023-02-20,8883
2371,大同,11,1,10,國泰-松江,2023-02-20,8883
3491,昇達科,283,11,272,國泰-松江,2023-02-21,8883
3481,群創,306,55,251,國泰-松江,2023-02-21,8883
2884,玉山金,402,224,178,國泰-松江,2023-02-21,8883
00878,國泰永續高股息,113,5,108,國泰-松江,2023-02-21,8883
4977,眾達-KY,150,57,93,國泰-松江,2023-02-21,8883
2609,陽明,167,87,80,國泰-松江,2023-02-21,8883
5009,榮剛,116,59,57,國泰-松江,2023-02-21,8883
00638R,元大滬深300反1,50,0,50,國泰-松江,2023-02-21,8883
00885,富邦越南,65,15,50,國泰-松江,2023-02-21,8883
2208,台船,85,36,49,國泰-松江,2023-02-21,8883
2457,飛宏,131,82,49,國泰-松江,2023-02-21,8883
4503,金雨,50,3,47,國泰-松江,2023-02-21,8883
2332,友訊,41,0,41,國泰-松江,2023-02-21,8883
4960,誠美材,42,2,40,國泰-松江,2023-02-21,8883
4155,訊映,40,0,40,國泰-松江,2023-02-21,8883
2887,台新金,41,3,38,國泰-松江,2023-02-21,8883
00751B,元大AAA至A公司債,37,0,37,國泰-松江,2023-02-21,8883
2618,長榮航,59,24,35,國泰-松江,2023-02-21,8883
00753L,中信中國50正2,35,0,35,國泰-松江,2023-02-21,8883
6271,同欣電,33,0,33,國泰-松江,2023-02-21,8883
2929,淘帝-KY,32,0,32,國泰-松江,2023-02-21,8883
4763,材料-KY,85,54,31,國泰-松江,2023-02-21,8883
00725B,國泰投資級公司債,35,5,30,國泰-松江,2023-02-21,8883
4979,華星光,51,22,29,國泰-松江,2023-02-21,8883
2906,高林,43,14,29,國泰-松江,2023-02-21,8883
2371,大同,38,10,28,國泰-松江,2023-02-21,8883
1709,和益,27,0,27,國泰-松江,2023-02-21,8883
3704,合勤控,29,3,26,國泰-松江,2023-02-21,8883
00772B,中信高評級公司債,28,5,23,國泰-松江,2023-02-21,8883
6278,台表科,21,0,21,國泰-松江,2023-02-21,8883
5269,祥碩,23,2,21,國泰-松江,2023-02-21,8883
00679B,元大美債20年,27,6,21,國泰-松江,2023-02-21,8883
2867,三商壽,27,6,21,國泰-松江,2023-02-21,8883
6517,保勝光學,26,5,21,國泰-松江,2023-02-21,8883
2313,華通,34,14,20,國泰-松江,2023-02-21,8883
5353,台林,29,9,20,國泰-松江,2023-02-21,8883
4906,正文,20,0,20,國泰-松江,2023-02-21,8883
3088,艾訊,23,4,19,國泰-松江,2023-02-21,8883
2317,鴻海,28,9,19,國泰-松江,2023-02-21,8883
8936,國統,35,17,18,國泰-松江,2023-02-21,8883
6515,穎崴,19,1,18,國泰-松江,2023-02-21,8883
2201,裕隆,35,17,18,國泰-松江,2023-02-21,8883
00907,永豐優息存股,16,0,16,國泰-松江,2023-02-21,8883
3362,先進光,44,28,16,國泰-松江,2023-02-21,8883
4743,合一,50,35,15,國泰-松江,2023-02-21,8883
3162,精確,16,1,15,國泰-松江,2023-02-21,8883
5452,佶優,15,0,15,國泰-松江,2023-02-21,8883
1522,堤維西,21,7,14,國泰-松江,2023-02-21,8883
5706,鳳凰,18,4,14,國泰-松江,2023-02-21,8883
2634,漢翔,123,109,14,國泰-松江,2023-02-21,8883
00878,國泰永續高股息,304,17,287,國泰-松江,2023-02-22,8883
00632R,元大台灣50反1,360,91,269,國泰-松江,2023-02-22,8883
2201,裕隆,317,68,249,國泰-松江,2023-02-22,8883
00665L,富邦�琤肭磪囓�2,228,0,228,國泰-松江,2023-02-22,8883
3491,昇達科,160,0,160,國泰-松江,2023-02-22,8883
5701,劍湖山,137,6,131,國泰-松江,2023-02-22,8883
00751B,元大AAA至A公司債,115,1,114,國泰-松江,2023-02-22,8883
2637,慧洋-KY,103,9,94,國泰-松江,2023-02-22,8883
2317,鴻海,107,19,88,國泰-松江,2023-02-22,8883
00713,元大台灣高息低波,94,11,83,國泰-松江,2023-02-22,8883
00680L,元大美債20正2,81,0,81,國泰-松江,2023-02-22,8883
2736,富野,128,64,64,國泰-松江,2023-02-22,8883
6446,藥華藥,60,4,56,國泰-松江,2023-02-22,8883
2603,長榮,79,25,54,國泰-松江,2023-02-22,8883
2457,飛宏,107,54,53,國泰-松江,2023-02-22,8883
00720B,元大投資級公司債,51,0,51,國泰-松江,2023-02-22,8883
00753L,中信中國50正2,51,1,50,國泰-松江,2023-02-22,8883
1760,寶齡富錦,52,2,50,國泰-松江,2023-02-22,8883
4977,眾達-KY,272,222,50,國泰-松江,2023-02-22,8883
2618,長榮航,80,32,48,國泰-松江,2023-02-22,8883
2884,玉山金,68,25,43,國泰-松江,2023-02-22,8883
00772B,中信高評級公司債,37,0,37,國泰-松江,2023-02-22,8883
3035,智原,55,18,37,國泰-松江,2023-02-22,8883
00885,富邦越南,37,0,37,國泰-松江,2023-02-22,8883
3528,安馳,36,0,36,國泰-松江,2023-02-22,8883
00893,國泰智能電動車,40,7,33,國泰-松江,2023-02-22,8883
2367,燿華,45,13,32,國泰-松江,2023-02-22,8883
3221,台嘉碩,30,0,30,國泰-松江,2023-02-22,8883
4114,健喬,52,23,29,國泰-松江,2023-02-22,8883
6271,同欣電,41,14,27,國泰-松江,2023-02-22,8883
00725B,國泰投資級公司債,31,5,26,國泰-松江,2023-02-22,8883
6282,康舒,120,94,26,國泰-松江,2023-02-22,8883
00712,復華富時不動產,27,4,23,國泰-松江,2023-02-22,8883
1524,耿鼎,25,2,23,國泰-松江,2023-02-22,8883
2330,台積電,28,6,22,國泰-松江,2023-02-22,8883
5347,世界,23,2,21,國泰-松江,2023-02-22,8883
2332,友訊,21,0,21,國泰-松江,2023-02-22,8883
2303,聯電,43,22,21,國泰-松江,2023-02-22,8883
2408,南亞科,21,1,20,國泰-松江,2023-02-22,8883
00902,中信電池及儲能,20,0,20,國泰-松江,2023-02-22,8883
2498,宏達電,59,39,20,國泰-松江,2023-02-22,8883
2388,威盛,84,64,20,國泰-松江,2023-02-22,8883
5425,台半,33,13,20,國泰-松江,2023-02-22,8883
2338,光罩,20,1,19,國泰-松江,2023-02-22,8883
0056,元大高股息,38,19,19,國泰-松江,2023-02-22,8883
2344,華邦電,20,2,18,國泰-松江,2023-02-22,8883
8478,東哥遊艇,74,56,18,國泰-松江,2023-02-22,8883
1605,華新,111,93,18,國泰-松江,2023-02-22,8883
00671R,富邦NASDAQ反1,22,5,17,國泰-松江,2023-02-22,8883
3037,欣興,35,19,16,國泰-松江,2023-02-22,8883
00637L,元大滬深300正2,1500,5,1495,國泰-松江,2023-02-23,8883
00632R,元大台灣50反1,702,265,437,國泰-松江,2023-02-23,8883
2014,中鴻,367,11,356,國泰-松江,2023-02-23,8883
5701,劍湖山,198,0,198,國泰-松江,2023-02-23,8883
2886,兆豐金,109,3,106,國泰-松江,2023-02-23,8883
2243,宏旭-KY,130,31,99,國泰-松江,2023-02-23,8883
00720B,元大投資級公司債,105,7,98,國泰-松江,2023-02-23,8883
00885,富邦越南,98,3,95,國泰-松江,2023-02-23,8883
2610,華航,102,24,78,國泰-松江,2023-02-23,8883
1810,和成,56,1,55,國泰-松江,2023-02-23,8883
00715L,期街口布蘭特正2,54,1,53,國泰-松江,2023-02-23,8883
5521,工信,53,3,50,國泰-松江,2023-02-23,8883
2903,遠百,106,56,50,國泰-松江,2023-02-23,8883
5234,達興材料,34,0,34,國泰-松江,2023-02-23,8883
2313,華通,35,3,32,國泰-松江,2023-02-23,8883
00772B,中信高評級公司債,31,0,31,國泰-松江,2023-02-23,8883
2603,長榮,155,126,29,國泰-松江,2023-02-23,8883
8996,高力,34,5,29,國泰-松江,2023-02-23,8883
00679B,元大美債20年,26,0,26,國泰-松江,2023-02-23,8883
00642U,期元大S＆P石油,24,0,24,國泰-松江,2023-02-23,8883
5512,力麒,54,31,23,國泰-松江,2023-02-23,8883
1447,力鵬,23,0,23,國泰-松江,2023-02-23,8883
00650L,復華香港正2,25,2,23,國泰-松江,2023-02-23,8883
00780B,國泰A級金融債,22,0,22,國泰-松江,2023-02-23,8883
3037,欣興,36,15,21,國泰-松江,2023-02-23,8883
00770,國泰北美科技,20,0,20,國泰-松江,2023-02-23,8883
8936,國統,65,45,20,國泰-松江,2023-02-23,8883
00751B,元大AAA至A公司債,19,0,19,國泰-松江,2023-02-23,8883
2504,國產,21,2,19,國泰-松江,2023-02-23,8883
8049,晶采,21,3,18,國泰-松江,2023-02-23,8883
2867,三商壽,17,0,17,國泰-松江,2023-02-23,8883
2308,台達電,18,1,17,國泰-松江,2023-02-23,8883
00712,復華富時不動產,17,0,17,國泰-松江,2023-02-23,8883
2637,慧洋-KY,41,24,17,國泰-松江,2023-02-23,8883
2457,飛宏,32,16,16,國泰-松江,2023-02-23,8883
2002,中鋼,18,2,16,國泰-松江,2023-02-23,8883
2201,裕隆,36,20,16,國泰-松江,2023-02-23,8883
4763,材料-KY,44,28,16,國泰-松江,2023-02-23,8883
3189,景碩,16,1,15,國泰-松江,2023-02-23,8883
6589,台康生技,23,8,15,國泰-松江,2023-02-23,8883
3339,泰谷,15,0,15,國泰-松江,2023-02-23,8883
2887,台新金,19,4,15,國泰-松江,2023-02-23,8883
1709,和益,14,0,14,國泰-松江,2023-02-23,8883
2618,長榮航,24,11,13,國泰-松江,2023-02-23,8883
2516,新建,14,1,13,國泰-松江,2023-02-23,8883
2617,台航,20,7,13,國泰-松江,2023-02-23,8883
00902,中信電池及儲能,13,0,13,國泰-松江,2023-02-23,8883
3029,零壹,27,15,12,國泰-松江,2023-02-23,8883
6209,今國光,12,0,12,國泰-松江,2023-02-23,8883
3419,譁裕,12,0,12,國泰-松江,2023-02-23,8883
00878,國泰永續高股息,186,11,175,國泰-松江,2023-02-24,8883
3013,晟銘電,166,2,164,國泰-松江,2023-02-24,8883
2603,長榮,281,132,149,國泰-松江,2023-02-24,8883
2609,陽明,249,150,99,國泰-松江,2023-02-24,8883
1605,華新,116,36,80,國泰-松江,2023-02-24,8883
5225,東科-KY,80,16,64,國泰-松江,2023-02-24,8883
2317,鴻海,68,5,63,國泰-松江,2023-02-24,8883
2637,慧洋-KY,92,34,58,國泰-松江,2023-02-24,8883
2618,長榮航,68,16,52,國泰-松江,2023-02-24,8883
00882,中信中國高股息,46,0,46,國泰-松江,2023-02-24,8883
00665L,富邦�琤肭磪囓�2,64,20,44,國泰-松江,2023-02-24,8883
6443,元晶,41,0,41,國泰-松江,2023-02-24,8883
1308,亞聚,40,0,40,國泰-松江,2023-02-24,8883
00638R,元大滬深300反1,40,0,40,國泰-松江,2023-02-24,8883
2605,新興,131,91,40,國泰-松江,2023-02-24,8883
00753L,中信中國50正2,66,27,39,國泰-松江,2023-02-24,8883
3163,波若威,40,5,35,國泰-松江,2023-02-24,8883
2882,國泰金,35,2,33,國泰-松江,2023-02-24,8883
3037,欣興,59,27,32,國泰-松江,2023-02-24,8883
2883,凱基金,35,3,32,國泰-松江,2023-02-24,8883
6288,聯嘉,33,1,32,國泰-松江,2023-02-24,8883
3162,精確,79,47,32,國泰-松江,2023-02-24,8883
6116,彩晶,31,0,31,國泰-松江,2023-02-24,8883
2388,威盛,226,196,30,國泰-松江,2023-02-24,8883
8176,智捷,29,0,29,國泰-松江,2023-02-24,8883
00751B,元大AAA至A公司債,29,2,27,國泰-松江,2023-02-24,8883
1513,中興電,61,35,26,國泰-松江,2023-02-24,8883
00637L,元大滬深300正2,47,21,26,國泰-松江,2023-02-24,8883
00905,FT臺灣Smart,25,0,25,國泰-松江,2023-02-24,8883
3290,東浦,35,11,24,國泰-松江,2023-02-24,8883
2498,宏達電,98,74,24,國泰-松江,2023-02-24,8883
2867,三商壽,24,1,23,國泰-松江,2023-02-24,8883
3207,耀勝,27,4,23,國泰-松江,2023-02-24,8883
5512,力麒,48,25,23,國泰-松江,2023-02-24,8883
00885,富邦越南,24,2,22,國泰-松江,2023-02-24,8883
6202,盛群,22,0,22,國泰-松江,2023-02-24,8883
00650L,復華香港正2,23,2,21,國泰-松江,2023-02-24,8883
3014,聯陽,39,18,21,國泰-松江,2023-02-24,8883
8069,元太,50,30,20,國泰-松江,2023-02-24,8883
3535,晶彩科,20,0,20,國泰-松江,2023-02-24,8883
2834,臺企銀,25,6,19,國泰-松江,2023-02-24,8883
6109,亞元,18,0,18,國泰-松江,2023-02-24,8883
00772B,中信高評級公司債,18,1,17,國泰-松江,2023-02-24,8883
2355,敬鵬,22,5,17,國泰-松江,2023-02-24,8883
2887,台新金,16,1,15,國泰-松江,2023-02-24,8883
1326,台化,15,0,15,國泰-松江,2023-02-24,8883
3038,全台,15,0,15,國泰-松江,2023-02-24,8883
2891,中信金,16,2,14,國泰-松江,2023-02-24,8883
4763,材料-KY,88,74,14,國泰-松江,2023-02-24,8883
2612,中航,18,4,14,國泰-松江,2023-02-24,8883
5009,榮剛,278,4,274,國泰-松江,2023-03-01,8883
1605,華新,284,93,191,國泰-松江,2023-03-01,8883
00878,國泰永續高股息,230,54,176,國泰-松江,2023-03-01,8883
1216,統一,111,2,109,國泰-松江,2023-03-01,8883
2605,新興,170,83,87,國泰-松江,2023-03-01,8883
3290,東浦,69,0,69,國泰-松江,2023-03-01,8883
00885,富邦越南,76,10,66,國泰-松江,2023-03-01,8883
1101,台泥,69,13,56,國泰-松江,2023-03-01,8883
6531,愛普*,80,26,54,國泰-松江,2023-03-01,8883
2618,長榮航,134,83,51,國泰-松江,2023-03-01,8883
2601,益航,71,24,47,國泰-松江,2023-03-01,8883
00712,復華富時不動產,43,0,43,國泰-松江,2023-03-01,8883
9945,潤泰新,41,0,41,國泰-松江,2023-03-01,8883
2606,裕民,61,22,39,國泰-松江,2023-03-01,8883
00679B,元大美債20年,41,3,38,國泰-松江,2023-03-01,8883
5353,台林,38,3,35,國泰-松江,2023-03-01,8883
2888,新光金,33,0,33,國泰-松江,2023-03-01,8883
8927,北基,31,0,31,國泰-松江,2023-03-01,8883
0056,元大高股息,43,14,29,國泰-松江,2023-03-01,8883
2014,中鴻,33,5,28,國泰-松江,2023-03-01,8883
00751B,元大AAA至A公司債,27,0,27,國泰-松江,2023-03-01,8883
4114,健喬,35,9,26,國泰-松江,2023-03-01,8883
2419,仲琦,27,1,26,國泰-松江,2023-03-01,8883
00772B,中信高評級公司債,25,0,25,國泰-松江,2023-03-01,8883
00895,富邦未來車,23,0,23,國泰-松江,2023-03-01,8883
6843,進典,22,0,22,國泰-松江,2023-03-01,8883
00907,永豐優息存股,22,0,22,國泰-松江,2023-03-01,8883
1210,大成,34,12,22,國泰-松江,2023-03-01,8883
8096,擎亞,21,0,21,國泰-松江,2023-03-01,8883
6026,福邦證,20,0,20,國泰-松江,2023-03-01,8883
00753L,中信中國50正2,70,50,20,國泰-松江,2023-03-01,8883
3141,晶宏,23,3,20,國泰-松江,2023-03-01,8883
00882,中信中國高股息,32,13,19,國泰-松江,2023-03-01,8883
6770,力積電,20,0,20,國泰-松江,2023-03-01,8883
2002,中鋼,25,6,19,國泰-松江,2023-03-01,8883
1519,華城,38,20,18,國泰-松江,2023-03-01,8883
2885,元大金,18,0,18,國泰-松江,2023-03-01,8883
3036,文曄,17,0,17,國泰-松江,2023-03-01,8883
2408,南亞科,17,0,17,國泰-松江,2023-03-01,8883
3545,敦泰,26,9,17,國泰-松江,2023-03-01,8883
2344,華邦電,36,20,16,國泰-松江,2023-03-01,8883
6591,動力-KY,16,0,16,國泰-松江,2023-03-01,8883
2882,國泰金,34,19,15,國泰-松江,2023-03-01,8883
2881,富邦金,16,1,15,國泰-松江,2023-03-01,8883
2515,中工,16,1,15,國泰-松江,2023-03-01,8883
8936,國統,23,8,15,國泰-松江,2023-03-01,8883
1303,南亞,15,1,14,國泰-松江,2023-03-01,8883
3714,富采,18,4,14,國泰-松江,2023-03-01,8883
2884,玉山金,19,4,15,國泰-松江,2023-03-01,8883
2332,友訊,16,2,14,國泰-松江,2023-03-01,8883
00632R,元大台灣50反1,3115,20,3095,國泰-松江,2023-03-02,8883
2344,華邦電,802,255,547,國泰-松江,2023-03-02,8883
00878,國泰永續高股息,289,23,266,國泰-松江,2023-03-02,8883
1605,華新,429,295,134,國泰-松江,2023-03-02,8883
00712,復華富時不動產,66,2,64,國泰-松江,2023-03-02,8883
2605,新興,184,124,60,國泰-松江,2023-03-02,8883
2606,裕民,172,118,54,國泰-松江,2023-03-02,8883
5258,虹堡,88,36,52,國泰-松江,2023-03-02,8883
2498,宏達電,83,33,50,國泰-松江,2023-03-02,8883
3481,群創,167,122,45,國泰-松江,2023-03-02,8883
00772B,中信高評級公司債,44,0,44,國泰-松江,2023-03-02,8883
00680L,元大美債20正2,42,0,42,國泰-松江,2023-03-02,8883
3652,精聯,39,2,37,國泰-松江,2023-03-02,8883
2888,新光金,38,2,36,國泰-松江,2023-03-02,8883
00713,元大台灣高息低波,36,1,35,國泰-松江,2023-03-02,8883
00679B,元大美債20年,48,13,35,國泰-松江,2023-03-02,8883
2359,所羅門,40,6,34,國泰-松江,2023-03-02,8883
2388,威盛,59,27,32,國泰-松江,2023-03-02,8883
00885,富邦越南,41,10,31,國泰-松江,2023-03-02,8883
2201,裕隆,138,110,28,國泰-松江,2023-03-02,8883
00881,國泰台灣5G+,28,1,27,國泰-松江,2023-03-02,8883
00897,富邦基因免疫生技,26,0,26,國泰-松江,2023-03-02,8883
00670L,富邦NASDAQ正2,27,1,26,國泰-松江,2023-03-02,8883
2208,台船,39,16,23,國泰-松江,2023-03-02,8883
2371,大同,21,0,21,國泰-松江,2023-03-02,8883
00907,永豐優息存股,23,2,21,國泰-松江,2023-03-02,8883
00751B,元大AAA至A公司債,20,0,20,國泰-松江,2023-03-02,8883
2812,台中銀,22,2,20,國泰-松江,2023-03-02,8883
6170,統振,21,1,20,國泰-松江,2023-03-02,8883
2886,兆豐金,19,0,19,國泰-松江,2023-03-02,8883
3162,精確,50,32,18,國泰-松江,2023-03-02,8883
1513,中興電,80,63,17,國泰-松江,2023-03-02,8883
2481,強茂,21,4,17,國泰-松江,2023-03-02,8883
00893,國泰智能電動車,19,2,17,國泰-松江,2023-03-02,8883
5353,台林,22,5,17,國泰-松江,2023-03-02,8883
8171,天宇,56,40,16,國泰-松江,2023-03-02,8883
6116,彩晶,16,1,15,國泰-松江,2023-03-02,8883
3707,漢磊,17,2,15,國泰-松江,2023-03-02,8883
5876,上海商銀,15,0,15,國泰-松江,2023-03-02,8883
00795B,中信美國公債20年,22,8,14,國泰-松江,2023-03-02,8883
1522,堤維西,14,0,14,國泰-松江,2023-03-02,8883
1503,士電,18,4,14,國泰-松江,2023-03-02,8883
3706,神達,15,2,13,國泰-松江,2023-03-02,8883
2892,第一金,13,0,13,國泰-松江,2023-03-02,8883
1101,台泥,18,5,13,國泰-松江,2023-03-02,8883
00720B,元大投資級公司債,17,5,12,國泰-松江,2023-03-02,8883
5880,合庫金,11,0,11,國泰-松江,2023-03-02,8883
2406,國碩,11,0,11,國泰-松江,2023-03-02,8883
9945,潤泰新,11,0,11,國泰-松江,2023-03-02,8883
00903,富邦元宇宙,11,0,11,國泰-松江,2023-03-02,8883
2609,陽明,373,78,295,國泰-松江,2023-03-03,8883
3481,群創,664,440,224,國泰-松江,2023-03-03,8883
2201,裕隆,154,39,115,國泰-松江,2023-03-03,8883
5425,台半,126,25,101,國泰-松江,2023-03-03,8883
2606,裕民,118,21,97,國泰-松江,2023-03-03,8883
2449,京元電子,113,37,76,國泰-松江,2023-03-03,8883
1605,華新,85,24,61,國泰-松江,2023-03-03,8883
6271,同欣電,53,1,52,國泰-松江,2023-03-03,8883
3707,漢磊,64,14,50,國泰-松江,2023-03-03,8883
5210,寶碩,49,0,49,國泰-松江,2023-03-03,8883
00725B,國泰投資級公司債,51,6,45,國泰-松江,2023-03-03,8883
00751B,元大AAA至A公司債,42,0,42,國泰-松江,2023-03-03,8883
1708,東鹼,56,16,40,國泰-松江,2023-03-03,8883
00679B,元大美債20年,56,16,40,國泰-松江,2023-03-03,8883
00712,復華富時不動產,39,3,36,國泰-松江,2023-03-03,8883
00632R,元大台灣50反1,56,20,36,國泰-松江,2023-03-03,8883
6282,康舒,54,19,35,國泰-松江,2023-03-03,8883
2375,凱美,46,11,35,國泰-松江,2023-03-03,8883
6222,上揚,34,0,34,國泰-松江,2023-03-03,8883
6116,彩晶,59,27,32,國泰-松江,2023-03-03,8883
1101,台泥,48,17,31,國泰-松江,2023-03-03,8883
1220,台榮,26,0,26,國泰-松江,2023-03-03,8883
2637,慧洋-KY,42,17,25,國泰-松江,2023-03-03,8883
2601,益航,26,2,24,國泰-松江,2023-03-03,8883
2845,遠東銀,24,1,23,國泰-松江,2023-03-03,8883
2027,大成鋼,25,2,23,國泰-松江,2023-03-03,8883
00881,國泰台灣5G+,30,7,23,國泰-松江,2023-03-03,8883
1402,遠東新,24,2,22,國泰-松江,2023-03-03,8883
1519,華城,38,18,20,國泰-松江,2023-03-03,8883
9105,泰金寶-DR,20,0,20,國泰-松江,2023-03-03,8883
6605,帝寶,33,13,20,國泰-松江,2023-03-03,8883
2340,台亞,20,0,20,國泰-松江,2023-03-03,8883
5315,光聯,20,0,20,國泰-松江,2023-03-03,8883
1524,耿鼎,20,1,19,國泰-松江,2023-03-03,8883
5258,虹堡,128,110,18,國泰-松江,2023-03-03,8883
1216,統一,19,2,17,國泰-松江,2023-03-03,8883
8171,天宇,27,11,16,國泰-松江,2023-03-03,8883
00671R,富邦NASDAQ反1,31,15,16,國泰-松江,2023-03-03,8883
00885,富邦越南,19,3,16,國泰-松江,2023-03-03,8883
00720B,元大投資級公司債,20,5,15,國泰-松江,2023-03-03,8883
00772B,中信高評級公司債,15,0,15,國泰-松江,2023-03-03,8883
5353,台林,15,0,15,國泰-松江,2023-03-03,8883
5450,南良,15,0,15,國泰-松江,2023-03-03,8883
1701,中化,25,10,15,國泰-松江,2023-03-03,8883
00753L,中信中國50正2,14,0,14,國泰-松江,2023-03-03,8883
00680L,元大美債20正2,14,0,14,國泰-松江,2023-03-03,8883
5227,立凱-KY,14,0,14,國泰-松江,2023-03-03,8883
2887,台新金,21,7,14,國泰-松江,2023-03-03,8883
6235,華孚,91,77,14,國泰-松江,2023-03-03,8883
5009,榮剛,14,1,13,國泰-松江,2023-03-03,8883
00637L,元大滬深300正2,1048,13,1035,國泰-松江,2023-03-06,8883
00650L,復華香港正2,424,29,395,國泰-松江,2023-03-06,8883
6770,力積電,222,19,203,國泰-松江,2023-03-06,8883
00632R,元大台灣50反1,217,43,174,國泰-松江,2023-03-06,8883
6116,彩晶,150,11,139,國泰-松江,2023-03-06,8883
2481,強茂,123,40,83,國泰-松江,2023-03-06,8883
2484,希華,83,0,83,國泰-松江,2023-03-06,8883
3583,辛耘,80,0,80,國泰-松江,2023-03-06,8883
1708,東鹼,124,47,77,國泰-松江,2023-03-06,8883
00673R,期元大S＆P原油反1,70,0,70,國泰-松江,2023-03-06,8883
6470,宇智,70,4,66,國泰-松江,2023-03-06,8883
2707,晶華,68,2,66,國泰-松江,2023-03-06,8883
2344,華邦電,231,179,52,國泰-松江,2023-03-06,8883
6153,嘉聯益,51,6,45,國泰-松江,2023-03-06,8883
3306,鼎天,45,0,45,國泰-松江,2023-03-06,8883
3479,安勤,56,12,44,國泰-松江,2023-03-06,8883
3481,群創,431,389,42,國泰-松江,2023-03-06,8883
3491,昇達科,45,4,41,國泰-松江,2023-03-06,8883
2388,威盛,76,42,34,國泰-松江,2023-03-06,8883
5227,立凱-KY,33,0,33,國泰-松江,2023-03-06,8883
8255,朋程,34,4,30,國泰-松江,2023-03-06,8883
3105,穩懋,37,8,29,國泰-松江,2023-03-06,8883
6244,茂迪,36,7,29,國泰-松江,2023-03-06,8883
2408,南亞科,28,1,27,國泰-松江,2023-03-06,8883
2201,裕隆,61,34,27,國泰-松江,2023-03-06,8883
6531,愛普*,34,11,23,國泰-松江,2023-03-06,8883
3006,晶豪科,40,17,23,國泰-松江,2023-03-06,8883
1783,和康生,26,4,22,國泰-松江,2023-03-06,8883
2399,映泰,18,0,18,國泰-松江,2023-03-06,8883
8466,美吉吉-KY,18,0,18,國泰-松江,2023-03-06,8883
2371,大同,20,3,17,國泰-松江,2023-03-06,8883
1605,華新,34,18,16,國泰-松江,2023-03-06,8883
8176,智捷,16,0,16,國泰-松江,2023-03-06,8883
6113,亞矽,17,1,16,國泰-松江,2023-03-06,8883
2236,百達-KY,16,0,16,國泰-松江,2023-03-06,8883
2357,華碩,17,1,16,國泰-松江,2023-03-06,8883
3297,杭特,15,0,15,國泰-松江,2023-03-06,8883
2609,陽明,80,65,15,國泰-松江,2023-03-06,8883
1762,中化生,18,4,14,國泰-松江,2023-03-06,8883
8076,伍豐,14,0,14,國泰-松江,2023-03-06,8883
9933,中鼎,20,7,13,國泰-松江,2023-03-06,8883
2328,廣宇,13,0,13,國泰-松江,2023-03-06,8883
00772B,中信高評級公司債,16,4,12,國泰-松江,2023-03-06,8883
3162,精確,67,55,12,國泰-松江,2023-03-06,8883
6558,興能高,12,0,12,國泰-松江,2023-03-06,8883
1504,東元,16,4,12,國泰-松江,2023-03-06,8883
2455,全新,12,0,12,國泰-松江,2023-03-06,8883
2605,新興,23,11,12,國泰-松江,2023-03-06,8883
00725B,國泰投資級公司債,28,17,11,國泰-松江,2023-03-06,8883
2891,中信金,13,2,11,國泰-松江,2023-03-06,8883
00632R,元大台灣50反1,1604,271,1333,國泰-松江,2023-03-07,8883
2344,華邦電,941,56,885,國泰-松江,2023-03-07,8883
3481,群創,545,311,234,國泰-松江,2023-03-07,8883
2317,鴻海,185,86,99,國泰-松江,2023-03-07,8883
2367,燿華,99,2,97,國泰-松江,2023-03-07,8883
6290,良維,103,9,94,國泰-松江,2023-03-07,8883
2867,三商壽,111,27,84,國泰-松江,2023-03-07,8883
1708,東鹼,81,3,78,國泰-松江,2023-03-07,8883
00673R,期元大S＆P原油反1,72,0,72,國泰-松江,2023-03-07,8883
1710,東聯,107,62,45,國泰-松江,2023-03-07,8883
2313,華通,47,4,43,國泰-松江,2023-03-07,8883
2303,聯電,56,15,41,國泰-松江,2023-03-07,8883
2328,廣宇,42,5,37,國泰-松江,2023-03-07,8883
1760,寶齡富錦,46,15,31,國泰-松江,2023-03-07,8883
4974,亞泰,30,0,30,國泰-松江,2023-03-07,8883
3013,晟銘電,44,19,25,國泰-松江,2023-03-07,8883
1907,永豐餘,24,0,24,國泰-松江,2023-03-07,8883
00712,復華富時不動產,24,0,24,國泰-松江,2023-03-07,8883
5258,虹堡,40,17,23,國泰-松江,2023-03-07,8883
2610,華航,25,2,23,國泰-松江,2023-03-07,8883
4720,德淵,23,0,23,國泰-松江,2023-03-07,8883
6443,元晶,27,4,23,國泰-松江,2023-03-07,8883
4915,致伸,26,4,22,國泰-松江,2023-03-07,8883
2349,錸德,21,0,21,國泰-松江,2023-03-07,8883
3059,華晶科,20,0,20,國泰-松江,2023-03-07,8883
911608,明輝-DR,20,0,20,國泰-松江,2023-03-07,8883
8091,翔名,20,0,20,國泰-松江,2023-03-07,8883
5381,合正,20,0,20,國泰-松江,2023-03-07,8883
00679B,元大美債20年,20,2,18,國泰-松江,2023-03-07,8883
5608,四維航,20,2,18,國泰-松江,2023-03-07,8883
6470,宇智,24,6,18,國泰-松江,2023-03-07,8883
3037,欣興,26,9,17,國泰-松江,2023-03-07,8883
2634,漢翔,50,33,17,國泰-松江,2023-03-07,8883
5512,力麒,23,6,17,國泰-松江,2023-03-07,8883
1515,力山,18,2,16,國泰-松江,2023-03-07,8883
00718B,富邦中國政策債,16,0,16,國泰-松江,2023-03-07,8883
6288,聯嘉,16,0,16,國泰-松江,2023-03-07,8883
00885,富邦越南,17,2,15,國泰-松江,2023-03-07,8883
2748,雲品,30,16,14,國泰-松江,2023-03-07,8883
2388,威盛,44,31,13,國泰-松江,2023-03-07,8883
00713,元大台灣高息低波,17,4,13,國泰-松江,2023-03-07,8883
3105,穩懋,13,0,13,國泰-松江,2023-03-07,8883
2352,佳世達,15,2,13,國泰-松江,2023-03-07,8883
8096,擎亞,13,0,13,國泰-松江,2023-03-07,8883
3042,晶技,15,2,13,國泰-松江,2023-03-07,8883
6244,茂迪,15,3,12,國泰-松江,2023-03-07,8883
3141,晶宏,12,0,12,國泰-松江,2023-03-07,8883
1540,喬福,12,0,12,國泰-松江,2023-03-07,8883
00680L,元大美債20正2,13,1,12,國泰-松江,2023-03-07,8883
8466,美吉吉-KY,12,0,12,國泰-松江,2023-03-07,8883
00637L,元大滬深300正2,1236,559,677,國泰-松江,2023-03-08,8883
2486,一詮,329,70,259,國泰-松江,2023-03-08,8883
00753L,中信中國50正2,187,0,187,國泰-松江,2023-03-08,8883
2634,漢翔,347,161,186,國泰-松江,2023-03-08,8883
00665L,富邦�琤肭磪囓�2,162,0,162,國泰-松江,2023-03-08,8883
2609,陽明,171,40,131,國泰-松江,2023-03-08,8883
2344,華邦電,126,11,115,國泰-松江,2023-03-08,8883
00650L,復華香港正2,104,10,94,國泰-松江,2023-03-08,8883
4164,承業醫,88,8,80,國泰-松江,2023-03-08,8883
00878,國泰永續高股息,98,30,68,國泰-松江,2023-03-08,8883
2482,連宇,90,24,66,國泰-松江,2023-03-08,8883
2375,凱美,103,39,64,國泰-松江,2023-03-08,8883
3701,大眾控,51,3,48,國泰-松江,2023-03-08,8883
00715L,期街口布蘭特正2,54,13,41,國泰-松江,2023-03-08,8883
00679B,元大美債20年,45,10,35,國泰-松江,2023-03-08,8883
6282,康舒,166,132,34,國泰-松江,2023-03-08,8883
00712,復華富時不動產,33,0,33,國泰-松江,2023-03-08,8883
2498,宏達電,38,5,33,國泰-松江,2023-03-08,8883
1708,東鹼,41,9,32,國泰-松江,2023-03-08,8883
2201,裕隆,116,88,28,國泰-松江,2023-03-08,8883
6235,華孚,158,131,27,國泰-松江,2023-03-08,8883
1102,亞泥,23,0,23,國泰-松江,2023-03-08,8883
00882,中信中國高股息,25,3,22,國泰-松江,2023-03-08,8883
3545,敦泰,24,2,22,國泰-松江,2023-03-08,8883
1709,和益,22,0,22,國泰-松江,2023-03-08,8883
8222,寶一,58,36,22,國泰-松江,2023-03-08,8883
00669R,國泰美國道瓊反1,21,0,21,國泰-松江,2023-03-08,8883
00713,元大台灣高息低波,24,3,21,國泰-松江,2023-03-08,8883
00720B,元大投資級公司債,21,1,20,國泰-松江,2023-03-08,8883
2317,鴻海,59,39,20,國泰-松江,2023-03-08,8883
00670L,富邦NASDAQ正2,20,1,19,國泰-松江,2023-03-08,8883
00772B,中信高評級公司債,28,9,19,國泰-松江,2023-03-08,8883
4155,訊映,20,2,18,國泰-松江,2023-03-08,8883
1504,東元,61,44,17,國泰-松江,2023-03-08,8883
1438,三地開發,17,0,17,國泰-松江,2023-03-08,8883
6841,長佳智能,27,11,16,國泰-松江,2023-03-08,8883
5425,台半,61,44,17,國泰-松江,2023-03-08,8883
3583,辛耘,16,0,16,國泰-松江,2023-03-08,8883
0050,元大台灣50,23,7,16,國泰-松江,2023-03-08,8883
4133,亞諾法,15,0,15,國泰-松江,2023-03-08,8883
3689,湧德,15,0,15,國泰-松江,2023-03-08,8883
5381,合正,15,0,15,國泰-松江,2023-03-08,8883
8171,天宇,20,5,15,國泰-松江,2023-03-08,8883
2454,聯發科,21,6,15,國泰-松江,2023-03-08,8883
2388,威盛,90,75,15,國泰-松江,2023-03-08,8883
2453,凌群,30,16,14,國泰-松江,2023-03-08,8883
9907,統一實,20,6,14,國泰-松江,2023-03-08,8883
4114,健喬,28,14,14,國泰-松江,2023-03-08,8883
00752,中信中國50,13,0,13,國泰-松江,2023-03-08,8883
8091,翔名,13,0,13,國泰-松江,2023-03-08,8883
00633L,富邦上証正2,458,6,452,國泰-松江,2023-03-09,8883
00878,國泰永續高股息,173,9,164,國泰-松江,2023-03-09,8883
2882,國泰金,103,6,97,國泰-松江,2023-03-09,8883
6443,元晶,100,5,95,國泰-松江,2023-03-09,8883
5309,系統電,100,8,92,國泰-松江,2023-03-09,8883
5009,榮剛,239,159,80,國泰-松江,2023-03-09,8883
2317,鴻海,68,1,67,國泰-松江,2023-03-09,8883
6470,宇智,71,7,64,國泰-松江,2023-03-09,8883
2497,怡利電,70,16,54,國泰-松江,2023-03-09,8883
3702,大聯大,51,0,51,國泰-松江,2023-03-09,8883
00679B,元大美債20年,58,9,49,國泰-松江,2023-03-09,8883
3290,東浦,56,9,47,國泰-松江,2023-03-09,8883
2886,兆豐金,57,11,46,國泰-松江,2023-03-09,8883
3481,群創,79,33,46,國泰-松江,2023-03-09,8883
2408,南亞科,54,10,44,國泰-松江,2023-03-09,8883
4114,健喬,84,42,42,國泰-松江,2023-03-09,8883
2618,長榮航,53,11,42,國泰-松江,2023-03-09,8883
5284,jpp-KY,44,3,41,國泰-松江,2023-03-09,8883
00772B,中信高評級公司債,39,3,36,國泰-松江,2023-03-09,8883
5876,上海商銀,35,0,35,國泰-松江,2023-03-09,8883
6531,愛普*,68,33,35,國泰-松江,2023-03-09,8883
6605,帝寶,34,0,34,國泰-松江,2023-03-09,8883
00632R,元大台灣50反1,40,7,33,國泰-松江,2023-03-09,8883
2313,華通,33,1,32,國泰-松江,2023-03-09,8883
2884,玉山金,32,1,31,國泰-松江,2023-03-09,8883
6509,聚和,30,1,29,國泰-松江,2023-03-09,8883
3029,零壹,29,3,26,國泰-松江,2023-03-09,8883
6215,和椿,26,0,26,國泰-松江,2023-03-09,8883
5381,合正,26,0,26,國泰-松江,2023-03-09,8883
2409,友達,47,21,26,國泰-松江,2023-03-09,8883
4164,承業醫,26,1,25,國泰-松江,2023-03-09,8883
3046,建��,61,36,25,國泰-松江,2023-03-09,8883
00751B,元大AAA至A公司債,24,0,24,國泰-松江,2023-03-09,8883
00715L,期街口布蘭特正2,23,0,23,國泰-松江,2023-03-09,8883
3624,光頡,62,39,23,國泰-松江,2023-03-09,8883
5410,國眾,23,1,22,國泰-松江,2023-03-09,8883
2890,永豐金,58,37,21,國泰-松江,2023-03-09,8883
2201,裕隆,59,38,21,國泰-松江,2023-03-09,8883
2371,大同,25,4,21,國泰-松江,2023-03-09,8883
3264,欣銓,22,2,20,國泰-松江,2023-03-09,8883
00753L,中信中國50正2,25,5,20,國泰-松江,2023-03-09,8883
00713,元大台灣高息低波,20,0,20,國泰-松江,2023-03-09,8883
2457,飛宏,209,189,20,國泰-松江,2023-03-09,8883
00725B,國泰投資級公司債,23,4,19,國泰-松江,2023-03-09,8883
0056,元大高股息,24,6,18,國泰-松江,2023-03-09,8883
1101,台泥,47,28,19,國泰-松江,2023-03-09,8883
1301,台塑,18,0,18,國泰-松江,2023-03-09,8883
2883,凱基金,25,7,18,國泰-松江,2023-03-09,8883
2368,金像電,20,3,17,國泰-松江,2023-03-09,8883
00720B,元大投資級公司債,29,12,17,國泰-松江,2023-03-09,8883
00878,國泰永續高股息,450,27,423,國泰-松江,2023-03-10,8883
1605,華新,520,220,300,國泰-松江,2023-03-10,8883
2603,長榮,444,251,193,國泰-松江,2023-03-10,8883
1504,東元,187,21,166,國泰-松江,2023-03-10,8883
00665L,富邦�琤肭磪囓�2,165,4,161,國泰-松江,2023-03-10,8883
2317,鴻海,181,23,158,國泰-松江,2023-03-10,8883
2618,長榮航,210,58,152,國泰-松江,2023-03-10,8883
00753L,中信中國50正2,196,54,142,國泰-松江,2023-03-10,8883
2882,國泰金,144,20,124,國泰-松江,2023-03-10,8883
00713,元大台灣高息低波,122,6,116,國泰-松江,2023-03-10,8883
2888,新光金,102,0,102,國泰-松江,2023-03-10,8883
4155,訊映,100,0,100,國泰-松江,2023-03-10,8883
2610,華航,229,148,81,國泰-松江,2023-03-10,8883
8069,元太,101,25,76,國泰-松江,2023-03-10,8883
2615,萬海,91,16,75,國泰-松江,2023-03-10,8883
00923,群益台ESG低碳50,70,0,70,國泰-松江,2023-03-10,8883
4142,國光生,68,1,67,國泰-松江,2023-03-10,8883
0050,元大台灣50,75,12,63,國泰-松江,2023-03-10,8883
00669R,國泰美國道瓊反1,66,3,63,國泰-松江,2023-03-10,8883
6129,普誠,68,6,62,國泰-松江,2023-03-10,8883
2884,玉山金,61,0,61,國泰-松江,2023-03-10,8883
5876,上海商銀,62,1,61,國泰-松江,2023-03-10,8883
00650L,復華香港正2,66,5,61,國泰-松江,2023-03-10,8883
3059,華晶科,65,5,60,國泰-松江,2023-03-10,8883
3356,奇偶,68,12,56,國泰-松江,2023-03-10,8883
2851,中再保,55,0,55,國泰-松江,2023-03-10,8883
00882,中信中國高股息,55,3,52,國泰-松江,2023-03-10,8883
1709,和益,48,0,48,國泰-松江,2023-03-10,8883
5880,合庫金,47,0,47,國泰-松江,2023-03-10,8883
00900,富邦特選高股息30,51,7,44,國泰-松江,2023-03-10,8883
00893,國泰智能電動車,68,25,43,國泰-松江,2023-03-10,8883
00881,國泰台灣5G+,44,1,43,國泰-松江,2023-03-10,8883
2886,兆豐金,45,3,42,國泰-松江,2023-03-10,8883
2812,台中銀,41,1,40,國泰-松江,2023-03-10,8883
00671R,富邦NASDAQ反1,40,0,40,國泰-松江,2023-03-10,8883
00712,復華富時不動產,40,0,40,國泰-松江,2023-03-10,8883
2880,華南金,37,0,37,國泰-松江,2023-03-10,8883
6531,愛普*,71,35,36,國泰-松江,2023-03-10,8883
2344,華邦電,48,12,36,國泰-松江,2023-03-10,8883
6153,嘉聯益,38,3,35,國泰-松江,2023-03-10,8883
2881,富邦金,36,1,35,國泰-松江,2023-03-10,8883
00715L,期街口布蘭特正2,33,0,33,國泰-松江,2023-03-10,8883
2891,中信金,63,32,31,國泰-松江,2023-03-10,8883
2929,淘帝-KY,32,2,30,國泰-松江,2023-03-10,8883
3209,全科,32,2,30,國泰-松江,2023-03-10,8883
2547,日勝生,30,0,30,國泰-松江,2023-03-10,8883
8076,伍豐,30,0,30,國泰-松江,2023-03-10,8883
2002,中鋼,49,20,29,國泰-松江,2023-03-10,8883
1101,台泥,34,5,29,國泰-松江,2023-03-10,8883
1708,東鹼,26,0,26,國泰-松江,2023-03-10,8883
00878,國泰永續高股息,650,91,559,國泰-松江,2023-03-13,8883
2201,裕隆,446,198,248,國泰-松江,2023-03-13,8883
2609,陽明,360,133,227,國泰-松江,2023-03-13,8883
2888,新光金,209,0,209,國泰-松江,2023-03-13,8883
2388,威盛,120,51,69,國泰-松江,2023-03-13,8883
00713,元大台灣高息低波,66,3,63,國泰-松江,2023-03-13,8883
2606,裕民,57,4,53,國泰-松江,2023-03-13,8883
00712,復華富時不動產,48,2,46,國泰-松江,2023-03-13,8883
4763,材料-KY,91,48,43,國泰-松江,2023-03-13,8883
5315,光聯,37,0,37,國泰-松江,2023-03-13,8883
0056,元大高股息,74,37,37,國泰-松江,2023-03-13,8883
00772B,中信高評級公司債,38,3,35,國泰-松江,2023-03-13,8883
2880,華南金,35,0,35,國泰-松江,2023-03-13,8883
00923,群益台ESG低碳50,38,4,34,國泰-松江,2023-03-13,8883
2884,玉山金,72,38,34,國泰-松江,2023-03-13,8883
00726B,國泰新興投等債,30,0,30,國泰-松江,2023-03-13,8883
00773B,中信優先金融債,34,6,28,國泰-松江,2023-03-13,8883
2482,連宇,103,75,28,國泰-松江,2023-03-13,8883
1504,東元,37,9,28,國泰-松江,2023-03-13,8883
3624,光頡,42,14,28,國泰-松江,2023-03-13,8883
2449,京元電子,24,2,22,國泰-松江,2023-03-13,8883
6570,維田,22,0,22,國泰-松江,2023-03-13,8883
1795,美時,35,14,21,國泰-松江,2023-03-13,8883
3712,永崴投控,24,3,21,國泰-松江,2023-03-13,8883
00888,永豐台灣ESG,21,1,20,國泰-松江,2023-03-13,8883
6531,愛普*,37,17,20,國泰-松江,2023-03-13,8883
6122,擎邦,70,51,19,國泰-松江,2023-03-13,8883
2887,台新金,48,29,19,國泰-松江,2023-03-13,8883
3491,昇達科,31,13,18,國泰-松江,2023-03-13,8883
3209,全科,18,0,18,國泰-松江,2023-03-13,8883
6770,力積電,16,0,16,國泰-松江,2023-03-13,8883
6719,力智,21,5,16,國泰-松江,2023-03-13,8883
00648R,元大S＆P500反1,16,0,16,國泰-松江,2023-03-13,8883
4746,台耀,17,2,15,國泰-松江,2023-03-13,8883
6163,華電網,22,7,15,國泰-松江,2023-03-13,8883
3078,僑威,22,7,15,國泰-松江,2023-03-13,8883
6438,迅得,14,0,14,國泰-松江,2023-03-13,8883
2486,一詮,15,2,13,國泰-松江,2023-03-13,8883
8085,福華,13,0,13,國泰-松江,2023-03-13,8883
8926,台汽電,13,0,13,國泰-松江,2023-03-13,8883
2357,華碩,15,3,12,國泰-松江,2023-03-13,8883
2881,富邦金,35,23,12,國泰-松江,2023-03-13,8883
00882,中信中國高股息,12,0,12,國泰-松江,2023-03-13,8883
3024,憶聲,14,2,12,國泰-松江,2023-03-13,8883
2331,精英,17,5,12,國泰-松江,2023-03-13,8883
00898,國泰基因免疫革命,12,0,12,國泰-松江,2023-03-13,8883
8476,台境*,12,0,12,國泰-松江,2023-03-13,8883
00720B,元大投資級公司債,16,5,11,國泰-松江,2023-03-13,8883
6285,啟��,14,3,11,國泰-松江,2023-03-13,8883
2637,慧洋-KY,13,2,11,國泰-松江,2023-03-13,8883
00878,國泰永續高股息,794,10,784,國泰-松江,2023-03-14,8883
2834,臺企銀,443,50,393,國泰-松江,2023-03-14,8883
1605,華新,402,17,385,國泰-松江,2023-03-14,8883
2891,中信金,157,0,157,國泰-松江,2023-03-14,8883
00715L,期街口布蘭特正2,161,22,139,國泰-松江,2023-03-14,8883
3491,昇達科,113,12,101,國泰-松江,2023-03-14,8883
2618,長榮航,255,154,101,國泰-松江,2023-03-14,8883
00893,國泰智能電動車,94,2,92,國泰-松江,2023-03-14,8883
2888,新光金,94,3,91,國泰-松江,2023-03-14,8883
2889,國票金,106,16,90,國泰-松江,2023-03-14,8883
00712,復華富時不動產,78,0,78,國泰-松江,2023-03-14,8883
2880,華南金,74,0,74,國泰-松江,2023-03-14,8883
00650L,復華香港正2,77,3,74,國泰-松江,2023-03-14,8883
2344,華邦電,71,2,69,國泰-松江,2023-03-14,8883
2495,普安,90,25,65,國泰-松江,2023-03-14,8883
2892,第一金,65,1,64,國泰-松江,2023-03-14,8883
2610,華航,79,19,60,國泰-松江,2023-03-14,8883
00882,中信中國高股息,58,2,56,國泰-松江,2023-03-14,8883
5880,合庫金,55,0,55,國泰-松江,2023-03-14,8883
1709,和益,54,2,52,國泰-松江,2023-03-14,8883
3481,群創,61,10,51,國泰-松江,2023-03-14,8883
5876,上海商銀,51,1,50,國泰-松江,2023-03-14,8883
00713,元大台灣高息低波,50,2,48,國泰-松江,2023-03-14,8883
2882,國泰金,108,64,44,國泰-松江,2023-03-14,8883
6244,茂迪,91,52,39,國泰-松江,2023-03-14,8883
2409,友達,38,0,38,國泰-松江,2023-03-14,8883
2883,凱基金,35,1,34,國泰-松江,2023-03-14,8883
00679B,元大美債20年,42,8,34,國泰-松江,2023-03-14,8883
1101,台泥,37,4,33,國泰-松江,2023-03-14,8883
00772B,中信高評級公司債,45,12,33,國泰-松江,2023-03-14,8883
2881,富邦金,37,7,30,國泰-松江,2023-03-14,8883
2515,中工,41,12,29,國泰-松江,2023-03-14,8883
2885,元大金,30,3,27,國泰-松江,2023-03-14,8883
2359,所羅門,31,7,24,國泰-松江,2023-03-14,8883
00751B,元大AAA至A公司債,23,0,23,國泰-松江,2023-03-14,8883
0050,元大台灣50,26,3,23,國泰-松江,2023-03-14,8883
00720B,元大投資級公司債,29,6,23,國泰-松江,2023-03-14,8883
00642U,期元大S＆P石油,21,0,21,國泰-松江,2023-03-14,8883
5315,光聯,21,0,21,國泰-松江,2023-03-14,8883
3596,智易,20,0,20,國泰-松江,2023-03-14,8883
00671R,富邦NASDAQ反1,20,0,20,國泰-松江,2023-03-14,8883
6271,同欣電,20,0,20,國泰-松江,2023-03-14,8883
2812,台中銀,19,0,19,國泰-松江,2023-03-14,8883
00900,富邦特選高股息30,19,0,19,國泰-松江,2023-03-14,8883
4906,正文,22,4,18,國泰-松江,2023-03-14,8883
3011,今皓,17,0,17,國泰-松江,2023-03-14,8883
1102,亞泥,19,2,17,國泰-松江,2023-03-14,8883
1760,寶齡富錦,37,20,17,國泰-松江,2023-03-14,8883
8415,大國鋼,16,0,16,國泰-松江,2023-03-14,8883
2108,南帝,18,2,16,國泰-松江,2023-03-14,8883
00878,國泰永續高股息,278,22,256,國泰-松江,2023-03-15,8883
00632R,元大台灣50反1,621,441,180,國泰-松江,2023-03-15,8883
00715L,期街口布蘭特正2,183,8,175,國泰-松江,2023-03-15,8883
2607,榮運,164,4,160,國泰-松江,2023-03-15,8883
2886,兆豐金,118,1,117,國泰-松江,2023-03-15,8883
00713,元大台灣高息低波,96,0,96,國泰-松江,2023-03-15,8883
2618,長榮航,82,17,65,國泰-松江,2023-03-15,8883
2603,長榮,289,230,59,國泰-松江,2023-03-15,8883
5880,合庫金,54,0,54,國泰-松江,2023-03-15,8883
4906,正文,50,1,49,國泰-松江,2023-03-15,8883
2915,潤泰全,54,6,48,國泰-松江,2023-03-15,8883
3078,僑威,61,15,46,國泰-松江,2023-03-15,8883
00772B,中信高評級公司債,41,0,41,國泰-松江,2023-03-15,8883
2887,台新金,44,4,40,國泰-松江,2023-03-15,8883
2891,中信金,41,1,40,國泰-松江,2023-03-15,8883
2637,慧洋-KY,57,18,39,國泰-松江,2023-03-15,8883
00885,富邦越南,42,5,37,國泰-松江,2023-03-15,8883
2884,玉山金,44,14,30,國泰-松江,2023-03-15,8883
5607,遠雄港,26,0,26,國泰-松江,2023-03-15,8883
3209,全科,41,15,26,國泰-松江,2023-03-15,8883
2409,友達,25,1,24,國泰-松江,2023-03-15,8883
2881,富邦金,27,3,24,國泰-松江,2023-03-15,8883
2515,中工,51,28,23,國泰-松江,2023-03-15,8883
00679B,元大美債20年,32,9,23,國泰-松江,2023-03-15,8883
8222,寶一,34,13,21,國泰-松江,2023-03-15,8883
2388,威盛,92,72,20,國泰-松江,2023-03-15,8883
3481,群創,21,1,20,國泰-松江,2023-03-15,8883
5608,四維航,24,4,20,國泰-松江,2023-03-15,8883
8112,至上,22,2,20,國泰-松江,2023-03-15,8883
2457,飛宏,91,71,20,國泰-松江,2023-03-15,8883
3027,盛達,28,9,19,國泰-松江,2023-03-15,8883
2883,凱基金,39,21,18,國泰-松江,2023-03-15,8883
8069,元太,31,15,16,國泰-松江,2023-03-15,8883
2344,華邦電,16,0,16,國泰-松江,2023-03-15,8883
2636,台驊控股,44,28,16,國泰-松江,2023-03-15,8883
00712,復華富時不動產,18,2,16,國泰-松江,2023-03-15,8883
3680,家登,36,21,15,國泰-松江,2023-03-15,8883
2330,台積電,25,10,15,國泰-松江,2023-03-15,8883
6446,藥華藥,15,1,14,國泰-松江,2023-03-15,8883
8096,擎亞,14,0,14,國泰-松江,2023-03-15,8883
2605,新興,23,9,14,國泰-松江,2023-03-15,8883
2317,鴻海,35,21,14,國泰-松江,2023-03-15,8883
00642U,期元大S＆P石油,15,2,13,國泰-松江,2023-03-15,8883
2888,新光金,73,60,13,國泰-松江,2023-03-15,8883
1611,中電,20,7,13,國泰-松江,2023-03-15,8883
00637L,元大滬深300正2,20,7,13,國泰-松江,2023-03-15,8883
2328,廣宇,13,0,13,國泰-松江,2023-03-15,8883
1301,台塑,12,0,12,國泰-松江,2023-03-15,8883
00923,群益台ESG低碳50,13,1,12,國泰-松江,2023-03-15,8883
8084,巨虹,13,1,12,國泰-松江,2023-03-15,8883
00715L,期街口布蘭特正2,371,42,329,國泰-松江,2023-03-16,8883
00878,國泰永續高股息,546,271,275,國泰-松江,2023-03-16,8883
2891,中信金,286,80,206,國泰-松江,2023-03-16,8883
5009,榮剛,178,32,146,國泰-松江,2023-03-16,8883
5315,光聯,126,0,126,國泰-松江,2023-03-16,8883
4155,訊映,105,0,105,國泰-松江,2023-03-16,8883
2834,臺企銀,218,131,87,國泰-松江,2023-03-16,8883
2476,鉅祥,76,2,74,國泰-松江,2023-03-16,8883
5607,遠雄港,85,15,70,國泰-松江,2023-03-16,8883
00671R,富邦NASDAQ反1,100,35,65,國泰-松江,2023-03-16,8883
2330,台積電,71,8,63,國泰-松江,2023-03-16,8883
6116,彩晶,61,3,58,國泰-松江,2023-03-16,8883
2603,長榮,159,102,57,國泰-松江,2023-03-16,8883
00713,元大台灣高息低波,58,3,55,國泰-松江,2023-03-16,8883
00650L,復華香港正2,66,14,52,國泰-松江,2023-03-16,8883
00631L,元大台灣50正2,53,1,52,國泰-松江,2023-03-16,8883
00712,復華富時不動產,49,0,49,國泰-松江,2023-03-16,8883
3178,公準,47,2,45,國泰-松江,2023-03-16,8883
2881,富邦金,43,0,43,國泰-松江,2023-03-16,8883
0050,元大台灣50,48,6,42,國泰-松江,2023-03-16,8883
1708,東鹼,46,5,41,國泰-松江,2023-03-16,8883
2388,威盛,83,43,40,國泰-松江,2023-03-16,8883
1101,台泥,40,4,36,國泰-松江,2023-03-16,8883
9930,中聯資源,35,0,35,國泰-松江,2023-03-16,8883
8415,大國鋼,35,0,35,國泰-松江,2023-03-16,8883
8064,東捷,35,0,35,國泰-松江,2023-03-16,8883
3661,世芯-KY,61,26,35,國泰-松江,2023-03-16,8883
00772B,中信高評級公司債,47,13,34,國泰-松江,2023-03-16,8883
2882,國泰金,101,67,34,國泰-松江,2023-03-16,8883
00637L,元大滬深300正2,30,0,30,國泰-松江,2023-03-16,8883
5225,東科-KY,28,0,28,國泰-松江,2023-03-16,8883
1519,華城,67,39,28,國泰-松江,2023-03-16,8883
2352,佳世達,26,0,26,國泰-松江,2023-03-16,8883
5880,合庫金,28,2,26,國泰-松江,2023-03-16,8883
00679B,元大美債20年,49,25,24,國泰-松江,2023-03-16,8883
6843,進典,24,0,24,國泰-松江,2023-03-16,8883
6443,元晶,37,13,24,國泰-松江,2023-03-16,8883
2313,華通,27,4,23,國泰-松江,2023-03-16,8883
2610,華航,28,6,22,國泰-松江,2023-03-16,8883
8933,愛地雅,25,4,21,國泰-松江,2023-03-16,8883
2633,台灣高鐵,22,1,21,國泰-松江,2023-03-16,8883
0056,元大高股息,48,28,20,國泰-松江,2023-03-16,8883
2515,中工,19,0,19,國泰-松江,2023-03-16,8883
2607,榮運,21,2,19,國泰-松江,2023-03-16,8883
1810,和成,20,1,19,國泰-松江,2023-03-16,8883
2889,國票金,30,11,19,國泰-松江,2023-03-16,8883
2880,華南金,23,5,18,國泰-松江,2023-03-16,8883
8084,巨虹,18,0,18,國泰-松江,2023-03-16,8883
1522,堤維西,20,2,18,國泰-松江,2023-03-16,8883
6547,高端疫苗,17,1,16,國泰-松江,2023-03-16,8883
00632R,元大台灣50反1,824,282,542,國泰-松江,2023-03-17,8883
6443,元晶,653,125,528,國泰-松江,2023-03-17,8883
5607,遠雄港,225,1,224,國泰-松江,2023-03-17,8883
2834,臺企銀,181,30,151,國泰-松江,2023-03-17,8883
00878,國泰永續高股息,138,31,107,國泰-松江,2023-03-17,8883
3481,群創,120,19,101,國泰-松江,2023-03-17,8883
2882,國泰金,82,4,78,國泰-松江,2023-03-17,8883
00715L,期街口布蘭特正2,73,3,70,國泰-松江,2023-03-17,8883
2344,華邦電,68,5,63,國泰-松江,2023-03-17,8883
00713,元大台灣高息低波,61,1,60,國泰-松江,2023-03-17,8883
2603,長榮,119,63,56,國泰-松江,2023-03-17,8883
2891,中信金,54,0,54,國泰-松江,2023-03-17,8883
4960,誠美材,50,0,50,國泰-松江,2023-03-17,8883
6568,宏觀,48,0,48,國泰-松江,2023-03-17,8883
6271,同欣電,59,14,45,國泰-松江,2023-03-17,8883
2610,華航,39,2,37,國泰-松江,2023-03-17,8883
2312,金寶,37,0,37,國泰-松江,2023-03-17,8883
00712,復華富時不動產,45,8,37,國泰-松江,2023-03-17,8883
4164,承業醫,63,28,35,國泰-松江,2023-03-17,8883
8210,勤誠,30,0,30,國泰-松江,2023-03-17,8883
3661,世芯-KY,67,37,30,國泰-松江,2023-03-17,8883
3033,威健,31,2,29,國泰-松江,2023-03-17,8883
3035,智原,54,27,27,國泰-松江,2023-03-17,8883
6205,詮欣,30,8,22,國泰-松江,2023-03-17,8883
2884,玉山金,22,0,22,國泰-松江,2023-03-17,8883
2313,華通,22,1,21,國泰-松江,2023-03-17,8883
5483,中美晶,20,1,19,國泰-松江,2023-03-17,8883
6270,倍微,19,0,19,國泰-松江,2023-03-17,8883
2890,永豐金,19,0,19,國泰-松江,2023-03-17,8883
2883,凱基金,23,4,19,國泰-松江,2023-03-17,8883
6789,采鈺,20,2,18,國泰-松江,2023-03-17,8883
00665L,富邦�琤肭磪囓�2,40,22,18,國泰-松江,2023-03-17,8883
1519,華城,22,7,15,國泰-松江,2023-03-17,8883
6679,鈺太,18,3,15,國泰-松江,2023-03-17,8883
00680L,元大美債20正2,15,0,15,國泰-松江,2023-03-17,8883
6282,康舒,41,26,15,國泰-松江,2023-03-17,8883
2409,友達,23,8,15,國泰-松江,2023-03-17,8883
1218,泰山,14,0,14,國泰-松江,2023-03-17,8883
1513,中興電,40,26,14,國泰-松江,2023-03-17,8883
1609,大亞,25,12,13,國泰-松江,2023-03-17,8883
6187,萬潤,13,0,13,國泰-松江,2023-03-17,8883
2492,華新科,12,0,12,國泰-松江,2023-03-17,8883
00642U,期元大S＆P石油,13,1,12,國泰-松江,2023-03-17,8883
3236,千如,13,1,12,國泰-松江,2023-03-17,8883
3703,欣陸,12,0,12,國泰-松江,2023-03-17,8883
1101,台泥,12,0,12,國泰-松江,2023-03-17,8883
2748,雲品,15,4,11,國泰-松江,2023-03-17,8883
00687B,國泰20年美債,11,0,11,國泰-松江,2023-03-17,8883
2888,新光金,22,12,10,國泰-松江,2023-03-17,8883
6732,昇佳電子,21,11,10,國泰-松江,2023-03-17,8883
6443,元晶,337,107,230,國泰-松江,2023-03-20,8883
00878,國泰永續高股息,177,13,164,國泰-松江,2023-03-20,8883
4155,訊映,103,1,102,國泰-松江,2023-03-20,8883
00715L,期街口布蘭特正2,99,8,91,國泰-松江,2023-03-20,8883
6531,愛普*,115,42,73,國泰-松江,2023-03-20,8883
00885,富邦越南,104,35,69,國泰-松江,2023-03-20,8883
4977,眾達-KY,59,4,55,國泰-松江,2023-03-20,8883
1605,華新,61,9,52,國泰-松江,2023-03-20,8883
00650L,復華香港正2,46,0,46,國泰-松江,2023-03-20,8883
00642U,期元大S＆P石油,47,3,44,國泰-松江,2023-03-20,8883
0056,元大高股息,75,32,43,國泰-松江,2023-03-20,8883
9945,潤泰新,115,73,42,國泰-松江,2023-03-20,8883
2888,新光金,48,7,41,國泰-松江,2023-03-20,8883
6168,宏齊,40,0,40,國泰-松江,2023-03-20,8883
1102,亞泥,31,0,31,國泰-松江,2023-03-20,8883
6605,帝寶,31,0,31,國泰-松江,2023-03-20,8883
2881,富邦金,33,4,29,國泰-松江,2023-03-20,8883
2482,連宇,63,34,29,國泰-松江,2023-03-20,8883
2481,強茂,43,15,28,國泰-松江,2023-03-20,8883
00679B,元大美債20年,44,19,25,國泰-松江,2023-03-20,8883
6271,同欣電,31,7,24,國泰-松江,2023-03-20,8883
2027,大成鋼,25,2,23,國泰-松江,2023-03-20,8883
00665L,富邦�琤肭磪囓�2,38,15,23,國泰-松江,2023-03-20,8883
2891,中信金,23,0,23,國泰-松江,2023-03-20,8883
6753,龍德造船,22,0,22,國泰-松江,2023-03-20,8883
1519,華城,72,51,21,國泰-松江,2023-03-20,8883
5450,南良,20,0,20,國泰-松江,2023-03-20,8883
00902,中信電池及儲能,20,1,19,國泰-松江,2023-03-20,8883
4934,太極,23,5,18,國泰-松江,2023-03-20,8883
2609,陽明,40,22,18,國泰-松江,2023-03-20,8883
5607,遠雄港,20,2,18,國泰-松江,2023-03-20,8883
8210,勤誠,30,13,17,國泰-松江,2023-03-20,8883
1514,亞力,18,1,17,國泰-松江,2023-03-20,8883
2409,友達,18,2,16,國泰-松江,2023-03-20,8883
1795,美時,19,3,16,國泰-松江,2023-03-20,8883
3131,弘塑,15,0,15,國泰-松江,2023-03-20,8883
6282,康舒,30,15,15,國泰-松江,2023-03-20,8883
2867,三商壽,19,5,14,國泰-松江,2023-03-20,8883
4919,新唐,18,4,14,國泰-松江,2023-03-20,8883
6462,神盾,14,0,14,國泰-松江,2023-03-20,8883
6770,力積電,32,18,14,國泰-松江,2023-03-20,8883
00907,永豐優息存股,14,0,14,國泰-松江,2023-03-20,8883
2618,長榮航,18,4,14,國泰-松江,2023-03-20,8883
00773B,中信優先金融債,14,1,13,國泰-松江,2023-03-20,8883
4763,材料-KY,44,31,13,國泰-松江,2023-03-20,8883
00882,中信中國高股息,12,0,12,國泰-松江,2023-03-20,8883
3035,智原,17,5,12,國泰-松江,2023-03-20,8883
1722,台肥,11,0,11,國泰-松江,2023-03-20,8883
2606,裕民,13,2,11,國泰-松江,2023-03-20,8883
6244,茂迪,77,66,11,國泰-松江,2023-03-20,8883
00885,富邦越南,444,14,430,國泰-松江,2023-03-21,8883
2413,環科,221,41,180,國泰-松江,2023-03-21,8883
5607,遠雄港,100,4,96,國泰-松江,2023-03-21,8883
4967,十銓,99,14,85,國泰-松江,2023-03-21,8883
1216,統一,80,1,79,國泰-松江,2023-03-21,8883
6248,沛波,66,0,66,國泰-松江,2023-03-21,8883
00878,國泰永續高股息,89,31,58,國泰-松江,2023-03-21,8883
1785,光洋科,58,2,56,國泰-松江,2023-03-21,8883
2449,京元電子,53,3,50,國泰-松江,2023-03-21,8883
5425,台半,54,5,49,國泰-松江,2023-03-21,8883
1611,中電,54,6,48,國泰-松江,2023-03-21,8883
4763,材料-KY,116,72,44,國泰-松江,2023-03-21,8883
2610,華航,37,3,34,國泰-松江,2023-03-21,8883
2615,萬海,40,7,33,國泰-松江,2023-03-21,8883
3260,威剛,35,3,32,國泰-松江,2023-03-21,8883
2886,兆豐金,34,3,31,國泰-松江,2023-03-21,8883
3711,日月光投控,31,1,30,國泰-松江,2023-03-21,8883
6244,茂迪,82,54,28,國泰-松江,2023-03-21,8883
4155,訊映,29,1,28,國泰-松江,2023-03-21,8883
4934,太極,58,30,28,國泰-松江,2023-03-21,8883
3631,晟楠,26,0,26,國泰-松江,2023-03-21,8883
1605,華新,47,22,25,國泰-松江,2023-03-21,8883
2891,中信金,26,4,22,國泰-松江,2023-03-21,8883
6533,晶心科,22,1,21,國泰-松江,2023-03-21,8883
2330,台積電,25,5,20,國泰-松江,2023-03-21,8883
3481,群創,28,8,20,國泰-松江,2023-03-21,8883
2344,華邦電,32,12,20,國泰-松江,2023-03-21,8883
2006,東和鋼鐵,20,1,19,國泰-松江,2023-03-21,8883
6446,藥華藥,21,4,17,國泰-松江,2023-03-21,8883
6404,通訊-KY,17,0,17,國泰-松江,2023-03-21,8883
3545,敦泰,33,16,17,國泰-松江,2023-03-21,8883
00712,復華富時不動產,17,0,17,國泰-松江,2023-03-21,8883
6235,華孚,57,41,16,國泰-松江,2023-03-21,8883
9955,佳龍,21,5,16,國泰-松江,2023-03-21,8883
00679B,元大美債20年,25,10,15,國泰-松江,2023-03-21,8883
4960,誠美材,15,0,15,國泰-松江,2023-03-21,8883
5009,榮剛,32,17,15,國泰-松江,2023-03-21,8883
2834,臺企銀,31,17,14,國泰-松江,2023-03-21,8883
3624,光頡,19,5,14,國泰-松江,2023-03-21,8883
00715L,期街口布蘭特正2,17,3,14,國泰-松江,2023-03-21,8883
2609,陽明,25,12,13,國泰-松江,2023-03-21,8883
6753,龍德造船,13,0,13,國泰-松江,2023-03-21,8883
00881,國泰台灣5G+,20,8,12,國泰-松江,2023-03-21,8883
6531,愛普*,23,11,12,國泰-松江,2023-03-21,8883
3047,訊舟,12,0,12,國泰-松江,2023-03-21,8883
2882,國泰金,23,12,11,國泰-松江,2023-03-21,8883
4977,眾達-KY,20,9,11,國泰-松江,2023-03-21,8883
00753L,中信中國50正2,11,0,11,國泰-松江,2023-03-21,8883
2303,聯電,16,6,10,國泰-松江,2023-03-21,8883
2454,聯發科,11,1,10,國泰-松江,2023-03-21,8883
00637L,元大滬深300正2,323,1,322,國泰-松江,2023-03-22,8883
3027,盛達,144,30,114,國泰-松江,2023-03-22,8883
4503,金雨,86,1,85,國泰-松江,2023-03-22,8883
00679B,元大美債20年,87,5,82,國泰-松江,2023-03-22,8883
1314,中石化,70,0,70,國泰-松江,2023-03-22,8883
2002,中鋼,65,8,57,國泰-松江,2023-03-22,8883
2834,臺企銀,55,2,53,國泰-松江,2023-03-22,8883
00655L,國泰中國A50正2,50,0,50,國泰-松江,2023-03-22,8883
2637,慧洋-KY,57,9,48,國泰-松江,2023-03-22,8883
9907,統一實,52,8,44,國泰-松江,2023-03-22,8883
1529,樂事綠能,66,26,40,國泰-松江,2023-03-22,8883
6290,良維,39,11,28,國泰-松江,2023-03-22,8883
4746,台耀,28,4,24,國泰-松江,2023-03-22,8883
9945,潤泰新,29,6,23,國泰-松江,2023-03-22,8883
5225,東科-KY,23,0,23,國泰-松江,2023-03-22,8883
6129,普誠,30,8,22,國泰-松江,2023-03-22,8883
4155,訊映,25,4,21,國泰-松江,2023-03-22,8883
00725B,國泰投資級公司債,21,0,21,國泰-松江,2023-03-22,8883
1102,亞泥,20,0,20,國泰-松江,2023-03-22,8883
00795B,中信美國公債20年,21,2,19,國泰-松江,2023-03-22,8883
6733,博晟生醫,20,1,19,國泰-松江,2023-03-22,8883
2345,智邦,21,2,19,國泰-松江,2023-03-22,8883
2368,金像電,56,37,19,國泰-松江,2023-03-22,8883
1605,華新,24,6,18,國泰-松江,2023-03-22,8883
3374,精材,18,0,18,國泰-松江,2023-03-22,8883
5258,虹堡,45,27,18,國泰-松江,2023-03-22,8883
1201,味全,17,0,17,國泰-松江,2023-03-22,8883
1802,台玻,21,5,16,國泰-松江,2023-03-22,8883
2882,國泰金,28,12,16,國泰-松江,2023-03-22,8883
6470,宇智,15,0,15,國泰-松江,2023-03-22,8883
6517,保勝光學,14,0,14,國泰-松江,2023-03-22,8883
2645,長榮航太,16,2,14,國泰-松江,2023-03-22,8883
1785,光洋科,15,1,14,國泰-松江,2023-03-22,8883
00893,國泰智能電動車,29,16,13,國泰-松江,2023-03-22,8883
00687B,國泰20年美債,13,0,13,國泰-松江,2023-03-22,8883
2317,鴻海,18,6,12,國泰-松江,2023-03-22,8883
3047,訊舟,14,2,12,國泰-松江,2023-03-22,8883
3715,定穎投控,88,76,12,國泰-松江,2023-03-22,8883
2498,宏達電,38,27,11,國泰-松江,2023-03-22,8883
6756,威鋒電子,27,16,11,國泰-松江,2023-03-22,8883
00631L,元大台灣50正2,15,4,11,國泰-松江,2023-03-22,8883
00720B,元大投資級公司債,12,1,11,國泰-松江,2023-03-22,8883
2006,東和鋼鐵,10,0,10,國泰-松江,2023-03-22,8883
2915,潤泰全,10,0,10,國泰-松江,2023-03-22,8883
8926,台汽電,14,4,10,國泰-松江,2023-03-22,8883
1319,東陽,12,2,10,國泰-松江,2023-03-22,8883
3013,晟銘電,26,16,10,國泰-松江,2023-03-22,8883
3141,晶宏,33,23,10,國泰-松江,2023-03-22,8883
2618,長榮航,23,13,10,國泰-松江,2023-03-22,8883
6531,愛普*,25,16,9,國泰-松江,2023-03-22,8883
1605,華新,382,56,326,國泰-松江,2023-03-23,8883
3035,智原,229,35,194,國泰-松江,2023-03-23,8883
0056,元大高股息,192,54,138,國泰-松江,2023-03-23,8883
2515,中工,73,2,71,國泰-松江,2023-03-23,8883
00632R,元大台灣50反1,1085,1018,67,國泰-松江,2023-03-23,8883
5244,弘凱,60,0,60,國泰-松江,2023-03-23,8883
2727,王品,62,12,50,國泰-松江,2023-03-23,8883
2610,華航,56,13,43,國泰-松江,2023-03-23,8883
2402,毅嘉,278,238,40,國泰-松江,2023-03-23,8883
3231,緯創,80,45,35,國泰-松江,2023-03-23,8883
3710,連展投控,40,9,31,國泰-松江,2023-03-23,8883
6248,沛波,30,0,30,國泰-松江,2023-03-23,8883
2530,華建,30,0,30,國泰-松江,2023-03-23,8883
8466,美吉吉-KY,29,0,29,國泰-松江,2023-03-23,8883
5608,四維航,36,9,27,國泰-松江,2023-03-23,8883
1513,中興電,38,12,26,國泰-松江,2023-03-23,8883
2609,陽明,40,16,24,國泰-松江,2023-03-23,8883
2368,金像電,36,12,24,國泰-松江,2023-03-23,8883
2344,華邦電,28,5,23,國泰-松江,2023-03-23,8883
00679B,元大美債20年,31,9,22,國泰-松江,2023-03-23,8883
8358,金居,23,1,22,國泰-松江,2023-03-23,8883
4746,台耀,24,2,22,國泰-松江,2023-03-23,8883
6134,萬旭,20,0,20,國泰-松江,2023-03-23,8883
2495,普安,30,10,20,國泰-松江,2023-03-23,8883
4919,新唐,70,50,20,國泰-松江,2023-03-23,8883
2603,長榮,47,27,20,國泰-松江,2023-03-23,8883
3178,公準,34,15,19,國泰-松江,2023-03-23,8883
3374,精材,19,0,19,國泰-松江,2023-03-23,8883
3022,威強電,24,6,18,國泰-松江,2023-03-23,8883
9945,潤泰新,18,0,18,國泰-松江,2023-03-23,8883
3037,欣興,83,65,18,國泰-松江,2023-03-23,8883
3322,建舜電,82,64,18,國泰-松江,2023-03-23,8883
6517,保勝光學,25,7,18,國泰-松江,2023-03-23,8883
6770,力積電,16,0,16,國泰-松江,2023-03-23,8883
6485,點序,16,0,16,國泰-松江,2023-03-23,8883
00897,富邦基因免疫生技,16,0,16,國泰-松江,2023-03-23,8883
2313,華通,36,21,15,國泰-松江,2023-03-23,8883
6143,振曜,35,20,15,國泰-松江,2023-03-23,8883
2342,茂矽,17,3,14,國泰-松江,2023-03-23,8883
3260,威剛,30,16,14,國泰-松江,2023-03-23,8883
3466,德晉,14,0,14,國泰-松江,2023-03-23,8883
00712,復華富時不動產,13,0,13,國泰-松江,2023-03-23,8883
6591,動力-KY,15,2,13,國泰-松江,2023-03-23,8883
2371,大同,12,0,12,國泰-松江,2023-03-23,8883
00683L,期元大美元指正2,12,0,12,國泰-松江,2023-03-23,8883
00772B,中信高評級公司債,16,4,12,國泰-松江,2023-03-23,8883
3290,東浦,14,2,12,國泰-松江,2023-03-23,8883
3317,尼克森,15,4,11,國泰-松江,2023-03-23,8883
9904,寶成,13,2,11,國泰-松江,2023-03-23,8883
3217,優群,19,8,11,國泰-松江,2023-03-23,8883
00720B,元大投資級公司債,1023,1,1022,國泰-松江,2023-03-24,8883
3576,聯合再生,167,33,134,國泰-松江,2023-03-24,8883
00632R,元大台灣50反1,653,562,91,國泰-松江,2023-03-24,8883
2476,鉅祥,147,58,89,國泰-松江,2023-03-24,8883
2637,慧洋-KY,88,1,87,國泰-松江,2023-03-24,8883
2634,漢翔,82,13,69,國泰-松江,2023-03-24,8883
2002,中鋼,69,5,64,國泰-松江,2023-03-24,8883
6733,博晟生醫,65,7,58,國泰-松江,2023-03-24,8883
00669R,國泰美國道瓊反1,51,0,51,國泰-松江,2023-03-24,8883
2618,長榮航,52,3,49,國泰-松江,2023-03-24,8883
4979,華星光,55,6,49,國泰-松江,2023-03-24,8883
2014,中鴻,33,0,33,國泰-松江,2023-03-24,8883
2204,中華,33,2,31,國泰-松江,2023-03-24,8883
2359,所羅門,30,0,30,國泰-松江,2023-03-24,8883
00664R,國泰臺灣加權反1,30,0,30,國泰-松江,2023-03-24,8883
3081,聯亞,49,20,29,國泰-松江,2023-03-24,8883
3037,欣興,143,116,27,國泰-松江,2023-03-24,8883
2834,臺企銀,32,6,26,國泰-松江,2023-03-24,8883
00772B,中信高評級公司債,26,0,26,國泰-松江,2023-03-24,8883
2351,順德,41,17,24,國泰-松江,2023-03-24,8883
00706L,期元大S＆P日圓正2,24,0,24,國泰-松江,2023-03-24,8883
1708,東鹼,26,2,24,國泰-松江,2023-03-24,8883
00679B,元大美債20年,33,9,24,國泰-松江,2023-03-24,8883
4763,材料-KY,64,41,23,國泰-松江,2023-03-24,8883
2882,國泰金,30,7,23,國泰-松江,2023-03-24,8883
3017,奇鋐,33,11,22,國泰-松江,2023-03-24,8883
2515,中工,21,0,21,國泰-松江,2023-03-24,8883
2607,榮運,20,0,20,國泰-松江,2023-03-24,8883
3346,麗清,30,10,20,國泰-松江,2023-03-24,8883
2408,南亞科,69,50,19,國泰-松江,2023-03-24,8883
3710,連展投控,19,0,19,國泰-松江,2023-03-24,8883
6535,順藥,19,0,19,國泰-松江,2023-03-24,8883
3005,神基,19,0,19,國泰-松江,2023-03-24,8883
00715L,期街口布蘭特正2,34,16,18,國泰-松江,2023-03-24,8883
6485,點序,22,5,17,國泰-松江,2023-03-24,8883
2615,萬海,22,6,16,國泰-松江,2023-03-24,8883
8926,台汽電,18,2,16,國泰-松江,2023-03-24,8883
2332,友訊,30,14,16,國泰-松江,2023-03-24,8883
00919,群益台灣精選高息,18,2,16,國泰-松江,2023-03-24,8883
5210,寶碩,15,0,15,國泰-松江,2023-03-24,8883
3653,健策,24,10,14,國泰-松江,2023-03-24,8883
2486,一詮,18,4,14,國泰-松江,2023-03-24,8883
3051,力特,20,6,14,國泰-松江,2023-03-24,8883
6168,宏齊,17,3,14,國泰-松江,2023-03-24,8883
3058,立德,14,0,14,國泰-松江,2023-03-24,8883
6122,擎邦,22,8,14,國泰-松江,2023-03-24,8883
2303,聯電,22,8,14,國泰-松江,2023-03-24,8883
3362,先進光,15,2,13,國泰-松江,2023-03-24,8883
2867,三商壽,12,0,12,國泰-松江,2023-03-24,8883
2748,雲品,12,0,12,國泰-松江,2023-03-24,8883
2485,兆赫,111,0,111,國泰-松江,2023-03-27,8883
00922,國泰台灣領袖50,138,30,108,國泰-松江,2023-03-27,8883
1605,華新,227,141,86,國泰-松江,2023-03-27,8883
1101,台泥,100,17,83,國泰-松江,2023-03-27,8883
00753L,中信中國50正2,87,10,77,國泰-松江,2023-03-27,8883
3231,緯創,132,63,69,國泰-松江,2023-03-27,8883
6182,合晶,69,4,65,國泰-松江,2023-03-27,8883
00665L,富邦�琤肭磪囓�2,62,0,62,國泰-松江,2023-03-27,8883
00882,中信中國高股息,79,18,61,國泰-松江,2023-03-27,8883
00688L,國泰20年美債正2,60,0,60,國泰-松江,2023-03-27,8883
6142,友勁,57,0,57,國泰-松江,2023-03-27,8883
2204,中華,56,1,55,國泰-松江,2023-03-27,8883
2882,國泰金,61,12,49,國泰-松江,2023-03-27,8883
6733,博晟生醫,75,27,48,國泰-松江,2023-03-27,8883
3346,麗清,46,3,43,國泰-松江,2023-03-27,8883
2610,華航,42,1,41,國泰-松江,2023-03-27,8883
2634,漢翔,79,38,41,國泰-松江,2023-03-27,8883
8936,國統,41,0,41,國泰-松江,2023-03-27,8883
1219,福壽,41,0,41,國泰-松江,2023-03-27,8883
00900,富邦特選高股息30,46,6,40,國泰-松江,2023-03-27,8883
2890,永豐金,48,9,39,國泰-松江,2023-03-27,8883
1514,亞力,42,5,37,國泰-松江,2023-03-27,8883
3056,富華新,31,0,31,國泰-松江,2023-03-27,8883
3711,日月光投控,30,0,30,國泰-松江,2023-03-27,8883
00650L,復華香港正2,60,30,30,國泰-松江,2023-03-27,8883
5381,合正,35,5,30,國泰-松江,2023-03-27,8883
2344,華邦電,33,4,29,國泰-松江,2023-03-27,8883
6274,台燿,34,7,27,國泰-松江,2023-03-27,8883
00773B,中信優先金融債,26,0,26,國泰-松江,2023-03-27,8883
1560,中砂,33,7,26,國泰-松江,2023-03-27,8883
1609,大亞,100,75,25,國泰-松江,2023-03-27,8883
6288,聯嘉,68,45,23,國泰-松江,2023-03-27,8883
2201,裕隆,43,20,23,國泰-松江,2023-03-27,8883
2455,全新,36,13,23,國泰-松江,2023-03-27,8883
2208,台船,28,5,23,國泰-松江,2023-03-27,8883
1504,東元,139,117,22,國泰-松江,2023-03-27,8883
2884,玉山金,37,16,21,國泰-松江,2023-03-27,8883
5608,四維航,24,3,21,國泰-松江,2023-03-27,8883
1519,華城,33,12,21,國泰-松江,2023-03-27,8883
2607,榮運,20,0,20,國泰-松江,2023-03-27,8883
2474,可成,20,0,20,國泰-松江,2023-03-27,8883
6485,點序,26,7,19,國泰-松江,2023-03-27,8883
9907,統一實,40,21,19,國泰-松江,2023-03-27,8883
2427,三商電,19,0,19,國泰-松江,2023-03-27,8883
6138,茂達,19,1,18,國泰-松江,2023-03-27,8883
2317,鴻海,23,5,18,國泰-松江,2023-03-27,8883
6472,保瑞,63,45,18,國泰-松江,2023-03-27,8883
2376,技嘉,20,3,17,國泰-松江,2023-03-27,8883
3050,鈺德,17,0,17,國泰-松江,2023-03-27,8883
2330,台積電,20,4,16,國泰-松江,2023-03-27,8883
00679B,元大美債20年,198,12,186,國泰-松江,2023-03-28,8883
00720B,元大投資級公司債,148,0,148,國泰-松江,2023-03-28,8883
00751B,元大AAA至A公司債,90,1,89,國泰-松江,2023-03-28,8883
1708,東鹼,84,4,80,國泰-松江,2023-03-28,8883
3037,欣興,110,37,73,國泰-松江,2023-03-28,8883
2634,漢翔,75,11,64,國泰-松江,2023-03-28,8883
00882,中信中國高股息,60,2,58,國泰-松江,2023-03-28,8883
00662,富邦NASDAQ,55,0,55,國泰-松江,2023-03-28,8883
00665L,富邦�琤肭磪囓�2,55,0,55,國泰-松江,2023-03-28,8883
2882,國泰金,56,4,52,國泰-松江,2023-03-28,8883
00922,國泰台灣領袖50,63,13,50,國泰-松江,2023-03-28,8883
4763,材料-KY,47,5,42,國泰-松江,2023-03-28,8883
00637L,元大滬深300正2,40,0,40,國泰-松江,2023-03-28,8883
1504,東元,79,40,39,國泰-松江,2023-03-28,8883
2515,中工,38,1,37,國泰-松江,2023-03-28,8883
2331,精英,51,15,36,國泰-松江,2023-03-28,8883
00900,富邦特選高股息30,36,1,35,國泰-松江,2023-03-28,8883
3035,智原,101,66,35,國泰-松江,2023-03-28,8883
2371,大同,35,1,34,國泰-松江,2023-03-28,8883
3491,昇達科,33,0,33,國泰-松江,2023-03-28,8883
5475,德宏,35,2,33,國泰-松江,2023-03-28,8883
2453,凌群,40,9,31,國泰-松江,2023-03-28,8883
00772B,中信高評級公司債,32,1,31,國泰-松江,2023-03-28,8883
6142,友勁,30,0,30,國泰-松江,2023-03-28,8883
2303,聯電,36,6,30,國泰-松江,2023-03-28,8883
3322,建舜電,54,25,29,國泰-松江,2023-03-28,8883
2014,中鴻,31,2,29,國泰-松江,2023-03-28,8883
00650L,復華香港正2,36,10,26,國泰-松江,2023-03-28,8883
2402,毅嘉,34,8,26,國泰-松江,2023-03-28,8883
00680L,元大美債20正2,24,0,24,國泰-松江,2023-03-28,8883
2344,華邦電,35,12,23,國泰-松江,2023-03-28,8883
2340,台亞,33,11,22,國泰-松江,2023-03-28,8883
00919,群益台灣精選高息,21,0,21,國泰-松江,2023-03-28,8883
6472,保瑞,63,42,21,國泰-松江,2023-03-28,8883
4739,康普,20,0,20,國泰-松江,2023-03-28,8883
6185,幃翔,20,0,20,國泰-松江,2023-03-28,8883
3056,富華新,31,11,20,國泰-松江,2023-03-28,8883
2317,鴻海,26,7,19,國泰-松江,2023-03-28,8883
3081,聯亞,23,5,18,國泰-松江,2023-03-28,8883
3014,聯陽,18,0,18,國泰-松江,2023-03-28,8883
6733,博晟生醫,28,10,18,國泰-松江,2023-03-28,8883
6156,松上,17,0,17,國泰-松江,2023-03-28,8883
1519,華城,34,18,16,國泰-松江,2023-03-28,8883
2330,台積電,21,5,16,國泰-松江,2023-03-28,8883
00687B,國泰20年美債,17,1,16,國泰-松江,2023-03-28,8883
8222,寶一,27,11,16,國泰-松江,2023-03-28,8883
2332,友訊,22,6,16,國泰-松江,2023-03-28,8883
6197,佳必琪,17,1,16,國泰-松江,2023-03-28,8883
6129,普誠,36,20,16,國泰-松江,2023-03-28,8883
0056,元大高股息,139,123,16,國泰-松江,2023-03-28,8883
00632R,元大台灣50反1,380,10,370,國泰-松江,2023-03-29,8883
00720B,元大投資級公司債,211,1,210,國泰-松江,2023-03-29,8883
5225,東科-KY,80,0,80,國泰-松江,2023-03-29,8883
5315,光聯,72,0,72,國泰-松江,2023-03-29,8883
00885,富邦越南,201,135,66,國泰-松江,2023-03-29,8883
5243,乙盛-KY,74,16,58,國泰-松江,2023-03-29,8883
6248,沛波,58,0,58,國泰-松江,2023-03-29,8883
2409,友達,63,6,57,國泰-松江,2023-03-29,8883
2303,聯電,61,7,54,國泰-松江,2023-03-29,8883
5488,松普,50,0,50,國泰-松江,2023-03-29,8883
00712,復華富時不動產,53,6,47,國泰-松江,2023-03-29,8883
00679B,元大美債20年,61,15,46,國泰-松江,2023-03-29,8883
6443,元晶,58,14,44,國泰-松江,2023-03-29,8883
2609,陽明,44,3,41,國泰-松江,2023-03-29,8883
1708,東鹼,45,4,41,國泰-松江,2023-03-29,8883
00637L,元大滬深300正2,46,6,40,國泰-松江,2023-03-29,8883
00922,國泰台灣領袖50,45,6,39,國泰-松江,2023-03-29,8883
3022,威強電,64,25,39,國泰-松江,2023-03-29,8883
2342,茂矽,69,30,39,國泰-松江,2023-03-29,8883
00713,元大台灣高息低波,42,5,37,國泰-松江,2023-03-29,8883
00919,群益台灣精選高息,35,0,35,國泰-松江,2023-03-29,8883
2408,南亞科,33,1,32,國泰-松江,2023-03-29,8883
9105,泰金寶-DR,25,0,25,國泰-松江,2023-03-29,8883
4763,材料-KY,32,7,25,國泰-松江,2023-03-29,8883
2603,長榮,35,13,22,國泰-松江,2023-03-29,8883
2329,華泰,56,35,21,國泰-松江,2023-03-29,8883
00772B,中信高評級公司債,21,0,21,國泰-松江,2023-03-29,8883
2340,台亞,24,4,20,國泰-松江,2023-03-29,8883
6235,華孚,48,28,20,國泰-松江,2023-03-29,8883
5425,台半,23,4,19,國泰-松江,2023-03-29,8883
6485,點序,29,10,19,國泰-松江,2023-03-29,8883
00900,富邦特選高股息30,18,0,18,國泰-松江,2023-03-29,8883
00923,群益台ESG低碳50,18,0,18,國泰-松江,2023-03-29,8883
00680L,元大美債20正2,18,0,18,國泰-松江,2023-03-29,8883
6138,茂達,20,3,17,國泰-松江,2023-03-29,8883
00892,富邦台灣半導體,16,0,16,國泰-松江,2023-03-29,8883
6578,達邦蛋白,26,10,16,國泰-松江,2023-03-29,8883
6548,長科*,16,0,16,國泰-松江,2023-03-29,8883
2025,千興,15,0,15,國泰-松江,2023-03-29,8883
2371,大同,39,24,15,國泰-松江,2023-03-29,8883
6753,龍德造船,18,4,14,國泰-松江,2023-03-29,8883
3447,展達,17,4,13,國泰-松江,2023-03-29,8883
3705,永信,13,0,13,國泰-松江,2023-03-29,8883
2402,毅嘉,16,4,12,國泰-松江,2023-03-29,8883
3362,先進光,23,13,10,國泰-松江,2023-03-29,8883
5258,虹堡,40,30,10,國泰-松江,2023-03-29,8883
3035,智原,33,23,10,國泰-松江,2023-03-29,8883
00654R,富邦印度反1,10,0,10,國泰-松江,2023-03-29,8883
5450,南良,11,1,10,國泰-松江,2023-03-29,8883
00671R,富邦NASDAQ反1,10,0,10,國泰-松江,2023-03-29,8883
1504,東元,958,45,913,國泰-松江,2023-03-30,8883
2344,華邦電,704,86,618,國泰-松江,2023-03-30,8883
00753L,中信中國50正2,127,10,117,國泰-松江,2023-03-30,8883
6248,沛波,74,0,74,國泰-松江,2023-03-30,8883
2476,鉅祥,60,5,55,國泰-松江,2023-03-30,8883
00671R,富邦NASDAQ反1,55,0,55,國泰-松江,2023-03-30,8883
00665L,富邦�琤肭磪囓�2,73,22,51,國泰-松江,2023-03-30,8883
2438,翔耀,40,0,40,國泰-松江,2023-03-30,8883
5225,東科-KY,48,9,39,國泰-松江,2023-03-30,8883
00882,中信中國高股息,37,2,35,國泰-松江,2023-03-30,8883
3339,泰谷,30,1,29,國泰-松江,2023-03-30,8883
2889,國票金,48,20,28,國泰-松江,2023-03-30,8883
00679B,元大美債20年,35,8,27,國泰-松江,2023-03-30,8883
00715L,期街口布蘭特正2,30,5,25,國泰-松江,2023-03-30,8883
00632R,元大台灣50反1,53,30,23,國泰-松江,2023-03-30,8883
2610,華航,70,47,23,國泰-松江,2023-03-30,8883
4543,萬在,20,0,20,國泰-松江,2023-03-30,8883
2534,宏盛,19,0,19,國泰-松江,2023-03-30,8883
5243,乙盛-KY,22,3,19,國泰-松江,2023-03-30,8883
00922,國泰台灣領袖50,18,0,18,國泰-松江,2023-03-30,8883
1762,中化生,22,4,18,國泰-松江,2023-03-30,8883
2882,國泰金,19,2,17,國泰-松江,2023-03-30,8883
6285,啟��,51,35,16,國泰-松江,2023-03-30,8883
2890,永豐金,16,1,15,國泰-松江,2023-03-30,8883
1584,精剛,70,55,15,國泰-松江,2023-03-30,8883
9945,潤泰新,28,14,14,國泰-松江,2023-03-30,8883
1795,美時,56,42,14,國泰-松江,2023-03-30,8883
6715,嘉基,19,5,14,國泰-松江,2023-03-30,8883
6282,康舒,16,2,14,國泰-松江,2023-03-30,8883
5009,榮剛,30,16,14,國泰-松江,2023-03-30,8883
2025,千興,13,0,13,國泰-松江,2023-03-30,8883
5871,中租-KY,16,4,12,國泰-松江,2023-03-30,8883
2645,長榮航太,13,1,12,國泰-松江,2023-03-30,8883
1513,中興電,23,11,12,國泰-松江,2023-03-30,8883
2615,萬海,33,21,12,國泰-松江,2023-03-30,8883
3481,群創,15,3,12,國泰-松江,2023-03-30,8883
00650L,復華香港正2,32,20,12,國泰-松江,2023-03-30,8883
2371,大同,12,0,12,國泰-松江,2023-03-30,8883
3715,定穎投控,29,17,12,國泰-松江,2023-03-30,8883
1605,華新,23,11,12,國泰-松江,2023-03-30,8883
8299,群聯,20,9,11,國泰-松江,2023-03-30,8883
5315,光聯,11,0,11,國泰-松江,2023-03-30,8883
3447,展達,23,12,11,國泰-松江,2023-03-30,8883
6472,保瑞,24,14,10,國泰-松江,2023-03-30,8883
5381,合正,10,0,10,國泰-松江,2023-03-30,8883
3710,連展投控,10,0,10,國泰-松江,2023-03-30,8883
6568,宏觀,10,0,10,國泰-松江,2023-03-30,8883
1101,台泥,15,6,9,國泰-松江,2023-03-30,8883
3617,碩天,10,1,9,國泰-松江,2023-03-30,8883
8110,華東,10,1,9,國泰-松江,2023-03-30,8883
2408,南亞科,253,58,195,國泰-松江,2023-03-31,8883
3576,聯合再生,169,0,169,國泰-松江,2023-03-31,8883
6548,長科*,171,102,69,國泰-松江,2023-03-31,8883
4951,精拓科,50,0,50,國泰-松江,2023-03-31,8883
2474,可成,54,5,49,國泰-松江,2023-03-31,8883
1710,東聯,50,4,46,國泰-松江,2023-03-31,8883
4763,材料-KY,47,2,45,國泰-松江,2023-03-31,8883
00680L,元大美債20正2,44,0,44,國泰-松江,2023-03-31,8883
2457,飛宏,95,56,39,國泰-松江,2023-03-31,8883
1560,中砂,36,2,34,國泰-松江,2023-03-31,8883
3711,日月光投控,54,21,33,國泰-松江,2023-03-31,8883
6443,元晶,34,1,33,國泰-松江,2023-03-31,8883
3046,建��,44,12,32,國泰-松江,2023-03-31,8883
5521,工信,32,0,32,國泰-松江,2023-03-31,8883
2317,鴻海,31,4,27,國泰-松江,2023-03-31,8883
4927,泰鼎-KY,25,0,25,國泰-松江,2023-03-31,8883
6843,進典,25,1,24,國泰-松江,2023-03-31,8883
2449,京元電子,24,0,24,國泰-松江,2023-03-31,8883
2890,永豐金,30,7,23,國泰-松江,2023-03-31,8883
3019,亞光,22,0,22,國泰-松江,2023-03-31,8883
8088,品安,21,0,21,國泰-松江,2023-03-31,8883
6248,沛波,19,0,19,國泰-松江,2023-03-31,8883
3362,先進光,17,0,17,國泰-松江,2023-03-31,8883
2337,旺宏,28,11,17,國泰-松江,2023-03-31,8883
3037,欣興,64,48,16,國泰-松江,2023-03-31,8883
1721,三晃,15,0,15,國泰-松江,2023-03-31,8883
3310,佳穎,15,0,15,國泰-松江,2023-03-31,8883
2027,大成鋼,16,2,14,國泰-松江,2023-03-31,8883
2889,國票金,24,10,14,國泰-松江,2023-03-31,8883
1519,華城,22,8,14,國泰-松江,2023-03-31,8883
6285,啟��,41,27,14,國泰-松江,2023-03-31,8883
2233,宇隆,15,2,13,國泰-松江,2023-03-31,8883
3056,富華新,14,1,13,國泰-松江,2023-03-31,8883
3005,神基,13,0,13,國泰-松江,2023-03-31,8883
6139,亞翔,19,6,13,國泰-松江,2023-03-31,8883
2429,銘旺科,16,3,13,國泰-松江,2023-03-31,8883
6133,金橋,34,21,13,國泰-松江,2023-03-31,8883
00631L,元大台灣50正2,13,0,13,國泰-松江,2023-03-31,8883
2476,鉅祥,15,3,12,國泰-松江,2023-03-31,8883
1609,大亞,12,1,11,國泰-松江,2023-03-31,8883
6150,撼訊,12,1,11,國泰-松江,2023-03-31,8883
6568,宏觀,10,0,10,國泰-松江,2023-03-31,8883
5321,美而快,10,0,10,國泰-松江,2023-03-31,8883
3211,順達,10,0,10,國泰-松江,2023-03-31,8883
00891,中信關鍵半導體,10,0,10,國泰-松江,2023-03-31,8883
6733,博晟生醫,11,1,10,國泰-松江,2023-03-31,8883
2734,易飛網,10,0,10,國泰-松江,2023-03-31,8883
5225,東科-KY,16,6,10,國泰-松江,2023-03-31,8883
3455,由田,10,0,10,國泰-松江,2023-03-31,8883
3706,神達,10,0,10,國泰-松江,2023-03-31,8883
00637L,元大滬深300正2,511,45,466,國泰-松江,2023-04-06,8883
2609,陽明,339,16,323,國泰-松江,2023-04-06,8883
2603,長榮,266,7,259,國泰-松江,2023-04-06,8883
00665L,富邦�琤肭磪囓�2,111,8,103,國泰-松江,2023-04-06,8883
00773B,中信優先金融債,100,15,85,國泰-松江,2023-04-06,8883
00753L,中信中國50正2,69,0,69,國泰-松江,2023-04-06,8883
1708,東鹼,80,16,64,國泰-松江,2023-04-06,8883
4763,材料-KY,65,2,63,國泰-松江,2023-04-06,8883
2344,華邦電,97,37,60,國泰-松江,2023-04-06,8883
0056,元大高股息,98,38,60,國泰-松江,2023-04-06,8883
00673R,期元大S＆P原油反1,56,0,56,國泰-松江,2023-04-06,8883
6150,撼訊,51,2,49,國泰-松江,2023-04-06,8883
00650L,復華香港正2,90,42,48,國泰-松江,2023-04-06,8883
5315,光聯,45,0,45,國泰-松江,2023-04-06,8883
2834,臺企銀,43,4,39,國泰-松江,2023-04-06,8883
4951,精拓科,40,1,39,國泰-松江,2023-04-06,8883
00712,復華富時不動產,43,4,39,國泰-松江,2023-04-06,8883
00893,國泰智能電動車,34,1,33,國泰-松江,2023-04-06,8883
3025,星通,49,16,33,國泰-松江,2023-04-06,8883
6517,保勝光學,33,0,33,國泰-松江,2023-04-06,8883
00900,富邦特選高股息30,33,2,31,國泰-松江,2023-04-06,8883
00882,中信中國高股息,32,2,30,國泰-松江,2023-04-06,8883
1310,台苯,30,0,30,國泰-松江,2023-04-06,8883
5328,華容,30,0,30,國泰-松江,2023-04-06,8883
9945,潤泰新,41,12,29,國泰-松江,2023-04-06,8883
00922,國泰台灣領袖50,27,0,27,國泰-松江,2023-04-06,8883
3231,緯創,76,50,26,國泰-松江,2023-04-06,8883
8069,元太,40,14,26,國泰-松江,2023-04-06,8883
8088,品安,27,1,26,國泰-松江,2023-04-06,8883
2317,鴻海,44,18,26,國泰-松江,2023-04-06,8883
00725B,國泰投資級公司債,25,0,25,國泰-松江,2023-04-06,8883
5309,系統電,57,34,23,國泰-松江,2023-04-06,8883
3056,富華新,27,5,22,國泰-松江,2023-04-06,8883
3211,順達,21,0,21,國泰-松江,2023-04-06,8883
6235,華孚,163,143,20,國泰-松江,2023-04-06,8883
6461,益得,20,0,20,國泰-松江,2023-04-06,8883
3532,台勝科,20,0,20,國泰-松江,2023-04-06,8883
1308,亞聚,23,3,20,國泰-松江,2023-04-06,8883
2358,廷鑫,19,1,18,國泰-松江,2023-04-06,8883
3078,僑威,21,3,18,國泰-松江,2023-04-06,8883
00902,中信電池及儲能,18,0,18,國泰-松江,2023-04-06,8883
5871,中租-KY,18,0,18,國泰-松江,2023-04-06,8883
6548,長科*,39,22,17,國泰-松江,2023-04-06,8883
1760,寶齡富錦,27,10,17,國泰-松江,2023-04-06,8883
5225,東科-KY,16,0,16,國泰-松江,2023-04-06,8883
6733,博晟生醫,25,10,15,國泰-松江,2023-04-06,8883
2206,三陽工業,15,0,15,國泰-松江,2023-04-06,8883
2641,正德,16,1,15,國泰-松江,2023-04-06,8883
3037,欣興,33,18,15,國泰-松江,2023-04-06,8883
00891,中信關鍵半導體,15,1,14,國泰-松江,2023-04-06,8883
2408,南亞科,278,20,258,國泰-松江,2023-04-07,8883
2482,連宇,168,21,147,國泰-松江,2023-04-07,8883
4951,精拓科,106,0,106,國泰-松江,2023-04-07,8883
1605,華新,78,8,70,國泰-松江,2023-04-07,8883
5469,瀚宇博,70,0,70,國泰-松江,2023-04-07,8883
00885,富邦越南,70,4,66,國泰-松江,2023-04-07,8883
5225,東科-KY,51,0,51,國泰-松江,2023-04-07,8883
2302,麗正,61,10,51,國泰-松江,2023-04-07,8883
00632R,元大台灣50反1,50,0,50,國泰-松江,2023-04-07,8883
2867,三商壽,64,15,49,國泰-松江,2023-04-07,8883
2303,聯電,50,8,42,國泰-松江,2023-04-07,8883
2495,普安,40,2,38,國泰-松江,2023-04-07,8883
2884,玉山金,39,3,36,國泰-松江,2023-04-07,8883
4167,松瑞藥,35,0,35,國泰-松江,2023-04-07,8883
2409,友達,30,4,26,國泰-松江,2023-04-07,8883
6235,華孚,93,67,26,國泰-松江,2023-04-07,8883
6150,撼訊,25,0,25,國泰-松江,2023-04-07,8883
4968,立積,48,23,25,國泰-松江,2023-04-07,8883
6109,亞元,24,0,24,國泰-松江,2023-04-07,8883
3711,日月光投控,24,1,23,國泰-松江,2023-04-07,8883
1514,亞力,36,13,23,國泰-松江,2023-04-07,8883
5475,德宏,21,0,21,國泰-松江,2023-04-07,8883
3653,健策,20,0,20,國泰-松江,2023-04-07,8883
00687B,國泰20年美債,20,2,18,國泰-松江,2023-04-07,8883
3211,順達,20,2,18,國泰-松江,2023-04-07,8883
6179,亞通,18,0,18,國泰-松江,2023-04-07,8883
2317,鴻海,20,2,18,國泰-松江,2023-04-07,8883
4114,健喬,40,23,17,國泰-松江,2023-04-07,8883
2486,一詮,22,5,17,國泰-松江,2023-04-07,8883
3479,安勤,31,14,17,國泰-松江,2023-04-07,8883
00679B,元大美債20年,74,58,16,國泰-松江,2023-04-07,8883
8227,巨有科技,35,19,16,國泰-松江,2023-04-07,8883
2451,創見,16,0,16,國泰-松江,2023-04-07,8883
5452,佶優,16,1,15,國泰-松江,2023-04-07,8883
2892,第一金,15,0,15,國泰-松江,2023-04-07,8883
2375,凱美,15,0,15,國泰-松江,2023-04-07,8883
2402,毅嘉,21,6,15,國泰-松江,2023-04-07,8883
00712,復華富時不動產,24,10,14,國泰-松江,2023-04-07,8883
2436,偉詮電,30,16,14,國泰-松江,2023-04-07,8883
1503,士電,22,8,14,國泰-松江,2023-04-07,8883
2453,凌群,31,17,14,國泰-松江,2023-04-07,8883
3038,全台,14,1,13,國泰-松江,2023-04-07,8883
0056,元大高股息,49,36,13,國泰-松江,2023-04-07,8883
5351,鈺創,18,5,13,國泰-松江,2023-04-07,8883
1760,寶齡富錦,29,16,13,國泰-松江,2023-04-07,8883
006208,富邦台50,13,0,13,國泰-松江,2023-04-07,8883
00907,永豐優息存股,12,0,12,國泰-松江,2023-04-07,8883
00891,中信關鍵半導體,12,0,12,國泰-松江,2023-04-07,8883
2208,台船,14,3,11,國泰-松江,2023-04-07,8883
5258,虹堡,12,1,11,國泰-松江,2023-04-07,8883
2867,三商壽,109,12,97,國泰-松江,2023-04-10,8883
4968,立積,114,22,92,國泰-松江,2023-04-10,8883
00888,永豐台灣ESG,85,2,83,國泰-松江,2023-04-10,8883
2530,華建,74,6,68,國泰-松江,2023-04-10,8883
1708,東鹼,67,1,66,國泰-松江,2023-04-10,8883
2344,華邦電,106,42,64,國泰-松江,2023-04-10,8883
3576,聯合再生,69,8,61,國泰-松江,2023-04-10,8883
5225,東科-KY,52,0,52,國泰-松江,2023-04-10,8883
2497,怡利電,64,13,51,國泰-松江,2023-04-10,8883
3046,建��,88,37,51,國泰-松江,2023-04-10,8883
00665L,富邦�琤肭磪囓�2,50,1,49,國泰-松江,2023-04-10,8883
00902,中信電池及儲能,50,1,49,國泰-松江,2023-04-10,8883
1605,華新,62,15,47,國泰-松江,2023-04-10,8883
6733,博晟生醫,65,18,47,國泰-松江,2023-04-10,8883
8183,精星,49,7,42,國泰-松江,2023-04-10,8883
6285,啟��,53,15,38,國泰-松江,2023-04-10,8883
4114,健喬,41,4,37,國泰-松江,2023-04-10,8883
00878,國泰永續高股息,168,133,35,國泰-松江,2023-04-10,8883
5309,系統電,40,5,35,國泰-松江,2023-04-10,8883
4967,十銓,44,9,35,國泰-松江,2023-04-10,8883
3260,威剛,29,0,29,國泰-松江,2023-04-10,8883
5425,台半,55,27,28,國泰-松江,2023-04-10,8883
00720B,元大投資級公司債,29,1,28,國泰-松江,2023-04-10,8883
00673R,期元大S＆P原油反1,42,15,27,國泰-松江,2023-04-10,8883
3447,展達,28,2,26,國泰-松江,2023-04-10,8883
2421,建準,23,0,23,國泰-松江,2023-04-10,8883
00772B,中信高評級公司債,22,1,21,國泰-松江,2023-04-10,8883
2356,英業達,23,2,21,國泰-松江,2023-04-10,8883
2515,中工,21,0,21,國泰-松江,2023-04-10,8883
8354,冠好,50,30,20,國泰-松江,2023-04-10,8883
4951,精拓科,20,0,20,國泰-松江,2023-04-10,8883
3055,蔚華科,19,0,19,國泰-松江,2023-04-10,8883
8028,昇陽半導體,22,5,17,國泰-松江,2023-04-10,8883
6188,廣明,17,0,17,國泰-松江,2023-04-10,8883
6116,彩晶,26,10,16,國泰-松江,2023-04-10,8883
3530,晶相光,15,0,15,國泰-松江,2023-04-10,8883
2634,漢翔,51,37,14,國泰-松江,2023-04-10,8883
6290,良維,17,3,14,國泰-松江,2023-04-10,8883
3545,敦泰,26,12,14,國泰-松江,2023-04-10,8883
6843,進典,14,0,14,國泰-松江,2023-04-10,8883
3693,營邦,14,0,14,國泰-松江,2023-04-10,8883
4770,上品,14,0,14,國泰-松江,2023-04-10,8883
6477,安集,15,1,14,國泰-松江,2023-04-10,8883
6869,雲豹能源,14,0,14,國泰-松江,2023-04-10,8883
6753,龍德造船,26,12,14,國泰-松江,2023-04-10,8883
3081,聯亞,17,3,14,國泰-松江,2023-04-10,8883
1717,長興,13,0,13,國泰-松江,2023-04-10,8883
3290,東浦,18,5,13,國泰-松江,2023-04-10,8883
1514,亞力,30,17,13,國泰-松江,2023-04-10,8883
2408,南亞科,13,0,13,國泰-松江,2023-04-10,8883
00632R,元大台灣50反1,876,0,876,國泰-松江,2023-04-11,8883
1504,東元,360,37,323,國泰-松江,2023-04-11,8883
00665L,富邦�琤肭磪囓�2,360,90,270,國泰-松江,2023-04-11,8883
00679B,元大美債20年,140,19,121,國泰-松江,2023-04-11,8883
6733,博晟生醫,77,2,75,國泰-松江,2023-04-11,8883
00772B,中信高評級公司債,68,1,67,國泰-松江,2023-04-11,8883
3576,聯合再生,66,0,66,國泰-松江,2023-04-11,8883
2891,中信金,62,1,61,國泰-松江,2023-04-11,8883
3162,精確,70,22,48,國泰-松江,2023-04-11,8883
6125,廣運,44,0,44,國泰-松江,2023-04-11,8883
4164,承業醫,42,2,40,國泰-松江,2023-04-11,8883
6290,良維,49,10,39,國泰-松江,2023-04-11,8883
00650L,復華香港正2,69,33,36,國泰-松江,2023-04-11,8883
5225,東科-KY,33,0,33,國泰-松江,2023-04-11,8883
2413,環科,39,7,32,國泰-松江,2023-04-11,8883
4148,全宇生技-KY,31,0,31,國泰-松江,2023-04-11,8883
6160,欣技,31,0,31,國泰-松江,2023-04-11,8883
6205,詮欣,32,3,29,國泰-松江,2023-04-11,8883
5353,台林,32,4,28,國泰-松江,2023-04-11,8883
2457,飛宏,83,57,26,國泰-松江,2023-04-11,8883
2206,三陽工業,60,34,26,國泰-松江,2023-04-11,8883
00680L,元大美債20正2,26,0,26,國泰-松江,2023-04-11,8883
1708,東鹼,26,0,26,國泰-松江,2023-04-11,8883
00712,復華富時不動產,25,0,25,國泰-松江,2023-04-11,8883
2471,資通,23,0,23,國泰-松江,2023-04-11,8883
2453,凌群,24,2,22,國泰-松江,2023-04-11,8883
2349,錸德,21,0,21,國泰-松江,2023-04-11,8883
6727,亞泰金屬,20,0,20,國泰-松江,2023-04-11,8883
6689,伊雲谷,20,0,20,國泰-松江,2023-04-11,8883
2540,愛山林,21,1,20,國泰-松江,2023-04-11,8883
3081,聯亞,36,16,20,國泰-松江,2023-04-11,8883
6770,力積電,27,8,19,國泰-松江,2023-04-11,8883
8088,品安,29,10,19,國泰-松江,2023-04-11,8883
2890,永豐金,20,1,19,國泰-松江,2023-04-11,8883
00888,永豐台灣ESG,28,10,18,國泰-松江,2023-04-11,8883
6245,立端,18,0,18,國泰-松江,2023-04-11,8883
6152,百一,17,0,17,國泰-松江,2023-04-11,8883
5465,富驊,19,2,17,國泰-松江,2023-04-11,8883
2867,三商壽,48,32,16,國泰-松江,2023-04-11,8883
3558,神準,34,18,16,國泰-松江,2023-04-11,8883
6209,今國光,20,4,16,國泰-松江,2023-04-11,8883
6005,群益證,16,0,16,國泰-松江,2023-04-11,8883
5483,中美晶,23,7,16,國泰-松江,2023-04-11,8883
6589,台康生技,15,0,15,國泰-松江,2023-04-11,8883
5312,寶島科,15,0,15,國泰-松江,2023-04-11,8883
6163,華電網,15,0,15,國泰-松江,2023-04-11,8883
6116,彩晶,15,0,15,國泰-松江,2023-04-11,8883
00697B,元大美債7-10,15,1,14,國泰-松江,2023-04-11,8883
2358,廷鑫,14,0,14,國泰-松江,2023-04-11,8883
1609,大亞,24,10,14,國泰-松江,2023-04-11,8883
00632R,元大台灣50反1,1892,5,1887,國泰-松江,2023-04-12,8883
00637L,元大滬深300正2,655,10,645,國泰-松江,2023-04-12,8883
00679B,元大美債20年,286,0,286,國泰-松江,2023-04-12,8883
6233,旺玖,121,0,121,國泰-松江,2023-04-12,8883
00665L,富邦�琤肭磪囓�2,111,0,111,國泰-松江,2023-04-12,8883
8088,品安,150,47,103,國泰-松江,2023-04-12,8883
5225,東科-KY,96,0,96,國泰-松江,2023-04-12,8883
1609,大亞,153,59,94,國泰-松江,2023-04-12,8883
1605,華新,110,39,71,國泰-松江,2023-04-12,8883
2330,台積電,71,9,62,國泰-松江,2023-04-12,8883
4164,承業醫,60,5,55,國泰-松江,2023-04-12,8883
3027,盛達,126,78,48,國泰-松江,2023-04-12,8883
00673R,期元大S＆P原油反1,48,0,48,國泰-松江,2023-04-12,8883
3013,晟銘電,53,13,40,國泰-松江,2023-04-12,8883
2867,三商壽,53,14,39,國泰-松江,2023-04-12,8883
4114,健喬,92,56,36,國泰-松江,2023-04-12,8883
2457,飛宏,65,30,35,國泰-松江,2023-04-12,8883
6290,良維,37,4,33,國泰-松江,2023-04-12,8883
6235,華孚,94,64,30,國泰-松江,2023-04-12,8883
00772B,中信高評級公司債,39,11,28,國泰-松江,2023-04-12,8883
2233,宇隆,30,3,27,國泰-松江,2023-04-12,8883
6223,旺矽,52,26,26,國泰-松江,2023-04-12,8883
00753L,中信中國50正2,32,6,26,國泰-松江,2023-04-12,8883
2317,鴻海,27,1,26,國泰-松江,2023-04-12,8883
4155,訊映,25,1,24,國泰-松江,2023-04-12,8883
4967,十銓,65,42,23,國泰-松江,2023-04-12,8883
2883,凱基金,30,6,24,國泰-松江,2023-04-12,8883
3545,敦泰,84,62,22,國泰-松江,2023-04-12,8883
8069,元太,35,14,21,國泰-松江,2023-04-12,8883
5521,工信,21,0,21,國泰-松江,2023-04-12,8883
2603,長榮,57,36,21,國泰-松江,2023-04-12,8883
2402,毅嘉,32,12,20,國泰-松江,2023-04-12,8883
4951,精拓科,20,0,20,國泰-松江,2023-04-12,8883
2375,凱美,22,2,20,國泰-松江,2023-04-12,8883
6417,韋僑,22,2,20,國泰-松江,2023-04-12,8883
2890,永豐金,24,4,20,國泰-松江,2023-04-12,8883
6806,森崴能源,69,49,20,國泰-松江,2023-04-12,8883
00919,群益台灣精選高息,21,2,19,國泰-松江,2023-04-12,8883
00650L,復華香港正2,43,24,19,國泰-松江,2023-04-12,8883
3006,晶豪科,55,36,19,國泰-松江,2023-04-12,8883
3481,群創,44,26,18,國泰-松江,2023-04-12,8883
2069,運錩,20,2,18,國泰-松江,2023-04-12,8883
6188,廣明,22,4,18,國泰-松江,2023-04-12,8883
3406,玉晶光,19,2,17,國泰-松江,2023-04-12,8883
6477,安集,38,21,17,國泰-松江,2023-04-12,8883
2369,菱生,20,4,16,國泰-松江,2023-04-12,8883
00902,中信電池及儲能,16,0,16,國泰-松江,2023-04-12,8883
00680L,元大美債20正2,15,0,15,國泰-松江,2023-04-12,8883
6265,方土昶,25,10,15,國泰-松江,2023-04-12,8883
00751B,元大AAA至A公司債,15,1,14,國泰-松江,2023-04-12,8883
1605,華新,1256,105,1151,國泰-松江,2023-04-13,8883
2888,新光金,178,21,157,國泰-松江,2023-04-13,8883
00888,永豐台灣ESG,125,0,125,國泰-松江,2023-04-13,8883
00679B,元大美債20年,136,15,121,國泰-松江,2023-04-13,8883
00772B,中信高評級公司債,95,0,95,國泰-松江,2023-04-13,8883
1504,東元,146,64,82,國泰-松江,2023-04-13,8883
2515,中工,137,57,80,國泰-松江,2023-04-13,8883
2313,華通,82,18,64,國泰-松江,2023-04-13,8883
00753L,中信中國50正2,81,20,61,國泰-松江,2023-04-13,8883
00712,復華富時不動產,61,1,60,國泰-松江,2023-04-13,8883
3711,日月光投控,68,15,53,國泰-松江,2023-04-13,8883
2204,中華,58,7,51,國泰-松江,2023-04-13,8883
00751B,元大AAA至A公司債,48,0,48,國泰-松江,2023-04-13,8883
00720B,元大投資級公司債,47,1,46,國泰-松江,2023-04-13,8883
00673R,期元大S＆P原油反1,44,2,42,國泰-松江,2023-04-13,8883
3576,聯合再生,55,14,41,國泰-松江,2023-04-13,8883
5607,遠雄港,41,1,40,國泰-松江,2023-04-13,8883
6129,普誠,41,2,39,國泰-松江,2023-04-13,8883
00878,國泰永續高股息,177,141,36,國泰-松江,2023-04-13,8883
1215,卜蜂,37,2,35,國泰-松江,2023-04-13,8883
00881,國泰台灣5G+,38,3,35,國泰-松江,2023-04-13,8883
00922,國泰台灣領袖50,34,0,34,國泰-松江,2023-04-13,8883
2882,國泰金,36,2,34,國泰-松江,2023-04-13,8883
3715,定穎投控,44,11,33,國泰-松江,2023-04-13,8883
00919,群益台灣精選高息,32,2,30,國泰-松江,2023-04-13,8883
2233,宇隆,28,0,28,國泰-松江,2023-04-13,8883
2201,裕隆,52,26,26,國泰-松江,2023-04-13,8883
1503,士電,45,19,26,國泰-松江,2023-04-13,8883
5388,中磊,28,3,25,國泰-松江,2023-04-13,8883
1513,中興電,97,73,24,國泰-松江,2023-04-13,8883
1519,華城,85,61,24,國泰-松江,2023-04-13,8883
2492,華新科,65,42,23,國泰-松江,2023-04-13,8883
2206,三陽工業,43,21,22,國泰-松江,2023-04-13,8883
0050,元大台灣50,23,1,22,國泰-松江,2023-04-13,8883
3508,位速,22,0,22,國泰-松江,2023-04-13,8883
00923,群益台ESG低碳50,22,0,22,國泰-松江,2023-04-13,8883
5225,東科-KY,22,0,22,國泰-松江,2023-04-13,8883
4977,眾達-KY,22,1,21,國泰-松江,2023-04-13,8883
00725B,國泰投資級公司債,23,2,21,國泰-松江,2023-04-13,8883
00650L,復華香港正2,82,61,21,國泰-松江,2023-04-13,8883
2330,台積電,31,10,21,國泰-松江,2023-04-13,8883
2455,全新,21,1,20,國泰-松江,2023-04-13,8883
2337,旺宏,20,0,20,國泰-松江,2023-04-13,8883
2427,三商電,24,4,20,國泰-松江,2023-04-13,8883
2634,漢翔,97,77,20,國泰-松江,2023-04-13,8883
6485,點序,22,2,20,國泰-松江,2023-04-13,8883
2607,榮運,40,21,19,國泰-松江,2023-04-13,8883
00761B,國泰A級公司債,19,0,19,國泰-松江,2023-04-13,8883
6104,創惟,21,2,19,國泰-松江,2023-04-13,8883
2883,凱基金,22,3,19,國泰-松江,2023-04-13,8883
00632R,元大台灣50反1,334,45,289,國泰-松江,2023-04-14,8883
00712,復華富時不動產,181,2,179,國泰-松江,2023-04-14,8883
5009,榮剛,294,119,175,國泰-松江,2023-04-14,8883
00637L,元大滬深300正2,150,0,150,國泰-松江,2023-04-14,8883
2634,漢翔,346,223,123,國泰-松江,2023-04-14,8883
3481,群創,287,179,108,國泰-松江,2023-04-14,8883
00720B,元大投資級公司債,102,2,100,國泰-松江,2023-04-14,8883
8383,千附,65,3,62,國泰-松江,2023-04-14,8883
00679B,元大美債20年,95,48,47,國泰-松江,2023-04-14,8883
6509,聚和,58,11,47,國泰-松江,2023-04-14,8883
5225,東科-KY,41,0,41,國泰-松江,2023-04-14,8883
2889,國票金,50,10,40,國泰-松江,2023-04-14,8883
2731,雄獅,72,32,40,國泰-松江,2023-04-14,8883
2851,中再保,48,9,39,國泰-松江,2023-04-14,8883
0056,元大高股息,52,15,37,國泰-松江,2023-04-14,8883
2409,友達,58,21,37,國泰-松江,2023-04-14,8883
2867,三商壽,52,15,37,國泰-松江,2023-04-14,8883
1504,東元,73,39,34,國泰-松江,2023-04-14,8883
00751B,元大AAA至A公司債,35,1,34,國泰-松江,2023-04-14,8883
4541,晟田,37,8,29,國泰-松江,2023-04-14,8883
2438,翔耀,29,0,29,國泰-松江,2023-04-14,8883
2402,毅嘉,70,43,27,國泰-松江,2023-04-14,8883
5309,系統電,34,8,26,國泰-松江,2023-04-14,8883
00772B,中信高評級公司債,35,11,24,國泰-松江,2023-04-14,8883
2382,廣達,38,14,24,國泰-松江,2023-04-14,8883
8110,華東,28,5,23,國泰-松江,2023-04-14,8883
2303,聯電,26,3,23,國泰-松江,2023-04-14,8883
00680L,元大美債20正2,24,2,22,國泰-松江,2023-04-14,8883
4162,智擎,21,0,21,國泰-松江,2023-04-14,8883
1708,東鹼,22,1,21,國泰-松江,2023-04-14,8883
2204,中華,25,4,21,國泰-松江,2023-04-14,8883
00773B,中信優先金融債,21,0,21,國泰-松江,2023-04-14,8883
4927,泰鼎-KY,30,10,20,國泰-松江,2023-04-14,8883
2208,台船,155,135,20,國泰-松江,2023-04-14,8883
00893,國泰智能電動車,23,4,19,國泰-松江,2023-04-14,8883
8222,寶一,50,31,19,國泰-松江,2023-04-14,8883
5284,jpp-KY,24,6,18,國泰-松江,2023-04-14,8883
6733,博晟生醫,24,6,18,國泰-松江,2023-04-14,8883
2013,中鋼構,18,0,18,國泰-松江,2023-04-14,8883
4977,眾達-KY,17,0,17,國泰-松江,2023-04-14,8883
6188,廣明,25,8,17,國泰-松江,2023-04-14,8883
3617,碩天,17,0,17,國泰-松江,2023-04-14,8883
1215,卜蜂,18,1,17,國泰-松江,2023-04-14,8883
6223,旺矽,20,4,16,國泰-松江,2023-04-14,8883
2006,東和鋼鐵,16,0,16,國泰-松江,2023-04-14,8883
6446,藥華藥,17,1,16,國泰-松江,2023-04-14,8883
3715,定穎投控,21,6,15,國泰-松江,2023-04-14,8883
1584,精剛,75,60,15,國泰-松江,2023-04-14,8883
3664,安瑞-KY,15,0,15,國泰-松江,2023-04-14,8883
9942,茂順,15,1,14,國泰-松江,2023-04-14,8883
5009,榮剛,279,62,217,國泰-松江,2023-04-17,8883
00679B,元大美債20年,246,124,122,國泰-松江,2023-04-17,8883
2888,新光金,154,38,116,國泰-松江,2023-04-17,8883
5452,佶優,113,2,111,國泰-松江,2023-04-17,8883
3481,群創,109,14,95,國泰-松江,2023-04-17,8883
00720B,元大投資級公司債,88,0,88,國泰-松江,2023-04-17,8883
2515,中工,171,83,88,國泰-松江,2023-04-17,8883
00712,復華富時不動產,80,0,80,國泰-松江,2023-04-17,8883
00680L,元大美債20正2,80,3,77,國泰-松江,2023-04-17,8883
3712,永崴投控,118,47,71,國泰-松江,2023-04-17,8883
6733,博晟生醫,62,3,59,國泰-松江,2023-04-17,8883
2618,長榮航,69,12,57,國泰-松江,2023-04-17,8883
2359,所羅門,74,17,57,國泰-松江,2023-04-17,8883
00772B,中信高評級公司債,66,10,56,國泰-松江,2023-04-17,8883
2609,陽明,61,15,46,國泰-松江,2023-04-17,8883
6127,九豪,46,0,46,國泰-松江,2023-04-17,8883
2476,鉅祥,45,0,45,國泰-松江,2023-04-17,8883
2208,台船,136,92,44,國泰-松江,2023-04-17,8883
2344,華邦電,61,18,43,國泰-松江,2023-04-17,8883
3033,威健,41,0,41,國泰-松江,2023-04-17,8883
5607,遠雄港,40,0,40,國泰-松江,2023-04-17,8883
00751B,元大AAA至A公司債,40,0,40,國泰-松江,2023-04-17,8883
2002,中鋼,60,20,40,國泰-松江,2023-04-17,8883
4951,精拓科,40,5,35,國泰-松江,2023-04-17,8883
6142,友勁,35,3,32,國泰-松江,2023-04-17,8883
00878,國泰永續高股息,200,168,32,國泰-松江,2023-04-17,8883
1504,東元,60,29,31,國泰-松江,2023-04-17,8883
2402,毅嘉,35,5,30,國泰-松江,2023-04-17,8883
1708,東鹼,31,1,30,國泰-松江,2023-04-17,8883
2239,英利-KY,30,0,30,國泰-松江,2023-04-17,8883
2610,華航,47,17,30,國泰-松江,2023-04-17,8883
6282,康舒,56,27,29,國泰-松江,2023-04-17,8883
4114,健喬,52,24,28,國泰-松江,2023-04-17,8883
4968,立積,108,80,28,國泰-松江,2023-04-17,8883
00888,永豐台灣ESG,27,0,27,國泰-松江,2023-04-17,8883
4967,十銓,45,19,26,國泰-松江,2023-04-17,8883
2530,華建,25,0,25,國泰-松江,2023-04-17,8883
00885,富邦越南,25,1,24,國泰-松江,2023-04-17,8883
2634,漢翔,280,256,24,國泰-松江,2023-04-17,8883
2409,友達,28,5,23,國泰-松江,2023-04-17,8883
3013,晟銘電,47,24,23,國泰-松江,2023-04-17,8883
6138,茂達,24,2,22,國泰-松江,2023-04-17,8883
2382,廣達,25,4,21,國泰-松江,2023-04-17,8883
3376,新日興,51,31,20,國泰-松江,2023-04-17,8883
1806,冠軍,20,0,20,國泰-松江,2023-04-17,8883
1618,合機,20,0,20,國泰-松江,2023-04-17,8883
6290,良維,49,29,20,國泰-松江,2023-04-17,8883
1609,大亞,26,8,18,國泰-松江,2023-04-17,8883
2748,雲品,60,42,18,國泰-松江,2023-04-17,8883
4953,緯軟,22,5,17,國泰-松江,2023-04-17,8883
00720B,元大投資級公司債,2072,2,2070,國泰-松江,2023-04-18,8883
1605,華新,680,14,666,國泰-松江,2023-04-18,8883
00679B,元大美債20年,272,10,262,國泰-松江,2023-04-18,8883
00772B,中信高評級公司債,157,0,157,國泰-松江,2023-04-18,8883
1504,東元,206,53,153,國泰-松江,2023-04-18,8883
00680L,元大美債20正2,139,0,139,國泰-松江,2023-04-18,8883
6185,幃翔,105,10,95,國泰-松江,2023-04-18,8883
2515,中工,301,213,88,國泰-松江,2023-04-18,8883
2457,飛宏,295,211,84,國泰-松江,2023-04-18,8883
8044,網家,80,0,80,國泰-松江,2023-04-18,8883
00878,國泰永續高股息,187,117,70,國泰-松江,2023-04-18,8883
6733,博晟生醫,68,3,65,國泰-松江,2023-04-18,8883
00751B,元大AAA至A公司債,59,0,59,國泰-松江,2023-04-18,8883
6209,今國光,67,8,59,國泰-松江,2023-04-18,8883
00632R,元大台灣50反1,67,11,56,國泰-松江,2023-04-18,8883
3217,優群,56,6,50,國泰-松江,2023-04-18,8883
3058,立德,49,7,42,國泰-松江,2023-04-18,8883
00687B,國泰20年美債,43,3,40,國泰-松江,2023-04-18,8883
6233,旺玖,41,1,40,國泰-松江,2023-04-18,8883
5009,榮剛,107,67,40,國泰-松江,2023-04-18,8883
2453,凌群,120,83,37,國泰-松江,2023-04-18,8883
9946,三發地產,36,0,36,國泰-松江,2023-04-18,8883
2033,佳大,34,0,34,國泰-松江,2023-04-18,8883
1101,台泥,48,16,32,國泰-松江,2023-04-18,8883
2605,新興,31,0,31,國泰-松江,2023-04-18,8883
1806,冠軍,50,20,30,國泰-松江,2023-04-18,8883
2637,慧洋-KY,30,0,30,國泰-松江,2023-04-18,8883
8926,台汽電,37,9,28,國泰-松江,2023-04-18,8883
00888,永豐台灣ESG,28,0,28,國泰-松江,2023-04-18,8883
2530,華建,25,0,25,國泰-松江,2023-04-18,8883
00922,國泰台灣領袖50,25,0,25,國泰-松江,2023-04-18,8883
00713,元大台灣高息低波,25,2,23,國泰-松江,2023-04-18,8883
1444,力麗,29,6,23,國泰-松江,2023-04-18,8883
2313,華通,26,4,22,國泰-松江,2023-04-18,8883
1584,精剛,80,58,22,國泰-松江,2023-04-18,8883
2338,光罩,27,5,22,國泰-松江,2023-04-18,8883
1609,大亞,26,5,21,國泰-松江,2023-04-18,8883
00670L,富邦NASDAQ正2,20,0,20,國泰-松江,2023-04-18,8883
3508,位速,20,0,20,國泰-松江,2023-04-18,8883
2472,立隆電,18,0,18,國泰-松江,2023-04-18,8883
0056,元大高股息,41,23,18,國泰-松江,2023-04-18,8883
3162,精確,70,52,18,國泰-松江,2023-04-18,8883
00725B,國泰投資級公司債,19,1,18,國泰-松江,2023-04-18,8883
00885,富邦越南,21,4,17,國泰-松江,2023-04-18,8883
6244,茂迪,42,25,17,國泰-松江,2023-04-18,8883
4541,晟田,20,3,17,國泰-松江,2023-04-18,8883
2498,宏達電,24,7,17,國泰-松江,2023-04-18,8883
1708,東鹼,20,3,17,國泰-松江,2023-04-18,8883
6417,韋僑,19,2,17,國泰-松江,2023-04-18,8883
5410,國眾,17,0,17,國泰-松江,2023-04-18,8883
00679B,元大美債20年,202,4,198,國泰-松江,2023-04-19,8883
3481,群創,234,49,185,國泰-松江,2023-04-19,8883
00665L,富邦�琤肭磪囓�2,165,40,125,國泰-松江,2023-04-19,8883
00772B,中信高評級公司債,140,40,100,國泰-松江,2023-04-19,8883
2201,裕隆,175,83,92,國泰-松江,2023-04-19,8883
2610,華航,103,28,75,國泰-松江,2023-04-19,8883
6443,元晶,182,108,74,國泰-松江,2023-04-19,8883
2314,台揚,77,4,73,國泰-松江,2023-04-19,8883
2313,華通,67,2,65,國泰-松江,2023-04-19,8883
3058,立德,80,15,65,國泰-松江,2023-04-19,8883
00680L,元大美債20正2,58,0,58,國泰-松江,2023-04-19,8883
00888,永豐台灣ESG,55,5,50,國泰-松江,2023-04-19,8883
3711,日月光投控,46,0,46,國泰-松江,2023-04-19,8883
3047,訊舟,55,11,44,國泰-松江,2023-04-19,8883
00720B,元大投資級公司債,138,95,43,國泰-松江,2023-04-19,8883
2607,榮運,43,1,42,國泰-松江,2023-04-19,8883
1503,士電,47,6,41,國泰-松江,2023-04-19,8883
6104,創惟,38,0,38,國泰-松江,2023-04-19,8883
4566,時碩工業,36,0,36,國泰-松江,2023-04-19,8883
00712,復華富時不動產,37,2,35,國泰-松江,2023-04-19,8883
00900,富邦特選高股息30,34,0,34,國泰-松江,2023-04-19,8883
2409,友達,42,8,34,國泰-松江,2023-04-19,8883
3508,位速,33,0,33,國泰-松江,2023-04-19,8883
2618,長榮航,64,32,32,國泰-松江,2023-04-19,8883
3221,台嘉碩,30,0,30,國泰-松江,2023-04-19,8883
2317,鴻海,39,12,27,國泰-松江,2023-04-19,8883
3363,上詮,51,24,27,國泰-松江,2023-04-19,8883
3062,建漢,26,1,25,國泰-松江,2023-04-19,8883
1312,國喬,25,0,25,國泰-松江,2023-04-19,8883
3162,精確,31,6,25,國泰-松江,2023-04-19,8883
3576,聯合再生,100,75,25,國泰-松江,2023-04-19,8883
00923,群益台ESG低碳50,24,0,24,國泰-松江,2023-04-19,8883
2208,台船,32,8,24,國泰-松江,2023-04-19,8883
2888,新光金,24,0,24,國泰-松江,2023-04-19,8883
00673R,期元大S＆P原油反1,34,10,24,國泰-松江,2023-04-19,8883
2486,一詮,30,6,24,國泰-松江,2023-04-19,8883
00922,國泰台灣領袖50,30,7,23,國泰-松江,2023-04-19,8883
00881,國泰台灣5G+,27,5,22,國泰-松江,2023-04-19,8883
1618,合機,22,0,22,國泰-松江,2023-04-19,8883
6142,友勁,25,3,22,國泰-松江,2023-04-19,8883
1519,華城,57,35,22,國泰-松江,2023-04-19,8883
1101,台泥,26,5,21,國泰-松江,2023-04-19,8883
2731,雄獅,25,4,21,國泰-松江,2023-04-19,8883
3056,富華新,22,1,21,國泰-松江,2023-04-19,8883
6770,力積電,28,7,21,國泰-松江,2023-04-19,8883
2330,台積電,27,6,21,國泰-松江,2023-04-19,8883
1529,樂事綠能,40,20,20,國泰-松江,2023-04-19,8883
2498,宏達電,40,20,20,國泰-松江,2023-04-19,8883
2457,飛宏,143,123,20,國泰-松江,2023-04-19,8883
2355,敬鵬,20,0,20,國泰-松江,2023-04-19,8883
00637L,元大滬深300正2,1003,15,988,國泰-松江,2023-04-20,8883
2515,中工,665,194,471,國泰-松江,2023-04-20,8883
00679B,元大美債20年,179,7,172,國泰-松江,2023-04-20,8883
3631,晟楠,100,0,100,國泰-松江,2023-04-20,8883
4951,精拓科,96,0,96,國泰-松江,2023-04-20,8883
2409,友達,67,0,67,國泰-松江,2023-04-20,8883
2607,榮運,57,1,56,國泰-松江,2023-04-20,8883
9945,潤泰新,67,12,55,國泰-松江,2023-04-20,8883
2645,長榮航太,60,7,53,國泰-松江,2023-04-20,8883
3162,精確,116,66,50,國泰-松江,2023-04-20,8883
6285,啟��,75,31,44,國泰-松江,2023-04-20,8883
00720B,元大投資級公司債,51,6,45,國泰-松江,2023-04-20,8883
5388,中磊,44,0,44,國泰-松江,2023-04-20,8883
8111,立��,48,4,44,國泰-松江,2023-04-20,8883
0056,元大高股息,44,1,43,國泰-松江,2023-04-20,8883
2888,新光金,42,1,41,國泰-松江,2023-04-20,8883
00888,永豐台灣ESG,33,0,33,國泰-松江,2023-04-20,8883
6443,元晶,66,33,33,國泰-松江,2023-04-20,8883
00878,國泰永續高股息,168,135,33,國泰-松江,2023-04-20,8883
4167,松瑞藥,32,0,32,國泰-松江,2023-04-20,8883
6404,通訊-KY,30,0,30,國泰-松江,2023-04-20,8883
3576,聯合再生,40,11,29,國泰-松江,2023-04-20,8883
6271,同欣電,31,2,29,國泰-松江,2023-04-20,8883
00753L,中信中國50正2,31,2,29,國泰-松江,2023-04-20,8883
00712,復華富時不動產,48,20,28,國泰-松江,2023-04-20,8883
6244,茂迪,107,79,28,國泰-松江,2023-04-20,8883
00715L,期街口布蘭特正2,35,8,27,國泰-松江,2023-04-20,8883
8358,金居,27,1,26,國泰-松江,2023-04-20,8883
00772B,中信高評級公司債,29,4,25,國泰-松江,2023-04-20,8883
5301,寶得利,25,0,25,國泰-松江,2023-04-20,8883
5512,力麒,25,0,25,國泰-松江,2023-04-20,8883
4147,中裕,35,11,24,國泰-松江,2023-04-20,8883
2313,華通,25,1,24,國泰-松江,2023-04-20,8883
1609,大亞,25,1,24,國泰-松江,2023-04-20,8883
6235,華孚,60,37,23,國泰-松江,2023-04-20,8883
2324,仁寶,29,6,23,國泰-松江,2023-04-20,8883
6282,康舒,338,315,23,國泰-松江,2023-04-20,8883
1907,永豐餘,36,14,22,國泰-松江,2023-04-20,8883
6125,廣運,23,1,22,國泰-松江,2023-04-20,8883
3027,盛達,51,30,21,國泰-松江,2023-04-20,8883
00885,富邦越南,21,0,21,國泰-松江,2023-04-20,8883
6288,聯嘉,50,29,21,國泰-松江,2023-04-20,8883
00650L,復華香港正2,47,26,21,國泰-松江,2023-04-20,8883
1605,華新,88,68,20,國泰-松江,2023-04-20,8883
1712,興農,21,1,20,國泰-松江,2023-04-20,8883
00665L,富邦�琤肭磪囓�2,60,40,20,國泰-松江,2023-04-20,8883
1762,中化生,23,3,20,國泰-松江,2023-04-20,8883
5312,寶島科,20,0,20,國泰-松江,2023-04-20,8883
4967,十銓,26,7,19,國泰-松江,2023-04-20,8883
4164,承業醫,26,7,19,國泰-松江,2023-04-20,8883
00637L,元大滬深300正2,506,17,489,國泰-松江,2023-04-21,8883
00720B,元大投資級公司債,425,4,421,國泰-松江,2023-04-21,8883
3576,聯合再生,199,1,198,國泰-松江,2023-04-21,8883
00679B,元大美債20年,133,9,124,國泰-松江,2023-04-21,8883
00632R,元大台灣50反1,131,18,113,國泰-松江,2023-04-21,8883
3631,晟楠,110,0,110,國泰-松江,2023-04-21,8883
00878,國泰永續高股息,199,98,101,國泰-松江,2023-04-21,8883
2834,臺企銀,121,21,100,國泰-松江,2023-04-21,8883
1708,東鹼,70,0,70,國泰-松江,2023-04-21,8883
4979,華星光,117,51,66,國泰-松江,2023-04-21,8883
00772B,中信高評級公司債,85,20,65,國泰-松江,2023-04-21,8883
3707,漢磊,78,13,65,國泰-松江,2023-04-21,8883
2603,長榮,138,73,65,國泰-松江,2023-04-21,8883
3138,耀登,62,0,62,國泰-松江,2023-04-21,8883
2607,榮運,61,5,56,國泰-松江,2023-04-21,8883
5469,瀚宇博,47,3,44,國泰-松江,2023-04-21,8883
6443,元晶,63,21,42,國泰-松江,2023-04-21,8883
2313,華通,42,0,42,國泰-松江,2023-04-21,8883
6733,博晟生醫,51,10,41,國泰-松江,2023-04-21,8883
2913,農林,72,33,39,國泰-松江,2023-04-21,8883
1760,寶齡富錦,59,24,35,國泰-松江,2023-04-21,8883
2495,普安,38,4,34,國泰-松江,2023-04-21,8883
1611,中電,195,161,34,國泰-松江,2023-04-21,8883
2206,三陽工業,88,54,34,國泰-松江,2023-04-21,8883
00888,永豐台灣ESG,39,5,34,國泰-松江,2023-04-21,8883
00753L,中信中國50正2,32,0,32,國泰-松江,2023-04-21,8883
00850,元大臺灣ESG永續,31,0,31,國泰-松江,2023-04-21,8883
1907,永豐餘,171,141,30,國泰-松江,2023-04-21,8883
00650L,復華香港正2,46,16,30,國泰-松江,2023-04-21,8883
4162,智擎,32,3,29,國泰-松江,2023-04-21,8883
6139,亞翔,29,0,29,國泰-松江,2023-04-21,8883
00715L,期街口布蘭特正2,30,2,28,國泰-松江,2023-04-21,8883
3673,TPK-KY,30,3,27,國泰-松江,2023-04-21,8883
00922,國泰台灣領袖50,27,0,27,國泰-松江,2023-04-21,8883
3056,富華新,27,0,27,國泰-松江,2023-04-21,8883
3711,日月光投控,32,5,27,國泰-松江,2023-04-21,8883
00919,群益台灣精選高息,26,0,26,國泰-松江,2023-04-21,8883
3363,上詮,25,0,25,國泰-松江,2023-04-21,8883
3710,連展投控,24,0,24,國泰-松江,2023-04-21,8883
1701,中化,24,0,24,國泰-松江,2023-04-21,8883
00631L,元大台灣50正2,23,0,23,國泰-松江,2023-04-21,8883
3552,同致,23,0,23,國泰-松江,2023-04-21,8883
5388,中磊,28,5,23,國泰-松江,2023-04-21,8883
5225,東科-KY,23,0,23,國泰-松江,2023-04-21,8883
00900,富邦特選高股息30,32,10,22,國泰-松江,2023-04-21,8883
00923,群益台ESG低碳50,40,18,22,國泰-松江,2023-04-21,8883
1710,東聯,22,1,21,國泰-松江,2023-04-21,8883
2323,中環,20,0,20,國泰-松江,2023-04-21,8883
3432,台端,20,0,20,國泰-松江,2023-04-21,8883
4919,新唐,52,33,19,國泰-松江,2023-04-21,8883
00637L,元大滬深300正2,1017,511,506,國泰-松江,2023-04-24,8883
00679B,元大美債20年,186,13,173,國泰-松江,2023-04-24,8883
00665L,富邦�琤肭磪囓�2,151,10,141,國泰-松江,2023-04-24,8883
4960,誠美材,101,3,98,國泰-松江,2023-04-24,8883
00902,中信電池及儲能,73,0,73,國泰-松江,2023-04-24,8883
2313,華通,66,6,60,國泰-松江,2023-04-24,8883
8038,長園科,59,0,59,國泰-松江,2023-04-24,8883
00753L,中信中國50正2,64,9,55,國泰-松江,2023-04-24,8883
00650L,復華香港正2,80,27,53,國泰-松江,2023-04-24,8883
00772B,中信高評級公司債,53,0,53,國泰-松江,2023-04-24,8883
1514,亞力,85,39,46,國泰-松江,2023-04-24,8883
6733,博晟生醫,49,5,44,國泰-松江,2023-04-24,8883
2913,農林,262,219,43,國泰-松江,2023-04-24,8883
0056,元大高股息,48,9,39,國泰-松江,2023-04-24,8883
2409,友達,32,0,32,國泰-松江,2023-04-24,8883
6167,久正,36,6,30,國泰-松江,2023-04-24,8883
1513,中興電,36,6,30,國泰-松江,2023-04-24,8883
2454,聯發科,32,4,28,國泰-松江,2023-04-24,8883
5009,榮剛,33,6,27,國泰-松江,2023-04-24,8883
3138,耀登,27,0,27,國泰-松江,2023-04-24,8883
00715L,期街口布蘭特正2,32,5,27,國泰-松江,2023-04-24,8883
9902,台火,27,0,27,國泰-松江,2023-04-24,8883
6443,元晶,24,0,24,國泰-松江,2023-04-24,8883
00680L,元大美債20正2,24,0,24,國泰-松江,2023-04-24,8883
2618,長榮航,24,1,23,國泰-松江,2023-04-24,8883
00881,國泰台灣5G+,29,7,22,國泰-松江,2023-04-24,8883
0050,元大台灣50,22,0,22,國泰-松江,2023-04-24,8883
1503,士電,52,30,22,國泰-松江,2023-04-24,8883
3231,緯創,47,25,22,國泰-松江,2023-04-24,8883
3481,群創,22,1,21,國泰-松江,2023-04-24,8883
00891,中信關鍵半導體,21,0,21,國泰-松江,2023-04-24,8883
00631L,元大台灣50正2,20,0,20,國泰-松江,2023-04-24,8883
6215,和椿,20,0,20,國泰-松江,2023-04-24,8883
1708,東鹼,20,0,20,國泰-松江,2023-04-24,8883
3557,嘉威,20,0,20,國泰-松江,2023-04-24,8883
00893,國泰智能電動車,18,0,18,國泰-松江,2023-04-24,8883
3004,豐達科,36,20,16,國泰-松江,2023-04-24,8883
6282,康舒,174,158,16,國泰-松江,2023-04-24,8883
00687B,國泰20年美債,21,5,16,國泰-松江,2023-04-24,8883
6218,豪勉,16,0,16,國泰-松江,2023-04-24,8883
00853B,統一美債10年Aa-,16,0,16,國泰-松江,2023-04-24,8883
00632R,元大台灣50反1,182,167,15,國泰-松江,2023-04-24,8883
1907,永豐餘,51,36,15,國泰-松江,2023-04-24,8883
3035,智原,19,5,14,國泰-松江,2023-04-24,8883
2354,鴻準,14,0,14,國泰-松江,2023-04-24,8883
3363,上詮,33,19,14,國泰-松江,2023-04-24,8883
2031,新光鋼,24,10,14,國泰-松江,2023-04-24,8883
6806,森崴能源,20,6,14,國泰-松江,2023-04-24,8883
3058,立德,13,0,13,國泰-松江,2023-04-24,8883
6591,動力-KY,13,0,13,國泰-松江,2023-04-24,8883
00680L,元大美債20正2,212,26,186,國泰-松江,2023-04-25,8883
00878,國泰永續高股息,227,58,169,國泰-松江,2023-04-25,8883
00679B,元大美債20年,167,30,137,國泰-松江,2023-04-25,8883
00665L,富邦�琤肭磪囓�2,146,20,126,國泰-松江,2023-04-25,8883
00712,復華富時不動產,103,0,103,國泰-松江,2023-04-25,8883
6733,博晟生醫,102,4,98,國泰-松江,2023-04-25,8883
6531,愛普*,101,12,89,國泰-松江,2023-04-25,8883
5009,榮剛,96,21,75,國泰-松江,2023-04-25,8883
0050,元大台灣50,75,2,73,國泰-松江,2023-04-25,8883
0056,元大高股息,118,49,69,國泰-松江,2023-04-25,8883
00650L,復華香港正2,58,6,52,國泰-松江,2023-04-25,8883
00713,元大台灣高息低波,60,11,49,國泰-松江,2023-04-25,8883
3231,緯創,132,84,48,國泰-松江,2023-04-25,8883
1504,東元,63,17,46,國泰-松江,2023-04-25,8883
00923,群益台ESG低碳50,46,0,46,國泰-松江,2023-04-25,8883
2438,翔耀,48,5,43,國泰-松江,2023-04-25,8883
2607,榮運,41,0,41,國泰-松江,2023-04-25,8883
2489,瑞軒,56,15,41,國泰-松江,2023-04-25,8883
00633L,富邦上証正2,41,0,41,國泰-松江,2023-04-25,8883
00881,國泰台灣5G+,48,7,41,國泰-松江,2023-04-25,8883
2504,國產,40,0,40,國泰-松江,2023-04-25,8883
00631L,元大台灣50正2,40,0,40,國泰-松江,2023-04-25,8883
6770,力積電,46,8,38,國泰-松江,2023-04-25,8883
00753L,中信中國50正2,93,55,38,國泰-松江,2023-04-25,8883
2371,大同,38,1,37,國泰-松江,2023-04-25,8883
006208,富邦台50,46,9,37,國泰-松江,2023-04-25,8883
00919,群益台灣精選高息,37,0,37,國泰-松江,2023-04-25,8883
2330,台積電,54,19,35,國泰-松江,2023-04-25,8883
00891,中信關鍵半導體,32,0,32,國泰-松江,2023-04-25,8883
2211,長榮鋼,31,0,31,國泰-松江,2023-04-25,8883
2888,新光金,47,16,31,國泰-松江,2023-04-25,8883
00670L,富邦NASDAQ正2,31,0,31,國泰-松江,2023-04-25,8883
1721,三晃,53,22,31,國泰-松江,2023-04-25,8883
4720,德淵,30,0,30,國泰-松江,2023-04-25,8883
8038,長園科,30,1,29,國泰-松江,2023-04-25,8883
00900,富邦特選高股息30,34,5,29,國泰-松江,2023-04-25,8883
2498,宏達電,31,4,27,國泰-松江,2023-04-25,8883
3138,耀登,30,3,27,國泰-松江,2023-04-25,8883
00648R,元大S＆P500反1,27,0,27,國泰-松江,2023-04-25,8883
1760,寶齡富錦,33,8,25,國泰-松江,2023-04-25,8883
3363,上詮,29,4,25,國泰-松江,2023-04-25,8883
6282,康舒,148,123,25,國泰-松江,2023-04-25,8883
00902,中信電池及儲能,32,7,25,國泰-松江,2023-04-25,8883
2867,三商壽,25,1,24,國泰-松江,2023-04-25,8883
6109,亞元,24,0,24,國泰-松江,2023-04-25,8883
2609,陽明,38,14,24,國泰-松江,2023-04-25,8883
3071,協禧,44,21,23,國泰-松江,2023-04-25,8883
2340,台亞,21,0,21,國泰-松江,2023-04-25,8883
3443,創意,46,25,21,國泰-松江,2023-04-25,8883
2482,連宇,73,52,21,國泰-松江,2023-04-25,8883
00679B,元大美債20年,187,39,148,國泰-松江,2023-04-26,8883
00712,復華富時不動產,112,15,97,國泰-松江,2023-04-26,8883
1310,台苯,104,13,91,國泰-松江,2023-04-26,8883
00751B,元大AAA至A公司債,84,1,83,國泰-松江,2023-04-26,8883
1101,台泥,123,48,75,國泰-松江,2023-04-26,8883
00885,富邦越南,75,1,74,國泰-松江,2023-04-26,8883
1605,華新,87,19,68,國泰-松江,2023-04-26,8883
00878,國泰永續高股息,129,61,68,國泰-松江,2023-04-26,8883
2423,固緯,62,1,61,國泰-松江,2023-04-26,8883
5009,榮剛,58,10,48,國泰-松江,2023-04-26,8883
1727,中華化,100,55,45,國泰-松江,2023-04-26,8883
00670L,富邦NASDAQ正2,45,0,45,國泰-松江,2023-04-26,8883
6733,博晟生醫,42,0,42,國泰-松江,2023-04-26,8883
2337,旺宏,39,3,36,國泰-松江,2023-04-26,8883
0050,元大台灣50,44,9,35,國泰-松江,2023-04-26,8883
1904,正隆,44,11,33,國泰-松江,2023-04-26,8883
3518,柏騰,42,10,32,國泰-松江,2023-04-26,8883
2867,三商壽,30,2,28,國泰-松江,2023-04-26,8883
3661,世芯-KY,56,29,27,國泰-松江,2023-04-26,8883
6248,沛波,26,0,26,國泰-松江,2023-04-26,8883
5321,美而快,25,0,25,國泰-松江,2023-04-26,8883
1504,東元,44,19,25,國泰-松江,2023-04-26,8883
6285,啟��,28,4,24,國泰-松江,2023-04-26,8883
00631L,元大台灣50正2,24,1,23,國泰-松江,2023-04-26,8883
00922,國泰台灣領袖50,23,0,23,國泰-松江,2023-04-26,8883
6244,茂迪,33,11,22,國泰-松江,2023-04-26,8883
006208,富邦台50,24,3,21,國泰-松江,2023-04-26,8883
2609,陽明,25,5,20,國泰-松江,2023-04-26,8883
1416,廣豐,20,0,20,國泰-松江,2023-04-26,8883
00641R,富邦日本反1,20,0,20,國泰-松江,2023-04-26,8883
2006,東和鋼鐵,20,0,20,國泰-松江,2023-04-26,8883
2603,長榮,27,8,19,國泰-松江,2023-04-26,8883
2888,新光金,34,15,19,國泰-松江,2023-04-26,8883
6271,同欣電,19,1,18,國泰-松江,2023-04-26,8883
3078,僑威,29,11,18,國泰-松江,2023-04-26,8883
3032,偉訓,20,2,18,國泰-松江,2023-04-26,8883
2634,漢翔,159,141,18,國泰-松江,2023-04-26,8883
00923,群益台ESG低碳50,18,0,18,國泰-松江,2023-04-26,8883
3138,耀登,17,0,17,國泰-松江,2023-04-26,8883
8183,精星,22,5,17,國泰-松江,2023-04-26,8883
00882,中信中國高股息,16,0,16,國泰-松江,2023-04-26,8883
6591,動力-KY,16,0,16,國泰-松江,2023-04-26,8883
00919,群益台灣精選高息,17,1,16,國泰-松江,2023-04-26,8883
3035,智原,42,27,15,國泰-松江,2023-04-26,8883
00671R,富邦NASDAQ反1,15,0,15,國泰-松江,2023-04-26,8883
3591,艾笛森,15,0,15,國泰-松江,2023-04-26,8883
2303,聯電,32,18,14,國泰-松江,2023-04-26,8883
3034,聯詠,16,2,14,國泰-松江,2023-04-26,8883
8996,高力,16,2,14,國泰-松江,2023-04-26,8883
00853B,統一美債10年Aa-,14,0,14,國泰-松江,2023-04-26,8883
00878,國泰永續高股息,713,16,697,國泰-松江,2023-04-27,8883
00715L,期街口布蘭特正2,260,0,260,國泰-松江,2023-04-27,8883
00679B,元大美債20年,238,8,230,國泰-松江,2023-04-27,8883
00632R,元大台灣50反1,106,35,71,國泰-松江,2023-04-27,8883
0056,元大高股息,73,12,61,國泰-松江,2023-04-27,8883
00720B,元大投資級公司債,60,2,58,國泰-松江,2023-04-27,8883
2344,華邦電,82,29,53,國泰-松江,2023-04-27,8883
0050,元大台灣50,53,1,52,國泰-松江,2023-04-27,8883
00712,復華富時不動產,57,8,49,國泰-松江,2023-04-27,8883
00772B,中信高評級公司債,41,6,35,國泰-松江,2023-04-27,8883
6215,和椿,37,2,35,國泰-松江,2023-04-27,8883
2204,中華,44,11,33,國泰-松江,2023-04-27,8883
2457,飛宏,70,38,32,國泰-松江,2023-04-27,8883
1711,永光,141,110,31,國泰-松江,2023-04-27,8883
2303,聯電,52,23,29,國泰-松江,2023-04-27,8883
6282,康舒,136,107,29,國泰-松江,2023-04-27,8883
1810,和成,31,2,29,國泰-松江,2023-04-27,8883
2882,國泰金,35,9,26,國泰-松江,2023-04-27,8883
3006,晶豪科,26,1,25,國泰-松江,2023-04-27,8883
3481,群創,31,6,25,國泰-松江,2023-04-27,8883
1514,亞力,27,4,23,國泰-松江,2023-04-27,8883
6535,順藥,22,0,22,國泰-松江,2023-04-27,8883
00680L,元大美債20正2,22,0,22,國泰-松江,2023-04-27,8883
2867,三商壽,42,21,21,國泰-松江,2023-04-27,8883
1721,三晃,82,61,21,國泰-松江,2023-04-27,8883
2884,玉山金,20,0,20,國泰-松江,2023-04-27,8883
2883,凱基金,27,7,20,國泰-松江,2023-04-27,8883
00751B,元大AAA至A公司債,20,0,20,國泰-松江,2023-04-27,8883
2383,台光電,37,18,19,國泰-松江,2023-04-27,8883
00687B,國泰20年美債,19,0,19,國泰-松江,2023-04-27,8883
1717,長興,23,4,19,國泰-松江,2023-04-27,8883
9955,佳龍,21,2,19,國泰-松江,2023-04-27,8883
00637L,元大滬深300正2,20,1,19,國泰-松江,2023-04-27,8883
00753L,中信中國50正2,19,0,19,國泰-松江,2023-04-27,8883
6179,亞通,17,0,17,國泰-松江,2023-04-27,8883
2002,中鋼,18,2,16,國泰-松江,2023-04-27,8883
1710,東聯,26,10,16,國泰-松江,2023-04-27,8883
00853B,統一美債10年Aa-,16,0,16,國泰-松江,2023-04-27,8883
5876,上海商銀,16,0,16,國泰-松江,2023-04-27,8883
1907,永豐餘,18,2,16,國泰-松江,2023-04-27,8883
2603,長榮,20,5,15,國泰-松江,2023-04-27,8883
006208,富邦台50,16,0,16,國泰-松江,2023-04-27,8883
3037,欣興,26,11,15,國泰-松江,2023-04-27,8883
3324,雙鴻,24,9,15,國泰-松江,2023-04-27,8883
6122,擎邦,23,10,13,國泰-松江,2023-04-27,8883
6163,華電網,16,3,13,國泰-松江,2023-04-27,8883
3189,景碩,13,0,13,國泰-松江,2023-04-27,8883
2645,長榮航太,20,8,12,國泰-松江,2023-04-27,8883
2731,雄獅,27,15,12,國泰-松江,2023-04-27,8883
5425,台半,17,5,12,國泰-松江,2023-04-27,8883
00679B,元大美債20年,215,5,210,國泰-松江,2023-04-28,8883
2409,友達,136,3,133,國泰-松江,2023-04-28,8883
3576,聯合再生,104,6,98,國泰-松江,2023-04-28,8883
6733,博晟生醫,85,3,82,國泰-松江,2023-04-28,8883
3704,合勤控,94,14,80,國泰-松江,2023-04-28,8883
00720B,元大投資級公司債,78,3,75,國泰-松江,2023-04-28,8883
3481,群創,113,49,64,國泰-松江,2023-04-28,8883
2880,華南金,118,62,56,國泰-松江,2023-04-28,8883
00680L,元大美債20正2,67,19,48,國泰-松江,2023-04-28,8883
00772B,中信高評級公司債,47,2,45,國泰-松江,2023-04-28,8883
2634,漢翔,187,150,37,國泰-松江,2023-04-28,8883
6142,友勁,40,4,36,國泰-松江,2023-04-28,8883
1504,東元,47,14,33,國泰-松江,2023-04-28,8883
3011,今皓,32,1,31,國泰-松江,2023-04-28,8883
2603,長榮,55,24,31,國泰-松江,2023-04-28,8883
2892,第一金,33,2,31,國泰-松江,2023-04-28,8883
4916,事欣科,136,106,30,國泰-松江,2023-04-28,8883
6417,韋僑,35,5,30,國泰-松江,2023-04-28,8883
00885,富邦越南,50,22,28,國泰-松江,2023-04-28,8883
6271,同欣電,83,57,26,國泰-松江,2023-04-28,8883
4968,立積,76,50,26,國泰-松江,2023-04-28,8883
5706,鳳凰,25,0,25,國泰-松江,2023-04-28,8883
2328,廣宇,27,2,25,國泰-松江,2023-04-28,8883
2368,金像電,29,5,24,國泰-松江,2023-04-28,8883
2645,長榮航太,28,5,23,國泰-松江,2023-04-28,8883
2337,旺宏,23,1,22,國泰-松江,2023-04-28,8883
1810,和成,22,0,22,國泰-松江,2023-04-28,8883
9105,泰金寶-DR,22,1,21,國泰-松江,2023-04-28,8883
1101,台泥,31,10,21,國泰-松江,2023-04-28,8883
3591,艾笛森,20,0,20,國泰-松江,2023-04-28,8883
4927,泰鼎-KY,20,0,20,國泰-松江,2023-04-28,8883
1717,長興,20,1,19,國泰-松江,2023-04-28,8883
6288,聯嘉,122,103,19,國泰-松江,2023-04-28,8883
1524,耿鼎,19,0,19,國泰-松江,2023-04-28,8883
2313,華通,28,9,19,國泰-松江,2023-04-28,8883
3176,基亞,18,0,18,國泰-松江,2023-04-28,8883
2801,彰銀,18,0,18,國泰-松江,2023-04-28,8883
2408,南亞科,27,9,18,國泰-松江,2023-04-28,8883
00903,富邦元宇宙,16,0,16,國泰-松江,2023-04-28,8883
4714,永捷,15,0,15,國泰-松江,2023-04-28,8883
1319,東陽,16,1,15,國泰-松江,2023-04-28,8883
2383,台光電,33,19,14,國泰-松江,2023-04-28,8883
1907,永豐餘,28,14,14,國泰-松江,2023-04-28,8883
00687B,國泰20年美債,15,1,14,國泰-松江,2023-04-28,8883
6438,迅得,13,0,13,國泰-松江,2023-04-28,8883
4702,中美實,12,1,11,國泰-松江,2023-04-28,8883
1305,華夏,12,1,11,國泰-松江,2023-04-28,8883
8222,寶一,151,140,11,國泰-松江,2023-04-28,8883
00725B,國泰投資級公司債,13,3,10,國泰-松江,2023-04-28,8883
6161,捷波,10,0,10,國泰-松江,2023-04-28,8883
00720B,元大投資級公司債,1481,2,1479,國泰-松江,2023-05-02,8883
2344,華邦電,527,2,525,國泰-松江,2023-05-02,8883
00772B,中信高評級公司債,285,21,264,國泰-松江,2023-05-02,8883
00679B,元大美債20年,178,9,169,國泰-松江,2023-05-02,8883
00773B,中信優先金融債,115,0,115,國泰-松江,2023-05-02,8883
3033,威健,62,0,62,國泰-松江,2023-05-02,8883
2603,長榮,82,27,55,國泰-松江,2023-05-02,8883
00751B,元大AAA至A公司債,58,5,53,國泰-松江,2023-05-02,8883
2359,所羅門,59,13,46,國泰-松江,2023-05-02,8883
2461,光群雷,44,0,44,國泰-松江,2023-05-02,8883
6215,和椿,42,0,42,國泰-松江,2023-05-02,8883
2913,農林,67,29,38,國泰-松江,2023-05-02,8883
6112,邁達特,51,15,36,國泰-松江,2023-05-02,8883
3363,上詮,135,99,36,國泰-松江,2023-05-02,8883
2031,新光鋼,44,9,35,國泰-松江,2023-05-02,8883
2353,宏��,41,7,34,國泰-松江,2023-05-02,8883
4114,健喬,34,2,32,國泰-松江,2023-05-02,8883
2886,兆豐金,32,2,30,國泰-松江,2023-05-02,8883
2812,台中銀,36,6,30,國泰-松江,2023-05-02,8883
1810,和成,41,12,29,國泰-松江,2023-05-02,8883
6163,華電網,35,8,27,國泰-松江,2023-05-02,8883
2884,玉山金,32,9,23,國泰-松江,2023-05-02,8883
5607,遠雄港,23,0,23,國泰-松江,2023-05-02,8883
4979,華星光,30,7,23,國泰-松江,2023-05-02,8883
5009,榮剛,41,20,21,國泰-松江,2023-05-02,8883
2332,友訊,20,0,20,國泰-松江,2023-05-02,8883
9955,佳龍,22,2,20,國泰-松江,2023-05-02,8883
00885,富邦越南,21,1,20,國泰-松江,2023-05-02,8883
6179,亞通,18,0,18,國泰-松江,2023-05-02,8883
2014,中鴻,24,6,18,國泰-松江,2023-05-02,8883
5222,全訊,25,8,17,國泰-松江,2023-05-02,8883
8088,品安,65,50,15,國泰-松江,2023-05-02,8883
1560,中砂,14,0,14,國泰-松江,2023-05-02,8883
2489,瑞軒,17,3,14,國泰-松江,2023-05-02,8883
3711,日月光投控,36,23,13,國泰-松江,2023-05-02,8883
3029,零壹,63,50,13,國泰-松江,2023-05-02,8883
1809,中釉,17,4,13,國泰-松江,2023-05-02,8883
2367,燿華,15,2,13,國泰-松江,2023-05-02,8883
1802,台玻,18,6,12,國泰-松江,2023-05-02,8883
2201,裕隆,20,8,12,國泰-松江,2023-05-02,8883
1720,生達,13,1,12,國泰-松江,2023-05-02,8883
6438,迅得,13,1,12,國泰-松江,2023-05-02,8883
3141,晶宏,15,4,11,國泰-松江,2023-05-02,8883
8011,台通,11,0,11,國泰-松江,2023-05-02,8883
00687B,國泰20年美債,11,0,11,國泰-松江,2023-05-02,8883
6282,康舒,39,29,10,國泰-松江,2023-05-02,8883
00650L,復華香港正2,99,89,10,國泰-松江,2023-05-02,8883
4503,金雨,10,0,10,國泰-松江,2023-05-02,8883
2375,凱美,10,0,10,國泰-松江,2023-05-02,8883
2442,新美齊,10,0,10,國泰-松江,2023-05-02,8883
00878,國泰永續高股息,293,73,220,國泰-松江,2023-05-03,8883
00715L,期街口布蘭特正2,201,0,201,國泰-松江,2023-05-03,8883
00679B,元大美債20年,168,30,138,國泰-松江,2023-05-03,8883
00712,復華富時不動產,122,4,118,國泰-松江,2023-05-03,8883
2603,長榮,155,38,117,國泰-松江,2023-05-03,8883
00665L,富邦�琤肭磪囓�2,155,41,114,國泰-松江,2023-05-03,8883
3481,群創,119,5,114,國泰-松江,2023-05-03,8883
4979,華星光,135,22,113,國泰-松江,2023-05-03,8883
00753L,中信中國50正2,99,12,87,國泰-松江,2023-05-03,8883
5876,上海商銀,65,0,65,國泰-松江,2023-05-03,8883
00882,中信中國高股息,70,6,64,國泰-松江,2023-05-03,8883
2530,華建,57,0,57,國泰-松江,2023-05-03,8883
1310,台苯,61,5,56,國泰-松江,2023-05-03,8883
1101,台泥,199,145,54,國泰-松江,2023-05-03,8883
1905,華紙,192,141,51,國泰-松江,2023-05-03,8883
00642U,期元大S＆P石油,46,0,46,國泰-松江,2023-05-03,8883
1710,東聯,52,15,37,國泰-松江,2023-05-03,8883
8215,明基材,44,8,36,國泰-松江,2023-05-03,8883
00650L,復華香港正2,50,14,36,國泰-松江,2023-05-03,8883
6443,元晶,34,4,30,國泰-松江,2023-05-03,8883
2453,凌群,31,2,29,國泰-松江,2023-05-03,8883
4763,材料-KY,61,33,28,國泰-松江,2023-05-03,8883
3032,偉訓,37,11,26,國泰-松江,2023-05-03,8883
2201,裕隆,65,40,25,國泰-松江,2023-05-03,8883
1711,永光,25,2,23,國泰-松江,2023-05-03,8883
3419,譁裕,98,76,22,國泰-松江,2023-05-03,8883
2324,仁寶,20,0,20,國泰-松江,2023-05-03,8883
2495,普安,19,0,19,國泰-松江,2023-05-03,8883
00690,兆豐藍籌30,19,0,19,國泰-松江,2023-05-03,8883
4977,眾達-KY,18,1,17,國泰-松江,2023-05-03,8883
1727,中華化,18,1,17,國泰-松江,2023-05-03,8883
8222,寶一,118,101,17,國泰-松江,2023-05-03,8883
00772B,中信高評級公司債,22,6,16,國泰-松江,2023-05-03,8883
2408,南亞科,30,14,16,國泰-松江,2023-05-03,8883
3029,零壹,18,2,16,國泰-松江,2023-05-03,8883
6153,嘉聯益,16,0,16,國泰-松江,2023-05-03,8883
2208,台船,16,1,15,國泰-松江,2023-05-03,8883
5706,鳳凰,15,0,15,國泰-松江,2023-05-03,8883
2352,佳世達,16,1,15,國泰-松江,2023-05-03,8883
00893,國泰智能電動車,16,2,14,國泰-松江,2023-05-03,8883
8085,福華,15,1,14,國泰-松江,2023-05-03,8883
8383,千附,14,0,14,國泰-松江,2023-05-03,8883
5321,美而快,23,9,14,國泰-松江,2023-05-03,8883
00902,中信電池及儲能,13,0,13,國泰-松江,2023-05-03,8883
6215,和椿,13,0,13,國泰-松江,2023-05-03,8883
6538,倉和,13,0,13,國泰-松江,2023-05-03,8883
6248,沛波,14,1,13,國泰-松江,2023-05-03,8883
2618,長榮航,18,5,13,國泰-松江,2023-05-03,8883
2486,一詮,13,0,13,國泰-松江,2023-05-03,8883
3056,富華新,12,0,12,國泰-松江,2023-05-03,8883
00715L,期街口布蘭特正2,221,0,221,國泰-松江,2023-05-04,8883
2867,三商壽,215,0,215,國泰-松江,2023-05-04,8883
5009,榮剛,204,37,167,國泰-松江,2023-05-04,8883
00679B,元大美債20年,185,47,138,國泰-松江,2023-05-04,8883
00878,國泰永續高股息,164,59,105,國泰-松江,2023-05-04,8883
2888,新光金,100,1,99,國泰-松江,2023-05-04,8883
4114,健喬,93,22,71,國泰-松江,2023-05-04,8883
6443,元晶,75,11,64,國泰-松江,2023-05-04,8883
8403,盛弘,158,102,56,國泰-松江,2023-05-04,8883
00712,復華富時不動產,47,2,45,國泰-松江,2023-05-04,8883
1513,中興電,79,38,41,國泰-松江,2023-05-04,8883
00642U,期元大S＆P石油,41,0,41,國泰-松江,2023-05-04,8883
6167,久正,45,4,41,國泰-松江,2023-05-04,8883
2634,漢翔,123,86,37,國泰-松江,2023-05-04,8883
8069,元太,66,29,37,國泰-松江,2023-05-04,8883
6248,沛波,40,4,36,國泰-松江,2023-05-04,8883
00773B,中信優先金融債,58,22,36,國泰-松江,2023-05-04,8883
1215,卜蜂,47,13,34,國泰-松江,2023-05-04,8883
3189,景碩,33,0,33,國泰-松江,2023-05-04,8883
1717,長興,30,0,30,國泰-松江,2023-05-04,8883
8085,福華,29,0,29,國泰-松江,2023-05-04,8883
00713,元大台灣高息低波,30,3,27,國泰-松江,2023-05-04,8883
1905,華紙,84,58,26,國泰-松江,2023-05-04,8883
5469,瀚宇博,28,4,24,國泰-松江,2023-05-04,8883
3231,緯創,85,62,23,國泰-松江,2023-05-04,8883
4953,緯軟,54,32,22,國泰-松江,2023-05-04,8883
1524,耿鼎,21,0,21,國泰-松江,2023-05-04,8883
2014,中鴻,21,0,21,國泰-松江,2023-05-04,8883
6733,博晟生醫,57,36,21,國泰-松江,2023-05-04,8883
2206,三陽工業,113,93,20,國泰-松江,2023-05-04,8883
1810,和成,20,0,20,國泰-松江,2023-05-04,8883
2353,宏��,52,32,20,國泰-松江,2023-05-04,8883
6547,高端疫苗,23,3,20,國泰-松江,2023-05-04,8883
2455,全新,22,2,20,國泰-松江,2023-05-04,8883
4173,久裕,35,16,19,國泰-松江,2023-05-04,8883
1504,東元,29,11,18,國泰-松江,2023-05-04,8883
6234,高僑,26,10,16,國泰-松江,2023-05-04,8883
4909,新復興,15,0,15,國泰-松江,2023-05-04,8883
8927,北基,15,0,15,國泰-松江,2023-05-04,8883
3005,神基,20,6,14,國泰-松江,2023-05-04,8883
2645,長榮航太,15,1,14,國泰-松江,2023-05-04,8883
2031,新光鋼,20,7,13,國泰-松江,2023-05-04,8883
6625,必應,24,11,13,國泰-松江,2023-05-04,8883
4121,優盛,16,3,13,國泰-松江,2023-05-04,8883
8478,東哥遊艇,35,23,12,國泰-松江,2023-05-04,8883
6689,伊雲谷,12,0,12,國泰-松江,2023-05-04,8883
2402,毅嘉,19,7,12,國泰-松江,2023-05-04,8883
2208,台船,20,8,12,國泰-松江,2023-05-04,8883
3419,譁裕,22,10,12,國泰-松江,2023-05-04,8883
3532,台勝科,12,0,12,國泰-松江,2023-05-04,8883
1513,中興電,300,28,272,國泰-松江,2023-05-05,8883
00720B,元大投資級公司債,272,1,271,國泰-松江,2023-05-05,8883
8936,國統,194,1,193,國泰-松江,2023-05-05,8883
00715L,期街口布蘭特正2,196,5,191,國泰-松江,2023-05-05,8883
00878,國泰永續高股息,212,41,171,國泰-松江,2023-05-05,8883
5009,榮剛,147,25,122,國泰-松江,2023-05-05,8883
6733,博晟生醫,86,2,84,國泰-松江,2023-05-05,8883
00680L,元大美債20正2,72,0,72,國泰-松江,2023-05-05,8883
6443,元晶,92,25,67,國泰-松江,2023-05-05,8883
6203,海韻電,61,1,60,國泰-松江,2023-05-05,8883
00712,復華富時不動產,60,0,60,國泰-松江,2023-05-05,8883
2353,宏��,69,14,55,國泰-松江,2023-05-05,8883
00772B,中信高評級公司債,49,0,49,國泰-松江,2023-05-05,8883
00679B,元大美債20年,206,163,43,國泰-松江,2023-05-05,8883
3005,神基,62,24,38,國泰-松江,2023-05-05,8883
1720,生達,39,2,37,國泰-松江,2023-05-05,8883
5706,鳳凰,44,8,36,國泰-松江,2023-05-05,8883
2457,飛宏,78,43,35,國泰-松江,2023-05-05,8883
00669R,國泰美國道瓊反1,40,6,34,國泰-松江,2023-05-05,8883
00642U,期元大S＆P石油,33,1,32,國泰-松江,2023-05-05,8883
3260,威剛,31,1,30,國泰-松江,2023-05-05,8883
2383,台光電,58,28,30,國泰-松江,2023-05-05,8883
2634,漢翔,187,157,30,國泰-松江,2023-05-05,8883
00773B,中信優先金融債,27,0,27,國泰-松江,2023-05-05,8883
8069,元太,35,11,24,國泰-松江,2023-05-05,8883
2812,台中銀,24,1,23,國泰-松江,2023-05-05,8883
4164,承業醫,27,5,22,國泰-松江,2023-05-05,8883
2201,裕隆,26,5,21,國泰-松江,2023-05-05,8883
5607,遠雄港,20,0,20,國泰-松江,2023-05-05,8883
00725B,國泰投資級公司債,21,2,19,國泰-松江,2023-05-05,8883
1101,台泥,41,22,19,國泰-松江,2023-05-05,8883
2867,三商壽,19,0,19,國泰-松江,2023-05-05,8883
1514,亞力,18,1,17,國泰-松江,2023-05-05,8883
00751B,元大AAA至A公司債,17,2,15,國泰-松江,2023-05-05,8883
00713,元大台灣高息低波,16,0,16,國泰-松江,2023-05-05,8883
6689,伊雲谷,15,0,15,國泰-松江,2023-05-05,8883
6129,普誠,28,13,15,國泰-松江,2023-05-05,8883
00923,群益台ESG低碳50,14,0,14,國泰-松江,2023-05-05,8883
5227,立凱-KY,13,0,13,國泰-松江,2023-05-05,8883
8215,明基材,14,1,13,國泰-松江,2023-05-05,8883
2880,華南金,13,0,13,國泰-松江,2023-05-05,8883
4121,優盛,18,6,12,國泰-松江,2023-05-05,8883
6244,茂迪,38,26,12,國泰-松江,2023-05-05,8883
00795B,中信美國公債20年,15,2,13,國泰-松江,2023-05-05,8883
3231,緯創,48,36,12,國泰-松江,2023-05-05,8883
1810,和成,16,4,12,國泰-松江,2023-05-05,8883
2539,櫻花建,12,0,12,國泰-松江,2023-05-05,8883
1709,和益,12,0,12,國泰-松江,2023-05-05,8883
3682,亞太電,11,0,11,國泰-松江,2023-05-05,8883
4439,冠星-KY,11,0,11,國泰-松江,2023-05-05,8883
00679B,元大美債20年,186,8,178,國泰-松江,2023-05-08,8883
9955,佳龍,142,22,120,國泰-松江,2023-05-08,8883
6733,博晟生醫,97,0,97,國泰-松江,2023-05-08,8883
3013,晟銘電,85,5,80,國泰-松江,2023-05-08,8883
2883,凱基金,170,100,70,國泰-松江,2023-05-08,8883
2634,漢翔,140,71,69,國泰-松江,2023-05-08,8883
00720B,元大投資級公司債,69,0,69,國泰-松江,2023-05-08,8883
6248,沛波,59,0,59,國泰-松江,2023-05-08,8883
6271,同欣電,61,3,58,國泰-松江,2023-05-08,8883
2610,華航,65,11,54,國泰-松江,2023-05-08,8883
00680L,元大美債20正2,53,10,43,國泰-松江,2023-05-08,8883
00751B,元大AAA至A公司債,46,3,43,國泰-松江,2023-05-08,8883
9945,潤泰新,41,1,40,國泰-松江,2023-05-08,8883
3576,聯合再生,40,0,40,國泰-松江,2023-05-08,8883
2201,裕隆,52,18,34,國泰-松江,2023-05-08,8883
6443,元晶,43,12,31,國泰-松江,2023-05-08,8883
4148,全宇生技-KY,30,0,30,國泰-松江,2023-05-08,8883
6125,廣運,27,0,27,國泰-松江,2023-05-08,8883
1434,福懋,31,4,27,國泰-松江,2023-05-08,8883
00795B,中信美國公債20年,28,3,25,國泰-松江,2023-05-08,8883
1609,大亞,84,59,25,國泰-松江,2023-05-08,8883
00772B,中信高評級公司債,24,0,24,國泰-松江,2023-05-08,8883
8033,雷虎,57,37,20,國泰-松江,2023-05-08,8883
4306,炎洲,20,0,20,國泰-松江,2023-05-08,8883
1709,和益,19,0,19,國泰-松江,2023-05-08,8883
4915,致伸,25,7,18,國泰-松江,2023-05-08,8883
6282,康舒,37,19,18,國泰-松江,2023-05-08,8883
6446,藥華藥,20,4,16,國泰-松江,2023-05-08,8883
8403,盛弘,16,1,15,國泰-松江,2023-05-08,8883
2359,所羅門,22,7,15,國泰-松江,2023-05-08,8883
00632R,元大台灣50反1,15,0,15,國泰-松江,2023-05-08,8883
4121,優盛,34,19,15,國泰-松江,2023-05-08,8883
3545,敦泰,19,4,15,國泰-松江,2023-05-08,8883
2637,慧洋-KY,16,1,15,國泰-松江,2023-05-08,8883
1451,年興,13,0,13,國泰-松江,2023-05-08,8883
1762,中化生,14,1,13,國泰-松江,2023-05-08,8883
6753,龍德造船,14,1,13,國泰-松江,2023-05-08,8883
1711,永光,14,1,13,國泰-松江,2023-05-08,8883
2539,櫻花建,13,0,13,國泰-松江,2023-05-08,8883
5381,合正,16,3,13,國泰-松江,2023-05-08,8883
4744,皇將,23,10,13,國泰-松江,2023-05-08,8883
2834,臺企銀,15,3,12,國泰-松江,2023-05-08,8883
6527,明達醫,18,6,12,國泰-松江,2023-05-08,8883
3022,威強電,12,0,12,國泰-松江,2023-05-08,8883
3443,創意,22,10,12,國泰-松江,2023-05-08,8883
3714,富采,13,2,11,國泰-松江,2023-05-08,8883
4743,合一,11,0,11,國泰-松江,2023-05-08,8883
3034,聯詠,11,0,11,國泰-松江,2023-05-08,8883
00916,國泰全球品牌50,11,0,11,國泰-松江,2023-05-08,8883
8069,元太,48,37,11,國泰-松江,2023-05-08,8883
2834,臺企銀,304,24,280,國泰-松江,2023-05-09,8883
00720B,元大投資級公司債,255,2,253,國泰-松江,2023-05-09,8883
00680L,元大美債20正2,233,0,233,國泰-松江,2023-05-09,8883
00679B,元大美債20年,217,14,203,國泰-松江,2023-05-09,8883
5009,榮剛,180,42,138,國泰-松江,2023-05-09,8883
1504,東元,174,81,93,國泰-松江,2023-05-09,8883
00687B,國泰20年美債,98,11,87,國泰-松江,2023-05-09,8883
00751B,元大AAA至A公司債,85,1,84,國泰-松江,2023-05-09,8883
6248,沛波,66,2,64,國泰-松江,2023-05-09,8883
3027,盛達,71,10,61,國泰-松江,2023-05-09,8883
2634,漢翔,97,37,60,國泰-松江,2023-05-09,8883
00772B,中信高評級公司債,65,6,59,國泰-松江,2023-05-09,8883
8049,晶采,49,0,49,國泰-松江,2023-05-09,8883
6443,元晶,96,49,47,國泰-松江,2023-05-09,8883
2603,長榮,60,13,47,國泰-松江,2023-05-09,8883
6733,博晟生醫,60,16,44,國泰-松江,2023-05-09,8883
3058,立德,47,4,43,國泰-松江,2023-05-09,8883
00878,國泰永續高股息,81,41,40,國泰-松江,2023-05-09,8883
1708,東鹼,46,8,38,國泰-松江,2023-05-09,8883
3576,聯合再生,57,20,37,國泰-松江,2023-05-09,8883
1519,華城,111,77,34,國泰-松江,2023-05-09,8883
6179,亞通,36,3,33,國泰-松江,2023-05-09,8883
5315,光聯,33,0,33,國泰-松江,2023-05-09,8883
9904,寶成,32,0,32,國泰-松江,2023-05-09,8883
3483,力致,51,19,32,國泰-松江,2023-05-09,8883
00857B,永豐20年美公債,31,0,31,國泰-松江,2023-05-09,8883
2457,飛宏,79,49,30,國泰-松江,2023-05-09,8883
00712,復華富時不動產,27,0,27,國泰-松江,2023-05-09,8883
1514,亞力,40,13,27,國泰-松江,2023-05-09,8883
6244,茂迪,30,4,26,國泰-松江,2023-05-09,8883
4746,台耀,29,3,26,國泰-松江,2023-05-09,8883
3265,台星科,24,0,24,國泰-松江,2023-05-09,8883
1101,台泥,54,31,23,國泰-松江,2023-05-09,8883
4739,康普,22,0,22,國泰-松江,2023-05-09,8883
6282,康舒,52,31,21,國泰-松江,2023-05-09,8883
4147,中裕,24,3,21,國泰-松江,2023-05-09,8883
00795B,中信美國公債20年,46,25,21,國泰-松江,2023-05-09,8883
3024,憶聲,20,0,20,國泰-松江,2023-05-09,8883
6237,驊訊,20,0,20,國泰-松江,2023-05-09,8883
3481,群創,31,11,20,國泰-松江,2023-05-09,8883
3034,聯詠,19,0,19,國泰-松江,2023-05-09,8883
1802,台玻,18,0,18,國泰-松江,2023-05-09,8883
00725B,國泰投資級公司債,18,1,17,國泰-松江,2023-05-09,8883
1711,永光,17,0,17,國泰-松江,2023-05-09,8883
4977,眾達-KY,16,1,15,國泰-松江,2023-05-09,8883
4967,十銓,25,10,15,國泰-松江,2023-05-09,8883
00885,富邦越南,15,1,14,國泰-松江,2023-05-09,8883
1319,東陽,14,0,14,國泰-松江,2023-05-09,8883
3029,零壹,31,17,14,國泰-松江,2023-05-09,8883
2482,連宇,43,29,14,國泰-松江,2023-05-09,8883
00679B,元大美債20年,210,0,210,國泰-松江,2023-05-10,8883
00687B,國泰20年美債,141,8,133,國泰-松江,2023-05-10,8883
6185,幃翔,201,80,121,國泰-松江,2023-05-10,8883
00680L,元大美債20正2,95,0,95,國泰-松江,2023-05-10,8883
00650L,復華香港正2,89,8,81,國泰-松江,2023-05-10,8883
00751B,元大AAA至A公司債,74,1,73,國泰-松江,2023-05-10,8883
00720B,元大投資級公司債,51,0,51,國泰-松江,2023-05-10,8883
00878,國泰永續高股息,103,57,46,國泰-松江,2023-05-10,8883
1337,再生-KY,42,1,41,國泰-松江,2023-05-10,8883
00632R,元大台灣50反1,36,2,34,國泰-松江,2023-05-10,8883
8938,明安,32,0,32,國泰-松江,2023-05-10,8883
00670L,富邦NASDAQ正2,32,0,32,國泰-松江,2023-05-10,8883
3231,緯創,75,43,32,國泰-松江,2023-05-10,8883
00725B,國泰投資級公司債,32,0,32,國泰-松江,2023-05-10,8883
00713,元大台灣高息低波,31,1,30,國泰-松江,2023-05-10,8883
00882,中信中國高股息,49,20,29,國泰-松江,2023-05-10,8883
2201,裕隆,31,3,28,國泰-松江,2023-05-10,8883
3701,大眾控,28,1,27,國泰-松江,2023-05-10,8883
3673,TPK-KY,28,2,26,國泰-松江,2023-05-10,8883
00753L,中信中國50正2,25,0,25,國泰-松江,2023-05-10,8883
3712,永崴投控,27,2,25,國泰-松江,2023-05-10,8883
00673R,期元大S＆P原油反1,25,0,25,國泰-松江,2023-05-10,8883
3711,日月光投控,33,9,24,國泰-松江,2023-05-10,8883
4155,訊映,24,0,24,國泰-松江,2023-05-10,8883
6770,力積電,23,0,23,國泰-松江,2023-05-10,8883
00631L,元大台灣50正2,22,0,22,國泰-松江,2023-05-10,8883
4720,德淵,22,0,22,國泰-松江,2023-05-10,8883
6591,動力-KY,23,1,22,國泰-松江,2023-05-10,8883
00900,富邦特選高股息30,21,0,21,國泰-松江,2023-05-10,8883
6235,華孚,45,24,21,國泰-松江,2023-05-10,8883
3207,耀勝,22,1,21,國泰-松江,2023-05-10,8883
2882,國泰金,25,6,19,國泰-松江,2023-05-10,8883
2633,台灣高鐵,22,3,19,國泰-松江,2023-05-10,8883
1504,東元,28,9,19,國泰-松江,2023-05-10,8883
2206,三陽工業,25,7,18,國泰-松江,2023-05-10,8883
2368,金像電,23,6,17,國泰-松江,2023-05-10,8883
3209,全科,22,6,16,國泰-松江,2023-05-10,8883
1609,大亞,70,54,16,國泰-松江,2023-05-10,8883
2356,英業達,15,0,15,國泰-松江,2023-05-10,8883
00665L,富邦�琤肭磪囓�2,15,0,15,國泰-松江,2023-05-10,8883
00712,復華富時不動產,16,1,15,國泰-松江,2023-05-10,8883
00888,永豐台灣ESG,14,0,14,國泰-松江,2023-05-10,8883
1907,永豐餘,15,1,14,國泰-松江,2023-05-10,8883
1605,華新,37,23,14,國泰-松江,2023-05-10,8883
3294,英濟,14,0,14,國泰-松江,2023-05-10,8883
9939,宏全,20,6,14,國泰-松江,2023-05-10,8883
1708,東鹼,13,0,13,國泰-松江,2023-05-10,8883
6274,台燿,26,13,13,國泰-松江,2023-05-10,8883
3042,晶技,13,0,13,國泰-松江,2023-05-10,8883
1810,和成,14,1,13,國泰-松江,2023-05-10,8883
00637L,元大滬深300正2,1497,504,993,國泰-松江,2023-05-11,8883
00687B,國泰20年美債,98,9,89,國泰-松江,2023-05-11,8883
00878,國泰永續高股息,94,7,87,國泰-松江,2023-05-11,8883
2618,長榮航,168,83,85,國泰-松江,2023-05-11,8883
00679B,元大美債20年,171,88,83,國泰-松江,2023-05-11,8883
2515,中工,81,0,81,國泰-松江,2023-05-11,8883
6285,啟��,87,14,73,國泰-松江,2023-05-11,8883
2603,長榮,87,16,71,國泰-松江,2023-05-11,8883
1513,中興電,87,18,69,國泰-松江,2023-05-11,8883
2610,華航,65,2,63,國泰-松江,2023-05-11,8883
00753L,中信中國50正2,56,0,56,國泰-松江,2023-05-11,8883
00720B,元大投資級公司債,55,4,51,國泰-松江,2023-05-11,8883
2883B,凱基金乙特,50,0,50,國泰-松江,2023-05-11,8883
00680L,元大美債20正2,70,25,45,國泰-松江,2023-05-11,8883
00665L,富邦�琤肭磪囓�2,57,15,42,國泰-松江,2023-05-11,8883
6733,博晟生醫,42,1,41,國泰-松江,2023-05-11,8883
6122,擎邦,118,78,40,國泰-松江,2023-05-11,8883
1101,台泥,35,2,33,國泰-松江,2023-05-11,8883
2313,華通,35,3,32,國泰-松江,2023-05-11,8883
00912,中信臺灣智慧50,32,0,32,國泰-松江,2023-05-11,8883
3481,群創,36,4,32,國泰-松江,2023-05-11,8883
0056,元大高股息,40,11,29,國泰-松江,2023-05-11,8883
00673R,期元大S＆P原油反1,28,1,27,國泰-松江,2023-05-11,8883
6185,幃翔,29,2,27,國泰-松江,2023-05-11,8883
9902,台火,27,0,27,國泰-松江,2023-05-11,8883
1905,華紙,176,150,26,國泰-松江,2023-05-11,8883
00751B,元大AAA至A公司債,25,1,24,國泰-松江,2023-05-11,8883
1727,中華化,26,2,24,國泰-松江,2023-05-11,8883
2530,華建,130,106,24,國泰-松江,2023-05-11,8883
4147,中裕,24,0,24,國泰-松江,2023-05-11,8883
2367,燿華,21,0,21,國泰-松江,2023-05-11,8883
00892,富邦台灣半導體,25,5,20,國泰-松江,2023-05-11,8883
4967,十銓,22,2,20,國泰-松江,2023-05-11,8883
2615,萬海,23,4,19,國泰-松江,2023-05-11,8883
2888,新光金,21,2,19,國泰-松江,2023-05-11,8883
3058,立德,20,1,19,國泰-松江,2023-05-11,8883
2851,中再保,18,0,18,國泰-松江,2023-05-11,8883
1720,生達,27,9,18,國泰-松江,2023-05-11,8883
00712,復華富時不動產,17,0,17,國泰-松江,2023-05-11,8883
00713,元大台灣高息低波,19,3,16,國泰-松江,2023-05-11,8883
6577,勁豐,20,4,16,國泰-松江,2023-05-11,8883
3632,研勤,15,0,15,國泰-松江,2023-05-11,8883
00882,中信中國高股息,23,8,15,國泰-松江,2023-05-11,8883
6213,聯茂,15,0,15,國泰-松江,2023-05-11,8883
1104,環泥,16,1,15,國泰-松江,2023-05-11,8883
2634,漢翔,109,95,14,國泰-松江,2023-05-11,8883
1762,中化生,43,29,14,國泰-松江,2023-05-11,8883
5309,系統電,15,1,14,國泰-松江,2023-05-11,8883
6214,精誠,14,0,14,國泰-松江,2023-05-11,8883
3224,三顧,17,3,14,國泰-松江,2023-05-11,8883
00637L,元大滬深300正2,1513,503,1010,國泰-松江,2023-05-12,8883
00632R,元大台灣50反1,271,22,249,國泰-松江,2023-05-12,8883
2888,新光金,186,10,176,國泰-松江,2023-05-12,8883
00715L,期街口布蘭特正2,181,11,170,國泰-松江,2023-05-12,8883
8033,雷虎,104,11,93,國泰-松江,2023-05-12,8883
3481,群創,63,3,60,國泰-松江,2023-05-12,8883
1605,華新,68,8,60,國泰-松江,2023-05-12,8883
3024,憶聲,50,0,50,國泰-松江,2023-05-12,8883
00882,中信中國高股息,49,0,49,國泰-松江,2023-05-12,8883
2882,國泰金,50,5,45,國泰-松江,2023-05-12,8883
6185,幃翔,44,0,44,國泰-松江,2023-05-12,8883
9945,潤泰新,42,0,42,國泰-松江,2023-05-12,8883
2603,長榮,59,24,35,國泰-松江,2023-05-12,8883
3006,晶豪科,42,14,28,國泰-松江,2023-05-12,8883
2883,凱基金,30,5,25,國泰-松江,2023-05-12,8883
2731,雄獅,37,15,22,國泰-松江,2023-05-12,8883
2356,英業達,39,17,22,國泰-松江,2023-05-12,8883
00751B,元大AAA至A公司債,23,2,21,國泰-松江,2023-05-12,8883
2409,友達,20,0,20,國泰-松江,2023-05-12,8883
1708,東鹼,20,0,20,國泰-松江,2023-05-12,8883
5355,佳總,20,0,20,國泰-松江,2023-05-12,8883
1316,上曜,18,0,18,國泰-松江,2023-05-12,8883
3715,定穎投控,19,2,17,國泰-松江,2023-05-12,8883
2615,萬海,18,1,17,國泰-松江,2023-05-12,8883
2881,富邦金,21,4,17,國泰-松江,2023-05-12,8883
1727,中華化,17,1,16,國泰-松江,2023-05-12,8883
2376,技嘉,20,4,16,國泰-松江,2023-05-12,8883
2368,金像電,17,1,16,國泰-松江,2023-05-12,8883
00687B,國泰20年美債,27,11,16,國泰-松江,2023-05-12,8883
4147,中裕,25,10,15,國泰-松江,2023-05-12,8883
3017,奇鋐,21,6,15,國泰-松江,2023-05-12,8883
2890,永豐金,15,0,15,國泰-松江,2023-05-12,8883
00675L,富邦臺灣加權正2,14,0,14,國泰-松江,2023-05-12,8883
5258,虹堡,87,73,14,國泰-松江,2023-05-12,8883
2303,聯電,13,1,12,國泰-松江,2023-05-12,8883
2438,翔耀,12,0,12,國泰-松江,2023-05-12,8883
2851,中再保,13,1,12,國泰-松江,2023-05-12,8883
2444,兆勁,22,10,12,國泰-松江,2023-05-12,8883
3591,艾笛森,17,5,12,國泰-松江,2023-05-12,8883
1101,台泥,69,58,11,國泰-松江,2023-05-12,8883
4503,金雨,24,13,11,國泰-松江,2023-05-12,8883
4743,合一,18,7,11,國泰-松江,2023-05-12,8883
2236,百達-KY,11,0,11,國泰-松江,2023-05-12,8883
2801,彰銀,11,0,11,國泰-松江,2023-05-12,8883
8940,新天地,12,1,11,國泰-松江,2023-05-12,8883
5425,台半,13,3,10,國泰-松江,2023-05-12,8883
5876,上海商銀,10,0,10,國泰-松江,2023-05-12,8883
3071,協禧,11,1,10,國泰-松江,2023-05-12,8883
1905,華紙,109,99,10,國泰-松江,2023-05-12,8883
6741,91APP*-KY,20,11,9,國泰-松江,2023-05-12,8883
00680L,元大美債20正2,363,30,333,國泰-松江,2023-05-15,8883
2303,聯電,123,1,122,國泰-松江,2023-05-15,8883
00715L,期街口布蘭特正2,95,1,94,國泰-松江,2023-05-15,8883
3189,景碩,92,0,92,國泰-松江,2023-05-15,8883
6248,沛波,76,0,76,國泰-松江,2023-05-15,8883
00720B,元大投資級公司債,72,0,72,國泰-松江,2023-05-15,8883
00751B,元大AAA至A公司債,56,0,56,國泰-松江,2023-05-15,8883
00687B,國泰20年美債,56,1,55,國泰-松江,2023-05-15,8883
9945,潤泰新,53,1,52,國泰-松江,2023-05-15,8883
1504,東元,115,70,45,國泰-松江,2023-05-15,8883
4746,台耀,47,2,45,國泰-松江,2023-05-15,8883
00772B,中信高評級公司債,44,0,44,國泰-松江,2023-05-15,8883
5521,工信,42,0,42,國泰-松江,2023-05-15,8883
1609,大亞,43,7,36,國泰-松江,2023-05-15,8883
5225,東科-KY,56,20,36,國泰-松江,2023-05-15,8883
3576,聯合再生,45,9,36,國泰-松江,2023-05-15,8883
2317,鴻海,37,3,34,國泰-松江,2023-05-15,8883
2455,全新,34,2,32,國泰-松江,2023-05-15,8883
2609,陽明,63,31,32,國泰-松江,2023-05-15,8883
3017,奇鋐,41,12,29,國泰-松江,2023-05-15,8883
6282,康舒,43,15,28,國泰-松江,2023-05-15,8883
2206,三陽工業,66,41,25,國泰-松江,2023-05-15,8883
2457,飛宏,102,77,25,國泰-松江,2023-05-15,8883
2634,漢翔,65,41,24,國泰-松江,2023-05-15,8883
1708,東鹼,22,0,22,國泰-松江,2023-05-15,8883
00878,國泰永續高股息,174,152,22,國泰-松江,2023-05-15,8883
2464,盟立,21,0,21,國泰-松江,2023-05-15,8883
0056,元大高股息,26,5,21,國泰-松江,2023-05-15,8883
2884,玉山金,25,5,20,國泰-松江,2023-05-15,8883
2413,環科,20,0,20,國泰-松江,2023-05-15,8883
4977,眾達-KY,20,0,20,國泰-松江,2023-05-15,8883
2376,技嘉,39,20,19,國泰-松江,2023-05-15,8883
6143,振曜,18,0,18,國泰-松江,2023-05-15,8883
1514,亞力,20,2,18,國泰-松江,2023-05-15,8883
6271,同欣電,21,3,18,國泰-松江,2023-05-15,8883
1101,台泥,37,20,17,國泰-松江,2023-05-15,8883
6244,茂迪,22,5,17,國泰-松江,2023-05-15,8883
2356,英業達,18,1,17,國泰-松江,2023-05-15,8883
6218,豪勉,26,10,16,國泰-松江,2023-05-15,8883
00642U,期元大S＆P石油,20,4,16,國泰-松江,2023-05-15,8883
2888,新光金,23,7,16,國泰-松江,2023-05-15,8883
3231,緯創,141,126,15,國泰-松江,2023-05-15,8883
2208,台船,25,10,15,國泰-松江,2023-05-15,8883
2106,建大,15,0,15,國泰-松江,2023-05-15,8883
1905,華紙,16,1,15,國泰-松江,2023-05-15,8883
3024,憶聲,15,0,15,國泰-松江,2023-05-15,8883
5312,寶島科,15,0,15,國泰-松江,2023-05-15,8883
1104,環泥,15,0,15,國泰-松江,2023-05-15,8883
3518,柏騰,15,0,15,國泰-松江,2023-05-15,8883
6712,長聖,28,14,14,國泰-松江,2023-05-15,8883
00680L,元大美債20正2,330,10,320,國泰-松江,2023-05-16,8883
00720B,元大投資級公司債,187,1,186,國泰-松江,2023-05-16,8883
1608,華榮,270,90,180,國泰-松江,2023-05-16,8883
00679B,元大美債20年,168,4,164,國泰-松江,2023-05-16,8883
00687B,國泰20年美債,149,6,143,國泰-松江,2023-05-16,8883
8076,伍豐,131,34,97,國泰-松江,2023-05-16,8883
00772B,中信高評級公司債,92,1,91,國泰-松江,2023-05-16,8883
00751B,元大AAA至A公司債,63,0,63,國泰-松江,2023-05-16,8883
2323,中環,256,194,62,國泰-松江,2023-05-16,8883
1709,和益,49,0,49,國泰-松江,2023-05-16,8883
2618,長榮航,77,28,49,國泰-松江,2023-05-16,8883
00773B,中信優先金融債,34,0,34,國泰-松江,2023-05-16,8883
2457,飛宏,77,51,26,國泰-松江,2023-05-16,8883
3661,世芯-KY,56,30,26,國泰-松江,2023-05-16,8883
2317,鴻海,39,14,25,國泰-松江,2023-05-16,8883
1504,東元,43,18,25,國泰-松江,2023-05-16,8883
6488,環球晶,26,1,25,國泰-松江,2023-05-16,8883
00795B,中信美國公債20年,25,3,22,國泰-松江,2023-05-16,8883
00725B,國泰投資級公司債,21,0,21,國泰-松江,2023-05-16,8883
3058,立德,22,2,20,國泰-松江,2023-05-16,8883
3624,光頡,23,4,19,國泰-松江,2023-05-16,8883
00898,國泰基因免疫革命,19,0,19,國泰-松江,2023-05-16,8883
00897,富邦基因免疫生技,19,0,19,國泰-松江,2023-05-16,8883
6248,沛波,19,0,19,國泰-松江,2023-05-16,8883
2609,陽明,20,2,18,國泰-松江,2023-05-16,8883
00756B,群益投等新興公債,18,0,18,國泰-松江,2023-05-16,8883
9943,好樂迪,20,3,17,國泰-松江,2023-05-16,8883
2634,漢翔,34,17,17,國泰-松江,2023-05-16,8883
2201,裕隆,42,26,16,國泰-松江,2023-05-16,8883
1319,東陽,24,8,16,國泰-松江,2023-05-16,8883
8111,立��,15,0,15,國泰-松江,2023-05-16,8883
6733,博晟生醫,28,13,15,國泰-松江,2023-05-16,8883
00676R,富邦臺灣加權反1,15,0,15,國泰-松江,2023-05-16,8883
2505,國揚,14,0,14,國泰-松江,2023-05-16,8883
1519,華城,116,103,13,國泰-松江,2023-05-16,8883
2313,華通,14,1,13,國泰-松江,2023-05-16,8883
5425,台半,13,0,13,國泰-松江,2023-05-16,8883
3703,欣陸,13,0,13,國泰-松江,2023-05-16,8883
4744,皇將,21,8,13,國泰-松江,2023-05-16,8883
1609,大亞,72,59,13,國泰-松江,2023-05-16,8883
00722B,群益投資級電信債,12,0,12,國泰-松江,2023-05-16,8883
3693,營邦,11,0,11,國泰-松江,2023-05-16,8883
1785,光洋科,10,0,10,國泰-松江,2023-05-16,8883
1717,長興,10,0,10,國泰-松江,2023-05-16,8883
6179,亞通,15,5,10,國泰-松江,2023-05-16,8883
8110,華東,11,1,10,國泰-松江,2023-05-16,8883
4432,銘旺實,10,0,10,國泰-松江,2023-05-16,8883
8930,青鋼,10,0,10,國泰-松江,2023-05-16,8883
8446,華研,13,3,10,國泰-松江,2023-05-16,8883
2409,友達,12,3,9,國泰-松江,2023-05-16,8883
00632R,元大台灣50反1,6575,30,6545,國泰-松江,2023-05-17,8883
00680L,元大美債20正2,233,0,233,國泰-松江,2023-05-17,8883
00878,國泰永續高股息,273,83,190,國泰-松江,2023-05-17,8883
6248,沛波,101,0,101,國泰-松江,2023-05-17,8883
2888,新光金,114,43,71,國泰-松江,2023-05-17,8883
00772B,中信高評級公司債,70,0,70,國泰-松江,2023-05-17,8883
00715L,期街口布蘭特正2,65,5,60,國泰-松江,2023-05-17,8883
3078,僑威,84,32,52,國泰-松江,2023-05-17,8883
2515,中工,50,0,50,國泰-松江,2023-05-17,8883
6271,同欣電,48,1,47,國泰-松江,2023-05-17,8883
6589,台康生技,51,11,40,國泰-松江,2023-05-17,8883
00751B,元大AAA至A公司債,41,4,37,國泰-松江,2023-05-17,8883
1605,華新,36,3,33,國泰-松江,2023-05-17,8883
2421,建準,65,35,30,國泰-松江,2023-05-17,8883
00650L,復華香港正2,39,10,29,國泰-松江,2023-05-17,8883
3207,耀勝,44,16,28,國泰-松江,2023-05-17,8883
8299,群聯,27,1,26,國泰-松江,2023-05-17,8883
00679B,元大美債20年,43,17,26,國泰-松江,2023-05-17,8883
6282,康舒,66,41,25,國泰-松江,2023-05-17,8883
9955,佳龍,25,0,25,國泰-松江,2023-05-17,8883
2402,毅嘉,42,19,23,國泰-松江,2023-05-17,8883
00720B,元大投資級公司債,21,0,21,國泰-松江,2023-05-17,8883
2731,雄獅,36,15,21,國泰-松江,2023-05-17,8883
5258,虹堡,82,61,21,國泰-松江,2023-05-17,8883
00687B,國泰20年美債,27,7,20,國泰-松江,2023-05-17,8883
1612,宏泰,21,2,19,國泰-松江,2023-05-17,8883
00882,中信中國高股息,19,0,19,國泰-松江,2023-05-17,8883
00885,富邦越南,28,10,18,國泰-松江,2023-05-17,8883
2457,飛宏,88,70,18,國泰-松江,2023-05-17,8883
3491,昇達科,17,0,17,國泰-松江,2023-05-17,8883
00676R,富邦臺灣加權反1,17,0,17,國泰-松江,2023-05-17,8883
2630,亞航,20,3,17,國泰-松江,2023-05-17,8883
3022,威強電,57,41,16,國泰-松江,2023-05-17,8883
2892,第一金,19,3,16,國泰-松江,2023-05-17,8883
1101,台泥,26,11,15,國泰-松江,2023-05-17,8883
2890,永豐金,21,7,14,國泰-松江,2023-05-17,8883
3363,上詮,37,23,14,國泰-松江,2023-05-17,8883
3059,華晶科,21,7,14,國泰-松江,2023-05-17,8883
00722B,群益投資級電信債,14,0,14,國泰-松江,2023-05-17,8883
6285,啟��,36,23,13,國泰-松江,2023-05-17,8883
00903,富邦元宇宙,13,0,13,國泰-松江,2023-05-17,8883
6753,龍德造船,14,1,13,國泰-松江,2023-05-17,8883
00891,中信關鍵半導體,12,0,12,國泰-松江,2023-05-17,8883
3231,緯創,163,151,12,國泰-松江,2023-05-17,8883
3715,定穎投控,29,17,12,國泰-松江,2023-05-17,8883
2603,長榮,53,41,12,國泰-松江,2023-05-17,8883
2303,聯電,18,7,11,國泰-松江,2023-05-17,8883
3406,玉晶光,13,2,11,國泰-松江,2023-05-17,8883
6689,伊雲谷,14,3,11,國泰-松江,2023-05-17,8883
8046,南電,25,14,11,國泰-松江,2023-05-17,8883
2888,新光金,367,58,309,國泰-松江,2023-05-18,8883
00680L,元大美債20正2,110,0,110,國泰-松江,2023-05-18,8883
00687B,國泰20年美債,95,4,91,國泰-松江,2023-05-18,8883
3260,威剛,75,1,74,國泰-松江,2023-05-18,8883
00919,群益台灣精選高息,50,1,49,國泰-松江,2023-05-18,8883
2328,廣宇,50,4,46,國泰-松江,2023-05-18,8883
00795B,中信美國公債20年,47,2,45,國泰-松江,2023-05-18,8883
00720B,元大投資級公司債,45,0,45,國泰-松江,2023-05-18,8883
1609,大亞,138,94,44,國泰-松江,2023-05-18,8883
3088,艾訊,40,0,40,國泰-松江,2023-05-18,8883
5312,寶島科,40,0,40,國泰-松江,2023-05-18,8883
00725B,國泰投資級公司債,39,0,39,國泰-松江,2023-05-18,8883
2379,瑞昱,38,0,38,國泰-松江,2023-05-18,8883
00673R,期元大S＆P原油反1,35,0,35,國泰-松江,2023-05-18,8883
3704,合勤控,62,27,35,國泰-松江,2023-05-18,8883
2634,漢翔,52,18,34,國泰-松江,2023-05-18,8883
00772B,中信高評級公司債,34,6,28,國泰-松江,2023-05-18,8883
00679B,元大美債20年,29,1,28,國泰-松江,2023-05-18,8883
6129,普誠,28,1,27,國泰-松江,2023-05-18,8883
6248,沛波,27,0,27,國泰-松江,2023-05-18,8883
2633,台灣高鐵,29,2,27,國泰-松江,2023-05-18,8883
6271,同欣電,26,1,25,國泰-松江,2023-05-18,8883
6550,北極星藥業-KY,26,1,25,國泰-松江,2023-05-18,8883
2376,技嘉,67,43,24,國泰-松江,2023-05-18,8883
2206,三陽工業,90,68,22,國泰-松江,2023-05-18,8883
9955,佳龍,22,0,22,國泰-松江,2023-05-18,8883
5511,德昌,24,2,22,國泰-松江,2023-05-18,8883
6441,廣錠,23,2,21,國泰-松江,2023-05-18,8883
2630,亞航,103,83,20,國泰-松江,2023-05-18,8883
6179,亞通,20,0,20,國泰-松江,2023-05-18,8883
2402,毅嘉,32,13,19,國泰-松江,2023-05-18,8883
2890,永豐金,25,6,19,國泰-松江,2023-05-18,8883
4931,新盛力,38,20,18,國泰-松江,2023-05-18,8883
8059,凱碩,18,0,18,國泰-松江,2023-05-18,8883
3362,先進光,32,15,17,國泰-松江,2023-05-18,8883
3006,晶豪科,28,11,17,國泰-松江,2023-05-18,8883
00650L,復華香港正2,59,42,17,國泰-松江,2023-05-18,8883
2313,華通,18,2,16,國泰-松江,2023-05-18,8883
1727,中華化,106,90,16,國泰-松江,2023-05-18,8883
0056,元大高股息,64,49,15,國泰-松江,2023-05-18,8883
00885,富邦越南,15,0,15,國泰-松江,2023-05-18,8883
2444,兆勁,16,1,15,國泰-松江,2023-05-18,8883
2851,中再保,15,0,15,國泰-松江,2023-05-18,8883
6266,泰詠,28,13,15,國泰-松江,2023-05-18,8883
6531,愛普*,30,16,14,國泰-松江,2023-05-18,8883
2609,陽明,48,34,14,國泰-松江,2023-05-18,8883
6591,動力-KY,14,0,14,國泰-松江,2023-05-18,8883
3661,世芯-KY,22,8,14,國泰-松江,2023-05-18,8883
1752,南光,15,2,13,國泰-松江,2023-05-18,8883
2308,台達電,13,0,13,國泰-松江,2023-05-18,8883
00665L,富邦�琤肭磪囓�2,1210,88,1122,國泰-松江,2023-05-19,8883
00632R,元大台灣50反1,371,3,368,國泰-松江,2023-05-19,8883
5009,榮剛,404,104,300,國泰-松江,2023-05-19,8883
00637L,元大滬深300正2,291,37,254,國泰-松江,2023-05-19,8883
00680L,元大美債20正2,228,60,168,國泰-松江,2023-05-19,8883
00753L,中信中國50正2,197,40,157,國泰-松江,2023-05-19,8883
2421,建準,198,51,147,國泰-松江,2023-05-19,8883
00687B,國泰20年美債,144,8,136,國泰-松江,2023-05-19,8883
00772B,中信高評級公司債,103,6,97,國泰-松江,2023-05-19,8883
6282,康舒,172,81,91,國泰-松江,2023-05-19,8883
3044,健鼎,84,1,83,國泰-松江,2023-05-19,8883
2453,凌群,81,15,66,國泰-松江,2023-05-19,8883
1762,中化生,56,2,54,國泰-松江,2023-05-19,8883
2323,中環,77,23,54,國泰-松江,2023-05-19,8883
00882,中信中國高股息,52,0,52,國泰-松江,2023-05-19,8883
8070,長華*,50,0,50,國泰-松江,2023-05-19,8883
00751B,元大AAA至A公司債,50,1,49,國泰-松江,2023-05-19,8883
1609,大亞,142,93,49,國泰-松江,2023-05-19,8883
3704,合勤控,48,4,44,國泰-松江,2023-05-19,8883
5324,士開,57,13,44,國泰-松江,2023-05-19,8883
6770,力積電,46,5,41,國泰-松江,2023-05-19,8883
2303,聯電,51,10,41,國泰-松江,2023-05-19,8883
9955,佳龍,39,0,39,國泰-松江,2023-05-19,8883
2637,慧洋-KY,41,2,39,國泰-松江,2023-05-19,8883
6733,博晟生醫,35,0,35,國泰-松江,2023-05-19,8883
00713,元大台灣高息低波,46,12,34,國泰-松江,2023-05-19,8883
00650L,復華香港正2,63,29,34,國泰-松江,2023-05-19,8883
00720B,元大投資級公司債,33,1,32,國泰-松江,2023-05-19,8883
8076,伍豐,34,3,31,國泰-松江,2023-05-19,8883
2317,鴻海,31,1,30,國泰-松江,2023-05-19,8883
6248,沛波,28,0,28,國泰-松江,2023-05-19,8883
3673,TPK-KY,25,1,24,國泰-松江,2023-05-19,8883
6179,亞通,24,0,24,國泰-松江,2023-05-19,8883
2457,飛宏,91,67,24,國泰-松江,2023-05-19,8883
3029,零壹,83,59,24,國泰-松江,2023-05-19,8883
2206,三陽工業,55,34,21,國泰-松江,2023-05-19,8883
2497,怡利電,21,0,21,國泰-松江,2023-05-19,8883
2371,大同,53,32,21,國泰-松江,2023-05-19,8883
2501,國建,20,0,20,國泰-松江,2023-05-19,8883
00857B,永豐20年美公債,18,0,18,國泰-松江,2023-05-19,8883
1605,華新,32,14,18,國泰-松江,2023-05-19,8883
00885,富邦越南,18,1,17,國泰-松江,2023-05-19,8883
6231,系微,17,0,17,國泰-松江,2023-05-19,8883
2383,台光電,41,25,16,國泰-松江,2023-05-19,8883
6558,興能高,15,0,15,國泰-松江,2023-05-19,8883
2482,連宇,28,14,14,國泰-松江,2023-05-19,8883
00795B,中信美國公債20年,21,8,13,國泰-松江,2023-05-19,8883
00673R,期元大S＆P原油反1,13,0,13,國泰-松江,2023-05-19,8883
1319,東陽,13,0,13,國泰-松江,2023-05-19,8883
00679B,元大美債20年,51,40,11,國泰-松江,2023-05-19,8883
2888,新光金,226,8,218,國泰-松江,2023-05-22,8883
00632R,元大台灣50反1,186,60,126,國泰-松江,2023-05-22,8883
00679B,元大美債20年,120,7,113,國泰-松江,2023-05-22,8883
00888,永豐台灣ESG,111,10,101,國泰-松江,2023-05-22,8883
3037,欣興,136,43,93,國泰-松江,2023-05-22,8883
00878,國泰永續高股息,169,80,89,國泰-松江,2023-05-22,8883
00680L,元大美債20正2,100,14,86,國泰-松江,2023-05-22,8883
2303,聯電,81,11,70,國泰-松江,2023-05-22,8883
00687B,國泰20年美債,71,2,69,國泰-松江,2023-05-22,8883
00715L,期街口布蘭特正2,72,3,69,國泰-松江,2023-05-22,8883
00795B,中信美國公債20年,73,8,65,國泰-松江,2023-05-22,8883
8358,金居,54,3,51,國泰-松江,2023-05-22,8883
2913,農林,62,11,51,國泰-松江,2023-05-22,8883
00772B,中信高評級公司債,45,0,45,國泰-松江,2023-05-22,8883
4979,華星光,56,13,43,國泰-松江,2023-05-22,8883
5425,台半,41,2,39,國泰-松江,2023-05-22,8883
3260,威剛,38,0,38,國泰-松江,2023-05-22,8883
00751B,元大AAA至A公司債,38,0,38,國泰-松江,2023-05-22,8883
2208,台船,50,14,36,國泰-松江,2023-05-22,8883
00713,元大台灣高息低波,71,39,32,國泰-松江,2023-05-22,8883
3025,星通,57,29,28,國泰-松江,2023-05-22,8883
2615,萬海,27,0,27,國泰-松江,2023-05-22,8883
6854,錼創科技-KY創,25,0,25,國泰-松江,2023-05-22,8883
4720,德淵,23,0,23,國泰-松江,2023-05-22,8883
6535,順藥,23,1,22,國泰-松江,2023-05-22,8883
0056,元大高股息,48,26,22,國泰-松江,2023-05-22,8883
2323,中環,31,10,21,國泰-松江,2023-05-22,8883
2356,英業達,22,1,21,國泰-松江,2023-05-22,8883
6770,力積電,31,11,20,國泰-松江,2023-05-22,8883
00857B,永豐20年美公債,20,0,20,國泰-松江,2023-05-22,8883
8046,南電,27,7,20,國泰-松江,2023-05-22,8883
1727,中華化,58,39,19,國泰-松江,2023-05-22,8883
00720B,元大投資級公司債,19,0,19,國泰-松江,2023-05-22,8883
00696B,富邦美債20年,18,0,18,國泰-松江,2023-05-22,8883
4951,精拓科,17,0,17,國泰-松江,2023-05-22,8883
6469,大樹,16,0,16,國泰-松江,2023-05-22,8883
6271,同欣電,19,3,16,國泰-松江,2023-05-22,8883
4977,眾達-KY,16,0,16,國泰-松江,2023-05-22,8883
00690,兆豐藍籌30,20,5,15,國泰-松江,2023-05-22,8883
1519,華城,72,57,15,國泰-松江,2023-05-22,8883
6218,豪勉,16,1,15,國泰-松江,2023-05-22,8883
00706L,期元大S＆P日圓正2,19,4,15,國泰-松江,2023-05-22,8883
3044,健鼎,23,8,15,國泰-松江,2023-05-22,8883
3189,景碩,14,0,14,國泰-松江,2023-05-22,8883
00885,富邦越南,21,7,14,國泰-松江,2023-05-22,8883
6558,興能高,15,1,14,國泰-松江,2023-05-22,8883
2344,華邦電,23,9,14,國泰-松江,2023-05-22,8883
8059,凱碩,13,0,13,國泰-松江,2023-05-22,8883
3703,欣陸,13,0,13,國泰-松江,2023-05-22,8883
3207,耀勝,14,1,13,國泰-松江,2023-05-22,8883
8076,伍豐,184,17,167,國泰-松江,2023-05-23,8883
2888,新光金,125,7,118,國泰-松江,2023-05-23,8883
00680L,元大美債20正2,147,31,116,國泰-松江,2023-05-23,8883
6535,順藥,72,7,65,國泰-松江,2023-05-23,8883
00878,國泰永續高股息,117,61,56,國泰-松江,2023-05-23,8883
00688L,國泰20年美債正2,52,0,52,國泰-松江,2023-05-23,8883
00882,中信中國高股息,61,10,51,國泰-松江,2023-05-23,8883
00665L,富邦�琤肭磪囓�2,62,11,51,國泰-松江,2023-05-23,8883
2328,廣宇,52,1,51,國泰-松江,2023-05-23,8883
2618,長榮航,187,137,50,國泰-松江,2023-05-23,8883
2337,旺宏,50,0,50,國泰-松江,2023-05-23,8883
4967,十銓,48,4,44,國泰-松江,2023-05-23,8883
1504,東元,74,30,44,國泰-松江,2023-05-23,8883
6754,匯僑設計,45,4,41,國泰-松江,2023-05-23,8883
00673R,期元大S＆P原油反1,40,0,40,國泰-松江,2023-05-23,8883
3231,緯創,95,57,38,國泰-松江,2023-05-23,8883
2603,長榮,40,2,38,國泰-松江,2023-05-23,8883
00772B,中信高評級公司債,36,0,36,國泰-松江,2023-05-23,8883
6112,邁達特,86,55,31,國泰-松江,2023-05-23,8883
3702,大聯大,31,1,30,國泰-松江,2023-05-23,8883
2886,兆豐金,36,7,29,國泰-松江,2023-05-23,8883
1589,永冠-KY,42,15,27,國泰-松江,2023-05-23,8883
00687B,國泰20年美債,93,68,25,國泰-松江,2023-05-23,8883
2731,雄獅,48,22,26,國泰-松江,2023-05-23,8883
00725B,國泰投資級公司債,27,1,26,國泰-松江,2023-05-23,8883
8183,精星,25,0,25,國泰-松江,2023-05-23,8883
1605,華新,41,17,24,國泰-松江,2023-05-23,8883
00713,元大台灣高息低波,26,2,24,國泰-松江,2023-05-23,8883
1101,台泥,27,4,23,國泰-松江,2023-05-23,8883
00795B,中信美國公債20年,37,14,23,國泰-松江,2023-05-23,8883
00650L,復華香港正2,26,4,22,國泰-松江,2023-05-23,8883
1608,華榮,23,2,21,國泰-松江,2023-05-23,8883
00640L,富邦日本正2,21,0,21,國泰-松江,2023-05-23,8883
2867,三商壽,20,0,20,國泰-松江,2023-05-23,8883
6558,興能高,20,0,20,國泰-松江,2023-05-23,8883
3706,神達,20,0,20,國泰-松江,2023-05-23,8883
1609,大亞,38,18,20,國泰-松江,2023-05-23,8883
6285,啟��,21,2,19,國泰-松江,2023-05-23,8883
4572,駐龍,19,0,19,國泰-松江,2023-05-23,8883
2637,慧洋-KY,31,12,19,國泰-松江,2023-05-23,8883
00888,永豐台灣ESG,23,5,18,國泰-松江,2023-05-23,8883
00637L,元大滬深300正2,1024,1006,18,國泰-松江,2023-05-23,8883
4541,晟田,74,57,17,國泰-松江,2023-05-23,8883
2634,漢翔,104,87,17,國泰-松江,2023-05-23,8883
2705,六福,22,5,17,國泰-松江,2023-05-23,8883
00919,群益台灣精選高息,15,0,15,國泰-松江,2023-05-23,8883
6122,擎邦,35,21,14,國泰-松江,2023-05-23,8883
5258,虹堡,34,20,14,國泰-松江,2023-05-23,8883
2317,鴻海,24,10,14,國泰-松江,2023-05-23,8883
3661,世芯-KY,64,51,13,國泰-松江,2023-05-23,8883
00688L,國泰20年美債正2,303,0,303,國泰-松江,2023-05-24,8883
00632R,元大台灣50反1,136,1,135,國泰-松江,2023-05-24,8883
8076,伍豐,156,22,134,國泰-松江,2023-05-24,8883
00882,中信中國高股息,106,4,102,國泰-松江,2023-05-24,8883
00753L,中信中國50正2,96,0,96,國泰-松江,2023-05-24,8883
00687B,國泰20年美債,94,3,91,國泰-松江,2023-05-24,8883
00633L,富邦上証正2,100,10,90,國泰-松江,2023-05-24,8883
00650L,復華香港正2,95,16,79,國泰-松江,2023-05-24,8883
00670L,富邦NASDAQ正2,70,1,69,國泰-松江,2023-05-24,8883
5009,榮剛,83,16,67,國泰-松江,2023-05-24,8883
6288,聯嘉,80,13,67,國泰-松江,2023-05-24,8883
6535,順藥,67,6,61,國泰-松江,2023-05-24,8883
00878,國泰永續高股息,130,71,59,國泰-松江,2023-05-24,8883
4543,萬在,60,2,58,國泰-松江,2023-05-24,8883
5371,中光電,54,2,52,國泰-松江,2023-05-24,8883
8038,長園科,54,2,52,國泰-松江,2023-05-24,8883
00665L,富邦�琤肭磪囓�2,122,70,52,國泰-松江,2023-05-24,8883
2888,新光金,51,2,49,國泰-松江,2023-05-24,8883
3231,緯創,246,202,44,國泰-松江,2023-05-24,8883
6194,育富,40,0,40,國泰-松江,2023-05-24,8883
3056,富華新,40,0,40,國泰-松江,2023-05-24,8883
00857B,永豐20年美公債,35,0,35,國泰-松江,2023-05-24,8883
5321,美而快,33,0,33,國泰-松江,2023-05-24,8883
00637L,元大滬深300正2,58,25,33,國泰-松江,2023-05-24,8883
4977,眾達-KY,31,0,31,國泰-松江,2023-05-24,8883
00679B,元大美債20年,128,97,31,國泰-松江,2023-05-24,8883
1708,東鹼,30,0,30,國泰-松江,2023-05-24,8883
3033,威健,30,0,30,國泰-松江,2023-05-24,8883
1589,永冠-KY,53,23,30,國泰-松江,2023-05-24,8883
2801,彰銀,28,0,28,國泰-松江,2023-05-24,8883
2637,慧洋-KY,28,0,28,國泰-松江,2023-05-24,8883
3022,威強電,30,2,28,國泰-松江,2023-05-24,8883
2834,臺企銀,28,3,25,國泰-松江,2023-05-24,8883
00674R,期元大S＆P黃金反1,34,9,25,國泰-松江,2023-05-24,8883
3704,合勤控,67,42,25,國泰-松江,2023-05-24,8883
00673R,期元大S＆P原油反1,23,0,23,國泰-松江,2023-05-24,8883
00795B,中信美國公債20年,29,6,23,國泰-松江,2023-05-24,8883
00696B,富邦美債20年,23,1,22,國泰-松江,2023-05-24,8883
5905,南仁湖,35,13,22,國泰-松江,2023-05-24,8883
6282,康舒,147,126,21,國泰-松江,2023-05-24,8883
3702,大聯大,21,0,21,國泰-松江,2023-05-24,8883
1101,台泥,21,1,20,國泰-松江,2023-05-24,8883
00919,群益台灣精選高息,20,0,20,國泰-松江,2023-05-24,8883
3711,日月光投控,40,20,20,國泰-松江,2023-05-24,8883
3706,神達,21,1,20,國泰-松江,2023-05-24,8883
2328,廣宇,46,26,20,國泰-松江,2023-05-24,8883
5609,中菲行,20,1,19,國泰-松江,2023-05-24,8883
1584,精剛,44,25,19,國泰-松江,2023-05-24,8883
5512,力麒,20,1,19,國泰-松江,2023-05-24,8883
6125,廣運,20,1,19,國泰-松江,2023-05-24,8883
00720B,元大投資級公司債,2034,0,2034,國泰-松江,2023-05-25,8883
00882,中信中國高股息,183,4,179,國泰-松江,2023-05-25,8883
00680L,元大美債20正2,142,0,142,國泰-松江,2023-05-25,8883
5009,榮剛,133,23,110,國泰-松江,2023-05-25,8883
4977,眾達-KY,104,8,96,國泰-松江,2023-05-25,8883
00753L,中信中國50正2,194,99,95,國泰-松江,2023-05-25,8883
5324,士開,69,0,69,國泰-松江,2023-05-25,8883
3701,大眾控,55,3,52,國泰-松江,2023-05-25,8883
2851,中再保,50,0,50,國泰-松江,2023-05-25,8883
2603,長榮,62,13,49,國泰-松江,2023-05-25,8883
00650L,復華香港正2,59,14,45,國泰-松江,2023-05-25,8883
5225,東科-KY,70,28,42,國泰-松江,2023-05-25,8883
00687B,國泰20年美債,54,13,41,國泰-松江,2023-05-25,8883
6188,廣明,40,0,40,國泰-松江,2023-05-25,8883
1609,大亞,42,3,39,國泰-松江,2023-05-25,8883
2331,精英,46,9,37,國泰-松江,2023-05-25,8883
2317,鴻海,46,10,36,國泰-松江,2023-05-25,8883
3013,晟銘電,74,40,34,國泰-松江,2023-05-25,8883
3715,定穎投控,40,6,34,國泰-松江,2023-05-25,8883
2883,凱基金,51,17,34,國泰-松江,2023-05-25,8883
3131,弘塑,30,0,30,國泰-松江,2023-05-25,8883
2748,雲品,52,23,29,國泰-松江,2023-05-25,8883
1785,光洋科,28,1,27,國泰-松江,2023-05-25,8883
00795B,中信美國公債20年,28,1,27,國泰-松江,2023-05-25,8883
2882,國泰金,29,3,26,國泰-松江,2023-05-25,8883
00712,復華富時不動產,31,5,26,國泰-松江,2023-05-25,8883
4564,元翎,37,12,25,國泰-松江,2023-05-25,8883
00922,國泰台灣領袖50,25,0,25,國泰-松江,2023-05-25,8883
00916,國泰全球品牌50,30,5,25,國泰-松江,2023-05-25,8883
2402,毅嘉,38,14,24,國泰-松江,2023-05-25,8883
00773B,中信優先金融債,24,0,24,國泰-松江,2023-05-25,8883
2739,寒舍,26,3,23,國泰-松江,2023-05-25,8883
00772B,中信高評級公司債,26,3,23,國泰-松江,2023-05-25,8883
2880,華南金,22,0,22,國泰-松江,2023-05-25,8883
3653,健策,36,14,22,國泰-松江,2023-05-25,8883
3704,合勤控,27,5,22,國泰-松江,2023-05-25,8883
6244,茂迪,22,0,22,國泰-松江,2023-05-25,8883
00751B,元大AAA至A公司債,21,0,21,國泰-松江,2023-05-25,8883
3545,敦泰,26,5,21,國泰-松江,2023-05-25,8883
5312,寶島科,20,0,20,國泰-松江,2023-05-25,8883
1618,合機,25,7,18,國泰-松江,2023-05-25,8883
2609,陽明,25,8,17,國泰-松江,2023-05-25,8883
00885,富邦越南,18,1,17,國泰-松江,2023-05-25,8883
5425,台半,38,21,17,國泰-松江,2023-05-25,8883
9950,萬國通,16,0,16,國泰-松江,2023-05-25,8883
00655L,國泰中國A50正2,16,0,16,國泰-松江,2023-05-25,8883
2376,技嘉,40,24,16,國泰-松江,2023-05-25,8883
3207,耀勝,16,1,15,國泰-松江,2023-05-25,8883
3363,上詮,80,65,15,國泰-松江,2023-05-25,8883
3466,德晉,15,0,15,國泰-松江,2023-05-25,8883
00632R,元大台灣50反1,739,405,334,國泰-松江,2023-05-26,8883
00680L,元大美債20正2,275,5,270,國泰-松江,2023-05-26,8883
00687B,國泰20年美債,171,6,165,國泰-松江,2023-05-26,8883
00715L,期街口布蘭特正2,148,8,140,國泰-松江,2023-05-26,8883
1513,中興電,178,44,134,國泰-松江,2023-05-26,8883
4979,華星光,166,33,133,國泰-松江,2023-05-26,8883
6558,興能高,137,6,131,國泰-松江,2023-05-26,8883
3231,緯創,556,438,118,國泰-松江,2023-05-26,8883
2886,兆豐金,120,16,104,國泰-松江,2023-05-26,8883
5009,榮剛,105,3,102,國泰-松江,2023-05-26,8883
00712,復華富時不動產,94,0,94,國泰-松江,2023-05-26,8883
3715,定穎投控,78,14,64,國泰-松江,2023-05-26,8883
00665L,富邦�琤肭磪囓�2,70,10,60,國泰-松江,2023-05-26,8883
00642U,期元大S＆P石油,57,0,57,國泰-松江,2023-05-26,8883
00772B,中信高評級公司債,57,0,57,國泰-松江,2023-05-26,8883
4916,事欣科,52,0,52,國泰-松江,2023-05-26,8883
2201,裕隆,56,15,41,國泰-松江,2023-05-26,8883
6190,萬泰科,48,8,40,國泰-松江,2023-05-26,8883
00882,中信中國高股息,54,15,39,國泰-松江,2023-05-26,8883
5225,東科-KY,39,1,38,國泰-松江,2023-05-26,8883
00679B,元大美債20年,52,14,38,國泰-松江,2023-05-26,8883
3189,景碩,65,27,38,國泰-松江,2023-05-26,8883
3706,神達,36,1,35,國泰-松江,2023-05-26,8883
2323,中環,196,163,33,國泰-松江,2023-05-26,8883
1904,正隆,32,0,32,國泰-松江,2023-05-26,8883
6695,芯鼎,30,0,30,國泰-松江,2023-05-26,8883
2441,超豐,30,1,29,國泰-松江,2023-05-26,8883
4746,台耀,40,12,28,國泰-松江,2023-05-26,8883
2317,鴻海,36,12,24,國泰-松江,2023-05-26,8883
6282,康舒,56,32,24,國泰-松江,2023-05-26,8883
00764B,群益25年美債,23,0,23,國泰-松江,2023-05-26,8883
00713,元大台灣高息低波,26,4,22,國泰-松江,2023-05-26,8883
1589,永冠-KY,23,1,22,國泰-松江,2023-05-26,8883
3078,僑威,31,10,21,國泰-松江,2023-05-26,8883
2634,漢翔,45,23,22,國泰-松江,2023-05-26,8883
6235,華孚,42,21,21,國泰-松江,2023-05-26,8883
6026,福邦證,21,0,21,國泰-松江,2023-05-26,8883
6209,今國光,20,0,20,國泰-松江,2023-05-26,8883
3653,健策,21,1,20,國泰-松江,2023-05-26,8883
8927,北基,20,0,20,國泰-松江,2023-05-26,8883
2883,凱基金,24,4,20,國泰-松江,2023-05-26,8883
6680,鑫創電子,19,0,19,國泰-松江,2023-05-26,8883
4114,健喬,19,1,18,國泰-松江,2023-05-26,8883
3325,旭品,18,0,18,國泰-松江,2023-05-26,8883
2332,友訊,20,2,18,國泰-松江,2023-05-26,8883
00795B,中信美國公債20年,25,8,17,國泰-松江,2023-05-26,8883
2371,大同,86,69,17,國泰-松江,2023-05-26,8883
2409,友達,27,11,16,國泰-松江,2023-05-26,8883
2368,金像電,46,30,16,國泰-松江,2023-05-26,8883
8038,長園科,17,1,16,國泰-松江,2023-05-26,8883
3231,緯創,464,335,129,國泰-松江,2023-05-29,8883
2883,凱基金,72,8,64,國泰-松江,2023-05-29,8883
0056,元大高股息,133,77,56,國泰-松江,2023-05-29,8883
2528,皇普,53,0,53,國泰-松江,2023-05-29,8883
4906,正文,59,7,52,國泰-松江,2023-05-29,8883
2890,永豐金,55,4,51,國泰-松江,2023-05-29,8883
3481,群創,86,39,47,國泰-松江,2023-05-29,8883
00713,元大台灣高息低波,56,11,45,國泰-松江,2023-05-29,8883
3264,欣銓,58,12,46,國泰-松江,2023-05-29,8883
5225,東科-KY,47,2,45,國泰-松江,2023-05-29,8883
2377,微星,52,10,42,國泰-松江,2023-05-29,8883
3701,大眾控,46,5,41,國泰-松江,2023-05-29,8883
3037,欣興,113,73,40,國泰-松江,2023-05-29,8883
00753L,中信中國50正2,39,0,39,國泰-松江,2023-05-29,8883
00673R,期元大S＆P原油反1,38,0,38,國泰-松江,2023-05-29,8883
00882,中信中國高股息,47,11,36,國泰-松江,2023-05-29,8883
3013,晟銘電,52,19,33,國泰-松江,2023-05-29,8883
2303,聯電,59,27,32,國泰-松江,2023-05-29,8883
00902,中信電池及儲能,34,5,29,國泰-松江,2023-05-29,8883
1608,華榮,81,52,29,國泰-松江,2023-05-29,8883
00751B,元大AAA至A公司債,27,0,27,國泰-松江,2023-05-29,8883
00687B,國泰20年美債,27,2,25,國泰-松江,2023-05-29,8883
00773B,中信優先金融債,26,1,25,國泰-松江,2023-05-29,8883
00665L,富邦�琤肭磪囓�2,34,10,24,國泰-松江,2023-05-29,8883
3260,威剛,39,15,24,國泰-松江,2023-05-29,8883
9945,潤泰新,25,2,23,國泰-松江,2023-05-29,8883
2371,大同,94,71,23,國泰-松江,2023-05-29,8883
3044,健鼎,74,52,22,國泰-松江,2023-05-29,8883
2382,廣達,32,11,21,國泰-松江,2023-05-29,8883
6790,永豐實,21,0,21,國泰-松江,2023-05-29,8883
5243,乙盛-KY,23,3,20,國泰-松江,2023-05-29,8883
3711,日月光投控,39,19,20,國泰-松江,2023-05-29,8883
5469,瀚宇博,20,1,19,國泰-松江,2023-05-29,8883
2388,威盛,81,62,19,國泰-松江,2023-05-29,8883
00772B,中信高評級公司債,21,3,18,國泰-松江,2023-05-29,8883
6179,亞通,18,0,18,國泰-松江,2023-05-29,8883
00706L,期元大S＆P日圓正2,18,1,17,國泰-松江,2023-05-29,8883
00671R,富邦NASDAQ反1,18,2,16,國泰-松江,2023-05-29,8883
2002,中鋼,17,2,15,國泰-松江,2023-05-29,8883
00712,復華富時不動產,22,7,15,國泰-松江,2023-05-29,8883
3025,星通,54,39,15,國泰-松江,2023-05-29,8883
2548,華固,14,0,14,國泰-松江,2023-05-29,8883
1727,中華化,24,10,14,國泰-松江,2023-05-29,8883
2880,華南金,13,0,13,國泰-松江,2023-05-29,8883
00647L,元大S＆P500正2,13,0,13,國泰-松江,2023-05-29,8883
2425,承啟,35,22,13,國泰-松江,2023-05-29,8883
1589,永冠-KY,13,0,13,國泰-松江,2023-05-29,8883
00795B,中信美國公債20年,22,10,12,國泰-松江,2023-05-29,8883
3374,精材,12,0,12,國泰-松江,2023-05-29,8883
2867,三商壽,12,0,12,國泰-松江,2023-05-29,8883
2399,映泰,330,21,309,國泰-松江,2023-05-30,8883
1513,中興電,325,19,306,國泰-松江,2023-05-30,8883
00680L,元大美債20正2,304,74,230,國泰-松江,2023-05-30,8883
4979,華星光,293,66,227,國泰-松江,2023-05-30,8883
2105,正新,209,0,209,國泰-松江,2023-05-30,8883
5225,東科-KY,91,0,91,國泰-松江,2023-05-30,8883
3706,神達,88,3,85,國泰-松江,2023-05-30,8883
2634,漢翔,115,33,82,國泰-松江,2023-05-30,8883
00753L,中信中國50正2,80,0,80,國泰-松江,2023-05-30,8883
2637,慧洋-KY,81,1,80,國泰-松江,2023-05-30,8883
00882,中信中國高股息,84,13,71,國泰-松江,2023-05-30,8883
3481,群創,70,7,63,國泰-松江,2023-05-30,8883
2317,鴻海,119,59,60,國泰-松江,2023-05-30,8883
0056,元大高股息,134,76,58,國泰-松江,2023-05-30,8883
00919,群益台灣精選高息,77,25,52,國泰-松江,2023-05-30,8883
2356,英業達,147,99,48,國泰-松江,2023-05-30,8883
00715L,期街口布蘭特正2,61,13,48,國泰-松江,2023-05-30,8883
00688L,國泰20年美債正2,47,1,46,國泰-松江,2023-05-30,8883
6733,博晟生醫,40,0,40,國泰-松江,2023-05-30,8883
6535,順藥,46,8,38,國泰-松江,2023-05-30,8883
5009,榮剛,47,11,36,國泰-松江,2023-05-30,8883
3704,合勤控,50,16,34,國泰-松江,2023-05-30,8883
2834,臺企銀,33,2,31,國泰-松江,2023-05-30,8883
00795B,中信美國公債20年,31,0,31,國泰-松江,2023-05-30,8883
2528,皇普,30,0,30,國泰-松江,2023-05-30,8883
00902,中信電池及儲能,28,1,27,國泰-松江,2023-05-30,8883
00671R,富邦NASDAQ反1,25,0,25,國泰-松江,2023-05-30,8883
2211,長榮鋼,24,0,24,國泰-松江,2023-05-30,8883
3032,偉訓,33,10,23,國泰-松江,2023-05-30,8883
3006,晶豪科,30,7,23,國泰-松江,2023-05-30,8883
4977,眾達-KY,31,8,23,國泰-松江,2023-05-30,8883
6244,茂迪,22,0,22,國泰-松江,2023-05-30,8883
4720,德淵,22,0,22,國泰-松江,2023-05-30,8883
4167,松瑞藥,22,0,22,國泰-松江,2023-05-30,8883
2888,新光金,31,10,21,國泰-松江,2023-05-30,8883
3162,精確,22,1,21,國泰-松江,2023-05-30,8883
1504,東元,32,11,21,國泰-松江,2023-05-30,8883
00857B,永豐20年美公債,20,0,20,國泰-松江,2023-05-30,8883
2331,精英,30,12,18,國泰-松江,2023-05-30,8883
2401,凌陽,25,7,18,國泰-松江,2023-05-30,8883
4906,正文,36,19,17,國泰-松江,2023-05-30,8883
6282,康舒,32,15,17,國泰-松江,2023-05-30,8883
1608,華榮,21,5,16,國泰-松江,2023-05-30,8883
00642U,期元大S＆P石油,24,8,16,國泰-松江,2023-05-30,8883
5608,四維航,16,0,16,國泰-松江,2023-05-30,8883
2382,廣達,56,41,15,國泰-松江,2023-05-30,8883
3305,昇貿,15,0,15,國泰-松江,2023-05-30,8883
6191,精成科,17,2,15,國泰-松江,2023-05-30,8883
2504,國產,17,2,15,國泰-松江,2023-05-30,8883
8076,伍豐,25,10,15,國泰-松江,2023-05-30,8883
00715L,期街口布蘭特正2,379,5,374,國泰-松江,2023-05-31,8883
00680L,元大美債20正2,349,194,155,國泰-松江,2023-05-31,8883
00882,中信中國高股息,192,39,153,國泰-松江,2023-05-31,8883
00725B,國泰投資級公司債,116,0,116,國泰-松江,2023-05-31,8883
00688L,國泰20年美債正2,106,0,106,國泰-松江,2023-05-31,8883
00642U,期元大S＆P石油,91,0,91,國泰-松江,2023-05-31,8883
6282,康舒,174,99,75,國泰-松江,2023-05-31,8883
00878,國泰永續高股息,74,19,55,國泰-松江,2023-05-31,8883
00665L,富邦�琤肭磪囓�2,85,30,55,國泰-松江,2023-05-31,8883
5225,東科-KY,73,20,53,國泰-松江,2023-05-31,8883
4979,華星光,79,35,44,國泰-松江,2023-05-31,8883
3481,群創,64,21,43,國泰-松江,2023-05-31,8883
2002,中鋼,41,0,41,國泰-松江,2023-05-31,8883
00650L,復華香港正2,45,7,38,國泰-松江,2023-05-31,8883
6248,沛波,38,0,38,國泰-松江,2023-05-31,8883
6179,亞通,36,0,36,國泰-松江,2023-05-31,8883
1101,台泥,34,2,32,國泰-松江,2023-05-31,8883
2421,建準,68,38,30,國泰-松江,2023-05-31,8883
3576,聯合再生,29,0,29,國泰-松江,2023-05-31,8883
00896,中信綠能及電動車,30,3,27,國泰-松江,2023-05-31,8883
2402,毅嘉,42,15,27,國泰-松江,2023-05-31,8883
2356,英業達,123,98,25,國泰-松江,2023-05-31,8883
9945,潤泰新,25,1,24,國泰-松江,2023-05-31,8883
00637L,元大滬深300正2,39,15,24,國泰-松江,2023-05-31,8883
6531,愛普*,66,42,24,國泰-松江,2023-05-31,8883
00919,群益台灣精選高息,23,0,23,國泰-松江,2023-05-31,8883
3363,上詮,43,21,22,國泰-松江,2023-05-31,8883
2731,雄獅,28,6,22,國泰-松江,2023-05-31,8883
00764B,群益25年美債,22,0,22,國泰-松江,2023-05-31,8883
2428,興勤,20,0,20,國泰-松江,2023-05-31,8883
2883,凱基金,21,1,20,國泰-松江,2023-05-31,8883
1802,台玻,19,0,19,國泰-松江,2023-05-31,8883
1513,中興電,38,19,19,國泰-松江,2023-05-31,8883
00713,元大台灣高息低波,31,12,19,國泰-松江,2023-05-31,8883
00679B,元大美債20年,24,5,19,國泰-松江,2023-05-31,8883
1727,中華化,18,0,18,國泰-松江,2023-05-31,8883
3653,健策,18,1,17,國泰-松江,2023-05-31,8883
2603,長榮,33,16,17,國泰-松江,2023-05-31,8883
6231,系微,18,2,16,國泰-松江,2023-05-31,8883
3078,僑威,18,2,16,國泰-松江,2023-05-31,8883
3037,欣興,32,16,16,國泰-松江,2023-05-31,8883
1232,大統益,15,0,15,國泰-松江,2023-05-31,8883
3017,奇鋐,18,3,15,國泰-松江,2023-05-31,8883
2882,國泰金,19,4,15,國泰-松江,2023-05-31,8883
00923,群益台ESG低碳50,15,0,15,國泰-松江,2023-05-31,8883
5312,寶島科,15,0,15,國泰-松江,2023-05-31,8883
0056,元大高股息,76,62,14,國泰-松江,2023-05-31,8883
6218,豪勉,16,2,14,國泰-松江,2023-05-31,8883
2481,強茂,14,0,14,國泰-松江,2023-05-31,8883
3594,磐儀,32,18,14,國泰-松江,2023-05-31,8883
00680L,元大美債20正2,253,39,214,國泰-松江,2023-06-01,8883
00688L,國泰20年美債正2,205,50,155,國泰-松江,2023-06-01,8883
00715L,期街口布蘭特正2,129,19,110,國泰-松江,2023-06-01,8883
2888,新光金,111,5,106,國泰-松江,2023-06-01,8883
2610,華航,260,183,77,國泰-松江,2023-06-01,8883
3013,晟銘電,143,68,75,國泰-松江,2023-06-01,8883
00764B,群益25年美債,60,0,60,國泰-松江,2023-06-01,8883
2388,威盛,59,6,53,國泰-松江,2023-06-01,8883
2323,中環,77,25,52,國泰-松江,2023-06-01,8883
5225,東科-KY,50,0,50,國泰-松江,2023-06-01,8883
6282,康舒,162,114,48,國泰-松江,2023-06-01,8883
00633L,富邦上証正2,50,2,48,國泰-松江,2023-06-01,8883
2455,全新,54,8,46,國泰-松江,2023-06-01,8883
6535,順藥,44,0,44,國泰-松江,2023-06-01,8883
4979,華星光,72,30,42,國泰-松江,2023-06-01,8883
00662,富邦NASDAQ,37,0,37,國泰-松江,2023-06-01,8883
00919,群益台灣精選高息,38,1,37,國泰-松江,2023-06-01,8883
4763,材料-KY,56,21,35,國泰-松江,2023-06-01,8883
2371,大同,92,59,33,國泰-松江,2023-06-01,8883
00679B,元大美債20年,41,12,29,國泰-松江,2023-06-01,8883
2368,金像電,31,3,28,國泰-松江,2023-06-01,8883
3704,合勤控,28,0,28,國泰-松江,2023-06-01,8883
2312,金寶,28,0,28,國泰-松江,2023-06-01,8883
2303,聯電,32,5,27,國泰-松江,2023-06-01,8883
00772B,中信高評級公司債,30,5,25,國泰-松江,2023-06-01,8883
5312,寶島科,25,0,25,國泰-松江,2023-06-01,8883
00751B,元大AAA至A公司債,28,4,24,國泰-松江,2023-06-01,8883
2428,興勤,22,0,22,國泰-松江,2023-06-01,8883
00795B,中信美國公債20年,49,28,21,國泰-松江,2023-06-01,8883
1605,華新,26,6,20,國泰-松江,2023-06-01,8883
00885,富邦越南,30,10,20,國泰-松江,2023-06-01,8883
3363,上詮,68,48,20,國泰-松江,2023-06-01,8883
6695,芯鼎,20,0,20,國泰-松江,2023-06-01,8883
3714,富采,23,3,20,國泰-松江,2023-06-01,8883
4916,事欣科,19,0,19,國泰-松江,2023-06-01,8883
00882,中信中國高股息,94,76,18,國泰-松江,2023-06-01,8883
00671R,富邦NASDAQ反1,19,1,18,國泰-松江,2023-06-01,8883
00642U,期元大S＆P石油,17,0,17,國泰-松江,2023-06-01,8883
2332,友訊,19,2,17,國泰-松江,2023-06-01,8883
6244,茂迪,26,10,16,國泰-松江,2023-06-01,8883
00637L,元大滬深300正2,38,22,16,國泰-松江,2023-06-01,8883
2308,台達電,16,0,16,國泰-松江,2023-06-01,8883
2881,富邦金,15,0,15,國泰-松江,2023-06-01,8883
2457,飛宏,185,171,14,國泰-松江,2023-06-01,8883
2449,京元電子,21,6,15,國泰-松江,2023-06-01,8883
2603,長榮,25,12,13,國泰-松江,2023-06-01,8883
2637,慧洋-KY,18,5,13,國泰-松江,2023-06-01,8883
6122,擎邦,30,17,13,國泰-松江,2023-06-01,8883
00923,群益台ESG低碳50,12,0,12,國泰-松江,2023-06-01,8883
2892,第一金,12,0,12,國泰-松江,2023-06-01,8883
2610,華航,372,240,132,國泰-松江,2023-06-02,8883
1905,華紙,375,271,104,國泰-松江,2023-06-02,8883
8044,網家,102,0,102,國泰-松江,2023-06-02,8883
00712,復華富時不動產,148,55,93,國泰-松江,2023-06-02,8883
5225,東科-KY,92,1,91,國泰-松江,2023-06-02,8883
3231,緯創,473,384,89,國泰-松江,2023-06-02,8883
4763,材料-KY,106,18,88,國泰-松江,2023-06-02,8883
6185,幃翔,179,95,84,國泰-松江,2023-06-02,8883
3013,晟銘電,112,39,73,國泰-松江,2023-06-02,8883
2408,南亞科,80,9,71,國泰-松江,2023-06-02,8883
00679B,元大美債20年,57,0,57,國泰-松江,2023-06-02,8883
4977,眾達-KY,50,2,48,國泰-松江,2023-06-02,8883
6733,博晟生醫,49,3,46,國泰-松江,2023-06-02,8883
2356,英業達,78,37,41,國泰-松江,2023-06-02,8883
2211,長榮鋼,40,0,40,國泰-松江,2023-06-02,8883
3362,先進光,42,3,39,國泰-松江,2023-06-02,8883
00919,群益台灣精選高息,56,18,38,國泰-松江,2023-06-02,8883
8114,振樺電,33,0,33,國泰-松江,2023-06-02,8883
6190,萬泰科,38,5,33,國泰-松江,2023-06-02,8883
2603,長榮,39,8,31,國泰-松江,2023-06-02,8883
2388,威盛,38,8,30,國泰-松江,2023-06-02,8883
1605,華新,35,8,27,國泰-松江,2023-06-02,8883
8271,宇瞻,36,9,27,國泰-松江,2023-06-02,8883
2323,中環,97,71,26,國泰-松江,2023-06-02,8883
2359,所羅門,56,30,26,國泰-松江,2023-06-02,8883
2455,全新,30,5,25,國泰-松江,2023-06-02,8883
5871,中租-KY,26,2,24,國泰-松江,2023-06-02,8883
2882,國泰金,30,6,24,國泰-松江,2023-06-02,8883
00637L,元大滬深300正2,26,2,24,國泰-松江,2023-06-02,8883
1727,中華化,39,16,23,國泰-松江,2023-06-02,8883
1760,寶齡富錦,22,0,22,國泰-松江,2023-06-02,8883
3515,華擎,30,8,22,國泰-松江,2023-06-02,8883
2421,建準,64,42,22,國泰-松江,2023-06-02,8883
2489,瑞軒,45,24,21,國泰-松江,2023-06-02,8883
6143,振曜,21,1,20,國泰-松江,2023-06-02,8883
1701,中化,20,0,20,國泰-松江,2023-06-02,8883
3443,創意,21,1,20,國泰-松江,2023-06-02,8883
3017,奇鋐,33,14,19,國泰-松江,2023-06-02,8883
1904,正隆,39,20,19,國泰-松江,2023-06-02,8883
2332,友訊,18,0,18,國泰-松江,2023-06-02,8883
00687B,國泰20年美債,22,5,17,國泰-松江,2023-06-02,8883
3047,訊舟,29,12,17,國泰-松江,2023-06-02,8883
6558,興能高,18,1,17,國泰-松江,2023-06-02,8883
00757,統一FANG+,17,0,17,國泰-松江,2023-06-02,8883
4958,臻鼎-KY,17,0,17,國泰-松江,2023-06-02,8883
8210,勤誠,27,12,15,國泰-松江,2023-06-02,8883
3228,金麗科,15,0,15,國泰-松江,2023-06-02,8883
1104,環泥,15,0,15,國泰-松江,2023-06-02,8883
8930,青鋼,15,0,15,國泰-松江,2023-06-02,8883
6426,統新,14,0,14,國泰-松江,2023-06-02,8883
1611,中電,200,2,198,國泰-松江,2023-06-05,8883
00665L,富邦�琤肭磪囓�2,186,0,186,國泰-松江,2023-06-05,8883
2867,三商壽,180,26,154,國泰-松江,2023-06-05,8883
00680L,元大美債20正2,96,0,96,國泰-松江,2023-06-05,8883
00921,兆豐龍頭等權重,84,0,84,國泰-松江,2023-06-05,8883
6188,廣明,98,23,75,國泰-松江,2023-06-05,8883
2408,南亞科,76,1,75,國泰-松江,2023-06-05,8883
00679B,元大美債20年,79,7,72,國泰-松江,2023-06-05,8883
6282,康舒,278,207,71,國泰-松江,2023-06-05,8883
2313,華通,66,0,66,國泰-松江,2023-06-05,8883
00720B,元大投資級公司債,63,0,63,國泰-松江,2023-06-05,8883
00673R,期元大S＆P原油反1,61,0,61,國泰-松江,2023-06-05,8883
2486,一詮,140,83,57,國泰-松江,2023-06-05,8883
00772B,中信高評級公司債,59,2,57,國泰-松江,2023-06-05,8883
00919,群益台灣精選高息,55,0,55,國泰-松江,2023-06-05,8883
6215,和椿,57,4,53,國泰-松江,2023-06-05,8883
00712,復華富時不動產,52,0,52,國泰-松江,2023-06-05,8883
3706,神達,63,11,52,國泰-松江,2023-06-05,8883
2371,大同,62,13,49,國泰-松江,2023-06-05,8883
3481,群創,169,120,49,國泰-松江,2023-06-05,8883
2515,中工,88,44,44,國泰-松江,2023-06-05,8883
4906,正文,98,54,44,國泰-松江,2023-06-05,8883
2618,長榮航,194,153,41,國泰-松江,2023-06-05,8883
4916,事欣科,77,36,41,國泰-松江,2023-06-05,8883
00637L,元大滬深300正2,42,2,40,國泰-松江,2023-06-05,8883
00713,元大台灣高息低波,57,19,38,國泰-松江,2023-06-05,8883
1529,樂事綠能,68,30,38,國泰-松江,2023-06-05,8883
5225,東科-KY,37,0,37,國泰-松江,2023-06-05,8883
4908,前鼎,37,0,37,國泰-松江,2023-06-05,8883
2913,農林,40,5,35,國泰-松江,2023-06-05,8883
3715,定穎投控,62,27,35,國泰-松江,2023-06-05,8883
2330,台積電,35,1,34,國泰-松江,2023-06-05,8883
1513,中興電,51,18,33,國泰-松江,2023-06-05,8883
3625,西勝,31,0,31,國泰-松江,2023-06-05,8883
3025,星通,47,16,31,國泰-松江,2023-06-05,8883
2312,金寶,31,2,29,國泰-松江,2023-06-05,8883
00687B,國泰20年美債,37,9,28,國泰-松江,2023-06-05,8883
0056,元大高股息,111,83,28,國泰-松江,2023-06-05,8883
8027,鈦昇,27,0,27,國泰-松江,2023-06-05,8883
00882,中信中國高股息,49,23,26,國泰-松江,2023-06-05,8883
4763,材料-KY,38,12,26,國泰-松江,2023-06-05,8883
2332,友訊,30,5,25,國泰-松江,2023-06-05,8883
6167,久正,26,1,25,國泰-松江,2023-06-05,8883
3260,威剛,27,3,24,國泰-松江,2023-06-05,8883
2609,陽明,30,6,24,國泰-松江,2023-06-05,8883
2634,漢翔,84,61,23,國泰-松江,2023-06-05,8883
6806,森崴能源,35,12,23,國泰-松江,2023-06-05,8883
1711,永光,95,73,22,國泰-松江,2023-06-05,8883
8222,寶一,33,11,22,國泰-松江,2023-06-05,8883
2014,中鴻,31,10,21,國泰-松江,2023-06-05,8883
2886,兆豐金,261,1,260,國泰-松江,2023-06-06,8883
6116,彩晶,233,31,202,國泰-松江,2023-06-06,8883
5009,榮剛,221,22,199,國泰-松江,2023-06-06,8883
3346,麗清,155,42,113,國泰-松江,2023-06-06,8883
00679B,元大美債20年,118,6,112,國泰-松江,2023-06-06,8883
00919,群益台灣精選高息,82,0,82,國泰-松江,2023-06-06,8883
4977,眾達-KY,92,16,76,國泰-松江,2023-06-06,8883
2402,毅嘉,161,85,76,國泰-松江,2023-06-06,8883
4979,華星光,82,8,74,國泰-松江,2023-06-06,8883
4763,材料-KY,94,30,64,國泰-松江,2023-06-06,8883
2408,南亞科,72,9,63,國泰-松江,2023-06-06,8883
00720B,元大投資級公司債,58,0,58,國泰-松江,2023-06-06,8883
00712,復華富時不動產,48,0,48,國泰-松江,2023-06-06,8883
1609,大亞,258,220,38,國泰-松江,2023-06-06,8883
00713,元大台灣高息低波,41,5,36,國泰-松江,2023-06-06,8883
2014,中鴻,35,0,35,國泰-松江,2023-06-06,8883
2427,三商電,35,4,31,國泰-松江,2023-06-06,8883
2882,國泰金,34,6,28,國泰-松江,2023-06-06,8883
8059,凱碩,28,0,28,國泰-松江,2023-06-06,8883
6244,茂迪,24,0,24,國泰-松江,2023-06-06,8883
3027,盛達,25,1,24,國泰-松江,2023-06-06,8883
2867,三商壽,31,8,23,國泰-松江,2023-06-06,8883
6167,久正,24,1,23,國泰-松江,2023-06-06,8883
6188,廣明,102,79,23,國泰-松江,2023-06-06,8883
1519,華城,45,22,23,國泰-松江,2023-06-06,8883
5388,中磊,26,4,22,國泰-松江,2023-06-06,8883
2352,佳世達,22,1,21,國泰-松江,2023-06-06,8883
3706,神達,33,12,21,國泰-松江,2023-06-06,8883
2913,農林,23,2,21,國泰-松江,2023-06-06,8883
2881,富邦金,21,0,21,國泰-松江,2023-06-06,8883
2332,友訊,23,3,20,國泰-松江,2023-06-06,8883
2892,第一金,20,0,20,國泰-松江,2023-06-06,8883
3058,立德,25,5,20,國泰-松江,2023-06-06,8883
00751B,元大AAA至A公司債,20,0,20,國泰-松江,2023-06-06,8883
2528,皇普,19,0,19,國泰-松江,2023-06-06,8883
6235,華孚,49,30,19,國泰-松江,2023-06-06,8883
1907,永豐餘,87,68,19,國泰-松江,2023-06-06,8883
3260,威剛,18,0,18,國泰-松江,2023-06-06,8883
2634,漢翔,33,15,18,國泰-松江,2023-06-06,8883
2486,一詮,37,20,17,國泰-松江,2023-06-06,8883
1605,華新,35,18,17,國泰-松江,2023-06-06,8883
6535,順藥,20,3,17,國泰-松江,2023-06-06,8883
3376,新日興,23,6,17,國泰-松江,2023-06-06,8883
3033,威健,17,0,17,國泰-松江,2023-06-06,8883
2388,威盛,67,51,16,國泰-松江,2023-06-06,8883
1608,華榮,32,16,16,國泰-松江,2023-06-06,8883
2637,慧洋-KY,16,0,16,國泰-松江,2023-06-06,8883
6215,和椿,16,0,16,國泰-松江,2023-06-06,8883
3081,聯亞,20,6,14,國泰-松江,2023-06-06,8883
8038,長園科,14,0,14,國泰-松江,2023-06-06,8883
00688L,國泰20年美債正2,100,0,100,國泰-松江,2023-06-07,8883
5009,榮剛,100,16,84,國泰-松江,2023-06-07,8883
2483,百容,80,0,80,國泰-松江,2023-06-07,8883
3673,TPK-KY,70,8,62,國泰-松江,2023-06-07,8883
2882,國泰金,67,8,59,國泰-松江,2023-06-07,8883
00878,國泰永續高股息,156,98,58,國泰-松江,2023-06-07,8883
8076,伍豐,72,21,51,國泰-松江,2023-06-07,8883
6282,康舒,112,62,50,國泰-松江,2023-06-07,8883
00679B,元大美債20年,60,10,50,國泰-松江,2023-06-07,8883
2610,華航,72,25,47,國泰-松江,2023-06-07,8883
2515,中工,79,35,44,國泰-松江,2023-06-07,8883
00919,群益台灣精選高息,62,20,42,國泰-松江,2023-06-07,8883
6244,茂迪,45,5,40,國泰-松江,2023-06-07,8883
00670L,富邦NASDAQ正2,39,0,39,國泰-松江,2023-06-07,8883
4763,材料-KY,52,14,38,國泰-松江,2023-06-07,8883
4916,事欣科,43,7,36,國泰-松江,2023-06-07,8883
2457,飛宏,93,59,34,國泰-松江,2023-06-07,8883
2486,一詮,62,30,32,國泰-松江,2023-06-07,8883
3289,宜特,52,20,32,國泰-松江,2023-06-07,8883
4977,眾達-KY,31,0,31,國泰-松江,2023-06-07,8883
1785,光洋科,37,8,29,國泰-松江,2023-06-07,8883
2371,大同,56,28,28,國泰-松江,2023-06-07,8883
3037,欣興,47,20,27,國泰-松江,2023-06-07,8883
3260,威剛,44,18,26,國泰-松江,2023-06-07,8883
2369,菱生,25,0,25,國泰-松江,2023-06-07,8883
2834,臺企銀,29,4,25,國泰-松江,2023-06-07,8883
3704,合勤控,26,2,24,國泰-松江,2023-06-07,8883
2498,宏達電,37,13,24,國泰-松江,2023-06-07,8883
8930,青鋼,25,1,24,國泰-松江,2023-06-07,8883
8046,南電,37,15,22,國泰-松江,2023-06-07,8883
2337,旺宏,21,0,21,國泰-松江,2023-06-07,8883
2615,萬海,28,7,21,國泰-松江,2023-06-07,8883
1313,聯成,21,1,20,國泰-松江,2023-06-07,8883
8210,勤誠,26,6,20,國泰-松江,2023-06-07,8883
5388,中磊,20,1,19,國泰-松江,2023-06-07,8883
3027,盛達,70,51,19,國泰-松江,2023-06-07,8883
00712,復華富時不動產,19,1,18,國泰-松江,2023-06-07,8883
3532,台勝科,22,5,17,國泰-松江,2023-06-07,8883
1802,台玻,18,1,17,國泰-松江,2023-06-07,8883
4720,德淵,17,0,17,國泰-松江,2023-06-07,8883
2427,三商電,28,11,17,國泰-松江,2023-06-07,8883
3058,立德,32,16,16,國泰-松江,2023-06-07,8883
6558,興能高,16,0,16,國泰-松江,2023-06-07,8883
2883,凱基金,20,4,16,國泰-松江,2023-06-07,8883
00927,群益半導體收益,15,0,15,國泰-松江,2023-06-07,8883
2809,京城銀,15,0,15,國泰-松江,2023-06-07,8883
8905,裕國,15,0,15,國泰-松江,2023-06-07,8883
8016,矽創,15,0,15,國泰-松江,2023-06-07,8883
3290,東浦,15,0,15,國泰-松江,2023-06-07,8883
00764B,群益25年美債,14,0,14,國泰-松江,2023-06-07,8883
00720B,元大投資級公司債,2448,20,2428,國泰-松江,2023-06-08,8883
00712,復華富時不動產,563,18,545,國泰-松江,2023-06-08,8883
00671R,富邦NASDAQ反1,418,0,418,國泰-松江,2023-06-08,8883
00665L,富邦�琤肭磪囓�2,267,38,229,國泰-松江,2023-06-08,8883
1609,大亞,391,204,187,國泰-松江,2023-06-08,8883
2882,國泰金,161,3,158,國泰-松江,2023-06-08,8883
00680L,元大美債20正2,138,0,138,國泰-松江,2023-06-08,8883
1605,華新,140,17,123,國泰-松江,2023-06-08,8883
00921,兆豐龍頭等權重,113,0,113,國泰-松江,2023-06-08,8883
2486,一詮,320,220,100,國泰-松江,2023-06-08,8883
00878,國泰永續高股息,240,145,95,國泰-松江,2023-06-08,8883
00679B,元大美債20年,161,77,84,國泰-松江,2023-06-08,8883
00687B,國泰20年美債,91,6,85,國泰-松江,2023-06-08,8883
2344,華邦電,102,18,84,國泰-松江,2023-06-08,8883
3715,定穎投控,72,5,67,國泰-松江,2023-06-08,8883
00673R,期元大S＆P原油反1,64,0,64,國泰-松江,2023-06-08,8883
5225,東科-KY,61,0,61,國泰-松江,2023-06-08,8883
0056,元大高股息,125,68,57,國泰-松江,2023-06-08,8883
6188,廣明,72,15,57,國泰-松江,2023-06-08,8883
00751B,元大AAA至A公司債,52,0,52,國泰-松江,2023-06-08,8883
8927,北基,50,0,50,國泰-松江,2023-06-08,8883
5340,建榮,68,19,49,國泰-松江,2023-06-08,8883
6248,沛波,49,0,49,國泰-松江,2023-06-08,8883
6116,彩晶,49,4,45,國泰-松江,2023-06-08,8883
00919,群益台灣精選高息,68,24,44,國泰-松江,2023-06-08,8883
2884,玉山金,59,15,44,國泰-松江,2023-06-08,8883
00772B,中信高評級公司債,43,1,42,國泰-松江,2023-06-08,8883
5009,榮剛,56,15,41,國泰-松江,2023-06-08,8883
2457,飛宏,97,58,39,國泰-松江,2023-06-08,8883
3325,旭品,89,51,38,國泰-松江,2023-06-08,8883
2615,萬海,76,38,38,國泰-松江,2023-06-08,8883
3037,欣興,68,34,34,國泰-松江,2023-06-08,8883
00927,群益半導體收益,34,0,34,國泰-松江,2023-06-08,8883
2515,中工,44,11,33,國泰-松江,2023-06-08,8883
2382,廣達,52,21,31,國泰-松江,2023-06-08,8883
00885,富邦越南,31,0,31,國泰-松江,2023-06-08,8883
1612,宏泰,54,24,30,國泰-松江,2023-06-08,8883
3711,日月光投控,46,16,30,國泰-松江,2023-06-08,8883
3706,神達,32,3,29,國泰-松江,2023-06-08,8883
00926,凱基全球菁英55,28,0,28,國泰-松江,2023-06-08,8883
8038,長園科,26,0,26,國泰-松江,2023-06-08,8883
00713,元大台灣高息低波,48,22,26,國泰-松江,2023-06-08,8883
1905,華紙,36,12,24,國泰-松江,2023-06-08,8883
2881,富邦金,26,2,24,國泰-松江,2023-06-08,8883
1504,東元,42,20,22,國泰-松江,2023-06-08,8883
6282,康舒,67,46,21,國泰-松江,2023-06-08,8883
5512,力麒,26,5,21,國泰-松江,2023-06-08,8883
00915,凱基優選高股息30,21,0,21,國泰-松江,2023-06-08,8883
6558,興能高,21,0,21,國泰-松江,2023-06-08,8883
00757,統一FANG+,23,3,20,國泰-松江,2023-06-08,8883
00929,復華台灣科技優息,662,16,646,國泰-松江,2023-06-09,8883
00712,復華富時不動產,571,0,571,國泰-松江,2023-06-09,8883
00637L,元大滬深300正2,510,7,503,國泰-松江,2023-06-09,8883
1710,東聯,229,14,215,國泰-松江,2023-06-09,8883
00655L,國泰中國A50正2,202,0,202,國泰-松江,2023-06-09,8883
00671R,富邦NASDAQ反1,200,0,200,國泰-松江,2023-06-09,8883
00715L,期街口布蘭特正2,157,10,147,國泰-松江,2023-06-09,8883
2888,新光金,136,42,94,國泰-松江,2023-06-09,8883
2356,英業達,210,118,92,國泰-松江,2023-06-09,8883
2882,國泰金,83,2,81,國泰-松江,2023-06-09,8883
5009,榮剛,77,1,76,國泰-松江,2023-06-09,8883
1907,永豐餘,85,11,74,國泰-松江,2023-06-09,8883
1560,中砂,77,3,74,國泰-松江,2023-06-09,8883
00919,群益台灣精選高息,71,0,71,國泰-松江,2023-06-09,8883
1609,大亞,160,89,71,國泰-松江,2023-06-09,8883
2485,兆赫,55,0,55,國泰-松江,2023-06-09,8883
1504,東元,75,20,55,國泰-松江,2023-06-09,8883
4977,眾達-KY,48,1,47,國泰-松江,2023-06-09,8883
2610,華航,56,10,46,國泰-松江,2023-06-09,8883
00665L,富邦�琤肭磪囓�2,66,27,39,國泰-松江,2023-06-09,8883
2379,瑞昱,41,2,39,國泰-松江,2023-06-09,8883
3013,晟銘電,44,10,34,國泰-松江,2023-06-09,8883
2884,玉山金,38,5,33,國泰-松江,2023-06-09,8883
8070,長華*,32,0,32,國泰-松江,2023-06-09,8883
4967,十銓,37,10,27,國泰-松江,2023-06-09,8883
5258,虹堡,28,2,26,國泰-松江,2023-06-09,8883
2383,台光電,36,12,24,國泰-松江,2023-06-09,8883
2455,全新,27,4,23,國泰-松江,2023-06-09,8883
00679B,元大美債20年,39,16,23,國泰-松江,2023-06-09,8883
2731,雄獅,59,37,22,國泰-松江,2023-06-09,8883
2352,佳世達,58,36,22,國泰-松江,2023-06-09,8883
3105,穩懋,24,3,21,國泰-松江,2023-06-09,8883
5340,建榮,27,7,20,國泰-松江,2023-06-09,8883
3498,陽程,21,1,20,國泰-松江,2023-06-09,8883
2329,華泰,26,6,20,國泰-松江,2023-06-09,8883
6733,博晟生醫,24,5,19,國泰-松江,2023-06-09,8883
6517,保勝光學,20,1,19,國泰-松江,2023-06-09,8883
6558,興能高,18,0,18,國泰-松江,2023-06-09,8883
1533,車王電,57,39,18,國泰-松江,2023-06-09,8883
2457,飛宏,59,42,17,國泰-松江,2023-06-09,8883
2630,亞航,109,92,17,國泰-松江,2023-06-09,8883
1727,中華化,31,14,17,國泰-松江,2023-06-09,8883
3363,上詮,27,10,17,國泰-松江,2023-06-09,8883
3673,TPK-KY,21,5,16,國泰-松江,2023-06-09,8883
3047,訊舟,15,0,15,國泰-松江,2023-06-09,8883
6535,順藥,15,0,15,國泰-松江,2023-06-09,8883
2615,萬海,18,4,14,國泰-松江,2023-06-09,8883
2353,宏��,25,11,14,國泰-松江,2023-06-09,8883
6415,矽力*-KY,14,0,14,國泰-松江,2023-06-09,8883
5309,系統電,14,0,14,國泰-松江,2023-06-09,8883
2888,新光金,478,261,217,國泰-松江,2023-06-12,8883
2884,玉山金,229,19,210,國泰-松江,2023-06-12,8883
00671R,富邦NASDAQ反1,205,0,205,國泰-松江,2023-06-12,8883
1108,幸福,201,0,201,國泰-松江,2023-06-12,8883
5009,榮剛,225,26,199,國泰-松江,2023-06-12,8883
00715L,期街口布蘭特正2,190,0,190,國泰-松江,2023-06-12,8883
1609,大亞,300,126,174,國泰-松江,2023-06-12,8883
3231,緯創,408,254,154,國泰-松江,2023-06-12,8883
00929,復華台灣科技優息,149,10,139,國泰-松江,2023-06-12,8883
3481,群創,163,45,118,國泰-松江,2023-06-12,8883
5225,東科-KY,110,0,110,國泰-松江,2023-06-12,8883
00919,群益台灣精選高息,93,1,92,國泰-松江,2023-06-12,8883
2882,國泰金,91,3,88,國泰-松江,2023-06-12,8883
2371,大同,95,8,87,國泰-松江,2023-06-12,8883
4979,華星光,151,65,86,國泰-松江,2023-06-12,8883
00712,復華富時不動產,85,11,74,國泰-松江,2023-06-12,8883
3576,聯合再生,90,18,72,國泰-松江,2023-06-12,8883
00632R,元大台灣50反1,78,8,70,國泰-松江,2023-06-12,8883
1815,富喬,58,1,57,國泰-松江,2023-06-12,8883
1710,東聯,53,0,53,國泰-松江,2023-06-12,8883
1762,中化生,45,0,45,國泰-松江,2023-06-12,8883
6733,博晟生醫,45,2,43,國泰-松江,2023-06-12,8883
6133,金橋,50,9,41,國泰-松江,2023-06-12,8883
2501,國建,41,0,41,國泰-松江,2023-06-12,8883
4977,眾達-KY,52,15,37,國泰-松江,2023-06-12,8883
00642U,期元大S＆P石油,34,0,34,國泰-松江,2023-06-12,8883
2206,三陽工業,57,24,33,國泰-松江,2023-06-12,8883
2014,中鴻,32,1,31,國泰-松江,2023-06-12,8883
1727,中華化,37,6,31,國泰-松江,2023-06-12,8883
5425,台半,58,30,28,國泰-松江,2023-06-12,8883
1504,東元,37,9,28,國泰-松江,2023-06-12,8883
6163,華電網,32,5,27,國泰-松江,2023-06-12,8883
1513,中興電,41,16,25,國泰-松江,2023-06-12,8883
3260,威剛,35,9,26,國泰-松江,2023-06-12,8883
6188,廣明,29,7,22,國泰-松江,2023-06-12,8883
6443,元晶,21,0,21,國泰-松江,2023-06-12,8883
00921,兆豐龍頭等權重,21,0,21,國泰-松江,2023-06-12,8883
1810,和成,23,2,21,國泰-松江,2023-06-12,8883
5381,合正,21,0,21,國泰-松江,2023-06-12,8883
8038,長園科,20,0,20,國泰-松江,2023-06-12,8883
3374,精材,47,28,19,國泰-松江,2023-06-12,8883
3105,穩懋,31,12,19,國泰-松江,2023-06-12,8883
2748,雲品,21,2,19,國泰-松江,2023-06-12,8883
1605,華新,121,103,18,國泰-松江,2023-06-12,8883
6122,擎邦,35,17,18,國泰-松江,2023-06-12,8883
2324,仁寶,27,10,17,國泰-松江,2023-06-12,8883
5439,高技,42,25,17,國泰-松江,2023-06-12,8883
2891,中信金,17,0,17,國泰-松江,2023-06-12,8883
2442,新美齊,17,1,16,國泰-松江,2023-06-12,8883
6125,廣運,33,17,16,國泰-松江,2023-06-12,8883
00637L,元大滬深300正2,400,0,400,國泰-松江,2023-06-13,8883
00715L,期街口布蘭特正2,253,1,252,國泰-松江,2023-06-13,8883
2888,新光金,237,31,206,國泰-松江,2023-06-13,8883
00919,群益台灣精選高息,134,3,131,國泰-松江,2023-06-13,8883
00633L,富邦上証正2,90,0,90,國泰-松江,2023-06-13,8883
00712,復華富時不動產,124,60,64,國泰-松江,2023-06-13,8883
2882,國泰金,66,13,53,國泰-松江,2023-06-13,8883
6546,正基,57,6,51,國泰-松江,2023-06-13,8883
00882,中信中國高股息,59,11,48,國泰-松江,2023-06-13,8883
6282,康舒,126,79,47,國泰-松江,2023-06-13,8883
8088,品安,50,5,45,國泰-松江,2023-06-13,8883
3033,威健,39,0,39,國泰-松江,2023-06-13,8883
5258,虹堡,90,52,38,國泰-松江,2023-06-13,8883
1609,大亞,122,84,38,國泰-松江,2023-06-13,8883
2610,華航,65,30,35,國泰-松江,2023-06-13,8883
1560,中砂,67,32,35,國泰-松江,2023-06-13,8883
2371,大同,40,5,35,國泰-松江,2023-06-13,8883
2449,京元電子,123,91,32,國泰-松江,2023-06-13,8883
3715,定穎投控,61,32,29,國泰-松江,2023-06-13,8883
4968,立積,49,21,28,國泰-松江,2023-06-13,8883
6143,振曜,28,1,27,國泰-松江,2023-06-13,8883
4533,協易機,59,33,26,國泰-松江,2023-06-13,8883
00679B,元大美債20年,29,3,26,國泰-松江,2023-06-13,8883
2356,英業達,133,108,25,國泰-松江,2023-06-13,8883
2515,中工,81,56,25,國泰-松江,2023-06-13,8883
3693,營邦,26,2,24,國泰-松江,2023-06-13,8883
00751B,元大AAA至A公司債,23,0,23,國泰-松江,2023-06-13,8883
2206,三陽工業,83,60,23,國泰-松江,2023-06-13,8883
3078,僑威,108,85,23,國泰-松江,2023-06-13,8883
3024,憶聲,22,0,22,國泰-松江,2023-06-13,8883
6244,茂迪,22,1,21,國泰-松江,2023-06-13,8883
2615,萬海,22,1,21,國泰-松江,2023-06-13,8883
00642U,期元大S＆P石油,20,0,20,國泰-松江,2023-06-13,8883
5381,合正,19,0,19,國泰-松江,2023-06-13,8883
3607,谷崧,18,0,18,國泰-松江,2023-06-13,8883
6683,雍智科技,18,0,18,國泰-松江,2023-06-13,8883
2308,台達電,23,6,17,國泰-松江,2023-06-13,8883
3624,光頡,18,1,17,國泰-松江,2023-06-13,8883
5425,台半,36,19,17,國泰-松江,2023-06-13,8883
1310,台苯,16,0,16,國泰-松江,2023-06-13,8883
9941A,裕融甲特,22,6,16,國泰-松江,2023-06-13,8883
00676R,富邦臺灣加權反1,15,0,15,國泰-松江,2023-06-13,8883
5490,同亨,15,0,15,國泰-松江,2023-06-13,8883
6517,保勝光學,22,7,15,國泰-松江,2023-06-13,8883
3013,晟銘電,24,10,14,國泰-松江,2023-06-13,8883
3563,牧德,15,1,14,國泰-松江,2023-06-13,8883
00687B,國泰20年美債,15,2,13,國泰-松江,2023-06-13,8883
2731,雄獅,26,13,13,國泰-松江,2023-06-13,8883
00646,元大S＆P500,13,0,13,國泰-松江,2023-06-13,8883
6285,啟��,17,4,13,國泰-松江,2023-06-13,8883
00919,群益台灣精選高息,478,25,453,國泰-松江,2023-06-14,8883
00637L,元大滬深300正2,412,12,400,國泰-松江,2023-06-14,8883
1513,中興電,319,16,303,國泰-松江,2023-06-14,8883
00688L,國泰20年美債正2,295,0,295,國泰-松江,2023-06-14,8883
1611,中電,180,13,167,國泰-松江,2023-06-14,8883
2867,三商壽,140,0,140,國泰-松江,2023-06-14,8883
2356,英業達,284,153,131,國泰-松江,2023-06-14,8883
00665L,富邦�琤肭磪囓�2,100,3,97,國泰-松江,2023-06-14,8883
4979,華星光,109,13,96,國泰-松江,2023-06-14,8883
2607,榮運,96,1,95,國泰-松江,2023-06-14,8883
00712,復華富時不動產,119,32,87,國泰-松江,2023-06-14,8883
5425,台半,120,55,65,國泰-松江,2023-06-14,8883
2888,新光金,118,54,64,國泰-松江,2023-06-14,8883
2887,台新金,63,1,62,國泰-松江,2023-06-14,8883
3078,僑威,112,50,62,國泰-松江,2023-06-14,8883
00680L,元大美債20正2,56,0,56,國泰-松江,2023-06-14,8883
00687B,國泰20年美債,55,3,52,國泰-松江,2023-06-14,8883
1533,車王電,53,2,51,國泰-松江,2023-06-14,8883
3346,麗清,70,19,51,國泰-松江,2023-06-14,8883
2705,六福,86,41,45,國泰-松江,2023-06-14,8883
3711,日月光投控,58,17,41,國泰-松江,2023-06-14,8883
00929,復華台灣科技優息,51,10,41,國泰-松江,2023-06-14,8883
2845,遠東銀,41,0,41,國泰-松江,2023-06-14,8883
00795B,中信美國公債20年,49,11,38,國泰-松江,2023-06-14,8883
6116,彩晶,30,1,29,國泰-松江,2023-06-14,8883
1727,中華化,27,0,27,國泰-松江,2023-06-14,8883
2630,亞航,50,23,27,國泰-松江,2023-06-14,8883
6245,立端,27,1,26,國泰-松江,2023-06-14,8883
00631L,元大台灣50正2,26,0,26,國泰-松江,2023-06-14,8883
00751B,元大AAA至A公司債,25,0,25,國泰-松江,2023-06-14,8883
3563,牧德,26,2,24,國泰-松江,2023-06-14,8883
2317,鴻海,37,13,24,國泰-松江,2023-06-14,8883
6733,博晟生醫,25,2,23,國泰-松江,2023-06-14,8883
00679B,元大美債20年,28,5,23,國泰-松江,2023-06-14,8883
9930,中聯資源,22,0,22,國泰-松江,2023-06-14,8883
1905,華紙,38,16,22,國泰-松江,2023-06-14,8883
6274,台燿,23,2,21,國泰-松江,2023-06-14,8883
4967,十銓,41,21,20,國泰-松江,2023-06-14,8883
3024,憶聲,20,0,20,國泰-松江,2023-06-14,8883
1815,富喬,21,1,20,國泰-松江,2023-06-14,8883
3707,漢磊,22,2,20,國泰-松江,2023-06-14,8883
2324,仁寶,31,12,19,國泰-松江,2023-06-14,8883
3362,先進光,21,2,19,國泰-松江,2023-06-14,8883
00772B,中信高評級公司債,18,0,18,國泰-松江,2023-06-14,8883
00773B,中信優先金融債,18,0,18,國泰-松江,2023-06-14,8883
2495,普安,18,1,17,國泰-松江,2023-06-14,8883
9907,統一實,17,0,17,國泰-松江,2023-06-14,8883
00642U,期元大S＆P石油,18,1,17,國泰-松江,2023-06-14,8883
3025,星通,25,8,17,國泰-松江,2023-06-14,8883
6182,合晶,24,7,17,國泰-松江,2023-06-14,8883
2888,新光金,1049,5,1044,國泰-松江,2023-06-15,8883
00919,群益台灣精選高息,330,4,326,國泰-松江,2023-06-15,8883
00655L,國泰中國A50正2,205,0,205,國泰-松江,2023-06-15,8883
00715L,期街口布蘭特正2,176,3,173,國泰-松江,2023-06-15,8883
00929,復華台灣科技優息,144,5,139,國泰-松江,2023-06-15,8883
00712,復華富時不動產,154,34,120,國泰-松江,2023-06-15,8883
3481,群創,116,4,112,國泰-松江,2023-06-15,8883
1307,三芳,93,9,84,國泰-松江,2023-06-15,8883
1710,東聯,80,1,79,國泰-松江,2023-06-15,8883
2884,玉山金,87,10,77,國泰-松江,2023-06-15,8883
2618,長榮航,972,898,74,國泰-松江,2023-06-15,8883
4979,華星光,102,34,68,國泰-松江,2023-06-15,8883
2607,榮運,63,2,61,國泰-松江,2023-06-15,8883
00706L,期元大S＆P日圓正2,57,0,57,國泰-松江,2023-06-15,8883
00857B,永豐20年美公債,60,3,57,國泰-松江,2023-06-15,8883
2401,凌陽,166,121,45,國泰-松江,2023-06-15,8883
2886,兆豐金,47,4,43,國泰-松江,2023-06-15,8883
2356,英業達,208,165,43,國泰-松江,2023-06-15,8883
1609,大亞,97,54,43,國泰-松江,2023-06-15,8883
00885,富邦越南,48,8,40,國泰-松江,2023-06-15,8883
2317,鴻海,53,15,38,國泰-松江,2023-06-15,8883
3035,智原,57,21,36,國泰-松江,2023-06-15,8883
00882,中信中國高股息,55,21,34,國泰-松江,2023-06-15,8883
3576,聯合再生,59,25,34,國泰-松江,2023-06-15,8883
3017,奇鋐,72,41,31,國泰-松江,2023-06-15,8883
2382,廣達,58,27,31,國泰-松江,2023-06-15,8883
5607,遠雄港,31,0,31,國泰-松江,2023-06-15,8883
5309,系統電,31,2,29,國泰-松江,2023-06-15,8883
00751B,元大AAA至A公司債,28,0,28,國泰-松江,2023-06-15,8883
2352,佳世達,83,56,27,國泰-松江,2023-06-15,8883
2471,資通,35,9,26,國泰-松江,2023-06-15,8883
2308,台達電,30,5,25,國泰-松江,2023-06-15,8883
4967,十銓,68,44,24,國泰-松江,2023-06-15,8883
3356,奇偶,92,69,23,國泰-松江,2023-06-15,8883
8927,北基,23,0,23,國泰-松江,2023-06-15,8883
2705,六福,22,0,22,國泰-松江,2023-06-15,8883
2002,中鋼,25,3,22,國泰-松江,2023-06-15,8883
2301,光寶科,47,25,22,國泰-松江,2023-06-15,8883
00764B,群益25年美債,20,0,20,國泰-松江,2023-06-15,8883
3034,聯詠,22,4,18,國泰-松江,2023-06-15,8883
9941A,裕融甲特,20,2,18,國泰-松江,2023-06-15,8883
3078,僑威,47,29,18,國泰-松江,2023-06-15,8883
2323,中環,17,0,17,國泰-松江,2023-06-15,8883
00642U,期元大S＆P石油,16,0,16,國泰-松江,2023-06-15,8883
1558,伸興,16,0,16,國泰-松江,2023-06-15,8883
8155,博智,16,0,16,國泰-松江,2023-06-15,8883
3046,建��,15,0,15,國泰-松江,2023-06-15,8883
6550,北極星藥業-KY,20,5,15,國泰-松江,2023-06-15,8883
8147,正淩,34,19,15,國泰-松江,2023-06-15,8883
4770,上品,15,1,14,國泰-松江,2023-06-15,8883
2610,華航,1518,1042,476,國泰-松江,2023-06-16,8883
2834,臺企銀,303,3,300,國泰-松江,2023-06-16,8883
1605,華新,448,160,288,國泰-松江,2023-06-16,8883
00919,群益台灣精選高息,349,89,260,國泰-松江,2023-06-16,8883
2886,兆豐金,212,4,208,國泰-松江,2023-06-16,8883
00671R,富邦NASDAQ反1,205,0,205,國泰-松江,2023-06-16,8883
3706,神達,224,89,135,國泰-松江,2023-06-16,8883
1609,大亞,209,90,119,國泰-松江,2023-06-16,8883
2882,國泰金,115,6,109,國泰-松江,2023-06-16,8883
2317,鴻海,120,31,89,國泰-松江,2023-06-16,8883
1907,永豐餘,84,3,81,國泰-松江,2023-06-16,8883
3217,優群,88,16,72,國泰-松江,2023-06-16,8883
2371,大同,353,282,71,國泰-松江,2023-06-16,8883
5351,鈺創,56,1,55,國泰-松江,2023-06-16,8883
2880,華南金,55,0,55,國泰-松江,2023-06-16,8883
3325,旭品,152,100,52,國泰-松江,2023-06-16,8883
2201,裕隆,106,55,51,國泰-松江,2023-06-16,8883
1504,東元,100,52,48,國泰-松江,2023-06-16,8883
2356,英業達,208,164,44,國泰-松江,2023-06-16,8883
4979,華星光,150,107,43,國泰-松江,2023-06-16,8883
2331,精英,54,14,40,國泰-松江,2023-06-16,8883
5880,合庫金,37,0,37,國泰-松江,2023-06-16,8883
4916,事欣科,44,8,36,國泰-松江,2023-06-16,8883
4147,中裕,35,1,34,國泰-松江,2023-06-16,8883
00929,復華台灣科技優息,54,22,32,國泰-松江,2023-06-16,8883
3481,群創,42,10,32,國泰-松江,2023-06-16,8883
2301,光寶科,44,12,32,國泰-松江,2023-06-16,8883
2883,凱基金,41,9,32,國泰-松江,2023-06-16,8883
6167,久正,42,10,32,國泰-松江,2023-06-16,8883
2888,新光金,139,108,31,國泰-松江,2023-06-16,8883
00639,富邦深100,30,0,30,國泰-松江,2023-06-16,8883
3032,偉訓,45,16,29,國泰-松江,2023-06-16,8883
6770,力積電,32,5,27,國泰-松江,2023-06-16,8883
1522,堤維西,52,25,27,國泰-松江,2023-06-16,8883
2881,富邦金,28,2,26,國泰-松江,2023-06-16,8883
2801,彰銀,25,0,25,國泰-松江,2023-06-16,8883
2913,農林,30,5,25,國泰-松江,2023-06-16,8883
2308,台達電,34,10,24,國泰-松江,2023-06-16,8883
5388,中磊,24,0,24,國泰-松江,2023-06-16,8883
00636,國泰中國A50,22,0,22,國泰-松江,2023-06-16,8883
5425,台半,38,17,21,國泰-松江,2023-06-16,8883
1810,和成,21,0,21,國泰-松江,2023-06-16,8883
6743,安普新,32,11,21,國泰-松江,2023-06-16,8883
00923,群益台ESG低碳50,21,0,21,國泰-松江,2023-06-16,8883
00921,兆豐龍頭等權重,21,0,21,國泰-松江,2023-06-16,8883
2515,中工,41,21,20,國泰-松江,2023-06-16,8883
00712,復華富時不動產,85,65,20,國泰-松江,2023-06-16,8883
2528,皇普,20,0,20,國泰-松江,2023-06-16,8883
8358,金居,20,0,20,國泰-松江,2023-06-16,8883
00720B,元大投資級公司債,23,3,20,國泰-松江,2023-06-16,8883
00882,中信中國高股息,239,11,228,國泰-松江,2023-06-19,8883
6116,彩晶,395,225,170,國泰-松江,2023-06-19,8883
00665L,富邦�琤肭磪囓�2,160,15,145,國泰-松江,2023-06-19,8883
2312,金寶,142,14,128,國泰-松江,2023-06-19,8883
00929,復華台灣科技優息,110,0,110,國泰-松江,2023-06-19,8883
00632R,元大台灣50反1,109,37,72,國泰-松江,2023-06-19,8883
1513,中興電,164,92,72,國泰-松江,2023-06-19,8883
2886,兆豐金,128,66,62,國泰-松江,2023-06-19,8883
00878,國泰永續高股息,119,58,61,國泰-松江,2023-06-19,8883
00712,復華富時不動產,115,55,60,國泰-松江,2023-06-19,8883
2528,皇普,55,0,55,國泰-松江,2023-06-19,8883
4919,新唐,53,2,51,國泰-松江,2023-06-19,8883
6282,康舒,59,10,49,國泰-松江,2023-06-19,8883
00795B,中信美國公債20年,56,8,48,國泰-松江,2023-06-19,8883
00673R,期元大S＆P原油反1,48,0,48,國泰-松江,2023-06-19,8883
1304,台聚,45,2,43,國泰-松江,2023-06-19,8883
2324,仁寶,93,52,41,國泰-松江,2023-06-19,8883
1471,首利,42,1,41,國泰-松江,2023-06-19,8883
00650L,復華香港正2,42,2,40,國泰-松江,2023-06-19,8883
1609,大亞,158,119,39,國泰-松江,2023-06-19,8883
00922,國泰台灣領袖50,40,1,39,國泰-松江,2023-06-19,8883
00713,元大台灣高息低波,43,4,39,國泰-松江,2023-06-19,8883
3046,建��,40,2,38,國泰-松江,2023-06-19,8883
1810,和成,57,20,37,國泰-松江,2023-06-19,8883
2888,新光金,44,7,37,國泰-松江,2023-06-19,8883
2344,華邦電,44,10,34,國泰-松江,2023-06-19,8883
6120,達運,35,2,33,國泰-松江,2023-06-19,8883
1519,華城,72,40,32,國泰-松江,2023-06-19,8883
9907,統一實,31,0,31,國泰-松江,2023-06-19,8883
5009,榮剛,52,23,29,國泰-松江,2023-06-19,8883
2882,國泰金,30,2,28,國泰-松江,2023-06-19,8883
2645,長榮航太,33,7,26,國泰-松江,2023-06-19,8883
1815,富喬,24,1,23,國泰-松江,2023-06-19,8883
8210,勤誠,36,13,23,國泰-松江,2023-06-19,8883
9930,中聯資源,23,0,23,國泰-松江,2023-06-19,8883
2301,光寶科,85,62,23,國泰-松江,2023-06-19,8883
6188,廣明,26,4,22,國泰-松江,2023-06-19,8883
2421,建準,41,19,22,國泰-松江,2023-06-19,8883
00753L,中信中國50正2,34,14,20,國泰-松江,2023-06-19,8883
3202,樺晟,21,1,20,國泰-松江,2023-06-19,8883
6148,驊宏資,28,8,20,國泰-松江,2023-06-19,8883
2104,國際中橡,35,16,19,國泰-松江,2023-06-19,8883
4746,台耀,19,0,19,國泰-松江,2023-06-19,8883
2609,陽明,30,12,18,國泰-松江,2023-06-19,8883
8096,擎亞,17,0,17,國泰-松江,2023-06-19,8883
1218,泰山,20,4,16,國泰-松江,2023-06-19,8883
1301,台塑,16,0,16,國泰-松江,2023-06-19,8883
1584,精剛,29,13,16,國泰-松江,2023-06-19,8883
00706L,期元大S＆P日圓正2,17,1,16,國泰-松江,2023-06-19,8883
4129,聯合,16,0,16,國泰-松江,2023-06-19,8883
2405,輔信,320,39,281,國泰-松江,2023-06-20,8883
3025,星通,161,51,110,國泰-松江,2023-06-20,8883
6116,彩晶,209,105,104,國泰-松江,2023-06-20,8883
00688L,國泰20年美債正2,101,0,101,國泰-松江,2023-06-20,8883
00712,復華富時不動產,102,10,92,國泰-松江,2023-06-20,8883
3231,緯創,313,225,88,國泰-松江,2023-06-20,8883
5009,榮剛,89,1,88,國泰-松江,2023-06-20,8883
2401,凌陽,88,7,81,國泰-松江,2023-06-20,8883
00713,元大台灣高息低波,107,27,80,國泰-松江,2023-06-20,8883
00665L,富邦�琤肭磪囓�2,78,3,75,國泰-松江,2023-06-20,8883
0056,元大高股息,213,154,59,國泰-松江,2023-06-20,8883
1810,和成,70,13,57,國泰-松江,2023-06-20,8883
00929,復華台灣科技優息,52,0,52,國泰-松江,2023-06-20,8883
1560,中砂,52,12,40,國泰-松江,2023-06-20,8883
2340,台亞,55,16,39,國泰-松江,2023-06-20,8883
7402,邑錡,42,5,37,國泰-松江,2023-06-20,8883
2504,國產,34,0,34,國泰-松江,2023-06-20,8883
1802,台玻,35,1,34,國泰-松江,2023-06-20,8883
6282,康舒,48,16,32,國泰-松江,2023-06-20,8883
4968,立積,34,3,31,國泰-松江,2023-06-20,8883
2530,華建,31,0,31,國泰-松江,2023-06-20,8883
2409,友達,64,33,31,國泰-松江,2023-06-20,8883
00687B,國泰20年美債,31,2,29,國泰-松江,2023-06-20,8883
00679B,元大美債20年,30,2,28,國泰-松江,2023-06-20,8883
2528,皇普,27,0,27,國泰-松江,2023-06-20,8883
00650L,復華香港正2,46,19,27,國泰-松江,2023-06-20,8883
2382,廣達,49,22,27,國泰-松江,2023-06-20,8883
6806,森崴能源,26,0,26,國泰-松江,2023-06-20,8883
00632R,元大台灣50反1,35,9,26,國泰-松江,2023-06-20,8883
2454,聯發科,30,4,26,國泰-松江,2023-06-20,8883
3653,健策,27,2,25,國泰-松江,2023-06-20,8883
6217,中探針,47,23,24,國泰-松江,2023-06-20,8883
5905,南仁湖,28,5,23,國泰-松江,2023-06-20,8883
2388,威盛,25,3,22,國泰-松江,2023-06-20,8883
9802,鈺齊-KY,23,1,22,國泰-松江,2023-06-20,8883
2337,旺宏,26,4,22,國泰-松江,2023-06-20,8883
3056,富華新,25,3,22,國泰-松江,2023-06-20,8883
1558,伸興,21,0,21,國泰-松江,2023-06-20,8883
3014,聯陽,21,0,21,國泰-松江,2023-06-20,8883
8929,富堡,20,0,20,國泰-松江,2023-06-20,8883
5388,中磊,22,3,19,國泰-松江,2023-06-20,8883
2739,寒舍,20,1,19,國泰-松江,2023-06-20,8883
00882,中信中國高股息,27,9,18,國泰-松江,2023-06-20,8883
00720B,元大投資級公司債,18,1,17,國泰-松江,2023-06-20,8883
3264,欣銓,18,1,17,國泰-松江,2023-06-20,8883
3260,威剛,28,11,17,國泰-松江,2023-06-20,8883
1528,恩德,37,21,16,國泰-松江,2023-06-20,8883
1522,堤維西,25,9,16,國泰-松江,2023-06-20,8883
3481,群創,126,111,15,國泰-松江,2023-06-20,8883
00631L,元大台灣50正2,16,0,16,國泰-松江,2023-06-20,8883
2618,長榮航,493,184,309,國泰-松江,2023-06-21,8883
00632R,元大台灣50反1,300,17,283,國泰-松江,2023-06-21,8883
1471,首利,285,35,250,國泰-松江,2023-06-21,8883
3202,樺晟,210,36,174,國泰-松江,2023-06-21,8883
2607,榮運,125,4,121,國泰-松江,2023-06-21,8883
3481,群創,380,263,117,國泰-松江,2023-06-21,8883
2609,陽明,130,22,108,國泰-松江,2023-06-21,8883
5225,東科-KY,104,7,97,國泰-松江,2023-06-21,8883
3013,晟銘電,129,35,94,國泰-松江,2023-06-21,8883
00665L,富邦�琤肭磪囓�2,92,0,92,國泰-松江,2023-06-21,8883
5425,台半,113,24,89,國泰-松江,2023-06-21,8883
2371,大同,224,146,78,國泰-松江,2023-06-21,8883
6116,彩晶,165,88,77,國泰-松江,2023-06-21,8883
8358,金居,121,47,74,國泰-松江,2023-06-21,8883
00753L,中信中國50正2,73,0,73,國泰-松江,2023-06-21,8883
00795B,中信美國公債20年,77,7,70,國泰-松江,2023-06-21,8883
1727,中華化,82,18,64,國泰-松江,2023-06-21,8883
00673R,期元大S＆P原油反1,71,15,56,國泰-松江,2023-06-21,8883
3058,立德,52,0,52,國泰-松江,2023-06-21,8883
4503,金雨,52,0,52,國泰-松江,2023-06-21,8883
2337,旺宏,52,0,52,國泰-松江,2023-06-21,8883
00882,中信中國高股息,60,8,52,國泰-松江,2023-06-21,8883
1504,東元,71,20,51,國泰-松江,2023-06-21,8883
3066,李洲,50,0,50,國泰-松江,2023-06-21,8883
3231,緯創,440,391,49,國泰-松江,2023-06-21,8883
6282,康舒,116,70,46,國泰-松江,2023-06-21,8883
2705,六福,192,150,42,國泰-松江,2023-06-21,8883
2301,光寶科,57,16,41,國泰-松江,2023-06-21,8883
00650L,復華香港正2,58,17,41,國泰-松江,2023-06-21,8883
1533,車王電,39,2,37,國泰-松江,2023-06-21,8883
2867,三商壽,45,9,36,國泰-松江,2023-06-21,8883
2017,官田鋼,41,5,36,國泰-松江,2023-06-21,8883
2323,中環,59,25,34,國泰-松江,2023-06-21,8883
2457,飛宏,63,31,32,國泰-松江,2023-06-21,8883
00888,永豐台灣ESG,32,0,32,國泰-松江,2023-06-21,8883
6120,達運,84,53,31,國泰-松江,2023-06-21,8883
00919,群益台灣精選高息,51,20,31,國泰-松江,2023-06-21,8883
6248,沛波,30,0,30,國泰-松江,2023-06-21,8883
2748,雲品,70,41,29,國泰-松江,2023-06-21,8883
1513,中興電,71,44,27,國泰-松江,2023-06-21,8883
2356,英業達,101,75,26,國泰-松江,2023-06-21,8883
5009,榮剛,38,12,26,國泰-松江,2023-06-21,8883
2634,漢翔,258,232,26,國泰-松江,2023-06-21,8883
2313,華通,23,0,23,國泰-松江,2023-06-21,8883
2201,裕隆,22,0,22,國泰-松江,2023-06-21,8883
6605,帝寶,24,2,22,國泰-松江,2023-06-21,8883
4904,遠傳,21,0,21,國泰-松江,2023-06-21,8883
4746,台耀,22,1,21,國泰-松江,2023-06-21,8883
3056,富華新,24,3,21,國泰-松江,2023-06-21,8883
2408,南亞科,17,0,17,國泰-松江,2023-06-21,8883
00637L,元大滬深300正2,524,18,506,國泰-松江,2023-06-26,8883
00632R,元大台灣50反1,334,79,255,國泰-松江,2023-06-26,8883
00688L,國泰20年美債正2,201,7,194,國泰-松江,2023-06-26,8883
9105,泰金寶-DR,198,10,188,國泰-松江,2023-06-26,8883
00633L,富邦上証正2,160,0,160,國泰-松江,2023-06-26,8883
2371,大同,168,56,112,國泰-松江,2023-06-26,8883
3202,樺晟,114,12,102,國泰-松江,2023-06-26,8883
4919,新唐,108,8,100,國泰-松江,2023-06-26,8883
1907,永豐餘,152,57,95,國泰-松江,2023-06-26,8883
2610,華航,224,134,90,國泰-松江,2023-06-26,8883
8358,金居,87,0,87,國泰-松江,2023-06-26,8883
00715L,期街口布蘭特正2,87,2,85,國泰-松江,2023-06-26,8883
3032,偉訓,104,29,75,國泰-松江,2023-06-26,8883
00712,復華富時不動產,74,2,72,國泰-松江,2023-06-26,8883
00929,復華台灣科技優息,69,0,69,國泰-松江,2023-06-26,8883
1504,東元,80,14,66,國泰-松江,2023-06-26,8883
6282,康舒,106,44,62,國泰-松江,2023-06-26,8883
3231,緯創,294,237,57,國泰-松江,2023-06-26,8883
8064,東捷,72,15,57,國泰-松江,2023-06-26,8883
1806,冠軍,55,0,55,國泰-松江,2023-06-26,8883
5225,東科-KY,53,0,53,國泰-松江,2023-06-26,8883
00882,中信中國高股息,94,45,49,國泰-松江,2023-06-26,8883
1605,華新,71,22,49,國泰-松江,2023-06-26,8883
3481,群創,141,92,49,國泰-松江,2023-06-26,8883
6404,通訊-KY,48,0,48,國泰-松江,2023-06-26,8883
4770,上品,48,0,48,國泰-松江,2023-06-26,8883
3715,定穎投控,66,19,47,國泰-松江,2023-06-26,8883
2405,輔信,47,3,44,國泰-松江,2023-06-26,8883
3260,威剛,48,4,44,國泰-松江,2023-06-26,8883
00888,永豐台灣ESG,42,0,42,國泰-松江,2023-06-26,8883
00680L,元大美債20正2,101,60,41,國泰-松江,2023-06-26,8883
2382,廣達,57,17,40,國泰-松江,2023-06-26,8883
00650L,復華香港正2,88,50,38,國泰-松江,2023-06-26,8883
4566,時碩工業,52,14,38,國泰-松江,2023-06-26,8883
00706L,期元大S＆P日圓正2,38,0,38,國泰-松江,2023-06-26,8883
2349,錸德,38,1,37,國泰-松江,2023-06-26,8883
5009,榮剛,39,5,34,國泰-松江,2023-06-26,8883
2453,凌群,38,4,34,國泰-松江,2023-06-26,8883
2603,長榮,55,21,34,國泰-松江,2023-06-26,8883
1337,再生-KY,33,1,32,國泰-松江,2023-06-26,8883
2867,三商壽,30,1,29,國泰-松江,2023-06-26,8883
2369,菱生,29,0,29,國泰-松江,2023-06-26,8883
2331,精英,31,3,28,國泰-松江,2023-06-26,8883
00753L,中信中國50正2,27,0,27,國泰-松江,2023-06-26,8883
6217,中探針,32,6,26,國泰-松江,2023-06-26,8883
4720,德淵,25,0,25,國泰-松江,2023-06-26,8883
1584,精剛,25,0,25,國泰-松江,2023-06-26,8883
3025,星通,40,16,24,國泰-松江,2023-06-26,8883
2427,三商電,73,49,24,國泰-松江,2023-06-26,8883
2330,台積電,31,8,23,國泰-松江,2023-06-26,8883
5009,榮剛,272,97,175,國泰-松江,2023-06-27,8883
2886,兆豐金,132,8,124,國泰-松江,2023-06-27,8883
00878,國泰永續高股息,179,71,108,國泰-松江,2023-06-27,8883
9105,泰金寶-DR,100,0,100,國泰-松江,2023-06-27,8883
0056,元大高股息,213,119,94,國泰-松江,2023-06-27,8883
3687,歐買尬,108,18,90,國泰-松江,2023-06-27,8883
00632R,元大台灣50反1,428,338,90,國泰-松江,2023-06-27,8883
2303,聯電,105,20,85,國泰-松江,2023-06-27,8883
6116,彩晶,92,14,78,國泰-松江,2023-06-27,8883
1513,中興電,204,127,77,國泰-松江,2023-06-27,8883
2884,玉山金,69,1,68,國泰-松江,2023-06-27,8883
6248,沛波,64,0,64,國泰-松江,2023-06-27,8883
1609,大亞,129,76,53,國泰-松江,2023-06-27,8883
00888,永豐台灣ESG,52,0,52,國泰-松江,2023-06-27,8883
3049,精金,51,0,51,國泰-松江,2023-06-27,8883
8064,東捷,48,0,48,國泰-松江,2023-06-27,8883
2607,榮運,50,2,48,國泰-松江,2023-06-27,8883
00919,群益台灣精選高息,61,16,45,國泰-松江,2023-06-27,8883
6176,瑞儀,45,1,44,國泰-松江,2023-06-27,8883
6282,康舒,52,9,43,國泰-松江,2023-06-27,8883
1784,訊聯,49,6,43,國泰-松江,2023-06-27,8883
00900,富邦特選高股息30,43,2,41,國泰-松江,2023-06-27,8883
1301,台塑,39,0,39,國泰-松江,2023-06-27,8883
3011,今皓,51,12,39,國泰-松江,2023-06-27,8883
2340,台亞,117,79,38,國泰-松江,2023-06-27,8883
8076,伍豐,38,3,35,國泰-松江,2023-06-27,8883
3231,緯創,192,157,35,國泰-松江,2023-06-27,8883
2409,友達,36,1,35,國泰-松江,2023-06-27,8883
2002,中鋼,34,0,34,國泰-松江,2023-06-27,8883
3711,日月光投控,46,12,34,國泰-松江,2023-06-27,8883
2705,六福,37,4,33,國泰-松江,2023-06-27,8883
2344,華邦電,51,19,32,國泰-松江,2023-06-27,8883
1504,東元,52,20,32,國泰-松江,2023-06-27,8883
8088,品安,31,0,31,國泰-松江,2023-06-27,8883
1560,中砂,36,5,31,國泰-松江,2023-06-27,8883
4938,和碩,38,7,31,國泰-松江,2023-06-27,8883
3019,亞光,30,0,30,國泰-松江,2023-06-27,8883
00680L,元大美債20正2,30,0,30,國泰-松江,2023-06-27,8883
8038,長園科,31,1,30,國泰-松江,2023-06-27,8883
3149,正達,30,0,30,國泰-松江,2023-06-27,8883
2427,三商電,151,122,29,國泰-松江,2023-06-27,8883
1727,中華化,27,0,27,國泰-松江,2023-06-27,8883
3324,雙鴻,36,9,27,國泰-松江,2023-06-27,8883
2453,凌群,41,15,26,國泰-松江,2023-06-27,8883
3715,定穎投控,30,5,25,國泰-松江,2023-06-27,8883
2323,中環,146,122,24,國泰-松江,2023-06-27,8883
2457,飛宏,54,32,22,國泰-松江,2023-06-27,8883
3038,全台,65,43,22,國泰-松江,2023-06-27,8883
00713,元大台灣高息低波,48,26,22,國泰-松江,2023-06-27,8883
1905,華紙,57,36,21,國泰-松江,2023-06-27,8883
00715L,期街口布蘭特正2,303,4,299,國泰-松江,2023-06-28,8883
1605,華新,309,99,210,國泰-松江,2023-06-28,8883
01003T,兆豐新光R1,194,0,194,國泰-松江,2023-06-28,8883
2371,大同,236,66,170,國泰-松江,2023-06-28,8883
9105,泰金寶-DR,100,0,100,國泰-松江,2023-06-28,8883
00665L,富邦�琤肭磪囓�2,95,0,95,國泰-松江,2023-06-28,8883
5009,榮剛,152,58,94,國泰-松江,2023-06-28,8883
2485,兆赫,80,2,78,國泰-松江,2023-06-28,8883
6664,群翊,60,0,60,國泰-松江,2023-06-28,8883
6116,彩晶,58,1,57,國泰-松江,2023-06-28,8883
4919,新唐,57,0,57,國泰-松江,2023-06-28,8883
2603,長榮,114,76,38,國泰-松江,2023-06-28,8883
3289,宜特,39,2,37,國泰-松江,2023-06-28,8883
5425,台半,41,5,36,國泰-松江,2023-06-28,8883
1471,首利,43,9,34,國泰-松江,2023-06-28,8883
4967,十銓,95,61,34,國泰-松江,2023-06-28,8883
2201,裕隆,62,29,33,國泰-松江,2023-06-28,8883
3011,今皓,42,11,31,國泰-松江,2023-06-28,8883
2312,金寶,31,0,31,國泰-松江,2023-06-28,8883
2106,建大,30,0,30,國泰-松江,2023-06-28,8883
00720B,元大投資級公司債,30,1,29,國泰-松江,2023-06-28,8883
2356,英業達,221,192,29,國泰-松江,2023-06-28,8883
2882,國泰金,39,11,28,國泰-松江,2023-06-28,8883
1301,台塑,28,0,28,國泰-松江,2023-06-28,8883
3715,定穎投控,27,0,27,國泰-松江,2023-06-28,8883
3374,精材,37,10,27,國泰-松江,2023-06-28,8883
1477,聚陽,50,25,25,國泰-松江,2023-06-28,8883
5347,世界,25,0,25,國泰-松江,2023-06-28,8883
5225,東科-KY,42,17,25,國泰-松江,2023-06-28,8883
00764B,群益25年美債,26,2,24,國泰-松江,2023-06-28,8883
5607,遠雄港,24,0,24,國泰-松江,2023-06-28,8883
00753L,中信中國50正2,24,0,24,國泰-松江,2023-06-28,8883
00642U,期元大S＆P石油,24,0,24,國泰-松江,2023-06-28,8883
2412,中華電,26,3,23,國泰-松江,2023-06-28,8883
4121,優盛,46,23,23,國泰-松江,2023-06-28,8883
4533,協易機,27,5,22,國泰-松江,2023-06-28,8883
3693,營邦,29,8,21,國泰-松江,2023-06-28,8883
3576,聯合再生,55,35,20,國泰-松江,2023-06-28,8883
9907,統一實,20,0,20,國泰-松江,2023-06-28,8883
6202,盛群,20,0,20,國泰-松江,2023-06-28,8883
1532,勤美,20,0,20,國泰-松江,2023-06-28,8883
2034,允強,20,0,20,國泰-松江,2023-06-28,8883
6282,康舒,28,9,19,國泰-松江,2023-06-28,8883
2906,高林,34,15,19,國泰-松江,2023-06-28,8883
00919,群益台灣精選高息,29,11,18,國泰-松江,2023-06-28,8883
1504,東元,30,12,18,國泰-松江,2023-06-28,8883
3231,緯創,261,243,18,國泰-松江,2023-06-28,8883
3322,建舜電,17,0,17,國泰-松江,2023-06-28,8883
00650L,復華香港正2,37,20,17,國泰-松江,2023-06-28,8883
1314,中石化,16,0,16,國泰-松江,2023-06-28,8883
2603,長榮,759,314,445,國泰-松江,2023-06-29,8883
2014,中鴻,203,10,193,國泰-松江,2023-06-29,8883
2834,臺企銀,169,1,168,國泰-松江,2023-06-29,8883
2106,建大,120,0,120,國泰-松江,2023-06-29,8883
2618,長榮航,205,112,93,國泰-松江,2023-06-29,8883
3231,緯創,331,243,88,國泰-松江,2023-06-29,8883
00929,復華台灣科技優息,84,2,82,國泰-松江,2023-06-29,8883
2610,華航,173,112,61,國泰-松江,2023-06-29,8883
5009,榮剛,65,4,61,國泰-松江,2023-06-29,8883
3481,群創,99,41,58,國泰-松江,2023-06-29,8883
2324,仁寶,85,32,53,國泰-松江,2023-06-29,8883
9907,統一實,50,0,50,國泰-松江,2023-06-29,8883
4746,台耀,129,81,48,國泰-松江,2023-06-29,8883
2303,聯電,62,15,47,國泰-松江,2023-06-29,8883
5225,東科-KY,48,2,46,國泰-松江,2023-06-29,8883
00650L,復華香港正2,65,19,46,國泰-松江,2023-06-29,8883
2884,玉山金,53,10,43,國泰-松江,2023-06-29,8883
1605,華新,74,34,40,國泰-松江,2023-06-29,8883
2888,新光金,67,28,39,國泰-松江,2023-06-29,8883
00753L,中信中國50正2,46,10,36,國泰-松江,2023-06-29,8883
2419,仲琦,122,87,35,國泰-松江,2023-06-29,8883
2376,技嘉,52,18,34,國泰-松江,2023-06-29,8883
1471,首利,32,0,32,國泰-松江,2023-06-29,8883
4414,如興,40,8,32,國泰-松江,2023-06-29,8883
3707,漢磊,35,5,30,國泰-松江,2023-06-29,8883
4967,十銓,173,143,30,國泰-松江,2023-06-29,8883
2883,凱基金,37,7,30,國泰-松江,2023-06-29,8883
00885,富邦越南,38,9,29,國泰-松江,2023-06-29,8883
2498,宏達電,50,22,28,國泰-松江,2023-06-29,8883
3005,神基,33,6,27,國泰-松江,2023-06-29,8883
6589,台康生技,55,31,24,國泰-松江,2023-06-29,8883
5388,中磊,71,48,23,國泰-松江,2023-06-29,8883
4979,華星光,114,91,23,國泰-松江,2023-06-29,8883
2745,五福,22,0,22,國泰-松江,2023-06-29,8883
2412,中華電,28,6,22,國泰-松江,2023-06-29,8883
00922,國泰台灣領袖50,21,0,21,國泰-松江,2023-06-29,8883
8916,光隆,21,0,21,國泰-松江,2023-06-29,8883
2634,漢翔,30,9,21,國泰-松江,2023-06-29,8883
6657,華安,23,3,20,國泰-松江,2023-06-29,8883
6127,九豪,20,0,20,國泰-松江,2023-06-29,8883
5607,遠雄港,20,0,20,國泰-松江,2023-06-29,8883
00919,群益台灣精選高息,36,17,19,國泰-松江,2023-06-29,8883
8210,勤誠,45,26,19,國泰-松江,2023-06-29,8883
4915,致伸,30,13,17,國泰-松江,2023-06-29,8883
00895,富邦未來車,17,0,17,國泰-松江,2023-06-29,8883
2705,六福,34,17,17,國泰-松江,2023-06-29,8883
6741,91APP*-KY,29,12,17,國泰-松江,2023-06-29,8883
1727,中華化,16,0,16,國泰-松江,2023-06-29,8883
00706L,期元大S＆P日圓正2,16,0,16,國泰-松江,2023-06-29,8883
2211,長榮鋼,19,3,16,國泰-松江,2023-06-29,8883
00680L,元大美債20正2,274,0,274,國泰-松江,2023-06-30,8883
2618,長榮航,186,54,132,國泰-松江,2023-06-30,8883
00712,復華富時不動產,112,10,102,國泰-松江,2023-06-30,8883
00662,富邦NASDAQ,84,0,84,國泰-松江,2023-06-30,8883
2603,長榮,258,176,82,國泰-松江,2023-06-30,8883
4138,曜亞,86,4,82,國泰-松江,2023-06-30,8883
4763,材料-KY,82,7,75,國泰-松江,2023-06-30,8883
00929,復華台灣科技優息,67,0,67,國泰-松江,2023-06-30,8883
00679B,元大美債20年,56,3,53,國泰-松江,2023-06-30,8883
5225,東科-KY,50,0,50,國泰-松江,2023-06-30,8883
2338,光罩,60,13,47,國泰-松江,2023-06-30,8883
00687B,國泰20年美債,48,5,43,國泰-松江,2023-06-30,8883
2455,全新,41,0,41,國泰-松江,2023-06-30,8883
00878,國泰永續高股息,135,95,40,國泰-松江,2023-06-30,8883
2884,玉山金,39,3,36,國泰-松江,2023-06-30,8883
00632R,元大台灣50反1,42,8,34,國泰-松江,2023-06-30,8883
0050,元大台灣50,35,2,33,國泰-松江,2023-06-30,8883
3260,威剛,42,12,30,國泰-松江,2023-06-30,8883
2888,新光金,73,44,29,國泰-松江,2023-06-30,8883
4532,瑞智,31,2,29,國泰-松江,2023-06-30,8883
3017,奇鋐,84,56,28,國泰-松江,2023-06-30,8883
3380,明泰,35,7,28,國泰-松江,2023-06-30,8883
2882,國泰金,29,2,27,國泰-松江,2023-06-30,8883
3711,日月光投控,33,7,26,國泰-松江,2023-06-30,8883
2886,兆豐金,42,16,26,國泰-松江,2023-06-30,8883
3013,晟銘電,64,38,26,國泰-松江,2023-06-30,8883
9105,泰金寶-DR,24,0,24,國泰-松江,2023-06-30,8883
1460,宏遠,22,0,22,國泰-松江,2023-06-30,8883
3217,優群,22,0,22,國泰-松江,2023-06-30,8883
2344,華邦電,24,3,21,國泰-松江,2023-06-30,8883
2324,仁寶,20,0,20,國泰-松江,2023-06-30,8883
2356,英業達,67,47,20,國泰-松江,2023-06-30,8883
4147,中裕,34,14,20,國泰-松江,2023-06-30,8883
2409,友達,21,1,20,國泰-松江,2023-06-30,8883
00751B,元大AAA至A公司債,21,2,19,國泰-松江,2023-06-30,8883
1514,亞力,46,27,19,國泰-松江,2023-06-30,8883
6248,沛波,19,0,19,國泰-松江,2023-06-30,8883
2754,亞洲藏壽司,18,0,18,國泰-松江,2023-06-30,8883
3454,晶睿,18,1,17,國泰-松江,2023-06-30,8883
3034,聯詠,16,0,16,國泰-松江,2023-06-30,8883
00773B,中信優先金融債,16,0,16,國泰-松江,2023-06-30,8883
3346,麗清,42,26,16,國泰-松江,2023-06-30,8883
5353,台林,16,0,16,國泰-松江,2023-06-30,8883
6237,驊訊,16,0,16,國泰-松江,2023-06-30,8883
3011,今皓,20,4,16,國泰-松江,2023-06-30,8883
8255,朋程,16,0,16,國泰-松江,2023-06-30,8883
2457,飛宏,35,20,15,國泰-松江,2023-06-30,8883
00885,富邦越南,26,11,15,國泰-松江,2023-06-30,8883
6127,九豪,18,3,15,國泰-松江,2023-06-30,8883
3045,台灣大,15,0,15,國泰-松江,2023-06-30,8883
2603,長榮,1160,92,1068,國泰-松江,2023-07-03,8883
4414,如興,454,7,447,國泰-松江,2023-07-03,8883
1528,恩德,190,13,177,國泰-松江,2023-07-03,8883
4744,皇將,157,4,153,國泰-松江,2023-07-03,8883
2610,華航,142,18,124,國泰-松江,2023-07-03,8883
00673R,期元大S＆P原油反1,121,0,121,國泰-松江,2023-07-03,8883
3481,群創,119,4,115,國泰-松江,2023-07-03,8883
00662,富邦NASDAQ,105,1,104,國泰-松江,2023-07-03,8883
2331,精英,136,33,103,國泰-松江,2023-07-03,8883
00895,富邦未來車,100,10,90,國泰-松江,2023-07-03,8883
00929,復華台灣科技優息,86,1,85,國泰-松江,2023-07-03,8883
2382,廣達,108,25,83,國泰-松江,2023-07-03,8883
2618,長榮航,282,205,77,國泰-松江,2023-07-03,8883
2303,聯電,67,6,61,國泰-松江,2023-07-03,8883
4503,金雨,66,6,60,國泰-松江,2023-07-03,8883
9907,統一實,66,8,58,國泰-松江,2023-07-03,8883
6217,中探針,58,3,55,國泰-松江,2023-07-03,8883
3231,緯創,210,162,48,國泰-松江,2023-07-03,8883
5009,榮剛,58,11,47,國泰-松江,2023-07-03,8883
00893,國泰智能電動車,114,68,46,國泰-松江,2023-07-03,8883
9802,鈺齊-KY,44,0,44,國泰-松江,2023-07-03,8883
4164,承業醫,49,8,41,國泰-松江,2023-07-03,8883
6190,萬泰科,63,25,38,國泰-松江,2023-07-03,8883
3376,新日興,43,9,34,國泰-松江,2023-07-03,8883
1795,美時,49,16,33,國泰-松江,2023-07-03,8883
3207,耀勝,36,4,32,國泰-松江,2023-07-03,8883
3017,奇鋐,89,59,30,國泰-松江,2023-07-03,8883
3540,曜越,32,3,29,國泰-松江,2023-07-03,8883
1609,大亞,63,36,27,國泰-松江,2023-07-03,8883
2371,大同,75,48,27,國泰-松江,2023-07-03,8883
3035,智原,64,38,26,國泰-松江,2023-07-03,8883
2323,中環,36,11,25,國泰-松江,2023-07-03,8883
6873,泓德能源,22,0,22,國泰-松江,2023-07-03,8883
2206,三陽工業,27,5,22,國泰-松江,2023-07-03,8883
2402,毅嘉,36,15,21,國泰-松江,2023-07-03,8883
2504,國產,30,9,21,國泰-松江,2023-07-03,8883
2409,友達,22,2,20,國泰-松江,2023-07-03,8883
2421,建準,110,91,19,國泰-松江,2023-07-03,8883
3045,台灣大,19,0,19,國泰-松江,2023-07-03,8883
1460,宏遠,20,1,19,國泰-松江,2023-07-03,8883
6576,逸達,19,0,19,國泰-松江,2023-07-03,8883
00919,群益台灣精選高息,39,21,18,國泰-松江,2023-07-03,8883
6138,茂達,18,0,18,國泰-松江,2023-07-03,8883
1477,聚陽,19,1,18,國泰-松江,2023-07-03,8883
2332,友訊,53,36,17,國泰-松江,2023-07-03,8883
5243,乙盛-KY,18,1,17,國泰-松江,2023-07-03,8883
6153,嘉聯益,23,6,17,國泰-松江,2023-07-03,8883
9105,泰金寶-DR,17,0,17,國泰-松江,2023-07-03,8883
6282,康舒,130,113,17,國泰-松江,2023-07-03,8883
2105,正新,18,2,16,國泰-松江,2023-07-03,8883
00919,群益台灣精選高息,454,90,364,國泰-松江,2023-07-04,8883
4414,如興,315,0,315,國泰-松江,2023-07-04,8883
0056,元大高股息,425,161,264,國泰-松江,2023-07-04,8883
2317,鴻海,162,13,149,國泰-松江,2023-07-04,8883
2609,陽明,213,66,147,國泰-松江,2023-07-04,8883
00713,元大台灣高息低波,134,2,132,國泰-松江,2023-07-04,8883
5225,東科-KY,128,0,128,國泰-松江,2023-07-04,8883
3704,合勤控,275,159,116,國泰-松江,2023-07-04,8883
1304,台聚,100,6,94,國泰-松江,2023-07-04,8883
3363,上詮,137,52,85,國泰-松江,2023-07-04,8883
2382,廣達,150,75,75,國泰-松江,2023-07-04,8883
6288,聯嘉,73,4,69,國泰-松江,2023-07-04,8883
2888,新光金,70,2,68,國泰-松江,2023-07-04,8883
6282,康舒,263,198,65,國泰-松江,2023-07-04,8883
2607,榮運,102,51,51,國泰-松江,2023-07-04,8883
2603,長榮,466,415,51,國泰-松江,2023-07-04,8883
2882,國泰金,53,6,47,國泰-松江,2023-07-04,8883
4938,和碩,45,0,45,國泰-松江,2023-07-04,8883
1301,台塑,41,0,41,國泰-松江,2023-07-04,8883
6548,長科*,37,1,36,國泰-松江,2023-07-04,8883
2486,一詮,69,34,35,國泰-松江,2023-07-04,8883
2501,國建,30,0,30,國泰-松江,2023-07-04,8883
2399,映泰,59,33,26,國泰-松江,2023-07-04,8883
1795,美時,35,9,26,國泰-松江,2023-07-04,8883
1711,永光,27,2,25,國泰-松江,2023-07-04,8883
1314,中石化,24,0,24,國泰-松江,2023-07-04,8883
1504,東元,52,28,24,國泰-松江,2023-07-04,8883
3661,世芯-KY,41,18,23,國泰-松江,2023-07-04,8883
3231,緯創,169,148,21,國泰-松江,2023-07-04,8883
2515,中工,25,5,20,國泰-松江,2023-07-04,8883
6166,凌華,27,7,20,國泰-松江,2023-07-04,8883
6125,廣運,22,2,20,國泰-松江,2023-07-04,8883
1101,台泥,27,7,20,國泰-松江,2023-07-04,8883
6138,茂達,19,0,19,國泰-松江,2023-07-04,8883
00921,兆豐龍頭等權重,17,0,17,國泰-松江,2023-07-04,8883
5009,榮剛,65,49,16,國泰-松江,2023-07-04,8883
2308,台達電,26,9,17,國泰-松江,2023-07-04,8883
3563,牧德,16,0,16,國泰-松江,2023-07-04,8883
6689,伊雲谷,15,0,15,國泰-松江,2023-07-04,8883
00712,復華富時不動產,17,2,15,國泰-松江,2023-07-04,8883
1460,宏遠,15,0,15,國泰-松江,2023-07-04,8883
3481,群創,20,5,15,國泰-松江,2023-07-04,8883
2891,中信金,15,1,14,國泰-松江,2023-07-04,8883
2301,光寶科,48,35,13,國泰-松江,2023-07-04,8883
8110,華東,13,0,13,國泰-松江,2023-07-04,8883
3078,僑威,29,16,13,國泰-松江,2023-07-04,8883
1513,中興電,35,23,12,國泰-松江,2023-07-04,8883
6414,樺漢,13,1,12,國泰-松江,2023-07-04,8883
4533,協易機,12,0,12,國泰-松江,2023-07-04,8883
1611,中電,17,5,12,國泰-松江,2023-07-04,8883
00637L,元大滬深300正2,856,422,434,國泰-松江,2023-07-05,8883
2603,長榮,552,119,433,國泰-松江,2023-07-05,8883
2438,翔耀,249,0,249,國泰-松江,2023-07-05,8883
2609,陽明,315,159,156,國泰-松江,2023-07-05,8883
0056,元大高股息,217,61,156,國泰-松江,2023-07-05,8883
00673R,期元大S＆P原油反1,141,0,141,國泰-松江,2023-07-05,8883
5225,東科-KY,121,0,121,國泰-松江,2023-07-05,8883
00929,復華台灣科技優息,105,21,84,國泰-松江,2023-07-05,8883
2317,鴻海,75,2,73,國泰-松江,2023-07-05,8883
2886,兆豐金,90,19,71,國泰-松江,2023-07-05,8883
2303,聯電,72,4,68,國泰-松江,2023-07-05,8883
2105,正新,62,0,62,國泰-松江,2023-07-05,8883
2867,三商壽,61,0,61,國泰-松江,2023-07-05,8883
00665L,富邦�琤肭磪囓�2,51,1,50,國泰-松江,2023-07-05,8883
1101,台泥,51,2,49,國泰-松江,2023-07-05,8883
2515,中工,49,2,47,國泰-松江,2023-07-05,8883
3706,神達,67,22,45,國泰-松江,2023-07-05,8883
00650L,復華香港正2,46,2,44,國泰-松江,2023-07-05,8883
1103,嘉泥,40,0,40,國泰-松江,2023-07-05,8883
2610,華航,63,25,38,國泰-松江,2023-07-05,8883
6282,康舒,148,115,33,國泰-松江,2023-07-05,8883
3374,精材,59,27,32,國泰-松江,2023-07-05,8883
3515,華擎,63,32,31,國泰-松江,2023-07-05,8883
2369,菱生,61,33,28,國泰-松江,2023-07-05,8883
2301,光寶科,50,22,28,國泰-松江,2023-07-05,8883
4960,誠美材,26,0,26,國泰-松江,2023-07-05,8883
6548,長科*,28,2,26,國泰-松江,2023-07-05,8883
2419,仲琦,27,3,24,國泰-松江,2023-07-05,8883
6411,晶焱,24,0,24,國泰-松江,2023-07-05,8883
2356,英業達,117,93,24,國泰-松江,2023-07-05,8883
3607,谷崧,23,0,23,國泰-松江,2023-07-05,8883
00882,中信中國高股息,25,3,22,國泰-松江,2023-07-05,8883
00888,永豐台灣ESG,21,0,21,國泰-松江,2023-07-05,8883
00764B,群益25年美債,22,1,21,國泰-松江,2023-07-05,8883
00795B,中信美國公債20年,26,5,21,國泰-松江,2023-07-05,8883
8938,明安,21,0,21,國泰-松江,2023-07-05,8883
2402,毅嘉,102,81,21,國泰-松江,2023-07-05,8883
1717,長興,20,0,20,國泰-松江,2023-07-05,8883
3325,旭品,26,6,20,國泰-松江,2023-07-05,8883
4720,德淵,20,0,20,國泰-松江,2023-07-05,8883
6603,富強鑫,20,0,20,國泰-松江,2023-07-05,8883
1504,東元,26,7,19,國泰-松江,2023-07-05,8883
8926,台汽電,19,0,19,國泰-松江,2023-07-05,8883
6190,萬泰科,19,0,19,國泰-松江,2023-07-05,8883
2363,矽統,20,3,17,國泰-松江,2023-07-05,8883
00713,元大台灣高息低波,22,4,18,國泰-松江,2023-07-05,8883
3042,晶技,19,1,18,國泰-松江,2023-07-05,8883
00679B,元大美債20年,19,3,16,國泰-松江,2023-07-05,8883
2888,新光金,17,1,16,國泰-松江,2023-07-05,8883
1519,華城,17,1,16,國泰-松江,2023-07-05,8883
4414,如興,432,6,426,國泰-松江,2023-07-06,8883
0056,元大高股息,353,81,272,國泰-松江,2023-07-06,8883
2014,中鴻,209,4,205,國泰-松江,2023-07-06,8883
2618,長榮航,258,53,205,國泰-松江,2023-07-06,8883
2834,臺企銀,206,8,198,國泰-松江,2023-07-06,8883
2886,兆豐金,224,37,187,國泰-松江,2023-07-06,8883
00680L,元大美債20正2,182,0,182,國泰-松江,2023-07-06,8883
00929,復華台灣科技優息,199,18,181,國泰-松江,2023-07-06,8883
2485,兆赫,156,0,156,國泰-松江,2023-07-06,8883
5225,東科-KY,130,0,130,國泰-松江,2023-07-06,8883
00665L,富邦�琤肭磪囓�2,133,10,123,國泰-松江,2023-07-06,8883
3704,合勤控,128,9,119,國泰-松江,2023-07-06,8883
2409,友達,141,35,106,國泰-松江,2023-07-06,8883
2317,鴻海,118,13,105,國泰-松江,2023-07-06,8883
00713,元大台灣高息低波,102,8,94,國泰-松江,2023-07-06,8883
00650L,復華香港正2,117,25,92,國泰-松江,2023-07-06,8883
2882,國泰金,93,2,91,國泰-松江,2023-07-06,8883
5876,上海商銀,92,8,84,國泰-松江,2023-07-06,8883
5009,榮剛,75,3,72,國泰-松江,2023-07-06,8883
2438,翔耀,70,0,70,國泰-松江,2023-07-06,8883
00687B,國泰20年美債,86,17,69,國泰-松江,2023-07-06,8883
3035,智原,144,75,69,國泰-松江,2023-07-06,8883
2883,凱基金,88,21,67,國泰-松江,2023-07-06,8883
00720B,元大投資級公司債,64,1,63,國泰-松江,2023-07-06,8883
2330,台積電,65,3,62,國泰-松江,2023-07-06,8883
3231,緯創,436,377,59,國泰-松江,2023-07-06,8883
3037,欣興,69,10,59,國泰-松江,2023-07-06,8883
2329,華泰,66,8,58,國泰-松江,2023-07-06,8883
6290,良維,72,14,58,國泰-松江,2023-07-06,8883
00882,中信中國高股息,70,13,57,國泰-松江,2023-07-06,8883
2371,大同,156,99,57,國泰-松江,2023-07-06,8883
00888,永豐台灣ESG,52,0,52,國泰-松江,2023-07-06,8883
00712,復華富時不動產,49,0,49,國泰-松江,2023-07-06,8883
00878,國泰永續高股息,160,117,43,國泰-松江,2023-07-06,8883
2002,中鋼,44,2,42,國泰-松江,2023-07-06,8883
0050,元大台灣50,50,9,41,國泰-松江,2023-07-06,8883
00673R,期元大S＆P原油反1,41,0,41,國泰-松江,2023-07-06,8883
4979,華星光,130,90,40,國泰-松江,2023-07-06,8883
3013,晟銘電,278,239,39,國泰-松江,2023-07-06,8883
00679B,元大美債20年,47,9,38,國泰-松江,2023-07-06,8883
3162,精確,37,0,37,國泰-松江,2023-07-06,8883
2888,新光金,35,0,35,國泰-松江,2023-07-06,8883
2419,仲琦,64,30,34,國泰-松江,2023-07-06,8883
2887,台新金,61,28,33,國泰-松江,2023-07-06,8883
6770,力積電,34,0,34,國泰-松江,2023-07-06,8883
9945,潤泰新,55,22,33,國泰-松江,2023-07-06,8883
3060,銘異,41,8,33,國泰-松江,2023-07-06,8883
3711,日月光投控,48,15,33,國泰-松江,2023-07-06,8883
2880,華南金,33,2,31,國泰-松江,2023-07-06,8883
1303,南亞,32,1,31,國泰-松江,2023-07-06,8883
0056,元大高股息,606,80,526,國泰-松江,2023-07-07,8883
00632R,元大台灣50反1,747,373,374,國泰-松江,2023-07-07,8883
2888,新光金,207,28,179,國泰-松江,2023-07-07,8883
5225,東科-KY,168,0,168,國泰-松江,2023-07-07,8883
1513,中興電,146,5,141,國泰-松江,2023-07-07,8883
00878,國泰永續高股息,366,240,126,國泰-松江,2023-07-07,8883
00919,群益台灣精選高息,144,24,120,國泰-松江,2023-07-07,8883
3231,緯創,433,317,116,國泰-松江,2023-07-07,8883
00679B,元大美債20年,116,0,116,國泰-松江,2023-07-07,8883
6680,鑫創電子,92,0,92,國泰-松江,2023-07-07,8883
1609,大亞,95,15,80,國泰-松江,2023-07-07,8883
2603,長榮,140,67,73,國泰-松江,2023-07-07,8883
2882,國泰金,72,3,69,國泰-松江,2023-07-07,8883
00772B,中信高評級公司債,67,0,67,國泰-松江,2023-07-07,8883
00713,元大台灣高息低波,71,5,66,國泰-松江,2023-07-07,8883
6288,聯嘉,145,80,65,國泰-松江,2023-07-07,8883
00650L,復華香港正2,104,44,60,國泰-松江,2023-07-07,8883
00680L,元大美債20正2,76,16,60,國泰-松江,2023-07-07,8883
3715,定穎投控,66,8,58,國泰-松江,2023-07-07,8883
1101,台泥,95,39,56,國泰-松江,2023-07-07,8883
2845,遠東銀,52,0,52,國泰-松江,2023-07-07,8883
3260,威剛,65,16,49,國泰-松江,2023-07-07,8883
6116,彩晶,51,3,48,國泰-松江,2023-07-07,8883
00720B,元大投資級公司債,60,13,47,國泰-松江,2023-07-07,8883
00929,復華台灣科技優息,58,11,47,國泰-松江,2023-07-07,8883
00751B,元大AAA至A公司債,47,2,45,國泰-松江,2023-07-07,8883
2340,台亞,68,24,44,國泰-松江,2023-07-07,8883
00882,中信中國高股息,48,5,43,國泰-松江,2023-07-07,8883
00753L,中信中國50正2,55,12,43,國泰-松江,2023-07-07,8883
3363,上詮,73,38,35,國泰-松江,2023-07-07,8883
00773B,中信優先金融債,35,0,35,國泰-松江,2023-07-07,8883
4155,訊映,31,0,31,國泰-松江,2023-07-07,8883
2884,玉山金,38,8,30,國泰-松江,2023-07-07,8883
00687B,國泰20年美債,44,17,27,國泰-松江,2023-07-07,8883
1301,台塑,26,0,26,國泰-松江,2023-07-07,8883
00673R,期元大S＆P原油反1,25,0,25,國泰-松江,2023-07-07,8883
2380,虹光,24,1,23,國泰-松江,2023-07-07,8883
2867,三商壽,25,3,22,國泰-松江,2023-07-07,8883
5289,宜鼎,24,2,22,國泰-松江,2023-07-07,8883
2438,翔耀,22,0,22,國泰-松江,2023-07-07,8883
1218,泰山,22,0,22,國泰-松江,2023-07-07,8883
2409,友達,31,11,20,國泰-松江,2023-07-07,8883
4908,前鼎,25,5,20,國泰-松江,2023-07-07,8883
1504,東元,27,8,19,國泰-松江,2023-07-07,8883
2402,毅嘉,35,17,18,國泰-松江,2023-07-07,8883
5388,中磊,35,19,16,國泰-松江,2023-07-07,8883
8358,金居,22,6,16,國泰-松江,2023-07-07,8883
5347,世界,16,0,16,國泰-松江,2023-07-07,8883
0050,元大台灣50,22,6,16,國泰-松江,2023-07-07,8883
2498,宏達電,18,2,16,國泰-松江,2023-07-07,8883
8069,元太,203,20,183,國泰-松江,2023-07-10,8883
00673R,期元大S＆P原油反1,108,15,93,國泰-松江,2023-07-10,8883
2330,台積電,100,8,92,國泰-松江,2023-07-10,8883
00929,復華台灣科技優息,92,2,90,國泰-松江,2023-07-10,8883
00679B,元大美債20年,88,3,85,國泰-松江,2023-07-10,8883
4532,瑞智,194,118,76,國泰-松江,2023-07-10,8883
2105,正新,77,12,65,國泰-松江,2023-07-10,8883
2603,長榮,124,64,60,國泰-松江,2023-07-10,8883
00680L,元大美債20正2,64,4,60,國泰-松江,2023-07-10,8883
2883,凱基金,72,20,52,國泰-松江,2023-07-10,8883
00687B,國泰20年美債,54,3,51,國泰-松江,2023-07-10,8883
1301,台塑,51,2,49,國泰-松江,2023-07-10,8883
8930,青鋼,54,6,48,國泰-松江,2023-07-10,8883
5225,東科-KY,47,0,47,國泰-松江,2023-07-10,8883
2388,威盛,58,12,46,國泰-松江,2023-07-10,8883
2317,鴻海,54,10,44,國泰-松江,2023-07-10,8883
6505,台塑化,44,0,44,國泰-松江,2023-07-10,8883
2303,聯電,47,6,41,國泰-松江,2023-07-10,8883
5426,振發,42,2,40,國泰-松江,2023-07-10,8883
2329,華泰,47,8,39,國泰-松江,2023-07-10,8883
2888,新光金,142,104,38,國泰-松江,2023-07-10,8883
00882,中信中國高股息,46,9,37,國泰-松江,2023-07-10,8883
3078,僑威,45,8,37,國泰-松江,2023-07-10,8883
9802,鈺齊-KY,39,3,36,國泰-松江,2023-07-10,8883
3380,明泰,37,2,35,國泰-松江,2023-07-10,8883
1218,泰山,33,0,33,國泰-松江,2023-07-10,8883
6120,達運,56,24,32,國泰-松江,2023-07-10,8883
00919,群益台灣精選高息,43,12,31,國泰-松江,2023-07-10,8883
2884,玉山金,32,2,30,國泰-松江,2023-07-10,8883
00688L,國泰20年美債正2,29,0,29,國泰-松江,2023-07-10,8883
3178,公準,29,0,29,國泰-松江,2023-07-10,8883
00772B,中信高評級公司債,29,1,28,國泰-松江,2023-07-10,8883
2609,陽明,79,51,28,國泰-松江,2023-07-10,8883
6733,博晟生醫,27,0,27,國泰-松江,2023-07-10,8883
2457,飛宏,33,6,27,國泰-松江,2023-07-10,8883
3715,定穎投控,73,47,26,國泰-松江,2023-07-10,8883
2845,遠東銀,26,2,24,國泰-松江,2023-07-10,8883
5388,中磊,30,7,23,國泰-松江,2023-07-10,8883
3481,群創,31,9,22,國泰-松江,2023-07-10,8883
2515,中工,22,0,22,國泰-松江,2023-07-10,8883
2501,國建,21,0,21,國泰-松江,2023-07-10,8883
2436,偉詮電,45,25,20,國泰-松江,2023-07-10,8883
6603,富強鑫,20,0,20,國泰-松江,2023-07-10,8883
9938,百和,20,0,20,國泰-松江,2023-07-10,8883
9907,統一實,21,1,20,國泰-松江,2023-07-10,8883
6770,力積電,19,0,19,國泰-松江,2023-07-10,8883
2356,英業達,36,17,19,國泰-松江,2023-07-10,8883
6191,精成科,23,4,19,國泰-松江,2023-07-10,8883
2618,長榮航,66,48,18,國泰-松江,2023-07-10,8883
00857B,永豐20年美公債,19,2,17,國泰-松江,2023-07-10,8883
4770,上品,97,0,97,國泰-松江,2023-07-11,8883
6120,達運,132,56,76,國泰-松江,2023-07-11,8883
2340,台亞,258,185,73,國泰-松江,2023-07-11,8883
2486,一詮,179,107,72,國泰-松江,2023-07-11,8883
6116,彩晶,81,11,70,國泰-松江,2023-07-11,8883
3035,智原,117,47,70,國泰-松江,2023-07-11,8883
1762,中化生,67,0,67,國泰-松江,2023-07-11,8883
0056,元大高股息,122,62,60,國泰-松江,2023-07-11,8883
00632R,元大台灣50反1,77,18,59,國泰-松江,2023-07-11,8883
6142,友勁,55,0,55,國泰-松江,2023-07-11,8883
2607,榮運,57,5,52,國泰-松江,2023-07-11,8883
00680L,元大美債20正2,62,11,51,國泰-松江,2023-07-11,8883
00679B,元大美債20年,55,7,48,國泰-松江,2023-07-11,8883
3025,星通,105,67,38,國泰-松江,2023-07-11,8883
2457,飛宏,79,42,37,國泰-松江,2023-07-11,8883
2867,三商壽,40,5,35,國泰-松江,2023-07-11,8883
4979,華星光,37,5,32,國泰-松江,2023-07-11,8883
6603,富強鑫,30,0,30,國泰-松江,2023-07-11,8883
2312,金寶,31,2,29,國泰-松江,2023-07-11,8883
2368,金像電,47,19,28,國泰-松江,2023-07-11,8883
5457,宣德,28,1,27,國泰-松江,2023-07-11,8883
00882,中信中國高股息,28,2,26,國泰-松江,2023-07-11,8883
1515,力山,27,2,25,國泰-松江,2023-07-11,8883
3131,弘塑,28,4,24,國泰-松江,2023-07-11,8883
4532,瑞智,116,92,24,國泰-松江,2023-07-11,8883
5490,同亨,22,0,22,國泰-松江,2023-07-11,8883
3363,上詮,53,31,22,國泰-松江,2023-07-11,8883
1301,台塑,23,2,21,國泰-松江,2023-07-11,8883
3031,佰鴻,20,0,20,國泰-松江,2023-07-11,8883
3338,泰碩,20,0,20,國泰-松江,2023-07-11,8883
5301,寶得利,20,0,20,國泰-松江,2023-07-11,8883
6649,台生材,20,0,20,國泰-松江,2023-07-11,8883
2342,茂矽,22,3,19,國泰-松江,2023-07-11,8883
2323,中環,46,28,18,國泰-松江,2023-07-11,8883
4157,太景*-KY,18,0,18,國泰-松江,2023-07-11,8883
3305,昇貿,28,10,18,國泰-松江,2023-07-11,8883
8933,愛地雅,17,0,17,國泰-松江,2023-07-11,8883
6235,華孚,39,23,16,國泰-松江,2023-07-11,8883
00885,富邦越南,43,28,15,國泰-松江,2023-07-11,8883
6244,茂迪,15,0,15,國泰-松江,2023-07-11,8883
1101,台泥,61,46,15,國泰-松江,2023-07-11,8883
6695,芯鼎,15,0,15,國泰-松江,2023-07-11,8883
3005,神基,21,6,15,國泰-松江,2023-07-11,8883
4510,高鋒,19,4,15,國泰-松江,2023-07-11,8883
9958,世紀鋼,20,5,15,國泰-松江,2023-07-11,8883
1760,寶齡富錦,14,0,14,國泰-松江,2023-07-11,8883
8088,品安,13,0,13,國泰-松江,2023-07-11,8883
2468,華經,13,0,13,國泰-松江,2023-07-11,8883
1319,東陽,13,0,13,國泰-松江,2023-07-11,8883
3037,欣興,17,4,13,國泰-松江,2023-07-11,8883
2603,長榮,1860,151,1709,國泰-松江,2023-07-12,8883
00713,元大台灣高息低波,219,38,181,國泰-松江,2023-07-12,8883
2312,金寶,171,21,150,國泰-松江,2023-07-12,8883
3231,緯創,495,401,94,國泰-松江,2023-07-12,8883
00929,復華台灣科技優息,77,3,74,國泰-松江,2023-07-12,8883
2303,聯電,97,28,69,國泰-松江,2023-07-12,8883
00679B,元大美債20年,63,2,61,國泰-松江,2023-07-12,8883
2356,英業達,439,384,55,國泰-松江,2023-07-12,8883
00673R,期元大S＆P原油反1,68,14,54,國泰-松江,2023-07-12,8883
6579,研揚,51,2,49,國泰-松江,2023-07-12,8883
2105,正新,60,13,47,國泰-松江,2023-07-12,8883
8092,建暐,41,1,40,國泰-松江,2023-07-12,8883
8028,昇陽半導體,40,1,39,國泰-松江,2023-07-12,8883
9930,中聯資源,38,0,38,國泰-松江,2023-07-12,8883
2371,大同,66,29,37,國泰-松江,2023-07-12,8883
2421,建準,42,7,35,國泰-松江,2023-07-12,8883
6505,台塑化,30,0,30,國泰-松江,2023-07-12,8883
6770,力積電,32,2,30,國泰-松江,2023-07-12,8883
2867,三商壽,36,7,29,國泰-松江,2023-07-12,8883
5258,虹堡,76,50,26,國泰-松江,2023-07-12,8883
00720B,元大投資級公司債,27,1,26,國泰-松江,2023-07-12,8883
00882,中信中國高股息,25,0,25,國泰-松江,2023-07-12,8883
6274,台燿,61,36,25,國泰-松江,2023-07-12,8883
6142,友勁,25,0,25,國泰-松江,2023-07-12,8883
6485,點序,24,0,24,國泰-松江,2023-07-12,8883
3587,閎康,28,4,24,國泰-松江,2023-07-12,8883
3031,佰鴻,23,0,23,國泰-松江,2023-07-12,8883
3071,協禧,37,14,23,國泰-松江,2023-07-12,8883
2812,台中銀,22,0,22,國泰-松江,2023-07-12,8883
6733,博晟生醫,22,0,22,國泰-松江,2023-07-12,8883
8033,雷虎,24,3,21,國泰-松江,2023-07-12,8883
8044,網家,21,0,21,國泰-松江,2023-07-12,8883
2408,南亞科,26,5,21,國泰-松江,2023-07-12,8883
2020,美亞,48,28,20,國泰-松江,2023-07-12,8883
5475,德宏,20,0,20,國泰-松江,2023-07-12,8883
8086,宏捷科,29,10,19,國泰-松江,2023-07-12,8883
2633,台灣高鐵,19,0,19,國泰-松江,2023-07-12,8883
00905,FT臺灣Smart,20,1,19,國泰-松江,2023-07-12,8883
2887,台新金,27,8,19,國泰-松江,2023-07-12,8883
6111,大宇資,20,2,18,國泰-松江,2023-07-12,8883
00722B,群益投資級電信債,18,0,18,國泰-松江,2023-07-12,8883
5425,台半,31,13,18,國泰-松江,2023-07-12,8883
5439,高技,47,29,18,國泰-松江,2023-07-12,8883
2610,華航,158,141,17,國泰-松江,2023-07-12,8883
6285,啟��,35,18,17,國泰-松江,2023-07-12,8883
6456,GIS-KY,17,0,17,國泰-松江,2023-07-12,8883
3508,位速,21,4,17,國泰-松江,2023-07-12,8883
2734,易飛網,17,1,16,國泰-松江,2023-07-12,8883
4720,德淵,16,0,16,國泰-松江,2023-07-12,8883
6188,廣明,46,30,16,國泰-松江,2023-07-12,8883
2603,長榮,4508,97,4411,國泰-松江,2023-07-13,8883
2618,長榮航,499,165,334,國泰-松江,2023-07-13,8883
2607,榮運,136,0,136,國泰-松江,2023-07-13,8883
6282,康舒,202,94,108,國泰-松江,2023-07-13,8883
00679B,元大美債20年,107,5,102,國泰-松江,2023-07-13,8883
3231,緯創,362,264,98,國泰-松江,2023-07-13,8883
00688L,國泰20年美債正2,92,0,92,國泰-松江,2023-07-13,8883
2609,陽明,184,121,63,國泰-松江,2023-07-13,8883
00687B,國泰20年美債,63,2,61,國泰-松江,2023-07-13,8883
1560,中砂,83,26,57,國泰-松江,2023-07-13,8883
2610,華航,177,122,55,國泰-松江,2023-07-13,8883
00722B,群益投資級電信債,57,2,55,國泰-松江,2023-07-13,8883
00930,永豐ESG低碳高息,51,0,51,國泰-松江,2023-07-13,8883
2331,精英,75,28,47,國泰-松江,2023-07-13,8883
5457,宣德,79,35,44,國泰-松江,2023-07-13,8883
00735,國泰臺韓科技,41,0,41,國泰-松江,2023-07-13,8883
5324,士開,40,0,40,國泰-松江,2023-07-13,8883
3715,定穎投控,62,24,38,國泰-松江,2023-07-13,8883
4533,協易機,62,30,32,國泰-松江,2023-07-13,8883
4157,太景*-KY,31,0,31,國泰-松江,2023-07-13,8883
8210,勤誠,94,64,30,國泰-松江,2023-07-13,8883
00720B,元大投資級公司債,31,1,30,國泰-松江,2023-07-13,8883
4162,智擎,30,0,30,國泰-松江,2023-07-13,8883
1513,中興電,40,12,28,國泰-松江,2023-07-13,8883
00751B,元大AAA至A公司債,30,2,28,國泰-松江,2023-07-13,8883
2020,美亞,28,4,24,國泰-松江,2023-07-13,8883
2345,智邦,30,7,23,國泰-松江,2023-07-13,8883
5483,中美晶,48,26,22,國泰-松江,2023-07-13,8883
2884,玉山金,26,5,21,國泰-松江,2023-07-13,8883
1301,台塑,21,0,21,國泰-松江,2023-07-13,8883
5443,均豪,32,11,21,國泰-松江,2023-07-13,8883
3162,精確,20,0,20,國泰-松江,2023-07-13,8883
2105,正新,20,0,20,國泰-松江,2023-07-13,8883
2228,劍麟,20,0,20,國泰-松江,2023-07-13,8883
1471,首利,26,6,20,國泰-松江,2023-07-13,8883
2314,台揚,20,1,19,國泰-松江,2023-07-13,8883
2208,台船,32,13,19,國泰-松江,2023-07-13,8883
2633,台灣高鐵,18,0,18,國泰-松江,2023-07-13,8883
4743,合一,23,5,18,國泰-松江,2023-07-13,8883
2303,聯電,53,35,18,國泰-松江,2023-07-13,8883
6244,茂迪,18,1,17,國泰-松江,2023-07-13,8883
2867,三商壽,27,10,17,國泰-松江,2023-07-13,8883
2891,中信金,21,4,17,國泰-松江,2023-07-13,8883
6547,高端疫苗,17,1,16,國泰-松江,2023-07-13,8883
1711,永光,16,0,16,國泰-松江,2023-07-13,8883
2486,一詮,55,39,16,國泰-松江,2023-07-13,8883
6188,廣明,37,21,16,國泰-松江,2023-07-13,8883
6548,長科*,23,8,15,國泰-松江,2023-07-13,8883
3707,漢磊,22,7,15,國泰-松江,2023-07-13,8883
3234,光環,17,2,15,國泰-松江,2023-07-13,8883
2603,長榮,973,58,915,國泰-松江,2023-07-14,8883
00637L,元大滬深300正2,570,2,568,國泰-松江,2023-07-14,8883
2618,長榮航,444,135,309,國泰-松江,2023-07-14,8883
3035,智原,322,112,210,國泰-松江,2023-07-14,8883
3704,合勤控,185,79,106,國泰-松江,2023-07-14,8883
2371,大同,196,96,100,國泰-松江,2023-07-14,8883
2002,中鋼,98,6,92,國泰-松江,2023-07-14,8883
1440,南紡,88,0,88,國泰-松江,2023-07-14,8883
8936,國統,105,29,76,國泰-松江,2023-07-14,8883
3576,聯合再生,64,0,64,國泰-松江,2023-07-14,8883
00679B,元大美債20年,93,30,63,國泰-松江,2023-07-14,8883
00720B,元大投資級公司債,78,15,63,國泰-松江,2023-07-14,8883
00632R,元大台灣50反1,65,3,62,國泰-松江,2023-07-14,8883
1504,東元,88,30,58,國泰-松江,2023-07-14,8883
2301,光寶科,169,115,54,國泰-松江,2023-07-14,8883
2340,台亞,126,72,54,國泰-松江,2023-07-14,8883
1210,大成,55,1,54,國泰-松江,2023-07-14,8883
6235,華孚,91,38,53,國泰-松江,2023-07-14,8883
8069,元太,57,7,50,國泰-松江,2023-07-14,8883
00722B,群益投資級電信債,50,2,48,國泰-松江,2023-07-14,8883
00687B,國泰20年美債,47,1,46,國泰-松江,2023-07-14,8883
2882,國泰金,64,21,43,國泰-松江,2023-07-14,8883
2382,廣達,221,179,42,國泰-松江,2023-07-14,8883
1471,首利,51,9,42,國泰-松江,2023-07-14,8883
3362,先進光,70,31,39,國泰-松江,2023-07-14,8883
5483,中美晶,55,18,37,國泰-松江,2023-07-14,8883
00882,中信中國高股息,47,10,37,國泰-松江,2023-07-14,8883
2884,玉山金,65,29,36,國泰-松江,2023-07-14,8883
00712,復華富時不動產,72,37,35,國泰-松江,2023-07-14,8883
00772B,中信高評級公司債,41,7,34,國泰-松江,2023-07-14,8883
3363,上詮,101,68,33,國泰-松江,2023-07-14,8883
00673R,期元大S＆P原油反1,33,0,33,國泰-松江,2023-07-14,8883
2867,三商壽,31,0,31,國泰-松江,2023-07-14,8883
4934,太極,32,3,29,國泰-松江,2023-07-14,8883
4977,眾達-KY,28,1,27,國泰-松江,2023-07-14,8883
00930,永豐ESG低碳高息,24,0,24,國泰-松江,2023-07-14,8883
2201,裕隆,65,41,24,國泰-松江,2023-07-14,8883
6182,合晶,26,4,22,國泰-松江,2023-07-14,8883
8050,廣積,62,40,22,國泰-松江,2023-07-14,8883
5388,中磊,35,13,22,國泰-松江,2023-07-14,8883
00893,國泰智能電動車,35,13,22,國泰-松江,2023-07-14,8883
2481,強茂,26,5,21,國泰-松江,2023-07-14,8883
2329,華泰,59,38,21,國泰-松江,2023-07-14,8883
6180,橘子,20,0,20,國泰-松江,2023-07-14,8883
3540,曜越,23,3,20,國泰-松江,2023-07-14,8883
1402,遠東新,20,0,20,國泰-松江,2023-07-14,8883
8210,勤誠,63,44,19,國泰-松江,2023-07-14,8883
4414,如興,19,0,19,國泰-松江,2023-07-14,8883
6120,達運,25,7,18,國泰-松江,2023-07-14,8883
4720,德淵,18,0,18,國泰-松江,2023-07-14,8883
00929,復華台灣科技優息,218,15,203,國泰-松江,2023-07-17,8883
00720B,元大投資級公司債,129,2,127,國泰-松江,2023-07-17,8883
5469,瀚宇博,125,19,106,國泰-松江,2023-07-17,8883
2884,玉山金,95,6,89,國泰-松江,2023-07-17,8883
00633L,富邦上証正2,90,1,89,國泰-松江,2023-07-17,8883
5009,榮剛,282,197,85,國泰-松江,2023-07-17,8883
2609,陽明,123,42,81,國泰-松江,2023-07-17,8883
00665L,富邦�琤肭磪囓�2,80,0,80,國泰-松江,2023-07-17,8883
2312,金寶,94,25,69,國泰-松江,2023-07-17,8883
3013,晟銘電,73,9,64,國泰-松江,2023-07-17,8883
1560,中砂,89,29,60,國泰-松江,2023-07-17,8883
2382,廣達,150,99,51,國泰-松江,2023-07-17,8883
00753L,中信中國50正2,56,6,50,國泰-松江,2023-07-17,8883
00679B,元大美債20年,50,5,45,國泰-松江,2023-07-17,8883
2618,長榮航,123,79,44,國泰-松江,2023-07-17,8883
2208,台船,54,11,43,國泰-松江,2023-07-17,8883
2356,英業達,135,93,42,國泰-松江,2023-07-17,8883
8069,元太,50,8,42,國泰-松江,2023-07-17,8883
00650L,復華香港正2,62,21,41,國泰-松江,2023-07-17,8883
2359,所羅門,70,31,39,國泰-松江,2023-07-17,8883
3035,智原,125,87,38,國泰-松江,2023-07-17,8883
1210,大成,46,9,37,國泰-松江,2023-07-17,8883
8210,勤誠,68,32,36,國泰-松江,2023-07-17,8883
1314,中石化,34,0,34,國泰-松江,2023-07-17,8883
3231,緯創,56,23,33,國泰-松江,2023-07-17,8883
5607,遠雄港,46,14,32,國泰-松江,2023-07-17,8883
1618,合機,68,38,30,國泰-松江,2023-07-17,8883
3037,欣興,47,17,30,國泰-松江,2023-07-17,8883
3715,定穎投控,46,16,30,國泰-松江,2023-07-17,8883
00722B,群益投資級電信債,29,0,29,國泰-松江,2023-07-17,8883
3380,明泰,46,17,29,國泰-松江,2023-07-17,8883
00632R,元大台灣50反1,86,60,26,國泰-松江,2023-07-17,8883
3088,艾訊,29,3,26,國泰-松江,2023-07-17,8883
1402,遠東新,28,2,26,國泰-松江,2023-07-17,8883
8050,廣積,58,33,25,國泰-松江,2023-07-17,8883
2358,廷鑫,25,0,25,國泰-松江,2023-07-17,8883
1905,華紙,31,7,24,國泰-松江,2023-07-17,8883
00673R,期元大S＆P原油反1,48,25,23,國泰-松江,2023-07-17,8883
8255,朋程,24,1,23,國泰-松江,2023-07-17,8883
1536,和大,23,1,22,國泰-松江,2023-07-17,8883
3583,辛耘,66,45,21,國泰-松江,2023-07-17,8883
2371,大同,161,140,21,國泰-松江,2023-07-17,8883
1609,大亞,108,88,20,國泰-松江,2023-07-17,8883
6179,亞通,85,65,20,國泰-松江,2023-07-17,8883
00652,富邦印度,20,0,20,國泰-松江,2023-07-17,8883
4123,晟德,28,8,20,國泰-松江,2023-07-17,8883
00642U,期元大S＆P石油,21,1,20,國泰-松江,2023-07-17,8883
1760,寶齡富錦,20,1,19,國泰-松江,2023-07-17,8883
3057,喬鼎,18,0,18,國泰-松江,2023-07-17,8883
2501,國建,17,0,17,國泰-松江,2023-07-17,8883
00929,復華台灣科技優息,411,38,373,國泰-松江,2023-07-18,8883
00882,中信中國高股息,244,13,231,國泰-松江,2023-07-18,8883
2324,仁寶,290,107,183,國泰-松江,2023-07-18,8883
9105,泰金寶-DR,155,5,150,國泰-松江,2023-07-18,8883
2356,英業達,525,406,119,國泰-松江,2023-07-18,8883
1513,中興電,123,31,92,國泰-松江,2023-07-18,8883
00679B,元大美債20年,101,10,91,國泰-松江,2023-07-18,8883
3706,神達,384,295,89,國泰-松江,2023-07-18,8883
6282,康舒,313,227,86,國泰-松江,2023-07-18,8883
2363,矽統,71,3,68,國泰-松江,2023-07-18,8883
00724B,群益投資級金融債,65,0,65,國泰-松江,2023-07-18,8883
2603,長榮,139,80,59,國泰-松江,2023-07-18,8883
00878,國泰永續高股息,409,353,56,國泰-松江,2023-07-18,8883
8069,元太,51,3,48,國泰-松江,2023-07-18,8883
8105,凌巨,50,4,46,國泰-松江,2023-07-18,8883
00720B,元大投資級公司債,41,0,41,國泰-松江,2023-07-18,8883
2515,中工,46,5,41,國泰-松江,2023-07-18,8883
00772B,中信高評級公司債,46,6,40,國泰-松江,2023-07-18,8883
6657,華安,40,0,40,國泰-松江,2023-07-18,8883
1514,亞力,55,16,39,國泰-松江,2023-07-18,8883
6167,久正,39,0,39,國泰-松江,2023-07-18,8883
2812,台中銀,57,19,38,國泰-松江,2023-07-18,8883
4938,和碩,170,134,36,國泰-松江,2023-07-18,8883
2317,鴻海,141,106,35,國泰-松江,2023-07-18,8883
00687B,國泰20年美債,38,3,35,國泰-松江,2023-07-18,8883
2301,光寶科,127,93,34,國泰-松江,2023-07-18,8883
1101,台泥,42,8,34,國泰-松江,2023-07-18,8883
00927,群益半導體收益,33,0,33,國泰-松江,2023-07-18,8883
00722B,群益投資級電信債,31,0,31,國泰-松江,2023-07-18,8883
2888,新光金,44,14,30,國泰-松江,2023-07-18,8883
3693,營邦,33,5,28,國泰-松江,2023-07-18,8883
2449,京元電子,107,80,27,國泰-松江,2023-07-18,8883
6505,台塑化,27,0,27,國泰-松江,2023-07-18,8883
2634,漢翔,37,10,27,國泰-松江,2023-07-18,8883
2352,佳世達,253,226,27,國泰-松江,2023-07-18,8883
0050,元大台灣50,30,3,27,國泰-松江,2023-07-18,8883
3163,波若威,94,68,26,國泰-松江,2023-07-18,8883
00631L,元大台灣50正2,26,0,26,國泰-松江,2023-07-18,8883
4157,太景*-KY,27,2,25,國泰-松江,2023-07-18,8883
1711,永光,66,41,25,國泰-松江,2023-07-18,8883
2353,宏��,238,213,25,國泰-松江,2023-07-18,8883
1303,南亞,24,0,24,國泰-松江,2023-07-18,8883
00715L,期街口布蘭特正2,24,1,23,國泰-松江,2023-07-18,8883
6290,良維,37,14,23,國泰-松江,2023-07-18,8883
8358,金居,34,11,23,國泰-松江,2023-07-18,8883
8936,國統,33,12,21,國泰-松江,2023-07-18,8883
6120,達運,29,8,21,國泰-松江,2023-07-18,8883
2313,華通,40,20,20,國泰-松江,2023-07-18,8883
3305,昇貿,63,44,19,國泰-松江,2023-07-18,8883
6789,采鈺,20,1,19,國泰-松江,2023-07-18,8883
00632R,元大台灣50反1,308,5,303,國泰-松江,2023-07-19,8883
2603,長榮,318,85,233,國泰-松江,2023-07-19,8883
00929,復華台灣科技優息,248,39,209,國泰-松江,2023-07-19,8883
00882,中信中國高股息,149,12,137,國泰-松江,2023-07-19,8883
3035,智原,267,149,118,國泰-松江,2023-07-19,8883
00679B,元大美債20年,106,6,100,國泰-松江,2023-07-19,8883
2201,裕隆,98,1,97,國泰-松江,2023-07-19,8883
2882,國泰金,83,7,76,國泰-松江,2023-07-19,8883
00650L,復華香港正2,111,36,75,國泰-松江,2023-07-19,8883
2353,宏��,193,120,73,國泰-松江,2023-07-19,8883
3231,緯創,86,24,62,國泰-松江,2023-07-19,8883
1609,大亞,75,15,60,國泰-松江,2023-07-19,8883
3037,欣興,137,79,58,國泰-松江,2023-07-19,8883
2883,凱基金,68,12,56,國泰-松江,2023-07-19,8883
2618,長榮航,139,87,52,國泰-松江,2023-07-19,8883
6120,達運,58,8,50,國泰-松江,2023-07-19,8883
5340,建榮,51,1,50,國泰-松江,2023-07-19,8883
2371,大同,71,27,44,國泰-松江,2023-07-19,8883
6753,龍德造船,53,10,43,國泰-松江,2023-07-19,8883
00665L,富邦�琤肭磪囓�2,52,10,42,國泰-松江,2023-07-19,8883
00753L,中信中國50正2,62,20,42,國泰-松江,2023-07-19,8883
9105,泰金寶-DR,57,16,41,國泰-松江,2023-07-19,8883
3711,日月光投控,69,28,41,國泰-松江,2023-07-19,8883
2887,台新金,40,0,40,國泰-松江,2023-07-19,8883
8044,網家,41,1,40,國泰-松江,2023-07-19,8883
3576,聯合再生,39,0,39,國泰-松江,2023-07-19,8883
2421,建準,191,151,40,國泰-松江,2023-07-19,8883
2356,英業達,586,547,39,國泰-松江,2023-07-19,8883
2303,聯電,45,6,39,國泰-松江,2023-07-19,8883
3515,華擎,40,3,37,國泰-松江,2023-07-19,8883
2881,富邦金,45,8,37,國泰-松江,2023-07-19,8883
00713,元大台灣高息低波,50,16,34,國泰-松江,2023-07-19,8883
3706,神達,263,230,33,國泰-松江,2023-07-19,8883
3363,上詮,142,111,31,國泰-松江,2023-07-19,8883
2208,台船,30,0,30,國泰-松江,2023-07-19,8883
2317,鴻海,55,25,30,國泰-松江,2023-07-19,8883
1313,聯成,36,7,29,國泰-松江,2023-07-19,8883
1301,台塑,28,0,28,國泰-松江,2023-07-19,8883
3013,晟銘電,49,23,26,國泰-松江,2023-07-19,8883
2316,楠梓電,93,68,25,國泰-松江,2023-07-19,8883
2886,兆豐金,32,8,24,國泰-松江,2023-07-19,8883
1210,大成,71,47,24,國泰-松江,2023-07-19,8883
3264,欣銓,36,13,23,國泰-松江,2023-07-19,8883
1402,遠東新,22,0,22,國泰-松江,2023-07-19,8883
00712,復華富時不動產,26,5,21,國泰-松江,2023-07-19,8883
2890,永豐金,23,2,21,國泰-松江,2023-07-19,8883
1718,中纖,20,0,20,國泰-松江,2023-07-19,8883
5225,東科-KY,20,0,20,國泰-松江,2023-07-19,8883
8222,寶一,20,0,20,國泰-松江,2023-07-19,8883
6235,華孚,85,65,20,國泰-松江,2023-07-19,8883
00713,元大台灣高息低波,253,11,242,國泰-松江,2023-07-20,8883
2603,長榮,230,78,152,國泰-松江,2023-07-20,8883
00753L,中信中國50正2,137,26,111,國泰-松江,2023-07-20,8883
00715L,期街口布蘭特正2,103,5,98,國泰-松江,2023-07-20,8883
2014,中鴻,111,21,90,國泰-松江,2023-07-20,8883
3481,群創,93,7,86,國泰-松江,2023-07-20,8883
00929,復華台灣科技優息,82,11,71,國泰-松江,2023-07-20,8883
1210,大成,75,8,67,國泰-松江,2023-07-20,8883
1102,亞泥,56,0,56,國泰-松江,2023-07-20,8883
2330,台積電,56,4,52,國泰-松江,2023-07-20,8883
2436,偉詮電,93,45,48,國泰-松江,2023-07-20,8883
2303,聯電,57,10,47,國泰-松江,2023-07-20,8883
4977,眾達-KY,56,12,44,國泰-松江,2023-07-20,8883
00712,復華富時不動產,44,3,41,國泰-松江,2023-07-20,8883
6841,長佳智能,58,19,39,國泰-松江,2023-07-20,8883
4908,前鼎,46,9,37,國泰-松江,2023-07-20,8883
2317,鴻海,39,2,37,國泰-松江,2023-07-20,8883
2206,三陽工業,86,51,35,國泰-松江,2023-07-20,8883
00885,富邦越南,38,6,32,國泰-松江,2023-07-20,8883
1795,美時,66,35,31,國泰-松江,2023-07-20,8883
6235,華孚,64,33,31,國泰-松江,2023-07-20,8883
6282,康舒,172,142,30,國泰-松江,2023-07-20,8883
2888,新光金,54,24,30,國泰-松江,2023-07-20,8883
3037,欣興,64,39,25,國泰-松江,2023-07-20,8883
9105,泰金寶-DR,25,0,25,國泰-松江,2023-07-20,8883
00882,中信中國高股息,35,11,24,國泰-松江,2023-07-20,8883
2313,華通,25,2,23,國泰-松江,2023-07-20,8883
2515,中工,22,1,21,國泰-松江,2023-07-20,8883
2634,漢翔,66,45,21,國泰-松江,2023-07-20,8883
6505,台塑化,20,0,20,國泰-松江,2023-07-20,8883
6811,宏�硌穈T,21,1,20,國泰-松江,2023-07-20,8883
4938,和碩,29,10,19,國泰-松江,2023-07-20,8883
2020,美亞,18,0,18,國泰-松江,2023-07-20,8883
3045,台灣大,18,0,18,國泰-松江,2023-07-20,8883
2884,玉山金,20,2,18,國泰-松江,2023-07-20,8883
8050,廣積,47,30,17,國泰-松江,2023-07-20,8883
3032,偉訓,51,34,17,國泰-松江,2023-07-20,8883
4533,協易機,34,17,17,國泰-松江,2023-07-20,8883
5471,松翰,16,0,16,國泰-松江,2023-07-20,8883
2405,輔信,57,43,14,國泰-松江,2023-07-20,8883
3289,宜特,29,15,14,國泰-松江,2023-07-20,8883
2419,仲琦,35,21,14,國泰-松江,2023-07-20,8883
1560,中砂,18,4,14,國泰-松江,2023-07-20,8883
1101,台泥,13,0,13,國泰-松江,2023-07-20,8883
5465,富驊,17,4,13,國泰-松江,2023-07-20,8883
3324,雙鴻,17,4,13,國泰-松江,2023-07-20,8883
6120,達運,13,1,12,國泰-松江,2023-07-20,8883
2748,雲品,19,7,12,國泰-松江,2023-07-20,8883
3051,力特,12,0,12,國泰-松江,2023-07-20,8883
3346,麗清,41,29,12,國泰-松江,2023-07-20,8883
3231,緯創,288,87,201,國泰-松江,2023-07-21,8883
2201,裕隆,206,21,185,國泰-松江,2023-07-21,8883
00679B,元大美債20年,164,10,154,國泰-松江,2023-07-21,8883
00929,復華台灣科技優息,112,2,110,國泰-松江,2023-07-21,8883
2618,長榮航,114,36,78,國泰-松江,2023-07-21,8883
2352,佳世達,96,27,69,國泰-松江,2023-07-21,8883
2609,陽明,100,36,64,國泰-松江,2023-07-21,8883
2603,長榮,113,51,62,國泰-松江,2023-07-21,8883
2208,台船,61,0,61,國泰-松江,2023-07-21,8883
2313,華通,55,2,53,國泰-松江,2023-07-21,8883
5009,榮剛,70,21,49,國泰-松江,2023-07-21,8883
1513,中興電,203,157,46,國泰-松江,2023-07-21,8883
9904,寶成,45,0,45,國泰-松江,2023-07-21,8883
00893,國泰智能電動車,46,3,43,國泰-松江,2023-07-21,8883
00712,復華富時不動產,44,1,43,國泰-松江,2023-07-21,8883
00680L,元大美債20正2,45,4,41,國泰-松江,2023-07-21,8883
00665L,富邦�琤肭磪囓�2,50,10,40,國泰-松江,2023-07-21,8883
3037,欣興,64,25,39,國泰-松江,2023-07-21,8883
2610,華航,84,48,36,國泰-松江,2023-07-21,8883
1102,亞泥,41,7,34,國泰-松江,2023-07-21,8883
0050,元大台灣50,54,20,34,國泰-松江,2023-07-21,8883
8044,網家,31,0,31,國泰-松江,2023-07-21,8883
1101,台泥,40,11,29,國泰-松江,2023-07-21,8883
2329,華泰,119,91,28,國泰-松江,2023-07-21,8883
1301,台塑,25,0,25,國泰-松江,2023-07-21,8883
2027,大成鋼,67,42,25,國泰-松江,2023-07-21,8883
6153,嘉聯益,30,5,25,國泰-松江,2023-07-21,8883
5425,台半,33,8,25,國泰-松江,2023-07-21,8883
2388,威盛,43,18,25,國泰-松江,2023-07-21,8883
00922,國泰台灣領袖50,26,2,24,國泰-松江,2023-07-21,8883
2630,亞航,71,47,24,國泰-松江,2023-07-21,8883
6120,達運,45,21,24,國泰-松江,2023-07-21,8883
00751B,元大AAA至A公司債,23,0,23,國泰-松江,2023-07-21,8883
6505,台塑化,21,0,21,國泰-松江,2023-07-21,8883
6841,長佳智能,35,14,21,國泰-松江,2023-07-21,8883
1217,愛之味,23,2,21,國泰-松江,2023-07-21,8883
2634,漢翔,26,6,20,國泰-松江,2023-07-21,8883
1504,東元,90,70,20,國泰-松江,2023-07-21,8883
4188,安克,20,0,20,國泰-松江,2023-07-21,8883
1471,首利,42,22,20,國泰-松江,2023-07-21,8883
2498,宏達電,45,26,19,國泰-松江,2023-07-21,8883
4543,萬在,23,4,19,國泰-松江,2023-07-21,8883
4979,華星光,32,14,18,國泰-松江,2023-07-21,8883
00772B,中信高評級公司債,17,0,17,國泰-松江,2023-07-21,8883
9945,潤泰新,26,9,17,國泰-松江,2023-07-21,8883
6217,中探針,24,8,16,國泰-松江,2023-07-21,8883
4155,訊映,16,0,16,國泰-松江,2023-07-21,8883
5474,聰泰,24,8,16,國泰-松江,2023-07-21,8883
6411,晶焱,16,0,16,國泰-松江,2023-07-21,8883
6282,康舒,71,55,16,國泰-松江,2023-07-21,8883
2353,宏��,129,33,96,國泰-松江,2023-07-24,8883
1609,大亞,212,117,95,國泰-松江,2023-07-24,8883
2316,楠梓電,68,4,64,國泰-松江,2023-07-24,8883
2382,廣達,167,106,61,國泰-松江,2023-07-24,8883
1218,泰山,65,4,61,國泰-松江,2023-07-24,8883
2338,光罩,54,0,54,國泰-松江,2023-07-24,8883
2603,長榮,63,10,53,國泰-松江,2023-07-24,8883
3583,辛耘,57,4,53,國泰-松江,2023-07-24,8883
00650L,復華香港正2,79,30,49,國泰-松江,2023-07-24,8883
2421,建準,131,85,46,國泰-松江,2023-07-24,8883
6179,亞通,46,1,45,國泰-松江,2023-07-24,8883
2886,兆豐金,48,5,43,國泰-松江,2023-07-24,8883
5876,上海商銀,43,1,42,國泰-松江,2023-07-24,8883
6282,康舒,89,50,39,國泰-松江,2023-07-24,8883
5340,建榮,41,2,39,國泰-松江,2023-07-24,8883
3231,緯創,93,56,37,國泰-松江,2023-07-24,8883
1618,合機,45,8,37,國泰-松江,2023-07-24,8883
4977,眾達-KY,37,1,36,國泰-松江,2023-07-24,8883
00900,富邦特選高股息30,52,16,36,國泰-松江,2023-07-24,8883
3013,晟銘電,169,135,34,國泰-松江,2023-07-24,8883
9958,世紀鋼,85,51,34,國泰-松江,2023-07-24,8883
00679B,元大美債20年,54,20,34,國泰-松江,2023-07-24,8883
00882,中信中國高股息,36,2,34,國泰-松江,2023-07-24,8883
1102,亞泥,32,0,32,國泰-松江,2023-07-24,8883
2368,金像電,50,18,32,國泰-松江,2023-07-24,8883
6125,廣運,62,34,28,國泰-松江,2023-07-24,8883
00720B,元大投資級公司債,34,6,28,國泰-松江,2023-07-24,8883
3481,群創,46,18,28,國泰-松江,2023-07-24,8883
2461,光群雷,62,35,27,國泰-松江,2023-07-24,8883
3037,欣興,88,61,27,國泰-松江,2023-07-24,8883
2206,三陽工業,45,19,26,國泰-松江,2023-07-24,8883
3338,泰碩,51,25,26,國泰-松江,2023-07-24,8883
2014,中鴻,29,3,26,國泰-松江,2023-07-24,8883
4526,東台,25,0,25,國泰-松江,2023-07-24,8883
00665L,富邦�琤肭磪囓�2,57,32,25,國泰-松江,2023-07-24,8883
2449,京元電子,33,8,25,國泰-松江,2023-07-24,8883
3305,昇貿,32,8,24,國泰-松江,2023-07-24,8883
1471,首利,41,18,23,國泰-松江,2023-07-24,8883
2887,台新金,22,0,22,國泰-松江,2023-07-24,8883
1513,中興電,79,57,22,國泰-松江,2023-07-24,8883
2610,華航,31,9,22,國泰-松江,2023-07-24,8883
9105,泰金寶-DR,22,0,22,國泰-松江,2023-07-24,8883
2618,長榮航,67,48,19,國泰-松江,2023-07-24,8883
2465,麗臺,20,1,19,國泰-松江,2023-07-24,8883
1752,南光,20,1,19,國泰-松江,2023-07-24,8883
3017,奇鋐,50,33,17,國泰-松江,2023-07-24,8883
3362,先進光,17,1,16,國泰-松江,2023-07-24,8883
2359,所羅門,53,37,16,國泰-松江,2023-07-24,8883
2104,國際中橡,15,0,15,國泰-松江,2023-07-24,8883
2809,京城銀,15,0,15,國泰-松江,2023-07-24,8883
2211,長榮鋼,296,5,291,國泰-松江,2023-07-25,8883
00665L,富邦�琤肭磪囓�2,310,70,240,國泰-松江,2023-07-25,8883
00655L,國泰中國A50正2,200,1,199,國泰-松江,2023-07-25,8883
3711,日月光投控,201,49,152,國泰-松江,2023-07-25,8883
00679B,元大美債20年,84,32,52,國泰-松江,2023-07-25,8883
2344,華邦電,54,3,51,國泰-松江,2023-07-25,8883
2399,映泰,76,34,42,國泰-松江,2023-07-25,8883
5340,建榮,43,2,41,國泰-松江,2023-07-25,8883
6449,鈺邦,40,0,40,國泰-松江,2023-07-25,8883
2316,楠梓電,40,0,40,國泰-松江,2023-07-25,8883
3689,湧德,54,15,39,國泰-松江,2023-07-25,8883
00673R,期元大S＆P原油反1,63,28,35,國泰-松江,2023-07-25,8883
00929,復華台灣科技優息,43,13,30,國泰-松江,2023-07-25,8883
1905,華紙,94,66,28,國泰-松江,2023-07-25,8883
2328,廣宇,31,3,28,國泰-松江,2023-07-25,8883
00680L,元大美債20正2,29,3,26,國泰-松江,2023-07-25,8883
1442,名軒,27,1,26,國泰-松江,2023-07-25,8883
3715,定穎投控,61,35,26,國泰-松江,2023-07-25,8883
6282,康舒,104,79,25,國泰-松江,2023-07-25,8883
00795B,中信美國公債20年,26,1,25,國泰-松江,2023-07-25,8883
8183,精星,26,1,25,國泰-松江,2023-07-25,8883
2330,台積電,39,15,24,國泰-松江,2023-07-25,8883
6223,旺矽,34,10,24,國泰-松江,2023-07-25,8883
3211,順達,23,0,23,國泰-松江,2023-07-25,8883
00722B,群益投資級電信債,23,0,23,國泰-松江,2023-07-25,8883
00662,富邦NASDAQ,23,0,23,國泰-松江,2023-07-25,8883
2707,晶華,25,3,22,國泰-松江,2023-07-25,8883
9941A,裕融甲特,22,1,21,國泰-松江,2023-07-25,8883
6191,精成科,24,4,20,國泰-松江,2023-07-25,8883
3059,華晶科,23,3,20,國泰-松江,2023-07-25,8883
00752,中信中國50,30,11,19,國泰-松江,2023-07-25,8883
1210,大成,24,5,19,國泰-松江,2023-07-25,8883
2610,華航,40,21,19,國泰-松江,2023-07-25,8883
3231,緯創,55,36,19,國泰-松江,2023-07-25,8883
2376,技嘉,115,97,18,國泰-松江,2023-07-25,8883
2455,全新,19,1,18,國泰-松江,2023-07-25,8883
2458,義隆,20,3,17,國泰-松江,2023-07-25,8883
2338,光罩,18,1,17,國泰-松江,2023-07-25,8883
6414,樺漢,22,5,17,國泰-松江,2023-07-25,8883
5483,中美晶,23,6,17,國泰-松江,2023-07-25,8883
2542,興富發,17,0,17,國泰-松江,2023-07-25,8883
1102,亞泥,20,3,17,國泰-松江,2023-07-25,8883
6248,沛波,16,0,16,國泰-松江,2023-07-25,8883
9105,泰金寶-DR,25,9,16,國泰-松江,2023-07-25,8883
3044,健鼎,57,41,16,國泰-松江,2023-07-25,8883
2324,仁寶,51,36,15,國泰-松江,2023-07-25,8883
5425,台半,15,1,14,國泰-松江,2023-07-25,8883
3071,協禧,41,27,14,國泰-松江,2023-07-25,8883
5452,佶優,16,2,14,國泰-松江,2023-07-25,8883
3324,雙鴻,34,20,14,國泰-松江,2023-07-25,8883
6120,達運,253,18,235,國泰-松江,2023-07-26,8883
3711,日月光投控,203,28,175,國泰-松江,2023-07-26,8883
3231,緯創,190,63,127,國泰-松江,2023-07-26,8883
2887,台新金,98,10,88,國泰-松江,2023-07-26,8883
6016,康和證,100,14,86,國泰-松江,2023-07-26,8883
5009,榮剛,80,8,72,國泰-松江,2023-07-26,8883
1504,東元,198,128,70,國泰-松江,2023-07-26,8883
00751B,元大AAA至A公司債,68,1,67,國泰-松江,2023-07-26,8883
00929,復華台灣科技優息,301,237,64,國泰-松江,2023-07-26,8883
6770,力積電,63,3,60,國泰-松江,2023-07-26,8883
00892,富邦台灣半導體,57,1,56,國泰-松江,2023-07-26,8883
00885,富邦越南,63,12,51,國泰-松江,2023-07-26,8883
2317,鴻海,61,13,48,國泰-松江,2023-07-26,8883
00772B,中信高評級公司債,48,1,47,國泰-松江,2023-07-26,8883
6188,廣明,70,25,45,國泰-松江,2023-07-26,8883
00900,富邦特選高股息30,42,4,38,國泰-松江,2023-07-26,8883
00680L,元大美債20正2,43,4,39,國泰-松江,2023-07-26,8883
2371,大同,81,45,36,國泰-松江,2023-07-26,8883
6112,邁達特,77,41,36,國泰-松江,2023-07-26,8883
4979,華星光,36,1,35,國泰-松江,2023-07-26,8883
2867,三商壽,36,4,32,國泰-松江,2023-07-26,8883
2376,技嘉,137,105,32,國泰-松江,2023-07-26,8883
2355,敬鵬,34,3,31,國泰-松江,2023-07-26,8883
6142,友勁,31,0,31,國泰-松江,2023-07-26,8883
2388,威盛,35,4,31,國泰-松江,2023-07-26,8883
5340,建榮,36,5,31,國泰-松江,2023-07-26,8883
912000,晨訊科-DR,30,0,30,國泰-松江,2023-07-26,8883
1802,台玻,30,0,30,國泰-松江,2023-07-26,8883
1795,美時,53,23,30,國泰-松江,2023-07-26,8883
2337,旺宏,32,3,29,國泰-松江,2023-07-26,8883
2454,聯發科,29,4,25,國泰-松江,2023-07-26,8883
3011,今皓,25,0,25,國泰-松江,2023-07-26,8883
6275,元山,33,9,24,國泰-松江,2023-07-26,8883
6274,台燿,91,68,23,國泰-松江,2023-07-26,8883
6550,北極星藥業-KY,26,3,23,國泰-松江,2023-07-26,8883
6733,博晟生醫,23,0,23,國泰-松江,2023-07-26,8883
4129,聯合,29,6,23,國泰-松江,2023-07-26,8883
1609,大亞,44,21,23,國泰-松江,2023-07-26,8883
00679B,元大美債20年,71,48,23,國泰-松江,2023-07-26,8883
2345,智邦,33,11,22,國泰-松江,2023-07-26,8883
5324,士開,23,1,22,國泰-松江,2023-07-26,8883
3305,昇貿,23,1,22,國泰-松江,2023-07-26,8883
6271,同欣電,40,18,22,國泰-松江,2023-07-26,8883
00687B,國泰20年美債,22,2,20,國泰-松江,2023-07-26,8883
2344,華邦電,26,6,20,國泰-松江,2023-07-26,8883
2393,億光,25,5,20,國泰-松江,2023-07-26,8883
00665L,富邦�琤肭磪囓�2,20,0,20,國泰-松江,2023-07-26,8883
6179,亞通,23,3,20,國泰-松江,2023-07-26,8883
1503,士電,24,4,20,國泰-松江,2023-07-26,8883
00930,永豐ESG低碳高息,20,0,20,國泰-松江,2023-07-26,8883
2834,臺企銀,1323,24,1299,國泰-松江,2023-07-27,8883
2618,長榮航,342,75,267,國泰-松江,2023-07-27,8883
00753L,中信中國50正2,186,17,169,國泰-松江,2023-07-27,8883
00665L,富邦�琤肭磪囓�2,160,68,92,國泰-松江,2023-07-27,8883
2884,玉山金,90,9,81,國泰-松江,2023-07-27,8883
00679B,元大美債20年,101,29,72,國泰-松江,2023-07-27,8883
5351,鈺創,106,39,67,國泰-松江,2023-07-27,8883
3481,群創,148,94,54,國泰-松江,2023-07-27,8883
3706,神達,56,2,54,國泰-松江,2023-07-27,8883
1904,正隆,79,27,52,國泰-松江,2023-07-27,8883
6282,康舒,172,123,49,國泰-松江,2023-07-27,8883
6125,廣運,106,59,47,國泰-松江,2023-07-27,8883
2892,第一金,49,6,43,國泰-松江,2023-07-27,8883
2353,宏��,59,17,42,國泰-松江,2023-07-27,8883
2887,台新金,57,15,42,國泰-松江,2023-07-27,8883
2382,廣達,157,116,41,國泰-松江,2023-07-27,8883
1522,堤維西,47,8,39,國泰-松江,2023-07-27,8883
4979,華星光,98,61,37,國泰-松江,2023-07-27,8883
1802,台玻,57,20,37,國泰-松江,2023-07-27,8883
6116,彩晶,55,19,36,國泰-松江,2023-07-27,8883
3037,欣興,69,35,34,國泰-松江,2023-07-27,8883
3035,智原,40,6,34,國泰-松江,2023-07-27,8883
2002,中鋼,48,13,35,國泰-松江,2023-07-27,8883
00878,國泰永續高股息,212,179,33,國泰-松江,2023-07-27,8883
5880,合庫金,32,0,32,國泰-松江,2023-07-27,8883
2486,一詮,43,11,32,國泰-松江,2023-07-27,8883
2610,華航,112,80,32,國泰-松江,2023-07-27,8883
00885,富邦越南,43,12,31,國泰-松江,2023-07-27,8883
1785,光洋科,40,10,30,國泰-松江,2023-07-27,8883
2029,盛餘,29,0,29,國泰-松江,2023-07-27,8883
00637L,元大滬深300正2,51,23,28,國泰-松江,2023-07-27,8883
1210,大成,35,7,28,國泰-松江,2023-07-27,8883
2421,建準,107,81,26,國泰-松江,2023-07-27,8883
00772B,中信高評級公司債,28,3,25,國泰-松江,2023-07-27,8883
00670L,富邦NASDAQ正2,24,0,24,國泰-松江,2023-07-27,8883
00687B,國泰20年美債,23,1,22,國泰-松江,2023-07-27,8883
00680L,元大美債20正2,33,11,22,國泰-松江,2023-07-27,8883
8215,明基材,26,4,22,國泰-松江,2023-07-27,8883
00673R,期元大S＆P原油反1,25,3,22,國泰-松江,2023-07-27,8883
2605,新興,22,0,22,國泰-松江,2023-07-27,8883
4763,材料-KY,30,9,21,國泰-松江,2023-07-27,8883
00751B,元大AAA至A公司債,20,0,20,國泰-松江,2023-07-27,8883
8234,新漢,30,11,19,國泰-松江,2023-07-27,8883
2376,技嘉,103,86,17,國泰-松江,2023-07-27,8883
1504,東元,65,48,17,國泰-松江,2023-07-27,8883
5876,上海商銀,20,3,17,國泰-松江,2023-07-27,8883
2603,長榮,34,17,17,國泰-松江,2023-07-27,8883
3583,辛耘,36,20,16,國泰-松江,2023-07-27,8883
5465,富驊,17,1,16,國泰-松江,2023-07-27,8883
1618,合機,51,35,16,國泰-松江,2023-07-27,8883
00687B,國泰20年美債,258,6,252,國泰-松江,2023-07-28,8883
00680L,元大美債20正2,315,95,220,國泰-松江,2023-07-28,8883
00679B,元大美債20年,253,43,210,國泰-松江,2023-07-28,8883
2888,新光金,154,30,124,國泰-松江,2023-07-28,8883
00637L,元大滬深300正2,137,23,114,國泰-松江,2023-07-28,8883
00751B,元大AAA至A公司債,81,0,81,國泰-松江,2023-07-28,8883
00930,永豐ESG低碳高息,73,0,73,國泰-松江,2023-07-28,8883
2610,華航,117,53,64,國泰-松江,2023-07-28,8883
3014,聯陽,76,17,59,國泰-松江,2023-07-28,8883
2329,華泰,216,160,56,國泰-松江,2023-07-28,8883
00720B,元大投資級公司債,64,10,54,國泰-松江,2023-07-28,8883
2884,玉山金,50,0,50,國泰-松江,2023-07-28,8883
4961,天鈺,70,21,49,國泰-松江,2023-07-28,8883
00772B,中信高評級公司債,48,0,48,國泰-松江,2023-07-28,8883
2913,農林,81,35,46,國泰-松江,2023-07-28,8883
2409,友達,164,121,43,國泰-松江,2023-07-28,8883
00722B,群益投資級電信債,38,0,38,國泰-松江,2023-07-28,8883
4908,前鼎,43,5,38,國泰-松江,2023-07-28,8883
9945,潤泰新,53,18,35,國泰-松江,2023-07-28,8883
2618,長榮航,115,81,34,國泰-松江,2023-07-28,8883
1907,永豐餘,48,17,31,國泰-松江,2023-07-28,8883
6719,力智,30,0,30,國泰-松江,2023-07-28,8883
2897,王道銀行,31,1,30,國泰-松江,2023-07-28,8883
00632R,元大台灣50反1,31,2,29,國泰-松江,2023-07-28,8883
5324,士開,46,17,29,國泰-松江,2023-07-28,8883
2486,一詮,30,4,26,國泰-松江,2023-07-28,8883
2027,大成鋼,27,2,25,國泰-松江,2023-07-28,8883
00688L,國泰20年美債正2,24,0,24,國泰-松江,2023-07-28,8883
6126,信音,25,2,23,國泰-松江,2023-07-28,8883
1612,宏泰,27,5,22,國泰-松江,2023-07-28,8883
3044,健鼎,31,9,22,國泰-松江,2023-07-28,8883
1905,華紙,314,292,22,國泰-松江,2023-07-28,8883
3011,今皓,22,1,21,國泰-松江,2023-07-28,8883
2801,彰銀,20,0,20,國泰-松江,2023-07-28,8883
8084,巨虹,22,3,19,國泰-松江,2023-07-28,8883
1471,首利,33,14,19,國泰-松江,2023-07-28,8883
00673R,期元大S＆P原油反1,19,0,19,國泰-松江,2023-07-28,8883
5452,佶優,18,0,18,國泰-松江,2023-07-28,8883
8069,元太,24,7,17,國泰-松江,2023-07-28,8883
3363,上詮,17,0,17,國泰-松江,2023-07-28,8883
6741,91APP*-KY,20,3,17,國泰-松江,2023-07-28,8883
4746,台耀,20,3,17,國泰-松江,2023-07-28,8883
2634,漢翔,29,12,17,國泰-松江,2023-07-28,8883
4533,協易機,38,22,16,國泰-松江,2023-07-28,8883
1522,堤維西,32,16,16,國泰-松江,2023-07-28,8883
00795B,中信美國公債20年,26,10,16,國泰-松江,2023-07-28,8883
8076,伍豐,15,0,15,國泰-松江,2023-07-28,8883
3029,零壹,28,13,15,國泰-松江,2023-07-28,8883
00715L,期街口布蘭特正2,26,11,15,國泰-松江,2023-07-28,8883
5213,亞昕,14,0,14,國泰-松江,2023-07-28,8883
2603,長榮,595,46,549,國泰-松江,2023-07-31,8883
00679B,元大美債20年,232,8,224,國泰-松江,2023-07-31,8883
00929,復華台灣科技優息,283,66,217,國泰-松江,2023-07-31,8883
00687B,國泰20年美債,93,8,85,國泰-松江,2023-07-31,8883
4906,正文,89,7,82,國泰-松江,2023-07-31,8883
2610,華航,94,13,81,國泰-松江,2023-07-31,8883
3231,緯創,270,189,81,國泰-松江,2023-07-31,8883
00882,中信中國高股息,119,40,79,國泰-松江,2023-07-31,8883
1815,富喬,111,35,76,國泰-松江,2023-07-31,8883
00773B,中信優先金融債,80,7,73,國泰-松江,2023-07-31,8883
2382,廣達,172,99,73,國泰-松江,2023-07-31,8883
00680L,元大美債20正2,87,18,69,國泰-松江,2023-07-31,8883
2891,中信金,72,5,67,國泰-松江,2023-07-31,8883
2409,友達,158,93,65,國泰-松江,2023-07-31,8883
5009,榮剛,63,8,55,國泰-松江,2023-07-31,8883
00639,富邦深100,50,0,50,國泰-松江,2023-07-31,8883
1305,華夏,50,0,50,國泰-松江,2023-07-31,8883
3711,日月光投控,74,24,50,國泰-松江,2023-07-31,8883
6532,瑞耘,49,2,47,國泰-松江,2023-07-31,8883
1905,華紙,98,57,41,國泰-松江,2023-07-31,8883
2618,長榮航,58,19,39,國泰-松江,2023-07-31,8883
2002,中鋼,38,0,38,國泰-松江,2023-07-31,8883
2301,光寶科,275,239,36,國泰-松江,2023-07-31,8883
2357,華碩,76,42,34,國泰-松江,2023-07-31,8883
00924,復華S＆P500成長,35,2,33,國泰-松江,2023-07-31,8883
2329,華泰,161,129,32,國泰-松江,2023-07-31,8883
00923,群益台ESG低碳50,32,0,32,國泰-松江,2023-07-31,8883
2883,凱基金,76,46,30,國泰-松江,2023-07-31,8883
00706L,期元大S＆P日圓正2,30,0,30,國泰-松江,2023-07-31,8883
6188,廣明,53,23,30,國泰-松江,2023-07-31,8883
1504,東元,50,23,27,國泰-松江,2023-07-31,8883
3715,定穎投控,35,9,26,國泰-松江,2023-07-31,8883
6257,矽格,26,0,26,國泰-松江,2023-07-31,8883
2530,華建,25,0,25,國泰-松江,2023-07-31,8883
00930,永豐ESG低碳高息,25,1,24,國泰-松江,2023-07-31,8883
2356,英業達,66,42,24,國泰-松江,2023-07-31,8883
3380,明泰,30,6,24,國泰-松江,2023-07-31,8883
8048,德勝,38,16,22,國泰-松江,2023-07-31,8883
00919,群益台灣精選高息,47,26,21,國泰-松江,2023-07-31,8883
3037,欣興,48,27,21,國泰-松江,2023-07-31,8883
00637L,元大滬深300正2,38,18,20,國泰-松江,2023-07-31,8883
006206,元大上證50,20,0,20,國泰-松江,2023-07-31,8883
6191,精成科,37,17,20,國泰-松江,2023-07-31,8883
6271,同欣電,21,1,20,國泰-松江,2023-07-31,8883
3004,豐達科,20,0,20,國泰-松江,2023-07-31,8883
3163,波若威,48,30,18,國泰-松江,2023-07-31,8883
3044,健鼎,38,20,18,國泰-松江,2023-07-31,8883
1319,東陽,37,19,18,國泰-松江,2023-07-31,8883
5608,四維航,17,0,17,國泰-松江,2023-07-31,8883
2419,仲琦,67,51,16,國泰-松江,2023-07-31,8883
00679B,元大美債20年,182,7,175,國泰-松江,2023-08-01,8883
5009,榮剛,112,5,107,國泰-松江,2023-08-01,8883
00753L,中信中國50正2,113,16,97,國泰-松江,2023-08-01,8883
00882,中信中國高股息,86,6,80,國泰-松江,2023-08-01,8883
00665L,富邦�琤肭磪囓�2,120,45,75,國泰-松江,2023-08-01,8883
3011,今皓,68,0,68,國泰-松江,2023-08-01,8883
2913,農林,171,103,68,國泰-松江,2023-08-01,8883
2603,長榮,59,10,49,國泰-松江,2023-08-01,8883
2891,中信金,49,2,47,國泰-松江,2023-08-01,8883
3583,辛耘,120,75,45,國泰-松江,2023-08-01,8883
2363,矽統,73,30,43,國泰-松江,2023-08-01,8883
2455,全新,53,10,43,國泰-松江,2023-08-01,8883
00885,富邦越南,60,17,43,國泰-松江,2023-08-01,8883
00650L,復華香港正2,78,38,40,國泰-松江,2023-08-01,8883
3413,京鼎,36,1,35,國泰-松江,2023-08-01,8883
00696B,富邦美債20年,32,0,32,國泰-松江,2023-08-01,8883
6282,康舒,172,141,31,國泰-松江,2023-08-01,8883
3036,文曄,31,0,31,國泰-松江,2023-08-01,8883
00632R,元大台灣50反1,31,0,31,國泰-松江,2023-08-01,8883
3105,穩懋,35,4,31,國泰-松江,2023-08-01,8883
2536,宏普,30,0,30,國泰-松江,2023-08-01,8883
2442,新美齊,30,0,30,國泰-松江,2023-08-01,8883
3443,創意,34,5,29,國泰-松江,2023-08-01,8883
2883,凱基金,86,58,28,國泰-松江,2023-08-01,8883
3231,緯創,280,256,24,國泰-松江,2023-08-01,8883
2009,第一銅,31,8,23,國泰-松江,2023-08-01,8883
3014,聯陽,28,5,23,國泰-松江,2023-08-01,8883
6179,亞通,27,4,23,國泰-松江,2023-08-01,8883
3034,聯詠,31,8,23,國泰-松江,2023-08-01,8883
00637L,元大滬深300正2,22,0,22,國泰-松江,2023-08-01,8883
1905,華紙,67,46,21,國泰-松江,2023-08-01,8883
3715,定穎投控,29,8,21,國泰-松江,2023-08-01,8883
00706L,期元大S＆P日圓正2,21,0,21,國泰-松江,2023-08-01,8883
8088,品安,21,0,21,國泰-松江,2023-08-01,8883
1522,堤維西,21,1,20,國泰-松江,2023-08-01,8883
9933,中鼎,20,0,20,國泰-松江,2023-08-01,8883
2707,晶華,20,0,20,國泰-松江,2023-08-01,8883
3419,譁裕,35,16,19,國泰-松江,2023-08-01,8883
3706,神達,30,12,18,國泰-松江,2023-08-01,8883
3163,波若威,100,82,18,國泰-松江,2023-08-01,8883
6191,精成科,38,20,18,國泰-松江,2023-08-01,8883
3029,零壹,45,27,18,國泰-松江,2023-08-01,8883
3596,智易,25,8,17,國泰-松江,2023-08-01,8883
2401,凌陽,39,23,16,國泰-松江,2023-08-01,8883
4720,德淵,16,0,16,國泰-松江,2023-08-01,8883
3004,豐達科,17,1,16,國泰-松江,2023-08-01,8883
3062,建漢,17,1,16,國泰-松江,2023-08-01,8883
6753,龍德造船,21,5,16,國泰-松江,2023-08-01,8883
00919,群益台灣精選高息,17,2,15,國泰-松江,2023-08-01,8883
1519,華城,39,24,15,國泰-松江,2023-08-01,8883
00878,國泰永續高股息,1007,367,640,國泰-松江,2023-08-02,8883
00632R,元大台灣50反1,870,261,609,國泰-松江,2023-08-02,8883
2834,臺企銀,327,20,307,國泰-松江,2023-08-02,8883
00679B,元大美債20年,322,40,282,國泰-松江,2023-08-02,8883
00900,富邦特選高股息30,368,97,271,國泰-松江,2023-08-02,8883
00929,復華台灣科技優息,258,33,225,國泰-松江,2023-08-02,8883
00687B,國泰20年美債,218,8,210,國泰-松江,2023-08-02,8883
2888,新光金,304,104,200,國泰-松江,2023-08-02,8883
2886,兆豐金,209,11,198,國泰-松江,2023-08-02,8883
00680L,元大美債20正2,200,9,191,國泰-松江,2023-08-02,8883
2890,永豐金,208,27,181,國泰-松江,2023-08-02,8883
2618,長榮航,210,31,179,國泰-松江,2023-08-02,8883
0056,元大高股息,280,149,131,國泰-松江,2023-08-02,8883
3481,群創,133,19,114,國泰-松江,2023-08-02,8883
3711,日月光投控,104,8,96,國泰-松江,2023-08-02,8883
00923,群益台ESG低碳50,90,2,88,國泰-松江,2023-08-02,8883
1605,華新,250,166,84,國泰-松江,2023-08-02,8883
6282,康舒,219,138,81,國泰-松江,2023-08-02,8883
3163,波若威,170,95,75,國泰-松江,2023-08-02,8883
00650L,復華香港正2,124,51,73,國泰-松江,2023-08-02,8883
2352,佳世達,121,55,66,國泰-松江,2023-08-02,8883
00882,中信中國高股息,73,8,65,國泰-松江,2023-08-02,8883
2382,廣達,222,162,60,國泰-松江,2023-08-02,8883
00892,富邦台灣半導體,58,0,58,國泰-松江,2023-08-02,8883
00713,元大台灣高息低波,58,2,56,國泰-松江,2023-08-02,8883
00772B,中信高評級公司債,85,30,55,國泰-松江,2023-08-02,8883
3231,緯創,221,168,53,國泰-松江,2023-08-02,8883
3706,神達,59,8,51,國泰-松江,2023-08-02,8883
2891,中信金,52,1,51,國泰-松江,2023-08-02,8883
00930,永豐ESG低碳高息,50,0,50,國泰-松江,2023-08-02,8883
6733,博晟生醫,48,0,48,國泰-松江,2023-08-02,8883
8215,明基材,52,6,46,國泰-松江,2023-08-02,8883
2498,宏達電,40,2,38,國泰-松江,2023-08-02,8883
2002,中鋼,40,2,38,國泰-松江,2023-08-02,8883
6191,精成科,42,5,37,國泰-松江,2023-08-02,8883
2883,凱基金,37,1,36,國泰-松江,2023-08-02,8883
8415,大國鋼,35,0,35,國泰-松江,2023-08-02,8883
5009,榮剛,43,9,34,國泰-松江,2023-08-02,8883
6753,龍德造船,40,8,32,國泰-松江,2023-08-02,8883
00885,富邦越南,64,32,32,國泰-松江,2023-08-02,8883
6285,啟��,72,40,32,國泰-松江,2023-08-02,8883
2897,王道銀行,43,12,31,國泰-松江,2023-08-02,8883
1802,台玻,44,13,31,國泰-松江,2023-08-02,8883
2486,一詮,34,4,30,國泰-松江,2023-08-02,8883
9945,潤泰新,36,6,30,國泰-松江,2023-08-02,8883
3580,友威科,40,10,30,國泰-松江,2023-08-02,8883
2317,鴻海,32,2,30,國泰-松江,2023-08-02,8883
00795B,中信美國公債20年,30,1,29,國泰-松江,2023-08-02,8883
00919,群益台灣精選高息,29,1,28,國泰-松江,2023-08-02,8883
2376,技嘉,49,22,27,國泰-松江,2023-08-02,8883
00680L,元大美債20正2,394,5,389,國泰-松江,2023-08-04,8883
00679B,元大美債20年,425,42,383,國泰-松江,2023-08-04,8883
00929,復華台灣科技優息,293,0,293,國泰-松江,2023-08-04,8883
00687B,國泰20年美債,197,4,193,國泰-松江,2023-08-04,8883
00900,富邦特選高股息30,165,16,149,國泰-松江,2023-08-04,8883
00751B,元大AAA至A公司債,142,7,135,國泰-松江,2023-08-04,8883
00772B,中信高評級公司債,156,30,126,國泰-松江,2023-08-04,8883
00665L,富邦�琤肭磪囓�2,180,60,120,國泰-松江,2023-08-04,8883
00720B,元大投資級公司債,125,6,119,國泰-松江,2023-08-04,8883
2344,華邦電,93,11,82,國泰-松江,2023-08-04,8883
3231,緯創,431,353,78,國泰-松江,2023-08-04,8883
1605,華新,122,45,77,國泰-松江,2023-08-04,8883
2891,中信金,68,0,68,國泰-松江,2023-08-04,8883
3706,神達,98,52,46,國泰-松江,2023-08-04,8883
2618,長榮航,56,12,44,國泰-松江,2023-08-04,8883
00795B,中信美國公債20年,45,3,42,國泰-松江,2023-08-04,8883
00923,群益台ESG低碳50,41,0,41,國泰-松江,2023-08-04,8883
1402,遠東新,41,1,40,國泰-松江,2023-08-04,8883
2382,廣達,257,218,39,國泰-松江,2023-08-04,8883
00878,國泰永續高股息,352,315,37,國泰-松江,2023-08-04,8883
00688L,國泰20年美債正2,34,0,34,國泰-松江,2023-08-04,8883
00764B,群益25年美債,39,6,33,國泰-松江,2023-08-04,8883
00857B,永豐20年美公債,29,0,29,國泰-松江,2023-08-04,8883
2006,東和鋼鐵,30,2,28,國泰-松江,2023-08-04,8883
00696B,富邦美債20年,28,1,27,國泰-松江,2023-08-04,8883
3131,弘塑,36,10,26,國泰-松江,2023-08-04,8883
2633,台灣高鐵,23,0,23,國泰-松江,2023-08-04,8883
4746,台耀,31,8,23,國泰-松江,2023-08-04,8883
2330,台積電,24,1,23,國泰-松江,2023-08-04,8883
00924,復華S＆P500成長,22,1,21,國泰-松江,2023-08-04,8883
00773B,中信優先金融債,21,0,21,國泰-松江,2023-08-04,8883
8936,國統,21,0,21,國泰-松江,2023-08-04,8883
2201,裕隆,41,21,20,國泰-松江,2023-08-04,8883
9955,佳龍,20,0,20,國泰-松江,2023-08-04,8883
00722B,群益投資級電信債,19,0,19,國泰-松江,2023-08-04,8883
3163,波若威,42,23,19,國泰-松江,2023-08-04,8883
2897,王道銀行,24,5,19,國泰-松江,2023-08-04,8883
1609,大亞,110,91,19,國泰-松江,2023-08-04,8883
6116,彩晶,19,1,18,國泰-松江,2023-08-04,8883
1608,華榮,22,4,18,國泰-松江,2023-08-04,8883
00725B,國泰投資級公司債,19,1,18,國泰-松江,2023-08-04,8883
3711,日月光投控,27,10,17,國泰-松江,2023-08-04,8883
2492,華新科,18,1,17,國泰-松江,2023-08-04,8883
2610,華航,24,7,17,國泰-松江,2023-08-04,8883
8034,榮群,17,0,17,國泰-松江,2023-08-04,8883
00916,國泰全球品牌50,17,0,17,國泰-松江,2023-08-04,8883
8215,明基材,17,0,17,國泰-松江,2023-08-04,8883
6669,緯穎,42,26,16,國泰-松江,2023-08-04,8883
2884,玉山金,23,8,15,國泰-松江,2023-08-04,8883
8255,朋程,17,2,15,國泰-松江,2023-08-04,8883
2618,長榮航,315,62,253,國泰-松江,2023-08-07,8883
2356,英業達,296,143,153,國泰-松江,2023-08-07,8883
00931B,統一美債20年,165,42,123,國泰-松江,2023-08-07,8883
00751B,元大AAA至A公司債,115,1,114,國泰-松江,2023-08-07,8883
00632R,元大台灣50反1,122,10,112,國泰-松江,2023-08-07,8883
00892,富邦台灣半導體,105,0,105,國泰-松江,2023-08-07,8883
00882,中信中國高股息,94,2,92,國泰-松江,2023-08-07,8883
2890,永豐金,104,24,80,國泰-松江,2023-08-07,8883
2352,佳世達,88,18,70,國泰-松江,2023-08-07,8883
8050,廣積,103,35,68,國泰-松江,2023-08-07,8883
00929,復華台灣科技優息,88,30,58,國泰-松江,2023-08-07,8883
3715,定穎投控,102,46,56,國泰-松江,2023-08-07,8883
00679B,元大美債20年,75,22,53,國泰-松江,2023-08-07,8883
2913,農林,116,64,52,國泰-松江,2023-08-07,8883
2891,中信金,57,5,52,國泰-松江,2023-08-07,8883
00687B,國泰20年美債,102,51,51,國泰-松江,2023-08-07,8883
00773B,中信優先金融債,47,0,47,國泰-松江,2023-08-07,8883
6733,博晟生醫,46,0,46,國泰-松江,2023-08-07,8883
3035,智原,50,6,44,國泰-松江,2023-08-07,8883
00923,群益台ESG低碳50,49,6,43,國泰-松江,2023-08-07,8883
4979,華星光,51,8,43,國泰-松江,2023-08-07,8883
2610,華航,64,23,41,國泰-松江,2023-08-07,8883
2382,廣達,195,154,41,國泰-松江,2023-08-07,8883
00650L,復華香港正2,89,50,39,國泰-松江,2023-08-07,8883
00665L,富邦�琤肭磪囓�2,40,2,38,國泰-松江,2023-08-07,8883
5880,合庫金,34,1,33,國泰-松江,2023-08-07,8883
00907,永豐優息存股,32,0,32,國泰-松江,2023-08-07,8883
2892,第一金,32,1,31,國泰-松江,2023-08-07,8883
1815,富喬,30,0,30,國泰-松江,2023-08-07,8883
2412,中華電,31,2,29,國泰-松江,2023-08-07,8883
2609,陽明,62,34,28,國泰-松江,2023-08-07,8883
00662,富邦NASDAQ,28,0,28,國泰-松江,2023-08-07,8883
2301,光寶科,188,160,28,國泰-松江,2023-08-07,8883
2504,國產,32,5,27,國泰-松江,2023-08-07,8883
2317,鴻海,31,6,25,國泰-松江,2023-08-07,8883
00680L,元大美債20正2,53,28,25,國泰-松江,2023-08-07,8883
3289,宜特,25,1,24,國泰-松江,2023-08-07,8883
1609,大亞,35,11,24,國泰-松江,2023-08-07,8883
00900,富邦特選高股息30,27,3,24,國泰-松江,2023-08-07,8883
2303,聯電,26,3,23,國泰-松江,2023-08-07,8883
3017,奇鋐,45,22,23,國泰-松江,2023-08-07,8883
8415,大國鋼,23,0,23,國泰-松江,2023-08-07,8883
2409,友達,58,36,22,國泰-松江,2023-08-07,8883
9105,泰金寶-DR,22,0,22,國泰-松江,2023-08-07,8883
5608,四維航,20,0,20,國泰-松江,2023-08-07,8883
3481,群創,30,11,19,國泰-松江,2023-08-07,8883
00645,富邦日本,20,0,20,國泰-松江,2023-08-07,8883
4763,材料-KY,24,5,19,國泰-松江,2023-08-07,8883
3042,晶技,20,1,19,國泰-松江,2023-08-07,8883
2329,華泰,34,15,19,國泰-松江,2023-08-07,8883
2888,新光金,1271,8,1263,國泰-松江,2023-08-08,8883
00929,復華台灣科技優息,318,0,318,國泰-松江,2023-08-08,8883
2356,英業達,513,265,248,國泰-松江,2023-08-08,8883
3706,神達,282,113,169,國泰-松江,2023-08-08,8883
2354,鴻準,145,1,144,國泰-松江,2023-08-08,8883
00878,國泰永續高股息,264,163,101,國泰-松江,2023-08-08,8883
00900,富邦特選高股息30,155,62,93,國泰-松江,2023-08-08,8883
00923,群益台ESG低碳50,91,4,87,國泰-松江,2023-08-08,8883
00931B,統一美債20年,94,10,84,國泰-松江,2023-08-08,8883
2618,長榮航,103,31,72,國泰-松江,2023-08-08,8883
00885,富邦越南,83,17,66,國泰-松江,2023-08-08,8883
1802,台玻,86,21,65,國泰-松江,2023-08-08,8883
2891,中信金,64,0,64,國泰-松江,2023-08-08,8883
00650L,復華香港正2,108,45,63,國泰-松江,2023-08-08,8883
2303,聯電,54,1,53,國泰-松江,2023-08-08,8883
00720B,元大投資級公司債,49,0,49,國泰-松江,2023-08-08,8883
00892,富邦台灣半導體,40,0,40,國泰-松江,2023-08-08,8883
1815,富喬,39,1,38,國泰-松江,2023-08-08,8883
2014,中鴻,43,5,38,國泰-松江,2023-08-08,8883
2884,玉山金,59,22,37,國泰-松江,2023-08-08,8883
3231,緯創,412,376,36,國泰-松江,2023-08-08,8883
2352,佳世達,73,38,35,國泰-松江,2023-08-08,8883
3032,偉訓,42,8,34,國泰-松江,2023-08-08,8883
00706L,期元大S＆P日圓正2,33,0,33,國泰-松江,2023-08-08,8883
5009,榮剛,142,110,32,國泰-松江,2023-08-08,8883
5483,中美晶,37,5,32,國泰-松江,2023-08-08,8883
9945,潤泰新,32,1,31,國泰-松江,2023-08-08,8883
00680L,元大美債20正2,50,20,30,國泰-松江,2023-08-08,8883
00907,永豐優息存股,29,0,29,國泰-松江,2023-08-08,8883
00632R,元大台灣50反1,40,11,29,國泰-松江,2023-08-08,8883
00850,元大臺灣ESG永續,28,0,28,國泰-松江,2023-08-08,8883
8050,廣積,53,26,27,國泰-松江,2023-08-08,8883
00679B,元大美債20年,26,0,26,國泰-松江,2023-08-08,8883
6550,北極星藥業-KY,30,5,25,國泰-松江,2023-08-08,8883
3664,安瑞-KY,25,0,25,國泰-松江,2023-08-08,8883
00665L,富邦�琤肭磪囓�2,23,0,23,國泰-松江,2023-08-08,8883
3163,波若威,113,90,23,國泰-松江,2023-08-08,8883
3711,日月光投控,23,1,22,國泰-松江,2023-08-08,8883
2886,兆豐金,29,7,22,國泰-松江,2023-08-08,8883
1303,南亞,21,1,20,國泰-松江,2023-08-08,8883
00751B,元大AAA至A公司債,20,0,20,國泰-松江,2023-08-08,8883
2308,台達電,23,3,20,國泰-松江,2023-08-08,8883
00688L,國泰20年美債正2,19,0,19,國泰-松江,2023-08-08,8883
00898,國泰基因免疫革命,18,0,18,國泰-松江,2023-08-08,8883
5225,東科-KY,18,0,18,國泰-松江,2023-08-08,8883
006208,富邦台50,20,2,18,國泰-松江,2023-08-08,8883
3017,奇鋐,44,27,17,國泰-松江,2023-08-08,8883
2801,彰銀,16,0,16,國泰-松江,2023-08-08,8883
3029,零壹,31,15,16,國泰-松江,2023-08-08,8883
1789,神隆,16,0,16,國泰-松江,2023-08-08,8883
00929,復華台灣科技優息,369,27,342,國泰-松江,2023-08-09,8883
00878,國泰永續高股息,278,26,252,國泰-松江,2023-08-09,8883
00632R,元大台灣50反1,240,100,140,國泰-松江,2023-08-09,8883
00900,富邦特選高股息30,130,20,110,國泰-松江,2023-08-09,8883
00687B,國泰20年美債,89,10,79,國泰-松江,2023-08-09,8883
2618,長榮航,231,154,77,國泰-松江,2023-08-09,8883
2882,國泰金,78,4,74,國泰-松江,2023-08-09,8883
1605,華新,82,10,72,國泰-松江,2023-08-09,8883
2633,台灣高鐵,68,0,68,國泰-松江,2023-08-09,8883
00720B,元大投資級公司債,66,3,63,國泰-松江,2023-08-09,8883
2371,大同,69,16,53,國泰-松江,2023-08-09,8883
2890,永豐金,48,1,47,國泰-松江,2023-08-09,8883
00751B,元大AAA至A公司債,46,0,46,國泰-松江,2023-08-09,8883
2206,三陽工業,52,10,42,國泰-松江,2023-08-09,8883
6120,達運,40,1,39,國泰-松江,2023-08-09,8883
00650L,復華香港正2,87,51,36,國泰-松江,2023-08-09,8883
3545,敦泰,36,0,36,國泰-松江,2023-08-09,8883
00923,群益台ESG低碳50,33,0,33,國泰-松江,2023-08-09,8883
00931B,統一美債20年,35,3,32,國泰-松江,2023-08-09,8883
1210,大成,39,9,30,國泰-松江,2023-08-09,8883
1710,東聯,30,0,30,國泰-松江,2023-08-09,8883
00907,永豐優息存股,30,0,30,國泰-松江,2023-08-09,8883
3231,緯創,272,243,29,國泰-松江,2023-08-09,8883
3706,神達,121,92,29,國泰-松江,2023-08-09,8883
5225,東科-KY,31,2,29,國泰-松江,2023-08-09,8883
2409,友達,36,9,27,國泰-松江,2023-08-09,8883
6752,叡揚,25,0,25,國泰-松江,2023-08-09,8883
3664,安瑞-KY,25,0,25,國泰-松江,2023-08-09,8883
00882,中信中國高股息,25,1,24,國泰-松江,2023-08-09,8883
2412,中華電,23,0,23,國泰-松江,2023-08-09,8883
2888,新光金,39,17,22,國泰-松江,2023-08-09,8883
2603,長榮,30,9,21,國泰-松江,2023-08-09,8883
3042,晶技,22,1,21,國泰-松江,2023-08-09,8883
2461,光群雷,20,0,20,國泰-松江,2023-08-09,8883
2002,中鋼,19,0,19,國泰-松江,2023-08-09,8883
2887,台新金,18,0,18,國泰-松江,2023-08-09,8883
2515,中工,21,3,18,國泰-松江,2023-08-09,8883
2020,美亞,17,0,17,國泰-松江,2023-08-09,8883
8069,元太,17,0,17,國泰-松江,2023-08-09,8883
00772B,中信高評級公司債,18,1,17,國泰-松江,2023-08-09,8883
6271,同欣電,17,1,16,國泰-松江,2023-08-09,8883
2303,聯電,19,3,16,國泰-松江,2023-08-09,8883
2344,華邦電,18,2,16,國泰-松江,2023-08-09,8883
9907,統一實,16,0,16,國泰-松江,2023-08-09,8883
2492,華新科,16,0,16,國泰-松江,2023-08-09,8883
00771,元大US高息特別股,16,0,16,國泰-松江,2023-08-09,8883
6282,康舒,40,24,16,國泰-松江,2023-08-09,8883
2834,臺企銀,22,7,15,國泰-松江,2023-08-09,8883
2609,陽明,83,68,15,國泰-松江,2023-08-09,8883
3017,奇鋐,55,39,16,國泰-松江,2023-08-09,8883
00637L,元大滬深300正2,1504,25,1479,國泰-松江,2023-08-10,8883
2618,長榮航,649,202,447,國泰-松江,2023-08-10,8883
00878,國泰永續高股息,470,165,305,國泰-松江,2023-08-10,8883
2354,鴻準,260,0,260,國泰-松江,2023-08-10,8883
00929,復華台灣科技優息,256,1,255,國泰-松江,2023-08-10,8883
00900,富邦特選高股息30,207,2,205,國泰-松江,2023-08-10,8883
2409,友達,248,54,194,國泰-松江,2023-08-10,8883
2834,臺企銀,203,20,183,國泰-松江,2023-08-10,8883
2363,矽統,197,66,131,國泰-松江,2023-08-10,8883
00931B,統一美債20年,127,0,127,國泰-松江,2023-08-10,8883
00772B,中信高評級公司債,133,7,126,國泰-松江,2023-08-10,8883
00923,群益台ESG低碳50,97,0,97,國泰-松江,2023-08-10,8883
2886,兆豐金,105,9,96,國泰-松江,2023-08-10,8883
5225,東科-KY,90,0,90,國泰-松江,2023-08-10,8883
0056,元大高股息,138,61,77,國泰-松江,2023-08-10,8883
6282,康舒,204,137,67,國泰-松江,2023-08-10,8883
2610,華航,138,75,63,國泰-松江,2023-08-10,8883
1802,台玻,75,13,62,國泰-松江,2023-08-10,8883
5439,高技,74,15,59,國泰-松江,2023-08-10,8883
00753L,中信中國50正2,53,0,53,國泰-松江,2023-08-10,8883
0050,元大台灣50,52,0,52,國泰-松江,2023-08-10,8883
3481,群創,102,51,51,國泰-松江,2023-08-10,8883
2883,凱基金,57,9,48,國泰-松江,2023-08-10,8883
2402,毅嘉,70,23,47,國泰-松江,2023-08-10,8883
3055,蔚華科,38,1,37,國泰-松江,2023-08-10,8883
00680L,元大美債20正2,37,0,37,國泰-松江,2023-08-10,8883
3231,緯創,343,308,35,國泰-松江,2023-08-10,8883
3673,TPK-KY,35,0,35,國泰-松江,2023-08-10,8883
2412,中華電,35,3,32,國泰-松江,2023-08-10,8883
1605,華新,75,45,30,國泰-松江,2023-08-10,8883
00675L,富邦臺灣加權正2,31,2,29,國泰-松江,2023-08-10,8883
00882,中信中國高股息,28,0,28,國泰-松江,2023-08-10,8883
00891,中信關鍵半導體,28,1,27,國泰-松江,2023-08-10,8883
8027,鈦昇,28,1,27,國泰-松江,2023-08-10,8883
00665L,富邦�琤肭磪囓�2,27,0,27,國泰-松江,2023-08-10,8883
00650L,復華香港正2,52,25,27,國泰-松江,2023-08-10,8883
5469,瀚宇博,36,11,25,國泰-松江,2023-08-10,8883
00662,富邦NASDAQ,33,8,25,國泰-松江,2023-08-10,8883
8390,金益鼎,27,3,24,國泰-松江,2023-08-10,8883
2201,裕隆,72,48,24,國泰-松江,2023-08-10,8883
5607,遠雄港,23,0,23,國泰-松江,2023-08-10,8883
00706L,期元大S＆P日圓正2,22,0,22,國泰-松江,2023-08-10,8883
3363,上詮,21,0,21,國泰-松江,2023-08-10,8883
2382,廣達,110,89,21,國泰-松江,2023-08-10,8883
2486,一詮,21,0,21,國泰-松江,2023-08-10,8883
3011,今皓,22,1,21,國泰-松江,2023-08-10,8883
6188,廣明,28,8,20,國泰-松江,2023-08-10,8883
00919,群益台灣精選高息,34,14,20,國泰-松江,2023-08-10,8883
3715,定穎投控,19,0,19,國泰-松江,2023-08-10,8883
8936,國統,21,2,19,國泰-松江,2023-08-10,8883
00687B,國泰20年美債,2085,3,2082,國泰-松江,2023-08-11,8883
2888,新光金,357,6,351,國泰-松江,2023-08-11,8883
00772B,中信高評級公司債,280,4,276,國泰-松江,2023-08-11,8883
00633L,富邦上証正2,260,0,260,國泰-松江,2023-08-11,8883
00679B,元大美債20年,237,8,229,國泰-松江,2023-08-11,8883
00753L,中信中國50正2,178,10,168,國泰-松江,2023-08-11,8883
00900,富邦特選高股息30,160,1,159,國泰-松江,2023-08-11,8883
00929,復華台灣科技優息,152,1,151,國泰-松江,2023-08-11,8883
00773B,中信優先金融債,122,0,122,國泰-松江,2023-08-11,8883
6187,萬潤,114,4,110,國泰-松江,2023-08-11,8883
00673R,期元大S＆P原油反1,108,0,108,國泰-松江,2023-08-11,8883
00751B,元大AAA至A公司債,108,0,108,國泰-松江,2023-08-11,8883
2892,第一金,102,0,102,國泰-松江,2023-08-11,8883
3481,群創,104,21,83,國泰-松江,2023-08-11,8883
006208,富邦台50,77,1,76,國泰-松江,2023-08-11,8883
00680L,元大美債20正2,75,6,69,國泰-松江,2023-08-11,8883
00720B,元大投資級公司債,64,1,63,國泰-松江,2023-08-11,8883
00892,富邦台灣半導體,62,0,62,國泰-松江,2023-08-11,8883
3207,耀勝,62,0,62,國泰-松江,2023-08-11,8883
00882,中信中國高股息,61,2,59,國泰-松江,2023-08-11,8883
1802,台玻,63,4,59,國泰-松江,2023-08-11,8883
2801,彰銀,57,0,57,國泰-松江,2023-08-11,8883
6770,力積電,49,0,49,國泰-松江,2023-08-11,8883
3231,緯創,318,272,46,國泰-松江,2023-08-11,8883
00931B,統一美債20年,147,102,45,國泰-松江,2023-08-11,8883
6116,彩晶,39,1,38,國泰-松江,2023-08-11,8883
00923,群益台ESG低碳50,45,7,38,國泰-松江,2023-08-11,8883
0050,元大台灣50,49,12,37,國泰-松江,2023-08-11,8883
2206,三陽工業,36,0,36,國泰-松江,2023-08-11,8883
1795,美時,45,10,35,國泰-松江,2023-08-11,8883
00636,國泰中國A50,32,0,32,國泰-松江,2023-08-11,8883
00795B,中信美國公債20年,34,2,32,國泰-松江,2023-08-11,8883
5608,四維航,35,3,32,國泰-松江,2023-08-11,8883
0056,元大高股息,41,10,31,國泰-松江,2023-08-11,8883
2330,台積電,33,2,31,國泰-松江,2023-08-11,8883
1218,泰山,30,0,30,國泰-松江,2023-08-11,8883
3163,波若威,47,18,29,國泰-松江,2023-08-11,8883
5225,東科-KY,29,0,29,國泰-松江,2023-08-11,8883
2009,第一銅,28,0,28,國泰-松江,2023-08-11,8883
2317,鴻海,32,5,27,國泰-松江,2023-08-11,8883
00637L,元大滬深300正2,1529,1502,27,國泰-松江,2023-08-11,8883
6789,采鈺,27,1,26,國泰-松江,2023-08-11,8883
00706L,期元大S＆P日圓正2,26,1,25,國泰-松江,2023-08-11,8883
2897,王道銀行,23,0,23,國泰-松江,2023-08-11,8883
2002,中鋼,21,0,21,國泰-松江,2023-08-11,8883
9929,秋雨,23,2,21,國泰-松江,2023-08-11,8883
6231,系微,24,4,20,國泰-松江,2023-08-11,8883
3363,上詮,48,28,20,國泰-松江,2023-08-11,8883
00662,富邦NASDAQ,24,4,20,國泰-松江,2023-08-11,8883
00650L,復華香港正2,94,75,19,國泰-松江,2023-08-11,8883
00878,國泰永續高股息,581,61,520,國泰-松江,2023-08-14,8883
2888,新光金,349,16,333,國泰-松江,2023-08-14,8883
00929,復華台灣科技優息,291,41,250,國泰-松江,2023-08-14,8883
00679B,元大美債20年,399,182,217,國泰-松江,2023-08-14,8883
2303,聯電,192,10,182,國泰-松江,2023-08-14,8883
00900,富邦特選高股息30,168,1,167,國泰-松江,2023-08-14,8883
00923,群益台ESG低碳50,166,5,161,國泰-松江,2023-08-14,8883
00720B,元大投資級公司債,136,0,136,國泰-松江,2023-08-14,8883
0050,元大台灣50,140,12,128,國泰-松江,2023-08-14,8883
2618,長榮航,242,135,107,國泰-松江,2023-08-14,8883
00882,中信中國高股息,142,46,96,國泰-松江,2023-08-14,8883
3481,群創,113,19,94,國泰-松江,2023-08-14,8883
00772B,中信高評級公司債,100,8,92,國泰-松江,2023-08-14,8883
3078,僑威,107,19,88,國泰-松江,2023-08-14,8883
00650L,復華香港正2,122,36,86,國泰-松江,2023-08-14,8883
4915,致伸,81,0,81,國泰-松江,2023-08-14,8883
8044,網家,57,0,57,國泰-松江,2023-08-14,8883
2891,中信金,81,25,56,國泰-松江,2023-08-14,8883
2886,兆豐金,60,7,53,國泰-松江,2023-08-14,8883
3715,定穎投控,117,65,52,國泰-松江,2023-08-14,8883
00931B,統一美債20年,51,5,46,國泰-松江,2023-08-14,8883
00631L,元大台灣50正2,45,0,45,國泰-松江,2023-08-14,8883
1305,華夏,45,3,42,國泰-松江,2023-08-14,8883
2201,裕隆,54,13,41,國泰-松江,2023-08-14,8883
2002,中鋼,44,5,39,國泰-松江,2023-08-14,8883
2851,中再保,40,1,39,國泰-松江,2023-08-14,8883
2312,金寶,39,0,39,國泰-松江,2023-08-14,8883
2609,陽明,52,13,39,國泰-松江,2023-08-14,8883
6446,藥華藥,43,5,38,國泰-松江,2023-08-14,8883
00680L,元大美債20正2,39,2,37,國泰-松江,2023-08-14,8883
6770,力積電,59,22,37,國泰-松江,2023-08-14,8883
2344,華邦電,44,7,37,國泰-松江,2023-08-14,8883
2363,矽統,204,167,37,國泰-松江,2023-08-14,8883
1455,集盛,33,0,33,國泰-松江,2023-08-14,8883
2402,毅嘉,44,12,32,國泰-松江,2023-08-14,8883
2883,凱基金,49,18,31,國泰-松江,2023-08-14,8883
2801,彰銀,34,3,31,國泰-松江,2023-08-14,8883
5876,上海商銀,30,0,30,國泰-松江,2023-08-14,8883
2845,遠東銀,30,1,29,國泰-松江,2023-08-14,8883
2316,楠梓電,73,44,29,國泰-松江,2023-08-14,8883
2610,華航,83,56,27,國泰-松江,2023-08-14,8883
2607,榮運,32,5,27,國泰-松江,2023-08-14,8883
2892,第一金,31,4,27,國泰-松江,2023-08-14,8883
1708,東鹼,33,7,26,國泰-松江,2023-08-14,8883
00687B,國泰20年美債,25,0,25,國泰-松江,2023-08-14,8883
00892,富邦台灣半導體,33,9,24,國泰-松江,2023-08-14,8883
00919,群益台灣精選高息,43,20,23,國泰-松江,2023-08-14,8883
00751B,元大AAA至A公司債,23,1,22,國泰-松江,2023-08-14,8883
6117,迎廣,24,2,22,國泰-松江,2023-08-14,8883
2867,三商壽,21,0,21,國泰-松江,2023-08-14,8883
00679B,元大美債20年,457,3,454,國泰-松江,2023-08-15,8883
5009,榮剛,212,15,197,國泰-松江,2023-08-15,8883
00923,群益台ESG低碳50,132,0,132,國泰-松江,2023-08-15,8883
2888,新光金,135,8,127,國泰-松江,2023-08-15,8883
2886,兆豐金,112,10,102,國泰-松江,2023-08-15,8883
00773B,中信優先金融債,100,5,95,國泰-松江,2023-08-15,8883
00929,復華台灣科技優息,139,48,91,國泰-松江,2023-08-15,8883
00632R,元大台灣50反1,212,129,83,國泰-松江,2023-08-15,8883
2884,玉山金,82,3,79,國泰-松江,2023-08-15,8883
2883,凱基金,91,13,78,國泰-松江,2023-08-15,8883
2317,鴻海,87,9,78,國泰-松江,2023-08-15,8883
00687B,國泰20年美債,80,4,76,國泰-松江,2023-08-15,8883
00900,富邦特選高股息30,75,1,74,國泰-松江,2023-08-15,8883
2412,中華電,46,0,46,國泰-松江,2023-08-15,8883
00931B,統一美債20年,44,0,44,國泰-松江,2023-08-15,8883
2834,臺企銀,44,1,43,國泰-松江,2023-08-15,8883
2382,廣達,211,168,43,國泰-松江,2023-08-15,8883
00720B,元大投資級公司債,41,0,41,國泰-松江,2023-08-15,8883
4128,中天,40,0,40,國泰-松江,2023-08-15,8883
00882,中信中國高股息,60,22,38,國泰-松江,2023-08-15,8883
00680L,元大美債20正2,48,11,37,國泰-松江,2023-08-15,8883
2851,中再保,37,0,37,國泰-松江,2023-08-15,8883
2618,長榮航,75,40,35,國泰-松江,2023-08-15,8883
00751B,元大AAA至A公司債,34,0,34,國泰-松江,2023-08-15,8883
00772B,中信高評級公司債,107,75,32,國泰-松江,2023-08-15,8883
5225,東科-KY,32,0,32,國泰-松江,2023-08-15,8883
4979,華星光,31,0,31,國泰-松江,2023-08-15,8883
2891,中信金,37,7,30,國泰-松江,2023-08-15,8883
1802,台玻,36,6,30,國泰-松江,2023-08-15,8883
8044,網家,28,0,28,國泰-松江,2023-08-15,8883
00706L,期元大S＆P日圓正2,25,0,25,國泰-松江,2023-08-15,8883
2002,中鋼,27,6,21,國泰-松江,2023-08-15,8883
2887,台新金,27,6,21,國泰-松江,2023-08-15,8883
6770,力積電,125,105,20,國泰-松江,2023-08-15,8883
1532,勤美,20,0,20,國泰-松江,2023-08-15,8883
1708,東鹼,25,5,20,國泰-松江,2023-08-15,8883
1709,和益,20,0,20,國泰-松江,2023-08-15,8883
2892,第一金,25,6,19,國泰-松江,2023-08-15,8883
3037,欣興,46,27,19,國泰-松江,2023-08-15,8883
00650L,復華香港正2,89,71,18,國泰-松江,2023-08-15,8883
00795B,中信美國公債20年,19,2,17,國泰-松江,2023-08-15,8883
9945,潤泰新,22,5,17,國泰-松江,2023-08-15,8883
6125,廣運,21,5,16,國泰-松江,2023-08-15,8883
2880,華南金,17,1,16,國泰-松江,2023-08-15,8883
00665L,富邦�琤肭磪囓�2,16,0,16,國泰-松江,2023-08-15,8883
2885,元大金,16,0,16,國泰-松江,2023-08-15,8883
6120,達運,31,18,13,國泰-松江,2023-08-15,8883
00885,富邦越南,29,16,13,國泰-松江,2023-08-15,8883
00764B,群益25年美債,13,0,13,國泰-松江,2023-08-15,8883
2801,彰銀,13,1,12,國泰-松江,2023-08-15,8883
00632R,元大台灣50反1,6362,3749,2613,國泰-松江,2023-08-16,8883
00929,復華台灣科技優息,470,23,447,國泰-松江,2023-08-16,8883
2303,聯電,384,8,376,國泰-松江,2023-08-16,8883
00878,國泰永續高股息,299,60,239,國泰-松江,2023-08-16,8883
00923,群益台ESG低碳50,195,0,195,國泰-松江,2023-08-16,8883
00772B,中信高評級公司債,186,43,143,國泰-松江,2023-08-16,8883
00900,富邦特選高股息30,116,11,105,國泰-松江,2023-08-16,8883
2409,友達,101,6,95,國泰-松江,2023-08-16,8883
00712,復華富時不動產,71,0,71,國泰-松江,2023-08-16,8883
2002,中鋼,66,6,60,國泰-松江,2023-08-16,8883
2886,兆豐金,63,5,58,國泰-松江,2023-08-16,8883
0050,元大台灣50,59,5,54,國泰-松江,2023-08-16,8883
00919,群益台灣精選高息,58,5,53,國泰-松江,2023-08-16,8883
5425,台半,55,4,51,國泰-松江,2023-08-16,8883
00650L,復華香港正2,63,20,43,國泰-松江,2023-08-16,8883
3706,神達,49,7,42,國泰-松江,2023-08-16,8883
2329,華泰,150,109,41,國泰-松江,2023-08-16,8883
2363,矽統,74,34,40,國泰-松江,2023-08-16,8883
2892,第一金,36,0,36,國泰-松江,2023-08-16,8883
2883,凱基金,39,3,36,國泰-松江,2023-08-16,8883
2633,台灣高鐵,35,0,35,國泰-松江,2023-08-16,8883
6443,元晶,35,2,33,國泰-松江,2023-08-16,8883
2301,光寶科,50,18,32,國泰-松江,2023-08-16,8883
1303,南亞,32,0,32,國泰-松江,2023-08-16,8883
2880,華南金,31,0,31,國泰-松江,2023-08-16,8883
3481,群創,34,4,30,國泰-松江,2023-08-16,8883
2352,佳世達,45,18,27,國泰-松江,2023-08-16,8883
1532,勤美,27,0,27,國泰-松江,2023-08-16,8883
00795B,中信美國公債20年,27,0,27,國泰-松江,2023-08-16,8883
2801,彰銀,26,0,26,國泰-松江,2023-08-16,8883
2609,陽明,55,30,25,國泰-松江,2023-08-16,8883
2515,中工,29,5,24,國泰-松江,2023-08-16,8883
00891,中信關鍵半導體,25,2,23,國泰-松江,2023-08-16,8883
6116,彩晶,23,0,23,國泰-松江,2023-08-16,8883
8930,青鋼,25,4,21,國泰-松江,2023-08-16,8883
00882,中信中國高股息,66,47,19,國泰-松江,2023-08-16,8883
2881,富邦金,27,7,20,國泰-松江,2023-08-16,8883
00931B,統一美債20年,37,17,20,國泰-松江,2023-08-16,8883
2867,三商壽,22,3,19,國泰-松江,2023-08-16,8883
1802,台玻,38,19,19,國泰-松江,2023-08-16,8883
2603,長榮,32,14,18,國泰-松江,2023-08-16,8883
2887,台新金,33,15,18,國泰-松江,2023-08-16,8883
1326,台化,17,0,17,國泰-松江,2023-08-16,8883
5880,合庫金,17,0,17,國泰-松江,2023-08-16,8883
9945,潤泰新,17,0,17,國泰-松江,2023-08-16,8883
6120,達運,16,0,16,國泰-松江,2023-08-16,8883
2897,王道銀行,17,1,16,國泰-松江,2023-08-16,8883
0056,元大高股息,48,32,16,國泰-松江,2023-08-16,8883
4142,國光生,16,0,16,國泰-松江,2023-08-16,8883
006208,富邦台50,20,4,16,國泰-松江,2023-08-16,8883
00772B,中信高評級公司債,243,0,243,國泰-松江,2023-08-17,8883
00929,復華台灣科技優息,229,67,162,國泰-松江,2023-08-17,8883
00720B,元大投資級公司債,147,0,147,國泰-松江,2023-08-17,8883
00931B,統一美債20年,156,21,135,國泰-松江,2023-08-17,8883
3231,緯創,288,157,131,國泰-松江,2023-08-17,8883
00679B,元大美債20年,263,187,76,國泰-松江,2023-08-17,8883
1605,華新,86,12,74,國泰-松江,2023-08-17,8883
3207,耀勝,75,5,70,國泰-松江,2023-08-17,8883
2421,建準,138,73,65,國泰-松江,2023-08-17,8883
2888,新光金,127,62,65,國泰-松江,2023-08-17,8883
00665L,富邦�琤肭磪囓�2,90,30,60,國泰-松江,2023-08-17,8883
8069,元太,100,41,59,國泰-松江,2023-08-17,8883
3035,智原,144,91,53,國泰-松江,2023-08-17,8883
3325,旭品,63,11,52,國泰-松江,2023-08-17,8883
1532,勤美,50,0,50,國泰-松江,2023-08-17,8883
2883,凱基金,56,11,45,國泰-松江,2023-08-17,8883
00753L,中信中國50正2,66,25,41,國泰-松江,2023-08-17,8883
2303,聯電,61,25,36,國泰-松江,2023-08-17,8883
2886,兆豐金,41,4,37,國泰-松江,2023-08-17,8883
00650L,復華香港正2,79,43,36,國泰-松江,2023-08-17,8883
00795B,中信美國公債20年,37,1,36,國泰-松江,2023-08-17,8883
2356,英業達,98,63,35,國泰-松江,2023-08-17,8883
2324,仁寶,131,96,35,國泰-松江,2023-08-17,8883
00751B,元大AAA至A公司債,33,0,33,國泰-松江,2023-08-17,8883
00773B,中信優先金融債,33,0,33,國泰-松江,2023-08-17,8883
00882,中信中國高股息,65,32,33,國泰-松江,2023-08-17,8883
00900,富邦特選高股息30,36,5,31,國泰-松江,2023-08-17,8883
6116,彩晶,71,41,30,國泰-松江,2023-08-17,8883
2891,中信金,37,7,30,國泰-松江,2023-08-17,8883
00919,群益台灣精選高息,30,2,28,國泰-松江,2023-08-17,8883
5876,上海商銀,28,0,28,國泰-松江,2023-08-17,8883
1101,台泥,28,2,26,國泰-松江,2023-08-17,8883
2884,玉山金,25,1,24,國泰-松江,2023-08-17,8883
5880,合庫金,24,1,23,國泰-松江,2023-08-17,8883
00688L,國泰20年美債正2,28,5,23,國泰-松江,2023-08-17,8883
2002,中鋼,24,3,21,國泰-松江,2023-08-17,8883
9945,潤泰新,25,7,18,國泰-松江,2023-08-17,8883
3706,神達,89,70,19,國泰-松江,2023-08-17,8883
3014,聯陽,23,5,18,國泰-松江,2023-08-17,8883
2880,華南金,19,1,18,國泰-松江,2023-08-17,8883
2801,彰銀,17,0,17,國泰-松江,2023-08-17,8883
6122,擎邦,18,1,17,國泰-松江,2023-08-17,8883
00893,國泰智能電動車,18,1,17,國泰-松江,2023-08-17,8883
2329,華泰,78,62,16,國泰-松江,2023-08-17,8883
3567,逸昌,20,4,16,國泰-松江,2023-08-17,8883
00722B,群益投資級電信債,17,1,16,國泰-松江,2023-08-17,8883
006208,富邦台50,18,2,16,國泰-松江,2023-08-17,8883
2705,六福,15,0,15,國泰-松江,2023-08-17,8883
2890,永豐金,16,1,15,國泰-松江,2023-08-17,8883
2887,台新金,20,5,15,國泰-松江,2023-08-17,8883
2363,矽統,1287,164,1123,國泰-松江,2023-08-18,8883
00929,復華台灣科技優息,483,23,460,國泰-松江,2023-08-18,8883
2409,友達,232,41,191,國泰-松江,2023-08-18,8883
00679B,元大美債20年,232,109,123,國泰-松江,2023-08-18,8883
00720B,元大投資級公司債,125,10,115,國泰-松江,2023-08-18,8883
3231,緯創,358,245,113,國泰-松江,2023-08-18,8883
00671R,富邦NASDAQ反1,100,5,95,國泰-松江,2023-08-18,8883
00900,富邦特選高股息30,101,27,74,國泰-松江,2023-08-18,8883
00878,國泰永續高股息,282,212,70,國泰-松江,2023-08-18,8883
2618,長榮航,102,34,68,國泰-松江,2023-08-18,8883
3163,波若威,116,56,60,國泰-松江,2023-08-18,8883
2332,友訊,79,18,61,國泰-松江,2023-08-18,8883
00712,復華富時不動產,56,0,56,國泰-松江,2023-08-18,8883
2415,錩新,60,9,51,國泰-松江,2023-08-18,8883
6139,亞翔,81,35,46,國泰-松江,2023-08-18,8883
2313,華通,44,0,44,國泰-松江,2023-08-18,8883
00923,群益台ESG低碳50,48,4,44,國泰-松江,2023-08-18,8883
00665L,富邦�琤肭磪囓�2,48,9,39,國泰-松江,2023-08-18,8883
3044,健鼎,60,21,39,國泰-松江,2023-08-18,8883
00751B,元大AAA至A公司債,36,0,36,國泰-松江,2023-08-18,8883
3689,湧德,44,11,33,國泰-松江,2023-08-18,8883
2890,永豐金,44,13,31,國泰-松江,2023-08-18,8883
2356,英業達,131,101,30,國泰-松江,2023-08-18,8883
3325,旭品,39,9,30,國泰-松江,2023-08-18,8883
5009,榮剛,40,11,29,國泰-松江,2023-08-18,8883
2606,裕民,112,83,29,國泰-松江,2023-08-18,8883
2317,鴻海,32,4,28,國泰-松江,2023-08-18,8883
00650L,復華香港正2,62,34,28,國泰-松江,2023-08-18,8883
00772B,中信高評級公司債,28,0,28,國泰-松江,2023-08-18,8883
3706,神達,154,126,28,國泰-松江,2023-08-18,8883
00931B,統一美債20年,34,7,27,國泰-松江,2023-08-18,8883
6752,叡揚,35,8,27,國泰-松江,2023-08-18,8883
1101,台泥,27,1,26,國泰-松江,2023-08-18,8883
2402,毅嘉,76,50,26,國泰-松江,2023-08-18,8883
9904,寶成,26,0,26,國泰-松江,2023-08-18,8883
6248,沛波,25,0,25,國泰-松江,2023-08-18,8883
2371,大同,43,18,25,國泰-松江,2023-08-18,8883
4909,新復興,21,0,21,國泰-松江,2023-08-18,8883
3056,富華新,29,9,20,國泰-松江,2023-08-18,8883
1503,士電,22,2,20,國泰-松江,2023-08-18,8883
3038,全台,21,1,20,國泰-松江,2023-08-18,8883
1319,東陽,24,5,19,國泰-松江,2023-08-18,8883
2892,第一金,20,1,19,國泰-松江,2023-08-18,8883
5469,瀚宇博,20,3,17,國泰-松江,2023-08-18,8883
2495,普安,32,15,17,國泰-松江,2023-08-18,8883
00673R,期元大S＆P原油反1,22,5,17,國泰-松江,2023-08-18,8883
3711,日月光投控,21,5,16,國泰-松江,2023-08-18,8883
2906,高林,16,0,16,國泰-松江,2023-08-18,8883
3362,先進光,47,32,15,國泰-松江,2023-08-18,8883
00795B,中信美國公債20年,16,0,16,國泰-松江,2023-08-18,8883
00929,復華台灣科技優息,429,34,395,國泰-松江,2023-08-21,8883
00679B,元大美債20年,214,41,173,國泰-松江,2023-08-21,8883
00720B,元大投資級公司債,157,5,152,國泰-松江,2023-08-21,8883
3706,神達,155,20,135,國泰-松江,2023-08-21,8883
2382,廣達,180,58,122,國泰-松江,2023-08-21,8883
2897,王道銀行,100,1,99,國泰-松江,2023-08-21,8883
00882,中信中國高股息,127,32,95,國泰-松江,2023-08-21,8883
00665L,富邦�琤肭磪囓�2,84,0,84,國泰-松江,2023-08-21,8883
00772B,中信高評級公司債,77,0,77,國泰-松江,2023-08-21,8883
00931B,統一美債20年,78,11,67,國泰-松江,2023-08-21,8883
00673R,期元大S＆P原油反1,67,0,67,國泰-松江,2023-08-21,8883
3581,博磊,65,0,65,國泰-松江,2023-08-21,8883
00773B,中信優先金融債,47,0,47,國泰-松江,2023-08-21,8883
2605,新興,67,30,37,國泰-松江,2023-08-21,8883
2312,金寶,35,3,32,國泰-松江,2023-08-21,8883
2606,裕民,61,29,32,國泰-松江,2023-08-21,8883
2603,長榮,42,11,31,國泰-松江,2023-08-21,8883
00751B,元大AAA至A公司債,30,0,30,國泰-松江,2023-08-21,8883
2009,第一銅,30,0,30,國泰-松江,2023-08-21,8883
2538,基泰,30,0,30,國泰-松江,2023-08-21,8883
00650L,復華香港正2,56,27,29,國泰-松江,2023-08-21,8883
00753L,中信中國50正2,73,45,28,國泰-松江,2023-08-21,8883
6257,矽格,29,4,25,國泰-松江,2023-08-21,8883
2328,廣宇,25,0,25,國泰-松江,2023-08-21,8883
00894,中信小資高價30,25,0,25,國泰-松江,2023-08-21,8883
2376,技嘉,65,44,21,國泰-松江,2023-08-21,8883
00680L,元大美債20正2,27,6,21,國泰-松江,2023-08-21,8883
4934,太極,44,24,20,國泰-松江,2023-08-21,8883
8284,三竹,20,0,20,國泰-松江,2023-08-21,8883
00913,兆豐台灣晶圓製造,20,1,19,國泰-松江,2023-08-21,8883
2610,華航,22,3,19,國泰-松江,2023-08-21,8883
00795B,中信美國公債20年,30,11,19,國泰-松江,2023-08-21,8883
00688L,國泰20年美債正2,23,5,18,國泰-松江,2023-08-21,8883
2886,兆豐金,20,2,18,國泰-松江,2023-08-21,8883
2393,億光,17,0,17,國泰-松江,2023-08-21,8883
5347,世界,22,5,17,國泰-松江,2023-08-21,8883
2201,裕隆,18,1,17,國泰-松江,2023-08-21,8883
5608,四維航,79,62,17,國泰-松江,2023-08-21,8883
00881,國泰台灣5G+,16,0,16,國泰-松江,2023-08-21,8883
5388,中磊,49,33,16,國泰-松江,2023-08-21,8883
6167,久正,19,3,16,國泰-松江,2023-08-21,8883
2515,中工,16,0,16,國泰-松江,2023-08-21,8883
00687B,國泰20年美債,37,21,16,國泰-松江,2023-08-21,8883
00878,國泰永續高股息,74,58,16,國泰-松江,2023-08-21,8883
8210,勤誠,34,20,14,國泰-松江,2023-08-21,8883
4720,德淵,19,5,14,國泰-松江,2023-08-21,8883
2027,大成鋼,14,0,14,國泰-松江,2023-08-21,8883
00712,復華富時不動產,14,1,13,國泰-松江,2023-08-21,8883
2330,台積電,23,10,13,國泰-松江,2023-08-21,8883
00637L,元大滬深300正2,2610,2597,13,國泰-松江,2023-08-21,8883
00929,復華台灣科技優息,600,26,574,國泰-松江,2023-08-22,8883
00632R,元大台灣50反1,321,9,312,國泰-松江,2023-08-22,8883
00753L,中信中國50正2,173,57,116,國泰-松江,2023-08-22,8883
2637,慧洋-KY,115,5,110,國泰-松江,2023-08-22,8883
00679B,元大美債20年,136,37,99,國泰-松江,2023-08-22,8883
00720B,元大投資級公司債,89,0,89,國泰-松江,2023-08-22,8883
00930,永豐ESG低碳高息,88,0,88,國泰-松江,2023-08-22,8883
00882,中信中國高股息,95,19,76,國泰-松江,2023-08-22,8883
4960,誠美材,60,0,60,國泰-松江,2023-08-22,8883
2363,矽統,183,125,58,國泰-松江,2023-08-22,8883
00688L,國泰20年美債正2,47,5,42,國泰-松江,2023-08-22,8883
3038,全台,42,1,41,國泰-松江,2023-08-22,8883
00633L,富邦上証正2,41,0,41,國泰-松江,2023-08-22,8883
3581,博磊,70,31,39,國泰-松江,2023-08-22,8883
6125,廣運,121,83,38,國泰-松江,2023-08-22,8883
2884,玉山金,39,2,37,國泰-松江,2023-08-22,8883
00712,復華富時不動產,34,0,34,國泰-松江,2023-08-22,8883
1471,首利,42,9,33,國泰-松江,2023-08-22,8883
2401,凌陽,42,9,33,國泰-松江,2023-08-22,8883
3706,神達,49,16,33,國泰-松江,2023-08-22,8883
00772B,中信高評級公司債,39,8,31,國泰-松江,2023-08-22,8883
2886,兆豐金,32,2,30,國泰-松江,2023-08-22,8883
3617,碩天,38,13,25,國泰-松江,2023-08-22,8883
00931B,統一美債20年,50,26,24,國泰-松江,2023-08-22,8883
2358,廷鑫,25,2,23,國泰-松江,2023-08-22,8883
6285,啟��,49,26,23,國泰-松江,2023-08-22,8883
5439,高技,40,17,23,國泰-松江,2023-08-22,8883
6274,台燿,36,15,21,國泰-松江,2023-08-22,8883
8358,金居,49,28,21,國泰-松江,2023-08-22,8883
2421,建準,66,50,16,國泰-松江,2023-08-22,8883
2891,中信金,23,6,17,國泰-松江,2023-08-22,8883
3703,欣陸,16,0,16,國泰-松江,2023-08-22,8883
1514,亞力,20,4,16,國泰-松江,2023-08-22,8883
2002,中鋼,19,4,15,國泰-松江,2023-08-22,8883
2353,宏��,19,4,15,國泰-松江,2023-08-22,8883
00637L,元大滬深300正2,3019,3004,15,國泰-松江,2023-08-22,8883
2883,凱基金,19,5,14,國泰-松江,2023-08-22,8883
4188,安克,14,0,14,國泰-松江,2023-08-22,8883
2402,毅嘉,23,9,14,國泰-松江,2023-08-22,8883
3163,波若威,78,64,14,國泰-松江,2023-08-22,8883
2515,中工,19,6,13,國泰-松江,2023-08-22,8883
3483,力致,28,15,13,國泰-松江,2023-08-22,8883
9906,欣巴巴,13,0,13,國泰-松江,2023-08-22,8883
2449,京元電子,60,47,13,國泰-松江,2023-08-22,8883
6140,訊達,12,0,12,國泰-松江,2023-08-22,8883
2748,雲品,25,13,12,國泰-松江,2023-08-22,8883
5324,士開,19,7,12,國泰-松江,2023-08-22,8883
3088,艾訊,12,0,12,國泰-松江,2023-08-22,8883
6235,華孚,46,35,11,國泰-松江,2023-08-22,8883
6108,競國,16,5,11,國泰-松江,2023-08-22,8883
00632R,元大台灣50反1,354,0,354,國泰-松江,2023-08-23,8883
00929,復華台灣科技優息,253,25,228,國泰-松江,2023-08-23,8883
2618,長榮航,246,58,188,國泰-松江,2023-08-23,8883
6139,亞翔,104,12,92,國泰-松江,2023-08-23,8883
2485,兆赫,97,14,83,國泰-松江,2023-08-23,8883
1316,上曜,53,0,53,國泰-松江,2023-08-23,8883
2002,中鋼,50,0,50,國泰-松江,2023-08-23,8883
2486,一詮,68,23,45,國泰-松江,2023-08-23,8883
3163,波若威,73,32,41,國泰-松江,2023-08-23,8883
5009,榮剛,83,42,41,國泰-松江,2023-08-23,8883
2317,鴻海,45,7,38,國泰-松江,2023-08-23,8883
6191,精成科,40,2,38,國泰-松江,2023-08-23,8883
2382,廣達,105,71,34,國泰-松江,2023-08-23,8883
2605,新興,83,50,33,國泰-松江,2023-08-23,8883
6282,康舒,95,64,31,國泰-松江,2023-08-23,8883
2303,聯電,40,13,27,國泰-松江,2023-08-23,8883
2539,櫻花建,26,0,26,國泰-松江,2023-08-23,8883
00931B,統一美債20年,28,3,25,國泰-松江,2023-08-23,8883
6167,久正,30,5,25,國泰-松江,2023-08-23,8883
7402,邑錡,27,3,24,國泰-松江,2023-08-23,8883
2332,友訊,61,37,24,國泰-松江,2023-08-23,8883
00712,復華富時不動產,34,11,23,國泰-松江,2023-08-23,8883
2610,華航,49,27,22,國泰-松江,2023-08-23,8883
1301,台塑,25,5,20,國泰-松江,2023-08-23,8883
00882,中信中國高股息,32,12,20,國泰-松江,2023-08-23,8883
4167,松瑞藥,20,0,20,國泰-松江,2023-08-23,8883
2421,建準,36,16,20,國泰-松江,2023-08-23,8883
00878,國泰永續高股息,73,53,20,國泰-松江,2023-08-23,8883
3617,碩天,21,2,19,國泰-松江,2023-08-23,8883
2324,仁寶,23,6,17,國泰-松江,2023-08-23,8883
00923,群益台ESG低碳50,18,1,17,國泰-松江,2023-08-23,8883
3013,晟銘電,119,102,17,國泰-松江,2023-08-23,8883
2884,玉山金,21,5,16,國泰-松江,2023-08-23,8883
3704,合勤控,17,2,15,國泰-松江,2023-08-23,8883
1560,中砂,16,1,15,國泰-松江,2023-08-23,8883
5607,遠雄港,15,0,15,國泰-松江,2023-08-23,8883
9933,中鼎,14,0,14,國泰-松江,2023-08-23,8883
5371,中光電,19,6,13,國泰-松江,2023-08-23,8883
2888,新光金,17,4,13,國泰-松江,2023-08-23,8883
00772B,中信高評級公司債,13,1,12,國泰-松江,2023-08-23,8883
6125,廣運,34,22,12,國泰-松江,2023-08-23,8883
5301,寶得利,12,0,12,國泰-松江,2023-08-23,8883
5531,鄉林,12,0,12,國泰-松江,2023-08-23,8883
3071,協禧,26,14,12,國泰-松江,2023-08-23,8883
1904,正隆,11,0,11,國泰-松江,2023-08-23,8883
8201,無敵,11,0,11,國泰-松江,2023-08-23,8883
4746,台耀,12,1,11,國泰-松江,2023-08-23,8883
1519,華城,48,38,10,國泰-松江,2023-08-23,8883
2881,富邦金,13,2,11,國泰-松江,2023-08-23,8883
2912,統一超,10,0,10,國泰-松江,2023-08-23,8883
2603,長榮,909,16,893,國泰-松江,2023-08-24,8883
00929,復華台灣科技優息,584,85,499,國泰-松江,2023-08-24,8883
5009,榮剛,132,0,132,國泰-松江,2023-08-24,8883
3231,緯創,420,315,105,國泰-松江,2023-08-24,8883
00753L,中信中國50正2,107,10,97,國泰-松江,2023-08-24,8883
00919,群益台灣精選高息,105,15,90,國泰-松江,2023-08-24,8883
2363,矽統,331,254,77,國泰-松江,2023-08-24,8883
1471,首利,82,5,77,國泰-松江,2023-08-24,8883
00665L,富邦�琤肭磪囓�2,115,43,72,國泰-松江,2023-08-24,8883
2399,映泰,87,25,62,國泰-松江,2023-08-24,8883
2884,玉山金,60,0,60,國泰-松江,2023-08-24,8883
1316,上曜,58,0,58,國泰-松江,2023-08-24,8883
2425,承啟,53,2,51,國泰-松江,2023-08-24,8883
6168,宏齊,41,0,41,國泰-松江,2023-08-24,8883
8284,三竹,40,0,40,國泰-松江,2023-08-24,8883
3325,旭品,68,34,34,國泰-松江,2023-08-24,8883
6191,精成科,71,38,33,國泰-松江,2023-08-24,8883
2449,京元電子,124,91,33,國泰-松江,2023-08-24,8883
6147,頎邦,32,0,32,國泰-松江,2023-08-24,8883
3206,志豐,31,0,31,國泰-松江,2023-08-24,8883
2882,國泰金,32,1,31,國泰-松江,2023-08-24,8883
00882,中信中國高股息,45,15,30,國泰-松江,2023-08-24,8883
2201,裕隆,30,1,29,國泰-松江,2023-08-24,8883
5608,四維航,31,2,29,國泰-松江,2023-08-24,8883
2605,新興,30,2,28,國泰-松江,2023-08-24,8883
2368,金像電,54,30,24,國泰-松江,2023-08-24,8883
2618,長榮航,42,19,23,國泰-松江,2023-08-24,8883
2609,陽明,31,9,22,國泰-松江,2023-08-24,8883
2356,英業達,133,111,22,國泰-松江,2023-08-24,8883
2891,中信金,22,0,22,國泰-松江,2023-08-24,8883
2880,華南金,21,0,21,國泰-松江,2023-08-24,8883
00773B,中信優先金融債,21,1,20,國泰-松江,2023-08-24,8883
1309,台達化,20,0,20,國泰-松江,2023-08-24,8883
4720,德淵,19,0,19,國泰-松江,2023-08-24,8883
00923,群益台ESG低碳50,37,18,19,國泰-松江,2023-08-24,8883
5347,世界,18,1,17,國泰-松江,2023-08-24,8883
2606,裕民,18,1,17,國泰-松江,2023-08-24,8883
2382,廣達,274,257,17,國泰-松江,2023-08-24,8883
2324,仁寶,53,37,16,國泰-松江,2023-08-24,8883
1522,堤維西,16,0,16,國泰-松江,2023-08-24,8883
2615,萬海,23,8,15,國泰-松江,2023-08-24,8883
1532,勤美,15,0,15,國泰-松江,2023-08-24,8883
5607,遠雄港,30,15,15,國泰-松江,2023-08-24,8883
1477,聚陽,17,2,15,國泰-松江,2023-08-24,8883
2515,中工,14,0,14,國泰-松江,2023-08-24,8883
3032,偉訓,29,15,14,國泰-松江,2023-08-24,8883
2460,建通,13,0,13,國泰-松江,2023-08-24,8883
4979,華星光,43,31,12,國泰-松江,2023-08-24,8883
2486,一詮,20,8,12,國泰-松江,2023-08-24,8883
6752,叡揚,12,0,12,國泰-松江,2023-08-24,8883
00878,國泰永續高股息,624,37,587,國泰-松江,2023-08-25,8883
2603,長榮,507,6,501,國泰-松江,2023-08-25,8883
2363,矽統,544,247,297,國泰-松江,2023-08-25,8883
2891,中信金,268,4,264,國泰-松江,2023-08-25,8883
00929,復華台灣科技優息,283,37,246,國泰-松江,2023-08-25,8883
3231,緯創,461,233,228,國泰-松江,2023-08-25,8883
2330,台積電,126,2,124,國泰-松江,2023-08-25,8883
00919,群益台灣精選高息,130,12,118,國泰-松江,2023-08-25,8883
2887,台新金,118,9,109,國泰-松江,2023-08-25,8883
3325,旭品,127,32,95,國泰-松江,2023-08-25,8883
0050,元大台灣50,113,24,89,國泰-松江,2023-08-25,8883
00720B,元大投資級公司債,81,1,80,國泰-松江,2023-08-25,8883
2634,漢翔,133,78,55,國泰-松江,2023-08-25,8883
2382,廣達,170,128,42,國泰-松江,2023-08-25,8883
2486,一詮,44,2,42,國泰-松江,2023-08-25,8883
3037,欣興,52,12,40,國泰-松江,2023-08-25,8883
4906,正文,83,46,37,國泰-松江,2023-08-25,8883
6168,宏齊,92,57,35,國泰-松江,2023-08-25,8883
2610,華航,103,69,34,國泰-松江,2023-08-25,8883
0056,元大高股息,51,20,31,國泰-松江,2023-08-25,8883
2630,亞航,80,49,31,國泰-松江,2023-08-25,8883
2324,仁寶,41,12,29,國泰-松江,2023-08-25,8883
3689,湧德,29,0,29,國泰-松江,2023-08-25,8883
00830,國泰費城半導體,29,2,27,國泰-松江,2023-08-25,8883
2892,第一金,26,0,26,國泰-松江,2023-08-25,8883
00881,國泰台灣5G+,28,3,25,國泰-松江,2023-08-25,8883
2705,六福,34,9,25,國泰-松江,2023-08-25,8883
00893,國泰智能電動車,35,10,25,國泰-松江,2023-08-25,8883
00650L,復華香港正2,32,8,24,國泰-松江,2023-08-25,8883
2002,中鋼,25,1,24,國泰-松江,2023-08-25,8883
00687B,國泰20年美債,22,0,22,國泰-松江,2023-08-25,8883
2303,聯電,26,6,20,國泰-松江,2023-08-25,8883
3078,僑威,35,16,19,國泰-松江,2023-08-25,8883
9934,成霖,20,1,19,國泰-松江,2023-08-25,8883
00923,群益台ESG低碳50,29,11,18,國泰-松江,2023-08-25,8883
2329,華泰,24,7,17,國泰-松江,2023-08-25,8883
3017,奇鋐,20,4,16,國泰-松江,2023-08-25,8883
5880,合庫金,15,0,15,國泰-松江,2023-08-25,8883
1301,台塑,15,0,15,國泰-松江,2023-08-25,8883
00894,中信小資高價30,15,0,15,國泰-松江,2023-08-25,8883
00773B,中信優先金融債,20,5,15,國泰-松江,2023-08-25,8883
2884,玉山金,17,2,15,國泰-松江,2023-08-25,8883
00922,國泰台灣領袖50,14,0,14,國泰-松江,2023-08-25,8883
1513,中興電,27,13,14,國泰-松江,2023-08-25,8883
00632R,元大台灣50反1,1004,990,14,國泰-松江,2023-08-25,8883
00712,復華富時不動產,26,13,13,國泰-松江,2023-08-25,8883
3701,大眾控,13,0,13,國泰-松江,2023-08-25,8883
2399,映泰,15,2,13,國泰-松江,2023-08-25,8883
00772B,中信高評級公司債,29,16,13,國泰-松江,2023-08-25,8883
9938,百和,12,0,12,國泰-松江,2023-08-25,8883
2603,長榮,313,1,312,國泰-松江,2023-08-28,8883
00929,復華台灣科技優息,386,79,307,國泰-松江,2023-08-28,8883
5225,東科-KY,284,5,279,國泰-松江,2023-08-28,8883
00919,群益台灣精選高息,252,19,233,國泰-松江,2023-08-28,8883
00878,國泰永續高股息,273,131,142,國泰-松江,2023-08-28,8883
00632R,元大台灣50反1,112,10,102,國泰-松江,2023-08-28,8883
00671R,富邦NASDAQ反1,101,0,101,國泰-松江,2023-08-28,8883
00637L,元大滬深300正2,181,90,91,國泰-松江,2023-08-28,8883
2201,裕隆,68,8,60,國泰-松江,2023-08-28,8883
5469,瀚宇博,69,11,58,國泰-松江,2023-08-28,8883
6191,精成科,67,12,55,國泰-松江,2023-08-28,8883
1402,遠東新,56,3,53,國泰-松江,2023-08-28,8883
2610,華航,76,26,50,國泰-松江,2023-08-28,8883
2618,長榮航,91,42,49,國泰-松江,2023-08-28,8883
2356,英業達,111,66,45,國泰-松江,2023-08-28,8883
1504,東元,45,1,44,國泰-松江,2023-08-28,8883
2388,威盛,67,28,39,國泰-松江,2023-08-28,8883
2449,京元電子,66,30,36,國泰-松江,2023-08-28,8883
2834,臺企銀,36,2,34,國泰-松江,2023-08-28,8883
1737,臺鹽,103,73,30,國泰-松江,2023-08-28,8883
6752,叡揚,29,0,29,國泰-松江,2023-08-28,8883
5371,中光電,29,1,28,國泰-松江,2023-08-28,8883
00923,群益台ESG低碳50,41,14,27,國泰-松江,2023-08-28,8883
3011,今皓,40,13,27,國泰-松江,2023-08-28,8883
00680L,元大美債20正2,27,2,25,國泰-松江,2023-08-28,8883
4720,德淵,23,0,23,國泰-松江,2023-08-28,8883
3305,昇貿,23,1,22,國泰-松江,2023-08-28,8883
00931B,統一美債20年,22,0,22,國泰-松江,2023-08-28,8883
00715L,期街口布蘭特正2,41,20,21,國泰-松江,2023-08-28,8883
1218,泰山,21,0,21,國泰-松江,2023-08-28,8883
2485,兆赫,150,131,19,國泰-松江,2023-08-28,8883
6168,宏齊,53,34,19,國泰-松江,2023-08-28,8883
5381,合正,32,14,18,國泰-松江,2023-08-28,8883
2352,佳世達,23,6,17,國泰-松江,2023-08-28,8883
3706,神達,56,39,17,國泰-松江,2023-08-28,8883
2344,華邦電,21,4,17,國泰-松江,2023-08-28,8883
3715,定穎投控,40,24,16,國泰-松江,2023-08-28,8883
2402,毅嘉,16,1,15,國泰-松江,2023-08-28,8883
2915,潤泰全,14,0,14,國泰-松江,2023-08-28,8883
5871,中租-KY,14,1,13,國泰-松江,2023-08-28,8883
2355,敬鵬,18,5,13,國泰-松江,2023-08-28,8883
2883,凱基金,14,1,13,國泰-松江,2023-08-28,8883
2371,大同,19,6,13,國泰-松江,2023-08-28,8883
2515,中工,12,0,12,國泰-松江,2023-08-28,8883
3015,全漢,12,1,11,國泰-松江,2023-08-28,8883
2458,義隆,14,3,11,國泰-松江,2023-08-28,8883
3051,力特,59,48,11,國泰-松江,2023-08-28,8883
2903,遠百,12,1,11,國泰-松江,2023-08-28,8883
8213,志超,11,0,11,國泰-松江,2023-08-28,8883
6288,聯嘉,13,2,11,國泰-松江,2023-08-28,8883
00753L,中信中國50正2,171,1,170,國泰-松江,2023-08-29,8883
00688L,國泰20年美債正2,140,0,140,國泰-松江,2023-08-29,8883
2317,鴻海,120,8,112,國泰-松江,2023-08-29,8883
2201,裕隆,105,44,61,國泰-松江,2023-08-29,8883
3305,昇貿,60,0,60,國泰-松江,2023-08-29,8883
2605,新興,61,1,60,國泰-松江,2023-08-29,8883
00751B,元大AAA至A公司債,50,2,48,國泰-松江,2023-08-29,8883
1471,首利,57,14,43,國泰-松江,2023-08-29,8883
6191,精成科,52,11,41,國泰-松江,2023-08-29,8883
00900,富邦特選高股息30,41,0,41,國泰-松江,2023-08-29,8883
00680L,元大美債20正2,42,2,40,國泰-松江,2023-08-29,8883
1218,泰山,40,0,40,國泰-松江,2023-08-29,8883
2834,臺企銀,42,5,37,國泰-松江,2023-08-29,8883
2316,楠梓電,32,0,32,國泰-松江,2023-08-29,8883
2883,凱基金,34,3,31,國泰-松江,2023-08-29,8883
00919,群益台灣精選高息,36,6,30,國泰-松江,2023-08-29,8883
2002,中鋼,33,3,30,國泰-松江,2023-08-29,8883
1504,東元,34,5,29,國泰-松江,2023-08-29,8883
00929,復華台灣科技優息,101,75,26,國泰-松江,2023-08-29,8883
00878,國泰永續高股息,98,73,25,國泰-松江,2023-08-29,8883
5301,寶得利,25,0,25,國泰-松江,2023-08-29,8883
2892,第一金,30,6,24,國泰-松江,2023-08-29,8883
8222,寶一,56,34,22,國泰-松江,2023-08-29,8883
5225,東科-KY,23,1,22,國泰-松江,2023-08-29,8883
00673R,期元大S＆P原油反1,21,0,21,國泰-松江,2023-08-29,8883
3481,群創,23,5,18,國泰-松江,2023-08-29,8883
00720B,元大投資級公司債,54,37,17,國泰-松江,2023-08-29,8883
6282,康舒,79,62,17,國泰-松江,2023-08-29,8883
6147,頎邦,20,3,17,國泰-松江,2023-08-29,8883
3231,緯創,98,81,17,國泰-松江,2023-08-29,8883
6194,育富,21,5,16,國泰-松江,2023-08-29,8883
3653,健策,17,1,16,國泰-松江,2023-08-29,8883
2408,南亞科,16,0,16,國泰-松江,2023-08-29,8883
2887,台新金,18,3,15,國泰-松江,2023-08-29,8883
2637,慧洋-KY,17,2,15,國泰-松江,2023-08-29,8883
6126,信音,15,0,15,國泰-松江,2023-08-29,8883
6235,華孚,41,27,14,國泰-松江,2023-08-29,8883
1301,台塑,15,1,14,國泰-松江,2023-08-29,8883
2303,聯電,29,16,13,國泰-松江,2023-08-29,8883
3088,艾訊,13,0,13,國泰-松江,2023-08-29,8883
5880,合庫金,13,0,13,國泰-松江,2023-08-29,8883
3581,博磊,12,0,12,國泰-松江,2023-08-29,8883
2816,旺旺保,15,3,12,國泰-松江,2023-08-29,8883
00679B,元大美債20年,16,5,11,國泰-松江,2023-08-29,8883
4906,正文,20,9,11,國泰-松江,2023-08-29,8883
1720,生達,11,0,11,國泰-松江,2023-08-29,8883
1402,遠東新,12,2,10,國泰-松江,2023-08-29,8883
4720,德淵,10,0,10,國泰-松江,2023-08-29,8883
2439,美律,10,0,10,國泰-松江,2023-08-29,8883
2228,劍麟,10,0,10,國泰-松江,2023-08-29,8883
3481,群創,175,11,164,國泰-松江,2023-08-30,8883
00688L,國泰20年美債正2,160,0,160,國泰-松江,2023-08-30,8883
2610,華航,176,28,148,國泰-松江,2023-08-30,8883
00919,群益台灣精選高息,124,6,118,國泰-松江,2023-08-30,8883
5009,榮剛,130,14,116,國泰-松江,2023-08-30,8883
2618,長榮航,97,30,67,國泰-松江,2023-08-30,8883
00632R,元大台灣50反1,96,39,57,國泰-松江,2023-08-30,8883
3591,艾笛森,40,0,40,國泰-松江,2023-08-30,8883
00673R,期元大S＆P原油反1,44,13,31,國泰-松江,2023-08-30,8883
6505,台塑化,30,0,30,國泰-松江,2023-08-30,8883
3163,波若威,38,10,28,國泰-松江,2023-08-30,8883
3071,協禧,31,4,27,國泰-松江,2023-08-30,8883
3231,緯創,154,128,26,國泰-松江,2023-08-30,8883
1504,東元,33,7,26,國泰-松江,2023-08-30,8883
5608,四維航,32,7,25,國泰-松江,2023-08-30,8883
4906,正文,36,12,24,國泰-松江,2023-08-30,8883
2382,廣達,78,55,23,國泰-松江,2023-08-30,8883
00637L,元大滬深300正2,3018,2995,23,國泰-松江,2023-08-30,8883
3088,艾訊,22,0,22,國泰-松江,2023-08-30,8883
00675L,富邦臺灣加權正2,25,3,22,國泰-松江,2023-08-30,8883
2376,技嘉,72,51,21,國泰-松江,2023-08-30,8883
4960,誠美材,35,15,20,國泰-松江,2023-08-30,8883
9904,寶成,20,0,20,國泰-松江,2023-08-30,8883
2301,光寶科,32,13,19,國泰-松江,2023-08-30,8883
5301,寶得利,20,1,19,國泰-松江,2023-08-30,8883
00895,富邦未來車,20,2,18,國泰-松江,2023-08-30,8883
3308,聯德,24,7,17,國泰-松江,2023-08-30,8883
9945,潤泰新,21,5,16,國泰-松江,2023-08-30,8883
3617,碩天,29,13,16,國泰-松江,2023-08-30,8883
2457,飛宏,18,2,16,國泰-松江,2023-08-30,8883
9906,欣巴巴,14,0,14,國泰-松江,2023-08-30,8883
8210,勤誠,38,24,14,國泰-松江,2023-08-30,8883
5381,合正,16,3,13,國泰-松江,2023-08-30,8883
2340,台亞,16,3,13,國泰-松江,2023-08-30,8883
6239,力成,13,0,13,國泰-松江,2023-08-30,8883
3234,光環,12,0,12,國泰-松江,2023-08-30,8883
2317,鴻海,14,2,12,國泰-松江,2023-08-30,8883
8050,廣積,12,0,12,國泰-松江,2023-08-30,8883
2886,兆豐金,12,1,11,國泰-松江,2023-08-30,8883
3380,明泰,13,2,11,國泰-松江,2023-08-30,8883
8215,明基材,12,1,11,國泰-松江,2023-08-30,8883
3707,漢磊,13,2,11,國泰-松江,2023-08-30,8883
3363,上詮,11,0,11,國泰-松江,2023-08-30,8883
4721,美琪瑪,12,1,11,國泰-松江,2023-08-30,8883
3078,僑威,13,2,11,國泰-松江,2023-08-30,8883
2436,偉詮電,135,124,11,國泰-松江,2023-08-30,8883
5876,上海商銀,15,5,10,國泰-松江,2023-08-30,8883
6263,普萊德,11,1,10,國泰-松江,2023-08-30,8883
00907,永豐優息存股,10,0,10,國泰-松江,2023-08-30,8883
2748,雲品,11,1,10,國泰-松江,2023-08-30,8883
00671R,富邦NASDAQ反1,1205,0,1205,國泰-松江,2023-08-31,8883
2888,新光金,245,5,240,國泰-松江,2023-08-31,8883
00753L,中信中國50正2,317,168,149,國泰-松江,2023-08-31,8883
00688L,國泰20年美債正2,101,0,101,國泰-松江,2023-08-31,8883
1402,遠東新,83,2,81,國泰-松江,2023-08-31,8883
2886,兆豐金,81,1,80,國泰-松江,2023-08-31,8883
3011,今皓,76,1,75,國泰-松江,2023-08-31,8883
2603,長榮,74,0,74,國泰-松江,2023-08-31,8883
2618,長榮航,119,48,71,國泰-松江,2023-08-31,8883
00878,國泰永續高股息,106,38,68,國泰-松江,2023-08-31,8883
1802,台玻,77,10,67,國泰-松江,2023-08-31,8883
2887,台新金,66,0,66,國泰-松江,2023-08-31,8883
00632R,元大台灣50反1,123,70,53,國泰-松江,2023-08-31,8883
3094,聯傑,55,8,47,國泰-松江,2023-08-31,8883
3715,定穎投控,128,81,47,國泰-松江,2023-08-31,8883
2610,華航,98,52,46,國泰-松江,2023-08-31,8883
00882,中信中國高股息,47,2,45,國泰-松江,2023-08-31,8883
00673R,期元大S＆P原油反1,45,0,45,國泰-松江,2023-08-31,8883
2337,旺宏,105,62,43,國泰-松江,2023-08-31,8883
3706,神達,79,38,41,國泰-松江,2023-08-31,8883
1101,台泥,42,2,40,國泰-松江,2023-08-31,8883
3711,日月光投控,68,29,39,國泰-松江,2023-08-31,8883
2303,聯電,45,8,37,國泰-松江,2023-08-31,8883
9904,寶成,37,0,37,國泰-松江,2023-08-31,8883
00650L,復華香港正2,58,21,37,國泰-松江,2023-08-31,8883
2324,仁寶,81,45,36,國泰-松江,2023-08-31,8883
6213,聯茂,113,79,34,國泰-松江,2023-08-31,8883
2892,第一金,34,0,34,國泰-松江,2023-08-31,8883
6168,宏齊,61,30,31,國泰-松江,2023-08-31,8883
2890,永豐金,32,1,31,國泰-松江,2023-08-31,8883
2543,皇昌,27,0,27,國泰-松江,2023-08-31,8883
5880,合庫金,26,0,26,國泰-松江,2023-08-31,8883
2834,臺企銀,25,0,25,國泰-松江,2023-08-31,8883
2903,遠百,25,0,25,國泰-松江,2023-08-31,8883
00637L,元大滬深300正2,23,0,23,國泰-松江,2023-08-31,8883
3653,健策,24,2,22,國泰-松江,2023-08-31,8883
2891,中信金,22,0,22,國泰-松江,2023-08-31,8883
2605,新興,21,0,21,國泰-松江,2023-08-31,8883
2301,光寶科,29,9,20,國泰-松江,2023-08-31,8883
5009,榮剛,40,20,20,國泰-松江,2023-08-31,8883
3049,精金,20,0,20,國泰-松江,2023-08-31,8883
2880,華南金,20,1,19,國泰-松江,2023-08-31,8883
6796,晉弘,35,16,19,國泰-松江,2023-08-31,8883
6547,高端疫苗,35,17,18,國泰-松江,2023-08-31,8883
00665L,富邦�琤肭磪囓�2,17,0,17,國泰-松江,2023-08-31,8883
2883,凱基金,20,4,16,國泰-松江,2023-08-31,8883
9934,成霖,14,0,14,國泰-松江,2023-08-31,8883
1326,台化,14,0,14,國泰-松江,2023-08-31,8883
2402,毅嘉,287,274,13,國泰-松江,2023-08-31,8883
2002,中鋼,13,0,13,國泰-松江,2023-08-31,8883
00671R,富邦NASDAQ反1,800,0,800,國泰-松江,2023-09-01,8883
00932,兆豐永續高息等權,425,0,425,國泰-松江,2023-09-01,8883
00929,復華台灣科技優息,283,33,250,國泰-松江,2023-09-01,8883
00919,群益台灣精選高息,255,50,205,國泰-松江,2023-09-01,8883
00878,國泰永續高股息,136,16,120,國泰-松江,2023-09-01,8883
2888,新光金,117,32,85,國泰-松江,2023-09-01,8883
2520,冠德,63,3,60,國泰-松江,2023-09-01,8883
2363,矽統,404,348,56,國泰-松江,2023-09-01,8883
6505,台塑化,53,0,53,國泰-松江,2023-09-01,8883
2409,友達,50,1,49,國泰-松江,2023-09-01,8883
3231,緯創,200,152,48,國泰-松江,2023-09-01,8883
00673R,期元大S＆P原油反1,52,8,44,國泰-松江,2023-09-01,8883
00633L,富邦上証正2,40,0,40,國泰-松江,2023-09-01,8883
2331,精英,94,55,39,國泰-松江,2023-09-01,8883
1609,大亞,39,4,35,國泰-松江,2023-09-01,8883
1504,東元,44,11,33,國泰-松江,2023-09-01,8883
0056,元大高股息,36,3,33,國泰-松江,2023-09-01,8883
2201,裕隆,59,26,33,國泰-松江,2023-09-01,8883
2543,皇昌,35,3,32,國泰-松江,2023-09-01,8883
00679B,元大美債20年,44,12,32,國泰-松江,2023-09-01,8883
3011,今皓,70,40,30,國泰-松江,2023-09-01,8883
2312,金寶,42,14,28,國泰-松江,2023-09-01,8883
4906,正文,47,19,28,國泰-松江,2023-09-01,8883
2376,技嘉,84,58,26,國泰-松江,2023-09-01,8883
2356,英業達,172,147,25,國泰-松江,2023-09-01,8883
1216,統一,24,0,24,國泰-松江,2023-09-01,8883
2382,廣達,130,107,23,國泰-松江,2023-09-01,8883
6187,萬潤,24,1,23,國泰-松江,2023-09-01,8883
6191,精成科,38,15,23,國泰-松江,2023-09-01,8883
1721,三晃,22,0,22,國泰-松江,2023-09-01,8883
5225,東科-KY,83,64,19,國泰-松江,2023-09-01,8883
2355,敬鵬,49,31,18,國泰-松江,2023-09-01,8883
3049,精金,20,2,18,國泰-松江,2023-09-01,8883
2485,兆赫,223,205,18,國泰-松江,2023-09-01,8883
6168,宏齊,31,14,17,國泰-松江,2023-09-01,8883
3163,波若威,89,72,17,國泰-松江,2023-09-01,8883
1605,華新,26,9,17,國泰-松江,2023-09-01,8883
6139,亞翔,19,3,16,國泰-松江,2023-09-01,8883
8358,金居,19,3,16,國泰-松江,2023-09-01,8883
6122,擎邦,57,42,15,國泰-松江,2023-09-01,8883
2528,皇普,15,0,15,國泰-松江,2023-09-01,8883
00924,復華S＆P500成長,15,0,15,國泰-松江,2023-09-01,8883
3653,健策,31,16,15,國泰-松江,2023-09-01,8883
00882,中信中國高股息,14,0,14,國泰-松江,2023-09-01,8883
1519,華城,48,34,14,國泰-松江,2023-09-01,8883
6404,通訊-KY,14,0,14,國泰-松江,2023-09-01,8883
8110,華東,14,0,14,國泰-松江,2023-09-01,8883
2880,華南金,14,0,14,國泰-松江,2023-09-01,8883
2457,飛宏,19,5,14,國泰-松江,2023-09-01,8883
2891,中信金,13,0,13,國泰-松江,2023-09-01,8883
2363,矽統,922,185,737,國泰-松江,2023-09-04,8883
00929,復華台灣科技優息,284,55,229,國泰-松江,2023-09-04,8883
2371,大同,236,31,205,國泰-松江,2023-09-04,8883
3481,群創,141,4,137,國泰-松江,2023-09-04,8883
00688L,國泰20年美債正2,110,0,110,國泰-松江,2023-09-04,8883
00919,群益台灣精選高息,112,22,90,國泰-松江,2023-09-04,8883
1802,台玻,117,36,81,國泰-松江,2023-09-04,8883
5225,東科-KY,68,1,67,國泰-松江,2023-09-04,8883
2528,皇普,65,0,65,國泰-松江,2023-09-04,8883
00673R,期元大S＆P原油反1,70,6,64,國泰-松江,2023-09-04,8883
00915,凱基優選高股息30,61,0,61,國泰-松江,2023-09-04,8883
6213,聯茂,87,34,53,國泰-松江,2023-09-04,8883
00931B,統一美債20年,57,5,52,國泰-松江,2023-09-04,8883
1504,東元,53,11,42,國泰-松江,2023-09-04,8883
2603,長榮,56,17,39,國泰-松江,2023-09-04,8883
2634,漢翔,53,16,37,國泰-松江,2023-09-04,8883
3257,虹冠電,46,10,36,國泰-松江,2023-09-04,8883
2883B,凱基金乙特,35,0,35,國泰-松江,2023-09-04,8883
2618,長榮航,45,11,34,國泰-松江,2023-09-04,8883
3701,大眾控,47,14,33,國泰-松江,2023-09-04,8883
4967,十銓,56,24,32,國泰-松江,2023-09-04,8883
00720B,元大投資級公司債,31,0,31,國泰-松江,2023-09-04,8883
00772B,中信高評級公司債,42,12,30,國泰-松江,2023-09-04,8883
6143,振曜,31,4,27,國泰-松江,2023-09-04,8883
5210,寶碩,27,0,27,國泰-松江,2023-09-04,8883
6282,康舒,123,97,26,國泰-松江,2023-09-04,8883
00751B,元大AAA至A公司債,27,1,26,國泰-松江,2023-09-04,8883
2816,旺旺保,26,0,26,國泰-松江,2023-09-04,8883
2543,皇昌,27,1,26,國泰-松江,2023-09-04,8883
00679B,元大美債20年,24,1,23,國泰-松江,2023-09-04,8883
8069,元太,33,10,23,國泰-松江,2023-09-04,8883
2457,飛宏,32,10,22,國泰-松江,2023-09-04,8883
2344,華邦電,24,2,22,國泰-松江,2023-09-04,8883
9945,潤泰新,23,2,21,國泰-松江,2023-09-04,8883
2881,富邦金,25,4,21,國泰-松江,2023-09-04,8883
1810,和成,22,1,21,國泰-松江,2023-09-04,8883
5880,合庫金,21,0,21,國泰-松江,2023-09-04,8883
2376,技嘉,71,51,20,國泰-松江,2023-09-04,8883
1402,遠東新,21,1,20,國泰-松江,2023-09-04,8883
00680L,元大美債20正2,22,2,20,國泰-松江,2023-09-04,8883
2520,冠德,20,0,20,國泰-松江,2023-09-04,8883
2357,華碩,20,0,20,國泰-松江,2023-09-04,8883
2704,國賓,20,1,19,國泰-松江,2023-09-04,8883
2449,京元電子,25,6,19,國泰-松江,2023-09-04,8883
2358,廷鑫,18,1,17,國泰-松江,2023-09-04,8883
2340,台亞,18,1,17,國泰-松江,2023-09-04,8883
00712,復華富時不動產,26,9,17,國泰-松江,2023-09-04,8883
2382,廣達,78,61,17,國泰-松江,2023-09-04,8883
3011,今皓,23,7,16,國泰-松江,2023-09-04,8883
2497,怡利電,23,7,16,國泰-松江,2023-09-04,8883
00637L,元大滬深300正2,1006,0,1006,國泰-松江,2023-09-05,8883
00929,復華台灣科技優息,549,90,459,國泰-松江,2023-09-05,8883
2888,新光金,419,0,419,國泰-松江,2023-09-05,8883
00919,群益台灣精選高息,263,82,181,國泰-松江,2023-09-05,8883
5225,東科-KY,123,6,117,國泰-松江,2023-09-05,8883
00918,大華優利高填息30,107,0,107,國泰-松江,2023-09-05,8883
3035,智原,139,55,84,國泰-松江,2023-09-05,8883
00915,凱基優選高股息30,77,0,77,國泰-松江,2023-09-05,8883
8358,金居,159,90,69,國泰-松江,2023-09-05,8883
2486,一詮,68,3,65,國泰-松江,2023-09-05,8883
00650L,復華香港正2,66,4,62,國泰-松江,2023-09-05,8883
2887,台新金,43,3,40,國泰-松江,2023-09-05,8883
00753L,中信中國50正2,225,186,39,國泰-松江,2023-09-05,8883
00882,中信中國高股息,45,8,37,國泰-松江,2023-09-05,8883
2633,台灣高鐵,37,3,34,國泰-松江,2023-09-05,8883
2412,中華電,32,0,32,國泰-松江,2023-09-05,8883
2618,長榮航,41,10,31,國泰-松江,2023-09-05,8883
3051,力特,61,30,31,國泰-松江,2023-09-05,8883
5608,四維航,31,1,30,國泰-松江,2023-09-05,8883
2906,高林,37,7,30,國泰-松江,2023-09-05,8883
6223,旺矽,35,7,28,國泰-松江,2023-09-05,8883
2103,台橡,25,0,25,國泰-松江,2023-09-05,8883
2409,友達,27,3,24,國泰-松江,2023-09-05,8883
3481,群創,35,13,22,國泰-松江,2023-09-05,8883
4147,中裕,28,7,21,國泰-松江,2023-09-05,8883
2436,偉詮電,155,135,20,國泰-松江,2023-09-05,8883
2031,新光鋼,20,0,20,國泰-松江,2023-09-05,8883
3094,聯傑,20,0,20,國泰-松江,2023-09-05,8883
2634,漢翔,62,43,19,國泰-松江,2023-09-05,8883
2376,技嘉,53,36,17,國泰-松江,2023-09-05,8883
5880,合庫金,21,3,18,國泰-松江,2023-09-05,8883
00932,兆豐永續高息等權,26,9,17,國泰-松江,2023-09-05,8883
1314,中石化,17,0,17,國泰-松江,2023-09-05,8883
2498,宏達電,17,0,17,國泰-松江,2023-09-05,8883
3163,波若威,25,8,17,國泰-松江,2023-09-05,8883
00931B,統一美債20年,29,12,17,國泰-松江,2023-09-05,8883
3014,聯陽,29,13,16,國泰-松江,2023-09-05,8883
2834,臺企銀,16,0,16,國泰-松江,2023-09-05,8883
00636,國泰中國A50,16,0,16,國泰-松江,2023-09-05,8883
00680L,元大美債20正2,16,1,15,國泰-松江,2023-09-05,8883
2201,裕隆,57,42,15,國泰-松江,2023-09-05,8883
2884,玉山金,16,1,15,國泰-松江,2023-09-05,8883
00773B,中信優先金融債,15,0,15,國泰-松江,2023-09-05,8883
4551,智伸科,15,0,15,國泰-松江,2023-09-05,8883
2881,富邦金,16,3,13,國泰-松江,2023-09-05,8883
5425,台半,15,2,13,國泰-松江,2023-09-05,8883
2610,華航,55,42,13,國泰-松江,2023-09-05,8883
8215,明基材,14,1,13,國泰-松江,2023-09-05,8883
2206,三陽工業,15,2,13,國泰-松江,2023-09-05,8883
5351,鈺創,28,15,13,國泰-松江,2023-09-05,8883
00929,復華台灣科技優息,664,279,385,國泰-松江,2023-09-06,8883
2308,台達電,215,0,215,國泰-松江,2023-09-06,8883
00915,凱基優選高股息30,209,24,185,國泰-松江,2023-09-06,8883
00919,群益台灣精選高息,220,61,159,國泰-松江,2023-09-06,8883
2409,友達,137,5,132,國泰-松江,2023-09-06,8883
3715,定穎投控,235,110,125,國泰-松江,2023-09-06,8883
8069,元太,102,1,101,國泰-松江,2023-09-06,8883
00932,兆豐永續高息等權,63,1,62,國泰-松江,2023-09-06,8883
6213,聯茂,92,31,61,國泰-松江,2023-09-06,8883
00688L,國泰20年美債正2,58,0,58,國泰-松江,2023-09-06,8883
2458,義隆,55,2,53,國泰-松江,2023-09-06,8883
00902,中信電池及儲能,50,0,50,國泰-松江,2023-09-06,8883
00882,中信中國高股息,49,0,49,國泰-松江,2023-09-06,8883
3481,群創,209,160,49,國泰-松江,2023-09-06,8883
3163,波若威,98,50,48,國泰-松江,2023-09-06,8883
6168,宏齊,48,2,46,國泰-松江,2023-09-06,8883
2401,凌陽,116,72,44,國泰-松江,2023-09-06,8883
00650L,復華香港正2,65,21,44,國泰-松江,2023-09-06,8883
00679B,元大美債20年,44,0,44,國泰-松江,2023-09-06,8883
2412,中華電,42,1,41,國泰-松江,2023-09-06,8883
2241,艾姆勒,42,1,41,國泰-松江,2023-09-06,8883
1560,中砂,40,0,40,國泰-松江,2023-09-06,8883
2436,偉詮電,67,28,39,國泰-松江,2023-09-06,8883
2834,臺企銀,38,0,38,國泰-松江,2023-09-06,8883
00931B,統一美債20年,45,9,36,國泰-松江,2023-09-06,8883
3042,晶技,65,30,35,國泰-松江,2023-09-06,8883
1101,台泥,55,20,35,國泰-松江,2023-09-06,8883
2301,光寶科,39,4,35,國泰-松江,2023-09-06,8883
5880,合庫金,34,0,34,國泰-松江,2023-09-06,8883
00713,元大台灣高息低波,33,1,32,國泰-松江,2023-09-06,8883
2618,長榮航,42,11,31,國泰-松江,2023-09-06,8883
5457,宣德,41,10,31,國泰-松江,2023-09-06,8883
2891,中信金,36,5,31,國泰-松江,2023-09-06,8883
2883B,凱基金乙特,31,0,31,國泰-松江,2023-09-06,8883
8215,明基材,31,0,31,國泰-松江,2023-09-06,8883
3615,安可,28,1,27,國泰-松江,2023-09-06,8883
2330,台積電,28,1,27,國泰-松江,2023-09-06,8883
5488,松普,28,3,25,國泰-松江,2023-09-06,8883
2357,華碩,27,2,25,國泰-松江,2023-09-06,8883
6505,台塑化,23,0,23,國泰-松江,2023-09-06,8883
3617,碩天,51,28,23,國泰-松江,2023-09-06,8883
2888,新光金,23,0,23,國泰-松江,2023-09-06,8883
3479,安勤,25,3,22,國泰-松江,2023-09-06,8883
00673R,期元大S＆P原油反1,27,5,22,國泰-松江,2023-09-06,8883
2027,大成鋼,20,1,19,國泰-松江,2023-09-06,8883
00687B,國泰20年美債,21,2,19,國泰-松江,2023-09-06,8883
2204,中華,31,13,18,國泰-松江,2023-09-06,8883
2457,飛宏,92,75,17,國泰-松江,2023-09-06,8883
2421,建準,37,20,17,國泰-松江,2023-09-06,8883
00907,永豐優息存股,17,0,17,國泰-松江,2023-09-06,8883
00637L,元大滬深300正2,2498,1996,502,國泰-松江,2023-09-07,8883
00929,復華台灣科技優息,592,174,418,國泰-松江,2023-09-07,8883
00919,群益台灣精選高息,256,34,222,國泰-松江,2023-09-07,8883
00753L,中信中國50正2,182,50,132,國泰-松江,2023-09-07,8883
4909,新復興,134,15,119,國泰-松江,2023-09-07,8883
00931B,統一美債20年,109,6,103,國泰-松江,2023-09-07,8883
00932,兆豐永續高息等權,93,0,93,國泰-松江,2023-09-07,8883
2330,台積電,80,2,78,國泰-松江,2023-09-07,8883
8112,至上,114,43,71,國泰-松江,2023-09-07,8883
00902,中信電池及儲能,62,0,62,國泰-松江,2023-09-07,8883
2884,玉山金,61,5,56,國泰-松江,2023-09-07,8883
2485,兆赫,242,187,55,國泰-松江,2023-09-07,8883
5457,宣德,74,20,54,國泰-松江,2023-09-07,8883
3231,緯創,81,29,52,國泰-松江,2023-09-07,8883
00878,國泰永續高股息,146,95,51,國泰-松江,2023-09-07,8883
1402,遠東新,49,0,49,國泰-松江,2023-09-07,8883
2455,全新,51,2,49,國泰-松江,2023-09-07,8883
3209,全科,50,5,45,國泰-松江,2023-09-07,8883
5225,東科-KY,83,42,41,國泰-松江,2023-09-07,8883
8105,凌巨,40,0,40,國泰-松江,2023-09-07,8883
2412,中華電,40,0,40,國泰-松江,2023-09-07,8883
3014,聯陽,69,32,37,國泰-松江,2023-09-07,8883
3481,群創,55,20,35,國泰-松江,2023-09-07,8883
2610,華航,34,2,32,國泰-松江,2023-09-07,8883
2543,皇昌,29,0,29,國泰-松江,2023-09-07,8883
2618,長榮航,30,1,29,國泰-松江,2023-09-07,8883
2204,中華,56,30,26,國泰-松江,2023-09-07,8883
3011,今皓,26,1,25,國泰-松江,2023-09-07,8883
00679B,元大美債20年,26,2,24,國泰-松江,2023-09-07,8883
4543,萬在,25,1,24,國泰-松江,2023-09-07,8883
0056,元大高股息,31,8,23,國泰-松江,2023-09-07,8883
6505,台塑化,22,0,22,國泰-松江,2023-09-07,8883
6187,萬潤,22,0,22,國泰-松江,2023-09-07,8883
0050,元大台灣50,23,1,22,國泰-松江,2023-09-07,8883
3491,昇達科,21,0,21,國泰-松江,2023-09-07,8883
6290,良維,21,0,21,國泰-松江,2023-09-07,8883
00631L,元大台灣50正2,21,0,21,國泰-松江,2023-09-07,8883
00918,大華優利高填息30,20,0,20,國泰-松江,2023-09-07,8883
2329,華泰,40,20,20,國泰-松江,2023-09-07,8883
2313,華通,85,68,17,國泰-松江,2023-09-07,8883
00772B,中信高評級公司債,17,0,17,國泰-松江,2023-09-07,8883
00673R,期元大S＆P原油反1,17,0,17,國泰-松江,2023-09-07,8883
9945,潤泰新,17,0,17,國泰-松江,2023-09-07,8883
2324,仁寶,21,4,17,國泰-松江,2023-09-07,8883
00907,永豐優息存股,16,0,16,國泰-松江,2023-09-07,8883
3322,建舜電,26,10,16,國泰-松江,2023-09-07,8883
2886,兆豐金,17,2,15,國泰-松江,2023-09-07,8883
3051,力特,24,9,15,國泰-松江,2023-09-07,8883
00713,元大台灣高息低波,22,8,14,國泰-松江,2023-09-07,8883
3704,合勤控,35,21,14,國泰-松江,2023-09-07,8883
2363,矽統,772,358,414,國泰-松江,2023-09-08,8883
00929,復華台灣科技優息,240,55,185,國泰-松江,2023-09-08,8883
00919,群益台灣精選高息,196,17,179,國泰-松江,2023-09-08,8883
2382,廣達,145,41,104,國泰-松江,2023-09-08,8883
00931B,統一美債20年,115,12,103,國泰-松江,2023-09-08,8883
8069,元太,104,3,101,國泰-松江,2023-09-08,8883
5225,東科-KY,105,16,89,國泰-松江,2023-09-08,8883
3481,群創,85,21,64,國泰-松江,2023-09-08,8883
2887,台新金,65,1,64,國泰-松江,2023-09-08,8883
3715,定穎投控,204,143,61,國泰-松江,2023-09-08,8883
00720B,元大投資級公司債,59,0,59,國泰-松江,2023-09-08,8883
9938,百和,55,3,52,國泰-松江,2023-09-08,8883
2002,中鋼,52,8,44,國泰-松江,2023-09-08,8883
6147,頎邦,42,1,41,國泰-松江,2023-09-08,8883
2356,英業達,57,20,37,國泰-松江,2023-09-08,8883
8112,至上,60,26,34,國泰-松江,2023-09-08,8883
2201,裕隆,38,5,33,國泰-松江,2023-09-08,8883
00915,凱基優選高股息30,30,0,30,國泰-松江,2023-09-08,8883
2204,中華,31,5,26,國泰-松江,2023-09-08,8883
9105,泰金寶-DR,39,14,25,國泰-松江,2023-09-08,8883
00907,永豐優息存股,30,5,25,國泰-松江,2023-09-08,8883
2486,一詮,49,24,25,國泰-松江,2023-09-08,8883
1802,台玻,25,1,24,國泰-松江,2023-09-08,8883
00918,大華優利高填息30,24,0,24,國泰-松江,2023-09-08,8883
2376,技嘉,53,30,23,國泰-松江,2023-09-08,8883
2402,毅嘉,40,18,22,國泰-松江,2023-09-08,8883
8215,明基材,52,30,22,國泰-松江,2023-09-08,8883
3704,合勤控,36,14,22,國泰-松江,2023-09-08,8883
00895,富邦未來車,20,0,20,國泰-松江,2023-09-08,8883
1316,上曜,20,0,20,國泰-松江,2023-09-08,8883
00633L,富邦上証正2,20,0,20,國泰-松江,2023-09-08,8883
3305,昇貿,20,1,19,國泰-松江,2023-09-08,8883
1609,大亞,21,4,17,國泰-松江,2023-09-08,8883
00713,元大台灣高息低波,21,4,17,國泰-松江,2023-09-08,8883
2317,鴻海,26,9,17,國泰-松江,2023-09-08,8883
2618,長榮航,46,30,16,國泰-松江,2023-09-08,8883
00882,中信中國高股息,16,0,16,國泰-松江,2023-09-08,8883
3105,穩懋,18,2,16,國泰-松江,2023-09-08,8883
8050,廣積,42,27,15,國泰-松江,2023-09-08,8883
2330,台積電,26,11,15,國泰-松江,2023-09-08,8883
2352,佳世達,15,1,14,國泰-松江,2023-09-08,8883
5301,寶得利,15,1,14,國泰-松江,2023-09-08,8883
2337,旺宏,17,3,14,國泰-松江,2023-09-08,8883
0050,元大台灣50,18,4,14,國泰-松江,2023-09-08,8883
3088,艾訊,22,9,13,國泰-松江,2023-09-08,8883
2313,華通,33,20,13,國泰-松江,2023-09-08,8883
00673R,期元大S＆P原油反1,12,0,12,國泰-松江,2023-09-08,8883
00922,國泰台灣領袖50,13,2,11,國泰-松江,2023-09-08,8883
6275,元山,12,1,11,國泰-松江,2023-09-08,8883
00671R,富邦NASDAQ反1,11,0,11,國泰-松江,2023-09-08,8883
00878,國泰永續高股息,654,119,535,國泰-松江,2023-09-11,8883
00931B,統一美債20年,333,24,309,國泰-松江,2023-09-11,8883
00919,群益台灣精選高息,392,145,247,國泰-松江,2023-09-11,8883
00929,復華台灣科技優息,264,55,209,國泰-松江,2023-09-11,8883
00665L,富邦�琤肭磪囓�2,251,50,201,國泰-松江,2023-09-11,8883
1445,大宇,200,0,200,國泰-松江,2023-09-11,8883
00918,大華優利高填息30,121,1,120,國泰-松江,2023-09-11,8883
3715,定穎投控,155,64,91,國泰-松江,2023-09-11,8883
00915,凱基優選高股息30,95,5,90,國泰-松江,2023-09-11,8883
3583,辛耘,96,12,84,國泰-松江,2023-09-11,8883
2363,矽統,289,206,83,國泰-松江,2023-09-11,8883
5225,東科-KY,66,1,65,國泰-松江,2023-09-11,8883
2354,鴻準,60,0,60,國泰-松江,2023-09-11,8883
2634,漢翔,129,70,59,國泰-松江,2023-09-11,8883
0056,元大高股息,93,39,54,國泰-松江,2023-09-11,8883
6191,精成科,78,27,51,國泰-松江,2023-09-11,8883
0050,元大台灣50,57,8,49,國泰-松江,2023-09-11,8883
1605,華新,48,0,48,國泰-松江,2023-09-11,8883
3046,建��,55,11,44,國泰-松江,2023-09-11,8883
2402,毅嘉,54,11,43,國泰-松江,2023-09-11,8883
3711,日月光投控,57,15,42,國泰-松江,2023-09-11,8883
2352,佳世達,72,30,42,國泰-松江,2023-09-11,8883
2409,友達,42,5,37,國泰-松江,2023-09-11,8883
1434,福懋,35,0,35,國泰-松江,2023-09-11,8883
2014,中鴻,35,1,34,國泰-松江,2023-09-11,8883
2376,技嘉,74,41,33,國泰-松江,2023-09-11,8883
00923,群益台ESG低碳50,38,7,31,國泰-松江,2023-09-11,8883
00680L,元大美債20正2,33,2,31,國泰-松江,2023-09-11,8883
5425,台半,35,5,30,國泰-松江,2023-09-11,8883
00637L,元大滬深300正2,30,0,30,國泰-松江,2023-09-11,8883
00706L,期元大S＆P日圓正2,30,0,30,國泰-松江,2023-09-11,8883
00687B,國泰20年美債,29,1,28,國泰-松江,2023-09-11,8883
00932,兆豐永續高息等權,33,6,27,國泰-松江,2023-09-11,8883
2345,智邦,27,1,26,國泰-松江,2023-09-11,8883
2388,威盛,47,21,26,國泰-松江,2023-09-11,8883
2605,新興,25,0,25,國泰-松江,2023-09-11,8883
4720,德淵,25,0,25,國泰-松江,2023-09-11,8883
2356,英業達,147,124,23,國泰-松江,2023-09-11,8883
00882,中信中國高股息,24,2,22,國泰-松江,2023-09-11,8883
00673R,期元大S＆P原油反1,21,0,21,國泰-松江,2023-09-11,8883
6282,康舒,33,12,21,國泰-松江,2023-09-11,8883
2312,金寶,24,4,20,國泰-松江,2023-09-11,8883
3576,聯合再生,47,27,20,國泰-松江,2023-09-11,8883
2330,台積電,23,3,20,國泰-松江,2023-09-11,8883
00900,富邦特選高股息30,29,9,20,國泰-松江,2023-09-11,8883
2313,華通,31,12,19,國泰-松江,2023-09-11,8883
3206,志豐,19,0,19,國泰-松江,2023-09-11,8883
1522,堤維西,32,14,18,國泰-松江,2023-09-11,8883
3376,新日興,27,9,18,國泰-松江,2023-09-11,8883
6274,台燿,26,8,18,國泰-松江,2023-09-11,8883
5225,東科-KY,185,0,185,國泰-松江,2023-09-12,8883
00878,國泰永續高股息,203,45,158,國泰-松江,2023-09-12,8883
8069,元太,200,59,141,國泰-松江,2023-09-12,8883
00919,群益台灣精選高息,150,23,127,國泰-松江,2023-09-12,8883
6120,達運,130,7,123,國泰-松江,2023-09-12,8883
00706L,期元大S＆P日圓正2,104,0,104,國泰-松江,2023-09-12,8883
00673R,期元大S＆P原油反1,102,0,102,國泰-松江,2023-09-12,8883
6139,亞翔,65,3,62,國泰-松江,2023-09-12,8883
3231,緯創,124,73,51,國泰-松江,2023-09-12,8883
00688L,國泰20年美債正2,50,0,50,國泰-松江,2023-09-12,8883
2412,中華電,41,0,41,國泰-松江,2023-09-12,8883
00753L,中信中國50正2,356,317,39,國泰-松江,2023-09-12,8883
2313,華通,247,209,38,國泰-松江,2023-09-12,8883
2330,台積電,42,6,36,國泰-松江,2023-09-12,8883
6126,信音,36,0,36,國泰-松江,2023-09-12,8883
6116,彩晶,42,7,35,國泰-松江,2023-09-12,8883
3576,聯合再生,34,0,34,國泰-松江,2023-09-12,8883
8936,國統,33,0,33,國泰-松江,2023-09-12,8883
1301,台塑,32,0,32,國泰-松江,2023-09-12,8883
2538,基泰,95,63,32,國泰-松江,2023-09-12,8883
6125,廣運,53,22,31,國泰-松江,2023-09-12,8883
4967,十銓,31,1,30,國泰-松江,2023-09-12,8883
2201,裕隆,42,14,28,國泰-松江,2023-09-12,8883
2402,毅嘉,55,27,28,國泰-松江,2023-09-12,8883
6505,台塑化,25,1,24,國泰-松江,2023-09-12,8883
1326,台化,26,2,24,國泰-松江,2023-09-12,8883
00712,復華富時不動產,35,11,24,國泰-松江,2023-09-12,8883
00679B,元大美債20年,23,0,23,國泰-松江,2023-09-12,8883
2376,技嘉,80,57,23,國泰-松江,2023-09-12,8883
2460,建通,23,1,22,國泰-松江,2023-09-12,8883
00764B,群益25年美債,22,0,22,國泰-松江,2023-09-12,8883
6443,元晶,21,0,21,國泰-松江,2023-09-12,8883
3078,僑威,31,10,21,國泰-松江,2023-09-12,8883
3046,建��,43,22,21,國泰-松江,2023-09-12,8883
00637L,元大滬深300正2,30,9,21,國泰-松江,2023-09-12,8883
3058,立德,20,0,20,國泰-松江,2023-09-12,8883
1303,南亞,20,0,20,國泰-松江,2023-09-12,8883
2882,國泰金,28,8,20,國泰-松江,2023-09-12,8883
2357,華碩,43,26,17,國泰-松江,2023-09-12,8883
00918,大華優利高填息30,22,5,17,國泰-松江,2023-09-12,8883
6274,台燿,27,10,17,國泰-松江,2023-09-12,8883
3264,欣銓,20,4,16,國泰-松江,2023-09-12,8883
1101,台泥,26,10,16,國泰-松江,2023-09-12,8883
00882,中信中國高股息,16,1,15,國泰-松江,2023-09-12,8883
3014,聯陽,23,8,15,國泰-松江,2023-09-12,8883
00633L,富邦上証正2,15,0,15,國泰-松江,2023-09-12,8883
1810,和成,15,0,15,國泰-松江,2023-09-12,8883
2301,光寶科,34,20,14,國泰-松江,2023-09-12,8883
8097,常珵,14,0,14,國泰-松江,2023-09-12,8883
3711,日月光投控,51,37,14,國泰-松江,2023-09-12,8883
2402,毅嘉,233,31,202,國泰-松江,2023-09-13,8883
00929,復華台灣科技優息,230,28,202,國泰-松江,2023-09-13,8883
1445,大宇,200,0,200,國泰-松江,2023-09-13,8883
00919,群益台灣精選高息,210,19,191,國泰-松江,2023-09-13,8883
5465,富驊,71,0,71,國泰-松江,2023-09-13,8883
6531,愛普*,84,17,67,國泰-松江,2023-09-13,8883
3711,日月光投控,69,9,60,國泰-松江,2023-09-13,8883
00632R,元大台灣50反1,60,0,60,國泰-松江,2023-09-13,8883
00882,中信中國高股息,46,4,42,國泰-松江,2023-09-13,8883
2412,中華電,41,0,41,國泰-松江,2023-09-13,8883
3363,上詮,82,41,41,國泰-松江,2023-09-13,8883
00773B,中信優先金融債,37,1,36,國泰-松江,2023-09-13,8883
3481,群創,38,3,35,國泰-松江,2023-09-13,8883
3006,晶豪科,37,3,34,國泰-松江,2023-09-13,8883
3231,緯創,96,63,33,國泰-松江,2023-09-13,8883
5213,亞昕,28,0,28,國泰-松江,2023-09-13,8883
5347,世界,34,6,28,國泰-松江,2023-09-13,8883
3163,波若威,78,57,21,國泰-松江,2023-09-13,8883
6274,台燿,28,7,21,國泰-松江,2023-09-13,8883
2340,台亞,29,8,21,國泰-松江,2023-09-13,8883
2354,鴻準,23,2,21,國泰-松江,2023-09-13,8883
5009,榮剛,22,2,20,國泰-松江,2023-09-13,8883
8033,雷虎,25,6,19,國泰-松江,2023-09-13,8883
1319,東陽,78,60,18,國泰-松江,2023-09-13,8883
00751B,元大AAA至A公司債,19,1,18,國泰-松江,2023-09-13,8883
9945,潤泰新,38,20,18,國泰-松江,2023-09-13,8883
00650L,復華香港正2,38,20,18,國泰-松江,2023-09-13,8883
2888,新光金,32,15,17,國泰-松江,2023-09-13,8883
00922,國泰台灣領袖50,17,1,16,國泰-松江,2023-09-13,8883
1524,耿鼎,152,136,16,國泰-松江,2023-09-13,8883
00918,大華優利高填息30,67,51,16,國泰-松江,2023-09-13,8883
5225,東科-KY,21,5,16,國泰-松江,2023-09-13,8883
4919,新唐,21,5,16,國泰-松江,2023-09-13,8883
3059,華晶科,15,0,15,國泰-松江,2023-09-13,8883
2374,佳能,36,21,15,國泰-松江,2023-09-13,8883
00719B,元大美債1-3,15,0,15,國泰-松江,2023-09-13,8883
2355,敬鵬,42,28,14,國泰-松江,2023-09-13,8883
2201,裕隆,58,44,14,國泰-松江,2023-09-13,8883
6288,聯嘉,22,9,13,國泰-松江,2023-09-13,8883
3051,力特,13,0,13,國泰-松江,2023-09-13,8883
2515,中工,14,1,13,國泰-松江,2023-09-13,8883
8011,台通,13,0,13,國泰-松江,2023-09-13,8883
2330,台積電,17,4,13,國泰-松江,2023-09-13,8883
00712,復華富時不動產,20,7,13,國泰-松江,2023-09-13,8883
4739,康普,14,2,12,國泰-松江,2023-09-13,8883
3213,茂訊,16,4,12,國泰-松江,2023-09-13,8883
2497,怡利電,28,16,12,國泰-松江,2023-09-13,8883
2476,鉅祥,12,0,12,國泰-松江,2023-09-13,8883
00720B,元大投資級公司債,42,30,12,國泰-松江,2023-09-13,8883
2368,金像電,15,3,12,國泰-松江,2023-09-13,8883
00632R,元大台灣50反1,413,10,403,國泰-松江,2023-09-14,8883
00929,復華台灣科技優息,448,59,389,國泰-松江,2023-09-14,8883
5351,鈺創,180,5,175,國泰-松江,2023-09-14,8883
00671R,富邦NASDAQ反1,100,0,100,國泰-松江,2023-09-14,8883
00919,群益台灣精選高息,136,41,95,國泰-松江,2023-09-14,8883
00885,富邦越南,83,7,76,國泰-松江,2023-09-14,8883
4979,華星光,81,24,57,國泰-松江,2023-09-14,8883
2301,光寶科,91,36,55,國泰-松江,2023-09-14,8883
6531,愛普*,57,12,45,國泰-松江,2023-09-14,8883
3213,茂訊,52,10,42,國泰-松江,2023-09-14,8883
2412,中華電,40,0,40,國泰-松江,2023-09-14,8883
00915,凱基優選高股息30,38,1,37,國泰-松江,2023-09-14,8883
00712,復華富時不動產,33,0,33,國泰-松江,2023-09-14,8883
00720B,元大投資級公司債,31,0,31,國泰-松江,2023-09-14,8883
4908,前鼎,76,45,31,國泰-松江,2023-09-14,8883
00882,中信中國高股息,33,3,30,國泰-松江,2023-09-14,8883
5009,榮剛,50,21,29,國泰-松江,2023-09-14,8883
2233,宇隆,30,1,29,國泰-松江,2023-09-14,8883
5607,遠雄港,40,11,29,國泰-松江,2023-09-14,8883
5483,中美晶,35,7,28,國泰-松江,2023-09-14,8883
5608,四維航,48,20,28,國泰-松江,2023-09-14,8883
2382,廣達,63,37,26,國泰-松江,2023-09-14,8883
1519,華城,39,13,26,國泰-松江,2023-09-14,8883
2371,大同,38,15,23,國泰-松江,2023-09-14,8883
6120,達運,39,17,22,國泰-松江,2023-09-14,8883
2634,漢翔,28,6,22,國泰-松江,2023-09-14,8883
6213,聯茂,23,2,21,國泰-松江,2023-09-14,8883
1568,倉佑,36,15,21,國泰-松江,2023-09-14,8883
3665,貿聯-KY,20,0,20,國泰-松江,2023-09-14,8883
2413,環科,20,0,20,國泰-松江,2023-09-14,8883
1802,台玻,22,2,20,國泰-松江,2023-09-14,8883
6231,系微,39,20,19,國泰-松江,2023-09-14,8883
2449,京元電子,35,16,19,國泰-松江,2023-09-14,8883
2402,毅嘉,32,13,19,國泰-松江,2023-09-14,8883
6792,詠業,19,1,18,國泰-松江,2023-09-14,8883
00719B,元大美債1-3,17,0,17,國泰-松江,2023-09-14,8883
00679B,元大美債20年,19,4,15,國泰-松江,2023-09-14,8883
00772B,中信高評級公司債,21,6,15,國泰-松江,2023-09-14,8883
1584,精剛,15,0,15,國泰-松江,2023-09-14,8883
00931B,統一美債20年,15,0,15,國泰-松江,2023-09-14,8883
4561,健椿,13,0,13,國泰-松江,2023-09-14,8883
2352,佳世達,19,7,12,國泰-松江,2023-09-14,8883
00896,中信綠能及電動車,14,2,12,國泰-松江,2023-09-14,8883
00665L,富邦�琤肭磪囓�2,21,10,11,國泰-松江,2023-09-14,8883
3563,牧德,11,0,11,國泰-松江,2023-09-14,8883
4906,正文,24,13,11,國泰-松江,2023-09-14,8883
1522,堤維西,188,177,11,國泰-松江,2023-09-14,8883
3229,晟鈦,10,0,10,國泰-松江,2023-09-14,8883
2618,長榮航,28,18,10,國泰-松江,2023-09-14,8883
6202,盛群,9,0,9,國泰-松江,2023-09-14,8883
00929,復華台灣科技優息,713,111,602,國泰-松江,2023-09-15,8883
00919,群益台灣精選高息,549,111,438,國泰-松江,2023-09-15,8883
00931B,統一美債20年,122,10,112,國泰-松江,2023-09-15,8883
2402,毅嘉,146,37,109,國泰-松江,2023-09-15,8883
00772B,中信高評級公司債,84,0,84,國泰-松江,2023-09-15,8883
3715,定穎投控,189,107,82,國泰-松江,2023-09-15,8883
3481,群創,93,15,78,國泰-松江,2023-09-15,8883
6282,康舒,78,7,71,國泰-松江,2023-09-15,8883
00688L,國泰20年美債正2,59,0,59,國泰-松江,2023-09-15,8883
2401,凌陽,59,3,56,國泰-松江,2023-09-15,8883
00665L,富邦�琤肭磪囓�2,60,5,55,國泰-松江,2023-09-15,8883
00753L,中信中國50正2,610,565,45,國泰-松江,2023-09-15,8883
00896,中信綠能及電動車,40,0,40,國泰-松江,2023-09-15,8883
4906,正文,51,11,40,國泰-松江,2023-09-15,8883
2543,皇昌,40,0,40,國泰-松江,2023-09-15,8883
00915,凱基優選高股息30,102,62,40,國泰-松江,2023-09-15,8883
6531,愛普*,137,100,37,國泰-松江,2023-09-15,8883
8054,安國,42,5,37,國泰-松江,2023-09-15,8883
00751B,元大AAA至A公司債,36,0,36,國泰-松江,2023-09-15,8883
00673R,期元大S＆P原油反1,86,50,36,國泰-松江,2023-09-15,8883
00680L,元大美債20正2,50,15,35,國泰-松江,2023-09-15,8883
2884,玉山金,31,0,31,國泰-松江,2023-09-15,8883
00687B,國泰20年美債,40,13,27,國泰-松江,2023-09-15,8883
2637,慧洋-KY,45,19,26,國泰-松江,2023-09-15,8883
6672,騰輝電子-KY,25,0,25,國泰-松江,2023-09-15,8883
00645,富邦日本,25,0,25,國泰-松江,2023-09-15,8883
2618,長榮航,37,13,24,國泰-松江,2023-09-15,8883
6275,元山,37,13,24,國泰-松江,2023-09-15,8883
3673,TPK-KY,24,0,24,國泰-松江,2023-09-15,8883
3035,智原,117,94,23,國泰-松江,2023-09-15,8883
2462,良得電,44,21,23,國泰-松江,2023-09-15,8883
00637L,元大滬深300正2,1021,998,23,國泰-松江,2023-09-15,8883
3362,先進光,40,18,22,國泰-松江,2023-09-15,8883
2020,美亞,28,7,21,國泰-松江,2023-09-15,8883
00652,富邦印度,20,0,20,國泰-松江,2023-09-15,8883
3653,健策,20,0,20,國泰-松江,2023-09-15,8883
2317,鴻海,19,0,19,國泰-松江,2023-09-15,8883
5009,榮剛,37,20,17,國泰-松江,2023-09-15,8883
2882,國泰金,17,1,16,國泰-松江,2023-09-15,8883
3264,欣銓,18,2,16,國泰-松江,2023-09-15,8883
2457,飛宏,22,6,16,國泰-松江,2023-09-15,8883
2887,台新金,21,6,15,國泰-松江,2023-09-15,8883
5258,虹堡,18,3,15,國泰-松江,2023-09-15,8883
6426,統新,19,4,15,國泰-松江,2023-09-15,8883
8044,網家,15,0,15,國泰-松江,2023-09-15,8883
4908,前鼎,90,75,15,國泰-松江,2023-09-15,8883
00675L,富邦臺灣加權正2,16,1,15,國泰-松江,2023-09-15,8883
3231,緯創,96,81,15,國泰-松江,2023-09-15,8883
3583,辛耘,17,2,15,國泰-松江,2023-09-15,8883
2891,中信金,14,0,14,國泰-松江,2023-09-15,8883
00929,復華台灣科技優息,817,97,720,國泰-松江,2023-09-18,8883
00919,群益台灣精選高息,556,89,467,國泰-松江,2023-09-18,8883
00878,國泰永續高股息,366,11,355,國泰-松江,2023-09-18,8883
00751B,元大AAA至A公司債,209,0,209,國泰-松江,2023-09-18,8883
00772B,中信高評級公司債,162,2,160,國泰-松江,2023-09-18,8883
2363,矽統,328,203,125,國泰-松江,2023-09-18,8883
00632R,元大台灣50反1,133,10,123,國泰-松江,2023-09-18,8883
00665L,富邦�琤肭磪囓�2,112,0,112,國泰-松江,2023-09-18,8883
2201,裕隆,124,16,108,國泰-松江,2023-09-18,8883
2617,台航,100,0,100,國泰-松江,2023-09-18,8883
8929,富堡,98,0,98,國泰-松江,2023-09-18,8883
2543,皇昌,98,0,98,國泰-松江,2023-09-18,8883
3036,文曄,100,4,96,國泰-松江,2023-09-18,8883
00679B,元大美債20年,94,0,94,國泰-松江,2023-09-18,8883
00918,大華優利高填息30,89,1,88,國泰-松江,2023-09-18,8883
00915,凱基優選高股息30,82,3,79,國泰-松江,2023-09-18,8883
00931B,統一美債20年,88,11,77,國泰-松江,2023-09-18,8883
00687B,國泰20年美債,72,1,71,國泰-松江,2023-09-18,8883
6531,愛普*,96,28,68,國泰-松江,2023-09-18,8883
3711,日月光投控,117,52,65,國泰-松江,2023-09-18,8883
2603,長榮,103,40,63,國泰-松江,2023-09-18,8883
00720B,元大投資級公司債,62,0,62,國泰-松江,2023-09-18,8883
3231,緯創,177,116,61,國泰-松江,2023-09-18,8883
2382,廣達,67,21,46,國泰-松江,2023-09-18,8883
00713,元大台灣高息低波,45,1,44,國泰-松江,2023-09-18,8883
00680L,元大美債20正2,43,3,40,國泰-松江,2023-09-18,8883
00882,中信中國高股息,49,8,41,國泰-松江,2023-09-18,8883
00637L,元大滬深300正2,1038,998,40,國泰-松江,2023-09-18,8883
2838,聯邦銀,38,0,38,國泰-松江,2023-09-18,8883
00650L,復華香港正2,58,24,34,國泰-松江,2023-09-18,8883
00885,富邦越南,38,5,33,國泰-松江,2023-09-18,8883
6282,康舒,49,15,34,國泰-松江,2023-09-18,8883
2330,台積電,37,7,30,國泰-松江,2023-09-18,8883
5009,榮剛,64,35,29,國泰-松江,2023-09-18,8883
2354,鴻準,30,5,25,國泰-松江,2023-09-18,8883
00795B,中信美國公債20年,27,2,25,國泰-松江,2023-09-18,8883
2427,三商電,30,6,24,國泰-松江,2023-09-18,8883
2402,毅嘉,29,5,24,國泰-松江,2023-09-18,8883
00923,群益台ESG低碳50,24,1,23,國泰-松江,2023-09-18,8883
6191,精成科,28,5,23,國泰-松江,2023-09-18,8883
3625,西勝,22,0,22,國泰-松江,2023-09-18,8883
5371,中光電,33,12,21,國泰-松江,2023-09-18,8883
2618,長榮航,38,18,20,國泰-松江,2023-09-18,8883
3715,定穎投控,111,91,20,國泰-松江,2023-09-18,8883
00753L,中信中國50正2,585,565,20,國泰-松江,2023-09-18,8883
8299,群聯,18,0,18,國泰-松江,2023-09-18,8883
2609,陽明,39,21,18,國泰-松江,2023-09-18,8883
3324,雙鴻,37,20,17,國泰-松江,2023-09-18,8883
3037,欣興,24,7,17,國泰-松江,2023-09-18,8883
00932,兆豐永續高息等權,16,0,16,國泰-松江,2023-09-18,8883
00929,復華台灣科技優息,485,88,397,國泰-松江,2023-09-19,8883
1445,大宇,382,0,382,國泰-松江,2023-09-19,8883
2607,榮運,311,0,311,國泰-松江,2023-09-19,8883
2886,兆豐金,113,6,107,國泰-松江,2023-09-19,8883
2618,長榮航,79,11,68,國泰-松江,2023-09-19,8883
00919,群益台灣精選高息,122,57,65,國泰-松江,2023-09-19,8883
2436,偉詮電,74,22,52,國泰-松江,2023-09-19,8883
00665L,富邦�琤肭磪囓�2,52,0,52,國泰-松江,2023-09-19,8883
2354,鴻準,83,32,51,國泰-松江,2023-09-19,8883
00662,富邦NASDAQ,50,0,50,國泰-松江,2023-09-19,8883
2637,慧洋-KY,49,2,47,國泰-松江,2023-09-19,8883
2412,中華電,40,0,40,國泰-松江,2023-09-19,8883
2201,裕隆,53,13,40,國泰-松江,2023-09-19,8883
3481,群創,67,28,39,國泰-松江,2023-09-19,8883
3706,神達,58,24,34,國泰-松江,2023-09-19,8883
00918,大華優利高填息30,32,0,32,國泰-松江,2023-09-19,8883
00905,FT臺灣Smart,30,0,30,國泰-松江,2023-09-19,8883
2330,台積電,34,7,27,國泰-松江,2023-09-19,8883
3231,緯創,189,163,26,國泰-松江,2023-09-19,8883
2313,華通,331,306,25,國泰-松江,2023-09-19,8883
00915,凱基優選高股息30,26,1,25,國泰-松江,2023-09-19,8883
2543,皇昌,25,0,25,國泰-松江,2023-09-19,8883
2603,長榮,86,62,24,國泰-松江,2023-09-19,8883
3036,文曄,186,162,24,國泰-松江,2023-09-19,8883
00888,永豐台灣ESG,24,0,24,國泰-松江,2023-09-19,8883
00900,富邦特選高股息30,33,9,24,國泰-松江,2023-09-19,8883
4979,華星光,71,48,23,國泰-松江,2023-09-19,8883
00923,群益台ESG低碳50,23,1,22,國泰-松江,2023-09-19,8883
6550,北極星藥業-KY,26,4,22,國泰-松江,2023-09-19,8883
2388,威盛,44,24,20,國泰-松江,2023-09-19,8883
00921,兆豐龍頭等權重,20,0,20,國泰-松江,2023-09-19,8883
2610,華航,25,6,19,國泰-松江,2023-09-19,8883
1524,耿鼎,25,7,18,國泰-松江,2023-09-19,8883
3450,聯鈞,43,26,17,國泰-松江,2023-09-19,8883
2801,彰銀,22,5,17,國泰-松江,2023-09-19,8883
2356,英業達,29,13,16,國泰-松江,2023-09-19,8883
00753L,中信中國50正2,456,440,16,國泰-松江,2023-09-19,8883
8927,北基,16,0,16,國泰-松江,2023-09-19,8883
00885,富邦越南,15,0,15,國泰-松江,2023-09-19,8883
6288,聯嘉,16,1,15,國泰-松江,2023-09-19,8883
3017,奇鋐,28,13,15,國泰-松江,2023-09-19,8883
2402,毅嘉,37,23,14,國泰-松江,2023-09-19,8883
5213,亞昕,14,0,14,國泰-松江,2023-09-19,8883
0050,元大台灣50,14,0,14,國泰-松江,2023-09-19,8883
2337,旺宏,13,0,13,國泰-松江,2023-09-19,8883
1402,遠東新,15,2,13,國泰-松江,2023-09-19,8883
2641,正德,17,5,12,國泰-松江,2023-09-19,8883
2462,良得電,17,5,12,國泰-松江,2023-09-19,8883
2014,中鴻,13,2,11,國泰-松江,2023-09-19,8883
5234,達興材料,11,0,11,國泰-松江,2023-09-19,8883
00665L,富邦�琤肭磪囓�2,2400,3,2397,國泰-松江,2023-09-20,8883
00929,復華台灣科技優息,764,422,342,國泰-松江,2023-09-20,8883
2201,裕隆,409,67,342,國泰-松江,2023-09-20,8883
2363,矽統,348,28,320,國泰-松江,2023-09-20,8883
2888,新光金,287,55,232,國泰-松江,2023-09-20,8883
00919,群益台灣精選高息,199,6,193,國泰-松江,2023-09-20,8883
2607,榮運,190,0,190,國泰-松江,2023-09-20,8883
6531,愛普*,141,34,107,國泰-松江,2023-09-20,8883
2332,友訊,91,4,87,國泰-松江,2023-09-20,8883
3706,神達,271,191,80,國泰-松江,2023-09-20,8883
2801,彰銀,80,0,80,國泰-松江,2023-09-20,8883
00878,國泰永續高股息,161,82,79,國泰-松江,2023-09-20,8883
6288,聯嘉,65,0,65,國泰-松江,2023-09-20,8883
2618,長榮航,72,12,60,國泰-松江,2023-09-20,8883
0056,元大高股息,67,10,57,國泰-松江,2023-09-20,8883
3122,笙泉,80,24,56,國泰-松江,2023-09-20,8883
00688L,國泰20年美債正2,51,0,51,國泰-松江,2023-09-20,8883
00679B,元大美債20年,53,7,46,國泰-松江,2023-09-20,8883
1605,華新,66,22,44,國泰-松江,2023-09-20,8883
5009,榮剛,71,28,43,國泰-松江,2023-09-20,8883
2412,中華電,40,4,36,國泰-松江,2023-09-20,8883
00713,元大台灣高息低波,37,2,35,國泰-松江,2023-09-20,8883
00923,群益台ESG低碳50,37,2,35,國泰-松江,2023-09-20,8883
2449,京元電子,56,21,35,國泰-松江,2023-09-20,8883
5225,東科-KY,47,12,35,國泰-松江,2023-09-20,8883
2330,台積電,35,2,33,國泰-松江,2023-09-20,8883
2845,遠東銀,30,0,30,國泰-松江,2023-09-20,8883
6282,康舒,95,66,29,國泰-松江,2023-09-20,8883
00921,兆豐龍頭等權重,28,0,28,國泰-松江,2023-09-20,8883
2313,華通,170,146,24,國泰-松江,2023-09-20,8883
5469,瀚宇博,23,0,23,國泰-松江,2023-09-20,8883
0050,元大台灣50,23,0,23,國泰-松江,2023-09-20,8883
6191,精成科,37,16,21,國泰-松江,2023-09-20,8883
2388,威盛,38,17,21,國泰-松江,2023-09-20,8883
2317,鴻海,23,2,21,國泰-松江,2023-09-20,8883
6143,振曜,20,0,20,國泰-松江,2023-09-20,8883
00928,中信上櫃ESG30,20,0,20,國泰-松江,2023-09-20,8883
1101,台泥,20,2,18,國泰-松江,2023-09-20,8883
3376,新日興,59,41,18,國泰-松江,2023-09-20,8883
00751B,元大AAA至A公司債,18,0,18,國泰-松江,2023-09-20,8883
2883,凱基金,19,2,17,國泰-松江,2023-09-20,8883
1795,美時,20,4,16,國泰-松江,2023-09-20,8883
00932,兆豐永續高息等權,16,0,16,國泰-松江,2023-09-20,8883
3037,欣興,23,7,16,國泰-松江,2023-09-20,8883
2630,亞航,19,3,16,國泰-松江,2023-09-20,8883
5425,台半,18,2,16,國泰-松江,2023-09-20,8883
2637,慧洋-KY,26,10,16,國泰-松江,2023-09-20,8883
00904,新光臺灣半導體30,16,0,16,國泰-松江,2023-09-20,8883
2344,華邦電,25,10,15,國泰-松江,2023-09-20,8883
8358,金居,17,2,15,國泰-松江,2023-09-20,8883
2412,中華電,401,0,401,國泰-松江,2023-09-21,8883
00929,復華台灣科技優息,1226,968,258,國泰-松江,2023-09-21,8883
00878,國泰永續高股息,309,90,219,國泰-松江,2023-09-21,8883
2637,慧洋-KY,213,10,203,國泰-松江,2023-09-21,8883
3036,文曄,350,211,139,國泰-松江,2023-09-21,8883
00687B,國泰20年美債,137,4,133,國泰-松江,2023-09-21,8883
00919,群益台灣精選高息,133,15,118,國泰-松江,2023-09-21,8883
0050,元大台灣50,124,7,117,國泰-松江,2023-09-21,8883
2515,中工,114,5,109,國泰-松江,2023-09-21,8883
00688L,國泰20年美債正2,103,0,103,國泰-松江,2023-09-21,8883
2887,台新金,116,22,94,國泰-松江,2023-09-21,8883
00753L,中信中國50正2,660,572,88,國泰-松江,2023-09-21,8883
0056,元大高股息,122,38,84,國泰-松江,2023-09-21,8883
00932,兆豐永續高息等權,92,16,76,國泰-松江,2023-09-21,8883
3685,元創精密,60,0,60,國泰-松江,2023-09-21,8883
2367,燿華,79,27,52,國泰-松江,2023-09-21,8883
6288,聯嘉,53,5,48,國泰-松江,2023-09-21,8883
2330,台積電,65,17,48,國泰-松江,2023-09-21,8883
3706,神達,54,7,47,國泰-松江,2023-09-21,8883
2607,榮運,47,0,47,國泰-松江,2023-09-21,8883
5225,東科-KY,47,1,46,國泰-松江,2023-09-21,8883
00680L,元大美債20正2,56,12,44,國泰-松江,2023-09-21,8883
00631L,元大台灣50正2,52,10,42,國泰-松江,2023-09-21,8883
2402,毅嘉,52,11,41,國泰-松江,2023-09-21,8883
1101,台泥,48,7,41,國泰-松江,2023-09-21,8883
2884,玉山金,42,3,39,國泰-松江,2023-09-21,8883
2337,旺宏,38,0,38,國泰-松江,2023-09-21,8883
5880,合庫金,37,0,37,國泰-松江,2023-09-21,8883
2610,華航,51,16,35,國泰-松江,2023-09-21,8883
2317,鴻海,37,4,33,國泰-松江,2023-09-21,8883
00751B,元大AAA至A公司債,32,0,32,國泰-松江,2023-09-21,8883
1504,東元,50,19,31,國泰-松江,2023-09-21,8883
00892,富邦台灣半導體,30,0,30,國泰-松江,2023-09-21,8883
00650L,復華香港正2,34,4,30,國泰-松江,2023-09-21,8883
2888,新光金,54,25,29,國泰-松江,2023-09-21,8883
2880,華南金,30,1,29,國泰-松江,2023-09-21,8883
00713,元大台灣高息低波,72,44,28,國泰-松江,2023-09-21,8883
00923,群益台ESG低碳50,35,8,27,國泰-松江,2023-09-21,8883
2618,長榮航,66,41,25,國泰-松江,2023-09-21,8883
00922,國泰台灣領袖50,26,1,25,國泰-松江,2023-09-21,8883
00720B,元大投資級公司債,25,0,25,國泰-松江,2023-09-21,8883
1584,精剛,120,95,25,國泰-松江,2023-09-21,8883
00915,凱基優選高股息30,27,3,24,國泰-松江,2023-09-21,8883
3711,日月光投控,44,21,23,國泰-松江,2023-09-21,8883
6191,精成科,43,20,23,國泰-松江,2023-09-21,8883
2332,友訊,23,0,23,國泰-松江,2023-09-21,8883
00665L,富邦�琤肭磪囓�2,53,30,23,國泰-松江,2023-09-21,8883
2363,矽統,56,34,22,國泰-松江,2023-09-21,8883
4720,德淵,21,0,21,國泰-松江,2023-09-21,8883
2543,皇昌,21,0,21,國泰-松江,2023-09-21,8883
00679B,元大美債20年,219,11,208,國泰-松江,2023-09-22,8883
00680L,元大美債20正2,167,21,146,國泰-松江,2023-09-22,8883
00687B,國泰20年美債,141,4,137,國泰-松江,2023-09-22,8883
2412,中華電,138,1,137,國泰-松江,2023-09-22,8883
00688L,國泰20年美債正2,129,5,124,國泰-松江,2023-09-22,8883
00632R,元大台灣50反1,122,7,115,國泰-松江,2023-09-22,8883
00772B,中信高評級公司債,110,0,110,國泰-松江,2023-09-22,8883
00751B,元大AAA至A公司債,105,1,104,國泰-松江,2023-09-22,8883
00919,群益台灣精選高息,108,12,96,國泰-松江,2023-09-22,8883
3036,文曄,148,59,89,國泰-松江,2023-09-22,8883
2891,中信金,96,7,89,國泰-松江,2023-09-22,8883
00929,復華台灣科技優息,151,66,85,國泰-松江,2023-09-22,8883
00878,國泰永續高股息,117,41,76,國泰-松江,2023-09-22,8883
00712,復華富時不動產,72,0,72,國泰-松江,2023-09-22,8883
00720B,元大投資級公司債,65,0,65,國泰-松江,2023-09-22,8883
5469,瀚宇博,79,18,61,國泰-松江,2023-09-22,8883
2637,慧洋-KY,66,11,55,國泰-松江,2023-09-22,8883
2607,榮運,50,0,50,國泰-松江,2023-09-22,8883
0050,元大台灣50,50,0,50,國泰-松江,2023-09-22,8883
00931B,統一美債20年,78,28,50,國泰-松江,2023-09-22,8883
00885,富邦越南,53,5,48,國泰-松江,2023-09-22,8883
00795B,中信美國公債20年,41,5,36,國泰-松江,2023-09-22,8883
1101,台泥,41,5,36,國泰-松江,2023-09-22,8883
00773B,中信優先金融債,35,2,33,國泰-松江,2023-09-22,8883
00895,富邦未來車,30,0,30,國泰-松江,2023-09-22,8883
00713,元大台灣高息低波,30,1,29,國泰-松江,2023-09-22,8883
1560,中砂,32,3,29,國泰-松江,2023-09-22,8883
00722B,群益投資級電信債,28,0,28,國泰-松江,2023-09-22,8883
00675L,富邦臺灣加權正2,25,0,25,國泰-松江,2023-09-22,8883
2883,凱基金,24,0,24,國泰-松江,2023-09-22,8883
2645,長榮航太,22,0,22,國泰-松江,2023-09-22,8883
00857B,永豐20年美公債,22,1,21,國泰-松江,2023-09-22,8883
6271,同欣電,29,9,20,國泰-松江,2023-09-22,8883
00922,國泰台灣領袖50,20,2,18,國泰-松江,2023-09-22,8883
00893,國泰智能電動車,20,3,17,國泰-松江,2023-09-22,8883
2355,敬鵬,21,4,17,國泰-松江,2023-09-22,8883
6288,聯嘉,16,0,16,國泰-松江,2023-09-22,8883
2313,華通,57,42,15,國泰-松江,2023-09-22,8883
2606,裕民,15,0,15,國泰-松江,2023-09-22,8883
3014,聯陽,18,4,14,國泰-松江,2023-09-22,8883
2454,聯發科,15,1,14,國泰-松江,2023-09-22,8883
00696B,富邦美債20年,13,0,13,國泰-松江,2023-09-22,8883
3037,欣興,26,13,13,國泰-松江,2023-09-22,8883
0056,元大高股息,36,24,12,國泰-松江,2023-09-22,8883
2405,輔信,12,0,12,國泰-松江,2023-09-22,8883
2543,皇昌,12,0,12,國泰-松江,2023-09-22,8883
00725B,國泰投資級公司債,12,0,12,國泰-松江,2023-09-22,8883
2542,興富發,11,0,11,國泰-松江,2023-09-22,8883
00903,富邦元宇宙,11,0,11,國泰-松江,2023-09-22,8883
6712,長聖,15,4,11,國泰-松江,2023-09-22,8883
2201,裕隆,179,19,160,國泰-松江,2023-09-25,8883
00919,群益台灣精選高息,159,0,159,國泰-松江,2023-09-25,8883
2412,中華電,80,0,80,國泰-松江,2023-09-25,8883
1815,富喬,138,62,76,國泰-松江,2023-09-25,8883
00929,復華台灣科技優息,132,58,74,國泰-松江,2023-09-25,8883
00679B,元大美債20年,87,14,73,國泰-松江,2023-09-25,8883
00931B,統一美債20年,74,1,73,國泰-松江,2023-09-25,8883
3706,神達,85,22,63,國泰-松江,2023-09-25,8883
2303,聯電,56,2,54,國泰-松江,2023-09-25,8883
2637,慧洋-KY,53,1,52,國泰-松江,2023-09-25,8883
1101,台泥,51,0,51,國泰-松江,2023-09-25,8883
00882,中信中國高股息,49,5,44,國泰-松江,2023-09-25,8883
00637L,元大滬深300正2,50,9,41,國泰-松江,2023-09-25,8883
2363,矽統,108,71,37,國泰-松江,2023-09-25,8883
8110,華東,30,0,30,國泰-松江,2023-09-25,8883
00720B,元大投資級公司債,29,1,28,國泰-松江,2023-09-25,8883
2330,台積電,29,4,25,國泰-松江,2023-09-25,8883
2542,興富發,27,2,25,國泰-松江,2023-09-25,8883
2317,鴻海,25,1,24,國泰-松江,2023-09-25,8883
00687B,國泰20年美債,28,5,23,國泰-松江,2023-09-25,8883
5347,世界,23,0,23,國泰-松江,2023-09-25,8883
00650L,復華香港正2,58,35,23,國泰-松江,2023-09-25,8883
2618,長榮航,31,10,21,國泰-松江,2023-09-25,8883
3363,上詮,141,120,21,國泰-松江,2023-09-25,8883
00751B,元大AAA至A公司債,33,14,19,國泰-松江,2023-09-25,8883
1210,大成,18,0,18,國泰-松江,2023-09-25,8883
6288,聯嘉,20,2,18,國泰-松江,2023-09-25,8883
8088,品安,28,10,18,國泰-松江,2023-09-25,8883
2543,皇昌,18,1,17,國泰-松江,2023-09-25,8883
6275,元山,18,2,16,國泰-松江,2023-09-25,8883
4720,德淵,18,2,16,國泰-松江,2023-09-25,8883
8112,至上,18,3,15,國泰-松江,2023-09-25,8883
1522,堤維西,29,14,15,國泰-松江,2023-09-25,8883
1307,三芳,15,0,15,國泰-松江,2023-09-25,8883
00923,群益台ESG低碳50,14,0,14,國泰-松江,2023-09-25,8883
3265,台星科,15,1,14,國泰-松江,2023-09-25,8883
2337,旺宏,12,0,12,國泰-松江,2023-09-25,8883
00632R,元大台灣50反1,25,13,12,國泰-松江,2023-09-25,8883
2376,技嘉,86,75,11,國泰-松江,2023-09-25,8883
00670L,富邦NASDAQ正2,11,0,11,國泰-松江,2023-09-25,8883
2880,華南金,11,0,11,國泰-松江,2023-09-25,8883
2486,一詮,12,1,11,國泰-松江,2023-09-25,8883
00665L,富邦�琤肭磪囓�2,11,0,11,國泰-松江,2023-09-25,8883
00885,富邦越南,14,3,11,國泰-松江,2023-09-25,8883
6271,同欣電,37,27,10,國泰-松江,2023-09-25,8883
4303,信立,10,0,10,國泰-松江,2023-09-25,8883
1589,永冠-KY,10,0,10,國泰-松江,2023-09-25,8883
4164,承業醫,10,0,10,國泰-松江,2023-09-25,8883
9958,世紀鋼,12,2,10,國泰-松江,2023-09-25,8883
5483,中美晶,11,2,9,國泰-松江,2023-09-25,8883
00720B,元大投資級公司債,841,0,841,國泰-松江,2023-09-26,8883
00929,復華台灣科技優息,297,38,259,國泰-松江,2023-09-26,8883
00637L,元大滬深300正2,226,1,225,國泰-松江,2023-09-26,8883
2201,裕隆,213,3,210,國泰-松江,2023-09-26,8883
2412,中華電,204,0,204,國泰-松江,2023-09-26,8883
00753L,中信中國50正2,572,368,204,國泰-松江,2023-09-26,8883
5009,榮剛,145,0,145,國泰-松江,2023-09-26,8883
00679B,元大美債20年,135,11,124,國泰-松江,2023-09-26,8883
2888,新光金,124,0,124,國泰-松江,2023-09-26,8883
3711,日月光投控,127,9,118,國泰-松江,2023-09-26,8883
2618,長榮航,109,5,104,國泰-松江,2023-09-26,8883
00655L,國泰中國A50正2,102,0,102,國泰-松江,2023-09-26,8883
00919,群益台灣精選高息,133,33,100,國泰-松江,2023-09-26,8883
2515,中工,91,9,82,國泰-松江,2023-09-26,8883
1504,東元,95,14,81,國泰-松江,2023-09-26,8883
00931B,統一美債20年,87,11,76,國泰-松江,2023-09-26,8883
2330,台積電,74,1,73,國泰-松江,2023-09-26,8883
00712,復華富時不動產,68,0,68,國泰-松江,2023-09-26,8883
0050,元大台灣50,65,1,64,國泰-松江,2023-09-26,8883
00680L,元大美債20正2,104,47,57,國泰-松江,2023-09-26,8883
0056,元大高股息,68,13,55,國泰-松江,2023-09-26,8883
00772B,中信高評級公司債,63,8,55,國泰-松江,2023-09-26,8883
5347,世界,53,0,53,國泰-松江,2023-09-26,8883
2883B,凱基金乙特,52,0,52,國泰-松江,2023-09-26,8883
00665L,富邦�琤肭磪囓�2,51,0,51,國泰-松江,2023-09-26,8883
00885,富邦越南,49,0,49,國泰-松江,2023-09-26,8883
00751B,元大AAA至A公司債,49,0,49,國泰-松江,2023-09-26,8883
00923,群益台ESG低碳50,51,5,46,國泰-松江,2023-09-26,8883
00687B,國泰20年美債,52,8,44,國泰-松江,2023-09-26,8883
2303,聯電,43,0,43,國泰-松江,2023-09-26,8883
00882,中信中國高股息,44,1,43,國泰-松江,2023-09-26,8883
2367,燿華,42,1,41,國泰-松江,2023-09-26,8883
00650L,復華香港正2,42,8,34,國泰-松江,2023-09-26,8883
1101,台泥,38,4,34,國泰-松江,2023-09-26,8883
2528,皇普,33,0,33,國泰-松江,2023-09-26,8883
3481,群創,45,13,32,國泰-松江,2023-09-26,8883
1524,耿鼎,143,111,32,國泰-松江,2023-09-26,8883
3715,定穎投控,173,142,31,國泰-松江,2023-09-26,8883
00688L,國泰20年美債正2,28,0,28,國泰-松江,2023-09-26,8883
8088,品安,31,3,28,國泰-松江,2023-09-26,8883
2882,國泰金,29,1,28,國泰-松江,2023-09-26,8883
5880,合庫金,28,0,28,國泰-松江,2023-09-26,8883
5452,佶優,27,0,27,國泰-松江,2023-09-26,8883
00692,富邦公司治理,26,0,26,國泰-松江,2023-09-26,8883
2409,友達,26,1,25,國泰-松江,2023-09-26,8883
00892,富邦台灣半導體,23,0,23,國泰-松江,2023-09-26,8883
1301,台塑,22,0,22,國泰-松江,2023-09-26,8883
3044,健鼎,32,10,22,國泰-松江,2023-09-26,8883
00722B,群益投資級電信債,22,0,22,國泰-松江,2023-09-26,8883
006208,富邦台50,22,1,21,國泰-松江,2023-09-26,8883
00720B,元大投資級公司債,813,16,797,國泰-松江,2023-09-27,8883
00929,復華台灣科技優息,189,46,143,國泰-松江,2023-09-27,8883
2002,中鋼,123,8,115,國泰-松江,2023-09-27,8883
6505,台塑化,110,0,110,國泰-松江,2023-09-27,8883
00919,群益台灣精選高息,117,13,104,國泰-松江,2023-09-27,8883
2412,中華電,102,0,102,國泰-松江,2023-09-27,8883
2607,榮運,102,0,102,國泰-松江,2023-09-27,8883
00680L,元大美債20正2,101,2,99,國泰-松江,2023-09-27,8883
00712,復華富時不動產,76,0,76,國泰-松江,2023-09-27,8883
00931B,統一美債20年,77,7,70,國泰-松江,2023-09-27,8883
1301,台塑,42,0,42,國泰-松江,2023-09-27,8883
00932,兆豐永續高息等權,40,0,40,國泰-松江,2023-09-27,8883
2317,鴻海,42,5,37,國泰-松江,2023-09-27,8883
00679B,元大美債20年,48,13,35,國泰-松江,2023-09-27,8883
1402,遠東新,39,4,35,國泰-松江,2023-09-27,8883
00692,富邦公司治理,34,0,34,國泰-松江,2023-09-27,8883
00882,中信中國高股息,40,10,30,國泰-松江,2023-09-27,8883
2605,新興,31,3,28,國泰-松江,2023-09-27,8883
2303,聯電,37,10,27,國泰-松江,2023-09-27,8883
4768,晶呈科技,25,1,24,國泰-松江,2023-09-27,8883
00687B,國泰20年美債,25,1,24,國泰-松江,2023-09-27,8883
4961,天鈺,36,13,23,國泰-松江,2023-09-27,8883
9945,潤泰新,22,0,22,國泰-松江,2023-09-27,8883
5347,世界,22,0,22,國泰-松江,2023-09-27,8883
2014,中鴻,21,0,21,國泰-松江,2023-09-27,8883
2542,興富發,20,0,20,國泰-松江,2023-09-27,8883
3294,英濟,21,1,20,國泰-松江,2023-09-27,8883
1605,華新,20,0,20,國泰-松江,2023-09-27,8883
1305,華夏,20,0,20,國泰-松江,2023-09-27,8883
00913,兆豐台灣晶圓製造,20,0,20,國泰-松江,2023-09-27,8883
3363,上詮,66,46,20,國泰-松江,2023-09-27,8883
2515,中工,31,13,18,國泰-松江,2023-09-27,8883
6806,森崴能源,26,8,18,國泰-松江,2023-09-27,8883
00772B,中信高評級公司債,18,0,18,國泰-松江,2023-09-27,8883
8420,明揚,47,30,17,國泰-松江,2023-09-27,8883
6191,精成科,21,4,17,國泰-松江,2023-09-27,8883
00892,富邦台灣半導體,17,0,17,國泰-松江,2023-09-27,8883
00662,富邦NASDAQ,16,0,16,國泰-松江,2023-09-27,8883
2355,敬鵬,23,7,16,國泰-松江,2023-09-27,8883
2368,金像電,32,17,15,國泰-松江,2023-09-27,8883
5258,虹堡,17,2,15,國泰-松江,2023-09-27,8883
3711,日月光投控,41,26,15,國泰-松江,2023-09-27,8883
5324,士開,15,0,15,國泰-松江,2023-09-27,8883
1513,中興電,16,2,14,國泰-松江,2023-09-27,8883
6257,矽格,16,2,14,國泰-松江,2023-09-27,8883
2436,偉詮電,16,2,14,國泰-松江,2023-09-27,8883
00885,富邦越南,24,10,14,國泰-松江,2023-09-27,8883
1603,華電,13,0,13,國泰-松江,2023-09-27,8883
1504,東元,36,23,13,國泰-松江,2023-09-27,8883
00713,元大台灣高息低波,17,5,12,國泰-松江,2023-09-27,8883
00720B,元大投資級公司債,849,0,849,國泰-松江,2023-09-28,8883
00929,復華台灣科技優息,147,24,123,國泰-松江,2023-09-28,8883
00772B,中信高評級公司債,83,0,83,國泰-松江,2023-09-28,8883
00679B,元大美債20年,90,8,82,國泰-松江,2023-09-28,8883
3231,緯創,148,85,63,國泰-松江,2023-09-28,8883
2344,華邦電,63,0,63,國泰-松江,2023-09-28,8883
5009,榮剛,77,17,60,國泰-松江,2023-09-28,8883
2618,長榮航,61,2,59,國泰-松江,2023-09-28,8883
2382,廣達,121,62,59,國泰-松江,2023-09-28,8883
00687B,國泰20年美債,60,2,58,國泰-松江,2023-09-28,8883
00919,群益台灣精選高息,76,20,56,國泰-松江,2023-09-28,8883
00680L,元大美債20正2,60,4,56,國泰-松江,2023-09-28,8883
2317,鴻海,50,3,47,國泰-松江,2023-09-28,8883
1560,中砂,79,33,46,國泰-松江,2023-09-28,8883
6187,萬潤,56,10,46,國泰-松江,2023-09-28,8883
2376,技嘉,103,64,39,國泰-松江,2023-09-28,8883
3036,文曄,109,71,38,國泰-松江,2023-09-28,8883
2610,華航,43,7,36,國泰-松江,2023-09-28,8883
3374,精材,36,3,33,國泰-松江,2023-09-28,8883
00751B,元大AAA至A公司債,29,0,29,國泰-松江,2023-09-28,8883
00932,兆豐永續高息等權,27,0,27,國泰-松江,2023-09-28,8883
8050,廣積,26,0,26,國泰-松江,2023-09-28,8883
5324,士開,37,12,25,國泰-松江,2023-09-28,8883
6505,台塑化,26,1,25,國泰-松江,2023-09-28,8883
2002,中鋼,36,12,24,國泰-松江,2023-09-28,8883
2515,中工,61,39,22,國泰-松江,2023-09-28,8883
2408,南亞科,33,11,22,國泰-松江,2023-09-28,8883
4174,浩鼎,20,0,20,國泰-松江,2023-09-28,8883
3379,彬台,20,0,20,國泰-松江,2023-09-28,8883
6168,宏齊,20,0,20,國泰-松江,2023-09-28,8883
2206,三陽工業,30,11,19,國泰-松江,2023-09-28,8883
00673R,期元大S＆P原油反1,20,1,19,國泰-松江,2023-09-28,8883
00692,富邦公司治理,22,3,19,國泰-松江,2023-09-28,8883
6288,聯嘉,22,4,18,國泰-松江,2023-09-28,8883
00662,富邦NASDAQ,18,0,18,國泰-松江,2023-09-28,8883
00931B,統一美債20年,52,34,18,國泰-松江,2023-09-28,8883
2542,興富發,25,8,17,國泰-松江,2023-09-28,8883
8088,品安,33,17,16,國泰-松江,2023-09-28,8883
2748,雲品,16,1,15,國泰-松江,2023-09-28,8883
2641,正德,17,2,15,國泰-松江,2023-09-28,8883
3005,神基,15,0,15,國泰-松江,2023-09-28,8883
5258,虹堡,33,18,15,國泰-松江,2023-09-28,8883
9945,潤泰新,15,1,14,國泰-松江,2023-09-28,8883
2014,中鴻,15,2,13,國泰-松江,2023-09-28,8883
6550,北極星藥業-KY,13,0,13,國泰-松江,2023-09-28,8883
00773B,中信優先金融債,15,2,13,國泰-松江,2023-09-28,8883
6418,詠昇,12,0,12,國泰-松江,2023-09-28,8883
0056,元大高股息,25,14,11,國泰-松江,2023-09-28,8883
00753L,中信中國50正2,267,256,11,國泰-松江,2023-09-28,8883
2412,中華電,11,0,11,國泰-松江,2023-09-28,8883
2367,燿華,397,26,371,國泰-松江,2023-10-02,8883
2313,華通,124,11,113,國泰-松江,2023-10-02,8883
2515,中工,102,0,102,國泰-松江,2023-10-02,8883
00712,復華富時不動產,109,20,89,國泰-松江,2023-10-02,8883
00919,群益台灣精選高息,87,7,80,國泰-松江,2023-10-02,8883
00772B,中信高評級公司債,82,2,80,國泰-松江,2023-10-02,8883
00687B,國泰20年美債,72,2,70,國泰-松江,2023-10-02,8883
00720B,元大投資級公司債,66,0,66,國泰-松江,2023-10-02,8883
6187,萬潤,67,6,61,國泰-松江,2023-10-02,8883
6274,台燿,124,63,61,國泰-松江,2023-10-02,8883
00751B,元大AAA至A公司債,60,0,60,國泰-松江,2023-10-02,8883
5009,榮剛,58,2,56,國泰-松江,2023-10-02,8883
2609,陽明,74,22,52,國泰-松江,2023-10-02,8883
2618,長榮航,172,122,50,國泰-松江,2023-10-02,8883
1815,富喬,247,197,50,國泰-松江,2023-10-02,8883
00679B,元大美債20年,56,7,49,國泰-松江,2023-10-02,8883
5465,富驊,68,21,47,國泰-松江,2023-10-02,8883
2538,基泰,50,6,44,國泰-松江,2023-10-02,8883
1618,合機,48,10,38,國泰-松江,2023-10-02,8883
00932,兆豐永續高息等權,36,1,35,國泰-松江,2023-10-02,8883
00632R,元大台灣50反1,60,26,34,國泰-松江,2023-10-02,8883
00931B,統一美債20年,36,3,33,國泰-松江,2023-10-02,8883
00905,FT臺灣Smart,31,0,31,國泰-松江,2023-10-02,8883
9945,潤泰新,30,0,30,國泰-松江,2023-10-02,8883
1609,大亞,84,54,30,國泰-松江,2023-10-02,8883
2605,新興,29,1,28,國泰-松江,2023-10-02,8883
2323,中環,28,0,28,國泰-松江,2023-10-02,8883
2356,英業達,83,58,25,國泰-松江,2023-10-02,8883
2002,中鋼,30,5,25,國泰-松江,2023-10-02,8883
5607,遠雄港,33,9,24,國泰-松江,2023-10-02,8883
2634,漢翔,24,1,23,國泰-松江,2023-10-02,8883
5258,虹堡,83,61,22,國泰-松江,2023-10-02,8883
8110,華東,22,0,22,國泰-松江,2023-10-02,8883
2888,新光金,23,2,21,國泰-松江,2023-10-02,8883
00888,永豐台灣ESG,21,0,21,國泰-松江,2023-10-02,8883
1301,台塑,25,5,20,國泰-松江,2023-10-02,8883
00680L,元大美債20正2,21,1,20,國泰-松江,2023-10-02,8883
2530,華建,19,0,19,國泰-松江,2023-10-02,8883
3653,健策,27,9,18,國泰-松江,2023-10-02,8883
2329,華泰,39,23,16,國泰-松江,2023-10-02,8883
1434,福懋,16,0,16,國泰-松江,2023-10-02,8883
6108,競國,21,5,16,國泰-松江,2023-10-02,8883
00894,中信小資高價30,17,1,16,國泰-松江,2023-10-02,8883
3213,茂訊,16,1,15,國泰-松江,2023-10-02,8883
00795B,中信美國公債20年,15,0,15,國泰-松江,2023-10-02,8883
5321,美而快,15,0,15,國泰-松江,2023-10-02,8883
2542,興富發,15,0,15,國泰-松江,2023-10-02,8883
1519,華城,39,26,13,國泰-松江,2023-10-02,8883
2236,百達-KY,13,0,13,國泰-松江,2023-10-02,8883
00725B,國泰投資級公司債,12,0,12,國泰-松江,2023-10-02,8883
2891,中信金,264,1,263,國泰-松江,2023-10-03,8883
00882,中信中國高股息,200,10,190,國泰-松江,2023-10-03,8883
00665L,富邦�琤肭磪囓�2,204,30,174,國泰-松江,2023-10-03,8883
00929,復華台灣科技優息,189,38,151,國泰-松江,2023-10-03,8883
00919,群益台灣精選高息,138,13,125,國泰-松江,2023-10-03,8883
2618,長榮航,121,2,119,國泰-松江,2023-10-03,8883
3231,緯創,206,95,111,國泰-松江,2023-10-03,8883
2367,燿華,125,41,84,國泰-松江,2023-10-03,8883
6187,萬潤,88,5,83,國泰-松江,2023-10-03,8883
00878,國泰永續高股息,91,15,76,國泰-松江,2023-10-03,8883
0056,元大高股息,92,23,69,國泰-松江,2023-10-03,8883
00712,復華富時不動產,74,10,64,國泰-松江,2023-10-03,8883
4414,如興,55,0,55,國泰-松江,2023-10-03,8883
2610,華航,60,6,54,國泰-松江,2023-10-03,8883
00931B,統一美債20年,60,6,54,國泰-松江,2023-10-03,8883
00893,國泰智能電動車,52,0,52,國泰-松江,2023-10-03,8883
00720B,元大投資級公司債,52,1,51,國泰-松江,2023-10-03,8883
00753L,中信中國50正2,669,619,50,國泰-松江,2023-10-03,8883
2880,華南金,50,1,49,國泰-松江,2023-10-03,8883
1301,台塑,45,0,45,國泰-松江,2023-10-03,8883
2888,新光金,66,22,44,國泰-松江,2023-10-03,8883
1609,大亞,103,59,44,國泰-松江,2023-10-03,8883
3481,群創,40,1,39,國泰-松江,2023-10-03,8883
00687B,國泰20年美債,41,2,39,國泰-松江,2023-10-03,8883
5498,凱崴,36,0,36,國泰-松江,2023-10-03,8883
2201,裕隆,35,2,33,國泰-松江,2023-10-03,8883
4763,材料-KY,36,4,32,國泰-松江,2023-10-03,8883
00673R,期元大S＆P原油反1,51,19,32,國泰-松江,2023-10-03,8883
00922,國泰台灣領袖50,31,0,31,國泰-松江,2023-10-03,8883
00650L,復華香港正2,30,0,30,國泰-松江,2023-10-03,8883
6191,精成科,32,2,30,國泰-松江,2023-10-03,8883
2002,中鋼,42,13,29,國泰-松江,2023-10-03,8883
00772B,中信高評級公司債,30,3,27,國泰-松江,2023-10-03,8883
3013,晟銘電,50,23,27,國泰-松江,2023-10-03,8883
3363,上詮,72,45,27,國泰-松江,2023-10-03,8883
9934,成霖,27,0,27,國泰-松江,2023-10-03,8883
3711,日月光投控,93,66,27,國泰-松江,2023-10-03,8883
00885,富邦越南,26,0,26,國泰-松江,2023-10-03,8883
2641,正德,23,0,23,國泰-松江,2023-10-03,8883
2355,敬鵬,30,7,23,國泰-松江,2023-10-03,8883
2409,友達,93,71,22,國泰-松江,2023-10-03,8883
00680L,元大美債20正2,45,23,22,國泰-松江,2023-10-03,8883
6120,達運,23,1,22,國泰-松江,2023-10-03,8883
1708,東鹼,20,0,20,國泰-松江,2023-10-03,8883
2317,鴻海,21,1,20,國泰-松江,2023-10-03,8883
00907,永豐優息存股,19,0,19,國泰-松江,2023-10-03,8883
00751B,元大AAA至A公司債,18,0,18,國泰-松江,2023-10-03,8883
1101,台泥,18,0,18,國泰-松江,2023-10-03,8883
3450,聯鈞,50,32,18,國泰-松江,2023-10-03,8883
2329,華泰,31,13,18,國泰-松江,2023-10-03,8883
00632R,元大台灣50反1,1055,2,1053,國泰-松江,2023-10-04,8883
00878,國泰永續高股息,231,16,215,國泰-松江,2023-10-04,8883
8088,品安,209,16,193,國泰-松江,2023-10-04,8883
2888,新光金,181,6,175,國泰-松江,2023-10-04,8883
00688L,國泰20年美債正2,161,0,161,國泰-松江,2023-10-04,8883
2882,國泰金,154,11,143,國泰-松江,2023-10-04,8883
00720B,元大投資級公司債,249,110,139,國泰-松江,2023-10-04,8883
00712,復華富時不動產,123,1,122,國泰-松江,2023-10-04,8883
2887,台新金,123,2,121,國泰-松江,2023-10-04,8883
00679B,元大美債20年,157,37,120,國泰-松江,2023-10-04,8883
2618,長榮航,140,27,113,國泰-松江,2023-10-04,8883
2542,興富發,111,1,110,國泰-松江,2023-10-04,8883
2020,美亞,110,0,110,國泰-松江,2023-10-04,8883
2886,兆豐金,104,0,104,國泰-松江,2023-10-04,8883
00929,復華台灣科技優息,134,38,96,國泰-松江,2023-10-04,8883
00680L,元大美債20正2,154,58,96,國泰-松江,2023-10-04,8883
2891,中信金,111,21,90,國泰-松江,2023-10-04,8883
2884,玉山金,87,10,77,國泰-松江,2023-10-04,8883
5009,榮剛,146,70,76,國泰-松江,2023-10-04,8883
2883,凱基金,80,6,74,國泰-松江,2023-10-04,8883
00919,群益台灣精選高息,77,6,71,國泰-松江,2023-10-04,8883
00687B,國泰20年美債,110,43,67,國泰-松江,2023-10-04,8883
5465,富驊,75,11,64,國泰-松江,2023-10-04,8883
2330,台積電,61,4,57,國泰-松江,2023-10-04,8883
0056,元大高股息,80,24,56,國泰-松江,2023-10-04,8883
00888,永豐台灣ESG,54,1,53,國泰-松江,2023-10-04,8883
2530,華建,82,30,52,國泰-松江,2023-10-04,8883
00751B,元大AAA至A公司債,51,0,51,國泰-松江,2023-10-04,8883
0050,元大台灣50,57,6,51,國泰-松江,2023-10-04,8883
00772B,中信高評級公司債,70,20,50,國泰-松江,2023-10-04,8883
00922,國泰台灣領袖50,44,1,43,國泰-松江,2023-10-04,8883
3322,建舜電,56,15,41,國泰-松江,2023-10-04,8883
1402,遠東新,40,0,40,國泰-松江,2023-10-04,8883
1301,台塑,39,1,38,國泰-松江,2023-10-04,8883
2329,華泰,86,48,38,國泰-松江,2023-10-04,8883
6770,力積電,38,0,38,國泰-松江,2023-10-04,8883
3122,笙泉,67,30,37,國泰-松江,2023-10-04,8883
2002,中鋼,45,8,37,國泰-松江,2023-10-04,8883
2412,中華電,36,0,36,國泰-松江,2023-10-04,8883
2316,楠梓電,40,5,35,國泰-松江,2023-10-04,8883
2515,中工,32,0,32,國泰-松江,2023-10-04,8883
1514,亞力,81,50,31,國泰-松江,2023-10-04,8883
3006,晶豪科,64,35,29,國泰-松江,2023-10-04,8883
3260,威剛,65,37,28,國泰-松江,2023-10-04,8883
1216,統一,25,0,25,國泰-松江,2023-10-04,8883
2313,華通,39,15,24,國泰-松江,2023-10-04,8883
00795B,中信美國公債20年,28,4,24,國泰-松江,2023-10-04,8883
1605,華新,25,1,24,國泰-松江,2023-10-04,8883
1504,東元,26,3,23,國泰-松江,2023-10-04,8883
2603,長榮,29,6,23,國泰-松江,2023-10-04,8883
3231,緯創,973,105,868,國泰-松江,2023-10-05,8883
00712,復華富時不動產,164,31,133,國泰-松江,2023-10-05,8883
1815,富喬,144,69,75,國泰-松江,2023-10-05,8883
2834,臺企銀,101,32,69,國泰-松江,2023-10-05,8883
00679B,元大美債20年,90,27,63,國泰-松江,2023-10-05,8883
2618,長榮航,147,88,59,國泰-松江,2023-10-05,8883
3715,定穎投控,216,158,58,國泰-松江,2023-10-05,8883
00665L,富邦�琤肭磪囓�2,110,53,57,國泰-松江,2023-10-05,8883
6187,萬潤,77,33,44,國泰-松江,2023-10-05,8883
4552,力達-KY,43,0,43,國泰-松江,2023-10-05,8883
00929,復華台灣科技優息,62,23,39,國泰-松江,2023-10-05,8883
4720,德淵,37,0,37,國泰-松江,2023-10-05,8883
2313,華通,45,9,36,國泰-松江,2023-10-05,8883
00931B,統一美債20年,36,1,35,國泰-松江,2023-10-05,8883
3036,文曄,98,64,34,國泰-松江,2023-10-05,8883
0056,元大高股息,68,35,33,國泰-松江,2023-10-05,8883
00882,中信中國高股息,34,0,34,國泰-松江,2023-10-05,8883
4979,華星光,85,52,33,國泰-松江,2023-10-05,8883
1101,台泥,33,1,32,國泰-松江,2023-10-05,8883
3122,笙泉,48,17,31,國泰-松江,2023-10-05,8883
00680L,元大美債20正2,58,28,30,國泰-松江,2023-10-05,8883
00922,國泰台灣領袖50,40,12,28,國泰-松江,2023-10-05,8883
2365,昆盈,25,0,25,國泰-松江,2023-10-05,8883
6715,嘉基,27,4,23,國泰-松江,2023-10-05,8883
3032,偉訓,44,21,23,國泰-松江,2023-10-05,8883
00719B,元大美債1-3,22,0,22,國泰-松江,2023-10-05,8883
4908,前鼎,35,16,19,國泰-松江,2023-10-05,8883
2882,國泰金,24,5,19,國泰-松江,2023-10-05,8883
6150,撼訊,22,3,19,國泰-松江,2023-10-05,8883
9934,成霖,18,0,18,國泰-松江,2023-10-05,8883
2405,輔信,19,1,18,國泰-松江,2023-10-05,8883
1514,亞力,30,13,17,國泰-松江,2023-10-05,8883
00715L,期街口布蘭特正2,18,1,17,國泰-松江,2023-10-05,8883
8086,宏捷科,20,3,17,國泰-松江,2023-10-05,8883
2515,中工,17,0,17,國泰-松江,2023-10-05,8883
00725B,國泰投資級公司債,16,0,16,國泰-松江,2023-10-05,8883
00662,富邦NASDAQ,14,0,14,國泰-松江,2023-10-05,8883
2376,技嘉,59,46,13,國泰-松江,2023-10-05,8883
2201,裕隆,18,6,12,國泰-松江,2023-10-05,8883
2206,三陽工業,14,2,12,國泰-松江,2023-10-05,8883
2355,敬鵬,14,2,12,國泰-松江,2023-10-05,8883
00751B,元大AAA至A公司債,22,11,11,國泰-松江,2023-10-05,8883
6757,台灣虎航,11,0,11,國泰-松江,2023-10-05,8883
00753L,中信中國50正2,11,0,11,國泰-松江,2023-10-05,8883
4440,宜新實業,11,0,11,國泰-松江,2023-10-05,8883
00640L,富邦日本正2,11,0,11,國泰-松江,2023-10-05,8883
9945,潤泰新,10,0,10,國泰-松江,2023-10-05,8883
2002,中鋼,12,2,10,國泰-松江,2023-10-05,8883
6168,宏齊,10,0,10,國泰-松江,2023-10-05,8883
2323,中環,10,0,10,國泰-松江,2023-10-05,8883
00929,復華台灣科技優息,229,10,219,國泰-松江,2023-10-06,8883
2617,台航,101,1,100,國泰-松江,2023-10-06,8883
00712,復華富時不動產,83,1,82,國泰-松江,2023-10-06,8883
00679B,元大美債20年,71,2,69,國泰-松江,2023-10-06,8883
00637L,元大滬深300正2,65,0,65,國泰-松江,2023-10-06,8883
00687B,國泰20年美債,58,1,57,國泰-松江,2023-10-06,8883
2542,興富發,56,0,56,國泰-松江,2023-10-06,8883
00764B,群益25年美債,49,0,49,國泰-松江,2023-10-06,8883
2344,華邦電,134,90,44,國泰-松江,2023-10-06,8883
00751B,元大AAA至A公司債,38,0,38,國泰-松江,2023-10-06,8883
00720B,元大投資級公司債,43,6,37,國泰-松江,2023-10-06,8883
3231,緯創,167,131,36,國泰-松江,2023-10-06,8883
00632R,元大台灣50反1,30,0,30,國泰-松江,2023-10-06,8883
1815,富喬,42,13,29,國泰-松江,2023-10-06,8883
00922,國泰台灣領袖50,36,8,28,國泰-松江,2023-10-06,8883
6191,精成科,31,4,27,國泰-松江,2023-10-06,8883
00772B,中信高評級公司債,35,10,25,國泰-松江,2023-10-06,8883
6282,康舒,183,158,25,國泰-松江,2023-10-06,8883
1471,首利,25,0,25,國泰-松江,2023-10-06,8883
3711,日月光投控,49,25,24,國泰-松江,2023-10-06,8883
4720,德淵,23,0,23,國泰-松江,2023-10-06,8883
00919,群益台灣精選高息,28,7,21,國泰-松江,2023-10-06,8883
0056,元大高股息,33,12,21,國泰-松江,2023-10-06,8883
2382,廣達,87,66,21,國泰-松江,2023-10-06,8883
6274,台燿,74,54,20,國泰-松江,2023-10-06,8883
3685,元創精密,20,0,20,國泰-松江,2023-10-06,8883
2637,慧洋-KY,23,3,20,國泰-松江,2023-10-06,8883
2317,鴻海,32,12,20,國泰-松江,2023-10-06,8883
2409,友達,18,0,18,國泰-松江,2023-10-06,8883
2365,昆盈,26,8,18,國泰-松江,2023-10-06,8883
8467,波力-KY,20,2,18,國泰-松江,2023-10-06,8883
9934,成霖,18,0,18,國泰-松江,2023-10-06,8883
3324,雙鴻,31,13,18,國泰-松江,2023-10-06,8883
5258,虹堡,43,26,17,國泰-松江,2023-10-06,8883
2303,聯電,16,0,16,國泰-松江,2023-10-06,8883
5309,系統電,16,0,16,國泰-松江,2023-10-06,8883
2610,華航,21,6,15,國泰-松江,2023-10-06,8883
00719B,元大美債1-3,15,0,15,國泰-松江,2023-10-06,8883
3060,銘異,15,0,15,國泰-松江,2023-10-06,8883
2002,中鋼,15,0,15,國泰-松江,2023-10-06,8883
1218,泰山,14,0,14,國泰-松江,2023-10-06,8883
2312,金寶,13,0,13,國泰-松江,2023-10-06,8883
3051,力特,17,4,13,國泰-松江,2023-10-06,8883
006208,富邦台50,14,0,14,國泰-松江,2023-10-06,8883
6451,訊芯-KY,31,18,13,國泰-松江,2023-10-06,8883
3276,宇環,28,15,13,國泰-松江,2023-10-06,8883
3450,聯鈞,20,7,13,國泰-松江,2023-10-06,8883
2301,光寶科,20,7,13,國泰-松江,2023-10-06,8883
3036,文曄,44,32,12,國泰-松江,2023-10-06,8883
2618,長榮航,59,47,12,國泰-松江,2023-10-06,8883
3231,緯創,391,185,206,國泰-松江,2023-10-11,8883
00632R,元大台灣50反1,200,2,198,國泰-松江,2023-10-11,8883
2020,美亞,180,1,179,國泰-松江,2023-10-11,8883
4167,松瑞藥,91,2,89,國泰-松江,2023-10-11,8883
3206,志豐,96,10,86,國泰-松江,2023-10-11,8883
00919,群益台灣精選高息,152,71,81,國泰-松江,2023-10-11,8883
2201,裕隆,74,9,65,國泰-松江,2023-10-11,8883
1504,東元,70,11,59,國泰-松江,2023-10-11,8883
2618,長榮航,68,17,51,國泰-松江,2023-10-11,8883
3567,逸昌,55,7,48,國泰-松江,2023-10-11,8883
00720B,元大投資級公司債,45,1,44,國泰-松江,2023-10-11,8883
00679B,元大美債20年,45,3,42,國泰-松江,2023-10-11,8883
00715L,期街口布蘭特正2,53,12,41,國泰-松江,2023-10-11,8883
6187,萬潤,49,12,37,國泰-松江,2023-10-11,8883
0056,元大高股息,55,20,35,國泰-松江,2023-10-11,8883
2603,長榮,51,17,34,國泰-松江,2023-10-11,8883
00673R,期元大S＆P原油反1,34,1,33,國泰-松江,2023-10-11,8883
00687B,國泰20年美債,34,2,32,國泰-松江,2023-10-11,8883
3234,光環,31,0,31,國泰-松江,2023-10-11,8883
2884,玉山金,37,8,29,國泰-松江,2023-10-11,8883
00929,復華台灣科技優息,98,71,27,國泰-松江,2023-10-11,8883
00680L,元大美債20正2,58,31,27,國泰-松江,2023-10-11,8883
5258,虹堡,33,6,27,國泰-松江,2023-10-11,8883
2340,台亞,33,8,25,國泰-松江,2023-10-11,8883
2641,正德,78,54,24,國泰-松江,2023-10-11,8883
6547,高端疫苗,33,9,24,國泰-松江,2023-10-11,8883
2365,昆盈,67,43,24,國泰-松江,2023-10-11,8883
1305,華夏,24,0,24,國泰-松江,2023-10-11,8883
3706,神達,28,4,24,國泰-松江,2023-10-11,8883
3006,晶豪科,121,98,23,國泰-松江,2023-10-11,8883
00751B,元大AAA至A公司債,23,1,22,國泰-松江,2023-10-11,8883
00676R,富邦臺灣加權反1,20,0,20,國泰-松江,2023-10-11,8883
4906,正文,21,1,20,國泰-松江,2023-10-11,8883
2382,廣達,97,78,19,國泰-松江,2023-10-11,8883
00922,國泰台灣領袖50,28,10,18,國泰-松江,2023-10-11,8883
1612,宏泰,18,1,17,國泰-松江,2023-10-11,8883
3033,威健,17,0,17,國泰-松江,2023-10-11,8883
2356,英業達,76,59,17,國泰-松江,2023-10-11,8883
3362,先進光,19,3,16,國泰-松江,2023-10-11,8883
3617,碩天,20,4,16,國泰-松江,2023-10-11,8883
2495,普安,16,0,16,國泰-松江,2023-10-11,8883
2312,金寶,15,0,15,國泰-松江,2023-10-11,8883
2399,映泰,20,5,15,國泰-松江,2023-10-11,8883
2812,台中銀,15,0,15,國泰-松江,2023-10-11,8883
6186,新潤,15,0,15,國泰-松江,2023-10-11,8883
2834,臺企銀,20,5,15,國泰-松江,2023-10-11,8883
2630,亞航,49,34,15,國泰-松江,2023-10-11,8883
6550,北極星藥業-KY,14,0,14,國泰-松江,2023-10-11,8883
00674R,期元大S＆P黃金反1,15,1,14,國泰-松江,2023-10-11,8883
00722B,群益投資級電信債,17,3,14,國泰-松江,2023-10-11,8883
3078,僑威,457,23,434,國泰-松江,2023-10-12,8883
00632R,元大台灣50反1,415,0,415,國泰-松江,2023-10-12,8883
00679B,元大美債20年,269,7,262,國泰-松江,2023-10-12,8883
00712,復華富時不動產,70,0,70,國泰-松江,2023-10-12,8883
6187,萬潤,78,14,64,國泰-松江,2023-10-12,8883
3567,逸昌,76,14,62,國泰-松江,2023-10-12,8883
2883,凱基金,62,21,41,國泰-松江,2023-10-12,8883
3374,精材,45,6,39,國泰-松江,2023-10-12,8883
1560,中砂,50,14,36,國泰-松江,2023-10-12,8883
00919,群益台灣精選高息,33,3,30,國泰-松江,2023-10-12,8883
00720B,元大投資級公司債,32,1,31,國泰-松江,2023-10-12,8883
2363,矽統,259,232,27,國泰-松江,2023-10-12,8883
5457,宣德,26,1,25,國泰-松江,2023-10-12,8883
3033,威健,21,0,21,國泰-松江,2023-10-12,8883
6290,良維,34,13,21,國泰-松江,2023-10-12,8883
2382,廣達,100,79,21,國泰-松江,2023-10-12,8883
1519,華城,33,13,20,國泰-松江,2023-10-12,8883
2352,佳世達,17,1,16,國泰-松江,2023-10-12,8883
2356,英業達,68,53,15,國泰-松江,2023-10-12,8883
2204,中華,15,0,15,國泰-松江,2023-10-12,8883
6275,元山,16,1,15,國泰-松江,2023-10-12,8883
2105,正新,23,8,15,國泰-松江,2023-10-12,8883
2903,遠百,15,0,15,國泰-松江,2023-10-12,8883
2834,臺企銀,14,0,14,國泰-松江,2023-10-12,8883
1514,亞力,16,3,13,國泰-松江,2023-10-12,8883
00931B,統一美債20年,16,3,13,國泰-松江,2023-10-12,8883
6274,台燿,16,4,12,國泰-松江,2023-10-12,8883
00751B,元大AAA至A公司債,12,0,12,國泰-松江,2023-10-12,8883
2449,京元電子,78,66,12,國泰-松江,2023-10-12,8883
2605,新興,13,2,11,國泰-松江,2023-10-12,8883
2337,旺宏,11,0,11,國泰-松江,2023-10-12,8883
1584,精剛,13,2,11,國泰-松江,2023-10-12,8883
8176,智捷,11,0,11,國泰-松江,2023-10-12,8883
4906,正文,12,1,11,國泰-松江,2023-10-12,8883
2801,彰銀,10,0,10,國泰-松江,2023-10-12,8883
2812,台中銀,16,6,10,國泰-松江,2023-10-12,8883
2606,裕民,11,1,10,國泰-松江,2023-10-12,8883
3622,洋華,10,0,10,國泰-松江,2023-10-12,8883
2929,淘帝-KY,10,0,10,國泰-松江,2023-10-12,8883
2338,光罩,11,1,10,國泰-松江,2023-10-12,8883
3338,泰碩,10,0,10,國泰-松江,2023-10-12,8883
2365,昆盈,10,0,10,國泰-松江,2023-10-12,8883
6222,上揚,10,0,10,國泰-松江,2023-10-12,8883
9105,泰金寶-DR,11,1,10,國泰-松江,2023-10-12,8883
00795B,中信美國公債20年,10,1,9,國泰-松江,2023-10-12,8883
6231,系微,18,8,10,國泰-松江,2023-10-12,8883
1218,泰山,9,0,9,國泰-松江,2023-10-12,8883
1815,富喬,23,14,9,國泰-松江,2023-10-12,8883
2816,旺旺保,9,0,9,國泰-松江,2023-10-12,8883
00788B,元大10年IG電能債,9,0,9,國泰-松江,2023-10-12,8883
00688L,國泰20年美債正2,521,1,520,國泰-松江,2023-10-13,8883
00878,國泰永續高股息,229,28,201,國泰-松江,2023-10-13,8883
0056,元大高股息,160,5,155,國泰-松江,2023-10-13,8883
00680L,元大美債20正2,168,15,153,國泰-松江,2023-10-13,8883
3231,緯創,242,100,142,國泰-松江,2023-10-13,8883
2885,元大金,100,0,100,國泰-松江,2023-10-13,8883
2382,廣達,187,88,99,國泰-松江,2023-10-13,8883
00720B,元大投資級公司債,92,1,91,國泰-松江,2023-10-13,8883
2891,中信金,106,17,89,國泰-松江,2023-10-13,8883
00929,復華台灣科技優息,95,10,85,國泰-松江,2023-10-13,8883
00679B,元大美債20年,83,7,76,國泰-松江,2023-10-13,8883
1216,統一,75,0,75,國泰-松江,2023-10-13,8883
00687B,國泰20年美債,74,1,73,國泰-松江,2023-10-13,8883
00919,群益台灣精選高息,75,3,72,國泰-松江,2023-10-13,8883
1504,東元,71,0,71,國泰-松江,2023-10-13,8883
2409,友達,71,5,66,國泰-松江,2023-10-13,8883
2880,華南金,57,0,57,國泰-松江,2023-10-13,8883
2376,技嘉,114,60,54,國泰-松江,2023-10-13,8883
00922,國泰台灣領袖50,54,2,52,國泰-松江,2023-10-13,8883
4979,華星光,140,92,48,國泰-松江,2023-10-13,8883
2618,長榮航,44,2,42,國泰-松江,2023-10-13,8883
3363,上詮,145,104,41,國泰-松江,2023-10-13,8883
2363,矽統,354,315,39,國泰-松江,2023-10-13,8883
2903,遠百,38,0,38,國泰-松江,2023-10-13,8883
2312,金寶,35,0,35,國泰-松江,2023-10-13,8883
2344,華邦電,39,7,32,國泰-松江,2023-10-13,8883
2888,新光金,32,0,32,國泰-松江,2023-10-13,8883
00753L,中信中國50正2,90,60,30,國泰-松江,2023-10-13,8883
8996,高力,32,5,27,國泰-松江,2023-10-13,8883
00772B,中信高評級公司債,27,0,27,國泰-松江,2023-10-13,8883
8176,智捷,25,0,25,國泰-松江,2023-10-13,8883
6446,藥華藥,30,5,25,國泰-松江,2023-10-13,8883
3483,力致,31,7,24,國泰-松江,2023-10-13,8883
00712,復華富時不動產,26,2,24,國泰-松江,2023-10-13,8883
1101,台泥,34,11,23,國泰-松江,2023-10-13,8883
2329,華泰,31,8,23,國泰-松江,2023-10-13,8883
3013,晟銘電,33,11,22,國泰-松江,2023-10-13,8883
1234,黑松,22,0,22,國泰-松江,2023-10-13,8883
00650L,復華香港正2,30,8,22,國泰-松江,2023-10-13,8883
6191,精成科,23,2,21,國泰-松江,2023-10-13,8883
8215,明基材,21,0,21,國泰-松江,2023-10-13,8883
2912,統一超,20,0,20,國泰-松江,2023-10-13,8883
00733,富邦臺灣中小,20,0,20,國泰-松江,2023-10-13,8883
00751B,元大AAA至A公司債,19,0,19,國泰-松江,2023-10-13,8883
00932,兆豐永續高息等權,19,0,19,國泰-松江,2023-10-13,8883
8069,元太,20,1,19,國泰-松江,2023-10-13,8883
1609,大亞,24,5,19,國泰-松江,2023-10-13,8883
1303,南亞,19,0,19,國泰-松江,2023-10-13,8883
6284,佳邦,84,66,18,國泰-松江,2023-10-13,8883
6684,安格,28,11,17,國泰-松江,2023-10-13,8883
00897,富邦基因免疫生技,600,0,600,國泰-松江,2023-10-16,8883
00931B,統一美債20年,639,49,590,國泰-松江,2023-10-16,8883
0056,元大高股息,364,5,359,國泰-松江,2023-10-16,8883
00922,國泰台灣領袖50,162,0,162,國泰-松江,2023-10-16,8883
2618,長榮航,136,29,107,國泰-松江,2023-10-16,8883
2891,中信金,103,12,91,國泰-松江,2023-10-16,8883
00919,群益台灣精選高息,138,48,90,國泰-松江,2023-10-16,8883
00720B,元大投資級公司債,72,0,72,國泰-松江,2023-10-16,8883
1314,中石化,108,42,66,國泰-松江,2023-10-16,8883
00929,復華台灣科技優息,131,66,65,國泰-松江,2023-10-16,8883
00722B,群益投資級電信債,62,0,62,國泰-松江,2023-10-16,8883
2363,矽統,323,266,57,國泰-松江,2023-10-16,8883
6290,良維,55,3,52,國泰-松江,2023-10-16,8883
00712,復華富時不動產,49,0,49,國泰-松江,2023-10-16,8883
6288,聯嘉,47,1,46,國泰-松江,2023-10-16,8883
2603,長榮,47,4,43,國泰-松江,2023-10-16,8883
2344,華邦電,69,28,41,國泰-松江,2023-10-16,8883
00905,FT臺灣Smart,40,0,40,國泰-松江,2023-10-16,8883
5519,隆大,35,0,35,國泰-松江,2023-10-16,8883
4720,德淵,47,15,32,國泰-松江,2023-10-16,8883
3042,晶技,31,0,31,國泰-松江,2023-10-16,8883
4979,華星光,61,31,30,國泰-松江,2023-10-16,8883
3206,志豐,30,0,30,國泰-松江,2023-10-16,8883
8069,元太,28,0,28,國泰-松江,2023-10-16,8883
1504,東元,31,3,28,國泰-松江,2023-10-16,8883
2025,千興,29,2,27,國泰-松江,2023-10-16,8883
00882,中信中國高股息,27,2,25,國泰-松江,2023-10-16,8883
00751B,元大AAA至A公司債,25,0,25,國泰-松江,2023-10-16,8883
2601,益航,23,0,23,國泰-松江,2023-10-16,8883
6443,元晶,25,2,23,國泰-松江,2023-10-16,8883
3706,神達,36,13,23,國泰-松江,2023-10-16,8883
2634,漢翔,22,0,22,國泰-松江,2023-10-16,8883
2367,燿華,24,2,22,國泰-松江,2023-10-16,8883
1515,力山,21,0,21,國泰-松江,2023-10-16,8883
6789,采鈺,19,0,19,國泰-松江,2023-10-16,8883
3491,昇達科,34,16,18,國泰-松江,2023-10-16,8883
2610,華航,62,44,18,國泰-松江,2023-10-16,8883
2515,中工,118,101,17,國泰-松江,2023-10-16,8883
8261,富鼎,18,1,17,國泰-松江,2023-10-16,8883
2324,仁寶,20,3,17,國泰-松江,2023-10-16,8883
00673R,期元大S＆P原油反1,16,0,16,國泰-松江,2023-10-16,8883
2516,新建,18,2,16,國泰-松江,2023-10-16,8883
3567,逸昌,16,0,16,國泰-松江,2023-10-16,8883
6446,藥華藥,18,2,16,國泰-松江,2023-10-16,8883
2548,華固,15,0,15,國泰-松江,2023-10-16,8883
00719B,元大美債1-3,15,0,15,國泰-松江,2023-10-16,8883
1503,士電,15,0,15,國泰-松江,2023-10-16,8883
1471,首利,15,0,15,國泰-松江,2023-10-16,8883
2204,中華,16,2,14,國泰-松江,2023-10-16,8883
2488,漢平,25,11,14,國泰-松江,2023-10-16,8883
00897,富邦基因免疫生技,399,2,397,國泰-松江,2023-10-17,8883
0056,元大高股息,385,54,331,國泰-松江,2023-10-17,8883
00878,國泰永續高股息,213,40,173,國泰-松江,2023-10-17,8883
00687B,國泰20年美債,177,7,170,國泰-松江,2023-10-17,8883
2201,裕隆,182,18,164,國泰-松江,2023-10-17,8883
00720B,元大投資級公司債,123,0,123,國泰-松江,2023-10-17,8883
6568,宏觀,112,0,112,國泰-松江,2023-10-17,8883
3035,智原,170,65,105,國泰-松江,2023-10-17,8883
00680L,元大美債20正2,105,0,105,國泰-松江,2023-10-17,8883
00929,復華台灣科技優息,120,26,94,國泰-松江,2023-10-17,8883
2618,長榮航,92,15,77,國泰-松江,2023-10-17,8883
1504,東元,78,6,72,國泰-松江,2023-10-17,8883
00722B,群益投資級電信債,65,0,65,國泰-松江,2023-10-17,8883
00679B,元大美債20年,65,2,63,國泰-松江,2023-10-17,8883
5009,榮剛,74,14,60,國泰-松江,2023-10-17,8883
2888,新光金,51,0,51,國泰-松江,2023-10-17,8883
8358,金居,56,5,51,國泰-松江,2023-10-17,8883
2301,光寶科,98,48,50,國泰-松江,2023-10-17,8883
00632R,元大台灣50反1,58,13,45,國泰-松江,2023-10-17,8883
00751B,元大AAA至A公司債,39,0,39,國泰-松江,2023-10-17,8883
4979,華星光,68,30,38,國泰-松江,2023-10-17,8883
00772B,中信高評級公司債,38,0,38,國泰-松江,2023-10-17,8883
3701,大眾控,42,4,38,國泰-松江,2023-10-17,8883
3231,緯創,358,324,34,國泰-松江,2023-10-17,8883
4960,誠美材,145,112,33,國泰-松江,2023-10-17,8883
00931B,統一美債20年,32,0,32,國泰-松江,2023-10-17,8883
4720,德淵,32,0,32,國泰-松江,2023-10-17,8883
1609,大亞,42,13,29,國泰-松江,2023-10-17,8883
2603,長榮,25,0,25,國泰-松江,2023-10-17,8883
00922,國泰台灣領袖50,26,1,25,國泰-松江,2023-10-17,8883
2610,華航,35,11,24,國泰-松江,2023-10-17,8883
5483,中美晶,25,2,23,國泰-松江,2023-10-17,8883
3673,TPK-KY,21,0,21,國泰-松江,2023-10-17,8883
2465,麗臺,21,0,21,國泰-松江,2023-10-17,8883
00688L,國泰20年美債正2,26,5,21,國泰-松江,2023-10-17,8883
2382,廣達,68,47,21,國泰-松江,2023-10-17,8883
2609,陽明,23,3,20,國泰-松江,2023-10-17,8883
2548,華固,20,0,20,國泰-松江,2023-10-17,8883
4167,松瑞藥,20,0,20,國泰-松江,2023-10-17,8883
1337,再生-KY,20,0,20,國泰-松江,2023-10-17,8883
1326,台化,19,0,19,國泰-松江,2023-10-17,8883
4908,前鼎,59,40,19,國泰-松江,2023-10-17,8883
2641,正德,21,3,18,國泰-松江,2023-10-17,8883
1471,首利,20,2,18,國泰-松江,2023-10-17,8883
9945,潤泰新,16,0,16,國泰-松江,2023-10-17,8883
00918,大華優利高填息30,19,3,16,國泰-松江,2023-10-17,8883
4102,永日,30,14,16,國泰-松江,2023-10-17,8883
4746,台耀,16,0,16,國泰-松江,2023-10-17,8883
00900,富邦特選高股息30,16,0,16,國泰-松江,2023-10-17,8883
1815,富喬,95,80,15,國泰-松江,2023-10-17,8883
00878,國泰永續高股息,584,45,539,國泰-松江,2023-10-18,8883
0056,元大高股息,399,38,361,國泰-松江,2023-10-18,8883
00897,富邦基因免疫生技,301,0,301,國泰-松江,2023-10-18,8883
00922,國泰台灣領袖50,287,0,287,國泰-松江,2023-10-18,8883
00929,復華台灣科技優息,244,59,185,國泰-松江,2023-10-18,8883
2201,裕隆,251,86,165,國泰-松江,2023-10-18,8883
00720B,元大投資級公司債,151,1,150,國泰-松江,2023-10-18,8883
00919,群益台灣精選高息,153,16,137,國泰-松江,2023-10-18,8883
9938,百和,124,14,110,國泰-松江,2023-10-18,8883
1909,榮成,101,0,101,國泰-松江,2023-10-18,8883
3206,志豐,54,2,52,國泰-松江,2023-10-18,8883
5009,榮剛,58,6,52,國泰-松江,2023-10-18,8883
00679B,元大美債20年,50,1,49,國泰-松江,2023-10-18,8883
5439,高技,54,7,47,國泰-松江,2023-10-18,8883
1101,台泥,47,1,46,國泰-松江,2023-10-18,8883
4979,華星光,59,13,46,國泰-松江,2023-10-18,8883
00730,富邦臺灣優質高息,47,2,45,國泰-松江,2023-10-18,8883
5328,華容,43,0,43,國泰-松江,2023-10-18,8883
2530,華建,40,0,40,國泰-松江,2023-10-18,8883
2388,威盛,162,124,38,國泰-松江,2023-10-18,8883
2344,華邦電,144,109,35,國泰-松江,2023-10-18,8883
3260,威剛,130,95,35,國泰-松江,2023-10-18,8883
00687B,國泰20年美債,34,0,34,國泰-松江,2023-10-18,8883
2382,廣達,119,84,35,國泰-松江,2023-10-18,8883
6568,宏觀,70,37,33,國泰-松江,2023-10-18,8883
00713,元大台灣高息低波,32,0,32,國泰-松江,2023-10-18,8883
4960,誠美材,231,201,30,國泰-松江,2023-10-18,8883
00680L,元大美債20正2,38,8,30,國泰-松江,2023-10-18,8883
2486,一詮,42,14,28,國泰-松江,2023-10-18,8883
4951,精拓科,28,0,28,國泰-松江,2023-10-18,8883
3715,定穎投控,221,193,28,國泰-松江,2023-10-18,8883
00751B,元大AAA至A公司債,27,0,27,國泰-松江,2023-10-18,8883
1309,台達化,27,0,27,國泰-松江,2023-10-18,8883
00673R,期元大S＆P原油反1,46,20,26,國泰-松江,2023-10-18,8883
00753L,中信中國50正2,31,5,26,國泰-松江,2023-10-18,8883
3163,波若威,36,10,26,國泰-松江,2023-10-18,8883
2352,佳世達,35,9,26,國泰-松江,2023-10-18,8883
00907,永豐優息存股,24,0,24,國泰-松江,2023-10-18,8883
3450,聯鈞,32,9,23,國泰-松江,2023-10-18,8883
6547,高端疫苗,28,5,23,國泰-松江,2023-10-18,8883
2317,鴻海,23,1,22,國泰-松江,2023-10-18,8883
4552,力達-KY,21,0,21,國泰-松江,2023-10-18,8883
6288,聯嘉,21,0,21,國泰-松江,2023-10-18,8883
3122,笙泉,77,56,21,國泰-松江,2023-10-18,8883
00931B,統一美債20年,30,10,20,國泰-松江,2023-10-18,8883
3706,神達,27,7,20,國泰-松江,2023-10-18,8883
1337,再生-KY,20,0,20,國泰-松江,2023-10-18,8883
1504,東元,27,7,20,國泰-松江,2023-10-18,8883
5351,鈺創,22,2,20,國泰-松江,2023-10-18,8883
2704,國賓,20,0,20,國泰-松江,2023-10-18,8883
0056,元大高股息,391,64,327,國泰-松江,2023-10-19,8883
00878,國泰永續高股息,278,48,230,國泰-松江,2023-10-19,8883
00922,國泰台灣領袖50,158,2,156,國泰-松江,2023-10-19,8883
2610,華航,147,10,137,國泰-松江,2023-10-19,8883
00687B,國泰20年美債,135,0,135,國泰-松江,2023-10-19,8883
00933B,國泰10Y+金融債,120,5,115,國泰-松江,2023-10-19,8883
00720B,元大投資級公司債,107,2,105,國泰-松江,2023-10-19,8883
8176,智捷,100,0,100,國泰-松江,2023-10-19,8883
00680L,元大美債20正2,112,24,88,國泰-松江,2023-10-19,8883
00929,復華台灣科技優息,103,18,85,國泰-松江,2023-10-19,8883
1101,台泥,84,9,75,國泰-松江,2023-10-19,8883
00679B,元大美債20年,100,29,71,國泰-松江,2023-10-19,8883
2317,鴻海,63,1,62,國泰-松江,2023-10-19,8883
00722B,群益投資級電信債,109,51,58,國泰-松江,2023-10-19,8883
00751B,元大AAA至A公司債,59,1,58,國泰-松江,2023-10-19,8883
00919,群益台灣精選高息,60,3,57,國泰-松江,2023-10-19,8883
00712,復華富時不動產,57,0,57,國泰-松江,2023-10-19,8883
00931B,統一美債20年,56,0,56,國泰-松江,2023-10-19,8883
00893,國泰智能電動車,39,0,39,國泰-松江,2023-10-19,8883
00637L,元大滬深300正2,66,30,36,國泰-松江,2023-10-19,8883
6282,康舒,39,4,35,國泰-松江,2023-10-19,8883
3363,上詮,58,24,34,國泰-松江,2023-10-19,8883
00772B,中信高評級公司債,33,0,33,國泰-松江,2023-10-19,8883
00885,富邦越南,40,8,32,國泰-松江,2023-10-19,8883
3711,日月光投控,96,67,29,國泰-松江,2023-10-19,8883
6443,元晶,28,0,28,國泰-松江,2023-10-19,8883
00882,中信中國高股息,27,0,27,國泰-松江,2023-10-19,8883
2301,光寶科,36,10,26,國泰-松江,2023-10-19,8883
1605,華新,32,6,26,國泰-松江,2023-10-19,8883
2328,廣宇,33,9,24,國泰-松江,2023-10-19,8883
5876,上海商銀,24,0,24,國泰-松江,2023-10-19,8883
5607,遠雄港,22,0,22,國泰-松江,2023-10-19,8883
6213,聯茂,23,1,22,國泰-松江,2023-10-19,8883
00895,富邦未來車,22,0,22,國泰-松江,2023-10-19,8883
2888,新光金,29,7,22,國泰-松江,2023-10-19,8883
3706,神達,43,22,21,國泰-松江,2023-10-19,8883
1314,中石化,24,3,21,國泰-松江,2023-10-19,8883
1473,台南,20,0,20,國泰-松江,2023-10-19,8883
5880,合庫金,21,1,20,國泰-松江,2023-10-19,8883
1305,華夏,20,1,19,國泰-松江,2023-10-19,8883
6274,台燿,30,11,19,國泰-松江,2023-10-19,8883
2884,玉山金,22,3,19,國泰-松江,2023-10-19,8883
00670L,富邦NASDAQ正2,21,3,18,國泰-松江,2023-10-19,8883
3673,TPK-KY,18,0,18,國泰-松江,2023-10-19,8883
2515,中工,27,9,18,國泰-松江,2023-10-19,8883
2323,中環,18,0,18,國泰-松江,2023-10-19,8883
3325,旭品,21,4,17,國泰-松江,2023-10-19,8883
00752,中信中國50,16,0,16,國泰-松江,2023-10-19,8883
00902,中信電池及儲能,16,0,16,國泰-松江,2023-10-19,8883
3013,晟銘電,20,5,15,國泰-松江,2023-10-19,8883
2603,長榮,1291,8,1283,國泰-松江,2023-10-20,8883
0056,元大高股息,466,40,426,國泰-松江,2023-10-20,8883
00878,國泰永續高股息,329,22,307,國泰-松江,2023-10-20,8883
2887,台新金,217,0,217,國泰-松江,2023-10-20,8883
00712,復華富時不動產,115,11,104,國泰-松江,2023-10-20,8883
00665L,富邦�琤肭磪囓�2,100,0,100,國泰-松江,2023-10-20,8883
00687B,國泰20年美債,92,2,90,國泰-松江,2023-10-20,8883
2888,新光金,109,37,72,國泰-松江,2023-10-20,8883
6288,聯嘉,72,0,72,國泰-松江,2023-10-20,8883
3231,緯創,237,174,63,國泰-松江,2023-10-20,8883
2882,國泰金,58,2,56,國泰-松江,2023-10-20,8883
2883,凱基金,56,0,56,國泰-松江,2023-10-20,8883
00753L,中信中國50正2,56,0,56,國泰-松江,2023-10-20,8883
00720B,元大投資級公司債,51,0,51,國泰-松江,2023-10-20,8883
5328,華容,47,0,47,國泰-松江,2023-10-20,8883
1101,台泥,50,3,47,國泰-松江,2023-10-20,8883
00882,中信中國高股息,45,0,45,國泰-松江,2023-10-20,8883
6290,良維,55,11,44,國泰-松江,2023-10-20,8883
00919,群益台灣精選高息,46,2,44,國泰-松江,2023-10-20,8883
2303,聯電,139,97,42,國泰-松江,2023-10-20,8883
00679B,元大美債20年,48,12,36,國泰-松江,2023-10-20,8883
2886,兆豐金,133,98,35,國泰-松江,2023-10-20,8883
00885,富邦越南,35,1,34,國泰-松江,2023-10-20,8883
6530,創威,60,26,34,國泰-松江,2023-10-20,8883
1815,富喬,37,4,33,國泰-松江,2023-10-20,8883
3715,定穎投控,253,222,31,國泰-松江,2023-10-20,8883
00751B,元大AAA至A公司債,31,1,30,國泰-松江,2023-10-20,8883
2618,長榮航,42,14,28,國泰-松江,2023-10-20,8883
2610,華航,48,20,28,國泰-松江,2023-10-20,8883
2002,中鋼,28,1,27,國泰-松江,2023-10-20,8883
00922,國泰台灣領袖50,32,6,26,國泰-松江,2023-10-20,8883
3363,上詮,52,26,26,國泰-松江,2023-10-20,8883
3206,志豐,26,2,24,國泰-松江,2023-10-20,8883
00931B,統一美債20年,23,0,23,國泰-松江,2023-10-20,8883
0050,元大台灣50,27,5,22,國泰-松江,2023-10-20,8883
9950,萬國通,38,16,22,國泰-松江,2023-10-20,8883
2884,玉山金,26,4,22,國泰-松江,2023-10-20,8883
2515,中工,40,21,19,國泰-松江,2023-10-20,8883
3025,星通,41,22,19,國泰-松江,2023-10-20,8883
9945,潤泰新,17,0,17,國泰-松江,2023-10-20,8883
1218,泰山,16,0,16,國泰-松江,2023-10-20,8883
00893,國泰智能電動車,26,10,16,國泰-松江,2023-10-20,8883
1513,中興電,26,10,16,國泰-松江,2023-10-20,8883
4142,國光生,16,0,16,國泰-松江,2023-10-20,8883
6257,矽格,27,11,16,國泰-松江,2023-10-20,8883
4979,華星光,51,35,16,國泰-松江,2023-10-20,8883
00933B,國泰10Y+金融債,16,0,16,國泰-松江,2023-10-20,8883
2881,富邦金,47,31,16,國泰-松江,2023-10-20,8883
1605,華新,15,0,15,國泰-松江,2023-10-20,8883
00713,元大台灣高息低波,16,1,15,國泰-松江,2023-10-20,8883
2603,長榮,2551,4,2547,國泰-松江,2023-10-23,8883
00929,復華台灣科技優息,1096,55,1041,國泰-松江,2023-10-23,8883
00712,復華富時不動產,157,1,156,國泰-松江,2023-10-23,8883
2317,鴻海,207,61,146,國泰-松江,2023-10-23,8883
00753L,中信中國50正2,159,20,139,國泰-松江,2023-10-23,8883
2888,新光金,109,2,107,國泰-松江,2023-10-23,8883
2887,台新金,105,0,105,國泰-松江,2023-10-23,8883
00878,國泰永續高股息,182,96,86,國泰-松江,2023-10-23,8883
3711,日月光投控,124,47,77,國泰-松江,2023-10-23,8883
00687B,國泰20年美債,172,97,75,國泰-松江,2023-10-23,8883
2401,凌陽,144,83,61,國泰-松江,2023-10-23,8883
0056,元大高股息,97,45,52,國泰-松江,2023-10-23,8883
2409,友達,51,0,51,國泰-松江,2023-10-23,8883
00720B,元大投資級公司債,44,0,44,國泰-松江,2023-10-23,8883
00902,中信電池及儲能,42,0,42,國泰-松江,2023-10-23,8883
2891,中信金,39,0,39,國泰-松江,2023-10-23,8883
0050,元大台灣50,41,6,35,國泰-松江,2023-10-23,8883
00882,中信中國高股息,35,1,34,國泰-松江,2023-10-23,8883
5521,工信,34,0,34,國泰-松江,2023-10-23,8883
00795B,中信美國公債20年,32,0,32,國泰-松江,2023-10-23,8883
00692,富邦公司治理,31,0,31,國泰-松江,2023-10-23,8883
6271,同欣電,34,3,31,國泰-松江,2023-10-23,8883
00751B,元大AAA至A公司債,29,0,29,國泰-松江,2023-10-23,8883
4960,誠美材,30,1,29,國泰-松江,2023-10-23,8883
2618,長榮航,73,46,27,國泰-松江,2023-10-23,8883
2886,兆豐金,39,13,26,國泰-松江,2023-10-23,8883
00922,國泰台灣領袖50,37,12,25,國泰-松江,2023-10-23,8883
3264,欣銓,28,3,25,國泰-松江,2023-10-23,8883
00680L,元大美債20正2,23,0,23,國泰-松江,2023-10-23,8883
2330,台積電,29,7,22,國泰-松江,2023-10-23,8883
1605,華新,22,2,20,國泰-松江,2023-10-23,8883
4720,德淵,20,0,20,國泰-松江,2023-10-23,8883
3260,威剛,47,27,20,國泰-松江,2023-10-23,8883
3035,智原,44,24,20,國泰-松江,2023-10-23,8883
3041,揚智,42,24,18,國泰-松江,2023-10-23,8883
3325,旭品,24,6,18,國泰-松江,2023-10-23,8883
00675L,富邦臺灣加權正2,18,0,18,國泰-松江,2023-10-23,8883
00900,富邦特選高股息30,17,0,17,國泰-松江,2023-10-23,8883
8069,元太,22,4,18,國泰-松江,2023-10-23,8883
6770,力積電,18,1,17,國泰-松江,2023-10-23,8883
3013,晟銘電,19,2,17,國泰-松江,2023-10-23,8883
1815,富喬,30,13,17,國泰-松江,2023-10-23,8883
2002,中鋼,17,0,17,國泰-松江,2023-10-23,8883
00631L,元大台灣50正2,17,0,17,國泰-松江,2023-10-23,8883
2605,新興,19,3,16,國泰-松江,2023-10-23,8883
3207,耀勝,16,1,15,國泰-松江,2023-10-23,8883
3037,欣興,17,5,12,國泰-松江,2023-10-23,8883
3051,力特,54,42,12,國泰-松江,2023-10-23,8883
2402,毅嘉,44,32,12,國泰-松江,2023-10-23,8883
3017,奇鋐,16,4,12,國泰-松江,2023-10-23,8883
00897,富邦基因免疫生技,300,0,300,國泰-松江,2023-10-24,8883
2317,鴻海,234,22,212,國泰-松江,2023-10-24,8883
00929,復華台灣科技優息,185,29,156,國泰-松江,2023-10-24,8883
2801,彰銀,100,0,100,國泰-松江,2023-10-24,8883
00712,復華富時不動產,104,24,80,國泰-松江,2023-10-24,8883
0056,元大高股息,89,10,79,國泰-松江,2023-10-24,8883
00687B,國泰20年美債,117,42,75,國泰-松江,2023-10-24,8883
2382,廣達,110,53,57,國泰-松江,2023-10-24,8883
6288,聯嘉,50,0,50,國泰-松江,2023-10-24,8883
4979,華星光,82,32,50,國泰-松江,2023-10-24,8883
00919,群益台灣精選高息,66,18,48,國泰-松江,2023-10-24,8883
6168,宏齊,85,43,42,國泰-松江,2023-10-24,8883
00878,國泰永續高股息,122,84,38,國泰-松江,2023-10-24,8883
2002,中鋼,36,2,34,國泰-松江,2023-10-24,8883
3372,典範,50,16,34,國泰-松江,2023-10-24,8883
3363,上詮,43,9,34,國泰-松江,2023-10-24,8883
4743,合一,34,3,31,國泰-松江,2023-10-24,8883
4960,誠美材,231,201,30,國泰-松江,2023-10-24,8883
2891,中信金,34,4,30,國泰-松江,2023-10-24,8883
3260,威剛,80,51,29,國泰-松江,2023-10-24,8883
1519,華城,59,30,29,國泰-松江,2023-10-24,8883
2515,中工,28,0,28,國泰-松江,2023-10-24,8883
00882,中信中國高股息,29,3,26,國泰-松江,2023-10-24,8883
00679B,元大美債20年,28,4,24,國泰-松江,2023-10-24,8883
2302,麗正,30,8,22,國泰-松江,2023-10-24,8883
2369,菱生,100,78,22,國泰-松江,2023-10-24,8883
5355,佳總,39,17,22,國泰-松江,2023-10-24,8883
8271,宇瞻,21,0,21,國泰-松江,2023-10-24,8883
3051,力特,39,18,21,國泰-松江,2023-10-24,8883
00933B,國泰10Y+金融債,21,1,20,國泰-松江,2023-10-24,8883
3049,精金,20,0,20,國泰-松江,2023-10-24,8883
00680L,元大美債20正2,32,12,20,國泰-松江,2023-10-24,8883
00902,中信電池及儲能,19,0,19,國泰-松江,2023-10-24,8883
2887,台新金,40,21,19,國泰-松江,2023-10-24,8883
3711,日月光投控,29,11,18,國泰-松江,2023-10-24,8883
2406,國碩,20,2,18,國泰-松江,2023-10-24,8883
0050,元大台灣50,17,0,17,國泰-松江,2023-10-24,8883
00922,國泰台灣領袖50,22,6,16,國泰-松江,2023-10-24,8883
5871,中租-KY,15,0,15,國泰-松江,2023-10-24,8883
5272,笙科,23,9,14,國泰-松江,2023-10-24,8883
2881,富邦金,14,0,14,國泰-松江,2023-10-24,8883
00655L,國泰中國A50正2,12,0,12,國泰-松江,2023-10-24,8883
00864B,中信美國公債0-1,12,0,12,國泰-松江,2023-10-24,8883
3704,合勤控,23,11,12,國泰-松江,2023-10-24,8883
00893,國泰智能電動車,11,0,11,國泰-松江,2023-10-24,8883
4720,德淵,11,0,11,國泰-松江,2023-10-24,8883
1504,東元,12,1,11,國泰-松江,2023-10-24,8883
2882,國泰金,11,0,11,國泰-松江,2023-10-24,8883
1314,中石化,10,0,10,國泰-松江,2023-10-24,8883
6719,力智,10,0,10,國泰-松江,2023-10-24,8883
2603,長榮,241,12,229,國泰-松江,2023-10-25,8883
00897,富邦基因免疫生技,200,0,200,國泰-松江,2023-10-25,8883
3706,神達,138,4,134,國泰-松江,2023-10-25,8883
00692,富邦公司治理,100,0,100,國泰-松江,2023-10-25,8883
6290,良維,107,15,92,國泰-松江,2023-10-25,8883
0056,元大高股息,106,18,88,國泰-松江,2023-10-25,8883
1524,耿鼎,312,229,83,國泰-松江,2023-10-25,8883
00929,復華台灣科技優息,118,45,73,國泰-松江,2023-10-25,8883
00712,復華富時不動產,80,9,71,國泰-松江,2023-10-25,8883
6288,聯嘉,70,0,70,國泰-松江,2023-10-25,8883
2317,鴻海,74,8,66,國泰-松江,2023-10-25,8883
2426,鼎元,63,3,60,國泰-松江,2023-10-25,8883
2892,第一金,43,0,43,國泰-松江,2023-10-25,8883
2515,中工,71,32,39,國泰-松江,2023-10-25,8883
3032,偉訓,48,11,37,國泰-松江,2023-10-25,8883
00933B,國泰10Y+金融債,39,5,34,國泰-松江,2023-10-25,8883
00878,國泰永續高股息,79,46,33,國泰-松江,2023-10-25,8883
00719B,元大美債1-3,30,0,30,國泰-松江,2023-10-25,8883
3374,精材,31,2,29,國泰-松江,2023-10-25,8883
5381,合正,29,3,26,國泰-松江,2023-10-25,8883
00687B,國泰20年美債,46,22,24,國泰-松江,2023-10-25,8883
2382,廣達,145,121,24,國泰-松江,2023-10-25,8883
00919,群益台灣精選高息,26,2,24,國泰-松江,2023-10-25,8883
4162,智擎,41,19,22,國泰-松江,2023-10-25,8883
2427,三商電,37,15,22,國泰-松江,2023-10-25,8883
2337,旺宏,43,22,21,國泰-松江,2023-10-25,8883
4743,合一,25,4,21,國泰-松江,2023-10-25,8883
2376,技嘉,49,29,20,國泰-松江,2023-10-25,8883
3024,憶聲,20,0,20,國泰-松江,2023-10-25,8883
3206,志豐,25,5,20,國泰-松江,2023-10-25,8883
00922,國泰台灣領袖50,21,1,20,國泰-松江,2023-10-25,8883
3701,大眾控,36,17,19,國泰-松江,2023-10-25,8883
9105,泰金寶-DR,18,0,18,國泰-松江,2023-10-25,8883
2486,一詮,26,8,18,國泰-松江,2023-10-25,8883
2880,華南金,17,0,17,國泰-松江,2023-10-25,8883
00679B,元大美債20年,25,8,17,國泰-松江,2023-10-25,8883
2462,良得電,27,10,17,國泰-松江,2023-10-25,8883
00751B,元大AAA至A公司債,16,1,15,國泰-松江,2023-10-25,8883
6113,亞矽,15,1,14,國泰-松江,2023-10-25,8883
1785,光洋科,15,2,13,國泰-松江,2023-10-25,8883
2412,中華電,13,0,13,國泰-松江,2023-10-25,8883
8110,華東,31,18,13,國泰-松江,2023-10-25,8883
1504,東元,13,1,12,國泰-松江,2023-10-25,8883
3025,星通,58,46,12,國泰-松江,2023-10-25,8883
9934,成霖,12,0,12,國泰-松江,2023-10-25,8883
00753L,中信中國50正2,148,136,12,國泰-松江,2023-10-25,8883
6233,旺玖,17,5,12,國泰-松江,2023-10-25,8883
00713,元大台灣高息低波,13,2,11,國泰-松江,2023-10-25,8883
3006,晶豪科,19,8,11,國泰-松江,2023-10-25,8883
4572,駐龍,11,0,11,國泰-松江,2023-10-25,8883
2603,長榮,1227,28,1199,國泰-松江,2023-10-26,8883
00897,富邦基因免疫生技,600,0,600,國泰-松江,2023-10-26,8883
00929,復華台灣科技優息,367,6,361,國泰-松江,2023-10-26,8883
00878,國泰永續高股息,192,5,187,國泰-松江,2023-10-26,8883
0056,元大高股息,144,4,140,國泰-松江,2023-10-26,8883
00919,群益台灣精選高息,137,5,132,國泰-松江,2023-10-26,8883
9105,泰金寶-DR,154,27,127,國泰-松江,2023-10-26,8883
0050,元大台灣50,74,1,73,國泰-松江,2023-10-26,8883
00922,國泰台灣領袖50,69,2,67,國泰-松江,2023-10-26,8883
4552,力達-KY,64,0,64,國泰-松江,2023-10-26,8883
00687B,國泰20年美債,64,1,63,國泰-松江,2023-10-26,8883
2888,新光金,50,0,50,國泰-松江,2023-10-26,8883
3231,緯創,187,144,43,國泰-松江,2023-10-26,8883
2426,鼎元,40,0,40,國泰-松江,2023-10-26,8883
3706,神達,43,4,39,國泰-松江,2023-10-26,8883
00885,富邦越南,40,3,37,國泰-松江,2023-10-26,8883
2344,華邦電,50,15,35,國泰-松江,2023-10-26,8883
3481,群創,48,13,35,國泰-松江,2023-10-26,8883
00902,中信電池及儲能,33,0,33,國泰-松江,2023-10-26,8883
00679B,元大美債20年,37,5,32,國泰-松江,2023-10-26,8883
2618,長榮航,50,19,31,國泰-松江,2023-10-26,8883
2367,燿華,33,2,31,國泰-松江,2023-10-26,8883
00751B,元大AAA至A公司債,29,0,29,國泰-松江,2023-10-26,8883
2405,輔信,29,1,28,國泰-松江,2023-10-26,8883
00631L,元大台灣50正2,34,9,25,國泰-松江,2023-10-26,8883
1721,三晃,123,98,25,國泰-松江,2023-10-26,8883
8176,智捷,28,3,25,國泰-松江,2023-10-26,8883
00893,國泰智能電動車,25,0,25,國泰-松江,2023-10-26,8883
2610,華航,31,8,23,國泰-松江,2023-10-26,8883
2882,國泰金,24,1,23,國泰-松江,2023-10-26,8883
6290,良維,32,11,21,國泰-松江,2023-10-26,8883
2330,台積電,25,5,20,國泰-松江,2023-10-26,8883
2633,台灣高鐵,19,0,19,國泰-松江,2023-10-26,8883
00892,富邦台灣半導體,17,0,17,國泰-松江,2023-10-26,8883
2462,良得電,17,0,17,國泰-松江,2023-10-26,8883
00670L,富邦NASDAQ正2,17,0,17,國泰-松江,2023-10-26,8883
6684,安格,48,32,16,國泰-松江,2023-10-26,8883
1473,台南,20,4,16,國泰-松江,2023-10-26,8883
8358,金居,16,1,15,國泰-松江,2023-10-26,8883
3207,耀勝,15,0,15,國泰-松江,2023-10-26,8883
2880,華南金,15,0,15,國泰-松江,2023-10-26,8883
3017,奇鋐,25,10,15,國泰-松江,2023-10-26,8883
2388,威盛,64,49,15,國泰-松江,2023-10-26,8883
2002,中鋼,16,1,15,國泰-松江,2023-10-26,8883
2485,兆赫,14,0,14,國泰-松江,2023-10-26,8883
5880,合庫金,19,5,14,國泰-松江,2023-10-26,8883
2402,毅嘉,22,9,13,國泰-松江,2023-10-26,8883
2883,凱基金,18,6,12,國泰-松江,2023-10-26,8883
2376,技嘉,63,51,12,國泰-松江,2023-10-26,8883
00650L,復華香港正2,30,18,12,國泰-松江,2023-10-26,8883
2603,長榮,865,34,831,國泰-松江,2023-10-27,8883
00929,復華台灣科技優息,215,7,208,國泰-松江,2023-10-27,8883
5009,榮剛,90,4,86,國泰-松江,2023-10-27,8883
5258,虹堡,143,64,79,國泰-松江,2023-10-27,8883
9105,泰金寶-DR,72,0,72,國泰-松江,2023-10-27,8883
6531,愛普*,80,11,69,國泰-松江,2023-10-27,8883
5225,東科-KY,57,1,56,國泰-松江,2023-10-27,8883
2883,凱基金,52,2,50,國泰-松江,2023-10-27,8883
00687B,國泰20年美債,70,22,48,國泰-松江,2023-10-27,8883
00885,富邦越南,42,0,42,國泰-松江,2023-10-27,8883
2330,台積電,44,6,38,國泰-松江,2023-10-27,8883
3037,欣興,44,7,37,國泰-松江,2023-10-27,8883
00712,復華富時不動產,37,1,36,國泰-松江,2023-10-27,8883
2317,鴻海,35,2,33,國泰-松江,2023-10-27,8883
2455,全新,60,28,32,國泰-松江,2023-10-27,8883
3231,緯創,279,249,30,國泰-松江,2023-10-27,8883
2303,聯電,36,6,30,國泰-松江,2023-10-27,8883
3715,定穎投控,305,276,29,國泰-松江,2023-10-27,8883
2610,華航,50,21,29,國泰-松江,2023-10-27,8883
00919,群益台灣精選高息,47,19,28,國泰-松江,2023-10-27,8883
00679B,元大美債20年,35,7,28,國泰-松江,2023-10-27,8883
6282,康舒,31,7,24,國泰-松江,2023-10-27,8883
4960,誠美材,177,153,24,國泰-松江,2023-10-27,8883
4552,力達-KY,23,0,23,國泰-松江,2023-10-27,8883
00878,國泰永續高股息,49,26,23,國泰-松江,2023-10-27,8883
00751B,元大AAA至A公司債,24,2,22,國泰-松江,2023-10-27,8883
00632R,元大台灣50反1,31,9,22,國泰-松江,2023-10-27,8883
6451,訊芯-KY,23,2,21,國泰-松江,2023-10-27,8883
9941,裕融,19,0,19,國泰-松江,2023-10-27,8883
6150,撼訊,34,15,19,國泰-松江,2023-10-27,8883
2486,一詮,39,22,17,國泰-松江,2023-10-27,8883
6278,台表科,18,1,17,國泰-松江,2023-10-27,8883
4720,德淵,17,0,17,國泰-松江,2023-10-27,8883
0056,元大高股息,20,4,16,國泰-松江,2023-10-27,8883
00922,國泰台灣領袖50,16,1,15,國泰-松江,2023-10-27,8883
2201,裕隆,24,9,15,國泰-松江,2023-10-27,8883
5351,鈺創,16,1,15,國泰-松江,2023-10-27,8883
00720B,元大投資級公司債,16,1,15,國泰-松江,2023-10-27,8883
6684,安格,27,13,14,國泰-松江,2023-10-27,8883
2368,金像電,32,18,14,國泰-松江,2023-10-27,8883
2408,南亞科,13,0,13,國泰-松江,2023-10-27,8883
2454,聯發科,18,5,13,國泰-松江,2023-10-27,8883
3260,威剛,28,15,13,國泰-松江,2023-10-27,8883
00915,凱基優選高股息30,14,1,13,國泰-松江,2023-10-27,8883
6442,光聖,30,17,13,國泰-松江,2023-10-27,8883
1815,富喬,14,1,13,國泰-松江,2023-10-27,8883
3017,奇鋐,27,15,12,國泰-松江,2023-10-27,8883
2002,中鋼,12,0,12,國泰-松江,2023-10-27,8883
3701,大眾控,13,1,12,國泰-松江,2023-10-27,8883
00923,群益台ESG低碳50,17,5,12,國泰-松江,2023-10-27,8883
2603,長榮,1415,96,1319,國泰-松江,2023-10-30,8883
00933B,國泰10Y+金融債,603,1,602,國泰-松江,2023-10-30,8883
2485,兆赫,207,55,152,國泰-松江,2023-10-30,8883
00636,國泰中國A50,151,0,151,國泰-松江,2023-10-30,8883
2317,鴻海,217,78,139,國泰-松江,2023-10-30,8883
00639,富邦深100,100,0,100,國泰-松江,2023-10-30,8883
00665L,富邦�琤肭磪囓�2,100,0,100,國泰-松江,2023-10-30,8883
00752,中信中國50,100,0,100,國泰-松江,2023-10-30,8883
2867,三商壽,100,5,95,國泰-松江,2023-10-30,8883
4961,天鈺,100,8,92,國泰-松江,2023-10-30,8883
2888,新光金,53,2,51,國泰-松江,2023-10-30,8883
00922,國泰台灣領袖50,49,0,49,國泰-松江,2023-10-30,8883
00712,復華富時不動產,49,5,44,國泰-松江,2023-10-30,8883
9105,泰金寶-DR,40,0,40,國泰-松江,2023-10-30,8883
3264,欣銓,40,6,34,國泰-松江,2023-10-30,8883
3706,神達,48,18,30,國泰-松江,2023-10-30,8883
2201,裕隆,32,3,29,國泰-松江,2023-10-30,8883
3231,緯創,180,152,28,國泰-松江,2023-10-30,8883
6117,迎廣,57,30,27,國泰-松江,2023-10-30,8883
3711,日月光投控,41,15,26,國泰-松江,2023-10-30,8883
2337,旺宏,36,11,25,國泰-松江,2023-10-30,8883
2883,凱基金,24,0,24,國泰-松江,2023-10-30,8883
2881,富邦金,22,0,22,國泰-松江,2023-10-30,8883
00772B,中信高評級公司債,21,0,21,國泰-松江,2023-10-30,8883
2618,長榮航,20,0,20,國泰-松江,2023-10-30,8883
5347,世界,20,0,20,國泰-松江,2023-10-30,8883
00885,富邦越南,25,6,19,國泰-松江,2023-10-30,8883
00751B,元大AAA至A公司債,20,1,19,國泰-松江,2023-10-30,8883
00687B,國泰20年美債,23,5,18,國泰-松江,2023-10-30,8883
00720B,元大投資級公司債,18,0,18,國泰-松江,2023-10-30,8883
2330,台積電,19,2,17,國泰-松江,2023-10-30,8883
5225,東科-KY,16,0,16,國泰-松江,2023-10-30,8883
1303,南亞,15,1,14,國泰-松江,2023-10-30,8883
00679B,元大美債20年,15,0,15,國泰-松江,2023-10-30,8883
2303,聯電,20,5,15,國泰-松江,2023-10-30,8883
6244,茂迪,15,1,14,國泰-松江,2023-10-30,8883
2421,建準,13,0,13,國泰-松江,2023-10-30,8883
00680L,元大美債20正2,16,3,13,國泰-松江,2023-10-30,8883
2890,永豐金,13,1,12,國泰-松江,2023-10-30,8883
6770,力積電,12,0,12,國泰-松江,2023-10-30,8883
2376,技嘉,28,16,12,國泰-松江,2023-10-30,8883
6158,禾昌,12,0,12,國泰-松江,2023-10-30,8883
6684,安格,15,3,12,國泰-松江,2023-10-30,8883
4979,華星光,22,11,11,國泰-松江,2023-10-30,8883
2301,光寶科,19,8,11,國泰-松江,2023-10-30,8883
2850,新產,11,0,11,國泰-松江,2023-10-30,8883
1785,光洋科,18,7,11,國泰-松江,2023-10-30,8883
5876,上海商銀,11,0,11,國泰-松江,2023-10-30,8883
2025,千興,13,2,11,國泰-松江,2023-10-30,8883
4114,健喬,17,6,11,國泰-松江,2023-10-30,8883
2603,長榮,1485,8,1477,國泰-松江,2023-10-31,8883
00929,復華台灣科技優息,244,48,196,國泰-松江,2023-10-31,8883
00878,國泰永續高股息,251,76,175,國泰-松江,2023-10-31,8883
0056,元大高股息,220,112,108,國泰-松江,2023-10-31,8883
00919,群益台灣精選高息,81,6,75,國泰-松江,2023-10-31,8883
3380,明泰,116,52,64,國泰-松江,2023-10-31,8883
00922,國泰台灣領袖50,62,0,62,國泰-松江,2023-10-31,8883
2317,鴻海,124,69,55,國泰-松江,2023-10-31,8883
3715,定穎投控,330,278,52,國泰-松江,2023-10-31,8883
2105,正新,52,0,52,國泰-松江,2023-10-31,8883
3231,緯創,135,101,34,國泰-松江,2023-10-31,8883
2330,台積電,46,15,31,國泰-松江,2023-10-31,8883
5009,榮剛,30,3,27,國泰-松江,2023-10-31,8883
2376,技嘉,89,64,25,國泰-松江,2023-10-31,8883
00665L,富邦�琤肭磪囓�2,22,0,22,國泰-松江,2023-10-31,8883
2337,旺宏,29,7,22,國泰-松江,2023-10-31,8883
2610,華航,33,11,22,國泰-松江,2023-10-31,8883
2887,台新金,23,1,22,國泰-松江,2023-10-31,8883
1519,華城,32,12,20,國泰-松江,2023-10-31,8883
2328,廣宇,20,0,20,國泰-松江,2023-10-31,8883
0050,元大台灣50,32,12,20,國泰-松江,2023-10-31,8883
8358,金居,31,11,20,國泰-松江,2023-10-31,8883
3576,聯合再生,51,32,19,國泰-松江,2023-10-31,8883
2313,華通,111,92,19,國泰-松江,2023-10-31,8883
6442,光聖,44,25,19,國泰-松江,2023-10-31,8883
4162,智擎,44,26,18,國泰-松江,2023-10-31,8883
2388,威盛,65,47,18,國泰-松江,2023-10-31,8883
00715L,期街口布蘭特正2,120,102,18,國泰-松江,2023-10-31,8883
2201,裕隆,29,11,18,國泰-松江,2023-10-31,8883
6288,聯嘉,17,0,17,國泰-松江,2023-10-31,8883
1504,東元,17,0,17,國泰-松江,2023-10-31,8883
00713,元大台灣高息低波,24,8,16,國泰-松江,2023-10-31,8883
3325,旭品,26,10,16,國泰-松江,2023-10-31,8883
00650L,復華香港正2,16,0,16,國泰-松江,2023-10-31,8883
00712,復華富時不動產,20,4,16,國泰-松江,2023-10-31,8883
2340,台亞,15,0,15,國泰-松江,2023-10-31,8883
00751B,元大AAA至A公司債,15,0,15,國泰-松江,2023-10-31,8883
2408,南亞科,18,3,15,國泰-松江,2023-10-31,8883
3035,智原,72,58,14,國泰-松江,2023-10-31,8883
2436,偉詮電,16,2,14,國泰-松江,2023-10-31,8883
5371,中光電,14,0,14,國泰-松江,2023-10-31,8883
2301,光寶科,21,8,13,國泰-松江,2023-10-31,8883
5301,寶得利,13,0,13,國泰-松江,2023-10-31,8883
8215,明基材,13,0,13,國泰-松江,2023-10-31,8883
3625,西勝,13,0,13,國泰-松江,2023-10-31,8883
00931B,統一美債20年,13,0,13,國泰-松江,2023-10-31,8883
00882,中信中國高股息,13,0,13,國泰-松江,2023-10-31,8883
6443,元晶,22,10,12,國泰-松江,2023-10-31,8883
00892,富邦台灣半導體,12,0,12,國泰-松江,2023-10-31,8883
3322,建舜電,21,9,12,國泰-松江,2023-10-31,8883
1463,強盛新,238,3,235,國泰-松江,2023-11-01,8883
5225,東科-KY,207,14,193,國泰-松江,2023-11-01,8883
00680L,元大美債20正2,133,0,133,國泰-松江,2023-11-01,8883
00929,復華台灣科技優息,164,49,115,國泰-松江,2023-11-01,8883
00687B,國泰20年美債,102,0,102,國泰-松江,2023-11-01,8883
00632R,元大台灣50反1,100,5,95,國泰-松江,2023-11-01,8883
00934,中信成長高股息,94,0,94,國泰-松江,2023-11-01,8883
00878,國泰永續高股息,128,54,74,國泰-松江,2023-11-01,8883
2883,凱基金,84,13,71,國泰-松江,2023-11-01,8883
00679B,元大美債20年,66,0,66,國泰-松江,2023-11-01,8883
3704,合勤控,163,111,52,國泰-松江,2023-11-01,8883
6288,聯嘉,52,0,52,國泰-松江,2023-11-01,8883
0056,元大高股息,55,5,50,國泰-松江,2023-11-01,8883
3017,奇鋐,55,11,44,國泰-松江,2023-11-01,8883
2504,國產,42,0,42,國泰-松江,2023-11-01,8883
00665L,富邦�琤肭磪囓�2,39,0,39,國泰-松江,2023-11-01,8883
00885,富邦越南,32,0,32,國泰-松江,2023-11-01,8883
4961,天鈺,38,8,30,國泰-松江,2023-11-01,8883
00715L,期街口布蘭特正2,29,0,29,國泰-松江,2023-11-01,8883
00753L,中信中國50正2,29,0,29,國泰-松江,2023-11-01,8883
2317,鴻海,34,6,28,國泰-松江,2023-11-01,8883
4915,致伸,34,6,28,國泰-松江,2023-11-01,8883
0050,元大台灣50,28,6,22,國泰-松江,2023-11-01,8883
4979,華星光,29,7,22,國泰-松江,2023-11-01,8883
00935,野村臺灣新科技50,21,0,21,國泰-松江,2023-11-01,8883
00881,國泰台灣5G+,23,2,21,國泰-松江,2023-11-01,8883
00712,復華富時不動產,20,0,20,國泰-松江,2023-11-01,8883
2596,綠意,20,0,20,國泰-松江,2023-11-01,8883
00931B,統一美債20年,19,0,19,國泰-松江,2023-11-01,8883
2105,正新,20,1,19,國泰-松江,2023-11-01,8883
4960,誠美材,20,1,19,國泰-松江,2023-11-01,8883
2367,燿華,18,0,18,國泰-松江,2023-11-01,8883
2748,雲品,20,3,17,國泰-松江,2023-11-01,8883
6143,振曜,19,2,17,國泰-松江,2023-11-01,8883
3673,TPK-KY,16,0,16,國泰-松江,2023-11-01,8883
3035,智原,47,32,15,國泰-松江,2023-11-01,8883
00637L,元大滬深300正2,44,31,13,國泰-松江,2023-11-01,8883
3036,文曄,30,18,12,國泰-松江,2023-11-01,8883
00650L,復華香港正2,22,10,12,國泰-松江,2023-11-01,8883
2449,京元電子,18,6,12,國泰-松江,2023-11-01,8883
2610,華航,27,16,11,國泰-松江,2023-11-01,8883
6274,台燿,20,9,11,國泰-松江,2023-11-01,8883
2329,華泰,11,0,11,國泰-松江,2023-11-01,8883
00688L,國泰20年美債正2,11,0,11,國泰-松江,2023-11-01,8883
00706L,期元大S＆P日圓正2,13,2,11,國泰-松江,2023-11-01,8883
8215,明基材,11,0,11,國泰-松江,2023-11-01,8883
00713,元大台灣高息低波,13,2,11,國泰-松江,2023-11-01,8883
8996,高力,11,1,10,國泰-松江,2023-11-01,8883
5355,佳總,20,10,10,國泰-松江,2023-11-01,8883
2313,華通,12,3,9,國泰-松江,2023-11-01,8883
1463,強盛新,1175,0,1175,國泰-松江,2023-11-02,8883
00632R,元大台灣50反1,248,1,247,國泰-松江,2023-11-02,8883
2603,長榮,110,15,95,國泰-松江,2023-11-02,8883
00878,國泰永續高股息,186,99,87,國泰-松江,2023-11-02,8883
3481,群創,66,1,65,國泰-松江,2023-11-02,8883
00934,中信成長高股息,48,0,48,國泰-松江,2023-11-02,8883
2105,正新,42,0,42,國泰-松江,2023-11-02,8883
8110,華東,44,2,42,國泰-松江,2023-11-02,8883
00864B,中信美國公債0-1,41,0,41,國泰-松江,2023-11-02,8883
2363,矽統,72,32,40,國泰-松江,2023-11-02,8883
3322,建舜電,46,7,39,國泰-松江,2023-11-02,8883
00679B,元大美債20年,39,1,38,國泰-松江,2023-11-02,8883
00751B,元大AAA至A公司債,39,2,37,國泰-松江,2023-11-02,8883
00687B,國泰20年美債,52,22,30,國泰-松江,2023-11-02,8883
2618,長榮航,77,51,26,國泰-松江,2023-11-02,8883
1560,中砂,30,4,26,國泰-松江,2023-11-02,8883
2356,英業達,36,14,22,國泰-松江,2023-11-02,8883
3363,上詮,42,21,21,國泰-松江,2023-11-02,8883
00885,富邦越南,22,2,20,國泰-松江,2023-11-02,8883
00931B,統一美債20年,21,1,20,國泰-松江,2023-11-02,8883
6116,彩晶,41,21,20,國泰-松江,2023-11-02,8883
4961,天鈺,34,14,20,國泰-松江,2023-11-02,8883
2883,凱基金,17,0,17,國泰-松江,2023-11-02,8883
2449,京元電子,27,10,17,國泰-松江,2023-11-02,8883
006208,富邦台50,23,8,15,國泰-松江,2023-11-02,8883
2455,全新,15,0,15,國泰-松江,2023-11-02,8883
2369,菱生,16,1,15,國泰-松江,2023-11-02,8883
00919,群益台灣精選高息,80,66,14,國泰-松江,2023-11-02,8883
2542,興富發,13,0,13,國泰-松江,2023-11-02,8883
3715,定穎投控,288,276,12,國泰-松江,2023-11-02,8883
3483,力致,20,8,12,國泰-松江,2023-11-02,8883
8112,至上,21,9,12,國泰-松江,2023-11-02,8883
2834,臺企銀,12,0,12,國泰-松江,2023-11-02,8883
00712,復華富時不動產,13,2,11,國泰-松江,2023-11-02,8883
1101,台泥,16,6,10,國泰-松江,2023-11-02,8883
1760,寶齡富錦,12,2,10,國泰-松江,2023-11-02,8883
2228,劍麟,10,0,10,國泰-松江,2023-11-02,8883
5269,祥碩,13,3,10,國泰-松江,2023-11-02,8883
2301,光寶科,39,29,10,國泰-松江,2023-11-02,8883
4915,致伸,10,1,9,國泰-松江,2023-11-02,8883
3206,志豐,12,3,9,國泰-松江,2023-11-02,8883
2485,兆赫,26,17,9,國泰-松江,2023-11-02,8883
3645,達邁,9,0,9,國泰-松江,2023-11-02,8883
5469,瀚宇博,10,1,9,國泰-松江,2023-11-02,8883
1319,東陽,9,0,9,國泰-松江,2023-11-02,8883
3653,健策,16,7,9,國泰-松江,2023-11-02,8883
6282,康舒,41,33,8,國泰-松江,2023-11-02,8883
6278,台表科,9,1,8,國泰-松江,2023-11-02,8883
2329,華泰,18,10,8,國泰-松江,2023-11-02,8883
4129,聯合,8,0,8,國泰-松江,2023-11-02,8883
1815,富喬,564,91,473,國泰-松江,2023-11-03,8883
1463,強盛新,472,2,470,國泰-松江,2023-11-03,8883
00632R,元大台灣50反1,270,110,160,國泰-松江,2023-11-03,8883
6531,愛普*,210,64,146,國泰-松江,2023-11-03,8883
3481,群創,158,29,129,國泰-松江,2023-11-03,8883
2363,矽統,446,321,125,國泰-松江,2023-11-03,8883
00878,國泰永續高股息,148,24,124,國泰-松江,2023-11-03,8883
2610,華航,166,65,101,國泰-松江,2023-11-03,8883
00696B,富邦美債20年,60,0,60,國泰-松江,2023-11-03,8883
00753L,中信中國50正2,60,10,50,國泰-松江,2023-11-03,8883
1560,中砂,62,21,41,國泰-松江,2023-11-03,8883
00665L,富邦�琤肭磪囓�2,50,10,40,國泰-松江,2023-11-03,8883
2417,圓剛,35,2,33,國泰-松江,2023-11-03,8883
00679B,元大美債20年,77,44,33,國泰-松江,2023-11-03,8883
2344,華邦電,49,21,28,國泰-松江,2023-11-03,8883
00674R,期元大S＆P黃金反1,26,0,26,國泰-松江,2023-11-03,8883
5321,美而快,25,0,25,國泰-松江,2023-11-03,8883
00772B,中信高評級公司債,34,9,25,國泰-松江,2023-11-03,8883
8150,南茂,26,1,25,國泰-松江,2023-11-03,8883
00900,富邦特選高股息30,30,6,24,國泰-松江,2023-11-03,8883
00919,群益台灣精選高息,37,16,21,國泰-松江,2023-11-03,8883
2618,長榮航,149,131,18,國泰-松江,2023-11-03,8883
5607,遠雄港,34,17,17,國泰-松江,2023-11-03,8883
2317,鴻海,61,45,16,國泰-松江,2023-11-03,8883
2382,廣達,61,45,16,國泰-松江,2023-11-03,8883
2201,裕隆,21,5,16,國泰-松江,2023-11-03,8883
4960,誠美材,25,10,15,國泰-松江,2023-11-03,8883
6547,高端疫苗,16,1,15,國泰-松江,2023-11-03,8883
00673R,期元大S＆P原油反1,14,0,14,國泰-松江,2023-11-03,8883
2421,建準,14,1,13,國泰-松江,2023-11-03,8883
00935,野村臺灣新科技50,15,2,13,國泰-松江,2023-11-03,8883
1598,岱宇,13,0,13,國泰-松江,2023-11-03,8883
00915,凱基優選高股息30,13,0,13,國泰-松江,2023-11-03,8883
2498,宏達電,32,19,13,國泰-松江,2023-11-03,8883
00931B,統一美債20年,15,3,12,國泰-松江,2023-11-03,8883
00882,中信中國高股息,12,0,12,國泰-松江,2023-11-03,8883
2449,京元電子,16,4,12,國泰-松江,2023-11-03,8883
00720B,元大投資級公司債,15,4,11,國泰-松江,2023-11-03,8883
2458,義隆,27,16,11,國泰-松江,2023-11-03,8883
2850,新產,11,0,11,國泰-松江,2023-11-03,8883
1609,大亞,19,8,11,國泰-松江,2023-11-03,8883
1513,中興電,16,5,11,國泰-松江,2023-11-03,8883
00923,群益台ESG低碳50,16,6,10,國泰-松江,2023-11-03,8883
2338,光罩,10,0,10,國泰-松江,2023-11-03,8883
6284,佳邦,12,2,10,國泰-松江,2023-11-03,8883
2548,華固,10,0,10,國泰-松江,2023-11-03,8883
3056,富華新,10,0,10,國泰-松江,2023-11-03,8883
5498,凱崴,10,0,10,國泰-松江,2023-11-03,8883
3548,兆利,17,7,10,國泰-松江,2023-11-03,8883
6275,元山,10,0,10,國泰-松江,2023-11-03,8883
2603,長榮,531,10,521,國泰-松江,2023-11-06,8883
00632R,元大台灣50反1,206,1,205,國泰-松江,2023-11-06,8883
2515,中工,174,2,172,國泰-松江,2023-11-06,8883
2485,兆赫,114,5,109,國泰-松江,2023-11-06,8883
3035,智原,120,30,90,國泰-松江,2023-11-06,8883
5225,東科-KY,80,3,77,國泰-松江,2023-11-06,8883
00687B,國泰20年美債,61,8,53,國泰-松江,2023-11-06,8883
2303,聯電,121,73,48,國泰-松江,2023-11-06,8883
3374,精材,47,9,38,國泰-松江,2023-11-06,8883
00680L,元大美債20正2,45,8,37,國泰-松江,2023-11-06,8883
3022,威強電,39,2,37,國泰-松江,2023-11-06,8883
2388,威盛,209,173,36,國泰-松江,2023-11-06,8883
3094,聯傑,33,1,32,國泰-松江,2023-11-06,8883
2329,華泰,33,1,32,國泰-松江,2023-11-06,8883
00772B,中信高評級公司債,33,6,27,國泰-松江,2023-11-06,8883
1609,大亞,34,7,27,國泰-松江,2023-11-06,8883
6111,大宇資,31,4,27,國泰-松江,2023-11-06,8883
9939,宏全,22,0,22,國泰-松江,2023-11-06,8883
8163,達方,28,6,22,國泰-松江,2023-11-06,8883
6156,松上,34,13,21,國泰-松江,2023-11-06,8883
3325,旭品,20,0,20,國泰-松江,2023-11-06,8883
4720,德淵,20,0,20,國泰-松江,2023-11-06,8883
5519,隆大,20,0,20,國泰-松江,2023-11-06,8883
2363,矽統,379,359,20,國泰-松江,2023-11-06,8883
2492,華新科,22,4,18,國泰-松江,2023-11-06,8883
00720B,元大投資級公司債,19,1,18,國泰-松江,2023-11-06,8883
3013,晟銘電,34,17,17,國泰-松江,2023-11-06,8883
3715,定穎投控,18,2,16,國泰-松江,2023-11-06,8883
3260,威剛,48,32,16,國泰-松江,2023-11-06,8883
2486,一詮,36,21,15,國泰-松江,2023-11-06,8883
1101,台泥,14,0,14,國泰-松江,2023-11-06,8883
3217,優群,18,5,13,國泰-松江,2023-11-06,8883
6278,台表科,12,0,12,國泰-松江,2023-11-06,8883
1584,精剛,16,4,12,國泰-松江,2023-11-06,8883
2408,南亞科,36,25,11,國泰-松江,2023-11-06,8883
00715L,期街口布蘭特正2,11,0,11,國泰-松江,2023-11-06,8883
1605,華新,55,44,11,國泰-松江,2023-11-06,8883
2419,仲琦,10,0,10,國泰-松江,2023-11-06,8883
1795,美時,14,4,10,國泰-松江,2023-11-06,8883
3591,艾笛森,10,0,10,國泰-松江,2023-11-06,8883
3178,公準,10,0,10,國泰-松江,2023-11-06,8883
5215,科嘉-KY,11,1,10,國泰-松江,2023-11-06,8883
8039,台虹,10,0,10,國泰-松江,2023-11-06,8883
6139,亞翔,32,22,10,國泰-松江,2023-11-06,8883
6143,振曜,14,5,9,國泰-松江,2023-11-06,8883
00688L,國泰20年美債正2,20,11,9,國泰-松江,2023-11-06,8883
2734,易飛網,9,0,9,國泰-松江,2023-11-06,8883
4157,太景*-KY,13,4,9,國泰-松江,2023-11-06,8883
3231,緯創,81,73,8,國泰-松江,2023-11-06,8883
3189,景碩,8,0,8,國泰-松江,2023-11-06,8883
2603,長榮,205,4,201,國泰-松江,2023-11-07,8883
00632R,元大台灣50反1,159,1,158,國泰-松江,2023-11-07,8883
00878,國泰永續高股息,191,76,115,國泰-松江,2023-11-07,8883
4979,華星光,99,26,73,國泰-松江,2023-11-07,8883
3231,緯創,138,72,66,國泰-松江,2023-11-07,8883
3706,神達,63,0,63,國泰-松江,2023-11-07,8883
3363,上詮,74,12,62,國泰-松江,2023-11-07,8883
2515,中工,66,13,53,國泰-松江,2023-11-07,8883
3711,日月光投控,100,49,51,國泰-松江,2023-11-07,8883
00933B,國泰10Y+金融債,73,23,50,國泰-松江,2023-11-07,8883
2880,華南金,40,1,39,國泰-松江,2023-11-07,8883
2317,鴻海,44,5,39,國泰-松江,2023-11-07,8883
3036,文曄,66,29,37,國泰-松江,2023-11-07,8883
00679B,元大美債20年,37,0,37,國泰-松江,2023-11-07,8883
2634,漢翔,36,0,36,國泰-松江,2023-11-07,8883
00935,野村臺灣新科技50,44,8,36,國泰-松江,2023-11-07,8883
2401,凌陽,204,175,29,國泰-松江,2023-11-07,8883
5607,遠雄港,38,10,28,國泰-松江,2023-11-07,8883
2025,千興,25,0,25,國泰-松江,2023-11-07,8883
3450,聯鈞,25,1,24,國泰-松江,2023-11-07,8883
3013,晟銘電,47,24,23,國泰-松江,2023-11-07,8883
4720,德淵,23,0,23,國泰-松江,2023-11-07,8883
2610,華航,30,7,23,國泰-松江,2023-11-07,8883
00882,中信中國高股息,24,1,23,國泰-松江,2023-11-07,8883
6134,萬旭,22,0,22,國泰-松江,2023-11-07,8883
5009,榮剛,22,1,21,國泰-松江,2023-11-07,8883
4113,聯上,20,0,20,國泰-松江,2023-11-07,8883
2888,新光金,21,2,19,國泰-松江,2023-11-07,8883
2201,裕隆,27,9,18,國泰-松江,2023-11-07,8883
2867,三商壽,20,2,18,國泰-松江,2023-11-07,8883
00688L,國泰20年美債正2,16,0,16,國泰-松江,2023-11-07,8883
6278,台表科,21,6,15,國泰-松江,2023-11-07,8883
1781,合世,15,0,15,國泰-松江,2023-11-07,8883
2748,雲品,29,14,15,國泰-松江,2023-11-07,8883
3702,大聯大,17,2,15,國泰-松江,2023-11-07,8883
2486,一詮,32,17,15,國泰-松江,2023-11-07,8883
00753L,中信中國50正2,20,5,15,國泰-松江,2023-11-07,8883
1560,中砂,31,17,14,國泰-松江,2023-11-07,8883
2303,聯電,35,22,13,國泰-松江,2023-11-07,8883
00934,中信成長高股息,18,4,14,國泰-松江,2023-11-07,8883
6695,芯鼎,12,0,12,國泰-松江,2023-11-07,8883
6526,達發,14,2,12,國泰-松江,2023-11-07,8883
2609,陽明,12,1,11,國泰-松江,2023-11-07,8883
00919,群益台灣精選高息,13,2,11,國泰-松江,2023-11-07,8883
1609,大亞,17,7,10,國泰-松江,2023-11-07,8883
00712,復華富時不動產,10,0,10,國泰-松江,2023-11-07,8883
2002,中鋼,15,5,10,國泰-松江,2023-11-07,8883
2337,旺宏,10,0,10,國泰-松江,2023-11-07,8883
00650L,復華香港正2,12,2,10,國泰-松江,2023-11-07,8883
1721,三晃,60,50,10,國泰-松江,2023-11-07,8883
2603,長榮,435,3,432,國泰-松江,2023-11-08,8883
00936,台新永續高息中小,181,3,178,國泰-松江,2023-11-08,8883
00929,復華台灣科技優息,288,160,128,國泰-松江,2023-11-08,8883
2515,中工,97,1,96,國泰-松江,2023-11-08,8883
00687B,國泰20年美債,99,13,86,國泰-松江,2023-11-08,8883
2618,長榮航,125,52,73,國泰-松江,2023-11-08,8883
00632R,元大台灣50反1,73,0,73,國泰-松江,2023-11-08,8883
00665L,富邦�琤肭磪囓�2,59,0,59,國泰-松江,2023-11-08,8883
00715L,期街口布蘭特正2,61,7,54,國泰-松江,2023-11-08,8883
8034,榮群,51,5,46,國泰-松江,2023-11-08,8883
3363,上詮,44,5,39,國泰-松江,2023-11-08,8883
5213,亞昕,40,2,38,國泰-松江,2023-11-08,8883
2382,廣達,134,102,32,國泰-松江,2023-11-08,8883
00935,野村臺灣新科技50,32,0,32,國泰-松江,2023-11-08,8883
1324,地球,33,1,32,國泰-松江,2023-11-08,8883
00679B,元大美債20年,33,2,31,國泰-松江,2023-11-08,8883
2371,大同,31,0,31,國泰-松江,2023-11-08,8883
2002,中鋼,31,0,31,國泰-松江,2023-11-08,8883
4960,誠美材,34,4,30,國泰-松江,2023-11-08,8883
1605,華新,30,2,28,國泰-松江,2023-11-08,8883
4164,承業醫,30,2,28,國泰-松江,2023-11-08,8883
2363,矽統,388,360,28,國泰-松江,2023-11-08,8883
2850,新產,27,0,27,國泰-松江,2023-11-08,8883
4743,合一,65,38,27,國泰-松江,2023-11-08,8883
2388,威盛,182,156,26,國泰-松江,2023-11-08,8883
2347,聯強,32,8,24,國泰-松江,2023-11-08,8883
5351,鈺創,29,5,24,國泰-松江,2023-11-08,8883
2356,英業達,48,25,23,國泰-松江,2023-11-08,8883
6274,台燿,28,8,20,國泰-松江,2023-11-08,8883
2530,華建,20,0,20,國泰-松江,2023-11-08,8883
8088,品安,22,2,20,國泰-松江,2023-11-08,8883
2883,凱基金,19,0,19,國泰-松江,2023-11-08,8883
5272,笙科,24,6,18,國泰-松江,2023-11-08,8883
6187,萬潤,18,1,17,國泰-松江,2023-11-08,8883
2903,遠百,17,0,17,國泰-松江,2023-11-08,8883
2301,光寶科,34,17,17,國泰-松江,2023-11-08,8883
3036,文曄,74,59,15,國泰-松江,2023-11-08,8883
6531,愛普*,27,12,15,國泰-松江,2023-11-08,8883
3041,揚智,14,0,14,國泰-松江,2023-11-08,8883
3022,威強電,18,4,14,國泰-松江,2023-11-08,8883
3701,大眾控,14,0,14,國泰-松江,2023-11-08,8883
3014,聯陽,16,3,13,國泰-松江,2023-11-08,8883
2408,南亞科,23,10,13,國泰-松江,2023-11-08,8883
3176,基亞,14,2,12,國泰-松江,2023-11-08,8883
2409,友達,29,17,12,國泰-松江,2023-11-08,8883
00773B,中信優先金融債,11,0,11,國泰-松江,2023-11-08,8883
3189,景碩,12,1,11,國泰-松江,2023-11-08,8883
3702,大聯大,11,0,11,國泰-松江,2023-11-08,8883
5287,數字,10,0,10,國泰-松江,2023-11-08,8883
5521,工信,10,0,10,國泰-松江,2023-11-08,8883
00679B,元大美債20年,746,32,714,國泰-松江,2023-11-09,8883
2887,台新金,314,3,311,國泰-松江,2023-11-09,8883
00936,台新永續高息中小,305,5,300,國泰-松江,2023-11-09,8883
00632R,元大台灣50反1,244,3,241,國泰-松江,2023-11-09,8883
00878,國泰永續高股息,185,36,149,國泰-松江,2023-11-09,8883
5225,東科-KY,81,0,81,國泰-松江,2023-11-09,8883
00929,復華台灣科技優息,137,56,81,國泰-松江,2023-11-09,8883
6873,泓德能源,56,0,56,國泰-松江,2023-11-09,8883
6147,頎邦,41,0,41,國泰-松江,2023-11-09,8883
2641,正德,44,8,36,國泰-松江,2023-11-09,8883
00715L,期街口布蘭特正2,40,5,35,國泰-松江,2023-11-09,8883
6116,彩晶,35,0,35,國泰-松江,2023-11-09,8883
2382,廣達,82,50,32,國泰-松江,2023-11-09,8883
3260,威剛,79,50,29,國泰-松江,2023-11-09,8883
5258,虹堡,42,14,28,國泰-松江,2023-11-09,8883
0056,元大高股息,40,13,27,國泰-松江,2023-11-09,8883
2201,裕隆,35,8,27,國泰-松江,2023-11-09,8883
3013,晟銘電,47,23,24,國泰-松江,2023-11-09,8883
2313,華通,39,15,24,國泰-松江,2023-11-09,8883
6133,金橋,23,0,23,國泰-松江,2023-11-09,8883
3622,洋華,22,0,22,國泰-松江,2023-11-09,8883
2329,華泰,126,105,21,國泰-松江,2023-11-09,8883
3653,健策,22,1,21,國泰-松江,2023-11-09,8883
3715,定穎投控,23,2,21,國泰-松江,2023-11-09,8883
2374,佳能,20,0,20,國泰-松江,2023-11-09,8883
2809,京城銀,20,0,20,國泰-松江,2023-11-09,8883
2421,建準,35,16,19,國泰-松江,2023-11-09,8883
3548,兆利,36,18,18,國泰-松江,2023-11-09,8883
6125,廣運,17,0,17,國泰-松江,2023-11-09,8883
2338,光罩,21,6,15,國泰-松江,2023-11-09,8883
6276,安鈦克,15,0,15,國泰-松江,2023-11-09,8883
3374,精材,20,5,15,國泰-松江,2023-11-09,8883
1815,富喬,246,232,14,國泰-松江,2023-11-09,8883
5210,寶碩,14,0,14,國泰-松江,2023-11-09,8883
8478,東哥遊艇,15,1,14,國泰-松江,2023-11-09,8883
1515,力山,25,12,13,國泰-松江,2023-11-09,8883
2409,友達,13,1,12,國泰-松江,2023-11-09,8883
2337,旺宏,12,0,12,國泰-松江,2023-11-09,8883
00935,野村臺灣新科技50,12,0,12,國泰-松江,2023-11-09,8883
5607,遠雄港,40,28,12,國泰-松江,2023-11-09,8883
4720,德淵,12,0,12,國泰-松江,2023-11-09,8883
00934,中信成長高股息,11,0,11,國泰-松江,2023-11-09,8883
2376,技嘉,80,69,11,國泰-松江,2023-11-09,8883
6284,佳邦,25,14,11,國泰-松江,2023-11-09,8883
6275,元山,11,0,11,國泰-松江,2023-11-09,8883
2317,鴻海,34,24,10,國泰-松江,2023-11-09,8883
2888,新光金,10,0,10,國泰-松江,2023-11-09,8883
3702,大聯大,11,1,10,國泰-松江,2023-11-09,8883
00688L,國泰20年美債正2,40,30,10,國泰-松江,2023-11-09,8883
6117,迎廣,13,3,10,國泰-松江,2023-11-09,8883
2887,台新金,382,1,381,國泰-松江,2023-11-10,8883
1463,強盛新,354,0,354,國泰-松江,2023-11-10,8883
2834,臺企銀,200,1,199,國泰-松江,2023-11-10,8883
00680L,元大美債20正2,200,4,196,國泰-松江,2023-11-10,8883
00878,國泰永續高股息,227,49,178,國泰-松江,2023-11-10,8883
00919,群益台灣精選高息,160,0,160,國泰-松江,2023-11-10,8883
2515,中工,133,1,132,國泰-松江,2023-11-10,8883
00632R,元大台灣50反1,177,50,127,國泰-松江,2023-11-10,8883
00929,復華台灣科技優息,250,127,123,國泰-松江,2023-11-10,8883
00936,台新永續高息中小,114,0,114,國泰-松江,2023-11-10,8883
00901,永豐智能車供應鏈,107,0,107,國泰-松江,2023-11-10,8883
00688L,國泰20年美債正2,77,1,76,國泰-松江,2023-11-10,8883
4552,力達-KY,75,0,75,國泰-松江,2023-11-10,8883
00665L,富邦�琤肭磪囓�2,60,0,60,國泰-松江,2023-11-10,8883
6605,帝寶,56,0,56,國泰-松江,2023-11-10,8883
00922,國泰台灣領袖50,47,3,44,國泰-松江,2023-11-10,8883
2929,淘帝-KY,40,0,40,國泰-松江,2023-11-10,8883
4743,合一,92,53,39,國泰-松江,2023-11-10,8883
5347,世界,38,0,38,國泰-松江,2023-11-10,8883
2850,新產,39,1,38,國泰-松江,2023-11-10,8883
5483,中美晶,42,4,38,國泰-松江,2023-11-10,8883
4720,德淵,35,0,35,國泰-松江,2023-11-10,8883
00712,復華富時不動產,31,0,31,國泰-松江,2023-11-10,8883
00933B,國泰10Y+金融債,34,4,30,國泰-松江,2023-11-10,8883
6415,矽力*-KY,32,3,29,國泰-松江,2023-11-10,8883
2486,一詮,34,5,29,國泰-松江,2023-11-10,8883
2409,友達,50,22,28,國泰-松江,2023-11-10,8883
00715L,期街口布蘭特正2,33,6,27,國泰-松江,2023-11-10,8883
9929,秋雨,27,0,27,國泰-松江,2023-11-10,8883
3325,旭品,27,0,27,國泰-松江,2023-11-10,8883
00931B,統一美債20年,30,7,23,國泰-松江,2023-11-10,8883
3450,聯鈞,21,0,21,國泰-松江,2023-11-10,8883
2363,矽統,373,352,21,國泰-松江,2023-11-10,8883
00882,中信中國高股息,21,1,20,國泰-松江,2023-11-10,8883
1609,大亞,20,0,20,國泰-松江,2023-11-10,8883
6134,萬旭,20,0,20,國泰-松江,2023-11-10,8883
8299,群聯,20,0,20,國泰-松江,2023-11-10,8883
4129,聯合,43,23,20,國泰-松江,2023-11-10,8883
2454,聯發科,21,2,19,國泰-松江,2023-11-10,8883
3013,晟銘電,107,88,19,國泰-松江,2023-11-10,8883
00892,富邦台灣半導體,19,0,19,國泰-松江,2023-11-10,8883
2464,盟立,18,0,18,國泰-松江,2023-11-10,8883
3042,晶技,17,0,17,國泰-松江,2023-11-10,8883
6550,北極星藥業-KY,17,0,17,國泰-松江,2023-11-10,8883
6526,達發,17,0,17,國泰-松江,2023-11-10,8883
6138,茂達,25,8,17,國泰-松江,2023-11-10,8883
4128,中天,78,61,17,國泰-松江,2023-11-10,8883
2317,鴻海,20,4,16,國泰-松江,2023-11-10,8883
00637L,元大滬深300正2,21,5,16,國泰-松江,2023-11-10,8883
6244,茂迪,15,0,15,國泰-松江,2023-11-10,8883
00679B,元大美債20年,452,1,451,國泰-松江,2023-11-13,8883
1463,強盛新,400,0,400,國泰-松江,2023-11-13,8883
00897,富邦基因免疫生技,300,0,300,國泰-松江,2023-11-13,8883
00687B,國泰20年美債,235,27,208,國泰-松江,2023-11-13,8883
5225,東科-KY,112,0,112,國泰-松江,2023-11-13,8883
00878,國泰永續高股息,130,38,92,國泰-松江,2023-11-13,8883
2888,新光金,95,20,75,國泰-松江,2023-11-13,8883
00712,復華富時不動產,68,0,68,國泰-松江,2023-11-13,8883
2887,台新金,100,38,62,國泰-松江,2023-11-13,8883
4129,聯合,61,6,55,國泰-松江,2023-11-13,8883
2515,中工,50,0,50,國泰-松江,2023-11-13,8883
2356,英業達,54,18,36,國泰-松江,2023-11-13,8883
00901,永豐智能車供應鏈,32,0,32,國泰-松江,2023-11-13,8883
2618,長榮航,52,22,30,國泰-松江,2023-11-13,8883
4770,上品,29,0,29,國泰-松江,2023-11-13,8883
00680L,元大美債20正2,51,25,26,國泰-松江,2023-11-13,8883
4960,誠美材,227,201,26,國泰-松江,2023-11-13,8883
3163,波若威,32,7,25,國泰-松江,2023-11-13,8883
2353,宏��,24,0,24,國泰-松江,2023-11-13,8883
6550,北極星藥業-KY,27,5,22,國泰-松江,2023-11-13,8883
4147,中裕,21,0,21,國泰-松江,2023-11-13,8883
1815,富喬,32,11,21,國泰-松江,2023-11-13,8883
1605,華新,22,1,21,國泰-松江,2023-11-13,8883
5483,中美晶,23,3,20,國泰-松江,2023-11-13,8883
5608,四維航,20,0,20,國泰-松江,2023-11-13,8883
2485,兆赫,19,0,19,國泰-松江,2023-11-13,8883
2607,榮運,24,6,18,國泰-松江,2023-11-13,8883
4720,德淵,17,0,17,國泰-松江,2023-11-13,8883
2329,華泰,58,41,17,國泰-松江,2023-11-13,8883
2486,一詮,19,3,16,國泰-松江,2023-11-13,8883
1522,堤維西,25,9,16,國泰-松江,2023-11-13,8883
00795B,中信美國公債20年,15,0,15,國泰-松江,2023-11-13,8883
00904,新光臺灣半導體30,15,0,15,國泰-松江,2023-11-13,8883
2201,裕隆,16,1,15,國泰-松江,2023-11-13,8883
00929,復華台灣科技優息,67,53,14,國泰-松江,2023-11-13,8883
2382,廣達,107,93,14,國泰-松江,2023-11-13,8883
6547,高端疫苗,13,0,13,國泰-松江,2023-11-13,8883
00688L,國泰20年美債正2,13,0,13,國泰-松江,2023-11-13,8883
6606,建德工業,13,0,13,國泰-松江,2023-11-13,8883
2439,美律,42,29,13,國泰-松江,2023-11-13,8883
2313,華通,268,255,13,國泰-松江,2023-11-13,8883
9105,泰金寶-DR,12,0,12,國泰-松江,2023-11-13,8883
4763,材料-KY,35,23,12,國泰-松江,2023-11-13,8883
00900,富邦特選高股息30,14,2,12,國泰-松江,2023-11-13,8883
2465,麗臺,15,4,11,國泰-松江,2023-11-13,8883
4746,台耀,15,4,11,國泰-松江,2023-11-13,8883
6271,同欣電,11,0,11,國泰-松江,2023-11-13,8883
2347,聯強,11,0,11,國泰-松江,2023-11-13,8883
3556,禾瑞亞,10,0,10,國泰-松江,2023-11-13,8883
5498,凱崴,10,0,10,國泰-松江,2023-11-13,8883
00680L,元大美債20正2,2010,50,1960,國泰-松江,2023-11-14,8883
00632R,元大台灣50反1,405,3,402,國泰-松江,2023-11-14,8883
00679B,元大美債20年,368,153,215,國泰-松江,2023-11-14,8883
5225,東科-KY,79,2,77,國泰-松江,2023-11-14,8883
3231,緯創,104,35,69,國泰-松江,2023-11-14,8883
1504,東元,115,64,51,國泰-松江,2023-11-14,8883
2515,中工,50,0,50,國泰-松江,2023-11-14,8883
2485,兆赫,64,15,49,國泰-松江,2023-11-14,8883
1409,新纖,40,0,40,國泰-松江,2023-11-14,8883
2634,漢翔,44,5,39,國泰-松江,2023-11-14,8883
2313,華通,161,125,36,國泰-松江,2023-11-14,8883
6531,愛普*,41,10,31,國泰-松江,2023-11-14,8883
2417,圓剛,50,22,28,國泰-松江,2023-11-14,8883
6282,康舒,45,17,28,國泰-松江,2023-11-14,8883
2492,華新科,34,7,27,國泰-松江,2023-11-14,8883
00933B,國泰10Y+金融債,37,10,27,國泰-松江,2023-11-14,8883
4737,華廣,25,0,25,國泰-松江,2023-11-14,8883
1815,富喬,27,3,24,國泰-松江,2023-11-14,8883
00878,國泰永續高股息,100,78,22,國泰-松江,2023-11-14,8883
00772B,中信高評級公司債,21,0,21,國泰-松江,2023-11-14,8883
6485,點序,23,3,20,國泰-松江,2023-11-14,8883
4129,聯合,27,7,20,國泰-松江,2023-11-14,8883
2201,裕隆,32,13,19,國泰-松江,2023-11-14,8883
2606,裕民,19,2,17,國泰-松江,2023-11-14,8883
2816,旺旺保,37,20,17,國泰-松江,2023-11-14,8883
2884,玉山金,16,1,15,國泰-松江,2023-11-14,8883
3260,威剛,40,25,15,國泰-松江,2023-11-14,8883
2609,陽明,31,17,14,國泰-松江,2023-11-14,8883
3715,定穎投控,25,11,14,國泰-松江,2023-11-14,8883
2891,中信金,53,40,13,國泰-松江,2023-11-14,8883
2329,華泰,84,71,13,國泰-松江,2023-11-14,8883
1319,東陽,13,0,13,國泰-松江,2023-11-14,8883
2402,毅嘉,163,150,13,國泰-松江,2023-11-14,8883
2355,敬鵬,16,4,12,國泰-松江,2023-11-14,8883
1522,堤維西,12,0,12,國泰-松江,2023-11-14,8883
2412,中華電,11,0,11,國泰-松江,2023-11-14,8883
8033,雷虎,12,2,10,國泰-松江,2023-11-14,8883
3005,神基,23,13,10,國泰-松江,2023-11-14,8883
2630,亞航,13,3,10,國泰-松江,2023-11-14,8883
1463,強盛新,10,0,10,國泰-松江,2023-11-14,8883
5608,四維航,10,0,10,國泰-松江,2023-11-14,8883
2323,中環,10,0,10,國泰-松江,2023-11-14,8883
6134,萬旭,10,0,10,國泰-松江,2023-11-14,8883
2405,輔信,10,0,10,國泰-松江,2023-11-14,8883
00882,中信中國高股息,10,1,9,國泰-松江,2023-11-14,8883
3617,碩天,9,0,9,國泰-松江,2023-11-14,8883
2409,友達,11,2,9,國泰-松江,2023-11-14,8883
3017,奇鋐,25,16,9,國泰-松江,2023-11-14,8883
3169,亞信,12,3,9,國泰-松江,2023-11-14,8883
3217,優群,11,2,9,國泰-松江,2023-11-14,8883
00679B,元大美債20年,455,2,453,國泰-松江,2023-11-15,8883
2618,長榮航,539,159,380,國泰-松江,2023-11-15,8883
3706,神達,367,30,337,國泰-松江,2023-11-15,8883
2887,台新金,261,24,237,國泰-松江,2023-11-15,8883
6243,迅杰,116,0,116,國泰-松江,2023-11-15,8883
8996,高力,148,36,112,國泰-松江,2023-11-15,8883
2317,鴻海,125,23,102,國泰-松江,2023-11-15,8883
2363,矽統,186,97,89,國泰-松江,2023-11-15,8883
00795B,中信美國公債20年,92,6,86,國泰-松江,2023-11-15,8883
2303,聯電,117,39,78,國泰-松江,2023-11-15,8883
00665L,富邦�琤肭磪囓�2,70,5,65,國泰-松江,2023-11-15,8883
00673R,期元大S＆P原油反1,60,0,60,國泰-松江,2023-11-15,8883
2485,兆赫,121,62,59,國泰-松江,2023-11-15,8883
00751B,元大AAA至A公司債,61,2,59,國泰-松江,2023-11-15,8883
3276,宇環,132,74,58,國泰-松江,2023-11-15,8883
1605,華新,133,76,57,國泰-松江,2023-11-15,8883
2610,華航,97,42,55,國泰-松江,2023-11-15,8883
3374,精材,56,1,55,國泰-松江,2023-11-15,8883
4915,致伸,50,0,50,國泰-松江,2023-11-15,8883
2880,華南金,50,9,41,國泰-松江,2023-11-15,8883
00885,富邦越南,45,6,39,國泰-松江,2023-11-15,8883
2454,聯發科,43,7,36,國泰-松江,2023-11-15,8883
2465,麗臺,40,9,31,國泰-松江,2023-11-15,8883
00933B,國泰10Y+金融債,67,36,31,國泰-松江,2023-11-15,8883
00850,元大臺灣ESG永續,33,2,31,國泰-松江,2023-11-15,8883
1618,合機,33,2,31,國泰-松江,2023-11-15,8883
4960,誠美材,30,0,30,國泰-松江,2023-11-15,8883
1522,堤維西,30,0,30,國泰-松江,2023-11-15,8883
5225,東科-KY,29,1,28,國泰-松江,2023-11-15,8883
00903,富邦元宇宙,40,12,28,國泰-松江,2023-11-15,8883
00720B,元大投資級公司債,41,15,26,國泰-松江,2023-11-15,8883
8299,群聯,28,2,26,國泰-松江,2023-11-15,8883
00687B,國泰20年美債,44,20,24,國泰-松江,2023-11-15,8883
5607,遠雄港,31,7,24,國泰-松江,2023-11-15,8883
00935,野村臺灣新科技50,22,0,22,國泰-松江,2023-11-15,8883
2313,華通,78,57,21,國泰-松江,2023-11-15,8883
2704,國賓,20,0,20,國泰-松江,2023-11-15,8883
00708L,期元大S＆P黃金正2,20,0,20,國泰-松江,2023-11-15,8883
2427,三商電,23,3,20,國泰-松江,2023-11-15,8883
6026,福邦證,23,3,20,國泰-松江,2023-11-15,8883
2355,敬鵬,21,1,20,國泰-松江,2023-11-15,8883
00680L,元大美債20正2,21,1,20,國泰-松江,2023-11-15,8883
2201,裕隆,29,10,19,國泰-松江,2023-11-15,8883
2376,技嘉,56,38,18,國泰-松江,2023-11-15,8883
4908,前鼎,35,18,17,國泰-松江,2023-11-15,8883
00852L,國泰美國道瓊正2,20,3,17,國泰-松江,2023-11-15,8883
4401,東隆興,20,3,17,國泰-松江,2023-11-15,8883
00931B,統一美債20年,24,7,17,國泰-松江,2023-11-15,8883
020022,元大電動車N,18,2,16,國泰-松江,2023-11-15,8883
6531,愛普*,44,28,16,國泰-松江,2023-11-15,8883
00692,富邦公司治理,207,1,206,國泰-松江,2023-11-16,8883
2867,三商壽,200,1,199,國泰-松江,2023-11-16,8883
2303,聯電,254,66,188,國泰-松江,2023-11-16,8883
00878,國泰永續高股息,338,183,155,國泰-松江,2023-11-16,8883
00687B,國泰20年美債,141,4,137,國泰-松江,2023-11-16,8883
00679B,元大美債20年,94,5,89,國泰-松江,2023-11-16,8883
2905,三商,83,0,83,國泰-松江,2023-11-16,8883
00632R,元大台灣50反1,123,44,79,國泰-松江,2023-11-16,8883
00720B,元大投資級公司債,79,1,78,國泰-松江,2023-11-16,8883
5512,力麒,59,3,56,國泰-松江,2023-11-16,8883
00919,群益台灣精選高息,59,6,53,國泰-松江,2023-11-16,8883
00665L,富邦�琤肭磪囓�2,50,2,48,國泰-松江,2023-11-16,8883
00885,富邦越南,46,1,45,國泰-松江,2023-11-16,8883
2743,山富,64,23,41,國泰-松江,2023-11-16,8883
3305,昇貿,43,6,37,國泰-松江,2023-11-16,8883
2465,麗臺,52,16,36,國泰-松江,2023-11-16,8883
1524,耿鼎,48,14,34,國泰-松江,2023-11-16,8883
2883,凱基金,61,30,31,國泰-松江,2023-11-16,8883
2371,大同,32,4,28,國泰-松江,2023-11-16,8883
00931B,統一美債20年,26,3,23,國泰-松江,2023-11-16,8883
00751B,元大AAA至A公司債,23,0,23,國泰-松江,2023-11-16,8883
00688L,國泰20年美債正2,22,0,22,國泰-松江,2023-11-16,8883
2515,中工,24,3,21,國泰-松江,2023-11-16,8883
2329,華泰,282,261,21,國泰-松江,2023-11-16,8883
00929,復華台灣科技優息,95,74,21,國泰-松江,2023-11-16,8883
00680L,元大美債20正2,54,35,19,國泰-松江,2023-11-16,8883
00726B,國泰新興投等債,18,0,18,國泰-松江,2023-11-16,8883
2734,易飛網,20,2,18,國泰-松江,2023-11-16,8883
5519,隆大,18,0,18,國泰-松江,2023-11-16,8883
3481,群創,44,28,16,國泰-松江,2023-11-16,8883
8103,瀚荃,16,0,16,國泰-松江,2023-11-16,8883
00923,群益台ESG低碳50,19,3,16,國泰-松江,2023-11-16,8883
3231,緯創,59,43,16,國泰-松江,2023-11-16,8883
0056,元大高股息,35,20,15,國泰-松江,2023-11-16,8883
2380,虹光,16,0,16,國泰-松江,2023-11-16,8883
2382,廣達,46,31,15,國泰-松江,2023-11-16,8883
2880,華南金,21,6,15,國泰-松江,2023-11-16,8883
5009,榮剛,32,17,15,國泰-松江,2023-11-16,8883
2353,宏��,16,1,15,國泰-松江,2023-11-16,8883
00936,台新永續高息中小,16,1,15,國泰-松江,2023-11-16,8883
00772B,中信高評級公司債,15,0,15,國泰-松江,2023-11-16,8883
00670L,富邦NASDAQ正2,16,2,14,國泰-松江,2023-11-16,8883
00673R,期元大S＆P原油反1,14,0,14,國泰-松江,2023-11-16,8883
1504,東元,25,12,13,國泰-松江,2023-11-16,8883
3669,圓展,18,5,13,國泰-松江,2023-11-16,8883
2401,凌陽,28,15,13,國泰-松江,2023-11-16,8883
2344,華邦電,104,92,12,國泰-松江,2023-11-16,8883
6290,良維,12,0,12,國泰-松江,2023-11-16,8883
00715L,期街口布蘭特正2,14,2,12,國泰-松江,2023-11-16,8883
8016,矽創,12,0,12,國泰-松江,2023-11-16,8883
00665L,富邦�琤肭磪囓�2,1212,20,1192,國泰-松江,2023-11-17,8883
00679B,元大美債20年,390,2,388,國泰-松江,2023-11-17,8883
5225,東科-KY,162,5,157,國泰-松江,2023-11-17,8883
00878,國泰永續高股息,193,51,142,國泰-松江,2023-11-17,8883
3701,大眾控,132,33,99,國泰-松江,2023-11-17,8883
2607,榮運,79,0,79,國泰-松江,2023-11-17,8883
00642U,期元大S＆P石油,74,0,74,國泰-松江,2023-11-17,8883
00690,兆豐藍籌30,68,0,68,國泰-松江,2023-11-17,8883
00929,復華台灣科技優息,150,83,67,國泰-松江,2023-11-17,8883
00882,中信中國高股息,60,2,58,國泰-松江,2023-11-17,8883
5009,榮剛,60,4,56,國泰-松江,2023-11-17,8883
00706L,期元大S＆P日圓正2,51,0,51,國泰-松江,2023-11-17,8883
00715L,期街口布蘭特正2,49,0,49,國泰-松江,2023-11-17,8883
00637L,元大滬深300正2,46,0,46,國泰-松江,2023-11-17,8883
2610,華航,103,59,44,國泰-松江,2023-11-17,8883
1815,富喬,44,2,42,國泰-松江,2023-11-17,8883
00687B,國泰20年美債,47,10,37,國泰-松江,2023-11-17,8883
4128,中天,36,0,36,國泰-松江,2023-11-17,8883
2367,燿華,33,2,31,國泰-松江,2023-11-17,8883
2883,凱基金,34,4,30,國泰-松江,2023-11-17,8883
00753L,中信中國50正2,36,9,27,國泰-松江,2023-11-17,8883
3694,海華,79,52,27,國泰-松江,2023-11-17,8883
4945,陞達科技,25,0,25,國泰-松江,2023-11-17,8883
3479,安勤,26,2,24,國泰-松江,2023-11-17,8883
3481,群創,57,33,24,國泰-松江,2023-11-17,8883
6153,嘉聯益,24,0,24,國泰-松江,2023-11-17,8883
3450,聯鈞,40,17,23,國泰-松江,2023-11-17,8883
2344,華邦電,49,28,21,國泰-松江,2023-11-17,8883
00935,野村臺灣新科技50,21,0,21,國泰-松江,2023-11-17,8883
00708L,期元大S＆P黃金正2,20,0,20,國泰-松江,2023-11-17,8883
2201,裕隆,23,5,18,國泰-松江,2023-11-17,8883
1560,中砂,27,10,17,國泰-松江,2023-11-17,8883
2376,技嘉,40,24,16,國泰-松江,2023-11-17,8883
2329,華泰,48,32,16,國泰-松江,2023-11-17,8883
2380,虹光,16,1,15,國泰-松江,2023-11-17,8883
4960,誠美材,15,0,15,國泰-松江,2023-11-17,8883
8054,安國,17,2,15,國泰-松江,2023-11-17,8883
2705,六福,25,11,14,國泰-松江,2023-11-17,8883
6873,泓德能源,14,0,14,國泰-松江,2023-11-17,8883
2402,毅嘉,90,77,13,國泰-松江,2023-11-17,8883
1319,東陽,22,9,13,國泰-松江,2023-11-17,8883
2486,一詮,13,0,13,國泰-松江,2023-11-17,8883
2498,宏達電,17,5,12,國泰-松江,2023-11-17,8883
6451,訊芯-KY,13,1,12,國泰-松江,2023-11-17,8883
4739,康普,12,0,12,國泰-松江,2023-11-17,8883
1471,首利,13,1,12,國泰-松江,2023-11-17,8883
6531,愛普*,56,45,11,國泰-松江,2023-11-17,8883
3176,基亞,12,1,11,國泰-松江,2023-11-17,8883
00864B,中信美國公債0-1,11,0,11,國泰-松江,2023-11-17,8883
3653,健策,11,0,11,國泰-松江,2023-11-17,8883
00679B,元大美債20年,767,8,759,國泰-松江,2023-11-20,8883
1463,強盛新,377,0,377,國泰-松江,2023-11-20,8883
00929,復華台灣科技優息,447,210,237,國泰-松江,2023-11-20,8883
3576,聯合再生,107,6,101,國泰-松江,2023-11-20,8883
4906,正文,100,3,97,國泰-松江,2023-11-20,8883
2312,金寶,100,7,93,國泰-松江,2023-11-20,8883
3706,神達,323,231,92,國泰-松江,2023-11-20,8883
00687B,國泰20年美債,89,13,76,國泰-松江,2023-11-20,8883
1785,光洋科,76,2,74,國泰-松江,2023-11-20,8883
00878,國泰永續高股息,138,66,72,國泰-松江,2023-11-20,8883
6191,精成科,80,13,67,國泰-松江,2023-11-20,8883
3711,日月光投控,101,36,65,國泰-松江,2023-11-20,8883
3035,智原,159,95,64,國泰-松江,2023-11-20,8883
5009,榮剛,68,6,62,國泰-松江,2023-11-20,8883
2313,華通,315,267,48,國泰-松江,2023-11-20,8883
2887,台新金,51,4,47,國泰-松江,2023-11-20,8883
3013,晟銘電,56,11,45,國泰-松江,2023-11-20,8883
00751B,元大AAA至A公司債,45,0,45,國泰-松江,2023-11-20,8883
2748,雲品,69,29,40,國泰-松江,2023-11-20,8883
00931B,統一美債20年,39,0,39,國泰-松江,2023-11-20,8883
2704,國賓,30,0,30,國泰-松江,2023-11-20,8883
8215,明基材,29,0,29,國泰-松江,2023-11-20,8883
0056,元大高股息,38,11,27,國泰-松江,2023-11-20,8883
2409,友達,43,15,28,國泰-松江,2023-11-20,8883
4129,聯合,36,9,27,國泰-松江,2023-11-20,8883
00933B,國泰10Y+金融債,26,0,26,國泰-松江,2023-11-20,8883
6117,迎廣,40,14,26,國泰-松江,2023-11-20,8883
00915,凱基優選高股息30,26,0,26,國泰-松江,2023-11-20,8883
2610,華航,49,25,24,國泰-松江,2023-11-20,8883
00720B,元大投資級公司債,28,5,23,國泰-松江,2023-11-20,8883
2462,良得電,43,21,22,國泰-松江,2023-11-20,8883
6418,詠昇,22,0,22,國泰-松江,2023-11-20,8883
6531,愛普*,30,9,21,國泰-松江,2023-11-20,8883
3374,精材,23,2,21,國泰-松江,2023-11-20,8883
2455,全新,30,10,20,國泰-松江,2023-11-20,8883
3189,景碩,23,3,20,國泰-松江,2023-11-20,8883
6789,采鈺,20,2,18,國泰-松江,2023-11-20,8883
9904,寶成,17,0,17,國泰-松江,2023-11-20,8883
2731,雄獅,22,6,16,國泰-松江,2023-11-20,8883
4167,松瑞藥,15,0,15,國泰-松江,2023-11-20,8883
3548,兆利,41,27,14,國泰-松江,2023-11-20,8883
00936,台新永續高息中小,15,1,14,國泰-松江,2023-11-20,8883
5607,遠雄港,16,2,14,國泰-松江,2023-11-20,8883
2374,佳能,30,16,14,國泰-松江,2023-11-20,8883
2547,日勝生,13,0,13,國泰-松江,2023-11-20,8883
6168,宏齊,83,70,13,國泰-松江,2023-11-20,8883
2363,矽統,98,86,12,國泰-松江,2023-11-20,8883
006208,富邦台50,14,2,12,國泰-松江,2023-11-20,8883
2915,潤泰全,14,2,12,國泰-松江,2023-11-20,8883
1316,上曜,12,0,12,國泰-松江,2023-11-20,8883
00679B,元大美債20年,346,2,344,國泰-松江,2023-11-21,8883
00929,復華台灣科技優息,397,192,205,國泰-松江,2023-11-21,8883
1463,強盛新,187,0,187,國泰-松江,2023-11-21,8883
2443,昶虹,100,0,100,國泰-松江,2023-11-21,8883
9945,潤泰新,89,1,88,國泰-松江,2023-11-21,8883
4915,致伸,73,0,73,國泰-松江,2023-11-21,8883
00751B,元大AAA至A公司債,74,10,64,國泰-松江,2023-11-21,8883
1603,華電,62,0,62,國泰-松江,2023-11-21,8883
2537,聯上發,60,0,60,國泰-松江,2023-11-21,8883
00720B,元大投資級公司債,49,1,48,國泰-松江,2023-11-21,8883
4906,正文,51,3,48,國泰-松江,2023-11-21,8883
8284,三竹,47,0,47,國泰-松江,2023-11-21,8883
2371,大同,45,0,45,國泰-松江,2023-11-21,8883
4167,松瑞藥,45,1,44,國泰-松江,2023-11-21,8883
3504,揚明光,41,2,39,國泰-松江,2023-11-21,8883
6695,芯鼎,54,15,39,國泰-松江,2023-11-21,8883
1504,東元,39,5,34,國泰-松江,2023-11-21,8883
3483,力致,92,58,34,國泰-松江,2023-11-21,8883
2516,新建,32,0,32,國泰-松江,2023-11-21,8883
3059,華晶科,49,19,30,國泰-松江,2023-11-21,8883
1810,和成,30,0,30,國泰-松江,2023-11-21,8883
3057,喬鼎,30,1,29,國泰-松江,2023-11-21,8883
3481,群創,52,23,29,國泰-松江,2023-11-21,8883
2363,矽統,129,101,28,國泰-松江,2023-11-21,8883
3653,健策,27,1,26,國泰-松江,2023-11-21,8883
3041,揚智,115,89,26,國泰-松江,2023-11-21,8883
4543,萬在,42,17,25,國泰-松江,2023-11-21,8883
00933B,國泰10Y+金融債,24,0,24,國泰-松江,2023-11-21,8883
00712,復華富時不動產,24,0,24,國泰-松江,2023-11-21,8883
6531,愛普*,35,12,23,國泰-松江,2023-11-21,8883
2352,佳世達,22,0,22,國泰-松江,2023-11-21,8883
00670L,富邦NASDAQ正2,26,4,22,國泰-松江,2023-11-21,8883
2002,中鋼,29,8,21,國泰-松江,2023-11-21,8883
00636,國泰中國A50,21,0,21,國泰-松江,2023-11-21,8883
2344,華邦電,27,7,20,國泰-松江,2023-11-21,8883
5225,東科-KY,21,1,20,國泰-松江,2023-11-21,8883
2354,鴻準,22,2,20,國泰-松江,2023-11-21,8883
6127,九豪,21,2,19,國泰-松江,2023-11-21,8883
3047,訊舟,37,18,19,國泰-松江,2023-11-21,8883
6741,91APP*-KY,20,1,19,國泰-松江,2023-11-21,8883
5351,鈺創,167,149,18,國泰-松江,2023-11-21,8883
1474,弘裕,21,3,18,國泰-松江,2023-11-21,8883
8110,華東,21,3,18,國泰-松江,2023-11-21,8883
00919,群益台灣精選高息,37,20,17,國泰-松江,2023-11-21,8883
2486,一詮,18,1,17,國泰-松江,2023-11-21,8883
2412,中華電,20,5,15,國泰-松江,2023-11-21,8883
2367,燿華,35,20,15,國泰-松江,2023-11-21,8883
1304,台聚,15,0,15,國泰-松江,2023-11-21,8883
2457,飛宏,17,2,15,國泰-松江,2023-11-21,8883
2380,虹光,16,2,14,國泰-松江,2023-11-21,8883
2867,三商壽,401,0,401,國泰-松江,2023-11-22,8883
3706,神達,334,62,272,國泰-松江,2023-11-22,8883
1463,強盛新,169,0,169,國泰-松江,2023-11-22,8883
1785,光洋科,159,6,153,國泰-松江,2023-11-22,8883
00929,復華台灣科技優息,134,14,120,國泰-松江,2023-11-22,8883
2371,大同,112,1,111,國泰-松江,2023-11-22,8883
00919,群益台灣精選高息,103,3,100,國泰-松江,2023-11-22,8883
3231,緯創,204,108,96,國泰-松江,2023-11-22,8883
00680L,元大美債20正2,109,34,75,國泰-松江,2023-11-22,8883
6191,精成科,65,0,65,國泰-松江,2023-11-22,8883
2883,凱基金,61,6,55,國泰-松江,2023-11-22,8883
00878,國泰永續高股息,97,42,55,國泰-松江,2023-11-22,8883
2356,英業達,77,34,43,國泰-松江,2023-11-22,8883
5443,均豪,60,20,40,國泰-松江,2023-11-22,8883
2376,技嘉,80,41,39,國泰-松江,2023-11-22,8883
0056,元大高股息,41,7,34,國泰-松江,2023-11-22,8883
2382,廣達,80,49,31,國泰-松江,2023-11-22,8883
00679B,元大美債20年,33,2,31,國泰-松江,2023-11-22,8883
2443,昶虹,30,0,30,國泰-松江,2023-11-22,8883
2301,光寶科,29,1,28,國泰-松江,2023-11-22,8883
2313,華通,74,47,27,國泰-松江,2023-11-22,8883
4960,誠美材,28,1,27,國泰-松江,2023-11-22,8883
4979,華星光,32,8,24,國泰-松江,2023-11-22,8883
0050,元大台灣50,25,2,23,國泰-松江,2023-11-22,8883
1504,東元,31,10,21,國泰-松江,2023-11-22,8883
1522,堤維西,22,2,20,國泰-松江,2023-11-22,8883
2883B,凱基金乙特,20,0,20,國泰-松江,2023-11-22,8883
1316,上曜,20,0,20,國泰-松江,2023-11-22,8883
8215,明基材,19,0,19,國泰-松江,2023-11-22,8883
00687B,國泰20年美債,23,4,19,國泰-松江,2023-11-22,8883
00637L,元大滬深300正2,69,50,19,國泰-松江,2023-11-22,8883
5213,亞昕,23,4,19,國泰-松江,2023-11-22,8883
00688L,國泰20年美債正2,23,4,19,國泰-松江,2023-11-22,8883
2498,宏達電,20,3,17,國泰-松江,2023-11-22,8883
3013,晟銘電,20,3,17,國泰-松江,2023-11-22,8883
3551,世禾,17,0,17,國泰-松江,2023-11-22,8883
00902,中信電池及儲能,16,0,16,國泰-松江,2023-11-22,8883
2344,華邦電,20,4,16,國泰-松江,2023-11-22,8883
6213,聯茂,16,0,16,國泰-松江,2023-11-22,8883
2002,中鋼,17,1,16,國泰-松江,2023-11-22,8883
2014,中鴻,17,2,15,國泰-松江,2023-11-22,8883
6288,聯嘉,15,0,15,國泰-松江,2023-11-22,8883
2610,華航,33,19,14,國泰-松江,2023-11-22,8883
00882,中信中國高股息,14,0,14,國泰-松江,2023-11-22,8883
2834,臺企銀,14,0,14,國泰-松江,2023-11-22,8883
1440,南紡,13,0,13,國泰-松江,2023-11-22,8883
2023,燁輝,14,1,13,國泰-松江,2023-11-22,8883
8112,至上,13,0,13,國泰-松江,2023-11-22,8883
2388,威盛,99,87,12,國泰-松江,2023-11-22,8883
00670L,富邦NASDAQ正2,12,0,12,國泰-松江,2023-11-22,8883
2371,大同,215,1,214,國泰-松江,2023-11-23,8883
00919,群益台灣精選高息,191,29,162,國泰-松江,2023-11-23,8883
2867,三商壽,101,0,101,國泰-松江,2023-11-23,8883
2002,中鋼,104,18,86,國泰-松江,2023-11-23,8883
2363,矽統,286,207,79,國泰-松江,2023-11-23,8883
5009,榮剛,114,39,75,國泰-松江,2023-11-23,8883
1463,強盛新,71,0,71,國泰-松江,2023-11-23,8883
6282,康舒,183,114,69,國泰-松江,2023-11-23,8883
3576,聯合再生,65,0,65,國泰-松江,2023-11-23,8883
00637L,元大滬深300正2,64,10,54,國泰-松江,2023-11-23,8883
3078,僑威,114,63,51,國泰-松江,2023-11-23,8883
00722B,群益投資級電信債,50,0,50,國泰-松江,2023-11-23,8883
00929,復華台灣科技優息,109,61,48,國泰-松江,2023-11-23,8883
00864B,中信美國公債0-1,52,5,47,國泰-松江,2023-11-23,8883
3122,笙泉,91,52,39,國泰-松江,2023-11-23,8883
8112,至上,39,0,39,國泰-松江,2023-11-23,8883
2486,一詮,53,15,38,國泰-松江,2023-11-23,8883
00715L,期街口布蘭特正2,38,0,38,國泰-松江,2023-11-23,8883
1560,中砂,42,5,37,國泰-松江,2023-11-23,8883
0056,元大高股息,37,2,35,國泰-松江,2023-11-23,8883
00934,中信成長高股息,33,1,32,國泰-松江,2023-11-23,8883
6129,普誠,44,12,32,國泰-松江,2023-11-23,8883
9929,秋雨,30,0,30,國泰-松江,2023-11-23,8883
2443,昶虹,30,0,30,國泰-松江,2023-11-23,8883
3712,永崴投控,27,0,27,國泰-松江,2023-11-23,8883
6668,中揚光,26,0,26,國泰-松江,2023-11-23,8883
3450,聯鈞,49,24,25,國泰-松江,2023-11-23,8883
1471,首利,34,9,25,國泰-松江,2023-11-23,8883
3483,力致,101,78,23,國泰-松江,2023-11-23,8883
1316,上曜,22,0,22,國泰-松江,2023-11-23,8883
3047,訊舟,31,9,22,國泰-松江,2023-11-23,8883
6191,精成科,24,3,21,國泰-松江,2023-11-23,8883
3059,華晶科,38,17,21,國泰-松江,2023-11-23,8883
3231,緯創,161,140,21,國泰-松江,2023-11-23,8883
6579,研揚,21,1,20,國泰-松江,2023-11-23,8883
2353,宏��,23,4,19,國泰-松江,2023-11-23,8883
4720,德淵,22,3,19,國泰-松江,2023-11-23,8883
00878,國泰永續高股息,95,76,19,國泰-松江,2023-11-23,8883
2476,鉅祥,30,12,18,國泰-松江,2023-11-23,8883
3363,上詮,30,12,18,國泰-松江,2023-11-23,8883
3551,世禾,18,0,18,國泰-松江,2023-11-23,8883
6531,愛普*,25,8,17,國泰-松江,2023-11-23,8883
6684,安格,43,26,17,國泰-松江,2023-11-23,8883
00882,中信中國高股息,16,0,16,國泰-松江,2023-11-23,8883
4967,十銓,25,9,16,國泰-松江,2023-11-23,8883
6139,亞翔,29,14,15,國泰-松江,2023-11-23,8883
3362,先進光,212,197,15,國泰-松江,2023-11-23,8883
2441,超豐,15,0,15,國泰-松江,2023-11-23,8883
1591,駿吉-KY,15,0,15,國泰-松江,2023-11-23,8883
6485,點序,27,12,15,國泰-松江,2023-11-23,8883
00719B,元大美債1-3,350,0,350,國泰-松江,2023-11-24,8883
5009,榮剛,155,21,134,國泰-松江,2023-11-24,8883
1463,強盛新,109,0,109,國泰-松江,2023-11-24,8883
2618,長榮航,118,15,103,國泰-松江,2023-11-24,8883
6719,力智,91,2,89,國泰-松江,2023-11-24,8883
4414,如興,80,0,80,國泰-松江,2023-11-24,8883
3013,晟銘電,77,0,77,國泰-松江,2023-11-24,8883
3105,穩懋,105,31,74,國泰-松江,2023-11-24,8883
2515,中工,69,0,69,國泰-松江,2023-11-24,8883
2883,凱基金,85,18,67,國泰-松江,2023-11-24,8883
2443,昶虹,61,0,61,國泰-松江,2023-11-24,8883
00680L,元大美債20正2,54,0,54,國泰-松江,2023-11-24,8883
2363,矽統,180,128,52,國泰-松江,2023-11-24,8883
1529,樂事綠能,54,3,51,國泰-松江,2023-11-24,8883
2634,漢翔,95,48,47,國泰-松江,2023-11-24,8883
5351,鈺創,186,144,42,國泰-松江,2023-11-24,8883
00751B,元大AAA至A公司債,42,0,42,國泰-松江,2023-11-24,8883
3260,威剛,55,17,38,國泰-松江,2023-11-24,8883
00687B,國泰20年美債,38,0,38,國泰-松江,2023-11-24,8883
3706,神達,173,136,37,國泰-松江,2023-11-24,8883
2633,台灣高鐵,35,0,35,國泰-松江,2023-11-24,8883
00931B,統一美債20年,33,0,33,國泰-松江,2023-11-24,8883
00679B,元大美債20年,40,7,33,國泰-松江,2023-11-24,8883
4167,松瑞藥,30,0,30,國泰-松江,2023-11-24,8883
2323,中環,28,0,28,國泰-松江,2023-11-24,8883
2748,雲品,36,8,28,國泰-松江,2023-11-24,8883
3653,健策,28,0,28,國泰-松江,2023-11-24,8883
4720,德淵,31,4,27,國泰-松江,2023-11-24,8883
00885,富邦越南,26,0,26,國泰-松江,2023-11-24,8883
3437,榮創,69,45,24,國泰-松江,2023-11-24,8883
1815,富喬,25,2,23,國泰-松江,2023-11-24,8883
8112,至上,22,0,22,國泰-松江,2023-11-24,8883
00936,台新永續高息中小,33,11,22,國泰-松江,2023-11-24,8883
00720B,元大投資級公司債,21,0,21,國泰-松江,2023-11-24,8883
00919,群益台灣精選高息,86,65,21,國泰-松江,2023-11-24,8883
2888,新光金,89,68,21,國泰-松江,2023-11-24,8883
2409,友達,20,0,20,國泰-松江,2023-11-24,8883
2002,中鋼,34,14,20,國泰-松江,2023-11-24,8883
2353,宏��,20,1,19,國泰-松江,2023-11-24,8883
2201,裕隆,20,1,19,國泰-松江,2023-11-24,8883
0056,元大高股息,22,4,18,國泰-松江,2023-11-24,8883
3122,笙泉,35,17,18,國泰-松江,2023-11-24,8883
2405,輔信,19,2,17,國泰-松江,2023-11-24,8883
3006,晶豪科,96,79,17,國泰-松江,2023-11-24,8883
2338,光罩,20,4,16,國泰-松江,2023-11-24,8883
2441,超豐,15,0,15,國泰-松江,2023-11-24,8883
3234,光環,17,2,15,國泰-松江,2023-11-24,8883
2884,玉山金,23,9,14,國泰-松江,2023-11-24,8883
1513,中興電,65,50,15,國泰-松江,2023-11-24,8883
2358,廷鑫,14,0,14,國泰-松江,2023-11-24,8883
00632R,元大台灣50反1,195,7,188,國泰-松江,2023-11-27,8883
00687B,國泰20年美債,168,1,167,國泰-松江,2023-11-27,8883
2883,凱基金,196,40,156,國泰-松江,2023-11-27,8883
00935,野村臺灣新科技50,119,0,119,國泰-松江,2023-11-27,8883
2371,大同,121,3,118,國泰-松江,2023-11-27,8883
6288,聯嘉,115,0,115,國泰-松江,2023-11-27,8883
2891,中信金,130,17,113,國泰-松江,2023-11-27,8883
00671R,富邦NASDAQ反1,100,0,100,國泰-松江,2023-11-27,8883
00919,群益台灣精選高息,122,27,95,國泰-松江,2023-11-27,8883
4157,太景*-KY,81,6,75,國泰-松江,2023-11-27,8883
2317,鴻海,78,9,69,國泰-松江,2023-11-27,8883
00679B,元大美債20年,66,0,66,國泰-松江,2023-11-27,8883
6127,九豪,98,34,64,國泰-松江,2023-11-27,8883
00751B,元大AAA至A公司債,59,0,59,國泰-松江,2023-11-27,8883
1609,大亞,67,10,57,國泰-松江,2023-11-27,8883
00680L,元大美債20正2,77,20,57,國泰-松江,2023-11-27,8883
00642U,期元大S＆P石油,51,0,51,國泰-松江,2023-11-27,8883
00934,中信成長高股息,59,10,49,國泰-松江,2023-11-27,8883
3231,緯創,159,115,44,國泰-松江,2023-11-27,8883
3711,日月光投控,80,39,41,國泰-松江,2023-11-27,8883
00637L,元大滬深300正2,58,17,41,國泰-松江,2023-11-27,8883
0056,元大高股息,74,34,40,國泰-松江,2023-11-27,8883
2443,昶虹,40,0,40,國泰-松江,2023-11-27,8883
00670L,富邦NASDAQ正2,38,0,38,國泰-松江,2023-11-27,8883
2882,國泰金,52,15,37,國泰-松江,2023-11-27,8883
00882,中信中國高股息,45,12,33,國泰-松江,2023-11-27,8883
00922,國泰台灣領袖50,35,5,30,國泰-松江,2023-11-27,8883
6143,振曜,30,0,30,國泰-松江,2023-11-27,8883
00666R,富邦�琤肭磪齯�1,30,0,30,國泰-松江,2023-11-27,8883
00878,國泰永續高股息,132,105,27,國泰-松江,2023-11-27,8883
2352,佳世達,56,29,27,國泰-松江,2023-11-27,8883
2888,新光金,46,19,27,國泰-松江,2023-11-27,8883
2313,華通,255,229,26,國泰-松江,2023-11-27,8883
00931B,統一美債20年,23,0,23,國泰-松江,2023-11-27,8883
2408,南亞科,24,2,22,國泰-松江,2023-11-27,8883
1513,中興電,110,89,21,國泰-松江,2023-11-27,8883
5328,華容,20,0,20,國泰-松江,2023-11-27,8883
3035,智原,44,25,19,國泰-松江,2023-11-27,8883
2330,台積電,27,9,18,國泰-松江,2023-11-27,8883
1514,亞力,117,100,17,國泰-松江,2023-11-27,8883
2449,京元電子,17,0,17,國泰-松江,2023-11-27,8883
8478,東哥遊艇,19,2,17,國泰-松江,2023-11-27,8883
5324,士開,18,1,17,國泰-松江,2023-11-27,8883
4967,十銓,19,3,16,國泰-松江,2023-11-27,8883
3078,僑威,25,9,16,國泰-松江,2023-11-27,8883
2610,華航,22,7,15,國泰-松江,2023-11-27,8883
1810,和成,15,0,15,國泰-松江,2023-11-27,8883
6274,台燿,18,4,14,國泰-松江,2023-11-27,8883
9919,康那香,16,2,14,國泰-松江,2023-11-27,8883
2634,漢翔,16,2,14,國泰-松江,2023-11-27,8883
2883,凱基金,253,56,197,國泰-松江,2023-11-28,8883
4414,如興,109,0,109,國泰-松江,2023-11-28,8883
6288,聯嘉,96,0,96,國泰-松江,2023-11-28,8883
2371,大同,114,25,89,國泰-松江,2023-11-28,8883
3231,緯創,91,25,66,國泰-松江,2023-11-28,8883
5347,世界,65,8,57,國泰-松江,2023-11-28,8883
1101,台泥,117,62,55,國泰-松江,2023-11-28,8883
3374,精材,44,2,42,國泰-松江,2023-11-28,8883
3207,耀勝,50,11,39,國泰-松江,2023-11-28,8883
2303,聯電,47,10,37,國泰-松江,2023-11-28,8883
3715,定穎投控,130,99,31,國泰-松江,2023-11-28,8883
1325,恆大,30,0,30,國泰-松江,2023-11-28,8883
1732,毛寶,64,34,30,國泰-松江,2023-11-28,8883
2606,裕民,79,50,29,國泰-松江,2023-11-28,8883
3711,日月光投控,83,55,28,國泰-松江,2023-11-28,8883
00933B,國泰10Y+金融債,27,0,27,國泰-松江,2023-11-28,8883
4720,德淵,25,0,25,國泰-松江,2023-11-28,8883
6873,泓德能源,25,0,25,國泰-松江,2023-11-28,8883
8936,國統,37,12,25,國泰-松江,2023-11-28,8883
2891,中信金,32,9,23,國泰-松江,2023-11-28,8883
1616,億泰,48,26,22,國泰-松江,2023-11-28,8883
3306,鼎天,22,0,22,國泰-松江,2023-11-28,8883
2612,中航,40,20,20,國泰-松江,2023-11-28,8883
2367,燿華,40,20,20,國泰-松江,2023-11-28,8883
1463,強盛新,20,0,20,國泰-松江,2023-11-28,8883
3548,兆利,61,42,19,國泰-松江,2023-11-28,8883
2443,昶虹,19,0,19,國泰-松江,2023-11-28,8883
2355,敬鵬,20,1,19,國泰-松江,2023-11-28,8883
2382,廣達,54,35,19,國泰-松江,2023-11-28,8883
3576,聯合再生,20,2,18,國泰-松江,2023-11-28,8883
00712,復華富時不動產,25,7,18,國泰-松江,2023-11-28,8883
00885,富邦越南,20,2,18,國泰-松江,2023-11-28,8883
00919,群益台灣精選高息,26,8,18,國泰-松江,2023-11-28,8883
2313,華通,343,326,17,國泰-松江,2023-11-28,8883
3017,奇鋐,23,7,16,國泰-松江,2023-11-28,8883
2412,中華電,17,1,16,國泰-松江,2023-11-28,8883
4979,華星光,19,5,14,國泰-松江,2023-11-28,8883
1519,華城,18,5,13,國泰-松江,2023-11-28,8883
2352,佳世達,13,0,13,國泰-松江,2023-11-28,8883
00687B,國泰20年美債,42,29,13,國泰-松江,2023-11-28,8883
2485,兆赫,13,1,12,國泰-松江,2023-11-28,8883
1102,亞泥,15,3,12,國泰-松江,2023-11-28,8883
00692,富邦公司治理,14,3,11,國泰-松江,2023-11-28,8883
2022,聚亨,11,0,11,國泰-松江,2023-11-28,8883
1905,華紙,11,0,11,國泰-松江,2023-11-28,8883
2330,台積電,21,11,10,國泰-松江,2023-11-28,8883
00633L,富邦上証正2,10,0,10,國泰-松江,2023-11-28,8883
3380,明泰,10,0,10,國泰-松江,2023-11-28,8883
3494,誠研,10,0,10,國泰-松江,2023-11-28,8883
2002,中鋼,16,6,10,國泰-松江,2023-11-28,8883
00665L,富邦�琤肭磪囓�2,2381,50,2331,國泰-松江,2023-11-29,8883
00882,中信中國高股息,129,7,122,國泰-松江,2023-11-29,8883
6288,聯嘉,115,0,115,國泰-松江,2023-11-29,8883
4414,如興,87,0,87,國泰-松江,2023-11-29,8883
2618,長榮航,95,9,86,國泰-松江,2023-11-29,8883
6494,九齊,57,1,56,國泰-松江,2023-11-29,8883
2838,聯邦銀,55,0,55,國泰-松江,2023-11-29,8883
1314,中石化,53,0,53,國泰-松江,2023-11-29,8883
2449,京元電子,48,1,47,國泰-松江,2023-11-29,8883
00753L,中信中國50正2,46,0,46,國泰-松江,2023-11-29,8883
2401,凌陽,56,10,46,國泰-松江,2023-11-29,8883
00935,野村臺灣新科技50,41,0,41,國泰-松江,2023-11-29,8883
2377,微星,61,21,40,國泰-松江,2023-11-29,8883
2883,凱基金,63,27,36,國泰-松江,2023-11-29,8883
9945,潤泰新,33,0,33,國泰-松江,2023-11-29,8883
3231,緯創,70,38,32,國泰-松江,2023-11-29,8883
00679B,元大美債20年,44,13,31,國泰-松江,2023-11-29,8883
2634,漢翔,31,1,30,國泰-松江,2023-11-29,8883
2465,麗臺,50,20,30,國泰-松江,2023-11-29,8883
2065,世豐,30,0,30,國泰-松江,2023-11-29,8883
00712,復華富時不動產,39,10,29,國泰-松江,2023-11-29,8883
2367,燿華,31,5,26,國泰-松江,2023-11-29,8883
1504,東元,32,6,26,國泰-松江,2023-11-29,8883
1101,台泥,34,8,26,國泰-松江,2023-11-29,8883
3260,威剛,30,6,24,國泰-松江,2023-11-29,8883
00719B,元大美債1-3,21,0,21,國泰-松江,2023-11-29,8883
3481,群創,20,0,20,國泰-松江,2023-11-29,8883
5213,亞昕,21,1,20,國泰-松江,2023-11-29,8883
3545,敦泰,110,90,20,國泰-松江,2023-11-29,8883
2801,彰銀,20,1,19,國泰-松江,2023-11-29,8883
5351,鈺創,53,34,19,國泰-松江,2023-11-29,8883
5608,四維航,34,15,19,國泰-松江,2023-11-29,8883
2637,慧洋-KY,22,3,19,國泰-松江,2023-11-29,8883
1463,強盛新,19,0,19,國泰-松江,2023-11-29,8883
8936,國統,24,5,19,國泰-松江,2023-11-29,8883
3037,欣興,32,15,17,國泰-松江,2023-11-29,8883
2478,大毅,15,0,15,國泰-松江,2023-11-29,8883
2882,國泰金,15,1,14,國泰-松江,2023-11-29,8883
2353,宏��,15,2,13,國泰-松江,2023-11-29,8883
6129,普誠,20,7,13,國泰-松江,2023-11-29,8883
3346,麗清,15,2,13,國泰-松江,2023-11-29,8883
3548,兆利,39,26,13,國泰-松江,2023-11-29,8883
2330,台積電,24,12,12,國泰-松江,2023-11-29,8883
6282,康舒,29,17,12,國泰-松江,2023-11-29,8883
4768,晶呈科技,13,1,12,國泰-松江,2023-11-29,8883
00637L,元大滬深300正2,1028,1016,12,國泰-松江,2023-11-29,8883
9921,巨大,17,5,12,國泰-松江,2023-11-29,8883
3122,笙泉,33,22,11,國泰-松江,2023-11-29,8883
4442,竣邦-KY,15,4,11,國泰-松江,2023-11-29,8883
2486,一詮,13,2,11,國泰-松江,2023-11-29,8883
00929,復華台灣科技優息,404,144,260,國泰-松江,2023-11-30,8883
6288,聯嘉,152,0,152,國泰-松江,2023-11-30,8883
00680L,元大美債20正2,191,51,140,國泰-松江,2023-11-30,8883
2201,裕隆,112,2,110,國泰-松江,2023-11-30,8883
00919,群益台灣精選高息,97,5,92,國泰-松江,2023-11-30,8883
5328,華容,132,47,85,國泰-松江,2023-11-30,8883
00882,中信中國高股息,81,2,79,國泰-松江,2023-11-30,8883
1513,中興電,74,15,59,國泰-松江,2023-11-30,8883
1314,中石化,55,0,55,國泰-松江,2023-11-30,8883
00632R,元大台灣50反1,55,0,55,國泰-松江,2023-11-30,8883
2634,漢翔,55,1,54,國泰-松江,2023-11-30,8883
1463,強盛新,51,0,51,國泰-松江,2023-11-30,8883
2344,華邦電,101,53,48,國泰-松江,2023-11-30,8883
2329,華泰,443,396,47,國泰-松江,2023-11-30,8883
00934,中信成長高股息,46,1,45,國泰-松江,2023-11-30,8883
1605,華新,49,5,44,國泰-松江,2023-11-30,8883
2492,華新科,70,30,40,國泰-松江,2023-11-30,8883
00715L,期街口布蘭特正2,40,2,38,國泰-松江,2023-11-30,8883
2883,凱基金,96,60,36,國泰-松江,2023-11-30,8883
00722B,群益投資級電信債,35,0,35,國泰-松江,2023-11-30,8883
00933B,國泰10Y+金融債,55,22,33,國泰-松江,2023-11-30,8883
00679B,元大美債20年,43,11,32,國泰-松江,2023-11-30,8883
6282,康舒,48,18,30,國泰-松江,2023-11-30,8883
2301,光寶科,30,3,27,國泰-松江,2023-11-30,8883
2332,友訊,28,2,26,國泰-松江,2023-11-30,8883
2371,大同,26,0,26,國泰-松江,2023-11-30,8883
00665L,富邦�琤肭磪囓�2,83,60,23,國泰-松江,2023-11-30,8883
2313,華通,100,77,23,國泰-松江,2023-11-30,8883
5388,中磊,24,1,23,國泰-松江,2023-11-30,8883
6873,泓德能源,22,0,22,國泰-松江,2023-11-30,8883
2838,聯邦銀,20,0,20,國泰-松江,2023-11-30,8883
6245,立端,20,0,20,國泰-松江,2023-11-30,8883
2704,國賓,20,0,20,國泰-松江,2023-11-30,8883
5498,凱崴,20,0,20,國泰-松江,2023-11-30,8883
4442,竣邦-KY,20,0,20,國泰-松江,2023-11-30,8883
2388,威盛,57,38,19,國泰-松江,2023-11-30,8883
00935,野村臺灣新科技50,19,0,19,國泰-松江,2023-11-30,8883
5347,世界,35,17,18,國泰-松江,2023-11-30,8883
2303,聯電,30,12,18,國泰-松江,2023-11-30,8883
3264,欣銓,18,1,17,國泰-松江,2023-11-30,8883
9938,百和,22,5,17,國泰-松江,2023-11-30,8883
2417,圓剛,28,11,17,國泰-松江,2023-11-30,8883
6104,創惟,22,5,17,國泰-松江,2023-11-30,8883
3702,大聯大,19,3,16,國泰-松江,2023-11-30,8883
8039,台虹,15,0,15,國泰-松江,2023-11-30,8883
2002,中鋼,17,2,15,國泰-松江,2023-11-30,8883
3231,緯創,116,101,15,國泰-松江,2023-11-30,8883
2363,矽統,36,22,14,國泰-松江,2023-11-30,8883
4167,松瑞藥,14,0,14,國泰-松江,2023-11-30,8883
2308,台達電,15,2,13,國泰-松江,2023-11-30,8883
00919,群益台灣精選高息,1094,22,1072,國泰-松江,2023-12-01,8883
00679B,元大美債20年,763,3,760,國泰-松江,2023-12-01,8883
2618,長榮航,636,12,624,國泰-松江,2023-12-01,8883
00688L,國泰20年美債正2,359,2,357,國泰-松江,2023-12-01,8883
00680L,元大美債20正2,290,2,288,國泰-松江,2023-12-01,8883
00632R,元大台灣50反1,242,20,222,國泰-松江,2023-12-01,8883
00687B,國泰20年美債,195,1,194,國泰-松江,2023-12-01,8883
6288,聯嘉,188,0,188,國泰-松江,2023-12-01,8883
00878,國泰永續高股息,186,13,173,國泰-松江,2023-12-01,8883
2883,凱基金,157,13,144,國泰-松江,2023-12-01,8883
00671R,富邦NASDAQ反1,100,0,100,國泰-松江,2023-12-01,8883
2888,新光金,133,40,93,國泰-松江,2023-12-01,8883
3013,晟銘電,186,109,77,國泰-松江,2023-12-01,8883
2886,兆豐金,90,13,77,國泰-松江,2023-12-01,8883
1605,華新,72,5,67,國泰-松江,2023-12-01,8883
00670L,富邦NASDAQ正2,51,0,51,國泰-松江,2023-12-01,8883
3450,聯鈞,82,32,50,國泰-松江,2023-12-01,8883
00907,永豐優息存股,50,0,50,國泰-松江,2023-12-01,8883
1314,中石化,50,1,49,國泰-松江,2023-12-01,8883
3163,波若威,55,6,49,國泰-松江,2023-12-01,8883
3207,耀勝,50,4,46,國泰-松江,2023-12-01,8883
6789,采鈺,102,60,42,國泰-松江,2023-12-01,8883
3715,定穎投控,188,148,40,國泰-松江,2023-12-01,8883
3522,御嵿,39,1,38,國泰-松江,2023-12-01,8883
2355,敬鵬,69,31,38,國泰-松江,2023-12-01,8883
00931B,統一美債20年,40,2,38,國泰-松江,2023-12-01,8883
5607,遠雄港,42,6,36,國泰-松江,2023-12-01,8883
00936,台新永續高息中小,35,0,35,國泰-松江,2023-12-01,8883
1504,東元,30,0,30,國泰-松江,2023-12-01,8883
00934,中信成長高股息,30,0,30,國泰-松江,2023-12-01,8883
3363,上詮,45,17,28,國泰-松江,2023-12-01,8883
4720,德淵,48,20,28,國泰-松江,2023-12-01,8883
2486,一詮,27,0,27,國泰-松江,2023-12-01,8883
1101,台泥,27,0,27,國泰-松江,2023-12-01,8883
2891,中信金,28,2,26,國泰-松江,2023-12-01,8883
4442,竣邦-KY,23,0,23,國泰-松江,2023-12-01,8883
3260,威剛,24,2,22,國泰-松江,2023-12-01,8883
2356,英業達,23,1,22,國泰-松江,2023-12-01,8883
2317,鴻海,24,2,22,國泰-松江,2023-12-01,8883
1514,亞力,26,5,21,國泰-松江,2023-12-01,8883
00922,國泰台灣領袖50,21,0,21,國泰-松江,2023-12-01,8883
3041,揚智,160,140,20,國泰-松江,2023-12-01,8883
2353,宏��,22,2,20,國泰-松江,2023-12-01,8883
2884,玉山金,32,12,20,國泰-松江,2023-12-01,8883
2382,廣達,36,16,20,國泰-松江,2023-12-01,8883
00885,富邦越南,19,0,19,國泰-松江,2023-12-01,8883
3707,漢磊,20,2,18,國泰-松江,2023-12-01,8883
6245,立端,19,1,18,國泰-松江,2023-12-01,8883
5469,瀚宇博,21,4,17,國泰-松江,2023-12-01,8883
2465,麗臺,27,11,16,國泰-松江,2023-12-01,8883
00665L,富邦�琤肭磪囓�2,1031,92,939,國泰-松江,2023-12-04,8883
4414,如興,500,0,500,國泰-松江,2023-12-04,8883
00919,群益台灣精選高息,420,15,405,國泰-松江,2023-12-04,8883
5225,東科-KY,161,1,160,國泰-松江,2023-12-04,8883
1605,華新,183,41,142,國泰-松江,2023-12-04,8883
2883,凱基金,131,6,125,國泰-松江,2023-12-04,8883
00922,國泰台灣領袖50,126,2,124,國泰-松江,2023-12-04,8883
1708,東鹼,119,0,119,國泰-松江,2023-12-04,8883
5009,榮剛,133,28,105,國泰-松江,2023-12-04,8883
1504,東元,113,14,99,國泰-松江,2023-12-04,8883
00935,野村臺灣新科技50,82,0,82,國泰-松江,2023-12-04,8883
00933B,國泰10Y+金融債,83,6,77,國泰-松江,2023-12-04,8883
4909,新復興,85,9,76,國泰-松江,2023-12-04,8883
3231,緯創,90,16,74,國泰-松江,2023-12-04,8883
2387,精元,75,5,70,國泰-松江,2023-12-04,8883
00642U,期元大S＆P石油,70,0,70,國泰-松江,2023-12-04,8883
3005,神基,72,6,66,國泰-松江,2023-12-04,8883
00720B,元大投資級公司債,77,21,56,國泰-松江,2023-12-04,8883
2630,亞航,62,6,56,國泰-松江,2023-12-04,8883
00715L,期街口布蘭特正2,51,0,51,國泰-松江,2023-12-04,8883
5439,高技,65,17,48,國泰-松江,2023-12-04,8883
2352,佳世達,58,11,47,國泰-松江,2023-12-04,8883
2601,益航,58,14,44,國泰-松江,2023-12-04,8883
6191,精成科,82,40,42,國泰-松江,2023-12-04,8883
2615,萬海,94,53,41,國泰-松江,2023-12-04,8883
2382,廣達,61,21,40,國泰-松江,2023-12-04,8883
2888,新光金,46,6,40,國泰-松江,2023-12-04,8883
2376,技嘉,72,32,40,國泰-松江,2023-12-04,8883
2421,建準,47,8,39,國泰-松江,2023-12-04,8883
3325,旭品,65,26,39,國泰-松江,2023-12-04,8883
2329,華泰,259,224,35,國泰-松江,2023-12-04,8883
4533,協易機,40,6,34,國泰-松江,2023-12-04,8883
3450,聯鈞,39,7,32,國泰-松江,2023-12-04,8883
6276,安鈦克,31,1,30,國泰-松江,2023-12-04,8883
8215,明基材,32,3,29,國泰-松江,2023-12-04,8883
4979,華星光,38,9,29,國泰-松江,2023-12-04,8883
3035,智原,50,21,29,國泰-松江,2023-12-04,8883
9919,康那香,168,139,29,國泰-松江,2023-12-04,8883
3706,神達,194,167,27,國泰-松江,2023-12-04,8883
00687B,國泰20年美債,50,24,26,國泰-松江,2023-12-04,8883
2867,三商壽,30,5,25,國泰-松江,2023-12-04,8883
3163,波若威,28,3,25,國泰-松江,2023-12-04,8883
6122,擎邦,34,12,22,國泰-松江,2023-12-04,8883
3704,合勤控,24,3,21,國泰-松江,2023-12-04,8883
8033,雷虎,23,2,21,國泰-松江,2023-12-04,8883
00936,台新永續高息中小,20,0,20,國泰-松江,2023-12-04,8883
2891,中信金,22,3,19,國泰-松江,2023-12-04,8883
1701,中化,37,18,19,國泰-松江,2023-12-04,8883
2313,華通,124,105,19,國泰-松江,2023-12-04,8883
6485,點序,25,7,18,國泰-松江,2023-12-04,8883
00937B,群益ESG投等債20,1634,45,1589,國泰-松江,2023-12-05,8883
00632R,元大台灣50反1,1484,25,1459,國泰-松江,2023-12-05,8883
00919,群益台灣精選高息,549,2,547,國泰-松江,2023-12-05,8883
4414,如興,314,0,314,國泰-松江,2023-12-05,8883
00934,中信成長高股息,282,2,280,國泰-松江,2023-12-05,8883
00929,復華台灣科技優息,406,174,232,國泰-松江,2023-12-05,8883
2371,大同,163,17,146,國泰-松江,2023-12-05,8883
00680L,元大美債20正2,237,100,137,國泰-松江,2023-12-05,8883
4919,新唐,149,14,135,國泰-松江,2023-12-05,8883
00687B,國泰20年美債,128,15,113,國泰-松江,2023-12-05,8883
5009,榮剛,98,18,80,國泰-松江,2023-12-05,8883
1616,億泰,76,0,76,國泰-松江,2023-12-05,8883
00922,國泰台灣領袖50,76,1,75,國泰-松江,2023-12-05,8883
2606,裕民,285,214,71,國泰-松江,2023-12-05,8883
2882,國泰金,81,11,70,國泰-松江,2023-12-05,8883
00882,中信中國高股息,122,57,65,國泰-松江,2023-12-05,8883
2630,亞航,62,3,59,國泰-松江,2023-12-05,8883
1609,大亞,54,0,54,國泰-松江,2023-12-05,8883
5347,世界,49,1,48,國泰-松江,2023-12-05,8883
00753L,中信中國50正2,46,0,46,國泰-松江,2023-12-05,8883
1513,中興電,107,64,43,國泰-松江,2023-12-05,8883
00918,大華優利高填息30,42,0,42,國泰-松江,2023-12-05,8883
5225,東科-KY,42,2,40,國泰-松江,2023-12-05,8883
00720B,元大投資級公司債,73,34,39,國泰-松江,2023-12-05,8883
6245,立端,37,5,32,國泰-松江,2023-12-05,8883
8011,台通,32,0,32,國泰-松江,2023-12-05,8883
2883,凱基金,41,10,31,國泰-松江,2023-12-05,8883
2641,正德,129,98,31,國泰-松江,2023-12-05,8883
2520,冠德,32,1,31,國泰-松江,2023-12-05,8883
1605,華新,146,115,31,國泰-松江,2023-12-05,8883
3231,緯創,123,93,30,國泰-松江,2023-12-05,8883
0050,元大台灣50,32,3,29,國泰-松江,2023-12-05,8883
00665L,富邦�琤肭磪囓�2,30,1,29,國泰-松江,2023-12-05,8883
00679B,元大美債20年,45,17,28,國泰-松江,2023-12-05,8883
2888,新光金,58,30,28,國泰-松江,2023-12-05,8883
00713,元大台灣高息低波,28,0,28,國泰-松江,2023-12-05,8883
1815,富喬,28,1,27,國泰-松江,2023-12-05,8883
8040,九暘,27,0,27,國泰-松江,2023-12-05,8883
2027,大成鋼,27,0,27,國泰-松江,2023-12-05,8883
8358,金居,27,1,26,國泰-松江,2023-12-05,8883
00642U,期元大S＆P石油,26,0,26,國泰-松江,2023-12-05,8883
00933B,國泰10Y+金融債,41,15,26,國泰-松江,2023-12-05,8883
00935,野村臺灣新科技50,28,3,25,國泰-松江,2023-12-05,8883
0056,元大高股息,44,19,25,國泰-松江,2023-12-05,8883
3322,建舜電,25,0,25,國泰-松江,2023-12-05,8883
2637,慧洋-KY,93,68,25,國泰-松江,2023-12-05,8883
9938,百和,24,1,23,國泰-松江,2023-12-05,8883
2891,中信金,27,4,23,國泰-松江,2023-12-05,8883
4933,友輝,21,0,21,國泰-松江,2023-12-05,8883
1504,東元,38,17,21,國泰-松江,2023-12-05,8883
00919,群益台灣精選高息,300,60,240,國泰-松江,2023-12-06,8883
3481,群創,125,2,123,國泰-松江,2023-12-06,8883
2888,新光金,121,9,112,國泰-松江,2023-12-06,8883
2371,大同,116,8,108,國泰-松江,2023-12-06,8883
2606,裕民,151,65,86,國泰-松江,2023-12-06,8883
00687B,國泰20年美債,203,127,76,國泰-松江,2023-12-06,8883
00929,復華台灣科技優息,146,74,72,國泰-松江,2023-12-06,8883
4915,致伸,72,2,70,國泰-松江,2023-12-06,8883
00674R,期元大S＆P黃金反1,59,0,59,國泰-松江,2023-12-06,8883
1455,集盛,60,1,59,國泰-松江,2023-12-06,8883
2883,凱基金,65,7,58,國泰-松江,2023-12-06,8883
00937B,群益ESG投等債20,306,249,57,國泰-松江,2023-12-06,8883
00637L,元大滬深300正2,98,52,46,國泰-松江,2023-12-06,8883
00933B,國泰10Y+金融債,51,5,46,國泰-松江,2023-12-06,8883
5347,世界,45,4,41,國泰-松江,2023-12-06,8883
2313,華通,105,67,38,國泰-松江,2023-12-06,8883
5009,榮剛,78,40,38,國泰-松江,2023-12-06,8883
1513,中興電,73,42,31,國泰-松江,2023-12-06,8883
2605,新興,224,193,31,國泰-松江,2023-12-06,8883
00680L,元大美債20正2,64,36,28,國泰-松江,2023-12-06,8883
3563,牧德,29,1,28,國泰-松江,2023-12-06,8883
2882,國泰金,27,0,27,國泰-松江,2023-12-06,8883
00931B,統一美債20年,29,3,26,國泰-松江,2023-12-06,8883
1529,樂事綠能,43,17,26,國泰-松江,2023-12-06,8883
6148,驊宏資,53,29,24,國泰-松江,2023-12-06,8883
5607,遠雄港,26,2,24,國泰-松江,2023-12-06,8883
1460,宏遠,24,0,24,國泰-松江,2023-12-06,8883
00722B,群益投資級電信債,24,1,23,國泰-松江,2023-12-06,8883
2368,金像電,25,2,23,國泰-松江,2023-12-06,8883
2637,慧洋-KY,178,155,23,國泰-松江,2023-12-06,8883
2367,燿華,32,10,22,國泰-松江,2023-12-06,8883
00712,復華富時不動產,24,3,21,國泰-松江,2023-12-06,8883
2498,宏達電,21,0,21,國泰-松江,2023-12-06,8883
6101,寬魚國際,21,0,21,國泰-松江,2023-12-06,8883
9103,美德醫療-DR,21,0,21,國泰-松江,2023-12-06,8883
2421,建準,32,12,20,國泰-松江,2023-12-06,8883
6213,聯茂,21,1,20,國泰-松江,2023-12-06,8883
00903,富邦元宇宙,20,0,20,國泰-松江,2023-12-06,8883
4961,天鈺,22,3,19,國泰-松江,2023-12-06,8883
00936,台新永續高息中小,26,7,19,國泰-松江,2023-12-06,8883
8215,明基材,19,0,19,國泰-松江,2023-12-06,8883
6116,彩晶,20,2,18,國泰-松江,2023-12-06,8883
00934,中信成長高股息,19,3,16,國泰-松江,2023-12-06,8883
2520,冠德,17,1,16,國泰-松江,2023-12-06,8883
2401,凌陽,26,10,16,國泰-松江,2023-12-06,8883
00632R,元大台灣50反1,37,23,14,國泰-松江,2023-12-06,8883
2419,仲琦,64,50,14,國泰-松江,2023-12-06,8883
00650L,復華香港正2,14,0,14,國泰-松江,2023-12-06,8883
1514,亞力,160,146,14,國泰-松江,2023-12-06,8883
3588,通嘉,21,8,13,國泰-松江,2023-12-06,8883
00937B,群益ESG投等債20,566,99,467,國泰-松江,2023-12-07,8883
00687B,國泰20年美債,488,29,459,國泰-松江,2023-12-07,8883
00919,群益台灣精選高息,427,85,342,國泰-松江,2023-12-07,8883
00680L,元大美債20正2,289,45,244,國泰-松江,2023-12-07,8883
00933B,國泰10Y+金融債,232,23,209,國泰-松江,2023-12-07,8883
00720B,元大投資級公司債,234,26,208,國泰-松江,2023-12-07,8883
00679B,元大美債20年,272,92,180,國泰-松江,2023-12-07,8883
00665L,富邦�琤肭磪囓�2,152,0,152,國泰-松江,2023-12-07,8883
5009,榮剛,215,92,123,國泰-松江,2023-12-07,8883
00751B,元大AAA至A公司債,148,27,121,國泰-松江,2023-12-07,8883
00715L,期街口布蘭特正2,116,0,116,國泰-松江,2023-12-07,8883
3711,日月光投控,123,12,111,國泰-松江,2023-12-07,8883
00712,復華富時不動產,155,50,105,國泰-松江,2023-12-07,8883
2812,台中銀,103,0,103,國泰-松江,2023-12-07,8883
8011,台通,97,3,94,國泰-松江,2023-12-07,8883
2634,漢翔,82,2,80,國泰-松江,2023-12-07,8883
00918,大華優利高填息30,77,0,77,國泰-松江,2023-12-07,8883
2382,廣達,96,22,74,國泰-松江,2023-12-07,8883
6531,愛普*,107,37,70,國泰-松江,2023-12-07,8883
2882,國泰金,82,12,70,國泰-松江,2023-12-07,8883
2313,華通,129,62,67,國泰-松江,2023-12-07,8883
3715,定穎投控,136,74,62,國泰-松江,2023-12-07,8883
3481,群創,63,1,62,國泰-松江,2023-12-07,8883
3576,聯合再生,61,0,61,國泰-松江,2023-12-07,8883
6667,信紘科,60,0,60,國泰-松江,2023-12-07,8883
5225,東科-KY,61,1,60,國泰-松江,2023-12-07,8883
2317,鴻海,55,5,50,國泰-松江,2023-12-07,8883
00642U,期元大S＆P石油,45,0,45,國泰-松江,2023-12-07,8883
00753L,中信中國50正2,43,0,43,國泰-松江,2023-12-07,8883
1522,堤維西,72,32,40,國泰-松江,2023-12-07,8883
2881,富邦金,50,10,40,國泰-松江,2023-12-07,8883
3260,威剛,55,16,39,國泰-松江,2023-12-07,8883
2419,仲琦,76,37,39,國泰-松江,2023-12-07,8883
6233,旺玖,85,48,37,國泰-松江,2023-12-07,8883
6684,安格,42,6,36,國泰-松江,2023-12-07,8883
3390,旭軟,51,18,33,國泰-松江,2023-12-07,8883
8996,高力,76,44,32,國泰-松江,2023-12-07,8883
4720,德淵,29,0,29,國泰-松江,2023-12-07,8883
00706L,期元大S＆P日圓正2,27,0,27,國泰-松江,2023-12-07,8883
2605,新興,81,56,25,國泰-松江,2023-12-07,8883
2515,中工,24,0,24,國泰-松江,2023-12-07,8883
00713,元大台灣高息低波,30,6,24,國泰-松江,2023-12-07,8883
2612,中航,26,3,23,國泰-松江,2023-12-07,8883
3141,晶宏,23,0,23,國泰-松江,2023-12-07,8883
2891,中信金,22,0,22,國泰-松江,2023-12-07,8883
4961,天鈺,42,20,22,國泰-松江,2023-12-07,8883
00936,台新永續高息中小,21,0,21,國泰-松江,2023-12-07,8883
1616,億泰,35,15,20,國泰-松江,2023-12-07,8883
6285,啟��,23,3,20,國泰-松江,2023-12-07,8883
1528,恩德,20,0,20,國泰-松江,2023-12-07,8883
00680L,元大美債20正2,1393,7,1386,國泰-松江,2023-12-08,8883
00687B,國泰20年美債,437,18,419,國泰-松江,2023-12-08,8883
00936,台新永續高息中小,218,12,206,國泰-松江,2023-12-08,8883
00937B,群益ESG投等債20,252,52,200,國泰-松江,2023-12-08,8883
00751B,元大AAA至A公司債,160,2,158,國泰-松江,2023-12-08,8883
00720B,元大投資級公司債,121,8,113,國泰-松江,2023-12-08,8883
8054,安國,125,30,95,國泰-松江,2023-12-08,8883
00918,大華優利高填息30,85,3,82,國泰-松江,2023-12-08,8883
2371,大同,106,42,64,國泰-松江,2023-12-08,8883
00641R,富邦日本反1,60,0,60,國泰-松江,2023-12-08,8883
1463,強盛新,58,0,58,國泰-松江,2023-12-08,8883
2313,華通,102,47,55,國泰-松江,2023-12-08,8883
5009,榮剛,79,28,51,國泰-松江,2023-12-08,8883
4532,瑞智,50,1,49,國泰-松江,2023-12-08,8883
00919,群益台灣精選高息,202,154,48,國泰-松江,2023-12-08,8883
2419,仲琦,48,6,42,國泰-松江,2023-12-08,8883
3576,聯合再生,40,0,40,國泰-松江,2023-12-08,8883
1609,大亞,45,8,37,國泰-松江,2023-12-08,8883
00933B,國泰10Y+金融債,38,1,37,國泰-松江,2023-12-08,8883
2314,台揚,40,6,34,國泰-松江,2023-12-08,8883
00903,富邦元宇宙,40,7,33,國泰-松江,2023-12-08,8883
00715L,期街口布蘭特正2,44,11,33,國泰-松江,2023-12-08,8883
2329,華泰,79,49,30,國泰-松江,2023-12-08,8883
00679B,元大美債20年,47,19,28,國泰-松江,2023-12-08,8883
1608,華榮,34,6,28,國泰-松江,2023-12-08,8883
00670L,富邦NASDAQ正2,30,2,28,國泰-松江,2023-12-08,8883
6191,精成科,34,8,26,國泰-松江,2023-12-08,8883
4961,天鈺,77,53,24,國泰-松江,2023-12-08,8883
6005,群益證,25,2,23,國泰-松江,2023-12-08,8883
2882,國泰金,23,0,23,國泰-松江,2023-12-08,8883
5608,四維航,68,46,22,國泰-松江,2023-12-08,8883
2641,正德,41,19,22,國泰-松江,2023-12-08,8883
2358,廷鑫,38,17,21,國泰-松江,2023-12-08,8883
2609,陽明,29,8,21,國泰-松江,2023-12-08,8883
2637,慧洋-KY,41,21,20,國泰-松江,2023-12-08,8883
3178,公準,20,0,20,國泰-松江,2023-12-08,8883
2302,麗正,20,0,20,國泰-松江,2023-12-08,8883
2515,中工,20,0,20,國泰-松江,2023-12-08,8883
00931B,統一美債20年,29,10,19,國泰-松江,2023-12-08,8883
5607,遠雄港,20,1,19,國泰-松江,2023-12-08,8883
6282,康舒,18,0,18,國泰-松江,2023-12-08,8883
00662,富邦NASDAQ,18,0,18,國泰-松江,2023-12-08,8883
2888,新光金,23,5,18,國泰-松江,2023-12-08,8883
6111,大宇資,18,1,17,國泰-松江,2023-12-08,8883
6150,撼訊,19,3,16,國泰-松江,2023-12-08,8883
2236,百達-KY,15,0,15,國泰-松江,2023-12-08,8883
6187,萬潤,15,1,14,國泰-松江,2023-12-08,8883
3290,東浦,16,2,14,國泰-松江,2023-12-08,8883
6116,彩晶,14,0,14,國泰-松江,2023-12-08,8883
4533,協易機,17,3,14,國泰-松江,2023-12-08,8883
00687B,國泰20年美債,977,42,935,國泰-松江,2023-12-11,8883
00919,群益台灣精選高息,503,31,472,國泰-松江,2023-12-11,8883
00688L,國泰20年美債正2,333,0,333,國泰-松江,2023-12-11,8883
00929,復華台灣科技優息,435,135,300,國泰-松江,2023-12-11,8883
2317,鴻海,163,6,157,國泰-松江,2023-12-11,8883
2888,新光金,167,20,147,國泰-松江,2023-12-11,8883
00882,中信中國高股息,147,45,102,國泰-松江,2023-12-11,8883
3264,欣銓,103,2,101,國泰-松江,2023-12-11,8883
1440,南紡,81,0,81,國泰-松江,2023-12-11,8883
00680L,元大美債20正2,127,64,63,國泰-松江,2023-12-11,8883
5009,榮剛,145,84,61,國泰-松江,2023-12-11,8883
3576,聯合再生,60,0,60,國泰-松江,2023-12-11,8883
1605,華新,60,1,59,國泰-松江,2023-12-11,8883
2605,新興,291,237,54,國泰-松江,2023-12-11,8883
2618,長榮航,55,5,50,國泰-松江,2023-12-11,8883
00937B,群益ESG投等債20,98,48,50,國泰-松江,2023-12-11,8883
2369,菱生,52,4,48,國泰-松江,2023-12-11,8883
6418,詠昇,41,0,41,國泰-松江,2023-12-11,8883
00885,富邦越南,40,0,40,國泰-松江,2023-12-11,8883
2388,威盛,78,40,38,國泰-松江,2023-12-11,8883
6550,北極星藥業-KY,39,1,38,國泰-松江,2023-12-11,8883
6531,愛普*,39,2,37,國泰-松江,2023-12-11,8883
1584,精剛,36,8,28,國泰-松江,2023-12-11,8883
3035,智原,68,40,28,國泰-松江,2023-12-11,8883
2313,華通,50,24,26,國泰-松江,2023-12-11,8883
3013,晟銘電,64,39,25,國泰-松江,2023-12-11,8883
2889,國票金,24,0,24,國泰-松江,2023-12-11,8883
3231,緯創,59,35,24,國泰-松江,2023-12-11,8883
4720,德淵,23,0,23,國泰-松江,2023-12-11,8883
2368,金像電,38,15,23,國泰-松江,2023-12-11,8883
9105,泰金寶-DR,22,0,22,國泰-松江,2023-12-11,8883
00931B,統一美債20年,29,7,22,國泰-松江,2023-12-11,8883
5347,世界,35,13,22,國泰-松江,2023-12-11,8883
4906,正文,24,3,21,國泰-松江,2023-12-11,8883
2002,中鋼,23,2,21,國泰-松江,2023-12-11,8883
00896,中信綠能及電動車,21,0,21,國泰-松江,2023-12-11,8883
00722B,群益投資級電信債,20,0,20,國泰-松江,2023-12-11,8883
00670L,富邦NASDAQ正2,23,3,20,國泰-松江,2023-12-11,8883
5225,東科-KY,22,2,20,國泰-松江,2023-12-11,8883
1609,大亞,42,22,20,國泰-松江,2023-12-11,8883
5426,振發,42,22,20,國泰-松江,2023-12-11,8883
00772B,中信高評級公司債,19,0,19,國泰-松江,2023-12-11,8883
00712,復華富時不動產,19,1,18,國泰-松江,2023-12-11,8883
00852L,國泰美國道瓊正2,20,2,18,國泰-松江,2023-12-11,8883
6191,精成科,31,15,16,國泰-松江,2023-12-11,8883
00753L,中信中國50正2,90,74,16,國泰-松江,2023-12-11,8883
1519,華城,52,36,16,國泰-松江,2023-12-11,8883
2409,友達,15,0,15,國泰-松江,2023-12-11,8883
2201,裕隆,39,24,15,國泰-松江,2023-12-11,8883
3234,光環,15,0,15,國泰-松江,2023-12-11,8883
00919,群益台灣精選高息,681,123,558,國泰-松江,2023-12-12,8883
00687B,國泰20年美債,328,15,313,國泰-松江,2023-12-12,8883
6531,愛普*,144,26,118,國泰-松江,2023-12-12,8883
3231,緯創,118,41,77,國泰-松江,2023-12-12,8883
3711,日月光投控,88,20,68,國泰-松江,2023-12-12,8883
2883B,凱基金乙特,66,0,66,國泰-松江,2023-12-12,8883
2317,鴻海,71,7,64,國泰-松江,2023-12-12,8883
00680L,元大美債20正2,113,54,59,國泰-松江,2023-12-12,8883
6257,矽格,59,5,54,國泰-松江,2023-12-12,8883
00934,中信成長高股息,59,6,53,國泰-松江,2023-12-12,8883
3380,明泰,68,19,49,國泰-松江,2023-12-12,8883
00688L,國泰20年美債正2,48,0,48,國泰-松江,2023-12-12,8883
00665L,富邦�琤肭磪囓�2,140,95,45,國泰-松江,2023-12-12,8883
00933B,國泰10Y+金融債,60,19,41,國泰-松江,2023-12-12,8883
6245,立端,43,2,41,國泰-松江,2023-12-12,8883
2344,華邦電,43,7,36,國泰-松江,2023-12-12,8883
00757,統一FANG+,35,0,35,國泰-松江,2023-12-12,8883
8112,至上,139,104,35,國泰-松江,2023-12-12,8883
00679B,元大美債20年,39,6,33,國泰-松江,2023-12-12,8883
1514,亞力,182,149,33,國泰-松江,2023-12-12,8883
8096,擎亞,38,6,32,國泰-松江,2023-12-12,8883
2883,凱基金,36,4,32,國泰-松江,2023-12-12,8883
5608,四維航,31,0,31,國泰-松江,2023-12-12,8883
3013,晟銘電,35,6,29,國泰-松江,2023-12-12,8883
3576,聯合再生,28,0,28,國泰-松江,2023-12-12,8883
5225,東科-KY,35,8,27,國泰-松江,2023-12-12,8883
6122,擎邦,28,2,26,國泰-松江,2023-12-12,8883
2352,佳世達,35,9,26,國泰-松江,2023-12-12,8883
1608,華榮,36,10,26,國泰-松江,2023-12-12,8883
6265,方土昶,26,0,26,國泰-松江,2023-12-12,8883
3437,榮創,26,0,26,國泰-松江,2023-12-12,8883
00637L,元大滬深300正2,40,15,25,國泰-松江,2023-12-12,8883
1603,華電,26,2,24,國泰-松江,2023-12-12,8883
2368,金像電,29,6,23,國泰-松江,2023-12-12,8883
2882,國泰金,24,1,23,國泰-松江,2023-12-12,8883
1463,強盛新,22,0,22,國泰-松江,2023-12-12,8883
2636,台驊控股,23,2,21,國泰-松江,2023-12-12,8883
00918,大華優利高填息30,31,11,20,國泰-松江,2023-12-12,8883
2704,國賓,20,0,20,國泰-松江,2023-12-12,8883
3202,樺晟,20,0,20,國泰-松江,2023-12-12,8883
2443,昶虹,20,0,20,國泰-松江,2023-12-12,8883
2889,國票金,20,0,20,國泰-松江,2023-12-12,8883
2308,台達電,20,1,19,國泰-松江,2023-12-12,8883
00915,凱基優選高股息30,19,0,19,國泰-松江,2023-12-12,8883
2002,中鋼,20,1,19,國泰-松江,2023-12-12,8883
3025,星通,24,7,17,國泰-松江,2023-12-12,8883
4720,德淵,17,0,17,國泰-松江,2023-12-12,8883
3122,笙泉,22,5,17,國泰-松江,2023-12-12,8883
3260,威剛,28,12,16,國泰-松江,2023-12-12,8883
8936,國統,44,27,17,國泰-松江,2023-12-12,8883
00919,群益台灣精選高息,1122,30,1092,國泰-松江,2023-12-13,8883
2002,中鋼,310,2,308,國泰-松江,2023-12-13,8883
00929,復華台灣科技優息,254,50,204,國泰-松江,2023-12-13,8883
5009,榮剛,232,29,203,國泰-松江,2023-12-13,8883
00933B,國泰10Y+金融債,174,4,170,國泰-松江,2023-12-13,8883
00918,大華優利高填息30,149,3,146,國泰-松江,2023-12-13,8883
00715L,期街口布蘭特正2,105,0,105,國泰-松江,2023-12-13,8883
00687B,國泰20年美債,124,27,97,國泰-松江,2023-12-13,8883
9105,泰金寶-DR,92,7,85,國泰-松江,2023-12-13,8883
2371,大同,87,13,74,國泰-松江,2023-12-13,8883
2888,新光金,73,0,73,國泰-松江,2023-12-13,8883
00712,復華富時不動產,72,4,68,國泰-松江,2023-12-13,8883
00934,中信成長高股息,69,4,65,國泰-松江,2023-12-13,8883
2355,敬鵬,73,9,64,國泰-松江,2023-12-13,8883
2809,京城銀,57,0,57,國泰-松江,2023-12-13,8883
4707,磐亞,55,0,55,國泰-松江,2023-12-13,8883
1440,南紡,50,0,50,國泰-松江,2023-12-13,8883
3207,耀勝,50,0,50,國泰-松江,2023-12-13,8883
4737,華廣,50,0,50,國泰-松江,2023-12-13,8883
6282,康舒,53,8,45,國泰-松江,2023-12-13,8883
2630,亞航,44,3,41,國泰-松江,2023-12-13,8883
00751B,元大AAA至A公司債,42,1,41,國泰-松江,2023-12-13,8883
00882,中信中國高股息,54,13,41,國泰-松江,2023-12-13,8883
3260,威剛,47,8,39,國泰-松江,2023-12-13,8883
3576,聯合再生,40,1,39,國泰-松江,2023-12-13,8883
4167,松瑞藥,44,7,37,國泰-松江,2023-12-13,8883
2882,國泰金,37,2,35,國泰-松江,2023-12-13,8883
00642U,期元大S＆P石油,37,2,35,國泰-松江,2023-12-13,8883
3437,榮創,50,16,34,國泰-松江,2023-12-13,8883
5426,振發,45,12,33,國泰-松江,2023-12-13,8883
1303,南亞,31,0,31,國泰-松江,2023-12-13,8883
3715,定穎投控,98,69,29,國泰-松江,2023-12-13,8883
2201,裕隆,30,2,28,國泰-松江,2023-12-13,8883
2609,陽明,43,15,28,國泰-松江,2023-12-13,8883
2465,麗臺,42,15,27,國泰-松江,2023-12-13,8883
3035,智原,92,67,25,國泰-松江,2023-12-13,8883
00896,中信綠能及電動車,24,0,24,國泰-松江,2023-12-13,8883
00688L,國泰20年美債正2,137,113,24,國泰-松江,2023-12-13,8883
2883,凱基金,30,6,24,國泰-松江,2023-12-13,8883
3380,明泰,38,15,23,國泰-松江,2023-12-13,8883
5225,東科-KY,22,0,22,國泰-松江,2023-12-13,8883
6531,愛普*,45,25,20,國泰-松江,2023-12-13,8883
4933,友輝,22,2,20,國泰-松江,2023-12-13,8883
2204,中華,22,3,19,國泰-松江,2023-12-13,8883
2881,富邦金,19,0,19,國泰-松江,2023-12-13,8883
3694,海華,91,72,19,國泰-松江,2023-12-13,8883
9945,潤泰新,21,2,19,國泰-松江,2023-12-13,8883
00720B,元大投資級公司債,22,3,19,國泰-松江,2023-12-13,8883
2392,正崴,35,17,18,國泰-松江,2023-12-13,8883
3346,麗清,21,4,17,國泰-松江,2023-12-13,8883
00919,群益台灣精選高息,607,178,429,國泰-松江,2023-12-14,8883
00688L,國泰20年美債正2,396,7,389,國泰-松江,2023-12-14,8883
00934,中信成長高股息,319,2,317,國泰-松江,2023-12-14,8883
2368,金像電,299,6,293,國泰-松江,2023-12-14,8883
4919,新唐,228,20,208,國泰-松江,2023-12-14,8883
00891,中信關鍵半導體,201,11,190,國泰-松江,2023-12-14,8883
5426,振發,206,57,149,國泰-松江,2023-12-14,8883
00720B,元大投資級公司債,152,13,139,國泰-松江,2023-12-14,8883
5009,榮剛,131,7,124,國泰-松江,2023-12-14,8883
00933B,國泰10Y+金融債,192,73,119,國泰-松江,2023-12-14,8883
00680L,元大美債20正2,285,166,119,國泰-松江,2023-12-14,8883
00665L,富邦�琤肭磪囓�2,138,40,98,國泰-松江,2023-12-14,8883
5521,工信,174,78,96,國泰-松江,2023-12-14,8883
00918,大華優利高填息30,163,76,87,國泰-松江,2023-12-14,8883
6435,大中,80,1,79,國泰-松江,2023-12-14,8883
2867,三商壽,101,30,71,國泰-松江,2023-12-14,8883
00751B,元大AAA至A公司債,62,10,52,國泰-松江,2023-12-14,8883
5465,富驊,52,0,52,國泰-松江,2023-12-14,8883
3231,緯創,193,142,51,國泰-松江,2023-12-14,8883
2809,京城銀,52,2,50,國泰-松江,2023-12-14,8883
3374,精材,50,0,50,國泰-松江,2023-12-14,8883
6275,元山,51,4,47,國泰-松江,2023-12-14,8883
2419,仲琦,53,6,47,國泰-松江,2023-12-14,8883
00772B,中信高評級公司債,82,36,46,國泰-松江,2023-12-14,8883
2211,長榮鋼,44,0,44,國泰-松江,2023-12-14,8883
5324,士開,41,1,40,國泰-松江,2023-12-14,8883
2486,一詮,37,3,34,國泰-松江,2023-12-14,8883
1605,華新,32,0,32,國泰-松江,2023-12-14,8883
2377,微星,31,1,30,國泰-松江,2023-12-14,8883
00662,富邦NASDAQ,29,0,29,國泰-松江,2023-12-14,8883
1591,駿吉-KY,29,1,28,國泰-松江,2023-12-14,8883
3380,明泰,48,21,27,國泰-松江,2023-12-14,8883
2317,鴻海,50,24,26,國泰-松江,2023-12-14,8883
3706,神達,29,3,26,國泰-松江,2023-12-14,8883
3390,旭軟,32,7,25,國泰-松江,2023-12-14,8883
3481,群創,25,1,24,國泰-松江,2023-12-14,8883
00915,凱基優選高股息30,25,2,23,國泰-松江,2023-12-14,8883
00936,台新永續高息中小,27,5,22,國泰-松江,2023-12-14,8883
2369,菱生,35,14,21,國泰-松江,2023-12-14,8883
8068,全達,28,7,21,國泰-松江,2023-12-14,8883
8011,台通,30,10,20,國泰-松江,2023-12-14,8883
00637L,元大滬深300正2,32,12,20,國泰-松江,2023-12-14,8883
2002,中鋼,21,1,20,國泰-松江,2023-12-14,8883
2610,華航,22,2,20,國泰-松江,2023-12-14,8883
00687B,國泰20年美債,359,340,19,國泰-松江,2023-12-14,8883
3715,定穎投控,60,41,19,國泰-松江,2023-12-14,8883
5515,建國,22,3,19,國泰-松江,2023-12-14,8883
020038,元大ESG配息N,19,0,19,國泰-松江,2023-12-14,8883
1618,合機,23,4,19,國泰-松江,2023-12-14,8883
00795B,中信美國公債20年,21,2,19,國泰-松江,2023-12-14,8883
00919,群益台灣精選高息,818,234,584,國泰-松江,2023-12-15,8883
00929,復華台灣科技優息,739,217,522,國泰-松江,2023-12-15,8883
00931B,統一美債20年,440,73,367,國泰-松江,2023-12-15,8883
00918,大華優利高填息30,367,54,313,國泰-松江,2023-12-15,8883
00687B,國泰20年美債,351,76,275,國泰-松江,2023-12-15,8883
2354,鴻準,260,0,260,國泰-松江,2023-12-15,8883
00679B,元大美債20年,254,64,190,國泰-松江,2023-12-15,8883
2356,英業達,558,377,181,國泰-松江,2023-12-15,8883
5009,榮剛,184,18,166,國泰-松江,2023-12-15,8883
00688L,國泰20年美債正2,145,8,137,國泰-松江,2023-12-15,8883
00720B,元大投資級公司債,183,56,127,國泰-松江,2023-12-15,8883
2363,矽統,337,221,116,國泰-松江,2023-12-15,8883
00915,凱基優選高股息30,70,0,70,國泰-松江,2023-12-15,8883
00751B,元大AAA至A公司債,92,23,69,國泰-松江,2023-12-15,8883
00632R,元大台灣50反1,265,200,65,國泰-松江,2023-12-15,8883
00753L,中信中國50正2,65,1,64,國泰-松江,2023-12-15,8883
2888,新光金,85,29,56,國泰-松江,2023-12-15,8883
5324,士開,56,2,54,國泰-松江,2023-12-15,8883
6435,大中,50,0,50,國泰-松江,2023-12-15,8883
1304,台聚,50,0,50,國泰-松江,2023-12-15,8883
3711,日月光投控,151,101,50,國泰-松江,2023-12-15,8883
00645,富邦日本,50,0,50,國泰-松江,2023-12-15,8883
2211,長榮鋼,58,9,49,國泰-松江,2023-12-15,8883
3231,緯創,81,34,47,國泰-松江,2023-12-15,8883
3481,群創,51,5,46,國泰-松江,2023-12-15,8883
00670L,富邦NASDAQ正2,51,5,46,國泰-松江,2023-12-15,8883
2388,威盛,110,74,36,國泰-松江,2023-12-15,8883
00665L,富邦�琤肭磪囓�2,128,93,35,國泰-松江,2023-12-15,8883
2419,仲琦,32,2,30,國泰-松江,2023-12-15,8883
1529,樂事綠能,32,2,30,國泰-松江,2023-12-15,8883
00934,中信成長高股息,26,1,25,國泰-松江,2023-12-15,8883
2443,昶虹,25,0,25,國泰-松江,2023-12-15,8883
4967,十銓,35,10,25,國泰-松江,2023-12-15,8883
3372,典範,25,1,24,國泰-松江,2023-12-15,8883
2201,裕隆,23,2,21,國泰-松江,2023-12-15,8883
4979,華星光,73,52,21,國泰-松江,2023-12-15,8883
3576,聯合再生,30,10,20,國泰-松江,2023-12-15,8883
00706L,期元大S＆P日圓正2,20,0,20,國泰-松江,2023-12-15,8883
2505,國揚,20,0,20,國泰-松江,2023-12-15,8883
3663,鑫科,20,0,20,國泰-松江,2023-12-15,8883
00933B,國泰10Y+金融債,116,96,20,國泰-松江,2023-12-15,8883
00935,野村臺灣新科技50,21,1,20,國泰-松江,2023-12-15,8883
00936,台新永續高息中小,27,8,19,國泰-松江,2023-12-15,8883
2887,台新金,21,2,19,國泰-松江,2023-12-15,8883
00792B,群益A級公司債,18,0,18,國泰-松江,2023-12-15,8883
3062,建漢,18,0,18,國泰-松江,2023-12-15,8883
4915,致伸,22,4,18,國泰-松江,2023-12-15,8883
9105,泰金寶-DR,17,0,17,國泰-松江,2023-12-15,8883
1560,中砂,19,2,17,國泰-松江,2023-12-15,8883
3325,旭品,18,1,17,國泰-松江,2023-12-15,8883
00687B,國泰20年美債,560,25,535,國泰-松江,2023-12-18,8883
00929,復華台灣科技優息,520,184,336,國泰-松江,2023-12-18,8883
00688L,國泰20年美債正2,316,26,290,國泰-松江,2023-12-18,8883
00919,群益台灣精選高息,468,218,250,國泰-松江,2023-12-18,8883
00937B,群益ESG投等債20,342,139,203,國泰-松江,2023-12-18,8883
2609,陽明,434,266,168,國泰-松江,2023-12-18,8883
00680L,元大美債20正2,276,139,137,國泰-松江,2023-12-18,8883
2610,華航,135,7,128,國泰-松江,2023-12-18,8883
8054,安國,139,20,119,國泰-松江,2023-12-18,8883
2354,鴻準,100,0,100,國泰-松江,2023-12-18,8883
5608,四維航,95,7,88,國泰-松江,2023-12-18,8883
00918,大華優利高填息30,86,6,80,國泰-松江,2023-12-18,8883
4414,如興,75,0,75,國泰-松江,2023-12-18,8883
2356,英業達,295,225,70,國泰-松江,2023-12-18,8883
00720B,元大投資級公司債,72,9,63,國泰-松江,2023-12-18,8883
4167,松瑞藥,77,16,61,國泰-松江,2023-12-18,8883
1314,中石化,60,0,60,國泰-松江,2023-12-18,8883
00751B,元大AAA至A公司債,68,9,59,國泰-松江,2023-12-18,8883
00936,台新永續高息中小,58,3,55,國泰-松江,2023-12-18,8883
00933B,國泰10Y+金融債,102,51,51,國泰-松江,2023-12-18,8883
2637,慧洋-KY,51,9,42,國泰-松江,2023-12-18,8883
1514,亞力,52,11,41,國泰-松江,2023-12-18,8883
2618,長榮航,84,43,41,國泰-松江,2023-12-18,8883
2027,大成鋼,49,10,39,國泰-松江,2023-12-18,8883
3576,聯合再生,37,0,37,國泰-松江,2023-12-18,8883
00638R,元大滬深300反1,35,0,35,國泰-松江,2023-12-18,8883
2002,中鋼,47,14,33,國泰-松江,2023-12-18,8883
00645,富邦日本,30,0,30,國泰-松江,2023-12-18,8883
5425,台半,44,15,29,國泰-松江,2023-12-18,8883
00764B,群益25年美債,32,5,27,國泰-松江,2023-12-18,8883
2419,仲琦,26,0,26,國泰-松江,2023-12-18,8883
00722B,群益投資級電信債,26,0,26,國泰-松江,2023-12-18,8883
5515,建國,45,20,25,國泰-松江,2023-12-18,8883
2515,中工,33,8,25,國泰-松江,2023-12-18,8883
00934,中信成長高股息,32,8,24,國泰-松江,2023-12-18,8883
2313,華通,35,13,22,國泰-松江,2023-12-18,8883
2023,燁輝,77,55,22,國泰-松江,2023-12-18,8883
6233,旺玖,25,4,21,國泰-松江,2023-12-18,8883
2505,國揚,20,0,20,國泰-松江,2023-12-18,8883
6274,台燿,20,0,20,國泰-松江,2023-12-18,8883
2022,聚亨,29,11,18,國泰-松江,2023-12-18,8883
3548,兆利,21,3,18,國泰-松江,2023-12-18,8883
5324,士開,18,0,18,國泰-松江,2023-12-18,8883
00932,兆豐永續高息等權,16,0,16,國泰-松江,2023-12-18,8883
2388,威盛,41,25,16,國泰-松江,2023-12-18,8883
2890,永豐金,15,0,15,國泰-松江,2023-12-18,8883
4162,智擎,27,12,15,國泰-松江,2023-12-18,8883
00712,復華富時不動產,34,19,15,國泰-松江,2023-12-18,8883
1905,華紙,34,19,15,國泰-松江,2023-12-18,8883
5457,宣德,20,5,15,國泰-松江,2023-12-18,8883
4414,如興,438,0,438,國泰-松江,2023-12-19,8883
00929,復華台灣科技優息,537,114,423,國泰-松江,2023-12-19,8883
00680L,元大美債20正2,540,131,409,國泰-松江,2023-12-19,8883
2610,華航,147,9,138,國泰-松江,2023-12-19,8883
2354,鴻準,110,0,110,國泰-松江,2023-12-19,8883
2887,台新金,106,1,105,國泰-松江,2023-12-19,8883
00937B,群益ESG投等債20,143,43,100,國泰-松江,2023-12-19,8883
00720B,元大投資級公司債,152,69,83,國泰-松江,2023-12-19,8883
2609,陽明,435,354,81,國泰-松江,2023-12-19,8883
3024,憶聲,76,0,76,國泰-松江,2023-12-19,8883
2211,長榮鋼,61,6,55,國泰-松江,2023-12-19,8883
00933B,國泰10Y+金融債,75,21,54,國泰-松江,2023-12-19,8883
6446,藥華藥,50,0,50,國泰-松江,2023-12-19,8883
2030,彰源,48,3,45,國泰-松江,2023-12-19,8883
2201,裕隆,42,0,42,國泰-松江,2023-12-19,8883
6435,大中,40,0,40,國泰-松江,2023-12-19,8883
2409,友達,42,5,37,國泰-松江,2023-12-19,8883
00665L,富邦�琤肭磪囓�2,35,0,35,國泰-松江,2023-12-19,8883
2353,宏��,115,80,35,國泰-松江,2023-12-19,8883
2618,長榮航,97,63,34,國泰-松江,2023-12-19,8883
2888,新光金,39,6,33,國泰-松江,2023-12-19,8883
2615,萬海,77,44,33,國泰-松江,2023-12-19,8883
2344,華邦電,40,8,32,國泰-松江,2023-12-19,8883
00713,元大台灣高息低波,33,3,30,國泰-松江,2023-12-19,8883
00882,中信中國高股息,40,11,29,國泰-松江,2023-12-19,8883
00934,中信成長高股息,30,1,29,國泰-松江,2023-12-19,8883
1504,東元,28,0,28,國泰-松江,2023-12-19,8883
0056,元大高股息,42,15,27,國泰-松江,2023-12-19,8883
3260,威剛,36,9,27,國泰-松江,2023-12-19,8883
2324,仁寶,38,12,26,國泰-松江,2023-12-19,8883
00918,大華優利高填息30,33,8,25,國泰-松江,2023-12-19,8883
2530,華建,25,0,25,國泰-松江,2023-12-19,8883
2906,高林,25,0,25,國泰-松江,2023-12-19,8883
6275,元山,28,3,25,國泰-松江,2023-12-19,8883
2356,英業達,222,197,25,國泰-松江,2023-12-19,8883
00936,台新永續高息中小,30,5,25,國泰-松江,2023-12-19,8883
00931B,統一美債20年,37,12,25,國泰-松江,2023-12-19,8883
2705,六福,24,0,24,國泰-松江,2023-12-19,8883
1513,中興電,29,8,21,國泰-松江,2023-12-19,8883
5210,寶碩,22,1,21,國泰-松江,2023-12-19,8883
2482,連宇,42,22,20,國泰-松江,2023-12-19,8883
6147,頎邦,23,3,20,國泰-松江,2023-12-19,8883
00915,凱基優選高股息30,31,11,20,國泰-松江,2023-12-19,8883
5347,世界,20,1,19,國泰-松江,2023-12-19,8883
4979,華星光,64,45,19,國泰-松江,2023-12-19,8883
00670L,富邦NASDAQ正2,20,1,19,國泰-松江,2023-12-19,8883
1815,富喬,22,3,19,國泰-松江,2023-12-19,8883
2031,新光鋼,57,38,19,國泰-松江,2023-12-19,8883
00751B,元大AAA至A公司債,30,12,18,國泰-松江,2023-12-19,8883
8092,建暐,18,0,18,國泰-松江,2023-12-19,8883
00929,復華台灣科技優息,1149,50,1099,國泰-松江,2023-12-20,8883
00632R,元大台灣50反1,425,205,220,國泰-松江,2023-12-20,8883
4414,如興,165,0,165,國泰-松江,2023-12-20,8883
6243,迅杰,136,0,136,國泰-松江,2023-12-20,8883
00720B,元大投資級公司債,172,56,116,國泰-松江,2023-12-20,8883
3078,僑威,100,0,100,國泰-松江,2023-12-20,8883
3024,憶聲,97,0,97,國泰-松江,2023-12-20,8883
00937B,群益ESG投等債20,95,9,86,國泰-松江,2023-12-20,8883
00933B,國泰10Y+金融債,70,22,48,國泰-松江,2023-12-20,8883
2891,中信金,63,23,40,國泰-松江,2023-12-20,8883
8085,福華,69,29,40,國泰-松江,2023-12-20,8883
1905,華紙,80,42,38,國泰-松江,2023-12-20,8883
1463,強盛新,37,0,37,國泰-松江,2023-12-20,8883
4532,瑞智,37,0,37,國泰-松江,2023-12-20,8883
00679B,元大美債20年,143,108,35,國泰-松江,2023-12-20,8883
6770,力積電,33,0,33,國泰-松江,2023-12-20,8883
2014,中鴻,179,146,33,國泰-松江,2023-12-20,8883
2882,國泰金,33,2,31,國泰-松江,2023-12-20,8883
6191,精成科,29,0,29,國泰-松江,2023-12-20,8883
3011,今皓,27,0,27,國泰-松江,2023-12-20,8883
00715L,期街口布蘭特正2,51,24,27,國泰-松江,2023-12-20,8883
3264,欣銓,26,0,26,國泰-松江,2023-12-20,8883
2886,兆豐金,26,1,25,國泰-松江,2023-12-20,8883
5880,合庫金,25,0,25,國泰-松江,2023-12-20,8883
2201,裕隆,28,4,24,國泰-松江,2023-12-20,8883
1514,亞力,27,3,24,國泰-松江,2023-12-20,8883
1732,毛寶,63,39,24,國泰-松江,2023-12-20,8883
1722,台肥,28,5,23,國泰-松江,2023-12-20,8883
00688L,國泰20年美債正2,44,21,23,國泰-松江,2023-12-20,8883
00923,群益台ESG低碳50,22,1,21,國泰-松江,2023-12-20,8883
2618,長榮航,59,39,20,國泰-松江,2023-12-20,8883
2890,永豐金,20,0,20,國泰-松江,2023-12-20,8883
4128,中天,20,0,20,國泰-松江,2023-12-20,8883
2540,愛山林,20,0,20,國泰-松江,2023-12-20,8883
2883B,凱基金乙特,20,0,20,國泰-松江,2023-12-20,8883
5210,寶碩,20,0,20,國泰-松江,2023-12-20,8883
2887,台新金,27,8,19,國泰-松江,2023-12-20,8883
00935,野村臺灣新科技50,18,0,18,國泰-松江,2023-12-20,8883
9942,茂順,20,2,18,國泰-松江,2023-12-20,8883
6116,彩晶,16,0,16,國泰-松江,2023-12-20,8883
2408,南亞科,16,0,16,國泰-松江,2023-12-20,8883
3711,日月光投控,81,65,16,國泰-松江,2023-12-20,8883
00934,中信成長高股息,15,0,15,國泰-松江,2023-12-20,8883
2880,華南金,15,0,15,國泰-松江,2023-12-20,8883
2363,矽統,16,1,15,國泰-松江,2023-12-20,8883
8092,建暐,15,0,15,國泰-松江,2023-12-20,8883
5515,建國,17,2,15,國泰-松江,2023-12-20,8883
3653,健策,16,2,14,國泰-松江,2023-12-20,8883
8936,國統,14,0,14,國泰-松江,2023-12-20,8883
6274,台燿,15,1,14,國泰-松江,2023-12-20,8883
00929,復華台灣科技優息,671,50,621,國泰-松江,2023-12-21,8883
00919,群益台灣精選高息,490,56,434,國泰-松江,2023-12-21,8883
00637L,元大滬深300正2,464,64,400,國泰-松江,2023-12-21,8883
4414,如興,324,0,324,國泰-松江,2023-12-21,8883
00655L,國泰中國A50正2,200,0,200,國泰-松江,2023-12-21,8883
4167,松瑞藥,169,13,156,國泰-松江,2023-12-21,8883
3706,神達,145,6,139,國泰-松江,2023-12-21,8883
00937B,群益ESG投等債20,148,12,136,國泰-松江,2023-12-21,8883
00688L,國泰20年美債正2,108,0,108,國泰-松江,2023-12-21,8883
3024,憶聲,95,0,95,國泰-松江,2023-12-21,8883
9136,巨騰-DR,80,0,80,國泰-松江,2023-12-21,8883
2331,精英,138,63,75,國泰-松江,2023-12-21,8883
1815,富喬,62,1,61,國泰-松江,2023-12-21,8883
00632R,元大台灣50反1,90,30,60,國泰-松江,2023-12-21,8883
00933B,國泰10Y+金融債,69,16,53,國泰-松江,2023-12-21,8883
00712,復華富時不動產,52,1,51,國泰-松江,2023-12-21,8883
00669R,國泰美國道瓊反1,50,0,50,國泰-松江,2023-12-21,8883
1314,中石化,54,5,49,國泰-松江,2023-12-21,8883
2606,裕民,83,37,46,國泰-松江,2023-12-21,8883
3035,智原,59,17,42,國泰-松江,2023-12-21,8883
00936,台新永續高息中小,41,0,41,國泰-松江,2023-12-21,8883
00751B,元大AAA至A公司債,41,0,41,國泰-松江,2023-12-21,8883
5607,遠雄港,40,0,40,國泰-松江,2023-12-21,8883
00651R,復華香港反1,40,0,40,國泰-松江,2023-12-21,8883
0056,元大高股息,67,27,40,國泰-松江,2023-12-21,8883
00645,富邦日本,41,2,39,國泰-松江,2023-12-21,8883
5521,工信,48,11,37,國泰-松江,2023-12-21,8883
2890,永豐金,40,3,37,國泰-松江,2023-12-21,8883
2344,華邦電,66,35,31,國泰-松江,2023-12-21,8883
6126,信音,40,10,30,國泰-松江,2023-12-21,8883
4979,華星光,91,61,30,國泰-松江,2023-12-21,8883
2443,昶虹,28,0,28,國泰-松江,2023-12-21,8883
1732,毛寶,141,113,28,國泰-松江,2023-12-21,8883
0050,元大台灣50,37,11,26,國泰-松江,2023-12-21,8883
1312,國喬,30,4,26,國泰-松江,2023-12-21,8883
006208,富邦台50,27,2,25,國泰-松江,2023-12-21,8883
4960,誠美材,25,0,25,國泰-松江,2023-12-21,8883
2886,兆豐金,29,4,25,國泰-松江,2023-12-21,8883
00891,中信關鍵半導體,26,2,24,國泰-松江,2023-12-21,8883
8085,福華,41,17,24,國泰-松江,2023-12-21,8883
00918,大華優利高填息30,24,0,24,國泰-松江,2023-12-21,8883
2353,宏��,214,190,24,國泰-松江,2023-12-21,8883
2303,聯電,31,9,22,國泰-松江,2023-12-21,8883
2486,一詮,27,5,22,國泰-松江,2023-12-21,8883
4157,太景*-KY,22,1,21,國泰-松江,2023-12-21,8883
00915,凱基優選高股息30,21,0,21,國泰-松江,2023-12-21,8883
00664R,國泰臺灣加權反1,20,0,20,國泰-松江,2023-12-21,8883
2882,國泰金,22,2,20,國泰-松江,2023-12-21,8883
2801,彰銀,19,0,19,國泰-松江,2023-12-21,8883
3041,揚智,19,0,19,國泰-松江,2023-12-21,8883
00680L,元大美債20正2,521,66,455,國泰-松江,2023-12-22,8883
00937B,群益ESG投等債20,170,21,149,國泰-松江,2023-12-22,8883
00687B,國泰20年美債,178,40,138,國泰-松江,2023-12-22,8883
00720B,元大投資級公司債,128,2,126,國泰-松江,2023-12-22,8883
2354,鴻準,122,0,122,國泰-松江,2023-12-22,8883
2609,陽明,696,575,121,國泰-松江,2023-12-22,8883
2515,中工,191,73,118,國泰-松江,2023-12-22,8883
5607,遠雄港,91,1,90,國泰-松江,2023-12-22,8883
2882,國泰金,90,3,87,國泰-松江,2023-12-22,8883
00919,群益台灣精選高息,106,24,82,國泰-松江,2023-12-22,8883
5324,士開,81,0,81,國泰-松江,2023-12-22,8883
00688L,國泰20年美債正2,87,6,81,國泰-松江,2023-12-22,8883
4414,如興,80,0,80,國泰-松江,2023-12-22,8883
00665L,富邦�琤肭磪囓�2,72,0,72,國泰-松江,2023-12-22,8883
00936,台新永續高息中小,67,0,67,國泰-松江,2023-12-22,8883
00679B,元大美債20年,69,7,62,國泰-松江,2023-12-22,8883
00933B,國泰10Y+金融債,89,30,59,國泰-松江,2023-12-22,8883
00929,復華台灣科技優息,96,39,57,國泰-松江,2023-12-22,8883
00753L,中信中國50正2,55,0,55,國泰-松江,2023-12-22,8883
00650L,復華香港正2,48,4,44,國泰-松江,2023-12-22,8883
2020,美亞,43,2,41,國泰-松江,2023-12-22,8883
2885,元大金,56,15,41,國泰-松江,2023-12-22,8883
9929,秋雨,40,0,40,國泰-松江,2023-12-22,8883
2382,廣達,57,18,39,國泰-松江,2023-12-22,8883
3260,威剛,66,31,35,國泰-松江,2023-12-22,8883
6233,旺玖,59,27,32,國泰-松江,2023-12-22,8883
2324,仁寶,63,32,31,國泰-松江,2023-12-22,8883
00632R,元大台灣50反1,31,0,31,國泰-松江,2023-12-22,8883
4720,德淵,36,5,31,國泰-松江,2023-12-22,8883
2014,中鴻,58,28,30,國泰-松江,2023-12-22,8883
2408,南亞科,102,72,30,國泰-松江,2023-12-22,8883
8092,建暐,29,0,29,國泰-松江,2023-12-22,8883
2888,新光金,29,0,29,國泰-松江,2023-12-22,8883
2031,新光鋼,29,0,29,國泰-松江,2023-12-22,8883
3264,欣銓,28,0,28,國泰-松江,2023-12-22,8883
6443,元晶,36,9,27,國泰-松江,2023-12-22,8883
6120,達運,25,0,25,國泰-松江,2023-12-22,8883
00751B,元大AAA至A公司債,26,1,25,國泰-松江,2023-12-22,8883
2337,旺宏,29,5,24,國泰-松江,2023-12-22,8883
2344,華邦電,203,179,24,國泰-松江,2023-12-22,8883
2023,燁輝,27,4,23,國泰-松江,2023-12-22,8883
1815,富喬,23,0,23,國泰-松江,2023-12-22,8883
2323,中環,23,0,23,國泰-松江,2023-12-22,8883
00719B,元大美債1-3,21,0,21,國泰-松江,2023-12-22,8883
5608,四維航,36,16,20,國泰-松江,2023-12-22,8883
9910,豐泰,20,0,20,國泰-松江,2023-12-22,8883
00795B,中信美國公債20年,21,1,20,國泰-松江,2023-12-22,8883
5328,華容,20,0,20,國泰-松江,2023-12-22,8883
2915,潤泰全,20,0,20,國泰-松江,2023-12-22,8883
2891,中信金,21,2,19,國泰-松江,2023-12-22,8883
00929,復華台灣科技優息,879,22,857,國泰-松江,2023-12-25,8883
00919,群益台灣精選高息,355,62,293,國泰-松江,2023-12-25,8883
00687B,國泰20年美債,131,11,120,國泰-松江,2023-12-25,8883
4414,如興,100,0,100,國泰-松江,2023-12-25,8883
3706,神達,106,7,99,國泰-松江,2023-12-25,8883
6237,驊訊,133,39,94,國泰-松江,2023-12-25,8883
2515,中工,105,21,84,國泰-松江,2023-12-25,8883
2356,英業達,247,166,81,國泰-松江,2023-12-25,8883
2382,廣達,92,13,79,國泰-松江,2023-12-25,8883
1605,華新,72,3,69,國泰-松江,2023-12-25,8883
2354,鴻準,66,2,64,國泰-松江,2023-12-25,8883
9105,泰金寶-DR,65,3,62,國泰-松江,2023-12-25,8883
2882,國泰金,69,9,60,國泰-松江,2023-12-25,8883
00937B,群益ESG投等債20,61,7,54,國泰-松江,2023-12-25,8883
3024,憶聲,55,4,51,國泰-松江,2023-12-25,8883
00931B,統一美債20年,62,12,50,國泰-松江,2023-12-25,8883
3207,耀勝,50,2,48,國泰-松江,2023-12-25,8883
8034,榮群,45,0,45,國泰-松江,2023-12-25,8883
1514,亞力,65,25,40,國泰-松江,2023-12-25,8883
2324,仁寶,228,192,36,國泰-松江,2023-12-25,8883
1460,宏遠,35,1,34,國泰-松江,2023-12-25,8883
3576,聯合再生,53,20,33,國泰-松江,2023-12-25,8883
00900,富邦特選高股息30,31,2,29,國泰-松江,2023-12-25,8883
00712,復華富時不動產,35,7,28,國泰-松江,2023-12-25,8883
00795B,中信美國公債20年,28,1,27,國泰-松江,2023-12-25,8883
8069,元太,39,12,27,國泰-松江,2023-12-25,8883
2201,裕隆,29,4,25,國泰-松江,2023-12-25,8883
5425,台半,52,29,23,國泰-松江,2023-12-25,8883
6531,愛普*,29,7,22,國泰-松江,2023-12-25,8883
5608,四維航,25,3,22,國泰-松江,2023-12-25,8883
5426,振發,38,16,22,國泰-松江,2023-12-25,8883
00715L,期街口布蘭特正2,47,26,21,國泰-松江,2023-12-25,8883
6547,高端疫苗,20,0,20,國泰-松江,2023-12-25,8883
2330,台積電,37,16,21,國泰-松江,2023-12-25,8883
2002,中鋼,27,8,19,國泰-松江,2023-12-25,8883
2355,敬鵬,19,0,19,國泰-松江,2023-12-25,8883
6191,精成科,21,3,18,國泰-松江,2023-12-25,8883
00632R,元大台灣50反1,41,23,18,國泰-松江,2023-12-25,8883
5324,士開,24,6,18,國泰-松江,2023-12-25,8883
2007,燁興,27,10,17,國泰-松江,2023-12-25,8883
00713,元大台灣高息低波,16,0,16,國泰-松江,2023-12-25,8883
2641,正德,31,15,16,國泰-松江,2023-12-25,8883
2317,鴻海,27,11,16,國泰-松江,2023-12-25,8883
2615,萬海,162,147,15,國泰-松江,2023-12-25,8883
00933B,國泰10Y+金融債,26,12,14,國泰-松江,2023-12-25,8883
2358,廷鑫,14,0,14,國泰-松江,2023-12-25,8883
2337,旺宏,22,8,14,國泰-松江,2023-12-25,8883
2344,華邦電,68,54,14,國泰-松江,2023-12-25,8883
2412,中華電,14,0,14,國泰-松江,2023-12-25,8883
5210,寶碩,13,0,13,國泰-松江,2023-12-25,8883
00680L,元大美債20正2,362,63,299,國泰-松江,2023-12-26,8883
6207,雷科,150,0,150,國泰-松江,2023-12-26,8883
2609,陽明,497,388,109,國泰-松江,2023-12-26,8883
2889,國票金,110,4,106,國泰-松江,2023-12-26,8883
6237,驊訊,106,17,89,國泰-松江,2023-12-26,8883
2888,新光金,101,20,81,國泰-松江,2023-12-26,8883
6668,中揚光,78,3,75,國泰-松江,2023-12-26,8883
3164,景岳,67,0,67,國泰-松江,2023-12-26,8883
2353,宏��,206,144,62,國泰-松江,2023-12-26,8883
2356,英業達,189,137,52,國泰-松江,2023-12-26,8883
1605,華新,55,4,51,國泰-松江,2023-12-26,8883
00706L,期元大S＆P日圓正2,50,0,50,國泰-松江,2023-12-26,8883
00641R,富邦日本反1,50,0,50,國泰-松江,2023-12-26,8883
00933B,國泰10Y+金融債,49,0,49,國泰-松江,2023-12-26,8883
00937B,群益ESG投等債20,45,3,42,國泰-松江,2023-12-26,8883
8096,擎亞,38,2,36,國泰-松江,2023-12-26,8883
00670L,富邦NASDAQ正2,40,5,35,國泰-松江,2023-12-26,8883
00720B,元大投資級公司債,38,6,32,國泰-松江,2023-12-26,8883
2359,所羅門,30,0,30,國泰-松江,2023-12-26,8883
2618,長榮航,38,9,29,國泰-松江,2023-12-26,8883
00764B,群益25年美債,29,0,29,國泰-松江,2023-12-26,8883
6191,精成科,27,1,26,國泰-松江,2023-12-26,8883
3380,明泰,40,15,25,國泰-松江,2023-12-26,8883
2031,新光鋼,24,3,21,國泰-松江,2023-12-26,8883
2329,華泰,25,5,20,國泰-松江,2023-12-26,8883
2834,臺企銀,20,1,19,國泰-松江,2023-12-26,8883
3178,公準,20,1,19,國泰-松江,2023-12-26,8883
00687B,國泰20年美債,38,19,19,國泰-松江,2023-12-26,8883
00719B,元大美債1-3,18,0,18,國泰-松江,2023-12-26,8883
3260,威剛,23,6,17,國泰-松江,2023-12-26,8883
00934,中信成長高股息,17,0,17,國泰-松江,2023-12-26,8883
2606,裕民,26,9,17,國泰-松江,2023-12-26,8883
1560,中砂,31,14,17,國泰-松江,2023-12-26,8883
00915,凱基優選高股息30,16,0,16,國泰-松江,2023-12-26,8883
2443,昶虹,16,0,16,國泰-松江,2023-12-26,8883
8996,高力,19,3,16,國泰-松江,2023-12-26,8883
00923,群益台ESG低碳50,28,12,16,國泰-松江,2023-12-26,8883
1514,亞力,16,2,14,國泰-松江,2023-12-26,8883
6462,神盾,20,7,13,國泰-松江,2023-12-26,8883
6182,合晶,15,2,13,國泰-松江,2023-12-26,8883
2382,廣達,25,12,13,國泰-松江,2023-12-26,8883
2308,台達電,15,3,12,國泰-松江,2023-12-26,8883
2355,敬鵬,13,1,12,國泰-松江,2023-12-26,8883
2607,榮運,12,0,12,國泰-松江,2023-12-26,8883
3664,安瑞-KY,12,0,12,國泰-松江,2023-12-26,8883
3149,正達,12,0,12,國泰-松江,2023-12-26,8883
2401,凌陽,14,2,12,國泰-松江,2023-12-26,8883
1519,華城,56,44,12,國泰-松江,2023-12-26,8883
5309,系統電,12,1,11,國泰-松江,2023-12-26,8883
2883B,凱基金乙特,11,0,11,國泰-松江,2023-12-26,8883
2610,華航,305,33,272,國泰-松江,2023-12-27,8883
00885,富邦越南,112,3,109,國泰-松江,2023-12-27,8883
2618,長榮航,114,16,98,國泰-松江,2023-12-27,8883
00680L,元大美債20正2,93,5,88,國泰-松江,2023-12-27,8883
00882,中信中國高股息,90,17,73,國泰-松江,2023-12-27,8883
9105,泰金寶-DR,65,5,60,國泰-松江,2023-12-27,8883
3481,群創,127,70,57,國泰-松江,2023-12-27,8883
4174,浩鼎,56,0,56,國泰-松江,2023-12-27,8883
00933B,國泰10Y+金融債,58,13,45,國泰-松江,2023-12-27,8883
00687B,國泰20年美債,92,54,38,國泰-松江,2023-12-27,8883
2324,仁寶,168,135,33,國泰-松江,2023-12-27,8883
2353,宏��,256,224,32,國泰-松江,2023-12-27,8883
2609,陽明,169,138,31,國泰-松江,2023-12-27,8883
2606,裕民,62,31,31,國泰-松江,2023-12-27,8883
2882,國泰金,43,12,31,國泰-松江,2023-12-27,8883
6753,龍德造船,30,0,30,國泰-松江,2023-12-27,8883
00903,富邦元宇宙,30,0,30,國泰-松江,2023-12-27,8883
5483,中美晶,54,26,28,國泰-松江,2023-12-27,8883
1733,五鼎,30,3,27,國泰-松江,2023-12-27,8883
4162,智擎,25,0,25,國泰-松江,2023-12-27,8883
2603,長榮,43,19,24,國泰-松江,2023-12-27,8883
2204,中華,24,0,24,國泰-松江,2023-12-27,8883
8039,台虹,43,19,24,國泰-松江,2023-12-27,8883
2515,中工,31,8,23,國泰-松江,2023-12-27,8883
8936,國統,33,10,23,國泰-松江,2023-12-27,8883
1314,中石化,22,0,22,國泰-松江,2023-12-27,8883
2605,新興,20,1,19,國泰-松江,2023-12-27,8883
2382,廣達,34,15,19,國泰-松江,2023-12-27,8883
3664,安瑞-KY,19,0,19,國泰-松江,2023-12-27,8883
00931B,統一美債20年,21,2,19,國泰-松江,2023-12-27,8883
00795B,中信美國公債20年,18,0,18,國泰-松江,2023-12-27,8883
2427,三商電,18,0,18,國泰-松江,2023-12-27,8883
6138,茂達,21,3,18,國泰-松江,2023-12-27,8883
3532,台勝科,20,2,18,國泰-松江,2023-12-27,8883
2405,輔信,149,131,18,國泰-松江,2023-12-27,8883
2883B,凱基金乙特,17,0,17,國泰-松江,2023-12-27,8883
2388,威盛,30,13,17,國泰-松江,2023-12-27,8883
4979,華星光,26,10,16,國泰-松江,2023-12-27,8883
3437,榮創,35,19,16,國泰-松江,2023-12-27,8883
2363,矽統,21,6,15,國泰-松江,2023-12-27,8883
6282,康舒,19,4,15,國泰-松江,2023-12-27,8883
3324,雙鴻,18,3,15,國泰-松江,2023-12-27,8883
2449,京元電子,15,1,14,國泰-松江,2023-12-27,8883
2855,統一證,15,1,14,國泰-松江,2023-12-27,8883
2457,飛宏,14,0,14,國泰-松江,2023-12-27,8883
6550,北極星藥業-KY,17,3,14,國泰-松江,2023-12-27,8883
6143,振曜,14,0,14,國泰-松江,2023-12-27,8883
2520,冠德,14,0,14,國泰-松江,2023-12-27,8883
2317,鴻海,16,2,14,國泰-松江,2023-12-27,8883
2399,映泰,26,13,13,國泰-松江,2023-12-27,8883
00937B,群益ESG投等債20,683,3,680,國泰-松江,2023-12-28,8883
00919,群益台灣精選高息,340,78,262,國泰-松江,2023-12-28,8883
00655L,國泰中國A50正2,169,0,169,國泰-松江,2023-12-28,8883
00679B,元大美債20年,146,7,139,國泰-松江,2023-12-28,8883
00929,復華台灣科技優息,199,80,119,國泰-松江,2023-12-28,8883
9105,泰金寶-DR,112,0,112,國泰-松江,2023-12-28,8883
2303,聯電,219,123,96,國泰-松江,2023-12-28,8883
00687B,國泰20年美債,110,28,82,國泰-松江,2023-12-28,8883
00934,中信成長高股息,68,6,62,國泰-松江,2023-12-28,8883
00712,復華富時不動產,70,16,54,國泰-松江,2023-12-28,8883
00772B,中信高評級公司債,70,17,53,國泰-松江,2023-12-28,8883
6179,亞通,107,57,50,國泰-松江,2023-12-28,8883
3557,嘉威,50,0,50,國泰-松江,2023-12-28,8883
00706L,期元大S＆P日圓正2,50,5,45,國泰-松江,2023-12-28,8883
6269,台郡,44,0,44,國泰-松江,2023-12-28,8883
4720,德淵,44,0,44,國泰-松江,2023-12-28,8883
4977,眾達-KY,41,0,41,國泰-松江,2023-12-28,8883
2324,仁寶,104,64,40,國泰-松江,2023-12-28,8883
0056,元大高股息,67,29,38,國泰-松江,2023-12-28,8883
2855,統一證,37,0,37,國泰-松江,2023-12-28,8883
00931B,統一美債20年,61,25,36,國泰-松江,2023-12-28,8883
2313,華通,54,19,35,國泰-松江,2023-12-28,8883
3481,群創,39,6,33,國泰-松江,2023-12-28,8883
6187,萬潤,37,8,29,國泰-松江,2023-12-28,8883
3380,明泰,34,5,29,國泰-松江,2023-12-28,8883
2610,華航,33,4,29,國泰-松江,2023-12-28,8883
3024,憶聲,33,5,28,國泰-松江,2023-12-28,8883
4953,緯軟,30,2,28,國泰-松江,2023-12-28,8883
2454,聯發科,32,5,27,國泰-松江,2023-12-28,8883
2607,榮運,30,3,27,國泰-松江,2023-12-28,8883
00751B,元大AAA至A公司債,30,3,27,國泰-松江,2023-12-28,8883
6129,普誠,31,5,26,國泰-松江,2023-12-28,8883
3006,晶豪科,94,70,24,國泰-松江,2023-12-28,8883
2897,王道銀行,21,0,21,國泰-松江,2023-12-28,8883
5425,台半,27,6,21,國泰-松江,2023-12-28,8883
2891,中信金,31,11,20,國泰-松江,2023-12-28,8883
2618,長榮航,58,38,20,國泰-松江,2023-12-28,8883
00918,大華優利高填息30,20,0,20,國泰-松江,2023-12-28,8883
6202,盛群,20,0,20,國泰-松江,2023-12-28,8883
6191,精成科,20,0,20,國泰-松江,2023-12-28,8883
5351,鈺創,39,20,19,國泰-松江,2023-12-28,8883
2515,中工,26,7,19,國泰-松江,2023-12-28,8883
2834,臺企銀,19,1,18,國泰-松江,2023-12-28,8883
2609,陽明,192,174,18,國泰-松江,2023-12-28,8883
6719,力智,28,11,17,國泰-松江,2023-12-28,8883
00673R,期元大S＆P原油反1,17,0,17,國泰-松江,2023-12-28,8883
6550,北極星藥業-KY,18,1,17,國泰-松江,2023-12-28,8883
3231,緯創,83,66,17,國泰-松江,2023-12-28,8883
00720B,元大投資級公司債,27,10,17,國泰-松江,2023-12-28,8883
3296,勝德,18,3,15,國泰-松江,2023-12-28,8883
00637L,元大滬深300正2,269,2,267,國泰-松江,2023-12-29,8883
1503,士電,202,21,181,國泰-松江,2023-12-29,8883
00687B,國泰20年美債,157,9,148,國泰-松江,2023-12-29,8883
2002,中鋼,132,3,129,國泰-松江,2023-12-29,8883
00919,群益台灣精選高息,166,51,115,國泰-松江,2023-12-29,8883
00720B,元大投資級公司債,89,6,83,國泰-松江,2023-12-29,8883
00665L,富邦�琤肭磪囓�2,70,0,70,國泰-松江,2023-12-29,8883
00753L,中信中國50正2,60,0,60,國泰-松江,2023-12-29,8883
5426,振發,76,17,59,國泰-松江,2023-12-29,8883
00680L,元大美債20正2,65,12,53,國泰-松江,2023-12-29,8883
00712,復華富時不動產,52,0,52,國泰-松江,2023-12-29,8883
3024,憶聲,122,72,50,國泰-松江,2023-12-29,8883
2353,宏��,217,169,48,國泰-松江,2023-12-29,8883
00679B,元大美債20年,50,4,46,國泰-松江,2023-12-29,8883
1609,大亞,47,1,46,國泰-松江,2023-12-29,8883
00715L,期街口布蘭特正2,56,11,45,國泰-松江,2023-12-29,8883
1504,東元,87,43,44,國泰-松江,2023-12-29,8883
6757,台灣虎航,104,62,42,國泰-松江,2023-12-29,8883
00933B,國泰10Y+金融債,42,0,42,國泰-松江,2023-12-29,8883
00650L,復華香港正2,42,2,40,國泰-松江,2023-12-29,8883
2501,國建,39,0,39,國泰-松江,2023-12-29,8883
00885,富邦越南,41,5,36,國泰-松江,2023-12-29,8883
00642U,期元大S＆P石油,36,5,31,國泰-松江,2023-12-29,8883
2303,聯電,81,50,31,國泰-松江,2023-12-29,8883
00918,大華優利高填息30,33,4,29,國泰-松江,2023-12-29,8883
2371,大同,30,2,28,國泰-松江,2023-12-29,8883
00655L,國泰中國A50正2,28,0,28,國泰-松江,2023-12-29,8883
2891,中信金,28,0,28,國泰-松江,2023-12-29,8883
3260,威剛,67,40,27,國泰-松江,2023-12-29,8883
3706,神達,218,191,27,國泰-松江,2023-12-29,8883
00633L,富邦上証正2,30,4,26,國泰-松江,2023-12-29,8883
00632R,元大台灣50反1,24,0,24,國泰-松江,2023-12-29,8883
6138,茂達,25,1,24,國泰-松江,2023-12-29,8883
1519,華城,94,71,23,國泰-松江,2023-12-29,8883
2607,榮運,23,0,23,國泰-松江,2023-12-29,8883
5223,安力-KY,38,17,21,國泰-松江,2023-12-29,8883
6770,力積電,20,0,20,國泰-松江,2023-12-29,8883
00751B,元大AAA至A公司債,20,0,20,國泰-松江,2023-12-29,8883
2486,一詮,45,25,20,國泰-松江,2023-12-29,8883
00902,中信電池及儲能,20,0,20,國泰-松江,2023-12-29,8883
2515,中工,103,83,20,國泰-松江,2023-12-29,8883
5521,工信,38,18,20,國泰-松江,2023-12-29,8883
2344,華邦電,79,59,20,國泰-松江,2023-12-29,8883
00891,中信關鍵半導體,22,3,19,國泰-松江,2023-12-29,8883
01002T,土銀國泰R1,19,0,19,國泰-松江,2023-12-29,8883
3548,兆利,22,3,19,國泰-松江,2023-12-29,8883
3622,洋華,18,0,18,國泰-松江,2023-12-29,8883
3653,健策,19,1,18,國泰-松江,2023-12-29,8883
00934,中信成長高股息,17,0,17,國泰-松江,2023-12-29,8883
6275,元山,17,0,17,國泰-松江,2023-12-29,8883
00680L,元大美債20正2,500,65,435,國泰-松江,2024-01-02,8883
2609,陽明,716,308,408,國泰-松江,2024-01-02,8883
00929,復華台灣科技優息,394,125,269,國泰-松江,2024-01-02,8883
00687B,國泰20年美債,167,12,155,國泰-松江,2024-01-02,8883
4414,如興,95,0,95,國泰-松江,2024-01-02,8883
00712,復華富時不動產,114,21,93,國泰-松江,2024-01-02,8883
00919,群益台灣精選高息,155,63,92,國泰-松江,2024-01-02,8883
2890,永豐金,76,1,75,國泰-松江,2024-01-02,8883
0050,元大台灣50,78,11,67,國泰-松江,2024-01-02,8883
00688L,國泰20年美債正2,61,0,61,國泰-松江,2024-01-02,8883
2888,新光金,64,4,60,國泰-松江,2024-01-02,8883
2505,國揚,54,0,54,國泰-松江,2024-01-02,8883
2357,華碩,61,7,54,國泰-松江,2024-01-02,8883
2354,鴻準,51,0,51,國泰-松江,2024-01-02,8883
0056,元大高股息,100,50,50,國泰-松江,2024-01-02,8883
2356,英業達,169,121,48,國泰-松江,2024-01-02,8883
2352,佳世達,59,12,47,國泰-松江,2024-01-02,8883
00637L,元大滬深300正2,57,10,47,國泰-松江,2024-01-02,8883
2486,一詮,117,73,44,國泰-松江,2024-01-02,8883
2454,聯發科,47,3,44,國泰-松江,2024-01-02,8883
00934,中信成長高股息,44,3,41,國泰-松江,2024-01-02,8883
3706,神達,190,152,38,國泰-松江,2024-01-02,8883
6276,安鈦克,48,10,38,國泰-松江,2024-01-02,8883
00720B,元大投資級公司債,105,68,37,國泰-松江,2024-01-02,8883
00933B,國泰10Y+金融債,35,1,34,國泰-松江,2024-01-02,8883
3231,緯創,223,189,34,國泰-松江,2024-01-02,8883
2607,榮運,36,4,32,國泰-松江,2024-01-02,8883
00751B,元大AAA至A公司債,47,16,31,國泰-松江,2024-01-02,8883
3260,威剛,40,9,31,國泰-松江,2024-01-02,8883
00918,大華優利高填息30,35,4,31,國泰-松江,2024-01-02,8883
3557,嘉威,30,0,30,國泰-松江,2024-01-02,8883
2353,宏��,104,75,29,國泰-松江,2024-01-02,8883
3715,定穎投控,38,10,28,國泰-松江,2024-01-02,8883
2376,技嘉,107,79,28,國泰-松江,2024-01-02,8883
1503,士電,60,33,27,國泰-松江,2024-01-02,8883
00633L,富邦上証正2,26,0,26,國泰-松江,2024-01-02,8883
8163,達方,22,0,22,國泰-松江,2024-01-02,8883
2313,華通,24,3,21,國泰-松江,2024-01-02,8883
3006,晶豪科,35,14,21,國泰-松江,2024-01-02,8883
3664,安瑞-KY,20,0,20,國泰-松江,2024-01-02,8883
00681R,元大美債20反1,20,0,20,國泰-松江,2024-01-02,8883
2704,國賓,20,0,20,國泰-松江,2024-01-02,8883
00713,元大台灣高息低波,20,0,20,國泰-松江,2024-01-02,8883
00885,富邦越南,19,0,19,國泰-松江,2024-01-02,8883
00891,中信關鍵半導體,25,6,19,國泰-松江,2024-01-02,8883
2442,新美齊,20,1,19,國泰-松江,2024-01-02,8883
3694,海華,28,9,19,國泰-松江,2024-01-02,8883
00772B,中信高評級公司債,25,7,18,國泰-松江,2024-01-02,8883
1612,宏泰,18,0,18,國泰-松江,2024-01-02,8883
3178,公準,19,1,18,國泰-松江,2024-01-02,8883
00680L,元大美債20正2,850,76,774,國泰-松江,2024-01-03,8883
00929,復華台灣科技優息,653,206,447,國泰-松江,2024-01-03,8883
0056,元大高股息,298,22,276,國泰-松江,2024-01-03,8883
3576,聯合再生,161,0,161,國泰-松江,2024-01-03,8883
6695,芯鼎,226,74,152,國泰-松江,2024-01-03,8883
00878,國泰永續高股息,247,113,134,國泰-松江,2024-01-03,8883
00665L,富邦�琤肭磪囓�2,113,0,113,國泰-松江,2024-01-03,8883
5426,振發,132,40,92,國泰-松江,2024-01-03,8883
3711,日月光投控,101,21,80,國泰-松江,2024-01-03,8883
00935,野村臺灣新科技50,79,0,79,國泰-松江,2024-01-03,8883
00934,中信成長高股息,91,13,78,國泰-松江,2024-01-03,8883
00751B,元大AAA至A公司債,70,3,67,國泰-松江,2024-01-03,8883
2883,凱基金,66,0,66,國泰-松江,2024-01-03,8883
2354,鴻準,61,0,61,國泰-松江,2024-01-03,8883
2890,永豐金,58,1,57,國泰-松江,2024-01-03,8883
00642U,期元大S＆P石油,56,0,56,國泰-松江,2024-01-03,8883
2618,長榮航,92,36,56,國泰-松江,2024-01-03,8883
0050,元大台灣50,79,24,55,國泰-松江,2024-01-03,8883
2303,聯電,68,13,55,國泰-松江,2024-01-03,8883
4157,太景*-KY,53,0,53,國泰-松江,2024-01-03,8883
2324,仁寶,280,228,52,國泰-松江,2024-01-03,8883
00881,國泰台灣5G+,58,9,49,國泰-松江,2024-01-03,8883
3207,耀勝,48,0,48,國泰-松江,2024-01-03,8883
2888,新光金,47,1,46,國泰-松江,2024-01-03,8883
00688L,國泰20年美債正2,42,0,42,國泰-松江,2024-01-03,8883
00671R,富邦NASDAQ反1,40,0,40,國泰-松江,2024-01-03,8883
2353,宏��,114,76,38,國泰-松江,2024-01-03,8883
00900,富邦特選高股息30,39,3,36,國泰-松江,2024-01-03,8883
00922,國泰台灣領袖50,40,4,36,國泰-松江,2024-01-03,8883
5213,亞昕,35,4,31,國泰-松江,2024-01-03,8883
3390,旭軟,173,142,31,國泰-松江,2024-01-03,8883
00891,中信關鍵半導體,51,22,29,國泰-松江,2024-01-03,8883
00715L,期街口布蘭特正2,49,22,27,國泰-松江,2024-01-03,8883
00918,大華優利高填息30,28,1,27,國泰-松江,2024-01-03,8883
1504,東元,31,4,27,國泰-松江,2024-01-03,8883
3481,群創,47,20,27,國泰-松江,2024-01-03,8883
4720,德淵,26,0,26,國泰-松江,2024-01-03,8883
1605,華新,36,11,25,國泰-松江,2024-01-03,8883
01002T,土銀國泰R1,28,3,25,國泰-松江,2024-01-03,8883
2330,台積電,32,7,25,國泰-松江,2024-01-03,8883
2376,技嘉,64,41,23,國泰-松江,2024-01-03,8883
00712,復華富時不動產,24,1,23,國泰-松江,2024-01-03,8883
2371,大同,24,3,21,國泰-松江,2024-01-03,8883
9945,潤泰新,23,2,21,國泰-松江,2024-01-03,8883
00683L,期元大美元指正2,20,0,20,國泰-松江,2024-01-03,8883
2356,英業達,77,58,19,國泰-松江,2024-01-03,8883
2409,友達,20,1,19,國泰-松江,2024-01-03,8883
3557,嘉威,21,2,19,國泰-松江,2024-01-03,8883
00902,中信電池及儲能,18,0,18,國泰-松江,2024-01-03,8883
1326,台化,18,0,18,國泰-松江,2024-01-03,8883
9934,成霖,496,2,494,國泰-松江,2024-01-04,8883
00929,復華台灣科技優息,364,16,348,國泰-松江,2024-01-04,8883
00919,群益台灣精選高息,225,31,194,國泰-松江,2024-01-04,8883
00712,復華富時不動產,114,1,113,國泰-松江,2024-01-04,8883
00882,中信中國高股息,150,40,110,國泰-松江,2024-01-04,8883
2371,大同,113,5,108,國泰-松江,2024-01-04,8883
00632R,元大台灣50反1,593,502,91,國泰-松江,2024-01-04,8883
0056,元大高股息,87,7,80,國泰-松江,2024-01-04,8883
00927,群益半導體收益,77,1,76,國泰-松江,2024-01-04,8883
2610,華航,82,13,69,國泰-松江,2024-01-04,8883
3576,聯合再生,66,0,66,國泰-松江,2024-01-04,8883
00680L,元大美債20正2,172,110,62,國泰-松江,2024-01-04,8883
00720B,元大投資級公司債,61,0,61,國泰-松江,2024-01-04,8883
00935,野村臺灣新科技50,61,0,61,國泰-松江,2024-01-04,8883
00751B,元大AAA至A公司債,64,7,57,國泰-松江,2024-01-04,8883
2354,鴻準,54,0,54,國泰-松江,2024-01-04,8883
00878,國泰永續高股息,86,34,52,國泰-松江,2024-01-04,8883
4720,德淵,65,14,51,國泰-松江,2024-01-04,8883
2515,中工,58,8,50,國泰-松江,2024-01-04,8883
00673R,期元大S＆P原油反1,45,0,45,國泰-松江,2024-01-04,8883
3217,優群,75,33,42,國泰-松江,2024-01-04,8883
2882,國泰金,42,1,41,國泰-松江,2024-01-04,8883
00687B,國泰20年美債,46,5,41,國泰-松江,2024-01-04,8883
3481,群創,44,6,38,國泰-松江,2024-01-04,8883
00637L,元大滬深300正2,46,10,36,國泰-松江,2024-01-04,8883
3260,威剛,41,7,34,國泰-松江,2024-01-04,8883
6182,合晶,39,5,34,國泰-松江,2024-01-04,8883
4162,智擎,52,20,32,國泰-松江,2024-01-04,8883
00934,中信成長高股息,30,1,29,國泰-松江,2024-01-04,8883
6719,力智,31,2,29,國泰-松江,2024-01-04,8883
1514,亞力,53,25,28,國泰-松江,2024-01-04,8883
2498,宏達電,33,7,26,國泰-松江,2024-01-04,8883
2356,英業達,90,64,26,國泰-松江,2024-01-04,8883
2501,國建,26,1,25,國泰-松江,2024-01-04,8883
00891,中信關鍵半導體,26,1,25,國泰-松江,2024-01-04,8883
5483,中美晶,27,3,24,國泰-松江,2024-01-04,8883
1314,中石化,24,0,24,國泰-松江,2024-01-04,8883
5521,工信,40,16,24,國泰-松江,2024-01-04,8883
2331,精英,25,2,23,國泰-松江,2024-01-04,8883
3006,晶豪科,27,4,23,國泰-松江,2024-01-04,8883
6185,幃翔,22,0,22,國泰-松江,2024-01-04,8883
3232,昱捷,26,5,21,國泰-松江,2024-01-04,8883
2009,第一銅,40,20,20,國泰-松江,2024-01-04,8883
8011,台通,20,0,20,國泰-松江,2024-01-04,8883
2457,飛宏,27,8,19,國泰-松江,2024-01-04,8883
00713,元大台灣高息低波,21,2,19,國泰-松江,2024-01-04,8883
9945,潤泰新,19,1,18,國泰-松江,2024-01-04,8883
2454,聯發科,22,5,17,國泰-松江,2024-01-04,8883
2615,萬海,182,166,16,國泰-松江,2024-01-04,8883
8936,國統,53,37,16,國泰-松江,2024-01-04,8883
00931B,統一美債20年,232,70,162,國泰-松江,2024-01-05,8883
00680L,元大美債20正2,169,30,139,國泰-松江,2024-01-05,8883
00919,群益台灣精選高息,199,64,135,國泰-松江,2024-01-05,8883
8011,台通,122,5,117,國泰-松江,2024-01-05,8883
2609,陽明,647,536,111,國泰-松江,2024-01-05,8883
2610,華航,136,26,110,國泰-松江,2024-01-05,8883
2867,三商壽,100,0,100,國泰-松江,2024-01-05,8883
00927,群益半導體收益,90,0,90,國泰-松江,2024-01-05,8883
2618,長榮航,127,46,81,國泰-松江,2024-01-05,8883
00712,復華富時不動產,63,2,61,國泰-松江,2024-01-05,8883
0056,元大高股息,100,40,60,國泰-松江,2024-01-05,8883
00687B,國泰20年美債,107,53,54,國泰-松江,2024-01-05,8883
00878,國泰永續高股息,103,52,51,國泰-松江,2024-01-05,8883
6869,雲豹能源,50,0,50,國泰-松江,2024-01-05,8883
00751B,元大AAA至A公司債,68,23,45,國泰-松江,2024-01-05,8883
00934,中信成長高股息,48,5,43,國泰-松江,2024-01-05,8883
00679B,元大美債20年,53,12,41,國泰-松江,2024-01-05,8883
2615,萬海,194,153,41,國泰-松江,2024-01-05,8883
4147,中裕,60,22,38,國泰-松江,2024-01-05,8883
00725B,國泰投資級公司債,41,4,37,國泰-松江,2024-01-05,8883
3231,緯創,100,64,36,國泰-松江,2024-01-05,8883
5244,弘凱,35,0,35,國泰-松江,2024-01-05,8883
2101,南港,35,3,32,國泰-松江,2024-01-05,8883
2354,鴻準,31,0,31,國泰-松江,2024-01-05,8883
1514,亞力,50,22,28,國泰-松江,2024-01-05,8883
00929,復華台灣科技優息,338,310,28,國泰-松江,2024-01-05,8883
00720B,元大投資級公司債,50,24,26,國泰-松江,2024-01-05,8883
3664,安瑞-KY,25,0,25,國泰-松江,2024-01-05,8883
1732,毛寶,53,29,24,國泰-松江,2024-01-05,8883
2376,技嘉,49,26,23,國泰-松江,2024-01-05,8883
2317,鴻海,24,1,23,國泰-松江,2024-01-05,8883
5347,世界,24,1,23,國泰-松江,2024-01-05,8883
2421,建準,25,4,21,國泰-松江,2024-01-05,8883
9103,美德醫療-DR,20,0,20,國泰-松江,2024-01-05,8883
00688L,國泰20年美債正2,28,8,20,國泰-松江,2024-01-05,8883
00930,永豐ESG低碳高息,19,0,19,國泰-松江,2024-01-05,8883
4915,致伸,23,4,19,國泰-松江,2024-01-05,8883
2368,金像電,31,13,18,國泰-松江,2024-01-05,8883
00881,國泰台灣5G+,36,19,17,國泰-松江,2024-01-05,8883
2353,宏��,103,87,16,國泰-松江,2024-01-05,8883
6140,訊達,93,77,16,國泰-松江,2024-01-05,8883
4979,華星光,32,16,16,國泰-松江,2024-01-05,8883
3711,日月光投控,25,10,15,國泰-松江,2024-01-05,8883
7402,邑錡,16,1,15,國泰-松江,2024-01-05,8883
00706L,期元大S＆P日圓正2,15,0,15,國泰-松江,2024-01-05,8883
0050,元大台灣50,20,5,15,國泰-松江,2024-01-05,8883
2881,富邦金,18,3,15,國泰-松江,2024-01-05,8883
2313,華通,23,9,14,國泰-松江,2024-01-05,8883
5351,鈺創,17,3,14,國泰-松江,2024-01-05,8883
6191,精成科,15,1,14,國泰-松江,2024-01-05,8883
1504,東元,816,1,815,國泰-松江,2024-01-08,8883
00937B,群益ESG投等債20,445,6,439,國泰-松江,2024-01-08,8883
00753L,中信中國50正2,510,99,411,國泰-松江,2024-01-08,8883
2888,新光金,400,42,358,國泰-松江,2024-01-08,8883
00929,復華台灣科技優息,357,41,316,國泰-松江,2024-01-08,8883
00882,中信中國高股息,149,1,148,國泰-松江,2024-01-08,8883
00632R,元大台灣50反1,120,0,120,國泰-松江,2024-01-08,8883
3481,群創,208,102,106,國泰-松江,2024-01-08,8883
00687B,國泰20年美債,150,53,97,國泰-松江,2024-01-08,8883
2353,宏��,316,225,91,國泰-松江,2024-01-08,8883
00679B,元大美債20年,96,19,77,國泰-松江,2024-01-08,8883
4915,致伸,75,6,69,國泰-松江,2024-01-08,8883
6770,力積電,109,48,61,國泰-松江,2024-01-08,8883
2303,聯電,66,7,59,國泰-松江,2024-01-08,8883
2317,鴻海,59,2,57,國泰-松江,2024-01-08,8883
2354,鴻準,53,0,53,國泰-松江,2024-01-08,8883
00720B,元大投資級公司債,74,24,50,國泰-松江,2024-01-08,8883
00725B,國泰投資級公司債,48,1,47,國泰-松江,2024-01-08,8883
00651R,復華香港反1,40,0,40,國泰-松江,2024-01-08,8883
00656R,國泰中國A50反1,40,0,40,國泰-松江,2024-01-08,8883
00665L,富邦�琤肭磪囓�2,107,70,37,國泰-松江,2024-01-08,8883
00930,永豐ESG低碳高息,37,1,36,國泰-松江,2024-01-08,8883
00680L,元大美債20正2,105,70,35,國泰-松江,2024-01-08,8883
4129,聯合,34,0,34,國泰-松江,2024-01-08,8883
00881,國泰台灣5G+,43,10,33,國泰-松江,2024-01-08,8883
00712,復華富時不動產,31,0,31,國泰-松江,2024-01-08,8883
00773B,中信優先金融債,30,0,30,國泰-松江,2024-01-08,8883
1605,華新,30,1,29,國泰-松江,2024-01-08,8883
2344,華邦電,70,41,29,國泰-松江,2024-01-08,8883
3017,奇鋐,41,12,29,國泰-松江,2024-01-08,8883
3504,揚明光,28,0,28,國泰-松江,2024-01-08,8883
2615,萬海,125,99,26,國泰-松江,2024-01-08,8883
00650L,復華香港正2,65,40,25,國泰-松江,2024-01-08,8883
2324,仁寶,52,27,25,國泰-松江,2024-01-08,8883
6789,采鈺,28,4,24,國泰-松江,2024-01-08,8883
8046,南電,27,5,22,國泰-松江,2024-01-08,8883
3380,明泰,25,3,22,國泰-松江,2024-01-08,8883
5608,四維航,38,16,22,國泰-松江,2024-01-08,8883
2882,國泰金,40,18,22,國泰-松江,2024-01-08,8883
8411,福貞-KY,21,0,21,國泰-松江,2024-01-08,8883
2609,陽明,378,357,21,國泰-松江,2024-01-08,8883
2520,冠德,24,3,21,國泰-松江,2024-01-08,8883
00933B,國泰10Y+金融債,25,6,19,國泰-松江,2024-01-08,8883
00770,國泰北美科技,19,0,19,國泰-松江,2024-01-08,8883
3522,御嵿,19,0,19,國泰-松江,2024-01-08,8883
2501,國建,19,0,19,國泰-松江,2024-01-08,8883
3704,合勤控,25,6,19,國泰-松江,2024-01-08,8883
00928,中信上櫃ESG30,19,0,19,國泰-松江,2024-01-08,8883
00713,元大台灣高息低波,21,3,18,國泰-松江,2024-01-08,8883
00915,凱基優選高股息30,24,6,18,國泰-松江,2024-01-08,8883
2002,中鋼,405,1,404,國泰-松江,2024-01-09,8883
00919,群益台灣精選高息,463,77,386,國泰-松江,2024-01-09,8883
2888,新光金,237,2,235,國泰-松江,2024-01-09,8883
2317,鴻海,216,3,213,國泰-松江,2024-01-09,8883
2867,三商壽,200,0,200,國泰-松江,2024-01-09,8883
2609,陽明,294,131,163,國泰-松江,2024-01-09,8883
00937B,群益ESG投等債20,151,7,144,國泰-松江,2024-01-09,8883
00933B,國泰10Y+金融債,155,13,142,國泰-松江,2024-01-09,8883
00679B,元大美債20年,120,6,114,國泰-松江,2024-01-09,8883
00632R,元大台灣50反1,111,1,110,國泰-松江,2024-01-09,8883
2610,華航,116,7,109,國泰-松江,2024-01-09,8883
4167,松瑞藥,93,8,85,國泰-松江,2024-01-09,8883
0056,元大高股息,85,8,77,國泰-松江,2024-01-09,8883
00642U,期元大S＆P石油,68,1,67,國泰-松江,2024-01-09,8883
2354,鴻準,64,0,64,國泰-松江,2024-01-09,8883
00929,復華台灣科技優息,243,181,62,國泰-松江,2024-01-09,8883
2201,裕隆,59,3,56,國泰-松江,2024-01-09,8883
3481,群創,118,68,50,國泰-松江,2024-01-09,8883
00927,群益半導體收益,54,6,48,國泰-松江,2024-01-09,8883
1605,華新,50,2,48,國泰-松江,2024-01-09,8883
2303,聯電,50,2,48,國泰-松江,2024-01-09,8883
3576,聯合再生,46,0,46,國泰-松江,2024-01-09,8883
3706,神達,55,9,46,國泰-松江,2024-01-09,8883
2356,英業達,112,66,46,國泰-松江,2024-01-09,8883
2883,凱基金,45,1,44,國泰-松江,2024-01-09,8883
8096,擎亞,61,19,42,國泰-松江,2024-01-09,8883
2603,長榮,98,59,39,國泰-松江,2024-01-09,8883
2457,飛宏,38,0,38,國泰-松江,2024-01-09,8883
2308,台達電,38,2,36,國泰-松江,2024-01-09,8883
2515,中工,41,11,30,國泰-松江,2024-01-09,8883
2615,萬海,201,173,28,國泰-松江,2024-01-09,8883
00881,國泰台灣5G+,35,7,28,國泰-松江,2024-01-09,8883
2371,大同,37,10,27,國泰-松江,2024-01-09,8883
2855,統一證,26,0,26,國泰-松江,2024-01-09,8883
4909,新復興,29,6,23,國泰-松江,2024-01-09,8883
2368,金像電,28,6,22,國泰-松江,2024-01-09,8883
5244,弘凱,23,1,22,國泰-松江,2024-01-09,8883
00753L,中信中國50正2,22,0,22,國泰-松江,2024-01-09,8883
3711,日月光投控,70,49,21,國泰-松江,2024-01-09,8883
5009,榮剛,230,210,20,國泰-松江,2024-01-09,8883
4129,聯合,20,0,20,國泰-松江,2024-01-09,8883
6456,GIS-KY,20,0,20,國泰-松江,2024-01-09,8883
3489,森寶,20,0,20,國泰-松江,2024-01-09,8883
00676R,富邦臺灣加權反1,20,0,20,國泰-松江,2024-01-09,8883
5871,中租-KY,26,6,20,國泰-松江,2024-01-09,8883
2486,一詮,19,0,19,國泰-松江,2024-01-09,8883
2884,玉山金,23,4,19,國泰-松江,2024-01-09,8883
5608,四維航,29,10,19,國泰-松江,2024-01-09,8883
2241,艾姆勒,18,0,18,國泰-松江,2024-01-09,8883
00882,中信中國高股息,41,24,17,國泰-松江,2024-01-09,8883
00679B,元大美債20年,241,6,235,國泰-松江,2024-01-10,8883
00929,復華台灣科技優息,264,38,226,國泰-松江,2024-01-10,8883
00937B,群益ESG投等債20,128,0,128,國泰-松江,2024-01-10,8883
00770,國泰北美科技,128,1,127,國泰-松江,2024-01-10,8883
00933B,國泰10Y+金融債,133,34,99,國泰-松江,2024-01-10,8883
00632R,元大台灣50反1,96,1,95,國泰-松江,2024-01-10,8883
2637,慧洋-KY,98,6,92,國泰-松江,2024-01-10,8883
00878,國泰永續高股息,112,39,73,國泰-松江,2024-01-10,8883
2888,新光金,72,0,72,國泰-松江,2024-01-10,8883
00654R,富邦印度反1,60,0,60,國泰-松江,2024-01-10,8883
00919,群益台灣精選高息,225,166,59,國泰-松江,2024-01-10,8883
2609,陽明,644,584,60,國泰-松江,2024-01-10,8883
00648R,元大S＆P500反1,59,0,59,國泰-松江,2024-01-10,8883
0056,元大高股息,98,43,55,國泰-松江,2024-01-10,8883
00669R,國泰美國道瓊反1,52,0,52,國泰-松江,2024-01-10,8883
2371,大同,94,44,50,國泰-松江,2024-01-10,8883
00687B,國泰20年美債,41,0,41,國泰-松江,2024-01-10,8883
5608,四維航,46,10,36,國泰-松江,2024-01-10,8883
2882,國泰金,38,2,36,國泰-松江,2024-01-10,8883
00927,群益半導體收益,36,1,35,國泰-松江,2024-01-10,8883
2607,榮運,51,16,35,國泰-松江,2024-01-10,8883
1342,八貫,32,0,32,國泰-松江,2024-01-10,8883
2317,鴻海,31,0,31,國泰-松江,2024-01-10,8883
4414,如興,31,0,31,國泰-松江,2024-01-10,8883
1514,亞力,52,21,31,國泰-松江,2024-01-10,8883
00674R,期元大S＆P黃金反1,30,0,30,國泰-松江,2024-01-10,8883
2885,元大金,37,9,28,國泰-松江,2024-01-10,8883
00680L,元大美債20正2,28,0,28,國泰-松江,2024-01-10,8883
2501,國建,27,0,27,國泰-松江,2024-01-10,8883
6214,精誠,50,23,27,國泰-松江,2024-01-10,8883
00904,新光臺灣半導體30,25,0,25,國泰-松江,2024-01-10,8883
00670L,富邦NASDAQ正2,25,1,24,國泰-松江,2024-01-10,8883
2615,萬海,175,152,23,國泰-松江,2024-01-10,8883
1301,台塑,21,0,21,國泰-松江,2024-01-10,8883
1455,集盛,21,0,21,國泰-松江,2024-01-10,8883
0050,元大台灣50,24,4,20,國泰-松江,2024-01-10,8883
2618,長榮航,36,16,20,國泰-松江,2024-01-10,8883
5225,東科-KY,28,8,20,國泰-松江,2024-01-10,8883
2423,固緯,21,1,20,國泰-松江,2024-01-10,8883
4129,聯合,20,0,20,國泰-松江,2024-01-10,8883
2313,華通,37,18,19,國泰-松江,2024-01-10,8883
3380,明泰,20,1,19,國泰-松江,2024-01-10,8883
6462,神盾,47,28,19,國泰-松江,2024-01-10,8883
00753L,中信中國50正2,18,0,18,國泰-松江,2024-01-10,8883
6770,力積電,21,3,18,國泰-松江,2024-01-10,8883
2634,漢翔,32,15,17,國泰-松江,2024-01-10,8883
3013,晟銘電,38,21,17,國泰-松江,2024-01-10,8883
5213,亞昕,17,0,17,國泰-松江,2024-01-10,8883
2330,台積電,31,14,17,國泰-松江,2024-01-10,8883
2308,台達電,22,6,16,國泰-松江,2024-01-10,8883
3481,群創,453,28,425,國泰-松江,2024-01-11,8883
00929,復華台灣科技優息,223,19,204,國泰-松江,2024-01-11,8883
00919,群益台灣精選高息,206,25,181,國泰-松江,2024-01-11,8883
0056,元大高股息,176,30,146,國泰-松江,2024-01-11,8883
2809,京城銀,100,0,100,國泰-松江,2024-01-11,8883
2353,宏��,466,367,99,國泰-松江,2024-01-11,8883
6120,達運,231,146,85,國泰-松江,2024-01-11,8883
3036,文曄,129,58,71,國泰-松江,2024-01-11,8883
8034,榮群,166,96,70,國泰-松江,2024-01-11,8883
00770,國泰北美科技,56,0,56,國泰-松江,2024-01-11,8883
2637,慧洋-KY,56,1,55,國泰-松江,2024-01-11,8883
2609,陽明,92,40,52,國泰-松江,2024-01-11,8883
00650L,復華香港正2,50,0,50,國泰-松江,2024-01-11,8883
2330,台積電,57,10,47,國泰-松江,2024-01-11,8883
2610,華航,286,241,45,國泰-松江,2024-01-11,8883
1455,集盛,40,0,40,國泰-松江,2024-01-11,8883
00937B,群益ESG投等債20,52,12,40,國泰-松江,2024-01-11,8883
00679B,元大美債20年,39,2,37,國泰-松江,2024-01-11,8883
00687B,國泰20年美債,57,20,37,國泰-松江,2024-01-11,8883
2515,中工,36,0,36,國泰-松江,2024-01-11,8883
2883B,凱基金乙特,36,0,36,國泰-松江,2024-01-11,8883
00632R,元大台灣50反1,139,103,36,國泰-松江,2024-01-11,8883
2408,南亞科,100,66,34,國泰-松江,2024-01-11,8883
1301,台塑,34,0,34,國泰-松江,2024-01-11,8883
4956,光鋐,216,183,33,國泰-松江,2024-01-11,8883
2303,聯電,31,3,28,國泰-松江,2024-01-11,8883
00904,新光臺灣半導體30,28,0,28,國泰-松江,2024-01-11,8883
2516,新建,30,2,28,國泰-松江,2024-01-11,8883
2449,京元電子,32,4,28,國泰-松江,2024-01-11,8883
4720,德淵,32,5,27,國泰-松江,2024-01-11,8883
1519,華城,95,69,26,國泰-松江,2024-01-11,8883
00927,群益半導體收益,29,3,26,國泰-松江,2024-01-11,8883
00930,永豐ESG低碳高息,26,0,26,國泰-松江,2024-01-11,8883
1528,恩德,32,10,22,國泰-松江,2024-01-11,8883
6770,力積電,26,5,21,國泰-松江,2024-01-11,8883
1216,統一,40,20,20,國泰-松江,2024-01-11,8883
00637L,元大滬深300正2,24,5,19,國泰-松江,2024-01-11,8883
5225,東科-KY,18,0,18,國泰-松江,2024-01-11,8883
00923,群益台ESG低碳50,24,6,18,國泰-松江,2024-01-11,8883
5244,弘凱,19,1,18,國泰-松江,2024-01-11,8883
4414,如興,18,0,18,國泰-松江,2024-01-11,8883
2882,國泰金,15,0,15,國泰-松江,2024-01-11,8883
3437,榮創,15,0,15,國泰-松江,2024-01-11,8883
3031,佰鴻,21,6,15,國泰-松江,2024-01-11,8883
00882,中信中國高股息,18,4,14,國泰-松江,2024-01-11,8883
2426,鼎元,21,7,14,國泰-松江,2024-01-11,8883
1616,億泰,14,0,14,國泰-松江,2024-01-11,8883
6895,宏碩系統,15,1,14,國泰-松江,2024-01-11,8883
3694,海華,19,5,14,國泰-松江,2024-01-11,8883
2454,聯發科,16,2,14,國泰-松江,2024-01-11,8883
00929,復華台灣科技優息,378,23,355,國泰-松江,2024-01-12,8883
3481,群創,315,10,305,國泰-松江,2024-01-12,8883
00937B,群益ESG投等債20,186,12,174,國泰-松江,2024-01-12,8883
2610,華航,168,6,162,國泰-松江,2024-01-12,8883
9105,泰金寶-DR,163,7,156,國泰-松江,2024-01-12,8883
0056,元大高股息,130,31,99,國泰-松江,2024-01-12,8883
2354,鴻準,70,0,70,國泰-松江,2024-01-12,8883
2515,中工,75,7,68,國泰-松江,2024-01-12,8883
00679B,元大美債20年,73,10,63,國泰-松江,2024-01-12,8883
00927,群益半導體收益,62,1,61,國泰-松江,2024-01-12,8883
00673R,期元大S＆P原油反1,61,0,61,國泰-松江,2024-01-12,8883
2609,陽明,193,133,60,國泰-松江,2024-01-12,8883
00919,群益台灣精選高息,105,46,59,國泰-松江,2024-01-12,8883
2368,金像電,68,9,59,國泰-松江,2024-01-12,8883
2353,宏��,177,119,58,國泰-松江,2024-01-12,8883
00878,國泰永續高股息,93,36,57,國泰-松江,2024-01-12,8883
00687B,國泰20年美債,60,8,52,國泰-松江,2024-01-12,8883
00671R,富邦NASDAQ反1,50,0,50,國泰-松江,2024-01-12,8883
4529,淳紳,50,1,49,國泰-松江,2024-01-12,8883
00881,國泰台灣5G+,39,0,39,國泰-松江,2024-01-12,8883
2313,華通,53,17,36,國泰-松江,2024-01-12,8883
6695,芯鼎,193,158,35,國泰-松江,2024-01-12,8883
2887,台新金,31,1,30,國泰-松江,2024-01-12,8883
4162,智擎,30,0,30,國泰-松江,2024-01-12,8883
00770,國泰北美科技,32,3,29,國泰-松江,2024-01-12,8883
2331,精英,38,10,28,國泰-松江,2024-01-12,8883
5347,世界,26,0,26,國泰-松江,2024-01-12,8883
1513,中興電,31,6,25,國泰-松江,2024-01-12,8883
2884,玉山金,27,1,26,國泰-松江,2024-01-12,8883
00725B,國泰投資級公司債,24,0,24,國泰-松江,2024-01-12,8883
6443,元晶,24,1,23,國泰-松江,2024-01-12,8883
6770,力積電,27,5,22,國泰-松江,2024-01-12,8883
00795B,中信美國公債20年,22,1,21,國泰-松江,2024-01-12,8883
00904,新光臺灣半導體30,18,0,18,國泰-松江,2024-01-12,8883
2423,固緯,19,1,18,國泰-松江,2024-01-12,8883
2505,國揚,18,0,18,國泰-松江,2024-01-12,8883
4909,新復興,48,31,17,國泰-松江,2024-01-12,8883
2363,矽統,18,2,16,國泰-松江,2024-01-12,8883
8059,凱碩,15,0,15,國泰-松江,2024-01-12,8883
3306,鼎天,15,0,15,國泰-松江,2024-01-12,8883
6462,神盾,51,37,14,國泰-松江,2024-01-12,8883
00933B,國泰10Y+金融債,52,38,14,國泰-松江,2024-01-12,8883
2301,光寶科,15,1,14,國泰-松江,2024-01-12,8883
2317,鴻海,14,0,14,國泰-松江,2024-01-12,8883
00713,元大台灣高息低波,14,2,12,國泰-松江,2024-01-12,8883
6176,瑞儀,12,0,12,國泰-松江,2024-01-12,8883
1605,華新,15,3,12,國泰-松江,2024-01-12,8883
1528,恩德,67,56,11,國泰-松江,2024-01-12,8883
2449,京元電子,27,16,11,國泰-松江,2024-01-12,8883
2376,技嘉,31,19,12,國泰-松江,2024-01-12,8883
00929,復華台灣科技優息,436,29,407,國泰-松江,2024-01-15,8883
2888,新光金,294,16,278,國泰-松江,2024-01-15,8883
00679B,元大美債20年,166,5,161,國泰-松江,2024-01-15,8883
00937B,群益ESG投等債20,125,4,121,國泰-松江,2024-01-15,8883
2610,華航,129,14,115,國泰-松江,2024-01-15,8883
1314,中石化,103,0,103,國泰-松江,2024-01-15,8883
2208,台船,115,15,100,國泰-松江,2024-01-15,8883
00878,國泰永續高股息,127,30,97,國泰-松江,2024-01-15,8883
0056,元大高股息,122,32,90,國泰-松江,2024-01-15,8883
00687B,國泰20年美債,86,0,86,國泰-松江,2024-01-15,8883
6451,訊芯-KY,90,6,84,國泰-松江,2024-01-15,8883
9105,泰金寶-DR,81,0,81,國泰-松江,2024-01-15,8883
00680L,元大美債20正2,79,2,77,國泰-松江,2024-01-15,8883
3231,緯創,190,120,70,國泰-松江,2024-01-15,8883
00882,中信中國高股息,74,7,67,國泰-松江,2024-01-15,8883
2371,大同,60,9,51,國泰-松江,2024-01-15,8883
00927,群益半導體收益,54,4,50,國泰-松江,2024-01-15,8883
5244,弘凱,48,1,47,國泰-松江,2024-01-15,8883
8034,榮群,87,46,41,國泰-松江,2024-01-15,8883
3712,永崴投控,44,10,34,國泰-松江,2024-01-15,8883
2637,慧洋-KY,33,0,33,國泰-松江,2024-01-15,8883
3711,日月光投控,75,44,31,國泰-松江,2024-01-15,8883
2618,長榮航,44,13,31,國泰-松江,2024-01-15,8883
6743,安普新,31,0,31,國泰-松江,2024-01-15,8883
2630,亞航,33,3,30,國泰-松江,2024-01-15,8883
2704,國賓,30,0,30,國泰-松江,2024-01-15,8883
2609,陽明,131,102,29,國泰-松江,2024-01-15,8883
00770,國泰北美科技,30,2,28,國泰-松江,2024-01-15,8883
2356,英業達,99,73,26,國泰-松江,2024-01-15,8883
2382,廣達,49,24,25,國泰-松江,2024-01-15,8883
2354,鴻準,25,0,25,國泰-松江,2024-01-15,8883
2634,漢翔,28,6,22,國泰-松江,2024-01-15,8883
6535,順藥,22,1,21,國泰-松江,2024-01-15,8883
2317,鴻海,23,3,20,國泰-松江,2024-01-15,8883
2855,統一證,19,0,19,國泰-松江,2024-01-15,8883
00725B,國泰投資級公司債,19,0,19,國泰-松江,2024-01-15,8883
2603,長榮,42,23,19,國泰-松江,2024-01-15,8883
2887,台新金,23,5,18,國泰-松江,2024-01-15,8883
2882,國泰金,18,0,18,國泰-松江,2024-01-15,8883
00936,台新永續高息中小,20,3,17,國泰-松江,2024-01-15,8883
00795B,中信美國公債20年,23,6,17,國泰-松江,2024-01-15,8883
00665L,富邦�琤肭磪囓�2,15,0,15,國泰-松江,2024-01-15,8883
00934,中信成長高股息,15,0,15,國泰-松江,2024-01-15,8883
8222,寶一,31,16,15,國泰-松江,2024-01-15,8883
00753L,中信中國50正2,14,0,14,國泰-松江,2024-01-15,8883
00688L,國泰20年美債正2,14,0,14,國泰-松江,2024-01-15,8883
5381,合正,30,16,14,國泰-松江,2024-01-15,8883
3036,文曄,24,10,14,國泰-松江,2024-01-15,8883
3035,智原,46,33,13,國泰-松江,2024-01-15,8883
5202,力新,13,0,13,國泰-松江,2024-01-15,8883
0056,元大高股息,335,23,312,國泰-松江,2024-01-16,8883
00929,復華台灣科技優息,323,14,309,國泰-松江,2024-01-16,8883
2882,國泰金,280,3,277,國泰-松江,2024-01-16,8883
2353,宏��,384,237,147,國泰-松江,2024-01-16,8883
00687B,國泰20年美債,143,1,142,國泰-松江,2024-01-16,8883
00919,群益台灣精選高息,187,59,128,國泰-松江,2024-01-16,8883
2887,台新金,130,4,126,國泰-松江,2024-01-16,8883
00878,國泰永續高股息,163,50,113,國泰-松江,2024-01-16,8883
00927,群益半導體收益,109,0,109,國泰-松江,2024-01-16,8883
2888,新光金,139,31,108,國泰-松江,2024-01-16,8883
00937B,群益ESG投等債20,129,25,104,國泰-松江,2024-01-16,8883
5426,振發,106,7,99,國泰-松江,2024-01-16,8883
5009,榮剛,96,1,95,國泰-松江,2024-01-16,8883
00773B,中信優先金融債,77,0,77,國泰-松江,2024-01-16,8883
2883,凱基金,92,15,77,國泰-松江,2024-01-16,8883
1301,台塑,75,0,75,國泰-松江,2024-01-16,8883
2486,一詮,113,51,62,國泰-松江,2024-01-16,8883
2208,台船,65,3,62,國泰-松江,2024-01-16,8883
00881,國泰台灣5G+,84,25,59,國泰-松江,2024-01-16,8883
00720B,元大投資級公司債,65,8,57,國泰-松江,2024-01-16,8883
5244,弘凱,57,0,57,國泰-松江,2024-01-16,8883
2027,大成鋼,50,0,50,國泰-松江,2024-01-16,8883
0050,元大台灣50,54,10,44,國泰-松江,2024-01-16,8883
6285,啟��,54,10,44,國泰-松江,2024-01-16,8883
2884,玉山金,52,10,42,國泰-松江,2024-01-16,8883
1532,勤美,43,1,42,國泰-松江,2024-01-16,8883
2382,廣達,81,39,42,國泰-松江,2024-01-16,8883
2834,臺企銀,41,0,41,國泰-松江,2024-01-16,8883
1409,新纖,40,0,40,國泰-松江,2024-01-16,8883
00651R,復華香港反1,40,0,40,國泰-松江,2024-01-16,8883
2610,華航,45,5,40,國泰-松江,2024-01-16,8883
00882,中信中國高股息,40,2,38,國泰-松江,2024-01-16,8883
4142,國光生,30,0,30,國泰-松江,2024-01-16,8883
2344,華邦電,44,15,29,國泰-松江,2024-01-16,8883
3036,文曄,45,16,29,國泰-松江,2024-01-16,8883
2312,金寶,36,8,28,國泰-松江,2024-01-16,8883
1326,台化,28,1,27,國泰-松江,2024-01-16,8883
4123,晟德,27,0,27,國泰-松江,2024-01-16,8883
1101,台泥,37,10,27,國泰-松江,2024-01-16,8883
1528,恩德,56,30,26,國泰-松江,2024-01-16,8883
2002,中鋼,30,4,26,國泰-松江,2024-01-16,8883
00679B,元大美債20年,29,5,24,國泰-松江,2024-01-16,8883
2607,榮運,25,1,24,國泰-松江,2024-01-16,8883
2505,國揚,24,0,24,國泰-松江,2024-01-16,8883
2855,統一證,23,0,23,國泰-松江,2024-01-16,8883
2405,輔信,32,9,23,國泰-松江,2024-01-16,8883
2891,中信金,40,17,23,國泰-松江,2024-01-16,8883
2308,台達電,23,0,23,國泰-松江,2024-01-16,8883
00770,國泰北美科技,25,3,22,國泰-松江,2024-01-16,8883
3228,金麗科,27,5,22,國泰-松江,2024-01-16,8883
00929,復華台灣科技優息,813,160,653,國泰-松江,2024-01-17,8883
00882,中信中國高股息,378,10,368,國泰-松江,2024-01-17,8883
00878,國泰永續高股息,336,40,296,國泰-松江,2024-01-17,8883
0056,元大高股息,364,70,294,國泰-松江,2024-01-17,8883
00937B,群益ESG投等債20,259,3,256,國泰-松江,2024-01-17,8883
2354,鴻準,250,0,250,國泰-松江,2024-01-17,8883
00927,群益半導體收益,255,10,245,國泰-松江,2024-01-17,8883
00687B,國泰20年美債,252,9,243,國泰-松江,2024-01-17,8883
3036,文曄,329,86,243,國泰-松江,2024-01-17,8883
2882,國泰金,231,6,225,國泰-松江,2024-01-17,8883
00679B,元大美債20年,204,6,198,國泰-松江,2024-01-17,8883
2887,台新金,175,0,175,國泰-松江,2024-01-17,8883
00907,永豐優息存股,165,0,165,國泰-松江,2024-01-17,8883
2303,聯電,177,28,149,國泰-松江,2024-01-17,8883
0050,元大台灣50,117,14,103,國泰-松江,2024-01-17,8883
2867,三商壽,102,1,101,國泰-松江,2024-01-17,8883
4414,如興,97,0,97,國泰-松江,2024-01-17,8883
00680L,元大美債20正2,93,1,92,國泰-松江,2024-01-17,8883
00935,野村臺灣新科技50,92,1,91,國泰-松江,2024-01-17,8883
6770,力積電,121,32,89,國泰-松江,2024-01-17,8883
6120,達運,82,1,81,國泰-松江,2024-01-17,8883
00665L,富邦�琤肭磪囓�2,181,105,76,國泰-松江,2024-01-17,8883
2317,鴻海,76,3,73,國泰-松江,2024-01-17,8883
00881,國泰台灣5G+,79,11,68,國泰-松江,2024-01-17,8883
00922,國泰台灣領袖50,68,0,68,國泰-松江,2024-01-17,8883
1605,華新,68,3,65,國泰-松江,2024-01-17,8883
2027,大成鋼,65,0,65,國泰-松江,2024-01-17,8883
00919,群益台灣精選高息,602,537,65,國泰-松江,2024-01-17,8883
00918,大華優利高填息30,62,0,62,國泰-松江,2024-01-17,8883
2329,華泰,109,48,61,國泰-松江,2024-01-17,8883
2344,華邦電,108,56,52,國泰-松江,2024-01-17,8883
2888,新光金,155,105,50,國泰-松江,2024-01-17,8883
00669R,國泰美國道瓊反1,50,0,50,國泰-松江,2024-01-17,8883
2881,富邦金,52,3,49,國泰-松江,2024-01-17,8883
8215,明基材,51,2,49,國泰-松江,2024-01-17,8883
2609,陽明,97,54,43,國泰-松江,2024-01-17,8883
2884,玉山金,44,2,42,國泰-松江,2024-01-17,8883
00673R,期元大S＆P原油反1,40,0,40,國泰-松江,2024-01-17,8883
2886,兆豐金,47,8,39,國泰-松江,2024-01-17,8883
00720B,元大投資級公司債,39,0,39,國泰-松江,2024-01-17,8883
2834,臺企銀,38,0,38,國泰-松江,2024-01-17,8883
6269,台郡,37,0,37,國泰-松江,2024-01-17,8883
2308,台達電,36,2,34,國泰-松江,2024-01-17,8883
3354,律勝,33,2,31,國泰-松江,2024-01-17,8883
1101,台泥,35,5,30,國泰-松江,2024-01-17,8883
3260,威剛,40,11,29,國泰-松江,2024-01-17,8883
1301,台塑,29,0,29,國泰-松江,2024-01-17,8883
2486,一詮,84,57,27,國泰-松江,2024-01-17,8883
2313,華通,35,8,27,國泰-松江,2024-01-17,8883
2371,大同,50,23,27,國泰-松江,2024-01-17,8883
00929,復華台灣科技優息,357,30,327,國泰-松江,2024-01-18,8883
00720B,元大投資級公司債,217,4,213,國泰-松江,2024-01-18,8883
00632R,元大台灣50反1,133,16,117,國泰-松江,2024-01-18,8883
00882,中信中國高股息,134,25,109,國泰-松江,2024-01-18,8883
5244,弘凱,109,6,103,國泰-松江,2024-01-18,8883
4915,致伸,101,0,101,國泰-松江,2024-01-18,8883
00733,富邦臺灣中小,93,0,93,國泰-松江,2024-01-18,8883
00671R,富邦NASDAQ反1,90,0,90,國泰-松江,2024-01-18,8883
2888,新光金,96,7,89,國泰-松江,2024-01-18,8883
0056,元大高股息,108,25,83,國泰-松江,2024-01-18,8883
2883,凱基金,78,1,77,國泰-松江,2024-01-18,8883
6116,彩晶,74,0,74,國泰-松江,2024-01-18,8883
00648R,元大S＆P500反1,60,0,60,國泰-松江,2024-01-18,8883
2303,聯電,149,90,59,國泰-松江,2024-01-18,8883
2330,台積電,78,23,55,國泰-松江,2024-01-18,8883
00641R,富邦日本反1,50,0,50,國泰-松江,2024-01-18,8883
2382,廣達,66,22,44,國泰-松江,2024-01-18,8883
1570,力肯,44,1,43,國泰-松江,2024-01-18,8883
00751B,元大AAA至A公司債,44,1,43,國泰-松江,2024-01-18,8883
3029,零壹,85,44,41,國泰-松江,2024-01-18,8883
2324,仁寶,55,16,39,國泰-松江,2024-01-18,8883
00918,大華優利高填息30,39,0,39,國泰-松江,2024-01-18,8883
00937B,群益ESG投等債20,36,1,35,國泰-松江,2024-01-18,8883
6770,力積電,89,56,33,國泰-松江,2024-01-18,8883
00633L,富邦上証正2,33,0,33,國泰-松江,2024-01-18,8883
1314,中石化,31,0,31,國泰-松江,2024-01-18,8883
2882,國泰金,33,2,31,國泰-松江,2024-01-18,8883
4720,德淵,42,12,30,國泰-松江,2024-01-18,8883
2885,元大金,33,4,29,國泰-松江,2024-01-18,8883
9105,泰金寶-DR,31,2,29,國泰-松江,2024-01-18,8883
00712,復華富時不動產,27,0,27,國泰-松江,2024-01-18,8883
3231,緯創,98,72,26,國泰-松江,2024-01-18,8883
00713,元大台灣高息低波,28,2,26,國泰-松江,2024-01-18,8883
2887,台新金,33,7,26,國泰-松江,2024-01-18,8883
2308,台達電,26,1,25,國泰-松江,2024-01-18,8883
6248,沛波,25,0,25,國泰-松江,2024-01-18,8883
2421,建準,40,16,24,國泰-松江,2024-01-18,8883
00927,群益半導體收益,35,12,23,國泰-松江,2024-01-18,8883
0050,元大台灣50,27,4,23,國泰-松江,2024-01-18,8883
2313,華通,46,24,22,國泰-松江,2024-01-18,8883
5880,合庫金,21,0,21,國泰-松江,2024-01-18,8883
00900,富邦特選高股息30,22,2,20,國泰-松江,2024-01-18,8883
00680L,元大美債20正2,23,3,20,國泰-松江,2024-01-18,8883
2610,華航,23,3,20,國泰-松江,2024-01-18,8883
5701,劍湖山,20,0,20,國泰-松江,2024-01-18,8883
6869,雲豹能源,20,0,20,國泰-松江,2024-01-18,8883
00915,凱基優選高股息30,20,1,19,國泰-松江,2024-01-18,8883
7402,邑錡,21,2,19,國泰-松江,2024-01-18,8883
6269,台郡,18,0,18,國泰-松江,2024-01-18,8883
00770,國泰北美科技,18,0,18,國泰-松江,2024-01-18,8883
00637L,元大滬深300正2,600,26,574,國泰-松江,2024-01-19,8883
00937B,群益ESG投等債20,524,6,518,國泰-松江,2024-01-19,8883
00655L,國泰中國A50正2,300,0,300,國泰-松江,2024-01-19,8883
00929,復華台灣科技優息,344,52,292,國泰-松江,2024-01-19,8883
00687B,國泰20年美債,327,36,291,國泰-松江,2024-01-19,8883
00679B,元大美債20年,225,6,219,國泰-松江,2024-01-19,8883
00632R,元大台灣50反1,463,292,171,國泰-松江,2024-01-19,8883
5426,振發,223,102,121,國泰-松江,2024-01-19,8883
6695,芯鼎,273,155,118,國泰-松江,2024-01-19,8883
2888,新光金,140,24,116,國泰-松江,2024-01-19,8883
00720B,元大投資級公司債,123,24,99,國泰-松江,2024-01-19,8883
00751B,元大AAA至A公司債,108,15,93,國泰-松江,2024-01-19,8883
0056,元大高股息,132,41,91,國泰-松江,2024-01-19,8883
00904,新光臺灣半導體30,90,1,89,國泰-松江,2024-01-19,8883
00882,中信中國高股息,86,15,71,國泰-松江,2024-01-19,8883
2882,國泰金,72,9,63,國泰-松江,2024-01-19,8883
3711,日月光投控,85,24,61,國泰-松江,2024-01-19,8883
00688L,國泰20年美債正2,60,1,59,國泰-松江,2024-01-19,8883
00919,群益台灣精選高息,112,53,59,國泰-松江,2024-01-19,8883
4960,誠美材,55,1,54,國泰-松江,2024-01-19,8883
00680L,元大美債20正2,56,3,53,國泰-松江,2024-01-19,8883
00931B,統一美債20年,56,12,44,國泰-松江,2024-01-19,8883
2615,萬海,58,21,37,國泰-松江,2024-01-19,8883
3583,辛耘,41,8,33,國泰-松江,2024-01-19,8883
2887,台新金,34,1,33,國泰-松江,2024-01-19,8883
6120,達運,64,33,31,國泰-松江,2024-01-19,8883
8215,明基材,30,0,30,國泰-松江,2024-01-19,8883
00885,富邦越南,35,7,28,國泰-松江,2024-01-19,8883
00857B,永豐20年美公債,46,17,29,國泰-松江,2024-01-19,8883
5347,世界,32,3,29,國泰-松江,2024-01-19,8883
00772B,中信高評級公司債,29,1,28,國泰-松江,2024-01-19,8883
00795B,中信美國公債20年,28,2,26,國泰-松江,2024-01-19,8883
2609,陽明,77,51,26,國泰-松江,2024-01-19,8883
6285,啟��,38,13,25,國泰-松江,2024-01-19,8883
00713,元大台灣高息低波,26,1,25,國泰-松江,2024-01-19,8883
3036,文曄,45,21,24,國泰-松江,2024-01-19,8883
6188,廣明,26,2,24,國泰-松江,2024-01-19,8883
3490,單井,29,7,22,國泰-松江,2024-01-19,8883
2371,大同,21,0,21,國泰-松江,2024-01-19,8883
8039,台虹,21,0,21,國泰-松江,2024-01-19,8883
6190,萬泰科,25,6,19,國泰-松江,2024-01-19,8883
00911,兆豐洲際半導體,19,0,19,國泰-松江,2024-01-19,8883
6187,萬潤,27,8,19,國泰-松江,2024-01-19,8883
6233,旺玖,134,116,18,國泰-松江,2024-01-19,8883
2363,矽統,29,11,18,國泰-松江,2024-01-19,8883
2208,台船,24,7,17,國泰-松江,2024-01-19,8883
3587,閎康,23,7,16,國泰-松江,2024-01-19,8883
2313,華通,21,5,16,國泰-松江,2024-01-19,8883
2885,元大金,16,0,16,國泰-松江,2024-01-19,8883
2886,兆豐金,17,2,15,國泰-松江,2024-01-19,8883
00706L,期元大S＆P日圓正2,210,0,210,國泰-松江,2024-01-22,8883
2353,宏��,192,26,166,國泰-松江,2024-01-22,8883
00882,中信中國高股息,165,8,157,國泰-松江,2024-01-22,8883
00632R,元大台灣50反1,312,211,101,國泰-松江,2024-01-22,8883
2809,京城銀,100,2,98,國泰-松江,2024-01-22,8883
00679B,元大美債20年,88,1,87,國泰-松江,2024-01-22,8883
2618,長榮航,104,30,74,國泰-松江,2024-01-22,8883
2883,凱基金,72,0,72,國泰-松江,2024-01-22,8883
2606,裕民,70,0,70,國泰-松江,2024-01-22,8883
00937B,群益ESG投等債20,65,2,63,國泰-松江,2024-01-22,8883
2887,台新金,55,0,55,國泰-松江,2024-01-22,8883
00687B,國泰20年美債,86,36,50,國泰-松江,2024-01-22,8883
00733,富邦臺灣中小,50,1,49,國泰-松江,2024-01-22,8883
3036,文曄,196,148,48,國泰-松江,2024-01-22,8883
00902,中信電池及儲能,42,1,41,國泰-松江,2024-01-22,8883
00933B,國泰10Y+金融債,40,1,39,國泰-松江,2024-01-22,8883
2316,楠梓電,40,7,33,國泰-松江,2024-01-22,8883
6187,萬潤,66,34,32,國泰-松江,2024-01-22,8883
00903,富邦元宇宙,30,0,30,國泰-松江,2024-01-22,8883
2324,仁寶,84,55,29,國泰-松江,2024-01-22,8883
00757,統一FANG+,30,2,28,國泰-松江,2024-01-22,8883
1532,勤美,30,2,28,國泰-松江,2024-01-22,8883
00670L,富邦NASDAQ正2,27,1,26,國泰-松江,2024-01-22,8883
3189,景碩,33,8,25,國泰-松江,2024-01-22,8883
2609,陽明,242,216,26,國泰-松江,2024-01-22,8883
00929,復華台灣科技優息,131,106,25,國泰-松江,2024-01-22,8883
2607,榮運,25,1,24,國泰-松江,2024-01-22,8883
2308,台達電,48,24,24,國泰-松江,2024-01-22,8883
8054,安國,46,22,24,國泰-松江,2024-01-22,8883
2002,中鋼,24,1,23,國泰-松江,2024-01-22,8883
2317,鴻海,24,1,23,國泰-松江,2024-01-22,8883
2303,聯電,91,70,21,國泰-松江,2024-01-22,8883
00655L,國泰中國A50正2,20,1,19,國泰-松江,2024-01-22,8883
2505,國揚,18,0,18,國泰-松江,2024-01-22,8883
1301,台塑,19,1,18,國泰-松江,2024-01-22,8883
2331,精英,41,24,17,國泰-松江,2024-01-22,8883
8410,森田,17,0,17,國泰-松江,2024-01-22,8883
00696B,富邦美債20年,16,0,16,國泰-松江,2024-01-22,8883
3557,嘉威,16,0,16,國泰-松江,2024-01-22,8883
3360,尚立,15,0,15,國泰-松江,2024-01-22,8883
00935,野村臺灣新科技50,18,3,15,國泰-松江,2024-01-22,8883
00680L,元大美債20正2,18,3,15,國泰-松江,2024-01-22,8883
2344,華邦電,18,4,14,國泰-松江,2024-01-22,8883
2890,永豐金,15,1,14,國泰-松江,2024-01-22,8883
3622,洋華,15,1,14,國泰-松江,2024-01-22,8883
6120,達運,15,1,14,國泰-松江,2024-01-22,8883
3228,金麗科,13,0,13,國泰-松江,2024-01-22,8883
2401,凌陽,17,5,12,國泰-松江,2024-01-22,8883
2906,高林,21,9,12,國泰-松江,2024-01-22,8883
00671R,富邦NASDAQ反1,12,0,12,國泰-松江,2024-01-22,8883
00937B,群益ESG投等債20,148,3,145,國泰-松江,2024-01-23,8883
00679B,元大美債20年,123,0,123,國泰-松江,2024-01-23,8883
00751B,元大AAA至A公司債,116,0,116,國泰-松江,2024-01-23,8883
2609,陽明,150,40,110,國泰-松江,2024-01-23,8883
00864B,中信美國公債0-1,108,0,108,國泰-松江,2024-01-23,8883
2618,長榮航,94,6,88,國泰-松江,2024-01-23,8883
6133,金橋,80,1,79,國泰-松江,2024-01-23,8883
2887,台新金,78,2,76,國泰-松江,2024-01-23,8883
00637L,元大滬深300正2,82,6,76,國泰-松江,2024-01-23,8883
9105,泰金寶-DR,69,1,68,國泰-松江,2024-01-23,8883
2515,中工,67,5,62,國泰-松江,2024-01-23,8883
00687B,國泰20年美債,57,4,53,國泰-松江,2024-01-23,8883
3545,敦泰,52,7,45,國泰-松江,2024-01-23,8883
00720B,元大投資級公司債,45,0,45,國泰-松江,2024-01-23,8883
2412,中華電,36,1,35,國泰-松江,2024-01-23,8883
3576,聯合再生,36,2,34,國泰-松江,2024-01-23,8883
6239,力成,47,13,34,國泰-松江,2024-01-23,8883
2615,萬海,37,4,33,國泰-松江,2024-01-23,8883
4720,德淵,34,1,33,國泰-松江,2024-01-23,8883
2356,英業達,531,498,33,國泰-松江,2024-01-23,8883
2303,聯電,42,10,32,國泰-松江,2024-01-23,8883
00830,國泰費城半導體,31,2,29,國泰-松江,2024-01-23,8883
00632R,元大台灣50反1,47,18,29,國泰-松江,2024-01-23,8883
2883,凱基金,35,6,29,國泰-松江,2024-01-23,8883
3296,勝德,28,0,28,國泰-松江,2024-01-23,8883
3715,定穎投控,35,7,28,國泰-松江,2024-01-23,8883
6140,訊達,56,31,25,國泰-松江,2024-01-23,8883
2382,廣達,53,31,22,國泰-松江,2024-01-23,8883
1806,冠軍,22,0,22,國泰-松江,2024-01-23,8883
2505,國揚,22,0,22,國泰-松江,2024-01-23,8883
00636,國泰中國A50,29,7,22,國泰-松江,2024-01-23,8883
8059,凱碩,23,1,22,國泰-松江,2024-01-23,8883
5009,榮剛,21,0,21,國泰-松江,2024-01-23,8883
6276,安鈦克,32,12,20,國泰-松江,2024-01-23,8883
00664R,國泰臺灣加權反1,20,0,20,國泰-松江,2024-01-23,8883
4109,加捷生醫,20,0,20,國泰-松江,2024-01-23,8883
1325,恆大,20,1,19,國泰-松江,2024-01-23,8883
2301,光寶科,19,1,18,國泰-松江,2024-01-23,8883
5269,祥碩,25,8,17,國泰-松江,2024-01-23,8883
2344,華邦電,40,24,16,國泰-松江,2024-01-23,8883
2324,仁寶,37,21,16,國泰-松江,2024-01-23,8883
2886,兆豐金,20,4,16,國泰-松江,2024-01-23,8883
00706L,期元大S＆P日圓正2,17,1,16,國泰-松江,2024-01-23,8883
2601,益航,16,0,16,國泰-松江,2024-01-23,8883
1795,美時,26,11,15,國泰-松江,2024-01-23,8883
3615,安可,62,47,15,國泰-松江,2024-01-23,8883
8215,明基材,16,2,14,國泰-松江,2024-01-23,8883
2014,中鴻,16,3,13,國泰-松江,2024-01-23,8883
00918,大華優利高填息30,13,0,13,國泰-松江,2024-01-23,8883
2610,華航,38,25,13,國泰-松江,2024-01-23,8883
3231,緯創,673,54,619,國泰-松江,2024-01-24,8883
2353,宏��,350,105,245,國泰-松江,2024-01-24,8883
00937B,群益ESG投等債20,179,1,178,國泰-松江,2024-01-24,8883
00680L,元大美債20正2,161,2,159,國泰-松江,2024-01-24,8883
2356,英業達,261,121,140,國泰-松江,2024-01-24,8883
2201,裕隆,138,6,132,國泰-松江,2024-01-24,8883
5009,榮剛,131,3,128,國泰-松江,2024-01-24,8883
00655L,國泰中國A50正2,127,0,127,國泰-松江,2024-01-24,8883
00633L,富邦上証正2,126,0,126,國泰-松江,2024-01-24,8883
00687B,國泰20年美債,126,2,124,國泰-松江,2024-01-24,8883
5244,弘凱,124,3,121,國泰-松江,2024-01-24,8883
00753L,中信中國50正2,115,0,115,國泰-松江,2024-01-24,8883
2888,新光金,104,0,104,國泰-松江,2024-01-24,8883
00679B,元大美債20年,94,2,92,國泰-松江,2024-01-24,8883
00665L,富邦�琤肭磪囓�2,107,38,69,國泰-松江,2024-01-24,8883
2357,華碩,60,0,60,國泰-松江,2024-01-24,8883
9945,潤泰新,55,0,55,國泰-松江,2024-01-24,8883
00637L,元大滬深300正2,55,2,53,國泰-松江,2024-01-24,8883
00650L,復華香港正2,57,5,52,國泰-松江,2024-01-24,8883
00882,中信中國高股息,90,38,52,國泰-松江,2024-01-24,8883
2515,中工,52,2,50,國泰-松江,2024-01-24,8883
3380,明泰,50,0,50,國泰-松江,2024-01-24,8883
2409,友達,47,4,43,國泰-松江,2024-01-24,8883
00720B,元大投資級公司債,46,4,42,國泰-松江,2024-01-24,8883
3545,敦泰,46,5,41,國泰-松江,2024-01-24,8883
2498,宏達電,51,11,40,國泰-松江,2024-01-24,8883
00929,復華台灣科技優息,86,47,39,國泰-松江,2024-01-24,8883
2615,萬海,52,13,39,國泰-松江,2024-01-24,8883
00751B,元大AAA至A公司債,36,0,36,國泰-松江,2024-01-24,8883
6799,來頡,35,2,33,國泰-松江,2024-01-24,8883
00632R,元大台灣50反1,33,0,33,國泰-松江,2024-01-24,8883
4737,華廣,34,1,33,國泰-松江,2024-01-24,8883
3260,威剛,63,33,30,國泰-松江,2024-01-24,8883
00933B,國泰10Y+金融債,26,0,26,國泰-松江,2024-01-24,8883
3706,神達,167,141,26,國泰-松江,2024-01-24,8883
00688L,國泰20年美債正2,26,1,25,國泰-松江,2024-01-24,8883
2331,精英,46,22,24,國泰-松江,2024-01-24,8883
3548,兆利,38,15,23,國泰-松江,2024-01-24,8883
8105,凌巨,30,7,23,國泰-松江,2024-01-24,8883
2884,玉山金,22,1,21,國泰-松江,2024-01-24,8883
2344,華邦電,71,50,21,國泰-松江,2024-01-24,8883
2317,鴻海,38,17,21,國泰-松江,2024-01-24,8883
3437,榮創,23,3,20,國泰-松江,2024-01-24,8883
3189,景碩,20,0,20,國泰-松江,2024-01-24,8883
3711,日月光投控,40,21,19,國泰-松江,2024-01-24,8883
1504,東元,21,2,19,國泰-松江,2024-01-24,8883
8110,華東,20,2,18,國泰-松江,2024-01-24,8883
2455,全新,20,2,18,國泰-松江,2024-01-24,8883
1503,士電,47,30,17,國泰-松江,2024-01-24,8883
4123,晟德,24,7,17,國泰-松江,2024-01-24,8883
00687B,國泰20年美債,428,10,418,國泰-松江,2024-01-25,8883
5244,弘凱,211,21,190,國泰-松江,2024-01-25,8883
00929,復華台灣科技優息,334,229,105,國泰-松江,2024-01-25,8883
8064,東捷,171,69,102,國泰-松江,2024-01-25,8883
2356,英業達,224,123,101,國泰-松江,2024-01-25,8883
00933B,國泰10Y+金融債,93,3,90,國泰-松江,2024-01-25,8883
2443,昶虹,61,0,61,國泰-松江,2024-01-25,8883
2609,陽明,88,33,55,國泰-松江,2024-01-25,8883
00679B,元大美債20年,67,15,52,國泰-松江,2024-01-25,8883
00688L,國泰20年美債正2,50,0,50,國泰-松江,2024-01-25,8883
3390,旭軟,48,0,48,國泰-松江,2024-01-25,8883
00720B,元大投資級公司債,45,1,44,國泰-松江,2024-01-25,8883
1503,士電,44,3,41,國泰-松江,2024-01-25,8883
00632R,元大台灣50反1,39,0,39,國泰-松江,2024-01-25,8883
2344,華邦電,73,35,38,國泰-松江,2024-01-25,8883
4720,德淵,36,0,36,國泰-松江,2024-01-25,8883
00919,群益台灣精選高息,167,137,30,國泰-松江,2024-01-25,8883
1514,亞力,35,5,30,國泰-松江,2024-01-25,8883
00706L,期元大S＆P日圓正2,30,1,29,國泰-松江,2024-01-25,8883
1455,集盛,28,0,28,國泰-松江,2024-01-25,8883
8092,建暐,28,0,28,國泰-松江,2024-01-25,8883
2888,新光金,107,80,27,國泰-松江,2024-01-25,8883
2641,正德,27,0,27,國泰-松江,2024-01-25,8883
2618,長榮航,34,8,26,國泰-松江,2024-01-25,8883
2498,宏達電,26,0,26,國泰-松江,2024-01-25,8883
3047,訊舟,36,11,25,國泰-松江,2024-01-25,8883
8054,安國,30,7,23,國泰-松江,2024-01-25,8883
4999,鑫禾,22,0,22,國泰-松江,2024-01-25,8883
6799,來頡,24,2,22,國泰-松江,2024-01-25,8883
00795B,中信美國公債20年,24,3,21,國泰-松江,2024-01-25,8883
3712,永崴投控,23,2,21,國泰-松江,2024-01-25,8883
00712,復華富時不動產,27,6,21,國泰-松江,2024-01-25,8883
00680L,元大美債20正2,89,69,20,國泰-松江,2024-01-25,8883
3360,尚立,20,0,20,國泰-松江,2024-01-25,8883
4909,新復興,69,50,19,國泰-松江,2024-01-25,8883
00918,大華優利高填息30,20,2,18,國泰-松江,2024-01-25,8883
5009,榮剛,20,2,18,國泰-松江,2024-01-25,8883
2409,友達,28,11,17,國泰-松江,2024-01-25,8883
2365,昆盈,28,11,17,國泰-松江,2024-01-25,8883
6695,芯鼎,21,5,16,國泰-松江,2024-01-25,8883
2208,台船,19,4,15,國泰-松江,2024-01-25,8883
00772B,中信高評級公司債,32,17,15,國泰-松江,2024-01-25,8883
00907,永豐優息存股,15,0,15,國泰-松江,2024-01-25,8883
4906,正文,17,2,15,國泰-松江,2024-01-25,8883
2419,仲琦,15,0,15,國泰-松江,2024-01-25,8883
2421,建準,77,62,15,國泰-松江,2024-01-25,8883
2603,長榮,20,6,14,國泰-松江,2024-01-25,8883
2308,台達電,20,5,15,國泰-松江,2024-01-25,8883
00673R,期元大S＆P原油反1,14,0,14,國泰-松江,2024-01-25,8883
3037,欣興,34,20,14,國泰-松江,2024-01-25,8883
3576,聯合再生,223,0,223,國泰-松江,2024-01-26,8883
2303,聯電,171,32,139,國泰-松江,2024-01-26,8883
00919,群益台灣精選高息,146,26,120,國泰-松江,2024-01-26,8883
00655L,國泰中國A50正2,160,46,114,國泰-松江,2024-01-26,8883
2356,英業達,266,164,102,國泰-松江,2024-01-26,8883
00929,復華台灣科技優息,199,97,102,國泰-松江,2024-01-26,8883
00679B,元大美債20年,103,11,92,國泰-松江,2024-01-26,8883
00918,大華優利高填息30,78,0,78,國泰-松江,2024-01-26,8883
00687B,國泰20年美債,79,11,68,國泰-松江,2024-01-26,8883
00688L,國泰20年美債正2,66,0,66,國泰-松江,2024-01-26,8883
2353,宏��,161,98,63,國泰-松江,2024-01-26,8883
2421,建準,78,26,52,國泰-松江,2024-01-26,8883
6147,頎邦,44,0,44,國泰-松江,2024-01-26,8883
2609,陽明,57,17,40,國泰-松江,2024-01-26,8883
00927,群益半導體收益,32,0,32,國泰-松江,2024-01-26,8883
4720,德淵,32,0,32,國泰-松江,2024-01-26,8883
1305,華夏,30,0,30,國泰-松江,2024-01-26,8883
00665L,富邦�琤肭磪囓�2,128,98,30,國泰-松江,2024-01-26,8883
2603,長榮,42,13,29,國泰-松江,2024-01-26,8883
2365,昆盈,55,27,28,國泰-松江,2024-01-26,8883
00933B,國泰10Y+金融債,46,19,27,國泰-松江,2024-01-26,8883
2313,華通,32,6,26,國泰-松江,2024-01-26,8883
00632R,元大台灣50反1,25,0,25,國泰-松江,2024-01-26,8883
3390,旭軟,23,0,23,國泰-松江,2024-01-26,8883
1609,大亞,25,2,23,國泰-松江,2024-01-26,8883
00712,復華富時不動產,22,0,22,國泰-松江,2024-01-26,8883
00673R,期元大S＆P原油反1,21,0,21,國泰-松江,2024-01-26,8883
2382,廣達,65,45,20,國泰-松江,2024-01-26,8883
0056,元大高股息,58,38,20,國泰-松江,2024-01-26,8883
1809,中釉,21,2,19,國泰-松江,2024-01-26,8883
6270,倍微,39,20,19,國泰-松江,2024-01-26,8883
3189,景碩,21,4,17,國泰-松江,2024-01-26,8883
6235,華孚,28,11,17,國泰-松江,2024-01-26,8883
2363,矽統,16,0,16,國泰-松江,2024-01-26,8883
8210,勤誠,20,5,15,國泰-松江,2024-01-26,8883
1455,集盛,15,0,15,國泰-松江,2024-01-26,8883
3706,神達,29,14,15,國泰-松江,2024-01-26,8883
3605,宏致,17,2,15,國泰-松江,2024-01-26,8883
3623,富晶通,32,18,14,國泰-松江,2024-01-26,8883
3515,華擎,15,1,14,國泰-松江,2024-01-26,8883
3037,欣興,13,0,13,國泰-松江,2024-01-26,8883
2371,大同,14,1,13,國泰-松江,2024-01-26,8883
8064,東捷,14,1,13,國泰-松江,2024-01-26,8883
2855,統一證,15,2,13,國泰-松江,2024-01-26,8883
3312,弘憶股,20,7,13,國泰-松江,2024-01-26,8883
4304,勝昱,13,0,13,國泰-松江,2024-01-26,8883
5244,弘凱,19,6,13,國泰-松江,2024-01-26,8883
2618,長榮航,34,21,13,國泰-松江,2024-01-26,8883
00725B,國泰投資級公司債,15,3,12,國泰-松江,2024-01-26,8883
00900,富邦特選高股息30,12,0,12,國泰-松江,2024-01-26,8883
00687B,國泰20年美債,338,19,319,國泰-松江,2024-01-29,8883
00937B,群益ESG投等債20,151,4,147,國泰-松江,2024-01-29,8883
00679B,元大美債20年,113,2,111,國泰-松江,2024-01-29,8883
00795B,中信美國公債20年,72,0,72,國泰-松江,2024-01-29,8883
00673R,期元大S＆P原油反1,68,0,68,國泰-松江,2024-01-29,8883
2355,敬鵬,70,3,67,國泰-松江,2024-01-29,8883
4414,如興,60,0,60,國泰-松江,2024-01-29,8883
00632R,元大台灣50反1,55,0,55,國泰-松江,2024-01-29,8883
00688L,國泰20年美債正2,50,1,49,國泰-松江,2024-01-29,8883
00764B,群益25年美債,50,2,48,國泰-松江,2024-01-29,8883
00933B,國泰10Y+金融債,88,40,48,國泰-松江,2024-01-29,8883
8215,明基材,47,2,45,國泰-松江,2024-01-29,8883
2610,華航,58,14,44,國泰-松江,2024-01-29,8883
00751B,元大AAA至A公司債,46,4,42,國泰-松江,2024-01-29,8883
2421,建準,108,67,41,國泰-松江,2024-01-29,8883
00720B,元大投資級公司債,35,0,35,國泰-松江,2024-01-29,8883
1524,耿鼎,38,3,35,國泰-松江,2024-01-29,8883
1532,勤美,26,0,26,國泰-松江,2024-01-29,8883
00637L,元大滬深300正2,29,6,23,國泰-松江,2024-01-29,8883
2303,聯電,89,67,22,國泰-松江,2024-01-29,8883
1337,再生-KY,20,0,20,國泰-松江,2024-01-29,8883
00753L,中信中國50正2,20,0,20,國泰-松江,2024-01-29,8883
3535,晶彩科,25,5,20,國泰-松江,2024-01-29,8883
2883B,凱基金乙特,20,0,20,國泰-松江,2024-01-29,8883
00857B,永豐20年美公債,31,13,18,國泰-松江,2024-01-29,8883
2362,藍天,17,0,17,國泰-松江,2024-01-29,8883
8050,廣積,28,11,17,國泰-松江,2024-01-29,8883
4720,德淵,44,27,17,國泰-松江,2024-01-29,8883
6906,現觀科,17,0,17,國泰-松江,2024-01-29,8883
2486,一詮,26,12,14,國泰-松江,2024-01-29,8883
3622,洋華,36,22,14,國泰-松江,2024-01-29,8883
00712,復華富時不動產,15,1,14,國泰-松江,2024-01-29,8883
00931B,統一美債20年,14,1,13,國泰-松江,2024-01-29,8883
8054,安國,36,23,13,國泰-松江,2024-01-29,8883
6535,順藥,13,0,13,國泰-松江,2024-01-29,8883
00664R,國泰臺灣加權反1,13,0,13,國泰-松江,2024-01-29,8883
00633L,富邦上証正2,14,1,13,國泰-松江,2024-01-29,8883
4968,立積,31,19,12,國泰-松江,2024-01-29,8883
2201,裕隆,14,2,12,國泰-松江,2024-01-29,8883
2603,長榮,21,10,11,國泰-松江,2024-01-29,8883
1342,八貫,10,0,10,國泰-松江,2024-01-29,8883
6218,豪勉,10,0,10,國泰-松江,2024-01-29,8883
2337,旺宏,9,0,9,國泰-松江,2024-01-29,8883
3037,欣興,44,35,9,國泰-松江,2024-01-29,8883
3006,晶豪科,12,3,9,國泰-松江,2024-01-29,8883
2906,高林,11,2,9,國泰-松江,2024-01-29,8883
3025,星通,11,2,9,國泰-松江,2024-01-29,8883
3661,世芯-KY,15,7,8,國泰-松江,2024-01-29,8883
3035,智原,40,32,8,國泰-松江,2024-01-29,8883
2344,華邦電,20,12,8,國泰-松江,2024-01-29,8883
00937B,群益ESG投等債20,358,3,355,國泰-松江,2024-01-30,8883
00688L,國泰20年美債正2,175,9,166,國泰-松江,2024-01-30,8883
00679B,元大美債20年,143,6,137,國泰-松江,2024-01-30,8883
00680L,元大美債20正2,147,14,133,國泰-松江,2024-01-30,8883
2888,新光金,134,4,130,國泰-松江,2024-01-30,8883
2303,聯電,142,44,98,國泰-松江,2024-01-30,8883
00882,中信中國高股息,100,3,97,國泰-松江,2024-01-30,8883
3036,文曄,124,28,96,國泰-松江,2024-01-30,8883
00687B,國泰20年美債,118,38,80,國泰-松江,2024-01-30,8883
2371,大同,74,6,68,國泰-松江,2024-01-30,8883
2515,中工,66,0,66,國泰-松江,2024-01-30,8883
2356,英業達,111,49,62,國泰-松江,2024-01-30,8883
2352,佳世達,68,9,59,國泰-松江,2024-01-30,8883
2867,三商壽,49,0,49,國泰-松江,2024-01-30,8883
5426,振發,91,42,49,國泰-松江,2024-01-30,8883
2882,國泰金,52,3,49,國泰-松江,2024-01-30,8883
2421,建準,153,108,45,國泰-松江,2024-01-30,8883
2641,正德,46,6,40,國泰-松江,2024-01-30,8883
006208,富邦台50,40,7,33,國泰-松江,2024-01-30,8883
2324,仁寶,41,9,32,國泰-松江,2024-01-30,8883
00830,國泰費城半導體,40,8,32,國泰-松江,2024-01-30,8883
2002,中鋼,30,0,30,國泰-松江,2024-01-30,8883
1519,華城,64,36,28,國泰-松江,2024-01-30,8883
00715L,期街口布蘭特正2,27,0,27,國泰-松江,2024-01-30,8883
1326,台化,25,0,25,國泰-松江,2024-01-30,8883
8261,富鼎,25,0,25,國泰-松江,2024-01-30,8883
3706,神達,61,37,24,國泰-松江,2024-01-30,8883
00650L,復華香港正2,24,0,24,國泰-松江,2024-01-30,8883
00632R,元大台灣50反1,24,1,23,國泰-松江,2024-01-30,8883
2308,台達電,25,2,23,國泰-松江,2024-01-30,8883
3545,敦泰,22,0,22,國泰-松江,2024-01-30,8883
6715,嘉基,22,0,22,國泰-松江,2024-01-30,8883
2834,臺企銀,21,0,21,國泰-松江,2024-01-30,8883
5880,合庫金,21,0,21,國泰-松江,2024-01-30,8883
6869,雲豹能源,21,0,21,國泰-松江,2024-01-30,8883
00665L,富邦�琤肭磪囓�2,26,5,21,國泰-松江,2024-01-30,8883
1303,南亞,21,0,21,國泰-松江,2024-01-30,8883
3622,洋華,23,3,20,國泰-松江,2024-01-30,8883
5515,建國,20,0,20,國泰-松江,2024-01-30,8883
2020,美亞,20,0,20,國泰-松江,2024-01-30,8883
2317,鴻海,28,8,20,國泰-松江,2024-01-30,8883
2313,華通,34,16,18,國泰-松江,2024-01-30,8883
8064,東捷,66,48,18,國泰-松江,2024-01-30,8883
3362,先進光,23,7,16,國泰-松江,2024-01-30,8883
2486,一詮,23,8,15,國泰-松江,2024-01-30,8883
2344,華邦電,45,30,15,國泰-松江,2024-01-30,8883
3615,安可,21,6,15,國泰-松江,2024-01-30,8883
3339,泰谷,16,1,15,國泰-松江,2024-01-30,8883
3711,日月光投控,67,53,14,國泰-松江,2024-01-30,8883
7402,邑錡,14,0,14,國泰-松江,2024-01-30,8883
00680L,元大美債20正2,439,40,399,國泰-松江,2024-01-31,8883
00687B,國泰20年美債,397,20,377,國泰-松江,2024-01-31,8883
3055,蔚華科,237,62,175,國泰-松江,2024-01-31,8883
2354,鴻準,130,0,130,國泰-松江,2024-01-31,8883
00929,復華台灣科技優息,147,39,108,國泰-松江,2024-01-31,8883
00937B,群益ESG投等債20,126,25,101,國泰-松江,2024-01-31,8883
0056,元大高股息,114,31,83,國泰-松江,2024-01-31,8883
2888,新光金,76,1,75,國泰-松江,2024-01-31,8883
2371,大同,66,12,54,國泰-松江,2024-01-31,8883
6873,泓德能源,50,1,49,國泰-松江,2024-01-31,8883
4720,德淵,47,2,45,國泰-松江,2024-01-31,8883
3044,健鼎,46,2,44,國泰-松江,2024-01-31,8883
6179,亞通,67,23,44,國泰-松江,2024-01-31,8883
00830,國泰費城半導體,41,0,41,國泰-松江,2024-01-31,8883
3231,緯創,79,42,37,國泰-松江,2024-01-31,8883
2313,華通,47,11,36,國泰-松江,2024-01-31,8883
6218,豪勉,36,0,36,國泰-松江,2024-01-31,8883
2401,凌陽,35,0,35,國泰-松江,2024-01-31,8883
6715,嘉基,32,1,31,國泰-松江,2024-01-31,8883
8936,國統,94,63,31,國泰-松江,2024-01-31,8883
2356,英業達,63,34,29,國泰-松江,2024-01-31,8883
2634,漢翔,29,0,29,國泰-松江,2024-01-31,8883
3360,尚立,111,82,29,國泰-松江,2024-01-31,8883
3664,安瑞-KY,28,0,28,國泰-松江,2024-01-31,8883
5210,寶碩,30,2,28,國泰-松江,2024-01-31,8883
6425,易發,28,0,28,國泰-松江,2024-01-31,8883
2369,菱生,59,32,27,國泰-松江,2024-01-31,8883
2308,台達電,29,2,27,國泰-松江,2024-01-31,8883
2002,中鋼,30,6,24,國泰-松江,2024-01-31,8883
6770,力積電,29,6,23,國泰-松江,2024-01-31,8883
00650L,復華香港正2,21,0,21,國泰-松江,2024-01-31,8883
00933B,國泰10Y+金融債,52,31,21,國泰-松江,2024-01-31,8883
3605,宏致,23,3,20,國泰-松江,2024-01-31,8883
00764B,群益25年美債,20,0,20,國泰-松江,2024-01-31,8883
2515,中工,20,1,19,國泰-松江,2024-01-31,8883
00753L,中信中國50正2,30,11,19,國泰-松江,2024-01-31,8883
6113,亞矽,87,69,18,國泰-松江,2024-01-31,8883
00632R,元大台灣50反1,20,2,18,國泰-松江,2024-01-31,8883
2330,台積電,58,40,18,國泰-松江,2024-01-31,8883
2641,正德,17,0,17,國泰-松江,2024-01-31,8883
2382,廣達,34,17,17,國泰-松江,2024-01-31,8883
00679B,元大美債20年,56,40,16,國泰-松江,2024-01-31,8883
00712,復華富時不動產,22,7,15,國泰-松江,2024-01-31,8883
3362,先進光,28,13,15,國泰-松江,2024-01-31,8883
2355,敬鵬,27,12,15,國泰-松江,2024-01-31,8883
00696B,富邦美債20年,21,6,15,國泰-松江,2024-01-31,8883
3380,明泰,17,3,14,國泰-松江,2024-01-31,8883
2324,仁寶,19,5,14,國泰-松江,2024-01-31,8883
2303,聯電,46,32,14,國泰-松江,2024-01-31,8883
00923,群益台ESG低碳50,18,4,14,國泰-松江,2024-01-31,8883
00937B,群益ESG投等債20,269,92,177,國泰-松江,2024-02-01,8883
2065,世豐,145,0,145,國泰-松江,2024-02-01,8883
2812,台中銀,145,9,136,國泰-松江,2024-02-01,8883
3711,日月光投控,131,0,131,國泰-松江,2024-02-01,8883
00929,復華台灣科技優息,157,28,129,國泰-松江,2024-02-01,8883
00878,國泰永續高股息,158,32,126,國泰-松江,2024-02-01,8883
00712,復華富時不動產,110,9,101,國泰-松江,2024-02-01,8883
00753L,中信中國50正2,76,5,71,國泰-松江,2024-02-01,8883
3354,律勝,150,87,63,國泰-松江,2024-02-01,8883
2409,友達,85,30,55,國泰-松江,2024-02-01,8883
2888,新光金,60,8,52,國泰-松江,2024-02-01,8883
4174,浩鼎,51,0,51,國泰-松江,2024-02-01,8883
00665L,富邦�琤肭磪囓�2,47,0,47,國泰-松江,2024-02-01,8883
00857B,永豐20年美公債,45,0,45,國泰-松江,2024-02-01,8883
00679B,元大美債20年,51,10,41,國泰-松江,2024-02-01,8883
8936,國統,105,64,41,國泰-松江,2024-02-01,8883
8111,立��,39,1,38,國泰-松江,2024-02-01,8883
3615,安可,45,14,31,國泰-松江,2024-02-01,8883
2303,聯電,39,9,30,國泰-松江,2024-02-01,8883
00882,中信中國高股息,41,13,28,國泰-松江,2024-02-01,8883
00670L,富邦NASDAQ正2,27,0,27,國泰-松江,2024-02-01,8883
2486,一詮,41,16,25,國泰-松江,2024-02-01,8883
5876,上海商銀,24,1,23,國泰-松江,2024-02-01,8883
6425,易發,26,3,23,國泰-松江,2024-02-01,8883
2634,漢翔,24,2,22,國泰-松江,2024-02-01,8883
5512,力麒,22,0,22,國泰-松江,2024-02-01,8883
9924,福興,20,0,20,國泰-松江,2024-02-01,8883
1605,華新,21,1,20,國泰-松江,2024-02-01,8883
2454,聯發科,31,11,20,國泰-松江,2024-02-01,8883
00923,群益台ESG低碳50,23,4,19,國泰-松江,2024-02-01,8883
5244,弘凱,19,0,19,國泰-松江,2024-02-01,8883
00795B,中信美國公債20年,30,11,19,國泰-松江,2024-02-01,8883
3297,杭特,19,1,18,國泰-松江,2024-02-01,8883
2365,昆盈,21,3,18,國泰-松江,2024-02-01,8883
3532,台勝科,17,0,17,國泰-松江,2024-02-01,8883
3289,宜特,27,11,16,國泰-松江,2024-02-01,8883
3481,群創,55,39,16,國泰-松江,2024-02-01,8883
6530,創威,29,14,15,國泰-松江,2024-02-01,8883
3694,海華,60,47,13,國泰-松江,2024-02-01,8883
3715,定穎投控,54,41,13,國泰-松江,2024-02-01,8883
5009,榮剛,12,0,12,國泰-松江,2024-02-01,8883
2882,國泰金,27,15,12,國泰-松江,2024-02-01,8883
6265,方土昶,50,39,11,國泰-松江,2024-02-01,8883
5608,四維航,11,0,11,國泰-松江,2024-02-01,8883
8227,巨有科技,18,7,11,國泰-松江,2024-02-01,8883
2317,鴻海,14,4,10,國泰-松江,2024-02-01,8883
6147,頎邦,10,0,10,國泰-松江,2024-02-01,8883
6176,瑞儀,10,0,10,國泰-松江,2024-02-01,8883
3489,森寶,10,0,10,國泰-松江,2024-02-01,8883
1471,首利,10,0,10,國泰-松江,2024-02-01,8883
00937B,群益ESG投等債20,654,45,609,國泰-松江,2024-02-02,8883
00679B,元大美債20年,493,71,422,國泰-松江,2024-02-02,8883
00919,群益台灣精選高息,195,46,149,國泰-松江,2024-02-02,8883
00665L,富邦�琤肭磪囓�2,137,0,137,國泰-松江,2024-02-02,8883
2354,鴻準,131,0,131,國泰-松江,2024-02-02,8883
00933B,國泰10Y+金融債,137,8,129,國泰-松江,2024-02-02,8883
1529,樂事綠能,101,2,99,國泰-松江,2024-02-02,8883
3711,日月光投控,104,19,85,國泰-松江,2024-02-02,8883
00642U,期元大S＆P石油,65,1,64,國泰-松江,2024-02-02,8883
2603,長榮,72,15,57,國泰-松江,2024-02-02,8883
2609,陽明,80,26,54,國泰-松江,2024-02-02,8883
00715L,期街口布蘭特正2,44,0,44,國泰-松江,2024-02-02,8883
00764B,群益25年美債,58,16,42,國泰-松江,2024-02-02,8883
00712,復華富時不動產,44,4,40,國泰-松江,2024-02-02,8883
3313,斐成,40,0,40,國泰-松江,2024-02-02,8883
2329,華泰,77,38,39,國泰-松江,2024-02-02,8883
2905,三商,38,1,37,國泰-松江,2024-02-02,8883
1616,億泰,50,14,36,國泰-松江,2024-02-02,8883
6125,廣運,48,15,33,國泰-松江,2024-02-02,8883
2303,聯電,40,8,32,國泰-松江,2024-02-02,8883
3706,神達,46,15,31,國泰-松江,2024-02-02,8883
00637L,元大滬深300正2,26,0,26,國泰-松江,2024-02-02,8883
2369,菱生,28,2,26,國泰-松江,2024-02-02,8883
2408,南亞科,24,0,24,國泰-松江,2024-02-02,8883
2344,華邦電,37,13,24,國泰-松江,2024-02-02,8883
3363,上詮,34,10,24,國泰-松江,2024-02-02,8883
6276,安鈦克,28,5,23,國泰-松江,2024-02-02,8883
00772B,中信高評級公司債,56,33,23,國泰-松江,2024-02-02,8883
00915,凱基優選高股息30,23,1,22,國泰-松江,2024-02-02,8883
1514,亞力,32,10,22,國泰-松江,2024-02-02,8883
2515,中工,55,33,22,國泰-松江,2024-02-02,8883
5490,同亨,22,0,22,國泰-松江,2024-02-02,8883
1503,士電,59,37,22,國泰-松江,2024-02-02,8883
1605,華新,21,0,21,國泰-松江,2024-02-02,8883
2313,華通,42,21,21,國泰-松江,2024-02-02,8883
2897,王道銀行,20,0,20,國泰-松江,2024-02-02,8883
00921,兆豐龍頭等權重,20,0,20,國泰-松江,2024-02-02,8883
00907,永豐優息存股,20,0,20,國泰-松江,2024-02-02,8883
5381,合正,20,0,20,國泰-松江,2024-02-02,8883
5225,東科-KY,20,0,20,國泰-松江,2024-02-02,8883
00645,富邦日本,20,0,20,國泰-松江,2024-02-02,8883
6446,藥華藥,24,4,20,國泰-松江,2024-02-02,8883
3036,文曄,80,60,20,國泰-松江,2024-02-02,8883
2353,宏��,29,10,19,國泰-松江,2024-02-02,8883
00720B,元大投資級公司債,31,12,19,國泰-松江,2024-02-02,8883
2891,中信金,18,0,18,國泰-松江,2024-02-02,8883
2423,固緯,20,2,18,國泰-松江,2024-02-02,8883
1324,地球,23,5,18,國泰-松江,2024-02-02,8883
00751B,元大AAA至A公司債,27,10,17,國泰-松江,2024-02-02,8883
5425,台半,18,1,17,國泰-松江,2024-02-02,8883
4414,如興,427,0,427,國泰-松江,2024-02-05,8883
00937B,群益ESG投等債20,630,239,391,國泰-松江,2024-02-05,8883
00679B,元大美債20年,367,55,312,國泰-松江,2024-02-05,8883
00687B,國泰20年美債,358,72,286,國泰-松江,2024-02-05,8883
00680L,元大美債20正2,579,330,249,國泰-松江,2024-02-05,8883
00933B,國泰10Y+金融債,225,30,195,國泰-松江,2024-02-05,8883
00919,群益台灣精選高息,109,10,99,國泰-松江,2024-02-05,8883
00929,復華台灣科技優息,162,69,93,國泰-松江,2024-02-05,8883
00712,復華富時不動產,89,0,89,國泰-松江,2024-02-05,8883
00642U,期元大S＆P石油,88,0,88,國泰-松江,2024-02-05,8883
8054,安國,73,1,72,國泰-松江,2024-02-05,8883
00751B,元大AAA至A公司債,69,2,67,國泰-松江,2024-02-05,8883
2303,聯電,76,10,66,國泰-松江,2024-02-05,8883
00882,中信中國高股息,80,15,65,國泰-松江,2024-02-05,8883
2354,鴻準,61,0,61,國泰-松江,2024-02-05,8883
00795B,中信美國公債20年,61,6,55,國泰-松江,2024-02-05,8883
2329,華泰,94,39,55,國泰-松江,2024-02-05,8883
6695,芯鼎,133,89,44,國泰-松江,2024-02-05,8883
8473,山林水,42,0,42,國泰-松江,2024-02-05,8883
2515,中工,46,5,41,國泰-松江,2024-02-05,8883
3231,緯創,207,167,40,國泰-松江,2024-02-05,8883
00715L,期街口布蘭特正2,40,0,40,國泰-松江,2024-02-05,8883
2884,玉山金,61,22,39,國泰-松江,2024-02-05,8883
2889,國票金,40,3,37,國泰-松江,2024-02-05,8883
00688L,國泰20年美債正2,60,28,32,國泰-松江,2024-02-05,8883
9924,福興,31,0,31,國泰-松江,2024-02-05,8883
2882,國泰金,36,7,29,國泰-松江,2024-02-05,8883
00670L,富邦NASDAQ正2,30,1,29,國泰-松江,2024-02-05,8883
00632R,元大台灣50反1,55,26,29,國泰-松江,2024-02-05,8883
2887,台新金,34,5,29,國泰-松江,2024-02-05,8883
3363,上詮,33,5,28,國泰-松江,2024-02-05,8883
2002,中鋼,31,4,27,國泰-松江,2024-02-05,8883
8996,高力,78,51,27,國泰-松江,2024-02-05,8883
2888,新光金,28,2,26,國泰-松江,2024-02-05,8883
00857B,永豐20年美公債,51,25,26,國泰-松江,2024-02-05,8883
3711,日月光投控,61,36,25,國泰-松江,2024-02-05,8883
00665L,富邦�琤肭磪囓�2,25,0,25,國泰-松江,2024-02-05,8883
2025,千興,25,1,24,國泰-松江,2024-02-05,8883
00931B,統一美債20年,31,8,23,國泰-松江,2024-02-05,8883
3376,新日興,55,35,20,國泰-松江,2024-02-05,8883
3443,創意,29,9,20,國泰-松江,2024-02-05,8883
6005,群益證,20,0,20,國泰-松江,2024-02-05,8883
6153,嘉聯益,27,7,20,國泰-松江,2024-02-05,8883
5210,寶碩,20,0,20,國泰-松江,2024-02-05,8883
2537,聯上發,20,0,20,國泰-松江,2024-02-05,8883
00830,國泰費城半導體,24,4,20,國泰-松江,2024-02-05,8883
00891,中信關鍵半導體,32,13,19,國泰-松江,2024-02-05,8883
8210,勤誠,29,10,19,國泰-松江,2024-02-05,8883
00885,富邦越南,47,29,18,國泰-松江,2024-02-05,8883
00918,大華優利高填息30,18,0,18,國泰-松江,2024-02-05,8883
00937B,群益ESG投等債20,1016,83,933,國泰-松江,2024-02-15,8883
00687B,國泰20年美債,582,37,545,國泰-松江,2024-02-15,8883
00751B,元大AAA至A公司債,305,0,305,國泰-松江,2024-02-15,8883
00933B,國泰10Y+金融債,289,10,279,國泰-松江,2024-02-15,8883
00680L,元大美債20正2,352,111,241,國泰-松江,2024-02-15,8883
00720B,元大投資級公司債,237,26,211,國泰-松江,2024-02-15,8883
00688L,國泰20年美債正2,189,0,189,國泰-松江,2024-02-15,8883
00673R,期元大S＆P原油反1,121,0,121,國泰-松江,2024-02-15,8883
00679B,元大美債20年,325,213,112,國泰-松江,2024-02-15,8883
00772B,中信高評級公司債,92,4,88,國泰-松江,2024-02-15,8883
00795B,中信美國公債20年,84,1,83,國泰-松江,2024-02-15,8883
2344,華邦電,122,40,82,國泰-松江,2024-02-15,8883
2408,南亞科,111,32,79,國泰-松江,2024-02-15,8883
1513,中興電,72,2,70,國泰-松江,2024-02-15,8883
8936,國統,93,28,65,國泰-松江,2024-02-15,8883
00919,群益台灣精選高息,220,156,64,國泰-松江,2024-02-15,8883
00764B,群益25年美債,57,0,57,國泰-松江,2024-02-15,8883
00918,大華優利高填息30,66,13,53,國泰-松江,2024-02-15,8883
5426,振發,60,7,53,國泰-松江,2024-02-15,8883
3206,志豐,53,4,49,國泰-松江,2024-02-15,8883
3605,宏致,49,0,49,國泰-松江,2024-02-15,8883
00931B,統一美債20年,49,1,48,國泰-松江,2024-02-15,8883
2618,長榮航,62,20,42,國泰-松江,2024-02-15,8883
2317,鴻海,52,12,40,國泰-松江,2024-02-15,8883
3380,明泰,42,4,38,國泰-松江,2024-02-15,8883
2881,富邦金,46,9,37,國泰-松江,2024-02-15,8883
00645,富邦日本,31,0,31,國泰-松江,2024-02-15,8883
020030,統一智慧電動車N,31,0,31,國泰-松江,2024-02-15,8883
00882,中信中國高股息,68,38,30,國泰-松江,2024-02-15,8883
2515,中工,45,15,30,國泰-松江,2024-02-15,8883
00639,富邦深100,30,0,30,國泰-松江,2024-02-15,8883
3036,文曄,62,35,27,國泰-松江,2024-02-15,8883
2888,新光金,42,15,27,國泰-松江,2024-02-15,8883
2025,千興,36,10,26,國泰-松江,2024-02-15,8883
3481,群創,81,55,26,國泰-松江,2024-02-15,8883
00664R,國泰臺灣加權反1,26,0,26,國泰-松江,2024-02-15,8883
8996,高力,49,24,25,國泰-松江,2024-02-15,8883
4549,桓達,24,0,24,國泰-松江,2024-02-15,8883
2409,友達,22,0,22,國泰-松江,2024-02-15,8883
4129,聯合,23,1,22,國泰-松江,2024-02-15,8883
2603,長榮,59,37,22,國泰-松江,2024-02-15,8883
6719,力智,23,2,21,國泰-松江,2024-02-15,8883
3052,夆典,21,0,21,國泰-松江,2024-02-15,8883
2002,中鋼,35,16,19,國泰-松江,2024-02-15,8883
6179,亞通,23,5,18,國泰-松江,2024-02-15,8883
6282,康舒,21,3,18,國泰-松江,2024-02-15,8883
00928,中信上櫃ESG30,17,0,17,國泰-松江,2024-02-15,8883
9941,裕融,17,0,17,國泰-松江,2024-02-15,8883
6770,力積電,140,124,16,國泰-松江,2024-02-15,8883
00706L,期元大S＆P日圓正2,16,0,16,國泰-松江,2024-02-15,8883
00632R,元大台灣50反1,2053,5,2048,國泰-松江,2024-02-16,8883
00919,群益台灣精選高息,454,87,367,國泰-松江,2024-02-16,8883
00680L,元大美債20正2,703,336,367,國泰-松江,2024-02-16,8883
00687B,國泰20年美債,323,4,319,國泰-松江,2024-02-16,8883
00933B,國泰10Y+金融債,215,1,214,國泰-松江,2024-02-16,8883
00937B,群益ESG投等債20,215,112,103,國泰-松江,2024-02-16,8883
00751B,元大AAA至A公司債,101,2,99,國泰-松江,2024-02-16,8883
1722,台肥,100,2,98,國泰-松江,2024-02-16,8883
00795B,中信美國公債20年,98,3,95,國泰-松江,2024-02-16,8883
2317,鴻海,117,25,92,國泰-松江,2024-02-16,8883
00679B,元大美債20年,104,14,90,國泰-松江,2024-02-16,8883
00773B,中信優先金融債,83,0,83,國泰-松江,2024-02-16,8883
2353,宏��,241,159,82,國泰-松江,2024-02-16,8883
6684,安格,111,32,79,國泰-松江,2024-02-16,8883
4414,如興,78,0,78,國泰-松江,2024-02-16,8883
8936,國統,91,24,67,國泰-松江,2024-02-16,8883
5521,工信,67,6,61,國泰-松江,2024-02-16,8883
00688L,國泰20年美債正2,56,0,56,國泰-松江,2024-02-16,8883
00753L,中信中國50正2,82,29,53,國泰-松江,2024-02-16,8883
3588,通嘉,54,3,51,國泰-松江,2024-02-16,8883
1316,上曜,71,20,51,國泰-松江,2024-02-16,8883
6265,方土昶,51,1,50,國泰-松江,2024-02-16,8883
00772B,中信高評級公司債,49,3,46,國泰-松江,2024-02-16,8883
2641,正德,46,0,46,國泰-松江,2024-02-16,8883
00857B,永豐20年美公債,79,36,43,國泰-松江,2024-02-16,8883
3362,先進光,46,3,43,國泰-松江,2024-02-16,8883
2888,新光金,42,2,40,國泰-松江,2024-02-16,8883
6187,萬潤,57,17,40,國泰-松江,2024-02-16,8883
2537,聯上發,40,1,39,國泰-松江,2024-02-16,8883
00878,國泰永續高股息,196,161,35,國泰-松江,2024-02-16,8883
00931B,統一美債20年,40,6,34,國泰-松江,2024-02-16,8883
3231,緯創,325,292,33,國泰-松江,2024-02-16,8883
00720B,元大投資級公司債,37,4,33,國泰-松江,2024-02-16,8883
6869,雲豹能源,33,0,33,國泰-松江,2024-02-16,8883
2367,燿華,35,3,32,國泰-松江,2024-02-16,8883
00673R,期元大S＆P原油反1,31,0,31,國泰-松江,2024-02-16,8883
2390,云辰,35,5,30,國泰-松江,2024-02-16,8883
1101,台泥,31,3,28,國泰-松江,2024-02-16,8883
2408,南亞科,34,7,27,國泰-松江,2024-02-16,8883
00877,復華中國5G,32,5,27,國泰-松江,2024-02-16,8883
3078,僑威,30,6,24,國泰-松江,2024-02-16,8883
6120,達運,43,19,24,國泰-松江,2024-02-16,8883
3035,智原,36,13,23,國泰-松江,2024-02-16,8883
7402,邑錡,25,4,21,國泰-松江,2024-02-16,8883
2515,中工,27,6,21,國泰-松江,2024-02-16,8883
6695,芯鼎,70,50,20,國泰-松江,2024-02-16,8883
5880,合庫金,20,1,19,國泰-松江,2024-02-16,8883
6799,來頡,19,0,19,國泰-松江,2024-02-16,8883
3360,尚立,18,0,18,國泰-松江,2024-02-16,8883
2365,昆盈,102,84,18,國泰-松江,2024-02-16,8883
00687B,國泰20年美債,402,10,392,國泰-松江,2024-02-19,8883
00933B,國泰10Y+金融債,353,2,351,國泰-松江,2024-02-19,8883
00878,國泰永續高股息,312,38,274,國泰-松江,2024-02-19,8883
00937B,群益ESG投等債20,257,56,201,國泰-松江,2024-02-19,8883
5515,建國,120,1,119,國泰-松江,2024-02-19,8883
00680L,元大美債20正2,162,58,104,國泰-松江,2024-02-19,8883
2515,中工,118,25,93,國泰-松江,2024-02-19,8883
00679B,元大美債20年,92,19,73,國泰-松江,2024-02-19,8883
1513,中興電,108,41,67,國泰-松江,2024-02-19,8883
3437,榮創,89,24,65,國泰-松江,2024-02-19,8883
3260,威剛,74,17,57,國泰-松江,2024-02-19,8883
2356,英業達,114,59,55,國泰-松江,2024-02-19,8883
6197,佳必琪,51,0,51,國泰-松江,2024-02-19,8883
2382,廣達,113,62,51,國泰-松江,2024-02-19,8883
2401,凌陽,51,1,50,國泰-松江,2024-02-19,8883
2365,昆盈,122,74,48,國泰-松江,2024-02-19,8883
3535,晶彩科,61,14,47,國泰-松江,2024-02-19,8883
3706,神達,50,3,47,國泰-松江,2024-02-19,8883
00720B,元大投資級公司債,47,4,43,國泰-松江,2024-02-19,8883
3047,訊舟,45,4,41,國泰-松江,2024-02-19,8883
3715,定穎投控,69,30,39,國泰-松江,2024-02-19,8883
2352,佳世達,39,2,37,國泰-松江,2024-02-19,8883
00795B,中信美國公債20年,37,1,36,國泰-松江,2024-02-19,8883
6288,聯嘉,37,2,35,國泰-松江,2024-02-19,8883
00688L,國泰20年美債正2,35,0,35,國泰-松江,2024-02-19,8883
1806,冠軍,56,21,35,國泰-松江,2024-02-19,8883
3035,智原,70,37,33,國泰-松江,2024-02-19,8883
2201,裕隆,38,5,33,國泰-松江,2024-02-19,8883
6274,台燿,61,29,32,國泰-松江,2024-02-19,8883
00712,復華富時不動產,70,38,32,國泰-松江,2024-02-19,8883
3376,新日興,35,8,27,國泰-松江,2024-02-19,8883
2834,臺企銀,54,27,27,國泰-松江,2024-02-19,8883
2329,華泰,167,141,26,國泰-松江,2024-02-19,8883
6189,豐藝,35,9,26,國泰-松江,2024-02-19,8883
6125,廣運,82,57,25,國泰-松江,2024-02-19,8883
2618,長榮航,29,5,24,國泰-松江,2024-02-19,8883
5443,均豪,55,31,24,國泰-松江,2024-02-19,8883
8027,鈦昇,31,7,24,國泰-松江,2024-02-19,8883
00857B,永豐20年美公債,64,40,24,國泰-松江,2024-02-19,8883
3532,台勝科,23,0,23,國泰-松江,2024-02-19,8883
00673R,期元大S＆P原油反1,23,0,23,國泰-松江,2024-02-19,8883
3711,日月光投控,32,10,22,國泰-松江,2024-02-19,8883
00882,中信中國高股息,32,11,21,國泰-松江,2024-02-19,8883
2880,華南金,23,2,21,國泰-松江,2024-02-19,8883
5521,工信,22,2,20,國泰-松江,2024-02-19,8883
2530,華建,20,0,20,國泰-松江,2024-02-19,8883
00642U,期元大S＆P石油,20,1,19,國泰-松江,2024-02-19,8883
2353,宏��,136,118,18,國泰-松江,2024-02-19,8883
5426,振發,111,93,18,國泰-松江,2024-02-19,8883
00770,國泰北美科技,20,2,18,國泰-松江,2024-02-19,8883
00933B,國泰10Y+金融債,214,11,203,國泰-松江,2024-02-20,8883
00687B,國泰20年美債,136,24,112,國泰-松江,2024-02-20,8883
00937B,群益ESG投等債20,136,40,96,國泰-松江,2024-02-20,8883
2371,大同,100,10,90,國泰-松江,2024-02-20,8883
00632R,元大台灣50反1,82,0,82,國泰-松江,2024-02-20,8883
00931B,統一美債20年,77,0,77,國泰-松江,2024-02-20,8883
3437,榮創,111,40,71,國泰-松江,2024-02-20,8883
00885,富邦越南,72,1,71,國泰-松江,2024-02-20,8883
2855,統一證,70,1,69,國泰-松江,2024-02-20,8883
2883,凱基金,102,38,64,國泰-松江,2024-02-20,8883
3481,群創,76,18,58,國泰-松江,2024-02-20,8883
00680L,元大美債20正2,91,36,55,國泰-松江,2024-02-20,8883
4714,永捷,134,79,55,國泰-松江,2024-02-20,8883
1809,中釉,79,28,51,國泰-松江,2024-02-20,8883
00688L,國泰20年美債正2,51,0,51,國泰-松江,2024-02-20,8883
00679B,元大美債20年,47,1,46,國泰-松江,2024-02-20,8883
1815,富喬,78,32,46,國泰-松江,2024-02-20,8883
2443,昶虹,45,0,45,國泰-松江,2024-02-20,8883
2888,新光金,55,11,44,國泰-松江,2024-02-20,8883
6187,萬潤,46,4,42,國泰-松江,2024-02-20,8883
00720B,元大投資級公司債,38,0,38,國泰-松江,2024-02-20,8883
3706,神達,48,10,38,國泰-松江,2024-02-20,8883
6806,森崴能源,43,5,38,國泰-松江,2024-02-20,8883
1503,士電,66,29,37,國泰-松江,2024-02-20,8883
1513,中興電,62,28,34,國泰-松江,2024-02-20,8883
2376,技嘉,71,37,34,國泰-松江,2024-02-20,8883
2353,宏��,47,16,31,國泰-松江,2024-02-20,8883
2399,映泰,32,1,31,國泰-松江,2024-02-20,8883
2431,聯昌,33,3,30,國泰-松江,2024-02-20,8883
8111,立��,51,21,30,國泰-松江,2024-02-20,8883
2344,華邦電,58,28,30,國泰-松江,2024-02-20,8883
006208,富邦台50,42,12,30,國泰-松江,2024-02-20,8883
00751B,元大AAA至A公司債,49,20,29,國泰-松江,2024-02-20,8883
2457,飛宏,40,11,29,國泰-松江,2024-02-20,8883
4960,誠美材,28,0,28,國泰-松江,2024-02-20,8883
00795B,中信美國公債20年,32,6,26,國泰-松江,2024-02-20,8883
00772B,中信高評級公司債,29,3,26,國泰-松江,2024-02-20,8883
3231,緯創,89,64,25,國泰-松江,2024-02-20,8883
6005,群益證,25,0,25,國泰-松江,2024-02-20,8883
00673R,期元大S＆P原油反1,75,50,25,國泰-松江,2024-02-20,8883
3712,永崴投控,38,13,25,國泰-松江,2024-02-20,8883
5426,振發,32,8,24,國泰-松江,2024-02-20,8883
3450,聯鈞,55,34,21,國泰-松江,2024-02-20,8883
00923,群益台ESG低碳50,26,6,20,國泰-松江,2024-02-20,8883
5351,鈺創,42,23,19,國泰-松江,2024-02-20,8883
2367,燿華,26,7,19,國泰-松江,2024-02-20,8883
1584,精剛,20,1,19,國泰-松江,2024-02-20,8883
6282,康舒,125,106,19,國泰-松江,2024-02-20,8883
00830,國泰費城半導體,19,1,18,國泰-松江,2024-02-20,8883
3321,同泰,18,0,18,國泰-松江,2024-02-20,8883
00919,群益台灣精選高息,554,135,419,國泰-松江,2024-02-21,8883
2887,台新金,406,23,383,國泰-松江,2024-02-21,8883
00878,國泰永續高股息,344,112,232,國泰-松江,2024-02-21,8883
00795B,中信美國公債20年,232,5,227,國泰-松江,2024-02-21,8883
00751B,元大AAA至A公司債,172,0,172,國泰-松江,2024-02-21,8883
00937B,群益ESG投等債20,191,29,162,國泰-松江,2024-02-21,8883
00720B,元大投資級公司債,158,3,155,國泰-松江,2024-02-21,8883
00933B,國泰10Y+金融債,162,21,141,國泰-松江,2024-02-21,8883
00725B,國泰投資級公司債,141,10,131,國泰-松江,2024-02-21,8883
00632R,元大台灣50反1,110,0,110,國泰-松江,2024-02-21,8883
00687B,國泰20年美債,230,121,109,國泰-松江,2024-02-21,8883
00637L,元大滬深300正2,139,36,103,國泰-松江,2024-02-21,8883
00712,復華富時不動產,79,10,69,國泰-松江,2024-02-21,8883
00891,中信關鍵半導體,70,4,66,國泰-松江,2024-02-21,8883
2539,櫻花建,64,0,64,國泰-松江,2024-02-21,8883
2338,光罩,66,3,63,國泰-松江,2024-02-21,8883
2354,鴻準,62,0,62,國泰-松江,2024-02-21,8883
00680L,元大美債20正2,57,0,57,國泰-松江,2024-02-21,8883
3035,智原,123,66,57,國泰-松江,2024-02-21,8883
00753L,中信中國50正2,67,12,55,國泰-松江,2024-02-21,8883
00679B,元大美債20年,74,21,53,國泰-松江,2024-02-21,8883
2332,友訊,49,1,48,國泰-松江,2024-02-21,8883
2355,敬鵬,60,16,44,國泰-松江,2024-02-21,8883
00764B,群益25年美債,43,0,43,國泰-松江,2024-02-21,8883
3055,蔚華科,118,76,42,國泰-松江,2024-02-21,8883
2745,五福,40,0,40,國泰-松江,2024-02-21,8883
2882,國泰金,38,1,37,國泰-松江,2024-02-21,8883
2515,中工,49,13,36,國泰-松江,2024-02-21,8883
00688L,國泰20年美債正2,35,1,34,國泰-松江,2024-02-21,8883
2401,凌陽,36,2,34,國泰-松江,2024-02-21,8883
6165,浪凡,36,2,34,國泰-松江,2024-02-21,8883
1455,集盛,39,6,33,國泰-松江,2024-02-21,8883
6282,康舒,62,31,31,國泰-松江,2024-02-21,8883
1513,中興電,93,62,31,國泰-松江,2024-02-21,8883
3481,群創,33,3,30,國泰-松江,2024-02-21,8883
00700,富邦�琤肭磪�,30,0,30,國泰-松江,2024-02-21,8883
00639,富邦深100,30,0,30,國泰-松江,2024-02-21,8883
006206,元大上證50,30,1,29,國泰-松江,2024-02-21,8883
2457,飛宏,36,8,28,國泰-松江,2024-02-21,8883
00752,中信中國50,28,0,28,國泰-松江,2024-02-21,8883
1514,亞力,95,70,25,國泰-松江,2024-02-21,8883
1416,廣豐,25,0,25,國泰-松江,2024-02-21,8883
00645,富邦日本,25,0,25,國泰-松江,2024-02-21,8883
2352,佳世達,26,1,25,國泰-松江,2024-02-21,8883
6120,達運,24,0,24,國泰-松江,2024-02-21,8883
2884,玉山金,25,1,24,國泰-松江,2024-02-21,8883
2303,聯電,40,16,24,國泰-松江,2024-02-21,8883
2383,台光電,47,23,24,國泰-松江,2024-02-21,8883
4714,永捷,25,2,23,國泰-松江,2024-02-21,8883
6290,良維,41,19,22,國泰-松江,2024-02-21,8883
00687B,國泰20年美債,602,10,592,國泰-松江,2024-02-22,8883
00937B,群益ESG投等債20,229,54,175,國泰-松江,2024-02-22,8883
00933B,國泰10Y+金融債,230,55,175,國泰-松江,2024-02-22,8883
00878,國泰永續高股息,206,41,165,國泰-松江,2024-02-22,8883
00680L,元大美債20正2,137,7,130,國泰-松江,2024-02-22,8883
00795B,中信美國公債20年,136,32,104,國泰-松江,2024-02-22,8883
1503,士電,170,81,89,國泰-松江,2024-02-22,8883
1815,富喬,129,40,89,國泰-松江,2024-02-22,8883
00665L,富邦�琤肭磪囓�2,113,30,83,國泰-松江,2024-02-22,8883
00679B,元大美債20年,79,0,79,國泰-松江,2024-02-22,8883
6187,萬潤,83,5,78,國泰-松江,2024-02-22,8883
3645,達邁,77,1,76,國泰-松江,2024-02-22,8883
2884,玉山金,62,3,59,國泰-松江,2024-02-22,8883
2371,大同,143,84,59,國泰-松江,2024-02-22,8883
4174,浩鼎,56,0,56,國泰-松江,2024-02-22,8883
8936,國統,89,35,54,國泰-松江,2024-02-22,8883
6265,方土昶,53,0,53,國泰-松江,2024-02-22,8883
3588,通嘉,115,68,47,國泰-松江,2024-02-22,8883
3711,日月光投控,73,28,45,國泰-松江,2024-02-22,8883
1609,大亞,49,5,44,國泰-松江,2024-02-22,8883
3206,志豐,49,6,43,國泰-松江,2024-02-22,8883
9136,巨騰-DR,40,0,40,國泰-松江,2024-02-22,8883
2329,華泰,285,247,38,國泰-松江,2024-02-22,8883
00936,台新永續高息中小,36,0,36,國泰-松江,2024-02-22,8883
2369,菱生,42,7,35,國泰-松江,2024-02-22,8883
2887,台新金,37,4,33,國泰-松江,2024-02-22,8883
2812,台中銀,35,2,33,國泰-松江,2024-02-22,8883
5469,瀚宇博,35,2,33,國泰-松江,2024-02-22,8883
5871,中租-KY,36,4,32,國泰-松江,2024-02-22,8883
00688L,國泰20年美債正2,32,1,31,國泰-松江,2024-02-22,8883
00764B,群益25年美債,29,0,29,國泰-松江,2024-02-22,8883
00753L,中信中國50正2,31,3,28,國泰-松江,2024-02-22,8883
1524,耿鼎,31,4,27,國泰-松江,2024-02-22,8883
3221,台嘉碩,32,5,27,國泰-松江,2024-02-22,8883
2484,希華,29,3,26,國泰-松江,2024-02-22,8883
00927,群益半導體收益,33,7,26,國泰-松江,2024-02-22,8883
2355,敬鵬,52,26,26,國泰-松江,2024-02-22,8883
6233,旺玖,86,62,24,國泰-松江,2024-02-22,8883
2489,瑞軒,45,22,23,國泰-松江,2024-02-22,8883
1303,南亞,22,0,22,國泰-松江,2024-02-22,8883
00720B,元大投資級公司債,42,20,22,國泰-松江,2024-02-22,8883
00650L,復華香港正2,52,30,22,國泰-松江,2024-02-22,8883
3006,晶豪科,27,5,22,國泰-松江,2024-02-22,8883
00830,國泰費城半導體,28,6,22,國泰-松江,2024-02-22,8883
2367,燿華,183,162,21,國泰-松江,2024-02-22,8883
3078,僑威,22,1,21,國泰-松江,2024-02-22,8883
9930,中聯資源,21,0,21,國泰-松江,2024-02-22,8883
3032,偉訓,22,2,20,國泰-松江,2024-02-22,8883
1313,聯成,21,1,20,國泰-松江,2024-02-22,8883
00931B,統一美債20年,20,0,20,國泰-松江,2024-02-22,8883
00937B,群益ESG投等債20,321,77,244,國泰-松江,2024-02-23,8883
00878,國泰永續高股息,434,200,234,國泰-松江,2024-02-23,8883
00933B,國泰10Y+金融債,289,105,184,國泰-松江,2024-02-23,8883
00687B,國泰20年美債,155,15,140,國泰-松江,2024-02-23,8883
00680L,元大美債20正2,119,0,119,國泰-松江,2024-02-23,8883
00893,國泰智能電動車,166,51,115,國泰-松江,2024-02-23,8883
00712,復華富時不動產,105,2,103,國泰-松江,2024-02-23,8883
2460,建通,138,35,103,國泰-松江,2024-02-23,8883
00679B,元大美債20年,97,0,97,國泰-松江,2024-02-23,8883
2329,華泰,345,249,96,國泰-松江,2024-02-23,8883
2618,長榮航,104,11,93,國泰-松江,2024-02-23,8883
3231,緯創,194,109,85,國泰-松江,2024-02-23,8883
1806,冠軍,87,16,71,國泰-松江,2024-02-23,8883
00662,富邦NASDAQ,67,0,67,國泰-松江,2024-02-23,8883
2356,英業達,129,78,51,國泰-松江,2024-02-23,8883
6207,雷科,73,23,50,國泰-松江,2024-02-23,8883
2887,台新金,48,0,48,國泰-松江,2024-02-23,8883
8040,九暘,72,24,48,國泰-松江,2024-02-23,8883
2888,新光金,52,6,46,國泰-松江,2024-02-23,8883
3362,先進光,50,4,46,國泰-松江,2024-02-23,8883
2606,裕民,54,11,43,國泰-松江,2024-02-23,8883
2371,大同,70,27,43,國泰-松江,2024-02-23,8883
5381,合正,78,36,42,國泰-松江,2024-02-23,8883
2610,華航,53,13,40,國泰-松江,2024-02-23,8883
2382,廣達,63,27,36,國泰-松江,2024-02-23,8883
5469,瀚宇博,38,5,33,國泰-松江,2024-02-23,8883
2376,技嘉,86,54,32,國泰-松江,2024-02-23,8883
2014,中鴻,32,0,32,國泰-松江,2024-02-23,8883
00795B,中信美國公債20年,54,23,31,國泰-松江,2024-02-23,8883
2201,裕隆,33,3,30,國泰-松江,2024-02-23,8883
3081,聯亞,34,4,30,國泰-松江,2024-02-23,8883
3715,定穎投控,65,36,29,國泰-松江,2024-02-23,8883
5213,亞昕,35,6,29,國泰-松江,2024-02-23,8883
2353,宏��,59,30,29,國泰-松江,2024-02-23,8883
1303,南亞,29,1,28,國泰-松江,2024-02-23,8883
5426,振發,27,0,27,國泰-松江,2024-02-23,8883
4174,浩鼎,28,1,27,國泰-松江,2024-02-23,8883
2409,友達,33,6,27,國泰-松江,2024-02-23,8883
6257,矽格,39,12,27,國泰-松江,2024-02-23,8883
9904,寶成,31,6,25,國泰-松江,2024-02-23,8883
2885,元大金,25,0,25,國泰-松江,2024-02-23,8883
2355,敬鵬,37,13,24,國泰-松江,2024-02-23,8883
00706L,期元大S＆P日圓正2,24,0,24,國泰-松江,2024-02-23,8883
00713,元大台灣高息低波,27,3,24,國泰-松江,2024-02-23,8883
6185,幃翔,28,6,22,國泰-松江,2024-02-23,8883
3131,弘塑,22,1,21,國泰-松江,2024-02-23,8883
2303,聯電,50,29,21,國泰-松江,2024-02-23,8883
4533,協易機,23,3,20,國泰-松江,2024-02-23,8883
00897,富邦基因免疫生技,20,0,20,國泰-松江,2024-02-23,8883
8049,晶采,20,1,19,國泰-松江,2024-02-23,8883
00878,國泰永續高股息,659,67,592,國泰-松江,2024-02-26,8883
00929,復華台灣科技優息,552,82,470,國泰-松江,2024-02-26,8883
00720B,元大投資級公司債,264,6,258,國泰-松江,2024-02-26,8883
00937B,群益ESG投等債20,434,217,217,國泰-松江,2024-02-26,8883
00688L,國泰20年美債正2,236,37,199,國泰-松江,2024-02-26,8883
00786B,元大10年IG銀行債,127,0,127,國泰-松江,2024-02-26,8883
00679B,元大美債20年,127,17,110,國泰-松江,2024-02-26,8883
1712,興農,110,1,109,國泰-松江,2024-02-26,8883
1440,南紡,89,0,89,國泰-松江,2024-02-26,8883
00933B,國泰10Y+金融債,232,152,80,國泰-松江,2024-02-26,8883
00795B,中信美國公債20年,111,35,76,國泰-松江,2024-02-26,8883
8996,高力,86,18,68,國泰-松江,2024-02-26,8883
4977,眾達-KY,66,8,58,國泰-松江,2024-02-26,8883
4167,松瑞藥,56,3,53,國泰-松江,2024-02-26,8883
2606,裕民,54,9,45,國泰-松江,2024-02-26,8883
2884,玉山金,52,8,44,國泰-松江,2024-02-26,8883
2515,中工,43,0,43,國泰-松江,2024-02-26,8883
6165,浪凡,43,0,43,國泰-松江,2024-02-26,8883
2324,仁寶,49,6,43,國泰-松江,2024-02-26,8883
2723,美食-KY,42,0,42,國泰-松江,2024-02-26,8883
2356,英業達,57,17,40,國泰-松江,2024-02-26,8883
1513,中興電,174,136,38,國泰-松江,2024-02-26,8883
00680L,元大美債20正2,127,93,34,國泰-松江,2024-02-26,8883
2020,美亞,34,0,34,國泰-松江,2024-02-26,8883
6274,台燿,77,43,34,國泰-松江,2024-02-26,8883
00764B,群益25年美債,32,0,32,國泰-松江,2024-02-26,8883
3557,嘉威,30,0,30,國泰-松江,2024-02-26,8883
3231,緯創,64,35,29,國泰-松江,2024-02-26,8883
3372,典範,29,0,29,國泰-松江,2024-02-26,8883
2607,榮運,30,1,29,國泰-松江,2024-02-26,8883
00830,國泰費城半導體,28,0,28,國泰-松江,2024-02-26,8883
4526,東台,73,45,28,國泰-松江,2024-02-26,8883
3207,耀勝,32,5,27,國泰-松江,2024-02-26,8883
00757,統一FANG+,28,1,27,國泰-松江,2024-02-26,8883
3312,弘憶股,44,18,26,國泰-松江,2024-02-26,8883
5607,遠雄港,26,1,25,國泰-松江,2024-02-26,8883
2476,鉅祥,29,4,25,國泰-松江,2024-02-26,8883
2368,金像電,27,3,24,國泰-松江,2024-02-26,8883
00636,國泰中國A50,26,2,24,國泰-松江,2024-02-26,8883
8048,德勝,25,1,24,國泰-松江,2024-02-26,8883
9941,裕融,36,13,23,國泰-松江,2024-02-26,8883
2609,陽明,75,52,23,國泰-松江,2024-02-26,8883
2376,技嘉,66,43,23,國泰-松江,2024-02-26,8883
1785,光洋科,32,9,23,國泰-松江,2024-02-26,8883
00706L,期元大S＆P日圓正2,22,0,22,國泰-松江,2024-02-26,8883
1504,東元,50,28,22,國泰-松江,2024-02-26,8883
2329,華泰,133,112,21,國泰-松江,2024-02-26,8883
2344,華邦電,21,0,21,國泰-松江,2024-02-26,8883
3481,群創,32,11,21,國泰-松江,2024-02-26,8883
00882,中信中國高股息,28,7,21,國泰-松江,2024-02-26,8883
00632R,元大台灣50反1,1424,226,1198,國泰-松江,2024-02-27,8883
00878,國泰永續高股息,849,122,727,國泰-松江,2024-02-27,8883
00937B,群益ESG投等債20,646,157,489,國泰-松江,2024-02-27,8883
00919,群益台灣精選高息,539,322,217,國泰-松江,2024-02-27,8883
00933B,國泰10Y+金融債,228,18,210,國泰-松江,2024-02-27,8883
00655L,國泰中國A50正2,147,2,145,國泰-松江,2024-02-27,8883
00751B,元大AAA至A公司債,128,0,128,國泰-松江,2024-02-27,8883
00929,復華台灣科技優息,367,270,97,國泰-松江,2024-02-27,8883
0056,元大高股息,130,33,97,國泰-松江,2024-02-27,8883
1712,興農,96,0,96,國泰-松江,2024-02-27,8883
1722,台肥,91,0,91,國泰-松江,2024-02-27,8883
3576,聯合再生,87,0,87,國泰-松江,2024-02-27,8883
00687B,國泰20年美債,103,16,87,國泰-松江,2024-02-27,8883
00679B,元大美債20年,83,6,77,國泰-松江,2024-02-27,8883
2882,國泰金,109,36,73,國泰-松江,2024-02-27,8883
2363,矽統,212,142,70,國泰-松江,2024-02-27,8883
1316,上曜,118,48,70,國泰-松江,2024-02-27,8883
2371,大同,99,30,69,國泰-松江,2024-02-27,8883
2390,云辰,63,0,63,國泰-松江,2024-02-27,8883
2357,華碩,66,4,62,國泰-松江,2024-02-27,8883
3390,旭軟,195,139,56,國泰-松江,2024-02-27,8883
2888,新光金,67,12,55,國泰-松江,2024-02-27,8883
2354,鴻準,53,0,53,國泰-松江,2024-02-27,8883
2331,精英,56,3,53,國泰-松江,2024-02-27,8883
2610,華航,54,2,52,國泰-松江,2024-02-27,8883
00786B,元大10年IG銀行債,46,0,46,國泰-松江,2024-02-27,8883
00795B,中信美國公債20年,45,3,42,國泰-松江,2024-02-27,8883
3189,景碩,43,1,42,國泰-松江,2024-02-27,8883
3481,群創,47,5,42,國泰-松江,2024-02-27,8883
3711,日月光投控,51,10,41,國泰-松江,2024-02-27,8883
3380,明泰,41,0,41,國泰-松江,2024-02-27,8883
4763,材料-KY,59,18,41,國泰-松江,2024-02-27,8883
6125,廣運,109,70,39,國泰-松江,2024-02-27,8883
00788B,元大10年IG電能債,39,0,39,國泰-松江,2024-02-27,8883
3450,聯鈞,73,36,37,國泰-松江,2024-02-27,8883
00637L,元大滬深300正2,62,26,36,國泰-松江,2024-02-27,8883
3231,緯創,107,71,36,國泰-松江,2024-02-27,8883
4167,松瑞藥,40,5,35,國泰-松江,2024-02-27,8883
6282,康舒,46,12,34,國泰-松江,2024-02-27,8883
1711,永光,78,44,34,國泰-松江,2024-02-27,8883
00712,復華富時不動產,37,6,31,國泰-松江,2024-02-27,8883
2101,南港,30,0,30,國泰-松江,2024-02-27,8883
2401,凌陽,33,3,30,國泰-松江,2024-02-27,8883
2376,技嘉,98,70,28,國泰-松江,2024-02-27,8883
6165,浪凡,37,10,27,國泰-松江,2024-02-27,8883
8096,擎亞,56,30,26,國泰-松江,2024-02-27,8883
6213,聯茂,26,0,26,國泰-松江,2024-02-27,8883
00891,中信關鍵半導體,28,3,25,國泰-松江,2024-02-27,8883
3037,欣興,64,39,25,國泰-松江,2024-02-27,8883
6248,沛波,28,3,25,國泰-松江,2024-02-27,8883
00937B,群益ESG投等債20,565,18,547,國泰-松江,2024-02-29,8883
00720B,元大投資級公司債,347,2,345,國泰-松江,2024-02-29,8883
00687B,國泰20年美債,332,7,325,國泰-松江,2024-02-29,8883
00933B,國泰10Y+金融債,164,10,154,國泰-松江,2024-02-29,8883
00642U,期元大S＆P石油,110,4,106,國泰-松江,2024-02-29,8883
5452,佶優,104,12,92,國泰-松江,2024-02-29,8883
2637,慧洋-KY,128,44,84,國泰-松江,2024-02-29,8883
00878,國泰永續高股息,114,31,83,國泰-松江,2024-02-29,8883
00753L,中信中國50正2,110,30,80,國泰-松江,2024-02-29,8883
2606,裕民,77,21,56,國泰-松江,2024-02-29,8883
6248,沛波,54,3,51,國泰-松江,2024-02-29,8883
00679B,元大美債20年,52,1,51,國泰-松江,2024-02-29,8883
00751B,元大AAA至A公司債,50,0,50,國泰-松江,2024-02-29,8883
00830,國泰費城半導體,47,2,45,國泰-松江,2024-02-29,8883
8092,建暐,56,11,45,國泰-松江,2024-02-29,8883
6535,順藥,53,9,44,國泰-松江,2024-02-29,8883
00712,復華富時不動產,41,1,40,國泰-松江,2024-02-29,8883
00929,復華台灣科技優息,210,171,39,國泰-松江,2024-02-29,8883
6239,力成,43,11,32,國泰-松江,2024-02-29,8883
6165,浪凡,37,5,32,國泰-松江,2024-02-29,8883
00919,群益台灣精選高息,197,165,32,國泰-松江,2024-02-29,8883
00882,中信中國高股息,42,10,32,國泰-松江,2024-02-29,8883
4543,萬在,36,5,31,國泰-松江,2024-02-29,8883
3706,神達,40,9,31,國泰-松江,2024-02-29,8883
3380,明泰,35,5,30,國泰-松江,2024-02-29,8883
2460,建通,32,3,29,國泰-松江,2024-02-29,8883
3596,智易,30,2,28,國泰-松江,2024-02-29,8883
00772B,中信高評級公司債,26,0,26,國泰-松江,2024-02-29,8883
00900,富邦特選高股息30,30,7,23,國泰-松江,2024-02-29,8883
2324,仁寶,53,30,23,國泰-松江,2024-02-29,8883
6869,雲豹能源,25,2,23,國泰-松江,2024-02-29,8883
2421,建準,32,10,22,國泰-松江,2024-02-29,8883
00680L,元大美債20正2,57,35,22,國泰-松江,2024-02-29,8883
1712,興農,27,5,22,國泰-松江,2024-02-29,8883
2101,南港,21,0,21,國泰-松江,2024-02-29,8883
5347,世界,22,1,21,國泰-松江,2024-02-29,8883
2301,光寶科,53,32,21,國泰-松江,2024-02-29,8883
2634,漢翔,22,1,21,國泰-松江,2024-02-29,8883
6116,彩晶,21,0,21,國泰-松江,2024-02-29,8883
6189,豐藝,35,14,21,國泰-松江,2024-02-29,8883
2636,台驊控股,20,0,20,國泰-松江,2024-02-29,8883
3011,今皓,20,0,20,國泰-松江,2024-02-29,8883
2353,宏��,23,4,19,國泰-松江,2024-02-29,8883
2368,金像電,24,5,19,國泰-松江,2024-02-29,8883
00857B,永豐20年美公債,19,1,18,國泰-松江,2024-02-29,8883
6167,久正,19,1,18,國泰-松江,2024-02-29,8883
6164,華興,18,0,18,國泰-松江,2024-02-29,8883
7402,邑錡,20,2,18,國泰-松江,2024-02-29,8883
1795,美時,25,7,18,國泰-松江,2024-02-29,8883
3653,健策,19,2,17,國泰-松江,2024-02-29,8883
00919,群益台灣精選高息,1433,105,1328,國泰-松江,2024-03-01,8883
00937B,群益ESG投等債20,337,1,336,國泰-松江,2024-03-01,8883
00929,復華台灣科技優息,329,119,210,國泰-松江,2024-03-01,8883
00655L,國泰中國A50正2,157,2,155,國泰-松江,2024-03-01,8883
00687B,國泰20年美債,178,56,122,國泰-松江,2024-03-01,8883
00918,大華優利高填息30,128,13,115,國泰-松江,2024-03-01,8883
00893,國泰智能電動車,148,49,99,國泰-松江,2024-03-01,8883
1513,中興電,351,253,98,國泰-松江,2024-03-01,8883
4402,郡都開發,114,25,89,國泰-松江,2024-03-01,8883
00933B,國泰10Y+金融債,93,25,68,國泰-松江,2024-03-01,8883
8085,福華,101,40,61,國泰-松江,2024-03-01,8883
00637L,元大滬深300正2,452,394,58,國泰-松江,2024-03-01,8883
6265,方土昶,56,0,56,國泰-松江,2024-03-01,8883
2331,精英,57,4,53,國泰-松江,2024-03-01,8883
2354,鴻準,50,0,50,國泰-松江,2024-03-01,8883
2317,鴻海,49,0,49,國泰-松江,2024-03-01,8883
3711,日月光投控,70,22,48,國泰-松江,2024-03-01,8883
6179,亞通,59,13,46,國泰-松江,2024-03-01,8883
4720,德淵,45,0,45,國泰-松江,2024-03-01,8883
2641,正德,44,0,44,國泰-松江,2024-03-01,8883
00679B,元大美債20年,76,33,43,國泰-松江,2024-03-01,8883
2610,華航,46,3,43,國泰-松江,2024-03-01,8883
5425,台半,43,0,43,國泰-松江,2024-03-01,8883
3036,文曄,74,35,39,國泰-松江,2024-03-01,8883
2882,國泰金,53,15,38,國泰-松江,2024-03-01,8883
4707,磐亞,37,0,37,國泰-松江,2024-03-01,8883
2303,聯電,101,65,36,國泰-松江,2024-03-01,8883
1303,南亞,36,1,35,國泰-松江,2024-03-01,8883
2388,威盛,37,3,34,國泰-松江,2024-03-01,8883
6207,雷科,42,8,34,國泰-松江,2024-03-01,8883
6288,聯嘉,79,47,32,國泰-松江,2024-03-01,8883
2609,陽明,85,54,31,國泰-松江,2024-03-01,8883
2486,一詮,59,28,31,國泰-松江,2024-03-01,8883
2906,高林,30,0,30,國泰-松江,2024-03-01,8883
5452,佶優,29,0,29,國泰-松江,2024-03-01,8883
00878,國泰永續高股息,112,83,29,國泰-松江,2024-03-01,8883
6239,力成,32,5,27,國泰-松江,2024-03-01,8883
2329,華泰,56,29,27,國泰-松江,2024-03-01,8883
3548,兆利,59,32,27,國泰-松江,2024-03-01,8883
3055,蔚華科,41,15,26,國泰-松江,2024-03-01,8883
2889,國票金,24,0,24,國泰-松江,2024-03-01,8883
3481,群創,64,41,23,國泰-松江,2024-03-01,8883
00673R,期元大S＆P原油反1,23,0,23,國泰-松江,2024-03-01,8883
2615,萬海,23,0,23,國泰-松江,2024-03-01,8883
2408,南亞科,32,10,22,國泰-松江,2024-03-01,8883
6770,力積電,23,1,22,國泰-松江,2024-03-01,8883
2601,益航,22,0,22,國泰-松江,2024-03-01,8883
8110,華東,24,2,22,國泰-松江,2024-03-01,8883
5469,瀚宇博,21,0,21,國泰-松江,2024-03-01,8883
00913,兆豐台灣晶圓製造,20,0,20,國泰-松江,2024-03-01,8883
00919,群益台灣精選高息,364,133,231,國泰-松江,2024-03-04,8883
00937B,群益ESG投等債20,218,11,207,國泰-松江,2024-03-04,8883
1316,上曜,147,13,134,國泰-松江,2024-03-04,8883
00918,大華優利高填息30,114,9,105,國泰-松江,2024-03-04,8883
2485,兆赫,101,13,88,國泰-松江,2024-03-04,8883
00632R,元大台灣50反1,130,42,88,國泰-松江,2024-03-04,8883
4726,永昕,89,7,82,國泰-松江,2024-03-04,8883
6248,沛波,81,0,81,國泰-松江,2024-03-04,8883
00650L,復華香港正2,75,0,75,國泰-松江,2024-03-04,8883
2331,精英,80,6,74,國泰-松江,2024-03-04,8883
00673R,期元大S＆P原油反1,63,0,63,國泰-松江,2024-03-04,8883
1101,台泥,64,8,56,國泰-松江,2024-03-04,8883
00786B,元大10年IG銀行債,55,0,55,國泰-松江,2024-03-04,8883
3231,緯創,101,48,53,國泰-松江,2024-03-04,8883
00680L,元大美債20正2,75,24,51,國泰-松江,2024-03-04,8883
3694,海華,71,20,51,國泰-松江,2024-03-04,8883
00878,國泰永續高股息,142,92,50,國泰-松江,2024-03-04,8883
3006,晶豪科,98,49,49,國泰-松江,2024-03-04,8883
1513,中興電,132,84,48,國泰-松江,2024-03-04,8883
2303,聯電,87,39,48,國泰-松江,2024-03-04,8883
00665L,富邦�琤肭磪囓�2,47,0,47,國泰-松江,2024-03-04,8883
3062,建漢,197,152,45,國泰-松江,2024-03-04,8883
1582,信錦,49,5,44,國泰-松江,2024-03-04,8883
00788B,元大10年IG電能債,43,0,43,國泰-松江,2024-03-04,8883
6191,精成科,49,7,42,國泰-松江,2024-03-04,8883
1609,大亞,45,4,41,國泰-松江,2024-03-04,8883
5498,凱崴,40,0,40,國泰-松江,2024-03-04,8883
8085,福華,42,5,37,國泰-松江,2024-03-04,8883
00933B,國泰10Y+金融債,112,75,37,國泰-松江,2024-03-04,8883
2014,中鴻,42,5,37,國泰-松江,2024-03-04,8883
3206,志豐,42,5,37,國泰-松江,2024-03-04,8883
00787B,元大10年IG醫療債,40,5,35,國泰-松江,2024-03-04,8883
2353,宏��,71,36,35,國泰-松江,2024-03-04,8883
2609,陽明,49,17,32,國泰-松江,2024-03-04,8883
2101,南港,32,0,32,國泰-松江,2024-03-04,8883
1727,中華化,48,16,32,國泰-松江,2024-03-04,8883
5490,同亨,31,0,31,國泰-松江,2024-03-04,8883
1514,亞力,106,75,31,國泰-松江,2024-03-04,8883
8016,矽創,33,3,30,國泰-松江,2024-03-04,8883
3024,憶聲,30,0,30,國泰-松江,2024-03-04,8883
9103,美德醫療-DR,31,1,30,國泰-松江,2024-03-04,8883
2002,中鋼,49,20,29,國泰-松江,2024-03-04,8883
5521,工信,30,1,29,國泰-松江,2024-03-04,8883
6239,力成,48,19,29,國泰-松江,2024-03-04,8883
2363,矽統,77,50,27,國泰-松江,2024-03-04,8883
5347,世界,28,1,27,國泰-松江,2024-03-04,8883
2104,國際中橡,27,1,26,國泰-松江,2024-03-04,8883
00664R,國泰臺灣加權反1,27,2,25,國泰-松江,2024-03-04,8883
00857B,永豐20年美公債,33,8,25,國泰-松江,2024-03-04,8883
2329,華泰,53,29,24,國泰-松江,2024-03-04,8883
00937B,群益ESG投等債20,573,135,438,國泰-松江,2024-03-05,8883
00919,群益台灣精選高息,347,57,290,國泰-松江,2024-03-05,8883
00712,復華富時不動產,165,1,164,國泰-松江,2024-03-05,8883
00929,復華台灣科技優息,243,92,151,國泰-松江,2024-03-05,8883
00915,凱基優選高股息30,153,5,148,國泰-松江,2024-03-05,8883
3481,群創,153,6,147,國泰-松江,2024-03-05,8883
6217,中探針,174,31,143,國泰-松江,2024-03-05,8883
00632R,元大台灣50反1,135,45,90,國泰-松江,2024-03-05,8883
3036,文曄,89,7,82,國泰-松江,2024-03-05,8883
6248,沛波,77,0,77,國泰-松江,2024-03-05,8883
4720,德淵,74,0,74,國泰-松江,2024-03-05,8883
00687B,國泰20年美債,99,29,70,國泰-松江,2024-03-05,8883
1513,中興電,273,203,70,國泰-松江,2024-03-05,8883
2409,友達,75,7,68,國泰-松江,2024-03-05,8883
00751B,元大AAA至A公司債,62,0,62,國泰-松江,2024-03-05,8883
6126,信音,65,8,57,國泰-松江,2024-03-05,8883
3289,宜特,55,3,52,國泰-松江,2024-03-05,8883
2367,燿華,176,125,51,國泰-松江,2024-03-05,8883
4906,正文,91,40,51,國泰-松江,2024-03-05,8883
1722,台肥,50,0,50,國泰-松江,2024-03-05,8883
1326,台化,50,0,50,國泰-松江,2024-03-05,8883
2329,華泰,72,23,49,國泰-松江,2024-03-05,8883
2891,中信金,64,15,49,國泰-松江,2024-03-05,8883
2324,仁寶,52,7,45,國泰-松江,2024-03-05,8883
00795B,中信美國公債20年,41,0,41,國泰-松江,2024-03-05,8883
00637L,元大滬深300正2,67,30,37,國泰-松江,2024-03-05,8883
00927,群益半導體收益,41,5,36,國泰-松江,2024-03-05,8883
3264,欣銓,47,12,35,國泰-松江,2024-03-05,8883
3437,榮創,102,68,34,國泰-松江,2024-03-05,8883
4746,台耀,30,1,29,國泰-松江,2024-03-05,8883
3372,典範,98,70,28,國泰-松江,2024-03-05,8883
1514,亞力,118,90,28,國泰-松江,2024-03-05,8883
00772B,中信高評級公司債,32,5,27,國泰-松江,2024-03-05,8883
00753L,中信中國50正2,27,0,27,國泰-松江,2024-03-05,8883
6116,彩晶,30,4,26,國泰-松江,2024-03-05,8883
3164,景岳,26,0,26,國泰-松江,2024-03-05,8883
5310,天剛,25,0,25,國泰-松江,2024-03-05,8883
00706L,期元大S＆P日圓正2,28,3,25,國泰-松江,2024-03-05,8883
1522,堤維西,37,13,24,國泰-松江,2024-03-05,8883
2897,王道銀行,32,9,23,國泰-松江,2024-03-05,8883
2457,飛宏,24,2,22,國泰-松江,2024-03-05,8883
2331,精英,32,10,22,國泰-松江,2024-03-05,8883
8049,晶采,22,0,22,國泰-松江,2024-03-05,8883
2002,中鋼,29,8,21,國泰-松江,2024-03-05,8883
3011,今皓,21,0,21,國泰-松江,2024-03-05,8883
1582,信錦,26,7,19,國泰-松江,2024-03-05,8883
2486,一詮,20,1,19,國泰-松江,2024-03-05,8883
2641,正德,19,1,18,國泰-松江,2024-03-05,8883
00636,國泰中國A50,17,0,17,國泰-松江,2024-03-05,8883
2609,陽明,99,82,17,國泰-松江,2024-03-05,8883
00720B,元大投資級公司債,1345,8,1337,國泰-松江,2024-03-06,8883
6248,沛波,273,11,262,國泰-松江,2024-03-06,8883
00786B,元大10年IG銀行債,129,0,129,國泰-松江,2024-03-06,8883
2371,大同,161,33,128,國泰-松江,2024-03-06,8883
1316,上曜,170,51,119,國泰-松江,2024-03-06,8883
00918,大華優利高填息30,136,18,118,國泰-松江,2024-03-06,8883
2324,仁寶,126,14,112,國泰-松江,2024-03-06,8883
00915,凱基優選高股息30,110,3,107,國泰-松江,2024-03-06,8883
00632R,元大台灣50反1,229,128,101,國泰-松江,2024-03-06,8883
00692,富邦公司治理,97,0,97,國泰-松江,2024-03-06,8883
00937B,群益ESG投等債20,193,102,91,國泰-松江,2024-03-06,8883
00931B,統一美債20年,104,19,85,國泰-松江,2024-03-06,8883
2610,華航,87,6,81,國泰-松江,2024-03-06,8883
00919,群益台灣精選高息,476,396,80,國泰-松江,2024-03-06,8883
00830,國泰費城半導體,79,2,77,國泰-松江,2024-03-06,8883
5426,振發,138,68,70,國泰-松江,2024-03-06,8883
6138,茂達,69,4,65,國泰-松江,2024-03-06,8883
2329,華泰,93,35,58,國泰-松江,2024-03-06,8883
4720,德淵,54,0,54,國泰-松江,2024-03-06,8883
3207,耀勝,60,6,54,國泰-松江,2024-03-06,8883
4174,浩鼎,50,0,50,國泰-松江,2024-03-06,8883
00712,復華富時不動產,50,2,48,國泰-松江,2024-03-06,8883
3017,奇鋐,98,50,48,國泰-松江,2024-03-06,8883
2317,鴻海,70,22,48,國泰-松江,2024-03-06,8883
2889,國票金,41,1,40,國泰-松江,2024-03-06,8883
2025,千興,41,2,39,國泰-松江,2024-03-06,8883
2376,技嘉,60,26,34,國泰-松江,2024-03-06,8883
2352,佳世達,60,27,33,國泰-松江,2024-03-06,8883
00687B,國泰20年美債,104,72,32,國泰-松江,2024-03-06,8883
6117,迎廣,78,46,32,國泰-松江,2024-03-06,8883
2845,遠東銀,38,6,32,國泰-松江,2024-03-06,8883
2504,國產,32,1,31,國泰-松江,2024-03-06,8883
2605,新興,34,3,31,國泰-松江,2024-03-06,8883
2101,南港,30,1,29,國泰-松江,2024-03-06,8883
3006,晶豪科,35,7,28,國泰-松江,2024-03-06,8883
2002,中鋼,34,7,27,國泰-松江,2024-03-06,8883
6695,芯鼎,29,2,27,國泰-松江,2024-03-06,8883
3189,景碩,26,0,26,國泰-松江,2024-03-06,8883
5381,合正,26,0,26,國泰-松江,2024-03-06,8883
4958,臻鼎-KY,28,2,26,國泰-松江,2024-03-06,8883
2353,宏��,40,14,26,國泰-松江,2024-03-06,8883
2515,中工,82,57,25,國泰-松江,2024-03-06,8883
3325,旭品,46,22,24,國泰-松江,2024-03-06,8883
3631,晟楠,26,2,24,國泰-松江,2024-03-06,8883
2426,鼎元,23,0,23,國泰-松江,2024-03-06,8883
3312,弘憶股,51,28,23,國泰-松江,2024-03-06,8883
6235,華孚,39,17,22,國泰-松江,2024-03-06,8883
2344,華邦電,28,6,22,國泰-松江,2024-03-06,8883
2356,英業達,58,36,22,國泰-松江,2024-03-06,8883
00934,中信成長高股息,22,1,21,國泰-松江,2024-03-06,8883
00919,群益台灣精選高息,871,257,614,國泰-松江,2024-03-07,8883
00632R,元大台灣50反1,608,57,551,國泰-松江,2024-03-07,8883
2324,仁寶,238,16,222,國泰-松江,2024-03-07,8883
00720B,元大投資級公司債,188,13,175,國泰-松江,2024-03-07,8883
2354,鴻準,162,1,161,國泰-松江,2024-03-07,8883
00679B,元大美債20年,181,37,144,國泰-松江,2024-03-07,8883
1316,上曜,227,91,136,國泰-松江,2024-03-07,8883
3231,緯創,161,28,133,國泰-松江,2024-03-07,8883
00929,復華台灣科技優息,271,141,130,國泰-松江,2024-03-07,8883
2313,華通,216,91,125,國泰-松江,2024-03-07,8883
00937B,群益ESG投等債20,193,88,105,國泰-松江,2024-03-07,8883
4402,郡都開發,104,5,99,國泰-松江,2024-03-07,8883
00915,凱基優選高股息30,110,15,95,國泰-松江,2024-03-07,8883
5009,榮剛,82,3,79,國泰-松江,2024-03-07,8883
4720,德淵,74,0,74,國泰-松江,2024-03-07,8883
6125,廣運,167,94,73,國泰-松江,2024-03-07,8883
2388,威盛,96,30,66,國泰-松江,2024-03-07,8883
2344,華邦電,145,90,55,國泰-松江,2024-03-07,8883
2353,宏��,90,37,53,國泰-松江,2024-03-07,8883
2486,一詮,131,81,50,國泰-松江,2024-03-07,8883
6274,台燿,74,24,50,國泰-松江,2024-03-07,8883
8383,千附,50,0,50,國泰-松江,2024-03-07,8883
3481,群創,59,11,48,國泰-松江,2024-03-07,8883
3576,聯合再生,68,26,42,國泰-松江,2024-03-07,8883
2443,昶虹,42,0,42,國泰-松江,2024-03-07,8883
3294,英濟,97,57,40,國泰-松江,2024-03-07,8883
5521,工信,56,17,39,國泰-松江,2024-03-07,8883
8086,宏捷科,59,22,37,國泰-松江,2024-03-07,8883
3284,太普高,36,0,36,國泰-松江,2024-03-07,8883
2390,云辰,36,0,36,國泰-松江,2024-03-07,8883
3005,神基,49,14,35,國泰-松江,2024-03-07,8883
3376,新日興,103,69,34,國泰-松江,2024-03-07,8883
3437,榮創,436,405,31,國泰-松江,2024-03-07,8883
2368,金像電,84,57,27,國泰-松江,2024-03-07,8883
1809,中釉,28,2,26,國泰-松江,2024-03-07,8883
5452,佶優,55,29,26,國泰-松江,2024-03-07,8883
1618,合機,30,5,25,國泰-松江,2024-03-07,8883
3047,訊舟,25,0,25,國泰-松江,2024-03-07,8883
2331,精英,25,0,25,國泰-松江,2024-03-07,8883
3362,先進光,36,12,24,國泰-松江,2024-03-07,8883
3483,力致,130,106,24,國泰-松江,2024-03-07,8883
3206,志豐,24,0,24,國泰-松江,2024-03-07,8883
6239,力成,25,2,23,國泰-松江,2024-03-07,8883
2431,聯昌,23,0,23,國泰-松江,2024-03-07,8883
1709,和益,23,0,23,國泰-松江,2024-03-07,8883
1708,東鹼,22,0,22,國泰-松江,2024-03-07,8883
3605,宏致,31,9,22,國泰-松江,2024-03-07,8883
6158,禾昌,22,0,22,國泰-松江,2024-03-07,8883
2025,千興,22,0,22,國泰-松江,2024-03-07,8883
5425,台半,22,0,22,國泰-松江,2024-03-07,8883
00632R,元大台灣50反1,438,97,341,國泰-松江,2024-03-08,8883
00919,群益台灣精選高息,980,704,276,國泰-松江,2024-03-08,8883
2834,臺企銀,346,103,243,國泰-松江,2024-03-08,8883
00687B,國泰20年美債,241,30,211,國泰-松江,2024-03-08,8883
00929,復華台灣科技優息,759,550,209,國泰-松江,2024-03-08,8883
00937B,群益ESG投等債20,289,119,170,國泰-松江,2024-03-08,8883
6248,沛波,164,0,164,國泰-松江,2024-03-08,8883
3481,群創,169,12,157,國泰-松江,2024-03-08,8883
00655L,國泰中國A50正2,150,1,149,國泰-松江,2024-03-08,8883
00679B,元大美債20年,178,33,145,國泰-松江,2024-03-08,8883
00751B,元大AAA至A公司債,156,21,135,國泰-松江,2024-03-08,8883
00720B,元大投資級公司債,169,45,124,國泰-松江,2024-03-08,8883
3169,亞信,137,30,107,國泰-松江,2024-03-08,8883
4306,炎洲,104,10,94,國泰-松江,2024-03-08,8883
3540,曜越,145,62,83,國泰-松江,2024-03-08,8883
2637,慧洋-KY,106,24,82,國泰-松江,2024-03-08,8883
6869,雲豹能源,77,0,77,國泰-松江,2024-03-08,8883
00918,大華優利高填息30,210,146,64,國泰-松江,2024-03-08,8883
3711,日月光投控,107,44,63,國泰-松江,2024-03-08,8883
2363,矽統,78,17,61,國泰-松江,2024-03-08,8883
2329,華泰,98,37,61,國泰-松江,2024-03-08,8883
00857B,永豐20年美公債,65,7,58,國泰-松江,2024-03-08,8883
5498,凱崴,214,161,53,國泰-松江,2024-03-08,8883
3491,昇達科,53,1,52,國泰-松江,2024-03-08,8883
00933B,國泰10Y+金融債,91,41,50,國泰-松江,2024-03-08,8883
3167,大量,50,1,49,國泰-松江,2024-03-08,8883
00915,凱基優選高股息30,120,75,45,國泰-松江,2024-03-08,8883
2353,宏��,55,15,40,國泰-松江,2024-03-08,8883
3050,鈺德,37,0,37,國泰-松江,2024-03-08,8883
3163,波若威,78,42,36,國泰-松江,2024-03-08,8883
8086,宏捷科,45,9,36,國泰-松江,2024-03-08,8883
5511,德昌,39,4,35,國泰-松江,2024-03-08,8883
3024,憶聲,35,0,35,國泰-松江,2024-03-08,8883
6191,精成科,40,7,33,國泰-松江,2024-03-08,8883
8996,高力,36,5,31,國泰-松江,2024-03-08,8883
3284,太普高,38,7,31,國泰-松江,2024-03-08,8883
2337,旺宏,31,0,31,國泰-松江,2024-03-08,8883
2101,南港,30,1,29,國泰-松江,2024-03-08,8883
3362,先進光,35,7,28,國泰-松江,2024-03-08,8883
2449,京元電子,93,66,27,國泰-松江,2024-03-08,8883
1503,士電,46,20,26,國泰-松江,2024-03-08,8883
2457,飛宏,31,6,25,國泰-松江,2024-03-08,8883
00923,群益台ESG低碳50,37,12,25,國泰-松江,2024-03-08,8883
6547,高端疫苗,25,1,24,國泰-松江,2024-03-08,8883
4147,中裕,24,1,23,國泰-松江,2024-03-08,8883
2441,超豐,31,8,23,國泰-松江,2024-03-08,8883
6213,聯茂,24,1,23,國泰-松江,2024-03-08,8883
5426,振發,22,0,22,國泰-松江,2024-03-08,8883
1609,大亞,83,62,21,國泰-松江,2024-03-08,8883
8064,東捷,21,0,21,國泰-松江,2024-03-08,8883
00929,復華台灣科技優息,795,252,543,國泰-松江,2024-03-11,8883
00919,群益台灣精選高息,667,155,512,國泰-松江,2024-03-11,8883
00679B,元大美債20年,375,37,338,國泰-松江,2024-03-11,8883
00918,大華優利高填息30,312,7,305,國泰-松江,2024-03-11,8883
00687B,國泰20年美債,213,19,194,國泰-松江,2024-03-11,8883
00632R,元大台灣50反1,323,150,173,國泰-松江,2024-03-11,8883
00751B,元大AAA至A公司債,170,9,161,國泰-松江,2024-03-11,8883
2834,臺企銀,157,0,157,國泰-松江,2024-03-11,8883
00773B,中信優先金融債,130,11,119,國泰-松江,2024-03-11,8883
00642U,期元大S＆P石油,108,1,107,國泰-松江,2024-03-11,8883
00937B,群益ESG投等債20,157,60,97,國泰-松江,2024-03-11,8883
00915,凱基優選高股息30,103,29,74,國泰-松江,2024-03-11,8883
00795B,中信美國公債20年,92,23,69,國泰-松江,2024-03-11,8883
5213,亞昕,80,14,66,國泰-松江,2024-03-11,8883
6116,彩晶,66,0,66,國泰-松江,2024-03-11,8883
00830,國泰費城半導體,80,21,59,國泰-松江,2024-03-11,8883
2308,台達電,56,2,54,國泰-松江,2024-03-11,8883
00639,富邦深100,50,0,50,國泰-松江,2024-03-11,8883
00670L,富邦NASDAQ正2,45,0,45,國泰-松江,2024-03-11,8883
6248,沛波,48,6,42,國泰-松江,2024-03-11,8883
2344,華邦電,42,4,38,國泰-松江,2024-03-11,8883
2367,燿華,82,46,36,國泰-松江,2024-03-11,8883
00857B,永豐20年美公債,44,10,34,國泰-松江,2024-03-11,8883
3631,晟楠,34,3,31,國泰-松江,2024-03-11,8883
0061,元大寶滬深,30,0,30,國泰-松江,2024-03-11,8883
6163,華電網,30,0,30,國泰-松江,2024-03-11,8883
2618,長榮航,39,10,29,國泰-松江,2024-03-11,8883
2329,華泰,44,17,27,國泰-松江,2024-03-11,8883
3703,欣陸,30,3,27,國泰-松江,2024-03-11,8883
00911,兆豐洲際半導體,25,0,25,國泰-松江,2024-03-11,8883
2528,皇普,26,1,25,國泰-松江,2024-03-11,8883
2353,宏��,46,22,24,國泰-松江,2024-03-11,8883
1319,東陽,58,35,23,國泰-松江,2024-03-11,8883
3701,大眾控,23,0,23,國泰-松江,2024-03-11,8883
00720B,元大投資級公司債,38,15,23,國泰-松江,2024-03-11,8883
00665L,富邦�琤肭磪囓�2,21,0,21,國泰-松江,2024-03-11,8883
2610,華航,31,11,20,國泰-松江,2024-03-11,8883
2539,櫻花建,20,0,20,國泰-松江,2024-03-11,8883
3206,志豐,24,4,20,國泰-松江,2024-03-11,8883
6016,康和證,22,2,20,國泰-松江,2024-03-11,8883
5321,美而快,20,0,20,國泰-松江,2024-03-11,8883
6133,金橋,20,0,20,國泰-松江,2024-03-11,8883
1515,力山,20,1,19,國泰-松江,2024-03-11,8883
3260,威剛,24,5,19,國泰-松江,2024-03-11,8883
3707,漢磊,66,47,19,國泰-松江,2024-03-11,8883
3017,奇鋐,67,48,19,國泰-松江,2024-03-11,8883
5469,瀚宇博,19,2,17,國泰-松江,2024-03-11,8883
00715L,期街口布蘭特正2,16,0,16,國泰-松江,2024-03-11,8883
3294,英濟,41,25,16,國泰-松江,2024-03-11,8883
1316,上曜,68,52,16,國泰-松江,2024-03-11,8883
00720B,元大投資級公司債,329,14,315,國泰-松江,2024-03-12,8883
2882,國泰金,427,136,291,國泰-松江,2024-03-12,8883
00919,群益台灣精選高息,397,140,257,國泰-松江,2024-03-12,8883
6248,沛波,230,0,230,國泰-松江,2024-03-12,8883
00679B,元大美債20年,244,21,223,國泰-松江,2024-03-12,8883
00687B,國泰20年美債,318,109,209,國泰-松江,2024-03-12,8883
00632R,元大台灣50反1,224,50,174,國泰-松江,2024-03-12,8883
00918,大華優利高填息30,304,135,169,國泰-松江,2024-03-12,8883
00655L,國泰中國A50正2,151,0,151,國泰-松江,2024-03-12,8883
4720,德淵,86,3,83,國泰-松江,2024-03-12,8883
00795B,中信美國公債20年,82,8,74,國泰-松江,2024-03-12,8883
2867,三商壽,102,29,73,國泰-松江,2024-03-12,8883
00937B,群益ESG投等債20,176,106,70,國泰-松江,2024-03-12,8883
3231,緯創,149,90,59,國泰-松江,2024-03-12,8883
00751B,元大AAA至A公司債,57,2,55,國泰-松江,2024-03-12,8883
2328,廣宇,56,3,53,國泰-松江,2024-03-12,8883
3055,蔚華科,61,10,51,國泰-松江,2024-03-12,8883
2352,佳世達,55,4,51,國泰-松江,2024-03-12,8883
00857B,永豐20年美公債,77,29,48,國泰-松江,2024-03-12,8883
4174,浩鼎,42,0,42,國泰-松江,2024-03-12,8883
2409,友達,42,3,39,國泰-松江,2024-03-12,8883
8926,台汽電,49,10,39,國泰-松江,2024-03-12,8883
2606,裕民,44,5,39,國泰-松江,2024-03-12,8883
00706L,期元大S＆P日圓正2,45,6,39,國泰-松江,2024-03-12,8883
3284,太普高,39,1,38,國泰-松江,2024-03-12,8883
1316,上曜,65,27,38,國泰-松江,2024-03-12,8883
2313,華通,117,81,36,國泰-松江,2024-03-12,8883
6016,康和證,36,1,35,國泰-松江,2024-03-12,8883
1514,亞力,63,28,35,國泰-松江,2024-03-12,8883
8473,山林水,37,3,34,國泰-松江,2024-03-12,8883
5243,乙盛-KY,43,11,32,國泰-松江,2024-03-12,8883
8299,群聯,31,0,31,國泰-松江,2024-03-12,8883
2344,華邦電,39,8,31,國泰-松江,2024-03-12,8883
00712,復華富時不動產,35,5,30,國泰-松江,2024-03-12,8883
2443,昶虹,30,0,30,國泰-松江,2024-03-12,8883
2883,凱基金,64,35,29,國泰-松江,2024-03-12,8883
00652,富邦印度,30,1,29,國泰-松江,2024-03-12,8883
2820,華票,27,0,27,國泰-松江,2024-03-12,8883
2301,光寶科,37,10,27,國泰-松江,2024-03-12,8883
2834,臺企銀,40,14,26,國泰-松江,2024-03-12,8883
2485,兆赫,26,0,26,國泰-松江,2024-03-12,8883
2855,統一證,43,17,26,國泰-松江,2024-03-12,8883
00915,凱基優選高股息30,98,74,24,國泰-松江,2024-03-12,8883
2401,凌陽,25,1,24,國泰-松江,2024-03-12,8883
2376,技嘉,56,33,23,國泰-松江,2024-03-12,8883
6805,富世達,23,1,22,國泰-松江,2024-03-12,8883
2201,裕隆,51,29,22,國泰-松江,2024-03-12,8883
1618,合機,54,34,20,國泰-松江,2024-03-12,8883
2883B,凱基金乙特,20,0,20,國泰-松江,2024-03-12,8883
2383,台光電,40,21,19,國泰-松江,2024-03-12,8883
00919,群益台灣精選高息,873,323,550,國泰-松江,2024-03-13,8883
1304,台聚,400,1,399,國泰-松江,2024-03-13,8883
00687B,國泰20年美債,318,24,294,國泰-松江,2024-03-13,8883
00933B,國泰10Y+金融債,262,15,247,國泰-松江,2024-03-13,8883
00720B,元大投資級公司債,252,11,241,國泰-松江,2024-03-13,8883
00937B,群益ESG投等債20,392,188,204,國泰-松江,2024-03-13,8883
3706,神達,189,30,159,國泰-松江,2024-03-13,8883
00918,大華優利高填息30,338,212,126,國泰-松江,2024-03-13,8883
00679B,元大美債20年,129,29,100,國泰-松江,2024-03-13,8883
3231,緯創,345,271,74,國泰-松江,2024-03-13,8883
2408,南亞科,76,3,73,國泰-松江,2024-03-13,8883
2607,榮運,63,8,55,國泰-松江,2024-03-13,8883
2388,威盛,57,4,53,國泰-松江,2024-03-13,8883
2409,友達,54,5,49,國泰-松江,2024-03-13,8883
00795B,中信美國公債20年,71,23,48,國泰-松江,2024-03-13,8883
1101,台泥,67,20,47,國泰-松江,2024-03-13,8883
3715,定穎投控,67,20,47,國泰-松江,2024-03-13,8883
00712,復華富時不動產,46,0,46,國泰-松江,2024-03-13,8883
2405,輔信,40,0,40,國泰-松江,2024-03-13,8883
9930,中聯資源,40,0,40,國泰-松江,2024-03-13,8883
2354,鴻準,263,227,36,國泰-松江,2024-03-13,8883
2486,一詮,152,117,35,國泰-松江,2024-03-13,8883
3163,波若威,87,53,34,國泰-松江,2024-03-13,8883
2371,大同,49,16,33,國泰-松江,2024-03-13,8883
3071,協禧,50,18,32,國泰-松江,2024-03-13,8883
4746,台耀,32,0,32,國泰-松江,2024-03-13,8883
6671,三能-KY,31,0,31,國泰-松江,2024-03-13,8883
00633L,富邦上証正2,30,0,30,國泰-松江,2024-03-13,8883
5009,榮剛,32,3,29,國泰-松江,2024-03-13,8883
2610,華航,38,9,29,國泰-松江,2024-03-13,8883
2344,華邦電,43,15,28,國泰-松江,2024-03-13,8883
6248,沛波,28,0,28,國泰-松江,2024-03-13,8883
00927,群益半導體收益,40,12,28,國泰-松江,2024-03-13,8883
2365,昆盈,30,3,27,國泰-松江,2024-03-13,8883
2204,中華,28,2,26,國泰-松江,2024-03-13,8883
006208,富邦台50,29,4,25,國泰-松江,2024-03-13,8883
00857B,永豐20年美公債,75,50,25,國泰-松江,2024-03-13,8883
6285,啟��,38,13,25,國泰-松江,2024-03-13,8883
2443,昶虹,25,0,25,國泰-松江,2024-03-13,8883
8040,九暘,93,69,24,國泰-松江,2024-03-13,8883
6026,福邦證,25,2,23,國泰-松江,2024-03-13,8883
2881,富邦金,27,6,21,國泰-松江,2024-03-13,8883
1524,耿鼎,35,14,21,國泰-松江,2024-03-13,8883
5498,凱崴,40,19,21,國泰-松江,2024-03-13,8883
00752,中信中國50,22,1,21,國泰-松江,2024-03-13,8883
3005,神基,41,20,21,國泰-松江,2024-03-13,8883
2352,佳世達,25,5,20,國泰-松江,2024-03-13,8883
00637L,元大滬深300正2,28,8,20,國泰-松江,2024-03-13,8883
6274,台燿,35,15,20,國泰-松江,2024-03-13,8883
2383,台光電,24,5,19,國泰-松江,2024-03-13,8883
00919,群益台灣精選高息,1855,990,865,國泰-松江,2024-03-14,8883
00929,復華台灣科技優息,959,498,461,國泰-松江,2024-03-14,8883
2887,台新金,374,65,309,國泰-松江,2024-03-14,8883
00918,大華優利高填息30,491,182,309,國泰-松江,2024-03-14,8883
00687B,國泰20年美債,371,62,309,國泰-松江,2024-03-14,8883
00679B,元大美債20年,290,3,287,國泰-松江,2024-03-14,8883
2211,長榮鋼,214,3,211,國泰-松江,2024-03-14,8883
00933B,國泰10Y+金融債,249,62,187,國泰-松江,2024-03-14,8883
00720B,元大投資級公司債,157,12,145,國泰-松江,2024-03-14,8883
1304,台聚,150,20,130,國泰-松江,2024-03-14,8883
1313,聯成,101,0,101,國泰-松江,2024-03-14,8883
6206,飛捷,102,4,98,國泰-松江,2024-03-14,8883
2889,國票金,143,46,97,國泰-松江,2024-03-14,8883
2603,長榮,594,500,94,國泰-松江,2024-03-14,8883
00915,凱基優選高股息30,110,17,93,國泰-松江,2024-03-14,8883
2618,長榮航,174,81,93,國泰-松江,2024-03-14,8883
2855,統一證,92,1,91,國泰-松江,2024-03-14,8883
2607,榮運,76,0,76,國泰-松江,2024-03-14,8883
3491,昇達科,74,1,73,國泰-松江,2024-03-14,8883
8054,安國,96,24,72,國泰-松江,2024-03-14,8883
6005,群益證,77,6,71,國泰-松江,2024-03-14,8883
00680L,元大美債20正2,84,21,63,國泰-松江,2024-03-14,8883
3711,日月光投控,87,26,61,國泰-松江,2024-03-14,8883
00665L,富邦�琤肭磪囓�2,60,0,60,國泰-松江,2024-03-14,8883
00706L,期元大S＆P日圓正2,60,0,60,國泰-松江,2024-03-14,8883
3231,緯創,120,66,54,國泰-松江,2024-03-14,8883
1316,上曜,145,92,53,國泰-松江,2024-03-14,8883
2369,菱生,52,1,51,國泰-松江,2024-03-14,8883
5871,中租-KY,47,4,43,國泰-松江,2024-03-14,8883
00937B,群益ESG投等債20,202,159,43,國泰-松江,2024-03-14,8883
9945,潤泰新,85,44,41,國泰-松江,2024-03-14,8883
3702,大聯大,52,12,40,國泰-松江,2024-03-14,8883
00772B,中信高評級公司債,55,18,37,國泰-松江,2024-03-14,8883
2820,華票,77,41,36,國泰-松江,2024-03-14,8883
3013,晟銘電,39,4,35,國泰-松江,2024-03-14,8883
9930,中聯資源,31,0,31,國泰-松江,2024-03-14,8883
2834,臺企銀,61,30,31,國泰-松江,2024-03-14,8883
00795B,中信美國公債20年,43,15,28,國泰-松江,2024-03-14,8883
6285,啟��,48,21,27,國泰-松江,2024-03-14,8883
1503,士電,165,139,26,國泰-松江,2024-03-14,8883
4961,天鈺,102,76,26,國泰-松江,2024-03-14,8883
00637L,元大滬深300正2,32,6,26,國泰-松江,2024-03-14,8883
2308,台達電,30,6,24,國泰-松江,2024-03-14,8883
00927,群益半導體收益,29,5,24,國泰-松江,2024-03-14,8883
4906,正文,30,7,23,國泰-松江,2024-03-14,8883
2406,國碩,26,3,23,國泰-松江,2024-03-14,8883
6189,豐藝,22,0,22,國泰-松江,2024-03-14,8883
00932,兆豐永續高息等權,22,0,22,國泰-松江,2024-03-14,8883
00688L,國泰20年美債正2,31,9,22,國泰-松江,2024-03-14,8883
2328,廣宇,27,5,22,國泰-松江,2024-03-14,8883
2603,長榮,1521,170,1351,國泰-松江,2024-03-15,8883
00919,群益台灣精選高息,964,292,672,國泰-松江,2024-03-15,8883
00687B,國泰20年美債,603,10,593,國泰-松江,2024-03-15,8883
00941,中信上游半導體,581,78,503,國泰-松江,2024-03-15,8883
00679B,元大美債20年,437,36,401,國泰-松江,2024-03-15,8883
1304,台聚,351,6,345,國泰-松江,2024-03-15,8883
00751B,元大AAA至A公司債,356,85,271,國泰-松江,2024-03-15,8883
00918,大華優利高填息30,282,65,217,國泰-松江,2024-03-15,8883
00720B,元大投資級公司債,370,158,212,國泰-松江,2024-03-15,8883
2882,國泰金,201,42,159,國泰-松江,2024-03-15,8883
00680L,元大美債20正2,173,15,158,國泰-松江,2024-03-15,8883
00632R,元大台灣50反1,152,11,141,國泰-松江,2024-03-15,8883
00937B,群益ESG投等債20,268,153,115,國泰-松江,2024-03-15,8883
00915,凱基優選高股息30,129,17,112,國泰-松江,2024-03-15,8883
00795B,中信美國公債20年,108,2,106,國泰-松江,2024-03-15,8883
2330,台積電,99,7,92,國泰-松江,2024-03-15,8883
6016,康和證,96,5,91,國泰-松江,2024-03-15,8883
6596,寬宏藝術,78,0,78,國泰-松江,2024-03-15,8883
2610,華航,100,26,74,國泰-松江,2024-03-15,8883
4714,永捷,92,33,59,國泰-松江,2024-03-15,8883
3481,群創,63,12,51,國泰-松江,2024-03-15,8883
2888,新光金,47,1,46,國泰-松江,2024-03-15,8883
2887,台新金,47,1,46,國泰-松江,2024-03-15,8883
2356,英業達,57,14,43,國泰-松江,2024-03-15,8883
2354,鴻準,78,36,42,國泰-松江,2024-03-15,8883
5009,榮剛,43,1,42,國泰-松江,2024-03-15,8883
2618,長榮航,53,11,42,國泰-松江,2024-03-15,8883
2855,統一證,40,0,40,國泰-松江,2024-03-15,8883
3588,通嘉,86,47,39,國泰-松江,2024-03-15,8883
2607,榮運,38,0,38,國泰-松江,2024-03-15,8883
2303,聯電,48,14,34,國泰-松江,2024-03-15,8883
5213,亞昕,36,5,31,國泰-松江,2024-03-15,8883
3715,定穎投控,36,6,30,國泰-松江,2024-03-15,8883
00670L,富邦NASDAQ正2,30,0,30,國泰-松江,2024-03-15,8883
2454,聯發科,39,10,29,國泰-松江,2024-03-15,8883
1303,南亞,30,1,29,國泰-松江,2024-03-15,8883
3413,京鼎,40,12,28,國泰-松江,2024-03-15,8883
3005,神基,48,20,28,國泰-松江,2024-03-15,8883
2371,大同,28,1,27,國泰-松江,2024-03-15,8883
00673R,期元大S＆P原油反1,27,0,27,國泰-松江,2024-03-15,8883
1513,中興電,101,76,25,國泰-松江,2024-03-15,8883
1455,集盛,24,0,24,國泰-松江,2024-03-15,8883
2892,第一金,28,4,24,國泰-松江,2024-03-15,8883
9945,潤泰新,27,4,23,國泰-松江,2024-03-15,8883
00650L,復華香港正2,23,0,23,國泰-松江,2024-03-15,8883
2949,欣新網,23,0,23,國泰-松江,2024-03-15,8883
1608,華榮,26,3,23,國泰-松江,2024-03-15,8883
3631,晟楠,23,0,23,國泰-松江,2024-03-15,8883
1709,和益,22,0,22,國泰-松江,2024-03-15,8883
2323,中環,148,126,22,國泰-松江,2024-03-15,8883
00919,群益台灣精選高息,1070,231,839,國泰-松江,2024-03-18,8883
00941,中信上游半導體,648,79,569,國泰-松江,2024-03-18,8883
00687B,國泰20年美債,310,14,296,國泰-松江,2024-03-18,8883
00632R,元大台灣50反1,192,16,176,國泰-松江,2024-03-18,8883
4174,浩鼎,142,0,142,國泰-松江,2024-03-18,8883
00937B,群益ESG投等債20,161,28,133,國泰-松江,2024-03-18,8883
00720B,元大投資級公司債,130,1,129,國泰-松江,2024-03-18,8883
00933B,國泰10Y+金融債,113,6,107,國泰-松江,2024-03-18,8883
2542,興富發,106,0,106,國泰-松江,2024-03-18,8883
00679B,元大美債20年,113,13,100,國泰-松江,2024-03-18,8883
6248,沛波,89,0,89,國泰-松江,2024-03-18,8883
00712,復華富時不動產,88,4,84,國泰-松江,2024-03-18,8883
1455,集盛,79,0,79,國泰-松江,2024-03-18,8883
3557,嘉威,75,0,75,國泰-松江,2024-03-18,8883
00918,大華優利高填息30,124,61,63,國泰-松江,2024-03-18,8883
1570,力肯,60,2,58,國泰-松江,2024-03-18,8883
3715,定穎投控,83,29,54,國泰-松江,2024-03-18,8883
2323,中環,79,26,53,國泰-松江,2024-03-18,8883
2609,陽明,83,30,53,國泰-松江,2024-03-18,8883
00665L,富邦�琤肭磪囓�2,50,0,50,國泰-松江,2024-03-18,8883
00786B,元大10年IG銀行債,50,1,49,國泰-松江,2024-03-18,8883
00688L,國泰20年美債正2,49,0,49,國泰-松江,2024-03-18,8883
2002,中鋼,58,13,45,國泰-松江,2024-03-18,8883
1722,台肥,45,0,45,國泰-松江,2024-03-18,8883
00680L,元大美債20正2,44,1,43,國泰-松江,2024-03-18,8883
1101,台泥,42,2,40,國泰-松江,2024-03-18,8883
2885,元大金,40,1,39,國泰-松江,2024-03-18,8883
00772B,中信高評級公司債,40,1,39,國泰-松江,2024-03-18,8883
00706L,期元大S＆P日圓正2,37,0,37,國泰-松江,2024-03-18,8883
4720,德淵,37,0,37,國泰-松江,2024-03-18,8883
2610,華航,51,14,37,國泰-松江,2024-03-18,8883
2888,新光金,35,0,35,國泰-松江,2024-03-18,8883
2352,佳世達,55,20,35,國泰-松江,2024-03-18,8883
2834,臺企銀,70,37,33,國泰-松江,2024-03-18,8883
00857B,永豐20年美公債,62,32,30,國泰-松江,2024-03-18,8883
2618,長榮航,34,6,28,國泰-松江,2024-03-18,8883
2324,仁寶,36,9,27,國泰-松江,2024-03-18,8883
00673R,期元大S＆P原油反1,30,3,27,國泰-松江,2024-03-18,8883
2367,燿華,72,46,26,國泰-松江,2024-03-18,8883
00664R,國泰臺灣加權反1,25,0,25,國泰-松江,2024-03-18,8883
2457,飛宏,25,0,25,國泰-松江,2024-03-18,8883
5425,台半,24,1,23,國泰-松江,2024-03-18,8883
00878,國泰永續高股息,77,54,23,國泰-松江,2024-03-18,8883
1229,聯華,23,1,22,國泰-松江,2024-03-18,8883
2408,南亞科,43,20,23,國泰-松江,2024-03-18,8883
1220,台榮,21,0,21,國泰-松江,2024-03-18,8883
4503,金雨,26,5,21,國泰-松江,2024-03-18,8883
2353,宏��,63,42,21,國泰-松江,2024-03-18,8883
2743,山富,21,1,20,國泰-松江,2024-03-18,8883
2883B,凱基金乙特,20,0,20,國泰-松江,2024-03-18,8883
1440,南紡,394,0,394,國泰-松江,2024-03-19,8883
00937B,群益ESG投等債20,400,23,377,國泰-松江,2024-03-19,8883
00687B,國泰20年美債,392,68,324,國泰-松江,2024-03-19,8883
2887,台新金,228,0,228,國泰-松江,2024-03-19,8883
00632R,元大台灣50反1,230,10,220,國泰-松江,2024-03-19,8883
00751B,元大AAA至A公司債,174,5,169,國泰-松江,2024-03-19,8883
1304,台聚,100,0,100,國泰-松江,2024-03-19,8883
3680,家登,101,10,91,國泰-松江,2024-03-19,8883
00941,中信上游半導體,85,1,84,國泰-松江,2024-03-19,8883
00680L,元大美債20正2,184,104,80,國泰-松江,2024-03-19,8883
3231,緯創,232,159,73,國泰-松江,2024-03-19,8883
5880,合庫金,65,0,65,國泰-松江,2024-03-19,8883
4174,浩鼎,61,0,61,國泰-松江,2024-03-19,8883
00857B,永豐20年美公債,84,24,60,國泰-松江,2024-03-19,8883
2353,宏��,67,9,58,國泰-松江,2024-03-19,8883
3037,欣興,119,64,55,國泰-松江,2024-03-19,8883
2888,新光金,51,1,50,國泰-松江,2024-03-19,8883
1513,中興電,155,105,50,國泰-松江,2024-03-19,8883
2329,華泰,57,7,50,國泰-松江,2024-03-19,8883
2607,榮運,49,0,49,國泰-松江,2024-03-19,8883
2892,第一金,50,2,48,國泰-松江,2024-03-19,8883
6290,良維,53,7,46,國泰-松江,2024-03-19,8883
3036,文曄,84,41,43,國泰-松江,2024-03-19,8883
2486,一詮,127,86,41,國泰-松江,2024-03-19,8883
2303,聯電,144,104,40,國泰-松江,2024-03-19,8883
00673R,期元大S＆P原油反1,50,11,39,國泰-松江,2024-03-19,8883
2371,大同,87,49,38,國泰-松江,2024-03-19,8883
1503,士電,138,100,38,國泰-松江,2024-03-19,8883
2356,英業達,66,30,36,國泰-松江,2024-03-19,8883
00919,群益台灣精選高息,276,239,37,國泰-松江,2024-03-19,8883
5312,寶島科,35,0,35,國泰-松江,2024-03-19,8883
1455,集盛,34,0,34,國泰-松江,2024-03-19,8883
6285,啟��,62,29,33,國泰-松江,2024-03-19,8883
00720B,元大投資級公司債,40,9,31,國泰-松江,2024-03-19,8883
3025,星通,33,2,31,國泰-松江,2024-03-19,8883
1402,遠東新,31,1,30,國泰-松江,2024-03-19,8883
6668,中揚光,35,6,29,國泰-松江,2024-03-19,8883
3312,弘憶股,67,39,28,國泰-松江,2024-03-19,8883
2323,中環,31,3,28,國泰-松江,2024-03-19,8883
00688L,國泰20年美債正2,29,2,27,國泰-松江,2024-03-19,8883
1522,堤維西,30,3,27,國泰-松江,2024-03-19,8883
1229,聯華,26,0,26,國泰-松江,2024-03-19,8883
00753L,中信中國50正2,26,0,26,國泰-松江,2024-03-19,8883
1301,台塑,25,0,25,國泰-松江,2024-03-19,8883
2443,昶虹,24,0,24,國泰-松江,2024-03-19,8883
00706L,期元大S＆P日圓正2,26,2,24,國泰-松江,2024-03-19,8883
1101,台泥,32,9,23,國泰-松江,2024-03-19,8883
6176,瑞儀,34,11,23,國泰-松江,2024-03-19,8883
6505,台塑化,22,0,22,國泰-松江,2024-03-19,8883
00903,富邦元宇宙,22,0,22,國泰-松江,2024-03-19,8883
00939,統一台灣高息動能,1505,254,1251,國泰-松江,2024-03-20,8883
00919,群益台灣精選高息,1419,351,1068,國泰-松江,2024-03-20,8883
00937B,群益ESG投等債20,333,83,250,國泰-松江,2024-03-20,8883
00929,復華台灣科技優息,371,162,209,國泰-松江,2024-03-20,8883
2888,新光金,223,27,196,國泰-松江,2024-03-20,8883
00665L,富邦�琤肭磪囓�2,190,50,140,國泰-松江,2024-03-20,8883
3231,緯創,216,103,113,國泰-松江,2024-03-20,8883
4938,和碩,148,38,110,國泰-松江,2024-03-20,8883
1608,華榮,110,0,110,國泰-松江,2024-03-20,8883
00795B,中信美國公債20年,105,1,104,國泰-松江,2024-03-20,8883
3041,揚智,192,90,102,國泰-松江,2024-03-20,8883
00679B,元大美債20年,119,41,78,國泰-松江,2024-03-20,8883
3711,日月光投控,103,34,69,國泰-松江,2024-03-20,8883
00720B,元大投資級公司債,134,68,66,國泰-松江,2024-03-20,8883
3481,群創,107,43,64,國泰-松江,2024-03-20,8883
2317,鴻海,312,253,59,國泰-松江,2024-03-20,8883
5521,工信,50,0,50,國泰-松江,2024-03-20,8883
2356,英業達,103,54,49,國泰-松江,2024-03-20,8883
1319,東陽,60,12,48,國泰-松江,2024-03-20,8883
2834,臺企銀,66,22,44,國泰-松江,2024-03-20,8883
00857B,永豐20年美公債,65,24,41,國泰-松江,2024-03-20,8883
1570,力肯,40,0,40,國泰-松江,2024-03-20,8883
00941,中信上游半導體,58,19,39,國泰-松江,2024-03-20,8883
2344,華邦電,46,8,38,國泰-松江,2024-03-20,8883
6671,三能-KY,37,0,37,國泰-松江,2024-03-20,8883
2303,聯電,178,141,37,國泰-松江,2024-03-20,8883
4174,浩鼎,36,0,36,國泰-松江,2024-03-20,8883
2603,長榮,276,241,35,國泰-松江,2024-03-20,8883
00706L,期元大S＆P日圓正2,41,6,35,國泰-松江,2024-03-20,8883
2382,廣達,99,64,35,國泰-松江,2024-03-20,8883
00680L,元大美債20正2,50,16,34,國泰-松江,2024-03-20,8883
2457,飛宏,34,0,34,國泰-松江,2024-03-20,8883
00772B,中信高評級公司債,38,6,32,國泰-松江,2024-03-20,8883
1513,中興電,78,46,32,國泰-松江,2024-03-20,8883
2618,長榮航,39,7,32,國泰-松江,2024-03-20,8883
8234,新漢,35,4,31,國泰-松江,2024-03-20,8883
6177,達麗,31,0,31,國泰-松江,2024-03-20,8883
2443,昶虹,30,0,30,國泰-松江,2024-03-20,8883
5213,亞昕,30,0,30,國泰-松江,2024-03-20,8883
1101,台泥,33,4,29,國泰-松江,2024-03-20,8883
2606,裕民,28,2,26,國泰-松江,2024-03-20,8883
2352,佳世達,46,21,25,國泰-松江,2024-03-20,8883
6139,亞翔,55,30,25,國泰-松江,2024-03-20,8883
4720,德淵,30,6,24,國泰-松江,2024-03-20,8883
2374,佳能,46,22,24,國泰-松江,2024-03-20,8883
6122,擎邦,27,3,24,國泰-松江,2024-03-20,8883
2376,技嘉,44,20,24,國泰-松江,2024-03-20,8883
00882,中信中國高股息,29,5,24,國泰-松江,2024-03-20,8883
1301,台塑,25,2,23,國泰-松江,2024-03-20,8883
1784,訊聯,22,0,22,國泰-松江,2024-03-20,8883
00687B,國泰20年美債,437,23,414,國泰-松江,2024-03-21,8883
00937B,群益ESG投等債20,315,2,313,國泰-松江,2024-03-21,8883
00939,統一台灣高息動能,499,204,295,國泰-松江,2024-03-21,8883
00720B,元大投資級公司債,280,3,277,國泰-松江,2024-03-21,8883
00751B,元大AAA至A公司債,154,1,153,國泰-松江,2024-03-21,8883
00679B,元大美債20年,121,13,108,國泰-松江,2024-03-21,8883
3231,緯創,146,69,77,國泰-松江,2024-03-21,8883
00830,國泰費城半導體,104,32,72,國泰-松江,2024-03-21,8883
1463,強盛新,70,0,70,國泰-松江,2024-03-21,8883
00664R,國泰臺灣加權反1,69,0,69,國泰-松江,2024-03-21,8883
3005,神基,125,62,63,國泰-松江,2024-03-21,8883
2002,中鋼,88,27,61,國泰-松江,2024-03-21,8883
3264,欣銓,71,17,54,國泰-松江,2024-03-21,8883
6869,雲豹能源,49,0,49,國泰-松江,2024-03-21,8883
00752,中信中國50,50,1,49,國泰-松江,2024-03-21,8883
4174,浩鼎,48,0,48,國泰-松江,2024-03-21,8883
2888,新光金,118,71,47,國泰-松江,2024-03-21,8883
2382,廣達,77,34,43,國泰-松江,2024-03-21,8883
2618,長榮航,49,6,43,國泰-松江,2024-03-21,8883
00680L,元大美債20正2,43,0,43,國泰-松江,2024-03-21,8883
00929,復華台灣科技優息,121,83,38,國泰-松江,2024-03-21,8883
4720,德淵,38,2,36,國泰-松江,2024-03-21,8883
2486,一詮,205,171,34,國泰-松江,2024-03-21,8883
1524,耿鼎,52,18,34,國泰-松江,2024-03-21,8883
2376,技嘉,94,60,34,國泰-松江,2024-03-21,8883
00795B,中信美國公債20年,38,6,32,國泰-松江,2024-03-21,8883
00857B,永豐20年美公債,56,24,32,國泰-松江,2024-03-21,8883
4915,致伸,32,1,31,國泰-松江,2024-03-21,8883
6443,元晶,57,26,31,國泰-松江,2024-03-21,8883
2610,華航,36,6,30,國泰-松江,2024-03-21,8883
2405,輔信,57,29,28,國泰-松江,2024-03-21,8883
2606,裕民,27,0,27,國泰-松江,2024-03-21,8883
1504,東元,74,47,27,國泰-松江,2024-03-21,8883
2443,昶虹,25,0,25,國泰-松江,2024-03-21,8883
2603,長榮,87,62,25,國泰-松江,2024-03-21,8883
2527,宏璟,24,0,24,國泰-松江,2024-03-21,8883
1785,光洋科,53,29,24,國泰-松江,2024-03-21,8883
1709,和益,22,0,22,國泰-松江,2024-03-21,8883
6279,胡連,23,1,22,國泰-松江,2024-03-21,8883
1101,台泥,56,34,22,國泰-松江,2024-03-21,8883
2353,宏��,29,8,21,國泰-松江,2024-03-21,8883
6188,廣明,111,91,20,國泰-松江,2024-03-21,8883
1570,力肯,20,0,20,國泰-松江,2024-03-21,8883
3294,英濟,21,1,20,國泰-松江,2024-03-21,8883
8110,華東,20,0,20,國泰-松江,2024-03-21,8883
3406,玉晶光,41,22,19,國泰-松江,2024-03-21,8883
00786B,元大10年IG銀行債,19,0,19,國泰-松江,2024-03-21,8883
2313,華通,58,39,19,國泰-松江,2024-03-21,8883
00931B,統一美債20年,20,2,18,國泰-松江,2024-03-21,8883
3032,偉訓,24,7,17,國泰-松江,2024-03-21,8883
00937B,群益ESG投等債20,839,39,800,國泰-松江,2024-03-22,8883
00632R,元大台灣50反1,458,31,427,國泰-松江,2024-03-22,8883
00680L,元大美債20正2,371,47,324,國泰-松江,2024-03-22,8883
00687B,國泰20年美債,255,8,247,國泰-松江,2024-03-22,8883
00939,統一台灣高息動能,311,93,218,國泰-松江,2024-03-22,8883
2888,新光金,173,8,165,國泰-松江,2024-03-22,8883
3706,神達,277,131,146,國泰-松江,2024-03-22,8883
00665L,富邦�琤肭磪囓�2,95,0,95,國泰-松江,2024-03-22,8883
2009,第一銅,90,1,89,國泰-松江,2024-03-22,8883
2354,鴻準,192,105,87,國泰-松江,2024-03-22,8883
00915,凱基優選高股息30,84,0,84,國泰-松江,2024-03-22,8883
00679B,元大美債20年,114,45,69,國泰-松江,2024-03-22,8883
1608,華榮,83,16,67,國泰-松江,2024-03-22,8883
00857B,永豐20年美公債,64,11,53,國泰-松江,2024-03-22,8883
3711,日月光投控,97,45,52,國泰-松江,2024-03-22,8883
2486,一詮,161,111,50,國泰-松江,2024-03-22,8883
2301,光寶科,78,39,39,國泰-松江,2024-03-22,8883
1101,台泥,41,4,37,國泰-松江,2024-03-22,8883
2603,長榮,72,35,37,國泰-松江,2024-03-22,8883
6189,豐藝,59,25,34,國泰-松江,2024-03-22,8883
2408,南亞科,188,155,33,國泰-松江,2024-03-22,8883
6257,矽格,33,1,32,國泰-松江,2024-03-22,8883
00751B,元大AAA至A公司債,54,22,32,國泰-松江,2024-03-22,8883
5512,力麒,33,2,31,國泰-松江,2024-03-22,8883
5014,建錩,30,0,30,國泰-松江,2024-03-22,8883
4714,永捷,32,3,29,國泰-松江,2024-03-22,8883
6869,雲豹能源,39,10,29,國泰-松江,2024-03-22,8883
00650L,復華香港正2,28,0,28,國泰-松江,2024-03-22,8883
00918,大華優利高填息30,44,16,28,國泰-松江,2024-03-22,8883
6547,高端疫苗,32,5,27,國泰-松江,2024-03-22,8883
2352,佳世達,36,9,27,國泰-松江,2024-03-22,8883
5009,榮剛,26,0,26,國泰-松江,2024-03-22,8883
5469,瀚宇博,35,11,24,國泰-松江,2024-03-22,8883
5213,亞昕,25,2,23,國泰-松江,2024-03-22,8883
4953,緯軟,37,16,21,國泰-松江,2024-03-22,8883
2371,大同,36,15,21,國泰-松江,2024-03-22,8883
2323,中環,48,28,20,國泰-松江,2024-03-22,8883
2014,中鴻,20,0,20,國泰-松江,2024-03-22,8883
8284,三竹,20,0,20,國泰-松江,2024-03-22,8883
1455,集盛,32,12,20,國泰-松江,2024-03-22,8883
00900,富邦特選高股息30,24,5,19,國泰-松江,2024-03-22,8883
2836,高雄銀,19,0,19,國泰-松江,2024-03-22,8883
4720,德淵,21,2,19,國泰-松江,2024-03-22,8883
6605,帝寶,22,3,19,國泰-松江,2024-03-22,8883
00688L,國泰20年美債正2,42,24,18,國泰-松江,2024-03-22,8883
2916,滿心,17,0,17,國泰-松江,2024-03-22,8883
2443,昶虹,17,0,17,國泰-松江,2024-03-22,8883
2882,國泰金,58,42,16,國泰-松江,2024-03-22,8883
2376,技嘉,145,129,16,國泰-松江,2024-03-22,8883
6414,樺漢,16,1,15,國泰-松江,2024-03-22,8883
00937B,群益ESG投等債20,672,19,653,國泰-松江,2024-03-25,8883
00751B,元大AAA至A公司債,400,77,323,國泰-松江,2024-03-25,8883
00919,群益台灣精選高息,476,199,277,國泰-松江,2024-03-25,8883
2317,鴻海,363,120,243,國泰-松江,2024-03-25,8883
1463,強盛新,237,3,234,國泰-松江,2024-03-25,8883
00786B,元大10年IG銀行債,179,0,179,國泰-松江,2024-03-25,8883
00939,統一台灣高息動能,209,70,139,國泰-松江,2024-03-25,8883
2356,英業達,269,130,139,國泰-松江,2024-03-25,8883
3062,建漢,134,51,83,國泰-松江,2024-03-25,8883
4755,三福化,68,7,61,國泰-松江,2024-03-25,8883
3231,緯創,80,22,58,國泰-松江,2024-03-25,8883
00720B,元大投資級公司債,84,26,58,國泰-松江,2024-03-25,8883
3711,日月光投控,118,61,57,國泰-松江,2024-03-25,8883
2303,聯電,63,11,52,國泰-松江,2024-03-25,8883
00891,中信關鍵半導體,62,10,52,國泰-松江,2024-03-25,8883
3294,英濟,77,28,49,國泰-松江,2024-03-25,8883
1609,大亞,492,443,49,國泰-松江,2024-03-25,8883
4720,德淵,47,0,47,國泰-松江,2024-03-25,8883
1504,東元,66,24,42,國泰-松江,2024-03-25,8883
2633,台灣高鐵,41,1,40,國泰-松江,2024-03-25,8883
2515,中工,53,14,39,國泰-松江,2024-03-25,8883
2443,昶虹,38,0,38,國泰-松江,2024-03-25,8883
8085,福華,38,1,37,國泰-松江,2024-03-25,8883
0056,元大高股息,58,25,33,國泰-松江,2024-03-25,8883
3545,敦泰,56,24,32,國泰-松江,2024-03-25,8883
4714,永捷,40,10,30,國泰-松江,2024-03-25,8883
912000,晨訊科-DR,30,0,30,國泰-松江,2024-03-25,8883
8064,東捷,95,68,27,國泰-松江,2024-03-25,8883
8011,台通,27,0,27,國泰-松江,2024-03-25,8883
2371,大同,81,54,27,國泰-松江,2024-03-25,8883
1612,宏泰,46,22,24,國泰-松江,2024-03-25,8883
8284,三竹,25,1,24,國泰-松江,2024-03-25,8883
00706L,期元大S＆P日圓正2,24,0,24,國泰-松江,2024-03-25,8883
6806,森崴能源,43,20,23,國泰-松江,2024-03-25,8883
4174,浩鼎,23,0,23,國泰-松江,2024-03-25,8883
3576,聯合再生,27,4,23,國泰-松江,2024-03-25,8883
00935,野村臺灣新科技50,25,3,22,國泰-松江,2024-03-25,8883
8033,雷虎,30,7,23,國泰-松江,2024-03-25,8883
5381,合正,23,1,22,國泰-松江,2024-03-25,8883
4919,新唐,21,0,21,國泰-松江,2024-03-25,8883
1714,和桐,21,0,21,國泰-松江,2024-03-25,8883
8926,台汽電,25,4,21,國泰-松江,2024-03-25,8883
00893,國泰智能電動車,25,4,21,國泰-松江,2024-03-25,8883
00795B,中信美國公債20年,37,16,21,國泰-松江,2024-03-25,8883
3047,訊舟,20,0,20,國泰-松江,2024-03-25,8883
2442,新美齊,20,0,20,國泰-松江,2024-03-25,8883
2331,精英,20,0,20,國泰-松江,2024-03-25,8883
1786,科妍,20,0,20,國泰-松江,2024-03-25,8883
2406,國碩,22,3,19,國泰-松江,2024-03-25,8883
2834,臺企銀,22,3,19,國泰-松江,2024-03-25,8883
00919,群益台灣精選高息,911,397,514,國泰-松江,2024-03-26,8883
00937B,群益ESG投等債20,429,26,403,國泰-松江,2024-03-26,8883
00941,中信上游半導體,583,333,250,國泰-松江,2024-03-26,8883
00939,統一台灣高息動能,469,229,240,國泰-松江,2024-03-26,8883
5483,中美晶,214,9,205,國泰-松江,2024-03-26,8883
00720B,元大投資級公司債,216,15,201,國泰-松江,2024-03-26,8883
00929,復華台灣科技優息,269,163,106,國泰-松江,2024-03-26,8883
00933B,國泰10Y+金融債,114,15,99,國泰-松江,2024-03-26,8883
1815,富喬,108,16,92,國泰-松江,2024-03-26,8883
2618,長榮航,100,15,85,國泰-松江,2024-03-26,8883
2883,凱基金,130,46,84,國泰-松江,2024-03-26,8883
00665L,富邦�琤肭磪囓�2,75,0,75,國泰-松江,2024-03-26,8883
3231,緯創,178,107,71,國泰-松江,2024-03-26,8883
4174,浩鼎,66,0,66,國泰-松江,2024-03-26,8883
00687B,國泰20年美債,103,37,66,國泰-松江,2024-03-26,8883
4720,德淵,62,0,62,國泰-松江,2024-03-26,8883
6125,廣運,129,67,62,國泰-松江,2024-03-26,8883
2609,陽明,131,71,60,國泰-松江,2024-03-26,8883
2388,威盛,103,44,59,國泰-松江,2024-03-26,8883
5009,榮剛,89,30,59,國泰-松江,2024-03-26,8883
5381,合正,61,3,58,國泰-松江,2024-03-26,8883
6578,達邦蛋白,56,0,56,國泰-松江,2024-03-26,8883
9105,泰金寶-DR,75,21,54,國泰-松江,2024-03-26,8883
2542,興富發,50,1,49,國泰-松江,2024-03-26,8883
2610,華航,49,5,44,國泰-松江,2024-03-26,8883
2303,聯電,68,27,41,國泰-松江,2024-03-26,8883
00918,大華優利高填息30,79,39,40,國泰-松江,2024-03-26,8883
6179,亞通,41,4,37,國泰-松江,2024-03-26,8883
00670L,富邦NASDAQ正2,35,0,35,國泰-松江,2024-03-26,8883
4714,永捷,37,5,32,國泰-松江,2024-03-26,8883
2834,臺企銀,33,2,31,國泰-松江,2024-03-26,8883
3037,欣興,42,11,31,國泰-松江,2024-03-26,8883
00679B,元大美債20年,51,20,31,國泰-松江,2024-03-26,8883
1513,中興電,192,161,31,國泰-松江,2024-03-26,8883
0056,元大高股息,149,119,30,國泰-松江,2024-03-26,8883
4915,致伸,34,5,29,國泰-松江,2024-03-26,8883
3376,新日興,51,23,28,國泰-松江,2024-03-26,8883
2049,上銀,40,12,28,國泰-松江,2024-03-26,8883
4906,正文,55,28,27,國泰-松江,2024-03-26,8883
1609,大亞,265,238,27,國泰-松江,2024-03-26,8883
2356,英業達,193,167,26,國泰-松江,2024-03-26,8883
8092,建暐,38,12,26,國泰-松江,2024-03-26,8883
3312,弘憶股,89,63,26,國泰-松江,2024-03-26,8883
6517,保勝光學,29,3,26,國泰-松江,2024-03-26,8883
6005,群益證,36,10,26,國泰-松江,2024-03-26,8883
00891,中信關鍵半導體,25,2,23,國泰-松江,2024-03-26,8883
3036,文曄,27,5,22,國泰-松江,2024-03-26,8883
2417,圓剛,69,47,22,國泰-松江,2024-03-26,8883
5213,亞昕,24,2,22,國泰-松江,2024-03-26,8883
00680L,元大美債20正2,41,19,22,國泰-松江,2024-03-26,8883
00751B,元大AAA至A公司債,874,29,845,國泰-松江,2024-03-27,8883
00937B,群益ESG投等債20,320,12,308,國泰-松江,2024-03-27,8883
2633,台灣高鐵,104,0,104,國泰-松江,2024-03-27,8883
1609,大亞,273,180,93,國泰-松江,2024-03-27,8883
00939,統一台灣高息動能,480,390,90,國泰-松江,2024-03-27,8883
4113,聯上,76,0,76,國泰-松江,2024-03-27,8883
2301,光寶科,83,9,74,國泰-松江,2024-03-27,8883
3711,日月光投控,148,84,64,國泰-松江,2024-03-27,8883
2889,國票金,60,0,60,國泰-松江,2024-03-27,8883
2409,友達,65,13,52,國泰-松江,2024-03-27,8883
2834,臺企銀,63,11,52,國泰-松江,2024-03-27,8883
2888,新光金,60,13,47,國泰-松江,2024-03-27,8883
2371,大同,212,165,47,國泰-松江,2024-03-27,8883
2317,鴻海,256,215,41,國泰-松江,2024-03-27,8883
2443,昶虹,40,0,40,國泰-松江,2024-03-27,8883
2884,玉山金,62,23,39,國泰-松江,2024-03-27,8883
2883,凱基金,72,33,39,國泰-松江,2024-03-27,8883
00680L,元大美債20正2,52,16,36,國泰-松江,2024-03-27,8883
3037,欣興,34,3,31,國泰-松江,2024-03-27,8883
3481,群創,48,18,30,國泰-松江,2024-03-27,8883
3005,神基,45,17,28,國泰-松江,2024-03-27,8883
3217,優群,30,2,28,國泰-松江,2024-03-27,8883
3706,神達,161,134,27,國泰-松江,2024-03-27,8883
2547,日勝生,28,2,26,國泰-松江,2024-03-27,8883
1809,中釉,27,1,26,國泰-松江,2024-03-27,8883
3265,台星科,27,2,25,國泰-松江,2024-03-27,8883
2352,佳世達,36,11,25,國泰-松江,2024-03-27,8883
6282,康舒,24,0,24,國泰-松江,2024-03-27,8883
2801,彰銀,24,0,24,國泰-松江,2024-03-27,8883
1513,中興電,145,121,24,國泰-松江,2024-03-27,8883
5222,全訊,24,1,23,國泰-松江,2024-03-27,8883
6274,台燿,71,49,22,國泰-松江,2024-03-27,8883
00632R,元大台灣50反1,44,22,22,國泰-松江,2024-03-27,8883
00720B,元大投資級公司債,65,43,22,國泰-松江,2024-03-27,8883
00857B,永豐20年美公債,29,8,21,國泰-松江,2024-03-27,8883
2323,中環,22,1,21,國泰-松江,2024-03-27,8883
6290,良維,29,8,21,國泰-松江,2024-03-27,8883
1227,佳格,20,0,20,國泰-松江,2024-03-27,8883
5425,台半,20,0,20,國泰-松江,2024-03-27,8883
6188,廣明,38,18,20,國泰-松江,2024-03-27,8883
00897,富邦基因免疫生技,20,0,20,國泰-松江,2024-03-27,8883
1463,強盛新,20,0,20,國泰-松江,2024-03-27,8883
00786B,元大10年IG銀行債,20,1,19,國泰-松江,2024-03-27,8883
4720,德淵,22,3,19,國泰-松江,2024-03-27,8883
6770,力積電,64,46,18,國泰-松江,2024-03-27,8883
4960,誠美材,20,3,17,國泰-松江,2024-03-27,8883
1605,華新,18,1,17,國泰-松江,2024-03-27,8883
4513,福裕,18,1,17,國泰-松江,2024-03-27,8883
9945,潤泰新,17,0,17,國泰-松江,2024-03-27,8883
2385,群光,19,3,16,國泰-松江,2024-03-27,8883
00937B,群益ESG投等債20,404,47,357,國泰-松江,2024-03-28,8883
3706,神達,287,54,233,國泰-松江,2024-03-28,8883
5483,中美晶,170,10,160,國泰-松江,2024-03-28,8883
00680L,元大美債20正2,317,163,154,國泰-松江,2024-03-28,8883
00751B,元大AAA至A公司債,139,6,133,國泰-松江,2024-03-28,8883
00941,中信上游半導體,136,18,118,國泰-松江,2024-03-28,8883
00687B,國泰20年美債,133,27,106,國泰-松江,2024-03-28,8883
00919,群益台灣精選高息,188,90,98,國泰-松江,2024-03-28,8883
1463,強盛新,90,0,90,國泰-松江,2024-03-28,8883
00679B,元大美債20年,136,48,88,國泰-松江,2024-03-28,8883
00720B,元大投資級公司債,92,10,82,國泰-松江,2024-03-28,8883
2618,長榮航,112,34,78,國泰-松江,2024-03-28,8883
6596,寬宏藝術,77,0,77,國泰-松江,2024-03-28,8883
3062,建漢,227,151,76,國泰-松江,2024-03-28,8883
00939,統一台灣高息動能,233,162,71,國泰-松江,2024-03-28,8883
2883,凱基金,169,99,70,國泰-松江,2024-03-28,8883
2301,光寶科,92,33,59,國泰-松江,2024-03-28,8883
2645,長榮航太,67,8,59,國泰-松江,2024-03-28,8883
2317,鴻海,315,256,59,國泰-松江,2024-03-28,8883
00665L,富邦�琤肭磪囓�2,51,0,51,國泰-松江,2024-03-28,8883
2515,中工,57,7,50,國泰-松江,2024-03-28,8883
3005,神基,65,18,47,國泰-松江,2024-03-28,8883
2888,新光金,41,0,41,國泰-松江,2024-03-28,8883
4532,瑞智,38,0,38,國泰-松江,2024-03-28,8883
2303,聯電,65,30,35,國泰-松江,2024-03-28,8883
3576,聯合再生,35,0,35,國泰-松江,2024-03-28,8883
8110,華東,38,4,34,國泰-松江,2024-03-28,8883
5512,力麒,40,6,34,國泰-松江,2024-03-28,8883
4909,新復興,67,33,34,國泰-松江,2024-03-28,8883
00706L,期元大S＆P日圓正2,31,0,31,國泰-松江,2024-03-28,8883
3530,晶相光,30,0,30,國泰-松江,2024-03-28,8883
2356,英業達,45,15,30,國泰-松江,2024-03-28,8883
2603,長榮,84,56,28,國泰-松江,2024-03-28,8883
5009,榮剛,33,5,28,國泰-松江,2024-03-28,8883
1612,宏泰,28,2,26,國泰-松江,2024-03-28,8883
2351,順德,25,0,25,國泰-松江,2024-03-28,8883
2443,昶虹,25,0,25,國泰-松江,2024-03-28,8883
6505,台塑化,23,0,23,國泰-松江,2024-03-28,8883
5381,合正,21,0,21,國泰-松江,2024-03-28,8883
3437,榮創,20,0,20,國泰-松江,2024-03-28,8883
3058,立德,31,11,20,國泰-松江,2024-03-28,8883
6215,和椿,26,7,19,國泰-松江,2024-03-28,8883
2363,矽統,18,0,18,國泰-松江,2024-03-28,8883
2834,臺企銀,19,0,19,國泰-松江,2024-03-28,8883
4908,前鼎,22,4,18,國泰-松江,2024-03-28,8883
00772B,中信高評級公司債,28,10,18,國泰-松江,2024-03-28,8883
4129,聯合,20,2,18,國泰-松江,2024-03-28,8883
1560,中砂,23,5,18,國泰-松江,2024-03-28,8883
2359,所羅門,19,1,18,國泰-松江,2024-03-28,8883
2903,遠百,18,1,17,國泰-松江,2024-03-28,8883
00937B,群益ESG投等債20,663,156,507,國泰-松江,2024-03-29,8883
00632R,元大台灣50反1,347,128,219,國泰-松江,2024-03-29,8883
2633,台灣高鐵,161,1,160,國泰-松江,2024-03-29,8883
00939,統一台灣高息動能,178,23,155,國泰-松江,2024-03-29,8883
6596,寬宏藝術,141,2,139,國泰-松江,2024-03-29,8883
00712,復華富時不動產,107,20,87,國泰-松江,2024-03-29,8883
3703,欣陸,71,1,70,國泰-松江,2024-03-29,8883
2888,新光金,66,2,64,國泰-松江,2024-03-29,8883
2409,友達,72,8,64,國泰-松江,2024-03-29,8883
2486,一詮,66,11,55,國泰-松江,2024-03-29,8883
2834,臺企銀,82,29,53,國泰-松江,2024-03-29,8883
2883,凱基金,111,57,54,國泰-松江,2024-03-29,8883
1303,南亞,52,1,51,國泰-松江,2024-03-29,8883
00637L,元大滬深300正2,51,2,49,國泰-松江,2024-03-29,8883
3058,立德,42,2,40,國泰-松江,2024-03-29,8883
00931B,統一美債20年,51,13,38,國泰-松江,2024-03-29,8883
2324,仁寶,50,13,37,國泰-松江,2024-03-29,8883
3706,神達,132,96,36,國泰-松江,2024-03-29,8883
2367,燿華,59,24,35,國泰-松江,2024-03-29,8883
2603,長榮,117,82,35,國泰-松江,2024-03-29,8883
1608,華榮,75,41,34,國泰-松江,2024-03-29,8883
3013,晟銘電,184,150,34,國泰-松江,2024-03-29,8883
2354,鴻準,79,45,34,國泰-松江,2024-03-29,8883
2301,光寶科,68,35,33,國泰-松江,2024-03-29,8883
4958,臻鼎-KY,40,10,30,國泰-松江,2024-03-29,8883
00706L,期元大S＆P日圓正2,90,61,29,國泰-松江,2024-03-29,8883
2903,遠百,33,4,29,國泰-松江,2024-03-29,8883
2328,廣宇,32,5,27,國泰-松江,2024-03-29,8883
00897,富邦基因免疫生技,26,0,26,國泰-松江,2024-03-29,8883
2362,藍天,26,1,25,國泰-松江,2024-03-29,8883
2851,中再保,25,0,25,國泰-松江,2024-03-29,8883
3710,連展投控,25,1,24,國泰-松江,2024-03-29,8883
00919,群益台灣精選高息,164,141,23,國泰-松江,2024-03-29,8883
1463,強盛新,23,0,23,國泰-松江,2024-03-29,8883
6443,元晶,25,3,22,國泰-松江,2024-03-29,8883
8054,安國,59,37,22,國泰-松江,2024-03-29,8883
5388,中磊,27,5,22,國泰-松江,2024-03-29,8883
2206,三陽工業,24,3,21,國泰-松江,2024-03-29,8883
3312,弘憶股,59,38,21,國泰-松江,2024-03-29,8883
6113,亞矽,21,0,21,國泰-松江,2024-03-29,8883
00725B,國泰投資級公司債,20,0,20,國泰-松江,2024-03-29,8883
8016,矽創,20,0,20,國泰-松江,2024-03-29,8883
3588,通嘉,20,0,20,國泰-松江,2024-03-29,8883
4532,瑞智,20,0,20,國泰-松江,2024-03-29,8883
00795B,中信美國公債20年,20,1,19,國泰-松江,2024-03-29,8883
00918,大華優利高填息30,35,17,18,國泰-松江,2024-03-29,8883
7402,邑錡,32,14,18,國泰-松江,2024-03-29,8883
3031,佰鴻,20,2,18,國泰-松江,2024-03-29,8883
2449,京元電子,21,4,17,國泰-松江,2024-03-29,8883
6167,久正,17,0,17,國泰-松江,2024-03-29,8883
00940,元大台灣價值高息,2932,578,2354,國泰-松江,2024-04-01,8883
00939,統一台灣高息動能,370,65,305,國泰-松江,2024-04-01,8883
00929,復華台灣科技優息,319,61,258,國泰-松江,2024-04-01,8883
00919,群益台灣精選高息,327,94,233,國泰-松江,2024-04-01,8883
3711,日月光投控,299,84,215,國泰-松江,2024-04-01,8883
00720B,元大投資級公司債,212,10,202,國泰-松江,2024-04-01,8883
00941,中信上游半導體,167,9,158,國泰-松江,2024-04-01,8883
00937B,群益ESG投等債20,179,30,149,國泰-松江,2024-04-01,8883
00639,富邦深100,150,4,146,國泰-松江,2024-04-01,8883
2634,漢翔,169,34,135,國泰-松江,2024-04-01,8883
4720,德淵,108,0,108,國泰-松江,2024-04-01,8883
00751B,元大AAA至A公司債,94,2,92,國泰-松江,2024-04-01,8883
4562,穎漢,94,2,92,國泰-松江,2024-04-01,8883
3231,緯創,137,63,74,國泰-松江,2024-04-01,8883
6596,寬宏藝術,67,4,63,國泰-松江,2024-04-01,8883
2891,中信金,65,8,57,國泰-松江,2024-04-01,8883
4915,致伸,54,0,54,國泰-松江,2024-04-01,8883
00679B,元大美債20年,70,18,52,國泰-松江,2024-04-01,8883
2603,長榮,74,25,49,國泰-松江,2024-04-01,8883
2382,廣達,124,82,42,國泰-松江,2024-04-01,8883
1303,南亞,49,9,40,國泰-松江,2024-04-01,8883
00706L,期元大S＆P日圓正2,39,0,39,國泰-松江,2024-04-01,8883
0056,元大高股息,77,43,34,國泰-松江,2024-04-01,8883
2002,中鋼,35,3,32,國泰-松江,2024-04-01,8883
6269,台郡,35,3,32,國泰-松江,2024-04-01,8883
6244,茂迪,32,1,31,國泰-松江,2024-04-01,8883
2303,聯電,42,12,30,國泰-松江,2024-04-01,8883
00923,群益台ESG低碳50,30,0,30,國泰-松江,2024-04-01,8883
00713,元大台灣高息低波,38,8,30,國泰-松江,2024-04-01,8883
00918,大華優利高填息30,36,7,29,國泰-松江,2024-04-01,8883
5452,佶優,29,0,29,國泰-松江,2024-04-01,8883
00715L,期街口布蘭特正2,29,0,29,國泰-松江,2024-04-01,8883
2375,凱美,30,2,28,國泰-松江,2024-04-01,8883
2745,五福,31,3,28,國泰-松江,2024-04-01,8883
2356,英業達,113,86,27,國泰-松江,2024-04-01,8883
2308,台達電,29,2,27,國泰-松江,2024-04-01,8883
00857B,永豐20年美公債,28,3,25,國泰-松江,2024-04-01,8883
00637L,元大滬深300正2,50,25,25,國泰-松江,2024-04-01,8883
6016,康和證,30,6,24,國泰-松江,2024-04-01,8883
2701,萬企,23,0,23,國泰-松江,2024-04-01,8883
2066,世德,30,8,22,國泰-松江,2024-04-01,8883
2109,華豐,20,0,20,國泰-松江,2024-04-01,8883
1809,中釉,20,0,20,國泰-松江,2024-04-01,8883
1806,冠軍,19,0,19,國泰-松江,2024-04-01,8883
6215,和椿,20,3,17,國泰-松江,2024-04-01,8883
3481,群創,24,8,16,國泰-松江,2024-04-01,8883
5347,世界,17,2,15,國泰-松江,2024-04-01,8883
2352,佳世達,45,30,15,國泰-松江,2024-04-01,8883
2009,第一銅,51,36,15,國泰-松江,2024-04-01,8883
1312,國喬,15,0,15,國泰-松江,2024-04-01,8883
00929,復華台灣科技優息,938,284,654,國泰-松江,2024-04-02,8883
2515,中工,571,150,421,國泰-松江,2024-04-02,8883
00940,元大台灣價值高息,818,420,398,國泰-松江,2024-04-02,8883
00937B,群益ESG投等債20,443,57,386,國泰-松江,2024-04-02,8883
00720B,元大投資級公司債,332,10,322,國泰-松江,2024-04-02,8883
00632R,元大台灣50反1,286,39,247,國泰-松江,2024-04-02,8883
00687B,國泰20年美債,252,5,247,國泰-松江,2024-04-02,8883
2634,漢翔,228,9,219,國泰-松江,2024-04-02,8883
00712,復華富時不動產,149,1,148,國泰-松江,2024-04-02,8883
00931B,統一美債20年,148,21,127,國泰-松江,2024-04-02,8883
00679B,元大美債20年,155,29,126,國泰-松江,2024-04-02,8883
00680L,元大美債20正2,186,65,121,國泰-松江,2024-04-02,8883
00941,中信上游半導體,119,9,110,國泰-松江,2024-04-02,8883
1815,富喬,92,1,91,國泰-松江,2024-04-02,8883
00933B,國泰10Y+金融債,83,2,81,國泰-松江,2024-04-02,8883
00751B,元大AAA至A公司債,84,5,79,國泰-松江,2024-04-02,8883
1463,強盛新,72,0,72,國泰-松江,2024-04-02,8883
2009,第一銅,98,35,63,國泰-松江,2024-04-02,8883
3004,豐達科,62,1,61,國泰-松江,2024-04-02,8883
4174,浩鼎,58,2,56,國泰-松江,2024-04-02,8883
00857B,永豐20年美公債,75,20,55,國泰-松江,2024-04-02,8883
2542,興富發,56,4,52,國泰-松江,2024-04-02,8883
2371,大同,102,51,51,國泰-松江,2024-04-02,8883
00688L,國泰20年美債正2,61,15,46,國泰-松江,2024-04-02,8883
6770,力積電,39,0,39,國泰-松江,2024-04-02,8883
3013,晟銘電,71,36,35,國泰-松江,2024-04-02,8883
2834,臺企銀,35,2,33,國泰-松江,2024-04-02,8883
6177,達麗,38,5,33,國泰-松江,2024-04-02,8883
3322,建舜電,33,0,33,國泰-松江,2024-04-02,8883
00706L,期元大S＆P日圓正2,33,0,33,國泰-松江,2024-04-02,8883
00753L,中信中國50正2,43,10,33,國泰-松江,2024-04-02,8883
2367,燿華,55,22,33,國泰-松江,2024-04-02,8883
6596,寬宏藝術,31,0,31,國泰-松江,2024-04-02,8883
3265,台星科,43,12,31,國泰-松江,2024-04-02,8883
2527,宏璟,30,0,30,國泰-松江,2024-04-02,8883
1514,亞力,50,20,30,國泰-松江,2024-04-02,8883
4915,致伸,29,0,29,國泰-松江,2024-04-02,8883
3017,奇鋐,88,60,28,國泰-松江,2024-04-02,8883
8027,鈦昇,35,7,28,國泰-松江,2024-04-02,8883
2301,光寶科,53,26,27,國泰-松江,2024-04-02,8883
5521,工信,42,15,27,國泰-松江,2024-04-02,8883
00795B,中信美國公債20年,36,9,27,國泰-松江,2024-04-02,8883
1786,科妍,37,12,25,國泰-松江,2024-04-02,8883
00719B,元大美債1-3,24,1,23,國泰-松江,2024-04-02,8883
3372,典範,23,0,23,國泰-松江,2024-04-02,8883
6187,萬潤,32,9,23,國泰-松江,2024-04-02,8883
6150,撼訊,25,3,22,國泰-松江,2024-04-02,8883
1717,長興,22,1,21,國泰-松江,2024-04-02,8883
2603,長榮,61,41,20,國泰-松江,2024-04-02,8883
3680,家登,25,5,20,國泰-松江,2024-04-02,8883
00632R,元大台灣50反1,1513,203,1310,國泰-松江,2024-04-03,8883
00687B,國泰20年美債,872,70,802,國泰-松江,2024-04-03,8883
00937B,群益ESG投等債20,819,21,798,國泰-松江,2024-04-03,8883
2515,中工,537,107,430,國泰-松江,2024-04-03,8883
00929,復華台灣科技優息,367,16,351,國泰-松江,2024-04-03,8883
00940,元大台灣價值高息,451,124,327,國泰-松江,2024-04-03,8883
00679B,元大美債20年,205,11,194,國泰-松江,2024-04-03,8883
00680L,元大美債20正2,170,10,160,國泰-松江,2024-04-03,8883
2892,第一金,133,0,133,國泰-松江,2024-04-03,8883
6288,聯嘉,162,30,132,國泰-松江,2024-04-03,8883
00720B,元大投資級公司債,131,0,131,國泰-松江,2024-04-03,8883
2887,台新金,124,0,124,國泰-松江,2024-04-03,8883
8033,雷虎,113,5,108,國泰-松江,2024-04-03,8883
2880,華南金,103,0,103,國泰-松江,2024-04-03,8883
8054,安國,169,68,101,國泰-松江,2024-04-03,8883
3004,豐達科,100,1,99,國泰-松江,2024-04-03,8883
00751B,元大AAA至A公司債,100,10,90,國泰-松江,2024-04-03,8883
2889,國票金,82,0,82,國泰-松江,2024-04-03,8883
3481,群創,88,7,81,國泰-松江,2024-04-03,8883
5880,合庫金,64,1,63,國泰-松江,2024-04-03,8883
2354,鴻準,69,7,62,國泰-松江,2024-04-03,8883
00795B,中信美國公債20年,67,9,58,國泰-松江,2024-04-03,8883
00706L,期元大S＆P日圓正2,52,0,52,國泰-松江,2024-04-03,8883
00927,群益半導體收益,57,5,52,國泰-松江,2024-04-03,8883
2609,陽明,60,9,51,國泰-松江,2024-04-03,8883
0056,元大高股息,52,4,48,國泰-松江,2024-04-03,8883
2323,中環,52,5,47,國泰-松江,2024-04-03,8883
4174,浩鼎,45,0,45,國泰-松江,2024-04-03,8883
2317,鴻海,284,240,44,國泰-松江,2024-04-03,8883
1101,台泥,58,14,44,國泰-松江,2024-04-03,8883
00941,中信上游半導體,67,26,41,國泰-松江,2024-04-03,8883
2618,長榮航,54,14,40,國泰-松江,2024-04-03,8883
00857B,永豐20年美公債,68,30,38,國泰-松江,2024-04-03,8883
2492,華新科,37,3,34,國泰-松江,2024-04-03,8883
00725B,國泰投資級公司債,30,0,30,國泰-松江,2024-04-03,8883
6869,雲豹能源,30,0,30,國泰-松江,2024-04-03,8883
3605,宏致,31,1,30,國泰-松江,2024-04-03,8883
00933B,國泰10Y+金融債,44,14,30,國泰-松江,2024-04-03,8883
3706,神達,44,16,28,國泰-松江,2024-04-03,8883
2421,建準,31,2,29,國泰-松江,2024-04-03,8883
1605,華新,36,8,28,國泰-松江,2024-04-03,8883
2371,大同,46,18,28,國泰-松江,2024-04-03,8883
2014,中鴻,34,6,28,國泰-松江,2024-04-03,8883
2382,廣達,42,15,27,國泰-松江,2024-04-03,8883
5521,工信,28,2,26,國泰-松江,2024-04-03,8883
3037,欣興,37,11,26,國泰-松江,2024-04-03,8883
5443,均豪,117,92,25,國泰-松江,2024-04-03,8883
00733,富邦臺灣中小,26,2,24,國泰-松江,2024-04-03,8883
00878,國泰永續高股息,38,15,23,國泰-松江,2024-04-03,8883
3715,定穎投控,90,67,23,國泰-松江,2024-04-03,8883
00940,元大台灣價值高息,516,183,333,國泰-松江,2024-04-08,8883
00937B,群益ESG投等債20,434,105,329,國泰-松江,2024-04-08,8883
00679B,元大美債20年,245,6,239,國泰-松江,2024-04-08,8883
00720B,元大投資級公司債,221,0,221,國泰-松江,2024-04-08,8883
00687B,國泰20年美債,238,27,211,國泰-松江,2024-04-08,8883
00919,群益台灣精選高息,240,32,208,國泰-松江,2024-04-08,8883
00929,復華台灣科技優息,202,18,184,國泰-松江,2024-04-08,8883
00939,統一台灣高息動能,191,17,174,國泰-松江,2024-04-08,8883
00772B,中信高評級公司債,114,0,114,國泰-松江,2024-04-08,8883
006208,富邦台50,119,12,107,國泰-松江,2024-04-08,8883
00688L,國泰20年美債正2,106,0,106,國泰-松江,2024-04-08,8883
00933B,國泰10Y+金融債,121,19,102,國泰-松江,2024-04-08,8883
2838,聯邦銀,100,0,100,國泰-松江,2024-04-08,8883
00706L,期元大S＆P日圓正2,94,3,91,國泰-松江,2024-04-08,8883
00751B,元大AAA至A公司債,91,10,81,國泰-松江,2024-04-08,8883
3711,日月光投控,210,137,73,國泰-松江,2024-04-08,8883
2501,國建,79,10,69,國泰-松江,2024-04-08,8883
00931B,統一美債20年,67,3,64,國泰-松江,2024-04-08,8883
6120,達運,81,25,56,國泰-松江,2024-04-08,8883
2353,宏��,105,53,52,國泰-松江,2024-04-08,8883
2374,佳能,111,60,51,國泰-松江,2024-04-08,8883
1608,華榮,85,35,50,國泰-松江,2024-04-08,8883
1609,大亞,90,41,49,國泰-松江,2024-04-08,8883
1463,強盛新,49,0,49,國泰-松江,2024-04-08,8883
2371,大同,89,40,49,國泰-松江,2024-04-08,8883
00753L,中信中國50正2,48,0,48,國泰-松江,2024-04-08,8883
3545,敦泰,61,16,45,國泰-松江,2024-04-08,8883
2368,金像電,49,4,45,國泰-松江,2024-04-08,8883
00918,大華優利高填息30,42,0,42,國泰-松江,2024-04-08,8883
3450,聯鈞,43,3,40,國泰-松江,2024-04-08,8883
2618,長榮航,41,3,38,國泰-松江,2024-04-08,8883
2201,裕隆,46,9,37,國泰-松江,2024-04-08,8883
6548,長科*,39,3,36,國泰-松江,2024-04-08,8883
00941,中信上游半導體,42,9,33,國泰-松江,2024-04-08,8883
00680L,元大美債20正2,358,325,33,國泰-松江,2024-04-08,8883
1785,光洋科,35,4,31,國泰-松江,2024-04-08,8883
3706,神達,49,19,30,國泰-松江,2024-04-08,8883
2356,英業達,39,9,30,國泰-松江,2024-04-08,8883
00857B,永豐20年美公債,70,42,28,國泰-松江,2024-04-08,8883
2382,廣達,42,15,27,國泰-松江,2024-04-08,8883
2609,陽明,42,16,26,國泰-松江,2024-04-08,8883
00665L,富邦�琤肭磪囓�2,26,0,26,國泰-松江,2024-04-08,8883
00927,群益半導體收益,28,2,26,國泰-松江,2024-04-08,8883
1815,富喬,39,14,25,國泰-松江,2024-04-08,8883
4763,材料-KY,26,3,23,國泰-松江,2024-04-08,8883
00725B,國泰投資級公司債,23,1,22,國泰-松江,2024-04-08,8883
3704,合勤控,22,0,22,國泰-松江,2024-04-08,8883
6462,神盾,27,5,22,國泰-松江,2024-04-08,8883
00909,國泰數位支付服務,21,1,20,國泰-松江,2024-04-08,8883
00795B,中信美國公債20年,38,18,20,國泰-松江,2024-04-08,8883
00929,復華台灣科技優息,466,16,450,國泰-松江,2024-04-09,8883
1440,南紡,282,1,281,國泰-松江,2024-04-09,8883
00632R,元大台灣50反1,456,222,234,國泰-松江,2024-04-09,8883
2486,一詮,348,141,207,國泰-松江,2024-04-09,8883
3231,緯創,263,93,170,國泰-松江,2024-04-09,8883
00915,凱基優選高股息30,168,21,147,國泰-松江,2024-04-09,8883
00937B,群益ESG投等債20,200,57,143,國泰-松江,2024-04-09,8883
4113,聯上,105,0,105,國泰-松江,2024-04-09,8883
2014,中鴻,178,93,85,國泰-松江,2024-04-09,8883
8033,雷虎,112,29,83,國泰-松江,2024-04-09,8883
2634,漢翔,132,59,73,國泰-松江,2024-04-09,8883
4414,如興,69,0,69,國泰-松江,2024-04-09,8883
2867,三商壽,75,6,69,國泰-松江,2024-04-09,8883
4174,浩鼎,61,0,61,國泰-松江,2024-04-09,8883
00687B,國泰20年美債,70,18,52,國泰-松江,2024-04-09,8883
6671,三能-KY,45,0,45,國泰-松江,2024-04-09,8883
6207,雷科,113,70,43,國泰-松江,2024-04-09,8883
4532,瑞智,44,4,40,國泰-松江,2024-04-09,8883
2313,華通,51,13,38,國泰-松江,2024-04-09,8883
6546,正基,46,9,37,國泰-松江,2024-04-09,8883
6005,群益證,48,12,36,國泰-松江,2024-04-09,8883
00664R,國泰臺灣加權反1,32,0,32,國泰-松江,2024-04-09,8883
5244,弘凱,42,10,32,國泰-松江,2024-04-09,8883
1608,華榮,110,79,31,國泰-松江,2024-04-09,8883
2609,陽明,36,7,29,國泰-松江,2024-04-09,8883
00679B,元大美債20年,42,13,29,國泰-松江,2024-04-09,8883
3706,神達,49,22,27,國泰-松江,2024-04-09,8883
2509,全坤建,27,0,27,國泰-松江,2024-04-09,8883
00720B,元大投資級公司債,114,88,26,國泰-松江,2024-04-09,8883
5009,榮剛,51,25,26,國泰-松江,2024-04-09,8883
6120,達運,27,3,24,國泰-松江,2024-04-09,8883
9934,成霖,26,2,24,國泰-松江,2024-04-09,8883
6596,寬宏藝術,24,0,24,國泰-松江,2024-04-09,8883
4909,新復興,24,0,24,國泰-松江,2024-04-09,8883
2515,中工,108,85,23,國泰-松江,2024-04-09,8883
8936,國統,27,4,23,國泰-松江,2024-04-09,8883
2382,廣達,48,25,23,國泰-松江,2024-04-09,8883
3481,群創,58,36,22,國泰-松江,2024-04-09,8883
6188,廣明,46,25,21,國泰-松江,2024-04-09,8883
6279,胡連,22,1,21,國泰-松江,2024-04-09,8883
8064,東捷,26,5,21,國泰-松江,2024-04-09,8883
2356,英業達,36,16,20,國泰-松江,2024-04-09,8883
4714,永捷,25,5,20,國泰-松江,2024-04-09,8883
4304,勝昱,20,0,20,國泰-松江,2024-04-09,8883
0056,元大高股息,48,29,19,國泰-松江,2024-04-09,8883
3218,大學光,20,0,20,國泰-松江,2024-04-09,8883
5340,建榮,21,2,19,國泰-松江,2024-04-09,8883
6535,順藥,25,7,18,國泰-松江,2024-04-09,8883
3703,欣陸,26,8,18,國泰-松江,2024-04-09,8883
2101,南港,18,1,17,國泰-松江,2024-04-09,8883
00937B,群益ESG投等債20,284,4,280,國泰-松江,2024-04-10,8883
2515,中工,290,51,239,國泰-松江,2024-04-10,8883
00632R,元大台灣50反1,160,6,154,國泰-松江,2024-04-10,8883
00940,元大台灣價值高息,324,181,143,國泰-松江,2024-04-10,8883
4304,勝昱,102,0,102,國泰-松江,2024-04-10,8883
00752,中信中國50,100,1,99,國泰-松江,2024-04-10,8883
2317,鴻海,180,91,89,國泰-松江,2024-04-10,8883
3666,光耀,75,1,74,國泰-松江,2024-04-10,8883
2376,技嘉,97,29,68,國泰-松江,2024-04-10,8883
1513,中興電,129,62,67,國泰-松江,2024-04-10,8883
00939,統一台灣高息動能,70,11,59,國泰-松江,2024-04-10,8883
6016,康和證,51,0,51,國泰-松江,2024-04-10,8883
2368,金像電,46,1,45,國泰-松江,2024-04-10,8883
00933B,國泰10Y+金融債,75,30,45,國泰-松江,2024-04-10,8883
1503,士電,98,56,42,國泰-松江,2024-04-10,8883
8085,福華,46,5,41,國泰-松江,2024-04-10,8883
2025,千興,43,5,38,國泰-松江,2024-04-10,8883
5244,弘凱,37,0,37,國泰-松江,2024-04-10,8883
1605,華新,58,24,34,國泰-松江,2024-04-10,8883
6189,豐藝,38,4,34,國泰-松江,2024-04-10,8883
2382,廣達,62,29,33,國泰-松江,2024-04-10,8883
2301,光寶科,46,15,31,國泰-松江,2024-04-10,8883
00923,群益台ESG低碳50,31,0,31,國泰-松江,2024-04-10,8883
2002,中鋼,48,18,30,國泰-松江,2024-04-10,8883
2601,益航,30,1,29,國泰-松江,2024-04-10,8883
2427,三商電,31,3,28,國泰-松江,2024-04-10,8883
2421,建準,31,4,27,國泰-松江,2024-04-10,8883
00733,富邦臺灣中小,29,2,27,國泰-松江,2024-04-10,8883
1721,三晃,27,0,27,國泰-松江,2024-04-10,8883
2464,盟立,52,25,27,國泰-松江,2024-04-10,8883
00905,FT臺灣Smart,31,5,26,國泰-松江,2024-04-10,8883
2618,長榮航,26,1,25,國泰-松江,2024-04-10,8883
8383,千附,60,36,24,國泰-松江,2024-04-10,8883
00720B,元大投資級公司債,37,13,24,國泰-松江,2024-04-10,8883
00679B,元大美債20年,28,5,23,國泰-松江,2024-04-10,8883
2492,華新科,23,0,23,國泰-松江,2024-04-10,8883
2455,全新,34,11,23,國泰-松江,2024-04-10,8883
4720,德淵,23,0,23,國泰-松江,2024-04-10,8883
3706,神達,44,21,23,國泰-松江,2024-04-10,8883
00935,野村臺灣新科技50,30,10,20,國泰-松江,2024-04-10,8883
2509,全坤建,20,0,20,國泰-松江,2024-04-10,8883
5388,中磊,21,1,20,國泰-松江,2024-04-10,8883
6005,群益證,23,3,20,國泰-松江,2024-04-10,8883
2883,凱基金,24,4,20,國泰-松江,2024-04-10,8883
00931B,統一美債20年,22,3,19,國泰-松江,2024-04-10,8883
8088,品安,20,1,19,國泰-松江,2024-04-10,8883
2101,南港,24,5,19,國泰-松江,2024-04-10,8883
2495,普安,20,1,19,國泰-松江,2024-04-10,8883
8033,雷虎,27,8,19,國泰-松江,2024-04-10,8883
1434,福懋,23,5,18,國泰-松江,2024-04-10,8883
00937B,群益ESG投等債20,538,30,508,國泰-松江,2024-04-11,8883
00680L,元大美債20正2,292,32,260,國泰-松江,2024-04-11,8883
00679B,元大美債20年,247,6,241,國泰-松江,2024-04-11,8883
00929,復華台灣科技優息,310,89,221,國泰-松江,2024-04-11,8883
00687B,國泰20年美債,322,105,217,國泰-松江,2024-04-11,8883
00852L,國泰美國道瓊正2,207,0,207,國泰-松江,2024-04-11,8883
3481,群創,317,130,187,國泰-松江,2024-04-11,8883
00720B,元大投資級公司債,286,102,184,國泰-松江,2024-04-11,8883
00712,復華富時不動產,156,4,152,國泰-松江,2024-04-11,8883
0056,元大高股息,149,29,120,國泰-松江,2024-04-11,8883
2317,鴻海,437,322,115,國泰-松江,2024-04-11,8883
3060,銘異,124,17,107,國泰-松江,2024-04-11,8883
4113,聯上,108,3,105,國泰-松江,2024-04-11,8883
2880,華南金,101,1,100,國泰-松江,2024-04-11,8883
00795B,中信美國公債20年,109,9,100,國泰-松江,2024-04-11,8883
00688L,國泰20年美債正2,110,15,95,國泰-松江,2024-04-11,8883
6015,宏遠證,81,0,81,國泰-松江,2024-04-11,8883
00933B,國泰10Y+金融債,118,45,73,國泰-松江,2024-04-11,8883
00632R,元大台灣50反1,86,26,60,國泰-松江,2024-04-11,8883
00671R,富邦NASDAQ反1,60,0,60,國泰-松江,2024-04-11,8883
00751B,元大AAA至A公司債,107,48,59,國泰-松江,2024-04-11,8883
1605,華新,99,42,57,國泰-松江,2024-04-11,8883
3058,立德,52,0,52,國泰-松江,2024-04-11,8883
00878,國泰永續高股息,71,19,52,國泰-松江,2024-04-11,8883
4147,中裕,55,6,49,國泰-松江,2024-04-11,8883
6257,矽格,51,3,48,國泰-松江,2024-04-11,8883
2888,新光金,70,22,48,國泰-松江,2024-04-11,8883
3062,建漢,49,3,46,國泰-松江,2024-04-11,8883
2303,聯電,49,9,40,國泰-松江,2024-04-11,8883
00773B,中信優先金融債,38,0,38,國泰-松江,2024-04-11,8883
4956,光鋐,37,0,37,國泰-松江,2024-04-11,8883
1815,富喬,37,1,36,國泰-松江,2024-04-11,8883
00931B,統一美債20年,37,1,36,國泰-松江,2024-04-11,8883
2501,國建,59,24,35,國泰-松江,2024-04-11,8883
2881,富邦金,35,0,35,國泰-松江,2024-04-11,8883
00919,群益台灣精選高息,88,53,35,國泰-松江,2024-04-11,8883
6789,采鈺,44,12,32,國泰-松江,2024-04-11,8883
2313,華通,41,9,32,國泰-松江,2024-04-11,8883
3231,緯創,101,70,31,國泰-松江,2024-04-11,8883
3036,文曄,122,90,32,國泰-松江,2024-04-11,8883
4967,十銓,45,14,31,國泰-松江,2024-04-11,8883
6505,台塑化,31,1,30,國泰-松江,2024-04-11,8883
2323,中環,50,20,30,國泰-松江,2024-04-11,8883
6806,森崴能源,98,69,29,國泰-松江,2024-04-11,8883
2427,三商電,35,6,29,國泰-松江,2024-04-11,8883
2409,友達,32,3,29,國泰-松江,2024-04-11,8883
00927,群益半導體收益,29,0,29,國泰-松江,2024-04-11,8883
6116,彩晶,28,0,28,國泰-松江,2024-04-11,8883
00857B,永豐20年美公債,52,25,27,國泰-松江,2024-04-11,8883
9958,世紀鋼,33,6,27,國泰-松江,2024-04-11,8883
00680L,元大美債20正2,625,38,587,國泰-松江,2024-04-12,8883
00751B,元大AAA至A公司債,421,105,316,國泰-松江,2024-04-12,8883
6248,沛波,277,0,277,國泰-松江,2024-04-12,8883
00687B,國泰20年美債,275,9,266,國泰-松江,2024-04-12,8883
00929,復華台灣科技優息,442,219,223,國泰-松江,2024-04-12,8883
00933B,國泰10Y+金融債,146,0,146,國泰-松江,2024-04-12,8883
00937B,群益ESG投等債20,209,67,142,國泰-松江,2024-04-12,8883
00679B,元大美債20年,137,3,134,國泰-松江,2024-04-12,8883
2882,國泰金,122,3,119,國泰-松江,2024-04-12,8883
2880,華南金,114,0,114,國泰-松江,2024-04-12,8883
3481,群創,132,21,111,國泰-松江,2024-04-12,8883
2382,廣達,136,33,103,國泰-松江,2024-04-12,8883
00720B,元大投資級公司債,97,0,97,國泰-松江,2024-04-12,8883
2363,矽統,582,500,82,國泰-松江,2024-04-12,8883
00733,富邦臺灣中小,82,1,81,國泰-松江,2024-04-12,8883
2353,宏��,261,184,77,國泰-松江,2024-04-12,8883
2317,鴻海,132,62,70,國泰-松江,2024-04-12,8883
00665L,富邦�琤肭磪囓�2,68,0,68,國泰-松江,2024-04-12,8883
2888,新光金,68,3,65,國泰-松江,2024-04-12,8883
00688L,國泰20年美債正2,64,0,64,國泰-松江,2024-04-12,8883
2344,華邦電,66,11,55,國泰-松江,2024-04-12,8883
2610,華航,117,63,54,國泰-松江,2024-04-12,8883
4720,德淵,64,13,51,國泰-松江,2024-04-12,8883
0056,元大高股息,99,48,51,國泰-松江,2024-04-12,8883
2408,南亞科,63,20,43,國泰-松江,2024-04-12,8883
2887,台新金,42,0,42,國泰-松江,2024-04-12,8883
00725B,國泰投資級公司債,63,22,41,國泰-松江,2024-04-12,8883
5234,達興材料,46,5,41,國泰-松江,2024-04-12,8883
00671R,富邦NASDAQ反1,40,0,40,國泰-松江,2024-04-12,8883
6869,雲豹能源,35,0,35,國泰-松江,2024-04-12,8883
2313,華通,65,33,32,國泰-松江,2024-04-12,8883
5351,鈺創,59,28,31,國泰-松江,2024-04-12,8883
00878,國泰永續高股息,61,29,32,國泰-松江,2024-04-12,8883
00757,統一FANG+,38,7,31,國泰-松江,2024-04-12,8883
2618,長榮航,53,23,30,國泰-松江,2024-04-12,8883
2464,盟立,40,10,30,國泰-松江,2024-04-12,8883
00648R,元大S＆P500反1,30,0,30,國泰-松江,2024-04-12,8883
4526,東台,37,8,29,國泰-松江,2024-04-12,8883
5340,建榮,29,0,29,國泰-松江,2024-04-12,8883
2329,華泰,62,35,27,國泰-松江,2024-04-12,8883
5213,亞昕,31,4,27,國泰-松江,2024-04-12,8883
2330,台積電,31,7,24,國泰-松江,2024-04-12,8883
6535,順藥,23,0,23,國泰-松江,2024-04-12,8883
2427,三商電,25,2,23,國泰-松江,2024-04-12,8883
2892,第一金,22,0,22,國泰-松江,2024-04-12,8883
2501,國建,49,28,21,國泰-松江,2024-04-12,8883
1463,強盛新,21,0,21,國泰-松江,2024-04-12,8883
6117,迎廣,33,12,21,國泰-松江,2024-04-12,8883
1513,中興電,242,222,20,國泰-松江,2024-04-12,8883
1104,環泥,20,0,20,國泰-松江,2024-04-12,8883
00929,復華台灣科技優息,1174,77,1097,國泰-松江,2024-04-15,8883
00940,元大台灣價值高息,354,43,311,國泰-松江,2024-04-15,8883
00753L,中信中國50正2,280,0,280,國泰-松江,2024-04-15,8883
00773B,中信優先金融債,253,0,253,國泰-松江,2024-04-15,8883
2607,榮運,222,5,217,國泰-松江,2024-04-15,8883
0056,元大高股息,187,6,181,國泰-松江,2024-04-15,8883
00939,統一台灣高息動能,292,122,170,國泰-松江,2024-04-15,8883
2382,廣達,200,52,148,國泰-松江,2024-04-15,8883
00720B,元大投資級公司債,181,62,119,國泰-松江,2024-04-15,8883
00933B,國泰10Y+金融債,115,1,114,國泰-松江,2024-04-15,8883
00687B,國泰20年美債,126,23,103,國泰-松江,2024-04-15,8883
6248,沛波,91,0,91,國泰-松江,2024-04-15,8883
00915,凱基優選高股息30,88,6,82,國泰-松江,2024-04-15,8883
2317,鴻海,162,86,76,國泰-松江,2024-04-15,8883
2014,中鴻,86,12,74,國泰-松江,2024-04-15,8883
00725B,國泰投資級公司債,74,3,71,國泰-松江,2024-04-15,8883
00927,群益半導體收益,75,6,69,國泰-松江,2024-04-15,8883
2374,佳能,173,116,57,國泰-松江,2024-04-15,8883
1337,再生-KY,50,0,50,國泰-松江,2024-04-15,8883
1612,宏泰,78,28,50,國泰-松江,2024-04-15,8883
00733,富邦臺灣中小,53,5,48,國泰-松江,2024-04-15,8883
00830,國泰費城半導體,44,1,43,國泰-松江,2024-04-15,8883
4533,協易機,112,70,42,國泰-松江,2024-04-15,8883
4720,德淵,90,50,40,國泰-松江,2024-04-15,8883
2883,凱基金,79,40,39,國泰-松江,2024-04-15,8883
2605,新興,55,17,38,國泰-松江,2024-04-15,8883
00680L,元大美債20正2,41,7,34,國泰-松江,2024-04-15,8883
2352,佳世達,34,0,34,國泰-松江,2024-04-15,8883
3231,緯創,99,67,32,國泰-松江,2024-04-15,8883
2330,台積電,37,6,31,國泰-松江,2024-04-15,8883
5515,建國,31,0,31,國泰-松江,2024-04-15,8883
6269,台郡,31,0,31,國泰-松江,2024-04-15,8883
2002,中鋼,32,2,30,國泰-松江,2024-04-15,8883
2303,聯電,43,13,30,國泰-松江,2024-04-15,8883
00648R,元大S＆P500反1,30,0,30,國泰-松江,2024-04-15,8883
00857B,永豐20年美公債,40,10,30,國泰-松江,2024-04-15,8883
2367,燿華,91,64,27,國泰-松江,2024-04-15,8883
2609,陽明,61,35,26,國泰-松江,2024-04-15,8883
00909,國泰數位支付服務,26,0,26,國泰-松江,2024-04-15,8883
3666,光耀,31,5,26,國泰-松江,2024-04-15,8883
2344,華邦電,37,12,25,國泰-松江,2024-04-15,8883
6188,廣明,31,5,26,國泰-松江,2024-04-15,8883
8936,國統,31,6,25,國泰-松江,2024-04-15,8883
2855,統一證,25,1,24,國泰-松江,2024-04-15,8883
4960,誠美材,27,4,23,國泰-松江,2024-04-15,8883
3710,連展投控,23,0,23,國泰-松江,2024-04-15,8883
2376,技嘉,46,24,22,國泰-松江,2024-04-15,8883
6535,順藥,25,3,22,國泰-松江,2024-04-15,8883
6770,力積電,24,3,21,國泰-松江,2024-04-15,8883
2515,中工,61,40,21,國泰-松江,2024-04-15,8883
00940,元大台灣價值高息,1570,465,1105,國泰-松江,2024-04-16,8883
00937B,群益ESG投等債20,985,15,970,國泰-松江,2024-04-16,8883
00929,復華台灣科技優息,906,229,677,國泰-松江,2024-04-16,8883
00919,群益台灣精選高息,873,308,565,國泰-松江,2024-04-16,8883
00753L,中信中國50正2,339,0,339,國泰-松江,2024-04-16,8883
00679B,元大美債20年,327,19,308,國泰-松江,2024-04-16,8883
00720B,元大投資級公司債,262,11,251,國泰-松江,2024-04-16,8883
00878,國泰永續高股息,446,209,237,國泰-松江,2024-04-16,8883
5009,榮剛,223,38,185,國泰-松江,2024-04-16,8883
0056,元大高股息,292,138,154,國泰-松江,2024-04-16,8883
2371,大同,222,77,145,國泰-松江,2024-04-16,8883
2618,長榮航,122,5,117,國泰-松江,2024-04-16,8883
3711,日月光投控,143,28,115,國泰-松江,2024-04-16,8883
00751B,元大AAA至A公司債,129,22,107,國泰-松江,2024-04-16,8883
00733,富邦臺灣中小,110,5,105,國泰-松江,2024-04-16,8883
2607,榮運,102,1,101,國泰-松江,2024-04-16,8883
00712,復華富時不動產,104,3,101,國泰-松江,2024-04-16,8883
3701,大眾控,102,10,92,國泰-松江,2024-04-16,8883
2888,新光金,93,5,88,國泰-松江,2024-04-16,8883
3231,緯創,155,69,86,國泰-松江,2024-04-16,8883
5469,瀚宇博,80,0,80,國泰-松江,2024-04-16,8883
4114,健喬,81,3,78,國泰-松江,2024-04-16,8883
2317,鴻海,246,173,73,國泰-松江,2024-04-16,8883
2344,華邦電,74,2,72,國泰-松江,2024-04-16,8883
00687B,國泰20年美債,123,53,70,國泰-松江,2024-04-16,8883
4304,勝昱,66,0,66,國泰-松江,2024-04-16,8883
00665L,富邦�琤肭磪囓�2,66,0,66,國泰-松江,2024-04-16,8883
1618,合機,258,195,63,國泰-松江,2024-04-16,8883
2880,華南金,68,10,58,國泰-松江,2024-04-16,8883
2834,臺企銀,64,6,58,國泰-松江,2024-04-16,8883
4967,十銓,57,2,55,國泰-松江,2024-04-16,8883
2887,台新金,53,0,53,國泰-松江,2024-04-16,8883
1605,華新,86,37,49,國泰-松江,2024-04-16,8883
2408,南亞科,59,13,46,國泰-松江,2024-04-16,8883
00922,國泰台灣領袖50,46,1,45,國泰-松江,2024-04-16,8883
1810,和成,59,14,45,國泰-松江,2024-04-16,8883
00688L,國泰20年美債正2,49,7,42,國泰-松江,2024-04-16,8883
2330,台積電,92,51,41,國泰-松江,2024-04-16,8883
2486,一詮,70,28,42,國泰-松江,2024-04-16,8883
2883,凱基金,67,26,41,國泰-松江,2024-04-16,8883
6671,三能-KY,40,0,40,國泰-松江,2024-04-16,8883
6869,雲豹能源,35,0,35,國泰-松江,2024-04-16,8883
1402,遠東新,38,4,34,國泰-松江,2024-04-16,8883
1524,耿鼎,41,8,33,國泰-松江,2024-04-16,8883
8155,博智,33,1,32,國泰-松江,2024-04-16,8883
2014,中鴻,41,10,31,國泰-松江,2024-04-16,8883
8033,雷虎,39,9,30,國泰-松江,2024-04-16,8883
2353,宏��,78,48,30,國泰-松江,2024-04-16,8883
3260,威剛,48,18,30,國泰-松江,2024-04-16,8883
2461,光群雷,30,0,30,國泰-松江,2024-04-16,8883
00937B,群益ESG投等債20,891,46,845,國泰-松江,2024-04-17,8883
00929,復華台灣科技優息,346,35,311,國泰-松江,2024-04-17,8883
00940,元大台灣價值高息,365,71,294,國泰-松江,2024-04-17,8883
3036,文曄,207,12,195,國泰-松江,2024-04-17,8883
00751B,元大AAA至A公司債,151,2,149,國泰-松江,2024-04-17,8883
00680L,元大美債20正2,191,48,143,國泰-松江,2024-04-17,8883
00933B,國泰10Y+金融債,215,80,135,國泰-松江,2024-04-17,8883
00720B,元大投資級公司債,125,1,124,國泰-松江,2024-04-17,8883
2515,中工,167,48,119,國泰-松江,2024-04-17,8883
3701,大眾控,100,0,100,國泰-松江,2024-04-17,8883
0056,元大高股息,126,32,94,國泰-松江,2024-04-17,8883
00687B,國泰20年美債,131,38,93,國泰-松江,2024-04-17,8883
2317,鴻海,166,74,92,國泰-松江,2024-04-17,8883
00939,統一台灣高息動能,95,6,89,國泰-松江,2024-04-17,8883
00679B,元大美債20年,114,28,86,國泰-松江,2024-04-17,8883
1608,華榮,184,99,85,國泰-松江,2024-04-17,8883
2353,宏��,86,7,79,國泰-松江,2024-04-17,8883
4720,德淵,85,10,75,國泰-松江,2024-04-17,8883
00753L,中信中國50正2,68,0,68,國泰-松江,2024-04-17,8883
2618,長榮航,77,12,65,國泰-松江,2024-04-17,8883
00857B,永豐20年美公債,76,16,60,國泰-松江,2024-04-17,8883
3706,神達,55,4,51,國泰-松江,2024-04-17,8883
1442,名軒,70,23,47,國泰-松江,2024-04-17,8883
2880,華南金,45,0,45,國泰-松江,2024-04-17,8883
6271,同欣電,43,4,39,國泰-松江,2024-04-17,8883
00733,富邦臺灣中小,40,3,37,國泰-松江,2024-04-17,8883
00941,中信上游半導體,42,8,34,國泰-松江,2024-04-17,8883
2344,華邦電,33,3,30,國泰-松江,2024-04-17,8883
6535,順藥,30,0,30,國泰-松江,2024-04-17,8883
5230,雷笛克光學,30,1,29,國泰-松江,2024-04-17,8883
2408,南亞科,33,5,28,國泰-松江,2024-04-17,8883
6283,淳安,50,22,28,國泰-松江,2024-04-17,8883
00795B,中信美國公債20年,65,37,28,國泰-松江,2024-04-17,8883
6770,力積電,115,87,28,國泰-松江,2024-04-17,8883
2303,聯電,35,8,27,國泰-松江,2024-04-17,8883
3231,緯創,118,92,26,國泰-松江,2024-04-17,8883
2855,統一證,26,0,26,國泰-松江,2024-04-17,8883
2501,國建,39,13,26,國泰-松江,2024-04-17,8883
00725B,國泰投資級公司債,25,0,25,國泰-松江,2024-04-17,8883
2002,中鋼,24,0,24,國泰-松江,2024-04-17,8883
2461,光群雷,24,0,24,國泰-松江,2024-04-17,8883
2606,裕民,38,14,24,國泰-松江,2024-04-17,8883
2610,華航,33,10,23,國泰-松江,2024-04-17,8883
00878,國泰永續高股息,96,74,22,國泰-松江,2024-04-17,8883
8473,山林水,67,45,22,國泰-松江,2024-04-17,8883
2356,英業達,30,8,22,國泰-松江,2024-04-17,8883
00927,群益半導體收益,26,5,21,國泰-松江,2024-04-17,8883
0050,元大台灣50,36,16,20,國泰-松江,2024-04-17,8883
8096,擎亞,25,5,20,國泰-松江,2024-04-17,8883
9938,百和,20,0,20,國泰-松江,2024-04-17,8883
00937B,群益ESG投等債20,234,13,221,國泰-松江,2024-04-18,8883
00929,復華台灣科技優息,345,137,208,國泰-松江,2024-04-18,8883
3036,文曄,226,25,201,國泰-松江,2024-04-18,8883
00632R,元大台灣50反1,185,17,168,國泰-松江,2024-04-18,8883
2106,建大,148,0,148,國泰-松江,2024-04-18,8883
2371,大同,522,381,141,國泰-松江,2024-04-18,8883
3481,群創,133,34,99,國泰-松江,2024-04-18,8883
0056,元大高股息,122,36,86,國泰-松江,2024-04-18,8883
00679B,元大美債20年,96,17,79,國泰-松江,2024-04-18,8883
2201,裕隆,80,1,79,國泰-松江,2024-04-18,8883
00919,群益台灣精選高息,81,12,69,國泰-松江,2024-04-18,8883
00941,中信上游半導體,79,11,68,國泰-松江,2024-04-18,8883
00933B,國泰10Y+金融債,69,2,67,國泰-松江,2024-04-18,8883
3711,日月光投控,78,15,63,國泰-松江,2024-04-18,8883
3294,英濟,55,5,50,國泰-松江,2024-04-18,8883
00940,元大台灣價值高息,112,63,49,國泰-松江,2024-04-18,8883
00720B,元大投資級公司債,30,0,30,國泰-松江,2024-04-18,8883
2461,光群雷,30,0,30,國泰-松江,2024-04-18,8883
3416,融程電,30,0,30,國泰-松江,2024-04-18,8883
2365,昆盈,30,1,29,國泰-松江,2024-04-18,8883
4167,松瑞藥,30,2,28,國泰-松江,2024-04-18,8883
00927,群益半導體收益,28,1,27,國泰-松江,2024-04-18,8883
2303,聯電,29,3,26,國泰-松江,2024-04-18,8883
00830,國泰費城半導體,30,3,27,國泰-松江,2024-04-18,8883
2363,矽統,47,21,26,國泰-松江,2024-04-18,8883
3707,漢磊,66,40,26,國泰-松江,2024-04-18,8883
3715,定穎投控,35,9,26,國泰-松江,2024-04-18,8883
1513,中興電,240,215,25,國泰-松江,2024-04-18,8883
00733,富邦臺灣中小,25,2,23,國泰-松江,2024-04-18,8883
3312,弘憶股,53,30,23,國泰-松江,2024-04-18,8883
00688L,國泰20年美債正2,22,0,22,國泰-松江,2024-04-18,8883
6768,志強-KY,22,0,22,國泰-松江,2024-04-18,8883
00751B,元大AAA至A公司債,45,23,22,國泰-松江,2024-04-18,8883
6806,森崴能源,33,11,22,國泰-松江,2024-04-18,8883
00895,富邦未來車,22,1,21,國泰-松江,2024-04-18,8883
00687B,國泰20年美債,37,16,21,國泰-松江,2024-04-18,8883
2880,華南金,21,1,20,國泰-松江,2024-04-18,8883
00664R,國泰臺灣加權反1,20,0,20,國泰-松江,2024-04-18,8883
6449,鈺邦,20,0,20,國泰-松江,2024-04-18,8883
2367,燿華,75,56,19,國泰-松江,2024-04-18,8883
2031,新光鋼,20,1,19,國泰-松江,2024-04-18,8883
2505,國揚,19,0,19,國泰-松江,2024-04-18,8883
4720,德淵,22,4,18,國泰-松江,2024-04-18,8883
2017,官田鋼,20,2,18,國泰-松江,2024-04-18,8883
1609,大亞,183,166,17,國泰-松江,2024-04-18,8883
8390,金益鼎,20,3,17,國泰-松江,2024-04-18,8883
8473,山林水,22,5,17,國泰-松江,2024-04-18,8883
9933,中鼎,25,8,17,國泰-松江,2024-04-18,8883
2501,國建,62,45,17,國泰-松江,2024-04-18,8883
4533,協易機,16,0,16,國泰-松江,2024-04-18,8883
00929,復華台灣科技優息,1298,99,1199,國泰-松江,2024-04-19,8883
00940,元大台灣價值高息,1038,363,675,國泰-松江,2024-04-19,8883
2515,中工,1040,398,642,國泰-松江,2024-04-19,8883
00878,國泰永續高股息,375,156,219,國泰-松江,2024-04-19,8883
0056,元大高股息,324,127,197,國泰-松江,2024-04-19,8883
00919,群益台灣精選高息,607,438,169,國泰-松江,2024-04-19,8883
00941,中信上游半導體,211,75,136,國泰-松江,2024-04-19,8883
00688L,國泰20年美債正2,153,21,132,國泰-松江,2024-04-19,8883
4939,亞電,100,0,100,國泰-松江,2024-04-19,8883
1463,強盛新,90,0,90,國泰-松江,2024-04-19,8883
1608,華榮,367,290,77,國泰-松江,2024-04-19,8883
1416,廣豐,75,0,75,國泰-松江,2024-04-19,8883
00939,統一台灣高息動能,195,121,74,國泰-松江,2024-04-19,8883
2888,新光金,80,10,70,國泰-松江,2024-04-19,8883
2303,聯電,122,58,64,國泰-松江,2024-04-19,8883
3231,緯創,249,187,62,國泰-松江,2024-04-19,8883
006208,富邦台50,81,19,62,國泰-松江,2024-04-19,8883
0050,元大台灣50,83,22,61,國泰-松江,2024-04-19,8883
2610,華航,86,25,61,國泰-松江,2024-04-19,8883
2330,台積電,245,185,60,國泰-松江,2024-04-19,8883
00937B,群益ESG投等債20,83,24,59,國泰-松江,2024-04-19,8883
2486,一詮,65,8,57,國泰-松江,2024-04-19,8883
1504,東元,118,62,56,國泰-松江,2024-04-19,8883
9105,泰金寶-DR,54,0,54,國泰-松江,2024-04-19,8883
8936,國統,155,102,53,國泰-松江,2024-04-19,8883
5531,鄉林,103,50,53,國泰-松江,2024-04-19,8883
2002,中鋼,65,14,51,國泰-松江,2024-04-19,8883
00918,大華優利高填息30,73,24,49,國泰-松江,2024-04-19,8883
00715L,期街口布蘭特正2,56,10,46,國泰-松江,2024-04-19,8883
00648R,元大S＆P500反1,42,0,42,國泰-松江,2024-04-19,8883
2547,日勝生,90,48,42,國泰-松江,2024-04-19,8883
00692,富邦公司治理,44,3,41,國泰-松江,2024-04-19,8883
1442,名軒,46,5,41,國泰-松江,2024-04-19,8883
00631L,元大台灣50正2,51,13,38,國泰-松江,2024-04-19,8883
2374,佳能,98,60,38,國泰-松江,2024-04-19,8883
2317,鴻海,200,165,35,國泰-松江,2024-04-19,8883
6593,台灣銘板,31,0,31,國泰-松江,2024-04-19,8883
1603,華電,85,54,31,國泰-松江,2024-04-19,8883
6248,沛波,33,2,31,國泰-松江,2024-04-19,8883
1524,耿鼎,32,1,31,國泰-松江,2024-04-19,8883
2323,中環,38,8,30,國泰-松江,2024-04-19,8883
2353,宏��,120,91,29,國泰-松江,2024-04-19,8883
2637,慧洋-KY,87,58,29,國泰-松江,2024-04-19,8883
00888,永豐台灣ESG,46,17,29,國泰-松江,2024-04-19,8883
2382,廣達,61,32,29,國泰-松江,2024-04-19,8883
2801,彰銀,30,2,28,國泰-松江,2024-04-19,8883
1570,力肯,28,0,28,國泰-松江,2024-04-19,8883
8054,安國,84,56,28,國泰-松江,2024-04-19,8883
00642U,期元大S＆P石油,29,2,27,國泰-松江,2024-04-19,8883
2537,聯上發,31,5,26,國泰-松江,2024-04-19,8883
00929,復華台灣科技優息,985,297,688,國泰-松江,2024-04-22,8883
00940,元大台灣價值高息,722,84,638,國泰-松江,2024-04-22,8883
00919,群益台灣精選高息,688,172,516,國泰-松江,2024-04-22,8883
00939,統一台灣高息動能,417,18,399,國泰-松江,2024-04-22,8883
9934,成霖,150,2,148,國泰-松江,2024-04-22,8883
9945,潤泰新,111,14,97,國泰-松江,2024-04-22,8883
3576,聯合再生,108,11,97,國泰-松江,2024-04-22,8883
00687B,國泰20年美債,108,13,95,國泰-松江,2024-04-22,8883
00632R,元大台灣50反1,436,344,92,國泰-松江,2024-04-22,8883
2388,威盛,93,2,91,國泰-松江,2024-04-22,8883
3231,緯創,154,71,83,國泰-松江,2024-04-22,8883
0056,元大高股息,90,11,79,國泰-松江,2024-04-22,8883
2371,大同,714,644,70,國泰-松江,2024-04-22,8883
2201,裕隆,97,28,69,國泰-松江,2024-04-22,8883
2382,廣達,84,22,62,國泰-松江,2024-04-22,8883
00688L,國泰20年美債正2,56,0,56,國泰-松江,2024-04-22,8883
00692,富邦公司治理,54,1,53,國泰-松江,2024-04-22,8883
00720B,元大投資級公司債,54,1,53,國泰-松江,2024-04-22,8883
5512,力麒,142,95,47,國泰-松江,2024-04-22,8883
2329,華泰,103,62,41,國泰-松江,2024-04-22,8883
1532,勤美,45,4,41,國泰-松江,2024-04-22,8883
1416,廣豐,40,0,40,國泰-松江,2024-04-22,8883
2344,華邦電,42,2,40,國泰-松江,2024-04-22,8883
00680L,元大美債20正2,89,50,39,國泰-松江,2024-04-22,8883
2476,鉅祥,38,1,37,國泰-松江,2024-04-22,8883
6005,群益證,92,55,37,國泰-松江,2024-04-22,8883
5521,工信,167,130,37,國泰-松江,2024-04-22,8883
00751B,元大AAA至A公司債,36,2,34,國泰-松江,2024-04-22,8883
1314,中石化,90,57,33,國泰-松江,2024-04-22,8883
00931B,統一美債20年,33,1,32,國泰-松江,2024-04-22,8883
2903,遠百,33,2,31,國泰-松江,2024-04-22,8883
00679B,元大美債20年,35,4,31,國泰-松江,2024-04-22,8883
4720,德淵,43,14,29,國泰-松江,2024-04-22,8883
1570,力肯,29,1,28,國泰-松江,2024-04-22,8883
3711,日月光投控,45,18,27,國泰-松江,2024-04-22,8883
00878,國泰永續高股息,161,135,26,國泰-松江,2024-04-22,8883
1616,億泰,59,33,26,國泰-松江,2024-04-22,8883
6116,彩晶,31,5,26,國泰-松江,2024-04-22,8883
2609,陽明,110,84,26,國泰-松江,2024-04-22,8883
00933B,國泰10Y+金融債,25,0,25,國泰-松江,2024-04-22,8883
2486,一詮,39,14,25,國泰-松江,2024-04-22,8883
5230,雷笛克光學,48,24,24,國泰-松江,2024-04-22,8883
8033,雷虎,29,4,25,國泰-松江,2024-04-22,8883
1609,大亞,546,523,23,國泰-松江,2024-04-22,8883
4714,永捷,25,2,23,國泰-松江,2024-04-22,8883
2369,菱生,22,0,22,國泰-松江,2024-04-22,8883
1603,華電,154,132,22,國泰-松江,2024-04-22,8883
8358,金居,22,1,21,國泰-松江,2024-04-22,8883
2408,南亞科,24,3,21,國泰-松江,2024-04-22,8883
3338,泰碩,20,0,20,國泰-松江,2024-04-22,8883
1440,南紡,321,30,291,國泰-松江,2024-04-23,8883
5009,榮剛,275,3,272,國泰-松江,2024-04-23,8883
00632R,元大台灣50反1,319,67,252,國泰-松江,2024-04-23,8883
3481,群創,329,109,220,國泰-松江,2024-04-23,8883
6248,沛波,131,0,131,國泰-松江,2024-04-23,8883
00937B,群益ESG投等債20,135,20,115,國泰-松江,2024-04-23,8883
00720B,元大投資級公司債,110,0,110,國泰-松江,2024-04-23,8883
3715,定穎投控,109,40,69,國泰-松江,2024-04-23,8883
2408,南亞科,76,18,58,國泰-松江,2024-04-23,8883
2382,廣達,70,16,54,國泰-松江,2024-04-23,8883
3711,日月光投控,66,14,52,國泰-松江,2024-04-23,8883
5512,力麒,58,12,46,國泰-松江,2024-04-23,8883
3294,英濟,45,1,44,國泰-松江,2024-04-23,8883
00878,國泰永續高股息,75,32,43,國泰-松江,2024-04-23,8883
2023,燁輝,43,3,40,國泰-松江,2024-04-23,8883
2301,光寶科,38,1,37,國泰-松江,2024-04-23,8883
4726,永昕,52,15,37,國泰-松江,2024-04-23,8883
4720,德淵,32,0,32,國泰-松江,2024-04-23,8883
8936,國統,66,34,32,國泰-松江,2024-04-23,8883
1504,東元,54,27,27,國泰-松江,2024-04-23,8883
2855,統一證,26,0,26,國泰-松江,2024-04-23,8883
9934,成霖,26,0,26,國泰-松江,2024-04-23,8883
00893,國泰智能電動車,28,2,26,國泰-松江,2024-04-23,8883
3231,緯創,76,54,22,國泰-松江,2024-04-23,8883
1316,上曜,41,22,19,國泰-松江,2024-04-23,8883
0056,元大高股息,35,17,18,國泰-松江,2024-04-23,8883
2547,日勝生,47,31,16,國泰-松江,2024-04-23,8883
6120,達運,28,12,16,國泰-松江,2024-04-23,8883
2313,華通,18,3,15,國泰-松江,2024-04-23,8883
4909,新復興,37,22,15,國泰-松江,2024-04-23,8883
3706,神達,16,2,14,國泰-松江,2024-04-23,8883
6282,康舒,74,60,14,國泰-松江,2024-04-23,8883
6770,力積電,45,31,14,國泰-松江,2024-04-23,8883
3708,上緯投控,55,42,13,國泰-松江,2024-04-23,8883
2745,五福,16,3,13,國泰-松江,2024-04-23,8883
2536,宏普,13,0,13,國泰-松江,2024-04-23,8883
9930,中聯資源,13,0,13,國泰-松江,2024-04-23,8883
1503,士電,83,71,12,國泰-松江,2024-04-23,8883
2454,聯發科,13,1,12,國泰-松江,2024-04-23,8883
00713,元大台灣高息低波,12,0,12,國泰-松江,2024-04-23,8883
00941,中信上游半導體,13,2,11,國泰-松江,2024-04-23,8883
1444,力麗,11,0,11,國泰-松江,2024-04-23,8883
5324,士開,15,4,11,國泰-松江,2024-04-23,8883
1314,中石化,35,24,11,國泰-松江,2024-04-23,8883
00919,群益台灣精選高息,133,122,11,國泰-松江,2024-04-23,8883
2603,長榮,32,22,10,國泰-松江,2024-04-23,8883
2303,聯電,25,15,10,國泰-松江,2024-04-23,8883
2368,金像電,14,4,10,國泰-松江,2024-04-23,8883
00940,元大台灣價值高息,275,265,10,國泰-松江,2024-04-23,8883
3346,麗清,10,0,10,國泰-松江,2024-04-23,8883
2609,陽明,1818,49,1769,國泰-松江,2024-04-24,8883
6248,沛波,468,0,468,國泰-松江,2024-04-24,8883
00929,復華台灣科技優息,418,133,285,國泰-松江,2024-04-24,8883
2855,統一證,265,0,265,國泰-松江,2024-04-24,8883
00680L,元大美債20正2,256,11,245,國泰-松江,2024-04-24,8883
00919,群益台灣精選高息,685,469,216,國泰-松江,2024-04-24,8883
00632R,元大台灣50反1,676,509,167,國泰-松江,2024-04-24,8883
00720B,元大投資級公司債,146,1,145,國泰-松江,2024-04-24,8883
00937B,群益ESG投等債20,154,20,134,國泰-松江,2024-04-24,8883
00687B,國泰20年美債,138,7,131,國泰-松江,2024-04-24,8883
4939,亞電,100,1,99,國泰-松江,2024-04-24,8883
00679B,元大美債20年,82,6,76,國泰-松江,2024-04-24,8883
2867,三商壽,61,2,59,國泰-松江,2024-04-24,8883
2374,佳能,129,75,54,國泰-松江,2024-04-24,8883
00764B,群益25年美債,53,0,53,國泰-松江,2024-04-24,8883
2504,國產,55,19,36,國泰-松江,2024-04-24,8883
1605,華新,45,10,35,國泰-松江,2024-04-24,8883
4720,德淵,35,0,35,國泰-松江,2024-04-24,8883
2701,萬企,34,0,34,國泰-松江,2024-04-24,8883
2515,中工,128,94,34,國泰-松江,2024-04-24,8883
1618,合機,41,7,34,國泰-松江,2024-04-24,8883
3044,健鼎,32,0,32,國泰-松江,2024-04-24,8883
3322,建舜電,31,0,31,國泰-松江,2024-04-24,8883
00941,中信上游半導體,33,3,30,國泰-松江,2024-04-24,8883
2409,友達,35,6,29,國泰-松江,2024-04-24,8883
2886,兆豐金,34,5,29,國泰-松江,2024-04-24,8883
3416,融程電,30,2,28,國泰-松江,2024-04-24,8883
6190,萬泰科,30,2,28,國泰-松江,2024-04-24,8883
6443,元晶,38,10,28,國泰-松江,2024-04-24,8883
3703,欣陸,58,32,26,國泰-松江,2024-04-24,8883
2027,大成鋼,25,0,25,國泰-松江,2024-04-24,8883
00795B,中信美國公債20年,28,3,25,國泰-松江,2024-04-24,8883
5324,士開,38,15,23,國泰-松江,2024-04-24,8883
3481,群創,27,5,22,國泰-松江,2024-04-24,8883
4306,炎洲,28,7,21,國泰-松江,2024-04-24,8883
00664R,國泰臺灣加權反1,20,0,20,國泰-松江,2024-04-24,8883
5351,鈺創,21,1,20,國泰-松江,2024-04-24,8883
2520,冠德,88,69,19,國泰-松江,2024-04-24,8883
1536,和大,31,12,19,國泰-松江,2024-04-24,8883
1721,三晃,19,0,19,國泰-松江,2024-04-24,8883
2834,臺企銀,22,4,18,國泰-松江,2024-04-24,8883
3045,台灣大,20,2,18,國泰-松江,2024-04-24,8883
5512,力麒,36,19,17,國泰-松江,2024-04-24,8883
5251,天鉞電,32,15,17,國泰-松江,2024-04-24,8883
2348,海悅,19,2,17,國泰-松江,2024-04-24,8883
1402,遠東新,19,2,17,國泰-松江,2024-04-24,8883
9934,成霖,23,7,16,國泰-松江,2024-04-24,8883
3035,智原,35,19,16,國泰-松江,2024-04-24,8883
2903,遠百,15,0,15,國泰-松江,2024-04-24,8883
5508,永信建,16,1,15,國泰-松江,2024-04-24,8883
00919,群益台灣精選高息,712,3,709,國泰-松江,2024-04-25,8883
6248,沛波,259,0,259,國泰-松江,2024-04-25,8883
00632R,元大台灣50反1,305,56,249,國泰-松江,2024-04-25,8883
2515,中工,599,365,234,國泰-松江,2024-04-25,8883
00878,國泰永續高股息,203,13,190,國泰-松江,2024-04-25,8883
9958,世紀鋼,142,3,139,國泰-松江,2024-04-25,8883
00687B,國泰20年美債,139,0,139,國泰-松江,2024-04-25,8883
2317,鴻海,154,51,103,國泰-松江,2024-04-25,8883
2618,長榮航,287,186,101,國泰-松江,2024-04-25,8883
2501,國建,164,77,87,國泰-松江,2024-04-25,8883
00680L,元大美債20正2,85,13,72,國泰-松江,2024-04-25,8883
1504,東元,71,2,69,國泰-松江,2024-04-25,8883
00940,元大台灣價值高息,117,55,62,國泰-松江,2024-04-25,8883
2891,中信金,56,1,55,國泰-松江,2024-04-25,8883
00939,統一台灣高息動能,62,10,52,國泰-松江,2024-04-25,8883
00937B,群益ESG投等債20,139,90,49,國泰-松江,2024-04-25,8883
00933B,國泰10Y+金融債,49,2,47,國泰-松江,2024-04-25,8883
6770,力積電,47,2,45,國泰-松江,2024-04-25,8883
2610,華航,104,59,45,國泰-松江,2024-04-25,8883
9945,潤泰新,44,0,44,國泰-松江,2024-04-25,8883
0056,元大高股息,59,16,43,國泰-松江,2024-04-25,8883
6207,雷科,57,15,42,國泰-松江,2024-04-25,8883
3013,晟銘電,127,88,39,國泰-松江,2024-04-25,8883
2881,富邦金,40,3,37,國泰-松江,2024-04-25,8883
4915,致伸,42,7,35,國泰-松江,2024-04-25,8883
3715,定穎投控,59,25,34,國泰-松江,2024-04-25,8883
00688L,國泰20年美債正2,34,0,34,國泰-松江,2024-04-25,8883
2303,聯電,51,18,33,國泰-松江,2024-04-25,8883
5706,鳳凰,35,4,31,國泰-松江,2024-04-25,8883
2731,雄獅,49,20,29,國泰-松江,2024-04-25,8883
3265,台星科,60,32,28,國泰-松江,2024-04-25,8883
00927,群益半導體收益,28,2,26,國泰-松江,2024-04-25,8883
3711,日月光投控,30,5,25,國泰-松江,2024-04-25,8883
2330,台積電,31,6,25,國泰-松江,2024-04-25,8883
1609,大亞,115,91,24,國泰-松江,2024-04-25,8883
3024,憶聲,30,6,24,國泰-松江,2024-04-25,8883
8112,至上,32,8,24,國泰-松江,2024-04-25,8883
006208,富邦台50,25,2,23,國泰-松江,2024-04-25,8883
4720,德淵,23,0,23,國泰-松江,2024-04-25,8883
2382,廣達,78,55,23,國泰-松江,2024-04-25,8883
6578,達邦蛋白,24,3,21,國泰-松江,2024-04-25,8883
2867,三商壽,32,11,21,國泰-松江,2024-04-25,8883
2903,遠百,20,0,20,國泰-松江,2024-04-25,8883
00679B,元大美債20年,66,46,20,國泰-松江,2024-04-25,8883
00895,富邦未來車,21,1,20,國泰-松江,2024-04-25,8883
5521,工信,43,24,19,國泰-松江,2024-04-25,8883
5607,遠雄港,19,0,19,國泰-松江,2024-04-25,8883
3017,奇鋐,60,42,18,國泰-松江,2024-04-25,8883
2851,中再保,18,0,18,國泰-松江,2024-04-25,8883
1570,力肯,18,0,18,國泰-松江,2024-04-25,8883
00937B,群益ESG投等債20,342,0,342,國泰-松江,2024-04-26,8883
00933B,國泰10Y+金融債,319,3,316,國泰-松江,2024-04-26,8883
00941,中信上游半導體,183,4,179,國泰-松江,2024-04-26,8883
9958,世紀鋼,171,1,170,國泰-松江,2024-04-26,8883
00680L,元大美債20正2,176,16,160,國泰-松江,2024-04-26,8883
6248,沛波,158,0,158,國泰-松江,2024-04-26,8883
5324,士開,131,1,130,國泰-松江,2024-04-26,8883
00929,復華台灣科技優息,163,43,120,國泰-松江,2024-04-26,8883
2371,大同,293,181,112,國泰-松江,2024-04-26,8883
6425,易發,138,39,99,國泰-松江,2024-04-26,8883
2464,盟立,116,27,89,國泰-松江,2024-04-26,8883
3380,明泰,69,0,69,國泰-松江,2024-04-26,8883
3455,由田,65,1,64,國泰-松江,2024-04-26,8883
4716,大立,60,0,60,國泰-松江,2024-04-26,8883
00651R,復華香港反1,60,0,60,國泰-松江,2024-04-26,8883
1467,南緯,51,0,51,國泰-松江,2024-04-26,8883
00679B,元大美債20年,237,186,51,國泰-松江,2024-04-26,8883
4720,德淵,50,0,50,國泰-松江,2024-04-26,8883
3711,日月光投控,48,1,47,國泰-松江,2024-04-26,8883
00632R,元大台灣50反1,50,4,46,國泰-松江,2024-04-26,8883
00687B,國泰20年美債,112,66,46,國泰-松江,2024-04-26,8883
6207,雷科,114,71,43,國泰-松江,2024-04-26,8883
00688L,國泰20年美債正2,40,0,40,國泰-松江,2024-04-26,8883
4714,永捷,37,1,36,國泰-松江,2024-04-26,8883
1504,東元,46,13,33,國泰-松江,2024-04-26,8883
2903,遠百,32,0,32,國泰-松江,2024-04-26,8883
2359,所羅門,121,90,31,國泰-松江,2024-04-26,8883
9934,成霖,31,1,30,國泰-松江,2024-04-26,8883
3416,融程電,30,0,30,國泰-松江,2024-04-26,8883
4939,亞電,30,0,30,國泰-松江,2024-04-26,8883
00751B,元大AAA至A公司債,27,0,27,國泰-松江,2024-04-26,8883
3013,晟銘電,125,98,27,國泰-松江,2024-04-26,8883
2509,全坤建,32,6,26,國泰-松江,2024-04-26,8883
4726,永昕,27,1,26,國泰-松江,2024-04-26,8883
2615,萬海,67,41,26,國泰-松江,2024-04-26,8883
00927,群益半導體收益,26,0,26,國泰-松江,2024-04-26,8883
3231,緯創,73,50,23,國泰-松江,2024-04-26,8883
1605,華新,25,2,23,國泰-松江,2024-04-26,8883
00712,復華富時不動產,23,1,22,國泰-松江,2024-04-26,8883
1609,大亞,114,92,22,國泰-松江,2024-04-26,8883
2886,兆豐金,25,4,21,國泰-松江,2024-04-26,8883
2528,皇普,21,0,21,國泰-松江,2024-04-26,8883
1321,大洋,21,0,21,國泰-松江,2024-04-26,8883
8358,金居,27,6,21,國泰-松江,2024-04-26,8883
00857B,永豐20年美公債,48,27,21,國泰-松江,2024-04-26,8883
3481,群創,56,36,20,國泰-松江,2024-04-26,8883
1784,訊聯,25,5,20,國泰-松江,2024-04-26,8883
5521,工信,30,10,20,國泰-松江,2024-04-26,8883
9946,三發地產,22,2,20,國泰-松江,2024-04-26,8883
3661,世芯-KY,28,8,20,國泰-松江,2024-04-26,8883
00687B,國泰20年美債,424,3,421,國泰-松江,2024-04-29,8883
2609,陽明,397,197,200,國泰-松江,2024-04-29,8883
6248,沛波,195,0,195,國泰-松江,2024-04-29,8883
1316,上曜,130,24,106,國泰-松江,2024-04-29,8883
00706L,期元大S＆P日圓正2,102,0,102,國泰-松江,2024-04-29,8883
00632R,元大台灣50反1,101,7,94,國泰-松江,2024-04-29,8883
2610,華航,180,88,92,國泰-松江,2024-04-29,8883
00919,群益台灣精選高息,183,111,72,國泰-松江,2024-04-29,8883
2606,裕民,127,66,61,國泰-松江,2024-04-29,8883
2371,大同,134,74,60,國泰-松江,2024-04-29,8883
6869,雲豹能源,63,10,53,國泰-松江,2024-04-29,8883
2363,矽統,120,69,51,國泰-松江,2024-04-29,8883
9958,世紀鋼,44,1,43,國泰-松江,2024-04-29,8883
6578,達邦蛋白,46,3,43,國泰-松江,2024-04-29,8883
2449,京元電子,73,33,40,國泰-松江,2024-04-29,8883
3312,弘憶股,46,6,40,國泰-松江,2024-04-29,8883
2615,萬海,48,12,36,國泰-松江,2024-04-29,8883
6244,茂迪,34,2,32,國泰-松江,2024-04-29,8883
4720,德淵,78,47,31,國泰-松江,2024-04-29,8883
6215,和椿,100,72,28,國泰-松江,2024-04-29,8883
5439,高技,33,6,27,國泰-松江,2024-04-29,8883
3019,亞光,25,0,25,國泰-松江,2024-04-29,8883
2201,裕隆,25,0,25,國泰-松江,2024-04-29,8883
1217,愛之味,24,0,24,國泰-松江,2024-04-29,8883
6125,廣運,41,17,24,國泰-松江,2024-04-29,8883
2348,海悅,25,1,24,國泰-松江,2024-04-29,8883
1618,合機,27,4,23,國泰-松江,2024-04-29,8883
2887,台新金,31,8,23,國泰-松江,2024-04-29,8883
4532,瑞智,23,1,22,國泰-松江,2024-04-29,8883
2009,第一銅,89,68,21,國泰-松江,2024-04-29,8883
2102,泰豐,20,0,20,國泰-松江,2024-04-29,8883
00651R,復華香港反1,20,0,20,國泰-松江,2024-04-29,8883
6671,三能-KY,20,0,20,國泰-松江,2024-04-29,8883
3703,欣陸,35,16,19,國泰-松江,2024-04-29,8883
00688L,國泰20年美債正2,32,13,19,國泰-松江,2024-04-29,8883
1503,士電,38,19,19,國泰-松江,2024-04-29,8883
2618,長榮航,271,253,18,國泰-松江,2024-04-29,8883
5519,隆大,23,5,18,國泰-松江,2024-04-29,8883
3706,神達,39,22,17,國泰-松江,2024-04-29,8883
8110,華東,23,6,17,國泰-松江,2024-04-29,8883
2506,太設,23,6,17,國泰-松江,2024-04-29,8883
2701,萬企,17,0,17,國泰-松江,2024-04-29,8883
2903,遠百,15,0,15,國泰-松江,2024-04-29,8883
4956,光鋐,15,0,15,國泰-松江,2024-04-29,8883
00641R,富邦日本反1,15,0,15,國泰-松江,2024-04-29,8883
6757,台灣虎航,15,0,15,國泰-松江,2024-04-29,8883
4726,永昕,16,1,15,國泰-松江,2024-04-29,8883
3004,豐達科,14,0,14,國泰-松江,2024-04-29,8883
2406,國碩,15,2,13,國泰-松江,2024-04-29,8883
3287,廣寰科,21,8,13,國泰-松江,2024-04-29,8883
2537,聯上發,333,20,313,國泰-松江,2024-04-30,8883
2409,友達,304,8,296,國泰-松江,2024-04-30,8883
3036,文曄,215,14,201,國泰-松江,2024-04-30,8883
6248,沛波,197,2,195,國泰-松江,2024-04-30,8883
5009,榮剛,230,92,138,國泰-松江,2024-04-30,8883
6869,雲豹能源,127,0,127,國泰-松江,2024-04-30,8883
6269,台郡,86,1,85,國泰-松江,2024-04-30,8883
00937B,群益ESG投等債20,94,15,79,國泰-松江,2024-04-30,8883
2888,新光金,80,1,79,國泰-松江,2024-04-30,8883
9934,成霖,81,4,77,國泰-松江,2024-04-30,8883
2501,國建,238,168,70,國泰-松江,2024-04-30,8883
2317,鴻海,120,53,67,國泰-松江,2024-04-30,8883
2609,陽明,183,120,63,國泰-松江,2024-04-30,8883
2867,三商壽,65,7,58,國泰-松江,2024-04-30,8883
2913,農林,68,14,54,國泰-松江,2024-04-30,8883
00929,復華台灣科技優息,120,67,53,國泰-松江,2024-04-30,8883
1605,華新,77,24,53,國泰-松江,2024-04-30,8883
5324,士開,47,0,47,國泰-松江,2024-04-30,8883
00918,大華優利高填息30,42,0,42,國泰-松江,2024-04-30,8883
1316,上曜,95,56,39,國泰-松江,2024-04-30,8883
2880,華南金,48,12,36,國泰-松江,2024-04-30,8883
2455,全新,71,38,33,國泰-松江,2024-04-30,8883
2834,臺企銀,35,5,30,國泰-松江,2024-04-30,8883
00850,元大臺灣ESG永續,30,1,29,國泰-松江,2024-04-30,8883
8096,擎亞,98,70,28,國泰-松江,2024-04-30,8883
2465,麗臺,30,3,27,國泰-松江,2024-04-30,8883
2330,台積電,55,31,24,國泰-松江,2024-04-30,8883
2481,強茂,25,3,22,國泰-松江,2024-04-30,8883
3376,新日興,49,28,21,國泰-松江,2024-04-30,8883
2611,志信,69,48,21,國泰-松江,2024-04-30,8883
2371,大同,93,74,19,國泰-松江,2024-04-30,8883
2009,第一銅,45,26,19,國泰-松江,2024-04-30,8883
4909,新復興,20,2,18,國泰-松江,2024-04-30,8883
1314,中石化,125,108,17,國泰-松江,2024-04-30,8883
2511,太子,21,5,16,國泰-松江,2024-04-30,8883
8070,長華*,16,0,16,國泰-松江,2024-04-30,8883
3011,今皓,16,0,16,國泰-松江,2024-04-30,8883
2505,國揚,19,4,15,國泰-松江,2024-04-30,8883
5213,亞昕,15,0,15,國泰-松江,2024-04-30,8883
3260,威剛,19,4,15,國泰-松江,2024-04-30,8883
4526,東台,47,32,15,國泰-松江,2024-04-30,8883
1789,神隆,15,0,15,國泰-松江,2024-04-30,8883
1560,中砂,17,3,14,國泰-松江,2024-04-30,8883
00679B,元大美債20年,22,9,13,國泰-松江,2024-04-30,8883
1612,宏泰,14,1,13,國泰-松江,2024-04-30,8883
8234,新漢,14,1,13,國泰-松江,2024-04-30,8883
2348,海悅,13,0,13,國泰-松江,2024-04-30,8883
4720,德淵,13,0,13,國泰-松江,2024-04-30,8883
2889,國票金,14,1,13,國泰-松江,2024-04-30,8883
2705,六福,17,5,12,國泰-松江,2024-04-30,8883
00632R,元大台灣50反1,508,9,499,國泰-松江,2024-05-02,8883
00878,國泰永續高股息,390,13,377,國泰-松江,2024-05-02,8883
00937B,群益ESG投等債20,281,2,279,國泰-松江,2024-05-02,8883
2609,陽明,412,140,272,國泰-松江,2024-05-02,8883
2501,國建,458,321,137,國泰-松江,2024-05-02,8883
1314,中石化,279,150,129,國泰-松江,2024-05-02,8883
4720,德淵,134,17,117,國泰-松江,2024-05-02,8883
2515,中工,534,442,92,國泰-松江,2024-05-02,8883
8044,網家,70,2,68,國泰-松江,2024-05-02,8883
00687B,國泰20年美債,68,8,60,國泰-松江,2024-05-02,8883
00940,元大台灣價值高息,73,15,58,國泰-松江,2024-05-02,8883
00929,復華台灣科技優息,107,49,58,國泰-松江,2024-05-02,8883
0056,元大高股息,79,24,55,國泰-松江,2024-05-02,8883
2363,矽統,106,53,53,國泰-松江,2024-05-02,8883
6869,雲豹能源,52,0,52,國泰-松江,2024-05-02,8883
3033,威健,89,38,51,國泰-松江,2024-05-02,8883
2883B,凱基金乙特,50,0,50,國泰-松江,2024-05-02,8883
6578,達邦蛋白,52,5,47,國泰-松江,2024-05-02,8883
2537,聯上發,74,28,46,國泰-松江,2024-05-02,8883
2353,宏��,45,3,42,國泰-松江,2024-05-02,8883
2701,萬企,42,1,41,國泰-松江,2024-05-02,8883
1608,華榮,46,8,38,國泰-松江,2024-05-02,8883
6177,達麗,85,48,37,國泰-松江,2024-05-02,8883
00830,國泰費城半導體,37,5,32,國泰-松江,2024-05-02,8883
2330,台積電,46,15,31,國泰-松江,2024-05-02,8883
2889,國票金,32,1,31,國泰-松江,2024-05-02,8883
3706,神達,32,2,30,國泰-松江,2024-05-02,8883
00752,中信中國50,30,0,30,國泰-松江,2024-05-02,8883
2603,長榮,48,19,29,國泰-松江,2024-05-02,8883
2887,台新金,35,5,30,國泰-松江,2024-05-02,8883
2915,潤泰全,53,25,28,國泰-松江,2024-05-02,8883
00909,國泰數位支付服務,30,3,27,國泰-松江,2024-05-02,8883
6215,和椿,41,14,27,國泰-松江,2024-05-02,8883
6026,福邦證,36,10,26,國泰-松江,2024-05-02,8883
3481,群創,42,16,26,國泰-松江,2024-05-02,8883
2891,中信金,31,6,25,國泰-松江,2024-05-02,8883
2385,群光,21,0,21,國泰-松江,2024-05-02,8883
4533,協易機,37,17,20,國泰-松江,2024-05-02,8883
2906,高林,21,1,20,國泰-松江,2024-05-02,8883
3024,憶聲,22,2,20,國泰-松江,2024-05-02,8883
2615,萬海,82,63,19,國泰-松江,2024-05-02,8883
2329,華泰,28,10,18,國泰-松江,2024-05-02,8883
2528,皇普,20,2,18,國泰-松江,2024-05-02,8883
3711,日月光投控,22,4,18,國泰-松江,2024-05-02,8883
2301,光寶科,23,5,18,國泰-松江,2024-05-02,8883
3653,健策,17,0,17,國泰-松江,2024-05-02,8883
00692,富邦公司治理,17,1,16,國泰-松江,2024-05-02,8883
2201,裕隆,27,11,16,國泰-松江,2024-05-02,8883
6125,廣運,23,7,16,國泰-松江,2024-05-02,8883
5371,中光電,39,23,16,國泰-松江,2024-05-02,8883
00937B,群益ESG投等債20,337,4,333,國泰-松江,2024-05-03,8883
2610,華航,319,65,254,國泰-松江,2024-05-03,8883
6248,沛波,155,0,155,國泰-松江,2024-05-03,8883
00665L,富邦�琤肭磪囓�2,150,27,123,國泰-松江,2024-05-03,8883
8936,國統,135,26,109,國泰-松江,2024-05-03,8883
9958,世紀鋼,114,13,101,國泰-松江,2024-05-03,8883
00680L,元大美債20正2,157,56,101,國泰-松江,2024-05-03,8883
1316,上曜,248,160,88,國泰-松江,2024-05-03,8883
5324,士開,80,0,80,國泰-松江,2024-05-03,8883
00687B,國泰20年美債,72,8,64,國泰-松江,2024-05-03,8883
1416,廣豐,78,15,63,國泰-松江,2024-05-03,8883
1815,富喬,138,76,62,國泰-松江,2024-05-03,8883
5512,力麒,68,8,60,國泰-松江,2024-05-03,8883
00632R,元大台灣50反1,61,1,60,國泰-松江,2024-05-03,8883
9945,潤泰新,177,123,54,國泰-松江,2024-05-03,8883
2547,日勝生,84,33,51,國泰-松江,2024-05-03,8883
4909,新復興,68,20,48,國泰-松江,2024-05-03,8883
6120,達運,52,5,47,國泰-松江,2024-05-03,8883
3231,緯創,103,59,44,國泰-松江,2024-05-03,8883
5009,榮剛,79,35,44,國泰-松江,2024-05-03,8883
2353,宏��,61,18,43,國泰-松江,2024-05-03,8883
6451,訊芯-KY,81,45,36,國泰-松江,2024-05-03,8883
5864,致和證,35,0,35,國泰-松江,2024-05-03,8883
00936,台新永續高息中小,37,2,35,國泰-松江,2024-05-03,8883
6446,藥華藥,35,0,35,國泰-松江,2024-05-03,8883
2867,三商壽,34,0,34,國泰-松江,2024-05-03,8883
6671,三能-KY,34,0,34,國泰-松江,2024-05-03,8883
9934,成霖,32,0,32,國泰-松江,2024-05-03,8883
2913,農林,38,7,31,國泰-松江,2024-05-03,8883
1442,名軒,54,23,31,國泰-松江,2024-05-03,8883
2356,英業達,34,4,30,國泰-松江,2024-05-03,8883
4720,德淵,30,0,30,國泰-松江,2024-05-03,8883
8044,網家,30,1,29,國泰-松江,2024-05-03,8883
2201,裕隆,109,81,28,國泰-松江,2024-05-03,8883
2705,六福,62,34,28,國泰-松江,2024-05-03,8883
2344,華邦電,38,11,27,國泰-松江,2024-05-03,8883
8096,擎亞,186,159,27,國泰-松江,2024-05-03,8883
3706,神達,28,1,27,國泰-松江,2024-05-03,8883
2536,宏普,27,1,26,國泰-松江,2024-05-03,8883
3013,晟銘電,59,33,26,國泰-松江,2024-05-03,8883
00795B,中信美國公債20年,28,6,22,國泰-松江,2024-05-03,8883
1532,勤美,63,41,22,國泰-松江,2024-05-03,8883
8112,至上,58,37,21,國泰-松江,2024-05-03,8883
00933B,國泰10Y+金融債,22,2,20,國泰-松江,2024-05-03,8883
00756B,群益投等新興公債,20,0,20,國泰-松江,2024-05-03,8883
00651R,復華香港反1,20,0,20,國泰-松江,2024-05-03,8883
00788B,元大10年IG電能債,20,0,20,國泰-松江,2024-05-03,8883
6548,長科*,20,0,20,國泰-松江,2024-05-03,8883
00679B,元大美債20年,40,21,19,國泰-松江,2024-05-03,8883
00878,國泰永續高股息,91,72,19,國泰-松江,2024-05-03,8883
6770,力積電,487,8,479,國泰-松江,2024-05-06,8883
2515,中工,437,32,405,國泰-松江,2024-05-06,8883
00929,復華台灣科技優息,373,29,344,國泰-松江,2024-05-06,8883
00632R,元大台灣50反1,279,26,253,國泰-松江,2024-05-06,8883
2883B,凱基金乙特,200,15,185,國泰-松江,2024-05-06,8883
00937B,群益ESG投等債20,296,126,170,國泰-松江,2024-05-06,8883
2371,大同,159,52,107,國泰-松江,2024-05-06,8883
00932,兆豐永續高息等權,100,1,99,國泰-松江,2024-05-06,8883
4720,德淵,99,0,99,國泰-松江,2024-05-06,8883
6248,沛波,98,1,97,國泰-松江,2024-05-06,8883
00878,國泰永續高股息,200,109,91,國泰-松江,2024-05-06,8883
1409,新纖,87,9,78,國泰-松江,2024-05-06,8883
4915,致伸,72,3,69,國泰-松江,2024-05-06,8883
00830,國泰費城半導體,69,1,68,國泰-松江,2024-05-06,8883
2538,基泰,98,37,61,國泰-松江,2024-05-06,8883
2449,京元電子,86,26,60,國泰-松江,2024-05-06,8883
00720B,元大投資級公司債,59,0,59,國泰-松江,2024-05-06,8883
9933,中鼎,58,9,49,國泰-松江,2024-05-06,8883
5512,力麒,61,17,44,國泰-松江,2024-05-06,8883
00688L,國泰20年美債正2,54,10,44,國泰-松江,2024-05-06,8883
1467,南緯,43,0,43,國泰-松江,2024-05-06,8883
00942B,台新美A公司債20+,52,10,42,國泰-松江,2024-05-06,8883
2603,長榮,69,27,42,國泰-松江,2024-05-06,8883
2889,國票金,42,3,39,國泰-松江,2024-05-06,8883
2618,長榮航,138,101,37,國泰-松江,2024-05-06,8883
6668,中揚光,57,20,37,國泰-松江,2024-05-06,8883
5009,榮剛,60,23,37,國泰-松江,2024-05-06,8883
2528,皇普,36,0,36,國泰-松江,2024-05-06,8883
2501,國建,110,74,36,國泰-松江,2024-05-06,8883
1815,富喬,33,0,33,國泰-松江,2024-05-06,8883
2867,三商壽,50,20,30,國泰-松江,2024-05-06,8883
1304,台聚,29,0,29,國泰-松江,2024-05-06,8883
00753L,中信中國50正2,28,0,28,國泰-松江,2024-05-06,8883
1605,華新,35,9,26,國泰-松江,2024-05-06,8883
3706,神達,28,2,26,國泰-松江,2024-05-06,8883
2009,第一銅,32,6,26,國泰-松江,2024-05-06,8883
5864,致和證,25,0,25,國泰-松江,2024-05-06,8883
2323,中環,25,0,25,國泰-松江,2024-05-06,8883
6442,光聖,57,33,24,國泰-松江,2024-05-06,8883
2352,佳世達,37,14,23,國泰-松江,2024-05-06,8883
3322,建舜電,23,0,23,國泰-松江,2024-05-06,8883
2537,聯上發,36,13,23,國泰-松江,2024-05-06,8883
00664R,國泰臺灣加權反1,22,0,22,國泰-松江,2024-05-06,8883
6451,訊芯-KY,87,66,21,國泰-松江,2024-05-06,8883
5443,均豪,22,2,20,國泰-松江,2024-05-06,8883
1587,吉茂,20,0,20,國泰-松江,2024-05-06,8883
5531,鄉林,28,8,20,國泰-松江,2024-05-06,8883
4306,炎洲,24,5,19,國泰-松江,2024-05-06,8883
4919,新唐,21,2,19,國泰-松江,2024-05-06,8883
2489,瑞軒,20,1,19,國泰-松江,2024-05-06,8883
00753L,中信中國50正2,838,10,828,國泰-松江,2024-05-07,8883
00632R,元大台灣50反1,440,15,425,國泰-松江,2024-05-07,8883
00929,復華台灣科技優息,346,79,267,國泰-松江,2024-05-07,8883
00713,元大台灣高息低波,206,6,200,國泰-松江,2024-05-07,8883
00937B,群益ESG投等債20,218,27,191,國泰-松江,2024-05-07,8883
6248,沛波,183,0,183,國泰-松江,2024-05-07,8883
5009,榮剛,205,82,123,國泰-松江,2024-05-07,8883
00679B,元大美債20年,115,4,111,國泰-松江,2024-05-07,8883
00878,國泰永續高股息,169,66,103,國泰-松江,2024-05-07,8883
00919,群益台灣精選高息,213,111,102,國泰-松江,2024-05-07,8883
2615,萬海,94,9,85,國泰-松江,2024-05-07,8883
3481,群創,72,0,72,國泰-松江,2024-05-07,8883
2888,新光金,83,11,72,國泰-松江,2024-05-07,8883
3013,晟銘電,174,112,62,國泰-松江,2024-05-07,8883
00687B,國泰20年美債,88,32,56,國泰-松江,2024-05-07,8883
00932,兆豐永續高息等權,52,0,52,國泰-松江,2024-05-07,8883
00940,元大台灣價值高息,83,36,47,國泰-松江,2024-05-07,8883
2408,南亞科,55,9,46,國泰-松江,2024-05-07,8883
3033,威健,103,58,45,國泰-松江,2024-05-07,8883
3363,上詮,108,64,44,國泰-松江,2024-05-07,8883
2882,國泰金,61,18,43,國泰-松江,2024-05-07,8883
1314,中石化,46,4,42,國泰-松江,2024-05-07,8883
2371,大同,140,98,42,國泰-松江,2024-05-07,8883
00700,富邦�琤肭磪�,40,0,40,國泰-松江,2024-05-07,8883
4720,德淵,43,5,38,國泰-松江,2024-05-07,8883
00688L,國泰20年美債正2,58,20,38,國泰-松江,2024-05-07,8883
2610,華航,37,2,35,國泰-松江,2024-05-07,8883
1609,大亞,114,79,35,國泰-松江,2024-05-07,8883
2812,台中銀,34,0,34,國泰-松江,2024-05-07,8883
0056,元大高股息,75,41,34,國泰-松江,2024-05-07,8883
00650L,復華香港正2,32,0,32,國泰-松江,2024-05-07,8883
6770,力積電,35,4,31,國泰-松江,2024-05-07,8883
2855,統一證,31,0,31,國泰-松江,2024-05-07,8883
5519,隆大,33,2,31,國泰-松江,2024-05-07,8883
5324,士開,33,2,31,國泰-松江,2024-05-07,8883
2883,凱基金,32,4,28,國泰-松江,2024-05-07,8883
00936,台新永續高息中小,28,1,27,國泰-松江,2024-05-07,8883
6269,台郡,33,6,27,國泰-松江,2024-05-07,8883
3715,定穎投控,24,3,21,國泰-松江,2024-05-07,8883
3617,碩天,22,1,21,國泰-松江,2024-05-07,8883
9136,巨騰-DR,21,0,21,國泰-松江,2024-05-07,8883
4960,誠美材,21,0,21,國泰-松江,2024-05-07,8883
3287,廣寰科,20,0,20,國泰-松江,2024-05-07,8883
2528,皇普,20,0,20,國泰-松江,2024-05-07,8883
2455,全新,20,0,20,國泰-松江,2024-05-07,8883
1570,力肯,22,2,20,國泰-松江,2024-05-07,8883
2362,藍天,37,18,19,國泰-松江,2024-05-07,8883
3055,蔚華科,22,3,19,國泰-松江,2024-05-07,8883
1504,東元,23,5,18,國泰-松江,2024-05-07,8883
2442,新美齊,18,0,18,國泰-松江,2024-05-07,8883
00753L,中信中國50正2,128,0,128,國泰-松江,2024-05-08,8883
2603,長榮,175,54,121,國泰-松江,2024-05-08,8883
00725B,國泰投資級公司債,120,0,120,國泰-松江,2024-05-08,8883
5213,亞昕,122,4,118,國泰-松江,2024-05-08,8883
2609,陽明,398,282,116,國泰-松江,2024-05-08,8883
00937B,群益ESG投等債20,150,42,108,國泰-松江,2024-05-08,8883
00929,復華台灣科技優息,155,56,99,國泰-松江,2024-05-08,8883
5324,士開,79,0,79,國泰-松江,2024-05-08,8883
2618,長榮航,136,67,69,國泰-松江,2024-05-08,8883
1314,中石化,78,28,50,國泰-松江,2024-05-08,8883
6005,群益證,63,15,48,國泰-松江,2024-05-08,8883
2855,統一證,44,0,44,國泰-松江,2024-05-08,8883
5871,中租-KY,49,5,44,國泰-松江,2024-05-08,8883
3306,鼎天,50,6,44,國泰-松江,2024-05-08,8883
6248,沛波,41,0,41,國泰-松江,2024-05-08,8883
2547,日勝生,56,17,39,國泰-松江,2024-05-08,8883
5009,榮剛,75,36,39,國泰-松江,2024-05-08,8883
2520,冠德,63,30,33,國泰-松江,2024-05-08,8883
6446,藥華藥,31,0,31,國泰-松江,2024-05-08,8883
00712,復華富時不動產,30,0,30,國泰-松江,2024-05-08,8883
5531,鄉林,31,1,30,國泰-松江,2024-05-08,8883
00680L,元大美債20正2,41,11,30,國泰-松江,2024-05-08,8883
00795B,中信美國公債20年,94,64,30,國泰-松江,2024-05-08,8883
8096,擎亞,74,47,27,國泰-松江,2024-05-08,8883
3706,神達,34,8,26,國泰-松江,2024-05-08,8883
3617,碩天,31,6,25,國泰-松江,2024-05-08,8883
6869,雲豹能源,24,0,24,國泰-松江,2024-05-08,8883
5521,工信,27,3,24,國泰-松江,2024-05-08,8883
1514,亞力,61,38,23,國泰-松江,2024-05-08,8883
2457,飛宏,23,0,23,國泰-松江,2024-05-08,8883
6550,北極星藥業-KY,25,2,23,國泰-松江,2024-05-08,8883
1504,東元,27,4,23,國泰-松江,2024-05-08,8883
1808,潤隆,24,1,23,國泰-松江,2024-05-08,8883
3481,群創,27,5,22,國泰-松江,2024-05-08,8883
00909,國泰數位支付服務,26,4,22,國泰-松江,2024-05-08,8883
2317,鴻海,89,68,21,國泰-松江,2024-05-08,8883
4967,十銓,71,50,21,國泰-松江,2024-05-08,8883
2611,志信,34,13,21,國泰-松江,2024-05-08,8883
00688L,國泰20年美債正2,31,10,21,國泰-松江,2024-05-08,8883
4420,光明,20,0,20,國泰-松江,2024-05-08,8883
4960,誠美材,20,0,20,國泰-松江,2024-05-08,8883
6188,廣明,47,28,19,國泰-松江,2024-05-08,8883
2374,佳能,86,67,19,國泰-松江,2024-05-08,8883
2534,宏盛,24,5,19,國泰-松江,2024-05-08,8883
4973,廣穎,22,4,18,國泰-松江,2024-05-08,8883
2323,中環,17,0,17,國泰-松江,2024-05-08,8883
4746,台耀,16,0,16,國泰-松江,2024-05-08,8883
1609,大亞,71,55,16,國泰-松江,2024-05-08,8883
1617,榮星,22,6,16,國泰-松江,2024-05-08,8883
2002,中鋼,19,4,15,國泰-松江,2024-05-08,8883
00946,群益科技高息成長,415,3,412,國泰-松江,2024-05-09,8883
00929,復華台灣科技優息,236,34,202,國泰-松江,2024-05-09,8883
00937B,群益ESG投等債20,205,7,198,國泰-松江,2024-05-09,8883
00687B,國泰20年美債,235,39,196,國泰-松江,2024-05-09,8883
00688L,國泰20年美債正2,157,4,153,國泰-松江,2024-05-09,8883
00632R,元大台灣50反1,129,2,127,國泰-松江,2024-05-09,8883
00725B,國泰投資級公司債,121,9,112,國泰-松江,2024-05-09,8883
00679B,元大美債20年,112,4,108,國泰-松江,2024-05-09,8883
00944,野村趨勢動能高息,98,0,98,國泰-松江,2024-05-09,8883
2501,國建,101,25,76,國泰-松江,2024-05-09,8883
2610,華航,72,4,68,國泰-松江,2024-05-09,8883
2515,中工,154,88,66,國泰-松江,2024-05-09,8883
1570,力肯,65,1,64,國泰-松江,2024-05-09,8883
3036,文曄,113,52,61,國泰-松江,2024-05-09,8883
2344,華邦電,56,0,56,國泰-松江,2024-05-09,8883
00932,兆豐永續高息等權,55,0,55,國泰-松江,2024-05-09,8883
00878,國泰永續高股息,174,120,54,國泰-松江,2024-05-09,8883
5512,力麒,54,2,52,國泰-松江,2024-05-09,8883
2834,臺企銀,54,4,50,國泰-松江,2024-05-09,8883
5324,士開,50,0,50,國泰-松江,2024-05-09,8883
2317,鴻海,112,64,48,國泰-松江,2024-05-09,8883
00933B,國泰10Y+金融債,68,20,48,國泰-松江,2024-05-09,8883
5871,中租-KY,39,3,36,國泰-松江,2024-05-09,8883
00680L,元大美債20正2,45,9,36,國泰-松江,2024-05-09,8883
2884,玉山金,37,2,35,國泰-松江,2024-05-09,8883
2367,燿華,146,112,34,國泰-松江,2024-05-09,8883
2889,國票金,38,6,32,國泰-松江,2024-05-09,8883
1605,華新,32,0,32,國泰-松江,2024-05-09,8883
00637L,元大滬深300正2,33,1,32,國泰-松江,2024-05-09,8883
2528,皇普,33,1,32,國泰-松江,2024-05-09,8883
00940,元大台灣價值高息,82,50,32,國泰-松江,2024-05-09,8883
5213,亞昕,32,1,31,國泰-松江,2024-05-09,8883
4720,德淵,29,0,29,國泰-松江,2024-05-09,8883
00936,台新永續高息中小,28,0,28,國泰-松江,2024-05-09,8883
1442,名軒,43,16,27,國泰-松江,2024-05-09,8883
2704,國賓,47,20,27,國泰-松江,2024-05-09,8883
2547,日勝生,41,15,26,國泰-松江,2024-05-09,8883
3231,緯創,110,84,26,國泰-松江,2024-05-09,8883
00751B,元大AAA至A公司債,25,0,25,國泰-松江,2024-05-09,8883
2359,所羅門,50,26,24,國泰-松江,2024-05-09,8883
9930,中聯資源,24,0,24,國泰-松江,2024-05-09,8883
3294,英濟,24,0,24,國泰-松江,2024-05-09,8883
9934,成霖,24,0,24,國泰-松江,2024-05-09,8883
3631,晟楠,24,0,24,國泰-松江,2024-05-09,8883
8112,至上,29,5,24,國泰-松江,2024-05-09,8883
0056,元大高股息,27,4,23,國泰-松江,2024-05-09,8883
6671,三能-KY,23,0,23,國泰-松江,2024-05-09,8883
00857B,永豐20年美公債,33,11,22,國泰-松江,2024-05-09,8883
3704,合勤控,21,0,21,國泰-松江,2024-05-09,8883
2363,矽統,50,29,21,國泰-松江,2024-05-09,8883
00929,復華台灣科技優息,708,54,654,國泰-松江,2024-05-10,8883
00937B,群益ESG投等債20,275,5,270,國泰-松江,2024-05-10,8883
00946,群益科技高息成長,197,21,176,國泰-松江,2024-05-10,8883
4720,德淵,163,1,162,國泰-松江,2024-05-10,8883
4420,光明,156,0,156,國泰-松江,2024-05-10,8883
9958,世紀鋼,147,5,142,國泰-松江,2024-05-10,8883
9934,成霖,121,2,119,國泰-松江,2024-05-10,8883
4909,新復興,124,21,103,國泰-松江,2024-05-10,8883
2313,華通,113,30,83,國泰-松江,2024-05-10,8883
1442,名軒,79,4,75,國泰-松江,2024-05-10,8883
1806,冠軍,74,0,74,國泰-松江,2024-05-10,8883
2371,大同,186,127,59,國泰-松江,2024-05-10,8883
5324,士開,48,0,48,國泰-松江,2024-05-10,8883
5534,長虹,48,2,46,國泰-松江,2024-05-10,8883
3363,上詮,83,38,45,國泰-松江,2024-05-10,8883
3346,麗清,57,13,44,國泰-松江,2024-05-10,8883
2317,鴻海,105,62,43,國泰-松江,2024-05-10,8883
00919,群益台灣精選高息,95,52,43,國泰-松江,2024-05-10,8883
3706,神達,60,20,40,國泰-松江,2024-05-10,8883
3041,揚智,38,2,36,國泰-松江,2024-05-10,8883
00944,野村趨勢動能高息,35,0,35,國泰-松江,2024-05-10,8883
00680L,元大美債20正2,85,50,35,國泰-松江,2024-05-10,8883
0056,元大高股息,55,20,35,國泰-松江,2024-05-10,8883
1316,上曜,35,3,32,國泰-松江,2024-05-10,8883
6668,中揚光,30,1,29,國泰-松江,2024-05-10,8883
00687B,國泰20年美債,68,39,29,國泰-松江,2024-05-10,8883
2611,志信,25,0,25,國泰-松江,2024-05-10,8883
2606,裕民,133,110,23,國泰-松江,2024-05-10,8883
6116,彩晶,26,3,23,國泰-松江,2024-05-10,8883
8070,長華*,24,1,23,國泰-松江,2024-05-10,8883
4915,致伸,24,3,21,國泰-松江,2024-05-10,8883
2520,冠德,39,18,21,國泰-松江,2024-05-10,8883
6127,九豪,20,0,20,國泰-松江,2024-05-10,8883
00903,富邦元宇宙,20,0,20,國泰-松江,2024-05-10,8883
3356,奇偶,95,76,19,國泰-松江,2024-05-10,8883
5340,建榮,18,0,18,國泰-松江,2024-05-10,8883
00915,凱基優選高股息30,19,1,18,國泰-松江,2024-05-10,8883
00930,永豐ESG低碳高息,19,1,18,國泰-松江,2024-05-10,8883
6239,力成,20,2,18,國泰-松江,2024-05-10,8883
2002,中鋼,22,5,17,國泰-松江,2024-05-10,8883
4533,協易機,17,1,16,國泰-松江,2024-05-10,8883
6531,愛普*,16,1,15,國泰-松江,2024-05-10,8883
3013,晟銘電,119,104,15,國泰-松江,2024-05-10,8883
3306,鼎天,16,1,15,國泰-松江,2024-05-10,8883
3715,定穎投控,15,0,15,國泰-松江,2024-05-10,8883
3036,文曄,32,18,14,國泰-松江,2024-05-10,8883
3227,原相,14,0,14,國泰-松江,2024-05-10,8883
00706L,期元大S＆P日圓正2,14,0,14,國泰-松江,2024-05-10,8883
2834,臺企銀,15,1,14,國泰-松江,2024-05-10,8883
2393,億光,20,7,13,國泰-松江,2024-05-10,8883
00937B,群益ESG投等債20,679,29,650,國泰-松江,2024-05-13,8883
00902,中信電池及儲能,297,0,297,國泰-松江,2024-05-13,8883
2618,長榮航,404,149,255,國泰-松江,2024-05-13,8883
00636,國泰中國A50,239,0,239,國泰-松江,2024-05-13,8883
00946,群益科技高息成長,239,7,232,國泰-松江,2024-05-13,8883
00878,國泰永續高股息,272,75,197,國泰-松江,2024-05-13,8883
00929,復華台灣科技優息,230,73,157,國泰-松江,2024-05-13,8883
2610,華航,297,147,150,國泰-松江,2024-05-13,8883
1440,南紡,144,2,142,國泰-松江,2024-05-13,8883
6248,沛波,131,0,131,國泰-松江,2024-05-13,8883
9945,潤泰新,143,28,115,國泰-松江,2024-05-13,8883
3260,威剛,115,16,99,國泰-松江,2024-05-13,8883
2883B,凱基金乙特,90,0,90,國泰-松江,2024-05-13,8883
2888,新光金,89,0,89,國泰-松江,2024-05-13,8883
00679B,元大美債20年,92,6,86,國泰-松江,2024-05-13,8883
4420,光明,76,2,74,國泰-松江,2024-05-13,8883
2891,中信金,84,12,72,國泰-松江,2024-05-13,8883
2615,萬海,279,209,70,國泰-松江,2024-05-13,8883
2867,三商壽,68,1,67,國泰-松江,2024-05-13,8883
00688L,國泰20年美債正2,61,0,61,國泰-松江,2024-05-13,8883
4960,誠美材,59,1,58,國泰-松江,2024-05-13,8883
3231,緯創,116,66,50,國泰-松江,2024-05-13,8883
5392,能率,72,26,46,國泰-松江,2024-05-13,8883
00944,野村趨勢動能高息,42,0,42,國泰-松江,2024-05-13,8883
3013,晟銘電,86,45,41,國泰-松江,2024-05-13,8883
2882,國泰金,71,34,37,國泰-松江,2024-05-13,8883
00936,台新永續高息中小,38,2,36,國泰-松江,2024-05-13,8883
3324,雙鴻,63,30,33,國泰-松江,2024-05-13,8883
3711,日月光投控,31,0,31,國泰-松江,2024-05-13,8883
2603,長榮,271,243,28,國泰-松江,2024-05-13,8883
2527,宏璟,27,0,27,國泰-松江,2024-05-13,8883
2486,一詮,63,36,27,國泰-松江,2024-05-13,8883
2883,凱基金,39,13,26,國泰-松江,2024-05-13,8883
8358,金居,26,0,26,國泰-松江,2024-05-13,8883
9904,寶成,29,3,26,國泰-松江,2024-05-13,8883
3481,群創,29,5,24,國泰-松江,2024-05-13,8883
1522,堤維西,64,40,24,國泰-松江,2024-05-13,8883
2449,京元電子,24,1,23,國泰-松江,2024-05-13,8883
00680L,元大美債20正2,27,4,23,國泰-松江,2024-05-13,8883
2606,裕民,218,195,23,國泰-松江,2024-05-13,8883
3005,神基,32,10,22,國泰-松江,2024-05-13,8883
00665L,富邦�琤肭磪囓�2,53,31,22,國泰-松江,2024-05-13,8883
00712,復華富時不動產,22,0,22,國泰-松江,2024-05-13,8883
00941,中信上游半導體,39,19,20,國泰-松江,2024-05-13,8883
4770,上品,20,0,20,國泰-松江,2024-05-13,8883
1463,強盛新,20,0,20,國泰-松江,2024-05-13,8883
1504,東元,25,5,20,國泰-松江,2024-05-13,8883
2367,燿華,133,114,19,國泰-松江,2024-05-13,8883
2204,中華,22,4,18,國泰-松江,2024-05-13,8883
00932,兆豐永續高息等權,17,0,17,國泰-松江,2024-05-13,8883
00937B,群益ESG投等債20,474,16,458,國泰-松江,2024-05-14,8883
00878,國泰永續高股息,466,118,348,國泰-松江,2024-05-14,8883
9958,世紀鋼,208,84,124,國泰-松江,2024-05-14,8883
2886,兆豐金,62,1,61,國泰-松江,2024-05-14,8883
00725B,國泰投資級公司債,53,1,52,國泰-松江,2024-05-14,8883
9945,潤泰新,97,46,51,國泰-松江,2024-05-14,8883
2897,王道銀行,50,0,50,國泰-松江,2024-05-14,8883
2371,大同,105,62,43,國泰-松江,2024-05-14,8883
00680L,元大美債20正2,62,20,42,國泰-松江,2024-05-14,8883
2615,萬海,731,689,42,國泰-松江,2024-05-14,8883
6535,順藥,47,6,41,國泰-松江,2024-05-14,8883
2461,光群雷,38,0,38,國泰-松江,2024-05-14,8883
2486,一詮,54,18,36,國泰-松江,2024-05-14,8883
2515,中工,39,3,36,國泰-松江,2024-05-14,8883
3260,威剛,61,25,36,國泰-松江,2024-05-14,8883
3489,森寶,35,0,35,國泰-松江,2024-05-14,8883
00679B,元大美債20年,41,6,35,國泰-松江,2024-05-14,8883
00752,中信中國50,35,2,33,國泰-松江,2024-05-14,8883
2891,中信金,41,8,33,國泰-松江,2024-05-14,8883
00733,富邦臺灣中小,32,0,32,國泰-松江,2024-05-14,8883
3702A,大聯大甲特,30,0,30,國泰-松江,2024-05-14,8883
5213,亞昕,32,4,28,國泰-松江,2024-05-14,8883
2489,瑞軒,45,17,28,國泰-松江,2024-05-14,8883
1522,堤維西,91,64,27,國泰-松江,2024-05-14,8883
2206,三陽工業,27,2,25,國泰-松江,2024-05-14,8883
00700,富邦�琤肭磪�,25,0,25,國泰-松江,2024-05-14,8883
2867,三商壽,29,5,24,國泰-松江,2024-05-14,8883
00941,中信上游半導體,24,0,24,國泰-松江,2024-05-14,8883
1314,中石化,24,1,23,國泰-松江,2024-05-14,8883
1605,華新,22,0,22,國泰-松江,2024-05-14,8883
3376,新日興,23,2,21,國泰-松江,2024-05-14,8883
1442,名軒,34,13,21,國泰-松江,2024-05-14,8883
2851,中再保,20,0,20,國泰-松江,2024-05-14,8883
4956,光鋐,20,0,20,國泰-松江,2024-05-14,8883
00940,元大台灣價值高息,148,129,19,國泰-松江,2024-05-14,8883
8299,群聯,30,11,19,國泰-松江,2024-05-14,8883
00687B,國泰20年美債,23,4,19,國泰-松江,2024-05-14,8883
2332,友訊,20,1,19,國泰-松江,2024-05-14,8883
2882,國泰金,37,19,18,國泰-松江,2024-05-14,8883
2887,台新金,21,3,18,國泰-松江,2024-05-14,8883
3631,晟楠,18,0,18,國泰-松江,2024-05-14,8883
00753L,中信中國50正2,19,1,18,國泰-松江,2024-05-14,8883
2801,彰銀,18,0,18,國泰-松江,2024-05-14,8883
3481,群創,21,3,18,國泰-松江,2024-05-14,8883
3231,緯創,60,43,17,國泰-松江,2024-05-14,8883
1513,中興電,40,23,17,國泰-松江,2024-05-14,8883
2313,華通,27,10,17,國泰-松江,2024-05-14,8883
5876,上海商銀,16,0,16,國泰-松江,2024-05-14,8883
3520,華盈,16,0,16,國泰-松江,2024-05-14,8883
00942B,台新美A公司債20+,17,1,16,國泰-松江,2024-05-14,8883
00706L,期元大S＆P日圓正2,1001,5,996,國泰-松江,2024-05-15,8883
00919,群益台灣精選高息,572,10,562,國泰-松江,2024-05-15,8883
4414,如興,462,0,462,國泰-松江,2024-05-15,8883
00753L,中信中國50正2,340,0,340,國泰-松江,2024-05-15,8883
9958,世紀鋼,296,11,285,國泰-松江,2024-05-15,8883
9105,泰金寶-DR,267,1,266,國泰-松江,2024-05-15,8883
2609,陽明,721,456,265,國泰-松江,2024-05-15,8883
2634,漢翔,266,13,253,國泰-松江,2024-05-15,8883
00679B,元大美債20年,229,5,224,國泰-松江,2024-05-15,8883
00937B,群益ESG投等債20,238,31,207,國泰-松江,2024-05-15,8883
00878,國泰永續高股息,296,115,181,國泰-松江,2024-05-15,8883
2618,長榮航,274,113,161,國泰-松江,2024-05-15,8883
00946,群益科技高息成長,135,0,135,國泰-松江,2024-05-15,8883
2356,英業達,157,49,108,國泰-松江,2024-05-15,8883
00932,兆豐永續高息等權,103,0,103,國泰-松江,2024-05-15,8883
00944,野村趨勢動能高息,95,8,87,國泰-松江,2024-05-15,8883
00725B,國泰投資級公司債,84,1,83,國泰-松江,2024-05-15,8883
00936,台新永續高息中小,73,0,73,國泰-松江,2024-05-15,8883
2201,裕隆,72,0,72,國泰-松江,2024-05-15,8883
2515,中工,97,27,70,國泰-松江,2024-05-15,8883
2603,長榮,135,69,66,國泰-松江,2024-05-15,8883
00632R,元大台灣50反1,272,208,64,國泰-松江,2024-05-15,8883
6753,龍德造船,71,9,62,國泰-松江,2024-05-15,8883
3481,群創,71,16,55,國泰-松江,2024-05-15,8883
5213,亞昕,57,4,53,國泰-松江,2024-05-15,8883
00882,中信中國高股息,90,39,51,國泰-松江,2024-05-15,8883
2884,玉山金,55,6,49,國泰-松江,2024-05-15,8883
4960,誠美材,51,2,49,國泰-松江,2024-05-15,8883
2371,大同,109,62,47,國泰-松江,2024-05-15,8883
00719B,元大美債1-3,45,0,45,國泰-松江,2024-05-15,8883
5469,瀚宇博,47,4,43,國泰-松江,2024-05-15,8883
2906,高林,41,0,41,國泰-松江,2024-05-15,8883
00757,統一FANG+,38,1,37,國泰-松江,2024-05-15,8883
2409,友達,63,27,36,國泰-松江,2024-05-15,8883
3047,訊舟,75,40,35,國泰-松江,2024-05-15,8883
00933B,國泰10Y+金融債,135,101,34,國泰-松江,2024-05-15,8883
2486,一詮,83,49,34,國泰-松江,2024-05-15,8883
2324,仁寶,65,33,32,國泰-松江,2024-05-15,8883
2527,宏璟,32,1,31,國泰-松江,2024-05-15,8883
2637,慧洋-KY,52,21,31,國泰-松江,2024-05-15,8883
2002,中鋼,31,1,30,國泰-松江,2024-05-15,8883
1314,中石化,41,11,30,國泰-松江,2024-05-15,8883
6451,訊芯-KY,47,20,27,國泰-松江,2024-05-15,8883
2897,王道銀行,40,13,27,國泰-松江,2024-05-15,8883
00795B,中信美國公債20年,33,6,27,國泰-松江,2024-05-15,8883
4909,新復興,34,9,25,國泰-松江,2024-05-15,8883
00751B,元大AAA至A公司債,25,1,24,國泰-松江,2024-05-15,8883
8155,博智,25,1,24,國泰-松江,2024-05-15,8883
3022,威強電,26,3,23,國泰-松江,2024-05-15,8883
2915,潤泰全,38,15,23,國泰-松江,2024-05-15,8883
00929,復華台灣科技優息,309,50,259,國泰-松江,2024-05-16,8883
6770,力積電,297,85,212,國泰-松江,2024-05-16,8883
2382,廣達,260,131,129,國泰-松江,2024-05-16,8883
4414,如興,130,4,126,國泰-松江,2024-05-16,8883
6015,宏遠證,80,0,80,國泰-松江,2024-05-16,8883
2356,英業達,147,69,78,國泰-松江,2024-05-16,8883
3017,奇鋐,110,43,67,國泰-松江,2024-05-16,8883
3231,緯創,129,78,51,國泰-松江,2024-05-16,8883
2886,兆豐金,60,10,50,國泰-松江,2024-05-16,8883
2609,陽明,817,768,49,國泰-松江,2024-05-16,8883
6451,訊芯-KY,70,22,48,國泰-松江,2024-05-16,8883
8358,金居,81,35,46,國泰-松江,2024-05-16,8883
4909,新復興,69,26,43,國泰-松江,2024-05-16,8883
3033,威健,49,6,43,國泰-松江,2024-05-16,8883
2882,國泰金,74,37,37,國泰-松江,2024-05-16,8883
6227,茂綸,59,22,37,國泰-松江,2024-05-16,8883
00706L,期元大S＆P日圓正2,55,19,36,國泰-松江,2024-05-16,8883
00647L,元大S＆P500正2,36,0,36,國泰-松江,2024-05-16,8883
00795B,中信美國公債20年,77,42,35,國泰-松江,2024-05-16,8883
3024,憶聲,39,5,34,國泰-松江,2024-05-16,8883
2201,裕隆,31,0,31,國泰-松江,2024-05-16,8883
6207,雷科,62,31,31,國泰-松江,2024-05-16,8883
00679B,元大美債20年,39,8,31,國泰-松江,2024-05-16,8883
2867,三商壽,60,31,29,國泰-松江,2024-05-16,8883
2359,所羅門,148,120,28,國泰-松江,2024-05-16,8883
2101,南港,62,34,28,國泰-松江,2024-05-16,8883
1305,華夏,26,0,26,國泰-松江,2024-05-16,8883
00665L,富邦�琤肭磪囓�2,62,37,25,國泰-松江,2024-05-16,8883
00772B,中信高評級公司債,27,2,25,國泰-松江,2024-05-16,8883
2408,南亞科,27,4,23,國泰-松江,2024-05-16,8883
2331,精英,65,42,23,國泰-松江,2024-05-16,8883
1532,勤美,28,6,22,國泰-松江,2024-05-16,8883
1584,精剛,22,0,22,國泰-松江,2024-05-16,8883
2301,光寶科,29,7,22,國泰-松江,2024-05-16,8883
2906,高林,20,0,20,國泰-松江,2024-05-16,8883
00664R,國泰臺灣加權反1,20,0,20,國泰-松江,2024-05-16,8883
8096,擎亞,56,36,20,國泰-松江,2024-05-16,8883
9958,世紀鋼,27,8,19,國泰-松江,2024-05-16,8883
5522,遠雄,31,12,19,國泰-松江,2024-05-16,8883
8996,高力,18,0,18,國泰-松江,2024-05-16,8883
6188,廣明,63,45,18,國泰-松江,2024-05-16,8883
00719B,元大美債1-3,18,0,18,國泰-松江,2024-05-16,8883
2371,大同,58,40,18,國泰-松江,2024-05-16,8883
6282,康舒,17,0,17,國泰-松江,2024-05-16,8883
6869,雲豹能源,17,0,17,國泰-松江,2024-05-16,8883
3390,旭軟,26,9,17,國泰-松江,2024-05-16,8883
3163,波若威,43,27,16,國泰-松江,2024-05-16,8883
6449,鈺邦,19,3,16,國泰-松江,2024-05-16,8883
6667,信紘科,20,5,15,國泰-松江,2024-05-16,8883
1319,東陽,17,2,15,國泰-松江,2024-05-16,8883
00878,國泰永續高股息,493,47,446,國泰-松江,2024-05-17,8883
00937B,群益ESG投等債20,343,7,336,國泰-松江,2024-05-17,8883
00929,復華台灣科技優息,327,26,301,國泰-松江,2024-05-17,8883
00632R,元大台灣50反1,225,76,149,國泰-松江,2024-05-17,8883
00688L,國泰20年美債正2,140,0,140,國泰-松江,2024-05-17,8883
2317,鴻海,360,235,125,國泰-松江,2024-05-17,8883
2637,慧洋-KY,126,1,125,國泰-松江,2024-05-17,8883
4420,光明,110,0,110,國泰-松江,2024-05-17,8883
3363,上詮,141,37,104,國泰-松江,2024-05-17,8883
2609,陽明,119,20,99,國泰-松江,2024-05-17,8883
00946,群益科技高息成長,84,1,83,國泰-松江,2024-05-17,8883
00940,元大台灣價值高息,100,33,67,國泰-松江,2024-05-17,8883
2374,佳能,238,173,65,國泰-松江,2024-05-17,8883
1815,富喬,90,27,63,國泰-松江,2024-05-17,8883
00679B,元大美債20年,80,20,60,國泰-松江,2024-05-17,8883
3059,華晶科,95,37,58,國泰-松江,2024-05-17,8883
9904,寶成,52,1,51,國泰-松江,2024-05-17,8883
00919,群益台灣精選高息,92,46,46,國泰-松江,2024-05-17,8883
2417,圓剛,50,5,45,國泰-松江,2024-05-17,8883
2356,英業達,45,2,43,國泰-松江,2024-05-17,8883
1314,中石化,43,2,41,國泰-松江,2024-05-17,8883
3047,訊舟,55,15,40,國泰-松江,2024-05-17,8883
6770,力積電,90,52,38,國泰-松江,2024-05-17,8883
6143,振曜,35,0,35,國泰-松江,2024-05-17,8883
8096,擎亞,72,37,35,國泰-松江,2024-05-17,8883
2486,一詮,63,32,31,國泰-松江,2024-05-17,8883
912000,晨訊科-DR,30,0,30,國泰-松江,2024-05-17,8883
2903,遠百,29,0,29,國泰-松江,2024-05-17,8883
2501,國建,48,19,29,國泰-松江,2024-05-17,8883
3706,神達,32,4,28,國泰-松江,2024-05-17,8883
4583,台灣精銳,27,0,27,國泰-松江,2024-05-17,8883
00665L,富邦�琤肭磪囓�2,94,68,26,國泰-松江,2024-05-17,8883
3564,其陽,31,6,25,國泰-松江,2024-05-17,8883
3312,弘憶股,95,70,25,國泰-松江,2024-05-17,8883
1570,力肯,25,0,25,國泰-松江,2024-05-17,8883
4952,凌通,40,16,24,國泰-松江,2024-05-17,8883
4402,郡都開發,25,1,24,國泰-松江,2024-05-17,8883
9946,三發地產,100,77,23,國泰-松江,2024-05-17,8883
4915,致伸,27,4,23,國泰-松江,2024-05-17,8883
00944,野村趨勢動能高息,25,3,22,國泰-松江,2024-05-17,8883
2201,裕隆,88,66,22,國泰-松江,2024-05-17,8883
2349,錸德,23,1,22,國泰-松江,2024-05-17,8883
3576,聯合再生,40,19,21,國泰-松江,2024-05-17,8883
2606,裕民,23,3,20,國泰-松江,2024-05-17,8883
00936,台新永續高息中小,20,0,20,國泰-松江,2024-05-17,8883
00751B,元大AAA至A公司債,20,0,20,國泰-松江,2024-05-17,8883
2851,中再保,20,0,20,國泰-松江,2024-05-17,8883
3030,德律,41,22,19,國泰-松江,2024-05-17,8883
2406,國碩,35,16,19,國泰-松江,2024-05-17,8883
2615,萬海,28,10,18,國泰-松江,2024-05-17,8883
00632R,元大台灣50反1,2067,44,2023,國泰-松江,2024-05-20,8883
00929,復華台灣科技優息,721,131,590,國泰-松江,2024-05-20,8883
00753L,中信中國50正2,420,5,415,國泰-松江,2024-05-20,8883
00937B,群益ESG投等債20,387,26,361,國泰-松江,2024-05-20,8883
00688L,國泰20年美債正2,203,6,197,國泰-松江,2024-05-20,8883
2867,三商壽,211,35,176,國泰-松江,2024-05-20,8883
00878,國泰永續高股息,221,63,158,國泰-松江,2024-05-20,8883
2317,鴻海,135,34,101,國泰-松江,2024-05-20,8883
00946,群益科技高息成長,107,13,94,國泰-松江,2024-05-20,8883
2618,長榮航,245,162,83,國泰-松江,2024-05-20,8883
2637,慧洋-KY,92,11,81,國泰-松江,2024-05-20,8883
1442,名軒,73,3,70,國泰-松江,2024-05-20,8883
00940,元大台灣價值高息,284,216,68,國泰-松江,2024-05-20,8883
00679B,元大美債20年,63,0,63,國泰-松江,2024-05-20,8883
00751B,元大AAA至A公司債,57,0,57,國泰-松江,2024-05-20,8883
00795B,中信美國公債20年,56,0,56,國泰-松江,2024-05-20,8883
00915,凱基優選高股息30,58,5,53,國泰-松江,2024-05-20,8883
00713,元大台灣高息低波,56,4,52,國泰-松江,2024-05-20,8883
2520,冠德,203,151,52,國泰-松江,2024-05-20,8883
9945,潤泰新,55,7,48,國泰-松江,2024-05-20,8883
00680L,元大美債20正2,58,11,47,國泰-松江,2024-05-20,8883
2367,燿華,245,199,46,國泰-松江,2024-05-20,8883
00637L,元大滬深300正2,64,19,45,國泰-松江,2024-05-20,8883
2915,潤泰全,47,3,44,國泰-松江,2024-05-20,8883
4414,如興,44,0,44,國泰-松江,2024-05-20,8883
00882,中信中國高股息,76,32,44,國泰-松江,2024-05-20,8883
00687B,國泰20年美債,64,20,44,國泰-松江,2024-05-20,8883
3489,森寶,44,1,43,國泰-松江,2024-05-20,8883
2208,台船,50,8,42,國泰-松江,2024-05-20,8883
6770,力積電,45,4,41,國泰-松江,2024-05-20,8883
00725B,國泰投資級公司債,40,1,39,國泰-松江,2024-05-20,8883
3324,雙鴻,52,13,39,國泰-松江,2024-05-20,8883
3363,上詮,70,32,38,國泰-松江,2024-05-20,8883
6188,廣明,78,42,36,國泰-松江,2024-05-20,8883
00731,復華富時高息低波,35,0,35,國泰-松江,2024-05-20,8883
2382,廣達,87,54,33,國泰-松江,2024-05-20,8883
00933B,國泰10Y+金融債,44,11,33,國泰-松江,2024-05-20,8883
2501,國建,50,18,32,國泰-松江,2024-05-20,8883
3231,緯創,90,58,32,國泰-松江,2024-05-20,8883
4533,協易機,171,141,30,國泰-松江,2024-05-20,8883
1609,大亞,43,13,30,國泰-松江,2024-05-20,8883
4977,眾達-KY,30,0,30,國泰-松江,2024-05-20,8883
5351,鈺創,41,13,28,國泰-松江,2024-05-20,8883
00936,台新永續高息中小,33,4,29,國泰-松江,2024-05-20,8883
5392,能率,58,32,26,國泰-松江,2024-05-20,8883
4420,光明,25,0,25,國泰-松江,2024-05-20,8883
2449,京元電子,38,13,25,國泰-松江,2024-05-20,8883
8033,雷虎,39,15,24,國泰-松江,2024-05-20,8883
5706,鳳凰,38,14,24,國泰-松江,2024-05-20,8883
3294,英濟,53,31,22,國泰-松江,2024-05-20,8883
00632R,元大台灣50反1,500,11,489,國泰-松江,2024-05-21,8883
00929,復華台灣科技優息,413,15,398,國泰-松江,2024-05-21,8883
00937B,群益ESG投等債20,352,26,326,國泰-松江,2024-05-21,8883
00857B,永豐20年美公債,217,4,213,國泰-松江,2024-05-21,8883
00878,國泰永續高股息,247,48,199,國泰-松江,2024-05-21,8883
00933B,國泰10Y+金融債,178,13,165,國泰-松江,2024-05-21,8883
00751B,元大AAA至A公司債,164,0,164,國泰-松江,2024-05-21,8883
1605,華新,306,152,154,國泰-松江,2024-05-21,8883
00753L,中信中國50正2,464,313,151,國泰-松江,2024-05-21,8883
00720B,元大投資級公司債,150,14,136,國泰-松江,2024-05-21,8883
00688L,國泰20年美債正2,127,2,125,國泰-松江,2024-05-21,8883
00679B,元大美債20年,128,5,123,國泰-松江,2024-05-21,8883
2101,南港,123,1,122,國泰-松江,2024-05-21,8883
2027,大成鋼,131,47,84,國泰-松江,2024-05-21,8883
2637,慧洋-KY,88,8,80,國泰-松江,2024-05-21,8883
00665L,富邦�琤肭磪囓�2,91,20,71,國泰-松江,2024-05-21,8883
00713,元大台灣高息低波,70,1,69,國泰-松江,2024-05-21,8883
2317,鴻海,126,58,68,國泰-松江,2024-05-21,8883
6770,力積電,69,4,65,國泰-松江,2024-05-21,8883
2891,中信金,69,5,64,國泰-松江,2024-05-21,8883
6753,龍德造船,64,3,61,國泰-松江,2024-05-21,8883
2888,新光金,63,2,61,國泰-松江,2024-05-21,8883
5210,寶碩,61,2,59,國泰-松江,2024-05-21,8883
00919,群益台灣精選高息,70,12,58,國泰-松江,2024-05-21,8883
3338,泰碩,145,98,47,國泰-松江,2024-05-21,8883
2603,長榮,106,60,46,國泰-松江,2024-05-21,8883
00882,中信中國高股息,51,8,43,國泰-松江,2024-05-21,8883
2371,大同,57,17,40,國泰-松江,2024-05-21,8883
2890,永豐金,48,8,40,國泰-松江,2024-05-21,8883
2515,中工,122,85,37,國泰-松江,2024-05-21,8883
5371,中光電,58,21,37,國泰-松江,2024-05-21,8883
00712,復華富時不動產,38,4,34,國泰-松江,2024-05-21,8883
00650L,復華香港正2,36,2,34,國泰-松江,2024-05-21,8883
2363,矽統,70,37,33,國泰-松江,2024-05-21,8883
5608,四維航,44,11,33,國泰-松江,2024-05-21,8883
00680L,元大美債20正2,32,0,32,國泰-松江,2024-05-21,8883
4402,郡都開發,30,0,30,國泰-松江,2024-05-21,8883
00700,富邦�琤肭磪�,27,0,27,國泰-松江,2024-05-21,8883
2887,台新金,39,12,27,國泰-松江,2024-05-21,8883
4532,瑞智,30,5,25,國泰-松江,2024-05-21,8883
5388,中磊,26,2,24,國泰-松江,2024-05-21,8883
00944,野村趨勢動能高息,31,6,25,國泰-松江,2024-05-21,8883
2504,國產,27,3,24,國泰-松江,2024-05-21,8883
1303,南亞,24,0,24,國泰-松江,2024-05-21,8883
9910,豐泰,22,0,22,國泰-松江,2024-05-21,8883
00943,兆豐電子高息等權,22,0,22,國泰-松江,2024-05-21,8883
5324,士開,20,0,20,國泰-松江,2024-05-21,8883
8415,大國鋼,20,0,20,國泰-松江,2024-05-21,8883
2038,海光,23,3,20,國泰-松江,2024-05-21,8883
4956,光鋐,20,0,20,國泰-松江,2024-05-21,8883
2367,燿華,409,154,255,國泰-松江,2024-05-22,8883
2027,大成鋼,253,14,239,國泰-松江,2024-05-22,8883
2495,普安,247,22,225,國泰-松江,2024-05-22,8883
00937B,群益ESG投等債20,172,19,153,國泰-松江,2024-05-22,8883
00632R,元大台灣50反1,230,80,150,國泰-松江,2024-05-22,8883
4909,新復興,194,107,87,國泰-松江,2024-05-22,8883
2371,大同,135,58,77,國泰-松江,2024-05-22,8883
2884,玉山金,81,5,76,國泰-松江,2024-05-22,8883
00933B,國泰10Y+金融債,77,6,71,國泰-松江,2024-05-22,8883
3376,新日興,107,39,68,國泰-松江,2024-05-22,8883
00637L,元大滬深300正2,63,0,63,國泰-松江,2024-05-22,8883
2867,三商壽,78,20,58,國泰-松江,2024-05-22,8883
00751B,元大AAA至A公司債,58,2,56,國泰-松江,2024-05-22,8883
2354,鴻準,101,47,54,國泰-松江,2024-05-22,8883
2338,光罩,55,5,50,國泰-松江,2024-05-22,8883
5210,寶碩,51,1,50,國泰-松江,2024-05-22,8883
3013,晟銘電,252,204,48,國泰-松江,2024-05-22,8883
00753L,中信中國50正2,46,0,46,國泰-松江,2024-05-22,8883
00679B,元大美債20年,56,11,45,國泰-松江,2024-05-22,8883
4533,協易機,97,55,42,國泰-松江,2024-05-22,8883
3024,憶聲,40,1,39,國泰-松江,2024-05-22,8883
3338,泰碩,53,19,34,國泰-松江,2024-05-22,8883
2486,一詮,90,56,34,國泰-松江,2024-05-22,8883
00713,元大台灣高息低波,45,12,33,國泰-松江,2024-05-22,8883
2002,中鋼,35,2,33,國泰-松江,2024-05-22,8883
2603,長榮,66,34,32,國泰-松江,2024-05-22,8883
2634,漢翔,34,3,31,國泰-松江,2024-05-22,8883
3047,訊舟,72,44,28,國泰-松江,2024-05-22,8883
2906,高林,28,0,28,國泰-松江,2024-05-22,8883
4908,前鼎,35,7,28,國泰-松江,2024-05-22,8883
2412,中華電,30,3,27,國泰-松江,2024-05-22,8883
00687B,國泰20年美債,29,4,25,國泰-松江,2024-05-22,8883
3030,德律,28,4,24,國泰-松江,2024-05-22,8883
2464,盟立,113,89,24,國泰-松江,2024-05-22,8883
3036,文曄,31,7,24,國泰-松江,2024-05-22,8883
5388,中磊,31,8,23,國泰-松江,2024-05-22,8883
2886,兆豐金,23,1,22,國泰-松江,2024-05-22,8883
3049,精金,22,0,22,國泰-松江,2024-05-22,8883
1611,中電,21,1,20,國泰-松江,2024-05-22,8883
5351,鈺創,32,12,20,國泰-松江,2024-05-22,8883
4906,正文,57,37,20,國泰-松江,2024-05-22,8883
2009,第一銅,277,257,20,國泰-松江,2024-05-22,8883
5521,工信,19,0,19,國泰-松江,2024-05-22,8883
1109,信大,19,0,19,國泰-松江,2024-05-22,8883
6869,雲豹能源,21,2,19,國泰-松江,2024-05-22,8883
4976,佳凌,22,3,19,國泰-松江,2024-05-22,8883
3141,晶宏,19,0,19,國泰-松江,2024-05-22,8883
2489,瑞軒,43,24,19,國泰-松江,2024-05-22,8883
1789,神隆,22,4,18,國泰-松江,2024-05-22,8883
2618,長榮航,158,140,18,國泰-松江,2024-05-22,8883
00937B,群益ESG投等債20,844,9,835,國泰-松江,2024-05-23,8883
6248,沛波,629,0,629,國泰-松江,2024-05-23,8883
4909,新復興,143,8,135,國泰-松江,2024-05-23,8883
1802,台玻,124,3,121,國泰-松江,2024-05-23,8883
00882,中信中國高股息,139,24,115,國泰-松江,2024-05-23,8883
00936,台新永續高息中小,114,0,114,國泰-松江,2024-05-23,8883
00753L,中信中國50正2,431,326,105,國泰-松江,2024-05-23,8883
00632R,元大台灣50反1,112,8,104,國泰-松江,2024-05-23,8883
2611,志信,101,0,101,國泰-松江,2024-05-23,8883
00665L,富邦�琤肭磪囓�2,116,33,83,國泰-松江,2024-05-23,8883
2371,大同,140,73,67,國泰-松江,2024-05-23,8883
2618,長榮航,183,128,55,國泰-松江,2024-05-23,8883
2886,兆豐金,58,4,54,國泰-松江,2024-05-23,8883
2359,所羅門,348,296,52,國泰-松江,2024-05-23,8883
1605,華新,53,4,49,國泰-松江,2024-05-23,8883
2303,聯電,178,131,47,國泰-松江,2024-05-23,8883
6147,頎邦,44,0,44,國泰-松江,2024-05-23,8883
00712,復華富時不動產,42,1,41,國泰-松江,2024-05-23,8883
2002,中鋼,61,23,38,國泰-松江,2024-05-23,8883
6451,訊芯-KY,40,2,38,國泰-松江,2024-05-23,8883
6719,力智,40,3,37,國泰-松江,2024-05-23,8883
5213,亞昕,58,22,36,國泰-松江,2024-05-23,8883
3322,建舜電,35,0,35,國泰-松江,2024-05-23,8883
5324,士開,34,0,34,國泰-松江,2024-05-23,8883
4720,德淵,51,17,34,國泰-松江,2024-05-23,8883
4915,致伸,33,0,33,國泰-松江,2024-05-23,8883
2636,台驊控股,33,0,33,國泰-松江,2024-05-23,8883
2009,第一銅,75,43,32,國泰-松江,2024-05-23,8883
2428,興勤,30,0,30,國泰-松江,2024-05-23,8883
3294,英濟,35,5,30,國泰-松江,2024-05-23,8883
5210,寶碩,32,4,28,國泰-松江,2024-05-23,8883
6757,台灣虎航,28,0,28,國泰-松江,2024-05-23,8883
1442,名軒,35,8,27,國泰-松江,2024-05-23,8883
5498,凱崴,63,36,27,國泰-松江,2024-05-23,8883
1721,三晃,25,0,25,國泰-松江,2024-05-23,8883
2464,盟立,171,146,25,國泰-松江,2024-05-23,8883
6234,高僑,27,3,24,國泰-松江,2024-05-23,8883
6869,雲豹能源,24,0,24,國泰-松江,2024-05-23,8883
2891,中信金,28,4,24,國泰-松江,2024-05-23,8883
8271,宇瞻,23,0,23,國泰-松江,2024-05-23,8883
8112,至上,26,4,22,國泰-松江,2024-05-23,8883
2882,國泰金,46,24,22,國泰-松江,2024-05-23,8883
8299,群聯,28,6,22,國泰-松江,2024-05-23,8883
1609,大亞,38,16,22,國泰-松江,2024-05-23,8883
2352,佳世達,24,2,22,國泰-松江,2024-05-23,8883
3312,弘憶股,60,38,22,國泰-松江,2024-05-23,8883
00857B,永豐20年美公債,24,3,21,國泰-松江,2024-05-23,8883
2887,台新金,32,11,21,國泰-松江,2024-05-23,8883
1805,寶徠,21,0,21,國泰-松江,2024-05-23,8883
2353,宏��,511,490,21,國泰-松江,2024-05-23,8883
00937B,群益ESG投等債20,976,27,949,國泰-松江,2024-05-24,8883
5880,合庫金,271,13,258,國泰-松江,2024-05-24,8883
2891,中信金,128,2,126,國泰-松江,2024-05-24,8883
00712,復華富時不動產,120,3,117,國泰-松江,2024-05-24,8883
3380,明泰,120,7,113,國泰-松江,2024-05-24,8883
4720,德淵,110,8,102,國泰-松江,2024-05-24,8883
2486,一詮,198,121,77,國泰-松江,2024-05-24,8883
6248,沛波,77,0,77,國泰-松江,2024-05-24,8883
2618,長榮航,105,38,67,國泰-松江,2024-05-24,8883
00751B,元大AAA至A公司債,65,0,65,國泰-松江,2024-05-24,8883
4533,協易機,124,62,62,國泰-松江,2024-05-24,8883
2324,仁寶,79,19,60,國泰-松江,2024-05-24,8883
2884,玉山金,57,2,55,國泰-松江,2024-05-24,8883
00665L,富邦�琤肭磪囓�2,72,27,45,國泰-松江,2024-05-24,8883
00919,群益台灣精選高息,51,8,43,國泰-松江,2024-05-24,8883
2365,昆盈,193,152,41,國泰-松江,2024-05-24,8883
00725B,國泰投資級公司債,43,3,40,國泰-松江,2024-05-24,8883
2851,中再保,40,0,40,國泰-松江,2024-05-24,8883
2636,台驊控股,42,4,38,國泰-松江,2024-05-24,8883
2236,百達-KY,36,1,35,國泰-松江,2024-05-24,8883
2615,萬海,47,14,33,國泰-松江,2024-05-24,8883
2392,正崴,59,26,33,國泰-松江,2024-05-24,8883
6282,康舒,34,2,32,國泰-松江,2024-05-24,8883
2367,燿華,151,119,32,國泰-松江,2024-05-24,8883
3017,奇鋐,76,45,31,國泰-松江,2024-05-24,8883
4915,致伸,32,1,31,國泰-松江,2024-05-24,8883
1305,華夏,30,0,30,國泰-松江,2024-05-24,8883
00944,野村趨勢動能高息,29,0,29,國泰-松江,2024-05-24,8883
6446,藥華藥,29,0,29,國泰-松江,2024-05-24,8883
2303,聯電,61,32,29,國泰-松江,2024-05-24,8883
00650L,復華香港正2,28,0,28,國泰-松江,2024-05-24,8883
3694,海華,37,10,27,國泰-松江,2024-05-24,8883
6147,頎邦,28,2,26,國泰-松江,2024-05-24,8883
2206,三陽工業,34,9,25,國泰-松江,2024-05-24,8883
00687B,國泰20年美債,30,5,25,國泰-松江,2024-05-24,8883
9938,百和,27,2,25,國泰-松江,2024-05-24,8883
00680L,元大美債20正2,35,10,25,國泰-松江,2024-05-24,8883
2353,宏��,347,322,25,國泰-松江,2024-05-24,8883
2313,華通,28,5,23,國泰-松江,2024-05-24,8883
6719,力智,31,8,23,國泰-松江,2024-05-24,8883
00679B,元大美債20年,52,30,22,國泰-松江,2024-05-24,8883
00857B,永豐20年美公債,34,12,22,國泰-松江,2024-05-24,8883
3537,堡達,24,2,22,國泰-松江,2024-05-24,8883
2009,第一銅,30,9,21,國泰-松江,2024-05-24,8883
00936,台新永續高息中小,20,0,20,國泰-松江,2024-05-24,8883
6116,彩晶,21,1,20,國泰-松江,2024-05-24,8883
4402,郡都開發,20,0,20,國泰-松江,2024-05-24,8883
2371,大同,46,27,19,國泰-松江,2024-05-24,8883
3376,新日興,37,18,19,國泰-松江,2024-05-24,8883
9904,寶成,21,2,19,國泰-松江,2024-05-24,8883
3231,緯創,874,38,836,國泰-松江,2024-05-27,8883
00937B,群益ESG投等債20,839,322,517,國泰-松江,2024-05-27,8883
00632R,元大台灣50反1,291,49,242,國泰-松江,2024-05-27,8883
2881,富邦金,112,4,108,國泰-松江,2024-05-27,8883
9934,成霖,79,2,77,國泰-松江,2024-05-27,8883
00946,群益科技高息成長,71,1,70,國泰-松江,2024-05-27,8883
2363,矽統,342,274,68,國泰-松江,2024-05-27,8883
00713,元大台灣高息低波,66,3,63,國泰-松江,2024-05-27,8883
2609,陽明,109,52,57,國泰-松江,2024-05-27,8883
3694,海華,97,41,56,國泰-松江,2024-05-27,8883
2636,台驊控股,61,6,55,國泰-松江,2024-05-27,8883
00720B,元大投資級公司債,54,0,54,國泰-松江,2024-05-27,8883
3481,群創,88,36,52,國泰-松江,2024-05-27,8883
2368,金像電,45,5,40,國泰-松江,2024-05-27,8883
1815,富喬,122,86,36,國泰-松江,2024-05-27,8883
2367,燿華,81,47,34,國泰-松江,2024-05-27,8883
2330,台積電,36,3,33,國泰-松江,2024-05-27,8883
6125,廣運,108,75,33,國泰-松江,2024-05-27,8883
2303,聯電,126,93,33,國泰-松江,2024-05-27,8883
6153,嘉聯益,31,0,31,國泰-松江,2024-05-27,8883
2886,兆豐金,33,2,31,國泰-松江,2024-05-27,8883
2610,華航,31,1,30,國泰-松江,2024-05-27,8883
4109,加捷生醫,30,0,30,國泰-松江,2024-05-27,8883
9958,世紀鋼,49,19,30,國泰-松江,2024-05-27,8883
1314,中石化,29,0,29,國泰-松江,2024-05-27,8883
2356,英業達,43,15,28,國泰-松江,2024-05-27,8883
6213,聯茂,43,16,27,國泰-松江,2024-05-27,8883
00933B,國泰10Y+金融債,44,17,27,國泰-松江,2024-05-27,8883
2515,中工,40,14,26,國泰-松江,2024-05-27,8883
9938,百和,24,0,24,國泰-松江,2024-05-27,8883
2406,國碩,26,2,24,國泰-松江,2024-05-27,8883
3047,訊舟,60,37,23,國泰-松江,2024-05-27,8883
2371,大同,31,10,21,國泰-松江,2024-05-27,8883
1609,大亞,33,13,20,國泰-松江,2024-05-27,8883
4583,台灣精銳,20,0,20,國泰-松江,2024-05-27,8883
1447,力鵬,20,0,20,國泰-松江,2024-05-27,8883
8374,羅昇,20,0,20,國泰-松江,2024-05-27,8883
1474,弘裕,20,0,20,國泰-松江,2024-05-27,8883
2002,中鋼,24,4,20,國泰-松江,2024-05-27,8883
6446,藥華藥,19,0,19,國泰-松江,2024-05-27,8883
3055,蔚華科,65,46,19,國泰-松江,2024-05-27,8883
2615,萬海,58,39,19,國泰-松江,2024-05-27,8883
2204,中華,20,1,19,國泰-松江,2024-05-27,8883
3024,憶聲,38,20,18,國泰-松江,2024-05-27,8883
6244,茂迪,30,12,18,國泰-松江,2024-05-27,8883
2882,國泰金,23,6,17,國泰-松江,2024-05-27,8883
00700,富邦�琤肭磪�,19,2,17,國泰-松江,2024-05-27,8883
6147,頎邦,25,8,17,國泰-松江,2024-05-27,8883
3483,力致,31,15,16,國泰-松江,2024-05-27,8883
00857B,永豐20年美公債,27,11,16,國泰-松江,2024-05-27,8883
00712,復華富時不動產,444,4,440,國泰-松江,2024-05-28,8883
2363,矽統,416,82,334,國泰-松江,2024-05-28,8883
00937B,群益ESG投等債20,244,58,186,國泰-松江,2024-05-28,8883
2324,仁寶,209,32,177,國泰-松江,2024-05-28,8883
2354,鴻準,311,179,132,國泰-松江,2024-05-28,8883
00687B,國泰20年美債,139,15,124,國泰-松江,2024-05-28,8883
2636,台驊控股,129,9,120,國泰-松江,2024-05-28,8883
00751B,元大AAA至A公司債,112,0,112,國泰-松江,2024-05-28,8883
2353,宏��,286,199,87,國泰-松江,2024-05-28,8883
2486,一詮,174,89,85,國泰-松江,2024-05-28,8883
00632R,元大台灣50反1,75,0,75,國泰-松江,2024-05-28,8883
2317,鴻海,122,48,74,國泰-松江,2024-05-28,8883
2891,中信金,72,2,70,國泰-松江,2024-05-28,8883
00933B,國泰10Y+金融債,78,12,66,國泰-松江,2024-05-28,8883
9958,世紀鋼,90,24,66,國泰-松江,2024-05-28,8883
2611,志信,73,14,59,國泰-松江,2024-05-28,8883
2603,長榮,136,79,57,國泰-松江,2024-05-28,8883
3450,聯鈞,90,43,47,國泰-松江,2024-05-28,8883
00679B,元大美債20年,78,34,44,國泰-松江,2024-05-28,8883
5512,力麒,61,23,38,國泰-松江,2024-05-28,8883
00885,富邦越南,53,15,38,國泰-松江,2024-05-28,8883
2313,華通,36,2,34,國泰-松江,2024-05-28,8883
00919,群益台灣精選高息,88,54,34,國泰-松江,2024-05-28,8883
2371,大同,40,6,34,國泰-松江,2024-05-28,8883
2641,正德,80,49,31,國泰-松江,2024-05-28,8883
00664R,國泰臺灣加權反1,30,0,30,國泰-松江,2024-05-28,8883
2409,友達,34,4,30,國泰-松江,2024-05-28,8883
912000,晨訊科-DR,29,0,29,國泰-松江,2024-05-28,8883
6188,廣明,109,80,29,國泰-松江,2024-05-28,8883
6215,和椿,78,50,28,國泰-松江,2024-05-28,8883
00915,凱基優選高股息30,28,1,27,國泰-松江,2024-05-28,8883
3324,雙鴻,48,23,25,國泰-松江,2024-05-28,8883
5371,中光電,53,30,23,國泰-松江,2024-05-28,8883
2851,中再保,22,0,22,國泰-松江,2024-05-28,8883
6446,藥華藥,24,2,22,國泰-松江,2024-05-28,8883
1514,亞力,22,0,22,國泰-松江,2024-05-28,8883
2027,大成鋼,22,1,21,國泰-松江,2024-05-28,8883
6126,信音,21,1,20,國泰-松江,2024-05-28,8883
1570,力肯,21,1,20,國泰-松江,2024-05-28,8883
1316,上曜,24,5,19,國泰-松江,2024-05-28,8883
2301,光寶科,63,45,18,國泰-松江,2024-05-28,8883
2464,盟立,149,131,18,國泰-松江,2024-05-28,8883
2607,榮運,19,1,18,國泰-松江,2024-05-28,8883
6161,捷波,27,9,18,國泰-松江,2024-05-28,8883
2429,銘旺科,18,0,18,國泰-松江,2024-05-28,8883
6235,華孚,18,0,18,國泰-松江,2024-05-28,8883
3022,威強電,19,2,17,國泰-松江,2024-05-28,8883
3707,漢磊,19,2,17,國泰-松江,2024-05-28,8883
2382,廣達,46,31,15,國泰-松江,2024-05-28,8883
6269,台郡,17,2,15,國泰-松江,2024-05-28,8883
00937B,群益ESG投等債20,1017,70,947,國泰-松江,2024-05-29,8883
00632R,元大台灣50反1,622,16,606,國泰-松江,2024-05-29,8883
2303,聯電,649,54,595,國泰-松江,2024-05-29,8883
3231,緯創,915,419,496,國泰-松江,2024-05-29,8883
00712,復華富時不動產,442,0,442,國泰-松江,2024-05-29,8883
00679B,元大美債20年,276,15,261,國泰-松江,2024-05-29,8883
2891,中信金,261,4,257,國泰-松江,2024-05-29,8883
00940,元大台灣價值高息,293,42,251,國泰-松江,2024-05-29,8883
00687B,國泰20年美債,294,57,237,國泰-松江,2024-05-29,8883
00688L,國泰20年美債正2,205,0,205,國泰-松江,2024-05-29,8883
00751B,元大AAA至A公司債,153,0,153,國泰-松江,2024-05-29,8883
00753L,中信中國50正2,146,1,145,國泰-松江,2024-05-29,8883
4420,光明,141,10,131,國泰-松江,2024-05-29,8883
00878,國泰永續高股息,126,9,117,國泰-松江,2024-05-29,8883
2610,華航,127,23,104,國泰-松江,2024-05-29,8883
00720B,元大投資級公司債,105,2,103,國泰-松江,2024-05-29,8883
2324,仁寶,122,19,103,國泰-松江,2024-05-29,8883
2489,瑞軒,279,178,101,國泰-松江,2024-05-29,8883
2317,鴻海,179,79,100,國泰-松江,2024-05-29,8883
2886,兆豐金,86,1,85,國泰-松江,2024-05-29,8883
00795B,中信美國公債20年,66,5,61,國泰-松江,2024-05-29,8883
00764B,群益25年美債,57,1,56,國泰-松江,2024-05-29,8883
3380,明泰,71,18,53,國泰-松江,2024-05-29,8883
2867,三商壽,62,9,53,國泰-松江,2024-05-29,8883
6005,群益證,50,0,50,國泰-松江,2024-05-29,8883
2353,宏��,285,236,49,國泰-松江,2024-05-29,8883
2609,陽明,69,21,48,國泰-松江,2024-05-29,8883
5880,合庫金,48,1,47,國泰-松江,2024-05-29,8883
2884,玉山金,55,9,46,國泰-松江,2024-05-29,8883
00931B,統一美債20年,48,2,46,國泰-松江,2024-05-29,8883
00946,群益科技高息成長,50,6,44,國泰-松江,2024-05-29,8883
2401,凌陽,160,117,43,國泰-松江,2024-05-29,8883
00933B,國泰10Y+金融債,53,11,42,國泰-松江,2024-05-29,8883
3481,群創,51,10,41,國泰-松江,2024-05-29,8883
00857B,永豐20年美公債,98,58,40,國泰-松江,2024-05-29,8883
8028,昇陽半導體,45,5,40,國泰-松江,2024-05-29,8883
3450,聯鈞,60,23,37,國泰-松江,2024-05-29,8883
3037,欣興,57,20,37,國泰-松江,2024-05-29,8883
2641,正德,161,126,35,國泰-松江,2024-05-29,8883
3041,揚智,36,1,35,國泰-松江,2024-05-29,8883
0056,元大高股息,45,11,34,國泰-松江,2024-05-29,8883
2101,南港,48,13,35,國泰-松江,2024-05-29,8883
8071,能率網通,34,0,34,國泰-松江,2024-05-29,8883
3062,建漢,62,28,34,國泰-松江,2024-05-29,8883
5371,中光電,98,65,33,國泰-松江,2024-05-29,8883
2885,元大金,33,1,32,國泰-松江,2024-05-29,8883
2371,大同,36,4,32,國泰-松江,2024-05-29,8883
9958,世紀鋼,35,5,30,國泰-松江,2024-05-29,8883
00918,大華優利高填息30,30,1,29,國泰-松江,2024-05-29,8883
2458,義隆,30,1,29,國泰-松江,2024-05-29,8883
00937B,群益ESG投等債20,533,36,497,國泰-松江,2024-05-30,8883
00929,復華台灣科技優息,473,32,441,國泰-松江,2024-05-30,8883
00632R,元大台灣50反1,461,65,396,國泰-松江,2024-05-30,8883
00712,復華富時不動產,253,0,253,國泰-松江,2024-05-30,8883
00680L,元大美債20正2,292,53,239,國泰-松江,2024-05-30,8883
00688L,國泰20年美債正2,201,10,191,國泰-松江,2024-05-30,8883
2515,中工,185,27,158,國泰-松江,2024-05-30,8883
1815,富喬,550,410,140,國泰-松江,2024-05-30,8883
6116,彩晶,137,1,136,國泰-松江,2024-05-30,8883
00679B,元大美債20年,129,3,126,國泰-松江,2024-05-30,8883
2891,中信金,141,21,120,國泰-松江,2024-05-30,8883
00919,群益台灣精選高息,131,28,103,國泰-松江,2024-05-30,8883
2353,宏��,151,55,96,國泰-松江,2024-05-30,8883
1312,國喬,96,0,96,國泰-松江,2024-05-30,8883
2489,瑞軒,145,50,95,國泰-松江,2024-05-30,8883
00878,國泰永續高股息,134,45,89,國泰-松江,2024-05-30,8883
2317,鴻海,151,77,74,國泰-松江,2024-05-30,8883
5880,合庫金,65,0,65,國泰-松江,2024-05-30,8883
2331,精英,71,8,63,國泰-松江,2024-05-30,8883
4533,協易機,194,139,55,國泰-松江,2024-05-30,8883
00915,凱基優選高股息30,53,1,52,國泰-松江,2024-05-30,8883
2354,鴻準,109,57,52,國泰-松江,2024-05-30,8883
0056,元大高股息,52,2,50,國泰-松江,2024-05-30,8883
2002,中鋼,51,1,50,國泰-松江,2024-05-30,8883
2486,一詮,60,11,49,國泰-松江,2024-05-30,8883
2611,志信,51,2,49,國泰-松江,2024-05-30,8883
2330,台積電,53,7,46,國泰-松江,2024-05-30,8883
2324,仁寶,58,12,46,國泰-松江,2024-05-30,8883
3013,晟銘電,122,78,44,國泰-松江,2024-05-30,8883
2371,大同,53,9,44,國泰-松江,2024-05-30,8883
0050,元大台灣50,82,38,44,國泰-松江,2024-05-30,8883
00751B,元大AAA至A公司債,41,0,41,國泰-松江,2024-05-30,8883
00946,群益科技高息成長,69,28,41,國泰-松江,2024-05-30,8883
2886,兆豐金,42,2,40,國泰-松江,2024-05-30,8883
2458,義隆,38,1,37,國泰-松江,2024-05-30,8883
3231,緯創,106,70,36,國泰-松江,2024-05-30,8883
1785,光洋科,49,14,35,國泰-松江,2024-05-30,8883
2328,廣宇,73,39,34,國泰-松江,2024-05-30,8883
2883,凱基金,32,0,32,國泰-松江,2024-05-30,8883
3321,同泰,31,0,31,國泰-松江,2024-05-30,8883
3706,神達,41,10,31,國泰-松江,2024-05-30,8883
3037,欣興,32,3,29,國泰-松江,2024-05-30,8883
6269,台郡,29,0,29,國泰-松江,2024-05-30,8883
00720B,元大投資級公司債,29,0,29,國泰-松江,2024-05-30,8883
5230,雷笛克光學,160,131,29,國泰-松江,2024-05-30,8883
8054,安國,94,66,28,國泰-松江,2024-05-30,8883
00713,元大台灣高息低波,64,36,28,國泰-松江,2024-05-30,8883
00753L,中信中國50正2,27,1,26,國泰-松江,2024-05-30,8883
1584,精剛,26,0,26,國泰-松江,2024-05-30,8883
2405,輔信,80,55,25,國泰-松江,2024-05-30,8883
00919,群益台灣精選高息,607,203,404,國泰-松江,2024-05-31,8883
00929,復華台灣科技優息,350,14,336,國泰-松江,2024-05-31,8883
3231,緯創,222,61,161,國泰-松江,2024-05-31,8883
2515,中工,224,70,154,國泰-松江,2024-05-31,8883
2317,鴻海,200,82,118,國泰-松江,2024-05-31,8883
00946,群益科技高息成長,105,0,105,國泰-松江,2024-05-31,8883
1802,台玻,109,7,102,國泰-松江,2024-05-31,8883
2603,長榮,164,62,102,國泰-松江,2024-05-31,8883
4960,誠美材,89,3,86,國泰-松江,2024-05-31,8883
2324,仁寶,85,8,77,國泰-松江,2024-05-31,8883
00679B,元大美債20年,89,14,75,國泰-松江,2024-05-31,8883
5608,四維航,95,27,68,國泰-松江,2024-05-31,8883
2354,鴻準,268,201,67,國泰-松江,2024-05-31,8883
2634,漢翔,63,1,62,國泰-松江,2024-05-31,8883
2611,志信,62,3,59,國泰-松江,2024-05-31,8883
00940,元大台灣價值高息,112,53,59,國泰-松江,2024-05-31,8883
00937B,群益ESG投等債20,74,21,53,國泰-松江,2024-05-31,8883
2367,燿華,95,42,53,國泰-松江,2024-05-31,8883
1316,上曜,58,6,52,國泰-松江,2024-05-31,8883
2382,廣達,94,45,49,國泰-松江,2024-05-31,8883
00665L,富邦�琤肭磪囓�2,96,52,44,國泰-松江,2024-05-31,8883
8027,鈦昇,42,1,41,國泰-松江,2024-05-31,8883
1815,富喬,453,414,39,國泰-松江,2024-05-31,8883
2328,廣宇,50,13,37,國泰-松江,2024-05-31,8883
2002,中鋼,36,0,36,國泰-松江,2024-05-31,8883
2408,南亞科,38,4,34,國泰-松江,2024-05-31,8883
2886,兆豐金,36,2,34,國泰-松江,2024-05-31,8883
4906,正文,42,9,33,國泰-松江,2024-05-31,8883
2543,皇昌,29,1,28,國泰-松江,2024-05-31,8883
3037,欣興,29,1,28,國泰-松江,2024-05-31,8883
2330,台積電,54,28,26,國泰-松江,2024-05-31,8883
3653,健策,26,0,26,國泰-松江,2024-05-31,8883
00891,中信關鍵半導體,25,0,25,國泰-松江,2024-05-31,8883
5388,中磊,26,1,25,國泰-松江,2024-05-31,8883
3030,德律,27,3,24,國泰-松江,2024-05-31,8883
3218,大學光,39,15,24,國泰-松江,2024-05-31,8883
0050,元大台灣50,28,4,24,國泰-松江,2024-05-31,8883
6534,正瀚-創,23,0,23,國泰-松江,2024-05-31,8883
2615,萬海,59,36,23,國泰-松江,2024-05-31,8883
00927,群益半導體收益,23,2,21,國泰-松江,2024-05-31,8883
2892,第一金,23,2,21,國泰-松江,2024-05-31,8883
4909,新復興,22,2,20,國泰-松江,2024-05-31,8883
2520,冠德,55,35,20,國泰-松江,2024-05-31,8883
2889,國票金,20,0,20,國泰-松江,2024-05-31,8883
2404,漢唐,25,5,20,國泰-松江,2024-05-31,8883
3576,聯合再生,19,0,19,國泰-松江,2024-05-31,8883
6126,信音,32,13,19,國泰-松江,2024-05-31,8883
6695,芯鼎,44,26,18,國泰-松江,2024-05-31,8883
8215,明基材,18,0,18,國泰-松江,2024-05-31,8883
2344,華邦電,20,3,17,國泰-松江,2024-05-31,8883
00919,群益台灣精選高息,460,49,411,國泰-松江,2024-06-03,8883
00918,大華優利高填息30,274,5,269,國泰-松江,2024-06-03,8883
00929,復華台灣科技優息,239,96,143,國泰-松江,2024-06-03,8883
6248,沛波,93,0,93,國泰-松江,2024-06-03,8883
2618,長榮航,82,16,66,國泰-松江,2024-06-03,8883
00751B,元大AAA至A公司債,61,1,60,國泰-松江,2024-06-03,8883
3481,群創,72,13,59,國泰-松江,2024-06-03,8883
2886,兆豐金,128,70,58,國泰-松江,2024-06-03,8883
2317,鴻海,118,60,58,國泰-松江,2024-06-03,8883
2615,萬海,148,92,56,國泰-松江,2024-06-03,8883
00940,元大台灣價值高息,146,94,52,國泰-松江,2024-06-03,8883
3041,揚智,61,10,51,國泰-松江,2024-06-03,8883
00632R,元大台灣50反1,339,293,46,國泰-松江,2024-06-03,8883
00679B,元大美債20年,118,73,45,國泰-松江,2024-06-03,8883
2369,菱生,40,1,39,國泰-松江,2024-06-03,8883
2353,宏��,141,104,37,國泰-松江,2024-06-03,8883
006208,富邦台50,40,4,36,國泰-松江,2024-06-03,8883
2313,華通,32,1,31,國泰-松江,2024-06-03,8883
2850,新產,31,0,31,國泰-松江,2024-06-03,8883
2497,怡利電,31,0,31,國泰-松江,2024-06-03,8883
3290,東浦,30,0,30,國泰-松江,2024-06-03,8883
5371,中光電,49,19,30,國泰-松江,2024-06-03,8883
2356,英業達,69,41,28,國泰-松江,2024-06-03,8883
00650L,復華香港正2,28,0,28,國泰-松江,2024-06-03,8883
4720,德淵,42,14,28,國泰-松江,2024-06-03,8883
3048,益登,28,1,27,國泰-松江,2024-06-03,8883
6215,和椿,67,42,25,國泰-松江,2024-06-03,8883
3059,華晶科,52,27,25,國泰-松江,2024-06-03,8883
00881,國泰台灣5G+,26,2,24,國泰-松江,2024-06-03,8883
00713,元大台灣高息低波,25,2,23,國泰-松江,2024-06-03,8883
2889,國票金,24,1,23,國泰-松江,2024-06-03,8883
00891,中信關鍵半導體,22,0,22,國泰-松江,2024-06-03,8883
6534,正瀚-創,21,0,21,國泰-松江,2024-06-03,8883
2303,聯電,44,23,21,國泰-松江,2024-06-03,8883
2105,正新,27,7,20,國泰-松江,2024-06-03,8883
1605,華新,21,1,20,國泰-松江,2024-06-03,8883
2528,皇普,20,0,20,國泰-松江,2024-06-03,8883
00753L,中信中國50正2,20,0,20,國泰-松江,2024-06-03,8883
2404,漢唐,23,4,19,國泰-松江,2024-06-03,8883
5009,榮剛,21,2,19,國泰-松江,2024-06-03,8883
2867,三商壽,27,8,19,國泰-松江,2024-06-03,8883
2745,五福,17,0,17,國泰-松江,2024-06-03,8883
6274,台燿,34,18,16,國泰-松江,2024-06-03,8883
2419,仲琦,16,0,16,國泰-松江,2024-06-03,8883
2834,臺企銀,22,6,16,國泰-松江,2024-06-03,8883
9941,裕融,16,0,16,國泰-松江,2024-06-03,8883
2495,普安,17,1,16,國泰-松江,2024-06-03,8883
3207,耀勝,16,0,16,國泰-松江,2024-06-03,8883
00946,群益科技高息成長,30,15,15,國泰-松江,2024-06-03,8883
2489,瑞軒,21,6,15,國泰-松江,2024-06-03,8883
2888,新光金,402,70,332,國泰-松江,2024-06-04,8883
2515,中工,372,135,237,國泰-松江,2024-06-04,8883
00642U,期元大S＆P石油,233,0,233,國泰-松江,2024-06-04,8883
2886,兆豐金,207,21,186,國泰-松江,2024-06-04,8883
00878,國泰永續高股息,205,20,185,國泰-松江,2024-06-04,8883
00936,台新永續高息中小,238,66,172,國泰-松江,2024-06-04,8883
00918,大華優利高填息30,168,0,168,國泰-松江,2024-06-04,8883
2317,鴻海,278,124,154,國泰-松江,2024-06-04,8883
6869,雲豹能源,116,0,116,國泰-松江,2024-06-04,8883
2312,金寶,128,14,114,國泰-松江,2024-06-04,8883
1815,富喬,182,103,79,國泰-松江,2024-06-04,8883
2537,聯上發,125,50,75,國泰-松江,2024-06-04,8883
2603,長榮,98,27,71,國泰-松江,2024-06-04,8883
6125,廣運,266,208,58,國泰-松江,2024-06-04,8883
2367,燿華,101,53,48,國泰-松江,2024-06-04,8883
00881,國泰台灣5G+,46,1,45,國泰-松江,2024-06-04,8883
00713,元大台灣高息低波,45,0,45,國泰-松江,2024-06-04,8883
2609,陽明,247,203,44,國泰-松江,2024-06-04,8883
3294,英濟,43,0,43,國泰-松江,2024-06-04,8883
2382,廣達,60,19,41,國泰-松江,2024-06-04,8883
2344,華邦電,43,2,41,國泰-松江,2024-06-04,8883
6248,沛波,38,0,38,國泰-松江,2024-06-04,8883
2324,仁寶,89,53,36,國泰-松江,2024-06-04,8883
2850,新產,35,0,35,國泰-松江,2024-06-04,8883
2641,正德,33,0,33,國泰-松江,2024-06-04,8883
2328,廣宇,45,12,33,國泰-松江,2024-06-04,8883
5519,隆大,47,14,33,國泰-松江,2024-06-04,8883
2009,第一銅,48,16,32,國泰-松江,2024-06-04,8883
6215,和椿,53,22,31,國泰-松江,2024-06-04,8883
3030,德律,33,2,31,國泰-松江,2024-06-04,8883
3260,威剛,41,10,31,國泰-松江,2024-06-04,8883
2303,聯電,45,14,31,國泰-松江,2024-06-04,8883
1802,台玻,68,38,30,國泰-松江,2024-06-04,8883
2464,盟立,69,40,29,國泰-松江,2024-06-04,8883
6116,彩晶,33,6,27,國泰-松江,2024-06-04,8883
00631L,元大台灣50正2,25,0,25,國泰-松江,2024-06-04,8883
00940,元大台灣價值高息,69,44,25,國泰-松江,2024-06-04,8883
3231,緯創,76,51,25,國泰-松江,2024-06-04,8883
0050,元大台灣50,25,1,24,國泰-松江,2024-06-04,8883
2330,台積電,34,10,24,國泰-松江,2024-06-04,8883
00923,群益台ESG低碳50,24,0,24,國泰-松江,2024-06-04,8883
1101,台泥,29,5,24,國泰-松江,2024-06-04,8883
3062,建漢,22,0,22,國泰-松江,2024-06-04,8883
4113,聯上,23,2,21,國泰-松江,2024-06-04,8883
3711,日月光投控,39,21,18,國泰-松江,2024-06-04,8883
00937B,群益ESG投等債20,112,93,19,國泰-松江,2024-06-04,8883
4503,金雨,19,0,19,國泰-松江,2024-06-04,8883
4533,協易機,181,163,18,國泰-松江,2024-06-04,8883
2834,臺企銀,18,0,18,國泰-松江,2024-06-04,8883
006208,富邦台50,21,3,18,國泰-松江,2024-06-04,8883
00878,國泰永續高股息,312,36,276,國泰-松江,2024-06-05,8883
00936,台新永續高息中小,256,1,255,國泰-松江,2024-06-05,8883
00929,復華台灣科技優息,307,67,240,國泰-松江,2024-06-05,8883
00680L,元大美債20正2,180,46,134,國泰-松江,2024-06-05,8883
00942B,台新美A公司債20+,106,13,93,國泰-松江,2024-06-05,8883
00632R,元大台灣50反1,125,50,75,國泰-松江,2024-06-05,8883
00724B,群益投資級金融債,55,0,55,國泰-松江,2024-06-05,8883
00753L,中信中國50正2,54,0,54,國泰-松江,2024-06-05,8883
2486,一詮,120,68,52,國泰-松江,2024-06-05,8883
00918,大華優利高填息30,66,17,49,國泰-松江,2024-06-05,8883
2002,中鋼,47,2,45,國泰-松江,2024-06-05,8883
6531,愛普*,46,1,45,國泰-松江,2024-06-05,8883
2458,義隆,40,2,38,國泰-松江,2024-06-05,8883
1786,科妍,40,5,35,國泰-松江,2024-06-05,8883
2344,華邦電,35,1,34,國泰-松江,2024-06-05,8883
9945,潤泰新,52,20,32,國泰-松江,2024-06-05,8883
6215,和椿,49,17,32,國泰-松江,2024-06-05,8883
5512,力麒,31,0,31,國泰-松江,2024-06-05,8883
2409,友達,33,2,31,國泰-松江,2024-06-05,8883
3062,建漢,38,7,31,國泰-松江,2024-06-05,8883
2641,正德,68,39,29,國泰-松江,2024-06-05,8883
00751B,元大AAA至A公司債,37,10,27,國泰-松江,2024-06-05,8883
0056,元大高股息,38,11,27,國泰-松江,2024-06-05,8883
3013,晟銘電,100,73,27,國泰-松江,2024-06-05,8883
2495,普安,32,6,26,國泰-松江,2024-06-05,8883
00946,群益科技高息成長,30,4,26,國泰-松江,2024-06-05,8883
3041,揚智,26,0,26,國泰-松江,2024-06-05,8883
00670L,富邦NASDAQ正2,26,0,26,國泰-松江,2024-06-05,8883
3224,三顧,26,1,25,國泰-松江,2024-06-05,8883
00933B,國泰10Y+金融債,49,25,24,國泰-松江,2024-06-05,8883
6116,彩晶,24,0,24,國泰-松江,2024-06-05,8883
2352,佳世達,27,7,20,國泰-松江,2024-06-05,8883
2356,英業達,45,25,20,國泰-松江,2024-06-05,8883
2515,中工,38,18,20,國泰-松江,2024-06-05,8883
2301,光寶科,22,2,20,國泰-松江,2024-06-05,8883
1514,亞力,27,7,20,國泰-松江,2024-06-05,8883
3017,奇鋐,46,26,20,國泰-松江,2024-06-05,8883
00679B,元大美債20年,61,41,20,國泰-松江,2024-06-05,8883
5519,隆大,25,6,19,國泰-松江,2024-06-05,8883
6591,動力-KY,20,2,18,國泰-松江,2024-06-05,8883
2313,華通,18,0,18,國泰-松江,2024-06-05,8883
6213,聯茂,20,3,17,國泰-松江,2024-06-05,8883
1301,台塑,25,8,17,國泰-松江,2024-06-05,8883
2636,台驊控股,21,4,17,國泰-松江,2024-06-05,8883
2885,元大金,17,1,16,國泰-松江,2024-06-05,8883
2101,南港,36,20,16,國泰-松江,2024-06-05,8883
6789,采鈺,22,6,16,國泰-松江,2024-06-05,8883
00919,群益台灣精選高息,96,80,16,國泰-松江,2024-06-05,8883
00719B,元大美債1-3,18,3,15,國泰-松江,2024-06-05,8883
6125,廣運,76,61,15,國泰-松江,2024-06-05,8883
00632R,元大台灣50反1,803,114,689,國泰-松江,2024-06-06,8883
00936,台新永續高息中小,201,2,199,國泰-松江,2024-06-06,8883
6591,動力-KY,156,4,152,國泰-松江,2024-06-06,8883
00688L,國泰20年美債正2,107,2,105,國泰-松江,2024-06-06,8883
8096,擎亞,109,4,105,國泰-松江,2024-06-06,8883
2486,一詮,196,100,96,國泰-松江,2024-06-06,8883
00687B,國泰20年美債,157,64,93,國泰-松江,2024-06-06,8883
2354,鴻準,128,44,84,國泰-松江,2024-06-06,8883
00679B,元大美債20年,117,42,75,國泰-松江,2024-06-06,8883
00918,大華優利高填息30,83,12,71,國泰-松江,2024-06-06,8883
00665L,富邦�琤肭磪囓�2,65,0,65,國泰-松江,2024-06-06,8883
4720,德淵,59,3,56,國泰-松江,2024-06-06,8883
8086,宏捷科,53,2,51,國泰-松江,2024-06-06,8883
5009,榮剛,51,1,50,國泰-松江,2024-06-06,8883
00935,野村臺灣新科技50,53,7,46,國泰-松江,2024-06-06,8883
1815,富喬,173,128,45,國泰-松江,2024-06-06,8883
2101,南港,81,37,44,國泰-松江,2024-06-06,8883
00919,群益台灣精選高息,123,79,44,國泰-松江,2024-06-06,8883
2312,金寶,140,97,43,國泰-松江,2024-06-06,8883
4420,光明,48,10,38,國泰-松江,2024-06-06,8883
6248,沛波,35,0,35,國泰-松江,2024-06-06,8883
4763,材料-KY,36,1,35,國泰-松江,2024-06-06,8883
2888,新光金,82,51,31,國泰-松江,2024-06-06,8883
3013,晟銘電,85,54,31,國泰-松江,2024-06-06,8883
2605,新興,41,11,30,國泰-松江,2024-06-06,8883
00772B,中信高評級公司債,69,40,29,國泰-松江,2024-06-06,8883
5340,建榮,56,28,28,國泰-松江,2024-06-06,8883
5225,東科-KY,31,3,28,國泰-松江,2024-06-06,8883
3294,英濟,28,1,27,國泰-松江,2024-06-06,8883
6446,藥華藥,32,6,26,國泰-松江,2024-06-06,8883
2611,志信,44,18,26,國泰-松江,2024-06-06,8883
2356,英業達,38,13,25,國泰-松江,2024-06-06,8883
2323,中環,25,1,24,國泰-松江,2024-06-06,8883
5302,太欣,24,0,24,國泰-松江,2024-06-06,8883
2609,陽明,475,452,23,國泰-松江,2024-06-06,8883
4973,廣穎,28,5,23,國泰-松江,2024-06-06,8883
2328,廣宇,44,21,23,國泰-松江,2024-06-06,8883
2002,中鋼,22,0,22,國泰-松江,2024-06-06,8883
00751B,元大AAA至A公司債,23,1,22,國泰-松江,2024-06-06,8883
2850,新產,22,0,22,國泰-松江,2024-06-06,8883
00878,國泰永續高股息,86,65,21,國泰-松江,2024-06-06,8883
6120,達運,21,0,21,國泰-松江,2024-06-06,8883
6244,茂迪,41,20,21,國泰-松江,2024-06-06,8883
2353,宏��,38,18,20,國泰-松江,2024-06-06,8883
00830,國泰費城半導體,25,5,20,國泰-松江,2024-06-06,8883
5213,亞昕,24,4,20,國泰-松江,2024-06-06,8883
2017,官田鋼,20,0,20,國泰-松江,2024-06-06,8883
6770,力積電,69,50,19,國泰-松江,2024-06-06,8883
3231,緯創,67,47,20,國泰-松江,2024-06-06,8883
6270,倍微,22,3,19,國泰-松江,2024-06-06,8883
00936,台新永續高息中小,208,0,208,國泰-松江,2024-06-07,8883
00937B,群益ESG投等債20,202,64,138,國泰-松江,2024-06-07,8883
00919,群益台灣精選高息,198,74,124,國泰-松江,2024-06-07,8883
00929,復華台灣科技優息,203,92,111,國泰-松江,2024-06-07,8883
2615,萬海,460,357,103,國泰-松江,2024-06-07,8883
1605,華新,103,12,91,國泰-松江,2024-06-07,8883
3481,群創,97,24,73,國泰-松江,2024-06-07,8883
2354,鴻準,89,18,71,國泰-松江,2024-06-07,8883
3631,晟楠,78,10,68,國泰-松江,2024-06-07,8883
3231,緯創,125,68,57,國泰-松江,2024-06-07,8883
5608,四維航,78,27,51,國泰-松江,2024-06-07,8883
00687B,國泰20年美債,84,34,50,國泰-松江,2024-06-07,8883
1609,大亞,62,13,49,國泰-松江,2024-06-07,8883
2353,宏��,57,8,49,國泰-松江,2024-06-07,8883
2371,大同,62,17,45,國泰-松江,2024-06-07,8883
00712,復華富時不動產,45,2,43,國泰-松江,2024-06-07,8883
00632R,元大台灣50反1,243,201,42,國泰-松江,2024-06-07,8883
6591,動力-KY,38,0,38,國泰-松江,2024-06-07,8883
2834,臺企銀,39,2,37,國泰-松江,2024-06-07,8883
2382,廣達,47,12,35,國泰-松江,2024-06-07,8883
2613,中櫃,111,79,32,國泰-松江,2024-06-07,8883
3017,奇鋐,50,18,32,國泰-松江,2024-06-07,8883
00918,大華優利高填息30,50,18,32,國泰-松江,2024-06-07,8883
9933,中鼎,31,2,29,國泰-松江,2024-06-07,8883
3047,訊舟,72,45,27,國泰-松江,2024-06-07,8883
2330,台積電,31,6,25,國泰-松江,2024-06-07,8883
8064,東捷,36,11,25,國泰-松江,2024-06-07,8883
2313,華通,83,60,23,國泰-松江,2024-06-07,8883
2312,金寶,87,64,23,國泰-松江,2024-06-07,8883
3706,神達,26,4,22,國泰-松江,2024-06-07,8883
2891,中信金,27,5,22,國泰-松江,2024-06-07,8883
00933B,國泰10Y+金融債,26,3,23,國泰-松江,2024-06-07,8883
00665L,富邦�琤肭磪囓�2,68,46,22,國泰-松江,2024-06-07,8883
3483,力致,24,3,21,國泰-松江,2024-06-07,8883
4763,材料-KY,25,5,20,國泰-松江,2024-06-07,8883
6138,茂達,20,0,20,國泰-松江,2024-06-07,8883
00942B,台新美A公司債20+,20,0,20,國泰-松江,2024-06-07,8883
2851,中再保,20,0,20,國泰-松江,2024-06-07,8883
8112,至上,28,9,19,國泰-松江,2024-06-07,8883
00915,凱基優選高股息30,18,1,17,國泰-松江,2024-06-07,8883
1314,中石化,30,13,17,國泰-松江,2024-06-07,8883
2890,永豐金,20,4,16,國泰-松江,2024-06-07,8883
3037,欣興,17,1,16,國泰-松江,2024-06-07,8883
2421,建準,16,1,15,國泰-松江,2024-06-07,8883
4157,太景*-KY,15,0,15,國泰-松江,2024-06-07,8883
3363,上詮,15,0,15,國泰-松江,2024-06-07,8883
6197,佳必琪,24,9,15,國泰-松江,2024-06-07,8883
4906,正文,29,14,15,國泰-松江,2024-06-07,8883
4956,光鋐,31,16,15,國泰-松江,2024-06-07,8883
1503,士電,27,13,14,國泰-松江,2024-06-07,8883
00687B,國泰20年美債,1513,3,1510,國泰-松江,2024-06-11,8883
00937B,群益ESG投等債20,593,44,549,國泰-松江,2024-06-11,8883
00751B,元大AAA至A公司債,533,1,532,國泰-松江,2024-06-11,8883
00929,復華台灣科技優息,404,63,341,國泰-松江,2024-06-11,8883
00918,大華優利高填息30,226,31,195,國泰-松江,2024-06-11,8883
00680L,元大美債20正2,196,10,186,國泰-松江,2024-06-11,8883
00936,台新永續高息中小,170,0,170,國泰-松江,2024-06-11,8883
00919,群益台灣精選高息,212,44,168,國泰-松江,2024-06-11,8883
00679B,元大美債20年,160,4,156,國泰-松江,2024-06-11,8883
00688L,國泰20年美債正2,150,13,137,國泰-松江,2024-06-11,8883
1815,富喬,318,190,128,國泰-松江,2024-06-11,8883
2603,長榮,266,164,102,國泰-松江,2024-06-11,8883
2002,中鋼,85,0,85,國泰-松江,2024-06-11,8883
2356,英業達,93,18,75,國泰-松江,2024-06-11,8883
6591,動力-KY,75,6,69,國泰-松江,2024-06-11,8883
2537,聯上發,140,72,68,國泰-松江,2024-06-11,8883
00933B,國泰10Y+金融債,70,3,67,國泰-松江,2024-06-11,8883
5608,四維航,199,135,64,國泰-松江,2024-06-11,8883
4420,光明,57,1,56,國泰-松江,2024-06-11,8883
2636,台驊控股,62,9,53,國泰-松江,2024-06-11,8883
3706,神達,62,13,49,國泰-松江,2024-06-11,8883
4909,新復興,58,10,48,國泰-松江,2024-06-11,8883
1314,中石化,45,1,44,國泰-松江,2024-06-11,8883
00712,復華富時不動產,42,0,42,國泰-松江,2024-06-11,8883
3481,群創,49,6,43,國泰-松江,2024-06-11,8883
2610,華航,90,50,40,國泰-松江,2024-06-11,8883
2615,萬海,275,237,38,國泰-松江,2024-06-11,8883
00878,國泰永續高股息,134,96,38,國泰-松江,2024-06-11,8883
3631,晟楠,39,2,37,國泰-松江,2024-06-11,8883
2634,漢翔,52,16,36,國泰-松江,2024-06-11,8883
00753L,中信中國50正2,35,0,35,國泰-松江,2024-06-11,8883
2543,皇昌,35,0,35,國泰-松江,2024-06-11,8883
3376,新日興,67,32,35,國泰-松江,2024-06-11,8883
1608,華榮,40,6,34,國泰-松江,2024-06-11,8883
2388,威盛,34,1,33,國泰-松江,2024-06-11,8883
5475,德宏,35,2,33,國泰-松江,2024-06-11,8883
9945,潤泰新,59,27,32,國泰-松江,2024-06-11,8883
2515,中工,52,20,32,國泰-松江,2024-06-11,8883
5876,上海商銀,35,3,32,國泰-松江,2024-06-11,8883
6215,和椿,49,20,29,國泰-松江,2024-06-11,8883
1301,台塑,29,2,27,國泰-松江,2024-06-11,8883
3013,晟銘電,102,75,27,國泰-松江,2024-06-11,8883
2328,廣宇,31,6,25,國泰-松江,2024-06-11,8883
1712,興農,32,7,25,國泰-松江,2024-06-11,8883
00795B,中信美國公債20年,40,16,24,國泰-松江,2024-06-11,8883
2027,大成鋼,25,0,25,國泰-松江,2024-06-11,8883
00907,永豐優息存股,25,0,25,國泰-松江,2024-06-11,8883
2888,新光金,160,136,24,國泰-松江,2024-06-11,8883
8155,博智,29,5,24,國泰-松江,2024-06-11,8883
6446,藥華藥,32,9,23,國泰-松江,2024-06-11,8883
00632R,元大台灣50反1,589,0,589,國泰-松江,2024-06-12,8883
2637,慧洋-KY,259,1,258,國泰-松江,2024-06-12,8883
00937B,群益ESG投等債20,225,3,222,國泰-松江,2024-06-12,8883
2344,華邦電,176,15,161,國泰-松江,2024-06-12,8883
5213,亞昕,122,0,122,國泰-松江,2024-06-12,8883
00918,大華優利高填息30,150,40,110,國泰-松江,2024-06-12,8883
9946,三發地產,114,12,102,國泰-松江,2024-06-12,8883
2888,新光金,247,157,90,國泰-松江,2024-06-12,8883
00948B,中信優息投資級債,150,70,80,國泰-松江,2024-06-12,8883
2883,凱基金,90,13,77,國泰-松江,2024-06-12,8883
3481,群創,88,14,74,國泰-松江,2024-06-12,8883
2603,長榮,207,134,73,國泰-松江,2024-06-12,8883
3564,其陽,76,7,69,國泰-松江,2024-06-12,8883
00712,復華富時不動產,61,0,61,國泰-松江,2024-06-12,8883
6591,動力-KY,60,6,54,國泰-松江,2024-06-12,8883
2353,宏��,62,10,52,國泰-松江,2024-06-12,8883
2515,中工,50,2,48,國泰-松江,2024-06-12,8883
00907,永豐優息存股,51,4,47,國泰-松江,2024-06-12,8883
1301,台塑,49,2,47,國泰-松江,2024-06-12,8883
00933B,國泰10Y+金融債,46,6,40,國泰-松江,2024-06-12,8883
3380,明泰,39,0,39,國泰-松江,2024-06-12,8883
2324,仁寶,42,3,39,國泰-松江,2024-06-12,8883
3231,緯創,118,79,39,國泰-松江,2024-06-12,8883
3706,神達,48,14,34,國泰-松江,2024-06-12,8883
3591,艾笛森,33,0,33,國泰-松江,2024-06-12,8883
4420,光明,32,0,32,國泰-松江,2024-06-12,8883
2323,中環,32,1,31,國泰-松江,2024-06-12,8883
2636,台驊控股,30,0,30,國泰-松江,2024-06-12,8883
00720B,元大投資級公司債,42,12,30,國泰-松江,2024-06-12,8883
5225,東科-KY,29,0,29,國泰-松江,2024-06-12,8883
3024,憶聲,30,1,29,國泰-松江,2024-06-12,8883
00857B,永豐20年美公債,33,6,27,國泰-松江,2024-06-12,8883
3047,訊舟,62,35,27,國泰-松江,2024-06-12,8883
00947,台新臺灣IC設計,27,1,26,國泰-松江,2024-06-12,8883
2313,華通,35,9,26,國泰-松江,2024-06-12,8883
2354,鴻準,99,74,25,國泰-松江,2024-06-12,8883
9945,潤泰新,45,22,23,國泰-松江,2024-06-12,8883
00946,群益科技高息成長,23,0,23,國泰-松江,2024-06-12,8883
2352,佳世達,24,2,22,國泰-松江,2024-06-12,8883
2867,三商壽,41,21,20,國泰-松江,2024-06-12,8883
00664R,國泰臺灣加權反1,20,0,20,國泰-松江,2024-06-12,8883
8027,鈦昇,21,2,19,國泰-松江,2024-06-12,8883
00650L,復華香港正2,37,19,18,國泰-松江,2024-06-12,8883
1570,力肯,54,36,18,國泰-松江,2024-06-12,8883
6770,力積電,19,2,17,國泰-松江,2024-06-12,8883
2201,裕隆,80,63,17,國泰-松江,2024-06-12,8883
00929,復華台灣科技優息,91,75,16,國泰-松江,2024-06-12,8883
2385,群光,16,0,16,國泰-松江,2024-06-12,8883
2382,廣達,22,6,16,國泰-松江,2024-06-12,8883
2406,國碩,16,0,16,國泰-松江,2024-06-12,8883
00923,群益台ESG低碳50,290,2,288,國泰-松江,2024-06-13,8883
00915,凱基優選高股息30,180,8,172,國泰-松江,2024-06-13,8883
2867,三商壽,137,29,108,國泰-松江,2024-06-13,8883
5871,中租-KY,93,1,92,國泰-松江,2024-06-13,8883
2609,陽明,322,245,77,國泰-松江,2024-06-13,8883
2615,萬海,168,98,70,國泰-松江,2024-06-13,8883
2636,台驊控股,61,1,60,國泰-松江,2024-06-13,8883
2888,新光金,91,35,56,國泰-松江,2024-06-13,8883
6215,和椿,86,31,55,國泰-松江,2024-06-13,8883
2330,台積電,77,29,48,國泰-松江,2024-06-13,8883
2317,鴻海,159,115,44,國泰-松江,2024-06-13,8883
2002,中鋼,47,5,42,國泰-松江,2024-06-13,8883
8110,華東,48,7,41,國泰-松江,2024-06-13,8883
2637,慧洋-KY,71,31,40,國泰-松江,2024-06-13,8883
3535,晶彩科,42,4,38,國泰-松江,2024-06-13,8883
2359,所羅門,102,67,35,國泰-松江,2024-06-13,8883
00680L,元大美債20正2,62,30,32,國泰-松江,2024-06-13,8883
00650L,復華香港正2,48,17,31,國泰-松江,2024-06-13,8883
8096,擎亞,41,11,30,國泰-松江,2024-06-13,8883
3265,台星科,30,0,30,國泰-松江,2024-06-13,8883
8284,三竹,30,0,30,國泰-松江,2024-06-13,8883
4763,材料-KY,31,1,30,國泰-松江,2024-06-13,8883
3260,威剛,51,22,29,國泰-松江,2024-06-13,8883
8103,瀚荃,39,10,29,國泰-松江,2024-06-13,8883
2417,圓剛,32,4,28,國泰-松江,2024-06-13,8883
6591,動力-KY,25,0,25,國泰-松江,2024-06-13,8883
2801,彰銀,25,0,25,國泰-松江,2024-06-13,8883
2618,長榮航,38,14,24,國泰-松江,2024-06-13,8883
3048,益登,59,35,24,國泰-松江,2024-06-13,8883
1609,大亞,31,7,24,國泰-松江,2024-06-13,8883
4533,協易機,42,19,23,國泰-松江,2024-06-13,8883
00947,台新臺灣IC設計,23,0,23,國泰-松江,2024-06-13,8883
6125,廣運,30,8,22,國泰-松江,2024-06-13,8883
2356,英業達,92,71,21,國泰-松江,2024-06-13,8883
6143,振曜,21,2,19,國泰-松江,2024-06-13,8883
6188,廣明,37,19,18,國泰-松江,2024-06-13,8883
1605,華新,27,10,17,國泰-松江,2024-06-13,8883
1617,榮星,49,32,17,國泰-松江,2024-06-13,8883
2208,台船,16,0,16,國泰-松江,2024-06-13,8883
6152,百一,16,0,16,國泰-松江,2024-06-13,8883
6451,訊芯-KY,69,53,16,國泰-松江,2024-06-13,8883
3481,群創,33,17,16,國泰-松江,2024-06-13,8883
3013,晟銘電,42,27,15,國泰-松江,2024-06-13,8883
2610,華航,77,62,15,國泰-松江,2024-06-13,8883
00637L,元大滬深300正2,35,20,15,國泰-松江,2024-06-13,8883
2365,昆盈,50,35,15,國泰-松江,2024-06-13,8883
2701,萬企,14,0,14,國泰-松江,2024-06-13,8883
4909,新復興,31,18,13,國泰-松江,2024-06-13,8883
00907,永豐優息存股,24,11,13,國泰-松江,2024-06-13,8883
00706L,期元大S＆P日圓正2,13,0,13,國泰-松江,2024-06-13,8883
00919,群益台灣精選高息,521,50,471,國泰-松江,2024-06-14,8883
00947,台新臺灣IC設計,287,0,287,國泰-松江,2024-06-14,8883
2371,大同,238,155,83,國泰-松江,2024-06-14,8883
2882,國泰金,90,11,79,國泰-松江,2024-06-14,8883
00948B,中信優息投資級債,89,15,74,國泰-松江,2024-06-14,8883
3048,益登,190,119,71,國泰-松江,2024-06-14,8883
3260,威剛,72,2,70,國泰-松江,2024-06-14,8883
00632R,元大台灣50反1,103,34,69,國泰-松江,2024-06-14,8883
3376,新日興,76,16,60,國泰-松江,2024-06-14,8883
2601,益航,55,0,55,國泰-松江,2024-06-14,8883
2867,三商壽,57,3,54,國泰-松江,2024-06-14,8883
00881,國泰台灣5G+,60,6,54,國泰-松江,2024-06-14,8883
3231,緯創,90,38,52,國泰-松江,2024-06-14,8883
6190,萬泰科,56,5,51,國泰-松江,2024-06-14,8883
1815,富喬,63,12,51,國泰-松江,2024-06-14,8883
2331,精英,64,23,41,國泰-松江,2024-06-14,8883
2449,京元電子,129,89,40,國泰-松江,2024-06-14,8883
1504,東元,59,19,40,國泰-松江,2024-06-14,8883
2367,燿華,62,23,39,國泰-松江,2024-06-14,8883
8039,台虹,38,1,37,國泰-松江,2024-06-14,8883
00918,大華優利高填息30,89,55,34,國泰-松江,2024-06-14,8883
4763,材料-KY,31,0,31,國泰-松江,2024-06-14,8883
2392,正崴,102,71,31,國泰-松江,2024-06-14,8883
4533,協易機,75,44,31,國泰-松江,2024-06-14,8883
6005,群益證,34,3,31,國泰-松江,2024-06-14,8883
2356,英業達,36,10,26,國泰-松江,2024-06-14,8883
5351,鈺創,33,7,26,國泰-松江,2024-06-14,8883
00878,國泰永續高股息,65,38,27,國泰-松江,2024-06-14,8883
1785,光洋科,46,20,26,國泰-松江,2024-06-14,8883
00941,中信上游半導體,28,3,25,國泰-松江,2024-06-14,8883
1709,和益,25,0,25,國泰-松江,2024-06-14,8883
00946,群益科技高息成長,24,0,24,國泰-松江,2024-06-14,8883
00936,台新永續高息中小,41,17,24,國泰-松江,2024-06-14,8883
6534,正瀚-創,23,0,23,國泰-松江,2024-06-14,8883
6116,彩晶,25,2,23,國泰-松江,2024-06-14,8883
2330,台積電,31,9,22,國泰-松江,2024-06-14,8883
6216,居易,21,0,21,國泰-松江,2024-06-14,8883
2421,建準,21,0,21,國泰-松江,2024-06-14,8883
6161,捷波,34,13,21,國泰-松江,2024-06-14,8883
1617,榮星,24,3,21,國泰-松江,2024-06-14,8883
2101,南港,27,6,21,國泰-松江,2024-06-14,8883
8473,山林水,21,0,21,國泰-松江,2024-06-14,8883
2634,漢翔,23,2,21,國泰-松江,2024-06-14,8883
8088,品安,20,0,20,國泰-松江,2024-06-14,8883
2363,矽統,60,41,19,國泰-松江,2024-06-14,8883
00770,國泰北美科技,19,0,19,國泰-松江,2024-06-14,8883
2324,仁寶,37,18,19,國泰-松江,2024-06-14,8883
00915,凱基優選高股息30,22,5,17,國泰-松江,2024-06-14,8883
8103,瀚荃,28,12,16,國泰-松江,2024-06-14,8883
8099,大世科,16,0,16,國泰-松江,2024-06-14,8883
2883B,凱基金乙特,340,0,340,國泰-松江,2024-06-17,8883
00632R,元大台灣50反1,284,8,276,國泰-松江,2024-06-17,8883
00937B,群益ESG投等債20,346,161,185,國泰-松江,2024-06-17,8883
2449,京元電子,176,29,147,國泰-松江,2024-06-17,8883
00918,大華優利高填息30,268,140,128,國泰-松江,2024-06-17,8883
00753L,中信中國50正2,125,10,115,國泰-松江,2024-06-17,8883
00929,復華台灣科技優息,169,68,101,國泰-松江,2024-06-17,8883
00948B,中信優息投資級債,89,0,89,國泰-松江,2024-06-17,8883
00687B,國泰20年美債,117,31,86,國泰-松江,2024-06-17,8883
6869,雲豹能源,85,0,85,國泰-松江,2024-06-17,8883
2618,長榮航,103,22,81,國泰-松江,2024-06-17,8883
5905,南仁湖,80,1,79,國泰-松江,2024-06-17,8883
3450,聯鈞,95,16,79,國泰-松江,2024-06-17,8883
00942B,台新美A公司債20+,78,0,78,國泰-松江,2024-06-17,8883
2888,新光金,154,78,76,國泰-松江,2024-06-17,8883
2882,國泰金,78,5,73,國泰-松江,2024-06-17,8883
9946,三發地產,66,0,66,國泰-松江,2024-06-17,8883
5213,亞昕,67,4,63,國泰-松江,2024-06-17,8883
1514,亞力,167,107,60,國泰-松江,2024-06-17,8883
2542,興富發,66,7,59,國泰-松江,2024-06-17,8883
2603,長榮,81,27,54,國泰-松江,2024-06-17,8883
00941,中信上游半導體,58,6,52,國泰-松江,2024-06-17,8883
6284,佳邦,51,0,51,國泰-松江,2024-06-17,8883
2515,中工,55,5,50,國泰-松江,2024-06-17,8883
2610,華航,68,18,50,國泰-松江,2024-06-17,8883
2637,慧洋-KY,46,0,46,國泰-松江,2024-06-17,8883
8070,長華*,36,1,35,國泰-松江,2024-06-17,8883
2455,全新,39,8,31,國泰-松江,2024-06-17,8883
00933B,國泰10Y+金融債,49,20,29,國泰-松江,2024-06-17,8883
3030,德律,40,11,29,國泰-松江,2024-06-17,8883
00713,元大台灣高息低波,59,31,28,國泰-松江,2024-06-17,8883
1503,士電,73,45,28,國泰-松江,2024-06-17,8883
1609,大亞,78,52,26,國泰-松江,2024-06-17,8883
2308,台達電,28,3,25,國泰-松江,2024-06-17,8883
00786B,元大10年IG銀行債,25,0,25,國泰-松江,2024-06-17,8883
4123,晟德,45,21,24,國泰-松江,2024-06-17,8883
2489,瑞軒,25,1,24,國泰-松江,2024-06-17,8883
1612,宏泰,29,5,24,國泰-松江,2024-06-17,8883
6449,鈺邦,24,0,24,國泰-松江,2024-06-17,8883
6188,廣明,24,1,23,國泰-松江,2024-06-17,8883
2354,鴻準,28,6,22,國泰-松江,2024-06-17,8883
2367,燿華,24,3,21,國泰-松江,2024-06-17,8883
2883,凱基金,40,20,20,國泰-松江,2024-06-17,8883
9930,中聯資源,20,0,20,國泰-松江,2024-06-17,8883
2520,冠德,24,5,19,國泰-松江,2024-06-17,8883
00773B,中信優先金融債,19,0,19,國泰-松江,2024-06-17,8883
3535,晶彩科,20,1,19,國泰-松江,2024-06-17,8883
00772B,中信高評級公司債,24,5,19,國泰-松江,2024-06-17,8883
4967,十銓,22,5,17,國泰-松江,2024-06-17,8883
2881,富邦金,18,1,17,國泰-松江,2024-06-17,8883
00937B,群益ESG投等債20,854,378,476,國泰-松江,2024-06-18,8883
00915,凱基優選高股息30,454,3,451,國泰-松江,2024-06-18,8883
00919,群益台灣精選高息,541,125,416,國泰-松江,2024-06-18,8883
00687B,國泰20年美債,264,10,254,國泰-松江,2024-06-18,8883
00918,大華優利高填息30,361,116,245,國泰-松江,2024-06-18,8883
2610,華航,306,68,238,國泰-松江,2024-06-18,8883
2363,矽統,263,46,217,國泰-松江,2024-06-18,8883
00679B,元大美債20年,240,55,185,國泰-松江,2024-06-18,8883
00688L,國泰20年美債正2,146,0,146,國泰-松江,2024-06-18,8883
00929,復華台灣科技優息,176,40,136,國泰-松江,2024-06-18,8883
00936,台新永續高息中小,154,23,131,國泰-松江,2024-06-18,8883
2609,陽明,158,55,103,國泰-松江,2024-06-18,8883
00680L,元大美債20正2,134,37,97,國泰-松江,2024-06-18,8883
00942B,台新美A公司債20+,108,30,78,國泰-松江,2024-06-18,8883
9105,泰金寶-DR,105,27,78,國泰-松江,2024-06-18,8883
9103,美德醫療-DR,88,13,75,國泰-松江,2024-06-18,8883
3664,安瑞-KY,66,0,66,國泰-松江,2024-06-18,8883
1504,東元,62,3,59,國泰-松江,2024-06-18,8883
8096,擎亞,106,50,56,國泰-松江,2024-06-18,8883
2353,宏��,79,34,45,國泰-松江,2024-06-18,8883
00946,群益科技高息成長,44,1,43,國泰-松江,2024-06-18,8883
3535,晶彩科,68,28,40,國泰-松江,2024-06-18,8883
6770,力積電,84,44,40,國泰-松江,2024-06-18,8883
8064,東捷,101,61,40,國泰-松江,2024-06-18,8883
2392,正崴,43,9,34,國泰-松江,2024-06-18,8883
3062,建漢,77,44,33,國泰-松江,2024-06-18,8883
3265,台星科,31,1,30,國泰-松江,2024-06-18,8883
00664R,國泰臺灣加權反1,30,0,30,國泰-松江,2024-06-18,8883
2371,大同,146,117,29,國泰-松江,2024-06-18,8883
3035,智原,42,14,28,國泰-松江,2024-06-18,8883
4979,華星光,36,12,24,國泰-松江,2024-06-18,8883
8996,高力,31,7,24,國泰-松江,2024-06-18,8883
6449,鈺邦,57,34,23,國泰-松江,2024-06-18,8883
1802,台玻,86,63,23,國泰-松江,2024-06-18,8883
4566,時碩工業,44,22,22,國泰-松江,2024-06-18,8883
8028,昇陽半導體,163,140,23,國泰-松江,2024-06-18,8883
2634,漢翔,26,6,20,國泰-松江,2024-06-18,8883
01009T,王道圓滿R1,20,0,20,國泰-松江,2024-06-18,8883
8088,品安,20,0,20,國泰-松江,2024-06-18,8883
4953,緯軟,20,0,20,國泰-松江,2024-06-18,8883
1540,喬福,20,0,20,國泰-松江,2024-06-18,8883
9904,寶成,21,2,19,國泰-松江,2024-06-18,8883
5263,智崴,18,0,18,國泰-松江,2024-06-18,8883
8103,瀚荃,25,7,18,國泰-松江,2024-06-18,8883
2464,盟立,30,13,17,國泰-松江,2024-06-18,8883
2317,鴻海,85,68,17,國泰-松江,2024-06-18,8883
1815,富喬,97,80,17,國泰-松江,2024-06-18,8883
2515,中工,17,0,17,國泰-松江,2024-06-18,8883
5519,隆大,30,13,17,國泰-松江,2024-06-18,8883
00665L,富邦�琤肭磪囓�2,17,0,17,國泰-松江,2024-06-18,8883
00632R,元大台灣50反1,880,264,616,國泰-松江,2024-06-19,8883
2344,華邦電,696,109,587,國泰-松江,2024-06-19,8883
00937B,群益ESG投等債20,735,155,580,國泰-松江,2024-06-19,8883
00936,台新永續高息中小,381,4,377,國泰-松江,2024-06-19,8883
2883B,凱基金乙特,320,0,320,國泰-松江,2024-06-19,8883
3450,聯鈞,349,97,252,國泰-松江,2024-06-19,8883
00918,大華優利高填息30,371,172,199,國泰-松江,2024-06-19,8883
00929,復華台灣科技優息,435,257,178,國泰-松江,2024-06-19,8883
00687B,國泰20年美債,342,212,130,國泰-松江,2024-06-19,8883
00713,元大台灣高息低波,131,2,129,國泰-松江,2024-06-19,8883
00946,群益科技高息成長,130,2,128,國泰-松江,2024-06-19,8883
6190,萬泰科,156,36,120,國泰-松江,2024-06-19,8883
2449,京元電子,156,54,102,國泰-松江,2024-06-19,8883
4956,光鋐,151,50,101,國泰-松江,2024-06-19,8883
00915,凱基優選高股息30,97,6,91,國泰-松江,2024-06-19,8883
3030,德律,79,0,79,國泰-松江,2024-06-19,8883
00664R,國泰臺灣加權反1,64,0,64,國泰-松江,2024-06-19,8883
2603,長榮,94,31,63,國泰-松江,2024-06-19,8883
4174,浩鼎,63,0,63,國泰-松江,2024-06-19,8883
00942B,台新美A公司債20+,63,0,63,國泰-松江,2024-06-19,8883
6591,動力-KY,57,0,57,國泰-松江,2024-06-19,8883
2610,華航,134,80,54,國泰-松江,2024-06-19,8883
00935,野村臺灣新科技50,61,10,51,國泰-松江,2024-06-19,8883
2371,大同,138,88,50,國泰-松江,2024-06-19,8883
2408,南亞科,56,7,49,國泰-松江,2024-06-19,8883
00757,統一FANG+,49,0,49,國泰-松江,2024-06-19,8883
00919,群益台灣精選高息,296,249,47,國泰-松江,2024-06-19,8883
9105,泰金寶-DR,46,0,46,國泰-松江,2024-06-19,8883
1308,亞聚,41,0,41,國泰-松江,2024-06-19,8883
9945,潤泰新,41,2,39,國泰-松江,2024-06-19,8883
00676R,富邦臺灣加權反1,38,0,38,國泰-松江,2024-06-19,8883
00686R,群益臺灣加權反1,37,0,37,國泰-松江,2024-06-19,8883
2330,台積電,80,43,37,國泰-松江,2024-06-19,8883
1504,東元,47,12,35,國泰-松江,2024-06-19,8883
4562,穎漢,55,20,35,國泰-松江,2024-06-19,8883
4763,材料-KY,39,4,35,國泰-松江,2024-06-19,8883
6770,力積電,47,14,33,國泰-松江,2024-06-19,8883
00712,復華富時不動產,38,6,32,國泰-松江,2024-06-19,8883
00688L,國泰20年美債正2,51,22,29,國泰-松江,2024-06-19,8883
8096,擎亞,136,107,29,國泰-松江,2024-06-19,8883
00642U,期元大S＆P石油,50,22,28,國泰-松江,2024-06-19,8883
2429,銘旺科,25,0,25,國泰-松江,2024-06-19,8883
3041,揚智,25,0,25,國泰-松江,2024-06-19,8883
4306,炎洲,44,19,25,國泰-松江,2024-06-19,8883
1785,光洋科,110,86,24,國泰-松江,2024-06-19,8883
3033,威健,34,10,24,國泰-松江,2024-06-19,8883
4720,德淵,25,1,24,國泰-松江,2024-06-19,8883
2455,全新,24,1,23,國泰-松江,2024-06-19,8883
3062,建漢,198,176,22,國泰-松江,2024-06-19,8883
3013,晟銘電,66,44,22,國泰-松江,2024-06-19,8883
00937B,群益ESG投等債20,389,28,361,國泰-松江,2024-06-20,8883
00679B,元大美債20年,629,293,336,國泰-松江,2024-06-20,8883
00687B,國泰20年美債,266,30,236,國泰-松江,2024-06-20,8883
00947,台新臺灣IC設計,209,1,208,國泰-松江,2024-06-20,8883
00923,群益台ESG低碳50,200,0,200,國泰-松江,2024-06-20,8883
00680L,元大美債20正2,188,0,188,國泰-松江,2024-06-20,8883
00688L,國泰20年美債正2,152,4,148,國泰-松江,2024-06-20,8883
00940,元大台灣價值高息,269,138,131,國泰-松江,2024-06-20,8883
00918,大華優利高填息30,111,4,107,國泰-松江,2024-06-20,8883
00712,復華富時不動產,123,26,97,國泰-松江,2024-06-20,8883
00753L,中信中國50正2,84,3,81,國泰-松江,2024-06-20,8883
2515,中工,83,17,66,國泰-松江,2024-06-20,8883
2888,新光金,79,14,65,國泰-松江,2024-06-20,8883
00942B,台新美A公司債20+,68,6,62,國泰-松江,2024-06-20,8883
6869,雲豹能源,69,7,62,國泰-松江,2024-06-20,8883
00936,台新永續高息中小,63,4,59,國泰-松江,2024-06-20,8883
00933B,國泰10Y+金融債,61,7,54,國泰-松江,2024-06-20,8883
00715L,期街口布蘭特正2,60,10,50,國泰-松江,2024-06-20,8883
00676R,富邦臺灣加權反1,50,0,50,國泰-松江,2024-06-20,8883
00948B,中信優息投資級債,60,13,47,國泰-松江,2024-06-20,8883
3055,蔚華科,60,19,41,國泰-松江,2024-06-20,8883
00929,復華台灣科技優息,208,167,41,國泰-松江,2024-06-20,8883
2330,台積電,58,18,40,國泰-松江,2024-06-20,8883
00881,國泰台灣5G+,48,8,40,國泰-松江,2024-06-20,8883
2353,宏��,46,7,39,國泰-松江,2024-06-20,8883
00919,群益台灣精選高息,123,87,36,國泰-松江,2024-06-20,8883
9946,三發地產,46,10,36,國泰-松江,2024-06-20,8883
8096,擎亞,48,13,35,國泰-松江,2024-06-20,8883
2429,銘旺科,35,0,35,國泰-松江,2024-06-20,8883
00907,永豐優息存股,32,0,32,國泰-松江,2024-06-20,8883
4720,德淵,32,0,32,國泰-松江,2024-06-20,8883
2382,廣達,101,69,32,國泰-松江,2024-06-20,8883
6216,居易,32,0,32,國泰-松江,2024-06-20,8883
00915,凱基優選高股息30,39,8,31,國泰-松江,2024-06-20,8883
00931B,統一美債20年,37,7,30,國泰-松江,2024-06-20,8883
8277,商丞,42,13,29,國泰-松江,2024-06-20,8883
00935,野村臺灣新科技50,28,0,28,國泰-松江,2024-06-20,8883
00713,元大台灣高息低波,31,5,26,國泰-松江,2024-06-20,8883
8085,福華,25,0,25,國泰-松江,2024-06-20,8883
00795B,中信美國公債20年,26,0,26,國泰-松江,2024-06-20,8883
6282,康舒,30,5,25,國泰-松江,2024-06-20,8883
1303,南亞,32,8,24,國泰-松江,2024-06-20,8883
00751B,元大AAA至A公司債,24,0,24,國泰-松江,2024-06-20,8883
6190,萬泰科,30,6,24,國泰-松江,2024-06-20,8883
1802,台玻,30,7,23,國泰-松江,2024-06-20,8883
4174,浩鼎,23,0,23,國泰-松江,2024-06-20,8883
8011,台通,27,5,22,國泰-松江,2024-06-20,8883
00946,群益科技高息成長,48,25,23,國泰-松江,2024-06-20,8883
00772B,中信高評級公司債,24,2,22,國泰-松江,2024-06-20,8883
6117,迎廣,28,7,21,國泰-松江,2024-06-20,8883
00919,群益台灣精選高息,1651,228,1423,國泰-松江,2024-06-21,8883
00937B,群益ESG投等債20,771,208,563,國泰-松江,2024-06-21,8883
00753L,中信中國50正2,471,0,471,國泰-松江,2024-06-21,8883
2344,華邦電,300,18,282,國泰-松江,2024-06-21,8883
00933B,國泰10Y+金融債,127,4,123,國泰-松江,2024-06-21,8883
00632R,元大台灣50反1,472,349,123,國泰-松江,2024-06-21,8883
00947,台新臺灣IC設計,113,0,113,國泰-松江,2024-06-21,8883
2449,京元電子,125,26,99,國泰-松江,2024-06-21,8883
1727,中華化,102,17,85,國泰-松江,2024-06-21,8883
2317,鴻海,264,180,84,國泰-松江,2024-06-21,8883
00948B,中信優息投資級債,102,20,82,國泰-松江,2024-06-21,8883
00946,群益科技高息成長,80,0,80,國泰-松江,2024-06-21,8883
00936,台新永續高息中小,80,1,79,國泰-松江,2024-06-21,8883
00909,國泰數位支付服務,77,0,77,國泰-松江,2024-06-21,8883
4720,德淵,76,1,75,國泰-松江,2024-06-21,8883
3481,群創,436,372,64,國泰-松江,2024-06-21,8883
00940,元大台灣價值高息,155,93,62,國泰-松江,2024-06-21,8883
6598,ABC-KY,62,0,62,國泰-松江,2024-06-21,8883
5213,亞昕,53,0,53,國泰-松江,2024-06-21,8883
3450,聯鈞,135,82,53,國泰-松江,2024-06-21,8883
8011,台通,101,53,48,國泰-松江,2024-06-21,8883
00915,凱基優選高股息30,49,4,45,國泰-松江,2024-06-21,8883
00712,復華富時不動產,49,5,44,國泰-松江,2024-06-21,8883
2330,台積電,60,17,43,國泰-松江,2024-06-21,8883
3013,晟銘電,49,7,42,國泰-松江,2024-06-21,8883
00687B,國泰20年美債,49,10,39,國泰-松江,2024-06-21,8883
00918,大華優利高填息30,58,21,37,國泰-松江,2024-06-21,8883
00882,中信中國高股息,58,22,36,國泰-松江,2024-06-21,8883
00679B,元大美債20年,65,32,33,國泰-松江,2024-06-21,8883
2353,宏��,40,8,32,國泰-松江,2024-06-21,8883
2382,廣達,72,41,31,國泰-松江,2024-06-21,8883
3055,蔚華科,57,26,31,國泰-松江,2024-06-21,8883
4562,穎漢,80,49,31,國泰-松江,2024-06-21,8883
3037,欣興,35,5,30,國泰-松江,2024-06-21,8883
00637L,元大滬深300正2,35,4,31,國泰-松江,2024-06-21,8883
00688L,國泰20年美債正2,35,5,30,國泰-松江,2024-06-21,8883
00931B,統一美債20年,33,5,28,國泰-松江,2024-06-21,8883
2548,華固,30,3,27,國泰-松江,2024-06-21,8883
00680L,元大美債20正2,47,21,26,國泰-松江,2024-06-21,8883
2313,華通,41,16,25,國泰-松江,2024-06-21,8883
00830,國泰費城半導體,31,6,25,國泰-松江,2024-06-21,8883
2609,陽明,211,187,24,國泰-松江,2024-06-21,8883
6770,力積電,32,7,25,國泰-松江,2024-06-21,8883
00685L,群益臺灣加權正2,24,0,24,國泰-松江,2024-06-21,8883
1309,台達化,34,10,24,國泰-松江,2024-06-21,8883
2258,鴻華先進-創,23,0,23,國泰-松江,2024-06-21,8883
2324,仁寶,36,13,23,國泰-松江,2024-06-21,8883
00891,中信關鍵半導體,27,5,22,國泰-松江,2024-06-21,8883
00650L,復華香港正2,28,6,22,國泰-松江,2024-06-21,8883
00941,中信上游半導體,31,11,20,國泰-松江,2024-06-21,8883
00632R,元大台灣50反1,1018,611,407,國泰-松江,2024-06-24,8883
00937B,群益ESG投等債20,404,23,381,國泰-松江,2024-06-24,8883
00947,台新臺灣IC設計,251,0,251,國泰-松江,2024-06-24,8883
00712,復華富時不動產,244,2,242,國泰-松江,2024-06-24,8883
00687B,國泰20年美債,255,39,216,國泰-松江,2024-06-24,8883
00720B,元大投資級公司債,222,18,204,國泰-松江,2024-06-24,8883
00919,群益台灣精選高息,479,301,178,國泰-松江,2024-06-24,8883
2020,美亞,154,5,149,國泰-松江,2024-06-24,8883
00929,復華台灣科技優息,532,386,146,國泰-松江,2024-06-24,8883
00936,台新永續高息中小,158,14,144,國泰-松江,2024-06-24,8883
2330,台積電,144,27,117,國泰-松江,2024-06-24,8883
2344,華邦電,118,7,111,國泰-松江,2024-06-24,8883
00881,國泰台灣5G+,122,25,97,國泰-松江,2024-06-24,8883
00706L,期元大S＆P日圓正2,91,1,90,國泰-松江,2024-06-24,8883
2449,京元電子,216,130,86,國泰-松江,2024-06-24,8883
2409,友達,105,19,86,國泰-松江,2024-06-24,8883
3224,三顧,110,28,82,國泰-松江,2024-06-24,8883
3062,建漢,333,257,76,國泰-松江,2024-06-24,8883
5512,力麒,139,64,75,國泰-松江,2024-06-24,8883
00946,群益科技高息成長,103,31,72,國泰-松江,2024-06-24,8883
8105,凌巨,82,14,68,國泰-松江,2024-06-24,8883
00679B,元大美債20年,92,29,63,國泰-松江,2024-06-24,8883
3047,訊舟,203,141,62,國泰-松江,2024-06-24,8883
2617,台航,61,0,61,國泰-松江,2024-06-24,8883
5213,亞昕,54,2,52,國泰-松江,2024-06-24,8883
00631L,元大台灣50正2,56,6,50,國泰-松江,2024-06-24,8883
00948B,中信優息投資級債,48,0,48,國泰-松江,2024-06-24,8883
3231,緯創,73,30,43,國泰-松江,2024-06-24,8883
2317,鴻海,152,110,42,國泰-松江,2024-06-24,8883
00713,元大台灣高息低波,41,1,40,國泰-松江,2024-06-24,8883
1301,台塑,40,2,38,國泰-松江,2024-06-24,8883
0056,元大高股息,80,42,38,國泰-松江,2024-06-24,8883
4562,穎漢,54,16,38,國泰-松江,2024-06-24,8883
2888,新光金,110,72,38,國泰-松江,2024-06-24,8883
2355,敬鵬,38,3,35,國泰-松江,2024-06-24,8883
00764B,群益25年美債,35,1,34,國泰-松江,2024-06-24,8883
00915,凱基優選高股息30,35,1,34,國泰-松江,2024-06-24,8883
1785,光洋科,184,150,34,國泰-松江,2024-06-24,8883
3483,力致,56,23,33,國泰-松江,2024-06-24,8883
6116,彩晶,35,2,33,國泰-松江,2024-06-24,8883
4526,東台,72,39,33,國泰-松江,2024-06-24,8883
8076,伍豐,35,3,32,國泰-松江,2024-06-24,8883
00905,FT臺灣Smart,32,1,31,國泰-松江,2024-06-24,8883
3030,德律,31,0,31,國泰-松江,2024-06-24,8883
1319,東陽,31,0,31,國泰-松江,2024-06-24,8883
1314,中石化,38,9,29,國泰-松江,2024-06-24,8883
2353,宏��,35,6,29,國泰-松江,2024-06-24,8883
2486,一詮,29,0,29,國泰-松江,2024-06-24,8883
3013,晟銘電,39,10,29,國泰-松江,2024-06-24,8883
2501,國建,27,0,27,國泰-松江,2024-06-24,8883
00751B,元大AAA至A公司債,395,23,372,國泰-松江,2024-06-25,8883
00919,群益台灣精選高息,363,74,289,國泰-松江,2024-06-25,8883
00936,台新永續高息中小,204,1,203,國泰-松江,2024-06-25,8883
3450,聯鈞,276,75,201,國泰-松江,2024-06-25,8883
1307,三芳,188,0,188,國泰-松江,2024-06-25,8883
00929,復華台灣科技優息,221,108,113,國泰-松江,2024-06-25,8883
2618,長榮航,135,23,112,國泰-松江,2024-06-25,8883
1815,富喬,102,9,93,國泰-松江,2024-06-25,8883
00830,國泰費城半導體,95,6,89,國泰-松江,2024-06-25,8883
00946,群益科技高息成長,144,57,87,國泰-松江,2024-06-25,8883
2888,新光金,148,71,77,國泰-松江,2024-06-25,8883
00720B,元大投資級公司債,84,7,77,國泰-松江,2024-06-25,8883
00947,台新臺灣IC設計,66,5,61,國泰-松江,2024-06-25,8883
2867,三商壽,54,2,52,國泰-松江,2024-06-25,8883
00923,群益台ESG低碳50,67,17,50,國泰-松江,2024-06-25,8883
4915,致伸,51,1,50,國泰-松江,2024-06-25,8883
2354,鴻準,108,58,50,國泰-松江,2024-06-25,8883
00941,中信上游半導體,56,8,48,國泰-松江,2024-06-25,8883
6153,嘉聯益,54,7,47,國泰-松江,2024-06-25,8883
00679B,元大美債20年,90,44,46,國泰-松江,2024-06-25,8883
4909,新復興,70,24,46,國泰-松江,2024-06-25,8883
2317,鴻海,250,205,45,國泰-松江,2024-06-25,8883
4720,德淵,41,0,41,國泰-松江,2024-06-25,8883
2352,佳世達,66,26,40,國泰-松江,2024-06-25,8883
2610,華航,43,10,33,國泰-松江,2024-06-25,8883
2542,興富發,42,10,32,國泰-松江,2024-06-25,8883
1314,中石化,82,51,31,國泰-松江,2024-06-25,8883
5263,智崴,32,2,30,國泰-松江,2024-06-25,8883
2002,中鋼,32,2,30,國泰-松江,2024-06-25,8883
6182,合晶,31,2,29,國泰-松江,2024-06-25,8883
2834,臺企銀,37,9,28,國泰-松江,2024-06-25,8883
5439,高技,30,2,28,國泰-松江,2024-06-25,8883
1301,台塑,28,1,27,國泰-松江,2024-06-25,8883
6173,信昌電,36,11,25,國泰-松江,2024-06-25,8883
9105,泰金寶-DR,59,37,22,國泰-松江,2024-06-25,8883
3037,欣興,35,13,22,國泰-松江,2024-06-25,8883
00713,元大台灣高息低波,39,18,21,國泰-松江,2024-06-25,8883
2603,長榮,45,25,20,國泰-松江,2024-06-25,8883
5880,合庫金,20,0,20,國泰-松江,2024-06-25,8883
3224,三顧,20,0,20,國泰-松江,2024-06-25,8883
4406,新昕纖,20,0,20,國泰-松江,2024-06-25,8883
6016,康和證,20,0,20,國泰-松江,2024-06-25,8883
2615,萬海,262,243,19,國泰-松江,2024-06-25,8883
1216,統一,20,1,19,國泰-松江,2024-06-25,8883
00706L,期元大S＆P日圓正2,19,1,18,國泰-松江,2024-06-25,8883
4726,永昕,29,12,17,國泰-松江,2024-06-25,8883
2313,華通,21,4,17,國泰-松江,2024-06-25,8883
3711,日月光投控,21,4,17,國泰-松江,2024-06-25,8883
2406,國碩,30,14,16,國泰-松江,2024-06-25,8883
3498,陽程,22,6,16,國泰-松江,2024-06-25,8883
3062,建漢,868,276,592,國泰-松江,2024-06-26,8883
1307,三芳,204,0,204,國泰-松江,2024-06-26,8883
00929,復華台灣科技優息,187,31,156,國泰-松江,2024-06-26,8883
3455,由田,129,2,127,國泰-松江,2024-06-26,8883
00689R,國泰20年美債反1,125,0,125,國泰-松江,2024-06-26,8883
1709,和益,124,1,123,國泰-松江,2024-06-26,8883
00919,群益台灣精選高息,185,66,119,國泰-松江,2024-06-26,8883
2317,鴻海,206,102,104,國泰-松江,2024-06-26,8883
2374,佳能,118,16,102,國泰-松江,2024-06-26,8883
4526,東台,136,34,102,國泰-松江,2024-06-26,8883
9105,泰金寶-DR,110,14,96,國泰-松江,2024-06-26,8883
00937B,群益ESG投等債20,130,37,93,國泰-松江,2024-06-26,8883
3227,原相,101,12,89,國泰-松江,2024-06-26,8883
1609,大亞,102,24,78,國泰-松江,2024-06-26,8883
2888,新光金,76,0,76,國泰-松江,2024-06-26,8883
00878,國泰永續高股息,106,31,75,國泰-松江,2024-06-26,8883
2409,友達,89,19,70,國泰-松江,2024-06-26,8883
00764B,群益25年美債,65,1,64,國泰-松江,2024-06-26,8883
00936,台新永續高息中小,66,8,58,國泰-松江,2024-06-26,8883
2354,鴻準,110,54,56,國泰-松江,2024-06-26,8883
2002,中鋼,68,14,54,國泰-松江,2024-06-26,8883
00933B,國泰10Y+金融債,53,1,52,國泰-松江,2024-06-26,8883
00753L,中信中國50正2,51,0,51,國泰-松江,2024-06-26,8883
9103,美德醫療-DR,50,0,50,國泰-松江,2024-06-26,8883
2883,凱基金,53,10,43,國泰-松江,2024-06-26,8883
00946,群益科技高息成長,63,21,42,國泰-松江,2024-06-26,8883
3624,光頡,43,1,42,國泰-松江,2024-06-26,8883
4123,晟德,48,6,42,國泰-松江,2024-06-26,8883
2609,陽明,76,39,37,國泰-松江,2024-06-26,8883
00713,元大台灣高息低波,51,16,35,國泰-松江,2024-06-26,8883
8027,鈦昇,43,9,34,國泰-松江,2024-06-26,8883
00830,國泰費城半導體,31,0,31,國泰-松江,2024-06-26,8883
00680L,元大美債20正2,72,41,31,國泰-松江,2024-06-26,8883
2355,敬鵬,48,19,29,國泰-松江,2024-06-26,8883
2363,矽統,38,10,28,國泰-松江,2024-06-26,8883
2353,宏��,36,8,28,國泰-松江,2024-06-26,8883
1301,台塑,52,25,27,國泰-松江,2024-06-26,8883
8110,華東,31,5,26,國泰-松江,2024-06-26,8883
1815,富喬,31,5,26,國泰-松江,2024-06-26,8883
2882,國泰金,35,11,24,國泰-松江,2024-06-26,8883
8050,廣積,25,1,24,國泰-松江,2024-06-26,8883
3231,緯創,29,5,24,國泰-松江,2024-06-26,8883
1303,南亞,25,2,23,國泰-松江,2024-06-26,8883
3029,零壹,25,3,22,國泰-松江,2024-06-26,8883
6217,中探針,28,6,22,國泰-松江,2024-06-26,8883
2323,中環,22,0,22,國泰-松江,2024-06-26,8883
2891,中信金,27,5,22,國泰-松江,2024-06-26,8883
4562,穎漢,76,55,21,國泰-松江,2024-06-26,8883
3090,日電貿,23,3,20,國泰-松江,2024-06-26,8883
8150,南茂,22,2,20,國泰-松江,2024-06-26,8883
00937B,群益ESG投等債20,510,22,488,國泰-松江,2024-06-27,8883
00679B,元大美債20年,361,32,329,國泰-松江,2024-06-27,8883
00687B,國泰20年美債,232,3,229,國泰-松江,2024-06-27,8883
3062,建漢,752,543,209,國泰-松江,2024-06-27,8883
00751B,元大AAA至A公司債,191,2,189,國泰-松江,2024-06-27,8883
00713,元大台灣高息低波,165,0,165,國泰-松江,2024-06-27,8883
3481,群創,342,194,148,國泰-松江,2024-06-27,8883
3047,訊舟,515,374,141,國泰-松江,2024-06-27,8883
00688L,國泰20年美債正2,139,16,123,國泰-松江,2024-06-27,8883
4167,松瑞藥,161,43,118,國泰-松江,2024-06-27,8883
00948B,中信優息投資級債,123,5,118,國泰-松江,2024-06-27,8883
00753L,中信中國50正2,115,0,115,國泰-松江,2024-06-27,8883
00936,台新永續高息中小,115,2,113,國泰-松江,2024-06-27,8883
1709,和益,163,58,105,國泰-松江,2024-06-27,8883
00665L,富邦�琤肭磪囓�2,100,0,100,國泰-松江,2024-06-27,8883
00764B,群益25年美債,101,1,100,國泰-松江,2024-06-27,8883
00929,復華台灣科技優息,123,35,88,國泰-松江,2024-06-27,8883
6116,彩晶,71,5,66,國泰-松江,2024-06-27,8883
2888,新光金,65,0,65,國泰-松江,2024-06-27,8883
4915,致伸,62,0,62,國泰-松江,2024-06-27,8883
5871,中租-KY,72,11,61,國泰-松江,2024-06-27,8883
2308,台達電,65,4,61,國泰-松江,2024-06-27,8883
1301,台塑,64,5,59,國泰-松江,2024-06-27,8883
00946,群益科技高息成長,60,2,58,國泰-松江,2024-06-27,8883
00772B,中信高評級公司債,56,0,56,國泰-松江,2024-06-27,8883
2885,元大金,55,0,55,國泰-松江,2024-06-27,8883
8064,東捷,97,43,54,國泰-松江,2024-06-27,8883
2603,長榮,72,19,53,國泰-松江,2024-06-27,8883
3149,正達,51,0,51,國泰-松江,2024-06-27,8883
2002,中鋼,49,2,47,國泰-松江,2024-06-27,8883
9105,泰金寶-DR,48,1,47,國泰-松江,2024-06-27,8883
5905,南仁湖,50,3,47,國泰-松江,2024-06-27,8883
3576,聯合再生,58,16,42,國泰-松江,2024-06-27,8883
2883,凱基金,45,3,42,國泰-松江,2024-06-27,8883
6591,動力-KY,37,0,37,國泰-松江,2024-06-27,8883
1605,華新,40,4,36,國泰-松江,2024-06-27,8883
1609,大亞,79,44,35,國泰-松江,2024-06-27,8883
1611,中電,34,0,34,國泰-松江,2024-06-27,8883
6806,森崴能源,274,240,34,國泰-松江,2024-06-27,8883
4938,和碩,38,5,33,國泰-松江,2024-06-27,8883
4562,穎漢,63,32,31,國泰-松江,2024-06-27,8883
6443,元晶,156,125,31,國泰-松江,2024-06-27,8883
00942B,台新美A公司債20+,30,0,30,國泰-松江,2024-06-27,8883
6692,進能服,30,0,30,國泰-松江,2024-06-27,8883
00919,群益台灣精選高息,103,75,28,國泰-松江,2024-06-27,8883
8076,伍豐,234,206,28,國泰-松江,2024-06-27,8883
00931B,統一美債20年,29,1,28,國泰-松江,2024-06-27,8883
00878,國泰永續高股息,54,26,28,國泰-松江,2024-06-27,8883
00933B,國泰10Y+金融債,74,49,25,國泰-松江,2024-06-27,8883
8277,商丞,25,1,24,國泰-松江,2024-06-27,8883
00937B,群益ESG投等債20,675,28,647,國泰-松江,2024-06-28,8883
00929,復華台灣科技優息,210,29,181,國泰-松江,2024-06-28,8883
2883,凱基金,152,18,134,國泰-松江,2024-06-28,8883
6244,茂迪,185,54,131,國泰-松江,2024-06-28,8883
8076,伍豐,211,111,100,國泰-松江,2024-06-28,8883
2317,鴻海,186,91,95,國泰-松江,2024-06-28,8883
00687B,國泰20年美債,96,3,93,國泰-松江,2024-06-28,8883
2610,華航,113,33,80,國泰-松江,2024-06-28,8883
00936,台新永續高息中小,78,0,78,國泰-松江,2024-06-28,8883
2349,錸德,70,2,68,國泰-松江,2024-06-28,8883
00712,復華富時不動產,73,9,64,國泰-松江,2024-06-28,8883
2406,國碩,174,111,63,國泰-松江,2024-06-28,8883
00919,群益台灣精選高息,122,62,60,國泰-松江,2024-06-28,8883
00679B,元大美債20年,152,99,53,國泰-松江,2024-06-28,8883
6182,合晶,49,0,49,國泰-松江,2024-06-28,8883
00933B,國泰10Y+金融債,62,15,47,國泰-松江,2024-06-28,8883
1303,南亞,45,0,45,國泰-松江,2024-06-28,8883
00650L,復華香港正2,43,0,43,國泰-松江,2024-06-28,8883
6770,力積電,43,4,39,國泰-松江,2024-06-28,8883
6269,台郡,43,6,37,國泰-松江,2024-06-28,8883
2392,正崴,40,4,36,國泰-松江,2024-06-28,8883
2303,聯電,50,18,32,國泰-松江,2024-06-28,8883
00719B,元大美債1-3,30,2,28,國泰-松江,2024-06-28,8883
6477,安集,63,35,28,國泰-松江,2024-06-28,8883
00680L,元大美債20正2,58,30,28,國泰-松江,2024-06-28,8883
00942B,台新美A公司債20+,27,0,27,國泰-松江,2024-06-28,8883
2618,長榮航,66,39,27,國泰-松江,2024-06-28,8883
00753L,中信中國50正2,27,0,27,國泰-松江,2024-06-28,8883
3149,正達,28,1,27,國泰-松江,2024-06-28,8883
2313,華通,74,48,26,國泰-松江,2024-06-28,8883
2603,長榮,28,3,25,國泰-松江,2024-06-28,8883
6125,廣運,44,19,25,國泰-松江,2024-06-28,8883
00670L,富邦NASDAQ正2,26,1,25,國泰-松江,2024-06-28,8883
00713,元大台灣高息低波,35,11,24,國泰-松江,2024-06-28,8883
2637,慧洋-KY,24,0,24,國泰-松江,2024-06-28,8883
2352,佳世達,39,15,24,國泰-松江,2024-06-28,8883
2301,光寶科,27,6,21,國泰-松江,2024-06-28,8883
2347,聯強,22,1,21,國泰-松江,2024-06-28,8883
4919,新唐,21,0,21,國泰-松江,2024-06-28,8883
2258,鴻華先進-創,20,0,20,國泰-松江,2024-06-28,8883
2609,陽明,62,42,20,國泰-松江,2024-06-28,8883
912000,晨訊科-DR,19,0,19,國泰-松江,2024-06-28,8883
1785,光洋科,45,27,18,國泰-松江,2024-06-28,8883
00688L,國泰20年美債正2,18,0,18,國泰-松江,2024-06-28,8883
1504,東元,18,0,18,國泰-松江,2024-06-28,8883
1727,中華化,20,3,17,國泰-松江,2024-06-28,8883
2467,志聖,28,11,17,國泰-松江,2024-06-28,8883
4915,致伸,22,5,17,國泰-松江,2024-06-28,8883
9958,世紀鋼,30,13,17,國泰-松江,2024-06-28,8883
00881,國泰台灣5G+,17,2,15,國泰-松江,2024-06-28,8883
00680L,元大美債20正2,1031,0,1031,國泰-松江,2024-07-01,8883
00937B,群益ESG投等債20,919,67,852,國泰-松江,2024-07-01,8883
9934,成霖,464,0,464,國泰-松江,2024-07-01,8883
3062,建漢,740,354,386,國泰-松江,2024-07-01,8883
00632R,元大台灣50反1,259,0,259,國泰-松江,2024-07-01,8883
00679B,元大美債20年,268,14,254,國泰-松江,2024-07-01,8883
00929,復華台灣科技優息,256,45,211,國泰-松江,2024-07-01,8883
00687B,國泰20年美債,431,224,207,國泰-松江,2024-07-01,8883
9945,潤泰新,208,11,197,國泰-松江,2024-07-01,8883
00751B,元大AAA至A公司債,171,1,170,國泰-松江,2024-07-01,8883
00948B,中信優息投資級債,165,10,155,國泰-松江,2024-07-01,8883
00933B,國泰10Y+金融債,164,13,151,國泰-松江,2024-07-01,8883
0056,元大高股息,130,10,120,國泰-松江,2024-07-01,8883
6869,雲豹能源,124,7,117,國泰-松江,2024-07-01,8883
1609,大亞,147,38,109,國泰-松江,2024-07-01,8883
2883,凱基金,120,22,98,國泰-松江,2024-07-01,8883
2313,華通,119,33,86,國泰-松江,2024-07-01,8883
00688L,國泰20年美債正2,94,10,84,國泰-松江,2024-07-01,8883
00772B,中信高評級公司債,94,12,82,國泰-松江,2024-07-01,8883
00949,復華日本龍頭,76,0,76,國泰-松江,2024-07-01,8883
2367,燿華,151,81,70,國泰-松江,2024-07-01,8883
00713,元大台灣高息低波,77,10,67,國泰-松江,2024-07-01,8883
00931B,統一美債20年,80,18,62,國泰-松江,2024-07-01,8883
2359,所羅門,170,111,59,國泰-松江,2024-07-01,8883
6770,力積電,82,24,58,國泰-松江,2024-07-01,8883
00764B,群益25年美債,53,1,52,國泰-松江,2024-07-01,8883
6116,彩晶,51,1,50,國泰-松江,2024-07-01,8883
00936,台新永續高息中小,54,7,47,國泰-松江,2024-07-01,8883
1307,三芳,46,0,46,國泰-松江,2024-07-01,8883
00795B,中信美國公債20年,50,6,44,國泰-松江,2024-07-01,8883
3362,先進光,48,5,43,國泰-松江,2024-07-01,8883
2515,中工,45,3,42,國泰-松江,2024-07-01,8883
8085,福華,49,9,40,國泰-松江,2024-07-01,8883
00942B,台新美A公司債20+,40,0,40,國泰-松江,2024-07-01,8883
3050,鈺德,48,9,39,國泰-松江,2024-07-01,8883
9910,豐泰,39,0,39,國泰-松江,2024-07-01,8883
00919,群益台灣精選高息,270,234,36,國泰-松江,2024-07-01,8883
1504,東元,36,0,36,國泰-松江,2024-07-01,8883
2331,精英,36,0,36,國泰-松江,2024-07-01,8883
00753L,中信中國50正2,37,1,36,國泰-松江,2024-07-01,8883
2352,佳世達,60,25,35,國泰-松江,2024-07-01,8883
00637L,元大滬深300正2,35,1,34,國泰-松江,2024-07-01,8883
6196,帆宣,31,0,31,國泰-松江,2024-07-01,8883
2020,美亞,30,0,30,國泰-松江,2024-07-01,8883
3338,泰碩,41,13,28,國泰-松江,2024-07-01,8883
8096,擎亞,34,7,27,國泰-松江,2024-07-01,8883
3013,晟銘電,60,33,27,國泰-松江,2024-07-01,8883
5263,智崴,27,0,27,國泰-松江,2024-07-01,8883
8064,東捷,69,42,27,國泰-松江,2024-07-01,8883
00934,中信成長高股息,28,2,26,國泰-松江,2024-07-01,8883
2303,聯電,1674,45,1629,國泰-松江,2024-07-02,8883
2888,新光金,1376,90,1286,國泰-松江,2024-07-02,8883
00632R,元大台灣50反1,1153,158,995,國泰-松江,2024-07-02,8883
00934,中信成長高股息,423,42,381,國泰-松江,2024-07-02,8883
3062,建漢,832,454,378,國泰-松江,2024-07-02,8883
00687B,國泰20年美債,355,18,337,國泰-松江,2024-07-02,8883
00929,復華台灣科技優息,545,226,319,國泰-松江,2024-07-02,8883
00680L,元大美債20正2,435,162,273,國泰-松江,2024-07-02,8883
2618,長榮航,387,133,254,國泰-松江,2024-07-02,8883
00679B,元大美債20年,271,26,245,國泰-松江,2024-07-02,8883
0056,元大高股息,223,6,217,國泰-松江,2024-07-02,8883
00936,台新永續高息中小,200,9,191,國泰-松江,2024-07-02,8883
00937B,群益ESG投等債20,233,72,161,國泰-松江,2024-07-02,8883
00919,群益台灣精選高息,156,20,136,國泰-松江,2024-07-02,8883
00918,大華優利高填息30,131,7,124,國泰-松江,2024-07-02,8883
00688L,國泰20年美債正2,137,32,105,國泰-松江,2024-07-02,8883
9105,泰金寶-DR,144,40,104,國泰-松江,2024-07-02,8883
00948B,中信優息投資級債,96,0,96,國泰-松江,2024-07-02,8883
2359,所羅門,127,55,72,國泰-松江,2024-07-02,8883
2610,華航,180,109,71,國泰-松江,2024-07-02,8883
4562,穎漢,129,65,64,國泰-松江,2024-07-02,8883
2355,敬鵬,66,5,61,國泰-松江,2024-07-02,8883
3041,揚智,60,0,60,國泰-松江,2024-07-02,8883
5426,振發,64,5,59,國泰-松江,2024-07-02,8883
00927,群益半導體收益,58,3,55,國泰-松江,2024-07-02,8883
00905,FT臺灣Smart,52,0,52,國泰-松江,2024-07-02,8883
2542,興富發,52,0,52,國泰-松江,2024-07-02,8883
6869,雲豹能源,84,36,48,國泰-松江,2024-07-02,8883
2615,萬海,89,42,47,國泰-松江,2024-07-02,8883
2453,凌群,40,2,38,國泰-松江,2024-07-02,8883
00751B,元大AAA至A公司債,70,32,38,國泰-松江,2024-07-02,8883
6282,康舒,37,0,37,國泰-松江,2024-07-02,8883
2402,毅嘉,93,57,36,國泰-松江,2024-07-02,8883
00942B,台新美A公司債20+,35,0,35,國泰-松江,2024-07-02,8883
3058,立德,39,5,34,國泰-松江,2024-07-02,8883
00931B,統一美債20年,35,1,34,國泰-松江,2024-07-02,8883
00930,永豐ESG低碳高息,34,1,33,國泰-松江,2024-07-02,8883
912000,晨訊科-DR,32,0,32,國泰-松江,2024-07-02,8883
00949,復華日本龍頭,30,0,30,國泰-松江,2024-07-02,8883
00795B,中信美國公債20年,39,10,29,國泰-松江,2024-07-02,8883
3711,日月光投控,28,0,28,國泰-松江,2024-07-02,8883
1307,三芳,28,0,28,國泰-松江,2024-07-02,8883
1301,台塑,39,13,26,國泰-松江,2024-07-02,8883
00712,復華富時不動產,25,0,25,國泰-松江,2024-07-02,8883
1784,訊聯,49,24,25,國泰-松江,2024-07-02,8883
00947,台新臺灣IC設計,25,0,25,國泰-松江,2024-07-02,8883
00878,國泰永續高股息,74,49,25,國泰-松江,2024-07-02,8883
3481,群創,59,35,24,國泰-松江,2024-07-02,8883
00752,中信中國50,25,2,23,國泰-松江,2024-07-02,8883
8064,東捷,184,161,23,國泰-松江,2024-07-02,8883
00937B,群益ESG投等債20,593,40,553,國泰-松江,2024-07-03,8883
00680L,元大美債20正2,401,3,398,國泰-松江,2024-07-03,8883
00632R,元大台灣50反1,565,190,375,國泰-松江,2024-07-03,8883
00934,中信成長高股息,292,0,292,國泰-松江,2024-07-03,8883
9934,成霖,234,2,232,國泰-松江,2024-07-03,8883
00688L,國泰20年美債正2,205,1,204,國泰-松江,2024-07-03,8883
00687B,國泰20年美債,196,16,180,國泰-松江,2024-07-03,8883
00679B,元大美債20年,217,56,161,國泰-松江,2024-07-03,8883
2617,台航,128,2,126,國泰-松江,2024-07-03,8883
8076,伍豐,143,22,121,國泰-松江,2024-07-03,8883
2357,華碩,110,0,110,國泰-松江,2024-07-03,8883
2515,中工,107,8,99,國泰-松江,2024-07-03,8883
00936,台新永續高息中小,99,0,99,國泰-松江,2024-07-03,8883
2344,華邦電,123,34,89,國泰-松江,2024-07-03,8883
00945B,凱基美國非投等債,86,0,86,國泰-松江,2024-07-03,8883
2349,錸德,128,54,74,國泰-松江,2024-07-03,8883
00927,群益半導體收益,68,9,59,國泰-松江,2024-07-03,8883
3047,訊舟,391,333,58,國泰-松江,2024-07-03,8883
2337,旺宏,71,16,55,國泰-松江,2024-07-03,8883
1806,冠軍,52,1,51,國泰-松江,2024-07-03,8883
912000,晨訊科-DR,52,1,51,國泰-松江,2024-07-03,8883
4726,永昕,48,1,47,國泰-松江,2024-07-03,8883
00725B,國泰投資級公司債,44,0,44,國泰-松江,2024-07-03,8883
2356,英業達,57,14,43,國泰-松江,2024-07-03,8883
2323,中環,81,38,43,國泰-松江,2024-07-03,8883
00830,國泰費城半導體,43,3,40,國泰-松江,2024-07-03,8883
2002,中鋼,42,4,38,國泰-松江,2024-07-03,8883
3576,聯合再生,157,122,35,國泰-松江,2024-07-03,8883
2367,燿華,106,70,36,國泰-松江,2024-07-03,8883
4915,致伸,63,28,35,國泰-松江,2024-07-03,8883
8215,明基材,38,5,33,國泰-松江,2024-07-03,8883
2355,敬鵬,36,5,31,國泰-松江,2024-07-03,8883
00946,群益科技高息成長,43,13,30,國泰-松江,2024-07-03,8883
4934,太極,29,0,29,國泰-松江,2024-07-03,8883
1799,易威,29,1,28,國泰-松江,2024-07-03,8883
2618,長榮航,44,17,27,國泰-松江,2024-07-03,8883
1504,東元,26,1,25,國泰-松江,2024-07-03,8883
9105,泰金寶-DR,160,136,24,國泰-松江,2024-07-03,8883
3535,晶彩科,77,53,24,國泰-松江,2024-07-03,8883
2497,怡利電,24,2,22,國泰-松江,2024-07-03,8883
00948B,中信優息投資級債,37,15,22,國泰-松江,2024-07-03,8883
3005,神基,32,12,20,國泰-松江,2024-07-03,8883
6538,倉和,21,2,19,國泰-松江,2024-07-03,8883
2439,美律,23,4,19,國泰-松江,2024-07-03,8883
5340,建榮,19,0,19,國泰-松江,2024-07-03,8883
1785,光洋科,98,79,19,國泰-松江,2024-07-03,8883
2449,京元電子,55,37,18,國泰-松江,2024-07-03,8883
2421,建準,24,6,18,國泰-松江,2024-07-03,8883
1304,台聚,22,4,18,國泰-松江,2024-07-03,8883
00772B,中信高評級公司債,21,3,18,國泰-松江,2024-07-03,8883
00680L,元大美債20正2,3563,78,3485,國泰-松江,2024-07-04,8883
00632R,元大台灣50反1,433,79,354,國泰-松江,2024-07-04,8883
00688L,國泰20年美債正2,338,28,310,國泰-松江,2024-07-04,8883
2412,中華電,238,0,238,國泰-松江,2024-07-04,8883
3013,晟銘電,139,11,128,國泰-松江,2024-07-04,8883
00679B,元大美債20年,126,5,121,國泰-松江,2024-07-04,8883
5009,榮剛,102,0,102,國泰-松江,2024-07-04,8883
00934,中信成長高股息,176,83,93,國泰-松江,2024-07-04,8883
2354,鴻準,124,32,92,國泰-松江,2024-07-04,8883
1785,光洋科,232,146,86,國泰-松江,2024-07-04,8883
00945B,凱基美國非投等債,63,0,63,國泰-松江,2024-07-04,8883
2611,志信,62,2,60,國泰-松江,2024-07-04,8883
2349,錸德,67,17,50,國泰-松江,2024-07-04,8883
9934,成霖,49,0,49,國泰-松江,2024-07-04,8883
2323,中環,54,6,48,國泰-松江,2024-07-04,8883
3189,景碩,47,5,42,國泰-松江,2024-07-04,8883
2609,陽明,74,35,39,國泰-松江,2024-07-04,8883
00933B,國泰10Y+金融債,44,6,38,國泰-松江,2024-07-04,8883
1806,冠軍,40,2,38,國泰-松江,2024-07-04,8883
2228,劍麟,38,0,38,國泰-松江,2024-07-04,8883
2618,長榮航,109,71,38,國泰-松江,2024-07-04,8883
3455,由田,95,60,35,國泰-松江,2024-07-04,8883
00720B,元大投資級公司債,37,2,35,國泰-松江,2024-07-04,8883
2615,萬海,68,36,32,國泰-松江,2024-07-04,8883
00664R,國泰臺灣加權反1,31,0,31,國泰-松江,2024-07-04,8883
00949,復華日本龍頭,32,2,30,國泰-松江,2024-07-04,8883
00753L,中信中國50正2,30,0,30,國泰-松江,2024-07-04,8883
00637L,元大滬深300正2,31,2,29,國泰-松江,2024-07-04,8883
00719B,元大美債1-3,59,30,29,國泰-松江,2024-07-04,8883
3323,加百裕,38,11,27,國泰-松江,2024-07-04,8883
1618,合機,42,15,27,國泰-松江,2024-07-04,8883
1799,易威,26,0,26,國泰-松江,2024-07-04,8883
8110,華東,27,2,25,國泰-松江,2024-07-04,8883
1815,富喬,30,7,23,國泰-松江,2024-07-04,8883
3224,三顧,25,2,23,國泰-松江,2024-07-04,8883
2368,金像電,28,5,23,國泰-松江,2024-07-04,8883
5347,世界,29,6,23,國泰-松江,2024-07-04,8883
1305,華夏,22,0,22,國泰-松江,2024-07-04,8883
3312,弘憶股,133,111,22,國泰-松江,2024-07-04,8883
2891,中信金,32,10,22,國泰-松江,2024-07-04,8883
00725B,國泰投資級公司債,42,21,21,國泰-松江,2024-07-04,8883
5225,東科-KY,22,1,21,國泰-松江,2024-07-04,8883
3294,英濟,22,1,21,國泰-松江,2024-07-04,8883
00946,群益科技高息成長,36,16,20,國泰-松江,2024-07-04,8883
3231,緯創,81,61,20,國泰-松江,2024-07-04,8883
8121,越峰,20,0,20,國泰-松江,2024-07-04,8883
8092,建暐,26,6,20,國泰-松江,2024-07-04,8883
6188,廣明,51,32,19,國泰-松江,2024-07-04,8883
3715,定穎投控,21,3,18,國泰-松江,2024-07-04,8883
2355,敬鵬,24,6,18,國泰-松江,2024-07-04,8883
00713,元大台灣高息低波,280,17,263,國泰-松江,2024-07-05,8883
2374,佳能,263,71,192,國泰-松江,2024-07-05,8883
00632R,元大台灣50反1,455,284,171,國泰-松江,2024-07-05,8883
2365,昆盈,247,78,169,國泰-松江,2024-07-05,8883
00679B,元大美債20年,170,12,158,國泰-松江,2024-07-05,8883
4420,光明,115,0,115,國泰-松江,2024-07-05,8883
00934,中信成長高股息,145,31,114,國泰-松江,2024-07-05,8883
2317,鴻海,130,21,109,國泰-松江,2024-07-05,8883
2401,凌陽,135,60,75,國泰-松江,2024-07-05,8883
00858,永豐美國500大,70,0,70,國泰-松江,2024-07-05,8883
2412,中華電,78,10,68,國泰-松江,2024-07-05,8883
2349,錸德,73,6,67,國泰-松江,2024-07-05,8883
00937B,群益ESG投等債20,87,20,67,國泰-松江,2024-07-05,8883
2820,華票,65,0,65,國泰-松江,2024-07-05,8883
2834,臺企銀,69,4,65,國泰-松江,2024-07-05,8883
0056,元大高股息,70,13,57,國泰-松江,2024-07-05,8883
4114,健喬,53,0,53,國泰-松江,2024-07-05,8883
2515,中工,59,7,52,國泰-松江,2024-07-05,8883
00687B,國泰20年美債,68,21,47,國泰-松江,2024-07-05,8883
8064,東捷,80,34,46,國泰-松江,2024-07-05,8883
00633L,富邦上証正2,45,0,45,國泰-松江,2024-07-05,8883
3673,TPK-KY,58,15,43,國泰-松江,2024-07-05,8883
00725B,國泰投資級公司債,51,11,40,國泰-松江,2024-07-05,8883
3219,倚強科,41,1,40,國泰-松江,2024-07-05,8883
2301,光寶科,48,11,37,國泰-松江,2024-07-05,8883
5484,慧友,40,4,36,國泰-松江,2024-07-05,8883
2603,長榮,85,51,34,國泰-松江,2024-07-05,8883
2492,華新科,40,6,34,國泰-松江,2024-07-05,8883
8104,錸寶,82,50,32,國泰-松江,2024-07-05,8883
2312,金寶,30,1,29,國泰-松江,2024-07-05,8883
2637,慧洋-KY,29,0,29,國泰-松江,2024-07-05,8883
2359,所羅門,72,45,27,國泰-松江,2024-07-05,8883
1301,台塑,29,3,26,國泰-松江,2024-07-05,8883
1905,華紙,28,2,26,國泰-松江,2024-07-05,8883
2313,華通,52,26,26,國泰-松江,2024-07-05,8883
2464,盟立,148,122,26,國泰-松江,2024-07-05,8883
3013,晟銘電,35,9,26,國泰-松江,2024-07-05,8883
2887,台新金,26,0,26,國泰-松江,2024-07-05,8883
00719B,元大美債1-3,26,1,25,國泰-松江,2024-07-05,8883
2618,長榮航,67,42,25,國泰-松江,2024-07-05,8883
2323,中環,52,27,25,國泰-松江,2024-07-05,8883
2353,宏��,50,25,25,國泰-松江,2024-07-05,8883
00949,復華日本龍頭,26,1,25,國泰-松江,2024-07-05,8883
00933B,國泰10Y+金融債,43,18,25,國泰-松江,2024-07-05,8883
2444,兆勁,24,0,24,國泰-松江,2024-07-05,8883
1504,東元,25,1,24,國泰-松江,2024-07-05,8883
3312,弘憶股,60,36,24,國泰-松江,2024-07-05,8883
6189,豐藝,25,2,23,國泰-松江,2024-07-05,8883
00712,復華富時不動產,23,0,23,國泰-松江,2024-07-05,8883
2884,玉山金,25,2,23,國泰-松江,2024-07-05,8883
00632R,元大台灣50反1,3209,217,2992,國泰-松江,2024-07-08,8883
2363,矽統,487,193,294,國泰-松江,2024-07-08,8883
00945B,凱基美國非投等債,287,4,283,國泰-松江,2024-07-08,8883
00713,元大台灣高息低波,257,14,243,國泰-松江,2024-07-08,8883
2392,正崴,245,51,194,國泰-松江,2024-07-08,8883
2449,京元電子,220,50,170,國泰-松江,2024-07-08,8883
00934,中信成長高股息,147,3,144,國泰-松江,2024-07-08,8883
00946,群益科技高息成長,192,54,138,國泰-松江,2024-07-08,8883
2317,鴻海,300,181,119,國泰-松江,2024-07-08,8883
4958,臻鼎-KY,127,14,113,國泰-松江,2024-07-08,8883
2618,長榮航,100,15,85,國泰-松江,2024-07-08,8883
6127,九豪,79,0,79,國泰-松江,2024-07-08,8883
3481,群創,161,83,78,國泰-松江,2024-07-08,8883
2929,淘帝-KY,71,0,71,國泰-松江,2024-07-08,8883
00679B,元大美債20年,124,53,71,國泰-松江,2024-07-08,8883
00936,台新永續高息中小,74,4,70,國泰-松江,2024-07-08,8883
8059,凱碩,67,0,67,國泰-松江,2024-07-08,8883
3055,蔚華科,66,3,63,國泰-松江,2024-07-08,8883
00929,復華台灣科技優息,119,58,61,國泰-松江,2024-07-08,8883
1709,和益,60,2,58,國泰-松江,2024-07-08,8883
0056,元大高股息,83,26,57,國泰-松江,2024-07-08,8883
3338,泰碩,57,1,56,國泰-松江,2024-07-08,8883
00882,中信中國高股息,64,9,55,國泰-松江,2024-07-08,8883
6706,惠特,60,6,54,國泰-松江,2024-07-08,8883
1785,光洋科,290,238,52,國泰-松江,2024-07-08,8883
00927,群益半導體收益,106,55,51,國泰-松江,2024-07-08,8883
3022,威強電,51,0,51,國泰-松江,2024-07-08,8883
1447,力鵬,50,0,50,國泰-松江,2024-07-08,8883
9105,泰金寶-DR,75,28,47,國泰-松江,2024-07-08,8883
2867,三商壽,70,24,46,國泰-松江,2024-07-08,8883
2352,佳世達,54,11,43,國泰-松江,2024-07-08,8883
2641,正德,43,1,42,國泰-松江,2024-07-08,8883
8085,福華,51,14,37,國泰-松江,2024-07-08,8883
8064,東捷,122,86,36,國泰-松江,2024-07-08,8883
00725B,國泰投資級公司債,36,1,35,國泰-松江,2024-07-08,8883
3062,建漢,90,56,34,國泰-松江,2024-07-08,8883
5490,同亨,35,2,33,國泰-松江,2024-07-08,8883
2543,皇昌,41,8,33,國泰-松江,2024-07-08,8883
3043,科風,31,0,31,國泰-松江,2024-07-08,8883
00857B,永豐20年美公債,42,11,31,國泰-松江,2024-07-08,8883
8935,邦泰,30,0,30,國泰-松江,2024-07-08,8883
00712,復華富時不動產,62,33,29,國泰-松江,2024-07-08,8883
00918,大華優利高填息30,31,3,28,國泰-松江,2024-07-08,8883
2101,南港,30,2,28,國泰-松江,2024-07-08,8883
6190,萬泰科,33,5,28,國泰-松江,2024-07-08,8883
8121,越峰,27,0,27,國泰-松江,2024-07-08,8883
1815,富喬,44,17,27,國泰-松江,2024-07-08,8883
2501,國建,27,0,27,國泰-松江,2024-07-08,8883
1802,台玻,26,0,26,國泰-松江,2024-07-08,8883
3105,穩懋,26,0,26,國泰-松江,2024-07-08,8883
00946,群益科技高息成長,586,82,504,國泰-松江,2024-07-09,8883
9105,泰金寶-DR,445,116,329,國泰-松江,2024-07-09,8883
00680L,元大美債20正2,275,35,240,國泰-松江,2024-07-09,8883
00936,台新永續高息中小,250,15,235,國泰-松江,2024-07-09,8883
00923,群益台ESG低碳50,200,4,196,國泰-松江,2024-07-09,8883
2317,鴻海,353,189,164,國泰-松江,2024-07-09,8883
00934,中信成長高股息,162,2,160,國泰-松江,2024-07-09,8883
3062,建漢,319,169,150,國泰-松江,2024-07-09,8883
00676R,富邦臺灣加權反1,150,0,150,國泰-松江,2024-07-09,8883
0056,元大高股息,148,17,131,國泰-松江,2024-07-09,8883
2312,金寶,312,190,122,國泰-松江,2024-07-09,8883
00927,群益半導體收益,131,11,120,國泰-松江,2024-07-09,8883
00929,復華台灣科技優息,391,275,116,國泰-松江,2024-07-09,8883
4909,新復興,131,18,113,國泰-松江,2024-07-09,8883
2834,臺企銀,167,64,103,國泰-松江,2024-07-09,8883
1307,三芳,97,5,92,國泰-松江,2024-07-09,8883
00942B,台新美A公司債20+,143,58,85,國泰-松江,2024-07-09,8883
2367,燿華,327,243,84,國泰-松江,2024-07-09,8883
00632R,元大台灣50反1,282,201,81,國泰-松江,2024-07-09,8883
3047,訊舟,480,407,73,國泰-松江,2024-07-09,8883
1220,台榮,72,0,72,國泰-松江,2024-07-09,8883
2618,長榮航,93,23,70,國泰-松江,2024-07-09,8883
00725B,國泰投資級公司債,69,1,68,國泰-松江,2024-07-09,8883
2515,中工,107,47,60,國泰-松江,2024-07-09,8883
3481,群創,98,42,56,國泰-松江,2024-07-09,8883
2603,長榮,83,30,53,國泰-松江,2024-07-09,8883
00753L,中信中國50正2,45,0,45,國泰-松江,2024-07-09,8883
2323,中環,45,1,44,國泰-松江,2024-07-09,8883
4109,加捷生醫,45,2,43,國泰-松江,2024-07-09,8883
1905,華紙,43,3,40,國泰-松江,2024-07-09,8883
8105,凌巨,48,8,40,國泰-松江,2024-07-09,8883
1815,富喬,54,15,39,國泰-松江,2024-07-09,8883
3050,鈺德,83,45,38,國泰-松江,2024-07-09,8883
1316,上曜,39,1,38,國泰-松江,2024-07-09,8883
8028,昇陽半導體,51,15,36,國泰-松江,2024-07-09,8883
2890,永豐金,40,4,36,國泰-松江,2024-07-09,8883
2543,皇昌,51,15,36,國泰-松江,2024-07-09,8883
00915,凱基優選高股息30,37,1,36,國泰-松江,2024-07-09,8883
3163,波若威,69,34,35,國泰-松江,2024-07-09,8883
2542,興富發,73,39,34,國泰-松江,2024-07-09,8883
2353,宏��,38,5,33,國泰-松江,2024-07-09,8883
3617,碩天,34,1,33,國泰-松江,2024-07-09,8883
2610,華航,56,23,33,國泰-松江,2024-07-09,8883
2363,矽統,54,23,31,國泰-松江,2024-07-09,8883
3710,連展投控,35,4,31,國泰-松江,2024-07-09,8883
3535,晶彩科,95,65,30,國泰-松江,2024-07-09,8883
00688L,國泰20年美債正2,41,12,29,國泰-松江,2024-07-09,8883
00878,國泰永續高股息,83,55,28,國泰-松江,2024-07-09,8883
3033,威健,28,1,27,國泰-松江,2024-07-09,8883
2330,台積電,44,19,25,國泰-松江,2024-07-09,8883
2374,佳能,231,16,215,國泰-松江,2024-07-10,8883
2888,新光金,793,608,185,國泰-松江,2024-07-10,8883
00927,群益半導體收益,153,0,153,國泰-松江,2024-07-10,8883
2363,矽統,221,83,138,國泰-松江,2024-07-10,8883
00679B,元大美債20年,131,7,124,國泰-松江,2024-07-10,8883
00929,復華台灣科技優息,147,29,118,國泰-松江,2024-07-10,8883
8033,雷虎,102,3,99,國泰-松江,2024-07-10,8883
2634,漢翔,100,1,99,國泰-松江,2024-07-10,8883
9105,泰金寶-DR,112,14,98,國泰-松江,2024-07-10,8883
00713,元大台灣高息低波,89,2,87,國泰-松江,2024-07-10,8883
2637,慧洋-KY,86,0,86,國泰-松江,2024-07-10,8883
2317,鴻海,179,98,81,國泰-松江,2024-07-10,8883
1220,台榮,80,0,80,國泰-松江,2024-07-10,8883
1307,三芳,78,2,76,國泰-松江,2024-07-10,8883
00688L,國泰20年美債正2,76,0,76,國泰-松江,2024-07-10,8883
2392,正崴,180,106,74,國泰-松江,2024-07-10,8883
5876,上海商銀,74,0,74,國泰-松江,2024-07-10,8883
00950B,凱基A級公司債,72,0,72,國泰-松江,2024-07-10,8883
8105,凌巨,88,22,66,國泰-松江,2024-07-10,8883
00934,中信成長高股息,111,52,59,國泰-松江,2024-07-10,8883
00945B,凱基美國非投等債,56,0,56,國泰-松江,2024-07-10,8883
2609,陽明,99,47,52,國泰-松江,2024-07-10,8883
00928,中信上櫃ESG30,51,0,51,國泰-松江,2024-07-10,8883
00642U,期元大S＆P石油,50,0,50,國泰-松江,2024-07-10,8883
2353,宏��,168,121,47,國泰-松江,2024-07-10,8883
2603,長榮,56,9,47,國泰-松江,2024-07-10,8883
00949,復華日本龍頭,43,0,43,國泰-松江,2024-07-10,8883
3576,聯合再生,43,1,42,國泰-松江,2024-07-10,8883
00881,國泰台灣5G+,48,7,41,國泰-松江,2024-07-10,8883
3645,達邁,41,0,41,國泰-松江,2024-07-10,8883
2303,聯電,47,6,41,國泰-松江,2024-07-10,8883
3338,泰碩,41,2,39,國泰-松江,2024-07-10,8883
4904,遠傳,39,1,38,國泰-松江,2024-07-10,8883
4960,誠美材,41,4,37,國泰-松江,2024-07-10,8883
2408,南亞科,42,6,36,國泰-松江,2024-07-10,8883
2330,台積電,45,9,36,國泰-松江,2024-07-10,8883
00946,群益科技高息成長,43,12,31,國泰-松江,2024-07-10,8883
1316,上曜,38,8,30,國泰-松江,2024-07-10,8883
00725B,國泰投資級公司債,31,2,29,國泰-松江,2024-07-10,8883
2615,萬海,78,51,27,國泰-松江,2024-07-10,8883
00933B,國泰10Y+金融債,32,7,25,國泰-松江,2024-07-10,8883
1326,台化,357,332,25,國泰-松江,2024-07-10,8883
1464,得力,23,0,23,國泰-松江,2024-07-10,8883
3211,順達,26,3,23,國泰-松江,2024-07-10,8883
00923,群益台ESG低碳50,24,1,23,國泰-松江,2024-07-10,8883
4533,協易機,27,5,22,國泰-松江,2024-07-10,8883
00935,野村臺灣新科技50,34,12,22,國泰-松江,2024-07-10,8883
3013,晟銘電,90,70,20,國泰-松江,2024-07-10,8883
1454,台富,20,0,20,國泰-松江,2024-07-10,8883
2630,亞航,26,6,20,國泰-松江,2024-07-10,8883
2888,新光金,933,423,510,國泰-松江,2024-07-11,8883
2409,友達,425,54,371,國泰-松江,2024-07-11,8883
2464,盟立,355,107,248,國泰-松江,2024-07-11,8883
2382,廣達,293,44,249,國泰-松江,2024-07-11,8883
3037,欣興,280,60,220,國泰-松江,2024-07-11,8883
1307,三芳,158,0,158,國泰-松江,2024-07-11,8883
00885,富邦越南,190,45,145,國泰-松江,2024-07-11,8883
00725B,國泰投資級公司債,137,8,129,國泰-松江,2024-07-11,8883
00679B,元大美債20年,156,36,120,國泰-松江,2024-07-11,8883
00680L,元大美債20正2,131,21,110,國泰-松江,2024-07-11,8883
00948B,中信優息投資級債,114,10,104,國泰-松江,2024-07-11,8883
00676R,富邦臺灣加權反1,101,0,101,國泰-松江,2024-07-11,8883
00893,國泰智能電動車,112,15,97,國泰-松江,2024-07-11,8883
6806,森崴能源,138,44,94,國泰-松江,2024-07-11,8883
4720,德淵,104,10,94,國泰-松江,2024-07-11,8883
00688L,國泰20年美債正2,96,3,93,國泰-松江,2024-07-11,8883
00687B,國泰20年美債,104,11,93,國泰-松江,2024-07-11,8883
1815,富喬,173,92,81,國泰-松江,2024-07-11,8883
00632R,元大台灣50反1,538,458,80,國泰-松江,2024-07-11,8883
9105,泰金寶-DR,346,268,78,國泰-松江,2024-07-11,8883
00665L,富邦�琤肭磪囓�2,85,9,76,國泰-松江,2024-07-11,8883
00881,國泰台灣5G+,86,20,66,國泰-松江,2024-07-11,8883
00945B,凱基美國非投等債,65,0,65,國泰-松江,2024-07-11,8883
2891,中信金,80,21,59,國泰-松江,2024-07-11,8883
00935,野村臺灣新科技50,59,5,54,國泰-松江,2024-07-11,8883
6869,雲豹能源,57,4,53,國泰-松江,2024-07-11,8883
1513,中興電,167,115,52,國泰-松江,2024-07-11,8883
00715L,期街口布蘭特正2,51,0,51,國泰-松江,2024-07-11,8883
1220,台榮,51,0,51,國泰-松江,2024-07-11,8883
00934,中信成長高股息,75,25,50,國泰-松江,2024-07-11,8883
2609,陽明,75,29,46,國泰-松江,2024-07-11,8883
3163,波若威,157,111,46,國泰-松江,2024-07-11,8883
2603,長榮,50,8,42,國泰-松江,2024-07-11,8883
1314,中石化,39,0,39,國泰-松江,2024-07-11,8883
00950B,凱基A級公司債,37,1,36,國泰-松江,2024-07-11,8883
2537,聯上發,128,94,34,國泰-松江,2024-07-11,8883
3081,聯亞,35,1,34,國泰-松江,2024-07-11,8883
6235,華孚,37,4,33,國泰-松江,2024-07-11,8883
00933B,國泰10Y+金融債,43,10,33,國泰-松江,2024-07-11,8883
2362,藍天,46,14,32,國泰-松江,2024-07-11,8883
3715,定穎投控,44,14,30,國泰-松江,2024-07-11,8883
3058,立德,30,0,30,國泰-松江,2024-07-11,8883
2520,冠德,49,20,29,國泰-松江,2024-07-11,8883
3363,上詮,95,66,29,國泰-松江,2024-07-11,8883
00895,富邦未來車,32,4,28,國泰-松江,2024-07-11,8883
2886,兆豐金,31,4,27,國泰-松江,2024-07-11,8883
00882,中信中國高股息,43,16,27,國泰-松江,2024-07-11,8883
4908,前鼎,32,6,26,國泰-松江,2024-07-11,8883
4714,永捷,33,7,26,國泰-松江,2024-07-11,8883
9902,台火,25,1,24,國泰-松江,2024-07-11,8883
00680L,元大美債20正2,5505,339,5166,國泰-松江,2024-07-12,8883
00937B,群益ESG投等債20,970,289,681,國泰-松江,2024-07-12,8883
00929,復華台灣科技優息,634,89,545,國泰-松江,2024-07-12,8883
00934,中信成長高股息,464,9,455,國泰-松江,2024-07-12,8883
00688L,國泰20年美債正2,339,61,278,國泰-松江,2024-07-12,8883
00919,群益台灣精選高息,327,98,229,國泰-松江,2024-07-12,8883
2317,鴻海,374,159,215,國泰-松江,2024-07-12,8883
00945B,凱基美國非投等債,189,10,179,國泰-松江,2024-07-12,8883
00881,國泰台灣5G+,193,38,155,國泰-松江,2024-07-12,8883
00927,群益半導體收益,118,3,115,國泰-松江,2024-07-12,8883
00706L,期元大S＆P日圓正2,117,7,110,國泰-松江,2024-07-12,8883
4109,加捷生醫,140,35,105,國泰-松江,2024-07-12,8883
00878,國泰永續高股息,127,36,91,國泰-松江,2024-07-12,8883
2303,聯電,103,14,89,國泰-松江,2024-07-12,8883
00931B,統一美債20年,110,31,79,國泰-松江,2024-07-12,8883
2330,台積電,102,25,77,國泰-松江,2024-07-12,8883
2542,興富發,81,5,76,國泰-松江,2024-07-12,8883
00891,中信關鍵半導體,70,2,68,國泰-松江,2024-07-12,8883
2404,漢唐,68,1,67,國泰-松江,2024-07-12,8883
0050,元大台灣50,77,10,67,國泰-松江,2024-07-12,8883
00713,元大台灣高息低波,68,3,65,國泰-松江,2024-07-12,8883
2312,金寶,244,181,63,國泰-松江,2024-07-12,8883
2409,友達,215,156,59,國泰-松江,2024-07-12,8883
6411,晶焱,68,10,58,國泰-松江,2024-07-12,8883
9945,潤泰新,106,51,55,國泰-松江,2024-07-12,8883
2603,長榮,64,10,54,國泰-松江,2024-07-12,8883
0056,元大高股息,67,13,54,國泰-松江,2024-07-12,8883
3706,神達,82,30,52,國泰-松江,2024-07-12,8883
2481,強茂,123,72,51,國泰-松江,2024-07-12,8883
00935,野村臺灣新科技50,53,2,51,國泰-松江,2024-07-12,8883
00753L,中信中國50正2,50,0,50,國泰-松江,2024-07-12,8883
3710,連展投控,53,4,49,國泰-松江,2024-07-12,8883
2610,華航,56,8,48,國泰-松江,2024-07-12,8883
4414,如興,64,16,48,國泰-松江,2024-07-12,8883
00946,群益科技高息成長,109,63,46,國泰-松江,2024-07-12,8883
5202,力新,50,5,45,國泰-松江,2024-07-12,8883
3094,聯傑,46,2,44,國泰-松江,2024-07-12,8883
1316,上曜,83,39,44,國泰-松江,2024-07-12,8883
2891,中信金,53,11,42,國泰-松江,2024-07-12,8883
00947,台新臺灣IC設計,43,3,40,國泰-松江,2024-07-12,8883
6219,富旺,37,0,37,國泰-松江,2024-07-12,8883
00948B,中信優息投資級債,36,0,36,國泰-松江,2024-07-12,8883
00631L,元大台灣50正2,45,9,36,國泰-松江,2024-07-12,8883
2883,凱基金,54,20,34,國泰-松江,2024-07-12,8883
2892,第一金,39,5,34,國泰-松江,2024-07-12,8883
2365,昆盈,239,206,33,國泰-松江,2024-07-12,8883
006208,富邦台50,56,23,33,國泰-松江,2024-07-12,8883
00950B,凱基A級公司債,32,0,32,國泰-松江,2024-07-12,8883
00725B,國泰投資級公司債,33,1,32,國泰-松江,2024-07-12,8883
00687B,國泰20年美債,89,57,32,國泰-松江,2024-07-12,8883
2891,中信金,638,27,611,國泰-松江,2024-07-15,8883
2882,國泰金,449,26,423,國泰-松江,2024-07-15,8883
00687B,國泰20年美債,260,25,235,國泰-松江,2024-07-15,8883
00937B,群益ESG投等債20,471,248,223,國泰-松江,2024-07-15,8883
3022,威強電,311,97,214,國泰-松江,2024-07-15,8883
00946,群益科技高息成長,198,10,188,國泰-松江,2024-07-15,8883
3535,晶彩科,433,273,160,國泰-松江,2024-07-15,8883
00933B,國泰10Y+金融債,145,11,134,國泰-松江,2024-07-15,8883
2834,臺企銀,113,2,111,國泰-松江,2024-07-15,8883
2888,新光金,1199,1100,99,國泰-松江,2024-07-15,8883
0056,元大高股息,96,10,86,國泰-松江,2024-07-15,8883
2312,金寶,276,191,85,國泰-松江,2024-07-15,8883
2883,凱基金,135,60,75,國泰-松江,2024-07-15,8883
00919,群益台灣精選高息,176,105,71,國泰-松江,2024-07-15,8883
00725B,國泰投資級公司債,73,3,70,國泰-松江,2024-07-15,8883
9105,泰金寶-DR,91,22,69,國泰-松江,2024-07-15,8883
00929,復華台灣科技優息,164,96,68,國泰-松江,2024-07-15,8883
00936,台新永續高息中小,75,8,67,國泰-松江,2024-07-15,8883
00949,復華日本龍頭,70,10,60,國泰-松江,2024-07-15,8883
2610,華航,68,11,57,國泰-松江,2024-07-15,8883
2903,遠百,57,2,55,國泰-松江,2024-07-15,8883
9945,潤泰新,86,34,52,國泰-松江,2024-07-15,8883
00945B,凱基美國非投等債,68,16,52,國泰-松江,2024-07-15,8883
6026,福邦證,55,9,46,國泰-松江,2024-07-15,8883
2542,興富發,61,17,44,國泰-松江,2024-07-15,8883
00720B,元大投資級公司債,50,7,43,國泰-松江,2024-07-15,8883
2481,強茂,45,3,42,國泰-松江,2024-07-15,8883
3346,麗清,42,0,42,國泰-松江,2024-07-15,8883
00662,富邦NASDAQ,40,0,40,國泰-松江,2024-07-15,8883
2609,陽明,99,61,38,國泰-松江,2024-07-15,8883
6603,富強鑫,38,0,38,國泰-松江,2024-07-15,8883
1309,台達化,40,2,38,國泰-松江,2024-07-15,8883
6208,日揚,35,0,35,國泰-松江,2024-07-15,8883
00881,國泰台灣5G+,50,17,33,國泰-松江,2024-07-15,8883
2317,鴻海,127,95,32,國泰-松江,2024-07-15,8883
4533,協易機,54,24,30,國泰-松江,2024-07-15,8883
8105,凌巨,39,9,30,國泰-松江,2024-07-15,8883
2399,映泰,85,56,29,國泰-松江,2024-07-15,8883
1314,中石化,30,1,29,國泰-松江,2024-07-15,8883
3260,威剛,41,13,28,國泰-松江,2024-07-15,8883
6116,彩晶,29,1,28,國泰-松江,2024-07-15,8883
6770,力積電,39,12,27,國泰-松江,2024-07-15,8883
2324,仁寶,29,2,27,國泰-松江,2024-07-15,8883
2362,藍天,29,4,25,國泰-松江,2024-07-15,8883
2376,技嘉,25,1,24,國泰-松江,2024-07-15,8883
00757,統一FANG+,23,1,22,國泰-松江,2024-07-15,8883
8064,東捷,145,123,22,國泰-松江,2024-07-15,8883
4164,承業醫,21,1,20,國泰-松江,2024-07-15,8883
4173,久裕,20,0,20,國泰-松江,2024-07-15,8883
1101,台泥,35,15,20,國泰-松江,2024-07-15,8883
00937B,群益ESG投等債20,838,31,807,國泰-松江,2024-07-16,8883
00919,群益台灣精選高息,357,124,233,國泰-松江,2024-07-16,8883
0056,元大高股息,252,23,229,國泰-松江,2024-07-16,8883
00934,中信成長高股息,171,0,171,國泰-松江,2024-07-16,8883
2609,陽明,148,21,127,國泰-松江,2024-07-16,8883
2610,華航,146,22,124,國泰-松江,2024-07-16,8883
9946,三發地產,110,0,110,國泰-松江,2024-07-16,8883
2617,台航,100,0,100,國泰-松江,2024-07-16,8883
2888,新光金,1031,935,96,國泰-松江,2024-07-16,8883
1303,南亞,88,2,86,國泰-松江,2024-07-16,8883
2891,中信金,89,5,84,國泰-松江,2024-07-16,8883
2317,鴻海,139,63,76,國泰-松江,2024-07-16,8883
00740B,富邦全球投等債,60,0,60,國泰-松江,2024-07-16,8883
00878,國泰永續高股息,76,22,54,國泰-松江,2024-07-16,8883
2481,強茂,89,36,53,國泰-松江,2024-07-16,8883
00720B,元大投資級公司債,54,2,52,國泰-松江,2024-07-16,8883
00945B,凱基美國非投等債,52,0,52,國泰-松江,2024-07-16,8883
00929,復華台灣科技優息,123,72,51,國泰-松江,2024-07-16,8883
00632R,元大台灣50反1,356,305,51,國泰-松江,2024-07-16,8883
5531,鄉林,50,0,50,國泰-松江,2024-07-16,8883
00933B,國泰10Y+金融債,69,20,49,國泰-松江,2024-07-16,8883
00905,FT臺灣Smart,49,0,49,國泰-松江,2024-07-16,8883
3338,泰碩,63,15,48,國泰-松江,2024-07-16,8883
00881,國泰台灣5G+,50,5,45,國泰-松江,2024-07-16,8883
00949,復華日本龍頭,42,0,42,國泰-松江,2024-07-16,8883
00719B,元大美債1-3,39,0,39,國泰-松江,2024-07-16,8883
2356,英業達,58,21,37,國泰-松江,2024-07-16,8883
00882,中信中國高股息,47,10,37,國泰-松江,2024-07-16,8883
4956,光鋐,108,74,34,國泰-松江,2024-07-16,8883
5443,均豪,52,19,33,國泰-松江,2024-07-16,8883
00936,台新永續高息中小,31,0,31,國泰-松江,2024-07-16,8883
2331,精英,30,0,30,國泰-松江,2024-07-16,8883
2489,瑞軒,55,28,27,國泰-松江,2024-07-16,8883
2449,京元電子,57,29,28,國泰-松江,2024-07-16,8883
006208,富邦台50,29,3,26,國泰-松江,2024-07-16,8883
2367,燿華,27,3,24,國泰-松江,2024-07-16,8883
8215,明基材,24,0,24,國泰-松江,2024-07-16,8883
3030,德律,22,1,21,國泰-松江,2024-07-16,8883
5009,榮剛,40,19,21,國泰-松江,2024-07-16,8883
2405,輔信,41,21,20,國泰-松江,2024-07-16,8883
3189,景碩,36,16,20,國泰-松江,2024-07-16,8883
1785,光洋科,43,24,19,國泰-松江,2024-07-16,8883
2603,長榮,21,2,19,國泰-松江,2024-07-16,8883
2884,玉山金,23,4,19,國泰-松江,2024-07-16,8883
2371,大同,25,7,18,國泰-松江,2024-07-16,8883
2323,中環,31,13,18,國泰-松江,2024-07-16,8883
1409,新纖,20,2,18,國泰-松江,2024-07-16,8883
00646,元大S＆P500,20,2,18,國泰-松江,2024-07-16,8883
00725B,國泰投資級公司債,38,21,17,國泰-松江,2024-07-16,8883
8021,尖點,18,1,17,國泰-松江,2024-07-16,8883
00929,復華台灣科技優息,592,39,553,國泰-松江,2024-07-17,8883
00680L,元大美債20正2,729,197,532,國泰-松江,2024-07-17,8883
00937B,群益ESG投等債20,559,68,491,國泰-松江,2024-07-17,8883
00688L,國泰20年美債正2,477,198,279,國泰-松江,2024-07-17,8883
00919,群益台灣精選高息,280,30,250,國泰-松江,2024-07-17,8883
00948B,中信優息投資級債,204,0,204,國泰-松江,2024-07-17,8883
00931B,統一美債20年,217,16,201,國泰-松江,2024-07-17,8883
2882,國泰金,299,129,170,國泰-松江,2024-07-17,8883
00936,台新永續高息中小,171,7,164,國泰-松江,2024-07-17,8883
1609,大亞,243,108,135,國泰-松江,2024-07-17,8883
1409,新纖,169,36,133,國泰-松江,2024-07-17,8883
0050,元大台灣50,135,5,130,國泰-松江,2024-07-17,8883
2609,陽明,144,34,110,國泰-松江,2024-07-17,8883
0056,元大高股息,104,12,92,國泰-松江,2024-07-17,8883
2489,瑞軒,124,37,87,國泰-松江,2024-07-17,8883
00946,群益科技高息成長,77,0,77,國泰-松江,2024-07-17,8883
6770,力積電,100,24,76,國泰-松江,2024-07-17,8883
4414,如興,76,0,76,國泰-松江,2024-07-17,8883
00927,群益半導體收益,67,4,63,國泰-松江,2024-07-17,8883
5512,力麒,87,25,62,國泰-松江,2024-07-17,8883
2323,中環,62,1,61,國泰-松江,2024-07-17,8883
2330,台積電,78,19,59,國泰-松江,2024-07-17,8883
3231,緯創,127,73,54,國泰-松江,2024-07-17,8883
00947,台新臺灣IC設計,55,1,54,國泰-松江,2024-07-17,8883
00905,FT臺灣Smart,49,0,49,國泰-松江,2024-07-17,8883
2603,長榮,65,17,48,國泰-松江,2024-07-17,8883
00949,復華日本龍頭,50,3,47,國泰-松江,2024-07-17,8883
006208,富邦台50,47,1,46,國泰-松江,2024-07-17,8883
00878,國泰永續高股息,95,51,44,國泰-松江,2024-07-17,8883
2312,金寶,174,132,42,國泰-松江,2024-07-17,8883
2537,聯上發,128,87,41,國泰-松江,2024-07-17,8883
00719B,元大美債1-3,36,0,36,國泰-松江,2024-07-17,8883
2382,廣達,45,11,34,國泰-松江,2024-07-17,8883
00881,國泰台灣5G+,39,5,34,國泰-松江,2024-07-17,8883
00934,中信成長高股息,48,14,34,國泰-松江,2024-07-17,8883
00882,中信中國高股息,34,0,34,國泰-松江,2024-07-17,8883
2891,中信金,46,13,33,國泰-松江,2024-07-17,8883
3707,漢磊,40,9,31,國泰-松江,2024-07-17,8883
2618,長榮航,44,14,30,國泰-松江,2024-07-17,8883
2102,泰豐,30,0,30,國泰-松江,2024-07-17,8883
2486,一詮,31,2,29,國泰-松江,2024-07-17,8883
00631L,元大台灣50正2,33,5,28,國泰-松江,2024-07-17,8883
00757,統一FANG+,29,2,27,國泰-松江,2024-07-17,8883
00942B,台新美A公司債20+,26,0,26,國泰-松江,2024-07-17,8883
2453,凌群,27,1,26,國泰-松江,2024-07-17,8883
00885,富邦越南,26,1,25,國泰-松江,2024-07-17,8883
2538,基泰,34,10,24,國泰-松江,2024-07-17,8883
3219,倚強科,24,0,24,國泰-松江,2024-07-17,8883
3706,神達,50,26,24,國泰-松江,2024-07-17,8883
2376,技嘉,33,9,24,國泰-松江,2024-07-17,8883
00937B,群益ESG投等債20,781,121,660,國泰-松江,2024-07-18,8883
00929,復華台灣科技優息,656,45,611,國泰-松江,2024-07-18,8883
00878,國泰永續高股息,491,98,393,國泰-松江,2024-07-18,8883
00679B,元大美債20年,399,60,339,國泰-松江,2024-07-18,8883
00946,群益科技高息成長,295,17,278,國泰-松江,2024-07-18,8883
2888,新光金,354,81,273,國泰-松江,2024-07-18,8883
00919,群益台灣精選高息,386,130,256,國泰-松江,2024-07-18,8883
00936,台新永續高息中小,295,53,242,國泰-松江,2024-07-18,8883
00927,群益半導體收益,229,35,194,國泰-松江,2024-07-18,8883
2882,國泰金,205,43,162,國泰-松江,2024-07-18,8883
2317,鴻海,266,115,151,國泰-松江,2024-07-18,8883
00680L,元大美債20正2,164,27,137,國泰-松江,2024-07-18,8883
2330,台積電,155,36,119,國泰-松江,2024-07-18,8883
2834,臺企銀,615,510,105,國泰-松江,2024-07-18,8883
3481,群創,234,143,91,國泰-松江,2024-07-18,8883
00947,台新臺灣IC設計,87,2,85,國泰-松江,2024-07-18,8883
006208,富邦台50,95,15,80,國泰-松江,2024-07-18,8883
3163,波若威,173,97,76,國泰-松江,2024-07-18,8883
2609,陽明,88,13,75,國泰-松江,2024-07-18,8883
00934,中信成長高股息,78,8,70,國泰-松江,2024-07-18,8883
2356,英業達,74,5,69,國泰-松江,2024-07-18,8883
00918,大華優利高填息30,72,11,61,國泰-松江,2024-07-18,8883
00715L,期街口布蘭特正2,60,0,60,國泰-松江,2024-07-18,8883
2382,廣達,76,18,58,國泰-松江,2024-07-18,8883
00830,國泰費城半導體,59,1,58,國泰-松江,2024-07-18,8883
00933B,國泰10Y+金融債,65,10,55,國泰-松江,2024-07-18,8883
2409,友達,51,0,51,國泰-松江,2024-07-18,8883
2881,富邦金,56,6,50,國泰-松江,2024-07-18,8883
1314,中石化,49,6,43,國泰-松江,2024-07-18,8883
2891,中信金,53,12,41,國泰-松江,2024-07-18,8883
3189,景碩,69,30,39,國泰-松江,2024-07-18,8883
00891,中信關鍵半導體,48,10,38,國泰-松江,2024-07-18,8883
2002,中鋼,48,11,37,國泰-松江,2024-07-18,8883
00719B,元大美債1-3,48,11,37,國泰-松江,2024-07-18,8883
2634,漢翔,55,19,36,國泰-松江,2024-07-18,8883
00881,國泰台灣5G+,62,27,35,國泰-松江,2024-07-18,8883
4958,臻鼎-KY,50,15,35,國泰-松江,2024-07-18,8883
2543,皇昌,43,8,35,國泰-松江,2024-07-18,8883
2365,昆盈,348,313,35,國泰-松江,2024-07-18,8883
00948B,中信優息投資級債,54,20,34,國泰-松江,2024-07-18,8883
1402,遠東新,34,3,31,國泰-松江,2024-07-18,8883
6188,廣明,31,0,31,國泰-松江,2024-07-18,8883
2520,冠德,153,122,31,國泰-松江,2024-07-18,8883
2323,中環,30,0,30,國泰-松江,2024-07-18,8883
00725B,國泰投資級公司債,30,0,30,國泰-松江,2024-07-18,8883
00631L,元大台灣50正2,52,23,29,國泰-松江,2024-07-18,8883
00941,中信上游半導體,37,9,28,國泰-松江,2024-07-18,8883
2454,聯發科,46,19,27,國泰-松江,2024-07-18,8883
3711,日月光投控,53,26,27,國泰-松江,2024-07-18,8883
00905,FT臺灣Smart,26,0,26,國泰-松江,2024-07-18,8883
00929,復華台灣科技優息,872,69,803,國泰-松江,2024-07-19,8883
2882,國泰金,850,98,752,國泰-松江,2024-07-19,8883
00919,群益台灣精選高息,630,79,551,國泰-松江,2024-07-19,8883
00753L,中信中國50正2,451,0,451,國泰-松江,2024-07-19,8883
00937B,群益ESG投等債20,998,587,411,國泰-松江,2024-07-19,8883
00878,國泰永續高股息,341,125,216,國泰-松江,2024-07-19,8883
00713,元大台灣高息低波,195,6,189,國泰-松江,2024-07-19,8883
2610,華航,185,8,177,國泰-松江,2024-07-19,8883
0056,元大高股息,189,40,149,國泰-松江,2024-07-19,8883
2330,台積電,224,87,137,國泰-松江,2024-07-19,8883
00664R,國泰臺灣加權反1,106,0,106,國泰-松江,2024-07-19,8883
00940,元大台灣價值高息,307,208,99,國泰-松江,2024-07-19,8883
2609,陽明,136,40,96,國泰-松江,2024-07-19,8883
2371,大同,94,5,89,國泰-松江,2024-07-19,8883
00946,群益科技高息成長,125,40,85,國泰-松江,2024-07-19,8883
00650L,復華香港正2,83,0,83,國泰-松江,2024-07-19,8883
1409,新纖,91,12,79,國泰-松江,2024-07-19,8883
00934,中信成長高股息,83,5,78,國泰-松江,2024-07-19,8883
5876,上海商銀,66,0,66,國泰-松江,2024-07-19,8883
2891,中信金,83,17,66,國泰-松江,2024-07-19,8883
2402,毅嘉,96,33,63,國泰-松江,2024-07-19,8883
5009,榮剛,99,39,60,國泰-松江,2024-07-19,8883
00881,國泰台灣5G+,73,15,58,國泰-松江,2024-07-19,8883
4306,炎洲,59,0,59,國泰-松江,2024-07-19,8883
00911,兆豐洲際半導體,58,1,57,國泰-松江,2024-07-19,8883
3052,夆典,57,1,56,國泰-松江,2024-07-19,8883
00905,FT臺灣Smart,52,0,52,國泰-松江,2024-07-19,8883
00942B,台新美A公司債20+,45,0,45,國泰-松江,2024-07-19,8883
00936,台新永續高息中小,119,77,42,國泰-松江,2024-07-19,8883
00719B,元大美債1-3,42,0,42,國泰-松江,2024-07-19,8883
2365,昆盈,328,288,40,國泰-松江,2024-07-19,8883
00927,群益半導體收益,41,2,39,國泰-松江,2024-07-19,8883
2603,長榮,48,10,38,國泰-松江,2024-07-19,8883
2065,世豐,37,0,37,國泰-松江,2024-07-19,8883
5263,智崴,37,1,36,國泰-松江,2024-07-19,8883
006208,富邦台50,56,20,36,國泰-松江,2024-07-19,8883
2324,仁寶,45,11,34,國泰-松江,2024-07-19,8883
2634,漢翔,34,1,33,國泰-松江,2024-07-19,8883
00933B,國泰10Y+金融債,55,22,33,國泰-松江,2024-07-19,8883
2883,凱基金,63,31,32,國泰-松江,2024-07-19,8883
3380,明泰,43,11,32,國泰-松江,2024-07-19,8883
2408,南亞科,43,11,32,國泰-松江,2024-07-19,8883
4303,信立,61,30,31,國泰-松江,2024-07-19,8883
00631L,元大台灣50正2,45,15,30,國泰-松江,2024-07-19,8883
0050,元大台灣50,70,40,30,國泰-松江,2024-07-19,8883
3055,蔚華科,30,0,30,國泰-松江,2024-07-19,8883
1785,光洋科,50,22,28,國泰-松江,2024-07-19,8883
2349,錸德,29,1,28,國泰-松江,2024-07-19,8883
2897,王道銀行,28,0,28,國泰-松江,2024-07-19,8883
3231,緯創,65,37,28,國泰-松江,2024-07-19,8883
00929,復華台灣科技優息,1038,320,718,國泰-松江,2024-07-22,8883
00688L,國泰20年美債正2,459,9,450,國泰-松江,2024-07-22,8883
00919,群益台灣精選高息,657,217,440,國泰-松江,2024-07-22,8883
2882,國泰金,270,50,220,國泰-松江,2024-07-22,8883
2317,鴻海,551,339,212,國泰-松江,2024-07-22,8883
3481,群創,368,183,185,國泰-松江,2024-07-22,8883
4128,中天,139,21,118,國泰-松江,2024-07-22,8883
00934,中信成長高股息,149,35,114,國泰-松江,2024-07-22,8883
2603,長榮,150,39,111,國泰-松江,2024-07-22,8883
00878,國泰永續高股息,321,230,91,國泰-松江,2024-07-22,8883
00947,台新臺灣IC設計,66,0,66,國泰-松江,2024-07-22,8883
00936,台新永續高息中小,108,47,61,國泰-松江,2024-07-22,8883
2609,陽明,117,55,62,國泰-松江,2024-07-22,8883
8105,凌巨,64,3,61,國泰-松江,2024-07-22,8883
00664R,國泰臺灣加權反1,100,40,60,國泰-松江,2024-07-22,8883
0056,元大高股息,129,72,57,國泰-松江,2024-07-22,8883
4720,德淵,59,3,56,國泰-松江,2024-07-22,8883
4414,如興,66,12,54,國泰-松江,2024-07-22,8883
2867,三商壽,62,12,50,國泰-松江,2024-07-22,8883
00948B,中信優息投資級債,60,12,48,國泰-松江,2024-07-22,8883
6116,彩晶,48,0,48,國泰-松江,2024-07-22,8883
6026,福邦證,48,1,47,國泰-松江,2024-07-22,8883
3711,日月光投控,48,2,46,國泰-松江,2024-07-22,8883
00631L,元大台灣50正2,92,46,46,國泰-松江,2024-07-22,8883
6117,迎廣,51,6,45,國泰-松江,2024-07-22,8883
00706L,期元大S＆P日圓正2,52,8,44,國泰-松江,2024-07-22,8883
1709,和益,54,11,43,國泰-松江,2024-07-22,8883
4960,誠美材,43,0,43,國泰-松江,2024-07-22,8883
00933B,國泰10Y+金融債,47,8,39,國泰-松江,2024-07-22,8883
6125,廣運,90,54,36,國泰-松江,2024-07-22,8883
2419,仲琦,37,1,36,國泰-松江,2024-07-22,8883
2886,兆豐金,45,10,35,國泰-松江,2024-07-22,8883
8473,山林水,117,84,33,國泰-松江,2024-07-22,8883
2888,新光金,307,275,32,國泰-松江,2024-07-22,8883
00753L,中信中國50正2,30,0,30,國泰-松江,2024-07-22,8883
006208,富邦台50,84,56,28,國泰-松江,2024-07-22,8883
9934,成霖,29,1,28,國泰-松江,2024-07-22,8883
00927,群益半導體收益,47,19,28,國泰-松江,2024-07-22,8883
3576,聯合再生,34,6,28,國泰-松江,2024-07-22,8883
2371,大同,30,3,27,國泰-松江,2024-07-22,8883
6005,群益證,33,6,27,國泰-松江,2024-07-22,8883
9103,美德醫療-DR,27,0,27,國泰-松江,2024-07-22,8883
00905,FT臺灣Smart,26,0,26,國泰-松江,2024-07-22,8883
3006,晶豪科,27,2,25,國泰-松江,2024-07-22,8883
1305,華夏,25,0,25,國泰-松江,2024-07-22,8883
00719B,元大美債1-3,25,0,25,國泰-松江,2024-07-22,8883
2534,宏盛,28,4,24,國泰-松江,2024-07-22,8883
3583,辛耘,36,13,23,國泰-松江,2024-07-22,8883
6873,泓德能源,23,0,23,國泰-松江,2024-07-22,8883
00713,元大台灣高息低波,54,32,22,國泰-松江,2024-07-22,8883
00919,群益台灣精選高息,606,48,558,國泰-松江,2024-07-23,8883
00929,復華台灣科技優息,376,23,353,國泰-松江,2024-07-23,8883
00937B,群益ESG投等債20,284,5,279,國泰-松江,2024-07-23,8883
1304,台聚,222,0,222,國泰-松江,2024-07-23,8883
2303,聯電,231,22,209,國泰-松江,2024-07-23,8883
2615,萬海,274,74,200,國泰-松江,2024-07-23,8883
2885,元大金,200,19,181,國泰-松江,2024-07-23,8883
3481,群創,455,282,173,國泰-松江,2024-07-23,8883
00687B,國泰20年美債,197,37,160,國泰-松江,2024-07-23,8883
00688L,國泰20年美債正2,143,2,141,國泰-松江,2024-07-23,8883
0056,元大高股息,165,67,98,國泰-松江,2024-07-23,8883
00948B,中信優息投資級債,103,10,93,國泰-松江,2024-07-23,8883
2888,新光金,174,81,93,國泰-松江,2024-07-23,8883
00946,群益科技高息成長,102,9,93,國泰-松江,2024-07-23,8883
2308,台達電,98,6,92,國泰-松江,2024-07-23,8883
2609,陽明,153,73,80,國泰-松江,2024-07-23,8883
00934,中信成長高股息,66,1,65,國泰-松江,2024-07-23,8883
00720B,元大投資級公司債,64,1,63,國泰-松江,2024-07-23,8883
00676R,富邦臺灣加權反1,60,0,60,國泰-松江,2024-07-23,8883
4414,如興,58,0,58,國泰-松江,2024-07-23,8883
5443,均豪,86,30,56,國泰-松江,2024-07-23,8883
4109,加捷生醫,55,4,51,國泰-松江,2024-07-23,8883
4960,誠美材,60,10,50,國泰-松江,2024-07-23,8883
00881,國泰台灣5G+,59,18,41,國泰-松江,2024-07-23,8883
2455,全新,42,1,41,國泰-松江,2024-07-23,8883
3037,欣興,85,46,39,國泰-松江,2024-07-23,8883
6869,雲豹能源,46,8,38,國泰-松江,2024-07-23,8883
1709,和益,43,5,38,國泰-松江,2024-07-23,8883
00918,大華優利高填息30,39,1,38,國泰-松江,2024-07-23,8883
1301,台塑,40,3,37,國泰-松江,2024-07-23,8883
5309,系統電,50,13,37,國泰-松江,2024-07-23,8883
2409,友達,41,5,36,國泰-松江,2024-07-23,8883
2408,南亞科,51,16,35,國泰-松江,2024-07-23,8883
00927,群益半導體收益,41,6,35,國泰-松江,2024-07-23,8883
3013,晟銘電,83,49,34,國泰-松江,2024-07-23,8883
2603,長榮,48,18,30,國泰-松江,2024-07-23,8883
006208,富邦台50,66,35,31,國泰-松江,2024-07-23,8883
6116,彩晶,31,0,31,國泰-松江,2024-07-23,8883
6219,富旺,30,0,30,國泰-松江,2024-07-23,8883
5607,遠雄港,30,0,30,國泰-松江,2024-07-23,8883
6176,瑞儀,30,0,30,國泰-松江,2024-07-23,8883
2867,三商壽,28,0,28,國泰-松江,2024-07-23,8883
00933B,國泰10Y+金融債,52,24,28,國泰-松江,2024-07-23,8883
2312,金寶,43,15,28,國泰-松江,2024-07-23,8883
2812,台中銀,28,1,27,國泰-松江,2024-07-23,8883
2382,廣達,36,10,26,國泰-松江,2024-07-23,8883
00940,元大台灣價值高息,91,65,26,國泰-松江,2024-07-23,8883
4979,華星光,26,1,25,國泰-松江,2024-07-23,8883
2353,宏��,44,19,25,國泰-松江,2024-07-23,8883
00885,富邦越南,30,6,24,國泰-松江,2024-07-23,8883
00929,復華台灣科技優息,865,98,767,國泰-松江,2024-07-26,8883
00751B,元大AAA至A公司債,607,0,607,國泰-松江,2024-07-26,8883
00919,群益台灣精選高息,440,68,372,國泰-松江,2024-07-26,8883
00878,國泰永續高股息,307,77,230,國泰-松江,2024-07-26,8883
00937B,群益ESG投等債20,372,181,191,國泰-松江,2024-07-26,8883
2330,台積電,221,32,189,國泰-松江,2024-07-26,8883
3711,日月光投控,172,3,169,國泰-松江,2024-07-26,8883
2884,玉山金,177,15,162,國泰-松江,2024-07-26,8883
00940,元大台灣價值高息,202,46,156,國泰-松江,2024-07-26,8883
4720,德淵,143,0,143,國泰-松江,2024-07-26,8883
00688L,國泰20年美債正2,160,24,136,國泰-松江,2024-07-26,8883
00946,群益科技高息成長,122,12,110,國泰-松江,2024-07-26,8883
00933B,國泰10Y+金融債,122,14,108,國泰-松江,2024-07-26,8883
9946,三發地產,110,4,106,國泰-松江,2024-07-26,8883
2317,鴻海,181,76,105,國泰-松江,2024-07-26,8883
00680L,元大美債20正2,118,16,102,國泰-松江,2024-07-26,8883
2888,新光金,367,267,100,國泰-松江,2024-07-26,8883
2618,長榮航,112,16,96,國泰-松江,2024-07-26,8883
00687B,國泰20年美債,162,74,88,國泰-松江,2024-07-26,8883
00720B,元大投資級公司債,83,1,82,國泰-松江,2024-07-26,8883
00945B,凱基美國非投等債,77,0,77,國泰-松江,2024-07-26,8883
00948B,中信優息投資級債,76,0,76,國泰-松江,2024-07-26,8883
006208,富邦台50,90,20,70,國泰-松江,2024-07-26,8883
5009,榮剛,60,0,60,國泰-松江,2024-07-26,8883
0050,元大台灣50,86,27,59,國泰-松江,2024-07-26,8883
00881,國泰台灣5G+,65,6,59,國泰-松江,2024-07-26,8883
00725B,國泰投資級公司債,54,1,53,國泰-松江,2024-07-26,8883
00905,FT臺灣Smart,51,0,51,國泰-松江,2024-07-26,8883
3294,英濟,48,0,48,國泰-松江,2024-07-26,8883
00713,元大台灣高息低波,56,10,46,國泰-松江,2024-07-26,8883
2303,聯電,59,13,46,國泰-松江,2024-07-26,8883
00631L,元大台灣50正2,66,21,45,國泰-松江,2024-07-26,8883
2382,廣達,51,9,42,國泰-松江,2024-07-26,8883
00675L,富邦臺灣加權正2,46,4,42,國泰-松江,2024-07-26,8883
6509,聚和,40,0,40,國泰-松江,2024-07-26,8883
00942B,台新美A公司債20+,40,0,40,國泰-松江,2024-07-26,8883
00923,群益台ESG低碳50,37,0,37,國泰-松江,2024-07-26,8883
2344,華邦電,46,10,36,國泰-松江,2024-07-26,8883
2540,愛山林,38,3,35,國泰-松江,2024-07-26,8883
2897,王道銀行,35,0,35,國泰-松江,2024-07-26,8883
00941,中信上游半導體,43,8,35,國泰-松江,2024-07-26,8883
2609,陽明,71,38,33,國泰-松江,2024-07-26,8883
00934,中信成長高股息,37,4,33,國泰-松江,2024-07-26,8883
2356,英業達,46,13,33,國泰-松江,2024-07-26,8883
4909,新復興,31,3,28,國泰-松江,2024-07-26,8883
3022,威強電,28,2,26,國泰-松江,2024-07-26,8883
00949,復華日本龍頭,27,1,26,國泰-松江,2024-07-26,8883
00944,野村趨勢動能高息,27,1,26,國泰-松江,2024-07-26,8883
00650L,復華香港正2,47,21,26,國泰-松江,2024-07-26,8883
2352,佳世達,35,10,25,國泰-松江,2024-07-26,8883
00929,復華台灣科技優息,980,43,937,國泰-松江,2024-07-29,8883
6005,群益證,360,3,357,國泰-松江,2024-07-29,8883
00919,群益台灣精選高息,367,27,340,國泰-松江,2024-07-29,8883
00942B,台新美A公司債20+,263,2,261,國泰-松江,2024-07-29,8883
00632R,元大台灣50反1,258,17,241,國泰-松江,2024-07-29,8883
00878,國泰永續高股息,273,38,235,國泰-松江,2024-07-29,8883
00687B,國泰20年美債,262,59,203,國泰-松江,2024-07-29,8883
00945B,凱基美國非投等債,155,0,155,國泰-松江,2024-07-29,8883
0056,元大高股息,192,55,137,國泰-松江,2024-07-29,8883
00753L,中信中國50正2,102,1,101,國泰-松江,2024-07-29,8883
00940,元大台灣價值高息,139,46,93,國泰-松江,2024-07-29,8883
5009,榮剛,147,62,85,國泰-松江,2024-07-29,8883
3481,群創,138,59,79,國泰-松江,2024-07-29,8883
3711,日月光投控,94,16,78,國泰-松江,2024-07-29,8883
00946,群益科技高息成長,79,1,78,國泰-松江,2024-07-29,8883
00706L,期元大S＆P日圓正2,83,6,77,國泰-松江,2024-07-29,8883
2363,矽統,89,28,61,國泰-松江,2024-07-29,8883
9946,三發地產,64,3,61,國泰-松江,2024-07-29,8883
2884,玉山金,86,26,60,國泰-松江,2024-07-29,8883
00664R,國泰臺灣加權反1,50,0,50,國泰-松江,2024-07-29,8883
2356,英業達,70,26,44,國泰-松江,2024-07-29,8883
8054,安國,164,120,44,國泰-松江,2024-07-29,8883
4306,炎洲,56,13,43,國泰-松江,2024-07-29,8883
6509,聚和,42,0,42,國泰-松江,2024-07-29,8883
2542,興富發,53,11,42,國泰-松江,2024-07-29,8883
1605,華新,48,7,41,國泰-松江,2024-07-29,8883
9945,潤泰新,86,49,37,國泰-松江,2024-07-29,8883
2353,宏��,44,10,34,國泰-松江,2024-07-29,8883
2402,毅嘉,39,6,33,國泰-松江,2024-07-29,8883
6215,和椿,33,1,32,國泰-松江,2024-07-29,8883
2609,陽明,55,24,31,國泰-松江,2024-07-29,8883
00751B,元大AAA至A公司債,29,0,29,國泰-松江,2024-07-29,8883
2520,冠德,46,18,28,國泰-松江,2024-07-29,8883
6806,森崴能源,42,15,27,國泰-松江,2024-07-29,8883
3356,奇偶,24,0,24,國泰-松江,2024-07-29,8883
00900,富邦特選高股息30,23,0,23,國泰-松江,2024-07-29,8883
4960,誠美材,23,0,23,國泰-松江,2024-07-29,8883
6125,廣運,54,31,23,國泰-松江,2024-07-29,8883
2382,廣達,24,2,22,國泰-松江,2024-07-29,8883
3231,緯創,54,32,22,國泰-松江,2024-07-29,8883
3466,德晉,33,11,22,國泰-松江,2024-07-29,8883
8064,東捷,46,24,22,國泰-松江,2024-07-29,8883
8096,擎亞,30,8,22,國泰-松江,2024-07-29,8883
6770,力積電,23,1,22,國泰-松江,2024-07-29,8883
3037,欣興,70,48,22,國泰-松江,2024-07-29,8883
2467,志聖,28,7,21,國泰-松江,2024-07-29,8883
8271,宇瞻,21,0,21,國泰-松江,2024-07-29,8883
5521,工信,21,0,21,國泰-松江,2024-07-29,8883
2317,鴻海,77,57,20,國泰-松江,2024-07-29,8883
00907,永豐優息存股,20,0,20,國泰-松江,2024-07-29,8883
00929,復華台灣科技優息,934,195,739,國泰-松江,2024-07-30,8883
00878,國泰永續高股息,375,34,341,國泰-松江,2024-07-30,8883
00940,元大台灣價值高息,290,91,199,國泰-松江,2024-07-30,8883
2820,華票,202,5,197,國泰-松江,2024-07-30,8883
00937B,群益ESG投等債20,285,116,169,國泰-松江,2024-07-30,8883
0056,元大高股息,178,15,163,國泰-松江,2024-07-30,8883
2884,玉山金,153,11,142,國泰-松江,2024-07-30,8883
6005,群益證,143,11,132,國泰-松江,2024-07-30,8883
2612,中航,120,5,115,國泰-松江,2024-07-30,8883
00919,群益台灣精選高息,221,112,109,國泰-松江,2024-07-30,8883
3041,揚智,101,1,100,國泰-松江,2024-07-30,8883
00946,群益科技高息成長,98,1,97,國泰-松江,2024-07-30,8883
00632R,元大台灣50反1,210,125,85,國泰-松江,2024-07-30,8883
2303,聯電,85,9,76,國泰-松江,2024-07-30,8883
00713,元大台灣高息低波,83,8,75,國泰-松江,2024-07-30,8883
00933B,國泰10Y+金融債,154,87,67,國泰-松江,2024-07-30,8883
2344,華邦電,68,2,66,國泰-松江,2024-07-30,8883
3035,智原,71,9,62,國泰-松江,2024-07-30,8883
0050,元大台灣50,79,19,60,國泰-松江,2024-07-30,8883
00947,台新臺灣IC設計,61,4,57,國泰-松江,2024-07-30,8883
2362,藍天,59,3,56,國泰-松江,2024-07-30,8883
2891,中信金,80,25,55,國泰-松江,2024-07-30,8883
00751B,元大AAA至A公司債,41,1,40,國泰-松江,2024-07-30,8883
6869,雲豹能源,99,62,37,國泰-松江,2024-07-30,8883
00915,凱基優選高股息30,49,16,33,國泰-松江,2024-07-30,8883
6806,森崴能源,62,30,32,國泰-松江,2024-07-30,8883
00942B,台新美A公司債20+,31,0,31,國泰-松江,2024-07-30,8883
2880,華南金,64,33,31,國泰-松江,2024-07-30,8883
2834,臺企銀,30,0,30,國泰-松江,2024-07-30,8883
2365,昆盈,144,115,29,國泰-松江,2024-07-30,8883
3189,景碩,63,34,29,國泰-松江,2024-07-30,8883
00918,大華優利高填息30,34,6,28,國泰-松江,2024-07-30,8883
00772B,中信高評級公司債,27,0,27,國泰-松江,2024-07-30,8883
00927,群益半導體收益,28,1,27,國泰-松江,2024-07-30,8883
00753L,中信中國50正2,24,0,24,國泰-松江,2024-07-30,8883
6116,彩晶,26,3,23,國泰-松江,2024-07-30,8883
6509,聚和,23,0,23,國泰-松江,2024-07-30,8883
006208,富邦台50,29,7,22,國泰-松江,2024-07-30,8883
2363,矽統,50,27,23,國泰-松江,2024-07-30,8883
2349,錸德,233,212,21,國泰-松江,2024-07-30,8883
2382,廣達,27,6,21,國泰-松江,2024-07-30,8883
2801,彰銀,21,0,21,國泰-松江,2024-07-30,8883
2371,大同,28,7,21,國泰-松江,2024-07-30,8883
1785,光洋科,39,19,20,國泰-松江,2024-07-30,8883
2348,海悅,21,1,20,國泰-松江,2024-07-30,8883
3022,威強電,30,10,20,國泰-松江,2024-07-30,8883
2610,華航,24,5,19,國泰-松江,2024-07-30,8883
2352,佳世達,27,8,19,國泰-松江,2024-07-30,8883
00934,中信成長高股息,31,13,18,國泰-松江,2024-07-30,8883
1806,冠軍,18,0,18,國泰-松江,2024-07-30,8883
00929,復華台灣科技優息,476,194,282,國泰-松江,2024-07-31,8883
2349,錸德,480,228,252,國泰-松江,2024-07-31,8883
00688L,國泰20年美債正2,211,49,162,國泰-松江,2024-07-31,8883
00632R,元大台灣50反1,126,1,125,國泰-松江,2024-07-31,8883
3481,群創,203,97,106,國泰-松江,2024-07-31,8883
00878,國泰永續高股息,124,23,101,國泰-松江,2024-07-31,8883
00687B,國泰20年美債,105,9,96,國泰-松江,2024-07-31,8883
00927,群益半導體收益,75,1,74,國泰-松江,2024-07-31,8883
00946,群益科技高息成長,60,2,58,國泰-松江,2024-07-31,8883
6869,雲豹能源,72,16,56,國泰-松江,2024-07-31,8883
00934,中信成長高股息,65,10,55,國泰-松江,2024-07-31,8883
4109,加捷生醫,50,2,48,國泰-松江,2024-07-31,8883
3105,穩懋,58,11,47,國泰-松江,2024-07-31,8883
3047,訊舟,175,131,44,國泰-松江,2024-07-31,8883
00940,元大台灣價值高息,42,2,40,國泰-松江,2024-07-31,8883
2362,藍天,119,80,39,國泰-松江,2024-07-31,8883
2515,中工,43,6,37,國泰-松江,2024-07-31,8883
3576,聯合再生,48,12,36,國泰-松江,2024-07-31,8883
00679B,元大美債20年,55,19,36,國泰-松江,2024-07-31,8883
2303,聯電,36,3,33,國泰-松江,2024-07-31,8883
4526,東台,38,7,31,國泰-松江,2024-07-31,8883
0056,元大高股息,42,11,31,國泰-松江,2024-07-31,8883
2612,中航,30,0,30,國泰-松江,2024-07-31,8883
6244,茂迪,29,3,26,國泰-松江,2024-07-31,8883
2442,新美齊,38,13,25,國泰-松江,2024-07-31,8883
6509,聚和,25,0,25,國泰-松江,2024-07-31,8883
3312,弘憶股,32,8,24,國泰-松江,2024-07-31,8883
2371,大同,22,1,21,國泰-松江,2024-07-31,8883
1605,華新,21,1,20,國泰-松江,2024-07-31,8883
5328,華容,30,10,20,國泰-松江,2024-07-31,8883
3518,柏騰,33,14,19,國泰-松江,2024-07-31,8883
3715,定穎投控,79,60,19,國泰-松江,2024-07-31,8883
2330,台積電,33,14,19,國泰-松江,2024-07-31,8883
2520,冠德,106,87,19,國泰-松江,2024-07-31,8883
00713,元大台灣高息低波,18,0,18,國泰-松江,2024-07-31,8883
8092,建暐,18,0,18,國泰-松江,2024-07-31,8883
00795B,中信美國公債20年,27,10,17,國泰-松江,2024-07-31,8883
3356,奇偶,17,0,17,國泰-松江,2024-07-31,8883
00670L,富邦NASDAQ正2,16,0,16,國泰-松江,2024-07-31,8883
2492,華新科,19,3,16,國泰-松江,2024-07-31,8883
8936,國統,21,5,16,國泰-松江,2024-07-31,8883
006208,富邦台50,24,8,16,國泰-松江,2024-07-31,8883
1453,大將,29,15,14,國泰-松江,2024-07-31,8883
4566,時碩工業,13,0,13,國泰-松江,2024-07-31,8883
6411,晶焱,13,0,13,國泰-松江,2024-07-31,8883
00941,中信上游半導體,13,0,13,國泰-松江,2024-07-31,8883
3033,威健,12,0,12,國泰-松江,2024-07-31,8883
2348,海悅,16,4,12,國泰-松江,2024-07-31,8883
8150,南茂,14,2,12,國泰-松江,2024-07-31,8883
2464,盟立,42,31,11,國泰-松江,2024-07-31,8883
2349,錸德,308,96,212,國泰-松江,2024-08-01,8883
00934,中信成長高股息,225,40,185,國泰-松江,2024-08-01,8883
00937B,群益ESG投等債20,242,71,171,國泰-松江,2024-08-01,8883
00632R,元大台灣50反1,202,40,162,國泰-松江,2024-08-01,8883
2884,玉山金,159,1,158,國泰-松江,2024-08-01,8883
2409,友達,165,13,152,國泰-松江,2024-08-01,8883
00795B,中信美國公債20年,140,20,120,國泰-松江,2024-08-01,8883
00919,群益台灣精選高息,125,30,95,國泰-松江,2024-08-01,8883
00878,國泰永續高股息,216,128,88,國泰-松江,2024-08-01,8883
00951,台新日本半導體,105,20,85,國泰-松江,2024-08-01,8883
2363,矽統,129,48,81,國泰-松江,2024-08-01,8883
3481,群創,174,95,79,國泰-松江,2024-08-01,8883
00637L,元大滬深300正2,61,0,61,國泰-松江,2024-08-01,8883
00679B,元大美債20年,209,151,58,國泰-松江,2024-08-01,8883
2888,新光金,115,58,57,國泰-松江,2024-08-01,8883
1216,統一,50,0,50,國泰-松江,2024-08-01,8883
2449,京元電子,67,17,50,國泰-松江,2024-08-01,8883
2337,旺宏,192,149,43,國泰-松江,2024-08-01,8883
00923,群益台ESG低碳50,54,11,43,國泰-松江,2024-08-01,8883
2887,台新金,41,3,38,國泰-松江,2024-08-01,8883
00688L,國泰20年美債正2,225,187,38,國泰-松江,2024-08-01,8883
6191,精成科,39,2,37,國泰-松江,2024-08-01,8883
00881,國泰台灣5G+,45,9,36,國泰-松江,2024-08-01,8883
5876,上海商銀,32,0,32,國泰-松江,2024-08-01,8883
2457,飛宏,30,1,29,國泰-松江,2024-08-01,8883
1560,中砂,40,11,29,國泰-松江,2024-08-01,8883
00945B,凱基美國非投等債,28,0,28,國泰-松江,2024-08-01,8883
2442,新美齊,42,16,26,國泰-松江,2024-08-01,8883
2527,宏璟,40,14,26,國泰-松江,2024-08-01,8883
00932,兆豐永續高息等權,25,0,25,國泰-松江,2024-08-01,8883
5522,遠雄,25,2,23,國泰-松江,2024-08-01,8883
5236,凌陽創新,24,1,23,國泰-松江,2024-08-01,8883
2801,彰銀,25,2,23,國泰-松江,2024-08-01,8883
8064,東捷,95,75,20,國泰-松江,2024-08-01,8883
2344,華邦電,22,2,20,國泰-松江,2024-08-01,8883
2504,國產,23,3,20,國泰-松江,2024-08-01,8883
00662,富邦NASDAQ,20,0,20,國泰-松江,2024-08-01,8883
2317,鴻海,59,40,19,國泰-松江,2024-08-01,8883
1711,永光,30,11,19,國泰-松江,2024-08-01,8883
3535,晶彩科,67,48,19,國泰-松江,2024-08-01,8883
3013,晟銘電,32,13,19,國泰-松江,2024-08-01,8883
4566,時碩工業,23,6,17,國泰-松江,2024-08-01,8883
00646,元大S＆P500,17,0,17,國泰-松江,2024-08-01,8883
6591,動力-KY,16,0,16,國泰-松江,2024-08-01,8883
2312,金寶,42,26,16,國泰-松江,2024-08-01,8883
3711,日月光投控,19,4,15,國泰-松江,2024-08-01,8883
4960,誠美材,15,0,15,國泰-松江,2024-08-01,8883
5388,中磊,26,11,15,國泰-松江,2024-08-01,8883
2374,佳能,21,6,15,國泰-松江,2024-08-01,8883
00949,復華日本龍頭,21,6,15,國泰-松江,2024-08-01,8883
00680L,元大美債20正2,2724,113,2611,國泰-松江,2024-08-02,8883
00688L,國泰20年美債正2,2794,831,1963,國泰-松江,2024-08-02,8883
00929,復華台灣科技優息,1377,228,1149,國泰-松江,2024-08-02,8883
00878,國泰永續高股息,798,97,701,國泰-松江,2024-08-02,8883
00919,群益台灣精選高息,475,20,455,國泰-松江,2024-08-02,8883
00671R,富邦NASDAQ反1,325,0,325,國泰-松江,2024-08-02,8883
2884,玉山金,290,14,276,國泰-松江,2024-08-02,8883
2317,鴻海,360,138,222,國泰-松江,2024-08-02,8883
00945B,凱基美國非投等債,182,0,182,國泰-松江,2024-08-02,8883
0050,元大台灣50,183,10,173,國泰-松江,2024-08-02,8883
00937B,群益ESG投等債20,370,200,170,國泰-松江,2024-08-02,8883
00881,國泰台灣5G+,157,2,155,國泰-松江,2024-08-02,8883
2891,中信金,169,29,140,國泰-松江,2024-08-02,8883
6005,群益證,128,2,126,國泰-松江,2024-08-02,8883
2886,兆豐金,124,2,122,國泰-松江,2024-08-02,8883
0056,元大高股息,139,25,114,國泰-松江,2024-08-02,8883
2002,中鋼,114,0,114,國泰-松江,2024-08-02,8883
006208,富邦台50,111,4,107,國泰-松江,2024-08-02,8883
6509,聚和,100,0,100,國泰-松江,2024-08-02,8883
00947,台新臺灣IC設計,91,0,91,國泰-松江,2024-08-02,8883
2612,中航,90,0,90,國泰-松江,2024-08-02,8883
00713,元大台灣高息低波,83,8,75,國泰-松江,2024-08-02,8883
2312,金寶,81,10,71,國泰-松江,2024-08-02,8883
00936,台新永續高息中小,76,6,70,國泰-松江,2024-08-02,8883
3211,順達,70,2,68,國泰-松江,2024-08-02,8883
00664R,國泰臺灣加權反1,100,35,65,國泰-松江,2024-08-02,8883
00911,兆豐洲際半導體,64,0,64,國泰-松江,2024-08-02,8883
00712,復華富時不動產,73,12,61,國泰-松江,2024-08-02,8883
00934,中信成長高股息,79,23,56,國泰-松江,2024-08-02,8883
00940,元大台灣價值高息,283,227,56,國泰-松江,2024-08-02,8883
00648R,元大S＆P500反1,55,0,55,國泰-松江,2024-08-02,8883
00631L,元大台灣50正2,86,31,55,國泰-松江,2024-08-02,8883
00941,中信上游半導體,59,5,54,國泰-松江,2024-08-02,8883
4414,如興,54,0,54,國泰-松江,2024-08-02,8883
00923,群益台ESG低碳50,54,1,53,國泰-松江,2024-08-02,8883
00900,富邦特選高股息30,51,1,50,國泰-松江,2024-08-02,8883
6026,福邦證,50,0,50,國泰-松江,2024-08-02,8883
9945,潤泰新,78,29,49,國泰-松江,2024-08-02,8883
00933B,國泰10Y+金融債,175,127,48,國泰-松江,2024-08-02,8883
3037,欣興,67,19,48,國泰-松江,2024-08-02,8883
00946,群益科技高息成長,49,5,44,國泰-松江,2024-08-02,8883
00951,台新日本半導體,56,12,44,國泰-松江,2024-08-02,8883
00891,中信關鍵半導體,60,17,43,國泰-松江,2024-08-02,8883
3711,日月光投控,47,6,41,國泰-松江,2024-08-02,8883
00640L,富邦日本正2,39,0,39,國泰-松江,2024-08-02,8883
2501,國建,51,12,39,國泰-松江,2024-08-02,8883
00675L,富邦臺灣加權正2,54,16,38,國泰-松江,2024-08-02,8883
00918,大華優利高填息30,44,6,38,國泰-松江,2024-08-02,8883
00764B,群益25年美債,38,0,38,國泰-松江,2024-08-02,8883
2408,南亞科,52,14,38,國泰-松江,2024-08-02,8883
00929,復華台灣科技優息,1794,367,1427,國泰-松江,2024-08-05,8883
00940,元大台灣價值高息,1145,91,1054,國泰-松江,2024-08-05,8883
00878,國泰永續高股息,1043,213,830,國泰-松江,2024-08-05,8883
2884,玉山金,734,72,662,國泰-松江,2024-08-05,8883
00632R,元大台灣50反1,1401,829,572,國泰-松江,2024-08-05,8883
00919,群益台灣精選高息,648,173,475,國泰-松江,2024-08-05,8883
00680L,元大美債20正2,657,256,401,國泰-松江,2024-08-05,8883
00937B,群益ESG投等債20,812,424,388,國泰-松江,2024-08-05,8883
00687B,國泰20年美債,758,490,268,國泰-松江,2024-08-05,8883
4414,如興,259,3,256,國泰-松江,2024-08-05,8883
2887,台新金,266,14,252,國泰-松江,2024-08-05,8883
2317,鴻海,306,68,238,國泰-松江,2024-08-05,8883
00946,群益科技高息成長,224,2,222,國泰-松江,2024-08-05,8883
00948B,中信優息投資級債,243,26,217,國泰-松江,2024-08-05,8883
4720,德淵,176,0,176,國泰-松江,2024-08-05,8883
2880,華南金,170,4,166,國泰-松江,2024-08-05,8883
2888,新光金,352,193,159,國泰-松江,2024-08-05,8883
006208,富邦台50,211,67,144,國泰-松江,2024-08-05,8883
00881,國泰台灣5G+,161,30,131,國泰-松江,2024-08-05,8883
2609,陽明,160,34,126,國泰-松江,2024-08-05,8883
00951,台新日本半導體,123,10,113,國泰-松江,2024-08-05,8883
0056,元大高股息,342,234,108,國泰-松江,2024-08-05,8883
0050,元大台灣50,229,129,100,國泰-松江,2024-08-05,8883
00713,元大台灣高息低波,154,60,94,國泰-松江,2024-08-05,8883
00675L,富邦臺灣加權正2,137,47,90,國泰-松江,2024-08-05,8883
2801,彰銀,87,2,85,國泰-松江,2024-08-05,8883
2891,中信金,161,80,81,國泰-松江,2024-08-05,8883
3481,群創,355,280,75,國泰-松江,2024-08-05,8883
2610,華航,90,20,70,國泰-松江,2024-08-05,8883
00631L,元大台灣50正2,108,39,69,國泰-松江,2024-08-05,8883
1313,聯成,92,27,65,國泰-松江,2024-08-05,8883
2409,友達,65,3,62,國泰-松江,2024-08-05,8883
2883,凱基金,95,34,61,國泰-松江,2024-08-05,8883
00715L,期街口布蘭特正2,61,3,58,國泰-松江,2024-08-05,8883
2834,臺企銀,76,19,57,國泰-松江,2024-08-05,8883
00669R,國泰美國道瓊反1,60,4,56,國泰-松江,2024-08-05,8883
1307,三芳,56,0,56,國泰-松江,2024-08-05,8883
2002,中鋼,119,64,55,國泰-松江,2024-08-05,8883
2603,長榮,77,25,52,國泰-松江,2024-08-05,8883
2382,廣達,74,28,46,國泰-松江,2024-08-05,8883
00918,大華優利高填息30,112,69,43,國泰-松江,2024-08-05,8883
00936,台新永續高息中小,118,75,43,國泰-松江,2024-08-05,8883
00830,國泰費城半導體,55,14,41,國泰-松江,2024-08-05,8883
00941,中信上游半導體,68,29,39,國泰-松江,2024-08-05,8883
00915,凱基優選高股息30,71,32,39,國泰-松江,2024-08-05,8883
2515,中工,71,33,38,國泰-松江,2024-08-05,8883
5490,同亨,37,0,37,國泰-松江,2024-08-05,8883
00927,群益半導體收益,35,0,35,國泰-松江,2024-08-05,8883
00688L,國泰20年美債正2,445,411,34,國泰-松江,2024-08-05,8883
2534,宏盛,33,0,33,國泰-松江,2024-08-05,8883
00632R,元大台灣50反1,2781,925,1856,國泰-松江,2024-08-06,8883
00929,復華台灣科技優息,1477,226,1251,國泰-松江,2024-08-06,8883
2888,新光金,1091,431,660,國泰-松江,2024-08-06,8883
00878,國泰永續高股息,544,98,446,國泰-松江,2024-08-06,8883
00923,群益台ESG低碳50,367,38,329,國泰-松江,2024-08-06,8883
4720,德淵,227,10,217,國泰-松江,2024-08-06,8883
9934,成霖,192,4,188,國泰-松江,2024-08-06,8883
00940,元大台灣價值高息,358,184,174,國泰-松江,2024-08-06,8883
0050,元大台灣50,238,100,138,國泰-松江,2024-08-06,8883
0056,元大高股息,181,48,133,國泰-松江,2024-08-06,8883
2382,廣達,172,43,129,國泰-松江,2024-08-06,8883
2609,陽明,191,65,126,國泰-松江,2024-08-06,8883
5225,東科-KY,156,30,126,國泰-松江,2024-08-06,8883
2317,鴻海,327,214,113,國泰-松江,2024-08-06,8883
2337,旺宏,115,30,85,國泰-松江,2024-08-06,8883
00713,元大台灣高息低波,91,11,80,國泰-松江,2024-08-06,8883
3041,揚智,73,0,73,國泰-松江,2024-08-06,8883
1313,聯成,98,26,72,國泰-松江,2024-08-06,8883
2308,台達電,95,33,62,國泰-松江,2024-08-06,8883
6411,晶焱,63,2,61,國泰-松江,2024-08-06,8883
3189,景碩,71,11,60,國泰-松江,2024-08-06,8883
00919,群益台灣精選高息,403,344,59,國泰-松江,2024-08-06,8883
00946,群益科技高息成長,70,12,58,國泰-松江,2024-08-06,8883
2547,日勝生,50,0,50,國泰-松江,2024-08-06,8883
00933B,國泰10Y+金融債,91,47,44,國泰-松江,2024-08-06,8883
6269,台郡,49,7,42,國泰-松江,2024-08-06,8883
2362,藍天,56,17,39,國泰-松江,2024-08-06,8883
00934,中信成長高股息,46,8,38,國泰-松江,2024-08-06,8883
2887,台新金,60,22,38,國泰-松江,2024-08-06,8883
5490,同亨,39,1,38,國泰-松江,2024-08-06,8883
00918,大華優利高填息30,52,14,38,國泰-松江,2024-08-06,8883
3481,群創,192,156,36,國泰-松江,2024-08-06,8883
3217,優群,36,0,36,國泰-松江,2024-08-06,8883
6188,廣明,38,3,35,國泰-松江,2024-08-06,8883
6127,九豪,37,2,35,國泰-松江,2024-08-06,8883
006208,富邦台50,77,42,35,國泰-松江,2024-08-06,8883
9945,潤泰新,39,5,34,國泰-松江,2024-08-06,8883
00948B,中信優息投資級債,45,12,33,國泰-松江,2024-08-06,8883
00915,凱基優選高股息30,51,20,31,國泰-松江,2024-08-06,8883
1455,集盛,30,0,30,國泰-松江,2024-08-06,8883
00935,野村臺灣新科技50,30,1,29,國泰-松江,2024-08-06,8883
8028,昇陽半導體,55,27,28,國泰-松江,2024-08-06,8883
00654R,富邦印度反1,28,0,28,國泰-松江,2024-08-06,8883
2442,新美齊,29,2,27,國泰-松江,2024-08-06,8883
00641R,富邦日本反1,27,0,27,國泰-松江,2024-08-06,8883
00686R,群益臺灣加權反1,25,0,25,國泰-松江,2024-08-06,8883
3022,威強電,29,5,24,國泰-松江,2024-08-06,8883
1805,寶徠,25,1,24,國泰-松江,2024-08-06,8883
1513,中興電,36,13,23,國泰-松江,2024-08-06,8883
3037,欣興,79,57,22,國泰-松江,2024-08-06,8883
00713,元大台灣高息低波,1385,401,984,國泰-松江,2024-08-07,8883
00929,復華台灣科技優息,747,250,497,國泰-松江,2024-08-07,8883
00632R,元大台灣50反1,623,382,241,國泰-松江,2024-08-07,8883
00679B,元大美債20年,328,150,178,國泰-松江,2024-08-07,8883
2317,鴻海,239,140,99,國泰-松江,2024-08-07,8883
9934,成霖,97,0,97,國泰-松江,2024-08-07,8883
00795B,中信美國公債20年,104,8,96,國泰-松江,2024-08-07,8883
00878,國泰永續高股息,329,242,87,國泰-松江,2024-08-07,8883
00909,國泰數位支付服務,90,5,85,國泰-松江,2024-08-07,8883
00715L,期街口布蘭特正2,88,7,81,國泰-松江,2024-08-07,8883
2542,興富發,84,4,80,國泰-松江,2024-08-07,8883
2882,國泰金,89,14,75,國泰-松江,2024-08-07,8883
00937B,群益ESG投等債20,162,92,70,國泰-松江,2024-08-07,8883
2352,佳世達,61,0,61,國泰-松江,2024-08-07,8883
2834,臺企銀,55,3,52,國泰-松江,2024-08-07,8883
1806,冠軍,41,2,39,國泰-松江,2024-08-07,8883
00936,台新永續高息中小,43,4,39,國泰-松江,2024-08-07,8883
00900,富邦特選高股息30,37,0,37,國泰-松江,2024-08-07,8883
2409,友達,40,4,36,國泰-松江,2024-08-07,8883
2881,富邦金,45,14,31,國泰-松江,2024-08-07,8883
2382,廣達,65,34,31,國泰-松江,2024-08-07,8883
00915,凱基優選高股息30,42,15,27,國泰-松江,2024-08-07,8883
2887,台新金,30,3,27,國泰-松江,2024-08-07,8883
0056,元大高股息,67,41,26,國泰-松江,2024-08-07,8883
2454,聯發科,32,8,24,國泰-松江,2024-08-07,8883
5269,祥碩,24,0,24,國泰-松江,2024-08-07,8883
00931B,統一美債20年,30,7,23,國泰-松江,2024-08-07,8883
6412,群電,22,0,22,國泰-松江,2024-08-07,8883
6213,聯茂,45,23,22,國泰-松江,2024-08-07,8883
2885,元大金,24,2,22,國泰-松江,2024-08-07,8883
00948B,中信優息投資級債,23,2,21,國泰-松江,2024-08-07,8883
1717,長興,20,0,20,國泰-松江,2024-08-07,8883
8150,南茂,20,0,20,國泰-松江,2024-08-07,8883
00641R,富邦日本反1,20,0,20,國泰-松江,2024-08-07,8883
2509,全坤建,20,1,19,國泰-松江,2024-08-07,8883
2501,國建,24,5,19,國泰-松江,2024-08-07,8883
1316,上曜,20,3,17,國泰-松江,2024-08-07,8883
6274,台燿,49,32,17,國泰-松江,2024-08-07,8883
6248,沛波,17,0,17,國泰-松江,2024-08-07,8883
00642U,期元大S＆P石油,17,0,17,國泰-松江,2024-08-07,8883
1513,中興電,28,11,17,國泰-松江,2024-08-07,8883
00830,國泰費城半導體,25,9,16,國泰-松江,2024-08-07,8883
00911,兆豐洲際半導體,17,2,15,國泰-松江,2024-08-07,8883
2449,京元電子,46,31,15,國泰-松江,2024-08-07,8883
2371,大同,18,3,15,國泰-松江,2024-08-07,8883
1301,台塑,21,6,15,國泰-松江,2024-08-07,8883
00686R,群益臺灣加權反1,15,0,15,國泰-松江,2024-08-07,8883
006208,富邦台50,35,20,15,國泰-松江,2024-08-07,8883
00664R,國泰臺灣加權反1,90,76,14,國泰-松江,2024-08-07,8883
2884,玉山金,18,5,13,國泰-松江,2024-08-07,8883
00632R,元大台灣50反1,13643,1398,12245,國泰-松江,2024-08-08,8883
00679B,元大美債20年,355,50,305,國泰-松江,2024-08-08,8883
2888,新光金,346,41,305,國泰-松江,2024-08-08,8883
00680L,元大美債20正2,284,35,249,國泰-松江,2024-08-08,8883
00688L,國泰20年美債正2,364,132,232,國泰-松江,2024-08-08,8883
00878,國泰永續高股息,235,21,214,國泰-松江,2024-08-08,8883
2887,台新金,188,4,184,國泰-松江,2024-08-08,8883
00720B,元大投資級公司債,190,11,179,國泰-松江,2024-08-08,8883
6120,達運,185,11,174,國泰-松江,2024-08-08,8883
2610,華航,175,3,172,國泰-松江,2024-08-08,8883
3481,群創,218,50,168,國泰-松江,2024-08-08,8883
2609,陽明,186,18,168,國泰-松江,2024-08-08,8883
2886,兆豐金,147,2,145,國泰-松江,2024-08-08,8883
2892,第一金,141,0,141,國泰-松江,2024-08-08,8883
00881,國泰台灣5G+,108,6,102,國泰-松江,2024-08-08,8883
2882,國泰金,109,11,98,國泰-松江,2024-08-08,8883
6869,雲豹能源,120,25,95,國泰-松江,2024-08-08,8883
00664R,國泰臺灣加權反1,115,25,90,國泰-松江,2024-08-08,8883
00937B,群益ESG投等債20,341,253,88,國泰-松江,2024-08-08,8883
00687B,國泰20年美債,149,66,83,國泰-松江,2024-08-08,8883
00915,凱基優選高股息30,77,1,76,國泰-松江,2024-08-08,8883
2317,鴻海,221,147,74,國泰-松江,2024-08-08,8883
00795B,中信美國公債20年,110,37,73,國泰-松江,2024-08-08,8883
2834,臺企銀,70,10,60,國泰-松江,2024-08-08,8883
2371,大同,63,8,55,國泰-松江,2024-08-08,8883
00935,野村臺灣新科技50,48,6,42,國泰-松江,2024-08-08,8883
3036,文曄,42,5,37,國泰-松江,2024-08-08,8883
2520,冠德,61,26,35,國泰-松江,2024-08-08,8883
2382,廣達,58,27,31,國泰-松江,2024-08-08,8883
5009,榮剛,30,0,30,國泰-松江,2024-08-08,8883
3231,緯創,88,58,30,國泰-松江,2024-08-08,8883
0056,元大高股息,49,19,30,國泰-松江,2024-08-08,8883
00830,國泰費城半導體,39,11,28,國泰-松江,2024-08-08,8883
006208,富邦台50,47,19,28,國泰-松江,2024-08-08,8883
00673R,期元大S＆P原油反1,25,0,25,國泰-松江,2024-08-08,8883
2408,南亞科,34,12,22,國泰-松江,2024-08-08,8883
2615,萬海,79,57,22,國泰-松江,2024-08-08,8883
00934,中信成長高股息,27,6,21,國泰-松江,2024-08-08,8883
2374,佳能,30,9,21,國泰-松江,2024-08-08,8883
9938,百和,21,0,21,國泰-松江,2024-08-08,8883
2349,錸德,76,55,21,國泰-松江,2024-08-08,8883
2906,高林,20,0,20,國泰-松江,2024-08-08,8883
5498,凱崴,22,2,20,國泰-松江,2024-08-08,8883
2884,玉山金,19,0,19,國泰-松江,2024-08-08,8883
00949,復華日本龍頭,19,0,19,國泰-松江,2024-08-08,8883
1301,台塑,22,4,18,國泰-松江,2024-08-08,8883
3163,波若威,58,40,18,國泰-松江,2024-08-08,8883
2359,所羅門,61,43,18,國泰-松江,2024-08-08,8883
2438,翔耀,18,0,18,國泰-松江,2024-08-08,8883
00665L,富邦�琤肭磪囓�2,18,0,18,國泰-松江,2024-08-08,8883
00679B,元大美債20年,2907,90,2817,國泰-松江,2024-08-09,8883
00688L,國泰20年美債正2,739,77,662,國泰-松江,2024-08-09,8883
00632R,元大台灣50反1,1165,621,544,國泰-松江,2024-08-09,8883
00937B,群益ESG投等債20,549,106,443,國泰-松江,2024-08-09,8883
00687B,國泰20年美債,450,191,259,國泰-松江,2024-08-09,8883
00751B,元大AAA至A公司債,187,4,183,國泰-松江,2024-08-09,8883
00878,國泰永續高股息,256,102,154,國泰-松江,2024-08-09,8883
00933B,國泰10Y+金融債,121,8,113,國泰-松江,2024-08-09,8883
9946,三發地產,110,0,110,國泰-松江,2024-08-09,8883
2887,台新金,320,213,107,國泰-松江,2024-08-09,8883
2801,彰銀,100,1,99,國泰-松江,2024-08-09,8883
2636,台驊控股,81,1,80,國泰-松江,2024-08-09,8883
2609,陽明,170,97,73,國泰-松江,2024-08-09,8883
00948B,中信優息投資級債,63,0,63,國泰-松江,2024-08-09,8883
2356,英業達,71,12,59,國泰-松江,2024-08-09,8883
00772B,中信高評級公司債,61,3,58,國泰-松江,2024-08-09,8883
2392,正崴,64,6,58,國泰-松江,2024-08-09,8883
2603,長榮,93,39,54,國泰-松江,2024-08-09,8883
00720B,元大投資級公司債,51,0,51,國泰-松江,2024-08-09,8883
00719B,元大美債1-3,37,0,37,國泰-松江,2024-08-09,8883
00795B,中信美國公債20年,90,55,35,國泰-松江,2024-08-09,8883
3032,偉訓,30,0,30,國泰-松江,2024-08-09,8883
00781B,國泰A級科技債,30,0,30,國泰-松江,2024-08-09,8883
3306,鼎天,30,0,30,國泰-松江,2024-08-09,8883
6873,泓德能源,30,0,30,國泰-松江,2024-08-09,8883
00946,群益科技高息成長,30,0,30,國泰-松江,2024-08-09,8883
2891,中信金,37,9,28,國泰-松江,2024-08-09,8883
2886,兆豐金,81,53,28,國泰-松江,2024-08-09,8883
3037,欣興,90,62,28,國泰-松江,2024-08-09,8883
3231,緯創,93,66,27,國泰-松江,2024-08-09,8883
00949,復華日本龍頭,32,6,26,國泰-松江,2024-08-09,8883
8027,鈦昇,25,0,25,國泰-松江,2024-08-09,8883
6757,台灣虎航,24,0,24,國泰-松江,2024-08-09,8883
3450,聯鈞,82,58,24,國泰-松江,2024-08-09,8883
5443,均豪,92,71,21,國泰-松江,2024-08-09,8883
00881,國泰台灣5G+,34,13,21,國泰-松江,2024-08-09,8883
3312,弘憶股,33,13,20,國泰-松江,2024-08-09,8883
1616,億泰,21,1,20,國泰-松江,2024-08-09,8883
3036,文曄,20,1,19,國泰-松江,2024-08-09,8883
3044,健鼎,22,3,19,國泰-松江,2024-08-09,8883
00931B,統一美債20年,24,6,18,國泰-松江,2024-08-09,8883
3019,亞光,44,28,16,國泰-松江,2024-08-09,8883
2520,冠德,29,13,16,國泰-松江,2024-08-09,8883
00951,台新日本半導體,16,0,16,國泰-松江,2024-08-09,8883
00853B,統一美債10年Aa-,16,0,16,國泰-松江,2024-08-09,8883
2421,建準,17,2,15,國泰-松江,2024-08-09,8883
2436,偉詮電,15,0,15,國泰-松江,2024-08-09,8883
3675,德微,16,1,15,國泰-松江,2024-08-09,8883
3653,健策,21,6,15,國泰-松江,2024-08-09,8883
00945B,凱基美國非投等債,16,1,15,國泰-松江,2024-08-09,8883
00919,群益台灣精選高息,676,61,615,國泰-松江,2024-08-12,8883
00929,復華台灣科技優息,538,100,438,國泰-松江,2024-08-12,8883
00688L,國泰20年美債正2,265,19,246,國泰-松江,2024-08-12,8883
00664R,國泰臺灣加權反1,236,0,236,國泰-松江,2024-08-12,8883
00679B,元大美債20年,294,86,208,國泰-松江,2024-08-12,8883
2486,一詮,205,27,178,國泰-松江,2024-08-12,8883
2449,京元電子,218,50,168,國泰-松江,2024-08-12,8883
00948B,中信優息投資級債,159,0,159,國泰-松江,2024-08-12,8883
00937B,群益ESG投等債20,147,16,131,國泰-松江,2024-08-12,8883
00680L,元大美債20正2,214,83,131,國泰-松江,2024-08-12,8883
00687B,國泰20年美債,140,44,96,國泰-松江,2024-08-12,8883
00751B,元大AAA至A公司債,88,12,76,國泰-松江,2024-08-12,8883
00933B,國泰10Y+金融債,103,28,75,國泰-松江,2024-08-12,8883
2377,微星,60,0,60,國泰-松江,2024-08-12,8883
00676R,富邦臺灣加權反1,60,0,60,國泰-松江,2024-08-12,8883
3227,原相,63,4,59,國泰-松江,2024-08-12,8883
2409,友達,57,1,56,國泰-松江,2024-08-12,8883
2312,金寶,106,52,54,國泰-松江,2024-08-12,8883
00935,野村臺灣新科技50,54,0,54,國泰-松江,2024-08-12,8883
2891,中信金,67,19,48,國泰-松江,2024-08-12,8883
4720,德淵,65,19,46,國泰-松江,2024-08-12,8883
6187,萬潤,69,24,45,國泰-松江,2024-08-12,8883
1314,中石化,44,0,44,國泰-松江,2024-08-12,8883
2515,中工,40,0,40,國泰-松江,2024-08-12,8883
3024,憶聲,60,21,39,國泰-松江,2024-08-12,8883
00900,富邦特選高股息30,44,5,39,國泰-松江,2024-08-12,8883
2062,橋椿,43,5,38,國泰-松江,2024-08-12,8883
00936,台新永續高息中小,37,1,36,國泰-松江,2024-08-12,8883
00795B,中信美國公債20年,67,31,36,國泰-松江,2024-08-12,8883
00642U,期元大S＆P石油,33,0,33,國泰-松江,2024-08-12,8883
00764B,群益25年美債,30,2,28,國泰-松江,2024-08-12,8883
1513,中興電,66,38,28,國泰-松江,2024-08-12,8883
3011,今皓,27,0,27,國泰-松江,2024-08-12,8883
6873,泓德能源,29,3,26,國泰-松江,2024-08-12,8883
00670L,富邦NASDAQ正2,25,1,24,國泰-松江,2024-08-12,8883
2365,昆盈,255,232,23,國泰-松江,2024-08-12,8883
4533,協易機,48,24,24,國泰-松江,2024-08-12,8883
5309,系統電,33,10,23,國泰-松江,2024-08-12,8883
2356,英業達,30,7,23,國泰-松江,2024-08-12,8883
8374,羅昇,74,53,21,國泰-松江,2024-08-12,8883
5009,榮剛,23,2,21,國泰-松江,2024-08-12,8883
3017,奇鋐,35,14,21,國泰-松江,2024-08-12,8883
6235,華孚,20,0,20,國泰-松江,2024-08-12,8883
4303,信立,46,28,18,國泰-松江,2024-08-12,8883
2851,中再保,18,0,18,國泰-松江,2024-08-12,8883
2317,鴻海,170,152,18,國泰-松江,2024-08-12,8883
4109,加捷生醫,22,5,17,國泰-松江,2024-08-12,8883
2368,金像電,17,0,17,國泰-松江,2024-08-12,8883
00662,富邦NASDAQ,16,0,16,國泰-松江,2024-08-12,8883
5443,均豪,36,20,16,國泰-松江,2024-08-12,8883
00688L,國泰20年美債正2,502,9,493,國泰-松江,2024-08-13,8883
2886,兆豐金,482,4,478,國泰-松江,2024-08-13,8883
00679B,元大美債20年,479,47,432,國泰-松江,2024-08-13,8883
2884,玉山金,300,2,298,國泰-松江,2024-08-13,8883
00948B,中信優息投資級債,229,17,212,國泰-松江,2024-08-13,8883
00713,元大台灣高息低波,207,15,192,國泰-松江,2024-08-13,8883
00632R,元大台灣50反1,462,270,192,國泰-松江,2024-08-13,8883
2880,華南金,189,5,184,國泰-松江,2024-08-13,8883
00878,國泰永續高股息,306,149,157,國泰-松江,2024-08-13,8883
2891,中信金,165,28,137,國泰-松江,2024-08-13,8883
00929,復華台灣科技優息,497,393,104,國泰-松江,2024-08-13,8883
00931B,統一美債20年,101,2,99,國泰-松江,2024-08-13,8883
2615,萬海,141,56,85,國泰-松江,2024-08-13,8883
00795B,中信美國公債20年,106,22,84,國泰-松江,2024-08-13,8883
00933B,國泰10Y+金融債,83,0,83,國泰-松江,2024-08-13,8883
00664R,國泰臺灣加權反1,101,20,81,國泰-松江,2024-08-13,8883
2540,愛山林,80,2,78,國泰-松江,2024-08-13,8883
6873,泓德能源,77,0,77,國泰-松江,2024-08-13,8883
4720,德淵,88,23,65,國泰-松江,2024-08-13,8883
2801,彰銀,56,0,56,國泰-松江,2024-08-13,8883
00712,復華富時不動產,56,0,56,國泰-松江,2024-08-13,8883
2609,陽明,148,96,52,國泰-松江,2024-08-13,8883
1513,中興電,73,22,51,國泰-松江,2024-08-13,8883
00680L,元大美債20正2,115,65,50,國泰-松江,2024-08-13,8883
00687B,國泰20年美債,66,18,48,國泰-松江,2024-08-13,8883
00772B,中信高評級公司債,50,2,48,國泰-松江,2024-08-13,8883
3706,神達,67,21,46,國泰-松江,2024-08-13,8883
5371,中光電,42,0,42,國泰-松江,2024-08-13,8883
6269,台郡,41,1,40,國泰-松江,2024-08-13,8883
00673R,期元大S＆P原油反1,39,1,38,國泰-松江,2024-08-13,8883
0056,元大高股息,68,31,37,國泰-松江,2024-08-13,8883
6215,和椿,114,77,37,國泰-松江,2024-08-13,8883
1301,台塑,45,9,36,國泰-松江,2024-08-13,8883
00915,凱基優選高股息30,44,12,32,國泰-松江,2024-08-13,8883
3036,文曄,33,2,31,國泰-松江,2024-08-13,8883
2528,皇普,30,0,30,國泰-松江,2024-08-13,8883
3374,精材,54,28,26,國泰-松江,2024-08-13,8883
3522,御嵿,26,1,25,國泰-松江,2024-08-13,8883
5880,合庫金,25,0,25,國泰-松江,2024-08-13,8883
2610,華航,24,0,24,國泰-松江,2024-08-13,8883
3715,定穎投控,32,9,23,國泰-松江,2024-08-13,8883
2359,所羅門,76,54,22,國泰-松江,2024-08-13,8883
4566,時碩工業,28,7,21,國泰-松江,2024-08-13,8883
00907,永豐優息存股,21,0,21,國泰-松江,2024-08-13,8883
5474,聰泰,23,2,21,國泰-松江,2024-08-13,8883
3441,聯一光,20,1,19,國泰-松江,2024-08-13,8883
1218,泰山,18,0,18,國泰-松江,2024-08-13,8883
9945,潤泰新,28,10,18,國泰-松江,2024-08-13,8883
2834,臺企銀,18,1,17,國泰-松江,2024-08-13,8883
2356,英業達,27,11,16,國泰-松江,2024-08-13,8883
00900,富邦特選高股息30,606,26,580,國泰-松江,2024-08-14,8883
2349,錸德,628,111,517,國泰-松江,2024-08-14,8883
2303,聯電,497,67,430,國泰-松江,2024-08-14,8883
00948B,中信優息投資級債,357,0,357,國泰-松江,2024-08-14,8883
00687B,國泰20年美債,299,25,274,國泰-松江,2024-08-14,8883
00688L,國泰20年美債正2,233,8,225,國泰-松江,2024-08-14,8883
00915,凱基優選高股息30,213,10,203,國泰-松江,2024-08-14,8883
6187,萬潤,225,105,120,國泰-松江,2024-08-14,8883
2888,新光金,161,46,115,國泰-松江,2024-08-14,8883
00933B,國泰10Y+金融債,131,24,107,國泰-松江,2024-08-14,8883
3481,群創,191,102,89,國泰-松江,2024-08-14,8883
2371,大同,83,2,81,國泰-松江,2024-08-14,8883
00712,復華富時不動產,76,0,76,國泰-松江,2024-08-14,8883
00706L,期元大S＆P日圓正2,77,6,71,國泰-松江,2024-08-14,8883
00945B,凱基美國非投等債,70,0,70,國泰-松江,2024-08-14,8883
00713,元大台灣高息低波,72,4,68,國泰-松江,2024-08-14,8883
00929,復華台灣科技優息,151,83,68,國泰-松江,2024-08-14,8883
2603,長榮,97,37,60,國泰-松江,2024-08-14,8883
00937B,群益ESG投等債20,77,21,56,國泰-松江,2024-08-14,8883
00671R,富邦NASDAQ反1,52,0,52,國泰-松江,2024-08-14,8883
00795B,中信美國公債20年,53,1,52,國泰-松江,2024-08-14,8883
2356,英業達,48,11,37,國泰-松江,2024-08-14,8883
6244,茂迪,41,4,37,國泰-松江,2024-08-14,8883
8043,蜜望實,85,48,37,國泰-松江,2024-08-14,8883
8150,南茂,36,0,36,國泰-松江,2024-08-14,8883
4562,穎漢,140,105,35,國泰-松江,2024-08-14,8883
00680L,元大美債20正2,237,204,33,國泰-松江,2024-08-14,8883
00642U,期元大S＆P石油,33,0,33,國泰-松江,2024-08-14,8883
1611,中電,32,0,32,國泰-松江,2024-08-14,8883
3019,亞光,74,43,31,國泰-松江,2024-08-14,8883
00931B,統一美債20年,31,2,29,國泰-松江,2024-08-14,8883
8028,昇陽半導體,111,83,28,國泰-松江,2024-08-14,8883
2374,佳能,37,9,28,國泰-松江,2024-08-14,8883
00891,中信關鍵半導體,31,3,28,國泰-松江,2024-08-14,8883
2427,三商電,38,11,27,國泰-松江,2024-08-14,8883
00881,國泰台灣5G+,61,34,27,國泰-松江,2024-08-14,8883
2002,中鋼,92,67,25,國泰-松江,2024-08-14,8883
00923,群益台ESG低碳50,27,3,24,國泰-松江,2024-08-14,8883
1321,大洋,29,6,23,國泰-松江,2024-08-14,8883
3376,新日興,32,11,21,國泰-松江,2024-08-14,8883
3231,緯創,47,26,21,國泰-松江,2024-08-14,8883
2486,一詮,42,22,20,國泰-松江,2024-08-14,8883
8076,伍豐,29,9,20,國泰-松江,2024-08-14,8883
2547,日勝生,20,0,20,國泰-松江,2024-08-14,8883
00857B,永豐20年美公債,22,3,19,國泰-松江,2024-08-14,8883
1503,士電,34,15,19,國泰-松江,2024-08-14,8883
2420,新巨,19,1,18,國泰-松江,2024-08-14,8883
2515,中工,23,5,18,國泰-松江,2024-08-14,8883
4576,大銀微系統,67,50,17,國泰-松江,2024-08-14,8883
1314,中石化,18,1,17,國泰-松江,2024-08-14,8883
00929,復華台灣科技優息,1109,56,1053,國泰-松江,2024-08-15,8883
2884,玉山金,755,16,739,國泰-松江,2024-08-15,8883
1101,台泥,736,13,723,國泰-松江,2024-08-15,8883
00687B,國泰20年美債,496,80,416,國泰-松江,2024-08-15,8883
00900,富邦特選高股息30,324,1,323,國泰-松江,2024-08-15,8883
00878,國泰永續高股息,358,107,251,國泰-松江,2024-08-15,8883
2886,兆豐金,241,0,241,國泰-松江,2024-08-15,8883
00679B,元大美債20年,315,110,205,國泰-松江,2024-08-15,8883
00680L,元大美債20正2,274,77,197,國泰-松江,2024-08-15,8883
00664R,國泰臺灣加權反1,168,0,168,國泰-松江,2024-08-15,8883
00915,凱基優選高股息30,178,19,159,國泰-松江,2024-08-15,8883
00933B,國泰10Y+金融債,173,30,143,國泰-松江,2024-08-15,8883
2486,一詮,234,102,132,國泰-松江,2024-08-15,8883
00632R,元大台灣50反1,129,0,129,國泰-松江,2024-08-15,8883
00881,國泰台灣5G+,174,46,128,國泰-松江,2024-08-15,8883
2371,大同,157,35,122,國泰-松江,2024-08-15,8883
9946,三發地產,122,1,121,國泰-松江,2024-08-15,8883
00795B,中信美國公債20年,154,60,94,國泰-松江,2024-08-15,8883
00948B,中信優息投資級債,112,21,91,國泰-松江,2024-08-15,8883
00751B,元大AAA至A公司債,83,15,68,國泰-松江,2024-08-15,8883
00919,群益台灣精選高息,150,89,61,國泰-松江,2024-08-15,8883
3645,達邁,63,4,59,國泰-松江,2024-08-15,8883
00637L,元大滬深300正2,64,7,57,國泰-松江,2024-08-15,8883
1301,台塑,59,5,54,國泰-松江,2024-08-15,8883
2489,瑞軒,148,100,48,國泰-松江,2024-08-15,8883
3711,日月光投控,50,2,48,國泰-松江,2024-08-15,8883
4540,全球傳動,62,17,45,國泰-松江,2024-08-15,8883
4306,炎洲,42,0,42,國泰-松江,2024-08-15,8883
00688L,國泰20年美債正2,73,33,40,國泰-松江,2024-08-15,8883
5905,南仁湖,41,5,36,國泰-松江,2024-08-15,8883
1321,大洋,33,0,33,國泰-松江,2024-08-15,8883
00932,兆豐永續高息等權,32,1,31,國泰-松江,2024-08-15,8883
00911,兆豐洲際半導體,35,5,30,國泰-松江,2024-08-15,8883
2834,臺企銀,30,0,30,國泰-松江,2024-08-15,8883
00671R,富邦NASDAQ反1,30,0,30,國泰-松江,2024-08-15,8883
6215,和椿,42,12,30,國泰-松江,2024-08-15,8883
8374,羅昇,121,93,28,國泰-松江,2024-08-15,8883
00891,中信關鍵半導體,29,0,29,國泰-松江,2024-08-15,8883
4157,太景*-KY,29,4,25,國泰-松江,2024-08-15,8883
3013,晟銘電,70,45,25,國泰-松江,2024-08-15,8883
00857B,永豐20年美公債,30,5,25,國泰-松江,2024-08-15,8883
3663,鑫科,94,70,24,國泰-松江,2024-08-15,8883
2302,麗正,23,0,23,國泰-松江,2024-08-15,8883
2002,中鋼,100,77,23,國泰-松江,2024-08-15,8883
00923,群益台ESG低碳50,22,0,22,國泰-松江,2024-08-15,8883
3324,雙鴻,30,8,22,國泰-松江,2024-08-15,8883
2352,佳世達,47,26,21,國泰-松江,2024-08-15,8883
1307,三芳,20,0,20,國泰-松江,2024-08-15,8883
3058,立德,20,0,20,國泰-松江,2024-08-15,8883
2317,鴻海,127,107,20,國泰-松江,2024-08-15,8883
1101,台泥,507,31,476,國泰-松江,2024-08-16,8883
00679B,元大美債20年,613,177,436,國泰-松江,2024-08-16,8883
00688L,國泰20年美債正2,467,35,432,國泰-松江,2024-08-16,8883
8096,擎亞,516,161,355,國泰-松江,2024-08-16,8883
4540,全球傳動,233,45,188,國泰-松江,2024-08-16,8883
4174,浩鼎,179,2,177,國泰-松江,2024-08-16,8883
00795B,中信美國公債20年,175,34,141,國泰-松江,2024-08-16,8883
00687B,國泰20年美債,261,133,128,國泰-松江,2024-08-16,8883
00942B,台新美A公司債20+,120,1,119,國泰-松江,2024-08-16,8883
2349,錸德,116,11,105,國泰-松江,2024-08-16,8883
00945B,凱基美國非投等債,69,0,69,國泰-松江,2024-08-16,8883
4562,穎漢,97,36,61,國泰-松江,2024-08-16,8883
3376,新日興,69,10,59,國泰-松江,2024-08-16,8883
00720B,元大投資級公司債,62,4,58,國泰-松江,2024-08-16,8883
3056,富華新,55,2,53,國泰-松江,2024-08-16,8883
3576,聯合再生,73,21,52,國泰-松江,2024-08-16,8883
6216,居易,47,2,45,國泰-松江,2024-08-16,8883
00830,國泰費城半導體,51,7,44,國泰-松江,2024-08-16,8883
00900,富邦特選高股息30,50,9,41,國泰-松江,2024-08-16,8883
3712,永崴投控,43,4,39,國泰-松江,2024-08-16,8883
2323,中環,50,12,38,國泰-松江,2024-08-16,8883
2371,大同,38,2,36,國泰-松江,2024-08-16,8883
00948B,中信優息投資級債,40,4,36,國泰-松江,2024-08-16,8883
2489,瑞軒,62,27,35,國泰-松江,2024-08-16,8883
00931B,統一美債20年,41,7,34,國泰-松江,2024-08-16,8883
8027,鈦昇,32,3,29,國泰-松江,2024-08-16,8883
8374,羅昇,117,89,28,國泰-松江,2024-08-16,8883
2610,華航,27,0,27,國泰-松江,2024-08-16,8883
00933B,國泰10Y+金融債,88,61,27,國泰-松江,2024-08-16,8883
2356,英業達,51,25,26,國泰-松江,2024-08-16,8883
2002,中鋼,27,4,23,國泰-松江,2024-08-16,8883
1709,和益,22,0,22,國泰-松江,2024-08-16,8883
00676R,富邦臺灣加權反1,22,0,22,國泰-松江,2024-08-16,8883
00772B,中信高評級公司債,23,2,21,國泰-松江,2024-08-16,8883
6244,茂迪,20,0,20,國泰-松江,2024-08-16,8883
3003,健和興,21,1,20,國泰-松江,2024-08-16,8883
00935,野村臺灣新科技50,22,2,20,國泰-松江,2024-08-16,8883
2520,冠德,38,19,19,國泰-松江,2024-08-16,8883
2897,王道銀行,20,1,19,國泰-松江,2024-08-16,8883
6442,光聖,50,32,18,國泰-松江,2024-08-16,8883
6125,廣運,23,5,18,國泰-松江,2024-08-16,8883
6603,富強鑫,17,0,17,國泰-松江,2024-08-16,8883
5213,亞昕,27,10,17,國泰-松江,2024-08-16,8883
00881,國泰台灣5G+,46,29,17,國泰-松江,2024-08-16,8883
2542,興富發,20,4,16,國泰-松江,2024-08-16,8883
2062,橋椿,83,67,16,國泰-松江,2024-08-16,8883
2408,南亞科,24,10,14,國泰-松江,2024-08-16,8883
2352,佳世達,18,4,14,國泰-松江,2024-08-16,8883
6716,應廣,12,0,12,國泰-松江,2024-08-16,8883
9946,三發地產,15,3,12,國泰-松江,2024-08-16,8883
00929,復華台灣科技優息,1045,66,979,國泰-松江,2024-08-19,8883
1101,台泥,703,2,701,國泰-松江,2024-08-19,8883
00933B,國泰10Y+金融債,505,22,483,國泰-松江,2024-08-19,8883
00687B,國泰20年美債,386,40,346,國泰-松江,2024-08-19,8883
2886,兆豐金,330,3,327,國泰-松江,2024-08-19,8883
8028,昇陽半導體,318,74,244,國泰-松江,2024-08-19,8883
00949,復華日本龍頭,210,11,199,國泰-松江,2024-08-19,8883
2834,臺企銀,185,6,179,國泰-松江,2024-08-19,8883
00948B,中信優息投資級債,175,0,175,國泰-松江,2024-08-19,8883
4720,德淵,193,31,162,國泰-松江,2024-08-19,8883
2882,國泰金,158,15,143,國泰-松江,2024-08-19,8883
00795B,中信美國公債20年,133,0,133,國泰-松江,2024-08-19,8883
2888,新光金,821,701,120,國泰-松江,2024-08-19,8883
00936,台新永續高息中小,104,0,104,國泰-松江,2024-08-19,8883
2371,大同,105,6,99,國泰-松江,2024-08-19,8883
00919,群益台灣精選高息,122,39,83,國泰-松江,2024-08-19,8883
00706L,期元大S＆P日圓正2,76,0,76,國泰-松江,2024-08-19,8883
8096,擎亞,99,33,66,國泰-松江,2024-08-19,8883
6125,廣運,79,15,64,國泰-松江,2024-08-19,8883
5905,南仁湖,111,49,62,國泰-松江,2024-08-19,8883
4174,浩鼎,86,31,55,國泰-松江,2024-08-19,8883
00665L,富邦�琤肭磪囓�2,71,18,53,國泰-松江,2024-08-19,8883
3231,緯創,71,26,45,國泰-松江,2024-08-19,8883
6671,三能-KY,43,0,43,國泰-松江,2024-08-19,8883
00945B,凱基美國非投等債,42,0,42,國泰-松江,2024-08-19,8883
3607,谷崧,41,0,41,國泰-松江,2024-08-19,8883
3047,訊舟,380,340,40,國泰-松江,2024-08-19,8883
00646,元大S＆P500,39,0,39,國泰-松江,2024-08-19,8883
00662,富邦NASDAQ,40,1,39,國泰-松江,2024-08-19,8883
2027,大成鋼,35,0,35,國泰-松江,2024-08-19,8883
3522,御嵿,34,0,34,國泰-松江,2024-08-19,8883
2357,華碩,37,4,33,國泰-松江,2024-08-19,8883
00772B,中信高評級公司債,26,0,26,國泰-松江,2024-08-19,8883
5371,中光電,34,9,25,國泰-松江,2024-08-19,8883
6269,台郡,25,0,25,國泰-松江,2024-08-19,8883
00900,富邦特選高股息30,30,5,25,國泰-松江,2024-08-19,8883
6179,亞通,24,1,23,國泰-松江,2024-08-19,8883
00882,中信中國高股息,31,10,21,國泰-松江,2024-08-19,8883
2615,萬海,38,17,21,國泰-松江,2024-08-19,8883
1609,大亞,21,0,21,國泰-松江,2024-08-19,8883
8021,尖點,23,2,21,國泰-松江,2024-08-19,8883
4906,正文,23,3,20,國泰-松江,2024-08-19,8883
5439,高技,21,1,20,國泰-松江,2024-08-19,8883
1709,和益,20,0,20,國泰-松江,2024-08-19,8883
6016,康和證,19,0,19,國泰-松江,2024-08-19,8883
00946,群益科技高息成長,22,3,19,國泰-松江,2024-08-19,8883
8924,大田,18,0,18,國泰-松江,2024-08-19,8883
3048,益登,54,37,17,國泰-松江,2024-08-19,8883
3306,鼎天,17,0,17,國泰-松江,2024-08-19,8883
5009,榮剛,17,0,17,國泰-松江,2024-08-19,8883
4540,全球傳動,292,4,288,國泰-松江,2024-08-20,8883
2201,裕隆,206,0,206,國泰-松江,2024-08-20,8883
00687B,國泰20年美債,293,106,187,國泰-松江,2024-08-20,8883
00919,群益台灣精選高息,232,54,178,國泰-松江,2024-08-20,8883
2882,國泰金,188,18,170,國泰-松江,2024-08-20,8883
00929,復華台灣科技優息,250,82,168,國泰-松江,2024-08-20,8883
4306,炎洲,139,0,139,國泰-松江,2024-08-20,8883
00688L,國泰20年美債正2,124,4,120,國泰-松江,2024-08-20,8883
00715L,期街口布蘭特正2,120,1,119,國泰-松江,2024-08-20,8883
2610,華航,123,5,118,國泰-松江,2024-08-20,8883
1101,台泥,105,2,103,國泰-松江,2024-08-20,8883
8071,能率網通,100,2,98,國泰-松江,2024-08-20,8883
4720,德淵,162,80,82,國泰-松江,2024-08-20,8883
2102,泰豐,80,0,80,國泰-松江,2024-08-20,8883
00933B,國泰10Y+金融債,86,21,65,國泰-松江,2024-08-20,8883
2317,鴻海,139,75,64,國泰-松江,2024-08-20,8883
2515,中工,64,4,60,國泰-松江,2024-08-20,8883
00713,元大台灣高息低波,55,2,53,國泰-松江,2024-08-20,8883
00751B,元大AAA至A公司債,61,11,50,國泰-松江,2024-08-20,8883
5531,鄉林,50,0,50,國泰-松江,2024-08-20,8883
00923,群益台ESG低碳50,58,9,49,國泰-松江,2024-08-20,8883
3645,達邁,68,19,49,國泰-松江,2024-08-20,8883
00757,統一FANG+,42,0,42,國泰-松江,2024-08-20,8883
3312,弘憶股,87,46,41,國泰-松江,2024-08-20,8883
00648R,元大S＆P500反1,36,0,36,國泰-松江,2024-08-20,8883
5009,榮剛,35,1,34,國泰-松江,2024-08-20,8883
9945,潤泰新,36,2,34,國泰-松江,2024-08-20,8883
00712,復華富時不動產,32,0,32,國泰-松江,2024-08-20,8883
00907,永豐優息存股,31,0,31,國泰-松江,2024-08-20,8883
1785,光洋科,80,49,31,國泰-松江,2024-08-20,8883
00795B,中信美國公債20年,51,22,29,國泰-松江,2024-08-20,8883
2357,華碩,29,0,29,國泰-松江,2024-08-20,8883
00900,富邦特選高股息30,28,0,28,國泰-松江,2024-08-20,8883
2542,興富發,37,11,26,國泰-松江,2024-08-20,8883
00948B,中信優息投資級債,30,4,26,國泰-松江,2024-08-20,8883
00679B,元大美債20年,174,148,26,國泰-松江,2024-08-20,8883
00937B,群益ESG投等債20,107,82,25,國泰-松江,2024-08-20,8883
2365,昆盈,136,111,25,國泰-松江,2024-08-20,8883
3450,聯鈞,72,48,24,國泰-松江,2024-08-20,8883
3663,鑫科,90,66,24,國泰-松江,2024-08-20,8883
2489,瑞軒,37,13,24,國泰-松江,2024-08-20,8883
2520,冠德,50,26,24,國泰-松江,2024-08-20,8883
2002,中鋼,28,5,23,國泰-松江,2024-08-20,8883
8085,福華,22,0,22,國泰-松江,2024-08-20,8883
4979,華星光,25,3,22,國泰-松江,2024-08-20,8883
2374,佳能,83,61,22,國泰-松江,2024-08-20,8883
6139,亞翔,26,5,21,國泰-松江,2024-08-20,8883
1326,台化,21,0,21,國泰-松江,2024-08-20,8883
8150,南茂,20,0,20,國泰-松江,2024-08-20,8883
1721,三晃,20,0,20,國泰-松江,2024-08-20,8883
2888,新光金,2561,728,1833,國泰-松江,2024-08-21,8883
1101,台泥,409,24,385,國泰-松江,2024-08-21,8883
2891,中信金,391,48,343,國泰-松江,2024-08-21,8883
2886,兆豐金,288,0,288,國泰-松江,2024-08-21,8883
4540,全球傳動,917,694,223,國泰-松江,2024-08-21,8883
00671R,富邦NASDAQ反1,200,2,198,國泰-松江,2024-08-21,8883
00919,群益台灣精選高息,244,57,187,國泰-松江,2024-08-21,8883
00948B,中信優息投資級債,170,7,163,國泰-松江,2024-08-21,8883
00915,凱基優選高股息30,163,2,161,國泰-松江,2024-08-21,8883
00687B,國泰20年美債,205,57,148,國泰-松江,2024-08-21,8883
00648R,元大S＆P500反1,140,0,140,國泰-松江,2024-08-21,8883
00679B,元大美債20年,195,65,130,國泰-松江,2024-08-21,8883
00688L,國泰20年美債正2,122,15,107,國泰-松江,2024-08-21,8883
2610,華航,101,0,101,國泰-松江,2024-08-21,8883
2317,鴻海,107,35,72,國泰-松江,2024-08-21,8883
00953B,群益優選非投等債,69,1,68,國泰-松江,2024-08-21,8883
00878,國泰永續高股息,76,9,67,國泰-松江,2024-08-21,8883
2867,三商壽,87,29,58,國泰-松江,2024-08-21,8883
8150,南茂,52,0,52,國泰-松江,2024-08-21,8883
6757,台灣虎航,56,5,51,國泰-松江,2024-08-21,8883
2371,大同,74,26,48,國泰-松江,2024-08-21,8883
00706L,期元大S＆P日圓正2,51,6,45,國泰-松江,2024-08-21,8883
00907,永豐優息存股,44,0,44,國泰-松江,2024-08-21,8883
3711,日月光投控,45,1,44,國泰-松江,2024-08-21,8883
3227,原相,54,10,44,國泰-松江,2024-08-21,8883
00954,中信日本半導體,41,0,41,國泰-松江,2024-08-21,8883
00933B,國泰10Y+金融債,39,0,39,國泰-松江,2024-08-21,8883
5452,佶優,41,4,37,國泰-松江,2024-08-21,8883
00662,富邦NASDAQ,37,0,37,國泰-松江,2024-08-21,8883
00715L,期街口布蘭特正2,37,1,36,國泰-松江,2024-08-21,8883
00882,中信中國高股息,37,1,36,國泰-松江,2024-08-21,8883
00945B,凱基美國非投等債,33,0,33,國泰-松江,2024-08-21,8883
2540,愛山林,34,2,32,國泰-松江,2024-08-21,8883
00923,群益台ESG低碳50,32,0,32,國泰-松江,2024-08-21,8883
5009,榮剛,31,0,31,國泰-松江,2024-08-21,8883
4306,炎洲,29,0,29,國泰-松江,2024-08-21,8883
2354,鴻準,46,18,28,國泰-松江,2024-08-21,8883
2421,建準,26,0,26,國泰-松江,2024-08-21,8883
3686,達能,25,0,25,國泰-松江,2024-08-21,8883
8104,錸寶,32,9,23,國泰-松江,2024-08-21,8883
3017,奇鋐,41,19,22,國泰-松江,2024-08-21,8883
2362,藍天,40,18,22,國泰-松江,2024-08-21,8883
6869,雲豹能源,53,32,21,國泰-松江,2024-08-21,8883
5905,南仁湖,135,114,21,國泰-松江,2024-08-21,8883
00795B,中信美國公債20年,39,19,20,國泰-松江,2024-08-21,8883
4174,浩鼎,23,3,20,國泰-松江,2024-08-21,8883
3013,晟銘電,36,17,19,國泰-松江,2024-08-21,8883
3663,鑫科,42,24,18,國泰-松江,2024-08-21,8883
1785,光洋科,39,22,17,國泰-松江,2024-08-21,8883
3037,欣興,26,9,17,國泰-松江,2024-08-21,8883
00688L,國泰20年美債正2,435,5,430,國泰-松江,2024-08-22,8883
00679B,元大美債20年,493,279,214,國泰-松江,2024-08-22,8883
00929,復華台灣科技優息,223,18,205,國泰-松江,2024-08-22,8883
00933B,國泰10Y+金融債,165,10,155,國泰-松江,2024-08-22,8883
00687B,國泰20年美債,161,7,154,國泰-松江,2024-08-22,8883
2891,中信金,339,205,134,國泰-松江,2024-08-22,8883
00919,群益台灣精選高息,151,23,128,國泰-松江,2024-08-22,8883
4958,臻鼎-KY,112,5,107,國泰-松江,2024-08-22,8883
00878,國泰永續高股息,118,43,75,國泰-松江,2024-08-22,8883
2317,鴻海,112,37,75,國泰-松江,2024-08-22,8883
00940,元大台灣價值高息,102,29,73,國泰-松江,2024-08-22,8883
2890,永豐金,69,1,68,國泰-松江,2024-08-22,8883
00680L,元大美債20正2,103,36,67,國泰-松江,2024-08-22,8883
2610,華航,70,4,66,國泰-松江,2024-08-22,8883
00715L,期街口布蘭特正2,73,11,62,國泰-松江,2024-08-22,8883
2201,裕隆,61,0,61,國泰-松江,2024-08-22,8883
00937B,群益ESG投等債20,74,21,53,國泰-松江,2024-08-22,8883
2882,國泰金,49,2,47,國泰-松江,2024-08-22,8883
00637L,元大滬深300正2,41,1,40,國泰-松江,2024-08-22,8883
00907,永豐優息存股,39,0,39,國泰-松江,2024-08-22,8883
1717,長興,42,6,36,國泰-松江,2024-08-22,8883
8021,尖點,39,6,33,國泰-松江,2024-08-22,8883
00772B,中信高評級公司債,33,0,33,國泰-松江,2024-08-22,8883
00953B,群益優選非投等債,33,0,33,國泰-松江,2024-08-22,8883
00881,國泰台灣5G+,38,5,33,國泰-松江,2024-08-22,8883
4306,炎洲,31,0,31,國泰-松江,2024-08-22,8883
0050,元大台灣50,37,6,31,國泰-松江,2024-08-22,8883
2340,台亞,34,4,30,國泰-松江,2024-08-22,8883
2356,英業達,37,7,30,國泰-松江,2024-08-22,8883
00719B,元大美債1-3,31,2,29,國泰-松江,2024-08-22,8883
2881,富邦金,28,1,27,國泰-松江,2024-08-22,8883
8182,加高,25,0,25,國泰-松江,2024-08-22,8883
5519,隆大,30,5,25,國泰-松江,2024-08-22,8883
5371,中光電,41,17,24,國泰-松江,2024-08-22,8883
2883,凱基金,25,2,23,國泰-松江,2024-08-22,8883
2062,橋椿,46,25,21,國泰-松江,2024-08-22,8883
4513,福裕,32,12,20,國泰-松江,2024-08-22,8883
00673R,期元大S＆P原油反1,20,0,20,國泰-松江,2024-08-22,8883
4414,如興,20,0,20,國泰-松江,2024-08-22,8883
8033,雷虎,26,7,19,國泰-松江,2024-08-22,8883
6156,松上,30,11,19,國泰-松江,2024-08-22,8883
6509,聚和,19,1,18,國泰-松江,2024-08-22,8883
4909,新復興,22,5,17,國泰-松江,2024-08-22,8883
4908,前鼎,19,2,17,國泰-松江,2024-08-22,8883
2365,昆盈,154,138,16,國泰-松江,2024-08-22,8883
5321,美而快,16,0,16,國泰-松江,2024-08-22,8883
3673,TPK-KY,16,0,16,國泰-松江,2024-08-22,8883
1712,興農,15,0,15,國泰-松江,2024-08-22,8883
3024,憶聲,15,1,14,國泰-松江,2024-08-22,8883
1522,堤維西,13,0,13,國泰-松江,2024-08-22,8883
1307,三芳,579,0,579,國泰-松江,2024-08-23,8883
00688L,國泰20年美債正2,560,0,560,國泰-松江,2024-08-23,8883
00687B,國泰20年美債,302,9,293,國泰-松江,2024-08-23,8883
00680L,元大美債20正2,213,26,187,國泰-松江,2024-08-23,8883
00919,群益台灣精選高息,176,30,146,國泰-松江,2024-08-23,8883
00940,元大台灣價值高息,143,52,91,國泰-松江,2024-08-23,8883
00724B,群益投資級金融債,79,0,79,國泰-松江,2024-08-23,8883
5309,系統電,69,1,68,國泰-松江,2024-08-23,8883
0050,元大台灣50,71,8,63,國泰-松江,2024-08-23,8883
00929,復華台灣科技優息,86,26,60,國泰-松江,2024-08-23,8883
2891,中信金,72,18,54,國泰-松江,2024-08-23,8883
00795B,中信美國公債20年,58,4,54,國泰-松江,2024-08-23,8883
00936,台新永續高息中小,53,0,53,國泰-松江,2024-08-23,8883
00679B,元大美債20年,85,40,45,國泰-松江,2024-08-23,8883
4306,炎洲,40,0,40,國泰-松江,2024-08-23,8883
00670L,富邦NASDAQ正2,39,0,39,國泰-松江,2024-08-23,8883
2344,華邦電,48,9,39,國泰-松江,2024-08-23,8883
4720,德淵,35,0,35,國泰-松江,2024-08-23,8883
5452,佶優,46,12,34,國泰-松江,2024-08-23,8883
00882,中信中國高股息,48,15,33,國泰-松江,2024-08-23,8883
1326,台化,32,0,32,國泰-松江,2024-08-23,8883
3663,鑫科,80,53,27,國泰-松江,2024-08-23,8883
6509,聚和,27,1,26,國泰-松江,2024-08-23,8883
2371,大同,40,15,25,國泰-松江,2024-08-23,8883
8085,福華,25,1,24,國泰-松江,2024-08-23,8883
0056,元大高股息,54,31,23,國泰-松江,2024-08-23,8883
6550,北極星藥業-KY,23,1,22,國泰-松江,2024-08-23,8883
3522,御嵿,27,5,22,國泰-松江,2024-08-23,8883
2349,錸德,335,314,21,國泰-松江,2024-08-23,8883
2340,台亞,31,10,21,國泰-松江,2024-08-23,8883
00946,群益科技高息成長,36,16,20,國泰-松江,2024-08-23,8883
8033,雷虎,24,3,21,國泰-松江,2024-08-23,8883
2002,中鋼,20,0,20,國泰-松江,2024-08-23,8883
5519,隆大,23,3,20,國泰-松江,2024-08-23,8883
00939,統一台灣高息動能,22,3,19,國泰-松江,2024-08-23,8883
3189,景碩,52,33,19,國泰-松江,2024-08-23,8883
2882,國泰金,25,7,18,國泰-松江,2024-08-23,8883
00934,中信成長高股息,18,0,18,國泰-松江,2024-08-23,8883
00953B,群益優選非投等債,18,0,18,國泰-松江,2024-08-23,8883
00918,大華優利高填息30,28,11,17,國泰-松江,2024-08-23,8883
00772B,中信高評級公司債,22,5,17,國泰-松江,2024-08-23,8883
2353,宏��,16,0,16,國泰-松江,2024-08-23,8883
00646,元大S＆P500,16,0,16,國泰-松江,2024-08-23,8883
2617,台航,16,0,16,國泰-松江,2024-08-23,8883
00751B,元大AAA至A公司債,16,0,16,國泰-松江,2024-08-23,8883
1708,東鹼,46,30,16,國泰-松江,2024-08-23,8883
00885,富邦越南,26,11,15,國泰-松江,2024-08-23,8883
6213,聯茂,15,0,15,國泰-松江,2024-08-23,8883
3167,大量,44,30,14,國泰-松江,2024-08-23,8883
00719B,元大美債1-3,16,2,14,國泰-松江,2024-08-23,8883
2888,新光金,3864,1095,2769,國泰-松江,2024-08-26,8883
8039,台虹,500,67,433,國泰-松江,2024-08-26,8883
00919,群益台灣精選高息,323,61,262,國泰-松江,2024-08-26,8883
00632R,元大台灣50反1,561,306,255,國泰-松江,2024-08-26,8883
2409,友達,244,65,179,國泰-松江,2024-08-26,8883
00929,復華台灣科技優息,189,29,160,國泰-松江,2024-08-26,8883
00687B,國泰20年美債,171,22,149,國泰-松江,2024-08-26,8883
2402,毅嘉,148,37,111,國泰-松江,2024-08-26,8883
1307,三芳,105,1,104,國泰-松江,2024-08-26,8883
00679B,元大美債20年,101,19,82,國泰-松江,2024-08-26,8883
8071,能率網通,71,1,70,國泰-松江,2024-08-26,8883
00830,國泰費城半導體,80,10,70,國泰-松江,2024-08-26,8883
5443,均豪,177,118,59,國泰-松江,2024-08-26,8883
00953B,群益優選非投等債,58,0,58,國泰-松江,2024-08-26,8883
00937B,群益ESG投等債20,64,8,56,國泰-松江,2024-08-26,8883
4720,德淵,55,0,55,國泰-松江,2024-08-26,8883
3481,群創,143,91,52,國泰-松江,2024-08-26,8883
00918,大華優利高填息30,72,20,52,國泰-松江,2024-08-26,8883
2887,台新金,136,84,52,國泰-松江,2024-08-26,8883
00676R,富邦臺灣加權反1,50,0,50,國泰-松江,2024-08-26,8883
4306,炎洲,49,2,47,國泰-松江,2024-08-26,8883
2356,英業達,52,8,44,國泰-松江,2024-08-26,8883
2357,華碩,51,8,43,國泰-松江,2024-08-26,8883
2467,志聖,44,9,35,國泰-松江,2024-08-26,8883
00686R,群益臺灣加權反1,30,0,30,國泰-松江,2024-08-26,8883
3033,威健,36,6,30,國泰-松江,2024-08-26,8883
00772B,中信高評級公司債,35,6,29,國泰-松江,2024-08-26,8883
2331,精英,31,5,26,國泰-松江,2024-08-26,8883
6248,沛波,26,0,26,國泰-松江,2024-08-26,8883
2371,大同,31,7,24,國泰-松江,2024-08-26,8883
00882,中信中國高股息,24,1,23,國泰-松江,2024-08-26,8883
5880,合庫金,23,0,23,國泰-松江,2024-08-26,8883
3167,大量,50,28,22,國泰-松江,2024-08-26,8883
4909,新復興,24,2,22,國泰-松江,2024-08-26,8883
00751B,元大AAA至A公司債,21,0,21,國泰-松江,2024-08-26,8883
00637L,元大滬深300正2,22,1,21,國泰-松江,2024-08-26,8883
00720B,元大投資級公司債,27,7,20,國泰-松江,2024-08-26,8883
1514,亞力,28,9,19,國泰-松江,2024-08-26,8883
2382,廣達,34,15,19,國泰-松江,2024-08-26,8883
3163,波若威,27,9,18,國泰-松江,2024-08-26,8883
1776,展宇,21,3,18,國泰-松江,2024-08-26,8883
8070,長華*,27,9,18,國泰-松江,2024-08-26,8883
2486,一詮,26,9,17,國泰-松江,2024-08-26,8883
3653,健策,17,0,17,國泰-松江,2024-08-26,8883
00941,中信上游半導體,18,2,16,國泰-松江,2024-08-26,8883
4540,全球傳動,25,9,16,國泰-松江,2024-08-26,8883
2392,正崴,16,1,15,國泰-松江,2024-08-26,8883
3535,晶彩科,50,35,15,國泰-松江,2024-08-26,8883
3663,鑫科,35,21,14,國泰-松江,2024-08-26,8883
6152,百一,14,0,14,國泰-松江,2024-08-26,8883
00919,群益台灣精選高息,266,67,199,國泰-松江,2024-08-27,8883
00679B,元大美債20年,227,45,182,國泰-松江,2024-08-27,8883
2610,華航,180,1,179,國泰-松江,2024-08-27,8883
00688L,國泰20年美債正2,206,32,174,國泰-松江,2024-08-27,8883
3481,群創,290,132,158,國泰-松江,2024-08-27,8883
8039,台虹,366,210,156,國泰-松江,2024-08-27,8883
2891,中信金,150,19,131,國泰-松江,2024-08-27,8883
4720,德淵,129,0,129,國泰-松江,2024-08-27,8883
00878,國泰永續高股息,166,39,127,國泰-松江,2024-08-27,8883
00929,復華台灣科技優息,235,108,127,國泰-松江,2024-08-27,8883
00751B,元大AAA至A公司債,128,10,118,國泰-松江,2024-08-27,8883
00632R,元大台灣50反1,568,460,108,國泰-松江,2024-08-27,8883
00713,元大台灣高息低波,105,3,102,國泰-松江,2024-08-27,8883
1307,三芳,101,0,101,國泰-松江,2024-08-27,8883
00687B,國泰20年美債,173,73,100,國泰-松江,2024-08-27,8883
3645,達邁,77,1,76,國泰-松江,2024-08-27,8883
00680L,元大美債20正2,108,33,75,國泰-松江,2024-08-27,8883
2317,鴻海,60,13,47,國泰-松江,2024-08-27,8883
6706,惠特,47,3,44,國泰-松江,2024-08-27,8883
3033,威健,56,14,42,國泰-松江,2024-08-27,8883
2609,陽明,53,13,40,國泰-松江,2024-08-27,8883
00764B,群益25年美債,50,11,39,國泰-松江,2024-08-27,8883
2603,長榮,53,14,39,國泰-松江,2024-08-27,8883
6143,振曜,39,6,33,國泰-松江,2024-08-27,8883
00948B,中信優息投資級債,33,0,33,國泰-松江,2024-08-27,8883
0056,元大高股息,37,6,31,國泰-松江,2024-08-27,8883
00918,大華優利高填息30,35,5,30,國泰-松江,2024-08-27,8883
1709,和益,30,0,30,國泰-松江,2024-08-27,8883
00720B,元大投資級公司債,28,0,28,國泰-松江,2024-08-27,8883
4967,十銓,133,111,22,國泰-松江,2024-08-27,8883
5876,上海商銀,21,0,21,國泰-松江,2024-08-27,8883
2349,錸德,70,49,21,國泰-松江,2024-08-27,8883
2906,高林,21,0,21,國泰-松江,2024-08-27,8883
8111,立��,53,32,21,國泰-松江,2024-08-27,8883
2542,興富發,22,1,21,國泰-松江,2024-08-27,8883
2027,大成鋼,20,0,20,國泰-松江,2024-08-27,8883
6210,慶生,20,0,20,國泰-松江,2024-08-27,8883
6244,茂迪,25,5,20,國泰-松江,2024-08-27,8883
6873,泓德能源,19,0,19,國泰-松江,2024-08-27,8883
00891,中信關鍵半導體,25,7,18,國泰-松江,2024-08-27,8883
2356,英業達,20,2,18,國泰-松江,2024-08-27,8883
5009,榮剛,23,5,18,國泰-松江,2024-08-27,8883
2303,聯電,20,3,17,國泰-松江,2024-08-27,8883
6753,龍德造船,19,3,16,國泰-松江,2024-08-27,8883
00673R,期元大S＆P原油反1,16,0,16,國泰-松江,2024-08-27,8883
4906,正文,16,0,16,國泰-松江,2024-08-27,8883
2882,國泰金,17,2,15,國泰-松江,2024-08-27,8883
2417,圓剛,16,1,15,國泰-松江,2024-08-27,8883
6799,來頡,15,0,15,國泰-松江,2024-08-27,8883
2382,廣達,27,12,15,國泰-松江,2024-08-27,8883
00937B,群益ESG投等債20,1148,75,1073,國泰-松江,2024-08-28,8883
2886,兆豐金,759,1,758,國泰-松江,2024-08-28,8883
00680L,元大美債20正2,204,14,190,國泰-松江,2024-08-28,8883
00632R,元大台灣50反1,523,377,146,國泰-松江,2024-08-28,8883
2402,毅嘉,216,80,136,國泰-松江,2024-08-28,8883
00885,富邦越南,100,3,97,國泰-松江,2024-08-28,8883
00679B,元大美債20年,85,12,73,國泰-松江,2024-08-28,8883
00688L,國泰20年美債正2,69,0,69,國泰-松江,2024-08-28,8883
5443,均豪,306,237,69,國泰-松江,2024-08-28,8883
00959B,大華投等美債15Y+,68,0,68,國泰-松江,2024-08-28,8883
8071,能率網通,52,2,50,國泰-松江,2024-08-28,8883
00637L,元大滬深300正2,224,175,49,國泰-松江,2024-08-28,8883
00940,元大台灣價值高息,45,1,44,國泰-松江,2024-08-28,8883
1815,富喬,46,3,43,國泰-松江,2024-08-28,8883
4540,全球傳動,74,36,38,國泰-松江,2024-08-28,8883
6156,松上,40,3,37,國泰-松江,2024-08-28,8883
00878,國泰永續高股息,55,19,36,國泰-松江,2024-08-28,8883
6244,茂迪,37,1,36,國泰-松江,2024-08-28,8883
2367,燿華,67,31,36,國泰-松江,2024-08-28,8883
2409,友達,38,3,35,國泰-松江,2024-08-28,8883
00753L,中信中國50正2,34,0,34,國泰-松江,2024-08-28,8883
3062,建漢,53,20,33,國泰-松江,2024-08-28,8883
00676R,富邦臺灣加權反1,32,0,32,國泰-松江,2024-08-28,8883
2867,三商壽,63,31,32,國泰-松江,2024-08-28,8883
6873,泓德能源,31,0,31,國泰-松江,2024-08-28,8883
2337,旺宏,31,0,31,國泰-松江,2024-08-28,8883
3550,聯穎,47,16,31,國泰-松江,2024-08-28,8883
6609,瀧澤科,54,23,31,國泰-松江,2024-08-28,8883
2371,大同,31,4,27,國泰-松江,2024-08-28,8883
2887,台新金,43,17,26,國泰-松江,2024-08-28,8883
8028,昇陽半導體,58,33,25,國泰-松江,2024-08-28,8883
2382,廣達,29,5,24,國泰-松江,2024-08-28,8883
3081,聯亞,43,20,23,國泰-松江,2024-08-28,8883
00953B,群益優選非投等債,26,5,21,國泰-松江,2024-08-28,8883
2880,華南金,20,0,20,國泰-松江,2024-08-28,8883
1528,恩德,23,3,20,國泰-松江,2024-08-28,8883
00882,中信中國高股息,22,2,20,國泰-松江,2024-08-28,8883
3010,華立,21,2,19,國泰-松江,2024-08-28,8883
00687B,國泰20年美債,87,69,18,國泰-松江,2024-08-28,8883
2317,鴻海,79,62,17,國泰-松江,2024-08-28,8883
8064,東捷,46,29,17,國泰-松江,2024-08-28,8883
2834,臺企銀,16,0,16,國泰-松江,2024-08-28,8883
8473,山林水,16,0,16,國泰-松江,2024-08-28,8883
4716,大立,16,0,16,國泰-松江,2024-08-28,8883
5364,力麗店,15,0,15,國泰-松江,2024-08-28,8883
4139,馬光-KY,15,0,15,國泰-松江,2024-08-28,8883
5469,瀚宇博,16,2,14,國泰-松江,2024-08-28,8883
2324,仁寶,14,0,14,國泰-松江,2024-08-28,8883
9958,世紀鋼,44,31,13,國泰-松江,2024-08-28,8883
2454,聯發科,17,5,12,國泰-松江,2024-08-28,8883
00937B,群益ESG投等債20,1192,57,1135,國泰-松江,2024-08-29,8883
2886,兆豐金,735,0,735,國泰-松江,2024-08-29,8883
00687B,國泰20年美債,726,30,696,國泰-松江,2024-08-29,8883
00679B,元大美債20年,310,39,271,國泰-松江,2024-08-29,8883
00919,群益台灣精選高息,206,16,190,國泰-松江,2024-08-29,8883
00637L,元大滬深300正2,172,3,169,國泰-松江,2024-08-29,8883
00948B,中信優息投資級債,159,0,159,國泰-松江,2024-08-29,8883
00795B,中信美國公債20年,133,2,131,國泰-松江,2024-08-29,8883
2891,中信金,140,22,118,國泰-松江,2024-08-29,8883
00688L,國泰20年美債正2,117,9,108,國泰-松江,2024-08-29,8883
00933B,國泰10Y+金融債,77,0,77,國泰-松江,2024-08-29,8883
2888,新光金,145,83,62,國泰-松江,2024-08-29,8883
00680L,元大美債20正2,72,14,58,國泰-松江,2024-08-29,8883
4540,全球傳動,111,54,57,國泰-松江,2024-08-29,8883
2330,台積電,68,16,52,國泰-松江,2024-08-29,8883
4303,信立,80,31,49,國泰-松江,2024-08-29,8883
00882,中信中國高股息,49,0,49,國泰-松江,2024-08-29,8883
0050,元大台灣50,78,30,48,國泰-松江,2024-08-29,8883
1540,喬福,165,120,45,國泰-松江,2024-08-29,8883
00959B,大華投等美債15Y+,44,0,44,國泰-松江,2024-08-29,8883
2371,大同,45,2,43,國泰-松江,2024-08-29,8883
3149,正達,43,6,37,國泰-松江,2024-08-29,8883
6603,富強鑫,84,47,37,國泰-松江,2024-08-29,8883
00670L,富邦NASDAQ正2,36,0,36,國泰-松江,2024-08-29,8883
00772B,中信高評級公司債,37,3,34,國泰-松江,2024-08-29,8883
2515,中工,38,4,34,國泰-松江,2024-08-29,8883
2317,鴻海,105,72,33,國泰-松江,2024-08-29,8883
2834,臺企銀,32,0,32,國泰-松江,2024-08-29,8883
00918,大華優利高填息30,39,8,31,國泰-松江,2024-08-29,8883
00662,富邦NASDAQ,30,0,30,國泰-松江,2024-08-29,8883
6411,晶焱,30,0,30,國泰-松江,2024-08-29,8883
3450,聯鈞,200,171,29,國泰-松江,2024-08-29,8883
00881,國泰台灣5G+,34,5,29,國泰-松江,2024-08-29,8883
00665L,富邦�琤肭磪囓�2,28,1,27,國泰-松江,2024-08-29,8883
2801,彰銀,26,0,26,國泰-松江,2024-08-29,8883
00911,兆豐洲際半導體,24,0,24,國泰-松江,2024-08-29,8883
1722,台肥,22,0,22,國泰-松江,2024-08-29,8883
2313,華通,96,75,21,國泰-松江,2024-08-29,8883
1314,中石化,22,1,21,國泰-松江,2024-08-29,8883
6016,康和證,25,5,20,國泰-松江,2024-08-29,8883
9958,世紀鋼,28,8,20,國泰-松江,2024-08-29,8883
2382,廣達,30,11,19,國泰-松江,2024-08-29,8883
4510,高鋒,115,96,19,國泰-松江,2024-08-29,8883
3048,益登,20,2,18,國泰-松江,2024-08-29,8883
4973,廣穎,18,0,18,國泰-松江,2024-08-29,8883
2356,英業達,18,0,18,國泰-松江,2024-08-29,8883
00715L,期街口布蘭特正2,17,0,17,國泰-松江,2024-08-29,8883
2610,華航,17,0,17,國泰-松江,2024-08-29,8883
6869,雲豹能源,24,8,16,國泰-松江,2024-08-29,8883
00935,野村臺灣新科技50,16,0,16,國泰-松江,2024-08-29,8883
2349,錸德,368,13,355,國泰-松江,2024-08-30,8883
2886,兆豐金,317,5,312,國泰-松江,2024-08-30,8883
00687B,國泰20年美債,226,23,203,國泰-松江,2024-08-30,8883
00937B,群益ESG投等債20,159,10,149,國泰-松江,2024-08-30,8883
3062,建漢,191,46,145,國泰-松江,2024-08-30,8883
6156,松上,106,7,99,國泰-松江,2024-08-30,8883
00688L,國泰20年美債正2,91,0,91,國泰-松江,2024-08-30,8883
00919,群益台灣精選高息,152,63,89,國泰-松江,2024-08-30,8883
00632R,元大台灣50反1,162,80,82,國泰-松江,2024-08-30,8883
2610,華航,71,7,64,國泰-松江,2024-08-30,8883
4720,德淵,190,128,62,國泰-松江,2024-08-30,8883
2367,燿華,170,110,60,國泰-松江,2024-08-30,8883
2888,新光金,111,52,59,國泰-松江,2024-08-30,8883
3167,大量,56,2,54,國泰-松江,2024-08-30,8883
3535,晶彩科,66,18,48,國泰-松江,2024-08-30,8883
1711,永光,120,72,48,國泰-松江,2024-08-30,8883
6215,和椿,85,42,43,國泰-松江,2024-08-30,8883
2891,中信金,76,33,43,國泰-松江,2024-08-30,8883
4526,東台,172,131,41,國泰-松江,2024-08-30,8883
2371,大同,41,1,40,國泰-松江,2024-08-30,8883
3580,友威科,51,11,40,國泰-松江,2024-08-30,8883
5452,佶優,42,3,39,國泰-松江,2024-08-30,8883
00933B,國泰10Y+金融債,37,1,36,國泰-松江,2024-08-30,8883
8085,福華,40,5,35,國泰-松江,2024-08-30,8883
6213,聯茂,44,10,34,國泰-松江,2024-08-30,8883
3189,景碩,95,62,33,國泰-松江,2024-08-30,8883
2340,台亞,45,13,32,國泰-松江,2024-08-30,8883
6218,豪勉,31,0,31,國泰-松江,2024-08-30,8883
00680L,元大美債20正2,65,36,29,國泰-松江,2024-08-30,8883
6278,台表科,31,4,27,國泰-松江,2024-08-30,8883
4906,正文,28,1,27,國泰-松江,2024-08-30,8883
3094,聯傑,28,1,27,國泰-松江,2024-08-30,8883
00878,國泰永續高股息,53,26,27,國泰-松江,2024-08-30,8883
2313,華通,77,51,26,國泰-松江,2024-08-30,8883
2425,承啟,66,41,25,國泰-松江,2024-08-30,8883
4303,信立,78,53,25,國泰-松江,2024-08-30,8883
6706,惠特,35,11,24,國泰-松江,2024-08-30,8883
5474,聰泰,28,4,24,國泰-松江,2024-08-30,8883
8086,宏捷科,42,18,24,國泰-松江,2024-08-30,8883
6698,旭暉應材,42,20,22,國泰-松江,2024-08-30,8883
4561,健椿,79,57,22,國泰-松江,2024-08-30,8883
00751B,元大AAA至A公司債,22,0,22,國泰-松江,2024-08-30,8883
1539,巨庭,22,1,21,國泰-松江,2024-08-30,8883
00674R,期元大S＆P黃金反1,40,20,20,國泰-松江,2024-08-30,8883
1721,三晃,20,1,19,國泰-松江,2024-08-30,8883
3015,全漢,24,6,18,國泰-松江,2024-08-30,8883
3374,精材,21,4,17,國泰-松江,2024-08-30,8883
3663,鑫科,33,16,17,國泰-松江,2024-08-30,8883
2312,金寶,42,25,17,國泰-松江,2024-08-30,8883
4960,誠美材,26,10,16,國泰-松江,2024-08-30,8883
00637L,元大滬深300正2,2033,2,2031,國泰-松江,2024-09-02,8883
00915,凱基優選高股息30,1091,8,1083,國泰-松江,2024-09-02,8883
00937B,群益ESG投等債20,1018,18,1000,國泰-松江,2024-09-02,8883
00687B,國泰20年美債,959,36,923,國泰-松江,2024-09-02,8883
00680L,元大美債20正2,427,0,427,國泰-松江,2024-09-02,8883
00919,群益台灣精選高息,300,66,234,國泰-松江,2024-09-02,8883
00918,大華優利高填息30,186,1,185,國泰-松江,2024-09-02,8883
4720,德淵,143,0,143,國泰-松江,2024-09-02,8883
00679B,元大美債20年,164,46,118,國泰-松江,2024-09-02,8883
2891,中信金,150,39,111,國泰-松江,2024-09-02,8883
00715L,期街口布蘭特正2,111,0,111,國泰-松江,2024-09-02,8883
8111,立��,94,21,73,國泰-松江,2024-09-02,8883
6706,惠特,113,48,65,國泰-松江,2024-09-02,8883
00719B,元大美債1-3,63,1,62,國泰-松江,2024-09-02,8883
2615,萬海,70,17,53,國泰-松江,2024-09-02,8883
00751B,元大AAA至A公司債,48,0,48,國泰-松江,2024-09-02,8883
00665L,富邦�琤肭磪囓�2,48,1,47,國泰-松江,2024-09-02,8883
9945,潤泰新,42,0,42,國泰-松江,2024-09-02,8883
3081,聯亞,82,41,41,國泰-松江,2024-09-02,8883
2313,華通,53,14,39,國泰-松江,2024-09-02,8883
2537,聯上發,65,26,39,國泰-松江,2024-09-02,8883
00795B,中信美國公債20年,44,6,38,國泰-松江,2024-09-02,8883
1785,光洋科,123,88,35,國泰-松江,2024-09-02,8883
2371,大同,37,2,35,國泰-松江,2024-09-02,8883
2609,陽明,39,5,34,國泰-松江,2024-09-02,8883
2887,台新金,38,6,32,國泰-松江,2024-09-02,8883
4303,信立,48,17,31,國泰-松江,2024-09-02,8883
6274,台燿,42,11,31,國泰-松江,2024-09-02,8883
00955,中信日本商社,30,1,29,國泰-松江,2024-09-02,8883
4564,元翎,35,6,29,國泰-松江,2024-09-02,8883
4540,全球傳動,37,9,28,國泰-松江,2024-09-02,8883
00948B,中信優息投資級債,27,0,27,國泰-松江,2024-09-02,8883
00882,中信中國高股息,27,1,26,國泰-松江,2024-09-02,8883
00939,統一台灣高息動能,27,1,26,國泰-松江,2024-09-02,8883
2834,臺企銀,30,5,25,國泰-松江,2024-09-02,8883
3062,建漢,60,36,24,國泰-松江,2024-09-02,8883
00696B,富邦美債20年,24,0,24,國泰-松江,2024-09-02,8883
1709,和益,22,0,22,國泰-松江,2024-09-02,8883
00713,元大台灣高息低波,26,4,22,國泰-松江,2024-09-02,8883
2303,聯電,22,0,22,國泰-松江,2024-09-02,8883
8105,凌巨,69,48,21,國泰-松江,2024-09-02,8883
1307,三芳,21,0,21,國泰-松江,2024-09-02,8883
2367,燿華,92,72,20,國泰-松江,2024-09-02,8883
6873,泓德能源,19,0,19,國泰-松江,2024-09-02,8883
2362,藍天,29,11,18,國泰-松江,2024-09-02,8883
3653,健策,18,0,18,國泰-松江,2024-09-02,8883
8085,福華,27,9,18,國泰-松江,2024-09-02,8883
00706L,期元大S＆P日圓正2,18,0,18,國泰-松江,2024-09-02,8883
8121,越峰,18,0,18,國泰-松江,2024-09-02,8883
1514,亞力,28,10,18,國泰-松江,2024-09-02,8883
00919,群益台灣精選高息,330,25,305,國泰-松江,2024-09-03,8883
00687B,國泰20年美債,275,17,258,國泰-松江,2024-09-03,8883
00878,國泰永續高股息,272,114,158,國泰-松江,2024-09-03,8883
00915,凱基優選高股息30,142,2,140,國泰-松江,2024-09-03,8883
00795B,中信美國公債20年,120,2,118,國泰-松江,2024-09-03,8883
00680L,元大美債20正2,114,2,112,國泰-松江,2024-09-03,8883
00918,大華優利高填息30,109,5,104,國泰-松江,2024-09-03,8883
00642U,期元大S＆P石油,100,2,98,國泰-松江,2024-09-03,8883
00632R,元大台灣50反1,501,405,96,國泰-松江,2024-09-03,8883
2883,凱基金,101,12,89,國泰-松江,2024-09-03,8883
00933B,國泰10Y+金融債,72,0,72,國泰-松江,2024-09-03,8883
2420,新巨,106,37,69,國泰-松江,2024-09-03,8883
2886,兆豐金,63,0,63,國泰-松江,2024-09-03,8883
0056,元大高股息,85,22,63,國泰-松江,2024-09-03,8883
0050,元大台灣50,66,8,58,國泰-松江,2024-09-03,8883
2486,一詮,108,62,46,國泰-松江,2024-09-03,8883
00932,兆豐永續高息等權,44,0,44,國泰-松江,2024-09-03,8883
4566,時碩工業,68,24,44,國泰-松江,2024-09-03,8883
2887,台新金,46,6,40,國泰-松江,2024-09-03,8883
00679B,元大美債20年,46,7,39,國泰-松江,2024-09-03,8883
3231,緯創,40,5,35,國泰-松江,2024-09-03,8883
2891,中信金,63,28,35,國泰-松江,2024-09-03,8883
2881,富邦金,35,1,34,國泰-松江,2024-09-03,8883
00688L,國泰20年美債正2,32,0,32,國泰-松江,2024-09-03,8883
1301,台塑,32,0,32,國泰-松江,2024-09-03,8883
8027,鈦昇,55,27,28,國泰-松江,2024-09-03,8883
00713,元大台灣高息低波,34,9,25,國泰-松江,2024-09-03,8883
00948B,中信優息投資級債,27,2,25,國泰-松江,2024-09-03,8883
2356,英業達,25,1,24,國泰-松江,2024-09-03,8883
2609,陽明,29,5,24,國泰-松江,2024-09-03,8883
2313,華通,64,41,23,國泰-松江,2024-09-03,8883
2618,長榮航,38,16,22,國泰-松江,2024-09-03,8883
2515,中工,22,0,22,國泰-松江,2024-09-03,8883
00725B,國泰投資級公司債,21,0,21,國泰-松江,2024-09-03,8883
1709,和益,20,0,20,國泰-松江,2024-09-03,8883
00951,台新日本半導體,19,0,19,國泰-松江,2024-09-03,8883
3450,聯鈞,66,48,18,國泰-松江,2024-09-03,8883
3047,訊舟,80,62,18,國泰-松江,2024-09-03,8883
3105,穩懋,24,6,18,國泰-松江,2024-09-03,8883
5443,均豪,131,114,17,國泰-松江,2024-09-03,8883
1326,台化,17,0,17,國泰-松江,2024-09-03,8883
3037,欣興,24,8,16,國泰-松江,2024-09-03,8883
1785,光洋科,35,19,16,國泰-松江,2024-09-03,8883
3312,弘憶股,34,18,16,國泰-松江,2024-09-03,8883
2101,南港,26,10,16,國泰-松江,2024-09-03,8883
2355,敬鵬,16,0,16,國泰-松江,2024-09-03,8883
6530,創威,25,9,16,國泰-松江,2024-09-03,8883
8086,宏捷科,16,1,15,國泰-松江,2024-09-03,8883
1558,伸興,15,0,15,國泰-松江,2024-09-03,8883
6116,彩晶,14,0,14,國泰-松江,2024-09-03,8883
00929,復華台灣科技優息,1010,58,952,國泰-松江,2024-09-04,8883
00919,群益台灣精選高息,762,31,731,國泰-松江,2024-09-04,8883
00878,國泰永續高股息,671,97,574,國泰-松江,2024-09-04,8883
2349,錸德,536,12,524,國泰-松江,2024-09-04,8883
00918,大華優利高填息30,457,5,452,國泰-松江,2024-09-04,8883
2886,兆豐金,229,0,229,國泰-松江,2024-09-04,8883
006208,富邦台50,210,1,209,國泰-松江,2024-09-04,8883
0056,元大高股息,258,54,204,國泰-松江,2024-09-04,8883
00940,元大台灣價值高息,328,125,203,國泰-松江,2024-09-04,8883
00951,台新日本半導體,198,2,196,國泰-松江,2024-09-04,8883
2330,台積電,196,19,177,國泰-松江,2024-09-04,8883
00948B,中信優息投資級債,172,3,169,國泰-松江,2024-09-04,8883
00915,凱基優選高股息30,168,13,155,國泰-松江,2024-09-04,8883
00713,元大台灣高息低波,148,5,143,國泰-松江,2024-09-04,8883
00881,國泰台灣5G+,149,7,142,國泰-松江,2024-09-04,8883
2891,中信金,179,48,131,國泰-松江,2024-09-04,8883
2002,中鋼,150,50,100,國泰-松江,2024-09-04,8883
00637L,元大滬深300正2,128,31,97,國泰-松江,2024-09-04,8883
00715L,期街口布蘭特正2,108,18,90,國泰-松江,2024-09-04,8883
00911,兆豐洲際半導體,86,1,85,國泰-松江,2024-09-04,8883
00687B,國泰20年美債,453,372,81,國泰-松江,2024-09-04,8883
0050,元大台灣50,117,41,76,國泰-松江,2024-09-04,8883
2888,新光金,163,89,74,國泰-松江,2024-09-04,8883
2882,國泰金,92,18,74,國泰-松江,2024-09-04,8883
2610,華航,99,32,67,國泰-松江,2024-09-04,8883
2371,大同,75,11,64,國泰-松江,2024-09-04,8883
1307,三芳,68,5,63,國泰-松江,2024-09-04,8883
3206,志豐,60,0,60,國泰-松江,2024-09-04,8883
2609,陽明,92,33,59,國泰-松江,2024-09-04,8883
2486,一詮,84,25,59,國泰-松江,2024-09-04,8883
2382,廣達,74,18,56,國泰-松江,2024-09-04,8883
00631L,元大台灣50正2,97,41,56,國泰-松江,2024-09-04,8883
1301,台塑,65,10,55,國泰-松江,2024-09-04,8883
00936,台新永續高息中小,57,3,54,國泰-松江,2024-09-04,8883
2834,臺企銀,58,5,53,國泰-松江,2024-09-04,8883
2637,慧洋-KY,53,2,51,國泰-松江,2024-09-04,8883
00671R,富邦NASDAQ反1,50,0,50,國泰-松江,2024-09-04,8883
00891,中信關鍵半導體,51,2,49,國泰-松江,2024-09-04,8883
00946,群益科技高息成長,49,3,46,國泰-松江,2024-09-04,8883
00945B,凱基美國非投等債,69,23,46,國泰-松江,2024-09-04,8883
5388,中磊,46,0,46,國泰-松江,2024-09-04,8883
4414,如興,46,0,46,國泰-松江,2024-09-04,8883
2402,毅嘉,69,24,45,國泰-松江,2024-09-04,8883
00830,國泰費城半導體,51,9,42,國泰-松江,2024-09-04,8883
00950B,凱基A級公司債,40,0,40,國泰-松江,2024-09-04,8883
2801,彰銀,37,0,37,國泰-松江,2024-09-04,8883
00923,群益台ESG低碳50,49,12,37,國泰-松江,2024-09-04,8883
00921,兆豐龍頭等權重,39,4,35,國泰-松江,2024-09-04,8883
00935,野村臺灣新科技50,37,3,34,國泰-松江,2024-09-04,8883
6695,芯鼎,36,3,33,國泰-松江,2024-09-04,8883
00919,群益台灣精選高息,1698,32,1666,國泰-松江,2024-09-05,8883
3481,群創,776,15,761,國泰-松江,2024-09-05,8883
00878,國泰永續高股息,194,42,152,國泰-松江,2024-09-05,8883
00642U,期元大S＆P石油,141,0,141,國泰-松江,2024-09-05,8883
2317,鴻海,188,77,111,國泰-松江,2024-09-05,8883
00929,復華台灣科技優息,250,143,107,國泰-松江,2024-09-05,8883
00940,元大台灣價值高息,135,41,94,國泰-松江,2024-09-05,8883
00933B,國泰10Y+金融債,80,5,75,國泰-松江,2024-09-05,8883
00715L,期街口布蘭特正2,78,6,72,國泰-松江,2024-09-05,8883
00918,大華優利高填息30,69,5,64,國泰-松江,2024-09-05,8883
00911,兆豐洲際半導體,64,0,64,國泰-松江,2024-09-05,8883
00713,元大台灣高息低波,67,3,64,國泰-松江,2024-09-05,8883
0056,元大高股息,62,6,56,國泰-松江,2024-09-05,8883
4510,高鋒,158,104,54,國泰-松江,2024-09-05,8883
00915,凱基優選高股息30,48,0,48,國泰-松江,2024-09-05,8883
00930,永豐ESG低碳高息,48,0,48,國泰-松江,2024-09-05,8883
1540,喬福,204,158,46,國泰-松江,2024-09-05,8883
2344,華邦電,65,21,44,國泰-松江,2024-09-05,8883
00952,凱基台灣AI50,53,10,43,國泰-松江,2024-09-05,8883
3163,波若威,48,8,40,國泰-松江,2024-09-05,8883
2382,廣達,41,4,37,國泰-松江,2024-09-05,8883
00882,中信中國高股息,36,0,36,國泰-松江,2024-09-05,8883
2337,旺宏,40,4,36,國泰-松江,2024-09-05,8883
2408,南亞科,37,2,35,國泰-松江,2024-09-05,8883
2303,聯電,39,6,33,國泰-松江,2024-09-05,8883
2371,大同,46,13,33,國泰-松江,2024-09-05,8883
1307,三芳,33,0,33,國泰-松江,2024-09-05,8883
00685L,群益臺灣加權正2,36,4,32,國泰-松江,2024-09-05,8883
00951,台新日本半導體,29,0,29,國泰-松江,2024-09-05,8883
3363,上詮,39,10,29,國泰-松江,2024-09-05,8883
6168,宏齊,30,1,29,國泰-松江,2024-09-05,8883
3711,日月光投控,27,0,27,國泰-松江,2024-09-05,8883
2834,臺企銀,26,0,26,國泰-松江,2024-09-05,8883
8092,建暐,25,0,25,國泰-松江,2024-09-05,8883
1314,中石化,26,2,24,國泰-松江,2024-09-05,8883
3374,精材,46,22,24,國泰-松江,2024-09-05,8883
3580,友威科,29,7,22,國泰-松江,2024-09-05,8883
4147,中裕,24,3,21,國泰-松江,2024-09-05,8883
5009,榮剛,33,12,21,國泰-松江,2024-09-05,8883
2438,翔耀,19,0,19,國泰-松江,2024-09-05,8883
2362,藍天,31,12,19,國泰-松江,2024-09-05,8883
00941,中信上游半導體,19,0,19,國泰-松江,2024-09-05,8883
00891,中信關鍵半導體,18,1,17,國泰-松江,2024-09-05,8883
5388,中磊,18,1,17,國泰-松江,2024-09-05,8883
1303,南亞,24,7,17,國泰-松江,2024-09-05,8883
2367,燿華,41,25,16,國泰-松江,2024-09-05,8883
4906,正文,24,8,16,國泰-松江,2024-09-05,8883
1539,巨庭,72,56,16,國泰-松江,2024-09-05,8883
1313,聯成,16,0,16,國泰-松江,2024-09-05,8883
6274,台燿,72,56,16,國泰-松江,2024-09-05,8883
00688L,國泰20年美債正2,403,39,364,國泰-松江,2024-09-06,8883
00878,國泰永續高股息,291,9,282,國泰-松江,2024-09-06,8883
00919,群益台灣精選高息,263,57,206,國泰-松江,2024-09-06,8883
00671R,富邦NASDAQ反1,201,5,196,國泰-松江,2024-09-06,8883
00911,兆豐洲際半導體,188,0,188,國泰-松江,2024-09-06,8883
00632R,元大台灣50反1,201,15,186,國泰-松江,2024-09-06,8883
2002,中鋼,118,3,115,國泰-松江,2024-09-06,8883
4414,如興,109,0,109,國泰-松江,2024-09-06,8883
00664R,國泰臺灣加權反1,103,6,97,國泰-松江,2024-09-06,8883
2891,中信金,106,16,90,國泰-松江,2024-09-06,8883
00713,元大台灣高息低波,71,5,66,國泰-松江,2024-09-06,8883
1307,三芳,63,0,63,國泰-松江,2024-09-06,8883
2888,新光金,100,39,61,國泰-松江,2024-09-06,8883
00933B,國泰10Y+金融債,85,26,59,國泰-松江,2024-09-06,8883
4540,全球傳動,44,0,44,國泰-松江,2024-09-06,8883
00915,凱基優選高股息30,64,23,41,國泰-松江,2024-09-06,8883
0056,元大高股息,59,18,41,國泰-松江,2024-09-06,8883
00947,台新臺灣IC設計,36,1,35,國泰-松江,2024-09-06,8883
3535,晶彩科,35,1,34,國泰-松江,2024-09-06,8883
1314,中石化,32,0,32,國泰-松江,2024-09-06,8883
00929,復華台灣科技優息,130,99,31,國泰-松江,2024-09-06,8883
8039,台虹,41,11,30,國泰-松江,2024-09-06,8883
5905,南仁湖,76,47,29,國泰-松江,2024-09-06,8883
00941,中信上游半導體,33,6,27,國泰-松江,2024-09-06,8883
00864B,中信美國公債0-1,27,0,27,國泰-松江,2024-09-06,8883
00918,大華優利高填息30,36,10,26,國泰-松江,2024-09-06,8883
4510,高鋒,143,118,25,國泰-松江,2024-09-06,8883
8927,北基,27,3,24,國泰-松江,2024-09-06,8883
3481,群創,25,2,23,國泰-松江,2024-09-06,8883
2408,南亞科,23,2,21,國泰-松江,2024-09-06,8883
8249,菱光,21,0,21,國泰-松江,2024-09-06,8883
00830,國泰費城半導體,21,1,20,國泰-松江,2024-09-06,8883
2905,三商,20,0,20,國泰-松江,2024-09-06,8883
2382,廣達,31,12,19,國泰-松江,2024-09-06,8883
2495,普安,29,10,19,國泰-松江,2024-09-06,8883
00951,台新日本半導體,19,0,19,國泰-松江,2024-09-06,8883
00715L,期街口布蘭特正2,23,5,18,國泰-松江,2024-09-06,8883
8096,擎亞,22,4,18,國泰-松江,2024-09-06,8883
00954,中信日本半導體,16,0,16,國泰-松江,2024-09-06,8883
2313,華通,32,16,16,國泰-松江,2024-09-06,8883
2371,大同,31,15,16,國泰-松江,2024-09-06,8883
00642U,期元大S＆P石油,16,0,16,國泰-松江,2024-09-06,8883
00923,群益台ESG低碳50,18,3,15,國泰-松江,2024-09-06,8883
2610,華航,19,4,15,國泰-松江,2024-09-06,8883
00882,中信中國高股息,16,1,15,國泰-松江,2024-09-06,8883
8092,建暐,15,0,15,國泰-松江,2024-09-06,8883
1711,永光,54,40,14,國泰-松江,2024-09-06,8883
5213,亞昕,14,0,14,國泰-松江,2024-09-06,8883
9919,康那香,14,0,14,國泰-松江,2024-09-06,8883
00949,復華日本龍頭,20,6,14,國泰-松江,2024-09-06,8883
00940,元大台灣價值高息,188,7,181,國泰-松江,2024-09-09,8883
6873,泓德能源,160,0,160,國泰-松江,2024-09-09,8883
00929,復華台灣科技優息,376,224,152,國泰-松江,2024-09-09,8883
2382,廣達,148,7,141,國泰-松江,2024-09-09,8883
4720,德淵,123,0,123,國泰-松江,2024-09-09,8883
00680L,元大美債20正2,134,11,123,國泰-松江,2024-09-09,8883
4958,臻鼎-KY,102,0,102,國泰-松江,2024-09-09,8883
2317,鴻海,153,53,100,國泰-松江,2024-09-09,8883
3062,建漢,100,1,99,國泰-松江,2024-09-09,8883
2891,中信金,121,27,94,國泰-松江,2024-09-09,8883
1307,三芳,89,0,89,國泰-松江,2024-09-09,8883
2349,錸德,116,33,83,國泰-松江,2024-09-09,8883
00881,國泰台灣5G+,78,1,77,國泰-松江,2024-09-09,8883
2330,台積電,89,13,76,國泰-松江,2024-09-09,8883
00679B,元大美債20年,125,54,71,國泰-松江,2024-09-09,8883
00713,元大台灣高息低波,98,27,71,國泰-松江,2024-09-09,8883
00937B,群益ESG投等債20,121,57,64,國泰-松江,2024-09-09,8883
00911,兆豐洲際半導體,64,0,64,國泰-松江,2024-09-09,8883
00673R,期元大S＆P原油反1,60,0,60,國泰-松江,2024-09-09,8883
0056,元大高股息,94,39,55,國泰-松江,2024-09-09,8883
00715L,期街口布蘭特正2,54,1,53,國泰-松江,2024-09-09,8883
2374,佳能,51,0,51,國泰-松江,2024-09-09,8883
2344,華邦電,55,6,49,國泰-松江,2024-09-09,8883
006208,富邦台50,56,7,49,國泰-松江,2024-09-09,8883
00915,凱基優選高股息30,50,4,46,國泰-松江,2024-09-09,8883
00918,大華優利高填息30,65,21,44,國泰-松江,2024-09-09,8883
00923,群益台ESG低碳50,43,0,43,國泰-松江,2024-09-09,8883
0050,元大台灣50,47,6,41,國泰-松江,2024-09-09,8883
00648R,元大S＆P500反1,40,0,40,國泰-松江,2024-09-09,8883
00885,富邦越南,44,8,36,國泰-松江,2024-09-09,8883
2881,富邦金,49,16,33,國泰-松江,2024-09-09,8883
3664,安瑞-KY,31,0,31,國泰-松江,2024-09-09,8883
00753L,中信中國50正2,28,0,28,國泰-松江,2024-09-09,8883
00720B,元大投資級公司債,31,4,27,國泰-松江,2024-09-09,8883
00687B,國泰20年美債,293,266,27,國泰-松江,2024-09-09,8883
8076,伍豐,38,13,25,國泰-松江,2024-09-09,8883
2885,元大金,28,4,24,國泰-松江,2024-09-09,8883
2882,國泰金,35,12,23,國泰-松江,2024-09-09,8883
2883,凱基金,28,5,23,國泰-松江,2024-09-09,8883
00946,群益科技高息成長,24,1,23,國泰-松江,2024-09-09,8883
00935,野村臺灣新科技50,22,0,22,國泰-松江,2024-09-09,8883
2609,陽明,26,4,22,國泰-松江,2024-09-09,8883
00830,國泰費城半導體,22,0,22,國泰-松江,2024-09-09,8883
4306,炎洲,21,0,21,國泰-松江,2024-09-09,8883
00922,國泰台灣領袖50,22,2,20,國泰-松江,2024-09-09,8883
00947,台新臺灣IC設計,20,0,20,國泰-松江,2024-09-09,8883
2429,銘旺科,20,0,20,國泰-松江,2024-09-09,8883
3303,岱稜,20,0,20,國泰-松江,2024-09-09,8883
00953B,群益優選非投等債,20,0,20,國泰-松江,2024-09-09,8883
2313,華通,29,9,20,國泰-松江,2024-09-09,8883
00919,群益台灣精選高息,723,141,582,國泰-松江,2024-09-10,8883
00929,復華台灣科技優息,355,76,279,國泰-松江,2024-09-10,8883
0056,元大高股息,237,17,220,國泰-松江,2024-09-10,8883
4540,全球傳動,200,40,160,國泰-松江,2024-09-10,8883
2382,廣達,143,8,135,國泰-松江,2024-09-10,8883
4720,德淵,123,0,123,國泰-松江,2024-09-10,8883
00687B,國泰20年美債,141,29,112,國泰-松江,2024-09-10,8883
00664R,國泰臺灣加權反1,101,0,101,國泰-松江,2024-09-10,8883
00918,大華優利高填息30,95,0,95,國泰-松江,2024-09-10,8883
00631L,元大台灣50正2,100,27,73,國泰-松江,2024-09-10,8883
00911,兆豐洲際半導體,73,0,73,國泰-松江,2024-09-10,8883
2317,鴻海,134,75,59,國泰-松江,2024-09-10,8883
00679B,元大美債20年,128,75,53,國泰-松江,2024-09-10,8883
4306,炎洲,50,0,50,國泰-松江,2024-09-10,8883
3535,晶彩科,65,23,42,國泰-松江,2024-09-10,8883
4510,高鋒,116,75,41,國泰-松江,2024-09-10,8883
5871,中租-KY,50,10,40,國泰-松江,2024-09-10,8883
00878,國泰永續高股息,269,230,39,國泰-松江,2024-09-10,8883
8088,品安,40,3,37,國泰-松江,2024-09-10,8883
00915,凱基優選高股息30,36,0,36,國泰-松江,2024-09-10,8883
4956,光鋐,38,5,33,國泰-松江,2024-09-10,8883
4909,新復興,67,34,33,國泰-松江,2024-09-10,8883
3481,群創,33,1,32,國泰-松江,2024-09-10,8883
00959B,大華投等美債15Y+,30,0,30,國泰-松江,2024-09-10,8883
2891,中信金,68,40,28,國泰-松江,2024-09-10,8883
2313,華通,40,12,28,國泰-松江,2024-09-10,8883
00946,群益科技高息成長,29,3,26,國泰-松江,2024-09-10,8883
6187,萬潤,55,28,27,國泰-松江,2024-09-10,8883
00882,中信中國高股息,24,0,24,國泰-松江,2024-09-10,8883
5347,世界,26,2,24,國泰-松江,2024-09-10,8883
8092,建暐,24,1,23,國泰-松江,2024-09-10,8883
00940,元大台灣價值高息,115,92,23,國泰-松江,2024-09-10,8883
00948B,中信優息投資級債,24,2,22,國泰-松江,2024-09-10,8883
00939,統一台灣高息動能,24,3,21,國泰-松江,2024-09-10,8883
00713,元大台灣高息低波,39,17,22,國泰-松江,2024-09-10,8883
3017,奇鋐,50,29,21,國泰-松江,2024-09-10,8883
1605,華新,20,0,20,國泰-松江,2024-09-10,8883
00943,兆豐電子高息等權,20,0,20,國泰-松江,2024-09-10,8883
2495,普安,20,0,20,國泰-松江,2024-09-10,8883
00923,群益台ESG低碳50,22,2,20,國泰-松江,2024-09-10,8883
2609,陽明,37,17,20,國泰-松江,2024-09-10,8883
2408,南亞科,31,12,19,國泰-松江,2024-09-10,8883
00933B,國泰10Y+金融債,61,41,20,國泰-松江,2024-09-10,8883
2344,華邦電,23,4,19,國泰-松江,2024-09-10,8883
6609,瀧澤科,30,13,17,國泰-松江,2024-09-10,8883
6869,雲豹能源,19,3,16,國泰-松江,2024-09-10,8883
2371,大同,23,7,16,國泰-松江,2024-09-10,8883
2528,皇普,24,8,16,國泰-松江,2024-09-10,8883
4562,穎漢,38,23,15,國泰-松江,2024-09-10,8883
6269,台郡,15,0,15,國泰-松江,2024-09-10,8883
2349,錸德,408,8,400,國泰-松江,2024-09-11,8883
00937B,群益ESG投等債20,265,32,233,國泰-松江,2024-09-11,8883
00929,復華台灣科技優息,233,10,223,國泰-松江,2024-09-11,8883
00680L,元大美債20正2,333,141,192,國泰-松江,2024-09-11,8883
2891,中信金,195,39,156,國泰-松江,2024-09-11,8883
00915,凱基優選高股息30,146,0,146,國泰-松江,2024-09-11,8883
6248,沛波,138,4,134,國泰-松江,2024-09-11,8883
00878,國泰永續高股息,152,25,127,國泰-松江,2024-09-11,8883
00632R,元大台灣50反1,320,195,125,國泰-松江,2024-09-11,8883
00715L,期街口布蘭特正2,98,24,74,國泰-松江,2024-09-11,8883
00882,中信中國高股息,77,8,69,國泰-松江,2024-09-11,8883
00679B,元大美債20年,159,91,68,國泰-松江,2024-09-11,8883
1522,堤維西,86,19,67,國泰-松江,2024-09-11,8883
00795B,中信美國公債20年,86,24,62,國泰-松江,2024-09-11,8883
00688L,國泰20年美債正2,184,129,55,國泰-松江,2024-09-11,8883
0056,元大高股息,60,6,54,國泰-松江,2024-09-11,8883
00712,復華富時不動產,55,5,50,國泰-松江,2024-09-11,8883
00933B,國泰10Y+金融債,55,6,49,國泰-松江,2024-09-11,8883
00948B,中信優息投資級債,46,1,45,國泰-松江,2024-09-11,8883
2886,兆豐金,43,1,42,國泰-松江,2024-09-11,8883
2497,怡利電,135,98,37,國泰-松江,2024-09-11,8883
00772B,中信高評級公司債,30,0,30,國泰-松江,2024-09-11,8883
6163,華電網,30,2,28,國泰-松江,2024-09-11,8883
00946,群益科技高息成長,37,10,27,國泰-松江,2024-09-11,8883
3356,奇偶,27,1,26,國泰-松江,2024-09-11,8883
1316,上曜,26,0,26,國泰-松江,2024-09-11,8883
5213,亞昕,24,0,24,國泰-松江,2024-09-11,8883
1303,南亞,28,5,23,國泰-松江,2024-09-11,8883
00642U,期元大S＆P石油,22,0,22,國泰-松江,2024-09-11,8883
3715,定穎投控,36,14,22,國泰-松江,2024-09-11,8883
8070,長華*,26,4,22,國泰-松江,2024-09-11,8883
00713,元大台灣高息低波,23,2,21,國泰-松江,2024-09-11,8883
1103,嘉泥,20,0,20,國泰-松江,2024-09-11,8883
6244,茂迪,19,1,18,國泰-松江,2024-09-11,8883
00923,群益台ESG低碳50,17,0,17,國泰-松江,2024-09-11,8883
4306,炎洲,16,0,16,國泰-松江,2024-09-11,8883
0050,元大台灣50,16,1,15,國泰-松江,2024-09-11,8883
00650L,復華香港正2,19,4,15,國泰-松江,2024-09-11,8883
2399,映泰,45,30,15,國泰-松江,2024-09-11,8883
6139,亞翔,18,4,14,國泰-松江,2024-09-11,8883
00949,復華日本龍頭,24,10,14,國泰-松江,2024-09-11,8883
6743,安普新,16,2,14,國泰-松江,2024-09-11,8883
00751B,元大AAA至A公司債,22,8,14,國泰-松江,2024-09-11,8883
2476,鉅祥,13,0,13,國泰-松江,2024-09-11,8883
3303,岱稜,29,16,13,國泰-松江,2024-09-11,8883
00954,中信日本半導體,12,0,12,國泰-松江,2024-09-11,8883
4979,華星光,103,91,12,國泰-松江,2024-09-11,8883
2834,臺企銀,13,1,12,國泰-松江,2024-09-11,8883
00934,中信成長高股息,12,0,12,國泰-松江,2024-09-11,8883
3312,弘憶股,13,1,12,國泰-松江,2024-09-11,8883
00679B,元大美債20年,451,136,315,國泰-松江,2024-09-12,8883
00688L,國泰20年美債正2,553,275,278,國泰-松江,2024-09-12,8883
00687B,國泰20年美債,469,253,216,國泰-松江,2024-09-12,8883
2615,萬海,250,34,216,國泰-松江,2024-09-12,8883
00632R,元大台灣50反1,519,310,209,國泰-松江,2024-09-12,8883
2371,大同,195,17,178,國泰-松江,2024-09-12,8883
6873,泓德能源,82,0,82,國泰-松江,2024-09-12,8883
2888,新光金,236,161,75,國泰-松江,2024-09-12,8883
2618,長榮航,178,108,70,國泰-松江,2024-09-12,8883
5460,同協,86,19,67,國泰-松江,2024-09-12,8883
00751B,元大AAA至A公司債,94,30,64,國泰-松江,2024-09-12,8883
00664R,國泰臺灣加權反1,52,0,52,國泰-松江,2024-09-12,8883
1216,統一,50,1,49,國泰-松江,2024-09-12,8883
5443,均豪,115,71,44,國泰-松江,2024-09-12,8883
4977,眾達-KY,84,43,41,國泰-松江,2024-09-12,8883
00706L,期元大S＆P日圓正2,39,2,37,國泰-松江,2024-09-12,8883
2429,銘旺科,35,0,35,國泰-松江,2024-09-12,8883
2337,旺宏,41,8,33,國泰-松江,2024-09-12,8883
2208,台船,30,0,30,國泰-松江,2024-09-12,8883
00680L,元大美債20正2,347,318,29,國泰-松江,2024-09-12,8883
6152,百一,30,2,28,國泰-松江,2024-09-12,8883
2543,皇昌,26,0,26,國泰-松江,2024-09-12,8883
00764B,群益25年美債,29,4,25,國泰-松江,2024-09-12,8883
00945B,凱基美國非投等債,25,1,24,國泰-松江,2024-09-12,8883
00753L,中信中國50正2,22,0,22,國泰-松江,2024-09-12,8883
1605,華新,22,0,22,國泰-松江,2024-09-12,8883
4306,炎洲,21,0,21,國泰-松江,2024-09-12,8883
5321,美而快,21,0,21,國泰-松江,2024-09-12,8883
00942B,台新美A公司債20+,20,0,20,國泰-松江,2024-09-12,8883
2891,中信金,102,83,19,國泰-松江,2024-09-12,8883
2486,一詮,44,26,18,國泰-松江,2024-09-12,8883
4908,前鼎,22,4,18,國泰-松江,2024-09-12,8883
6143,振曜,41,23,18,國泰-松江,2024-09-12,8883
2489,瑞軒,17,0,17,國泰-松江,2024-09-12,8883
8473,山林水,17,0,17,國泰-松江,2024-09-12,8883
1711,永光,38,22,16,國泰-松江,2024-09-12,8883
00795B,中信美國公債20年,39,23,16,國泰-松江,2024-09-12,8883
1522,堤維西,32,17,15,國泰-松江,2024-09-12,8883
00918,大華優利高填息30,32,16,16,國泰-松江,2024-09-12,8883
00878,國泰永續高股息,55,40,15,國泰-松江,2024-09-12,8883
3623,富晶通,53,38,15,國泰-松江,2024-09-12,8883
2356,英業達,17,2,15,國泰-松江,2024-09-12,8883
6133,金橋,127,112,15,國泰-松江,2024-09-12,8883
00686R,群益臺灣加權反1,15,0,15,國泰-松江,2024-09-12,8883
3305,昇貿,15,0,15,國泰-松江,2024-09-12,8883
2540,愛山林,18,4,14,國泰-松江,2024-09-12,8883
3207,耀勝,15,1,14,國泰-松江,2024-09-12,8883
3290,東浦,14,0,14,國泰-松江,2024-09-12,8883
00713,元大台灣高息低波,26,13,13,國泰-松江,2024-09-12,8883
00720B,元大投資級公司債,21,8,13,國泰-松江,2024-09-12,8883
00713,元大台灣高息低波,217,0,217,國泰-松江,2024-09-13,8883
00680L,元大美債20正2,232,37,195,國泰-松江,2024-09-13,8883
00929,復華台灣科技優息,207,36,171,國泰-松江,2024-09-13,8883
2371,大同,167,29,138,國泰-松江,2024-09-13,8883
00687B,國泰20年美債,720,600,120,國泰-松江,2024-09-13,8883
00751B,元大AAA至A公司債,130,78,52,國泰-松江,2024-09-13,8883
6869,雲豹能源,55,4,51,國泰-松江,2024-09-13,8883
00918,大華優利高填息30,63,15,48,國泰-松江,2024-09-13,8883
5460,同協,67,20,47,國泰-松江,2024-09-13,8883
00720B,元大投資級公司債,56,10,46,國泰-松江,2024-09-13,8883
2420,新巨,60,19,41,國泰-松江,2024-09-13,8883
5234,達興材料,49,8,41,國泰-松江,2024-09-13,8883
3360,尚立,52,13,39,國泰-松江,2024-09-13,8883
2367,燿華,41,4,37,國泰-松江,2024-09-13,8883
3047,訊舟,124,95,29,國泰-松江,2024-09-13,8883
6530,創威,113,86,27,國泰-松江,2024-09-13,8883
3033,威健,30,3,27,國泰-松江,2024-09-13,8883
00945B,凱基美國非投等債,25,1,24,國泰-松江,2024-09-13,8883
3481,群創,23,0,23,國泰-松江,2024-09-13,8883
00933B,國泰10Y+金融債,22,0,22,國泰-松江,2024-09-13,8883
6446,藥華藥,23,2,21,國泰-松江,2024-09-13,8883
4720,德淵,21,0,21,國泰-松江,2024-09-13,8883
1503,士電,21,1,20,國泰-松江,2024-09-13,8883
00772B,中信高評級公司債,20,0,20,國泰-松江,2024-09-13,8883
00686R,群益臺灣加權反1,20,0,20,國泰-松江,2024-09-13,8883
00931B,統一美債20年,21,1,20,國泰-松江,2024-09-13,8883
2449,京元電子,31,12,19,國泰-松江,2024-09-13,8883
8076,伍豐,20,1,19,國泰-松江,2024-09-13,8883
00946,群益科技高息成長,19,0,19,國泰-松江,2024-09-13,8883
3167,大量,55,37,18,國泰-松江,2024-09-13,8883
5469,瀚宇博,18,0,18,國泰-松江,2024-09-13,8883
2344,華邦電,20,3,17,國泰-松江,2024-09-13,8883
00878,國泰永續高股息,34,17,17,國泰-松江,2024-09-13,8883
006208,富邦台50,22,5,17,國泰-松江,2024-09-13,8883
4562,穎漢,24,8,16,國泰-松江,2024-09-13,8883
1785,光洋科,59,45,14,國泰-松江,2024-09-13,8883
00891,中信關鍵半導體,14,1,13,國泰-松江,2024-09-13,8883
4510,高鋒,98,85,13,國泰-松江,2024-09-13,8883
00676R,富邦臺灣加權反1,14,1,13,國泰-松江,2024-09-13,8883
8092,建暐,15,2,13,國泰-松江,2024-09-13,8883
2891,中信金,34,22,12,國泰-松江,2024-09-13,8883
6116,彩晶,12,0,12,國泰-松江,2024-09-13,8883
00795B,中信美國公債20年,13,1,12,國泰-松江,2024-09-13,8883
4306,炎洲,12,1,11,國泰-松江,2024-09-13,8883
00688L,國泰20年美債正2,128,117,11,國泰-松江,2024-09-13,8883
8011,台通,15,4,11,國泰-松江,2024-09-13,8883
3518,柏騰,11,0,11,國泰-松江,2024-09-13,8883
2548,華固,11,1,10,國泰-松江,2024-09-13,8883
8039,台虹,87,77,10,國泰-松江,2024-09-13,8883
2637,慧洋-KY,10,0,10,國泰-松江,2024-09-13,8883
00919,群益台灣精選高息,1963,21,1942,國泰-松江,2024-09-16,8883
00687B,國泰20年美債,584,34,550,國泰-松江,2024-09-16,8883
4426,利勤,264,0,264,國泰-松江,2024-09-16,8883
00688L,國泰20年美債正2,193,22,171,國泰-松江,2024-09-16,8883
00915,凱基優選高股息30,164,0,164,國泰-松江,2024-09-16,8883
2371,大同,136,10,126,國泰-松江,2024-09-16,8883
4720,德淵,131,15,116,國泰-松江,2024-09-16,8883
00937B,群益ESG投等債20,148,64,84,國泰-松江,2024-09-16,8883
00929,復華台灣科技優息,111,36,75,國泰-松江,2024-09-16,8883
00751B,元大AAA至A公司債,61,0,61,國泰-松江,2024-09-16,8883
00720B,元大投資級公司債,50,0,50,國泰-松江,2024-09-16,8883
00918,大華優利高填息30,55,7,48,國泰-松江,2024-09-16,8883
6530,創威,99,55,44,國泰-松江,2024-09-16,8883
8096,擎亞,52,10,42,國泰-松江,2024-09-16,8883
6187,萬潤,76,37,39,國泰-松江,2024-09-16,8883
1785,光洋科,167,128,39,國泰-松江,2024-09-16,8883
5234,達興材料,42,5,37,國泰-松江,2024-09-16,8883
1711,永光,103,66,37,國泰-松江,2024-09-16,8883
00632R,元大台灣50反1,34,0,34,國泰-松江,2024-09-16,8883
9935,慶豐富,37,4,33,國泰-松江,2024-09-16,8883
2062,橋椿,50,17,33,國泰-松江,2024-09-16,8883
00945B,凱基美國非投等債,32,0,32,國泰-松江,2024-09-16,8883
1539,巨庭,36,5,31,國泰-松江,2024-09-16,8883
3702A,大聯大甲特,30,0,30,國泰-松江,2024-09-16,8883
3706,神達,30,1,29,國泰-松江,2024-09-16,8883
00795B,中信美國公債20年,29,2,27,國泰-松江,2024-09-16,8883
2609,陽明,33,8,25,國泰-松江,2024-09-16,8883
2611,志信,29,5,24,國泰-松江,2024-09-16,8883
4979,華星光,41,17,24,國泰-松江,2024-09-16,8883
00772B,中信高評級公司債,23,0,23,國泰-松江,2024-09-16,8883
00953B,群益優選非投等債,22,0,22,國泰-松江,2024-09-16,8883
1314,中石化,26,4,22,國泰-松江,2024-09-16,8883
6194,育富,21,1,20,國泰-松江,2024-09-16,8883
6274,台燿,73,55,18,國泰-松江,2024-09-16,8883
00878,國泰永續高股息,86,70,16,國泰-松江,2024-09-16,8883
6873,泓德能源,16,0,16,國泰-松江,2024-09-16,8883
3617,碩天,23,7,16,國泰-松江,2024-09-16,8883
4306,炎洲,17,2,15,國泰-松江,2024-09-16,8883
2543,皇昌,15,0,15,國泰-松江,2024-09-16,8883
00891,中信關鍵半導體,15,0,15,國泰-松江,2024-09-16,8883
5230,雷笛克光學,19,4,15,國泰-松江,2024-09-16,8883
00922,國泰台灣領袖50,14,0,14,國泰-松江,2024-09-16,8883
6284,佳邦,14,0,14,國泰-松江,2024-09-16,8883
00905,FT臺灣Smart,14,0,14,國泰-松江,2024-09-16,8883
00715L,期街口布蘭特正2,15,2,13,國泰-松江,2024-09-16,8883
00637L,元大滬深300正2,13,0,13,國泰-松江,2024-09-16,8883
3605,宏致,17,5,12,國泰-松江,2024-09-16,8883
6869,雲豹能源,15,3,12,國泰-松江,2024-09-16,8883
2258,鴻華先進-創,12,0,12,國泰-松江,2024-09-16,8883
5392,能率,13,1,12,國泰-松江,2024-09-16,8883
00937B,群益ESG投等債20,814,157,657,國泰-松江,2024-09-18,8883
00706L,期元大S＆P日圓正2,632,20,612,國泰-松江,2024-09-18,8883
00929,復華台灣科技優息,529,39,490,國泰-松江,2024-09-18,8883
00713,元大台灣高息低波,350,11,339,國泰-松江,2024-09-18,8883
00687B,國泰20年美債,485,192,293,國泰-松江,2024-09-18,8883
00688L,國泰20年美債正2,372,114,258,國泰-松江,2024-09-18,8883
00919,群益台灣精選高息,291,37,254,國泰-松江,2024-09-18,8883
2888,新光金,518,320,198,國泰-松江,2024-09-18,8883
00915,凱基優選高股息30,130,13,117,國泰-松江,2024-09-18,8883
00680L,元大美債20正2,129,14,115,國泰-松江,2024-09-18,8883
2317,鴻海,128,16,112,國泰-松江,2024-09-18,8883
2258,鴻華先進-創,112,2,110,國泰-松江,2024-09-18,8883
00945B,凱基美國非投等債,110,0,110,國泰-松江,2024-09-18,8883
0056,元大高股息,108,1,107,國泰-松江,2024-09-18,8883
2371,大同,84,9,75,國泰-松江,2024-09-18,8883
0050,元大台灣50,76,7,69,國泰-松江,2024-09-18,8883
00679B,元大美債20年,139,76,63,國泰-松江,2024-09-18,8883
1301,台塑,81,22,59,國泰-松江,2024-09-18,8883
00632R,元大台灣50反1,58,0,58,國泰-松江,2024-09-18,8883
00951,台新日本半導體,55,0,55,國泰-松江,2024-09-18,8883
00948B,中信優息投資級債,57,2,55,國泰-松江,2024-09-18,8883
5905,南仁湖,66,15,51,國泰-松江,2024-09-18,8883
4426,利勤,50,0,50,國泰-松江,2024-09-18,8883
2201,裕隆,62,18,44,國泰-松江,2024-09-18,8883
3062,建漢,147,110,37,國泰-松江,2024-09-18,8883
2313,華通,43,9,34,國泰-松江,2024-09-18,8883
00881,國泰台灣5G+,42,11,31,國泰-松江,2024-09-18,8883
5009,榮剛,49,19,30,國泰-松江,2024-09-18,8883
3673,TPK-KY,30,0,30,國泰-松江,2024-09-18,8883
00946,群益科技高息成長,38,12,26,國泰-松江,2024-09-18,8883
2382,廣達,29,3,26,國泰-松江,2024-09-18,8883
4720,德淵,37,12,25,國泰-松江,2024-09-18,8883
3706,神達,35,13,22,國泰-松江,2024-09-18,8883
00882,中信中國高股息,37,16,21,國泰-松江,2024-09-18,8883
2243,宏旭-KY,37,16,21,國泰-松江,2024-09-18,8883
00673R,期元大S＆P原油反1,21,1,20,國泰-松江,2024-09-18,8883
8277,商丞,20,1,19,國泰-松江,2024-09-18,8883
3715,定穎投控,24,5,19,國泰-松江,2024-09-18,8883
1808,潤隆,20,1,19,國泰-松江,2024-09-18,8883
2515,中工,20,1,19,國泰-松江,2024-09-18,8883
1785,光洋科,155,136,19,國泰-松江,2024-09-18,8883
2359,所羅門,23,4,19,國泰-松江,2024-09-18,8883
00930,永豐ESG低碳高息,18,0,18,國泰-松江,2024-09-18,8883
2392,正崴,18,0,18,國泰-松江,2024-09-18,8883
00949,復華日本龍頭,18,0,18,國泰-松江,2024-09-18,8883
2356,英業達,19,1,18,國泰-松江,2024-09-18,8883
00923,群益台ESG低碳50,17,0,17,國泰-松江,2024-09-18,8883
2303,聯電,17,1,16,國泰-松江,2024-09-18,8883
6606,建德工業,15,0,15,國泰-松江,2024-09-18,8883
1514,亞力,26,11,15,國泰-松江,2024-09-18,8883
00687B,國泰20年美債,1611,379,1232,國泰-松江,2024-09-19,8883
00706L,期元大S＆P日圓正2,839,0,839,國泰-松江,2024-09-19,8883
00937B,群益ESG投等債20,588,204,384,國泰-松江,2024-09-19,8883
00688L,國泰20年美債正2,214,48,166,國泰-松江,2024-09-19,8883
2258,鴻華先進-創,132,0,132,國泰-松江,2024-09-19,8883
00929,復華台灣科技優息,164,50,114,國泰-松江,2024-09-19,8883
00664R,國泰臺灣加權反1,102,0,102,國泰-松江,2024-09-19,8883
00640L,富邦日本正2,98,2,96,國泰-松江,2024-09-19,8883
6869,雲豹能源,224,129,95,國泰-松江,2024-09-19,8883
00915,凱基優選高股息30,99,9,90,國泰-松江,2024-09-19,8883
2371,大同,93,14,79,國泰-松江,2024-09-19,8883
00918,大華優利高填息30,78,16,62,國泰-松江,2024-09-19,8883
6609,瀧澤科,132,71,61,國泰-松江,2024-09-19,8883
6530,創威,79,20,59,國泰-松江,2024-09-19,8883
00958B,永豐ESG銀行債15,59,0,59,國泰-松江,2024-09-19,8883
4720,德淵,74,18,56,國泰-松江,2024-09-19,8883
00712,復華富時不動產,58,6,52,國泰-松江,2024-09-19,8883
6116,彩晶,51,2,49,國泰-松江,2024-09-19,8883
00882,中信中國高股息,56,10,46,國泰-松江,2024-09-19,8883
2477,美隆電,47,2,45,國泰-松江,2024-09-19,8883
6873,泓德能源,34,0,34,國泰-松江,2024-09-19,8883
00931B,統一美債20年,37,5,32,國泰-松江,2024-09-19,8883
1909,榮成,32,0,32,國泰-松江,2024-09-19,8883
5905,南仁湖,59,29,30,國泰-松江,2024-09-19,8883
3163,波若威,41,11,30,國泰-松江,2024-09-19,8883
1217,愛之味,30,0,30,國泰-松江,2024-09-19,8883
5234,達興材料,69,40,29,國泰-松江,2024-09-19,8883
00751B,元大AAA至A公司債,40,12,28,國泰-松江,2024-09-19,8883
00878,國泰永續高股息,37,10,27,國泰-松江,2024-09-19,8883
00945B,凱基美國非投等債,27,0,27,國泰-松江,2024-09-19,8883
00830,國泰費城半導體,26,0,26,國泰-松江,2024-09-19,8883
2501,國建,37,13,24,國泰-松江,2024-09-19,8883
00923,群益台ESG低碳50,27,3,24,國泰-松江,2024-09-19,8883
3481,群創,27,4,23,國泰-松江,2024-09-19,8883
3605,宏致,33,12,21,國泰-松江,2024-09-19,8883
00942B,台新美A公司債20+,21,0,21,國泰-松江,2024-09-19,8883
2610,華航,22,1,21,國泰-松江,2024-09-19,8883
3665,貿聯-KY,20,0,20,國泰-松江,2024-09-19,8883
1609,大亞,21,1,20,國泰-松江,2024-09-19,8883
8277,商丞,20,0,20,國泰-松江,2024-09-19,8883
4908,前鼎,28,8,20,國泰-松江,2024-09-19,8883
1808,潤隆,20,1,19,國泰-松江,2024-09-19,8883
3189,景碩,22,4,18,國泰-松江,2024-09-19,8883
3455,由田,24,6,18,國泰-松江,2024-09-19,8883
8096,擎亞,21,4,17,國泰-松江,2024-09-19,8883
2834,臺企銀,26,9,17,國泰-松江,2024-09-19,8883
2344,華邦電,18,2,16,國泰-松江,2024-09-19,8883
6829,千附精密,21,6,15,國泰-松江,2024-09-19,8883
6492,生華科,16,2,14,國泰-松江,2024-09-19,8883
2349,錸德,140,126,14,國泰-松江,2024-09-19,8883
2618,長榮航,702,41,661,國泰-松江,2024-09-20,8883
00919,群益台灣精選高息,289,40,249,國泰-松江,2024-09-20,8883
4426,利勤,142,0,142,國泰-松江,2024-09-20,8883
2371,大同,141,4,137,國泰-松江,2024-09-20,8883
00915,凱基優選高股息30,118,7,111,國泰-松江,2024-09-20,8883
5534,長虹,116,8,108,國泰-松江,2024-09-20,8883
00725B,國泰投資級公司債,101,2,99,國泰-松江,2024-09-20,8883
2801,彰銀,101,9,92,國泰-松江,2024-09-20,8883
00679B,元大美債20年,209,124,85,國泰-松江,2024-09-20,8883
00637L,元大滬深300正2,56,1,55,國泰-松江,2024-09-20,8883
00958B,永豐ESG銀行債15,52,0,52,國泰-松江,2024-09-20,8883
3040,遠見,55,6,49,國泰-松江,2024-09-20,8883
00954,中信日本半導體,50,1,49,國泰-松江,2024-09-20,8883
5213,亞昕,38,0,38,國泰-松江,2024-09-20,8883
00719B,元大美債1-3,33,0,33,國泰-松江,2024-09-20,8883
00960,野村全球航運龍頭,32,0,32,國泰-松江,2024-09-20,8883
8070,長華*,101,69,32,國泰-松江,2024-09-20,8883
1711,永光,140,109,31,國泰-松江,2024-09-20,8883
4306,炎洲,62,33,29,國泰-松江,2024-09-20,8883
6830,汎銓,36,8,28,國泰-松江,2024-09-20,8883
00918,大華優利高填息30,70,42,28,國泰-松江,2024-09-20,8883
2609,陽明,60,32,28,國泰-松江,2024-09-20,8883
2409,友達,60,33,27,國泰-松江,2024-09-20,8883
6290,良維,28,2,26,國泰-松江,2024-09-20,8883
3703,欣陸,26,0,26,國泰-松江,2024-09-20,8883
00795B,中信美國公債20年,30,5,25,國泰-松江,2024-09-20,8883
4561,健椿,32,7,25,國泰-松江,2024-09-20,8883
2528,皇普,32,10,22,國泰-松江,2024-09-20,8883
1307,三芳,22,0,22,國泰-松江,2024-09-20,8883
2258,鴻華先進-創,52,30,22,國泰-松江,2024-09-20,8883
2545,皇翔,21,0,21,國泰-松江,2024-09-20,8883
2009,第一銅,23,2,21,國泰-松江,2024-09-20,8883
1540,喬福,27,6,21,國泰-松江,2024-09-20,8883
00878,國泰永續高股息,97,76,21,國泰-松江,2024-09-20,8883
00764B,群益25年美債,21,0,21,國泰-松江,2024-09-20,8883
6104,創惟,72,51,21,國泰-松江,2024-09-20,8883
1605,華新,21,1,20,國泰-松江,2024-09-20,8883
2820,華票,20,0,20,國泰-松江,2024-09-20,8883
2233,宇隆,23,3,20,國泰-松江,2024-09-20,8883
2101,南港,88,70,18,國泰-松江,2024-09-20,8883
00751B,元大AAA至A公司債,28,10,18,國泰-松江,2024-09-20,8883
3715,定穎投控,63,45,18,國泰-松江,2024-09-20,8883
2504,國產,19,2,17,國泰-松江,2024-09-20,8883
3673,TPK-KY,31,14,17,國泰-松江,2024-09-20,8883
4562,穎漢,18,1,17,國泰-松江,2024-09-20,8883
2542,興富發,43,26,17,國泰-松江,2024-09-20,8883
6194,育富,19,3,16,國泰-松江,2024-09-20,8883
3653,健策,16,1,15,國泰-松江,2024-09-20,8883
5321,美而快,15,0,15,國泰-松江,2024-09-20,8883
2399,映泰,154,139,15,國泰-松江,2024-09-20,8883
00919,群益台灣精選高息,660,26,634,國泰-松江,2024-09-23,8883
3167,大量,265,14,251,國泰-松江,2024-09-23,8883
00687B,國泰20年美債,358,188,170,國泰-松江,2024-09-23,8883
2888,新光金,227,133,94,國泰-松江,2024-09-23,8883
00706L,期元大S＆P日圓正2,94,0,94,國泰-松江,2024-09-23,8883
3450,聯鈞,161,81,80,國泰-松江,2024-09-23,8883
2371,大同,77,3,74,國泰-松江,2024-09-23,8883
00725B,國泰投資級公司債,70,2,68,國泰-松江,2024-09-23,8883
5213,亞昕,71,9,62,國泰-松江,2024-09-23,8883
2618,長榮航,112,61,51,國泰-松江,2024-09-23,8883
00632R,元大台灣50反1,64,19,45,國泰-松江,2024-09-23,8883
00713,元大台灣高息低波,45,2,43,國泰-松江,2024-09-23,8883
00795B,中信美國公債20年,43,1,42,國泰-松江,2024-09-23,8883
2337,旺宏,41,1,40,國泰-松江,2024-09-23,8883
2442,新美齊,39,0,39,國泰-松江,2024-09-23,8883
6116,彩晶,48,10,38,國泰-松江,2024-09-23,8883
6589,台康生技,41,4,37,國泰-松江,2024-09-23,8883
00685L,群益臺灣加權正2,35,0,35,國泰-松江,2024-09-23,8883
5009,榮剛,59,24,35,國泰-松江,2024-09-23,8883
00929,復華台灣科技優息,71,36,35,國泰-松江,2024-09-23,8883
2062,橋椿,47,15,32,國泰-松江,2024-09-23,8883
00673R,期元大S＆P原油反1,28,0,28,國泰-松江,2024-09-23,8883
8070,長華*,72,44,28,國泰-松江,2024-09-23,8883
00931B,統一美債20年,26,0,26,國泰-松江,2024-09-23,8883
2405,輔信,24,0,24,國泰-松江,2024-09-23,8883
1314,中石化,22,0,22,國泰-松江,2024-09-23,8883
6152,百一,21,0,21,國泰-松江,2024-09-23,8883
00951,台新日本半導體,25,5,20,國泰-松江,2024-09-23,8883
00688L,國泰20年美債正2,36,16,20,國泰-松江,2024-09-23,8883
2258,鴻華先進-創,20,0,20,國泰-松江,2024-09-23,8883
1802,台玻,20,0,20,國泰-松江,2024-09-23,8883
2501,國建,25,6,19,國泰-松江,2024-09-23,8883
6104,創惟,70,51,19,國泰-松江,2024-09-23,8883
5340,建榮,24,5,19,國泰-松江,2024-09-23,8883
5905,南仁湖,19,0,19,國泰-松江,2024-09-23,8883
2425,承啟,38,20,18,國泰-松江,2024-09-23,8883
2399,映泰,82,64,18,國泰-松江,2024-09-23,8883
5534,長虹,20,3,17,國泰-松江,2024-09-23,8883
00764B,群益25年美債,17,0,17,國泰-松江,2024-09-23,8883
1808,潤隆,17,0,17,國泰-松江,2024-09-23,8883
8027,鈦昇,38,22,16,國泰-松江,2024-09-23,8883
2362,藍天,21,5,16,國泰-松江,2024-09-23,8883
3303,岱稜,17,1,16,國泰-松江,2024-09-23,8883
1514,亞力,22,6,16,國泰-松江,2024-09-23,8883
6026,福邦證,16,0,16,國泰-松江,2024-09-23,8883
2495,普安,44,28,16,國泰-松江,2024-09-23,8883
3374,精材,20,4,16,國泰-松江,2024-09-23,8883
5483,中美晶,19,4,15,國泰-松江,2024-09-23,8883
2515,中工,26,11,15,國泰-松江,2024-09-23,8883
4909,新復興,35,20,15,國泰-松江,2024-09-23,8883
00687B,國泰20年美債,2625,118,2507,國泰-松江,2024-09-24,8883
00679B,元大美債20年,228,40,188,國泰-松江,2024-09-24,8883
00637L,元大滬深300正2,264,94,170,國泰-松江,2024-09-24,8883
00960,野村全球航運龍頭,153,1,152,國泰-松江,2024-09-24,8883
2891,中信金,186,70,116,國泰-松江,2024-09-24,8883
00919,群益台灣精選高息,143,31,112,國泰-松江,2024-09-24,8883
00929,復華台灣科技優息,127,20,107,國泰-松江,2024-09-24,8883
00680L,元大美債20正2,88,10,78,國泰-松江,2024-09-24,8883
00937B,群益ESG投等債20,120,43,77,國泰-松江,2024-09-24,8883
2337,旺宏,80,4,76,國泰-松江,2024-09-24,8883
00795B,中信美國公債20年,76,4,72,國泰-松江,2024-09-24,8883
3019,亞光,66,4,62,國泰-松江,2024-09-24,8883
6163,華電網,51,1,50,國泰-松江,2024-09-24,8883
1307,三芳,49,0,49,國泰-松江,2024-09-24,8883
2371,大同,50,7,43,國泰-松江,2024-09-24,8883
3149,正達,126,83,43,國泰-松江,2024-09-24,8883
3013,晟銘電,233,191,42,國泰-松江,2024-09-24,8883
4716,大立,54,13,41,國泰-松江,2024-09-24,8883
00946,群益科技高息成長,35,0,35,國泰-松江,2024-09-24,8883
5534,長虹,46,11,35,國泰-松江,2024-09-24,8883
00740B,富邦全球投等債,35,0,35,國泰-松江,2024-09-24,8883
8111,立��,38,5,33,國泰-松江,2024-09-24,8883
2344,華邦電,35,3,32,國泰-松江,2024-09-24,8883
4306,炎洲,30,0,30,國泰-松江,2024-09-24,8883
00948B,中信優息投資級債,51,23,28,國泰-松江,2024-09-24,8883
2887,台新金,37,9,28,國泰-松江,2024-09-24,8883
6290,良維,28,2,26,國泰-松江,2024-09-24,8883
6830,汎銓,32,8,24,國泰-松江,2024-09-24,8883
1727,中華化,27,3,24,國泰-松江,2024-09-24,8883
00632R,元大台灣50反1,178,155,23,國泰-松江,2024-09-24,8883
6873,泓德能源,27,4,23,國泰-松江,2024-09-24,8883
00673R,期元大S＆P原油反1,23,0,23,國泰-松江,2024-09-24,8883
2362,藍天,31,9,22,國泰-松江,2024-09-24,8883
1314,中石化,23,2,21,國泰-松江,2024-09-24,8883
6606,建德工業,21,0,21,國泰-松江,2024-09-24,8883
1609,大亞,21,0,21,國泰-松江,2024-09-24,8883
2313,華通,25,5,20,國泰-松江,2024-09-24,8883
5469,瀚宇博,24,4,20,國泰-松江,2024-09-24,8883
1815,富喬,23,3,20,國泰-松江,2024-09-24,8883
1301,台塑,22,3,19,國泰-松江,2024-09-24,8883
8033,雷虎,23,4,19,國泰-松江,2024-09-24,8883
2331,精英,18,0,18,國泰-松江,2024-09-24,8883
00931B,統一美債20年,20,2,18,國泰-松江,2024-09-24,8883
2481,強茂,37,20,17,國泰-松江,2024-09-24,8883
2634,漢翔,17,0,17,國泰-松江,2024-09-24,8883
00881,國泰台灣5G+,23,6,17,國泰-松江,2024-09-24,8883
3062,建漢,35,19,16,國泰-松江,2024-09-24,8883
4442,竣邦-KY,15,0,15,國泰-松江,2024-09-24,8883
1540,喬福,20,5,15,國泰-松江,2024-09-24,8883
6213,聯茂,19,5,14,國泰-松江,2024-09-24,8883
00937B,群益ESG投等債20,658,10,648,國泰-松江,2024-09-25,8883
00687B,國泰20年美債,427,108,319,國泰-松江,2024-09-25,8883
1307,三芳,158,0,158,國泰-松江,2024-09-25,8883
3062,建漢,154,5,149,國泰-松江,2024-09-25,8883
00919,群益台灣精選高息,196,51,145,國泰-松江,2024-09-25,8883
00713,元大台灣高息低波,99,5,94,國泰-松江,2024-09-25,8883
00679B,元大美債20年,137,59,78,國泰-松江,2024-09-25,8883
00665L,富邦�琤肭磪囓�2,125,50,75,國泰-松江,2024-09-25,8883
2371,大同,52,0,52,國泰-松江,2024-09-25,8883
00639,富邦深100,50,0,50,國泰-松江,2024-09-25,8883
3705,永信,50,0,50,國泰-松江,2024-09-25,8883
3481,群創,52,4,48,國泰-松江,2024-09-25,8883
3550,聯穎,262,215,47,國泰-松江,2024-09-25,8883
1569,濱川,50,4,46,國泰-松江,2024-09-25,8883
00688L,國泰20年美債正2,46,0,46,國泰-松江,2024-09-25,8883
1808,潤隆,45,2,43,國泰-松江,2024-09-25,8883
3583,辛耘,56,13,43,國泰-松江,2024-09-25,8883
2337,旺宏,48,10,38,國泰-松江,2024-09-25,8883
4720,德淵,38,0,38,國泰-松江,2024-09-25,8883
8070,長華*,88,51,37,國泰-松江,2024-09-25,8883
1104,環泥,35,0,35,國泰-松江,2024-09-25,8883
3715,定穎投控,75,42,33,國泰-松江,2024-09-25,8883
00945B,凱基美國非投等債,33,0,33,國泰-松江,2024-09-25,8883
2891,中信金,53,24,29,國泰-松江,2024-09-25,8883
3564,其陽,28,0,28,國泰-松江,2024-09-25,8883
3306,鼎天,26,0,26,國泰-松江,2024-09-25,8883
8096,擎亞,26,1,25,國泰-松江,2024-09-25,8883
00752,中信中國50,33,9,24,國泰-松江,2024-09-25,8883
00878,國泰永續高股息,70,46,24,國泰-松江,2024-09-25,8883
3081,聯亞,105,81,24,國泰-松江,2024-09-25,8883
6873,泓德能源,25,1,24,國泰-松江,2024-09-25,8883
00931B,統一美債20年,25,2,23,國泰-松江,2024-09-25,8883
2399,映泰,183,159,24,國泰-松江,2024-09-25,8883
00958B,永豐ESG銀行債15,25,2,23,國泰-松江,2024-09-25,8883
2402,毅嘉,34,11,23,國泰-松江,2024-09-25,8883
2609,陽明,255,233,22,國泰-松江,2024-09-25,8883
00795B,中信美國公債20年,22,0,22,國泰-松江,2024-09-25,8883
00730,富邦臺灣優質高息,20,0,20,國泰-松江,2024-09-25,8883
3511,矽瑪,19,0,19,國泰-松江,2024-09-25,8883
6923,中台,22,4,18,國泰-松江,2024-09-25,8883
4306,炎洲,18,0,18,國泰-松江,2024-09-25,8883
6163,華電網,21,3,18,國泰-松江,2024-09-25,8883
2542,興富發,20,2,18,國泰-松江,2024-09-25,8883
3714,富采,24,7,17,國泰-松江,2024-09-25,8883
3289,宜特,20,3,17,國泰-松江,2024-09-25,8883
006206,元大上證50,16,0,16,國泰-松江,2024-09-25,8883
00720B,元大投資級公司債,33,17,16,國泰-松江,2024-09-25,8883
5488,松普,18,3,15,國泰-松江,2024-09-25,8883
8111,立��,37,22,15,國泰-松江,2024-09-25,8883
4977,眾達-KY,22,7,15,國泰-松江,2024-09-25,8883
00919,群益台灣精選高息,3127,685,2442,國泰-松江,2024-09-26,8883
00937B,群益ESG投等債20,734,179,555,國泰-松江,2024-09-26,8883
00687B,國泰20年美債,353,209,144,國泰-松江,2024-09-26,8883
00918,大華優利高填息30,145,1,144,國泰-松江,2024-09-26,8883
1440,南紡,113,0,113,國泰-松江,2024-09-26,8883
9938,百和,113,2,111,國泰-松江,2024-09-26,8883
2312,金寶,119,13,106,國泰-松江,2024-09-26,8883
00636,國泰中國A50,105,4,101,國泰-松江,2024-09-26,8883
2371,大同,164,66,98,國泰-松江,2024-09-26,8883
2609,陽明,514,427,87,國泰-松江,2024-09-26,8883
00720B,元大投資級公司債,133,47,86,國泰-松江,2024-09-26,8883
00948B,中信優息投資級債,81,0,81,國泰-松江,2024-09-26,8883
00632R,元大台灣50反1,106,25,81,國泰-松江,2024-09-26,8883
3605,宏致,141,63,78,國泰-松江,2024-09-26,8883
00960,野村全球航運龍頭,282,208,74,國泰-松江,2024-09-26,8883
00715L,期街口布蘭特正2,75,3,72,國泰-松江,2024-09-26,8883
1104,環泥,75,5,70,國泰-松江,2024-09-26,8883
00680L,元大美債20正2,220,151,69,國泰-松江,2024-09-26,8883
3019,亞光,84,23,61,國泰-松江,2024-09-26,8883
00712,復華富時不動產,61,8,53,國泰-松江,2024-09-26,8883
4720,德淵,48,0,48,國泰-松江,2024-09-26,8883
00795B,中信美國公債20年,45,1,44,國泰-松江,2024-09-26,8883
8096,擎亞,79,37,42,國泰-松江,2024-09-26,8883
2408,南亞科,64,25,39,國泰-松江,2024-09-26,8883
6188,廣明,63,27,36,國泰-松江,2024-09-26,8883
00931B,統一美債20年,37,3,34,國泰-松江,2024-09-26,8883
3673,TPK-KY,39,7,32,國泰-松江,2024-09-26,8883
6695,芯鼎,35,4,31,國泰-松江,2024-09-26,8883
00642U,期元大S＆P石油,31,0,31,國泰-松江,2024-09-26,8883
6224,聚鼎,31,0,31,國泰-松江,2024-09-26,8883
1569,濱川,32,2,30,國泰-松江,2024-09-26,8883
2365,昆盈,35,6,29,國泰-松江,2024-09-26,8883
00725B,國泰投資級公司債,29,0,29,國泰-松江,2024-09-26,8883
00679B,元大美債20年,239,210,29,國泰-松江,2024-09-26,8883
00633L,富邦上証正2,28,0,28,國泰-松江,2024-09-26,8883
1504,東元,26,0,26,國泰-松江,2024-09-26,8883
1540,喬福,119,93,26,國泰-松江,2024-09-26,8883
4908,前鼎,27,2,25,國泰-松江,2024-09-26,8883
00958B,永豐ESG銀行債15,35,10,25,國泰-松江,2024-09-26,8883
6411,晶焱,30,5,25,國泰-松江,2024-09-26,8883
3715,定穎投控,39,19,20,國泰-松江,2024-09-26,8883
1101,台泥,21,1,20,國泰-松江,2024-09-26,8883
00637L,元大滬深300正2,58,38,20,國泰-松江,2024-09-26,8883
4956,光鋐,20,0,20,國泰-松江,2024-09-26,8883
1808,潤隆,40,20,20,國泰-松江,2024-09-26,8883
3661,世芯-KY,30,11,19,國泰-松江,2024-09-26,8883
1722,台肥,17,0,17,國泰-松江,2024-09-26,8883
3297,杭特,22,5,17,國泰-松江,2024-09-26,8883
00706L,期元大S＆P日圓正2,87,70,17,國泰-松江,2024-09-26,8883
3438,類比科,16,0,16,國泰-松江,2024-09-26,8883
00679B,元大美債20年,707,26,681,國泰-松江,2024-09-27,8883
2027,大成鋼,533,24,509,國泰-松江,2024-09-27,8883
2886,兆豐金,431,1,430,國泰-松江,2024-09-27,8883
00937B,群益ESG投等債20,445,37,408,國泰-松江,2024-09-27,8883
1440,南紡,358,0,358,國泰-松江,2024-09-27,8883
00632R,元大台灣50反1,667,320,347,國泰-松江,2024-09-27,8883
00687B,國泰20年美債,427,147,280,國泰-松江,2024-09-27,8883
3149,正達,322,107,215,國泰-松江,2024-09-27,8883
00960,野村全球航運龍頭,225,58,167,國泰-松江,2024-09-27,8883
2371,大同,147,10,137,國泰-松江,2024-09-27,8883
5014,建錩,100,0,100,國泰-松江,2024-09-27,8883
2888,新光金,124,40,84,國泰-松江,2024-09-27,8883
00929,復華台灣科技優息,159,78,81,國泰-松江,2024-09-27,8883
2891,中信金,118,50,68,國泰-松江,2024-09-27,8883
00720B,元大投資級公司債,76,9,67,國泰-松江,2024-09-27,8883
2363,矽統,250,184,66,國泰-松江,2024-09-27,8883
00919,群益台灣精選高息,74,21,53,國泰-松江,2024-09-27,8883
00640L,富邦日本正2,68,16,52,國泰-松江,2024-09-27,8883
00933B,國泰10Y+金融債,64,14,50,國泰-松江,2024-09-27,8883
2601,益航,60,10,50,國泰-松江,2024-09-27,8883
5531,鄉林,50,0,50,國泰-松江,2024-09-27,8883
00715L,期街口布蘭特正2,51,2,49,國泰-松江,2024-09-27,8883
00751B,元大AAA至A公司債,49,2,47,國泰-松江,2024-09-27,8883
3363,上詮,91,48,43,國泰-松江,2024-09-27,8883
00948B,中信優息投資級債,54,13,41,國泰-松江,2024-09-27,8883
00725B,國泰投資級公司債,41,2,39,國泰-松江,2024-09-27,8883
00706L,期元大S＆P日圓正2,38,0,38,國泰-松江,2024-09-27,8883
00945B,凱基美國非投等債,37,0,37,國泰-松江,2024-09-27,8883
9933,中鼎,36,0,36,國泰-松江,2024-09-27,8883
00688L,國泰20年美債正2,84,48,36,國泰-松江,2024-09-27,8883
00712,復華富時不動產,38,2,36,國泰-松江,2024-09-27,8883
00958B,永豐ESG銀行債15,34,0,34,國泰-松江,2024-09-27,8883
3037,欣興,57,26,31,國泰-松江,2024-09-27,8883
00931B,統一美債20年,32,3,29,國泰-松江,2024-09-27,8883
1785,光洋科,53,24,29,國泰-松江,2024-09-27,8883
5263,智崴,38,9,29,國泰-松江,2024-09-27,8883
2486,一詮,50,21,29,國泰-松江,2024-09-27,8883
3715,定穎投控,63,36,27,國泰-松江,2024-09-27,8883
6546,正基,36,9,27,國泰-松江,2024-09-27,8883
2362,藍天,87,61,26,國泰-松江,2024-09-27,8883
6405,悅城,37,12,25,國泰-松江,2024-09-27,8883
1569,濱川,25,2,23,國泰-松江,2024-09-27,8883
00927,群益半導體收益,32,9,23,國泰-松江,2024-09-27,8883
2436,偉詮電,21,0,21,國泰-松江,2024-09-27,8883
00697B,元大美債7-10,21,0,21,國泰-松江,2024-09-27,8883
4979,華星光,101,80,21,國泰-松江,2024-09-27,8883
2406,國碩,20,0,20,國泰-松江,2024-09-27,8883
8163,達方,20,0,20,國泰-松江,2024-09-27,8883
00666R,富邦�琤肭磪齯�1,20,0,20,國泰-松江,2024-09-27,8883
3044,健鼎,20,0,20,國泰-松江,2024-09-27,8883
00753L,中信中國50正2,592,92,500,國泰-松江,2024-09-30,8883
2349,錸德,410,5,405,國泰-松江,2024-09-30,8883
00929,復華台灣科技優息,444,129,315,國泰-松江,2024-09-30,8883
00687B,國泰20年美債,322,17,305,國泰-松江,2024-09-30,8883
00637L,元大滬深300正2,372,69,303,國泰-松江,2024-09-30,8883
00937B,群益ESG投等債20,281,83,198,國泰-松江,2024-09-30,8883
2330,台積電,125,22,103,國泰-松江,2024-09-30,8883
5871,中租-KY,118,21,97,國泰-松江,2024-09-30,8883
00940,元大台灣價值高息,122,38,84,國泰-松江,2024-09-30,8883
00948B,中信優息投資級債,113,30,83,國泰-松江,2024-09-30,8883
0050,元大台灣50,102,26,76,國泰-松江,2024-09-30,8883
00679B,元大美債20年,102,31,71,國泰-松江,2024-09-30,8883
0056,元大高股息,83,16,67,國泰-松江,2024-09-30,8883
2605,新興,144,82,62,國泰-松江,2024-09-30,8883
6873,泓德能源,99,37,62,國泰-松江,2024-09-30,8883
00725B,國泰投資級公司債,61,0,61,國泰-松江,2024-09-30,8883
00919,群益台灣精選高息,1173,1112,61,國泰-松江,2024-09-30,8883
1314,中石化,62,1,61,國泰-松江,2024-09-30,8883
2610,華航,58,0,58,國泰-松江,2024-09-30,8883
00751B,元大AAA至A公司債,65,8,57,國泰-松江,2024-09-30,8883
00960,野村全球航運龍頭,79,23,56,國泰-松江,2024-09-30,8883
2344,華邦電,63,7,56,國泰-松江,2024-09-30,8883
6143,振曜,53,0,53,國泰-松江,2024-09-30,8883
00720B,元大投資級公司債,47,0,47,國泰-松江,2024-09-30,8883
00655L,國泰中國A50正2,50,4,46,國泰-松江,2024-09-30,8883
00881,國泰台灣5G+,51,7,44,國泰-松江,2024-09-30,8883
00685L,群益臺灣加權正2,41,0,41,國泰-松江,2024-09-30,8883
2603,長榮,65,26,39,國泰-松江,2024-09-30,8883
00918,大華優利高填息30,39,1,38,國泰-松江,2024-09-30,8883
2353,宏��,38,0,38,國泰-松江,2024-09-30,8883
00719B,元大美債1-3,38,0,38,國泰-松江,2024-09-30,8883
00636,國泰中國A50,64,28,36,國泰-松江,2024-09-30,8883
2371,大同,43,7,36,國泰-松江,2024-09-30,8883
00945B,凱基美國非投等債,33,0,33,國泰-松江,2024-09-30,8883
00891,中信關鍵半導體,34,1,33,國泰-松江,2024-09-30,8883
00642U,期元大S＆P石油,36,5,31,國泰-松江,2024-09-30,8883
6224,聚鼎,32,3,29,國泰-松江,2024-09-30,8883
00953B,群益優選非投等債,29,0,29,國泰-松江,2024-09-30,8883
2002,中鋼,91,63,28,國泰-松江,2024-09-30,8883
00927,群益半導體收益,28,0,28,國泰-松江,2024-09-30,8883
3305,昇貿,31,4,27,國泰-松江,2024-09-30,8883
2313,華通,52,25,27,國泰-松江,2024-09-30,8883
1708,東鹼,28,2,26,國泰-松江,2024-09-30,8883
3711,日月光投控,25,0,25,國泰-松江,2024-09-30,8883
00631L,元大台灣50正2,40,15,25,國泰-松江,2024-09-30,8883
006208,富邦台50,33,9,24,國泰-松江,2024-09-30,8883
00690,兆豐藍籌30,23,0,23,國泰-松江,2024-09-30,8883
2009,第一銅,30,8,22,國泰-松江,2024-09-30,8883
2845,遠東銀,22,0,22,國泰-松江,2024-09-30,8883
00713,元大台灣高息低波,23,2,21,國泰-松江,2024-09-30,8883
00680L,元大美債20正2,313,5,308,國泰-松江,2024-10-01,8883
00753L,中信中國50正2,352,101,251,國泰-松江,2024-10-01,8883
00929,復華台灣科技優息,223,18,205,國泰-松江,2024-10-01,8883
00688L,國泰20年美債正2,214,10,204,國泰-松江,2024-10-01,8883
00665L,富邦�琤肭磪囓�2,140,5,135,國泰-松江,2024-10-01,8883
0056,元大高股息,123,6,117,國泰-松江,2024-10-01,8883
00671R,富邦NASDAQ反1,100,0,100,國泰-松江,2024-10-01,8883
00632R,元大台灣50反1,102,5,97,國泰-松江,2024-10-01,8883
00878,國泰永續高股息,103,20,83,國泰-松江,2024-10-01,8883
00679B,元大美債20年,94,18,76,國泰-松江,2024-10-01,8883
2371,大同,84,14,70,國泰-松江,2024-10-01,8883
00687B,國泰20年美債,90,21,69,國泰-松江,2024-10-01,8883
00650L,復華香港正2,52,0,52,國泰-松江,2024-10-01,8883
00922,國泰台灣領袖50,52,1,51,國泰-松江,2024-10-01,8883
6104,創惟,73,22,51,國泰-松江,2024-10-01,8883
00915,凱基優選高股息30,67,18,49,國泰-松江,2024-10-01,8883
3081,聯亞,129,80,49,國泰-松江,2024-10-01,8883
00948B,中信優息投資級債,68,20,48,國泰-松江,2024-10-01,8883
2363,矽統,56,10,46,國泰-松江,2024-10-01,8883
00752,中信中國50,55,10,45,國泰-松江,2024-10-01,8883
00713,元大台灣高息低波,49,4,45,國泰-松江,2024-10-01,8883
2406,國碩,30,0,30,國泰-松江,2024-10-01,8883
00700,富邦�琤肭磪�,30,0,30,國泰-松江,2024-10-01,8883
2347,聯強,29,1,28,國泰-松江,2024-10-01,8883
2891,中信金,33,9,24,國泰-松江,2024-10-01,8883
6530,創威,102,78,24,國泰-松江,2024-10-01,8883
1301,台塑,35,12,23,國泰-松江,2024-10-01,8883
1584,精剛,24,1,23,國泰-松江,2024-10-01,8883
2615,萬海,111,88,23,國泰-松江,2024-10-01,8883
2436,偉詮電,26,3,23,國泰-松江,2024-10-01,8883
6589,台康生技,26,4,22,國泰-松江,2024-10-01,8883
2337,旺宏,22,0,22,國泰-松江,2024-10-01,8883
4716,大立,24,3,21,國泰-松江,2024-10-01,8883
2882,國泰金,24,3,21,國泰-松江,2024-10-01,8883
1802,台玻,40,21,19,國泰-松江,2024-10-01,8883
2883,凱基金,47,28,19,國泰-松江,2024-10-01,8883
2408,南亞科,23,5,18,國泰-松江,2024-10-01,8883
00795B,中信美國公債20年,17,0,17,國泰-松江,2024-10-01,8883
2317,鴻海,31,15,16,國泰-松江,2024-10-01,8883
00940,元大台灣價值高息,39,23,16,國泰-松江,2024-10-01,8883
1466,聚隆,15,0,15,國泰-松江,2024-10-01,8883
00881,國泰台灣5G+,18,3,15,國泰-松江,2024-10-01,8883
0061,元大寶滬深,41,27,14,國泰-松江,2024-10-01,8883
4908,前鼎,28,14,14,國泰-松江,2024-10-01,8883
2455,全新,48,34,14,國泰-松江,2024-10-01,8883
2344,華邦電,14,0,14,國泰-松江,2024-10-01,8883
3622,洋華,13,0,13,國泰-松江,2024-10-01,8883
9938,百和,20,7,13,國泰-松江,2024-10-01,8883
2388,威盛,21,9,12,國泰-松江,2024-10-01,8883
3019,亞光,33,21,12,國泰-松江,2024-10-01,8883
00665L,富邦�琤肭磪囓�2,509,153,356,國泰-松江,2024-10-04,8883
00937B,群益ESG投等債20,332,24,308,國泰-松江,2024-10-04,8883
0056,元大高股息,346,49,297,國泰-松江,2024-10-04,8883
00929,復華台灣科技優息,438,169,269,國泰-松江,2024-10-04,8883
00940,元大台灣價值高息,237,12,225,國泰-松江,2024-10-04,8883
00637L,元大滬深300正2,338,154,184,國泰-松江,2024-10-04,8883
00918,大華優利高填息30,180,38,142,國泰-松江,2024-10-04,8883
2618,長榮航,154,14,140,國泰-松江,2024-10-04,8883
00643,群益深証中小,141,2,139,國泰-松江,2024-10-04,8883
00713,元大台灣高息低波,125,6,119,國泰-松江,2024-10-04,8883
00878,國泰永續高股息,136,27,109,國泰-松江,2024-10-04,8883
00946,群益科技高息成長,108,0,108,國泰-松江,2024-10-04,8883
00752,中信中國50,135,28,107,國泰-松江,2024-10-04,8883
00679B,元大美債20年,171,64,107,國泰-松江,2024-10-04,8883
00706L,期元大S＆P日圓正2,103,0,103,國泰-松江,2024-10-04,8883
00922,國泰台灣領袖50,99,2,97,國泰-松江,2024-10-04,8883
9934,成霖,76,0,76,國泰-松江,2024-10-04,8883
2362,藍天,95,25,70,國泰-松江,2024-10-04,8883
00933B,國泰10Y+金融債,69,3,66,國泰-松江,2024-10-04,8883
3081,聯亞,189,124,65,國泰-松江,2024-10-04,8883
00700,富邦�琤肭磪�,52,0,52,國泰-松江,2024-10-04,8883
00680L,元大美債20正2,177,127,50,國泰-松江,2024-10-04,8883
2303,聯電,51,2,49,國泰-松江,2024-10-04,8883
00915,凱基優選高股息30,52,6,46,國泰-松江,2024-10-04,8883
00712,復華富時不動產,43,0,43,國泰-松江,2024-10-04,8883
3293,鈊象,45,5,40,國泰-松江,2024-10-04,8883
4720,德淵,34,0,34,國泰-松江,2024-10-04,8883
2884,玉山金,34,0,34,國泰-松江,2024-10-04,8883
3481,群創,51,17,34,國泰-松江,2024-10-04,8883
00687B,國泰20年美債,156,124,32,國泰-松江,2024-10-04,8883
2498,宏達電,127,95,32,國泰-松江,2024-10-04,8883
6248,沛波,32,2,30,國泰-松江,2024-10-04,8883
00948B,中信優息投資級債,40,11,29,國泰-松江,2024-10-04,8883
3048,益登,37,9,28,國泰-松江,2024-10-04,8883
00648R,元大S＆P500反1,25,0,25,國泰-松江,2024-10-04,8883
1201,味全,23,0,23,國泰-松江,2024-10-04,8883
2392,正崴,25,2,23,國泰-松江,2024-10-04,8883
00943,兆豐電子高息等權,24,1,23,國泰-松江,2024-10-04,8883
00751B,元大AAA至A公司債,24,2,22,國泰-松江,2024-10-04,8883
6873,泓德能源,83,61,22,國泰-松江,2024-10-04,8883
2353,宏��,23,1,22,國泰-松江,2024-10-04,8883
2382,廣達,35,14,21,國泰-松江,2024-10-04,8883
2308,台達電,22,2,20,國泰-松江,2024-10-04,8883
1503,士電,21,1,20,國泰-松江,2024-10-04,8883
4123,晟德,19,0,19,國泰-松江,2024-10-04,8883
6535,順藥,20,1,19,國泰-松江,2024-10-04,8883
006205,富邦上証,24,5,19,國泰-松江,2024-10-04,8883
00795B,中信美國公債20年,23,5,18,國泰-松江,2024-10-04,8883
00887,永豐中國科技50大,182,164,18,國泰-松江,2024-10-04,8883
6425,易發,64,46,18,國泰-松江,2024-10-04,8883
00753L,中信中國50正2,1488,560,928,國泰-松江,2024-10-07,8883
00919,群益台灣精選高息,578,98,480,國泰-松江,2024-10-07,8883
0061,元大寶滬深,262,0,262,國泰-松江,2024-10-07,8883
0056,元大高股息,178,18,160,國泰-松江,2024-10-07,8883
00637L,元大滬深300正2,482,324,158,國泰-松江,2024-10-07,8883
1314,中石化,138,4,134,國泰-松江,2024-10-07,8883
5603,陸海,158,31,127,國泰-松江,2024-10-07,8883
00713,元大台灣高息低波,112,1,111,國泰-松江,2024-10-07,8883
00882,中信中國高股息,491,383,108,國泰-松江,2024-10-07,8883
00929,復華台灣科技優息,157,64,93,國泰-松江,2024-10-07,8883
00679B,元大美債20年,132,43,89,國泰-松江,2024-10-07,8883
00712,復華富時不動產,83,0,83,國泰-松江,2024-10-07,8883
00752,中信中國50,118,50,68,國泰-松江,2024-10-07,8883
2615,萬海,144,77,67,國泰-松江,2024-10-07,8883
2317,鴻海,136,75,61,國泰-松江,2024-10-07,8883
00887,永豐中國科技50大,350,292,58,國泰-松江,2024-10-07,8883
2313,華通,70,15,55,國泰-松江,2024-10-07,8883
00915,凱基優選高股息30,54,16,38,國泰-松江,2024-10-07,8883
1301,台塑,43,6,37,國泰-松江,2024-10-07,8883
00751B,元大AAA至A公司債,39,4,35,國泰-松江,2024-10-07,8883
00700,富邦�琤肭磪�,53,18,35,國泰-松江,2024-10-07,8883
00795B,中信美國公債20年,33,0,33,國泰-松江,2024-10-07,8883
00937B,群益ESG投等債20,198,166,32,國泰-松江,2024-10-07,8883
6875,國邑*,30,0,30,國泰-松江,2024-10-07,8883
00656R,國泰中國A50反1,30,2,28,國泰-松江,2024-10-07,8883
00922,國泰台灣領袖50,27,0,27,國泰-松江,2024-10-07,8883
9934,成霖,26,0,26,國泰-松江,2024-10-07,8883
6104,創惟,33,8,25,國泰-松江,2024-10-07,8883
2609,陽明,41,17,24,國泰-松江,2024-10-07,8883
1605,華新,25,1,24,國泰-松江,2024-10-07,8883
2464,盟立,25,2,23,國泰-松江,2024-10-07,8883
2886,兆豐金,37,15,22,國泰-松江,2024-10-07,8883
4999,鑫禾,22,0,22,國泰-松江,2024-10-07,8883
3715,定穎投控,33,11,22,國泰-松江,2024-10-07,8883
006206,元大上證50,21,0,21,國泰-松江,2024-10-07,8883
3025,星通,101,81,20,國泰-松江,2024-10-07,8883
3511,矽瑪,21,2,19,國泰-松江,2024-10-07,8883
00706L,期元大S＆P日圓正2,100,81,19,國泰-松江,2024-10-07,8883
00933B,國泰10Y+金融債,29,10,19,國泰-松江,2024-10-07,8883
5225,東科-KY,18,0,18,國泰-松江,2024-10-07,8883
5483,中美晶,17,0,17,國泰-松江,2024-10-07,8883
00725B,國泰投資級公司債,17,0,17,國泰-松江,2024-10-07,8883
9933,中鼎,16,0,16,國泰-松江,2024-10-07,8883
2476,鉅祥,15,0,15,國泰-松江,2024-10-07,8883
3591,艾笛森,36,21,15,國泰-松江,2024-10-07,8883
6274,台燿,17,2,15,國泰-松江,2024-10-07,8883
00878,國泰永續高股息,55,41,14,國泰-松江,2024-10-07,8883
2316,楠梓電,47,34,13,國泰-松江,2024-10-07,8883
5014,建錩,15,3,12,國泰-松江,2024-10-07,8883
2406,國碩,12,0,12,國泰-松江,2024-10-07,8883
2888,新光金,2450,40,2410,國泰-松江,2024-10-08,8883
00919,群益台灣精選高息,553,54,499,國泰-松江,2024-10-08,8883
00882,中信中國高股息,884,608,276,國泰-松江,2024-10-08,8883
2886,兆豐金,254,7,247,國泰-松江,2024-10-08,8883
00929,復華台灣科技優息,230,31,199,國泰-松江,2024-10-08,8883
0056,元大高股息,210,20,190,國泰-松江,2024-10-08,8883
00878,國泰永續高股息,165,21,144,國泰-松江,2024-10-08,8883
00632R,元大台灣50反1,145,11,134,國泰-松江,2024-10-08,8883
00687B,國泰20年美債,311,181,130,國泰-松江,2024-10-08,8883
00671R,富邦NASDAQ反1,125,0,125,國泰-松江,2024-10-08,8883
2317,鴻海,162,46,116,國泰-松江,2024-10-08,8883
2609,陽明,167,56,111,國泰-松江,2024-10-08,8883
2515,中工,107,1,106,國泰-松江,2024-10-08,8883
00922,國泰台灣領袖50,87,1,86,國泰-松江,2024-10-08,8883
3363,上詮,125,57,68,國泰-松江,2024-10-08,8883
00795B,中信美國公債20年,70,3,67,國泰-松江,2024-10-08,8883
00712,復華富時不動產,68,2,66,國泰-松江,2024-10-08,8883
00772B,中信高評級公司債,79,15,64,國泰-松江,2024-10-08,8883
00725B,國泰投資級公司債,63,0,63,國泰-松江,2024-10-08,8883
1314,中石化,71,8,63,國泰-松江,2024-10-08,8883
9934,成霖,52,0,52,國泰-松江,2024-10-08,8883
00948B,中信優息投資級債,58,7,51,國泰-松江,2024-10-08,8883
1301,台塑,57,9,48,國泰-松江,2024-10-08,8883
4956,光鋐,48,1,47,國泰-松江,2024-10-08,8883
00713,元大台灣高息低波,54,13,41,國泰-松江,2024-10-08,8883
0050,元大台灣50,46,5,41,國泰-松江,2024-10-08,8883
2399,映泰,286,249,37,國泰-松江,2024-10-08,8883
00679B,元大美債20年,158,124,34,國泰-松江,2024-10-08,8883
00933B,國泰10Y+金融債,41,12,29,國泰-松江,2024-10-08,8883
3049,精金,41,14,27,國泰-松江,2024-10-08,8883
3450,聯鈞,79,53,26,國泰-松江,2024-10-08,8883
2356,英業達,26,0,26,國泰-松江,2024-10-08,8883
3209,全科,42,17,25,國泰-松江,2024-10-08,8883
00905,FT臺灣Smart,24,0,24,國泰-松江,2024-10-08,8883
3037,欣興,27,3,24,國泰-松江,2024-10-08,8883
2883,凱基金,24,1,23,國泰-松江,2024-10-08,8883
3231,緯創,35,12,23,國泰-松江,2024-10-08,8883
00940,元大台灣價值高息,38,15,23,國泰-松江,2024-10-08,8883
1815,富喬,25,3,22,國泰-松江,2024-10-08,8883
8277,商丞,21,0,21,國泰-松江,2024-10-08,8883
2449,京元電子,27,6,21,國泰-松江,2024-10-08,8883
2610,華航,20,0,20,國泰-松江,2024-10-08,8883
3533,嘉澤,25,5,20,國泰-松江,2024-10-08,8883
1721,三晃,20,0,20,國泰-松江,2024-10-08,8883
2323,中環,20,0,20,國泰-松江,2024-10-08,8883
1527,鑽全,20,0,20,國泰-松江,2024-10-08,8883
912000,晨訊科-DR,20,0,20,國泰-松江,2024-10-08,8883
00953B,群益優選非投等債,20,0,20,國泰-松江,2024-10-08,8883
5225,東科-KY,20,0,20,國泰-松江,2024-10-08,8883
00918,大華優利高填息30,23,5,18,國泰-松江,2024-10-08,8883
1708,東鹼,410,9,401,國泰-松江,2024-10-09,8883
00665L,富邦�琤肭磪囓�2,474,263,211,國泰-松江,2024-10-09,8883
00687B,國泰20年美債,288,90,198,國泰-松江,2024-10-09,8883
00937B,群益ESG投等債20,256,84,172,國泰-松江,2024-10-09,8883
0056,元大高股息,186,29,157,國泰-松江,2024-10-09,8883
2356,英業達,167,42,125,國泰-松江,2024-10-09,8883
1314,中石化,123,4,119,國泰-松江,2024-10-09,8883
2888,新光金,240,147,93,國泰-松江,2024-10-09,8883
00753L,中信中國50正2,179,92,87,國泰-松江,2024-10-09,8883
2892,第一金,76,0,76,國泰-松江,2024-10-09,8883
2886,兆豐金,79,4,75,國泰-松江,2024-10-09,8883
2603,長榮,73,1,72,國泰-松江,2024-10-09,8883
5871,中租-KY,67,3,64,國泰-松江,2024-10-09,8883
0061,元大寶滬深,77,14,63,國泰-松江,2024-10-09,8883
00688L,國泰20年美債正2,74,12,62,國泰-松江,2024-10-09,8883
00725B,國泰投資級公司債,61,0,61,國泰-松江,2024-10-09,8883
00680L,元大美債20正2,80,21,59,國泰-松江,2024-10-09,8883
2884,玉山金,60,2,58,國泰-松江,2024-10-09,8883
2362,藍天,71,20,51,國泰-松江,2024-10-09,8883
00881,國泰台灣5G+,62,14,48,國泰-松江,2024-10-09,8883
00948B,中信優息投資級債,54,7,47,國泰-松江,2024-10-09,8883
5443,均豪,56,13,43,國泰-松江,2024-10-09,8883
6443,元晶,42,0,42,國泰-松江,2024-10-09,8883
2313,華通,51,11,40,國泰-松江,2024-10-09,8883
00674R,期元大S＆P黃金反1,40,0,40,國泰-松江,2024-10-09,8883
00915,凱基優選高股息30,38,0,38,國泰-松江,2024-10-09,8883
00712,復華富時不動產,40,5,35,國泰-松江,2024-10-09,8883
00720B,元大投資級公司債,35,0,35,國泰-松江,2024-10-09,8883
1316,上曜,36,1,35,國泰-松江,2024-10-09,8883
00922,國泰台灣領袖50,50,15,35,國泰-松江,2024-10-09,8883
4720,德淵,30,0,30,國泰-松江,2024-10-09,8883
1301,台塑,35,6,29,國泰-松江,2024-10-09,8883
5213,亞昕,29,2,27,國泰-松江,2024-10-09,8883
2537,聯上發,27,0,27,國泰-松江,2024-10-09,8883
00887,永豐中國科技50大,208,181,27,國泰-松江,2024-10-09,8883
2601,益航,29,3,26,國泰-松江,2024-10-09,8883
6207,雷科,77,51,26,國泰-松江,2024-10-09,8883
2023,燁輝,25,0,25,國泰-松江,2024-10-09,8883
4999,鑫禾,24,0,24,國泰-松江,2024-10-09,8883
2303,聯電,28,6,22,國泰-松江,2024-10-09,8883
5225,東科-KY,22,0,22,國泰-松江,2024-10-09,8883
3049,精金,29,7,22,國泰-松江,2024-10-09,8883
2609,陽明,34,13,21,國泰-松江,2024-10-09,8883
3622,洋華,21,0,21,國泰-松江,2024-10-09,8883
00713,元大台灣高息低波,28,8,20,國泰-松江,2024-10-09,8883
006205,富邦上証,20,0,20,國泰-松江,2024-10-09,8883
1709,和益,20,0,20,國泰-松江,2024-10-09,8883
00942B,台新美A公司債20+,20,0,20,國泰-松江,2024-10-09,8883
00651R,復華香港反1,20,0,20,國泰-松江,2024-10-09,8883
3189,景碩,41,21,20,國泰-松江,2024-10-09,8883
00680L,元大美債20正2,834,2,832,國泰-松江,2024-10-11,8883
0056,元大高股息,347,50,297,國泰-松江,2024-10-11,8883
1307,三芳,289,10,279,國泰-松江,2024-10-11,8883
00632R,元大台灣50反1,334,76,258,國泰-松江,2024-10-11,8883
00878,國泰永續高股息,261,67,194,國泰-松江,2024-10-11,8883
00882,中信中國高股息,359,223,136,國泰-松江,2024-10-11,8883
00687B,國泰20年美債,206,94,112,國泰-松江,2024-10-11,8883
2449,京元電子,196,100,96,國泰-松江,2024-10-11,8883
00679B,元大美債20年,215,139,76,國泰-松江,2024-10-11,8883
5225,東科-KY,72,2,70,國泰-松江,2024-10-11,8883
00688L,國泰20年美債正2,104,40,64,國泰-松江,2024-10-11,8883
00937B,群益ESG投等債20,82,23,59,國泰-松江,2024-10-11,8883
00725B,國泰投資級公司債,58,4,54,國泰-松江,2024-10-11,8883
3033,威健,55,3,52,國泰-松江,2024-10-11,8883
00945B,凱基美國非投等債,50,0,50,國泰-松江,2024-10-11,8883
00881,國泰台灣5G+,70,25,45,國泰-松江,2024-10-11,8883
9934,成霖,42,0,42,國泰-松江,2024-10-11,8883
00948B,中信優息投資級債,58,20,38,國泰-松江,2024-10-11,8883
00713,元大台灣高息低波,43,6,37,國泰-松江,2024-10-11,8883
4979,華星光,75,43,32,國泰-松江,2024-10-11,8883
2388,威盛,42,13,29,國泰-松江,2024-10-11,8883
3450,聯鈞,121,92,29,國泰-松江,2024-10-11,8883
00637L,元大滬深300正2,293,265,28,國泰-松江,2024-10-11,8883
4991,環宇-KY,41,13,28,國泰-松江,2024-10-11,8883
1785,光洋科,58,31,27,國泰-松江,2024-10-11,8883
00670L,富邦NASDAQ正2,27,1,26,國泰-松江,2024-10-11,8883
4720,德淵,31,6,25,國泰-松江,2024-10-11,8883
2363,矽統,73,49,24,國泰-松江,2024-10-11,8883
6873,泓德能源,29,5,24,國泰-松江,2024-10-11,8883
1708,東鹼,25,1,24,國泰-松江,2024-10-11,8883
4909,新復興,40,16,24,國泰-松江,2024-10-11,8883
6533,晶心科,23,0,23,國泰-松江,2024-10-11,8883
00753L,中信中國50正2,98,75,23,國泰-松江,2024-10-11,8883
2419,仲琦,23,1,22,國泰-松江,2024-10-11,8883
4999,鑫禾,27,5,22,國泰-松江,2024-10-11,8883
00673R,期元大S＆P原油反1,27,5,22,國泰-松江,2024-10-11,8883
1216,統一,22,0,22,國泰-松江,2024-10-11,8883
8111,立��,43,21,22,國泰-松江,2024-10-11,8883
2887,台新金,32,11,21,國泰-松江,2024-10-11,8883
3715,定穎投控,49,28,21,國泰-松江,2024-10-11,8883
2495,普安,22,1,21,國泰-松江,2024-10-11,8883
3710,連展投控,21,0,21,國泰-松江,2024-10-11,8883
00665L,富邦�琤肭磪囓�2,43,23,20,國泰-松江,2024-10-11,8883
2356,英業達,22,3,19,國泰-松江,2024-10-11,8883
8092,建暐,19,0,19,國泰-松江,2024-10-11,8883
5519,隆大,20,1,19,國泰-松江,2024-10-11,8883
6589,台康生技,18,0,18,國泰-松江,2024-10-11,8883
3037,欣興,22,5,17,國泰-松江,2024-10-11,8883
2615,萬海,33,16,17,國泰-松江,2024-10-11,8883
1711,永光,17,0,17,國泰-松江,2024-10-11,8883
00632R,元大台灣50反1,1339,308,1031,國泰-松江,2024-10-14,8883
00688L,國泰20年美債正2,674,55,619,國泰-松江,2024-10-14,8883
00937B,群益ESG投等債20,305,29,276,國泰-松江,2024-10-14,8883
00679B,元大美債20年,273,22,251,國泰-松江,2024-10-14,8883
0056,元大高股息,222,19,203,國泰-松江,2024-10-14,8883
00687B,國泰20年美債,266,70,196,國泰-松江,2024-10-14,8883
00719B,元大美債1-3,187,0,187,國泰-松江,2024-10-14,8883
00887,永豐中國科技50大,117,7,110,國泰-松江,2024-10-14,8883
00725B,國泰投資級公司債,108,4,104,國泰-松江,2024-10-14,8883
00948B,中信優息投資級債,86,1,85,國泰-松江,2024-10-14,8883
1304,台聚,80,0,80,國泰-松江,2024-10-14,8883
00929,復華台灣科技優息,153,74,79,國泰-松江,2024-10-14,8883
3019,亞光,85,7,78,國泰-松江,2024-10-14,8883
5225,東科-KY,77,0,77,國泰-松江,2024-10-14,8883
2317,鴻海,120,52,68,國泰-松江,2024-10-14,8883
2362,藍天,79,10,69,國泰-松江,2024-10-14,8883
2337,旺宏,61,0,61,國泰-松江,2024-10-14,8883
00922,國泰台灣領袖50,64,4,60,國泰-松江,2024-10-14,8883
9934,成霖,55,0,55,國泰-松江,2024-10-14,8883
00751B,元大AAA至A公司債,54,0,54,國泰-松江,2024-10-14,8883
2421,建準,59,16,43,國泰-松江,2024-10-14,8883
006208,富邦台50,38,2,36,國泰-松江,2024-10-14,8883
3049,精金,63,28,35,國泰-松江,2024-10-14,8883
1307,三芳,32,0,32,國泰-松江,2024-10-14,8883
00753L,中信中國50正2,89,59,30,國泰-松江,2024-10-14,8883
00655L,國泰中國A50正2,36,6,30,國泰-松江,2024-10-14,8883
00940,元大台灣價值高息,49,20,29,國泰-松江,2024-10-14,8883
00720B,元大投資級公司債,30,2,28,國泰-松江,2024-10-14,8883
3710,連展投控,29,1,28,國泰-松江,2024-10-14,8883
00712,復華富時不動產,26,3,23,國泰-松江,2024-10-14,8883
00907,永豐優息存股,23,0,23,國泰-松江,2024-10-14,8883
6668,中揚光,23,0,23,國泰-松江,2024-10-14,8883
2344,華邦電,21,1,20,國泰-松江,2024-10-14,8883
1314,中石化,26,6,20,國泰-松江,2024-10-14,8883
6873,泓德能源,25,5,20,國泰-松江,2024-10-14,8883
00933B,國泰10Y+金融債,27,9,18,國泰-松江,2024-10-14,8883
8111,立��,117,99,18,國泰-松江,2024-10-14,8883
5880,合庫金,24,6,18,國泰-松江,2024-10-14,8883
4303,信立,17,0,17,國泰-松江,2024-10-14,8883
00637L,元大滬深300正2,118,101,17,國泰-松江,2024-10-14,8883
2467,志聖,22,6,16,國泰-松江,2024-10-14,8883
9105,泰金寶-DR,24,8,16,國泰-松江,2024-10-14,8883
00795B,中信美國公債20年,16,0,16,國泰-松江,2024-10-14,8883
4919,新唐,19,4,15,國泰-松江,2024-10-14,8883
00706L,期元大S＆P日圓正2,15,0,15,國泰-松江,2024-10-14,8883
6187,萬潤,21,6,15,國泰-松江,2024-10-14,8883
5443,均豪,33,19,14,國泰-松江,2024-10-14,8883
00772B,中信高評級公司債,14,0,14,國泰-松江,2024-10-14,8883
2855,統一證,15,1,14,國泰-松江,2024-10-14,8883
6546,正基,20,6,14,國泰-松江,2024-10-14,8883
00665L,富邦�琤肭磪囓�2,452,22,430,國泰-松江,2024-10-15,8883
00687B,國泰20年美債,363,14,349,國泰-松江,2024-10-15,8883
00753L,中信中國50正2,423,161,262,國泰-松江,2024-10-15,8883
00937B,群益ESG投等債20,257,22,235,國泰-松江,2024-10-15,8883
00632R,元大台灣50反1,810,600,210,國泰-松江,2024-10-15,8883
1304,台聚,180,0,180,國泰-松江,2024-10-15,8883
00715L,期街口布蘭特正2,165,13,152,國泰-松江,2024-10-15,8883
00679B,元大美債20年,158,12,146,國泰-松江,2024-10-15,8883
00929,復華台灣科技優息,200,91,109,國泰-松江,2024-10-15,8883
9934,成霖,91,0,91,國泰-松江,2024-10-15,8883
00887,永豐中國科技50大,118,32,86,國泰-松江,2024-10-15,8883
00688L,國泰20年美債正2,77,0,77,國泰-松江,2024-10-15,8883
00922,國泰台灣領袖50,104,29,75,國泰-松江,2024-10-15,8883
00637L,元大滬深300正2,90,24,66,國泰-松江,2024-10-15,8883
1727,中華化,62,1,61,國泰-松江,2024-10-15,8883
6509,聚和,59,0,59,國泰-松江,2024-10-15,8883
00919,群益台灣精選高息,106,53,53,國泰-松江,2024-10-15,8883
4991,環宇-KY,68,15,53,國泰-松江,2024-10-15,8883
1301,台塑,52,2,50,國泰-松江,2024-10-15,8883
3062,建漢,258,210,48,國泰-松江,2024-10-15,8883
3450,聯鈞,100,53,47,國泰-松江,2024-10-15,8883
2331,精英,40,1,39,國泰-松江,2024-10-15,8883
2388,威盛,50,13,37,國泰-松江,2024-10-15,8883
5871,中租-KY,43,7,36,國泰-松江,2024-10-15,8883
6156,松上,76,42,34,國泰-松江,2024-10-15,8883
00725B,國泰投資級公司債,32,0,32,國泰-松江,2024-10-15,8883
5213,亞昕,32,0,32,國泰-松江,2024-10-15,8883
00878,國泰永續高股息,125,94,31,國泰-松江,2024-10-15,8883
3163,波若威,69,39,30,國泰-松江,2024-10-15,8883
3013,晟銘電,80,52,28,國泰-松江,2024-10-15,8883
00772B,中信高評級公司債,28,1,27,國泰-松江,2024-10-15,8883
2371,大同,43,17,26,國泰-松江,2024-10-15,8883
3710,連展投控,52,26,26,國泰-松江,2024-10-15,8883
00664R,國泰臺灣加權反1,25,0,25,國泰-松江,2024-10-15,8883
00960,野村全球航運龍頭,24,1,23,國泰-松江,2024-10-15,8883
1802,台玻,22,2,20,國泰-松江,2024-10-15,8883
6284,佳邦,24,4,20,國泰-松江,2024-10-15,8883
00953B,群益優選非投等債,20,0,20,國泰-松江,2024-10-15,8883
4562,穎漢,30,11,19,國泰-松江,2024-10-15,8883
0056,元大高股息,95,77,18,國泰-松江,2024-10-15,8883
8028,昇陽半導體,40,22,18,國泰-松江,2024-10-15,8883
2362,藍天,21,4,17,國泰-松江,2024-10-15,8883
6126,信音,21,4,17,國泰-松江,2024-10-15,8883
2324,仁寶,27,10,17,國泰-松江,2024-10-15,8883
1785,光洋科,23,7,16,國泰-松江,2024-10-15,8883
00905,FT臺灣Smart,19,3,16,國泰-松江,2024-10-15,8883
6451,訊芯-KY,17,1,16,國泰-松江,2024-10-15,8883
6530,創威,61,45,16,國泰-松江,2024-10-15,8883
3605,宏致,28,12,16,國泰-松江,2024-10-15,8883
2845,遠東銀,15,0,15,國泰-松江,2024-10-15,8883
0056,元大高股息,261,56,205,國泰-松江,2024-10-16,8883
00922,國泰台灣領袖50,210,10,200,國泰-松江,2024-10-16,8883
00679B,元大美債20年,157,9,148,國泰-松江,2024-10-16,8883
00688L,國泰20年美債正2,162,17,145,國泰-松江,2024-10-16,8883
00687B,國泰20年美債,242,110,132,國泰-松江,2024-10-16,8883
00887,永豐中國科技50大,128,19,109,國泰-松江,2024-10-16,8883
9934,成霖,105,0,105,國泰-松江,2024-10-16,8883
00960,野村全球航運龍頭,90,10,80,國泰-松江,2024-10-16,8883
6509,聚和,78,0,78,國泰-松江,2024-10-16,8883
2891,中信金,80,12,68,國泰-松江,2024-10-16,8883
00713,元大台灣高息低波,58,1,57,國泰-松江,2024-10-16,8883
3363,上詮,59,2,57,國泰-松江,2024-10-16,8883
1709,和益,50,0,50,國泰-松江,2024-10-16,8883
2880,華南金,50,0,50,國泰-松江,2024-10-16,8883
00878,國泰永續高股息,100,54,46,國泰-松江,2024-10-16,8883
00915,凱基優選高股息30,46,0,46,國泰-松江,2024-10-16,8883
00905,FT臺灣Smart,52,9,43,國泰-松江,2024-10-16,8883
2887,台新金,44,2,42,國泰-松江,2024-10-16,8883
3710,連展投控,55,13,42,國泰-松江,2024-10-16,8883
5871,中租-KY,42,1,41,國泰-松江,2024-10-16,8883
3033,威健,42,2,40,國泰-松江,2024-10-16,8883
0050,元大台灣50,46,7,39,國泰-松江,2024-10-16,8883
2486,一詮,100,64,36,國泰-松江,2024-10-16,8883
2363,矽統,64,30,34,國泰-松江,2024-10-16,8883
00919,群益台灣精選高息,71,37,34,國泰-松江,2024-10-16,8883
00715L,期街口布蘭特正2,32,0,32,國泰-松江,2024-10-16,8883
8284,三竹,30,0,30,國泰-松江,2024-10-16,8883
006208,富邦台50,42,13,29,國泰-松江,2024-10-16,8883
3071,協禧,32,3,29,國泰-松江,2024-10-16,8883
00830,國泰費城半導體,33,6,27,國泰-松江,2024-10-16,8883
00631L,元大台灣50正2,35,8,27,國泰-松江,2024-10-16,8883
5880,合庫金,26,0,26,國泰-松江,2024-10-16,8883
00692,富邦公司治理,30,4,26,國泰-松江,2024-10-16,8883
00725B,國泰投資級公司債,29,3,26,國泰-松江,2024-10-16,8883
8064,東捷,30,6,24,國泰-松江,2024-10-16,8883
00941,中信上游半導體,24,0,24,國泰-松江,2024-10-16,8883
4916,事欣科,24,0,24,國泰-松江,2024-10-16,8883
2881,富邦金,26,3,23,國泰-松江,2024-10-16,8883
00931B,統一美債20年,24,2,22,國泰-松江,2024-10-16,8883
00673R,期元大S＆P原油反1,21,0,21,國泰-松江,2024-10-16,8883
1540,喬福,28,7,21,國泰-松江,2024-10-16,8883
00770,國泰北美科技,20,0,20,國泰-松江,2024-10-16,8883
5014,建錩,20,0,20,國泰-松江,2024-10-16,8883
2855,統一證,20,0,20,國泰-松江,2024-10-16,8883
00945B,凱基美國非投等債,20,0,20,國泰-松江,2024-10-16,8883
4958,臻鼎-KY,21,1,20,國泰-松江,2024-10-16,8883
2408,南亞科,29,10,19,國泰-松江,2024-10-16,8883
00720B,元大投資級公司債,32,14,18,國泰-松江,2024-10-16,8883
1605,華新,18,0,18,國泰-松江,2024-10-16,8883
2241,艾姆勒,24,6,18,國泰-松江,2024-10-16,8883
00680L,元大美債20正2,2501,111,2390,國泰-松江,2024-10-17,8883
0056,元大高股息,216,15,201,國泰-松江,2024-10-17,8883
00679B,元大美債20年,208,59,149,國泰-松江,2024-10-17,8883
00947,台新臺灣IC設計,150,6,144,國泰-松江,2024-10-17,8883
00922,國泰台灣領袖50,141,18,123,國泰-松江,2024-10-17,8883
9934,成霖,122,0,122,國泰-松江,2024-10-17,8883
9105,泰金寶-DR,125,42,83,國泰-松江,2024-10-17,8883
00887,永豐中國科技50大,84,2,82,國泰-松江,2024-10-17,8883
2399,映泰,222,151,71,國泰-松江,2024-10-17,8883
2344,華邦電,65,6,59,國泰-松江,2024-10-17,8883
00725B,國泰投資級公司債,52,0,52,國泰-松江,2024-10-17,8883
2801,彰銀,51,0,51,國泰-松江,2024-10-17,8883
00945B,凱基美國非投等債,50,0,50,國泰-松江,2024-10-17,8883
2615,萬海,108,59,49,國泰-松江,2024-10-17,8883
00941,中信上游半導體,45,0,45,國泰-松江,2024-10-17,8883
0050,元大台灣50,45,7,38,國泰-松江,2024-10-17,8883
3231,緯創,63,25,38,國泰-松江,2024-10-17,8883
00632R,元大台灣50反1,45,10,35,國泰-松江,2024-10-17,8883
00720B,元大投資級公司債,35,0,35,國泰-松江,2024-10-17,8883
2330,台積電,45,13,32,國泰-松江,2024-10-17,8883
4720,德淵,29,0,29,國泰-松江,2024-10-17,8883
00687B,國泰20年美債,96,68,28,國泰-松江,2024-10-17,8883
00919,群益台灣精選高息,86,58,28,國泰-松江,2024-10-17,8883
3033,威健,28,0,28,國泰-松江,2024-10-17,8883
2421,建準,45,18,27,國泰-松江,2024-10-17,8883
00642U,期元大S＆P石油,26,0,26,國泰-松江,2024-10-17,8883
2363,矽統,93,69,24,國泰-松江,2024-10-17,8883
00637L,元大滬深300正2,140,116,24,國泰-松江,2024-10-17,8883
3591,艾笛森,23,0,23,國泰-松江,2024-10-17,8883
6658,聯策,59,36,23,國泰-松江,2024-10-17,8883
8374,羅昇,106,84,22,國泰-松江,2024-10-17,8883
2331,精英,28,7,21,國泰-松江,2024-10-17,8883
3714,富采,29,8,21,國泰-松江,2024-10-17,8883
006208,富邦台50,24,3,21,國泰-松江,2024-10-17,8883
1434,福懋,20,0,20,國泰-松江,2024-10-17,8883
2412,中華電,20,0,20,國泰-松江,2024-10-17,8883
2891,中信金,45,25,20,國泰-松江,2024-10-17,8883
00960,野村全球航運龍頭,28,9,19,國泰-松江,2024-10-17,8883
00937B,群益ESG投等債20,163,144,19,國泰-松江,2024-10-17,8883
3498,陽程,47,28,19,國泰-松江,2024-10-17,8883
5213,亞昕,20,2,18,國泰-松江,2024-10-17,8883
3060,銘異,23,6,17,國泰-松江,2024-10-17,8883
1528,恩德,125,109,16,國泰-松江,2024-10-17,8883
1605,華新,22,6,16,國泰-松江,2024-10-17,8883
1815,富喬,20,4,16,國泰-松江,2024-10-17,8883
00912,中信臺灣智慧50,15,0,15,國泰-松江,2024-10-17,8883
5904,寶雅,15,0,15,國泰-松江,2024-10-17,8883
1727,中華化,24,9,15,國泰-松江,2024-10-17,8883
6589,台康生技,14,0,14,國泰-松江,2024-10-17,8883
3413,京鼎,18,4,14,國泰-松江,2024-10-17,8883
00687B,國泰20年美債,800,17,783,國泰-松江,2024-10-18,8883
00688L,國泰20年美債正2,556,46,510,國泰-松江,2024-10-18,8883
0056,元大高股息,261,36,225,國泰-松江,2024-10-18,8883
00679B,元大美債20年,264,44,220,國泰-松江,2024-10-18,8883
00948B,中信優息投資級債,188,0,188,國泰-松江,2024-10-18,8883
00937B,群益ESG投等債20,195,17,178,國泰-松江,2024-10-18,8883
00680L,元大美債20正2,162,27,135,國泰-松江,2024-10-18,8883
00947,台新臺灣IC設計,101,0,101,國泰-松江,2024-10-18,8883
2402,毅嘉,84,8,76,國泰-松江,2024-10-18,8883
00929,復華台灣科技優息,111,41,70,國泰-松江,2024-10-18,8883
2303,聯電,65,1,64,國泰-松江,2024-10-18,8883
00753L,中信中國50正2,263,199,64,國泰-松江,2024-10-18,8883
3379,彬台,65,2,63,國泰-松江,2024-10-18,8883
00919,群益台灣精選高息,88,26,62,國泰-松江,2024-10-18,8883
1314,中石化,58,2,56,國泰-松江,2024-10-18,8883
00751B,元大AAA至A公司債,54,0,54,國泰-松江,2024-10-18,8883
00665L,富邦�琤肭磪囓�2,91,39,52,國泰-松江,2024-10-18,8883
8028,昇陽半導體,170,118,52,國泰-松江,2024-10-18,8883
00945B,凱基美國非投等債,50,0,50,國泰-松江,2024-10-18,8883
00720B,元大投資級公司債,50,1,49,國泰-松江,2024-10-18,8883
00922,國泰台灣領袖50,103,56,47,國泰-松江,2024-10-18,8883
1708,東鹼,46,0,46,國泰-松江,2024-10-18,8883
2356,英業達,95,52,43,國泰-松江,2024-10-18,8883
3031,佰鴻,62,19,43,國泰-松江,2024-10-18,8883
00639,富邦深100,41,0,41,國泰-松江,2024-10-18,8883
00887,永豐中國科技50大,48,10,38,國泰-松江,2024-10-18,8883
2002,中鋼,41,6,35,國泰-松江,2024-10-18,8883
3450,聯鈞,133,100,33,國泰-松江,2024-10-18,8883
00637L,元大滬深300正2,120,88,32,國泰-松江,2024-10-18,8883
00933B,國泰10Y+金融債,51,20,31,國泰-松江,2024-10-18,8883
6873,泓德能源,32,2,30,國泰-松江,2024-10-18,8883
5347,世界,38,8,30,國泰-松江,2024-10-18,8883
5213,亞昕,29,0,29,國泰-松江,2024-10-18,8883
3653,健策,29,0,29,國泰-松江,2024-10-18,8883
00795B,中信美國公債20年,29,1,28,國泰-松江,2024-10-18,8883
2449,京元電子,82,54,28,國泰-松江,2024-10-18,8883
2495,普安,48,21,27,國泰-松江,2024-10-18,8883
6165,浪凡,27,0,27,國泰-松江,2024-10-18,8883
00772B,中信高評級公司債,27,0,27,國泰-松江,2024-10-18,8883
2313,華通,30,5,25,國泰-松江,2024-10-18,8883
00733,富邦臺灣中小,30,4,26,國泰-松江,2024-10-18,8883
5484,慧友,24,0,24,國泰-松江,2024-10-18,8883
2392,正崴,22,0,22,國泰-松江,2024-10-18,8883
4720,德淵,22,0,22,國泰-松江,2024-10-18,8883
3591,艾笛森,24,3,21,國泰-松江,2024-10-18,8883
4562,穎漢,127,106,21,國泰-松江,2024-10-18,8883
6156,松上,21,0,21,國泰-松江,2024-10-18,8883
1337,再生-KY,20,0,20,國泰-松江,2024-10-18,8883
00725B,國泰投資級公司債,21,0,21,國泰-松江,2024-10-18,8883
006206,元大上證50,20,0,20,國泰-松江,2024-10-18,8883
00878,國泰永續高股息,783,22,761,國泰-松江,2024-10-21,8883
00937B,群益ESG投等債20,556,43,513,國泰-松江,2024-10-21,8883
00687B,國泰20年美債,339,6,333,國泰-松江,2024-10-21,8883
2884,玉山金,271,11,260,國泰-松江,2024-10-21,8883
00637L,元大滬深300正2,194,8,186,國泰-松江,2024-10-21,8883
00753L,中信中國50正2,198,34,164,國泰-松江,2024-10-21,8883
00948B,中信優息投資級債,152,0,152,國泰-松江,2024-10-21,8883
2881,富邦金,123,1,122,國泰-松江,2024-10-21,8883
2891,中信金,127,12,115,國泰-松江,2024-10-21,8883
00679B,元大美債20年,179,85,94,國泰-松江,2024-10-21,8883
3011,今皓,166,81,85,國泰-松江,2024-10-21,8883
00922,國泰台灣領袖50,100,15,85,國泰-松江,2024-10-21,8883
00929,復華台灣科技優息,248,164,84,國泰-松江,2024-10-21,8883
00642U,期元大S＆P石油,84,0,84,國泰-松江,2024-10-21,8883
00725B,國泰投資級公司債,83,2,81,國泰-松江,2024-10-21,8883
00633L,富邦上証正2,144,66,78,國泰-松江,2024-10-21,8883
2883,凱基金,63,0,63,國泰-松江,2024-10-21,8883
00665L,富邦�琤肭磪囓�2,58,1,57,國泰-松江,2024-10-21,8883
00751B,元大AAA至A公司債,53,0,53,國泰-松江,2024-10-21,8883
00887,永豐中國科技50大,94,47,47,國泰-松江,2024-10-21,8883
1301,台塑,43,0,43,國泰-松江,2024-10-21,8883
00959B,大華投等美債15Y+,41,0,41,國泰-松江,2024-10-21,8883
4720,德淵,38,0,38,國泰-松江,2024-10-21,8883
9934,成霖,36,0,36,國泰-松江,2024-10-21,8883
0056,元大高股息,50,15,35,國泰-松江,2024-10-21,8883
00907,永豐優息存股,35,0,35,國泰-松江,2024-10-21,8883
006208,富邦台50,42,10,32,國泰-松江,2024-10-21,8883
00882,中信中國高股息,52,22,30,國泰-松江,2024-10-21,8883
2601,益航,30,1,29,國泰-松江,2024-10-21,8883
00915,凱基優選高股息30,29,2,27,國泰-松江,2024-10-21,8883
2515,中工,26,0,26,國泰-松江,2024-10-21,8883
2618,長榮航,36,10,26,國泰-松江,2024-10-21,8883
3013,晟銘電,69,44,25,國泰-松江,2024-10-21,8883
5213,亞昕,24,0,24,國泰-松江,2024-10-21,8883
1314,中石化,28,4,24,國泰-松江,2024-10-21,8883
2882,國泰金,25,2,23,國泰-松江,2024-10-21,8883
6532,瑞耘,38,16,22,國泰-松江,2024-10-21,8883
9105,泰金寶-DR,25,5,20,國泰-松江,2024-10-21,8883
00953B,群益優選非投等債,20,0,20,國泰-松江,2024-10-21,8883
2851,中再保,20,0,20,國泰-松江,2024-10-21,8883
4716,大立,20,0,20,國泰-松江,2024-10-21,8883
00885,富邦越南,19,0,19,國泰-松江,2024-10-21,8883
00715L,期街口布蘭特正2,37,19,18,國泰-松江,2024-10-21,8883
00958B,永豐ESG銀行債15,18,0,18,國泰-松江,2024-10-21,8883
5607,遠雄港,18,0,18,國泰-松江,2024-10-21,8883
00692,富邦公司治理,19,2,17,國泰-松江,2024-10-21,8883
0050,元大台灣50,28,11,17,國泰-松江,2024-10-21,8883
00945B,凱基美國非投等債,17,0,17,國泰-松江,2024-10-21,8883
00931B,統一美債20年,16,0,16,國泰-松江,2024-10-21,8883
3062,建漢,85,69,16,國泰-松江,2024-10-21,8883
00937B,群益ESG投等債20,1019,232,787,國泰-松江,2024-10-22,8883
00687B,國泰20年美債,767,49,718,國泰-松江,2024-10-22,8883
00679B,元大美債20年,923,323,600,國泰-松江,2024-10-22,8883
00948B,中信優息投資級債,232,53,179,國泰-松江,2024-10-22,8883
00680L,元大美債20正2,173,37,136,國泰-松江,2024-10-22,8883
00751B,元大AAA至A公司債,120,1,119,國泰-松江,2024-10-22,8883
1304,台聚,101,0,101,國泰-松江,2024-10-22,8883
00945B,凱基美國非投等債,100,0,100,國泰-松江,2024-10-22,8883
00725B,國泰投資級公司債,99,1,98,國泰-松江,2024-10-22,8883
00712,復華富時不動產,94,1,93,國泰-松江,2024-10-22,8883
5607,遠雄港,76,0,76,國泰-松江,2024-10-22,8883
2363,矽統,134,62,72,國泰-松江,2024-10-22,8883
00764B,群益25年美債,71,0,71,國泰-松江,2024-10-22,8883
00933B,國泰10Y+金融債,116,50,66,國泰-松江,2024-10-22,8883
00795B,中信美國公債20年,67,3,64,國泰-松江,2024-10-22,8883
1301,台塑,62,0,62,國泰-松江,2024-10-22,8883
0056,元大高股息,69,9,60,國泰-松江,2024-10-22,8883
00942B,台新美A公司債20+,51,0,51,國泰-松江,2024-10-22,8883
6873,泓德能源,54,5,49,國泰-松江,2024-10-22,8883
00720B,元大投資級公司債,65,19,46,國泰-松江,2024-10-22,8883
00753L,中信中國50正2,76,31,45,國泰-松江,2024-10-22,8883
00713,元大台灣高息低波,56,12,44,國泰-松江,2024-10-22,8883
00929,復華台灣科技優息,115,72,43,國泰-松江,2024-10-22,8883
5225,東科-KY,42,0,42,國泰-松江,2024-10-22,8883
1605,華新,40,0,40,國泰-松江,2024-10-22,8883
00915,凱基優選高股息30,42,5,37,國泰-松江,2024-10-22,8883
00959B,大華投等美債15Y+,35,0,35,國泰-松江,2024-10-22,8883
00733,富邦臺灣中小,33,0,33,國泰-松江,2024-10-22,8883
2897B,王道銀乙特,33,0,33,國泰-松江,2024-10-22,8883
00949,復華日本龍頭,31,0,31,國泰-松江,2024-10-22,8883
2344,華邦電,31,0,31,國泰-松江,2024-10-22,8883
2884,玉山金,38,10,28,國泰-松江,2024-10-22,8883
00941,中信上游半導體,30,3,27,國泰-松江,2024-10-22,8883
006208,富邦台50,29,2,27,國泰-松江,2024-10-22,8883
2888,新光金,31,3,28,國泰-松江,2024-10-22,8883
2851,中再保,27,0,27,國泰-松江,2024-10-22,8883
5213,亞昕,27,0,27,國泰-松江,2024-10-22,8883
1708,東鹼,27,0,27,國泰-松江,2024-10-22,8883
00905,FT臺灣Smart,31,5,26,國泰-松江,2024-10-22,8883
2330,台積電,46,22,24,國泰-松江,2024-10-22,8883
0050,元大台灣50,29,5,24,國泰-松江,2024-10-22,8883
00636,國泰中國A50,26,3,23,國泰-松江,2024-10-22,8883
2543,皇昌,27,6,21,國泰-松江,2024-10-22,8883
00931B,統一美債20年,43,22,21,國泰-松江,2024-10-22,8883
00882,中信中國高股息,35,15,20,國泰-松江,2024-10-22,8883
00673R,期元大S＆P原油反1,20,0,20,國泰-松江,2024-10-22,8883
00631L,元大台灣50正2,25,6,19,國泰-松江,2024-10-22,8883
8043,蜜望實,48,29,19,國泰-松江,2024-10-22,8883
4540,全球傳動,66,48,18,國泰-松江,2024-10-22,8883
2356,英業達,26,8,18,國泰-松江,2024-10-22,8883
00937B,群益ESG投等債20,632,12,620,國泰-松江,2024-10-23,8883
00878,國泰永續高股息,514,28,486,國泰-松江,2024-10-23,8883
2884,玉山金,230,1,229,國泰-松江,2024-10-23,8883
00679B,元大美債20年,173,9,164,國泰-松江,2024-10-23,8883
00687B,國泰20年美債,192,52,140,國泰-松江,2024-10-23,8883
2880,華南金,113,0,113,國泰-松江,2024-10-23,8883
00919,群益台灣精選高息,133,23,110,國泰-松江,2024-10-23,8883
00948B,中信優息投資級債,105,0,105,國泰-松江,2024-10-23,8883
00931B,統一美債20年,107,6,101,國泰-松江,2024-10-23,8883
00712,復華富時不動產,100,0,100,國泰-松江,2024-10-23,8883
0056,元大高股息,93,4,89,國泰-松江,2024-10-23,8883
00929,復華台灣科技優息,117,48,69,國泰-松江,2024-10-23,8883
00887,永豐中國科技50大,73,8,65,國泰-松江,2024-10-23,8883
8111,立��,67,11,56,國泰-松江,2024-10-23,8883
00725B,國泰投資級公司債,53,0,53,國泰-松江,2024-10-23,8883
00639,富邦深100,50,0,50,國泰-松江,2024-10-23,8883
1409,新纖,50,1,49,國泰-松江,2024-10-23,8883
00688L,國泰20年美債正2,70,21,49,國泰-松江,2024-10-23,8883
1304,台聚,48,0,48,國泰-松江,2024-10-23,8883
1539,巨庭,51,5,46,國泰-松江,2024-10-23,8883
6151,晉倫,172,127,45,國泰-松江,2024-10-23,8883
00637L,元大滬深300正2,67,22,45,國泰-松江,2024-10-23,8883
5880,合庫金,43,1,42,國泰-松江,2024-10-23,8883
3011,今皓,48,6,42,國泰-松江,2024-10-23,8883
00665L,富邦�琤肭磪囓�2,70,31,39,國泰-松江,2024-10-23,8883
5213,亞昕,38,0,38,國泰-松江,2024-10-23,8883
2891,中信金,50,13,37,國泰-松江,2024-10-23,8883
00922,國泰台灣領袖50,36,3,33,國泰-松江,2024-10-23,8883
00915,凱基優選高股息30,35,2,33,國泰-松江,2024-10-23,8883
6770,力積電,32,0,32,國泰-松江,2024-10-23,8883
6405,悅城,160,128,32,國泰-松江,2024-10-23,8883
8176,智捷,31,0,31,國泰-松江,2024-10-23,8883
006206,元大上證50,30,0,30,國泰-松江,2024-10-23,8883
00720B,元大投資級公司債,37,7,30,國泰-松江,2024-10-23,8883
2887,台新金,30,1,29,國泰-松江,2024-10-23,8883
2313,華通,29,2,27,國泰-松江,2024-10-23,8883
00751B,元大AAA至A公司債,29,2,27,國泰-松江,2024-10-23,8883
6234,高僑,24,0,24,國泰-松江,2024-10-23,8883
00713,元大台灣高息低波,23,0,23,國泰-松江,2024-10-23,8883
2412,中華電,22,0,22,國泰-松江,2024-10-23,8883
00949,復華日本龍頭,22,0,22,國泰-松江,2024-10-23,8883
2545,皇翔,22,1,21,國泰-松江,2024-10-23,8883
00907,永豐優息存股,24,3,21,國泰-松江,2024-10-23,8883
5607,遠雄港,21,0,21,國泰-松江,2024-10-23,8883
00905,FT臺灣Smart,24,3,21,國泰-松江,2024-10-23,8883
6237,驊訊,20,0,20,國泰-松江,2024-10-23,8883
2369,菱生,31,12,19,國泰-松江,2024-10-23,8883
00932,兆豐永續高息等權,19,0,19,國泰-松江,2024-10-23,8883
3060,銘異,18,0,18,國泰-松江,2024-10-23,8883
00655L,國泰中國A50正2,20,2,18,國泰-松江,2024-10-23,8883
00688L,國泰20年美債正2,511,1,510,國泰-松江,2024-10-24,8883
3551,世禾,437,35,402,國泰-松江,2024-10-24,8883
00937B,群益ESG投等債20,321,110,211,國泰-松江,2024-10-24,8883
0056,元大高股息,160,9,151,國泰-松江,2024-10-24,8883
00919,群益台灣精選高息,145,13,132,國泰-松江,2024-10-24,8883
2884,玉山金,134,3,131,國泰-松江,2024-10-24,8883
00665L,富邦�琤肭磪囓�2,170,49,121,國泰-松江,2024-10-24,8883
00725B,國泰投資級公司債,120,2,118,國泰-松江,2024-10-24,8883
00922,國泰台灣領袖50,117,3,114,國泰-松江,2024-10-24,8883
9934,成霖,113,0,113,國泰-松江,2024-10-24,8883
3580,友威科,149,36,113,國泰-松江,2024-10-24,8883
00687B,國泰20年美債,111,3,108,國泰-松江,2024-10-24,8883
00637L,元大滬深300正2,106,0,106,國泰-松江,2024-10-24,8883
00753L,中信中國50正2,109,20,89,國泰-松江,2024-10-24,8883
3715,定穎投控,129,47,82,國泰-松江,2024-10-24,8883
1528,恩德,153,75,78,國泰-松江,2024-10-24,8883
00720B,元大投資級公司債,88,11,77,國泰-松江,2024-10-24,8883
2892,第一金,76,0,76,國泰-松江,2024-10-24,8883
00940,元大台灣價值高息,188,116,72,國泰-松江,2024-10-24,8883
3481,群創,75,3,72,國泰-松江,2024-10-24,8883
00878,國泰永續高股息,120,57,63,國泰-松江,2024-10-24,8883
00960,野村全球航運龍頭,59,1,58,國泰-松江,2024-10-24,8883
00938,凱基優選30,57,0,57,國泰-松江,2024-10-24,8883
00631L,元大台灣50正2,54,3,51,國泰-松江,2024-10-24,8883
2344,華邦電,51,1,50,國泰-松江,2024-10-24,8883
4720,德淵,47,0,47,國泰-松江,2024-10-24,8883
00905,FT臺灣Smart,46,0,46,國泰-松江,2024-10-24,8883
2486,一詮,154,110,44,國泰-松江,2024-10-24,8883
2303,聯電,43,0,43,國泰-松江,2024-10-24,8883
00712,復華富時不動產,45,2,43,國泰-松江,2024-10-24,8883
2388,威盛,63,26,37,國泰-松江,2024-10-24,8883
6138,茂達,35,2,33,國泰-松江,2024-10-24,8883
00929,復華台灣科技優息,211,179,32,國泰-松江,2024-10-24,8883
3167,大量,79,47,32,國泰-松江,2024-10-24,8883
3363,上詮,33,1,32,國泰-松江,2024-10-24,8883
4977,眾達-KY,34,3,31,國泰-松江,2024-10-24,8883
00930,永豐ESG低碳高息,32,1,31,國泰-松江,2024-10-24,8883
00679B,元大美債20年,37,6,31,國泰-松江,2024-10-24,8883
3037,欣興,71,41,30,國泰-松江,2024-10-24,8883
8085,福華,29,0,29,國泰-松江,2024-10-24,8883
00939,統一台灣高息動能,31,2,29,國泰-松江,2024-10-24,8883
2353,宏��,27,1,26,國泰-松江,2024-10-24,8883
00918,大華優利高填息30,29,4,25,國泰-松江,2024-10-24,8883
00670L,富邦NASDAQ正2,25,0,25,國泰-松江,2024-10-24,8883
00738U,期元大道瓊白銀,25,0,25,國泰-松江,2024-10-24,8883
2371,大同,34,10,24,國泰-松江,2024-10-24,8883
2382,廣達,35,11,24,國泰-松江,2024-10-24,8883
00915,凱基優選高股息30,24,1,23,國泰-松江,2024-10-24,8883
5234,達興材料,32,10,22,國泰-松江,2024-10-24,8883
3596,智易,21,0,21,國泰-松江,2024-10-24,8883
00680L,元大美債20正2,1796,51,1745,國泰-松江,2024-10-25,8883
2646,星宇航空,956,282,674,國泰-松江,2024-10-25,8883
00960,野村全球航運龍頭,384,4,380,國泰-松江,2024-10-25,8883
00937B,群益ESG投等債20,328,48,280,國泰-松江,2024-10-25,8883
00679B,元大美債20年,219,9,210,國泰-松江,2024-10-25,8883
00713,元大台灣高息低波,148,0,148,國泰-松江,2024-10-25,8883
00687B,國泰20年美債,140,31,109,國泰-松江,2024-10-25,8883
2884,玉山金,87,4,83,國泰-松江,2024-10-25,8883
00919,群益台灣精選高息,91,9,82,國泰-松江,2024-10-25,8883
00959B,大華投等美債15Y+,75,0,75,國泰-松江,2024-10-25,8883
2312,金寶,78,14,64,國泰-松江,2024-10-25,8883
00929,復華台灣科技優息,86,23,63,國泰-松江,2024-10-25,8883
1304,台聚,54,0,54,國泰-松江,2024-10-25,8883
2812,台中銀,51,0,51,國泰-松江,2024-10-25,8883
6142,友勁,56,6,50,國泰-松江,2024-10-25,8883
5607,遠雄港,44,1,43,國泰-松江,2024-10-25,8883
00887,永豐中國科技50大,47,6,41,國泰-松江,2024-10-25,8883
2303,聯電,42,2,40,國泰-松江,2024-10-25,8883
2374,佳能,51,11,40,國泰-松江,2024-10-25,8883
4977,眾達-KY,37,2,35,國泰-松江,2024-10-25,8883
2344,華邦電,39,5,34,國泰-松江,2024-10-25,8883
00715L,期街口布蘭特正2,33,0,33,國泰-松江,2024-10-25,8883
4919,新唐,82,49,33,國泰-松江,2024-10-25,8883
6770,力積電,31,0,31,國泰-松江,2024-10-25,8883
2495,普安,168,140,28,國泰-松江,2024-10-25,8883
00941,中信上游半導體,28,0,28,國泰-松江,2024-10-25,8883
2442,新美齊,148,120,28,國泰-松江,2024-10-25,8883
00938,凱基優選30,27,0,27,國泰-松江,2024-10-25,8883
00642U,期元大S＆P石油,26,0,26,國泰-松江,2024-10-25,8883
00915,凱基優選高股息30,28,4,24,國泰-松江,2024-10-25,8883
2316,楠梓電,27,3,24,國泰-松江,2024-10-25,8883
8249,菱光,153,130,23,國泰-松江,2024-10-25,8883
0056,元大高股息,29,6,23,國泰-松江,2024-10-25,8883
3715,定穎投控,57,34,23,國泰-松江,2024-10-25,8883
1316,上曜,22,0,22,國泰-松江,2024-10-25,8883
00738U,期元大道瓊白銀,20,0,20,國泰-松江,2024-10-25,8883
00676R,富邦臺灣加權反1,20,0,20,國泰-松江,2024-10-25,8883
00948B,中信優息投資級債,25,6,19,國泰-松江,2024-10-25,8883
5880,合庫金,22,3,19,國泰-松江,2024-10-25,8883
6285,啟��,27,9,18,國泰-松江,2024-10-25,8883
3060,銘異,25,7,18,國泰-松江,2024-10-25,8883
2201,裕隆,19,1,18,國泰-松江,2024-10-25,8883
5213,亞昕,21,4,17,國泰-松江,2024-10-25,8883
8028,昇陽半導體,17,1,16,國泰-松江,2024-10-25,8883
6215,和椿,17,1,16,國泰-松江,2024-10-25,8883
2883,凱基金,18,2,16,國泰-松江,2024-10-25,8883
2834,臺企銀,15,0,15,國泰-松江,2024-10-25,8883
2388,威盛,37,22,15,國泰-松江,2024-10-25,8883
2455,全新,17,2,15,國泰-松江,2024-10-25,8883
2405,輔信,24,10,14,國泰-松江,2024-10-25,8883
00937B,群益ESG投等債20,553,26,527,國泰-松江,2024-10-28,8883
00679B,元大美債20年,347,7,340,國泰-松江,2024-10-28,8883
2884,玉山金,169,0,169,國泰-松江,2024-10-28,8883
00687B,國泰20年美債,237,72,165,國泰-松江,2024-10-28,8883
00636,國泰中國A50,151,0,151,國泰-松江,2024-10-28,8883
00919,群益台灣精選高息,152,1,151,國泰-松江,2024-10-28,8883
2646,星宇航空,388,245,143,國泰-松江,2024-10-28,8883
0056,元大高股息,129,8,121,國泰-松江,2024-10-28,8883
9934,成霖,118,0,118,國泰-松江,2024-10-28,8883
00688L,國泰20年美債正2,113,4,109,國泰-松江,2024-10-28,8883
00642U,期元大S＆P石油,105,0,105,國泰-松江,2024-10-28,8883
00673R,期元大S＆P原油反1,125,24,101,國泰-松江,2024-10-28,8883
00948B,中信優息投資級債,86,0,86,國泰-松江,2024-10-28,8883
2317,鴻海,190,107,83,國泰-松江,2024-10-28,8883
00715L,期街口布蘭特正2,85,10,75,國泰-松江,2024-10-28,8883
00725B,國泰投資級公司債,68,0,68,國泰-松江,2024-10-28,8883
00751B,元大AAA至A公司債,63,0,63,國泰-松江,2024-10-28,8883
00927,群益半導體收益,50,1,49,國泰-松江,2024-10-28,8883
6770,力積電,48,4,44,國泰-松江,2024-10-28,8883
00938,凱基優選30,43,0,43,國泰-松江,2024-10-28,8883
3231,緯創,58,18,40,國泰-松江,2024-10-28,8883
00933B,國泰10Y+金融債,41,1,40,國泰-松江,2024-10-28,8883
00712,復華富時不動產,33,0,33,國泰-松江,2024-10-28,8883
00720B,元大投資級公司債,35,2,33,國泰-松江,2024-10-28,8883
2609,陽明,39,8,31,國泰-松江,2024-10-28,8883
3081,聯亞,34,4,30,國泰-松江,2024-10-28,8883
3041,揚智,30,0,30,國泰-松江,2024-10-28,8883
4915,致伸,30,0,30,國泰-松江,2024-10-28,8883
4720,德淵,30,0,30,國泰-松江,2024-10-28,8883
2354,鴻準,110,81,29,國泰-松江,2024-10-28,8883
3715,定穎投控,33,8,25,國泰-松江,2024-10-28,8883
2303,聯電,47,23,24,國泰-松江,2024-10-28,8883
2070,精湛,26,2,24,國泰-松江,2024-10-28,8883
8086,宏捷科,22,0,22,國泰-松江,2024-10-28,8883
00959B,大華投等美債15Y+,22,0,22,國泰-松江,2024-10-28,8883
3511,矽瑪,23,1,22,國泰-松江,2024-10-28,8883
00795B,中信美國公債20年,22,1,21,國泰-松江,2024-10-28,8883
2481,強茂,24,4,20,國泰-松江,2024-10-28,8883
5386,青雲,53,33,20,國泰-松江,2024-10-28,8883
3591,艾笛森,22,3,19,國泰-松江,2024-10-28,8883
3704,合勤控,22,3,19,國泰-松江,2024-10-28,8883
2603,長榮,26,8,18,國泰-松江,2024-10-28,8883
5202,力新,37,19,18,國泰-松江,2024-10-28,8883
8074,鉅橡,21,3,18,國泰-松江,2024-10-28,8883
6609,瀧澤科,19,2,17,國泰-松江,2024-10-28,8883
3709,鑫聯大投控,21,4,17,國泰-松江,2024-10-28,8883
2439,美律,16,1,15,國泰-松江,2024-10-28,8883
6288,聯嘉,78,63,15,國泰-松江,2024-10-28,8883
3055,蔚華科,51,36,15,國泰-松江,2024-10-28,8883
5347,世界,13,0,13,國泰-松江,2024-10-28,8883
00919,群益台灣精選高息,829,18,811,國泰-松江,2024-10-29,8883
0056,元大高股息,556,35,521,國泰-松江,2024-10-29,8883
00878,國泰永續高股息,484,28,456,國泰-松江,2024-10-29,8883
2884,玉山金,415,0,415,國泰-松江,2024-10-29,8883
00929,復華台灣科技優息,346,71,275,國泰-松江,2024-10-29,8883
9934,成霖,156,0,156,國泰-松江,2024-10-29,8883
00940,元大台灣價值高息,183,32,151,國泰-松江,2024-10-29,8883
00922,國泰台灣領袖50,157,11,146,國泰-松江,2024-10-29,8883
00713,元大台灣高息低波,138,2,136,國泰-松江,2024-10-29,8883
00642U,期元大S＆P石油,99,0,99,國泰-松江,2024-10-29,8883
00905,FT臺灣Smart,98,1,97,國泰-松江,2024-10-29,8883
9105,泰金寶-DR,159,67,92,國泰-松江,2024-10-29,8883
2303,聯電,100,10,90,國泰-松江,2024-10-29,8883
0050,元大台灣50,89,10,79,國泰-松江,2024-10-29,8883
006208,富邦台50,76,3,73,國泰-松江,2024-10-29,8883
1301,台塑,67,2,65,國泰-松江,2024-10-29,8883
00715L,期街口布蘭特正2,74,10,64,國泰-松江,2024-10-29,8883
00954,中信日本半導體,88,27,61,國泰-松江,2024-10-29,8883
00688L,國泰20年美債正2,61,0,61,國泰-松江,2024-10-29,8883
00640L,富邦日本正2,66,9,57,國泰-松江,2024-10-29,8883
2495,普安,212,156,56,國泰-松江,2024-10-29,8883
8028,昇陽半導體,66,12,54,國泰-松江,2024-10-29,8883
00960,野村全球航運龍頭,53,0,53,國泰-松江,2024-10-29,8883
1708,東鹼,52,0,52,國泰-松江,2024-10-29,8883
00675L,富邦臺灣加權正2,51,0,51,國泰-松江,2024-10-29,8883
1307,三芳,52,1,51,國泰-松江,2024-10-29,8883
00946,群益科技高息成長,61,10,51,國泰-松江,2024-10-29,8883
4720,德淵,45,0,45,國泰-松江,2024-10-29,8883
3715,定穎投控,73,29,44,國泰-松江,2024-10-29,8883
3062,建漢,55,12,43,國泰-松江,2024-10-29,8883
00915,凱基優選高股息30,65,23,42,國泰-松江,2024-10-29,8883
5880,合庫金,44,3,41,國泰-松江,2024-10-29,8883
3363,上詮,66,25,41,國泰-松江,2024-10-29,8883
00631L,元大台灣50正2,50,10,40,國泰-松江,2024-10-29,8883
00948B,中信優息投資級債,43,4,39,國泰-松江,2024-10-29,8883
00918,大華優利高填息30,49,10,39,國泰-松江,2024-10-29,8883
1314,中石化,38,0,38,國泰-松江,2024-10-29,8883
00937B,群益ESG投等債20,99,64,35,國泰-松江,2024-10-29,8883
4123,晟德,35,1,34,國泰-松江,2024-10-29,8883
2330,台積電,45,13,32,國泰-松江,2024-10-29,8883
2883,凱基金,35,3,32,國泰-松江,2024-10-29,8883
2855,統一證,31,0,31,國泰-松江,2024-10-29,8883
00943,兆豐電子高息等權,31,0,31,國泰-松江,2024-10-29,8883
00738U,期元大道瓊白銀,31,1,30,國泰-松江,2024-10-29,8883
5488,松普,36,8,28,國泰-松江,2024-10-29,8883
2646,星宇航空,76,50,26,國泰-松江,2024-10-29,8883
3591,艾笛森,26,0,26,國泰-松江,2024-10-29,8883
2344,華邦電,28,2,26,國泰-松江,2024-10-29,8883
00881,國泰台灣5G+,50,25,25,國泰-松江,2024-10-29,8883
2409,友達,26,2,24,國泰-松江,2024-10-29,8883
9934,成霖,383,0,383,國泰-松江,2024-10-30,8883
2303,聯電,236,23,213,國泰-松江,2024-10-30,8883
00959B,大華投等美債15Y+,189,0,189,國泰-松江,2024-10-30,8883
00919,群益台灣精選高息,199,20,179,國泰-松江,2024-10-30,8883
00932,兆豐永續高息等權,116,0,116,國泰-松江,2024-10-30,8883
00953B,群益優選非投等債,103,0,103,國泰-松江,2024-10-30,8883
00929,復華台灣科技優息,119,29,90,國泰-松江,2024-10-30,8883
00637L,元大滬深300正2,164,80,84,國泰-松江,2024-10-30,8883
0056,元大高股息,82,8,74,國泰-松江,2024-10-30,8883
00878,國泰永續高股息,88,16,72,國泰-松江,2024-10-30,8883
00712,復華富時不動產,68,0,68,國泰-松江,2024-10-30,8883
00665L,富邦�琤肭磪囓�2,61,0,61,國泰-松江,2024-10-30,8883
5903,全家,54,2,52,國泰-松江,2024-10-30,8883
00905,FT臺灣Smart,50,0,50,國泰-松江,2024-10-30,8883
00715L,期街口布蘭特正2,54,5,49,國泰-松江,2024-10-30,8883
00954,中信日本半導體,50,2,48,國泰-松江,2024-10-30,8883
4919,新唐,98,50,48,國泰-松江,2024-10-30,8883
00940,元大台灣價值高息,65,22,43,國泰-松江,2024-10-30,8883
00720B,元大投資級公司債,43,2,41,國泰-松江,2024-10-30,8883
2317,鴻海,132,91,41,國泰-松江,2024-10-30,8883
2362,藍天,53,14,39,國泰-松江,2024-10-30,8883
00937B,群益ESG投等債20,73,36,37,國泰-松江,2024-10-30,8883
00946,群益科技高息成長,35,0,35,國泰-松江,2024-10-30,8883
4720,德淵,33,0,33,國泰-松江,2024-10-30,8883
00882,中信中國高股息,42,11,31,國泰-松江,2024-10-30,8883
00688L,國泰20年美債正2,31,0,31,國泰-松江,2024-10-30,8883
00927,群益半導體收益,31,0,31,國泰-松江,2024-10-30,8883
00943,兆豐電子高息等權,30,0,30,國泰-松江,2024-10-30,8883
00679B,元大美債20年,33,4,29,國泰-松江,2024-10-30,8883
8249,菱光,41,12,29,國泰-松江,2024-10-30,8883
1708,東鹼,36,9,27,國泰-松江,2024-10-30,8883
8044,網家,82,58,24,國泰-松江,2024-10-30,8883
00697B,元大美債7-10,24,1,23,國泰-松江,2024-10-30,8883
5371,中光電,27,4,23,國泰-松江,2024-10-30,8883
00725B,國泰投資級公司債,22,0,22,國泰-松江,2024-10-30,8883
5880,合庫金,23,2,21,國泰-松江,2024-10-30,8883
2392,正崴,33,12,21,國泰-松江,2024-10-30,8883
4564,元翎,23,3,20,國泰-松江,2024-10-30,8883
00753L,中信中國50正2,102,82,20,國泰-松江,2024-10-30,8883
3576,聯合再生,21,2,19,國泰-松江,2024-10-30,8883
2421,建準,20,2,18,國泰-松江,2024-10-30,8883
2891,中信金,26,8,18,國泰-松江,2024-10-30,8883
2313,華通,25,8,17,國泰-松江,2024-10-30,8883
6257,矽格,18,1,17,國泰-松江,2024-10-30,8883
6271,同欣電,18,2,16,國泰-松江,2024-10-30,8883
006208,富邦台50,22,6,16,國泰-松江,2024-10-30,8883
020031,統一IC設計臺灣N,15,0,15,國泰-松江,2024-10-30,8883
2607,榮運,15,0,15,國泰-松江,2024-10-30,8883
00887,永豐中國科技50大,16,1,15,國泰-松江,2024-10-30,8883
6134,萬旭,16,1,15,國泰-松江,2024-10-30,8883
00706L,期元大S＆P日圓正2,1018,10,1008,國泰-松江,2024-11-01,8883
00919,群益台灣精選高息,877,594,283,國泰-松江,2024-11-01,8883
2884,玉山金,398,118,280,國泰-松江,2024-11-01,8883
00679B,元大美債20年,249,29,220,國泰-松江,2024-11-01,8883
2891,中信金,237,37,200,國泰-松江,2024-11-01,8883
00929,復華台灣科技優息,239,86,153,國泰-松江,2024-11-01,8883
3062,建漢,367,265,102,國泰-松江,2024-11-01,8883
2317,鴻海,144,50,94,國泰-松江,2024-11-01,8883
2431,聯昌,123,30,93,國泰-松江,2024-11-01,8883
00948B,中信優息投資級債,82,3,79,國泰-松江,2024-11-01,8883
2303,聯電,105,31,74,國泰-松江,2024-11-01,8883
00953B,群益優選非投等債,71,0,71,國泰-松江,2024-11-01,8883
0050,元大台灣50,71,5,66,國泰-松江,2024-11-01,8883
2362,藍天,70,4,66,國泰-松江,2024-11-01,8883
00878,國泰永續高股息,299,234,65,國泰-松江,2024-11-01,8883
00911,兆豐洲際半導體,60,0,60,國泰-松江,2024-11-01,8883
00712,復華富時不動產,56,0,56,國泰-松江,2024-11-01,8883
2542,興富發,56,1,55,國泰-松江,2024-11-01,8883
00885,富邦越南,52,1,51,國泰-松江,2024-11-01,8883
2402,毅嘉,53,2,51,國泰-松江,2024-11-01,8883
006208,富邦台50,48,1,47,國泰-松江,2024-11-01,8883
5225,東科-KY,45,0,45,國泰-松江,2024-11-01,8883
00941,中信上游半導體,41,0,41,國泰-松江,2024-11-01,8883
00725B,國泰投資級公司債,49,8,41,國泰-松江,2024-11-01,8883
00830,國泰費城半導體,43,2,41,國泰-松江,2024-11-01,8883
00673R,期元大S＆P原油反1,40,0,40,國泰-松江,2024-11-01,8883
00713,元大台灣高息低波,44,4,40,國泰-松江,2024-11-01,8883
00922,國泰台灣領袖50,39,2,37,國泰-松江,2024-11-01,8883
2413,環科,42,7,35,國泰-松江,2024-11-01,8883
00891,中信關鍵半導體,37,3,34,國泰-松江,2024-11-01,8883
1314,中石化,29,0,29,國泰-松江,2024-11-01,8883
00946,群益科技高息成長,30,2,28,國泰-松江,2024-11-01,8883
00945B,凱基美國非投等債,27,0,27,國泰-松江,2024-11-01,8883
2618,長榮航,28,3,25,國泰-松江,2024-11-01,8883
2762,世界健身-KY,26,1,25,國泰-松江,2024-11-01,8883
3711,日月光投控,34,10,24,國泰-松江,2024-11-01,8883
00751B,元大AAA至A公司債,24,1,23,國泰-松江,2024-11-01,8883
2646,星宇航空,149,127,22,國泰-松江,2024-11-01,8883
6186,新潤,22,0,22,國泰-松江,2024-11-01,8883
5880,合庫金,21,0,21,國泰-松江,2024-11-01,8883
00937B,群益ESG投等債20,62,41,21,國泰-松江,2024-11-01,8883
00927,群益半導體收益,27,6,21,國泰-松江,2024-11-01,8883
00692,富邦公司治理,20,0,20,國泰-松江,2024-11-01,8883
00950B,凱基A級公司債,20,0,20,國泰-松江,2024-11-01,8883
00697B,元大美債7-10,20,0,20,國泰-松江,2024-11-01,8883
00915,凱基優選高股息30,26,7,19,國泰-松江,2024-11-01,8883
2344,華邦電,27,8,19,國泰-松江,2024-11-01,8883
2886,兆豐金,19,0,19,國泰-松江,2024-11-01,8883
1708,東鹼,18,0,18,國泰-松江,2024-11-01,8883
8046,南電,17,0,17,國泰-松江,2024-11-01,8883
00937B,群益ESG投等債20,587,6,581,國泰-松江,2024-11-04,8883
9904,寶成,302,0,302,國泰-松江,2024-11-04,8883
00632R,元大台灣50反1,174,2,172,國泰-松江,2024-11-04,8883
00679B,元大美債20年,215,57,158,國泰-松江,2024-11-04,8883
00948B,中信優息投資級債,157,3,154,國泰-松江,2024-11-04,8883
00712,復華富時不動產,109,0,109,國泰-松江,2024-11-04,8883
00725B,國泰投資級公司債,101,0,101,國泰-松江,2024-11-04,8883
00911,兆豐洲際半導體,87,0,87,國泰-松江,2024-11-04,8883
00878,國泰永續高股息,177,91,86,國泰-松江,2024-11-04,8883
0056,元大高股息,81,4,77,國泰-松江,2024-11-04,8883
00680L,元大美債20正2,71,0,71,國泰-松江,2024-11-04,8883
00953B,群益優選非投等債,63,0,63,國泰-松江,2024-11-04,8883
00740B,富邦全球投等債,60,0,60,國泰-松江,2024-11-04,8883
00942B,台新美A公司債20+,60,0,60,國泰-松江,2024-11-04,8883
00688L,國泰20年美債正2,59,0,59,國泰-松江,2024-11-04,8883
2328,廣宇,57,2,55,國泰-松江,2024-11-04,8883
2615,萬海,324,271,53,國泰-松江,2024-11-04,8883
1708,東鹼,45,0,45,國泰-松江,2024-11-04,8883
00713,元大台灣高息低波,47,4,43,國泰-松江,2024-11-04,8883
00751B,元大AAA至A公司債,52,10,42,國泰-松江,2024-11-04,8883
2362,藍天,46,4,42,國泰-松江,2024-11-04,8883
00795B,中信美國公債20年,42,2,40,國泰-松江,2024-11-04,8883
00932,兆豐永續高息等權,40,0,40,國泰-松江,2024-11-04,8883
2303,聯電,45,6,39,國泰-松江,2024-11-04,8883
9934,成霖,35,0,35,國泰-松江,2024-11-04,8883
3231,緯創,107,73,34,國泰-松江,2024-11-04,8883
00665L,富邦�琤肭磪囓�2,30,0,30,國泰-松江,2024-11-04,8883
3376,新日興,25,0,25,國泰-松江,2024-11-04,8883
4540,全球傳動,25,2,23,國泰-松江,2024-11-04,8883
2609,陽明,78,56,22,國泰-松江,2024-11-04,8883
8096,擎亞,21,0,21,國泰-松江,2024-11-04,8883
00753L,中信中國50正2,44,23,21,國泰-松江,2024-11-04,8883
00922,國泰台灣領袖50,22,2,20,國泰-松江,2024-11-04,8883
2408,南亞科,20,0,20,國泰-松江,2024-11-04,8883
00933B,國泰10Y+金融債,33,13,20,國泰-松江,2024-11-04,8883
3605,宏致,19,0,19,國泰-松江,2024-11-04,8883
1815,富喬,21,2,19,國泰-松江,2024-11-04,8883
1802,台玻,20,2,18,國泰-松江,2024-11-04,8883
3710,連展投控,20,2,18,國泰-松江,2024-11-04,8883
00720B,元大投資級公司債,36,18,18,國泰-松江,2024-11-04,8883
2329,華泰,20,5,15,國泰-松江,2024-11-04,8883
00946,群益科技高息成長,21,6,15,國泰-松江,2024-11-04,8883
4162,智擎,15,0,15,國泰-松江,2024-11-04,8883
00719B,元大美債1-3,15,0,15,國泰-松江,2024-11-04,8883
6197,佳必琪,22,7,15,國泰-松江,2024-11-04,8883
4919,新唐,27,13,14,國泰-松江,2024-11-04,8883
2337,旺宏,15,1,14,國泰-松江,2024-11-04,8883
8047,星雲,16,2,14,國泰-松江,2024-11-04,8883
00637L,元大滬深300正2,28,15,13,國泰-松江,2024-11-04,8883
00930,永豐ESG低碳高息,13,0,13,國泰-松江,2024-11-04,8883
00878,國泰永續高股息,442,61,381,國泰-松江,2024-11-05,8883
00751B,元大AAA至A公司債,292,0,292,國泰-松江,2024-11-05,8883
00632R,元大台灣50反1,257,10,247,國泰-松江,2024-11-05,8883
9904,寶成,167,6,161,國泰-松江,2024-11-05,8883
00679B,元大美債20年,152,19,133,國泰-松江,2024-11-05,8883
00891,中信關鍵半導體,114,0,114,國泰-松江,2024-11-05,8883
4991,環宇-KY,136,29,107,國泰-松江,2024-11-05,8883
00911,兆豐洲際半導體,65,0,65,國泰-松江,2024-11-05,8883
00688L,國泰20年美債正2,75,10,65,國泰-松江,2024-11-05,8883
2303,聯電,64,4,60,國泰-松江,2024-11-05,8883
2354,鴻準,423,369,54,國泰-松江,2024-11-05,8883
2610,華航,62,16,46,國泰-松江,2024-11-05,8883
00940,元大台灣價值高息,49,6,43,國泰-松江,2024-11-05,8883
4174,浩鼎,35,0,35,國泰-松江,2024-11-05,8883
0056,元大高股息,37,13,24,國泰-松江,2024-11-05,8883
00948B,中信優息投資級債,24,1,23,國泰-松江,2024-11-05,8883
9934,成霖,23,0,23,國泰-松江,2024-11-05,8883
00646,元大S＆P500,22,0,22,國泰-松江,2024-11-05,8883
00673R,期元大S＆P原油反1,21,0,21,國泰-松江,2024-11-05,8883
00932,兆豐永續高息等權,21,0,21,國泰-松江,2024-11-05,8883
2607,榮運,20,0,20,國泰-松江,2024-11-05,8883
2344,華邦電,19,0,19,國泰-松江,2024-11-05,8883
2312,金寶,31,13,18,國泰-松江,2024-11-05,8883
00922,國泰台灣領袖50,19,1,18,國泰-松江,2024-11-05,8883
2347,聯強,18,0,18,國泰-松江,2024-11-05,8883
00953B,群益優選非投等債,17,0,17,國泰-松江,2024-11-05,8883
2646,星宇航空,46,30,16,國泰-松江,2024-11-05,8883
00915,凱基優選高股息30,16,0,16,國泰-松江,2024-11-05,8883
3025,星通,47,31,16,國泰-松江,2024-11-05,8883
2328,廣宇,20,5,15,國泰-松江,2024-11-05,8883
2337,旺宏,17,2,15,國泰-松江,2024-11-05,8883
6538,倉和,15,0,15,國泰-松江,2024-11-05,8883
2409,友達,40,25,15,國泰-松江,2024-11-05,8883
00706L,期元大S＆P日圓正2,20,5,15,國泰-松江,2024-11-05,8883
00946,群益科技高息成長,15,0,15,國泰-松江,2024-11-05,8883
3711,日月光投控,17,2,15,國泰-松江,2024-11-05,8883
4306,炎洲,14,0,14,國泰-松江,2024-11-05,8883
2351,順德,13,0,13,國泰-松江,2024-11-05,8883
3663,鑫科,25,12,13,國泰-松江,2024-11-05,8883
8011,台通,15,3,12,國泰-松江,2024-11-05,8883
6239,力成,11,0,11,國泰-松江,2024-11-05,8883
2887,台新金,11,0,11,國泰-松江,2024-11-05,8883
2431,聯昌,72,61,11,國泰-松江,2024-11-05,8883
3122,笙泉,15,4,11,國泰-松江,2024-11-05,8883
3289,宜特,14,3,11,國泰-松江,2024-11-05,8883
2834,臺企銀,11,0,11,國泰-松江,2024-11-05,8883
00952,凱基台灣AI50,10,0,10,國泰-松江,2024-11-05,8883
3013,晟銘電,27,17,10,國泰-松江,2024-11-05,8883
2493,揚博,13,3,10,國泰-松江,2024-11-05,8883
00676R,富邦臺灣加權反1,10,0,10,國泰-松江,2024-11-05,8883
00919,群益台灣精選高息,1599,61,1538,國泰-松江,2024-11-06,8883
00687B,國泰20年美債,568,135,433,國泰-松江,2024-11-06,8883
2303,聯電,436,26,410,國泰-松江,2024-11-06,8883
00679B,元大美債20年,567,236,331,國泰-松江,2024-11-06,8883
9904,寶成,306,2,304,國泰-松江,2024-11-06,8883
1531,高林股,254,14,240,國泰-松江,2024-11-06,8883
00688L,國泰20年美債正2,254,32,222,國泰-松江,2024-11-06,8883
2884,玉山金,157,3,154,國泰-松江,2024-11-06,8883
00632R,元大台灣50反1,157,3,154,國泰-松江,2024-11-06,8883
2317,鴻海,228,78,150,國泰-松江,2024-11-06,8883
2356,英業達,276,150,126,國泰-松江,2024-11-06,8883
1708,東鹼,117,0,117,國泰-松江,2024-11-06,8883
00753L,中信中國50正2,114,39,75,國泰-松江,2024-11-06,8883
2328,廣宇,66,3,63,國泰-松江,2024-11-06,8883
2734,易飛網,60,0,60,國泰-松江,2024-11-06,8883
00637L,元大滬深300正2,95,41,54,國泰-松江,2024-11-06,8883
00665L,富邦�琤肭磪囓�2,74,25,49,國泰-松江,2024-11-06,8883
4430,耀億,49,0,49,國泰-松江,2024-11-06,8883
00933B,國泰10Y+金融債,64,21,43,國泰-松江,2024-11-06,8883
00751B,元大AAA至A公司債,43,0,43,國泰-松江,2024-11-06,8883
00915,凱基優選高股息30,43,0,43,國泰-松江,2024-11-06,8883
00948B,中信優息投資級債,65,30,35,國泰-松江,2024-11-06,8883
2520,冠德,42,7,35,國泰-松江,2024-11-06,8883
4956,光鋐,40,8,32,國泰-松江,2024-11-06,8883
00857B,永豐20年美公債,55,24,31,國泰-松江,2024-11-06,8883
00706L,期元大S＆P日圓正2,49,20,29,國泰-松江,2024-11-06,8883
2892,第一金,28,0,28,國泰-松江,2024-11-06,8883
00664R,國泰臺灣加權反1,28,0,28,國泰-松江,2024-11-06,8883
4979,華星光,34,7,27,國泰-松江,2024-11-06,8883
00725B,國泰投資級公司債,132,105,27,國泰-松江,2024-11-06,8883
2607,榮運,25,0,25,國泰-松江,2024-11-06,8883
2351,順德,25,1,24,國泰-松江,2024-11-06,8883
00937B,群益ESG投等債20,239,215,24,國泰-松江,2024-11-06,8883
8032,光菱,89,66,23,國泰-松江,2024-11-06,8883
6901,鑽石投資,23,0,23,國泰-松江,2024-11-06,8883
2399,映泰,48,25,23,國泰-松江,2024-11-06,8883
6405,悅城,72,52,20,國泰-松江,2024-11-06,8883
6282,康舒,21,2,19,國泰-松江,2024-11-06,8883
6733,博晟生醫,17,0,17,國泰-松江,2024-11-06,8883
00713,元大台灣高息低波,20,3,17,國泰-松江,2024-11-06,8883
5347,世界,39,22,17,國泰-松江,2024-11-06,8883
2431,聯昌,45,29,16,國泰-松江,2024-11-06,8883
2371,大同,18,3,15,國泰-松江,2024-11-06,8883
00720B,元大投資級公司債,23,9,14,國泰-松江,2024-11-06,8883
2368,金像電,15,1,14,國泰-松江,2024-11-06,8883
3025,星通,50,36,14,國泰-松江,2024-11-06,8883
8092,建暐,13,0,13,國泰-松江,2024-11-06,8883
2486,一詮,20,7,13,國泰-松江,2024-11-06,8883
2329,華泰,12,0,12,國泰-松江,2024-11-06,8883
8046,南電,18,6,12,國泰-松江,2024-11-06,8883
00632R,元大台灣50反1,351,13,338,國泰-松江,2024-11-07,8883
00945B,凱基美國非投等債,203,0,203,國泰-松江,2024-11-07,8883
00680L,元大美債20正2,338,141,197,國泰-松江,2024-11-07,8883
2356,英業達,209,60,149,國泰-松江,2024-11-07,8883
00688L,國泰20年美債正2,200,57,143,國泰-松江,2024-11-07,8883
2734,易飛網,114,1,113,國泰-松江,2024-11-07,8883
6873,泓德能源,99,3,96,國泰-松江,2024-11-07,8883
2354,鴻準,305,209,96,國泰-松江,2024-11-07,8883
00687B,國泰20年美債,115,23,92,國泰-松江,2024-11-07,8883
00953B,群益優選非投等債,107,50,57,國泰-松江,2024-11-07,8883
00740B,富邦全球投等債,50,0,50,國泰-松江,2024-11-07,8883
2812,台中銀,50,0,50,國泰-松江,2024-11-07,8883
00905,FT臺灣Smart,51,4,47,國泰-松江,2024-11-07,8883
9105,泰金寶-DR,237,195,42,國泰-松江,2024-11-07,8883
2328,廣宇,78,37,41,國泰-松江,2024-11-07,8883
00933B,國泰10Y+金融債,47,10,37,國泰-松江,2024-11-07,8883
2892,第一金,36,0,36,國泰-松江,2024-11-07,8883
8150,南茂,32,1,31,國泰-松江,2024-11-07,8883
6568,宏觀,30,0,30,國泰-松江,2024-11-07,8883
00955,中信日本商社,30,0,30,國泰-松江,2024-11-07,8883
00669R,國泰美國道瓊反1,30,0,30,國泰-松江,2024-11-07,8883
8070,長華*,31,2,29,國泰-松江,2024-11-07,8883
00753L,中信中國50正2,51,22,29,國泰-松江,2024-11-07,8883
2399,映泰,93,66,27,國泰-松江,2024-11-07,8883
00892,富邦台灣半導體,30,3,27,國泰-松江,2024-11-07,8883
00712,復華富時不動產,37,10,27,國泰-松江,2024-11-07,8883
2633,台灣高鐵,24,0,24,國泰-松江,2024-11-07,8883
3413,京鼎,25,2,23,國泰-松江,2024-11-07,8883
6609,瀧澤科,42,20,22,國泰-松江,2024-11-07,8883
00671R,富邦NASDAQ反1,22,0,22,國泰-松江,2024-11-07,8883
6244,茂迪,23,2,21,國泰-松江,2024-11-07,8883
00941,中信上游半導體,21,0,21,國泰-松江,2024-11-07,8883
2022,聚亨,20,0,20,國泰-松江,2024-11-07,8883
4137,麗豐-KY,20,0,20,國泰-松江,2024-11-07,8883
2014,中鴻,34,14,20,國泰-松江,2024-11-07,8883
6235,華孚,24,7,17,國泰-松江,2024-11-07,8883
00655L,國泰中國A50正2,25,8,17,國泰-松江,2024-11-07,8883
00887,永豐中國科技50大,33,16,17,國泰-松江,2024-11-07,8883
2388,威盛,22,5,17,國泰-松江,2024-11-07,8883
2607,榮運,16,0,16,國泰-松江,2024-11-07,8883
2891,中信金,32,16,16,國泰-松江,2024-11-07,8883
9958,世紀鋼,20,6,14,國泰-松江,2024-11-07,8883
2303,聯電,67,54,13,國泰-松江,2024-11-07,8883
00918,大華優利高填息30,23,10,13,國泰-松江,2024-11-07,8883
2365,昆盈,17,4,13,國泰-松江,2024-11-07,8883
00795B,中信美國公債20年,16,3,13,國泰-松江,2024-11-07,8883
1536,和大,30,17,13,國泰-松江,2024-11-07,8883
4576,大銀微系統,13,0,13,國泰-松江,2024-11-07,8883
00646,元大S＆P500,14,1,13,國泰-松江,2024-11-07,8883
1216,統一,12,0,12,國泰-松江,2024-11-07,8883
00878,國泰永續高股息,333,17,316,國泰-松江,2024-11-08,8883
00918,大華優利高填息30,218,14,204,國泰-松江,2024-11-08,8883
5871,中租-KY,120,3,117,國泰-松江,2024-11-08,8883
2734,易飛網,99,0,99,國泰-松江,2024-11-08,8883
2392,正崴,185,90,95,國泰-松江,2024-11-08,8883
3706,神達,206,124,82,國泰-松江,2024-11-08,8883
0056,元大高股息,117,35,82,國泰-松江,2024-11-08,8883
6873,泓德能源,75,6,69,國泰-松江,2024-11-08,8883
4991,環宇-KY,81,13,68,國泰-松江,2024-11-08,8883
9934,成霖,61,0,61,國泰-松江,2024-11-08,8883
00753L,中信中國50正2,421,361,60,國泰-松江,2024-11-08,8883
8150,南茂,59,0,59,國泰-松江,2024-11-08,8883
00690,兆豐藍籌30,56,2,54,國泰-松江,2024-11-08,8883
2303,聯電,81,38,43,國泰-松江,2024-11-08,8883
3037,欣興,70,30,40,國泰-松江,2024-11-08,8883
00713,元大台灣高息低波,39,4,35,國泰-松江,2024-11-08,8883
3062,建漢,218,186,32,國泰-松江,2024-11-08,8883
2388,威盛,40,10,30,國泰-松江,2024-11-08,8883
2609,陽明,132,104,28,國泰-松江,2024-11-08,8883
6505,台塑化,28,1,27,國泰-松江,2024-11-08,8883
5213,亞昕,27,0,27,國泰-松江,2024-11-08,8883
00688L,國泰20年美債正2,112,86,26,國泰-松江,2024-11-08,8883
3545,敦泰,26,1,25,國泰-松江,2024-11-08,8883
2031,新光鋼,24,0,24,國泰-松江,2024-11-08,8883
00632R,元大台灣50反1,180,156,24,國泰-松江,2024-11-08,8883
1409,新纖,24,0,24,國泰-松江,2024-11-08,8883
2312,金寶,76,53,23,國泰-松江,2024-11-08,8883
00945B,凱基美國非投等債,22,0,22,國泰-松江,2024-11-08,8883
2353,宏��,23,2,21,國泰-松江,2024-11-08,8883
2397,友通,22,1,21,國泰-松江,2024-11-08,8883
00882,中信中國高股息,62,41,21,國泰-松江,2024-11-08,8883
2646,星宇航空,29,9,20,國泰-松江,2024-11-08,8883
8070,長華*,20,0,20,國泰-松江,2024-11-08,8883
2033,佳大,21,1,20,國泰-松江,2024-11-08,8883
2231,為升,20,0,20,國泰-松江,2024-11-08,8883
6244,茂迪,20,0,20,國泰-松江,2024-11-08,8883
00706L,期元大S＆P日圓正2,30,10,20,國泰-松江,2024-11-08,8883
3013,晟銘電,35,15,20,國泰-松江,2024-11-08,8883
2328,廣宇,45,26,19,國泰-松江,2024-11-08,8883
1447,力鵬,18,0,18,國泰-松江,2024-11-08,8883
5388,中磊,37,19,18,國泰-松江,2024-11-08,8883
4562,穎漢,20,2,18,國泰-松江,2024-11-08,8883
2368,金像電,18,1,17,國泰-松江,2024-11-08,8883
1536,和大,21,4,17,國泰-松江,2024-11-08,8883
00953B,群益優選非投等債,57,40,17,國泰-松江,2024-11-08,8883
1708,東鹼,23,6,17,國泰-松江,2024-11-08,8883
8240,華宏,32,16,16,國泰-松江,2024-11-08,8883
3481,群創,28,12,16,國泰-松江,2024-11-08,8883
00960,野村全球航運龍頭,16,0,16,國泰-松江,2024-11-08,8883
2376,技嘉,34,17,17,國泰-松江,2024-11-08,8883
00753L,中信中國50正2,304,38,266,國泰-松江,2024-11-11,8883
00919,群益台灣精選高息,261,73,188,國泰-松江,2024-11-11,8883
00878,國泰永續高股息,237,95,142,國泰-松江,2024-11-11,8883
00665L,富邦�琤肭磪囓�2,174,49,125,國泰-松江,2024-11-11,8883
00852L,國泰美國道瓊正2,115,5,110,國泰-松江,2024-11-11,8883
00937B,群益ESG投等債20,168,64,104,國泰-松江,2024-11-11,8883
00945B,凱基美國非投等債,189,91,98,國泰-松江,2024-11-11,8883
2801,彰銀,70,0,70,國泰-松江,2024-11-11,8883
5871,中租-KY,65,1,64,國泰-松江,2024-11-11,8883
00882,中信中國高股息,69,7,62,國泰-松江,2024-11-11,8883
5481,新華,60,0,60,國泰-松江,2024-11-11,8883
3706,神達,80,21,59,國泰-松江,2024-11-11,8883
00632R,元大台灣50反1,61,4,57,國泰-松江,2024-11-11,8883
00713,元大台灣高息低波,63,7,56,國泰-松江,2024-11-11,8883
00679B,元大美債20年,87,33,54,國泰-松江,2024-11-11,8883
1605,華新,57,2,55,國泰-松江,2024-11-11,8883
9934,成霖,54,0,54,國泰-松江,2024-11-11,8883
2734,易飛網,54,0,54,國泰-松江,2024-11-11,8883
3047,訊舟,60,6,54,國泰-松江,2024-11-11,8883
0056,元大高股息,125,73,52,國泰-松江,2024-11-11,8883
00688L,國泰20年美債正2,70,20,50,國泰-松江,2024-11-11,8883
6598,ABC-KY,49,0,49,國泰-松江,2024-11-11,8883
00932,兆豐永續高息等權,48,1,47,國泰-松江,2024-11-11,8883
3231,緯創,86,42,44,國泰-松江,2024-11-11,8883
2609,陽明,98,55,43,國泰-松江,2024-11-11,8883
00706L,期元大S＆P日圓正2,40,0,40,國泰-松江,2024-11-11,8883
2891,中信金,50,11,39,國泰-松江,2024-11-11,8883
2317,鴻海,69,32,37,國泰-松江,2024-11-11,8883
00715L,期街口布蘭特正2,33,0,33,國泰-松江,2024-11-11,8883
2303,聯電,35,4,31,國泰-松江,2024-11-11,8883
00915,凱基優選高股息30,38,10,28,國泰-松江,2024-11-11,8883
3024,憶聲,27,0,27,國泰-松江,2024-11-11,8883
00930,永豐ESG低碳高息,27,0,27,國泰-松江,2024-11-11,8883
2882,國泰金,29,2,27,國泰-松江,2024-11-11,8883
2646,星宇航空,35,10,25,國泰-松江,2024-11-11,8883
2449,京元電子,46,21,25,國泰-松江,2024-11-11,8883
8249,菱光,40,17,23,國泰-松江,2024-11-11,8883
00858,永豐美國500大,23,0,23,國泰-松江,2024-11-11,8883
8150,南茂,22,0,22,國泰-松江,2024-11-11,8883
00885,富邦越南,22,0,22,國泰-松江,2024-11-11,8883
6121,新普,25,4,21,國泰-松江,2024-11-11,8883
8240,華宏,35,14,21,國泰-松江,2024-11-11,8883
006208,富邦台50,37,16,21,國泰-松江,2024-11-11,8883
6568,宏觀,20,0,20,國泰-松江,2024-11-11,8883
2637,慧洋-KY,33,13,20,國泰-松江,2024-11-11,8883
8358,金居,19,1,18,國泰-松江,2024-11-11,8883
00923,群益台ESG低碳50,22,4,18,國泰-松江,2024-11-11,8883
00922,國泰台灣領袖50,24,6,18,國泰-松江,2024-11-11,8883
8096,擎亞,28,11,17,國泰-松江,2024-11-11,8883
3576,聯合再生,27,10,17,國泰-松江,2024-11-11,8883
00878,國泰永續高股息,1001,47,954,國泰-松江,2024-11-12,8883
5225,東科-KY,237,0,237,國泰-松江,2024-11-12,8883
00948B,中信優息投資級債,248,46,202,國泰-松江,2024-11-12,8883
00929,復華台灣科技優息,223,63,160,國泰-松江,2024-11-12,8883
00665L,富邦�琤肭磪囓�2,154,23,131,國泰-松江,2024-11-12,8883
00940,元大台灣價值高息,164,52,112,國泰-松江,2024-11-12,8883
00715L,期街口布蘭特正2,102,10,92,國泰-松江,2024-11-12,8883
00915,凱基優選高股息30,93,2,91,國泰-松江,2024-11-12,8883
00631L,元大台灣50正2,98,9,89,國泰-松江,2024-11-12,8883
2317,鴻海,152,68,84,國泰-松江,2024-11-12,8883
2884,玉山金,98,14,84,國泰-松江,2024-11-12,8883
3706,神達,396,312,84,國泰-松江,2024-11-12,8883
1314,中石化,75,1,74,國泰-松江,2024-11-12,8883
2002,中鋼,72,0,72,國泰-松江,2024-11-12,8883
5309,系統電,77,10,67,國泰-松江,2024-11-12,8883
9904,寶成,65,3,62,國泰-松江,2024-11-12,8883
00713,元大台灣高息低波,66,5,61,國泰-松江,2024-11-12,8883
00881,國泰台灣5G+,76,16,60,國泰-松江,2024-11-12,8883
00922,國泰台灣領袖50,63,7,56,國泰-松江,2024-11-12,8883
5871,中租-KY,61,6,55,國泰-松江,2024-11-12,8883
00662,富邦NASDAQ,55,4,51,國泰-松江,2024-11-12,8883
2330,台積電,59,9,50,國泰-松江,2024-11-12,8883
006208,富邦台50,126,79,47,國泰-松江,2024-11-12,8883
0050,元大台灣50,72,29,43,國泰-松江,2024-11-12,8883
00685L,群益臺灣加權正2,41,2,39,國泰-松江,2024-11-12,8883
2328,廣宇,51,15,36,國泰-松江,2024-11-12,8883
00932,兆豐永續高息等權,35,0,35,國泰-松江,2024-11-12,8883
1605,華新,38,3,35,國泰-松江,2024-11-12,8883
8996,高力,33,0,33,國泰-松江,2024-11-12,8883
2606,裕民,40,7,33,國泰-松江,2024-11-12,8883
2236,百達-KY,32,0,32,國泰-松江,2024-11-12,8883
00687B,國泰20年美債,102,72,30,國泰-松江,2024-11-12,8883
1301,台塑,29,0,29,國泰-松江,2024-11-12,8883
2605,新興,35,6,29,國泰-松江,2024-11-12,8883
2344,華邦電,39,13,26,國泰-松江,2024-11-12,8883
2891,中信金,48,22,26,國泰-松江,2024-11-12,8883
3673,TPK-KY,26,0,26,國泰-松江,2024-11-12,8883
4303,信立,40,15,25,國泰-松江,2024-11-12,8883
2061,風青,25,0,25,國泰-松江,2024-11-12,8883
00688L,國泰20年美債正2,35,10,25,國泰-松江,2024-11-12,8883
2882,國泰金,31,6,25,國泰-松江,2024-11-12,8883
00960,野村全球航運龍頭,24,0,24,國泰-松江,2024-11-12,8883
2834,臺企銀,31,8,23,國泰-松江,2024-11-12,8883
2892,第一金,33,11,22,國泰-松江,2024-11-12,8883
2409,友達,22,0,22,國泰-松江,2024-11-12,8883
5880,合庫金,26,5,21,國泰-松江,2024-11-12,8883
2405,輔信,22,1,21,國泰-松江,2024-11-12,8883
00637L,元大滬深300正2,58,37,21,國泰-松江,2024-11-12,8883
6568,宏觀,21,0,21,國泰-松江,2024-11-12,8883
2887,台新金,20,0,20,國泰-松江,2024-11-12,8883
00919,群益台灣精選高息,1077,134,943,國泰-松江,2024-11-13,8883
00680L,元大美債20正2,303,16,287,國泰-松江,2024-11-13,8883
00937B,群益ESG投等債20,455,200,255,國泰-松江,2024-11-13,8883
00878,國泰永續高股息,331,136,195,國泰-松江,2024-11-13,8883
5225,東科-KY,143,2,141,國泰-松江,2024-11-13,8883
00642U,期元大S＆P石油,100,2,98,國泰-松江,2024-11-13,8883
8028,昇陽半導體,77,4,73,國泰-松江,2024-11-13,8883
00753L,中信中國50正2,202,136,66,國泰-松江,2024-11-13,8883
00725B,國泰投資級公司債,65,1,64,國泰-松江,2024-11-13,8883
00687B,國泰20年美債,96,39,57,國泰-松江,2024-11-13,8883
00720B,元大投資級公司債,78,22,56,國泰-松江,2024-11-13,8883
00688L,國泰20年美債正2,57,1,56,國泰-松江,2024-11-13,8883
2409,友達,52,0,52,國泰-松江,2024-11-13,8883
00947,台新臺灣IC設計,51,0,51,國泰-松江,2024-11-13,8883
006208,富邦台50,51,2,49,國泰-松江,2024-11-13,8883
3081,聯亞,48,1,47,國泰-松江,2024-11-13,8883
3047,訊舟,60,13,47,國泰-松江,2024-11-13,8883
00713,元大台灣高息低波,59,13,46,國泰-松江,2024-11-13,8883
2892,第一金,50,7,43,國泰-松江,2024-11-13,8883
2303,聯電,55,13,42,國泰-松江,2024-11-13,8883
00932,兆豐永續高息等權,42,1,41,國泰-松江,2024-11-13,8883
00882,中信中國高股息,70,30,40,國泰-松江,2024-11-13,8883
2882,國泰金,48,9,39,國泰-松江,2024-11-13,8883
2330,台積電,47,9,38,國泰-松江,2024-11-13,8883
00915,凱基優選高股息30,56,21,35,國泰-松江,2024-11-13,8883
00911,兆豐洲際半導體,33,0,33,國泰-松江,2024-11-13,8883
2891,中信金,46,13,33,國泰-松江,2024-11-13,8883
3219,倚強科,32,0,32,國泰-松江,2024-11-13,8883
00679B,元大美債20年,79,48,31,國泰-松江,2024-11-13,8883
4720,德淵,31,0,31,國泰-松江,2024-11-13,8883
2344,華邦電,34,3,31,國泰-松江,2024-11-13,8883
1314,中石化,30,0,30,國泰-松江,2024-11-13,8883
2543,皇昌,35,6,29,國泰-松江,2024-11-13,8883
2883,凱基金,31,2,29,國泰-松江,2024-11-13,8883
00632R,元大台灣50反1,197,169,28,國泰-松江,2024-11-13,8883
1569,濱川,29,3,26,國泰-松江,2024-11-13,8883
1815,富喬,34,8,26,國泰-松江,2024-11-13,8883
00751B,元大AAA至A公司債,26,0,26,國泰-松江,2024-11-13,8883
00885,富邦越南,26,1,25,國泰-松江,2024-11-13,8883
00706L,期元大S＆P日圓正2,25,0,25,國泰-松江,2024-11-13,8883
4958,臻鼎-KY,28,4,24,國泰-松江,2024-11-13,8883
00795B,中信美國公債20年,24,0,24,國泰-松江,2024-11-13,8883
4979,華星光,36,13,23,國泰-松江,2024-11-13,8883
2881,富邦金,24,2,22,國泰-松江,2024-11-13,8883
6873,泓德能源,30,8,22,國泰-松江,2024-11-13,8883
2609,陽明,47,25,22,國泰-松江,2024-11-13,8883
1103,嘉泥,20,0,20,國泰-松江,2024-11-13,8883
2349,錸德,229,209,20,國泰-松江,2024-11-13,8883
9934,成霖,20,0,20,國泰-松江,2024-11-13,8883
00945B,凱基美國非投等債,30,10,20,國泰-松江,2024-11-13,8883
00878,國泰永續高股息,1269,36,1233,國泰-松江,2024-11-14,8883
2884,玉山金,272,5,267,國泰-松江,2024-11-14,8883
00929,復華台灣科技優息,372,126,246,國泰-松江,2024-11-14,8883
0056,元大高股息,251,9,242,國泰-松江,2024-11-14,8883
00680L,元大美債20正2,197,1,196,國泰-松江,2024-11-14,8883
5225,東科-KY,177,4,173,國泰-松江,2024-11-14,8883
00642U,期元大S＆P石油,100,0,100,國泰-松江,2024-11-14,8883
2303,聯電,101,17,84,國泰-松江,2024-11-14,8883
00687B,國泰20年美債,111,28,83,國泰-松江,2024-11-14,8883
00932,兆豐永續高息等權,79,0,79,國泰-松江,2024-11-14,8883
00679B,元大美債20年,85,7,78,國泰-松江,2024-11-14,8883
00915,凱基優選高股息30,77,1,76,國泰-松江,2024-11-14,8883
2317,鴻海,115,41,74,國泰-松江,2024-11-14,8883
2349,錸德,91,18,73,國泰-松江,2024-11-14,8883
006208,富邦台50,79,9,70,國泰-松江,2024-11-14,8883
3481,群創,64,1,63,國泰-松江,2024-11-14,8883
00946,群益科技高息成長,62,1,61,國泰-松江,2024-11-14,8883
00713,元大台灣高息低波,66,5,61,國泰-松江,2024-11-14,8883
4720,德淵,60,0,60,國泰-松江,2024-11-14,8883
2892,第一金,58,0,58,國泰-松江,2024-11-14,8883
0050,元大台灣50,61,4,57,國泰-松江,2024-11-14,8883
3062,建漢,93,37,56,國泰-松江,2024-11-14,8883
00665L,富邦�琤肭磪囓�2,56,0,56,國泰-松江,2024-11-14,8883
2328,廣宇,54,0,54,國泰-松江,2024-11-14,8883
3141,晶宏,51,0,51,國泰-松江,2024-11-14,8883
1301,台塑,51,1,50,國泰-松江,2024-11-14,8883
00947,台新臺灣IC設計,51,7,44,國泰-松江,2024-11-14,8883
6598,ABC-KY,51,8,43,國泰-松江,2024-11-14,8883
1314,中石化,41,0,41,國泰-松江,2024-11-14,8883
8070,長華*,40,0,40,國泰-松江,2024-11-14,8883
3702,大聯大,40,1,39,國泰-松江,2024-11-14,8883
00933B,國泰10Y+金融債,39,0,39,國泰-松江,2024-11-14,8883
00948B,中信優息投資級債,37,0,37,國泰-松江,2024-11-14,8883
00891,中信關鍵半導體,35,0,35,國泰-松江,2024-11-14,8883
00690,兆豐藍籌30,32,0,32,國泰-松江,2024-11-14,8883
2106,建大,28,0,28,國泰-松江,2024-11-14,8883
4938,和碩,29,2,27,國泰-松江,2024-11-14,8883
00930,永豐ESG低碳高息,26,1,25,國泰-松江,2024-11-14,8883
00688L,國泰20年美債正2,88,63,25,國泰-松江,2024-11-14,8883
00940,元大台灣價值高息,58,34,24,國泰-松江,2024-11-14,8883
00733,富邦臺灣中小,24,2,22,國泰-松江,2024-11-14,8883
2408,南亞科,22,0,22,國泰-松江,2024-11-14,8883
4909,新復興,22,0,22,國泰-松江,2024-11-14,8883
00927,群益半導體收益,22,0,22,國泰-松江,2024-11-14,8883
2344,華邦電,22,1,21,國泰-松江,2024-11-14,8883
4402,郡都開發,21,0,21,國泰-松江,2024-11-14,8883
2609,陽明,39,18,21,國泰-松江,2024-11-14,8883
8069,元太,28,7,21,國泰-松江,2024-11-14,8883
5263,智崴,20,0,20,國泰-松江,2024-11-14,8883
2603,長榮,34,14,20,國泰-松江,2024-11-14,8883
00878,國泰永續高股息,765,122,643,國泰-松江,2024-11-15,8883
00948B,中信優息投資級債,246,7,239,國泰-松江,2024-11-15,8883
00937B,群益ESG投等債20,223,22,201,國泰-松江,2024-11-15,8883
3706,神達,462,284,178,國泰-松江,2024-11-15,8883
2382,廣達,179,17,162,國泰-松江,2024-11-15,8883
00918,大華優利高填息30,132,12,120,國泰-松江,2024-11-15,8883
00882,中信中國高股息,112,4,108,國泰-松江,2024-11-15,8883
00642U,期元大S＆P石油,100,0,100,國泰-松江,2024-11-15,8883
00706L,期元大S＆P日圓正2,85,0,85,國泰-松江,2024-11-15,8883
00911,兆豐洲際半導體,72,0,72,國泰-松江,2024-11-15,8883
2337,旺宏,61,11,50,國泰-松江,2024-11-15,8883
5225,東科-KY,51,2,49,國泰-松江,2024-11-15,8883
1569,濱川,48,2,46,國泰-松江,2024-11-15,8883
5009,榮剛,42,0,42,國泰-松江,2024-11-15,8883
1587,吉茂,165,126,39,國泰-松江,2024-11-15,8883
00946,群益科技高息成長,38,0,38,國泰-松江,2024-11-15,8883
0056,元大高股息,52,17,35,國泰-松江,2024-11-15,8883
2449,京元電子,36,1,35,國泰-松江,2024-11-15,8883
00637L,元大滬深300正2,40,6,34,國泰-松江,2024-11-15,8883
00632R,元大台灣50反1,51,17,34,國泰-松江,2024-11-15,8883
6405,悅城,52,19,33,國泰-松江,2024-11-15,8883
2317,鴻海,135,102,33,國泰-松江,2024-11-15,8883
3231,緯創,82,51,31,國泰-松江,2024-11-15,8883
2881,富邦金,36,5,31,國泰-松江,2024-11-15,8883
2356,英業達,47,18,29,國泰-松江,2024-11-15,8883
0050,元大台灣50,30,4,26,國泰-松江,2024-11-15,8883
00676R,富邦臺灣加權反1,24,0,24,國泰-松江,2024-11-15,8883
2405,輔信,24,1,23,國泰-松江,2024-11-15,8883
3017,奇鋐,35,12,23,國泰-松江,2024-11-15,8883
2324,仁寶,49,26,23,國泰-松江,2024-11-15,8883
00713,元大台灣高息低波,28,5,23,國泰-松江,2024-11-15,8883
2204,中華,37,14,23,國泰-松江,2024-11-15,8883
3323,加百裕,32,10,22,國泰-松江,2024-11-15,8883
2486,一詮,36,15,21,國泰-松江,2024-11-15,8883
9105,泰金寶-DR,192,171,21,國泰-松江,2024-11-15,8883
2330,台積電,31,10,21,國泰-松江,2024-11-15,8883
00905,FT臺灣Smart,23,2,21,國泰-松江,2024-11-15,8883
2615,萬海,90,70,20,國泰-松江,2024-11-15,8883
6598,ABC-KY,20,0,20,國泰-松江,2024-11-15,8883
3013,晟銘電,86,68,18,國泰-松江,2024-11-15,8883
2376,技嘉,28,11,17,國泰-松江,2024-11-15,8883
6763,綠界科技*,20,3,17,國泰-松江,2024-11-15,8883
9904,寶成,23,7,16,國泰-松江,2024-11-15,8883
00915,凱基優選高股息30,17,2,15,國泰-松江,2024-11-15,8883
00731,復華富時高息低波,15,0,15,國泰-松江,2024-11-15,8883
00686R,群益臺灣加權反1,15,0,15,國泰-松江,2024-11-15,8883
8011,台通,15,0,15,國泰-松江,2024-11-15,8883
00719B,元大美債1-3,15,0,15,國泰-松江,2024-11-15,8883
2303,聯電,28,13,15,國泰-松江,2024-11-15,8883
2545,皇翔,15,1,14,國泰-松江,2024-11-15,8883
00945B,凱基美國非投等債,663,30,633,國泰-松江,2024-11-18,8883
00878,國泰永續高股息,921,361,560,國泰-松江,2024-11-18,8883
00680L,元大美債20正2,355,58,297,國泰-松江,2024-11-18,8883
0056,元大高股息,136,6,130,國泰-松江,2024-11-18,8883
5225,東科-KY,103,1,102,國泰-松江,2024-11-18,8883
00891,中信關鍵半導體,98,0,98,國泰-松江,2024-11-18,8883
00665L,富邦�琤肭磪囓�2,111,21,90,國泰-松江,2024-11-18,8883
1605,華新,64,0,64,國泰-松江,2024-11-18,8883
00679B,元大美債20年,93,30,63,國泰-松江,2024-11-18,8883
5009,榮剛,60,1,59,國泰-松江,2024-11-18,8883
00915,凱基優選高股息30,66,7,59,國泰-松江,2024-11-18,8883
00948B,中信優息投資級債,59,6,53,國泰-松江,2024-11-18,8883
00943,兆豐電子高息等權,51,0,51,國泰-松江,2024-11-18,8883
006208,富邦台50,59,10,49,國泰-松江,2024-11-18,8883
2609,陽明,150,103,47,國泰-松江,2024-11-18,8883
00713,元大台灣高息低波,46,2,44,國泰-松江,2024-11-18,8883
2356,英業達,72,32,40,國泰-松江,2024-11-18,8883
2476,鉅祥,41,1,40,國泰-松江,2024-11-18,8883
00951,台新日本半導體,40,0,40,國泰-松江,2024-11-18,8883
00919,群益台灣精選高息,44,4,40,國泰-松江,2024-11-18,8883
2380,虹光,38,2,36,國泰-松江,2024-11-18,8883
0050,元大台灣50,60,26,34,國泰-松江,2024-11-18,8883
00937B,群益ESG投等債20,35,3,32,國泰-松江,2024-11-18,8883
6598,ABC-KY,31,0,31,國泰-松江,2024-11-18,8883
2610,華航,59,29,30,國泰-松江,2024-11-18,8883
00922,國泰台灣領袖50,29,1,28,國泰-松江,2024-11-18,8883
2330,台積電,34,6,28,國泰-松江,2024-11-18,8883
2382,廣達,46,19,27,國泰-松江,2024-11-18,8883
2354,鴻準,187,162,25,國泰-松江,2024-11-18,8883
8044,網家,59,34,25,國泰-松江,2024-11-18,8883
9934,成霖,25,0,25,國泰-松江,2024-11-18,8883
2884,玉山金,43,19,24,國泰-松江,2024-11-18,8883
00670L,富邦NASDAQ正2,24,0,24,國泰-松江,2024-11-18,8883
8028,昇陽半導體,26,2,24,國泰-松江,2024-11-18,8883
00932,兆豐永續高息等權,23,0,23,國泰-松江,2024-11-18,8883
00751B,元大AAA至A公司債,23,1,22,國泰-松江,2024-11-18,8883
2881,富邦金,22,1,21,國泰-松江,2024-11-18,8883
5880,合庫金,21,0,21,國泰-松江,2024-11-18,8883
5321,美而快,22,1,21,國泰-松江,2024-11-18,8883
00631L,元大台灣50正2,22,1,21,國泰-松江,2024-11-18,8883
00959B,大華投等美債15Y+,20,0,20,國泰-松江,2024-11-18,8883
00887,永豐中國科技50大,28,9,19,國泰-松江,2024-11-18,8883
6271,同欣電,19,0,19,國泰-松江,2024-11-18,8883
00934,中信成長高股息,20,1,19,國泰-松江,2024-11-18,8883
4720,德淵,18,0,18,國泰-松江,2024-11-18,8883
2363,矽統,39,23,16,國泰-松江,2024-11-18,8883
4545,銘鈺,15,0,15,國泰-松江,2024-11-18,8883
2344,華邦電,17,2,15,國泰-松江,2024-11-18,8883
00720B,元大投資級公司債,16,1,15,國泰-松江,2024-11-18,8883
1815,富喬,18,4,14,國泰-松江,2024-11-18,8883
00937B,群益ESG投等債20,530,14,516,國泰-松江,2024-11-19,8883
00919,群益台灣精選高息,322,50,272,國泰-松江,2024-11-19,8883
2349,錸德,332,177,155,國泰-松江,2024-11-19,8883
2371,大同,97,10,87,國泰-松江,2024-11-19,8883
00687B,國泰20年美債,80,12,68,國泰-松江,2024-11-19,8883
00929,復華台灣科技優息,120,57,63,國泰-松江,2024-11-19,8883
2382,廣達,81,19,62,國泰-松江,2024-11-19,8883
00632R,元大台灣50反1,110,48,62,國泰-松江,2024-11-19,8883
2891,中信金,64,3,61,國泰-松江,2024-11-19,8883
3481,群創,56,0,56,國泰-松江,2024-11-19,8883
4720,德淵,47,0,47,國泰-松江,2024-11-19,8883
3231,緯創,52,6,46,國泰-松江,2024-11-19,8883
2356,英業達,50,13,37,國泰-松江,2024-11-19,8883
006208,富邦台50,41,5,36,國泰-松江,2024-11-19,8883
5880,合庫金,40,5,35,國泰-松江,2024-11-19,8883
2317,鴻海,84,51,33,國泰-松江,2024-11-19,8883
6598,ABC-KY,29,0,29,國泰-松江,2024-11-19,8883
00713,元大台灣高息低波,40,12,28,國泰-松江,2024-11-19,8883
2880,華南金,30,4,26,國泰-松江,2024-11-19,8883
2354,鴻準,195,169,26,國泰-松江,2024-11-19,8883
2392,正崴,46,22,24,國泰-松江,2024-11-19,8883
6509,聚和,22,0,22,國泰-松江,2024-11-19,8883
00887,永豐中國科技50大,26,5,21,國泰-松江,2024-11-19,8883
6568,宏觀,20,0,20,國泰-松江,2024-11-19,8883
00885,富邦越南,20,0,20,國泰-松江,2024-11-19,8883
1301,台塑,25,6,19,國泰-松江,2024-11-19,8883
3167,大量,21,2,19,國泰-松江,2024-11-19,8883
00731,復華富時高息低波,17,0,17,國泰-松江,2024-11-19,8883
3576,聯合再生,17,0,17,國泰-松江,2024-11-19,8883
1314,中石化,17,0,17,國泰-松江,2024-11-19,8883
00930,永豐ESG低碳高息,17,0,17,國泰-松江,2024-11-19,8883
00933B,國泰10Y+金融債,15,0,15,國泰-松江,2024-11-19,8883
3032,偉訓,58,43,15,國泰-松江,2024-11-19,8883
2408,南亞科,19,4,15,國泰-松江,2024-11-19,8883
1515,力山,13,0,13,國泰-松江,2024-11-19,8883
6191,精成科,15,2,13,國泰-松江,2024-11-19,8883
00772B,中信高評級公司債,13,1,12,國泰-松江,2024-11-19,8883
2612,中航,12,0,12,國泰-松江,2024-11-19,8883
2605,新興,15,3,12,國泰-松江,2024-11-19,8883
00934,中信成長高股息,17,6,11,國泰-松江,2024-11-19,8883
00932,兆豐永續高息等權,14,3,11,國泰-松江,2024-11-19,8883
9914,美利達,11,0,11,國泰-松江,2024-11-19,8883
2457,飛宏,11,0,11,國泰-松江,2024-11-19,8883
00916,國泰全球品牌50,10,0,10,國泰-松江,2024-11-19,8883
5009,榮剛,12,2,10,國泰-松江,2024-11-19,8883
2884,玉山金,42,32,10,國泰-松江,2024-11-19,8883
020038,元大ESG配息N,10,0,10,國泰-松江,2024-11-19,8883
6143,振曜,10,0,10,國泰-松江,2024-11-19,8883
3653,健策,12,2,10,國泰-松江,2024-11-19,8883
3209,全科,10,0,10,國泰-松江,2024-11-19,8883
00919,群益台灣精選高息,701,29,672,國泰-松江,2024-11-20,8883
00878,國泰永續高股息,569,19,550,國泰-松江,2024-11-20,8883
2354,鴻準,377,93,284,國泰-松江,2024-11-20,8883
00937B,群益ESG投等債20,297,14,283,國泰-松江,2024-11-20,8883
00687B,國泰20年美債,191,6,185,國泰-松江,2024-11-20,8883
0056,元大高股息,187,38,149,國泰-松江,2024-11-20,8883
00929,復華台灣科技優息,128,36,92,國泰-松江,2024-11-20,8883
2356,英業達,133,45,88,國泰-松江,2024-11-20,8883
00959B,大華投等美債15Y+,62,0,62,國泰-松江,2024-11-20,8883
00751B,元大AAA至A公司債,60,1,59,國泰-松江,2024-11-20,8883
00706L,期元大S＆P日圓正2,58,12,46,國泰-松江,2024-11-20,8883
00891,中信關鍵半導體,44,0,44,國泰-松江,2024-11-20,8883
2317,鴻海,119,78,41,國泰-松江,2024-11-20,8883
3576,聯合再生,40,0,40,國泰-松江,2024-11-20,8883
00932,兆豐永續高息等權,40,0,40,國泰-松江,2024-11-20,8883
00713,元大台灣高息低波,40,2,38,國泰-松江,2024-11-20,8883
006208,富邦台50,37,5,32,國泰-松江,2024-11-20,8883
6282,康舒,51,19,32,國泰-松江,2024-11-20,8883
6598,ABC-KY,31,0,31,國泰-松江,2024-11-20,8883
6757,台灣虎航,33,4,29,國泰-松江,2024-11-20,8883
5347,世界,27,0,27,國泰-松江,2024-11-20,8883
00945B,凱基美國非投等債,30,3,27,國泰-松江,2024-11-20,8883
2380,虹光,26,0,26,國泰-松江,2024-11-20,8883
2413,環科,44,18,26,國泰-松江,2024-11-20,8883
4720,德淵,24,0,24,國泰-松江,2024-11-20,8883
00679B,元大美債20年,36,13,23,國泰-松江,2024-11-20,8883
00692,富邦公司治理,22,0,22,國泰-松江,2024-11-20,8883
00950B,凱基A級公司債,21,0,21,國泰-松江,2024-11-20,8883
00915,凱基優選高股息30,20,0,20,國泰-松江,2024-11-20,8883
00850,元大臺灣ESG永續,20,0,20,國泰-松江,2024-11-20,8883
1301,台塑,18,0,18,國泰-松江,2024-11-20,8883
3037,欣興,20,2,18,國泰-松江,2024-11-20,8883
3447,展達,35,17,18,國泰-松江,2024-11-20,8883
2330,台積電,32,15,17,國泰-松江,2024-11-20,8883
3481,群創,29,12,17,國泰-松江,2024-11-20,8883
00923,群益台ESG低碳50,17,0,17,國泰-松江,2024-11-20,8883
2409,友達,18,1,17,國泰-松江,2024-11-20,8883
2449,京元電子,17,0,17,國泰-松江,2024-11-20,8883
00930,永豐ESG低碳高息,16,0,16,國泰-松江,2024-11-20,8883
3024,憶聲,17,1,16,國泰-松江,2024-11-20,8883
0050,元大台灣50,19,3,16,國泰-松江,2024-11-20,8883
00631L,元大台灣50正2,19,3,16,國泰-松江,2024-11-20,8883
8358,金居,16,1,15,國泰-松江,2024-11-20,8883
2303,聯電,28,14,14,國泰-松江,2024-11-20,8883
4958,臻鼎-KY,15,1,14,國泰-松江,2024-11-20,8883
00830,國泰費城半導體,14,0,14,國泰-松江,2024-11-20,8883
00720B,元大投資級公司債,13,0,13,國泰-松江,2024-11-20,8883
3062,建漢,21,8,13,國泰-松江,2024-11-20,8883
5438,東友,13,0,13,國泰-松江,2024-11-20,8883
3049,精金,12,0,12,國泰-松江,2024-11-20,8883
00878,國泰永續高股息,422,124,298,國泰-松江,2024-11-21,8883
00919,群益台灣精選高息,351,87,264,國泰-松江,2024-11-21,8883
0056,元大高股息,164,5,159,國泰-松江,2024-11-21,8883
2881,富邦金,148,2,146,國泰-松江,2024-11-21,8883
00688L,國泰20年美債正2,100,0,100,國泰-松江,2024-11-21,8883
2609,陽明,283,189,94,國泰-松江,2024-11-21,8883
006208,富邦台50,88,7,81,國泰-松江,2024-11-21,8883
2317,鴻海,104,42,62,國泰-松江,2024-11-21,8883
00881,國泰台灣5G+,55,1,54,國泰-松江,2024-11-21,8883
4720,德淵,47,0,47,國泰-松江,2024-11-21,8883
1301,台塑,42,0,42,國泰-松江,2024-11-21,8883
00631L,元大台灣50正2,61,19,42,國泰-松江,2024-11-21,8883
2204,中華,87,52,35,國泰-松江,2024-11-21,8883
00938,凱基優選30,34,0,34,國泰-松江,2024-11-21,8883
2449,京元電子,31,1,30,國泰-松江,2024-11-21,8883
00692,富邦公司治理,27,0,27,國泰-松江,2024-11-21,8883
1802,台玻,41,15,26,國泰-松江,2024-11-21,8883
0050,元大台灣50,80,54,26,國泰-松江,2024-11-21,8883
00915,凱基優選高股息30,32,7,25,國泰-松江,2024-11-21,8883
3706,神達,432,408,24,國泰-松江,2024-11-21,8883
2442,新美齊,23,0,23,國泰-松江,2024-11-21,8883
00951,台新日本半導體,23,0,23,國泰-松江,2024-11-21,8883
00945B,凱基美國非投等債,24,2,22,國泰-松江,2024-11-21,8883
2344,華邦電,22,0,22,國泰-松江,2024-11-21,8883
00949,復華日本龍頭,21,0,21,國泰-松江,2024-11-21,8883
00632R,元大台灣50反1,34,13,21,國泰-松江,2024-11-21,8883
00948B,中信優息投資級債,20,0,20,國泰-松江,2024-11-21,8883
1449,佳和,27,7,20,國泰-松江,2024-11-21,8883
2539,櫻花建,24,4,20,國泰-松江,2024-11-21,8883
2330,台積電,29,10,19,國泰-松江,2024-11-21,8883
5398,慕康生醫,20,1,19,國泰-松江,2024-11-21,8883
00922,國泰台灣領袖50,18,0,18,國泰-松江,2024-11-21,8883
3290,東浦,27,9,18,國泰-松江,2024-11-21,8883
8104,錸寶,122,104,18,國泰-松江,2024-11-21,8883
00959B,大華投等美債15Y+,17,0,17,國泰-松江,2024-11-21,8883
2701,萬企,17,0,17,國泰-松江,2024-11-21,8883
00664R,國泰臺灣加權反1,15,0,15,國泰-松江,2024-11-21,8883
00953B,群益優選非投等債,14,0,14,國泰-松江,2024-11-21,8883
00929,復華台灣科技優息,78,64,14,國泰-松江,2024-11-21,8883
00679B,元大美債20年,21,7,14,國泰-松江,2024-11-21,8883
00830,國泰費城半導體,23,10,13,國泰-松江,2024-11-21,8883
3703,欣陸,13,0,13,國泰-松江,2024-11-21,8883
9105,泰金寶-DR,177,165,12,國泰-松江,2024-11-21,8883
2303,聯電,26,14,12,國泰-松江,2024-11-21,8883
00933B,國泰10Y+金融債,12,0,12,國泰-松江,2024-11-21,8883
1605,華新,12,0,12,國泰-松江,2024-11-21,8883
2882,國泰金,20,8,12,國泰-松江,2024-11-21,8883
00690,兆豐藍籌30,11,0,11,國泰-松江,2024-11-21,8883
00713,元大台灣高息低波,24,13,11,國泰-松江,2024-11-21,8883
5880,合庫金,11,0,11,國泰-松江,2024-11-21,8883
3224,三顧,400,0,400,國泰-松江,2024-11-22,8883
5309,系統電,306,85,221,國泰-松江,2024-11-22,8883
00680L,元大美債20正2,216,0,216,國泰-松江,2024-11-22,8883
6505,台塑化,206,2,204,國泰-松江,2024-11-22,8883
00882,中信中國高股息,160,1,159,國泰-松江,2024-11-22,8883
00632R,元大台灣50反1,159,50,109,國泰-松江,2024-11-22,8883
2354,鴻準,121,52,69,國泰-松江,2024-11-22,8883
2867,三商壽,61,0,61,國泰-松江,2024-11-22,8883
6770,力積電,71,10,61,國泰-松江,2024-11-22,8883
2609,陽明,171,110,61,國泰-松江,2024-11-22,8883
5243,乙盛-KY,61,16,45,國泰-松江,2024-11-22,8883
00950B,凱基A級公司債,43,0,43,國泰-松江,2024-11-22,8883
4720,德淵,44,2,42,國泰-松江,2024-11-22,8883
6598,ABC-KY,41,0,41,國泰-松江,2024-11-22,8883
3019,亞光,50,10,40,國泰-松江,2024-11-22,8883
00935,野村臺灣新科技50,36,0,36,國泰-松江,2024-11-22,8883
00915,凱基優選高股息30,39,3,36,國泰-松江,2024-11-22,8883
9105,泰金寶-DR,257,223,34,國泰-松江,2024-11-22,8883
00919,群益台灣精選高息,49,18,31,國泰-松江,2024-11-22,8883
911868,同方友友-DR,30,0,30,國泰-松江,2024-11-22,8883
2351,順德,30,0,30,國泰-松江,2024-11-22,8883
2486,一詮,32,5,27,國泰-松江,2024-11-22,8883
1301,台塑,31,6,25,國泰-松江,2024-11-22,8883
00713,元大台灣高息低波,25,0,25,國泰-松江,2024-11-22,8883
00909,國泰數位支付服務,34,9,25,國泰-松江,2024-11-22,8883
00637L,元大滬深300正2,57,33,24,國泰-松江,2024-11-22,8883
00953B,群益優選非投等債,23,0,23,國泰-松江,2024-11-22,8883
2347,聯強,24,4,20,國泰-松江,2024-11-22,8883
2605,新興,20,2,18,國泰-松江,2024-11-22,8883
8240,華宏,21,4,17,國泰-松江,2024-11-22,8883
8104,錸寶,51,34,17,國泰-松江,2024-11-22,8883
4956,光鋐,45,28,17,國泰-松江,2024-11-22,8883
00922,國泰台灣領袖50,20,3,17,國泰-松江,2024-11-22,8883
3167,大量,29,13,16,國泰-松江,2024-11-22,8883
3706,神達,494,480,14,國泰-松江,2024-11-22,8883
00937B,群益ESG投等債20,28,13,15,國泰-松江,2024-11-22,8883
00725B,國泰投資級公司債,14,0,14,國泰-松江,2024-11-22,8883
2543,皇昌,15,1,14,國泰-松江,2024-11-22,8883
00687B,國泰20年美債,25,13,12,國泰-松江,2024-11-22,8883
6605,帝寶,12,0,12,國泰-松江,2024-11-22,8883
2317,鴻海,30,18,12,國泰-松江,2024-11-22,8883
2204,中華,22,10,12,國泰-松江,2024-11-22,8883
3312,弘憶股,13,2,11,國泰-松江,2024-11-22,8883
3591,艾笛森,11,0,11,國泰-松江,2024-11-22,8883
1109,信大,11,0,11,國泰-松江,2024-11-22,8883
1434,福懋,10,0,10,國泰-松江,2024-11-22,8883
6127,九豪,10,0,10,國泰-松江,2024-11-22,8883
00673R,期元大S＆P原油反1,10,0,10,國泰-松江,2024-11-22,8883
2344,華邦電,10,0,10,國泰-松江,2024-11-22,8883
2367,燿華,28,18,10,國泰-松江,2024-11-22,8883
2887,台新金,381,13,368,國泰-松江,2024-11-25,8883
00919,群益台灣精選高息,338,12,326,國泰-松江,2024-11-25,8883
2646,星宇航空,129,0,129,國泰-松江,2024-11-25,8883
2362,藍天,142,29,113,國泰-松江,2024-11-25,8883
2371,大同,135,26,109,國泰-松江,2024-11-25,8883
00706L,期元大S＆P日圓正2,167,60,107,國泰-松江,2024-11-25,8883
2498,宏達電,94,7,87,國泰-松江,2024-11-25,8883
2637,慧洋-KY,84,1,83,國泰-松江,2024-11-25,8883
4720,德淵,71,0,71,國泰-松江,2024-11-25,8883
2344,華邦電,74,6,68,國泰-松江,2024-11-25,8883
2891,中信金,81,22,59,國泰-松江,2024-11-25,8883
5225,東科-KY,86,30,56,國泰-松江,2024-11-25,8883
5243,乙盛-KY,61,13,48,國泰-松江,2024-11-25,8883
00935,野村臺灣新科技50,49,3,46,國泰-松江,2024-11-25,8883
00933B,國泰10Y+金融債,44,0,44,國泰-松江,2024-11-25,8883
6770,力積電,41,3,38,國泰-松江,2024-11-25,8883
2449,京元電子,46,9,37,國泰-松江,2024-11-25,8883
2603,長榮,63,27,36,國泰-松江,2024-11-25,8883
1101,台泥,51,19,32,國泰-松江,2024-11-25,8883
00930,永豐ESG低碳高息,31,1,30,國泰-松江,2024-11-25,8883
8032,光菱,38,11,27,國泰-松江,2024-11-25,8883
3081,聯亞,52,28,24,國泰-松江,2024-11-25,8883
3167,大量,31,9,22,國泰-松江,2024-11-25,8883
2324,仁寶,49,28,21,國泰-松江,2024-11-25,8883
5009,榮剛,20,0,20,國泰-松江,2024-11-25,8883
2367,燿華,29,10,19,國泰-松江,2024-11-25,8883
00882,中信中國高股息,21,2,19,國泰-松江,2024-11-25,8883
5876,上海商銀,20,2,18,國泰-松江,2024-11-25,8883
0056,元大高股息,28,10,18,國泰-松江,2024-11-25,8883
00953B,群益優選非投等債,18,0,18,國泰-松江,2024-11-25,8883
8163,達方,21,4,17,國泰-松江,2024-11-25,8883
1611,中電,20,3,17,國泰-松江,2024-11-25,8883
1402,遠東新,16,0,16,國泰-松江,2024-11-25,8883
3511,矽瑪,42,26,16,國泰-松江,2024-11-25,8883
00673R,期元大S＆P原油反1,31,15,16,國泰-松江,2024-11-25,8883
3032,偉訓,25,9,16,國泰-松江,2024-11-25,8883
00664R,國泰臺灣加權反1,15,0,15,國泰-松江,2024-11-25,8883
8085,福華,15,0,15,國泰-松江,2024-11-25,8883
2312,金寶,623,609,14,國泰-松江,2024-11-25,8883
1524,耿鼎,27,13,14,國泰-松江,2024-11-25,8883
8104,錸寶,44,30,14,國泰-松江,2024-11-25,8883
3149,正達,16,2,14,國泰-松江,2024-11-25,8883
3013,晟銘電,27,13,14,國泰-松江,2024-11-25,8883
2382,廣達,19,6,13,國泰-松江,2024-11-25,8883
00937B,群益ESG投等債20,15,3,12,國泰-松江,2024-11-25,8883
4956,光鋐,28,16,12,國泰-松江,2024-11-25,8883
6215,和椿,11,0,11,國泰-松江,2024-11-25,8883
3163,波若威,11,0,11,國泰-松江,2024-11-25,8883
00795B,中信美國公債20年,16,5,11,國泰-松江,2024-11-25,8883
00713,元大台灣高息低波,23,12,11,國泰-松江,2024-11-25,8883
2888,新光金,315,31,284,國泰-松江,2024-11-26,8883
2317,鴻海,196,12,184,國泰-松江,2024-11-26,8883
1309,台達化,150,0,150,國泰-松江,2024-11-26,8883
9934,成霖,130,0,130,國泰-松江,2024-11-26,8883
00680L,元大美債20正2,229,126,103,國泰-松江,2024-11-26,8883
00959B,大華投等美債15Y+,100,5,95,國泰-松江,2024-11-26,8883
6505,台塑化,151,60,91,國泰-松江,2024-11-26,8883
5309,系統電,233,162,71,國泰-松江,2024-11-26,8883
00919,群益台灣精選高息,106,39,67,國泰-松江,2024-11-26,8883
1815,富喬,172,115,57,國泰-松江,2024-11-26,8883
8042,金山電,58,1,57,國泰-松江,2024-11-26,8883
00951,台新日本半導體,53,0,53,國泰-松江,2024-11-26,8883
006208,富邦台50,56,5,51,國泰-松江,2024-11-26,8883
2883,凱基金,50,2,48,國泰-松江,2024-11-26,8883
00933B,國泰10Y+金融債,54,10,44,國泰-松江,2024-11-26,8883
3231,緯創,61,18,43,國泰-松江,2024-11-26,8883
2312,金寶,204,161,43,國泰-松江,2024-11-26,8883
4979,華星光,147,105,42,國泰-松江,2024-11-26,8883
4960,誠美材,45,3,42,國泰-松江,2024-11-26,8883
00915,凱基優選高股息30,53,11,42,國泰-松江,2024-11-26,8883
1605,華新,40,0,40,國泰-松江,2024-11-26,8883
0050,元大台灣50,38,0,38,國泰-松江,2024-11-26,8883
2388,威盛,39,2,37,國泰-松江,2024-11-26,8883
00715L,期街口布蘭特正2,47,10,37,國泰-松江,2024-11-26,8883
2362,藍天,81,44,37,國泰-松江,2024-11-26,8883
3338,泰碩,36,1,35,國泰-松江,2024-11-26,8883
8415,大國鋼,35,0,35,國泰-松江,2024-11-26,8883
9904,寶成,35,1,34,國泰-松江,2024-11-26,8883
00940,元大台灣價值高息,46,13,33,國泰-松江,2024-11-26,8883
00882,中信中國高股息,32,3,29,國泰-松江,2024-11-26,8883
2515,中工,26,0,26,國泰-松江,2024-11-26,8883
2330,台積電,29,4,25,國泰-松江,2024-11-26,8883
2442,新美齊,25,0,25,國泰-松江,2024-11-26,8883
2204,中華,94,70,24,國泰-松江,2024-11-26,8883
6558,興能高,61,39,22,國泰-松江,2024-11-26,8883
5225,東科-KY,23,1,22,國泰-松江,2024-11-26,8883
3293,鈊象,22,3,19,國泰-松江,2024-11-26,8883
00922,國泰台灣領袖50,18,1,17,國泰-松江,2024-11-26,8883
2344,華邦電,19,3,16,國泰-松江,2024-11-26,8883
00930,永豐ESG低碳高息,16,0,16,國泰-松江,2024-11-26,8883
9105,泰金寶-DR,186,170,16,國泰-松江,2024-11-26,8883
6120,達運,15,0,15,國泰-松江,2024-11-26,8883
00894,中信小資高價30,15,0,15,國泰-松江,2024-11-26,8883
6288,聯嘉,16,2,14,國泰-松江,2024-11-26,8883
00918,大華優利高填息30,12,0,12,國泰-松江,2024-11-26,8883
2367,燿華,18,6,12,國泰-松江,2024-11-26,8883
5481,新華,12,0,12,國泰-松江,2024-11-26,8883
3715,定穎投控,13,1,12,國泰-松江,2024-11-26,8883
3363,上詮,26,15,11,國泰-松江,2024-11-26,8883
2371,大同,50,39,11,國泰-松江,2024-11-26,8883
00919,群益台灣精選高息,1061,188,873,國泰-松江,2024-11-27,8883
00878,國泰永續高股息,625,110,515,國泰-松江,2024-11-27,8883
2317,鴻海,259,36,223,國泰-松江,2024-11-27,8883
9105,泰金寶-DR,396,188,208,國泰-松江,2024-11-27,8883
0056,元大高股息,345,160,185,國泰-松江,2024-11-27,8883
00960,野村全球航運龍頭,123,0,123,國泰-松江,2024-11-27,8883
00940,元大台灣價值高息,119,9,110,國泰-松江,2024-11-27,8883
2303,聯電,121,13,108,國泰-松江,2024-11-27,8883
00706L,期元大S＆P日圓正2,140,35,105,國泰-松江,2024-11-27,8883
00929,復華台灣科技優息,183,80,103,國泰-松江,2024-11-27,8883
3231,緯創,126,32,94,國泰-松江,2024-11-27,8883
4991,環宇-KY,159,66,93,國泰-松江,2024-11-27,8883
1605,華新,87,1,86,國泰-松江,2024-11-27,8883
0050,元大台灣50,75,0,75,國泰-松江,2024-11-27,8883
00922,國泰台灣領袖50,70,0,70,國泰-松江,2024-11-27,8883
006208,富邦台50,85,16,69,國泰-松江,2024-11-27,8883
2330,台積電,94,31,63,國泰-松江,2024-11-27,8883
2344,華邦電,83,30,53,國泰-松江,2024-11-27,8883
2354,鴻準,87,35,52,國泰-松江,2024-11-27,8883
00918,大華優利高填息30,52,1,51,國泰-松江,2024-11-27,8883
1301,台塑,46,0,46,國泰-松江,2024-11-27,8883
2476,鉅祥,46,3,43,國泰-松江,2024-11-27,8883
2603,長榮,89,46,43,國泰-松江,2024-11-27,8883
2539,櫻花建,42,2,40,國泰-松江,2024-11-27,8883
00915,凱基優選高股息30,39,0,39,國泰-松江,2024-11-27,8883
2392,正崴,112,74,38,國泰-松江,2024-11-27,8883
5481,新華,33,0,33,國泰-松江,2024-11-27,8883
1815,富喬,129,96,33,國泰-松江,2024-11-27,8883
2204,中華,45,13,32,國泰-松江,2024-11-27,8883
2419,仲琦,34,2,32,國泰-松江,2024-11-27,8883
00927,群益半導體收益,38,6,32,國泰-松江,2024-11-27,8883
00646,元大S＆P500,31,0,31,國泰-松江,2024-11-27,8883
2412,中華電,30,0,30,國泰-松江,2024-11-27,8883
2382,廣達,41,12,29,國泰-松江,2024-11-27,8883
2405,輔信,34,5,29,國泰-松江,2024-11-27,8883
8085,福華,29,0,29,國泰-松江,2024-11-27,8883
1536,和大,140,112,28,國泰-松江,2024-11-27,8883
2887,台新金,28,0,28,國泰-松江,2024-11-27,8883
6962,ITH-KY,27,0,27,國泰-松江,2024-11-27,8883
2439,美律,34,7,27,國泰-松江,2024-11-27,8883
3481,群創,28,1,27,國泰-松江,2024-11-27,8883
00881,國泰台灣5G+,27,0,27,國泰-松江,2024-11-27,8883
2609,陽明,89,63,26,國泰-松江,2024-11-27,8883
2881,富邦金,32,7,25,國泰-松江,2024-11-27,8883
2331,精英,22,0,22,國泰-松江,2024-11-27,8883
00891,中信關鍵半導體,51,30,21,國泰-松江,2024-11-27,8883
2362,藍天,22,2,20,國泰-松江,2024-11-27,8883
6770,力積電,34,14,20,國泰-松江,2024-11-27,8883
3338,泰碩,20,0,20,國泰-松江,2024-11-27,8883
00935,野村臺灣新科技50,20,0,20,國泰-松江,2024-11-27,8883
00919,群益台灣精選高息,787,118,669,國泰-松江,2024-11-28,8883
00878,國泰永續高股息,525,29,496,國泰-松江,2024-11-28,8883
00680L,元大美債20正2,204,59,145,國泰-松江,2024-11-28,8883
2317,鴻海,179,38,141,國泰-松江,2024-11-28,8883
00946,群益科技高息成長,184,65,119,國泰-松江,2024-11-28,8883
00929,復華台灣科技優息,196,78,118,國泰-松江,2024-11-28,8883
0056,元大高股息,154,38,116,國泰-松江,2024-11-28,8883
00665L,富邦�琤肭磪囓�2,110,0,110,國泰-松江,2024-11-28,8883
1309,台達化,101,1,100,國泰-松江,2024-11-28,8883
2312,金寶,139,54,85,國泰-松江,2024-11-28,8883
2609,陽明,156,72,84,國泰-松江,2024-11-28,8883
6598,ABC-KY,72,0,72,國泰-松江,2024-11-28,8883
3481,群創,147,76,71,國泰-松江,2024-11-28,8883
4979,華星光,93,32,61,國泰-松江,2024-11-28,8883
4510,高鋒,200,139,61,國泰-松江,2024-11-28,8883
5225,東科-KY,59,1,58,國泰-松江,2024-11-28,8883
00637L,元大滬深300正2,72,17,55,國泰-松江,2024-11-28,8883
00885,富邦越南,51,1,50,國泰-松江,2024-11-28,8883
2356,英業達,61,12,49,國泰-松江,2024-11-28,8883
2915,潤泰全,40,0,40,國泰-松江,2024-11-28,8883
0050,元大台灣50,66,27,39,國泰-松江,2024-11-28,8883
1536,和大,60,26,34,國泰-松江,2024-11-28,8883
6962,ITH-KY,39,5,34,國泰-松江,2024-11-28,8883
2351,順德,40,6,34,國泰-松江,2024-11-28,8883
6288,聯嘉,52,19,33,國泰-松江,2024-11-28,8883
00713,元大台灣高息低波,32,0,32,國泰-松江,2024-11-28,8883
00915,凱基優選高股息30,37,5,32,國泰-松江,2024-11-28,8883
2332,友訊,206,177,29,國泰-松江,2024-11-28,8883
3706,神達,343,315,28,國泰-松江,2024-11-28,8883
006208,富邦台50,36,9,27,國泰-松江,2024-11-28,8883
3037,欣興,40,13,27,國泰-松江,2024-11-28,8883
5481,新華,26,0,26,國泰-松江,2024-11-28,8883
6680,鑫創電子,26,0,26,國泰-松江,2024-11-28,8883
00922,國泰台灣領袖50,30,4,26,國泰-松江,2024-11-28,8883
00670L,富邦NASDAQ正2,25,0,25,國泰-松江,2024-11-28,8883
8240,華宏,28,3,25,國泰-松江,2024-11-28,8883
3231,緯創,38,13,25,國泰-松江,2024-11-28,8883
9105,泰金寶-DR,98,76,22,國泰-松江,2024-11-28,8883
2888,新光金,36,15,21,國泰-松江,2024-11-28,8883
5309,系統電,41,20,21,國泰-松江,2024-11-28,8883
00687B,國泰20年美債,49,28,21,國泰-松江,2024-11-28,8883
00930,永豐ESG低碳高息,22,1,21,國泰-松江,2024-11-28,8883
2330,台積電,39,18,21,國泰-松江,2024-11-28,8883
2354,鴻準,53,33,20,國泰-松江,2024-11-28,8883
8932,智通*,20,0,20,國泰-松江,2024-11-28,8883
00753L,中信中國50正2,55,35,20,國泰-松江,2024-11-28,8883
3711,日月光投控,21,2,19,國泰-松江,2024-11-28,8883
8092,建暐,17,0,17,國泰-松江,2024-11-28,8883
3591,艾笛森,56,40,16,國泰-松江,2024-11-28,8883
3450,聯鈞,106,90,16,國泰-松江,2024-11-28,8883
00919,群益台灣精選高息,316,61,255,國泰-松江,2024-11-29,8883
00878,國泰永續高股息,210,38,172,國泰-松江,2024-11-29,8883
00706L,期元大S＆P日圓正2,125,6,119,國泰-松江,2024-11-29,8883
0056,元大高股息,115,19,96,國泰-松江,2024-11-29,8883
006208,富邦台50,62,7,55,國泰-松江,2024-11-29,8883
00948B,中信優息投資級債,62,9,53,國泰-松江,2024-11-29,8883
2883,凱基金,55,5,50,國泰-松江,2024-11-29,8883
00639,富邦深100,50,0,50,國泰-松江,2024-11-29,8883
3231,緯創,57,12,45,國泰-松江,2024-11-29,8883
1708,東鹼,42,0,42,國泰-松江,2024-11-29,8883
00915,凱基優選高股息30,43,8,35,國泰-松江,2024-11-29,8883
00637L,元大滬深300正2,41,7,34,國泰-松江,2024-11-29,8883
2337,旺宏,32,0,32,國泰-松江,2024-11-29,8883
00753L,中信中國50正2,47,18,29,國泰-松江,2024-11-29,8883
1301,台塑,27,0,27,國泰-松江,2024-11-29,8883
2356,英業達,42,16,26,國泰-松江,2024-11-29,8883
2312,金寶,266,242,24,國泰-松江,2024-11-29,8883
00953B,群益優選非投等債,23,0,23,國泰-松江,2024-11-29,8883
1326,台化,42,21,21,國泰-松江,2024-11-29,8883
00929,復華台灣科技優息,54,33,21,國泰-松江,2024-11-29,8883
00945B,凱基美國非投等債,20,0,20,國泰-松江,2024-11-29,8883
8076,伍豐,20,0,20,國泰-松江,2024-11-29,8883
2106,建大,20,0,20,國泰-松江,2024-11-29,8883
2351,順德,20,0,20,國泰-松江,2024-11-29,8883
2891,中信金,32,13,19,國泰-松江,2024-11-29,8883
8085,福華,18,0,18,國泰-松江,2024-11-29,8883
020031,統一IC設計臺灣N,18,0,18,國泰-松江,2024-11-29,8883
00631L,元大台灣50正2,25,7,18,國泰-松江,2024-11-29,8883
00713,元大台灣高息低波,18,2,16,國泰-松江,2024-11-29,8883
5481,新華,13,0,13,國泰-松江,2024-11-29,8883
00673R,期元大S＆P原油反1,13,0,13,國泰-松江,2024-11-29,8883
5880,合庫金,13,0,13,國泰-松江,2024-11-29,8883
1432,大魯閣,12,0,12,國泰-松江,2024-11-29,8883
00924,復華S＆P500成長,11,0,11,國泰-松江,2024-11-29,8883
6770,力積電,13,2,11,國泰-松江,2024-11-29,8883
4306,炎洲,11,0,11,國泰-松江,2024-11-29,8883
2618,長榮航,22,11,11,國泰-松江,2024-11-29,8883
6187,萬潤,14,4,10,國泰-松江,2024-11-29,8883
3522,御嵿,10,0,10,國泰-松江,2024-11-29,8883
3049,精金,10,0,10,國泰-松江,2024-11-29,8883
2352,佳世達,10,0,10,國泰-松江,2024-11-29,8883
2834,臺企銀,10,0,10,國泰-松江,2024-11-29,8883
2392,正崴,43,33,10,國泰-松江,2024-11-29,8883
6530,創威,13,3,10,國泰-松江,2024-11-29,8883
6180,橘子,16,6,10,國泰-松江,2024-11-29,8883
2204,中華,12,2,10,國泰-松江,2024-11-29,8883
2881,富邦金,13,3,10,國泰-松江,2024-11-29,8883
2489,瑞軒,10,1,9,國泰-松江,2024-11-29,8883
6913,鴻呈,9,0,9,國泰-松江,2024-11-29,8883
2449,京元電子,36,27,9,國泰-松江,2024-11-29,8883
00632R,元大台灣50反1,842,353,489,國泰-松江,2024-12-02,8883
00679B,元大美債20年,511,41,470,國泰-松江,2024-12-02,8883
2887,台新金,402,0,402,國泰-松江,2024-12-02,8883
6505,台塑化,153,0,153,國泰-松江,2024-12-02,8883
5328,華容,170,32,138,國泰-松江,2024-12-02,8883
2392,正崴,178,48,130,國泰-松江,2024-12-02,8883
4991,環宇-KY,217,126,91,國泰-松江,2024-12-02,8883
5880,合庫金,62,0,62,國泰-松江,2024-12-02,8883
1815,富喬,122,72,50,國泰-松江,2024-12-02,8883
3706,神達,153,106,47,國泰-松江,2024-12-02,8883
1605,華新,45,7,38,國泰-松江,2024-12-02,8883
2344,華邦電,40,6,34,國泰-松江,2024-12-02,8883
00665L,富邦�琤肭磪囓�2,30,0,30,國泰-松江,2024-12-02,8883
006208,富邦台50,42,13,29,國泰-松江,2024-12-02,8883
2701,萬企,29,0,29,國泰-松江,2024-12-02,8883
8171,天宇,53,26,27,國泰-松江,2024-12-02,8883
5439,高技,53,27,26,國泰-松江,2024-12-02,8883
00713,元大台灣高息低波,28,3,25,國泰-松江,2024-12-02,8883
2337,旺宏,25,0,25,國泰-松江,2024-12-02,8883
2606,裕民,22,0,22,國泰-松江,2024-12-02,8883
8163,達方,22,0,22,國泰-松江,2024-12-02,8883
2348,海悅,26,5,21,國泰-松江,2024-12-02,8883
1609,大亞,20,0,20,國泰-松江,2024-12-02,8883
2354,鴻準,51,31,20,國泰-松江,2024-12-02,8883
2637,慧洋-KY,20,1,19,國泰-松江,2024-12-02,8883
00719B,元大美債1-3,20,1,19,國泰-松江,2024-12-02,8883
00918,大華優利高填息30,23,5,18,國泰-松江,2024-12-02,8883
3090,日電貿,19,2,17,國泰-松江,2024-12-02,8883
00878,國泰永續高股息,112,96,16,國泰-松江,2024-12-02,8883
2332,友訊,16,1,15,國泰-松江,2024-12-02,8883
00664R,國泰臺灣加權反1,14,0,14,國泰-松江,2024-12-02,8883
8932,智通*,14,0,14,國泰-松江,2024-12-02,8883
3323,加百裕,111,98,13,國泰-松江,2024-12-02,8883
00637L,元大滬深300正2,18,5,13,國泰-松江,2024-12-02,8883
2881,富邦金,16,4,12,國泰-松江,2024-12-02,8883
5309,系統電,124,112,12,國泰-松江,2024-12-02,8883
00882,中信中國高股息,18,6,12,國泰-松江,2024-12-02,8883
3715,定穎投控,14,2,12,國泰-松江,2024-12-02,8883
8104,錸寶,12,0,12,國泰-松江,2024-12-02,8883
6531,愛普*,12,0,12,國泰-松江,2024-12-02,8883
8240,華宏,15,3,12,國泰-松江,2024-12-02,8883
1710,東聯,11,0,11,國泰-松江,2024-12-02,8883
00953B,群益優選非投等債,11,0,11,國泰-松江,2024-12-02,8883
6530,創威,19,8,11,國泰-松江,2024-12-02,8883
00662,富邦NASDAQ,11,0,11,國泰-松江,2024-12-02,8883
1802,台玻,11,0,11,國泰-松江,2024-12-02,8883
9902,台火,11,0,11,國泰-松江,2024-12-02,8883
2615,萬海,24,14,10,國泰-松江,2024-12-02,8883
1708,東鹼,13,3,10,國泰-松江,2024-12-02,8883
1316,上曜,10,0,10,國泰-松江,2024-12-02,8883
00919,群益台灣精選高息,848,77,771,國泰-松江,2024-12-03,8883
00679B,元大美債20年,511,167,344,國泰-松江,2024-12-03,8883
2887,台新金,510,203,307,國泰-松江,2024-12-03,8883
00878,國泰永續高股息,265,108,157,國泰-松江,2024-12-03,8883
4991,環宇-KY,334,188,146,國泰-松江,2024-12-03,8883
00953B,群益優選非投等債,133,0,133,國泰-松江,2024-12-03,8883
00918,大華優利高填息30,132,8,124,國泰-松江,2024-12-03,8883
2609,陽明,150,56,94,國泰-松江,2024-12-03,8883
0056,元大高股息,103,31,72,國泰-松江,2024-12-03,8883
3043,科風,69,7,62,國泰-松江,2024-12-03,8883
00830,國泰費城半導體,73,12,61,國泰-松江,2024-12-03,8883
2371,大同,64,4,60,國泰-松江,2024-12-03,8883
00713,元大台灣高息低波,61,4,57,國泰-松江,2024-12-03,8883
2317,鴻海,102,45,57,國泰-松江,2024-12-03,8883
3231,緯創,71,16,55,國泰-松江,2024-12-03,8883
6182,合晶,54,0,54,國泰-松江,2024-12-03,8883
00945B,凱基美國非投等債,45,0,45,國泰-松江,2024-12-03,8883
9934,成霖,45,0,45,國泰-松江,2024-12-03,8883
1708,東鹼,38,0,38,國泰-松江,2024-12-03,8883
00715L,期街口布蘭特正2,45,10,35,國泰-松江,2024-12-03,8883
3045,台灣大,34,0,34,國泰-松江,2024-12-03,8883
00719B,元大美債1-3,30,2,28,國泰-松江,2024-12-03,8883
1528,恩德,27,0,27,國泰-松江,2024-12-03,8883
5864,致和證,30,4,26,國泰-松江,2024-12-03,8883
4303,信立,94,72,22,國泰-松江,2024-12-03,8883
00642U,期元大S＆P石油,22,0,22,國泰-松江,2024-12-03,8883
3511,矽瑪,34,13,21,國泰-松江,2024-12-03,8883
2637,慧洋-KY,20,0,20,國泰-松江,2024-12-03,8883
6288,聯嘉,19,0,19,國泰-松江,2024-12-03,8883
8171,天宇,24,5,19,國泰-松江,2024-12-03,8883
00881,國泰台灣5G+,20,3,17,國泰-松江,2024-12-03,8883
00932,兆豐永續高息等權,17,0,17,國泰-松江,2024-12-03,8883
3189,景碩,16,1,15,國泰-松江,2024-12-03,8883
4953,緯軟,15,0,15,國泰-松江,2024-12-03,8883
2454,聯發科,17,2,15,國泰-松江,2024-12-03,8883
2845,遠東銀,15,1,14,國泰-松江,2024-12-03,8883
2347,聯強,14,0,14,國泰-松江,2024-12-03,8883
3122,笙泉,32,18,14,國泰-松江,2024-12-03,8883
4968,立積,17,4,13,國泰-松江,2024-12-03,8883
8085,福華,14,1,13,國泰-松江,2024-12-03,8883
5481,新華,32,19,13,國泰-松江,2024-12-03,8883
006208,富邦台50,30,17,13,國泰-松江,2024-12-03,8883
00946,群益科技高息成長,13,0,13,國泰-松江,2024-12-03,8883
2855,統一證,12,0,12,國泰-松江,2024-12-03,8883
1709,和益,12,0,12,國泰-松江,2024-12-03,8883
2615,萬海,29,17,12,國泰-松江,2024-12-03,8883
2504,國產,12,0,12,國泰-松江,2024-12-03,8883
2382,廣達,17,6,11,國泰-松江,2024-12-03,8883
4958,臻鼎-KY,12,1,11,國泰-松江,2024-12-03,8883
5225,東科-KY,11,0,11,國泰-松江,2024-12-03,8883
00918,大華優利高填息30,1723,20,1703,國泰-松江,2024-12-04,8883
00642U,期元大S＆P石油,503,7,496,國泰-松江,2024-12-04,8883
00937B,群益ESG投等債20,423,58,365,國泰-松江,2024-12-04,8883
00679B,元大美債20年,343,47,296,國泰-松江,2024-12-04,8883
00953B,群益優選非投等債,291,0,291,國泰-松江,2024-12-04,8883
2884,玉山金,140,3,137,國泰-松江,2024-12-04,8883
3211,順達,213,78,135,國泰-松江,2024-12-04,8883
5328,華容,219,95,124,國泰-松江,2024-12-04,8883
8111,立��,135,18,117,國泰-松江,2024-12-04,8883
00933B,國泰10Y+金融債,132,22,110,國泰-松江,2024-12-04,8883
3706,神達,318,231,87,國泰-松江,2024-12-04,8883
00878,國泰永續高股息,99,12,87,國泰-松江,2024-12-04,8883
00673R,期元大S＆P原油反1,82,0,82,國泰-松江,2024-12-04,8883
0056,元大高股息,88,10,78,國泰-松江,2024-12-04,8883
3005,神基,67,7,60,國泰-松江,2024-12-04,8883
00680L,元大美債20正2,66,14,52,國泰-松江,2024-12-04,8883
3363,上詮,50,0,50,國泰-松江,2024-12-04,8883
2845,遠東銀,52,3,49,國泰-松江,2024-12-04,8883
00945B,凱基美國非投等債,59,10,49,國泰-松江,2024-12-04,8883
9105,泰金寶-DR,132,89,43,國泰-松江,2024-12-04,8883
3045,台灣大,43,1,42,國泰-松江,2024-12-04,8883
3702,大聯大,41,0,41,國泰-松江,2024-12-04,8883
5309,系統電,92,58,34,國泰-松江,2024-12-04,8883
9934,成霖,33,0,33,國泰-松江,2024-12-04,8883
2374,佳能,32,0,32,國泰-松江,2024-12-04,8883
1301,台塑,39,7,32,國泰-松江,2024-12-04,8883
5531,鄉林,30,0,30,國泰-松江,2024-12-04,8883
2303,聯電,39,9,30,國泰-松江,2024-12-04,8883
2371,大同,42,14,28,國泰-松江,2024-12-04,8883
1307,三芳,27,0,27,國泰-松江,2024-12-04,8883
1605,華新,27,0,27,國泰-松江,2024-12-04,8883
2344,華邦電,30,3,27,國泰-松江,2024-12-04,8883
8086,宏捷科,33,7,26,國泰-松江,2024-12-04,8883
2392,正崴,41,15,26,國泰-松江,2024-12-04,8883
00719B,元大美債1-3,25,0,25,國泰-松江,2024-12-04,8883
00662,富邦NASDAQ,23,0,23,國泰-松江,2024-12-04,8883
00948B,中信優息投資級債,21,0,21,國泰-松江,2024-12-04,8883
1611,中電,20,0,20,國泰-松江,2024-12-04,8883
5324,士開,20,0,20,國泰-松江,2024-12-04,8883
00915,凱基優選高股息30,21,1,20,國泰-松江,2024-12-04,8883
00712,復華富時不動產,32,13,19,國泰-松江,2024-12-04,8883
2887,台新金,22,6,16,國泰-松江,2024-12-04,8883
00713,元大台灣高息低波,19,3,16,國泰-松江,2024-12-04,8883
2605,新興,15,0,15,國泰-松江,2024-12-04,8883
4137,麗豐-KY,15,0,15,國泰-松江,2024-12-04,8883
1785,光洋科,18,3,15,國泰-松江,2024-12-04,8883
2367,燿華,15,1,14,國泰-松江,2024-12-04,8883
6451,訊芯-KY,21,7,14,國泰-松江,2024-12-04,8883
9938,百和,22,8,14,國泰-松江,2024-12-04,8883
1522,堤維西,16,3,13,國泰-松江,2024-12-04,8883
00918,大華優利高填息30,484,3,481,國泰-松江,2024-12-05,8883
5225,東科-KY,328,11,317,國泰-松江,2024-12-05,8883
2317,鴻海,179,37,142,國泰-松江,2024-12-05,8883
00687B,國泰20年美債,218,110,108,國泰-松江,2024-12-05,8883
1815,富喬,298,192,106,國泰-松江,2024-12-05,8883
00713,元大台灣高息低波,102,23,79,國泰-松江,2024-12-05,8883
00715L,期街口布蘭特正2,82,5,77,國泰-松江,2024-12-05,8883
5328,華容,110,44,66,國泰-松江,2024-12-05,8883
3211,順達,245,187,58,國泰-松江,2024-12-05,8883
5244,弘凱,114,56,58,國泰-松江,2024-12-05,8883
00915,凱基優選高股息30,57,0,57,國泰-松江,2024-12-05,8883
3450,聯鈞,166,110,56,國泰-松江,2024-12-05,8883
6138,茂達,51,1,50,國泰-松江,2024-12-05,8883
6182,合晶,50,0,50,國泰-松江,2024-12-05,8883
2809,京城銀,48,0,48,國泰-松江,2024-12-05,8883
00662,富邦NASDAQ,47,0,47,國泰-松江,2024-12-05,8883
00664R,國泰臺灣加權反1,45,0,45,國泰-松江,2024-12-05,8883
00878,國泰永續高股息,72,32,40,國泰-松江,2024-12-05,8883
4908,前鼎,74,35,39,國泰-松江,2024-12-05,8883
8042,金山電,45,6,39,國泰-松江,2024-12-05,8883
2637,慧洋-KY,37,1,36,國泰-松江,2024-12-05,8883
00895,富邦未來車,39,3,36,國泰-松江,2024-12-05,8883
4303,信立,66,31,35,國泰-松江,2024-12-05,8883
2392,正崴,76,42,34,國泰-松江,2024-12-05,8883
6426,統新,40,6,34,國泰-松江,2024-12-05,8883
3167,大量,48,14,34,國泰-松江,2024-12-05,8883
4931,新盛力,86,53,33,國泰-松江,2024-12-05,8883
2303,聯電,35,3,32,國泰-松江,2024-12-05,8883
00919,群益台灣精選高息,138,107,31,國泰-松江,2024-12-05,8883
3323,加百裕,153,124,29,國泰-松江,2024-12-05,8883
5213,亞昕,34,6,28,國泰-松江,2024-12-05,8883
2375,凱美,146,118,28,國泰-松江,2024-12-05,8883
00642U,期元大S＆P石油,27,0,27,國泰-松江,2024-12-05,8883
6558,興能高,91,64,27,國泰-松江,2024-12-05,8883
6244,茂迪,73,47,26,國泰-松江,2024-12-05,8883
2371,大同,38,13,25,國泰-松江,2024-12-05,8883
00753L,中信中國50正2,44,21,23,國泰-松江,2024-12-05,8883
2476,鉅祥,27,5,22,國泰-松江,2024-12-05,8883
3149,正達,24,2,22,國泰-松江,2024-12-05,8883
6127,九豪,55,34,21,國泰-松江,2024-12-05,8883
5324,士開,21,0,21,國泰-松江,2024-12-05,8883
3078,僑威,22,1,21,國泰-松江,2024-12-05,8883
00953B,群益優選非投等債,21,0,21,國泰-松江,2024-12-05,8883
1301,台塑,24,3,21,國泰-松江,2024-12-05,8883
00646,元大S＆P500,22,1,21,國泰-松江,2024-12-05,8883
1304,台聚,20,0,20,國泰-松江,2024-12-05,8883
00719B,元大美債1-3,20,0,20,國泰-松江,2024-12-05,8883
3015,全漢,25,6,19,國泰-松江,2024-12-05,8883
2609,陽明,24,5,19,國泰-松江,2024-12-05,8883
1303,南亞,23,4,19,國泰-松江,2024-12-05,8883
00919,群益台灣精選高息,654,248,406,國泰-松江,2024-12-06,8883
3047,訊舟,250,7,243,國泰-松江,2024-12-06,8883
2374,佳能,202,3,199,國泰-松江,2024-12-06,8883
00953B,群益優選非投等債,173,0,173,國泰-松江,2024-12-06,8883
2371,大同,128,5,123,國泰-松江,2024-12-06,8883
2354,鴻準,333,233,100,國泰-松江,2024-12-06,8883
00713,元大台灣高息低波,111,34,77,國泰-松江,2024-12-06,8883
1605,華新,78,4,74,國泰-松江,2024-12-06,8883
4919,新唐,79,10,69,國泰-松江,2024-12-06,8883
5225,東科-KY,69,4,65,國泰-松江,2024-12-06,8883
00715L,期街口布蘭特正2,69,5,64,國泰-松江,2024-12-06,8883
00719B,元大美債1-3,62,0,62,國泰-松江,2024-12-06,8883
00933B,國泰10Y+金融債,58,2,56,國泰-松江,2024-12-06,8883
00909,國泰數位支付服務,68,13,55,國泰-松江,2024-12-06,8883
00673R,期元大S＆P原油反1,69,15,54,國泰-松江,2024-12-06,8883
00639,富邦深100,50,1,49,國泰-松江,2024-12-06,8883
1595,川寶,52,6,46,國泰-松江,2024-12-06,8883
3706,神達,388,343,45,國泰-松江,2024-12-06,8883
00918,大華優利高填息30,45,3,42,國泰-松江,2024-12-06,8883
6757,台灣虎航,47,7,40,國泰-松江,2024-12-06,8883
2527,宏璟,40,0,40,國泰-松江,2024-12-06,8883
00751B,元大AAA至A公司債,41,2,39,國泰-松江,2024-12-06,8883
00951,台新日本半導體,36,0,36,國泰-松江,2024-12-06,8883
6214,精誠,62,27,35,國泰-松江,2024-12-06,8883
2888,新光金,37,5,32,國泰-松江,2024-12-06,8883
8171,天宇,36,4,32,國泰-松江,2024-12-06,8883
00915,凱基優選高股息30,34,2,32,國泰-松江,2024-12-06,8883
006206,元大上證50,30,0,30,國泰-松江,2024-12-06,8883
00700,富邦�琤肭磪�,30,0,30,國泰-松江,2024-12-06,8883
6937,天虹,33,3,30,國泰-松江,2024-12-06,8883
3323,加百裕,37,10,27,國泰-松江,2024-12-06,8883
00642U,期元大S＆P石油,23,0,23,國泰-松江,2024-12-06,8883
3548,兆利,28,9,19,國泰-松江,2024-12-06,8883
8069,元太,23,5,18,國泰-松江,2024-12-06,8883
2405,輔信,41,23,18,國泰-松江,2024-12-06,8883
00900,富邦特選高股息30,22,4,18,國泰-松江,2024-12-06,8883
6598,ABC-KY,17,0,17,國泰-松江,2024-12-06,8883
2337,旺宏,42,26,16,國泰-松江,2024-12-06,8883
3511,矽瑪,17,1,16,國泰-松江,2024-12-06,8883
3704,合勤控,51,35,16,國泰-松江,2024-12-06,8883
3081,聯亞,16,0,16,國泰-松江,2024-12-06,8883
00670L,富邦NASDAQ正2,15,0,15,國泰-松江,2024-12-06,8883
00664R,國泰臺灣加權反1,15,0,15,國泰-松江,2024-12-06,8883
3520,華盈,15,0,15,國泰-松江,2024-12-06,8883
5309,系統電,31,16,15,國泰-松江,2024-12-06,8883
4402,郡都開發,14,0,14,國泰-松江,2024-12-06,8883
1301,台塑,21,8,13,國泰-松江,2024-12-06,8883
2453,凌群,41,28,13,國泰-松江,2024-12-06,8883
5519,隆大,13,0,13,國泰-松江,2024-12-06,8883
00932,兆豐永續高息等權,15,3,12,國泰-松江,2024-12-06,8883
00688L,國泰20年美債正2,111,0,111,國泰-松江,2024-12-09,8883
2317,鴻海,83,15,68,國泰-松江,2024-12-09,8883
00915,凱基優選高股息30,71,4,67,國泰-松江,2024-12-09,8883
00713,元大台灣高息低波,77,11,66,國泰-松江,2024-12-09,8883
00951,台新日本半導體,66,0,66,國泰-松江,2024-12-09,8883
2615,萬海,110,46,64,國泰-松江,2024-12-09,8883
00937B,群益ESG投等債20,131,72,59,國泰-松江,2024-12-09,8883
4147,中裕,65,18,47,國泰-松江,2024-12-09,8883
00918,大華優利高填息30,46,1,45,國泰-松江,2024-12-09,8883
6937,天虹,155,111,44,國泰-松江,2024-12-09,8883
3025,星通,64,25,39,國泰-松江,2024-12-09,8883
2891,中信金,64,25,39,國泰-松江,2024-12-09,8883
2354,鴻準,124,89,35,國泰-松江,2024-12-09,8883
2303,聯電,54,19,35,國泰-松江,2024-12-09,8883
2324,仁寶,77,41,36,國泰-松江,2024-12-09,8883
0056,元大高股息,101,67,34,國泰-松江,2024-12-09,8883
2332,友訊,38,4,34,國泰-松江,2024-12-09,8883
5457,宣德,32,0,32,國泰-松江,2024-12-09,8883
00919,群益台灣精選高息,57,26,31,國泰-松江,2024-12-09,8883
3481,群創,36,6,30,國泰-松江,2024-12-09,8883
2371,大同,45,16,29,國泰-松江,2024-12-09,8883
1708,東鹼,32,5,27,國泰-松江,2024-12-09,8883
2402,毅嘉,26,0,26,國泰-松江,2024-12-09,8883
4402,郡都開發,25,0,25,國泰-松江,2024-12-09,8883
8028,昇陽半導體,25,2,23,國泰-松江,2024-12-09,8883
6244,茂迪,23,0,23,國泰-松江,2024-12-09,8883
8171,天宇,23,1,22,國泰-松江,2024-12-09,8883
2399,映泰,133,112,21,國泰-松江,2024-12-09,8883
8042,金山電,57,36,21,國泰-松江,2024-12-09,8883
1611,中電,21,0,21,國泰-松江,2024-12-09,8883
6133,金橋,20,0,20,國泰-松江,2024-12-09,8883
2449,京元電子,20,0,20,國泰-松江,2024-12-09,8883
5225,東科-KY,20,1,19,國泰-松江,2024-12-09,8883
00719B,元大美債1-3,20,2,18,國泰-松江,2024-12-09,8883
2474,可成,19,1,18,國泰-松江,2024-12-09,8883
1304,台聚,17,0,17,國泰-松江,2024-12-09,8883
3231,緯創,26,9,17,國泰-松江,2024-12-09,8883
00962,台新AI優息動能,17,0,17,國泰-松江,2024-12-09,8883
1802,台玻,18,1,17,國泰-松江,2024-12-09,8883
2374,佳能,19,2,17,國泰-松江,2024-12-09,8883
5244,弘凱,31,16,15,國泰-松江,2024-12-09,8883
2881,富邦金,15,0,15,國泰-松江,2024-12-09,8883
2486,一詮,17,3,14,國泰-松江,2024-12-09,8883
00715L,期街口布蘭特正2,39,25,14,國泰-松江,2024-12-09,8883
3211,順達,32,18,14,國泰-松江,2024-12-09,8883
3062,建漢,15,1,14,國泰-松江,2024-12-09,8883
6104,創惟,13,1,12,國泰-松江,2024-12-09,8883
6462,神盾,34,22,12,國泰-松江,2024-12-09,8883
2489,瑞軒,13,1,12,國泰-松江,2024-12-09,8883
00930,永豐ESG低碳高息,24,12,12,國泰-松江,2024-12-09,8883
00919,群益台灣精選高息,379,9,370,國泰-松江,2024-12-10,8883
00945B,凱基美國非投等債,201,0,201,國泰-松江,2024-12-10,8883
00680L,元大美債20正2,218,18,200,國泰-松江,2024-12-10,8883
2317,鴻海,161,7,154,國泰-松江,2024-12-10,8883
00918,大華優利高填息30,150,20,130,國泰-松江,2024-12-10,8883
00937B,群益ESG投等債20,163,35,128,國泰-松江,2024-12-10,8883
2609,陽明,182,71,111,國泰-松江,2024-12-10,8883
3706,神達,384,275,109,國泰-松江,2024-12-10,8883
0056,元大高股息,218,111,107,國泰-松江,2024-12-10,8883
00878,國泰永續高股息,139,41,98,國泰-松江,2024-12-10,8883
1802,台玻,112,21,91,國泰-松江,2024-12-10,8883
2618,長榮航,143,55,88,國泰-松江,2024-12-10,8883
00700,富邦�琤肭磪�,83,0,83,國泰-松江,2024-12-10,8883
1815,富喬,178,101,77,國泰-松江,2024-12-10,8883
2405,輔信,71,1,70,國泰-松江,2024-12-10,8883
2888,新光金,76,11,65,國泰-松江,2024-12-10,8883
2547,日勝生,65,0,65,國泰-松江,2024-12-10,8883
00673R,期元大S＆P原油反1,48,0,48,國泰-松江,2024-12-10,8883
00926,凱基全球菁英55,47,0,47,國泰-松江,2024-12-10,8883
00887,永豐中國科技50大,58,20,38,國泰-松江,2024-12-10,8883
3019,亞光,95,57,38,國泰-松江,2024-12-10,8883
00959B,大華投等美債15Y+,37,0,37,國泰-松江,2024-12-10,8883
3481,群創,37,2,35,國泰-松江,2024-12-10,8883
1449,佳和,48,13,35,國泰-松江,2024-12-10,8883
00915,凱基優選高股息30,42,10,32,國泰-松江,2024-12-10,8883
3625,西勝,34,2,32,國泰-松江,2024-12-10,8883
3702,大聯大,30,0,30,國泰-松江,2024-12-10,8883
006206,元大上證50,30,0,30,國泰-松江,2024-12-10,8883
2449,京元電子,28,1,27,國泰-松江,2024-12-10,8883
00720B,元大投資級公司債,30,4,26,國泰-松江,2024-12-10,8883
00679B,元大美債20年,44,18,26,國泰-松江,2024-12-10,8883
00965,元大航太防衛科技,22,0,22,國泰-松江,2024-12-10,8883
8171,天宇,22,0,22,國泰-松江,2024-12-10,8883
3511,矽瑪,22,0,22,國泰-松江,2024-12-10,8883
2399,映泰,29,8,21,國泰-松江,2024-12-10,8883
4991,環宇-KY,32,11,21,國泰-松江,2024-12-10,8883
2337,旺宏,20,0,20,國泰-松江,2024-12-10,8883
5426,振發,23,3,20,國泰-松江,2024-12-10,8883
00637L,元大滬深300正2,116,96,20,國泰-松江,2024-12-10,8883
2363,矽統,108,89,19,國泰-松江,2024-12-10,8883
3024,憶聲,20,2,18,國泰-松江,2024-12-10,8883
2476,鉅祥,21,4,17,國泰-松江,2024-12-10,8883
2353,宏��,22,6,16,國泰-松江,2024-12-10,8883
00933B,國泰10Y+金融債,16,0,16,國泰-松江,2024-12-10,8883
1513,中興電,16,1,15,國泰-松江,2024-12-10,8883
3062,建漢,30,15,15,國泰-松江,2024-12-10,8883
00687B,國泰20年美債,29,14,15,國泰-松江,2024-12-10,8883
00713,元大台灣高息低波,25,11,14,國泰-松江,2024-12-10,8883
1326,台化,18,4,14,國泰-松江,2024-12-10,8883
3017,奇鋐,19,6,13,國泰-松江,2024-12-10,8883
00637L,元大滬深300正2,278,50,228,國泰-松江,2024-12-11,8883
00919,群益台灣精選高息,219,22,197,國泰-松江,2024-12-11,8883
2317,鴻海,209,42,167,國泰-松江,2024-12-11,8883
00878,國泰永續高股息,205,62,143,國泰-松江,2024-12-11,8883
00918,大華優利高填息30,140,4,136,國泰-松江,2024-12-11,8883
0056,元大高股息,193,88,105,國泰-松江,2024-12-11,8883
00915,凱基優選高股息30,89,0,89,國泰-松江,2024-12-11,8883
00951,台新日本半導體,81,1,80,國泰-松江,2024-12-11,8883
00937B,群益ESG投等債20,135,60,75,國泰-松江,2024-12-11,8883
00679B,元大美債20年,105,32,73,國泰-松江,2024-12-11,8883
00881,國泰台灣5G+,61,1,60,國泰-松江,2024-12-11,8883
00673R,期元大S＆P原油反1,57,0,57,國泰-松江,2024-12-11,8883
00713,元大台灣高息低波,58,3,55,國泰-松江,2024-12-11,8883
00687B,國泰20年美債,168,114,54,國泰-松江,2024-12-11,8883
00753L,中信中國50正2,52,1,51,國泰-松江,2024-12-11,8883
1708,東鹼,46,0,46,國泰-松江,2024-12-11,8883
2344,華邦電,76,35,41,國泰-松江,2024-12-11,8883
6770,力積電,50,9,41,國泰-松江,2024-12-11,8883
00719B,元大美債1-3,40,0,40,國泰-松江,2024-12-11,8883
2534,宏盛,40,0,40,國泰-松江,2024-12-11,8883
2330,台積電,47,10,37,國泰-松江,2024-12-11,8883
00945B,凱基美國非投等債,54,20,34,國泰-松江,2024-12-11,8883
00922,國泰台灣領袖50,43,13,30,國泰-松江,2024-12-11,8883
1605,華新,29,0,29,國泰-松江,2024-12-11,8883
2609,陽明,80,52,28,國泰-松江,2024-12-11,8883
2634,漢翔,30,2,28,國泰-松江,2024-12-11,8883
2618,長榮航,43,17,26,國泰-松江,2024-12-11,8883
3231,緯創,39,14,25,國泰-松江,2024-12-11,8883
3712,永崴投控,22,0,22,國泰-松江,2024-12-11,8883
006208,富邦台50,24,3,21,國泰-松江,2024-12-11,8883
6695,芯鼎,69,49,20,國泰-松江,2024-12-11,8883
2303,聯電,19,0,19,國泰-松江,2024-12-11,8883
5213,亞昕,18,0,18,國泰-松江,2024-12-11,8883
2382,廣達,44,27,17,國泰-松江,2024-12-11,8883
00959B,大華投等美債15Y+,17,0,17,國泰-松江,2024-12-11,8883
1447,力鵬,16,0,16,國泰-松江,2024-12-11,8883
2610,華航,46,30,16,國泰-松江,2024-12-11,8883
6244,茂迪,15,1,14,國泰-松江,2024-12-11,8883
2449,京元電子,17,3,14,國泰-松江,2024-12-11,8883
2637,慧洋-KY,14,0,14,國泰-松江,2024-12-11,8883
00775B,新光投等債15+,14,0,14,國泰-松江,2024-12-11,8883
1540,喬福,21,7,14,國泰-松江,2024-12-11,8883
6443,元晶,14,1,13,國泰-松江,2024-12-11,8883
6547,高端疫苗,14,1,13,國泰-松江,2024-12-11,8883
6757,台灣虎航,13,0,13,國泰-松江,2024-12-11,8883
5907,大洋-KY,14,1,13,國泰-松江,2024-12-11,8883
3673,TPK-KY,13,0,13,國泰-松江,2024-12-11,8883
00795B,中信美國公債20年,13,0,13,國泰-松江,2024-12-11,8883
2887,台新金,13,1,12,國泰-松江,2024-12-11,8883
6104,創惟,13,0,13,國泰-松江,2024-12-11,8883
00937B,群益ESG投等債20,242,10,232,國泰-松江,2024-12-12,8883
00712,復華富時不動產,213,2,211,國泰-松江,2024-12-12,8883
00687B,國泰20年美債,362,165,197,國泰-松江,2024-12-12,8883
00945B,凱基美國非投等債,112,20,92,國泰-松江,2024-12-12,8883
00713,元大台灣高息低波,91,1,90,國泰-松江,2024-12-12,8883
00680L,元大美債20正2,86,5,81,國泰-松江,2024-12-12,8883
00679B,元大美債20年,177,104,73,國泰-松江,2024-12-12,8883
2317,鴻海,96,31,65,國泰-松江,2024-12-12,8883
00673R,期元大S＆P原油反1,72,10,62,國泰-松江,2024-12-12,8883
00878,國泰永續高股息,75,18,57,國泰-松江,2024-12-12,8883
00933B,國泰10Y+金融債,75,21,54,國泰-松江,2024-12-12,8883
00919,群益台灣精選高息,63,9,54,國泰-松江,2024-12-12,8883
00918,大華優利高填息30,60,10,50,國泰-松江,2024-12-12,8883
00885,富邦越南,50,0,50,國泰-松江,2024-12-12,8883
2527,宏璟,50,0,50,國泰-松江,2024-12-12,8883
2303,聯電,73,24,49,國泰-松江,2024-12-12,8883
9105,泰金寶-DR,349,306,43,國泰-松江,2024-12-12,8883
00632R,元大台灣50反1,89,48,41,國泰-松江,2024-12-12,8883
00719B,元大美債1-3,40,0,40,國泰-松江,2024-12-12,8883
2354,鴻準,64,28,36,國泰-松江,2024-12-12,8883
1301,台塑,34,1,33,國泰-松江,2024-12-12,8883
00960,野村全球航運龍頭,32,0,32,國泰-松江,2024-12-12,8883
2312,金寶,39,7,32,國泰-松江,2024-12-12,8883
1708,東鹼,32,0,32,國泰-松江,2024-12-12,8883
2618,長榮航,42,10,32,國泰-松江,2024-12-12,8883
3029,零壹,56,26,30,國泰-松江,2024-12-12,8883
5324,士開,30,0,30,國泰-松江,2024-12-12,8883
1524,耿鼎,66,37,29,國泰-松江,2024-12-12,8883
00720B,元大投資級公司債,28,0,28,國泰-松江,2024-12-12,8883
2834,臺企銀,31,5,26,國泰-松江,2024-12-12,8883
2371,大同,25,0,25,國泰-松江,2024-12-12,8883
3090,日電貿,31,7,24,國泰-松江,2024-12-12,8883
2344,華邦電,56,34,22,國泰-松江,2024-12-12,8883
2609,陽明,79,57,22,國泰-松江,2024-12-12,8883
00637L,元大滬深300正2,75,56,19,國泰-松江,2024-12-12,8883
2313,華通,100,82,18,國泰-松江,2024-12-12,8883
00665L,富邦�琤肭磪囓�2,29,11,18,國泰-松江,2024-12-12,8883
2002,中鋼,22,4,18,國泰-松江,2024-12-12,8883
00905,FT臺灣Smart,16,0,16,國泰-松江,2024-12-12,8883
6505,台塑化,15,0,15,國泰-松江,2024-12-12,8883
3013,晟銘電,43,28,15,國泰-松江,2024-12-12,8883
00915,凱基優選高股息30,25,10,15,國泰-松江,2024-12-12,8883
2476,鉅祥,16,1,15,國泰-松江,2024-12-12,8883
3379,彬台,15,0,15,國泰-松江,2024-12-12,8883
1303,南亞,16,1,15,國泰-松江,2024-12-12,8883
5309,系統電,17,3,14,國泰-松江,2024-12-12,8883
4306,炎洲,17,3,14,國泰-松江,2024-12-12,8883
00646,元大S＆P500,15,1,14,國泰-松江,2024-12-12,8883
1304,台聚,13,1,12,國泰-松江,2024-12-12,8883
2809,京城銀,12,0,12,國泰-松江,2024-12-12,8883
00937B,群益ESG投等債20,500,38,462,國泰-松江,2024-12-13,8883
00918,大華優利高填息30,230,2,228,國泰-松江,2024-12-13,8883
00919,群益台灣精選高息,225,10,215,國泰-松江,2024-12-13,8883
00915,凱基優選高股息30,150,6,144,國泰-松江,2024-12-13,8883
0056,元大高股息,141,7,134,國泰-松江,2024-12-13,8883
00679B,元大美債20年,117,7,110,國泰-松江,2024-12-13,8883
2317,鴻海,121,23,98,國泰-松江,2024-12-13,8883
00687B,國泰20年美債,94,12,82,國泰-松江,2024-12-13,8883
00764B,群益25年美債,80,2,78,國泰-松江,2024-12-13,8883
00933B,國泰10Y+金融債,98,33,65,國泰-松江,2024-12-13,8883
3706,神達,141,82,59,國泰-松江,2024-12-13,8883
00713,元大台灣高息低波,75,20,55,國泰-松江,2024-12-13,8883
00953B,群益優選非投等債,54,0,54,國泰-松江,2024-12-13,8883
00680L,元大美債20正2,69,18,51,國泰-松江,2024-12-13,8883
9933,中鼎,50,0,50,國泰-松江,2024-12-13,8883
5278,尚凡*,46,0,46,國泰-松江,2024-12-13,8883
00926,凱基全球菁英55,43,0,43,國泰-松江,2024-12-13,8883
3231,緯創,46,4,42,國泰-松江,2024-12-13,8883
2374,佳能,46,6,40,國泰-松江,2024-12-13,8883
2371,大同,63,24,39,國泰-松江,2024-12-13,8883
00670L,富邦NASDAQ正2,37,0,37,國泰-松江,2024-12-13,8883
2313,華通,64,27,37,國泰-松江,2024-12-13,8883
2809,京城銀,36,0,36,國泰-松江,2024-12-13,8883
2884,玉山金,37,6,31,國泰-松江,2024-12-13,8883
3443,創意,39,9,30,國泰-松江,2024-12-13,8883
2409,友達,31,2,29,國泰-松江,2024-12-13,8883
00948B,中信優息投資級債,31,5,26,國泰-松江,2024-12-13,8883
3591,艾笛森,26,0,26,國泰-松江,2024-12-13,8883
3037,欣興,30,5,25,國泰-松江,2024-12-13,8883
00878,國泰永續高股息,88,63,25,國泰-松江,2024-12-13,8883
00665L,富邦�琤肭磪囓�2,25,0,25,國泰-松江,2024-12-13,8883
2330,台積電,42,18,24,國泰-松江,2024-12-13,8883
6234,高僑,24,0,24,國泰-松江,2024-12-13,8883
00882,中信中國高股息,45,22,23,國泰-松江,2024-12-13,8883
00924,復華S＆P500成長,23,0,23,國泰-松江,2024-12-13,8883
6116,彩晶,22,0,22,國泰-松江,2024-12-13,8883
00968B,元大優息投等債,22,0,22,國泰-松江,2024-12-13,8883
1326,台化,52,31,21,國泰-松江,2024-12-13,8883
1569,濱川,22,2,20,國泰-松江,2024-12-13,8883
5324,士開,20,0,20,國泰-松江,2024-12-13,8883
6752,叡揚,21,1,20,國泰-松江,2024-12-13,8883
4721,美琪瑪,19,0,19,國泰-松江,2024-12-13,8883
2486,一詮,23,4,19,國泰-松江,2024-12-13,8883
4991,環宇-KY,51,33,18,國泰-松江,2024-12-13,8883
2027,大成鋼,18,0,18,國泰-松江,2024-12-13,8883
6901,鑽石投資,17,0,17,國泰-松江,2024-12-13,8883
5284,jpp-KY,24,7,17,國泰-松江,2024-12-13,8883
00635U,期元大S＆P黃金,17,0,17,國泰-松江,2024-12-13,8883
1101,台泥,16,0,16,國泰-松江,2024-12-13,8883
2301,光寶科,16,1,15,國泰-松江,2024-12-13,8883
2618,長榮航,441,5,436,國泰-松江,2024-12-16,8883
00918,大華優利高填息30,416,10,406,國泰-松江,2024-12-16,8883
0056,元大高股息,339,9,330,國泰-松江,2024-12-16,8883
00937B,群益ESG投等債20,350,28,322,國泰-松江,2024-12-16,8883
00687B,國泰20年美債,269,30,239,國泰-松江,2024-12-16,8883
2374,佳能,289,101,188,國泰-松江,2024-12-16,8883
3706,神達,308,135,173,國泰-松江,2024-12-16,8883
00679B,元大美債20年,139,9,130,國泰-松江,2024-12-16,8883
00878,國泰永續高股息,150,37,113,國泰-松江,2024-12-16,8883
00968B,元大優息投等債,108,0,108,國泰-松江,2024-12-16,8883
00945B,凱基美國非投等債,125,20,105,國泰-松江,2024-12-16,8883
00948B,中信優息投資級債,78,1,77,國泰-松江,2024-12-16,8883
5324,士開,65,0,65,國泰-松江,2024-12-16,8883
9933,中鼎,50,0,50,國泰-松江,2024-12-16,8883
1815,富喬,101,52,49,國泰-松江,2024-12-16,8883
00751B,元大AAA至A公司債,51,3,48,國泰-松江,2024-12-16,8883
4540,全球傳動,100,60,40,國泰-松江,2024-12-16,8883
6138,茂達,40,0,40,國泰-松江,2024-12-16,8883
00919,群益台灣精選高息,165,127,38,國泰-松江,2024-12-16,8883
2891,中信金,55,20,35,國泰-松江,2024-12-16,8883
2609,陽明,173,139,34,國泰-松江,2024-12-16,8883
00719B,元大美債1-3,33,0,33,國泰-松江,2024-12-16,8883
00673R,期元大S＆P原油反1,33,0,33,國泰-松江,2024-12-16,8883
2382,廣達,46,13,33,國泰-松江,2024-12-16,8883
2486,一詮,44,11,33,國泰-松江,2024-12-16,8883
00933B,國泰10Y+金融債,42,11,31,國泰-松江,2024-12-16,8883
00680L,元大美債20正2,34,4,30,國泰-松江,2024-12-16,8883
3450,聯鈞,80,50,30,國泰-松江,2024-12-16,8883
2313,華通,63,35,28,國泰-松江,2024-12-16,8883
2615,萬海,45,17,28,國泰-松江,2024-12-16,8883
2607,榮運,27,0,27,國泰-松江,2024-12-16,8883
2317,鴻海,117,91,26,國泰-松江,2024-12-16,8883
4979,華星光,186,160,26,國泰-松江,2024-12-16,8883
1802,台玻,46,20,26,國泰-松江,2024-12-16,8883
2363,矽統,36,12,24,國泰-松江,2024-12-16,8883
6885,全福生技,25,1,24,國泰-松江,2024-12-16,8883
00946,群益科技高息成長,24,1,23,國泰-松江,2024-12-16,8883
00665L,富邦�琤肭磪囓�2,23,0,23,國泰-松江,2024-12-16,8883
00953B,群益優選非投等債,26,5,21,國泰-松江,2024-12-16,8883
00926,凱基全球菁英55,20,0,20,國泰-松江,2024-12-16,8883
8084,巨虹,21,1,20,國泰-松江,2024-12-16,8883
00688L,國泰20年美債正2,27,7,20,國泰-松江,2024-12-16,8883
1326,台化,34,14,20,國泰-松江,2024-12-16,8883
5009,榮剛,41,21,20,國泰-松江,2024-12-16,8883
2409,友達,19,0,19,國泰-松江,2024-12-16,8883
2633,台灣高鐵,21,2,19,國泰-松江,2024-12-16,8883
9105,泰金寶-DR,183,164,19,國泰-松江,2024-12-16,8883
2344,華邦電,51,33,18,國泰-松江,2024-12-16,8883
2884,玉山金,20,2,18,國泰-松江,2024-12-16,8883
00910,第一金太空衛星,17,0,17,國泰-松江,2024-12-16,8883
00713,元大台灣高息低波,512,0,512,國泰-松江,2024-12-17,8883
0056,元大高股息,352,31,321,國泰-松江,2024-12-17,8883
00687B,國泰20年美債,203,7,196,國泰-松江,2024-12-17,8883
00915,凱基優選高股息30,175,8,167,國泰-松江,2024-12-17,8883
2002,中鋼,168,3,165,國泰-松江,2024-12-17,8883
00918,大華優利高填息30,158,1,157,國泰-松江,2024-12-17,8883
9933,中鼎,103,1,102,國泰-松江,2024-12-17,8883
9945,潤泰新,102,2,100,國泰-松江,2024-12-17,8883
00753L,中信中國50正2,110,40,70,國泰-松江,2024-12-17,8883
00751B,元大AAA至A公司債,60,6,54,國泰-松江,2024-12-17,8883
00948B,中信優息投資級債,60,7,53,國泰-松江,2024-12-17,8883
00933B,國泰10Y+金融債,59,6,53,國泰-松江,2024-12-17,8883
5009,榮剛,111,62,49,國泰-松江,2024-12-17,8883
00665L,富邦�琤肭磪囓�2,57,10,47,國泰-松江,2024-12-17,8883
2382,廣達,59,13,46,國泰-松江,2024-12-17,8883
00679B,元大美債20年,50,5,45,國泰-松江,2024-12-17,8883
3443,創意,53,11,42,國泰-松江,2024-12-17,8883
2882,國泰金,39,1,38,國泰-松江,2024-12-17,8883
00795B,中信美國公債20年,37,1,36,國泰-松江,2024-12-17,8883
2891,中信金,52,17,35,國泰-松江,2024-12-17,8883
2409,友達,34,5,29,國泰-松江,2024-12-17,8883
8097,常珵,29,1,28,國泰-松江,2024-12-17,8883
8249,菱光,36,8,28,國泰-松江,2024-12-17,8883
8927,北基,28,0,28,國泰-松江,2024-12-17,8883
3339,泰谷,31,4,27,國泰-松江,2024-12-17,8883
00882,中信中國高股息,34,8,26,國泰-松江,2024-12-17,8883
2317,鴻海,65,40,25,國泰-松江,2024-12-17,8883
00937B,群益ESG投等債20,130,105,25,國泰-松江,2024-12-17,8883
2881,富邦金,28,4,24,國泰-松江,2024-12-17,8883
00688L,國泰20年美債正2,24,0,24,國泰-松江,2024-12-17,8883
2886,兆豐金,24,2,22,國泰-松江,2024-12-17,8883
1605,華新,23,1,22,國泰-松江,2024-12-17,8883
3211,順達,36,14,22,國泰-松江,2024-12-17,8883
00953B,群益優選非投等債,23,1,22,國泰-松江,2024-12-17,8883
5371,中光電,63,42,21,國泰-松江,2024-12-17,8883
2449,京元電子,77,57,20,國泰-松江,2024-12-17,8883
1815,富喬,52,32,20,國泰-松江,2024-12-17,8883
2486,一詮,36,16,20,國泰-松江,2024-12-17,8883
2618,長榮航,55,35,20,國泰-松江,2024-12-17,8883
3706,神達,147,127,20,國泰-松江,2024-12-17,8883
4540,全球傳動,37,18,19,國泰-松江,2024-12-17,8883
00770,國泰北美科技,20,1,19,國泰-松江,2024-12-17,8883
5426,振發,20,2,18,國泰-松江,2024-12-17,8883
00910,第一金太空衛星,17,0,17,國泰-松江,2024-12-17,8883
00720B,元大投資級公司債,27,10,17,國泰-松江,2024-12-17,8883
5324,士開,17,0,17,國泰-松江,2024-12-17,8883
8932,智通*,18,1,17,國泰-松江,2024-12-17,8883
00725B,國泰投資級公司債,18,2,16,國泰-松江,2024-12-17,8883
5213,亞昕,16,0,16,國泰-松江,2024-12-17,8883
00967B,元大優息美債,17,1,16,國泰-松江,2024-12-17,8883
00937B,群益ESG投等債20,273,93,180,國泰-松江,2024-12-18,8883
00918,大華優利高填息30,155,7,148,國泰-松江,2024-12-18,8883
4991,環宇-KY,162,18,144,國泰-松江,2024-12-18,8883
00948B,中信優息投資級債,109,20,89,國泰-松江,2024-12-18,8883
2374,佳能,188,104,84,國泰-松江,2024-12-18,8883
00712,復華富時不動產,67,0,67,國泰-松江,2024-12-18,8883
1708,東鹼,64,0,64,國泰-松江,2024-12-18,8883
2886,兆豐金,61,0,61,國泰-松江,2024-12-18,8883
5481,新華,60,0,60,國泰-松江,2024-12-18,8883
2891,中信金,86,31,55,國泰-松江,2024-12-18,8883
00688L,國泰20年美債正2,61,9,52,國泰-松江,2024-12-18,8883
00664R,國泰臺灣加權反1,50,0,50,國泰-松江,2024-12-18,8883
00713,元大台灣高息低波,64,14,50,國泰-松江,2024-12-18,8883
3041,揚智,107,59,48,國泰-松江,2024-12-18,8883
2317,鴻海,57,11,46,國泰-松江,2024-12-18,8883
2332,友訊,60,15,45,國泰-松江,2024-12-18,8883
2002,中鋼,46,1,45,國泰-松江,2024-12-18,8883
00687B,國泰20年美債,114,69,45,國泰-松江,2024-12-18,8883
2354,鴻準,50,10,40,國泰-松江,2024-12-18,8883
3017,奇鋐,48,18,30,國泰-松江,2024-12-18,8883
00933B,國泰10Y+金融債,30,1,29,國泰-松江,2024-12-18,8883
2486,一詮,35,8,27,國泰-松江,2024-12-18,8883
4906,正文,25,0,25,國泰-松江,2024-12-18,8883
2303,聯電,66,41,25,國泰-松江,2024-12-18,8883
00953B,群益優選非投等債,22,0,22,國泰-松江,2024-12-18,8883
3706,神達,321,300,21,國泰-松江,2024-12-18,8883
5905,南仁湖,21,0,21,國泰-松江,2024-12-18,8883
00959B,大華投等美債15Y+,20,0,20,國泰-松江,2024-12-18,8883
00706L,期元大S＆P日圓正2,20,0,20,國泰-松江,2024-12-18,8883
1314,中石化,22,2,20,國泰-松江,2024-12-18,8883
2382,廣達,19,1,18,國泰-松江,2024-12-18,8883
00926,凱基全球菁英55,18,0,18,國泰-松江,2024-12-18,8883
2520,冠德,21,3,18,國泰-松江,2024-12-18,8883
00757,統一FANG+,24,8,16,國泰-松江,2024-12-18,8883
3059,華晶科,37,21,16,國泰-松江,2024-12-18,8883
2454,聯發科,25,10,15,國泰-松江,2024-12-18,8883
00670L,富邦NASDAQ正2,15,0,15,國泰-松江,2024-12-18,8883
8171,天宇,15,0,15,國泰-松江,2024-12-18,8883
00728,第一金工業30,14,0,14,國泰-松江,2024-12-18,8883
5880,合庫金,15,2,13,國泰-松江,2024-12-18,8883
00878,國泰永續高股息,68,55,13,國泰-松江,2024-12-18,8883
00631L,元大台灣50正2,14,2,12,國泰-松江,2024-12-18,8883
00692,富邦公司治理,15,3,12,國泰-松江,2024-12-18,8883
2049,上銀,38,27,11,國泰-松江,2024-12-18,8883
00725B,國泰投資級公司債,12,0,12,國泰-松江,2024-12-18,8883
1785,光洋科,12,1,11,國泰-松江,2024-12-18,8883
2610,華航,16,5,11,國泰-松江,2024-12-18,8883
6695,芯鼎,11,0,11,國泰-松江,2024-12-18,8883
00945B,凱基美國非投等債,111,100,11,國泰-松江,2024-12-18,8883
5324,士開,11,0,11,國泰-松江,2024-12-18,8883
00937B,群益ESG投等債20,292,33,259,國泰-松江,2024-12-19,8883
00687B,國泰20年美債,409,208,201,國泰-松江,2024-12-19,8883
2618,長榮航,601,411,190,國泰-松江,2024-12-19,8883
00919,群益台灣精選高息,243,54,189,國泰-松江,2024-12-19,8883
00878,國泰永續高股息,216,34,182,國泰-松江,2024-12-19,8883
2374,佳能,321,165,156,國泰-松江,2024-12-19,8883
2882,國泰金,147,5,142,國泰-松江,2024-12-19,8883
00933B,國泰10Y+金融債,136,10,126,國泰-松江,2024-12-19,8883
9105,泰金寶-DR,538,429,109,國泰-松江,2024-12-19,8883
2062,橋椿,109,7,102,國泰-松江,2024-12-19,8883
00953B,群益優選非投等債,98,4,94,國泰-松江,2024-12-19,8883
4991,環宇-KY,155,62,93,國泰-松江,2024-12-19,8883
00713,元大台灣高息低波,91,3,88,國泰-松江,2024-12-19,8883
6209,今國光,127,40,87,國泰-松江,2024-12-19,8883
00915,凱基優選高股息30,78,1,77,國泰-松江,2024-12-19,8883
00712,復華富時不動產,80,7,73,國泰-松江,2024-12-19,8883
00885,富邦越南,60,0,60,國泰-松江,2024-12-19,8883
00670L,富邦NASDAQ正2,57,0,57,國泰-松江,2024-12-19,8883
2409,友達,56,0,56,國泰-松江,2024-12-19,8883
2881,富邦金,57,3,54,國泰-松江,2024-12-19,8883
00951,台新日本半導體,52,1,51,國泰-松江,2024-12-19,8883
2317,鴻海,75,33,42,國泰-松江,2024-12-19,8883
00922,國泰台灣領袖50,42,5,37,國泰-松江,2024-12-19,8883
00924,復華S＆P500成長,35,1,34,國泰-松江,2024-12-19,8883
0050,元大台灣50,37,5,32,國泰-松江,2024-12-19,8883
00632R,元大台灣50反1,242,210,32,國泰-松江,2024-12-19,8883
00720B,元大投資級公司債,31,0,31,國泰-松江,2024-12-19,8883
00631L,元大台灣50正2,36,6,30,國泰-松江,2024-12-19,8883
2208,台船,30,1,29,國泰-松江,2024-12-19,8883
2883,凱基金,39,12,27,國泰-松江,2024-12-19,8883
00757,統一FANG+,29,3,26,國泰-松江,2024-12-19,8883
00662,富邦NASDAQ,25,0,25,國泰-松江,2024-12-19,8883
00931B,統一美債20年,25,0,25,國泰-松江,2024-12-19,8883
2330,台積電,40,16,24,國泰-松江,2024-12-19,8883
006208,富邦台50,39,15,24,國泰-松江,2024-12-19,8883
00830,國泰費城半導體,41,17,24,國泰-松江,2024-12-19,8883
2609,陽明,42,19,23,國泰-松江,2024-12-19,8883
3231,緯創,31,8,23,國泰-松江,2024-12-19,8883
2886,兆豐金,23,1,22,國泰-松江,2024-12-19,8883
2891,中信金,26,5,21,國泰-松江,2024-12-19,8883
5880,合庫金,21,0,21,國泰-松江,2024-12-19,8883
1316,上曜,20,0,20,國泰-松江,2024-12-19,8883
3323,加百裕,47,27,20,國泰-松江,2024-12-19,8883
4402,郡都開發,20,0,20,國泰-松江,2024-12-19,8883
6609,瀧澤科,31,11,20,國泰-松江,2024-12-19,8883
00881,國泰台灣5G+,20,1,19,國泰-松江,2024-12-19,8883
1301,台塑,32,12,20,國泰-松江,2024-12-19,8883
1609,大亞,19,0,19,國泰-松江,2024-12-19,8883
00646,元大S＆P500,20,1,19,國泰-松江,2024-12-19,8883
2887,台新金,18,0,18,國泰-松江,2024-12-19,8883
