Ticker,Name,buy,sell,diff,Branch,Date,Branch_Code
1529,樂事綠能,131,53,78,國泰-台南,2023-01-03,8884
00679B,元大美債20年,73,10,63,國泰-台南,2023-01-03,8884
6118,建達,89,33,56,國泰-台南,2023-01-03,8884
6443,元晶,67,11,56,國泰-台南,2023-01-03,8884
00664R,國泰臺灣加權反1,135,80,55,國泰-台南,2023-01-03,8884
00878,國泰永續高股息,106,53,53,國泰-台南,2023-01-03,8884
00751B,元大AAA至A公司債,53,0,53,國泰-台南,2023-01-03,8884
6116,彩晶,50,3,47,國泰-台南,2023-01-03,8884
3006,晶豪科,48,4,44,國泰-台南,2023-01-03,8884
00772B,中信高評級公司債,38,0,38,國泰-台南,2023-01-03,8884
2317,鴻海,66,28,38,國泰-台南,2023-01-03,8884
0056,元大高股息,47,11,36,國泰-台南,2023-01-03,8884
2609,陽明,57,24,33,國泰-台南,2023-01-03,8884
00636,國泰中國A50,30,0,30,國泰-台南,2023-01-03,8884
00712,復華富時不動產,29,0,29,國泰-台南,2023-01-03,8884
00673R,期元大S＆P原油反1,23,2,21,國泰-台南,2023-01-03,8884
8222,寶一,33,13,20,國泰-台南,2023-01-03,8884
2867,三商壽,21,2,19,國泰-台南,2023-01-03,8884
00885,富邦越南,22,3,19,國泰-台南,2023-01-03,8884
00634R,富邦上証反1,32,13,19,國泰-台南,2023-01-03,8884
2886,兆豐金,35,16,19,國泰-台南,2023-01-03,8884
2352,佳世達,18,0,18,國泰-台南,2023-01-03,8884
1514,亞力,35,18,17,國泰-台南,2023-01-03,8884
4114,健喬,35,19,16,國泰-台南,2023-01-03,8884
2615,萬海,29,14,15,國泰-台南,2023-01-03,8884
1762,中化生,14,0,14,國泰-台南,2023-01-03,8884
5351,鈺創,48,35,13,國泰-台南,2023-01-03,8884
1342,八貫,38,25,13,國泰-台南,2023-01-03,8884
2887,台新金,23,10,13,國泰-台南,2023-01-03,8884
1605,華新,82,70,12,國泰-台南,2023-01-03,8884
3035,智原,23,11,12,國泰-台南,2023-01-03,8884
2890,永豐金,15,4,11,國泰-台南,2023-01-03,8884
3013,晟銘電,13,2,11,國泰-台南,2023-01-03,8884
1584,精剛,21,10,11,國泰-台南,2023-01-03,8884
6547,高端疫苗,31,21,10,國泰-台南,2023-01-03,8884
4113,聯上,10,0,10,國泰-台南,2023-01-03,8884
2892,第一金,22,12,10,國泰-台南,2023-01-03,8884
1101,台泥,16,6,10,國泰-台南,2023-01-03,8884
2412,中華電,23,13,10,國泰-台南,2023-01-03,8884
00893,國泰智能電動車,17,7,10,國泰-台南,2023-01-03,8884
00637L,元大滬深300正2,19,10,9,國泰-台南,2023-01-03,8884
3231,緯創,9,0,9,國泰-台南,2023-01-03,8884
00674R,期元大S＆P黃金反1,10,1,9,國泰-台南,2023-01-03,8884
2605,新興,10,1,9,國泰-台南,2023-01-03,8884
6112,邁達特,8,0,8,國泰-台南,2023-01-03,8884
2884,玉山金,20,13,7,國泰-台南,2023-01-03,8884
00916,國泰全球品牌50,7,0,7,國泰-台南,2023-01-03,8884
3693,營邦,7,0,7,國泰-台南,2023-01-03,8884
1417,嘉裕,19,12,7,國泰-台南,2023-01-03,8884
2006,東和鋼鐵,7,0,7,國泰-台南,2023-01-03,8884
2867,三商壽,210,0,210,國泰-台南,2023-01-04,8884
0056,元大高股息,150,13,137,國泰-台南,2023-01-04,8884
2618,長榮航,89,36,53,國泰-台南,2023-01-04,8884
2454,聯發科,55,14,41,國泰-台南,2023-01-04,8884
00902,中信電池及儲能,39,0,39,國泰-台南,2023-01-04,8884
2014,中鴻,47,11,36,國泰-台南,2023-01-04,8884
2884,玉山金,68,33,35,國泰-台南,2023-01-04,8884
00893,國泰智能電動車,35,4,31,國泰-台南,2023-01-04,8884
00664R,國泰臺灣加權反1,40,10,30,國泰-台南,2023-01-04,8884
2002,中鋼,42,15,27,國泰-台南,2023-01-04,8884
2317,鴻海,31,4,27,國泰-台南,2023-01-04,8884
00885,富邦越南,29,3,26,國泰-台南,2023-01-04,8884
2609,陽明,38,13,25,國泰-台南,2023-01-04,8884
2303,聯電,40,17,23,國泰-台南,2023-01-04,8884
3047,訊舟,75,53,22,國泰-台南,2023-01-04,8884
00757,統一FANG+,22,1,21,國泰-台南,2023-01-04,8884
00715L,期街口布蘭特正2,21,0,21,國泰-台南,2023-01-04,8884
2390,云辰,20,2,18,國泰-台南,2023-01-04,8884
6472,保瑞,33,15,18,國泰-台南,2023-01-04,8884
2615,萬海,41,24,17,國泰-台南,2023-01-04,8884
00680L,元大美債20正2,16,0,16,國泰-台南,2023-01-04,8884
1210,大成,15,0,15,國泰-台南,2023-01-04,8884
2465,麗臺,50,35,15,國泰-台南,2023-01-04,8884
3705,永信,15,1,14,國泰-台南,2023-01-04,8884
2468,華經,15,1,14,國泰-台南,2023-01-04,8884
3665,貿聯-KY,13,0,13,國泰-台南,2023-01-04,8884
3686,達能,14,1,13,國泰-台南,2023-01-04,8884
3545,敦泰,13,0,13,國泰-台南,2023-01-04,8884
00725B,國泰投資級公司債,12,0,12,國泰-台南,2023-01-04,8884
6235,華孚,50,38,12,國泰-台南,2023-01-04,8884
00772B,中信高評級公司債,12,0,12,國泰-台南,2023-01-04,8884
00773B,中信優先金融債,11,0,11,國泰-台南,2023-01-04,8884
1584,精剛,19,8,11,國泰-台南,2023-01-04,8884
3234,光環,10,0,10,國泰-台南,2023-01-04,8884
2017,官田鋼,10,0,10,國泰-台南,2023-01-04,8884
6164,華興,10,0,10,國泰-台南,2023-01-04,8884
9958,世紀鋼,11,1,10,國泰-台南,2023-01-04,8884
2886,兆豐金,23,13,10,國泰-台南,2023-01-04,8884
4743,合一,12,3,9,國泰-台南,2023-01-04,8884
00888,永豐台灣ESG,10,1,9,國泰-台南,2023-01-04,8884
4162,智擎,22,13,9,國泰-台南,2023-01-04,8884
2603,長榮,18,10,8,國泰-台南,2023-01-04,8884
9939,宏全,8,0,8,國泰-台南,2023-01-04,8884
2605,新興,10,2,8,國泰-台南,2023-01-04,8884
9962,有益,10,2,8,國泰-台南,2023-01-04,8884
3004,豐達科,13,5,8,國泰-台南,2023-01-04,8884
2353,宏��,8,0,8,國泰-台南,2023-01-04,8884
8046,南電,22,14,8,國泰-台南,2023-01-04,8884
1618,合機,13,6,7,國泰-台南,2023-01-04,8884
00634R,富邦上証反1,7,0,7,國泰-台南,2023-01-04,8884
1101,台泥,89,25,64,國泰-台南,2023-01-05,8884
2608,嘉里大榮,62,1,61,國泰-台南,2023-01-05,8884
1227,佳格,54,0,54,國泰-台南,2023-01-05,8884
00715L,期街口布蘭特正2,44,3,41,國泰-台南,2023-01-05,8884
6806,森崴能源,80,39,41,國泰-台南,2023-01-05,8884
2454,聯發科,88,49,39,國泰-台南,2023-01-05,8884
00713,元大台灣高息低波,34,0,34,國泰-台南,2023-01-05,8884
9103,美德醫療-DR,35,2,33,國泰-台南,2023-01-05,8884
006208,富邦台50,33,1,32,國泰-台南,2023-01-05,8884
00634R,富邦上証反1,34,2,32,國泰-台南,2023-01-05,8884
6443,元晶,42,10,32,國泰-台南,2023-01-05,8884
2409,友達,159,128,31,國泰-台南,2023-01-05,8884
00881,國泰台灣5G+,31,2,29,國泰-台南,2023-01-05,8884
2498,宏達電,71,42,29,國泰-台南,2023-01-05,8884
2368,金像電,33,5,28,國泰-台南,2023-01-05,8884
00720B,元大投資級公司債,26,0,26,國泰-台南,2023-01-05,8884
1519,華城,117,92,25,國泰-台南,2023-01-05,8884
2317,鴻海,30,6,24,國泰-台南,2023-01-05,8884
8182,加高,22,0,22,國泰-台南,2023-01-05,8884
00772B,中信高評級公司債,20,0,20,國泰-台南,2023-01-05,8884
00893,國泰智能電動車,27,8,19,國泰-台南,2023-01-05,8884
8069,元太,33,14,19,國泰-台南,2023-01-05,8884
1701,中化,23,4,19,國泰-台南,2023-01-05,8884
3546,宇峻,17,0,17,國泰-台南,2023-01-05,8884
1529,樂事綠能,35,18,17,國泰-台南,2023-01-05,8884
00773B,中信優先金融債,15,0,15,國泰-台南,2023-01-05,8884
2419,仲琦,33,18,15,國泰-台南,2023-01-05,8884
2338,光罩,23,9,14,國泰-台南,2023-01-05,8884
4128,中天,17,4,13,國泰-台南,2023-01-05,8884
00679B,元大美債20年,26,13,13,國泰-台南,2023-01-05,8884
1417,嘉裕,40,28,12,國泰-台南,2023-01-05,8884
3272,東碩,23,11,12,國泰-台南,2023-01-05,8884
6269,台郡,12,0,12,國泰-台南,2023-01-05,8884
3686,達能,11,0,11,國泰-台南,2023-01-05,8884
2390,云辰,10,0,10,國泰-台南,2023-01-05,8884
2230,泰茂,14,4,10,國泰-台南,2023-01-05,8884
3036A,文曄甲特,10,0,10,國泰-台南,2023-01-05,8884
2468,華經,16,6,10,國泰-台南,2023-01-05,8884
3015,全漢,10,0,10,國泰-台南,2023-01-05,8884
1453,大將,10,0,10,國泰-台南,2023-01-05,8884
5203,訊連,10,0,10,國泰-台南,2023-01-05,8884
0056,元大高股息,35,25,10,國泰-台南,2023-01-05,8884
1584,精剛,13,5,8,國泰-台南,2023-01-05,8884
4974,亞泰,8,0,8,國泰-台南,2023-01-05,8884
5425,台半,11,4,7,國泰-台南,2023-01-05,8884
4162,智擎,18,11,7,國泰-台南,2023-01-05,8884
3083,網龍,12,5,7,國泰-台南,2023-01-05,8884
5353,台林,7,0,7,國泰-台南,2023-01-05,8884
1504,東元,17,10,7,國泰-台南,2023-01-05,8884
00642U,期元大S＆P石油,7,0,7,國泰-台南,2023-01-05,8884
00720B,元大投資級公司債,147,0,147,國泰-台南,2023-01-06,8884
00632R,元大台灣50反1,172,47,125,國泰-台南,2023-01-06,8884
2330,台積電,124,23,101,國泰-台南,2023-01-06,8884
3535,晶彩科,40,0,40,國泰-台南,2023-01-06,8884
3576,聯合再生,35,2,33,國泰-台南,2023-01-06,8884
00670L,富邦NASDAQ正2,31,1,30,國泰-台南,2023-01-06,8884
6183,關貿,29,0,29,國泰-台南,2023-01-06,8884
1609,大亞,30,2,28,國泰-台南,2023-01-06,8884
00634R,富邦上証反1,27,0,27,國泰-台南,2023-01-06,8884
00676R,富邦臺灣加權反1,25,0,25,國泰-台南,2023-01-06,8884
2884,玉山金,27,4,23,國泰-台南,2023-01-06,8884
5351,鈺創,31,9,22,國泰-台南,2023-01-06,8884
3704,合勤控,60,38,22,國泰-台南,2023-01-06,8884
8112,至上,21,0,21,國泰-台南,2023-01-06,8884
9105,泰金寶-DR,20,1,19,國泰-台南,2023-01-06,8884
6547,高端疫苗,36,19,17,國泰-台南,2023-01-06,8884
8182,加高,17,0,17,國泰-台南,2023-01-06,8884
00679B,元大美債20年,17,0,17,國泰-台南,2023-01-06,8884
4114,健喬,77,61,16,國泰-台南,2023-01-06,8884
2482,連宇,40,25,15,國泰-台南,2023-01-06,8884
00664R,國泰臺灣加權反1,15,0,15,國泰-台南,2023-01-06,8884
2707,晶華,15,0,15,國泰-台南,2023-01-06,8884
2317,鴻海,18,4,14,國泰-台南,2023-01-06,8884
6220,岳豐,14,0,14,國泰-台南,2023-01-06,8884
8222,寶一,22,8,14,國泰-台南,2023-01-06,8884
8021,尖點,13,0,13,國泰-台南,2023-01-06,8884
1701,中化,30,17,13,國泰-台南,2023-01-06,8884
1417,嘉裕,20,7,13,國泰-台南,2023-01-06,8884
2332,友訊,12,0,12,國泰-台南,2023-01-06,8884
00715L,期街口布蘭特正2,17,5,12,國泰-台南,2023-01-06,8884
1584,精剛,21,9,12,國泰-台南,2023-01-06,8884
00772B,中信高評級公司債,21,10,11,國泰-台南,2023-01-06,8884
00757,統一FANG+,11,0,11,國泰-台南,2023-01-06,8884
00903,富邦元宇宙,10,0,10,國泰-台南,2023-01-06,8884
3036A,文曄甲特,10,0,10,國泰-台南,2023-01-06,8884
00900,富邦特選高股息30,12,3,9,國泰-台南,2023-01-06,8884
00885,富邦越南,24,15,9,國泰-台南,2023-01-06,8884
3714,富采,22,13,9,國泰-台南,2023-01-06,8884
00893,國泰智能電動車,29,20,9,國泰-台南,2023-01-06,8884
1720,生達,11,2,9,國泰-台南,2023-01-06,8884
00902,中信電池及儲能,10,1,9,國泰-台南,2023-01-06,8884
2642,宅配通,11,2,9,國泰-台南,2023-01-06,8884
4974,亞泰,10,1,9,國泰-台南,2023-01-06,8884
6589,台康生技,14,6,8,國泰-台南,2023-01-06,8884
2014,中鴻,12,4,8,國泰-台南,2023-01-06,8884
00669R,國泰美國道瓊反1,10,2,8,國泰-台南,2023-01-06,8884
2634,漢翔,7,0,7,國泰-台南,2023-01-06,8884
3661,世芯-KY,16,9,7,國泰-台南,2023-01-06,8884
2230,泰茂,9,2,7,國泰-台南,2023-01-06,8884
5608,四維航,18,11,7,國泰-台南,2023-01-06,8884
2027,大成鋼,153,5,148,國泰-台南,2023-01-09,8884
00664R,國泰臺灣加權反1,146,45,101,國泰-台南,2023-01-09,8884
1514,亞力,75,1,74,國泰-台南,2023-01-09,8884
2028,威致,41,1,40,國泰-台南,2023-01-09,8884
6770,力積電,47,17,30,國泰-台南,2023-01-09,8884
00676R,富邦臺灣加權反1,30,0,30,國泰-台南,2023-01-09,8884
8069,元太,63,34,29,國泰-台南,2023-01-09,8884
3661,世芯-KY,42,17,25,國泰-台南,2023-01-09,8884
3545,敦泰,21,1,20,國泰-台南,2023-01-09,8884
00706L,期元大S＆P日圓正2,20,0,20,國泰-台南,2023-01-09,8884
3036A,文曄甲特,20,0,20,國泰-台南,2023-01-09,8884
3027,盛達,40,23,17,國泰-台南,2023-01-09,8884
00634R,富邦上証反1,20,3,17,國泰-台南,2023-01-09,8884
1605,華新,82,67,15,國泰-台南,2023-01-09,8884
6189,豐藝,13,0,13,國泰-台南,2023-01-09,8884
4128,中天,20,8,12,國泰-台南,2023-01-09,8884
00773B,中信優先金融債,12,0,12,國泰-台南,2023-01-09,8884
2338,光罩,19,7,12,國泰-台南,2023-01-09,8884
2605,新興,13,2,11,國泰-台南,2023-01-09,8884
2359,所羅門,51,40,11,國泰-台南,2023-01-09,8884
00680L,元大美債20正2,16,5,11,國泰-台南,2023-01-09,8884
2634,漢翔,10,0,10,國泰-台南,2023-01-09,8884
00728,第一金工業30,10,0,10,國泰-台南,2023-01-09,8884
2498,宏達電,36,26,10,國泰-台南,2023-01-09,8884
8105,凌巨,10,0,10,國泰-台南,2023-01-09,8884
9103,美德醫療-DR,12,2,10,國泰-台南,2023-01-09,8884
3093,港建*,10,0,10,國泰-台南,2023-01-09,8884
1609,大亞,12,2,10,國泰-台南,2023-01-09,8884
2603,長榮,25,16,9,國泰-台南,2023-01-09,8884
2609,陽明,36,26,10,國泰-台南,2023-01-09,8884
3141,晶宏,32,22,10,國泰-台南,2023-01-09,8884
6109,亞元,9,0,9,國泰-台南,2023-01-09,8884
2317,鴻海,9,1,8,國泰-台南,2023-01-09,8884
2419,仲琦,20,12,8,國泰-台南,2023-01-09,8884
6609,瀧澤科,8,0,8,國泰-台南,2023-01-09,8884
00715L,期街口布蘭特正2,10,2,8,國泰-台南,2023-01-09,8884
4903,聯光通,8,1,7,國泰-台南,2023-01-09,8884
00720B,元大投資級公司債,9,2,7,國泰-台南,2023-01-09,8884
3209,全科,8,1,7,國泰-台南,2023-01-09,8884
1584,精剛,11,4,7,國泰-台南,2023-01-09,8884
2313,華通,7,0,7,國泰-台南,2023-01-09,8884
3264,欣銓,10,4,6,國泰-台南,2023-01-09,8884
5608,四維航,19,13,6,國泰-台南,2023-01-09,8884
3707,漢磊,8,2,6,國泰-台南,2023-01-09,8884
8038,長園科,6,0,6,國泰-台南,2023-01-09,8884
6179,亞通,6,0,6,國泰-台南,2023-01-09,8884
1810,和成,8,2,6,國泰-台南,2023-01-09,8884
1702,南僑,6,0,6,國泰-台南,2023-01-09,8884
00675L,富邦臺灣加權正2,7,1,6,國泰-台南,2023-01-09,8884
00642U,期元大S＆P石油,5,0,5,國泰-台南,2023-01-09,8884
1560,中砂,417,69,348,國泰-台南,2023-01-10,8884
2867,三商壽,133,0,133,國泰-台南,2023-01-10,8884
2883B,凱基金乙特,100,0,100,國泰-台南,2023-01-10,8884
0056,元大高股息,154,65,89,國泰-台南,2023-01-10,8884
00664R,國泰臺灣加權反1,61,0,61,國泰-台南,2023-01-10,8884
2444,兆勁,42,0,42,國泰-台南,2023-01-10,8884
2609,陽明,43,14,29,國泰-台南,2023-01-10,8884
2313,華通,29,6,23,國泰-台南,2023-01-10,8884
3322,建舜電,29,6,23,國泰-台南,2023-01-10,8884
2338,光罩,42,20,22,國泰-台南,2023-01-10,8884
3047,訊舟,25,3,22,國泰-台南,2023-01-10,8884
00680L,元大美債20正2,21,0,21,國泰-台南,2023-01-10,8884
4128,中天,19,2,17,國泰-台南,2023-01-10,8884
6235,華孚,17,0,17,國泰-台南,2023-01-10,8884
00715L,期街口布蘭特正2,17,1,16,國泰-台南,2023-01-10,8884
6547,高端疫苗,16,0,16,國泰-台南,2023-01-10,8884
1701,中化,20,4,16,國泰-台南,2023-01-10,8884
00634R,富邦上証反1,17,1,16,國泰-台南,2023-01-10,8884
00720B,元大投資級公司債,16,0,16,國泰-台南,2023-01-10,8884
1314,中石化,15,0,15,國泰-台南,2023-01-10,8884
00882,中信中國高股息,17,3,14,國泰-台南,2023-01-10,8884
2884,玉山金,23,8,15,國泰-台南,2023-01-10,8884
4114,健喬,36,22,14,國泰-台南,2023-01-10,8884
3163,波若威,38,25,13,國泰-台南,2023-01-10,8884
00701,國泰股利精選30,13,0,13,國泰-台南,2023-01-10,8884
2886,兆豐金,23,10,13,國泰-台南,2023-01-10,8884
1609,大亞,15,3,12,國泰-台南,2023-01-10,8884
00773B,中信優先金融債,12,0,12,國泰-台南,2023-01-10,8884
8222,寶一,13,1,12,國泰-台南,2023-01-10,8884
00679B,元大美債20年,20,8,12,國泰-台南,2023-01-10,8884
1524,耿鼎,23,11,12,國泰-台南,2023-01-10,8884
1453,大將,11,0,11,國泰-台南,2023-01-10,8884
1444,力麗,20,9,11,國泰-台南,2023-01-10,8884
4164,承業醫,12,1,11,國泰-台南,2023-01-10,8884
4989,榮科,12,1,11,國泰-台南,2023-01-10,8884
6806,森崴能源,123,112,11,國泰-台南,2023-01-10,8884
00725B,國泰投資級公司債,10,0,10,國泰-台南,2023-01-10,8884
2636,台驊控股,10,0,10,國泰-台南,2023-01-10,8884
5905,南仁湖,12,2,10,國泰-台南,2023-01-10,8884
8440,綠電,14,4,10,國泰-台南,2023-01-10,8884
00719B,元大美債1-3,10,0,10,國泰-台南,2023-01-10,8884
1210,大成,9,0,9,國泰-台南,2023-01-10,8884
1101,台泥,12,3,9,國泰-台南,2023-01-10,8884
9962,有益,11,3,8,國泰-台南,2023-01-10,8884
00670L,富邦NASDAQ正2,8,0,8,國泰-台南,2023-01-10,8884
2332,友訊,8,0,8,國泰-台南,2023-01-10,8884
3027,盛達,29,21,8,國泰-台南,2023-01-10,8884
00751B,元大AAA至A公司債,8,0,8,國泰-台南,2023-01-10,8884
6550,北極星藥業-KY,14,6,8,國泰-台南,2023-01-10,8884
00772B,中信高評級公司債,37,30,7,國泰-台南,2023-01-10,8884
2897,王道銀行,486,38,448,國泰-台南,2023-01-11,8884
00632R,元大台灣50反1,238,16,222,國泰-台南,2023-01-11,8884
2867,三商壽,111,0,111,國泰-台南,2023-01-11,8884
2330,台積電,129,47,82,國泰-台南,2023-01-11,8884
2845,遠東銀,83,2,81,國泰-台南,2023-01-11,8884
00878,國泰永續高股息,88,39,49,國泰-台南,2023-01-11,8884
4979,華星光,86,43,43,國泰-台南,2023-01-11,8884
2884,玉山金,29,1,28,國泰-台南,2023-01-11,8884
00720B,元大投資級公司債,27,0,27,國泰-台南,2023-01-11,8884
6443,元晶,55,29,26,國泰-台南,2023-01-11,8884
00679B,元大美債20年,28,5,23,國泰-台南,2023-01-11,8884
2317,鴻海,35,12,23,國泰-台南,2023-01-11,8884
1714,和桐,21,0,21,國泰-台南,2023-01-11,8884
2313,華通,33,13,20,國泰-台南,2023-01-11,8884
1605,華新,35,15,20,國泰-台南,2023-01-11,8884
2465,麗臺,48,28,20,國泰-台南,2023-01-11,8884
6592,和潤企業,20,1,19,國泰-台南,2023-01-11,8884
2889,國票金,20,2,18,國泰-台南,2023-01-11,8884
2834,臺企銀,22,4,18,國泰-台南,2023-01-11,8884
2892,第一金,21,4,17,國泰-台南,2023-01-11,8884
8222,寶一,36,20,16,國泰-台南,2023-01-11,8884
1519,華城,36,20,16,國泰-台南,2023-01-11,8884
00641R,富邦日本反1,15,0,15,國泰-台南,2023-01-11,8884
3141,晶宏,23,8,15,國泰-台南,2023-01-11,8884
2607,榮運,15,1,14,國泰-台南,2023-01-11,8884
8112,至上,13,0,13,國泰-台南,2023-01-11,8884
2929,淘帝-KY,15,2,13,國泰-台南,2023-01-11,8884
4129,聯合,13,0,13,國泰-台南,2023-01-11,8884
00680L,元大美債20正2,13,0,13,國泰-台南,2023-01-11,8884
00634R,富邦上証反1,13,0,13,國泰-台南,2023-01-11,8884
5880,合庫金,25,12,13,國泰-台南,2023-01-11,8884
2886,兆豐金,20,8,12,國泰-台南,2023-01-11,8884
2618,長榮航,62,50,12,國泰-台南,2023-01-11,8884
3682,亞太電,12,0,12,國泰-台南,2023-01-11,8884
4564,元翎,12,0,12,國泰-台南,2023-01-11,8884
1529,樂事綠能,41,29,12,國泰-台南,2023-01-11,8884
2881,富邦金,13,2,11,國泰-台南,2023-01-11,8884
4109,加捷生醫,11,0,11,國泰-台南,2023-01-11,8884
3708,上緯投控,15,4,11,國泰-台南,2023-01-11,8884
5009,榮剛,36,26,10,國泰-台南,2023-01-11,8884
5203,訊連,10,0,10,國泰-台南,2023-01-11,8884
4162,智擎,17,7,10,國泰-台南,2023-01-11,8884
00894,中信小資高價30,10,0,10,國泰-台南,2023-01-11,8884
2641,正德,24,15,9,國泰-台南,2023-01-11,8884
6788,華景電,11,2,9,國泰-台南,2023-01-11,8884
00773B,中信優先金融債,8,0,8,國泰-台南,2023-01-11,8884
1319,東陽,10,2,8,國泰-台南,2023-01-11,8884
6609,瀧澤科,44,36,8,國泰-台南,2023-01-11,8884
00675L,富邦臺灣加權正2,8,0,8,國泰-台南,2023-01-11,8884
00725B,國泰投資級公司債,7,0,7,國泰-台南,2023-01-11,8884
2358,廷鑫,453,148,305,國泰-台南,2023-01-12,8884
00632R,元大台灣50反1,236,12,224,國泰-台南,2023-01-12,8884
6245,立端,230,59,171,國泰-台南,2023-01-12,8884
00878,國泰永續高股息,176,23,153,國泰-台南,2023-01-12,8884
2867,三商壽,101,0,101,國泰-台南,2023-01-12,8884
2468,華經,123,71,52,國泰-台南,2023-01-12,8884
2317,鴻海,41,2,39,國泰-台南,2023-01-12,8884
2014,中鴻,114,78,36,國泰-台南,2023-01-12,8884
2610,華航,45,11,34,國泰-台南,2023-01-12,8884
2892,第一金,30,0,30,國泰-台南,2023-01-12,8884
2009,第一銅,126,96,30,國泰-台南,2023-01-12,8884
9105,泰金寶-DR,30,0,30,國泰-台南,2023-01-12,8884
00634R,富邦上証反1,24,0,24,國泰-台南,2023-01-12,8884
0056,元大高股息,28,5,23,國泰-台南,2023-01-12,8884
2409,友達,23,0,23,國泰-台南,2023-01-12,8884
4979,華星光,91,68,23,國泰-台南,2023-01-12,8884
5880,合庫金,23,1,22,國泰-台南,2023-01-12,8884
4904,遠傳,22,1,21,國泰-台南,2023-01-12,8884
2812,台中銀,30,10,20,國泰-台南,2023-01-12,8884
00882,中信中國高股息,24,5,19,國泰-台南,2023-01-12,8884
6188,廣明,24,6,18,國泰-台南,2023-01-12,8884
2609,陽明,40,22,18,國泰-台南,2023-01-12,8884
2615,萬海,33,16,17,國泰-台南,2023-01-12,8884
3036,文曄,17,0,17,國泰-台南,2023-01-12,8884
00673R,期元大S＆P原油反1,15,0,15,國泰-台南,2023-01-12,8884
8222,寶一,19,4,15,國泰-台南,2023-01-12,8884
2603,長榮,17,3,14,國泰-台南,2023-01-12,8884
1605,華新,76,62,14,國泰-台南,2023-01-12,8884
4128,中天,23,9,14,國泰-台南,2023-01-12,8884
1101,台泥,56,42,14,國泰-台南,2023-01-12,8884
00679B,元大美債20年,26,12,14,國泰-台南,2023-01-12,8884
2338,光罩,30,16,14,國泰-台南,2023-01-12,8884
2884,玉山金,17,3,14,國泰-台南,2023-01-12,8884
2308,台達電,13,0,13,國泰-台南,2023-01-12,8884
8349,�矬�,12,0,12,國泰-台南,2023-01-12,8884
3178,公準,12,0,12,國泰-台南,2023-01-12,8884
1608,華榮,17,5,12,國泰-台南,2023-01-12,8884
2880,華南金,12,1,11,國泰-台南,2023-01-12,8884
8255,朋程,17,6,11,國泰-台南,2023-01-12,8884
9939,宏全,12,1,11,國泰-台南,2023-01-12,8884
6547,高端疫苗,14,4,10,國泰-台南,2023-01-12,8884
6235,華孚,11,1,10,國泰-台南,2023-01-12,8884
8926,台汽電,10,0,10,國泰-台南,2023-01-12,8884
00641R,富邦日本反1,10,0,10,國泰-台南,2023-01-12,8884
5905,南仁湖,10,0,10,國泰-台南,2023-01-12,8884
6168,宏齊,10,0,10,國泰-台南,2023-01-12,8884
2201,裕隆,28,18,10,國泰-台南,2023-01-12,8884
6139,亞翔,17,8,9,國泰-台南,2023-01-12,8884
6719,力智,11,2,9,國泰-台南,2023-01-12,8884
4162,智擎,9,1,8,國泰-台南,2023-01-12,8884
00632R,元大台灣50反1,595,147,448,國泰-台南,2023-01-13,8884
00664R,國泰臺灣加權反1,220,100,120,國泰-台南,2023-01-13,8884
6245,立端,127,18,109,國泰-台南,2023-01-13,8884
00634R,富邦上証反1,65,0,65,國泰-台南,2023-01-13,8884
00882,中信中國高股息,95,32,63,國泰-台南,2023-01-13,8884
2867,三商壽,67,9,58,國泰-台南,2023-01-13,8884
00900,富邦特選高股息30,38,3,35,國泰-台南,2023-01-13,8884
00673R,期元大S＆P原油反1,34,0,34,國泰-台南,2023-01-13,8884
0056,元大高股息,47,14,33,國泰-台南,2023-01-13,8884
00671R,富邦NASDAQ反1,31,0,31,國泰-台南,2023-01-13,8884
1612,宏泰,37,6,31,國泰-台南,2023-01-13,8884
1443,立益物流,29,1,28,國泰-台南,2023-01-13,8884
00770,國泰北美科技,24,1,23,國泰-台南,2023-01-13,8884
8926,台汽電,24,2,22,國泰-台南,2023-01-13,8884
2317,鴻海,25,3,22,國泰-台南,2023-01-13,8884
2498,宏達電,70,50,20,國泰-台南,2023-01-13,8884
00903,富邦元宇宙,30,10,20,國泰-台南,2023-01-13,8884
8222,寶一,19,0,19,國泰-台南,2023-01-13,8884
1101,台泥,59,42,17,國泰-台南,2023-01-13,8884
00885,富邦越南,16,1,15,國泰-台南,2023-01-13,8884
00675L,富邦臺灣加權正2,15,0,15,國泰-台南,2023-01-13,8884
2891,中信金,14,1,13,國泰-台南,2023-01-13,8884
3548,兆利,12,0,12,國泰-台南,2023-01-13,8884
5371,中光電,12,0,12,國泰-台南,2023-01-13,8884
00679B,元大美債20年,16,5,11,國泰-台南,2023-01-13,8884
00720B,元大投資級公司債,11,0,11,國泰-台南,2023-01-13,8884
8150,南茂,11,0,11,國泰-台南,2023-01-13,8884
00897,富邦基因免疫生技,11,0,11,國泰-台南,2023-01-13,8884
00712,復華富時不動產,18,8,10,國泰-台南,2023-01-13,8884
6104,創惟,21,11,10,國泰-台南,2023-01-13,8884
8255,朋程,10,0,10,國泰-台南,2023-01-13,8884
5203,訊連,10,0,10,國泰-台南,2023-01-13,8884
2495,普安,12,2,10,國泰-台南,2023-01-13,8884
5281,大峽谷-KY,10,0,10,國泰-台南,2023-01-13,8884
1417,嘉裕,11,1,10,國泰-台南,2023-01-13,8884
3661,世芯-KY,15,5,10,國泰-台南,2023-01-13,8884
00751B,元大AAA至A公司債,10,0,10,國泰-台南,2023-01-13,8884
3576,聯合再生,11,2,9,國泰-台南,2023-01-13,8884
2915,潤泰全,9,0,9,國泰-台南,2023-01-13,8884
2609,陽明,25,16,9,國泰-台南,2023-01-13,8884
3380,明泰,9,1,8,國泰-台南,2023-01-13,8884
2331,精英,9,1,8,國泰-台南,2023-01-13,8884
1468,昶和,8,0,8,國泰-台南,2023-01-13,8884
2017,官田鋼,8,0,8,國泰-台南,2023-01-13,8884
2892,第一金,18,11,7,國泰-台南,2023-01-13,8884
2458,義隆,7,0,7,國泰-台南,2023-01-13,8884
8050,廣積,8,1,7,國泰-台南,2023-01-13,8884
8072,陞泰,7,0,7,國泰-台南,2023-01-13,8884
3704,合勤控,21,14,7,國泰-台南,2023-01-13,8884
4190,佐登-KY,7,0,7,國泰-台南,2023-01-13,8884
00673R,期元大S＆P原油反1,490,0,490,國泰-台南,2023-01-16,8884
1560,中砂,266,4,262,國泰-台南,2023-01-16,8884
00634R,富邦上証反1,119,0,119,國泰-台南,2023-01-16,8884
00632R,元大台灣50反1,85,13,72,國泰-台南,2023-01-16,8884
00671R,富邦NASDAQ反1,46,1,45,國泰-台南,2023-01-16,8884
00770,國泰北美科技,38,0,38,國泰-台南,2023-01-16,8884
2358,廷鑫,50,15,35,國泰-台南,2023-01-16,8884
2317,鴻海,35,8,27,國泰-台南,2023-01-16,8884
00882,中信中國高股息,29,3,26,國泰-台南,2023-01-16,8884
2017,官田鋼,23,0,23,國泰-台南,2023-01-16,8884
00885,富邦越南,32,9,23,國泰-台南,2023-01-16,8884
6770,力積電,24,4,20,國泰-台南,2023-01-16,8884
8926,台汽電,19,0,19,國泰-台南,2023-01-16,8884
00720B,元大投資級公司債,19,0,19,國泰-台南,2023-01-16,8884
1584,精剛,22,3,19,國泰-台南,2023-01-16,8884
5009,榮剛,22,6,16,國泰-台南,2023-01-16,8884
2884,玉山金,33,18,15,國泰-台南,2023-01-16,8884
00897,富邦基因免疫生技,15,0,15,國泰-台南,2023-01-16,8884
2605,新興,14,0,14,國泰-台南,2023-01-16,8884
2609,陽明,35,22,13,國泰-台南,2023-01-16,8884
2313,華通,13,0,13,國泰-台南,2023-01-16,8884
2338,光罩,30,18,12,國泰-台南,2023-01-16,8884
6104,創惟,26,14,12,國泰-台南,2023-01-16,8884
3537,堡達,10,0,10,國泰-台南,2023-01-16,8884
00706L,期元大S＆P日圓正2,15,5,10,國泰-台南,2023-01-16,8884
6509,聚和,10,0,10,國泰-台南,2023-01-16,8884
2014,中鴻,46,36,10,國泰-台南,2023-01-16,8884
00670L,富邦NASDAQ正2,10,0,10,國泰-台南,2023-01-16,8884
1524,耿鼎,11,2,9,國泰-台南,2023-01-16,8884
5425,台半,8,0,8,國泰-台南,2023-01-16,8884
1612,宏泰,22,14,8,國泰-台南,2023-01-16,8884
3027,盛達,14,6,8,國泰-台南,2023-01-16,8884
8927,北基,8,0,8,國泰-台南,2023-01-16,8884
4934,太極,37,30,7,國泰-台南,2023-01-16,8884
2312,金寶,8,1,7,國泰-台南,2023-01-16,8884
2376,技嘉,10,3,7,國泰-台南,2023-01-16,8884
00905,FT臺灣Smart,7,0,7,國泰-台南,2023-01-16,8884
00900,富邦特選高股息30,8,2,6,國泰-台南,2023-01-16,8884
2610,華航,24,18,6,國泰-台南,2023-01-16,8884
6469,大樹,6,0,6,國泰-台南,2023-01-16,8884
3447,展達,7,1,6,國泰-台南,2023-01-16,8884
1762,中化生,6,0,6,國泰-台南,2023-01-16,8884
00751B,元大AAA至A公司債,6,0,6,國泰-台南,2023-01-16,8884
00772B,中信高評級公司債,12,6,6,國泰-台南,2023-01-16,8884
1717,長興,5,0,5,國泰-台南,2023-01-16,8884
2613,中櫃,5,0,5,國泰-台南,2023-01-16,8884
3164,景岳,5,0,5,國泰-台南,2023-01-16,8884
1468,昶和,5,0,5,國泰-台南,2023-01-16,8884
3013,晟銘電,6,1,5,國泰-台南,2023-01-16,8884
2851,中再保,5,1,4,國泰-台南,2023-01-16,8884
2358,廷鑫,258,13,245,國泰-台南,2023-01-17,8884
2880,華南金,142,0,142,國泰-台南,2023-01-17,8884
00882,中信中國高股息,143,39,104,國泰-台南,2023-01-17,8884
00632R,元大台灣50反1,141,39,102,國泰-台南,2023-01-17,8884
2884,玉山金,84,6,78,國泰-台南,2023-01-17,8884
2542,興富發,52,2,50,國泰-台南,2023-01-17,8884
2454,聯發科,44,0,44,國泰-台南,2023-01-17,8884
2812,台中銀,39,0,39,國泰-台南,2023-01-17,8884
1210,大成,39,4,35,國泰-台南,2023-01-17,8884
00701,國泰股利精選30,36,1,35,國泰-台南,2023-01-17,8884
2468,華經,35,6,29,國泰-台南,2023-01-17,8884
006208,富邦台50,54,27,27,國泰-台南,2023-01-17,8884
00706L,期元大S＆P日圓正2,25,0,25,國泰-台南,2023-01-17,8884
00634R,富邦上証反1,26,2,24,國泰-台南,2023-01-17,8884
00770,國泰北美科技,22,0,22,國泰-台南,2023-01-17,8884
2618,長榮航,43,22,21,國泰-台南,2023-01-17,8884
3605,宏致,21,0,21,國泰-台南,2023-01-17,8884
2610,華航,36,16,20,國泰-台南,2023-01-17,8884
2836,高雄銀,20,0,20,國泰-台南,2023-01-17,8884
2887,台新金,28,9,19,國泰-台南,2023-01-17,8884
3481,群創,17,1,16,國泰-台南,2023-01-17,8884
00650L,復華香港正2,20,4,16,國泰-台南,2023-01-17,8884
2882A,國泰特,16,0,16,國泰-台南,2023-01-17,8884
2352,佳世達,16,1,15,國泰-台南,2023-01-17,8884
3037,欣興,18,5,13,國泰-台南,2023-01-17,8884
2498,宏達電,18,5,13,國泰-台南,2023-01-17,8884
0056,元大高股息,45,32,13,國泰-台南,2023-01-17,8884
6443,元晶,23,11,12,國泰-台南,2023-01-17,8884
1219,福壽,42,30,12,國泰-台南,2023-01-17,8884
1304,台聚,12,0,12,國泰-台南,2023-01-17,8884
00712,復華富時不動產,12,0,12,國泰-台南,2023-01-17,8884
2371,大同,11,0,11,國泰-台南,2023-01-17,8884
6188,廣明,11,0,11,國泰-台南,2023-01-17,8884
6183,關貿,11,0,11,國泰-台南,2023-01-17,8884
00687B,國泰20年美債,13,3,10,國泰-台南,2023-01-17,8884
00897,富邦基因免疫生技,10,0,10,國泰-台南,2023-01-17,8884
00680L,元大美債20正2,14,4,10,國泰-台南,2023-01-17,8884
6509,聚和,10,0,10,國泰-台南,2023-01-17,8884
00673R,期元大S＆P原油反1,10,0,10,國泰-台南,2023-01-17,8884
1584,精剛,17,8,9,國泰-台南,2023-01-17,8884
4153,鈺緯,10,1,9,國泰-台南,2023-01-17,8884
6547,高端疫苗,9,1,8,國泰-台南,2023-01-17,8884
1736,喬山,19,11,8,國泰-台南,2023-01-17,8884
6133,金橋,10,2,8,國泰-台南,2023-01-17,8884
2601,益航,7,0,7,國泰-台南,2023-01-17,8884
2009,第一銅,12,5,7,國泰-台南,2023-01-17,8884
2367,燿華,7,0,7,國泰-台南,2023-01-17,8884
1201,味全,7,1,6,國泰-台南,2023-01-17,8884
00795B,中信美國公債20年,6,0,6,國泰-台南,2023-01-17,8884
00640L,富邦日本正2,6,0,6,國泰-台南,2023-01-17,8884
5007,三星,190,0,190,國泰-台南,2023-01-30,8884
2867,三商壽,321,203,118,國泰-台南,2023-01-30,8884
00671R,富邦NASDAQ反1,108,1,107,國泰-台南,2023-01-30,8884
1560,中砂,117,18,99,國泰-台南,2023-01-30,8884
00634R,富邦上証反1,98,2,96,國泰-台南,2023-01-30,8884
2317,鴻海,85,13,72,國泰-台南,2023-01-30,8884
00664R,國泰臺灣加權反1,215,163,52,國泰-台南,2023-01-30,8884
00712,復華富時不動產,58,13,45,國泰-台南,2023-01-30,8884
4157,太景*-KY,40,0,40,國泰-台南,2023-01-30,8884
8069,元太,54,17,37,國泰-台南,2023-01-30,8884
6274,台燿,37,3,34,國泰-台南,2023-01-30,8884
00720B,元大投資級公司債,40,6,34,國泰-台南,2023-01-30,8884
4979,華星光,94,61,33,國泰-台南,2023-01-30,8884
6282,康舒,64,31,33,國泰-台南,2023-01-30,8884
00679B,元大美債20年,35,3,32,國泰-台南,2023-01-30,8884
3209,全科,27,0,27,國泰-台南,2023-01-30,8884
6547,高端疫苗,26,2,24,國泰-台南,2023-01-30,8884
2609,陽明,44,20,24,國泰-台南,2023-01-30,8884
00676R,富邦臺灣加權反1,22,0,22,國泰-台南,2023-01-30,8884
00882,中信中國高股息,25,4,21,國泰-台南,2023-01-30,8884
00673R,期元大S＆P原油反1,21,0,21,國泰-台南,2023-01-30,8884
9904,寶成,21,0,21,國泰-台南,2023-01-30,8884
00713,元大台灣高息低波,26,6,20,國泰-台南,2023-01-30,8884
3706,神達,41,22,19,國泰-台南,2023-01-30,8884
2468,華經,47,28,19,國泰-台南,2023-01-30,8884
00701,國泰股利精選30,24,5,19,國泰-台南,2023-01-30,8884
8086,宏捷科,34,17,17,國泰-台南,2023-01-30,8884
2313,華通,24,7,17,國泰-台南,2023-01-30,8884
2891,中信金,36,20,16,國泰-台南,2023-01-30,8884
2354,鴻準,23,7,16,國泰-台南,2023-01-30,8884
2883B,凱基金乙特,15,0,15,國泰-台南,2023-01-30,8884
00751B,元大AAA至A公司債,15,0,15,國泰-台南,2023-01-30,8884
6156,松上,15,0,15,國泰-台南,2023-01-30,8884
00852L,國泰美國道瓊正2,14,0,14,國泰-台南,2023-01-30,8884
00637L,元大滬深300正2,14,0,14,國泰-台南,2023-01-30,8884
8996,高力,227,213,14,國泰-台南,2023-01-30,8884
2542,興富發,14,1,13,國泰-台南,2023-01-30,8884
2851,中再保,14,1,13,國泰-台南,2023-01-30,8884
1440,南紡,12,0,12,國泰-台南,2023-01-30,8884
00772B,中信高評級公司債,12,0,12,國泰-台南,2023-01-30,8884
4114,健喬,27,16,11,國泰-台南,2023-01-30,8884
5443,均豪,11,1,10,國泰-台南,2023-01-30,8884
6202,盛群,10,0,10,國泰-台南,2023-01-30,8884
6164,華興,10,0,10,國泰-台南,2023-01-30,8884
3047,訊舟,21,11,10,國泰-台南,2023-01-30,8884
4934,太極,21,11,10,國泰-台南,2023-01-30,8884
1795,美時,14,5,9,國泰-台南,2023-01-30,8884
00670L,富邦NASDAQ正2,11,2,9,國泰-台南,2023-01-30,8884
00719B,元大美債1-3,9,0,9,國泰-台南,2023-01-30,8884
2342,茂矽,12,3,9,國泰-台南,2023-01-30,8884
00905,FT臺灣Smart,197,2,195,國泰-台南,2023-01-31,8884
00878,國泰永續高股息,308,128,180,國泰-台南,2023-01-31,8884
2892,第一金,124,0,124,國泰-台南,2023-01-31,8884
2890,永豐金,123,10,113,國泰-台南,2023-01-31,8884
00679B,元大美債20年,83,6,77,國泰-台南,2023-01-31,8884
2330,台積電,84,11,73,國泰-台南,2023-01-31,8884
6550,北極星藥業-KY,84,14,70,國泰-台南,2023-01-31,8884
00719B,元大美債1-3,64,0,64,國泰-台南,2023-01-31,8884
3481,群創,78,14,64,國泰-台南,2023-01-31,8884
00720B,元大投資級公司債,61,0,61,國泰-台南,2023-01-31,8884
00632R,元大台灣50反1,164,110,54,國泰-台南,2023-01-31,8884
5880,合庫金,61,9,52,國泰-台南,2023-01-31,8884
00634R,富邦上証反1,51,0,51,國泰-台南,2023-01-31,8884
6244,茂迪,51,0,51,國泰-台南,2023-01-31,8884
2929,淘帝-KY,53,3,50,國泰-台南,2023-01-31,8884
00772B,中信高評級公司債,37,1,36,國泰-台南,2023-01-31,8884
5258,虹堡,73,38,35,國泰-台南,2023-01-31,8884
2401,凌陽,30,0,30,國泰-台南,2023-01-31,8884
1219,福壽,30,0,30,國泰-台南,2023-01-31,8884
1314,中石化,30,2,28,國泰-台南,2023-01-31,8884
2324,仁寶,24,0,24,國泰-台南,2023-01-31,8884
00882,中信中國高股息,26,2,24,國泰-台南,2023-01-31,8884
2884,玉山金,31,8,23,國泰-台南,2023-01-31,8884
00725B,國泰投資級公司債,23,0,23,國泰-台南,2023-01-31,8884
2834,臺企銀,27,4,23,國泰-台南,2023-01-31,8884
2880,華南金,22,0,22,國泰-台南,2023-01-31,8884
2885,元大金,24,2,22,國泰-台南,2023-01-31,8884
00852L,國泰美國道瓊正2,20,0,20,國泰-台南,2023-01-31,8884
1701,中化,23,3,20,國泰-台南,2023-01-31,8884
3605,宏致,20,0,20,國泰-台南,2023-01-31,8884
2302,麗正,18,0,18,國泰-台南,2023-01-31,8884
00897,富邦基因免疫生技,16,0,16,國泰-台南,2023-01-31,8884
2887,台新金,32,16,16,國泰-台南,2023-01-31,8884
00669R,國泰美國道瓊反1,15,0,15,國泰-台南,2023-01-31,8884
2886,兆豐金,18,4,14,國泰-台南,2023-01-31,8884
4979,華星光,89,75,14,國泰-台南,2023-01-31,8884
6125,廣運,14,0,14,國泰-台南,2023-01-31,8884
00757,統一FANG+,14,0,14,國泰-台南,2023-01-31,8884
6609,瀧澤科,21,9,12,國泰-台南,2023-01-31,8884
00715L,期街口布蘭特正2,17,5,12,國泰-台南,2023-01-31,8884
00701,國泰股利精選30,12,2,10,國泰-台南,2023-01-31,8884
2812,台中銀,11,1,10,國泰-台南,2023-01-31,8884
2017,官田鋼,40,30,10,國泰-台南,2023-01-31,8884
3209,全科,10,0,10,國泰-台南,2023-01-31,8884
00891,中信關鍵半導體,11,1,10,國泰-台南,2023-01-31,8884
2206,三陽工業,10,0,10,國泰-台南,2023-01-31,8884
00671R,富邦NASDAQ反1,10,0,10,國泰-台南,2023-01-31,8884
00907,永豐優息存股,11,1,10,國泰-台南,2023-01-31,8884
3014,聯陽,10,0,10,國泰-台南,2023-01-31,8884
2891,中信金,18,8,10,國泰-台南,2023-01-31,8884
00679B,元大美債20年,112,7,105,國泰-台南,2023-02-01,8884
0056,元大高股息,96,12,84,國泰-台南,2023-02-01,8884
2890,永豐金,70,5,65,國泰-台南,2023-02-01,8884
00720B,元大投資級公司債,58,0,58,國泰-台南,2023-02-01,8884
00878,國泰永續高股息,128,75,53,國泰-台南,2023-02-01,8884
2317,鴻海,45,9,36,國泰-台南,2023-02-01,8884
8033,雷虎,36,2,34,國泰-台南,2023-02-01,8884
1810,和成,50,20,30,國泰-台南,2023-02-01,8884
3706,神達,31,2,29,國泰-台南,2023-02-01,8884
2883,凱基金,37,9,28,國泰-台南,2023-02-01,8884
2313,華通,40,13,27,國泰-台南,2023-02-01,8884
2609,陽明,30,4,26,國泰-台南,2023-02-01,8884
2891,中信金,47,22,25,國泰-台南,2023-02-01,8884
2323,中環,27,2,25,國泰-台南,2023-02-01,8884
4934,太極,56,31,25,國泰-台南,2023-02-01,8884
2881,富邦金,29,5,24,國泰-台南,2023-02-01,8884
2886,兆豐金,33,10,23,國泰-台南,2023-02-01,8884
8478,東哥遊艇,27,5,22,國泰-台南,2023-02-01,8884
4744,皇將,22,0,22,國泰-台南,2023-02-01,8884
3305,昇貿,28,7,21,國泰-台南,2023-02-01,8884
00670L,富邦NASDAQ正2,21,0,21,國泰-台南,2023-02-01,8884
5009,榮剛,92,71,21,國泰-台南,2023-02-01,8884
1568,倉佑,21,1,20,國泰-台南,2023-02-01,8884
2633,台灣高鐵,29,10,19,國泰-台南,2023-02-01,8884
4904,遠傳,18,0,18,國泰-台南,2023-02-01,8884
5347,世界,24,6,18,國泰-台南,2023-02-01,8884
9904,寶成,17,0,17,國泰-台南,2023-02-01,8884
00751B,元大AAA至A公司債,17,0,17,國泰-台南,2023-02-01,8884
1529,樂事綠能,21,4,17,國泰-台南,2023-02-01,8884
00897,富邦基因免疫生技,17,0,17,國泰-台南,2023-02-01,8884
00905,FT臺灣Smart,17,1,16,國泰-台南,2023-02-01,8884
2006,東和鋼鐵,16,0,16,國泰-台南,2023-02-01,8884
4128,中天,21,5,16,國泰-台南,2023-02-01,8884
00673R,期元大S＆P原油反1,38,22,16,國泰-台南,2023-02-01,8884
2637,慧洋-KY,18,2,16,國泰-台南,2023-02-01,8884
3027,盛達,31,16,15,國泰-台南,2023-02-01,8884
2745,五福,15,0,15,國泰-台南,2023-02-01,8884
2412,中華電,26,11,15,國泰-台南,2023-02-01,8884
2892,第一金,21,7,14,國泰-台南,2023-02-01,8884
2014,中鴻,49,35,14,國泰-台南,2023-02-01,8884
00885,富邦越南,14,0,14,國泰-台南,2023-02-01,8884
2409,友達,25,11,14,國泰-台南,2023-02-01,8884
00882,中信中國高股息,13,0,13,國泰-台南,2023-02-01,8884
9105,泰金寶-DR,20,7,13,國泰-台南,2023-02-01,8884
1701,中化,30,18,12,國泰-台南,2023-02-01,8884
00669R,國泰美國道瓊反1,13,1,12,國泰-台南,2023-02-01,8884
8222,寶一,35,24,11,國泰-台南,2023-02-01,8884
2906,高林,20,9,11,國泰-台南,2023-02-01,8884
4927,泰鼎-KY,10,0,10,國泰-台南,2023-02-01,8884
8215,明基材,10,0,10,國泰-台南,2023-02-01,8884
00878,國泰永續高股息,427,155,272,國泰-台南,2023-02-02,8884
2610,華航,293,56,237,國泰-台南,2023-02-02,8884
2812,台中銀,211,0,211,國泰-台南,2023-02-02,8884
2888,新光金,211,4,207,國泰-台南,2023-02-02,8884
6196,帆宣,135,5,130,國泰-台南,2023-02-02,8884
00634R,富邦上証反1,96,0,96,國泰-台南,2023-02-02,8884
00679B,元大美債20年,115,20,95,國泰-台南,2023-02-02,8884
00882,中信中國高股息,115,27,88,國泰-台南,2023-02-02,8884
2317,鴻海,108,21,87,國泰-台南,2023-02-02,8884
00671R,富邦NASDAQ反1,76,1,75,國泰-台南,2023-02-02,8884
8046,南電,84,11,73,國泰-台南,2023-02-02,8884
00885,富邦越南,63,4,59,國泰-台南,2023-02-02,8884
00772B,中信高評級公司債,138,87,51,國泰-台南,2023-02-02,8884
2618,長榮航,93,43,50,國泰-台南,2023-02-02,8884
3059,華晶科,57,9,48,國泰-台南,2023-02-02,8884
6443,元晶,66,20,46,國泰-台南,2023-02-02,8884
00642U,期元大S＆P石油,41,0,41,國泰-台南,2023-02-02,8884
00720B,元大投資級公司債,39,2,37,國泰-台南,2023-02-02,8884
8222,寶一,46,10,36,國泰-台南,2023-02-02,8884
2892,第一金,49,14,35,國泰-台南,2023-02-02,8884
2891,中信金,61,27,34,國泰-台南,2023-02-02,8884
6284,佳邦,42,18,24,國泰-台南,2023-02-02,8884
2606,裕民,37,13,24,國泰-台南,2023-02-02,8884
1810,和成,36,14,22,國泰-台南,2023-02-02,8884
2327,國巨,23,1,22,國泰-台南,2023-02-02,8884
00897,富邦基因免疫生技,20,0,20,國泰-台南,2023-02-02,8884
3680,家登,24,4,20,國泰-台南,2023-02-02,8884
1584,精剛,26,6,20,國泰-台南,2023-02-02,8884
1513,中興電,40,20,20,國泰-台南,2023-02-02,8884
00637L,元大滬深300正2,23,5,18,國泰-台南,2023-02-02,8884
6679,鈺太,18,0,18,國泰-台南,2023-02-02,8884
3207,耀勝,53,35,18,國泰-台南,2023-02-02,8884
2498,宏達電,115,98,17,國泰-台南,2023-02-02,8884
2497,怡利電,47,30,17,國泰-台南,2023-02-02,8884
2801,彰銀,22,5,17,國泰-台南,2023-02-02,8884
6770,力積電,35,18,17,國泰-台南,2023-02-02,8884
1609,大亞,38,22,16,國泰-台南,2023-02-02,8884
2884,玉山金,31,15,16,國泰-台南,2023-02-02,8884
1305,華夏,19,3,16,國泰-台南,2023-02-02,8884
00753L,中信中國50正2,21,5,16,國泰-台南,2023-02-02,8884
3037,欣興,47,31,16,國泰-台南,2023-02-02,8884
00715L,期街口布蘭特正2,15,0,15,國泰-台南,2023-02-02,8884
2609,陽明,29,14,15,國泰-台南,2023-02-02,8884
00751B,元大AAA至A公司債,15,0,15,國泰-台南,2023-02-02,8884
2329,華泰,20,5,15,國泰-台南,2023-02-02,8884
2882A,國泰特,15,0,15,國泰-台南,2023-02-02,8884
3006,晶豪科,44,29,15,國泰-台南,2023-02-02,8884
00762,元大全球AI,16,2,14,國泰-台南,2023-02-02,8884
3481,群創,16,3,13,國泰-台南,2023-02-02,8884
4919,新唐,41,28,13,國泰-台南,2023-02-02,8884
00878,國泰永續高股息,314,54,260,國泰-台南,2023-02-03,8884
00632R,元大台灣50反1,262,2,260,國泰-台南,2023-02-03,8884
4919,新唐,204,31,173,國泰-台南,2023-02-03,8884
2618,長榮航,160,40,120,國泰-台南,2023-02-03,8884
00882,中信中國高股息,120,16,104,國泰-台南,2023-02-03,8884
2601,益航,58,0,58,國泰-台南,2023-02-03,8884
00715L,期街口布蘭特正2,49,0,49,國泰-台南,2023-02-03,8884
2603,長榮,61,13,48,國泰-台南,2023-02-03,8884
2317,鴻海,51,3,48,國泰-台南,2023-02-03,8884
2891,中信金,42,5,37,國泰-台南,2023-02-03,8884
6679,鈺太,37,0,37,國泰-台南,2023-02-03,8884
5351,鈺創,135,98,37,國泰-台南,2023-02-03,8884
2409,友達,39,4,35,國泰-台南,2023-02-03,8884
00772B,中信高評級公司債,34,1,33,國泰-台南,2023-02-03,8884
1701,中化,37,4,33,國泰-台南,2023-02-03,8884
2883,凱基金,38,11,27,國泰-台南,2023-02-03,8884
6770,力積電,43,16,27,國泰-台南,2023-02-03,8884
2329,華泰,47,21,26,國泰-台南,2023-02-03,8884
00885,富邦越南,77,51,26,國泰-台南,2023-02-03,8884
00720B,元大投資級公司債,24,0,24,國泰-台南,2023-02-03,8884
2354,鴻準,23,1,22,國泰-台南,2023-02-03,8884
2388,威盛,51,29,22,國泰-台南,2023-02-03,8884
2014,中鴻,47,26,21,國泰-台南,2023-02-03,8884
1216,統一,21,0,21,國泰-台南,2023-02-03,8884
2609,陽明,51,30,21,國泰-台南,2023-02-03,8884
2498,宏達電,281,260,21,國泰-台南,2023-02-03,8884
3706,神達,21,0,21,國泰-台南,2023-02-03,8884
4961,天鈺,25,5,20,國泰-台南,2023-02-03,8884
6443,元晶,39,19,20,國泰-台南,2023-02-03,8884
5258,虹堡,104,85,19,國泰-台南,2023-02-03,8884
2327,國巨,20,1,19,國泰-台南,2023-02-03,8884
2482,連宇,126,109,17,國泰-台南,2023-02-03,8884
5386,青雲,17,0,17,國泰-台南,2023-02-03,8884
2484,希華,23,7,16,國泰-台南,2023-02-03,8884
2867,三商壽,18,2,16,國泰-台南,2023-02-03,8884
8033,雷虎,24,8,16,國泰-台南,2023-02-03,8884
2886,兆豐金,16,0,16,國泰-台南,2023-02-03,8884
8069,元太,63,48,15,國泰-台南,2023-02-03,8884
3305,昇貿,18,3,15,國泰-台南,2023-02-03,8884
8050,廣積,17,3,14,國泰-台南,2023-02-03,8884
8289,泰藝,17,3,14,國泰-台南,2023-02-03,8884
1609,大亞,18,5,13,國泰-台南,2023-02-03,8884
00671R,富邦NASDAQ反1,13,0,13,國泰-台南,2023-02-03,8884
2851,中再保,15,2,13,國泰-台南,2023-02-03,8884
3141,晶宏,32,19,13,國泰-台南,2023-02-03,8884
3189,景碩,17,4,13,國泰-台南,2023-02-03,8884
6129,普誠,24,12,12,國泰-台南,2023-02-03,8884
6116,彩晶,13,1,12,國泰-台南,2023-02-03,8884
5608,四維航,21,9,12,國泰-台南,2023-02-03,8884
2615,萬海,27,15,12,國泰-台南,2023-02-03,8884
00878,國泰永續高股息,446,33,413,國泰-台南,2023-02-06,8884
2482,連宇,357,104,253,國泰-台南,2023-02-06,8884
2882,國泰金,236,23,213,國泰-台南,2023-02-06,8884
2888,新光金,213,6,207,國泰-台南,2023-02-06,8884
00679B,元大美債20年,146,41,105,國泰-台南,2023-02-06,8884
1457,宜進,100,1,99,國泰-台南,2023-02-06,8884
00715L,期街口布蘭特正2,89,1,88,國泰-台南,2023-02-06,8884
2812,台中銀,75,2,73,國泰-台南,2023-02-06,8884
9945,潤泰新,75,3,72,國泰-台南,2023-02-06,8884
00882,中信中國高股息,84,15,69,國泰-台南,2023-02-06,8884
00676R,富邦臺灣加權反1,61,0,61,國泰-台南,2023-02-06,8884
1522,堤維西,50,0,50,國泰-台南,2023-02-06,8884
00680L,元大美債20正2,47,2,45,國泰-台南,2023-02-06,8884
2884,玉山金,36,1,35,國泰-台南,2023-02-06,8884
00772B,中信高評級公司債,35,0,35,國泰-台南,2023-02-06,8884
00642U,期元大S＆P石油,34,0,34,國泰-台南,2023-02-06,8884
4746,台耀,73,42,31,國泰-台南,2023-02-06,8884
1605,華新,71,41,30,國泰-台南,2023-02-06,8884
00720B,元大投資級公司債,30,0,30,國泰-台南,2023-02-06,8884
6770,力積電,32,4,28,國泰-台南,2023-02-06,8884
3037,欣興,53,25,28,國泰-台南,2023-02-06,8884
4934,太極,31,4,27,國泰-台南,2023-02-06,8884
2344,華邦電,51,25,26,國泰-台南,2023-02-06,8884
8222,寶一,30,5,25,國泰-台南,2023-02-06,8884
2880,華南金,27,3,24,國泰-台南,2023-02-06,8884
3588,通嘉,51,27,24,國泰-台南,2023-02-06,8884
00655L,國泰中國A50正2,23,0,23,國泰-台南,2023-02-06,8884
6196,帆宣,21,0,21,國泰-台南,2023-02-06,8884
3169,亞信,21,0,21,國泰-台南,2023-02-06,8884
6679,鈺太,21,1,20,國泰-台南,2023-02-06,8884
2883,凱基金,26,6,20,國泰-台南,2023-02-06,8884
2603,長榮,29,9,20,國泰-台南,2023-02-06,8884
0056,元大高股息,50,31,19,國泰-台南,2023-02-06,8884
00669R,國泰美國道瓊反1,20,1,19,國泰-台南,2023-02-06,8884
5880,合庫金,27,9,18,國泰-台南,2023-02-06,8884
2330,台積電,75,57,18,國泰-台南,2023-02-06,8884
2236,百達-KY,34,16,18,國泰-台南,2023-02-06,8884
4109,加捷生醫,17,0,17,國泰-台南,2023-02-06,8884
6213,聯茂,19,2,17,國泰-台南,2023-02-06,8884
6244,茂迪,18,1,17,國泰-台南,2023-02-06,8884
1752,南光,105,88,17,國泰-台南,2023-02-06,8884
00891,中信關鍵半導體,18,2,16,國泰-台南,2023-02-06,8884
2368,金像電,19,3,16,國泰-台南,2023-02-06,8884
4979,華星光,37,21,16,國泰-台南,2023-02-06,8884
2886,兆豐金,24,8,16,國泰-台南,2023-02-06,8884
00637L,元大滬深300正2,45,30,15,國泰-台南,2023-02-06,8884
3189,景碩,17,2,15,國泰-台南,2023-02-06,8884
6153,嘉聯益,15,0,15,國泰-台南,2023-02-06,8884
8927,北基,15,0,15,國泰-台南,2023-02-06,8884
2230,泰茂,27,13,14,國泰-台南,2023-02-06,8884
2610,華航,109,7,102,國泰-台南,2023-02-07,8884
00676R,富邦臺灣加權反1,67,0,67,國泰-台南,2023-02-07,8884
00878,國泰永續高股息,123,58,65,國泰-台南,2023-02-07,8884
3706,神達,71,10,61,國泰-台南,2023-02-07,8884
00706L,期元大S＆P日圓正2,100,40,60,國泰-台南,2023-02-07,8884
2317,鴻海,70,16,54,國泰-台南,2023-02-07,8884
2812,台中銀,57,6,51,國泰-台南,2023-02-07,8884
00720B,元大投資級公司債,51,0,51,國泰-台南,2023-02-07,8884
6282,康舒,97,51,46,國泰-台南,2023-02-07,8884
00715L,期街口布蘭特正2,45,0,45,國泰-台南,2023-02-07,8884
00712,復華富時不動產,41,0,41,國泰-台南,2023-02-07,8884
9904,寶成,38,0,38,國泰-台南,2023-02-07,8884
2454,聯發科,37,0,37,國泰-台南,2023-02-07,8884
1752,南光,120,84,36,國泰-台南,2023-02-07,8884
00772B,中信高評級公司債,39,4,35,國泰-台南,2023-02-07,8884
2344,華邦電,41,7,34,國泰-台南,2023-02-07,8884
00683L,期元大美元指正2,41,8,33,國泰-台南,2023-02-07,8884
2867,三商壽,31,0,31,國泰-台南,2023-02-07,8884
2002,中鋼,34,4,30,國泰-台南,2023-02-07,8884
00679B,元大美債20年,40,10,30,國泰-台南,2023-02-07,8884
2884,玉山金,30,2,28,國泰-台南,2023-02-07,8884
4934,太極,44,20,24,國泰-台南,2023-02-07,8884
00891,中信關鍵半導體,28,5,23,國泰-台南,2023-02-07,8884
6443,元晶,26,4,22,國泰-台南,2023-02-07,8884
2887,台新金,30,9,21,國泰-台南,2023-02-07,8884
00651R,復華香港反1,20,0,20,國泰-台南,2023-02-07,8884
2891,中信金,19,1,18,國泰-台南,2023-02-07,8884
4744,皇將,31,13,18,國泰-台南,2023-02-07,8884
4128,中天,21,3,18,國泰-台南,2023-02-07,8884
00725B,國泰投資級公司債,16,0,16,國泰-台南,2023-02-07,8884
6104,創惟,23,9,14,國泰-台南,2023-02-07,8884
3037,欣興,25,12,13,國泰-台南,2023-02-07,8884
3624,光頡,25,12,13,國泰-台南,2023-02-07,8884
1795,美時,92,80,12,國泰-台南,2023-02-07,8884
2609,陽明,16,4,12,國泰-台南,2023-02-07,8884
00669R,國泰美國道瓊反1,15,3,12,國泰-台南,2023-02-07,8884
4726,永昕,17,5,12,國泰-台南,2023-02-07,8884
00882,中信中國高股息,18,6,12,國泰-台南,2023-02-07,8884
0056,元大高股息,19,7,12,國泰-台南,2023-02-07,8884
6806,森崴能源,14,3,11,國泰-台南,2023-02-07,8884
6509,聚和,16,5,11,國泰-台南,2023-02-07,8884
1524,耿鼎,27,16,11,國泰-台南,2023-02-07,8884
00753L,中信中國50正2,11,0,11,國泰-台南,2023-02-07,8884
2603,長榮,17,6,11,國泰-台南,2023-02-07,8884
2368,金像電,19,8,11,國泰-台南,2023-02-07,8884
00642U,期元大S＆P石油,10,0,10,國泰-台南,2023-02-07,8884
4114,健喬,55,45,10,國泰-台南,2023-02-07,8884
6770,力積電,22,12,10,國泰-台南,2023-02-07,8884
2367,燿華,10,0,10,國泰-台南,2023-02-07,8884
8433,弘帆,10,0,10,國泰-台南,2023-02-07,8884
00632R,元大台灣50反1,206,5,201,國泰-台南,2023-02-08,8884
00676R,富邦臺灣加權反1,194,0,194,國泰-台南,2023-02-08,8884
00772B,中信高評級公司債,116,0,116,國泰-台南,2023-02-08,8884
00679B,元大美債20年,112,8,104,國泰-台南,2023-02-08,8884
4114,健喬,166,73,93,國泰-台南,2023-02-08,8884
5475,德宏,80,0,80,國泰-台南,2023-02-08,8884
2049,上銀,98,33,65,國泰-台南,2023-02-08,8884
5515,建國,64,0,64,國泰-台南,2023-02-08,8884
00720B,元大投資級公司債,62,0,62,國泰-台南,2023-02-08,8884
00885,富邦越南,53,2,51,國泰-台南,2023-02-08,8884
4950,牧東,50,0,50,國泰-台南,2023-02-08,8884
00903,富邦元宇宙,50,0,50,國泰-台南,2023-02-08,8884
00715L,期街口布蘭特正2,58,26,32,國泰-台南,2023-02-08,8884
2368,金像電,39,7,32,國泰-台南,2023-02-08,8884
2891,中信金,33,3,30,國泰-台南,2023-02-08,8884
00882,中信中國高股息,35,5,30,國泰-台南,2023-02-08,8884
00680L,元大美債20正2,39,10,29,國泰-台南,2023-02-08,8884
00713,元大台灣高息低波,30,1,29,國泰-台南,2023-02-08,8884
2313,華通,29,1,28,國泰-台南,2023-02-08,8884
4173,久裕,28,0,28,國泰-台南,2023-02-08,8884
3624,光頡,35,8,27,國泰-台南,2023-02-08,8884
4157,太景*-KY,27,0,27,國泰-台南,2023-02-08,8884
4744,皇將,28,2,26,國泰-台南,2023-02-08,8884
00683L,期元大美元指正2,24,0,24,國泰-台南,2023-02-08,8884
2890,永豐金,25,2,23,國泰-台南,2023-02-08,8884
2014,中鴻,28,5,23,國泰-台南,2023-02-08,8884
2610,華航,43,23,20,國泰-台南,2023-02-08,8884
2884,玉山金,22,3,19,國泰-台南,2023-02-08,8884
00664R,國泰臺灣加權反1,19,0,19,國泰-台南,2023-02-08,8884
00751B,元大AAA至A公司債,19,0,19,國泰-台南,2023-02-08,8884
6282,康舒,73,55,18,國泰-台南,2023-02-08,8884
6547,高端疫苗,20,3,17,國泰-台南,2023-02-08,8884
4121,優盛,15,0,15,國泰-台南,2023-02-08,8884
4745,合富-KY,15,0,15,國泰-台南,2023-02-08,8884
6531,愛普*,25,10,15,國泰-台南,2023-02-08,8884
00670L,富邦NASDAQ正2,26,11,15,國泰-台南,2023-02-08,8884
8171,天宇,85,71,14,國泰-台南,2023-02-08,8884
3178,公準,14,0,14,國泰-台南,2023-02-08,8884
5014,建錩,14,0,14,國泰-台南,2023-02-08,8884
2892,第一金,13,0,13,國泰-台南,2023-02-08,8884
2834,臺企銀,13,1,12,國泰-台南,2023-02-08,8884
8033,雷虎,13,1,12,國泰-台南,2023-02-08,8884
2504,國產,12,0,12,國泰-台南,2023-02-08,8884
00669R,國泰美國道瓊反1,12,0,12,國泰-台南,2023-02-08,8884
5905,南仁湖,12,0,12,國泰-台南,2023-02-08,8884
3081,聯亞,13,1,12,國泰-台南,2023-02-08,8884
1513,中興電,34,22,12,國泰-台南,2023-02-08,8884
2886,兆豐金,20,9,11,國泰-台南,2023-02-08,8884
6443,元晶,11,0,11,國泰-台南,2023-02-08,8884
00907,永豐優息存股,11,0,11,國泰-台南,2023-02-08,8884
00878,國泰永續高股息,360,14,346,國泰-台南,2023-02-09,8884
2618,長榮航,145,30,115,國泰-台南,2023-02-09,8884
2610,華航,123,13,110,國泰-台南,2023-02-09,8884
00720B,元大投資級公司債,94,0,94,國泰-台南,2023-02-09,8884
2607,榮運,114,38,76,國泰-台南,2023-02-09,8884
00772B,中信高評級公司債,74,0,74,國泰-台南,2023-02-09,8884
00676R,富邦臺灣加權反1,95,30,65,國泰-台南,2023-02-09,8884
6531,愛普*,93,30,63,國泰-台南,2023-02-09,8884
00632R,元大台灣50反1,67,8,59,國泰-台南,2023-02-09,8884
1340,勝悅-KY,57,1,56,國泰-台南,2023-02-09,8884
00679B,元大美債20年,47,0,47,國泰-台南,2023-02-09,8884
8072,陞泰,50,4,46,國泰-台南,2023-02-09,8884
2882,國泰金,48,6,42,國泰-台南,2023-02-09,8884
8222,寶一,50,14,36,國泰-台南,2023-02-09,8884
3128,昇銳,46,11,35,國泰-台南,2023-02-09,8884
2482,連宇,37,4,33,國泰-台南,2023-02-09,8884
00751B,元大AAA至A公司債,32,0,32,國泰-台南,2023-02-09,8884
1101,台泥,31,0,31,國泰-台南,2023-02-09,8884
2888,新光金,27,0,27,國泰-台南,2023-02-09,8884
0056,元大高股息,31,4,27,國泰-台南,2023-02-09,8884
2845,遠東銀,26,0,26,國泰-台南,2023-02-09,8884
00907,永豐優息存股,21,0,21,國泰-台南,2023-02-09,8884
2367,燿華,21,0,21,國泰-台南,2023-02-09,8884
2883B,凱基金乙特,21,0,21,國泰-台南,2023-02-09,8884
3228,金麗科,25,5,20,國泰-台南,2023-02-09,8884
2442,新美齊,20,0,20,國泰-台南,2023-02-09,8884
00673R,期元大S＆P原油反1,24,4,20,國泰-台南,2023-02-09,8884
6477,安集,19,0,19,國泰-台南,2023-02-09,8884
1605,華新,36,17,19,國泰-台南,2023-02-09,8884
2368,金像電,28,11,17,國泰-台南,2023-02-09,8884
2603,長榮,19,2,17,國泰-台南,2023-02-09,8884
3624,光頡,24,7,17,國泰-台南,2023-02-09,8884
2484,希華,22,5,17,國泰-台南,2023-02-09,8884
00757,統一FANG+,16,0,16,國泰-台南,2023-02-09,8884
3548,兆利,16,0,16,國泰-台南,2023-02-09,8884
5203,訊連,21,6,15,國泰-台南,2023-02-09,8884
2535,達欣工,15,0,15,國泰-台南,2023-02-09,8884
2358,廷鑫,15,0,15,國泰-台南,2023-02-09,8884
4114,健喬,79,64,15,國泰-台南,2023-02-09,8884
3035,智原,30,15,15,國泰-台南,2023-02-09,8884
2492,華新科,14,0,14,國泰-台南,2023-02-09,8884
2498,宏達電,63,49,14,國泰-台南,2023-02-09,8884
2707,晶華,14,1,13,國泰-台南,2023-02-09,8884
00683L,期元大美元指正2,13,0,13,國泰-台南,2023-02-09,8884
4173,久裕,13,0,13,國泰-台南,2023-02-09,8884
00715L,期街口布蘭特正2,56,43,13,國泰-台南,2023-02-09,8884
00687B,國泰20年美債,13,0,13,國泰-台南,2023-02-09,8884
1102,亞泥,12,0,12,國泰-台南,2023-02-09,8884
5258,虹堡,25,13,12,國泰-台南,2023-02-09,8884
2891,中信金,16,4,12,國泰-台南,2023-02-09,8884
00632R,元大台灣50反1,716,165,551,國泰-台南,2023-02-10,8884
00878,國泰永續高股息,574,33,541,國泰-台南,2023-02-10,8884
00676R,富邦臺灣加權反1,160,0,160,國泰-台南,2023-02-10,8884
00772B,中信高評級公司債,91,2,89,國泰-台南,2023-02-10,8884
00712,復華富時不動產,87,0,87,國泰-台南,2023-02-10,8884
6282,康舒,97,32,65,國泰-台南,2023-02-10,8884
2388,威盛,74,17,57,國泰-台南,2023-02-10,8884
00720B,元大投資級公司債,53,1,52,國泰-台南,2023-02-10,8884
00679B,元大美債20年,56,9,47,國泰-台南,2023-02-10,8884
2453,凌群,111,70,41,國泰-台南,2023-02-10,8884
00751B,元大AAA至A公司債,38,2,36,國泰-台南,2023-02-10,8884
2344,華邦電,64,28,36,國泰-台南,2023-02-10,8884
2368,金像電,38,4,34,國泰-台南,2023-02-10,8884
00715L,期街口布蘭特正2,34,2,32,國泰-台南,2023-02-10,8884
2498,宏達電,89,59,30,國泰-台南,2023-02-10,8884
2482,連宇,31,1,30,國泰-台南,2023-02-10,8884
00773B,中信優先金融債,32,3,29,國泰-台南,2023-02-10,8884
6129,普誠,40,12,28,國泰-台南,2023-02-10,8884
6156,松上,26,0,26,國泰-台南,2023-02-10,8884
1584,精剛,107,82,25,國泰-台南,2023-02-10,8884
3231,緯創,24,0,24,國泰-台南,2023-02-10,8884
2610,華航,37,13,24,國泰-台南,2023-02-10,8884
6118,建達,24,0,24,國泰-台南,2023-02-10,8884
00636,國泰中國A50,24,0,24,國泰-台南,2023-02-10,8884
5227,立凱-KY,25,1,24,國泰-台南,2023-02-10,8884
0056,元大高股息,36,12,24,國泰-台南,2023-02-10,8884
2845,遠東銀,24,0,24,國泰-台南,2023-02-10,8884
6770,力積電,27,5,22,國泰-台南,2023-02-10,8884
2607,榮運,22,1,21,國泰-台南,2023-02-10,8884
5483,中美晶,36,15,21,國泰-台南,2023-02-10,8884
2409,友達,24,3,21,國泰-台南,2023-02-10,8884
6547,高端疫苗,22,2,20,國泰-台南,2023-02-10,8884
1513,中興電,68,50,18,國泰-台南,2023-02-10,8884
2883,凱基金,56,38,18,國泰-台南,2023-02-10,8884
5009,榮剛,23,5,18,國泰-台南,2023-02-10,8884
00900,富邦特選高股息30,37,20,17,國泰-台南,2023-02-10,8884
00885,富邦越南,17,0,17,國泰-台南,2023-02-10,8884
3035,智原,34,17,17,國泰-台南,2023-02-10,8884
1210,大成,16,0,16,國泰-台南,2023-02-10,8884
2618,長榮航,62,46,16,國泰-台南,2023-02-10,8884
2929,淘帝-KY,17,1,16,國泰-台南,2023-02-10,8884
00907,永豐優息存股,16,0,16,國泰-台南,2023-02-10,8884
1101,台泥,22,6,16,國泰-台南,2023-02-10,8884
1605,華新,58,43,15,國泰-台南,2023-02-10,8884
5351,鈺創,23,9,14,國泰-台南,2023-02-10,8884
4934,太極,53,39,14,國泰-台南,2023-02-10,8884
3015,全漢,14,0,14,國泰-台南,2023-02-10,8884
2006,東和鋼鐵,14,0,14,國泰-台南,2023-02-10,8884
2399,映泰,13,0,13,國泰-台南,2023-02-10,8884
1453,大將,27,14,13,國泰-台南,2023-02-10,8884
00632R,元大台灣50反1,613,110,503,國泰-台南,2023-02-13,8884
00878,國泰永續高股息,499,170,329,國泰-台南,2023-02-13,8884
00676R,富邦臺灣加權反1,157,1,156,國泰-台南,2023-02-13,8884
6142,友勁,100,4,96,國泰-台南,2023-02-13,8884
2801,彰銀,100,20,80,國泰-台南,2023-02-13,8884
00720B,元大投資級公司債,73,0,73,國泰-台南,2023-02-13,8884
00679B,元大美債20年,90,18,72,國泰-台南,2023-02-13,8884
00772B,中信高評級公司債,70,0,70,國泰-台南,2023-02-13,8884
2243,宏旭-KY,50,1,49,國泰-台南,2023-02-13,8884
8033,雷虎,64,18,46,國泰-台南,2023-02-13,8884
00673R,期元大S＆P原油反1,44,0,44,國泰-台南,2023-02-13,8884
0056,元大高股息,64,21,43,國泰-台南,2023-02-13,8884
4960,誠美材,66,24,42,國泰-台南,2023-02-13,8884
00751B,元大AAA至A公司債,40,0,40,國泰-台南,2023-02-13,8884
2722,夏都,39,0,39,國泰-台南,2023-02-13,8884
6806,森崴能源,98,62,36,國泰-台南,2023-02-13,8884
2634,漢翔,67,33,34,國泰-台南,2023-02-13,8884
6605,帝寶,31,0,31,國泰-台南,2023-02-13,8884
3481,群創,32,3,29,國泰-台南,2023-02-13,8884
4114,健喬,153,126,27,國泰-台南,2023-02-13,8884
2409,友達,27,0,27,國泰-台南,2023-02-13,8884
2482,連宇,26,0,26,國泰-台南,2023-02-13,8884
2618,長榮航,71,46,25,國泰-台南,2023-02-13,8884
2506,太設,25,0,25,國泰-台南,2023-02-13,8884
2303,聯電,49,25,24,國泰-台南,2023-02-13,8884
6770,力積電,29,5,24,國泰-台南,2023-02-13,8884
00881,國泰台灣5G+,24,0,24,國泰-台南,2023-02-13,8884
2609,陽明,59,37,22,國泰-台南,2023-02-13,8884
2367,燿華,26,4,22,國泰-台南,2023-02-13,8884
00680L,元大美債20正2,21,0,21,國泰-台南,2023-02-13,8884
00892,富邦台灣半導體,20,0,20,國泰-台南,2023-02-13,8884
2888,新光金,23,4,19,國泰-台南,2023-02-13,8884
2603,長榮,36,17,19,國泰-台南,2023-02-13,8884
6547,高端疫苗,28,10,18,國泰-台南,2023-02-13,8884
3704,合勤控,57,40,17,國泰-台南,2023-02-13,8884
2906,高林,19,3,16,國泰-台南,2023-02-13,8884
00669R,國泰美國道瓊反1,16,0,16,國泰-台南,2023-02-13,8884
00900,富邦特選高股息30,18,2,16,國泰-台南,2023-02-13,8884
1718,中纖,15,0,15,國泰-台南,2023-02-13,8884
2453,凌群,87,72,15,國泰-台南,2023-02-13,8884
2009,第一銅,30,15,15,國泰-台南,2023-02-13,8884
4745,合富-KY,15,0,15,國泰-台南,2023-02-13,8884
3169,亞信,15,0,15,國泰-台南,2023-02-13,8884
00773B,中信優先金融債,13,0,13,國泰-台南,2023-02-13,8884
00725B,國泰投資級公司債,13,0,13,國泰-台南,2023-02-13,8884
2317,鴻海,23,10,13,國泰-台南,2023-02-13,8884
00882,中信中國高股息,30,17,13,國泰-台南,2023-02-13,8884
2208,台船,15,3,12,國泰-台南,2023-02-13,8884
2707,晶華,12,0,12,國泰-台南,2023-02-13,8884
2442,新美齊,11,0,11,國泰-台南,2023-02-13,8884
2344,華邦電,383,28,355,國泰-台南,2023-02-14,8884
00673R,期元大S＆P原油反1,322,0,322,國泰-台南,2023-02-14,8884
00878,國泰永續高股息,566,298,268,國泰-台南,2023-02-14,8884
00632R,元大台灣50反1,227,38,189,國泰-台南,2023-02-14,8884
00676R,富邦臺灣加權反1,112,18,94,國泰-台南,2023-02-14,8884
3141,晶宏,100,8,92,國泰-台南,2023-02-14,8884
6411,晶焱,91,4,87,國泰-台南,2023-02-14,8884
8222,寶一,218,149,69,國泰-台南,2023-02-14,8884
00679B,元大美債20年,66,1,65,國泰-台南,2023-02-14,8884
2027,大成鋼,45,0,45,國泰-台南,2023-02-14,8884
4129,聯合,45,2,43,國泰-台南,2023-02-14,8884
4931,新盛力,41,4,37,國泰-台南,2023-02-14,8884
2454,聯發科,38,2,36,國泰-台南,2023-02-14,8884
2610,華航,80,47,33,國泰-台南,2023-02-14,8884
2888,新光金,49,17,32,國泰-台南,2023-02-14,8884
2014,中鴻,35,4,31,國泰-台南,2023-02-14,8884
6288,聯嘉,27,1,26,國泰-台南,2023-02-14,8884
00720B,元大投資級公司債,24,0,24,國泰-台南,2023-02-14,8884
00772B,中信高評級公司債,23,0,23,國泰-台南,2023-02-14,8884
8069,元太,40,18,22,國泰-台南,2023-02-14,8884
6282,康舒,31,10,21,國泰-台南,2023-02-14,8884
2444,兆勁,21,0,21,國泰-台南,2023-02-14,8884
00648R,元大S＆P500反1,20,0,20,國泰-台南,2023-02-14,8884
3147,大綜,22,3,19,國泰-台南,2023-02-14,8884
2547,日勝生,20,2,18,國泰-台南,2023-02-14,8884
8215,明基材,24,6,18,國泰-台南,2023-02-14,8884
2442,新美齊,16,0,16,國泰-台南,2023-02-14,8884
3528,安馳,18,2,16,國泰-台南,2023-02-14,8884
00885,富邦越南,16,1,15,國泰-台南,2023-02-14,8884
00752,中信中國50,15,0,15,國泰-台南,2023-02-14,8884
6541,泰福-KY,35,20,15,國泰-台南,2023-02-14,8884
1201,味全,15,0,15,國泰-台南,2023-02-14,8884
2471,資通,24,9,15,國泰-台南,2023-02-14,8884
4503,金雨,18,5,13,國泰-台南,2023-02-14,8884
2017,官田鋼,18,5,13,國泰-台南,2023-02-14,8884
2388,威盛,21,8,13,國泰-台南,2023-02-14,8884
2890,永豐金,20,7,13,國泰-台南,2023-02-14,8884
9939,宏全,13,0,13,國泰-台南,2023-02-14,8884
1605,華新,60,48,12,國泰-台南,2023-02-14,8884
2206,三陽工業,16,4,12,國泰-台南,2023-02-14,8884
1512,瑞利,12,0,12,國泰-台南,2023-02-14,8884
2405,輔信,12,0,12,國泰-台南,2023-02-14,8884
6188,廣明,16,4,12,國泰-台南,2023-02-14,8884
6443,元晶,14,2,12,國泰-台南,2023-02-14,8884
1701,中化,21,10,11,國泰-台南,2023-02-14,8884
2230,泰茂,15,4,11,國泰-台南,2023-02-14,8884
3013,晟銘電,14,3,11,國泰-台南,2023-02-14,8884
2609,陽明,21,10,11,國泰-台南,2023-02-14,8884
5425,台半,14,3,11,國泰-台南,2023-02-14,8884
3624,光頡,14,4,10,國泰-台南,2023-02-14,8884
00878,國泰永續高股息,931,328,603,國泰-台南,2023-02-15,8884
00676R,富邦臺灣加權反1,140,0,140,國泰-台南,2023-02-15,8884
00632R,元大台灣50反1,406,327,79,國泰-台南,2023-02-15,8884
6116,彩晶,67,1,66,國泰-台南,2023-02-15,8884
2027,大成鋼,97,35,62,國泰-台南,2023-02-15,8884
2014,中鴻,70,8,62,國泰-台南,2023-02-15,8884
00885,富邦越南,55,1,54,國泰-台南,2023-02-15,8884
2607,榮運,50,0,50,國泰-台南,2023-02-15,8884
00683L,期元大美元指正2,50,0,50,國泰-台南,2023-02-15,8884
00881,國泰台灣5G+,44,3,41,國泰-台南,2023-02-15,8884
0056,元大高股息,46,6,40,國泰-台南,2023-02-15,8884
6148,驊宏資,41,2,39,國泰-台南,2023-02-15,8884
2618,長榮航,65,28,37,國泰-台南,2023-02-15,8884
00900,富邦特選高股息30,44,7,37,國泰-台南,2023-02-15,8884
3207,耀勝,73,38,35,國泰-台南,2023-02-15,8884
5905,南仁湖,94,60,34,國泰-台南,2023-02-15,8884
00720B,元大投資級公司債,33,0,33,國泰-台南,2023-02-15,8884
2891,中信金,34,2,32,國泰-台南,2023-02-15,8884
3027,盛達,72,42,30,國泰-台南,2023-02-15,8884
2883B,凱基金乙特,30,0,30,國泰-台南,2023-02-15,8884
4536,拓凱,31,3,28,國泰-台南,2023-02-15,8884
00882,中信中國高股息,34,6,28,國泰-台南,2023-02-15,8884
5880,合庫金,28,1,27,國泰-台南,2023-02-15,8884
006208,富邦台50,27,1,26,國泰-台南,2023-02-15,8884
8069,元太,37,11,26,國泰-台南,2023-02-15,8884
2330,台積電,44,20,24,國泰-台南,2023-02-15,8884
6278,台表科,23,1,22,國泰-台南,2023-02-15,8884
2453,凌群,83,62,21,國泰-台南,2023-02-15,8884
00673R,期元大S＆P原油反1,35,15,20,國泰-台南,2023-02-15,8884
00669R,國泰美國道瓊反1,20,0,20,國泰-台南,2023-02-15,8884
8349,�矬�,24,5,19,國泰-台南,2023-02-15,8884
9904,寶成,20,2,18,國泰-台南,2023-02-15,8884
6120,達運,18,0,18,國泰-台南,2023-02-15,8884
2834,臺企銀,21,3,18,國泰-台南,2023-02-15,8884
2316,楠梓電,17,0,17,國泰-台南,2023-02-15,8884
8255,朋程,27,12,15,國泰-台南,2023-02-15,8884
1338,廣華-KY,15,0,15,國泰-台南,2023-02-15,8884
8096,擎亞,15,0,15,國泰-台南,2023-02-15,8884
00713,元大台灣高息低波,15,0,15,國泰-台南,2023-02-15,8884
2442,新美齊,14,0,14,國泰-台南,2023-02-15,8884
2471,資通,111,97,14,國泰-台南,2023-02-15,8884
0050,元大台灣50,24,11,13,國泰-台南,2023-02-15,8884
00633L,富邦上証正2,16,3,13,國泰-台南,2023-02-15,8884
1432,大魯閣,13,1,12,國泰-台南,2023-02-15,8884
2889,國票金,13,1,12,國泰-台南,2023-02-15,8884
00892,富邦台灣半導體,12,0,12,國泰-台南,2023-02-15,8884
2890,永豐金,28,17,11,國泰-台南,2023-02-15,8884
2809,京城銀,11,0,11,國泰-台南,2023-02-15,8884
2230,泰茂,14,3,11,國泰-台南,2023-02-15,8884
2882,國泰金,23,13,10,國泰-台南,2023-02-15,8884
00878,國泰永續高股息,631,100,531,國泰-台南,2023-02-16,8884
00673R,期元大S＆P原油反1,241,0,241,國泰-台南,2023-02-16,8884
00676R,富邦臺灣加權反1,215,0,215,國泰-台南,2023-02-16,8884
00679B,元大美債20年,179,3,176,國泰-台南,2023-02-16,8884
5905,南仁湖,133,49,84,國泰-台南,2023-02-16,8884
00632R,元大台灣50反1,136,56,80,國泰-台南,2023-02-16,8884
4744,皇將,54,2,52,國泰-台南,2023-02-16,8884
00720B,元大投資級公司債,50,0,50,國泰-台南,2023-02-16,8884
3078,僑威,49,1,48,國泰-台南,2023-02-16,8884
1609,大亞,109,68,41,國泰-台南,2023-02-16,8884
6217,中探針,46,9,37,國泰-台南,2023-02-16,8884
8234,新漢,40,3,37,國泰-台南,2023-02-16,8884
8183,精星,37,2,35,國泰-台南,2023-02-16,8884
8171,天宇,52,17,35,國泰-台南,2023-02-16,8884
1605,華新,81,53,28,國泰-台南,2023-02-16,8884
8215,明基材,27,0,27,國泰-台南,2023-02-16,8884
00671R,富邦NASDAQ反1,25,1,24,國泰-台南,2023-02-16,8884
1101,台泥,24,1,23,國泰-台南,2023-02-16,8884
00882,中信中國高股息,25,3,22,國泰-台南,2023-02-16,8884
00680L,元大美債20正2,22,0,22,國泰-台南,2023-02-16,8884
2332,友訊,23,2,21,國泰-台南,2023-02-16,8884
00773B,中信優先金融債,21,0,21,國泰-台南,2023-02-16,8884
2027,大成鋼,22,2,20,國泰-台南,2023-02-16,8884
8105,凌巨,23,4,19,國泰-台南,2023-02-16,8884
2313,華通,17,1,16,國泰-台南,2023-02-16,8884
00725B,國泰投資級公司債,16,0,16,國泰-台南,2023-02-16,8884
6005,群益證,19,3,16,國泰-台南,2023-02-16,8884
8033,雷虎,24,9,15,國泰-台南,2023-02-16,8884
1503,士電,47,33,14,國泰-台南,2023-02-16,8884
2201,裕隆,67,54,13,國泰-台南,2023-02-16,8884
00706L,期元大S＆P日圓正2,13,0,13,國泰-台南,2023-02-16,8884
2731,雄獅,58,46,12,國泰-台南,2023-02-16,8884
3710,連展投控,17,6,11,國泰-台南,2023-02-16,8884
2884,玉山金,16,5,11,國泰-台南,2023-02-16,8884
00681R,元大美債20反1,11,0,11,國泰-台南,2023-02-16,8884
2415,錩新,11,0,11,國泰-台南,2023-02-16,8884
2371,大同,19,8,11,國泰-台南,2023-02-16,8884
2243,宏旭-KY,11,0,11,國泰-台南,2023-02-16,8884
6142,友勁,11,0,11,國泰-台南,2023-02-16,8884
6285,啟��,12,2,10,國泰-台南,2023-02-16,8884
4960,誠美材,46,36,10,國泰-台南,2023-02-16,8884
3231,緯創,10,0,10,國泰-台南,2023-02-16,8884
3665,貿聯-KY,18,8,10,國泰-台南,2023-02-16,8884
3207,耀勝,20,10,10,國泰-台南,2023-02-16,8884
4804,大略-KY,10,0,10,國泰-台南,2023-02-16,8884
5426,振發,10,0,10,國泰-台南,2023-02-16,8884
3484,崧騰,10,0,10,國泰-台南,2023-02-16,8884
00670L,富邦NASDAQ正2,12,2,10,國泰-台南,2023-02-16,8884
2834,臺企銀,11,1,10,國泰-台南,2023-02-16,8884
1301,台塑,11,1,10,國泰-台南,2023-02-16,8884
00878,國泰永續高股息,356,56,300,國泰-台南,2023-02-17,8884
00772B,中信高評級公司債,192,1,191,國泰-台南,2023-02-17,8884
00679B,元大美債20年,144,9,135,國泰-台南,2023-02-17,8884
00632R,元大台灣50反1,191,65,126,國泰-台南,2023-02-17,8884
2027,大成鋼,112,3,109,國泰-台南,2023-02-17,8884
2610,華航,296,196,100,國泰-台南,2023-02-17,8884
2330,台積電,83,8,75,國泰-台南,2023-02-17,8884
2701,萬企,59,3,56,國泰-台南,2023-02-17,8884
00696B,富邦美債20年,54,0,54,國泰-台南,2023-02-17,8884
00893,國泰智能電動車,56,9,47,國泰-台南,2023-02-17,8884
0056,元大高股息,50,3,47,國泰-台南,2023-02-17,8884
2618,長榮航,115,74,41,國泰-台南,2023-02-17,8884
3027,盛達,48,12,36,國泰-台南,2023-02-17,8884
00676R,富邦臺灣加權反1,34,0,34,國泰-台南,2023-02-17,8884
3047,訊舟,33,2,31,國泰-台南,2023-02-17,8884
1402,遠東新,30,0,30,國泰-台南,2023-02-17,8884
2812,台中銀,28,0,28,國泰-台南,2023-02-17,8884
00680L,元大美債20正2,25,0,25,國泰-台南,2023-02-17,8884
00773B,中信優先金融債,22,0,22,國泰-台南,2023-02-17,8884
00795B,中信美國公債20年,24,2,22,國泰-台南,2023-02-17,8884
2201,裕隆,57,36,21,國泰-台南,2023-02-17,8884
2455,全新,27,7,20,國泰-台南,2023-02-17,8884
00751B,元大AAA至A公司債,19,0,19,國泰-台南,2023-02-17,8884
00724B,群益投資級金融債,19,0,19,國泰-台南,2023-02-17,8884
006208,富邦台50,19,0,19,國泰-台南,2023-02-17,8884
4961,天鈺,166,148,18,國泰-台南,2023-02-17,8884
00633L,富邦上証正2,18,1,17,國泰-台南,2023-02-17,8884
00720B,元大投資級公司債,34,18,16,國泰-台南,2023-02-17,8884
2471,資通,96,82,14,國泰-台南,2023-02-17,8884
1417,嘉裕,15,1,14,國泰-台南,2023-02-17,8884
00882,中信中國高股息,17,3,14,國泰-台南,2023-02-17,8884
00637L,元大滬深300正2,16,3,13,國泰-台南,2023-02-17,8884
00753L,中信中國50正2,13,0,13,國泰-台南,2023-02-17,8884
00877,復華中國5G,13,0,13,國泰-台南,2023-02-17,8884
2492,華新科,19,6,13,國泰-台南,2023-02-17,8884
2457,飛宏,18,6,12,國泰-台南,2023-02-17,8884
4919,新唐,24,12,12,國泰-台南,2023-02-17,8884
2892,第一金,14,3,11,國泰-台南,2023-02-17,8884
1609,大亞,25,14,11,國泰-台南,2023-02-17,8884
3661,世芯-KY,16,5,11,國泰-台南,2023-02-17,8884
3466,德晉,11,0,11,國泰-台南,2023-02-17,8884
1540,喬福,70,59,11,國泰-台南,2023-02-17,8884
5227,立凱-KY,11,0,11,國泰-台南,2023-02-17,8884
00752,中信中國50,10,0,10,國泰-台南,2023-02-17,8884
00688L,國泰20年美債正2,10,0,10,國泰-台南,2023-02-17,8884
4533,協易機,10,0,10,國泰-台南,2023-02-17,8884
00857B,永豐20年美公債,10,0,10,國泰-台南,2023-02-17,8884
6224,聚鼎,12,2,10,國泰-台南,2023-02-17,8884
0050,元大台灣50,12,2,10,國泰-台南,2023-02-17,8884
00725B,國泰投資級公司債,10,0,10,國泰-台南,2023-02-17,8884
00679B,元大美債20年,159,27,132,國泰-台南,2023-02-20,8884
3141,晶宏,275,161,114,國泰-台南,2023-02-20,8884
6116,彩晶,97,28,69,國泰-台南,2023-02-20,8884
00632R,元大台灣50反1,88,22,66,國泰-台南,2023-02-20,8884
3481,群創,203,143,60,國泰-台南,2023-02-20,8884
2867,三商壽,60,1,59,國泰-台南,2023-02-20,8884
3078,僑威,47,1,46,國泰-台南,2023-02-20,8884
00882,中信中國高股息,46,1,45,國泰-台南,2023-02-20,8884
6266,泰詠,46,2,44,國泰-台南,2023-02-20,8884
4128,中天,81,38,43,國泰-台南,2023-02-20,8884
2369,菱生,44,2,42,國泰-台南,2023-02-20,8884
00676R,富邦臺灣加權反1,39,0,39,國泰-台南,2023-02-20,8884
2603,長榮,42,10,32,國泰-台南,2023-02-20,8884
8222,寶一,46,15,31,國泰-台南,2023-02-20,8884
1402,遠東新,30,0,30,國泰-台南,2023-02-20,8884
5706,鳳凰,31,3,28,國泰-台南,2023-02-20,8884
1616,億泰,28,0,28,國泰-台南,2023-02-20,8884
1304,台聚,31,3,28,國泰-台南,2023-02-20,8884
00902,中信電池及儲能,29,2,27,國泰-台南,2023-02-20,8884
3675,德微,27,1,26,國泰-台南,2023-02-20,8884
2201,裕隆,31,8,23,國泰-台南,2023-02-20,8884
00753L,中信中國50正2,23,0,23,國泰-台南,2023-02-20,8884
2739,寒舍,23,0,23,國泰-台南,2023-02-20,8884
1438,三地開發,22,0,22,國泰-台南,2023-02-20,8884
00655L,國泰中國A50正2,24,2,22,國泰-台南,2023-02-20,8884
6284,佳邦,27,5,22,國泰-台南,2023-02-20,8884
3494,誠研,24,2,22,國泰-台南,2023-02-20,8884
2328,廣宇,46,25,21,國泰-台南,2023-02-20,8884
00637L,元大滬深300正2,76,56,20,國泰-台南,2023-02-20,8884
00857B,永豐20年美公債,27,7,20,國泰-台南,2023-02-20,8884
2314,台揚,26,7,19,國泰-台南,2023-02-20,8884
00696B,富邦美債20年,19,0,19,國泰-台南,2023-02-20,8884
1612,宏泰,20,1,19,國泰-台南,2023-02-20,8884
1795,美時,46,28,18,國泰-台南,2023-02-20,8884
2537,聯上發,18,0,18,國泰-台南,2023-02-20,8884
4121,優盛,19,1,18,國泰-台南,2023-02-20,8884
8383,千附,22,5,17,國泰-台南,2023-02-20,8884
6024,群益期,16,0,16,國泰-台南,2023-02-20,8884
00633L,富邦上証正2,15,0,15,國泰-台南,2023-02-20,8884
6139,亞翔,16,1,15,國泰-台南,2023-02-20,8884
5328,華容,14,0,14,國泰-台南,2023-02-20,8884
1519,華城,48,34,14,國泰-台南,2023-02-20,8884
2743,山富,18,4,14,國泰-台南,2023-02-20,8884
3058,立德,15,2,13,國泰-台南,2023-02-20,8884
8926,台汽電,13,0,13,國泰-台南,2023-02-20,8884
2702,華園,14,1,13,國泰-台南,2023-02-20,8884
2453,凌群,19,7,12,國泰-台南,2023-02-20,8884
3545,敦泰,14,2,12,國泰-台南,2023-02-20,8884
2731,雄獅,18,6,12,國泰-台南,2023-02-20,8884
00687B,國泰20年美債,12,0,12,國泰-台南,2023-02-20,8884
2884,玉山金,566,99,467,國泰-台南,2023-02-21,8884
2371,大同,250,6,244,國泰-台南,2023-02-21,8884
00772B,中信高評級公司債,153,1,152,國泰-台南,2023-02-21,8884
2419,仲琦,111,1,110,國泰-台南,2023-02-21,8884
00878,國泰永續高股息,146,39,107,國泰-台南,2023-02-21,8884
6806,森崴能源,110,5,105,國泰-台南,2023-02-21,8884
2867,三商壽,194,95,99,國泰-台南,2023-02-21,8884
5536,聖暉*,97,7,90,國泰-台南,2023-02-21,8884
3419,譁裕,71,2,69,國泰-台南,2023-02-21,8884
2634,漢翔,73,18,55,國泰-台南,2023-02-21,8884
2618,長榮航,73,19,54,國泰-台南,2023-02-21,8884
6129,普誠,74,21,53,國泰-台南,2023-02-21,8884
00753L,中信中國50正2,52,0,52,國泰-台南,2023-02-21,8884
2838,聯邦銀,49,0,49,國泰-台南,2023-02-21,8884
00676R,富邦臺灣加權反1,48,0,48,國泰-台南,2023-02-21,8884
2882,國泰金,61,13,48,國泰-台南,2023-02-21,8884
2706,第一店,48,1,47,國泰-台南,2023-02-21,8884
2369,菱生,42,0,42,國泰-台南,2023-02-21,8884
2017,官田鋼,47,8,39,國泰-台南,2023-02-21,8884
2705,六福,51,12,39,國泰-台南,2023-02-21,8884
4916,事欣科,40,1,39,國泰-台南,2023-02-21,8884
3049,精金,39,1,38,國泰-台南,2023-02-21,8884
00725B,國泰投資級公司債,38,0,38,國泰-台南,2023-02-21,8884
1513,中興電,112,77,35,國泰-台南,2023-02-21,8884
2610,華航,143,109,34,國泰-台南,2023-02-21,8884
6288,聯嘉,111,82,29,國泰-台南,2023-02-21,8884
4960,誠美材,32,4,28,國泰-台南,2023-02-21,8884
00720B,元大投資級公司債,25,0,25,國泰-台南,2023-02-21,8884
6125,廣運,30,6,24,國泰-台南,2023-02-21,8884
00751B,元大AAA至A公司債,23,0,23,國泰-台南,2023-02-21,8884
3013,晟銘電,25,2,23,國泰-台南,2023-02-21,8884
2897,王道銀行,23,1,22,國泰-台南,2023-02-21,8884
00679B,元大美債20年,25,4,21,國泰-台南,2023-02-21,8884
00882,中信中國高股息,56,36,20,國泰-台南,2023-02-21,8884
3321,同泰,20,0,20,國泰-台南,2023-02-21,8884
5009,榮剛,22,4,18,國泰-台南,2023-02-21,8884
2367,燿華,22,4,18,國泰-台南,2023-02-21,8884
2880,華南金,17,0,17,國泰-台南,2023-02-21,8884
00885,富邦越南,17,0,17,國泰-台南,2023-02-21,8884
5309,系統電,20,3,17,國泰-台南,2023-02-21,8884
2504,國產,17,0,17,國泰-台南,2023-02-21,8884
00795B,中信美國公債20年,18,1,17,國泰-台南,2023-02-21,8884
3594,磐儀,142,126,16,國泰-台南,2023-02-21,8884
3027,盛達,124,108,16,國泰-台南,2023-02-21,8884
2230,泰茂,21,5,16,國泰-台南,2023-02-21,8884
00713,元大台灣高息低波,18,3,15,國泰-台南,2023-02-21,8884
6546,正基,17,3,14,國泰-台南,2023-02-21,8884
1708,東鹼,15,1,14,國泰-台南,2023-02-21,8884
8044,網家,14,0,14,國泰-台南,2023-02-21,8884
6266,泰詠,31,17,14,國泰-台南,2023-02-21,8884
00878,國泰永續高股息,507,84,423,國泰-台南,2023-02-22,8884
6282,康舒,199,72,127,國泰-台南,2023-02-22,8884
00679B,元大美債20年,99,0,99,國泰-台南,2023-02-22,8884
3141,晶宏,96,9,87,國泰-台南,2023-02-22,8884
2482,連宇,86,2,84,國泰-台南,2023-02-22,8884
00772B,中信高評級公司債,74,1,73,國泰-台南,2023-02-22,8884
00641R,富邦日本反1,64,0,64,國泰-台南,2023-02-22,8884
00720B,元大投資級公司債,64,0,64,國泰-台南,2023-02-22,8884
00753L,中信中國50正2,60,1,59,國泰-台南,2023-02-22,8884
2371,大同,50,0,50,國泰-台南,2023-02-22,8884
2201,裕隆,78,34,44,國泰-台南,2023-02-22,8884
00712,復華富時不動產,44,1,43,國泰-台南,2023-02-22,8884
1519,華城,183,140,43,國泰-台南,2023-02-22,8884
8222,寶一,108,66,42,國泰-台南,2023-02-22,8884
2471,資通,60,20,40,國泰-台南,2023-02-22,8884
00676R,富邦臺灣加權反1,39,0,39,國泰-台南,2023-02-22,8884
00751B,元大AAA至A公司債,40,7,33,國泰-台南,2023-02-22,8884
2344,華邦電,46,13,33,國泰-台南,2023-02-22,8884
3035,智原,67,38,29,國泰-台南,2023-02-22,8884
6443,元晶,34,5,29,國泰-台南,2023-02-22,8884
4961,天鈺,44,17,27,國泰-台南,2023-02-22,8884
3037,欣興,30,4,26,國泰-台南,2023-02-22,8884
0056,元大高股息,40,14,26,國泰-台南,2023-02-22,8884
00713,元大台灣高息低波,27,1,26,國泰-台南,2023-02-22,8884
4979,華星光,31,6,25,國泰-台南,2023-02-22,8884
00725B,國泰投資級公司債,23,0,23,國泰-台南,2023-02-22,8884
2882,國泰金,35,12,23,國泰-台南,2023-02-22,8884
5880,合庫金,23,0,23,國泰-台南,2023-02-22,8884
2317,鴻海,30,8,22,國泰-台南,2023-02-22,8884
2618,長榮航,32,10,22,國泰-台南,2023-02-22,8884
9955,佳龍,21,1,20,國泰-台南,2023-02-22,8884
00902,中信電池及儲能,19,0,19,國泰-台南,2023-02-22,8884
2492,華新科,23,4,19,國泰-台南,2023-02-22,8884
0050,元大台灣50,22,3,19,國泰-台南,2023-02-22,8884
4153,鈺緯,29,11,18,國泰-台南,2023-02-22,8884
5425,台半,53,35,18,國泰-台南,2023-02-22,8884
2498,宏達電,33,16,17,國泰-台南,2023-02-22,8884
2603,長榮,49,32,17,國泰-台南,2023-02-22,8884
1609,大亞,26,9,17,國泰-台南,2023-02-22,8884
8069,元太,36,20,16,國泰-台南,2023-02-22,8884
6116,彩晶,25,9,16,國泰-台南,2023-02-22,8884
00905,FT臺灣Smart,17,1,16,國泰-台南,2023-02-22,8884
2481,強茂,17,2,15,國泰-台南,2023-02-22,8884
2388,威盛,32,17,15,國泰-台南,2023-02-22,8884
4129,聯合,16,1,15,國泰-台南,2023-02-22,8884
9939,宏全,15,0,15,國泰-台南,2023-02-22,8884
2208,台船,34,19,15,國泰-台南,2023-02-22,8884
00881,國泰台灣5G+,21,6,15,國泰-台南,2023-02-22,8884
00893,國泰智能電動車,20,6,14,國泰-台南,2023-02-22,8884
2303,聯電,30,16,14,國泰-台南,2023-02-22,8884
2303,聯電,664,141,523,國泰-台南,2023-02-23,8884
00632R,元大台灣50反1,290,19,271,國泰-台南,2023-02-23,8884
9945,潤泰新,201,5,196,國泰-台南,2023-02-23,8884
2891,中信金,200,33,167,國泰-台南,2023-02-23,8884
2409,友達,132,7,125,國泰-台南,2023-02-23,8884
2328,廣宇,120,0,120,國泰-台南,2023-02-23,8884
2482,連宇,155,47,108,國泰-台南,2023-02-23,8884
2888,新光金,101,2,99,國泰-台南,2023-02-23,8884
00720B,元大投資級公司債,96,0,96,國泰-台南,2023-02-23,8884
1342,八貫,110,15,95,國泰-台南,2023-02-23,8884
2834,臺企銀,150,68,82,國泰-台南,2023-02-23,8884
00715L,期街口布蘭特正2,77,0,77,國泰-台南,2023-02-23,8884
5512,力麒,76,11,65,國泰-台南,2023-02-23,8884
3481,群創,145,85,60,國泰-台南,2023-02-23,8884
6266,泰詠,105,53,52,國泰-台南,2023-02-23,8884
2883B,凱基金乙特,50,0,50,國泰-台南,2023-02-23,8884
00671R,富邦NASDAQ反1,52,9,43,國泰-台南,2023-02-23,8884
6235,華孚,122,83,39,國泰-台南,2023-02-23,8884
00885,富邦越南,41,5,36,國泰-台南,2023-02-23,8884
2610,華航,56,21,35,國泰-台南,2023-02-23,8884
6024,群益期,33,0,33,國泰-台南,2023-02-23,8884
2618,長榮航,37,4,33,國泰-台南,2023-02-23,8884
2017,官田鋼,88,57,31,國泰-台南,2023-02-23,8884
00686R,群益臺灣加權反1,30,0,30,國泰-台南,2023-02-23,8884
00903,富邦元宇宙,28,0,28,國泰-台南,2023-02-23,8884
00751B,元大AAA至A公司債,28,0,28,國泰-台南,2023-02-23,8884
00773B,中信優先金融債,27,0,27,國泰-台南,2023-02-23,8884
2748,雲品,93,66,27,國泰-台南,2023-02-23,8884
00712,復華富時不動產,28,2,26,國泰-台南,2023-02-23,8884
2332,友訊,29,3,26,國泰-台南,2023-02-23,8884
2882,國泰金,41,15,26,國泰-台南,2023-02-23,8884
8936,國統,102,77,25,國泰-台南,2023-02-23,8884
3605,宏致,25,1,24,國泰-台南,2023-02-23,8884
2701,萬企,30,6,24,國泰-台南,2023-02-23,8884
2634,漢翔,31,7,24,國泰-台南,2023-02-23,8884
1444,力麗,27,5,22,國泰-台南,2023-02-23,8884
2468,華經,21,0,21,國泰-台南,2023-02-23,8884
1603,華電,20,0,20,國泰-台南,2023-02-23,8884
5706,鳳凰,35,15,20,國泰-台南,2023-02-23,8884
4979,華星光,32,12,20,國泰-台南,2023-02-23,8884
3059,華晶科,20,1,19,國泰-台南,2023-02-23,8884
1447,力鵬,19,0,19,國泰-台南,2023-02-23,8884
2617,台航,20,1,19,國泰-台南,2023-02-23,8884
6234,高僑,23,4,19,國泰-台南,2023-02-23,8884
00637L,元大滬深300正2,34,16,18,國泰-台南,2023-02-23,8884
2399,映泰,80,62,18,國泰-台南,2023-02-23,8884
4564,元翎,18,0,18,國泰-台南,2023-02-23,8884
2344,華邦電,39,21,18,國泰-台南,2023-02-23,8884
00642U,期元大S＆P石油,17,0,17,國泰-台南,2023-02-23,8884
6005,群益證,17,0,17,國泰-台南,2023-02-23,8884
00753L,中信中國50正2,152,45,107,國泰-台南,2023-02-24,8884
6143,振曜,76,4,72,國泰-台南,2023-02-24,8884
00878,國泰永續高股息,217,150,67,國泰-台南,2023-02-24,8884
00773B,中信優先金融債,58,0,58,國泰-台南,2023-02-24,8884
00882,中信中國高股息,79,22,57,國泰-台南,2023-02-24,8884
00915,凱基優選高股息30,51,0,51,國泰-台南,2023-02-24,8884
6125,廣運,50,0,50,國泰-台南,2023-02-24,8884
00664R,國泰臺灣加權反1,50,0,50,國泰-台南,2023-02-24,8884
2883B,凱基金乙特,50,0,50,國泰-台南,2023-02-24,8884
3037,欣興,64,19,45,國泰-台南,2023-02-24,8884
00715L,期街口布蘭特正2,119,78,41,國泰-台南,2023-02-24,8884
00712,復華富時不動產,60,19,41,國泰-台南,2023-02-24,8884
2002,中鋼,41,1,40,國泰-台南,2023-02-24,8884
2867,三商壽,40,2,38,國泰-台南,2023-02-24,8884
2436,偉詮電,37,2,35,國泰-台南,2023-02-24,8884
2457,飛宏,63,31,32,國泰-台南,2023-02-24,8884
2885,元大金,35,3,32,國泰-台南,2023-02-24,8884
00679B,元大美債20年,35,6,29,國泰-台南,2023-02-24,8884
2399,映泰,38,9,29,國泰-台南,2023-02-24,8884
8222,寶一,29,1,28,國泰-台南,2023-02-24,8884
6266,泰詠,59,31,28,國泰-台南,2023-02-24,8884
2812,台中銀,34,6,28,國泰-台南,2023-02-24,8884
2230,泰茂,43,17,26,國泰-台南,2023-02-24,8884
1342,八貫,66,41,25,國泰-台南,2023-02-24,8884
1444,力麗,25,0,25,國泰-台南,2023-02-24,8884
2611,志信,39,15,24,國泰-台南,2023-02-24,8884
00655L,國泰中國A50正2,24,0,24,國泰-台南,2023-02-24,8884
2884,玉山金,38,15,23,國泰-台南,2023-02-24,8884
00637L,元大滬深300正2,48,26,22,國泰-台南,2023-02-24,8884
2890,永豐金,47,25,22,國泰-台南,2023-02-24,8884
2612,中航,30,8,22,國泰-台南,2023-02-24,8884
2886,兆豐金,27,6,21,國泰-台南,2023-02-24,8884
3535,晶彩科,21,0,21,國泰-台南,2023-02-24,8884
2739,寒舍,22,1,21,國泰-台南,2023-02-24,8884
2317,鴻海,31,10,21,國泰-台南,2023-02-24,8884
8046,南電,22,1,21,國泰-台南,2023-02-24,8884
3624,光頡,31,11,20,國泰-台南,2023-02-24,8884
2883,凱基金,62,43,19,國泰-台南,2023-02-24,8884
1701,中化,24,5,19,國泰-台南,2023-02-24,8884
00676R,富邦臺灣加權反1,19,0,19,國泰-台南,2023-02-24,8884
2838,聯邦銀,30,11,19,國泰-台南,2023-02-24,8884
00671R,富邦NASDAQ反1,61,42,19,國泰-台南,2023-02-24,8884
2330,台積電,66,48,18,國泰-台南,2023-02-24,8884
00633L,富邦上証正2,18,0,18,國泰-台南,2023-02-24,8884
2618,長榮航,20,3,17,國泰-台南,2023-02-24,8884
5009,榮剛,41,25,16,國泰-台南,2023-02-24,8884
4919,新唐,29,13,16,國泰-台南,2023-02-24,8884
2353,宏��,16,0,16,國泰-台南,2023-02-24,8884
6104,創惟,30,14,16,國泰-台南,2023-02-24,8884
6578,達邦蛋白,15,0,15,國泰-台南,2023-02-24,8884
00878,國泰永續高股息,350,64,286,國泰-台南,2023-03-01,8884
1605,華新,254,32,222,國泰-台南,2023-03-01,8884
00632R,元大台灣50反1,408,268,140,國泰-台南,2023-03-01,8884
2605,新興,252,135,117,國泰-台南,2023-03-01,8884
2882,國泰金,110,6,104,國泰-台南,2023-03-01,8884
00706L,期元大S＆P日圓正2,100,0,100,國泰-台南,2023-03-01,8884
00676R,富邦臺灣加權反1,96,0,96,國泰-台南,2023-03-01,8884
2002,中鋼,75,5,70,國泰-台南,2023-03-01,8884
2344,華邦電,100,33,67,國泰-台南,2023-03-01,8884
00773B,中信優先金融債,55,3,52,國泰-台南,2023-03-01,8884
00679B,元大美債20年,57,6,51,國泰-台南,2023-03-01,8884
2610,華航,58,9,49,國泰-台南,2023-03-01,8884
00882,中信中國高股息,55,6,49,國泰-台南,2023-03-01,8884
2014,中鴻,78,43,35,國泰-台南,2023-03-01,8884
2888,新光金,74,39,35,國泰-台南,2023-03-01,8884
4536,拓凱,36,2,34,國泰-台南,2023-03-01,8884
00772B,中信高評級公司債,37,4,33,國泰-台南,2023-03-01,8884
1785,光洋科,32,0,32,國泰-台南,2023-03-01,8884
00712,復華富時不動產,32,0,32,國泰-台南,2023-03-01,8884
8926,台汽電,32,1,31,國泰-台南,2023-03-01,8884
2881,富邦金,32,3,29,國泰-台南,2023-03-01,8884
9105,泰金寶-DR,29,0,29,國泰-台南,2023-03-01,8884
6282,康舒,94,66,28,國泰-台南,2023-03-01,8884
3708,上緯投控,27,0,27,國泰-台南,2023-03-01,8884
2618,長榮航,39,15,24,國泰-台南,2023-03-01,8884
2867,三商壽,34,10,24,國泰-台南,2023-03-01,8884
1268,漢來美食,25,1,24,國泰-台南,2023-03-01,8884
2409,友達,34,10,24,國泰-台南,2023-03-01,8884
2892,第一金,31,9,22,國泰-台南,2023-03-01,8884
6290,良維,22,0,22,國泰-台南,2023-03-01,8884
2601,益航,54,33,21,國泰-台南,2023-03-01,8884
00720B,元大投資級公司債,40,20,20,國泰-台南,2023-03-01,8884
4915,致伸,27,7,20,國泰-台南,2023-03-01,8884
3321,同泰,20,0,20,國泰-台南,2023-03-01,8884
2838,聯邦銀,30,10,20,國泰-台南,2023-03-01,8884
1215,卜蜂,34,14,20,國泰-台南,2023-03-01,8884
00885,富邦越南,26,6,20,國泰-台南,2023-03-01,8884
5880,合庫金,31,13,18,國泰-台南,2023-03-01,8884
00905,FT臺灣Smart,20,3,17,國泰-台南,2023-03-01,8884
6235,華孚,29,12,17,國泰-台南,2023-03-01,8884
2492,華新科,23,6,17,國泰-台南,2023-03-01,8884
2371,大同,17,0,17,國泰-台南,2023-03-01,8884
1718,中纖,16,0,16,國泰-台南,2023-03-01,8884
2637,慧洋-KY,48,32,16,國泰-台南,2023-03-01,8884
1101,台泥,84,68,16,國泰-台南,2023-03-01,8884
4923,力士,15,0,15,國泰-台南,2023-03-01,8884
2504,國產,16,2,14,國泰-台南,2023-03-01,8884
4931,新盛力,15,1,14,國泰-台南,2023-03-01,8884
2388,威盛,76,62,14,國泰-台南,2023-03-01,8884
8938,明安,18,5,13,國泰-台南,2023-03-01,8884
00878,國泰永續高股息,948,326,622,國泰-台南,2023-03-02,8884
2845,遠東銀,251,0,251,國泰-台南,2023-03-02,8884
2610,華航,255,14,241,國泰-台南,2023-03-02,8884
00712,復華富時不動產,178,1,177,國泰-台南,2023-03-02,8884
00902,中信電池及儲能,102,3,99,國泰-台南,2023-03-02,8884
00772B,中信高評級公司債,86,2,84,國泰-台南,2023-03-02,8884
8938,明安,191,109,82,國泰-台南,2023-03-02,8884
2409,友達,71,1,70,國泰-台南,2023-03-02,8884
4167,松瑞藥,65,0,65,國泰-台南,2023-03-02,8884
5410,國眾,68,6,62,國泰-台南,2023-03-02,8884
1101,台泥,80,18,62,國泰-台南,2023-03-02,8884
2618,長榮航,83,29,54,國泰-台南,2023-03-02,8884
2891,中信金,66,12,54,國泰-台南,2023-03-02,8884
00679B,元大美債20年,55,2,53,國泰-台南,2023-03-02,8884
6664,群翊,50,0,50,國泰-台南,2023-03-02,8884
00720B,元大投資級公司債,46,0,46,國泰-台南,2023-03-02,8884
2812,台中銀,46,3,43,國泰-台南,2023-03-02,8884
2892,第一金,45,2,43,國泰-台南,2023-03-02,8884
1605,華新,142,101,41,國泰-台南,2023-03-02,8884
00670L,富邦NASDAQ正2,41,1,40,國泰-台南,2023-03-02,8884
3419,譁裕,101,61,40,國泰-台南,2023-03-02,8884
1108,幸福,40,0,40,國泰-台南,2023-03-02,8884
6207,雷科,40,0,40,國泰-台南,2023-03-02,8884
00665L,富邦�琤肭磪囓�2,35,0,35,國泰-台南,2023-03-02,8884
0056,元大高股息,54,19,35,國泰-台南,2023-03-02,8884
2027,大成鋼,34,0,34,國泰-台南,2023-03-02,8884
2890,永豐金,34,3,31,國泰-台南,2023-03-02,8884
5880,合庫金,36,6,30,國泰-台南,2023-03-02,8884
3481,群創,80,51,29,國泰-台南,2023-03-02,8884
2886,兆豐金,51,23,28,國泰-台南,2023-03-02,8884
6170,統振,36,8,28,國泰-台南,2023-03-02,8884
2867,三商壽,28,0,28,國泰-台南,2023-03-02,8884
2201,裕隆,41,14,27,國泰-台南,2023-03-02,8884
2884,玉山金,34,8,26,國泰-台南,2023-03-02,8884
2834,臺企銀,64,39,25,國泰-台南,2023-03-02,8884
2722,夏都,27,2,25,國泰-台南,2023-03-02,8884
00773B,中信優先金融債,24,0,24,國泰-台南,2023-03-02,8884
2471,資通,32,8,24,國泰-台南,2023-03-02,8884
00669R,國泰美國道瓊反1,23,0,23,國泰-台南,2023-03-02,8884
00751B,元大AAA至A公司債,22,0,22,國泰-台南,2023-03-02,8884
5452,佶優,33,13,20,國泰-台南,2023-03-02,8884
9935,慶豐富,20,0,20,國泰-台南,2023-03-02,8884
5227,立凱-KY,20,2,18,國泰-台南,2023-03-02,8884
3027,盛達,38,20,18,國泰-台南,2023-03-02,8884
2880,華南金,17,0,17,國泰-台南,2023-03-02,8884
1513,中興電,45,29,16,國泰-台南,2023-03-02,8884
4536,拓凱,17,1,16,國泰-台南,2023-03-02,8884
00676R,富邦臺灣加權反1,16,0,16,國泰-台南,2023-03-02,8884
2338,光罩,15,0,15,國泰-台南,2023-03-02,8884
8112,至上,23,8,15,國泰-台南,2023-03-02,8884
2610,華航,333,9,324,國泰-台南,2023-03-03,8884
00632R,元大台灣50反1,253,4,249,國泰-台南,2023-03-03,8884
2845,遠東銀,258,76,182,國泰-台南,2023-03-03,8884
4167,松瑞藥,105,3,102,國泰-台南,2023-03-03,8884
1701,中化,104,4,100,國泰-台南,2023-03-03,8884
00679B,元大美債20年,60,2,58,國泰-台南,2023-03-03,8884
00751B,元大AAA至A公司債,56,0,56,國泰-台南,2023-03-03,8884
2014,中鴻,58,7,51,國泰-台南,2023-03-03,8884
3432,台端,50,0,50,國泰-台南,2023-03-03,8884
6188,廣明,52,3,49,國泰-台南,2023-03-03,8884
1605,華新,79,33,46,國泰-台南,2023-03-03,8884
8938,明安,50,6,44,國泰-台南,2023-03-03,8884
2834,臺企銀,61,26,35,國泰-台南,2023-03-03,8884
2498,宏達電,42,11,31,國泰-台南,2023-03-03,8884
3052,夆典,30,0,30,國泰-台南,2023-03-03,8884
1609,大亞,31,3,28,國泰-台南,2023-03-03,8884
00773B,中信優先金融債,27,0,27,國泰-台南,2023-03-03,8884
5258,虹堡,98,72,26,國泰-台南,2023-03-03,8884
00885,富邦越南,51,27,24,國泰-台南,2023-03-03,8884
00772B,中信高評級公司債,25,1,24,國泰-台南,2023-03-03,8884
00720B,元大投資級公司債,23,0,23,國泰-台南,2023-03-03,8884
00882,中信中國高股息,38,15,23,國泰-台南,2023-03-03,8884
8105,凌巨,28,5,23,國泰-台南,2023-03-03,8884
00673R,期元大S＆P原油反1,22,0,22,國泰-台南,2023-03-03,8884
2388,威盛,120,99,21,國泰-台南,2023-03-03,8884
8289,泰藝,43,22,21,國泰-台南,2023-03-03,8884
00712,復華富時不動產,62,42,20,國泰-台南,2023-03-03,8884
1513,中興電,47,27,20,國泰-台南,2023-03-03,8884
2867,三商壽,24,5,19,國泰-台南,2023-03-03,8884
4960,誠美材,20,1,19,國泰-台南,2023-03-03,8884
3162,精確,30,12,18,國泰-台南,2023-03-03,8884
2201,裕隆,30,12,18,國泰-台南,2023-03-03,8884
2890,永豐金,48,30,18,國泰-台南,2023-03-03,8884
00713,元大台灣高息低波,20,2,18,國泰-台南,2023-03-03,8884
2301,光寶科,19,1,18,國泰-台南,2023-03-03,8884
8033,雷虎,39,22,17,國泰-台南,2023-03-03,8884
2611,志信,41,25,16,國泰-台南,2023-03-03,8884
2607,榮運,32,16,16,國泰-台南,2023-03-03,8884
00664R,國泰臺灣加權反1,15,0,15,國泰-台南,2023-03-03,8884
2891,中信金,16,1,15,國泰-台南,2023-03-03,8884
2884,玉山金,25,10,15,國泰-台南,2023-03-03,8884
8234,新漢,14,0,14,國泰-台南,2023-03-03,8884
3707,漢磊,30,17,13,國泰-台南,2023-03-03,8884
00753L,中信中國50正2,20,7,13,國泰-台南,2023-03-03,8884
6796,晉弘,17,4,13,國泰-台南,2023-03-03,8884
8088,品安,15,2,13,國泰-台南,2023-03-03,8884
00905,FT臺灣Smart,15,2,13,國泰-台南,2023-03-03,8884
8069,元太,20,9,11,國泰-台南,2023-03-03,8884
4934,太極,21,10,11,國泰-台南,2023-03-03,8884
00676R,富邦臺灣加權反1,11,0,11,國泰-台南,2023-03-03,8884
00632R,元大台灣50反1,465,53,412,國泰-台南,2023-03-06,8884
6770,力積電,362,40,322,國泰-台南,2023-03-06,8884
2208,台船,303,5,298,國泰-台南,2023-03-06,8884
1560,中砂,222,4,218,國泰-台南,2023-03-06,8884
00673R,期元大S＆P原油反1,183,1,182,國泰-台南,2023-03-06,8884
2610,華航,116,18,98,國泰-台南,2023-03-06,8884
00637L,元大滬深300正2,130,40,90,國泰-台南,2023-03-06,8884
2471,資通,101,15,86,國泰-台南,2023-03-06,8884
3059,華晶科,80,5,75,國泰-台南,2023-03-06,8884
2409,友達,86,12,74,國泰-台南,2023-03-06,8884
1434,福懋,73,6,67,國泰-台南,2023-03-06,8884
2867,三商壽,65,1,64,國泰-台南,2023-03-06,8884
2630,亞航,62,7,55,國泰-台南,2023-03-06,8884
8938,明安,55,5,50,國泰-台南,2023-03-06,8884
00712,復華富時不動產,59,11,48,國泰-台南,2023-03-06,8884
5905,南仁湖,51,6,45,國泰-台南,2023-03-06,8884
00713,元大台灣高息低波,63,21,42,國泰-台南,2023-03-06,8884
00885,富邦越南,50,10,40,國泰-台南,2023-03-06,8884
00665L,富邦�琤肭磪囓�2,35,0,35,國泰-台南,2023-03-06,8884
4960,誠美材,45,11,34,國泰-台南,2023-03-06,8884
1539,巨庭,43,9,34,國泰-台南,2023-03-06,8884
1708,東鹼,50,17,33,國泰-台南,2023-03-06,8884
2369,菱生,30,2,28,國泰-台南,2023-03-06,8884
3605,宏致,31,3,28,國泰-台南,2023-03-06,8884
1323,永裕,27,0,27,國泰-台南,2023-03-06,8884
3006,晶豪科,32,5,27,國泰-台南,2023-03-06,8884
2603,長榮,45,18,27,國泰-台南,2023-03-06,8884
4976,佳凌,26,0,26,國泰-台南,2023-03-06,8884
3019,亞光,36,13,23,國泰-台南,2023-03-06,8884
00882,中信中國高股息,40,18,22,國泰-台南,2023-03-06,8884
5450,南良,22,0,22,國泰-台南,2023-03-06,8884
6708,天擎,25,3,22,國泰-台南,2023-03-06,8884
2605,新興,36,14,22,國泰-台南,2023-03-06,8884
2609,陽明,116,94,22,國泰-台南,2023-03-06,8884
3437,榮創,21,0,21,國泰-台南,2023-03-06,8884
2834,臺企銀,33,13,20,國泰-台南,2023-03-06,8884
2618,長榮航,26,6,20,國泰-台南,2023-03-06,8884
2601,益航,46,26,20,國泰-台南,2023-03-06,8884
00639,富邦深100,20,0,20,國泰-台南,2023-03-06,8884
00893,國泰智能電動車,41,23,18,國泰-台南,2023-03-06,8884
5211,蒙恬,26,8,18,國泰-台南,2023-03-06,8884
00655L,國泰中國A50正2,17,0,17,國泰-台南,2023-03-06,8884
6456,GIS-KY,17,0,17,國泰-台南,2023-03-06,8884
2332,友訊,18,2,16,國泰-台南,2023-03-06,8884
2344,華邦電,81,65,16,國泰-台南,2023-03-06,8884
8104,錸寶,15,0,15,國泰-台南,2023-03-06,8884
6609,瀧澤科,15,1,14,國泰-台南,2023-03-06,8884
3093,港建*,18,4,14,國泰-台南,2023-03-06,8884
2745,五福,14,0,14,國泰-台南,2023-03-06,8884
8215,明基材,15,1,14,國泰-台南,2023-03-06,8884
00673R,期元大S＆P原油反1,1024,0,1024,國泰-台南,2023-03-07,8884
00632R,元大台灣50反1,491,60,431,國泰-台南,2023-03-07,8884
2313,華通,228,25,203,國泰-台南,2023-03-07,8884
2845,遠東銀,203,3,200,國泰-台南,2023-03-07,8884
4953,緯軟,212,55,157,國泰-台南,2023-03-07,8884
3481,群創,134,37,97,國泰-台南,2023-03-07,8884
6282,康舒,100,45,55,國泰-台南,2023-03-07,8884
8215,明基材,52,2,50,國泰-台南,2023-03-07,8884
6116,彩晶,64,16,48,國泰-台南,2023-03-07,8884
0056,元大高股息,70,27,43,國泰-台南,2023-03-07,8884
00676R,富邦臺灣加權反1,43,0,43,國泰-台南,2023-03-07,8884
5864,致和證,40,0,40,國泰-台南,2023-03-07,8884
2610,華航,40,2,38,國泰-台南,2023-03-07,8884
6708,天擎,35,0,35,國泰-台南,2023-03-07,8884
00679B,元大美債20年,36,2,34,國泰-台南,2023-03-07,8884
3029,零壹,68,34,34,國泰-台南,2023-03-07,8884
2063,世鎧,32,0,32,國泰-台南,2023-03-07,8884
5211,蒙恬,32,0,32,國泰-台南,2023-03-07,8884
2338,光罩,32,2,30,國泰-台南,2023-03-07,8884
2419,仲琦,31,1,30,國泰-台南,2023-03-07,8884
3027,盛達,41,14,27,國泰-台南,2023-03-07,8884
00637L,元大滬深300正2,37,11,26,國泰-台南,2023-03-07,8884
6548,長科*,42,18,24,國泰-台南,2023-03-07,8884
3013,晟銘電,53,29,24,國泰-台南,2023-03-07,8884
6188,廣明,24,0,24,國泰-台南,2023-03-07,8884
2609,陽明,41,18,23,國泰-台南,2023-03-07,8884
6235,華孚,123,101,22,國泰-台南,2023-03-07,8884
6592,和潤企業,21,0,21,國泰-台南,2023-03-07,8884
2891,中信金,22,2,20,國泰-台南,2023-03-07,8884
3701,大眾控,34,14,20,國泰-台南,2023-03-07,8884
3338,泰碩,20,0,20,國泰-台南,2023-03-07,8884
00892,富邦台灣半導體,20,0,20,國泰-台南,2023-03-07,8884
2204,中華,20,1,19,國泰-台南,2023-03-07,8884
2482,連宇,101,84,17,國泰-台南,2023-03-07,8884
6266,泰詠,26,9,17,國泰-台南,2023-03-07,8884
5210,寶碩,17,0,17,國泰-台南,2023-03-07,8884
8462,柏文,20,3,17,國泰-台南,2023-03-07,8884
4961,天鈺,18,2,16,國泰-台南,2023-03-07,8884
2484,希華,19,3,16,國泰-台南,2023-03-07,8884
4126,太醫,15,0,15,國泰-台南,2023-03-07,8884
2603,長榮,27,13,14,國泰-台南,2023-03-07,8884
00772B,中信高評級公司債,25,11,14,國泰-台南,2023-03-07,8884
00753L,中信中國50正2,44,30,14,國泰-台南,2023-03-07,8884
00885,富邦越南,45,31,14,國泰-台南,2023-03-07,8884
3022,威強電,65,51,14,國泰-台南,2023-03-07,8884
2450,神腦,14,0,14,國泰-台南,2023-03-07,8884
3042,晶技,14,0,14,國泰-台南,2023-03-07,8884
2881,富邦金,18,4,14,國泰-台南,2023-03-07,8884
1701,中化,14,1,13,國泰-台南,2023-03-07,8884
1710,東聯,27,14,13,國泰-台南,2023-03-07,8884
8938,明安,182,0,182,國泰-台南,2023-03-08,8884
00753L,中信中國50正2,139,0,139,國泰-台南,2023-03-08,8884
8099,大世科,140,1,139,國泰-台南,2023-03-08,8884
00706L,期元大S＆P日圓正2,100,0,100,國泰-台南,2023-03-08,8884
3163,波若威,83,0,83,國泰-台南,2023-03-08,8884
00772B,中信高評級公司債,59,2,57,國泰-台南,2023-03-08,8884
00773B,中信優先金融債,63,7,56,國泰-台南,2023-03-08,8884
2023,燁輝,55,0,55,國泰-台南,2023-03-08,8884
00713,元大台灣高息低波,53,2,51,國泰-台南,2023-03-08,8884
3652,精聯,61,15,46,國泰-台南,2023-03-08,8884
2867,三商壽,63,19,44,國泰-台南,2023-03-08,8884
2382,廣達,45,1,44,國泰-台南,2023-03-08,8884
6266,泰詠,50,7,43,國泰-台南,2023-03-08,8884
5525,順天,40,0,40,國泰-台南,2023-03-08,8884
00676R,富邦臺灣加權反1,37,0,37,國泰-台南,2023-03-08,8884
3093,港建*,77,42,35,國泰-台南,2023-03-08,8884
2606,裕民,46,12,34,國泰-台南,2023-03-08,8884
00715L,期街口布蘭特正2,42,8,34,國泰-台南,2023-03-08,8884
00712,復華富時不動產,47,16,31,國泰-台南,2023-03-08,8884
006208,富邦台50,31,0,31,國泰-台南,2023-03-08,8884
1504,東元,56,25,31,國泰-台南,2023-03-08,8884
00637L,元大滬深300正2,63,33,30,國泰-台南,2023-03-08,8884
1451,年興,30,0,30,國泰-台南,2023-03-08,8884
3481,群創,42,13,29,國泰-台南,2023-03-08,8884
2603,長榮,51,22,29,國泰-台南,2023-03-08,8884
7402,邑錡,29,0,29,國泰-台南,2023-03-08,8884
2481,強茂,60,32,28,國泰-台南,2023-03-08,8884
2609,陽明,54,26,28,國泰-台南,2023-03-08,8884
00665L,富邦�琤肭磪囓�2,28,2,26,國泰-台南,2023-03-08,8884
2498,宏達電,31,5,26,國泰-台南,2023-03-08,8884
6182,合晶,29,4,25,國泰-台南,2023-03-08,8884
1608,華榮,24,0,24,國泰-台南,2023-03-08,8884
2014,中鴻,24,4,20,國泰-台南,2023-03-08,8884
5009,榮剛,92,72,20,國泰-台南,2023-03-08,8884
1101,台泥,24,4,20,國泰-台南,2023-03-08,8884
00633L,富邦上証正2,20,0,20,國泰-台南,2023-03-08,8884
2375,凱美,39,19,20,國泰-台南,2023-03-08,8884
0056,元大高股息,46,27,19,國泰-台南,2023-03-08,8884
6806,森崴能源,23,4,19,國泰-台南,2023-03-08,8884
3362,先進光,63,45,18,國泰-台南,2023-03-08,8884
8111,立��,36,18,18,國泰-台南,2023-03-08,8884
4532,瑞智,57,40,17,國泰-台南,2023-03-08,8884
4173,久裕,17,0,17,國泰-台南,2023-03-08,8884
1701,中化,51,35,16,國泰-台南,2023-03-08,8884
1316,上曜,16,0,16,國泰-台南,2023-03-08,8884
3029,零壹,32,16,16,國泰-台南,2023-03-08,8884
00650L,復華香港正2,15,0,15,國泰-台南,2023-03-08,8884
1444,力麗,15,0,15,國泰-台南,2023-03-08,8884
2891,中信金,21,7,14,國泰-台南,2023-03-08,8884
9904,寶成,13,0,13,國泰-台南,2023-03-08,8884
00878,國泰永續高股息,250,24,226,國泰-台南,2023-03-09,8884
3481,群創,195,42,153,國泰-台南,2023-03-09,8884
2409,友達,142,6,136,國泰-台南,2023-03-09,8884
4953,緯軟,123,1,122,國泰-台南,2023-03-09,8884
2317,鴻海,120,12,108,國泰-台南,2023-03-09,8884
1605,華新,137,48,89,國泰-台南,2023-03-09,8884
4906,正文,73,0,73,國泰-台南,2023-03-09,8884
2607,榮運,70,1,69,國泰-台南,2023-03-09,8884
00753L,中信中國50正2,66,1,65,國泰-台南,2023-03-09,8884
1402,遠東新,66,3,63,國泰-台南,2023-03-09,8884
00751B,元大AAA至A公司債,63,0,63,國泰-台南,2023-03-09,8884
2634,漢翔,88,34,54,國泰-台南,2023-03-09,8884
00923,群益台ESG低碳50,76,24,52,國泰-台南,2023-03-09,8884
4157,太景*-KY,50,0,50,國泰-台南,2023-03-09,8884
00679B,元大美債20年,46,0,46,國泰-台南,2023-03-09,8884
6116,彩晶,62,21,41,國泰-台南,2023-03-09,8884
2834,臺企銀,43,2,41,國泰-台南,2023-03-09,8884
00713,元大台灣高息低波,41,0,41,國泰-台南,2023-03-09,8884
2368,金像電,50,11,39,國泰-台南,2023-03-09,8884
9904,寶成,49,12,37,國泰-台南,2023-03-09,8884
1513,中興電,77,42,35,國泰-台南,2023-03-09,8884
1504,東元,91,57,34,國泰-台南,2023-03-09,8884
1101,台泥,52,20,32,國泰-台南,2023-03-09,8884
4543,萬在,33,2,31,國泰-台南,2023-03-09,8884
00712,復華富時不動產,30,0,30,國泰-台南,2023-03-09,8884
6443,元晶,53,23,30,國泰-台南,2023-03-09,8884
1609,大亞,61,31,30,國泰-台南,2023-03-09,8884
2359,所羅門,195,166,29,國泰-台南,2023-03-09,8884
3031,佰鴻,30,1,29,國泰-台南,2023-03-09,8884
2457,飛宏,202,174,28,國泰-台南,2023-03-09,8884
6282,康舒,95,67,28,國泰-台南,2023-03-09,8884
3706,神達,28,0,28,國泰-台南,2023-03-09,8884
2618,長榮航,95,67,28,國泰-台南,2023-03-09,8884
2201,裕隆,34,8,26,國泰-台南,2023-03-09,8884
2867,三商壽,25,0,25,國泰-台南,2023-03-09,8884
1809,中釉,25,0,25,國泰-台南,2023-03-09,8884
3289,宜特,39,16,23,國泰-台南,2023-03-09,8884
3141,晶宏,25,2,23,國泰-台南,2023-03-09,8884
00885,富邦越南,23,0,23,國泰-台南,2023-03-09,8884
8182,加高,22,0,22,國泰-台南,2023-03-09,8884
4915,致伸,23,1,22,國泰-台南,2023-03-09,8884
8222,寶一,103,81,22,國泰-台南,2023-03-09,8884
2340,台亞,20,0,20,國泰-台南,2023-03-09,8884
5880,合庫金,20,0,20,國泰-台南,2023-03-09,8884
3052,夆典,20,1,19,國泰-台南,2023-03-09,8884
3605,宏致,22,3,19,國泰-台南,2023-03-09,8884
8099,大世科,24,6,18,國泰-台南,2023-03-09,8884
2881,富邦金,24,6,18,國泰-台南,2023-03-09,8884
00720B,元大投資級公司債,18,1,17,國泰-台南,2023-03-09,8884
2883,凱基金,43,26,17,國泰-台南,2023-03-09,8884
00878,國泰永續高股息,1197,68,1129,國泰-台南,2023-03-10,8884
00902,中信電池及儲能,206,7,199,國泰-台南,2023-03-10,8884
00713,元大台灣高息低波,161,3,158,國泰-台南,2023-03-10,8884
00712,復華富時不動產,157,2,155,國泰-台南,2023-03-10,8884
00882,中信中國高股息,118,3,115,國泰-台南,2023-03-10,8884
00923,群益台ESG低碳50,119,8,111,國泰-台南,2023-03-10,8884
8069,元太,141,33,108,國泰-台南,2023-03-10,8884
00650L,復華香港正2,89,0,89,國泰-台南,2023-03-10,8884
8182,加高,72,0,72,國泰-台南,2023-03-10,8884
2618,長榮航,117,54,63,國泰-台南,2023-03-10,8884
2609,陽明,312,249,63,國泰-台南,2023-03-10,8884
00715L,期街口布蘭特正2,61,0,61,國泰-台南,2023-03-10,8884
2888,新光金,65,5,60,國泰-台南,2023-03-10,8884
2014,中鴻,86,27,59,國泰-台南,2023-03-10,8884
2610,華航,99,43,56,國泰-台南,2023-03-10,8884
3481,群創,82,27,55,國泰-台南,2023-03-10,8884
2891,中信金,64,10,54,國泰-台南,2023-03-10,8884
1513,中興電,119,65,54,國泰-台南,2023-03-10,8884
2201,裕隆,75,22,53,國泰-台南,2023-03-10,8884
2243,宏旭-KY,61,11,50,國泰-台南,2023-03-10,8884
2614,東森,52,3,49,國泰-台南,2023-03-10,8884
2834,臺企銀,61,12,49,國泰-台南,2023-03-10,8884
2453,凌群,170,122,48,國泰-台南,2023-03-10,8884
2890,永豐金,47,1,46,國泰-台南,2023-03-10,8884
6122,擎邦,50,4,46,國泰-台南,2023-03-10,8884
2881,富邦金,48,3,45,國泰-台南,2023-03-10,8884
4536,拓凱,45,1,44,國泰-台南,2023-03-10,8884
00676R,富邦臺灣加權反1,43,1,42,國泰-台南,2023-03-10,8884
2367,燿華,45,4,41,國泰-台南,2023-03-10,8884
4953,緯軟,62,21,41,國泰-台南,2023-03-10,8884
00881,國泰台灣5G+,44,4,40,國泰-台南,2023-03-10,8884
2883,凱基金,113,73,40,國泰-台南,2023-03-10,8884
2471,資通,71,33,38,國泰-台南,2023-03-10,8884
5425,台半,57,20,37,國泰-台南,2023-03-10,8884
2867,三商壽,87,50,37,國泰-台南,2023-03-10,8884
2313,華通,41,5,36,國泰-台南,2023-03-10,8884
00642U,期元大S＆P石油,34,0,34,國泰-台南,2023-03-10,8884
5880,合庫金,41,7,34,國泰-台南,2023-03-10,8884
2402,毅嘉,67,33,34,國泰-台南,2023-03-10,8884
2886,兆豐金,36,1,35,國泰-台南,2023-03-10,8884
1319,東陽,68,34,34,國泰-台南,2023-03-10,8884
00637L,元大滬深300正2,33,0,33,國泰-台南,2023-03-10,8884
1101,台泥,43,10,33,國泰-台南,2023-03-10,8884
1712,興農,34,1,33,國泰-台南,2023-03-10,8884
911868,同方友友-DR,31,0,31,國泰-台南,2023-03-10,8884
2885,元大金,35,4,31,國泰-台南,2023-03-10,8884
5905,南仁湖,30,0,30,國泰-台南,2023-03-10,8884
2369,菱生,31,2,29,國泰-台南,2023-03-10,8884
00892,富邦台灣半導體,31,3,28,國泰-台南,2023-03-10,8884
4979,華星光,31,5,26,國泰-台南,2023-03-10,8884
00878,國泰永續高股息,1019,299,720,國泰-台南,2023-03-13,8884
8926,台汽電,131,0,131,國泰-台南,2023-03-13,8884
00679B,元大美債20年,87,3,84,國泰-台南,2023-03-13,8884
00712,復華富時不動產,122,46,76,國泰-台南,2023-03-13,8884
2539,櫻花建,57,0,57,國泰-台南,2023-03-13,8884
2034,允強,60,5,55,國泰-台南,2023-03-13,8884
00715L,期街口布蘭特正2,74,20,54,國泰-台南,2023-03-13,8884
2609,陽明,137,85,52,國泰-台南,2023-03-13,8884
2867,三商壽,53,3,50,國泰-台南,2023-03-13,8884
8182,加高,49,0,49,國泰-台南,2023-03-13,8884
00632R,元大台灣50反1,512,464,48,國泰-台南,2023-03-13,8884
00713,元大台灣高息低波,68,20,48,國泰-台南,2023-03-13,8884
3682,亞太電,41,0,41,國泰-台南,2023-03-13,8884
00773B,中信優先金融債,44,5,39,國泰-台南,2023-03-13,8884
00882,中信中國高股息,39,2,37,國泰-台南,2023-03-13,8884
00688L,國泰20年美債正2,35,0,35,國泰-台南,2023-03-13,8884
2243,宏旭-KY,30,0,30,國泰-台南,2023-03-13,8884
2634,漢翔,58,29,29,國泰-台南,2023-03-13,8884
2337,旺宏,32,2,30,國泰-台南,2023-03-13,8884
1605,華新,274,246,28,國泰-台南,2023-03-13,8884
2427,三商電,41,16,25,國泰-台南,2023-03-13,8884
2206,三陽工業,29,4,25,國泰-台南,2023-03-13,8884
00772B,中信高評級公司債,27,5,22,國泰-台南,2023-03-13,8884
2614,東森,23,1,22,國泰-台南,2023-03-13,8884
2208,台船,27,5,22,國泰-台南,2023-03-13,8884
00720B,元大投資級公司債,23,2,21,國泰-台南,2023-03-13,8884
006208,富邦台50,27,6,21,國泰-台南,2023-03-13,8884
2601,益航,21,1,20,國泰-台南,2023-03-13,8884
00680L,元大美債20正2,31,11,20,國泰-台南,2023-03-13,8884
2402,毅嘉,44,24,20,國泰-台南,2023-03-13,8884
4543,萬在,20,1,19,國泰-台南,2023-03-13,8884
6116,彩晶,22,3,19,國泰-台南,2023-03-13,8884
00687B,國泰20年美債,18,0,18,國泰-台南,2023-03-13,8884
00923,群益台ESG低碳50,31,13,18,國泰-台南,2023-03-13,8884
2834,臺企銀,50,32,18,國泰-台南,2023-03-13,8884
911868,同方友友-DR,18,0,18,國泰-台南,2023-03-13,8884
2211,長榮鋼,27,9,18,國泰-台南,2023-03-13,8884
6443,元晶,19,2,17,國泰-台南,2023-03-13,8884
2313,華通,19,2,17,國泰-台南,2023-03-13,8884
4564,元翎,17,0,17,國泰-台南,2023-03-13,8884
5905,南仁湖,16,0,16,國泰-台南,2023-03-13,8884
3169,亞信,17,1,16,國泰-台南,2023-03-13,8884
3491,昇達科,40,24,16,國泰-台南,2023-03-13,8884
2888,新光金,56,41,15,國泰-台南,2023-03-13,8884
2349,錸德,16,1,15,國泰-台南,2023-03-13,8884
1712,興農,17,2,15,國泰-台南,2023-03-13,8884
2457,飛宏,131,116,15,國泰-台南,2023-03-13,8884
3624,光頡,18,4,14,國泰-台南,2023-03-13,8884
2022,聚亨,17,3,14,國泰-台南,2023-03-13,8884
1319,東陽,14,1,13,國泰-台南,2023-03-13,8884
00878,國泰永續高股息,1159,177,982,國泰-台南,2023-03-14,8884
2495,普安,331,28,303,國泰-台南,2023-03-14,8884
1605,華新,242,14,228,國泰-台南,2023-03-14,8884
00715L,期街口布蘭特正2,198,0,198,國泰-台南,2023-03-14,8884
2867,三商壽,180,0,180,國泰-台南,2023-03-14,8884
2891,中信金,139,9,130,國泰-台南,2023-03-14,8884
00882,中信中國高股息,126,0,126,國泰-台南,2023-03-14,8884
2427,三商電,125,6,119,國泰-台南,2023-03-14,8884
3481,群創,168,53,115,國泰-台南,2023-03-14,8884
2610,華航,141,27,114,國泰-台南,2023-03-14,8884
00712,復華富時不動產,99,5,94,國泰-台南,2023-03-14,8884
8926,台汽電,95,2,93,國泰-台南,2023-03-14,8884
2303,聯電,124,34,90,國泰-台南,2023-03-14,8884
3703,欣陸,87,2,85,國泰-台南,2023-03-14,8884
2618,長榮航,148,64,84,國泰-台南,2023-03-14,8884
2609,陽明,169,93,76,國泰-台南,2023-03-14,8884
1513,中興電,113,40,73,國泰-台南,2023-03-14,8884
3209,全科,72,0,72,國泰-台南,2023-03-14,8884
2471,資通,77,6,71,國泰-台南,2023-03-14,8884
2645,長榮航太,69,7,62,國泰-台南,2023-03-14,8884
00751B,元大AAA至A公司債,62,4,58,國泰-台南,2023-03-14,8884
2615,萬海,82,25,57,國泰-台南,2023-03-14,8884
2885,元大金,58,2,56,國泰-台南,2023-03-14,8884
0056,元大高股息,63,11,52,國泰-台南,2023-03-14,8884
9955,佳龍,50,1,49,國泰-台南,2023-03-14,8884
00642U,期元大S＆P石油,63,15,48,國泰-台南,2023-03-14,8884
2892,第一金,47,2,45,國泰-台南,2023-03-14,8884
00713,元大台灣高息低波,62,19,43,國泰-台南,2023-03-14,8884
2888,新光金,47,8,39,國泰-台南,2023-03-14,8884
2834,臺企銀,76,38,38,國泰-台南,2023-03-14,8884
00902,中信電池及儲能,61,23,38,國泰-台南,2023-03-14,8884
00680L,元大美債20正2,60,23,37,國泰-台南,2023-03-14,8884
2884,玉山金,40,4,36,國泰-台南,2023-03-14,8884
00772B,中信高評級公司債,58,23,35,國泰-台南,2023-03-14,8884
6244,茂迪,74,39,35,國泰-台南,2023-03-14,8884
2890,永豐金,49,14,35,國泰-台南,2023-03-14,8884
4953,緯軟,34,0,34,國泰-台南,2023-03-14,8884
8069,元太,42,8,34,國泰-台南,2023-03-14,8884
5880,合庫金,32,1,31,國泰-台南,2023-03-14,8884
00637L,元大滬深300正2,54,23,31,國泰-台南,2023-03-14,8884
2881,富邦金,29,0,29,國泰-台南,2023-03-14,8884
00670L,富邦NASDAQ正2,28,0,28,國泰-台南,2023-03-14,8884
00923,群益台ESG低碳50,28,1,27,國泰-台南,2023-03-14,8884
3576,聯合再生,35,8,27,國泰-台南,2023-03-14,8884
3037,欣興,28,1,27,國泰-台南,2023-03-14,8884
5425,台半,29,3,26,國泰-台南,2023-03-14,8884
2409,友達,31,5,26,國泰-台南,2023-03-14,8884
4157,太景*-KY,27,2,25,國泰-台南,2023-03-14,8884
2887,台新金,39,14,25,國泰-台南,2023-03-14,8884
00900,富邦特選高股息30,34,9,25,國泰-台南,2023-03-14,8884
2614,東森,973,18,955,國泰-台南,2023-03-15,8884
00632R,元大台灣50反1,913,228,685,國泰-台南,2023-03-15,8884
00878,國泰永續高股息,430,54,376,國泰-台南,2023-03-15,8884
00676R,富邦臺灣加權反1,278,5,273,國泰-台南,2023-03-15,8884
00715L,期街口布蘭特正2,137,16,121,國泰-台南,2023-03-15,8884
2603,長榮,276,162,114,國泰-台南,2023-03-15,8884
00713,元大台灣高息低波,102,0,102,國泰-台南,2023-03-15,8884
2425,承啟,96,0,96,國泰-台南,2023-03-15,8884
00679B,元大美債20年,111,18,93,國泰-台南,2023-03-15,8884
2888,新光金,90,5,85,國泰-台南,2023-03-15,8884
00712,復華富時不動產,82,6,76,國泰-台南,2023-03-15,8884
6163,華電網,68,9,59,國泰-台南,2023-03-15,8884
00642U,期元大S＆P石油,52,0,52,國泰-台南,2023-03-15,8884
00857B,永豐20年美公債,52,0,52,國泰-台南,2023-03-15,8884
2023,燁輝,52,1,51,國泰-台南,2023-03-15,8884
2891,中信金,47,4,43,國泰-台南,2023-03-15,8884
2884,玉山金,50,9,41,國泰-台南,2023-03-15,8884
4157,太景*-KY,40,0,40,國泰-台南,2023-03-15,8884
0056,元大高股息,48,11,37,國泰-台南,2023-03-15,8884
00720B,元大投資級公司債,37,0,37,國泰-台南,2023-03-15,8884
2834,臺企銀,42,5,37,國泰-台南,2023-03-15,8884
5880,合庫金,44,7,37,國泰-台南,2023-03-15,8884
6282,康舒,56,21,35,國泰-台南,2023-03-15,8884
2706,第一店,30,0,30,國泰-台南,2023-03-15,8884
00772B,中信高評級公司債,37,8,29,國泰-台南,2023-03-15,8884
2609,陽明,165,136,29,國泰-台南,2023-03-15,8884
8222,寶一,47,20,27,國泰-台南,2023-03-15,8884
3481,群創,34,8,26,國泰-台南,2023-03-15,8884
2889,國票金,48,21,27,國泰-台南,2023-03-15,8884
6770,力積電,26,2,24,國泰-台南,2023-03-15,8884
3630,新鉅科,27,4,23,國泰-台南,2023-03-15,8884
2542,興富發,23,0,23,國泰-台南,2023-03-15,8884
9945,潤泰新,23,1,22,國泰-台南,2023-03-15,8884
2882,國泰金,38,16,22,國泰-台南,2023-03-15,8884
2886,兆豐金,34,12,22,國泰-台南,2023-03-15,8884
2359,所羅門,38,17,21,國泰-台南,2023-03-15,8884
2027,大成鋼,38,17,21,國泰-台南,2023-03-15,8884
2427,三商電,41,20,21,國泰-台南,2023-03-15,8884
2313,華通,27,7,20,國泰-台南,2023-03-15,8884
9105,泰金寶-DR,20,0,20,國泰-台南,2023-03-15,8884
2701,萬企,20,0,20,國泰-台南,2023-03-15,8884
1314,中石化,19,0,19,國泰-台南,2023-03-15,8884
8182,加高,19,0,19,國泰-台南,2023-03-15,8884
6235,華孚,74,56,18,國泰-台南,2023-03-15,8884
6120,達運,20,2,18,國泰-台南,2023-03-15,8884
2367,燿華,18,0,18,國泰-台南,2023-03-15,8884
2812,台中銀,20,3,17,國泰-台南,2023-03-15,8884
4961,天鈺,18,1,17,國泰-台南,2023-03-15,8884
2881,富邦金,18,1,17,國泰-台南,2023-03-15,8884
1101,台泥,39,23,16,國泰-台南,2023-03-15,8884
00878,國泰永續高股息,536,131,405,國泰-台南,2023-03-16,8884
2834,臺企銀,515,284,231,國泰-台南,2023-03-16,8884
2891,中信金,191,26,165,國泰-台南,2023-03-16,8884
2614,東森,199,40,159,國泰-台南,2023-03-16,8884
00713,元大台灣高息低波,145,1,144,國泰-台南,2023-03-16,8884
00679B,元大美債20年,136,16,120,國泰-台南,2023-03-16,8884
00715L,期街口布蘭特正2,296,185,111,國泰-台南,2023-03-16,8884
4953,緯軟,94,1,93,國泰-台南,2023-03-16,8884
2603,長榮,182,96,86,國泰-台南,2023-03-16,8884
2427,三商電,88,4,84,國泰-台南,2023-03-16,8884
00642U,期元大S＆P石油,82,2,80,國泰-台南,2023-03-16,8884
2609,陽明,343,268,75,國泰-台南,2023-03-16,8884
2884,玉山金,113,45,68,國泰-台南,2023-03-16,8884
2882,國泰金,80,14,66,國泰-台南,2023-03-16,8884
2888,新光金,97,31,66,國泰-台南,2023-03-16,8884
2017,官田鋼,94,33,61,國泰-台南,2023-03-16,8884
3035,智原,76,17,59,國泰-台南,2023-03-16,8884
2406,國碩,52,3,49,國泰-台南,2023-03-16,8884
2243,宏旭-KY,42,1,41,國泰-台南,2023-03-16,8884
1101,台泥,41,1,40,國泰-台南,2023-03-16,8884
2618,長榮航,61,21,40,國泰-台南,2023-03-16,8884
5880,合庫金,52,14,38,國泰-台南,2023-03-16,8884
6156,松上,35,0,35,國泰-台南,2023-03-16,8884
6753,龍德造船,33,0,33,國泰-台南,2023-03-16,8884
00773B,中信優先金融債,32,0,32,國泰-台南,2023-03-16,8884
2881,富邦金,41,10,31,國泰-台南,2023-03-16,8884
2313,華通,34,3,31,國泰-台南,2023-03-16,8884
2880,華南金,44,16,28,國泰-台南,2023-03-16,8884
2886,兆豐金,34,6,28,國泰-台南,2023-03-16,8884
4532,瑞智,27,0,27,國泰-台南,2023-03-16,8884
2027,大成鋼,45,19,26,國泰-台南,2023-03-16,8884
6125,廣運,32,6,26,國泰-台南,2023-03-16,8884
2812,台中銀,26,0,26,國泰-台南,2023-03-16,8884
2371,大同,24,1,23,國泰-台南,2023-03-16,8884
00665L,富邦�琤肭磪囓�2,22,0,22,國泰-台南,2023-03-16,8884
2897,王道銀行,42,20,22,國泰-台南,2023-03-16,8884
4157,太景*-KY,20,0,20,國泰-台南,2023-03-16,8884
3706,神達,20,1,19,國泰-台南,2023-03-16,8884
9945,潤泰新,75,56,19,國泰-台南,2023-03-16,8884
5450,南良,23,4,19,國泰-台南,2023-03-16,8884
5525,順天,19,0,19,國泰-台南,2023-03-16,8884
2330,台積電,20,2,18,國泰-台南,2023-03-16,8884
00720B,元大投資級公司債,20,2,18,國泰-台南,2023-03-16,8884
0050,元大台灣50,17,0,17,國泰-台南,2023-03-16,8884
1316,上曜,24,7,17,國泰-台南,2023-03-16,8884
2546,根基,17,0,17,國泰-台南,2023-03-16,8884
9962,有益,18,1,17,國泰-台南,2023-03-16,8884
2845,遠東銀,16,0,16,國泰-台南,2023-03-16,8884
5425,台半,43,27,16,國泰-台南,2023-03-16,8884
6531,愛普*,35,19,16,國泰-台南,2023-03-16,8884
00632R,元大台灣50反1,1804,133,1671,國泰-台南,2023-03-17,8884
00676R,富邦臺灣加權反1,388,0,388,國泰-台南,2023-03-17,8884
00715L,期街口布蘭特正2,248,30,218,國泰-台南,2023-03-17,8884
2888,新光金,199,6,193,國泰-台南,2023-03-17,8884
00673R,期元大S＆P原油反1,201,17,184,國泰-台南,2023-03-17,8884
00878,國泰永續高股息,219,62,157,國泰-台南,2023-03-17,8884
00712,復華富時不動產,112,0,112,國泰-台南,2023-03-17,8884
00679B,元大美債20年,116,16,100,國泰-台南,2023-03-17,8884
00654R,富邦印度反1,95,0,95,國泰-台南,2023-03-17,8884
2027,大成鋼,116,25,91,國泰-台南,2023-03-17,8884
2834,臺企銀,127,37,90,國泰-台南,2023-03-17,8884
9945,潤泰新,87,8,79,國泰-台南,2023-03-17,8884
2891,中信金,99,22,77,國泰-台南,2023-03-17,8884
2883,凱基金,83,11,72,國泰-台南,2023-03-17,8884
00713,元大台灣高息低波,66,4,62,國泰-台南,2023-03-17,8884
00720B,元大投資級公司債,66,17,49,國泰-台南,2023-03-17,8884
6443,元晶,136,100,36,國泰-台南,2023-03-17,8884
4114,健喬,54,20,34,國泰-台南,2023-03-17,8884
00671R,富邦NASDAQ反1,33,0,33,國泰-台南,2023-03-17,8884
3605,宏致,31,0,31,國泰-台南,2023-03-17,8884
00773B,中信優先金融債,30,0,30,國泰-台南,2023-03-17,8884
2327,國巨,31,1,30,國泰-台南,2023-03-17,8884
2881,富邦金,38,9,29,國泰-台南,2023-03-17,8884
1314,中石化,31,2,29,國泰-台南,2023-03-17,8884
2313,華通,28,0,28,國泰-台南,2023-03-17,8884
4976,佳凌,49,21,28,國泰-台南,2023-03-17,8884
00674R,期元大S＆P黃金反1,28,0,28,國泰-台南,2023-03-17,8884
1609,大亞,57,32,25,國泰-台南,2023-03-17,8884
9904,寶成,45,20,25,國泰-台南,2023-03-17,8884
9955,佳龍,142,117,25,國泰-台南,2023-03-17,8884
2409,友達,44,20,24,國泰-台南,2023-03-17,8884
2618,長榮航,32,9,23,國泰-台南,2023-03-17,8884
6235,華孚,91,69,22,國泰-台南,2023-03-17,8884
2302,麗正,22,2,20,國泰-台南,2023-03-17,8884
2634,漢翔,35,15,20,國泰-台南,2023-03-17,8884
0056,元大高股息,35,15,20,國泰-台南,2023-03-17,8884
00885,富邦越南,27,7,20,國泰-台南,2023-03-17,8884
8182,加高,19,0,19,國泰-台南,2023-03-17,8884
2317,鴻海,67,48,19,國泰-台南,2023-03-17,8884
1101,台泥,18,0,18,國泰-台南,2023-03-17,8884
1504,東元,36,18,18,國泰-台南,2023-03-17,8884
3594,磐儀,36,18,18,國泰-台南,2023-03-17,8884
2890,永豐金,19,1,18,國泰-台南,2023-03-17,8884
2884,玉山金,31,13,18,國泰-台南,2023-03-17,8884
4967,十銓,35,18,17,國泰-台南,2023-03-17,8884
2344,華邦電,122,105,17,國泰-台南,2023-03-17,8884
2609,陽明,33,17,16,國泰-台南,2023-03-17,8884
00772B,中信高評級公司債,19,3,16,國泰-台南,2023-03-17,8884
5227,立凱-KY,16,0,16,國泰-台南,2023-03-17,8884
00905,FT臺灣Smart,15,0,15,國泰-台南,2023-03-17,8884
00878,國泰永續高股息,304,71,233,國泰-台南,2023-03-20,8884
00676R,富邦臺灣加權反1,219,0,219,國泰-台南,2023-03-20,8884
00642U,期元大S＆P石油,86,0,86,國泰-台南,2023-03-20,8884
00679B,元大美債20年,167,83,84,國泰-台南,2023-03-20,8884
2882,國泰金,95,18,77,國泰-台南,2023-03-20,8884
2427,三商電,104,31,73,國泰-台南,2023-03-20,8884
00715L,期街口布蘭特正2,128,60,68,國泰-台南,2023-03-20,8884
3594,磐儀,68,7,61,國泰-台南,2023-03-20,8884
00650L,復華香港正2,59,0,59,國泰-台南,2023-03-20,8884
2014,中鴻,57,4,53,國泰-台南,2023-03-20,8884
2406,國碩,57,9,48,國泰-台南,2023-03-20,8884
1605,華新,54,10,44,國泰-台南,2023-03-20,8884
9945,潤泰新,58,17,41,國泰-台南,2023-03-20,8884
00885,富邦越南,56,20,36,國泰-台南,2023-03-20,8884
2888,新光金,38,2,36,國泰-台南,2023-03-20,8884
6244,茂迪,288,254,34,國泰-台南,2023-03-20,8884
5880,合庫金,33,0,33,國泰-台南,2023-03-20,8884
00902,中信電池及儲能,32,0,32,國泰-台南,2023-03-20,8884
6245,立端,31,2,29,國泰-台南,2023-03-20,8884
2834,臺企銀,78,51,27,國泰-台南,2023-03-20,8884
00637L,元大滬深300正2,49,24,25,國泰-台南,2023-03-20,8884
3481,群創,35,11,24,國泰-台南,2023-03-20,8884
00712,復華富時不動產,39,15,24,國泰-台南,2023-03-20,8884
3035,智原,49,26,23,國泰-台南,2023-03-20,8884
00665L,富邦�琤肭磪囓�2,44,22,22,國泰-台南,2023-03-20,8884
2880,華南金,24,3,21,國泰-台南,2023-03-20,8884
1316,上曜,31,10,21,國泰-台南,2023-03-20,8884
00753L,中信中國50正2,19,0,19,國泰-台南,2023-03-20,8884
1519,華城,46,28,18,國泰-台南,2023-03-20,8884
5450,南良,18,0,18,國泰-台南,2023-03-20,8884
3576,聯合再生,32,14,18,國泰-台南,2023-03-20,8884
8222,寶一,32,15,17,國泰-台南,2023-03-20,8884
2881,富邦金,22,5,17,國泰-台南,2023-03-20,8884
2618,長榮航,21,5,16,國泰-台南,2023-03-20,8884
00633L,富邦上証正2,16,0,16,國泰-台南,2023-03-20,8884
1304,台聚,22,6,16,國泰-台南,2023-03-20,8884
2609,陽明,25,11,14,國泰-台南,2023-03-20,8884
2603,長榮,24,11,13,國泰-台南,2023-03-20,8884
2104,國際中橡,13,0,13,國泰-台南,2023-03-20,8884
00655L,國泰中國A50正2,14,1,13,國泰-台南,2023-03-20,8884
2634,漢翔,47,35,12,國泰-台南,2023-03-20,8884
8358,金居,13,1,12,國泰-台南,2023-03-20,8884
6770,力積電,15,3,12,國泰-台南,2023-03-20,8884
3005,神基,12,1,11,國泰-台南,2023-03-20,8884
00752,中信中國50,11,0,11,國泰-台南,2023-03-20,8884
2754,亞洲藏壽司,11,0,11,國泰-台南,2023-03-20,8884
6733,博晟生醫,11,0,11,國泰-台南,2023-03-20,8884
4977,眾達-KY,16,5,11,國泰-台南,2023-03-20,8884
00852L,國泰美國道瓊正2,11,1,10,國泰-台南,2023-03-20,8884
2317,鴻海,13,2,11,國泰-台南,2023-03-20,8884
2610,華航,131,2,129,國泰-台南,2023-03-21,8884
00679B,元大美債20年,151,59,92,國泰-台南,2023-03-21,8884
2609,陽明,101,10,91,國泰-台南,2023-03-21,8884
00676R,富邦臺灣加權反1,170,81,89,國泰-台南,2023-03-21,8884
00885,富邦越南,78,3,75,國泰-台南,2023-03-21,8884
6182,合晶,77,10,67,國泰-台南,2023-03-21,8884
5488,松普,60,1,59,國泰-台南,2023-03-21,8884
00712,復華富時不動產,62,8,54,國泰-台南,2023-03-21,8884
00654R,富邦印度反1,50,0,50,國泰-台南,2023-03-21,8884
8171,天宇,53,5,48,國泰-台南,2023-03-21,8884
00882,中信中國高股息,44,1,43,國泰-台南,2023-03-21,8884
6156,松上,40,0,40,國泰-台南,2023-03-21,8884
3322,建舜電,36,2,34,國泰-台南,2023-03-21,8884
8046,南電,45,13,32,國泰-台南,2023-03-21,8884
2891,中信金,37,8,29,國泰-台南,2023-03-21,8884
9105,泰金寶-DR,49,20,29,國泰-台南,2023-03-21,8884
8182,加高,28,0,28,國泰-台南,2023-03-21,8884
1785,光洋科,30,2,28,國泰-台南,2023-03-21,8884
2915,潤泰全,30,3,27,國泰-台南,2023-03-21,8884
4934,太極,89,63,26,國泰-台南,2023-03-21,8884
2388,威盛,73,49,24,國泰-台南,2023-03-21,8884
2453,凌群,158,134,24,國泰-台南,2023-03-21,8884
2471,資通,149,126,23,國泰-台南,2023-03-21,8884
2884,玉山金,35,12,23,國泰-台南,2023-03-21,8884
00878,國泰永續高股息,129,106,23,國泰-台南,2023-03-21,8884
2634,漢翔,80,58,22,國泰-台南,2023-03-21,8884
6163,華電網,80,58,22,國泰-台南,2023-03-21,8884
6443,元晶,77,57,20,國泰-台南,2023-03-21,8884
2504,國產,20,0,20,國泰-台南,2023-03-21,8884
6266,泰詠,32,12,20,國泰-台南,2023-03-21,8884
3576,聯合再生,32,13,19,國泰-台南,2023-03-21,8884
2515,中工,20,1,19,國泰-台南,2023-03-21,8884
5425,台半,35,18,17,國泰-台南,2023-03-21,8884
2402,毅嘉,70,53,17,國泰-台南,2023-03-21,8884
2834,臺企銀,41,24,17,國泰-台南,2023-03-21,8884
8048,德勝,18,2,16,國泰-台南,2023-03-21,8884
1101,台泥,17,2,15,國泰-台南,2023-03-21,8884
00888,永豐台灣ESG,15,0,15,國泰-台南,2023-03-21,8884
5608,四維航,18,3,15,國泰-台南,2023-03-21,8884
2356,英業達,51,36,15,國泰-台南,2023-03-21,8884
6531,愛普*,30,15,15,國泰-台南,2023-03-21,8884
4128,中天,21,7,14,國泰-台南,2023-03-21,8884
2882,國泰金,23,9,14,國泰-台南,2023-03-21,8884
1603,華電,21,7,14,國泰-台南,2023-03-21,8884
2881,富邦金,16,2,14,國泰-台南,2023-03-21,8884
1718,中纖,12,0,12,國泰-台南,2023-03-21,8884
2481,強茂,34,22,12,國泰-台南,2023-03-21,8884
6116,彩晶,13,1,12,國泰-台南,2023-03-21,8884
2486,一詮,16,4,12,國泰-台南,2023-03-21,8884
2457,飛宏,317,306,11,國泰-台南,2023-03-21,8884
00679B,元大美債20年,606,251,355,國泰-台南,2023-03-22,8884
00676R,富邦臺灣加權反1,421,80,341,國泰-台南,2023-03-22,8884
2344,華邦電,215,8,207,國泰-台南,2023-03-22,8884
2316,楠梓電,100,0,100,國泰-台南,2023-03-22,8884
00673R,期元大S＆P原油反1,100,0,100,國泰-台南,2023-03-22,8884
6266,泰詠,99,37,62,國泰-台南,2023-03-22,8884
6282,康舒,78,17,61,國泰-台南,2023-03-22,8884
2482,連宇,210,153,57,國泰-台南,2023-03-22,8884
1304,台聚,58,2,56,國泰-台南,2023-03-22,8884
2880,華南金,57,4,53,國泰-台南,2023-03-22,8884
9105,泰金寶-DR,46,0,46,國泰-台南,2023-03-22,8884
1529,樂事綠能,105,62,43,國泰-台南,2023-03-22,8884
3013,晟銘電,79,36,43,國泰-台南,2023-03-22,8884
00713,元大台灣高息低波,51,9,42,國泰-台南,2023-03-22,8884
9945,潤泰新,70,28,42,國泰-台南,2023-03-22,8884
1532,勤美,39,0,39,國泰-台南,2023-03-22,8884
4432,銘旺實,40,1,39,國泰-台南,2023-03-22,8884
1316,上曜,50,12,38,國泰-台南,2023-03-22,8884
8289,泰藝,60,23,37,國泰-台南,2023-03-22,8884
5488,松普,36,1,35,國泰-台南,2023-03-22,8884
2457,飛宏,134,103,31,國泰-台南,2023-03-22,8884
6235,華孚,54,24,30,國泰-台南,2023-03-22,8884
1609,大亞,28,1,27,國泰-台南,2023-03-22,8884
2881,富邦金,32,5,27,國泰-台南,2023-03-22,8884
6120,達運,27,0,27,國泰-台南,2023-03-22,8884
1513,中興電,43,18,25,國泰-台南,2023-03-22,8884
1584,精剛,27,3,24,國泰-台南,2023-03-22,8884
00857B,永豐20年美公債,23,0,23,國泰-台南,2023-03-22,8884
6276,安鈦克,24,2,22,國泰-台南,2023-03-22,8884
2489,瑞軒,23,2,21,國泰-台南,2023-03-22,8884
6148,驊宏資,32,11,21,國泰-台南,2023-03-22,8884
8390,金益鼎,22,1,21,國泰-台南,2023-03-22,8884
6139,亞翔,26,6,20,國泰-台南,2023-03-22,8884
2419,仲琦,21,1,20,國泰-台南,2023-03-22,8884
00715L,期街口布蘭特正2,101,81,20,國泰-台南,2023-03-22,8884
2382,廣達,22,3,19,國泰-台南,2023-03-22,8884
00772B,中信高評級公司債,26,7,19,國泰-台南,2023-03-22,8884
1712,興農,18,0,18,國泰-台南,2023-03-22,8884
00706L,期元大S＆P日圓正2,20,3,17,國泰-台南,2023-03-22,8884
2605,新興,21,4,17,國泰-台南,2023-03-22,8884
00712,復華富時不動產,19,2,17,國泰-台南,2023-03-22,8884
6133,金橋,17,1,16,國泰-台南,2023-03-22,8884
2317,鴻海,20,4,16,國泰-台南,2023-03-22,8884
3037,欣興,45,29,16,國泰-台南,2023-03-22,8884
6290,良維,33,18,15,國泰-台南,2023-03-22,8884
4164,承業醫,19,4,15,國泰-台南,2023-03-22,8884
6679,鈺太,14,1,13,國泰-台南,2023-03-22,8884
1514,亞力,13,0,13,國泰-台南,2023-03-22,8884
3576,聯合再生,16,3,13,國泰-台南,2023-03-22,8884
3047,訊舟,92,80,12,國泰-台南,2023-03-22,8884
00632R,元大台灣50反1,574,12,562,國泰-台南,2023-03-23,8884
00680L,元大美債20正2,325,15,310,國泰-台南,2023-03-23,8884
00676R,富邦臺灣加權反1,207,25,182,國泰-台南,2023-03-23,8884
3481,群創,158,36,122,國泰-台南,2023-03-23,8884
00795B,中信美國公債20年,71,0,71,國泰-台南,2023-03-23,8884
2027,大成鋼,65,1,64,國泰-台南,2023-03-23,8884
2609,陽明,77,22,55,國泰-台南,2023-03-23,8884
3047,訊舟,57,7,50,國泰-台南,2023-03-23,8884
6134,萬旭,44,0,44,國泰-台南,2023-03-23,8884
00683L,期元大美元指正2,42,0,42,國泰-台南,2023-03-23,8884
2603,長榮,47,7,40,國泰-台南,2023-03-23,8884
3710,連展投控,44,4,40,國泰-台南,2023-03-23,8884
6220,岳豐,36,0,36,國泰-台南,2023-03-23,8884
4952,凌通,35,0,35,國泰-台南,2023-03-23,8884
00857B,永豐20年美公債,50,20,30,國泰-台南,2023-03-23,8884
00900,富邦特選高股息30,30,2,28,國泰-台南,2023-03-23,8884
00720B,元大投資級公司債,29,1,28,國泰-台南,2023-03-23,8884
00712,復華富時不動產,43,15,28,國泰-台南,2023-03-23,8884
2402,毅嘉,221,193,28,國泰-台南,2023-03-23,8884
2883,凱基金,31,4,27,國泰-台南,2023-03-23,8884
00772B,中信高評級公司債,36,9,27,國泰-台南,2023-03-23,8884
9105,泰金寶-DR,26,0,26,國泰-台南,2023-03-23,8884
00908,富邦入息REITs+,30,4,26,國泰-台南,2023-03-23,8884
6275,元山,27,2,25,國泰-台南,2023-03-23,8884
00713,元大台灣高息低波,28,4,24,國泰-台南,2023-03-23,8884
8069,元太,37,16,21,國泰-台南,2023-03-23,8884
2313,華通,21,0,21,國泰-台南,2023-03-23,8884
4934,太極,21,0,21,國泰-台南,2023-03-23,8884
00714,群益道瓊美國地產,22,1,21,國泰-台南,2023-03-23,8884
2482,連宇,61,41,20,國泰-台南,2023-03-23,8884
6168,宏齊,26,6,20,國泰-台南,2023-03-23,8884
4128,中天,21,1,20,國泰-台南,2023-03-23,8884
4953,緯軟,114,95,19,國泰-台南,2023-03-23,8884
3011,今皓,18,0,18,國泰-台南,2023-03-23,8884
5512,力麒,19,2,17,國泰-台南,2023-03-23,8884
2303,聯電,41,24,17,國泰-台南,2023-03-23,8884
00897,富邦基因免疫生技,17,0,17,國泰-台南,2023-03-23,8884
3062,建漢,18,1,17,國泰-台南,2023-03-23,8884
2359,所羅門,19,3,16,國泰-台南,2023-03-23,8884
5225,東科-KY,17,1,16,國泰-台南,2023-03-23,8884
1326,台化,15,0,15,國泰-台南,2023-03-23,8884
6266,泰詠,42,27,15,國泰-台南,2023-03-23,8884
2014,中鴻,23,8,15,國泰-台南,2023-03-23,8884
1504,東元,132,117,15,國泰-台南,2023-03-23,8884
2881,富邦金,18,3,15,國泰-台南,2023-03-23,8884
6282,康舒,69,55,14,國泰-台南,2023-03-23,8884
2481,強茂,25,11,14,國泰-台南,2023-03-23,8884
2605,新興,18,5,13,國泰-台南,2023-03-23,8884
2888,新光金,13,0,13,國泰-台南,2023-03-23,8884
2745,五福,13,0,13,國泰-台南,2023-03-23,8884
00680L,元大美債20正2,357,1,356,國泰-台南,2023-03-24,8884
00632R,元大台灣50反1,195,65,130,國泰-台南,2023-03-24,8884
4953,緯軟,149,55,94,國泰-台南,2023-03-24,8884
2303,聯電,92,10,82,國泰-台南,2023-03-24,8884
00712,復華富時不動產,95,29,66,國泰-台南,2023-03-24,8884
00674R,期元大S＆P黃金反1,55,0,55,國泰-台南,2023-03-24,8884
6109,亞元,57,4,53,國泰-台南,2023-03-24,8884
00772B,中信高評級公司債,66,14,52,國泰-台南,2023-03-24,8884
1319,東陽,77,28,49,國泰-台南,2023-03-24,8884
2009,第一銅,46,0,46,國泰-台南,2023-03-24,8884
2883B,凱基金乙特,44,0,44,國泰-台南,2023-03-24,8884
2891,中信金,60,23,37,國泰-台南,2023-03-24,8884
2352,佳世達,49,15,34,國泰-台南,2023-03-24,8884
00679B,元大美債20年,44,11,33,國泰-台南,2023-03-24,8884
00664R,國泰臺灣加權反1,32,0,32,國泰-台南,2023-03-24,8884
3499,環天科,62,31,31,國泰-台南,2023-03-24,8884
6606,建德工業,46,16,30,國泰-台南,2023-03-24,8884
4903,聯光通,30,2,28,國泰-台南,2023-03-24,8884
6443,元晶,32,6,26,國泰-台南,2023-03-24,8884
00676R,富邦臺灣加權反1,24,1,23,國泰-台南,2023-03-24,8884
9945,潤泰新,22,1,21,國泰-台南,2023-03-24,8884
00908,富邦入息REITs+,25,4,21,國泰-台南,2023-03-24,8884
2610,華航,29,10,19,國泰-台南,2023-03-24,8884
6244,茂迪,42,24,18,國泰-台南,2023-03-24,8884
2867,三商壽,20,2,18,國泰-台南,2023-03-24,8884
2377,微星,18,0,18,國泰-台南,2023-03-24,8884
00720B,元大投資級公司債,29,11,18,國泰-台南,2023-03-24,8884
2340,台亞,23,5,18,國泰-台南,2023-03-24,8884
5227,立凱-KY,18,0,18,國泰-台南,2023-03-24,8884
3047,訊舟,18,0,18,國泰-台南,2023-03-24,8884
6788,華景電,23,5,18,國泰-台南,2023-03-24,8884
00888,永豐台灣ESG,24,6,18,國泰-台南,2023-03-24,8884
1605,華新,86,68,18,國泰-台南,2023-03-24,8884
2601,益航,18,1,17,國泰-台南,2023-03-24,8884
4919,新唐,33,16,17,國泰-台南,2023-03-24,8884
2034,允強,16,0,16,國泰-台南,2023-03-24,8884
4934,太極,48,32,16,國泰-台南,2023-03-24,8884
8234,新漢,34,18,16,國泰-台南,2023-03-24,8884
2634,漢翔,65,49,16,國泰-台南,2023-03-24,8884
00708L,期元大S＆P黃金正2,15,0,15,國泰-台南,2023-03-24,8884
00671R,富邦NASDAQ反1,15,0,15,國泰-台南,2023-03-24,8884
2351,順德,29,14,15,國泰-台南,2023-03-24,8884
8033,雷虎,21,7,14,國泰-台南,2023-03-24,8884
6202,盛群,15,1,14,國泰-台南,2023-03-24,8884
3694,海華,17,3,14,國泰-台南,2023-03-24,8884
2609,陽明,20,6,14,國泰-台南,2023-03-24,8884
3532,台勝科,26,13,13,國泰-台南,2023-03-24,8884
5258,虹堡,16,3,13,國泰-台南,2023-03-24,8884
3552,同致,23,10,13,國泰-台南,2023-03-24,8884
6220,岳豐,13,0,13,國泰-台南,2023-03-24,8884
00882,中信中國高股息,168,1,167,國泰-台南,2023-03-27,8884
6226,光鼎,116,8,108,國泰-台南,2023-03-27,8884
6152,百一,103,0,103,國泰-台南,2023-03-27,8884
00772B,中信高評級公司債,98,3,95,國泰-台南,2023-03-27,8884
3576,聯合再生,105,10,95,國泰-台南,2023-03-27,8884
6244,茂迪,159,79,80,國泰-台南,2023-03-27,8884
1605,華新,109,31,78,國泰-台南,2023-03-27,8884
2352,佳世達,82,9,73,國泰-台南,2023-03-27,8884
1319,東陽,73,1,72,國泰-台南,2023-03-27,8884
2201,裕隆,80,9,71,國泰-台南,2023-03-27,8884
8222,寶一,197,139,58,國泰-台南,2023-03-27,8884
00857B,永豐20年美公債,57,0,57,國泰-台南,2023-03-27,8884
1504,東元,209,159,50,國泰-台南,2023-03-27,8884
6288,聯嘉,119,71,48,國泰-台南,2023-03-27,8884
00687B,國泰20年美債,38,0,38,國泰-台南,2023-03-27,8884
2317,鴻海,35,3,32,國泰-台南,2023-03-27,8884
4960,誠美材,34,3,31,國泰-台南,2023-03-27,8884
3047,訊舟,58,29,29,國泰-台南,2023-03-27,8884
3011,今皓,29,0,29,國泰-台南,2023-03-27,8884
00679B,元大美債20年,30,2,28,國泰-台南,2023-03-27,8884
1609,大亞,131,103,28,國泰-台南,2023-03-27,8884
6276,安鈦克,33,5,28,國泰-台南,2023-03-27,8884
3035,智原,57,31,26,國泰-台南,2023-03-27,8884
6606,建德工業,26,1,25,國泰-台南,2023-03-27,8884
3715,定穎投控,29,4,25,國泰-台南,2023-03-27,8884
3078,僑威,35,11,24,國泰-台南,2023-03-27,8884
6770,力積電,31,10,21,國泰-台南,2023-03-27,8884
2882,國泰金,27,5,22,國泰-台南,2023-03-27,8884
3209,全科,21,0,21,國泰-台南,2023-03-27,8884
3714,富采,62,42,20,國泰-台南,2023-03-27,8884
9105,泰金寶-DR,20,0,20,國泰-台南,2023-03-27,8884
3013,晟銘電,49,30,19,國泰-台南,2023-03-27,8884
1513,中興電,32,15,17,國泰-台南,2023-03-27,8884
5381,合正,17,0,17,國泰-台南,2023-03-27,8884
4147,中裕,37,21,16,國泰-台南,2023-03-27,8884
00669R,國泰美國道瓊反1,16,0,16,國泰-台南,2023-03-27,8884
4934,太極,56,41,15,國泰-台南,2023-03-27,8884
5488,松普,16,1,15,國泰-台南,2023-03-27,8884
6161,捷波,20,5,15,國泰-台南,2023-03-27,8884
5425,台半,38,23,15,國泰-台南,2023-03-27,8884
2002,中鋼,16,1,15,國泰-台南,2023-03-27,8884
2482,連宇,76,62,14,國泰-台南,2023-03-27,8884
5351,鈺創,16,3,13,國泰-台南,2023-03-27,8884
3294,英濟,13,0,13,國泰-台南,2023-03-27,8884
3033,威健,14,1,13,國泰-台南,2023-03-27,8884
2883B,凱基金乙特,13,0,13,國泰-台南,2023-03-27,8884
6111,大宇資,15,2,13,國泰-台南,2023-03-27,8884
2105,正新,41,28,13,國泰-台南,2023-03-27,8884
1101,台泥,43,31,12,國泰-台南,2023-03-27,8884
2006,東和鋼鐵,14,2,12,國泰-台南,2023-03-27,8884
00632R,元大台灣50反1,715,214,501,國泰-台南,2023-03-28,8884
00679B,元大美債20年,201,30,171,國泰-台南,2023-03-28,8884
00680L,元大美債20正2,139,8,131,國泰-台南,2023-03-28,8884
1605,華新,213,107,106,國泰-台南,2023-03-28,8884
00878,國泰永續高股息,135,36,99,國泰-台南,2023-03-28,8884
3011,今皓,90,5,85,國泰-台南,2023-03-28,8884
00772B,中信高評級公司債,86,4,82,國泰-台南,2023-03-28,8884
2634,漢翔,89,20,69,國泰-台南,2023-03-28,8884
00882,中信中國高股息,87,20,67,國泰-台南,2023-03-28,8884
3607,谷崧,80,18,62,國泰-台南,2023-03-28,8884
3025,星通,152,91,61,國泰-台南,2023-03-28,8884
2890,永豐金,61,6,55,國泰-台南,2023-03-28,8884
00857B,永豐20年美公債,52,0,52,國泰-台南,2023-03-28,8884
00683L,期元大美元指正2,50,0,50,國泰-台南,2023-03-28,8884
3037,欣興,54,9,45,國泰-台南,2023-03-28,8884
3362,先進光,54,8,46,國泰-台南,2023-03-28,8884
00900,富邦特選高股息30,41,0,41,國泰-台南,2023-03-28,8884
6282,康舒,52,12,40,國泰-台南,2023-03-28,8884
00922,國泰台灣領袖50,51,11,40,國泰-台南,2023-03-28,8884
5439,高技,39,0,39,國泰-台南,2023-03-28,8884
2614,東森,36,0,36,國泰-台南,2023-03-28,8884
3272,東碩,38,6,32,國泰-台南,2023-03-28,8884
00751B,元大AAA至A公司債,32,1,31,國泰-台南,2023-03-28,8884
3624,光頡,158,128,30,國泰-台南,2023-03-28,8884
2303,聯電,32,3,29,國泰-台南,2023-03-28,8884
00830,國泰費城半導體,28,0,28,國泰-台南,2023-03-28,8884
2332,友訊,31,4,27,國泰-台南,2023-03-28,8884
00720B,元大投資級公司債,29,3,26,國泰-台南,2023-03-28,8884
2352,佳世達,27,2,25,國泰-台南,2023-03-28,8884
6550,北極星藥業-KY,20,0,20,國泰-台南,2023-03-28,8884
2438,翔耀,21,1,20,國泰-台南,2023-03-28,8884
2419,仲琦,28,10,18,國泰-台南,2023-03-28,8884
00688L,國泰20年美債正2,18,0,18,國泰-台南,2023-03-28,8884
5211,蒙恬,32,15,17,國泰-台南,2023-03-28,8884
00676R,富邦臺灣加權反1,37,20,17,國泰-台南,2023-03-28,8884
5488,松普,17,0,17,國泰-台南,2023-03-28,8884
1720,生達,17,0,17,國泰-台南,2023-03-28,8884
3047,訊舟,22,5,17,國泰-台南,2023-03-28,8884
2601,益航,22,6,16,國泰-台南,2023-03-28,8884
2331,精英,18,2,16,國泰-台南,2023-03-28,8884
8182,加高,16,0,16,國泰-台南,2023-03-28,8884
1609,大亞,29,14,15,國泰-台南,2023-03-28,8884
2609,陽明,41,26,15,國泰-台南,2023-03-28,8884
1423,利華,15,0,15,國泰-台南,2023-03-28,8884
2886,兆豐金,19,4,15,國泰-台南,2023-03-28,8884
006208,富邦台50,16,1,15,國泰-台南,2023-03-28,8884
3013,晟銘電,20,6,14,國泰-台南,2023-03-28,8884
5425,台半,27,14,13,國泰-台南,2023-03-28,8884
00697B,元大美債7-10,13,0,13,國泰-台南,2023-03-28,8884
00891,中信關鍵半導體,16,3,13,國泰-台南,2023-03-28,8884
00632R,元大台灣50反1,360,20,340,國泰-台南,2023-03-29,8884
2867,三商壽,189,39,150,國泰-台南,2023-03-29,8884
1618,合機,78,5,73,國泰-台南,2023-03-29,8884
1504,東元,190,118,72,國泰-台南,2023-03-29,8884
00772B,中信高評級公司債,62,0,62,國泰-台南,2023-03-29,8884
3105,穩懋,70,11,59,國泰-台南,2023-03-29,8884
00922,國泰台灣領袖50,50,2,48,國泰-台南,2023-03-29,8884
00679B,元大美債20年,60,19,41,國泰-台南,2023-03-29,8884
3312,弘憶股,43,3,40,國泰-台南,2023-03-29,8884
6134,萬旭,42,3,39,國泰-台南,2023-03-29,8884
00882,中信中國高股息,64,31,33,國泰-台南,2023-03-29,8884
2303,聯電,54,22,32,國泰-台南,2023-03-29,8884
2317,鴻海,37,5,32,國泰-台南,2023-03-29,8884
5608,四維航,27,0,27,國泰-台南,2023-03-29,8884
00891,中信關鍵半導體,27,2,25,國泰-台南,2023-03-29,8884
6753,龍德造船,27,3,24,國泰-台南,2023-03-29,8884
00751B,元大AAA至A公司債,27,4,23,國泰-台南,2023-03-29,8884
00720B,元大投資級公司債,23,2,21,國泰-台南,2023-03-29,8884
1540,喬福,20,0,20,國泰-台南,2023-03-29,8884
8222,寶一,29,9,20,國泰-台南,2023-03-29,8884
2457,飛宏,53,34,19,國泰-台南,2023-03-29,8884
2883,凱基金,24,6,18,國泰-台南,2023-03-29,8884
00900,富邦特選高股息30,20,2,18,國泰-台南,2023-03-29,8884
00713,元大台灣高息低波,21,2,19,國泰-台南,2023-03-29,8884
6235,華孚,69,51,18,國泰-台南,2023-03-29,8884
2331,精英,18,1,17,國泰-台南,2023-03-29,8884
00676R,富邦臺灣加權反1,16,0,16,國泰-台南,2023-03-29,8884
2332,友訊,14,1,13,國泰-台南,2023-03-29,8884
8289,泰藝,47,34,13,國泰-台南,2023-03-29,8884
5425,台半,37,24,13,國泰-台南,2023-03-29,8884
3035,智原,39,26,13,國泰-台南,2023-03-29,8884
2883B,凱基金乙特,11,0,11,國泰-台南,2023-03-29,8884
2748,雲品,43,33,10,國泰-台南,2023-03-29,8884
00830,國泰費城半導體,11,1,10,國泰-台南,2023-03-29,8884
00773B,中信優先金融債,14,4,10,國泰-台南,2023-03-29,8884
3028,增你強,10,0,10,國泰-台南,2023-03-29,8884
5471,松翰,10,0,10,國泰-台南,2023-03-29,8884
1512,瑞利,10,0,10,國泰-台南,2023-03-29,8884
3402,漢科,10,0,10,國泰-台南,2023-03-29,8884
3715,定穎投控,244,234,10,國泰-台南,2023-03-29,8884
1734,杏輝,10,0,10,國泰-台南,2023-03-29,8884
3024,憶聲,10,0,10,國泰-台南,2023-03-29,8884
2344,華邦電,26,16,10,國泰-台南,2023-03-29,8884
1809,中釉,9,0,9,國泰-台南,2023-03-29,8884
00712,復華富時不動產,10,1,9,國泰-台南,2023-03-29,8884
00878,國泰永續高股息,76,68,8,國泰-台南,2023-03-29,8884
00680L,元大美債20正2,8,0,8,國泰-台南,2023-03-29,8884
2886,兆豐金,10,2,8,國泰-台南,2023-03-29,8884
8069,元太,20,12,8,國泰-台南,2023-03-29,8884
2606,裕民,8,0,8,國泰-台南,2023-03-29,8884
00857B,永豐20年美公債,200,0,200,國泰-台南,2023-03-30,8884
00679B,元大美債20年,124,1,123,國泰-台南,2023-03-30,8884
3035,智原,84,14,70,國泰-台南,2023-03-30,8884
2610,華航,70,4,66,國泰-台南,2023-03-30,8884
2883B,凱基金乙特,61,0,61,國泰-台南,2023-03-30,8884
2002,中鋼,56,0,56,國泰-台南,2023-03-30,8884
2302,麗正,77,22,55,國泰-台南,2023-03-30,8884
1609,大亞,83,29,54,國泰-台南,2023-03-30,8884
2382,廣達,52,0,52,國泰-台南,2023-03-30,8884
8088,品安,106,54,52,國泰-台南,2023-03-30,8884
2352,佳世達,47,1,46,國泰-台南,2023-03-30,8884
00669R,國泰美國道瓊反1,46,5,41,國泰-台南,2023-03-30,8884
9105,泰金寶-DR,100,60,40,國泰-台南,2023-03-30,8884
00882,中信中國高股息,77,41,36,國泰-台南,2023-03-30,8884
6125,廣運,77,43,34,國泰-台南,2023-03-30,8884
2359,所羅門,42,10,32,國泰-台南,2023-03-30,8884
2006,東和鋼鐵,38,7,31,國泰-台南,2023-03-30,8884
2023,燁輝,30,0,30,國泰-台南,2023-03-30,8884
00683L,期元大美元指正2,30,0,30,國泰-台南,2023-03-30,8884
1605,華新,38,9,29,國泰-台南,2023-03-30,8884
6133,金橋,97,73,24,國泰-台南,2023-03-30,8884
5488,松普,24,0,24,國泰-台南,2023-03-30,8884
00885,富邦越南,43,20,23,國泰-台南,2023-03-30,8884
3466,德晉,22,0,22,國泰-台南,2023-03-30,8884
2634,漢翔,28,6,22,國泰-台南,2023-03-30,8884
00881,國泰台灣5G+,30,10,20,國泰-台南,2023-03-30,8884
3078,僑威,28,8,20,國泰-台南,2023-03-30,8884
6122,擎邦,40,21,19,國泰-台南,2023-03-30,8884
3715,定穎投控,41,22,19,國泰-台南,2023-03-30,8884
2889,國票金,24,5,19,國泰-台南,2023-03-30,8884
1785,光洋科,18,0,18,國泰-台南,2023-03-30,8884
00671R,富邦NASDAQ反1,16,0,16,國泰-台南,2023-03-30,8884
2883,凱基金,36,21,15,國泰-台南,2023-03-30,8884
4114,健喬,17,3,14,國泰-台南,2023-03-30,8884
6244,茂迪,42,28,14,國泰-台南,2023-03-30,8884
4934,太極,35,21,14,國泰-台南,2023-03-30,8884
3362,先進光,17,4,13,國泰-台南,2023-03-30,8884
2542,興富發,12,0,12,國泰-台南,2023-03-30,8884
3260,威剛,56,44,12,國泰-台南,2023-03-30,8884
6220,岳豐,14,2,12,國泰-台南,2023-03-30,8884
3312,弘憶股,14,2,12,國泰-台南,2023-03-30,8884
6790,永豐實,12,0,12,國泰-台南,2023-03-30,8884
8289,泰藝,14,2,12,國泰-台南,2023-03-30,8884
3481,群創,15,3,12,國泰-台南,2023-03-30,8884
2317,鴻海,18,8,10,國泰-台南,2023-03-30,8884
2890,永豐金,18,8,10,國泰-台南,2023-03-30,8884
6606,建德工業,11,2,9,國泰-台南,2023-03-30,8884
5608,四維航,11,2,9,國泰-台南,2023-03-30,8884
3025,星通,20,11,9,國泰-台南,2023-03-30,8884
00706L,期元大S＆P日圓正2,10,1,9,國泰-台南,2023-03-30,8884
6245,立端,216,6,210,國泰-台南,2023-03-31,8884
00673R,期元大S＆P原油反1,185,10,175,國泰-台南,2023-03-31,8884
6485,點序,123,5,118,國泰-台南,2023-03-31,8884
3052,夆典,100,0,100,國泰-台南,2023-03-31,8884
1605,華新,120,30,90,國泰-台南,2023-03-31,8884
6133,金橋,152,77,75,國泰-台南,2023-03-31,8884
00679B,元大美債20年,53,1,52,國泰-台南,2023-03-31,8884
3518,柏騰,50,0,50,國泰-台南,2023-03-31,8884
2845,遠東銀,51,2,49,國泰-台南,2023-03-31,8884
00712,復華富時不動產,47,0,47,國泰-台南,2023-03-31,8884
2457,飛宏,185,144,41,國泰-台南,2023-03-31,8884
00882,中信中國高股息,34,1,33,國泰-台南,2023-03-31,8884
00671R,富邦NASDAQ反1,33,0,33,國泰-台南,2023-03-31,8884
2889,國票金,33,0,33,國泰-台南,2023-03-31,8884
00720B,元大投資級公司債,31,0,31,國泰-台南,2023-03-31,8884
2438,翔耀,30,0,30,國泰-台南,2023-03-31,8884
3605,宏致,30,0,30,國泰-台南,2023-03-31,8884
1611,中電,37,10,27,國泰-台南,2023-03-31,8884
2344,華邦電,536,509,27,國泰-台南,2023-03-31,8884
2206,三陽工業,26,0,26,國泰-台南,2023-03-31,8884
6443,元晶,30,4,26,國泰-台南,2023-03-31,8884
3711,日月光投控,28,2,26,國泰-台南,2023-03-31,8884
5309,系統電,96,72,24,國泰-台南,2023-03-31,8884
00922,國泰台灣領袖50,30,9,21,國泰-台南,2023-03-31,8884
00888,永豐台灣ESG,21,1,20,國泰-台南,2023-03-31,8884
2753,八方雲集,21,2,19,國泰-台南,2023-03-31,8884
1513,中興電,29,11,18,國泰-台南,2023-03-31,8884
4916,事欣科,20,2,18,國泰-台南,2023-03-31,8884
2867,三商壽,26,10,16,國泰-台南,2023-03-31,8884
3032,偉訓,25,9,16,國泰-台南,2023-03-31,8884
4157,太景*-KY,16,0,16,國泰-台南,2023-03-31,8884
00885,富邦越南,20,5,15,國泰-台南,2023-03-31,8884
2002,中鋼,18,3,15,國泰-台南,2023-03-31,8884
00751B,元大AAA至A公司債,14,0,14,國泰-台南,2023-03-31,8884
5258,虹堡,19,6,13,國泰-台南,2023-03-31,8884
3715,定穎投控,17,5,12,國泰-台南,2023-03-31,8884
4417,金洲,12,0,12,國泰-台南,2023-03-31,8884
00685L,群益臺灣加權正2,12,0,12,國泰-台南,2023-03-31,8884
9945,潤泰新,16,5,11,國泰-台南,2023-03-31,8884
00669R,國泰美國道瓊反1,11,0,11,國泰-台南,2023-03-31,8884
00706L,期元大S＆P日圓正2,11,0,11,國泰-台南,2023-03-31,8884
6276,安鈦克,11,0,11,國泰-台南,2023-03-31,8884
1609,大亞,14,3,11,國泰-台南,2023-03-31,8884
2408,南亞科,44,34,10,國泰-台南,2023-03-31,8884
8931,大汽電,10,0,10,國泰-台南,2023-03-31,8884
00683L,期元大美元指正2,10,0,10,國泰-台南,2023-03-31,8884
1802,台玻,11,1,10,國泰-台南,2023-03-31,8884
1710,東聯,10,0,10,國泰-台南,2023-03-31,8884
2882,國泰金,15,6,9,國泰-台南,2023-03-31,8884
3105,穩懋,12,3,9,國泰-台南,2023-03-31,8884
00673R,期元大S＆P原油反1,382,0,382,國泰-台南,2023-04-06,8884
8409,商之器,101,7,94,國泰-台南,2023-04-06,8884
6485,點序,125,45,80,國泰-台南,2023-04-06,8884
6125,廣運,100,23,77,國泰-台南,2023-04-06,8884
1220,台榮,81,6,75,國泰-台南,2023-04-06,8884
00882,中信中國高股息,83,15,68,國泰-台南,2023-04-06,8884
00902,中信電池及儲能,56,0,56,國泰-台南,2023-04-06,8884
8069,元太,61,11,50,國泰-台南,2023-04-06,8884
1609,大亞,139,89,50,國泰-台南,2023-04-06,8884
2002,中鋼,47,3,44,國泰-台南,2023-04-06,8884
2204,中華,40,0,40,國泰-台南,2023-04-06,8884
00712,復華富時不動產,40,0,40,國泰-台南,2023-04-06,8884
2317,鴻海,38,5,33,國泰-台南,2023-04-06,8884
2603,長榮,34,2,32,國泰-台南,2023-04-06,8884
9907,統一實,34,3,31,國泰-台南,2023-04-06,8884
00633L,富邦上証正2,28,0,28,國泰-台南,2023-04-06,8884
00637L,元大滬深300正2,31,4,27,國泰-台南,2023-04-06,8884
3322,建舜電,28,1,27,國泰-台南,2023-04-06,8884
2867,三商壽,58,34,24,國泰-台南,2023-04-06,8884
2882,國泰金,32,9,23,國泰-台南,2023-04-06,8884
2891,中信金,24,2,22,國泰-台南,2023-04-06,8884
9945,潤泰新,33,12,21,國泰-台南,2023-04-06,8884
2436,偉詮電,30,10,20,國泰-台南,2023-04-06,8884
4979,華星光,69,49,20,國泰-台南,2023-04-06,8884
8150,南茂,31,11,20,國泰-台南,2023-04-06,8884
00922,國泰台灣領袖50,18,0,18,國泰-台南,2023-04-06,8884
00753L,中信中國50正2,19,1,18,國泰-台南,2023-04-06,8884
2884,玉山金,61,43,18,國泰-台南,2023-04-06,8884
3105,穩懋,19,2,17,國泰-台南,2023-04-06,8884
2443,昶虹,17,0,17,國泰-台南,2023-04-06,8884
3680,家登,32,16,16,國泰-台南,2023-04-06,8884
6235,華孚,239,223,16,國泰-台南,2023-04-06,8884
2201,裕隆,16,1,15,國泰-台南,2023-04-06,8884
2313,華通,15,1,14,國泰-台南,2023-04-06,8884
6576,逸達,16,1,15,國泰-台南,2023-04-06,8884
1304,台聚,52,38,14,國泰-台南,2023-04-06,8884
8028,昇陽半導體,29,15,14,國泰-台南,2023-04-06,8884
6026,福邦證,16,3,13,國泰-台南,2023-04-06,8884
00923,群益台ESG低碳50,12,0,12,國泰-台南,2023-04-06,8884
2618,長榮航,15,3,12,國泰-台南,2023-04-06,8884
6770,力積電,14,2,12,國泰-台南,2023-04-06,8884
00891,中信關鍵半導體,15,3,12,國泰-台南,2023-04-06,8884
9904,寶成,13,1,12,國泰-台南,2023-04-06,8884
1312,國喬,16,5,11,國泰-台南,2023-04-06,8884
1451,年興,11,0,11,國泰-台南,2023-04-06,8884
6285,啟��,25,15,10,國泰-台南,2023-04-06,8884
3588,通嘉,14,4,10,國泰-台南,2023-04-06,8884
5203,訊連,10,0,10,國泰-台南,2023-04-06,8884
6266,泰詠,15,5,10,國泰-台南,2023-04-06,8884
3037,欣興,28,18,10,國泰-台南,2023-04-06,8884
00673R,期元大S＆P原油反1,224,10,214,國泰-台南,2023-04-07,8884
2867,三商壽,370,220,150,國泰-台南,2023-04-07,8884
2596,綠意,100,0,100,國泰-台南,2023-04-07,8884
00878,國泰永續高股息,145,55,90,國泰-台南,2023-04-07,8884
00712,復華富時不動產,89,12,77,國泰-台南,2023-04-07,8884
6125,廣運,56,2,54,國泰-台南,2023-04-07,8884
0056,元大高股息,60,8,52,國泰-台南,2023-04-07,8884
3056,富華新,54,3,51,國泰-台南,2023-04-07,8884
6578,達邦蛋白,61,10,51,國泰-台南,2023-04-07,8884
6235,華孚,138,99,39,國泰-台南,2023-04-07,8884
3011,今皓,39,2,37,國泰-台南,2023-04-07,8884
00720B,元大投資級公司債,38,2,36,國泰-台南,2023-04-07,8884
2498,宏達電,64,30,34,國泰-台南,2023-04-07,8884
3025,星通,105,71,34,國泰-台南,2023-04-07,8884
5905,南仁湖,30,0,30,國泰-台南,2023-04-07,8884
2834,臺企銀,39,10,29,國泰-台南,2023-04-07,8884
2409,友達,29,2,27,國泰-台南,2023-04-07,8884
9907,統一實,31,4,27,國泰-台南,2023-04-07,8884
2208,台船,38,11,27,國泰-台南,2023-04-07,8884
1529,樂事綠能,38,13,25,國泰-台南,2023-04-07,8884
00680L,元大美債20正2,28,4,24,國泰-台南,2023-04-07,8884
00888,永豐台灣ESG,24,0,24,國泰-台南,2023-04-07,8884
00641R,富邦日本反1,22,0,22,國泰-台南,2023-04-07,8884
3059,華晶科,20,0,20,國泰-台南,2023-04-07,8884
2884,玉山金,31,11,20,國泰-台南,2023-04-07,8884
5351,鈺創,48,29,19,國泰-台南,2023-04-07,8884
2014,中鴻,22,3,19,國泰-台南,2023-04-07,8884
2301,光寶科,17,0,17,國泰-台南,2023-04-07,8884
1301,台塑,17,0,17,國泰-台南,2023-04-07,8884
00773B,中信優先金融債,17,0,17,國泰-台南,2023-04-07,8884
2436,偉詮電,19,3,16,國泰-台南,2023-04-07,8884
2007,燁興,16,0,16,國泰-台南,2023-04-07,8884
00751B,元大AAA至A公司債,17,1,16,國泰-台南,2023-04-07,8884
5347,世界,16,0,16,國泰-台南,2023-04-07,8884
6770,力積電,20,5,15,國泰-台南,2023-04-07,8884
00676R,富邦臺灣加權反1,14,0,14,國泰-台南,2023-04-07,8884
2886,兆豐金,16,3,13,國泰-台南,2023-04-07,8884
00922,國泰台灣領袖50,14,0,14,國泰-台南,2023-04-07,8884
5465,富驊,18,5,13,國泰-台南,2023-04-07,8884
3035,智原,36,23,13,國泰-台南,2023-04-07,8884
6788,華景電,12,0,12,國泰-台南,2023-04-07,8884
2356,英業達,30,18,12,國泰-台南,2023-04-07,8884
2887,台新金,15,3,12,國泰-台南,2023-04-07,8884
00713,元大台灣高息低波,14,3,11,國泰-台南,2023-04-07,8884
1316,上曜,13,2,11,國泰-台南,2023-04-07,8884
6282,康舒,17,6,11,國泰-台南,2023-04-07,8884
00752,中信中國50,11,0,11,國泰-台南,2023-04-07,8884
2606,裕民,19,9,10,國泰-台南,2023-04-07,8884
6220,岳豐,15,5,10,國泰-台南,2023-04-07,8884
1584,精剛,11,1,10,國泰-台南,2023-04-07,8884
2455,全新,263,16,247,國泰-台南,2023-04-10,8884
1605,華新,76,5,71,國泰-台南,2023-04-10,8884
00679B,元大美債20年,102,34,68,國泰-台南,2023-04-10,8884
2344,華邦電,209,147,62,國泰-台南,2023-04-10,8884
2457,飛宏,231,174,57,國泰-台南,2023-04-10,8884
5011,久陽,96,41,55,國泰-台南,2023-04-10,8884
3703,欣陸,52,2,50,國泰-台南,2023-04-10,8884
00720B,元大投資級公司債,48,0,48,國泰-台南,2023-04-10,8884
6248,沛波,40,0,40,國泰-台南,2023-04-10,8884
6133,金橋,41,3,38,國泰-台南,2023-04-10,8884
3322,建舜電,37,0,37,國泰-台南,2023-04-10,8884
6026,福邦證,38,2,36,國泰-台南,2023-04-10,8884
00878,國泰永續高股息,121,86,35,國泰-台南,2023-04-10,8884
6235,華孚,67,37,30,國泰-台南,2023-04-10,8884
00687B,國泰20年美債,29,1,28,國泰-台南,2023-04-10,8884
2402,毅嘉,80,57,23,國泰-台南,2023-04-10,8884
9945,潤泰新,25,3,22,國泰-台南,2023-04-10,8884
00706L,期元大S＆P日圓正2,22,0,22,國泰-台南,2023-04-10,8884
00712,復華富時不動產,48,26,22,國泰-台南,2023-04-10,8884
3605,宏致,21,0,21,國泰-台南,2023-04-10,8884
2607,榮運,21,0,21,國泰-台南,2023-04-10,8884
2637,慧洋-KY,23,2,21,國泰-台南,2023-04-10,8884
00772B,中信高評級公司債,38,17,21,國泰-台南,2023-04-10,8884
3006,晶豪科,25,5,20,國泰-台南,2023-04-10,8884
6112,邁達特,53,33,20,國泰-台南,2023-04-10,8884
3122,笙泉,20,0,20,國泰-台南,2023-04-10,8884
4157,太景*-KY,20,0,20,國泰-台南,2023-04-10,8884
2834,臺企銀,32,13,19,國泰-台南,2023-04-10,8884
00773B,中信優先金融債,22,3,19,國泰-台南,2023-04-10,8884
2353,宏��,21,3,18,國泰-台南,2023-04-10,8884
6770,力積電,18,1,17,國泰-台南,2023-04-10,8884
2317,鴻海,17,1,16,國泰-台南,2023-04-10,8884
00888,永豐台灣ESG,16,0,16,國泰-台南,2023-04-10,8884
6477,安集,19,4,15,國泰-台南,2023-04-10,8884
2809,京城銀,15,0,15,國泰-台南,2023-04-10,8884
6276,安鈦克,15,0,15,國泰-台南,2023-04-10,8884
00751B,元大AAA至A公司債,15,0,15,國泰-台南,2023-04-10,8884
3441,聯一光,42,28,14,國泰-台南,2023-04-10,8884
6285,啟��,31,17,14,國泰-台南,2023-04-10,8884
5328,華容,15,1,14,國泰-台南,2023-04-10,8884
6290,良維,22,8,14,國泰-台南,2023-04-10,8884
5469,瀚宇博,19,6,13,國泰-台南,2023-04-10,8884
2419,仲琦,14,1,13,國泰-台南,2023-04-10,8884
9105,泰金寶-DR,11,0,11,國泰-台南,2023-04-10,8884
8112,至上,12,1,11,國泰-台南,2023-04-10,8884
6548,長科*,16,5,11,國泰-台南,2023-04-10,8884
6148,驊宏資,16,5,11,國泰-台南,2023-04-10,8884
2472,立隆電,11,0,11,國泰-台南,2023-04-10,8884
2104,國際中橡,11,0,11,國泰-台南,2023-04-10,8884
5531,鄉林,11,0,11,國泰-台南,2023-04-10,8884
00673R,期元大S＆P原油反1,411,0,411,國泰-台南,2023-04-11,8884
1314,中石化,407,2,405,國泰-台南,2023-04-11,8884
00632R,元大台灣50反1,345,230,115,國泰-台南,2023-04-11,8884
5328,華容,108,21,87,國泰-台南,2023-04-11,8884
1504,東元,143,58,85,國泰-台南,2023-04-11,8884
00720B,元大投資級公司債,69,1,68,國泰-台南,2023-04-11,8884
2614,東森,62,0,62,國泰-台南,2023-04-11,8884
00679B,元大美債20年,75,17,58,國泰-台南,2023-04-11,8884
6578,達邦蛋白,57,5,52,國泰-台南,2023-04-11,8884
2634,漢翔,92,41,51,國泰-台南,2023-04-11,8884
00857B,永豐20年美公債,50,0,50,國泰-台南,2023-04-11,8884
6026,福邦證,64,15,49,國泰-台南,2023-04-11,8884
00772B,中信高評級公司債,48,1,47,國泰-台南,2023-04-11,8884
2206,三陽工業,161,114,47,國泰-台南,2023-04-11,8884
1609,大亞,138,93,45,國泰-台南,2023-04-11,8884
3605,宏致,41,0,41,國泰-台南,2023-04-11,8884
1752,南光,42,2,40,國泰-台南,2023-04-11,8884
2402,毅嘉,45,6,39,國泰-台南,2023-04-11,8884
2891,中信金,44,5,39,國泰-台南,2023-04-11,8884
2302,麗正,34,0,34,國泰-台南,2023-04-11,8884
2358,廷鑫,33,3,30,國泰-台南,2023-04-11,8884
00712,復華富時不動產,74,45,29,國泰-台南,2023-04-11,8884
3011,今皓,38,9,29,國泰-台南,2023-04-11,8884
2455,全新,186,159,27,國泰-台南,2023-04-11,8884
2204,中華,26,2,24,國泰-台南,2023-04-11,8884
2882,國泰金,32,9,23,國泰-台南,2023-04-11,8884
2303,聯電,38,15,23,國泰-台南,2023-04-11,8884
00900,富邦特選高股息30,23,1,22,國泰-台南,2023-04-11,8884
4915,致伸,22,0,22,國泰-台南,2023-04-11,8884
6156,松上,21,0,21,國泰-台南,2023-04-11,8884
4157,太景*-KY,20,0,20,國泰-台南,2023-04-11,8884
00680L,元大美債20正2,20,0,20,國泰-台南,2023-04-11,8884
1605,華新,30,11,19,國泰-台南,2023-04-11,8884
5383,金利,19,0,19,國泰-台南,2023-04-11,8884
8050,廣積,27,9,18,國泰-台南,2023-04-11,8884
3703,欣陸,20,2,18,國泰-台南,2023-04-11,8884
6290,良維,21,4,17,國泰-台南,2023-04-11,8884
1316,上曜,23,6,17,國泰-台南,2023-04-11,8884
5469,瀚宇博,22,6,16,國泰-台南,2023-04-11,8884
00885,富邦越南,16,0,16,國泰-台南,2023-04-11,8884
8086,宏捷科,21,6,15,國泰-台南,2023-04-11,8884
4906,正文,21,6,15,國泰-台南,2023-04-11,8884
00888,永豐台灣ESG,21,6,15,國泰-台南,2023-04-11,8884
6220,岳豐,15,1,14,國泰-台南,2023-04-11,8884
6152,百一,16,2,14,國泰-台南,2023-04-11,8884
8927,北基,13,0,13,國泰-台南,2023-04-11,8884
3715,定穎投控,32,19,13,國泰-台南,2023-04-11,8884
8403,盛弘,18,5,13,國泰-台南,2023-04-11,8884
3078,僑威,65,52,13,國泰-台南,2023-04-11,8884
00752,中信中國50,12,0,12,國泰-台南,2023-04-11,8884
00665L,富邦�琤肭磪囓�2,601,30,571,國泰-台南,2023-04-12,8884
00885,富邦越南,158,3,155,國泰-台南,2023-04-12,8884
1513,中興電,418,271,147,國泰-台南,2023-04-12,8884
2344,華邦電,111,10,101,國泰-台南,2023-04-12,8884
00679B,元大美債20年,153,75,78,國泰-台南,2023-04-12,8884
00712,復華富時不動產,77,0,77,國泰-台南,2023-04-12,8884
2412,中華電,54,2,52,國泰-台南,2023-04-12,8884
2358,廷鑫,50,0,50,國泰-台南,2023-04-12,8884
2891,中信金,61,13,48,國泰-台南,2023-04-12,8884
4129,聯合,40,0,40,國泰-台南,2023-04-12,8884
2884,玉山金,54,15,39,國泰-台南,2023-04-12,8884
2204,中華,41,2,39,國泰-台南,2023-04-12,8884
00632R,元大台灣50反1,38,0,38,國泰-台南,2023-04-12,8884
3209,全科,38,1,37,國泰-台南,2023-04-12,8884
00713,元大台灣高息低波,37,4,33,國泰-台南,2023-04-12,8884
5425,台半,41,10,31,國泰-台南,2023-04-12,8884
00637L,元大滬深300正2,44,15,29,國泰-台南,2023-04-12,8884
6248,沛波,28,2,26,國泰-台南,2023-04-12,8884
00878,國泰永續高股息,120,98,22,國泰-台南,2023-04-12,8884
2834,臺企銀,243,220,23,國泰-台南,2023-04-12,8884
2302,麗正,27,5,22,國泰-台南,2023-04-12,8884
00706L,期元大S＆P日圓正2,22,0,22,國泰-台南,2023-04-12,8884
00720B,元大投資級公司債,19,0,19,國泰-台南,2023-04-12,8884
1514,亞力,101,83,18,國泰-台南,2023-04-12,8884
5381,合正,18,0,18,國泰-台南,2023-04-12,8884
2340,台亞,17,0,17,國泰-台南,2023-04-12,8884
3703,欣陸,27,10,17,國泰-台南,2023-04-12,8884
5306,桂盟,17,0,17,國泰-台南,2023-04-12,8884
3027,盛達,102,86,16,國泰-台南,2023-04-12,8884
1504,東元,112,96,16,國泰-台南,2023-04-12,8884
5469,瀚宇博,20,5,15,國泰-台南,2023-04-12,8884
006208,富邦台50,14,0,14,國泰-台南,2023-04-12,8884
3680,家登,15,1,14,國泰-台南,2023-04-12,8884
2317,鴻海,16,2,14,國泰-台南,2023-04-12,8884
3545,敦泰,37,24,13,國泰-台南,2023-04-12,8884
2102,泰豐,13,0,13,國泰-台南,2023-04-12,8884
1618,合機,17,4,13,國泰-台南,2023-04-12,8884
8926,台汽電,78,65,13,國泰-台南,2023-04-12,8884
3481,群創,126,114,12,國泰-台南,2023-04-12,8884
2881,富邦金,16,3,13,國泰-台南,2023-04-12,8884
2455,全新,50,38,12,國泰-台南,2023-04-12,8884
00857B,永豐20年美公債,12,0,12,國泰-台南,2023-04-12,8884
4417,金洲,12,0,12,國泰-台南,2023-04-12,8884
4960,誠美材,27,15,12,國泰-台南,2023-04-12,8884
5483,中美晶,12,0,12,國泰-台南,2023-04-12,8884
5512,力麒,11,0,11,國泰-台南,2023-04-12,8884
3494,誠研,12,1,11,國泰-台南,2023-04-12,8884
6188,廣明,19,8,11,國泰-台南,2023-04-12,8884
6770,力積電,13,3,10,國泰-台南,2023-04-12,8884
3252,海灣,10,0,10,國泰-台南,2023-04-12,8884
3576,聯合再生,448,51,397,國泰-台南,2023-04-13,8884
1513,中興電,410,136,274,國泰-台南,2023-04-13,8884
2204,中華,193,5,188,國泰-台南,2023-04-13,8884
00712,復華富時不動產,180,1,179,國泰-台南,2023-04-13,8884
1609,大亞,282,145,137,國泰-台南,2023-04-13,8884
00882,中信中國高股息,124,7,117,國泰-台南,2023-04-13,8884
6133,金橋,104,1,103,國泰-台南,2023-04-13,8884
2323,中環,100,1,99,國泰-台南,2023-04-13,8884
2313,華通,102,4,98,國泰-台南,2023-04-13,8884
00772B,中信高評級公司債,66,1,65,國泰-台南,2023-04-13,8884
00720B,元大投資級公司債,62,0,62,國泰-台南,2023-04-13,8884
2409,友達,114,55,59,國泰-台南,2023-04-13,8884
00888,永豐台灣ESG,57,0,57,國泰-台南,2023-04-13,8884
00673R,期元大S＆P原油反1,52,0,52,國泰-台南,2023-04-13,8884
00922,國泰台灣領袖50,57,10,47,國泰-台南,2023-04-13,8884
00669R,國泰美國道瓊反1,41,0,41,國泰-台南,2023-04-13,8884
00683L,期元大美元指正2,40,0,40,國泰-台南,2023-04-13,8884
4960,誠美材,44,5,39,國泰-台南,2023-04-13,8884
2603,長榮,54,15,39,國泰-台南,2023-04-13,8884
1503,士電,96,59,37,國泰-台南,2023-04-13,8884
6284,佳邦,41,5,36,國泰-台南,2023-04-13,8884
00715L,期街口布蘭特正2,46,11,35,國泰-台南,2023-04-13,8884
6163,華電網,68,34,34,國泰-台南,2023-04-13,8884
5465,富驊,39,6,33,國泰-台南,2023-04-13,8884
3231,緯創,58,26,32,國泰-台南,2023-04-13,8884
1618,合機,32,1,31,國泰-台南,2023-04-13,8884
2413,環科,46,16,30,國泰-台南,2023-04-13,8884
2330,台積電,31,1,30,國泰-台南,2023-04-13,8884
5353,台林,36,8,28,國泰-台南,2023-04-13,8884
00633L,富邦上証正2,28,0,28,國泰-台南,2023-04-13,8884
3078,僑威,51,24,27,國泰-台南,2023-04-13,8884
4541,晟田,41,16,25,國泰-台南,2023-04-13,8884
006208,富邦台50,26,1,25,國泰-台南,2023-04-13,8884
2206,三陽工業,101,77,24,國泰-台南,2023-04-13,8884
3230,錦明,24,0,24,國泰-台南,2023-04-13,8884
5381,合正,23,0,23,國泰-台南,2023-04-13,8884
00751B,元大AAA至A公司債,30,8,22,國泰-台南,2023-04-13,8884
6788,華景電,23,1,22,國泰-台南,2023-04-13,8884
0056,元大高股息,41,21,20,國泰-台南,2023-04-13,8884
2617,台航,20,0,20,國泰-台南,2023-04-13,8884
5225,東科-KY,20,0,20,國泰-台南,2023-04-13,8884
2457,飛宏,93,73,20,國泰-台南,2023-04-13,8884
2634,漢翔,270,250,20,國泰-台南,2023-04-13,8884
8105,凌巨,20,1,19,國泰-台南,2023-04-13,8884
2201,裕隆,92,73,19,國泰-台南,2023-04-13,8884
2886,兆豐金,28,10,18,國泰-台南,2023-04-13,8884
6753,龍德造船,26,8,18,國泰-台南,2023-04-13,8884
5512,力麒,21,3,18,國泰-台南,2023-04-13,8884
5009,榮剛,98,80,18,國泰-台南,2023-04-13,8884
6122,擎邦,53,35,18,國泰-台南,2023-04-13,8884
00679B,元大美債20年,188,4,184,國泰-台南,2023-04-14,8884
00632R,元大台灣50反1,195,25,170,國泰-台南,2023-04-14,8884
2208,台船,269,134,135,國泰-台南,2023-04-14,8884
2634,漢翔,565,446,119,國泰-台南,2023-04-14,8884
2303,聯電,105,4,101,國泰-台南,2023-04-14,8884
00772B,中信高評級公司債,99,0,99,國泰-台南,2023-04-14,8884
00751B,元大AAA至A公司債,88,0,88,國泰-台南,2023-04-14,8884
00720B,元大投資級公司債,88,0,88,國泰-台南,2023-04-14,8884
00674R,期元大S＆P黃金反1,83,0,83,國泰-台南,2023-04-14,8884
1609,大亞,160,86,74,國泰-台南,2023-04-14,8884
00712,復華富時不動產,82,11,71,國泰-台南,2023-04-14,8884
00857B,永豐20年美公債,60,0,60,國泰-台南,2023-04-14,8884
1810,和成,63,7,56,國泰-台南,2023-04-14,8884
00878,國泰永續高股息,117,62,55,國泰-台南,2023-04-14,8884
2344,華邦電,61,14,47,國泰-台南,2023-04-14,8884
2476,鉅祥,43,0,43,國泰-台南,2023-04-14,8884
2402,毅嘉,69,26,43,國泰-台南,2023-04-14,8884
6234,高僑,50,11,39,國泰-台南,2023-04-14,8884
6142,友勁,43,4,39,國泰-台南,2023-04-14,8884
3481,群創,73,38,35,國泰-台南,2023-04-14,8884
3576,聯合再生,52,18,34,國泰-台南,2023-04-14,8884
3605,宏致,30,0,30,國泰-台南,2023-04-14,8884
2382,廣達,33,4,29,國泰-台南,2023-04-14,8884
1584,精剛,66,41,25,國泰-台南,2023-04-14,8884
2324,仁寶,29,5,24,國泰-台南,2023-04-14,8884
00713,元大台灣高息低波,24,1,23,國泰-台南,2023-04-14,8884
1514,亞力,79,56,23,國泰-台南,2023-04-14,8884
1909,榮成,27,4,23,國泰-台南,2023-04-14,8884
00687B,國泰20年美債,25,2,23,國泰-台南,2023-04-14,8884
1101,台泥,30,9,21,國泰-台南,2023-04-14,8884
00885,富邦越南,21,0,21,國泰-台南,2023-04-14,8884
00655L,國泰中國A50正2,33,13,20,國泰-台南,2023-04-14,8884
00683L,期元大美元指正2,20,0,20,國泰-台南,2023-04-14,8884
6176,瑞儀,31,11,20,國泰-台南,2023-04-14,8884
3209,全科,20,1,19,國泰-台南,2023-04-14,8884
00680L,元大美債20正2,19,0,19,國泰-台南,2023-04-14,8884
9955,佳龍,21,2,19,國泰-台南,2023-04-14,8884
8476,台境*,19,0,19,國泰-台南,2023-04-14,8884
1589,永冠-KY,28,9,19,國泰-台南,2023-04-14,8884
2002,中鋼,22,3,19,國泰-台南,2023-04-14,8884
8069,元太,39,22,17,國泰-台南,2023-04-14,8884
2367,燿華,26,9,17,國泰-台南,2023-04-14,8884
2105,正新,27,10,17,國泰-台南,2023-04-14,8884
2409,友達,41,24,17,國泰-台南,2023-04-14,8884
8033,雷虎,25,9,16,國泰-台南,2023-04-14,8884
00673R,期元大S＆P原油反1,19,3,16,國泰-台南,2023-04-14,8884
1529,樂事綠能,131,115,16,國泰-台南,2023-04-14,8884
8222,寶一,164,149,15,國泰-台南,2023-04-14,8884
2358,廷鑫,16,1,15,國泰-台南,2023-04-14,8884
00773B,中信優先金融債,15,0,15,國泰-台南,2023-04-14,8884
00712,復華富時不動產,744,16,728,國泰-台南,2023-04-17,8884
00679B,元大美債20年,228,44,184,國泰-台南,2023-04-17,8884
2634,漢翔,702,532,170,國泰-台南,2023-04-17,8884
00720B,元大投資級公司債,69,3,66,國泰-台南,2023-04-17,8884
00751B,元大AAA至A公司債,64,0,64,國泰-台南,2023-04-17,8884
8105,凌巨,55,0,55,國泰-台南,2023-04-17,8884
00654R,富邦印度反1,50,0,50,國泰-台南,2023-04-17,8884
00772B,中信高評級公司債,50,1,49,國泰-台南,2023-04-17,8884
2454,聯發科,47,3,44,國泰-台南,2023-04-17,8884
2359,所羅門,64,22,42,國泰-台南,2023-04-17,8884
6163,華電網,50,10,40,國泰-台南,2023-04-17,8884
1605,華新,86,46,40,國泰-台南,2023-04-17,8884
3481,群創,59,20,39,國泰-台南,2023-04-17,8884
00680L,元大美債20正2,38,0,38,國泰-台南,2023-04-17,8884
2887,台新金,48,12,36,國泰-台南,2023-04-17,8884
2324,仁寶,40,6,34,國泰-台南,2023-04-17,8884
00696B,富邦美債20年,32,0,32,國泰-台南,2023-04-17,8884
00673R,期元大S＆P原油反1,31,0,31,國泰-台南,2023-04-17,8884
3058,立德,34,4,30,國泰-台南,2023-04-17,8884
2402,毅嘉,37,11,26,國泰-台南,2023-04-17,8884
6197,佳必琪,26,1,25,國泰-台南,2023-04-17,8884
1319,東陽,33,8,25,國泰-台南,2023-04-17,8884
00713,元大台灣高息低波,32,9,23,國泰-台南,2023-04-17,8884
2476,鉅祥,26,3,23,國泰-台南,2023-04-17,8884
2880,華南金,33,11,22,國泰-台南,2023-04-17,8884
6190,萬泰科,38,16,22,國泰-台南,2023-04-17,8884
1618,合機,25,3,22,國泰-台南,2023-04-17,8884
3576,聯合再生,31,9,22,國泰-台南,2023-04-17,8884
2002,中鋼,34,14,20,國泰-台南,2023-04-17,8884
2504,國產,20,0,20,國泰-台南,2023-04-17,8884
6156,松上,20,0,20,國泰-台南,2023-04-17,8884
1514,亞力,84,65,19,國泰-台南,2023-04-17,8884
1101,台泥,40,21,19,國泰-台南,2023-04-17,8884
2421,建準,22,5,17,國泰-台南,2023-04-17,8884
3046,建��,50,33,17,國泰-台南,2023-04-17,8884
00919,群益台灣精選高息,20,4,16,國泰-台南,2023-04-17,8884
2316,楠梓電,16,0,16,國泰-台南,2023-04-17,8884
3037,欣興,29,13,16,國泰-台南,2023-04-17,8884
2601,益航,26,11,15,國泰-台南,2023-04-17,8884
00912,中信臺灣智慧50,14,0,14,國泰-台南,2023-04-17,8884
8088,品安,46,32,14,國泰-台南,2023-04-17,8884
2367,燿華,14,0,14,國泰-台南,2023-04-17,8884
2485,兆赫,16,3,13,國泰-台南,2023-04-17,8884
2610,華航,37,24,13,國泰-台南,2023-04-17,8884
3147,大綜,20,7,13,國泰-台南,2023-04-17,8884
6120,達運,16,3,13,國泰-台南,2023-04-17,8884
2314,台揚,18,5,13,國泰-台南,2023-04-17,8884
6570,維田,16,3,13,國泰-台南,2023-04-17,8884
9105,泰金寶-DR,12,0,12,國泰-台南,2023-04-17,8884
1519,華城,67,55,12,國泰-台南,2023-04-17,8884
00632R,元大台灣50反1,437,85,352,國泰-台南,2023-04-18,8884
00673R,期元大S＆P原油反1,175,4,171,國泰-台南,2023-04-18,8884
00679B,元大美債20年,200,30,170,國泰-台南,2023-04-18,8884
00878,國泰永續高股息,172,51,121,國泰-台南,2023-04-18,8884
00720B,元大投資級公司債,114,0,114,國泰-台南,2023-04-18,8884
2645,長榮航太,110,10,100,國泰-台南,2023-04-18,8884
00751B,元大AAA至A公司債,93,0,93,國泰-台南,2023-04-18,8884
2419,仲琦,119,28,91,國泰-台南,2023-04-18,8884
3029,零壹,100,12,88,國泰-台南,2023-04-18,8884
3058,立德,127,50,77,國泰-台南,2023-04-18,8884
00772B,中信高評級公司債,77,0,77,國泰-台南,2023-04-18,8884
0056,元大高股息,82,11,71,國泰-台南,2023-04-18,8884
2634,漢翔,498,427,71,國泰-台南,2023-04-18,8884
3078,僑威,85,15,70,國泰-台南,2023-04-18,8884
1809,中釉,81,11,70,國泰-台南,2023-04-18,8884
2208,台船,107,40,67,國泰-台南,2023-04-18,8884
6109,亞元,62,0,62,國泰-台南,2023-04-18,8884
5009,榮剛,81,24,57,國泰-台南,2023-04-18,8884
00680L,元大美債20正2,56,0,56,國泰-台南,2023-04-18,8884
6179,亞通,58,3,55,國泰-台南,2023-04-18,8884
3481,群創,68,14,54,國泰-台南,2023-04-18,8884
6282,康舒,106,54,52,國泰-台南,2023-04-18,8884
00712,復華富時不動產,95,43,52,國泰-台南,2023-04-18,8884
2754,亞洲藏壽司,53,3,50,國泰-台南,2023-04-18,8884
2484,希華,50,0,50,國泰-台南,2023-04-18,8884
00654R,富邦印度反1,50,0,50,國泰-台南,2023-04-18,8884
00688L,國泰20年美債正2,53,6,47,國泰-台南,2023-04-18,8884
5211,蒙恬,61,14,47,國泰-台南,2023-04-18,8884
6244,茂迪,104,65,39,國泰-台南,2023-04-18,8884
4906,正文,46,7,39,國泰-台南,2023-04-18,8884
1609,大亞,108,70,38,國泰-台南,2023-04-18,8884
3231,緯創,43,8,35,國泰-台南,2023-04-18,8884
6470,宇智,35,2,33,國泰-台南,2023-04-18,8884
00857B,永豐20年美公債,52,20,32,國泰-台南,2023-04-18,8884
3062,建漢,39,8,31,國泰-台南,2023-04-18,8884
00687B,國泰20年美債,32,1,31,國泰-台南,2023-04-18,8884
00922,國泰台灣領袖50,51,21,30,國泰-台南,2023-04-18,8884
00696B,富邦美債20年,30,0,30,國泰-台南,2023-04-18,8884
4744,皇將,30,1,29,國泰-台南,2023-04-18,8884
5328,華容,29,0,29,國泰-台南,2023-04-18,8884
00900,富邦特選高股息30,31,2,29,國泰-台南,2023-04-18,8884
1529,樂事綠能,98,71,27,國泰-台南,2023-04-18,8884
6156,松上,25,0,25,國泰-台南,2023-04-18,8884
9945,潤泰新,57,33,24,國泰-台南,2023-04-18,8884
2314,台揚,35,12,23,國泰-台南,2023-04-18,8884
6235,華孚,77,54,23,國泰-台南,2023-04-18,8884
3025,星通,88,66,22,國泰-台南,2023-04-18,8884
2324,仁寶,46,24,22,國泰-台南,2023-04-18,8884
2027,大成鋼,24,3,21,國泰-台南,2023-04-18,8884
5381,合正,21,0,21,國泰-台南,2023-04-18,8884
00878,國泰永續高股息,349,56,293,國泰-台南,2023-04-19,8884
00902,中信電池及儲能,207,5,202,國泰-台南,2023-04-19,8884
00888,永豐台灣ESG,188,3,185,國泰-台南,2023-04-19,8884
00712,復華富時不動產,193,8,185,國泰-台南,2023-04-19,8884
00632R,元大台灣50反1,430,250,180,國泰-台南,2023-04-19,8884
00772B,中信高評級公司債,148,0,148,國泰-台南,2023-04-19,8884
3479,安勤,120,5,115,國泰-台南,2023-04-19,8884
2204,中華,110,1,109,國泰-台南,2023-04-19,8884
2323,中環,102,0,102,國泰-台南,2023-04-19,8884
1316,上曜,100,5,95,國泰-台南,2023-04-19,8884
00900,富邦特選高股息30,90,1,89,國泰-台南,2023-04-19,8884
2009,第一銅,116,32,84,國泰-台南,2023-04-19,8884
00637L,元大滬深300正2,81,2,79,國泰-台南,2023-04-19,8884
00679B,元大美債20年,120,41,79,國泰-台南,2023-04-19,8884
00720B,元大投資級公司債,75,2,73,國泰-台南,2023-04-19,8884
6109,亞元,64,2,62,國泰-台南,2023-04-19,8884
00922,國泰台灣領袖50,60,2,58,國泰-台南,2023-04-19,8884
00706L,期元大S＆P日圓正2,50,0,50,國泰-台南,2023-04-19,8884
00891,中信關鍵半導體,49,3,46,國泰-台南,2023-04-19,8884
9907,統一實,41,0,41,國泰-台南,2023-04-19,8884
3576,聯合再生,85,46,39,國泰-台南,2023-04-19,8884
2027,大成鋼,36,0,36,國泰-台南,2023-04-19,8884
2495,普安,69,36,33,國泰-台南,2023-04-19,8884
1809,中釉,35,2,33,國泰-台南,2023-04-19,8884
2313,華通,33,2,31,國泰-台南,2023-04-19,8884
3652,精聯,33,2,31,國泰-台南,2023-04-19,8884
4121,優盛,31,0,31,國泰-台南,2023-04-19,8884
8068,全達,29,0,29,國泰-台南,2023-04-19,8884
00687B,國泰20年美債,28,0,28,國泰-台南,2023-04-19,8884
3037,欣興,32,4,28,國泰-台南,2023-04-19,8884
6606,建德工業,29,1,28,國泰-台南,2023-04-19,8884
00923,群益台ESG低碳50,29,1,28,國泰-台南,2023-04-19,8884
00696B,富邦美債20年,27,0,27,國泰-台南,2023-04-19,8884
3703,欣陸,26,0,26,國泰-台南,2023-04-19,8884
00905,FT臺灣Smart,25,0,25,國泰-台南,2023-04-19,8884
6470,宇智,91,66,25,國泰-台南,2023-04-19,8884
00881,國泰台灣5G+,26,2,24,國泰-台南,2023-04-19,8884
4979,華星光,99,76,23,國泰-台南,2023-04-19,8884
3712,永崴投控,24,1,23,國泰-台南,2023-04-19,8884
5425,台半,32,9,23,國泰-台南,2023-04-19,8884
3162,精確,23,1,22,國泰-台南,2023-04-19,8884
3002,歐格,22,0,22,國泰-台南,2023-04-19,8884
3062,建漢,27,5,22,國泰-台南,2023-04-19,8884
2409,友達,112,91,21,國泰-台南,2023-04-19,8884
2303,聯電,56,36,20,國泰-台南,2023-04-19,8884
9105,泰金寶-DR,20,0,20,國泰-台南,2023-04-19,8884
5488,松普,21,1,20,國泰-台南,2023-04-19,8884
3169,亞信,25,5,20,國泰-台南,2023-04-19,8884
3522,御嵿,20,0,20,國泰-台南,2023-04-19,8884
8033,雷虎,73,53,20,國泰-台南,2023-04-19,8884
00878,國泰永續高股息,257,42,215,國泰-台南,2023-04-20,8884
6005,群益證,201,24,177,國泰-台南,2023-04-20,8884
00720B,元大投資級公司債,178,10,168,國泰-台南,2023-04-20,8884
2534,宏盛,135,0,135,國泰-台南,2023-04-20,8884
2303,聯電,119,5,114,國泰-台南,2023-04-20,8884
3479,安勤,119,14,105,國泰-台南,2023-04-20,8884
2645,長榮航太,136,57,79,國泰-台南,2023-04-20,8884
00687B,國泰20年美債,71,0,71,國泰-台南,2023-04-20,8884
3058,立德,65,3,62,國泰-台南,2023-04-20,8884
2634,漢翔,166,105,61,國泰-台南,2023-04-20,8884
4934,太極,78,21,57,國泰-台南,2023-04-20,8884
1905,華紙,66,12,54,國泰-台南,2023-04-20,8884
8403,盛弘,72,18,54,國泰-台南,2023-04-20,8884
6443,元晶,65,13,52,國泰-台南,2023-04-20,8884
2888,新光金,48,0,48,國泰-台南,2023-04-20,8884
2884,玉山金,54,11,43,國泰-台南,2023-04-20,8884
00679B,元大美債20年,58,15,43,國泰-台南,2023-04-20,8884
00922,國泰台灣領袖50,46,5,41,國泰-台南,2023-04-20,8884
2409,友達,60,20,40,國泰-台南,2023-04-20,8884
1609,大亞,62,26,36,國泰-台南,2023-04-20,8884
6125,廣運,35,0,35,國泰-台南,2023-04-20,8884
4173,久裕,32,0,32,國泰-台南,2023-04-20,8884
00761B,國泰A級公司債,31,0,31,國泰-台南,2023-04-20,8884
00713,元大台灣高息低波,35,4,31,國泰-台南,2023-04-20,8884
9105,泰金寶-DR,30,0,30,國泰-台南,2023-04-20,8884
2316,楠梓電,29,0,29,國泰-台南,2023-04-20,8884
1907,永豐餘,48,19,29,國泰-台南,2023-04-20,8884
1711,永光,31,3,28,國泰-台南,2023-04-20,8884
4744,皇將,29,1,28,國泰-台南,2023-04-20,8884
00751B,元大AAA至A公司債,27,0,27,國泰-台南,2023-04-20,8884
00895,富邦未來車,30,5,25,國泰-台南,2023-04-20,8884
00725B,國泰投資級公司債,25,0,25,國泰-台南,2023-04-20,8884
6285,啟��,27,2,25,國泰-台南,2023-04-20,8884
00637L,元大滬深300正2,26,2,24,國泰-台南,2023-04-20,8884
5381,合正,23,0,23,國泰-台南,2023-04-20,8884
1532,勤美,22,0,22,國泰-台南,2023-04-20,8884
00715L,期街口布蘭特正2,44,22,22,國泰-台南,2023-04-20,8884
8390,金益鼎,21,0,21,國泰-台南,2023-04-20,8884
4129,聯合,35,14,21,國泰-台南,2023-04-20,8884
4114,健喬,35,14,21,國泰-台南,2023-04-20,8884
00857B,永豐20年美公債,30,10,20,國泰-台南,2023-04-20,8884
2367,燿華,22,2,20,國泰-台南,2023-04-20,8884
2427,三商電,32,12,20,國泰-台南,2023-04-20,8884
00888,永豐台灣ESG,19,0,19,國泰-台南,2023-04-20,8884
2890,永豐金,20,1,19,國泰-台南,2023-04-20,8884
3149,正達,20,2,18,國泰-台南,2023-04-20,8884
00795B,中信美國公債20年,18,0,18,國泰-台南,2023-04-20,8884
6288,聯嘉,35,17,18,國泰-台南,2023-04-20,8884
1909,榮成,80,62,18,國泰-台南,2023-04-20,8884
2324,仁寶,31,13,18,國泰-台南,2023-04-20,8884
2913,農林,250,76,174,國泰-台南,2023-04-21,8884
00679B,元大美債20年,168,19,149,國泰-台南,2023-04-21,8884
6753,龍德造船,131,11,120,國泰-台南,2023-04-21,8884
1532,勤美,110,0,110,國泰-台南,2023-04-21,8884
2420,新巨,80,3,77,國泰-台南,2023-04-21,8884
2610,華航,101,25,76,國泰-台南,2023-04-21,8884
1611,中電,244,170,74,國泰-台南,2023-04-21,8884
5425,台半,82,12,70,國泰-台南,2023-04-21,8884
00922,國泰台灣領袖50,71,10,61,國泰-台南,2023-04-21,8884
00720B,元大投資級公司債,54,0,54,國泰-台南,2023-04-21,8884
6163,華電網,85,33,52,國泰-台南,2023-04-21,8884
6218,豪勉,106,55,51,國泰-台南,2023-04-21,8884
6244,茂迪,175,126,49,國泰-台南,2023-04-21,8884
6770,力積電,72,29,43,國泰-台南,2023-04-21,8884
2634,漢翔,202,162,40,國泰-台南,2023-04-21,8884
2027,大成鋼,83,43,40,國泰-台南,2023-04-21,8884
00900,富邦特選高股息30,37,0,37,國泰-台南,2023-04-21,8884
2206,三陽工業,211,175,36,國泰-台南,2023-04-21,8884
2323,中環,41,5,36,國泰-台南,2023-04-21,8884
5488,松普,37,1,36,國泰-台南,2023-04-21,8884
2338,光罩,36,1,35,國泰-台南,2023-04-21,8884
3004,豐達科,63,31,32,國泰-台南,2023-04-21,8884
4510,高鋒,38,8,30,國泰-台南,2023-04-21,8884
2344,華邦電,38,8,30,國泰-台南,2023-04-21,8884
00772B,中信高評級公司債,31,1,30,國泰-台南,2023-04-21,8884
00891,中信關鍵半導體,29,0,29,國泰-台南,2023-04-21,8884
2609,陽明,36,7,29,國泰-台南,2023-04-21,8884
00713,元大台灣高息低波,30,1,29,國泰-台南,2023-04-21,8884
2327,國巨,31,2,29,國泰-台南,2023-04-21,8884
3035,智原,34,6,28,國泰-台南,2023-04-21,8884
00888,永豐台灣ESG,35,8,27,國泰-台南,2023-04-21,8884
3189,景碩,32,6,26,國泰-台南,2023-04-21,8884
4906,正文,32,7,25,國泰-台南,2023-04-21,8884
2615,萬海,23,0,23,國泰-台南,2023-04-21,8884
3646,艾恩特,23,0,23,國泰-台南,2023-04-21,8884
2031,新光鋼,44,21,23,國泰-台南,2023-04-21,8884
00923,群益台ESG低碳50,23,0,23,國泰-台南,2023-04-21,8884
8086,宏捷科,34,11,23,國泰-台南,2023-04-21,8884
00696B,富邦美債20年,21,0,21,國泰-台南,2023-04-21,8884
6216,居易,21,0,21,國泰-台南,2023-04-21,8884
2603,長榮,38,17,21,國泰-台南,2023-04-21,8884
1904,正隆,61,40,21,國泰-台南,2023-04-21,8884
8107,大億金茂,20,0,20,國泰-台南,2023-04-21,8884
00753L,中信中國50正2,23,3,20,國泰-台南,2023-04-21,8884
2618,長榮航,25,6,19,國泰-台南,2023-04-21,8884
1760,寶齡富錦,43,24,19,國泰-台南,2023-04-21,8884
1616,億泰,19,0,19,國泰-台南,2023-04-21,8884
6285,啟��,26,8,18,國泰-台南,2023-04-21,8884
2915,潤泰全,17,0,17,國泰-台南,2023-04-21,8884
1471,首利,25,8,17,國泰-台南,2023-04-21,8884
00712,復華富時不動產,135,2,133,國泰-台南,2023-04-24,8884
2867,三商壽,141,12,129,國泰-台南,2023-04-24,8884
1904,正隆,244,120,124,國泰-台南,2023-04-24,8884
5206,坤悅,101,0,101,國泰-台南,2023-04-24,8884
00637L,元大滬深300正2,130,39,91,國泰-台南,2023-04-24,8884
00902,中信電池及儲能,87,3,84,國泰-台南,2023-04-24,8884
1101,台泥,218,140,78,國泰-台南,2023-04-24,8884
00772B,中信高評級公司債,74,0,74,國泰-台南,2023-04-24,8884
00679B,元大美債20年,76,5,71,國泰-台南,2023-04-24,8884
2913,農林,181,126,55,國泰-台南,2023-04-24,8884
1108,幸福,59,8,51,國泰-台南,2023-04-24,8884
00857B,永豐20年美公債,50,0,50,國泰-台南,2023-04-24,8884
1310,台苯,81,36,45,國泰-台南,2023-04-24,8884
9902,台火,66,22,44,國泰-台南,2023-04-24,8884
00720B,元大投資級公司債,40,0,40,國泰-台南,2023-04-24,8884
2603,長榮,41,4,37,國泰-台南,2023-04-24,8884
2303,聯電,59,23,36,國泰-台南,2023-04-24,8884
00683L,期元大美元指正2,30,0,30,國泰-台南,2023-04-24,8884
00751B,元大AAA至A公司債,29,0,29,國泰-台南,2023-04-24,8884
3149,正達,30,1,29,國泰-台南,2023-04-24,8884
2313,華通,29,0,29,國泰-台南,2023-04-24,8884
1785,光洋科,28,1,27,國泰-台南,2023-04-24,8884
1103,嘉泥,38,11,27,國泰-台南,2023-04-24,8884
3481,群創,28,2,26,國泰-台南,2023-04-24,8884
3035,智原,35,8,27,國泰-台南,2023-04-24,8884
2420,新巨,25,0,25,國泰-台南,2023-04-24,8884
2609,陽明,37,13,24,國泰-台南,2023-04-24,8884
00715L,期街口布蘭特正2,44,20,24,國泰-台南,2023-04-24,8884
3058,立德,41,19,22,國泰-台南,2023-04-24,8884
8182,加高,20,0,20,國泰-台南,2023-04-24,8884
6282,康舒,102,82,20,國泰-台南,2023-04-24,8884
2618,長榮航,19,0,19,國泰-台南,2023-04-24,8884
1584,精剛,21,2,19,國泰-台南,2023-04-24,8884
1605,華新,74,56,18,國泰-台南,2023-04-24,8884
00923,群益台ESG低碳50,18,0,18,國泰-台南,2023-04-24,8884
2353,宏��,22,5,17,國泰-台南,2023-04-24,8884
00773B,中信優先金融債,17,0,17,國泰-台南,2023-04-24,8884
00725B,國泰投資級公司債,16,0,16,國泰-台南,2023-04-24,8884
3011,今皓,18,2,16,國泰-台南,2023-04-24,8884
1109,信大,17,1,16,國泰-台南,2023-04-24,8884
6167,久正,21,5,16,國泰-台南,2023-04-24,8884
3038,全台,15,0,15,國泰-台南,2023-04-24,8884
5009,榮剛,20,5,15,國泰-台南,2023-04-24,8884
2535,達欣工,16,1,15,國泰-台南,2023-04-24,8884
2324,仁寶,16,2,14,國泰-台南,2023-04-24,8884
00888,永豐台灣ESG,20,5,15,國泰-台南,2023-04-24,8884
2610,華航,17,3,14,國泰-台南,2023-04-24,8884
2352,佳世達,15,1,14,國泰-台南,2023-04-24,8884
1514,亞力,35,21,14,國泰-台南,2023-04-24,8884
4967,十銓,26,13,13,國泰-台南,2023-04-24,8884
00712,復華富時不動產,643,4,639,國泰-台南,2023-04-25,8884
00878,國泰永續高股息,419,142,277,國泰-台南,2023-04-25,8884
3004,豐達科,178,2,176,國泰-台南,2023-04-25,8884
3479,安勤,145,13,132,國泰-台南,2023-04-25,8884
0056,元大高股息,140,19,121,國泰-台南,2023-04-25,8884
1905,華紙,174,74,100,國泰-台南,2023-04-25,8884
2344,華邦電,75,4,71,國泰-台南,2023-04-25,8884
00900,富邦特選高股息30,63,3,60,國泰-台南,2023-04-25,8884
00641R,富邦日本反1,61,1,60,國泰-台南,2023-04-25,8884
8182,加高,59,0,59,國泰-台南,2023-04-25,8884
3294,英濟,62,8,54,國泰-台南,2023-04-25,8884
2324,仁寶,56,2,54,國泰-台南,2023-04-25,8884
2913,農林,125,73,52,國泰-台南,2023-04-25,8884
2303,聯電,73,21,52,國泰-台南,2023-04-25,8884
00753L,中信中國50正2,56,6,50,國泰-台南,2023-04-25,8884
00679B,元大美債20年,58,9,49,國泰-台南,2023-04-25,8884
00713,元大台灣高息低波,56,8,48,國泰-台南,2023-04-25,8884
00891,中信關鍵半導體,48,0,48,國泰-台南,2023-04-25,8884
00923,群益台ESG低碳50,66,20,46,國泰-台南,2023-04-25,8884
00881,國泰台灣5G+,66,20,46,國泰-台南,2023-04-25,8884
00922,國泰台灣領袖50,47,3,44,國泰-台南,2023-04-25,8884
4121,優盛,67,23,44,國泰-台南,2023-04-25,8884
1310,台苯,246,203,43,國泰-台南,2023-04-25,8884
2634,漢翔,556,514,42,國泰-台南,2023-04-25,8884
3231,緯創,116,75,41,國泰-台南,2023-04-25,8884
006208,富邦台50,44,3,41,國泰-台南,2023-04-25,8884
6218,豪勉,44,5,39,國泰-台南,2023-04-25,8884
0050,元大台灣50,38,0,38,國泰-台南,2023-04-25,8884
1711,永光,57,20,37,國泰-台南,2023-04-25,8884
2206,三陽工業,126,94,32,國泰-台南,2023-04-25,8884
2867,三商壽,143,112,31,國泰-台南,2023-04-25,8884
00669R,國泰美國道瓊反1,30,0,30,國泰-台南,2023-04-25,8884
00905,FT臺灣Smart,30,1,29,國泰-台南,2023-04-25,8884
1909,榮成,39,11,28,國泰-台南,2023-04-25,8884
5425,台半,64,36,28,國泰-台南,2023-04-25,8884
2495,普安,33,6,27,國泰-台南,2023-04-25,8884
1513,中興電,36,10,26,國泰-台南,2023-04-25,8884
2330,台積電,43,16,27,國泰-台南,2023-04-25,8884
2457,飛宏,116,92,24,國泰-台南,2023-04-25,8884
9945,潤泰新,32,8,24,國泰-台南,2023-04-25,8884
2482,連宇,92,69,23,國泰-台南,2023-04-25,8884
4714,永捷,25,2,23,國泰-台南,2023-04-25,8884
4906,正文,23,0,23,國泰-台南,2023-04-25,8884
00904,新光臺灣半導體30,22,0,22,國泰-台南,2023-04-25,8884
4111,濟生,22,0,22,國泰-台南,2023-04-25,8884
00902,中信電池及儲能,84,63,21,國泰-台南,2023-04-25,8884
2014,中鴻,27,7,20,國泰-台南,2023-04-25,8884
4919,新唐,23,3,20,國泰-台南,2023-04-25,8884
1440,南紡,25,5,20,國泰-台南,2023-04-25,8884
00683L,期元大美元指正2,20,1,19,國泰-台南,2023-04-25,8884
00632R,元大台灣50反1,534,199,335,國泰-台南,2023-04-26,8884
00712,復華富時不動產,280,40,240,國泰-台南,2023-04-26,8884
8088,品安,118,1,117,國泰-台南,2023-04-26,8884
6182,合晶,103,0,103,國泰-台南,2023-04-26,8884
2515,中工,107,13,94,國泰-台南,2023-04-26,8884
00676R,富邦臺灣加權反1,109,29,80,國泰-台南,2023-04-26,8884
8093,保銳,79,3,76,國泰-台南,2023-04-26,8884
00720B,元大投資級公司債,98,37,61,國泰-台南,2023-04-26,8884
1717,長興,79,24,55,國泰-台南,2023-04-26,8884
1605,華新,63,12,51,國泰-台南,2023-04-26,8884
6282,康舒,184,135,49,國泰-台南,2023-04-26,8884
00902,中信電池及儲能,45,2,43,國泰-台南,2023-04-26,8884
2409,友達,56,14,42,國泰-台南,2023-04-26,8884
00670L,富邦NASDAQ正2,41,0,41,國泰-台南,2023-04-26,8884
2634,漢翔,319,279,40,國泰-台南,2023-04-26,8884
2603,長榮,50,11,39,國泰-台南,2023-04-26,8884
2002,中鋼,55,16,39,國泰-台南,2023-04-26,8884
6179,亞通,45,9,36,國泰-台南,2023-04-26,8884
2454,聯發科,50,14,36,國泰-台南,2023-04-26,8884
3058,立德,38,5,33,國泰-台南,2023-04-26,8884
2610,華航,33,3,30,國泰-台南,2023-04-26,8884
00669R,國泰美國道瓊反1,30,1,29,國泰-台南,2023-04-26,8884
3035,智原,65,36,29,國泰-台南,2023-04-26,8884
8182,加高,28,0,28,國泰-台南,2023-04-26,8884
00648R,元大S＆P500反1,28,0,28,國泰-台南,2023-04-26,8884
00751B,元大AAA至A公司債,61,34,27,國泰-台南,2023-04-26,8884
3071,協禧,89,66,23,國泰-台南,2023-04-26,8884
0050,元大台灣50,25,3,22,國泰-台南,2023-04-26,8884
2104,國際中橡,22,0,22,國泰-台南,2023-04-26,8884
00715L,期街口布蘭特正2,24,3,21,國泰-台南,2023-04-26,8884
6142,友勁,22,1,21,國泰-台南,2023-04-26,8884
00631L,元大台灣50正2,21,1,20,國泰-台南,2023-04-26,8884
4767,誠泰科技,20,0,20,國泰-台南,2023-04-26,8884
2609,陽明,28,8,20,國泰-台南,2023-04-26,8884
00772B,中信高評級公司債,56,37,19,國泰-台南,2023-04-26,8884
6770,力積電,33,15,18,國泰-台南,2023-04-26,8884
2303,聯電,32,13,19,國泰-台南,2023-04-26,8884
00688L,國泰20年美債正2,18,0,18,國泰-台南,2023-04-26,8884
1725,元禎,43,26,17,國泰-台南,2023-04-26,8884
0056,元大高股息,50,34,16,國泰-台南,2023-04-26,8884
00922,國泰台灣領袖50,17,1,16,國泰-台南,2023-04-26,8884
00923,群益台ESG低碳50,17,2,15,國泰-台南,2023-04-26,8884
6443,元晶,23,9,14,國泰-台南,2023-04-26,8884
00830,國泰費城半導體,13,0,13,國泰-台南,2023-04-26,8884
00637L,元大滬深300正2,31,18,13,國泰-台南,2023-04-26,8884
00895,富邦未來車,12,0,12,國泰-台南,2023-04-26,8884
00881,國泰台灣5G+,21,9,12,國泰-台南,2023-04-26,8884
00888,永豐台灣ESG,14,2,12,國泰-台南,2023-04-26,8884
2313,華通,13,2,11,國泰-台南,2023-04-26,8884
8426,紅木-KY,21,10,11,國泰-台南,2023-04-26,8884
00715L,期街口布蘭特正2,162,26,136,國泰-台南,2023-04-27,8884
00679B,元大美債20年,147,18,129,國泰-台南,2023-04-27,8884
00632R,元大台灣50反1,120,8,112,國泰-台南,2023-04-27,8884
2801,彰銀,107,2,105,國泰-台南,2023-04-27,8884
3029,零壹,102,2,100,國泰-台南,2023-04-27,8884
00712,復華富時不動產,94,0,94,國泰-台南,2023-04-27,8884
4908,前鼎,82,7,75,國泰-台南,2023-04-27,8884
2002,中鋼,81,21,60,國泰-台南,2023-04-27,8884
4711,永純,61,1,60,國泰-台南,2023-04-27,8884
00683L,期元大美元指正2,50,0,50,國泰-台南,2023-04-27,8884
1711,永光,280,232,48,國泰-台南,2023-04-27,8884
00720B,元大投資級公司債,48,4,44,國泰-台南,2023-04-27,8884
00772B,中信高評級公司債,43,0,43,國泰-台南,2023-04-27,8884
00751B,元大AAA至A公司債,43,1,42,國泰-台南,2023-04-27,8884
2887,台新金,50,8,42,國泰-台南,2023-04-27,8884
00878,國泰永續高股息,60,22,38,國泰-台南,2023-04-27,8884
5009,榮剛,72,35,37,國泰-台南,2023-04-27,8884
00857B,永豐20年美公債,35,0,35,國泰-台南,2023-04-27,8884
4541,晟田,80,45,35,國泰-台南,2023-04-27,8884
2352,佳世達,38,3,35,國泰-台南,2023-04-27,8884
6770,力積電,33,4,29,國泰-台南,2023-04-27,8884
0050,元大台灣50,28,0,28,國泰-台南,2023-04-27,8884
3058,立德,24,0,24,國泰-台南,2023-04-27,8884
6753,龍德造船,26,2,24,國泰-台南,2023-04-27,8884
4121,優盛,41,19,22,國泰-台南,2023-04-27,8884
1909,榮成,22,0,22,國泰-台南,2023-04-27,8884
2302,麗正,22,0,22,國泰-台南,2023-04-27,8884
1584,精剛,26,5,21,國泰-台南,2023-04-27,8884
00692,富邦公司治理,22,1,21,國泰-台南,2023-04-27,8884
2313,華通,22,2,20,國泰-台南,2023-04-27,8884
2206,三陽工業,48,29,19,國泰-台南,2023-04-27,8884
006208,富邦台50,20,2,18,國泰-台南,2023-04-27,8884
00885,富邦越南,19,1,18,國泰-台南,2023-04-27,8884
2330,台積電,19,2,17,國泰-台南,2023-04-27,8884
00891,中信關鍵半導體,18,2,16,國泰-台南,2023-04-27,8884
00671R,富邦NASDAQ反1,16,0,16,國泰-台南,2023-04-27,8884
3071,協禧,41,25,16,國泰-台南,2023-04-27,8884
4128,中天,15,0,15,國泰-台南,2023-04-27,8884
2610,華航,29,16,13,國泰-台南,2023-04-27,8884
1905,華紙,140,126,14,國泰-台南,2023-04-27,8884
6285,啟��,15,1,14,國泰-台南,2023-04-27,8884
2609,陽明,27,14,13,國泰-台南,2023-04-27,8884
2317,鴻海,14,2,12,國泰-台南,2023-04-27,8884
00725B,國泰投資級公司債,11,0,11,國泰-台南,2023-04-27,8884
00900,富邦特選高股息30,11,0,11,國泰-台南,2023-04-27,8884
2327,國巨,12,1,11,國泰-台南,2023-04-27,8884
8227,巨有科技,61,50,11,國泰-台南,2023-04-27,8884
2476,鉅祥,11,0,11,國泰-台南,2023-04-27,8884
2884,玉山金,13,2,11,國泰-台南,2023-04-27,8884
2812,台中銀,30,20,10,國泰-台南,2023-04-27,8884
00641R,富邦日本反1,354,0,354,國泰-台南,2023-04-28,8884
00680L,元大美債20正2,193,3,190,國泰-台南,2023-04-28,8884
1905,華紙,305,116,189,國泰-台南,2023-04-28,8884
2409,友達,185,3,182,國泰-台南,2023-04-28,8884
00882,中信中國高股息,216,37,179,國泰-台南,2023-04-28,8884
2880,華南金,169,6,163,國泰-台南,2023-04-28,8884
3481,群創,191,62,129,國泰-台南,2023-04-28,8884
3029,零壹,150,25,125,國泰-台南,2023-04-28,8884
00720B,元大投資級公司債,100,7,93,國泰-台南,2023-04-28,8884
00772B,中信高評級公司債,106,20,86,國泰-台南,2023-04-28,8884
8222,寶一,238,169,69,國泰-台南,2023-04-28,8884
00664R,國泰臺灣加權反1,50,0,50,國泰-台南,2023-04-28,8884
00885,富邦越南,51,6,45,國泰-台南,2023-04-28,8884
00706L,期元大S＆P日圓正2,41,0,41,國泰-台南,2023-04-28,8884
2609,陽明,44,6,38,國泰-台南,2023-04-28,8884
6288,聯嘉,128,96,32,國泰-台南,2023-04-28,8884
00751B,元大AAA至A公司債,52,20,32,國泰-台南,2023-04-28,8884
1727,中華化,123,92,31,國泰-台南,2023-04-28,8884
00688L,國泰20年美債正2,32,5,27,國泰-台南,2023-04-28,8884
1720,生達,49,24,25,國泰-台南,2023-04-28,8884
2457,飛宏,54,31,23,國泰-台南,2023-04-28,8884
00683L,期元大美元指正2,22,0,22,國泰-台南,2023-04-28,8884
3105,穩懋,28,7,21,國泰-台南,2023-04-28,8884
6266,泰詠,38,18,20,國泰-台南,2023-04-28,8884
00687B,國泰20年美債,23,3,20,國泰-台南,2023-04-28,8884
006208,富邦台50,24,4,20,國泰-台南,2023-04-28,8884
00773B,中信優先金融債,18,0,18,國泰-台南,2023-04-28,8884
6248,沛波,28,10,18,國泰-台南,2023-04-28,8884
3325,旭品,20,2,18,國泰-台南,2023-04-28,8884
1504,東元,26,9,17,國泰-台南,2023-04-28,8884
2890,永豐金,16,0,16,國泰-台南,2023-04-28,8884
3693,營邦,16,0,16,國泰-台南,2023-04-28,8884
2208,台船,20,4,16,國泰-台南,2023-04-28,8884
00888,永豐台灣ESG,16,0,16,國泰-台南,2023-04-28,8884
00679B,元大美債20年,46,31,15,國泰-台南,2023-04-28,8884
2882,國泰金,22,7,15,國泰-台南,2023-04-28,8884
4714,永捷,43,29,14,國泰-台南,2023-04-28,8884
2887,台新金,28,14,14,國泰-台南,2023-04-28,8884
00919,群益台灣精選高息,13,0,13,國泰-台南,2023-04-28,8884
00675L,富邦臺灣加權正2,14,1,13,國泰-台南,2023-04-28,8884
6804,明係,13,0,13,國泰-台南,2023-04-28,8884
1519,華城,21,8,13,國泰-台南,2023-04-28,8884
3494,誠研,13,0,13,國泰-台南,2023-04-28,8884
2031,新光鋼,16,3,13,國泰-台南,2023-04-28,8884
00795B,中信美國公債20年,13,2,11,國泰-台南,2023-04-28,8884
2605,新興,11,0,11,國泰-台南,2023-04-28,8884
00669R,國泰美國道瓊反1,11,0,11,國泰-台南,2023-04-28,8884
1752,南光,20,9,11,國泰-台南,2023-04-28,8884
3260,威剛,15,4,11,國泰-台南,2023-04-28,8884
9945,潤泰新,12,1,11,國泰-台南,2023-04-28,8884
2801,彰銀,504,8,496,國泰-台南,2023-05-02,8884
2834,臺企銀,220,2,218,國泰-台南,2023-05-02,8884
00679B,元大美債20年,199,7,192,國泰-台南,2023-05-02,8884
00772B,中信高評級公司債,142,0,142,國泰-台南,2023-05-02,8884
00715L,期街口布蘭特正2,150,40,110,國泰-台南,2023-05-02,8884
2344,華邦電,116,7,109,國泰-台南,2023-05-02,8884
5403,中菲,174,74,100,國泰-台南,2023-05-02,8884
2812,台中銀,100,16,84,國泰-台南,2023-05-02,8884
2890,永豐金,101,28,73,國泰-台南,2023-05-02,8884
00751B,元大AAA至A公司債,60,0,60,國泰-台南,2023-05-02,8884
00641R,富邦日本反1,59,0,59,國泰-台南,2023-05-02,8884
00857B,永豐20年美公債,61,5,56,國泰-台南,2023-05-02,8884
00680L,元大美債20正2,58,7,51,國泰-台南,2023-05-02,8884
6112,邁達特,124,74,50,國泰-台南,2023-05-02,8884
6282,康舒,100,54,46,國泰-台南,2023-05-02,8884
00720B,元大投資級公司債,62,18,44,國泰-台南,2023-05-02,8884
5009,榮剛,65,22,43,國泰-台南,2023-05-02,8884
1776,展宇,52,9,43,國泰-台南,2023-05-02,8884
00773B,中信優先金融債,42,0,42,國泰-台南,2023-05-02,8884
2603,長榮,75,37,38,國泰-台南,2023-05-02,8884
1528,恩德,51,13,38,國泰-台南,2023-05-02,8884
00687B,國泰20年美債,38,1,37,國泰-台南,2023-05-02,8884
2886,兆豐金,101,65,36,國泰-台南,2023-05-02,8884
6234,高僑,52,20,32,國泰-台南,2023-05-02,8884
6804,明係,31,0,31,國泰-台南,2023-05-02,8884
3363,上詮,84,55,29,國泰-台南,2023-05-02,8884
00795B,中信美國公債20年,29,1,28,國泰-台南,2023-05-02,8884
3078,僑威,57,34,23,國泰-台南,2023-05-02,8884
1101,台泥,134,113,21,國泰-台南,2023-05-02,8884
00902,中信電池及儲能,32,12,20,國泰-台南,2023-05-02,8884
2409,友達,56,37,19,國泰-台南,2023-05-02,8884
2331,精英,21,2,19,國泰-台南,2023-05-02,8884
8121,越峰,26,7,19,國泰-台南,2023-05-02,8884
2352,佳世達,41,22,19,國泰-台南,2023-05-02,8884
00665L,富邦�琤肭磪囓�2,18,0,18,國泰-台南,2023-05-02,8884
00753L,中信中國50正2,23,5,18,國泰-台南,2023-05-02,8884
6285,啟��,21,3,18,國泰-台南,2023-05-02,8884
5381,合正,17,0,17,國泰-台南,2023-05-02,8884
2208,台船,17,1,16,國泰-台南,2023-05-02,8884
2412,中華電,16,0,16,國泰-台南,2023-05-02,8884
2609,陽明,31,16,15,國泰-台南,2023-05-02,8884
006208,富邦台50,15,0,15,國泰-台南,2023-05-02,8884
6625,必應,22,7,15,國泰-台南,2023-05-02,8884
3011,今皓,15,0,15,國泰-台南,2023-05-02,8884
3693,營邦,15,0,15,國泰-台南,2023-05-02,8884
00885,富邦越南,15,0,15,國泰-台南,2023-05-02,8884
2884,玉山金,28,14,14,國泰-台南,2023-05-02,8884
00712,復華富時不動產,37,23,14,國泰-台南,2023-05-02,8884
00725B,國泰投資級公司債,14,0,14,國泰-台南,2023-05-02,8884
1618,合機,14,0,14,國泰-台南,2023-05-02,8884
00712,復華富時不動產,979,1,978,國泰-台南,2023-05-03,8884
00878,國泰永續高股息,494,139,355,國泰-台南,2023-05-03,8884
00715L,期街口布蘭特正2,271,0,271,國泰-台南,2023-05-03,8884
2603,長榮,142,28,114,國泰-台南,2023-05-03,8884
2352,佳世達,101,2,99,國泰-台南,2023-05-03,8884
00679B,元大美債20年,112,15,97,國泰-台南,2023-05-03,8884
00795B,中信美國公債20年,103,16,87,國泰-台南,2023-05-03,8884
5403,中菲,79,3,76,國泰-台南,2023-05-03,8884
2801,彰銀,62,5,57,國泰-台南,2023-05-03,8884
6167,久正,101,46,55,國泰-台南,2023-05-03,8884
2867,三商壽,54,0,54,國泰-台南,2023-05-03,8884
6160,欣技,67,17,50,國泰-台南,2023-05-03,8884
3419,譁裕,233,183,50,國泰-台南,2023-05-03,8884
00642U,期元大S＆P石油,45,0,45,國泰-台南,2023-05-03,8884
00665L,富邦�琤肭磪囓�2,44,1,43,國泰-台南,2023-05-03,8884
2913,農林,93,51,42,國泰-台南,2023-05-03,8884
1514,亞力,127,85,42,國泰-台南,2023-05-03,8884
3481,群創,46,4,42,國泰-台南,2023-05-03,8884
5465,富驊,47,8,39,國泰-台南,2023-05-03,8884
6282,康舒,53,14,39,國泰-台南,2023-05-03,8884
4541,晟田,86,49,37,國泰-台南,2023-05-03,8884
00753L,中信中國50正2,30,0,30,國泰-台南,2023-05-03,8884
1101,台泥,96,66,30,國泰-台南,2023-05-03,8884
2022,聚亨,35,7,28,國泰-台南,2023-05-03,8884
2317,鴻海,39,11,28,國泰-台南,2023-05-03,8884
00690,兆豐藍籌30,27,0,27,國泰-台南,2023-05-03,8884
2417,圓剛,33,8,25,國泰-台南,2023-05-03,8884
1905,華紙,179,155,24,國泰-台南,2023-05-03,8884
00924,復華S＆P500成長,24,0,24,國泰-台南,2023-05-03,8884
1529,樂事綠能,31,7,24,國泰-台南,2023-05-03,8884
00751B,元大AAA至A公司債,37,15,22,國泰-台南,2023-05-03,8884
3060,銘異,25,3,22,國泰-台南,2023-05-03,8884
00637L,元大滬深300正2,23,2,21,國泰-台南,2023-05-03,8884
00882,中信中國高股息,23,3,20,國泰-台南,2023-05-03,8884
3231,緯創,66,48,18,國泰-台南,2023-05-03,8884
3466,德晉,27,9,18,國泰-台南,2023-05-03,8884
2609,陽明,36,18,18,國泰-台南,2023-05-03,8884
1609,大亞,62,45,17,國泰-台南,2023-05-03,8884
2880,華南金,20,3,17,國泰-台南,2023-05-03,8884
9902,台火,18,1,17,國泰-台南,2023-05-03,8884
00664R,國泰臺灣加權反1,17,0,17,國泰-台南,2023-05-03,8884
1104,環泥,82,66,16,國泰-台南,2023-05-03,8884
3138,耀登,16,0,16,國泰-台南,2023-05-03,8884
2634,漢翔,239,223,16,國泰-台南,2023-05-03,8884
2615,萬海,27,11,16,國泰-台南,2023-05-03,8884
4744,皇將,15,0,15,國泰-台南,2023-05-03,8884
2883B,凱基金乙特,14,0,14,國泰-台南,2023-05-03,8884
2104,國際中橡,13,0,13,國泰-台南,2023-05-03,8884
1711,永光,48,35,13,國泰-台南,2023-05-03,8884
6829,千附精密,38,25,13,國泰-台南,2023-05-03,8884
00676R,富邦臺灣加權反1,926,0,926,國泰-台南,2023-05-04,8884
00642U,期元大S＆P石油,249,5,244,國泰-台南,2023-05-04,8884
00715L,期街口布蘭特正2,256,27,229,國泰-台南,2023-05-04,8884
00712,復華富時不動產,207,12,195,國泰-台南,2023-05-04,8884
00878,國泰永續高股息,236,47,189,國泰-台南,2023-05-04,8884
6160,欣技,221,60,161,國泰-台南,2023-05-04,8884
2838,聯邦銀,83,0,83,國泰-台南,2023-05-04,8884
00751B,元大AAA至A公司債,78,0,78,國泰-台南,2023-05-04,8884
1504,東元,96,25,71,國泰-台南,2023-05-04,8884
00679B,元大美債20年,123,60,63,國泰-台南,2023-05-04,8884
6741,91APP*-KY,79,20,59,國泰-台南,2023-05-04,8884
2105,正新,59,3,56,國泰-台南,2023-05-04,8884
2409,友達,48,8,40,國泰-台南,2023-05-04,8884
00772B,中信高評級公司債,38,2,36,國泰-台南,2023-05-04,8884
1514,亞力,65,30,35,國泰-台南,2023-05-04,8884
5469,瀚宇博,48,13,35,國泰-台南,2023-05-04,8884
00687B,國泰20年美債,34,0,34,國泰-台南,2023-05-04,8884
2634,漢翔,114,81,33,國泰-台南,2023-05-04,8884
3481,群創,80,49,31,國泰-台南,2023-05-04,8884
00924,復華S＆P500成長,29,0,29,國泰-台南,2023-05-04,8884
3664,安瑞-KY,30,1,29,國泰-台南,2023-05-04,8884
00720B,元大投資級公司債,34,5,29,國泰-台南,2023-05-04,8884
6111,大宇資,92,64,28,國泰-台南,2023-05-04,8884
9902,台火,28,0,28,國泰-台南,2023-05-04,8884
2206,三陽工業,114,87,27,國泰-台南,2023-05-04,8884
00632R,元大台灣50反1,26,2,24,國泰-台南,2023-05-04,8884
3693,營邦,25,1,24,國泰-台南,2023-05-04,8884
3017,奇鋐,68,46,22,國泰-台南,2023-05-04,8884
00902,中信電池及儲能,20,0,20,國泰-台南,2023-05-04,8884
6148,驊宏資,130,112,18,國泰-台南,2023-05-04,8884
2208,台船,30,12,18,國泰-台南,2023-05-04,8884
2002,中鋼,19,2,17,國泰-台南,2023-05-04,8884
6167,久正,42,25,17,國泰-台南,2023-05-04,8884
1701,中化,23,6,17,國泰-台南,2023-05-04,8884
2230,泰茂,18,2,16,國泰-台南,2023-05-04,8884
4121,優盛,29,14,15,國泰-台南,2023-05-04,8884
4549,桓達,15,0,15,國泰-台南,2023-05-04,8884
4173,久裕,20,5,15,國泰-台南,2023-05-04,8884
1227,佳格,15,1,14,國泰-台南,2023-05-04,8884
00725B,國泰投資級公司債,14,0,14,國泰-台南,2023-05-04,8884
8390,金益鼎,15,1,14,國泰-台南,2023-05-04,8884
6592,和潤企業,14,1,13,國泰-台南,2023-05-04,8884
2609,陽明,22,10,12,國泰-台南,2023-05-04,8884
5488,松普,12,0,12,國泰-台南,2023-05-04,8884
8222,寶一,87,75,12,國泰-台南,2023-05-04,8884
2880,華南金,12,0,12,國泰-台南,2023-05-04,8884
6443,元晶,25,14,11,國泰-台南,2023-05-04,8884
5381,合正,13,2,11,國泰-台南,2023-05-04,8884
8088,品安,10,0,10,國泰-台南,2023-05-04,8884
1605,華新,17,7,10,國泰-台南,2023-05-04,8884
2353,宏��,224,21,203,國泰-台南,2023-05-05,8884
00878,國泰永續高股息,213,23,190,國泰-台南,2023-05-05,8884
2884,玉山金,205,19,186,國泰-台南,2023-05-05,8884
2883,凱基金,203,23,180,國泰-台南,2023-05-05,8884
00676R,富邦臺灣加權反1,146,0,146,國泰-台南,2023-05-05,8884
2834,臺企銀,154,18,136,國泰-台南,2023-05-05,8884
00715L,期街口布蘭特正2,133,7,126,國泰-台南,2023-05-05,8884
00679B,元大美債20年,119,9,110,國泰-台南,2023-05-05,8884
3038,全台,102,5,97,國泰-台南,2023-05-05,8884
1423,利華,94,1,93,國泰-台南,2023-05-05,8884
00712,復華富時不動產,196,104,92,國泰-台南,2023-05-05,8884
00772B,中信高評級公司債,92,0,92,國泰-台南,2023-05-05,8884
00720B,元大投資級公司債,92,1,91,國泰-台南,2023-05-05,8884
00751B,元大AAA至A公司債,73,0,73,國泰-台南,2023-05-05,8884
00642U,期元大S＆P石油,63,0,63,國泰-台南,2023-05-05,8884
2352,佳世達,82,22,60,國泰-台南,2023-05-05,8884
00687B,國泰20年美債,59,1,58,國泰-台南,2023-05-05,8884
00857B,永豐20年美公債,50,0,50,國泰-台南,2023-05-05,8884
0056,元大高股息,62,19,43,國泰-台南,2023-05-05,8884
1701,中化,41,0,41,國泰-台南,2023-05-05,8884
8215,明基材,56,17,39,國泰-台南,2023-05-05,8884
5403,中菲,45,9,36,國泰-台南,2023-05-05,8884
1529,樂事綠能,88,52,36,國泰-台南,2023-05-05,8884
1605,華新,59,24,35,國泰-台南,2023-05-05,8884
00902,中信電池及儲能,31,0,31,國泰-台南,2023-05-05,8884
5009,榮剛,55,26,29,國泰-台南,2023-05-05,8884
1101,台泥,80,52,28,國泰-台南,2023-05-05,8884
00885,富邦越南,28,1,27,國泰-台南,2023-05-05,8884
6129,普誠,27,0,27,國泰-台南,2023-05-05,8884
1504,東元,54,29,25,國泰-台南,2023-05-05,8884
2492,華新科,65,42,23,國泰-台南,2023-05-05,8884
2002,中鋼,23,1,22,國泰-台南,2023-05-05,8884
1609,大亞,216,194,22,國泰-台南,2023-05-05,8884
8930,青鋼,31,9,22,國泰-台南,2023-05-05,8884
3209,全科,20,0,20,國泰-台南,2023-05-05,8884
4123,晟德,26,6,20,國泰-台南,2023-05-05,8884
2515,中工,25,5,20,國泰-台南,2023-05-05,8884
2359,所羅門,35,15,20,國泰-台南,2023-05-05,8884
00924,復華S＆P500成長,19,0,19,國泰-台南,2023-05-05,8884
006208,富邦台50,22,3,19,國泰-台南,2023-05-05,8884
4909,新復興,22,3,19,國泰-台南,2023-05-05,8884
6148,驊宏資,81,62,19,國泰-台南,2023-05-05,8884
3071,協禧,37,19,18,國泰-台南,2023-05-05,8884
1783,和康生,30,12,18,國泰-台南,2023-05-05,8884
2206,三陽工業,48,31,17,國泰-台南,2023-05-05,8884
2495,普安,21,4,17,國泰-台南,2023-05-05,8884
5371,中光電,18,2,16,國泰-台南,2023-05-05,8884
00773B,中信優先金融債,18,2,16,國泰-台南,2023-05-05,8884
3687,歐買尬,24,9,15,國泰-台南,2023-05-05,8884
2511,太子,15,0,15,國泰-台南,2023-05-05,8884
2801,彰銀,308,14,294,國泰-台南,2023-05-08,8884
00676R,富邦臺灣加權反1,267,0,267,國泰-台南,2023-05-08,8884
00878,國泰永續高股息,338,85,253,國泰-台南,2023-05-08,8884
2883,凱基金,420,171,249,國泰-台南,2023-05-08,8884
00687B,國泰20年美債,179,0,179,國泰-台南,2023-05-08,8884
2812,台中銀,142,2,140,國泰-台南,2023-05-08,8884
5608,四維航,138,6,132,國泰-台南,2023-05-08,8884
3481,群創,182,53,129,國泰-台南,2023-05-08,8884
00888,永豐台灣ESG,113,0,113,國泰-台南,2023-05-08,8884
3703,欣陸,112,3,109,國泰-台南,2023-05-08,8884
1316,上曜,100,0,100,國泰-台南,2023-05-08,8884
0056,元大高股息,112,16,96,國泰-台南,2023-05-08,8884
00720B,元大投資級公司債,92,0,92,國泰-台南,2023-05-08,8884
00751B,元大AAA至A公司債,88,0,88,國泰-台南,2023-05-08,8884
1605,華新,110,24,86,國泰-台南,2023-05-08,8884
6125,廣運,90,5,85,國泰-台南,2023-05-08,8884
00882,中信中國高股息,125,42,83,國泰-台南,2023-05-08,8884
00632R,元大台灣50反1,158,80,78,國泰-台南,2023-05-08,8884
2344,華邦電,91,13,78,國泰-台南,2023-05-08,8884
2358,廷鑫,71,6,65,國泰-台南,2023-05-08,8884
2883B,凱基金乙特,62,0,62,國泰-台南,2023-05-08,8884
1612,宏泰,69,9,60,國泰-台南,2023-05-08,8884
2421,建準,925,867,58,國泰-台南,2023-05-08,8884
4744,皇將,83,28,55,國泰-台南,2023-05-08,8884
1529,樂事綠能,75,31,44,國泰-台南,2023-05-08,8884
8463,潤泰材,44,0,44,國泰-台南,2023-05-08,8884
2887,台新金,116,73,43,國泰-台南,2023-05-08,8884
00713,元大台灣高息低波,62,20,42,國泰-台南,2023-05-08,8884
00857B,永豐20年美公債,40,0,40,國泰-台南,2023-05-08,8884
6276,安鈦克,40,0,40,國泰-台南,2023-05-08,8884
2489,瑞軒,42,9,33,國泰-台南,2023-05-08,8884
1609,大亞,122,90,32,國泰-台南,2023-05-08,8884
00772B,中信高評級公司債,32,1,31,國泰-台南,2023-05-08,8884
3591,艾笛森,49,22,27,國泰-台南,2023-05-08,8884
2911,麗嬰房,26,0,26,國泰-台南,2023-05-08,8884
2851,中再保,66,41,25,國泰-台南,2023-05-08,8884
5328,華容,24,0,24,國泰-台南,2023-05-08,8884
2408,南亞科,23,1,22,國泰-台南,2023-05-08,8884
6282,康舒,36,14,22,國泰-台南,2023-05-08,8884
2482,連宇,58,36,22,國泰-台南,2023-05-08,8884
1434,福懋,24,2,22,國泰-台南,2023-05-08,8884
3338,泰碩,31,10,21,國泰-台南,2023-05-08,8884
2867,三商壽,19,0,19,國泰-台南,2023-05-08,8884
8936,國統,18,0,18,國泰-台南,2023-05-08,8884
6179,亞通,33,15,18,國泰-台南,2023-05-08,8884
2838,聯邦銀,17,0,17,國泰-台南,2023-05-08,8884
6127,九豪,25,9,16,國泰-台南,2023-05-08,8884
2352,佳世達,19,4,15,國泰-台南,2023-05-08,8884
8403,盛弘,27,12,15,國泰-台南,2023-05-08,8884
1584,精剛,14,0,14,國泰-台南,2023-05-08,8884
3483,力致,361,49,312,國泰-台南,2023-05-09,8884
00680L,元大美債20正2,172,3,169,國泰-台南,2023-05-09,8884
00878,國泰永續高股息,220,61,159,國泰-台南,2023-05-09,8884
00720B,元大投資級公司債,158,1,157,國泰-台南,2023-05-09,8884
00679B,元大美債20年,194,43,151,國泰-台南,2023-05-09,8884
00751B,元大AAA至A公司債,147,0,147,國泰-台南,2023-05-09,8884
00687B,國泰20年美債,138,0,138,國泰-台南,2023-05-09,8884
00772B,中信高評級公司債,122,3,119,國泰-台南,2023-05-09,8884
1104,環泥,103,1,102,國泰-台南,2023-05-09,8884
1609,大亞,170,68,102,國泰-台南,2023-05-09,8884
6443,元晶,86,14,72,國泰-台南,2023-05-09,8884
2887,台新金,79,22,57,國泰-台南,2023-05-09,8884
2812,台中銀,59,3,56,國泰-台南,2023-05-09,8884
00664R,國泰臺灣加權反1,50,0,50,國泰-台南,2023-05-09,8884
00902,中信電池及儲能,54,4,50,國泰-台南,2023-05-09,8884
2358,廷鑫,48,2,46,國泰-台南,2023-05-09,8884
2634,漢翔,80,35,45,國泰-台南,2023-05-09,8884
3481,群創,119,76,43,國泰-台南,2023-05-09,8884
4121,優盛,67,28,39,國泰-台南,2023-05-09,8884
0056,元大高股息,53,15,38,國泰-台南,2023-05-09,8884
3605,宏致,43,6,37,國泰-台南,2023-05-09,8884
1504,東元,127,90,37,國泰-台南,2023-05-09,8884
2851,中再保,40,4,36,國泰-台南,2023-05-09,8884
4931,新盛力,54,18,36,國泰-台南,2023-05-09,8884
3011,今皓,87,54,33,國泰-台南,2023-05-09,8884
2913,農林,83,51,32,國泰-台南,2023-05-09,8884
3046,建��,232,200,32,國泰-台南,2023-05-09,8884
8936,國統,34,5,29,國泰-台南,2023-05-09,8884
1101,台泥,87,58,29,國泰-台南,2023-05-09,8884
00795B,中信美國公債20年,28,0,28,國泰-台南,2023-05-09,8884
00885,富邦越南,43,15,28,國泰-台南,2023-05-09,8884
00857B,永豐20年美公債,27,0,27,國泰-台南,2023-05-09,8884
8182,加高,24,0,24,國泰-台南,2023-05-09,8884
00706L,期元大S＆P日圓正2,23,0,23,國泰-台南,2023-05-09,8884
3037,欣興,50,27,23,國泰-台南,2023-05-09,8884
3703,欣陸,22,1,21,國泰-台南,2023-05-09,8884
1514,亞力,49,29,20,國泰-台南,2023-05-09,8884
1513,中興電,49,29,20,國泰-台南,2023-05-09,8884
2402,毅嘉,46,28,18,國泰-台南,2023-05-09,8884
3715,定穎投控,73,55,18,國泰-台南,2023-05-09,8884
2609,陽明,24,7,17,國泰-台南,2023-05-09,8884
2368,金像電,19,2,17,國泰-台南,2023-05-09,8884
00725B,國泰投資級公司債,17,0,17,國泰-台南,2023-05-09,8884
2601,益航,23,7,16,國泰-台南,2023-05-09,8884
5488,松普,17,1,16,國泰-台南,2023-05-09,8884
00773B,中信優先金融債,16,0,16,國泰-台南,2023-05-09,8884
9902,台火,15,0,15,國泰-台南,2023-05-09,8884
1810,和成,32,17,15,國泰-台南,2023-05-09,8884
5225,東科-KY,15,0,15,國泰-台南,2023-05-09,8884
1802,台玻,14,0,14,國泰-台南,2023-05-09,8884
00878,國泰永續高股息,356,10,346,國泰-台南,2023-05-10,8884
2352,佳世達,257,13,244,國泰-台南,2023-05-10,8884
00687B,國泰20年美債,192,1,191,國泰-台南,2023-05-10,8884
00857B,永豐20年美公債,114,0,114,國泰-台南,2023-05-10,8884
00637L,元大滬深300正2,66,0,66,國泰-台南,2023-05-10,8884
00882,中信中國高股息,93,29,64,國泰-台南,2023-05-10,8884
2489,瑞軒,65,3,62,國泰-台南,2023-05-10,8884
2303,聯電,58,3,55,國泰-台南,2023-05-10,8884
00712,復華富時不動產,59,4,55,國泰-台南,2023-05-10,8884
5498,凱崴,62,10,52,國泰-台南,2023-05-10,8884
00751B,元大AAA至A公司債,51,0,51,國泰-台南,2023-05-10,8884
3209,全科,50,0,50,國泰-台南,2023-05-10,8884
00795B,中信美國公債20年,49,0,49,國泰-台南,2023-05-10,8884
9939,宏全,46,0,46,國泰-台南,2023-05-10,8884
00720B,元大投資級公司債,44,0,44,國泰-台南,2023-05-10,8884
3231,緯創,87,44,43,國泰-台南,2023-05-10,8884
00713,元大台灣高息低波,41,3,38,國泰-台南,2023-05-10,8884
2421,建準,181,147,34,國泰-台南,2023-05-10,8884
00772B,中信高評級公司債,33,1,32,國泰-台南,2023-05-10,8884
00679B,元大美債20年,33,1,32,國泰-台南,2023-05-10,8884
2317,鴻海,36,5,31,國泰-台南,2023-05-10,8884
8033,雷虎,68,37,31,國泰-台南,2023-05-10,8884
1210,大成,30,3,27,國泰-台南,2023-05-10,8884
1514,亞力,47,21,26,國泰-台南,2023-05-10,8884
1337,再生-KY,26,1,25,國泰-台南,2023-05-10,8884
1907,永豐餘,32,8,24,國泰-台南,2023-05-10,8884
00676R,富邦臺灣加權反1,24,0,24,國泰-台南,2023-05-10,8884
6282,康舒,48,25,23,國泰-台南,2023-05-10,8884
8097,常珵,27,6,21,國泰-台南,2023-05-10,8884
8038,長園科,23,2,21,國泰-台南,2023-05-10,8884
5484,慧友,20,0,20,國泰-台南,2023-05-10,8884
2402,毅嘉,22,2,20,國泰-台南,2023-05-10,8884
3058,立德,35,15,20,國泰-台南,2023-05-10,8884
00888,永豐台灣ESG,19,0,19,國泰-台南,2023-05-10,8884
2409,友達,22,3,19,國泰-台南,2023-05-10,8884
00891,中信關鍵半導體,19,0,19,國泰-台南,2023-05-10,8884
9943,好樂迪,20,2,18,國泰-台南,2023-05-10,8884
6185,幃翔,31,13,18,國泰-台南,2023-05-10,8884
2457,飛宏,79,62,17,國泰-台南,2023-05-10,8884
3711,日月光投控,17,0,17,國泰-台南,2023-05-10,8884
2882,國泰金,19,2,17,國泰-台南,2023-05-10,8884
00753L,中信中國50正2,20,4,16,國泰-台南,2023-05-10,8884
3078,僑威,22,6,16,國泰-台南,2023-05-10,8884
1503,士電,71,55,16,國泰-台南,2023-05-10,8884
00631L,元大台灣50正2,17,2,15,國泰-台南,2023-05-10,8884
2605,新興,19,4,15,國泰-台南,2023-05-10,8884
8182,加高,15,0,15,國泰-台南,2023-05-10,8884
1218,泰山,22,7,15,國泰-台南,2023-05-10,8884
4979,華星光,56,42,14,國泰-台南,2023-05-10,8884
3011,今皓,14,0,14,國泰-台南,2023-05-10,8884
2421,建準,399,106,293,國泰-台南,2023-05-11,8884
2812,台中銀,206,3,203,國泰-台南,2023-05-11,8884
00878,國泰永續高股息,203,43,160,國泰-台南,2023-05-11,8884
1905,華紙,159,52,107,國泰-台南,2023-05-11,8884
1528,恩德,87,10,77,國泰-台南,2023-05-11,8884
00673R,期元大S＆P原油反1,101,28,73,國泰-台南,2023-05-11,8884
2890,永豐金,94,26,68,國泰-台南,2023-05-11,8884
5515,建國,66,0,66,國泰-台南,2023-05-11,8884
00712,復華富時不動產,70,4,66,國泰-台南,2023-05-11,8884
00687B,國泰20年美債,68,5,63,國泰-台南,2023-05-11,8884
2610,華航,81,20,61,國泰-台南,2023-05-11,8884
2352,佳世達,142,81,61,國泰-台南,2023-05-11,8884
3481,群創,67,6,61,國泰-台南,2023-05-11,8884
2867,三商壽,61,2,59,國泰-台南,2023-05-11,8884
00753L,中信中國50正2,58,0,58,國泰-台南,2023-05-11,8884
1532,勤美,55,0,55,國泰-台南,2023-05-11,8884
5498,凱崴,60,13,47,國泰-台南,2023-05-11,8884
00720B,元大投資級公司債,40,0,40,國泰-台南,2023-05-11,8884
3081,聯亞,37,1,36,國泰-台南,2023-05-11,8884
2201,裕隆,37,5,32,國泰-台南,2023-05-11,8884
3209,全科,32,0,32,國泰-台南,2023-05-11,8884
2489,瑞軒,35,4,31,國泰-台南,2023-05-11,8884
5381,合正,30,0,30,國泰-台南,2023-05-11,8884
5432,新門,30,0,30,國泰-台南,2023-05-11,8884
1609,大亞,147,118,29,國泰-台南,2023-05-11,8884
2609,陽明,45,17,28,國泰-台南,2023-05-11,8884
00907,永豐優息存股,25,0,25,國泰-台南,2023-05-11,8884
1101,台泥,69,44,25,國泰-台南,2023-05-11,8884
6689,伊雲谷,46,22,24,國泰-台南,2023-05-11,8884
4503,金雨,131,107,24,國泰-台南,2023-05-11,8884
9907,統一實,53,30,23,國泰-台南,2023-05-11,8884
6288,聯嘉,27,4,23,國泰-台南,2023-05-11,8884
0056,元大高股息,25,4,21,國泰-台南,2023-05-11,8884
4916,事欣科,28,7,21,國泰-台南,2023-05-11,8884
2820,華票,20,0,20,國泰-台南,2023-05-11,8884
8182,加高,20,0,20,國泰-台南,2023-05-11,8884
3605,宏致,20,0,20,國泰-台南,2023-05-11,8884
4114,健喬,22,2,20,國泰-台南,2023-05-11,8884
2601,益航,22,3,19,國泰-台南,2023-05-11,8884
00888,永豐台灣ESG,41,22,19,國泰-台南,2023-05-11,8884
5864,致和證,20,1,19,國泰-台南,2023-05-11,8884
1701,中化,20,1,19,國泰-台南,2023-05-11,8884
6285,啟��,24,5,19,國泰-台南,2023-05-11,8884
2501,國建,18,0,18,國泰-台南,2023-05-11,8884
3576,聯合再生,21,4,17,國泰-台南,2023-05-11,8884
00751B,元大AAA至A公司債,27,10,17,國泰-台南,2023-05-11,8884
4934,太極,17,1,16,國泰-台南,2023-05-11,8884
8446,華研,17,1,16,國泰-台南,2023-05-11,8884
1447,力鵬,14,0,14,國泰-台南,2023-05-11,8884
00632R,元大台灣50反1,91,77,14,國泰-台南,2023-05-11,8884
00641R,富邦日本反1,496,0,496,國泰-台南,2023-05-12,8884
00882,中信中國高股息,191,52,139,國泰-台南,2023-05-12,8884
3479,安勤,128,9,119,國泰-台南,2023-05-12,8884
00715L,期街口布蘭特正2,152,40,112,國泰-台南,2023-05-12,8884
2409,友達,107,1,106,國泰-台南,2023-05-12,8884
2303,聯電,97,4,93,國泰-台南,2023-05-12,8884
3481,群創,129,36,93,國泰-台南,2023-05-12,8884
2352,佳世達,109,32,77,國泰-台南,2023-05-12,8884
2882,國泰金,78,11,67,國泰-台南,2023-05-12,8884
2317,鴻海,87,20,67,國泰-台南,2023-05-12,8884
00713,元大台灣高息低波,66,3,63,國泰-台南,2023-05-12,8884
2888,新光金,74,13,61,國泰-台南,2023-05-12,8884
2890,永豐金,61,2,59,國泰-台南,2023-05-12,8884
00878,國泰永續高股息,179,127,52,國泰-台南,2023-05-12,8884
2820,華票,43,0,43,國泰-台南,2023-05-12,8884
8088,品安,50,10,40,國泰-台南,2023-05-12,8884
6218,豪勉,90,52,38,國泰-台南,2023-05-12,8884
00637L,元大滬深300正2,40,3,37,國泰-台南,2023-05-12,8884
1101,台泥,71,35,36,國泰-台南,2023-05-12,8884
1742,台蠟,80,49,31,國泰-台南,2023-05-12,8884
6125,廣運,30,0,30,國泰-台南,2023-05-12,8884
2743,山富,39,9,30,國泰-台南,2023-05-12,8884
2330,台積電,31,3,28,國泰-台南,2023-05-12,8884
1785,光洋科,27,0,27,國泰-台南,2023-05-12,8884
1609,大亞,119,94,25,國泰-台南,2023-05-12,8884
00712,復華富時不動產,36,11,25,國泰-台南,2023-05-12,8884
8410,森田,38,13,25,國泰-台南,2023-05-12,8884
4744,皇將,66,43,23,國泰-台南,2023-05-12,8884
6235,華孚,74,51,23,國泰-台南,2023-05-12,8884
2883,凱基金,105,83,22,國泰-台南,2023-05-12,8884
2489,瑞軒,23,1,22,國泰-台南,2023-05-12,8884
1451,年興,20,0,20,國泰-台南,2023-05-12,8884
2886,兆豐金,18,0,18,國泰-台南,2023-05-12,8884
1313,聯成,18,0,18,國泰-台南,2023-05-12,8884
2891,中信金,20,2,18,國泰-台南,2023-05-12,8884
2913,農林,20,4,16,國泰-台南,2023-05-12,8884
2605,新興,15,0,15,國泰-台南,2023-05-12,8884
2881,富邦金,14,0,14,國泰-台南,2023-05-12,8884
1605,華新,20,6,14,國泰-台南,2023-05-12,8884
6266,泰詠,14,1,13,國泰-台南,2023-05-12,8884
5515,建國,13,0,13,國泰-台南,2023-05-12,8884
00885,富邦越南,14,1,13,國泰-台南,2023-05-12,8884
2880,華南金,13,0,13,國泰-台南,2023-05-12,8884
8936,國統,12,0,12,國泰-台南,2023-05-12,8884
00907,永豐優息存股,12,0,12,國泰-台南,2023-05-12,8884
2371,大同,110,98,12,國泰-台南,2023-05-12,8884
4114,健喬,13,2,11,國泰-台南,2023-05-12,8884
2208,台船,13,2,11,國泰-台南,2023-05-12,8884
3548,兆利,11,0,11,國泰-台南,2023-05-12,8884
4743,合一,16,5,11,國泰-台南,2023-05-12,8884
2303,聯電,545,5,540,國泰-台南,2023-05-15,8884
00878,國泰永續高股息,468,98,370,國泰-台南,2023-05-15,8884
1609,大亞,275,58,217,國泰-台南,2023-05-15,8884
5515,建國,108,0,108,國泰-台南,2023-05-15,8884
1337,再生-KY,103,2,101,國泰-台南,2023-05-15,8884
00857B,永豐20年美公債,100,0,100,國泰-台南,2023-05-15,8884
00680L,元大美債20正2,92,8,84,國泰-台南,2023-05-15,8884
00753L,中信中國50正2,71,4,67,國泰-台南,2023-05-15,8884
2427,三商電,77,12,65,國泰-台南,2023-05-15,8884
00687B,國泰20年美債,67,3,64,國泰-台南,2023-05-15,8884
00751B,元大AAA至A公司債,61,0,61,國泰-台南,2023-05-15,8884
2489,瑞軒,73,15,58,國泰-台南,2023-05-15,8884
00715L,期街口布蘭特正2,52,0,52,國泰-台南,2023-05-15,8884
00882,中信中國高股息,61,12,49,國泰-台南,2023-05-15,8884
00720B,元大投資級公司債,49,0,49,國泰-台南,2023-05-15,8884
3481,群創,44,1,43,國泰-台南,2023-05-15,8884
4549,桓達,38,0,38,國泰-台南,2023-05-15,8884
1504,東元,118,81,37,國泰-台南,2023-05-15,8884
00795B,中信美國公債20年,36,1,35,國泰-台南,2023-05-15,8884
6122,擎邦,79,45,34,國泰-台南,2023-05-15,8884
00772B,中信高評級公司債,35,3,32,國泰-台南,2023-05-15,8884
2634,漢翔,102,73,29,國泰-台南,2023-05-15,8884
00713,元大台灣高息低波,35,8,27,國泰-台南,2023-05-15,8884
2633,台灣高鐵,62,37,25,國泰-台南,2023-05-15,8884
00725B,國泰投資級公司債,26,0,26,國泰-台南,2023-05-15,8884
2352,佳世達,33,8,25,國泰-台南,2023-05-15,8884
00891,中信關鍵半導體,22,0,22,國泰-台南,2023-05-15,8884
2438,翔耀,22,0,22,國泰-台南,2023-05-15,8884
2745,五福,22,0,22,國泰-台南,2023-05-15,8884
1101,台泥,67,45,22,國泰-台南,2023-05-15,8884
6139,亞翔,34,13,21,國泰-台南,2023-05-15,8884
00712,復華富時不動產,23,3,20,國泰-台南,2023-05-15,8884
3710,連展投控,20,0,20,國泰-台南,2023-05-15,8884
6194,育富,32,12,20,國泰-台南,2023-05-15,8884
8048,德勝,22,2,20,國泰-台南,2023-05-15,8884
6415,矽力*-KY,19,0,19,國泰-台南,2023-05-15,8884
2880,華南金,21,3,18,國泰-台南,2023-05-15,8884
1905,華紙,40,22,18,國泰-台南,2023-05-15,8884
3455,由田,17,0,17,國泰-台南,2023-05-15,8884
3025,星通,36,19,17,國泰-台南,2023-05-15,8884
00773B,中信優先金融債,17,0,17,國泰-台南,2023-05-15,8884
2464,盟立,15,0,15,國泰-台南,2023-05-15,8884
3105,穩懋,26,11,15,國泰-台南,2023-05-15,8884
8069,元太,15,0,15,國泰-台南,2023-05-15,8884
5498,凱崴,22,8,14,國泰-台南,2023-05-15,8884
2630,亞航,23,9,14,國泰-台南,2023-05-15,8884
1810,和成,22,8,14,國泰-台南,2023-05-15,8884
9945,潤泰新,17,3,14,國泰-台南,2023-05-15,8884
00923,群益台ESG低碳50,14,0,14,國泰-台南,2023-05-15,8884
2402,毅嘉,21,8,13,國泰-台南,2023-05-15,8884
5515,建國,159,0,159,國泰-台南,2023-05-16,8884
00720B,元大投資級公司債,165,9,156,國泰-台南,2023-05-16,8884
1609,大亞,168,42,126,國泰-台南,2023-05-16,8884
00751B,元大AAA至A公司債,123,0,123,國泰-台南,2023-05-16,8884
00772B,中信高評級公司債,122,1,121,國泰-台南,2023-05-16,8884
00857B,永豐20年美公債,160,50,110,國泰-台南,2023-05-16,8884
00680L,元大美債20正2,109,22,87,國泰-台南,2023-05-16,8884
00715L,期街口布蘭特正2,153,70,83,國泰-台南,2023-05-16,8884
00687B,國泰20年美債,69,1,68,國泰-台南,2023-05-16,8884
1101,台泥,83,29,54,國泰-台南,2023-05-16,8884
2454,聯發科,54,1,53,國泰-台南,2023-05-16,8884
1905,華紙,69,29,40,國泰-台南,2023-05-16,8884
5905,南仁湖,38,0,38,國泰-台南,2023-05-16,8884
2317,鴻海,47,11,36,國泰-台南,2023-05-16,8884
6198,瑞築,35,0,35,國泰-台南,2023-05-16,8884
00795B,中信美國公債20年,33,0,33,國泰-台南,2023-05-16,8884
8048,德勝,32,7,25,國泰-台南,2023-05-16,8884
4908,前鼎,36,13,23,國泰-台南,2023-05-16,8884
2313,華通,22,0,22,國泰-台南,2023-05-16,8884
1109,信大,21,0,21,國泰-台南,2023-05-16,8884
3308,聯德,27,7,20,國泰-台南,2023-05-16,8884
8426,紅木-KY,41,21,20,國泰-台南,2023-05-16,8884
5353,台林,20,0,20,國泰-台南,2023-05-16,8884
6593,台灣銘板,20,0,20,國泰-台南,2023-05-16,8884
2634,漢翔,137,118,19,國泰-台南,2023-05-16,8884
00688L,國泰20年美債正2,18,0,18,國泰-台南,2023-05-16,8884
3689,湧德,20,2,18,國泰-台南,2023-05-16,8884
9939,宏全,18,1,17,國泰-台南,2023-05-16,8884
00773B,中信優先金融債,16,0,16,國泰-台南,2023-05-16,8884
4549,桓達,16,0,16,國泰-台南,2023-05-16,8884
3376,新日興,16,0,16,國泰-台南,2023-05-16,8884
3710,連展投控,16,1,15,國泰-台南,2023-05-16,8884
00725B,國泰投資級公司債,14,0,14,國泰-台南,2023-05-16,8884
00713,元大台灣高息低波,19,7,12,國泰-台南,2023-05-16,8884
2022,聚亨,17,6,11,國泰-台南,2023-05-16,8884
2421,建準,34,23,11,國泰-台南,2023-05-16,8884
2464,盟立,10,0,10,國泰-台南,2023-05-16,8884
00674R,期元大S＆P黃金反1,10,0,10,國泰-台南,2023-05-16,8884
1731,美吾華,10,0,10,國泰-台南,2023-05-16,8884
3027,盛達,12,3,9,國泰-台南,2023-05-16,8884
00641R,富邦日本反1,9,0,9,國泰-台南,2023-05-16,8884
1616,億泰,11,2,9,國泰-台南,2023-05-16,8884
00924,復華S＆P500成長,9,0,9,國泰-台南,2023-05-16,8884
3011,今皓,10,1,9,國泰-台南,2023-05-16,8884
8050,廣積,12,3,9,國泰-台南,2023-05-16,8884
6806,森崴能源,8,0,8,國泰-台南,2023-05-16,8884
2603,長榮,10,2,8,國泰-台南,2023-05-16,8884
5425,台半,9,2,7,國泰-台南,2023-05-16,8884
3673,TPK-KY,11,4,7,國泰-台南,2023-05-16,8884
8410,森田,7,0,7,國泰-台南,2023-05-16,8884
00878,國泰永續高股息,377,130,247,國泰-台南,2023-05-17,8884
00751B,元大AAA至A公司債,183,20,163,國泰-台南,2023-05-17,8884
00720B,元大投資級公司債,121,0,121,國泰-台南,2023-05-17,8884
00680L,元大美債20正2,113,2,111,國泰-台南,2023-05-17,8884
00715L,期街口布蘭特正2,114,12,102,國泰-台南,2023-05-17,8884
00687B,國泰20年美債,93,1,92,國泰-台南,2023-05-17,8884
00712,復華富時不動產,84,0,84,國泰-台南,2023-05-17,8884
00772B,中信高評級公司債,60,7,53,國泰-台南,2023-05-17,8884
2618,長榮航,85,33,52,國泰-台南,2023-05-17,8884
00882,中信中國高股息,50,6,44,國泰-台南,2023-05-17,8884
8182,加高,41,0,41,國泰-台南,2023-05-17,8884
2402,毅嘉,104,67,37,國泰-台南,2023-05-17,8884
2457,飛宏,120,83,37,國泰-台南,2023-05-17,8884
00664R,國泰臺灣加權反1,30,0,30,國泰-台南,2023-05-17,8884
4549,桓達,30,0,30,國泰-台南,2023-05-17,8884
5515,建國,31,1,30,國泰-台南,2023-05-17,8884
3715,定穎投控,50,22,28,國泰-台南,2023-05-17,8884
2888,新光金,54,27,27,國泰-台南,2023-05-17,8884
8011,台通,24,2,22,國泰-台南,2023-05-17,8884
8048,德勝,37,16,21,國泰-台南,2023-05-17,8884
00900,富邦特選高股息30,30,10,20,國泰-台南,2023-05-17,8884
1584,精剛,42,22,20,國泰-台南,2023-05-17,8884
2607,榮運,21,1,20,國泰-台南,2023-05-17,8884
9907,統一實,22,2,20,國泰-台南,2023-05-17,8884
00773B,中信優先金融債,20,1,19,國泰-台南,2023-05-17,8884
6160,欣技,104,86,18,國泰-台南,2023-05-17,8884
2491,吉祥全,18,0,18,國泰-台南,2023-05-17,8884
1612,宏泰,23,5,18,國泰-台南,2023-05-17,8884
6194,育富,22,5,17,國泰-台南,2023-05-17,8884
00637L,元大滬深300正2,17,1,16,國泰-台南,2023-05-17,8884
00679B,元大美債20年,35,20,15,國泰-台南,2023-05-17,8884
3704,合勤控,31,15,16,國泰-台南,2023-05-17,8884
00739,元大MSCI A股,15,0,15,國泰-台南,2023-05-17,8884
2495,普安,15,1,14,國泰-台南,2023-05-17,8884
00642U,期元大S＆P石油,17,3,14,國泰-台南,2023-05-17,8884
00722B,群益投資級電信債,14,0,14,國泰-台南,2023-05-17,8884
2504,國產,15,1,14,國泰-台南,2023-05-17,8884
00688L,國泰20年美債正2,13,0,13,國泰-台南,2023-05-17,8884
00676R,富邦臺灣加權反1,13,0,13,國泰-台南,2023-05-17,8884
3011,今皓,13,0,13,國泰-台南,2023-05-17,8884
6179,亞通,14,1,13,國泰-台南,2023-05-17,8884
3022,威強電,84,72,12,國泰-台南,2023-05-17,8884
3714,富采,12,0,12,國泰-台南,2023-05-17,8884
00650L,復華香港正2,12,0,12,國泰-台南,2023-05-17,8884
1810,和成,16,4,12,國泰-台南,2023-05-17,8884
6183,關貿,12,0,12,國泰-台南,2023-05-17,8884
2489,瑞軒,13,1,12,國泰-台南,2023-05-17,8884
00795B,中信美國公債20年,12,0,12,國泰-台南,2023-05-17,8884
6596,寬宏藝術,11,0,11,國泰-台南,2023-05-17,8884
2359,所羅門,11,0,11,國泰-台南,2023-05-17,8884
00632R,元大台灣50反1,398,136,262,國泰-台南,2023-05-18,8884
8926,台汽電,181,13,168,國泰-台南,2023-05-18,8884
00696B,富邦美債20年,110,0,110,國泰-台南,2023-05-18,8884
2349,錸德,100,0,100,國泰-台南,2023-05-18,8884
00687B,國泰20年美債,79,2,77,國泰-台南,2023-05-18,8884
00680L,元大美債20正2,70,0,70,國泰-台南,2023-05-18,8884
00713,元大台灣高息低波,83,14,69,國泰-台南,2023-05-18,8884
2409,友達,82,23,59,國泰-台南,2023-05-18,8884
00751B,元大AAA至A公司債,55,0,55,國泰-台南,2023-05-18,8884
00673R,期元大S＆P原油反1,53,0,53,國泰-台南,2023-05-18,8884
8222,寶一,151,98,53,國泰-台南,2023-05-18,8884
00857B,永豐20年美公債,50,0,50,國泰-台南,2023-05-18,8884
00772B,中信高評級公司債,44,0,44,國泰-台南,2023-05-18,8884
8182,加高,44,0,44,國泰-台南,2023-05-18,8884
2468,華經,42,3,39,國泰-台南,2023-05-18,8884
00882,中信中國高股息,39,1,38,國泰-台南,2023-05-18,8884
1616,億泰,34,1,33,國泰-台南,2023-05-18,8884
1752,南光,31,0,31,國泰-台南,2023-05-18,8884
6112,邁達特,194,165,29,國泰-台南,2023-05-18,8884
6235,華孚,89,61,28,國泰-台南,2023-05-18,8884
9907,統一實,26,0,26,國泰-台南,2023-05-18,8884
00795B,中信美國公債20年,26,1,25,國泰-台南,2023-05-18,8884
2736,富野,53,28,25,國泰-台南,2023-05-18,8884
00690,兆豐藍籌30,27,5,22,國泰-台南,2023-05-18,8884
6266,泰詠,32,13,19,國泰-台南,2023-05-18,8884
9939,宏全,18,0,18,國泰-台南,2023-05-18,8884
2457,飛宏,63,45,18,國泰-台南,2023-05-18,8884
9943,好樂迪,19,2,17,國泰-台南,2023-05-18,8884
00706L,期元大S＆P日圓正2,17,0,17,國泰-台南,2023-05-18,8884
4121,優盛,26,9,17,國泰-台南,2023-05-18,8884
00773B,中信優先金融債,17,0,17,國泰-台南,2023-05-18,8884
00753L,中信中國50正2,16,0,16,國泰-台南,2023-05-18,8884
00641R,富邦日本反1,15,0,15,國泰-台南,2023-05-18,8884
5201,凱衛,13,0,13,國泰-台南,2023-05-18,8884
1529,樂事綠能,39,27,12,國泰-台南,2023-05-18,8884
4541,晟田,17,5,12,國泰-台南,2023-05-18,8884
00655L,國泰中國A50正2,11,0,11,國泰-台南,2023-05-18,8884
00877,復華中國5G,11,0,11,國泰-台南,2023-05-18,8884
3663,鑫科,11,0,11,國泰-台南,2023-05-18,8884
2464,盟立,11,0,11,國泰-台南,2023-05-18,8884
5351,鈺創,14,3,11,國泰-台南,2023-05-18,8884
8069,元太,43,32,11,國泰-台南,2023-05-18,8884
2359,所羅門,11,1,10,國泰-台南,2023-05-18,8884
1721,三晃,15,5,10,國泰-台南,2023-05-18,8884
6547,高端疫苗,10,0,10,國泰-台南,2023-05-18,8884
2601,益航,12,2,10,國泰-台南,2023-05-18,8884
8476,台境*,20,10,10,國泰-台南,2023-05-18,8884
9919,康那香,10,0,10,國泰-台南,2023-05-18,8884
1795,美時,128,118,10,國泰-台南,2023-05-18,8884
3105,穩懋,10,0,10,國泰-台南,2023-05-18,8884
00687B,國泰20年美債,258,2,256,國泰-台南,2023-05-19,8884
00680L,元大美債20正2,225,12,213,國泰-台南,2023-05-19,8884
00690,兆豐藍籌30,141,25,116,國泰-台南,2023-05-19,8884
1795,美時,203,90,113,國泰-台南,2023-05-19,8884
2399,映泰,104,3,101,國泰-台南,2023-05-19,8884
00753L,中信中國50正2,100,0,100,國泰-台南,2023-05-19,8884
2442,新美齊,97,4,93,國泰-台南,2023-05-19,8884
1905,華紙,123,39,84,國泰-台南,2023-05-19,8884
00632R,元大台灣50反1,103,20,83,國泰-台南,2023-05-19,8884
00751B,元大AAA至A公司債,102,20,82,國泰-台南,2023-05-19,8884
2634,漢翔,119,48,71,國泰-台南,2023-05-19,8884
2457,飛宏,147,80,67,國泰-台南,2023-05-19,8884
1609,大亞,111,44,67,國泰-台南,2023-05-19,8884
00720B,元大投資級公司債,74,9,65,國泰-台南,2023-05-19,8884
00679B,元大美債20年,103,41,62,國泰-台南,2023-05-19,8884
5515,建國,56,0,56,國泰-台南,2023-05-19,8884
3682,亞太電,56,1,55,國泰-台南,2023-05-19,8884
00773B,中信優先金融債,56,1,55,國泰-台南,2023-05-19,8884
5009,榮剛,74,20,54,國泰-台南,2023-05-19,8884
00671R,富邦NASDAQ反1,53,0,53,國泰-台南,2023-05-19,8884
00772B,中信高評級公司債,62,10,52,國泰-台南,2023-05-19,8884
00676R,富邦臺灣加權反1,50,0,50,國泰-台南,2023-05-19,8884
3025,星通,115,73,42,國泰-台南,2023-05-19,8884
00795B,中信美國公債20年,40,1,39,國泰-台南,2023-05-19,8884
00637L,元大滬深300正2,59,21,38,國泰-台南,2023-05-19,8884
00708L,期元大S＆P黃金正2,38,1,37,國泰-台南,2023-05-19,8884
4744,皇將,39,2,37,國泰-台南,2023-05-19,8884
00725B,國泰投資級公司債,33,0,33,國泰-台南,2023-05-19,8884
6770,力積電,35,6,29,國泰-台南,2023-05-19,8884
2332,友訊,45,21,24,國泰-台南,2023-05-19,8884
00688L,國泰20年美債正2,30,9,21,國泰-台南,2023-05-19,8884
2206,三陽工業,111,91,20,國泰-台南,2023-05-19,8884
00761B,國泰A級公司債,19,0,19,國泰-台南,2023-05-19,8884
3710,連展投控,30,11,19,國泰-台南,2023-05-19,8884
2481,強茂,21,2,19,國泰-台南,2023-05-19,8884
00683L,期元大美元指正2,20,2,18,國泰-台南,2023-05-19,8884
6244,茂迪,26,10,16,國泰-台南,2023-05-19,8884
1301,台塑,16,0,16,國泰-台南,2023-05-19,8884
2317,鴻海,18,2,16,國泰-台南,2023-05-19,8884
1612,宏泰,19,4,15,國泰-台南,2023-05-19,8884
2801,彰銀,20,6,14,國泰-台南,2023-05-19,8884
6754,匯僑設計,16,2,14,國泰-台南,2023-05-19,8884
6160,欣技,25,11,14,國泰-台南,2023-05-19,8884
4121,優盛,13,0,13,國泰-台南,2023-05-19,8884
8076,伍豐,60,48,12,國泰-台南,2023-05-19,8884
2736,富野,103,91,12,國泰-台南,2023-05-19,8884
1519,華城,94,83,11,國泰-台南,2023-05-19,8884
4768,晶呈科技,12,1,11,國泰-台南,2023-05-19,8884
1440,南紡,11,0,11,國泰-台南,2023-05-19,8884
6179,亞通,11,0,11,國泰-台南,2023-05-19,8884
00687B,國泰20年美債,323,4,319,國泰-台南,2023-05-22,8884
00715L,期街口布蘭特正2,197,11,186,國泰-台南,2023-05-22,8884
00712,復華富時不動產,184,17,167,國泰-台南,2023-05-22,8884
2303,聯電,119,11,108,國泰-台南,2023-05-22,8884
1616,億泰,81,1,80,國泰-台南,2023-05-22,8884
5515,建國,81,3,78,國泰-台南,2023-05-22,8884
2352,佳世達,76,10,66,國泰-台南,2023-05-22,8884
00632R,元大台灣50反1,72,7,65,國泰-台南,2023-05-22,8884
00720B,元大投資級公司債,75,14,61,國泰-台南,2023-05-22,8884
1504,東元,103,42,61,國泰-台南,2023-05-22,8884
00680L,元大美債20正2,60,0,60,國泰-台南,2023-05-22,8884
00772B,中信高評級公司債,54,1,53,國泰-台南,2023-05-22,8884
3306,鼎天,44,4,40,國泰-台南,2023-05-22,8884
00878,國泰永續高股息,84,45,39,國泰-台南,2023-05-22,8884
8924,大田,37,0,37,國泰-台南,2023-05-22,8884
3037,欣興,63,30,33,國泰-台南,2023-05-22,8884
00751B,元大AAA至A公司債,34,1,33,國泰-台南,2023-05-22,8884
00683L,期元大美元指正2,30,0,30,國泰-台南,2023-05-22,8884
1727,中華化,35,5,30,國泰-台南,2023-05-22,8884
00773B,中信優先金融債,30,1,29,國泰-台南,2023-05-22,8884
00882,中信中國高股息,35,9,26,國泰-台南,2023-05-22,8884
00713,元大台灣高息低波,113,87,26,國泰-台南,2023-05-22,8884
2313,華通,31,7,24,國泰-台南,2023-05-22,8884
00795B,中信美國公債20年,28,4,24,國泰-台南,2023-05-22,8884
9105,泰金寶-DR,22,0,22,國泰-台南,2023-05-22,8884
1802,台玻,23,1,22,國泰-台南,2023-05-22,8884
2022,聚亨,25,4,21,國泰-台南,2023-05-22,8884
8059,凱碩,21,0,21,國泰-台南,2023-05-22,8884
1907,永豐餘,41,20,21,國泰-台南,2023-05-22,8884
3703,欣陸,20,0,20,國泰-台南,2023-05-22,8884
2836A,高雄銀甲特,20,0,20,國泰-台南,2023-05-22,8884
8046,南電,23,3,20,國泰-台南,2023-05-22,8884
1618,合機,36,17,19,國泰-台南,2023-05-22,8884
5425,台半,26,7,19,國泰-台南,2023-05-22,8884
2359,所羅門,40,22,18,國泰-台南,2023-05-22,8884
1529,樂事綠能,52,34,18,國泰-台南,2023-05-22,8884
2891,中信金,27,10,17,國泰-台南,2023-05-22,8884
2376,技嘉,20,4,16,國泰-台南,2023-05-22,8884
00895,富邦未來車,17,1,16,國泰-台南,2023-05-22,8884
6243,迅杰,38,22,16,國泰-台南,2023-05-22,8884
6235,華孚,48,33,15,國泰-台南,2023-05-22,8884
3231,緯創,84,69,15,國泰-台南,2023-05-22,8884
1605,華新,18,5,13,國泰-台南,2023-05-22,8884
3163,波若威,23,10,13,國泰-台南,2023-05-22,8884
6451,訊芯-KY,14,2,12,國泰-台南,2023-05-22,8884
1459,聯發,11,0,11,國泰-台南,2023-05-22,8884
2368,金像電,40,29,11,國泰-台南,2023-05-22,8884
1810,和成,31,20,11,國泰-台南,2023-05-22,8884
4543,萬在,63,52,11,國泰-台南,2023-05-22,8884
1809,中釉,13,2,11,國泰-台南,2023-05-22,8884
00680L,元大美債20正2,326,2,324,國泰-台南,2023-05-23,8884
00687B,國泰20年美債,149,35,114,國泰-台南,2023-05-23,8884
00795B,中信美國公債20年,93,2,91,國泰-台南,2023-05-23,8884
00882,中信中國高股息,92,3,89,國泰-台南,2023-05-23,8884
6282,康舒,140,59,81,國泰-台南,2023-05-23,8884
5515,建國,77,6,71,國泰-台南,2023-05-23,8884
2634,漢翔,120,53,67,國泰-台南,2023-05-23,8884
8076,伍豐,93,36,57,國泰-台南,2023-05-23,8884
00772B,中信高評級公司債,54,1,53,國泰-台南,2023-05-23,8884
1802,台玻,53,0,53,國泰-台南,2023-05-23,8884
00857B,永豐20年美公債,50,0,50,國泰-台南,2023-05-23,8884
2022,聚亨,53,3,50,國泰-台南,2023-05-23,8884
4541,晟田,92,43,49,國泰-台南,2023-05-23,8884
5701,劍湖山,48,0,48,國泰-台南,2023-05-23,8884
3706,神達,52,5,47,國泰-台南,2023-05-23,8884
2888,新光金,56,9,47,國泰-台南,2023-05-23,8884
2409,友達,44,5,39,國泰-台南,2023-05-23,8884
00673R,期元大S＆P原油反1,37,0,37,國泰-台南,2023-05-23,8884
3481,群創,74,38,36,國泰-台南,2023-05-23,8884
2344,華邦電,42,8,34,國泰-台南,2023-05-23,8884
6233,旺玖,47,14,33,國泰-台南,2023-05-23,8884
2332,友訊,36,3,33,國泰-台南,2023-05-23,8884
00751B,元大AAA至A公司債,31,0,31,國泰-台南,2023-05-23,8884
4979,華星光,47,17,30,國泰-台南,2023-05-23,8884
8121,越峰,30,0,30,國泰-台南,2023-05-23,8884
2630,亞航,30,0,30,國泰-台南,2023-05-23,8884
2515,中工,28,0,28,國泰-台南,2023-05-23,8884
1513,中興電,83,56,27,國泰-台南,2023-05-23,8884
00671R,富邦NASDAQ反1,27,0,27,國泰-台南,2023-05-23,8884
5531,鄉林,57,30,27,國泰-台南,2023-05-23,8884
1227,佳格,25,0,25,國泰-台南,2023-05-23,8884
4543,萬在,34,9,25,國泰-台南,2023-05-23,8884
00676R,富邦臺灣加權反1,63,41,22,國泰-台南,2023-05-23,8884
00632R,元大台灣50反1,46,24,22,國泰-台南,2023-05-23,8884
2891,中信金,28,8,20,國泰-台南,2023-05-23,8884
2313,華通,21,1,20,國泰-台南,2023-05-23,8884
2618,長榮航,126,106,20,國泰-台南,2023-05-23,8884
00637L,元大滬深300正2,33,14,19,國泰-台南,2023-05-23,8884
8050,廣積,19,1,18,國泰-台南,2023-05-23,8884
6235,華孚,50,33,17,國泰-台南,2023-05-23,8884
00683L,期元大美元指正2,16,0,16,國泰-台南,2023-05-23,8884
1529,樂事綠能,53,37,16,國泰-台南,2023-05-23,8884
2201,裕隆,49,33,16,國泰-台南,2023-05-23,8884
2603,長榮,24,8,16,國泰-台南,2023-05-23,8884
2317,鴻海,18,3,15,國泰-台南,2023-05-23,8884
3419,譁裕,15,0,15,國泰-台南,2023-05-23,8884
00688L,國泰20年美債正2,15,0,15,國泰-台南,2023-05-23,8884
2883,凱基金,35,21,14,國泰-台南,2023-05-23,8884
3363,上詮,52,38,14,國泰-台南,2023-05-23,8884
3058,立德,24,11,13,國泰-台南,2023-05-23,8884
00878,國泰永續高股息,534,116,418,國泰-台南,2023-05-24,8884
8176,智捷,222,0,222,國泰-台南,2023-05-24,8884
00882,中信中國高股息,208,4,204,國泰-台南,2023-05-24,8884
00687B,國泰20年美債,121,4,117,國泰-台南,2023-05-24,8884
00637L,元大滬深300正2,136,25,111,國泰-台南,2023-05-24,8884
00679B,元大美債20年,146,63,83,國泰-台南,2023-05-24,8884
1802,台玻,83,0,83,國泰-台南,2023-05-24,8884
6164,華興,80,1,79,國泰-台南,2023-05-24,8884
00713,元大台灣高息低波,87,10,77,國泰-台南,2023-05-24,8884
00650L,復華香港正2,66,0,66,國泰-台南,2023-05-24,8884
2801,彰銀,71,7,64,國泰-台南,2023-05-24,8884
8076,伍豐,71,13,58,國泰-台南,2023-05-24,8884
00753L,中信中國50正2,56,0,56,國泰-台南,2023-05-24,8884
5515,建國,56,0,56,國泰-台南,2023-05-24,8884
3252,海灣,51,0,51,國泰-台南,2023-05-24,8884
2701,萬企,55,5,50,國泰-台南,2023-05-24,8884
00680L,元大美債20正2,51,1,50,國泰-台南,2023-05-24,8884
8940,新天地,52,3,49,國泰-台南,2023-05-24,8884
00715L,期街口布蘭特正2,94,56,38,國泰-台南,2023-05-24,8884
00676R,富邦臺灣加權反1,32,0,32,國泰-台南,2023-05-24,8884
5531,鄉林,36,5,31,國泰-台南,2023-05-24,8884
00696B,富邦美債20年,30,0,30,國泰-台南,2023-05-24,8884
5512,力麒,32,4,28,國泰-台南,2023-05-24,8884
2836A,高雄銀甲特,27,0,27,國泰-台南,2023-05-24,8884
00665L,富邦�琤肭磪囓�2,33,8,25,國泰-台南,2023-05-24,8884
1616,億泰,23,0,23,國泰-台南,2023-05-24,8884
5465,富驊,22,0,22,國泰-台南,2023-05-24,8884
3005,神基,26,5,21,國泰-台南,2023-05-24,8884
5704,老爺知,36,15,21,國泰-台南,2023-05-24,8884
00772B,中信高評級公司債,21,0,21,國泰-台南,2023-05-24,8884
2888,新光金,22,2,20,國泰-台南,2023-05-24,8884
3682,亞太電,20,0,20,國泰-台南,2023-05-24,8884
5009,榮剛,38,19,19,國泰-台南,2023-05-24,8884
2328,廣宇,31,11,20,國泰-台南,2023-05-24,8884
2706,第一店,26,7,19,國泰-台南,2023-05-24,8884
00751B,元大AAA至A公司債,19,2,17,國泰-台南,2023-05-24,8884
2332,友訊,27,10,17,國泰-台南,2023-05-24,8884
00706L,期元大S＆P日圓正2,16,0,16,國泰-台南,2023-05-24,8884
00928,中信上櫃ESG30,16,0,16,國泰-台南,2023-05-24,8884
2442,新美齊,18,3,15,國泰-台南,2023-05-24,8884
5439,高技,33,18,15,國泰-台南,2023-05-24,8884
00688L,國泰20年美債正2,15,0,15,國泰-台南,2023-05-24,8884
2399,映泰,40,25,15,國泰-台南,2023-05-24,8884
6160,欣技,16,1,15,國泰-台南,2023-05-24,8884
2890,永豐金,45,30,15,國泰-台南,2023-05-24,8884
00720B,元大投資級公司債,17,3,14,國泰-台南,2023-05-24,8884
3701,大眾控,29,15,14,國泰-台南,2023-05-24,8884
6288,聯嘉,25,12,13,國泰-台南,2023-05-24,8884
6535,順藥,17,4,13,國泰-台南,2023-05-24,8884
2884,玉山金,16,3,13,國泰-台南,2023-05-24,8884
00882,中信中國高股息,387,9,378,國泰-台南,2023-05-25,8884
00632R,元大台灣50反1,264,0,264,國泰-台南,2023-05-25,8884
00712,復華富時不動產,140,11,129,國泰-台南,2023-05-25,8884
00795B,中信美國公債20年,98,3,95,國泰-台南,2023-05-25,8884
6446,藥華藥,100,8,92,國泰-台南,2023-05-25,8884
00687B,國泰20年美債,108,17,91,國泰-台南,2023-05-25,8884
2457,飛宏,118,29,89,國泰-台南,2023-05-25,8884
00680L,元大美債20正2,69,0,69,國泰-台南,2023-05-25,8884
00673R,期元大S＆P原油反1,67,3,64,國泰-台南,2023-05-25,8884
1905,華紙,90,31,59,國泰-台南,2023-05-25,8884
3013,晟銘電,68,11,57,國泰-台南,2023-05-25,8884
2882,國泰金,57,2,55,國泰-台南,2023-05-25,8884
00753L,中信中國50正2,55,0,55,國泰-台南,2023-05-25,8884
00772B,中信高評級公司債,49,0,49,國泰-台南,2023-05-25,8884
2801,彰銀,45,0,45,國泰-台南,2023-05-25,8884
00751B,元大AAA至A公司債,39,0,39,國泰-台南,2023-05-25,8884
2706,第一店,80,43,37,國泰-台南,2023-05-25,8884
2002,中鋼,37,0,37,國泰-台南,2023-05-25,8884
00688L,國泰20年美債正2,35,0,35,國泰-台南,2023-05-25,8884
2890,永豐金,38,3,35,國泰-台南,2023-05-25,8884
2887,台新金,48,17,31,國泰-台南,2023-05-25,8884
2883,凱基金,59,28,31,國泰-台南,2023-05-25,8884
2705,六福,49,19,30,國泰-台南,2023-05-25,8884
2402,毅嘉,44,15,29,國泰-台南,2023-05-25,8884
00637L,元大滬深300正2,49,21,28,國泰-台南,2023-05-25,8884
2371,大同,44,17,27,國泰-台南,2023-05-25,8884
2303,聯電,34,7,27,國泰-台南,2023-05-25,8884
00665L,富邦�琤肭磪囓�2,60,34,26,國泰-台南,2023-05-25,8884
3481,群創,27,1,26,國泰-台南,2023-05-25,8884
1529,樂事綠能,30,5,25,國泰-台南,2023-05-25,8884
2891,中信金,25,1,24,國泰-台南,2023-05-25,8884
5515,建國,23,0,23,國泰-台南,2023-05-25,8884
2881,富邦金,27,4,23,國泰-台南,2023-05-25,8884
6712,長聖,22,0,22,國泰-台南,2023-05-25,8884
3703,欣陸,21,0,21,國泰-台南,2023-05-25,8884
1514,亞力,21,1,20,國泰-台南,2023-05-25,8884
2419,仲琦,20,0,20,國泰-台南,2023-05-25,8884
1460,宏遠,33,13,20,國泰-台南,2023-05-25,8884
2603,長榮,23,4,19,國泰-台南,2023-05-25,8884
4129,聯合,28,9,19,國泰-台南,2023-05-25,8884
00720B,元大投資級公司債,19,0,19,國泰-台南,2023-05-25,8884
1810,和成,20,2,18,國泰-台南,2023-05-25,8884
5880,合庫金,18,1,17,國泰-台南,2023-05-25,8884
2886,兆豐金,20,3,17,國泰-台南,2023-05-25,8884
00725B,國泰投資級公司債,17,0,17,國泰-台南,2023-05-25,8884
00752,中信中國50,16,0,16,國泰-台南,2023-05-25,8884
5905,南仁湖,27,11,16,國泰-台南,2023-05-25,8884
4541,晟田,18,2,16,國泰-台南,2023-05-25,8884
3058,立德,26,10,16,國泰-台南,2023-05-25,8884
1519,華城,28,12,16,國泰-台南,2023-05-25,8884
00712,復華富時不動產,723,2,721,國泰-台南,2023-05-26,8884
3231,緯創,620,405,215,國泰-台南,2023-05-26,8884
6125,廣運,250,44,206,國泰-台南,2023-05-26,8884
2352,佳世達,210,4,206,國泰-台南,2023-05-26,8884
00648R,元大S＆P500反1,150,0,150,國泰-台南,2023-05-26,8884
2323,中環,407,280,127,國泰-台南,2023-05-26,8884
00715L,期街口布蘭特正2,109,0,109,國泰-台南,2023-05-26,8884
00676R,富邦臺灣加權反1,109,0,109,國泰-台南,2023-05-26,8884
2534,宏盛,100,0,100,國泰-台南,2023-05-26,8884
00795B,中信美國公債20年,99,3,96,國泰-台南,2023-05-26,8884
2634,漢翔,111,16,95,國泰-台南,2023-05-26,8884
00882,中信中國高股息,88,0,88,國泰-台南,2023-05-26,8884
00773B,中信優先金融債,73,0,73,國泰-台南,2023-05-26,8884
1905,華紙,176,107,69,國泰-台南,2023-05-26,8884
8028,昇陽半導體,62,3,59,國泰-台南,2023-05-26,8884
00713,元大台灣高息低波,80,22,58,國泰-台南,2023-05-26,8884
2834,臺企銀,57,0,57,國泰-台南,2023-05-26,8884
4564,元翎,225,175,50,國泰-台南,2023-05-26,8884
8222,寶一,74,27,47,國泰-台南,2023-05-26,8884
1785,光洋科,48,1,47,國泰-台南,2023-05-26,8884
2867,三商壽,48,2,46,國泰-台南,2023-05-26,8884
1310,台苯,42,0,42,國泰-台南,2023-05-26,8884
1609,大亞,74,34,40,國泰-台南,2023-05-26,8884
00772B,中信高評級公司債,41,5,36,國泰-台南,2023-05-26,8884
3025,星通,173,137,36,國泰-台南,2023-05-26,8884
00680L,元大美債20正2,32,0,32,國泰-台南,2023-05-26,8884
00642U,期元大S＆P石油,29,0,29,國泰-台南,2023-05-26,8884
00753L,中信中國50正2,31,3,28,國泰-台南,2023-05-26,8884
00687B,國泰20年美債,28,2,26,國泰-台南,2023-05-26,8884
1618,合機,33,7,26,國泰-台南,2023-05-26,8884
4190,佐登-KY,30,5,25,國泰-台南,2023-05-26,8884
5465,富驊,44,19,25,國泰-台南,2023-05-26,8884
1802,台玻,24,0,24,國泰-台南,2023-05-26,8884
2402,毅嘉,29,5,24,國泰-台南,2023-05-26,8884
1504,東元,66,42,24,國泰-台南,2023-05-26,8884
9939,宏全,24,0,24,國泰-台南,2023-05-26,8884
3576,聯合再生,24,0,24,國泰-台南,2023-05-26,8884
2317,鴻海,28,5,23,國泰-台南,2023-05-26,8884
3265,台星科,31,8,23,國泰-台南,2023-05-26,8884
3306,鼎天,77,55,22,國泰-台南,2023-05-26,8884
4543,萬在,26,5,21,國泰-台南,2023-05-26,8884
2421,建準,143,123,20,國泰-台南,2023-05-26,8884
6194,育富,30,10,20,國泰-台南,2023-05-26,8884
00665L,富邦�琤肭磪囓�2,20,0,20,國泰-台南,2023-05-26,8884
2002,中鋼,20,1,19,國泰-台南,2023-05-26,8884
5531,鄉林,21,2,19,國泰-台南,2023-05-26,8884
2356,英業達,87,69,18,國泰-台南,2023-05-26,8884
6116,彩晶,21,3,18,國泰-台南,2023-05-26,8884
6446,藥華藥,32,15,17,國泰-台南,2023-05-26,8884
1809,中釉,21,4,17,國泰-台南,2023-05-26,8884
1608,華榮,434,35,399,國泰-台南,2023-05-29,8884
0056,元大高股息,457,107,350,國泰-台南,2023-05-29,8884
00673R,期元大S＆P原油反1,132,0,132,國泰-台南,2023-05-29,8884
00650L,復華香港正2,81,0,81,國泰-台南,2023-05-29,8884
3558,神準,91,12,79,國泰-台南,2023-05-29,8884
00687B,國泰20年美債,78,6,72,國泰-台南,2023-05-29,8884
00772B,中信高評級公司債,62,8,54,國泰-台南,2023-05-29,8884
6789,采鈺,55,4,51,國泰-台南,2023-05-29,8884
00857B,永豐20年美公債,53,2,51,國泰-台南,2023-05-29,8884
8064,東捷,49,0,49,國泰-台南,2023-05-29,8884
00637L,元大滬深300正2,45,0,45,國泰-台南,2023-05-29,8884
00882,中信中國高股息,86,42,44,國泰-台南,2023-05-29,8884
2867,三商壽,43,2,41,國泰-台南,2023-05-29,8884
2489,瑞軒,35,2,33,國泰-台南,2023-05-29,8884
2002,中鋼,74,42,32,國泰-台南,2023-05-29,8884
2883,凱基金,38,7,31,國泰-台南,2023-05-29,8884
00895,富邦未來車,47,17,30,國泰-台南,2023-05-29,8884
00902,中信電池及儲能,34,5,29,國泰-台南,2023-05-29,8884
4113,聯上,29,0,29,國泰-台南,2023-05-29,8884
3701,大眾控,30,1,29,國泰-台南,2023-05-29,8884
1512,瑞利,29,0,29,國泰-台南,2023-05-29,8884
2323,中環,111,83,28,國泰-台南,2023-05-29,8884
8476,台境*,27,0,27,國泰-台南,2023-05-29,8884
8354,冠好,30,3,27,國泰-台南,2023-05-29,8884
4736,泰博,26,0,26,國泰-台南,2023-05-29,8884
2352,佳世達,30,4,26,國泰-台南,2023-05-29,8884
1727,中華化,26,1,25,國泰-台南,2023-05-29,8884
2449,京元電子,83,58,25,國泰-台南,2023-05-29,8884
00679B,元大美債20年,46,22,24,國泰-台南,2023-05-29,8884
3231,緯創,485,461,24,國泰-台南,2023-05-29,8884
00795B,中信美國公債20年,25,2,23,國泰-台南,2023-05-29,8884
6708,天擎,22,0,22,國泰-台南,2023-05-29,8884
2605,新興,22,0,22,國泰-台南,2023-05-29,8884
2891,中信金,50,29,21,國泰-台南,2023-05-29,8884
00852L,國泰美國道瓊正2,21,0,21,國泰-台南,2023-05-29,8884
5515,建國,21,0,21,國泰-台南,2023-05-29,8884
00725B,國泰投資級公司債,23,2,21,國泰-台南,2023-05-29,8884
3052,夆典,20,0,20,國泰-台南,2023-05-29,8884
6695,芯鼎,20,0,20,國泰-台南,2023-05-29,8884
00713,元大台灣高息低波,65,45,20,國泰-台南,2023-05-29,8884
1460,宏遠,27,8,19,國泰-台南,2023-05-29,8884
00751B,元大AAA至A公司債,29,10,19,國泰-台南,2023-05-29,8884
2332,友訊,25,6,19,國泰-台南,2023-05-29,8884
00671R,富邦NASDAQ反1,23,5,18,國泰-台南,2023-05-29,8884
00632R,元大台灣50反1,94,76,18,國泰-台南,2023-05-29,8884
00706L,期元大S＆P日圓正2,17,0,17,國泰-台南,2023-05-29,8884
00885,富邦越南,17,0,17,國泰-台南,2023-05-29,8884
2382,廣達,27,11,16,國泰-台南,2023-05-29,8884
2356,英業達,23,8,15,國泰-台南,2023-05-29,8884
6116,彩晶,16,1,15,國泰-台南,2023-05-29,8884
00688L,國泰20年美債正2,220,0,220,國泰-台南,2023-05-30,8884
00882,中信中國高股息,188,15,173,國泰-台南,2023-05-30,8884
0056,元大高股息,258,97,161,國泰-台南,2023-05-30,8884
00706L,期元大S＆P日圓正2,154,0,154,國泰-台南,2023-05-30,8884
00725B,國泰投資級公司債,144,1,143,國泰-台南,2023-05-30,8884
2352,佳世達,219,88,131,國泰-台南,2023-05-30,8884
00676R,富邦臺灣加權反1,131,0,131,國泰-台南,2023-05-30,8884
00632R,元大台灣50反1,107,10,97,國泰-台南,2023-05-30,8884
4306,炎洲,82,0,82,國泰-台南,2023-05-30,8884
3231,緯創,322,243,79,國泰-台南,2023-05-30,8884
00679B,元大美債20年,79,0,79,國泰-台南,2023-05-30,8884
2329,華泰,71,1,70,國泰-台南,2023-05-30,8884
00715L,期街口布蘭特正2,95,34,61,國泰-台南,2023-05-30,8884
00687B,國泰20年美債,56,0,56,國泰-台南,2023-05-30,8884
2356,英業達,242,186,56,國泰-台南,2023-05-30,8884
2834,臺企銀,57,2,55,國泰-台南,2023-05-30,8884
2548,華固,54,0,54,國泰-台南,2023-05-30,8884
2323,中環,135,83,52,國泰-台南,2023-05-30,8884
8033,雷虎,49,3,46,國泰-台南,2023-05-30,8884
2382,廣達,102,58,44,國泰-台南,2023-05-30,8884
5206,坤悅,40,0,40,國泰-台南,2023-05-30,8884
3094,聯傑,53,14,39,國泰-台南,2023-05-30,8884
3013,晟銘電,266,228,38,國泰-台南,2023-05-30,8884
1504,東元,38,5,33,國泰-台南,2023-05-30,8884
1609,大亞,59,27,32,國泰-台南,2023-05-30,8884
00885,富邦越南,65,34,31,國泰-台南,2023-05-30,8884
3363,上詮,89,59,30,國泰-台南,2023-05-30,8884
00712,復華富時不動產,35,5,30,國泰-台南,2023-05-30,8884
2634,漢翔,66,37,29,國泰-台南,2023-05-30,8884
2002,中鋼,31,2,29,國泰-台南,2023-05-30,8884
6166,凌華,31,4,27,國泰-台南,2023-05-30,8884
1605,華新,60,33,27,國泰-台南,2023-05-30,8884
6218,豪勉,34,8,26,國泰-台南,2023-05-30,8884
00753L,中信中國50正2,25,0,25,國泰-台南,2023-05-30,8884
8271,宇瞻,25,0,25,國泰-台南,2023-05-30,8884
2206,三陽工業,112,88,24,國泰-台南,2023-05-30,8884
3558,神準,111,87,24,國泰-台南,2023-05-30,8884
00637L,元大滬深300正2,27,3,24,國泰-台南,2023-05-30,8884
00900,富邦特選高股息30,34,11,23,國泰-台南,2023-05-30,8884
00696B,富邦美債20年,22,0,22,國泰-台南,2023-05-30,8884
6282,康舒,38,17,21,國泰-台南,2023-05-30,8884
4113,聯上,21,0,21,國泰-台南,2023-05-30,8884
00631L,元大台灣50正2,22,1,21,國泰-台南,2023-05-30,8884
3312,弘憶股,20,0,20,國泰-台南,2023-05-30,8884
1215,卜蜂,19,0,19,國泰-台南,2023-05-30,8884
2882,國泰金,23,4,19,國泰-台南,2023-05-30,8884
2504,國產,20,1,19,國泰-台南,2023-05-30,8884
00665L,富邦�琤肭磪囓�2,29,10,19,國泰-台南,2023-05-30,8884
4543,萬在,20,2,18,國泰-台南,2023-05-30,8884
3032,偉訓,48,30,18,國泰-台南,2023-05-30,8884
00715L,期街口布蘭特正2,561,16,545,國泰-台南,2023-05-31,8884
00676R,富邦臺灣加權反1,217,0,217,國泰-台南,2023-05-31,8884
00687B,國泰20年美債,194,1,193,國泰-台南,2023-05-31,8884
00882,中信中國高股息,208,17,191,國泰-台南,2023-05-31,8884
00688L,國泰20年美債正2,139,6,133,國泰-台南,2023-05-31,8884
00671R,富邦NASDAQ反1,99,0,99,國泰-台南,2023-05-31,8884
6120,達運,100,2,98,國泰-台南,2023-05-31,8884
3583,辛耘,112,40,72,國泰-台南,2023-05-31,8884
4967,十銓,80,18,62,國泰-台南,2023-05-31,8884
00642U,期元大S＆P石油,59,0,59,國泰-台南,2023-05-31,8884
00680L,元大美債20正2,57,0,57,國泰-台南,2023-05-31,8884
00878,國泰永續高股息,229,174,55,國泰-台南,2023-05-31,8884
5515,建國,49,0,49,國泰-台南,2023-05-31,8884
2356,英業達,101,56,45,國泰-台南,2023-05-31,8884
006208,富邦台50,46,1,45,國泰-台南,2023-05-31,8884
00752,中信中國50,42,0,42,國泰-台南,2023-05-31,8884
1101,台泥,44,3,41,國泰-台南,2023-05-31,8884
00669R,國泰美國道瓊反1,40,0,40,國泰-台南,2023-05-31,8884
00720B,元大投資級公司債,37,0,37,國泰-台南,2023-05-31,8884
2201,裕隆,63,26,37,國泰-台南,2023-05-31,8884
3706,神達,259,224,35,國泰-台南,2023-05-31,8884
5206,坤悅,31,0,31,國泰-台南,2023-05-31,8884
4167,松瑞藥,31,1,30,國泰-台南,2023-05-31,8884
00772B,中信高評級公司債,30,3,27,國泰-台南,2023-05-31,8884
2801,彰銀,25,1,24,國泰-台南,2023-05-31,8884
2887,台新金,25,2,23,國泰-台南,2023-05-31,8884
2891,中信金,29,6,23,國泰-台南,2023-05-31,8884
2365,昆盈,22,1,21,國泰-台南,2023-05-31,8884
9943,好樂迪,22,1,21,國泰-台南,2023-05-31,8884
2615,萬海,21,0,21,國泰-台南,2023-05-31,8884
8040,九暘,21,1,20,國泰-台南,2023-05-31,8884
00764B,群益25年美債,20,0,20,國泰-台南,2023-05-31,8884
8182,加高,20,0,20,國泰-台南,2023-05-31,8884
00679B,元大美債20年,52,33,19,國泰-台南,2023-05-31,8884
00753L,中信中國50正2,24,6,18,國泰-台南,2023-05-31,8884
3693,營邦,34,17,17,國泰-台南,2023-05-31,8884
2845,遠東銀,17,0,17,國泰-台南,2023-05-31,8884
6274,台燿,18,2,16,國泰-台南,2023-05-31,8884
2457,飛宏,103,88,15,國泰-台南,2023-05-31,8884
2421,建準,35,20,15,國泰-台南,2023-05-31,8884
2888,新光金,19,4,15,國泰-台南,2023-05-31,8884
00665L,富邦�琤肭磪囓�2,20,5,15,國泰-台南,2023-05-31,8884
3533,嘉澤,16,1,15,國泰-台南,2023-05-31,8884
2382,廣達,47,32,15,國泰-台南,2023-05-31,8884
00885,富邦越南,21,7,14,國泰-台南,2023-05-31,8884
5351,鈺創,26,13,13,國泰-台南,2023-05-31,8884
4147,中裕,13,0,13,國泰-台南,2023-05-31,8884
2442,新美齊,14,1,13,國泰-台南,2023-05-31,8884
00751B,元大AAA至A公司債,16,3,13,國泰-台南,2023-05-31,8884
2836A,高雄銀甲特,13,0,13,國泰-台南,2023-05-31,8884
8374,羅昇,200,0,200,國泰-台南,2023-06-01,8884
00715L,期街口布蘭特正2,213,15,198,國泰-台南,2023-06-01,8884
00641R,富邦日本反1,151,0,151,國泰-台南,2023-06-01,8884
2489,瑞軒,408,267,141,國泰-台南,2023-06-01,8884
2323,中環,320,202,118,國泰-台南,2023-06-01,8884
6282,康舒,186,113,73,國泰-台南,2023-06-01,8884
5258,虹堡,90,18,72,國泰-台南,2023-06-01,8884
00687B,國泰20年美債,64,0,64,國泰-台南,2023-06-01,8884
1605,華新,68,6,62,國泰-台南,2023-06-01,8884
00882,中信中國高股息,75,15,60,國泰-台南,2023-06-01,8884
00642U,期元大S＆P石油,54,0,54,國泰-台南,2023-06-01,8884
3047,訊舟,51,1,50,國泰-台南,2023-06-01,8884
6015,宏遠證,50,1,49,國泰-台南,2023-06-01,8884
1609,大亞,50,2,48,國泰-台南,2023-06-01,8884
2303,聯電,56,9,47,國泰-台南,2023-06-01,8884
00713,元大台灣高息低波,58,11,47,國泰-台南,2023-06-01,8884
00679B,元大美債20年,61,15,46,國泰-台南,2023-06-01,8884
00919,群益台灣精選高息,43,0,43,國泰-台南,2023-06-01,8884
2888,新光金,47,5,42,國泰-台南,2023-06-01,8884
00893,國泰智能電動車,46,8,38,國泰-台南,2023-06-01,8884
5515,建國,38,0,38,國泰-台南,2023-06-01,8884
3706,神達,300,262,38,國泰-台南,2023-06-01,8884
6125,廣運,51,15,36,國泰-台南,2023-06-01,8884
2610,華航,353,318,35,國泰-台南,2023-06-01,8884
2913,農林,51,17,34,國泰-台南,2023-06-01,8884
2371,大同,48,14,34,國泰-台南,2023-06-01,8884
5880,合庫金,35,4,31,國泰-台南,2023-06-01,8884
5432,新門,30,0,30,國泰-台南,2023-06-01,8884
6235,華孚,101,72,29,國泰-台南,2023-06-01,8884
00751B,元大AAA至A公司債,32,6,26,國泰-台南,2023-06-01,8884
8182,加高,26,0,26,國泰-台南,2023-06-01,8884
2615,萬海,26,1,25,國泰-台南,2023-06-01,8884
6266,泰詠,25,0,25,國泰-台南,2023-06-01,8884
2892,第一金,26,1,25,國泰-台南,2023-06-01,8884
2356,英業達,42,17,25,國泰-台南,2023-06-01,8884
3481,群創,25,1,24,國泰-台南,2023-06-01,8884
2352,佳世達,31,7,24,國泰-台南,2023-06-01,8884
00795B,中信美國公債20年,37,13,24,國泰-台南,2023-06-01,8884
3673,TPK-KY,61,38,23,國泰-台南,2023-06-01,8884
2706,第一店,26,4,22,國泰-台南,2023-06-01,8884
00720B,元大投資級公司債,28,7,21,國泰-台南,2023-06-01,8884
3209,全科,21,0,21,國泰-台南,2023-06-01,8884
1727,中華化,62,42,20,國泰-台南,2023-06-01,8884
6190,萬泰科,37,17,20,國泰-台南,2023-06-01,8884
3260,威剛,37,18,19,國泰-台南,2023-06-01,8884
00857B,永豐20年美公債,20,1,19,國泰-台南,2023-06-01,8884
1512,瑞利,19,0,19,國泰-台南,2023-06-01,8884
3005,神基,25,7,18,國泰-台南,2023-06-01,8884
8011,台通,27,10,17,國泰-台南,2023-06-01,8884
5706,鳳凰,76,60,16,國泰-台南,2023-06-01,8884
2356,英業達,429,280,149,國泰-台南,2023-06-02,8884
00919,群益台灣精選高息,147,7,140,國泰-台南,2023-06-02,8884
2801,彰銀,120,9,111,國泰-台南,2023-06-02,8884
2610,華航,297,190,107,國泰-台南,2023-06-02,8884
00915,凱基優選高股息30,102,1,101,國泰-台南,2023-06-02,8884
2324,仁寶,178,85,93,國泰-台南,2023-06-02,8884
00882,中信中國高股息,109,28,81,國泰-台南,2023-06-02,8884
0056,元大高股息,124,45,79,國泰-台南,2023-06-02,8884
5515,建國,66,0,66,國泰-台南,2023-06-02,8884
2457,飛宏,178,113,65,國泰-台南,2023-06-02,8884
3363,上詮,94,33,61,國泰-台南,2023-06-02,8884
2365,昆盈,57,0,57,國泰-台南,2023-06-02,8884
5905,南仁湖,61,5,56,國泰-台南,2023-06-02,8884
2913,農林,73,23,50,國泰-台南,2023-06-02,8884
1905,華紙,394,347,47,國泰-台南,2023-06-02,8884
00712,復華富時不動產,113,69,44,國泰-台南,2023-06-02,8884
4763,材料-KY,55,13,42,國泰-台南,2023-06-02,8884
6169,昱泉,43,6,37,國泰-台南,2023-06-02,8884
00903,富邦元宇宙,38,1,37,國泰-台南,2023-06-02,8884
00885,富邦越南,39,3,36,國泰-台南,2023-06-02,8884
2425,承啟,65,29,36,國泰-台南,2023-06-02,8884
6695,芯鼎,35,0,35,國泰-台南,2023-06-02,8884
6190,萬泰科,36,6,30,國泰-台南,2023-06-02,8884
1313,聯成,22,0,22,國泰-台南,2023-06-02,8884
4979,華星光,104,83,21,國泰-台南,2023-06-02,8884
9902,台火,20,0,20,國泰-台南,2023-06-02,8884
2887,台新金,28,9,19,國泰-台南,2023-06-02,8884
3005,神基,32,13,19,國泰-台南,2023-06-02,8884
00857B,永豐20年美公債,40,21,19,國泰-台南,2023-06-02,8884
4533,協易機,21,2,19,國泰-台南,2023-06-02,8884
2482,連宇,25,7,18,國泰-台南,2023-06-02,8884
1721,三晃,20,2,18,國泰-台南,2023-06-02,8884
2887E,台新戊特,18,0,18,國泰-台南,2023-06-02,8884
5484,慧友,18,0,18,國泰-台南,2023-06-02,8884
3305,昇貿,45,27,18,國泰-台南,2023-06-02,8884
2312,金寶,19,1,18,國泰-台南,2023-06-02,8884
2882,國泰金,38,20,18,國泰-台南,2023-06-02,8884
2891,中信金,19,2,17,國泰-台南,2023-06-02,8884
2002,中鋼,25,8,17,國泰-台南,2023-06-02,8884
1584,精剛,25,8,17,國泰-台南,2023-06-02,8884
00641R,富邦日本反1,16,0,16,國泰-台南,2023-06-02,8884
2486,一詮,32,16,16,國泰-台南,2023-06-02,8884
4915,致伸,18,2,16,國泰-台南,2023-06-02,8884
3712,永崴投控,17,1,16,國泰-台南,2023-06-02,8884
00632R,元大台灣50反1,97,82,15,國泰-台南,2023-06-02,8884
1513,中興電,143,128,15,國泰-台南,2023-06-02,8884
00725B,國泰投資級公司債,15,0,15,國泰-台南,2023-06-02,8884
4953,緯軟,18,3,15,國泰-台南,2023-06-02,8884
3163,波若威,22,7,15,國泰-台南,2023-06-02,8884
3013,晟銘電,89,75,14,國泰-台南,2023-06-02,8884
3583,辛耘,279,6,273,國泰-台南,2023-06-05,8884
2801,彰銀,254,15,239,國泰-台南,2023-06-05,8884
2352,佳世達,206,52,154,國泰-台南,2023-06-05,8884
00679B,元大美債20年,146,2,144,國泰-台南,2023-06-05,8884
6026,福邦證,121,7,114,國泰-台南,2023-06-05,8884
00673R,期元大S＆P原油反1,111,0,111,國泰-台南,2023-06-05,8884
1460,宏遠,126,21,105,國泰-台南,2023-06-05,8884
2323,中環,229,131,98,國泰-台南,2023-06-05,8884
00687B,國泰20年美債,101,4,97,國泰-台南,2023-06-05,8884
00919,群益台灣精選高息,91,5,86,國泰-台南,2023-06-05,8884
1514,亞力,214,129,85,國泰-台南,2023-06-05,8884
00882,中信中國高股息,93,18,75,國泰-台南,2023-06-05,8884
6282,康舒,206,131,75,國泰-台南,2023-06-05,8884
00878,國泰永續高股息,181,107,74,國泰-台南,2023-06-05,8884
00720B,元大投資級公司債,79,7,72,國泰-台南,2023-06-05,8884
00751B,元大AAA至A公司債,65,1,64,國泰-台南,2023-06-05,8884
00688L,國泰20年美債正2,59,0,59,國泰-台南,2023-06-05,8884
6218,豪勉,70,15,55,國泰-台南,2023-06-05,8884
3231,緯創,303,248,55,國泰-台南,2023-06-05,8884
2881,富邦金,80,27,53,國泰-台南,2023-06-05,8884
2618,長榮航,161,108,53,國泰-台南,2023-06-05,8884
2313,華通,52,0,52,國泰-台南,2023-06-05,8884
00713,元大台灣高息低波,55,7,48,國泰-台南,2023-06-05,8884
2206,三陽工業,72,24,48,國泰-台南,2023-06-05,8884
2353,宏��,110,65,45,國泰-台南,2023-06-05,8884
00712,復華富時不動產,76,35,41,國泰-台南,2023-06-05,8884
1529,樂事綠能,74,34,40,國泰-台南,2023-06-05,8884
1519,華城,102,66,36,國泰-台南,2023-06-05,8884
00795B,中信美國公債20年,39,4,35,國泰-台南,2023-06-05,8884
2337,旺宏,36,3,33,國泰-台南,2023-06-05,8884
4906,正文,45,14,31,國泰-台南,2023-06-05,8884
00680L,元大美債20正2,35,5,30,國泰-台南,2023-06-05,8884
6125,廣運,71,41,30,國泰-台南,2023-06-05,8884
2358,廷鑫,35,6,29,國泰-台南,2023-06-05,8884
3704,合勤控,43,15,28,國泰-台南,2023-06-05,8884
6160,欣技,42,15,27,國泰-台南,2023-06-05,8884
00772B,中信高評級公司債,29,2,27,國泰-台南,2023-06-05,8884
9939,宏全,25,1,24,國泰-台南,2023-06-05,8884
2201,裕隆,35,12,23,國泰-台南,2023-06-05,8884
6015,宏遠證,25,2,23,國泰-台南,2023-06-05,8884
0056,元大高股息,65,42,23,國泰-台南,2023-06-05,8884
5469,瀚宇博,27,5,22,國泰-台南,2023-06-05,8884
2915,潤泰全,26,4,22,國泰-台南,2023-06-05,8884
2409,友達,101,81,20,國泰-台南,2023-06-05,8884
2449,京元電子,22,4,18,國泰-台南,2023-06-05,8884
00885,富邦越南,20,5,15,國泰-台南,2023-06-05,8884
6214,精誠,30,15,15,國泰-台南,2023-06-05,8884
2486,一詮,136,122,14,國泰-台南,2023-06-05,8884
6548,長科*,16,2,14,國泰-台南,2023-06-05,8884
2349,錸德,14,0,14,國泰-台南,2023-06-05,8884
2867,三商壽,230,4,226,國泰-台南,2023-06-06,8884
2888,新光金,197,79,118,國泰-台南,2023-06-06,8884
6125,廣運,272,160,112,國泰-台南,2023-06-06,8884
1609,大亞,616,506,110,國泰-台南,2023-06-06,8884
00715L,期街口布蘭特正2,185,81,104,國泰-台南,2023-06-06,8884
1905,華紙,259,157,102,國泰-台南,2023-06-06,8884
2352,佳世達,106,5,101,國泰-台南,2023-06-06,8884
00679B,元大美債20年,116,15,101,國泰-台南,2023-06-06,8884
4121,優盛,78,1,77,國泰-台南,2023-06-06,8884
00720B,元大投資級公司債,77,2,75,國泰-台南,2023-06-06,8884
2402,毅嘉,178,108,70,國泰-台南,2023-06-06,8884
00712,復華富時不動產,101,37,64,國泰-台南,2023-06-06,8884
2427,三商電,88,24,64,國泰-台南,2023-06-06,8884
00751B,元大AAA至A公司債,53,1,52,國泰-台南,2023-06-06,8884
6116,彩晶,100,52,48,國泰-台南,2023-06-06,8884
2801,彰銀,55,10,45,國泰-台南,2023-06-06,8884
1528,恩德,42,2,40,國泰-台南,2023-06-06,8884
00671R,富邦NASDAQ反1,40,0,40,國泰-台南,2023-06-06,8884
1514,亞力,105,67,38,國泰-台南,2023-06-06,8884
3346,麗清,41,3,38,國泰-台南,2023-06-06,8884
00632R,元大台灣50反1,35,1,34,國泰-台南,2023-06-06,8884
6592,和潤企業,30,0,30,國泰-台南,2023-06-06,8884
00927,群益半導體收益,27,0,27,國泰-台南,2023-06-06,8884
2913,農林,28,2,26,國泰-台南,2023-06-06,8884
00919,群益台灣精選高息,35,10,25,國泰-台南,2023-06-06,8884
2457,飛宏,81,55,26,國泰-台南,2023-06-06,8884
3630,新鉅科,27,2,25,國泰-台南,2023-06-06,8884
3564,其陽,25,0,25,國泰-台南,2023-06-06,8884
00795B,中信美國公債20年,24,1,23,國泰-台南,2023-06-06,8884
3272,東碩,24,1,23,國泰-台南,2023-06-06,8884
9945,潤泰新,39,17,22,國泰-台南,2023-06-06,8884
2515,中工,30,10,20,國泰-台南,2023-06-06,8884
4931,新盛力,50,31,19,國泰-台南,2023-06-06,8884
2337,旺宏,23,4,19,國泰-台南,2023-06-06,8884
6282,康舒,197,178,19,國泰-台南,2023-06-06,8884
1513,中興電,27,8,19,國泰-台南,2023-06-06,8884
4123,晟德,27,9,18,國泰-台南,2023-06-06,8884
2634,漢翔,23,6,17,國泰-台南,2023-06-06,8884
3362,先進光,24,7,17,國泰-台南,2023-06-06,8884
5371,中光電,19,2,17,國泰-台南,2023-06-06,8884
1314,中石化,16,0,16,國泰-台南,2023-06-06,8884
3013,晟銘電,83,67,16,國泰-台南,2023-06-06,8884
2891,中信金,19,4,15,國泰-台南,2023-06-06,8884
3706,神達,21,6,15,國泰-台南,2023-06-06,8884
2471,資通,17,2,15,國泰-台南,2023-06-06,8884
2399,映泰,25,10,15,國泰-台南,2023-06-06,8884
1522,堤維西,15,0,15,國泰-台南,2023-06-06,8884
8271,宇瞻,22,7,15,國泰-台南,2023-06-06,8884
4533,協易機,21,7,14,國泰-台南,2023-06-06,8884
1605,華新,30,16,14,國泰-台南,2023-06-06,8884
00637L,元大滬深300正2,284,47,237,國泰-台南,2023-06-07,8884
1710,東聯,202,3,199,國泰-台南,2023-06-07,8884
3673,TPK-KY,137,18,119,國泰-台南,2023-06-07,8884
00632R,元大台灣50反1,120,40,80,國泰-台南,2023-06-07,8884
00882,中信中國高股息,83,9,74,國泰-台南,2023-06-07,8884
00715L,期街口布蘭特正2,105,33,72,國泰-台南,2023-06-07,8884
2409,友達,74,5,69,國泰-台南,2023-06-07,8884
4763,材料-KY,82,14,68,國泰-台南,2023-06-07,8884
00919,群益台灣精選高息,76,9,67,國泰-台南,2023-06-07,8884
00927,群益半導體收益,64,0,64,國泰-台南,2023-06-07,8884
6282,康舒,138,80,58,國泰-台南,2023-06-07,8884
6125,廣運,215,157,58,國泰-台南,2023-06-07,8884
1605,華新,65,8,57,國泰-台南,2023-06-07,8884
00676R,富邦臺灣加權反1,54,0,54,國泰-台南,2023-06-07,8884
00679B,元大美債20年,57,4,53,國泰-台南,2023-06-07,8884
2515,中工,59,15,44,國泰-台南,2023-06-07,8884
00885,富邦越南,43,2,41,國泰-台南,2023-06-07,8884
2882,國泰金,48,10,38,國泰-台南,2023-06-07,8884
2610,華航,71,34,37,國泰-台南,2023-06-07,8884
5864,致和證,40,10,30,國泰-台南,2023-06-07,8884
00642U,期元大S＆P石油,37,10,27,國泰-台南,2023-06-07,8884
2486,一詮,47,21,26,國泰-台南,2023-06-07,8884
2834,臺企銀,36,11,25,國泰-台南,2023-06-07,8884
2701,萬企,26,2,24,國泰-台南,2023-06-07,8884
3338,泰碩,25,1,24,國泰-台南,2023-06-07,8884
5210,寶碩,24,0,24,國泰-台南,2023-06-07,8884
3058,立德,36,15,21,國泰-台南,2023-06-07,8884
8076,伍豐,41,20,21,國泰-台南,2023-06-07,8884
2014,中鴻,24,3,21,國泰-台南,2023-06-07,8884
2457,飛宏,81,61,20,國泰-台南,2023-06-07,8884
1616,億泰,20,0,20,國泰-台南,2023-06-07,8884
2801,彰銀,26,6,20,國泰-台南,2023-06-07,8884
8222,寶一,38,18,20,國泰-台南,2023-06-07,8884
2347,聯強,20,1,19,國泰-台南,2023-06-07,8884
3052,夆典,20,1,19,國泰-台南,2023-06-07,8884
3213,茂訊,20,1,19,國泰-台南,2023-06-07,8884
00645,富邦日本,18,0,18,國泰-台南,2023-06-07,8884
00655L,國泰中國A50正2,18,0,18,國泰-台南,2023-06-07,8884
3013,晟銘電,33,15,18,國泰-台南,2023-06-07,8884
00713,元大台灣高息低波,20,2,18,國泰-台南,2023-06-07,8884
3037,欣興,41,24,17,國泰-台南,2023-06-07,8884
3711,日月光投控,52,35,17,國泰-台南,2023-06-07,8884
1809,中釉,20,3,17,國泰-台南,2023-06-07,8884
6116,彩晶,25,9,16,國泰-台南,2023-06-07,8884
8105,凌巨,16,0,16,國泰-台南,2023-06-07,8884
2889,國票金,16,0,16,國泰-台南,2023-06-07,8884
2356,英業達,42,27,15,國泰-台南,2023-06-07,8884
4533,協易機,33,18,15,國泰-台南,2023-06-07,8884
00631L,元大台灣50正2,17,2,15,國泰-台南,2023-06-07,8884
2317,鴻海,20,5,15,國泰-台南,2023-06-07,8884
2867,三商壽,258,5,253,國泰-台南,2023-06-08,8884
00878,國泰永續高股息,314,81,233,國泰-台南,2023-06-08,8884
00679B,元大美債20年,231,2,229,國泰-台南,2023-06-08,8884
00919,群益台灣精選高息,253,35,218,國泰-台南,2023-06-08,8884
2882,國泰金,167,2,165,國泰-台南,2023-06-08,8884
00687B,國泰20年美債,133,0,133,國泰-台南,2023-06-08,8884
00751B,元大AAA至A公司債,135,10,125,國泰-台南,2023-06-08,8884
00673R,期元大S＆P原油反1,117,10,107,國泰-台南,2023-06-08,8884
00720B,元大投資級公司債,120,26,94,國泰-台南,2023-06-08,8884
00688L,國泰20年美債正2,93,0,93,國泰-台南,2023-06-08,8884
2607,榮運,80,2,78,國泰-台南,2023-06-08,8884
2344,華邦電,85,24,61,國泰-台南,2023-06-08,8884
00927,群益半導體收益,58,0,58,國泰-台南,2023-06-08,8884
2881,富邦金,58,4,54,國泰-台南,2023-06-08,8884
1609,大亞,520,466,54,國泰-台南,2023-06-08,8884
8234,新漢,104,52,52,國泰-台南,2023-06-08,8884
006208,富邦台50,55,3,52,國泰-台南,2023-06-08,8884
2610,華航,105,54,51,國泰-台南,2023-06-08,8884
4533,協易機,73,23,50,國泰-台南,2023-06-08,8884
2457,飛宏,56,10,46,國泰-台南,2023-06-08,8884
2427,三商電,73,27,46,國泰-台南,2023-06-08,8884
00680L,元大美債20正2,45,0,45,國泰-台南,2023-06-08,8884
2323,中環,160,115,45,國泰-台南,2023-06-08,8884
4930,燦星網,47,4,43,國泰-台南,2023-06-08,8884
2614,東森,40,0,40,國泰-台南,2023-06-08,8884
1605,華新,57,17,40,國泰-台南,2023-06-08,8884
2492,華新科,43,3,40,國泰-台南,2023-06-08,8884
2317,鴻海,45,6,39,國泰-台南,2023-06-08,8884
1524,耿鼎,158,120,38,國泰-台南,2023-06-08,8884
1618,合機,43,6,37,國泰-台南,2023-06-08,8884
3703,欣陸,36,0,36,國泰-台南,2023-06-08,8884
6116,彩晶,58,24,34,國泰-台南,2023-06-08,8884
6190,萬泰科,36,4,32,國泰-台南,2023-06-08,8884
6122,擎邦,31,1,30,國泰-台南,2023-06-08,8884
00725B,國泰投資級公司債,31,1,30,國泰-台南,2023-06-08,8884
3209,全科,29,0,29,國泰-台南,2023-06-08,8884
2371,大同,66,38,28,國泰-台南,2023-06-08,8884
00795B,中信美國公債20年,32,4,28,國泰-台南,2023-06-08,8884
2618,長榮航,89,63,26,國泰-台南,2023-06-08,8884
6282,康舒,86,60,26,國泰-台南,2023-06-08,8884
6285,啟��,52,27,25,國泰-台南,2023-06-08,8884
00885,富邦越南,55,31,24,國泰-台南,2023-06-08,8884
00773B,中信優先金融債,65,40,25,國泰-台南,2023-06-08,8884
6016,康和證,34,10,24,國泰-台南,2023-06-08,8884
6188,廣明,34,10,24,國泰-台南,2023-06-08,8884
2471,資通,24,1,23,國泰-台南,2023-06-08,8884
2017,官田鋼,31,9,22,國泰-台南,2023-06-08,8884
3027,盛達,47,26,21,國泰-台南,2023-06-08,8884
5211,蒙恬,21,0,21,國泰-台南,2023-06-08,8884
1514,亞力,35,14,21,國泰-台南,2023-06-08,8884
8938,明安,367,3,364,國泰-台南,2023-06-09,8884
00929,復華台灣科技優息,341,1,340,國泰-台南,2023-06-09,8884
00715L,期街口布蘭特正2,183,31,152,國泰-台南,2023-06-09,8884
3046,建��,301,169,132,國泰-台南,2023-06-09,8884
00632R,元大台灣50反1,135,4,131,國泰-台南,2023-06-09,8884
5515,建國,112,0,112,國泰-台南,2023-06-09,8884
2515,中工,120,20,100,國泰-台南,2023-06-09,8884
2888,新光金,195,103,92,國泰-台南,2023-06-09,8884
00683L,期元大美元指正2,88,0,88,國泰-台南,2023-06-09,8884
2634,漢翔,95,22,73,國泰-台南,2023-06-09,8884
4533,協易機,61,4,57,國泰-台南,2023-06-09,8884
00712,復華富時不動產,77,24,53,國泰-台南,2023-06-09,8884
2402,毅嘉,52,9,43,國泰-台南,2023-06-09,8884
2882,國泰金,44,1,43,國泰-台南,2023-06-09,8884
2409,友達,57,15,42,國泰-台南,2023-06-09,8884
2399,映泰,88,47,41,國泰-台南,2023-06-09,8884
1504,東元,58,19,39,國泰-台南,2023-06-09,8884
00642U,期元大S＆P石油,39,1,38,國泰-台南,2023-06-09,8884
00895,富邦未來車,64,27,37,國泰-台南,2023-06-09,8884
2705,六福,47,10,37,國泰-台南,2023-06-09,8884
2706,第一店,42,6,36,國泰-台南,2023-06-09,8884
2610,華航,119,85,34,國泰-台南,2023-06-09,8884
2486,一詮,43,10,33,國泰-台南,2023-06-09,8884
1605,華新,42,9,33,國泰-台南,2023-06-09,8884
6112,邁達特,35,4,31,國泰-台南,2023-06-09,8884
00919,群益台灣精選高息,43,13,30,國泰-台南,2023-06-09,8884
6266,泰詠,43,16,27,國泰-台南,2023-06-09,8884
3032,偉訓,63,37,26,國泰-台南,2023-06-09,8884
3015,全漢,27,1,26,國泰-台南,2023-06-09,8884
2017,官田鋼,25,0,25,國泰-台南,2023-06-09,8884
2731,雄獅,40,17,23,國泰-台南,2023-06-09,8884
9944,新麗,22,0,22,國泰-台南,2023-06-09,8884
3374,精材,67,46,21,國泰-台南,2023-06-09,8884
2630,亞航,117,99,18,國泰-台南,2023-06-09,8884
3025,星通,35,18,17,國泰-台南,2023-06-09,8884
1514,亞力,23,6,17,國泰-台南,2023-06-09,8884
1733,五鼎,17,0,17,國泰-台南,2023-06-09,8884
1460,宏遠,30,13,17,國泰-台南,2023-06-09,8884
3231,緯創,393,377,16,國泰-台南,2023-06-09,8884
6509,聚和,15,0,15,國泰-台南,2023-06-09,8884
2867,三商壽,17,2,15,國泰-台南,2023-06-09,8884
2880,華南金,18,4,14,國泰-台南,2023-06-09,8884
2352,佳世達,50,36,14,國泰-台南,2023-06-09,8884
2743,山富,38,24,14,國泰-台南,2023-06-09,8884
3499,環天科,15,1,14,國泰-台南,2023-06-09,8884
2331,精英,20,6,14,國泰-台南,2023-06-09,8884
2359,所羅門,25,12,13,國泰-台南,2023-06-09,8884
1447,力鵬,13,0,13,國泰-台南,2023-06-09,8884
3363,上詮,17,4,13,國泰-台南,2023-06-09,8884
3540,曜越,14,1,13,國泰-台南,2023-06-09,8884
00929,復華台灣科技優息,459,11,448,國泰-台南,2023-06-12,8884
00715L,期街口布蘭特正2,452,10,442,國泰-台南,2023-06-12,8884
3178,公準,200,2,198,國泰-台南,2023-06-12,8884
2888,新光金,534,339,195,國泰-台南,2023-06-12,8884
00632R,元大台灣50反1,174,0,174,國泰-台南,2023-06-12,8884
2891,中信金,167,3,164,國泰-台南,2023-06-12,8884
00712,復華富時不動產,177,35,142,國泰-台南,2023-06-12,8884
1609,大亞,189,52,137,國泰-台南,2023-06-12,8884
00919,群益台灣精選高息,142,9,133,國泰-台南,2023-06-12,8884
00893,國泰智能電動車,152,31,121,國泰-台南,2023-06-12,8884
1710,東聯,114,1,113,國泰-台南,2023-06-12,8884
00878,國泰永續高股息,206,121,85,國泰-台南,2023-06-12,8884
00720B,元大投資級公司債,86,15,71,國泰-台南,2023-06-12,8884
00642U,期元大S＆P石油,63,0,63,國泰-台南,2023-06-12,8884
3454,晶睿,69,7,62,國泰-台南,2023-06-12,8884
00664R,國泰臺灣加權反1,61,0,61,國泰-台南,2023-06-12,8884
4533,協易機,66,5,61,國泰-台南,2023-06-12,8884
6125,廣運,69,23,46,國泰-台南,2023-06-12,8884
3374,精材,91,45,46,國泰-台南,2023-06-12,8884
3231,緯創,195,149,46,國泰-台南,2023-06-12,8884
00713,元大台灣高息低波,54,9,45,國泰-台南,2023-06-12,8884
1802,台玻,45,2,43,國泰-台南,2023-06-12,8884
00751B,元大AAA至A公司債,50,10,40,國泰-台南,2023-06-12,8884
3498,陽程,39,3,36,國泰-台南,2023-06-12,8884
5410,國眾,38,3,35,國泰-台南,2023-06-12,8884
1101,台泥,49,16,33,國泰-台南,2023-06-12,8884
2399,映泰,61,30,31,國泰-台南,2023-06-12,8884
2353,宏��,38,8,30,國泰-台南,2023-06-12,8884
1310,台苯,30,0,30,國泰-台南,2023-06-12,8884
2528,皇普,30,0,30,國泰-台南,2023-06-12,8884
2501,國建,30,0,30,國泰-台南,2023-06-12,8884
6443,元晶,30,2,28,國泰-台南,2023-06-12,8884
5381,合正,30,2,28,國泰-台南,2023-06-12,8884
2402,毅嘉,33,7,26,國泰-台南,2023-06-12,8884
3059,華晶科,26,0,26,國泰-台南,2023-06-12,8884
00928,中信上櫃ESG30,26,0,26,國泰-台南,2023-06-12,8884
2017,官田鋼,25,0,25,國泰-台南,2023-06-12,8884
2382,廣達,77,52,25,國泰-台南,2023-06-12,8884
00795B,中信美國公債20年,24,0,24,國泰-台南,2023-06-12,8884
3027,盛達,41,18,23,國泰-台南,2023-06-12,8884
4979,華星光,70,48,22,國泰-台南,2023-06-12,8884
00857B,永豐20年美公債,22,0,22,國泰-台南,2023-06-12,8884
5426,振發,42,20,22,國泰-台南,2023-06-12,8884
4973,廣穎,22,0,22,國泰-台南,2023-06-12,8884
6167,久正,42,20,22,國泰-台南,2023-06-12,8884
2303,聯電,54,33,21,國泰-台南,2023-06-12,8884
2401,凌陽,22,1,21,國泰-台南,2023-06-12,8884
5515,建國,18,0,18,國泰-台南,2023-06-12,8884
8027,鈦昇,21,4,17,國泰-台南,2023-06-12,8884
1752,南光,21,5,16,國泰-台南,2023-06-12,8884
00715L,期街口布蘭特正2,542,43,499,國泰-台南,2023-06-13,8884
1524,耿鼎,318,24,294,國泰-台南,2023-06-13,8884
00632R,元大台灣50反1,316,37,279,國泰-台南,2023-06-13,8884
00642U,期元大S＆P石油,154,0,154,國泰-台南,2023-06-13,8884
8050,廣積,208,64,144,國泰-台南,2023-06-13,8884
00919,群益台灣精選高息,134,47,87,國泰-台南,2023-06-13,8884
1609,大亞,135,65,70,國泰-台南,2023-06-13,8884
00885,富邦越南,64,2,62,國泰-台南,2023-06-13,8884
2731,雄獅,67,10,57,國泰-台南,2023-06-13,8884
00664R,國泰臺灣加權反1,53,0,53,國泰-台南,2023-06-13,8884
00924,復華S＆P500成長,47,0,47,國泰-台南,2023-06-13,8884
2891,中信金,61,17,44,國泰-台南,2023-06-13,8884
00671R,富邦NASDAQ反1,43,0,43,國泰-台南,2023-06-13,8884
2890,永豐金,40,0,40,國泰-台南,2023-06-13,8884
3055,蔚華科,41,6,35,國泰-台南,2023-06-13,8884
00857B,永豐20年美公債,31,0,31,國泰-台南,2023-06-13,8884
9105,泰金寶-DR,31,0,31,國泰-台南,2023-06-13,8884
2017,官田鋼,34,4,30,國泰-台南,2023-06-13,8884
5515,建國,28,0,28,國泰-台南,2023-06-13,8884
2352,佳世達,49,24,25,國泰-台南,2023-06-13,8884
8087,麗升能源,24,0,24,國泰-台南,2023-06-13,8884
00631L,元大台灣50正2,25,2,23,國泰-台南,2023-06-13,8884
3374,精材,92,70,22,國泰-台南,2023-06-13,8884
6016,康和證,20,0,20,國泰-台南,2023-06-13,8884
2882,國泰金,26,6,20,國泰-台南,2023-06-13,8884
00850,元大臺灣ESG永續,21,2,19,國泰-台南,2023-06-13,8884
2449,京元電子,50,31,19,國泰-台南,2023-06-13,8884
2206,三陽工業,72,53,19,國泰-台南,2023-06-13,8884
00922,國泰台灣領袖50,46,27,19,國泰-台南,2023-06-13,8884
1815,富喬,20,1,19,國泰-台南,2023-06-13,8884
5425,台半,35,17,18,國泰-台南,2023-06-13,8884
3213,茂訊,18,0,18,國泰-台南,2023-06-13,8884
3576,聯合再生,18,1,17,國泰-台南,2023-06-13,8884
2634,漢翔,22,4,18,國泰-台南,2023-06-13,8884
00646,元大S＆P500,17,0,17,國泰-台南,2023-06-13,8884
2883,凱基金,22,5,17,國泰-台南,2023-06-13,8884
2402,毅嘉,21,5,16,國泰-台南,2023-06-13,8884
00712,復華富時不動產,118,102,16,國泰-台南,2023-06-13,8884
3163,波若威,44,29,15,國泰-台南,2023-06-13,8884
1785,光洋科,54,39,15,國泰-台南,2023-06-13,8884
6139,亞翔,16,2,14,國泰-台南,2023-06-13,8884
8076,伍豐,14,0,14,國泰-台南,2023-06-13,8884
1605,華新,19,5,14,國泰-台南,2023-06-13,8884
2006,東和鋼鐵,13,0,13,國泰-台南,2023-06-13,8884
4128,中天,13,0,13,國泰-台南,2023-06-13,8884
8027,鈦昇,14,1,13,國泰-台南,2023-06-13,8884
5706,鳳凰,32,19,13,國泰-台南,2023-06-13,8884
3033,威健,15,3,12,國泰-台南,2023-06-13,8884
6664,群翊,23,11,12,國泰-台南,2023-06-13,8884
00675L,富邦臺灣加權正2,13,1,12,國泰-台南,2023-06-13,8884
00712,復華富時不動產,261,87,174,國泰-台南,2023-06-14,8884
2356,英業達,355,241,114,國泰-台南,2023-06-14,8884
1524,耿鼎,475,367,108,國泰-台南,2023-06-14,8884
5706,鳳凰,134,37,97,國泰-台南,2023-06-14,8884
00919,群益台灣精選高息,144,53,91,國泰-台南,2023-06-14,8884
00687B,國泰20年美債,81,0,81,國泰-台南,2023-06-14,8884
1609,大亞,101,23,78,國泰-台南,2023-06-14,8884
00772B,中信高評級公司債,71,1,70,國泰-台南,2023-06-14,8884
4510,高鋒,82,21,61,國泰-台南,2023-06-14,8884
1522,堤維西,212,152,60,國泰-台南,2023-06-14,8884
2743,山富,89,31,58,國泰-台南,2023-06-14,8884
00680L,元大美債20正2,57,0,57,國泰-台南,2023-06-14,8884
00929,復華台灣科技優息,68,15,53,國泰-台南,2023-06-14,8884
00688L,國泰20年美債正2,51,0,51,國泰-台南,2023-06-14,8884
3652,精聯,71,21,50,國泰-台南,2023-06-14,8884
00885,富邦越南,52,2,50,國泰-台南,2023-06-14,8884
2324,仁寶,55,7,48,國泰-台南,2023-06-14,8884
8033,雷虎,50,3,47,國泰-台南,2023-06-14,8884
2405,輔信,53,10,43,國泰-台南,2023-06-14,8884
2453,凌群,78,35,43,國泰-台南,2023-06-14,8884
00679B,元大美債20年,52,10,42,國泰-台南,2023-06-14,8884
00673R,期元大S＆P原油反1,41,0,41,國泰-台南,2023-06-14,8884
006208,富邦台50,42,8,34,國泰-台南,2023-06-14,8884
2888,新光金,87,56,31,國泰-台南,2023-06-14,8884
3128,昇銳,39,8,31,國泰-台南,2023-06-14,8884
00773B,中信優先金融債,30,0,30,國泰-台南,2023-06-14,8884
4916,事欣科,32,2,30,國泰-台南,2023-06-14,8884
8271,宇瞻,31,2,29,國泰-台南,2023-06-14,8884
3037,欣興,38,9,29,國泰-台南,2023-06-14,8884
2382,廣達,48,20,28,國泰-台南,2023-06-14,8884
1905,華紙,38,10,28,國泰-台南,2023-06-14,8884
2891,中信金,29,3,26,國泰-台南,2023-06-14,8884
3312,弘憶股,25,0,25,國泰-台南,2023-06-14,8884
9105,泰金寶-DR,24,0,24,國泰-台南,2023-06-14,8884
2331,精英,31,8,23,國泰-台南,2023-06-14,8884
4564,元翎,43,20,23,國泰-台南,2023-06-14,8884
5340,建榮,25,2,23,國泰-台南,2023-06-14,8884
3693,營邦,29,6,23,國泰-台南,2023-06-14,8884
3252,海灣,36,14,22,國泰-台南,2023-06-14,8884
6125,廣運,70,49,21,國泰-台南,2023-06-14,8884
1903,士紙,23,2,21,國泰-台南,2023-06-14,8884
020022,元大電動車N,20,0,20,國泰-台南,2023-06-14,8884
2468,華經,54,34,20,國泰-台南,2023-06-14,8884
3287,廣寰科,20,0,20,國泰-台南,2023-06-14,8884
2363,矽統,22,2,20,國泰-台南,2023-06-14,8884
00795B,中信美國公債20年,19,1,18,國泰-台南,2023-06-14,8884
5488,松普,18,0,18,國泰-台南,2023-06-14,8884
00706L,期元大S＆P日圓正2,30,12,18,國泰-台南,2023-06-14,8884
4915,致伸,26,8,18,國泰-台南,2023-06-14,8884
1102,亞泥,17,0,17,國泰-台南,2023-06-14,8884
00715L,期街口布蘭特正2,370,57,313,國泰-台南,2023-06-15,8884
00919,群益台灣精選高息,213,20,193,國泰-台南,2023-06-15,8884
00712,復華富時不動產,192,31,161,國泰-台南,2023-06-15,8884
2618,長榮航,701,563,138,國泰-台南,2023-06-15,8884
1611,中電,159,51,108,國泰-台南,2023-06-15,8884
00706L,期元大S＆P日圓正2,99,0,99,國泰-台南,2023-06-15,8884
00751B,元大AAA至A公司債,88,2,86,國泰-台南,2023-06-15,8884
00720B,元大投資級公司債,78,8,70,國泰-台南,2023-06-15,8884
2882,國泰金,75,6,69,國泰-台南,2023-06-15,8884
8076,伍豐,113,45,68,國泰-台南,2023-06-15,8884
2356,英業達,316,252,64,國泰-台南,2023-06-15,8884
2883,凱基金,74,11,63,國泰-台南,2023-06-15,8884
8028,昇陽半導體,88,33,55,國泰-台南,2023-06-15,8884
00679B,元大美債20年,53,3,50,國泰-台南,2023-06-15,8884
6282,康舒,116,67,49,國泰-台南,2023-06-15,8884
2401,凌陽,141,97,44,國泰-台南,2023-06-15,8884
00713,元大台灣高息低波,81,37,44,國泰-台南,2023-06-15,8884
5864,致和證,41,0,41,國泰-台南,2023-06-15,8884
5007,三星,40,0,40,國泰-台南,2023-06-15,8884
00795B,中信美國公債20年,38,1,37,國泰-台南,2023-06-15,8884
2482,連宇,91,55,36,國泰-台南,2023-06-15,8884
3013,晟銘電,191,155,36,國泰-台南,2023-06-15,8884
1609,大亞,149,113,36,國泰-台南,2023-06-15,8884
3005,神基,48,14,34,國泰-台南,2023-06-15,8884
3706,神達,310,279,31,國泰-台南,2023-06-15,8884
6129,普誠,33,2,31,國泰-台南,2023-06-15,8884
00885,富邦越南,30,0,30,國泰-台南,2023-06-15,8884
2329,華泰,32,2,30,國泰-台南,2023-06-15,8884
00670L,富邦NASDAQ正2,30,0,30,國泰-台南,2023-06-15,8884
3231,緯創,350,320,30,國泰-台南,2023-06-15,8884
2880,華南金,29,0,29,國泰-台南,2023-06-15,8884
5425,台半,51,26,25,國泰-台南,2023-06-15,8884
2371,大同,65,41,24,國泰-台南,2023-06-15,8884
2332,友訊,27,4,23,國泰-台南,2023-06-15,8884
00640L,富邦日本正2,22,0,22,國泰-台南,2023-06-15,8884
2634,漢翔,66,44,22,國泰-台南,2023-06-15,8884
00687B,國泰20年美債,36,14,22,國泰-台南,2023-06-15,8884
1504,東元,31,10,21,國泰-台南,2023-06-15,8884
00882,中信中國高股息,44,24,20,國泰-台南,2023-06-15,8884
9950,萬國通,20,0,20,國泰-台南,2023-06-15,8884
00671R,富邦NASDAQ反1,20,0,20,國泰-台南,2023-06-15,8884
2891,中信金,20,1,19,國泰-台南,2023-06-15,8884
3162,精確,34,16,18,國泰-台南,2023-06-15,8884
1514,亞力,62,45,17,國泰-台南,2023-06-15,8884
2609,陽明,34,16,18,國泰-台南,2023-06-15,8884
00642U,期元大S＆P石油,19,2,17,國泰-台南,2023-06-15,8884
6271,同欣電,21,5,16,國泰-台南,2023-06-15,8884
8358,金居,19,3,16,國泰-台南,2023-06-15,8884
8046,南電,21,6,15,國泰-台南,2023-06-15,8884
3346,麗清,39,24,15,國泰-台南,2023-06-15,8884
00919,群益台灣精選高息,308,15,293,國泰-台南,2023-06-16,8884
2618,長榮航,537,274,263,國泰-台南,2023-06-16,8884
1609,大亞,502,263,239,國泰-台南,2023-06-16,8884
6223,旺矽,163,1,162,國泰-台南,2023-06-16,8884
2610,華航,1026,909,117,國泰-台南,2023-06-16,8884
5258,虹堡,167,62,105,國泰-台南,2023-06-16,8884
2890,永豐金,102,7,95,國泰-台南,2023-06-16,8884
2371,大同,196,110,86,國泰-台南,2023-06-16,8884
1528,恩德,72,0,72,國泰-台南,2023-06-16,8884
00673R,期元大S＆P原油反1,65,0,65,國泰-台南,2023-06-16,8884
2882,國泰金,67,6,61,國泰-台南,2023-06-16,8884
5515,建國,60,0,60,國泰-台南,2023-06-16,8884
5426,振發,117,61,56,國泰-台南,2023-06-16,8884
6550,北極星藥業-KY,48,6,42,國泰-台南,2023-06-16,8884
9919,康那香,47,6,41,國泰-台南,2023-06-16,8884
2880,華南金,41,1,40,國泰-台南,2023-06-16,8884
2468,華經,70,30,40,國泰-台南,2023-06-16,8884
00882,中信中國高股息,39,6,33,國泰-台南,2023-06-16,8884
2845,遠東銀,34,1,33,國泰-台南,2023-06-16,8884
1605,華新,109,76,33,國泰-台南,2023-06-16,8884
00885,富邦越南,50,19,31,國泰-台南,2023-06-16,8884
2888,新光金,78,48,30,國泰-台南,2023-06-16,8884
2385,群光,34,5,29,國泰-台南,2023-06-16,8884
00679B,元大美債20年,62,34,28,國泰-台南,2023-06-16,8884
2353,宏��,62,36,26,國泰-台南,2023-06-16,8884
2312,金寶,82,56,26,國泰-台南,2023-06-16,8884
1524,耿鼎,24,0,24,國泰-台南,2023-06-16,8884
8926,台汽電,29,6,23,國泰-台南,2023-06-16,8884
2812,台中銀,22,0,22,國泰-台南,2023-06-16,8884
4744,皇將,28,6,22,國泰-台南,2023-06-16,8884
6148,驊宏資,29,7,22,國泰-台南,2023-06-16,8884
3706,神達,231,209,22,國泰-台南,2023-06-16,8884
2731,雄獅,39,18,21,國泰-台南,2023-06-16,8884
6443,元晶,24,4,20,國泰-台南,2023-06-16,8884
00671R,富邦NASDAQ反1,20,0,20,國泰-台南,2023-06-16,8884
3498,陽程,23,3,20,國泰-台南,2023-06-16,8884
4526,東台,41,21,20,國泰-台南,2023-06-16,8884
2337,旺宏,37,18,19,國泰-台南,2023-06-16,8884
00713,元大台灣高息低波,47,28,19,國泰-台南,2023-06-16,8884
00929,復華台灣科技優息,44,25,19,國泰-台南,2023-06-16,8884
2332,友訊,21,3,18,國泰-台南,2023-06-16,8884
2340,台亞,17,0,17,國泰-台南,2023-06-16,8884
9907,統一實,23,7,16,國泰-台南,2023-06-16,8884
2891,中信金,21,5,16,國泰-台南,2023-06-16,8884
2601,益航,34,18,16,國泰-台南,2023-06-16,8884
6570,維田,15,0,15,國泰-台南,2023-06-16,8884
2401,凌陽,29,14,15,國泰-台南,2023-06-16,8884
3163,波若威,18,3,15,國泰-台南,2023-06-16,8884
1301,台塑,15,0,15,國泰-台南,2023-06-16,8884
2347,聯強,16,1,15,國泰-台南,2023-06-16,8884
2468,華經,658,275,383,國泰-台南,2023-06-19,8884
2323,中環,264,99,165,國泰-台南,2023-06-19,8884
3013,晟銘電,316,179,137,國泰-台南,2023-06-19,8884
6120,達運,143,24,119,國泰-台南,2023-06-19,8884
00673R,期元大S＆P原油反1,115,0,115,國泰-台南,2023-06-19,8884
5515,建國,90,0,90,國泰-台南,2023-06-19,8884
00712,復華富時不動產,275,187,88,國泰-台南,2023-06-19,8884
2353,宏��,77,8,69,國泰-台南,2023-06-19,8884
1710,東聯,54,1,53,國泰-台南,2023-06-19,8884
3231,緯創,178,128,50,國泰-台南,2023-06-19,8884
2014,中鴻,52,4,48,國泰-台南,2023-06-19,8884
00795B,中信美國公債20年,45,0,45,國泰-台南,2023-06-19,8884
1609,大亞,110,69,41,國泰-台南,2023-06-19,8884
00929,復華台灣科技優息,59,18,41,國泰-台南,2023-06-19,8884
6223,旺矽,41,0,41,國泰-台南,2023-06-19,8884
00919,群益台灣精選高息,81,41,40,國泰-台南,2023-06-19,8884
3706,神達,68,27,41,國泰-台南,2023-06-19,8884
00632R,元大台灣50反1,40,0,40,國泰-台南,2023-06-19,8884
1513,中興電,236,202,34,國泰-台南,2023-06-19,8884
00687B,國泰20年美債,34,1,33,國泰-台南,2023-06-19,8884
3693,營邦,67,34,33,國泰-台南,2023-06-19,8884
00882,中信中國高股息,66,34,32,國泰-台南,2023-06-19,8884
2610,華航,277,245,32,國泰-台南,2023-06-19,8884
6116,彩晶,291,260,31,國泰-台南,2023-06-19,8884
2705,六福,62,31,31,國泰-台南,2023-06-19,8884
2331,精英,30,0,30,國泰-台南,2023-06-19,8884
3363,上詮,34,5,29,國泰-台南,2023-06-19,8884
6217,中探針,32,4,28,國泰-台南,2023-06-19,8884
4572,駐龍,34,6,28,國泰-台南,2023-06-19,8884
00650L,復華香港正2,26,0,26,國泰-台南,2023-06-19,8884
9950,萬國通,26,0,26,國泰-台南,2023-06-19,8884
3071,協禧,69,43,26,國泰-台南,2023-06-19,8884
3252,海灣,43,17,26,國泰-台南,2023-06-19,8884
2887,台新金,30,5,25,國泰-台南,2023-06-19,8884
1301,台塑,22,0,22,國泰-台南,2023-06-19,8884
5706,鳳凰,45,23,22,國泰-台南,2023-06-19,8884
2882,國泰金,33,12,21,國泰-台南,2023-06-19,8884
6282,康舒,40,20,20,國泰-台南,2023-06-19,8884
6104,創惟,33,13,20,國泰-台南,2023-06-19,8884
4950,牧東,20,0,20,國泰-台南,2023-06-19,8884
1802,台玻,143,123,20,國泰-台南,2023-06-19,8884
6122,擎邦,35,16,19,國泰-台南,2023-06-19,8884
00637L,元大滬深300正2,44,26,18,國泰-台南,2023-06-19,8884
2324,仁寶,142,124,18,國泰-台南,2023-06-19,8884
1440,南紡,20,2,18,國泰-台南,2023-06-19,8884
6194,育富,23,5,18,國泰-台南,2023-06-19,8884
2402,毅嘉,26,9,17,國泰-台南,2023-06-19,8884
5356,協益,18,2,16,國泰-台南,2023-06-19,8884
1524,耿鼎,47,32,15,國泰-台南,2023-06-19,8884
3209,全科,14,0,14,國泰-台南,2023-06-19,8884
2618,長榮航,436,123,313,國泰-台南,2023-06-20,8884
2323,中環,451,240,211,國泰-台南,2023-06-20,8884
00712,復華富時不動產,198,6,192,國泰-台南,2023-06-20,8884
1471,首利,103,3,100,國泰-台南,2023-06-20,8884
3481,群創,236,136,100,國泰-台南,2023-06-20,8884
1528,恩德,118,32,86,國泰-台南,2023-06-20,8884
00795B,中信美國公債20年,89,3,86,國泰-台南,2023-06-20,8884
00673R,期元大S＆P原油反1,75,0,75,國泰-台南,2023-06-20,8884
2504,國產,62,3,59,國泰-台南,2023-06-20,8884
2701,萬企,55,3,52,國泰-台南,2023-06-20,8884
2634,漢翔,446,394,52,國泰-台南,2023-06-20,8884
1612,宏泰,73,24,49,國泰-台南,2023-06-20,8884
1810,和成,48,4,44,國泰-台南,2023-06-20,8884
4538,大詠城,45,1,44,國泰-台南,2023-06-20,8884
00882,中信中國高股息,46,3,43,國泰-台南,2023-06-20,8884
1103,嘉泥,61,19,42,國泰-台南,2023-06-20,8884
3706,神達,73,31,42,國泰-台南,2023-06-20,8884
8358,金居,92,54,38,國泰-台南,2023-06-20,8884
00687B,國泰20年美債,38,1,37,國泰-台南,2023-06-20,8884
2382,廣達,104,67,37,國泰-台南,2023-06-20,8884
2409,友達,90,56,34,國泰-台南,2023-06-20,8884
00921,兆豐龍頭等權重,30,0,30,國泰-台南,2023-06-20,8884
8222,寶一,86,57,29,國泰-台南,2023-06-20,8884
2454,聯發科,32,3,29,國泰-台南,2023-06-20,8884
1436,華友聯,26,0,26,國泰-台南,2023-06-20,8884
2421,建準,63,38,25,國泰-台南,2023-06-20,8884
4114,健喬,25,0,25,國泰-台南,2023-06-20,8884
4934,太極,31,6,25,國泰-台南,2023-06-20,8884
1909,榮成,25,0,25,國泰-台南,2023-06-20,8884
4916,事欣科,51,27,24,國泰-台南,2023-06-20,8884
00679B,元大美債20年,26,3,23,國泰-台南,2023-06-20,8884
2356,英業達,116,95,21,國泰-台南,2023-06-20,8884
2889,國票金,22,1,21,國泰-台南,2023-06-20,8884
00852L,國泰美國道瓊正2,20,0,20,國泰-台南,2023-06-20,8884
3287,廣寰科,21,1,20,國泰-台南,2023-06-20,8884
5484,慧友,20,0,20,國泰-台南,2023-06-20,8884
2206,三陽工業,47,29,18,國泰-台南,2023-06-20,8884
2427,三商電,67,49,18,國泰-台南,2023-06-20,8884
00631L,元大台灣50正2,17,0,17,國泰-台南,2023-06-20,8884
1464,得力,17,0,17,國泰-台南,2023-06-20,8884
1101,台泥,36,20,16,國泰-台南,2023-06-20,8884
2890,永豐金,16,0,16,國泰-台南,2023-06-20,8884
2337,旺宏,20,4,16,國泰-台南,2023-06-20,8884
2883,凱基金,22,5,17,國泰-台南,2023-06-20,8884
8105,凌巨,16,1,15,國泰-台南,2023-06-20,8884
00706L,期元大S＆P日圓正2,15,0,15,國泰-台南,2023-06-20,8884
1423,利華,15,0,15,國泰-台南,2023-06-20,8884
00929,復華台灣科技優息,22,8,14,國泰-台南,2023-06-20,8884
6290,良維,74,60,14,國泰-台南,2023-06-20,8884
00720B,元大投資級公司債,14,0,14,國泰-台南,2023-06-20,8884
00673R,期元大S＆P原油反1,131,5,126,國泰-台南,2023-06-21,8884
00679B,元大美債20年,183,63,120,國泰-台南,2023-06-21,8884
2323,中環,521,419,102,國泰-台南,2023-06-21,8884
00751B,元大AAA至A公司債,132,42,90,國泰-台南,2023-06-21,8884
6282,康舒,134,51,83,國泰-台南,2023-06-21,8884
1609,大亞,98,20,78,國泰-台南,2023-06-21,8884
00632R,元大台灣50反1,70,0,70,國泰-台南,2023-06-21,8884
2427,三商電,118,49,69,國泰-台南,2023-06-21,8884
00919,群益台灣精選高息,78,16,62,國泰-台南,2023-06-21,8884
1904,正隆,73,13,60,國泰-台南,2023-06-21,8884
00650L,復華香港正2,50,1,49,國泰-台南,2023-06-21,8884
1524,耿鼎,54,6,48,國泰-台南,2023-06-21,8884
3013,晟銘電,209,163,46,國泰-台南,2023-06-21,8884
00921,兆豐龍頭等權重,42,0,42,國泰-台南,2023-06-21,8884
9919,康那香,50,9,41,國泰-台南,2023-06-21,8884
00676R,富邦臺灣加權反1,40,0,40,國泰-台南,2023-06-21,8884
2356,英業達,158,119,39,國泰-台南,2023-06-21,8884
3325,旭品,58,21,37,國泰-台南,2023-06-21,8884
2603,長榮,51,19,32,國泰-台南,2023-06-21,8884
6120,達運,172,140,32,國泰-台南,2023-06-21,8884
00895,富邦未來車,34,3,31,國泰-台南,2023-06-21,8884
6217,中探針,46,17,29,國泰-台南,2023-06-21,8884
8466,美吉吉-KY,29,1,28,國泰-台南,2023-06-21,8884
2327,國巨,25,0,25,國泰-台南,2023-06-21,8884
2324,仁寶,74,49,25,國泰-台南,2023-06-21,8884
6125,廣運,63,38,25,國泰-台南,2023-06-21,8884
3380,明泰,26,2,24,國泰-台南,2023-06-21,8884
2614,東森,24,0,24,國泰-台南,2023-06-21,8884
3665,貿聯-KY,52,29,23,國泰-台南,2023-06-21,8884
5425,台半,50,29,21,國泰-台南,2023-06-21,8884
2702,華園,60,38,22,國泰-台南,2023-06-21,8884
1721,三晃,22,1,21,國泰-台南,2023-06-21,8884
6276,安鈦克,21,0,21,國泰-台南,2023-06-21,8884
2609,陽明,42,21,21,國泰-台南,2023-06-21,8884
2419,仲琦,20,0,20,國泰-台南,2023-06-21,8884
5484,慧友,20,0,20,國泰-台南,2023-06-21,8884
2352,佳世達,28,10,18,國泰-台南,2023-06-21,8884
2537,聯上發,17,0,17,國泰-台南,2023-06-21,8884
6111,大宇資,35,18,17,國泰-台南,2023-06-21,8884
6695,芯鼎,32,15,17,國泰-台南,2023-06-21,8884
5426,振發,38,22,16,國泰-台南,2023-06-21,8884
3413,京鼎,16,0,16,國泰-台南,2023-06-21,8884
3564,其陽,16,1,15,國泰-台南,2023-06-21,8884
2312,金寶,37,22,15,國泰-台南,2023-06-21,8884
3056,富華新,17,3,14,國泰-台南,2023-06-21,8884
4190,佐登-KY,15,1,14,國泰-台南,2023-06-21,8884
5515,建國,14,0,14,國泰-台南,2023-06-21,8884
1337,再生-KY,20,7,13,國泰-台南,2023-06-21,8884
8105,凌巨,30,17,13,國泰-台南,2023-06-21,8884
4746,台耀,13,0,13,國泰-台南,2023-06-21,8884
00715L,期街口布蘭特正2,454,10,444,國泰-台南,2023-06-26,8884
6125,廣運,490,260,230,國泰-台南,2023-06-26,8884
1471,首利,148,2,146,國泰-台南,2023-06-26,8884
5478,智冠,122,10,112,國泰-台南,2023-06-26,8884
4916,事欣科,123,18,105,國泰-台南,2023-06-26,8884
2495,普安,104,2,102,國泰-台南,2023-06-26,8884
2317,鴻海,163,88,75,國泰-台南,2023-06-26,8884
00650L,復華香港正2,72,0,72,國泰-台南,2023-06-26,8884
8034,榮群,70,5,65,國泰-台南,2023-06-26,8884
6282,康舒,70,7,63,國泰-台南,2023-06-26,8884
5515,建國,63,0,63,國泰-台南,2023-06-26,8884
2409,友達,136,87,49,國泰-台南,2023-06-26,8884
3481,群創,189,142,47,國泰-台南,2023-06-26,8884
1605,華新,50,4,46,國泰-台南,2023-06-26,8884
2845,遠東銀,47,4,43,國泰-台南,2023-06-26,8884
2303,聯電,58,17,41,國泰-台南,2023-06-26,8884
4543,萬在,132,92,40,國泰-台南,2023-06-26,8884
6244,茂迪,41,1,40,國泰-台南,2023-06-26,8884
6116,彩晶,40,0,40,國泰-台南,2023-06-26,8884
00900,富邦特選高股息30,42,2,40,國泰-台南,2023-06-26,8884
00929,復華台灣科技優息,51,12,39,國泰-台南,2023-06-26,8884
3325,旭品,43,5,38,國泰-台南,2023-06-26,8884
2883,凱基金,55,18,37,國泰-台南,2023-06-26,8884
00637L,元大滬深300正2,40,3,37,國泰-台南,2023-06-26,8884
00882,中信中國高股息,52,21,31,國泰-台南,2023-06-26,8884
00902,中信電池及儲能,34,3,31,國泰-台南,2023-06-26,8884
2382,廣達,67,36,31,國泰-台南,2023-06-26,8884
2891,中信金,30,1,29,國泰-台南,2023-06-26,8884
4538,大詠城,29,0,29,國泰-台南,2023-06-26,8884
6217,中探針,59,30,29,國泰-台南,2023-06-26,8884
2405,輔信,30,2,28,國泰-台南,2023-06-26,8884
00665L,富邦�琤肭磪囓�2,31,3,28,國泰-台南,2023-06-26,8884
2634,漢翔,117,89,28,國泰-台南,2023-06-26,8884
6148,驊宏資,44,17,27,國泰-台南,2023-06-26,8884
00706L,期元大S＆P日圓正2,27,0,27,國泰-台南,2023-06-26,8884
00720B,元大投資級公司債,29,3,26,國泰-台南,2023-06-26,8884
3032,偉訓,49,24,25,國泰-台南,2023-06-26,8884
1528,恩德,26,1,25,國泰-台南,2023-06-26,8884
00712,復華富時不動產,127,102,25,國泰-台南,2023-06-26,8884
1802,台玻,43,21,22,國泰-台南,2023-06-26,8884
3356,奇偶,39,17,22,國泰-台南,2023-06-26,8884
2371,大同,79,57,22,國泰-台南,2023-06-26,8884
00642U,期元大S＆P石油,21,0,21,國泰-台南,2023-06-26,8884
00687B,國泰20年美債,41,20,21,國泰-台南,2023-06-26,8884
3715,定穎投控,23,2,21,國泰-台南,2023-06-26,8884
4744,皇將,20,0,20,國泰-台南,2023-06-26,8884
6276,安鈦克,24,4,20,國泰-台南,2023-06-26,8884
2331,精英,25,5,20,國泰-台南,2023-06-26,8884
2882,國泰金,22,2,20,國泰-台南,2023-06-26,8884
1609,大亞,46,27,19,國泰-台南,2023-06-26,8884
2618,長榮航,473,130,343,國泰-台南,2023-06-27,8884
2344,華邦電,211,20,191,國泰-台南,2023-06-27,8884
5478,智冠,306,140,166,國泰-台南,2023-06-27,8884
2303,聯電,153,19,134,國泰-台南,2023-06-27,8884
00885,富邦越南,107,5,102,國泰-台南,2023-06-27,8884
2409,友達,99,6,93,國泰-台南,2023-06-27,8884
5515,建國,88,0,88,國泰-台南,2023-06-27,8884
1504,東元,96,12,84,國泰-台南,2023-06-27,8884
2067,嘉鋼,80,0,80,國泰-台南,2023-06-27,8884
00929,復華台灣科技優息,66,2,64,國泰-台南,2023-06-27,8884
2332,友訊,62,5,57,國泰-台南,2023-06-27,8884
1905,華紙,99,45,54,國泰-台南,2023-06-27,8884
1609,大亞,102,50,52,國泰-台南,2023-06-27,8884
00713,元大台灣高息低波,56,7,49,國泰-台南,2023-06-27,8884
1710,東聯,47,1,46,國泰-台南,2023-06-27,8884
3231,緯創,159,115,44,國泰-台南,2023-06-27,8884
1444,力麗,45,4,41,國泰-台南,2023-06-27,8884
0056,元大高股息,70,29,41,國泰-台南,2023-06-27,8884
6443,元晶,47,7,40,國泰-台南,2023-06-27,8884
2323,中環,558,518,40,國泰-台南,2023-06-27,8884
3481,群創,121,82,39,國泰-台南,2023-06-27,8884
2891,中信金,48,8,40,國泰-台南,2023-06-27,8884
2340,台亞,75,37,38,國泰-台南,2023-06-27,8884
00679B,元大美債20年,45,9,36,國泰-台南,2023-06-27,8884
00882,中信中國高股息,38,4,34,國泰-台南,2023-06-27,8884
00919,群益台灣精選高息,61,27,34,國泰-台南,2023-06-27,8884
6116,彩晶,34,1,33,國泰-台南,2023-06-27,8884
1605,華新,58,27,31,國泰-台南,2023-06-27,8884
3434,哲固,30,0,30,國泰-台南,2023-06-27,8884
8936,國統,63,35,28,國泰-台南,2023-06-27,8884
2353,宏��,50,22,28,國泰-台南,2023-06-27,8884
00687B,國泰20年美債,44,16,28,國泰-台南,2023-06-27,8884
4114,健喬,29,2,27,國泰-台南,2023-06-27,8884
4106,雃博,117,90,27,國泰-台南,2023-06-27,8884
3706,神達,106,79,27,國泰-台南,2023-06-27,8884
6188,廣明,67,41,26,國泰-台南,2023-06-27,8884
2317,鴻海,37,11,26,國泰-台南,2023-06-27,8884
1529,樂事綠能,47,22,25,國泰-台南,2023-06-27,8884
2328,廣宇,29,4,25,國泰-台南,2023-06-27,8884
4123,晟德,52,27,25,國泰-台南,2023-06-27,8884
00706L,期元大S＆P日圓正2,24,0,24,國泰-台南,2023-06-27,8884
1513,中興電,173,150,23,國泰-台南,2023-06-27,8884
2883,凱基金,34,11,23,國泰-台南,2023-06-27,8884
8403,盛弘,25,3,22,國泰-台南,2023-06-27,8884
3209,全科,22,0,22,國泰-台南,2023-06-27,8884
2457,飛宏,36,15,21,國泰-台南,2023-06-27,8884
4938,和碩,25,4,21,國泰-台南,2023-06-27,8884
2382,廣達,78,58,20,國泰-台南,2023-06-27,8884
2369,菱生,20,1,19,國泰-台南,2023-06-27,8884
2331,精英,33,14,19,國泰-台南,2023-06-27,8884
00715L,期街口布蘭特正2,776,7,769,國泰-台南,2023-06-28,8884
1609,大亞,174,9,165,國泰-台南,2023-06-28,8884
3029,零壹,160,1,159,國泰-台南,2023-06-28,8884
00642U,期元大S＆P石油,146,0,146,國泰-台南,2023-06-28,8884
1605,華新,166,41,125,國泰-台南,2023-06-28,8884
1785,光洋科,112,0,112,國泰-台南,2023-06-28,8884
5425,台半,93,11,82,國泰-台南,2023-06-28,8884
4157,太景*-KY,108,32,76,國泰-台南,2023-06-28,8884
1905,華紙,95,23,72,國泰-台南,2023-06-28,8884
00679B,元大美債20年,66,5,61,國泰-台南,2023-06-28,8884
3481,群創,187,144,43,國泰-台南,2023-06-28,8884
00878,國泰永續高股息,200,162,38,國泰-台南,2023-06-28,8884
2485,兆赫,55,18,37,國泰-台南,2023-06-28,8884
5388,中磊,53,16,37,國泰-台南,2023-06-28,8884
2412,中華電,39,2,37,國泰-台南,2023-06-28,8884
6470,宇智,53,20,33,國泰-台南,2023-06-28,8884
1513,中興電,56,25,31,國泰-台南,2023-06-28,8884
00919,群益台灣精選高息,50,19,31,國泰-台南,2023-06-28,8884
2882,國泰金,38,9,29,國泰-台南,2023-06-28,8884
3231,緯創,206,179,27,國泰-台南,2023-06-28,8884
2883,凱基金,33,6,27,國泰-台南,2023-06-28,8884
1101,台泥,66,41,25,國泰-台南,2023-06-28,8884
6285,啟��,83,58,25,國泰-台南,2023-06-28,8884
2801,彰銀,25,1,24,國泰-台南,2023-06-28,8884
00708L,期元大S＆P黃金正2,24,0,24,國泰-台南,2023-06-28,8884
2323,中環,71,49,22,國泰-台南,2023-06-28,8884
2014,中鴻,30,8,22,國泰-台南,2023-06-28,8884
00706L,期元大S＆P日圓正2,42,20,22,國泰-台南,2023-06-28,8884
1789,神隆,24,2,22,國泰-台南,2023-06-28,8884
1504,東元,29,7,22,國泰-台南,2023-06-28,8884
2534,宏盛,21,0,21,國泰-台南,2023-06-28,8884
2888,新光金,27,6,21,國泰-台南,2023-06-28,8884
6535,順藥,21,0,21,國泰-台南,2023-06-28,8884
2104,國際中橡,24,4,20,國泰-台南,2023-06-28,8884
1301,台塑,20,0,20,國泰-台南,2023-06-28,8884
5287,數字,19,0,19,國泰-台南,2023-06-28,8884
2022,聚亨,19,0,19,國泰-台南,2023-06-28,8884
3356,奇偶,69,51,18,國泰-台南,2023-06-28,8884
4746,台耀,95,77,18,國泰-台南,2023-06-28,8884
8942,森鉅,18,1,17,國泰-台南,2023-06-28,8884
2303,聯電,18,3,15,國泰-台南,2023-06-28,8884
0056,元大高股息,44,29,15,國泰-台南,2023-06-28,8884
00895,富邦未來車,17,3,14,國泰-台南,2023-06-28,8884
6188,廣明,47,33,14,國泰-台南,2023-06-28,8884
3596,智易,20,6,14,國泰-台南,2023-06-28,8884
1423,利華,14,0,14,國泰-台南,2023-06-28,8884
2645,長榮航太,16,2,14,國泰-台南,2023-06-28,8884
3380,明泰,52,40,12,國泰-台南,2023-06-28,8884
3665,貿聯-KY,12,1,11,國泰-台南,2023-06-28,8884
2337,旺宏,15,4,11,國泰-台南,2023-06-28,8884
2618,長榮航,254,85,169,國泰-台南,2023-06-29,8884
4414,如興,124,9,115,國泰-台南,2023-06-29,8884
4526,東台,181,70,111,國泰-台南,2023-06-29,8884
00673R,期元大S＆P原油反1,100,0,100,國泰-台南,2023-06-29,8884
3481,群創,110,11,99,國泰-台南,2023-06-29,8884
5426,振發,105,25,80,國泰-台南,2023-06-29,8884
00706L,期元大S＆P日圓正2,66,0,66,國泰-台南,2023-06-29,8884
2303,聯電,68,10,58,國泰-台南,2023-06-29,8884
2324,仁寶,73,16,57,國泰-台南,2023-06-29,8884
00882,中信中國高股息,57,4,53,國泰-台南,2023-06-29,8884
3013,晟銘電,66,24,42,國泰-台南,2023-06-29,8884
2419,仲琦,345,305,40,國泰-台南,2023-06-29,8884
2022,聚亨,41,2,39,國泰-台南,2023-06-29,8884
1533,車王電,45,8,37,國泰-台南,2023-06-29,8884
1605,華新,45,8,37,國泰-台南,2023-06-29,8884
1434,福懋,37,0,37,國泰-台南,2023-06-29,8884
00922,國泰台灣領袖50,40,4,36,國泰-台南,2023-06-29,8884
2412,中華電,37,1,36,國泰-台南,2023-06-29,8884
2888,新光金,56,20,36,國泰-台南,2023-06-29,8884
2891,中信金,53,20,33,國泰-台南,2023-06-29,8884
2010,春源,30,0,30,國泰-台南,2023-06-29,8884
4746,台耀,59,31,28,國泰-台南,2023-06-29,8884
00919,群益台灣精選高息,38,10,28,國泰-台南,2023-06-29,8884
00720B,元大投資級公司債,44,18,26,國泰-台南,2023-06-29,8884
2884,玉山金,28,3,25,國泰-台南,2023-06-29,8884
3005,神基,27,2,25,國泰-台南,2023-06-29,8884
2323,中環,100,76,24,國泰-台南,2023-06-29,8884
4912,聯德控股-KY,24,1,23,國泰-台南,2023-06-29,8884
2867,三商壽,28,6,22,國泰-台南,2023-06-29,8884
8210,勤誠,55,33,22,國泰-台南,2023-06-29,8884
00902,中信電池及儲能,26,5,21,國泰-台南,2023-06-29,8884
4967,十銓,55,36,19,國泰-台南,2023-06-29,8884
1303,南亞,20,1,19,國泰-台南,2023-06-29,8884
2317,鴻海,35,17,18,國泰-台南,2023-06-29,8884
00795B,中信美國公債20年,16,0,16,國泰-台南,2023-06-29,8884
4106,雃博,28,12,16,國泰-台南,2023-06-29,8884
2883,凱基金,22,6,16,國泰-台南,2023-06-29,8884
1815,富喬,14,0,14,國泰-台南,2023-06-29,8884
1785,光洋科,13,0,13,國泰-台南,2023-06-29,8884
3011,今皓,18,5,13,國泰-台南,2023-06-29,8884
00665L,富邦�琤肭磪囓�2,16,3,13,國泰-台南,2023-06-29,8884
3025,星通,68,55,13,國泰-台南,2023-06-29,8884
8111,立��,13,0,13,國泰-台南,2023-06-29,8884
2885,元大金,15,2,13,國泰-台南,2023-06-29,8884
4161,聿新科,17,4,13,國泰-台南,2023-06-29,8884
2609,陽明,42,30,12,國泰-台南,2023-06-29,8884
4129,聯合,13,1,12,國泰-台南,2023-06-29,8884
3205,佰研,27,15,12,國泰-台南,2023-06-29,8884
2365,昆盈,11,0,11,國泰-台南,2023-06-29,8884
00929,復華台灣科技優息,12,1,11,國泰-台南,2023-06-29,8884
2618,長榮航,346,95,251,國泰-台南,2023-06-30,8884
2603,長榮,342,91,251,國泰-台南,2023-06-30,8884
2344,華邦電,250,27,223,國泰-台南,2023-06-30,8884
5465,富驊,149,33,116,國泰-台南,2023-06-30,8884
00687B,國泰20年美債,118,17,101,國泰-台南,2023-06-30,8884
00679B,元大美債20年,85,0,85,國泰-台南,2023-06-30,8884
00720B,元大投資級公司債,82,12,70,國泰-台南,2023-06-30,8884
5864,致和證,70,0,70,國泰-台南,2023-06-30,8884
2610,華航,161,93,68,國泰-台南,2023-06-30,8884
2303,聯電,70,4,66,國泰-台南,2023-06-30,8884
00673R,期元大S＆P原油反1,64,0,64,國泰-台南,2023-06-30,8884
00639,富邦深100,60,0,60,國泰-台南,2023-06-30,8884
00643,群益深証中小,60,0,60,國泰-台南,2023-06-30,8884
3481,群創,113,56,57,國泰-台南,2023-06-30,8884
3034,聯詠,59,3,56,國泰-台南,2023-06-30,8884
2885,元大金,55,6,49,國泰-台南,2023-06-30,8884
1785,光洋科,52,3,49,國泰-台南,2023-06-30,8884
00751B,元大AAA至A公司債,48,0,48,國泰-台南,2023-06-30,8884
1605,華新,90,44,46,國泰-台南,2023-06-30,8884
2409,友達,57,13,44,國泰-台南,2023-06-30,8884
1444,力麗,45,1,44,國泰-台南,2023-06-30,8884
2883,凱基金,69,29,40,國泰-台南,2023-06-30,8884
2607,榮運,41,1,40,國泰-台南,2023-06-30,8884
00688L,國泰20年美債正2,38,0,38,國泰-台南,2023-06-30,8884
2609,陽明,154,117,37,國泰-台南,2023-06-30,8884
9105,泰金寶-DR,34,0,34,國泰-台南,2023-06-30,8884
0056,元大高股息,47,14,33,國泰-台南,2023-06-30,8884
6153,嘉聯益,53,23,30,國泰-台南,2023-06-30,8884
006206,元大上證50,30,0,30,國泰-台南,2023-06-30,8884
00680L,元大美債20正2,49,20,29,國泰-台南,2023-06-30,8884
2489,瑞軒,33,6,27,國泰-台南,2023-06-30,8884
2731,雄獅,24,0,24,國泰-台南,2023-06-30,8884
2634,漢翔,31,8,23,國泰-台南,2023-06-30,8884
2882,國泰金,24,1,23,國泰-台南,2023-06-30,8884
006208,富邦台50,23,1,22,國泰-台南,2023-06-30,8884
1905,華紙,45,24,21,國泰-台南,2023-06-30,8884
4744,皇將,30,9,21,國泰-台南,2023-06-30,8884
6276,安鈦克,56,35,21,國泰-台南,2023-06-30,8884
1301,台塑,21,0,21,國泰-台南,2023-06-30,8884
8048,德勝,34,14,20,國泰-台南,2023-06-30,8884
006205,富邦上証,20,0,20,國泰-台南,2023-06-30,8884
00772B,中信高評級公司債,25,6,19,國泰-台南,2023-06-30,8884
2312,金寶,19,0,19,國泰-台南,2023-06-30,8884
4952,凌通,21,3,18,國泰-台南,2023-06-30,8884
2340,台亞,24,7,17,國泰-台南,2023-06-30,8884
2317,鴻海,45,29,16,國泰-台南,2023-06-30,8884
3078,僑威,44,29,15,國泰-台南,2023-06-30,8884
1455,集盛,15,0,15,國泰-台南,2023-06-30,8884
2329,華泰,20,5,15,國泰-台南,2023-06-30,8884
6125,廣運,18,3,15,國泰-台南,2023-06-30,8884
1528,恩德,460,51,409,國泰-台南,2023-07-03,8884
2883,凱基金,256,14,242,國泰-台南,2023-07-03,8884
4414,如興,228,22,206,國泰-台南,2023-07-03,8884
00882,中信中國高股息,204,10,194,國泰-台南,2023-07-03,8884
00632R,元大台灣50反1,183,3,180,國泰-台南,2023-07-03,8884
1605,華新,172,54,118,國泰-台南,2023-07-03,8884
6142,友勁,104,4,100,國泰-台南,2023-07-03,8884
3231,緯創,276,177,99,國泰-台南,2023-07-03,8884
0056,元大高股息,167,69,98,國泰-台南,2023-07-03,8884
2356,英業達,174,97,77,國泰-台南,2023-07-03,8884
00715L,期街口布蘭特正2,113,40,73,國泰-台南,2023-07-03,8884
00764B,群益25年美債,70,0,70,國泰-台南,2023-07-03,8884
4960,誠美材,71,3,68,國泰-台南,2023-07-03,8884
2303,聯電,71,9,62,國泰-台南,2023-07-03,8884
2409,友達,63,6,57,國泰-台南,2023-07-03,8884
2485,兆赫,59,3,56,國泰-台南,2023-07-03,8884
2332,友訊,98,46,52,國泰-台南,2023-07-03,8884
8050,廣積,134,89,45,國泰-台南,2023-07-03,8884
00713,元大台灣高息低波,39,3,36,國泰-台南,2023-07-03,8884
1529,樂事綠能,39,4,35,國泰-台南,2023-07-03,8884
3013,晟銘電,36,2,34,國泰-台南,2023-07-03,8884
5347,世界,33,0,33,國泰-台南,2023-07-03,8884
8034,榮群,50,18,32,國泰-台南,2023-07-03,8884
1584,精剛,35,4,31,國泰-台南,2023-07-03,8884
1301,台塑,30,0,30,國泰-台南,2023-07-03,8884
2206,三陽工業,55,26,29,國泰-台南,2023-07-03,8884
1603,華電,31,2,29,國泰-台南,2023-07-03,8884
4532,瑞智,36,8,28,國泰-台南,2023-07-03,8884
2382,廣達,71,44,27,國泰-台南,2023-07-03,8884
3018,隆銘綠能,25,0,25,國泰-台南,2023-07-03,8884
00631L,元大台灣50正2,27,2,25,國泰-台南,2023-07-03,8884
2027,大成鋼,31,6,25,國泰-台南,2023-07-03,8884
00673R,期元大S＆P原油反1,35,10,25,國泰-台南,2023-07-03,8884
4906,正文,76,52,24,國泰-台南,2023-07-03,8884
2412,中華電,26,2,24,國泰-台南,2023-07-03,8884
2419,仲琦,47,24,23,國泰-台南,2023-07-03,8884
3413,京鼎,26,3,23,國泰-台南,2023-07-03,8884
5515,建國,23,0,23,國泰-台南,2023-07-03,8884
00652,富邦印度,21,0,21,國泰-台南,2023-07-03,8884
3308,聯德,23,3,20,國泰-台南,2023-07-03,8884
2014,中鴻,22,2,20,國泰-台南,2023-07-03,8884
3704,合勤控,61,42,19,國泰-台南,2023-07-03,8884
2376,技嘉,46,27,19,國泰-台南,2023-07-03,8884
5608,四維航,20,1,19,國泰-台南,2023-07-03,8884
6222,上揚,18,0,18,國泰-台南,2023-07-03,8884
2610,華航,63,45,18,國泰-台南,2023-07-03,8884
1795,美時,30,12,18,國泰-台南,2023-07-03,8884
4157,太景*-KY,67,51,16,國泰-台南,2023-07-03,8884
3596,智易,26,10,16,國泰-台南,2023-07-03,8884
2317,鴻海,97,81,16,國泰-台南,2023-07-03,8884
2834,臺企銀,202,21,181,國泰-台南,2023-07-04,8884
2609,陽明,239,79,160,國泰-台南,2023-07-04,8884
0056,元大高股息,235,124,111,國泰-台南,2023-07-04,8884
00929,復華台灣科技優息,126,22,104,國泰-台南,2023-07-04,8884
2882,國泰金,105,5,100,國泰-台南,2023-07-04,8884
2603,長榮,363,271,92,國泰-台南,2023-07-04,8884
1528,恩德,194,104,90,國泰-台南,2023-07-04,8884
2615,萬海,153,70,83,國泰-台南,2023-07-04,8884
6142,友勁,70,0,70,國泰-台南,2023-07-04,8884
1301,台塑,65,1,64,國泰-台南,2023-07-04,8884
2883,凱基金,154,92,62,國泰-台南,2023-07-04,8884
2409,友達,66,7,59,國泰-台南,2023-07-04,8884
1608,華榮,61,6,55,國泰-台南,2023-07-04,8884
00680L,元大美債20正2,56,2,54,國泰-台南,2023-07-04,8884
6223,旺矽,55,5,50,國泰-台南,2023-07-04,8884
2887,台新金,55,7,48,國泰-台南,2023-07-04,8884
1802,台玻,51,4,47,國泰-台南,2023-07-04,8884
00927,群益半導體收益,42,0,42,國泰-台南,2023-07-04,8884
2610,華航,97,57,40,國泰-台南,2023-07-04,8884
4543,萬在,85,45,40,國泰-台南,2023-07-04,8884
6806,森崴能源,70,30,40,國泰-台南,2023-07-04,8884
1533,車王電,41,3,38,國泰-台南,2023-07-04,8884
2731,雄獅,36,3,33,國泰-台南,2023-07-04,8884
6112,邁達特,34,2,32,國泰-台南,2023-07-04,8884
2419,仲琦,107,75,32,國泰-台南,2023-07-04,8884
2328,廣宇,30,0,30,國泰-台南,2023-07-04,8884
3583,辛耘,54,25,29,國泰-台南,2023-07-04,8884
4979,華星光,60,31,29,國泰-台南,2023-07-04,8884
2486,一詮,51,25,26,國泰-台南,2023-07-04,8884
2317,鴻海,117,91,26,國泰-台南,2023-07-04,8884
8050,廣積,67,42,25,國泰-台南,2023-07-04,8884
2421,建準,57,33,24,國泰-台南,2023-07-04,8884
4915,致伸,23,0,23,國泰-台南,2023-07-04,8884
00679B,元大美債20年,28,5,23,國泰-台南,2023-07-04,8884
00720B,元大投資級公司債,24,1,23,國泰-台南,2023-07-04,8884
2891,中信金,44,21,23,國泰-台南,2023-07-04,8884
4566,時碩工業,22,0,22,國泰-台南,2023-07-04,8884
2329,華泰,46,24,22,國泰-台南,2023-07-04,8884
1810,和成,21,0,21,國泰-台南,2023-07-04,8884
00640L,富邦日本正2,21,0,21,國泰-台南,2023-07-04,8884
1513,中興電,65,44,21,國泰-台南,2023-07-04,8884
2883B,凱基金乙特,20,0,20,國泰-台南,2023-07-04,8884
6125,廣運,24,4,20,國泰-台南,2023-07-04,8884
2010,春源,20,1,19,國泰-台南,2023-07-04,8884
3380,明泰,78,61,17,國泰-台南,2023-07-04,8884
3372,典範,18,1,17,國泰-台南,2023-07-04,8884
3374,精材,69,52,17,國泰-台南,2023-07-04,8884
2880,華南金,18,2,16,國泰-台南,2023-07-04,8884
4906,正文,68,52,16,國泰-台南,2023-07-04,8884
2371,大同,34,19,15,國泰-台南,2023-07-04,8884
00665L,富邦�琤肭磪囓�2,500,0,500,國泰-台南,2023-07-05,8884
2356,英業達,343,79,264,國泰-台南,2023-07-05,8884
00929,復華台灣科技優息,247,0,247,國泰-台南,2023-07-05,8884
4414,如興,215,30,185,國泰-台南,2023-07-05,8884
2609,陽明,430,283,147,國泰-台南,2023-07-05,8884
3231,緯創,256,117,139,國泰-台南,2023-07-05,8884
2618,長榮航,345,212,133,國泰-台南,2023-07-05,8884
6187,萬潤,136,5,131,國泰-台南,2023-07-05,8884
0056,元大高股息,135,27,108,國泰-台南,2023-07-05,8884
00882,中信中國高股息,283,177,106,國泰-台南,2023-07-05,8884
2317,鴻海,73,9,64,國泰-台南,2023-07-05,8884
1504,東元,68,8,60,國泰-台南,2023-07-05,8884
4979,華星光,82,28,54,國泰-台南,2023-07-05,8884
8234,新漢,54,2,52,國泰-台南,2023-07-05,8884
8048,德勝,69,17,52,國泰-台南,2023-07-05,8884
00643,群益深証中小,50,0,50,國泰-台南,2023-07-05,8884
3706,神達,66,18,48,國泰-台南,2023-07-05,8884
00639,富邦深100,40,0,40,國泰-台南,2023-07-05,8884
4207,環泰,40,0,40,國泰-台南,2023-07-05,8884
3078,僑威,71,36,35,國泰-台南,2023-07-05,8884
2883,凱基金,104,71,33,國泰-台南,2023-07-05,8884
2880,華南金,53,21,32,國泰-台南,2023-07-05,8884
2409,友達,40,9,31,國泰-台南,2023-07-05,8884
6136,富爾特,34,3,31,國泰-台南,2023-07-05,8884
3363,上詮,136,106,30,國泰-台南,2023-07-05,8884
3481,群創,38,10,28,國泰-台南,2023-07-05,8884
2324,仁寶,29,3,26,國泰-台南,2023-07-05,8884
4904,遠傳,28,3,25,國泰-台南,2023-07-05,8884
3703,欣陸,24,0,24,國泰-台南,2023-07-05,8884
2419,仲琦,49,25,24,國泰-台南,2023-07-05,8884
00720B,元大投資級公司債,30,6,24,國泰-台南,2023-07-05,8884
00679B,元大美債20年,27,3,24,國泰-台南,2023-07-05,8884
2610,華航,50,27,23,國泰-台南,2023-07-05,8884
3689,湧德,27,4,23,國泰-台南,2023-07-05,8884
2369,菱生,44,22,22,國泰-台南,2023-07-05,8884
6223,旺矽,29,7,22,國泰-台南,2023-07-05,8884
2230,泰茂,26,5,21,國泰-台南,2023-07-05,8884
6142,友勁,23,2,21,國泰-台南,2023-07-05,8884
1513,中興電,35,14,21,國泰-台南,2023-07-05,8884
00688L,國泰20年美債正2,20,0,20,國泰-台南,2023-07-05,8884
1216,統一,20,0,20,國泰-台南,2023-07-05,8884
3380,明泰,35,15,20,國泰-台南,2023-07-05,8884
00927,群益半導體收益,19,0,19,國泰-台南,2023-07-05,8884
6005,群益證,18,0,18,國泰-台南,2023-07-05,8884
00753L,中信中國50正2,18,0,18,國泰-台南,2023-07-05,8884
2889,國票金,18,1,17,國泰-台南,2023-07-05,8884
3025,星通,31,14,17,國泰-台南,2023-07-05,8884
5426,振發,27,10,17,國泰-台南,2023-07-05,8884
2887,台新金,20,4,16,國泰-台南,2023-07-05,8884
2303,聯電,17,1,16,國泰-台南,2023-07-05,8884
00673R,期元大S＆P原油反1,274,0,274,國泰-台南,2023-07-06,8884
00665L,富邦�琤肭磪囓�2,262,25,237,國泰-台南,2023-07-06,8884
2880,華南金,257,33,224,國泰-台南,2023-07-06,8884
00929,復華台灣科技優息,197,5,192,國泰-台南,2023-07-06,8884
2883,凱基金,166,15,151,國泰-台南,2023-07-06,8884
2801,彰銀,139,3,136,國泰-台南,2023-07-06,8884
2845,遠東銀,118,0,118,國泰-台南,2023-07-06,8884
00688L,國泰20年美債正2,117,0,117,國泰-台南,2023-07-06,8884
2618,長榮航,387,276,111,國泰-台南,2023-07-06,8884
3583,辛耘,123,12,111,國泰-台南,2023-07-06,8884
2356,英業達,195,85,110,國泰-台南,2023-07-06,8884
2317,鴻海,115,7,108,國泰-台南,2023-07-06,8884
2609,陽明,268,166,102,國泰-台南,2023-07-06,8884
0056,元大高股息,151,62,89,國泰-台南,2023-07-06,8884
00753L,中信中國50正2,88,0,88,國泰-台南,2023-07-06,8884
9933,中鼎,92,6,86,國泰-台南,2023-07-06,8884
2882,國泰金,96,12,84,國泰-台南,2023-07-06,8884
006208,富邦台50,86,10,76,國泰-台南,2023-07-06,8884
00720B,元大投資級公司債,80,5,75,國泰-台南,2023-07-06,8884
3071,協禧,79,14,65,國泰-台南,2023-07-06,8884
00878,國泰永續高股息,223,159,64,國泰-台南,2023-07-06,8884
2887,台新金,83,19,64,國泰-台南,2023-07-06,8884
2890,永豐金,69,5,64,國泰-台南,2023-07-06,8884
6282,康舒,194,133,61,國泰-台南,2023-07-06,8884
4744,皇將,101,49,52,國泰-台南,2023-07-06,8884
00679B,元大美債20年,68,17,51,國泰-台南,2023-07-06,8884
5009,榮剛,66,18,48,國泰-台南,2023-07-06,8884
2002,中鋼,63,16,47,國泰-台南,2023-07-06,8884
2891,中信金,48,3,45,國泰-台南,2023-07-06,8884
2392,正崴,52,8,44,國泰-台南,2023-07-06,8884
1101,台泥,64,20,44,國泰-台南,2023-07-06,8884
2610,華航,82,39,43,國泰-台南,2023-07-06,8884
00687B,國泰20年美債,51,8,43,國泰-台南,2023-07-06,8884
00706L,期元大S＆P日圓正2,49,8,41,國泰-台南,2023-07-06,8884
2634,漢翔,64,23,41,國泰-台南,2023-07-06,8884
1301,台塑,47,7,40,國泰-台南,2023-07-06,8884
2330,台積電,44,5,39,國泰-台南,2023-07-06,8884
8926,台汽電,43,5,38,國泰-台南,2023-07-06,8884
4979,華星光,97,59,38,國泰-台南,2023-07-06,8884
2885,元大金,38,0,38,國泰-台南,2023-07-06,8884
6142,友勁,39,2,37,國泰-台南,2023-07-06,8884
2014,中鴻,44,7,37,國泰-台南,2023-07-06,8884
1584,精剛,40,3,37,國泰-台南,2023-07-06,8884
00680L,元大美債20正2,45,10,35,國泰-台南,2023-07-06,8884
2486,一詮,49,14,35,國泰-台南,2023-07-06,8884
00713,元大台灣高息低波,42,7,35,國泰-台南,2023-07-06,8884
4533,協易機,40,6,34,國泰-台南,2023-07-06,8884
00772B,中信高評級公司債,42,8,34,國泰-台南,2023-07-06,8884
2892,第一金,35,2,33,國泰-台南,2023-07-06,8884
6285,啟��,49,19,30,國泰-台南,2023-07-06,8884
00929,復華台灣科技優息,339,13,326,國泰-台南,2023-07-07,8884
00673R,期元大S＆P原油反1,259,3,256,國泰-台南,2023-07-07,8884
00712,復華富時不動產,255,85,170,國泰-台南,2023-07-07,8884
00632R,元大台灣50反1,318,161,157,國泰-台南,2023-07-07,8884
6187,萬潤,183,34,149,國泰-台南,2023-07-07,8884
00679B,元大美債20年,163,27,136,國泰-台南,2023-07-07,8884
00680L,元大美債20正2,164,28,136,國泰-台南,2023-07-07,8884
00688L,國泰20年美債正2,122,0,122,國泰-台南,2023-07-07,8884
00751B,元大AAA至A公司債,115,1,114,國泰-台南,2023-07-07,8884
8271,宇瞻,103,5,98,國泰-台南,2023-07-07,8884
3713,新晶投控,99,3,96,國泰-台南,2023-07-07,8884
00687B,國泰20年美債,89,10,79,國泰-台南,2023-07-07,8884
0056,元大高股息,158,89,69,國泰-台南,2023-07-07,8884
00772B,中信高評級公司債,70,2,68,國泰-台南,2023-07-07,8884
2880,華南金,95,28,67,國泰-台南,2023-07-07,8884
3380,明泰,117,55,62,國泰-台南,2023-07-07,8884
00753L,中信中國50正2,61,0,61,國泰-台南,2023-07-07,8884
00720B,元大投資級公司債,89,32,57,國泰-台南,2023-07-07,8884
5439,高技,59,3,56,國泰-台南,2023-07-07,8884
2344,華邦電,93,39,54,國泰-台南,2023-07-07,8884
2887,台新金,76,27,49,國泰-台南,2023-07-07,8884
8222,寶一,57,11,46,國泰-台南,2023-07-07,8884
2801,彰銀,39,0,39,國泰-台南,2023-07-07,8884
2888,新光金,41,3,38,國泰-台南,2023-07-07,8884
2340,台亞,104,66,38,國泰-台南,2023-07-07,8884
1301,台塑,37,2,35,國泰-台南,2023-07-07,8884
4934,太極,162,127,35,國泰-台南,2023-07-07,8884
2881,富邦金,39,4,35,國泰-台南,2023-07-07,8884
00665L,富邦�琤肭磪囓�2,45,11,34,國泰-台南,2023-07-07,8884
6443,元晶,38,5,33,國泰-台南,2023-07-07,8884
2882,國泰金,35,3,32,國泰-台南,2023-07-07,8884
3576,聯合再生,33,0,33,國泰-台南,2023-07-07,8884
2884,玉山金,37,5,32,國泰-台南,2023-07-07,8884
00795B,中信美國公債20年,35,3,32,國泰-台南,2023-07-07,8884
1802,台玻,31,0,31,國泰-台南,2023-07-07,8884
6116,彩晶,41,10,31,國泰-台南,2023-07-07,8884
3305,昇貿,72,41,31,國泰-台南,2023-07-07,8884
5864,致和證,34,3,31,國泰-台南,2023-07-07,8884
3324,雙鴻,84,54,30,國泰-台南,2023-07-07,8884
9945,潤泰新,32,3,29,國泰-台南,2023-07-07,8884
3059,華晶科,31,3,28,國泰-台南,2023-07-07,8884
00878,國泰永續高股息,144,116,28,國泰-台南,2023-07-07,8884
2855,統一證,31,4,27,國泰-台南,2023-07-07,8884
00722B,群益投資級電信債,26,0,26,國泰-台南,2023-07-07,8884
8926,台汽電,86,60,26,國泰-台南,2023-07-07,8884
2453,凌群,25,0,25,國泰-台南,2023-07-07,8884
6288,聯嘉,28,5,23,國泰-台南,2023-07-07,8884
00882,中信中國高股息,44,21,23,國泰-台南,2023-07-07,8884
2415,錩新,44,22,22,國泰-台南,2023-07-07,8884
2303,聯電,33,11,22,國泰-台南,2023-07-07,8884
4532,瑞智,654,217,437,國泰-台南,2023-07-10,8884
00679B,元大美債20年,208,0,208,國泰-台南,2023-07-10,8884
00929,復華台灣科技優息,173,0,173,國泰-台南,2023-07-10,8884
00673R,期元大S＆P原油反1,154,0,154,國泰-台南,2023-07-10,8884
2609,陽明,209,89,120,國泰-台南,2023-07-10,8884
00688L,國泰20年美債正2,92,0,92,國泰-台南,2023-07-10,8884
00687B,國泰20年美債,99,8,91,國泰-台南,2023-07-10,8884
1618,合機,94,6,88,國泰-台南,2023-07-10,8884
00878,國泰永續高股息,129,54,75,國泰-台南,2023-07-10,8884
00665L,富邦�琤肭磪囓�2,80,14,66,國泰-台南,2023-07-10,8884
00882,中信中國高股息,61,0,61,國泰-台南,2023-07-10,8884
8071,能率網通,60,0,60,國泰-台南,2023-07-10,8884
6179,亞通,57,2,55,國泰-台南,2023-07-10,8884
9105,泰金寶-DR,55,0,55,國泰-台南,2023-07-10,8884
2634,漢翔,61,10,51,國泰-台南,2023-07-10,8884
6282,康舒,104,54,50,國泰-台南,2023-07-10,8884
2317,鴻海,50,1,49,國泰-台南,2023-07-10,8884
2888,新光金,61,14,47,國泰-台南,2023-07-10,8884
2610,華航,86,40,46,國泰-台南,2023-07-10,8884
1101,台泥,49,4,45,國泰-台南,2023-07-10,8884
5388,中磊,46,4,42,國泰-台南,2023-07-10,8884
00751B,元大AAA至A公司債,42,0,42,國泰-台南,2023-07-10,8884
00795B,中信美國公債20年,39,0,39,國泰-台南,2023-07-10,8884
2618,長榮航,72,33,39,國泰-台南,2023-07-10,8884
00772B,中信高評級公司債,40,4,36,國泰-台南,2023-07-10,8884
6470,宇智,36,1,35,國泰-台南,2023-07-10,8884
00720B,元大投資級公司債,45,11,34,國泰-台南,2023-07-10,8884
00908,富邦入息REITs+,33,0,33,國泰-台南,2023-07-10,8884
2329,華泰,43,12,31,國泰-台南,2023-07-10,8884
0056,元大高股息,83,52,31,國泰-台南,2023-07-10,8884
6248,沛波,30,0,30,國泰-台南,2023-07-10,8884
2303,聯電,31,2,29,國泰-台南,2023-07-10,8884
00919,群益台灣精選高息,47,21,26,國泰-台南,2023-07-10,8884
00782B,國泰A級公用債,26,0,26,國泰-台南,2023-07-10,8884
1584,精剛,29,3,26,國泰-台南,2023-07-10,8884
3034,聯詠,28,3,25,國泰-台南,2023-07-10,8884
8926,台汽電,69,45,24,國泰-台南,2023-07-10,8884
1535,中宇,24,0,24,國泰-台南,2023-07-10,8884
4908,前鼎,29,5,24,國泰-台南,2023-07-10,8884
2743,山富,41,18,23,國泰-台南,2023-07-10,8884
00857B,永豐20年美公債,22,0,22,國泰-台南,2023-07-10,8884
00764B,群益25年美債,22,0,22,國泰-台南,2023-07-10,8884
4414,如興,22,0,22,國泰-台南,2023-07-10,8884
2606,裕民,27,6,21,國泰-台南,2023-07-10,8884
4533,協易機,41,20,21,國泰-台南,2023-07-10,8884
1504,東元,50,29,21,國泰-台南,2023-07-10,8884
2457,飛宏,28,7,21,國泰-台南,2023-07-10,8884
00680L,元大美債20正2,31,10,21,國泰-台南,2023-07-10,8884
6153,嘉聯益,21,1,20,國泰-台南,2023-07-10,8884
2356,英業達,44,24,20,國泰-台南,2023-07-10,8884
00632R,元大台灣50反1,133,0,133,國泰-台南,2023-07-11,8884
00712,復華富時不動產,178,61,117,國泰-台南,2023-07-11,8884
1101,台泥,100,0,100,國泰-台南,2023-07-11,8884
00679B,元大美債20年,78,2,76,國泰-台南,2023-07-11,8884
00929,復華台灣科技優息,84,21,63,國泰-台南,2023-07-11,8884
2888A,新光金甲特,60,0,60,國泰-台南,2023-07-11,8884
00643,群益深証中小,60,0,60,國泰-台南,2023-07-11,8884
2743,山富,59,2,57,國泰-台南,2023-07-11,8884
3034,聯詠,60,3,57,國泰-台南,2023-07-11,8884
4564,元翎,74,18,56,國泰-台南,2023-07-11,8884
4532,瑞智,498,444,54,國泰-台南,2023-07-11,8884
00688L,國泰20年美債正2,52,0,52,國泰-台南,2023-07-11,8884
6120,達運,109,59,50,國泰-台南,2023-07-11,8884
00673R,期元大S＆P原油反1,48,0,48,國泰-台南,2023-07-11,8884
1604,聲寶,50,4,46,國泰-台南,2023-07-11,8884
2515,中工,47,4,43,國泰-台南,2023-07-11,8884
1785,光洋科,70,29,41,國泰-台南,2023-07-11,8884
1605,華新,39,1,38,國泰-台南,2023-07-11,8884
6282,康舒,64,29,35,國泰-台南,2023-07-11,8884
00882,中信中國高股息,36,3,33,國泰-台南,2023-07-11,8884
8222,寶一,46,14,32,國泰-台南,2023-07-11,8884
2402,毅嘉,48,16,32,國泰-台南,2023-07-11,8884
00857B,永豐20年美公債,30,0,30,國泰-台南,2023-07-11,8884
2340,台亞,146,116,30,國泰-台南,2023-07-11,8884
2457,飛宏,68,40,28,國泰-台南,2023-07-11,8884
2312,金寶,143,115,28,國泰-台南,2023-07-11,8884
1608,華榮,29,4,25,國泰-台南,2023-07-11,8884
4967,十銓,55,31,24,國泰-台南,2023-07-11,8884
4906,正文,34,10,24,國泰-台南,2023-07-11,8884
4533,協易機,25,2,23,國泰-台南,2023-07-11,8884
6443,元晶,24,1,23,國泰-台南,2023-07-11,8884
6288,聯嘉,24,3,21,國泰-台南,2023-07-11,8884
1522,堤維西,30,10,20,國泰-台南,2023-07-11,8884
2883,凱基金,26,7,19,國泰-台南,2023-07-11,8884
6235,華孚,54,35,19,國泰-台南,2023-07-11,8884
00687B,國泰20年美債,19,0,19,國泰-台南,2023-07-11,8884
8933,愛地雅,21,3,18,國泰-台南,2023-07-11,8884
3521,鴻翊,20,2,18,國泰-台南,2023-07-11,8884
6005,群益證,20,3,17,國泰-台南,2023-07-11,8884
3704,合勤控,43,27,16,國泰-台南,2023-07-11,8884
9904,寶成,16,0,16,國泰-台南,2023-07-11,8884
3052,夆典,18,3,15,國泰-台南,2023-07-11,8884
2103,台橡,15,0,15,國泰-台南,2023-07-11,8884
3018,隆銘綠能,16,2,14,國泰-台南,2023-07-11,8884
4934,太極,181,167,14,國泰-台南,2023-07-11,8884
1301,台塑,17,2,15,國泰-台南,2023-07-11,8884
1326,台化,15,1,14,國泰-台南,2023-07-11,8884
1809,中釉,21,7,14,國泰-台南,2023-07-11,8884
1218,泰山,14,0,14,國泰-台南,2023-07-11,8884
2701,萬企,14,0,14,國泰-台南,2023-07-11,8884
2610,華航,636,352,284,國泰-台南,2023-07-12,8884
8092,建暐,228,11,217,國泰-台南,2023-07-12,8884
00929,復華台灣科技優息,194,2,192,國泰-台南,2023-07-12,8884
00687B,國泰20年美債,150,16,134,國泰-台南,2023-07-12,8884
00927,群益半導體收益,106,3,103,國泰-台南,2023-07-12,8884
2356,英業達,444,342,102,國泰-台南,2023-07-12,8884
2317,鴻海,126,33,93,國泰-台南,2023-07-12,8884
00679B,元大美債20年,109,21,88,國泰-台南,2023-07-12,8884
2834,臺企銀,86,1,85,國泰-台南,2023-07-12,8884
3231,緯創,380,298,82,國泰-台南,2023-07-12,8884
2481,強茂,174,98,76,國泰-台南,2023-07-12,8884
6282,康舒,142,71,71,國泰-台南,2023-07-12,8884
2401,凌陽,76,8,68,國泰-台南,2023-07-12,8884
2303,聯電,85,17,68,國泰-台南,2023-07-12,8884
2883,凱基金,59,7,52,國泰-台南,2023-07-12,8884
00706L,期元大S＆P日圓正2,61,10,51,國泰-台南,2023-07-12,8884
2402,毅嘉,56,7,49,國泰-台南,2023-07-12,8884
00882,中信中國高股息,47,3,44,國泰-台南,2023-07-12,8884
2889,國票金,44,1,43,國泰-台南,2023-07-12,8884
1785,光洋科,42,2,40,國泰-台南,2023-07-12,8884
2888A,新光金甲特,40,0,40,國泰-台南,2023-07-12,8884
2399,映泰,65,33,32,國泰-台南,2023-07-12,8884
00673R,期元大S＆P原油反1,213,182,31,國泰-台南,2023-07-12,8884
8222,寶一,44,14,30,國泰-台南,2023-07-12,8884
5351,鈺創,33,3,30,國泰-台南,2023-07-12,8884
1314,中石化,30,3,27,國泰-台南,2023-07-12,8884
3322,建舜電,148,121,27,國泰-台南,2023-07-12,8884
2867,三商壽,27,0,27,國泰-台南,2023-07-12,8884
3011,今皓,29,2,27,國泰-台南,2023-07-12,8884
00720B,元大投資級公司債,26,0,26,國泰-台南,2023-07-12,8884
3189,景碩,25,0,25,國泰-台南,2023-07-12,8884
1101,台泥,26,2,24,國泰-台南,2023-07-12,8884
1303,南亞,23,0,23,國泰-台南,2023-07-12,8884
4414,如興,22,0,22,國泰-台南,2023-07-12,8884
6829,千附精密,21,0,21,國泰-台南,2023-07-12,8884
3025,星通,53,32,21,國泰-台南,2023-07-12,8884
3024,憶聲,21,0,21,國泰-台南,2023-07-12,8884
00905,FT臺灣Smart,23,2,21,國泰-台南,2023-07-12,8884
1440,南紡,18,0,18,國泰-台南,2023-07-12,8884
00715L,期街口布蘭特正2,52,35,17,國泰-台南,2023-07-12,8884
3704,合勤控,49,32,17,國泰-台南,2023-07-12,8884
2352,佳世達,27,10,17,國泰-台南,2023-07-12,8884
00773B,中信優先金融債,16,0,16,國泰-台南,2023-07-12,8884
6161,捷波,16,0,16,國泰-台南,2023-07-12,8884
3605,宏致,16,0,16,國泰-台南,2023-07-12,8884
6235,華孚,36,20,16,國泰-台南,2023-07-12,8884
6285,啟��,49,33,16,國泰-台南,2023-07-12,8884
2486,一詮,61,46,15,國泰-台南,2023-07-12,8884
1584,精剛,27,12,15,國泰-台南,2023-07-12,8884
6288,聯嘉,19,4,15,國泰-台南,2023-07-12,8884
00673R,期元大S＆P原油反1,260,48,212,國泰-台南,2023-07-13,8884
00929,復華台灣科技優息,213,38,175,國泰-台南,2023-07-13,8884
3231,緯創,757,615,142,國泰-台南,2023-07-13,8884
2618,長榮航,370,229,141,國泰-台南,2023-07-13,8884
2610,華航,273,135,138,國泰-台南,2023-07-13,8884
8131,福懋科,120,0,120,國泰-台南,2023-07-13,8884
00930,永豐ESG低碳高息,111,0,111,國泰-台南,2023-07-13,8884
1810,和成,114,24,90,國泰-台南,2023-07-13,8884
3711,日月光投控,112,28,84,國泰-台南,2023-07-13,8884
3287,廣寰科,70,7,63,國泰-台南,2023-07-13,8884
6245,立端,80,17,63,國泰-台南,2023-07-13,8884
2891,中信金,64,2,62,國泰-台南,2023-07-13,8884
1609,大亞,105,45,60,國泰-台南,2023-07-13,8884
6188,廣明,123,64,59,國泰-台南,2023-07-13,8884
00679B,元大美債20年,65,10,55,國泰-台南,2023-07-13,8884
4906,正文,61,8,53,國泰-台南,2023-07-13,8884
2331,精英,124,72,52,國泰-台南,2023-07-13,8884
1449,佳和,50,0,50,國泰-台南,2023-07-13,8884
00687B,國泰20年美債,47,2,45,國泰-台南,2023-07-13,8884
2352,佳世達,130,87,43,國泰-台南,2023-07-13,8884
00857B,永豐20年美公債,42,0,42,國泰-台南,2023-07-13,8884
1313,聯成,40,0,40,國泰-台南,2023-07-13,8884
2425,承啟,52,15,37,國泰-台南,2023-07-13,8884
2890,永豐金,51,15,36,國泰-台南,2023-07-13,8884
2882,國泰金,46,10,36,國泰-台南,2023-07-13,8884
9945,潤泰新,34,3,31,國泰-台南,2023-07-13,8884
6282,康舒,72,43,29,國泰-台南,2023-07-13,8884
00882,中信中國高股息,36,7,29,國泰-台南,2023-07-13,8884
1905,華紙,41,13,28,國泰-台南,2023-07-13,8884
3114,好德,27,0,27,國泰-台南,2023-07-13,8884
2405,輔信,27,0,27,國泰-台南,2023-07-13,8884
1513,中興電,46,22,24,國泰-台南,2023-07-13,8884
00782B,國泰A級公用債,23,0,23,國泰-台南,2023-07-13,8884
2501,國建,22,0,22,國泰-台南,2023-07-13,8884
2617,台航,22,1,21,國泰-台南,2023-07-13,8884
00722B,群益投資級電信債,25,4,21,國泰-台南,2023-07-13,8884
1605,華新,22,1,21,國泰-台南,2023-07-13,8884
5011,久陽,20,0,20,國泰-台南,2023-07-13,8884
4768,晶呈科技,21,1,20,國泰-台南,2023-07-13,8884
8996,高力,20,0,20,國泰-台南,2023-07-13,8884
3049,精金,20,0,20,國泰-台南,2023-07-13,8884
1467,南緯,20,0,20,國泰-台南,2023-07-13,8884
1326,台化,21,2,19,國泰-台南,2023-07-13,8884
00676R,富邦臺灣加權反1,30,11,19,國泰-台南,2023-07-13,8884
2609,陽明,72,53,19,國泰-台南,2023-07-13,8884
6443,元晶,23,5,18,國泰-台南,2023-07-13,8884
2614,東森,19,1,18,國泰-台南,2023-07-13,8884
00664R,國泰臺灣加權反1,18,0,18,國泰-台南,2023-07-13,8884
3706,神達,71,54,17,國泰-台南,2023-07-13,8884
6278,台表科,17,0,17,國泰-台南,2023-07-13,8884
00929,復華台灣科技優息,367,25,342,國泰-台南,2023-07-14,8884
2421,建準,346,63,283,國泰-台南,2023-07-14,8884
2610,華航,434,217,217,國泰-台南,2023-07-14,8884
2618,長榮航,562,407,155,國泰-台南,2023-07-14,8884
00712,復華富時不動產,279,132,147,國泰-台南,2023-07-14,8884
00673R,期元大S＆P原油反1,176,29,147,國泰-台南,2023-07-14,8884
3706,神達,180,50,130,國泰-台南,2023-07-14,8884
00683L,期元大美元指正2,105,4,101,國泰-台南,2023-07-14,8884
2412,中華電,102,3,99,國泰-台南,2023-07-14,8884
8087,麗升能源,88,0,88,國泰-台南,2023-07-14,8884
00882,中信中國高股息,84,1,83,國泰-台南,2023-07-14,8884
1714,和桐,82,0,82,國泰-台南,2023-07-14,8884
2352,佳世達,122,43,79,國泰-台南,2023-07-14,8884
00687B,國泰20年美債,82,5,77,國泰-台南,2023-07-14,8884
00679B,元大美債20年,71,6,65,國泰-台南,2023-07-14,8884
2382,廣達,217,152,65,國泰-台南,2023-07-14,8884
2329,華泰,121,68,53,國泰-台南,2023-07-14,8884
00720B,元大投資級公司債,50,1,49,國泰-台南,2023-07-14,8884
4714,永捷,48,3,45,國泰-台南,2023-07-14,8884
00632R,元大台灣50反1,302,260,42,國泰-台南,2023-07-14,8884
6235,華孚,110,69,41,國泰-台南,2023-07-14,8884
3362,先進光,59,18,41,國泰-台南,2023-07-14,8884
6443,元晶,41,2,39,國泰-台南,2023-07-14,8884
2609,陽明,73,36,37,國泰-台南,2023-07-14,8884
8234,新漢,33,0,33,國泰-台南,2023-07-14,8884
4414,如興,36,3,33,國泰-台南,2023-07-14,8884
3380,明泰,126,93,33,國泰-台南,2023-07-14,8884
3518,柏騰,28,0,28,國泰-台南,2023-07-14,8884
3163,波若威,46,18,28,國泰-台南,2023-07-14,8884
2634,漢翔,39,11,28,國泰-台南,2023-07-14,8884
8046,南電,31,5,26,國泰-台南,2023-07-14,8884
3032,偉訓,52,26,26,國泰-台南,2023-07-14,8884
3363,上詮,76,50,26,國泰-台南,2023-07-14,8884
2002,中鋼,29,4,25,國泰-台南,2023-07-14,8884
1609,大亞,72,47,25,國泰-台南,2023-07-14,8884
3704,合勤控,58,33,25,國泰-台南,2023-07-14,8884
2371,大同,57,32,25,國泰-台南,2023-07-14,8884
2301,光寶科,213,189,24,國泰-台南,2023-07-14,8884
1560,中砂,35,12,23,國泰-台南,2023-07-14,8884
00930,永豐ESG低碳高息,42,21,21,國泰-台南,2023-07-14,8884
2542,興富發,22,2,20,國泰-台南,2023-07-14,8884
6245,立端,31,12,19,國泰-台南,2023-07-14,8884
00675L,富邦臺灣加權正2,19,0,19,國泰-台南,2023-07-14,8884
4533,協易機,109,91,18,國泰-台南,2023-07-14,8884
3325,旭品,47,29,18,國泰-台南,2023-07-14,8884
3071,協禧,32,15,17,國泰-台南,2023-07-14,8884
2355,敬鵬,45,28,17,國泰-台南,2023-07-14,8884
2614,東森,18,1,17,國泰-台南,2023-07-14,8884
2369,菱生,16,0,16,國泰-台南,2023-07-14,8884
2228,劍麟,18,2,16,國泰-台南,2023-07-14,8884
00929,復華台灣科技優息,255,20,235,國泰-台南,2023-07-17,8884
00882,中信中國高股息,260,85,175,國泰-台南,2023-07-17,8884
6187,萬潤,145,25,120,國泰-台南,2023-07-17,8884
5007,三星,103,0,103,國泰-台南,2023-07-17,8884
2867,三商壽,94,3,91,國泰-台南,2023-07-17,8884
2402,毅嘉,119,42,77,國泰-台南,2023-07-17,8884
00665L,富邦�琤肭磪囓�2,73,0,73,國泰-台南,2023-07-17,8884
2401,凌陽,87,14,73,國泰-台南,2023-07-17,8884
2317,鴻海,78,17,61,國泰-台南,2023-07-17,8884
2610,華航,153,103,50,國泰-台南,2023-07-17,8884
1101,台泥,59,10,49,國泰-台南,2023-07-17,8884
2312,金寶,162,118,44,國泰-台南,2023-07-17,8884
3005,神基,93,52,41,國泰-台南,2023-07-17,8884
00655L,國泰中國A50正2,40,0,40,國泰-台南,2023-07-17,8884
00773B,中信優先金融債,40,0,40,國泰-台南,2023-07-17,8884
3380,明泰,97,58,39,國泰-台南,2023-07-17,8884
00782B,國泰A級公用債,38,0,38,國泰-台南,2023-07-17,8884
00687B,國泰20年美債,46,9,37,國泰-台南,2023-07-17,8884
00712,復華富時不動產,70,33,37,國泰-台南,2023-07-17,8884
6218,豪勉,51,14,37,國泰-台南,2023-07-17,8884
1714,和桐,36,0,36,國泰-台南,2023-07-17,8884
6550,北極星藥業-KY,40,4,36,國泰-台南,2023-07-17,8884
00725B,國泰投資級公司債,35,1,34,國泰-台南,2023-07-17,8884
2371,大同,104,70,34,國泰-台南,2023-07-17,8884
6442,光聖,37,4,33,國泰-台南,2023-07-17,8884
2356,英業達,246,213,33,國泰-台南,2023-07-17,8884
2359,所羅門,75,43,32,國泰-台南,2023-07-17,8884
6124,業強,36,4,32,國泰-台南,2023-07-17,8884
4938,和碩,78,47,31,國泰-台南,2023-07-17,8884
00772B,中信高評級公司債,42,11,31,國泰-台南,2023-07-17,8884
6235,華孚,39,8,31,國泰-台南,2023-07-17,8884
2382,廣達,65,36,29,國泰-台南,2023-07-17,8884
00753L,中信中國50正2,29,0,29,國泰-台南,2023-07-17,8884
2388,威盛,97,68,29,國泰-台南,2023-07-17,8884
8028,昇陽半導體,30,3,27,國泰-台南,2023-07-17,8884
8277,商丞,26,0,26,國泰-台南,2023-07-17,8884
00637L,元大滬深300正2,30,5,25,國泰-台南,2023-07-17,8884
2303,聯電,35,11,24,國泰-台南,2023-07-17,8884
2211,長榮鋼,26,2,24,國泰-台南,2023-07-17,8884
8476,台境*,24,0,24,國泰-台南,2023-07-17,8884
3051,力特,25,1,24,國泰-台南,2023-07-17,8884
4543,萬在,28,4,24,國泰-台南,2023-07-17,8884
6150,撼訊,30,7,23,國泰-台南,2023-07-17,8884
2419,仲琦,93,70,23,國泰-台南,2023-07-17,8884
2324,仁寶,183,160,23,國泰-台南,2023-07-17,8884
3037,欣興,43,21,22,國泰-台南,2023-07-17,8884
8933,愛地雅,23,2,21,國泰-台南,2023-07-17,8884
6142,友勁,22,2,20,國泰-台南,2023-07-17,8884
3714,富采,21,1,20,國泰-台南,2023-07-17,8884
2369,菱生,20,0,20,國泰-台南,2023-07-17,8884
00929,復華台灣科技優息,825,149,676,國泰-台南,2023-07-18,8884
2812,台中銀,549,10,539,國泰-台南,2023-07-18,8884
00882,中信中國高股息,359,10,349,國泰-台南,2023-07-18,8884
2867,三商壽,326,12,314,國泰-台南,2023-07-18,8884
2356,英業達,700,434,266,國泰-台南,2023-07-18,8884
2324,仁寶,423,224,199,國泰-台南,2023-07-18,8884
2312,金寶,939,790,149,國泰-台南,2023-07-18,8884
4938,和碩,367,244,123,國泰-台南,2023-07-18,8884
2352,佳世達,282,167,115,國泰-台南,2023-07-18,8884
00720B,元大投資級公司債,113,0,113,國泰-台南,2023-07-18,8884
3706,神達,359,250,109,國泰-台南,2023-07-18,8884
6282,康舒,575,477,98,國泰-台南,2023-07-18,8884
3051,力特,114,16,98,國泰-台南,2023-07-18,8884
3032,偉訓,103,20,83,國泰-台南,2023-07-18,8884
3362,先進光,134,54,80,國泰-台南,2023-07-18,8884
00665L,富邦�琤肭磪囓�2,86,10,76,國泰-台南,2023-07-18,8884
2329,華泰,147,76,71,國泰-台南,2023-07-18,8884
6188,廣明,109,43,66,國泰-台南,2023-07-18,8884
6179,亞通,70,12,58,國泰-台南,2023-07-18,8884
4934,太極,92,39,53,國泰-台南,2023-07-18,8884
2409,友達,58,6,52,國泰-台南,2023-07-18,8884
00712,復華富時不動產,49,3,46,國泰-台南,2023-07-18,8884
00772B,中信高評級公司債,54,9,45,國泰-台南,2023-07-18,8884
1326,台化,45,0,45,國泰-台南,2023-07-18,8884
2027,大成鋼,47,3,44,國泰-台南,2023-07-18,8884
00722B,群益投資級電信債,43,0,43,國泰-台南,2023-07-18,8884
1471,首利,43,0,43,國泰-台南,2023-07-18,8884
2888,新光金,107,65,42,國泰-台南,2023-07-18,8884
1711,永光,97,56,41,國泰-台南,2023-07-18,8884
2303,聯電,48,9,39,國泰-台南,2023-07-18,8884
3481,群創,83,45,38,國泰-台南,2023-07-18,8884
6218,豪勉,94,56,38,國泰-台南,2023-07-18,8884
4543,萬在,42,7,35,國泰-台南,2023-07-18,8884
2323,中環,37,2,35,國泰-台南,2023-07-18,8884
1609,大亞,158,124,34,國泰-台南,2023-07-18,8884
3363,上詮,115,82,33,國泰-台南,2023-07-18,8884
3231,緯創,69,37,32,國泰-台南,2023-07-18,8884
2889,國票金,33,0,33,國泰-台南,2023-07-18,8884
8926,台汽電,52,20,32,國泰-台南,2023-07-18,8884
00888,永豐台灣ESG,34,2,32,國泰-台南,2023-07-18,8884
2890,永豐金,109,78,31,國泰-台南,2023-07-18,8884
4306,炎洲,32,1,31,國泰-台南,2023-07-18,8884
3296,勝德,30,0,30,國泰-台南,2023-07-18,8884
1605,華新,31,2,29,國泰-台南,2023-07-18,8884
00687B,國泰20年美債,32,3,29,國泰-台南,2023-07-18,8884
5007,三星,27,0,27,國泰-台南,2023-07-18,8884
2449,京元電子,52,26,26,國泰-台南,2023-07-18,8884
1513,中興電,73,48,25,國泰-台南,2023-07-18,8884
1905,華紙,30,5,25,國泰-台南,2023-07-18,8884
00930,永豐ESG低碳高息,30,5,25,國泰-台南,2023-07-18,8884
2867,三商壽,237,7,230,國泰-台南,2023-07-19,8884
00929,復華台灣科技優息,237,38,199,國泰-台南,2023-07-19,8884
00671R,富邦NASDAQ反1,170,0,170,國泰-台南,2023-07-19,8884
2324,仁寶,291,153,138,國泰-台南,2023-07-19,8884
00673R,期元大S＆P原油反1,158,25,133,國泰-台南,2023-07-19,8884
00665L,富邦�琤肭磪囓�2,108,0,108,國泰-台南,2023-07-19,8884
00882,中信中國高股息,136,47,89,國泰-台南,2023-07-19,8884
2618,長榮航,194,109,85,國泰-台南,2023-07-19,8884
6217,中探針,90,15,75,國泰-台南,2023-07-19,8884
6187,萬潤,126,54,72,國泰-台南,2023-07-19,8884
9105,泰金寶-DR,628,562,66,國泰-台南,2023-07-19,8884
1618,合機,105,41,64,國泰-台南,2023-07-19,8884
2609,陽明,87,27,60,國泰-台南,2023-07-19,8884
00930,永豐ESG低碳高息,56,2,54,國泰-台南,2023-07-19,8884
4123,晟德,193,140,53,國泰-台南,2023-07-19,8884
2303,聯電,55,6,49,國泰-台南,2023-07-19,8884
5515,建國,45,0,45,國泰-台南,2023-07-19,8884
8926,台汽電,100,57,43,國泰-台南,2023-07-19,8884
2409,友達,59,17,42,國泰-台南,2023-07-19,8884
00924,復華S＆P500成長,42,0,42,國泰-台南,2023-07-19,8884
6191,精成科,45,4,41,國泰-台南,2023-07-19,8884
6288,聯嘉,48,7,41,國泰-台南,2023-07-19,8884
4919,新唐,49,8,41,國泰-台南,2023-07-19,8884
2890,永豐金,60,21,39,國泰-台南,2023-07-19,8884
2603,長榮,57,20,37,國泰-台南,2023-07-19,8884
6161,捷波,84,48,36,國泰-台南,2023-07-19,8884
3296,勝德,35,0,35,國泰-台南,2023-07-19,8884
6443,元晶,45,10,35,國泰-台南,2023-07-19,8884
2382,廣達,106,72,34,國泰-台南,2023-07-19,8884
2317,鴻海,101,68,33,國泰-台南,2023-07-19,8884
2359,所羅門,34,1,33,國泰-台南,2023-07-19,8884
2419,仲琦,158,125,33,國泰-台南,2023-07-19,8884
2891,中信金,41,8,33,國泰-台南,2023-07-19,8884
4934,太極,42,10,32,國泰-台南,2023-07-19,8884
8403,盛弘,68,37,31,國泰-台南,2023-07-19,8884
6188,廣明,62,32,30,國泰-台南,2023-07-19,8884
6182,合晶,45,15,30,國泰-台南,2023-07-19,8884
00916,國泰全球品牌50,30,0,30,國泰-台南,2023-07-19,8884
3025,星通,41,11,30,國泰-台南,2023-07-19,8884
2356,英業達,627,600,27,國泰-台南,2023-07-19,8884
1514,亞力,35,8,27,國泰-台南,2023-07-19,8884
4532,瑞智,63,36,27,國泰-台南,2023-07-19,8884
3557,嘉威,27,0,27,國泰-台南,2023-07-19,8884
2353,宏��,192,165,27,國泰-台南,2023-07-19,8884
2812,台中銀,29,2,27,國泰-台南,2023-07-19,8884
4121,優盛,38,12,26,國泰-台南,2023-07-19,8884
1605,華新,29,5,24,國泰-台南,2023-07-19,8884
3055,蔚華科,26,2,24,國泰-台南,2023-07-19,8884
00637L,元大滬深300正2,25,2,23,國泰-台南,2023-07-19,8884
3363,上詮,112,89,23,國泰-台南,2023-07-19,8884
2344,華邦電,230,9,221,國泰-台南,2023-07-20,8884
2303,聯電,218,24,194,國泰-台南,2023-07-20,8884
00712,復華富時不動產,181,85,96,國泰-台南,2023-07-20,8884
00929,復華台灣科技優息,151,55,96,國泰-台南,2023-07-20,8884
2206,三陽工業,120,33,87,國泰-台南,2023-07-20,8884
2852,第一保,83,0,83,國泰-台南,2023-07-20,8884
6235,華孚,268,193,75,國泰-台南,2023-07-20,8884
1102,亞泥,72,0,72,國泰-台南,2023-07-20,8884
2867,三商壽,66,1,65,國泰-台南,2023-07-20,8884
2883,凱基金,67,6,61,國泰-台南,2023-07-20,8884
2201,裕隆,69,11,58,國泰-台南,2023-07-20,8884
3032,偉訓,132,75,57,國泰-台南,2023-07-20,8884
00927,群益半導體收益,54,0,54,國泰-台南,2023-07-20,8884
00882,中信中國高股息,68,16,52,國泰-台南,2023-07-20,8884
00665L,富邦�琤肭磪囓�2,143,96,47,國泰-台南,2023-07-20,8884
2838,聯邦銀,40,0,40,國泰-台南,2023-07-20,8884
6530,創威,49,9,40,國泰-台南,2023-07-20,8884
00642U,期元大S＆P石油,40,0,40,國泰-台南,2023-07-20,8884
2352,佳世達,160,121,39,國泰-台南,2023-07-20,8884
4906,正文,40,2,38,國泰-台南,2023-07-20,8884
2812,台中銀,37,0,37,國泰-台南,2023-07-20,8884
00632R,元大台灣50反1,81,44,37,國泰-台南,2023-07-20,8884
2461,光群雷,44,9,35,國泰-台南,2023-07-20,8884
2515,中工,32,1,31,國泰-台南,2023-07-20,8884
2887,台新金,34,3,31,國泰-台南,2023-07-20,8884
1529,樂事綠能,50,20,30,國泰-台南,2023-07-20,8884
00673R,期元大S＆P原油反1,30,0,30,國泰-台南,2023-07-20,8884
2607,榮運,30,1,29,國泰-台南,2023-07-20,8884
4938,和碩,100,71,29,國泰-台南,2023-07-20,8884
00680L,元大美債20正2,30,2,28,國泰-台南,2023-07-20,8884
6120,達運,33,5,28,國泰-台南,2023-07-20,8884
3037,欣興,71,43,28,國泰-台南,2023-07-20,8884
4123,晟德,205,179,26,國泰-台南,2023-07-20,8884
5515,建國,26,1,25,國泰-台南,2023-07-20,8884
3545,敦泰,27,2,25,國泰-台南,2023-07-20,8884
1815,富喬,76,51,25,國泰-台南,2023-07-20,8884
6213,聯茂,49,25,24,國泰-台南,2023-07-20,8884
1708,東鹼,24,1,23,國泰-台南,2023-07-20,8884
8403,盛弘,24,1,23,國泰-台南,2023-07-20,8884
6841,長佳智能,44,22,22,國泰-台南,2023-07-20,8884
3289,宜特,90,69,21,國泰-台南,2023-07-20,8884
2337,旺宏,21,0,21,國泰-台南,2023-07-20,8884
3205,佰研,43,23,20,國泰-台南,2023-07-20,8884
6282,康舒,127,107,20,國泰-台南,2023-07-20,8884
2888,新光金,33,14,19,國泰-台南,2023-07-20,8884
2482,連宇,20,1,19,國泰-台南,2023-07-20,8884
00652,富邦印度,20,2,18,國泰-台南,2023-07-20,8884
3680,家登,17,0,17,國泰-台南,2023-07-20,8884
00757,統一FANG+,18,1,17,國泰-台南,2023-07-20,8884
6150,撼訊,86,69,17,國泰-台南,2023-07-20,8884
1513,中興電,261,127,134,國泰-台南,2023-07-21,8884
6235,華孚,175,46,129,國泰-台南,2023-07-21,8884
3481,群創,182,79,103,國泰-台南,2023-07-21,8884
00857B,永豐20年美公債,100,1,99,國泰-台南,2023-07-21,8884
2883,凱基金,142,61,81,國泰-台南,2023-07-21,8884
2344,華邦電,96,16,80,國泰-台南,2023-07-21,8884
5465,富驊,80,1,79,國泰-台南,2023-07-21,8884
00673R,期元大S＆P原油反1,96,20,76,國泰-台南,2023-07-21,8884
2317,鴻海,79,8,71,國泰-台南,2023-07-21,8884
00712,復華富時不動產,81,11,70,國泰-台南,2023-07-21,8884
2303,聯電,97,31,66,國泰-台南,2023-07-21,8884
00680L,元大美債20正2,53,0,53,國泰-台南,2023-07-21,8884
006208,富邦台50,57,4,53,國泰-台南,2023-07-21,8884
1316,上曜,50,0,50,國泰-台南,2023-07-21,8884
3479,安勤,49,1,48,國泰-台南,2023-07-21,8884
1102,亞泥,42,1,41,國泰-台南,2023-07-21,8884
6150,撼訊,95,55,40,國泰-台南,2023-07-21,8884
1611,中電,40,0,40,國泰-台南,2023-07-21,8884
1340,勝悅-KY,40,0,40,國泰-台南,2023-07-21,8884
1101,台泥,48,10,38,國泰-台南,2023-07-21,8884
2382,廣達,141,105,36,國泰-台南,2023-07-21,8884
6443,元晶,51,16,35,國泰-台南,2023-07-21,8884
3682,亞太電,48,13,35,國泰-台南,2023-07-21,8884
0050,元大台灣50,35,0,35,國泰-台南,2023-07-21,8884
5425,台半,45,12,33,國泰-台南,2023-07-21,8884
6285,啟��,55,24,31,國泰-台南,2023-07-21,8884
00891,中信關鍵半導體,30,0,30,國泰-台南,2023-07-21,8884
3213,茂訊,34,4,30,國泰-台南,2023-07-21,8884
00641R,富邦日本反1,31,1,30,國泰-台南,2023-07-21,8884
00923,群益台ESG低碳50,30,1,29,國泰-台南,2023-07-21,8884
2206,三陽工業,66,39,27,國泰-台南,2023-07-21,8884
1605,華新,31,4,27,國泰-台南,2023-07-21,8884
00927,群益半導體收益,27,0,27,國泰-台南,2023-07-21,8884
3071,協禧,43,16,27,國泰-台南,2023-07-21,8884
00772B,中信高評級公司債,27,1,26,國泰-台南,2023-07-21,8884
00930,永豐ESG低碳高息,25,0,25,國泰-台南,2023-07-21,8884
4906,正文,29,6,23,國泰-台南,2023-07-21,8884
2739,寒舍,23,0,23,國泰-台南,2023-07-21,8884
2630,亞航,73,50,23,國泰-台南,2023-07-21,8884
3013,晟銘電,100,78,22,國泰-台南,2023-07-21,8884
6697,東捷資訊,22,0,22,國泰-台南,2023-07-21,8884
2316,楠梓電,57,35,22,國泰-台南,2023-07-21,8884
2887,台新金,32,11,21,國泰-台南,2023-07-21,8884
3051,力特,89,68,21,國泰-台南,2023-07-21,8884
00888,永豐台灣ESG,25,4,21,國泰-台南,2023-07-21,8884
00761B,國泰A級公司債,20,0,20,國泰-台南,2023-07-21,8884
2515,中工,19,0,19,國泰-台南,2023-07-21,8884
2734,易飛網,21,2,19,國泰-台南,2023-07-21,8884
2201,裕隆,22,4,18,國泰-台南,2023-07-21,8884
00669R,國泰美國道瓊反1,18,0,18,國泰-台南,2023-07-21,8884
6125,廣運,363,38,325,國泰-台南,2023-07-24,8884
2891,中信金,171,7,164,國泰-台南,2023-07-24,8884
00927,群益半導體收益,129,4,125,國泰-台南,2023-07-24,8884
2890,永豐金,171,68,103,國泰-台南,2023-07-24,8884
2329,華泰,411,310,101,國泰-台南,2023-07-24,8884
1609,大亞,290,195,95,國泰-台南,2023-07-24,8884
3362,先進光,93,0,93,國泰-台南,2023-07-24,8884
2888,新光金,87,4,83,國泰-台南,2023-07-24,8884
00632R,元大台灣50反1,82,0,82,國泰-台南,2023-07-24,8884
3231,緯創,102,30,72,國泰-台南,2023-07-24,8884
2353,宏��,149,77,72,國泰-台南,2023-07-24,8884
00929,復華台灣科技優息,97,27,70,國泰-台南,2023-07-24,8884
00673R,期元大S＆P原油反1,136,80,56,國泰-台南,2023-07-24,8884
2382,廣達,194,140,54,國泰-台南,2023-07-24,8884
00882,中信中國高股息,51,0,51,國泰-台南,2023-07-24,8884
3481,群創,49,4,45,國泰-台南,2023-07-24,8884
00671R,富邦NASDAQ反1,40,0,40,國泰-台南,2023-07-24,8884
2883,凱基金,97,60,37,國泰-台南,2023-07-24,8884
1504,東元,54,18,36,國泰-台南,2023-07-24,8884
00680L,元大美債20正2,35,0,35,國泰-台南,2023-07-24,8884
2812,台中銀,34,0,34,國泰-台南,2023-07-24,8884
3013,晟銘電,138,104,34,國泰-台南,2023-07-24,8884
1102,亞泥,41,8,33,國泰-台南,2023-07-24,8884
3338,泰碩,81,48,33,國泰-台南,2023-07-24,8884
6188,廣明,123,92,31,國泰-台南,2023-07-24,8884
2442,新美齊,30,0,30,國泰-台南,2023-07-24,8884
6282,康舒,87,59,28,國泰-台南,2023-07-24,8884
3051,力特,28,1,27,國泰-台南,2023-07-24,8884
2303,聯電,48,21,27,國泰-台南,2023-07-24,8884
5452,佶優,74,48,26,國泰-台南,2023-07-24,8884
1513,中興電,101,75,26,國泰-台南,2023-07-24,8884
3707,漢磊,31,6,25,國泰-台南,2023-07-24,8884
9105,泰金寶-DR,24,0,24,國泰-台南,2023-07-24,8884
5011,久陽,24,0,24,國泰-台南,2023-07-24,8884
2481,強茂,39,15,24,國泰-台南,2023-07-24,8884
2886,兆豐金,25,1,24,國泰-台南,2023-07-24,8884
00720B,元大投資級公司債,30,7,23,國泰-台南,2023-07-24,8884
3305,昇貿,67,44,23,國泰-台南,2023-07-24,8884
3450,聯鈞,26,3,23,國泰-台南,2023-07-24,8884
2421,建準,128,105,23,國泰-台南,2023-07-24,8884
3557,嘉威,22,0,22,國泰-台南,2023-07-24,8884
3706,神達,47,25,22,國泰-台南,2023-07-24,8884
3016,嘉晶,32,10,22,國泰-台南,2023-07-24,8884
2368,金像電,70,49,21,國泰-台南,2023-07-24,8884
2230,泰茂,29,8,21,國泰-台南,2023-07-24,8884
2457,飛宏,25,5,20,國泰-台南,2023-07-24,8884
2489,瑞軒,20,0,20,國泰-台南,2023-07-24,8884
4960,誠美材,20,0,20,國泰-台南,2023-07-24,8884
2851,中再保,21,1,20,國泰-台南,2023-07-24,8884
5392,能率,23,4,19,國泰-台南,2023-07-24,8884
6187,萬潤,346,167,179,國泰-台南,2023-07-25,8884
00687B,國泰20年美債,120,2,118,國泰-台南,2023-07-25,8884
2610,華航,127,27,100,國泰-台南,2023-07-25,8884
00673R,期元大S＆P原油反1,164,66,98,國泰-台南,2023-07-25,8884
9105,泰金寶-DR,135,40,95,國泰-台南,2023-07-25,8884
00679B,元大美債20年,95,13,82,國泰-台南,2023-07-25,8884
00795B,中信美國公債20年,82,1,81,國泰-台南,2023-07-25,8884
3013,晟銘電,164,85,79,國泰-台南,2023-07-25,8884
2382,廣達,266,209,57,國泰-台南,2023-07-25,8884
00772B,中信高評級公司債,62,9,53,國泰-台南,2023-07-25,8884
5515,建國,55,3,52,國泰-台南,2023-07-25,8884
00929,復華台灣科技優息,82,33,49,國泰-台南,2023-07-25,8884
00680L,元大美債20正2,45,0,45,國泰-台南,2023-07-25,8884
3037,欣興,105,62,43,國泰-台南,2023-07-25,8884
5864,致和證,41,0,41,國泰-台南,2023-07-25,8884
00725B,國泰投資級公司債,40,0,40,國泰-台南,2023-07-25,8884
1216,統一,41,2,39,國泰-台南,2023-07-25,8884
1905,華紙,360,327,33,國泰-台南,2023-07-25,8884
2014,中鴻,41,8,33,國泰-台南,2023-07-25,8884
00878,國泰永續高股息,839,808,31,國泰-台南,2023-07-25,8884
1722,台肥,31,2,29,國泰-台南,2023-07-25,8884
6124,業強,34,7,27,國泰-台南,2023-07-25,8884
3071,協禧,102,76,26,國泰-台南,2023-07-25,8884
00720B,元大投資級公司債,29,3,26,國泰-台南,2023-07-25,8884
2887,台新金,52,26,26,國泰-台南,2023-07-25,8884
2419,仲琦,85,60,25,國泰-台南,2023-07-25,8884
6112,邁達特,38,14,24,國泰-台南,2023-07-25,8884
6275,元山,29,6,23,國泰-台南,2023-07-25,8884
8048,德勝,25,2,23,國泰-台南,2023-07-25,8884
3706,神達,34,12,22,國泰-台南,2023-07-25,8884
2449,京元電子,29,8,21,國泰-台南,2023-07-25,8884
2352,佳世達,46,26,20,國泰-台南,2023-07-25,8884
3038,全台,87,67,20,國泰-台南,2023-07-25,8884
4168,醣聯,20,0,20,國泰-台南,2023-07-25,8884
3036A,文曄甲特,20,0,20,國泰-台南,2023-07-25,8884
4960,誠美材,20,0,20,國泰-台南,2023-07-25,8884
6116,彩晶,20,0,20,國泰-台南,2023-07-25,8884
00671R,富邦NASDAQ反1,20,0,20,國泰-台南,2023-07-25,8884
1789,神隆,21,3,18,國泰-台南,2023-07-25,8884
5351,鈺創,24,6,18,國泰-台南,2023-07-25,8884
1102,亞泥,25,7,18,國泰-台南,2023-07-25,8884
3163,波若威,21,4,17,國泰-台南,2023-07-25,8884
6796,晉弘,30,13,17,國泰-台南,2023-07-25,8884
1529,樂事綠能,25,8,17,國泰-台南,2023-07-25,8884
5011,久陽,16,0,16,國泰-台南,2023-07-25,8884
3362,先進光,19,3,16,國泰-台南,2023-07-25,8884
1301,台塑,17,2,15,國泰-台南,2023-07-25,8884
6217,中探針,22,7,15,國泰-台南,2023-07-25,8884
00751B,元大AAA至A公司債,26,11,15,國泰-台南,2023-07-25,8884
6285,啟��,23,8,15,國泰-台南,2023-07-25,8884
00929,復華台灣科技優息,304,24,280,國泰-台南,2023-07-26,8884
3013,晟銘電,244,45,199,國泰-台南,2023-07-26,8884
6235,華孚,281,110,171,國泰-台南,2023-07-26,8884
00679B,元大美債20年,132,5,127,國泰-台南,2023-07-26,8884
00927,群益半導體收益,114,10,104,國泰-台南,2023-07-26,8884
2883B,凱基金乙特,102,0,102,國泰-台南,2023-07-26,8884
1786,科妍,90,0,90,國泰-台南,2023-07-26,8884
1504,東元,388,309,79,國泰-台南,2023-07-26,8884
6116,彩晶,79,1,78,國泰-台南,2023-07-26,8884
4168,醣聯,69,8,61,國泰-台南,2023-07-26,8884
00673R,期元大S＆P原油反1,58,1,57,國泰-台南,2023-07-26,8884
2371,大同,79,25,54,國泰-台南,2023-07-26,8884
2889,國票金,61,10,51,國泰-台南,2023-07-26,8884
2887,台新金,80,32,48,國泰-台南,2023-07-26,8884
00900,富邦特選高股息30,50,2,48,國泰-台南,2023-07-26,8884
3071,協禧,58,11,47,國泰-台南,2023-07-26,8884
00688L,國泰20年美債正2,46,0,46,國泰-台南,2023-07-26,8884
00882,中信中國高股息,62,17,45,國泰-台南,2023-07-26,8884
2405,輔信,186,143,43,國泰-台南,2023-07-26,8884
6188,廣明,100,57,43,國泰-台南,2023-07-26,8884
00680L,元大美債20正2,44,3,41,國泰-台南,2023-07-26,8884
00671R,富邦NASDAQ反1,40,0,40,國泰-台南,2023-07-26,8884
00687B,國泰20年美債,40,1,39,國泰-台南,2023-07-26,8884
1795,美時,57,19,38,國泰-台南,2023-07-26,8884
3540,曜越,42,4,38,國泰-台南,2023-07-26,8884
2303,聯電,36,5,31,國泰-台南,2023-07-26,8884
1471,首利,45,16,29,國泰-台南,2023-07-26,8884
9105,泰金寶-DR,28,0,28,國泰-台南,2023-07-26,8884
2852,第一保,27,1,26,國泰-台南,2023-07-26,8884
8358,金居,142,117,25,國泰-台南,2023-07-26,8884
00751B,元大AAA至A公司債,25,0,25,國泰-台南,2023-07-26,8884
1110,東泥,25,0,25,國泰-台南,2023-07-26,8884
00795B,中信美國公債20年,24,0,24,國泰-台南,2023-07-26,8884
00772B,中信高評級公司債,68,45,23,國泰-台南,2023-07-26,8884
2610,華航,77,54,23,國泰-台南,2023-07-26,8884
3481,群創,83,60,23,國泰-台南,2023-07-26,8884
2002,中鋼,37,14,23,國泰-台南,2023-07-26,8884
1609,大亞,31,9,22,國泰-台南,2023-07-26,8884
00650L,復華香港正2,21,0,21,國泰-台南,2023-07-26,8884
00708L,期元大S＆P黃金正2,20,0,20,國泰-台南,2023-07-26,8884
3689,湧德,51,31,20,國泰-台南,2023-07-26,8884
4533,協易機,146,126,20,國泰-台南,2023-07-26,8884
00930,永豐ESG低碳高息,19,0,19,國泰-台南,2023-07-26,8884
2344,華邦電,22,3,19,國泰-台南,2023-07-26,8884
3715,定穎投控,22,4,18,國泰-台南,2023-07-26,8884
5483,中美晶,28,10,18,國泰-台南,2023-07-26,8884
6472,保瑞,25,8,17,國泰-台南,2023-07-26,8884
00655L,國泰中國A50正2,16,0,16,國泰-台南,2023-07-26,8884
6126,信音,49,33,16,國泰-台南,2023-07-26,8884
6550,北極星藥業-KY,19,3,16,國泰-台南,2023-07-26,8884
2884,玉山金,306,72,234,國泰-台南,2023-07-27,8884
00665L,富邦�琤肭磪囓�2,227,1,226,國泰-台南,2023-07-27,8884
00679B,元大美債20年,205,1,204,國泰-台南,2023-07-27,8884
2421,建準,352,184,168,國泰-台南,2023-07-27,8884
2801,彰銀,132,4,128,國泰-台南,2023-07-27,8884
2329,華泰,310,191,119,國泰-台南,2023-07-27,8884
00878,國泰永續高股息,413,302,111,國泰-台南,2023-07-27,8884
00929,復華台灣科技優息,107,2,105,國泰-台南,2023-07-27,8884
2618,長榮航,140,61,79,國泰-台南,2023-07-27,8884
00673R,期元大S＆P原油反1,82,10,72,國泰-台南,2023-07-27,8884
2317,鴻海,89,21,68,國泰-台南,2023-07-27,8884
8358,金居,168,101,67,國泰-台南,2023-07-27,8884
2324,仁寶,86,30,56,國泰-台南,2023-07-27,8884
00687B,國泰20年美債,81,26,55,國泰-台南,2023-07-27,8884
3013,晟銘電,92,44,48,國泰-台南,2023-07-27,8884
2887,台新金,49,1,48,國泰-台南,2023-07-27,8884
8234,新漢,100,53,47,國泰-台南,2023-07-27,8884
2002,中鋼,76,30,46,國泰-台南,2023-07-27,8884
00712,復華富時不動產,161,116,45,國泰-台南,2023-07-27,8884
2353,宏��,64,23,41,國泰-台南,2023-07-27,8884
1528,恩德,40,0,40,國泰-台南,2023-07-27,8884
3704,合勤控,41,1,40,國泰-台南,2023-07-27,8884
8201,無敵,53,14,39,國泰-台南,2023-07-27,8884
2382,廣達,158,119,39,國泰-台南,2023-07-27,8884
00753L,中信中國50正2,56,17,39,國泰-台南,2023-07-27,8884
2405,輔信,113,76,37,國泰-台南,2023-07-27,8884
4533,協易機,211,177,34,國泰-台南,2023-07-27,8884
2891,中信金,41,8,33,國泰-台南,2023-07-27,8884
8121,越峰,30,0,30,國泰-台南,2023-07-27,8884
1815,富喬,49,21,28,國泰-台南,2023-07-27,8884
2425,承啟,48,21,27,國泰-台南,2023-07-27,8884
3037,欣興,66,39,27,國泰-台南,2023-07-27,8884
3231,緯創,40,14,26,國泰-台南,2023-07-27,8884
1101,台泥,57,32,25,國泰-台南,2023-07-27,8884
00688L,國泰20年美債正2,25,0,25,國泰-台南,2023-07-27,8884
3029,零壹,65,41,24,國泰-台南,2023-07-27,8884
9105,泰金寶-DR,24,0,24,國泰-台南,2023-07-27,8884
4915,致伸,25,1,24,國泰-台南,2023-07-27,8884
3033,威健,65,42,23,國泰-台南,2023-07-27,8884
00772B,中信高評級公司債,26,3,23,國泰-台南,2023-07-27,8884
1907,永豐餘,106,83,23,國泰-台南,2023-07-27,8884
3607,谷崧,22,0,22,國泰-台南,2023-07-27,8884
1402,遠東新,21,0,21,國泰-台南,2023-07-27,8884
00650L,復華香港正2,21,0,21,國泰-台南,2023-07-27,8884
3034,聯詠,21,1,20,國泰-台南,2023-07-27,8884
6285,啟��,23,3,20,國泰-台南,2023-07-27,8884
3306,鼎天,51,33,18,國泰-台南,2023-07-27,8884
1104,環泥,19,1,18,國泰-台南,2023-07-27,8884
9949,琉園,24,6,18,國泰-台南,2023-07-27,8884
1471,首利,22,5,17,國泰-台南,2023-07-27,8884
00679B,元大美債20年,304,14,290,國泰-台南,2023-07-28,8884
00688L,國泰20年美債正2,458,202,256,國泰-台南,2023-07-28,8884
1905,華紙,611,425,186,國泰-台南,2023-07-28,8884
00687B,國泰20年美債,273,116,157,國泰-台南,2023-07-28,8884
1786,科妍,143,0,143,國泰-台南,2023-07-28,8884
00680L,元大美債20正2,196,55,141,國泰-台南,2023-07-28,8884
00882,中信中國高股息,202,94,108,國泰-台南,2023-07-28,8884
2409,友達,303,204,99,國泰-台南,2023-07-28,8884
00720B,元大投資級公司債,98,6,92,國泰-台南,2023-07-28,8884
2317,鴻海,93,8,85,國泰-台南,2023-07-28,8884
00712,復華富時不動產,112,28,84,國泰-台南,2023-07-28,8884
00772B,中信高評級公司債,98,14,84,國泰-台南,2023-07-28,8884
2838,聯邦銀,79,1,78,國泰-台南,2023-07-28,8884
00922,國泰台灣領袖50,75,0,75,國泰-台南,2023-07-28,8884
00923,群益台ESG低碳50,75,6,69,國泰-台南,2023-07-28,8884
9105,泰金寶-DR,63,1,62,國泰-台南,2023-07-28,8884
2883,凱基金,63,3,60,國泰-台南,2023-07-28,8884
2002,中鋼,74,14,60,國泰-台南,2023-07-28,8884
00751B,元大AAA至A公司債,60,0,60,國泰-台南,2023-07-28,8884
3231,緯創,364,309,55,國泰-台南,2023-07-28,8884
2891,中信金,57,11,46,國泰-台南,2023-07-28,8884
00929,復華台灣科技優息,98,52,46,國泰-台南,2023-07-28,8884
1467,南緯,45,0,45,國泰-台南,2023-07-28,8884
00795B,中信美國公債20年,54,10,44,國泰-台南,2023-07-28,8884
1402,遠東新,42,0,42,國泰-台南,2023-07-28,8884
1471,首利,47,6,41,國泰-台南,2023-07-28,8884
2027,大成鋼,57,17,40,國泰-台南,2023-07-28,8884
2913,農林,191,155,36,國泰-台南,2023-07-28,8884
00919,群益台灣精選高息,38,4,34,國泰-台南,2023-07-28,8884
6207,雷科,41,7,34,國泰-台南,2023-07-28,8884
2618,長榮航,51,17,34,國泰-台南,2023-07-28,8884
6535,順藥,67,33,34,國泰-台南,2023-07-28,8884
2887,台新金,33,1,32,國泰-台南,2023-07-28,8884
00673R,期元大S＆P原油反1,32,0,32,國泰-台南,2023-07-28,8884
3055,蔚華科,441,410,31,國泰-台南,2023-07-28,8884
3607,谷崧,32,3,29,國泰-台南,2023-07-28,8884
00893,國泰智能電動車,39,12,27,國泰-台南,2023-07-28,8884
2892,第一金,27,0,27,國泰-台南,2023-07-28,8884
4915,致伸,35,11,24,國泰-台南,2023-07-28,8884
2603,長榮,108,84,24,國泰-台南,2023-07-28,8884
1609,大亞,32,9,23,國泰-台南,2023-07-28,8884
6548,長科*,22,0,22,國泰-台南,2023-07-28,8884
2014,中鴻,21,0,21,國泰-台南,2023-07-28,8884
00655L,國泰中國A50正2,21,1,20,國泰-台南,2023-07-28,8884
00650L,復華香港正2,20,0,20,國泰-台南,2023-07-28,8884
00927,群益半導體收益,40,20,20,國泰-台南,2023-07-28,8884
2610,華航,56,37,19,國泰-台南,2023-07-28,8884
5443,均豪,25,6,19,國泰-台南,2023-07-28,8884
6218,豪勉,24,5,19,國泰-台南,2023-07-28,8884
00725B,國泰投資級公司債,24,5,19,國泰-台南,2023-07-28,8884
00929,復華台灣科技優息,465,153,312,國泰-台南,2023-07-31,8884
2883,凱基金,212,23,189,國泰-台南,2023-07-31,8884
3231,緯創,360,220,140,國泰-台南,2023-07-31,8884
00679B,元大美債20年,110,0,110,國泰-台南,2023-07-31,8884
2891,中信金,84,7,77,國泰-台南,2023-07-31,8884
00893,國泰智能電動車,91,14,77,國泰-台南,2023-07-31,8884
2002,中鋼,72,0,72,國泰-台南,2023-07-31,8884
9927,泰銘,86,19,67,國泰-台南,2023-07-31,8884
2356,英業達,102,36,66,國泰-台南,2023-07-31,8884
2610,華航,113,50,63,國泰-台南,2023-07-31,8884
00687B,國泰20年美債,63,2,61,國泰-台南,2023-07-31,8884
00882,中信中國高股息,149,92,57,國泰-台南,2023-07-31,8884
2382,廣達,127,72,55,國泰-台南,2023-07-31,8884
2301,光寶科,195,140,55,國泰-台南,2023-07-31,8884
00923,群益台ESG低碳50,57,3,54,國泰-台南,2023-07-31,8884
5340,建榮,66,15,51,國泰-台南,2023-07-31,8884
3339,泰谷,51,0,51,國泰-台南,2023-07-31,8884
1216,統一,50,0,50,國泰-台南,2023-07-31,8884
2329,華泰,270,222,48,國泰-台南,2023-07-31,8884
2882,國泰金,67,26,41,國泰-台南,2023-07-31,8884
00671R,富邦NASDAQ反1,40,0,40,國泰-台南,2023-07-31,8884
00922,國泰台灣領袖50,39,0,39,國泰-台南,2023-07-31,8884
2027,大成鋼,44,5,39,國泰-台南,2023-07-31,8884
4979,華星光,93,55,38,國泰-台南,2023-07-31,8884
2426,鼎元,54,17,37,國泰-台南,2023-07-31,8884
4960,誠美材,43,6,37,國泰-台南,2023-07-31,8884
2743,山富,37,1,36,國泰-台南,2023-07-31,8884
2609,陽明,49,16,33,國泰-台南,2023-07-31,8884
3481,群創,70,36,34,國泰-台南,2023-07-31,8884
2324,仁寶,95,63,32,國泰-台南,2023-07-31,8884
2421,建準,32,4,28,國泰-台南,2023-07-31,8884
00673R,期元大S＆P原油反1,36,8,28,國泰-台南,2023-07-31,8884
2363,矽統,38,10,28,國泰-台南,2023-07-31,8884
2402,毅嘉,32,5,27,國泰-台南,2023-07-31,8884
6285,啟��,64,37,27,國泰-台南,2023-07-31,8884
00919,群益台灣精選高息,66,40,26,國泰-台南,2023-07-31,8884
00665L,富邦�琤肭磪囓�2,28,3,25,國泰-台南,2023-07-31,8884
2838,聯邦銀,30,5,25,國泰-台南,2023-07-31,8884
6190,萬泰科,35,11,24,國泰-台南,2023-07-31,8884
4919,新唐,37,14,23,國泰-台南,2023-07-31,8884
2419,仲琦,79,56,23,國泰-台南,2023-07-31,8884
2887,台新金,36,13,23,國泰-台南,2023-07-31,8884
2312,金寶,151,129,22,國泰-台南,2023-07-31,8884
2371,大同,54,32,22,國泰-台南,2023-07-31,8884
3092,鴻碩,30,8,22,國泰-台南,2023-07-31,8884
3704,合勤控,41,19,22,國泰-台南,2023-07-31,8884
3689,湧德,26,4,22,國泰-台南,2023-07-31,8884
2603,長榮,26,7,19,國泰-台南,2023-07-31,8884
2230,泰茂,20,1,19,國泰-台南,2023-07-31,8884
1609,大亞,23,4,19,國泰-台南,2023-07-31,8884
00712,復華富時不動產,471,10,461,國泰-台南,2023-08-01,8884
00929,復華台灣科技優息,387,9,378,國泰-台南,2023-08-01,8884
3289,宜特,265,43,222,國泰-台南,2023-08-01,8884
2891,中信金,148,10,138,國泰-台南,2023-08-01,8884
2344,華邦電,118,13,105,國泰-台南,2023-08-01,8884
00673R,期元大S＆P原油反1,137,32,105,國泰-台南,2023-08-01,8884
2883,凱基金,106,16,90,國泰-台南,2023-08-01,8884
1810,和成,94,12,82,國泰-台南,2023-08-01,8884
2312,金寶,123,42,81,國泰-台南,2023-08-01,8884
2913,農林,233,160,73,國泰-台南,2023-08-01,8884
4915,致伸,70,1,69,國泰-台南,2023-08-01,8884
2402,毅嘉,113,45,68,國泰-台南,2023-08-01,8884
2363,矽統,164,96,68,國泰-台南,2023-08-01,8884
00650L,復華香港正2,90,30,60,國泰-台南,2023-08-01,8884
00671R,富邦NASDAQ反1,40,0,40,國泰-台南,2023-08-01,8884
1102,亞泥,39,0,39,國泰-台南,2023-08-01,8884
00706L,期元大S＆P日圓正2,38,0,38,國泰-台南,2023-08-01,8884
00713,元大台灣高息低波,42,5,37,國泰-台南,2023-08-01,8884
00885,富邦越南,37,2,35,國泰-台南,2023-08-01,8884
3105,穩懋,41,8,33,國泰-台南,2023-08-01,8884
4919,新唐,47,15,32,國泰-台南,2023-08-01,8884
2612,中航,32,1,31,國泰-台南,2023-08-01,8884
1587,吉茂,31,0,31,國泰-台南,2023-08-01,8884
2888A,新光金甲特,30,0,30,國泰-台南,2023-08-01,8884
1217,愛之味,36,6,30,國泰-台南,2023-08-01,8884
00930,永豐ESG低碳高息,30,2,28,國泰-台南,2023-08-01,8884
6285,啟��,352,326,26,國泰-台南,2023-08-01,8884
1532,勤美,26,1,25,國泰-台南,2023-08-01,8884
3209,全科,24,0,24,國泰-台南,2023-08-01,8884
1905,華紙,90,67,23,國泰-台南,2023-08-01,8884
2105,正新,23,0,23,國泰-台南,2023-08-01,8884
8390,金益鼎,39,18,21,國泰-台南,2023-08-01,8884
1609,大亞,29,8,21,國泰-台南,2023-08-01,8884
9939,宏全,23,2,21,國泰-台南,2023-08-01,8884
4960,誠美材,20,0,20,國泰-台南,2023-08-01,8884
1301,台塑,24,6,18,國泰-台南,2023-08-01,8884
2888,新光金,50,32,18,國泰-台南,2023-08-01,8884
00632R,元大台灣50反1,80,62,18,國泰-台南,2023-08-01,8884
00757,統一FANG+,19,1,18,國泰-台南,2023-08-01,8884
3062,建漢,22,5,17,國泰-台南,2023-08-01,8884
2301,光寶科,124,108,16,國泰-台南,2023-08-01,8884
00923,群益台ESG低碳50,17,0,17,國泰-台南,2023-08-01,8884
3013,晟銘電,38,21,17,國泰-台南,2023-08-01,8884
2323,中環,25,9,16,國泰-台南,2023-08-01,8884
00751B,元大AAA至A公司債,17,1,16,國泰-台南,2023-08-01,8884
3088,艾訊,27,11,16,國泰-台南,2023-08-01,8884
2801,彰銀,16,1,15,國泰-台南,2023-08-01,8884
3264,欣銓,17,2,15,國泰-台南,2023-08-01,8884
1513,中興電,51,36,15,國泰-台南,2023-08-01,8884
2371,大同,26,11,15,國泰-台南,2023-08-01,8884
00878,國泰永續高股息,1038,675,363,國泰-台南,2023-08-02,8884
00929,復華台灣科技優息,397,129,268,國泰-台南,2023-08-02,8884
00923,群益台ESG低碳50,223,10,213,國泰-台南,2023-08-02,8884
00900,富邦特選高股息30,186,15,171,國泰-台南,2023-08-02,8884
00679B,元大美債20年,157,3,154,國泰-台南,2023-08-02,8884
6285,啟��,306,157,149,國泰-台南,2023-08-02,8884
00687B,國泰20年美債,147,5,142,國泰-台南,2023-08-02,8884
00795B,中信美國公債20年,135,0,135,國泰-台南,2023-08-02,8884
3481,群創,139,13,126,國泰-台南,2023-08-02,8884
1605,華新,397,270,127,國泰-台南,2023-08-02,8884
0056,元大高股息,333,219,114,國泰-台南,2023-08-02,8884
00772B,中信高評級公司債,109,0,109,國泰-台南,2023-08-02,8884
00720B,元大投資級公司債,92,0,92,國泰-台南,2023-08-02,8884
2888,新光金,212,123,89,國泰-台南,2023-08-02,8884
00927,群益半導體收益,88,0,88,國泰-台南,2023-08-02,8884
2002,中鋼,93,13,80,國泰-台南,2023-08-02,8884
3231,緯創,234,158,76,國泰-台南,2023-08-02,8884
00930,永豐ESG低碳高息,75,0,75,國泰-台南,2023-08-02,8884
00680L,元大美債20正2,114,40,74,國泰-台南,2023-08-02,8884
00712,復華富時不動產,104,30,74,國泰-台南,2023-08-02,8884
2618,長榮航,85,21,64,國泰-台南,2023-08-02,8884
6116,彩晶,85,21,64,國泰-台南,2023-08-02,8884
2881,富邦金,90,28,62,國泰-台南,2023-08-02,8884
00919,群益台灣精選高息,76,17,59,國泰-台南,2023-08-02,8884
3289,宜特,58,3,55,國泰-台南,2023-08-02,8884
6550,北極星藥業-KY,55,1,54,國泰-台南,2023-08-02,8884
00665L,富邦�琤肭磪囓�2,352,299,53,國泰-台南,2023-08-02,8884
00688L,國泰20年美債正2,45,0,45,國泰-台南,2023-08-02,8884
2633,台灣高鐵,48,4,44,國泰-台南,2023-08-02,8884
2845,遠東銀,44,0,44,國泰-台南,2023-08-02,8884
2312,金寶,52,12,40,國泰-台南,2023-08-02,8884
1587,吉茂,41,1,40,國泰-台南,2023-08-02,8884
4906,正文,40,3,37,國泰-台南,2023-08-02,8884
2409,友達,54,17,37,國泰-台南,2023-08-02,8884
3056,富華新,41,4,37,國泰-台南,2023-08-02,8884
2801,彰銀,40,5,35,國泰-台南,2023-08-02,8884
006208,富邦台50,38,3,35,國泰-台南,2023-08-02,8884
3706,神達,55,21,34,國泰-台南,2023-08-02,8884
2884,玉山金,38,4,34,國泰-台南,2023-08-02,8884
1326,台化,34,1,33,國泰-台南,2023-08-02,8884
2889,國票金,33,0,33,國泰-台南,2023-08-02,8884
00751B,元大AAA至A公司債,33,0,33,國泰-台南,2023-08-02,8884
2489,瑞軒,38,5,33,國泰-台南,2023-08-02,8884
8215,明基材,37,5,32,國泰-台南,2023-08-02,8884
00905,FT臺灣Smart,31,0,31,國泰-台南,2023-08-02,8884
006206,元大上證50,42,12,30,國泰-台南,2023-08-02,8884
00669R,國泰美國道瓊反1,30,0,30,國泰-台南,2023-08-02,8884
4746,台耀,162,132,30,國泰-台南,2023-08-02,8884
2308,台達電,45,15,30,國泰-台南,2023-08-02,8884
2891,中信金,40,11,29,國泰-台南,2023-08-02,8884
00680L,元大美債20正2,883,104,779,國泰-台南,2023-08-04,8884
00688L,國泰20年美債正2,426,10,416,國泰-台南,2023-08-04,8884
00687B,國泰20年美債,428,12,416,國泰-台南,2023-08-04,8884
2891,中信金,302,9,293,國泰-台南,2023-08-04,8884
00679B,元大美債20年,312,22,290,國泰-台南,2023-08-04,8884
00772B,中信高評級公司債,238,1,237,國泰-台南,2023-08-04,8884
6187,萬潤,198,19,179,國泰-台南,2023-08-04,8884
2462,良得電,168,6,162,國泰-台南,2023-08-04,8884
3715,定穎投控,102,5,97,國泰-台南,2023-08-04,8884
00720B,元大投資級公司債,116,27,89,國泰-台南,2023-08-04,8884
00929,復華台灣科技優息,237,148,89,國泰-台南,2023-08-04,8884
00751B,元大AAA至A公司債,96,28,68,國泰-台南,2023-08-04,8884
00900,富邦特選高股息30,96,30,66,國泰-台南,2023-08-04,8884
1216,統一,68,4,64,國泰-台南,2023-08-04,8884
00795B,中信美國公債20年,65,3,62,國泰-台南,2023-08-04,8884
2344,華邦電,137,75,62,國泰-台南,2023-08-04,8884
00712,復華富時不動產,119,64,55,國泰-台南,2023-08-04,8884
2610,華航,52,6,46,國泰-台南,2023-08-04,8884
8215,明基材,54,9,45,國泰-台南,2023-08-04,8884
2014,中鴻,89,44,45,國泰-台南,2023-08-04,8884
006208,富邦台50,43,2,41,國泰-台南,2023-08-04,8884
00725B,國泰投資級公司債,43,3,40,國泰-台南,2023-08-04,8884
7402,邑錡,46,7,39,國泰-台南,2023-08-04,8884
00722B,群益投資級電信債,39,0,39,國泰-台南,2023-08-04,8884
00923,群益台ESG低碳50,41,3,38,國泰-台南,2023-08-04,8884
3032,偉訓,47,9,38,國泰-台南,2023-08-04,8884
3209,全科,37,0,37,國泰-台南,2023-08-04,8884
00764B,群益25年美債,37,0,37,國泰-台南,2023-08-04,8884
2913,農林,449,414,35,國泰-台南,2023-08-04,8884
2801,彰銀,38,3,35,國泰-台南,2023-08-04,8884
1785,光洋科,84,49,35,國泰-台南,2023-08-04,8884
1529,樂事綠能,34,1,33,國泰-台南,2023-08-04,8884
2401,凌陽,32,1,31,國泰-台南,2023-08-04,8884
4160,訊聯基因,31,1,30,國泰-台南,2023-08-04,8884
00665L,富邦�琤肭磪囓�2,284,255,29,國泰-台南,2023-08-04,8884
1457,宜進,29,0,29,國泰-台南,2023-08-04,8884
2618,長榮航,148,119,29,國泰-台南,2023-08-04,8884
6170,統振,32,5,27,國泰-台南,2023-08-04,8884
1609,大亞,153,126,27,國泰-台南,2023-08-04,8884
00773B,中信優先金融債,36,10,26,國泰-台南,2023-08-04,8884
5371,中光電,49,23,26,國泰-台南,2023-08-04,8884
2356,英業達,153,128,25,國泰-台南,2023-08-04,8884
6585,鼎基,25,0,25,國泰-台南,2023-08-04,8884
2881,富邦金,28,7,21,國泰-台南,2023-08-04,8884
00782B,國泰A級公用債,21,0,21,國泰-台南,2023-08-04,8884
1905,華紙,89,70,19,國泰-台南,2023-08-04,8884
2330,台積電,24,6,18,國泰-台南,2023-08-04,8884
4746,台耀,51,34,17,國泰-台南,2023-08-04,8884
2885,元大金,20,3,17,國泰-台南,2023-08-04,8884
6120,達運,21,5,16,國泰-台南,2023-08-04,8884
00929,復華台灣科技優息,290,19,271,國泰-台南,2023-08-07,8884
00878,國泰永續高股息,497,268,229,國泰-台南,2023-08-07,8884
00632R,元大台灣50反1,251,69,182,國泰-台南,2023-08-07,8884
2610,華航,215,50,165,國泰-台南,2023-08-07,8884
4953,緯軟,111,2,109,國泰-台南,2023-08-07,8884
00687B,國泰20年美債,221,121,100,國泰-台南,2023-08-07,8884
2913,農林,167,72,95,國泰-台南,2023-08-07,8884
00923,群益台ESG低碳50,86,0,86,國泰-台南,2023-08-07,8884
2891,中信金,85,2,83,國泰-台南,2023-08-07,8884
3706,神達,613,534,79,國泰-台南,2023-08-07,8884
00650L,復華香港正2,78,3,75,國泰-台南,2023-08-07,8884
00772B,中信高評級公司債,89,25,64,國泰-台南,2023-08-07,8884
00751B,元大AAA至A公司債,74,10,64,國泰-台南,2023-08-07,8884
00900,富邦特選高股息30,73,10,63,國泰-台南,2023-08-07,8884
2618,長榮航,274,213,61,國泰-台南,2023-08-07,8884
2317,鴻海,80,23,57,國泰-台南,2023-08-07,8884
2356,英業達,218,171,47,國泰-台南,2023-08-07,8884
3024,憶聲,45,0,45,國泰-台南,2023-08-07,8884
8027,鈦昇,67,22,45,國泰-台南,2023-08-07,8884
00680L,元大美債20正2,59,26,33,國泰-台南,2023-08-07,8884
2464,盟立,59,27,32,國泰-台南,2023-08-07,8884
2323,中環,30,0,30,國泰-台南,2023-08-07,8884
00637L,元大滬深300正2,37,8,29,國泰-台南,2023-08-07,8884
3206,志豐,27,0,27,國泰-台南,2023-08-07,8884
2888,新光金,41,15,26,國泰-台南,2023-08-07,8884
8930,青鋼,37,12,25,國泰-台南,2023-08-07,8884
3576,聯合再生,25,1,24,國泰-台南,2023-08-07,8884
6125,廣運,81,57,24,國泰-台南,2023-08-07,8884
00795B,中信美國公債20年,33,9,24,國泰-台南,2023-08-07,8884
00673R,期元大S＆P原油反1,23,0,23,國泰-台南,2023-08-07,8884
6274,台燿,55,32,23,國泰-台南,2023-08-07,8884
6550,北極星藥業-KY,25,2,23,國泰-台南,2023-08-07,8884
2606,裕民,23,0,23,國泰-台南,2023-08-07,8884
3051,力特,24,2,22,國泰-台南,2023-08-07,8884
2014,中鴻,43,22,21,國泰-台南,2023-08-07,8884
5443,均豪,21,1,20,國泰-台南,2023-08-07,8884
8210,勤誠,31,11,20,國泰-台南,2023-08-07,8884
9105,泰金寶-DR,19,0,19,國泰-台南,2023-08-07,8884
8942,森鉅,20,2,18,國泰-台南,2023-08-07,8884
00882,中信中國高股息,19,2,17,國泰-台南,2023-08-07,8884
00753L,中信中國50正2,21,4,17,國泰-台南,2023-08-07,8884
2352,佳世達,75,58,17,國泰-台南,2023-08-07,8884
00877,復華中國5G,20,3,17,國泰-台南,2023-08-07,8884
3689,湧德,59,42,17,國泰-台南,2023-08-07,8884
00764B,群益25年美債,16,0,16,國泰-台南,2023-08-07,8884
2634,漢翔,22,6,16,國泰-台南,2023-08-07,8884
0056,元大高股息,144,128,16,國泰-台南,2023-08-07,8884
2006,東和鋼鐵,18,3,15,國泰-台南,2023-08-07,8884
00881,國泰台灣5G+,25,10,15,國泰-台南,2023-08-07,8884
6182,合晶,15,0,15,國泰-台南,2023-08-07,8884
00673R,期元大S＆P原油反1,336,16,320,國泰-台南,2023-08-08,8884
00900,富邦特選高股息30,252,13,239,國泰-台南,2023-08-08,8884
5452,佶優,213,9,204,國泰-台南,2023-08-08,8884
00929,復華台灣科技優息,260,59,201,國泰-台南,2023-08-08,8884
00931B,統一美債20年,120,5,115,國泰-台南,2023-08-08,8884
3231,緯創,529,428,101,國泰-台南,2023-08-08,8884
2303,聯電,94,1,93,國泰-台南,2023-08-08,8884
2801,彰銀,100,12,88,國泰-台南,2023-08-08,8884
00751B,元大AAA至A公司債,84,0,84,國泰-台南,2023-08-08,8884
2356,英業達,320,240,80,國泰-台南,2023-08-08,8884
00688L,國泰20年美債正2,79,0,79,國泰-台南,2023-08-08,8884
00795B,中信美國公債20年,81,4,77,國泰-台南,2023-08-08,8884
00923,群益台ESG低碳50,148,75,73,國泰-台南,2023-08-08,8884
2891,中信金,54,5,49,國泰-台南,2023-08-08,8884
006208,富邦台50,49,2,47,國泰-台南,2023-08-08,8884
00720B,元大投資級公司債,45,1,44,國泰-台南,2023-08-08,8884
2385,群光,43,0,43,國泰-台南,2023-08-08,8884
6183,關貿,41,0,41,國泰-台南,2023-08-08,8884
2352,佳世達,73,35,38,國泰-台南,2023-08-08,8884
1102,亞泥,40,3,37,國泰-台南,2023-08-08,8884
00687B,國泰20年美債,58,21,37,國泰-台南,2023-08-08,8884
2382,廣達,242,206,36,國泰-台南,2023-08-08,8884
4114,健喬,39,3,36,國泰-台南,2023-08-08,8884
1101,台泥,51,16,35,國泰-台南,2023-08-08,8884
00665L,富邦�琤肭磪囓�2,44,9,35,國泰-台南,2023-08-08,8884
6550,北極星藥業-KY,34,2,32,國泰-台南,2023-08-08,8884
8105,凌巨,30,0,30,國泰-台南,2023-08-08,8884
00882,中信中國高股息,30,1,29,國泰-台南,2023-08-08,8884
00679B,元大美債20年,30,1,29,國泰-台南,2023-08-08,8884
00891,中信關鍵半導體,28,0,28,國泰-台南,2023-08-08,8884
6176,瑞儀,30,2,28,國泰-台南,2023-08-08,8884
00753L,中信中國50正2,27,0,27,國泰-台南,2023-08-08,8884
1609,大亞,58,32,26,國泰-台南,2023-08-08,8884
00927,群益半導體收益,29,5,24,國泰-台南,2023-08-08,8884
2834,臺企銀,22,0,22,國泰-台南,2023-08-08,8884
2313,華通,61,39,22,國泰-台南,2023-08-08,8884
2609,陽明,31,10,21,國泰-台南,2023-08-08,8884
1529,樂事綠能,20,0,20,國泰-台南,2023-08-08,8884
00930,永豐ESG低碳高息,20,0,20,國泰-台南,2023-08-08,8884
2516,新建,19,0,19,國泰-台南,2023-08-08,8884
00919,群益台灣精選高息,19,0,19,國泰-台南,2023-08-08,8884
00706L,期元大S＆P日圓正2,18,0,18,國泰-台南,2023-08-08,8884
00680L,元大美債20正2,21,3,18,國泰-台南,2023-08-08,8884
2633,台灣高鐵,17,0,17,國泰-台南,2023-08-08,8884
2367,燿華,17,0,17,國泰-台南,2023-08-08,8884
0056,元大高股息,72,55,17,國泰-台南,2023-08-08,8884
2388,威盛,36,20,16,國泰-台南,2023-08-08,8884
00648R,元大S＆P500反1,16,0,16,國泰-台南,2023-08-08,8884
5009,榮剛,16,1,15,國泰-台南,2023-08-08,8884
5007,三星,15,0,15,國泰-台南,2023-08-08,8884
00929,復華台灣科技優息,300,24,276,國泰-台南,2023-08-09,8884
00900,富邦特選高股息30,216,5,211,國泰-台南,2023-08-09,8884
5439,高技,190,4,186,國泰-台南,2023-08-09,8884
2890,永豐金,140,16,124,國泰-台南,2023-08-09,8884
00665L,富邦�琤肭磪囓�2,136,37,99,國泰-台南,2023-08-09,8884
3231,緯創,365,293,72,國泰-台南,2023-08-09,8884
2892,第一金,75,13,62,國泰-台南,2023-08-09,8884
2002,中鋼,57,1,56,國泰-台南,2023-08-09,8884
00655L,國泰中國A50正2,51,3,48,國泰-台南,2023-08-09,8884
00878,國泰永續高股息,163,115,48,國泰-台南,2023-08-09,8884
00753L,中信中國50正2,62,16,46,國泰-台南,2023-08-09,8884
2388,威盛,129,83,46,國泰-台南,2023-08-09,8884
00923,群益台ESG低碳50,71,25,46,國泰-台南,2023-08-09,8884
6120,達運,46,3,43,國泰-台南,2023-08-09,8884
5880,合庫金,58,16,42,國泰-台南,2023-08-09,8884
00632R,元大台灣50反1,45,5,40,國泰-台南,2023-08-09,8884
00687B,國泰20年美債,72,36,36,國泰-台南,2023-08-09,8884
00751B,元大AAA至A公司債,34,0,34,國泰-台南,2023-08-09,8884
2409,友達,38,5,33,國泰-台南,2023-08-09,8884
1907,永豐餘,34,4,30,國泰-台南,2023-08-09,8884
00919,群益台灣精選高息,30,1,29,國泰-台南,2023-08-09,8884
9940,信義,25,0,25,國泰-台南,2023-08-09,8884
5386,青雲,27,3,24,國泰-台南,2023-08-09,8884
3013,晟銘電,43,20,23,國泰-台南,2023-08-09,8884
00720B,元大投資級公司債,23,1,22,國泰-台南,2023-08-09,8884
2027,大成鋼,22,0,22,國泰-台南,2023-08-09,8884
3363,上詮,27,6,21,國泰-台南,2023-08-09,8884
6194,育富,53,32,21,國泰-台南,2023-08-09,8884
00927,群益半導體收益,21,0,21,國泰-台南,2023-08-09,8884
6116,彩晶,21,0,21,國泰-台南,2023-08-09,8884
3711,日月光投控,21,1,20,國泰-台南,2023-08-09,8884
6550,北極星藥業-KY,21,1,20,國泰-台南,2023-08-09,8884
1504,東元,42,22,20,國泰-台南,2023-08-09,8884
6142,友勁,20,0,20,國泰-台南,2023-08-09,8884
6264,富裔,20,0,20,國泰-台南,2023-08-09,8884
2353,宏��,32,13,19,國泰-台南,2023-08-09,8884
1529,樂事綠能,23,4,19,國泰-台南,2023-08-09,8884
8155,博智,20,1,19,國泰-台南,2023-08-09,8884
3055,蔚華科,32,15,17,國泰-台南,2023-08-09,8884
1609,大亞,47,30,17,國泰-台南,2023-08-09,8884
1513,中興電,51,35,16,國泰-台南,2023-08-09,8884
3356,奇偶,33,17,16,國泰-台南,2023-08-09,8884
6282,康舒,63,48,15,國泰-台南,2023-08-09,8884
00733,富邦臺灣中小,15,0,15,國泰-台南,2023-08-09,8884
2382,廣達,197,183,14,國泰-台南,2023-08-09,8884
00679B,元大美債20年,28,14,14,國泰-台南,2023-08-09,8884
3257,虹冠電,55,41,14,國泰-台南,2023-08-09,8884
00907,永豐優息存股,13,0,13,國泰-台南,2023-08-09,8884
2312,金寶,16,3,13,國泰-台南,2023-08-09,8884
2352,佳世達,35,22,13,國泰-台南,2023-08-09,8884
00929,復華台灣科技優息,408,81,327,國泰-台南,2023-08-10,8884
2801,彰銀,318,18,300,國泰-台南,2023-08-10,8884
00878,國泰永續高股息,417,147,270,國泰-台南,2023-08-10,8884
5880,合庫金,267,5,262,國泰-台南,2023-08-10,8884
5439,高技,248,17,231,國泰-台南,2023-08-10,8884
3481,群創,230,43,187,國泰-台南,2023-08-10,8884
00900,富邦特選高股息30,170,0,170,國泰-台南,2023-08-10,8884
00753L,中信中國50正2,158,1,157,國泰-台南,2023-08-10,8884
00931B,統一美債20年,159,4,155,國泰-台南,2023-08-10,8884
2610,華航,256,104,152,國泰-台南,2023-08-10,8884
00673R,期元大S＆P原油反1,128,0,128,國泰-台南,2023-08-10,8884
2427,三商電,98,1,97,國泰-台南,2023-08-10,8884
2884,玉山金,110,18,92,國泰-台南,2023-08-10,8884
2886,兆豐金,165,74,91,國泰-台南,2023-08-10,8884
2888,新光金,156,66,90,國泰-台南,2023-08-10,8884
0056,元大高股息,149,60,89,國泰-台南,2023-08-10,8884
6282,康舒,159,85,74,國泰-台南,2023-08-10,8884
00923,群益台ESG低碳50,88,15,73,國泰-台南,2023-08-10,8884
2324,仁寶,94,23,71,國泰-台南,2023-08-10,8884
00919,群益台灣精選高息,70,3,67,國泰-台南,2023-08-10,8884
00751B,元大AAA至A公司債,65,6,59,國泰-台南,2023-08-10,8884
2344,華邦電,62,4,58,國泰-台南,2023-08-10,8884
2382,廣達,183,125,58,國泰-台南,2023-08-10,8884
2312,金寶,68,25,43,國泰-台南,2023-08-10,8884
00930,永豐ESG低碳高息,50,8,42,國泰-台南,2023-08-10,8884
5284,jpp-KY,49,7,42,國泰-台南,2023-08-10,8884
00772B,中信高評級公司債,42,3,39,國泰-台南,2023-08-10,8884
3206,志豐,41,3,38,國泰-台南,2023-08-10,8884
00631L,元大台灣50正2,38,1,37,國泰-台南,2023-08-10,8884
6116,彩晶,39,2,37,國泰-台南,2023-08-10,8884
2402,毅嘉,47,11,36,國泰-台南,2023-08-10,8884
2363,矽統,135,101,34,國泰-台南,2023-08-10,8884
2883,凱基金,42,9,33,國泰-台南,2023-08-10,8884
00891,中信關鍵半導體,32,0,32,國泰-台南,2023-08-10,8884
6183,關貿,28,0,28,國泰-台南,2023-08-10,8884
5386,青雲,27,0,27,國泰-台南,2023-08-10,8884
00650L,復華香港正2,27,0,27,國泰-台南,2023-08-10,8884
00927,群益半導體收益,26,0,26,國泰-台南,2023-08-10,8884
00764B,群益25年美債,26,0,26,國泰-台南,2023-08-10,8884
2376,技嘉,46,20,26,國泰-台南,2023-08-10,8884
1609,大亞,57,31,26,國泰-台南,2023-08-10,8884
00637L,元大滬深300正2,27,1,26,國泰-台南,2023-08-10,8884
6477,安集,26,0,26,國泰-台南,2023-08-10,8884
6550,北極星藥業-KY,25,0,25,國泰-台南,2023-08-10,8884
2002,中鋼,32,8,24,國泰-台南,2023-08-10,8884
1529,樂事綠能,25,3,22,國泰-台南,2023-08-10,8884
8210,勤誠,34,13,21,國泰-台南,2023-08-10,8884
5206,坤悅,20,0,20,國泰-台南,2023-08-10,8884
8112,至上,43,24,19,國泰-台南,2023-08-10,8884
3346,麗清,22,3,19,國泰-台南,2023-08-10,8884
2801,彰銀,752,153,599,國泰-台南,2023-08-11,8884
00931B,統一美債20年,272,3,269,國泰-台南,2023-08-11,8884
00665L,富邦�琤肭磪囓�2,226,88,138,國泰-台南,2023-08-11,8884
00687B,國泰20年美債,138,3,135,國泰-台南,2023-08-11,8884
00772B,中信高評級公司債,138,5,133,國泰-台南,2023-08-11,8884
00751B,元大AAA至A公司債,121,1,120,國泰-台南,2023-08-11,8884
2892,第一金,137,16,121,國泰-台南,2023-08-11,8884
00929,復華台灣科技優息,161,47,114,國泰-台南,2023-08-11,8884
00795B,中信美國公債20年,113,0,113,國泰-台南,2023-08-11,8884
2890,永豐金,104,6,98,國泰-台南,2023-08-11,8884
2883,凱基金,94,2,92,國泰-台南,2023-08-11,8884
00679B,元大美債20年,116,32,84,國泰-台南,2023-08-11,8884
2618,長榮航,244,170,74,國泰-台南,2023-08-11,8884
00632R,元大台灣50反1,131,61,70,國泰-台南,2023-08-11,8884
3231,緯創,369,300,69,國泰-台南,2023-08-11,8884
00900,富邦特選高股息30,69,1,68,國泰-台南,2023-08-11,8884
8050,廣積,84,27,57,國泰-台南,2023-08-11,8884
2002,中鋼,52,0,52,國泰-台南,2023-08-11,8884
3362,先進光,66,15,51,國泰-台南,2023-08-11,8884
6188,廣明,82,32,50,國泰-台南,2023-08-11,8884
00680L,元大美債20正2,55,6,49,國泰-台南,2023-08-11,8884
2888,新光金,100,53,47,國泰-台南,2023-08-11,8884
2851,中再保,44,0,44,國泰-台南,2023-08-11,8884
2889,國票金,43,0,43,國泰-台南,2023-08-11,8884
2885,元大金,47,6,41,國泰-台南,2023-08-11,8884
3567,逸昌,43,2,41,國泰-台南,2023-08-11,8884
00923,群益台ESG低碳50,43,2,41,國泰-台南,2023-08-11,8884
00878,國泰永續高股息,125,87,38,國泰-台南,2023-08-11,8884
00720B,元大投資級公司債,37,0,37,國泰-台南,2023-08-11,8884
1609,大亞,76,42,34,國泰-台南,2023-08-11,8884
00773B,中信優先金融債,33,4,29,國泰-台南,2023-08-11,8884
00706L,期元大S＆P日圓正2,43,14,29,國泰-台南,2023-08-11,8884
6770,力積電,37,8,29,國泰-台南,2023-08-11,8884
8936,國統,28,0,28,國泰-台南,2023-08-11,8884
5880,合庫金,30,3,27,國泰-台南,2023-08-11,8884
2301,光寶科,53,28,25,國泰-台南,2023-08-11,8884
6432,今展科,28,3,25,國泰-台南,2023-08-11,8884
00882,中信中國高股息,54,29,25,國泰-台南,2023-08-11,8884
6443,元晶,44,20,24,國泰-台南,2023-08-11,8884
00764B,群益25年美債,23,0,23,國泰-台南,2023-08-11,8884
3032,偉訓,24,2,22,國泰-台南,2023-08-11,8884
6550,北極星藥業-KY,25,3,22,國泰-台南,2023-08-11,8884
2356,英業達,563,541,22,國泰-台南,2023-08-11,8884
006208,富邦台50,22,1,21,國泰-台南,2023-08-11,8884
2317,鴻海,29,8,21,國泰-台南,2023-08-11,8884
3321,同泰,21,1,20,國泰-台南,2023-08-11,8884
6116,彩晶,23,4,19,國泰-台南,2023-08-11,8884
2206,三陽工業,38,20,18,國泰-台南,2023-08-11,8884
3481,群創,136,118,18,國泰-台南,2023-08-11,8884
6104,創惟,18,0,18,國泰-台南,2023-08-11,8884
00929,復華台灣科技優息,602,5,597,國泰-台南,2023-08-14,8884
00878,國泰永續高股息,555,127,428,國泰-台南,2023-08-14,8884
00900,富邦特選高股息30,319,12,307,國泰-台南,2023-08-14,8884
00882,中信中國高股息,247,47,200,國泰-台南,2023-08-14,8884
00931B,統一美債20年,187,1,186,國泰-台南,2023-08-14,8884
2610,華航,290,113,177,國泰-台南,2023-08-14,8884
00923,群益台ESG低碳50,148,4,144,國泰-台南,2023-08-14,8884
2316,楠梓電,201,82,119,國泰-台南,2023-08-14,8884
6625,必應,112,7,105,國泰-台南,2023-08-14,8884
2618,長榮航,157,61,96,國泰-台南,2023-08-14,8884
00680L,元大美債20正2,98,5,93,國泰-台南,2023-08-14,8884
00688L,國泰20年美債正2,85,2,83,國泰-台南,2023-08-14,8884
2892,第一金,98,15,83,國泰-台南,2023-08-14,8884
00665L,富邦�琤肭磪囓�2,80,8,72,國泰-台南,2023-08-14,8884
006208,富邦台50,70,1,69,國泰-台南,2023-08-14,8884
2363,矽統,198,132,66,國泰-台南,2023-08-14,8884
0050,元大台灣50,70,5,65,國泰-台南,2023-08-14,8884
00795B,中信美國公債20年,64,0,64,國泰-台南,2023-08-14,8884
00919,群益台灣精選高息,68,4,64,國泰-台南,2023-08-14,8884
2812,台中銀,64,0,64,國泰-台南,2023-08-14,8884
00637L,元大滬深300正2,82,21,61,國泰-台南,2023-08-14,8884
2356,英業達,177,118,59,國泰-台南,2023-08-14,8884
2323,中環,89,32,57,國泰-台南,2023-08-14,8884
3231,緯創,299,247,52,國泰-台南,2023-08-14,8884
00772B,中信高評級公司債,54,7,47,國泰-台南,2023-08-14,8884
2913,農林,53,9,44,國泰-台南,2023-08-14,8884
2897,王道銀行,44,0,44,國泰-台南,2023-08-14,8884
00751B,元大AAA至A公司債,73,29,44,國泰-台南,2023-08-14,8884
2344,華邦電,46,2,44,國泰-台南,2023-08-14,8884
8182,加高,44,0,44,國泰-台南,2023-08-14,8884
2027,大成鋼,56,13,43,國泰-台南,2023-08-14,8884
00907,永豐優息存股,44,0,44,國泰-台南,2023-08-14,8884
9105,泰金寶-DR,49,6,43,國泰-台南,2023-08-14,8884
00631L,元大台灣50正2,42,1,41,國泰-台南,2023-08-14,8884
2883,凱基金,46,7,39,國泰-台南,2023-08-14,8884
1785,光洋科,38,2,36,國泰-台南,2023-08-14,8884
2002,中鋼,37,3,34,國泰-台南,2023-08-14,8884
2884,玉山金,35,1,34,國泰-台南,2023-08-14,8884
2025,千興,31,0,31,國泰-台南,2023-08-14,8884
2834,臺企銀,34,3,31,國泰-台南,2023-08-14,8884
2882,國泰金,48,18,30,國泰-台南,2023-08-14,8884
1513,中興電,51,23,28,國泰-台南,2023-08-14,8884
3052,夆典,30,2,28,國泰-台南,2023-08-14,8884
1101,台泥,60,34,26,國泰-台南,2023-08-14,8884
2634,漢翔,37,13,24,國泰-台南,2023-08-14,8884
6477,安集,24,0,24,國泰-台南,2023-08-14,8884
00651R,復華香港反1,24,1,23,國泰-台南,2023-08-14,8884
2201,裕隆,24,1,23,國泰-台南,2023-08-14,8884
6550,北極星藥業-KY,23,2,21,國泰-台南,2023-08-14,8884
3540,曜越,20,0,20,國泰-台南,2023-08-14,8884
00679B,元大美債20年,300,7,293,國泰-台南,2023-08-15,8884
00929,復華台灣科技優息,297,16,281,國泰-台南,2023-08-15,8884
00900,富邦特選高股息30,238,4,234,國泰-台南,2023-08-15,8884
00923,群益台ESG低碳50,181,0,181,國泰-台南,2023-08-15,8884
00706L,期元大S＆P日圓正2,169,15,154,國泰-台南,2023-08-15,8884
3483,力致,167,18,149,國泰-台南,2023-08-15,8884
00772B,中信高評級公司債,121,1,120,國泰-台南,2023-08-15,8884
00632R,元大台灣50反1,186,85,101,國泰-台南,2023-08-15,8884
2887,台新金,108,11,97,國泰-台南,2023-08-15,8884
2317,鴻海,93,15,78,國泰-台南,2023-08-15,8884
00751B,元大AAA至A公司債,74,0,74,國泰-台南,2023-08-15,8884
00931B,統一美債20年,91,21,70,國泰-台南,2023-08-15,8884
6625,必應,67,1,66,國泰-台南,2023-08-15,8884
2891,中信金,74,11,63,國泰-台南,2023-08-15,8884
00712,復華富時不動產,68,5,63,國泰-台南,2023-08-15,8884
3481,群創,105,46,59,國泰-台南,2023-08-15,8884
00687B,國泰20年美債,57,0,57,國泰-台南,2023-08-15,8884
2892,第一金,64,12,52,國泰-台南,2023-08-15,8884
00795B,中信美國公債20年,51,0,51,國泰-台南,2023-08-15,8884
2883,凱基金,57,17,40,國泰-台南,2023-08-15,8884
2618,長榮航,89,49,40,國泰-台南,2023-08-15,8884
2884,玉山金,51,12,39,國泰-台南,2023-08-15,8884
2382,廣達,200,165,35,國泰-台南,2023-08-15,8884
00673R,期元大S＆P原油反1,32,0,32,國泰-台南,2023-08-15,8884
2834,臺企銀,35,3,32,國泰-台南,2023-08-15,8884
2736,富野,30,0,30,國泰-台南,2023-08-15,8884
00885,富邦越南,56,27,29,國泰-台南,2023-08-15,8884
2323,中環,95,67,28,國泰-台南,2023-08-15,8884
00680L,元大美債20正2,28,1,27,國泰-台南,2023-08-15,8884
2002,中鋼,33,8,25,國泰-台南,2023-08-15,8884
00907,永豐優息存股,25,0,25,國泰-台南,2023-08-15,8884
00720B,元大投資級公司債,25,0,25,國泰-台南,2023-08-15,8884
2027,大成鋼,36,12,24,國泰-台南,2023-08-15,8884
00928,中信上櫃ESG30,25,3,22,國泰-台南,2023-08-15,8884
6187,萬潤,24,2,22,國泰-台南,2023-08-15,8884
3689,湧德,22,1,21,國泰-台南,2023-08-15,8884
2353,宏��,51,31,20,國泰-台南,2023-08-15,8884
00664R,國泰臺灣加權反1,20,0,20,國泰-台南,2023-08-15,8884
2316,楠梓電,28,8,20,國泰-台南,2023-08-15,8884
2881,富邦金,36,17,19,國泰-台南,2023-08-15,8884
2913,農林,39,21,18,國泰-台南,2023-08-15,8884
2006,東和鋼鐵,22,4,18,國泰-台南,2023-08-15,8884
2633,台灣高鐵,17,0,17,國泰-台南,2023-08-15,8884
3078,僑威,112,95,17,國泰-台南,2023-08-15,8884
5880,合庫金,21,4,17,國泰-台南,2023-08-15,8884
2324,仁寶,343,328,15,國泰-台南,2023-08-15,8884
6418,詠昇,16,1,15,國泰-台南,2023-08-15,8884
1529,樂事綠能,33,18,15,國泰-台南,2023-08-15,8884
2356,英業達,195,180,15,國泰-台南,2023-08-15,8884
5258,虹堡,15,1,14,國泰-台南,2023-08-15,8884
3338,泰碩,485,3,482,國泰-台南,2023-08-16,8884
00929,復華台灣科技優息,478,15,463,國泰-台南,2023-08-16,8884
2838,聯邦銀,300,3,297,國泰-台南,2023-08-16,8884
00650L,復華香港正2,242,0,242,國泰-台南,2023-08-16,8884
00923,群益台ESG低碳50,183,4,179,國泰-台南,2023-08-16,8884
00680L,元大美債20正2,163,10,153,國泰-台南,2023-08-16,8884
00712,復華富時不動產,200,47,153,國泰-台南,2023-08-16,8884
00878,國泰永續高股息,397,263,134,國泰-台南,2023-08-16,8884
2890,永豐金,129,3,126,國泰-台南,2023-08-16,8884
2812,台中銀,139,16,123,國泰-台南,2023-08-16,8884
00772B,中信高評級公司債,105,1,104,國泰-台南,2023-08-16,8884
2610,華航,117,26,91,國泰-台南,2023-08-16,8884
2303,聯電,119,31,88,國泰-台南,2023-08-16,8884
2880,華南金,104,19,85,國泰-台南,2023-08-16,8884
00687B,國泰20年美債,115,31,84,國泰-台南,2023-08-16,8884
2891,中信金,101,30,71,國泰-台南,2023-08-16,8884
3481,群創,130,67,63,國泰-台南,2023-08-16,8884
2884,玉山金,66,5,61,國泰-台南,2023-08-16,8884
00907,永豐優息存股,60,0,60,國泰-台南,2023-08-16,8884
00688L,國泰20年美債正2,60,0,60,國泰-台南,2023-08-16,8884
00795B,中信美國公債20年,61,3,58,國泰-台南,2023-08-16,8884
00665L,富邦�琤肭磪囓�2,58,5,53,國泰-台南,2023-08-16,8884
3567,逸昌,53,2,51,國泰-台南,2023-08-16,8884
2002,中鋼,50,2,48,國泰-台南,2023-08-16,8884
00706L,期元大S＆P日圓正2,66,19,47,國泰-台南,2023-08-16,8884
2317,鴻海,59,13,46,國泰-台南,2023-08-16,8884
2329,華泰,114,70,44,國泰-台南,2023-08-16,8884
2834,臺企銀,57,14,43,國泰-台南,2023-08-16,8884
00751B,元大AAA至A公司債,52,10,42,國泰-台南,2023-08-16,8884
1101,台泥,51,11,40,國泰-台南,2023-08-16,8884
4188,安克,39,0,39,國泰-台南,2023-08-16,8884
2460,建通,45,7,38,國泰-台南,2023-08-16,8884
1301,台塑,38,1,37,國泰-台南,2023-08-16,8884
00679B,元大美債20年,52,17,35,國泰-台南,2023-08-16,8884
00900,富邦特選高股息30,90,56,34,國泰-台南,2023-08-16,8884
2332,友訊,112,80,32,國泰-台南,2023-08-16,8884
2892,第一金,38,6,32,國泰-台南,2023-08-16,8884
00720B,元大投資級公司債,47,15,32,國泰-台南,2023-08-16,8884
2618,長榮航,53,25,28,國泰-台南,2023-08-16,8884
006208,富邦台50,26,0,26,國泰-台南,2023-08-16,8884
6231,系微,30,4,26,國泰-台南,2023-08-16,8884
2845,遠東銀,38,14,24,國泰-台南,2023-08-16,8884
00722B,群益投資級電信債,23,0,23,國泰-台南,2023-08-16,8884
2603,長榮,28,5,23,國泰-台南,2023-08-16,8884
8087,麗升能源,23,0,23,國泰-台南,2023-08-16,8884
00753L,中信中國50正2,23,0,23,國泰-台南,2023-08-16,8884
5457,宣德,23,0,23,國泰-台南,2023-08-16,8884
00764B,群益25年美債,22,0,22,國泰-台南,2023-08-16,8884
9945,潤泰新,23,2,21,國泰-台南,2023-08-16,8884
3622,洋華,27,7,20,國泰-台南,2023-08-16,8884
00676R,富邦臺灣加權反1,450,0,450,國泰-台南,2023-08-17,8884
00674R,期元大S＆P黃金反1,300,0,300,國泰-台南,2023-08-17,8884
00680L,元大美債20正2,202,3,199,國泰-台南,2023-08-17,8884
1471,首利,202,12,190,國泰-台南,2023-08-17,8884
00772B,中信高評級公司債,191,10,181,國泰-台南,2023-08-17,8884
00929,復華台灣科技優息,240,69,171,國泰-台南,2023-08-17,8884
00632R,元大台灣50反1,170,7,163,國泰-台南,2023-08-17,8884
3338,泰碩,190,40,150,國泰-台南,2023-08-17,8884
00751B,元大AAA至A公司債,137,0,137,國泰-台南,2023-08-17,8884
00687B,國泰20年美債,159,35,124,國泰-台南,2023-08-17,8884
00720B,元大投資級公司債,114,0,114,國泰-台南,2023-08-17,8884
00931B,統一美債20年,187,81,106,國泰-台南,2023-08-17,8884
3231,緯創,453,367,86,國泰-台南,2023-08-17,8884
00722B,群益投資級電信債,78,0,78,國泰-台南,2023-08-17,8884
5210,寶碩,67,0,67,國泰-台南,2023-08-17,8884
8050,廣積,105,39,66,國泰-台南,2023-08-17,8884
3704,合勤控,58,4,54,國泰-台南,2023-08-17,8884
2363,矽統,147,93,54,國泰-台南,2023-08-17,8884
2887,台新金,82,31,51,國泰-台南,2023-08-17,8884
00679B,元大美債20年,69,22,47,國泰-台南,2023-08-17,8884
00882,中信中國高股息,107,61,46,國泰-台南,2023-08-17,8884
2002,中鋼,57,12,45,國泰-台南,2023-08-17,8884
00857B,永豐20年美公債,74,30,44,國泰-台南,2023-08-17,8884
1815,富喬,42,1,41,國泰-台南,2023-08-17,8884
3051,力特,84,43,41,國泰-台南,2023-08-17,8884
00795B,中信美國公債20年,40,0,40,國泰-台南,2023-08-17,8884
2891,中信金,53,14,39,國泰-台南,2023-08-17,8884
00764B,群益25年美債,38,0,38,國泰-台南,2023-08-17,8884
9945,潤泰新,38,5,33,國泰-台南,2023-08-17,8884
2880,華南金,36,5,31,國泰-台南,2023-08-17,8884
6142,友勁,30,0,30,國泰-台南,2023-08-17,8884
2303,聯電,43,15,28,國泰-台南,2023-08-17,8884
00631L,元大台灣50正2,30,2,28,國泰-台南,2023-08-17,8884
00712,復華富時不動產,89,61,28,國泰-台南,2023-08-17,8884
00923,群益台ESG低碳50,32,6,26,國泰-台南,2023-08-17,8884
00665L,富邦�琤肭磪囓�2,31,6,25,國泰-台南,2023-08-17,8884
3088,艾訊,24,0,24,國泰-台南,2023-08-17,8884
2323,中環,77,53,24,國泰-台南,2023-08-17,8884
2884,玉山金,22,1,21,國泰-台南,2023-08-17,8884
1101,台泥,47,26,21,國泰-台南,2023-08-17,8884
6770,力積電,27,7,20,國泰-台南,2023-08-17,8884
2316,楠梓電,26,6,20,國泰-台南,2023-08-17,8884
6231,系微,22,3,19,國泰-台南,2023-08-17,8884
2409,友達,26,7,19,國泰-台南,2023-08-17,8884
2886,兆豐金,40,22,18,國泰-台南,2023-08-17,8884
3306,鼎天,74,57,17,國泰-台南,2023-08-17,8884
2201,裕隆,21,4,17,國泰-台南,2023-08-17,8884
00761B,國泰A級公司債,16,0,16,國泰-台南,2023-08-17,8884
2324,仁寶,468,452,16,國泰-台南,2023-08-17,8884
9904,寶成,15,0,15,國泰-台南,2023-08-17,8884
00929,復華台灣科技優息,475,108,367,國泰-台南,2023-08-18,8884
3231,緯創,406,217,189,國泰-台南,2023-08-18,8884
00878,國泰永續高股息,255,104,151,國泰-台南,2023-08-18,8884
2363,矽統,426,337,89,國泰-台南,2023-08-18,8884
00772B,中信高評級公司債,81,0,81,國泰-台南,2023-08-18,8884
00665L,富邦�琤肭磪囓�2,89,17,72,國泰-台南,2023-08-18,8884
00751B,元大AAA至A公司債,60,0,60,國泰-台南,2023-08-18,8884
3715,定穎投控,193,135,58,國泰-台南,2023-08-18,8884
2356,英業達,163,107,56,國泰-台南,2023-08-18,8884
00857B,永豐20年美公債,52,0,52,國泰-台南,2023-08-18,8884
3056,富華新,56,5,51,國泰-台南,2023-08-18,8884
3540,曜越,50,0,50,國泰-台南,2023-08-18,8884
2324,仁寶,300,254,46,國泰-台南,2023-08-18,8884
2382,廣達,235,189,46,國泰-台南,2023-08-18,8884
00900,富邦特選高股息30,45,0,45,國泰-台南,2023-08-18,8884
00882,中信中國高股息,52,9,43,國泰-台南,2023-08-18,8884
3035,智原,87,45,42,國泰-台南,2023-08-18,8884
00687B,國泰20年美債,40,2,38,國泰-台南,2023-08-18,8884
00720B,元大投資級公司債,61,23,38,國泰-台南,2023-08-18,8884
6188,廣明,57,21,36,國泰-台南,2023-08-18,8884
00931B,統一美債20年,45,10,35,國泰-台南,2023-08-18,8884
6625,必應,40,5,35,國泰-台南,2023-08-18,8884
2883,凱基金,35,1,34,國泰-台南,2023-08-18,8884
1101,台泥,57,24,33,國泰-台南,2023-08-18,8884
3051,力特,73,42,31,國泰-台南,2023-08-18,8884
00632R,元大台灣50反1,65,36,29,國泰-台南,2023-08-18,8884
6187,萬潤,38,9,29,國泰-台南,2023-08-18,8884
00679B,元大美債20年,52,24,28,國泰-台南,2023-08-18,8884
0056,元大高股息,53,26,27,國泰-台南,2023-08-18,8884
6550,北極星藥業-KY,30,3,27,國泰-台南,2023-08-18,8884
2634,漢翔,29,3,26,國泰-台南,2023-08-18,8884
2344,華邦電,26,0,26,國泰-台南,2023-08-18,8884
2891,中信金,38,13,25,國泰-台南,2023-08-18,8884
1609,大亞,36,13,23,國泰-台南,2023-08-18,8884
2332,友訊,96,73,23,國泰-台南,2023-08-18,8884
2323,中環,29,6,23,國泰-台南,2023-08-18,8884
9105,泰金寶-DR,22,0,22,國泰-台南,2023-08-18,8884
2618,長榮航,69,47,22,國泰-台南,2023-08-18,8884
3163,波若威,61,39,22,國泰-台南,2023-08-18,8884
00881,國泰台灣5G+,25,3,22,國泰-台南,2023-08-18,8884
0050,元大台灣50,26,5,21,國泰-台南,2023-08-18,8884
2415,錩新,63,43,20,國泰-台南,2023-08-18,8884
5381,合正,20,0,20,國泰-台南,2023-08-18,8884
2355,敬鵬,48,29,19,國泰-台南,2023-08-18,8884
6209,今國光,19,0,19,國泰-台南,2023-08-18,8884
2301,光寶科,60,41,19,國泰-台南,2023-08-18,8884
6235,華孚,64,46,18,國泰-台南,2023-08-18,8884
00930,永豐ESG低碳高息,17,0,17,國泰-台南,2023-08-18,8884
2402,毅嘉,93,76,17,國泰-台南,2023-08-18,8884
5210,寶碩,17,0,17,國泰-台南,2023-08-18,8884
00929,復華台灣科技優息,268,56,212,國泰-台南,2023-08-21,8884
3483,力致,213,34,179,國泰-台南,2023-08-21,8884
00680L,元大美債20正2,115,3,112,國泰-台南,2023-08-21,8884
00639,富邦深100,110,0,110,國泰-台南,2023-08-21,8884
00632R,元大台灣50反1,105,0,105,國泰-台南,2023-08-21,8884
00751B,元大AAA至A公司債,96,0,96,國泰-台南,2023-08-21,8884
00772B,中信高評級公司債,88,3,85,國泰-台南,2023-08-21,8884
00687B,國泰20年美債,109,41,68,國泰-台南,2023-08-21,8884
2516,新建,67,1,66,國泰-台南,2023-08-21,8884
00722B,群益投資級電信債,50,0,50,國泰-台南,2023-08-21,8884
00679B,元大美債20年,59,9,50,國泰-台南,2023-08-21,8884
00882,中信中國高股息,74,24,50,國泰-台南,2023-08-21,8884
5608,四維航,116,68,48,國泰-台南,2023-08-21,8884
1216,統一,46,0,46,國泰-台南,2023-08-21,8884
2363,矽統,411,368,43,國泰-台南,2023-08-21,8884
9919,康那香,43,1,42,國泰-台南,2023-08-21,8884
00931B,統一美債20年,61,19,42,國泰-台南,2023-08-21,8884
006206,元大上證50,40,0,40,國泰-台南,2023-08-21,8884
2382,廣達,229,191,38,國泰-台南,2023-08-21,8884
00712,復華富時不動產,39,2,37,國泰-台南,2023-08-21,8884
3306,鼎天,130,94,36,國泰-台南,2023-08-21,8884
0050,元大台灣50,33,1,32,國泰-台南,2023-08-21,8884
00706L,期元大S＆P日圓正2,40,10,30,國泰-台南,2023-08-21,8884
2353,宏��,65,35,30,國泰-台南,2023-08-21,8884
2883,凱基金,31,2,29,國泰-台南,2023-08-21,8884
9904,寶成,28,0,28,國泰-台南,2023-08-21,8884
3706,神達,71,43,28,國泰-台南,2023-08-21,8884
00696B,富邦美債20年,28,0,28,國泰-台南,2023-08-21,8884
00650L,復華香港正2,27,0,27,國泰-台南,2023-08-21,8884
2329,華泰,60,34,26,國泰-台南,2023-08-21,8884
00688L,國泰20年美債正2,276,250,26,國泰-台南,2023-08-21,8884
2324,仁寶,82,57,25,國泰-台南,2023-08-21,8884
1802,台玻,25,0,25,國泰-台南,2023-08-21,8884
00919,群益台灣精選高息,27,2,25,國泰-台南,2023-08-21,8884
00885,富邦越南,96,73,23,國泰-台南,2023-08-21,8884
2610,華航,41,18,23,國泰-台南,2023-08-21,8884
8358,金居,35,12,23,國泰-台南,2023-08-21,8884
5381,合正,22,0,22,國泰-台南,2023-08-21,8884
2883B,凱基金乙特,22,0,22,國泰-台南,2023-08-21,8884
4906,正文,50,29,21,國泰-台南,2023-08-21,8884
2332,友訊,69,48,21,國泰-台南,2023-08-21,8884
9105,泰金寶-DR,20,0,20,國泰-台南,2023-08-21,8884
00637L,元大滬深300正2,28,9,19,國泰-台南,2023-08-21,8884
2881,富邦金,23,4,19,國泰-台南,2023-08-21,8884
1504,東元,23,5,18,國泰-台南,2023-08-21,8884
00795B,中信美國公債20年,18,0,18,國泰-台南,2023-08-21,8884
2637,慧洋-KY,22,4,18,國泰-台南,2023-08-21,8884
1609,大亞,25,6,19,國泰-台南,2023-08-21,8884
8210,勤誠,43,26,17,國泰-台南,2023-08-21,8884
2612,中航,30,14,16,國泰-台南,2023-08-21,8884
00680L,元大美債20正2,430,72,358,國泰-台南,2023-08-22,8884
00929,復華台灣科技優息,257,112,145,國泰-台南,2023-08-22,8884
2421,建準,209,96,113,國泰-台南,2023-08-22,8884
2409,友達,95,2,93,國泰-台南,2023-08-22,8884
3483,力致,114,25,89,國泰-台南,2023-08-22,8884
00795B,中信美國公債20年,76,2,74,國泰-台南,2023-08-22,8884
3567,逸昌,61,1,60,國泰-台南,2023-08-22,8884
1471,首利,84,30,54,國泰-台南,2023-08-22,8884
00676R,富邦臺灣加權反1,50,0,50,國泰-台南,2023-08-22,8884
6550,北極星藥業-KY,45,0,45,國泰-台南,2023-08-22,8884
2891,中信金,57,14,43,國泰-台南,2023-08-22,8884
00751B,元大AAA至A公司債,41,0,41,國泰-台南,2023-08-22,8884
00772B,中信高評級公司債,41,0,41,國泰-台南,2023-08-22,8884
00931B,統一美債20年,41,1,40,國泰-台南,2023-08-22,8884
00637L,元大滬深300正2,71,32,39,國泰-台南,2023-08-22,8884
00650L,復華香港正2,35,0,35,國泰-台南,2023-08-22,8884
6125,廣運,100,66,34,國泰-台南,2023-08-22,8884
00712,復華富時不動產,48,16,32,國泰-台南,2023-08-22,8884
00639,富邦深100,60,30,30,國泰-台南,2023-08-22,8884
6108,競國,33,3,30,國泰-台南,2023-08-22,8884
2449,京元電子,150,121,29,國泰-台南,2023-08-22,8884
2812,台中銀,34,7,27,國泰-台南,2023-08-22,8884
3163,波若威,79,52,27,國泰-台南,2023-08-22,8884
3324,雙鴻,31,5,26,國泰-台南,2023-08-22,8884
2002,中鋼,35,9,26,國泰-台南,2023-08-22,8884
2888,新光金,25,0,25,國泰-台南,2023-08-22,8884
2356,英業達,141,116,25,國泰-台南,2023-08-22,8884
1513,中興電,37,13,24,國泰-台南,2023-08-22,8884
6182,合晶,30,7,23,國泰-台南,2023-08-22,8884
2745,五福,24,2,22,國泰-台南,2023-08-22,8884
2230,泰茂,20,0,20,國泰-台南,2023-08-22,8884
00882,中信中國高股息,33,13,20,國泰-台南,2023-08-22,8884
2886,兆豐金,20,1,19,國泰-台南,2023-08-22,8884
6282,康舒,38,20,18,國泰-台南,2023-08-22,8884
2374,佳能,19,1,18,國泰-台南,2023-08-22,8884
2882,國泰金,18,3,15,國泰-台南,2023-08-22,8884
2637,慧洋-KY,30,15,15,國泰-台南,2023-08-22,8884
5388,中磊,20,5,15,國泰-台南,2023-08-22,8884
3032,偉訓,17,3,14,國泰-台南,2023-08-22,8884
6104,創惟,14,0,14,國泰-台南,2023-08-22,8884
2605,新興,28,15,13,國泰-台南,2023-08-22,8884
1504,東元,23,10,13,國泰-台南,2023-08-22,8884
1786,科妍,13,0,13,國泰-台南,2023-08-22,8884
2634,漢翔,26,13,13,國泰-台南,2023-08-22,8884
1301,台塑,13,0,13,國泰-台南,2023-08-22,8884
3693,營邦,19,7,12,國泰-台南,2023-08-22,8884
2834,臺企銀,16,4,12,國泰-台南,2023-08-22,8884
3231,緯創,228,216,12,國泰-台南,2023-08-22,8884
00665L,富邦�琤肭磪囓�2,14,2,12,國泰-台南,2023-08-22,8884
2515,中工,12,0,12,國泰-台南,2023-08-22,8884
00688L,國泰20年美債正2,437,20,417,國泰-台南,2023-08-23,8884
2915,潤泰全,259,0,259,國泰-台南,2023-08-23,8884
2886,兆豐金,236,2,234,國泰-台南,2023-08-23,8884
00676R,富邦臺灣加權反1,200,0,200,國泰-台南,2023-08-23,8884
00680L,元大美債20正2,137,6,131,國泰-台南,2023-08-23,8884
2618,長榮航,153,67,86,國泰-台南,2023-08-23,8884
3021,鴻名,121,41,80,國泰-台南,2023-08-23,8884
6282,康舒,115,37,78,國泰-台南,2023-08-23,8884
4906,正文,134,58,76,國泰-台南,2023-08-23,8884
00632R,元大台灣50反1,92,27,65,國泰-台南,2023-08-23,8884
3013,晟銘電,392,336,56,國泰-台南,2023-08-23,8884
00712,復華富時不動產,53,2,51,國泰-台南,2023-08-23,8884
2609,陽明,53,4,49,國泰-台南,2023-08-23,8884
2610,華航,191,145,46,國泰-台南,2023-08-23,8884
5284,jpp-KY,43,2,41,國泰-台南,2023-08-23,8884
2332,友訊,107,73,34,國泰-台南,2023-08-23,8884
1609,大亞,41,8,33,國泰-台南,2023-08-23,8884
3483,力致,36,6,30,國泰-台南,2023-08-23,8884
00919,群益台灣精選高息,31,2,29,國泰-台南,2023-08-23,8884
1802,台玻,25,0,25,國泰-台南,2023-08-23,8884
1605,華新,26,1,25,國泰-台南,2023-08-23,8884
2882,國泰金,27,3,24,國泰-台南,2023-08-23,8884
2486,一詮,42,19,23,國泰-台南,2023-08-23,8884
3163,波若威,87,66,21,國泰-台南,2023-08-23,8884
2884,玉山金,25,5,20,國泰-台南,2023-08-23,8884
2002,中鋼,22,2,20,國泰-台南,2023-08-23,8884
2355,敬鵬,67,47,20,國泰-台南,2023-08-23,8884
2880,華南金,25,7,18,國泰-台南,2023-08-23,8884
2883,凱基金,22,4,18,國泰-台南,2023-08-23,8884
1737,臺鹽,29,12,17,國泰-台南,2023-08-23,8884
5009,榮剛,20,3,17,國泰-台南,2023-08-23,8884
3308,聯德,27,11,16,國泰-台南,2023-08-23,8884
00772B,中信高評級公司債,17,1,16,國泰-台南,2023-08-23,8884
00891,中信關鍵半導體,15,0,15,國泰-台南,2023-08-23,8884
2303,聯電,27,12,15,國泰-台南,2023-08-23,8884
3071,協禧,35,21,14,國泰-台南,2023-08-23,8884
9927,泰銘,13,0,13,國泰-台南,2023-08-23,8884
3704,合勤控,14,1,13,國泰-台南,2023-08-23,8884
3056,富華新,13,1,12,國泰-台南,2023-08-23,8884
1519,華城,86,73,13,國泰-台南,2023-08-23,8884
00923,群益台ESG低碳50,13,1,12,國泰-台南,2023-08-23,8884
6167,久正,24,12,12,國泰-台南,2023-08-23,8884
9105,泰金寶-DR,11,0,11,國泰-台南,2023-08-23,8884
2542,興富發,11,0,11,國泰-台南,2023-08-23,8884
2329,華泰,48,36,12,國泰-台南,2023-08-23,8884
1905,華紙,21,10,11,國泰-台南,2023-08-23,8884
2363,矽統,327,316,11,國泰-台南,2023-08-23,8884
6451,訊芯-KY,11,0,11,國泰-台南,2023-08-23,8884
2630,亞航,19,8,11,國泰-台南,2023-08-23,8884
2605,新興,88,77,11,國泰-台南,2023-08-23,8884
00676R,富邦臺灣加權反1,200,2,198,國泰-台南,2023-08-24,8884
3231,緯創,557,387,170,國泰-台南,2023-08-24,8884
00929,復華台灣科技優息,320,198,122,國泰-台南,2023-08-24,8884
00857B,永豐20年美公債,100,0,100,國泰-台南,2023-08-24,8884
00882,中信中國高股息,124,24,100,國泰-台南,2023-08-24,8884
2618,長榮航,94,21,73,國泰-台南,2023-08-24,8884
2884,玉山金,73,4,69,國泰-台南,2023-08-24,8884
2880,華南金,67,5,62,國泰-台南,2023-08-24,8884
2344,華邦電,92,36,56,國泰-台南,2023-08-24,8884
2356,英業達,166,113,53,國泰-台南,2023-08-24,8884
00919,群益台灣精選高息,59,7,52,國泰-台南,2023-08-24,8884
00706L,期元大S＆P日圓正2,49,0,49,國泰-台南,2023-08-24,8884
1216,統一,49,1,48,國泰-台南,2023-08-24,8884
00753L,中信中國50正2,65,21,44,國泰-台南,2023-08-24,8884
8234,新漢,43,2,41,國泰-台南,2023-08-24,8884
6168,宏齊,53,13,40,國泰-台南,2023-08-24,8884
00715L,期街口布蘭特正2,37,1,36,國泰-台南,2023-08-24,8884
2615,萬海,38,2,36,國泰-台南,2023-08-24,8884
2316,楠梓電,33,0,33,國泰-台南,2023-08-24,8884
00720B,元大投資級公司債,41,11,30,國泰-台南,2023-08-24,8884
3706,神達,69,39,30,國泰-台南,2023-08-24,8884
2892,第一金,32,3,29,國泰-台南,2023-08-24,8884
2002,中鋼,30,3,27,國泰-台南,2023-08-24,8884
2609,陽明,42,15,27,國泰-台南,2023-08-24,8884
2324,仁寶,108,81,27,國泰-台南,2023-08-24,8884
1802,台玻,27,2,25,國泰-台南,2023-08-24,8884
00631L,元大台灣50正2,34,9,25,國泰-台南,2023-08-24,8884
2419,仲琦,90,66,24,國泰-台南,2023-08-24,8884
2538,基泰,22,1,21,國泰-台南,2023-08-24,8884
2460,建通,19,0,19,國泰-台南,2023-08-24,8884
2323,中環,23,4,19,國泰-台南,2023-08-24,8884
00679B,元大美債20年,24,7,17,國泰-台南,2023-08-24,8884
4532,瑞智,17,0,17,國泰-台南,2023-08-24,8884
1477,聚陽,24,8,16,國泰-台南,2023-08-24,8884
1905,華紙,22,7,15,國泰-台南,2023-08-24,8884
1402,遠東新,15,0,15,國泰-台南,2023-08-24,8884
2724,藝舍-KY,15,0,15,國泰-台南,2023-08-24,8884
4543,萬在,49,34,15,國泰-台南,2023-08-24,8884
5469,瀚宇博,21,8,13,國泰-台南,2023-08-24,8884
2882,國泰金,24,11,13,國泰-台南,2023-08-24,8884
3094,聯傑,18,5,13,國泰-台南,2023-08-24,8884
3163,波若威,25,12,13,國泰-台南,2023-08-24,8884
2368,金像電,42,30,12,國泰-台南,2023-08-24,8884
9904,寶成,12,0,12,國泰-台南,2023-08-24,8884
2440,太空梭,16,4,12,國泰-台南,2023-08-24,8884
00923,群益台ESG低碳50,30,18,12,國泰-台南,2023-08-24,8884
2501,國建,11,0,11,國泰-台南,2023-08-24,8884
1584,精剛,14,3,11,國泰-台南,2023-08-24,8884
8210,勤誠,31,20,11,國泰-台南,2023-08-24,8884
6142,友勁,11,0,11,國泰-台南,2023-08-24,8884
00929,復華台灣科技優息,716,143,573,國泰-台南,2023-08-25,8884
00878,國泰永續高股息,638,141,497,國泰-台南,2023-08-25,8884
00632R,元大台灣50反1,558,211,347,國泰-台南,2023-08-25,8884
3231,緯創,547,231,316,國泰-台南,2023-08-25,8884
00919,群益台灣精選高息,237,5,232,國泰-台南,2023-08-25,8884
2618,長榮航,186,34,152,國泰-台南,2023-08-25,8884
2324,仁寶,120,27,93,國泰-台南,2023-08-25,8884
4908,前鼎,89,2,87,國泰-台南,2023-08-25,8884
2634,漢翔,138,64,74,國泰-台南,2023-08-25,8884
1471,首利,79,6,73,國泰-台南,2023-08-25,8884
2382,廣達,173,109,64,國泰-台南,2023-08-25,8884
00830,國泰費城半導體,61,2,59,國泰-台南,2023-08-25,8884
2485,兆赫,182,123,59,國泰-台南,2023-08-25,8884
2230,泰茂,62,11,51,國泰-台南,2023-08-25,8884
0056,元大高股息,94,44,50,國泰-台南,2023-08-25,8884
3311,閎暉,47,3,44,國泰-台南,2023-08-25,8884
2002,中鋼,49,7,42,國泰-台南,2023-08-25,8884
3567,逸昌,52,12,40,國泰-台南,2023-08-25,8884
00923,群益台ESG低碳50,42,3,39,國泰-台南,2023-08-25,8884
2409,友達,37,1,36,國泰-台南,2023-08-25,8884
2363,矽統,455,424,31,國泰-台南,2023-08-25,8884
3324,雙鴻,40,10,30,國泰-台南,2023-08-25,8884
6168,宏齊,58,28,30,國泰-台南,2023-08-25,8884
3037,欣興,51,21,30,國泰-台南,2023-08-25,8884
00679B,元大美債20年,36,7,29,國泰-台南,2023-08-25,8884
00757,統一FANG+,31,2,29,國泰-台南,2023-08-25,8884
5880,合庫金,30,1,29,國泰-台南,2023-08-25,8884
00712,復華富時不動產,32,3,29,國泰-台南,2023-08-25,8884
2331,精英,89,61,28,國泰-台南,2023-08-25,8884
2891,中信金,27,0,27,國泰-台南,2023-08-25,8884
0050,元大台灣50,29,2,27,國泰-台南,2023-08-25,8884
8086,宏捷科,26,0,26,國泰-台南,2023-08-25,8884
4129,聯合,26,0,26,國泰-台南,2023-08-25,8884
00900,富邦特選高股息30,24,0,24,國泰-台南,2023-08-25,8884
5381,合正,25,2,23,國泰-台南,2023-08-25,8884
2330,台積電,25,2,23,國泰-台南,2023-08-25,8884
2889,國票金,22,0,22,國泰-台南,2023-08-25,8884
2903,遠百,32,10,22,國泰-台南,2023-08-25,8884
2884,玉山金,22,2,20,國泰-台南,2023-08-25,8884
912000,晨訊科-DR,20,0,20,國泰-台南,2023-08-25,8884
3094,聯傑,39,19,20,國泰-台南,2023-08-25,8884
2303,聯電,29,11,18,國泰-台南,2023-08-25,8884
2743,山富,32,14,18,國泰-台南,2023-08-25,8884
3017,奇鋐,27,10,17,國泰-台南,2023-08-25,8884
8027,鈦昇,30,13,17,國泰-台南,2023-08-25,8884
2421,建準,65,48,17,國泰-台南,2023-08-25,8884
5371,中光電,19,2,17,國泰-台南,2023-08-25,8884
2317,鴻海,19,3,16,國泰-台南,2023-08-25,8884
1504,東元,34,19,15,國泰-台南,2023-08-25,8884
00665L,富邦�琤肭磪囓�2,16,1,15,國泰-台南,2023-08-25,8884
00929,復華台灣科技優息,495,125,370,國泰-台南,2023-08-28,8884
00680L,元大美債20正2,228,1,227,國泰-台南,2023-08-28,8884
00878,國泰永續高股息,252,128,124,國泰-台南,2023-08-28,8884
00676R,富邦臺灣加權反1,100,0,100,國泰-台南,2023-08-28,8884
2883,凱基金,95,20,75,國泰-台南,2023-08-28,8884
2485,兆赫,103,40,63,國泰-台南,2023-08-28,8884
00669R,國泰美國道瓊反1,50,0,50,國泰-台南,2023-08-28,8884
1737,臺鹽,98,50,48,國泰-台南,2023-08-28,8884
00919,群益台灣精選高息,51,6,45,國泰-台南,2023-08-28,8884
2816,旺旺保,50,5,45,國泰-台南,2023-08-28,8884
2610,華航,66,24,42,國泰-台南,2023-08-28,8884
00673R,期元大S＆P原油反1,42,0,42,國泰-台南,2023-08-28,8884
3094,聯傑,71,32,39,國泰-台南,2023-08-28,8884
2323,中環,39,1,38,國泰-台南,2023-08-28,8884
3051,力特,83,46,37,國泰-台南,2023-08-28,8884
00671R,富邦NASDAQ反1,37,0,37,國泰-台南,2023-08-28,8884
00712,復華富時不動產,69,34,35,國泰-台南,2023-08-28,8884
2388,威盛,148,116,32,國泰-台南,2023-08-28,8884
00687B,國泰20年美債,42,13,29,國泰-台南,2023-08-28,8884
1471,首利,48,20,28,國泰-台南,2023-08-28,8884
2884,玉山金,31,5,26,國泰-台南,2023-08-28,8884
2834,臺企銀,30,4,26,國泰-台南,2023-08-28,8884
4906,正文,135,109,26,國泰-台南,2023-08-28,8884
00720B,元大投資級公司債,25,0,25,國泰-台南,2023-08-28,8884
1217,愛之味,21,0,21,國泰-台南,2023-08-28,8884
2314,台揚,21,0,21,國泰-台南,2023-08-28,8884
1609,大亞,19,0,19,國泰-台南,2023-08-28,8884
2301,光寶科,56,37,19,國泰-台南,2023-08-28,8884
00688L,國泰20年美債正2,20,2,18,國泰-台南,2023-08-28,8884
00923,群益台ESG低碳50,19,2,17,國泰-台南,2023-08-28,8884
2449,京元電子,67,51,16,國泰-台南,2023-08-28,8884
00900,富邦特選高股息30,21,5,16,國泰-台南,2023-08-28,8884
00882,中信中國高股息,24,8,16,國泰-台南,2023-08-28,8884
5706,鳳凰,23,8,15,國泰-台南,2023-08-28,8884
1513,中興電,18,3,15,國泰-台南,2023-08-28,8884
3576,聯合再生,17,2,15,國泰-台南,2023-08-28,8884
2615,萬海,14,0,14,國泰-台南,2023-08-28,8884
2748,雲品,22,9,13,國泰-台南,2023-08-28,8884
6156,松上,17,4,13,國泰-台南,2023-08-28,8884
6125,廣運,110,97,13,國泰-台南,2023-08-28,8884
6285,啟��,43,31,12,國泰-台南,2023-08-28,8884
00898,國泰基因免疫革命,11,0,11,國泰-台南,2023-08-28,8884
2402,毅嘉,21,10,11,國泰-台南,2023-08-28,8884
2002,中鋼,17,7,10,國泰-台南,2023-08-28,8884
1303,南亞,10,0,10,國泰-台南,2023-08-28,8884
1210,大成,12,2,10,國泰-台南,2023-08-28,8884
3035,智原,37,27,10,國泰-台南,2023-08-28,8884
8086,宏捷科,10,0,10,國泰-台南,2023-08-28,8884
3624,光頡,10,0,10,國泰-台南,2023-08-28,8884
5210,寶碩,10,0,10,國泰-台南,2023-08-28,8884
3163,波若威,240,88,152,國泰-台南,2023-08-29,8884
2363,矽統,615,502,113,國泰-台南,2023-08-29,8884
00676R,富邦臺灣加權反1,100,0,100,國泰-台南,2023-08-29,8884
00919,群益台灣精選高息,88,1,87,國泰-台南,2023-08-29,8884
8222,寶一,91,9,82,國泰-台南,2023-08-29,8884
8050,廣積,79,13,66,國泰-台南,2023-08-29,8884
2312,金寶,114,52,62,國泰-台南,2023-08-29,8884
2317,鴻海,76,14,62,國泰-台南,2023-08-29,8884
0056,元大高股息,113,69,44,國泰-台南,2023-08-29,8884
00720B,元大投資級公司債,45,2,43,國泰-台南,2023-08-29,8884
00878,國泰永續高股息,113,70,43,國泰-台南,2023-08-29,8884
00882,中信中國高股息,37,0,37,國泰-台南,2023-08-29,8884
2002,中鋼,36,5,31,國泰-台南,2023-08-29,8884
2402,毅嘉,60,32,28,國泰-台南,2023-08-29,8884
2303,聯電,50,23,27,國泰-台南,2023-08-29,8884
4581,光隆精密-KY,25,0,25,國泰-台南,2023-08-29,8884
1785,光洋科,24,0,24,國泰-台南,2023-08-29,8884
00931B,統一美債20年,22,0,22,國泰-台南,2023-08-29,8884
8046,南電,22,1,21,國泰-台南,2023-08-29,8884
2486,一詮,46,25,21,國泰-台南,2023-08-29,8884
00679B,元大美債20年,35,15,20,國泰-台南,2023-08-29,8884
2883,凱基金,32,12,20,國泰-台南,2023-08-29,8884
2615,萬海,22,3,19,國泰-台南,2023-08-29,8884
1737,臺鹽,28,9,19,國泰-台南,2023-08-29,8884
2388,威盛,39,24,15,國泰-台南,2023-08-29,8884
2332,友訊,63,48,15,國泰-台南,2023-08-29,8884
1301,台塑,15,0,15,國泰-台南,2023-08-29,8884
00651R,復華香港反1,15,0,15,國泰-台南,2023-08-29,8884
4114,健喬,15,0,15,國泰-台南,2023-08-29,8884
00671R,富邦NASDAQ反1,15,0,15,國泰-台南,2023-08-29,8884
9904,寶成,14,0,14,國泰-台南,2023-08-29,8884
2610,華航,29,15,14,國泰-台南,2023-08-29,8884
5457,宣德,15,1,14,國泰-台南,2023-08-29,8884
4207,環泰,15,1,14,國泰-台南,2023-08-29,8884
00631L,元大台灣50正2,22,8,14,國泰-台南,2023-08-29,8884
0050,元大台灣50,24,10,14,國泰-台南,2023-08-29,8884
00900,富邦特選高股息30,18,4,14,國泰-台南,2023-08-29,8884
3576,聯合再生,15,2,13,國泰-台南,2023-08-29,8884
6167,久正,19,6,13,國泰-台南,2023-08-29,8884
6183,關貿,13,0,13,國泰-台南,2023-08-29,8884
1477,聚陽,15,2,13,國泰-台南,2023-08-29,8884
2618,長榮航,15,2,13,國泰-台南,2023-08-29,8884
2440,太空梭,14,2,12,國泰-台南,2023-08-29,8884
00724B,群益投資級金融債,12,0,12,國泰-台南,2023-08-29,8884
2903,遠百,12,0,12,國泰-台南,2023-08-29,8884
2913,農林,12,2,10,國泰-台南,2023-08-29,8884
5880,合庫金,11,1,10,國泰-台南,2023-08-29,8884
2027,大成鋼,11,1,10,國泰-台南,2023-08-29,8884
2511,太子,10,0,10,國泰-台南,2023-08-29,8884
2834,臺企銀,10,0,10,國泰-台南,2023-08-29,8884
3715,定穎投控,323,157,166,國泰-台南,2023-08-30,8884
00673R,期元大S＆P原油反1,139,0,139,國泰-台南,2023-08-30,8884
8086,宏捷科,162,30,132,國泰-台南,2023-08-30,8884
00929,復華台灣科技優息,182,60,122,國泰-台南,2023-08-30,8884
00706L,期元大S＆P日圓正2,100,2,98,國泰-台南,2023-08-30,8884
2332,友訊,86,25,61,國泰-台南,2023-08-30,8884
00680L,元大美債20正2,59,12,47,國泰-台南,2023-08-30,8884
00720B,元大投資級公司債,38,0,38,國泰-台南,2023-08-30,8884
00919,群益台灣精選高息,42,5,37,國泰-台南,2023-08-30,8884
00752,中信中國50,37,2,35,國泰-台南,2023-08-30,8884
00923,群益台ESG低碳50,41,7,34,國泰-台南,2023-08-30,8884
6168,宏齊,55,21,34,國泰-台南,2023-08-30,8884
00637L,元大滬深300正2,47,14,33,國泰-台南,2023-08-30,8884
2891,中信金,33,2,31,國泰-台南,2023-08-30,8884
3324,雙鴻,33,2,31,國泰-台南,2023-08-30,8884
2610,華航,37,9,28,國泰-台南,2023-08-30,8884
2630,亞航,43,16,27,國泰-台南,2023-08-30,8884
00676R,富邦臺灣加權反1,39,12,27,國泰-台南,2023-08-30,8884
2324,仁寶,47,20,27,國泰-台南,2023-08-30,8884
2618,長榮航,47,22,25,國泰-台南,2023-08-30,8884
6443,元晶,28,5,23,國泰-台南,2023-08-30,8884
6550,北極星藥業-KY,23,0,23,國泰-台南,2023-08-30,8884
3051,力特,56,33,23,國泰-台南,2023-08-30,8884
6183,關貿,22,0,22,國泰-台南,2023-08-30,8884
5225,東科-KY,21,0,21,國泰-台南,2023-08-30,8884
2887,台新金,55,34,21,國泰-台南,2023-08-30,8884
3034,聯詠,27,7,20,國泰-台南,2023-08-30,8884
2390,云辰,19,1,18,國泰-台南,2023-08-30,8884
1101,台泥,27,10,17,國泰-台南,2023-08-30,8884
6538,倉和,27,10,17,國泰-台南,2023-08-30,8884
2331,精英,94,77,17,國泰-台南,2023-08-30,8884
2495,普安,18,2,16,國泰-台南,2023-08-30,8884
4581,光隆精密-KY,16,0,16,國泰-台南,2023-08-30,8884
6015,宏遠證,94,78,16,國泰-台南,2023-08-30,8884
1609,大亞,20,6,14,國泰-台南,2023-08-30,8884
3257,虹冠電,24,11,13,國泰-台南,2023-08-30,8884
2105,正新,25,13,12,國泰-台南,2023-08-30,8884
1909,榮成,12,0,12,國泰-台南,2023-08-30,8884
8069,元太,16,5,11,國泰-台南,2023-08-30,8884
2886,兆豐金,11,0,11,國泰-台南,2023-08-30,8884
3308,聯德,33,22,11,國泰-台南,2023-08-30,8884
00882,中信中國高股息,16,5,11,國泰-台南,2023-08-30,8884
2427,三商電,10,0,10,國泰-台南,2023-08-30,8884
2889,國票金,10,0,10,國泰-台南,2023-08-30,8884
8112,至上,13,3,10,國泰-台南,2023-08-30,8884
9105,泰金寶-DR,10,0,10,國泰-台南,2023-08-30,8884
00696B,富邦美債20年,10,0,10,國泰-台南,2023-08-30,8884
3094,聯傑,14,4,10,國泰-台南,2023-08-30,8884
6126,信音,24,14,10,國泰-台南,2023-08-30,8884
00679B,元大美債20年,10,0,10,國泰-台南,2023-08-30,8884
00929,復華台灣科技優息,612,163,449,國泰-台南,2023-08-31,8884
2834,臺企銀,411,11,400,國泰-台南,2023-08-31,8884
6438,迅得,162,0,162,國泰-台南,2023-08-31,8884
00882,中信中國高股息,138,34,104,國泰-台南,2023-08-31,8884
2337,旺宏,264,160,104,國泰-台南,2023-08-31,8884
2332,友訊,107,6,101,國泰-台南,2023-08-31,8884
6167,久正,81,0,81,國泰-台南,2023-08-31,8884
1216,統一,62,0,62,國泰-台南,2023-08-31,8884
2891,中信金,57,3,54,國泰-台南,2023-08-31,8884
00665L,富邦�琤肭磪囓�2,71,18,53,國泰-台南,2023-08-31,8884
2645,長榮航太,58,10,48,國泰-台南,2023-08-31,8884
5381,合正,93,52,41,國泰-台南,2023-08-31,8884
1802,台玻,79,38,41,國泰-台南,2023-08-31,8884
2883,凱基金,46,10,36,國泰-台南,2023-08-31,8884
2324,仁寶,68,32,36,國泰-台南,2023-08-31,8884
6015,宏遠證,35,0,35,國泰-台南,2023-08-31,8884
2630,亞航,199,165,34,國泰-台南,2023-08-31,8884
9105,泰金寶-DR,31,0,31,國泰-台南,2023-08-31,8884
1101,台泥,45,16,29,國泰-台南,2023-08-31,8884
2884,玉山金,29,1,28,國泰-台南,2023-08-31,8884
2887,台新金,34,7,27,國泰-台南,2023-08-31,8884
3311,閎暉,26,0,26,國泰-台南,2023-08-31,8884
00923,群益台ESG低碳50,30,4,26,國泰-台南,2023-08-31,8884
0050,元大台灣50,26,2,24,國泰-台南,2023-08-31,8884
2892,第一金,26,2,24,國泰-台南,2023-08-31,8884
1605,華新,29,5,24,國泰-台南,2023-08-31,8884
2880,華南金,32,8,24,國泰-台南,2023-08-31,8884
6285,啟��,72,49,23,國泰-台南,2023-08-31,8884
2002,中鋼,23,1,22,國泰-台南,2023-08-31,8884
2890,永豐金,22,1,21,國泰-台南,2023-08-31,8884
00919,群益台灣精選高息,57,37,20,國泰-台南,2023-08-31,8884
5009,榮剛,24,5,19,國泰-台南,2023-08-31,8884
2436,偉詮電,83,65,18,國泰-台南,2023-08-31,8884
00632R,元大台灣50反1,24,6,18,國泰-台南,2023-08-31,8884
6213,聯茂,87,70,17,國泰-台南,2023-08-31,8884
00931B,統一美債20年,16,0,16,國泰-台南,2023-08-31,8884
2886,兆豐金,19,3,16,國泰-台南,2023-08-31,8884
2881,富邦金,19,4,15,國泰-台南,2023-08-31,8884
2402,毅嘉,632,616,16,國泰-台南,2023-08-31,8884
00752,中信中國50,15,0,15,國泰-台南,2023-08-31,8884
3059,華晶科,15,0,15,國泰-台南,2023-08-31,8884
9904,寶成,14,0,14,國泰-台南,2023-08-31,8884
3006,晶豪科,27,13,14,國泰-台南,2023-08-31,8884
0056,元大高股息,37,23,14,國泰-台南,2023-08-31,8884
2303,聯電,46,32,14,國泰-台南,2023-08-31,8884
00885,富邦越南,31,19,12,國泰-台南,2023-08-31,8884
2615,萬海,17,5,12,國泰-台南,2023-08-31,8884
3046,建��,27,15,12,國泰-台南,2023-08-31,8884
3622,洋華,17,5,12,國泰-台南,2023-08-31,8884
8926,台汽電,13,2,11,國泰-台南,2023-08-31,8884
2618,長榮航,497,46,451,國泰-台南,2023-09-01,8884
00929,復華台灣科技優息,431,21,410,國泰-台南,2023-09-01,8884
00919,群益台灣精選高息,313,2,311,國泰-台南,2023-09-01,8884
00932,兆豐永續高息等權,192,0,192,國泰-台南,2023-09-01,8884
3231,緯創,308,199,109,國泰-台南,2023-09-01,8884
1605,華新,111,14,97,國泰-台南,2023-09-01,8884
5488,松普,92,2,90,國泰-台南,2023-09-01,8884
3481,群創,97,22,75,國泰-台南,2023-09-01,8884
2376,技嘉,287,213,74,國泰-台南,2023-09-01,8884
2356,英業達,109,42,67,國泰-台南,2023-09-01,8884
00673R,期元大S＆P原油反1,74,10,64,國泰-台南,2023-09-01,8884
3264,欣銓,66,4,62,國泰-台南,2023-09-01,8884
00706L,期元大S＆P日圓正2,61,0,61,國泰-台南,2023-09-01,8884
4933,友輝,72,12,60,國泰-台南,2023-09-01,8884
1609,大亞,50,10,40,國泰-台南,2023-09-01,8884
00637L,元大滬深300正2,40,2,38,國泰-台南,2023-09-01,8884
2002,中鋼,49,12,37,國泰-台南,2023-09-01,8884
2884,玉山金,55,19,36,國泰-台南,2023-09-01,8884
2485,兆赫,231,196,35,國泰-台南,2023-09-01,8884
2329,華泰,64,30,34,國泰-台南,2023-09-01,8884
3706,神達,55,23,32,國泰-台南,2023-09-01,8884
2382,廣達,73,42,31,國泰-台南,2023-09-01,8884
6282,康舒,41,11,30,國泰-台南,2023-09-01,8884
2363,矽統,508,478,30,國泰-台南,2023-09-01,8884
00878,國泰永續高股息,131,102,29,國泰-台南,2023-09-01,8884
0056,元大高股息,61,33,28,國泰-台南,2023-09-01,8884
2324,仁寶,51,24,27,國泰-台南,2023-09-01,8884
6235,華孚,50,26,24,國泰-台南,2023-09-01,8884
00915,凱基優選高股息30,23,0,23,國泰-台南,2023-09-01,8884
00680L,元大美債20正2,22,1,21,國泰-台南,2023-09-01,8884
00931B,統一美債20年,24,3,21,國泰-台南,2023-09-01,8884
6213,聯茂,64,43,21,國泰-台南,2023-09-01,8884
2838,聯邦銀,20,0,20,國泰-台南,2023-09-01,8884
6015,宏遠證,25,6,19,國泰-台南,2023-09-01,8884
00923,群益台ESG低碳50,20,2,18,國泰-台南,2023-09-01,8884
2332,友訊,33,15,18,國泰-台南,2023-09-01,8884
8210,勤誠,23,7,16,國泰-台南,2023-09-01,8884
00751B,元大AAA至A公司債,20,4,16,國泰-台南,2023-09-01,8884
4906,正文,53,38,15,國泰-台南,2023-09-01,8884
6173,信昌電,16,2,14,國泰-台南,2023-09-01,8884
6165,浪凡,15,1,14,國泰-台南,2023-09-01,8884
8215,明基材,14,0,14,國泰-台南,2023-09-01,8884
3051,力特,42,28,14,國泰-台南,2023-09-01,8884
3037,欣興,18,4,14,國泰-台南,2023-09-01,8884
3362,先進光,13,0,13,國泰-台南,2023-09-01,8884
1513,中興電,66,54,12,國泰-台南,2023-09-01,8884
8926,台汽電,14,2,12,國泰-台南,2023-09-01,8884
2421,建準,26,15,11,國泰-台南,2023-09-01,8884
3715,定穎投控,213,202,11,國泰-台南,2023-09-01,8884
8908,欣雄,11,0,11,國泰-台南,2023-09-01,8884
00929,復華台灣科技優息,454,140,314,國泰-台南,2023-09-04,8884
2409,友達,177,2,175,國泰-台南,2023-09-04,8884
00919,群益台灣精選高息,194,31,163,國泰-台南,2023-09-04,8884
00637L,元大滬深300正2,172,43,129,國泰-台南,2023-09-04,8884
00751B,元大AAA至A公司債,90,0,90,國泰-台南,2023-09-04,8884
00665L,富邦�琤肭磪囓�2,136,47,89,國泰-台南,2023-09-04,8884
00931B,統一美債20年,73,4,69,國泰-台南,2023-09-04,8884
00857B,永豐20年美公債,69,0,69,國泰-台南,2023-09-04,8884
1802,台玻,212,146,66,國泰-台南,2023-09-04,8884
3548,兆利,88,25,63,國泰-台南,2023-09-04,8884
00720B,元大投資級公司債,61,0,61,國泰-台南,2023-09-04,8884
2886,兆豐金,65,4,61,國泰-台南,2023-09-04,8884
00687B,國泰20年美債,57,1,56,國泰-台南,2023-09-04,8884
2371,大同,88,34,54,國泰-台南,2023-09-04,8884
2884,玉山金,61,8,53,國泰-台南,2023-09-04,8884
2838,聯邦銀,51,0,51,國泰-台南,2023-09-04,8884
00772B,中信高評級公司債,50,2,48,國泰-台南,2023-09-04,8884
00679B,元大美債20年,45,0,45,國泰-台南,2023-09-04,8884
2888,新光金,50,5,45,國泰-台南,2023-09-04,8884
1471,首利,43,0,43,國泰-台南,2023-09-04,8884
6213,聯茂,58,22,36,國泰-台南,2023-09-04,8884
3567,逸昌,46,10,36,國泰-台南,2023-09-04,8884
3481,群創,48,12,36,國泰-台南,2023-09-04,8884
6183,關貿,35,0,35,國泰-台南,2023-09-04,8884
3622,洋華,59,25,34,國泰-台南,2023-09-04,8884
2402,毅嘉,285,254,31,國泰-台南,2023-09-04,8884
4711,永純,30,0,30,國泰-台南,2023-09-04,8884
2332,友訊,57,28,29,國泰-台南,2023-09-04,8884
2634,漢翔,40,11,29,國泰-台南,2023-09-04,8884
6418,詠昇,29,1,28,國泰-台南,2023-09-04,8884
2882,國泰金,32,7,25,國泰-台南,2023-09-04,8884
2812,台中銀,40,15,25,國泰-台南,2023-09-04,8884
2331,精英,63,39,24,國泰-台南,2023-09-04,8884
00795B,中信美國公債20年,29,7,22,國泰-台南,2023-09-04,8884
3078,僑威,24,2,22,國泰-台南,2023-09-04,8884
2363,矽統,274,252,22,國泰-台南,2023-09-04,8884
00932,兆豐永續高息等權,30,9,21,國泰-台南,2023-09-04,8884
3051,力特,108,88,20,國泰-台南,2023-09-04,8884
2438,翔耀,20,0,20,國泰-台南,2023-09-04,8884
4167,松瑞藥,20,1,19,國泰-台南,2023-09-04,8884
00915,凱基優選高股息30,32,13,19,國泰-台南,2023-09-04,8884
2881,富邦金,25,6,19,國泰-台南,2023-09-04,8884
1591,駿吉-KY,18,0,18,國泰-台南,2023-09-04,8884
2633,台灣高鐵,19,1,18,國泰-台南,2023-09-04,8884
00722B,群益投資級電信債,16,0,16,國泰-台南,2023-09-04,8884
2303,聯電,28,12,16,國泰-台南,2023-09-04,8884
2412,中華電,20,4,16,國泰-台南,2023-09-04,8884
2488,漢平,19,3,16,國泰-台南,2023-09-04,8884
2887,台新金,21,5,16,國泰-台南,2023-09-04,8884
00907,永豐優息存股,15,0,15,國泰-台南,2023-09-04,8884
00929,復華台灣科技優息,592,295,297,國泰-台南,2023-09-05,8884
2363,矽統,403,247,156,國泰-台南,2023-09-05,8884
00919,群益台灣精選高息,169,81,88,國泰-台南,2023-09-05,8884
6282,康舒,108,21,87,國泰-台南,2023-09-05,8884
00931B,統一美債20年,77,1,76,國泰-台南,2023-09-05,8884
00915,凱基優選高股息30,65,2,63,國泰-台南,2023-09-05,8884
00665L,富邦�琤肭磪囓�2,62,1,61,國泰-台南,2023-09-05,8884
2312,金寶,112,61,51,國泰-台南,2023-09-05,8884
2618,長榮航,45,3,42,國泰-台南,2023-09-05,8884
2332,友訊,44,4,40,國泰-台南,2023-09-05,8884
6550,北極星藥業-KY,35,1,34,國泰-台南,2023-09-05,8884
2436,偉詮電,187,154,33,國泰-台南,2023-09-05,8884
00706L,期元大S＆P日圓正2,32,0,32,國泰-台南,2023-09-05,8884
2834,臺企銀,31,0,31,國泰-台南,2023-09-05,8884
8081,致新,34,3,31,國泰-台南,2023-09-05,8884
2610,華航,38,8,30,國泰-台南,2023-09-05,8884
1314,中石化,31,2,29,國泰-台南,2023-09-05,8884
00751B,元大AAA至A公司債,28,0,28,國泰-台南,2023-09-05,8884
3051,力特,222,195,27,國泰-台南,2023-09-05,8884
1217,愛之味,30,4,26,國泰-台南,2023-09-05,8884
2401,凌陽,67,43,24,國泰-台南,2023-09-05,8884
8222,寶一,34,10,24,國泰-台南,2023-09-05,8884
00795B,中信美國公債20年,21,0,21,國泰-台南,2023-09-05,8884
3231,緯創,77,56,21,國泰-台南,2023-09-05,8884
00680L,元大美債20正2,21,0,21,國泰-台南,2023-09-05,8884
00857B,永豐20年美公債,21,0,21,國泰-台南,2023-09-05,8884
00903,富邦元宇宙,20,0,20,國泰-台南,2023-09-05,8884
00631L,元大台灣50正2,19,0,19,國泰-台南,2023-09-05,8884
8926,台汽電,21,2,19,國泰-台南,2023-09-05,8884
1101,台泥,28,10,18,國泰-台南,2023-09-05,8884
00679B,元大美債20年,18,0,18,國泰-台南,2023-09-05,8884
00713,元大台灣高息低波,28,10,18,國泰-台南,2023-09-05,8884
00900,富邦特選高股息30,21,3,18,國泰-台南,2023-09-05,8884
2887,台新金,19,2,17,國泰-台南,2023-09-05,8884
6191,精成科,26,9,17,國泰-台南,2023-09-05,8884
2344,華邦電,25,8,17,國泰-台南,2023-09-05,8884
00882,中信中國高股息,24,8,16,國泰-台南,2023-09-05,8884
00753L,中信中國50正2,20,4,16,國泰-台南,2023-09-05,8884
00687B,國泰20年美債,16,0,16,國泰-台南,2023-09-05,8884
00757,統一FANG+,16,1,15,國泰-台南,2023-09-05,8884
4743,合一,14,0,14,國泰-台南,2023-09-05,8884
00932,兆豐永續高息等權,14,0,14,國泰-台南,2023-09-05,8884
5347,世界,14,0,14,國泰-台南,2023-09-05,8884
6531,愛普*,45,31,14,國泰-台南,2023-09-05,8884
2340,台亞,37,23,14,國泰-台南,2023-09-05,8884
3545,敦泰,28,14,14,國泰-台南,2023-09-05,8884
2409,友達,25,11,14,國泰-台南,2023-09-05,8884
6122,擎邦,67,54,13,國泰-台南,2023-09-05,8884
6125,廣運,32,19,13,國泰-台南,2023-09-05,8884
6472,保瑞,17,4,13,國泰-台南,2023-09-05,8884
00929,復華台灣科技優息,1433,544,889,國泰-台南,2023-09-06,8884
00751B,元大AAA至A公司債,173,7,166,國泰-台南,2023-09-06,8884
2409,友達,168,16,152,國泰-台南,2023-09-06,8884
00706L,期元大S＆P日圓正2,148,0,148,國泰-台南,2023-09-06,8884
00919,群益台灣精選高息,293,146,147,國泰-台南,2023-09-06,8884
3481,群創,116,12,104,國泰-台南,2023-09-06,8884
00665L,富邦�琤肭磪囓�2,97,0,97,國泰-台南,2023-09-06,8884
00673R,期元大S＆P原油反1,137,49,88,國泰-台南,2023-09-06,8884
1101,台泥,87,5,82,國泰-台南,2023-09-06,8884
00882,中信中國高股息,77,1,76,國泰-台南,2023-09-06,8884
00931B,統一美債20年,68,1,67,國泰-台南,2023-09-06,8884
00680L,元大美債20正2,65,0,65,國泰-台南,2023-09-06,8884
2891,中信金,64,1,63,國泰-台南,2023-09-06,8884
2883,凱基金,60,1,59,國泰-台南,2023-09-06,8884
3625,西勝,56,0,56,國泰-台南,2023-09-06,8884
1303,南亞,51,0,51,國泰-台南,2023-09-06,8884
00715L,期街口布蘭特正2,55,5,50,國泰-台南,2023-09-06,8884
00932,兆豐永續高息等權,50,0,50,國泰-台南,2023-09-06,8884
6271,同欣電,48,1,47,國泰-台南,2023-09-06,8884
3548,兆利,125,78,47,國泰-台南,2023-09-06,8884
00720B,元大投資級公司債,44,0,44,國泰-台南,2023-09-06,8884
00687B,國泰20年美債,44,0,44,國泰-台南,2023-09-06,8884
2401,凌陽,138,102,36,國泰-台南,2023-09-06,8884
00713,元大台灣高息低波,33,0,33,國泰-台南,2023-09-06,8884
6015,宏遠證,41,10,31,國泰-台南,2023-09-06,8884
00722B,群益投資級電信債,30,0,30,國泰-台南,2023-09-06,8884
00903,富邦元宇宙,30,0,30,國泰-台南,2023-09-06,8884
2887,台新金,91,63,28,國泰-台南,2023-09-06,8884
2884,玉山金,29,1,28,國泰-台南,2023-09-06,8884
2603,長榮,28,0,28,國泰-台南,2023-09-06,8884
2002,中鋼,32,5,27,國泰-台南,2023-09-06,8884
2880,華南金,28,1,27,國泰-台南,2023-09-06,8884
00923,群益台ESG低碳50,33,7,26,國泰-台南,2023-09-06,8884
6183,關貿,26,0,26,國泰-台南,2023-09-06,8884
6550,北極星藥業-KY,26,0,26,國泰-台南,2023-09-06,8884
2535,達欣工,27,3,24,國泰-台南,2023-09-06,8884
00885,富邦越南,26,2,24,國泰-台南,2023-09-06,8884
2618,長榮航,66,43,23,國泰-台南,2023-09-06,8884
2027,大成鋼,24,0,24,國泰-台南,2023-09-06,8884
1217,愛之味,22,0,22,國泰-台南,2023-09-06,8884
00857B,永豐20年美公債,22,0,22,國泰-台南,2023-09-06,8884
00688L,國泰20年美債正2,22,0,22,國泰-台南,2023-09-06,8884
00915,凱基優選高股息30,77,55,22,國泰-台南,2023-09-06,8884
2888,新光金,39,17,22,國泰-台南,2023-09-06,8884
3715,定穎投控,233,211,22,國泰-台南,2023-09-06,8884
00795B,中信美國公債20年,23,2,21,國泰-台南,2023-09-06,8884
3362,先進光,30,10,20,國泰-台南,2023-09-06,8884
00738U,期元大道瓊白銀,20,0,20,國泰-台南,2023-09-06,8884
00753L,中信中國50正2,26,6,20,國泰-台南,2023-09-06,8884
1802,台玻,39,20,19,國泰-台南,2023-09-06,8884
00929,復華台灣科技優息,1202,656,546,國泰-台南,2023-09-07,8884
00919,群益台灣精選高息,328,102,226,國泰-台南,2023-09-07,8884
00907,永豐優息存股,169,1,168,國泰-台南,2023-09-07,8884
3046,建��,155,8,147,國泰-台南,2023-09-07,8884
3363,上詮,197,54,143,國泰-台南,2023-09-07,8884
3481,群創,119,9,110,國泰-台南,2023-09-07,8884
3704,合勤控,139,54,85,國泰-台南,2023-09-07,8884
9105,泰金寶-DR,80,0,80,國泰-台南,2023-09-07,8884
00905,FT臺灣Smart,77,0,77,國泰-台南,2023-09-07,8884
3625,西勝,76,0,76,國泰-台南,2023-09-07,8884
00915,凱基優選高股息30,111,47,64,國泰-台南,2023-09-07,8884
00932,兆豐永續高息等權,63,0,63,國泰-台南,2023-09-07,8884
2884,玉山金,61,4,57,國泰-台南,2023-09-07,8884
2409,友達,97,43,54,國泰-台南,2023-09-07,8884
2313,華通,331,278,53,國泰-台南,2023-09-07,8884
2618,長榮航,64,14,50,國泰-台南,2023-09-07,8884
00930,永豐ESG低碳高息,56,7,49,國泰-台南,2023-09-07,8884
00720B,元大投資級公司債,46,1,45,國泰-台南,2023-09-07,8884
00675L,富邦臺灣加權正2,42,0,42,國泰-台南,2023-09-07,8884
1802,台玻,44,3,41,國泰-台南,2023-09-07,8884
3483,力致,41,1,40,國泰-台南,2023-09-07,8884
8112,至上,107,70,37,國泰-台南,2023-09-07,8884
2485,兆赫,101,66,35,國泰-台南,2023-09-07,8884
00637L,元大滬深300正2,34,0,34,國泰-台南,2023-09-07,8884
00751B,元大AAA至A公司債,32,0,32,國泰-台南,2023-09-07,8884
2882,國泰金,33,3,30,國泰-台南,2023-09-07,8884
00931B,統一美債20年,29,0,29,國泰-台南,2023-09-07,8884
4533,協易機,131,102,29,國泰-台南,2023-09-07,8884
3231,緯創,93,64,29,國泰-台南,2023-09-07,8884
00902,中信電池及儲能,31,2,29,國泰-台南,2023-09-07,8884
1609,大亞,29,1,28,國泰-台南,2023-09-07,8884
00706L,期元大S＆P日圓正2,28,0,28,國泰-台南,2023-09-07,8884
0056,元大高股息,42,15,27,國泰-台南,2023-09-07,8884
2891,中信金,27,1,26,國泰-台南,2023-09-07,8884
1786,科妍,35,10,25,國泰-台南,2023-09-07,8884
1307,三芳,42,19,23,國泰-台南,2023-09-07,8884
3576,聯合再生,22,1,21,國泰-台南,2023-09-07,8884
1217,愛之味,21,0,21,國泰-台南,2023-09-07,8884
6147,頎邦,24,3,21,國泰-台南,2023-09-07,8884
8147,正淩,23,2,21,國泰-台南,2023-09-07,8884
00715L,期街口布蘭特正2,25,5,20,國泰-台南,2023-09-07,8884
3234,光環,20,0,20,國泰-台南,2023-09-07,8884
00669R,國泰美國道瓊反1,20,0,20,國泰-台南,2023-09-07,8884
2324,仁寶,23,3,20,國泰-台南,2023-09-07,8884
2834,臺企銀,19,0,19,國泰-台南,2023-09-07,8884
2330,台積電,21,2,19,國泰-台南,2023-09-07,8884
8050,廣積,43,25,18,國泰-台南,2023-09-07,8884
00722B,群益投資級電信債,18,0,18,國泰-台南,2023-09-07,8884
2355,敬鵬,36,19,17,國泰-台南,2023-09-07,8884
2610,華航,20,4,16,國泰-台南,2023-09-07,8884
00919,群益台灣精選高息,571,17,554,國泰-台南,2023-09-08,8884
00688L,國泰20年美債正2,290,15,275,國泰-台南,2023-09-08,8884
3715,定穎投控,480,369,111,國泰-台南,2023-09-08,8884
00637L,元大滬深300正2,95,13,82,國泰-台南,2023-09-08,8884
3231,緯創,120,46,74,國泰-台南,2023-09-08,8884
00932,兆豐永續高息等權,75,3,72,國泰-台南,2023-09-08,8884
4934,太極,87,29,58,國泰-台南,2023-09-08,8884
00918,大華優利高填息30,55,0,55,國泰-台南,2023-09-08,8884
00915,凱基優選高股息30,54,0,54,國泰-台南,2023-09-08,8884
2618,長榮航,56,3,53,國泰-台南,2023-09-08,8884
00665L,富邦�琤肭磪囓�2,50,0,50,國泰-台南,2023-09-08,8884
00706L,期元大S＆P日圓正2,51,4,47,國泰-台南,2023-09-08,8884
2409,友達,43,1,42,國泰-台南,2023-09-08,8884
2313,華通,88,51,37,國泰-台南,2023-09-08,8884
00753L,中信中國50正2,36,0,36,國泰-台南,2023-09-08,8884
5880,合庫金,34,1,33,國泰-台南,2023-09-08,8884
3481,群創,69,39,30,國泰-台南,2023-09-08,8884
1307,三芳,32,2,30,國泰-台南,2023-09-08,8884
9105,泰金寶-DR,34,6,28,國泰-台南,2023-09-08,8884
2374,佳能,28,1,27,國泰-台南,2023-09-08,8884
2332,友訊,51,25,26,國泰-台南,2023-09-08,8884
00885,富邦越南,31,5,26,國泰-台南,2023-09-08,8884
9919,康那香,27,1,26,國泰-台南,2023-09-08,8884
2376,技嘉,79,53,26,國泰-台南,2023-09-08,8884
00713,元大台灣高息低波,27,1,26,國泰-台南,2023-09-08,8884
3078,僑威,29,4,25,國泰-台南,2023-09-08,8884
3013,晟銘電,61,37,24,國泰-台南,2023-09-08,8884
1101,台泥,24,0,24,國泰-台南,2023-09-08,8884
2382,廣達,93,70,23,國泰-台南,2023-09-08,8884
2356,英業達,58,36,22,國泰-台南,2023-09-08,8884
2402,毅嘉,117,95,22,國泰-台南,2023-09-08,8884
8050,廣積,60,38,22,國泰-台南,2023-09-08,8884
00739,元大MSCI A股,21,0,21,國泰-台南,2023-09-08,8884
2367,燿華,23,3,20,國泰-台南,2023-09-08,8884
2486,一詮,39,19,20,國泰-台南,2023-09-08,8884
00902,中信電池及儲能,21,2,19,國泰-台南,2023-09-08,8884
00882,中信中國高股息,23,4,19,國泰-台南,2023-09-08,8884
3623,富晶通,19,0,19,國泰-台南,2023-09-08,8884
1471,首利,32,14,18,國泰-台南,2023-09-08,8884
6015,宏遠證,16,0,16,國泰-台南,2023-09-08,8884
00931B,統一美債20年,20,5,15,國泰-台南,2023-09-08,8884
2419,仲琦,15,0,15,國泰-台南,2023-09-08,8884
6550,北極星藥業-KY,18,3,15,國泰-台南,2023-09-08,8884
2884,玉山金,21,6,15,國泰-台南,2023-09-08,8884
00923,群益台ESG低碳50,14,0,14,國泰-台南,2023-09-08,8884
2538,基泰,14,0,14,國泰-台南,2023-09-08,8884
3296,勝德,12,0,12,國泰-台南,2023-09-08,8884
3711,日月光投控,14,2,12,國泰-台南,2023-09-08,8884
1522,堤維西,19,7,12,國泰-台南,2023-09-08,8884
6125,廣運,20,8,12,國泰-台南,2023-09-08,8884
00919,群益台灣精選高息,1013,89,924,國泰-台南,2023-09-11,8884
3625,西勝,413,2,411,國泰-台南,2023-09-11,8884
00878,國泰永續高股息,526,170,356,國泰-台南,2023-09-11,8884
2886,兆豐金,133,4,129,國泰-台南,2023-09-11,8884
2312,金寶,119,12,107,國泰-台南,2023-09-11,8884
00929,復華台灣科技優息,742,637,105,國泰-台南,2023-09-11,8884
00639,富邦深100,100,0,100,國泰-台南,2023-09-11,8884
00918,大華優利高填息30,79,0,79,國泰-台南,2023-09-11,8884
00931B,統一美債20年,79,2,77,國泰-台南,2023-09-11,8884
0056,元大高股息,119,43,76,國泰-台南,2023-09-11,8884
2376,技嘉,119,54,65,國泰-台南,2023-09-11,8884
00932,兆豐永續高息等權,77,16,61,國泰-台南,2023-09-11,8884
00915,凱基優選高股息30,66,6,60,國泰-台南,2023-09-11,8884
00713,元大台灣高息低波,59,1,58,國泰-台南,2023-09-11,8884
3231,緯創,273,223,50,國泰-台南,2023-09-11,8884
2363,矽統,307,256,51,國泰-台南,2023-09-11,8884
1307,三芳,51,2,49,國泰-台南,2023-09-11,8884
2891,中信金,64,15,49,國泰-台南,2023-09-11,8884
00857B,永豐20年美公債,48,0,48,國泰-台南,2023-09-11,8884
00720B,元大投資級公司債,49,3,46,國泰-台南,2023-09-11,8884
00751B,元大AAA至A公司債,44,0,44,國泰-台南,2023-09-11,8884
6770,力積電,44,2,42,國泰-台南,2023-09-11,8884
00900,富邦特選高股息30,40,2,38,國泰-台南,2023-09-11,8884
2884,玉山金,60,27,33,國泰-台南,2023-09-11,8884
00772B,中信高評級公司債,33,0,33,國泰-台南,2023-09-11,8884
1802,台玻,42,11,31,國泰-台南,2023-09-11,8884
00687B,國泰20年美債,34,3,31,國泰-台南,2023-09-11,8884
006205,富邦上証,30,0,30,國泰-台南,2023-09-11,8884
00643,群益深証中小,30,0,30,國泰-台南,2023-09-11,8884
2888A,新光金甲特,30,0,30,國泰-台南,2023-09-11,8884
00923,群益台ESG低碳50,32,4,28,國泰-台南,2023-09-11,8884
2609,陽明,39,11,28,國泰-台南,2023-09-11,8884
00795B,中信美國公債20年,28,0,28,國泰-台南,2023-09-11,8884
2324,仁寶,34,6,28,國泰-台南,2023-09-11,8884
3078,僑威,41,14,27,國泰-台南,2023-09-11,8884
6015,宏遠證,24,0,24,國泰-台南,2023-09-11,8884
6125,廣運,46,23,23,國泰-台南,2023-09-11,8884
2634,漢翔,98,75,23,國泰-台南,2023-09-11,8884
6477,安集,23,0,23,國泰-台南,2023-09-11,8884
6274,台燿,32,10,22,國泰-台南,2023-09-11,8884
5880,合庫金,24,4,20,國泰-台南,2023-09-11,8884
1584,精剛,59,38,21,國泰-台南,2023-09-11,8884
00922,國泰台灣領袖50,23,3,20,國泰-台南,2023-09-11,8884
006206,元大上證50,20,0,20,國泰-台南,2023-09-11,8884
00712,復華富時不動產,53,33,20,國泰-台南,2023-09-11,8884
00631L,元大台灣50正2,19,0,19,國泰-台南,2023-09-11,8884
1319,東陽,56,38,18,國泰-台南,2023-09-11,8884
2317,鴻海,24,7,17,國泰-台南,2023-09-11,8884
2230,泰茂,17,0,17,國泰-台南,2023-09-11,8884
2356,英業達,77,60,17,國泰-台南,2023-09-11,8884
00919,群益台灣精選高息,534,85,449,國泰-台南,2023-09-12,8884
00673R,期元大S＆P原油反1,162,31,131,國泰-台南,2023-09-12,8884
00676R,富邦臺灣加權反1,100,0,100,國泰-台南,2023-09-12,8884
2883,凱基金,95,2,93,國泰-台南,2023-09-12,8884
00878,國泰永續高股息,253,163,90,國泰-台南,2023-09-12,8884
2538,基泰,133,77,56,國泰-台南,2023-09-12,8884
6282,康舒,90,50,40,國泰-台南,2023-09-12,8884
1618,合機,43,4,39,國泰-台南,2023-09-12,8884
00929,復華台灣科技優息,315,277,38,國泰-台南,2023-09-12,8884
00902,中信電池及儲能,37,0,37,國泰-台南,2023-09-12,8884
3715,定穎投控,73,37,36,國泰-台南,2023-09-12,8884
2363,矽統,263,228,35,國泰-台南,2023-09-12,8884
2886,兆豐金,36,3,33,國泰-台南,2023-09-12,8884
3178,公準,42,9,33,國泰-台南,2023-09-12,8884
6120,達運,50,19,31,國泰-台南,2023-09-12,8884
2376,技嘉,318,290,28,國泰-台南,2023-09-12,8884
00918,大華優利高填息30,26,0,26,國泰-台南,2023-09-12,8884
00688L,國泰20年美債正2,26,0,26,國泰-台南,2023-09-12,8884
6244,茂迪,23,0,23,國泰-台南,2023-09-12,8884
00931B,統一美債20年,28,5,23,國泰-台南,2023-09-12,8884
00932,兆豐永續高息等權,27,5,22,國泰-台南,2023-09-12,8884
4561,健椿,20,0,20,國泰-台南,2023-09-12,8884
00687B,國泰20年美債,19,1,18,國泰-台南,2023-09-12,8884
1584,精剛,38,20,18,國泰-台南,2023-09-12,8884
3481,群創,22,4,18,國泰-台南,2023-09-12,8884
00685L,群益臺灣加權正2,17,0,17,國泰-台南,2023-09-12,8884
6284,佳邦,32,15,17,國泰-台南,2023-09-12,8884
2374,佳能,36,19,17,國泰-台南,2023-09-12,8884
2884,玉山金,27,10,17,國泰-台南,2023-09-12,8884
6550,北極星藥業-KY,16,0,16,國泰-台南,2023-09-12,8884
2332,友訊,27,11,16,國泰-台南,2023-09-12,8884
6139,亞翔,20,5,15,國泰-台南,2023-09-12,8884
2405,輔信,84,69,15,國泰-台南,2023-09-12,8884
2495,普安,15,0,15,國泰-台南,2023-09-12,8884
3045,台灣大,15,1,14,國泰-台南,2023-09-12,8884
3260,威剛,58,44,14,國泰-台南,2023-09-12,8884
6547,高端疫苗,16,2,14,國泰-台南,2023-09-12,8884
3213,茂訊,46,32,14,國泰-台南,2023-09-12,8884
00751B,元大AAA至A公司債,14,0,14,國泰-台南,2023-09-12,8884
2356,英業達,45,32,13,國泰-台南,2023-09-12,8884
2457,飛宏,28,15,13,國泰-台南,2023-09-12,8884
6443,元晶,13,0,13,國泰-台南,2023-09-12,8884
1568,倉佑,14,1,13,國泰-台南,2023-09-12,8884
5347,世界,18,5,13,國泰-台南,2023-09-12,8884
4529,淳紳,12,0,12,國泰-台南,2023-09-12,8884
3094,聯傑,19,7,12,國泰-台南,2023-09-12,8884
3380,明泰,15,3,12,國泰-台南,2023-09-12,8884
2002,中鋼,12,0,12,國泰-台南,2023-09-12,8884
00764B,群益25年美債,11,0,11,國泰-台南,2023-09-12,8884
6117,迎廣,15,4,11,國泰-台南,2023-09-12,8884
00919,群益台灣精選高息,269,19,250,國泰-台南,2023-09-13,8884
00929,復華台灣科技優息,356,119,237,國泰-台南,2023-09-13,8884
00918,大華優利高填息30,161,0,161,國泰-台南,2023-09-13,8884
1802,台玻,161,9,152,國泰-台南,2023-09-13,8884
00902,中信電池及儲能,112,2,110,國泰-台南,2023-09-13,8884
2743,山富,125,32,93,國泰-台南,2023-09-13,8884
00932,兆豐永續高息等權,102,13,89,國泰-台南,2023-09-13,8884
3322,建舜電,111,26,85,國泰-台南,2023-09-13,8884
3704,合勤控,144,94,50,國泰-台南,2023-09-13,8884
2228,劍麟,53,11,42,國泰-台南,2023-09-13,8884
2867,三商壽,41,0,41,國泰-台南,2023-09-13,8884
2913,農林,36,0,36,國泰-台南,2023-09-13,8884
1319,東陽,171,136,35,國泰-台南,2023-09-13,8884
2313,華通,193,158,35,國泰-台南,2023-09-13,8884
00751B,元大AAA至A公司債,34,0,34,國泰-台南,2023-09-13,8884
2417,圓剛,39,6,33,國泰-台南,2023-09-13,8884
00637L,元大滬深300正2,36,10,26,國泰-台南,2023-09-13,8884
8222,寶一,25,0,25,國泰-台南,2023-09-13,8884
3380,明泰,25,2,23,國泰-台南,2023-09-13,8884
8034,榮群,23,0,23,國泰-台南,2023-09-13,8884
00679B,元大美債20年,25,3,22,國泰-台南,2023-09-13,8884
2312,金寶,22,0,22,國泰-台南,2023-09-13,8884
00752,中信中國50,20,0,20,國泰-台南,2023-09-13,8884
00772B,中信高評級公司債,19,0,19,國泰-台南,2023-09-13,8884
00915,凱基優選高股息30,33,15,18,國泰-台南,2023-09-13,8884
00857B,永豐20年美公債,20,2,18,國泰-台南,2023-09-13,8884
2352,佳世達,66,49,17,國泰-台南,2023-09-13,8884
1471,首利,32,15,17,國泰-台南,2023-09-13,8884
00722B,群益投資級電信債,17,0,17,國泰-台南,2023-09-13,8884
2230,泰茂,19,3,16,國泰-台南,2023-09-13,8884
3037,欣興,25,10,15,國泰-台南,2023-09-13,8884
00882,中信中國高股息,15,0,15,國泰-台南,2023-09-13,8884
00931B,統一美債20年,15,1,14,國泰-台南,2023-09-13,8884
2436,偉詮電,21,7,14,國泰-台南,2023-09-13,8884
2888,新光金,15,2,13,國泰-台南,2023-09-13,8884
2301,光寶科,22,9,13,國泰-台南,2023-09-13,8884
8086,宏捷科,28,15,13,國泰-台南,2023-09-13,8884
2025,千興,21,8,13,國泰-台南,2023-09-13,8884
00665L,富邦�琤肭磪囓�2,33,20,13,國泰-台南,2023-09-13,8884
2340,台亞,31,18,13,國泰-台南,2023-09-13,8884
6290,良維,15,2,13,國泰-台南,2023-09-13,8884
3588,通嘉,28,16,12,國泰-台南,2023-09-13,8884
6288,聯嘉,28,16,12,國泰-台南,2023-09-13,8884
6550,北極星藥業-KY,12,0,12,國泰-台南,2023-09-13,8884
00720B,元大投資級公司債,12,0,12,國泰-台南,2023-09-13,8884
2317,鴻海,12,0,12,國泰-台南,2023-09-13,8884
2355,敬鵬,83,71,12,國泰-台南,2023-09-13,8884
5009,榮剛,16,5,11,國泰-台南,2023-09-13,8884
3213,茂訊,15,4,11,國泰-台南,2023-09-13,8884
4414,如興,11,0,11,國泰-台南,2023-09-13,8884
00929,復華台灣科技優息,1383,154,1229,國泰-台南,2023-09-14,8884
00919,群益台灣精選高息,461,53,408,國泰-台南,2023-09-14,8884
2421,建準,215,27,188,國泰-台南,2023-09-14,8884
00632R,元大台灣50反1,170,16,154,國泰-台南,2023-09-14,8884
00687B,國泰20年美債,122,14,108,國泰-台南,2023-09-14,8884
3715,定穎投控,211,155,56,國泰-台南,2023-09-14,8884
3380,明泰,79,25,54,國泰-台南,2023-09-14,8884
00931B,統一美債20年,56,4,52,國泰-台南,2023-09-14,8884
00915,凱基優選高股息30,58,10,48,國泰-台南,2023-09-14,8884
00671R,富邦NASDAQ反1,40,0,40,國泰-台南,2023-09-14,8884
00857B,永豐20年美公債,35,0,35,國泰-台南,2023-09-14,8884
6290,良維,35,0,35,國泰-台南,2023-09-14,8884
3704,合勤控,81,48,33,國泰-台南,2023-09-14,8884
3694,海華,40,7,33,國泰-台南,2023-09-14,8884
2371,大同,52,21,31,國泰-台南,2023-09-14,8884
00882,中信中國高股息,30,0,30,國泰-台南,2023-09-14,8884
1616,億泰,30,0,30,國泰-台南,2023-09-14,8884
00720B,元大投資級公司債,30,1,29,國泰-台南,2023-09-14,8884
2618,長榮航,45,17,28,國泰-台南,2023-09-14,8884
6183,關貿,28,0,28,國泰-台南,2023-09-14,8884
8034,榮群,22,2,20,國泰-台南,2023-09-14,8884
1522,堤維西,502,482,20,國泰-台南,2023-09-14,8884
00679B,元大美債20年,19,0,19,國泰-台南,2023-09-14,8884
6274,台燿,49,30,19,國泰-台南,2023-09-14,8884
4967,十銓,25,6,19,國泰-台南,2023-09-14,8884
9919,康那香,16,0,16,國泰-台南,2023-09-14,8884
2834,臺企銀,26,11,15,國泰-台南,2023-09-14,8884
4934,太極,15,0,15,國泰-台南,2023-09-14,8884
00764B,群益25年美債,14,0,14,國泰-台南,2023-09-14,8884
00676R,富邦臺灣加權反1,14,0,14,國泰-台南,2023-09-14,8884
6231,系微,69,55,14,國泰-台南,2023-09-14,8884
8088,品安,15,2,13,國泰-台南,2023-09-14,8884
1471,首利,15,3,12,國泰-台南,2023-09-14,8884
3260,威剛,31,19,12,國泰-台南,2023-09-14,8884
00795B,中信美國公債20年,12,0,12,國泰-台南,2023-09-14,8884
1524,耿鼎,56,44,12,國泰-台南,2023-09-14,8884
2402,毅嘉,30,19,11,國泰-台南,2023-09-14,8884
00894,中信小資高價30,17,6,11,國泰-台南,2023-09-14,8884
6550,北極星藥業-KY,11,0,11,國泰-台南,2023-09-14,8884
4564,元翎,13,3,10,國泰-台南,2023-09-14,8884
00655L,國泰中國A50正2,10,0,10,國泰-台南,2023-09-14,8884
6116,彩晶,10,0,10,國泰-台南,2023-09-14,8884
00665L,富邦�琤肭磪囓�2,38,28,10,國泰-台南,2023-09-14,8884
1540,喬福,10,0,10,國泰-台南,2023-09-14,8884
3043,科風,10,0,10,國泰-台南,2023-09-14,8884
00706L,期元大S＆P日圓正2,15,5,10,國泰-台南,2023-09-14,8884
00653L,富邦印度正2,10,0,10,國泰-台南,2023-09-14,8884
8112,至上,54,44,10,國泰-台南,2023-09-14,8884
2886,兆豐金,22,13,9,國泰-台南,2023-09-14,8884
8222,寶一,14,5,9,國泰-台南,2023-09-14,8884
00929,復華台灣科技優息,927,136,791,國泰-台南,2023-09-15,8884
2486,一詮,755,141,614,國泰-台南,2023-09-15,8884
00712,復華富時不動產,140,20,120,國泰-台南,2023-09-15,8884
3481,群創,127,12,115,國泰-台南,2023-09-15,8884
00931B,統一美債20年,115,2,113,國泰-台南,2023-09-15,8884
3363,上詮,156,56,100,國泰-台南,2023-09-15,8884
00706L,期元大S＆P日圓正2,75,0,75,國泰-台南,2023-09-15,8884
00751B,元大AAA至A公司債,65,11,54,國泰-台南,2023-09-15,8884
00772B,中信高評級公司債,49,0,49,國泰-台南,2023-09-15,8884
00918,大華優利高填息30,73,25,48,國泰-台南,2023-09-15,8884
00679B,元大美債20年,66,20,46,國泰-台南,2023-09-15,8884
2409,友達,63,20,43,國泰-台南,2023-09-15,8884
00673R,期元大S＆P原油反1,37,0,37,國泰-台南,2023-09-15,8884
2208,台船,37,1,36,國泰-台南,2023-09-15,8884
00680L,元大美債20正2,34,0,34,國泰-台南,2023-09-15,8884
2332,友訊,35,1,34,國泰-台南,2023-09-15,8884
2312,金寶,32,0,32,國泰-台南,2023-09-15,8884
2884,玉山金,49,18,31,國泰-台南,2023-09-15,8884
4564,元翎,30,0,30,國泰-台南,2023-09-15,8884
6585,鼎基,45,15,30,國泰-台南,2023-09-15,8884
00688L,國泰20年美債正2,30,0,30,國泰-台南,2023-09-15,8884
2618,長榮航,78,48,30,國泰-台南,2023-09-15,8884
2002,中鋼,30,1,29,國泰-台南,2023-09-15,8884
8222,寶一,27,0,27,國泰-台南,2023-09-15,8884
2838,聯邦銀,26,0,26,國泰-台南,2023-09-15,8884
2867,三商壽,29,3,26,國泰-台南,2023-09-15,8884
6183,關貿,25,0,25,國泰-台南,2023-09-15,8884
5515,建國,25,0,25,國泰-台南,2023-09-15,8884
2890,永豐金,35,10,25,國泰-台南,2023-09-15,8884
00923,群益台ESG低碳50,32,7,25,國泰-台南,2023-09-15,8884
2610,華航,35,11,24,國泰-台南,2023-09-15,8884
6288,聯嘉,24,0,24,國泰-台南,2023-09-15,8884
2834,臺企銀,25,1,24,國泰-台南,2023-09-15,8884
4934,太極,25,2,23,國泰-台南,2023-09-15,8884
2892,第一金,26,3,23,國泰-台南,2023-09-15,8884
3622,洋華,23,1,22,國泰-台南,2023-09-15,8884
00720B,元大投資級公司債,26,5,21,國泰-台南,2023-09-15,8884
2014,中鴻,26,5,21,國泰-台南,2023-09-15,8884
3025,星通,49,28,21,國泰-台南,2023-09-15,8884
00795B,中信美國公債20年,21,0,21,國泰-台南,2023-09-15,8884
9919,康那香,20,0,20,國泰-台南,2023-09-15,8884
2637,慧洋-KY,38,19,19,國泰-台南,2023-09-15,8884
6156,松上,18,0,18,國泰-台南,2023-09-15,8884
8054,安國,19,1,18,國泰-台南,2023-09-15,8884
8034,榮群,70,52,18,國泰-台南,2023-09-15,8884
2542,興富發,19,1,18,國泰-台南,2023-09-15,8884
2427,三商電,17,0,17,國泰-台南,2023-09-15,8884
00922,國泰台灣領袖50,20,4,16,國泰-台南,2023-09-15,8884
2337,旺宏,43,27,16,國泰-台南,2023-09-15,8884
2376,技嘉,118,102,16,國泰-台南,2023-09-15,8884
00919,群益台灣精選高息,850,49,801,國泰-台南,2023-09-18,8884
00929,復華台灣科技優息,743,196,547,國泰-台南,2023-09-18,8884
6585,鼎基,138,3,135,國泰-台南,2023-09-18,8884
00931B,統一美債20年,123,1,122,國泰-台南,2023-09-18,8884
00878,國泰永續高股息,177,56,121,國泰-台南,2023-09-18,8884
00680L,元大美債20正2,116,0,116,國泰-台南,2023-09-18,8884
2363,矽統,182,93,89,國泰-台南,2023-09-18,8884
00679B,元大美債20年,81,1,80,國泰-台南,2023-09-18,8884
00687B,國泰20年美債,85,10,75,國泰-台南,2023-09-18,8884
00751B,元大AAA至A公司債,75,0,75,國泰-台南,2023-09-18,8884
00706L,期元大S＆P日圓正2,63,0,63,國泰-台南,2023-09-18,8884
00921,兆豐龍頭等權重,52,0,52,國泰-台南,2023-09-18,8884
00720B,元大投資級公司債,51,0,51,國泰-台南,2023-09-18,8884
2867,三商壽,48,0,48,國泰-台南,2023-09-18,8884
3715,定穎投控,205,160,45,國泰-台南,2023-09-18,8884
2890,永豐金,72,29,43,國泰-台南,2023-09-18,8884
2014,中鴻,50,12,38,國泰-台南,2023-09-18,8884
6244,茂迪,40,4,36,國泰-台南,2023-09-18,8884
2354,鴻準,37,2,35,國泰-台南,2023-09-18,8884
00688L,國泰20年美債正2,34,0,34,國泰-台南,2023-09-18,8884
2409,友達,38,5,33,國泰-台南,2023-09-18,8884
2313,華通,407,376,31,國泰-台南,2023-09-18,8884
6550,北極星藥業-KY,32,1,31,國泰-台南,2023-09-18,8884
2382,廣達,49,19,30,國泰-台南,2023-09-18,8884
3231,緯創,67,37,30,國泰-台南,2023-09-18,8884
006206,元大上證50,30,0,30,國泰-台南,2023-09-18,8884
00639,富邦深100,60,30,30,國泰-台南,2023-09-18,8884
2303,聯電,41,11,30,國泰-台南,2023-09-18,8884
00795B,中信美國公債20年,28,0,28,國泰-台南,2023-09-18,8884
00857B,永豐20年美公債,74,47,27,國泰-台南,2023-09-18,8884
5210,寶碩,27,0,27,國泰-台南,2023-09-18,8884
00713,元大台灣高息低波,32,7,25,國泰-台南,2023-09-18,8884
00753L,中信中國50正2,36,11,25,國泰-台南,2023-09-18,8884
2330,台積電,28,3,25,國泰-台南,2023-09-18,8884
2344,華邦電,42,18,24,國泰-台南,2023-09-18,8884
2605,新興,78,55,23,國泰-台南,2023-09-18,8884
00773B,中信優先金融債,23,0,23,國泰-台南,2023-09-18,8884
00923,群益台ESG低碳50,24,1,23,國泰-台南,2023-09-18,8884
00918,大華優利高填息30,25,2,23,國泰-台南,2023-09-18,8884
2027,大成鋼,39,16,23,國泰-台南,2023-09-18,8884
00772B,中信高評級公司債,30,9,21,國泰-台南,2023-09-18,8884
00932,兆豐永續高息等權,21,0,21,國泰-台南,2023-09-18,8884
4934,太極,21,0,21,國泰-台南,2023-09-18,8884
2356,英業達,60,39,21,國泰-台南,2023-09-18,8884
00643,群益深証中小,75,55,20,國泰-台南,2023-09-18,8884
2419,仲琦,22,2,20,國泰-台南,2023-09-18,8884
00915,凱基優選高股息30,34,14,20,國泰-台南,2023-09-18,8884
0056,元大高股息,25,7,18,國泰-台南,2023-09-18,8884
6183,關貿,17,0,17,國泰-台南,2023-09-18,8884
00632R,元大台灣50反1,39,22,17,國泰-台南,2023-09-18,8884
00919,群益台灣精選高息,445,171,274,國泰-台南,2023-09-19,8884
00929,復華台灣科技優息,737,469,268,國泰-台南,2023-09-19,8884
2486,一詮,310,88,222,國泰-台南,2023-09-19,8884
6901,鑽石投資,147,28,119,國泰-台南,2023-09-19,8884
00643,群益深証中小,130,20,110,國泰-台南,2023-09-19,8884
00902,中信電池及儲能,86,0,86,國泰-台南,2023-09-19,8884
00688L,國泰20年美債正2,100,21,79,國泰-台南,2023-09-19,8884
2316,楠梓電,90,11,79,國泰-台南,2023-09-19,8884
00878,國泰永續高股息,106,29,77,國泰-台南,2023-09-19,8884
3380,明泰,58,4,54,國泰-台南,2023-09-19,8884
3481,群創,58,9,49,國泰-台南,2023-09-19,8884
2313,華通,454,410,44,國泰-台南,2023-09-19,8884
00753L,中信中國50正2,40,0,40,國泰-台南,2023-09-19,8884
00639,富邦深100,80,40,40,國泰-台南,2023-09-19,8884
1809,中釉,56,16,40,國泰-台南,2023-09-19,8884
3062,建漢,41,5,36,國泰-台南,2023-09-19,8884
2838,聯邦銀,35,0,35,國泰-台南,2023-09-19,8884
6550,北極星藥業-KY,33,0,33,國泰-台南,2023-09-19,8884
00673R,期元大S＆P原油反1,34,4,30,國泰-台南,2023-09-19,8884
4979,華星光,52,22,30,國泰-台南,2023-09-19,8884
2355,敬鵬,54,27,27,國泰-台南,2023-09-19,8884
00931B,統一美債20年,32,6,26,國泰-台南,2023-09-19,8884
1905,華紙,27,2,25,國泰-台南,2023-09-19,8884
5381,合正,30,5,25,國泰-台南,2023-09-19,8884
3706,神達,57,35,22,國泰-台南,2023-09-19,8884
2618,長榮航,24,3,21,國泰-台南,2023-09-19,8884
2330,台積電,22,2,20,國泰-台南,2023-09-19,8884
00923,群益台ESG低碳50,21,2,19,國泰-台南,2023-09-19,8884
2103,台橡,20,3,17,國泰-台南,2023-09-19,8884
6153,嘉聯益,27,10,17,國泰-台南,2023-09-19,8884
00922,國泰台灣領袖50,16,0,16,國泰-台南,2023-09-19,8884
2376,技嘉,59,43,16,國泰-台南,2023-09-19,8884
6257,矽格,31,15,16,國泰-台南,2023-09-19,8884
00679B,元大美債20年,15,0,15,國泰-台南,2023-09-19,8884
5880,合庫金,15,0,15,國泰-台南,2023-09-19,8884
2495,普安,17,2,15,國泰-台南,2023-09-19,8884
2034,允強,15,0,15,國泰-台南,2023-09-19,8884
00900,富邦特選高股息30,17,2,15,國泰-台南,2023-09-19,8884
2462,良得電,16,1,15,國泰-台南,2023-09-19,8884
2812,台中銀,15,0,15,國泰-台南,2023-09-19,8884
6274,台燿,66,52,14,國泰-台南,2023-09-19,8884
3346,麗清,16,2,14,國泰-台南,2023-09-19,8884
00888,永豐台灣ESG,15,1,14,國泰-台南,2023-09-19,8884
00712,復華富時不動產,34,20,14,國泰-台南,2023-09-19,8884
00932,兆豐永續高息等權,20,7,13,國泰-台南,2023-09-19,8884
2002,中鋼,17,4,13,國泰-台南,2023-09-19,8884
00696B,富邦美債20年,13,0,13,國泰-台南,2023-09-19,8884
6282,康舒,24,12,12,國泰-台南,2023-09-19,8884
006208,富邦台50,13,0,13,國泰-台南,2023-09-19,8884
2324,仁寶,15,2,13,國泰-台南,2023-09-19,8884
00929,復華台灣科技優息,2034,678,1356,國泰-台南,2023-09-20,8884
2313,華通,773,362,411,國泰-台南,2023-09-20,8884
00919,群益台灣精選高息,418,25,393,國泰-台南,2023-09-20,8884
00673R,期元大S＆P原油反1,141,4,137,國泰-台南,2023-09-20,8884
00687B,國泰20年美債,135,4,131,國泰-台南,2023-09-20,8884
2367,燿華,245,120,125,國泰-台南,2023-09-20,8884
2610,華航,166,41,125,國泰-台南,2023-09-20,8884
00931B,統一美債20年,82,4,78,國泰-台南,2023-09-20,8884
00921,兆豐龍頭等權重,67,1,66,國泰-台南,2023-09-20,8884
00679B,元大美債20年,59,0,59,國泰-台南,2023-09-20,8884
3005,神基,52,13,39,國泰-台南,2023-09-20,8884
2637,慧洋-KY,49,12,37,國泰-台南,2023-09-20,8884
3576,聯合再生,36,1,35,國泰-台南,2023-09-20,8884
2449,京元電子,74,41,33,國泰-台南,2023-09-20,8884
3481,群創,83,51,32,國泰-台南,2023-09-20,8884
3715,定穎投控,353,320,33,國泰-台南,2023-09-20,8884
00753L,中信中國50正2,32,0,32,國泰-台南,2023-09-20,8884
2880,華南金,54,24,30,國泰-台南,2023-09-20,8884
2330,台積電,32,2,30,國泰-台南,2023-09-20,8884
2344,華邦電,41,12,29,國泰-台南,2023-09-20,8884
6284,佳邦,30,1,29,國泰-台南,2023-09-20,8884
2354,鴻準,59,30,29,國泰-台南,2023-09-20,8884
00631L,元大台灣50正2,32,4,28,國泰-台南,2023-09-20,8884
6550,北極星藥業-KY,35,8,27,國泰-台南,2023-09-20,8884
5880,合庫金,27,0,27,國泰-台南,2023-09-20,8884
00902,中信電池及儲能,25,0,25,國泰-台南,2023-09-20,8884
00688L,國泰20年美債正2,25,0,25,國泰-台南,2023-09-20,8884
5210,寶碩,23,0,23,國泰-台南,2023-09-20,8884
3260,威剛,50,28,22,國泰-台南,2023-09-20,8884
2317,鴻海,29,6,23,國泰-台南,2023-09-20,8884
1605,華新,46,24,22,國泰-台南,2023-09-20,8884
3163,波若威,39,17,22,國泰-台南,2023-09-20,8884
00772B,中信高評級公司債,21,0,21,國泰-台南,2023-09-20,8884
1101,台泥,25,4,21,國泰-台南,2023-09-20,8884
00713,元大台灣高息低波,21,0,21,國泰-台南,2023-09-20,8884
3060,銘異,20,0,20,國泰-台南,2023-09-20,8884
2316,楠梓電,24,4,20,國泰-台南,2023-09-20,8884
6153,嘉聯益,22,2,20,國泰-台南,2023-09-20,8884
2884,玉山金,20,0,20,國泰-台南,2023-09-20,8884
3706,神達,138,119,19,國泰-台南,2023-09-20,8884
00675L,富邦臺灣加權正2,19,1,18,國泰-台南,2023-09-20,8884
6901,鑽石投資,29,11,18,國泰-台南,2023-09-20,8884
2888,新光金,29,12,17,國泰-台南,2023-09-20,8884
2201,裕隆,30,13,17,國泰-台南,2023-09-20,8884
2332,友訊,18,1,17,國泰-台南,2023-09-20,8884
3265,台星科,83,66,17,國泰-台南,2023-09-20,8884
3276,宇環,30,13,17,國泰-台南,2023-09-20,8884
1444,力麗,20,3,17,國泰-台南,2023-09-20,8884
8088,品安,39,23,16,國泰-台南,2023-09-20,8884
1802,台玻,23,7,16,國泰-台南,2023-09-20,8884
2313,華通,619,292,327,國泰-台南,2023-09-21,8884
00680L,元大美債20正2,201,0,201,國泰-台南,2023-09-21,8884
00919,群益台灣精選高息,219,24,195,國泰-台南,2023-09-21,8884
00878,國泰永續高股息,214,37,177,國泰-台南,2023-09-21,8884
00673R,期元大S＆P原油反1,153,6,147,國泰-台南,2023-09-21,8884
00665L,富邦�琤肭磪囓�2,145,32,113,國泰-台南,2023-09-21,8884
2542,興富發,103,4,99,國泰-台南,2023-09-21,8884
2887,台新金,91,2,89,國泰-台南,2023-09-21,8884
2845,遠東銀,84,0,84,國泰-台南,2023-09-21,8884
5880,合庫金,90,8,82,國泰-台南,2023-09-21,8884
2888,新光金,90,11,79,國泰-台南,2023-09-21,8884
2882,國泰金,84,8,76,國泰-台南,2023-09-21,8884
006208,富邦台50,75,0,75,國泰-台南,2023-09-21,8884
00931B,統一美債20年,85,12,73,國泰-台南,2023-09-21,8884
00751B,元大AAA至A公司債,69,0,69,國泰-台南,2023-09-21,8884
00932,兆豐永續高息等權,117,50,67,國泰-台南,2023-09-21,8884
00753L,中信中國50正2,62,0,62,國泰-台南,2023-09-21,8884
4915,致伸,71,11,60,國泰-台南,2023-09-21,8884
00687B,國泰20年美債,71,11,60,國泰-台南,2023-09-21,8884
2883,凱基金,58,1,57,國泰-台南,2023-09-21,8884
00922,國泰台灣領袖50,54,1,53,國泰-台南,2023-09-21,8884
00923,群益台ESG低碳50,57,5,52,國泰-台南,2023-09-21,8884
00927,群益半導體收益,52,0,52,國泰-台南,2023-09-21,8884
00679B,元大美債20年,52,0,52,國泰-台南,2023-09-21,8884
9105,泰金寶-DR,50,0,50,國泰-台南,2023-09-21,8884
2890,永豐金,58,9,49,國泰-台南,2023-09-21,8884
2002,中鋼,51,4,47,國泰-台南,2023-09-21,8884
2812,台中銀,49,2,47,國泰-台南,2023-09-21,8884
2615,萬海,47,2,45,國泰-台南,2023-09-21,8884
1101,台泥,57,12,45,國泰-台南,2023-09-21,8884
0050,元大台灣50,44,1,43,國泰-台南,2023-09-21,8884
2201,裕隆,55,13,42,國泰-台南,2023-09-21,8884
6169,昱泉,40,0,40,國泰-台南,2023-09-21,8884
00902,中信電池及儲能,39,0,39,國泰-台南,2023-09-21,8884
2330,台積電,41,2,39,國泰-台南,2023-09-21,8884
2891,中信金,53,15,38,國泰-台南,2023-09-21,8884
00713,元大台灣高息低波,38,2,36,國泰-台南,2023-09-21,8884
1471,首利,38,2,36,國泰-台南,2023-09-21,8884
2317,鴻海,40,5,35,國泰-台南,2023-09-21,8884
2481,強茂,34,1,33,國泰-台南,2023-09-21,8884
00631L,元大台灣50正2,30,1,29,國泰-台南,2023-09-21,8884
0056,元大高股息,36,9,27,國泰-台南,2023-09-21,8884
2633,台灣高鐵,28,1,27,國泰-台南,2023-09-21,8884
2880,華南金,26,0,26,國泰-台南,2023-09-21,8884
2316,楠梓電,48,22,26,國泰-台南,2023-09-21,8884
00891,中信關鍵半導體,28,3,25,國泰-台南,2023-09-21,8884
00641R,富邦日本反1,25,0,25,國泰-台南,2023-09-21,8884
00915,凱基優選高股息30,30,6,24,國泰-台南,2023-09-21,8884
00921,兆豐龍頭等權重,23,0,23,國泰-台南,2023-09-21,8884
00918,大華優利高填息30,21,0,21,國泰-台南,2023-09-21,8884
00712,復華富時不動產,286,27,259,國泰-台南,2023-09-22,8884
00931B,統一美債20年,227,14,213,國泰-台南,2023-09-22,8884
2542,興富發,193,5,188,國泰-台南,2023-09-22,8884
00679B,元大美債20年,187,12,175,國泰-台南,2023-09-22,8884
00687B,國泰20年美債,197,23,174,國泰-台南,2023-09-22,8884
00688L,國泰20年美債正2,119,5,114,國泰-台南,2023-09-22,8884
00680L,元大美債20正2,169,63,106,國泰-台南,2023-09-22,8884
00632R,元大台灣50反1,104,23,81,國泰-台南,2023-09-22,8884
00720B,元大投資級公司債,103,25,78,國泰-台南,2023-09-22,8884
00764B,群益25年美債,74,0,74,國泰-台南,2023-09-22,8884
00751B,元大AAA至A公司債,67,0,67,國泰-台南,2023-09-22,8884
4915,致伸,72,10,62,國泰-台南,2023-09-22,8884
00772B,中信高評級公司債,60,2,58,國泰-台南,2023-09-22,8884
00885,富邦越南,52,0,52,國泰-台南,2023-09-22,8884
00919,群益台灣精選高息,126,74,52,國泰-台南,2023-09-22,8884
00783,富邦中証500,50,0,50,國泰-台南,2023-09-22,8884
2880,華南金,53,6,47,國泰-台南,2023-09-22,8884
00639,富邦深100,45,0,45,國泰-台南,2023-09-22,8884
00648R,元大S＆P500反1,44,1,43,國泰-台南,2023-09-22,8884
00795B,中信美國公債20年,77,35,42,國泰-台南,2023-09-22,8884
00673R,期元大S＆P原油反1,55,14,41,國泰-台南,2023-09-22,8884
2891,中信金,59,18,41,國泰-台南,2023-09-22,8884
1101,台泥,49,9,40,國泰-台南,2023-09-22,8884
00722B,群益投資級電信債,38,0,38,國泰-台南,2023-09-22,8884
00932,兆豐永續高息等權,41,3,38,國泰-台南,2023-09-22,8884
00696B,富邦美債20年,33,0,33,國泰-台南,2023-09-22,8884
4908,前鼎,91,62,29,國泰-台南,2023-09-22,8884
006208,富邦台50,29,0,29,國泰-台南,2023-09-22,8884
2883,凱基金,33,5,28,國泰-台南,2023-09-22,8884
2367,燿華,63,35,28,國泰-台南,2023-09-22,8884
00878,國泰永續高股息,109,84,25,國泰-台南,2023-09-22,8884
3051,力特,46,21,25,國泰-台南,2023-09-22,8884
00902,中信電池及儲能,24,0,24,國泰-台南,2023-09-22,8884
2330,台積電,29,6,23,國泰-台南,2023-09-22,8884
6550,北極星藥業-KY,23,0,23,國泰-台南,2023-09-22,8884
6212,理銘,21,0,21,國泰-台南,2023-09-22,8884
2887,台新金,22,1,21,國泰-台南,2023-09-22,8884
00888,永豐台灣ESG,24,4,20,國泰-台南,2023-09-22,8884
00773B,中信優先金融債,21,1,20,國泰-台南,2023-09-22,8884
6443,元晶,22,4,18,國泰-台南,2023-09-22,8884
00715L,期街口布蘭特正2,21,3,18,國泰-台南,2023-09-22,8884
2462,良得電,19,1,18,國泰-台南,2023-09-22,8884
2303,聯電,25,7,18,國泰-台南,2023-09-22,8884
1584,精剛,90,73,17,國泰-台南,2023-09-22,8884
3694,海華,19,2,17,國泰-台南,2023-09-22,8884
2881,富邦金,19,2,17,國泰-台南,2023-09-22,8884
2538,基泰,19,3,16,國泰-台南,2023-09-22,8884
00923,群益台ESG低碳50,17,1,16,國泰-台南,2023-09-22,8884
2329,華泰,21,5,16,國泰-台南,2023-09-22,8884
00893,國泰智能電動車,19,5,14,國泰-台南,2023-09-22,8884
00919,群益台灣精選高息,398,15,383,國泰-台南,2023-09-25,8884
00929,復華台灣科技優息,562,254,308,國泰-台南,2023-09-25,8884
00679B,元大美債20年,120,8,112,國泰-台南,2023-09-25,8884
00712,復華富時不動產,105,11,94,國泰-台南,2023-09-25,8884
2313,華通,157,84,73,國泰-台南,2023-09-25,8884
2816,旺旺保,86,26,60,國泰-台南,2023-09-25,8884
1101,台泥,58,0,58,國泰-台南,2023-09-25,8884
00676R,富邦臺灣加權反1,50,1,49,國泰-台南,2023-09-25,8884
00720B,元大投資級公司債,40,0,40,國泰-台南,2023-09-25,8884
3322,建舜電,118,84,34,國泰-台南,2023-09-25,8884
3051,力特,38,5,33,國泰-台南,2023-09-25,8884
00632R,元大台灣50反1,44,14,30,國泰-台南,2023-09-25,8884
00902,中信電池及儲能,32,2,30,國泰-台南,2023-09-25,8884
6550,北極星藥業-KY,29,0,29,國泰-台南,2023-09-25,8884
00706L,期元大S＆P日圓正2,40,15,25,國泰-台南,2023-09-25,8884
2610,華航,36,12,24,國泰-台南,2023-09-25,8884
2882,國泰金,26,3,23,國泰-台南,2023-09-25,8884
1522,堤維西,36,14,22,國泰-台南,2023-09-25,8884
2618,長榮航,34,13,21,國泰-台南,2023-09-25,8884
3032,偉訓,32,11,21,國泰-台南,2023-09-25,8884
2891,中信金,58,37,21,國泰-台南,2023-09-25,8884
00931B,統一美債20年,29,10,19,國泰-台南,2023-09-25,8884
2883,凱基金,20,2,18,國泰-台南,2023-09-25,8884
2884,玉山金,26,9,17,國泰-台南,2023-09-25,8884
3615,安可,28,11,17,國泰-台南,2023-09-25,8884
4934,太極,20,5,15,國泰-台南,2023-09-25,8884
2317,鴻海,17,3,14,國泰-台南,2023-09-25,8884
2392,正崴,15,1,14,國泰-台南,2023-09-25,8884
1709,和益,14,0,14,國泰-台南,2023-09-25,8884
2427,三商電,33,20,13,國泰-台南,2023-09-25,8884
6446,藥華藥,13,1,12,國泰-台南,2023-09-25,8884
4967,十銓,12,0,12,國泰-台南,2023-09-25,8884
2436,偉詮電,14,2,12,國泰-台南,2023-09-25,8884
3362,先進光,18,6,12,國泰-台南,2023-09-25,8884
3380,明泰,15,3,12,國泰-台南,2023-09-25,8884
00751B,元大AAA至A公司債,10,0,10,國泰-台南,2023-09-25,8884
2402,毅嘉,23,13,10,國泰-台南,2023-09-25,8884
2460,建通,10,0,10,國泰-台南,2023-09-25,8884
6456,GIS-KY,10,0,10,國泰-台南,2023-09-25,8884
1339,昭輝,18,8,10,國泰-台南,2023-09-25,8884
3052,夆典,10,0,10,國泰-台南,2023-09-25,8884
6125,廣運,11,1,10,國泰-台南,2023-09-25,8884
8088,品安,15,5,10,國泰-台南,2023-09-25,8884
3231,緯創,44,34,10,國泰-台南,2023-09-25,8884
2344,華邦電,25,16,9,國泰-台南,2023-09-25,8884
3169,亞信,9,0,9,國泰-台南,2023-09-25,8884
00898,國泰基因免疫革命,9,0,9,國泰-台南,2023-09-25,8884
6212,理銘,9,0,9,國泰-台南,2023-09-25,8884
3163,波若威,29,20,9,國泰-台南,2023-09-25,8884
2316,楠梓電,25,17,8,國泰-台南,2023-09-25,8884
00687B,國泰20年美債,193,3,190,國泰-台南,2023-09-26,8884
00929,復華台灣科技優息,431,252,179,國泰-台南,2023-09-26,8884
00919,群益台灣精選高息,196,46,150,國泰-台南,2023-09-26,8884
00679B,元大美債20年,129,20,109,國泰-台南,2023-09-26,8884
00720B,元大投資級公司債,105,0,105,國泰-台南,2023-09-26,8884
00688L,國泰20年美債正2,143,50,93,國泰-台南,2023-09-26,8884
3481,群創,90,2,88,國泰-台南,2023-09-26,8884
00706L,期元大S＆P日圓正2,72,4,68,國泰-台南,2023-09-26,8884
2489,瑞軒,60,0,60,國泰-台南,2023-09-26,8884
3715,定穎投控,452,393,59,國泰-台南,2023-09-26,8884
00878,國泰永續高股息,94,35,59,國泰-台南,2023-09-26,8884
00632R,元大台灣50反1,101,42,59,國泰-台南,2023-09-26,8884
006208,富邦台50,56,0,56,國泰-台南,2023-09-26,8884
00931B,統一美債20年,84,32,52,國泰-台南,2023-09-26,8884
2303,聯電,67,16,51,國泰-台南,2023-09-26,8884
1522,堤維西,140,91,49,國泰-台南,2023-09-26,8884
2317,鴻海,50,6,44,國泰-台南,2023-09-26,8884
00650L,復華香港正2,41,0,41,國泰-台南,2023-09-26,8884
00722B,群益投資級電信債,41,0,41,國泰-台南,2023-09-26,8884
00751B,元大AAA至A公司債,40,0,40,國泰-台南,2023-09-26,8884
00923,群益台ESG低碳50,45,6,39,國泰-台南,2023-09-26,8884
5880,合庫金,43,5,38,國泰-台南,2023-09-26,8884
00772B,中信高評級公司債,40,3,37,國泰-台南,2023-09-26,8884
2542,興富發,41,5,36,國泰-台南,2023-09-26,8884
1612,宏泰,46,11,35,國泰-台南,2023-09-26,8884
2891,中信金,37,2,35,國泰-台南,2023-09-26,8884
00795B,中信美國公債20年,35,0,35,國泰-台南,2023-09-26,8884
00922,國泰台灣領袖50,33,0,33,國泰-台南,2023-09-26,8884
00885,富邦越南,45,13,32,國泰-台南,2023-09-26,8884
8112,至上,44,13,31,國泰-台南,2023-09-26,8884
6290,良維,32,2,30,國泰-台南,2023-09-26,8884
1101,台泥,33,4,29,國泰-台南,2023-09-26,8884
00927,群益半導體收益,31,2,29,國泰-台南,2023-09-26,8884
9945,潤泰新,52,23,29,國泰-台南,2023-09-26,8884
2881,富邦金,30,2,28,國泰-台南,2023-09-26,8884
00665L,富邦�琤肭磪囓�2,33,5,28,國泰-台南,2023-09-26,8884
2538,基泰,63,35,28,國泰-台南,2023-09-26,8884
5009,榮剛,48,21,27,國泰-台南,2023-09-26,8884
6550,北極星藥業-KY,27,0,27,國泰-台南,2023-09-26,8884
2852,第一保,27,0,27,國泰-台南,2023-09-26,8884
00764B,群益25年美債,26,0,26,國泰-台南,2023-09-26,8884
3548,兆利,39,14,25,國泰-台南,2023-09-26,8884
2002,中鋼,29,4,25,國泰-台南,2023-09-26,8884
6770,力積電,24,0,24,國泰-台南,2023-09-26,8884
0050,元大台灣50,26,2,24,國泰-台南,2023-09-26,8884
0056,元大高股息,30,6,24,國泰-台南,2023-09-26,8884
2330,台積電,28,6,22,國泰-台南,2023-09-26,8884
2402,毅嘉,26,5,21,國泰-台南,2023-09-26,8884
2421,建準,47,27,20,國泰-台南,2023-09-26,8884
3703,欣陸,20,1,19,國泰-台南,2023-09-26,8884
00929,復華台灣科技優息,603,208,395,國泰-台南,2023-09-27,8884
00676R,富邦臺灣加權反1,200,1,199,國泰-台南,2023-09-27,8884
00632R,元大台灣50反1,162,13,149,國泰-台南,2023-09-27,8884
2852,第一保,110,0,110,國泰-台南,2023-09-27,8884
2816,旺旺保,107,2,105,國泰-台南,2023-09-27,8884
00712,復華富時不動產,102,1,101,國泰-台南,2023-09-27,8884
00919,群益台灣精選高息,122,28,94,國泰-台南,2023-09-27,8884
00679B,元大美債20年,74,5,69,國泰-台南,2023-09-27,8884
00751B,元大AAA至A公司債,76,8,68,國泰-台南,2023-09-27,8884
00927,群益半導體收益,50,0,50,國泰-台南,2023-09-27,8884
1618,合機,251,201,50,國泰-台南,2023-09-27,8884
2481,強茂,48,0,48,國泰-台南,2023-09-27,8884
00918,大華優利高填息30,41,0,41,國泰-台南,2023-09-27,8884
2303,聯電,43,7,36,國泰-台南,2023-09-27,8884
6550,北極星藥業-KY,35,0,35,國泰-台南,2023-09-27,8884
4933,友輝,43,9,34,國泰-台南,2023-09-27,8884
6183,關貿,32,0,32,國泰-台南,2023-09-27,8884
2891,中信金,36,9,27,國泰-台南,2023-09-27,8884
1314,中石化,27,0,27,國泰-台南,2023-09-27,8884
00932,兆豐永續高息等權,57,32,25,國泰-台南,2023-09-27,8884
2542,興富發,23,0,23,國泰-台南,2023-09-27,8884
1504,東元,47,25,22,國泰-台南,2023-09-27,8884
9904,寶成,19,2,17,國泰-台南,2023-09-27,8884
00923,群益台ESG低碳50,17,0,17,國泰-台南,2023-09-27,8884
00772B,中信高評級公司債,19,2,17,國泰-台南,2023-09-27,8884
6274,台燿,37,20,17,國泰-台南,2023-09-27,8884
2363,矽統,85,69,16,國泰-台南,2023-09-27,8884
2317,鴻海,17,2,15,國泰-台南,2023-09-27,8884
2006,東和鋼鐵,28,13,15,國泰-台南,2023-09-27,8884
2884,玉山金,18,3,15,國泰-台南,2023-09-27,8884
0050,元大台灣50,17,3,14,國泰-台南,2023-09-27,8884
3715,定穎投控,319,306,13,國泰-台南,2023-09-27,8884
5465,富驊,36,23,13,國泰-台南,2023-09-27,8884
00673R,期元大S＆P原油反1,13,1,12,國泰-台南,2023-09-27,8884
9945,潤泰新,50,39,11,國泰-台南,2023-09-27,8884
3056,富華新,15,3,12,國泰-台南,2023-09-27,8884
2890,永豐金,11,0,11,國泰-台南,2023-09-27,8884
00722B,群益投資級電信債,11,0,11,國泰-台南,2023-09-27,8884
1605,華新,15,4,11,國泰-台南,2023-09-27,8884
6509,聚和,11,0,11,國泰-台南,2023-09-27,8884
2014,中鴻,14,3,11,國泰-台南,2023-09-27,8884
5880,合庫金,11,1,10,國泰-台南,2023-09-27,8884
1101,台泥,11,1,10,國泰-台南,2023-09-27,8884
8420,明揚,56,46,10,國泰-台南,2023-09-27,8884
00915,凱基優選高股息30,10,0,10,國泰-台南,2023-09-27,8884
006206,元大上證50,10,0,10,國泰-台南,2023-09-27,8884
00902,中信電池及儲能,9,0,9,國泰-台南,2023-09-27,8884
1301,台塑,9,0,9,國泰-台南,2023-09-27,8884
2017,官田鋼,10,1,9,國泰-台南,2023-09-27,8884
9907,統一實,10,1,9,國泰-台南,2023-09-27,8884
00712,復華富時不動產,175,31,144,國泰-台南,2023-09-28,8884
00680L,元大美債20正2,196,87,109,國泰-台南,2023-09-28,8884
2363,矽統,176,93,83,國泰-台南,2023-09-28,8884
00679B,元大美債20年,100,19,81,國泰-台南,2023-09-28,8884
00931B,統一美債20年,86,6,80,國泰-台南,2023-09-28,8884
00878,國泰永續高股息,108,29,79,國泰-台南,2023-09-28,8884
00720B,元大投資級公司債,67,10,57,國泰-台南,2023-09-28,8884
3231,緯創,113,58,55,國泰-台南,2023-09-28,8884
00665L,富邦�琤肭磪囓�2,81,26,55,國泰-台南,2023-09-28,8884
00857B,永豐20年美公債,60,6,54,國泰-台南,2023-09-28,8884
00772B,中信高評級公司債,50,0,50,國泰-台南,2023-09-28,8884
2002,中鋼,67,16,51,國泰-台南,2023-09-28,8884
00929,復華台灣科技優息,281,236,45,國泰-台南,2023-09-28,8884
2201,裕隆,112,67,45,國泰-台南,2023-09-28,8884
2313,華通,115,74,41,國泰-台南,2023-09-28,8884
2405,輔信,45,4,41,國泰-台南,2023-09-28,8884
00687B,國泰20年美債,49,9,40,國泰-台南,2023-09-28,8884
3264,欣銓,40,1,39,國泰-台南,2023-09-28,8884
6550,北極星藥業-KY,38,0,38,國泰-台南,2023-09-28,8884
2618,長榮航,50,14,36,國泰-台南,2023-09-28,8884
00753L,中信中國50正2,35,0,35,國泰-台南,2023-09-28,8884
00688L,國泰20年美債正2,65,30,35,國泰-台南,2023-09-28,8884
006208,富邦台50,35,0,35,國泰-台南,2023-09-28,8884
00773B,中信優先金融債,33,0,33,國泰-台南,2023-09-28,8884
00675L,富邦臺灣加權正2,40,10,30,國泰-台南,2023-09-28,8884
00919,群益台灣精選高息,38,10,28,國泰-台南,2023-09-28,8884
2316,楠梓電,71,44,27,國泰-台南,2023-09-28,8884
2408,南亞科,30,5,25,國泰-台南,2023-09-28,8884
2610,華航,47,23,24,國泰-台南,2023-09-28,8884
00637L,元大滬深300正2,26,3,23,國泰-台南,2023-09-28,8884
00696B,富邦美債20年,23,0,23,國泰-台南,2023-09-28,8884
00751B,元大AAA至A公司債,25,4,21,國泰-台南,2023-09-28,8884
3051,力特,65,45,20,國泰-台南,2023-09-28,8884
00671R,富邦NASDAQ反1,20,0,20,國泰-台南,2023-09-28,8884
00632R,元大台灣50反1,22,3,19,國泰-台南,2023-09-28,8884
2317,鴻海,21,2,19,國泰-台南,2023-09-28,8884
3013,晟銘電,71,52,19,國泰-台南,2023-09-28,8884
00795B,中信美國公債20年,18,0,18,國泰-台南,2023-09-28,8884
00902,中信電池及儲能,17,0,17,國泰-台南,2023-09-28,8884
00713,元大台灣高息低波,15,0,15,國泰-台南,2023-09-28,8884
9904,寶成,14,0,14,國泰-台南,2023-09-28,8884
2014,中鴻,19,5,14,國泰-台南,2023-09-28,8884
00921,兆豐龍頭等權重,14,0,14,國泰-台南,2023-09-28,8884
3036,文曄,80,67,13,國泰-台南,2023-09-28,8884
5880,合庫金,17,5,12,國泰-台南,2023-09-28,8884
00715L,期街口布蘭特正2,21,9,12,國泰-台南,2023-09-28,8884
2356,英業達,32,21,11,國泰-台南,2023-09-28,8884
2884,玉山金,16,4,12,國泰-台南,2023-09-28,8884
00852L,國泰美國道瓊正2,11,0,11,國泰-台南,2023-09-28,8884
2892,第一金,15,4,11,國泰-台南,2023-09-28,8884
00929,復華台灣科技優息,495,181,314,國泰-台南,2023-10-02,8884
00919,群益台灣精選高息,199,25,174,國泰-台南,2023-10-02,8884
00680L,元大美債20正2,161,30,131,國泰-台南,2023-10-02,8884
3715,定穎投控,367,257,110,國泰-台南,2023-10-02,8884
1609,大亞,169,74,95,國泰-台南,2023-10-02,8884
2002,中鋼,98,9,89,國泰-台南,2023-10-02,8884
00720B,元大投資級公司債,81,12,69,國泰-台南,2023-10-02,8884
1471,首利,73,6,67,國泰-台南,2023-10-02,8884
00751B,元大AAA至A公司債,60,2,58,國泰-台南,2023-10-02,8884
00712,復華富時不動產,58,0,58,國泰-台南,2023-10-02,8884
3450,聯鈞,72,31,41,國泰-台南,2023-10-02,8884
00722B,群益投資級電信債,38,0,38,國泰-台南,2023-10-02,8884
2460,建通,38,0,38,國泰-台南,2023-10-02,8884
2363,矽統,106,71,35,國泰-台南,2023-10-02,8884
2618,長榮航,44,10,34,國泰-台南,2023-10-02,8884
6550,北極星藥業-KY,35,1,34,國泰-台南,2023-10-02,8884
2201,裕隆,36,3,33,國泰-台南,2023-10-02,8884
8093,保銳,33,0,33,國泰-台南,2023-10-02,8884
3325,旭品,109,77,32,國泰-台南,2023-10-02,8884
3481,群創,38,11,27,國泰-台南,2023-10-02,8884
00772B,中信高評級公司債,36,9,27,國泰-台南,2023-10-02,8884
5880,合庫金,29,2,27,國泰-台南,2023-10-02,8884
4915,致伸,29,3,26,國泰-台南,2023-10-02,8884
1603,華電,28,7,21,國泰-台南,2023-10-02,8884
00679B,元大美債20年,31,10,21,國泰-台南,2023-10-02,8884
00671R,富邦NASDAQ反1,30,10,20,國泰-台南,2023-10-02,8884
2316,楠梓電,31,11,20,國泰-台南,2023-10-02,8884
2892,第一金,27,8,19,國泰-台南,2023-10-02,8884
5465,富驊,43,24,19,國泰-台南,2023-10-02,8884
2355,敬鵬,88,69,19,國泰-台南,2023-10-02,8884
6290,良維,22,4,18,國泰-台南,2023-10-02,8884
5225,東科-KY,21,4,17,國泰-台南,2023-10-02,8884
2515,中工,19,2,17,國泰-台南,2023-10-02,8884
2374,佳能,23,6,17,國泰-台南,2023-10-02,8884
00795B,中信美國公債20年,15,0,15,國泰-台南,2023-10-02,8884
1720,生達,15,0,15,國泰-台南,2023-10-02,8884
00687B,國泰20年美債,24,10,14,國泰-台南,2023-10-02,8884
1905,華紙,17,3,14,國泰-台南,2023-10-02,8884
2888,新光金,17,3,14,國泰-台南,2023-10-02,8884
1301,台塑,14,1,13,國泰-台南,2023-10-02,8884
00670L,富邦NASDAQ正2,13,0,13,國泰-台南,2023-10-02,8884
2014,中鴻,11,0,11,國泰-台南,2023-10-02,8884
4979,華星光,39,28,11,國泰-台南,2023-10-02,8884
2365,昆盈,10,0,10,國泰-台南,2023-10-02,8884
3380,明泰,10,0,10,國泰-台南,2023-10-02,8884
3666,光耀,10,0,10,國泰-台南,2023-10-02,8884
2441,超豐,10,0,10,國泰-台南,2023-10-02,8884
8112,至上,16,6,10,國泰-台南,2023-10-02,8884
3042,晶技,11,1,10,國泰-台南,2023-10-02,8884
00897,富邦基因免疫生技,10,0,10,國泰-台南,2023-10-02,8884
00931B,統一美債20年,220,1,219,國泰-台南,2023-10-03,8884
9105,泰金寶-DR,168,0,168,國泰-台南,2023-10-03,8884
00712,復華富時不動產,191,38,153,國泰-台南,2023-10-03,8884
0056,元大高股息,168,45,123,國泰-台南,2023-10-03,8884
00665L,富邦�琤肭磪囓�2,107,2,105,國泰-台南,2023-10-03,8884
2460,建通,106,1,105,國泰-台南,2023-10-03,8884
00720B,元大投資級公司債,104,0,104,國泰-台南,2023-10-03,8884
00680L,元大美債20正2,125,34,91,國泰-台南,2023-10-03,8884
3231,緯創,205,121,84,國泰-台南,2023-10-03,8884
00882,中信中國高股息,79,1,78,國泰-台南,2023-10-03,8884
2355,敬鵬,97,28,69,國泰-台南,2023-10-03,8884
00706L,期元大S＆P日圓正2,69,0,69,國泰-台南,2023-10-03,8884
00878,國泰永續高股息,109,45,64,國泰-台南,2023-10-03,8884
3548,兆利,112,50,62,國泰-台南,2023-10-03,8884
00919,群益台灣精選高息,78,18,60,國泰-台南,2023-10-03,8884
00751B,元大AAA至A公司債,69,12,57,國泰-台南,2023-10-03,8884
2201,裕隆,58,3,55,國泰-台南,2023-10-03,8884
00753L,中信中國50正2,54,2,52,國泰-台南,2023-10-03,8884
2356,英業達,82,31,51,國泰-台南,2023-10-03,8884
5426,振發,56,15,41,國泰-台南,2023-10-03,8884
9907,統一實,40,0,40,國泰-台南,2023-10-03,8884
00830,國泰費城半導體,43,4,39,國泰-台南,2023-10-03,8884
00679B,元大美債20年,46,7,39,國泰-台南,2023-10-03,8884
00772B,中信高評級公司債,40,3,37,國泰-台南,2023-10-03,8884
6550,北極星藥業-KY,37,0,37,國泰-台南,2023-10-03,8884
2002,中鋼,40,3,37,國泰-台南,2023-10-03,8884
00637L,元大滬深300正2,39,3,36,國泰-台南,2023-10-03,8884
3032,偉訓,89,53,36,國泰-台南,2023-10-03,8884
00922,國泰台灣領袖50,35,0,35,國泰-台南,2023-10-03,8884
2301,光寶科,40,5,35,國泰-台南,2023-10-03,8884
00722B,群益投資級電信債,36,1,35,國泰-台南,2023-10-03,8884
2409,友達,233,202,31,國泰-台南,2023-10-03,8884
2388,威盛,59,29,30,國泰-台南,2023-10-03,8884
2891,中信金,30,1,29,國泰-台南,2023-10-03,8884
00888,永豐台灣ESG,28,1,27,國泰-台南,2023-10-03,8884
00713,元大台灣高息低波,38,12,26,國泰-台南,2023-10-03,8884
1515,力山,26,2,24,國泰-台南,2023-10-03,8884
5880,合庫金,32,9,23,國泰-台南,2023-10-03,8884
2883,凱基金,29,6,23,國泰-台南,2023-10-03,8884
00687B,國泰20年美債,23,0,23,國泰-台南,2023-10-03,8884
00929,復華台灣科技優息,441,419,22,國泰-台南,2023-10-03,8884
2888A,新光金甲特,21,0,21,國泰-台南,2023-10-03,8884
00664R,國泰臺灣加權反1,20,0,20,國泰-台南,2023-10-03,8884
00671R,富邦NASDAQ反1,20,0,20,國泰-台南,2023-10-03,8884
2367,燿華,31,11,20,國泰-台南,2023-10-03,8884
1815,富喬,170,151,19,國泰-台南,2023-10-03,8884
3322,建舜電,33,15,18,國泰-台南,2023-10-03,8884
2606,裕民,19,2,17,國泰-台南,2023-10-03,8884
3234,光環,17,0,17,國泰-台南,2023-10-03,8884
2382,廣達,97,80,17,國泰-台南,2023-10-03,8884
00929,復華台灣科技優息,458,109,349,國泰-台南,2023-10-04,8884
00712,復華富時不動產,301,23,278,國泰-台南,2023-10-04,8884
00720B,元大投資級公司債,230,83,147,國泰-台南,2023-10-04,8884
00919,群益台灣精選高息,159,17,142,國泰-台南,2023-10-04,8884
00680L,元大美債20正2,152,19,133,國泰-台南,2023-10-04,8884
00922,國泰台灣領袖50,124,3,121,國泰-台南,2023-10-04,8884
8277,商丞,103,0,103,國泰-台南,2023-10-04,8884
2891,中信金,96,6,90,國泰-台南,2023-10-04,8884
0056,元大高股息,116,28,88,國泰-台南,2023-10-04,8884
2880,華南金,84,1,83,國泰-台南,2023-10-04,8884
00931B,統一美債20年,166,87,79,國泰-台南,2023-10-04,8884
2409,友達,99,20,79,國泰-台南,2023-10-04,8884
00679B,元大美債20年,164,92,72,國泰-台南,2023-10-04,8884
00665L,富邦�琤肭磪囓�2,62,1,61,國泰-台南,2023-10-04,8884
5321,美而快,63,2,61,國泰-台南,2023-10-04,8884
2303,聯電,60,4,56,國泰-台南,2023-10-04,8884
3325,旭品,176,124,52,國泰-台南,2023-10-04,8884
00878,國泰永續高股息,87,35,52,國泰-台南,2023-10-04,8884
1584,精剛,60,10,50,國泰-台南,2023-10-04,8884
00632R,元大台灣50反1,158,110,48,國泰-台南,2023-10-04,8884
006208,富邦台50,45,0,45,國泰-台南,2023-10-04,8884
2201,裕隆,61,16,45,國泰-台南,2023-10-04,8884
2845,遠東銀,45,1,44,國泰-台南,2023-10-04,8884
2887,台新金,42,1,41,國泰-台南,2023-10-04,8884
00795B,中信美國公債20年,61,21,40,國泰-台南,2023-10-04,8884
1605,華新,44,4,40,國泰-台南,2023-10-04,8884
00687B,國泰20年美債,211,173,38,國泰-台南,2023-10-04,8884
00772B,中信高評級公司債,52,14,38,國泰-台南,2023-10-04,8884
3548,兆利,61,23,38,國泰-台南,2023-10-04,8884
3481,群創,49,12,37,國泰-台南,2023-10-04,8884
2002,中鋼,62,25,37,國泰-台南,2023-10-04,8884
00706L,期元大S＆P日圓正2,35,0,35,國泰-台南,2023-10-04,8884
2881,富邦金,36,1,35,國泰-台南,2023-10-04,8884
1603,華電,59,24,35,國泰-台南,2023-10-04,8884
00722B,群益投資級電信債,34,0,34,國泰-台南,2023-10-04,8884
6550,北極星藥業-KY,36,2,34,國泰-台南,2023-10-04,8884
2882,國泰金,44,10,34,國泰-台南,2023-10-04,8884
3322,建舜電,51,18,33,國泰-台南,2023-10-04,8884
2883,凱基金,58,28,30,國泰-台南,2023-10-04,8884
2888,新光金,40,12,28,國泰-台南,2023-10-04,8884
3704,合勤控,29,0,29,國泰-台南,2023-10-04,8884
00631L,元大台灣50正2,33,5,28,國泰-台南,2023-10-04,8884
3231,緯創,61,34,27,國泰-台南,2023-10-04,8884
2481,強茂,27,0,27,國泰-台南,2023-10-04,8884
2374,佳能,26,0,26,國泰-台南,2023-10-04,8884
00773B,中信優先金融債,25,0,25,國泰-台南,2023-10-04,8884
2025,千興,27,2,25,國泰-台南,2023-10-04,8884
2884,玉山金,67,42,25,國泰-台南,2023-10-04,8884
2886,兆豐金,26,2,24,國泰-台南,2023-10-04,8884
00688L,國泰20年美債正2,54,30,24,國泰-台南,2023-10-04,8884
00712,復華富時不動產,313,73,240,國泰-台南,2023-10-05,8884
00632R,元大台灣50反1,216,10,206,國泰-台南,2023-10-05,8884
00680L,元大美債20正2,172,25,147,國泰-台南,2023-10-05,8884
9907,統一實,77,0,77,國泰-台南,2023-10-05,8884
00857B,永豐20年美公債,62,0,62,國泰-台南,2023-10-05,8884
4915,致伸,60,1,59,國泰-台南,2023-10-05,8884
2460,建通,50,0,50,國泰-台南,2023-10-05,8884
00720B,元大投資級公司債,44,2,42,國泰-台南,2023-10-05,8884
8054,安國,56,15,41,國泰-台南,2023-10-05,8884
2887,台新金,69,30,39,國泰-台南,2023-10-05,8884
00783,富邦中証500,36,0,36,國泰-台南,2023-10-05,8884
6550,北極星藥業-KY,37,1,36,國泰-台南,2023-10-05,8884
6156,松上,40,5,35,國泰-台南,2023-10-05,8884
00891,中信關鍵半導體,50,18,32,國泰-台南,2023-10-05,8884
5321,美而快,33,1,32,國泰-台南,2023-10-05,8884
2486,一詮,114,85,29,國泰-台南,2023-10-05,8884
2409,友達,37,8,29,國泰-台南,2023-10-05,8884
00679B,元大美債20年,33,4,29,國泰-台南,2023-10-05,8884
2313,華通,54,26,28,國泰-台南,2023-10-05,8884
2374,佳能,25,0,25,國泰-台南,2023-10-05,8884
3122,笙泉,63,41,22,國泰-台南,2023-10-05,8884
912000,晨訊科-DR,22,0,22,國泰-台南,2023-10-05,8884
1324,地球,22,0,22,國泰-台南,2023-10-05,8884
2618,長榮航,93,71,22,國泰-台南,2023-10-05,8884
00671R,富邦NASDAQ反1,21,0,21,國泰-台南,2023-10-05,8884
1612,宏泰,21,1,20,國泰-台南,2023-10-05,8884
00665L,富邦�琤肭磪囓�2,19,0,19,國泰-台南,2023-10-05,8884
3013,晟銘電,81,62,19,國泰-台南,2023-10-05,8884
3036,文曄,142,123,19,國泰-台南,2023-10-05,8884
2025,千興,18,0,18,國泰-台南,2023-10-05,8884
1101,台泥,21,3,18,國泰-台南,2023-10-05,8884
3494,誠研,17,0,17,國泰-台南,2023-10-05,8884
2369,菱生,16,0,16,國泰-台南,2023-10-05,8884
8271,宇瞻,19,4,15,國泰-台南,2023-10-05,8884
5488,松普,16,1,15,國泰-台南,2023-10-05,8884
2367,燿華,32,18,14,國泰-台南,2023-10-05,8884
3037,欣興,16,2,14,國泰-台南,2023-10-05,8884
00753L,中信中國50正2,13,0,13,國泰-台南,2023-10-05,8884
5536,聖暉*,13,0,13,國泰-台南,2023-10-05,8884
3231,緯創,58,45,13,國泰-台南,2023-10-05,8884
6112,邁達特,24,11,13,國泰-台南,2023-10-05,8884
2884,玉山金,15,2,13,國泰-台南,2023-10-05,8884
3044,健鼎,30,18,12,國泰-台南,2023-10-05,8884
00715L,期街口布蘭特正2,13,1,12,國泰-台南,2023-10-05,8884
2002,中鋼,17,5,12,國泰-台南,2023-10-05,8884
00795B,中信美國公債20年,12,0,12,國泰-台南,2023-10-05,8884
2417,圓剛,99,88,11,國泰-台南,2023-10-05,8884
00922,國泰台灣領袖50,12,1,11,國泰-台南,2023-10-05,8884
3032,偉訓,34,23,11,國泰-台南,2023-10-05,8884
6116,彩晶,20,9,11,國泰-台南,2023-10-05,8884
00929,復華台灣科技優息,622,13,609,國泰-台南,2023-10-06,8884
00712,復華富時不動產,289,6,283,國泰-台南,2023-10-06,8884
9105,泰金寶-DR,208,0,208,國泰-台南,2023-10-06,8884
00632R,元大台灣50反1,205,23,182,國泰-台南,2023-10-06,8884
2442,新美齊,109,19,90,國泰-台南,2023-10-06,8884
00919,群益台灣精選高息,87,0,87,國泰-台南,2023-10-06,8884
5321,美而快,88,6,82,國泰-台南,2023-10-06,8884
00680L,元大美債20正2,83,3,80,國泰-台南,2023-10-06,8884
00720B,元大投資級公司債,67,0,67,國泰-台南,2023-10-06,8884
3325,旭品,303,240,63,國泰-台南,2023-10-06,8884
2331,精英,60,0,60,國泰-台南,2023-10-06,8884
2610,華航,106,49,57,國泰-台南,2023-10-06,8884
2002,中鋼,42,6,36,國泰-台南,2023-10-06,8884
0056,元大高股息,103,67,36,國泰-台南,2023-10-06,8884
2427,三商電,50,15,35,國泰-台南,2023-10-06,8884
6550,北極星藥業-KY,33,1,32,國泰-台南,2023-10-06,8884
2356,英業達,48,16,32,國泰-台南,2023-10-06,8884
00922,國泰台灣領袖50,30,0,30,國泰-台南,2023-10-06,8884
00687B,國泰20年美債,39,10,29,國泰-台南,2023-10-06,8884
00715L,期街口布蘭特正2,28,0,28,國泰-台南,2023-10-06,8884
00751B,元大AAA至A公司債,27,1,26,國泰-台南,2023-10-06,8884
1618,合機,32,6,26,國泰-台南,2023-10-06,8884
2409,友達,42,17,25,國泰-台南,2023-10-06,8884
2355,敬鵬,29,4,25,國泰-台南,2023-10-06,8884
2460,建通,25,0,25,國泰-台南,2023-10-06,8884
1609,大亞,26,2,24,國泰-台南,2023-10-06,8884
00857B,永豐20年美公債,23,0,23,國泰-台南,2023-10-06,8884
2892,第一金,27,6,21,國泰-台南,2023-10-06,8884
00688L,國泰20年美債正2,20,0,20,國泰-台南,2023-10-06,8884
3481,群創,52,33,19,國泰-台南,2023-10-06,8884
00923,群益台ESG低碳50,23,3,20,國泰-台南,2023-10-06,8884
00679B,元大美債20年,21,2,19,國泰-台南,2023-10-06,8884
2618,長榮航,71,53,18,國泰-台南,2023-10-06,8884
8093,保銳,31,14,17,國泰-台南,2023-10-06,8884
6290,良維,24,7,17,國泰-台南,2023-10-06,8884
1339,昭輝,20,4,16,國泰-台南,2023-10-06,8884
9902,台火,17,1,16,國泰-台南,2023-10-06,8884
5880,合庫金,22,7,15,國泰-台南,2023-10-06,8884
2337,旺宏,17,2,15,國泰-台南,2023-10-06,8884
6191,精成科,17,2,15,國泰-台南,2023-10-06,8884
2468,華經,79,64,15,國泰-台南,2023-10-06,8884
2605,新興,33,19,14,國泰-台南,2023-10-06,8884
00772B,中信高評級公司債,13,0,13,國泰-台南,2023-10-06,8884
2415,錩新,16,3,13,國泰-台南,2023-10-06,8884
3363,上詮,28,15,13,國泰-台南,2023-10-06,8884
5864,致和證,14,1,13,國泰-台南,2023-10-06,8884
2883,凱基金,16,3,13,國泰-台南,2023-10-06,8884
6139,亞翔,16,4,12,國泰-台南,2023-10-06,8884
2485,兆赫,18,6,12,國泰-台南,2023-10-06,8884
6204,艾華,30,18,12,國泰-台南,2023-10-06,8884
00919,群益台灣精選高息,354,47,307,國泰-台南,2023-10-11,8884
3231,緯創,386,106,280,國泰-台南,2023-10-11,8884
00673R,期元大S＆P原油反1,202,5,197,國泰-台南,2023-10-11,8884
2489,瑞軒,130,0,130,國泰-台南,2023-10-11,8884
00679B,元大美債20年,105,21,84,國泰-台南,2023-10-11,8884
00720B,元大投資級公司債,84,1,83,國泰-台南,2023-10-11,8884
00929,復華台灣科技優息,219,139,80,國泰-台南,2023-10-11,8884
9105,泰金寶-DR,74,1,73,國泰-台南,2023-10-11,8884
3715,定穎投控,299,230,69,國泰-台南,2023-10-11,8884
00857B,永豐20年美公債,57,0,57,國泰-台南,2023-10-11,8884
4915,致伸,58,2,56,國泰-台南,2023-10-11,8884
00687B,國泰20年美債,74,23,51,國泰-台南,2023-10-11,8884
4532,瑞智,45,1,44,國泰-台南,2023-10-11,8884
2609,陽明,49,5,44,國泰-台南,2023-10-11,8884
2356,英業達,81,37,44,國泰-台南,2023-10-11,8884
3704,合勤控,46,6,40,國泰-台南,2023-10-11,8884
0056,元大高股息,123,85,38,國泰-台南,2023-10-11,8884
6550,北極星藥業-KY,38,0,38,國泰-台南,2023-10-11,8884
2382,廣達,122,84,38,國泰-台南,2023-10-11,8884
00632R,元大台灣50反1,100,64,36,國泰-台南,2023-10-11,8884
3481,群創,41,7,34,國泰-台南,2023-10-11,8884
2603,長榮,43,11,32,國泰-台南,2023-10-11,8884
2637,慧洋-KY,36,11,25,國泰-台南,2023-10-11,8884
2618,長榮航,92,68,24,國泰-台南,2023-10-11,8884
1712,興農,124,100,24,國泰-台南,2023-10-11,8884
2025,千興,31,7,24,國泰-台南,2023-10-11,8884
00922,國泰台灣領袖50,39,16,23,國泰-台南,2023-10-11,8884
2002,中鋼,24,2,22,國泰-台南,2023-10-11,8884
6156,松上,23,2,21,國泰-台南,2023-10-11,8884
1504,東元,37,16,21,國泰-台南,2023-10-11,8884
2615,萬海,20,0,20,國泰-台南,2023-10-11,8884
5488,松普,20,0,20,國泰-台南,2023-10-11,8884
1307,三芳,20,1,19,國泰-台南,2023-10-11,8884
1786,科妍,30,11,19,國泰-台南,2023-10-11,8884
6282,康舒,24,6,18,國泰-台南,2023-10-11,8884
2355,敬鵬,31,14,17,國泰-台南,2023-10-11,8884
3051,力特,39,22,17,國泰-台南,2023-10-11,8884
1612,宏泰,19,2,17,國泰-台南,2023-10-11,8884
6547,高端疫苗,26,10,16,國泰-台南,2023-10-11,8884
3122,笙泉,130,114,16,國泰-台南,2023-10-11,8884
3014,聯陽,33,17,16,國泰-台南,2023-10-11,8884
8044,網家,15,0,15,國泰-台南,2023-10-11,8884
1513,中興電,16,1,15,國泰-台南,2023-10-11,8884
5351,鈺創,21,7,14,國泰-台南,2023-10-11,8884
8033,雷虎,15,1,14,國泰-台南,2023-10-11,8884
00631L,元大台灣50正2,22,9,13,國泰-台南,2023-10-11,8884
5381,合正,13,1,12,國泰-台南,2023-10-11,8884
5864,致和證,12,0,12,國泰-台南,2023-10-11,8884
2465,麗臺,15,3,12,國泰-台南,2023-10-11,8884
00751B,元大AAA至A公司債,14,2,12,國泰-台南,2023-10-11,8884
00706L,期元大S＆P日圓正2,156,0,156,國泰-台南,2023-10-12,8884
2354,鴻準,100,1,99,國泰-台南,2023-10-12,8884
2363,矽統,620,526,94,國泰-台南,2023-10-12,8884
3202,樺晟,81,0,81,國泰-台南,2023-10-12,8884
00919,群益台灣精選高息,87,15,72,國泰-台南,2023-10-12,8884
00715L,期街口布蘭特正2,70,2,68,國泰-台南,2023-10-12,8884
00720B,元大投資級公司債,69,6,63,國泰-台南,2023-10-12,8884
2206,三陽工業,44,0,44,國泰-台南,2023-10-12,8884
8093,保銳,35,0,35,國泰-台南,2023-10-12,8884
1584,精剛,48,13,35,國泰-台南,2023-10-12,8884
2374,佳能,34,0,34,國泰-台南,2023-10-12,8884
00931B,統一美債20年,45,12,33,國泰-台南,2023-10-12,8884
00680L,元大美債20正2,49,17,32,國泰-台南,2023-10-12,8884
6550,北極星藥業-KY,32,0,32,國泰-台南,2023-10-12,8884
4915,致伸,30,1,29,國泰-台南,2023-10-12,8884
00712,復華富時不動產,62,35,27,國泰-台南,2023-10-12,8884
2883,凱基金,43,17,26,國泰-台南,2023-10-12,8884
00679B,元大美債20年,52,27,25,國泰-台南,2023-10-12,8884
2481,強茂,27,4,23,國泰-台南,2023-10-12,8884
2816,旺旺保,24,2,22,國泰-台南,2023-10-12,8884
2028,威致,20,0,20,國泰-台南,2023-10-12,8884
2637,慧洋-KY,20,0,20,國泰-台南,2023-10-12,8884
1616,億泰,20,0,20,國泰-台南,2023-10-12,8884
2329,華泰,25,5,20,國泰-台南,2023-10-12,8884
1568,倉佑,21,2,19,國泰-台南,2023-10-12,8884
00772B,中信高評級公司債,21,3,18,國泰-台南,2023-10-12,8884
1712,興農,97,80,17,國泰-台南,2023-10-12,8884
1618,合機,18,1,17,國泰-台南,2023-10-12,8884
2313,華通,52,37,15,國泰-台南,2023-10-12,8884
2382,廣達,84,69,15,國泰-台南,2023-10-12,8884
00795B,中信美國公債20年,15,0,15,國泰-台南,2023-10-12,8884
2352,佳世達,21,6,15,國泰-台南,2023-10-12,8884
6284,佳邦,22,8,14,國泰-台南,2023-10-12,8884
5521,工信,15,1,14,國泰-台南,2023-10-12,8884
2409,友達,20,6,14,國泰-台南,2023-10-12,8884
6547,高端疫苗,14,0,14,國泰-台南,2023-10-12,8884
2356,英業達,35,21,14,國泰-台南,2023-10-12,8884
2002,中鋼,13,0,13,國泰-台南,2023-10-12,8884
1591,駿吉-KY,13,0,13,國泰-台南,2023-10-12,8884
6139,亞翔,12,0,12,國泰-台南,2023-10-12,8884
1786,科妍,15,3,12,國泰-台南,2023-10-12,8884
3537,堡達,12,0,12,國泰-台南,2023-10-12,8884
6156,松上,11,0,11,國泰-台南,2023-10-12,8884
3483,力致,45,34,11,國泰-台南,2023-10-12,8884
2489,瑞軒,11,1,10,國泰-台南,2023-10-12,8884
3325,旭品,45,35,10,國泰-台南,2023-10-12,8884
3363,上詮,44,34,10,國泰-台南,2023-10-12,8884
1514,亞力,12,2,10,國泰-台南,2023-10-12,8884
00670L,富邦NASDAQ正2,10,1,9,國泰-台南,2023-10-12,8884
2324,仁寶,16,7,9,國泰-台南,2023-10-12,8884
00680L,元大美債20正2,352,5,347,國泰-台南,2023-10-13,8884
2363,矽統,870,618,252,國泰-台南,2023-10-13,8884
00632R,元大台灣50反1,229,25,204,國泰-台南,2023-10-13,8884
0056,元大高股息,160,28,132,國泰-台南,2023-10-13,8884
00919,群益台灣精選高息,133,5,128,國泰-台南,2023-10-13,8884
00878,國泰永續高股息,147,21,126,國泰-台南,2023-10-13,8884
9105,泰金寶-DR,119,0,119,國泰-台南,2023-10-13,8884
00687B,國泰20年美債,111,0,111,國泰-台南,2023-10-13,8884
3481,群創,98,4,94,國泰-台南,2023-10-13,8884
00929,復華台灣科技優息,179,92,87,國泰-台南,2023-10-13,8884
00720B,元大投資級公司債,84,1,83,國泰-台南,2023-10-13,8884
00712,復華富時不動產,95,18,77,國泰-台南,2023-10-13,8884
3231,緯創,156,82,74,國泰-台南,2023-10-13,8884
00650L,復華香港正2,98,30,68,國泰-台南,2023-10-13,8884
00679B,元大美債20年,59,0,59,國泰-台南,2023-10-13,8884
2401,凌陽,66,8,58,國泰-台南,2023-10-13,8884
00922,國泰台灣領袖50,56,1,55,國泰-台南,2023-10-13,8884
2382,廣達,216,162,54,國泰-台南,2023-10-13,8884
00753L,中信中國50正2,52,0,52,國泰-台南,2023-10-13,8884
1314,中石化,137,89,48,國泰-台南,2023-10-13,8884
2516,新建,45,3,42,國泰-台南,2023-10-13,8884
00764B,群益25年美債,39,0,39,國泰-台南,2023-10-13,8884
2913,農林,40,3,37,國泰-台南,2023-10-13,8884
2301,光寶科,42,5,37,國泰-台南,2023-10-13,8884
1319,東陽,54,20,34,國泰-台南,2023-10-13,8884
2323,中環,36,2,34,國泰-台南,2023-10-13,8884
2376,技嘉,262,228,34,國泰-台南,2023-10-13,8884
00751B,元大AAA至A公司債,34,1,33,國泰-台南,2023-10-13,8884
3715,定穎投控,261,228,33,國泰-台南,2023-10-13,8884
2607,榮運,44,13,31,國泰-台南,2023-10-13,8884
00931B,統一美債20年,32,3,29,國泰-台南,2023-10-13,8884
00665L,富邦�琤肭磪囓�2,54,27,27,國泰-台南,2023-10-13,8884
6550,北極星藥業-KY,25,0,25,國泰-台南,2023-10-13,8884
00772B,中信高評級公司債,25,0,25,國泰-台南,2023-10-13,8884
1504,東元,26,2,24,國泰-台南,2023-10-13,8884
00688L,國泰20年美債正2,22,0,22,國泰-台南,2023-10-13,8884
00637L,元大滬深300正2,21,0,21,國泰-台南,2023-10-13,8884
1584,精剛,24,4,20,國泰-台南,2023-10-13,8884
2399,映泰,40,20,20,國泰-台南,2023-10-13,8884
2538,基泰,63,43,20,國泰-台南,2023-10-13,8884
2353,宏��,25,6,19,國泰-台南,2023-10-13,8884
4915,致伸,20,1,19,國泰-台南,2023-10-13,8884
2610,華航,36,17,19,國泰-台南,2023-10-13,8884
2881,富邦金,20,1,19,國泰-台南,2023-10-13,8884
2002,中鋼,18,0,18,國泰-台南,2023-10-13,8884
2609,陽明,19,2,17,國泰-台南,2023-10-13,8884
1905,華紙,29,14,15,國泰-台南,2023-10-13,8884
6257,矽格,36,21,15,國泰-台南,2023-10-13,8884
3059,華晶科,17,3,14,國泰-台南,2023-10-13,8884
2324,仁寶,27,13,14,國泰-台南,2023-10-13,8884
0056,元大高股息,408,4,404,國泰-台南,2023-10-16,8884
1802,台玻,355,5,350,國泰-台南,2023-10-16,8884
00929,復華台灣科技優息,356,30,326,國泰-台南,2023-10-16,8884
00712,復華富時不動產,147,1,146,國泰-台南,2023-10-16,8884
2363,矽統,486,358,128,國泰-台南,2023-10-16,8884
2344,華邦電,150,67,83,國泰-台南,2023-10-16,8884
2618,長榮航,101,38,63,國泰-台南,2023-10-16,8884
2481,強茂,54,0,54,國泰-台南,2023-10-16,8884
00915,凱基優選高股息30,56,2,54,國泰-台南,2023-10-16,8884
00922,國泰台灣領袖50,52,0,52,國泰-台南,2023-10-16,8884
3202,樺晟,54,2,52,國泰-台南,2023-10-16,8884
2201,裕隆,93,42,51,國泰-台南,2023-10-16,8884
4714,永捷,40,1,39,國泰-台南,2023-10-16,8884
00720B,元大投資級公司債,40,1,39,國泰-台南,2023-10-16,8884
2634,漢翔,36,2,34,國泰-台南,2023-10-16,8884
6550,北極星藥業-KY,34,0,34,國泰-台南,2023-10-16,8884
00773B,中信優先金融債,30,0,30,國泰-台南,2023-10-16,8884
00878,國泰永續高股息,93,63,30,國泰-台南,2023-10-16,8884
00753L,中信中國50正2,29,0,29,國泰-台南,2023-10-16,8884
2515,中工,188,160,28,國泰-台南,2023-10-16,8884
1584,精剛,32,4,28,國泰-台南,2023-10-16,8884
4908,前鼎,197,171,26,國泰-台南,2023-10-16,8884
1314,中石化,161,136,25,國泰-台南,2023-10-16,8884
00637L,元大滬深300正2,24,0,24,國泰-台南,2023-10-16,8884
3059,華晶科,24,1,23,國泰-台南,2023-10-16,8884
3481,群創,39,16,23,國泰-台南,2023-10-16,8884
2409,友達,25,3,22,國泰-台南,2023-10-16,8884
8222,寶一,34,13,21,國泰-台南,2023-10-16,8884
4123,晟德,21,0,21,國泰-台南,2023-10-16,8884
4944,兆遠,20,0,20,國泰-台南,2023-10-16,8884
2888A,新光金甲特,20,0,20,國泰-台南,2023-10-16,8884
2516,新建,21,1,20,國泰-台南,2023-10-16,8884
3231,緯創,87,67,20,國泰-台南,2023-10-16,8884
2371,大同,24,5,19,國泰-台南,2023-10-16,8884
00631L,元大台灣50正2,21,3,18,國泰-台南,2023-10-16,8884
8183,精星,19,1,18,國泰-台南,2023-10-16,8884
2356,英業達,47,29,18,國泰-台南,2023-10-16,8884
2390,云辰,18,1,17,國泰-台南,2023-10-16,8884
00679B,元大美債20年,19,2,17,國泰-台南,2023-10-16,8884
00902,中信電池及儲能,35,20,15,國泰-台南,2023-10-16,8884
00715L,期街口布蘭特正2,33,18,15,國泰-台南,2023-10-16,8884
6116,彩晶,15,0,15,國泰-台南,2023-10-16,8884
1324,地球,31,17,14,國泰-台南,2023-10-16,8884
2002,中鋼,18,4,14,國泰-台南,2023-10-16,8884
4915,致伸,15,1,14,國泰-台南,2023-10-16,8884
1605,華新,17,3,14,國泰-台南,2023-10-16,8884
00931B,統一美債20年,22,9,13,國泰-台南,2023-10-16,8884
2324,仁寶,17,4,13,國泰-台南,2023-10-16,8884
00641R,富邦日本反1,13,0,13,國泰-台南,2023-10-16,8884
1524,耿鼎,15,2,13,國泰-台南,2023-10-16,8884
00632R,元大台灣50反1,490,0,490,國泰-台南,2023-10-17,8884
0056,元大高股息,342,27,315,國泰-台南,2023-10-17,8884
00680L,元大美債20正2,219,0,219,國泰-台南,2023-10-17,8884
00687B,國泰20年美債,231,30,201,國泰-台南,2023-10-17,8884
00878,國泰永續高股息,246,59,187,國泰-台南,2023-10-17,8884
00720B,元大投資級公司債,163,1,162,國泰-台南,2023-10-17,8884
00772B,中信高評級公司債,99,0,99,國泰-台南,2023-10-17,8884
00751B,元大AAA至A公司債,88,0,88,國泰-台南,2023-10-17,8884
00857B,永豐20年美公債,83,0,83,國泰-台南,2023-10-17,8884
2618,長榮航,87,12,75,國泰-台南,2023-10-17,8884
3202,樺晟,65,0,65,國泰-台南,2023-10-17,8884
3481,群創,67,4,63,國泰-台南,2023-10-17,8884
00931B,統一美債20年,62,3,59,國泰-台南,2023-10-17,8884
3715,定穎投控,315,257,58,國泰-台南,2023-10-17,8884
1584,精剛,60,10,50,國泰-台南,2023-10-17,8884
00679B,元大美債20年,46,2,44,國泰-台南,2023-10-17,8884
00715L,期街口布蘭特正2,57,14,43,國泰-台南,2023-10-17,8884
1815,富喬,68,25,43,國泰-台南,2023-10-17,8884
2610,華航,49,7,42,國泰-台南,2023-10-17,8884
2516,新建,79,42,37,國泰-台南,2023-10-17,8884
1444,力麗,32,0,32,國泰-台南,2023-10-17,8884
8088,品安,37,5,32,國泰-台南,2023-10-17,8884
6550,北極星藥業-KY,32,0,32,國泰-台南,2023-10-17,8884
2352,佳世達,33,4,29,國泰-台南,2023-10-17,8884
2607,榮運,31,2,29,國泰-台南,2023-10-17,8884
8054,安國,107,79,28,國泰-台南,2023-10-17,8884
2409,友達,27,3,24,國泰-台南,2023-10-17,8884
2002,中鋼,32,8,24,國泰-台南,2023-10-17,8884
2603,長榮,24,1,23,國泰-台南,2023-10-17,8884
2867,三商壽,34,12,22,國泰-台南,2023-10-17,8884
6284,佳邦,55,33,22,國泰-台南,2023-10-17,8884
1504,東元,25,4,21,國泰-台南,2023-10-17,8884
00753L,中信中國50正2,23,2,21,國泰-台南,2023-10-17,8884
2489,瑞軒,20,0,20,國泰-台南,2023-10-17,8884
3484,崧騰,20,0,20,國泰-台南,2023-10-17,8884
00722B,群益投資級電信債,19,0,19,國泰-台南,2023-10-17,8884
8222,寶一,20,1,19,國泰-台南,2023-10-17,8884
912000,晨訊科-DR,20,1,19,國泰-台南,2023-10-17,8884
2634,漢翔,24,5,19,國泰-台南,2023-10-17,8884
2312,金寶,23,5,18,國泰-台南,2023-10-17,8884
2734,易飛網,18,0,18,國泰-台南,2023-10-17,8884
6168,宏齊,25,7,18,國泰-台南,2023-10-17,8884
4979,華星光,66,49,17,國泰-台南,2023-10-17,8884
3576,聯合再生,18,2,16,國泰-台南,2023-10-17,8884
2201,裕隆,31,15,16,國泰-台南,2023-10-17,8884
3094,聯傑,23,7,16,國泰-台南,2023-10-17,8884
00795B,中信美國公債20年,16,0,16,國泰-台南,2023-10-17,8884
2368,金像電,23,8,15,國泰-台南,2023-10-17,8884
00696B,富邦美債20年,15,0,15,國泰-台南,2023-10-17,8884
00919,群益台灣精選高息,35,20,15,國泰-台南,2023-10-17,8884
00929,復華台灣科技優息,1028,154,874,國泰-台南,2023-10-18,8884
00878,國泰永續高股息,526,56,470,國泰-台南,2023-10-18,8884
0056,元大高股息,401,5,396,國泰-台南,2023-10-18,8884
00857B,永豐20年美公債,382,20,362,國泰-台南,2023-10-18,8884
00687B,國泰20年美債,243,25,218,國泰-台南,2023-10-18,8884
00922,國泰台灣領袖50,232,17,215,國泰-台南,2023-10-18,8884
00720B,元大投資級公司債,175,0,175,國泰-台南,2023-10-18,8884
00919,群益台灣精選高息,221,55,166,國泰-台南,2023-10-18,8884
00706L,期元大S＆P日圓正2,98,0,98,國泰-台南,2023-10-18,8884
00712,復華富時不動產,94,10,84,國泰-台南,2023-10-18,8884
1815,富喬,89,8,81,國泰-台南,2023-10-18,8884
1101,台泥,79,13,66,國泰-台南,2023-10-18,8884
00722B,群益投資級電信債,66,0,66,國泰-台南,2023-10-18,8884
1471,首利,64,6,58,國泰-台南,2023-10-18,8884
3704,合勤控,70,22,48,國泰-台南,2023-10-18,8884
00932,兆豐永續高息等權,45,2,43,國泰-台南,2023-10-18,8884
00679B,元大美債20年,43,1,42,國泰-台南,2023-10-18,8884
00751B,元大AAA至A公司債,42,0,42,國泰-台南,2023-10-18,8884
3481,群創,42,1,41,國泰-台南,2023-10-18,8884
00772B,中信高評級公司債,39,1,38,國泰-台南,2023-10-18,8884
2002,中鋼,46,8,38,國泰-台南,2023-10-18,8884
6015,宏遠證,36,0,36,國泰-台南,2023-10-18,8884
00631L,元大台灣50正2,38,2,36,國泰-台南,2023-10-18,8884
2355,敬鵬,46,10,36,國泰-台南,2023-10-18,8884
00675L,富邦臺灣加權正2,34,0,34,國泰-台南,2023-10-18,8884
6168,宏齊,189,156,33,國泰-台南,2023-10-18,8884
3305,昇貿,32,0,32,國泰-台南,2023-10-18,8884
2888,新光金,31,2,29,國泰-台南,2023-10-18,8884
6550,北極星藥業-KY,39,11,28,國泰-台南,2023-10-18,8884
00713,元大台灣高息低波,28,2,26,國泰-台南,2023-10-18,8884
6274,台燿,28,3,25,國泰-台南,2023-10-18,8884
5534,長虹,25,0,25,國泰-台南,2023-10-18,8884
00688L,國泰20年美債正2,24,0,24,國泰-台南,2023-10-18,8884
6547,高端疫苗,24,0,24,國泰-台南,2023-10-18,8884
3122,笙泉,33,10,23,國泰-台南,2023-10-18,8884
2323,中環,23,1,22,國泰-台南,2023-10-18,8884
00885,富邦越南,24,2,22,國泰-台南,2023-10-18,8884
1324,地球,25,4,21,國泰-台南,2023-10-18,8884
5009,榮剛,21,1,20,國泰-台南,2023-10-18,8884
00795B,中信美國公債20年,20,0,20,國泰-台南,2023-10-18,8884
2845,遠東銀,20,0,20,國泰-台南,2023-10-18,8884
2382,廣達,282,264,18,國泰-台南,2023-10-18,8884
2376,技嘉,123,105,18,國泰-台南,2023-10-18,8884
2201,裕隆,41,23,18,國泰-台南,2023-10-18,8884
2618,長榮航,40,23,17,國泰-台南,2023-10-18,8884
8222,寶一,17,0,17,國泰-台南,2023-10-18,8884
2535,達欣工,16,0,16,國泰-台南,2023-10-18,8884
1605,華新,22,6,16,國泰-台南,2023-10-18,8884
5351,鈺創,17,1,16,國泰-台南,2023-10-18,8884
00888,永豐台灣ESG,27,12,15,國泰-台南,2023-10-18,8884
00720B,元大投資級公司債,401,0,401,國泰-台南,2023-10-19,8884
00878,國泰永續高股息,433,91,342,國泰-台南,2023-10-19,8884
0056,元大高股息,320,32,288,國泰-台南,2023-10-19,8884
00929,復華台灣科技優息,245,69,176,國泰-台南,2023-10-19,8884
00687B,國泰20年美債,226,93,133,國泰-台南,2023-10-19,8884
00706L,期元大S＆P日圓正2,123,2,121,國泰-台南,2023-10-19,8884
00712,復華富時不動產,118,7,111,國泰-台南,2023-10-19,8884
00931B,統一美債20年,113,11,102,國泰-台南,2023-10-19,8884
3202,樺晟,100,0,100,國泰-台南,2023-10-19,8884
00680L,元大美債20正2,107,10,97,國泰-台南,2023-10-19,8884
00751B,元大AAA至A公司債,125,30,95,國泰-台南,2023-10-19,8884
00637L,元大滬深300正2,99,5,94,國泰-台南,2023-10-19,8884
00772B,中信高評級公司債,95,5,90,國泰-台南,2023-10-19,8884
00922,國泰台灣領袖50,88,5,83,國泰-台南,2023-10-19,8884
1101,台泥,97,19,78,國泰-台南,2023-10-19,8884
00857B,永豐20年美公債,70,0,70,國泰-台南,2023-10-19,8884
00679B,元大美債20年,92,26,66,國泰-台南,2023-10-19,8884
00722B,群益投資級電信債,65,0,65,國泰-台南,2023-10-19,8884
00650L,復華香港正2,64,0,64,國泰-台南,2023-10-19,8884
00753L,中信中國50正2,62,0,62,國泰-台南,2023-10-19,8884
00885,富邦越南,63,4,59,國泰-台南,2023-10-19,8884
00688L,國泰20年美債正2,54,1,53,國泰-台南,2023-10-19,8884
00919,群益台灣精選高息,65,18,47,國泰-台南,2023-10-19,8884
00902,中信電池及儲能,47,2,45,國泰-台南,2023-10-19,8884
2030,彰源,43,0,43,國泰-台南,2023-10-19,8884
2409,友達,54,15,39,國泰-台南,2023-10-19,8884
3481,群創,45,12,33,國泰-台南,2023-10-19,8884
00665L,富邦�琤肭磪囓�2,33,0,33,國泰-台南,2023-10-19,8884
6550,北極星藥業-KY,30,0,30,國泰-台南,2023-10-19,8884
00648R,元大S＆P500反1,29,0,29,國泰-台南,2023-10-19,8884
1455,集盛,30,3,27,國泰-台南,2023-10-19,8884
5452,佶優,27,0,27,國泰-台南,2023-10-19,8884
00893,國泰智能電動車,28,3,25,國泰-台南,2023-10-19,8884
2317,鴻海,30,5,25,國泰-台南,2023-10-19,8884
6770,力積電,27,2,25,國泰-台南,2023-10-19,8884
2880,華南金,24,0,24,國泰-台南,2023-10-19,8884
2355,敬鵬,26,2,24,國泰-台南,2023-10-19,8884
6274,台燿,36,12,24,國泰-台南,2023-10-19,8884
00669R,國泰美國道瓊反1,24,0,24,國泰-台南,2023-10-19,8884
1513,中興電,31,7,24,國泰-台南,2023-10-19,8884
5321,美而快,25,2,23,國泰-台南,2023-10-19,8884
2801,彰銀,22,0,22,國泰-台南,2023-10-19,8884
9950,萬國通,28,6,22,國泰-台南,2023-10-19,8884
00795B,中信美國公債20年,25,4,21,國泰-台南,2023-10-19,8884
6113,亞矽,21,0,21,國泰-台南,2023-10-19,8884
2892,第一金,34,13,21,國泰-台南,2023-10-19,8884
1504,東元,29,10,19,國泰-台南,2023-10-19,8884
3051,力特,19,0,19,國泰-台南,2023-10-19,8884
00900,富邦特選高股息30,18,0,18,國泰-台南,2023-10-19,8884
00632R,元大台灣50反1,42,24,18,國泰-台南,2023-10-19,8884
00878,國泰永續高股息,570,106,464,國泰-台南,2023-10-20,8884
00712,復華富時不動產,458,20,438,國泰-台南,2023-10-20,8884
00929,復華台灣科技優息,517,88,429,國泰-台南,2023-10-20,8884
00720B,元大投資級公司債,254,0,254,國泰-台南,2023-10-20,8884
00933B,國泰10Y+金融債,156,0,156,國泰-台南,2023-10-20,8884
00857B,永豐20年美公債,212,77,135,國泰-台南,2023-10-20,8884
00687B,國泰20年美債,177,48,129,國泰-台南,2023-10-20,8884
00919,群益台灣精選高息,144,45,99,國泰-台南,2023-10-20,8884
00922,國泰台灣領袖50,96,4,92,國泰-台南,2023-10-20,8884
2888,新光金,96,6,90,國泰-台南,2023-10-20,8884
00931B,統一美債20年,89,0,89,國泰-台南,2023-10-20,8884
00751B,元大AAA至A公司債,88,0,88,國泰-台南,2023-10-20,8884
2303,聯電,143,69,74,國泰-台南,2023-10-20,8884
00680L,元大美債20正2,109,38,71,國泰-台南,2023-10-20,8884
00722B,群益投資級電信債,58,0,58,國泰-台南,2023-10-20,8884
2002,中鋼,57,2,55,國泰-台南,2023-10-20,8884
0056,元大高股息,224,173,51,國泰-台南,2023-10-20,8884
00885,富邦越南,48,1,47,國泰-台南,2023-10-20,8884
9907,統一實,47,1,46,國泰-台南,2023-10-20,8884
2887,台新金,76,36,40,國泰-台南,2023-10-20,8884
4401,東隆興,46,6,40,國泰-台南,2023-10-20,8884
1605,華新,41,2,39,國泰-台南,2023-10-20,8884
00772B,中信高評級公司債,39,1,38,國泰-台南,2023-10-20,8884
00882,中信中國高股息,41,4,37,國泰-台南,2023-10-20,8884
2883,凱基金,82,50,32,國泰-台南,2023-10-20,8884
00650L,復華香港正2,32,0,32,國泰-台南,2023-10-20,8884
6550,北極星藥業-KY,31,0,31,國泰-台南,2023-10-20,8884
1101,台泥,34,3,31,國泰-台南,2023-10-20,8884
2881,富邦金,34,4,30,國泰-台南,2023-10-20,8884
2880,華南金,30,1,29,國泰-台南,2023-10-20,8884
00893,國泰智能電動車,32,2,30,國泰-台南,2023-10-20,8884
00637L,元大滬深300正2,61,32,29,國泰-台南,2023-10-20,8884
2891,中信金,44,15,29,國泰-台南,2023-10-20,8884
2884,玉山金,32,4,28,國泰-台南,2023-10-20,8884
6290,良維,32,5,27,國泰-台南,2023-10-20,8884
00673R,期元大S＆P原油反1,27,0,27,國泰-台南,2023-10-20,8884
4157,太景*-KY,25,0,25,國泰-台南,2023-10-20,8884
00795B,中信美國公債20年,23,0,23,國泰-台南,2023-10-20,8884
2867,三商壽,25,2,23,國泰-台南,2023-10-20,8884
00752,中信中國50,26,3,23,國泰-台南,2023-10-20,8884
8390,金益鼎,29,7,22,國泰-台南,2023-10-20,8884
5210,寶碩,23,1,22,國泰-台南,2023-10-20,8884
2489,瑞軒,21,0,21,國泰-台南,2023-10-20,8884
3704,合勤控,85,64,21,國泰-台南,2023-10-20,8884
1584,精剛,20,0,20,國泰-台南,2023-10-20,8884
00679B,元大美債20年,23,4,19,國泰-台南,2023-10-20,8884
00730,富邦臺灣優質高息,21,2,19,國泰-台南,2023-10-20,8884
2892,第一金,27,8,19,國泰-台南,2023-10-20,8884
00696B,富邦美債20年,18,0,18,國泰-台南,2023-10-20,8884
2481,強茂,21,3,18,國泰-台南,2023-10-20,8884
00929,復華台灣科技優息,768,53,715,國泰-台南,2023-10-23,8884
00680L,元大美債20正2,509,130,379,國泰-台南,2023-10-23,8884
00712,復華富時不動產,377,46,331,國泰-台南,2023-10-23,8884
00878,國泰永續高股息,321,33,288,國泰-台南,2023-10-23,8884
00919,群益台灣精選高息,157,0,157,國泰-台南,2023-10-23,8884
2317,鴻海,179,37,142,國泰-台南,2023-10-23,8884
00857B,永豐20年美公債,97,2,95,國泰-台南,2023-10-23,8884
00922,國泰台灣領袖50,106,28,78,國泰-台南,2023-10-23,8884
00687B,國泰20年美債,100,30,70,國泰-台南,2023-10-23,8884
00751B,元大AAA至A公司債,64,6,58,國泰-台南,2023-10-23,8884
3481,群創,59,3,56,國泰-台南,2023-10-23,8884
00679B,元大美債20年,65,14,51,國泰-台南,2023-10-23,8884
00720B,元大投資級公司債,101,50,51,國泰-台南,2023-10-23,8884
00882,中信中國高股息,45,1,44,國泰-台南,2023-10-23,8884
00931B,統一美債20年,44,0,44,國泰-台南,2023-10-23,8884
2516,新建,51,14,37,國泰-台南,2023-10-23,8884
1324,地球,55,19,36,國泰-台南,2023-10-23,8884
1434,福懋,32,0,32,國泰-台南,2023-10-23,8884
3051,力特,133,103,30,國泰-台南,2023-10-23,8884
00888,永豐台灣ESG,29,0,29,國泰-台南,2023-10-23,8884
00631L,元大台灣50正2,42,13,29,國泰-台南,2023-10-23,8884
6550,北極星藥業-KY,29,0,29,國泰-台南,2023-10-23,8884
2002,中鋼,26,4,22,國泰-台南,2023-10-23,8884
2409,友達,36,14,22,國泰-台南,2023-10-23,8884
8024,佑華,38,16,22,國泰-台南,2023-10-23,8884
2881,富邦金,24,2,22,國泰-台南,2023-10-23,8884
2340,台亞,23,2,21,國泰-台南,2023-10-23,8884
4401,東隆興,23,2,21,國泰-台南,2023-10-23,8884
00772B,中信高評級公司債,21,0,21,國泰-台南,2023-10-23,8884
0050,元大台灣50,23,3,20,國泰-台南,2023-10-23,8884
00696B,富邦美債20年,22,4,18,國泰-台南,2023-10-23,8884
00923,群益台ESG低碳50,19,1,18,國泰-台南,2023-10-23,8884
2449,京元電子,29,12,17,國泰-台南,2023-10-23,8884
00715L,期街口布蘭特正2,48,32,16,國泰-台南,2023-10-23,8884
3702,大聯大,21,5,16,國泰-台南,2023-10-23,8884
2633,台灣高鐵,16,0,16,國泰-台南,2023-10-23,8884
6244,茂迪,17,1,16,國泰-台南,2023-10-23,8884
6290,良維,26,10,16,國泰-台南,2023-10-23,8884
9919,康那香,15,0,15,國泰-台南,2023-10-23,8884
3056,富華新,16,2,14,國泰-台南,2023-10-23,8884
3094,聯傑,26,12,14,國泰-台南,2023-10-23,8884
2834,臺企銀,14,0,14,國泰-台南,2023-10-23,8884
2605,新興,18,5,13,國泰-台南,2023-10-23,8884
3268,海德威,13,0,13,國泰-台南,2023-10-23,8884
1529,樂事綠能,13,0,13,國泰-台南,2023-10-23,8884
2887,台新金,14,1,13,國泰-台南,2023-10-23,8884
00753L,中信中國50正2,12,0,12,國泰-台南,2023-10-23,8884
00719B,元大美債1-3,12,0,12,國泰-台南,2023-10-23,8884
2369,菱生,49,37,12,國泰-台南,2023-10-23,8884
2382,廣達,51,39,12,國泰-台南,2023-10-23,8884
00687B,國泰20年美債,378,55,323,國泰-台南,2023-10-24,8884
00680L,元大美債20正2,332,12,320,國泰-台南,2023-10-24,8884
00712,復華富時不動產,307,38,269,國泰-台南,2023-10-24,8884
2317,鴻海,193,22,171,國泰-台南,2023-10-24,8884
1802,台玻,143,2,141,國泰-台南,2023-10-24,8884
00929,復華台灣科技優息,263,177,86,國泰-台南,2023-10-24,8884
0056,元大高股息,141,62,79,國泰-台南,2023-10-24,8884
00878,國泰永續高股息,133,60,73,國泰-台南,2023-10-24,8884
00720B,元大投資級公司債,78,8,70,國泰-台南,2023-10-24,8884
2369,菱生,200,133,67,國泰-台南,2023-10-24,8884
1324,地球,99,45,54,國泰-台南,2023-10-24,8884
00679B,元大美債20年,64,18,46,國泰-台南,2023-10-24,8884
00919,群益台灣精選高息,60,14,46,國泰-台南,2023-10-24,8884
3122,笙泉,108,63,45,國泰-台南,2023-10-24,8884
6168,宏齊,154,115,39,國泰-台南,2023-10-24,8884
2002,中鋼,44,5,39,國泰-台南,2023-10-24,8884
2834,臺企銀,38,1,37,國泰-台南,2023-10-24,8884
2303,聯電,91,56,35,國泰-台南,2023-10-24,8884
1101,台泥,36,1,35,國泰-台南,2023-10-24,8884
2344,華邦電,34,0,34,國泰-台南,2023-10-24,8884
3715,定穎投控,147,119,28,國泰-台南,2023-10-24,8884
5272,笙科,38,10,28,國泰-台南,2023-10-24,8884
00669R,國泰美國道瓊反1,24,0,24,國泰-台南,2023-10-24,8884
6113,亞矽,40,17,23,國泰-台南,2023-10-24,8884
00688L,國泰20年美債正2,22,0,22,國泰-台南,2023-10-24,8884
00673R,期元大S＆P原油反1,21,0,21,國泰-台南,2023-10-24,8884
6550,北極星藥業-KY,55,34,21,國泰-台南,2023-10-24,8884
8150,南茂,33,12,21,國泰-台南,2023-10-24,8884
1314,中石化,19,1,18,國泰-台南,2023-10-24,8884
1618,合機,49,31,18,國泰-台南,2023-10-24,8884
00922,國泰台灣領袖50,49,32,17,國泰-台南,2023-10-24,8884
2887,台新金,30,14,16,國泰-台南,2023-10-24,8884
5210,寶碩,15,0,15,國泰-台南,2023-10-24,8884
4944,兆遠,16,2,14,國泰-台南,2023-10-24,8884
4915,致伸,70,56,14,國泰-台南,2023-10-24,8884
6216,居易,19,5,14,國泰-台南,2023-10-24,8884
2427,三商電,60,46,14,國泰-台南,2023-10-24,8884
00641R,富邦日本反1,13,0,13,國泰-台南,2023-10-24,8884
2633,台灣高鐵,13,0,13,國泰-台南,2023-10-24,8884
3051,力特,157,144,13,國泰-台南,2023-10-24,8884
1301,台塑,12,0,12,國泰-台南,2023-10-24,8884
1504,東元,20,8,12,國泰-台南,2023-10-24,8884
00931B,統一美債20年,12,0,12,國泰-台南,2023-10-24,8884
00654R,富邦印度反1,13,1,12,國泰-台南,2023-10-24,8884
5706,鳳凰,18,6,12,國泰-台南,2023-10-24,8884
8390,金益鼎,15,4,11,國泰-台南,2023-10-24,8884
2883,凱基金,30,19,11,國泰-台南,2023-10-24,8884
3037,欣興,33,23,10,國泰-台南,2023-10-24,8884
4167,松瑞藥,10,0,10,國泰-台南,2023-10-24,8884
5203,訊連,10,0,10,國泰-台南,2023-10-24,8884
00632R,元大台灣50反1,636,4,632,國泰-台南,2023-10-25,8884
8240,華宏,351,2,349,國泰-台南,2023-10-25,8884
00706L,期元大S＆P日圓正2,100,0,100,國泰-台南,2023-10-25,8884
00712,復華富時不動產,111,13,98,國泰-台南,2023-10-25,8884
9105,泰金寶-DR,91,8,83,國泰-台南,2023-10-25,8884
00878,國泰永續高股息,89,13,76,國泰-台南,2023-10-25,8884
4915,致伸,69,0,69,國泰-台南,2023-10-25,8884
00900,富邦特選高股息30,52,0,52,國泰-台南,2023-10-25,8884
00922,國泰台灣領袖50,71,22,49,國泰-台南,2023-10-25,8884
3231,緯創,161,113,48,國泰-台南,2023-10-25,8884
2317,鴻海,57,13,44,國泰-台南,2023-10-25,8884
2409,友達,42,1,41,國泰-台南,2023-10-25,8884
00679B,元大美債20年,45,9,36,國泰-台南,2023-10-25,8884
8110,華東,192,157,35,國泰-台南,2023-10-25,8884
00720B,元大投資級公司債,45,10,35,國泰-台南,2023-10-25,8884
2607,榮運,33,0,33,國泰-台南,2023-10-25,8884
00933B,國泰10Y+金融債,48,15,33,國泰-台南,2023-10-25,8884
2344,華邦電,46,14,32,國泰-台南,2023-10-25,8884
00902,中信電池及儲能,31,0,31,國泰-台南,2023-10-25,8884
6114,久威,31,1,30,國泰-台南,2023-10-25,8884
2356,英業達,46,17,29,國泰-台南,2023-10-25,8884
8150,南茂,63,36,27,國泰-台南,2023-10-25,8884
4908,前鼎,81,54,27,國泰-台南,2023-10-25,8884
00931B,統一美債20年,25,0,25,國泰-台南,2023-10-25,8884
8044,網家,28,6,22,國泰-台南,2023-10-25,8884
1802,台玻,22,0,22,國泰-台南,2023-10-25,8884
2887,台新金,23,1,22,國泰-台南,2023-10-25,8884
00893,國泰智能電動車,22,2,20,國泰-台南,2023-10-25,8884
3094,聯傑,21,1,20,國泰-台南,2023-10-25,8884
2884,玉山金,25,5,20,國泰-台南,2023-10-25,8884
4960,誠美材,23,5,18,國泰-台南,2023-10-25,8884
3481,群創,94,77,17,國泰-台南,2023-10-25,8884
2618,長榮航,28,12,16,國泰-台南,2023-10-25,8884
6117,迎廣,35,20,15,國泰-台南,2023-10-25,8884
9955,佳龍,15,0,15,國泰-台南,2023-10-25,8884
00631L,元大台灣50正2,26,12,14,國泰-台南,2023-10-25,8884
2329,華泰,28,14,14,國泰-台南,2023-10-25,8884
4105,東洋,14,0,14,國泰-台南,2023-10-25,8884
6257,矽格,21,7,14,國泰-台南,2023-10-25,8884
8088,品安,30,16,14,國泰-台南,2023-10-25,8884
3362,先進光,16,3,13,國泰-台南,2023-10-25,8884
3035,智原,45,33,12,國泰-台南,2023-10-25,8884
2610,華航,14,2,12,國泰-台南,2023-10-25,8884
2305,全友,14,2,12,國泰-台南,2023-10-25,8884
1101,台泥,12,0,12,國泰-台南,2023-10-25,8884
2233,宇隆,13,2,11,國泰-台南,2023-10-25,8884
2485,兆赫,11,0,11,國泰-台南,2023-10-25,8884
2449,京元電子,25,15,10,國泰-台南,2023-10-25,8884
6116,彩晶,10,0,10,國泰-台南,2023-10-25,8884
1519,華城,14,4,10,國泰-台南,2023-10-25,8884
00929,復華台灣科技優息,574,178,396,國泰-台南,2023-10-26,8884
00878,國泰永續高股息,465,79,386,國泰-台南,2023-10-26,8884
2883,凱基金,251,2,249,國泰-台南,2023-10-26,8884
00712,復華富時不動產,187,6,181,國泰-台南,2023-10-26,8884
00919,群益台灣精選高息,181,5,176,國泰-台南,2023-10-26,8884
00687B,國泰20年美債,179,33,146,國泰-台南,2023-10-26,8884
2303,聯電,150,21,129,國泰-台南,2023-10-26,8884
0056,元大高股息,167,40,127,國泰-台南,2023-10-26,8884
2344,華邦電,128,1,127,國泰-台南,2023-10-26,8884
9105,泰金寶-DR,134,7,127,國泰-台南,2023-10-26,8884
8110,華東,225,144,81,國泰-台南,2023-10-26,8884
00915,凱基優選高股息30,74,1,73,國泰-台南,2023-10-26,8884
2409,友達,63,1,62,國泰-台南,2023-10-26,8884
00857B,永豐20年美公債,61,0,61,國泰-台南,2023-10-26,8884
00927,群益半導體收益,60,0,60,國泰-台南,2023-10-26,8884
00902,中信電池及儲能,59,0,59,國泰-台南,2023-10-26,8884
00885,富邦越南,64,5,59,國泰-台南,2023-10-26,8884
2317,鴻海,57,7,50,國泰-台南,2023-10-26,8884
2340,台亞,50,3,47,國泰-台南,2023-10-26,8884
00679B,元大美債20年,47,6,41,國泰-台南,2023-10-26,8884
0050,元大台灣50,55,14,41,國泰-台南,2023-10-26,8884
2355,敬鵬,60,20,40,國泰-台南,2023-10-26,8884
3715,定穎投控,106,69,37,國泰-台南,2023-10-26,8884
6550,北極星藥業-KY,38,1,37,國泰-台南,2023-10-26,8884
2408,南亞科,43,7,36,國泰-台南,2023-10-26,8884
2201,裕隆,33,0,33,國泰-台南,2023-10-26,8884
00932,兆豐永續高息等權,32,0,32,國泰-台南,2023-10-26,8884
00665L,富邦�琤肭磪囓�2,38,6,32,國泰-台南,2023-10-26,8884
00751B,元大AAA至A公司債,33,3,30,國泰-台南,2023-10-26,8884
00923,群益台ESG低碳50,32,3,29,國泰-台南,2023-10-26,8884
00931B,統一美債20年,28,1,27,國泰-台南,2023-10-26,8884
3025,星通,68,42,26,國泰-台南,2023-10-26,8884
6243,迅杰,37,12,25,國泰-台南,2023-10-26,8884
8044,網家,35,10,25,國泰-台南,2023-10-26,8884
2330,台積電,26,1,25,國泰-台南,2023-10-26,8884
2481,強茂,27,4,23,國泰-台南,2023-10-26,8884
6117,迎廣,68,45,23,國泰-台南,2023-10-26,8884
00922,國泰台灣領袖50,58,36,22,國泰-台南,2023-10-26,8884
00631L,元大台灣50正2,46,24,22,國泰-台南,2023-10-26,8884
00881,國泰台灣5G+,21,1,20,國泰-台南,2023-10-26,8884
2801,彰銀,20,0,20,國泰-台南,2023-10-26,8884
1301,台塑,22,2,20,國泰-台南,2023-10-26,8884
2002,中鋼,25,5,20,國泰-台南,2023-10-26,8884
00892,富邦台灣半導體,20,1,19,國泰-台南,2023-10-26,8884
1568,倉佑,26,7,19,國泰-台南,2023-10-26,8884
5880,合庫金,19,0,19,國泰-台南,2023-10-26,8884
3051,力特,28,9,19,國泰-台南,2023-10-26,8884
5534,長虹,18,0,18,國泰-台南,2023-10-26,8884
3037,欣興,23,6,17,國泰-台南,2023-10-26,8884
00757,統一FANG+,17,0,17,國泰-台南,2023-10-26,8884
00680L,元大美債20正2,306,9,297,國泰-台南,2023-10-27,8884
00922,國泰台灣領袖50,131,3,128,國泰-台南,2023-10-27,8884
00712,復華富時不動產,118,17,101,國泰-台南,2023-10-27,8884
2317,鴻海,46,9,37,國泰-台南,2023-10-27,8884
2340,台亞,32,2,30,國泰-台南,2023-10-27,8884
00632R,元大台灣50反1,50,21,29,國泰-台南,2023-10-27,8884
00688L,國泰20年美債正2,39,11,28,國泰-台南,2023-10-27,8884
2630,亞航,41,14,27,國泰-台南,2023-10-27,8884
00885,富邦越南,29,3,26,國泰-台南,2023-10-27,8884
5272,笙科,33,7,26,國泰-台南,2023-10-27,8884
00933B,國泰10Y+金融債,24,0,24,國泰-台南,2023-10-27,8884
2449,京元電子,38,14,24,國泰-台南,2023-10-27,8884
2390,云辰,34,11,23,國泰-台南,2023-10-27,8884
3290,東浦,51,28,23,國泰-台南,2023-10-27,8884
3548,兆利,22,1,21,國泰-台南,2023-10-27,8884
6005,群益證,21,0,21,國泰-台南,2023-10-27,8884
1524,耿鼎,93,73,20,國泰-台南,2023-10-27,8884
4105,東洋,35,17,18,國泰-台南,2023-10-27,8884
2883,凱基金,28,11,17,國泰-台南,2023-10-27,8884
2337,旺宏,16,0,16,國泰-台南,2023-10-27,8884
00713,元大台灣高息低波,17,1,16,國泰-台南,2023-10-27,8884
00706L,期元大S＆P日圓正2,16,0,16,國泰-台南,2023-10-27,8884
3051,力特,36,20,16,國泰-台南,2023-10-27,8884
6282,康舒,17,1,16,國泰-台南,2023-10-27,8884
00695B,富邦美債7-10,15,0,15,國泰-台南,2023-10-27,8884
00651R,復華香港反1,15,0,15,國泰-台南,2023-10-27,8884
1815,富喬,27,13,14,國泰-台南,2023-10-27,8884
5465,富驊,24,11,13,國泰-台南,2023-10-27,8884
6770,力積電,11,0,11,國泰-台南,2023-10-27,8884
2887,台新金,11,0,11,國泰-台南,2023-10-27,8884
8390,金益鼎,11,0,11,國泰-台南,2023-10-27,8884
00931B,統一美債20年,11,0,11,國泰-台南,2023-10-27,8884
2408,南亞科,16,6,10,國泰-台南,2023-10-27,8884
00720B,元大投資級公司債,13,3,10,國泰-台南,2023-10-27,8884
6442,光聖,27,17,10,國泰-台南,2023-10-27,8884
2486,一詮,18,8,10,國泰-台南,2023-10-27,8884
2536,宏普,10,0,10,國泰-台南,2023-10-27,8884
6213,聯茂,17,7,10,國泰-台南,2023-10-27,8884
2402,毅嘉,20,11,9,國泰-台南,2023-10-27,8884
2329,華泰,27,18,9,國泰-台南,2023-10-27,8884
00697B,元大美債7-10,9,0,9,國泰-台南,2023-10-27,8884
2633,台灣高鐵,9,0,9,國泰-台南,2023-10-27,8884
4714,永捷,12,3,9,國泰-台南,2023-10-27,8884
3665,貿聯-KY,11,2,9,國泰-台南,2023-10-27,8884
2454,聯發科,9,0,9,國泰-台南,2023-10-27,8884
3491,昇達科,15,7,8,國泰-台南,2023-10-27,8884
3324,雙鴻,16,8,8,國泰-台南,2023-10-27,8884
3322,建舜電,35,27,8,國泰-台南,2023-10-27,8884
8942,森鉅,8,0,8,國泰-台南,2023-10-27,8884
3311,閎暉,8,0,8,國泰-台南,2023-10-27,8884
00878,國泰永續高股息,432,52,380,國泰-台南,2023-10-30,8884
00687B,國泰20年美債,255,1,254,國泰-台南,2023-10-30,8884
00712,復華富時不動產,166,0,166,國泰-台南,2023-10-30,8884
00857B,永豐20年美公債,114,0,114,國泰-台南,2023-10-30,8884
2317,鴻海,191,84,107,國泰-台南,2023-10-30,8884
2462,良得電,57,1,56,國泰-台南,2023-10-30,8884
2443,昶虹,53,0,53,國泰-台南,2023-10-30,8884
00918,大華優利高填息30,51,0,51,國泰-台南,2023-10-30,8884
2485,兆赫,236,194,42,國泰-台南,2023-10-30,8884
4915,致伸,40,0,40,國泰-台南,2023-10-30,8884
0050,元大台灣50,43,5,38,國泰-台南,2023-10-30,8884
2610,華航,52,18,34,國泰-台南,2023-10-30,8884
5521,工信,39,8,31,國泰-台南,2023-10-30,8884
00929,復華台灣科技優息,179,149,30,國泰-台南,2023-10-30,8884
5534,長虹,30,0,30,國泰-台南,2023-10-30,8884
2390,云辰,76,47,29,國泰-台南,2023-10-30,8884
00706L,期元大S＆P日圓正2,31,3,28,國泰-台南,2023-10-30,8884
00688L,國泰20年美債正2,28,0,28,國泰-台南,2023-10-30,8884
2891,中信金,26,1,25,國泰-台南,2023-10-30,8884
2816,旺旺保,40,15,25,國泰-台南,2023-10-30,8884
6443,元晶,54,30,24,國泰-台南,2023-10-30,8884
2002,中鋼,25,1,24,國泰-台南,2023-10-30,8884
6550,北極星藥業-KY,67,44,23,國泰-台南,2023-10-30,8884
3122,笙泉,92,70,22,國泰-台南,2023-10-30,8884
1721,三晃,37,15,22,國泰-台南,2023-10-30,8884
00885,富邦越南,23,4,19,國泰-台南,2023-10-30,8884
5880,合庫金,20,2,18,國泰-台南,2023-10-30,8884
2516,新建,18,0,18,國泰-台南,2023-10-30,8884
6231,系微,18,0,18,國泰-台南,2023-10-30,8884
6278,台表科,18,0,18,國泰-台南,2023-10-30,8884
2887,台新金,43,26,17,國泰-台南,2023-10-30,8884
2330,台積電,18,1,17,國泰-台南,2023-10-30,8884
3051,力特,20,4,16,國泰-台南,2023-10-30,8884
2618,長榮航,38,22,16,國泰-台南,2023-10-30,8884
3530,晶相光,16,2,14,國泰-台南,2023-10-30,8884
2520,冠德,15,1,14,國泰-台南,2023-10-30,8884
2355,敬鵬,20,6,14,國泰-台南,2023-10-30,8884
3702,大聯大,15,1,14,國泰-台南,2023-10-30,8884
1795,美時,38,24,14,國泰-台南,2023-10-30,8884
00673R,期元大S＆P原油反1,15,1,14,國泰-台南,2023-10-30,8884
00795B,中信美國公債20年,13,1,12,國泰-台南,2023-10-30,8884
00900,富邦特選高股息30,12,0,12,國泰-台南,2023-10-30,8884
2888,新光金,14,3,11,國泰-台南,2023-10-30,8884
8358,金居,11,0,11,國泰-台南,2023-10-30,8884
2606,裕民,14,3,11,國泰-台南,2023-10-30,8884
1303,南亞,13,3,10,國泰-台南,2023-10-30,8884
00888,永豐台灣ESG,10,0,10,國泰-台南,2023-10-30,8884
8121,越峰,10,0,10,國泰-台南,2023-10-30,8884
4532,瑞智,10,0,10,國泰-台南,2023-10-30,8884
2233,宇隆,11,1,10,國泰-台南,2023-10-30,8884
00878,國泰永續高股息,389,156,233,國泰-台南,2023-10-31,8884
0056,元大高股息,256,32,224,國泰-台南,2023-10-31,8884
00919,群益台灣精選高息,177,1,176,國泰-台南,2023-10-31,8884
00706L,期元大S＆P日圓正2,195,32,163,國泰-台南,2023-10-31,8884
00929,復華台灣科技優息,222,86,136,國泰-台南,2023-10-31,8884
00687B,國泰20年美債,97,22,75,國泰-台南,2023-10-31,8884
00922,國泰台灣領袖50,74,9,65,國泰-台南,2023-10-31,8884
00932,兆豐永續高息等權,53,0,53,國泰-台南,2023-10-31,8884
3702,大聯大,52,2,50,國泰-台南,2023-10-31,8884
3078,僑威,69,21,48,國泰-台南,2023-10-31,8884
2610,華航,56,9,47,國泰-台南,2023-10-31,8884
00712,復華富時不動產,72,32,40,國泰-台南,2023-10-31,8884
2301,光寶科,51,12,39,國泰-台南,2023-10-31,8884
6550,北極星藥業-KY,40,2,38,國泰-台南,2023-10-31,8884
00933B,國泰10Y+金融債,49,11,38,國泰-台南,2023-10-31,8884
0050,元大台灣50,40,3,37,國泰-台南,2023-10-31,8884
2340,台亞,38,2,36,國泰-台南,2023-10-31,8884
2485,兆赫,83,50,33,國泰-台南,2023-10-31,8884
2462,良得電,35,5,30,國泰-台南,2023-10-31,8884
4532,瑞智,30,0,30,國泰-台南,2023-10-31,8884
4915,致伸,30,0,30,國泰-台南,2023-10-31,8884
2363,矽統,40,11,29,國泰-台南,2023-10-31,8884
2887,台新金,29,0,29,國泰-台南,2023-10-31,8884
5321,美而快,309,281,28,國泰-台南,2023-10-31,8884
00665L,富邦�琤肭磪囓�2,27,1,26,國泰-台南,2023-10-31,8884
00893,國泰智能電動車,25,0,25,國泰-台南,2023-10-31,8884
00680L,元大美債20正2,25,0,25,國泰-台南,2023-10-31,8884
00631L,元大台灣50正2,26,2,24,國泰-台南,2023-10-31,8884
8358,金居,22,2,20,國泰-台南,2023-10-31,8884
00751B,元大AAA至A公司債,20,0,20,國泰-台南,2023-10-31,8884
3576,聯合再生,82,62,20,國泰-台南,2023-10-31,8884
2489,瑞軒,20,0,20,國泰-台南,2023-10-31,8884
006208,富邦台50,21,2,19,國泰-台南,2023-10-31,8884
2615,萬海,20,1,19,國泰-台南,2023-10-31,8884
2417,圓剛,42,23,19,國泰-台南,2023-10-31,8884
2317,鴻海,77,58,19,國泰-台南,2023-10-31,8884
00632R,元大台灣50反1,25,6,19,國泰-台南,2023-10-31,8884
2382,廣達,215,196,19,國泰-台南,2023-10-31,8884
5469,瀚宇博,27,9,18,國泰-台南,2023-10-31,8884
5206,坤悅,18,0,18,國泰-台南,2023-10-31,8884
6290,良維,33,16,17,國泰-台南,2023-10-31,8884
6113,亞矽,17,0,17,國泰-台南,2023-10-31,8884
3338,泰碩,20,3,17,國泰-台南,2023-10-31,8884
6117,迎廣,35,19,16,國泰-台南,2023-10-31,8884
00713,元大台灣高息低波,16,0,16,國泰-台南,2023-10-31,8884
8222,寶一,16,0,16,國泰-台南,2023-10-31,8884
2355,敬鵬,31,15,16,國泰-台南,2023-10-31,8884
2515,中工,31,16,15,國泰-台南,2023-10-31,8884
5272,笙科,22,7,15,國泰-台南,2023-10-31,8884
2330,台積電,17,2,15,國泰-台南,2023-10-31,8884
00934,中信成長高股息,360,8,352,國泰-台南,2023-11-01,8884
00878,國泰永續高股息,275,82,193,國泰-台南,2023-11-01,8884
00712,復華富時不動產,186,2,184,國泰-台南,2023-11-01,8884
1605,華新,125,4,121,國泰-台南,2023-11-01,8884
00706L,期元大S＆P日圓正2,107,15,92,國泰-台南,2023-11-01,8884
00929,復華台灣科技優息,209,131,78,國泰-台南,2023-11-01,8884
00935,野村臺灣新科技50,73,0,73,國泰-台南,2023-11-01,8884
2409,友達,76,8,68,國泰-台南,2023-11-01,8884
00885,富邦越南,67,2,65,國泰-台南,2023-11-01,8884
4128,中天,60,0,60,國泰-台南,2023-11-01,8884
00679B,元大美債20年,55,1,54,國泰-台南,2023-11-01,8884
00680L,元大美債20正2,52,5,47,國泰-台南,2023-11-01,8884
00720B,元大投資級公司債,63,18,45,國泰-台南,2023-11-01,8884
2406,國碩,48,10,38,國泰-台南,2023-11-01,8884
3704,合勤控,68,30,38,國泰-台南,2023-11-01,8884
2340,台亞,38,0,38,國泰-台南,2023-11-01,8884
6191,精成科,113,77,36,國泰-台南,2023-11-01,8884
00713,元大台灣高息低波,35,0,35,國泰-台南,2023-11-01,8884
2105,正新,34,0,34,國泰-台南,2023-11-01,8884
2460,建通,50,16,34,國泰-台南,2023-11-01,8884
6550,北極星藥業-KY,34,0,34,國泰-台南,2023-11-01,8884
3322,建舜電,56,24,32,國泰-台南,2023-11-01,8884
00665L,富邦�琤肭磪囓�2,33,3,30,國泰-台南,2023-11-01,8884
5210,寶碩,30,0,30,國泰-台南,2023-11-01,8884
2317,鴻海,35,8,27,國泰-台南,2023-11-01,8884
00933B,國泰10Y+金融債,24,0,24,國泰-台南,2023-11-01,8884
0056,元大高股息,55,32,23,國泰-台南,2023-11-01,8884
1815,富喬,65,44,21,國泰-台南,2023-11-01,8884
2820,華票,21,1,20,國泰-台南,2023-11-01,8884
3346,麗清,20,0,20,國泰-台南,2023-11-01,8884
4915,致伸,21,2,19,國泰-台南,2023-11-01,8884
6139,亞翔,30,12,18,國泰-台南,2023-11-01,8884
3481,群創,20,3,17,國泰-台南,2023-11-01,8884
2455,全新,17,0,17,國泰-台南,2023-11-01,8884
00757,統一FANG+,17,0,17,國泰-台南,2023-11-01,8884
2417,圓剛,60,44,16,國泰-台南,2023-11-01,8884
6104,創惟,17,2,15,國泰-台南,2023-11-01,8884
1513,中興電,26,12,14,國泰-台南,2023-11-01,8884
00751B,元大AAA至A公司債,14,0,14,國泰-台南,2023-11-01,8884
00688L,國泰20年美債正2,13,0,13,國泰-台南,2023-11-01,8884
6285,啟��,19,6,13,國泰-台南,2023-11-01,8884
6282,康舒,14,1,13,國泰-台南,2023-11-01,8884
6488,環球晶,13,1,12,國泰-台南,2023-11-01,8884
00931B,統一美債20年,13,1,12,國泰-台南,2023-11-01,8884
00687B,國泰20年美債,29,17,12,國泰-台南,2023-11-01,8884
6492,生華科,23,12,11,國泰-台南,2023-11-01,8884
3338,泰碩,23,12,11,國泰-台南,2023-11-01,8884
6189,豐藝,17,6,11,國泰-台南,2023-11-01,8884
2464,盟立,10,0,10,國泰-台南,2023-11-01,8884
00671R,富邦NASDAQ反1,10,0,10,國泰-台南,2023-11-01,8884
00664R,國泰臺灣加權反1,210,0,210,國泰-台南,2023-11-02,8884
00878,國泰永續高股息,257,76,181,國泰-台南,2023-11-02,8884
00706L,期元大S＆P日圓正2,160,2,158,國泰-台南,2023-11-02,8884
00918,大華優利高填息30,144,0,144,國泰-台南,2023-11-02,8884
00632R,元大台灣50反1,107,5,102,國泰-台南,2023-11-02,8884
00712,復華富時不動產,95,43,52,國泰-台南,2023-11-02,8884
00885,富邦越南,60,11,49,國泰-台南,2023-11-02,8884
2515,中工,52,5,47,國泰-台南,2023-11-02,8884
00935,野村臺灣新科技50,36,0,36,國泰-台南,2023-11-02,8884
6550,北極星藥業-KY,33,1,32,國泰-台南,2023-11-02,8884
2201,裕隆,42,11,31,國泰-台南,2023-11-02,8884
2834,臺企銀,32,3,29,國泰-台南,2023-11-02,8884
00642U,期元大S＆P石油,30,1,29,國泰-台南,2023-11-02,8884
2206,三陽工業,33,6,27,國泰-台南,2023-11-02,8884
3587,閎康,35,10,25,國泰-台南,2023-11-02,8884
3715,定穎投控,207,183,24,國泰-台南,2023-11-02,8884
2006,東和鋼鐵,23,0,23,國泰-台南,2023-11-02,8884
6451,訊芯-KY,21,1,20,國泰-台南,2023-11-02,8884
6139,亞翔,34,16,18,國泰-台南,2023-11-02,8884
00641R,富邦日本反1,17,0,17,國泰-台南,2023-11-02,8884
6274,台燿,60,45,15,國泰-台南,2023-11-02,8884
1519,華城,49,36,13,國泰-台南,2023-11-02,8884
00751B,元大AAA至A公司債,21,8,13,國泰-台南,2023-11-02,8884
4167,松瑞藥,38,25,13,國泰-台南,2023-11-02,8884
00715L,期街口布蘭特正2,33,21,12,國泰-台南,2023-11-02,8884
9955,佳龍,12,0,12,國泰-台南,2023-11-02,8884
1455,集盛,11,0,11,國泰-台南,2023-11-02,8884
00720B,元大投資級公司債,16,5,11,國泰-台南,2023-11-02,8884
2543,皇昌,17,8,9,國泰-台南,2023-11-02,8884
2421,建準,13,4,9,國泰-台南,2023-11-02,8884
2485,兆赫,58,49,9,國泰-台南,2023-11-02,8884
3702,大聯大,10,2,8,國泰-台南,2023-11-02,8884
8227,巨有科技,10,2,8,國泰-台南,2023-11-02,8884
8112,至上,10,3,7,國泰-台南,2023-11-02,8884
2892,第一金,7,0,7,國泰-台南,2023-11-02,8884
3122,笙泉,23,16,7,國泰-台南,2023-11-02,8884
1795,美時,11,5,6,國泰-台南,2023-11-02,8884
1721,三晃,8,2,6,國泰-台南,2023-11-02,8884
9945,潤泰新,9,3,6,國泰-台南,2023-11-02,8884
8054,安國,77,71,6,國泰-台南,2023-11-02,8884
2705,六福,6,0,6,國泰-台南,2023-11-02,8884
5321,美而快,34,28,6,國泰-台南,2023-11-02,8884
3483,力致,11,5,6,國泰-台南,2023-11-02,8884
9933,中鼎,5,0,5,國泰-台南,2023-11-02,8884
2356,英業達,42,37,5,國泰-台南,2023-11-02,8884
3707,漢磊,5,0,5,國泰-台南,2023-11-02,8884
4401,東隆興,8,3,5,國泰-台南,2023-11-02,8884
00896,中信綠能及電動車,5,0,5,國泰-台南,2023-11-02,8884
1905,華紙,9,4,5,國泰-台南,2023-11-02,8884
2852,第一保,5,0,5,國泰-台南,2023-11-02,8884
00632R,元大台灣50反1,648,1,647,國泰-台南,2023-11-03,8884
2363,矽統,588,450,138,國泰-台南,2023-11-03,8884
00712,復華富時不動產,178,51,127,國泰-台南,2023-11-03,8884
00878,國泰永續高股息,134,36,98,國泰-台南,2023-11-03,8884
4707,磐亞,70,0,70,國泰-台南,2023-11-03,8884
2337,旺宏,63,1,62,國泰-台南,2023-11-03,8884
3322,建舜電,89,28,61,國泰-台南,2023-11-03,8884
2317,鴻海,74,25,49,國泰-台南,2023-11-03,8884
2630,亞航,60,14,46,國泰-台南,2023-11-03,8884
00935,野村臺灣新科技50,74,31,43,國泰-台南,2023-11-03,8884
00687B,國泰20年美債,103,60,43,國泰-台南,2023-11-03,8884
3587,閎康,42,0,42,國泰-台南,2023-11-03,8884
00934,中信成長高股息,58,18,40,國泰-台南,2023-11-03,8884
1524,耿鼎,87,49,38,國泰-台南,2023-11-03,8884
1815,富喬,133,95,38,國泰-台南,2023-11-03,8884
2460,建通,50,24,26,國泰-台南,2023-11-03,8884
6235,華孚,46,21,25,國泰-台南,2023-11-03,8884
1316,上曜,25,0,25,國泰-台南,2023-11-03,8884
8163,達方,35,11,24,國泰-台南,2023-11-03,8884
3702,大聯大,26,3,23,國泰-台南,2023-11-03,8884
6550,北極星藥業-KY,23,0,23,國泰-台南,2023-11-03,8884
2816,旺旺保,27,5,22,國泰-台南,2023-11-03,8884
00751B,元大AAA至A公司債,26,4,22,國泰-台南,2023-11-03,8884
2485,兆赫,22,1,21,國泰-台南,2023-11-03,8884
2605,新興,20,0,20,國泰-台南,2023-11-03,8884
6285,啟��,45,26,19,國泰-台南,2023-11-03,8884
1314,中石化,23,6,17,國泰-台南,2023-11-03,8884
2313,華通,50,33,17,國泰-台南,2023-11-03,8884
4906,正文,19,3,16,國泰-台南,2023-11-03,8884
00679B,元大美債20年,22,7,15,國泰-台南,2023-11-03,8884
5425,台半,16,1,15,國泰-台南,2023-11-03,8884
2344,華邦電,26,12,14,國泰-台南,2023-11-03,8884
00882,中信中國高股息,15,1,14,國泰-台南,2023-11-03,8884
00631L,元大台灣50正2,25,11,14,國泰-台南,2023-11-03,8884
2376,技嘉,55,42,13,國泰-台南,2023-11-03,8884
2329,華泰,36,23,13,國泰-台南,2023-11-03,8884
2367,燿華,16,4,12,國泰-台南,2023-11-03,8884
3689,湧德,12,0,12,國泰-台南,2023-11-03,8884
2358,廷鑫,32,20,12,國泰-台南,2023-11-03,8884
4162,智擎,20,8,12,國泰-台南,2023-11-03,8884
2486,一詮,30,18,12,國泰-台南,2023-11-03,8884
8086,宏捷科,26,15,11,國泰-台南,2023-11-03,8884
3231,緯創,103,92,11,國泰-台南,2023-11-03,8884
1304,台聚,12,1,11,國泰-台南,2023-11-03,8884
1603,華電,11,0,11,國泰-台南,2023-11-03,8884
2365,昆盈,11,0,11,國泰-台南,2023-11-03,8884
00902,中信電池及儲能,12,2,10,國泰-台南,2023-11-03,8884
2495,普安,10,0,10,國泰-台南,2023-11-03,8884
3055,蔚華科,50,40,10,國泰-台南,2023-11-03,8884
00676R,富邦臺灣加權反1,10,0,10,國泰-台南,2023-11-03,8884
2838,聯邦銀,248,0,248,國泰-台南,2023-11-06,8884
00706L,期元大S＆P日圓正2,216,2,214,國泰-台南,2023-11-06,8884
2812,台中銀,204,0,204,國泰-台南,2023-11-06,8884
2801,彰銀,203,34,169,國泰-台南,2023-11-06,8884
2855,統一證,100,3,97,國泰-台南,2023-11-06,8884
00632R,元大台灣50反1,115,33,82,國泰-台南,2023-11-06,8884
00712,復華富時不動產,174,102,72,國泰-台南,2023-11-06,8884
2618,長榮航,115,64,51,國泰-台南,2023-11-06,8884
00679B,元大美債20年,54,5,49,國泰-台南,2023-11-06,8884
2388,威盛,240,193,47,國泰-台南,2023-11-06,8884
2881,富邦金,68,21,47,國泰-台南,2023-11-06,8884
00715L,期街口布蘭特正2,66,20,46,國泰-台南,2023-11-06,8884
2390,云辰,70,26,44,國泰-台南,2023-11-06,8884
2834,臺企銀,59,16,43,國泰-台南,2023-11-06,8884
00857B,永豐20年美公債,35,0,35,國泰-台南,2023-11-06,8884
00720B,元大投資級公司債,57,23,34,國泰-台南,2023-11-06,8884
2486,一詮,74,41,33,國泰-台南,2023-11-06,8884
2816,旺旺保,37,8,29,國泰-台南,2023-11-06,8884
8403,盛弘,27,0,27,國泰-台南,2023-11-06,8884
3105,穩懋,34,10,24,國泰-台南,2023-11-06,8884
2637,慧洋-KY,24,0,24,國泰-台南,2023-11-06,8884
2603,長榮,26,2,24,國泰-台南,2023-11-06,8884
00935,野村臺灣新科技50,25,2,23,國泰-台南,2023-11-06,8884
3532,台勝科,23,2,21,國泰-台南,2023-11-06,8884
5608,四維航,20,0,20,國泰-台南,2023-11-06,8884
2317,鴻海,47,27,20,國泰-台南,2023-11-06,8884
00920,富邦ESG綠色電力,17,0,17,國泰-台南,2023-11-06,8884
5706,鳳凰,21,5,16,國泰-台南,2023-11-06,8884
00641R,富邦日本反1,16,0,16,國泰-台南,2023-11-06,8884
4157,太景*-KY,52,37,15,國泰-台南,2023-11-06,8884
3264,欣銓,17,3,14,國泰-台南,2023-11-06,8884
2301,光寶科,17,5,12,國泰-台南,2023-11-06,8884
2002,中鋼,35,24,11,國泰-台南,2023-11-06,8884
1101,台泥,14,3,11,國泰-台南,2023-11-06,8884
5465,富驊,13,2,11,國泰-台南,2023-11-06,8884
3231,緯創,95,84,11,國泰-台南,2023-11-06,8884
2634,漢翔,34,24,10,國泰-台南,2023-11-06,8884
00671R,富邦NASDAQ反1,10,0,10,國泰-台南,2023-11-06,8884
3209,全科,10,0,10,國泰-台南,2023-11-06,8884
2380,虹光,10,0,10,國泰-台南,2023-11-06,8884
9938,百和,25,15,10,國泰-台南,2023-11-06,8884
2462,良得電,12,3,9,國泰-台南,2023-11-06,8884
3013,晟銘電,23,14,9,國泰-台南,2023-11-06,8884
6223,旺矽,18,9,9,國泰-台南,2023-11-06,8884
2610,華航,37,29,8,國泰-台南,2023-11-06,8884
00795B,中信美國公債20年,8,0,8,國泰-台南,2023-11-06,8884
6235,華孚,25,17,8,國泰-台南,2023-11-06,8884
3035,智原,38,30,8,國泰-台南,2023-11-06,8884
2427,三商電,33,25,8,國泰-台南,2023-11-06,8884
3169,亞信,10,2,8,國泰-台南,2023-11-06,8884
2834,臺企銀,311,1,310,國泰-台南,2023-11-07,8884
9924,福興,158,1,157,國泰-台南,2023-11-07,8884
2801,彰銀,138,1,137,國泰-台南,2023-11-07,8884
6133,金橋,123,4,119,國泰-台南,2023-11-07,8884
00878,國泰永續高股息,140,28,112,國泰-台南,2023-11-07,8884
2812,台中銀,101,0,101,國泰-台南,2023-11-07,8884
00929,復華台灣科技優息,188,91,97,國泰-台南,2023-11-07,8884
3481,群創,155,59,96,國泰-台南,2023-11-07,8884
2886,兆豐金,101,8,93,國泰-台南,2023-11-07,8884
2855,統一證,87,0,87,國泰-台南,2023-11-07,8884
2515,中工,109,37,72,國泰-台南,2023-11-07,8884
00676R,富邦臺灣加權反1,68,0,68,國泰-台南,2023-11-07,8884
00720B,元大投資級公司債,80,20,60,國泰-台南,2023-11-07,8884
6185,幃翔,62,12,50,國泰-台南,2023-11-07,8884
2838,聯邦銀,50,0,50,國泰-台南,2023-11-07,8884
1449,佳和,108,58,50,國泰-台南,2023-11-07,8884
2736,富野,82,34,48,國泰-台南,2023-11-07,8884
2883,凱基金,39,0,39,國泰-台南,2023-11-07,8884
2363,矽統,212,173,39,國泰-台南,2023-11-07,8884
2025,千興,38,0,38,國泰-台南,2023-11-07,8884
00919,群益台灣精選高息,65,30,35,國泰-台南,2023-11-07,8884
00650L,復華香港正2,33,0,33,國泰-台南,2023-11-07,8884
00687B,國泰20年美債,51,19,32,國泰-台南,2023-11-07,8884
6550,北極星藥業-KY,33,1,32,國泰-台南,2023-11-07,8884
00679B,元大美債20年,45,13,32,國泰-台南,2023-11-07,8884
00715L,期街口布蘭特正2,31,0,31,國泰-台南,2023-11-07,8884
3024,憶聲,30,0,30,國泰-台南,2023-11-07,8884
2332,友訊,27,0,27,國泰-台南,2023-11-07,8884
5206,坤悅,25,0,25,國泰-台南,2023-11-07,8884
2739,寒舍,26,1,25,國泰-台南,2023-11-07,8884
8403,盛弘,24,0,24,國泰-台南,2023-11-07,8884
2002,中鋼,27,3,24,國泰-台南,2023-11-07,8884
2317,鴻海,31,9,22,國泰-台南,2023-11-07,8884
1504,東元,24,4,20,國泰-台南,2023-11-07,8884
4960,誠美材,20,1,19,國泰-台南,2023-11-07,8884
2453,凌群,56,38,18,國泰-台南,2023-11-07,8884
2486,一詮,35,17,18,國泰-台南,2023-11-07,8884
00935,野村臺灣新科技50,18,0,18,國泰-台南,2023-11-07,8884
3548,兆利,65,47,18,國泰-台南,2023-11-07,8884
00902,中信電池及儲能,18,0,18,國泰-台南,2023-11-07,8884
2890,永豐金,33,17,16,國泰-台南,2023-11-07,8884
2388,威盛,64,48,16,國泰-台南,2023-11-07,8884
2441,超豐,16,0,16,國泰-台南,2023-11-07,8884
2516,新建,16,0,16,國泰-台南,2023-11-07,8884
2485,兆赫,19,4,15,國泰-台南,2023-11-07,8884
00900,富邦特選高股息30,15,0,15,國泰-台南,2023-11-07,8884
2359,所羅門,29,14,15,國泰-台南,2023-11-07,8884
6104,創惟,18,3,15,國泰-台南,2023-11-07,8884
5351,鈺創,18,4,14,國泰-台南,2023-11-07,8884
00632R,元大台灣50反1,34,20,14,國泰-台南,2023-11-07,8884
6005,群益證,538,0,538,國泰-台南,2023-11-08,8884
00706L,期元大S＆P日圓正2,257,40,217,國泰-台南,2023-11-08,8884
00936,台新永續高息中小,204,1,203,國泰-台南,2023-11-08,8884
2888,新光金,203,2,201,國泰-台南,2023-11-08,8884
00676R,富邦臺灣加權反1,195,0,195,國泰-台南,2023-11-08,8884
8110,華東,130,7,123,國泰-台南,2023-11-08,8884
2855,統一證,114,0,114,國泰-台南,2023-11-08,8884
00720B,元大投資級公司債,148,71,77,國泰-台南,2023-11-08,8884
2618,長榮航,167,106,61,國泰-台南,2023-11-08,8884
00680L,元大美債20正2,69,13,56,國泰-台南,2023-11-08,8884
2363,矽統,246,190,56,國泰-台南,2023-11-08,8884
00688L,國泰20年美債正2,55,0,55,國泰-台南,2023-11-08,8884
2838,聯邦銀,50,1,49,國泰-台南,2023-11-08,8884
00679B,元大美債20年,52,3,49,國泰-台南,2023-11-08,8884
6117,迎廣,93,53,40,國泰-台南,2023-11-08,8884
00715L,期街口布蘭特正2,56,17,39,國泰-台南,2023-11-08,8884
3024,憶聲,39,0,39,國泰-台南,2023-11-08,8884
2206,三陽工業,43,4,39,國泰-台南,2023-11-08,8884
00642U,期元大S＆P石油,36,5,31,國泰-台南,2023-11-08,8884
1568,倉佑,49,21,28,國泰-台南,2023-11-08,8884
4167,松瑞藥,35,8,27,國泰-台南,2023-11-08,8884
00933B,國泰10Y+金融債,34,8,26,國泰-台南,2023-11-08,8884
4743,合一,92,68,24,國泰-台南,2023-11-08,8884
2002,中鋼,28,3,25,國泰-台南,2023-11-08,8884
8942,森鉅,24,0,24,國泰-台南,2023-11-08,8884
2388,威盛,131,108,23,國泰-台南,2023-11-08,8884
6243,迅杰,72,49,23,國泰-台南,2023-11-08,8884
2722,夏都,53,32,21,國泰-台南,2023-11-08,8884
2313,華通,34,13,21,國泰-台南,2023-11-08,8884
2739,寒舍,21,1,20,國泰-台南,2023-11-08,8884
00738U,期元大道瓊白銀,20,0,20,國泰-台南,2023-11-08,8884
2317,鴻海,36,16,20,國泰-台南,2023-11-08,8884
8150,南茂,19,0,19,國泰-台南,2023-11-08,8884
00931B,統一美債20年,36,17,19,國泰-台南,2023-11-08,8884
8240,華宏,20,2,18,國泰-台南,2023-11-08,8884
00708L,期元大S＆P黃金正2,18,0,18,國泰-台南,2023-11-08,8884
5347,世界,23,5,18,國泰-台南,2023-11-08,8884
2402,毅嘉,20,2,18,國泰-台南,2023-11-08,8884
2867,三商壽,17,0,17,國泰-台南,2023-11-08,8884
1449,佳和,20,3,17,國泰-台南,2023-11-08,8884
8070,長華*,18,2,16,國泰-台南,2023-11-08,8884
2516,新建,18,2,16,國泰-台南,2023-11-08,8884
6901,鑽石投資,31,15,16,國泰-台南,2023-11-08,8884
1815,富喬,86,70,16,國泰-台南,2023-11-08,8884
5321,美而快,35,20,15,國泰-台南,2023-11-08,8884
3036,文曄,65,51,14,國泰-台南,2023-11-08,8884
2542,興富發,14,0,14,國泰-台南,2023-11-08,8884
2369,菱生,27,14,13,國泰-台南,2023-11-08,8884
5425,台半,13,0,13,國泰-台南,2023-11-08,8884
00632R,元大台灣50反1,66,55,11,國泰-台南,2023-11-08,8884
2812,台中銀,397,0,397,國泰-台南,2023-11-09,8884
2838,聯邦銀,254,2,252,國泰-台南,2023-11-09,8884
3376,新日興,211,68,143,國泰-台南,2023-11-09,8884
00632R,元大台灣50反1,171,31,140,國泰-台南,2023-11-09,8884
00706L,期元大S＆P日圓正2,135,0,135,國泰-台南,2023-11-09,8884
6005,群益證,101,0,101,國泰-台南,2023-11-09,8884
00679B,元大美債20年,106,22,84,國泰-台南,2023-11-09,8884
2801,彰銀,65,0,65,國泰-台南,2023-11-09,8884
00772B,中信高評級公司債,80,20,60,國泰-台南,2023-11-09,8884
00936,台新永續高息中小,59,3,56,國泰-台南,2023-11-09,8884
00878,國泰永續高股息,133,79,54,國泰-台南,2023-11-09,8884
5206,坤悅,53,0,53,國泰-台南,2023-11-09,8884
00931B,統一美債20年,76,26,50,國泰-台南,2023-11-09,8884
00929,復華台灣科技優息,270,220,50,國泰-台南,2023-11-09,8884
2834,臺企銀,50,0,50,國泰-台南,2023-11-09,8884
3013,晟銘電,55,5,50,國泰-台南,2023-11-09,8884
2641,正德,44,1,43,國泰-台南,2023-11-09,8884
00712,復華富時不動產,49,7,42,國泰-台南,2023-11-09,8884
3032,偉訓,67,28,39,國泰-台南,2023-11-09,8884
2329,華泰,167,130,37,國泰-台南,2023-11-09,8884
00650L,復華香港正2,33,0,33,國泰-台南,2023-11-09,8884
5347,世界,36,7,29,國泰-台南,2023-11-09,8884
6550,北極星藥業-KY,30,5,25,國泰-台南,2023-11-09,8884
2355,敬鵬,59,36,23,國泰-台南,2023-11-09,8884
00676R,富邦臺灣加權反1,22,0,22,國泰-台南,2023-11-09,8884
1815,富喬,59,37,22,國泰-台南,2023-11-09,8884
1584,精剛,27,6,21,國泰-台南,2023-11-09,8884
6244,茂迪,22,1,21,國泰-台南,2023-11-09,8884
2607,榮運,26,6,20,國泰-台南,2023-11-09,8884
6219,富旺,20,0,20,國泰-台南,2023-11-09,8884
4157,太景*-KY,20,0,20,國泰-台南,2023-11-09,8884
1519,華城,50,30,20,國泰-台南,2023-11-09,8884
00933B,國泰10Y+金融債,29,9,20,國泰-台南,2023-11-09,8884
00715L,期街口布蘭特正2,75,56,19,國泰-台南,2023-11-09,8884
5425,台半,20,2,18,國泰-台南,2023-11-09,8884
6770,力積電,20,2,18,國泰-台南,2023-11-09,8884
00882,中信中國高股息,17,0,17,國泰-台南,2023-11-09,8884
6122,擎邦,27,10,17,國泰-台南,2023-11-09,8884
6443,元晶,20,3,17,國泰-台南,2023-11-09,8884
00631L,元大台灣50正2,23,8,15,國泰-台南,2023-11-09,8884
4128,中天,59,44,15,國泰-台南,2023-11-09,8884
2482,連宇,14,0,14,國泰-台南,2023-11-09,8884
6117,迎廣,31,17,14,國泰-台南,2023-11-09,8884
1540,喬福,13,0,13,國泰-台南,2023-11-09,8884
1504,東元,16,3,13,國泰-台南,2023-11-09,8884
3260,威剛,18,6,12,國泰-台南,2023-11-09,8884
2421,建準,48,36,12,國泰-台南,2023-11-09,8884
00935,野村臺灣新科技50,12,0,12,國泰-台南,2023-11-09,8884
4533,協易機,23,11,12,國泰-台南,2023-11-09,8884
8240,華宏,21,10,11,國泰-台南,2023-11-09,8884
2618,長榮航,347,18,329,國泰-台南,2023-11-10,8884
00687B,國泰20年美債,335,39,296,國泰-台南,2023-11-10,8884
00878,國泰永續高股息,229,41,188,國泰-台南,2023-11-10,8884
9105,泰金寶-DR,100,0,100,國泰-台南,2023-11-10,8884
8110,華東,76,3,73,國泰-台南,2023-11-10,8884
00919,群益台灣精選高息,81,14,67,國泰-台南,2023-11-10,8884
6213,聯茂,68,11,57,國泰-台南,2023-11-10,8884
2329,華泰,120,68,52,國泰-台南,2023-11-10,8884
0056,元大高股息,73,22,51,國泰-台南,2023-11-10,8884
00680L,元大美債20正2,103,55,48,國泰-台南,2023-11-10,8884
6901,鑽石投資,79,32,47,國泰-台南,2023-11-10,8884
00936,台新永續高息中小,48,0,48,國泰-台南,2023-11-10,8884
00679B,元大美債20年,45,0,45,國泰-台南,2023-11-10,8884
00772B,中信高評級公司債,45,0,45,國泰-台南,2023-11-10,8884
00931B,統一美債20年,48,5,43,國泰-台南,2023-11-10,8884
00720B,元大投資級公司債,74,33,41,國泰-台南,2023-11-10,8884
00688L,國泰20年美債正2,38,1,37,國泰-台南,2023-11-10,8884
2812,台中銀,40,4,36,國泰-台南,2023-11-10,8884
00712,復華富時不動產,49,13,36,國泰-台南,2023-11-10,8884
3231,緯創,233,198,35,國泰-台南,2023-11-10,8884
00753L,中信中國50正2,34,0,34,國泰-台南,2023-11-10,8884
00650L,復華香港正2,34,0,34,國泰-台南,2023-11-10,8884
4533,協易機,131,98,33,國泰-台南,2023-11-10,8884
00676R,富邦臺灣加權反1,33,0,33,國泰-台南,2023-11-10,8884
00915,凱基優選高股息30,33,0,33,國泰-台南,2023-11-10,8884
2489,瑞軒,30,0,30,國泰-台南,2023-11-10,8884
4532,瑞智,31,1,30,國泰-台南,2023-11-10,8884
4743,合一,73,46,27,國泰-台南,2023-11-10,8884
8034,榮群,73,47,26,國泰-台南,2023-11-10,8884
00850,元大臺灣ESG永續,24,0,24,國泰-台南,2023-11-10,8884
00900,富邦特選高股息30,30,6,24,國泰-台南,2023-11-10,8884
00715L,期街口布蘭特正2,28,5,23,國泰-台南,2023-11-10,8884
2382,廣達,58,36,22,國泰-台南,2023-11-10,8884
2732,六角,20,0,20,國泰-台南,2023-11-10,8884
4128,中天,92,72,20,國泰-台南,2023-11-10,8884
4967,十銓,72,53,19,國泰-台南,2023-11-10,8884
6550,北極星藥業-KY,31,12,19,國泰-台南,2023-11-10,8884
2352,佳世達,48,29,19,國泰-台南,2023-11-10,8884
00902,中信電池及儲能,17,0,17,國泰-台南,2023-11-10,8884
00933B,國泰10Y+金融債,16,0,16,國泰-台南,2023-11-10,8884
6161,捷波,16,0,16,國泰-台南,2023-11-10,8884
3041,揚智,59,44,15,國泰-台南,2023-11-10,8884
2481,強茂,15,0,15,國泰-台南,2023-11-10,8884
5465,富驊,16,1,15,國泰-台南,2023-11-10,8884
00934,中信成長高股息,36,22,14,國泰-台南,2023-11-10,8884
1522,堤維西,15,1,14,國泰-台南,2023-11-10,8884
2615,萬海,13,0,13,國泰-台南,2023-11-10,8884
3363,上詮,16,4,12,國泰-台南,2023-11-10,8884
4908,前鼎,18,6,12,國泰-台南,2023-11-10,8884
6125,廣運,21,9,12,國泰-台南,2023-11-10,8884
00885,富邦越南,307,20,287,國泰-台南,2023-11-13,8884
00878,國泰永續高股息,348,101,247,國泰-台南,2023-11-13,8884
00680L,元大美債20正2,247,25,222,國泰-台南,2023-11-13,8884
00679B,元大美債20年,207,0,207,國泰-台南,2023-11-13,8884
00929,復華台灣科技優息,275,76,199,國泰-台南,2023-11-13,8884
00751B,元大AAA至A公司債,169,3,166,國泰-台南,2023-11-13,8884
2867,三商壽,101,0,101,國泰-台南,2023-11-13,8884
00664R,國泰臺灣加權反1,100,0,100,國泰-台南,2023-11-13,8884
00676R,富邦臺灣加權反1,97,0,97,國泰-台南,2023-11-13,8884
2618,長榮航,95,18,77,國泰-台南,2023-11-13,8884
2462,良得電,58,4,54,國泰-台南,2023-11-13,8884
8110,華東,64,10,54,國泰-台南,2023-11-13,8884
2812,台中銀,51,0,51,國泰-台南,2023-11-13,8884
00936,台新永續高息中小,51,3,48,國泰-台南,2023-11-13,8884
1455,集盛,45,0,45,國泰-台南,2023-11-13,8884
6550,北極星藥業-KY,42,0,42,國泰-台南,2023-11-13,8884
2489,瑞軒,40,0,40,國泰-台南,2023-11-13,8884
2607,榮運,46,6,40,國泰-台南,2023-11-13,8884
2030,彰源,40,0,40,國泰-台南,2023-11-13,8884
2313,華通,250,214,36,國泰-台南,2023-11-13,8884
2417,圓剛,46,9,37,國泰-台南,2023-11-13,8884
2882,國泰金,50,16,34,國泰-台南,2023-11-13,8884
2352,佳世達,42,11,31,國泰-台南,2023-11-13,8884
6695,芯鼎,25,1,24,國泰-台南,2023-11-13,8884
3704,合勤控,24,0,24,國泰-台南,2023-11-13,8884
6188,廣明,25,3,22,國泰-台南,2023-11-13,8884
2515,中工,22,0,22,國泰-台南,2023-11-13,8884
9921,巨大,22,0,22,國泰-台南,2023-11-13,8884
1522,堤維西,22,2,20,國泰-台南,2023-11-13,8884
00688L,國泰20年美債正2,20,0,20,國泰-台南,2023-11-13,8884
1449,佳和,18,0,18,國泰-台南,2023-11-13,8884
00900,富邦特選高股息30,24,6,18,國泰-台南,2023-11-13,8884
00772B,中信高評級公司債,19,2,17,國泰-台南,2023-11-13,8884
4167,松瑞藥,22,5,17,國泰-台南,2023-11-13,8884
00706L,期元大S＆P日圓正2,24,7,17,國泰-台南,2023-11-13,8884
6547,高端疫苗,17,0,17,國泰-台南,2023-11-13,8884
00882,中信中國高股息,17,1,16,國泰-台南,2023-11-13,8884
6770,力積電,18,2,16,國泰-台南,2023-11-13,8884
9958,世紀鋼,28,12,16,國泰-台南,2023-11-13,8884
3276,宇環,23,7,16,國泰-台南,2023-11-13,8884
6684,安格,22,7,15,國泰-台南,2023-11-13,8884
1815,富喬,29,14,15,國泰-台南,2023-11-13,8884
6290,良維,17,3,14,國泰-台南,2023-11-13,8884
2834,臺企銀,15,2,13,國泰-台南,2023-11-13,8884
2305,全友,13,1,12,國泰-台南,2023-11-13,8884
6207,雷科,12,0,12,國泰-台南,2023-11-13,8884
2382,廣達,59,47,12,國泰-台南,2023-11-13,8884
00665L,富邦�琤肭磪囓�2,11,0,11,國泰-台南,2023-11-13,8884
2204,中華,17,6,11,國泰-台南,2023-11-13,8884
2610,華航,11,0,11,國泰-台南,2023-11-13,8884
00688L,國泰20年美債正2,288,0,288,國泰-台南,2023-11-14,8884
00680L,元大美債20正2,235,11,224,國泰-台南,2023-11-14,8884
00706L,期元大S＆P日圓正2,246,62,184,國泰-台南,2023-11-14,8884
3005,神基,139,2,137,國泰-台南,2023-11-14,8884
00632R,元大台灣50反1,125,0,125,國泰-台南,2023-11-14,8884
00720B,元大投資級公司債,72,7,65,國泰-台南,2023-11-14,8884
3231,緯創,143,83,60,國泰-台南,2023-11-14,8884
2369,菱生,87,30,57,國泰-台南,2023-11-14,8884
00679B,元大美債20年,39,0,39,國泰-台南,2023-11-14,8884
00715L,期街口布蘭特正2,73,39,34,國泰-台南,2023-11-14,8884
2734,易飛網,33,0,33,國泰-台南,2023-11-14,8884
00717,富邦美國特別股,31,0,31,國泰-台南,2023-11-14,8884
2618,長榮航,34,3,31,國泰-台南,2023-11-14,8884
9105,泰金寶-DR,30,0,30,國泰-台南,2023-11-14,8884
00901,永豐智能車供應鏈,30,0,30,國泰-台南,2023-11-14,8884
1504,東元,38,8,30,國泰-台南,2023-11-14,8884
2609,陽明,43,16,27,國泰-台南,2023-11-14,8884
1449,佳和,29,2,27,國泰-台南,2023-11-14,8884
1217,愛之味,26,0,26,國泰-台南,2023-11-14,8884
00936,台新永續高息中小,33,7,26,國泰-台南,2023-11-14,8884
6550,北極星藥業-KY,32,7,25,國泰-台南,2023-11-14,8884
00676R,富邦臺灣加權反1,25,0,25,國泰-台南,2023-11-14,8884
2634,漢翔,34,9,25,國泰-台南,2023-11-14,8884
2881,富邦金,53,31,22,國泰-台南,2023-11-14,8884
5425,台半,24,2,22,國泰-台南,2023-11-14,8884
2329,華泰,61,40,21,國泰-台南,2023-11-14,8884
2425,承啟,21,1,20,國泰-台南,2023-11-14,8884
2515,中工,20,0,20,國泰-台南,2023-11-14,8884
5009,榮剛,21,2,19,國泰-台南,2023-11-14,8884
2883,凱基金,21,2,19,國泰-台南,2023-11-14,8884
2313,華通,74,58,16,國泰-台南,2023-11-14,8884
2030,彰源,16,0,16,國泰-台南,2023-11-14,8884
3260,威剛,42,26,16,國泰-台南,2023-11-14,8884
2002,中鋼,19,3,16,國泰-台南,2023-11-14,8884
4743,合一,37,22,15,國泰-台南,2023-11-14,8884
2303,聯電,21,7,14,國泰-台南,2023-11-14,8884
1101,台泥,15,2,13,國泰-台南,2023-11-14,8884
6282,康舒,23,9,14,國泰-台南,2023-11-14,8884
4128,中天,19,6,13,國泰-台南,2023-11-14,8884
00900,富邦特選高股息30,30,17,13,國泰-台南,2023-11-14,8884
00772B,中信高評級公司債,13,1,12,國泰-台南,2023-11-14,8884
3036,文曄,28,16,12,國泰-台南,2023-11-14,8884
5355,佳總,12,0,12,國泰-台南,2023-11-14,8884
2736,富野,12,0,12,國泰-台南,2023-11-14,8884
1231,聯華食,11,0,11,國泰-台南,2023-11-14,8884
2354,鴻準,11,0,11,國泰-台南,2023-11-14,8884
2743,山富,12,1,11,國泰-台南,2023-11-14,8884
3376,新日興,64,53,11,國泰-台南,2023-11-14,8884
8210,勤誠,21,10,11,國泰-台南,2023-11-14,8884
5483,中美晶,10,0,10,國泰-台南,2023-11-14,8884
00720B,元大投資級公司債,295,2,293,國泰-台南,2023-11-15,8884
2516,新建,225,53,172,國泰-台南,2023-11-15,8884
00706L,期元大S＆P日圓正2,119,21,98,國泰-台南,2023-11-15,8884
00632R,元大台灣50反1,121,30,91,國泰-台南,2023-11-15,8884
2363,矽統,248,177,71,國泰-台南,2023-11-15,8884
3312,弘憶股,74,4,70,國泰-台南,2023-11-15,8884
00688L,國泰20年美債正2,84,15,69,國泰-台南,2023-11-15,8884
2743,山富,66,1,65,國泰-台南,2023-11-15,8884
00679B,元大美債20年,79,15,64,國泰-台南,2023-11-15,8884
00933B,國泰10Y+金融債,60,3,57,國泰-台南,2023-11-15,8884
3005,神基,56,1,55,國泰-台南,2023-11-15,8884
8088,品安,59,10,49,國泰-台南,2023-11-15,8884
00931B,統一美債20年,50,4,46,國泰-台南,2023-11-15,8884
00935,野村臺灣新科技50,63,18,45,國泰-台南,2023-11-15,8884
2601,益航,47,3,44,國泰-台南,2023-11-15,8884
1434,福懋,44,1,43,國泰-台南,2023-11-15,8884
00901,永豐智能車供應鏈,66,25,41,國泰-台南,2023-11-15,8884
4401,東隆興,43,4,39,國泰-台南,2023-11-15,8884
6127,九豪,40,1,39,國泰-台南,2023-11-15,8884
00676R,富邦臺灣加權反1,34,0,34,國泰-台南,2023-11-15,8884
3276,宇環,108,75,33,國泰-台南,2023-11-15,8884
6550,北極星藥業-KY,32,1,31,國泰-台南,2023-11-15,8884
1449,佳和,30,0,30,國泰-台南,2023-11-15,8884
2897,王道銀行,30,0,30,國泰-台南,2023-11-15,8884
3025,星通,41,12,29,國泰-台南,2023-11-15,8884
2317,鴻海,56,28,28,國泰-台南,2023-11-15,8884
2449,京元電子,71,47,24,國泰-台南,2023-11-15,8884
00916,國泰全球品牌50,23,0,23,國泰-台南,2023-11-15,8884
00936,台新永續高息中小,25,2,23,國泰-台南,2023-11-15,8884
00680L,元大美債20正2,51,30,21,國泰-台南,2023-11-15,8884
00715L,期街口布蘭特正2,55,34,21,國泰-台南,2023-11-15,8884
3260,威剛,40,20,20,國泰-台南,2023-11-15,8884
2337,旺宏,20,1,19,國泰-台南,2023-11-15,8884
2402,毅嘉,47,28,19,國泰-台南,2023-11-15,8884
6139,亞翔,49,31,18,國泰-台南,2023-11-15,8884
6122,擎邦,98,81,17,國泰-台南,2023-11-15,8884
3704,合勤控,19,2,17,國泰-台南,2023-11-15,8884
2634,漢翔,20,4,16,國泰-台南,2023-11-15,8884
2356,英業達,31,15,16,國泰-台南,2023-11-15,8884
2323,中環,15,0,15,國泰-台南,2023-11-15,8884
2332,友訊,16,1,15,國泰-台南,2023-11-15,8884
1444,力麗,16,1,15,國泰-台南,2023-11-15,8884
6282,康舒,28,13,15,國泰-台南,2023-11-15,8884
8048,德勝,15,2,13,國泰-台南,2023-11-15,8884
2353,宏��,21,9,12,國泰-台南,2023-11-15,8884
2376,技嘉,57,44,13,國泰-台南,2023-11-15,8884
3702,大聯大,15,3,12,國泰-台南,2023-11-15,8884
3002,歐格,12,0,12,國泰-台南,2023-11-15,8884
6684,安格,22,10,12,國泰-台南,2023-11-15,8884
6136,富爾特,12,0,12,國泰-台南,2023-11-15,8884
00878,國泰永續高股息,413,149,264,國泰-台南,2023-11-16,8884
00687B,國泰20年美債,259,10,249,國泰-台南,2023-11-16,8884
2323,中環,218,2,216,國泰-台南,2023-11-16,8884
00688L,國泰20年美債正2,165,9,156,國泰-台南,2023-11-16,8884
00679B,元大美債20年,111,1,110,國泰-台南,2023-11-16,8884
4167,松瑞藥,102,2,100,國泰-台南,2023-11-16,8884
00676R,富邦臺灣加權反1,83,0,83,國泰-台南,2023-11-16,8884
2344,華邦電,295,215,80,國泰-台南,2023-11-16,8884
00720B,元大投資級公司債,96,22,74,國泰-台南,2023-11-16,8884
2743,山富,153,95,58,國泰-台南,2023-11-16,8884
2417,圓剛,195,137,58,國泰-台南,2023-11-16,8884
00632R,元大台灣50反1,67,10,57,國泰-台南,2023-11-16,8884
00900,富邦特選高股息30,61,5,56,國泰-台南,2023-11-16,8884
4129,聯合,53,0,53,國泰-台南,2023-11-16,8884
00712,復華富時不動產,68,25,43,國泰-台南,2023-11-16,8884
1522,堤維西,55,16,39,國泰-台南,2023-11-16,8884
3322,建舜電,40,3,37,國泰-台南,2023-11-16,8884
1582,信錦,36,3,33,國泰-台南,2023-11-16,8884
00650L,復華香港正2,33,0,33,國泰-台南,2023-11-16,8884
00857B,永豐20年美公債,32,0,32,國泰-台南,2023-11-16,8884
00673R,期元大S＆P原油反1,30,0,30,國泰-台南,2023-11-16,8884
2543,皇昌,39,10,29,國泰-台南,2023-11-16,8884
6290,良維,24,1,23,國泰-台南,2023-11-16,8884
00929,復華台灣科技優息,136,114,22,國泰-台南,2023-11-16,8884
6550,北極星藥業-KY,34,12,22,國泰-台南,2023-11-16,8884
1449,佳和,22,0,22,國泰-台南,2023-11-16,8884
2722,夏都,24,2,22,國泰-台南,2023-11-16,8884
2402,毅嘉,50,29,21,國泰-台南,2023-11-16,8884
2739,寒舍,23,2,21,國泰-台南,2023-11-16,8884
1815,富喬,52,31,21,國泰-台南,2023-11-16,8884
9950,萬國通,26,6,20,國泰-台南,2023-11-16,8884
3714,富采,20,1,19,國泰-台南,2023-11-16,8884
00680L,元大美債20正2,28,9,19,國泰-台南,2023-11-16,8884
6592,和潤企業,18,0,18,國泰-台南,2023-11-16,8884
3704,合勤控,25,7,18,國泰-台南,2023-11-16,8884
2408,南亞科,18,1,17,國泰-台南,2023-11-16,8884
6282,康舒,21,4,17,國泰-台南,2023-11-16,8884
3402,漢科,16,0,16,國泰-台南,2023-11-16,8884
00631L,元大台灣50正2,16,1,15,國泰-台南,2023-11-16,8884
2354,鴻準,16,1,15,國泰-台南,2023-11-16,8884
00637L,元大滬深300正2,15,0,15,國泰-台南,2023-11-16,8884
2002,中鋼,33,20,13,國泰-台南,2023-11-16,8884
3450,聯鈞,15,2,13,國泰-台南,2023-11-16,8884
2371,大同,29,16,13,國泰-台南,2023-11-16,8884
00933B,國泰10Y+金融債,13,0,13,國泰-台南,2023-11-16,8884
00713,元大台灣高息低波,14,1,13,國泰-台南,2023-11-16,8884
5706,鳳凰,20,8,12,國泰-台南,2023-11-16,8884
1515,力山,201,190,11,國泰-台南,2023-11-16,8884
2380,虹光,25,13,12,國泰-台南,2023-11-16,8884
00772B,中信高評級公司債,12,1,11,國泰-台南,2023-11-16,8884
1582,信錦,338,37,301,國泰-台南,2023-11-17,8884
2610,華航,317,51,266,國泰-台南,2023-11-17,8884
00679B,元大美債20年,199,20,179,國泰-台南,2023-11-17,8884
2882,國泰金,176,30,146,國泰-台南,2023-11-17,8884
00715L,期街口布蘭特正2,114,8,106,國泰-台南,2023-11-17,8884
00701,國泰股利精選30,80,2,78,國泰-台南,2023-11-17,8884
1815,富喬,112,50,62,國泰-台南,2023-11-17,8884
3715,定穎投控,155,96,59,國泰-台南,2023-11-17,8884
2516,新建,72,13,59,國泰-台南,2023-11-17,8884
2618,長榮航,165,110,55,國泰-台南,2023-11-17,8884
00751B,元大AAA至A公司債,53,0,53,國泰-台南,2023-11-17,8884
2371,大同,51,1,50,國泰-台南,2023-11-17,8884
2905,三商,48,2,46,國泰-台南,2023-11-17,8884
00720B,元大投資級公司債,45,1,44,國泰-台南,2023-11-17,8884
00919,群益台灣精選高息,94,52,42,國泰-台南,2023-11-17,8884
2344,華邦電,156,115,41,國泰-台南,2023-11-17,8884
00687B,國泰20年美債,42,2,40,國泰-台南,2023-11-17,8884
00637L,元大滬深300正2,37,1,36,國泰-台南,2023-11-17,8884
6257,矽格,36,0,36,國泰-台南,2023-11-17,8884
00642U,期元大S＆P石油,36,2,34,國泰-台南,2023-11-17,8884
6125,廣運,51,17,34,國泰-台南,2023-11-17,8884
00676R,富邦臺灣加權反1,30,0,30,國泰-台南,2023-11-17,8884
00753L,中信中國50正2,30,0,30,國泰-台南,2023-11-17,8884
00650L,復華香港正2,33,4,29,國泰-台南,2023-11-17,8884
2457,飛宏,30,1,29,國泰-台南,2023-11-17,8884
2405,輔信,115,86,29,國泰-台南,2023-11-17,8884
00712,復華富時不動產,102,75,27,國泰-台南,2023-11-17,8884
6550,北極星藥業-KY,26,0,26,國泰-台南,2023-11-17,8884
2609,陽明,23,1,22,國泰-台南,2023-11-17,8884
1339,昭輝,28,7,21,國泰-台南,2023-11-17,8884
00902,中信電池及儲能,31,10,21,國泰-台南,2023-11-17,8884
3701,大眾控,30,9,21,國泰-台南,2023-11-17,8884
00934,中信成長高股息,26,6,20,國泰-台南,2023-11-17,8884
2380,虹光,22,3,19,國泰-台南,2023-11-17,8884
2607,榮運,26,8,18,國泰-台南,2023-11-17,8884
00773B,中信優先金融債,17,0,17,國泰-台南,2023-11-17,8884
3455,由田,17,0,17,國泰-台南,2023-11-17,8884
00665L,富邦�琤肭磪囓�2,32,16,16,國泰-台南,2023-11-17,8884
2369,菱生,29,13,16,國泰-台南,2023-11-17,8884
006208,富邦台50,22,7,15,國泰-台南,2023-11-17,8884
5521,工信,26,11,15,國泰-台南,2023-11-17,8884
2367,燿華,15,0,15,國泰-台南,2023-11-17,8884
6208,日揚,14,0,14,國泰-台南,2023-11-17,8884
6276,安鈦克,21,8,13,國泰-台南,2023-11-17,8884
00882,中信中國高股息,114,101,13,國泰-台南,2023-11-17,8884
2363,矽統,112,100,12,國泰-台南,2023-11-17,8884
5515,建國,12,0,12,國泰-台南,2023-11-17,8884
00935,野村臺灣新科技50,12,0,12,國泰-台南,2023-11-17,8884
3041,揚智,212,200,12,國泰-台南,2023-11-17,8884
2356,英業達,25,15,10,國泰-台南,2023-11-17,8884
3545,敦泰,310,128,182,國泰-台南,2023-11-20,8884
1582,信錦,202,27,175,國泰-台南,2023-11-20,8884
00706L,期元大S＆P日圓正2,167,4,163,國泰-台南,2023-11-20,8884
00687B,國泰20年美債,101,19,82,國泰-台南,2023-11-20,8884
2610,華航,101,20,81,國泰-台南,2023-11-20,8884
00720B,元大投資級公司債,68,1,67,國泰-台南,2023-11-20,8884
00882,中信中國高股息,64,9,55,國泰-台南,2023-11-20,8884
00878,國泰永續高股息,91,38,53,國泰-台南,2023-11-20,8884
4915,致伸,50,0,50,國泰-台南,2023-11-20,8884
00934,中信成長高股息,45,0,45,國泰-台南,2023-11-20,8884
00679B,元大美債20年,43,3,40,國泰-台南,2023-11-20,8884
00751B,元大AAA至A公司債,39,0,39,國泰-台南,2023-11-20,8884
2380,虹光,47,9,38,國泰-台南,2023-11-20,8884
2363,矽統,213,176,37,國泰-台南,2023-11-20,8884
3481,群創,75,38,37,國泰-台南,2023-11-20,8884
00919,群益台灣精選高息,118,83,35,國泰-台南,2023-11-20,8884
00772B,中信高評級公司債,33,0,33,國泰-台南,2023-11-20,8884
00712,復華富時不動產,63,32,31,國泰-台南,2023-11-20,8884
00929,復華台灣科技優息,198,167,31,國泰-台南,2023-11-20,8884
00665L,富邦�琤肭磪囓�2,37,9,28,國泰-台南,2023-11-20,8884
2412,中華電,26,0,26,國泰-台南,2023-11-20,8884
006208,富邦台50,26,1,25,國泰-台南,2023-11-20,8884
2476,鉅祥,24,0,24,國泰-台南,2023-11-20,8884
9945,潤泰新,22,0,22,國泰-台南,2023-11-20,8884
3372,典範,20,0,20,國泰-台南,2023-11-20,8884
2515,中工,20,0,20,國泰-台南,2023-11-20,8884
2834,臺企銀,51,31,20,國泰-台南,2023-11-20,8884
2356,英業達,41,22,19,國泰-台南,2023-11-20,8884
2543,皇昌,36,17,19,國泰-台南,2023-11-20,8884
6156,松上,18,0,18,國泰-台南,2023-11-20,8884
6530,創威,18,0,18,國泰-台南,2023-11-20,8884
2317,鴻海,25,7,18,國泰-台南,2023-11-20,8884
2390,云辰,20,3,17,國泰-台南,2023-11-20,8884
00676R,富邦臺灣加權反1,17,0,17,國泰-台南,2023-11-20,8884
5533,皇鼎,17,0,17,國泰-台南,2023-11-20,8884
6237,驊訊,52,35,17,國泰-台南,2023-11-20,8884
00896,中信綠能及電動車,16,0,16,國泰-台南,2023-11-20,8884
1402,遠東新,19,3,16,國泰-台南,2023-11-20,8884
5521,工信,20,5,15,國泰-台南,2023-11-20,8884
2201,裕隆,16,1,15,國泰-台南,2023-11-20,8884
6120,達運,22,7,15,國泰-台南,2023-11-20,8884
1909,榮成,15,0,15,國泰-台南,2023-11-20,8884
3035,智原,53,39,14,國泰-台南,2023-11-20,8884
2449,京元電子,25,11,14,國泰-台南,2023-11-20,8884
00795B,中信美國公債20年,15,2,13,國泰-台南,2023-11-20,8884
3034,聯詠,14,1,13,國泰-台南,2023-11-20,8884
6799,來頡,39,26,13,國泰-台南,2023-11-20,8884
3047,訊舟,15,2,13,國泰-台南,2023-11-20,8884
6127,九豪,26,13,13,國泰-台南,2023-11-20,8884
0056,元大高股息,37,25,12,國泰-台南,2023-11-20,8884
00706L,期元大S＆P日圓正2,216,4,212,國泰-台南,2023-11-21,8884
00632R,元大台灣50反1,330,154,176,國泰-台南,2023-11-21,8884
3005,神基,213,41,172,國泰-台南,2023-11-21,8884
00712,復華富時不動產,124,8,116,國泰-台南,2023-11-21,8884
2409,友達,123,10,113,國泰-台南,2023-11-21,8884
2618,長榮航,112,40,72,國泰-台南,2023-11-21,8884
3059,華晶科,88,24,64,國泰-台南,2023-11-21,8884
2402,毅嘉,76,15,61,國泰-台南,2023-11-21,8884
00676R,富邦臺灣加權反1,60,0,60,國泰-台南,2023-11-21,8884
00720B,元大投資級公司債,60,2,58,國泰-台南,2023-11-21,8884
2380,虹光,70,14,56,國泰-台南,2023-11-21,8884
3041,揚智,249,193,56,國泰-台南,2023-11-21,8884
5351,鈺創,121,68,53,國泰-台南,2023-11-21,8884
00637L,元大滬深300正2,52,1,51,國泰-台南,2023-11-21,8884
2352,佳世達,49,15,34,國泰-台南,2023-11-21,8884
6550,北極星藥業-KY,31,0,31,國泰-台南,2023-11-21,8884
1582,信錦,76,45,31,國泰-台南,2023-11-21,8884
5533,皇鼎,37,6,31,國泰-台南,2023-11-21,8884
00904,新光臺灣半導體30,30,0,30,國泰-台南,2023-11-21,8884
2344,華邦電,104,74,30,國泰-台南,2023-11-21,8884
3701,大眾控,32,3,29,國泰-台南,2023-11-21,8884
2329,華泰,63,34,29,國泰-台南,2023-11-21,8884
00882,中信中國高股息,33,4,29,國泰-台南,2023-11-21,8884
2363,矽統,188,163,25,國泰-台南,2023-11-21,8884
6117,迎廣,35,10,25,國泰-台南,2023-11-21,8884
00673R,期元大S＆P原油反1,23,0,23,國泰-台南,2023-11-21,8884
8358,金居,23,0,23,國泰-台南,2023-11-21,8884
1440,南紡,23,0,23,國泰-台南,2023-11-21,8884
1449,佳和,22,0,22,國泰-台南,2023-11-21,8884
00751B,元大AAA至A公司債,21,0,21,國泰-台南,2023-11-21,8884
8054,安國,67,46,21,國泰-台南,2023-11-21,8884
2314,台揚,21,1,20,國泰-台南,2023-11-21,8884
3276,宇環,28,8,20,國泰-台南,2023-11-21,8884
2412,中華電,26,6,20,國泰-台南,2023-11-21,8884
6233,旺玖,32,13,19,國泰-台南,2023-11-21,8884
00885,富邦越南,20,2,18,國泰-台南,2023-11-21,8884
3325,旭品,21,4,17,國泰-台南,2023-11-21,8884
3363,上詮,43,26,17,國泰-台南,2023-11-21,8884
00772B,中信高評級公司債,21,5,16,國泰-台南,2023-11-21,8884
9919,康那香,18,2,16,國泰-台南,2023-11-21,8884
6426,統新,16,0,16,國泰-台南,2023-11-21,8884
1504,東元,54,39,15,國泰-台南,2023-11-21,8884
00680L,元大美債20正2,32,17,15,國泰-台南,2023-11-21,8884
1201,味全,15,0,15,國泰-台南,2023-11-21,8884
2206,三陽工業,28,12,16,國泰-台南,2023-11-21,8884
00933B,國泰10Y+金融債,15,0,15,國泰-台南,2023-11-21,8884
3715,定穎投控,72,57,15,國泰-台南,2023-11-21,8884
3032,偉訓,18,3,15,國泰-台南,2023-11-21,8884
00934,中信成長高股息,16,1,15,國泰-台南,2023-11-21,8884
00935,野村臺灣新科技50,20,5,15,國泰-台南,2023-11-21,8884
3231,緯創,194,48,146,國泰-台南,2023-11-22,8884
3481,群創,90,5,85,國泰-台南,2023-11-22,8884
0056,元大高股息,80,1,79,國泰-台南,2023-11-22,8884
00878,國泰永續高股息,137,59,78,國泰-台南,2023-11-22,8884
4167,松瑞藥,71,0,71,國泰-台南,2023-11-22,8884
00919,群益台灣精選高息,133,78,55,國泰-台南,2023-11-22,8884
2610,華航,64,9,55,國泰-台南,2023-11-22,8884
00665L,富邦�琤肭磪囓�2,55,1,54,國泰-台南,2023-11-22,8884
2883,凱基金,55,6,49,國泰-台南,2023-11-22,8884
00712,復華富時不動產,59,9,50,國泰-台南,2023-11-22,8884
2382,廣達,61,13,48,國泰-台南,2023-11-22,8884
2356,英業達,54,6,48,國泰-台南,2023-11-22,8884
2421,建準,50,4,46,國泰-台南,2023-11-22,8884
2515,中工,49,4,45,國泰-台南,2023-11-22,8884
2427,三商電,57,15,42,國泰-台南,2023-11-22,8884
1582,信錦,65,25,40,國泰-台南,2023-11-22,8884
00703,台新MSCI中國,37,0,37,國泰-台南,2023-11-22,8884
00688L,國泰20年美債正2,35,0,35,國泰-台南,2023-11-22,8884
006208,富邦台50,40,5,35,國泰-台南,2023-11-22,8884
2312,金寶,33,2,31,國泰-台南,2023-11-22,8884
00935,野村臺灣新科技50,30,1,29,國泰-台南,2023-11-22,8884
00720B,元大投資級公司債,33,5,28,國泰-台南,2023-11-22,8884
6282,康舒,208,180,28,國泰-台南,2023-11-22,8884
2801,彰銀,28,2,26,國泰-台南,2023-11-22,8884
1101,台泥,33,7,26,國泰-台南,2023-11-22,8884
00687B,國泰20年美債,45,20,25,國泰-台南,2023-11-22,8884
6550,北極星藥業-KY,25,0,25,國泰-台南,2023-11-22,8884
2376,技嘉,75,50,25,國泰-台南,2023-11-22,8884
4908,前鼎,91,67,24,國泰-台南,2023-11-22,8884
5521,工信,37,15,22,國泰-台南,2023-11-22,8884
5515,建國,22,0,22,國泰-台南,2023-11-22,8884
3515,華擎,37,15,22,國泰-台南,2023-11-22,8884
8086,宏捷科,23,1,22,國泰-台南,2023-11-22,8884
9933,中鼎,22,1,21,國泰-台南,2023-11-22,8884
2609,陽明,24,2,22,國泰-台南,2023-11-22,8884
5292,華懋,24,3,21,國泰-台南,2023-11-22,8884
00933B,國泰10Y+金融債,21,0,21,國泰-台南,2023-11-22,8884
3032,偉訓,24,3,21,國泰-台南,2023-11-22,8884
00679B,元大美債20年,29,8,21,國泰-台南,2023-11-22,8884
2380,虹光,24,4,20,國泰-台南,2023-11-22,8884
2388,威盛,114,94,20,國泰-台南,2023-11-22,8884
00676R,富邦臺灣加權反1,19,0,19,國泰-台南,2023-11-22,8884
2025,千興,20,1,19,國泰-台南,2023-11-22,8884
1314,中石化,20,1,19,國泰-台南,2023-11-22,8884
00905,FT臺灣Smart,24,5,19,國泰-台南,2023-11-22,8884
2330,台積電,27,8,19,國泰-台南,2023-11-22,8884
00882,中信中國高股息,19,0,19,國泰-台南,2023-11-22,8884
2462,良得電,28,10,18,國泰-台南,2023-11-22,8884
2002,中鋼,30,13,17,國泰-台南,2023-11-22,8884
00934,中信成長高股息,22,5,17,國泰-台南,2023-11-22,8884
5521,工信,451,125,326,國泰-台南,2023-11-23,8884
00706L,期元大S＆P日圓正2,303,3,300,國泰-台南,2023-11-23,8884
00919,群益台灣精選高息,194,12,182,國泰-台南,2023-11-23,8884
00929,復華台灣科技優息,218,44,174,國泰-台南,2023-11-23,8884
3005,神基,181,10,171,國泰-台南,2023-11-23,8884
00878,國泰永續高股息,194,40,154,國泰-台南,2023-11-23,8884
3231,緯創,131,50,81,國泰-台南,2023-11-23,8884
5515,建國,89,45,44,國泰-台南,2023-11-23,8884
3715,定穎投控,119,79,40,國泰-台南,2023-11-23,8884
00637L,元大滬深300正2,45,5,40,國泰-台南,2023-11-23,8884
1313,聯成,40,0,40,國泰-台南,2023-11-23,8884
00720B,元大投資級公司債,43,3,40,國泰-台南,2023-11-23,8884
3483,力致,46,13,33,國泰-台南,2023-11-23,8884
5347,世界,80,48,32,國泰-台南,2023-11-23,8884
1582,信錦,46,16,30,國泰-台南,2023-11-23,8884
00935,野村臺灣新科技50,31,1,30,國泰-台南,2023-11-23,8884
5512,力麒,31,3,28,國泰-台南,2023-11-23,8884
3362,先進光,91,63,28,國泰-台南,2023-11-23,8884
4960,誠美材,26,0,26,國泰-台南,2023-11-23,8884
6282,康舒,311,286,25,國泰-台南,2023-11-23,8884
2204,中華,27,2,25,國泰-台南,2023-11-23,8884
00934,中信成長高股息,25,1,24,國泰-台南,2023-11-23,8884
2382,廣達,51,28,23,國泰-台南,2023-11-23,8884
2457,飛宏,68,47,21,國泰-台南,2023-11-23,8884
3019,亞光,25,4,21,國泰-台南,2023-11-23,8884
3437,榮創,29,8,21,國泰-台南,2023-11-23,8884
5009,榮剛,22,3,19,國泰-台南,2023-11-23,8884
1217,愛之味,20,2,18,國泰-台南,2023-11-23,8884
6125,廣運,121,103,18,國泰-台南,2023-11-23,8884
3669,圓展,35,17,18,國泰-台南,2023-11-23,8884
5519,隆大,17,0,17,國泰-台南,2023-11-23,8884
8068,全達,30,13,17,國泰-台南,2023-11-23,8884
2355,敬鵬,30,13,17,國泰-台南,2023-11-23,8884
3035,智原,33,16,17,國泰-台南,2023-11-23,8884
6791,虎門科技,16,0,16,國泰-台南,2023-11-23,8884
00676R,富邦臺灣加權反1,15,0,15,國泰-台南,2023-11-23,8884
8040,九暘,19,4,15,國泰-台南,2023-11-23,8884
00697B,元大美債7-10,15,0,15,國泰-台南,2023-11-23,8884
2002,中鋼,46,32,14,國泰-台南,2023-11-23,8884
2427,三商電,17,4,13,國泰-台南,2023-11-23,8884
4908,前鼎,34,21,13,國泰-台南,2023-11-23,8884
6284,佳邦,44,31,13,國泰-台南,2023-11-23,8884
1802,台玻,13,1,12,國泰-台南,2023-11-23,8884
2515,中工,13,1,12,國泰-台南,2023-11-23,8884
8121,越峰,12,0,12,國泰-台南,2023-11-23,8884
6689,伊雲谷,14,2,12,國泰-台南,2023-11-23,8884
6129,普誠,50,39,11,國泰-台南,2023-11-23,8884
3701,大眾控,16,5,11,國泰-台南,2023-11-23,8884
2462,良得電,14,3,11,國泰-台南,2023-11-23,8884
00850,元大臺灣ESG永續,10,0,10,國泰-台南,2023-11-23,8884
00673R,期元大S＆P原油反1,215,2,213,國泰-台南,2023-11-24,8884
2618,長榮航,152,65,87,國泰-台南,2023-11-24,8884
00713,元大台灣高息低波,81,3,78,國泰-台南,2023-11-24,8884
2323,中環,66,0,66,國泰-台南,2023-11-24,8884
00933B,國泰10Y+金融債,57,1,56,國泰-台南,2023-11-24,8884
00751B,元大AAA至A公司債,52,0,52,國泰-台南,2023-11-24,8884
3703,欣陸,56,5,51,國泰-台南,2023-11-24,8884
00919,群益台灣精選高息,53,2,51,國泰-台南,2023-11-24,8884
00878,國泰永續高股息,80,29,51,國泰-台南,2023-11-24,8884
3006,晶豪科,109,64,45,國泰-台南,2023-11-24,8884
2888,新光金,66,22,44,國泰-台南,2023-11-24,8884
1582,信錦,45,5,40,國泰-台南,2023-11-24,8884
1609,大亞,60,23,37,國泰-台南,2023-11-24,8884
00679B,元大美債20年,38,2,36,國泰-台南,2023-11-24,8884
00687B,國泰20年美債,37,2,35,國泰-台南,2023-11-24,8884
5351,鈺創,111,78,33,國泰-台南,2023-11-24,8884
00885,富邦越南,32,2,30,國泰-台南,2023-11-24,8884
3094,聯傑,49,20,29,國泰-台南,2023-11-24,8884
6550,北極星藥業-KY,28,0,28,國泰-台南,2023-11-24,8884
6117,迎廣,51,25,26,國泰-台南,2023-11-24,8884
00720B,元大投資級公司債,30,5,25,國泰-台南,2023-11-24,8884
2610,華航,37,12,25,國泰-台南,2023-11-24,8884
3715,定穎投控,69,49,20,國泰-台南,2023-11-24,8884
3051,力特,59,39,20,國泰-台南,2023-11-24,8884
8936,國統,29,9,20,國泰-台南,2023-11-24,8884
1815,富喬,42,23,19,國泰-台南,2023-11-24,8884
2356,英業達,25,7,18,國泰-台南,2023-11-24,8884
8215,明基材,18,0,18,國泰-台南,2023-11-24,8884
0056,元大高股息,22,5,17,國泰-台南,2023-11-24,8884
00935,野村臺灣新科技50,17,0,17,國泰-台南,2023-11-24,8884
2382,廣達,41,25,16,國泰-台南,2023-11-24,8884
2734,易飛網,30,14,16,國泰-台南,2023-11-24,8884
4167,松瑞藥,16,0,16,國泰-台南,2023-11-24,8884
1459,聯發,16,0,16,國泰-台南,2023-11-24,8884
1809,中釉,19,4,15,國泰-台南,2023-11-24,8884
2363,矽統,66,51,15,國泰-台南,2023-11-24,8884
2313,華通,157,142,15,國泰-台南,2023-11-24,8884
00795B,中信美國公債20年,14,0,14,國泰-台南,2023-11-24,8884
2352,佳世達,14,1,13,國泰-台南,2023-11-24,8884
2515,中工,13,0,13,國泰-台南,2023-11-24,8884
00772B,中信高評級公司債,15,3,12,國泰-台南,2023-11-24,8884
5347,世界,101,88,13,國泰-台南,2023-11-24,8884
00722B,群益投資級電信債,13,1,12,國泰-台南,2023-11-24,8884
2838,聯邦銀,22,10,12,國泰-台南,2023-11-24,8884
6243,迅杰,27,15,12,國泰-台南,2023-11-24,8884
8358,金居,17,5,12,國泰-台南,2023-11-24,8884
6271,同欣電,17,5,12,國泰-台南,2023-11-24,8884
4702,中美實,16,5,11,國泰-台南,2023-11-24,8884
2722,夏都,16,4,12,國泰-台南,2023-11-24,8884
2353,宏��,16,5,11,國泰-台南,2023-11-24,8884
00878,國泰永續高股息,296,92,204,國泰-台南,2023-11-27,8884
00919,群益台灣精選高息,202,16,186,國泰-台南,2023-11-27,8884
00929,復華台灣科技優息,207,70,137,國泰-台南,2023-11-27,8884
00673R,期元大S＆P原油反1,134,4,130,國泰-台南,2023-11-27,8884
2017,官田鋼,105,0,105,國泰-台南,2023-11-27,8884
00687B,國泰20年美債,106,8,98,國泰-台南,2023-11-27,8884
2883,凱基金,154,87,67,國泰-台南,2023-11-27,8884
00679B,元大美債20年,77,10,67,國泰-台南,2023-11-27,8884
3231,緯創,82,17,65,國泰-台南,2023-11-27,8884
00637L,元大滬深300正2,58,0,58,國泰-台南,2023-11-27,8884
00720B,元大投資級公司債,59,1,58,國泰-台南,2023-11-27,8884
0056,元大高股息,70,17,53,國泰-台南,2023-11-27,8884
00665L,富邦�琤肭磪囓�2,74,22,52,國泰-台南,2023-11-27,8884
00934,中信成長高股息,47,0,47,國泰-台南,2023-11-27,8884
2382,廣達,69,25,44,國泰-台南,2023-11-27,8884
00933B,國泰10Y+金融債,40,0,40,國泰-台南,2023-11-27,8884
1618,合機,40,1,39,國泰-台南,2023-11-27,8884
00632R,元大台灣50反1,111,74,37,國泰-台南,2023-11-27,8884
00676R,富邦臺灣加權反1,35,0,35,國泰-台南,2023-11-27,8884
2618,長榮航,68,33,35,國泰-台南,2023-11-27,8884
006208,富邦台50,35,3,32,國泰-台南,2023-11-27,8884
2412,中華電,36,5,31,國泰-台南,2023-11-27,8884
00882,中信中國高股息,35,4,31,國泰-台南,2023-11-27,8884
8086,宏捷科,82,53,29,國泰-台南,2023-11-27,8884
8222,寶一,44,16,28,國泰-台南,2023-11-27,8884
2462,良得電,28,0,28,國泰-台南,2023-11-27,8884
00935,野村臺灣新科技50,28,1,27,國泰-台南,2023-11-27,8884
00751B,元大AAA至A公司債,28,0,28,國泰-台南,2023-11-27,8884
1503,士電,38,10,28,國泰-台南,2023-11-27,8884
5347,世界,50,23,27,國泰-台南,2023-11-27,8884
1514,亞力,157,131,26,國泰-台南,2023-11-27,8884
2634,漢翔,42,17,25,國泰-台南,2023-11-27,8884
2405,輔信,30,5,25,國泰-台南,2023-11-27,8884
6550,北極星藥業-KY,52,27,25,國泰-台南,2023-11-27,8884
2356,英業達,25,1,24,國泰-台南,2023-11-27,8884
00631L,元大台灣50正2,27,3,24,國泰-台南,2023-11-27,8884
4157,太景*-KY,26,4,22,國泰-台南,2023-11-27,8884
00915,凱基優選高股息30,23,2,21,國泰-台南,2023-11-27,8884
2888,新光金,25,4,21,國泰-台南,2023-11-27,8884
2371,大同,27,7,20,國泰-台南,2023-11-27,8884
2630,亞航,59,39,20,國泰-台南,2023-11-27,8884
4123,晟德,21,1,20,國泰-台南,2023-11-27,8884
3006,晶豪科,44,25,19,國泰-台南,2023-11-27,8884
1815,富喬,34,16,18,國泰-台南,2023-11-27,8884
2610,華航,29,11,18,國泰-台南,2023-11-27,8884
1582,信錦,20,4,16,國泰-台南,2023-11-27,8884
6535,順藥,20,4,16,國泰-台南,2023-11-27,8884
6125,廣運,23,7,16,國泰-台南,2023-11-27,8884
00675L,富邦臺灣加權正2,16,1,15,國泰-台南,2023-11-27,8884
2313,華通,237,222,15,國泰-台南,2023-11-27,8884
00902,中信電池及儲能,354,0,354,國泰-台南,2023-11-28,8884
00706L,期元大S＆P日圓正2,204,0,204,國泰-台南,2023-11-28,8884
00915,凱基優選高股息30,194,0,194,國泰-台南,2023-11-28,8884
00632R,元大台灣50反1,172,7,165,國泰-台南,2023-11-28,8884
00676R,富邦臺灣加權反1,117,0,117,國泰-台南,2023-11-28,8884
1325,恆大,63,1,62,國泰-台南,2023-11-28,8884
1457,宜進,70,10,60,國泰-台南,2023-11-28,8884
3231,緯創,73,23,50,國泰-台南,2023-11-28,8884
2313,華通,279,235,44,國泰-台南,2023-11-28,8884
1101,台泥,86,43,43,國泰-台南,2023-11-28,8884
2353,宏��,43,6,37,國泰-台南,2023-11-28,8884
00712,復華富時不動產,56,19,37,國泰-台南,2023-11-28,8884
5272,笙科,60,25,35,國泰-台南,2023-11-28,8884
00885,富邦越南,38,3,35,國泰-台南,2023-11-28,8884
6173,信昌電,42,10,32,國泰-台南,2023-11-28,8884
2618,長榮航,71,40,31,國泰-台南,2023-11-28,8884
1449,佳和,30,0,30,國泰-台南,2023-11-28,8884
4188,安克,30,1,29,國泰-台南,2023-11-28,8884
5347,世界,45,16,29,國泰-台南,2023-11-28,8884
00688L,國泰20年美債正2,37,10,27,國泰-台南,2023-11-28,8884
00752,中信中國50,25,0,25,國泰-台南,2023-11-28,8884
2641,正德,43,20,23,國泰-台南,2023-11-28,8884
00923,群益台ESG低碳50,22,0,22,國泰-台南,2023-11-28,8884
1752,南光,26,4,22,國泰-台南,2023-11-28,8884
2303,聯電,34,14,20,國泰-台南,2023-11-28,8884
00919,群益台灣精選高息,99,78,21,國泰-台南,2023-11-28,8884
3694,海華,29,9,20,國泰-台南,2023-11-28,8884
9103,美德醫療-DR,19,0,19,國泰-台南,2023-11-28,8884
6550,北極星藥業-KY,20,1,19,國泰-台南,2023-11-28,8884
0056,元大高股息,21,4,17,國泰-台南,2023-11-28,8884
2367,燿華,103,87,16,國泰-台南,2023-11-28,8884
00673R,期元大S＆P原油反1,16,0,16,國泰-台南,2023-11-28,8884
2867,三商壽,16,1,15,國泰-台南,2023-11-28,8884
2606,裕民,103,88,15,國泰-台南,2023-11-28,8884
4973,廣穎,35,20,15,國泰-台南,2023-11-28,8884
2337,旺宏,16,1,15,國泰-台南,2023-11-28,8884
00882,中信中國高股息,15,1,14,國泰-台南,2023-11-28,8884
6282,康舒,31,16,15,國泰-台南,2023-11-28,8884
4564,元翎,13,0,13,國泰-台南,2023-11-28,8884
5351,鈺創,100,87,13,國泰-台南,2023-11-28,8884
2355,敬鵬,20,7,13,國泰-台南,2023-11-28,8884
8034,榮群,15,2,13,國泰-台南,2023-11-28,8884
1762,中化生,12,0,12,國泰-台南,2023-11-28,8884
2375,凱美,12,0,12,國泰-台南,2023-11-28,8884
2356,英業達,31,19,12,國泰-台南,2023-11-28,8884
00757,統一FANG+,11,0,11,國泰-台南,2023-11-28,8884
00669R,國泰美國道瓊反1,11,0,11,國泰-台南,2023-11-28,8884
1701,中化,24,13,11,國泰-台南,2023-11-28,8884
3056,富華新,13,2,11,國泰-台南,2023-11-28,8884
00933B,國泰10Y+金融債,33,23,10,國泰-台南,2023-11-28,8884
2867,三商壽,195,0,195,國泰-台南,2023-11-29,8884
2409,友達,182,3,179,國泰-台南,2023-11-29,8884
00665L,富邦�琤肭磪囓�2,289,116,173,國泰-台南,2023-11-29,8884
2375,凱美,167,6,161,國泰-台南,2023-11-29,8884
00720B,元大投資級公司債,150,0,150,國泰-台南,2023-11-29,8884
2610,華航,138,2,136,國泰-台南,2023-11-29,8884
3317,尼克森,105,8,97,國泰-台南,2023-11-29,8884
00919,群益台灣精選高息,157,60,97,國泰-台南,2023-11-29,8884
2313,華通,297,210,87,國泰-台南,2023-11-29,8884
00687B,國泰20年美債,69,2,67,國泰-台南,2023-11-29,8884
2618,長榮航,70,4,66,國泰-台南,2023-11-29,8884
5328,華容,85,26,59,國泰-台南,2023-11-29,8884
2801,彰銀,51,3,48,國泰-台南,2023-11-29,8884
8054,安國,168,123,45,國泰-台南,2023-11-29,8884
00882,中信中國高股息,117,72,45,國泰-台南,2023-11-29,8884
2891,中信金,44,5,39,國泰-台南,2023-11-29,8884
00753L,中信中國50正2,38,0,38,國泰-台南,2023-11-29,8884
2329,華泰,265,228,37,國泰-台南,2023-11-29,8884
00676R,富邦臺灣加權反1,37,0,37,國泰-台南,2023-11-29,8884
5225,東科-KY,36,0,36,國泰-台南,2023-11-29,8884
00673R,期元大S＆P原油反1,138,102,36,國泰-台南,2023-11-29,8884
6161,捷波,43,8,35,國泰-台南,2023-11-29,8884
00712,復華富時不動產,93,58,35,國泰-台南,2023-11-29,8884
00918,大華優利高填息30,35,1,34,國泰-台南,2023-11-29,8884
00933B,國泰10Y+金融債,38,4,34,國泰-台南,2023-11-29,8884
3481,群創,33,0,33,國泰-台南,2023-11-29,8884
00632R,元大台灣50反1,30,0,30,國泰-台南,2023-11-29,8884
1516,川飛,30,0,30,國泰-台南,2023-11-29,8884
5608,四維航,43,14,29,國泰-台南,2023-11-29,8884
2460,建通,79,50,29,國泰-台南,2023-11-29,8884
00637L,元大滬深300正2,32,3,29,國泰-台南,2023-11-29,8884
2883,凱基金,116,90,26,國泰-台南,2023-11-29,8884
2367,燿華,37,12,25,國泰-台南,2023-11-29,8884
2402,毅嘉,36,14,22,國泰-台南,2023-11-29,8884
3049,精金,22,0,22,國泰-台南,2023-11-29,8884
1514,亞力,41,19,22,國泰-台南,2023-11-29,8884
1732,毛寶,24,2,22,國泰-台南,2023-11-29,8884
00636,國泰中國A50,21,0,21,國泰-台南,2023-11-29,8884
2734,易飛網,20,0,20,國泰-台南,2023-11-29,8884
4102,永日,20,0,20,國泰-台南,2023-11-29,8884
1101,台泥,25,6,19,國泰-台南,2023-11-29,8884
3623,富晶通,18,0,18,國泰-台南,2023-11-29,8884
2399,映泰,19,1,18,國泰-台南,2023-11-29,8884
6550,北極星藥業-KY,18,0,18,國泰-台南,2023-11-29,8884
5210,寶碩,20,3,17,國泰-台南,2023-11-29,8884
3483,力致,16,0,16,國泰-台南,2023-11-29,8884
3094,聯傑,33,17,16,國泰-台南,2023-11-29,8884
3266,昇陽,16,0,16,國泰-台南,2023-11-29,8884
3025,星通,27,11,16,國泰-台南,2023-11-29,8884
3047,訊舟,18,2,16,國泰-台南,2023-11-29,8884
00632R,元大台灣50反1,223,0,223,國泰-台南,2023-11-30,8884
2332,友訊,175,2,173,國泰-台南,2023-11-30,8884
00929,復華台灣科技優息,239,69,170,國泰-台南,2023-11-30,8884
00706L,期元大S＆P日圓正2,156,0,156,國泰-台南,2023-11-30,8884
00680L,元大美債20正2,158,6,152,國泰-台南,2023-11-30,8884
00673R,期元大S＆P原油反1,85,15,70,國泰-台南,2023-11-30,8884
3231,緯創,93,31,62,國泰-台南,2023-11-30,8884
00882,中信中國高股息,64,3,61,國泰-台南,2023-11-30,8884
6271,同欣電,116,65,51,國泰-台南,2023-11-30,8884
5210,寶碩,52,2,50,國泰-台南,2023-11-30,8884
00919,群益台灣精選高息,90,42,48,國泰-台南,2023-11-30,8884
00679B,元大美債20年,99,56,43,國泰-台南,2023-11-30,8884
00631L,元大台灣50正2,41,2,39,國泰-台南,2023-11-30,8884
3704,合勤控,53,19,34,國泰-台南,2023-11-30,8884
00934,中信成長高股息,34,0,34,國泰-台南,2023-11-30,8884
2353,宏��,43,12,31,國泰-台南,2023-11-30,8884
5521,工信,34,5,29,國泰-台南,2023-11-30,8884
2492,華新科,51,25,26,國泰-台南,2023-11-30,8884
2317,鴻海,21,0,21,國泰-台南,2023-11-30,8884
00915,凱基優選高股息30,20,0,20,國泰-台南,2023-11-30,8884
0056,元大高股息,39,19,20,國泰-台南,2023-11-30,8884
2313,華通,72,54,18,國泰-台南,2023-11-30,8884
2607,榮運,34,16,18,國泰-台南,2023-11-30,8884
00932,兆豐永續高息等權,19,1,18,國泰-台南,2023-11-30,8884
00936,台新永續高息中小,19,2,17,國泰-台南,2023-11-30,8884
4973,廣穎,18,1,17,國泰-台南,2023-11-30,8884
9934,成霖,16,0,16,國泰-台南,2023-11-30,8884
1325,恆大,32,17,15,國泰-台南,2023-11-30,8884
3049,精金,15,0,15,國泰-台南,2023-11-30,8884
6104,創惟,23,8,15,國泰-台南,2023-11-30,8884
2002,中鋼,24,9,15,國泰-台南,2023-11-30,8884
2009,第一銅,14,0,14,國泰-台南,2023-11-30,8884
2371,大同,15,1,14,國泰-台南,2023-11-30,8884
2801,彰銀,24,10,14,國泰-台南,2023-11-30,8884
6550,北極星藥業-KY,13,0,13,國泰-台南,2023-11-30,8884
2367,燿華,14,1,13,國泰-台南,2023-11-30,8884
5425,台半,27,15,12,國泰-台南,2023-11-30,8884
2610,華航,37,25,12,國泰-台南,2023-11-30,8884
4968,立積,14,2,12,國泰-台南,2023-11-30,8884
4142,國光生,12,0,12,國泰-台南,2023-11-30,8884
2402,毅嘉,24,12,12,國泰-台南,2023-11-30,8884
00687B,國泰20年美債,35,24,11,國泰-台南,2023-11-30,8884
2376,技嘉,30,19,11,國泰-台南,2023-11-30,8884
2609,陽明,13,2,11,國泰-台南,2023-11-30,8884
1516,川飛,11,0,11,國泰-台南,2023-11-30,8884
00669R,國泰美國道瓊反1,11,0,11,國泰-台南,2023-11-30,8884
1809,中釉,10,0,10,國泰-台南,2023-11-30,8884
6269,台郡,10,0,10,國泰-台南,2023-11-30,8884
3693,營邦,15,5,10,國泰-台南,2023-11-30,8884
00720B,元大投資級公司債,30,20,10,國泰-台南,2023-11-30,8884
00919,群益台灣精選高息,548,138,410,國泰-台南,2023-12-01,8884
00878,國泰永續高股息,333,51,282,國泰-台南,2023-12-01,8884
3213,茂訊,208,0,208,國泰-台南,2023-12-01,8884
00706L,期元大S＆P日圓正2,197,13,184,國泰-台南,2023-12-01,8884
1582,信錦,417,234,183,國泰-台南,2023-12-01,8884
2883,凱基金,190,44,146,國泰-台南,2023-12-01,8884
2801,彰銀,163,31,132,國泰-台南,2023-12-01,8884
00918,大華優利高填息30,135,6,129,國泰-台南,2023-12-01,8884
00929,復華台灣科技優息,213,118,95,國泰-台南,2023-12-01,8884
5009,榮剛,91,18,73,國泰-台南,2023-12-01,8884
00751B,元大AAA至A公司債,70,0,70,國泰-台南,2023-12-01,8884
1514,亞力,95,31,64,國泰-台南,2023-12-01,8884
00688L,國泰20年美債正2,63,0,63,國泰-台南,2023-12-01,8884
2891,中信金,69,9,60,國泰-台南,2023-12-01,8884
00680L,元大美債20正2,59,0,59,國泰-台南,2023-12-01,8884
2460,建通,45,1,44,國泰-台南,2023-12-01,8884
00687B,國泰20年美債,97,55,42,國泰-台南,2023-12-01,8884
2886,兆豐金,60,19,41,國泰-台南,2023-12-01,8884
2516,新建,40,0,40,國泰-台南,2023-12-01,8884
1101,台泥,46,7,39,國泰-台南,2023-12-01,8884
3706,神達,64,27,37,國泰-台南,2023-12-01,8884
00720B,元大投資級公司債,38,0,38,國泰-台南,2023-12-01,8884
6550,北極星藥業-KY,36,1,35,國泰-台南,2023-12-01,8884
00882,中信中國高股息,38,4,34,國泰-台南,2023-12-01,8884
2888,新光金,34,0,34,國泰-台南,2023-12-01,8884
3013,晟銘電,75,42,33,國泰-台南,2023-12-01,8884
00665L,富邦�琤肭磪囓�2,43,11,32,國泰-台南,2023-12-01,8884
2363,矽統,83,57,26,國泰-台南,2023-12-01,8884
00715L,期街口布蘭特正2,53,28,25,國泰-台南,2023-12-01,8884
00679B,元大美債20年,26,1,25,國泰-台南,2023-12-01,8884
2002,中鋼,33,8,25,國泰-台南,2023-12-01,8884
2376,技嘉,54,29,25,國泰-台南,2023-12-01,8884
6282,康舒,62,38,24,國泰-台南,2023-12-01,8884
00642U,期元大S＆P石油,23,0,23,國泰-台南,2023-12-01,8884
2317,鴻海,29,6,23,國泰-台南,2023-12-01,8884
00637L,元大滬深300正2,32,10,22,國泰-台南,2023-12-01,8884
00713,元大台灣高息低波,24,2,22,國泰-台南,2023-12-01,8884
2884,玉山金,23,1,22,國泰-台南,2023-12-01,8884
6122,擎邦,21,0,21,國泰-台南,2023-12-01,8884
00722B,群益投資級電信債,22,2,20,國泰-台南,2023-12-01,8884
8096,擎亞,92,72,20,國泰-台南,2023-12-01,8884
5328,華容,132,112,20,國泰-台南,2023-12-01,8884
8086,宏捷科,27,9,18,國泰-台南,2023-12-01,8884
2303,聯電,31,14,17,國泰-台南,2023-12-01,8884
1815,富喬,23,6,17,國泰-台南,2023-12-01,8884
3322,建舜電,17,0,17,國泰-台南,2023-12-01,8884
2482,連宇,17,0,17,國泰-台南,2023-12-01,8884
6257,矽格,29,12,17,國泰-台南,2023-12-01,8884
2313,華通,62,46,16,國泰-台南,2023-12-01,8884
3702,大聯大,21,6,15,國泰-台南,2023-12-01,8884
00919,群益台灣精選高息,275,119,156,國泰-台南,2023-12-04,8884
00665L,富邦�琤肭磪囓�2,151,0,151,國泰-台南,2023-12-04,8884
2355,敬鵬,276,133,143,國泰-台南,2023-12-04,8884
2883,凱基金,156,15,141,國泰-台南,2023-12-04,8884
00712,復華富時不動產,132,20,112,國泰-台南,2023-12-04,8884
2332,友訊,108,4,104,國泰-台南,2023-12-04,8884
00679B,元大美債20年,118,20,98,國泰-台南,2023-12-04,8884
2329,華泰,263,173,90,國泰-台南,2023-12-04,8884
00933B,國泰10Y+金融債,94,10,84,國泰-台南,2023-12-04,8884
00929,復華台灣科技優息,212,131,81,國泰-台南,2023-12-04,8884
2634,漢翔,91,16,75,國泰-台南,2023-12-04,8884
9919,康那香,245,170,75,國泰-台南,2023-12-04,8884
5426,振發,73,1,72,國泰-台南,2023-12-04,8884
00885,富邦越南,65,3,62,國泰-台南,2023-12-04,8884
2402,毅嘉,67,8,59,國泰-台南,2023-12-04,8884
1605,華新,112,54,58,國泰-台南,2023-12-04,8884
2812,台中銀,64,6,58,國泰-台南,2023-12-04,8884
3041,揚智,55,5,50,國泰-台南,2023-12-04,8884
6288,聯嘉,64,17,47,國泰-台南,2023-12-04,8884
00642U,期元大S＆P石油,43,0,43,國泰-台南,2023-12-04,8884
00632R,元大台灣50反1,47,4,43,國泰-台南,2023-12-04,8884
2891,中信金,43,4,39,國泰-台南,2023-12-04,8884
2617,台航,51,12,39,國泰-台南,2023-12-04,8884
2460,建通,70,33,37,國泰-台南,2023-12-04,8884
1504,東元,50,16,34,國泰-台南,2023-12-04,8884
00752,中信中國50,33,0,33,國泰-台南,2023-12-04,8884
3715,定穎投控,96,63,33,國泰-台南,2023-12-04,8884
00882,中信中國高股息,57,25,32,國泰-台南,2023-12-04,8884
2637,慧洋-KY,71,40,31,國泰-台南,2023-12-04,8884
2062,橋椿,30,0,30,國泰-台南,2023-12-04,8884
00795B,中信美國公債20年,30,1,29,國泰-台南,2023-12-04,8884
1815,富喬,33,4,29,國泰-台南,2023-12-04,8884
2542,興富發,29,0,29,國泰-台南,2023-12-04,8884
2204,中華,30,3,27,國泰-台南,2023-12-04,8884
00757,統一FANG+,27,0,27,國泰-台南,2023-12-04,8884
3380,明泰,35,9,26,國泰-台南,2023-12-04,8884
1514,亞力,81,57,24,國泰-台南,2023-12-04,8884
1447,力鵬,23,0,23,國泰-台南,2023-12-04,8884
8086,宏捷科,32,9,23,國泰-台南,2023-12-04,8884
2313,華通,107,84,23,國泰-台南,2023-12-04,8884
5347,世界,41,19,22,國泰-台南,2023-12-04,8884
4908,前鼎,23,1,22,國泰-台南,2023-12-04,8884
6276,安鈦克,23,1,22,國泰-台南,2023-12-04,8884
3231,緯創,63,42,21,國泰-台南,2023-12-04,8884
00713,元大台灣高息低波,23,2,21,國泰-台南,2023-12-04,8884
3005,神基,45,25,20,國泰-台南,2023-12-04,8884
8210,勤誠,45,25,20,國泰-台南,2023-12-04,8884
2884,玉山金,22,2,20,國泰-台南,2023-12-04,8884
5905,南仁湖,19,0,19,國泰-台南,2023-12-04,8884
1609,大亞,21,2,19,國泰-台南,2023-12-04,8884
00937B,群益ESG投等債20,757,67,690,國泰-台南,2023-12-05,8884
00919,群益台灣精選高息,488,158,330,國泰-台南,2023-12-05,8884
00706L,期元大S＆P日圓正2,300,0,300,國泰-台南,2023-12-05,8884
2883,凱基金,264,28,236,國泰-台南,2023-12-05,8884
00720B,元大投資級公司債,173,3,170,國泰-台南,2023-12-05,8884
00878,國泰永續高股息,263,118,145,國泰-台南,2023-12-05,8884
00882,中信中國高股息,124,4,120,國泰-台南,2023-12-05,8884
5608,四維航,213,101,112,國泰-台南,2023-12-05,8884
00712,復華富時不動產,172,71,101,國泰-台南,2023-12-05,8884
00857B,永豐20年美公債,92,1,91,國泰-台南,2023-12-05,8884
2515,中工,96,8,88,國泰-台南,2023-12-05,8884
006208,富邦台50,83,1,82,國泰-台南,2023-12-05,8884
00929,復華台灣科技優息,196,117,79,國泰-台南,2023-12-05,8884
2606,裕民,388,312,76,國泰-台南,2023-12-05,8884
00679B,元大美債20年,93,20,73,國泰-台南,2023-12-05,8884
1605,華新,80,9,71,國泰-台南,2023-12-05,8884
2891,中信金,79,10,69,國泰-台南,2023-12-05,8884
3645,達邁,68,1,67,國泰-台南,2023-12-05,8884
00687B,國泰20年美債,98,37,61,國泰-台南,2023-12-05,8884
2611,志信,63,3,60,國泰-台南,2023-12-05,8884
00922,國泰台灣領袖50,76,17,59,國泰-台南,2023-12-05,8884
2489,瑞軒,60,2,58,國泰-台南,2023-12-05,8884
5864,致和證,71,15,56,國泰-台南,2023-12-05,8884
2355,敬鵬,103,60,43,國泰-台南,2023-12-05,8884
2601,益航,65,23,42,國泰-台南,2023-12-05,8884
6117,迎廣,121,80,41,國泰-台南,2023-12-05,8884
00753L,中信中國50正2,41,1,40,國泰-台南,2023-12-05,8884
00688L,國泰20年美債正2,37,0,37,國泰-台南,2023-12-05,8884
5347,世界,48,11,37,國泰-台南,2023-12-05,8884
00935,野村臺灣新科技50,43,7,36,國泰-台南,2023-12-05,8884
2363,矽統,65,30,35,國泰-台南,2023-12-05,8884
2605,新興,243,209,34,國泰-台南,2023-12-05,8884
1781,合世,34,0,34,國泰-台南,2023-12-05,8884
2367,燿華,91,57,34,國泰-台南,2023-12-05,8884
9945,潤泰新,30,0,30,國泰-台南,2023-12-05,8884
00650L,復華香港正2,40,10,30,國泰-台南,2023-12-05,8884
00934,中信成長高股息,30,0,30,國泰-台南,2023-12-05,8884
00642U,期元大S＆P石油,29,0,29,國泰-台南,2023-12-05,8884
0056,元大高股息,56,27,29,國泰-台南,2023-12-05,8884
00933B,國泰10Y+金融債,34,5,29,國泰-台南,2023-12-05,8884
2412,中華電,30,3,27,國泰-台南,2023-12-05,8884
4167,松瑞藥,195,168,27,國泰-台南,2023-12-05,8884
2887,台新金,31,5,26,國泰-台南,2023-12-05,8884
5521,工信,34,8,26,國泰-台南,2023-12-05,8884
00637L,元大滬深300正2,41,15,26,國泰-台南,2023-12-05,8884
2618,長榮航,40,15,25,國泰-台南,2023-12-05,8884
2636,台驊控股,25,0,25,國泰-台南,2023-12-05,8884
00885,富邦越南,36,12,24,國泰-台南,2023-12-05,8884
2303,聯電,26,2,24,國泰-台南,2023-12-05,8884
1515,力山,26,2,24,國泰-台南,2023-12-05,8884
00937B,群益ESG投等債20,651,152,499,國泰-台南,2023-12-06,8884
00720B,元大投資級公司債,261,1,260,國泰-台南,2023-12-06,8884
00688L,國泰20年美債正2,239,17,222,國泰-台南,2023-12-06,8884
4167,松瑞藥,249,36,213,國泰-台南,2023-12-06,8884
00637L,元大滬深300正2,213,1,212,國泰-台南,2023-12-06,8884
00933B,國泰10Y+金融債,170,3,167,國泰-台南,2023-12-06,8884
00687B,國泰20年美債,248,85,163,國泰-台南,2023-12-06,8884
2897,王道銀行,156,0,156,國泰-台南,2023-12-06,8884
2355,敬鵬,275,169,106,國泰-台南,2023-12-06,8884
1616,億泰,95,2,93,國泰-台南,2023-12-06,8884
00632R,元大台灣50反1,120,40,80,國泰-台南,2023-12-06,8884
6241,易通展,75,1,74,國泰-台南,2023-12-06,8884
00918,大華優利高填息30,75,1,74,國泰-台南,2023-12-06,8884
2641,正德,213,141,72,國泰-台南,2023-12-06,8884
8088,品安,78,9,69,國泰-台南,2023-12-06,8884
3481,群創,81,14,67,國泰-台南,2023-12-06,8884
00919,群益台灣精選高息,195,132,63,國泰-台南,2023-12-06,8884
2801,彰銀,75,19,56,國泰-台南,2023-12-06,8884
00934,中信成長高股息,52,2,50,國泰-台南,2023-12-06,8884
2409,友達,55,6,49,國泰-台南,2023-12-06,8884
2329,華泰,200,151,49,國泰-台南,2023-12-06,8884
6916,華凌,50,2,48,國泰-台南,2023-12-06,8884
00712,復華富時不動產,87,40,47,國泰-台南,2023-12-06,8884
2605,新興,186,144,42,國泰-台南,2023-12-06,8884
2344,華邦電,40,4,36,國泰-台南,2023-12-06,8884
2888,新光金,31,0,31,國泰-台南,2023-12-06,8884
6550,北極星藥業-KY,30,0,30,國泰-台南,2023-12-06,8884
2371,大同,36,7,29,國泰-台南,2023-12-06,8884
00715L,期街口布蘭特正2,42,13,29,國泰-台南,2023-12-06,8884
1529,樂事綠能,56,28,28,國泰-台南,2023-12-06,8884
00931B,統一美債20年,65,39,26,國泰-台南,2023-12-06,8884
2367,燿華,74,49,25,國泰-台南,2023-12-06,8884
00882,中信中國高股息,32,8,24,國泰-台南,2023-12-06,8884
3035,智原,44,19,25,國泰-台南,2023-12-06,8884
2405,輔信,26,2,24,國泰-台南,2023-12-06,8884
00885,富邦越南,27,4,23,國泰-台南,2023-12-06,8884
1504,東元,38,17,21,國泰-台南,2023-12-06,8884
2542,興富發,22,1,21,國泰-台南,2023-12-06,8884
6147,頎邦,20,0,20,國泰-台南,2023-12-06,8884
1515,力山,23,4,19,國泰-台南,2023-12-06,8884
2363,矽統,35,17,18,國泰-台南,2023-12-06,8884
00764B,群益25年美債,18,0,18,國泰-台南,2023-12-06,8884
00725B,國泰投資級公司債,17,0,17,國泰-台南,2023-12-06,8884
00679B,元大美債20年,76,60,16,國泰-台南,2023-12-06,8884
1319,東陽,98,81,17,國泰-台南,2023-12-06,8884
00936,台新永續高息中小,16,0,16,國泰-台南,2023-12-06,8884
2489,瑞軒,22,6,16,國泰-台南,2023-12-06,8884
1514,亞力,300,284,16,國泰-台南,2023-12-06,8884
6213,聯茂,21,6,15,國泰-台南,2023-12-06,8884
2419,仲琦,275,260,15,國泰-台南,2023-12-06,8884
00919,群益台灣精選高息,639,10,629,國泰-台南,2023-12-07,8884
00937B,群益ESG投等債20,554,232,322,國泰-台南,2023-12-07,8884
2610,華航,358,77,281,國泰-台南,2023-12-07,8884
2618,長榮航,345,93,252,國泰-台南,2023-12-07,8884
00637L,元大滬深300正2,157,27,130,國泰-台南,2023-12-07,8884
00929,復華台灣科技優息,284,165,119,國泰-台南,2023-12-07,8884
00680L,元大美債20正2,282,167,115,國泰-台南,2023-12-07,8884
3041,揚智,207,98,109,國泰-台南,2023-12-07,8884
00679B,元大美債20年,129,24,105,國泰-台南,2023-12-07,8884
3213,茂訊,97,6,91,國泰-台南,2023-12-07,8884
2891,中信金,90,3,87,國泰-台南,2023-12-07,8884
3058,立德,83,0,83,國泰-台南,2023-12-07,8884
00934,中信成長高股息,84,4,80,國泰-台南,2023-12-07,8884
2641,正德,87,11,76,國泰-台南,2023-12-07,8884
00715L,期街口布蘭特正2,146,70,76,國泰-台南,2023-12-07,8884
00878,國泰永續高股息,120,50,70,國泰-台南,2023-12-07,8884
00882,中信中國高股息,71,5,66,國泰-台南,2023-12-07,8884
00632R,元大台灣50反1,158,92,66,國泰-台南,2023-12-07,8884
00918,大華優利高填息30,89,30,59,國泰-台南,2023-12-07,8884
00857B,永豐20年美公債,56,1,55,國泰-台南,2023-12-07,8884
00687B,國泰20年美債,184,129,55,國泰-台南,2023-12-07,8884
2883,凱基金,58,4,54,國泰-台南,2023-12-07,8884
00642U,期元大S＆P石油,53,2,51,國泰-台南,2023-12-07,8884
00933B,國泰10Y+金融債,103,54,49,國泰-台南,2023-12-07,8884
2399,映泰,90,41,49,國泰-台南,2023-12-07,8884
0050,元大台灣50,49,0,49,國泰-台南,2023-12-07,8884
4561,健椿,77,32,45,國泰-台南,2023-12-07,8884
2611,志信,42,1,41,國泰-台南,2023-12-07,8884
4967,十銓,71,31,40,國泰-台南,2023-12-07,8884
2359,所羅門,64,24,40,國泰-台南,2023-12-07,8884
3715,定穎投控,69,29,40,國泰-台南,2023-12-07,8884
2888,新光金,40,4,36,國泰-台南,2023-12-07,8884
00706L,期元大S＆P日圓正2,149,113,36,國泰-台南,2023-12-07,8884
1529,樂事綠能,209,175,34,國泰-台南,2023-12-07,8884
4533,協易機,88,55,33,國泰-台南,2023-12-07,8884
2358,廷鑫,33,0,33,國泰-台南,2023-12-07,8884
4939,亞電,33,2,31,國泰-台南,2023-12-07,8884
2882,國泰金,38,10,28,國泰-台南,2023-12-07,8884
00751B,元大AAA至A公司債,41,12,29,國泰-台南,2023-12-07,8884
5521,工信,63,37,26,國泰-台南,2023-12-07,8884
00752,中信中國50,26,0,26,國泰-台南,2023-12-07,8884
1605,華新,36,10,26,國泰-台南,2023-12-07,8884
6770,力積電,50,25,25,國泰-台南,2023-12-07,8884
2897,王道銀行,24,0,24,國泰-台南,2023-12-07,8884
00720B,元大投資級公司債,70,46,24,國泰-台南,2023-12-07,8884
2886,兆豐金,26,3,23,國泰-台南,2023-12-07,8884
5864,致和證,25,2,23,國泰-台南,2023-12-07,8884
00631L,元大台灣50正2,22,0,22,國泰-台南,2023-12-07,8884
00773B,中信優先金融債,24,2,22,國泰-台南,2023-12-07,8884
2025,千興,28,6,22,國泰-台南,2023-12-07,8884
3231,緯創,435,48,387,國泰-台南,2023-12-08,8884
1618,合機,393,82,311,國泰-台南,2023-12-08,8884
00687B,國泰20年美債,314,6,308,國泰-台南,2023-12-08,8884
00919,群益台灣精選高息,380,130,250,國泰-台南,2023-12-08,8884
2329,華泰,192,65,127,國泰-台南,2023-12-08,8884
00882,中信中國高股息,125,15,110,國泰-台南,2023-12-08,8884
00715L,期街口布蘭特正2,140,33,107,國泰-台南,2023-12-08,8884
00712,復華富時不動產,111,13,98,國泰-台南,2023-12-08,8884
00720B,元大投資級公司債,93,10,83,國泰-台南,2023-12-08,8884
00632R,元大台灣50反1,282,203,79,國泰-台南,2023-12-08,8884
6695,芯鼎,126,56,70,國泰-台南,2023-12-08,8884
6282,康舒,56,3,53,國泰-台南,2023-12-08,8884
00751B,元大AAA至A公司債,55,4,51,國泰-台南,2023-12-08,8884
00933B,國泰10Y+金融債,51,11,40,國泰-台南,2023-12-08,8884
1815,富喬,56,18,38,國泰-台南,2023-12-08,8884
00680L,元大美債20正2,93,56,37,國泰-台南,2023-12-08,8884
2888,新光金,36,1,35,國泰-台南,2023-12-08,8884
2605,新興,149,114,35,國泰-台南,2023-12-08,8884
2376,技嘉,82,47,35,國泰-台南,2023-12-08,8884
5351,鈺創,79,45,34,國泰-台南,2023-12-08,8884
2882,國泰金,35,1,34,國泰-台南,2023-12-08,8884
6698,旭暉應材,30,0,30,國泰-台南,2023-12-08,8884
2002,中鋼,42,12,30,國泰-台南,2023-12-08,8884
00679B,元大美債20年,50,21,29,國泰-台南,2023-12-08,8884
00706L,期元大S＆P日圓正2,331,302,29,國泰-台南,2023-12-08,8884
1609,大亞,204,175,29,國泰-台南,2023-12-08,8884
00645,富邦日本,27,0,27,國泰-台南,2023-12-08,8884
4906,正文,34,7,27,國泰-台南,2023-12-08,8884
6005,群益證,24,1,23,國泰-台南,2023-12-08,8884
8936,國統,42,18,24,國泰-台南,2023-12-08,8884
00642U,期元大S＆P石油,22,0,22,國泰-台南,2023-12-08,8884
2405,輔信,53,33,20,國泰-台南,2023-12-08,8884
5011,久陽,20,0,20,國泰-台南,2023-12-08,8884
00795B,中信美國公債20年,22,2,20,國泰-台南,2023-12-08,8884
3450,聯鈞,33,14,19,國泰-台南,2023-12-08,8884
00637L,元大滬深300正2,21,2,19,國泰-台南,2023-12-08,8884
2017,官田鋼,32,15,17,國泰-台南,2023-12-08,8884
4533,協易機,35,18,17,國泰-台南,2023-12-08,8884
8446,華研,20,4,16,國泰-台南,2023-12-08,8884
2401,凌陽,22,6,16,國泰-台南,2023-12-08,8884
6799,來頡,20,5,15,國泰-台南,2023-12-08,8884
3013,晟銘電,133,118,15,國泰-台南,2023-12-08,8884
5488,松普,16,1,15,國泰-台南,2023-12-08,8884
2399,映泰,24,9,15,國泰-台南,2023-12-08,8884
1529,樂事綠能,48,33,15,國泰-台南,2023-12-08,8884
00936,台新永續高息中小,15,1,14,國泰-台南,2023-12-08,8884
2816,旺旺保,22,8,14,國泰-台南,2023-12-08,8884
00915,凱基優選高股息30,14,0,14,國泰-台南,2023-12-08,8884
2314,台揚,19,5,14,國泰-台南,2023-12-08,8884
1524,耿鼎,174,160,14,國泰-台南,2023-12-08,8884
1515,力山,354,31,323,國泰-台南,2023-12-11,8884
2002,中鋼,260,1,259,國泰-台南,2023-12-11,8884
00919,群益台灣精選高息,497,275,222,國泰-台南,2023-12-11,8884
00937B,群益ESG投等債20,277,63,214,國泰-台南,2023-12-11,8884
00929,復華台灣科技優息,389,176,213,國泰-台南,2023-12-11,8884
00882,中信中國高股息,244,32,212,國泰-台南,2023-12-11,8884
2867,三商壽,224,16,208,國泰-台南,2023-12-11,8884
00665L,富邦�琤肭磪囓�2,197,19,178,國泰-台南,2023-12-11,8884
00637L,元大滬深300正2,141,11,130,國泰-台南,2023-12-11,8884
00687B,國泰20年美債,182,53,129,國泰-台南,2023-12-11,8884
00688L,國泰20年美債正2,246,132,114,國泰-台南,2023-12-11,8884
3013,晟銘電,130,32,98,國泰-台南,2023-12-11,8884
00934,中信成長高股息,109,11,98,國泰-台南,2023-12-11,8884
00715L,期街口布蘭特正2,194,96,98,國泰-台南,2023-12-11,8884
00918,大華優利高填息30,109,24,85,國泰-台南,2023-12-11,8884
2388,威盛,123,42,81,國泰-台南,2023-12-11,8884
00679B,元大美債20年,86,14,72,國泰-台南,2023-12-11,8884
2888,新光金,73,3,70,國泰-台南,2023-12-11,8884
3231,緯創,123,57,66,國泰-台南,2023-12-11,8884
2515,中工,73,11,62,國泰-台南,2023-12-11,8884
00712,復華富時不動產,166,107,59,國泰-台南,2023-12-11,8884
1524,耿鼎,189,135,54,國泰-台南,2023-12-11,8884
6282,康舒,76,29,47,國泰-台南,2023-12-11,8884
2610,華航,65,27,38,國泰-台南,2023-12-11,8884
8354,冠好,39,2,37,國泰-台南,2023-12-11,8884
1609,大亞,68,31,37,國泰-台南,2023-12-11,8884
3078,僑威,52,17,35,國泰-台南,2023-12-11,8884
2331,精英,39,5,34,國泰-台南,2023-12-11,8884
2886,兆豐金,34,0,34,國泰-台南,2023-12-11,8884
00642U,期元大S＆P石油,44,11,33,國泰-台南,2023-12-11,8884
00632R,元大台灣50反1,31,0,31,國泰-台南,2023-12-11,8884
2312,金寶,32,1,31,國泰-台南,2023-12-11,8884
1909,榮成,30,0,30,國泰-台南,2023-12-11,8884
2401,凌陽,45,15,30,國泰-台南,2023-12-11,8884
1504,東元,45,16,29,國泰-台南,2023-12-11,8884
2605,新興,119,90,29,國泰-台南,2023-12-11,8884
1513,中興電,57,29,28,國泰-台南,2023-12-11,8884
00933B,國泰10Y+金融債,39,11,28,國泰-台南,2023-12-11,8884
6550,北極星藥業-KY,28,1,27,國泰-台南,2023-12-11,8884
2889,國票金,26,0,26,國泰-台南,2023-12-11,8884
2317,鴻海,31,5,26,國泰-台南,2023-12-11,8884
00703,台新MSCI中國,25,0,25,國泰-台南,2023-12-11,8884
00857B,永豐20年美公債,25,0,25,國泰-台南,2023-12-11,8884
00720B,元大投資級公司債,34,10,24,國泰-台南,2023-12-11,8884
2882,國泰金,31,7,24,國泰-台南,2023-12-11,8884
4967,十銓,60,37,23,國泰-台南,2023-12-11,8884
00752,中信中國50,23,0,23,國泰-台南,2023-12-11,8884
2634,漢翔,22,1,21,國泰-台南,2023-12-11,8884
2881,富邦金,24,3,21,國泰-台南,2023-12-11,8884
00738U,期元大道瓊白銀,20,0,20,國泰-台南,2023-12-11,8884
5521,工信,656,214,442,國泰-台南,2023-12-12,8884
00919,群益台灣精選高息,579,174,405,國泰-台南,2023-12-12,8884
00687B,國泰20年美債,371,9,362,國泰-台南,2023-12-12,8884
00878,國泰永續高股息,360,115,245,國泰-台南,2023-12-12,8884
2337,旺宏,205,3,202,國泰-台南,2023-12-12,8884
00937B,群益ESG投等債20,159,5,154,國泰-台南,2023-12-12,8884
8011,台通,159,48,111,國泰-台南,2023-12-12,8884
00918,大華優利高填息30,104,12,92,國泰-台南,2023-12-12,8884
2002,中鋼,84,7,77,國泰-台南,2023-12-12,8884
00679B,元大美債20年,81,5,76,國泰-台南,2023-12-12,8884
2516,新建,93,17,76,國泰-台南,2023-12-12,8884
00680L,元大美債20正2,76,10,66,國泰-台南,2023-12-12,8884
3231,緯創,121,56,65,國泰-台南,2023-12-12,8884
8054,安國,412,350,62,國泰-台南,2023-12-12,8884
2313,華通,118,58,60,國泰-台南,2023-12-12,8884
00632R,元大台灣50反1,69,10,59,國泰-台南,2023-12-12,8884
00706L,期元大S＆P日圓正2,45,0,45,國泰-台南,2023-12-12,8884
1618,合機,242,201,41,國泰-台南,2023-12-12,8884
3710,連展投控,37,0,37,國泰-台南,2023-12-12,8884
00934,中信成長高股息,40,4,36,國泰-台南,2023-12-12,8884
2867,三商壽,52,16,36,國泰-台南,2023-12-12,8884
00665L,富邦�琤肭磪囓�2,45,11,34,國泰-台南,2023-12-12,8884
3285,微端,37,5,32,國泰-台南,2023-12-12,8884
8215,明基材,31,0,31,國泰-台南,2023-12-12,8884
00720B,元大投資級公司債,31,1,30,國泰-台南,2023-12-12,8884
00931B,統一美債20年,35,7,28,國泰-台南,2023-12-12,8884
8096,擎亞,98,71,27,國泰-台南,2023-12-12,8884
2367,燿華,37,11,26,國泰-台南,2023-12-12,8884
2324,仁寶,41,17,24,國泰-台南,2023-12-12,8884
00896,中信綠能及電動車,22,0,22,國泰-台南,2023-12-12,8884
6550,北極星藥業-KY,21,0,21,國泰-台南,2023-12-12,8884
00642U,期元大S＆P石油,21,0,21,國泰-台南,2023-12-12,8884
00752,中信中國50,30,10,20,國泰-台南,2023-12-12,8884
2641,正德,29,9,20,國泰-台南,2023-12-12,8884
8034,榮群,55,36,19,國泰-台南,2023-12-12,8884
2537,聯上發,18,0,18,國泰-台南,2023-12-12,8884
3694,海華,43,25,18,國泰-台南,2023-12-12,8884
4967,十銓,51,34,17,國泰-台南,2023-12-12,8884
9921,巨大,20,3,17,國泰-台南,2023-12-12,8884
00751B,元大AAA至A公司債,16,0,16,國泰-台南,2023-12-12,8884
3211,順達,16,0,16,國泰-台南,2023-12-12,8884
00935,野村臺灣新科技50,19,4,15,國泰-台南,2023-12-12,8884
8936,國統,45,30,15,國泰-台南,2023-12-12,8884
1108,幸福,15,1,14,國泰-台南,2023-12-12,8884
2104,國際中橡,14,0,14,國泰-台南,2023-12-12,8884
3122,笙泉,23,9,14,國泰-台南,2023-12-12,8884
2308,台達電,16,2,14,國泰-台南,2023-12-12,8884
6156,松上,19,6,13,國泰-台南,2023-12-12,8884
00670L,富邦NASDAQ正2,13,0,13,國泰-台南,2023-12-12,8884
2886,兆豐金,25,13,12,國泰-台南,2023-12-12,8884
00918,大華優利高填息30,738,8,730,國泰-台南,2023-12-13,8884
8096,擎亞,445,78,367,國泰-台南,2023-12-13,8884
00637L,元大滬深300正2,356,9,347,國泰-台南,2023-12-13,8884
2610,華航,351,14,337,國泰-台南,2023-12-13,8884
00715L,期街口布蘭特正2,377,70,307,國泰-台南,2023-12-13,8884
2867,三商壽,315,44,271,國泰-台南,2023-12-13,8884
8011,台通,312,45,267,國泰-台南,2023-12-13,8884
00919,群益台灣精選高息,556,364,192,國泰-台南,2023-12-13,8884
00751B,元大AAA至A公司債,176,1,175,國泰-台南,2023-12-13,8884
00665L,富邦�琤肭磪囓�2,179,23,156,國泰-台南,2023-12-13,8884
00679B,元大美債20年,164,12,152,國泰-台南,2023-12-13,8884
00687B,國泰20年美債,182,35,147,國泰-台南,2023-12-13,8884
3047,訊舟,117,3,114,國泰-台南,2023-12-13,8884
6265,方土昶,110,2,108,國泰-台南,2023-12-13,8884
00882,中信中國高股息,115,10,105,國泰-台南,2023-12-13,8884
00688L,國泰20年美債正2,100,0,100,國泰-台南,2023-12-13,8884
2516,新建,107,18,89,國泰-台南,2023-12-13,8884
00929,復華台灣科技優息,416,331,85,國泰-台南,2023-12-13,8884
00933B,國泰10Y+金融債,92,8,84,國泰-台南,2023-12-13,8884
2002,中鋼,76,2,74,國泰-台南,2023-12-13,8884
00720B,元大投資級公司債,79,8,71,國泰-台南,2023-12-13,8884
00642U,期元大S＆P石油,72,5,67,國泰-台南,2023-12-13,8884
00632R,元大台灣50反1,59,1,58,國泰-台南,2023-12-13,8884
4939,亞電,54,1,53,國泰-台南,2023-12-13,8884
00712,復華富時不動產,137,86,51,國泰-台南,2023-12-13,8884
2462,良得電,43,0,43,國泰-台南,2023-12-13,8884
00673R,期元大S＆P原油反1,60,20,40,國泰-台南,2023-12-13,8884
2641,正德,45,5,40,國泰-台南,2023-12-13,8884
2888,新光金,46,7,39,國泰-台南,2023-12-13,8884
2618,長榮航,63,26,37,國泰-台南,2023-12-13,8884
2882,國泰金,41,4,37,國泰-台南,2023-12-13,8884
2812,台中銀,40,4,36,國泰-台南,2023-12-13,8884
00922,國泰台灣領袖50,43,7,36,國泰-台南,2023-12-13,8884
1609,大亞,42,7,35,國泰-台南,2023-12-13,8884
2371,大同,44,12,32,國泰-台南,2023-12-13,8884
6233,旺玖,76,45,31,國泰-台南,2023-12-13,8884
6182,合晶,112,82,30,國泰-台南,2023-12-13,8884
2204,中華,37,8,29,國泰-台南,2023-12-13,8884
2387,精元,43,14,29,國泰-台南,2023-12-13,8884
9105,泰金寶-DR,234,206,28,國泰-台南,2023-12-13,8884
2014,中鴻,36,8,28,國泰-台南,2023-12-13,8884
4909,新復興,87,60,27,國泰-台南,2023-12-13,8884
00935,野村臺灣新科技50,26,0,26,國泰-台南,2023-12-13,8884
2105,正新,26,0,26,國泰-台南,2023-12-13,8884
2886,兆豐金,27,2,25,國泰-台南,2023-12-13,8884
1584,精剛,35,10,25,國泰-台南,2023-12-13,8884
6282,康舒,81,56,25,國泰-台南,2023-12-13,8884
00676R,富邦臺灣加權反1,24,0,24,國泰-台南,2023-12-13,8884
5011,久陽,48,24,24,國泰-台南,2023-12-13,8884
5388,中磊,37,14,23,國泰-台南,2023-12-13,8884
5521,工信,1130,240,890,國泰-台南,2023-12-14,8884
00919,群益台灣精選高息,538,100,438,國泰-台南,2023-12-14,8884
00680L,元大美債20正2,498,170,328,國泰-台南,2023-12-14,8884
00688L,國泰20年美債正2,336,33,303,國泰-台南,2023-12-14,8884
00687B,國泰20年美債,331,36,295,國泰-台南,2023-12-14,8884
00936,台新永續高息中小,194,2,192,國泰-台南,2023-12-14,8884
00882,中信中國高股息,188,21,167,國泰-台南,2023-12-14,8884
00645,富邦日本,137,1,136,國泰-台南,2023-12-14,8884
8011,台通,121,24,97,國泰-台南,2023-12-14,8884
00933B,國泰10Y+金融債,99,6,93,國泰-台南,2023-12-14,8884
00720B,元大投資級公司債,101,22,79,國泰-台南,2023-12-14,8884
8054,安國,155,84,71,國泰-台南,2023-12-14,8884
00918,大華優利高填息30,87,23,64,國泰-台南,2023-12-14,8884
2867,三商壽,77,13,64,國泰-台南,2023-12-14,8884
00751B,元大AAA至A公司債,78,15,63,國泰-台南,2023-12-14,8884
1524,耿鼎,217,157,60,國泰-台南,2023-12-14,8884
00937B,群益ESG投等債20,222,163,59,國泰-台南,2023-12-14,8884
3231,緯創,171,116,55,國泰-台南,2023-12-14,8884
2365,昆盈,130,79,51,國泰-台南,2023-12-14,8884
00679B,元大美債20年,80,30,50,國泰-台南,2023-12-14,8884
2313,華通,294,248,46,國泰-台南,2023-12-14,8884
00934,中信成長高股息,48,3,45,國泰-台南,2023-12-14,8884
2887,台新金,101,58,43,國泰-台南,2023-12-14,8884
3715,定穎投控,102,60,42,國泰-台南,2023-12-14,8884
2204,中華,53,11,42,國泰-台南,2023-12-14,8884
020018,統一價值成長30N,41,0,41,國泰-台南,2023-12-14,8884
00670L,富邦NASDAQ正2,39,0,39,國泰-台南,2023-12-14,8884
1316,上曜,40,2,38,國泰-台南,2023-12-14,8884
00637L,元大滬深300正2,50,12,38,國泰-台南,2023-12-14,8884
3338,泰碩,35,0,35,國泰-台南,2023-12-14,8884
00935,野村臺灣新科技50,45,11,34,國泰-台南,2023-12-14,8884
5864,致和證,32,0,32,國泰-台南,2023-12-14,8884
00722B,群益投資級電信債,33,2,31,國泰-台南,2023-12-14,8884
020037,元大金融高股息N,29,0,29,國泰-台南,2023-12-14,8884
3437,榮創,34,6,28,國泰-台南,2023-12-14,8884
6244,茂迪,28,1,27,國泰-台南,2023-12-14,8884
2002,中鋼,27,4,23,國泰-台南,2023-12-14,8884
3041,揚智,82,59,23,國泰-台南,2023-12-14,8884
2520,冠德,33,10,23,國泰-台南,2023-12-14,8884
2017,官田鋼,22,0,22,國泰-台南,2023-12-14,8884
00636,國泰中國A50,21,0,21,國泰-台南,2023-12-14,8884
5324,士開,21,0,21,國泰-台南,2023-12-14,8884
2301,光寶科,28,7,21,國泰-台南,2023-12-14,8884
00676R,富邦臺灣加權反1,21,1,20,國泰-台南,2023-12-14,8884
3051,力特,109,89,20,國泰-台南,2023-12-14,8884
2010,春源,20,1,19,國泰-台南,2023-12-14,8884
5426,振發,81,62,19,國泰-台南,2023-12-14,8884
2355,敬鵬,41,23,18,國泰-台南,2023-12-14,8884
1609,大亞,33,16,17,國泰-台南,2023-12-14,8884
00706L,期元大S＆P日圓正2,21,4,17,國泰-台南,2023-12-14,8884
00919,群益台灣精選高息,1024,448,576,國泰-台南,2023-12-15,8884
00751B,元大AAA至A公司債,360,16,344,國泰-台南,2023-12-15,8884
2515,中工,290,49,241,國泰-台南,2023-12-15,8884
2887,台新金,222,0,222,國泰-台南,2023-12-15,8884
00687B,國泰20年美債,458,240,218,國泰-台南,2023-12-15,8884
00688L,國泰20年美債正2,381,163,218,國泰-台南,2023-12-15,8884
00680L,元大美債20正2,428,230,198,國泰-台南,2023-12-15,8884
2356,英業達,575,385,190,國泰-台南,2023-12-15,8884
8096,擎亞,253,68,185,國泰-台南,2023-12-15,8884
2363,矽統,347,193,154,國泰-台南,2023-12-15,8884
00632R,元大台灣50反1,169,31,138,國泰-台南,2023-12-15,8884
00679B,元大美債20年,199,65,134,國泰-台南,2023-12-15,8884
00915,凱基優選高股息30,128,16,112,國泰-台南,2023-12-15,8884
00637L,元大滬深300正2,143,36,107,國泰-台南,2023-12-15,8884
2801,彰銀,181,82,99,國泰-台南,2023-12-15,8884
1802,台玻,71,4,67,國泰-台南,2023-12-15,8884
2618,長榮航,75,8,67,國泰-台南,2023-12-15,8884
2367,燿華,66,2,64,國泰-台南,2023-12-15,8884
2038,海光,64,3,61,國泰-台南,2023-12-15,8884
00937B,群益ESG投等債20,114,55,59,國泰-台南,2023-12-15,8884
8054,安國,373,317,56,國泰-台南,2023-12-15,8884
2634,漢翔,49,3,46,國泰-台南,2023-12-15,8884
3715,定穎投控,49,7,42,國泰-台南,2023-12-15,8884
2028,威致,40,0,40,國泰-台南,2023-12-15,8884
00933B,國泰10Y+金融債,169,130,39,國泰-台南,2023-12-15,8884
00932,兆豐永續高息等權,39,4,35,國泰-台南,2023-12-15,8884
00934,中信成長高股息,41,6,35,國泰-台南,2023-12-15,8884
2388,威盛,87,52,35,國泰-台南,2023-12-15,8884
1513,中興電,53,19,34,國泰-台南,2023-12-15,8884
4533,協易機,38,5,33,國泰-台南,2023-12-15,8884
9105,泰金寶-DR,33,0,33,國泰-台南,2023-12-15,8884
2412,中華電,32,0,32,國泰-台南,2023-12-15,8884
00673R,期元大S＆P原油反1,32,0,32,國泰-台南,2023-12-15,8884
6173,信昌電,30,0,30,國泰-台南,2023-12-15,8884
2888A,新光金甲特,30,0,30,國泰-台南,2023-12-15,8884
00725B,國泰投資級公司債,33,4,29,國泰-台南,2023-12-15,8884
00885,富邦越南,40,12,28,國泰-台南,2023-12-15,8884
6284,佳邦,64,37,27,國泰-台南,2023-12-15,8884
6168,宏齊,53,28,25,國泰-台南,2023-12-15,8884
2316,楠梓電,23,0,23,國泰-台南,2023-12-15,8884
3260,威剛,46,24,22,國泰-台南,2023-12-15,8884
00795B,中信美國公債20年,27,6,21,國泰-台南,2023-12-15,8884
2069,運錩,24,3,21,國泰-台南,2023-12-15,8884
1514,亞力,131,111,20,國泰-台南,2023-12-15,8884
00857B,永豐20年美公債,21,1,20,國泰-台南,2023-12-15,8884
00764B,群益25年美債,20,0,20,國泰-台南,2023-12-15,8884
9962,有益,27,8,19,國泰-台南,2023-12-15,8884
2419,仲琦,23,5,18,國泰-台南,2023-12-15,8884
2421,建準,20,3,17,國泰-台南,2023-12-15,8884
00936,台新永續高息中小,21,5,16,國泰-台南,2023-12-15,8884
00688L,國泰20年美債正2,730,131,599,國泰-台南,2023-12-18,8884
00665L,富邦�琤肭磪囓�2,582,2,580,國泰-台南,2023-12-18,8884
00919,群益台灣精選高息,824,320,504,國泰-台南,2023-12-18,8884
9105,泰金寶-DR,440,63,377,國泰-台南,2023-12-18,8884
00929,復華台灣科技優息,843,524,319,國泰-台南,2023-12-18,8884
2610,華航,129,2,127,國泰-台南,2023-12-18,8884
2030,彰源,127,10,117,國泰-台南,2023-12-18,8884
00857B,永豐20年美公債,95,2,93,國泰-台南,2023-12-18,8884
00933B,國泰10Y+金融債,94,14,80,國泰-台南,2023-12-18,8884
00885,富邦越南,72,1,71,國泰-台南,2023-12-18,8884
2618,長榮航,97,27,70,國泰-台南,2023-12-18,8884
00934,中信成長高股息,76,7,69,國泰-台南,2023-12-18,8884
2332,友訊,67,1,66,國泰-台南,2023-12-18,8884
00931B,統一美債20年,85,20,65,國泰-台南,2023-12-18,8884
2032,新鋼,66,5,61,國泰-台南,2023-12-18,8884
2489,瑞軒,60,2,58,國泰-台南,2023-12-18,8884
00679B,元大美債20年,105,49,56,國泰-台南,2023-12-18,8884
2014,中鴻,262,209,53,國泰-台南,2023-12-18,8884
6156,松上,56,6,50,國泰-台南,2023-12-18,8884
2356,英業達,121,72,49,國泰-台南,2023-12-18,8884
2031,新光鋼,130,81,49,國泰-台南,2023-12-18,8884
8096,擎亞,141,96,45,國泰-台南,2023-12-18,8884
2363,矽統,72,30,42,國泰-台南,2023-12-18,8884
00937B,群益ESG投等債20,225,184,41,國泰-台南,2023-12-18,8884
00715L,期街口布蘭特正2,175,134,41,國泰-台南,2023-12-18,8884
1905,華紙,88,49,39,國泰-台南,2023-12-18,8884
1447,力鵬,37,0,37,國泰-台南,2023-12-18,8884
00922,國泰台灣領袖50,37,2,35,國泰-台南,2023-12-18,8884
2027,大成鋼,68,33,35,國泰-台南,2023-12-18,8884
5210,寶碩,30,0,30,國泰-台南,2023-12-18,8884
2201,裕隆,29,1,28,國泰-台南,2023-12-18,8884
2801,彰銀,28,1,27,國泰-台南,2023-12-18,8884
00915,凱基優選高股息30,31,4,27,國泰-台南,2023-12-18,8884
00882,中信中國高股息,28,2,26,國泰-台南,2023-12-18,8884
00773B,中信優先金融債,28,2,26,國泰-台南,2023-12-18,8884
2462,良得電,26,2,24,國泰-台南,2023-12-18,8884
6550,北極星藥業-KY,23,0,23,國泰-台南,2023-12-18,8884
00632R,元大台灣50反1,32,9,23,國泰-台南,2023-12-18,8884
00764B,群益25年美債,25,2,23,國泰-台南,2023-12-18,8884
00935,野村臺灣新科技50,33,10,23,國泰-台南,2023-12-18,8884
3715,定穎投控,48,26,22,國泰-台南,2023-12-18,8884
6016,康和證,22,0,22,國泰-台南,2023-12-18,8884
5452,佶優,22,0,22,國泰-台南,2023-12-18,8884
00936,台新永續高息中小,21,0,21,國泰-台南,2023-12-18,8884
6285,啟��,46,26,20,國泰-台南,2023-12-18,8884
2352,佳世達,24,5,19,國泰-台南,2023-12-18,8884
3481,群創,26,7,19,國泰-台南,2023-12-18,8884
1903,士紙,24,6,18,國泰-台南,2023-12-18,8884
3051,力特,22,4,18,國泰-台南,2023-12-18,8884
2025,千興,18,0,18,國泰-台南,2023-12-18,8884
00688L,國泰20年美債正2,416,46,370,國泰-台南,2023-12-19,8884
00919,群益台灣精選高息,522,186,336,國泰-台南,2023-12-19,8884
8096,擎亞,323,49,274,國泰-台南,2023-12-19,8884
00706L,期元大S＆P日圓正2,263,5,258,國泰-台南,2023-12-19,8884
00929,復華台灣科技優息,959,789,170,國泰-台南,2023-12-19,8884
00687B,國泰20年美債,287,125,162,國泰-台南,2023-12-19,8884
2609,陽明,588,444,144,國泰-台南,2023-12-19,8884
2882,國泰金,129,0,129,國泰-台南,2023-12-19,8884
2618,長榮航,114,18,96,國泰-台南,2023-12-19,8884
2516,新建,127,42,85,國泰-台南,2023-12-19,8884
00665L,富邦�琤肭磪囓�2,81,5,76,國泰-台南,2023-12-19,8884
2316,楠梓電,75,2,73,國泰-台南,2023-12-19,8884
9907,統一實,73,1,72,國泰-台南,2023-12-19,8884
00933B,國泰10Y+金融債,82,10,72,國泰-台南,2023-12-19,8884
0056,元大高股息,85,13,72,國泰-台南,2023-12-19,8884
00679B,元大美債20年,139,71,68,國泰-台南,2023-12-19,8884
00918,大華優利高填息30,68,5,63,國泰-台南,2023-12-19,8884
8086,宏捷科,63,0,63,國泰-台南,2023-12-19,8884
1815,富喬,56,3,53,國泰-台南,2023-12-19,8884
2399,映泰,53,2,51,國泰-台南,2023-12-19,8884
2610,華航,54,5,49,國泰-台南,2023-12-19,8884
00936,台新永續高息中小,50,3,47,國泰-台南,2023-12-19,8884
2867,三商壽,52,5,47,國泰-台南,2023-12-19,8884
00931B,統一美債20年,84,44,40,國泰-台南,2023-12-19,8884
2489,瑞軒,40,0,40,國泰-台南,2023-12-19,8884
00725B,國泰投資級公司債,39,0,39,國泰-台南,2023-12-19,8884
3006,晶豪科,69,31,38,國泰-台南,2023-12-19,8884
2812,台中銀,41,3,38,國泰-台南,2023-12-19,8884
1504,東元,59,22,37,國泰-台南,2023-12-19,8884
6116,彩晶,36,0,36,國泰-台南,2023-12-19,8884
6770,力積電,40,5,35,國泰-台南,2023-12-19,8884
2636,台驊控股,120,85,35,國泰-台南,2023-12-19,8884
00885,富邦越南,45,10,35,國泰-台南,2023-12-19,8884
5381,合正,35,1,34,國泰-台南,2023-12-19,8884
2801,彰銀,33,0,33,國泰-台南,2023-12-19,8884
2607,榮運,90,59,31,國泰-台南,2023-12-19,8884
3231,緯創,79,48,31,國泰-台南,2023-12-19,8884
00882,中信中國高股息,27,1,26,國泰-台南,2023-12-19,8884
00720B,元大投資級公司債,87,62,25,國泰-台南,2023-12-19,8884
2462,良得電,24,0,24,國泰-台南,2023-12-19,8884
5515,建國,28,4,24,國泰-台南,2023-12-19,8884
00934,中信成長高股息,51,29,22,國泰-台南,2023-12-19,8884
2542,興富發,25,4,21,國泰-台南,2023-12-19,8884
00927,群益半導體收益,21,0,21,國泰-台南,2023-12-19,8884
2482,連宇,24,4,20,國泰-台南,2023-12-19,8884
1109,信大,20,0,20,國泰-台南,2023-12-19,8884
5351,鈺創,29,9,20,國泰-台南,2023-12-19,8884
1303,南亞,18,0,18,國泰-台南,2023-12-19,8884
2498,宏達電,48,30,18,國泰-台南,2023-12-19,8884
2230,泰茂,21,3,18,國泰-台南,2023-12-19,8884
00929,復華台灣科技優息,489,260,229,國泰-台南,2023-12-20,8884
00680L,元大美債20正2,253,64,189,國泰-台南,2023-12-20,8884
1905,華紙,197,12,185,國泰-台南,2023-12-20,8884
2867,三商壽,154,0,154,國泰-台南,2023-12-20,8884
00919,群益台灣精選高息,187,57,130,國泰-台南,2023-12-20,8884
8096,擎亞,141,19,122,國泰-台南,2023-12-20,8884
00918,大華優利高填息30,112,7,105,國泰-台南,2023-12-20,8884
00720B,元大投資級公司債,112,8,104,國泰-台南,2023-12-20,8884
00679B,元大美債20年,245,143,102,國泰-台南,2023-12-20,8884
0056,元大高股息,228,127,101,國泰-台南,2023-12-20,8884
6182,合晶,105,4,101,國泰-台南,2023-12-20,8884
2515,中工,189,94,95,國泰-台南,2023-12-20,8884
00637L,元大滬深300正2,91,0,91,國泰-台南,2023-12-20,8884
00687B,國泰20年美債,138,50,88,國泰-台南,2023-12-20,8884
2344,華邦電,82,7,75,國泰-台南,2023-12-20,8884
00933B,國泰10Y+金融債,104,30,74,國泰-台南,2023-12-20,8884
2891,中信金,89,17,72,國泰-台南,2023-12-20,8884
6140,訊達,76,5,71,國泰-台南,2023-12-20,8884
5009,榮剛,65,8,57,國泰-台南,2023-12-20,8884
2419,仲琦,51,3,48,國泰-台南,2023-12-20,8884
00937B,群益ESG投等債20,110,67,43,國泰-台南,2023-12-20,8884
00632R,元大台灣50反1,42,0,42,國泰-台南,2023-12-20,8884
2886,兆豐金,47,5,42,國泰-台南,2023-12-20,8884
2014,中鴻,159,120,39,國泰-台南,2023-12-20,8884
2882,國泰金,37,1,36,國泰-台南,2023-12-20,8884
2892,第一金,35,3,32,國泰-台南,2023-12-20,8884
2020,美亞,32,1,31,國泰-台南,2023-12-20,8884
3296,勝德,32,3,29,國泰-台南,2023-12-20,8884
00935,野村臺灣新科技50,43,14,29,國泰-台南,2023-12-20,8884
2002,中鋼,35,8,27,國泰-台南,2023-12-20,8884
6284,佳邦,47,20,27,國泰-台南,2023-12-20,8884
6275,元山,29,3,26,國泰-台南,2023-12-20,8884
2017,官田鋼,27,2,25,國泰-台南,2023-12-20,8884
4915,致伸,25,0,25,國泰-台南,2023-12-20,8884
2887,台新金,30,5,25,國泰-台南,2023-12-20,8884
00636,國泰中國A50,24,0,24,國泰-台南,2023-12-20,8884
00655L,國泰中國A50正2,24,0,24,國泰-台南,2023-12-20,8884
2618,長榮航,46,22,24,國泰-台南,2023-12-20,8884
3006,晶豪科,59,36,23,國泰-台南,2023-12-20,8884
3548,兆利,65,44,21,國泰-台南,2023-12-20,8884
4157,太景*-KY,20,0,20,國泰-台南,2023-12-20,8884
8011,台通,50,30,20,國泰-台南,2023-12-20,8884
2801,彰銀,30,11,19,國泰-台南,2023-12-20,8884
3035,智原,32,13,19,國泰-台南,2023-12-20,8884
8996,高力,17,0,17,國泰-台南,2023-12-20,8884
2610,華航,24,7,17,國泰-台南,2023-12-20,8884
2880,華南金,20,4,16,國泰-台南,2023-12-20,8884
00857B,永豐20年美公債,16,0,16,國泰-台南,2023-12-20,8884
5608,四維航,18,3,15,國泰-台南,2023-12-20,8884
00882,中信中國高股息,27,12,15,國泰-台南,2023-12-20,8884
00919,群益台灣精選高息,590,103,487,國泰-台南,2023-12-21,8884
00688L,國泰20年美債正2,235,14,221,國泰-台南,2023-12-21,8884
9105,泰金寶-DR,290,163,127,國泰-台南,2023-12-21,8884
8096,擎亞,140,14,126,國泰-台南,2023-12-21,8884
00931B,統一美債20年,113,0,113,國泰-台南,2023-12-21,8884
2867,三商壽,107,1,106,國泰-台南,2023-12-21,8884
00918,大華優利高填息30,137,31,106,國泰-台南,2023-12-21,8884
9919,康那香,175,95,80,國泰-台南,2023-12-21,8884
5426,振發,70,2,68,國泰-台南,2023-12-21,8884
2324,仁寶,258,199,59,國泰-台南,2023-12-21,8884
00720B,元大投資級公司債,70,13,57,國泰-台南,2023-12-21,8884
00687B,國泰20年美債,150,96,54,國泰-台南,2023-12-21,8884
00680L,元大美債20正2,271,221,50,國泰-台南,2023-12-21,8884
3521,鴻翊,46,1,45,國泰-台南,2023-12-21,8884
2301,光寶科,47,3,44,國泰-台南,2023-12-21,8884
6233,旺玖,75,34,41,國泰-台南,2023-12-21,8884
3035,智原,61,23,38,國泰-台南,2023-12-21,8884
0050,元大台灣50,39,2,37,國泰-台南,2023-12-21,8884
2606,裕民,69,34,35,國泰-台南,2023-12-21,8884
2885,元大金,39,5,34,國泰-台南,2023-12-21,8884
2882,國泰金,37,5,32,國泰-台南,2023-12-21,8884
2886,兆豐金,38,6,32,國泰-台南,2023-12-21,8884
2355,敬鵬,52,21,31,國泰-台南,2023-12-21,8884
5351,鈺創,34,3,31,國泰-台南,2023-12-21,8884
1217,愛之味,30,0,30,國泰-台南,2023-12-21,8884
00631L,元大台灣50正2,30,1,29,國泰-台南,2023-12-21,8884
1732,毛寶,215,186,29,國泰-台南,2023-12-21,8884
2615,萬海,159,132,27,國泰-台南,2023-12-21,8884
00929,復華台灣科技優息,394,367,27,國泰-台南,2023-12-21,8884
6183,關貿,26,0,26,國泰-台南,2023-12-21,8884
1524,耿鼎,25,0,25,國泰-台南,2023-12-21,8884
00897,富邦基因免疫生技,25,0,25,國泰-台南,2023-12-21,8884
2330,台積電,28,3,25,國泰-台南,2023-12-21,8884
2363,矽統,39,15,24,國泰-台南,2023-12-21,8884
00753L,中信中國50正2,24,0,24,國泰-台南,2023-12-21,8884
6443,元晶,27,4,23,國泰-台南,2023-12-21,8884
2605,新興,53,30,23,國泰-台南,2023-12-21,8884
00665L,富邦�琤肭磪囓�2,30,7,23,國泰-台南,2023-12-21,8884
2891,中信金,33,11,22,國泰-台南,2023-12-21,8884
2888,新光金,27,6,21,國泰-台南,2023-12-21,8884
2390,云辰,21,0,21,國泰-台南,2023-12-21,8884
4157,太景*-KY,21,1,20,國泰-台南,2023-12-21,8884
00934,中信成長高股息,31,11,20,國泰-台南,2023-12-21,8884
1101,台泥,21,1,20,國泰-台南,2023-12-21,8884
00671R,富邦NASDAQ反1,20,0,20,國泰-台南,2023-12-21,8884
2460,建通,20,0,20,國泰-台南,2023-12-21,8884
1325,恆大,139,120,19,國泰-台南,2023-12-21,8884
00900,富邦特選高股息30,20,1,19,國泰-台南,2023-12-21,8884
2312,金寶,27,10,17,國泰-台南,2023-12-21,8884
1815,富喬,23,6,17,國泰-台南,2023-12-21,8884
00687B,國泰20年美債,303,54,249,國泰-台南,2023-12-22,8884
00919,群益台灣精選高息,305,57,248,國泰-台南,2023-12-22,8884
2506,太設,203,1,202,國泰-台南,2023-12-22,8884
2867,三商壽,152,6,146,國泰-台南,2023-12-22,8884
00688L,國泰20年美債正2,354,214,140,國泰-台南,2023-12-22,8884
1905,華紙,129,16,113,國泰-台南,2023-12-22,8884
00713,元大台灣高息低波,109,1,108,國泰-台南,2023-12-22,8884
00680L,元大美債20正2,242,139,103,國泰-台南,2023-12-22,8884
00929,復華台灣科技優息,355,267,88,國泰-台南,2023-12-22,8884
00882,中信中國高股息,100,17,83,國泰-台南,2023-12-22,8884
9105,泰金寶-DR,83,3,80,國泰-台南,2023-12-22,8884
00937B,群益ESG投等債20,151,77,74,國泰-台南,2023-12-22,8884
00679B,元大美債20年,102,35,67,國泰-台南,2023-12-22,8884
2356,英業達,303,238,65,國泰-台南,2023-12-22,8884
5009,榮剛,100,36,64,國泰-台南,2023-12-22,8884
1718,中纖,64,0,64,國泰-台南,2023-12-22,8884
1216,統一,52,0,52,國泰-台南,2023-12-22,8884
2362,藍天,57,6,51,國泰-台南,2023-12-22,8884
2317,鴻海,55,5,50,國泰-台南,2023-12-22,8884
2313,華通,69,19,50,國泰-台南,2023-12-22,8884
00931B,統一美債20年,56,6,50,國泰-台南,2023-12-22,8884
3607,谷崧,46,1,45,國泰-台南,2023-12-22,8884
2882,國泰金,50,6,44,國泰-台南,2023-12-22,8884
00706L,期元大S＆P日圓正2,62,20,42,國泰-台南,2023-12-22,8884
5011,久陽,43,2,41,國泰-台南,2023-12-22,8884
2801,彰銀,47,11,36,國泰-台南,2023-12-22,8884
2611,志信,36,2,34,國泰-台南,2023-12-22,8884
3051,力特,40,8,32,國泰-台南,2023-12-22,8884
2329,華泰,41,9,32,國泰-台南,2023-12-22,8884
2014,中鴻,77,47,30,國泰-台南,2023-12-22,8884
2344,華邦電,359,333,26,國泰-台南,2023-12-22,8884
5213,亞昕,25,0,25,國泰-台南,2023-12-22,8884
00936,台新永續高息中小,24,0,24,國泰-台南,2023-12-22,8884
00753L,中信中國50正2,38,15,23,國泰-台南,2023-12-22,8884
2324,仁寶,68,45,23,國泰-台南,2023-12-22,8884
00655L,國泰中國A50正2,22,0,22,國泰-台南,2023-12-22,8884
2401,凌陽,21,0,21,國泰-台南,2023-12-22,8884
1316,上曜,22,1,21,國泰-台南,2023-12-22,8884
00857B,永豐20年美公債,28,8,20,國泰-台南,2023-12-22,8884
2886,兆豐金,20,1,19,國泰-台南,2023-12-22,8884
2105,正新,20,1,19,國泰-台南,2023-12-22,8884
2427,三商電,21,3,18,國泰-台南,2023-12-22,8884
9945,潤泰新,28,10,18,國泰-台南,2023-12-22,8884
2641,正德,23,5,18,國泰-台南,2023-12-22,8884
6233,旺玖,65,47,18,國泰-台南,2023-12-22,8884
3041,揚智,24,6,18,國泰-台南,2023-12-22,8884
9919,康那香,32,15,17,國泰-台南,2023-12-22,8884
8086,宏捷科,32,15,17,國泰-台南,2023-12-22,8884
2465,麗臺,17,0,17,國泰-台南,2023-12-22,8884
3013,晟銘電,27,11,16,國泰-台南,2023-12-22,8884
2609,陽明,928,411,517,國泰-台南,2023-12-25,8884
00919,群益台灣精選高息,544,30,514,國泰-台南,2023-12-25,8884
00929,復華台灣科技優息,341,85,256,國泰-台南,2023-12-25,8884
00687B,國泰20年美債,229,57,172,國泰-台南,2023-12-25,8884
2324,仁寶,328,198,130,國泰-台南,2023-12-25,8884
2883,凱基金,135,6,129,國泰-台南,2023-12-25,8884
2610,華航,143,40,103,國泰-台南,2023-12-25,8884
2316,楠梓電,96,1,95,國泰-台南,2023-12-25,8884
2007,燁興,93,11,82,國泰-台南,2023-12-25,8884
2603,長榮,242,162,80,國泰-台南,2023-12-25,8884
00713,元大台灣高息低波,64,3,61,國泰-台南,2023-12-25,8884
00933B,國泰10Y+金融債,104,43,61,國泰-台南,2023-12-25,8884
2014,中鴻,109,49,60,國泰-台南,2023-12-25,8884
1718,中纖,63,6,57,國泰-台南,2023-12-25,8884
6117,迎廣,122,67,55,國泰-台南,2023-12-25,8884
5009,榮剛,67,13,54,國泰-台南,2023-12-25,8884
2867,三商壽,52,1,51,國泰-台南,2023-12-25,8884
1440,南紡,47,0,47,國泰-台南,2023-12-25,8884
6156,松上,50,3,47,國泰-台南,2023-12-25,8884
8034,榮群,52,8,44,國泰-台南,2023-12-25,8884
1609,大亞,42,1,41,國泰-台南,2023-12-25,8884
2032,新鋼,67,28,39,國泰-台南,2023-12-25,8884
2615,萬海,116,81,35,國泰-台南,2023-12-25,8884
2405,輔信,54,21,33,國泰-台南,2023-12-25,8884
00720B,元大投資級公司債,54,23,31,國泰-台南,2023-12-25,8884
2356,英業達,282,252,30,國泰-台南,2023-12-25,8884
2515,中工,87,58,29,國泰-台南,2023-12-25,8884
2317,鴻海,38,9,29,國泰-台南,2023-12-25,8884
00923,群益台ESG低碳50,32,5,27,國泰-台南,2023-12-25,8884
6139,亞翔,37,10,27,國泰-台南,2023-12-25,8884
5515,建國,25,0,25,國泰-台南,2023-12-25,8884
00918,大華優利高填息30,70,45,25,國泰-台南,2023-12-25,8884
00934,中信成長高股息,39,16,23,國泰-台南,2023-12-25,8884
4915,致伸,53,30,23,國泰-台南,2023-12-25,8884
3521,鴻翊,25,3,22,國泰-台南,2023-12-25,8884
1752,南光,31,9,22,國泰-台南,2023-12-25,8884
2390,云辰,21,0,21,國泰-台南,2023-12-25,8884
5210,寶碩,21,1,20,國泰-台南,2023-12-25,8884
6550,北極星藥業-KY,41,21,20,國泰-台南,2023-12-25,8884
2020,美亞,21,2,19,國泰-台南,2023-12-25,8884
2421,建準,62,43,19,國泰-台南,2023-12-25,8884
6456,GIS-KY,17,0,17,國泰-台南,2023-12-25,8884
1785,光洋科,16,0,16,國泰-台南,2023-12-25,8884
1217,愛之味,16,0,16,國泰-台南,2023-12-25,8884
00931B,統一美債20年,30,15,15,國泰-台南,2023-12-25,8884
6770,力積電,15,0,15,國泰-台南,2023-12-25,8884
2388,威盛,40,25,15,國泰-台南,2023-12-25,8884
8092,建暐,15,0,15,國泰-台南,2023-12-25,8884
9105,泰金寶-DR,18,3,15,國泰-台南,2023-12-25,8884
00724B,群益投資級金融債,14,0,14,國泰-台南,2023-12-25,8884
00929,復華台灣科技優息,460,187,273,國泰-台南,2023-12-26,8884
00933B,國泰10Y+金融債,213,6,207,國泰-台南,2023-12-26,8884
00664R,國泰臺灣加權反1,201,0,201,國泰-台南,2023-12-26,8884
00632R,元大台灣50反1,182,1,181,國泰-台南,2023-12-26,8884
00937B,群益ESG投等債20,168,7,161,國泰-台南,2023-12-26,8884
2405,輔信,313,152,161,國泰-台南,2023-12-26,8884
00919,群益台灣精選高息,286,137,149,國泰-台南,2023-12-26,8884
3530,晶相光,223,81,142,國泰-台南,2023-12-26,8884
00687B,國泰20年美債,131,7,124,國泰-台南,2023-12-26,8884
00688L,國泰20年美債正2,104,6,98,國泰-台南,2023-12-26,8884
6116,彩晶,62,8,54,國泰-台南,2023-12-26,8884
9945,潤泰新,52,0,52,國泰-台南,2023-12-26,8884
00934,中信成長高股息,52,18,34,國泰-台南,2023-12-26,8884
2443,昶虹,34,0,34,國泰-台南,2023-12-26,8884
00882,中信中國高股息,34,1,33,國泰-台南,2023-12-26,8884
00679B,元大美債20年,46,18,28,國泰-台南,2023-12-26,8884
1806,冠軍,70,45,25,國泰-台南,2023-12-26,8884
2634,漢翔,24,1,23,國泰-台南,2023-12-26,8884
00631L,元大台灣50正2,33,11,22,國泰-台南,2023-12-26,8884
2618,長榮航,45,24,21,國泰-台南,2023-12-26,8884
2492,華新科,20,0,20,國泰-台南,2023-12-26,8884
00915,凱基優選高股息30,25,7,18,國泰-台南,2023-12-26,8884
6695,芯鼎,31,13,18,國泰-台南,2023-12-26,8884
4960,誠美材,21,3,18,國泰-台南,2023-12-26,8884
8426,紅木-KY,22,5,17,國泰-台南,2023-12-26,8884
2834,臺企銀,19,2,17,國泰-台南,2023-12-26,8884
5398,慕康生醫,94,79,15,國泰-台南,2023-12-26,8884
8028,昇陽半導體,17,2,15,國泰-台南,2023-12-26,8884
6550,北極星藥業-KY,16,2,14,國泰-台南,2023-12-26,8884
9921,巨大,14,0,14,國泰-台南,2023-12-26,8884
1513,中興電,30,16,14,國泰-台南,2023-12-26,8884
3305,昇貿,13,0,13,國泰-台南,2023-12-26,8884
3715,定穎投控,14,1,13,國泰-台南,2023-12-26,8884
1409,新纖,12,0,12,國泰-台南,2023-12-26,8884
8936,國統,14,2,12,國泰-台南,2023-12-26,8884
1582,信錦,14,2,12,國泰-台南,2023-12-26,8884
2204,中華,15,3,12,國泰-台南,2023-12-26,8884
1325,恆大,28,16,12,國泰-台南,2023-12-26,8884
00900,富邦特選高股息30,21,9,12,國泰-台南,2023-12-26,8884
3532,台勝科,26,15,11,國泰-台南,2023-12-26,8884
00675L,富邦臺灣加權正2,11,0,11,國泰-台南,2023-12-26,8884
5347,世界,16,5,11,國泰-台南,2023-12-26,8884
00669R,國泰美國道瓊反1,11,0,11,國泰-台南,2023-12-26,8884
2889,國票金,54,43,11,國泰-台南,2023-12-26,8884
8059,凱碩,230,219,11,國泰-台南,2023-12-26,8884
9919,康那香,22,11,11,國泰-台南,2023-12-26,8884
00795B,中信美國公債20年,11,0,11,國泰-台南,2023-12-26,8884
5425,台半,16,6,10,國泰-台南,2023-12-26,8884
6138,茂達,10,0,10,國泰-台南,2023-12-26,8884
2605,新興,36,26,10,國泰-台南,2023-12-26,8884
00937B,群益ESG投等債20,876,52,824,國泰-台南,2023-12-27,8884
00632R,元大台灣50反1,368,51,317,國泰-台南,2023-12-27,8884
00664R,國泰臺灣加權反1,300,0,300,國泰-台南,2023-12-27,8884
00929,復華台灣科技優息,616,333,283,國泰-台南,2023-12-27,8884
9945,潤泰新,156,1,155,國泰-台南,2023-12-27,8884
00687B,國泰20年美債,175,57,118,國泰-台南,2023-12-27,8884
2618,長榮航,117,21,96,國泰-台南,2023-12-27,8884
2324,仁寶,435,358,77,國泰-台南,2023-12-27,8884
00673R,期元大S＆P原油反1,72,0,72,國泰-台南,2023-12-27,8884
00772B,中信高評級公司債,73,2,71,國泰-台南,2023-12-27,8884
00688L,國泰20年美債正2,67,1,66,國泰-台南,2023-12-27,8884
00795B,中信美國公債20年,63,0,63,國泰-台南,2023-12-27,8884
2329,華泰,61,0,61,國泰-台南,2023-12-27,8884
00637L,元大滬深300正2,70,9,61,國泰-台南,2023-12-27,8884
2353,宏��,349,289,60,國泰-台南,2023-12-27,8884
00933B,國泰10Y+金融債,59,5,54,國泰-台南,2023-12-27,8884
00919,群益台灣精選高息,201,150,51,國泰-台南,2023-12-27,8884
2344,華邦電,241,199,42,國泰-台南,2023-12-27,8884
2369,菱生,49,9,40,國泰-台南,2023-12-27,8884
6288,聯嘉,69,36,33,國泰-台南,2023-12-27,8884
1569,濱川,31,0,31,國泰-台南,2023-12-27,8884
00931B,統一美債20年,33,3,30,國泰-台南,2023-12-27,8884
2409,友達,214,187,27,國泰-台南,2023-12-27,8884
3390,旭軟,99,72,27,國泰-台南,2023-12-27,8884
2388,威盛,41,14,27,國泰-台南,2023-12-27,8884
2605,新興,27,2,25,國泰-台南,2023-12-27,8884
2352,佳世達,47,23,24,國泰-台南,2023-12-27,8884
5347,世界,37,15,22,國泰-台南,2023-12-27,8884
910322,康師傅-DR,21,0,21,國泰-台南,2023-12-27,8884
9934,成霖,20,0,20,國泰-台南,2023-12-27,8884
1733,五鼎,66,47,19,國泰-台南,2023-12-27,8884
6550,北極星藥業-KY,19,0,19,國泰-台南,2023-12-27,8884
00720B,元大投資級公司債,25,7,18,國泰-台南,2023-12-27,8884
5426,振發,22,5,17,國泰-台南,2023-12-27,8884
4979,華星光,26,8,18,國泰-台南,2023-12-27,8884
8039,台虹,62,45,17,國泰-台南,2023-12-27,8884
1504,東元,19,2,17,國泰-台南,2023-12-27,8884
00679B,元大美債20年,25,8,17,國泰-台南,2023-12-27,8884
6189,豐藝,35,18,17,國泰-台南,2023-12-27,8884
1806,冠軍,30,14,16,國泰-台南,2023-12-27,8884
5521,工信,23,8,15,國泰-台南,2023-12-27,8884
2889,國票金,41,26,15,國泰-台南,2023-12-27,8884
6799,來頡,20,5,15,國泰-台南,2023-12-27,8884
6547,高端疫苗,15,0,15,國泰-台南,2023-12-27,8884
2006,東和鋼鐵,15,0,15,國泰-台南,2023-12-27,8884
00915,凱基優選高股息30,18,3,15,國泰-台南,2023-12-27,8884
00725B,國泰投資級公司債,15,0,15,國泰-台南,2023-12-27,8884
00923,群益台ESG低碳50,23,8,15,國泰-台南,2023-12-27,8884
2891,中信金,27,12,15,國泰-台南,2023-12-27,8884
00676R,富邦臺灣加權反1,14,0,14,國泰-台南,2023-12-27,8884
00937B,群益ESG投等債20,493,4,489,國泰-台南,2023-12-28,8884
2405,輔信,353,87,266,國泰-台南,2023-12-28,8884
2443,昶虹,265,6,259,國泰-台南,2023-12-28,8884
00919,群益台灣精選高息,312,109,203,國泰-台南,2023-12-28,8884
3437,榮創,172,1,171,國泰-台南,2023-12-28,8884
00632R,元大台灣50反1,112,0,112,國泰-台南,2023-12-28,8884
00688L,國泰20年美債正2,160,49,111,國泰-台南,2023-12-28,8884
2355,敬鵬,105,4,101,國泰-台南,2023-12-28,8884
00934,中信成長高股息,88,3,85,國泰-台南,2023-12-28,8884
1514,亞力,221,150,71,國泰-台南,2023-12-28,8884
6126,信音,57,0,57,國泰-台南,2023-12-28,8884
00885,富邦越南,57,0,57,國泰-台南,2023-12-28,8884
3481,群創,124,71,53,國泰-台南,2023-12-28,8884
00664R,國泰臺灣加權反1,50,0,50,國泰-台南,2023-12-28,8884
2303,聯電,249,204,45,國泰-台南,2023-12-28,8884
2601,益航,41,0,41,國泰-台南,2023-12-28,8884
3338,泰碩,56,17,39,國泰-台南,2023-12-28,8884
2892,第一金,40,2,38,國泰-台南,2023-12-28,8884
00712,復華富時不動產,63,26,37,國泰-台南,2023-12-28,8884
2023,燁輝,41,4,37,國泰-台南,2023-12-28,8884
2313,華通,48,12,36,國泰-台南,2023-12-28,8884
00933B,國泰10Y+金融債,36,2,34,國泰-台南,2023-12-28,8884
2324,仁寶,216,183,33,國泰-台南,2023-12-28,8884
6140,訊達,32,0,32,國泰-台南,2023-12-28,8884
3715,定穎投控,38,8,30,國泰-台南,2023-12-28,8884
5351,鈺創,74,44,30,國泰-台南,2023-12-28,8884
2615,萬海,33,5,28,國泰-台南,2023-12-28,8884
8086,宏捷科,27,1,26,國泰-台南,2023-12-28,8884
2888A,新光金甲特,25,0,25,國泰-台南,2023-12-28,8884
00935,野村臺灣新科技50,25,1,24,國泰-台南,2023-12-28,8884
9907,統一實,24,0,24,國泰-台南,2023-12-28,8884
8096,擎亞,244,221,23,國泰-台南,2023-12-28,8884
2516,新建,27,4,23,國泰-台南,2023-12-28,8884
00936,台新永續高息中小,42,20,22,國泰-台南,2023-12-28,8884
3622,洋華,30,8,22,國泰-台南,2023-12-28,8884
4979,華星光,30,8,22,國泰-台南,2023-12-28,8884
00918,大華優利高填息30,30,8,22,國泰-台南,2023-12-28,8884
2352,佳世達,46,25,21,國泰-台南,2023-12-28,8884
3006,晶豪科,91,70,21,國泰-台南,2023-12-28,8884
3257,虹冠電,25,4,21,國泰-台南,2023-12-28,8884
5521,工信,21,1,20,國泰-台南,2023-12-28,8884
00703,台新MSCI中國,20,0,20,國泰-台南,2023-12-28,8884
3305,昇貿,26,7,19,國泰-台南,2023-12-28,8884
8150,南茂,23,4,19,國泰-台南,2023-12-28,8884
3013,晟銘電,20,1,19,國泰-台南,2023-12-28,8884
6176,瑞儀,20,1,19,國泰-台南,2023-12-28,8884
00902,中信電池及儲能,20,2,18,國泰-台南,2023-12-28,8884
2365,昆盈,51,34,17,國泰-台南,2023-12-28,8884
1314,中石化,17,0,17,國泰-台南,2023-12-28,8884
2603,長榮,37,20,17,國泰-台南,2023-12-28,8884
00937B,群益ESG投等債20,928,20,908,國泰-台南,2023-12-29,8884
2443,昶虹,190,0,190,國泰-台南,2023-12-29,8884
00665L,富邦�琤肭磪囓�2,166,10,156,國泰-台南,2023-12-29,8884
00929,復華台灣科技優息,528,376,152,國泰-台南,2023-12-29,8884
00919,群益台灣精選高息,262,131,131,國泰-台南,2023-12-29,8884
3325,旭品,144,29,115,國泰-台南,2023-12-29,8884
00688L,國泰20年美債正2,129,14,115,國泰-台南,2023-12-29,8884
00933B,國泰10Y+金融債,121,10,111,國泰-台南,2023-12-29,8884
00712,復華富時不動產,152,47,105,國泰-台南,2023-12-29,8884
00715L,期街口布蘭特正2,134,30,104,國泰-台南,2023-12-29,8884
2303,聯電,145,63,82,國泰-台南,2023-12-29,8884
00687B,國泰20年美債,94,27,67,國泰-台南,2023-12-29,8884
3006,晶豪科,98,40,58,國泰-台南,2023-12-29,8884
5521,工信,144,91,53,國泰-台南,2023-12-29,8884
2609,陽明,111,60,51,國泰-台南,2023-12-29,8884
00680L,元大美債20正2,60,11,49,國泰-台南,2023-12-29,8884
6133,金橋,48,0,48,國泰-台南,2023-12-29,8884
2516,新建,48,4,44,國泰-台南,2023-12-29,8884
00673R,期元大S＆P原油反1,50,6,44,國泰-台南,2023-12-29,8884
2316,楠梓電,45,1,44,國泰-台南,2023-12-29,8884
6125,廣運,124,82,42,國泰-台南,2023-12-29,8884
00631L,元大台灣50正2,43,2,41,國泰-台南,2023-12-29,8884
00679B,元大美債20年,43,3,40,國泰-台南,2023-12-29,8884
2352,佳世達,162,123,39,國泰-台南,2023-12-29,8884
9105,泰金寶-DR,36,1,35,國泰-台南,2023-12-29,8884
1503,士電,79,48,31,國泰-台南,2023-12-29,8884
9907,統一實,30,0,30,國泰-台南,2023-12-29,8884
3548,兆利,32,4,28,國泰-台南,2023-12-29,8884
2515,中工,142,114,28,國泰-台南,2023-12-29,8884
2027,大成鋼,31,3,28,國泰-台南,2023-12-29,8884
8011,台通,48,21,27,國泰-台南,2023-12-29,8884
2327,國巨,27,0,27,國泰-台南,2023-12-29,8884
00915,凱基優選高股息30,33,6,27,國泰-台南,2023-12-29,8884
1519,華城,81,55,26,國泰-台南,2023-12-29,8884
00692,富邦公司治理,25,0,25,國泰-台南,2023-12-29,8884
1504,東元,31,7,24,國泰-台南,2023-12-29,8884
1513,中興電,38,14,24,國泰-台南,2023-12-29,8884
2365,昆盈,33,11,22,國泰-台南,2023-12-29,8884
1609,大亞,26,4,22,國泰-台南,2023-12-29,8884
00713,元大台灣高息低波,24,2,22,國泰-台南,2023-12-29,8884
6182,合晶,25,4,21,國泰-台南,2023-12-29,8884
00642U,期元大S＆P石油,20,0,20,國泰-台南,2023-12-29,8884
6550,北極星藥業-KY,20,0,20,國泰-台南,2023-12-29,8884
2405,輔信,27,8,19,國泰-台南,2023-12-29,8884
5351,鈺創,22,3,19,國泰-台南,2023-12-29,8884
3706,神達,113,95,18,國泰-台南,2023-12-29,8884
2739,寒舍,37,19,18,國泰-台南,2023-12-29,8884
00931B,統一美債20年,21,6,15,國泰-台南,2023-12-29,8884
3305,昇貿,21,6,15,國泰-台南,2023-12-29,8884
8150,南茂,20,5,15,國泰-台南,2023-12-29,8884
2409,友達,1012,9,1003,國泰-台南,2024-01-02,8884
00937B,群益ESG投等債20,822,12,810,國泰-台南,2024-01-02,8884
00878,國泰永續高股息,752,53,699,國泰-台南,2024-01-02,8884
00929,復華台灣科技優息,578,170,408,國泰-台南,2024-01-02,8884
00637L,元大滬深300正2,484,110,374,國泰-台南,2024-01-02,8884
3231,緯創,359,60,299,國泰-台南,2024-01-02,8884
5521,工信,582,290,292,國泰-台南,2024-01-02,8884
00665L,富邦�琤肭磪囓�2,401,165,236,國泰-台南,2024-01-02,8884
00687B,國泰20年美債,217,44,173,國泰-台南,2024-01-02,8884
00688L,國泰20年美債正2,211,62,149,國泰-台南,2024-01-02,8884
00919,群益台灣精選高息,313,166,147,國泰-台南,2024-01-02,8884
00933B,國泰10Y+金融債,144,5,139,國泰-台南,2024-01-02,8884
00891,中信關鍵半導體,137,9,128,國泰-台南,2024-01-02,8884
00918,大華優利高填息30,150,32,118,國泰-台南,2024-01-02,8884
2362,藍天,162,46,116,國泰-台南,2024-01-02,8884
6140,訊達,122,23,99,國泰-台南,2024-01-02,8884
00795B,中信美國公債20年,94,3,91,國泰-台南,2024-01-02,8884
6108,競國,88,6,82,國泰-台南,2024-01-02,8884
00923,群益台ESG低碳50,82,3,79,國泰-台南,2024-01-02,8884
00882,中信中國高股息,82,6,76,國泰-台南,2024-01-02,8884
3321,同泰,78,6,72,國泰-台南,2024-01-02,8884
00934,中信成長高股息,70,2,68,國泰-台南,2024-01-02,8884
00715L,期街口布蘭特正2,145,80,65,國泰-台南,2024-01-02,8884
2324,仁寶,89,30,59,國泰-台南,2024-01-02,8884
00680L,元大美債20正2,121,66,55,國泰-台南,2024-01-02,8884
00679B,元大美債20年,79,28,51,國泰-台南,2024-01-02,8884
8096,擎亞,60,10,50,國泰-台南,2024-01-02,8884
1216,統一,51,1,50,國泰-台南,2024-01-02,8884
9907,統一實,50,1,49,國泰-台南,2024-01-02,8884
2486,一詮,173,125,48,國泰-台南,2024-01-02,8884
2609,陽明,461,414,47,國泰-台南,2024-01-02,8884
2889,國票金,50,8,42,國泰-台南,2024-01-02,8884
00915,凱基優選高股息30,106,68,38,國泰-台南,2024-01-02,8884
0056,元大高股息,87,50,37,國泰-台南,2024-01-02,8884
2313,華通,44,7,37,國泰-台南,2024-01-02,8884
3541,西柏,35,0,35,國泰-台南,2024-01-02,8884
2607,榮運,37,3,34,國泰-台南,2024-01-02,8884
2363,矽統,38,6,32,國泰-台南,2024-01-02,8884
00902,中信電池及儲能,30,0,30,國泰-台南,2024-01-02,8884
2027,大成鋼,33,4,29,國泰-台南,2024-01-02,8884
2615,萬海,79,50,29,國泰-台南,2024-01-02,8884
00857B,永豐20年美公債,27,0,27,國泰-台南,2024-01-02,8884
5425,台半,31,4,27,國泰-台南,2024-01-02,8884
2376,技嘉,47,20,27,國泰-台南,2024-01-02,8884
1616,億泰,46,20,26,國泰-台南,2024-01-02,8884
2382,廣達,46,21,25,國泰-台南,2024-01-02,8884
6770,力積電,25,1,24,國泰-台南,2024-01-02,8884
2498,宏達電,104,81,23,國泰-台南,2024-01-02,8884
3706,神達,51,28,23,國泰-台南,2024-01-02,8884
00720B,元大投資級公司債,62,40,22,國泰-台南,2024-01-02,8884
00929,復華台灣科技優息,643,61,582,國泰-台南,2024-01-03,8884
00937B,群益ESG投等債20,583,7,576,國泰-台南,2024-01-03,8884
00878,國泰永續高股息,561,95,466,國泰-台南,2024-01-03,8884
00919,群益台灣精選高息,445,46,399,國泰-台南,2024-01-03,8884
2409,友達,413,24,389,國泰-台南,2024-01-03,8884
00882,中信中國高股息,284,12,272,國泰-台南,2024-01-03,8884
0056,元大高股息,279,42,237,國泰-台南,2024-01-03,8884
00715L,期街口布蘭特正2,211,40,171,國泰-台南,2024-01-03,8884
6140,訊達,214,64,150,國泰-台南,2024-01-03,8884
2867,三商壽,103,2,101,國泰-台南,2024-01-03,8884
00712,復華富時不動產,151,54,97,國泰-台南,2024-01-03,8884
00923,群益台ESG低碳50,91,1,90,國泰-台南,2024-01-03,8884
00935,野村臺灣新科技50,96,7,89,國泰-台南,2024-01-03,8884
2327,國巨,84,1,83,國泰-台南,2024-01-03,8884
2355,敬鵬,74,2,72,國泰-台南,2024-01-03,8884
2362,藍天,239,178,61,國泰-台南,2024-01-03,8884
2324,仁寶,68,13,55,國泰-台南,2024-01-03,8884
00927,群益半導體收益,54,0,54,國泰-台南,2024-01-03,8884
2498,宏達電,67,14,53,國泰-台南,2024-01-03,8884
2610,華航,67,27,40,國泰-台南,2024-01-03,8884
2618,長榮航,394,356,38,國泰-台南,2024-01-03,8884
00902,中信電池及儲能,46,10,36,國泰-台南,2024-01-03,8884
2330,台積電,38,3,35,國泰-台南,2024-01-03,8884
2882,國泰金,35,2,33,國泰-台南,2024-01-03,8884
2886,兆豐金,32,1,31,國泰-台南,2024-01-03,8884
00725B,國泰投資級公司債,30,0,30,國泰-台南,2024-01-03,8884
0050,元大台灣50,35,5,30,國泰-台南,2024-01-03,8884
3704,合勤控,30,0,30,國泰-台南,2024-01-03,8884
6770,力積電,54,24,30,國泰-台南,2024-01-03,8884
2376,技嘉,83,53,30,國泰-台南,2024-01-03,8884
3390,旭軟,203,174,29,國泰-台南,2024-01-03,8884
2603,長榮,118,89,29,國泰-台南,2024-01-03,8884
00934,中信成長高股息,54,26,28,國泰-台南,2024-01-03,8884
00713,元大台灣高息低波,29,1,28,國泰-台南,2024-01-03,8884
00720B,元大投資級公司債,46,18,28,國泰-台南,2024-01-03,8884
2455,全新,28,1,27,國泰-台南,2024-01-03,8884
8086,宏捷科,49,22,27,國泰-台南,2024-01-03,8884
1301,台塑,28,2,26,國泰-台南,2024-01-03,8884
9105,泰金寶-DR,60,34,26,國泰-台南,2024-01-03,8884
1605,華新,32,6,26,國泰-台南,2024-01-03,8884
8096,擎亞,52,26,26,國泰-台南,2024-01-03,8884
1612,宏泰,32,7,25,國泰-台南,2024-01-03,8884
2885,元大金,30,7,23,國泰-台南,2024-01-03,8884
2881,富邦金,27,5,22,國泰-台南,2024-01-03,8884
2887,台新金,21,0,21,國泰-台南,2024-01-03,8884
00772B,中信高評級公司債,91,70,21,國泰-台南,2024-01-03,8884
9945,潤泰新,32,12,20,國泰-台南,2024-01-03,8884
00730,富邦臺灣優質高息,20,0,20,國泰-台南,2024-01-03,8884
00665L,富邦�琤肭磪囓�2,20,0,20,國泰-台南,2024-01-03,8884
00877,復華中國5G,20,0,20,國泰-台南,2024-01-03,8884
00937B,群益ESG投等債20,542,18,524,國泰-台南,2024-01-04,8884
00929,復華台灣科技優息,365,116,249,國泰-台南,2024-01-04,8884
6140,訊達,463,303,160,國泰-台南,2024-01-04,8884
0056,元大高股息,137,15,122,國泰-台南,2024-01-04,8884
2867,三商壽,103,0,103,國泰-台南,2024-01-04,8884
00927,群益半導體收益,100,1,99,國泰-台南,2024-01-04,8884
00680L,元大美債20正2,149,67,82,國泰-台南,2024-01-04,8884
00902,中信電池及儲能,91,12,79,國泰-台南,2024-01-04,8884
00687B,國泰20年美債,96,19,77,國泰-台南,2024-01-04,8884
00706L,期元大S＆P日圓正2,80,7,73,國泰-台南,2024-01-04,8884
2607,榮運,99,35,64,國泰-台南,2024-01-04,8884
00637L,元大滬深300正2,173,113,60,國泰-台南,2024-01-04,8884
2455,全新,66,7,59,國泰-台南,2024-01-04,8884
5521,工信,66,10,56,國泰-台南,2024-01-04,8884
6113,亞矽,451,395,56,國泰-台南,2024-01-04,8884
2355,敬鵬,63,8,55,國泰-台南,2024-01-04,8884
00632R,元大台灣50反1,54,7,47,國泰-台南,2024-01-04,8884
00933B,國泰10Y+金融債,48,2,46,國泰-台南,2024-01-04,8884
9919,康那香,207,163,44,國泰-台南,2024-01-04,8884
00720B,元大投資級公司債,45,4,41,國泰-台南,2024-01-04,8884
00751B,元大AAA至A公司債,43,4,39,國泰-台南,2024-01-04,8884
2888,新光金,38,2,36,國泰-台南,2024-01-04,8884
00891,中信關鍵半導體,36,1,35,國泰-台南,2024-01-04,8884
00881,國泰台灣5G+,35,3,32,國泰-台南,2024-01-04,8884
1314,中石化,37,6,31,國泰-台南,2024-01-04,8884
00725B,國泰投資級公司債,27,0,27,國泰-台南,2024-01-04,8884
2344,華邦電,58,32,26,國泰-台南,2024-01-04,8884
2009,第一銅,42,16,26,國泰-台南,2024-01-04,8884
00688L,國泰20年美債正2,56,31,25,國泰-台南,2024-01-04,8884
3607,谷崧,25,0,25,國泰-台南,2024-01-04,8884
00935,野村臺灣新科技50,30,5,25,國泰-台南,2024-01-04,8884
00753L,中信中國50正2,25,1,24,國泰-台南,2024-01-04,8884
2014,中鴻,40,16,24,國泰-台南,2024-01-04,8884
6282,康舒,27,3,24,國泰-台南,2024-01-04,8884
2324,仁寶,59,36,23,國泰-台南,2024-01-04,8884
6156,松上,31,9,22,國泰-台南,2024-01-04,8884
00919,群益台灣精選高息,93,71,22,國泰-台南,2024-01-04,8884
4915,致伸,37,16,21,國泰-台南,2024-01-04,8884
6188,廣明,23,2,21,國泰-台南,2024-01-04,8884
2636,台驊控股,29,9,20,國泰-台南,2024-01-04,8884
2363,矽統,34,14,20,國泰-台南,2024-01-04,8884
8050,廣積,21,1,20,國泰-台南,2024-01-04,8884
1449,佳和,20,1,19,國泰-台南,2024-01-04,8884
2630,亞航,21,2,19,國泰-台南,2024-01-04,8884
00934,中信成長高股息,31,14,17,國泰-台南,2024-01-04,8884
2641,正德,77,60,17,國泰-台南,2024-01-04,8884
2913,農林,17,0,17,國泰-台南,2024-01-04,8884
00878,國泰永續高股息,94,77,17,國泰-台南,2024-01-04,8884
00930,永豐ESG低碳高息,16,0,16,國泰-台南,2024-01-04,8884
3006,晶豪科,39,22,17,國泰-台南,2024-01-04,8884
00929,復華台灣科技優息,791,220,571,國泰-台南,2024-01-05,8884
2610,華航,391,22,369,國泰-台南,2024-01-05,8884
00937B,群益ESG投等債20,353,56,297,國泰-台南,2024-01-05,8884
00919,群益台灣精選高息,321,35,286,國泰-台南,2024-01-05,8884
00687B,國泰20年美債,224,100,124,國泰-台南,2024-01-05,8884
2888,新光金,202,102,100,國泰-台南,2024-01-05,8884
00927,群益半導體收益,77,0,77,國泰-台南,2024-01-05,8884
2353,宏��,174,111,63,國泰-台南,2024-01-05,8884
00679B,元大美債20年,82,21,61,國泰-台南,2024-01-05,8884
2609,陽明,588,527,61,國泰-台南,2024-01-05,8884
00878,國泰永續高股息,86,27,59,國泰-台南,2024-01-05,8884
2362,藍天,240,182,58,國泰-台南,2024-01-05,8884
2618,長榮航,228,173,55,國泰-台南,2024-01-05,8884
00680L,元大美債20正2,121,67,54,國泰-台南,2024-01-05,8884
2317,鴻海,55,2,53,國泰-台南,2024-01-05,8884
00632R,元大台灣50反1,50,4,46,國泰-台南,2024-01-05,8884
8068,全達,50,10,40,國泰-台南,2024-01-05,8884
3390,旭軟,57,19,38,國泰-台南,2024-01-05,8884
00933B,國泰10Y+金融債,45,10,35,國泰-台南,2024-01-05,8884
00918,大華優利高填息30,34,0,34,國泰-台南,2024-01-05,8884
00881,國泰台灣5G+,36,2,34,國泰-台南,2024-01-05,8884
00719B,元大美債1-3,33,0,33,國泰-台南,2024-01-05,8884
2867,三商壽,52,20,32,國泰-台南,2024-01-05,8884
00904,新光臺灣半導體30,31,0,31,國泰-台南,2024-01-05,8884
5533,皇鼎,32,3,29,國泰-台南,2024-01-05,8884
9945,潤泰新,29,2,27,國泰-台南,2024-01-05,8884
9105,泰金寶-DR,28,1,27,國泰-台南,2024-01-05,8884
2324,仁寶,47,21,26,國泰-台南,2024-01-05,8884
3380,明泰,53,28,25,國泰-台南,2024-01-05,8884
2888A,新光金甲特,24,0,24,國泰-台南,2024-01-05,8884
00923,群益台ESG低碳50,27,3,24,國泰-台南,2024-01-05,8884
2355,敬鵬,35,12,23,國泰-台南,2024-01-05,8884
00725B,國泰投資級公司債,25,2,23,國泰-台南,2024-01-05,8884
2376,技嘉,30,7,23,國泰-台南,2024-01-05,8884
2605,新興,65,44,21,國泰-台南,2024-01-05,8884
6168,宏齊,20,0,20,國泰-台南,2024-01-05,8884
2327,國巨,19,1,18,國泰-台南,2024-01-05,8884
3030,德律,18,0,18,國泰-台南,2024-01-05,8884
00916,國泰全球品牌50,30,12,18,國泰-台南,2024-01-05,8884
8086,宏捷科,21,4,17,國泰-台南,2024-01-05,8884
6108,競國,18,1,17,國泰-台南,2024-01-05,8884
00773B,中信優先金融債,16,0,16,國泰-台南,2024-01-05,8884
00795B,中信美國公債20年,17,1,16,國泰-台南,2024-01-05,8884
2399,映泰,17,1,16,國泰-台南,2024-01-05,8884
6117,迎廣,28,12,16,國泰-台南,2024-01-05,8884
2890,永豐金,20,4,16,國泰-台南,2024-01-05,8884
8210,勤誠,24,9,15,國泰-台南,2024-01-05,8884
1609,大亞,44,29,15,國泰-台南,2024-01-05,8884
6163,華電網,16,1,15,國泰-台南,2024-01-05,8884
2303,聯電,62,47,15,國泰-台南,2024-01-05,8884
00665L,富邦�琤肭磪囓�2,495,110,385,國泰-台南,2024-01-08,8884
00929,復華台灣科技優息,530,148,382,國泰-台南,2024-01-08,8884
4306,炎洲,150,0,150,國泰-台南,2024-01-08,8884
00679B,元大美債20年,134,8,126,國泰-台南,2024-01-08,8884
00712,復華富時不動產,125,1,124,國泰-台南,2024-01-08,8884
00637L,元大滬深300正2,216,93,123,國泰-台南,2024-01-08,8884
00688L,國泰20年美債正2,112,3,109,國泰-台南,2024-01-08,8884
00878,國泰永續高股息,167,66,101,國泰-台南,2024-01-08,8884
00919,群益台灣精選高息,203,118,85,國泰-台南,2024-01-08,8884
00680L,元大美債20正2,86,16,70,國泰-台南,2024-01-08,8884
00927,群益半導體收益,70,2,68,國泰-台南,2024-01-08,8884
00770,國泰北美科技,68,0,68,國泰-台南,2024-01-08,8884
2317,鴻海,81,13,68,國泰-台南,2024-01-08,8884
4956,光鋐,74,8,66,國泰-台南,2024-01-08,8884
9105,泰金寶-DR,114,53,61,國泰-台南,2024-01-08,8884
00881,國泰台灣5G+,60,5,55,國泰-台南,2024-01-08,8884
2353,宏��,232,180,52,國泰-台南,2024-01-08,8884
00752,中信中國50,53,1,52,國泰-台南,2024-01-08,8884
00720B,元大投資級公司債,100,50,50,國泰-台南,2024-01-08,8884
6770,力積電,139,88,51,國泰-台南,2024-01-08,8884
00753L,中信中國50正2,53,5,48,國泰-台南,2024-01-08,8884
2867,三商壽,50,3,47,國泰-台南,2024-01-08,8884
2601,益航,46,2,44,國泰-台南,2024-01-08,8884
00937B,群益ESG投等債20,151,107,44,國泰-台南,2024-01-08,8884
00687B,國泰20年美債,167,123,44,國泰-台南,2024-01-08,8884
5515,建國,43,0,43,國泰-台南,2024-01-08,8884
2393,億光,41,0,41,國泰-台南,2024-01-08,8884
00772B,中信高評級公司債,40,1,39,國泰-台南,2024-01-08,8884
00882,中信中國高股息,60,22,38,國泰-台南,2024-01-08,8884
2615,萬海,74,36,38,國泰-台南,2024-01-08,8884
2303,聯電,42,9,33,國泰-台南,2024-01-08,8884
00751B,元大AAA至A公司債,43,10,33,國泰-台南,2024-01-08,8884
3231,緯創,60,31,29,國泰-台南,2024-01-08,8884
00676R,富邦臺灣加權反1,28,0,28,國泰-台南,2024-01-08,8884
5425,台半,30,3,27,國泰-台南,2024-01-08,8884
3025,星通,39,13,26,國泰-台南,2024-01-08,8884
1513,中興電,39,13,26,國泰-台南,2024-01-08,8884
2002,中鋼,30,5,25,國泰-台南,2024-01-08,8884
3017,奇鋐,147,123,24,國泰-台南,2024-01-08,8884
1815,富喬,26,3,23,國泰-台南,2024-01-08,8884
4915,致伸,24,1,23,國泰-台南,2024-01-08,8884
6188,廣明,23,0,23,國泰-台南,2024-01-08,8884
00893,國泰智能電動車,22,0,22,國泰-台南,2024-01-08,8884
2369,菱生,24,2,22,國泰-台南,2024-01-08,8884
2399,映泰,27,6,21,國泰-台南,2024-01-08,8884
3588,通嘉,92,72,20,國泰-台南,2024-01-08,8884
00650L,復華香港正2,19,0,19,國泰-台南,2024-01-08,8884
9907,統一實,26,7,19,國泰-台南,2024-01-08,8884
2355,敬鵬,24,6,18,國泰-台南,2024-01-08,8884
6799,來頡,19,1,18,國泰-台南,2024-01-08,8884
00919,群益台灣精選高息,702,28,674,國泰-台南,2024-01-09,8884
4956,光鋐,1073,552,521,國泰-台南,2024-01-09,8884
00715L,期街口布蘭特正2,358,23,335,國泰-台南,2024-01-09,8884
00929,復華台灣科技優息,351,50,301,國泰-台南,2024-01-09,8884
2609,陽明,614,317,297,國泰-台南,2024-01-09,8884
2888,新光金,270,8,262,國泰-台南,2024-01-09,8884
3481,群創,396,167,229,國泰-台南,2024-01-09,8884
00665L,富邦�琤肭磪囓�2,426,210,216,國泰-台南,2024-01-09,8884
2867,三商壽,155,0,155,國泰-台南,2024-01-09,8884
2610,華航,129,7,122,國泰-台南,2024-01-09,8884
1802,台玻,102,0,102,國泰-台南,2024-01-09,8884
2363,矽統,116,32,84,國泰-台南,2024-01-09,8884
00676R,富邦臺灣加權反1,66,0,66,國泰-台南,2024-01-09,8884
00680L,元大美債20正2,142,80,62,國泰-台南,2024-01-09,8884
00632R,元大台灣50反1,61,1,60,國泰-台南,2024-01-09,8884
2515,中工,63,3,60,國泰-台南,2024-01-09,8884
1514,亞力,122,64,58,國泰-台南,2024-01-09,8884
00687B,國泰20年美債,81,24,57,國泰-台南,2024-01-09,8884
00720B,元大投資級公司債,76,19,57,國泰-台南,2024-01-09,8884
2329,華泰,133,78,55,國泰-台南,2024-01-09,8884
2634,漢翔,54,2,52,國泰-台南,2024-01-09,8884
3066,李洲,50,0,50,國泰-台南,2024-01-09,8884
2353,宏��,325,276,49,國泰-台南,2024-01-09,8884
6770,力積電,92,43,49,國泰-台南,2024-01-09,8884
00937B,群益ESG投等債20,64,22,42,國泰-台南,2024-01-09,8884
3231,緯創,213,176,37,國泰-台南,2024-01-09,8884
3712,永崴投控,36,1,35,國泰-台南,2024-01-09,8884
6695,芯鼎,47,12,35,國泰-台南,2024-01-09,8884
3522,御嵿,35,1,34,國泰-台南,2024-01-09,8884
2324,仁寶,110,78,32,國泰-台南,2024-01-09,8884
00918,大華優利高填息30,32,0,32,國泰-台南,2024-01-09,8884
2308,台達電,32,1,31,國泰-台南,2024-01-09,8884
00935,野村臺灣新科技50,34,3,31,國泰-台南,2024-01-09,8884
2442,新美齊,30,0,30,國泰-台南,2024-01-09,8884
2002,中鋼,30,3,27,國泰-台南,2024-01-09,8884
2327,國巨,26,0,26,國泰-台南,2024-01-09,8884
2607,榮運,30,6,24,國泰-台南,2024-01-09,8884
8096,擎亞,230,207,23,國泰-台南,2024-01-09,8884
2317,鴻海,26,3,23,國泰-台南,2024-01-09,8884
3686,達能,22,0,22,國泰-台南,2024-01-09,8884
4735,豪展,26,4,22,國泰-台南,2024-01-09,8884
2014,中鴻,38,16,22,國泰-台南,2024-01-09,8884
00675L,富邦臺灣加權正2,22,0,22,國泰-台南,2024-01-09,8884
5309,系統電,43,22,21,國泰-台南,2024-01-09,8884
6120,達運,51,31,20,國泰-台南,2024-01-09,8884
2889,國票金,20,1,19,國泰-台南,2024-01-09,8884
00927,群益半導體收益,22,4,18,國泰-台南,2024-01-09,8884
5009,榮剛,18,0,18,國泰-台南,2024-01-09,8884
8183,精星,18,0,18,國泰-台南,2024-01-09,8884
8222,寶一,17,0,17,國泰-台南,2024-01-09,8884
00919,群益台灣精選高息,322,93,229,國泰-台南,2024-01-10,8884
4956,光鋐,859,721,138,國泰-台南,2024-01-10,8884
0056,元大高股息,183,68,115,國泰-台南,2024-01-10,8884
00937B,群益ESG投等債20,100,4,96,國泰-台南,2024-01-10,8884
2883,凱基金,72,1,71,國泰-台南,2024-01-10,8884
2301,光寶科,99,29,70,國泰-台南,2024-01-10,8884
00632R,元大台灣50反1,67,2,65,國泰-台南,2024-01-10,8884
1449,佳和,91,34,57,國泰-台南,2024-01-10,8884
8111,立��,78,23,55,國泰-台南,2024-01-10,8884
6164,華興,78,24,54,國泰-台南,2024-01-10,8884
00881,國泰台灣5G+,59,5,54,國泰-台南,2024-01-10,8884
9105,泰金寶-DR,156,103,53,國泰-台南,2024-01-10,8884
00665L,富邦�琤肭磪囓�2,53,1,52,國泰-台南,2024-01-10,8884
00706L,期元大S＆P日圓正2,52,1,51,國泰-台南,2024-01-10,8884
2618,長榮航,56,6,50,國泰-台南,2024-01-10,8884
5426,振發,160,119,41,國泰-台南,2024-01-10,8884
00882,中信中國高股息,43,2,41,國泰-台南,2024-01-10,8884
00904,新光臺灣半導體30,41,0,41,國泰-台南,2024-01-10,8884
3686,達能,38,0,38,國泰-台南,2024-01-10,8884
2630,亞航,57,19,38,國泰-台南,2024-01-10,8884
00679B,元大美債20年,35,0,35,國泰-台南,2024-01-10,8884
00725B,國泰投資級公司債,33,0,33,國泰-台南,2024-01-10,8884
00673R,期元大S＆P原油反1,31,0,31,國泰-台南,2024-01-10,8884
2317,鴻海,31,3,28,國泰-台南,2024-01-10,8884
2371,大同,109,81,28,國泰-台南,2024-01-10,8884
00933B,國泰10Y+金融債,43,17,26,國泰-台南,2024-01-10,8884
00923,群益台ESG低碳50,27,2,25,國泰-台南,2024-01-10,8884
2489,瑞軒,45,21,24,國泰-台南,2024-01-10,8884
2610,華航,25,2,23,國泰-台南,2024-01-10,8884
2027,大成鋼,32,11,21,國泰-台南,2024-01-10,8884
8086,宏捷科,21,1,20,國泰-台南,2024-01-10,8884
3522,御嵿,20,0,20,國泰-台南,2024-01-10,8884
1515,力山,23,3,20,國泰-台南,2024-01-10,8884
00927,群益半導體收益,20,0,20,國泰-台南,2024-01-10,8884
00676R,富邦臺灣加權反1,19,0,19,國泰-台南,2024-01-10,8884
1101,台泥,24,5,19,國泰-台南,2024-01-10,8884
6139,亞翔,33,14,19,國泰-台南,2024-01-10,8884
5608,四維航,19,1,18,國泰-台南,2024-01-10,8884
3287,廣寰科,90,73,17,國泰-台南,2024-01-10,8884
00687B,國泰20年美債,19,1,18,國泰-台南,2024-01-10,8884
00720B,元大投資級公司債,55,38,17,國泰-台南,2024-01-10,8884
00680L,元大美債20正2,20,3,17,國泰-台南,2024-01-10,8884
2609,陽明,767,751,16,國泰-台南,2024-01-10,8884
910322,康師傅-DR,18,2,16,國泰-台南,2024-01-10,8884
5309,系統電,34,18,16,國泰-台南,2024-01-10,8884
3002,歐格,16,0,16,國泰-台南,2024-01-10,8884
00878,國泰永續高股息,115,99,16,國泰-台南,2024-01-10,8884
2801,彰銀,15,0,15,國泰-台南,2024-01-10,8884
3707,漢磊,17,2,15,國泰-台南,2024-01-10,8884
8011,台通,30,15,15,國泰-台南,2024-01-10,8884
00929,復華台灣科技優息,526,36,490,國泰-台南,2024-01-11,8884
1528,恩德,343,2,341,國泰-台南,2024-01-11,8884
00919,群益台灣精選高息,321,122,199,國泰-台南,2024-01-11,8884
2206,三陽工業,151,5,146,國泰-台南,2024-01-11,8884
00918,大華優利高填息30,129,0,129,國泰-台南,2024-01-11,8884
00720B,元大投資級公司債,101,3,98,國泰-台南,2024-01-11,8884
2329,華泰,143,53,90,國泰-台南,2024-01-11,8884
6770,力積電,79,3,76,國泰-台南,2024-01-11,8884
8034,榮群,157,81,76,國泰-台南,2024-01-11,8884
00687B,國泰20年美債,80,5,75,國泰-台南,2024-01-11,8884
1301,台塑,71,1,70,國泰-台南,2024-01-11,8884
2449,京元電子,151,83,68,國泰-台南,2024-01-11,8884
2882,國泰金,73,9,64,國泰-台南,2024-01-11,8884
2101,南港,63,2,61,國泰-台南,2024-01-11,8884
00680L,元大美債20正2,59,0,59,國泰-台南,2024-01-11,8884
5381,合正,53,0,53,國泰-台南,2024-01-11,8884
2023,燁輝,53,0,53,國泰-台南,2024-01-11,8884
00927,群益半導體收益,43,0,43,國泰-台南,2024-01-11,8884
6120,達運,280,238,42,國泰-台南,2024-01-11,8884
2609,陽明,104,66,38,國泰-台南,2024-01-11,8884
00931B,統一美債20年,38,0,38,國泰-台南,2024-01-11,8884
1802,台玻,35,0,35,國泰-台南,2024-01-11,8884
0056,元大高股息,54,20,34,國泰-台南,2024-01-11,8884
2618,長榮航,56,24,32,國泰-台南,2024-01-11,8884
2406,國碩,52,21,31,國泰-台南,2024-01-11,8884
1815,富喬,43,13,30,國泰-台南,2024-01-11,8884
00653L,富邦印度正2,30,0,30,國泰-台南,2024-01-11,8884
00715L,期街口布蘭特正2,149,120,29,國泰-台南,2024-01-11,8884
00935,野村臺灣新科技50,28,0,28,國泰-台南,2024-01-11,8884
2106,建大,27,0,27,國泰-台南,2024-01-11,8884
2317,鴻海,30,3,27,國泰-台南,2024-01-11,8884
2913,農林,23,0,23,國泰-台南,2024-01-11,8884
00725B,國泰投資級公司債,22,0,22,國泰-台南,2024-01-11,8884
00933B,國泰10Y+金融債,37,15,22,國泰-台南,2024-01-11,8884
2324,仁寶,31,9,22,國泰-台南,2024-01-11,8884
00904,新光臺灣半導體30,21,0,21,國泰-台南,2024-01-11,8884
2610,華航,100,79,21,國泰-台南,2024-01-11,8884
2607,榮運,25,4,21,國泰-台南,2024-01-11,8884
00679B,元大美債20年,24,3,21,國泰-台南,2024-01-11,8884
6668,中揚光,21,1,20,國泰-台南,2024-01-11,8884
2027,大成鋼,20,0,20,國泰-台南,2024-01-11,8884
6219,富旺,32,13,19,國泰-台南,2024-01-11,8884
6625,必應,24,5,19,國泰-台南,2024-01-11,8884
00897,富邦基因免疫生技,19,0,19,國泰-台南,2024-01-11,8884
3264,欣銓,21,2,19,國泰-台南,2024-01-11,8884
5009,榮剛,19,1,18,國泰-台南,2024-01-11,8884
1101,台泥,22,6,16,國泰-台南,2024-01-11,8884
2408,南亞科,33,17,16,國泰-台南,2024-01-11,8884
6239,力成,32,16,16,國泰-台南,2024-01-11,8884
2634,漢翔,34,18,16,國泰-台南,2024-01-11,8884
1528,恩德,1496,450,1046,國泰-台南,2024-01-12,8884
00929,復華台灣科技優息,500,33,467,國泰-台南,2024-01-12,8884
00937B,群益ESG投等債20,253,6,247,國泰-台南,2024-01-12,8884
2201,裕隆,200,2,198,國泰-台南,2024-01-12,8884
2409,友達,174,8,166,國泰-台南,2024-01-12,8884
00881,國泰台灣5G+,177,34,143,國泰-台南,2024-01-12,8884
00673R,期元大S＆P原油反1,143,0,143,國泰-台南,2024-01-12,8884
2353,宏��,215,80,135,國泰-台南,2024-01-12,8884
00725B,國泰投資級公司債,113,0,113,國泰-台南,2024-01-12,8884
0056,元大高股息,122,28,94,國泰-台南,2024-01-12,8884
00706L,期元大S＆P日圓正2,76,0,76,國泰-台南,2024-01-12,8884
00878,國泰永續高股息,133,65,68,國泰-台南,2024-01-12,8884
00712,復華富時不動產,103,36,67,國泰-台南,2024-01-12,8884
2888,新光金,92,31,61,國泰-台南,2024-01-12,8884
00927,群益半導體收益,57,1,56,國泰-台南,2024-01-12,8884
2331,精英,54,0,54,國泰-台南,2024-01-12,8884
5426,振發,454,409,45,國泰-台南,2024-01-12,8884
2405,輔信,56,12,44,國泰-台南,2024-01-12,8884
4909,新復興,119,78,41,國泰-台南,2024-01-12,8884
5381,合正,41,0,41,國泰-台南,2024-01-12,8884
00665L,富邦�琤肭磪囓�2,39,0,39,國泰-台南,2024-01-12,8884
00688L,國泰20年美債正2,39,0,39,國泰-台南,2024-01-12,8884
00720B,元大投資級公司債,53,15,38,國泰-台南,2024-01-12,8884
3296,勝德,38,0,38,國泰-台南,2024-01-12,8884
2913,農林,31,0,31,國泰-台南,2024-01-12,8884
2887,台新金,35,5,30,國泰-台南,2024-01-12,8884
2399,映泰,32,3,29,國泰-台南,2024-01-12,8884
2607,榮運,31,2,29,國泰-台南,2024-01-12,8884
6679,鈺太,30,7,23,國泰-台南,2024-01-12,8884
2324,仁寶,67,48,19,國泰-台南,2024-01-12,8884
2363,矽統,22,4,18,國泰-台南,2024-01-12,8884
2882,國泰金,17,0,17,國泰-台南,2024-01-12,8884
2489,瑞軒,33,17,16,國泰-台南,2024-01-12,8884
3037,欣興,16,1,15,國泰-台南,2024-01-12,8884
6212,理銘,15,0,15,國泰-台南,2024-01-12,8884
8150,南茂,28,13,15,國泰-台南,2024-01-12,8884
3363,上詮,16,1,15,國泰-台南,2024-01-12,8884
00655L,國泰中國A50正2,16,1,15,國泰-台南,2024-01-12,8884
1301,台塑,15,1,14,國泰-台南,2024-01-12,8884
00795B,中信美國公債20年,14,0,14,國泰-台南,2024-01-12,8884
2355,敬鵬,16,2,14,國泰-台南,2024-01-12,8884
5347,世界,14,1,13,國泰-台南,2024-01-12,8884
1605,華新,14,1,13,國泰-台南,2024-01-12,8884
4968,立積,13,0,13,國泰-台南,2024-01-12,8884
2449,京元電子,89,76,13,國泰-台南,2024-01-12,8884
2492,華新科,15,3,12,國泰-台南,2024-01-12,8884
4532,瑞智,12,0,12,國泰-台南,2024-01-12,8884
2401,凌陽,12,0,12,國泰-台南,2024-01-12,8884
2455,全新,12,0,12,國泰-台南,2024-01-12,8884
1608,華榮,12,0,12,國泰-台南,2024-01-12,8884
00929,復華台灣科技優息,602,143,459,國泰-台南,2024-01-15,8884
6191,精成科,441,2,439,國泰-台南,2024-01-15,8884
00665L,富邦�琤肭磪囓�2,282,0,282,國泰-台南,2024-01-15,8884
4956,光鋐,282,25,257,國泰-台南,2024-01-15,8884
2888,新光金,236,97,139,國泰-台南,2024-01-15,8884
00687B,國泰20年美債,142,17,125,國泰-台南,2024-01-15,8884
00725B,國泰投資級公司債,112,12,100,國泰-台南,2024-01-15,8884
00679B,元大美債20年,78,4,74,國泰-台南,2024-01-15,8884
00632R,元大台灣50反1,67,3,64,國泰-台南,2024-01-15,8884
6005,群益證,60,0,60,國泰-台南,2024-01-15,8884
1802,台玻,58,0,58,國泰-台南,2024-01-15,8884
00706L,期元大S＆P日圓正2,58,0,58,國泰-台南,2024-01-15,8884
00881,國泰台灣5G+,143,90,53,國泰-台南,2024-01-15,8884
2208,台船,65,14,51,國泰-台南,2024-01-15,8884
00720B,元大投資級公司債,63,12,51,國泰-台南,2024-01-15,8884
00722B,群益投資級電信債,50,3,47,國泰-台南,2024-01-15,8884
00927,群益半導體收益,148,104,44,國泰-台南,2024-01-15,8884
8222,寶一,72,28,44,國泰-台南,2024-01-15,8884
2610,華航,56,12,44,國泰-台南,2024-01-15,8884
1529,樂事綠能,86,43,43,國泰-台南,2024-01-15,8884
2317,鴻海,43,0,43,國泰-台南,2024-01-15,8884
6679,鈺太,41,0,41,國泰-台南,2024-01-15,8884
00772B,中信高評級公司債,51,12,39,國泰-台南,2024-01-15,8884
2634,漢翔,104,68,36,國泰-台南,2024-01-15,8884
00857B,永豐20年美公債,33,1,32,國泰-台南,2024-01-15,8884
3623,富晶通,31,0,31,國泰-台南,2024-01-15,8884
2618,長榮航,91,62,29,國泰-台南,2024-01-15,8884
00878,國泰永續高股息,89,60,29,國泰-台南,2024-01-15,8884
6125,廣運,53,26,27,國泰-台南,2024-01-15,8884
6120,達運,48,22,26,國泰-台南,2024-01-15,8884
2887,台新金,29,3,26,國泰-台南,2024-01-15,8884
2883,凱基金,26,1,25,國泰-台南,2024-01-15,8884
2406,國碩,51,26,25,國泰-台南,2024-01-15,8884
00877,復華中國5G,25,0,25,國泰-台南,2024-01-15,8884
00770,國泰北美科技,26,1,25,國泰-台南,2024-01-15,8884
2882,國泰金,31,7,24,國泰-台南,2024-01-15,8884
1301,台塑,24,0,24,國泰-台南,2024-01-15,8884
8112,至上,33,10,23,國泰-台南,2024-01-15,8884
2421,建準,23,1,22,國泰-台南,2024-01-15,8884
00676R,富邦臺灣加權反1,22,0,22,國泰-台南,2024-01-15,8884
00902,中信電池及儲能,22,0,22,國泰-台南,2024-01-15,8884
2362,藍天,45,25,20,國泰-台南,2024-01-15,8884
3543,州巧,20,0,20,國泰-台南,2024-01-15,8884
2030,彰源,20,0,20,國泰-台南,2024-01-15,8884
6179,亞通,20,0,20,國泰-台南,2024-01-15,8884
00764B,群益25年美債,20,0,20,國泰-台南,2024-01-15,8884
2382,廣達,64,46,18,國泰-台南,2024-01-15,8884
3017,奇鋐,53,35,18,國泰-台南,2024-01-15,8884
2409,友達,23,6,17,國泰-台南,2024-01-15,8884
00904,新光臺灣半導體30,20,3,17,國泰-台南,2024-01-15,8884
00878,國泰永續高股息,436,6,430,國泰-台南,2024-01-16,8884
00881,國泰台灣5G+,362,15,347,國泰-台南,2024-01-16,8884
00929,復華台灣科技優息,630,284,346,國泰-台南,2024-01-16,8884
1528,恩德,368,76,292,國泰-台南,2024-01-16,8884
00937B,群益ESG投等債20,312,28,284,國泰-台南,2024-01-16,8884
00665L,富邦�琤肭磪囓�2,276,0,276,國泰-台南,2024-01-16,8884
0056,元大高股息,371,109,262,國泰-台南,2024-01-16,8884
00919,群益台灣精選高息,232,29,203,國泰-台南,2024-01-16,8884
00706L,期元大S＆P日圓正2,182,0,182,國泰-台南,2024-01-16,8884
2883,凱基金,135,0,135,國泰-台南,2024-01-16,8884
2882,國泰金,114,6,108,國泰-台南,2024-01-16,8884
2610,華航,88,4,84,國泰-台南,2024-01-16,8884
4939,亞電,87,7,80,國泰-台南,2024-01-16,8884
2801,彰銀,88,12,76,國泰-台南,2024-01-16,8884
00927,群益半導體收益,69,1,68,國泰-台南,2024-01-16,8884
8096,擎亞,226,159,67,國泰-台南,2024-01-16,8884
2101,南港,67,1,66,國泰-台南,2024-01-16,8884
2405,輔信,91,28,63,國泰-台南,2024-01-16,8884
2887,台新金,69,9,60,國泰-台南,2024-01-16,8884
1609,大亞,148,90,58,國泰-台南,2024-01-16,8884
1301,台塑,58,3,55,國泰-台南,2024-01-16,8884
1314,中石化,55,2,53,國泰-台南,2024-01-16,8884
2892,第一金,56,3,53,國泰-台南,2024-01-16,8884
6116,彩晶,53,1,52,國泰-台南,2024-01-16,8884
2486,一詮,100,49,51,國泰-台南,2024-01-16,8884
2002,中鋼,52,1,51,國泰-台南,2024-01-16,8884
00715L,期街口布蘭特正2,58,8,50,國泰-台南,2024-01-16,8884
2888,新光金,79,29,50,國泰-台南,2024-01-16,8884
00722B,群益投資級電信債,51,3,48,國泰-台南,2024-01-16,8884
00680L,元大美債20正2,47,1,46,國泰-台南,2024-01-16,8884
2106,建大,46,2,44,國泰-台南,2024-01-16,8884
3686,達能,41,0,41,國泰-台南,2024-01-16,8884
3231,緯創,77,36,41,國泰-台南,2024-01-16,8884
1326,台化,44,3,41,國泰-台南,2024-01-16,8884
3033,威健,53,13,40,國泰-台南,2024-01-16,8884
6233,旺玖,65,25,40,國泰-台南,2024-01-16,8884
00772B,中信高評級公司債,51,14,37,國泰-台南,2024-01-16,8884
6191,精成科,39,2,37,國泰-台南,2024-01-16,8884
0050,元大台灣50,36,0,36,國泰-台南,2024-01-16,8884
4532,瑞智,40,5,35,國泰-台南,2024-01-16,8884
1101,台泥,41,7,34,國泰-台南,2024-01-16,8884
00631L,元大台灣50正2,34,1,33,國泰-台南,2024-01-16,8884
2880,華南金,33,0,33,國泰-台南,2024-01-16,8884
00922,國泰台灣領袖50,32,0,32,國泰-台南,2024-01-16,8884
5880,合庫金,35,4,31,國泰-台南,2024-01-16,8884
00753L,中信中國50正2,31,0,31,國泰-台南,2024-01-16,8884
00676R,富邦臺灣加權反1,30,0,30,國泰-台南,2024-01-16,8884
3287,廣寰科,79,50,29,國泰-台南,2024-01-16,8884
2884,玉山金,29,0,29,國泰-台南,2024-01-16,8884
2890,永豐金,32,3,29,國泰-台南,2024-01-16,8884
00919,群益台灣精選高息,719,47,672,國泰-台南,2024-01-17,8884
00929,復華台灣科技優息,841,268,573,國泰-台南,2024-01-17,8884
00882,中信中國高股息,518,61,457,國泰-台南,2024-01-17,8884
00937B,群益ESG投等債20,429,45,384,國泰-台南,2024-01-17,8884
0056,元大高股息,388,26,362,國泰-台南,2024-01-17,8884
00665L,富邦�琤肭磪囓�2,291,10,281,國泰-台南,2024-01-17,8884
00878,國泰永續高股息,322,59,263,國泰-台南,2024-01-17,8884
00680L,元大美債20正2,227,63,164,國泰-台南,2024-01-17,8884
00632R,元大台灣50反1,294,146,148,國泰-台南,2024-01-17,8884
2303,聯電,166,28,138,國泰-台南,2024-01-17,8884
2486,一詮,249,120,129,國泰-台南,2024-01-17,8884
1528,恩德,242,121,121,國泰-台南,2024-01-17,8884
2882,國泰金,107,5,102,國泰-台南,2024-01-17,8884
2888,新光金,101,11,90,國泰-台南,2024-01-17,8884
00902,中信電池及儲能,89,0,89,國泰-台南,2024-01-17,8884
2317,鴻海,106,24,82,國泰-台南,2024-01-17,8884
2344,華邦電,177,97,80,國泰-台南,2024-01-17,8884
2892,第一金,81,2,79,國泰-台南,2024-01-17,8884
2887,台新金,81,10,71,國泰-台南,2024-01-17,8884
00927,群益半導體收益,65,0,65,國泰-台南,2024-01-17,8884
2801,彰銀,64,0,64,國泰-台南,2024-01-17,8884
2883,凱基金,65,1,64,國泰-台南,2024-01-17,8884
00679B,元大美債20年,74,12,62,國泰-台南,2024-01-17,8884
00631L,元大台灣50正2,59,1,58,國泰-台南,2024-01-17,8884
2489,瑞軒,51,0,51,國泰-台南,2024-01-17,8884
4532,瑞智,50,0,50,國泰-台南,2024-01-17,8884
00772B,中信高評級公司債,52,4,48,國泰-台南,2024-01-17,8884
00922,國泰台灣領袖50,50,5,45,國泰-台南,2024-01-17,8884
2886,兆豐金,49,4,45,國泰-台南,2024-01-17,8884
00753L,中信中國50正2,45,0,45,國泰-台南,2024-01-17,8884
0050,元大台灣50,46,2,44,國泰-台南,2024-01-17,8884
2610,華航,46,2,44,國泰-台南,2024-01-17,8884
00752,中信中國50,44,2,42,國泰-台南,2024-01-17,8884
1513,中興電,51,10,41,國泰-台南,2024-01-17,8884
2881,富邦金,42,2,40,國泰-台南,2024-01-17,8884
5608,四維航,41,2,39,國泰-台南,2024-01-17,8884
3576,聯合再生,40,1,39,國泰-台南,2024-01-17,8884
2884,玉山金,56,17,39,國泰-台南,2024-01-17,8884
2002,中鋼,41,2,39,國泰-台南,2024-01-17,8884
6282,康舒,39,2,37,國泰-台南,2024-01-17,8884
6770,力積電,37,3,34,國泰-台南,2024-01-17,8884
6182,合晶,33,0,33,國泰-台南,2024-01-17,8884
5880,合庫金,86,53,33,國泰-台南,2024-01-17,8884
2101,南港,32,0,32,國泰-台南,2024-01-17,8884
4956,光鋐,61,29,32,國泰-台南,2024-01-17,8884
1101,台泥,35,5,30,國泰-台南,2024-01-17,8884
1314,中石化,32,2,30,國泰-台南,2024-01-17,8884
00650L,復華香港正2,37,8,29,國泰-台南,2024-01-17,8884
00676R,富邦臺灣加權反1,34,5,29,國泰-台南,2024-01-17,8884
5381,合正,38,10,28,國泰-台南,2024-01-17,8884
00937B,群益ESG投等債20,502,15,487,國泰-台南,2024-01-18,8884
00919,群益台灣精選高息,313,26,287,國泰-台南,2024-01-18,8884
00929,復華台灣科技優息,578,296,282,國泰-台南,2024-01-18,8884
00706L,期元大S＆P日圓正2,305,85,220,國泰-台南,2024-01-18,8884
00882,中信中國高股息,229,33,196,國泰-台南,2024-01-18,8884
0056,元大高股息,143,23,120,國泰-台南,2024-01-18,8884
9105,泰金寶-DR,107,7,100,國泰-台南,2024-01-18,8884
00673R,期元大S＆P原油反1,76,0,76,國泰-台南,2024-01-18,8884
2485,兆赫,104,36,68,國泰-台南,2024-01-18,8884
8096,擎亞,335,278,57,國泰-台南,2024-01-18,8884
00637L,元大滬深300正2,57,2,55,國泰-台南,2024-01-18,8884
3694,海華,71,16,55,國泰-台南,2024-01-18,8884
2882,國泰金,56,4,52,國泰-台南,2024-01-18,8884
2489,瑞軒,50,2,48,國泰-台南,2024-01-18,8884
2887,台新金,50,3,47,國泰-台南,2024-01-18,8884
00878,國泰永續高股息,93,46,47,國泰-台南,2024-01-18,8884
2324,仁寶,106,60,46,國泰-台南,2024-01-18,8884
5426,振發,258,222,36,國泰-台南,2024-01-18,8884
2002,中鋼,42,5,37,國泰-台南,2024-01-18,8884
00665L,富邦�琤肭磪囓�2,57,22,35,國泰-台南,2024-01-18,8884
5478,智冠,32,0,32,國泰-台南,2024-01-18,8884
2101,南港,31,0,31,國泰-台南,2024-01-18,8884
00931B,統一美債20年,36,6,30,國泰-台南,2024-01-18,8884
6770,力積電,34,4,30,國泰-台南,2024-01-18,8884
00752,中信中國50,30,1,29,國泰-台南,2024-01-18,8884
00923,群益台ESG低碳50,31,2,29,國泰-台南,2024-01-18,8884
00679B,元大美債20年,29,0,29,國泰-台南,2024-01-18,8884
2883,凱基金,41,13,28,國泰-台南,2024-01-18,8884
00687B,國泰20年美債,41,13,28,國泰-台南,2024-01-18,8884
00688L,國泰20年美債正2,27,1,26,國泰-台南,2024-01-18,8884
3686,達能,25,0,25,國泰-台南,2024-01-18,8884
2317,鴻海,27,2,25,國泰-台南,2024-01-18,8884
00713,元大台灣高息低波,30,6,24,國泰-台南,2024-01-18,8884
5351,鈺創,30,8,22,國泰-台南,2024-01-18,8884
2308,台達電,29,8,21,國泰-台南,2024-01-18,8884
00772B,中信高評級公司債,21,1,20,國泰-台南,2024-01-18,8884
2363,矽統,27,7,20,國泰-台南,2024-01-18,8884
2888,新光金,97,78,19,國泰-台南,2024-01-18,8884
3576,聯合再生,20,2,18,國泰-台南,2024-01-18,8884
00653L,富邦印度正2,18,0,18,國泰-台南,2024-01-18,8884
2362,藍天,29,11,18,國泰-台南,2024-01-18,8884
1101,台泥,20,2,18,國泰-台南,2024-01-18,8884
00692,富邦公司治理,18,1,17,國泰-台南,2024-01-18,8884
2303,聯電,39,22,17,國泰-台南,2024-01-18,8884
4979,華星光,29,12,17,國泰-台南,2024-01-18,8884
3622,洋華,35,19,16,國泰-台南,2024-01-18,8884
006208,富邦台50,17,1,16,國泰-台南,2024-01-18,8884
2891,中信金,23,8,15,國泰-台南,2024-01-18,8884
6684,安格,43,28,15,國泰-台南,2024-01-18,8884
3615,安可,16,1,15,國泰-台南,2024-01-18,8884
00882,中信中國高股息,211,2,209,國泰-台南,2024-01-19,8884
00687B,國泰20年美債,229,23,206,國泰-台南,2024-01-19,8884
00937B,群益ESG投等債20,223,44,179,國泰-台南,2024-01-19,8884
00712,復華富時不動產,173,3,170,國泰-台南,2024-01-19,8884
00632R,元大台灣50反1,328,184,144,國泰-台南,2024-01-19,8884
00676R,富邦臺灣加權反1,129,0,129,國泰-台南,2024-01-19,8884
2409,友達,152,30,122,國泰-台南,2024-01-19,8884
2888,新光金,155,38,117,國泰-台南,2024-01-19,8884
00931B,統一美債20年,117,1,116,國泰-台南,2024-01-19,8884
00688L,國泰20年美債正2,136,41,95,國泰-台南,2024-01-19,8884
00929,復華台灣科技優息,306,212,94,國泰-台南,2024-01-19,8884
2489,瑞軒,100,10,90,國泰-台南,2024-01-19,8884
00664R,國泰臺灣加權反1,100,10,90,國泰-台南,2024-01-19,8884
00857B,永豐20年美公債,84,0,84,國泰-台南,2024-01-19,8884
00933B,國泰10Y+金融債,89,5,84,國泰-台南,2024-01-19,8884
2317,鴻海,98,21,77,國泰-台南,2024-01-19,8884
2353,宏��,138,68,70,國泰-台南,2024-01-19,8884
00673R,期元大S＆P原油反1,66,0,66,國泰-台南,2024-01-19,8884
00720B,元大投資級公司債,85,33,52,國泰-台南,2024-01-19,8884
00752,中信中國50,50,0,50,國泰-台南,2024-01-19,8884
2002,中鋼,54,5,49,國泰-台南,2024-01-19,8884
9105,泰金寶-DR,47,0,47,國泰-台南,2024-01-19,8884
6126,信音,47,1,46,國泰-台南,2024-01-19,8884
1609,大亞,49,4,45,國泰-台南,2024-01-19,8884
6190,萬泰科,46,2,44,國泰-台南,2024-01-19,8884
00751B,元大AAA至A公司債,72,29,43,國泰-台南,2024-01-19,8884
2609,陽明,128,87,41,國泰-台南,2024-01-19,8884
3615,安可,40,3,37,國泰-台南,2024-01-19,8884
2303,聯電,98,61,37,國泰-台南,2024-01-19,8884
6679,鈺太,35,0,35,國泰-台南,2024-01-19,8884
00904,新光臺灣半導體30,33,0,33,國泰-台南,2024-01-19,8884
0056,元大高股息,90,62,28,國泰-台南,2024-01-19,8884
6219,富旺,32,4,28,國泰-台南,2024-01-19,8884
5521,工信,31,4,27,國泰-台南,2024-01-19,8884
5347,世界,37,12,25,國泰-台南,2024-01-19,8884
00795B,中信美國公債20年,25,0,25,國泰-台南,2024-01-19,8884
6770,力積電,33,8,25,國泰-台南,2024-01-19,8884
8059,凱碩,28,4,24,國泰-台南,2024-01-19,8884
8034,榮群,54,30,24,國泰-台南,2024-01-19,8884
910322,康師傅-DR,23,1,22,國泰-台南,2024-01-19,8884
6005,群益證,23,1,22,國泰-台南,2024-01-19,8884
00919,群益台灣精選高息,75,53,22,國泰-台南,2024-01-19,8884
00653L,富邦印度正2,20,0,20,國泰-台南,2024-01-19,8884
2610,華航,60,41,19,國泰-台南,2024-01-19,8884
2355,敬鵬,20,1,19,國泰-台南,2024-01-19,8884
00715L,期街口布蘭特正2,30,11,19,國泰-台南,2024-01-19,8884
6276,安鈦克,28,10,18,國泰-台南,2024-01-19,8884
6120,達運,214,197,17,國泰-台南,2024-01-19,8884
00927,群益半導體收益,17,1,16,國泰-台南,2024-01-19,8884
2834,臺企銀,16,0,16,國泰-台南,2024-01-19,8884
3339,泰谷,503,0,503,國泰-台南,2024-01-22,8884
6218,豪勉,311,64,247,國泰-台南,2024-01-22,8884
2353,宏��,314,97,217,國泰-台南,2024-01-22,8884
4714,永捷,201,1,200,國泰-台南,2024-01-22,8884
00676R,富邦臺灣加權反1,173,0,173,國泰-台南,2024-01-22,8884
00929,復華台灣科技優息,315,220,95,國泰-台南,2024-01-22,8884
8059,凱碩,112,35,77,國泰-台南,2024-01-22,8884
00687B,國泰20年美債,88,13,75,國泰-台南,2024-01-22,8884
00937B,群益ESG投等債20,108,44,64,國泰-台南,2024-01-22,8884
00752,中信中國50,63,0,63,國泰-台南,2024-01-22,8884
2883,凱基金,57,0,57,國泰-台南,2024-01-22,8884
2610,華航,86,29,57,國泰-台南,2024-01-22,8884
00679B,元大美債20年,62,6,56,國泰-台南,2024-01-22,8884
2618,長榮航,79,28,51,國泰-台南,2024-01-22,8884
00665L,富邦�琤肭磪囓�2,126,80,46,國泰-台南,2024-01-22,8884
00671R,富邦NASDAQ反1,48,5,43,國泰-台南,2024-01-22,8884
3706,神達,226,184,42,國泰-台南,2024-01-22,8884
2371,大同,48,8,40,國泰-台南,2024-01-22,8884
3712,永崴投控,40,1,39,國泰-台南,2024-01-22,8884
6233,旺玖,84,46,38,國泰-台南,2024-01-22,8884
3437,榮創,57,20,37,國泰-台南,2024-01-22,8884
2363,矽統,68,32,36,國泰-台南,2024-01-22,8884
00712,復華富時不動產,61,25,36,國泰-台南,2024-01-22,8884
00688L,國泰20年美債正2,35,0,35,國泰-台南,2024-01-22,8884
00902,中信電池及儲能,34,0,34,國泰-台南,2024-01-22,8884
2027,大成鋼,37,4,33,國泰-台南,2024-01-22,8884
6219,富旺,40,10,30,國泰-台南,2024-01-22,8884
3607,谷崧,30,1,29,國泰-台南,2024-01-22,8884
5398,慕康生醫,29,0,29,國泰-台南,2024-01-22,8884
4915,致伸,30,2,28,國泰-台南,2024-01-22,8884
1301,台塑,40,12,28,國泰-台南,2024-01-22,8884
3711,日月光投控,35,10,25,國泰-台南,2024-01-22,8884
2317,鴻海,30,5,25,國泰-台南,2024-01-22,8884
00935,野村臺灣新科技50,30,6,24,國泰-台南,2024-01-22,8884
2887,台新金,24,1,23,國泰-台南,2024-01-22,8884
2603,長榮,40,18,22,國泰-台南,2024-01-22,8884
00703,台新MSCI中國,20,0,20,國泰-台南,2024-01-22,8884
2884,玉山金,23,4,19,國泰-台南,2024-01-22,8884
1303,南亞,20,0,20,國泰-台南,2024-01-22,8884
2002,中鋼,19,0,19,國泰-台南,2024-01-22,8884
3059,華晶科,20,1,19,國泰-台南,2024-01-22,8884
1514,亞力,52,33,19,國泰-台南,2024-01-22,8884
3615,安可,58,40,18,國泰-台南,2024-01-22,8884
3623,富晶通,80,63,17,國泰-台南,2024-01-22,8884
3715,定穎投控,21,5,16,國泰-台南,2024-01-22,8884
2408,南亞科,18,2,16,國泰-台南,2024-01-22,8884
00753L,中信中國50正2,18,3,15,國泰-台南,2024-01-22,8884
00669R,國泰美國道瓊反1,22,7,15,國泰-台南,2024-01-22,8884
3580,友威科,15,0,15,國泰-台南,2024-01-22,8884
8027,鈦昇,21,6,15,國泰-台南,2024-01-22,8884
3706,神達,465,101,364,國泰-台南,2024-01-23,8884
6218,豪勉,171,25,146,國泰-台南,2024-01-23,8884
00937B,群益ESG投等債20,123,7,116,國泰-台南,2024-01-23,8884
00929,復華台灣科技優息,151,85,66,國泰-台南,2024-01-23,8884
6219,富旺,61,0,61,國泰-台南,2024-01-23,8884
00679B,元大美債20年,61,3,58,國泰-台南,2024-01-23,8884
00673R,期元大S＆P原油反1,53,0,53,國泰-台南,2024-01-23,8884
00933B,國泰10Y+金融債,61,10,51,國泰-台南,2024-01-23,8884
3380,明泰,118,69,49,國泰-台南,2024-01-23,8884
2618,長榮航,85,36,49,國泰-台南,2024-01-23,8884
2609,陽明,73,24,49,國泰-台南,2024-01-23,8884
2356,英業達,359,314,45,國泰-台南,2024-01-23,8884
00687B,國泰20年美債,56,11,45,國泰-台南,2024-01-23,8884
2888,新光金,47,2,45,國泰-台南,2024-01-23,8884
00676R,富邦臺灣加權反1,44,0,44,國泰-台南,2024-01-23,8884
00637L,元大滬深300正2,65,27,38,國泰-台南,2024-01-23,8884
00680L,元大美債20正2,47,9,38,國泰-台南,2024-01-23,8884
2355,敬鵬,35,2,33,國泰-台南,2024-01-23,8884
2362,藍天,51,19,32,國泰-台南,2024-01-23,8884
1605,華新,33,3,30,國泰-台南,2024-01-23,8884
00632R,元大台灣50反1,39,10,29,國泰-台南,2024-01-23,8884
3149,正達,29,0,29,國泰-台南,2024-01-23,8884
2027,大成鋼,28,0,28,國泰-台南,2024-01-23,8884
00688L,國泰20年美債正2,29,1,28,國泰-台南,2024-01-23,8884
2886,兆豐金,34,7,27,國泰-台南,2024-01-23,8884
00919,群益台灣精選高息,96,70,26,國泰-台南,2024-01-23,8884
00751B,元大AAA至A公司債,27,1,26,國泰-台南,2024-01-23,8884
00916,國泰全球品牌50,25,0,25,國泰-台南,2024-01-23,8884
8050,廣積,26,2,24,國泰-台南,2024-01-23,8884
00904,新光臺灣半導體30,23,1,22,國泰-台南,2024-01-23,8884
2634,漢翔,20,0,20,國泰-台南,2024-01-23,8884
6140,訊達,224,205,19,國泰-台南,2024-01-23,8884
3010,華立,18,0,18,國泰-台南,2024-01-23,8884
6120,達運,34,17,17,國泰-台南,2024-01-23,8884
00902,中信電池及儲能,17,0,17,國泰-台南,2024-01-23,8884
5355,佳總,18,1,17,國泰-台南,2024-01-23,8884
2890,永豐金,18,2,16,國泰-台南,2024-01-23,8884
2347,聯強,15,0,15,國泰-台南,2024-01-23,8884
3490,單井,15,0,15,國泰-台南,2024-01-23,8884
2316,楠梓電,37,22,15,國泰-台南,2024-01-23,8884
6237,驊訊,81,66,15,國泰-台南,2024-01-23,8884
2376,技嘉,48,34,14,國泰-台南,2024-01-23,8884
4956,光鋐,55,41,14,國泰-台南,2024-01-23,8884
3036,文曄,51,37,14,國泰-台南,2024-01-23,8884
2332,友訊,13,0,13,國泰-台南,2024-01-23,8884
8489,三貝德,14,1,13,國泰-台南,2024-01-23,8884
6179,亞通,17,4,13,國泰-台南,2024-01-23,8884
8112,至上,14,1,13,國泰-台南,2024-01-23,8884
2706,第一店,13,1,12,國泰-台南,2024-01-23,8884
2883,凱基金,22,11,11,國泰-台南,2024-01-23,8884
00937B,群益ESG投等債20,522,5,517,國泰-台南,2024-01-24,8884
00665L,富邦�琤肭磪囓�2,516,1,515,國泰-台南,2024-01-24,8884
4714,永捷,245,16,229,國泰-台南,2024-01-24,8884
00687B,國泰20年美債,220,2,218,國泰-台南,2024-01-24,8884
00688L,國泰20年美債正2,160,0,160,國泰-台南,2024-01-24,8884
8105,凌巨,125,0,125,國泰-台南,2024-01-24,8884
3712,永崴投控,120,22,98,國泰-台南,2024-01-24,8884
00882,中信中國高股息,107,12,95,國泰-台南,2024-01-24,8884
00679B,元大美債20年,104,12,92,國泰-台南,2024-01-24,8884
3706,神達,200,124,76,國泰-台南,2024-01-24,8884
2409,友達,87,14,73,國泰-台南,2024-01-24,8884
00632R,元大台灣50反1,74,5,69,國泰-台南,2024-01-24,8884
00933B,國泰10Y+金融債,103,36,67,國泰-台南,2024-01-24,8884
6806,森崴能源,62,0,62,國泰-台南,2024-01-24,8884
00645,富邦日本,58,1,57,國泰-台南,2024-01-24,8884
4729,熒茂,57,2,55,國泰-台南,2024-01-24,8884
5515,建國,53,0,53,國泰-台南,2024-01-24,8884
00902,中信電池及儲能,53,1,52,國泰-台南,2024-01-24,8884
1802,台玻,50,0,50,國泰-台南,2024-01-24,8884
2317,鴻海,58,10,48,國泰-台南,2024-01-24,8884
3380,明泰,48,0,48,國泰-台南,2024-01-24,8884
2888,新光金,56,8,48,國泰-台南,2024-01-24,8884
3149,正達,55,9,46,國泰-台南,2024-01-24,8884
00676R,富邦臺灣加權反1,42,0,42,國泰-台南,2024-01-24,8884
6695,芯鼎,58,20,38,國泰-台南,2024-01-24,8884
8050,廣積,45,11,34,國泰-台南,2024-01-24,8884
5426,振發,86,55,31,國泰-台南,2024-01-24,8884
3010,華立,30,0,30,國泰-台南,2024-01-24,8884
4909,新復興,131,103,28,國泰-台南,2024-01-24,8884
2324,仁寶,48,20,28,國泰-台南,2024-01-24,8884
00795B,中信美國公債20年,27,1,26,國泰-台南,2024-01-24,8884
3055,蔚華科,97,72,25,國泰-台南,2024-01-24,8884
2353,宏��,98,77,21,國泰-台南,2024-01-24,8884
1513,中興電,35,14,21,國泰-台南,2024-01-24,8884
8027,鈦昇,37,17,20,國泰-台南,2024-01-24,8884
910322,康師傅-DR,22,3,19,國泰-台南,2024-01-24,8884
2457,飛宏,20,2,18,國泰-台南,2024-01-24,8884
6770,力積電,22,4,18,國泰-台南,2024-01-24,8884
2609,陽明,35,18,17,國泰-台南,2024-01-24,8884
00712,復華富時不動產,29,12,17,國泰-台南,2024-01-24,8884
00680L,元大美債20正2,20,3,17,國泰-台南,2024-01-24,8884
2641,正德,17,1,16,國泰-台南,2024-01-24,8884
6167,久正,26,10,16,國泰-台南,2024-01-24,8884
2891,中信金,20,5,15,國泰-台南,2024-01-24,8884
8054,安國,30,15,15,國泰-台南,2024-01-24,8884
00753L,中信中國50正2,58,43,15,國泰-台南,2024-01-24,8884
3686,達能,15,0,15,國泰-台南,2024-01-24,8884
2618,長榮航,64,50,14,國泰-台南,2024-01-24,8884
2607,榮運,31,17,14,國泰-台南,2024-01-24,8884
00633L,富邦上証正2,15,1,14,國泰-台南,2024-01-24,8884
00632R,元大台灣50反1,866,5,861,國泰-台南,2024-01-25,8884
00687B,國泰20年美債,307,47,260,國泰-台南,2024-01-25,8884
00937B,群益ESG投等債20,281,39,242,國泰-台南,2024-01-25,8884
00680L,元大美債20正2,163,6,157,國泰-台南,2024-01-25,8884
3706,神達,143,11,132,國泰-台南,2024-01-25,8884
8096,擎亞,527,417,110,國泰-台南,2024-01-25,8884
00679B,元大美債20年,287,185,102,國泰-台南,2024-01-25,8884
6113,亞矽,221,131,90,國泰-台南,2024-01-25,8884
00673R,期元大S＆P原油反1,71,0,71,國泰-台南,2024-01-25,8884
6218,豪勉,80,13,67,國泰-台南,2024-01-25,8884
3437,榮創,69,4,65,國泰-台南,2024-01-25,8884
00720B,元大投資級公司債,66,2,64,國泰-台南,2024-01-25,8884
00664R,國泰臺灣加權反1,50,0,50,國泰-台南,2024-01-25,8884
2421,建準,64,21,43,國泰-台南,2024-01-25,8884
1721,三晃,92,49,43,國泰-台南,2024-01-25,8884
2329,華泰,76,39,37,國泰-台南,2024-01-25,8884
00753L,中信中國50正2,69,32,37,國泰-台南,2024-01-25,8884
00933B,國泰10Y+金融債,45,11,34,國泰-台南,2024-01-25,8884
2618,長榮航,51,18,33,國泰-台南,2024-01-25,8884
2301,光寶科,38,6,32,國泰-台南,2024-01-25,8884
00751B,元大AAA至A公司債,32,0,32,國泰-台南,2024-01-25,8884
2409,友達,42,12,30,國泰-台南,2024-01-25,8884
2359,所羅門,30,0,30,國泰-台南,2024-01-25,8884
2356,英業達,239,210,29,國泰-台南,2024-01-25,8884
00712,復華富時不動產,43,14,29,國泰-台南,2024-01-25,8884
00931B,統一美債20年,29,0,29,國泰-台南,2024-01-25,8884
6120,達運,38,13,25,國泰-台南,2024-01-25,8884
2511,太子,25,0,25,國泰-台南,2024-01-25,8884
3380,明泰,26,2,24,國泰-台南,2024-01-25,8884
00676R,富邦臺灣加權反1,24,0,24,國泰-台南,2024-01-25,8884
1519,華城,39,16,23,國泰-台南,2024-01-25,8884
00857B,永豐20年美公債,23,0,23,國泰-台南,2024-01-25,8884
8059,凱碩,30,7,23,國泰-台南,2024-01-25,8884
6265,方土昶,37,15,22,國泰-台南,2024-01-25,8884
6276,安鈦克,32,11,21,國泰-台南,2024-01-25,8884
00715L,期街口布蘭特正2,76,55,21,國泰-台南,2024-01-25,8884
00885,富邦越南,22,1,21,國泰-台南,2024-01-25,8884
4904,遠傳,20,0,20,國泰-台南,2024-01-25,8884
4915,致伸,20,0,20,國泰-台南,2024-01-25,8884
3059,華晶科,21,1,20,國泰-台南,2024-01-25,8884
3686,達能,20,0,20,國泰-台南,2024-01-25,8884
00795B,中信美國公債20年,20,0,20,國泰-台南,2024-01-25,8884
2884,玉山金,24,5,19,國泰-台南,2024-01-25,8884
4960,誠美材,21,2,19,國泰-台南,2024-01-25,8884
00900,富邦特選高股息30,20,2,18,國泰-台南,2024-01-25,8884
1513,中興電,18,1,17,國泰-台南,2024-01-25,8884
2605,新興,17,0,17,國泰-台南,2024-01-25,8884
2002,中鋼,22,6,16,國泰-台南,2024-01-25,8884
2609,陽明,34,18,16,國泰-台南,2024-01-25,8884
00706L,期元大S＆P日圓正2,55,39,16,國泰-台南,2024-01-25,8884
00919,群益台灣精選高息,340,22,318,國泰-台南,2024-01-26,8884
00929,復華台灣科技優息,405,153,252,國泰-台南,2024-01-26,8884
00878,國泰永續高股息,340,90,250,國泰-台南,2024-01-26,8884
2303,聯電,215,52,163,國泰-台南,2024-01-26,8884
00753L,中信中國50正2,128,6,122,國泰-台南,2024-01-26,8884
00687B,國泰20年美債,115,1,114,國泰-台南,2024-01-26,8884
00937B,群益ESG投等債20,144,31,113,國泰-台南,2024-01-26,8884
00688L,國泰20年美債正2,100,0,100,國泰-台南,2024-01-26,8884
5251,天鉞電,101,6,95,國泰-台南,2024-01-26,8884
3535,晶彩科,135,41,94,國泰-台南,2024-01-26,8884
00637L,元大滬深300正2,179,89,90,國泰-台南,2024-01-26,8884
00673R,期元大S＆P原油反1,67,0,67,國泰-台南,2024-01-26,8884
2324,仁寶,94,29,65,國泰-台南,2024-01-26,8884
00676R,富邦臺灣加權反1,55,0,55,國泰-台南,2024-01-26,8884
3380,明泰,60,6,54,國泰-台南,2024-01-26,8884
2365,昆盈,165,113,52,國泰-台南,2024-01-26,8884
00882,中信中國高股息,71,21,50,國泰-台南,2024-01-26,8884
2618,長榮航,52,3,49,國泰-台南,2024-01-26,8884
3360,尚立,119,71,48,國泰-台南,2024-01-26,8884
00680L,元大美債20正2,102,62,40,國泰-台南,2024-01-26,8884
8096,擎亞,274,238,36,國泰-台南,2024-01-26,8884
00715L,期街口布蘭特正2,99,68,31,國泰-台南,2024-01-26,8884
3623,富晶通,117,86,31,國泰-台南,2024-01-26,8884
00632R,元大台灣50反1,32,2,30,國泰-台南,2024-01-26,8884
3686,達能,30,0,30,國泰-台南,2024-01-26,8884
00665L,富邦�琤肭磪囓�2,194,165,29,國泰-台南,2024-01-26,8884
00720B,元大投資級公司債,29,1,28,國泰-台南,2024-01-26,8884
3035,智原,39,14,25,國泰-台南,2024-01-26,8884
00712,復華富時不動產,29,4,25,國泰-台南,2024-01-26,8884
2486,一詮,54,29,25,國泰-台南,2024-01-26,8884
2609,陽明,57,34,23,國泰-台南,2024-01-26,8884
5328,華容,24,2,22,國泰-台南,2024-01-26,8884
8064,東捷,24,2,22,國泰-台南,2024-01-26,8884
00631L,元大台灣50正2,24,2,22,國泰-台南,2024-01-26,8884
0056,元大高股息,56,35,21,國泰-台南,2024-01-26,8884
00931B,統一美債20年,22,1,21,國泰-台南,2024-01-26,8884
006206,元大上證50,74,54,20,國泰-台南,2024-01-26,8884
5426,振發,187,167,20,國泰-台南,2024-01-26,8884
1309,台達化,22,2,20,國泰-台南,2024-01-26,8884
2393,億光,20,1,19,國泰-台南,2024-01-26,8884
00645,富邦日本,20,2,18,國泰-台南,2024-01-26,8884
00679B,元大美債20年,32,14,18,國泰-台南,2024-01-26,8884
00934,中信成長高股息,27,9,18,國泰-台南,2024-01-26,8884
00900,富邦特選高股息30,19,3,16,國泰-台南,2024-01-26,8884
3002,歐格,16,0,16,國泰-台南,2024-01-26,8884
2641,正德,16,0,16,國泰-台南,2024-01-26,8884
3231,緯創,97,82,15,國泰-台南,2024-01-26,8884
2867,三商壽,15,0,15,國泰-台南,2024-01-26,8884
4306,炎洲,15,0,15,國泰-台南,2024-01-26,8884
8467,波力-KY,15,0,15,國泰-台南,2024-01-26,8884
00687B,國泰20年美債,340,1,339,國泰-台南,2024-01-29,8884
00937B,群益ESG投等債20,286,2,284,國泰-台南,2024-01-29,8884
2641,正德,200,0,200,國泰-台南,2024-01-29,8884
00665L,富邦�琤肭磪囓�2,333,184,149,國泰-台南,2024-01-29,8884
00688L,國泰20年美債正2,146,30,116,國泰-台南,2024-01-29,8884
00673R,期元大S＆P原油反1,91,0,91,國泰-台南,2024-01-29,8884
2489,瑞軒,90,0,90,國泰-台南,2024-01-29,8884
00933B,國泰10Y+金融債,86,0,86,國泰-台南,2024-01-29,8884
5608,四維航,81,0,81,國泰-台南,2024-01-29,8884
00676R,富邦臺灣加權反1,70,0,70,國泰-台南,2024-01-29,8884
00639,富邦深100,68,0,68,國泰-台南,2024-01-29,8884
00632R,元大台灣50反1,87,25,62,國泰-台南,2024-01-29,8884
3339,泰谷,93,32,61,國泰-台南,2024-01-29,8884
006205,富邦上証,51,0,51,國泰-台南,2024-01-29,8884
006207,復華滬深,50,0,50,國泰-台南,2024-01-29,8884
3297,杭特,52,2,50,國泰-台南,2024-01-29,8884
00882,中信中國高股息,77,29,48,國泰-台南,2024-01-29,8884
3231,緯創,121,73,48,國泰-台南,2024-01-29,8884
00919,群益台灣精選高息,260,214,46,國泰-台南,2024-01-29,8884
00679B,元大美債20年,53,8,45,國泰-台南,2024-01-29,8884
2867,三商壽,45,1,44,國泰-台南,2024-01-29,8884
2303,聯電,46,6,40,國泰-台南,2024-01-29,8884
6695,芯鼎,63,26,37,國泰-台南,2024-01-29,8884
2365,昆盈,40,4,36,國泰-台南,2024-01-29,8884
2421,建準,142,106,36,國泰-台南,2024-01-29,8884
00772B,中信高評級公司債,38,3,35,國泰-台南,2024-01-29,8884
8089,康全電訊,41,6,35,國泰-台南,2024-01-29,8884
3686,達能,35,0,35,國泰-台南,2024-01-29,8884
2609,陽明,43,13,30,國泰-台南,2024-01-29,8884
2031,新光鋼,30,0,30,國泰-台南,2024-01-29,8884
3002,歐格,76,50,26,國泰-台南,2024-01-29,8884
2409,友達,33,7,26,國泰-台南,2024-01-29,8884
00902,中信電池及儲能,25,0,25,國泰-台南,2024-01-29,8884
2610,華航,85,60,25,國泰-台南,2024-01-29,8884
3605,宏致,46,23,23,國泰-台南,2024-01-29,8884
00936,台新永續高息中小,24,2,22,國泰-台南,2024-01-29,8884
6218,豪勉,25,4,21,國泰-台南,2024-01-29,8884
2511,太子,21,0,21,國泰-台南,2024-01-29,8884
2903,遠百,20,0,20,國泰-台南,2024-01-29,8884
00720B,元大投資級公司債,18,0,18,國泰-台南,2024-01-29,8884
2344,華邦電,21,4,17,國泰-台南,2024-01-29,8884
6139,亞翔,20,3,17,國泰-台南,2024-01-29,8884
00885,富邦越南,17,0,17,國泰-台南,2024-01-29,8884
1101,台泥,16,0,16,國泰-台南,2024-01-29,8884
2458,義隆,16,1,15,國泰-台南,2024-01-29,8884
2356,英業達,100,85,15,國泰-台南,2024-01-29,8884
00795B,中信美國公債20年,14,0,14,國泰-台南,2024-01-29,8884
2317,鴻海,23,9,14,國泰-台南,2024-01-29,8884
2530,華建,14,0,14,國泰-台南,2024-01-29,8884
3615,安可,134,121,13,國泰-台南,2024-01-29,8884
00665L,富邦�琤肭磪囓�2,224,39,185,國泰-台南,2024-01-30,8884
00637L,元大滬深300正2,173,0,173,國泰-台南,2024-01-30,8884
00632R,元大台灣50反1,169,0,169,國泰-台南,2024-01-30,8884
00937B,群益ESG投等債20,127,8,119,國泰-台南,2024-01-30,8884
00882,中信中國高股息,128,17,111,國泰-台南,2024-01-30,8884
00680L,元大美債20正2,180,85,95,國泰-台南,2024-01-30,8884
00687B,國泰20年美債,142,60,82,國泰-台南,2024-01-30,8884
00903,富邦元宇宙,80,0,80,國泰-台南,2024-01-30,8884
2489,瑞軒,70,0,70,國泰-台南,2024-01-30,8884
00933B,國泰10Y+金融債,72,6,66,國泰-台南,2024-01-30,8884
2867,三商壽,80,16,64,國泰-台南,2024-01-30,8884
00753L,中信中國50正2,62,14,48,國泰-台南,2024-01-30,8884
2882,國泰金,48,1,47,國泰-台南,2024-01-30,8884
2607,榮運,42,0,42,國泰-台南,2024-01-30,8884
00688L,國泰20年美債正2,49,13,36,國泰-台南,2024-01-30,8884
00878,國泰永續高股息,96,60,36,國泰-台南,2024-01-30,8884
2511,太子,35,0,35,國泰-台南,2024-01-30,8884
2812,台中銀,35,0,35,國泰-台南,2024-01-30,8884
2344,華邦電,48,14,34,國泰-台南,2024-01-30,8884
5608,四維航,33,0,33,國泰-台南,2024-01-30,8884
2369,菱生,203,173,30,國泰-台南,2024-01-30,8884
6414,樺漢,28,0,28,國泰-台南,2024-01-30,8884
8936,國統,36,8,28,國泰-台南,2024-01-30,8884
00725B,國泰投資級公司債,27,0,27,國泰-台南,2024-01-30,8884
5871,中租-KY,24,0,24,國泰-台南,2024-01-30,8884
4714,永捷,25,2,23,國泰-台南,2024-01-30,8884
2887,台新金,25,3,22,國泰-台南,2024-01-30,8884
2353,宏��,72,50,22,國泰-台南,2024-01-30,8884
2409,友達,25,4,21,國泰-台南,2024-01-30,8884
3694,海華,100,79,21,國泰-台南,2024-01-30,8884
3128,昇銳,21,1,20,國泰-台南,2024-01-30,8884
3686,達能,20,0,20,國泰-台南,2024-01-30,8884
5880,合庫金,22,2,20,國泰-台南,2024-01-30,8884
5223,安力-KY,21,2,19,國泰-台南,2024-01-30,8884
1101,台泥,21,3,18,國泰-台南,2024-01-30,8884
2886,兆豐金,20,2,18,國泰-台南,2024-01-30,8884
1304,台聚,18,0,18,國泰-台南,2024-01-30,8884
3715,定穎投控,61,43,18,國泰-台南,2024-01-30,8884
2543,皇昌,17,1,16,國泰-台南,2024-01-30,8884
1714,和桐,16,1,15,國泰-台南,2024-01-30,8884
2618,長榮航,45,30,15,國泰-台南,2024-01-30,8884
4167,松瑞藥,15,0,15,國泰-台南,2024-01-30,8884
5484,慧友,15,0,15,國泰-台南,2024-01-30,8884
2002,中鋼,17,2,15,國泰-台南,2024-01-30,8884
6155,鈞寶,14,0,14,國泰-台南,2024-01-30,8884
00752,中信中國50,22,8,14,國泰-台南,2024-01-30,8884
3437,榮創,19,6,13,國泰-台南,2024-01-30,8884
2467,志聖,23,10,13,國泰-台南,2024-01-30,8884
00676R,富邦臺灣加權反1,13,0,13,國泰-台南,2024-01-30,8884
2317,鴻海,15,3,12,國泰-台南,2024-01-30,8884
3360,尚立,521,94,427,國泰-台南,2024-01-31,8884
00687B,國泰20年美債,279,14,265,國泰-台南,2024-01-31,8884
00929,復華台灣科技優息,295,142,153,國泰-台南,2024-01-31,8884
3706,神達,224,96,128,國泰-台南,2024-01-31,8884
00680L,元大美債20正2,128,1,127,國泰-台南,2024-01-31,8884
3535,晶彩科,131,7,124,國泰-台南,2024-01-31,8884
00937B,群益ESG投等債20,144,29,115,國泰-台南,2024-01-31,8884
5272,笙科,109,0,109,國泰-台南,2024-01-31,8884
00919,群益台灣精選高息,136,32,104,國泰-台南,2024-01-31,8884
3231,緯創,132,48,84,國泰-台南,2024-01-31,8884
00878,國泰永續高股息,124,46,78,國泰-台南,2024-01-31,8884
00715L,期街口布蘭特正2,60,3,57,國泰-台南,2024-01-31,8884
00679B,元大美債20年,63,8,55,國泰-台南,2024-01-31,8884
2303,聯電,62,10,52,國泰-台南,2024-01-31,8884
6182,合晶,50,1,49,國泰-台南,2024-01-31,8884
5007,三星,48,0,48,國泰-台南,2024-01-31,8884
3297,杭特,50,4,46,國泰-台南,2024-01-31,8884
00712,復華富時不動產,48,5,43,國泰-台南,2024-01-31,8884
00646,元大S＆P500,43,0,43,國泰-台南,2024-01-31,8884
00753L,中信中國50正2,69,29,40,國泰-台南,2024-01-31,8884
00676R,富邦臺灣加權反1,38,0,38,國泰-台南,2024-01-31,8884
00665L,富邦�琤肭磪囓�2,134,99,35,國泰-台南,2024-01-31,8884
2543,皇昌,32,1,31,國泰-台南,2024-01-31,8884
2888,新光金,43,13,30,國泰-台南,2024-01-31,8884
00720B,元大投資級公司債,29,2,27,國泰-台南,2024-01-31,8884
00918,大華優利高填息30,31,4,27,國泰-台南,2024-01-31,8884
00933B,國泰10Y+金融債,42,15,27,國泰-台南,2024-01-31,8884
00882,中信中國高股息,36,11,25,國泰-台南,2024-01-31,8884
0056,元大高股息,40,15,25,國泰-台南,2024-01-31,8884
2330,台積電,35,12,23,國泰-台南,2024-01-31,8884
2329,華泰,51,30,21,國泰-台南,2024-01-31,8884
2356,英業達,92,71,21,國泰-台南,2024-01-31,8884
1101,台泥,23,2,21,國泰-台南,2024-01-31,8884
00903,富邦元宇宙,20,0,20,國泰-台南,2024-01-31,8884
2353,宏��,32,14,18,國泰-台南,2024-01-31,8884
2405,輔信,20,2,18,國泰-台南,2024-01-31,8884
00752,中信中國50,67,50,17,國泰-台南,2024-01-31,8884
2634,漢翔,18,1,17,國泰-台南,2024-01-31,8884
00725B,國泰投資級公司債,16,0,16,國泰-台南,2024-01-31,8884
3035,智原,23,7,16,國泰-台南,2024-01-31,8884
8936,國統,61,45,16,國泰-台南,2024-01-31,8884
2382,廣達,37,21,16,國泰-台南,2024-01-31,8884
00891,中信關鍵半導體,21,6,15,國泰-台南,2024-01-31,8884
2618,長榮航,59,45,14,國泰-台南,2024-01-31,8884
00770,國泰北美科技,14,0,14,國泰-台南,2024-01-31,8884
5439,高技,14,1,13,國泰-台南,2024-01-31,8884
6257,矽格,16,3,13,國泰-台南,2024-01-31,8884
8473,山林水,17,4,13,國泰-台南,2024-01-31,8884
00669R,國泰美國道瓊反1,13,0,13,國泰-台南,2024-01-31,8884
3702,大聯大,14,1,13,國泰-台南,2024-01-31,8884
00929,復華台灣科技優息,445,45,400,國泰-台南,2024-02-01,8884
00680L,元大美債20正2,204,76,128,國泰-台南,2024-02-01,8884
00712,復華富時不動產,140,15,125,國泰-台南,2024-02-01,8884
00878,國泰永續高股息,170,60,110,國泰-台南,2024-02-01,8884
2812,台中銀,185,91,94,國泰-台南,2024-02-01,8884
3615,安可,98,12,86,國泰-台南,2024-02-01,8884
9907,統一實,80,1,79,國泰-台南,2024-02-01,8884
3339,泰谷,134,60,74,國泰-台南,2024-02-01,8884
2888,新光金,57,3,54,國泰-台南,2024-02-01,8884
5007,三星,45,0,45,國泰-台南,2024-02-01,8884
00927,群益半導體收益,41,2,39,國泰-台南,2024-02-01,8884
6113,亞矽,137,99,38,國泰-台南,2024-02-01,8884
6265,方土昶,61,25,36,國泰-台南,2024-02-01,8884
00676R,富邦臺灣加權反1,34,0,34,國泰-台南,2024-02-01,8884
2303,聯電,65,32,33,國泰-台南,2024-02-01,8884
3434,哲固,46,17,29,國泰-台南,2024-02-01,8884
2421,建準,84,57,27,國泰-台南,2024-02-01,8884
00665L,富邦�琤肭磪囓�2,296,270,26,國泰-台南,2024-02-01,8884
4109,加捷生醫,25,1,24,國泰-台南,2024-02-01,8884
2364,倫飛,33,10,23,國泰-台南,2024-02-01,8884
00850,元大臺灣ESG永續,23,0,23,國泰-台南,2024-02-01,8884
2329,華泰,74,52,22,國泰-台南,2024-02-01,8884
5381,合正,23,1,22,國泰-台南,2024-02-01,8884
00902,中信電池及儲能,23,2,21,國泰-台南,2024-02-01,8884
3450,聯鈞,32,11,21,國泰-台南,2024-02-01,8884
3645,達邁,22,1,21,國泰-台南,2024-02-01,8884
4303,信立,28,7,21,國泰-台南,2024-02-01,8884
00671R,富邦NASDAQ反1,20,0,20,國泰-台南,2024-02-01,8884
00679B,元大美債20年,43,24,19,國泰-台南,2024-02-01,8884
3704,合勤控,17,0,17,國泰-台南,2024-02-01,8884
8040,九暘,30,14,16,國泰-台南,2024-02-01,8884
6233,旺玖,27,11,16,國泰-台南,2024-02-01,8884
6276,安鈦克,20,5,15,國泰-台南,2024-02-01,8884
3543,州巧,14,0,14,國泰-台南,2024-02-01,8884
00933B,國泰10Y+金融債,24,10,14,國泰-台南,2024-02-01,8884
00751B,元大AAA至A公司債,15,2,13,國泰-台南,2024-02-01,8884
6485,點序,13,0,13,國泰-台南,2024-02-01,8884
00904,新光臺灣半導體30,13,0,13,國泰-台南,2024-02-01,8884
6179,亞通,17,5,12,國泰-台南,2024-02-01,8884
5488,松普,20,8,12,國泰-台南,2024-02-01,8884
00673R,期元大S＆P原油反1,31,20,11,國泰-台南,2024-02-01,8884
6695,芯鼎,109,98,11,國泰-台南,2024-02-01,8884
2886,兆豐金,22,11,11,國泰-台南,2024-02-01,8884
3294,英濟,12,1,11,國泰-台南,2024-02-01,8884
2356,英業達,46,36,10,國泰-台南,2024-02-01,8884
9105,泰金寶-DR,11,1,10,國泰-台南,2024-02-01,8884
00915,凱基優選高股息30,10,0,10,國泰-台南,2024-02-01,8884
8085,福華,23,13,10,國泰-台南,2024-02-01,8884
00903,富邦元宇宙,10,0,10,國泰-台南,2024-02-01,8884
3483,力致,10,0,10,國泰-台南,2024-02-01,8884
00688L,國泰20年美債正2,494,42,452,國泰-台南,2024-02-02,8884
00937B,群益ESG投等債20,512,103,409,國泰-台南,2024-02-02,8884
6265,方土昶,244,60,184,國泰-台南,2024-02-02,8884
00933B,國泰10Y+金融債,225,42,183,國泰-台南,2024-02-02,8884
00929,復華台灣科技優息,192,40,152,國泰-台南,2024-02-02,8884
00712,復華富時不動產,170,24,146,國泰-台南,2024-02-02,8884
2489,瑞軒,121,0,121,國泰-台南,2024-02-02,8884
00919,群益台灣精選高息,125,8,117,國泰-台南,2024-02-02,8884
2303,聯電,103,11,92,國泰-台南,2024-02-02,8884
00637L,元大滬深300正2,81,10,71,國泰-台南,2024-02-02,8884
3380,明泰,71,7,64,國泰-台南,2024-02-02,8884
3234,光環,100,36,64,國泰-台南,2024-02-02,8884
2353,宏��,103,41,62,國泰-台南,2024-02-02,8884
2002,中鋼,65,5,60,國泰-台南,2024-02-02,8884
2603,長榮,80,22,58,國泰-台南,2024-02-02,8884
00676R,富邦臺灣加權反1,52,0,52,國泰-台南,2024-02-02,8884
9907,統一實,52,1,51,國泰-台南,2024-02-02,8884
00720B,元大投資級公司債,59,12,47,國泰-台南,2024-02-02,8884
3051,力特,44,5,39,國泰-台南,2024-02-02,8884
3711,日月光投控,41,4,37,國泰-台南,2024-02-02,8884
00882,中信中國高股息,60,23,37,國泰-台南,2024-02-02,8884
00877,復華中國5G,36,0,36,國泰-台南,2024-02-02,8884
2891,中信金,46,10,36,國泰-台南,2024-02-02,8884
2883,凱基金,37,2,35,國泰-台南,2024-02-02,8884
2609,陽明,55,21,34,國泰-台南,2024-02-02,8884
00891,中信關鍵半導體,37,7,30,國泰-台南,2024-02-02,8884
2317,鴻海,40,10,30,國泰-台南,2024-02-02,8884
8936,國統,42,13,29,國泰-台南,2024-02-02,8884
2313,華通,47,19,28,國泰-台南,2024-02-02,8884
6770,力積電,30,6,24,國泰-台南,2024-02-02,8884
1528,恩德,67,43,24,國泰-台南,2024-02-02,8884
3036,文曄,96,72,24,國泰-台南,2024-02-02,8884
1444,力麗,22,0,22,國泰-台南,2024-02-02,8884
4906,正文,38,16,22,國泰-台南,2024-02-02,8884
1514,亞力,65,45,20,國泰-台南,2024-02-02,8884
2344,華邦電,45,26,19,國泰-台南,2024-02-02,8884
2882,國泰金,22,3,19,國泰-台南,2024-02-02,8884
8027,鈦昇,20,1,19,國泰-台南,2024-02-02,8884
1503,士電,75,57,18,國泰-台南,2024-02-02,8884
8040,九暘,24,6,18,國泰-台南,2024-02-02,8884
3339,泰谷,211,193,18,國泰-台南,2024-02-02,8884
2501,國建,45,27,18,國泰-台南,2024-02-02,8884
3481,群創,78,61,17,國泰-台南,2024-02-02,8884
1795,美時,18,1,17,國泰-台南,2024-02-02,8884
2888,新光金,16,0,16,國泰-台南,2024-02-02,8884
00752,中信中國50,15,0,15,國泰-台南,2024-02-02,8884
2409,友達,28,13,15,國泰-台南,2024-02-02,8884
1101,台泥,21,6,15,國泰-台南,2024-02-02,8884
00930,永豐ESG低碳高息,15,1,14,國泰-台南,2024-02-02,8884
3704,合勤控,15,1,14,國泰-台南,2024-02-02,8884
00937B,群益ESG投等債20,612,21,591,國泰-台南,2024-02-05,8884
00715L,期街口布蘭特正2,182,0,182,國泰-台南,2024-02-05,8884
00933B,國泰10Y+金融債,189,23,166,國泰-台南,2024-02-05,8884
00706L,期元大S＆P日圓正2,161,0,161,國泰-台南,2024-02-05,8884
00712,復華富時不動產,156,3,153,國泰-台南,2024-02-05,8884
6265,方土昶,283,145,138,國泰-台南,2024-02-05,8884
00679B,元大美債20年,138,8,130,國泰-台南,2024-02-05,8884
00919,群益台灣精選高息,235,107,128,國泰-台南,2024-02-05,8884
00857B,永豐20年美公債,100,0,100,國泰-台南,2024-02-05,8884
00688L,國泰20年美債正2,158,82,76,國泰-台南,2024-02-05,8884
8096,擎亞,225,149,76,國泰-台南,2024-02-05,8884
4915,致伸,75,15,60,國泰-台南,2024-02-05,8884
4714,永捷,101,46,55,國泰-台南,2024-02-05,8884
8121,越峰,55,3,52,國泰-台南,2024-02-05,8884
00680L,元大美債20正2,156,107,49,國泰-台南,2024-02-05,8884
1528,恩德,140,90,50,國泰-台南,2024-02-05,8884
5225,東科-KY,54,5,49,國泰-台南,2024-02-05,8884
2489,瑞軒,50,2,48,國泰-台南,2024-02-05,8884
9105,泰金寶-DR,52,6,46,國泰-台南,2024-02-05,8884
2891,中信金,50,8,42,國泰-台南,2024-02-05,8884
00882,中信中國高股息,90,49,41,國泰-台南,2024-02-05,8884
2641,正德,40,0,40,國泰-台南,2024-02-05,8884
00877,復華中國5G,43,4,39,國泰-台南,2024-02-05,8884
6695,芯鼎,127,88,39,國泰-台南,2024-02-05,8884
00642U,期元大S＆P石油,37,0,37,國泰-台南,2024-02-05,8884
3034,聯詠,36,2,34,國泰-台南,2024-02-05,8884
00773B,中信優先金融債,32,0,32,國泰-台南,2024-02-05,8884
00795B,中信美國公債20年,32,0,32,國泰-台南,2024-02-05,8884
2882,國泰金,36,5,31,國泰-台南,2024-02-05,8884
3711,日月光投控,32,1,31,國泰-台南,2024-02-05,8884
5009,榮剛,31,1,30,國泰-台南,2024-02-05,8884
2884,玉山金,72,43,29,國泰-台南,2024-02-05,8884
2002,中鋼,53,24,29,國泰-台南,2024-02-05,8884
3360,尚立,35,6,29,國泰-台南,2024-02-05,8884
8054,安國,30,3,27,國泰-台南,2024-02-05,8884
2887,台新金,32,7,25,國泰-台南,2024-02-05,8884
00878,國泰永續高股息,172,147,25,國泰-台南,2024-02-05,8884
3605,宏致,23,0,23,國泰-台南,2024-02-05,8884
2025,千興,24,2,22,國泰-台南,2024-02-05,8884
5880,合庫金,20,0,20,國泰-台南,2024-02-05,8884
5521,工信,21,1,20,國泰-台南,2024-02-05,8884
2344,華邦電,21,1,20,國泰-台南,2024-02-05,8884
00751B,元大AAA至A公司債,26,7,19,國泰-台南,2024-02-05,8884
2812,台中銀,22,3,19,國泰-台南,2024-02-05,8884
2387,精元,18,0,18,國泰-台南,2024-02-05,8884
00931B,統一美債20年,39,22,17,國泰-台南,2024-02-05,8884
2303,聯電,76,59,17,國泰-台南,2024-02-05,8884
2329,華泰,77,61,16,國泰-台南,2024-02-05,8884
2618,長榮航,110,94,16,國泰-台南,2024-02-05,8884
00772B,中信高評級公司債,20,4,16,國泰-台南,2024-02-05,8884
00937B,群益ESG投等債20,625,122,503,國泰-台南,2024-02-15,8884
00673R,期元大S＆P原油反1,388,0,388,國泰-台南,2024-02-15,8884
00933B,國泰10Y+金融債,339,26,313,國泰-台南,2024-02-15,8884
00687B,國泰20年美債,433,125,308,國泰-台南,2024-02-15,8884
00679B,元大美債20年,302,3,299,國泰-台南,2024-02-15,8884
00680L,元大美債20正2,308,13,295,國泰-台南,2024-02-15,8884
00931B,統一美債20年,294,1,293,國泰-台南,2024-02-15,8884
00751B,元大AAA至A公司債,259,6,253,國泰-台南,2024-02-15,8884
00632R,元大台灣50反1,258,12,246,國泰-台南,2024-02-15,8884
00712,復華富時不動產,310,89,221,國泰-台南,2024-02-15,8884
00688L,國泰20年美債正2,221,7,214,國泰-台南,2024-02-15,8884
4303,信立,131,0,131,國泰-台南,2024-02-15,8884
00720B,元大投資級公司債,144,15,129,國泰-台南,2024-02-15,8884
2369,菱生,191,63,128,國泰-台南,2024-02-15,8884
4720,德淵,175,60,115,國泰-台南,2024-02-15,8884
00882,中信中國高股息,144,41,103,國泰-台南,2024-02-15,8884
2888,新光金,103,0,103,國泰-台南,2024-02-15,8884
00676R,富邦臺灣加權反1,83,0,83,國泰-台南,2024-02-15,8884
2344,華邦電,84,8,76,國泰-台南,2024-02-15,8884
00725B,國泰投資級公司債,75,7,68,國泰-台南,2024-02-15,8884
2610,華航,103,35,68,國泰-台南,2024-02-15,8884
2329,華泰,145,83,62,國泰-台南,2024-02-15,8884
5426,振發,85,25,60,國泰-台南,2024-02-15,8884
1449,佳和,64,5,59,國泰-台南,2024-02-15,8884
2481,強茂,54,3,51,國泰-台南,2024-02-15,8884
2356,英業達,239,188,51,國泰-台南,2024-02-15,8884
00867B,新光A-BBB電信債,50,0,50,國泰-台南,2024-02-15,8884
3535,晶彩科,58,9,49,國泰-台南,2024-02-15,8884
00772B,中信高評級公司債,45,1,44,國泰-台南,2024-02-15,8884
2353,宏��,63,22,41,國泰-台南,2024-02-15,8884
2002,中鋼,47,6,41,國泰-台南,2024-02-15,8884
2421,建準,96,59,37,國泰-台南,2024-02-15,8884
2025,千興,39,8,31,國泰-台南,2024-02-15,8884
00640L,富邦日本正2,30,0,30,國泰-台南,2024-02-15,8884
2365,昆盈,138,109,29,國泰-台南,2024-02-15,8884
3360,尚立,27,1,26,國泰-台南,2024-02-15,8884
4960,誠美材,30,4,26,國泰-台南,2024-02-15,8884
00706L,期元大S＆P日圓正2,22,0,22,國泰-台南,2024-02-15,8884
2317,鴻海,40,18,22,國泰-台南,2024-02-15,8884
00795B,中信美國公債20年,41,20,21,國泰-台南,2024-02-15,8884
8011,台通,26,5,21,國泰-台南,2024-02-15,8884
2006,東和鋼鐵,21,0,21,國泰-台南,2024-02-15,8884
2607,榮運,32,11,21,國泰-台南,2024-02-15,8884
6416,瑞祺電通,21,0,21,國泰-台南,2024-02-15,8884
5009,榮剛,20,0,20,國泰-台南,2024-02-15,8884
1785,光洋科,44,25,19,國泰-台南,2024-02-15,8884
5381,合正,23,5,18,國泰-台南,2024-02-15,8884
5225,東科-KY,29,11,18,國泰-台南,2024-02-15,8884
8054,安國,56,39,17,國泰-台南,2024-02-15,8884
2301,光寶科,24,7,17,國泰-台南,2024-02-15,8884
00687B,國泰20年美債,340,19,321,國泰-台南,2024-02-16,8884
00931B,統一美債20年,260,4,256,國泰-台南,2024-02-16,8884
00688L,國泰20年美債正2,194,0,194,國泰-台南,2024-02-16,8884
00933B,國泰10Y+金融債,174,1,173,國泰-台南,2024-02-16,8884
00937B,群益ESG投等債20,181,22,159,國泰-台南,2024-02-16,8884
2888,新光金,181,23,158,國泰-台南,2024-02-16,8884
00673R,期元大S＆P原油反1,155,0,155,國泰-台南,2024-02-16,8884
00929,復華台灣科技優息,392,257,135,國泰-台南,2024-02-16,8884
00679B,元大美債20年,139,13,126,國泰-台南,2024-02-16,8884
00696B,富邦美債20年,114,0,114,國泰-台南,2024-02-16,8884
00680L,元大美債20正2,96,0,96,國泰-台南,2024-02-16,8884
00751B,元大AAA至A公司債,82,1,81,國泰-台南,2024-02-16,8884
5225,東科-KY,77,1,76,國泰-台南,2024-02-16,8884
00878,國泰永續高股息,191,117,74,國泰-台南,2024-02-16,8884
2204,中華,82,11,71,國泰-台南,2024-02-16,8884
6126,信音,198,128,70,國泰-台南,2024-02-16,8884
2206,三陽工業,79,10,69,國泰-台南,2024-02-16,8884
00795B,中信美國公債20年,67,0,67,國泰-台南,2024-02-16,8884
00712,復華富時不動產,108,43,65,國泰-台南,2024-02-16,8884
00891,中信關鍵半導體,71,8,63,國泰-台南,2024-02-16,8884
00637L,元大滬深300正2,212,152,60,國泰-台南,2024-02-16,8884
4543,萬在,54,1,53,國泰-台南,2024-02-16,8884
5521,工信,52,1,51,國泰-台南,2024-02-16,8884
00664R,國泰臺灣加權反1,49,0,49,國泰-台南,2024-02-16,8884
2382,廣達,80,33,47,國泰-台南,2024-02-16,8884
00927,群益半導體收益,45,3,42,國泰-台南,2024-02-16,8884
6265,方土昶,324,286,38,國泰-台南,2024-02-16,8884
6218,豪勉,40,5,35,國泰-台南,2024-02-16,8884
2634,漢翔,38,4,34,國泰-台南,2024-02-16,8884
00753L,中信中國50正2,57,27,30,國泰-台南,2024-02-16,8884
00720B,元大投資級公司債,58,29,29,國泰-台南,2024-02-16,8884
8070,長華*,34,5,29,國泰-台南,2024-02-16,8884
6530,創威,48,20,28,國泰-台南,2024-02-16,8884
6125,廣運,84,57,27,國泰-台南,2024-02-16,8884
2006,東和鋼鐵,28,1,27,國泰-台南,2024-02-16,8884
8059,凱碩,46,21,25,國泰-台南,2024-02-16,8884
00676R,富邦臺灣加權反1,25,0,25,國泰-台南,2024-02-16,8884
2365,昆盈,142,118,24,國泰-台南,2024-02-16,8884
3715,定穎投控,37,14,23,國泰-台南,2024-02-16,8884
00772B,中信高評級公司債,23,0,23,國泰-台南,2024-02-16,8884
8096,擎亞,220,197,23,國泰-台南,2024-02-16,8884
2303,聯電,29,7,22,國泰-台南,2024-02-16,8884
7402,邑錡,25,3,22,國泰-台南,2024-02-16,8884
3622,洋華,26,4,22,國泰-台南,2024-02-16,8884
5880,合庫金,28,6,22,國泰-台南,2024-02-16,8884
6189,豐藝,31,10,21,國泰-台南,2024-02-16,8884
1101,台泥,35,14,21,國泰-台南,2024-02-16,8884
8064,東捷,85,64,21,國泰-台南,2024-02-16,8884
00857B,永豐20年美公債,21,0,21,國泰-台南,2024-02-16,8884
8121,越峰,22,1,21,國泰-台南,2024-02-16,8884
00937B,群益ESG投等債20,444,53,391,國泰-台南,2024-02-19,8884
00933B,國泰10Y+金融債,351,3,348,國泰-台南,2024-02-19,8884
00637L,元大滬深300正2,300,35,265,國泰-台南,2024-02-19,8884
00687B,國泰20年美債,258,5,253,國泰-台南,2024-02-19,8884
6265,方土昶,312,75,237,國泰-台南,2024-02-19,8884
00665L,富邦�琤肭磪囓�2,244,10,234,國泰-台南,2024-02-19,8884
00878,國泰永續高股息,247,82,165,國泰-台南,2024-02-19,8884
00919,群益台灣精選高息,235,108,127,國泰-台南,2024-02-19,8884
1616,億泰,106,3,103,國泰-台南,2024-02-19,8884
00712,復華富時不動產,107,7,100,國泰-台南,2024-02-19,8884
2369,菱生,350,251,99,國泰-台南,2024-02-19,8884
00679B,元大美債20年,93,4,89,國泰-台南,2024-02-19,8884
2515,中工,100,13,87,國泰-台南,2024-02-19,8884
00673R,期元大S＆P原油反1,77,0,77,國泰-台南,2024-02-19,8884
8096,擎亞,215,158,57,國泰-台南,2024-02-19,8884
00891,中信關鍵半導體,61,4,57,國泰-台南,2024-02-19,8884
00720B,元大投資級公司債,109,55,54,國泰-台南,2024-02-19,8884
6275,元山,54,4,50,國泰-台南,2024-02-19,8884
2107,厚生,50,0,50,國泰-台南,2024-02-19,8884
3605,宏致,49,0,49,國泰-台南,2024-02-19,8884
00772B,中信高評級公司債,60,17,43,國泰-台南,2024-02-19,8884
5426,振發,108,67,41,國泰-台南,2024-02-19,8884
00931B,統一美債20年,41,2,39,國泰-台南,2024-02-19,8884
1513,中興電,134,95,39,國泰-台南,2024-02-19,8884
3035,智原,49,10,39,國泰-台南,2024-02-19,8884
2618,長榮航,48,11,37,國泰-台南,2024-02-19,8884
2355,敬鵬,140,103,37,國泰-台南,2024-02-19,8884
2610,華航,62,26,36,國泰-台南,2024-02-19,8884
00688L,國泰20年美債正2,34,1,33,國泰-台南,2024-02-19,8884
2103,台橡,31,0,31,國泰-台南,2024-02-19,8884
3363,上詮,73,42,31,國泰-台南,2024-02-19,8884
00633L,富邦上証正2,33,2,31,國泰-台南,2024-02-19,8884
5328,華容,28,0,28,國泰-台南,2024-02-19,8884
2105,正新,31,4,27,國泰-台南,2024-02-19,8884
5443,均豪,42,16,26,國泰-台南,2024-02-19,8884
3231,緯創,88,62,26,國泰-台南,2024-02-19,8884
6125,廣運,91,67,24,國泰-台南,2024-02-19,8884
2421,建準,57,35,22,國泰-台南,2024-02-19,8884
2641,正德,22,0,22,國泰-台南,2024-02-19,8884
00935,野村臺灣新科技50,27,6,21,國泰-台南,2024-02-19,8884
2301,光寶科,24,3,21,國泰-台南,2024-02-19,8884
8059,凱碩,22,1,21,國泰-台南,2024-02-19,8884
3312,弘憶股,40,19,21,國泰-台南,2024-02-19,8884
2382,廣達,60,39,21,國泰-台南,2024-02-19,8884
1806,冠軍,54,34,20,國泰-台南,2024-02-19,8884
1504,東元,29,9,20,國泰-台南,2024-02-19,8884
1785,光洋科,53,33,20,國泰-台南,2024-02-19,8884
2465,麗臺,35,15,20,國泰-台南,2024-02-19,8884
4968,立積,48,29,19,國泰-台南,2024-02-19,8884
00662,富邦NASDAQ,19,0,19,國泰-台南,2024-02-19,8884
00933B,國泰10Y+金融債,307,106,201,國泰-台南,2024-02-20,8884
00673R,期元大S＆P原油反1,164,0,164,國泰-台南,2024-02-20,8884
00878,國泰永續高股息,328,193,135,國泰-台南,2024-02-20,8884
00712,復華富時不動產,139,9,130,國泰-台南,2024-02-20,8884
00665L,富邦�琤肭磪囓�2,146,20,126,國泰-台南,2024-02-20,8884
2489,瑞軒,154,42,112,國泰-台南,2024-02-20,8884
00937B,群益ESG投等債20,203,104,99,國泰-台南,2024-02-20,8884
2867,三商壽,94,0,94,國泰-台南,2024-02-20,8884
1616,億泰,81,0,81,國泰-台南,2024-02-20,8884
2369,菱生,164,88,76,國泰-台南,2024-02-20,8884
9105,泰金寶-DR,76,8,68,國泰-台南,2024-02-20,8884
8110,華東,90,32,58,國泰-台南,2024-02-20,8884
2609,陽明,157,100,57,國泰-台南,2024-02-20,8884
00931B,統一美債20年,56,0,56,國泰-台南,2024-02-20,8884
00680L,元大美債20正2,88,34,54,國泰-台南,2024-02-20,8884
00679B,元大美債20年,79,27,52,國泰-台南,2024-02-20,8884
00688L,國泰20年美債正2,49,0,49,國泰-台南,2024-02-20,8884
1609,大亞,77,33,44,國泰-台南,2024-02-20,8884
6164,華興,86,42,44,國泰-台南,2024-02-20,8884
2208,台船,38,0,38,國泰-台南,2024-02-20,8884
6141,柏承,59,21,38,國泰-台南,2024-02-20,8884
00772B,中信高評級公司債,39,2,37,國泰-台南,2024-02-20,8884
4960,誠美材,65,28,37,國泰-台南,2024-02-20,8884
00751B,元大AAA至A公司債,37,0,37,國泰-台南,2024-02-20,8884
6189,豐藝,110,76,34,國泰-台南,2024-02-20,8884
3002,歐格,37,5,32,國泰-台南,2024-02-20,8884
2331,精英,31,0,31,國泰-台南,2024-02-20,8884
00885,富邦越南,47,17,30,國泰-台南,2024-02-20,8884
3037,欣興,47,17,30,國泰-台南,2024-02-20,8884
8086,宏捷科,105,76,29,國泰-台南,2024-02-20,8884
5381,合正,49,22,27,國泰-台南,2024-02-20,8884
8096,擎亞,57,30,27,國泰-台南,2024-02-20,8884
1513,中興電,63,36,27,國泰-台南,2024-02-20,8884
00795B,中信美國公債20年,27,0,27,國泰-台南,2024-02-20,8884
2618,長榮航,31,6,25,國泰-台南,2024-02-20,8884
3260,威剛,51,27,24,國泰-台南,2024-02-20,8884
3481,群創,77,53,24,國泰-台南,2024-02-20,8884
3231,緯創,65,42,23,國泰-台南,2024-02-20,8884
9904,寶成,23,0,23,國泰-台南,2024-02-20,8884
2355,敬鵬,42,20,22,國泰-台南,2024-02-20,8884
3712,永崴投控,65,43,22,國泰-台南,2024-02-20,8884
2501,國建,22,0,22,國泰-台南,2024-02-20,8884
2329,華泰,169,148,21,國泰-台南,2024-02-20,8884
4561,健椿,20,2,18,國泰-台南,2024-02-20,8884
2382,廣達,28,10,18,國泰-台南,2024-02-20,8884
3035,智原,34,17,17,國泰-台南,2024-02-20,8884
1414,東和,30,13,17,國泰-台南,2024-02-20,8884
5202,力新,21,4,17,國泰-台南,2024-02-20,8884
00720B,元大投資級公司債,17,1,16,國泰-台南,2024-02-20,8884
00631L,元大台灣50正2,18,1,17,國泰-台南,2024-02-20,8884
1806,冠軍,451,3,448,國泰-台南,2024-02-21,8884
00878,國泰永續高股息,432,49,383,國泰-台南,2024-02-21,8884
00712,復華富時不動產,336,7,329,國泰-台南,2024-02-21,8884
00933B,國泰10Y+金融債,273,48,225,國泰-台南,2024-02-21,8884
00937B,群益ESG投等債20,424,209,215,國泰-台南,2024-02-21,8884
1455,集盛,173,3,170,國泰-台南,2024-02-21,8884
1316,上曜,278,159,119,國泰-台南,2024-02-21,8884
00919,群益台灣精選高息,246,140,106,國泰-台南,2024-02-21,8884
00722B,群益投資級電信債,102,0,102,國泰-台南,2024-02-21,8884
00687B,國泰20年美債,103,5,98,國泰-台南,2024-02-21,8884
2867,三商壽,95,9,86,國泰-台南,2024-02-21,8884
2888,新光金,94,8,86,國泰-台南,2024-02-21,8884
00673R,期元大S＆P原油反1,83,0,83,國泰-台南,2024-02-21,8884
2609,陽明,199,118,81,國泰-台南,2024-02-21,8884
3231,緯創,130,56,74,國泰-台南,2024-02-21,8884
00688L,國泰20年美債正2,75,2,73,國泰-台南,2024-02-21,8884
2303,聯電,80,10,70,國泰-台南,2024-02-21,8884
3047,訊舟,161,96,65,國泰-台南,2024-02-21,8884
2405,輔信,73,8,65,國泰-台南,2024-02-21,8884
00643,群益深証中小,60,0,60,國泰-台南,2024-02-21,8884
6282,康舒,81,23,58,國泰-台南,2024-02-21,8884
006207,復華滬深,55,0,55,國泰-台南,2024-02-21,8884
3481,群創,74,23,51,國泰-台南,2024-02-21,8884
00891,中信關鍵半導體,52,1,51,國泰-台南,2024-02-21,8884
8064,東捷,75,25,50,國泰-台南,2024-02-21,8884
00907,永豐優息存股,51,11,40,國泰-台南,2024-02-21,8884
2353,宏��,72,34,38,國泰-台南,2024-02-21,8884
2382,廣達,55,18,37,國泰-台南,2024-02-21,8884
2882,國泰金,41,4,37,國泰-台南,2024-02-21,8884
2208,台船,39,4,35,國泰-台南,2024-02-21,8884
2883,凱基金,57,23,34,國泰-台南,2024-02-21,8884
5521,工信,44,12,32,國泰-台南,2024-02-21,8884
6136,富爾特,31,1,30,國泰-台南,2024-02-21,8884
00904,新光臺灣半導體30,30,0,30,國泰-台南,2024-02-21,8884
3712,永崴投控,42,16,26,國泰-台南,2024-02-21,8884
1504,東元,25,0,25,國泰-台南,2024-02-21,8884
2884,玉山金,30,5,25,國泰-台南,2024-02-21,8884
3520,華盈,31,10,21,國泰-台南,2024-02-21,8884
2301,光寶科,21,0,21,國泰-台南,2024-02-21,8884
6578,達邦蛋白,50,29,21,國泰-台南,2024-02-21,8884
00913,兆豐台灣晶圓製造,20,0,20,國泰-台南,2024-02-21,8884
2885,元大金,19,0,19,國泰-台南,2024-02-21,8884
00757,統一FANG+,20,1,19,國泰-台南,2024-02-21,8884
2369,菱生,75,57,18,國泰-台南,2024-02-21,8884
3035,智原,51,32,19,國泰-台南,2024-02-21,8884
6153,嘉聯益,20,2,18,國泰-台南,2024-02-21,8884
3313,斐成,20,2,18,國泰-台南,2024-02-21,8884
00662,富邦NASDAQ,17,0,17,國泰-台南,2024-02-21,8884
2025,千興,23,6,17,國泰-台南,2024-02-21,8884
00680L,元大美債20正2,21,4,17,國泰-台南,2024-02-21,8884
00933B,國泰10Y+金融債,318,8,310,國泰-台南,2024-02-22,8884
00937B,群益ESG投等債20,280,22,258,國泰-台南,2024-02-22,8884
2337,旺宏,173,28,145,國泰-台南,2024-02-22,8884
9105,泰金寶-DR,166,29,137,國泰-台南,2024-02-22,8884
6136,富爾特,131,11,120,國泰-台南,2024-02-22,8884
00687B,國泰20年美債,121,6,115,國泰-台南,2024-02-22,8884
00665L,富邦�琤肭磪囓�2,135,24,111,國泰-台南,2024-02-22,8884
00878,國泰永續高股息,197,87,110,國泰-台南,2024-02-22,8884
00751B,元大AAA至A公司債,112,3,109,國泰-台南,2024-02-22,8884
00706L,期元大S＆P日圓正2,105,0,105,國泰-台南,2024-02-22,8884
00722B,群益投資級電信債,106,1,105,國泰-台南,2024-02-22,8884
3374,精材,86,4,82,國泰-台南,2024-02-22,8884
00712,復華富時不動產,90,16,74,國泰-台南,2024-02-22,8884
00637L,元大滬深300正2,94,21,73,國泰-台南,2024-02-22,8884
6126,信音,77,23,54,國泰-台南,2024-02-22,8884
5202,力新,51,0,51,國泰-台南,2024-02-22,8884
2489,瑞軒,153,103,50,國泰-台南,2024-02-22,8884
2884,玉山金,48,1,47,國泰-台南,2024-02-22,8884
00919,群益台灣精選高息,340,296,44,國泰-台南,2024-02-22,8884
2897,王道銀行,44,0,44,國泰-台南,2024-02-22,8884
1414,東和,44,0,44,國泰-台南,2024-02-22,8884
3221,台嘉碩,84,42,42,國泰-台南,2024-02-22,8884
2362,藍天,44,2,42,國泰-台南,2024-02-22,8884
00679B,元大美債20年,48,9,39,國泰-台南,2024-02-22,8884
2610,華航,46,9,37,國泰-台南,2024-02-22,8884
00688L,國泰20年美債正2,54,17,37,國泰-台南,2024-02-22,8884
00720B,元大投資級公司債,63,26,37,國泰-台南,2024-02-22,8884
1513,中興電,90,55,35,國泰-台南,2024-02-22,8884
2888,新光金,55,21,34,國泰-台南,2024-02-22,8884
00923,群益台ESG低碳50,53,21,32,國泰-台南,2024-02-22,8884
00795B,中信美國公債20年,31,0,31,國泰-台南,2024-02-22,8884
1319,東陽,45,14,31,國泰-台南,2024-02-22,8884
00931B,統一美債20年,31,0,31,國泰-台南,2024-02-22,8884
3163,波若威,50,21,29,國泰-台南,2024-02-22,8884
2303,聯電,53,24,29,國泰-台南,2024-02-22,8884
6164,華興,35,8,27,國泰-台南,2024-02-22,8884
3312,弘憶股,42,16,26,國泰-台南,2024-02-22,8884
3689,湧德,54,28,26,國泰-台南,2024-02-22,8884
00673R,期元大S＆P原油反1,23,0,23,國泰-台南,2024-02-22,8884
8936,國統,33,11,22,國泰-台南,2024-02-22,8884
1316,上曜,113,91,22,國泰-台南,2024-02-22,8884
00929,復華台灣科技優息,302,281,21,國泰-台南,2024-02-22,8884
3481,群創,23,3,20,國泰-台南,2024-02-22,8884
3005,神基,48,28,20,國泰-台南,2024-02-22,8884
8110,華東,37,17,20,國泰-台南,2024-02-22,8884
2363,矽統,21,4,17,國泰-台南,2024-02-22,8884
2605,新興,31,15,16,國泰-台南,2024-02-22,8884
6207,雷科,28,12,16,國泰-台南,2024-02-22,8884
00830,國泰費城半導體,29,13,16,國泰-台南,2024-02-22,8884
2911,麗嬰房,16,1,15,國泰-台南,2024-02-22,8884
00933B,國泰10Y+金融債,228,3,225,國泰-台南,2024-02-23,8884
1316,上曜,353,128,225,國泰-台南,2024-02-23,8884
00676R,富邦臺灣加權反1,209,0,209,國泰-台南,2024-02-23,8884
00878,國泰永續高股息,346,158,188,國泰-台南,2024-02-23,8884
00937B,群益ESG投等債20,253,101,152,國泰-台南,2024-02-23,8884
8064,東捷,232,111,121,國泰-台南,2024-02-23,8884
00665L,富邦�琤肭磪囓�2,227,111,116,國泰-台南,2024-02-23,8884
1815,富喬,149,35,114,國泰-台南,2024-02-23,8884
3313,斐成,114,8,106,國泰-台南,2024-02-23,8884
2355,敬鵬,103,1,102,國泰-台南,2024-02-23,8884
00687B,國泰20年美債,257,155,102,國泰-台南,2024-02-23,8884
00664R,國泰臺灣加權反1,101,0,101,國泰-台南,2024-02-23,8884
00706L,期元大S＆P日圓正2,100,2,98,國泰-台南,2024-02-23,8884
5521,工信,111,13,98,國泰-台南,2024-02-23,8884
00679B,元大美債20年,86,0,86,國泰-台南,2024-02-23,8884
00661,元大日經225,80,0,80,國泰-台南,2024-02-23,8884
3712,永崴投控,82,5,77,國泰-台南,2024-02-23,8884
2353,宏��,97,29,68,國泰-台南,2024-02-23,8884
00688L,國泰20年美債正2,67,0,67,國泰-台南,2024-02-23,8884
1717,長興,83,24,59,國泰-台南,2024-02-23,8884
00795B,中信美國公債20年,68,10,58,國泰-台南,2024-02-23,8884
1618,合機,55,4,51,國泰-台南,2024-02-23,8884
1414,東和,50,0,50,國泰-台南,2024-02-23,8884
2331,精英,81,34,47,國泰-台南,2024-02-23,8884
6126,信音,200,153,47,國泰-台南,2024-02-23,8884
3231,緯創,158,113,45,國泰-台南,2024-02-23,8884
2618,長榮航,66,22,44,國泰-台南,2024-02-23,8884
1809,中釉,62,20,42,國泰-台南,2024-02-23,8884
2002,中鋼,47,6,41,國泰-台南,2024-02-23,8884
2855,統一證,40,1,39,國泰-台南,2024-02-23,8884
00712,復華富時不動產,64,25,39,國泰-台南,2024-02-23,8884
00632R,元大台灣50反1,58,21,37,國泰-台南,2024-02-23,8884
6770,力積電,53,16,37,國泰-台南,2024-02-23,8884
2101,南港,45,10,35,國泰-台南,2024-02-23,8884
2609,陽明,128,94,34,國泰-台南,2024-02-23,8884
0050,元大台灣50,48,16,32,國泰-台南,2024-02-23,8884
3694,海華,34,3,31,國泰-台南,2024-02-23,8884
1609,大亞,94,66,28,國泰-台南,2024-02-23,8884
2885,元大金,29,2,27,國泰-台南,2024-02-23,8884
3466,德晉,27,0,27,國泰-台南,2024-02-23,8884
3041,揚智,102,76,26,國泰-台南,2024-02-23,8884
3535,晶彩科,31,5,26,國泰-台南,2024-02-23,8884
9105,泰金寶-DR,89,64,25,國泰-台南,2024-02-23,8884
3051,力特,35,10,25,國泰-台南,2024-02-23,8884
3017,奇鋐,45,21,24,國泰-台南,2024-02-23,8884
00936,台新永續高息中小,25,2,23,國泰-台南,2024-02-23,8884
2464,盟立,76,53,23,國泰-台南,2024-02-23,8884
2812,台中銀,23,0,23,國泰-台南,2024-02-23,8884
2867,三商壽,39,17,22,國泰-台南,2024-02-23,8884
2313,華通,281,259,22,國泰-台南,2024-02-23,8884
00878,國泰永續高股息,885,131,754,國泰-台南,2024-02-26,8884
00665L,富邦�琤肭磪囓�2,336,94,242,國泰-台南,2024-02-26,8884
00929,復華台灣科技優息,438,287,151,國泰-台南,2024-02-26,8884
00937B,群益ESG投等債20,297,156,141,國泰-台南,2024-02-26,8884
3390,旭軟,154,19,135,國泰-台南,2024-02-26,8884
00919,群益台灣精選高息,306,191,115,國泰-台南,2024-02-26,8884
2025,千興,101,1,100,國泰-台南,2024-02-26,8884
00637L,元大滬深300正2,128,29,99,國泰-台南,2024-02-26,8884
2884,玉山金,113,20,93,國泰-台南,2024-02-26,8884
1414,東和,81,1,80,國泰-台南,2024-02-26,8884
2834,臺企銀,104,35,69,國泰-台南,2024-02-26,8884
6226,光鼎,60,2,58,國泰-台南,2024-02-26,8884
2609,陽明,70,13,57,國泰-台南,2024-02-26,8884
4977,眾達-KY,60,4,56,國泰-台南,2024-02-26,8884
00664R,國泰臺灣加權反1,53,0,53,國泰-台南,2024-02-26,8884
3169,亞信,61,9,52,國泰-台南,2024-02-26,8884
00795B,中信美國公債20年,49,0,49,國泰-台南,2024-02-26,8884
00722B,群益投資級電信債,52,3,49,國泰-台南,2024-02-26,8884
2329,華泰,129,82,47,國泰-台南,2024-02-26,8884
1529,樂事綠能,77,32,45,國泰-台南,2024-02-26,8884
00690,兆豐藍籌30,43,1,42,國泰-台南,2024-02-26,8884
1514,亞力,188,146,42,國泰-台南,2024-02-26,8884
2888,新光金,60,19,41,國泰-台南,2024-02-26,8884
00661,元大日經225,40,0,40,國泰-台南,2024-02-26,8884
3033,威健,42,5,37,國泰-台南,2024-02-26,8884
00650L,復華香港正2,39,5,34,國泰-台南,2024-02-26,8884
2408,南亞科,42,11,31,國泰-台南,2024-02-26,8884
00706L,期元大S＆P日圓正2,30,0,30,國泰-台南,2024-02-26,8884
2405,輔信,124,96,28,國泰-台南,2024-02-26,8884
1710,東聯,31,3,28,國泰-台南,2024-02-26,8884
8112,至上,26,1,25,國泰-台南,2024-02-26,8884
00680L,元大美債20正2,42,19,23,國泰-台南,2024-02-26,8884
2617,台航,30,8,22,國泰-台南,2024-02-26,8884
2303,聯電,56,34,22,國泰-台南,2024-02-26,8884
4908,前鼎,82,61,21,國泰-台南,2024-02-26,8884
00712,復華富時不動產,46,26,20,國泰-台南,2024-02-26,8884
6126,信音,30,10,20,國泰-台南,2024-02-26,8884
1608,華榮,25,5,20,國泰-台南,2024-02-26,8884
00725B,國泰投資級公司債,20,1,19,國泰-台南,2024-02-26,8884
6257,矽格,25,6,19,國泰-台南,2024-02-26,8884
2882,國泰金,19,1,18,國泰-台南,2024-02-26,8884
2344,華邦電,60,42,18,國泰-台南,2024-02-26,8884
1503,士電,115,97,18,國泰-台南,2024-02-26,8884
2892,第一金,19,2,17,國泰-台南,2024-02-26,8884
00632R,元大台灣50反1,77,60,17,國泰-台南,2024-02-26,8884
8215,明基材,18,2,16,國泰-台南,2024-02-26,8884
3689,湧德,40,24,16,國泰-台南,2024-02-26,8884
2101,南港,15,0,15,國泰-台南,2024-02-26,8884
00753L,中信中國50正2,20,5,15,國泰-台南,2024-02-26,8884
2867,三商壽,15,0,15,國泰-台南,2024-02-26,8884
00878,國泰永續高股息,886,168,718,國泰-台南,2024-02-27,8884
00937B,群益ESG投等債20,678,19,659,國泰-台南,2024-02-27,8884
1721,三晃,565,38,527,國泰-台南,2024-02-27,8884
00881,國泰台灣5G+,394,48,346,國泰-台南,2024-02-27,8884
00929,復華台灣科技優息,628,287,341,國泰-台南,2024-02-27,8884
2888,新光金,249,4,245,國泰-台南,2024-02-27,8884
00687B,國泰20年美債,165,24,141,國泰-台南,2024-02-27,8884
1609,大亞,117,28,89,國泰-台南,2024-02-27,8884
00933B,國泰10Y+金融債,154,67,87,國泰-台南,2024-02-27,8884
2002,中鋼,94,7,87,國泰-台南,2024-02-27,8884
4973,廣穎,98,13,85,國泰-台南,2024-02-27,8884
00679B,元大美債20年,87,13,74,國泰-台南,2024-02-27,8884
4303,信立,87,14,73,國泰-台南,2024-02-27,8884
9105,泰金寶-DR,73,2,71,國泰-台南,2024-02-27,8884
00688L,國泰20年美債正2,77,17,60,國泰-台南,2024-02-27,8884
1414,東和,61,2,59,國泰-台南,2024-02-27,8884
3037,欣興,113,57,56,國泰-台南,2024-02-27,8884
8092,建暐,56,3,53,國泰-台南,2024-02-27,8884
00664R,國泰臺灣加權反1,50,0,50,國泰-台南,2024-02-27,8884
2886,兆豐金,51,1,50,國泰-台南,2024-02-27,8884
2610,華航,91,43,48,國泰-台南,2024-02-27,8884
3231,緯創,110,62,48,國泰-台南,2024-02-27,8884
3041,揚智,51,6,45,國泰-台南,2024-02-27,8884
6125,廣運,198,156,42,國泰-台南,2024-02-27,8884
00751B,元大AAA至A公司債,41,0,41,國泰-台南,2024-02-27,8884
1711,永光,143,105,38,國泰-台南,2024-02-27,8884
2401,凌陽,52,15,37,國泰-台南,2024-02-27,8884
2897,王道銀行,50,14,36,國泰-台南,2024-02-27,8884
2618,長榮航,48,12,36,國泰-台南,2024-02-27,8884
8096,擎亞,108,73,35,國泰-台南,2024-02-27,8884
2382,廣達,56,22,34,國泰-台南,2024-02-27,8884
6233,旺玖,124,90,34,國泰-台南,2024-02-27,8884
1727,中華化,48,16,32,國泰-台南,2024-02-27,8884
8182,加高,52,21,31,國泰-台南,2024-02-27,8884
3360,尚立,31,0,31,國泰-台南,2024-02-27,8884
2882,國泰金,36,5,31,國泰-台南,2024-02-27,8884
00931B,統一美債20年,33,3,30,國泰-台南,2024-02-27,8884
4503,金雨,30,3,27,國泰-台南,2024-02-27,8884
3450,聯鈞,59,34,25,國泰-台南,2024-02-27,8884
6113,亞矽,43,18,25,國泰-台南,2024-02-27,8884
2393,億光,55,30,25,國泰-台南,2024-02-27,8884
3227,原相,36,11,25,國泰-台南,2024-02-27,8884
6806,森崴能源,53,29,24,國泰-台南,2024-02-27,8884
2498,宏達電,48,25,23,國泰-台南,2024-02-27,8884
00676R,富邦臺灣加權反1,23,0,23,國泰-台南,2024-02-27,8884
1101,台泥,28,5,23,國泰-台南,2024-02-27,8884
00795B,中信美國公債20年,24,2,22,國泰-台南,2024-02-27,8884
00923,群益台ESG低碳50,23,2,21,國泰-台南,2024-02-27,8884
2913,農林,22,1,21,國泰-台南,2024-02-27,8884
2607,榮運,20,0,20,國泰-台南,2024-02-27,8884
00937B,群益ESG投等債20,590,10,580,國泰-台南,2024-02-29,8884
00919,群益台灣精選高息,273,60,213,國泰-台南,2024-02-29,8884
00673R,期元大S＆P原油反1,206,0,206,國泰-台南,2024-02-29,8884
00687B,國泰20年美債,212,60,152,國泰-台南,2024-02-29,8884
00712,復華富時不動產,158,24,134,國泰-台南,2024-02-29,8884
00929,復華台灣科技優息,329,197,132,國泰-台南,2024-02-29,8884
00679B,元大美債20年,96,5,91,國泰-台南,2024-02-29,8884
3380,明泰,84,0,84,國泰-台南,2024-02-29,8884
3313,斐成,69,3,66,國泰-台南,2024-02-29,8884
2369,菱生,66,6,60,國泰-台南,2024-02-29,8884
3535,晶彩科,61,1,60,國泰-台南,2024-02-29,8884
1815,富喬,124,69,55,國泰-台南,2024-02-29,8884
00795B,中信美國公債20年,53,3,50,國泰-台南,2024-02-29,8884
00773B,中信優先金融債,46,0,46,國泰-台南,2024-02-29,8884
3481,群創,130,89,41,國泰-台南,2024-02-29,8884
00751B,元大AAA至A公司債,41,0,41,國泰-台南,2024-02-29,8884
3712,永崴投控,55,16,39,國泰-台南,2024-02-29,8884
2353,宏��,42,5,37,國泰-台南,2024-02-29,8884
1609,大亞,102,66,36,國泰-台南,2024-02-29,8884
3217,優群,45,9,36,國泰-台南,2024-02-29,8884
2324,仁寶,47,13,34,國泰-台南,2024-02-29,8884
2618,長榮航,47,13,34,國泰-台南,2024-02-29,8884
8926,台汽電,100,66,34,國泰-台南,2024-02-29,8884
1414,東和,35,3,32,國泰-台南,2024-02-29,8884
8064,東捷,62,30,32,國泰-台南,2024-02-29,8884
2489,瑞軒,35,3,32,國泰-台南,2024-02-29,8884
6288,聯嘉,64,33,31,國泰-台南,2024-02-29,8884
5452,佶優,126,96,30,國泰-台南,2024-02-29,8884
2329,華泰,181,151,30,國泰-台南,2024-02-29,8884
2002,中鋼,34,4,30,國泰-台南,2024-02-29,8884
3581,博磊,34,4,30,國泰-台南,2024-02-29,8884
00882,中信中國高股息,46,17,29,國泰-台南,2024-02-29,8884
2425,承啟,235,206,29,國泰-台南,2024-02-29,8884
00706L,期元大S＆P日圓正2,28,1,27,國泰-台南,2024-02-29,8884
00665L,富邦�琤肭磪囓�2,27,0,27,國泰-台南,2024-02-29,8884
00878,國泰永續高股息,114,88,26,國泰-台南,2024-02-29,8884
00757,統一FANG+,26,0,26,國泰-台南,2024-02-29,8884
6416,瑞祺電通,36,11,25,國泰-台南,2024-02-29,8884
2393,億光,26,2,24,國泰-台南,2024-02-29,8884
2330,台積電,33,9,24,國泰-台南,2024-02-29,8884
1101,台泥,29,6,23,國泰-台南,2024-02-29,8884
2301,光寶科,43,21,22,國泰-台南,2024-02-29,8884
1524,耿鼎,44,22,22,國泰-台南,2024-02-29,8884
00764B,群益25年美債,22,0,22,國泰-台南,2024-02-29,8884
5904,寶雅,20,0,20,國泰-台南,2024-02-29,8884
8092,建暐,27,7,20,國泰-台南,2024-02-29,8884
5383,金利,19,0,19,國泰-台南,2024-02-29,8884
8091,翔名,22,3,19,國泰-台南,2024-02-29,8884
6770,力積電,28,9,19,國泰-台南,2024-02-29,8884
3231,緯創,67,49,18,國泰-台南,2024-02-29,8884
00919,群益台灣精選高息,961,282,679,國泰-台南,2024-03-01,8884
00937B,群益ESG投等債20,600,24,576,國泰-台南,2024-03-01,8884
00918,大華優利高填息30,310,50,260,國泰-台南,2024-03-01,8884
3605,宏致,180,5,175,國泰-台南,2024-03-01,8884
2888,新光金,148,8,140,國泰-台南,2024-03-01,8884
1513,中興電,241,129,112,國泰-台南,2024-03-01,8884
8401,白紗科,102,1,101,國泰-台南,2024-03-01,8884
00933B,國泰10Y+金融債,103,3,100,國泰-台南,2024-03-01,8884
5272,笙科,96,7,89,國泰-台南,2024-03-01,8884
1316,上曜,336,248,88,國泰-台南,2024-03-01,8884
6179,亞通,91,3,88,國泰-台南,2024-03-01,8884
6126,信音,138,58,80,國泰-台南,2024-03-01,8884
00929,復華台灣科技優息,359,288,71,國泰-台南,2024-03-01,8884
2025,千興,68,1,67,國泰-台南,2024-03-01,8884
00673R,期元大S＆P原油反1,66,0,66,國泰-台南,2024-03-01,8884
2002,中鋼,81,17,64,國泰-台南,2024-03-01,8884
2515,中工,62,0,62,國泰-台南,2024-03-01,8884
3481,群創,92,32,60,國泰-台南,2024-03-01,8884
2399,映泰,109,55,54,國泰-台南,2024-03-01,8884
3622,洋華,57,5,52,國泰-台南,2024-03-01,8884
00878,國泰永續高股息,172,121,51,國泰-台南,2024-03-01,8884
3380,明泰,51,1,50,國泰-台南,2024-03-01,8884
00632R,元大台灣50反1,50,0,50,國泰-台南,2024-03-01,8884
3702,大聯大,48,1,47,國泰-台南,2024-03-01,8884
00722B,群益投資級電信債,50,5,45,國泰-台南,2024-03-01,8884
00687B,國泰20年美債,98,56,42,國泰-台南,2024-03-01,8884
2820,華票,41,0,41,國泰-台南,2024-03-01,8884
6005,群益證,43,3,40,國泰-台南,2024-03-01,8884
2609,陽明,57,18,39,國泰-台南,2024-03-01,8884
2344,華邦電,45,12,33,國泰-台南,2024-03-01,8884
1432,大魯閣,33,3,30,國泰-台南,2024-03-01,8884
2317,鴻海,35,5,30,國泰-台南,2024-03-01,8884
2913,農林,25,0,25,國泰-台南,2024-03-01,8884
2303,聯電,61,37,24,國泰-台南,2024-03-01,8884
5225,東科-KY,24,1,23,國泰-台南,2024-03-01,8884
6112,邁達特,25,2,23,國泰-台南,2024-03-01,8884
2489,瑞軒,33,10,23,國泰-台南,2024-03-01,8884
1402,遠東新,22,0,22,國泰-台南,2024-03-01,8884
2312,金寶,22,0,22,國泰-台南,2024-03-01,8884
1303,南亞,23,1,22,國泰-台南,2024-03-01,8884
1524,耿鼎,27,6,21,國泰-台南,2024-03-01,8884
3540,曜越,20,0,20,國泰-台南,2024-03-01,8884
5355,佳總,20,0,20,國泰-台南,2024-03-01,8884
6806,森崴能源,51,31,20,國泰-台南,2024-03-01,8884
3704,合勤控,20,1,19,國泰-台南,2024-03-01,8884
2867,三商壽,21,2,19,國泰-台南,2024-03-01,8884
00679B,元大美債20年,22,3,19,國泰-台南,2024-03-01,8884
6127,九豪,40,21,19,國泰-台南,2024-03-01,8884
2313,華通,38,19,19,國泰-台南,2024-03-01,8884
2355,敬鵬,44,26,18,國泰-台南,2024-03-01,8884
00937B,群益ESG投等債20,767,70,697,國泰-台南,2024-03-04,8884
00919,群益台灣精選高息,935,391,544,國泰-台南,2024-03-04,8884
5488,松普,281,32,249,國泰-台南,2024-03-04,8884
00673R,期元大S＆P原油反1,257,20,237,國泰-台南,2024-03-04,8884
00915,凱基優選高股息30,244,17,227,國泰-台南,2024-03-04,8884
3297,杭特,242,25,217,國泰-台南,2024-03-04,8884
00918,大華優利高填息30,225,59,166,國泰-台南,2024-03-04,8884
1316,上曜,331,167,164,國泰-台南,2024-03-04,8884
3434,哲固,105,3,102,國泰-台南,2024-03-04,8884
6163,華電網,101,1,100,國泰-台南,2024-03-04,8884
2888,新光金,133,40,93,國泰-台南,2024-03-04,8884
00632R,元大台灣50反1,252,166,86,國泰-台南,2024-03-04,8884
00933B,國泰10Y+金融債,264,181,83,國泰-台南,2024-03-04,8884
2206,三陽工業,86,15,71,國泰-台南,2024-03-04,8884
00665L,富邦�琤肭磪囓�2,92,26,66,國泰-台南,2024-03-04,8884
3354,律勝,73,7,66,國泰-台南,2024-03-04,8884
3231,緯創,161,96,65,國泰-台南,2024-03-04,8884
5904,寶雅,63,1,62,國泰-台南,2024-03-04,8884
4934,太極,60,0,60,國泰-台南,2024-03-04,8884
6005,群益證,65,7,58,國泰-台南,2024-03-04,8884
6126,信音,59,7,52,國泰-台南,2024-03-04,8884
2002,中鋼,74,24,50,國泰-台南,2024-03-04,8884
3088,艾訊,48,0,48,國泰-台南,2024-03-04,8884
2371,大同,76,30,46,國泰-台南,2024-03-04,8884
00679B,元大美債20年,58,14,44,國泰-台南,2024-03-04,8884
3466,德晉,44,0,44,國泰-台南,2024-03-04,8884
2355,敬鵬,94,53,41,國泰-台南,2024-03-04,8884
3581,博磊,50,10,40,國泰-台南,2024-03-04,8884
2855,統一證,40,2,38,國泰-台南,2024-03-04,8884
9955,佳龍,38,0,38,國泰-台南,2024-03-04,8884
2515,中工,39,4,35,國泰-台南,2024-03-04,8884
1609,大亞,54,23,31,國泰-台南,2024-03-04,8884
1712,興農,31,2,29,國泰-台南,2024-03-04,8884
00857B,永豐20年美公債,29,0,29,國泰-台南,2024-03-04,8884
6127,九豪,38,9,29,國泰-台南,2024-03-04,8884
00676R,富邦臺灣加權反1,30,1,29,國泰-台南,2024-03-04,8884
6112,邁達特,30,1,29,國泰-台南,2024-03-04,8884
2882,國泰金,35,7,28,國泰-台南,2024-03-04,8884
2382,廣達,52,24,28,國泰-台南,2024-03-04,8884
1301,台塑,28,3,25,國泰-台南,2024-03-04,8884
4104,佳醫,26,1,25,國泰-台南,2024-03-04,8884
2462,良得電,79,54,25,國泰-台南,2024-03-04,8884
1101,台泥,27,4,23,國泰-台南,2024-03-04,8884
2025,千興,40,17,23,國泰-台南,2024-03-04,8884
3006,晶豪科,66,44,22,國泰-台南,2024-03-04,8884
00830,國泰費城半導體,34,12,22,國泰-台南,2024-03-04,8884
1434,福懋,23,2,21,國泰-台南,2024-03-04,8884
6217,中探針,25,4,21,國泰-台南,2024-03-04,8884
3209,全科,23,2,21,國泰-台南,2024-03-04,8884
5347,世界,22,2,20,國泰-台南,2024-03-04,8884
00937B,群益ESG投等債20,942,29,913,國泰-台南,2024-03-05,8884
5521,工信,395,78,317,國泰-台南,2024-03-05,8884
00919,群益台灣精選高息,568,283,285,國泰-台南,2024-03-05,8884
6127,九豪,444,215,229,國泰-台南,2024-03-05,8884
00665L,富邦�琤肭磪囓�2,237,18,219,國泰-台南,2024-03-05,8884
1409,新纖,305,115,190,國泰-台南,2024-03-05,8884
2845,遠東銀,185,16,169,國泰-台南,2024-03-05,8884
00918,大華優利高填息30,183,17,166,國泰-台南,2024-03-05,8884
2888,新光金,168,2,166,國泰-台南,2024-03-05,8884
00915,凱基優選高股息30,190,51,139,國泰-台南,2024-03-05,8884
00632R,元大台灣50反1,134,16,118,國泰-台南,2024-03-05,8884
2355,敬鵬,125,19,106,國泰-台南,2024-03-05,8884
2605,新興,93,3,90,國泰-台南,2024-03-05,8884
00722B,群益投資級電信債,102,17,85,國泰-台南,2024-03-05,8884
1815,富喬,219,136,83,國泰-台南,2024-03-05,8884
00752,中信中國50,77,0,77,國泰-台南,2024-03-05,8884
3481,群創,125,50,75,國泰-台南,2024-03-05,8884
00687B,國泰20年美債,135,62,73,國泰-台南,2024-03-05,8884
3297,杭特,74,4,70,國泰-台南,2024-03-05,8884
6005,群益證,70,1,69,國泰-台南,2024-03-05,8884
3325,旭品,82,16,66,國泰-台南,2024-03-05,8884
2610,華航,68,3,65,國泰-台南,2024-03-05,8884
00753L,中信中國50正2,67,8,59,國泰-台南,2024-03-05,8884
3041,揚智,64,7,57,國泰-台南,2024-03-05,8884
00882,中信中國高股息,73,16,57,國泰-台南,2024-03-05,8884
00927,群益半導體收益,66,10,56,國泰-台南,2024-03-05,8884
8070,長華*,54,2,52,國泰-台南,2024-03-05,8884
6126,信音,70,19,51,國泰-台南,2024-03-05,8884
00751B,元大AAA至A公司債,65,17,48,國泰-台南,2024-03-05,8884
3434,哲固,46,0,46,國泰-台南,2024-03-05,8884
8926,台汽電,50,7,43,國泰-台南,2024-03-05,8884
2337,旺宏,44,1,43,國泰-台南,2024-03-05,8884
3088,艾訊,98,56,42,國泰-台南,2024-03-05,8884
2867,三商壽,44,3,41,國泰-台南,2024-03-05,8884
2393,億光,40,0,40,國泰-台南,2024-03-05,8884
1303,南亞,39,0,39,國泰-台南,2024-03-05,8884
1455,集盛,41,2,39,國泰-台南,2024-03-05,8884
2882,國泰金,54,17,37,國泰-台南,2024-03-05,8884
2515,中工,37,0,37,國泰-台南,2024-03-05,8884
3231,緯創,152,116,36,國泰-台南,2024-03-05,8884
2489,瑞軒,41,6,35,國泰-台南,2024-03-05,8884
3516,亞帝歐,35,0,35,國泰-台南,2024-03-05,8884
3437,榮創,37,3,34,國泰-台南,2024-03-05,8884
00788B,元大10年IG電能債,33,0,33,國泰-台南,2024-03-05,8884
00857B,永豐20年美公債,32,0,32,國泰-台南,2024-03-05,8884
1301,台塑,32,0,32,國泰-台南,2024-03-05,8884
3540,曜越,34,2,32,國泰-台南,2024-03-05,8884
2889,國票金,31,1,30,國泰-台南,2024-03-05,8884
2516,新建,50,21,29,國泰-台南,2024-03-05,8884
1725,元禎,37,8,29,國泰-台南,2024-03-05,8884
00919,群益台灣精選高息,1009,222,787,國泰-台南,2024-03-06,8884
00937B,群益ESG投等債20,413,93,320,國泰-台南,2024-03-06,8884
4533,協易機,292,38,254,國泰-台南,2024-03-06,8884
2515,中工,274,44,230,國泰-台南,2024-03-06,8884
00632R,元大台灣50反1,203,12,191,國泰-台南,2024-03-06,8884
00918,大華優利高填息30,246,73,173,國泰-台南,2024-03-06,8884
00915,凱基優選高股息30,235,75,160,國泰-台南,2024-03-06,8884
5452,佶優,165,11,154,國泰-台南,2024-03-06,8884
3231,緯創,151,42,109,國泰-台南,2024-03-06,8884
1609,大亞,344,237,107,國泰-台南,2024-03-06,8884
3164,景岳,102,0,102,國泰-台南,2024-03-06,8884
3297,杭特,88,1,87,國泰-台南,2024-03-06,8884
3481,群創,121,43,78,國泰-台南,2024-03-06,8884
00687B,國泰20年美債,99,21,78,國泰-台南,2024-03-06,8884
00713,元大台灣高息低波,83,8,75,國泰-台南,2024-03-06,8884
6770,力積電,64,2,62,國泰-台南,2024-03-06,8884
3540,曜越,73,11,62,國泰-台南,2024-03-06,8884
2855,統一證,60,2,58,國泰-台南,2024-03-06,8884
6290,良維,89,32,57,國泰-台南,2024-03-06,8884
0056,元大高股息,102,46,56,國泰-台南,2024-03-06,8884
8011,台通,130,74,56,國泰-台南,2024-03-06,8884
2206,三陽工業,70,14,56,國泰-台南,2024-03-06,8884
5426,振發,140,86,54,國泰-台南,2024-03-06,8884
2516,新建,103,50,53,國泰-台南,2024-03-06,8884
1316,上曜,224,173,51,國泰-台南,2024-03-06,8884
4306,炎洲,78,30,48,國泰-台南,2024-03-06,8884
00722B,群益投資級電信債,50,3,47,國泰-台南,2024-03-06,8884
6217,中探針,65,24,41,國泰-台南,2024-03-06,8884
00927,群益半導體收益,45,7,38,國泰-台南,2024-03-06,8884
00935,野村臺灣新科技50,39,2,37,國泰-台南,2024-03-06,8884
2002,中鋼,52,16,36,國泰-台南,2024-03-06,8884
2610,華航,61,26,35,國泰-台南,2024-03-06,8884
8050,廣積,37,4,33,國泰-台南,2024-03-06,8884
6168,宏齊,32,0,32,國泰-台南,2024-03-06,8884
00902,中信電池及儲能,39,7,32,國泰-台南,2024-03-06,8884
8110,華東,35,5,30,國泰-台南,2024-03-06,8884
2897,王道銀行,32,2,30,國泰-台南,2024-03-06,8884
3376,新日興,63,36,27,國泰-台南,2024-03-06,8884
6591,動力-KY,59,33,26,國泰-台南,2024-03-06,8884
2399,映泰,27,1,26,國泰-台南,2024-03-06,8884
2355,敬鵬,38,13,25,國泰-台南,2024-03-06,8884
2890,永豐金,26,1,25,國泰-台南,2024-03-06,8884
2317,鴻海,43,19,24,國泰-台南,2024-03-06,8884
5498,凱崴,36,12,24,國泰-台南,2024-03-06,8884
1303,南亞,31,7,24,國泰-台南,2024-03-06,8884
00757,統一FANG+,23,0,23,國泰-台南,2024-03-06,8884
4303,信立,31,9,22,國泰-台南,2024-03-06,8884
6179,亞通,63,41,22,國泰-台南,2024-03-06,8884
00934,中信成長高股息,36,14,22,國泰-台南,2024-03-06,8884
00751B,元大AAA至A公司債,22,1,21,國泰-台南,2024-03-06,8884
00919,群益台灣精選高息,924,195,729,國泰-台南,2024-03-07,8884
00937B,群益ESG投等債20,495,161,334,國泰-台南,2024-03-07,8884
00671R,富邦NASDAQ反1,300,0,300,國泰-台南,2024-03-07,8884
00706L,期元大S＆P日圓正2,279,5,274,國泰-台南,2024-03-07,8884
00933B,國泰10Y+金融債,294,30,264,國泰-台南,2024-03-07,8884
1316,上曜,548,365,183,國泰-台南,2024-03-07,8884
00632R,元大台灣50反1,477,296,181,國泰-台南,2024-03-07,8884
2367,燿華,390,214,176,國泰-台南,2024-03-07,8884
00673R,期元大S＆P原油反1,150,5,145,國泰-台南,2024-03-07,8884
00664R,國泰臺灣加權反1,141,0,141,國泰-台南,2024-03-07,8884
00918,大華優利高填息30,188,68,120,國泰-台南,2024-03-07,8884
3231,緯創,177,59,118,國泰-台南,2024-03-07,8884
00687B,國泰20年美債,189,75,114,國泰-台南,2024-03-07,8884
2855,統一證,112,4,108,國泰-台南,2024-03-07,8884
00688L,國泰20年美債正2,117,9,108,國泰-台南,2024-03-07,8884
00915,凱基優選高股息30,147,48,99,國泰-台南,2024-03-07,8884
2489,瑞軒,81,0,81,國泰-台南,2024-03-07,8884
1609,大亞,346,272,74,國泰-台南,2024-03-07,8884
1717,長興,82,13,69,國泰-台南,2024-03-07,8884
8096,擎亞,94,28,66,國泰-台南,2024-03-07,8884
1312,國喬,67,1,66,國泰-台南,2024-03-07,8884
5521,工信,211,147,64,國泰-台南,2024-03-07,8884
5452,佶優,84,20,64,國泰-台南,2024-03-07,8884
2897,王道銀行,62,0,62,國泰-台南,2024-03-07,8884
3481,群創,110,55,55,國泰-台南,2024-03-07,8884
6125,廣運,159,104,55,國泰-台南,2024-03-07,8884
2002,中鋼,62,9,53,國泰-台南,2024-03-07,8884
3380,明泰,54,2,52,國泰-台南,2024-03-07,8884
2486,一詮,100,49,51,國泰-台南,2024-03-07,8884
2324,仁寶,60,9,51,國泰-台南,2024-03-07,8884
8011,台通,65,18,47,國泰-台南,2024-03-07,8884
2504,國產,56,9,47,國泰-台南,2024-03-07,8884
1616,億泰,48,4,44,國泰-台南,2024-03-07,8884
2405,輔信,51,9,42,國泰-台南,2024-03-07,8884
3576,聯合再生,44,3,41,國泰-台南,2024-03-07,8884
4930,燦星網,40,1,39,國泰-台南,2024-03-07,8884
2867,三商壽,41,5,36,國泰-台南,2024-03-07,8884
4167,松瑞藥,37,1,36,國泰-台南,2024-03-07,8884
2882,國泰金,42,10,32,國泰-台南,2024-03-07,8884
5465,富驊,35,3,32,國泰-台南,2024-03-07,8884
2836,高雄銀,32,0,32,國泰-台南,2024-03-07,8884
6274,台燿,151,119,32,國泰-台南,2024-03-07,8884
00669R,國泰美國道瓊反1,30,0,30,國泰-台南,2024-03-07,8884
6168,宏齊,28,0,28,國泰-台南,2024-03-07,8884
3338,泰碩,75,49,26,國泰-台南,2024-03-07,8884
6275,元山,88,62,26,國泰-台南,2024-03-07,8884
2801,彰銀,80,54,26,國泰-台南,2024-03-07,8884
2417,圓剛,82,57,25,國泰-台南,2024-03-07,8884
3564,其陽,30,5,25,國泰-台南,2024-03-07,8884
3325,旭品,66,42,24,國泰-台南,2024-03-07,8884
00632R,元大台灣50反1,777,111,666,國泰-台南,2024-03-08,8884
00919,群益台灣精選高息,1445,785,660,國泰-台南,2024-03-08,8884
00937B,群益ESG投等債20,561,128,433,國泰-台南,2024-03-08,8884
00918,大華優利高填息30,498,84,414,國泰-台南,2024-03-08,8884
2303,聯電,615,382,233,國泰-台南,2024-03-08,8884
00673R,期元大S＆P原油反1,237,10,227,國泰-台南,2024-03-08,8884
6016,康和證,253,41,212,國泰-台南,2024-03-08,8884
2025,千興,216,39,177,國泰-台南,2024-03-08,8884
2489,瑞軒,121,14,107,國泰-台南,2024-03-08,8884
5386,青雲,203,135,68,國泰-台南,2024-03-08,8884
2888,新光金,99,42,57,國泰-台南,2024-03-08,8884
00679B,元大美債20年,71,19,52,國泰-台南,2024-03-08,8884
00720B,元大投資級公司債,59,7,52,國泰-台南,2024-03-08,8884
2312,金寶,48,0,48,國泰-台南,2024-03-08,8884
2002,中鋼,57,9,48,國泰-台南,2024-03-08,8884
00913,兆豐台灣晶圓製造,48,1,47,國泰-台南,2024-03-08,8884
2363,矽統,55,11,44,國泰-台南,2024-03-08,8884
2867,三商壽,44,0,44,國泰-台南,2024-03-08,8884
2317,鴻海,68,30,38,國泰-台南,2024-03-08,8884
3711,日月光投控,73,36,37,國泰-台南,2024-03-08,8884
2365,昆盈,59,22,37,國泰-台南,2024-03-08,8884
1101,台泥,45,11,34,國泰-台南,2024-03-08,8884
5310,天剛,35,2,33,國泰-台南,2024-03-08,8884
3006,晶豪科,42,10,32,國泰-台南,2024-03-08,8884
3231,緯創,82,50,32,國泰-台南,2024-03-08,8884
00772B,中信高評級公司債,46,15,31,國泰-台南,2024-03-08,8884
2449,京元電子,100,69,31,國泰-台南,2024-03-08,8884
2515,中工,41,10,31,國泰-台南,2024-03-08,8884
3163,波若威,59,29,30,國泰-台南,2024-03-08,8884
2355,敬鵬,45,15,30,國泰-台南,2024-03-08,8884
2332,友訊,29,0,29,國泰-台南,2024-03-08,8884
2344,華邦電,46,18,28,國泰-台南,2024-03-08,8884
5328,華容,28,1,27,國泰-台南,2024-03-08,8884
2371,大同,52,25,27,國泰-台南,2024-03-08,8884
3171,炎洲流通,26,0,26,國泰-台南,2024-03-08,8884
1303,南亞,25,1,24,國泰-台南,2024-03-08,8884
2330,台積電,76,52,24,國泰-台南,2024-03-08,8884
6126,信音,30,6,24,國泰-台南,2024-03-08,8884
00706L,期元大S＆P日圓正2,24,0,24,國泰-台南,2024-03-08,8884
1301,台塑,31,8,23,國泰-台南,2024-03-08,8884
9105,泰金寶-DR,23,1,22,國泰-台南,2024-03-08,8884
6168,宏齊,22,0,22,國泰-台南,2024-03-08,8884
6274,台燿,55,33,22,國泰-台南,2024-03-08,8884
5521,工信,26,5,21,國泰-台南,2024-03-08,8884
2501,國建,21,0,21,國泰-台南,2024-03-08,8884
9941,裕融,36,16,20,國泰-台南,2024-03-08,8884
3362,先進光,20,0,20,國泰-台南,2024-03-08,8884
6188,廣明,21,1,20,國泰-台南,2024-03-08,8884
4167,松瑞藥,34,14,20,國泰-台南,2024-03-08,8884
9945,潤泰新,20,1,19,國泰-台南,2024-03-08,8884
00919,群益台灣精選高息,934,586,348,國泰-台南,2024-03-11,8884
00687B,國泰20年美債,263,39,224,國泰-台南,2024-03-11,8884
00929,復華台灣科技優息,932,734,198,國泰-台南,2024-03-11,8884
6016,康和證,208,12,196,國泰-台南,2024-03-11,8884
2889,國票金,152,9,143,國泰-台南,2024-03-11,8884
2897,王道銀行,150,15,135,國泰-台南,2024-03-11,8884
2610,華航,119,25,94,國泰-台南,2024-03-11,8884
2515,中工,95,5,90,國泰-台南,2024-03-11,8884
2344,華邦電,118,43,75,國泰-台南,2024-03-11,8884
00706L,期元大S＆P日圓正2,88,20,68,國泰-台南,2024-03-11,8884
2405,輔信,50,0,50,國泰-台南,2024-03-11,8884
5452,佶優,50,1,49,國泰-台南,2024-03-11,8884
00882,中信中國高股息,73,26,47,國泰-台南,2024-03-11,8884
1101,台泥,62,16,46,國泰-台南,2024-03-11,8884
2882,國泰金,122,78,44,國泰-台南,2024-03-11,8884
00715L,期街口布蘭特正2,42,0,42,國泰-台南,2024-03-11,8884
6156,松上,40,0,40,國泰-台南,2024-03-11,8884
00931B,統一美債20年,45,5,40,國泰-台南,2024-03-11,8884
00857B,永豐20年美公債,43,4,39,國泰-台南,2024-03-11,8884
2618,長榮航,82,46,36,國泰-台南,2024-03-11,8884
6217,中探針,97,61,36,國泰-台南,2024-03-11,8884
00915,凱基優選高股息30,258,223,35,國泰-台南,2024-03-11,8884
2867,三商壽,33,2,31,國泰-台南,2024-03-11,8884
2516,新建,41,10,31,國泰-台南,2024-03-11,8884
00679B,元大美債20年,42,11,31,國泰-台南,2024-03-11,8884
00751B,元大AAA至A公司債,80,50,30,國泰-台南,2024-03-11,8884
2330,台積電,41,14,27,國泰-台南,2024-03-11,8884
2367,燿華,157,131,26,國泰-台南,2024-03-11,8884
00927,群益半導體收益,34,8,26,國泰-台南,2024-03-11,8884
00795B,中信美國公債20年,24,0,24,國泰-台南,2024-03-11,8884
5213,亞昕,28,6,22,國泰-台南,2024-03-11,8884
00764B,群益25年美債,21,0,21,國泰-台南,2024-03-11,8884
1455,集盛,24,4,20,國泰-台南,2024-03-11,8884
1802,台玻,20,0,20,國泰-台南,2024-03-11,8884
2308,台達電,29,9,20,國泰-台南,2024-03-11,8884
00893,國泰智能電動車,35,16,19,國泰-台南,2024-03-11,8884
2329,華泰,88,68,20,國泰-台南,2024-03-11,8884
00662,富邦NASDAQ,19,0,19,國泰-台南,2024-03-11,8884
2303,聯電,99,80,19,國泰-台南,2024-03-11,8884
00645,富邦日本,18,1,17,國泰-台南,2024-03-11,8884
1815,富喬,31,14,17,國泰-台南,2024-03-11,8884
2892,第一金,21,4,17,國泰-台南,2024-03-11,8884
00918,大華優利高填息30,218,202,16,國泰-台南,2024-03-11,8884
2002,中鋼,25,9,16,國泰-台南,2024-03-11,8884
2603,長榮,92,77,15,國泰-台南,2024-03-11,8884
6104,創惟,15,0,15,國泰-台南,2024-03-11,8884
2845,遠東銀,15,0,15,國泰-台南,2024-03-11,8884
5310,天剛,15,0,15,國泰-台南,2024-03-11,8884
3362,先進光,15,0,15,國泰-台南,2024-03-11,8884
1416,廣豐,16,2,14,國泰-台南,2024-03-11,8884
2486,一詮,521,153,368,國泰-台南,2024-03-12,8884
00673R,期元大S＆P原油反1,251,0,251,國泰-台南,2024-03-12,8884
00937B,群益ESG投等債20,367,119,248,國泰-台南,2024-03-12,8884
6016,康和證,224,2,222,國泰-台南,2024-03-12,8884
5519,隆大,310,109,201,國泰-台南,2024-03-12,8884
2515,中工,145,1,144,國泰-台南,2024-03-12,8884
00918,大華優利高填息30,244,136,108,國泰-台南,2024-03-12,8884
3234,光環,104,4,100,國泰-台南,2024-03-12,8884
00857B,永豐20年美公債,109,22,87,國泰-台南,2024-03-12,8884
00679B,元大美債20年,75,4,71,國泰-台南,2024-03-12,8884
00919,群益台灣精選高息,559,496,63,國泰-台南,2024-03-12,8884
3051,力特,74,16,58,國泰-台南,2024-03-12,8884
2354,鴻準,59,9,50,國泰-台南,2024-03-12,8884
4906,正文,54,6,48,國泰-台南,2024-03-12,8884
2313,華通,274,227,47,國泰-台南,2024-03-12,8884
6120,達運,144,97,47,國泰-台南,2024-03-12,8884
1316,上曜,107,66,41,國泰-台南,2024-03-12,8884
2723,美食-KY,40,0,40,國泰-台南,2024-03-12,8884
1815,富喬,44,5,39,國泰-台南,2024-03-12,8884
2002,中鋼,36,2,34,國泰-台南,2024-03-12,8884
2371,大同,89,56,33,國泰-台南,2024-03-12,8884
8926,台汽電,53,20,33,國泰-台南,2024-03-12,8884
00915,凱基優選高股息30,64,34,30,國泰-台南,2024-03-12,8884
2359,所羅門,52,22,30,國泰-台南,2024-03-12,8884
00720B,元大投資級公司債,29,0,29,國泰-台南,2024-03-12,8884
1514,亞力,88,59,29,國泰-台南,2024-03-12,8884
2352,佳世達,57,28,29,國泰-台南,2024-03-12,8884
2367,燿華,241,213,28,國泰-台南,2024-03-12,8884
1314,中石化,28,2,26,國泰-台南,2024-03-12,8884
00751B,元大AAA至A公司債,27,2,25,國泰-台南,2024-03-12,8884
3711,日月光投控,31,6,25,國泰-台南,2024-03-12,8884
00933B,國泰10Y+金融債,90,66,24,國泰-台南,2024-03-12,8884
00706L,期元大S＆P日圓正2,20,0,20,國泰-台南,2024-03-12,8884
6168,宏齊,20,0,20,國泰-台南,2024-03-12,8884
6182,合晶,24,5,19,國泰-台南,2024-03-12,8884
00927,群益半導體收益,20,2,18,國泰-台南,2024-03-12,8884
2462,良得電,17,0,17,國泰-台南,2024-03-12,8884
3540,曜越,35,18,17,國泰-台南,2024-03-12,8884
1229,聯華,17,1,16,國泰-台南,2024-03-12,8884
3710,連展投控,16,0,16,國泰-台南,2024-03-12,8884
6695,芯鼎,15,0,15,國泰-台南,2024-03-12,8884
8040,九暘,42,27,15,國泰-台南,2024-03-12,8884
2610,華航,47,33,14,國泰-台南,2024-03-12,8884
4114,健喬,15,1,14,國泰-台南,2024-03-12,8884
6419,京晨科,15,1,14,國泰-台南,2024-03-12,8884
3481,群創,30,16,14,國泰-台南,2024-03-12,8884
2516,新建,17,4,13,國泰-台南,2024-03-12,8884
6167,久正,13,0,13,國泰-台南,2024-03-12,8884
6863,永道-KY,13,0,13,國泰-台南,2024-03-12,8884
00882,中信中國高股息,42,29,13,國泰-台南,2024-03-12,8884
00919,群益台灣精選高息,1122,244,878,國泰-台南,2024-03-13,8884
00632R,元大台灣50反1,435,33,402,國泰-台南,2024-03-13,8884
00679B,元大美債20年,277,2,275,國泰-台南,2024-03-13,8884
00937B,群益ESG投等債20,451,200,251,國泰-台南,2024-03-13,8884
00751B,元大AAA至A公司債,248,2,246,國泰-台南,2024-03-13,8884
00918,大華優利高填息30,298,52,246,國泰-台南,2024-03-13,8884
5201,凱衛,243,16,227,國泰-台南,2024-03-13,8884
2331,精英,208,4,204,國泰-台南,2024-03-13,8884
00933B,國泰10Y+金融債,222,21,201,國泰-台南,2024-03-13,8884
2460,建通,184,42,142,國泰-台南,2024-03-13,8884
2867,三商壽,122,2,120,國泰-台南,2024-03-13,8884
00687B,國泰20年美債,159,43,116,國泰-台南,2024-03-13,8884
3231,緯創,242,127,115,國泰-台南,2024-03-13,8884
5386,青雲,106,7,99,國泰-台南,2024-03-13,8884
4714,永捷,90,10,80,國泰-台南,2024-03-13,8884
2603,長榮,126,57,69,國泰-台南,2024-03-13,8884
00706L,期元大S＆P日圓正2,71,7,64,國泰-台南,2024-03-13,8884
2515,中工,65,3,62,國泰-台南,2024-03-13,8884
00712,復華富時不動產,101,43,58,國泰-台南,2024-03-13,8884
3518,柏騰,55,0,55,國泰-台南,2024-03-13,8884
6168,宏齊,53,0,53,國泰-台南,2024-03-13,8884
2002,中鋼,76,26,50,國泰-台南,2024-03-13,8884
2393,億光,50,1,49,國泰-台南,2024-03-13,8884
2344,華邦電,68,25,43,國泰-台南,2024-03-13,8884
2332,友訊,40,0,40,國泰-台南,2024-03-13,8884
6120,達運,64,25,39,國泰-台南,2024-03-13,8884
6177,達麗,38,0,38,國泰-台南,2024-03-13,8884
00680L,元大美債20正2,59,22,37,國泰-台南,2024-03-13,8884
2883,凱基金,175,139,36,國泰-台南,2024-03-13,8884
2401,凌陽,35,0,35,國泰-台南,2024-03-13,8884
2107,厚生,35,0,35,國泰-台南,2024-03-13,8884
00696B,富邦美債20年,34,0,34,國泰-台南,2024-03-13,8884
6125,廣運,106,72,34,國泰-台南,2024-03-13,8884
2230,泰茂,34,2,32,國泰-台南,2024-03-13,8884
6274,台燿,41,10,31,國泰-台南,2024-03-13,8884
2365,昆盈,74,44,30,國泰-台南,2024-03-13,8884
1802,台玻,30,0,30,國泰-台南,2024-03-13,8884
6005,群益證,30,0,30,國泰-台南,2024-03-13,8884
5243,乙盛-KY,50,20,30,國泰-台南,2024-03-13,8884
3715,定穎投控,40,11,29,國泰-台南,2024-03-13,8884
2845,遠東銀,37,9,28,國泰-台南,2024-03-13,8884
8011,台通,142,116,26,國泰-台南,2024-03-13,8884
4167,松瑞藥,26,0,26,國泰-台南,2024-03-13,8884
00926,凱基全球菁英55,26,0,26,國泰-台南,2024-03-13,8884
2610,華航,30,5,25,國泰-台南,2024-03-13,8884
2442,新美齊,31,6,25,國泰-台南,2024-03-13,8884
8121,越峰,25,1,24,國泰-台南,2024-03-13,8884
00637L,元大滬深300正2,29,5,24,國泰-台南,2024-03-13,8884
2548,華固,25,1,24,國泰-台南,2024-03-13,8884
4123,晟德,24,2,22,國泰-台南,2024-03-13,8884
00919,群益台灣精選高息,2022,838,1184,國泰-台南,2024-03-14,8884
00929,復華台灣科技優息,581,193,388,國泰-台南,2024-03-14,8884
00918,大華優利高填息30,463,137,326,國泰-台南,2024-03-14,8884
00673R,期元大S＆P原油反1,264,0,264,國泰-台南,2024-03-14,8884
2618,長榮航,260,72,188,國泰-台南,2024-03-14,8884
00915,凱基優選高股息30,258,101,157,國泰-台南,2024-03-14,8884
1316,上曜,996,848,148,國泰-台南,2024-03-14,8884
00937B,群益ESG投等債20,206,78,128,國泰-台南,2024-03-14,8884
00878,國泰永續高股息,321,195,126,國泰-台南,2024-03-14,8884
6005,群益證,94,4,90,國泰-台南,2024-03-14,8884
00679B,元大美債20年,84,5,79,國泰-台南,2024-03-14,8884
00933B,國泰10Y+金融債,102,25,77,國泰-台南,2024-03-14,8884
2020,美亞,79,5,74,國泰-台南,2024-03-14,8884
00751B,元大AAA至A公司債,98,25,73,國泰-台南,2024-03-14,8884
8054,安國,102,32,70,國泰-台南,2024-03-14,8884
3005,神基,126,56,70,國泰-台南,2024-03-14,8884
2603,長榮,142,74,68,國泰-台南,2024-03-14,8884
2889,國票金,207,143,64,國泰-台南,2024-03-14,8884
3702,大聯大,74,13,61,國泰-台南,2024-03-14,8884
2845,遠東銀,61,1,60,國泰-台南,2024-03-14,8884
0056,元大高股息,74,16,58,國泰-台南,2024-03-14,8884
5213,亞昕,55,0,55,國泰-台南,2024-03-14,8884
00687B,國泰20年美債,144,89,55,國泰-台南,2024-03-14,8884
2883,凱基金,200,150,50,國泰-台南,2024-03-14,8884
00927,群益半導體收益,49,1,48,國泰-台南,2024-03-14,8884
2885,元大金,76,29,47,國泰-台南,2024-03-14,8884
2354,鴻準,108,62,46,國泰-台南,2024-03-14,8884
8011,台通,77,31,46,國泰-台南,2024-03-14,8884
00680L,元大美債20正2,39,1,38,國泰-台南,2024-03-14,8884
1514,亞力,99,62,37,國泰-台南,2024-03-14,8884
2884,玉山金,87,50,37,國泰-台南,2024-03-14,8884
8112,至上,49,12,37,國泰-台南,2024-03-14,8884
3518,柏騰,35,0,35,國泰-台南,2024-03-14,8884
8215,明基材,34,0,34,國泰-台南,2024-03-14,8884
00650L,復華香港正2,33,0,33,國泰-台南,2024-03-14,8884
1314,中石化,53,23,30,國泰-台南,2024-03-14,8884
00632R,元大台灣50反1,71,41,30,國泰-台南,2024-03-14,8884
2344,華邦電,29,0,29,國泰-台南,2024-03-14,8884
5328,華容,29,0,29,國泰-台南,2024-03-14,8884
2615,萬海,28,1,27,國泰-台南,2024-03-14,8884
2359,所羅門,46,20,26,國泰-台南,2024-03-14,8884
2897,王道銀行,33,7,26,國泰-台南,2024-03-14,8884
00795B,中信美國公債20年,27,1,26,國泰-台南,2024-03-14,8884
2915,潤泰全,25,0,25,國泰-台南,2024-03-14,8884
00665L,富邦�琤肭磪囓�2,47,22,25,國泰-台南,2024-03-14,8884
6206,飛捷,35,10,25,國泰-台南,2024-03-14,8884
2363,矽統,34,10,24,國泰-台南,2024-03-14,8884
2812,台中銀,26,3,23,國泰-台南,2024-03-14,8884
2486,一詮,78,56,22,國泰-台南,2024-03-14,8884
00935,野村臺灣新科技50,28,6,22,國泰-台南,2024-03-14,8884
00919,群益台灣精選高息,1936,856,1080,國泰-台南,2024-03-15,8884
2867,三商壽,428,0,428,國泰-台南,2024-03-15,8884
1316,上曜,993,596,397,國泰-台南,2024-03-15,8884
00937B,群益ESG投等債20,551,174,377,國泰-台南,2024-03-15,8884
00941,中信上游半導體,625,291,334,國泰-台南,2024-03-15,8884
00687B,國泰20年美債,429,168,261,國泰-台南,2024-03-15,8884
00673R,期元大S＆P原油反1,217,0,217,國泰-台南,2024-03-15,8884
00918,大華優利高填息30,315,143,172,國泰-台南,2024-03-15,8884
2834,臺企銀,300,135,165,國泰-台南,2024-03-15,8884
00688L,國泰20年美債正2,138,0,138,國泰-台南,2024-03-15,8884
00712,復華富時不動產,229,102,127,國泰-台南,2024-03-15,8884
00751B,元大AAA至A公司債,126,0,126,國泰-台南,2024-03-15,8884
3051,力特,162,43,119,國泰-台南,2024-03-15,8884
00679B,元大美債20年,116,2,114,國泰-台南,2024-03-15,8884
2618,長榮航,160,48,112,國泰-台南,2024-03-15,8884
9105,泰金寶-DR,230,131,99,國泰-台南,2024-03-15,8884
00650L,復華香港正2,88,0,88,國泰-台南,2024-03-15,8884
6168,宏齊,79,0,79,國泰-台南,2024-03-15,8884
1616,億泰,76,5,71,國泰-台南,2024-03-15,8884
2009,第一銅,91,23,68,國泰-台南,2024-03-15,8884
2486,一詮,178,114,64,國泰-台南,2024-03-15,8884
2845,遠東銀,59,2,57,國泰-台南,2024-03-15,8884
2330,台積電,59,3,56,國泰-台南,2024-03-15,8884
2609,陽明,95,39,56,國泰-台南,2024-03-15,8884
8070,長華*,51,0,51,國泰-台南,2024-03-15,8884
3005,神基,66,17,49,國泰-台南,2024-03-15,8884
9950,萬國通,45,3,42,國泰-台南,2024-03-15,8884
00857B,永豐20年美公債,40,0,40,國泰-台南,2024-03-15,8884
2603,長榮,218,183,35,國泰-台南,2024-03-15,8884
2034,允強,34,0,34,國泰-台南,2024-03-15,8884
00795B,中信美國公債20年,34,0,34,國泰-台南,2024-03-15,8884
2331,精英,33,1,32,國泰-台南,2024-03-15,8884
2344,華邦電,49,17,32,國泰-台南,2024-03-15,8884
1303,南亞,36,6,30,國泰-台南,2024-03-15,8884
3322,建舜電,39,9,30,國泰-台南,2024-03-15,8884
2489,瑞軒,35,5,30,國泰-台南,2024-03-15,8884
6126,信音,46,16,30,國泰-台南,2024-03-15,8884
4157,太景*-KY,30,1,29,國泰-台南,2024-03-15,8884
00772B,中信高評級公司債,32,3,29,國泰-台南,2024-03-15,8884
2354,鴻準,465,438,27,國泰-台南,2024-03-15,8884
1513,中興電,127,101,26,國泰-台南,2024-03-15,8884
2022,聚亨,30,5,25,國泰-台南,2024-03-15,8884
2323,中環,37,12,25,國泰-台南,2024-03-15,8884
2891,中信金,32,8,24,國泰-台南,2024-03-15,8884
5608,四維航,23,0,23,國泰-台南,2024-03-15,8884
8064,東捷,38,16,22,國泰-台南,2024-03-15,8884
1802,台玻,22,1,21,國泰-台南,2024-03-15,8884
2002,中鋼,38,17,21,國泰-台南,2024-03-15,8884
00773B,中信優先金融債,20,0,20,國泰-台南,2024-03-15,8884
2367,燿華,27,7,20,國泰-台南,2024-03-15,8884
00919,群益台灣精選高息,1079,360,719,國泰-台南,2024-03-18,8884
2323,中環,779,238,541,國泰-台南,2024-03-18,8884
00679B,元大美債20年,377,0,377,國泰-台南,2024-03-18,8884
00706L,期元大S＆P日圓正2,376,0,376,國泰-台南,2024-03-18,8884
00933B,國泰10Y+金融債,374,15,359,國泰-台南,2024-03-18,8884
00941,中信上游半導體,412,102,310,國泰-台南,2024-03-18,8884
00937B,群益ESG投等債20,311,10,301,國泰-台南,2024-03-18,8884
2801,彰銀,285,0,285,國泰-台南,2024-03-18,8884
00687B,國泰20年美債,274,42,232,國泰-台南,2024-03-18,8884
00751B,元大AAA至A公司債,217,0,217,國泰-台南,2024-03-18,8884
00712,復華富時不動產,234,20,214,國泰-台南,2024-03-18,8884
5201,凱衛,75,2,73,國泰-台南,2024-03-18,8884
00673R,期元大S＆P原油反1,71,0,71,國泰-台南,2024-03-18,8884
1616,億泰,90,28,62,國泰-台南,2024-03-18,8884
4503,金雨,74,18,56,國泰-台南,2024-03-18,8884
00632R,元大台灣50反1,55,3,52,國泰-台南,2024-03-18,8884
00857B,永豐20年美公債,56,5,51,國泰-台南,2024-03-18,8884
1570,力肯,53,4,49,國泰-台南,2024-03-18,8884
2504,國產,46,0,46,國泰-台南,2024-03-18,8884
2002,中鋼,55,15,40,國泰-台南,2024-03-18,8884
2888,新光金,69,31,38,國泰-台南,2024-03-18,8884
00680L,元大美債20正2,35,0,35,國泰-台南,2024-03-18,8884
2028,威致,50,15,35,國泰-台南,2024-03-18,8884
5283,禾聯碩,34,1,33,國泰-台南,2024-03-18,8884
00795B,中信美國公債20年,29,2,27,國泰-台南,2024-03-18,8884
2610,華航,31,4,27,國泰-台南,2024-03-18,8884
2329,華泰,143,116,27,國泰-台南,2024-03-18,8884
6275,元山,83,57,26,國泰-台南,2024-03-18,8884
00720B,元大投資級公司債,27,3,24,國泰-台南,2024-03-18,8884
2303,聯電,40,16,24,國泰-台南,2024-03-18,8884
3481,群創,53,30,23,國泰-台南,2024-03-18,8884
2486,一詮,168,145,23,國泰-台南,2024-03-18,8884
1514,亞力,112,90,22,國泰-台南,2024-03-18,8884
5880,合庫金,29,7,22,國泰-台南,2024-03-18,8884
2353,宏��,38,18,20,國泰-台南,2024-03-18,8884
2489,瑞軒,20,0,20,國泰-台南,2024-03-18,8884
5521,工信,22,2,20,國泰-台南,2024-03-18,8884
00724B,群益投資級金融債,20,0,20,國泰-台南,2024-03-18,8884
3013,晟銘電,23,4,19,國泰-台南,2024-03-18,8884
6290,良維,28,9,19,國泰-台南,2024-03-18,8884
00931B,統一美債20年,19,0,19,國泰-台南,2024-03-18,8884
2812,台中銀,25,7,18,國泰-台南,2024-03-18,8884
2330,台積電,29,11,18,國泰-台南,2024-03-18,8884
2885,元大金,31,14,17,國泰-台南,2024-03-18,8884
2025,千興,21,4,17,國泰-台南,2024-03-18,8884
1815,富喬,23,6,17,國泰-台南,2024-03-18,8884
4768,晶呈科技,20,4,16,國泰-台南,2024-03-18,8884
2020,美亞,22,6,16,國泰-台南,2024-03-18,8884
2382,廣達,62,47,15,國泰-台南,2024-03-18,8884
2890,永豐金,19,4,15,國泰-台南,2024-03-18,8884
00937B,群益ESG投等債20,555,113,442,國泰-台南,2024-03-19,8884
00632R,元大台灣50反1,291,4,287,國泰-台南,2024-03-19,8884
00921,兆豐龍頭等權重,270,0,270,國泰-台南,2024-03-19,8884
00687B,國泰20年美債,255,10,245,國泰-台南,2024-03-19,8884
3294,英濟,243,4,239,國泰-台南,2024-03-19,8884
2882,國泰金,190,64,126,國泰-台南,2024-03-19,8884
3312,弘憶股,261,138,123,國泰-台南,2024-03-19,8884
00941,中信上游半導體,163,44,119,國泰-台南,2024-03-19,8884
00712,復華富時不動產,129,11,118,國泰-台南,2024-03-19,8884
1616,億泰,143,26,117,國泰-台南,2024-03-19,8884
00673R,期元大S＆P原油反1,112,0,112,國泰-台南,2024-03-19,8884
2323,中環,211,100,111,國泰-台南,2024-03-19,8884
3622,洋華,97,4,93,國泰-台南,2024-03-19,8884
8070,長華*,89,2,87,國泰-台南,2024-03-19,8884
2354,鴻準,103,23,80,國泰-台南,2024-03-19,8884
2438,翔耀,80,0,80,國泰-台南,2024-03-19,8884
2801,彰銀,85,5,80,國泰-台南,2024-03-19,8884
00679B,元大美債20年,77,4,73,國泰-台南,2024-03-19,8884
2486,一詮,193,127,66,國泰-台南,2024-03-19,8884
00915,凱基優選高股息30,106,43,63,國泰-台南,2024-03-19,8884
2439,美律,61,2,59,國泰-台南,2024-03-19,8884
00919,群益台灣精選高息,597,538,59,國泰-台南,2024-03-19,8884
8011,台通,258,204,54,國泰-台南,2024-03-19,8884
2201,裕隆,52,0,52,國泰-台南,2024-03-19,8884
2603,長榮,158,107,51,國泰-台南,2024-03-19,8884
2356,英業達,96,48,48,國泰-台南,2024-03-19,8884
1609,大亞,89,49,40,國泰-台南,2024-03-19,8884
00927,群益半導體收益,38,2,36,國泰-台南,2024-03-19,8884
2353,宏��,52,16,36,國泰-台南,2024-03-19,8884
00665L,富邦�琤肭磪囓�2,36,4,32,國泰-台南,2024-03-19,8884
00751B,元大AAA至A公司債,32,0,32,國泰-台南,2024-03-19,8884
6282,康舒,37,5,32,國泰-台南,2024-03-19,8884
1605,華新,61,31,30,國泰-台南,2024-03-19,8884
00680L,元大美債20正2,34,4,30,國泰-台南,2024-03-19,8884
3481,群創,31,3,28,國泰-台南,2024-03-19,8884
2344,華邦電,29,2,27,國泰-台南,2024-03-19,8884
4503,金雨,44,18,26,國泰-台南,2024-03-19,8884
2464,盟立,132,106,26,國泰-台南,2024-03-19,8884
2515,中工,100,74,26,國泰-台南,2024-03-19,8884
2208,台船,55,30,25,國泰-台南,2024-03-19,8884
6414,樺漢,30,5,25,國泰-台南,2024-03-19,8884
1503,士電,165,142,23,國泰-台南,2024-03-19,8884
1513,中興電,116,93,23,國泰-台南,2024-03-19,8884
00688L,國泰20年美債正2,24,2,22,國泰-台南,2024-03-19,8884
2609,陽明,55,35,20,國泰-台南,2024-03-19,8884
2489,瑞軒,20,0,20,國泰-台南,2024-03-19,8884
8936,國統,52,32,20,國泰-台南,2024-03-19,8884
0056,元大高股息,107,87,20,國泰-台南,2024-03-19,8884
2002,中鋼,24,5,19,國泰-台南,2024-03-19,8884
00637L,元大滬深300正2,18,0,18,國泰-台南,2024-03-19,8884
00939,統一台灣高息動能,2491,453,2038,國泰-台南,2024-03-20,8884
00919,群益台灣精選高息,1744,616,1128,國泰-台南,2024-03-20,8884
00937B,群益ESG投等債20,434,178,256,國泰-台南,2024-03-20,8884
4526,東台,171,6,165,國泰-台南,2024-03-20,8884
00941,中信上游半導體,207,43,164,國泰-台南,2024-03-20,8884
2888,新光金,163,11,152,國泰-台南,2024-03-20,8884
00687B,國泰20年美債,159,13,146,國泰-台南,2024-03-20,8884
00900,富邦特選高股息30,294,161,133,國泰-台南,2024-03-20,8884
2618,長榮航,138,28,110,國泰-台南,2024-03-20,8884
00921,兆豐龍頭等權重,105,0,105,國泰-台南,2024-03-20,8884
9105,泰金寶-DR,197,95,102,國泰-台南,2024-03-20,8884
3312,弘憶股,370,280,90,國泰-台南,2024-03-20,8884
2356,英業達,180,102,78,國泰-台南,2024-03-20,8884
2614,東森,165,87,78,國泰-台南,2024-03-20,8884
2317,鴻海,178,108,70,國泰-台南,2024-03-20,8884
00712,復華富時不動產,117,52,65,國泰-台南,2024-03-20,8884
00857B,永豐20年美公債,65,1,64,國泰-台南,2024-03-20,8884
00882,中信中國高股息,74,13,61,國泰-台南,2024-03-20,8884
00930,永豐ESG低碳高息,60,3,57,國泰-台南,2024-03-20,8884
00679B,元大美債20年,75,21,54,國泰-台南,2024-03-20,8884
3576,聯合再生,60,6,54,國泰-台南,2024-03-20,8884
3231,緯創,194,140,54,國泰-台南,2024-03-20,8884
2344,華邦電,61,8,53,國泰-台南,2024-03-20,8884
3481,群創,78,27,51,國泰-台南,2024-03-20,8884
4938,和碩,123,78,45,國泰-台南,2024-03-20,8884
2002,中鋼,60,15,45,國泰-台南,2024-03-20,8884
00923,群益台ESG低碳50,45,4,41,國泰-台南,2024-03-20,8884
2352,佳世達,57,17,40,國泰-台南,2024-03-20,8884
4127,天良,53,13,40,國泰-台南,2024-03-20,8884
8086,宏捷科,44,5,39,國泰-台南,2024-03-20,8884
2303,聯電,167,128,39,國泰-台南,2024-03-20,8884
2527,宏璟,39,1,38,國泰-台南,2024-03-20,8884
2891,中信金,40,3,37,國泰-台南,2024-03-20,8884
5443,均豪,56,19,37,國泰-台南,2024-03-20,8884
1815,富喬,50,13,37,國泰-台南,2024-03-20,8884
4513,福裕,140,103,37,國泰-台南,2024-03-20,8884
6278,台表科,40,4,36,國泰-台南,2024-03-20,8884
6183,關貿,36,0,36,國泰-台南,2024-03-20,8884
1440,南紡,38,3,35,國泰-台南,2024-03-20,8884
00673R,期元大S＆P原油反1,35,0,35,國泰-台南,2024-03-20,8884
00676R,富邦臺灣加權反1,34,0,34,國泰-台南,2024-03-20,8884
6176,瑞儀,46,14,32,國泰-台南,2024-03-20,8884
5880,合庫金,36,5,31,國泰-台南,2024-03-20,8884
2025,千興,41,11,30,國泰-台南,2024-03-20,8884
2367,燿華,78,48,30,國泰-台南,2024-03-20,8884
1513,中興電,77,47,30,國泰-台南,2024-03-20,8884
2881,富邦金,31,2,29,國泰-台南,2024-03-20,8884
3059,華晶科,62,34,28,國泰-台南,2024-03-20,8884
6116,彩晶,35,7,28,國泰-台南,2024-03-20,8884
1101,台泥,64,36,28,國泰-台南,2024-03-20,8884
00632R,元大台灣50反1,1324,185,1139,國泰-台南,2024-03-21,8884
00919,群益台灣精選高息,1133,600,533,國泰-台南,2024-03-21,8884
00939,統一台灣高息動能,769,314,455,國泰-台南,2024-03-21,8884
00706L,期元大S＆P日圓正2,390,15,375,國泰-台南,2024-03-21,8884
00937B,群益ESG投等債20,369,26,343,國泰-台南,2024-03-21,8884
00687B,國泰20年美債,198,5,193,國泰-台南,2024-03-21,8884
5469,瀚宇博,281,123,158,國泰-台南,2024-03-21,8884
2405,輔信,180,64,116,國泰-台南,2024-03-21,8884
00664R,國泰臺灣加權反1,125,15,110,國泰-台南,2024-03-21,8884
2855,統一證,121,13,108,國泰-台南,2024-03-21,8884
2618,長榮航,127,38,89,國泰-台南,2024-03-21,8884
00679B,元大美債20年,102,15,87,國泰-台南,2024-03-21,8884
1616,億泰,118,41,77,國泰-台南,2024-03-21,8884
3005,神基,168,107,61,國泰-台南,2024-03-21,8884
3594,磐儀,126,67,59,國泰-台南,2024-03-21,8884
00915,凱基優選高股息30,127,73,54,國泰-台南,2024-03-21,8884
00751B,元大AAA至A公司債,74,20,54,國泰-台南,2024-03-21,8884
00857B,永豐20年美公債,58,5,53,國泰-台南,2024-03-21,8884
3059,華晶科,50,2,48,國泰-台南,2024-03-21,8884
2603,長榮,112,71,41,國泰-台南,2024-03-21,8884
5608,四維航,40,0,40,國泰-台南,2024-03-21,8884
3466,德晉,39,0,39,國泰-台南,2024-03-21,8884
2362,藍天,64,26,38,國泰-台南,2024-03-21,8884
00720B,元大投資級公司債,46,9,37,國泰-台南,2024-03-21,8884
6213,聯茂,30,0,30,國泰-台南,2024-03-21,8884
2511,太子,30,0,30,國泰-台南,2024-03-21,8884
00795B,中信美國公債20年,29,0,29,國泰-台南,2024-03-21,8884
00680L,元大美債20正2,34,5,29,國泰-台南,2024-03-21,8884
2331,精英,52,23,29,國泰-台南,2024-03-21,8884
2537,聯上發,30,2,28,國泰-台南,2024-03-21,8884
2376,技嘉,51,23,28,國泰-台南,2024-03-21,8884
2365,昆盈,42,15,27,國泰-台南,2024-03-21,8884
8088,品安,30,3,27,國泰-台南,2024-03-21,8884
00933B,國泰10Y+金融債,39,13,26,國泰-台南,2024-03-21,8884
9105,泰金寶-DR,25,0,25,國泰-台南,2024-03-21,8884
00930,永豐ESG低碳高息,25,1,24,國泰-台南,2024-03-21,8884
3041,揚智,167,143,24,國泰-台南,2024-03-21,8884
3576,聯合再生,28,6,22,國泰-台南,2024-03-21,8884
00686R,群益臺灣加權反1,22,0,22,國泰-台南,2024-03-21,8884
6505,台塑化,22,1,21,國泰-台南,2024-03-21,8884
2453,凌群,33,12,21,國泰-台南,2024-03-21,8884
1326,台化,22,2,20,國泰-台南,2024-03-21,8884
5483,中美晶,70,51,19,國泰-台南,2024-03-21,8884
2834,臺企銀,63,44,19,國泰-台南,2024-03-21,8884
8086,宏捷科,23,4,19,國泰-台南,2024-03-21,8884
2002,中鋼,31,13,18,國泰-台南,2024-03-21,8884
6167,久正,17,0,17,國泰-台南,2024-03-21,8884
2881,富邦金,47,31,16,國泰-台南,2024-03-21,8884
2354,鴻準,101,85,16,國泰-台南,2024-03-21,8884
3518,柏騰,15,0,15,國泰-台南,2024-03-21,8884
00937B,群益ESG投等債20,1688,124,1564,國泰-台南,2024-03-22,8884
00919,群益台灣精選高息,1094,598,496,國泰-台南,2024-03-22,8884
00665L,富邦�琤肭磪囓�2,414,4,410,國泰-台南,2024-03-22,8884
00939,統一台灣高息動能,636,256,380,國泰-台南,2024-03-22,8884
2515,中工,222,10,212,國泰-台南,2024-03-22,8884
1216,統一,173,0,173,國泰-台南,2024-03-22,8884
2344,華邦電,218,61,157,國泰-台南,2024-03-22,8884
00941,中信上游半導體,172,33,139,國泰-台南,2024-03-22,8884
5469,瀚宇博,255,133,122,國泰-台南,2024-03-22,8884
3706,神達,360,239,121,國泰-台南,2024-03-22,8884
00687B,國泰20年美債,123,15,108,國泰-台南,2024-03-22,8884
9105,泰金寶-DR,108,7,101,國泰-台南,2024-03-22,8884
2897,王道銀行,100,0,100,國泰-台南,2024-03-22,8884
00673R,期元大S＆P原油反1,100,1,99,國泰-台南,2024-03-22,8884
8110,華東,124,30,94,國泰-台南,2024-03-22,8884
2603,長榮,144,57,87,國泰-台南,2024-03-22,8884
00637L,元大滬深300正2,85,0,85,國泰-台南,2024-03-22,8884
00679B,元大美債20年,97,15,82,國泰-台南,2024-03-22,8884
1612,宏泰,85,9,76,國泰-台南,2024-03-22,8884
2353,宏��,179,111,68,國泰-台南,2024-03-22,8884
00712,復華富時不動產,150,84,66,國泰-台南,2024-03-22,8884
1504,東元,117,53,64,國泰-台南,2024-03-22,8884
2511,太子,60,0,60,國泰-台南,2024-03-22,8884
2006,東和鋼鐵,61,2,59,國泰-台南,2024-03-22,8884
2883,凱基金,81,26,55,國泰-台南,2024-03-22,8884
2419,仲琦,56,2,54,國泰-台南,2024-03-22,8884
2887,台新金,51,1,50,國泰-台南,2024-03-22,8884
5864,致和證,50,1,49,國泰-台南,2024-03-22,8884
3260,威剛,64,16,48,國泰-台南,2024-03-22,8884
2303,聯電,71,29,42,國泰-台南,2024-03-22,8884
1513,中興電,121,80,41,國泰-台南,2024-03-22,8884
5439,高技,43,4,39,國泰-台南,2024-03-22,8884
8112,至上,84,46,38,國泰-台南,2024-03-22,8884
2354,鴻準,94,55,39,國泰-台南,2024-03-22,8884
00753L,中信中國50正2,64,28,36,國泰-台南,2024-03-22,8884
2317,鴻海,141,106,35,國泰-台南,2024-03-22,8884
1101,台泥,39,5,34,國泰-台南,2024-03-22,8884
2888,新光金,39,6,33,國泰-台南,2024-03-22,8884
8271,宇瞻,32,1,31,國泰-台南,2024-03-22,8884
00918,大華優利高填息30,131,101,30,國泰-台南,2024-03-22,8884
2630,亞航,36,6,30,國泰-台南,2024-03-22,8884
2886,兆豐金,30,0,30,國泰-台南,2024-03-22,8884
4960,誠美材,34,5,29,國泰-台南,2024-03-22,8884
00688L,國泰20年美債正2,128,100,28,國泰-台南,2024-03-22,8884
6214,精誠,33,5,28,國泰-台南,2024-03-22,8884
3322,建舜電,28,5,23,國泰-台南,2024-03-22,8884
00891,中信關鍵半導體,71,49,22,國泰-台南,2024-03-22,8884
2002,中鋼,45,23,22,國泰-台南,2024-03-22,8884
6177,達麗,22,0,22,國泰-台南,2024-03-22,8884
00639,富邦深100,24,2,22,國泰-台南,2024-03-22,8884
00632R,元大台灣50反1,381,2,379,國泰-台南,2024-03-25,8884
1609,大亞,736,440,296,國泰-台南,2024-03-25,8884
00937B,群益ESG投等債20,394,113,281,國泰-台南,2024-03-25,8884
00933B,國泰10Y+金融債,231,25,206,國泰-台南,2024-03-25,8884
00919,群益台灣精選高息,449,258,191,國泰-台南,2024-03-25,8884
2353,宏��,222,41,181,國泰-台南,2024-03-25,8884
6188,廣明,389,210,179,國泰-台南,2024-03-25,8884
00939,統一台灣高息動能,452,275,177,國泰-台南,2024-03-25,8884
2892,第一金,172,3,169,國泰-台南,2024-03-25,8884
2356,英業達,355,221,134,國泰-台南,2024-03-25,8884
1612,宏泰,168,45,123,國泰-台南,2024-03-25,8884
2009,第一銅,115,10,105,國泰-台南,2024-03-25,8884
2897,王道銀行,103,0,103,國泰-台南,2024-03-25,8884
00712,復華富時不動產,124,30,94,國泰-台南,2024-03-25,8884
3339,泰谷,90,2,88,國泰-台南,2024-03-25,8884
2883,凱基金,142,62,80,國泰-台南,2024-03-25,8884
3231,緯創,118,46,72,國泰-台南,2024-03-25,8884
2515,中工,66,1,65,國泰-台南,2024-03-25,8884
3050,鈺德,69,11,58,國泰-台南,2024-03-25,8884
2534,宏盛,57,0,57,國泰-台南,2024-03-25,8884
3005,神基,82,27,55,國泰-台南,2024-03-25,8884
4121,優盛,54,8,46,國泰-台南,2024-03-25,8884
00687B,國泰20年美債,75,31,44,國泰-台南,2024-03-25,8884
6234,高僑,45,2,43,國泰-台南,2024-03-25,8884
2367,燿華,136,96,40,國泰-台南,2024-03-25,8884
4526,東台,67,28,39,國泰-台南,2024-03-25,8884
5498,凱崴,67,28,39,國泰-台南,2024-03-25,8884
2301,光寶科,59,22,37,國泰-台南,2024-03-25,8884
2880,華南金,36,0,36,國泰-台南,2024-03-25,8884
6215,和椿,48,13,35,國泰-台南,2024-03-25,8884
2316,楠梓電,44,10,34,國泰-台南,2024-03-25,8884
00679B,元大美債20年,85,53,32,國泰-台南,2024-03-25,8884
1528,恩德,36,5,31,國泰-台南,2024-03-25,8884
2303,聯電,50,19,31,國泰-台南,2024-03-25,8884
6770,力積電,39,9,30,國泰-台南,2024-03-25,8884
8121,越峰,35,6,29,國泰-台南,2024-03-25,8884
3294,英濟,61,33,28,國泰-台南,2024-03-25,8884
1522,堤維西,29,2,27,國泰-台南,2024-03-25,8884
00891,中信關鍵半導體,31,5,26,國泰-台南,2024-03-25,8884
8033,雷虎,49,22,27,國泰-台南,2024-03-25,8884
2855,統一證,27,2,25,國泰-台南,2024-03-25,8884
2329,華泰,43,19,24,國泰-台南,2024-03-25,8884
2882,國泰金,28,5,23,國泰-台南,2024-03-25,8884
2385,群光,29,7,22,國泰-台南,2024-03-25,8884
00772B,中信高評級公司債,25,3,22,國泰-台南,2024-03-25,8884
3481,群創,54,33,21,國泰-台南,2024-03-25,8884
1618,合機,72,51,21,國泰-台南,2024-03-25,8884
8936,國統,40,19,21,國泰-台南,2024-03-25,8884
2405,輔信,31,11,20,國泰-台南,2024-03-25,8884
00857B,永豐20年美公債,19,0,19,國泰-台南,2024-03-25,8884
00919,群益台灣精選高息,1412,725,687,國泰-台南,2024-03-26,8884
00939,統一台灣高息動能,712,106,606,國泰-台南,2024-03-26,8884
2486,一詮,458,74,384,國泰-台南,2024-03-26,8884
00706L,期元大S＆P日圓正2,375,34,341,國泰-台南,2024-03-26,8884
2417,圓剛,369,44,325,國泰-台南,2024-03-26,8884
2534,宏盛,200,0,200,國泰-台南,2024-03-26,8884
00941,中信上游半導體,558,409,149,國泰-台南,2024-03-26,8884
3703,欣陸,154,6,148,國泰-台南,2024-03-26,8884
00878,國泰永續高股息,322,175,147,國泰-台南,2024-03-26,8884
8110,華東,131,7,124,國泰-台南,2024-03-26,8884
3231,緯創,133,46,87,國泰-台南,2024-03-26,8884
2303,聯電,98,13,85,國泰-台南,2024-03-26,8884
2356,英業達,170,89,81,國泰-台南,2024-03-26,8884
1618,合機,171,93,78,國泰-台南,2024-03-26,8884
3339,泰谷,86,17,69,國泰-台南,2024-03-26,8884
2609,陽明,89,21,68,國泰-台南,2024-03-26,8884
2883,凱基金,106,47,59,國泰-台南,2024-03-26,8884
6215,和椿,67,9,58,國泰-台南,2024-03-26,8884
6120,達運,65,13,52,國泰-台南,2024-03-26,8884
00673R,期元大S＆P原油反1,51,0,51,國泰-台南,2024-03-26,8884
2618,長榮航,65,14,51,國泰-台南,2024-03-26,8884
6179,亞通,75,25,50,國泰-台南,2024-03-26,8884
6125,廣運,178,129,49,國泰-台南,2024-03-26,8884
1609,大亞,541,495,46,國泰-台南,2024-03-26,8884
1809,中釉,81,35,46,國泰-台南,2024-03-26,8884
00665L,富邦�琤肭磪囓�2,66,24,42,國泰-台南,2024-03-26,8884
2317,鴻海,395,354,41,國泰-台南,2024-03-26,8884
2371,大同,304,264,40,國泰-台南,2024-03-26,8884
1802,台玻,42,3,39,國泰-台南,2024-03-26,8884
2515,中工,50,12,38,國泰-台南,2024-03-26,8884
00857B,永豐20年美公債,34,0,34,國泰-台南,2024-03-26,8884
00679B,元大美債20年,65,31,34,國泰-台南,2024-03-26,8884
6443,元晶,46,12,34,國泰-台南,2024-03-26,8884
5498,凱崴,50,17,33,國泰-台南,2024-03-26,8884
3322,建舜電,35,2,33,國泰-台南,2024-03-26,8884
1504,東元,68,36,32,國泰-台南,2024-03-26,8884
1513,中興電,241,210,31,國泰-台南,2024-03-26,8884
3481,群創,59,28,31,國泰-台南,2024-03-26,8884
00720B,元大投資級公司債,30,0,30,國泰-台南,2024-03-26,8884
2460,建通,32,2,30,國泰-台南,2024-03-26,8884
0056,元大高股息,117,88,29,國泰-台南,2024-03-26,8884
3059,華晶科,101,71,30,國泰-台南,2024-03-26,8884
2388,威盛,88,59,29,國泰-台南,2024-03-26,8884
00680L,元大美債20正2,46,18,28,國泰-台南,2024-03-26,8884
2025,千興,34,6,28,國泰-台南,2024-03-26,8884
6668,中揚光,29,1,28,國泰-台南,2024-03-26,8884
6274,台燿,75,47,28,國泰-台南,2024-03-26,8884
1524,耿鼎,30,4,26,國泰-台南,2024-03-26,8884
2405,輔信,27,1,26,國泰-台南,2024-03-26,8884
3622,洋華,32,7,25,國泰-台南,2024-03-26,8884
00706L,期元大S＆P日圓正2,601,0,601,國泰-台南,2024-03-27,8884
00937B,群益ESG投等債20,454,88,366,國泰-台南,2024-03-27,8884
00929,復華台灣科技優息,352,153,199,國泰-台南,2024-03-27,8884
2371,大同,504,310,194,國泰-台南,2024-03-27,8884
00939,統一台灣高息動能,327,169,158,國泰-台南,2024-03-27,8884
2486,一詮,234,88,146,國泰-台南,2024-03-27,8884
2405,輔信,138,53,85,國泰-台南,2024-03-27,8884
3027,盛達,104,26,78,國泰-台南,2024-03-27,8884
8926,台汽電,67,2,65,國泰-台南,2024-03-27,8884
3703,欣陸,58,0,58,國泰-台南,2024-03-27,8884
2610,華航,65,10,55,國泰-台南,2024-03-27,8884
2892,第一金,51,0,51,國泰-台南,2024-03-27,8884
2303,聯電,61,12,49,國泰-台南,2024-03-27,8884
2801,彰銀,69,20,49,國泰-台南,2024-03-27,8884
2301,光寶科,60,13,47,國泰-台南,2024-03-27,8884
8201,無敵,55,10,45,國泰-台南,2024-03-27,8884
8068,全達,45,0,45,國泰-台南,2024-03-27,8884
3231,緯創,73,29,44,國泰-台南,2024-03-27,8884
6596,寬宏藝術,42,1,41,國泰-台南,2024-03-27,8884
3312,弘憶股,49,11,38,國泰-台南,2024-03-27,8884
3706,神達,200,163,37,國泰-台南,2024-03-27,8884
4503,金雨,41,5,36,國泰-台南,2024-03-27,8884
00640L,富邦日本正2,35,0,35,國泰-台南,2024-03-27,8884
1513,中興電,143,109,34,國泰-台南,2024-03-27,8884
6770,力積電,56,22,34,國泰-台南,2024-03-27,8884
2419,仲琦,34,1,33,國泰-台南,2024-03-27,8884
2365,昆盈,44,13,31,國泰-台南,2024-03-27,8884
2367,燿華,85,55,30,國泰-台南,2024-03-27,8884
00673R,期元大S＆P原油反1,30,0,30,國泰-台南,2024-03-27,8884
6282,康舒,30,1,29,國泰-台南,2024-03-27,8884
00679B,元大美債20年,35,7,28,國泰-台南,2024-03-27,8884
1201,味全,28,0,28,國泰-台南,2024-03-27,8884
1603,華電,114,88,26,國泰-台南,2024-03-27,8884
2884,玉山金,35,8,27,國泰-台南,2024-03-27,8884
00935,野村臺灣新科技50,26,0,26,國泰-台南,2024-03-27,8884
00720B,元大投資級公司債,25,0,25,國泰-台南,2024-03-27,8884
1616,億泰,50,27,23,國泰-台南,2024-03-27,8884
8936,國統,47,25,22,國泰-台南,2024-03-27,8884
00665L,富邦�琤肭磪囓�2,54,33,21,國泰-台南,2024-03-27,8884
2520,冠德,28,8,20,國泰-台南,2024-03-27,8884
2344,華邦電,56,36,20,國泰-台南,2024-03-27,8884
1605,華新,25,6,19,國泰-台南,2024-03-27,8884
8112,至上,22,3,19,國泰-台南,2024-03-27,8884
006208,富邦台50,22,3,19,國泰-台南,2024-03-27,8884
3013,晟銘電,48,30,18,國泰-台南,2024-03-27,8884
2880,華南金,31,13,18,國泰-台南,2024-03-27,8884
6197,佳必琪,28,11,17,國泰-台南,2024-03-27,8884
00751B,元大AAA至A公司債,16,0,16,國泰-台南,2024-03-27,8884
2511,太子,21,5,16,國泰-台南,2024-03-27,8884
2464,盟立,52,37,15,國泰-台南,2024-03-27,8884
00941,中信上游半導體,346,19,327,國泰-台南,2024-03-28,8884
2511,太子,305,0,305,國泰-台南,2024-03-28,8884
00937B,群益ESG投等債20,487,205,282,國泰-台南,2024-03-28,8884
00688L,國泰20年美債正2,247,64,183,國泰-台南,2024-03-28,8884
2883,凱基金,283,164,119,國泰-台南,2024-03-28,8884
00919,群益台灣精選高息,484,378,106,國泰-台南,2024-03-28,8884
1319,東陽,114,14,100,國泰-台南,2024-03-28,8884
2888,新光金,107,11,96,國泰-台南,2024-03-28,8884
3706,神達,179,86,93,國泰-台南,2024-03-28,8884
2867,三商壽,97,15,82,國泰-台南,2024-03-28,8884
2301,光寶科,80,18,62,國泰-台南,2024-03-28,8884
00637L,元大滬深300正2,62,1,61,國泰-台南,2024-03-28,8884
3005,神基,91,34,57,國泰-台南,2024-03-28,8884
2317,鴻海,145,90,55,國泰-台南,2024-03-28,8884
1584,精剛,56,2,54,國泰-台南,2024-03-28,8884
2913,農林,54,0,54,國泰-台南,2024-03-28,8884
3231,緯創,109,55,54,國泰-台南,2024-03-28,8884
00939,統一台灣高息動能,134,85,49,國泰-台南,2024-03-28,8884
2515,中工,112,66,46,國泰-台南,2024-03-28,8884
8033,雷虎,61,16,45,國泰-台南,2024-03-28,8884
8086,宏捷科,44,0,44,國泰-台南,2024-03-28,8884
2330,台積電,48,7,41,國泰-台南,2024-03-28,8884
00679B,元大美債20年,64,23,41,國泰-台南,2024-03-28,8884
1316,上曜,197,160,37,國泰-台南,2024-03-28,8884
8936,國統,78,42,36,國泰-台南,2024-03-28,8884
6770,力積電,80,47,33,國泰-台南,2024-03-28,8884
6505,台塑化,31,0,31,國泰-台南,2024-03-28,8884
2801,彰銀,31,2,29,國泰-台南,2024-03-28,8884
1731,美吾華,40,11,29,國泰-台南,2024-03-28,8884
1529,樂事綠能,33,4,29,國泰-台南,2024-03-28,8884
4138,曜亞,31,4,27,國泰-台南,2024-03-28,8884
5880,合庫金,24,0,24,國泰-台南,2024-03-28,8884
2460,建通,23,0,23,國泰-台南,2024-03-28,8884
2338,光罩,23,0,23,國泰-台南,2024-03-28,8884
8068,全達,23,1,22,國泰-台南,2024-03-28,8884
1303,南亞,24,3,21,國泰-台南,2024-03-28,8884
3701,大眾控,23,2,21,國泰-台南,2024-03-28,8884
1789,神隆,25,4,21,國泰-台南,2024-03-28,8884
2464,盟立,31,11,20,國泰-台南,2024-03-28,8884
00673R,期元大S＆P原油反1,20,0,20,國泰-台南,2024-03-28,8884
3062,建漢,148,128,20,國泰-台南,2024-03-28,8884
1608,華榮,125,105,20,國泰-台南,2024-03-28,8884
3088,艾訊,28,8,20,國泰-台南,2024-03-28,8884
5328,華容,22,3,19,國泰-台南,2024-03-28,8884
4503,金雨,20,1,19,國泰-台南,2024-03-28,8884
00882,中信中國高股息,61,42,19,國泰-台南,2024-03-28,8884
3703,欣陸,21,3,18,國泰-台南,2024-03-28,8884
00751B,元大AAA至A公司債,17,0,17,國泰-台南,2024-03-28,8884
3594,磐儀,18,1,17,國泰-台南,2024-03-28,8884
2609,陽明,22,5,17,國泰-台南,2024-03-28,8884
00937B,群益ESG投等債20,801,77,724,國泰-台南,2024-03-29,8884
2511,太子,247,3,244,國泰-台南,2024-03-29,8884
1815,富喬,235,33,202,國泰-台南,2024-03-29,8884
00665L,富邦�琤肭磪囓�2,121,9,112,國泰-台南,2024-03-29,8884
2324,仁寶,115,10,105,國泰-台南,2024-03-29,8884
3686,達能,106,2,104,國泰-台南,2024-03-29,8884
00688L,國泰20年美債正2,101,1,100,國泰-台南,2024-03-29,8884
5309,系統電,112,30,82,國泰-台南,2024-03-29,8884
2409,友達,80,0,80,國泰-台南,2024-03-29,8884
4714,永捷,102,22,80,國泰-台南,2024-03-29,8884
2317,鴻海,189,109,80,國泰-台南,2024-03-29,8884
6126,信音,86,26,60,國泰-台南,2024-03-29,8884
2882,國泰金,92,34,58,國泰-台南,2024-03-29,8884
9105,泰金寶-DR,62,11,51,國泰-台南,2024-03-29,8884
2301,光寶科,83,34,49,國泰-台南,2024-03-29,8884
00939,統一台灣高息動能,121,74,47,國泰-台南,2024-03-29,8884
00941,中信上游半導體,79,36,43,國泰-台南,2024-03-29,8884
3703,欣陸,63,23,40,國泰-台南,2024-03-29,8884
3481,群創,59,22,37,國泰-台南,2024-03-29,8884
4960,誠美材,35,0,35,國泰-台南,2024-03-29,8884
3234,光環,41,8,33,國泰-台南,2024-03-29,8884
6139,亞翔,84,52,32,國泰-台南,2024-03-29,8884
1504,東元,67,38,29,國泰-台南,2024-03-29,8884
5388,中磊,29,1,28,國泰-台南,2024-03-29,8884
2515,中工,35,8,27,國泰-台南,2024-03-29,8884
3052,夆典,30,3,27,國泰-台南,2024-03-29,8884
00673R,期元大S＆P原油反1,26,0,26,國泰-台南,2024-03-29,8884
2419,仲琦,26,2,24,國泰-台南,2024-03-29,8884
2867,三商壽,56,35,21,國泰-台南,2024-03-29,8884
5425,台半,23,2,21,國泰-台南,2024-03-29,8884
2630,亞航,20,1,19,國泰-台南,2024-03-29,8884
00712,復華富時不動產,37,18,19,國泰-台南,2024-03-29,8884
6770,力積電,18,1,17,國泰-台南,2024-03-29,8884
00637L,元大滬深300正2,22,5,17,國泰-台南,2024-03-29,8884
00646,元大S＆P500,22,5,17,國泰-台南,2024-03-29,8884
00857B,永豐20年美公債,18,2,16,國泰-台南,2024-03-29,8884
6416,瑞祺電通,16,0,16,國泰-台南,2024-03-29,8884
2460,建通,20,5,15,國泰-台南,2024-03-29,8884
1316,上曜,29,14,15,國泰-台南,2024-03-29,8884
6244,茂迪,25,11,14,國泰-台南,2024-03-29,8884
3710,連展投控,17,3,14,國泰-台南,2024-03-29,8884
8112,至上,19,5,14,國泰-台南,2024-03-29,8884
8054,安國,55,41,14,國泰-台南,2024-03-29,8884
3605,宏致,15,2,13,國泰-台南,2024-03-29,8884
4167,松瑞藥,13,0,13,國泰-台南,2024-03-29,8884
00632R,元大台灣50反1,73,60,13,國泰-台南,2024-03-29,8884
3704,合勤控,13,1,12,國泰-台南,2024-03-29,8884
00924,復華S＆P500成長,11,0,11,國泰-台南,2024-03-29,8884
00680L,元大美債20正2,15,4,11,國泰-台南,2024-03-29,8884
5202,力新,11,0,11,國泰-台南,2024-03-29,8884
00940,元大台灣價值高息,3039,975,2064,國泰-台南,2024-04-01,8884
00919,群益台灣精選高息,556,219,337,國泰-台南,2024-04-01,8884
00937B,群益ESG投等債20,517,325,192,國泰-台南,2024-04-01,8884
00936,台新永續高息中小,141,4,137,國泰-台南,2024-04-01,8884
00673R,期元大S＆P原油反1,130,0,130,國泰-台南,2024-04-01,8884
00939,統一台灣高息動能,184,57,127,國泰-台南,2024-04-01,8884
3231,緯創,173,74,99,國泰-台南,2024-04-01,8884
00935,野村臺灣新科技50,90,1,89,國泰-台南,2024-04-01,8884
00687B,國泰20年美債,99,17,82,國泰-台南,2024-04-01,8884
2356,英業達,103,25,78,國泰-台南,2024-04-01,8884
1815,富喬,140,79,61,國泰-台南,2024-04-01,8884
0056,元大高股息,94,36,58,國泰-台南,2024-04-01,8884
3704,合勤控,72,15,57,國泰-台南,2024-04-01,8884
3372,典範,59,4,55,國泰-台南,2024-04-01,8884
00915,凱基優選高股息30,54,0,54,國泰-台南,2024-04-01,8884
2891,中信金,79,28,51,國泰-台南,2024-04-01,8884
1504,東元,67,23,44,國泰-台南,2024-04-01,8884
00712,復華富時不動產,65,23,42,國泰-台南,2024-04-01,8884
4303,信立,115,77,38,國泰-台南,2024-04-01,8884
00918,大華優利高填息30,71,33,38,國泰-台南,2024-04-01,8884
3711,日月光投控,46,9,37,國泰-台南,2024-04-01,8884
2382,廣達,101,64,37,國泰-台南,2024-04-01,8884
2603,長榮,77,45,32,國泰-台南,2024-04-01,8884
1905,華紙,32,0,32,國泰-台南,2024-04-01,8884
2618,長榮航,64,34,30,國泰-台南,2024-04-01,8884
6550,北極星藥業-KY,62,36,26,國泰-台南,2024-04-01,8884
5371,中光電,42,17,25,國泰-台南,2024-04-01,8884
5864,致和證,24,0,24,國泰-台南,2024-04-01,8884
2547,日勝生,24,0,24,國泰-台南,2024-04-01,8884
4906,正文,23,0,23,國泰-台南,2024-04-01,8884
00857B,永豐20年美公債,23,0,23,國泰-台南,2024-04-01,8884
2362,藍天,22,0,22,國泰-台南,2024-04-01,8884
2025,千興,23,2,21,國泰-台南,2024-04-01,8884
2889,國票金,22,1,21,國泰-台南,2024-04-01,8884
6173,信昌電,21,1,20,國泰-台南,2024-04-01,8884
1785,光洋科,28,9,19,國泰-台南,2024-04-01,8884
2329,華泰,26,7,19,國泰-台南,2024-04-01,8884
6126,信音,39,20,19,國泰-台南,2024-04-01,8884
2537,聯上發,22,3,19,國泰-台南,2024-04-01,8884
3013,晟銘電,84,65,19,國泰-台南,2024-04-01,8884
2353,宏��,31,12,19,國泰-台南,2024-04-01,8884
00850,元大臺灣ESG永續,22,3,19,國泰-台南,2024-04-01,8884
00751B,元大AAA至A公司債,25,6,19,國泰-台南,2024-04-01,8884
2002,中鋼,27,9,18,國泰-台南,2024-04-01,8884
2610,華航,20,3,17,國泰-台南,2024-04-01,8884
2352,佳世達,36,19,17,國泰-台南,2024-04-01,8884
00927,群益半導體收益,17,0,17,國泰-台南,2024-04-01,8884
00764B,群益25年美債,16,0,16,國泰-台南,2024-04-01,8884
2486,一詮,52,36,16,國泰-台南,2024-04-01,8884
2354,鴻準,48,33,15,國泰-台南,2024-04-01,8884
00929,復華台灣科技優息,1618,285,1333,國泰-台南,2024-04-02,8884
00937B,群益ESG投等債20,659,62,597,國泰-台南,2024-04-02,8884
00632R,元大台灣50反1,457,2,455,國泰-台南,2024-04-02,8884
00687B,國泰20年美債,274,20,254,國泰-台南,2024-04-02,8884
00933B,國泰10Y+金融債,222,9,213,國泰-台南,2024-04-02,8884
1216,統一,173,0,173,國泰-台南,2024-04-02,8884
2356,英業達,138,21,117,國泰-台南,2024-04-02,8884
2344,華邦電,138,22,116,國泰-台南,2024-04-02,8884
00679B,元大美債20年,166,59,107,國泰-台南,2024-04-02,8884
2534,宏盛,99,0,99,國泰-台南,2024-04-02,8884
00706L,期元大S＆P日圓正2,103,7,96,國泰-台南,2024-04-02,8884
00680L,元大美債20正2,123,48,75,國泰-台南,2024-04-02,8884
00673R,期元大S＆P原油反1,72,0,72,國泰-台南,2024-04-02,8884
2610,華航,70,4,66,國泰-台南,2024-04-02,8884
8096,擎亞,106,46,60,國泰-台南,2024-04-02,8884
2801,彰銀,80,22,58,國泰-台南,2024-04-02,8884
00931B,統一美債20年,69,12,57,國泰-台南,2024-04-02,8884
8070,長華*,58,2,56,國泰-台南,2024-04-02,8884
00751B,元大AAA至A公司債,60,4,56,國泰-台南,2024-04-02,8884
8028,昇陽半導體,48,9,39,國泰-台南,2024-04-02,8884
2888,新光金,41,6,35,國泰-台南,2024-04-02,8884
00857B,永豐20年美公債,34,0,34,國泰-台南,2024-04-02,8884
2492,華新科,63,30,33,國泰-台南,2024-04-02,8884
3706,神達,58,25,33,國泰-台南,2024-04-02,8884
9105,泰金寶-DR,56,24,32,國泰-台南,2024-04-02,8884
3372,典範,32,2,30,國泰-台南,2024-04-02,8884
00733,富邦臺灣中小,32,2,30,國泰-台南,2024-04-02,8884
2834,臺企銀,34,4,30,國泰-台南,2024-04-02,8884
1905,華紙,29,0,29,國泰-台南,2024-04-02,8884
00795B,中信美國公債20年,27,0,27,國泰-台南,2024-04-02,8884
3294,英濟,35,8,27,國泰-台南,2024-04-02,8884
00712,復華富時不動產,77,50,27,國泰-台南,2024-04-02,8884
00895,富邦未來車,27,1,26,國泰-台南,2024-04-02,8884
00724B,群益投資級金融債,26,0,26,國泰-台南,2024-04-02,8884
00916,國泰全球品牌50,25,0,25,國泰-台南,2024-04-02,8884
3548,兆利,40,15,25,國泰-台南,2024-04-02,8884
3055,蔚華科,32,8,24,國泰-台南,2024-04-02,8884
6126,信音,30,7,23,國泰-台南,2024-04-02,8884
2371,大同,131,108,23,國泰-台南,2024-04-02,8884
00885,富邦越南,24,1,23,國泰-台南,2024-04-02,8884
1101,台泥,22,0,22,國泰-台南,2024-04-02,8884
2025,千興,38,17,21,國泰-台南,2024-04-02,8884
2421,建準,35,14,21,國泰-台南,2024-04-02,8884
6177,達麗,22,1,21,國泰-台南,2024-04-02,8884
2301,光寶科,64,44,20,國泰-台南,2024-04-02,8884
00664R,國泰臺灣加權反1,20,0,20,國泰-台南,2024-04-02,8884
1609,大亞,78,59,19,國泰-台南,2024-04-02,8884
2486,一詮,224,205,19,國泰-台南,2024-04-02,8884
6668,中揚光,22,3,19,國泰-台南,2024-04-02,8884
3017,奇鋐,31,13,18,國泰-台南,2024-04-02,8884
00940,元大台灣價值高息,841,163,678,國泰-台南,2024-04-03,8884
00929,復華台灣科技優息,654,96,558,國泰-台南,2024-04-03,8884
00933B,國泰10Y+金融債,285,1,284,國泰-台南,2024-04-03,8884
00937B,群益ESG投等債20,493,215,278,國泰-台南,2024-04-03,8884
00687B,國泰20年美債,247,32,215,國泰-台南,2024-04-03,8884
00679B,元大美債20年,214,12,202,國泰-台南,2024-04-03,8884
00941,中信上游半導體,186,14,172,國泰-台南,2024-04-03,8884
2534,宏盛,141,0,141,國泰-台南,2024-04-03,8884
2358,廷鑫,132,0,132,國泰-台南,2024-04-03,8884
2543,皇昌,107,2,105,國泰-台南,2024-04-03,8884
3481,群創,136,35,101,國泰-台南,2024-04-03,8884
2515,中工,196,97,99,國泰-台南,2024-04-03,8884
00878,國泰永續高股息,175,80,95,國泰-台南,2024-04-03,8884
00688L,國泰20年美債正2,107,11,96,國泰-台南,2024-04-03,8884
00665L,富邦�琤肭磪囓�2,93,7,86,國泰-台南,2024-04-03,8884
00927,群益半導體收益,117,34,83,國泰-台南,2024-04-03,8884
2317,鴻海,116,38,78,國泰-台南,2024-04-03,8884
00738U,期元大道瓊白銀,73,0,73,國泰-台南,2024-04-03,8884
00882,中信中國高股息,79,7,72,國泰-台南,2024-04-03,8884
00680L,元大美債20正2,106,34,72,國泰-台南,2024-04-03,8884
2032,新鋼,71,0,71,國泰-台南,2024-04-03,8884
00637L,元大滬深300正2,64,0,64,國泰-台南,2024-04-03,8884
2801,彰銀,69,10,59,國泰-台南,2024-04-03,8884
00733,富邦臺灣中小,76,18,58,國泰-台南,2024-04-03,8884
00720B,元大投資級公司債,59,5,54,國泰-台南,2024-04-03,8884
2888,新光金,54,0,54,國泰-台南,2024-04-03,8884
2610,華航,58,5,53,國泰-台南,2024-04-03,8884
2618,長榮航,45,0,45,國泰-台南,2024-04-03,8884
1609,大亞,92,49,43,國泰-台南,2024-04-03,8884
6770,力積電,44,2,42,國泰-台南,2024-04-03,8884
2884,玉山金,69,28,41,國泰-台南,2024-04-03,8884
00673R,期元大S＆P原油反1,41,0,41,國泰-台南,2024-04-03,8884
3234,光環,44,3,41,國泰-台南,2024-04-03,8884
00881,國泰台灣5G+,44,5,39,國泰-台南,2024-04-03,8884
5443,均豪,179,141,38,國泰-台南,2024-04-03,8884
8111,立��,39,1,38,國泰-台南,2024-04-03,8884
3535,晶彩科,174,137,37,國泰-台南,2024-04-03,8884
00772B,中信高評級公司債,36,0,36,國泰-台南,2024-04-03,8884
2002,中鋼,69,33,36,國泰-台南,2024-04-03,8884
00751B,元大AAA至A公司債,36,0,36,國泰-台南,2024-04-03,8884
0056,元大高股息,66,32,34,國泰-台南,2024-04-03,8884
2882,國泰金,37,3,34,國泰-台南,2024-04-03,8884
2328,廣宇,39,5,34,國泰-台南,2024-04-03,8884
3711,日月光投控,33,0,33,國泰-台南,2024-04-03,8884
2303,聯電,34,3,31,國泰-台南,2024-04-03,8884
1808,潤隆,34,3,31,國泰-台南,2024-04-03,8884
1618,合機,32,2,30,國泰-台南,2024-04-03,8884
8096,擎亞,59,30,29,國泰-台南,2024-04-03,8884
00706L,期元大S＆P日圓正2,50,21,29,國泰-台南,2024-04-03,8884
2881,富邦金,28,1,27,國泰-台南,2024-04-03,8884
00940,元大台灣價值高息,720,112,608,國泰-台南,2024-04-08,8884
00937B,群益ESG投等債20,781,231,550,國泰-台南,2024-04-08,8884
00687B,國泰20年美債,368,24,344,國泰-台南,2024-04-08,8884
00929,復華台灣科技優息,652,452,200,國泰-台南,2024-04-08,8884
00919,群益台灣精選高息,268,73,195,國泰-台南,2024-04-08,8884
00679B,元大美債20年,222,36,186,國泰-台南,2024-04-08,8884
00933B,國泰10Y+金融債,185,9,176,國泰-台南,2024-04-08,8884
00751B,元大AAA至A公司債,148,0,148,國泰-台南,2024-04-08,8884
2344,華邦電,142,3,139,國泰-台南,2024-04-08,8884
00688L,國泰20年美債正2,128,10,118,國泰-台南,2024-04-08,8884
2641,正德,111,0,111,國泰-台南,2024-04-08,8884
6120,達運,227,122,105,國泰-台南,2024-04-08,8884
2038,海光,102,1,101,國泰-台南,2024-04-08,8884
00673R,期元大S＆P原油反1,102,2,100,國泰-台南,2024-04-08,8884
3010,華立,113,20,93,國泰-台南,2024-04-08,8884
3088,艾訊,92,2,90,國泰-台南,2024-04-08,8884
4533,協易機,128,39,89,國泰-台南,2024-04-08,8884
2374,佳能,200,114,86,國泰-台南,2024-04-08,8884
5608,四維航,75,0,75,國泰-台南,2024-04-08,8884
00632R,元大台灣50反1,93,20,73,國泰-台南,2024-04-08,8884
2501,國建,73,4,69,國泰-台南,2024-04-08,8884
00923,群益台ESG低碳50,80,10,70,國泰-台南,2024-04-08,8884
2401,凌陽,56,0,56,國泰-台南,2024-04-08,8884
2317,鴻海,118,66,52,國泰-台南,2024-04-08,8884
5864,致和證,85,35,50,國泰-台南,2024-04-08,8884
6163,華電網,67,18,49,國泰-台南,2024-04-08,8884
2489,瑞軒,48,0,48,國泰-台南,2024-04-08,8884
2913,農林,51,3,48,國泰-台南,2024-04-08,8884
1809,中釉,55,7,48,國泰-台南,2024-04-08,8884
2329,華泰,63,19,44,國泰-台南,2024-04-08,8884
5210,寶碩,44,2,42,國泰-台南,2024-04-08,8884
0056,元大高股息,69,27,42,國泰-台南,2024-04-08,8884
2356,英業達,57,17,40,國泰-台南,2024-04-08,8884
00712,復華富時不動產,83,43,40,國泰-台南,2024-04-08,8884
00795B,中信美國公債20年,36,1,35,國泰-台南,2024-04-08,8884
00733,富邦臺灣中小,40,6,34,國泰-台南,2024-04-08,8884
8111,立��,34,1,33,國泰-台南,2024-04-08,8884
2453,凌群,34,1,33,國泰-台南,2024-04-08,8884
00941,中信上游半導體,87,56,31,國泰-台南,2024-04-08,8884
5356,協益,30,0,30,國泰-台南,2024-04-08,8884
2354,鴻準,39,13,26,國泰-台南,2024-04-08,8884
3481,群創,49,23,26,國泰-台南,2024-04-08,8884
3167,大量,29,5,24,國泰-台南,2024-04-08,8884
2515,中工,109,87,22,國泰-台南,2024-04-08,8884
3211,順達,22,0,22,國泰-台南,2024-04-08,8884
00909,國泰數位支付服務,25,3,22,國泰-台南,2024-04-08,8884
00927,群益半導體收益,98,77,21,國泰-台南,2024-04-08,8884
4303,信立,74,53,21,國泰-台南,2024-04-08,8884
8086,宏捷科,22,1,21,國泰-台南,2024-04-08,8884
3006,晶豪科,22,2,20,國泰-台南,2024-04-08,8884
00937B,群益ESG投等債20,454,23,431,國泰-台南,2024-04-09,8884
2356,英業達,397,30,367,國泰-台南,2024-04-09,8884
00706L,期元大S＆P日圓正2,513,177,336,國泰-台南,2024-04-09,8884
3231,緯創,302,113,189,國泰-台南,2024-04-09,8884
00722B,群益投資級電信債,117,15,102,國泰-台南,2024-04-09,8884
1785,光洋科,222,123,99,國泰-台南,2024-04-09,8884
2486,一詮,294,205,89,國泰-台南,2024-04-09,8884
1303,南亞,80,4,76,國泰-台南,2024-04-09,8884
2354,鴻準,87,21,66,國泰-台南,2024-04-09,8884
2344,華邦電,68,5,63,國泰-台南,2024-04-09,8884
00929,復華台灣科技優息,257,198,59,國泰-台南,2024-04-09,8884
2374,佳能,109,51,58,國泰-台南,2024-04-09,8884
6189,豐藝,59,14,45,國泰-台南,2024-04-09,8884
2009,第一銅,115,72,43,國泰-台南,2024-04-09,8884
00679B,元大美債20年,44,2,42,國泰-台南,2024-04-09,8884
4419,皇家美食,39,0,39,國泰-台南,2024-04-09,8884
00918,大華優利高填息30,51,13,38,國泰-台南,2024-04-09,8884
2515,中工,147,111,36,國泰-台南,2024-04-09,8884
2025,千興,45,8,37,國泰-台南,2024-04-09,8884
6188,廣明,68,33,35,國泰-台南,2024-04-09,8884
00940,元大台灣價值高息,240,205,35,國泰-台南,2024-04-09,8884
00738U,期元大道瓊白銀,37,2,35,國泰-台南,2024-04-09,8884
3052,夆典,35,1,34,國泰-台南,2024-04-09,8884
00680L,元大美債20正2,38,5,33,國泰-台南,2024-04-09,8884
2534,宏盛,33,0,33,國泰-台南,2024-04-09,8884
2329,華泰,50,17,33,國泰-台南,2024-04-09,8884
00762,元大全球AI,35,3,32,國泰-台南,2024-04-09,8884
2537,聯上發,65,33,32,國泰-台南,2024-04-09,8884
00733,富邦臺灣中小,47,15,32,國泰-台南,2024-04-09,8884
2359,所羅門,38,7,31,國泰-台南,2024-04-09,8884
2501,國建,50,19,31,國泰-台南,2024-04-09,8884
00941,中信上游半導體,79,49,30,國泰-台南,2024-04-09,8884
2460,建通,28,1,27,國泰-台南,2024-04-09,8884
2464,盟立,67,40,27,國泰-台南,2024-04-09,8884
00720B,元大投資級公司債,26,0,26,國泰-台南,2024-04-09,8884
1522,堤維西,30,5,25,國泰-台南,2024-04-09,8884
8996,高力,25,1,24,國泰-台南,2024-04-09,8884
2313,華通,49,25,24,國泰-台南,2024-04-09,8884
2884,玉山金,50,28,22,國泰-台南,2024-04-09,8884
00715L,期街口布蘭特正2,31,9,22,國泰-台南,2024-04-09,8884
1808,潤隆,30,8,22,國泰-台南,2024-04-09,8884
2367,燿華,42,21,21,國泰-台南,2024-04-09,8884
2408,南亞科,31,10,21,國泰-台南,2024-04-09,8884
6120,達運,98,77,21,國泰-台南,2024-04-09,8884
3499,環天科,20,0,20,國泰-台南,2024-04-09,8884
00686R,群益臺灣加權反1,20,0,20,國泰-台南,2024-04-09,8884
912000,晨訊科-DR,20,0,20,國泰-台南,2024-04-09,8884
3260,威剛,43,23,20,國泰-台南,2024-04-09,8884
6589,台康生技,20,0,20,國泰-台南,2024-04-09,8884
1584,精剛,23,3,20,國泰-台南,2024-04-09,8884
00937B,群益ESG投等債20,447,14,433,國泰-台南,2024-04-10,8884
00929,復華台灣科技優息,292,163,129,國泰-台南,2024-04-10,8884
00679B,元大美債20年,134,5,129,國泰-台南,2024-04-10,8884
3059,華晶科,190,66,124,國泰-台南,2024-04-10,8884
00673R,期元大S＆P原油反1,106,0,106,國泰-台南,2024-04-10,8884
2515,中工,248,149,99,國泰-台南,2024-04-10,8884
2356,英業達,114,18,96,國泰-台南,2024-04-10,8884
2634,漢翔,258,163,95,國泰-台南,2024-04-10,8884
00722B,群益投資級電信債,100,12,88,國泰-台南,2024-04-10,8884
1513,中興電,141,63,78,國泰-台南,2024-04-10,8884
00881,國泰台灣5G+,73,12,61,國泰-台南,2024-04-10,8884
2317,鴻海,109,51,58,國泰-台南,2024-04-10,8884
5210,寶碩,58,2,56,國泰-台南,2024-04-10,8884
3481,群創,90,37,53,國泰-台南,2024-04-10,8884
2025,千興,88,36,52,國泰-台南,2024-04-10,8884
2382,廣達,63,14,49,國泰-台南,2024-04-10,8884
2371,大同,73,25,48,國泰-台南,2024-04-10,8884
2038,海光,82,36,46,國泰-台南,2024-04-10,8884
5515,建國,43,0,43,國泰-台南,2024-04-10,8884
2014,中鴻,97,55,42,國泰-台南,2024-04-10,8884
6016,康和證,41,0,41,國泰-台南,2024-04-10,8884
2883,凱基金,48,7,41,國泰-台南,2024-04-10,8884
1219,福壽,37,0,37,國泰-台南,2024-04-10,8884
2618,長榮航,50,13,37,國泰-台南,2024-04-10,8884
1605,華新,54,19,35,國泰-台南,2024-04-10,8884
2017,官田鋼,94,59,35,國泰-台南,2024-04-10,8884
3058,立德,35,0,35,國泰-台南,2024-04-10,8884
6117,迎廣,86,53,33,國泰-台南,2024-04-10,8884
3535,晶彩科,32,0,32,國泰-台南,2024-04-10,8884
6770,力積電,42,10,32,國泰-台南,2024-04-10,8884
00733,富邦臺灣中小,54,24,30,國泰-台南,2024-04-10,8884
2610,華航,31,1,30,國泰-台南,2024-04-10,8884
2376,技嘉,61,32,29,國泰-台南,2024-04-10,8884
00631L,元大台灣50正2,27,1,26,國泰-台南,2024-04-10,8884
2891,中信金,28,3,25,國泰-台南,2024-04-10,8884
1608,華榮,120,95,25,國泰-台南,2024-04-10,8884
1503,士電,82,58,24,國泰-台南,2024-04-10,8884
3231,緯創,164,141,23,國泰-台南,2024-04-10,8884
3149,正達,22,0,22,國泰-台南,2024-04-10,8884
5213,亞昕,32,10,22,國泰-台南,2024-04-10,8884
00857B,永豐20年美公債,21,0,21,國泰-台南,2024-04-10,8884
00909,國泰數位支付服務,22,1,21,國泰-台南,2024-04-10,8884
5465,富驊,21,0,21,國泰-台南,2024-04-10,8884
2007,燁興,21,1,20,國泰-台南,2024-04-10,8884
2010,春源,21,1,20,國泰-台南,2024-04-10,8884
8105,凌巨,20,0,20,國泰-台南,2024-04-10,8884
1609,大亞,306,287,19,國泰-台南,2024-04-10,8884
2427,三商電,72,53,19,國泰-台南,2024-04-10,8884
2367,燿華,46,27,19,國泰-台南,2024-04-10,8884
3306,鼎天,33,15,18,國泰-台南,2024-04-10,8884
00937B,群益ESG投等債20,914,195,719,國泰-台南,2024-04-11,8884
3481,群創,484,41,443,國泰-台南,2024-04-11,8884
00687B,國泰20年美債,408,60,348,國泰-台南,2024-04-11,8884
00929,復華台灣科技優息,1079,736,343,國泰-台南,2024-04-11,8884
00632R,元大台灣50反1,398,99,299,國泰-台南,2024-04-11,8884
00679B,元大美債20年,279,6,273,國泰-台南,2024-04-11,8884
00712,復華富時不動產,346,100,246,國泰-台南,2024-04-11,8884
2317,鴻海,414,256,158,國泰-台南,2024-04-11,8884
00688L,國泰20年美債正2,156,0,156,國泰-台南,2024-04-11,8884
00933B,國泰10Y+金融債,197,46,151,國泰-台南,2024-04-11,8884
5608,四維航,113,0,113,國泰-台南,2024-04-11,8884
2882,國泰金,141,31,110,國泰-台南,2024-04-11,8884
9105,泰金寶-DR,103,0,103,國泰-台南,2024-04-11,8884
00939,統一台灣高息動能,98,6,92,國泰-台南,2024-04-11,8884
2460,建通,106,20,86,國泰-台南,2024-04-11,8884
00720B,元大投資級公司債,90,6,84,國泰-台南,2024-04-11,8884
2409,友達,94,10,84,國泰-台南,2024-04-11,8884
00881,國泰台灣5G+,82,5,77,國泰-台南,2024-04-11,8884
2356,英業達,98,23,75,國泰-台南,2024-04-11,8884
00751B,元大AAA至A公司債,72,0,72,國泰-台南,2024-04-11,8884
3231,緯創,167,99,68,國泰-台南,2024-04-11,8884
00772B,中信高評級公司債,68,0,68,國泰-台南,2024-04-11,8884
2520,冠德,92,28,64,國泰-台南,2024-04-11,8884
2547,日勝生,69,5,64,國泰-台南,2024-04-11,8884
1514,亞力,270,210,60,國泰-台南,2024-04-11,8884
0056,元大高股息,66,6,60,國泰-台南,2024-04-11,8884
2881,富邦金,58,3,55,國泰-台南,2024-04-11,8884
00706L,期元大S＆P日圓正2,58,4,54,國泰-台南,2024-04-11,8884
2913,農林,50,2,48,國泰-台南,2024-04-11,8884
00857B,永豐20年美公債,48,1,47,國泰-台南,2024-04-11,8884
2630,亞航,102,59,43,國泰-台南,2024-04-11,8884
6212,理銘,42,0,42,國泰-台南,2024-04-11,8884
2303,聯電,61,19,42,國泰-台南,2024-04-11,8884
2501,國建,105,63,42,國泰-台南,2024-04-11,8884
3444,利機,52,13,39,國泰-台南,2024-04-11,8884
00941,中信上游半導體,51,16,35,國泰-台南,2024-04-11,8884
8086,宏捷科,38,3,35,國泰-台南,2024-04-11,8884
3372,典範,47,12,35,國泰-台南,2024-04-11,8884
00878,國泰永續高股息,75,42,33,國泰-台南,2024-04-11,8884
3013,晟銘電,171,139,32,國泰-台南,2024-04-11,8884
3551,世禾,31,0,31,國泰-台南,2024-04-11,8884
2025,千興,45,15,30,國泰-台南,2024-04-11,8884
8033,雷虎,35,6,29,國泰-台南,2024-04-11,8884
8222,寶一,28,0,28,國泰-台南,2024-04-11,8884
2354,鴻準,80,53,27,國泰-台南,2024-04-11,8884
00722B,群益投資級電信債,40,13,27,國泰-台南,2024-04-11,8884
1316,上曜,32,5,27,國泰-台南,2024-04-11,8884
6770,力積電,27,0,27,國泰-台南,2024-04-11,8884
2891,中信金,28,1,27,國泰-台南,2024-04-11,8884
6282,康舒,46,19,27,國泰-台南,2024-04-11,8884
00929,復華台灣科技優息,481,58,423,國泰-台南,2024-04-12,8884
00937B,群益ESG投等債20,383,48,335,國泰-台南,2024-04-12,8884
00687B,國泰20年美債,285,21,264,國泰-台南,2024-04-12,8884
00671R,富邦NASDAQ反1,233,0,233,國泰-台南,2024-04-12,8884
2371,大同,489,279,210,國泰-台南,2024-04-12,8884
2891,中信金,219,11,208,國泰-台南,2024-04-12,8884
00933B,國泰10Y+金融債,209,11,198,國泰-台南,2024-04-12,8884
2002,中鋼,215,27,188,國泰-台南,2024-04-12,8884
00940,元大台灣價值高息,298,143,155,國泰-台南,2024-04-12,8884
00878,國泰永續高股息,210,59,151,國泰-台南,2024-04-12,8884
00679B,元大美債20年,152,17,135,國泰-台南,2024-04-12,8884
00680L,元大美債20正2,125,12,113,國泰-台南,2024-04-12,8884
2353,宏��,269,169,100,國泰-台南,2024-04-12,8884
00688L,國泰20年美債正2,94,0,94,國泰-台南,2024-04-12,8884
00720B,元大投資級公司債,81,0,81,國泰-台南,2024-04-12,8884
2913,農林,80,0,80,國泰-台南,2024-04-12,8884
1532,勤美,108,29,79,國泰-台南,2024-04-12,8884
2610,華航,151,82,69,國泰-台南,2024-04-12,8884
00931B,統一美債20年,71,3,68,國泰-台南,2024-04-12,8884
3260,威剛,117,55,62,國泰-台南,2024-04-12,8884
2363,矽統,823,763,60,國泰-台南,2024-04-12,8884
0056,元大高股息,98,39,59,國泰-台南,2024-04-12,8884
2382,廣達,94,36,58,國泰-台南,2024-04-12,8884
5880,合庫金,58,1,57,國泰-台南,2024-04-12,8884
4510,高鋒,67,13,54,國泰-台南,2024-04-12,8884
2609,陽明,60,6,54,國泰-台南,2024-04-12,8884
00751B,元大AAA至A公司債,53,0,53,國泰-台南,2024-04-12,8884
00919,群益台灣精選高息,94,43,51,國泰-台南,2024-04-12,8884
2618,長榮航,71,21,50,國泰-台南,2024-04-12,8884
1453,大將,95,47,48,國泰-台南,2024-04-12,8884
6163,華電網,44,0,44,國泰-台南,2024-04-12,8884
2637,慧洋-KY,51,7,44,國泰-台南,2024-04-12,8884
2545,皇翔,43,0,43,國泰-台南,2024-04-12,8884
1301,台塑,44,4,40,國泰-台南,2024-04-12,8884
1582,信錦,55,15,40,國泰-台南,2024-04-12,8884
2881,富邦金,49,9,40,國泰-台南,2024-04-12,8884
2801,彰銀,44,4,40,國泰-台南,2024-04-12,8884
5392,能率,47,8,39,國泰-台南,2024-04-12,8884
2883,凱基金,70,31,39,國泰-台南,2024-04-12,8884
00927,群益半導體收益,40,1,39,國泰-台南,2024-04-12,8884
2882,國泰金,49,12,37,國泰-台南,2024-04-12,8884
5512,力麒,37,0,37,國泰-台南,2024-04-12,8884
00665L,富邦�琤肭磪囓�2,55,18,37,國泰-台南,2024-04-12,8884
1616,億泰,40,6,34,國泰-台南,2024-04-12,8884
00650L,復華香港正2,34,1,33,國泰-台南,2024-04-12,8884
2323,中環,39,6,33,國泰-台南,2024-04-12,8884
2634,漢翔,52,19,33,國泰-台南,2024-04-12,8884
2356,英業達,50,18,32,國泰-台南,2024-04-12,8884
00795B,中信美國公債20年,35,4,31,國泰-台南,2024-04-12,8884
2409,友達,52,20,32,國泰-台南,2024-04-12,8884
00929,復華台灣科技優息,1010,169,841,國泰-台南,2024-04-15,8884
00937B,群益ESG投等債20,384,27,357,國泰-台南,2024-04-15,8884
00878,國泰永續高股息,384,35,349,國泰-台南,2024-04-15,8884
00940,元大台灣價值高息,622,294,328,國泰-台南,2024-04-15,8884
0056,元大高股息,243,8,235,國泰-台南,2024-04-15,8884
2801,彰銀,206,0,206,國泰-台南,2024-04-15,8884
2489,瑞軒,201,1,200,國泰-台南,2024-04-15,8884
00671R,富邦NASDAQ反1,200,0,200,國泰-台南,2024-04-15,8884
2371,大同,892,695,197,國泰-台南,2024-04-15,8884
00939,統一台灣高息動能,186,10,176,國泰-台南,2024-04-15,8884
00919,群益台灣精選高息,337,215,122,國泰-台南,2024-04-15,8884
00941,中信上游半導體,141,22,119,國泰-台南,2024-04-15,8884
2367,燿華,198,82,116,國泰-台南,2024-04-15,8884
00639,富邦深100,100,0,100,國泰-台南,2024-04-15,8884
00643,群益深証中小,100,0,100,國泰-台南,2024-04-15,8884
00648R,元大S＆P500反1,100,1,99,國泰-台南,2024-04-15,8884
1605,華新,282,191,91,國泰-台南,2024-04-15,8884
1608,華榮,354,266,88,國泰-台南,2024-04-15,8884
6770,力積電,86,10,76,國泰-台南,2024-04-15,8884
2317,鴻海,117,41,76,國泰-台南,2024-04-15,8884
1785,光洋科,169,98,71,國泰-台南,2024-04-15,8884
2331,精英,75,4,71,國泰-台南,2024-04-15,8884
2634,漢翔,372,304,68,國泰-台南,2024-04-15,8884
4533,協易機,204,136,68,國泰-台南,2024-04-15,8884
3312,弘憶股,133,65,68,國泰-台南,2024-04-15,8884
2356,英業達,91,24,67,國泰-台南,2024-04-15,8884
00927,群益半導體收益,149,83,66,國泰-台南,2024-04-15,8884
1587,吉茂,68,5,63,國泰-台南,2024-04-15,8884
00679B,元大美債20年,78,17,61,國泰-台南,2024-04-15,8884
1513,中興電,230,175,55,國泰-台南,2024-04-15,8884
2618,長榮航,66,19,47,國泰-台南,2024-04-15,8884
1618,合機,153,106,47,國泰-台南,2024-04-15,8884
1514,亞力,275,229,46,國泰-台南,2024-04-15,8884
00712,復華富時不動產,52,6,46,國泰-台南,2024-04-15,8884
3027,盛達,51,6,45,國泰-台南,2024-04-15,8884
2303,聯電,77,33,44,國泰-台南,2024-04-15,8884
3260,威剛,74,29,45,國泰-台南,2024-04-15,8884
2515,中工,99,55,44,國泰-台南,2024-04-15,8884
2025,千興,55,13,42,國泰-台南,2024-04-15,8884
00751B,元大AAA至A公司債,42,1,41,國泰-台南,2024-04-15,8884
00720B,元大投資級公司債,42,4,38,國泰-台南,2024-04-15,8884
3231,緯創,137,100,37,國泰-台南,2024-04-15,8884
2382,廣達,54,17,37,國泰-台南,2024-04-15,8884
00881,國泰台灣5G+,44,10,34,國泰-台南,2024-04-15,8884
5383,金利,34,0,34,國泰-台南,2024-04-15,8884
6283,淳安,37,3,34,國泰-台南,2024-04-15,8884
4306,炎洲,32,0,32,國泰-台南,2024-04-15,8884
0050,元大台灣50,33,2,31,國泰-台南,2024-04-15,8884
1612,宏泰,123,92,31,國泰-台南,2024-04-15,8884
2409,友達,53,23,30,國泰-台南,2024-04-15,8884
00940,元大台灣價值高息,2256,507,1749,國泰-台南,2024-04-16,8884
00937B,群益ESG投等債20,1358,58,1300,國泰-台南,2024-04-16,8884
00929,復華台灣科技優息,1265,223,1042,國泰-台南,2024-04-16,8884
00919,群益台灣精選高息,1084,256,828,國泰-台南,2024-04-16,8884
00878,國泰永續高股息,1000,218,782,國泰-台南,2024-04-16,8884
0056,元大高股息,481,111,370,國泰-台南,2024-04-16,8884
00939,統一台灣高息動能,413,82,331,國泰-台南,2024-04-16,8884
00927,群益半導體收益,392,61,331,國泰-台南,2024-04-16,8884
9105,泰金寶-DR,236,0,236,國泰-台南,2024-04-16,8884
1216,統一,181,0,181,國泰-台南,2024-04-16,8884
00665L,富邦�琤肭磪囓�2,372,214,158,國泰-台南,2024-04-16,8884
3231,緯創,208,63,145,國泰-台南,2024-04-16,8884
2489,瑞軒,132,0,132,國泰-台南,2024-04-16,8884
2888,新光金,170,39,131,國泰-台南,2024-04-16,8884
00712,復華富時不動產,178,60,118,國泰-台南,2024-04-16,8884
3490,單井,156,44,112,國泰-台南,2024-04-16,8884
2618,長榮航,118,7,111,國泰-台南,2024-04-16,8884
00679B,元大美債20年,133,24,109,國泰-台南,2024-04-16,8884
00933B,國泰10Y+金融債,135,26,109,國泰-台南,2024-04-16,8884
2610,華航,119,13,106,國泰-台南,2024-04-16,8884
2317,鴻海,205,100,105,國泰-台南,2024-04-16,8884
00648R,元大S＆P500反1,100,0,100,國泰-台南,2024-04-16,8884
3481,群創,107,17,90,國泰-台南,2024-04-16,8884
00918,大華優利高填息30,139,51,88,國泰-台南,2024-04-16,8884
6770,力積電,90,9,81,國泰-台南,2024-04-16,8884
1609,大亞,558,479,79,國泰-台南,2024-04-16,8884
00669R,國泰美國道瓊反1,101,25,76,國泰-台南,2024-04-16,8884
00922,國泰台灣領袖50,69,3,66,國泰-台南,2024-04-16,8884
00687B,國泰20年美債,154,90,64,國泰-台南,2024-04-16,8884
2109,華豐,60,0,60,國泰-台南,2024-04-16,8884
6116,彩晶,59,0,59,國泰-台南,2024-04-16,8884
00751B,元大AAA至A公司債,73,15,58,國泰-台南,2024-04-16,8884
3260,威剛,100,43,57,國泰-台南,2024-04-16,8884
2323,中環,65,10,55,國泰-台南,2024-04-16,8884
2887,台新金,67,12,55,國泰-台南,2024-04-16,8884
2630,亞航,222,168,54,國泰-台南,2024-04-16,8884
1101,台泥,214,161,53,國泰-台南,2024-04-16,8884
2880,華南金,52,0,52,國泰-台南,2024-04-16,8884
1810,和成,72,20,52,國泰-台南,2024-04-16,8884
00664R,國泰臺灣加權反1,50,0,50,國泰-台南,2024-04-16,8884
1301,台塑,53,3,50,國泰-台南,2024-04-16,8884
6120,達運,52,4,48,國泰-台南,2024-04-16,8884
2884,玉山金,87,39,48,國泰-台南,2024-04-16,8884
2331,精英,50,3,47,國泰-台南,2024-04-16,8884
1905,華紙,47,1,46,國泰-台南,2024-04-16,8884
00931B,統一美債20年,60,15,45,國泰-台南,2024-04-16,8884
00720B,元大投資級公司債,79,38,41,國泰-台南,2024-04-16,8884
1307,三芳,41,1,40,國泰-台南,2024-04-16,8884
4973,廣穎,43,3,40,國泰-台南,2024-04-16,8884
2356,英業達,76,39,37,國泰-台南,2024-04-16,8884
00937B,群益ESG投等債20,850,63,787,國泰-台南,2024-04-17,8884
00929,復華台灣科技優息,618,69,549,國泰-台南,2024-04-17,8884
00712,復華富時不動產,298,44,254,國泰-台南,2024-04-17,8884
00940,元大台灣價值高息,370,130,240,國泰-台南,2024-04-17,8884
0056,元大高股息,249,30,219,國泰-台南,2024-04-17,8884
00878,國泰永續高股息,269,66,203,國泰-台南,2024-04-17,8884
00688L,國泰20年美債正2,157,3,154,國泰-台南,2024-04-17,8884
00720B,元大投資級公司債,139,6,133,國泰-台南,2024-04-17,8884
00933B,國泰10Y+金融債,427,319,108,國泰-台南,2024-04-17,8884
6015,宏遠證,101,0,101,國泰-台南,2024-04-17,8884
8926,台汽電,121,28,93,國泰-台南,2024-04-17,8884
2618,長榮航,99,10,89,國泰-台南,2024-04-17,8884
00751B,元大AAA至A公司債,98,12,86,國泰-台南,2024-04-17,8884
00772B,中信高評級公司債,82,1,81,國泰-台南,2024-04-17,8884
00679B,元大美債20年,111,31,80,國泰-台南,2024-04-17,8884
00919,群益台灣精選高息,182,107,75,國泰-台南,2024-04-17,8884
00687B,國泰20年美債,143,71,72,國泰-台南,2024-04-17,8884
2515,中工,76,6,70,國泰-台南,2024-04-17,8884
00857B,永豐20年美公債,75,9,66,國泰-台南,2024-04-17,8884
3481,群創,64,1,63,國泰-台南,2024-04-17,8884
2356,英業達,82,23,59,國泰-台南,2024-04-17,8884
00680L,元大美債20正2,98,40,58,國泰-台南,2024-04-17,8884
3231,緯創,133,77,56,國泰-台南,2024-04-17,8884
2401,凌陽,79,24,55,國泰-台南,2024-04-17,8884
2537,聯上發,51,7,44,國泰-台南,2024-04-17,8884
2017,官田鋼,48,7,41,國泰-台南,2024-04-17,8884
6244,茂迪,51,11,40,國泰-台南,2024-04-17,8884
00934,中信成長高股息,41,1,40,國泰-台南,2024-04-17,8884
00941,中信上游半導體,39,1,38,國泰-台南,2024-04-17,8884
00909,國泰數位支付服務,38,0,38,國泰-台南,2024-04-17,8884
00725B,國泰投資級公司債,37,0,37,國泰-台南,2024-04-17,8884
00650L,復華香港正2,35,0,35,國泰-台南,2024-04-17,8884
2511,太子,32,0,32,國泰-台南,2024-04-17,8884
0052,富邦科技,32,0,32,國泰-台南,2024-04-17,8884
1785,光洋科,55,24,31,國泰-台南,2024-04-17,8884
00927,群益半導體收益,41,10,31,國泰-台南,2024-04-17,8884
1603,華電,40,11,29,國泰-台南,2024-04-17,8884
1584,精剛,37,9,28,國泰-台南,2024-04-17,8884
2409,友達,44,16,28,國泰-台南,2024-04-17,8884
3013,晟銘電,89,61,28,國泰-台南,2024-04-17,8884
2301,光寶科,31,4,27,國泰-台南,2024-04-17,8884
2634,漢翔,46,19,27,國泰-台南,2024-04-17,8884
00918,大華優利高填息30,28,1,27,國泰-台南,2024-04-17,8884
6770,力積電,106,80,26,國泰-台南,2024-04-17,8884
00706L,期元大S＆P日圓正2,31,5,26,國泰-台南,2024-04-17,8884
2611,志信,54,28,26,國泰-台南,2024-04-17,8884
2303,聯電,42,17,25,國泰-台南,2024-04-17,8884
3339,泰谷,42,17,25,國泰-台南,2024-04-17,8884
6183,關貿,25,0,25,國泰-台南,2024-04-17,8884
5871,中租-KY,24,0,24,國泰-台南,2024-04-17,8884
00632R,元大台灣50反1,653,92,561,國泰-台南,2024-04-18,8884
00937B,群益ESG投等債20,568,21,547,國泰-台南,2024-04-18,8884
2515,中工,929,550,379,國泰-台南,2024-04-18,8884
00929,復華台灣科技優息,379,62,317,國泰-台南,2024-04-18,8884
00940,元大台灣價值高息,372,136,236,國泰-台南,2024-04-18,8884
2371,大同,916,749,167,國泰-台南,2024-04-18,8884
1605,華新,422,295,127,國泰-台南,2024-04-18,8884
00941,中信上游半導體,158,34,124,國泰-台南,2024-04-18,8884
2538,基泰,102,0,102,國泰-台南,2024-04-18,8884
00687B,國泰20年美債,135,39,96,國泰-台南,2024-04-18,8884
5512,力麒,110,15,95,國泰-台南,2024-04-18,8884
00712,復華富時不動產,93,2,91,國泰-台南,2024-04-18,8884
5521,工信,104,16,88,國泰-台南,2024-04-18,8884
2511,太子,105,19,86,國泰-台南,2024-04-18,8884
2010,春源,77,0,77,國泰-台南,2024-04-18,8884
0056,元大高股息,141,65,76,國泰-台南,2024-04-18,8884
6770,力積電,79,8,71,國泰-台南,2024-04-18,8884
00733,富邦臺灣中小,94,27,67,國泰-台南,2024-04-18,8884
9945,潤泰新,110,45,65,國泰-台南,2024-04-18,8884
2367,燿華,113,48,65,國泰-台南,2024-04-18,8884
2889,國票金,62,0,62,國泰-台南,2024-04-18,8884
3058,立德,60,1,59,國泰-台南,2024-04-18,8884
00720B,元大投資級公司債,65,9,56,國泰-台南,2024-04-18,8884
00664R,國泰臺灣加權反1,51,0,51,國泰-台南,2024-04-18,8884
1513,中興電,259,211,48,國泰-台南,2024-04-18,8884
2514,龍邦,51,3,48,國泰-台南,2024-04-18,8884
2405,輔信,47,0,47,國泰-台南,2024-04-18,8884
00646,元大S＆P500,48,1,47,國泰-台南,2024-04-18,8884
1529,樂事綠能,133,89,44,國泰-台南,2024-04-18,8884
2501,國建,92,48,44,國泰-台南,2024-04-18,8884
2014,中鴻,113,70,43,國泰-台南,2024-04-18,8884
00919,群益台灣精選高息,137,96,41,國泰-台南,2024-04-18,8884
2505,國揚,41,0,41,國泰-台南,2024-04-18,8884
2038,海光,50,11,39,國泰-台南,2024-04-18,8884
2618,長榮航,89,51,38,國泰-台南,2024-04-18,8884
3013,晟銘電,129,93,36,國泰-台南,2024-04-18,8884
9955,佳龍,52,16,36,國泰-台南,2024-04-18,8884
6125,廣運,95,66,29,國泰-台南,2024-04-18,8884
00679B,元大美債20年,46,18,28,國泰-台南,2024-04-18,8884
8097,常珵,28,2,26,國泰-台南,2024-04-18,8884
2464,盟立,30,5,25,國泰-台南,2024-04-18,8884
3481,群創,38,14,24,國泰-台南,2024-04-18,8884
1453,大將,28,5,23,國泰-台南,2024-04-18,8884
3622,洋華,42,19,23,國泰-台南,2024-04-18,8884
2023,燁輝,28,5,23,國泰-台南,2024-04-18,8884
1108,幸福,25,3,22,國泰-台南,2024-04-18,8884
1785,光洋科,32,11,21,國泰-台南,2024-04-18,8884
00927,群益半導體收益,31,10,21,國泰-台南,2024-04-18,8884
4306,炎洲,32,11,21,國泰-台南,2024-04-18,8884
00885,富邦越南,29,8,21,國泰-台南,2024-04-18,8884
00940,元大台灣價值高息,1647,403,1244,國泰-台南,2024-04-19,8884
00929,復華台灣科技優息,2315,1441,874,國泰-台南,2024-04-19,8884
00878,國泰永續高股息,705,194,511,國泰-台南,2024-04-19,8884
00919,群益台灣精選高息,841,358,483,國泰-台南,2024-04-19,8884
2891,中信金,451,35,416,國泰-台南,2024-04-19,8884
1609,大亞,1241,968,273,國泰-台南,2024-04-19,8884
0056,元大高股息,364,105,259,國泰-台南,2024-04-19,8884
00939,統一台灣高息動能,477,239,238,國泰-台南,2024-04-19,8884
3703,欣陸,216,25,191,國泰-台南,2024-04-19,8884
00941,中信上游半導體,197,10,187,國泰-台南,2024-04-19,8884
3481,群創,155,15,140,國泰-台南,2024-04-19,8884
2330,台積電,190,55,135,國泰-台南,2024-04-19,8884
6770,力積電,146,14,132,國泰-台南,2024-04-19,8884
006208,富邦台50,134,9,125,國泰-台南,2024-04-19,8884
8936,國統,282,159,123,國泰-台南,2024-04-19,8884
2303,聯電,151,36,115,國泰-台南,2024-04-19,8884
2489,瑞軒,110,1,109,國泰-台南,2024-04-19,8884
2888,新光金,167,75,92,國泰-台南,2024-04-19,8884
00706L,期元大S＆P日圓正2,80,0,80,國泰-台南,2024-04-19,8884
2618,長榮航,111,31,80,國泰-台南,2024-04-19,8884
00918,大華優利高填息30,79,11,68,國泰-台南,2024-04-19,8884
1608,華榮,354,289,65,國泰-台南,2024-04-19,8884
2409,友達,69,6,63,國泰-台南,2024-04-19,8884
1467,南緯,62,1,61,國泰-台南,2024-04-19,8884
4533,協易機,72,12,60,國泰-台南,2024-04-19,8884
2109,華豐,60,0,60,國泰-台南,2024-04-19,8884
2610,華航,82,23,59,國泰-台南,2024-04-19,8884
5512,力麒,487,430,57,國泰-台南,2024-04-19,8884
1513,中興電,209,152,57,國泰-台南,2024-04-19,8884
00715L,期街口布蘭特正2,64,8,56,國泰-台南,2024-04-19,8884
2344,華邦電,69,14,55,國泰-台南,2024-04-19,8884
9105,泰金寶-DR,54,0,54,國泰-台南,2024-04-19,8884
00637L,元大滬深300正2,54,0,54,國泰-台南,2024-04-19,8884
0050,元大台灣50,53,6,47,國泰-台南,2024-04-19,8884
1101,台泥,56,9,47,國泰-台南,2024-04-19,8884
2317,鴻海,127,81,46,國泰-台南,2024-04-19,8884
6505,台塑化,45,1,44,國泰-台南,2024-04-19,8884
00881,國泰台灣5G+,51,9,42,國泰-台南,2024-04-19,8884
2882,國泰金,64,22,42,國泰-台南,2024-04-19,8884
2520,冠德,67,27,40,國泰-台南,2024-04-19,8884
2402,毅嘉,51,12,39,國泰-台南,2024-04-19,8884
00927,群益半導體收益,55,17,38,國泰-台南,2024-04-19,8884
2427,三商電,84,48,36,國泰-台南,2024-04-19,8884
1314,中石化,40,5,35,國泰-台南,2024-04-19,8884
00692,富邦公司治理,41,8,33,國泰-台南,2024-04-19,8884
00933B,國泰10Y+金融債,68,36,32,國泰-台南,2024-04-19,8884
00935,野村臺灣新科技50,43,12,31,國泰-台南,2024-04-19,8884
2886,兆豐金,35,3,32,國泰-台南,2024-04-19,8884
00891,中信關鍵半導體,47,16,31,國泰-台南,2024-04-19,8884
2881,富邦金,40,10,30,國泰-台南,2024-04-19,8884
00929,復華台灣科技優息,2143,724,1419,國泰-台南,2024-04-22,8884
00919,群益台灣精選高息,589,162,427,國泰-台南,2024-04-22,8884
00940,元大台灣價值高息,619,213,406,國泰-台南,2024-04-22,8884
00937B,群益ESG投等債20,491,202,289,國泰-台南,2024-04-22,8884
1314,中石化,351,103,248,國泰-台南,2024-04-22,8884
2515,中工,744,565,179,國泰-台南,2024-04-22,8884
00878,國泰永續高股息,205,50,155,國泰-台南,2024-04-22,8884
2547,日勝生,195,55,140,國泰-台南,2024-04-22,8884
00632R,元大台灣50反1,207,90,117,國泰-台南,2024-04-22,8884
2317,鴻海,159,42,117,國泰-台南,2024-04-22,8884
2511,太子,202,112,90,國泰-台南,2024-04-22,8884
00673R,期元大S＆P原油反1,100,28,72,國泰-台南,2024-04-22,8884
00720B,元大投資級公司債,71,0,71,國泰-台南,2024-04-22,8884
2303,聯電,80,12,68,國泰-台南,2024-04-22,8884
5512,力麒,292,228,64,國泰-台南,2024-04-22,8884
2543,皇昌,76,14,62,國泰-台南,2024-04-22,8884
2545,皇翔,66,4,62,國泰-台南,2024-04-22,8884
8473,山林水,129,69,60,國泰-台南,2024-04-22,8884
8064,東捷,72,12,60,國泰-台南,2024-04-22,8884
1618,合機,123,66,57,國泰-台南,2024-04-22,8884
2107,厚生,55,0,55,國泰-台南,2024-04-22,8884
8936,國統,124,73,51,國泰-台南,2024-04-22,8884
2104,國際中橡,50,2,48,國泰-台南,2024-04-22,8884
2329,華泰,79,35,44,國泰-台南,2024-04-22,8884
9105,泰金寶-DR,43,0,43,國泰-台南,2024-04-22,8884
1608,華榮,217,174,43,國泰-台南,2024-04-22,8884
4532,瑞智,44,2,42,國泰-台南,2024-04-22,8884
2867,三商壽,83,41,42,國泰-台南,2024-04-22,8884
2634,漢翔,66,26,40,國泰-台南,2024-04-22,8884
00939,統一台灣高息動能,224,184,40,國泰-台南,2024-04-22,8884
1609,大亞,486,447,39,國泰-台南,2024-04-22,8884
2506,太設,136,97,39,國泰-台南,2024-04-22,8884
3481,群創,83,44,39,國泰-台南,2024-04-22,8884
1616,億泰,47,8,39,國泰-台南,2024-04-22,8884
1513,中興電,109,71,38,國泰-台南,2024-04-22,8884
3231,緯創,126,89,37,國泰-台南,2024-04-22,8884
2344,華邦電,37,1,36,國泰-台南,2024-04-22,8884
2605,新興,76,40,36,國泰-台南,2024-04-22,8884
6679,鈺太,35,1,34,國泰-台南,2024-04-22,8884
3027,盛達,48,16,32,國泰-台南,2024-04-22,8884
6116,彩晶,39,9,30,國泰-台南,2024-04-22,8884
3339,泰谷,71,42,29,國泰-台南,2024-04-22,8884
3058,立德,27,0,27,國泰-台南,2024-04-22,8884
00680L,元大美債20正2,37,10,27,國泰-台南,2024-04-22,8884
00679B,元大美債20年,41,16,25,國泰-台南,2024-04-22,8884
5009,榮剛,27,2,25,國泰-台南,2024-04-22,8884
5521,工信,121,97,24,國泰-台南,2024-04-22,8884
6578,達邦蛋白,27,3,24,國泰-台南,2024-04-22,8884
3051,力特,23,0,23,國泰-台南,2024-04-22,8884
1603,華電,70,47,23,國泰-台南,2024-04-22,8884
00929,復華台灣科技優息,693,321,372,國泰-台南,2024-04-23,8884
5512,力麒,207,60,147,國泰-台南,2024-04-23,8884
00878,國泰永續高股息,176,43,133,國泰-台南,2024-04-23,8884
00919,群益台灣精選高息,180,53,127,國泰-台南,2024-04-23,8884
00940,元大台灣價值高息,332,232,100,國泰-台南,2024-04-23,8884
1440,南紡,139,54,85,國泰-台南,2024-04-23,8884
2317,鴻海,111,26,85,國泰-台南,2024-04-23,8884
00939,統一台灣高息動能,85,5,80,國泰-台南,2024-04-23,8884
1316,上曜,100,33,67,國泰-台南,2024-04-23,8884
5425,台半,71,11,60,國泰-台南,2024-04-23,8884
2515,中工,316,257,59,國泰-台南,2024-04-23,8884
00918,大華優利高填息30,58,0,58,國泰-台南,2024-04-23,8884
2511,太子,80,31,49,國泰-台南,2024-04-23,8884
2913,農林,41,0,41,國泰-台南,2024-04-23,8884
2536,宏普,35,0,35,國泰-台南,2024-04-23,8884
2303,聯電,53,18,35,國泰-台南,2024-04-23,8884
5515,建國,48,14,34,國泰-台南,2024-04-23,8884
2206,三陽工業,110,77,33,國泰-台南,2024-04-23,8884
3686,達能,35,4,31,國泰-台南,2024-04-23,8884
3715,定穎投控,76,48,28,國泰-台南,2024-04-23,8884
2371,大同,342,316,26,國泰-台南,2024-04-23,8884
6770,力積電,29,7,22,國泰-台南,2024-04-23,8884
2634,漢翔,61,40,21,國泰-台南,2024-04-23,8884
2453,凌群,20,0,20,國泰-台南,2024-04-23,8884
00680L,元大美債20正2,26,6,20,國泰-台南,2024-04-23,8884
8463,潤泰材,19,0,19,國泰-台南,2024-04-23,8884
5009,榮剛,22,4,18,國泰-台南,2024-04-23,8884
00915,凱基優選高股息30,20,2,18,國泰-台南,2024-04-23,8884
2603,長榮,41,25,16,國泰-台南,2024-04-23,8884
1455,集盛,16,0,16,國泰-台南,2024-04-23,8884
6183,關貿,15,0,15,國泰-台南,2024-04-23,8884
2359,所羅門,16,1,15,國泰-台南,2024-04-23,8884
1457,宜進,20,5,15,國泰-台南,2024-04-23,8884
2885,元大金,16,1,15,國泰-台南,2024-04-23,8884
2354,鴻準,57,42,15,國泰-台南,2024-04-23,8884
5324,士開,16,2,14,國泰-台南,2024-04-23,8884
9939,宏全,15,1,14,國泰-台南,2024-04-23,8884
5706,鳳凰,20,7,13,國泰-台南,2024-04-23,8884
4904,遠傳,13,0,13,國泰-台南,2024-04-23,8884
2409,友達,51,38,13,國泰-台南,2024-04-23,8884
8092,建暐,29,16,13,國泰-台南,2024-04-23,8884
1584,精剛,12,0,12,國泰-台南,2024-04-23,8884
1737,臺鹽,12,0,12,國泰-台南,2024-04-23,8884
3051,力特,12,0,12,國泰-台南,2024-04-23,8884
6187,萬潤,12,0,12,國泰-台南,2024-04-23,8884
2524,京城,37,25,12,國泰-台南,2024-04-23,8884
6188,廣明,12,1,11,國泰-台南,2024-04-23,8884
2722,夏都,12,1,11,國泰-台南,2024-04-23,8884
5493,三聯,18,7,11,國泰-台南,2024-04-23,8884
2301,光寶科,20,9,11,國泰-台南,2024-04-23,8884
00687B,國泰20年美債,211,11,200,國泰-台南,2024-04-24,8884
00937B,群益ESG投等債20,226,51,175,國泰-台南,2024-04-24,8884
00857B,永豐20年美公債,168,0,168,國泰-台南,2024-04-24,8884
00632R,元大台灣50反1,323,192,131,國泰-台南,2024-04-24,8884
1532,勤美,135,10,125,國泰-台南,2024-04-24,8884
00929,復華台灣科技優息,464,351,113,國泰-台南,2024-04-24,8884
5511,德昌,127,14,113,國泰-台南,2024-04-24,8884
2880,華南金,102,6,96,國泰-台南,2024-04-24,8884
2888,新光金,211,121,90,國泰-台南,2024-04-24,8884
1314,中石化,106,18,88,國泰-台南,2024-04-24,8884
00679B,元大美債20年,98,15,83,國泰-台南,2024-04-24,8884
2409,友達,78,1,77,國泰-台南,2024-04-24,8884
3481,群創,101,29,72,國泰-台南,2024-04-24,8884
00664R,國泰臺灣加權反1,51,0,51,國泰-台南,2024-04-24,8884
2889,國票金,61,11,50,國泰-台南,2024-04-24,8884
2886,兆豐金,66,16,50,國泰-台南,2024-04-24,8884
2834,臺企銀,56,9,47,國泰-台南,2024-04-24,8884
2509,全坤建,82,36,46,國泰-台南,2024-04-24,8884
00751B,元大AAA至A公司債,45,5,40,國泰-台南,2024-04-24,8884
5392,能率,40,0,40,國泰-台南,2024-04-24,8884
2501,國建,221,181,40,國泰-台南,2024-04-24,8884
00933B,國泰10Y+金融債,44,5,39,國泰-台南,2024-04-24,8884
00688L,國泰20年美債正2,29,0,29,國泰-台南,2024-04-24,8884
4912,聯德控股-KY,29,0,29,國泰-台南,2024-04-24,8884
2890,永豐金,34,7,27,國泰-台南,2024-04-24,8884
3231,緯創,104,80,24,國泰-台南,2024-04-24,8884
5388,中磊,24,0,24,國泰-台南,2024-04-24,8884
2634,漢翔,42,20,22,國泰-台南,2024-04-24,8884
00715L,期街口布蘭特正2,22,2,20,國泰-台南,2024-04-24,8884
1529,樂事綠能,29,9,20,國泰-台南,2024-04-24,8884
4945,陞達科技,18,0,18,國泰-台南,2024-04-24,8884
1605,華新,108,90,18,國泰-台南,2024-04-24,8884
3703,欣陸,186,169,17,國泰-台南,2024-04-24,8884
5608,四維航,22,5,17,國泰-台南,2024-04-24,8884
00720B,元大投資級公司債,24,7,17,國泰-台南,2024-04-24,8884
3230,錦明,20,4,16,國泰-台南,2024-04-24,8884
2374,佳能,77,61,16,國泰-台南,2024-04-24,8884
6183,關貿,15,0,15,國泰-台南,2024-04-24,8884
00941,中信上游半導體,18,4,14,國泰-台南,2024-04-24,8884
6213,聯茂,50,36,14,國泰-台南,2024-04-24,8884
2427,三商電,28,15,13,國泰-台南,2024-04-24,8884
5531,鄉林,13,0,13,國泰-台南,2024-04-24,8884
2405,輔信,12,0,12,國泰-台南,2024-04-24,8884
5515,建國,12,0,12,國泰-台南,2024-04-24,8884
2891,中信金,21,9,12,國泰-台南,2024-04-24,8884
5356,協益,12,0,12,國泰-台南,2024-04-24,8884
3450,聯鈞,14,2,12,國泰-台南,2024-04-24,8884
2208,台船,11,0,11,國泰-台南,2024-04-24,8884
3711,日月光投控,12,1,11,國泰-台南,2024-04-24,8884
3050,鈺德,11,0,11,國泰-台南,2024-04-24,8884
2891,中信金,449,16,433,國泰-台南,2024-04-25,8884
2515,中工,513,311,202,國泰-台南,2024-04-25,8884
2618,長榮航,539,346,193,國泰-台南,2024-04-25,8884
00940,元大台灣價值高息,286,117,169,國泰-台南,2024-04-25,8884
00878,國泰永續高股息,258,103,155,國泰-台南,2024-04-25,8884
00929,復華台灣科技優息,478,329,149,國泰-台南,2024-04-25,8884
00688L,國泰20年美債正2,114,0,114,國泰-台南,2024-04-25,8884
4562,穎漢,117,13,104,國泰-台南,2024-04-25,8884
2317,鴻海,145,44,101,國泰-台南,2024-04-25,8884
2025,千興,104,5,99,國泰-台南,2024-04-25,8884
00941,中信上游半導體,91,0,91,國泰-台南,2024-04-25,8884
00937B,群益ESG投等債20,142,51,91,國泰-台南,2024-04-25,8884
00687B,國泰20年美債,122,39,83,國泰-台南,2024-04-25,8884
00919,群益台灣精選高息,133,58,75,國泰-台南,2024-04-25,8884
8096,擎亞,86,11,75,國泰-台南,2024-04-25,8884
00939,統一台灣高息動能,70,1,69,國泰-台南,2024-04-25,8884
2801,彰銀,64,0,64,國泰-台南,2024-04-25,8884
00679B,元大美債20年,64,1,63,國泰-台南,2024-04-25,8884
1618,合機,75,14,61,國泰-台南,2024-04-25,8884
0056,元大高股息,61,2,59,國泰-台南,2024-04-25,8884
1532,勤美,57,1,56,國泰-台南,2024-04-25,8884
8404,百和興業-KY,51,0,51,國泰-台南,2024-04-25,8884
00671R,富邦NASDAQ反1,51,0,51,國泰-台南,2024-04-25,8884
1440,南紡,177,127,50,國泰-台南,2024-04-25,8884
00720B,元大投資級公司債,57,13,44,國泰-台南,2024-04-25,8884
00933B,國泰10Y+金融債,40,0,40,國泰-台南,2024-04-25,8884
3013,晟銘電,123,86,37,國泰-台南,2024-04-25,8884
6770,力積電,42,6,36,國泰-台南,2024-04-25,8884
5515,建國,42,6,36,國泰-台南,2024-04-25,8884
3234,光環,41,5,36,國泰-台南,2024-04-25,8884
1301,台塑,36,1,35,國泰-台南,2024-04-25,8884
2547,日勝生,40,6,34,國泰-台南,2024-04-25,8884
3338,泰碩,48,14,34,國泰-台南,2024-04-25,8884
2359,所羅門,90,56,34,國泰-台南,2024-04-25,8884
6425,易發,79,45,34,國泰-台南,2024-04-25,8884
6213,聯茂,48,16,32,國泰-台南,2024-04-25,8884
00680L,元大美債20正2,32,1,31,國泰-台南,2024-04-25,8884
2330,台積電,41,10,31,國泰-台南,2024-04-25,8884
00669R,國泰美國道瓊反1,30,0,30,國泰-台南,2024-04-25,8884
00857B,永豐20年美公債,28,0,28,國泰-台南,2024-04-25,8884
00891,中信關鍵半導體,30,3,27,國泰-台南,2024-04-25,8884
00631L,元大台灣50正2,29,2,27,國泰-台南,2024-04-25,8884
00915,凱基優選高股息30,112,85,27,國泰-台南,2024-04-25,8884
2316,楠梓電,69,43,26,國泰-台南,2024-04-25,8884
3297,杭特,41,16,25,國泰-台南,2024-04-25,8884
2610,華航,113,88,25,國泰-台南,2024-04-25,8884
6275,元山,27,2,25,國泰-台南,2024-04-25,8884
00751B,元大AAA至A公司債,25,0,25,國泰-台南,2024-04-25,8884
6188,廣明,51,28,23,國泰-台南,2024-04-25,8884
2892,第一金,24,1,23,國泰-台南,2024-04-25,8884
00937B,群益ESG投等債20,721,20,701,國泰-台南,2024-04-26,8884
00679B,元大美債20年,156,8,148,國泰-台南,2024-04-26,8884
00632R,元大台灣50反1,404,264,140,國泰-台南,2024-04-26,8884
00687B,國泰20年美債,136,11,125,國泰-台南,2024-04-26,8884
2547,日勝生,127,59,68,國泰-台南,2024-04-26,8884
00929,復華台灣科技優息,114,50,64,國泰-台南,2024-04-26,8884
00720B,元大投資級公司債,60,0,60,國泰-台南,2024-04-26,8884
2423,固緯,58,1,57,國泰-台南,2024-04-26,8884
2101,南港,102,53,49,國泰-台南,2024-04-26,8884
2887,台新金,55,7,48,國泰-台南,2024-04-26,8884
00918,大華優利高填息30,89,42,47,國泰-台南,2024-04-26,8884
00930,永豐ESG低碳高息,50,4,46,國泰-台南,2024-04-26,8884
1440,南紡,232,188,44,國泰-台南,2024-04-26,8884
2344,華邦電,49,7,42,國泰-台南,2024-04-26,8884
6592,和潤企業,40,0,40,國泰-台南,2024-04-26,8884
3231,緯創,85,45,40,國泰-台南,2024-04-26,8884
2208,台船,37,0,37,國泰-台南,2024-04-26,8884
2305,全友,35,0,35,國泰-台南,2024-04-26,8884
00933B,國泰10Y+金融債,36,2,34,國泰-台南,2024-04-26,8884
6212,理銘,33,0,33,國泰-台南,2024-04-26,8884
00923,群益台ESG低碳50,41,8,33,國泰-台南,2024-04-26,8884
6177,達麗,42,11,31,國泰-台南,2024-04-26,8884
2511,太子,141,110,31,國泰-台南,2024-04-26,8884
5871,中租-KY,30,0,30,國泰-台南,2024-04-26,8884
1808,潤隆,32,2,30,國泰-台南,2024-04-26,8884
00688L,國泰20年美債正2,32,2,30,國泰-台南,2024-04-26,8884
1339,昭輝,30,2,28,國泰-台南,2024-04-26,8884
2206,三陽工業,51,25,26,國泰-台南,2024-04-26,8884
00671R,富邦NASDAQ反1,26,1,25,國泰-台南,2024-04-26,8884
2913,農林,25,0,25,國泰-台南,2024-04-26,8884
8473,山林水,30,7,23,國泰-台南,2024-04-26,8884
6197,佳必琪,35,12,23,國泰-台南,2024-04-26,8884
00751B,元大AAA至A公司債,22,0,22,國泰-台南,2024-04-26,8884
00795B,中信美國公債20年,22,0,22,國泰-台南,2024-04-26,8884
3706,神達,47,25,22,國泰-台南,2024-04-26,8884
0056,元大高股息,30,9,21,國泰-台南,2024-04-26,8884
00942B,台新美A公司債20+,21,0,21,國泰-台南,2024-04-26,8884
5251,天鉞電,38,17,21,國泰-台南,2024-04-26,8884
1587,吉茂,85,64,21,國泰-台南,2024-04-26,8884
1409,新纖,23,2,21,國泰-台南,2024-04-26,8884
2506,太設,84,64,20,國泰-台南,2024-04-26,8884
4306,炎洲,20,1,19,國泰-台南,2024-04-26,8884
2489,瑞軒,22,3,19,國泰-台南,2024-04-26,8884
6548,長科*,23,4,19,國泰-台南,2024-04-26,8884
00713,元大台灣高息低波,20,1,19,國泰-台南,2024-04-26,8884
2464,盟立,72,54,18,國泰-台南,2024-04-26,8884
00712,復華富時不動產,39,22,17,國泰-台南,2024-04-26,8884
1101,台泥,45,28,17,國泰-台南,2024-04-26,8884
2611,志信,32,16,16,國泰-台南,2024-04-26,8884
8054,安國,62,46,16,國泰-台南,2024-04-26,8884
2888,新光金,544,171,373,國泰-台南,2024-04-29,8884
1314,中石化,533,173,360,國泰-台南,2024-04-29,8884
00632R,元大台灣50反1,210,52,158,國泰-台南,2024-04-29,8884
2610,華航,213,72,141,國泰-台南,2024-04-29,8884
2323,中環,579,441,138,國泰-台南,2024-04-29,8884
2363,矽統,399,276,123,國泰-台南,2024-04-29,8884
00650L,復華香港正2,87,0,87,國泰-台南,2024-04-29,8884
2101,南港,109,41,68,國泰-台南,2024-04-29,8884
6120,達運,74,13,61,國泰-台南,2024-04-29,8884
2515,中工,461,402,59,國泰-台南,2024-04-29,8884
5511,德昌,60,4,56,國泰-台南,2024-04-29,8884
2547,日勝生,65,10,55,國泰-台南,2024-04-29,8884
2537,聯上發,99,47,52,國泰-台南,2024-04-29,8884
2615,萬海,107,55,52,國泰-台南,2024-04-29,8884
5392,能率,53,5,48,國泰-台南,2024-04-29,8884
3163,波若威,64,17,47,國泰-台南,2024-04-29,8884
6177,達麗,85,38,47,國泰-台南,2024-04-29,8884
00712,復華富時不動產,52,6,46,國泰-台南,2024-04-29,8884
9907,統一實,52,7,45,國泰-台南,2024-04-29,8884
2359,所羅門,109,65,44,國泰-台南,2024-04-29,8884
2067,嘉鋼,41,0,41,國泰-台南,2024-04-29,8884
5009,榮剛,68,28,40,國泰-台南,2024-04-29,8884
2609,陽明,262,224,38,國泰-台南,2024-04-29,8884
2449,京元電子,88,51,37,國泰-台南,2024-04-29,8884
2880,華南金,225,188,37,國泰-台南,2024-04-29,8884
00930,永豐ESG低碳高息,51,15,36,國泰-台南,2024-04-29,8884
8110,華東,48,13,35,國泰-台南,2024-04-29,8884
00934,中信成長高股息,36,1,35,國泰-台南,2024-04-29,8884
1785,光洋科,35,2,33,國泰-台南,2024-04-29,8884
00929,復華台灣科技優息,191,159,32,國泰-台南,2024-04-29,8884
6244,茂迪,32,0,32,國泰-台南,2024-04-29,8884
3033,威健,33,2,31,國泰-台南,2024-04-29,8884
4967,十銓,30,0,30,國泰-台南,2024-04-29,8884
6139,亞翔,39,10,29,國泰-台南,2024-04-29,8884
4147,中裕,30,2,28,國泰-台南,2024-04-29,8884
4306,炎洲,31,3,28,國泰-台南,2024-04-29,8884
2618,長榮航,335,308,27,國泰-台南,2024-04-29,8884
00664R,國泰臺灣加權反1,25,0,25,國泰-台南,2024-04-29,8884
2731,雄獅,33,9,24,國泰-台南,2024-04-29,8884
3455,由田,30,6,24,國泰-台南,2024-04-29,8884
3466,德晉,24,1,23,國泰-台南,2024-04-29,8884
1536,和大,21,0,21,國泰-台南,2024-04-29,8884
6183,關貿,21,0,21,國泰-台南,2024-04-29,8884
3260,威剛,21,1,20,國泰-台南,2024-04-29,8884
2881A,富邦特,20,0,20,國泰-台南,2024-04-29,8884
2009,第一銅,99,79,20,國泰-台南,2024-04-29,8884
6257,矽格,21,2,19,國泰-台南,2024-04-29,8884
1609,大亞,170,152,18,國泰-台南,2024-04-29,8884
00857B,永豐20年美公債,18,1,17,國泰-台南,2024-04-29,8884
6290,良維,32,15,17,國泰-台南,2024-04-29,8884
00929,復華台灣科技優息,403,59,344,國泰-台南,2024-04-30,8884
2610,華航,207,49,158,國泰-台南,2024-04-30,8884
2515,中工,316,208,108,國泰-台南,2024-04-30,8884
2323,中環,138,39,99,國泰-台南,2024-04-30,8884
00632R,元大台灣50反1,126,30,96,國泰-台南,2024-04-30,8884
00878,國泰永續高股息,139,49,90,國泰-台南,2024-04-30,8884
2845,遠東銀,81,0,81,國泰-台南,2024-04-30,8884
6770,力積電,94,18,76,國泰-台南,2024-04-30,8884
00919,群益台灣精選高息,108,32,76,國泰-台南,2024-04-30,8884
4306,炎洲,72,0,72,國泰-台南,2024-04-30,8884
00940,元大台灣價值高息,114,54,60,國泰-台南,2024-04-30,8884
2461,光群雷,64,7,57,國泰-台南,2024-04-30,8884
2867,三商壽,56,1,55,國泰-台南,2024-04-30,8884
2505,國揚,60,11,49,國泰-台南,2024-04-30,8884
5511,德昌,50,1,49,國泰-台南,2024-04-30,8884
2442,新美齊,51,4,47,國泰-台南,2024-04-30,8884
2891,中信金,147,100,47,國泰-台南,2024-04-30,8884
5531,鄉林,58,18,40,國泰-台南,2024-04-30,8884
00915,凱基優選高股息30,100,60,40,國泰-台南,2024-04-30,8884
2317,鴻海,91,52,39,國泰-台南,2024-04-30,8884
00795B,中信美國公債20年,37,0,37,國泰-台南,2024-04-30,8884
2605,新興,49,13,36,國泰-台南,2024-04-30,8884
00706L,期元大S＆P日圓正2,51,15,36,國泰-台南,2024-04-30,8884
4402,郡都開發,36,0,36,國泰-台南,2024-04-30,8884
4967,十銓,40,5,35,國泰-台南,2024-04-30,8884
3490,單井,35,0,35,國泰-台南,2024-04-30,8884
5009,榮剛,89,58,31,國泰-台南,2024-04-30,8884
5230,雷笛克光學,32,1,31,國泰-台南,2024-04-30,8884
00679B,元大美債20年,37,8,29,國泰-台南,2024-04-30,8884
1815,富喬,28,0,28,國泰-台南,2024-04-30,8884
6550,北極星藥業-KY,27,0,27,國泰-台南,2024-04-30,8884
1605,華新,32,6,26,國泰-台南,2024-04-30,8884
3535,晶彩科,25,0,25,國泰-台南,2024-04-30,8884
1725,元禎,37,12,25,國泰-台南,2024-04-30,8884
00918,大華優利高填息30,72,48,24,國泰-台南,2024-04-30,8884
1785,光洋科,25,1,24,國泰-台南,2024-04-30,8884
2913,農林,29,7,22,國泰-台南,2024-04-30,8884
00927,群益半導體收益,22,2,20,國泰-台南,2024-04-30,8884
1718,中纖,20,0,20,國泰-台南,2024-04-30,8884
2355,敬鵬,20,1,19,國泰-台南,2024-04-30,8884
1903,士紙,25,7,18,國泰-台南,2024-04-30,8884
1618,合機,59,41,18,國泰-台南,2024-04-30,8884
1304,台聚,23,5,18,國泰-台南,2024-04-30,8884
2542,興富發,22,5,17,國泰-台南,2024-04-30,8884
1101,台泥,20,3,17,國泰-台南,2024-04-30,8884
2356,英業達,20,4,16,國泰-台南,2024-04-30,8884
1802,台玻,16,0,16,國泰-台南,2024-04-30,8884
00688L,國泰20年美債正2,26,10,16,國泰-台南,2024-04-30,8884
1316,上曜,126,110,16,國泰-台南,2024-04-30,8884
2316,楠梓電,36,21,15,國泰-台南,2024-04-30,8884
00878,國泰永續高股息,492,173,319,國泰-台南,2024-05-02,8884
00688L,國泰20年美債正2,312,4,308,國泰-台南,2024-05-02,8884
00929,復華台灣科技優息,332,34,298,國泰-台南,2024-05-02,8884
1216,統一,172,1,171,國泰-台南,2024-05-02,8884
1605,華新,148,6,142,國泰-台南,2024-05-02,8884
00937B,群益ESG投等債20,252,130,122,國泰-台南,2024-05-02,8884
00651R,復華香港反1,120,0,120,國泰-台南,2024-05-02,8884
00632R,元大台灣50反1,147,39,108,國泰-台南,2024-05-02,8884
00706L,期元大S＆P日圓正2,110,3,107,國泰-台南,2024-05-02,8884
2618,長榮航,420,313,107,國泰-台南,2024-05-02,8884
00919,群益台灣精選高息,117,17,100,國泰-台南,2024-05-02,8884
3481,群創,118,27,91,國泰-台南,2024-05-02,8884
2363,矽統,248,161,87,國泰-台南,2024-05-02,8884
00940,元大台灣價值高息,148,72,76,國泰-台南,2024-05-02,8884
1725,元禎,76,1,75,國泰-台南,2024-05-02,8884
8064,東捷,91,27,64,國泰-台南,2024-05-02,8884
00679B,元大美債20年,59,4,55,國泰-台南,2024-05-02,8884
2891,中信金,66,12,54,國泰-台南,2024-05-02,8884
1609,大亞,139,88,51,國泰-台南,2024-05-02,8884
2515,中工,177,127,50,國泰-台南,2024-05-02,8884
2641,正德,77,29,48,國泰-台南,2024-05-02,8884
2023,燁輝,64,18,46,國泰-台南,2024-05-02,8884
2888,新光金,295,251,44,國泰-台南,2024-05-02,8884
6278,台表科,57,14,43,國泰-台南,2024-05-02,8884
3056,富華新,54,15,39,國泰-台南,2024-05-02,8884
2609,陽明,194,156,38,國泰-台南,2024-05-02,8884
2913,農林,50,16,34,國泰-台南,2024-05-02,8884
2615,萬海,61,29,32,國泰-台南,2024-05-02,8884
5511,德昌,41,9,32,國泰-台南,2024-05-02,8884
00687B,國泰20年美債,82,50,32,國泰-台南,2024-05-02,8884
2527,宏璟,97,66,31,國泰-台南,2024-05-02,8884
1731,美吾華,29,0,29,國泰-台南,2024-05-02,8884
00857B,永豐20年美公債,29,0,29,國泰-台南,2024-05-02,8884
6177,達麗,77,49,28,國泰-台南,2024-05-02,8884
2739,寒舍,32,5,27,國泰-台南,2024-05-02,8884
2890,永豐金,32,5,27,國泰-台南,2024-05-02,8884
2330,台積電,34,8,26,國泰-台南,2024-05-02,8884
3363,上詮,43,18,25,國泰-台南,2024-05-02,8884
00933B,國泰10Y+金融債,36,12,24,國泰-台南,2024-05-02,8884
3708,上緯投控,29,5,24,國泰-台南,2024-05-02,8884
2501,國建,493,470,23,國泰-台南,2024-05-02,8884
2534,宏盛,48,26,22,國泰-台南,2024-05-02,8884
4526,東台,27,6,21,國泰-台南,2024-05-02,8884
2611,志信,45,25,20,國泰-台南,2024-05-02,8884
00881,國泰台灣5G+,22,3,19,國泰-台南,2024-05-02,8884
5457,宣德,18,2,16,國泰-台南,2024-05-02,8884
2401,凌陽,20,4,16,國泰-台南,2024-05-02,8884
2337,旺宏,21,5,16,國泰-台南,2024-05-02,8884
2607,榮運,20,4,16,國泰-台南,2024-05-02,8884
2834,臺企銀,46,31,15,國泰-台南,2024-05-02,8884
00937B,群益ESG投等債20,487,95,392,國泰-台南,2024-05-03,8884
2542,興富發,229,35,194,國泰-台南,2024-05-03,8884
00632R,元大台灣50反1,215,27,188,國泰-台南,2024-05-03,8884
00919,群益台灣精選高息,239,61,178,國泰-台南,2024-05-03,8884
00878,國泰永續高股息,271,144,127,國泰-台南,2024-05-03,8884
00882,中信中國高股息,140,25,115,國泰-台南,2024-05-03,8884
2344,華邦電,123,8,115,國泰-台南,2024-05-03,8884
1316,上曜,742,627,115,國泰-台南,2024-05-03,8884
00940,元大台灣價值高息,291,182,109,國泰-台南,2024-05-03,8884
00929,復華台灣科技優息,128,45,83,國泰-台南,2024-05-03,8884
00637L,元大滬深300正2,90,10,80,國泰-台南,2024-05-03,8884
9945,潤泰新,258,184,74,國泰-台南,2024-05-03,8884
1815,富喬,97,27,70,國泰-台南,2024-05-03,8884
2618,長榮航,413,347,66,國泰-台南,2024-05-03,8884
4714,永捷,201,135,66,國泰-台南,2024-05-03,8884
00712,復華富時不動產,115,51,64,國泰-台南,2024-05-03,8884
1785,光洋科,61,0,61,國泰-台南,2024-05-03,8884
3231,緯創,83,23,60,國泰-台南,2024-05-03,8884
00679B,元大美債20年,58,1,57,國泰-台南,2024-05-03,8884
2504,國產,63,8,55,國泰-台南,2024-05-03,8884
00706L,期元大S＆P日圓正2,55,0,55,國泰-台南,2024-05-03,8884
00687B,國泰20年美債,54,4,50,國泰-台南,2024-05-03,8884
3163,波若威,66,24,42,國泰-台南,2024-05-03,8884
1609,大亞,179,144,35,國泰-台南,2024-05-03,8884
2609,陽明,225,192,33,國泰-台南,2024-05-03,8884
1514,亞力,87,54,33,國泰-台南,2024-05-03,8884
4306,炎洲,38,6,32,國泰-台南,2024-05-03,8884
3528,安馳,32,1,31,國泰-台南,2024-05-03,8884
3313,斐成,33,2,31,國泰-台南,2024-05-03,8884
00751B,元大AAA至A公司債,30,0,30,國泰-台南,2024-05-03,8884
8070,長華*,30,0,30,國泰-台南,2024-05-03,8884
5230,雷笛克光學,32,2,30,國泰-台南,2024-05-03,8884
2241,艾姆勒,40,11,29,國泰-台南,2024-05-03,8884
1416,廣豐,31,2,29,國泰-台南,2024-05-03,8884
2392,正崴,37,9,28,國泰-台南,2024-05-03,8884
1584,精剛,25,0,25,國泰-台南,2024-05-03,8884
3013,晟銘電,52,29,23,國泰-台南,2024-05-03,8884
2515,中工,147,124,23,國泰-台南,2024-05-03,8884
1608,華榮,57,34,23,國泰-台南,2024-05-03,8884
1446,宏和,31,8,23,國泰-台南,2024-05-03,8884
6550,北極星藥業-KY,23,0,23,國泰-台南,2024-05-03,8884
6679,鈺太,22,0,22,國泰-台南,2024-05-03,8884
6547,高端疫苗,29,7,22,國泰-台南,2024-05-03,8884
00939,統一台灣高息動能,35,13,22,國泰-台南,2024-05-03,8884
4160,訊聯基因,21,0,21,國泰-台南,2024-05-03,8884
2838,聯邦銀,21,0,21,國泰-台南,2024-05-03,8884
6120,達運,69,49,20,國泰-台南,2024-05-03,8884
00715L,期街口布蘭特正2,20,0,20,國泰-台南,2024-05-03,8884
00680L,元大美債20正2,21,1,20,國泰-台南,2024-05-03,8884
3306,鼎天,20,0,20,國泰-台南,2024-05-03,8884
00688L,國泰20年美債正2,257,0,257,國泰-台南,2024-05-06,8884
6770,力積電,303,63,240,國泰-台南,2024-05-06,8884
00753L,中信中國50正2,230,29,201,國泰-台南,2024-05-06,8884
00929,復華台灣科技優息,274,84,190,國泰-台南,2024-05-06,8884
00632R,元大台灣50反1,237,107,130,國泰-台南,2024-05-06,8884
00687B,國泰20年美債,154,35,119,國泰-台南,2024-05-06,8884
2543,皇昌,126,10,116,國泰-台南,2024-05-06,8884
2618,長榮航,307,203,104,國泰-台南,2024-05-06,8884
9945,潤泰新,179,76,103,國泰-台南,2024-05-06,8884
3703,欣陸,156,54,102,國泰-台南,2024-05-06,8884
2610,華航,192,93,99,國泰-台南,2024-05-06,8884
00891,中信關鍵半導體,109,21,88,國泰-台南,2024-05-06,8884
2511,太子,114,28,86,國泰-台南,2024-05-06,8884
1316,上曜,215,145,70,國泰-台南,2024-05-06,8884
00715L,期街口布蘭特正2,61,1,60,國泰-台南,2024-05-06,8884
2883,凱基金,90,37,53,國泰-台南,2024-05-06,8884
2449,京元電子,69,18,51,國泰-台南,2024-05-06,8884
8088,品安,65,14,51,國泰-台南,2024-05-06,8884
3062,建漢,56,5,51,國泰-台南,2024-05-06,8884
00937B,群益ESG投等債20,159,110,49,國泰-台南,2024-05-06,8884
1584,精剛,41,0,41,國泰-台南,2024-05-06,8884
00751B,元大AAA至A公司債,40,2,38,國泰-台南,2024-05-06,8884
9924,福興,40,5,35,國泰-台南,2024-05-06,8884
2515,中工,71,37,34,國泰-台南,2024-05-06,8884
2367,燿華,112,79,33,國泰-台南,2024-05-06,8884
6177,達麗,62,30,32,國泰-台南,2024-05-06,8884
00679B,元大美債20年,54,23,31,國泰-台南,2024-05-06,8884
00675L,富邦臺灣加權正2,32,4,28,國泰-台南,2024-05-06,8884
00680L,元大美債20正2,32,4,28,國泰-台南,2024-05-06,8884
00631L,元大台灣50正2,33,5,28,國泰-台南,2024-05-06,8884
2328,廣宇,38,11,27,國泰-台南,2024-05-06,8884
2352,佳世達,29,2,27,國泰-台南,2024-05-06,8884
2023,燁輝,27,0,27,國泰-台南,2024-05-06,8884
5519,隆大,48,22,26,國泰-台南,2024-05-06,8884
2528,皇普,26,0,26,國泰-台南,2024-05-06,8884
2371,大同,61,36,25,國泰-台南,2024-05-06,8884
2337,旺宏,36,13,23,國泰-台南,2024-05-06,8884
9933,中鼎,74,53,21,國泰-台南,2024-05-06,8884
2313,華通,26,5,21,國泰-台南,2024-05-06,8884
2201,裕隆,32,11,21,國泰-台南,2024-05-06,8884
3466,德晉,25,4,21,國泰-台南,2024-05-06,8884
1453,大將,53,32,21,國泰-台南,2024-05-06,8884
00772B,中信高評級公司債,25,5,20,國泰-台南,2024-05-06,8884
8234,新漢,23,3,20,國泰-台南,2024-05-06,8884
6026,福邦證,62,42,20,國泰-台南,2024-05-06,8884
00795B,中信美國公債20年,19,0,19,國泰-台南,2024-05-06,8884
3188,鑫龍騰,28,9,19,國泰-台南,2024-05-06,8884
1609,大亞,111,92,19,國泰-台南,2024-05-06,8884
00915,凱基優選高股息30,75,56,19,國泰-台南,2024-05-06,8884
6269,台郡,21,3,18,國泰-台南,2024-05-06,8884
00878,國泰永續高股息,318,98,220,國泰-台南,2024-05-07,8884
00688L,國泰20年美債正2,213,0,213,國泰-台南,2024-05-07,8884
00937B,群益ESG投等債20,190,13,177,國泰-台南,2024-05-07,8884
2888,新光金,147,10,137,國泰-台南,2024-05-07,8884
3056,富華新,132,14,118,國泰-台南,2024-05-07,8884
2515,中工,162,63,99,國泰-台南,2024-05-07,8884
9105,泰金寶-DR,100,2,98,國泰-台南,2024-05-07,8884
1815,富喬,202,109,93,國泰-台南,2024-05-07,8884
5014,建錩,80,1,79,國泰-台南,2024-05-07,8884
2547,日勝生,100,26,74,國泰-台南,2024-05-07,8884
3708,上緯投控,78,6,72,國泰-台南,2024-05-07,8884
3481,群創,72,6,66,國泰-台南,2024-05-07,8884
8234,新漢,83,18,65,國泰-台南,2024-05-07,8884
2883,凱基金,75,12,63,國泰-台南,2024-05-07,8884
00651R,復華香港反1,60,0,60,國泰-台南,2024-05-07,8884
2801,彰銀,79,21,58,國泰-台南,2024-05-07,8884
1616,億泰,82,25,57,國泰-台南,2024-05-07,8884
8048,德勝,62,10,52,國泰-台南,2024-05-07,8884
3033,威健,91,42,49,國泰-台南,2024-05-07,8884
3609,三一東林,46,0,46,國泰-台南,2024-05-07,8884
2460,建通,44,0,44,國泰-台南,2024-05-07,8884
2610,華航,59,16,43,國泰-台南,2024-05-07,8884
00941,中信上游半導體,50,7,43,國泰-台南,2024-05-07,8884
3013,晟銘電,174,133,41,國泰-台南,2024-05-07,8884
6016,康和證,40,1,39,國泰-台南,2024-05-07,8884
2486,一詮,587,551,36,國泰-台南,2024-05-07,8884
2406,國碩,35,0,35,國泰-台南,2024-05-07,8884
00918,大華優利高填息30,49,15,34,國泰-台南,2024-05-07,8884
00687B,國泰20年美債,76,43,33,國泰-台南,2024-05-07,8884
6186,新潤,46,13,33,國泰-台南,2024-05-07,8884
00772B,中信高評級公司債,40,8,32,國泰-台南,2024-05-07,8884
2344,華邦電,110,78,32,國泰-台南,2024-05-07,8884
1316,上曜,85,54,31,國泰-台南,2024-05-07,8884
00641R,富邦日本反1,30,0,30,國泰-台南,2024-05-07,8884
2855,統一證,33,4,29,國泰-台南,2024-05-07,8884
00932,兆豐永續高息等權,29,0,29,國泰-台南,2024-05-07,8884
00939,統一台灣高息動能,56,29,27,國泰-台南,2024-05-07,8884
00679B,元大美債20年,36,10,26,國泰-台南,2024-05-07,8884
00919,群益台灣精選高息,108,82,26,國泰-台南,2024-05-07,8884
2543,皇昌,27,2,25,國泰-台南,2024-05-07,8884
2887,台新金,32,8,24,國泰-台南,2024-05-07,8884
1304,台聚,23,0,23,國泰-台南,2024-05-07,8884
6005,群益證,38,15,23,國泰-台南,2024-05-07,8884
00675L,富邦臺灣加權正2,24,2,22,國泰-台南,2024-05-07,8884
2603,長榮,40,18,22,國泰-台南,2024-05-07,8884
00673R,期元大S＆P原油反1,25,3,22,國泰-台南,2024-05-07,8884
3356,奇偶,26,4,22,國泰-台南,2024-05-07,8884
2317,鴻海,430,409,21,國泰-台南,2024-05-07,8884
1785,光洋科,23,2,21,國泰-台南,2024-05-07,8884
3312,弘憶股,70,49,21,國泰-台南,2024-05-07,8884
00929,復華台灣科技優息,605,62,543,國泰-台南,2024-05-08,8884
2618,長榮航,757,365,392,國泰-台南,2024-05-08,8884
00632R,元大台灣50反1,315,0,315,國泰-台南,2024-05-08,8884
00937B,群益ESG投等債20,266,71,195,國泰-台南,2024-05-08,8884
00932,兆豐永續高息等權,236,50,186,國泰-台南,2024-05-08,8884
2606,裕民,242,95,147,國泰-台南,2024-05-08,8884
2489,瑞軒,110,0,110,國泰-台南,2024-05-08,8884
00665L,富邦�琤肭磪囓�2,134,26,108,國泰-台南,2024-05-08,8884
2317,鴻海,174,71,103,國泰-台南,2024-05-08,8884
3481,群創,115,12,103,國泰-台南,2024-05-08,8884
6163,華電網,102,1,101,國泰-台南,2024-05-08,8884
4707,磐亞,102,2,100,國泰-台南,2024-05-08,8884
9105,泰金寶-DR,106,8,98,國泰-台南,2024-05-08,8884
1815,富喬,204,106,98,國泰-台南,2024-05-08,8884
2515,中工,133,36,97,國泰-台南,2024-05-08,8884
5871,中租-KY,91,14,77,國泰-台南,2024-05-08,8884
9924,福興,70,0,70,國泰-台南,2024-05-08,8884
00687B,國泰20年美債,109,43,66,國泰-台南,2024-05-08,8884
2547,日勝生,76,13,63,國泰-台南,2024-05-08,8884
2603,長榮,114,52,62,國泰-台南,2024-05-08,8884
2887,台新金,96,36,60,國泰-台南,2024-05-08,8884
2204,中華,58,3,55,國泰-台南,2024-05-08,8884
2855,統一證,52,1,51,國泰-台南,2024-05-08,8884
2536,宏普,51,0,51,國泰-台南,2024-05-08,8884
00664R,國泰臺灣加權反1,50,0,50,國泰-台南,2024-05-08,8884
6005,群益證,64,18,46,國泰-台南,2024-05-08,8884
3339,泰谷,49,3,46,國泰-台南,2024-05-08,8884
00679B,元大美債20年,69,23,46,國泰-台南,2024-05-08,8884
00772B,中信高評級公司債,43,0,43,國泰-台南,2024-05-08,8884
2353,宏��,43,6,37,國泰-台南,2024-05-08,8884
2352,佳世達,41,7,34,國泰-台南,2024-05-08,8884
00882,中信中國高股息,102,68,34,國泰-台南,2024-05-08,8884
2344,華邦電,38,5,33,國泰-台南,2024-05-08,8884
4973,廣穎,88,55,33,國泰-台南,2024-05-08,8884
2888,新光金,107,74,33,國泰-台南,2024-05-08,8884
2509,全坤建,48,17,31,國泰-台南,2024-05-08,8884
1605,華新,43,12,31,國泰-台南,2024-05-08,8884
9904,寶成,33,5,28,國泰-台南,2024-05-08,8884
6283,淳安,26,0,26,國泰-台南,2024-05-08,8884
1733,五鼎,32,6,26,國泰-台南,2024-05-08,8884
2362,藍天,44,19,25,國泰-台南,2024-05-08,8884
00650L,復華香港正2,54,30,24,國泰-台南,2024-05-08,8884
00715L,期街口布蘭特正2,23,0,23,國泰-台南,2024-05-08,8884
2501,國建,119,96,23,國泰-台南,2024-05-08,8884
2890,永豐金,22,0,22,國泰-台南,2024-05-08,8884
2359,所羅門,121,100,21,國泰-台南,2024-05-08,8884
1304,台聚,21,1,20,國泰-台南,2024-05-08,8884
3455,由田,20,0,20,國泰-台南,2024-05-08,8884
3036,文曄,23,3,20,國泰-台南,2024-05-08,8884
00857B,永豐20年美公債,20,1,19,國泰-台南,2024-05-08,8884
2888,新光金,755,245,510,國泰-台南,2024-05-09,8884
00937B,群益ESG投等債20,481,46,435,國泰-台南,2024-05-09,8884
00946,群益科技高息成長,235,4,231,國泰-台南,2024-05-09,8884
00664R,國泰臺灣加權反1,210,0,210,國泰-台南,2024-05-09,8884
00857B,永豐20年美公債,205,0,205,國泰-台南,2024-05-09,8884
1216,統一,173,0,173,國泰-台南,2024-05-09,8884
00929,復華台灣科技優息,306,159,147,國泰-台南,2024-05-09,8884
00932,兆豐永續高息等權,201,65,136,國泰-台南,2024-05-09,8884
00878,國泰永續高股息,334,231,103,國泰-台南,2024-05-09,8884
00918,大華優利高填息30,102,3,99,國泰-台南,2024-05-09,8884
2618,長榮航,439,344,95,國泰-台南,2024-05-09,8884
2476,鉅祥,123,28,95,國泰-台南,2024-05-09,8884
00679B,元大美債20年,147,59,88,國泰-台南,2024-05-09,8884
5519,隆大,96,9,87,國泰-台南,2024-05-09,8884
00944,野村趨勢動能高息,84,0,84,國泰-台南,2024-05-09,8884
2834,臺企銀,91,16,75,國泰-台南,2024-05-09,8884
4707,磐亞,70,0,70,國泰-台南,2024-05-09,8884
2547,日勝生,67,6,61,國泰-台南,2024-05-09,8884
00772B,中信高評級公司債,62,2,60,國泰-台南,2024-05-09,8884
2889,國票金,64,8,56,國泰-台南,2024-05-09,8884
00919,群益台灣精選高息,112,58,54,國泰-台南,2024-05-09,8884
00720B,元大投資級公司債,52,0,52,國泰-台南,2024-05-09,8884
00632R,元大台灣50反1,84,34,50,國泰-台南,2024-05-09,8884
00933B,國泰10Y+金融債,64,14,50,國泰-台南,2024-05-09,8884
00940,元大台灣價值高息,289,242,47,國泰-台南,2024-05-09,8884
1905,華紙,45,0,45,國泰-台南,2024-05-09,8884
2363,矽統,124,79,45,國泰-台南,2024-05-09,8884
6114,久威,43,0,43,國泰-台南,2024-05-09,8884
8112,至上,47,5,42,國泰-台南,2024-05-09,8884
3481,群創,51,13,38,國泰-台南,2024-05-09,8884
00651R,復華香港反1,38,0,38,國泰-台南,2024-05-09,8884
3036,文曄,43,6,37,國泰-台南,2024-05-09,8884
5871,中租-KY,51,15,36,國泰-台南,2024-05-09,8884
4542,科嶠,57,21,36,國泰-台南,2024-05-09,8884
6206,飛捷,32,1,31,國泰-台南,2024-05-09,8884
2891,中信金,91,60,31,國泰-台南,2024-05-09,8884
6212,理銘,30,0,30,國泰-台南,2024-05-09,8884
2371,大同,129,100,29,國泰-台南,2024-05-09,8884
3047,訊舟,69,41,28,國泰-台南,2024-05-09,8884
6770,力積電,34,6,28,國泰-台南,2024-05-09,8884
3231,緯創,53,26,27,國泰-台南,2024-05-09,8884
2801,彰銀,37,10,27,國泰-台南,2024-05-09,8884
2887,台新金,30,3,27,國泰-台南,2024-05-09,8884
2884,玉山金,35,9,26,國泰-台南,2024-05-09,8884
2408,南亞科,35,10,25,國泰-台南,2024-05-09,8884
1301,台塑,24,0,24,國泰-台南,2024-05-09,8884
2906,高林,26,2,24,國泰-台南,2024-05-09,8884
2317,鴻海,140,117,23,國泰-台南,2024-05-09,8884
2542,興富發,31,7,24,國泰-台南,2024-05-09,8884
1532,勤美,35,12,23,國泰-台南,2024-05-09,8884
00929,復華台灣科技優息,1033,36,997,國泰-台南,2024-05-10,8884
00940,元大台灣價值高息,495,95,400,國泰-台南,2024-05-10,8884
00878,國泰永續高股息,532,140,392,國泰-台南,2024-05-10,8884
00795B,中信美國公債20年,141,0,141,國泰-台南,2024-05-10,8884
00632R,元大台灣50反1,137,10,127,國泰-台南,2024-05-10,8884
2489,瑞軒,107,6,101,國泰-台南,2024-05-10,8884
5515,建國,99,0,99,國泰-台南,2024-05-10,8884
1605,華新,97,3,94,國泰-台南,2024-05-10,8884
1314,中石化,144,56,88,國泰-台南,2024-05-10,8884
2313,華通,117,34,83,國泰-台南,2024-05-10,8884
3481,群創,103,22,81,國泰-台南,2024-05-10,8884
2367,燿華,243,163,80,國泰-台南,2024-05-10,8884
00944,野村趨勢動能高息,72,1,71,國泰-台南,2024-05-10,8884
00946,群益科技高息成長,90,23,67,國泰-台南,2024-05-10,8884
00937B,群益ESG投等債20,331,267,64,國泰-台南,2024-05-10,8884
2607,榮運,53,2,51,國泰-台南,2024-05-10,8884
00772B,中信高評級公司債,72,31,41,國泰-台南,2024-05-10,8884
2892,第一金,50,10,40,國泰-台南,2024-05-10,8884
00673R,期元大S＆P原油反1,68,30,38,國泰-台南,2024-05-10,8884
2641,正德,66,28,38,國泰-台南,2024-05-10,8884
8936,國統,74,37,37,國泰-台南,2024-05-10,8884
00725B,國泰投資級公司債,33,0,33,國泰-台南,2024-05-10,8884
2509,全坤建,32,0,32,國泰-台南,2024-05-10,8884
2501,國建,127,95,32,國泰-台南,2024-05-10,8884
6215,和椿,53,21,32,國泰-台南,2024-05-10,8884
3013,晟銘電,248,217,31,國泰-台南,2024-05-10,8884
8112,至上,145,114,31,國泰-台南,2024-05-10,8884
2344,華邦電,46,16,30,國泰-台南,2024-05-10,8884
3706,神達,65,37,28,國泰-台南,2024-05-10,8884
00675L,富邦臺灣加權正2,31,9,22,國泰-台南,2024-05-10,8884
1446,宏和,26,4,22,國泰-台南,2024-05-10,8884
6212,理銘,22,1,21,國泰-台南,2024-05-10,8884
2547,日勝生,34,13,21,國泰-台南,2024-05-10,8884
1614,三洋電,20,0,20,國泰-台南,2024-05-10,8884
00662,富邦NASDAQ,20,0,20,國泰-台南,2024-05-10,8884
2388,威盛,22,3,19,國泰-台南,2024-05-10,8884
2612,中航,32,13,19,國泰-台南,2024-05-10,8884
5871,中租-KY,28,9,19,國泰-台南,2024-05-10,8884
4973,廣穎,20,2,18,國泰-台南,2024-05-10,8884
3036,文曄,30,13,17,國泰-台南,2024-05-10,8884
00939,統一台灣高息動能,18,1,17,國泰-台南,2024-05-10,8884
5206,坤悅,16,0,16,國泰-台南,2024-05-10,8884
1608,華榮,30,14,16,國泰-台南,2024-05-10,8884
00891,中信關鍵半導體,18,3,15,國泰-台南,2024-05-10,8884
2204,中華,22,7,15,國泰-台南,2024-05-10,8884
5608,四維航,55,40,15,國泰-台南,2024-05-10,8884
8086,宏捷科,17,3,14,國泰-台南,2024-05-10,8884
5512,力麒,39,26,13,國泰-台南,2024-05-10,8884
2449,京元電子,23,9,14,國泰-台南,2024-05-10,8884
3188,鑫龍騰,14,1,13,國泰-台南,2024-05-10,8884
00929,復華台灣科技優息,754,23,731,國泰-台南,2024-05-13,8884
2618,長榮航,349,152,197,國泰-台南,2024-05-13,8884
1614,三洋電,173,0,173,國泰-台南,2024-05-13,8884
5392,能率,152,30,122,國泰-台南,2024-05-13,8884
00753L,中信中國50正2,105,0,105,國泰-台南,2024-05-13,8884
2891,中信金,545,441,104,國泰-台南,2024-05-13,8884
2888,新光金,149,51,98,國泰-台南,2024-05-13,8884
00939,統一台灣高息動能,123,36,87,國泰-台南,2024-05-13,8884
5014,建錩,83,2,81,國泰-台南,2024-05-13,8884
9934,成霖,77,0,77,國泰-台南,2024-05-13,8884
00932,兆豐永續高息等權,74,1,73,國泰-台南,2024-05-13,8884
1213,大飲,71,0,71,國泰-台南,2024-05-13,8884
00715L,期街口布蘭特正2,107,39,68,國泰-台南,2024-05-13,8884
00936,台新永續高息中小,68,2,66,國泰-台南,2024-05-13,8884
00878,國泰永續高股息,228,164,64,國泰-台南,2024-05-13,8884
00944,野村趨勢動能高息,65,1,64,國泰-台南,2024-05-13,8884
00915,凱基優選高股息30,169,106,63,國泰-台南,2024-05-13,8884
2867,三商壽,67,7,60,國泰-台南,2024-05-13,8884
1101,台泥,80,21,59,國泰-台南,2024-05-13,8884
2603,長榮,329,271,58,國泰-台南,2024-05-13,8884
2882,國泰金,82,24,58,國泰-台南,2024-05-13,8884
4960,誠美材,81,25,56,國泰-台南,2024-05-13,8884
2801,彰銀,84,32,52,國泰-台南,2024-05-13,8884
2606,裕民,185,134,51,國泰-台南,2024-05-13,8884
2515,中工,194,145,49,國泰-台南,2024-05-13,8884
3231,緯創,87,39,48,國泰-台南,2024-05-13,8884
2887,台新金,57,12,45,國泰-台南,2024-05-13,8884
00946,群益科技高息成長,43,0,43,國泰-台南,2024-05-13,8884
2509,全坤建,43,1,42,國泰-台南,2024-05-13,8884
1447,力鵬,32,0,32,國泰-台南,2024-05-13,8884
2851,中再保,29,2,27,國泰-台南,2024-05-13,8884
00941,中信上游半導體,32,5,27,國泰-台南,2024-05-13,8884
5425,台半,25,0,25,國泰-台南,2024-05-13,8884
00934,中信成長高股息,37,14,23,國泰-台南,2024-05-13,8884
2634,漢翔,24,1,23,國泰-台南,2024-05-13,8884
2449,京元電子,25,3,22,國泰-台南,2024-05-13,8884
00902,中信電池及儲能,20,0,20,國泰-台南,2024-05-13,8884
1609,大亞,54,34,20,國泰-台南,2024-05-13,8884
1445,大宇,20,0,20,國泰-台南,2024-05-13,8884
2615,萬海,286,266,20,國泰-台南,2024-05-13,8884
2317,鴻海,84,64,20,國泰-台南,2024-05-13,8884
2362,藍天,45,27,18,國泰-台南,2024-05-13,8884
2204,中華,24,6,18,國泰-台南,2024-05-13,8884
6203,海韻電,20,2,18,國泰-台南,2024-05-13,8884
2323,中環,64,46,18,國泰-台南,2024-05-13,8884
3013,晟銘電,48,31,17,國泰-台南,2024-05-13,8884
00679B,元大美債20年,52,36,16,國泰-台南,2024-05-13,8884
3691,碩禾,30,14,16,國泰-台南,2024-05-13,8884
6216,居易,22,6,16,國泰-台南,2024-05-13,8884
6443,元晶,20,4,16,國泰-台南,2024-05-13,8884
00632R,元大台灣50反1,434,180,254,國泰-台南,2024-05-14,8884
00688L,國泰20年美債正2,191,0,191,國泰-台南,2024-05-14,8884
00937B,群益ESG投等債20,199,23,176,國泰-台南,2024-05-14,8884
00878,國泰永續高股息,253,95,158,國泰-台南,2024-05-14,8884
00929,復華台灣科技優息,243,111,132,國泰-台南,2024-05-14,8884
2489,瑞軒,211,82,129,國泰-台南,2024-05-14,8884
2615,萬海,1123,995,128,國泰-台南,2024-05-14,8884
2867,三商壽,135,10,125,國泰-台南,2024-05-14,8884
2363,矽統,317,201,116,國泰-台南,2024-05-14,8884
5392,能率,181,70,111,國泰-台南,2024-05-14,8884
00940,元大台灣價值高息,341,233,108,國泰-台南,2024-05-14,8884
2609,陽明,1018,916,102,國泰-台南,2024-05-14,8884
1314,中石化,131,39,92,國泰-台南,2024-05-14,8884
3231,緯創,106,26,80,國泰-台南,2024-05-14,8884
00933B,國泰10Y+金融債,93,23,70,國泰-台南,2024-05-14,8884
00673R,期元大S＆P原油反1,68,0,68,國泰-台南,2024-05-14,8884
00675L,富邦臺灣加權正2,57,2,55,國泰-台南,2024-05-14,8884
2884,玉山金,56,2,54,國泰-台南,2024-05-14,8884
2887,台新金,50,0,50,國泰-台南,2024-05-14,8884
00720B,元大投資級公司債,52,2,50,國泰-台南,2024-05-14,8884
2317,鴻海,131,82,49,國泰-台南,2024-05-14,8884
8299,群聯,49,3,46,國泰-台南,2024-05-14,8884
1605,華新,39,6,33,國泰-台南,2024-05-14,8884
2401,凌陽,56,23,33,國泰-台南,2024-05-14,8884
2801,彰銀,33,0,33,國泰-台南,2024-05-14,8884
2501,國建,63,32,31,國泰-台南,2024-05-14,8884
2374,佳能,221,191,30,國泰-台南,2024-05-14,8884
2323,中環,32,3,29,國泰-台南,2024-05-14,8884
3356,奇偶,29,0,29,國泰-台南,2024-05-14,8884
00713,元大台灣高息低波,35,7,28,國泰-台南,2024-05-14,8884
6125,廣運,55,27,28,國泰-台南,2024-05-14,8884
5206,坤悅,27,0,27,國泰-台南,2024-05-14,8884
1609,大亞,59,33,26,國泰-台南,2024-05-14,8884
6186,新潤,26,0,26,國泰-台南,2024-05-14,8884
2329,華泰,26,0,26,國泰-台南,2024-05-14,8884
4960,誠美材,25,1,24,國泰-台南,2024-05-14,8884
2834,臺企銀,26,2,24,國泰-台南,2024-05-14,8884
00923,群益台ESG低碳50,36,13,23,國泰-台南,2024-05-14,8884
2889,國票金,29,6,23,國泰-台南,2024-05-14,8884
9945,潤泰新,128,106,22,國泰-台南,2024-05-14,8884
1101,台泥,28,6,22,國泰-台南,2024-05-14,8884
6547,高端疫苗,21,0,21,國泰-台南,2024-05-14,8884
4306,炎洲,21,0,21,國泰-台南,2024-05-14,8884
00857B,永豐20年美公債,21,0,21,國泰-台南,2024-05-14,8884
3498,陽程,22,1,21,國泰-台南,2024-05-14,8884
5608,四維航,95,74,21,國泰-台南,2024-05-14,8884
2596,綠意,20,0,20,國泰-台南,2024-05-14,8884
2838,聯邦銀,20,0,20,國泰-台南,2024-05-14,8884
00664R,國泰臺灣加權反1,20,0,20,國泰-台南,2024-05-14,8884
5371,中光電,53,34,19,國泰-台南,2024-05-14,8884
2356,英業達,454,95,359,國泰-台南,2024-05-15,8884
00632R,元大台灣50反1,296,29,267,國泰-台南,2024-05-15,8884
00937B,群益ESG投等債20,323,99,224,國泰-台南,2024-05-15,8884
2406,國碩,289,77,212,國泰-台南,2024-05-15,8884
00919,群益台灣精選高息,227,19,208,國泰-台南,2024-05-15,8884
00933B,國泰10Y+金融債,109,0,109,國泰-台南,2024-05-15,8884
00940,元大台灣價值高息,266,162,104,國泰-台南,2024-05-15,8884
2489,瑞軒,143,41,102,國泰-台南,2024-05-15,8884
00706L,期元大S＆P日圓正2,101,0,101,國泰-台南,2024-05-15,8884
2618,長榮航,183,89,94,國泰-台南,2024-05-15,8884
8064,東捷,100,7,93,國泰-台南,2024-05-15,8884
00878,國泰永續高股息,259,169,90,國泰-台南,2024-05-15,8884
00929,復華台灣科技優息,377,295,82,國泰-台南,2024-05-15,8884
2887,台新金,92,23,69,國泰-台南,2024-05-15,8884
00679B,元大美債20年,69,2,67,國泰-台南,2024-05-15,8884
2603,長榮,183,119,64,國泰-台南,2024-05-15,8884
00715L,期街口布蘭特正2,56,0,56,國泰-台南,2024-05-15,8884
2409,友達,82,26,56,國泰-台南,2024-05-15,8884
2515,中工,84,32,52,國泰-台南,2024-05-15,8884
00936,台新永續高息中小,47,0,47,國泰-台南,2024-05-15,8884
00664R,國泰臺灣加權反1,45,6,39,國泰-台南,2024-05-15,8884
1785,光洋科,41,4,37,國泰-台南,2024-05-15,8884
00931B,統一美債20年,40,3,37,國泰-台南,2024-05-15,8884
00687B,國泰20年美債,54,17,37,國泰-台南,2024-05-15,8884
8112,至上,95,58,37,國泰-台南,2024-05-15,8884
1608,華榮,76,40,36,國泰-台南,2024-05-15,8884
00665L,富邦�琤肭磪囓�2,44,10,34,國泰-台南,2024-05-15,8884
8054,安國,78,44,34,國泰-台南,2024-05-15,8884
00946,群益科技高息成長,66,33,33,國泰-台南,2024-05-15,8884
00720B,元大投資級公司債,32,0,32,國泰-台南,2024-05-15,8884
4532,瑞智,35,4,31,國泰-台南,2024-05-15,8884
2324,仁寶,49,19,30,國泰-台南,2024-05-15,8884
8070,長華*,36,6,30,國泰-台南,2024-05-15,8884
8033,雷虎,38,9,29,國泰-台南,2024-05-15,8884
8358,金居,50,22,28,國泰-台南,2024-05-15,8884
00932,兆豐永續高息等權,89,61,28,國泰-台南,2024-05-15,8884
1609,大亞,64,36,28,國泰-台南,2024-05-15,8884
2605,新興,40,13,27,國泰-台南,2024-05-15,8884
5519,隆大,27,1,26,國泰-台南,2024-05-15,8884
4167,松瑞藥,30,5,25,國泰-台南,2024-05-15,8884
00939,統一台灣高息動能,40,16,24,國泰-台南,2024-05-15,8884
00934,中信成長高股息,25,1,24,國泰-台南,2024-05-15,8884
3706,神達,74,50,24,國泰-台南,2024-05-15,8884
6215,和椿,114,92,22,國泰-台南,2024-05-15,8884
00918,大華優利高填息30,24,2,22,國泰-台南,2024-05-15,8884
3605,宏致,22,0,22,國泰-台南,2024-05-15,8884
00646,元大S＆P500,23,2,21,國泰-台南,2024-05-15,8884
9904,寶成,35,14,21,國泰-台南,2024-05-15,8884
1213,大飲,21,0,21,國泰-台南,2024-05-15,8884
2250,IKKA-KY,21,0,21,國泰-台南,2024-05-15,8884
00680L,元大美債20正2,591,77,514,國泰-台南,2024-05-16,8884
00706L,期元大S＆P日圓正2,251,2,249,國泰-台南,2024-05-16,8884
2356,英業達,221,55,166,國泰-台南,2024-05-16,8884
4952,凌通,158,2,156,國泰-台南,2024-05-16,8884
2344,華邦電,151,4,147,國泰-台南,2024-05-16,8884
3231,緯創,134,26,108,國泰-台南,2024-05-16,8884
8358,金居,190,85,105,國泰-台南,2024-05-16,8884
8064,東捷,117,22,95,國泰-台南,2024-05-16,8884
2897,王道銀行,72,0,72,國泰-台南,2024-05-16,8884
2382,廣達,119,55,64,國泰-台南,2024-05-16,8884
2464,盟立,77,21,56,國泰-台南,2024-05-16,8884
00679B,元大美債20年,113,60,53,國泰-台南,2024-05-16,8884
8096,擎亞,130,78,52,國泰-台南,2024-05-16,8884
2547,日勝生,55,5,50,國泰-台南,2024-05-16,8884
00942B,台新美A公司債20+,45,1,44,國泰-台南,2024-05-16,8884
3706,神達,50,10,40,國泰-台南,2024-05-16,8884
2317,鴻海,187,148,39,國泰-台南,2024-05-16,8884
2417,圓剛,38,0,38,國泰-台南,2024-05-16,8884
2739,寒舍,43,5,38,國泰-台南,2024-05-16,8884
9105,泰金寶-DR,64,27,37,國泰-台南,2024-05-16,8884
2359,所羅門,206,172,34,國泰-台南,2024-05-16,8884
2353,宏��,42,11,31,國泰-台南,2024-05-16,8884
3060,銘異,79,50,29,國泰-台南,2024-05-16,8884
00669R,國泰美國道瓊反1,28,0,28,國泰-台南,2024-05-16,8884
2882,國泰金,48,21,27,國泰-台南,2024-05-16,8884
00857B,永豐20年美公債,27,1,26,國泰-台南,2024-05-16,8884
3605,宏致,26,2,24,國泰-台南,2024-05-16,8884
2408,南亞科,29,6,23,國泰-台南,2024-05-16,8884
5469,瀚宇博,24,2,22,國泰-台南,2024-05-16,8884
00733,富邦臺灣中小,23,1,22,國泰-台南,2024-05-16,8884
3013,晟銘電,65,44,21,國泰-台南,2024-05-16,8884
2301,光寶科,28,7,21,國泰-台南,2024-05-16,8884
3455,由田,24,3,21,國泰-台南,2024-05-16,8884
1453,大將,33,13,20,國泰-台南,2024-05-16,8884
1519,華城,28,10,18,國泰-台南,2024-05-16,8884
5356,協益,18,0,18,國泰-台南,2024-05-16,8884
3219,倚強科,18,0,18,國泰-台南,2024-05-16,8884
9904,寶成,55,37,18,國泰-台南,2024-05-16,8884
2731,雄獅,30,13,17,國泰-台南,2024-05-16,8884
2520,冠德,28,11,17,國泰-台南,2024-05-16,8884
1785,光洋科,22,6,16,國泰-台南,2024-05-16,8884
6282,康舒,22,6,16,國泰-台南,2024-05-16,8884
00719B,元大美債1-3,16,0,16,國泰-台南,2024-05-16,8884
2101,南港,31,15,16,國泰-台南,2024-05-16,8884
2027,大成鋼,18,3,15,國泰-台南,2024-05-16,8884
3163,波若威,23,8,15,國泰-台南,2024-05-16,8884
00671R,富邦NASDAQ反1,15,0,15,國泰-台南,2024-05-16,8884
2312,金寶,26,12,14,國泰-台南,2024-05-16,8884
2748,雲品,27,13,14,國泰-台南,2024-05-16,8884
8112,至上,34,20,14,國泰-台南,2024-05-16,8884
00929,復華台灣科技優息,403,49,354,國泰-台南,2024-05-17,8884
00937B,群益ESG投等債20,271,68,203,國泰-台南,2024-05-17,8884
00919,群益台灣精選高息,225,31,194,國泰-台南,2024-05-17,8884
00878,國泰永續高股息,431,250,181,國泰-台南,2024-05-17,8884
4952,凌通,279,112,167,國泰-台南,2024-05-17,8884
6770,力積電,188,48,140,國泰-台南,2024-05-17,8884
2374,佳能,500,371,129,國泰-台南,2024-05-17,8884
2515,中工,203,83,120,國泰-台南,2024-05-17,8884
3481,群創,122,7,115,國泰-台南,2024-05-17,8884
3689,湧德,136,22,114,國泰-台南,2024-05-17,8884
00713,元大台灣高息低波,89,0,89,國泰-台南,2024-05-17,8884
00706L,期元大S＆P日圓正2,82,0,82,國泰-台南,2024-05-17,8884
00679B,元大美債20年,73,5,68,國泰-台南,2024-05-17,8884
00940,元大台灣價值高息,118,54,64,國泰-台南,2024-05-17,8884
1532,勤美,114,52,62,國泰-台南,2024-05-17,8884
00772B,中信高評級公司債,60,0,60,國泰-台南,2024-05-17,8884
2344,華邦電,59,2,57,國泰-台南,2024-05-17,8884
00933B,國泰10Y+金融債,103,48,55,國泰-台南,2024-05-17,8884
2367,燿華,287,234,53,國泰-台南,2024-05-17,8884
9904,寶成,79,27,52,國泰-台南,2024-05-17,8884
3060,銘異,244,192,52,國泰-台南,2024-05-17,8884
8071,能率網通,51,4,47,國泰-台南,2024-05-17,8884
3059,華晶科,90,47,43,國泰-台南,2024-05-17,8884
4306,炎洲,57,15,42,國泰-台南,2024-05-17,8884
00891,中信關鍵半導體,45,5,40,國泰-台南,2024-05-17,8884
2489,瑞軒,116,78,38,國泰-台南,2024-05-17,8884
2356,英業達,56,20,36,國泰-台南,2024-05-17,8884
6257,矽格,55,19,36,國泰-台南,2024-05-17,8884
00946,群益科技高息成長,35,0,35,國泰-台南,2024-05-17,8884
2603,長榮,133,98,35,國泰-台南,2024-05-17,8884
2408,南亞科,34,1,33,國泰-台南,2024-05-17,8884
2609,陽明,65,35,30,國泰-台南,2024-05-17,8884
3056,富華新,35,5,30,國泰-台南,2024-05-17,8884
2352,佳世達,35,7,28,國泰-台南,2024-05-17,8884
00665L,富邦�琤肭磪囓�2,68,40,28,國泰-台南,2024-05-17,8884
3010,華立,28,0,28,國泰-台南,2024-05-17,8884
00885,富邦越南,29,1,28,國泰-台南,2024-05-17,8884
00751B,元大AAA至A公司債,28,0,28,國泰-台南,2024-05-17,8884
6177,達麗,36,9,27,國泰-台南,2024-05-17,8884
1612,宏泰,35,9,26,國泰-台南,2024-05-17,8884
2520,冠德,43,18,25,國泰-台南,2024-05-17,8884
2014,中鴻,25,1,24,國泰-台南,2024-05-17,8884
2241,艾姆勒,77,53,24,國泰-台南,2024-05-17,8884
2537,聯上發,62,39,23,國泰-台南,2024-05-17,8884
3605,宏致,23,1,22,國泰-台南,2024-05-17,8884
00936,台新永續高息中小,21,0,21,國泰-台南,2024-05-17,8884
1301,台塑,20,0,20,國泰-台南,2024-05-17,8884
2838,聯邦銀,20,0,20,國泰-台南,2024-05-17,8884
3362,先進光,26,7,19,國泰-台南,2024-05-17,8884
4543,萬在,34,16,18,國泰-台南,2024-05-17,8884
00929,復華台灣科技優息,1017,185,832,國泰-台南,2024-05-20,8884
2885,元大金,318,7,311,國泰-台南,2024-05-20,8884
2317,鴻海,331,55,276,國泰-台南,2024-05-20,8884
2514,龍邦,171,27,144,國泰-台南,2024-05-20,8884
00937B,群益ESG投等債20,227,86,141,國泰-台南,2024-05-20,8884
00752,中信中國50,152,14,138,國泰-台南,2024-05-20,8884
00753L,中信中國50正2,141,3,138,國泰-台南,2024-05-20,8884
2618,長榮航,311,196,115,國泰-台南,2024-05-20,8884
00679B,元大美債20年,116,9,107,國泰-台南,2024-05-20,8884
00664R,國泰臺灣加權反1,100,0,100,國泰-台南,2024-05-20,8884
2834,臺企銀,113,17,96,國泰-台南,2024-05-20,8884
2867,三商壽,199,111,88,國泰-台南,2024-05-20,8884
3605,宏致,86,5,81,國泰-台南,2024-05-20,8884
00944,野村趨勢動能高息,76,1,75,國泰-台南,2024-05-20,8884
00941,中信上游半導體,103,29,74,國泰-台南,2024-05-20,8884
00857B,永豐20年美公債,69,0,69,國泰-台南,2024-05-20,8884
00720B,元大投資級公司債,112,51,61,國泰-台南,2024-05-20,8884
2515,中工,74,16,58,國泰-台南,2024-05-20,8884
8071,能率網通,186,129,57,國泰-台南,2024-05-20,8884
2906,高林,50,0,50,國泰-台南,2024-05-20,8884
00946,群益科技高息成長,54,5,49,國泰-台南,2024-05-20,8884
8028,昇陽半導體,80,34,46,國泰-台南,2024-05-20,8884
1808,潤隆,46,1,45,國泰-台南,2024-05-20,8884
2501,國建,77,33,44,國泰-台南,2024-05-20,8884
2367,燿華,325,281,44,國泰-台南,2024-05-20,8884
2888,新光金,52,10,42,國泰-台南,2024-05-20,8884
1609,大亞,122,82,40,國泰-台南,2024-05-20,8884
6215,和椿,65,26,39,國泰-台南,2024-05-20,8884
8390,金益鼎,36,4,32,國泰-台南,2024-05-20,8884
1591,駿吉-KY,35,3,32,國泰-台南,2024-05-20,8884
00915,凱基優選高股息30,30,1,29,國泰-台南,2024-05-20,8884
1612,宏泰,37,9,28,國泰-台南,2024-05-20,8884
00680L,元大美債20正2,29,1,28,國泰-台南,2024-05-20,8884
3483,力致,54,28,26,國泰-台南,2024-05-20,8884
2880,華南金,29,3,26,國泰-台南,2024-05-20,8884
00932,兆豐永續高息等權,46,22,24,國泰-台南,2024-05-20,8884
2010,春源,26,2,24,國泰-台南,2024-05-20,8884
00688L,國泰20年美債正2,29,5,24,國泰-台南,2024-05-20,8884
3576,聯合再生,34,11,23,國泰-台南,2024-05-20,8884
00637L,元大滬深300正2,24,1,23,國泰-台南,2024-05-20,8884
6770,力積電,77,54,23,國泰-台南,2024-05-20,8884
3231,緯創,40,17,23,國泰-台南,2024-05-20,8884
2881,富邦金,25,2,23,國泰-台南,2024-05-20,8884
4903,聯光通,31,9,22,國泰-台南,2024-05-20,8884
5522,遠雄,31,9,22,國泰-台南,2024-05-20,8884
00733,富邦臺灣中小,33,12,21,國泰-台南,2024-05-20,8884
00864B,中信美國公債0-1,20,0,20,國泰-台南,2024-05-20,8884
01010T,京城樂富R1,20,0,20,國泰-台南,2024-05-20,8884
2892,第一金,52,33,19,國泰-台南,2024-05-20,8884
00795B,中信美國公債20年,19,0,19,國泰-台南,2024-05-20,8884
00929,復華台灣科技優息,563,214,349,國泰-台南,2024-05-21,8884
2610,華航,407,185,222,國泰-台南,2024-05-21,8884
00937B,群益ESG投等債20,173,4,169,國泰-台南,2024-05-21,8884
00632R,元大台灣50反1,143,1,142,國泰-台南,2024-05-21,8884
00753L,中信中國50正2,157,51,106,國泰-台南,2024-05-21,8884
00688L,國泰20年美債正2,106,1,105,國泰-台南,2024-05-21,8884
3689,湧德,130,26,104,國泰-台南,2024-05-21,8884
00919,群益台灣精選高息,113,18,95,國泰-台南,2024-05-21,8884
2867,三商壽,218,125,93,國泰-台南,2024-05-21,8884
00931B,統一美債20年,113,25,88,國泰-台南,2024-05-21,8884
00939,統一台灣高息動能,117,38,79,國泰-台南,2024-05-21,8884
00915,凱基優選高股息30,80,1,79,國泰-台南,2024-05-21,8884
1605,華新,585,511,74,國泰-台南,2024-05-21,8884
2317,鴻海,129,61,68,國泰-台南,2024-05-21,8884
2542,興富發,64,2,62,國泰-台南,2024-05-21,8884
2801,彰銀,61,0,61,國泰-台南,2024-05-21,8884
2367,燿華,375,316,59,國泰-台南,2024-05-21,8884
1608,華榮,167,109,58,國泰-台南,2024-05-21,8884
1905,華紙,57,2,55,國泰-台南,2024-05-21,8884
2409,友達,51,1,50,國泰-台南,2024-05-21,8884
3605,宏致,51,1,50,國泰-台南,2024-05-21,8884
2641,正德,50,1,49,國泰-台南,2024-05-21,8884
2890,永豐金,53,7,46,國泰-台南,2024-05-21,8884
2501,國建,67,22,45,國泰-台南,2024-05-21,8884
4533,協易機,211,166,45,國泰-台南,2024-05-21,8884
2489,瑞軒,79,34,45,國泰-台南,2024-05-21,8884
2885,元大金,109,65,44,國泰-台南,2024-05-21,8884
00675L,富邦臺灣加權正2,42,1,41,國泰-台南,2024-05-21,8884
00679B,元大美債20年,53,12,41,國泰-台南,2024-05-21,8884
2880,華南金,45,4,41,國泰-台南,2024-05-21,8884
2891,中信金,145,106,39,國泰-台南,2024-05-21,8884
2887,台新金,50,12,38,國泰-台南,2024-05-21,8884
00687B,國泰20年美債,45,9,36,國泰-台南,2024-05-21,8884
8064,東捷,49,14,35,國泰-台南,2024-05-21,8884
2537,聯上發,36,5,31,國泰-台南,2024-05-21,8884
2009,第一銅,155,124,31,國泰-台南,2024-05-21,8884
1301,台塑,30,0,30,國泰-台南,2024-05-21,8884
2634,漢翔,39,8,31,國泰-台南,2024-05-21,8884
2002,中鋼,31,1,30,國泰-台南,2024-05-21,8884
4906,正文,30,0,30,國泰-台南,2024-05-21,8884
3033,威健,52,23,29,國泰-台南,2024-05-21,8884
00918,大華優利高填息30,35,8,27,國泰-台南,2024-05-21,8884
3010,華立,26,1,25,國泰-台南,2024-05-21,8884
2889,國票金,36,11,25,國泰-台南,2024-05-21,8884
2208,台船,29,4,25,國泰-台南,2024-05-21,8884
3702,大聯大,29,6,23,國泰-台南,2024-05-21,8884
1789,神隆,26,3,23,國泰-台南,2024-05-21,8884
00944,野村趨勢動能高息,22,0,22,國泰-台南,2024-05-21,8884
1522,堤維西,27,5,22,國泰-台南,2024-05-21,8884
2618,長榮航,178,156,22,國泰-台南,2024-05-21,8884
00632R,元大台灣50反1,355,75,280,國泰-台南,2024-05-22,8884
00937B,群益ESG投等債20,238,115,123,國泰-台南,2024-05-22,8884
2009,第一銅,548,426,122,國泰-台南,2024-05-22,8884
2453,凌群,119,11,108,國泰-台南,2024-05-22,8884
3706,神達,200,94,106,國泰-台南,2024-05-22,8884
5457,宣德,100,0,100,國泰-台南,2024-05-22,8884
2618,長榮航,172,86,86,國泰-台南,2024-05-22,8884
2506,太設,86,0,86,國泰-台南,2024-05-22,8884
3013,晟銘電,309,229,80,國泰-台南,2024-05-22,8884
3481,群創,344,271,73,國泰-台南,2024-05-22,8884
2406,國碩,89,22,67,國泰-台南,2024-05-22,8884
8110,華東,151,92,59,國泰-台南,2024-05-22,8884
4956,光鋐,61,3,58,國泰-台南,2024-05-22,8884
2002,中鋼,60,3,57,國泰-台南,2024-05-22,8884
1303,南亞,54,2,52,國泰-台南,2024-05-22,8884
3047,訊舟,269,218,51,國泰-台南,2024-05-22,8884
2241,艾姆勒,74,30,44,國泰-台南,2024-05-22,8884
6209,今國光,74,31,43,國泰-台南,2024-05-22,8884
5009,榮剛,49,7,42,國泰-台南,2024-05-22,8884
00753L,中信中國50正2,47,7,40,國泰-台南,2024-05-22,8884
9955,佳龍,62,26,36,國泰-台南,2024-05-22,8884
00712,復華富時不動產,50,16,34,國泰-台南,2024-05-22,8884
2352,佳世達,46,13,33,國泰-台南,2024-05-22,8884
2504,國產,40,7,33,國泰-台南,2024-05-22,8884
3060,銘異,234,202,32,國泰-台南,2024-05-22,8884
00664R,國泰臺灣加權反1,32,0,32,國泰-台南,2024-05-22,8884
8064,東捷,136,106,30,國泰-台南,2024-05-22,8884
5512,力麒,50,22,28,國泰-台南,2024-05-22,8884
2890,永豐金,31,4,27,國泰-台南,2024-05-22,8884
6153,嘉聯益,27,0,27,國泰-台南,2024-05-22,8884
2371,大同,51,24,27,國泰-台南,2024-05-22,8884
2204,中華,28,1,27,國泰-台南,2024-05-22,8884
3059,華晶科,90,64,26,國泰-台南,2024-05-22,8884
00715L,期街口布蘭特正2,39,14,25,國泰-台南,2024-05-22,8884
2365,昆盈,88,63,25,國泰-台南,2024-05-22,8884
2486,一詮,86,62,24,國泰-台南,2024-05-22,8884
2884,玉山金,29,7,22,國泰-台南,2024-05-22,8884
2323,中環,23,2,21,國泰-台南,2024-05-22,8884
1802,台玻,21,0,21,國泰-台南,2024-05-22,8884
1217,愛之味,21,0,21,國泰-台南,2024-05-22,8884
6215,和椿,37,16,21,國泰-台南,2024-05-22,8884
2317,鴻海,60,39,21,國泰-台南,2024-05-22,8884
00942B,台新美A公司債20+,20,0,20,國泰-台南,2024-05-22,8884
1402,遠東新,20,0,20,國泰-台南,2024-05-22,8884
2460,建通,111,91,20,國泰-台南,2024-05-22,8884
4127,天良,27,7,20,國泰-台南,2024-05-22,8884
2634,漢翔,30,11,19,國泰-台南,2024-05-22,8884
2464,盟立,77,58,19,國泰-台南,2024-05-22,8884
8093,保銳,18,0,18,國泰-台南,2024-05-22,8884
00688L,國泰20年美債正2,21,3,18,國泰-台南,2024-05-22,8884
00664R,國泰臺灣加權反1,210,0,210,國泰-台南,2024-05-23,8884
00937B,群益ESG投等債20,355,162,193,國泰-台南,2024-05-23,8884
1402,遠東新,121,3,118,國泰-台南,2024-05-23,8884
9105,泰金寶-DR,108,0,108,國泰-台南,2024-05-23,8884
2002,中鋼,143,42,101,國泰-台南,2024-05-23,8884
00632R,元大台灣50反1,161,66,95,國泰-台南,2024-05-23,8884
4545,銘鈺,106,16,90,國泰-台南,2024-05-23,8884
1905,華紙,88,0,88,國泰-台南,2024-05-23,8884
2409,友達,90,11,79,國泰-台南,2024-05-23,8884
00882,中信中國高股息,143,67,76,國泰-台南,2024-05-23,8884
00687B,國泰20年美債,104,32,72,國泰-台南,2024-05-23,8884
6207,雷科,89,19,70,國泰-台南,2024-05-23,8884
9904,寶成,82,16,66,國泰-台南,2024-05-23,8884
3202,樺晟,71,6,65,國泰-台南,2024-05-23,8884
1815,富喬,485,421,64,國泰-台南,2024-05-23,8884
2610,華航,253,191,62,國泰-台南,2024-05-23,8884
2324,仁寶,124,64,60,國泰-台南,2024-05-23,8884
2331,精英,63,5,58,國泰-台南,2024-05-23,8884
3059,華晶科,75,17,58,國泰-台南,2024-05-23,8884
2887,台新金,58,1,57,國泰-台南,2024-05-23,8884
00915,凱基優選高股息30,162,106,56,國泰-台南,2024-05-23,8884
5498,凱崴,113,57,56,國泰-台南,2024-05-23,8884
2888,新光金,131,75,56,國泰-台南,2024-05-23,8884
00720B,元大投資級公司債,150,96,54,國泰-台南,2024-05-23,8884
2241,艾姆勒,71,21,50,國泰-台南,2024-05-23,8884
3605,宏致,82,39,43,國泰-台南,2024-05-23,8884
2323,中環,43,0,43,國泰-台南,2024-05-23,8884
2453,凌群,321,278,43,國泰-台南,2024-05-23,8884
00940,元大台灣價值高息,183,140,43,國泰-台南,2024-05-23,8884
2014,中鴻,46,4,42,國泰-台南,2024-05-23,8884
2834,臺企銀,50,11,39,國泰-台南,2024-05-23,8884
00665L,富邦�琤肭磪囓�2,59,20,39,國泰-台南,2024-05-23,8884
00936,台新永續高息中小,49,11,38,國泰-台南,2024-05-23,8884
2359,所羅門,371,333,38,國泰-台南,2024-05-23,8884
2365,昆盈,87,50,37,國泰-台南,2024-05-23,8884
2504,國產,37,1,36,國泰-台南,2024-05-23,8884
2882,國泰金,50,15,35,國泰-台南,2024-05-23,8884
6275,元山,38,4,34,國泰-台南,2024-05-23,8884
1717,長興,33,0,33,國泰-台南,2024-05-23,8884
1210,大成,34,2,32,國泰-台南,2024-05-23,8884
5371,中光電,75,43,32,國泰-台南,2024-05-23,8884
2884,玉山金,39,9,30,國泰-台南,2024-05-23,8884
3312,弘憶股,50,20,30,國泰-台南,2024-05-23,8884
2405,輔信,33,5,28,國泰-台南,2024-05-23,8884
1314,中石化,36,8,28,國泰-台南,2024-05-23,8884
2371,大同,59,32,27,國泰-台南,2024-05-23,8884
8936,國統,55,29,26,國泰-台南,2024-05-23,8884
00713,元大台灣高息低波,27,0,27,國泰-台南,2024-05-23,8884
4976,佳凌,40,14,26,國泰-台南,2024-05-23,8884
2401,凌陽,29,4,25,國泰-台南,2024-05-23,8884
00937B,群益ESG投等債20,609,19,590,國泰-台南,2024-05-24,8884
2891,中信金,508,116,392,國泰-台南,2024-05-24,8884
00632R,元大台灣50反1,437,70,367,國泰-台南,2024-05-24,8884
00712,復華富時不動產,283,0,283,國泰-台南,2024-05-24,8884
00664R,國泰臺灣加權反1,130,0,130,國泰-台南,2024-05-24,8884
00753L,中信中國50正2,116,0,116,國泰-台南,2024-05-24,8884
00931B,統一美債20年,81,1,80,國泰-台南,2024-05-24,8884
2486,一詮,269,197,72,國泰-台南,2024-05-24,8884
2002,中鋼,59,3,56,國泰-台南,2024-05-24,8884
00679B,元大美債20年,62,6,56,國泰-台南,2024-05-24,8884
00637L,元大滬深300正2,50,0,50,國泰-台南,2024-05-24,8884
2867,三商壽,70,21,49,國泰-台南,2024-05-24,8884
00646,元大S＆P500,47,0,47,國泰-台南,2024-05-24,8884
2023,燁輝,47,0,47,國泰-台南,2024-05-24,8884
00902,中信電池及儲能,40,0,40,國泰-台南,2024-05-24,8884
3033,威健,89,49,40,國泰-台南,2024-05-24,8884
6177,達麗,38,0,38,國泰-台南,2024-05-24,8884
6257,矽格,40,4,36,國泰-台南,2024-05-24,8884
00946,群益科技高息成長,33,2,31,國泰-台南,2024-05-24,8884
2303,聯電,82,51,31,國泰-台南,2024-05-24,8884
2371,大同,58,28,30,國泰-台南,2024-05-24,8884
2834,臺企銀,33,5,28,國泰-台南,2024-05-24,8884
3011,今皓,31,3,28,國泰-台南,2024-05-24,8884
6770,力積電,29,1,28,國泰-台南,2024-05-24,8884
3047,訊舟,72,45,27,國泰-台南,2024-05-24,8884
6190,萬泰科,38,11,27,國泰-台南,2024-05-24,8884
2324,仁寶,63,37,26,國泰-台南,2024-05-24,8884
2887,台新金,38,14,24,國泰-台南,2024-05-24,8884
2401,凌陽,31,7,24,國泰-台南,2024-05-24,8884
4967,十銓,48,26,22,國泰-台南,2024-05-24,8884
2323,中環,28,6,22,國泰-台南,2024-05-24,8884
1785,光洋科,24,3,21,國泰-台南,2024-05-24,8884
00852L,國泰美國道瓊正2,21,0,21,國泰-台南,2024-05-24,8884
3306,鼎天,30,10,20,國泰-台南,2024-05-24,8884
00639,富邦深100,20,0,20,國泰-台南,2024-05-24,8884
5009,榮剛,24,4,20,國泰-台南,2024-05-24,8884
2230,泰茂,20,1,19,國泰-台南,2024-05-24,8884
1467,南緯,18,0,18,國泰-台南,2024-05-24,8884
00857B,永豐20年美公債,18,0,18,國泰-台南,2024-05-24,8884
3706,神達,81,64,17,國泰-台南,2024-05-24,8884
1314,中石化,32,15,17,國泰-台南,2024-05-24,8884
6117,迎廣,154,137,17,國泰-台南,2024-05-24,8884
2354,鴻準,33,16,17,國泰-台南,2024-05-24,8884
00641R,富邦日本反1,16,0,16,國泰-台南,2024-05-24,8884
00650L,復華香港正2,16,0,16,國泰-台南,2024-05-24,8884
00713,元大台灣高息低波,22,6,16,國泰-台南,2024-05-24,8884
00720B,元大投資級公司債,39,23,16,國泰-台南,2024-05-24,8884
2884,玉山金,34,19,15,國泰-台南,2024-05-24,8884
6147,頎邦,15,0,15,國泰-台南,2024-05-24,8884
2014,中鴻,16,1,15,國泰-台南,2024-05-24,8884
00937B,群益ESG投等債20,493,38,455,國泰-台南,2024-05-27,8884
2891,中信金,316,89,227,國泰-台南,2024-05-27,8884
2610,華航,212,6,206,國泰-台南,2024-05-27,8884
3047,訊舟,244,92,152,國泰-台南,2024-05-27,8884
00664R,國泰臺灣加權反1,131,0,131,國泰-台南,2024-05-27,8884
2495,普安,251,121,130,國泰-台南,2024-05-27,8884
2002,中鋼,116,5,111,國泰-台南,2024-05-27,8884
2392,正崴,171,70,101,國泰-台南,2024-05-27,8884
00933B,國泰10Y+金融債,104,3,101,國泰-台南,2024-05-27,8884
1605,華新,105,9,96,國泰-台南,2024-05-27,8884
00712,復華富時不動產,94,12,82,國泰-台南,2024-05-27,8884
00946,群益科技高息成長,88,9,79,國泰-台南,2024-05-27,8884
2405,輔信,145,72,73,國泰-台南,2024-05-27,8884
2324,仁寶,116,43,73,國泰-台南,2024-05-27,8884
2489,瑞軒,189,120,69,國泰-台南,2024-05-27,8884
2618,長榮航,90,33,57,國泰-台南,2024-05-27,8884
2536,宏普,51,0,51,國泰-台南,2024-05-27,8884
5498,凱崴,148,100,48,國泰-台南,2024-05-27,8884
2353,宏��,395,349,46,國泰-台南,2024-05-27,8884
2609,陽明,118,74,44,國泰-台南,2024-05-27,8884
9105,泰金寶-DR,379,339,40,國泰-台南,2024-05-27,8884
00830,國泰費城半導體,44,6,38,國泰-台南,2024-05-27,8884
8121,越峰,38,5,33,國泰-台南,2024-05-27,8884
2367,燿華,99,67,32,國泰-台南,2024-05-27,8884
2023,燁輝,30,0,30,國泰-台南,2024-05-27,8884
2412,中華電,28,1,27,國泰-台南,2024-05-27,8884
2254,巨鎧精密-創,36,10,26,國泰-台南,2024-05-27,8884
00918,大華優利高填息30,36,13,23,國泰-台南,2024-05-27,8884
2886,兆豐金,24,1,23,國泰-台南,2024-05-27,8884
6269,台郡,24,3,21,國泰-台南,2024-05-27,8884
3380,明泰,23,2,21,國泰-台南,2024-05-27,8884
1340,勝悅-KY,31,11,20,國泰-台南,2024-05-27,8884
00679B,元大美債20年,37,16,21,國泰-台南,2024-05-27,8884
2515,中工,36,16,20,國泰-台南,2024-05-27,8884
1802,台玻,31,11,20,國泰-台南,2024-05-27,8884
8935,邦泰,20,0,20,國泰-台南,2024-05-27,8884
6167,久正,20,0,20,國泰-台南,2024-05-27,8884
00686R,群益臺灣加權反1,20,0,20,國泰-台南,2024-05-27,8884
8024,佑華,20,0,20,國泰-台南,2024-05-27,8884
1815,富喬,245,226,19,國泰-台南,2024-05-27,8884
3060,銘異,41,23,18,國泰-台南,2024-05-27,8884
6274,台燿,30,12,18,國泰-台南,2024-05-27,8884
2208,台船,19,1,18,國泰-台南,2024-05-27,8884
1591,駿吉-KY,22,4,18,國泰-台南,2024-05-27,8884
1213,大飲,20,2,18,國泰-台南,2024-05-27,8884
4533,協易機,50,32,18,國泰-台南,2024-05-27,8884
2371,大同,57,41,16,國泰-台南,2024-05-27,8884
3312,弘憶股,61,45,16,國泰-台南,2024-05-27,8884
3234,光環,42,26,16,國泰-台南,2024-05-27,8884
3708,上緯投控,18,2,16,國泰-台南,2024-05-27,8884
00937B,群益ESG投等債20,383,3,380,國泰-台南,2024-05-28,8884
00664R,國泰臺灣加權反1,310,1,309,國泰-台南,2024-05-28,8884
3202,樺晟,206,23,183,國泰-台南,2024-05-28,8884
00946,群益科技高息成長,169,6,163,國泰-台南,2024-05-28,8884
9105,泰金寶-DR,408,256,152,國泰-台南,2024-05-28,8884
00632R,元大台灣50反1,168,28,140,國泰-台南,2024-05-28,8884
1815,富喬,393,275,118,國泰-台南,2024-05-28,8884
00919,群益台灣精選高息,127,19,108,國泰-台南,2024-05-28,8884
00850,元大臺灣ESG永續,90,1,89,國泰-台南,2024-05-28,8884
2489,瑞軒,113,28,85,國泰-台南,2024-05-28,8884
2891,中信金,97,19,78,國泰-台南,2024-05-28,8884
00679B,元大美債20年,95,19,76,國泰-台南,2024-05-28,8884
2303,聯電,163,94,69,國泰-台南,2024-05-28,8884
00673R,期元大S＆P原油反1,69,3,66,國泰-台南,2024-05-28,8884
2886,兆豐金,68,2,66,國泰-台南,2024-05-28,8884
2324,仁寶,109,45,64,國泰-台南,2024-05-28,8884
3714,富采,75,11,64,國泰-台南,2024-05-28,8884
2332,友訊,63,0,63,國泰-台南,2024-05-28,8884
00918,大華優利高填息30,60,0,60,國泰-台南,2024-05-28,8884
2618,長榮航,201,144,57,國泰-台南,2024-05-28,8884
2460,建通,57,1,56,國泰-台南,2024-05-28,8884
2353,宏��,206,151,55,國泰-台南,2024-05-28,8884
2486,一詮,196,142,54,國泰-台南,2024-05-28,8884
00712,復華富時不動產,57,3,54,國泰-台南,2024-05-28,8884
3594,磐儀,74,20,54,國泰-台南,2024-05-28,8884
00931B,統一美債20年,77,25,52,國泰-台南,2024-05-28,8884
2331,精英,51,3,48,國泰-台南,2024-05-28,8884
00751B,元大AAA至A公司債,63,22,41,國泰-台南,2024-05-28,8884
00688L,國泰20年美債正2,40,0,40,國泰-台南,2024-05-28,8884
2363,矽統,231,193,38,國泰-台南,2024-05-28,8884
2609,陽明,114,77,37,國泰-台南,2024-05-28,8884
4167,松瑞藥,36,0,36,國泰-台南,2024-05-28,8884
1316,上曜,50,14,36,國泰-台南,2024-05-28,8884
00720B,元大投資級公司債,83,49,34,國泰-台南,2024-05-28,8884
8121,越峰,34,0,34,國泰-台南,2024-05-28,8884
2354,鴻準,424,392,32,國泰-台南,2024-05-28,8884
8027,鈦昇,43,12,31,國泰-台南,2024-05-28,8884
3372,典範,33,2,31,國泰-台南,2024-05-28,8884
00719B,元大美債1-3,30,0,30,國泰-台南,2024-05-28,8884
00700,富邦�琤肭磪�,30,0,30,國泰-台南,2024-05-28,8884
3712,永崴投控,70,41,29,國泰-台南,2024-05-28,8884
00933B,國泰10Y+金融債,89,61,28,國泰-台南,2024-05-28,8884
6188,廣明,147,119,28,國泰-台南,2024-05-28,8884
4714,永捷,54,26,28,國泰-台南,2024-05-28,8884
8374,羅昇,28,0,28,國泰-台南,2024-05-28,8884
2369,菱生,60,33,27,國泰-台南,2024-05-28,8884
00687B,國泰20年美債,35,9,26,國泰-台南,2024-05-28,8884
2603,長榮,117,93,24,國泰-台南,2024-05-28,8884
2301,光寶科,52,28,24,國泰-台南,2024-05-28,8884
00929,復華台灣科技優息,115,92,23,國泰-台南,2024-05-28,8884
00937B,群益ESG投等債20,1511,8,1503,國泰-台南,2024-05-29,8884
00751B,元大AAA至A公司債,359,36,323,國泰-台南,2024-05-29,8884
00679B,元大美債20年,286,3,283,國泰-台南,2024-05-29,8884
2515,中工,214,25,189,國泰-台南,2024-05-29,8884
00933B,國泰10Y+金融債,208,19,189,國泰-台南,2024-05-29,8884
2401,凌陽,651,480,171,國泰-台南,2024-05-29,8884
00878,國泰永續高股息,191,22,169,國泰-台南,2024-05-29,8884
00687B,國泰20年美債,194,28,166,國泰-台南,2024-05-29,8884
3048,益登,237,107,130,國泰-台南,2024-05-29,8884
00753L,中信中國50正2,132,2,130,國泰-台南,2024-05-29,8884
6189,豐藝,205,84,121,國泰-台南,2024-05-29,8884
2886,兆豐金,115,5,110,國泰-台南,2024-05-29,8884
2489,瑞軒,442,342,100,國泰-台南,2024-05-29,8884
00918,大華優利高填息30,106,5,101,國泰-台南,2024-05-29,8884
2002,中鋼,98,0,98,國泰-台南,2024-05-29,8884
00665L,富邦�琤肭磪囓�2,90,0,90,國泰-台南,2024-05-29,8884
00857B,永豐20年美公債,98,12,86,國泰-台南,2024-05-29,8884
6126,信音,97,12,85,國泰-台南,2024-05-29,8884
00931B,統一美債20年,83,0,83,國泰-台南,2024-05-29,8884
3047,訊舟,199,121,78,國泰-台南,2024-05-29,8884
2618,長榮航,169,92,77,國泰-台南,2024-05-29,8884
2883,凱基金,78,7,71,國泰-台南,2024-05-29,8884
2353,宏��,206,138,68,國泰-台南,2024-05-29,8884
2317,鴻海,188,123,65,國泰-台南,2024-05-29,8884
5608,四維航,166,102,64,國泰-台南,2024-05-29,8884
00915,凱基優選高股息30,72,9,63,國泰-台南,2024-05-29,8884
2884,玉山金,67,6,61,國泰-台南,2024-05-29,8884
1905,華紙,62,2,60,國泰-台南,2024-05-29,8884
4906,正文,110,49,61,國泰-台南,2024-05-29,8884
9105,泰金寶-DR,104,46,58,國泰-台南,2024-05-29,8884
2605,新興,258,200,58,國泰-台南,2024-05-29,8884
00795B,中信美國公債20年,56,0,56,國泰-台南,2024-05-29,8884
2891,中信金,124,68,56,國泰-台南,2024-05-29,8884
2801,彰銀,60,5,55,國泰-台南,2024-05-29,8884
3580,友威科,62,7,55,國泰-台南,2024-05-29,8884
00772B,中信高評級公司債,54,0,54,國泰-台南,2024-05-29,8884
2460,建通,52,0,52,國泰-台南,2024-05-29,8884
2867,三商壽,178,127,51,國泰-台南,2024-05-29,8884
00720B,元大投資級公司債,62,11,51,國泰-台南,2024-05-29,8884
1453,大將,52,3,49,國泰-台南,2024-05-29,8884
2419,仲琦,65,16,49,國泰-台南,2024-05-29,8884
2882,國泰金,56,9,47,國泰-台南,2024-05-29,8884
6207,雷科,54,9,45,國泰-台南,2024-05-29,8884
00688L,國泰20年美債正2,45,0,45,國泰-台南,2024-05-29,8884
00942B,台新美A公司債20+,44,0,44,國泰-台南,2024-05-29,8884
00713,元大台灣高息低波,46,2,44,國泰-台南,2024-05-29,8884
6125,廣運,179,136,43,國泰-台南,2024-05-29,8884
00946,群益科技高息成長,123,81,42,國泰-台南,2024-05-29,8884
00680L,元大美債20正2,45,3,42,國泰-台南,2024-05-29,8884
00712,復華富時不動產,53,12,41,國泰-台南,2024-05-29,8884
00937B,群益ESG投等債20,508,55,453,國泰-台南,2024-05-30,8884
2489,瑞軒,427,116,311,國泰-台南,2024-05-30,8884
00632R,元大台灣50反1,373,125,248,國泰-台南,2024-05-30,8884
00940,元大台灣價值高息,307,89,218,國泰-台南,2024-05-30,8884
2891,中信金,224,9,215,國泰-台南,2024-05-30,8884
2344,華邦電,163,1,162,國泰-台南,2024-05-30,8884
00931B,統一美債20年,120,0,120,國泰-台南,2024-05-30,8884
2356,英業達,128,15,113,國泰-台南,2024-05-30,8884
00679B,元大美債20年,122,22,100,國泰-台南,2024-05-30,8884
1815,富喬,468,372,96,國泰-台南,2024-05-30,8884
2353,宏��,168,73,95,國泰-台南,2024-05-30,8884
2317,鴻海,116,25,91,國泰-台南,2024-05-30,8884
00688L,國泰20年美債正2,95,10,85,國泰-台南,2024-05-30,8884
6270,倍微,129,53,76,國泰-台南,2024-05-30,8884
2405,輔信,137,63,74,國泰-台南,2024-05-30,8884
4533,協易機,257,183,74,國泰-台南,2024-05-30,8884
00687B,國泰20年美債,96,23,73,國泰-台南,2024-05-30,8884
4960,誠美材,82,10,72,國泰-台南,2024-05-30,8884
00680L,元大美債20正2,78,6,72,國泰-台南,2024-05-30,8884
6160,欣技,90,22,68,國泰-台南,2024-05-30,8884
2886,兆豐金,71,4,67,國泰-台南,2024-05-30,8884
00857B,永豐20年美公債,66,0,66,國泰-台南,2024-05-30,8884
00878,國泰永續高股息,165,101,64,國泰-台南,2024-05-30,8884
00919,群益台灣精選高息,196,133,63,國泰-台南,2024-05-30,8884
00915,凱基優選高股息30,81,20,61,國泰-台南,2024-05-30,8884
2515,中工,69,9,60,國泰-台南,2024-05-30,8884
5880,合庫金,58,2,56,國泰-台南,2024-05-30,8884
2002,中鋼,57,1,56,國泰-台南,2024-05-30,8884
4306,炎洲,62,8,54,國泰-台南,2024-05-30,8884
2460,建通,51,0,51,國泰-台南,2024-05-30,8884
2330,台積電,59,10,49,國泰-台南,2024-05-30,8884
00918,大華優利高填息30,65,17,48,國泰-台南,2024-05-30,8884
00933B,國泰10Y+金融債,78,32,46,國泰-台南,2024-05-30,8884
2834,臺企銀,73,27,46,國泰-台南,2024-05-30,8884
2354,鴻準,125,80,45,國泰-台南,2024-05-30,8884
6209,今國光,79,33,46,國泰-台南,2024-05-30,8884
00712,復華富時不動產,60,15,45,國泰-台南,2024-05-30,8884
4562,穎漢,154,110,44,國泰-台南,2024-05-30,8884
1303,南亞,44,1,43,國泰-台南,2024-05-30,8884
4714,永捷,86,43,43,國泰-台南,2024-05-30,8884
2633,台灣高鐵,42,1,41,國泰-台南,2024-05-30,8884
4167,松瑞藥,41,0,41,國泰-台南,2024-05-30,8884
3306,鼎天,46,8,38,國泰-台南,2024-05-30,8884
2838,聯邦銀,50,12,38,國泰-台南,2024-05-30,8884
2887,台新金,41,6,35,國泰-台南,2024-05-30,8884
006208,富邦台50,37,3,34,國泰-台南,2024-05-30,8884
6140,訊達,39,6,33,國泰-台南,2024-05-30,8884
9103,美德醫療-DR,32,0,32,國泰-台南,2024-05-30,8884
3706,神達,55,23,32,國泰-台南,2024-05-30,8884
3059,華晶科,41,10,31,國泰-台南,2024-05-30,8884
00878,國泰永續高股息,377,50,327,國泰-台南,2024-05-31,8884
2609,陽明,800,507,293,國泰-台南,2024-05-31,8884
00919,群益台灣精選高息,384,108,276,國泰-台南,2024-05-31,8884
2317,鴻海,221,54,167,國泰-台南,2024-05-31,8884
00929,復華台灣科技優息,383,241,142,國泰-台南,2024-05-31,8884
3231,緯創,146,7,139,國泰-台南,2024-05-31,8884
00680L,元大美債20正2,146,20,126,國泰-台南,2024-05-31,8884
6770,力積電,120,18,102,國泰-台南,2024-05-31,8884
2369,菱生,117,22,95,國泰-台南,2024-05-31,8884
3059,華晶科,110,16,94,國泰-台南,2024-05-31,8884
2331,精英,105,13,92,國泰-台南,2024-05-31,8884
00712,復華富時不動產,123,34,89,國泰-台南,2024-05-31,8884
00946,群益科技高息成長,195,107,88,國泰-台南,2024-05-31,8884
00940,元大台灣價值高息,179,96,83,國泰-台南,2024-05-31,8884
2889,國票金,137,61,76,國泰-台南,2024-05-31,8884
2002,中鋼,129,57,72,國泰-台南,2024-05-31,8884
00664R,國泰臺灣加權反1,70,0,70,國泰-台南,2024-05-31,8884
00715L,期街口布蘭特正2,62,1,61,國泰-台南,2024-05-31,8884
2344,華邦電,62,4,58,國泰-台南,2024-05-31,8884
1316,上曜,137,83,54,國泰-台南,2024-05-31,8884
00675L,富邦臺灣加權正2,53,0,53,國泰-台南,2024-05-31,8884
2408,南亞科,53,1,52,國泰-台南,2024-05-31,8884
8110,華東,65,14,51,國泰-台南,2024-05-31,8884
3312,弘憶股,332,284,48,國泰-台南,2024-05-31,8884
00939,統一台灣高息動能,53,6,47,國泰-台南,2024-05-31,8884
2399,映泰,57,12,45,國泰-台南,2024-05-31,8884
1440,南紡,60,19,41,國泰-台南,2024-05-31,8884
6126,信音,50,10,40,國泰-台南,2024-05-31,8884
2303,聯電,125,90,35,國泰-台南,2024-05-31,8884
2603,長榮,113,78,35,國泰-台南,2024-05-31,8884
00679B,元大美債20年,49,16,33,國泰-台南,2024-05-31,8884
2886,兆豐金,33,1,32,國泰-台南,2024-05-31,8884
2330,台積電,34,3,31,國泰-台南,2024-05-31,8884
2701,萬企,30,0,30,國泰-台南,2024-05-31,8884
3594,磐儀,49,20,29,國泰-台南,2024-05-31,8884
2615,萬海,52,25,27,國泰-台南,2024-05-31,8884
006208,富邦台50,29,2,27,國泰-台南,2024-05-31,8884
1702,南僑,28,1,27,國泰-台南,2024-05-31,8884
2382,廣達,45,19,26,國泰-台南,2024-05-31,8884
6698,旭暉應材,25,0,25,國泰-台南,2024-05-31,8884
00915,凱基優選高股息30,52,27,25,國泰-台南,2024-05-31,8884
3591,艾笛森,25,1,24,國泰-台南,2024-05-31,8884
0056,元大高股息,44,21,23,國泰-台南,2024-05-31,8884
5880,合庫金,29,6,23,國泰-台南,2024-05-31,8884
8070,長華*,48,26,22,國泰-台南,2024-05-31,8884
00923,群益台ESG低碳50,22,1,21,國泰-台南,2024-05-31,8884
3017,奇鋐,35,15,20,國泰-台南,2024-05-31,8884
3687,歐買尬,20,0,20,國泰-台南,2024-05-31,8884
3047,訊舟,71,52,19,國泰-台南,2024-05-31,8884
00891,中信關鍵半導體,21,3,18,國泰-台南,2024-05-31,8884
2801,彰銀,531,0,531,國泰-台南,2024-06-03,8884
00929,復華台灣科技優息,311,127,184,國泰-台南,2024-06-03,8884
2610,華航,171,5,166,國泰-台南,2024-06-03,8884
2537,聯上發,314,157,157,國泰-台南,2024-06-03,8884
00919,群益台灣精選高息,330,181,149,國泰-台南,2024-06-03,8884
00918,大華優利高填息30,157,16,141,國泰-台南,2024-06-03,8884
00680L,元大美債20正2,137,10,127,國泰-台南,2024-06-03,8884
2618,長榮航,152,51,101,國泰-台南,2024-06-03,8884
2369,菱生,93,3,90,國泰-台南,2024-06-03,8884
2515,中工,418,335,83,國泰-台南,2024-06-03,8884
2356,英業達,141,64,77,國泰-台南,2024-06-03,8884
2353,宏��,170,97,73,國泰-台南,2024-06-03,8884
6552,易華電,69,2,67,國泰-台南,2024-06-03,8884
00946,群益科技高息成長,66,3,63,國泰-台南,2024-06-03,8884
3481,群創,84,25,59,國泰-台南,2024-06-03,8884
1905,華紙,60,3,57,國泰-台南,2024-06-03,8884
3088,艾訊,67,28,39,國泰-台南,2024-06-03,8884
00679B,元大美債20年,55,18,37,國泰-台南,2024-06-03,8884
2405,輔信,45,9,36,國泰-台南,2024-06-03,8884
3013,晟銘電,202,166,36,國泰-台南,2024-06-03,8884
2615,萬海,297,262,35,國泰-台南,2024-06-03,8884
2312,金寶,54,20,34,國泰-台南,2024-06-03,8884
2354,鴻準,164,132,32,國泰-台南,2024-06-03,8884
6117,迎廣,65,34,31,國泰-台南,2024-06-03,8884
2317,鴻海,132,102,30,國泰-台南,2024-06-03,8884
00935,野村臺灣新科技50,35,5,30,國泰-台南,2024-06-03,8884
5230,雷笛克光學,47,18,29,國泰-台南,2024-06-03,8884
2464,盟立,200,172,28,國泰-台南,2024-06-03,8884
2324,仁寶,68,42,26,國泰-台南,2024-06-03,8884
2834,臺企銀,27,1,26,國泰-台南,2024-06-03,8884
2506,太設,46,20,26,國泰-台南,2024-06-03,8884
6188,廣明,125,100,25,國泰-台南,2024-06-03,8884
1316,上曜,37,14,23,國泰-台南,2024-06-03,8884
8234,新漢,36,13,23,國泰-台南,2024-06-03,8884
2303,聯電,64,42,22,國泰-台南,2024-06-03,8884
3033,威健,22,1,21,國泰-台南,2024-06-03,8884
6770,力積電,49,28,21,國泰-台南,2024-06-03,8884
3455,由田,28,7,21,國泰-台南,2024-06-03,8884
4938,和碩,65,45,20,國泰-台南,2024-06-03,8884
8936,國統,27,6,21,國泰-台南,2024-06-03,8884
2453,凌群,20,0,20,國泰-台南,2024-06-03,8884
6414,樺漢,19,0,19,國泰-台南,2024-06-03,8884
5522,遠雄,36,17,19,國泰-台南,2024-06-03,8884
4503,金雨,19,0,19,國泰-台南,2024-06-03,8884
1609,大亞,34,16,18,國泰-台南,2024-06-03,8884
3580,友威科,20,2,18,國泰-台南,2024-06-03,8884
2889,國票金,52,34,18,國泰-台南,2024-06-03,8884
00715L,期街口布蘭特正2,18,1,17,國泰-台南,2024-06-03,8884
6698,旭暉應材,17,0,17,國泰-台南,2024-06-03,8884
2880,華南金,18,1,17,國泰-台南,2024-06-03,8884
00878,國泰永續高股息,660,89,571,國泰-台南,2024-06-04,8884
00715L,期街口布蘭特正2,394,39,355,國泰-台南,2024-06-04,8884
00919,群益台灣精選高息,379,123,256,國泰-台南,2024-06-04,8884
2886,兆豐金,213,4,209,國泰-台南,2024-06-04,8884
3025,星通,201,2,199,國泰-台南,2024-06-04,8884
2888,新光金,385,186,199,國泰-台南,2024-06-04,8884
3481,群創,267,82,185,國泰-台南,2024-06-04,8884
00936,台新永續高息中小,260,106,154,國泰-台南,2024-06-04,8884
00918,大華優利高填息30,158,10,148,國泰-台南,2024-06-04,8884
00679B,元大美債20年,188,66,122,國泰-台南,2024-06-04,8884
3520,華盈,129,15,114,國泰-台南,2024-06-04,8884
2344,華邦電,160,46,114,國泰-台南,2024-06-04,8884
00753L,中信中國50正2,102,2,100,國泰-台南,2024-06-04,8884
2312,金寶,159,62,97,國泰-台南,2024-06-04,8884
00929,復華台灣科技優息,430,335,95,國泰-台南,2024-06-04,8884
4562,穎漢,179,84,95,國泰-台南,2024-06-04,8884
2317,鴻海,142,54,88,國泰-台南,2024-06-04,8884
2324,仁寶,121,35,86,國泰-台南,2024-06-04,8884
2367,燿華,196,113,83,國泰-台南,2024-06-04,8884
2453,凌群,81,14,67,國泰-台南,2024-06-04,8884
2495,普安,102,35,67,國泰-台南,2024-06-04,8884
2542,興富發,64,0,64,國泰-台南,2024-06-04,8884
3580,友威科,75,14,61,國泰-台南,2024-06-04,8884
6125,廣運,313,256,57,國泰-台南,2024-06-04,8884
6235,華孚,57,1,56,國泰-台南,2024-06-04,8884
00946,群益科技高息成長,55,2,53,國泰-台南,2024-06-04,8884
8277,商丞,84,34,50,國泰-台南,2024-06-04,8884
2397,友通,49,1,48,國泰-台南,2024-06-04,8884
00713,元大台灣高息低波,62,14,48,國泰-台南,2024-06-04,8884
2002,中鋼,60,17,43,國泰-台南,2024-06-04,8884
9955,佳龍,42,2,40,國泰-台南,2024-06-04,8884
3060,銘異,69,29,40,國泰-台南,2024-06-04,8884
8936,國統,57,17,40,國泰-台南,2024-06-04,8884
00923,群益台ESG低碳50,38,0,38,國泰-台南,2024-06-04,8884
2376,技嘉,60,22,38,國泰-台南,2024-06-04,8884
2354,鴻準,101,64,37,國泰-台南,2024-06-04,8884
0056,元大高股息,44,7,37,國泰-台南,2024-06-04,8884
8070,長華*,34,1,33,國泰-台南,2024-06-04,8884
2331,精英,311,278,33,國泰-台南,2024-06-04,8884
2867,三商壽,42,10,32,國泰-台南,2024-06-04,8884
2482,連宇,52,22,30,國泰-台南,2024-06-04,8884
8929,富堡,32,2,30,國泰-台南,2024-06-04,8884
2618,長榮航,87,58,29,國泰-台南,2024-06-04,8884
2356,英業達,41,12,29,國泰-台南,2024-06-04,8884
2362,藍天,75,47,28,國泰-台南,2024-06-04,8884
2313,華通,30,2,28,國泰-台南,2024-06-04,8884
2241,艾姆勒,30,3,27,國泰-台南,2024-06-04,8884
8096,擎亞,63,37,26,國泰-台南,2024-06-04,8884
3047,訊舟,58,33,25,國泰-台南,2024-06-04,8884
2706,第一店,26,1,25,國泰-台南,2024-06-04,8884
00929,復華台灣科技優息,845,151,694,國泰-台南,2024-06-05,8884
00878,國泰永續高股息,487,24,463,國泰-台南,2024-06-05,8884
00936,台新永續高息中小,470,208,262,國泰-台南,2024-06-05,8884
00919,群益台灣精選高息,197,27,170,國泰-台南,2024-06-05,8884
00715L,期街口布蘭特正2,155,10,145,國泰-台南,2024-06-05,8884
2891,中信金,201,73,128,國泰-台南,2024-06-05,8884
00918,大華優利高填息30,136,16,120,國泰-台南,2024-06-05,8884
1402,遠東新,101,0,101,國泰-台南,2024-06-05,8884
00712,復華富時不動產,209,111,98,國泰-台南,2024-06-05,8884
6164,華興,94,5,89,國泰-台南,2024-06-05,8884
2002,中鋼,91,2,89,國泰-台南,2024-06-05,8884
3048,益登,300,212,88,國泰-台南,2024-06-05,8884
3290,東浦,76,0,76,國泰-台南,2024-06-05,8884
00688L,國泰20年美債正2,149,86,63,國泰-台南,2024-06-05,8884
2495,普安,122,62,60,國泰-台南,2024-06-05,8884
3372,典範,116,57,59,國泰-台南,2024-06-05,8884
1815,富喬,406,349,57,國泰-台南,2024-06-05,8884
00665L,富邦�琤肭磪囓�2,76,20,56,國泰-台南,2024-06-05,8884
2401,凌陽,81,30,51,國泰-台南,2024-06-05,8884
00632R,元大台灣50反1,53,2,51,國泰-台南,2024-06-05,8884
1905,華紙,51,2,49,國泰-台南,2024-06-05,8884
3088,艾訊,86,38,48,國泰-台南,2024-06-05,8884
1785,光洋科,103,56,47,國泰-台南,2024-06-05,8884
4167,松瑞藥,41,2,39,國泰-台南,2024-06-05,8884
2105,正新,49,14,35,國泰-台南,2024-06-05,8884
8084,巨虹,40,6,34,國泰-台南,2024-06-05,8884
00673R,期元大S＆P原油反1,49,15,34,國泰-台南,2024-06-05,8884
0056,元大高股息,61,29,32,國泰-台南,2024-06-05,8884
3564,其陽,70,39,31,國泰-台南,2024-06-05,8884
1303,南亞,29,0,29,國泰-台南,2024-06-05,8884
1314,中石化,62,33,29,國泰-台南,2024-06-05,8884
3231,緯創,46,18,28,國泰-台南,2024-06-05,8884
2520,冠德,33,6,27,國泰-台南,2024-06-05,8884
8071,能率網通,25,0,25,國泰-台南,2024-06-05,8884
5302,太欣,28,3,25,國泰-台南,2024-06-05,8884
2353,宏��,98,74,24,國泰-台南,2024-06-05,8884
00642U,期元大S＆P石油,23,0,23,國泰-台南,2024-06-05,8884
6160,欣技,25,2,23,國泰-台南,2024-06-05,8884
2303,聯電,58,35,23,國泰-台南,2024-06-05,8884
00946,群益科技高息成長,21,0,21,國泰-台南,2024-06-05,8884
3305,昇貿,25,4,21,國泰-台南,2024-06-05,8884
00713,元大台灣高息低波,39,19,20,國泰-台南,2024-06-05,8884
2617,台航,20,0,20,國泰-台南,2024-06-05,8884
00637L,元大滬深300正2,20,0,20,國泰-台南,2024-06-05,8884
2612,中航,22,2,20,國泰-台南,2024-06-05,8884
4960,誠美材,82,62,20,國泰-台南,2024-06-05,8884
2486,一詮,108,88,20,國泰-台南,2024-06-05,8884
00941,中信上游半導體,24,5,19,國泰-台南,2024-06-05,8884
2515,中工,27,9,18,國泰-台南,2024-06-05,8884
4534,慶騰,31,14,17,國泰-台南,2024-06-05,8884
00936,台新永續高息中小,354,41,313,國泰-台南,2024-06-06,8884
00687B,國泰20年美債,321,114,207,國泰-台南,2024-06-06,8884
00665L,富邦�琤肭磪囓�2,151,21,130,國泰-台南,2024-06-06,8884
5340,建榮,137,22,115,國泰-台南,2024-06-06,8884
8039,台虹,117,4,113,國泰-台南,2024-06-06,8884
00713,元大台灣高息低波,115,3,112,國泰-台南,2024-06-06,8884
00706L,期元大S＆P日圓正2,101,0,101,國泰-台南,2024-06-06,8884
9105,泰金寶-DR,410,326,84,國泰-台南,2024-06-06,8884
2609,陽明,827,748,79,國泰-台南,2024-06-06,8884
2312,金寶,175,97,78,國泰-台南,2024-06-06,8884
2002,中鋼,81,17,64,國泰-台南,2024-06-06,8884
6290,良維,120,56,64,國泰-台南,2024-06-06,8884
1314,中石化,105,51,54,國泰-台南,2024-06-06,8884
2888,新光金,90,38,52,國泰-台南,2024-06-06,8884
00675L,富邦臺灣加權正2,55,4,51,國泰-台南,2024-06-06,8884
00929,復華台灣科技優息,211,160,51,國泰-台南,2024-06-06,8884
2417,圓剛,62,12,50,國泰-台南,2024-06-06,8884
00679B,元大美債20年,108,58,50,國泰-台南,2024-06-06,8884
1402,遠東新,50,0,50,國泰-台南,2024-06-06,8884
00738U,期元大道瓊白銀,50,1,49,國泰-台南,2024-06-06,8884
1815,富喬,365,321,44,國泰-台南,2024-06-06,8884
00919,群益台灣精選高息,213,171,42,國泰-台南,2024-06-06,8884
00933B,國泰10Y+金融債,85,45,40,國泰-台南,2024-06-06,8884
2605,新興,113,75,38,國泰-台南,2024-06-06,8884
2482,連宇,67,29,38,國泰-台南,2024-06-06,8884
2613,中櫃,153,118,35,國泰-台南,2024-06-06,8884
1905,華紙,29,1,28,國泰-台南,2024-06-06,8884
2353,宏��,50,23,27,國泰-台南,2024-06-06,8884
6188,廣明,49,23,26,國泰-台南,2024-06-06,8884
2323,中環,26,3,23,國泰-台南,2024-06-06,8884
2409,友達,25,2,23,國泰-台南,2024-06-06,8884
6278,台表科,23,1,22,國泰-台南,2024-06-06,8884
8021,尖點,25,3,22,國泰-台南,2024-06-06,8884
1603,華電,42,20,22,國泰-台南,2024-06-06,8884
2603,長榮,146,125,21,國泰-台南,2024-06-06,8884
5392,能率,52,31,21,國泰-台南,2024-06-06,8884
2614,東森,20,0,20,國泰-台南,2024-06-06,8884
1514,亞力,24,4,20,國泰-台南,2024-06-06,8884
1313,聯成,22,2,20,國泰-台南,2024-06-06,8884
2392,正崴,21,2,19,國泰-台南,2024-06-06,8884
8121,越峰,28,10,18,國泰-台南,2024-06-06,8884
4533,協易機,39,21,18,國泰-台南,2024-06-06,8884
5490,同亨,23,5,18,國泰-台南,2024-06-06,8884
00946,群益科技高息成長,32,14,18,國泰-台南,2024-06-06,8884
1213,大飲,18,0,18,國泰-台南,2024-06-06,8884
4903,聯光通,17,0,17,國泰-台南,2024-06-06,8884
2362,藍天,19,2,17,國泰-台南,2024-06-06,8884
1310,台苯,19,2,17,國泰-台南,2024-06-06,8884
1303,南亞,20,3,17,國泰-台南,2024-06-06,8884
00751B,元大AAA至A公司債,28,12,16,國泰-台南,2024-06-06,8884
00937B,群益ESG投等債20,1043,85,958,國泰-台南,2024-06-07,8884
00929,復華台灣科技優息,410,223,187,國泰-台南,2024-06-07,8884
00715L,期街口布蘭特正2,160,15,145,國泰-台南,2024-06-07,8884
00687B,國泰20年美債,186,48,138,國泰-台南,2024-06-07,8884
00665L,富邦�琤肭磪囓�2,157,22,135,國泰-台南,2024-06-07,8884
00942B,台新美A公司債20+,112,0,112,國泰-台南,2024-06-07,8884
00878,國泰永續高股息,124,24,100,國泰-台南,2024-06-07,8884
1314,中石化,134,38,96,國泰-台南,2024-06-07,8884
00918,大華優利高填息30,129,35,94,國泰-台南,2024-06-07,8884
3231,緯創,125,35,90,國泰-台南,2024-06-07,8884
1303,南亞,84,2,82,國泰-台南,2024-06-07,8884
00680L,元大美債20正2,80,6,74,國泰-台南,2024-06-07,8884
2369,菱生,72,0,72,國泰-台南,2024-06-07,8884
00919,群益台灣精選高息,183,111,72,國泰-台南,2024-06-07,8884
2367,燿華,139,81,58,國泰-台南,2024-06-07,8884
3062,建漢,58,1,57,國泰-台南,2024-06-07,8884
00632R,元大台灣50反1,55,0,55,國泰-台南,2024-06-07,8884
5381,合正,56,2,54,國泰-台南,2024-06-07,8884
00706L,期元大S＆P日圓正2,51,0,51,國泰-台南,2024-06-07,8884
00738U,期元大道瓊白銀,50,0,50,國泰-台南,2024-06-07,8884
2515,中工,336,287,49,國泰-台南,2024-06-07,8884
00688L,國泰20年美債正2,63,14,49,國泰-台南,2024-06-07,8884
2615,萬海,490,446,44,國泰-台南,2024-06-07,8884
5392,能率,78,34,44,國泰-台南,2024-06-07,8884
00637L,元大滬深300正2,40,1,39,國泰-台南,2024-06-07,8884
9902,台火,39,1,38,國泰-台南,2024-06-07,8884
3048,益登,58,20,38,國泰-台南,2024-06-07,8884
1455,集盛,47,10,37,國泰-台南,2024-06-07,8884
2453,凌群,39,2,37,國泰-台南,2024-06-07,8884
00915,凱基優選高股息30,57,23,34,國泰-台南,2024-06-07,8884
9105,泰金寶-DR,232,200,32,國泰-台南,2024-06-07,8884
6290,良維,45,14,31,國泰-台南,2024-06-07,8884
2330,台積電,34,3,31,國泰-台南,2024-06-07,8884
2324,仁寶,32,1,31,國泰-台南,2024-06-07,8884
2610,華航,233,203,30,國泰-台南,2024-06-07,8884
00931B,統一美債20年,54,25,29,國泰-台南,2024-06-07,8884
2501,國建,100,71,29,國泰-台南,2024-06-07,8884
00881,國泰台灣5G+,30,2,28,國泰-台南,2024-06-07,8884
2352,佳世達,37,11,26,國泰-台南,2024-06-07,8884
2382,廣達,39,13,26,國泰-台南,2024-06-07,8884
2356,英業達,42,16,26,國泰-台南,2024-06-07,8884
00936,台新永續高息中小,275,250,25,國泰-台南,2024-06-07,8884
00753L,中信中國50正2,23,0,23,國泰-台南,2024-06-07,8884
00857B,永豐20年美公債,23,0,23,國泰-台南,2024-06-07,8884
2353,宏��,55,33,22,國泰-台南,2024-06-07,8884
2867,三商壽,69,47,22,國泰-台南,2024-06-07,8884
2527,宏璟,34,13,21,國泰-台南,2024-06-07,8884
1603,華電,36,15,21,國泰-台南,2024-06-07,8884
00946,群益科技高息成長,21,0,21,國泰-台南,2024-06-07,8884
6182,合晶,21,1,20,國泰-台南,2024-06-07,8884
00937B,群益ESG投等債20,523,58,465,國泰-台南,2024-06-11,8884
00918,大華優利高填息30,452,3,449,國泰-台南,2024-06-11,8884
00687B,國泰20年美債,490,95,395,國泰-台南,2024-06-11,8884
00679B,元大美債20年,421,43,378,國泰-台南,2024-06-11,8884
00680L,元大美債20正2,363,21,342,國泰-台南,2024-06-11,8884
00936,台新永續高息中小,328,11,317,國泰-台南,2024-06-11,8884
00929,復華台灣科技優息,575,278,297,國泰-台南,2024-06-11,8884
00632R,元大台灣50反1,288,11,277,國泰-台南,2024-06-11,8884
00688L,國泰20年美債正2,241,5,236,國泰-台南,2024-06-11,8884
9105,泰金寶-DR,216,12,204,國泰-台南,2024-06-11,8884
2609,陽明,713,521,192,國泰-台南,2024-06-11,8884
2515,中工,175,4,171,國泰-台南,2024-06-11,8884
00942B,台新美A公司債20+,139,0,139,國泰-台南,2024-06-11,8884
2506,太設,121,0,121,國泰-台南,2024-06-11,8884
2615,萬海,339,222,117,國泰-台南,2024-06-11,8884
2603,長榮,192,83,109,國泰-台南,2024-06-11,8884
2369,菱生,100,1,99,國泰-台南,2024-06-11,8884
2344,華邦電,102,5,97,國泰-台南,2024-06-11,8884
00919,群益台灣精選高息,367,272,95,國泰-台南,2024-06-11,8884
5603,陸海,77,8,69,國泰-台南,2024-06-11,8884
2537,聯上發,254,188,66,國泰-台南,2024-06-11,8884
2002,中鋼,112,47,65,國泰-台南,2024-06-11,8884
00933B,國泰10Y+金融債,90,26,64,國泰-台南,2024-06-11,8884
2356,英業達,81,18,63,國泰-台南,2024-06-11,8884
6152,百一,66,4,62,國泰-台南,2024-06-11,8884
00712,復華富時不動產,148,87,61,國泰-台南,2024-06-11,8884
1815,富喬,254,194,60,國泰-台南,2024-06-11,8884
00878,國泰永續高股息,168,107,61,國泰-台南,2024-06-11,8884
9946,三發地產,58,2,56,國泰-台南,2024-06-11,8884
2501,國建,71,16,55,國泰-台南,2024-06-11,8884
9907,統一實,55,1,54,國泰-台南,2024-06-11,8884
00931B,統一美債20年,53,0,53,國泰-台南,2024-06-11,8884
4714,永捷,57,4,53,國泰-台南,2024-06-11,8884
00857B,永豐20年美公債,56,7,49,國泰-台南,2024-06-11,8884
2371,大同,56,8,48,國泰-台南,2024-06-11,8884
2461,光群雷,47,1,46,國泰-台南,2024-06-11,8884
1608,華榮,53,10,43,國泰-台南,2024-06-11,8884
3231,緯創,77,34,43,國泰-台南,2024-06-11,8884
4952,凌通,41,0,41,國泰-台南,2024-06-11,8884
00713,元大台灣高息低波,42,1,41,國泰-台南,2024-06-11,8884
4303,信立,53,13,40,國泰-台南,2024-06-11,8884
8121,越峰,40,1,39,國泰-台南,2024-06-11,8884
1609,大亞,98,58,40,國泰-台南,2024-06-11,8884
00751B,元大AAA至A公司債,42,5,37,國泰-台南,2024-06-11,8884
1524,耿鼎,37,0,37,國泰-台南,2024-06-11,8884
2374,佳能,72,37,35,國泰-台南,2024-06-11,8884
3481,群創,46,11,35,國泰-台南,2024-06-11,8884
9945,潤泰新,82,49,33,國泰-台南,2024-06-11,8884
1213,大飲,32,0,32,國泰-台南,2024-06-11,8884
1514,亞力,159,127,32,國泰-台南,2024-06-11,8884
00929,復華台灣科技優息,573,136,437,國泰-台南,2024-06-12,8884
00948B,中信優息投資級債,530,106,424,國泰-台南,2024-06-12,8884
00712,復華富時不動產,252,1,251,國泰-台南,2024-06-12,8884
00919,群益台灣精選高息,275,44,231,國泰-台南,2024-06-12,8884
00688L,國泰20年美債正2,227,2,225,國泰-台南,2024-06-12,8884
00918,大華優利高填息30,167,12,155,國泰-台南,2024-06-12,8884
3047,訊舟,262,131,131,國泰-台南,2024-06-12,8884
2888,新光金,155,33,122,國泰-台南,2024-06-12,8884
4952,凌通,136,18,118,國泰-台南,2024-06-12,8884
00664R,國泰臺灣加權反1,111,0,111,國泰-台南,2024-06-12,8884
00687B,國泰20年美債,169,64,105,國泰-台南,2024-06-12,8884
1802,台玻,114,18,96,國泰-台南,2024-06-12,8884
00679B,元大美債20年,100,26,74,國泰-台南,2024-06-12,8884
3360,尚立,71,0,71,國泰-台南,2024-06-12,8884
3231,緯創,87,23,64,國泰-台南,2024-06-12,8884
2883,凱基金,132,74,58,國泰-台南,2024-06-12,8884
00680L,元大美債20正2,71,15,56,國泰-台南,2024-06-12,8884
4720,德淵,72,18,54,國泰-台南,2024-06-12,8884
00673R,期元大S＆P原油反1,57,6,51,國泰-台南,2024-06-12,8884
1314,中石化,81,31,50,國泰-台南,2024-06-12,8884
3710,連展投控,46,0,46,國泰-台南,2024-06-12,8884
00864B,中信美國公債0-1,45,0,45,國泰-台南,2024-06-12,8884
2002,中鋼,47,9,38,國泰-台南,2024-06-12,8884
2615,萬海,185,148,37,國泰-台南,2024-06-12,8884
00933B,國泰10Y+金融債,45,9,36,國泰-台南,2024-06-12,8884
00947,台新臺灣IC設計,36,0,36,國泰-台南,2024-06-12,8884
2610,華航,61,26,35,國泰-台南,2024-06-12,8884
3033,威健,45,12,33,國泰-台南,2024-06-12,8884
2501,國建,50,19,31,國泰-台南,2024-06-12,8884
00878,國泰永續高股息,48,16,32,國泰-台南,2024-06-12,8884
2801,彰銀,39,8,31,國泰-台南,2024-06-12,8884
00713,元大台灣高息低波,32,3,29,國泰-台南,2024-06-12,8884
2486,一詮,108,78,30,國泰-台南,2024-06-12,8884
0056,元大高股息,37,7,30,國泰-台南,2024-06-12,8884
00946,群益科技高息成長,33,5,28,國泰-台南,2024-06-12,8884
2401,凌陽,49,22,27,國泰-台南,2024-06-12,8884
2323,中環,28,1,27,國泰-台南,2024-06-12,8884
8071,能率網通,27,0,27,國泰-台南,2024-06-12,8884
1905,華紙,23,0,23,國泰-台南,2024-06-12,8884
2353,宏��,43,21,22,國泰-台南,2024-06-12,8884
1514,亞力,62,40,22,國泰-台南,2024-06-12,8884
5443,均豪,78,57,21,國泰-台南,2024-06-12,8884
3303,岱稜,21,1,20,國泰-台南,2024-06-12,8884
3622,洋華,85,66,19,國泰-台南,2024-06-12,8884
1308,亞聚,19,1,18,國泰-台南,2024-06-12,8884
6188,廣明,26,8,18,國泰-台南,2024-06-12,8884
2834,臺企銀,26,8,18,國泰-台南,2024-06-12,8884
8112,至上,32,15,17,國泰-台南,2024-06-12,8884
1570,力肯,43,26,17,國泰-台南,2024-06-12,8884
5880,合庫金,23,6,17,國泰-台南,2024-06-12,8884
00665L,富邦�琤肭磪囓�2,358,13,345,國泰-台南,2024-06-13,8884
00632R,元大台灣50反1,372,61,311,國泰-台南,2024-06-13,8884
00948B,中信優息投資級債,286,0,286,國泰-台南,2024-06-13,8884
00673R,期元大S＆P原油反1,188,0,188,國泰-台南,2024-06-13,8884
00679B,元大美債20年,125,20,105,國泰-台南,2024-06-13,8884
00712,復華富時不動產,128,31,97,國泰-台南,2024-06-13,8884
2317,鴻海,242,150,92,國泰-台南,2024-06-13,8884
2002,中鋼,85,6,79,國泰-台南,2024-06-13,8884
2888,新光金,120,42,78,國泰-台南,2024-06-13,8884
00720B,元大投資級公司債,83,5,78,國泰-台南,2024-06-13,8884
1524,耿鼎,73,0,73,國泰-台南,2024-06-13,8884
2603,長榮,134,68,66,國泰-台南,2024-06-13,8884
2420,新巨,66,9,57,國泰-台南,2024-06-13,8884
3609,三一東林,50,0,50,國泰-台南,2024-06-13,8884
00895,富邦未來車,52,3,49,國泰-台南,2024-06-13,8884
2618,長榮航,64,20,44,國泰-台南,2024-06-13,8884
2427,三商電,67,25,42,國泰-台南,2024-06-13,8884
00947,台新臺灣IC設計,45,4,41,國泰-台南,2024-06-13,8884
00936,台新永續高息中小,53,14,39,國泰-台南,2024-06-13,8884
00688L,國泰20年美債正2,38,0,38,國泰-台南,2024-06-13,8884
00713,元大台灣高息低波,36,0,36,國泰-台南,2024-06-13,8884
2867,三商壽,56,22,34,國泰-台南,2024-06-13,8884
00885,富邦越南,32,1,31,國泰-台南,2024-06-13,8884
2449,京元電子,86,55,31,國泰-台南,2024-06-13,8884
3706,神達,37,6,31,國泰-台南,2024-06-13,8884
00631L,元大台灣50正2,34,3,31,國泰-台南,2024-06-13,8884
2330,台積電,66,37,29,國泰-台南,2024-06-13,8884
3293,鈊象,61,33,28,國泰-台南,2024-06-13,8884
2464,盟立,108,82,26,國泰-台南,2024-06-13,8884
2328,廣宇,28,2,26,國泰-台南,2024-06-13,8884
4960,誠美材,37,11,26,國泰-台南,2024-06-13,8884
2201,裕隆,28,2,26,國泰-台南,2024-06-13,8884
2027,大成鋼,36,12,24,國泰-台南,2024-06-13,8884
2367,燿華,150,126,24,國泰-台南,2024-06-13,8884
00675L,富邦臺灣加權正2,24,2,22,國泰-台南,2024-06-13,8884
1101,台泥,41,19,22,國泰-台南,2024-06-13,8884
1522,堤維西,33,12,21,國泰-台南,2024-06-13,8884
2359,所羅門,173,152,21,國泰-台南,2024-06-13,8884
00946,群益科技高息成長,22,2,20,國泰-台南,2024-06-13,8884
1714,和桐,20,0,20,國泰-台南,2024-06-13,8884
6156,松上,20,0,20,國泰-台南,2024-06-13,8884
2365,昆盈,70,51,19,國泰-台南,2024-06-13,8884
2353,宏��,87,68,19,國泰-台南,2024-06-13,8884
6207,雷科,100,83,17,國泰-台南,2024-06-13,8884
1617,榮星,104,86,18,國泰-台南,2024-06-13,8884
2516,新建,17,0,17,國泰-台南,2024-06-13,8884
2609,陽明,418,401,17,國泰-台南,2024-06-13,8884
2801,彰銀,27,10,17,國泰-台南,2024-06-13,8884
9938,百和,16,0,16,國泰-台南,2024-06-13,8884
3363,上詮,45,30,15,國泰-台南,2024-06-13,8884
2371,大同,492,298,194,國泰-台南,2024-06-14,8884
00919,群益台灣精選高息,261,67,194,國泰-台南,2024-06-14,8884
00918,大華優利高填息30,232,63,169,國泰-台南,2024-06-14,8884
00915,凱基優選高股息30,119,10,109,國泰-台南,2024-06-14,8884
2344,華邦電,110,3,107,國泰-台南,2024-06-14,8884
2515,中工,119,23,96,國泰-台南,2024-06-14,8884
00665L,富邦�琤肭磪囓�2,450,365,85,國泰-台南,2024-06-14,8884
00929,復華台灣科技優息,233,173,60,國泰-台南,2024-06-14,8884
2867,三商壽,76,22,54,國泰-台南,2024-06-14,8884
6207,雷科,84,31,53,國泰-台南,2024-06-14,8884
2367,燿華,62,14,48,國泰-台南,2024-06-14,8884
1514,亞力,166,120,46,國泰-台南,2024-06-14,8884
2537,聯上發,153,109,44,國泰-台南,2024-06-14,8884
00946,群益科技高息成長,52,8,44,國泰-台南,2024-06-14,8884
2489,瑞軒,56,13,43,國泰-台南,2024-06-14,8884
2031,新光鋼,42,3,39,國泰-台南,2024-06-14,8884
00933B,國泰10Y+金融債,43,5,38,國泰-台南,2024-06-14,8884
1609,大亞,190,152,38,國泰-台南,2024-06-14,8884
1326,台化,36,0,36,國泰-台南,2024-06-14,8884
2420,新巨,45,9,36,國泰-台南,2024-06-14,8884
2486,一詮,102,66,36,國泰-台南,2024-06-14,8884
2482,連宇,35,1,34,國泰-台南,2024-06-14,8884
8926,台汽電,37,4,33,國泰-台南,2024-06-14,8884
2886,兆豐金,34,4,30,國泰-台南,2024-06-14,8884
00902,中信電池及儲能,30,0,30,國泰-台南,2024-06-14,8884
1213,大飲,29,0,29,國泰-台南,2024-06-14,8884
5340,建榮,40,12,28,國泰-台南,2024-06-14,8884
2027,大成鋼,40,12,28,國泰-台南,2024-06-14,8884
2345,智邦,51,23,28,國泰-台南,2024-06-14,8884
2438,翔耀,27,0,27,國泰-台南,2024-06-14,8884
1587,吉茂,52,28,24,國泰-台南,2024-06-14,8884
2427,三商電,44,20,24,國泰-台南,2024-06-14,8884
6548,長科*,23,0,23,國泰-台南,2024-06-14,8884
00751B,元大AAA至A公司債,36,13,23,國泰-台南,2024-06-14,8884
2201,裕隆,22,0,22,國泰-台南,2024-06-14,8884
8103,瀚荃,24,3,21,國泰-台南,2024-06-14,8884
2392,正崴,180,159,21,國泰-台南,2024-06-14,8884
3231,緯創,33,12,21,國泰-台南,2024-06-14,8884
00679B,元大美債20年,169,149,20,國泰-台南,2024-06-14,8884
3705,永信,20,0,20,國泰-台南,2024-06-14,8884
4123,晟德,26,6,20,國泰-台南,2024-06-14,8884
3390,旭軟,20,0,20,國泰-台南,2024-06-14,8884
2601,益航,20,1,19,國泰-台南,2024-06-14,8884
00662,富邦NASDAQ,20,1,19,國泰-台南,2024-06-14,8884
3105,穩懋,33,14,19,國泰-台南,2024-06-14,8884
1316,上曜,37,18,19,國泰-台南,2024-06-14,8884
3466,德晉,35,17,18,國泰-台南,2024-06-14,8884
2495,普安,20,2,18,國泰-台南,2024-06-14,8884
00687B,國泰20年美債,191,173,18,國泰-台南,2024-06-14,8884
00947,台新臺灣IC設計,28,11,17,國泰-台南,2024-06-14,8884
3058,立德,592,11,581,國泰-台南,2024-06-17,8884
00937B,群益ESG投等債20,508,89,419,國泰-台南,2024-06-17,8884
2883,凱基金,411,27,384,國泰-台南,2024-06-17,8884
00687B,國泰20年美債,366,92,274,國泰-台南,2024-06-17,8884
00918,大華優利高填息30,277,38,239,國泰-台南,2024-06-17,8884
00664R,國泰臺灣加權反1,202,0,202,國泰-台南,2024-06-17,8884
00948B,中信優息投資級債,207,11,196,國泰-台南,2024-06-17,8884
00632R,元大台灣50反1,189,20,169,國泰-台南,2024-06-17,8884
00929,復華台灣科技優息,709,541,168,國泰-台南,2024-06-17,8884
00919,群益台灣精選高息,277,122,155,國泰-台南,2024-06-17,8884
2025,千興,165,17,148,國泰-台南,2024-06-17,8884
00933B,國泰10Y+金融債,149,10,139,國泰-台南,2024-06-17,8884
5905,南仁湖,174,47,127,國泰-台南,2024-06-17,8884
2615,萬海,323,203,120,國泰-台南,2024-06-17,8884
00936,台新永續高息中小,173,61,112,國泰-台南,2024-06-17,8884
00665L,富邦�琤肭磪囓�2,213,117,96,國泰-台南,2024-06-17,8884
2515,中工,94,2,92,國泰-台南,2024-06-17,8884
2888,新光金,142,54,88,國泰-台南,2024-06-17,8884
1325,恆大,92,8,84,國泰-台南,2024-06-17,8884
2331,精英,92,12,80,國泰-台南,2024-06-17,8884
00679B,元大美債20年,174,100,74,國泰-台南,2024-06-17,8884
4306,炎洲,104,32,72,國泰-台南,2024-06-17,8884
2867,三商壽,105,37,68,國泰-台南,2024-06-17,8884
2511,太子,60,0,60,國泰-台南,2024-06-17,8884
00720B,元大投資級公司債,55,3,52,國泰-台南,2024-06-17,8884
2886,兆豐金,53,6,47,國泰-台南,2024-06-17,8884
00640L,富邦日本正2,42,0,42,國泰-台南,2024-06-17,8884
1618,合機,181,139,42,國泰-台南,2024-06-17,8884
2367,燿華,74,34,40,國泰-台南,2024-06-17,8884
2061,風青,68,28,40,國泰-台南,2024-06-17,8884
2316,楠梓電,36,2,34,國泰-台南,2024-06-17,8884
3060,銘異,42,8,34,國泰-台南,2024-06-17,8884
5484,慧友,39,6,33,國泰-台南,2024-06-17,8884
00935,野村臺灣新科技50,33,1,32,國泰-台南,2024-06-17,8884
2537,聯上發,83,51,32,國泰-台南,2024-06-17,8884
8054,安國,56,24,32,國泰-台南,2024-06-17,8884
2438,翔耀,31,0,31,國泰-台南,2024-06-17,8884
6509,聚和,33,3,30,國泰-台南,2024-06-17,8884
2881,富邦金,37,8,29,國泰-台南,2024-06-17,8884
00641R,富邦日本反1,28,0,28,國泰-台南,2024-06-17,8884
1503,士電,72,46,26,國泰-台南,2024-06-17,8884
3296,勝德,31,5,26,國泰-台南,2024-06-17,8884
6449,鈺邦,31,5,26,國泰-台南,2024-06-17,8884
3312,弘憶股,30,5,25,國泰-台南,2024-06-17,8884
5443,均豪,38,14,24,國泰-台南,2024-06-17,8884
00896,中信綠能及電動車,24,0,24,國泰-台南,2024-06-17,8884
2610,華航,33,10,23,國泰-台南,2024-06-17,8884
8936,國統,30,7,23,國泰-台南,2024-06-17,8884
6182,合晶,22,0,22,國泰-台南,2024-06-17,8884
8277,商丞,29,7,22,國泰-台南,2024-06-17,8884
00673R,期元大S＆P原油反1,306,0,306,國泰-台南,2024-06-18,8884
00664R,國泰臺灣加權反1,246,0,246,國泰-台南,2024-06-18,8884
00948B,中信優息投資級債,245,8,237,國泰-台南,2024-06-18,8884
00918,大華優利高填息30,317,88,229,國泰-台南,2024-06-18,8884
00632R,元大台灣50反1,274,104,170,國泰-台南,2024-06-18,8884
1717,長興,152,0,152,國泰-台南,2024-06-18,8884
00936,台新永續高息中小,353,212,141,國泰-台南,2024-06-18,8884
3481,群創,283,145,138,國泰-台南,2024-06-18,8884
00915,凱基優選高股息30,156,22,134,國泰-台南,2024-06-18,8884
5457,宣德,133,11,122,國泰-台南,2024-06-18,8884
6190,萬泰科,121,12,109,國泰-台南,2024-06-18,8884
00687B,國泰20年美債,146,41,105,國泰-台南,2024-06-18,8884
6770,力積電,128,30,98,國泰-台南,2024-06-18,8884
00679B,元大美債20年,142,49,93,國泰-台南,2024-06-18,8884
00937B,群益ESG投等債20,224,135,89,國泰-台南,2024-06-18,8884
911868,同方友友-DR,82,0,82,國泰-台南,2024-06-18,8884
5443,均豪,121,49,72,國泰-台南,2024-06-18,8884
00688L,國泰20年美債正2,142,71,71,國泰-台南,2024-06-18,8884
2353,宏��,87,18,69,國泰-台南,2024-06-18,8884
2486,一詮,130,65,65,國泰-台南,2024-06-18,8884
00713,元大台灣高息低波,69,4,65,國泰-台南,2024-06-18,8884
3372,典範,174,116,58,國泰-台南,2024-06-18,8884
9105,泰金寶-DR,84,29,55,國泰-台南,2024-06-18,8884
8040,九暘,58,4,54,國泰-台南,2024-06-18,8884
8096,擎亞,243,190,53,國泰-台南,2024-06-18,8884
4526,東台,87,38,49,國泰-台南,2024-06-18,8884
00857B,永豐20年美公債,50,2,48,國泰-台南,2024-06-18,8884
6166,凌華,53,6,47,國泰-台南,2024-06-18,8884
2317,鴻海,94,52,42,國泰-台南,2024-06-18,8884
2303,聯電,92,51,41,國泰-台南,2024-06-18,8884
2538,基泰,41,0,41,國泰-台南,2024-06-18,8884
4532,瑞智,47,7,40,國泰-台南,2024-06-18,8884
00921,兆豐龍頭等權重,51,12,39,國泰-台南,2024-06-18,8884
00946,群益科技高息成長,44,5,39,國泰-台南,2024-06-18,8884
00947,台新臺灣IC設計,38,1,37,國泰-台南,2024-06-18,8884
2027,大成鋼,35,0,35,國泰-台南,2024-06-18,8884
2006,東和鋼鐵,34,0,34,國泰-台南,2024-06-18,8884
2390,云辰,32,0,32,國泰-台南,2024-06-18,8884
3622,洋華,117,86,31,國泰-台南,2024-06-18,8884
6152,百一,34,4,30,國泰-台南,2024-06-18,8884
00942B,台新美A公司債20+,29,0,29,國泰-台南,2024-06-18,8884
00934,中信成長高股息,40,13,27,國泰-台南,2024-06-18,8884
3673,TPK-KY,35,8,27,國泰-台南,2024-06-18,8884
00720B,元大投資級公司債,29,5,24,國泰-台南,2024-06-18,8884
4164,承業醫,25,1,24,國泰-台南,2024-06-18,8884
2464,盟立,37,13,24,國泰-台南,2024-06-18,8884
2615,萬海,143,120,23,國泰-台南,2024-06-18,8884
1802,台玻,130,107,23,國泰-台南,2024-06-18,8884
1524,耿鼎,23,1,22,國泰-台南,2024-06-18,8884
3209,全科,24,2,22,國泰-台南,2024-06-18,8884
00712,復華富時不動產,525,175,350,國泰-台南,2024-06-19,8884
00664R,國泰臺灣加權反1,305,0,305,國泰-台南,2024-06-19,8884
00936,台新永續高息中小,272,16,256,國泰-台南,2024-06-19,8884
9105,泰金寶-DR,247,19,228,國泰-台南,2024-06-19,8884
1709,和益,139,1,138,國泰-台南,2024-06-19,8884
00673R,期元大S＆P原油反1,133,10,123,國泰-台南,2024-06-19,8884
00713,元大台灣高息低波,145,47,98,國泰-台南,2024-06-19,8884
00946,群益科技高息成長,137,39,98,國泰-台南,2024-06-19,8884
2867,三商壽,98,3,95,國泰-台南,2024-06-19,8884
2303,聯電,143,53,90,國泰-台南,2024-06-19,8884
6770,力積電,111,26,85,國泰-台南,2024-06-19,8884
3372,典範,93,10,83,國泰-台南,2024-06-19,8884
00722B,群益投資級電信債,100,21,79,國泰-台南,2024-06-19,8884
3060,銘異,103,29,74,國泰-台南,2024-06-19,8884
4973,廣穎,68,6,62,國泰-台南,2024-06-19,8884
2344,華邦電,324,264,60,國泰-台南,2024-06-19,8884
2337,旺宏,84,25,59,國泰-台南,2024-06-19,8884
00650L,復華香港正2,58,0,58,國泰-台南,2024-06-19,8884
00945B,凱基美國非投等債,50,0,50,國泰-台南,2024-06-19,8884
5202,力新,62,12,50,國泰-台南,2024-06-19,8884
00680L,元大美債20正2,69,20,49,國泰-台南,2024-06-19,8884
6207,雷科,62,16,46,國泰-台南,2024-06-19,8884
912000,晨訊科-DR,73,27,46,國泰-台南,2024-06-19,8884
006208,富邦台50,85,39,46,國泰-台南,2024-06-19,8884
2353,宏��,51,12,39,國泰-台南,2024-06-19,8884
00947,台新臺灣IC設計,44,7,37,國泰-台南,2024-06-19,8884
4956,光鋐,59,23,36,國泰-台南,2024-06-19,8884
6140,訊達,52,17,35,國泰-台南,2024-06-19,8884
2330,台積電,65,30,35,國泰-台南,2024-06-19,8884
2017,官田鋼,32,0,32,國泰-台南,2024-06-19,8884
2354,鴻準,51,21,30,國泰-台南,2024-06-19,8884
1514,亞力,103,75,28,國泰-台南,2024-06-19,8884
3081,聯亞,48,21,27,國泰-台南,2024-06-19,8884
4967,十銓,65,38,27,國泰-台南,2024-06-19,8884
00933B,國泰10Y+金融債,38,13,25,國泰-台南,2024-06-19,8884
00948B,中信優息投資級債,27,2,25,國泰-台南,2024-06-19,8884
2605,新興,24,1,23,國泰-台南,2024-06-19,8884
2888,新光金,205,182,23,國泰-台南,2024-06-19,8884
6125,廣運,56,34,22,國泰-台南,2024-06-19,8884
1303,南亞,25,3,22,國泰-台南,2024-06-19,8884
00904,新光臺灣半導體30,22,0,22,國泰-台南,2024-06-19,8884
6288,聯嘉,21,0,21,國泰-台南,2024-06-19,8884
3209,全科,20,0,20,國泰-台南,2024-06-19,8884
3168,眾福科,20,0,20,國泰-台南,2024-06-19,8884
00675L,富邦臺灣加權正2,25,5,20,國泰-台南,2024-06-19,8884
00757,統一FANG+,20,0,20,國泰-台南,2024-06-19,8884
8096,擎亞,205,186,19,國泰-台南,2024-06-19,8884
1301,台塑,19,0,19,國泰-台南,2024-06-19,8884
2537,聯上發,54,35,19,國泰-台南,2024-06-19,8884
1316,上曜,23,4,19,國泰-台南,2024-06-19,8884
00687B,國泰20年美債,452,59,393,國泰-台南,2024-06-20,8884
00919,群益台灣精選高息,620,304,316,國泰-台南,2024-06-20,8884
00937B,群益ESG投等債20,401,128,273,國泰-台南,2024-06-20,8884
00665L,富邦�琤肭磪囓�2,592,325,267,國泰-台南,2024-06-20,8884
00632R,元大台灣50反1,231,28,203,國泰-台南,2024-06-20,8884
00881,國泰台灣5G+,224,30,194,國泰-台南,2024-06-20,8884
00933B,國泰10Y+金融債,174,1,173,國泰-台南,2024-06-20,8884
00948B,中信優息投資級債,175,4,171,國泰-台南,2024-06-20,8884
00936,台新永續高息中小,182,16,166,國泰-台南,2024-06-20,8884
00940,元大台灣價值高息,295,137,158,國泰-台南,2024-06-20,8884
00946,群益科技高息成長,193,42,151,國泰-台南,2024-06-20,8884
1216,統一,148,0,148,國泰-台南,2024-06-20,8884
00680L,元大美債20正2,135,0,135,國泰-台南,2024-06-20,8884
00915,凱基優選高股息30,123,3,120,國泰-台南,2024-06-20,8884
2610,華航,119,11,108,國泰-台南,2024-06-20,8884
3652,精聯,100,4,96,國泰-台南,2024-06-20,8884
3048,益登,145,75,70,國泰-台南,2024-06-20,8884
2353,宏��,102,35,67,國泰-台南,2024-06-20,8884
2329,華泰,73,8,65,國泰-台南,2024-06-20,8884
2618,長榮航,109,50,59,國泰-台南,2024-06-20,8884
2330,台積電,72,16,56,國泰-台南,2024-06-20,8884
2363,矽統,84,33,51,國泰-台南,2024-06-20,8884
3706,神達,54,10,44,國泰-台南,2024-06-20,8884
3297,杭特,45,1,44,國泰-台南,2024-06-20,8884
4114,健喬,43,0,43,國泰-台南,2024-06-20,8884
2324,仁寶,55,14,41,國泰-台南,2024-06-20,8884
4562,穎漢,116,77,39,國泰-台南,2024-06-20,8884
8277,商丞,109,70,39,國泰-台南,2024-06-20,8884
8354,冠好,41,3,38,國泰-台南,2024-06-20,8884
2312,金寶,62,27,35,國泰-台南,2024-06-20,8884
00947,台新臺灣IC設計,44,12,32,國泰-台南,2024-06-20,8884
4306,炎洲,43,11,32,國泰-台南,2024-06-20,8884
00935,野村臺灣新科技50,40,8,32,國泰-台南,2024-06-20,8884
8105,凌巨,63,32,31,國泰-台南,2024-06-20,8884
6182,合晶,43,13,30,國泰-台南,2024-06-20,8884
4915,致伸,39,10,29,國泰-台南,2024-06-20,8884
00713,元大台灣高息低波,59,32,27,國泰-台南,2024-06-20,8884
4720,德淵,26,0,26,國泰-台南,2024-06-20,8884
2438,翔耀,31,5,26,國泰-台南,2024-06-20,8884
1605,華新,25,3,22,國泰-台南,2024-06-20,8884
2392,正崴,60,39,21,國泰-台南,2024-06-20,8884
00772B,中信高評級公司債,20,0,20,國泰-台南,2024-06-20,8884
6118,建達,23,3,20,國泰-台南,2024-06-20,8884
4726,永昕,24,4,20,國泰-台南,2024-06-20,8884
00857B,永豐20年美公債,22,4,18,國泰-台南,2024-06-20,8884
8112,至上,18,0,18,國泰-台南,2024-06-20,8884
3306,鼎天,37,20,17,國泰-台南,2024-06-20,8884
6214,精誠,25,8,17,國泰-台南,2024-06-20,8884
00664R,國泰臺灣加權反1,17,0,17,國泰-台南,2024-06-20,8884
5443,均豪,31,14,17,國泰-台南,2024-06-20,8884
00937B,群益ESG投等債20,1058,90,968,國泰-台南,2024-06-21,8884
00919,群益台灣精選高息,1103,525,578,國泰-台南,2024-06-21,8884
00948B,中信優息投資級債,207,4,203,國泰-台南,2024-06-21,8884
00922,國泰台灣領袖50,201,4,197,國泰-台南,2024-06-21,8884
2317,鴻海,230,80,150,國泰-台南,2024-06-21,8884
00936,台新永續高息中小,155,6,149,國泰-台南,2024-06-21,8884
00665L,富邦�琤肭磪囓�2,450,318,132,國泰-台南,2024-06-21,8884
1737,臺鹽,111,0,111,國泰-台南,2024-06-21,8884
00946,群益科技高息成長,123,14,109,國泰-台南,2024-06-21,8884
00933B,國泰10Y+金融債,102,3,99,國泰-台南,2024-06-21,8884
3652,精聯,100,7,93,國泰-台南,2024-06-21,8884
2409,友達,343,251,92,國泰-台南,2024-06-21,8884
00687B,國泰20年美債,146,54,92,國泰-台南,2024-06-21,8884
00637L,元大滬深300正2,97,7,90,國泰-台南,2024-06-21,8884
1314,中石化,125,45,80,國泰-台南,2024-06-21,8884
00942B,台新美A公司債20+,76,0,76,國泰-台南,2024-06-21,8884
6598,ABC-KY,76,1,75,國泰-台南,2024-06-21,8884
00632R,元大台灣50反1,114,43,71,國泰-台南,2024-06-21,8884
2520,冠德,71,0,71,國泰-台南,2024-06-21,8884
5905,南仁湖,70,0,70,國泰-台南,2024-06-21,8884
2365,昆盈,137,75,62,國泰-台南,2024-06-21,8884
00907,永豐優息存股,58,0,58,國泰-台南,2024-06-21,8884
00673R,期元大S＆P原油反1,51,0,51,國泰-台南,2024-06-21,8884
3305,昇貿,98,50,48,國泰-台南,2024-06-21,8884
2615,萬海,450,407,43,國泰-台南,2024-06-21,8884
00929,復華台灣科技優息,455,414,41,國泰-台南,2024-06-21,8884
2441,超豐,50,16,34,國泰-台南,2024-06-21,8884
2330,台積電,67,33,34,國泰-台南,2024-06-21,8884
00650L,復華香港正2,46,13,33,國泰-台南,2024-06-21,8884
00713,元大台灣高息低波,41,9,32,國泰-台南,2024-06-21,8884
2324,仁寶,35,4,31,國泰-台南,2024-06-21,8884
2501,國建,32,2,30,國泰-台南,2024-06-21,8884
2886,兆豐金,37,8,29,國泰-台南,2024-06-21,8884
2537,聯上發,39,10,29,國泰-台南,2024-06-21,8884
6216,居易,33,5,28,國泰-台南,2024-06-21,8884
1440,南紡,28,1,27,國泰-台南,2024-06-21,8884
00751B,元大AAA至A公司債,33,6,27,國泰-台南,2024-06-21,8884
00902,中信電池及儲能,26,0,26,國泰-台南,2024-06-21,8884
6282,康舒,28,2,26,國泰-台南,2024-06-21,8884
2329,華泰,66,41,25,國泰-台南,2024-06-21,8884
3622,洋華,30,5,25,國泰-台南,2024-06-21,8884
2634,漢翔,25,0,25,國泰-台南,2024-06-21,8884
1301,台塑,28,4,24,國泰-台南,2024-06-21,8884
00753L,中信中國50正2,24,0,24,國泰-台南,2024-06-21,8884
00878,國泰永續高股息,75,52,23,國泰-台南,2024-06-21,8884
00915,凱基優選高股息30,37,14,23,國泰-台南,2024-06-21,8884
2609,陽明,337,314,23,國泰-台南,2024-06-21,8884
00881,國泰台灣5G+,230,208,22,國泰-台南,2024-06-21,8884
2597,潤弘,22,0,22,國泰-台南,2024-06-21,8884
2489,瑞軒,95,73,22,國泰-台南,2024-06-21,8884
3481,群創,1567,779,788,國泰-台南,2024-06-24,8884
00940,元大台灣價值高息,905,300,605,國泰-台南,2024-06-24,8884
00929,復華台灣科技優息,766,304,462,國泰-台南,2024-06-24,8884
00919,群益台灣精選高息,964,644,320,國泰-台南,2024-06-24,8884
00936,台新永續高息中小,301,0,301,國泰-台南,2024-06-24,8884
00937B,群益ESG投等債20,292,12,280,國泰-台南,2024-06-24,8884
1314,中石化,296,42,254,國泰-台南,2024-06-24,8884
00632R,元大台灣50反1,496,309,187,國泰-台南,2024-06-24,8884
00878,國泰永續高股息,285,125,160,國泰-台南,2024-06-24,8884
3663,鑫科,131,11,120,國泰-台南,2024-06-24,8884
0056,元大高股息,159,43,116,國泰-台南,2024-06-24,8884
1737,臺鹽,105,1,104,國泰-台南,2024-06-24,8884
00946,群益科技高息成長,119,23,96,國泰-台南,2024-06-24,8884
00948B,中信優息投資級債,104,10,94,國泰-台南,2024-06-24,8884
6173,信昌電,117,35,82,國泰-台南,2024-06-24,8884
3047,訊舟,190,108,82,國泰-台南,2024-06-24,8884
3062,建漢,661,580,81,國泰-台南,2024-06-24,8884
2303,聯電,119,40,79,國泰-台南,2024-06-24,8884
3498,陽程,221,143,78,國泰-台南,2024-06-24,8884
00665L,富邦�琤肭磪囓�2,775,700,75,國泰-台南,2024-06-24,8884
00918,大華優利高填息30,93,26,67,國泰-台南,2024-06-24,8884
00923,群益台ESG低碳50,73,9,64,國泰-台南,2024-06-24,8884
4157,太景*-KY,61,0,61,國泰-台南,2024-06-24,8884
00927,群益半導體收益,64,6,58,國泰-台南,2024-06-24,8884
1101,台泥,61,4,57,國泰-台南,2024-06-24,8884
3490,單井,64,7,57,國泰-台南,2024-06-24,8884
00891,中信關鍵半導體,56,0,56,國泰-台南,2024-06-24,8884
00673R,期元大S＆P原油反1,55,0,55,國泰-台南,2024-06-24,8884
3305,昇貿,66,14,52,國泰-台南,2024-06-24,8884
00722B,群益投資級電信債,52,1,51,國泰-台南,2024-06-24,8884
00720B,元大投資級公司債,52,2,50,國泰-台南,2024-06-24,8884
2061,風青,101,52,49,國泰-台南,2024-06-24,8884
1217,愛之味,52,4,48,國泰-台南,2024-06-24,8884
00675L,富邦臺灣加權正2,67,20,47,國泰-台南,2024-06-24,8884
4956,光鋐,66,21,45,國泰-台南,2024-06-24,8884
2464,盟立,144,100,44,國泰-台南,2024-06-24,8884
2353,宏��,55,11,44,國泰-台南,2024-06-24,8884
2355,敬鵬,62,18,44,國泰-台南,2024-06-24,8884
2330,台積電,88,45,43,國泰-台南,2024-06-24,8884
00905,FT臺灣Smart,43,0,43,國泰-台南,2024-06-24,8884
2897,王道銀行,43,1,42,國泰-台南,2024-06-24,8884
2316,楠梓電,93,51,42,國泰-台南,2024-06-24,8884
3149,正達,66,25,41,國泰-台南,2024-06-24,8884
00935,野村臺灣新科技50,40,0,40,國泰-台南,2024-06-24,8884
1503,士電,65,27,38,國泰-台南,2024-06-24,8884
00939,統一台灣高息動能,43,7,36,國泰-台南,2024-06-24,8884
2409,友達,106,70,36,國泰-台南,2024-06-24,8884
2347,聯強,47,12,35,國泰-台南,2024-06-24,8884
6152,百一,35,0,35,國泰-台南,2024-06-24,8884
9919,康那香,42,7,35,國泰-台南,2024-06-24,8884
00929,復華台灣科技優息,1010,146,864,國泰-台南,2024-06-25,8884
00712,復華富時不動產,611,52,559,國泰-台南,2024-06-25,8884
00936,台新永續高息中小,415,11,404,國泰-台南,2024-06-25,8884
3481,群創,471,187,284,國泰-台南,2024-06-25,8884
1605,華新,208,2,206,國泰-台南,2024-06-25,8884
00919,群益台灣精選高息,420,215,205,國泰-台南,2024-06-25,8884
00881,國泰台灣5G+,155,12,143,國泰-台南,2024-06-25,8884
00948B,中信優息投資級債,169,28,141,國泰-台南,2024-06-25,8884
8110,華東,184,43,141,國泰-台南,2024-06-25,8884
00665L,富邦�琤肭磪囓�2,140,6,134,國泰-台南,2024-06-25,8884
2641,正德,130,4,126,國泰-台南,2024-06-25,8884
3652,精聯,137,22,115,國泰-台南,2024-06-25,8884
5608,四維航,100,0,100,國泰-台南,2024-06-25,8884
2344,華邦電,102,3,99,國泰-台南,2024-06-25,8884
00942B,台新美A公司債20+,101,6,95,國泰-台南,2024-06-25,8884
00946,群益科技高息成長,116,24,92,國泰-台南,2024-06-25,8884
1815,富喬,116,30,86,國泰-台南,2024-06-25,8884
5452,佶優,284,205,79,國泰-台南,2024-06-25,8884
00933B,國泰10Y+金融債,74,6,68,國泰-台南,2024-06-25,8884
00878,國泰永續高股息,104,50,54,國泰-台南,2024-06-25,8884
2542,興富發,61,12,49,國泰-台南,2024-06-25,8884
2014,中鴻,47,0,47,國泰-台南,2024-06-25,8884
00722B,群益投資級電信債,50,3,47,國泰-台南,2024-06-25,8884
3093,港建*,48,2,46,國泰-台南,2024-06-25,8884
5206,坤悅,45,0,45,國泰-台南,2024-06-25,8884
00687B,國泰20年美債,92,49,43,國泰-台南,2024-06-25,8884
2867,三商壽,51,13,38,國泰-台南,2024-06-25,8884
3580,友威科,138,100,38,國泰-台南,2024-06-25,8884
00713,元大台灣高息低波,41,3,38,國泰-台南,2024-06-25,8884
2317,鴻海,122,85,37,國泰-台南,2024-06-25,8884
3231,緯創,57,21,36,國泰-台南,2024-06-25,8884
2834,臺企銀,69,36,33,國泰-台南,2024-06-25,8884
1301,台塑,38,5,33,國泰-台南,2024-06-25,8884
2464,盟立,125,94,31,國泰-台南,2024-06-25,8884
2401,凌陽,55,24,31,國泰-台南,2024-06-25,8884
00944,野村趨勢動能高息,31,1,30,國泰-台南,2024-06-25,8884
00632R,元大台灣50反1,299,269,30,國泰-台南,2024-06-25,8884
6770,力積電,63,34,29,國泰-台南,2024-06-25,8884
3037,欣興,30,2,28,國泰-台南,2024-06-25,8884
2449,京元電子,100,71,29,國泰-台南,2024-06-25,8884
6125,廣運,42,14,28,國泰-台南,2024-06-25,8884
3090,日電貿,29,1,28,國泰-台南,2024-06-25,8884
2002,中鋼,32,4,28,國泰-台南,2024-06-25,8884
3498,陽程,32,5,27,國泰-台南,2024-06-25,8884
3581,博磊,45,19,26,國泰-台南,2024-06-25,8884
8906,花王,25,0,25,國泰-台南,2024-06-25,8884
00673R,期元大S＆P原油反1,25,0,25,國泰-台南,2024-06-25,8884
2377,微星,24,0,24,國泰-台南,2024-06-25,8884
1517,利奇,23,0,23,國泰-台南,2024-06-25,8884
6869,雲豹能源,131,108,23,國泰-台南,2024-06-25,8884
00712,復華富時不動產,555,31,524,國泰-台南,2024-06-26,8884
00632R,元大台灣50反1,506,215,291,國泰-台南,2024-06-26,8884
00936,台新永續高息中小,275,20,255,國泰-台南,2024-06-26,8884
00919,群益台灣精選高息,203,51,152,國泰-台南,2024-06-26,8884
00937B,群益ESG投等債20,249,102,147,國泰-台南,2024-06-26,8884
1314,中石化,271,129,142,國泰-台南,2024-06-26,8884
00687B,國泰20年美債,179,37,142,國泰-台南,2024-06-26,8884
00713,元大台灣高息低波,103,5,98,國泰-台南,2024-06-26,8884
2002,中鋼,104,10,94,國泰-台南,2024-06-26,8884
2609,陽明,131,50,81,國泰-台南,2024-06-26,8884
2303,聯電,85,6,79,國泰-台南,2024-06-26,8884
5452,佶優,140,74,66,國泰-台南,2024-06-26,8884
2885,元大金,78,13,65,國泰-台南,2024-06-26,8884
2834,臺企銀,69,7,62,國泰-台南,2024-06-26,8884
00673R,期元大S＆P原油反1,58,1,57,國泰-台南,2024-06-26,8884
3481,群創,297,241,56,國泰-台南,2024-06-26,8884
2537,聯上發,68,15,53,國泰-台南,2024-06-26,8884
2891,中信金,375,323,52,國泰-台南,2024-06-26,8884
00680L,元大美債20正2,65,15,50,國泰-台南,2024-06-26,8884
0056,元大高股息,78,29,49,國泰-台南,2024-06-26,8884
2317,鴻海,152,105,47,國泰-台南,2024-06-26,8884
2882,國泰金,60,14,46,國泰-台南,2024-06-26,8884
2516,新建,46,0,46,國泰-台南,2024-06-26,8884
00881,國泰台灣5G+,141,96,45,國泰-台南,2024-06-26,8884
2615,萬海,158,115,43,國泰-台南,2024-06-26,8884
2501,國建,45,4,41,國泰-台南,2024-06-26,8884
2603,長榮,58,21,37,國泰-台南,2024-06-26,8884
5230,雷笛克光學,61,25,36,國泰-台南,2024-06-26,8884
5371,中光電,40,5,35,國泰-台南,2024-06-26,8884
00948B,中信優息投資級債,52,18,34,國泰-台南,2024-06-26,8884
5210,寶碩,34,0,34,國泰-台南,2024-06-26,8884
1785,光洋科,163,129,34,國泰-台南,2024-06-26,8884
00933B,國泰10Y+金融債,42,8,34,國泰-台南,2024-06-26,8884
3231,緯創,44,11,33,國泰-台南,2024-06-26,8884
4114,健喬,42,8,34,國泰-台南,2024-06-26,8884
00946,群益科技高息成長,40,7,33,國泰-台南,2024-06-26,8884
2401,凌陽,62,29,33,國泰-台南,2024-06-26,8884
8277,商丞,41,8,33,國泰-台南,2024-06-26,8884
3062,建漢,79,47,32,國泰-台南,2024-06-26,8884
2352,佳世達,46,15,31,國泰-台南,2024-06-26,8884
00751B,元大AAA至A公司債,30,0,30,國泰-台南,2024-06-26,8884
3209,全科,30,0,30,國泰-台南,2024-06-26,8884
4414,如興,30,0,30,國泰-台南,2024-06-26,8884
5009,榮剛,34,5,29,國泰-台南,2024-06-26,8884
6104,創惟,30,1,29,國泰-台南,2024-06-26,8884
6788,華景電,30,1,29,國泰-台南,2024-06-26,8884
1709,和益,37,9,28,國泰-台南,2024-06-26,8884
5202,力新,51,23,28,國泰-台南,2024-06-26,8884
2409,友達,60,33,27,國泰-台南,2024-06-26,8884
1101,台泥,46,19,27,國泰-台南,2024-06-26,8884
00937B,群益ESG投等債20,938,134,804,國泰-台南,2024-06-27,8884
00712,復華富時不動產,366,11,355,國泰-台南,2024-06-27,8884
00929,復華台灣科技優息,519,171,348,國泰-台南,2024-06-27,8884
00936,台新永續高息中小,266,4,262,國泰-台南,2024-06-27,8884
00687B,國泰20年美債,251,2,249,國泰-台南,2024-06-27,8884
00948B,中信優息投資級債,255,6,249,國泰-台南,2024-06-27,8884
2885,元大金,535,324,211,國泰-台南,2024-06-27,8884
2883,凱基金,169,15,154,國泰-台南,2024-06-27,8884
00680L,元大美債20正2,298,151,147,國泰-台南,2024-06-27,8884
2489,瑞軒,154,34,120,國泰-台南,2024-06-27,8884
00919,群益台灣精選高息,152,63,89,國泰-台南,2024-06-27,8884
4167,松瑞藥,339,253,86,國泰-台南,2024-06-27,8884
00942B,台新美A公司債20+,87,1,86,國泰-台南,2024-06-27,8884
3481,群創,193,108,85,國泰-台南,2024-06-27,8884
00679B,元大美債20年,93,9,84,國泰-台南,2024-06-27,8884
5608,四維航,81,2,79,國泰-台南,2024-06-27,8884
1809,中釉,83,4,79,國泰-台南,2024-06-27,8884
00673R,期元大S＆P原油反1,80,2,78,國泰-台南,2024-06-27,8884
00688L,國泰20年美債正2,89,15,74,國泰-台南,2024-06-27,8884
00933B,國泰10Y+金融債,75,9,66,國泰-台南,2024-06-27,8884
3047,訊舟,332,273,59,國泰-台南,2024-06-27,8884
1709,和益,134,75,59,國泰-台南,2024-06-27,8884
1785,光洋科,96,40,56,國泰-台南,2024-06-27,8884
2201,裕隆,58,2,56,國泰-台南,2024-06-27,8884
00722B,群益投資級電信債,54,0,54,國泰-台南,2024-06-27,8884
3663,鑫科,113,58,55,國泰-台南,2024-06-27,8884
00878,國泰永續高股息,109,57,52,國泰-台南,2024-06-27,8884
3666,光耀,57,9,48,國泰-台南,2024-06-27,8884
4414,如興,48,0,48,國泰-台南,2024-06-27,8884
0056,元大高股息,54,7,47,國泰-台南,2024-06-27,8884
00713,元大台灣高息低波,51,5,46,國泰-台南,2024-06-27,8884
00939,統一台灣高息動能,63,19,44,國泰-台南,2024-06-27,8884
2882,國泰金,66,22,44,國泰-台南,2024-06-27,8884
00946,群益科技高息成長,54,12,42,國泰-台南,2024-06-27,8884
3712,永崴投控,122,81,41,國泰-台南,2024-06-27,8884
00918,大華優利高填息30,45,4,41,國泰-台南,2024-06-27,8884
3083,網龍,46,7,39,國泰-台南,2024-06-27,8884
8064,東捷,101,66,35,國泰-台南,2024-06-27,8884
9105,泰金寶-DR,108,74,34,國泰-台南,2024-06-27,8884
00882,中信中國高股息,132,102,30,國泰-台南,2024-06-27,8884
2641,正德,31,1,30,國泰-台南,2024-06-27,8884
2867,三商壽,41,12,29,國泰-台南,2024-06-27,8884
9904,寶成,61,33,28,國泰-台南,2024-06-27,8884
2374,佳能,32,4,28,國泰-台南,2024-06-27,8884
2338,光罩,28,1,27,國泰-台南,2024-06-27,8884
912000,晨訊科-DR,26,0,26,國泰-台南,2024-06-27,8884
2906,高林,29,4,25,國泰-台南,2024-06-27,8884
3062,建漢,97,73,24,國泰-台南,2024-06-27,8884
5243,乙盛-KY,54,30,24,國泰-台南,2024-06-27,8884
2352,佳世達,31,8,23,國泰-台南,2024-06-27,8884
00687B,國泰20年美債,464,43,421,國泰-台南,2024-06-28,8884
00929,復華台灣科技優息,364,25,339,國泰-台南,2024-06-28,8884
00632R,元大台灣50反1,317,0,317,國泰-台南,2024-06-28,8884
00936,台新永續高息中小,318,35,283,國泰-台南,2024-06-28,8884
00937B,群益ESG投等債20,266,68,198,國泰-台南,2024-06-28,8884
6477,安集,227,45,182,國泰-台南,2024-06-28,8884
00673R,期元大S＆P原油反1,162,0,162,國泰-台南,2024-06-28,8884
00720B,元大投資級公司債,122,11,111,國泰-台南,2024-06-28,8884
3576,聯合再生,288,192,96,國泰-台南,2024-06-28,8884
00679B,元大美債20年,111,15,96,國泰-台南,2024-06-28,8884
00712,復華富時不動產,89,7,82,國泰-台南,2024-06-28,8884
8071,能率網通,87,8,79,國泰-台南,2024-06-28,8884
8105,凌巨,104,42,62,國泰-台南,2024-06-28,8884
2618,長榮航,224,164,60,國泰-台南,2024-06-28,8884
1737,臺鹽,55,0,55,國泰-台南,2024-06-28,8884
00919,群益台灣精選高息,150,96,54,國泰-台南,2024-06-28,8884
4402,郡都開發,54,0,54,國泰-台南,2024-06-28,8884
4720,德淵,54,0,54,國泰-台南,2024-06-28,8884
2303,聯電,131,78,53,國泰-台南,2024-06-28,8884
5230,雷笛克光學,62,13,49,國泰-台南,2024-06-28,8884
00686R,群益臺灣加權反1,48,0,48,國泰-台南,2024-06-28,8884
2417,圓剛,74,31,43,國泰-台南,2024-06-28,8884
6182,合晶,44,1,43,國泰-台南,2024-06-28,8884
2406,國碩,317,275,42,國泰-台南,2024-06-28,8884
3083,網龍,55,14,41,國泰-台南,2024-06-28,8884
2201,裕隆,40,1,39,國泰-台南,2024-06-28,8884
00948B,中信優息投資級債,36,2,34,國泰-台南,2024-06-28,8884
2352,佳世達,43,11,32,國泰-台南,2024-06-28,8884
3663,鑫科,86,55,31,國泰-台南,2024-06-28,8884
4934,太極,41,10,31,國泰-台南,2024-06-28,8884
4157,太景*-KY,31,0,31,國泰-台南,2024-06-28,8884
00713,元大台灣高息低波,31,3,28,國泰-台南,2024-06-28,8884
5299,杰力,28,0,28,國泰-台南,2024-06-28,8884
0056,元大高股息,46,18,28,國泰-台南,2024-06-28,8884
2885,元大金,34,6,28,國泰-台南,2024-06-28,8884
2023,燁輝,27,0,27,國泰-台南,2024-06-28,8884
3024,憶聲,31,4,27,國泰-台南,2024-06-28,8884
00946,群益科技高息成長,37,10,27,國泰-台南,2024-06-28,8884
9919,康那香,27,1,26,國泰-台南,2024-06-28,8884
00722B,群益投資級電信債,26,1,25,國泰-台南,2024-06-28,8884
2301,光寶科,29,4,25,國泰-台南,2024-06-28,8884
2609,陽明,98,75,23,國泰-台南,2024-06-28,8884
2542,興富發,40,18,22,國泰-台南,2024-06-28,8884
9943,好樂迪,22,0,22,國泰-台南,2024-06-28,8884
1213,大飲,22,0,22,國泰-台南,2024-06-28,8884
2313,華通,64,42,22,國泰-台南,2024-06-28,8884
8234,新漢,36,15,21,國泰-台南,2024-06-28,8884
2332,友訊,20,0,20,國泰-台南,2024-06-28,8884
8027,鈦昇,33,14,19,國泰-台南,2024-06-28,8884
2509,全坤建,18,0,18,國泰-台南,2024-06-28,8884
00937B,群益ESG投等債20,890,44,846,國泰-台南,2024-07-01,8884
00929,復華台灣科技優息,917,200,717,國泰-台南,2024-07-01,8884
00680L,元大美債20正2,530,11,519,國泰-台南,2024-07-01,8884
00948B,中信優息投資級債,416,0,416,國泰-台南,2024-07-01,8884
00687B,國泰20年美債,489,145,344,國泰-台南,2024-07-01,8884
2883,凱基金,349,24,325,國泰-台南,2024-07-01,8884
00688L,國泰20年美債正2,214,3,211,國泰-台南,2024-07-01,8884
00933B,國泰10Y+金融債,232,23,209,國泰-台南,2024-07-01,8884
00679B,元大美債20年,207,14,193,國泰-台南,2024-07-01,8884
00712,復華富時不動產,167,16,151,國泰-台南,2024-07-01,8884
00942B,台新美A公司債20+,149,2,147,國泰-台南,2024-07-01,8884
00936,台新永續高息中小,175,48,127,國泰-台南,2024-07-01,8884
1216,統一,126,0,126,國泰-台南,2024-07-01,8884
00720B,元大投資級公司債,135,10,125,國泰-台南,2024-07-01,8884
2349,錸德,160,41,119,國泰-台南,2024-07-01,8884
0056,元大高股息,122,22,100,國泰-台南,2024-07-01,8884
00753L,中信中國50正2,97,0,97,國泰-台南,2024-07-01,8884
3615,安可,122,28,94,國泰-台南,2024-07-01,8884
6698,旭暉應材,132,52,80,國泰-台南,2024-07-01,8884
00632R,元大台灣50反1,88,22,66,國泰-台南,2024-07-01,8884
2367,燿華,88,28,60,國泰-台南,2024-07-01,8884
2882,國泰金,80,21,59,國泰-台南,2024-07-01,8884
2323,中環,58,1,57,國泰-台南,2024-07-01,8884
00882,中信中國高股息,58,1,57,國泰-台南,2024-07-01,8884
6189,豐藝,89,33,56,國泰-台南,2024-07-01,8884
00751B,元大AAA至A公司債,57,2,55,國泰-台南,2024-07-01,8884
2609,陽明,116,62,54,國泰-台南,2024-07-01,8884
911868,同方友友-DR,50,1,49,國泰-台南,2024-07-01,8884
00650L,復華香港正2,47,0,47,國泰-台南,2024-07-01,8884
00772B,中信高評級公司債,44,2,42,國泰-台南,2024-07-01,8884
2337,旺宏,60,19,41,國泰-台南,2024-07-01,8884
6188,廣明,142,102,40,國泰-台南,2024-07-01,8884
2313,華通,115,77,38,國泰-台南,2024-07-01,8884
8011,台通,39,2,37,國泰-台南,2024-07-01,8884
2537,聯上發,75,39,36,國泰-台南,2024-07-01,8884
2359,所羅門,158,122,36,國泰-台南,2024-07-01,8884
9904,寶成,40,5,35,國泰-台南,2024-07-01,8884
00949,復華日本龍頭,38,3,35,國泰-台南,2024-07-01,8884
1303,南亞,37,4,33,國泰-台南,2024-07-01,8884
1737,臺鹽,32,0,32,國泰-台南,2024-07-01,8884
2352,佳世達,53,22,31,國泰-台南,2024-07-01,8884
3060,銘異,50,19,31,國泰-台南,2024-07-01,8884
3057,喬鼎,41,11,30,國泰-台南,2024-07-01,8884
1815,富喬,119,90,29,國泰-台南,2024-07-01,8884
2023,燁輝,28,0,28,國泰-台南,2024-07-01,8884
2374,佳能,51,24,27,國泰-台南,2024-07-01,8884
8084,巨虹,27,1,26,國泰-台南,2024-07-01,8884
3338,泰碩,26,1,25,國泰-台南,2024-07-01,8884
5243,乙盛-KY,31,7,24,國泰-台南,2024-07-01,8884
2340,台亞,25,2,23,國泰-台南,2024-07-01,8884
00929,復華台灣科技優息,1363,474,889,國泰-台南,2024-07-02,8884
00673R,期元大S＆P原油反1,795,40,755,國泰-台南,2024-07-02,8884
00934,中信成長高股息,856,140,716,國泰-台南,2024-07-02,8884
00680L,元大美債20正2,502,0,502,國泰-台南,2024-07-02,8884
00712,復華富時不動產,529,70,459,國泰-台南,2024-07-02,8884
00688L,國泰20年美債正2,398,2,396,國泰-台南,2024-07-02,8884
00937B,群益ESG投等債20,531,243,288,國泰-台南,2024-07-02,8884
00679B,元大美債20年,247,1,246,國泰-台南,2024-07-02,8884
2317,鴻海,268,29,239,國泰-台南,2024-07-02,8884
00948B,中信優息投資級債,235,2,233,國泰-台南,2024-07-02,8884
0056,元大高股息,241,10,231,國泰-台南,2024-07-02,8884
00936,台新永續高息中小,336,114,222,國泰-台南,2024-07-02,8884
2303,聯電,310,122,188,國泰-台南,2024-07-02,8884
00632R,元大台灣50反1,422,238,184,國泰-台南,2024-07-02,8884
00946,群益科技高息成長,157,3,154,國泰-台南,2024-07-02,8884
9105,泰金寶-DR,207,84,123,國泰-台南,2024-07-02,8884
2369,菱生,114,1,113,國泰-台南,2024-07-02,8884
00919,群益台灣精選高息,250,142,108,國泰-台南,2024-07-02,8884
1314,中石化,223,123,100,國泰-台南,2024-07-02,8884
2615,萬海,124,26,98,國泰-台南,2024-07-02,8884
2838,聯邦銀,80,4,76,國泰-台南,2024-07-02,8884
2002,中鋼,79,4,75,國泰-台南,2024-07-02,8884
2641,正德,80,6,74,國泰-台南,2024-07-02,8884
00927,群益半導體收益,69,0,69,國泰-台南,2024-07-02,8884
2449,京元電子,94,28,66,國泰-台南,2024-07-02,8884
3702,大聯大,79,14,65,國泰-台南,2024-07-02,8884
5608,四維航,76,11,65,國泰-台南,2024-07-02,8884
00918,大華優利高填息30,64,3,61,國泰-台南,2024-07-02,8884
00949,復華日本龍頭,60,0,60,國泰-台南,2024-07-02,8884
3492,長盛,51,1,50,國泰-台南,2024-07-02,8884
2509,全坤建,48,0,48,國泰-台南,2024-07-02,8884
2402,毅嘉,94,47,47,國泰-台南,2024-07-02,8884
1737,臺鹽,47,1,46,國泰-台南,2024-07-02,8884
00942B,台新美A公司債20+,47,2,45,國泰-台南,2024-07-02,8884
00725B,國泰投資級公司債,42,0,42,國泰-台南,2024-07-02,8884
1785,光洋科,94,53,41,國泰-台南,2024-07-02,8884
00687B,國泰20年美債,257,218,39,國泰-台南,2024-07-02,8884
1301,台塑,41,3,38,國泰-台南,2024-07-02,8884
1326,台化,41,4,37,國泰-台南,2024-07-02,8884
2913,農林,60,24,36,國泰-台南,2024-07-02,8884
5347,世界,77,41,36,國泰-台南,2024-07-02,8884
4720,德淵,58,26,32,國泰-台南,2024-07-02,8884
00640L,富邦日本正2,33,1,32,國泰-台南,2024-07-02,8884
1303,南亞,34,3,31,國泰-台南,2024-07-02,8884
8064,東捷,145,114,31,國泰-台南,2024-07-02,8884
2349,錸德,174,144,30,國泰-台南,2024-07-02,8884
3048,益登,69,39,30,國泰-台南,2024-07-02,8884
2353,宏��,34,5,29,國泰-台南,2024-07-02,8884
4934,太極,52,23,29,國泰-台南,2024-07-02,8884
2365,昆盈,181,152,29,國泰-台南,2024-07-02,8884
00934,中信成長高股息,536,205,331,國泰-台南,2024-07-03,8884
2405,輔信,425,98,327,國泰-台南,2024-07-03,8884
9105,泰金寶-DR,522,230,292,國泰-台南,2024-07-03,8884
1313,聯成,291,4,287,國泰-台南,2024-07-03,8884
2332,友訊,254,2,252,國泰-台南,2024-07-03,8884
00632R,元大台灣50反1,372,140,232,國泰-台南,2024-07-03,8884
3591,艾笛森,225,9,216,國泰-台南,2024-07-03,8884
2906,高林,165,10,155,國泰-台南,2024-07-03,8884
00680L,元大美債20正2,113,1,112,國泰-台南,2024-07-03,8884
2349,錸德,486,378,108,國泰-台南,2024-07-03,8884
00946,群益科技高息成長,101,1,100,國泰-台南,2024-07-03,8884
00881,國泰台灣5G+,111,21,90,國泰-台南,2024-07-03,8884
2317,鴻海,128,40,88,國泰-台南,2024-07-03,8884
6244,茂迪,231,145,86,國泰-台南,2024-07-03,8884
4707,磐亞,91,6,85,國泰-台南,2024-07-03,8884
6163,華電網,86,3,83,國泰-台南,2024-07-03,8884
2887,台新金,114,31,83,國泰-台南,2024-07-03,8884
2537,聯上發,72,0,72,國泰-台南,2024-07-03,8884
00687B,國泰20年美債,81,11,70,國泰-台南,2024-07-03,8884
00665L,富邦�琤肭磪囓�2,101,33,68,國泰-台南,2024-07-03,8884
6160,欣技,87,19,68,國泰-台南,2024-07-03,8884
3576,聯合再生,364,297,67,國泰-台南,2024-07-03,8884
00679B,元大美債20年,63,0,63,國泰-台南,2024-07-03,8884
3615,安可,66,5,61,國泰-台南,2024-07-03,8884
8071,能率網通,70,12,58,國泰-台南,2024-07-03,8884
3211,順達,59,4,55,國泰-台南,2024-07-03,8884
8085,福華,54,1,53,國泰-台南,2024-07-03,8884
2610,華航,209,156,53,國泰-台南,2024-07-03,8884
00688L,國泰20年美債正2,42,0,42,國泰-台南,2024-07-03,8884
2609,陽明,137,95,42,國泰-台南,2024-07-03,8884
1785,光洋科,152,110,42,國泰-台南,2024-07-03,8884
4157,太景*-KY,40,0,40,國泰-台南,2024-07-03,8884
3490,單井,50,13,37,國泰-台南,2024-07-03,8884
00927,群益半導體收益,35,1,34,國泰-台南,2024-07-03,8884
2030,彰源,30,0,30,國泰-台南,2024-07-03,8884
2301,光寶科,36,8,28,國泰-台南,2024-07-03,8884
00931B,統一美債20年,27,0,27,國泰-台南,2024-07-03,8884
00905,FT臺灣Smart,30,3,27,國泰-台南,2024-07-03,8884
5443,均豪,246,220,26,國泰-台南,2024-07-03,8884
3062,建漢,41,15,26,國泰-台南,2024-07-03,8884
00675L,富邦臺灣加權正2,33,9,24,國泰-台南,2024-07-03,8884
2889,國票金,104,80,24,國泰-台南,2024-07-03,8884
2495,普安,134,111,23,國泰-台南,2024-07-03,8884
1709,和益,24,2,22,國泰-台南,2024-07-03,8884
2605,新興,31,10,21,國泰-台南,2024-07-03,8884
3628,盈正,20,0,20,國泰-台南,2024-07-03,8884
00686R,群益臺灣加權反1,20,0,20,國泰-台南,2024-07-03,8884
0056,元大高股息,39,20,19,國泰-台南,2024-07-03,8884
1529,樂事綠能,37,18,19,國泰-台南,2024-07-03,8884
00945B,凱基美國非投等債,21,2,19,國泰-台南,2024-07-03,8884
00632R,元大台灣50反1,430,26,404,國泰-台南,2024-07-04,8884
2885,元大金,317,23,294,國泰-台南,2024-07-04,8884
00934,中信成長高股息,304,31,273,國泰-台南,2024-07-04,8884
00929,復華台灣科技優息,525,267,258,國泰-台南,2024-07-04,8884
00937B,群益ESG投等債20,420,193,227,國泰-台南,2024-07-04,8884
6179,亞通,265,93,172,國泰-台南,2024-07-04,8884
9105,泰金寶-DR,377,215,162,國泰-台南,2024-07-04,8884
00687B,國泰20年美債,162,30,132,國泰-台南,2024-07-04,8884
00945B,凱基美國非投等債,131,0,131,國泰-台南,2024-07-04,8884
5457,宣德,130,0,130,國泰-台南,2024-07-04,8884
2349,錸德,164,45,119,國泰-台南,2024-07-04,8884
2412,中華電,111,0,111,國泰-台南,2024-07-04,8884
3372,典範,104,12,92,國泰-台南,2024-07-04,8884
2867,三商壽,110,25,85,國泰-台南,2024-07-04,8884
00933B,國泰10Y+金融債,82,1,81,國泰-台南,2024-07-04,8884
4109,加捷生醫,181,102,79,國泰-台南,2024-07-04,8884
3323,加百裕,83,9,74,國泰-台南,2024-07-04,8884
00679B,元大美債20年,94,25,69,國泰-台南,2024-07-04,8884
3312,弘憶股,201,147,54,國泰-台南,2024-07-04,8884
00881,國泰台灣5G+,85,35,50,國泰-台南,2024-07-04,8884
5347,世界,80,30,50,國泰-台南,2024-07-04,8884
2888,新光金,196,146,50,國泰-台南,2024-07-04,8884
00675L,富邦臺灣加權正2,78,32,46,國泰-台南,2024-07-04,8884
00664R,國泰臺灣加權反1,45,0,45,國泰-台南,2024-07-04,8884
2618,長榮航,126,81,45,國泰-台南,2024-07-04,8884
1815,富喬,124,80,44,國泰-台南,2024-07-04,8884
6270,倍微,52,10,42,國泰-台南,2024-07-04,8884
2464,盟立,88,47,41,國泰-台南,2024-07-04,8884
6443,元晶,115,75,40,國泰-台南,2024-07-04,8884
00720B,元大投資級公司債,42,4,38,國泰-台南,2024-07-04,8884
00686R,群益臺灣加權反1,38,1,37,國泰-台南,2024-07-04,8884
1314,中石化,131,94,37,國泰-台南,2024-07-04,8884
6591,動力-KY,35,0,35,國泰-台南,2024-07-04,8884
2615,萬海,70,35,35,國泰-台南,2024-07-04,8884
2367,燿華,84,50,34,國泰-台南,2024-07-04,8884
2324,仁寶,36,3,33,國泰-台南,2024-07-04,8884
3652,精聯,33,2,31,國泰-台南,2024-07-04,8884
00688L,國泰20年美債正2,51,21,30,國泰-台南,2024-07-04,8884
2371,大同,85,56,29,國泰-台南,2024-07-04,8884
2344,華邦電,38,10,28,國泰-台南,2024-07-04,8884
3047,訊舟,262,235,27,國泰-台南,2024-07-04,8884
1609,大亞,53,26,27,國泰-台南,2024-07-04,8884
3189,景碩,29,3,26,國泰-台南,2024-07-04,8884
00680L,元大美債20正2,76,50,26,國泰-台南,2024-07-04,8884
2537,聯上發,26,0,26,國泰-台南,2024-07-04,8884
3322,建舜電,26,0,26,國泰-台南,2024-07-04,8884
006207,復華滬深,25,0,25,國泰-台南,2024-07-04,8884
6125,廣運,53,29,24,國泰-台南,2024-07-04,8884
3036A,文曄甲特,24,0,24,國泰-台南,2024-07-04,8884
1809,中釉,26,3,23,國泰-台南,2024-07-04,8884
00934,中信成長高股息,319,12,307,國泰-台南,2024-07-05,8884
3710,連展投控,189,0,189,國泰-台南,2024-07-05,8884
2489,瑞軒,175,40,135,國泰-台南,2024-07-05,8884
5608,四維航,124,1,123,國泰-台南,2024-07-05,8884
8935,邦泰,120,0,120,國泰-台南,2024-07-05,8884
4534,慶騰,141,21,120,國泰-台南,2024-07-05,8884
00915,凱基優選高股息30,99,5,94,國泰-台南,2024-07-05,8884
2615,萬海,130,39,91,國泰-台南,2024-07-05,8884
2312,金寶,233,147,86,國泰-台南,2024-07-05,8884
1504,東元,98,14,84,國泰-台南,2024-07-05,8884
00687B,國泰20年美債,94,11,83,國泰-台南,2024-07-05,8884
00937B,群益ESG投等債20,101,21,80,國泰-台南,2024-07-05,8884
2301,光寶科,84,7,77,國泰-台南,2024-07-05,8884
00936,台新永續高息中小,79,10,69,國泰-台南,2024-07-05,8884
2365,昆盈,341,282,59,國泰-台南,2024-07-05,8884
2349,錸德,71,11,60,國泰-台南,2024-07-05,8884
00948B,中信優息投資級債,62,4,58,國泰-台南,2024-07-05,8884
00881,國泰台灣5G+,70,12,58,國泰-台南,2024-07-05,8884
00665L,富邦�琤肭磪囓�2,52,0,52,國泰-台南,2024-07-05,8884
2867,三商壽,104,59,45,國泰-台南,2024-07-05,8884
3498,陽程,105,62,43,國泰-台南,2024-07-05,8884
00949,復華日本龍頭,42,0,42,國泰-台南,2024-07-05,8884
2603,長榮,92,50,42,國泰-台南,2024-07-05,8884
2610,華航,85,44,41,國泰-台南,2024-07-05,8884
00713,元大台灣高息低波,41,2,39,國泰-台南,2024-07-05,8884
8429,金麗-KY,41,3,38,國泰-台南,2024-07-05,8884
2401,凌陽,107,69,38,國泰-台南,2024-07-05,8884
0050,元大台灣50,42,5,37,國泰-台南,2024-07-05,8884
1785,光洋科,385,349,36,國泰-台南,2024-07-05,8884
3313,斐成,54,21,33,國泰-台南,2024-07-05,8884
00945B,凱基美國非投等債,33,0,33,國泰-台南,2024-07-05,8884
00858,永豐美國500大,30,0,30,國泰-台南,2024-07-05,8884
2609,陽明,107,77,30,國泰-台南,2024-07-05,8884
00679B,元大美債20年,64,35,29,國泰-台南,2024-07-05,8884
6443,元晶,93,64,29,國泰-台南,2024-07-05,8884
00637L,元大滬深300正2,58,30,28,國泰-台南,2024-07-05,8884
3037,欣興,34,7,27,國泰-台南,2024-07-05,8884
00640L,富邦日本正2,26,0,26,國泰-台南,2024-07-05,8884
6215,和椿,49,23,26,國泰-台南,2024-07-05,8884
6770,力積電,39,14,25,國泰-台南,2024-07-05,8884
1597,直得,126,101,25,國泰-台南,2024-07-05,8884
006208,富邦台50,29,4,25,國泰-台南,2024-07-05,8884
9904,寶成,24,0,24,國泰-台南,2024-07-05,8884
00927,群益半導體收益,26,2,24,國泰-台南,2024-07-05,8884
3481,群創,113,89,24,國泰-台南,2024-07-05,8884
2618,長榮航,137,113,24,國泰-台南,2024-07-05,8884
3019,亞光,23,0,23,國泰-台南,2024-07-05,8884
2501,國建,23,0,23,國泰-台南,2024-07-05,8884
8112,至上,27,5,22,國泰-台南,2024-07-05,8884
5299,杰力,37,15,22,國泰-台南,2024-07-05,8884
00934,中信成長高股息,531,12,519,國泰-台南,2024-07-08,8884
00929,復華台灣科技優息,386,143,243,國泰-台南,2024-07-08,8884
00665L,富邦�琤肭磪囓�2,223,18,205,國泰-台南,2024-07-08,8884
00673R,期元大S＆P原油反1,170,0,170,國泰-台南,2024-07-08,8884
1314,中石化,207,41,166,國泰-台南,2024-07-08,8884
2369,菱生,150,1,149,國泰-台南,2024-07-08,8884
6477,安集,152,8,144,國泰-台南,2024-07-08,8884
4906,正文,192,54,138,國泰-台南,2024-07-08,8884
2354,鴻準,181,65,116,國泰-台南,2024-07-08,8884
2365,昆盈,450,337,113,國泰-台南,2024-07-08,8884
2812,台中銀,111,0,111,國泰-台南,2024-07-08,8884
1785,光洋科,379,273,106,國泰-台南,2024-07-08,8884
2641,正德,107,2,105,國泰-台南,2024-07-08,8884
2618,長榮航,155,52,103,國泰-台南,2024-07-08,8884
5272,笙科,105,6,99,國泰-台南,2024-07-08,8884
3594,磐儀,91,3,88,國泰-台南,2024-07-08,8884
8021,尖點,133,50,83,國泰-台南,2024-07-08,8884
3048,益登,115,35,80,國泰-台南,2024-07-08,8884
2397,友通,86,11,75,國泰-台南,2024-07-08,8884
2363,矽統,305,236,69,國泰-台南,2024-07-08,8884
2329,華泰,71,2,69,國泰-台南,2024-07-08,8884
3033,威健,163,94,69,國泰-台南,2024-07-08,8884
4960,誠美材,134,66,68,國泰-台南,2024-07-08,8884
3450,聯鈞,109,50,59,國泰-台南,2024-07-08,8884
2453,凌群,83,27,56,國泰-台南,2024-07-08,8884
2464,盟立,290,235,55,國泰-台南,2024-07-08,8884
00650L,復華香港正2,51,0,51,國泰-台南,2024-07-08,8884
00679B,元大美債20年,69,19,50,國泰-台南,2024-07-08,8884
0056,元大高股息,104,55,49,國泰-台南,2024-07-08,8884
2609,陽明,154,105,49,國泰-台南,2024-07-08,8884
3511,矽瑪,54,6,48,國泰-台南,2024-07-08,8884
2886,兆豐金,53,5,48,國泰-台南,2024-07-08,8884
5443,均豪,118,72,46,國泰-台南,2024-07-08,8884
8068,全達,65,20,45,國泰-台南,2024-07-08,8884
3050,鈺德,66,21,45,國泰-台南,2024-07-08,8884
9958,世紀鋼,51,7,44,國泰-台南,2024-07-08,8884
5328,華容,69,26,43,國泰-台南,2024-07-08,8884
8249,菱光,39,0,39,國泰-台南,2024-07-08,8884
1737,臺鹽,39,0,39,國泰-台南,2024-07-08,8884
00936,台新永續高息中小,93,55,38,國泰-台南,2024-07-08,8884
2355,敬鵬,52,15,37,國泰-台南,2024-07-08,8884
3062,建漢,100,62,38,國泰-台南,2024-07-08,8884
2201,裕隆,36,0,36,國泰-台南,2024-07-08,8884
00713,元大台灣高息低波,47,12,35,國泰-台南,2024-07-08,8884
1582,信錦,35,0,35,國泰-台南,2024-07-08,8884
2412,中華電,41,6,35,國泰-台南,2024-07-08,8884
5608,四維航,108,74,34,國泰-台南,2024-07-08,8884
4927,泰鼎-KY,33,1,32,國泰-台南,2024-07-08,8884
6244,茂迪,45,13,32,國泰-台南,2024-07-08,8884
1504,東元,38,6,32,國泰-台南,2024-07-08,8884
00632R,元大台灣50反1,513,72,441,國泰-台南,2024-07-09,8884
9105,泰金寶-DR,678,257,421,國泰-台南,2024-07-09,8884
00934,中信成長高股息,449,69,380,國泰-台南,2024-07-09,8884
00665L,富邦�琤肭磪囓�2,358,30,328,國泰-台南,2024-07-09,8884
2312,金寶,994,744,250,國泰-台南,2024-07-09,8884
00936,台新永續高息中小,273,32,241,國泰-台南,2024-07-09,8884
2885,元大金,263,38,225,國泰-台南,2024-07-09,8884
2615,萬海,309,88,221,國泰-台南,2024-07-09,8884
2367,燿華,705,514,191,國泰-台南,2024-07-09,8884
6477,安集,150,8,142,國泰-台南,2024-07-09,8884
00905,FT臺灣Smart,143,25,118,國泰-台南,2024-07-09,8884
2888,新光金,432,321,111,國泰-台南,2024-07-09,8884
00712,復華富時不動產,141,34,107,國泰-台南,2024-07-09,8884
1785,光洋科,227,128,99,國泰-台南,2024-07-09,8884
2834,臺企銀,128,37,91,國泰-台南,2024-07-09,8884
4906,正文,167,82,85,國泰-台南,2024-07-09,8884
00937B,群益ESG投等債20,308,232,76,國泰-台南,2024-07-09,8884
5876,上海商銀,73,0,73,國泰-台南,2024-07-09,8884
3230,錦明,78,6,72,國泰-台南,2024-07-09,8884
0056,元大高股息,88,18,70,國泰-台南,2024-07-09,8884
00881,國泰台灣5G+,235,172,63,國泰-台南,2024-07-09,8884
2618,長榮航,105,47,58,國泰-台南,2024-07-09,8884
2317,鴻海,197,141,56,國泰-台南,2024-07-09,8884
2344,華邦電,57,1,56,國泰-台南,2024-07-09,8884
4510,高鋒,83,27,56,國泰-台南,2024-07-09,8884
2353,宏��,74,18,56,國泰-台南,2024-07-09,8884
2331,精英,61,8,53,國泰-台南,2024-07-09,8884
2002,中鋼,69,17,52,國泰-台南,2024-07-09,8884
6218,豪勉,180,131,49,國泰-台南,2024-07-09,8884
00927,群益半導體收益,63,14,49,國泰-台南,2024-07-09,8884
3036,文曄,49,1,48,國泰-台南,2024-07-09,8884
3047,訊舟,264,218,46,國泰-台南,2024-07-09,8884
1101,台泥,62,17,45,國泰-台南,2024-07-09,8884
3360,尚立,55,10,45,國泰-台南,2024-07-09,8884
1609,大亞,78,33,45,國泰-台南,2024-07-09,8884
5452,佶優,60,18,42,國泰-台南,2024-07-09,8884
2392,正崴,229,189,40,國泰-台南,2024-07-09,8884
1737,臺鹽,40,0,40,國泰-台南,2024-07-09,8884
2405,輔信,191,152,39,國泰-台南,2024-07-09,8884
2489,瑞軒,73,35,38,國泰-台南,2024-07-09,8884
1528,恩德,51,15,36,國泰-台南,2024-07-09,8884
6005,群益證,38,2,36,國泰-台南,2024-07-09,8884
3060,銘異,68,33,35,國泰-台南,2024-07-09,8884
2515,中工,39,5,34,國泰-台南,2024-07-09,8884
8111,立��,34,0,34,國泰-台南,2024-07-09,8884
2402,毅嘉,42,8,34,國泰-台南,2024-07-09,8884
3062,建漢,108,74,34,國泰-台南,2024-07-09,8884
00688L,國泰20年美債正2,71,38,33,國泰-台南,2024-07-09,8884
4123,晟德,34,1,33,國泰-台南,2024-07-09,8884
2706,第一店,32,0,32,國泰-台南,2024-07-09,8884
2888,新光金,1374,1112,262,國泰-台南,2024-07-10,8884
00929,復華台灣科技優息,289,101,188,國泰-台南,2024-07-10,8884
2605,新興,184,10,174,國泰-台南,2024-07-10,8884
00915,凱基優選高股息30,159,2,157,國泰-台南,2024-07-10,8884
00881,國泰台灣5G+,186,50,136,國泰-台南,2024-07-10,8884
2312,金寶,645,542,103,國泰-台南,2024-07-10,8884
6179,亞通,91,3,88,國泰-台南,2024-07-10,8884
2405,輔信,108,27,81,國泰-台南,2024-07-10,8884
00643,群益深証中小,70,0,70,國泰-台南,2024-07-10,8884
5272,笙科,70,2,68,國泰-台南,2024-07-10,8884
2489,瑞軒,151,85,66,國泰-台南,2024-07-10,8884
00639,富邦深100,65,0,65,國泰-台南,2024-07-10,8884
2323,中環,62,0,62,國泰-台南,2024-07-10,8884
6163,華電網,62,2,60,國泰-台南,2024-07-10,8884
2303,聯電,72,12,60,國泰-台南,2024-07-10,8884
3594,磐儀,77,18,59,國泰-台南,2024-07-10,8884
00949,復華日本龍頭,58,2,56,國泰-台南,2024-07-10,8884
5469,瀚宇博,55,0,55,國泰-台南,2024-07-10,8884
6530,創威,58,4,54,國泰-台南,2024-07-10,8884
006207,復華滬深,50,0,50,國泰-台南,2024-07-10,8884
00680L,元大美債20正2,268,219,49,國泰-台南,2024-07-10,8884
00950B,凱基A級公司債,47,0,47,國泰-台南,2024-07-10,8884
8234,新漢,70,23,47,國泰-台南,2024-07-10,8884
00725B,國泰投資級公司債,51,5,46,國泰-台南,2024-07-10,8884
00905,FT臺灣Smart,45,0,45,國泰-台南,2024-07-10,8884
00937B,群益ESG投等債20,97,53,44,國泰-台南,2024-07-10,8884
2002,中鋼,46,5,41,國泰-台南,2024-07-10,8884
1326,台化,43,1,42,國泰-台南,2024-07-10,8884
00895,富邦未來車,42,1,41,國泰-台南,2024-07-10,8884
00946,群益科技高息成長,50,10,40,國泰-台南,2024-07-10,8884
1101,台泥,44,4,40,國泰-台南,2024-07-10,8884
5443,均豪,116,77,39,國泰-台南,2024-07-10,8884
00720B,元大投資級公司債,40,1,39,國泰-台南,2024-07-10,8884
2406,國碩,59,21,38,國泰-台南,2024-07-10,8884
9902,台火,66,32,34,國泰-台南,2024-07-10,8884
2915,潤泰全,35,2,33,國泰-台南,2024-07-10,8884
2834,臺企銀,57,25,32,國泰-台南,2024-07-10,8884
00933B,國泰10Y+金融債,49,19,30,國泰-台南,2024-07-10,8884
3645,達邁,31,1,30,國泰-台南,2024-07-10,8884
00675L,富邦臺灣加權正2,30,1,29,國泰-台南,2024-07-10,8884
3047,訊舟,197,168,29,國泰-台南,2024-07-10,8884
9105,泰金寶-DR,126,98,28,國泰-台南,2024-07-10,8884
6438,迅得,28,1,27,國泰-台南,2024-07-10,8884
5426,振發,100,73,27,國泰-台南,2024-07-10,8884
1570,力肯,25,0,25,國泰-台南,2024-07-10,8884
00688L,國泰20年美債正2,33,8,25,國泰-台南,2024-07-10,8884
6188,廣明,49,25,24,國泰-台南,2024-07-10,8884
2609,陽明,54,29,25,國泰-台南,2024-07-10,8884
8068,全達,30,6,24,國泰-台南,2024-07-10,8884
2890,永豐金,24,1,23,國泰-台南,2024-07-10,8884
00712,復華富時不動產,939,58,881,國泰-台南,2024-07-11,8884
2888,新光金,1074,711,363,國泰-台南,2024-07-11,8884
1314,中石化,352,41,311,國泰-台南,2024-07-11,8884
2801,彰銀,280,12,268,國泰-台南,2024-07-11,8884
2891,中信金,236,30,206,國泰-台南,2024-07-11,8884
6270,倍微,197,46,151,國泰-台南,2024-07-11,8884
5498,凱崴,197,50,147,國泰-台南,2024-07-11,8884
6477,安集,148,11,137,國泰-台南,2024-07-11,8884
00679B,元大美債20年,111,26,85,國泰-台南,2024-07-11,8884
2812,台中銀,99,16,83,國泰-台南,2024-07-11,8884
2883,凱基金,210,129,81,國泰-台南,2024-07-11,8884
1815,富喬,154,75,79,國泰-台南,2024-07-11,8884
00687B,國泰20年美債,131,52,79,國泰-台南,2024-07-11,8884
6163,華電網,243,167,76,國泰-台南,2024-07-11,8884
00934,中信成長高股息,236,167,69,國泰-台南,2024-07-11,8884
2618,長榮航,100,33,67,國泰-台南,2024-07-11,8884
2363,矽統,195,130,65,國泰-台南,2024-07-11,8884
00937B,群益ESG投等債20,125,64,61,國泰-台南,2024-07-11,8884
3710,連展投控,75,20,55,國泰-台南,2024-07-11,8884
00878,國泰永續高股息,89,35,54,國泰-台南,2024-07-11,8884
6509,聚和,65,12,53,國泰-台南,2024-07-11,8884
1785,光洋科,179,127,52,國泰-台南,2024-07-11,8884
3541,西柏,48,0,48,國泰-台南,2024-07-11,8884
1447,力鵬,51,4,47,國泰-台南,2024-07-11,8884
5905,南仁湖,46,0,46,國泰-台南,2024-07-11,8884
2453,凌群,50,6,44,國泰-台南,2024-07-11,8884
6570,維田,44,0,44,國泰-台南,2024-07-11,8884
8937,合騏,44,1,43,國泰-台南,2024-07-11,8884
8064,東捷,105,67,38,國泰-台南,2024-07-11,8884
1609,大亞,52,14,38,國泰-台南,2024-07-11,8884
2382,廣達,48,10,38,國泰-台南,2024-07-11,8884
2834,臺企銀,72,35,37,國泰-台南,2024-07-11,8884
00881,國泰台灣5G+,132,96,36,國泰-台南,2024-07-11,8884
2886,兆豐金,56,20,36,國泰-台南,2024-07-11,8884
00950B,凱基A級公司債,36,0,36,國泰-台南,2024-07-11,8884
1101,台泥,61,25,36,國泰-台南,2024-07-11,8884
3024,憶聲,33,0,33,國泰-台南,2024-07-11,8884
00713,元大台灣高息低波,41,10,31,國泰-台南,2024-07-11,8884
3313,斐成,37,6,31,國泰-台南,2024-07-11,8884
1326,台化,31,1,30,國泰-台南,2024-07-11,8884
6288,聯嘉,30,0,30,國泰-台南,2024-07-11,8884
5355,佳總,34,4,30,國泰-台南,2024-07-11,8884
4532,瑞智,32,2,30,國泰-台南,2024-07-11,8884
3048,益登,56,27,29,國泰-台南,2024-07-11,8884
2303,聯電,45,16,29,國泰-台南,2024-07-11,8884
5302,太欣,30,2,28,國泰-台南,2024-07-11,8884
2371,大同,34,5,29,國泰-台南,2024-07-11,8884
1514,亞力,129,101,28,國泰-台南,2024-07-11,8884
1597,直得,36,8,28,國泰-台南,2024-07-11,8884
00725B,國泰投資級公司債,27,0,27,國泰-台南,2024-07-11,8884
00929,復華台灣科技優息,1303,370,933,國泰-台南,2024-07-12,8884
00919,群益台灣精選高息,519,75,444,國泰-台南,2024-07-12,8884
00937B,群益ESG投等債20,469,94,375,國泰-台南,2024-07-12,8884
00934,中信成長高股息,435,89,346,國泰-台南,2024-07-12,8884
00688L,國泰20年美債正2,274,66,208,國泰-台南,2024-07-12,8884
00927,群益半導體收益,190,1,189,國泰-台南,2024-07-12,8884
00665L,富邦�琤肭磪囓�2,227,52,175,國泰-台南,2024-07-12,8884
2303,聯電,157,26,131,國泰-台南,2024-07-12,8884
2312,金寶,975,847,128,國泰-台南,2024-07-12,8884
1314,中石化,141,16,125,國泰-台南,2024-07-12,8884
1529,樂事綠能,182,61,121,國泰-台南,2024-07-12,8884
00935,野村臺灣新科技50,120,1,119,國泰-台南,2024-07-12,8884
00878,國泰永續高股息,169,62,107,國泰-台南,2024-07-12,8884
2609,陽明,102,12,90,國泰-台南,2024-07-12,8884
00946,群益科技高息成長,98,20,78,國泰-台南,2024-07-12,8884
2317,鴻海,372,295,77,國泰-台南,2024-07-12,8884
3019,亞光,197,124,73,國泰-台南,2024-07-12,8884
00918,大華優利高填息30,69,0,69,國泰-台南,2024-07-12,8884
2801,彰銀,77,9,68,國泰-台南,2024-07-12,8884
00757,統一FANG+,75,11,64,國泰-台南,2024-07-12,8884
00936,台新永續高息中小,75,11,64,國泰-台南,2024-07-12,8884
6163,華電網,89,27,62,國泰-台南,2024-07-12,8884
00950B,凱基A級公司債,60,0,60,國泰-台南,2024-07-12,8884
00725B,國泰投資級公司債,84,26,58,國泰-台南,2024-07-12,8884
4173,久裕,59,2,57,國泰-台南,2024-07-12,8884
2002,中鋼,87,31,56,國泰-台南,2024-07-12,8884
2883,凱基金,81,26,55,國泰-台南,2024-07-12,8884
006208,富邦台50,66,12,54,國泰-台南,2024-07-12,8884
4109,加捷生醫,75,22,53,國泰-台南,2024-07-12,8884
3047,訊舟,76,23,53,國泰-台南,2024-07-12,8884
00923,群益台ESG低碳50,53,3,50,國泰-台南,2024-07-12,8884
00643,群益深証中小,50,0,50,國泰-台南,2024-07-12,8884
00687B,國泰20年美債,139,91,48,國泰-台南,2024-07-12,8884
2851,中再保,50,2,48,國泰-台南,2024-07-12,8884
2330,台積電,93,45,48,國泰-台南,2024-07-12,8884
0056,元大高股息,76,29,47,國泰-台南,2024-07-12,8884
00679B,元大美債20年,109,63,46,國泰-台南,2024-07-12,8884
1609,大亞,175,131,44,國泰-台南,2024-07-12,8884
00900,富邦特選高股息30,44,0,44,國泰-台南,2024-07-12,8884
2881,富邦金,62,19,43,國泰-台南,2024-07-12,8884
1540,喬福,58,15,43,國泰-台南,2024-07-12,8884
3711,日月光投控,50,10,40,國泰-台南,2024-07-12,8884
00905,FT臺灣Smart,142,107,35,國泰-台南,2024-07-12,8884
3450,聯鈞,94,59,35,國泰-台南,2024-07-12,8884
2313,華通,57,24,33,國泰-台南,2024-07-12,8884
6151,晉倫,34,1,33,國泰-台南,2024-07-12,8884
8277,商丞,32,0,32,國泰-台南,2024-07-12,8884
6834,天二科技,32,1,31,國泰-台南,2024-07-12,8884
3312,弘憶股,58,27,31,國泰-台南,2024-07-12,8884
00940,元大台灣價值高息,274,244,30,國泰-台南,2024-07-12,8884
2885,元大金,562,46,516,國泰-台南,2024-07-15,8884
00680L,元大美債20正2,471,20,451,國泰-台南,2024-07-15,8884
2891,中信金,365,49,316,國泰-台南,2024-07-15,8884
00937B,群益ESG投等債20,357,56,301,國泰-台南,2024-07-15,8884
00934,中信成長高股息,383,88,295,國泰-台南,2024-07-15,8884
00929,復華台灣科技優息,413,142,271,國泰-台南,2024-07-15,8884
00687B,國泰20年美債,351,149,202,國泰-台南,2024-07-15,8884
2489,瑞軒,430,283,147,國泰-台南,2024-07-15,8884
4526,東台,129,18,111,國泰-台南,2024-07-15,8884
4960,誠美材,111,10,101,國泰-台南,2024-07-15,8884
0056,元大高股息,150,57,93,國泰-台南,2024-07-15,8884
6770,力積電,88,1,87,國泰-台南,2024-07-15,8884
2888,新光金,244,161,83,國泰-台南,2024-07-15,8884
00936,台新永續高息中小,152,70,82,國泰-台南,2024-07-15,8884
1727,中華化,87,17,70,國泰-台南,2024-07-15,8884
00688L,國泰20年美債正2,158,89,69,國泰-台南,2024-07-15,8884
1314,中石化,142,73,69,國泰-台南,2024-07-15,8884
2883,凱基金,99,31,68,國泰-台南,2024-07-15,8884
00905,FT臺灣Smart,112,51,61,國泰-台南,2024-07-15,8884
2365,昆盈,195,136,59,國泰-台南,2024-07-15,8884
00919,群益台灣精選高息,170,113,57,國泰-台南,2024-07-15,8884
2897,王道銀行,50,0,50,國泰-台南,2024-07-15,8884
5381,合正,72,25,47,國泰-台南,2024-07-15,8884
2369,菱生,58,13,45,國泰-台南,2024-07-15,8884
6290,良維,76,31,45,國泰-台南,2024-07-15,8884
00725B,國泰投資級公司債,47,3,44,國泰-台南,2024-07-15,8884
1608,華榮,219,178,41,國泰-台南,2024-07-15,8884
9105,泰金寶-DR,256,215,41,國泰-台南,2024-07-15,8884
00878,國泰永續高股息,83,42,41,國泰-台南,2024-07-15,8884
2409,友達,132,93,39,國泰-台南,2024-07-15,8884
2516,新建,44,5,39,國泰-台南,2024-07-15,8884
00918,大華優利高填息30,52,17,35,國泰-台南,2024-07-15,8884
5309,系統電,54,20,34,國泰-台南,2024-07-15,8884
4974,亞泰,45,13,32,國泰-台南,2024-07-15,8884
2610,華航,39,7,32,國泰-台南,2024-07-15,8884
9945,潤泰新,42,11,31,國泰-台南,2024-07-15,8884
1612,宏泰,61,31,30,國泰-台南,2024-07-15,8884
3294,英濟,61,31,30,國泰-台南,2024-07-15,8884
1725,元禎,34,4,30,國泰-台南,2024-07-15,8884
3312,弘憶股,56,26,30,國泰-台南,2024-07-15,8884
2337,旺宏,33,4,29,國泰-台南,2024-07-15,8884
2449,京元電子,47,18,29,國泰-台南,2024-07-15,8884
2353,宏��,36,8,28,國泰-台南,2024-07-15,8884
2408,南亞科,30,2,28,國泰-台南,2024-07-15,8884
3019,亞光,70,43,27,國泰-台南,2024-07-15,8884
2889,國票金,40,14,26,國泰-台南,2024-07-15,8884
1785,光洋科,58,32,26,國泰-台南,2024-07-15,8884
00720B,元大投資級公司債,25,0,25,國泰-台南,2024-07-15,8884
006208,富邦台50,40,16,24,國泰-台南,2024-07-15,8884
1513,中興電,96,71,25,國泰-台南,2024-07-15,8884
00919,群益台灣精選高息,354,54,300,國泰-台南,2024-07-16,8884
6005,群益證,297,19,278,國泰-台南,2024-07-16,8884
00934,中信成長高股息,223,5,218,國泰-台南,2024-07-16,8884
2883,凱基金,251,44,207,國泰-台南,2024-07-16,8884
00665L,富邦�琤肭磪囓�2,306,100,206,國泰-台南,2024-07-16,8884
2317,鴻海,229,26,203,國泰-台南,2024-07-16,8884
9105,泰金寶-DR,228,78,150,國泰-台南,2024-07-16,8884
00632R,元大台灣50反1,216,66,150,國泰-台南,2024-07-16,8884
2344,華邦電,155,11,144,國泰-台南,2024-07-16,8884
00881,國泰台灣5G+,202,64,138,國泰-台南,2024-07-16,8884
0056,元大高股息,187,52,135,國泰-台南,2024-07-16,8884
00905,FT臺灣Smart,319,201,118,國泰-台南,2024-07-16,8884
00937B,群益ESG投等債20,490,374,116,國泰-台南,2024-07-16,8884
00882,中信中國高股息,116,3,113,國泰-台南,2024-07-16,8884
2356,英業達,170,57,113,國泰-台南,2024-07-16,8884
2891,中信金,113,9,104,國泰-台南,2024-07-16,8884
00679B,元大美債20年,136,55,81,國泰-台南,2024-07-16,8884
2489,瑞軒,276,203,73,國泰-台南,2024-07-16,8884
00946,群益科技高息成長,81,11,70,國泰-台南,2024-07-16,8884
006208,富邦台50,77,8,69,國泰-台南,2024-07-16,8884
00713,元大台灣高息低波,65,2,63,國泰-台南,2024-07-16,8884
00927,群益半導體收益,66,4,62,國泰-台南,2024-07-16,8884
4956,光鋐,97,38,59,國泰-台南,2024-07-16,8884
00941,中信上游半導體,60,4,56,國泰-台南,2024-07-16,8884
00899,FT潔淨能源,50,0,50,國泰-台南,2024-07-16,8884
1540,喬福,105,57,48,國泰-台南,2024-07-16,8884
2002,中鋼,48,0,48,國泰-台南,2024-07-16,8884
00720B,元大投資級公司債,48,2,46,國泰-台南,2024-07-16,8884
00940,元大台灣價值高息,273,228,45,國泰-台南,2024-07-16,8884
8011,台通,336,293,43,國泰-台南,2024-07-16,8884
00936,台新永續高息中小,54,13,41,國泰-台南,2024-07-16,8884
2516,新建,40,0,40,國泰-台南,2024-07-16,8884
2615,萬海,77,40,37,國泰-台南,2024-07-16,8884
2886,兆豐金,38,2,36,國泰-台南,2024-07-16,8884
1608,華榮,91,55,36,國泰-台南,2024-07-16,8884
00795B,中信美國公債20年,37,1,36,國泰-台南,2024-07-16,8884
00911,兆豐洲際半導體,37,1,36,國泰-台南,2024-07-16,8884
2303,聯電,50,16,34,國泰-台南,2024-07-16,8884
1815,富喬,60,28,32,國泰-台南,2024-07-16,8884
00725B,國泰投資級公司債,33,1,32,國泰-台南,2024-07-16,8884
6270,倍微,53,22,31,國泰-台南,2024-07-16,8884
1909,榮成,33,2,31,國泰-台南,2024-07-16,8884
00712,復華富時不動產,198,168,30,國泰-台南,2024-07-16,8884
2537,聯上發,83,53,30,國泰-台南,2024-07-16,8884
00931B,統一美債20年,46,17,29,國泰-台南,2024-07-16,8884
2890,永豐金,28,1,27,國泰-台南,2024-07-16,8884
8021,尖點,31,4,27,國泰-台南,2024-07-16,8884
2480,敦陽科,25,0,25,國泰-台南,2024-07-16,8884
1709,和益,25,0,25,國泰-台南,2024-07-16,8884
6152,百一,23,0,23,國泰-台南,2024-07-16,8884
00929,復華台灣科技優息,873,216,657,國泰-台南,2024-07-17,8884
00937B,群益ESG投等債20,391,19,372,國泰-台南,2024-07-17,8884
6163,華電網,299,70,229,國泰-台南,2024-07-17,8884
4906,正文,298,92,206,國泰-台南,2024-07-17,8884
4414,如興,202,0,202,國泰-台南,2024-07-17,8884
00665L,富邦�琤肭磪囓�2,418,221,197,國泰-台南,2024-07-17,8884
00919,群益台灣精選高息,435,268,167,國泰-台南,2024-07-17,8884
00936,台新永續高息中小,154,0,154,國泰-台南,2024-07-17,8884
00715L,期街口布蘭特正2,155,2,153,國泰-台南,2024-07-17,8884
2431,聯昌,225,73,152,國泰-台南,2024-07-17,8884
00881,國泰台灣5G+,227,76,151,國泰-台南,2024-07-17,8884
2618,長榮航,172,49,123,國泰-台南,2024-07-17,8884
5521,工信,108,0,108,國泰-台南,2024-07-17,8884
2537,聯上發,453,348,105,國泰-台南,2024-07-17,8884
006208,富邦台50,110,5,105,國泰-台南,2024-07-17,8884
00878,國泰永續高股息,116,12,104,國泰-台南,2024-07-17,8884
00927,群益半導體收益,102,1,101,國泰-台南,2024-07-17,8884
00679B,元大美債20年,154,53,101,國泰-台南,2024-07-17,8884
1727,中華化,112,17,95,國泰-台南,2024-07-17,8884
00934,中信成長高股息,116,21,95,國泰-台南,2024-07-17,8884
3294,英濟,100,19,81,國泰-台南,2024-07-17,8884
00918,大華優利高填息30,122,41,81,國泰-台南,2024-07-17,8884
1304,台聚,82,2,80,國泰-台南,2024-07-17,8884
2317,鴻海,120,46,74,國泰-台南,2024-07-17,8884
00688L,國泰20年美債正2,303,230,73,國泰-台南,2024-07-17,8884
1597,直得,93,25,68,國泰-台南,2024-07-17,8884
6770,力積電,98,30,68,國泰-台南,2024-07-17,8884
9944,新麗,64,0,64,國泰-台南,2024-07-17,8884
2891,中信金,69,9,60,國泰-台南,2024-07-17,8884
2330,台積電,70,11,59,國泰-台南,2024-07-17,8884
0056,元大高股息,130,74,56,國泰-台南,2024-07-17,8884
1584,精剛,88,32,56,國泰-台南,2024-07-17,8884
2489,瑞軒,199,143,56,國泰-台南,2024-07-17,8884
00905,FT臺灣Smart,206,155,51,國泰-台南,2024-07-17,8884
00712,復華富時不動產,233,183,50,國泰-台南,2024-07-17,8884
2845,遠東銀,52,2,50,國泰-台南,2024-07-17,8884
8105,凌巨,240,193,47,國泰-台南,2024-07-17,8884
5452,佶優,77,33,44,國泰-台南,2024-07-17,8884
6116,彩晶,55,13,42,國泰-台南,2024-07-17,8884
3231,緯創,96,55,41,國泰-台南,2024-07-17,8884
6449,鈺邦,62,21,41,國泰-台南,2024-07-17,8884
00923,群益台ESG低碳50,38,0,38,國泰-台南,2024-07-17,8884
00946,群益科技高息成長,58,21,37,國泰-台南,2024-07-17,8884
00751B,元大AAA至A公司債,55,18,37,國泰-台南,2024-07-17,8884
2324,仁寶,40,4,36,國泰-台南,2024-07-17,8884
8096,擎亞,148,112,36,國泰-台南,2024-07-17,8884
1721,三晃,47,13,34,國泰-台南,2024-07-17,8884
5381,合正,35,1,34,國泰-台南,2024-07-17,8884
2406,國碩,35,2,33,國泰-台南,2024-07-17,8884
2542,興富發,66,33,33,國泰-台南,2024-07-17,8884
00929,復華台灣科技優息,1066,175,891,國泰-台南,2024-07-18,8884
00919,群益台灣精選高息,638,170,468,國泰-台南,2024-07-18,8884
00632R,元大台灣50反1,530,222,308,國泰-台南,2024-07-18,8884
00946,群益科技高息成長,210,21,189,國泰-台南,2024-07-18,8884
00937B,群益ESG投等債20,278,97,181,國泰-台南,2024-07-18,8884
00878,國泰永續高股息,258,88,170,國泰-台南,2024-07-18,8884
00918,大華優利高填息30,182,19,163,國泰-台南,2024-07-18,8884
00934,中信成長高股息,248,97,151,國泰-台南,2024-07-18,8884
1314,中石化,238,94,144,國泰-台南,2024-07-18,8884
00936,台新永續高息中小,141,22,119,國泰-台南,2024-07-18,8884
3339,泰谷,114,1,113,國泰-台南,2024-07-18,8884
2365,昆盈,575,467,108,國泰-台南,2024-07-18,8884
2402,毅嘉,126,21,105,國泰-台南,2024-07-18,8884
00927,群益半導體收益,100,10,90,國泰-台南,2024-07-18,8884
00923,群益台ESG低碳50,95,5,90,國泰-台南,2024-07-18,8884
9105,泰金寶-DR,274,191,83,國泰-台南,2024-07-18,8884
00905,FT臺灣Smart,192,112,80,國泰-台南,2024-07-18,8884
2317,鴻海,229,151,78,國泰-台南,2024-07-18,8884
00688L,國泰20年美債正2,124,46,78,國泰-台南,2024-07-18,8884
2316,楠梓電,78,3,75,國泰-台南,2024-07-18,8884
3041,揚智,76,5,71,國泰-台南,2024-07-18,8884
2330,台積電,105,37,68,國泰-台南,2024-07-18,8884
3033,威健,70,4,66,國泰-台南,2024-07-18,8884
2356,英業達,120,54,66,國泰-台南,2024-07-18,8884
4720,德淵,68,4,64,國泰-台南,2024-07-18,8884
8105,凌巨,302,239,63,國泰-台南,2024-07-18,8884
0056,元大高股息,164,104,60,國泰-台南,2024-07-18,8884
2610,華航,69,14,55,國泰-台南,2024-07-18,8884
00881,國泰台灣5G+,427,373,54,國泰-台南,2024-07-18,8884
00665L,富邦�琤肭磪囓�2,58,7,51,國泰-台南,2024-07-18,8884
2449,京元電子,103,53,50,國泰-台南,2024-07-18,8884
4128,中天,54,6,48,國泰-台南,2024-07-18,8884
00706L,期元大S＆P日圓正2,48,2,46,國泰-台南,2024-07-18,8884
00933B,國泰10Y+金融債,63,17,46,國泰-台南,2024-07-18,8884
2618,長榮航,88,43,45,國泰-台南,2024-07-18,8884
2455,全新,46,2,44,國泰-台南,2024-07-18,8884
2891,中信金,81,37,44,國泰-台南,2024-07-18,8884
5871,中租-KY,45,1,44,國泰-台南,2024-07-18,8884
2382,廣達,59,18,41,國泰-台南,2024-07-18,8884
00679B,元大美債20年,72,32,40,國泰-台南,2024-07-18,8884
00948B,中信優息投資級債,46,7,39,國泰-台南,2024-07-18,8884
6770,力積電,49,13,36,國泰-台南,2024-07-18,8884
2851,中再保,35,0,35,國泰-台南,2024-07-18,8884
2313,華通,48,15,33,國泰-台南,2024-07-18,8884
2882,國泰金,37,6,31,國泰-台南,2024-07-18,8884
3231,緯創,47,16,31,國泰-台南,2024-07-18,8884
2344,華邦電,36,5,31,國泰-台南,2024-07-18,8884
5519,隆大,47,18,29,國泰-台南,2024-07-18,8884
2367,燿華,52,25,27,國泰-台南,2024-07-18,8884
6125,廣運,235,209,26,國泰-台南,2024-07-18,8884
00929,復華台灣科技優息,1225,487,738,國泰-台南,2024-07-19,8884
00919,群益台灣精選高息,766,132,634,國泰-台南,2024-07-19,8884
00934,中信成長高股息,437,33,404,國泰-台南,2024-07-19,8884
00946,群益科技高息成長,221,3,218,國泰-台南,2024-07-19,8884
00878,國泰永續高股息,388,179,209,國泰-台南,2024-07-19,8884
9907,統一實,206,0,206,國泰-台南,2024-07-19,8884
00936,台新永續高息中小,200,20,180,國泰-台南,2024-07-19,8884
00918,大華優利高填息30,170,10,160,國泰-台南,2024-07-19,8884
2891,中信金,214,60,154,國泰-台南,2024-07-19,8884
0056,元大高股息,254,122,132,國泰-台南,2024-07-19,8884
2419,仲琦,427,297,130,國泰-台南,2024-07-19,8884
2888,新光金,284,157,127,國泰-台南,2024-07-19,8884
2330,台積電,163,50,113,國泰-台南,2024-07-19,8884
9105,泰金寶-DR,199,97,102,國泰-台南,2024-07-19,8884
1909,榮成,101,1,100,國泰-台南,2024-07-19,8884
00713,元大台灣高息低波,101,1,100,國泰-台南,2024-07-19,8884
1314,中石化,164,68,96,國泰-台南,2024-07-19,8884
2615,萬海,150,69,81,國泰-台南,2024-07-19,8884
00937B,群益ESG投等債20,244,164,80,國泰-台南,2024-07-19,8884
3059,華晶科,82,3,79,國泰-台南,2024-07-19,8884
00905,FT臺灣Smart,261,184,77,國泰-台南,2024-07-19,8884
00923,群益台ESG低碳50,78,3,75,國泰-台南,2024-07-19,8884
2883,凱基金,173,99,74,國泰-台南,2024-07-19,8884
2618,長榮航,106,36,70,國泰-台南,2024-07-19,8884
4526,東台,81,13,68,國泰-台南,2024-07-19,8884
2331,精英,70,8,62,國泰-台南,2024-07-19,8884
2474,可成,71,12,59,國泰-台南,2024-07-19,8884
2834,臺企銀,60,7,53,國泰-台南,2024-07-19,8884
3339,泰谷,62,10,52,國泰-台南,2024-07-19,8884
1101,台泥,67,16,51,國泰-台南,2024-07-19,8884
02001R,富邦蘋果反一N,50,0,50,國泰-台南,2024-07-19,8884
2906,高林,50,0,50,國泰-台南,2024-07-19,8884
2887,台新金,72,23,49,國泰-台南,2024-07-19,8884
1540,喬福,106,57,49,國泰-台南,2024-07-19,8884
00858,永豐美國500大,49,1,48,國泰-台南,2024-07-19,8884
00882,中信中國高股息,48,1,47,國泰-台南,2024-07-19,8884
1304,台聚,51,6,45,國泰-台南,2024-07-19,8884
6217,中探針,46,3,43,國泰-台南,2024-07-19,8884
00947,台新臺灣IC設計,44,2,42,國泰-台南,2024-07-19,8884
1102,亞泥,44,2,42,國泰-台南,2024-07-19,8884
3576,聯合再生,50,9,41,國泰-台南,2024-07-19,8884
00922,國泰台灣領袖50,39,0,39,國泰-台南,2024-07-19,8884
2885,元大金,54,16,38,國泰-台南,2024-07-19,8884
2408,南亞科,47,9,38,國泰-台南,2024-07-19,8884
2344,華邦電,46,8,38,國泰-台南,2024-07-19,8884
3167,大量,39,2,37,國泰-台南,2024-07-19,8884
2886,兆豐金,52,15,37,國泰-台南,2024-07-19,8884
3580,友威科,71,35,36,國泰-台南,2024-07-19,8884
2489,瑞軒,76,41,35,國泰-台南,2024-07-19,8884
2516,新建,48,13,35,國泰-台南,2024-07-19,8884
00632R,元大台灣50反1,2849,913,1936,國泰-台南,2024-07-22,8884
00929,復華台灣科技優息,1815,699,1116,國泰-台南,2024-07-22,8884
00637L,元大滬深300正2,900,0,900,國泰-台南,2024-07-22,8884
00919,群益台灣精選高息,813,449,364,國泰-台南,2024-07-22,8884
00934,中信成長高股息,449,124,325,國泰-台南,2024-07-22,8884
00713,元大台灣高息低波,366,68,298,國泰-台南,2024-07-22,8884
00946,群益科技高息成長,224,39,185,國泰-台南,2024-07-22,8884
3481,群創,270,89,181,國泰-台南,2024-07-22,8884
2537,聯上發,198,23,175,國泰-台南,2024-07-22,8884
00878,國泰永續高股息,426,269,157,國泰-台南,2024-07-22,8884
3059,華晶科,153,2,151,國泰-台南,2024-07-22,8884
0056,元大高股息,249,118,131,國泰-台南,2024-07-22,8884
00940,元大台灣價值高息,559,440,119,國泰-台南,2024-07-22,8884
6163,華電網,119,6,113,國泰-台南,2024-07-22,8884
4804,大略-KY,105,0,105,國泰-台南,2024-07-22,8884
00948B,中信優息投資級債,117,30,87,國泰-台南,2024-07-22,8884
2408,南亞科,81,1,80,國泰-台南,2024-07-22,8884
3663,鑫科,119,46,73,國泰-台南,2024-07-22,8884
6116,彩晶,95,25,70,國泰-台南,2024-07-22,8884
00680L,元大美債20正2,115,48,67,國泰-台南,2024-07-22,8884
00679B,元大美債20年,117,58,59,國泰-台南,2024-07-22,8884
6005,群益證,61,2,59,國泰-台南,2024-07-22,8884
1101,台泥,96,40,56,國泰-台南,2024-07-22,8884
6021,美好證,56,0,56,國泰-台南,2024-07-22,8884
00947,台新臺灣IC設計,56,0,56,國泰-台南,2024-07-22,8884
0050,元大台灣50,114,60,54,國泰-台南,2024-07-22,8884
2883,凱基金,84,31,53,國泰-台南,2024-07-22,8884
2834,臺企銀,64,19,45,國泰-台南,2024-07-22,8884
00918,大華優利高填息30,104,61,43,國泰-台南,2024-07-22,8884
2002,中鋼,62,19,43,國泰-台南,2024-07-22,8884
8182,加高,42,0,42,國泰-台南,2024-07-22,8884
00909,國泰數位支付服務,44,2,42,國泰-台南,2024-07-22,8884
2330,台積電,94,54,40,國泰-台南,2024-07-22,8884
00891,中信關鍵半導體,52,12,40,國泰-台南,2024-07-22,8884
6477,安集,124,85,39,國泰-台南,2024-07-22,8884
2365,昆盈,265,227,38,國泰-台南,2024-07-22,8884
2303,聯電,68,31,37,國泰-台南,2024-07-22,8884
9904,寶成,76,41,35,國泰-台南,2024-07-22,8884
2610,華航,72,37,35,國泰-台南,2024-07-22,8884
3231,緯創,75,41,34,國泰-台南,2024-07-22,8884
00905,FT臺灣Smart,62,29,33,國泰-台南,2024-07-22,8884
2630,亞航,33,0,33,國泰-台南,2024-07-22,8884
5608,四維航,33,0,33,國泰-台南,2024-07-22,8884
2419,仲琦,48,15,33,國泰-台南,2024-07-22,8884
8064,東捷,114,82,32,國泰-台南,2024-07-22,8884
2356,英業達,42,10,32,國泰-台南,2024-07-22,8884
00751B,元大AAA至A公司債,33,2,31,國泰-台南,2024-07-22,8884
006208,富邦台50,97,67,30,國泰-台南,2024-07-22,8884
2885,元大金,45,15,30,國泰-台南,2024-07-22,8884
2369,菱生,30,1,29,國泰-台南,2024-07-22,8884
00632R,元大台灣50反1,1465,688,777,國泰-台南,2024-07-23,8884
00937B,群益ESG投等債20,920,165,755,國泰-台南,2024-07-23,8884
00940,元大台灣價值高息,513,64,449,國泰-台南,2024-07-23,8884
2855,統一證,254,0,254,國泰-台南,2024-07-23,8884
00919,群益台灣精選高息,379,159,220,國泰-台南,2024-07-23,8884
00929,復華台灣科技優息,434,227,207,國泰-台南,2024-07-23,8884
2812,台中銀,234,62,172,國泰-台南,2024-07-23,8884
00712,復華富時不動產,183,12,171,國泰-台南,2024-07-23,8884
3481,群創,249,86,163,國泰-台南,2024-07-23,8884
00688L,國泰20年美債正2,164,6,158,國泰-台南,2024-07-23,8884
00946,群益科技高息成長,119,5,114,國泰-台南,2024-07-23,8884
00934,中信成長高股息,118,21,97,國泰-台南,2024-07-23,8884
00933B,國泰10Y+金融債,85,0,85,國泰-台南,2024-07-23,8884
00915,凱基優選高股息30,86,3,83,國泰-台南,2024-07-23,8884
00881,國泰台灣5G+,95,19,76,國泰-台南,2024-07-23,8884
8021,尖點,90,23,67,國泰-台南,2024-07-23,8884
00878,國泰永續高股息,136,74,62,國泰-台南,2024-07-23,8884
00948B,中信優息投資級債,63,3,60,國泰-台南,2024-07-23,8884
5608,四維航,53,0,53,國泰-台南,2024-07-23,8884
2605,新興,57,7,50,國泰-台南,2024-07-23,8884
2888,新光金,149,101,48,國泰-台南,2024-07-23,8884
4545,銘鈺,47,0,47,國泰-台南,2024-07-23,8884
2884,玉山金,52,6,46,國泰-台南,2024-07-23,8884
00753L,中信中國50正2,47,2,45,國泰-台南,2024-07-23,8884
2534,宏盛,46,2,44,國泰-台南,2024-07-23,8884
00725B,國泰投資級公司債,54,12,42,國泰-台南,2024-07-23,8884
2915,潤泰全,43,1,42,國泰-台南,2024-07-23,8884
6477,安集,46,5,41,國泰-台南,2024-07-23,8884
00679B,元大美債20年,64,23,41,國泰-台南,2024-07-23,8884
6271,同欣電,42,2,40,國泰-台南,2024-07-23,8884
2891,中信金,43,7,36,國泰-台南,2024-07-23,8884
00927,群益半導體收益,38,3,35,國泰-台南,2024-07-23,8884
8105,凌巨,49,15,34,國泰-台南,2024-07-23,8884
2061,風青,34,0,34,國泰-台南,2024-07-23,8884
00687B,國泰20年美債,45,11,34,國泰-台南,2024-07-23,8884
00945B,凱基美國非投等債,31,0,31,國泰-台南,2024-07-23,8884
8440,綠電,54,23,31,國泰-台南,2024-07-23,8884
00751B,元大AAA至A公司債,30,0,30,國泰-台南,2024-07-23,8884
6116,彩晶,51,22,29,國泰-台南,2024-07-23,8884
4562,穎漢,53,25,28,國泰-台南,2024-07-23,8884
00713,元大台灣高息低波,41,14,27,國泰-台南,2024-07-23,8884
8064,東捷,116,90,26,國泰-台南,2024-07-23,8884
2356,英業達,56,31,25,國泰-台南,2024-07-23,8884
2349,錸德,25,0,25,國泰-台南,2024-07-23,8884
2408,南亞科,32,7,25,國泰-台南,2024-07-23,8884
00905,FT臺灣Smart,31,7,24,國泰-台南,2024-07-23,8884
2409,友達,28,4,24,國泰-台南,2024-07-23,8884
00631L,元大台灣50正2,40,16,24,國泰-台南,2024-07-23,8884
3231,緯創,66,44,22,國泰-台南,2024-07-23,8884
2509,全坤建,26,4,22,國泰-台南,2024-07-23,8884
00929,復華台灣科技優息,1022,224,798,國泰-台南,2024-07-26,8884
00878,國泰永續高股息,467,50,417,國泰-台南,2024-07-26,8884
2812,台中銀,406,4,402,國泰-台南,2024-07-26,8884
00937B,群益ESG投等債20,768,373,395,國泰-台南,2024-07-26,8884
00919,群益台灣精選高息,468,88,380,國泰-台南,2024-07-26,8884
00940,元大台灣價值高息,378,109,269,國泰-台南,2024-07-26,8884
00713,元大台灣高息低波,265,2,263,國泰-台南,2024-07-26,8884
00946,群益科技高息成長,282,59,223,國泰-台南,2024-07-26,8884
00665L,富邦�琤肭磪囓�2,241,23,218,國泰-台南,2024-07-26,8884
00688L,國泰20年美債正2,205,1,204,國泰-台南,2024-07-26,8884
00655L,國泰中國A50正2,205,1,204,國泰-台南,2024-07-26,8884
2838,聯邦銀,203,3,200,國泰-台南,2024-07-26,8884
00679B,元大美債20年,226,62,164,國泰-台南,2024-07-26,8884
0056,元大高股息,171,11,160,國泰-台南,2024-07-26,8884
00934,中信成長高股息,169,18,151,國泰-台南,2024-07-26,8884
2884,玉山金,174,46,128,國泰-台南,2024-07-26,8884
00712,復華富時不動產,191,63,128,國泰-台南,2024-07-26,8884
00881,國泰台灣5G+,141,21,120,國泰-台南,2024-07-26,8884
00753L,中信中國50正2,116,0,116,國泰-台南,2024-07-26,8884
00949,復華日本龍頭,124,15,109,國泰-台南,2024-07-26,8884
2330,台積電,132,25,107,國泰-台南,2024-07-26,8884
00933B,國泰10Y+金融債,139,34,105,國泰-台南,2024-07-26,8884
3518,柏騰,106,5,101,國泰-台南,2024-07-26,8884
0050,元大台灣50,103,9,94,國泰-台南,2024-07-26,8884
00915,凱基優選高股息30,86,0,86,國泰-台南,2024-07-26,8884
2349,錸德,138,58,80,國泰-台南,2024-07-26,8884
3711,日月光投控,90,11,79,國泰-台南,2024-07-26,8884
2887,台新金,102,24,78,國泰-台南,2024-07-26,8884
00675L,富邦臺灣加權正2,74,3,71,國泰-台南,2024-07-26,8884
2344,華邦電,72,4,68,國泰-台南,2024-07-26,8884
00772B,中信高評級公司債,67,9,58,國泰-台南,2024-07-26,8884
00918,大華優利高填息30,58,3,55,國泰-台南,2024-07-26,8884
00951,台新日本半導體,58,3,55,國泰-台南,2024-07-26,8884
00948B,中信優息投資級債,59,4,55,國泰-台南,2024-07-26,8884
2834,臺企銀,59,5,54,國泰-台南,2024-07-26,8884
2356,英業達,64,11,53,國泰-台南,2024-07-26,8884
006208,富邦台50,83,31,52,國泰-台南,2024-07-26,8884
00680L,元大美債20正2,56,5,51,國泰-台南,2024-07-26,8884
00936,台新永續高息中小,106,56,50,國泰-台南,2024-07-26,8884
2891,中信金,57,7,50,國泰-台南,2024-07-26,8884
3231,緯創,60,13,47,國泰-台南,2024-07-26,8884
2892,第一金,72,27,45,國泰-台南,2024-07-26,8884
3230,錦明,50,5,45,國泰-台南,2024-07-26,8884
00939,統一台灣高息動能,61,17,44,國泰-台南,2024-07-26,8884
2002,中鋼,56,12,44,國泰-台南,2024-07-26,8884
00830,國泰費城半導體,44,0,44,國泰-台南,2024-07-26,8884
9944,新麗,39,0,39,國泰-台南,2024-07-26,8884
00751B,元大AAA至A公司債,56,18,38,國泰-台南,2024-07-26,8884
00923,群益台ESG低碳50,137,101,36,國泰-台南,2024-07-26,8884
00905,FT臺灣Smart,47,12,35,國泰-台南,2024-07-26,8884
00632R,元大台灣50反1,1195,703,492,國泰-台南,2024-07-29,8884
00929,復華台灣科技優息,706,288,418,國泰-台南,2024-07-29,8884
00878,國泰永續高股息,303,76,227,國泰-台南,2024-07-29,8884
00706L,期元大S＆P日圓正2,220,0,220,國泰-台南,2024-07-29,8884
2812,台中銀,203,1,202,國泰-台南,2024-07-29,8884
0056,元大高股息,148,6,142,國泰-台南,2024-07-29,8884
00946,群益科技高息成長,111,5,106,國泰-台南,2024-07-29,8884
2449,京元電子,134,36,98,國泰-台南,2024-07-29,8884
5905,南仁湖,83,1,82,國泰-台南,2024-07-29,8884
6177,達麗,116,35,81,國泰-台南,2024-07-29,8884
2324,仁寶,96,16,80,國泰-台南,2024-07-29,8884
6477,安集,78,0,78,國泰-台南,2024-07-29,8884
3706,神達,89,14,75,國泰-台南,2024-07-29,8884
2486,一詮,119,50,69,國泰-台南,2024-07-29,8884
2461,光群雷,67,0,67,國泰-台南,2024-07-29,8884
2884,玉山金,87,24,63,國泰-台南,2024-07-29,8884
00933B,國泰10Y+金融債,97,34,63,國泰-台南,2024-07-29,8884
00918,大華優利高填息30,66,8,58,國泰-台南,2024-07-29,8884
2537,聯上發,108,57,51,國泰-台南,2024-07-29,8884
4513,福裕,52,2,50,國泰-台南,2024-07-29,8884
6770,力積電,66,18,48,國泰-台南,2024-07-29,8884
00679B,元大美債20年,63,14,49,國泰-台南,2024-07-29,8884
1449,佳和,131,83,48,國泰-台南,2024-07-29,8884
00919,群益台灣精選高息,229,182,47,國泰-台南,2024-07-29,8884
3059,華晶科,46,0,46,國泰-台南,2024-07-29,8884
00936,台新永續高息中小,54,10,44,國泰-台南,2024-07-29,8884
00713,元大台灣高息低波,41,1,40,國泰-台南,2024-07-29,8884
4114,健喬,38,0,38,國泰-台南,2024-07-29,8884
00905,FT臺灣Smart,41,6,35,國泰-台南,2024-07-29,8884
3167,大量,39,4,35,國泰-台南,2024-07-29,8884
4157,太景*-KY,30,0,30,國泰-台南,2024-07-29,8884
4960,誠美材,30,0,30,國泰-台南,2024-07-29,8884
2349,錸德,101,71,30,國泰-台南,2024-07-29,8884
2542,興富發,57,27,30,國泰-台南,2024-07-29,8884
00927,群益半導體收益,28,0,28,國泰-台南,2024-07-29,8884
2801,彰銀,31,3,28,國泰-台南,2024-07-29,8884
2630,亞航,28,0,28,國泰-台南,2024-07-29,8884
2883,凱基金,34,7,27,國泰-台南,2024-07-29,8884
3710,連展投控,27,0,27,國泰-台南,2024-07-29,8884
8201,無敵,27,0,27,國泰-台南,2024-07-29,8884
2301,光寶科,35,8,27,國泰-台南,2024-07-29,8884
3312,弘憶股,111,86,25,國泰-台南,2024-07-29,8884
1608,華榮,30,5,25,國泰-台南,2024-07-29,8884
1806,冠軍,27,2,25,國泰-台南,2024-07-29,8884
2356,英業達,69,44,25,國泰-台南,2024-07-29,8884
00951,台新日本半導體,24,0,24,國泰-台南,2024-07-29,8884
2355,敬鵬,30,7,23,國泰-台南,2024-07-29,8884
2515,中工,41,18,23,國泰-台南,2024-07-29,8884
3437,榮創,23,0,23,國泰-台南,2024-07-29,8884
8936,國統,43,21,22,國泰-台南,2024-07-29,8884
00929,復華台灣科技優息,769,396,373,國泰-台南,2024-07-30,8884
3024,憶聲,279,4,275,國泰-台南,2024-07-30,8884
00878,國泰永續高股息,363,93,270,國泰-台南,2024-07-30,8884
00940,元大台灣價值高息,375,116,259,國泰-台南,2024-07-30,8884
2812,台中銀,238,4,234,國泰-台南,2024-07-30,8884
00715L,期街口布蘭特正2,210,18,192,國泰-台南,2024-07-30,8884
00934,中信成長高股息,231,66,165,國泰-台南,2024-07-30,8884
2891,中信金,146,7,139,國泰-台南,2024-07-30,8884
3652,精聯,112,1,111,國泰-台南,2024-07-30,8884
00680L,元大美債20正2,127,17,110,國泰-台南,2024-07-30,8884
00665L,富邦�琤肭磪囓�2,109,0,109,國泰-台南,2024-07-30,8884
00664R,國泰臺灣加權反1,100,0,100,國泰-台南,2024-07-30,8884
00669R,國泰美國道瓊反1,73,1,72,國泰-台南,2024-07-30,8884
00936,台新永續高息中小,98,28,70,國泰-台南,2024-07-30,8884
0056,元大高股息,149,84,65,國泰-台南,2024-07-30,8884
2883,凱基金,77,12,65,國泰-台南,2024-07-30,8884
1463,強盛新,62,0,62,國泰-台南,2024-07-30,8884
8201,無敵,65,5,60,國泰-台南,2024-07-30,8884
1201,味全,53,0,53,國泰-台南,2024-07-30,8884
00946,群益科技高息成長,170,120,50,國泰-台南,2024-07-30,8884
2442,新美齊,190,141,49,國泰-台南,2024-07-30,8884
00948B,中信優息投資級債,74,27,47,國泰-台南,2024-07-30,8884
2344,華邦電,51,8,43,國泰-台南,2024-07-30,8884
00933B,國泰10Y+金融債,42,2,40,國泰-台南,2024-07-30,8884
00919,群益台灣精選高息,246,211,35,國泰-台南,2024-07-30,8884
2062,橋椿,41,6,35,國泰-台南,2024-07-30,8884
2884,玉山金,61,26,35,國泰-台南,2024-07-30,8884
00713,元大台灣高息低波,74,40,34,國泰-台南,2024-07-30,8884
2845,遠東銀,62,30,32,國泰-台南,2024-07-30,8884
1101,台泥,34,5,29,國泰-台南,2024-07-30,8884
00915,凱基優選高股息30,29,0,29,國泰-台南,2024-07-30,8884
3050,鈺德,56,28,28,國泰-台南,2024-07-30,8884
00881,國泰台灣5G+,42,14,28,國泰-台南,2024-07-30,8884
2615,萬海,104,78,26,國泰-台南,2024-07-30,8884
00631L,元大台灣50正2,30,6,24,國泰-台南,2024-07-30,8884
3188,鑫龍騰,73,49,24,國泰-台南,2024-07-30,8884
3189,景碩,29,6,23,國泰-台南,2024-07-30,8884
8028,昇陽半導體,75,53,22,國泰-台南,2024-07-30,8884
2409,友達,22,0,22,國泰-台南,2024-07-30,8884
2892,第一金,30,8,22,國泰-台南,2024-07-30,8884
2520,冠德,28,7,21,國泰-台南,2024-07-30,8884
5608,四維航,21,0,21,國泰-台南,2024-07-30,8884
2331,精英,21,0,21,國泰-台南,2024-07-30,8884
3037,欣興,29,9,20,國泰-台南,2024-07-30,8884
6246,臺龍,20,0,20,國泰-台南,2024-07-30,8884
8071,能率網通,21,1,20,國泰-台南,2024-07-30,8884
8072,陞泰,20,0,20,國泰-台南,2024-07-30,8884
3167,大量,34,14,20,國泰-台南,2024-07-30,8884
4958,臻鼎-KY,25,5,20,國泰-台南,2024-07-30,8884
2363,矽統,51,32,19,國泰-台南,2024-07-30,8884
00632R,元大台灣50反1,2981,1849,1132,國泰-台南,2024-07-31,8884
00929,復華台灣科技優息,353,114,239,國泰-台南,2024-07-31,8884
00937B,群益ESG投等債20,250,32,218,國泰-台南,2024-07-31,8884
1711,永光,192,10,182,國泰-台南,2024-07-31,8884
00669R,國泰美國道瓊反1,150,0,150,國泰-台南,2024-07-31,8884
00786B,元大10年IG銀行債,130,0,130,國泰-台南,2024-07-31,8884
2537,聯上發,149,22,127,國泰-台南,2024-07-31,8884
3715,定穎投控,223,121,102,國泰-台南,2024-07-31,8884
00679B,元大美債20年,106,5,101,國泰-台南,2024-07-31,8884
00919,群益台灣精選高息,138,37,101,國泰-台南,2024-07-31,8884
1201,味全,101,0,101,國泰-台南,2024-07-31,8884
4729,熒茂,102,6,96,國泰-台南,2024-07-31,8884
00946,群益科技高息成長,100,5,95,國泰-台南,2024-07-31,8884
00687B,國泰20年美債,150,63,87,國泰-台南,2024-07-31,8884
00878,國泰永續高股息,107,33,74,國泰-台南,2024-07-31,8884
3518,柏騰,131,58,73,國泰-台南,2024-07-31,8884
00934,中信成長高股息,172,101,71,國泰-台南,2024-07-31,8884
00940,元大台灣價值高息,130,68,62,國泰-台南,2024-07-31,8884
2312,金寶,344,283,61,國泰-台南,2024-07-31,8884
3047,訊舟,327,271,56,國泰-台南,2024-07-31,8884
2516,新建,52,0,52,國泰-台南,2024-07-31,8884
3481,群創,271,219,52,國泰-台南,2024-07-31,8884
6806,森崴能源,92,42,50,國泰-台南,2024-07-31,8884
00948B,中信優息投資級債,86,37,49,國泰-台南,2024-07-31,8884
2618,長榮航,132,84,48,國泰-台南,2024-07-31,8884
3522,御嵿,49,2,47,國泰-台南,2024-07-31,8884
0056,元大高股息,66,21,45,國泰-台南,2024-07-31,8884
3580,友威科,83,42,41,國泰-台南,2024-07-31,8884
1714,和桐,41,2,39,國泰-台南,2024-07-31,8884
2317,鴻海,82,46,36,國泰-台南,2024-07-31,8884
2834,臺企銀,41,6,35,國泰-台南,2024-07-31,8884
00795B,中信美國公債20年,31,0,31,國泰-台南,2024-07-31,8884
2062,橋椿,94,63,31,國泰-台南,2024-07-31,8884
2486,一詮,108,80,28,國泰-台南,2024-07-31,8884
2301,光寶科,33,5,28,國泰-台南,2024-07-31,8884
2409,友達,44,20,24,國泰-台南,2024-07-31,8884
2362,藍天,148,124,24,國泰-台南,2024-07-31,8884
3374,精材,65,41,24,國泰-台南,2024-07-31,8884
3686,達能,26,3,23,國泰-台南,2024-07-31,8884
1806,冠軍,29,8,21,國泰-台南,2024-07-31,8884
2891,中信金,40,19,21,國泰-台南,2024-07-31,8884
3105,穩懋,27,7,20,國泰-台南,2024-07-31,8884
00654R,富邦印度反1,20,0,20,國泰-台南,2024-07-31,8884
00730,富邦臺灣優質高息,20,0,20,國泰-台南,2024-07-31,8884
6112,邁達特,20,0,20,國泰-台南,2024-07-31,8884
00713,元大台灣高息低波,21,2,19,國泰-台南,2024-07-31,8884
3706,神達,21,3,18,國泰-台南,2024-07-31,8884
3312,弘憶股,83,65,18,國泰-台南,2024-07-31,8884
2889,國票金,54,36,18,國泰-台南,2024-07-31,8884
8121,越峰,18,0,18,國泰-台南,2024-07-31,8884
00878,國泰永續高股息,523,57,466,國泰-台南,2024-08-01,8884
00941,中信上游半導體,280,11,269,國泰-台南,2024-08-01,8884
00706L,期元大S＆P日圓正2,256,70,186,國泰-台南,2024-08-01,8884
3663,鑫科,368,197,171,國泰-台南,2024-08-01,8884
00679B,元大美債20年,206,36,170,國泰-台南,2024-08-01,8884
00643,群益深証中小,150,0,150,國泰-台南,2024-08-01,8884
2349,錸德,352,212,140,國泰-台南,2024-08-01,8884
00639,富邦深100,140,0,140,國泰-台南,2024-08-01,8884
00937B,群益ESG投等債20,272,133,139,國泰-台南,2024-08-01,8884
00712,復華富時不動產,116,3,113,國泰-台南,2024-08-01,8884
00923,群益台ESG低碳50,118,6,112,國泰-台南,2024-08-01,8884
9105,泰金寶-DR,213,110,103,國泰-台南,2024-08-01,8884
1569,濱川,104,1,103,國泰-台南,2024-08-01,8884
6603,富強鑫,102,0,102,國泰-台南,2024-08-01,8884
2867,三商壽,100,11,89,國泰-台南,2024-08-01,8884
2886,兆豐金,95,12,83,國泰-台南,2024-08-01,8884
00632R,元大台灣50反1,1903,1822,81,國泰-台南,2024-08-01,8884
2618,長榮航,125,47,78,國泰-台南,2024-08-01,8884
2610,華航,63,0,63,國泰-台南,2024-08-01,8884
6166,凌華,61,1,60,國泰-台南,2024-08-01,8884
4510,高鋒,56,5,51,國泰-台南,2024-08-01,8884
4934,太極,48,0,48,國泰-台南,2024-08-01,8884
4306,炎洲,134,89,45,國泰-台南,2024-08-01,8884
00891,中信關鍵半導體,53,10,43,國泰-台南,2024-08-01,8884
2363,矽統,170,130,40,國泰-台南,2024-08-01,8884
2890,永豐金,41,1,40,國泰-台南,2024-08-01,8884
00933B,國泰10Y+金融債,49,9,40,國泰-台南,2024-08-01,8884
9944,新麗,40,0,40,國泰-台南,2024-08-01,8884
00949,復華日本龍頭,42,3,39,國泰-台南,2024-08-01,8884
00934,中信成長高股息,52,14,38,國泰-台南,2024-08-01,8884
2892,第一金,42,5,37,國泰-台南,2024-08-01,8884
3518,柏騰,90,55,35,國泰-台南,2024-08-01,8884
00951,台新日本半導體,34,2,32,國泰-台南,2024-08-01,8884
2884,玉山金,35,3,32,國泰-台南,2024-08-01,8884
2062,橋椿,210,179,31,國泰-台南,2024-08-01,8884
5534,長虹,35,5,30,國泰-台南,2024-08-01,8884
1463,強盛新,30,1,29,國泰-台南,2024-08-01,8884
3624,光頡,31,3,28,國泰-台南,2024-08-01,8884
5347,世界,48,20,28,國泰-台南,2024-08-01,8884
2312,金寶,91,65,26,國泰-台南,2024-08-01,8884
006207,復華滬深,25,0,25,國泰-台南,2024-08-01,8884
4906,正文,34,10,24,國泰-台南,2024-08-01,8884
00948B,中信優息投資級債,25,2,23,國泰-台南,2024-08-01,8884
006208,富邦台50,40,18,22,國泰-台南,2024-08-01,8884
2520,冠德,53,32,21,國泰-台南,2024-08-01,8884
00713,元大台灣高息低波,22,1,21,國泰-台南,2024-08-01,8884
00650L,復華香港正2,20,0,20,國泰-台南,2024-08-01,8884
00665L,富邦�琤肭磪囓�2,19,0,19,國泰-台南,2024-08-01,8884
00947,台新臺灣IC設計,18,0,18,國泰-台南,2024-08-01,8884
3535,晶彩科,118,100,18,國泰-台南,2024-08-01,8884
00878,國泰永續高股息,996,48,948,國泰-台南,2024-08-02,8884
00929,復華台灣科技優息,875,216,659,國泰-台南,2024-08-02,8884
00937B,群益ESG投等債20,619,107,512,國泰-台南,2024-08-02,8884
00919,群益台灣精選高息,519,33,486,國泰-台南,2024-08-02,8884
00632R,元大台灣50反1,1271,786,485,國泰-台南,2024-08-02,8884
2883,凱基金,482,23,459,國泰-台南,2024-08-02,8884
00940,元大台灣價值高息,517,93,424,國泰-台南,2024-08-02,8884
00881,國泰台灣5G+,383,1,382,國泰-台南,2024-08-02,8884
00945B,凱基美國非投等債,219,3,216,國泰-台南,2024-08-02,8884
00948B,中信優息投資級債,244,45,199,國泰-台南,2024-08-02,8884
2344,華邦電,208,22,186,國泰-台南,2024-08-02,8884
0056,元大高股息,186,10,176,國泰-台南,2024-08-02,8884
00679B,元大美債20年,357,199,158,國泰-台南,2024-08-02,8884
00688L,國泰20年美債正2,193,48,145,國泰-台南,2024-08-02,8884
00650L,復華香港正2,139,0,139,國泰-台南,2024-08-02,8884
2891,中信金,160,23,137,國泰-台南,2024-08-02,8884
00680L,元大美債20正2,216,83,133,國泰-台南,2024-08-02,8884
2515,中工,228,105,123,國泰-台南,2024-08-02,8884
00773B,中信優先金融債,104,0,104,國泰-台南,2024-08-02,8884
00946,群益科技高息成長,173,72,101,國泰-台南,2024-08-02,8884
006208,富邦台50,127,27,100,國泰-台南,2024-08-02,8884
6005,群益證,114,14,100,國泰-台南,2024-08-02,8884
2330,台積電,119,27,92,國泰-台南,2024-08-02,8884
00927,群益半導體收益,89,0,89,國泰-台南,2024-08-02,8884
00923,群益台ESG低碳50,90,1,89,國泰-台南,2024-08-02,8884
00687B,國泰20年美債,286,201,85,國泰-台南,2024-08-02,8884
00891,中信關鍵半導體,81,1,80,國泰-台南,2024-08-02,8884
00712,復華富時不動產,89,9,80,國泰-台南,2024-08-02,8884
00830,國泰費城半導體,82,4,78,國泰-台南,2024-08-02,8884
5876,上海商銀,78,0,78,國泰-台南,2024-08-02,8884
00713,元大台灣高息低波,77,1,76,國泰-台南,2024-08-02,8884
2365,昆盈,594,520,74,國泰-台南,2024-08-02,8884
00665L,富邦�琤肭磪囓�2,74,2,72,國泰-台南,2024-08-02,8884
2516,新建,69,0,69,國泰-台南,2024-08-02,8884
00947,台新臺灣IC設計,66,0,66,國泰-台南,2024-08-02,8884
2537,聯上發,105,40,65,國泰-台南,2024-08-02,8884
00951,台新日本半導體,69,5,64,國泰-台南,2024-08-02,8884
0050,元大台灣50,63,3,60,國泰-台南,2024-08-02,8884
00918,大華優利高填息30,58,0,58,國泰-台南,2024-08-02,8884
3037,欣興,79,22,57,國泰-台南,2024-08-02,8884
2887,台新金,64,10,54,國泰-台南,2024-08-02,8884
2449,京元電子,65,12,53,國泰-台南,2024-08-02,8884
00933B,國泰10Y+金融債,56,3,53,國泰-台南,2024-08-02,8884
1905,華紙,54,2,52,國泰-台南,2024-08-02,8884
00941,中信上游半導體,80,29,51,國泰-台南,2024-08-02,8884
00655L,國泰中國A50正2,50,0,50,國泰-台南,2024-08-02,8884
1540,喬福,189,140,49,國泰-台南,2024-08-02,8884
1316,上曜,189,140,49,國泰-台南,2024-08-02,8884
8374,羅昇,99,52,47,國泰-台南,2024-08-02,8884
8071,能率網通,105,58,47,國泰-台南,2024-08-02,8884
00929,復華台灣科技優息,2671,844,1827,國泰-台南,2024-08-05,8884
00940,元大台灣價值高息,1861,407,1454,國泰-台南,2024-08-05,8884
00878,國泰永續高股息,1453,434,1019,國泰-台南,2024-08-05,8884
00632R,元大台灣50反1,2926,2089,837,國泰-台南,2024-08-05,8884
00919,群益台灣精選高息,1034,340,694,國泰-台南,2024-08-05,8884
00679B,元大美債20年,837,259,578,國泰-台南,2024-08-05,8884
2812,台中銀,630,65,565,國泰-台南,2024-08-05,8884
00937B,群益ESG投等債20,1076,514,562,國泰-台南,2024-08-05,8884
00680L,元大美債20正2,692,228,464,國泰-台南,2024-08-05,8884
0056,元大高股息,450,71,379,國泰-台南,2024-08-05,8884
00946,群益科技高息成長,334,24,310,國泰-台南,2024-08-05,8884
00715L,期街口布蘭特正2,292,10,282,國泰-台南,2024-08-05,8884
2317,鴻海,342,112,230,國泰-台南,2024-08-05,8884
00688L,國泰20年美債正2,809,580,229,國泰-台南,2024-08-05,8884
006208,富邦台50,285,56,229,國泰-台南,2024-08-05,8884
00650L,復華香港正2,225,3,222,國泰-台南,2024-08-05,8884
00881,國泰台灣5G+,300,79,221,國泰-台南,2024-08-05,8884
3663,鑫科,155,18,137,國泰-台南,2024-08-05,8884
2330,台積電,239,103,136,國泰-台南,2024-08-05,8884
00665L,富邦�琤肭磪囓�2,143,28,115,國泰-台南,2024-08-05,8884
2883,凱基金,231,123,108,國泰-台南,2024-08-05,8884
2409,友達,161,56,105,國泰-台南,2024-08-05,8884
2834,臺企銀,183,82,101,國泰-台南,2024-08-05,8884
00676R,富邦臺灣加權反1,102,2,100,國泰-台南,2024-08-05,8884
2633,台灣高鐵,106,10,96,國泰-台南,2024-08-05,8884
00923,群益台ESG低碳50,151,56,95,國泰-台南,2024-08-05,8884
4510,高鋒,398,304,94,國泰-台南,2024-08-05,8884
2614,東森,90,1,89,國泰-台南,2024-08-05,8884
00918,大華優利高填息30,116,30,86,國泰-台南,2024-08-05,8884
2891,中信金,157,73,84,國泰-台南,2024-08-05,8884
1522,堤維西,83,0,83,國泰-台南,2024-08-05,8884
0050,元大台灣50,108,25,83,國泰-台南,2024-08-05,8884
00706L,期元大S＆P日圓正2,127,47,80,國泰-台南,2024-08-05,8884
6477,安集,195,116,79,國泰-台南,2024-08-05,8884
2014,中鴻,82,5,77,國泰-台南,2024-08-05,8884
00948B,中信優息投資級債,75,0,75,國泰-台南,2024-08-05,8884
5206,坤悅,73,0,73,國泰-台南,2024-08-05,8884
2367,燿華,78,7,71,國泰-台南,2024-08-05,8884
00922,國泰台灣領袖50,72,2,70,國泰-台南,2024-08-05,8884
00932,兆豐永續高息等權,88,20,68,國泰-台南,2024-08-05,8884
6770,力積電,91,24,67,國泰-台南,2024-08-05,8884
2855,統一證,67,0,67,國泰-台南,2024-08-05,8884
00939,統一台灣高息動能,137,70,67,國泰-台南,2024-08-05,8884
2801,彰銀,69,3,66,國泰-台南,2024-08-05,8884
2884,玉山金,112,46,66,國泰-台南,2024-08-05,8884
00934,中信成長高股息,136,71,65,國泰-台南,2024-08-05,8884
2061,風青,61,0,61,國泰-台南,2024-08-05,8884
1314,中石化,163,103,60,國泰-台南,2024-08-05,8884
00927,群益半導體收益,66,8,58,國泰-台南,2024-08-05,8884
00795B,中信美國公債20年,103,46,57,國泰-台南,2024-08-05,8884
00632R,元大台灣50反1,3058,2274,784,國泰-台南,2024-08-06,8884
2317,鴻海,753,422,331,國泰-台南,2024-08-06,8884
00881,國泰台灣5G+,376,70,306,國泰-台南,2024-08-06,8884
2614,東森,321,25,296,國泰-台南,2024-08-06,8884
00940,元大台灣價值高息,522,229,293,國泰-台南,2024-08-06,8884
00948B,中信優息投資級債,248,7,241,國泰-台南,2024-08-06,8884
00929,復華台灣科技優息,660,453,207,國泰-台南,2024-08-06,8884
9105,泰金寶-DR,220,62,158,國泰-台南,2024-08-06,8884
00933B,國泰10Y+金融債,178,37,141,國泰-台南,2024-08-06,8884
00946,群益科技高息成長,184,64,120,國泰-台南,2024-08-06,8884
00878,國泰永續高股息,392,274,118,國泰-台南,2024-08-06,8884
0056,元大高股息,188,75,113,國泰-台南,2024-08-06,8884
4306,炎洲,164,53,111,國泰-台南,2024-08-06,8884
1540,喬福,527,417,110,國泰-台南,2024-08-06,8884
00936,台新永續高息中小,119,13,106,國泰-台南,2024-08-06,8884
00715L,期街口布蘭特正2,104,0,104,國泰-台南,2024-08-06,8884
3715,定穎投控,105,24,81,國泰-台南,2024-08-06,8884
00932,兆豐永續高息等權,97,16,81,國泰-台南,2024-08-06,8884
2509,全坤建,77,0,77,國泰-台南,2024-08-06,8884
9944,新麗,73,3,70,國泰-台南,2024-08-06,8884
00712,復華富時不動產,71,11,60,國泰-台南,2024-08-06,8884
1905,華紙,59,2,57,國泰-台南,2024-08-06,8884
3013,晟銘電,68,11,57,國泰-台南,2024-08-06,8884
00713,元大台灣高息低波,84,36,48,國泰-台南,2024-08-06,8884
1597,直得,62,16,46,國泰-台南,2024-08-06,8884
0050,元大台灣50,91,48,43,國泰-台南,2024-08-06,8884
4934,太極,43,0,43,國泰-台南,2024-08-06,8884
1514,亞力,76,35,41,國泰-台南,2024-08-06,8884
2603,長榮,67,26,41,國泰-台南,2024-08-06,8884
2337,旺宏,126,86,40,國泰-台南,2024-08-06,8884
2882,國泰金,77,36,41,國泰-台南,2024-08-06,8884
00945B,凱基美國非投等債,40,0,40,國泰-台南,2024-08-06,8884
2537,聯上發,49,9,40,國泰-台南,2024-08-06,8884
2884,玉山金,55,15,40,國泰-台南,2024-08-06,8884
6477,安集,43,4,39,國泰-台南,2024-08-06,8884
4958,臻鼎-KY,45,7,38,國泰-台南,2024-08-06,8884
2406,國碩,43,5,38,國泰-台南,2024-08-06,8884
2516,新建,77,40,37,國泰-台南,2024-08-06,8884
4919,新唐,36,1,35,國泰-台南,2024-08-06,8884
2618,長榮航,101,69,32,國泰-台南,2024-08-06,8884
2362,藍天,67,36,31,國泰-台南,2024-08-06,8884
00724B,群益投資級金融債,30,0,30,國泰-台南,2024-08-06,8884
8390,金益鼎,30,0,30,國泰-台南,2024-08-06,8884
4540,全球傳動,30,1,29,國泰-台南,2024-08-06,8884
2464,盟立,54,26,28,國泰-台南,2024-08-06,8884
2834,臺企銀,67,39,28,國泰-台南,2024-08-06,8884
00900,富邦特選高股息30,31,3,28,國泰-台南,2024-08-06,8884
2609,陽明,117,91,26,國泰-台南,2024-08-06,8884
00650L,復華香港正2,26,0,26,國泰-台南,2024-08-06,8884
2438,翔耀,25,0,25,國泰-台南,2024-08-06,8884
00929,復華台灣科技優息,761,355,406,國泰-台南,2024-08-07,8884
2867,三商壽,488,84,404,國泰-台南,2024-08-07,8884
00878,國泰永續高股息,372,128,244,國泰-台南,2024-08-07,8884
00919,群益台灣精選高息,288,93,195,國泰-台南,2024-08-07,8884
2317,鴻海,426,245,181,國泰-台南,2024-08-07,8884
00712,復華富時不動產,174,14,160,國泰-台南,2024-08-07,8884
2409,友達,216,103,113,國泰-台南,2024-08-07,8884
00931B,統一美債20年,119,8,111,國泰-台南,2024-08-07,8884
4540,全球傳動,128,18,110,國泰-台南,2024-08-07,8884
00900,富邦特選高股息30,99,0,99,國泰-台南,2024-08-07,8884
00936,台新永續高息中小,96,1,95,國泰-台南,2024-08-07,8884
00715L,期街口布蘭特正2,177,86,91,國泰-台南,2024-08-07,8884
00675L,富邦臺灣加權正2,82,3,79,國泰-台南,2024-08-07,8884
2886,兆豐金,86,13,73,國泰-台南,2024-08-07,8884
4306,炎洲,66,0,66,國泰-台南,2024-08-07,8884
00679B,元大美債20年,297,236,61,國泰-台南,2024-08-07,8884
2887,台新金,57,5,52,國泰-台南,2024-08-07,8884
00664R,國泰臺灣加權反1,45,0,45,國泰-台南,2024-08-07,8884
4934,太極,49,5,44,國泰-台南,2024-08-07,8884
2312,金寶,124,81,43,國泰-台南,2024-08-07,8884
00830,國泰費城半導體,44,4,40,國泰-台南,2024-08-07,8884
4956,光鋐,36,1,35,國泰-台南,2024-08-07,8884
00639,富邦深100,35,0,35,國泰-台南,2024-08-07,8884
00948B,中信優息投資級債,52,18,34,國泰-台南,2024-08-07,8884
00905,FT臺灣Smart,33,0,33,國泰-台南,2024-08-07,8884
2382,廣達,69,37,32,國泰-台南,2024-08-07,8884
3037,欣興,53,22,31,國泰-台南,2024-08-07,8884
006207,復華滬深,30,0,30,國泰-台南,2024-08-07,8884
2206,三陽工業,28,0,28,國泰-台南,2024-08-07,8884
2884,玉山金,33,5,28,國泰-台南,2024-08-07,8884
3339,泰谷,29,2,27,國泰-台南,2024-08-07,8884
006208,富邦台50,51,25,26,國泰-台南,2024-08-07,8884
2204,中華,26,1,25,國泰-台南,2024-08-07,8884
1101,台泥,29,5,24,國泰-台南,2024-08-07,8884
00918,大華優利高填息30,26,3,23,國泰-台南,2024-08-07,8884
00927,群益半導體收益,25,2,23,國泰-台南,2024-08-07,8884
2501,國建,27,7,20,國泰-台南,2024-08-07,8884
2516,新建,30,10,20,國泰-台南,2024-08-07,8884
00640L,富邦日本正2,20,1,19,國泰-台南,2024-08-07,8884
1608,華榮,39,21,18,國泰-台南,2024-08-07,8884
00642U,期元大S＆P石油,17,0,17,國泰-台南,2024-08-07,8884
2892,第一金,31,14,17,國泰-台南,2024-08-07,8884
00680L,元大美債20正2,137,120,17,國泰-台南,2024-08-07,8884
00923,群益台ESG低碳50,30,14,16,國泰-台南,2024-08-07,8884
2609,陽明,63,48,15,國泰-台南,2024-08-07,8884
00852L,國泰美國道瓊正2,15,0,15,國泰-台南,2024-08-07,8884
2356,英業達,36,21,15,國泰-台南,2024-08-07,8884
2377,微星,17,4,13,國泰-台南,2024-08-07,8884
3710,連展投控,13,0,13,國泰-台南,2024-08-07,8884
00949,復華日本龍頭,19,6,13,國泰-台南,2024-08-07,8884
00948B,中信優息投資級債,569,41,528,國泰-台南,2024-08-08,8884
00878,國泰永續高股息,427,27,400,國泰-台南,2024-08-08,8884
00929,復華台灣科技優息,478,184,294,國泰-台南,2024-08-08,8884
2615,萬海,327,73,254,國泰-台南,2024-08-08,8884
2834,臺企銀,221,3,218,國泰-台南,2024-08-08,8884
00673R,期元大S＆P原油反1,200,1,199,國泰-台南,2024-08-08,8884
9944,新麗,169,0,169,國泰-台南,2024-08-08,8884
00937B,群益ESG投等債20,325,158,167,國泰-台南,2024-08-08,8884
2317,鴻海,402,265,137,國泰-台南,2024-08-08,8884
00945B,凱基美國非投等債,107,0,107,國泰-台南,2024-08-08,8884
00936,台新永續高息中小,94,1,93,國泰-台南,2024-08-08,8884
8096,擎亞,189,98,91,國泰-台南,2024-08-08,8884
00940,元大台灣價值高息,107,28,79,國泰-台南,2024-08-08,8884
00632R,元大台灣50反1,668,594,74,國泰-台南,2024-08-08,8884
8021,尖點,72,0,72,國泰-台南,2024-08-08,8884
2886,兆豐金,139,68,71,國泰-台南,2024-08-08,8884
1714,和桐,75,5,70,國泰-台南,2024-08-08,8884
2382,廣達,93,39,54,國泰-台南,2024-08-08,8884
00902,中信電池及儲能,54,0,54,國泰-台南,2024-08-08,8884
6189,豐藝,54,2,52,國泰-台南,2024-08-08,8884
3048,益登,74,24,50,國泰-台南,2024-08-08,8884
4510,高鋒,406,358,48,國泰-台南,2024-08-08,8884
2486,一詮,69,23,46,國泰-台南,2024-08-08,8884
2349,錸德,137,92,45,國泰-台南,2024-08-08,8884
00933B,國泰10Y+金融債,53,12,41,國泰-台南,2024-08-08,8884
0050,元大台灣50,50,9,41,國泰-台南,2024-08-08,8884
00712,復華富時不動產,50,10,40,國泰-台南,2024-08-08,8884
3481,群創,121,81,40,國泰-台南,2024-08-08,8884
00900,富邦特選高股息30,49,10,39,國泰-台南,2024-08-08,8884
1316,上曜,38,0,38,國泰-台南,2024-08-08,8884
1569,濱川,37,1,36,國泰-台南,2024-08-08,8884
2892,第一金,58,22,36,國泰-台南,2024-08-08,8884
006208,富邦台50,51,16,35,國泰-台南,2024-08-08,8884
0056,元大高股息,55,21,34,國泰-台南,2024-08-08,8884
2344,華邦電,38,5,33,國泰-台南,2024-08-08,8884
2542,興富發,72,40,32,國泰-台南,2024-08-08,8884
2365,昆盈,399,368,31,國泰-台南,2024-08-08,8884
2516,新建,30,0,30,國泰-台南,2024-08-08,8884
2515,中工,58,29,29,國泰-台南,2024-08-08,8884
9105,泰金寶-DR,30,1,29,國泰-台南,2024-08-08,8884
5519,隆大,43,14,29,國泰-台南,2024-08-08,8884
2376,技嘉,32,7,25,國泰-台南,2024-08-08,8884
2609,陽明,92,67,25,國泰-台南,2024-08-08,8884
00918,大華優利高填息30,25,0,25,國泰-台南,2024-08-08,8884
2406,國碩,24,0,24,國泰-台南,2024-08-08,8884
2891,中信金,96,72,24,國泰-台南,2024-08-08,8884
1337,再生-KY,23,0,23,國泰-台南,2024-08-08,8884
2208,台船,21,0,21,國泰-台南,2024-08-08,8884
00928,中信上櫃ESG30,21,0,21,國泰-台南,2024-08-08,8884
1514,亞力,27,7,20,國泰-台南,2024-08-08,8884
00937B,群益ESG投等債20,1181,217,964,國泰-台南,2024-08-09,8884
00688L,國泰20年美債正2,314,67,247,國泰-台南,2024-08-09,8884
00722B,群益投資級電信債,245,1,244,國泰-台南,2024-08-09,8884
00679B,元大美債20年,319,83,236,國泰-台南,2024-08-09,8884
00948B,中信優息投資級債,301,84,217,國泰-台南,2024-08-09,8884
2369,菱生,202,0,202,國泰-台南,2024-08-09,8884
00680L,元大美債20正2,621,449,172,國泰-台南,2024-08-09,8884
00929,復華台灣科技優息,650,480,170,國泰-台南,2024-08-09,8884
2834,臺企銀,193,32,161,國泰-台南,2024-08-09,8884
2062,橋椿,145,2,143,國泰-台南,2024-08-09,8884
00878,國泰永續高股息,233,111,122,國泰-台南,2024-08-09,8884
3518,柏騰,113,4,109,國泰-台南,2024-08-09,8884
02001R,富邦蘋果反一N,100,0,100,國泰-台南,2024-08-09,8884
00933B,國泰10Y+金融債,108,20,88,國泰-台南,2024-08-09,8884
00919,群益台灣精選高息,163,75,88,國泰-台南,2024-08-09,8884
3024,憶聲,134,49,85,國泰-台南,2024-08-09,8884
00795B,中信美國公債20年,70,0,70,國泰-台南,2024-08-09,8884
00637L,元大滬深300正2,67,0,67,國泰-台南,2024-08-09,8884
2365,昆盈,512,448,64,國泰-台南,2024-08-09,8884
00772B,中信高評級公司債,68,5,63,國泰-台南,2024-08-09,8884
2615,萬海,336,274,62,國泰-台南,2024-08-09,8884
00673R,期元大S＆P原油反1,53,2,51,國泰-台南,2024-08-09,8884
6532,瑞耘,90,39,51,國泰-台南,2024-08-09,8884
2353,宏��,71,21,50,國泰-台南,2024-08-09,8884
4534,慶騰,50,6,44,國泰-台南,2024-08-09,8884
00715L,期街口布蘭特正2,106,62,44,國泰-台南,2024-08-09,8884
1609,大亞,112,70,42,國泰-台南,2024-08-09,8884
00675L,富邦臺灣加權正2,76,37,39,國泰-台南,2024-08-09,8884
2880,華南金,55,20,35,國泰-台南,2024-08-09,8884
8071,能率網通,39,6,33,國泰-台南,2024-08-09,8884
00639,富邦深100,30,0,30,國泰-台南,2024-08-09,8884
1569,濱川,33,6,27,國泰-台南,2024-08-09,8884
3231,緯創,64,37,27,國泰-台南,2024-08-09,8884
00720B,元大投資級公司債,41,16,25,國泰-台南,2024-08-09,8884
0056,元大高股息,49,25,24,國泰-台南,2024-08-09,8884
4934,太極,22,0,22,國泰-台南,2024-08-09,8884
00669R,國泰美國道瓊反1,22,0,22,國泰-台南,2024-08-09,8884
9904,寶成,22,0,22,國泰-台南,2024-08-09,8884
3060,銘異,22,0,22,國泰-台南,2024-08-09,8884
00951,台新日本半導體,21,0,21,國泰-台南,2024-08-09,8884
2892,第一金,25,4,21,國泰-台南,2024-08-09,8884
2344,華邦電,38,17,21,國泰-台南,2024-08-09,8884
2243,宏旭-KY,49,29,20,國泰-台南,2024-08-09,8884
2542,興富發,28,9,19,國泰-台南,2024-08-09,8884
1536,和大,44,26,18,國泰-台南,2024-08-09,8884
2603,長榮,71,53,18,國泰-台南,2024-08-09,8884
00882,中信中國高股息,27,9,18,國泰-台南,2024-08-09,8884
3046,建��,23,6,17,國泰-台南,2024-08-09,8884
9944,新麗,16,0,16,國泰-台南,2024-08-09,8884
2312,金寶,99,83,16,國泰-台南,2024-08-09,8884
00687B,國泰20年美債,415,133,282,國泰-台南,2024-08-12,8884
00936,台新永續高息中小,227,1,226,國泰-台南,2024-08-12,8884
00795B,中信美國公債20年,235,19,216,國泰-台南,2024-08-12,8884
00878,國泰永續高股息,269,65,204,國泰-台南,2024-08-12,8884
2312,金寶,411,248,163,國泰-台南,2024-08-12,8884
00679B,元大美債20年,340,181,159,國泰-台南,2024-08-12,8884
00931B,統一美債20年,142,4,138,國泰-台南,2024-08-12,8884
00632R,元大台灣50反1,591,463,128,國泰-台南,2024-08-12,8884
2324,仁寶,109,2,107,國泰-台南,2024-08-12,8884
8374,羅昇,120,39,81,國泰-台南,2024-08-12,8884
00712,復華富時不動產,88,19,69,國泰-台南,2024-08-12,8884
2349,錸德,75,7,68,國泰-台南,2024-08-12,8884
00919,群益台灣精選高息,119,56,63,國泰-台南,2024-08-12,8884
4303,信立,66,10,56,國泰-台南,2024-08-12,8884
4540,全球傳動,65,16,49,國泰-台南,2024-08-12,8884
4562,穎漢,172,125,47,國泰-台南,2024-08-12,8884
00923,群益台ESG低碳50,57,12,45,國泰-台南,2024-08-12,8884
00688L,國泰20年美債正2,77,35,42,國泰-台南,2024-08-12,8884
3663,鑫科,209,168,41,國泰-台南,2024-08-12,8884
2376,技嘉,81,42,39,國泰-台南,2024-08-12,8884
00929,復華台灣科技優息,253,218,35,國泰-台南,2024-08-12,8884
5905,南仁湖,35,0,35,國泰-台南,2024-08-12,8884
6582,申豐,34,0,34,國泰-台南,2024-08-12,8884
2891,中信金,56,23,33,國泰-台南,2024-08-12,8884
00900,富邦特選高股息30,33,1,32,國泰-台南,2024-08-12,8884
00882,中信中國高股息,46,15,31,國泰-台南,2024-08-12,8884
9105,泰金寶-DR,35,5,30,國泰-台南,2024-08-12,8884
00722B,群益投資級電信債,30,0,30,國泰-台南,2024-08-12,8884
3284,太普高,30,1,29,國泰-台南,2024-08-12,8884
4523,永彰,29,1,28,國泰-台南,2024-08-12,8884
2882,國泰金,45,16,29,國泰-台南,2024-08-12,8884
2062,橋椿,65,38,27,國泰-台南,2024-08-12,8884
2007,燁興,32,5,27,國泰-台南,2024-08-12,8884
3265,台星科,27,1,26,國泰-台南,2024-08-12,8884
2515,中工,29,8,21,國泰-台南,2024-08-12,8884
3518,柏騰,33,12,21,國泰-台南,2024-08-12,8884
1785,光洋科,42,22,20,國泰-台南,2024-08-12,8884
4533,協易機,50,31,19,國泰-台南,2024-08-12,8884
1513,中興電,78,60,18,國泰-台南,2024-08-12,8884
2489,瑞軒,71,53,18,國泰-台南,2024-08-12,8884
2353,宏��,27,9,18,國泰-台南,2024-08-12,8884
3535,晶彩科,67,50,17,國泰-台南,2024-08-12,8884
2313,華通,22,5,17,國泰-台南,2024-08-12,8884
3048,益登,39,23,16,國泰-台南,2024-08-12,8884
8096,擎亞,61,45,16,國泰-台南,2024-08-12,8884
1336,台翰,15,0,15,國泰-台南,2024-08-12,8884
2605,新興,15,0,15,國泰-台南,2024-08-12,8884
2464,盟立,73,58,15,國泰-台南,2024-08-12,8884
2834,臺企銀,18,3,15,國泰-台南,2024-08-12,8884
00631L,元大台灣50正2,22,8,14,國泰-台南,2024-08-12,8884
00632R,元大台灣50反1,620,205,415,國泰-台南,2024-08-13,8884
00688L,國泰20年美債正2,368,10,358,國泰-台南,2024-08-13,8884
2516,新建,241,0,241,國泰-台南,2024-08-13,8884
1608,華榮,200,3,197,國泰-台南,2024-08-13,8884
00878,國泰永續高股息,236,61,175,國泰-台南,2024-08-13,8884
2615,萬海,204,64,140,國泰-台南,2024-08-13,8884
2609,陽明,165,49,116,國泰-台南,2024-08-13,8884
1532,勤美,110,0,110,國泰-台南,2024-08-13,8884
00918,大華優利高填息30,110,0,110,國泰-台南,2024-08-13,8884
2880,華南金,109,4,105,國泰-台南,2024-08-13,8884
00919,群益台灣精選高息,126,28,98,國泰-台南,2024-08-13,8884
00679B,元大美債20年,167,82,85,國泰-台南,2024-08-13,8884
3481,群創,118,37,81,國泰-台南,2024-08-13,8884
00948B,中信優息投資級債,83,3,80,國泰-台南,2024-08-13,8884
4414,如興,70,0,70,國泰-台南,2024-08-13,8884
00772B,中信高評級公司債,69,0,69,國泰-台南,2024-08-13,8884
2886,兆豐金,65,1,64,國泰-台南,2024-08-13,8884
8071,能率網通,132,73,59,國泰-台南,2024-08-13,8884
00720B,元大投資級公司債,65,9,56,國泰-台南,2024-08-13,8884
00881,國泰台灣5G+,146,95,51,國泰-台南,2024-08-13,8884
00751B,元大AAA至A公司債,55,4,51,國泰-台南,2024-08-13,8884
2801,彰銀,62,11,51,國泰-台南,2024-08-13,8884
6838,台新藥,53,6,47,國泰-台南,2024-08-13,8884
00712,復華富時不動產,53,6,47,國泰-台南,2024-08-13,8884
00795B,中信美國公債20年,47,0,47,國泰-台南,2024-08-13,8884
00945B,凱基美國非投等債,49,3,46,國泰-台南,2024-08-13,8884
1101,台泥,47,5,42,國泰-台南,2024-08-13,8884
2603,長榮,53,12,41,國泰-台南,2024-08-13,8884
2891,中信金,77,37,40,國泰-台南,2024-08-13,8884
6505,台塑化,36,1,35,國泰-台南,2024-08-13,8884
00857B,永豐20年美公債,37,4,33,國泰-台南,2024-08-13,8884
6443,元晶,32,1,31,國泰-台南,2024-08-13,8884
2834,臺企銀,37,6,31,國泰-台南,2024-08-13,8884
2892,第一金,30,0,30,國泰-台南,2024-08-13,8884
00650L,復華香港正2,30,0,30,國泰-台南,2024-08-13,8884
1513,中興電,91,61,30,國泰-台南,2024-08-13,8884
2441,超豐,31,2,29,國泰-台南,2024-08-13,8884
00907,永豐優息存股,26,0,26,國泰-台南,2024-08-13,8884
1326,台化,27,2,25,國泰-台南,2024-08-13,8884
2002,中鋼,27,2,25,國泰-台南,2024-08-13,8884
1314,中石化,56,32,24,國泰-台南,2024-08-13,8884
00951,台新日本半導體,25,2,23,國泰-台南,2024-08-13,8884
00923,群益台ESG低碳50,34,12,22,國泰-台南,2024-08-13,8884
2515,中工,29,8,21,國泰-台南,2024-08-13,8884
2884,玉山金,24,3,21,國泰-台南,2024-08-13,8884
1321,大洋,20,0,20,國泰-台南,2024-08-13,8884
1301,台塑,35,16,19,國泰-台南,2024-08-13,8884
3037,欣興,31,12,19,國泰-台南,2024-08-13,8884
3339,泰谷,33,14,19,國泰-台南,2024-08-13,8884
1733,五鼎,18,0,18,國泰-台南,2024-08-13,8884
00945B,凱基美國非投等債,400,0,400,國泰-台南,2024-08-14,8884
00679B,元大美債20年,219,13,206,國泰-台南,2024-08-14,8884
2516,新建,120,0,120,國泰-台南,2024-08-14,8884
3481,群創,213,93,120,國泰-台南,2024-08-14,8884
3581,博磊,108,2,106,國泰-台南,2024-08-14,8884
00878,國泰永續高股息,175,76,99,國泰-台南,2024-08-14,8884
9944,新麗,99,0,99,國泰-台南,2024-08-14,8884
00688L,國泰20年美債正2,136,39,97,國泰-台南,2024-08-14,8884
00936,台新永續高息中小,87,0,87,國泰-台南,2024-08-14,8884
00900,富邦特選高股息30,99,13,86,國泰-台南,2024-08-14,8884
00929,復華台灣科技優息,314,234,80,國泰-台南,2024-08-14,8884
00675L,富邦臺灣加權正2,144,64,80,國泰-台南,2024-08-14,8884
4555,氣立,78,4,74,國泰-台南,2024-08-14,8884
00687B,國泰20年美債,169,96,73,國泰-台南,2024-08-14,8884
00632R,元大台灣50反1,344,285,59,國泰-台南,2024-08-14,8884
00915,凱基優選高股息30,55,2,53,國泰-台南,2024-08-14,8884
00712,復華富時不動產,49,2,47,國泰-台南,2024-08-14,8884
2014,中鴻,54,13,41,國泰-台南,2024-08-14,8884
00937B,群益ESG投等債20,86,45,41,國泰-台南,2024-08-14,8884
00948B,中信優息投資級債,37,0,37,國泰-台南,2024-08-14,8884
2464,盟立,77,40,37,國泰-台南,2024-08-14,8884
5386,青雲,35,2,33,國泰-台南,2024-08-14,8884
00923,群益台ESG低碳50,43,11,32,國泰-台南,2024-08-14,8884
8043,蜜望實,74,43,31,國泰-台南,2024-08-14,8884
6152,百一,30,0,30,國泰-台南,2024-08-14,8884
3518,柏騰,38,9,29,國泰-台南,2024-08-14,8884
00795B,中信美國公債20年,28,0,28,國泰-台南,2024-08-14,8884
2610,華航,31,3,28,國泰-台南,2024-08-14,8884
6807,峰源-KY,30,4,26,國泰-台南,2024-08-14,8884
3013,晟銘電,69,44,25,國泰-台南,2024-08-14,8884
00891,中信關鍵半導體,108,84,24,國泰-台南,2024-08-14,8884
00918,大華優利高填息30,30,6,24,國泰-台南,2024-08-14,8884
1101,台泥,71,47,24,國泰-台南,2024-08-14,8884
2880,華南金,29,5,24,國泰-台南,2024-08-14,8884
1785,光洋科,52,30,22,國泰-台南,2024-08-14,8884
2313,華通,61,40,21,國泰-台南,2024-08-14,8884
4513,福裕,98,78,20,國泰-台南,2024-08-14,8884
1514,亞力,58,40,18,國泰-台南,2024-08-14,8884
4306,炎洲,22,4,18,國泰-台南,2024-08-14,8884
1513,中興電,77,59,18,國泰-台南,2024-08-14,8884
2609,陽明,73,55,18,國泰-台南,2024-08-14,8884
2888,新光金,62,44,18,國泰-台南,2024-08-14,8884
2356,英業達,24,6,18,國泰-台南,2024-08-14,8884
00882,中信中國高股息,18,0,18,國泰-台南,2024-08-14,8884
00664R,國泰臺灣加權反1,19,2,17,國泰-台南,2024-08-14,8884
00708L,期元大S＆P黃金正2,22,6,16,國泰-台南,2024-08-14,8884
00951,台新日本半導體,26,10,16,國泰-台南,2024-08-14,8884
6446,藥華藥,34,19,15,國泰-台南,2024-08-14,8884
00637L,元大滬深300正2,15,0,15,國泰-台南,2024-08-14,8884
8390,金益鼎,15,1,14,國泰-台南,2024-08-14,8884
00688L,國泰20年美債正2,2950,293,2657,國泰-台南,2024-08-15,8884
00680L,元大美債20正2,625,5,620,國泰-台南,2024-08-15,8884
00687B,國泰20年美債,870,265,605,國泰-台南,2024-08-15,8884
00881,國泰台灣5G+,522,15,507,國泰-台南,2024-08-15,8884
00632R,元大台灣50反1,576,77,499,國泰-台南,2024-08-15,8884
00878,國泰永續高股息,520,150,370,國泰-台南,2024-08-15,8884
9105,泰金寶-DR,291,82,209,國泰-台南,2024-08-15,8884
00900,富邦特選高股息30,201,13,188,國泰-台南,2024-08-15,8884
5011,久陽,162,9,153,國泰-台南,2024-08-15,8884
00679B,元大美債20年,215,64,151,國泰-台南,2024-08-15,8884
2002,中鋼,108,6,102,國泰-台南,2024-08-15,8884
00948B,中信優息投資級債,102,0,102,國泰-台南,2024-08-15,8884
2886,兆豐金,99,6,93,國泰-台南,2024-08-15,8884
00933B,國泰10Y+金融債,114,32,82,國泰-台南,2024-08-15,8884
5206,坤悅,77,0,77,國泰-台南,2024-08-15,8884
3260,威剛,81,4,77,國泰-台南,2024-08-15,8884
2317,鴻海,170,96,74,國泰-台南,2024-08-15,8884
2516,新建,70,0,70,國泰-台南,2024-08-15,8884
00919,群益台灣精選高息,85,23,62,國泰-台南,2024-08-15,8884
1101,台泥,56,3,53,國泰-台南,2024-08-15,8884
2834,臺企銀,56,5,51,國泰-台南,2024-08-15,8884
00945B,凱基美國非投等債,51,0,51,國泰-台南,2024-08-15,8884
00664R,國泰臺灣加權反1,50,0,50,國泰-台南,2024-08-15,8884
00674R,期元大S＆P黃金反1,50,0,50,國泰-台南,2024-08-15,8884
3663,鑫科,203,155,48,國泰-台南,2024-08-15,8884
2905,三商,50,2,48,國泰-台南,2024-08-15,8884
2023,燁輝,48,0,48,國泰-台南,2024-08-15,8884
00795B,中信美國公債20年,45,0,45,國泰-台南,2024-08-15,8884
2344,華邦電,52,10,42,國泰-台南,2024-08-15,8884
00673R,期元大S＆P原油反1,52,10,42,國泰-台南,2024-08-15,8884
2892,第一金,37,0,37,國泰-台南,2024-08-15,8884
00936,台新永續高息中小,71,35,36,國泰-台南,2024-08-15,8884
9904,寶成,67,31,36,國泰-台南,2024-08-15,8884
00891,中信關鍵半導體,52,18,34,國泰-台南,2024-08-15,8884
00922,國泰台灣領袖50,36,2,34,國泰-台南,2024-08-15,8884
8021,尖點,38,6,32,國泰-台南,2024-08-15,8884
3230,錦明,35,4,31,國泰-台南,2024-08-15,8884
3711,日月光投控,36,5,31,國泰-台南,2024-08-15,8884
1514,亞力,48,17,31,國泰-台南,2024-08-15,8884
00773B,中信優先金融債,30,0,30,國泰-台南,2024-08-15,8884
3645,達邁,93,63,30,國泰-台南,2024-08-15,8884
8043,蜜望實,49,20,29,國泰-台南,2024-08-15,8884
00929,復華台灣科技優息,285,257,28,國泰-台南,2024-08-15,8884
00932,兆豐永續高息等權,27,0,27,國泰-台南,2024-08-15,8884
5371,中光電,47,21,26,國泰-台南,2024-08-15,8884
4513,福裕,51,25,26,國泰-台南,2024-08-15,8884
2801,彰銀,33,8,25,國泰-台南,2024-08-15,8884
2312,金寶,67,43,24,國泰-台南,2024-08-15,8884
3303,岱稜,44,21,23,國泰-台南,2024-08-15,8884
2880,華南金,24,2,22,國泰-台南,2024-08-15,8884
00680L,元大美債20正2,312,16,296,國泰-台南,2024-08-16,8884
00632R,元大台灣50反1,575,305,270,國泰-台南,2024-08-16,8884
00687B,國泰20年美債,291,120,171,國泰-台南,2024-08-16,8884
00688L,國泰20年美債正2,254,92,162,國泰-台南,2024-08-16,8884
00929,復華台灣科技優息,433,284,149,國泰-台南,2024-08-16,8884
00878,國泰永續高股息,395,251,144,國泰-台南,2024-08-16,8884
3663,鑫科,243,111,132,國泰-台南,2024-08-16,8884
00857B,永豐20年美公債,123,0,123,國泰-台南,2024-08-16,8884
00664R,國泰臺灣加權反1,118,0,118,國泰-台南,2024-08-16,8884
8070,長華*,138,23,115,國泰-台南,2024-08-16,8884
4534,慶騰,116,5,111,國泰-台南,2024-08-16,8884
3498,陽程,108,17,91,國泰-台南,2024-08-16,8884
8096,擎亞,270,180,90,國泰-台南,2024-08-16,8884
00673R,期元大S＆P原油反1,82,1,81,國泰-台南,2024-08-16,8884
3339,泰谷,88,13,75,國泰-台南,2024-08-16,8884
00795B,中信美國公債20年,73,2,71,國泰-台南,2024-08-16,8884
2516,新建,70,0,70,國泰-台南,2024-08-16,8884
3048,益登,123,53,70,國泰-台南,2024-08-16,8884
1444,力麗,68,0,68,國泰-台南,2024-08-16,8884
00933B,國泰10Y+金融債,63,2,61,國泰-台南,2024-08-16,8884
2009,第一銅,57,6,51,國泰-台南,2024-08-16,8884
00679B,元大美債20年,257,207,50,國泰-台南,2024-08-16,8884
00675L,富邦臺灣加權正2,54,7,47,國泰-台南,2024-08-16,8884
1611,中電,62,16,46,國泰-台南,2024-08-16,8884
6189,豐藝,53,9,44,國泰-台南,2024-08-16,8884
2363,矽統,82,43,39,國泰-台南,2024-08-16,8884
9105,泰金寶-DR,84,46,38,國泰-台南,2024-08-16,8884
6505,台塑化,33,3,30,國泰-台南,2024-08-16,8884
5484,慧友,32,4,28,國泰-台南,2024-08-16,8884
2002,中鋼,33,5,28,國泰-台南,2024-08-16,8884
00948B,中信優息投資級債,39,13,26,國泰-台南,2024-08-16,8884
00669R,國泰美國道瓊反1,25,0,25,國泰-台南,2024-08-16,8884
2888,新光金,75,50,25,國泰-台南,2024-08-16,8884
00900,富邦特選高股息30,67,45,22,國泰-台南,2024-08-16,8884
3645,達邁,66,44,22,國泰-台南,2024-08-16,8884
8477,創業家,20,0,20,國泰-台南,2024-08-16,8884
00641R,富邦日本反1,22,2,20,國泰-台南,2024-08-16,8884
5452,佶優,34,16,18,國泰-台南,2024-08-16,8884
00722B,群益投資級電信債,19,1,18,國泰-台南,2024-08-16,8884
2417,圓剛,20,2,18,國泰-台南,2024-08-16,8884
8043,蜜望實,53,35,18,國泰-台南,2024-08-16,8884
00895,富邦未來車,20,2,18,國泰-台南,2024-08-16,8884
1785,光洋科,94,76,18,國泰-台南,2024-08-16,8884
4979,華星光,21,4,17,國泰-台南,2024-08-16,8884
2025,千興,16,0,16,國泰-台南,2024-08-16,8884
2355,敬鵬,17,1,16,國泰-台南,2024-08-16,8884
2356,英業達,26,11,15,國泰-台南,2024-08-16,8884
00931B,統一美債20年,19,4,15,國泰-台南,2024-08-16,8884
00631L,元大台灣50正2,28,13,15,國泰-台南,2024-08-16,8884
5364,力麗店,15,1,14,國泰-台南,2024-08-16,8884
00687B,國泰20年美債,706,56,650,國泰-台南,2024-08-19,8884
2885,元大金,301,82,219,國泰-台南,2024-08-19,8884
00688L,國泰20年美債正2,323,110,213,國泰-台南,2024-08-19,8884
00706L,期元大S＆P日圓正2,166,0,166,國泰-台南,2024-08-19,8884
9105,泰金寶-DR,126,1,125,國泰-台南,2024-08-19,8884
3047,訊舟,348,235,113,國泰-台南,2024-08-19,8884
6218,豪勉,101,1,100,國泰-台南,2024-08-19,8884
00919,群益台灣精選高息,156,59,97,國泰-台南,2024-08-19,8884
6609,瀧澤科,155,61,94,國泰-台南,2024-08-19,8884
00680L,元大美債20正2,432,345,87,國泰-台南,2024-08-19,8884
2888,新光金,336,253,83,國泰-台南,2024-08-19,8884
2243,宏旭-KY,110,30,80,國泰-台南,2024-08-19,8884
3062,建漢,118,40,78,國泰-台南,2024-08-19,8884
9904,寶成,105,41,64,國泰-台南,2024-08-19,8884
00900,富邦特選高股息30,77,16,61,國泰-台南,2024-08-19,8884
00720B,元大投資級公司債,60,2,58,國泰-台南,2024-08-19,8884
3025,星通,59,1,58,國泰-台南,2024-08-19,8884
4523,永彰,68,11,57,國泰-台南,2024-08-19,8884
00731,復華富時高息低波,52,1,51,國泰-台南,2024-08-19,8884
00665L,富邦�琤肭磪囓�2,51,0,51,國泰-台南,2024-08-19,8884
00948B,中信優息投資級債,51,0,51,國泰-台南,2024-08-19,8884
00795B,中信美國公債20年,54,4,50,國泰-台南,2024-08-19,8884
8021,尖點,49,1,48,國泰-台南,2024-08-19,8884
6156,松上,69,23,46,國泰-台南,2024-08-19,8884
2365,昆盈,158,115,43,國泰-台南,2024-08-19,8884
2886,兆豐金,49,8,41,國泰-台南,2024-08-19,8884
1815,富喬,50,13,37,國泰-台南,2024-08-19,8884
2464,盟立,112,75,37,國泰-台南,2024-08-19,8884
00923,群益台ESG低碳50,41,5,36,國泰-台南,2024-08-19,8884
2356,英業達,39,4,35,國泰-台南,2024-08-19,8884
3581,博磊,58,24,34,國泰-台南,2024-08-19,8884
2419,仲琦,37,5,32,國泰-台南,2024-08-19,8884
3557,嘉威,32,0,32,國泰-台南,2024-08-19,8884
1785,光洋科,60,29,31,國泰-台南,2024-08-19,8884
2405,輔信,37,8,29,國泰-台南,2024-08-19,8884
2062,橋椿,170,141,29,國泰-台南,2024-08-19,8884
8028,昇陽半導體,99,71,28,國泰-台南,2024-08-19,8884
8011,台通,30,2,28,國泰-台南,2024-08-19,8884
6207,雷科,106,79,27,國泰-台南,2024-08-19,8884
4906,正文,90,63,27,國泰-台南,2024-08-19,8884
2883,凱基金,31,4,27,國泰-台南,2024-08-19,8884
00945B,凱基美國非投等債,26,0,26,國泰-台南,2024-08-19,8884
2354,鴻準,66,41,25,國泰-台南,2024-08-19,8884
2002,中鋼,57,36,21,國泰-台南,2024-08-19,8884
00931B,統一美債20年,21,0,21,國泰-台南,2024-08-19,8884
00739,元大MSCI A股,20,0,20,國泰-台南,2024-08-19,8884
1718,中纖,20,0,20,國泰-台南,2024-08-19,8884
00662,富邦NASDAQ,19,0,19,國泰-台南,2024-08-19,8884
4720,德淵,20,1,19,國泰-台南,2024-08-19,8884
2609,陽明,40,21,19,國泰-台南,2024-08-19,8884
3339,泰谷,466,2,464,國泰-台南,2024-08-20,8884
2801,彰銀,309,9,300,國泰-台南,2024-08-20,8884
00688L,國泰20年美債正2,441,141,300,國泰-台南,2024-08-20,8884
00715L,期街口布蘭特正2,267,19,248,國泰-台南,2024-08-20,8884
2882,國泰金,192,35,157,國泰-台南,2024-08-20,8884
00687B,國泰20年美債,373,218,155,國泰-台南,2024-08-20,8884
00919,群益台灣精選高息,244,106,138,國泰-台南,2024-08-20,8884
4707,磐亞,136,0,136,國泰-台南,2024-08-20,8884
00680L,元大美債20正2,231,121,110,國泰-台南,2024-08-20,8884
00632R,元大台灣50反1,213,103,110,國泰-台南,2024-08-20,8884
00923,群益台ESG低碳50,122,15,107,國泰-台南,2024-08-20,8884
3027,盛達,100,1,99,國泰-台南,2024-08-20,8884
6160,欣技,102,4,98,國泰-台南,2024-08-20,8884
4729,熒茂,100,3,97,國泰-台南,2024-08-20,8884
2888,新光金,911,818,93,國泰-台南,2024-08-20,8884
1714,和桐,91,2,89,國泰-台南,2024-08-20,8884
00669R,國泰美國道瓊反1,85,0,85,國泰-台南,2024-08-20,8884
2365,昆盈,152,70,82,國泰-台南,2024-08-20,8884
2883,凱基金,88,7,81,國泰-台南,2024-08-20,8884
00929,復華台灣科技優息,229,158,71,國泰-台南,2024-08-20,8884
00954,中信日本半導體,70,0,70,國泰-台南,2024-08-20,8884
00948B,中信優息投資級債,68,3,65,國泰-台南,2024-08-20,8884
00918,大華優利高填息30,64,0,64,國泰-台南,2024-08-20,8884
3047,訊舟,188,129,59,國泰-台南,2024-08-20,8884
00882,中信中國高股息,54,0,54,國泰-台南,2024-08-20,8884
3013,晟銘電,80,30,50,國泰-台南,2024-08-20,8884
3312,弘憶股,144,96,48,國泰-台南,2024-08-20,8884
00907,永豐優息存股,45,0,45,國泰-台南,2024-08-20,8884
00650L,復華香港正2,55,11,44,國泰-台南,2024-08-20,8884
2891,中信金,55,11,44,國泰-台南,2024-08-20,8884
4174,浩鼎,60,18,42,國泰-台南,2024-08-20,8884
2489,瑞軒,89,48,41,國泰-台南,2024-08-20,8884
2062,橋椿,82,42,40,國泰-台南,2024-08-20,8884
00642U,期元大S＆P石油,39,5,34,國泰-台南,2024-08-20,8884
00720B,元大投資級公司債,34,1,33,國泰-台南,2024-08-20,8884
5206,坤悅,33,0,33,國泰-台南,2024-08-20,8884
2453,凌群,33,1,32,國泰-台南,2024-08-20,8884
1785,光洋科,285,253,32,國泰-台南,2024-08-20,8884
8070,長華*,42,11,31,國泰-台南,2024-08-20,8884
2537,聯上發,93,63,30,國泰-台南,2024-08-20,8884
00753L,中信中國50正2,30,0,30,國泰-台南,2024-08-20,8884
00664R,國泰臺灣加權反1,30,0,30,國泰-台南,2024-08-20,8884
1805,寶徠,29,0,29,國泰-台南,2024-08-20,8884
2241,艾姆勒,29,0,29,國泰-台南,2024-08-20,8884
6570,維田,30,1,29,國泰-台南,2024-08-20,8884
2542,興富發,68,40,28,國泰-台南,2024-08-20,8884
6505,台塑化,28,1,27,國泰-台南,2024-08-20,8884
00891,中信關鍵半導體,31,5,26,國泰-台南,2024-08-20,8884
3652,精聯,40,14,26,國泰-台南,2024-08-20,8884
3518,柏騰,33,8,25,國泰-台南,2024-08-20,8884
2888,新光金,1741,1163,578,國泰-台南,2024-08-21,8884
2891,中信金,544,37,507,國泰-台南,2024-08-21,8884
00929,復華台灣科技優息,463,118,345,國泰-台南,2024-08-21,8884
3339,泰谷,236,10,226,國泰-台南,2024-08-21,8884
2885,元大金,460,272,188,國泰-台南,2024-08-21,8884
00687B,國泰20年美債,250,66,184,國泰-台南,2024-08-21,8884
00715L,期街口布蘭特正2,163,1,162,國泰-台南,2024-08-21,8884
00948B,中信優息投資級債,156,5,151,國泰-台南,2024-08-21,8884
00688L,國泰20年美債正2,389,257,132,國泰-台南,2024-08-21,8884
5905,南仁湖,484,363,121,國泰-台南,2024-08-21,8884
9105,泰金寶-DR,198,79,119,國泰-台南,2024-08-21,8884
00919,群益台灣精選高息,325,218,107,國泰-台南,2024-08-21,8884
00772B,中信高評級公司債,95,0,95,國泰-台南,2024-08-21,8884
00923,群益台ESG低碳50,80,4,76,國泰-台南,2024-08-21,8884
0056,元大高股息,86,12,74,國泰-台南,2024-08-21,8884
00679B,元大美債20年,152,78,74,國泰-台南,2024-08-21,8884
00940,元大台灣價值高息,84,10,74,國泰-台南,2024-08-21,8884
2317,鴻海,93,33,60,國泰-台南,2024-08-21,8884
3663,鑫科,95,46,49,國泰-台南,2024-08-21,8884
2344,華邦電,79,33,46,國泰-台南,2024-08-21,8884
00946,群益科技高息成長,47,2,45,國泰-台南,2024-08-21,8884
00953B,群益優選非投等債,64,20,44,國泰-台南,2024-08-21,8884
6570,維田,80,37,43,國泰-台南,2024-08-21,8884
00918,大華優利高填息30,48,6,42,國泰-台南,2024-08-21,8884
3707,漢磊,62,21,41,國泰-台南,2024-08-21,8884
8089,康全電訊,95,56,39,國泰-台南,2024-08-21,8884
2419,仲琦,47,11,36,國泰-台南,2024-08-21,8884
1609,大亞,73,37,36,國泰-台南,2024-08-21,8884
2609,陽明,132,100,32,國泰-台南,2024-08-21,8884
2365,昆盈,81,49,32,國泰-台南,2024-08-21,8884
9955,佳龍,117,85,32,國泰-台南,2024-08-21,8884
6163,華電網,32,1,31,國泰-台南,2024-08-21,8884
6869,雲豹能源,112,81,31,國泰-台南,2024-08-21,8884
00878,國泰永續高股息,148,118,30,國泰-台南,2024-08-21,8884
00907,永豐優息存股,28,0,28,國泰-台南,2024-08-21,8884
2886,兆豐金,30,4,26,國泰-台南,2024-08-21,8884
3048,益登,40,15,25,國泰-台南,2024-08-21,8884
00915,凱基優選高股息30,31,7,24,國泰-台南,2024-08-21,8884
3535,晶彩科,82,59,23,國泰-台南,2024-08-21,8884
4562,穎漢,59,37,22,國泰-台南,2024-08-21,8884
3686,達能,28,7,21,國泰-台南,2024-08-21,8884
2371,大同,31,11,20,國泰-台南,2024-08-21,8884
00934,中信成長高股息,21,2,19,國泰-台南,2024-08-21,8884
9946,三發地產,19,0,19,國泰-台南,2024-08-21,8884
3062,建漢,45,26,19,國泰-台南,2024-08-21,8884
2359,所羅門,30,11,19,國泰-台南,2024-08-21,8884
4720,德淵,18,0,18,國泰-台南,2024-08-21,8884
00954,中信日本半導體,21,3,18,國泰-台南,2024-08-21,8884
6117,迎廣,20,4,16,國泰-台南,2024-08-21,8884
8064,東捷,99,84,15,國泰-台南,2024-08-21,8884
00688L,國泰20年美債正2,798,18,780,國泰-台南,2024-08-22,8884
00715L,期街口布蘭特正2,317,13,304,國泰-台南,2024-08-22,8884
3339,泰谷,262,3,259,國泰-台南,2024-08-22,8884
2891,中信金,246,81,165,國泰-台南,2024-08-22,8884
00680L,元大美債20正2,230,72,158,國泰-台南,2024-08-22,8884
2349,錸德,639,506,133,國泰-台南,2024-08-22,8884
00632R,元大台灣50反1,307,175,132,國泰-台南,2024-08-22,8884
4711,永純,108,0,108,國泰-台南,2024-08-22,8884
00937B,群益ESG投等債20,157,49,108,國泰-台南,2024-08-22,8884
2867,三商壽,115,16,99,國泰-台南,2024-08-22,8884
2609,陽明,180,82,98,國泰-台南,2024-08-22,8884
00929,復華台灣科技優息,326,244,82,國泰-台南,2024-08-22,8884
00878,國泰永續高股息,114,40,74,國泰-台南,2024-08-22,8884
00687B,國泰20年美債,119,50,69,國泰-台南,2024-08-22,8884
00637L,元大滬深300正2,66,0,66,國泰-台南,2024-08-22,8884
00934,中信成長高股息,66,2,64,國泰-台南,2024-08-22,8884
2890,永豐金,64,4,60,國泰-台南,2024-08-22,8884
2516,新建,60,0,60,國泰-台南,2024-08-22,8884
2885,元大金,61,2,59,國泰-台南,2024-08-22,8884
2801,彰銀,58,0,58,國泰-台南,2024-08-22,8884
00679B,元大美債20年,77,20,57,國泰-台南,2024-08-22,8884
2511,太子,50,0,50,國泰-台南,2024-08-22,8884
00953B,群益優選非投等債,43,1,42,國泰-台南,2024-08-22,8884
1301,台塑,65,24,41,國泰-台南,2024-08-22,8884
2317,鴻海,116,79,37,國泰-台南,2024-08-22,8884
2537,聯上發,51,15,36,國泰-台南,2024-08-22,8884
5425,台半,36,1,35,國泰-台南,2024-08-22,8884
1717,長興,51,17,34,國泰-台南,2024-08-22,8884
4707,磐亞,63,30,33,國泰-台南,2024-08-22,8884
00642U,期元大S＆P石油,33,0,33,國泰-台南,2024-08-22,8884
3645,達邁,39,6,33,國泰-台南,2024-08-22,8884
1609,大亞,61,30,31,國泰-台南,2024-08-22,8884
00795B,中信美國公債20年,47,16,31,國泰-台南,2024-08-22,8884
1584,精剛,98,67,31,國泰-台南,2024-08-22,8884
00907,永豐優息存股,30,0,30,國泰-台南,2024-08-22,8884
5443,均豪,156,127,29,國泰-台南,2024-08-22,8884
00881,國泰台灣5G+,55,27,28,國泰-台南,2024-08-22,8884
00941,中信上游半導體,36,11,25,國泰-台南,2024-08-22,8884
2845,遠東銀,24,0,24,國泰-台南,2024-08-22,8884
2634,漢翔,25,1,24,國泰-台南,2024-08-22,8884
8104,錸寶,57,34,23,國泰-台南,2024-08-22,8884
00923,群益台ESG低碳50,23,0,23,國泰-台南,2024-08-22,8884
00940,元大台灣價值高息,58,36,22,國泰-台南,2024-08-22,8884
0056,元大高股息,23,1,22,國泰-台南,2024-08-22,8884
3528,安馳,28,7,21,國泰-台南,2024-08-22,8884
1314,中石化,26,5,21,國泰-台南,2024-08-22,8884
2020,美亞,24,4,20,國泰-台南,2024-08-22,8884
00895,富邦未來車,20,0,20,國泰-台南,2024-08-22,8884
8937,合騏,27,7,20,國泰-台南,2024-08-22,8884
00936,台新永續高息中小,20,0,20,國泰-台南,2024-08-22,8884
00632R,元大台灣50反1,451,132,319,國泰-台南,2024-08-23,8884
00929,復華台灣科技優息,326,63,263,國泰-台南,2024-08-23,8884
00639,富邦深100,260,0,260,國泰-台南,2024-08-23,8884
2891,中信金,284,27,257,國泰-台南,2024-08-23,8884
00680L,元大美債20正2,258,5,253,國泰-台南,2024-08-23,8884
1711,永光,371,196,175,國泰-台南,2024-08-23,8884
2609,陽明,454,279,175,國泰-台南,2024-08-23,8884
2516,新建,150,0,150,國泰-台南,2024-08-23,8884
00688L,國泰20年美債正2,167,23,144,國泰-台南,2024-08-23,8884
00937B,群益ESG投等債20,206,65,141,國泰-台南,2024-08-23,8884
00687B,國泰20年美債,308,171,137,國泰-台南,2024-08-23,8884
3339,泰谷,142,8,134,國泰-台南,2024-08-23,8884
3615,安可,148,25,123,國泰-台南,2024-08-23,8884
2538,基泰,103,0,103,國泰-台南,2024-08-23,8884
00948B,中信優息投資級債,99,0,99,國泰-台南,2024-08-23,8884
00919,群益台灣精選高息,124,29,95,國泰-台南,2024-08-23,8884
00720B,元大投資級公司債,110,18,92,國泰-台南,2024-08-23,8884
00772B,中信高評級公司債,87,10,77,國泰-台南,2024-08-23,8884
2344,華邦電,80,12,68,國泰-台南,2024-08-23,8884
1570,力肯,68,2,66,國泰-台南,2024-08-23,8884
00953B,群益優選非投等債,67,1,66,國泰-台南,2024-08-23,8884
2515,中工,64,1,63,國泰-台南,2024-08-23,8884
2337,旺宏,64,5,59,國泰-台南,2024-08-23,8884
3149,正達,58,0,58,國泰-台南,2024-08-23,8884
6160,欣技,56,0,56,國泰-台南,2024-08-23,8884
1314,中石化,221,168,53,國泰-台南,2024-08-23,8884
00795B,中信美國公債20年,57,5,52,國泰-台南,2024-08-23,8884
3663,鑫科,322,270,52,國泰-台南,2024-08-23,8884
2801,彰銀,53,3,50,國泰-台南,2024-08-23,8884
8089,康全電訊,53,3,50,國泰-台南,2024-08-23,8884
00643,群益深証中小,50,0,50,國泰-台南,2024-08-23,8884
00900,富邦特選高股息30,44,0,44,國泰-台南,2024-08-23,8884
00954,中信日本半導體,42,0,42,國泰-台南,2024-08-23,8884
3645,達邁,98,56,42,國泰-台南,2024-08-23,8884
2349,錸德,249,212,37,國泰-台南,2024-08-23,8884
4513,福裕,115,79,36,國泰-台南,2024-08-23,8884
6208,日揚,42,8,34,國泰-台南,2024-08-23,8884
4306,炎洲,32,0,32,國泰-台南,2024-08-23,8884
1409,新纖,32,1,31,國泰-台南,2024-08-23,8884
9105,泰金寶-DR,31,2,29,國泰-台南,2024-08-23,8884
00915,凱基優選高股息30,30,2,28,國泰-台南,2024-08-23,8884
5905,南仁湖,40,12,28,國泰-台南,2024-08-23,8884
2882,國泰金,32,5,27,國泰-台南,2024-08-23,8884
6550,北極星藥業-KY,25,0,25,國泰-台南,2024-08-23,8884
2402,毅嘉,39,15,24,國泰-台南,2024-08-23,8884
2537,聯上發,50,27,23,國泰-台南,2024-08-23,8884
2505,國揚,23,0,23,國泰-台南,2024-08-23,8884
6443,元晶,22,0,22,國泰-台南,2024-08-23,8884
4303,信立,32,10,22,國泰-台南,2024-08-23,8884
2330,台積電,29,7,22,國泰-台南,2024-08-23,8884
2888,新光金,1410,1082,328,國泰-台南,2024-08-26,8884
00673R,期元大S＆P原油反1,291,0,291,國泰-台南,2024-08-26,8884
2402,毅嘉,287,109,178,國泰-台南,2024-08-26,8884
00665L,富邦�琤肭磪囓�2,766,590,176,國泰-台南,2024-08-26,8884
3663,鑫科,172,14,158,國泰-台南,2024-08-26,8884
00706L,期元大S＆P日圓正2,161,19,142,國泰-台南,2024-08-26,8884
3339,泰谷,142,3,139,國泰-台南,2024-08-26,8884
3015,全漢,118,2,116,國泰-台南,2024-08-26,8884
2891,中信金,213,100,113,國泰-台南,2024-08-26,8884
00632R,元大台灣50反1,582,470,112,國泰-台南,2024-08-26,8884
5481,新華,105,22,83,國泰-台南,2024-08-26,8884
00929,復華台灣科技優息,338,260,78,國泰-台南,2024-08-26,8884
00637L,元大滬深300正2,70,1,69,國泰-台南,2024-08-26,8884
2417,圓剛,159,91,68,國泰-台南,2024-08-26,8884
2615,萬海,102,39,63,國泰-台南,2024-08-26,8884
6609,瀧澤科,67,8,59,國泰-台南,2024-08-26,8884
2409,友達,113,56,57,國泰-台南,2024-08-26,8884
00795B,中信美國公債20年,57,4,53,國泰-台南,2024-08-26,8884
00688L,國泰20年美債正2,132,80,52,國泰-台南,2024-08-26,8884
6231,系微,42,0,42,國泰-台南,2024-08-26,8884
1609,大亞,69,28,41,國泰-台南,2024-08-26,8884
00679B,元大美債20年,60,21,39,國泰-台南,2024-08-26,8884
3081,聯亞,43,5,38,國泰-台南,2024-08-26,8884
5443,均豪,226,188,38,國泰-台南,2024-08-26,8884
00931B,統一美債20年,40,2,38,國泰-台南,2024-08-26,8884
8906,花王,34,0,34,國泰-台南,2024-08-26,8884
00953B,群益優選非投等債,33,0,33,國泰-台南,2024-08-26,8884
2330,台積電,45,14,31,國泰-台南,2024-08-26,8884
00918,大華優利高填息30,34,4,30,國泰-台南,2024-08-26,8884
2890,永豐金,32,2,30,國泰-台南,2024-08-26,8884
2014,中鴻,31,2,29,國泰-台南,2024-08-26,8884
3581,博磊,54,25,29,國泰-台南,2024-08-26,8884
2312,金寶,36,7,29,國泰-台南,2024-08-26,8884
00713,元大台灣高息低波,51,23,28,國泰-台南,2024-08-26,8884
2618,長榮航,51,25,26,國泰-台南,2024-08-26,8884
8028,昇陽半導體,144,118,26,國泰-台南,2024-08-26,8884
5452,佶優,64,42,22,國泰-台南,2024-08-26,8884
8039,台虹,62,41,21,國泰-台南,2024-08-26,8884
1714,和桐,21,1,20,國泰-台南,2024-08-26,8884
4562,穎漢,35,15,20,國泰-台南,2024-08-26,8884
00764B,群益25年美債,20,0,20,國泰-台南,2024-08-26,8884
00945B,凱基美國非投等債,22,2,20,國泰-台南,2024-08-26,8884
3498,陽程,21,1,20,國泰-台南,2024-08-26,8884
00891,中信關鍵半導體,21,2,19,國泰-台南,2024-08-26,8884
8354,冠好,19,0,19,國泰-台南,2024-08-26,8884
1532,勤美,18,0,18,國泰-台南,2024-08-26,8884
3376,新日興,21,3,18,國泰-台南,2024-08-26,8884
3231,緯創,25,8,17,國泰-台南,2024-08-26,8884
4542,科嶠,23,7,16,國泰-台南,2024-08-26,8884
5398,慕康生醫,16,0,16,國泰-台南,2024-08-26,8884
00673R,期元大S＆P原油反1,357,0,357,國泰-台南,2024-08-27,8884
3481,群創,371,179,192,國泰-台南,2024-08-27,8884
00680L,元大美債20正2,196,7,189,國泰-台南,2024-08-27,8884
2891,中信金,198,11,187,國泰-台南,2024-08-27,8884
00929,復華台灣科技優息,316,145,171,國泰-台南,2024-08-27,8884
4714,永捷,173,12,161,國泰-台南,2024-08-27,8884
2609,陽明,212,57,155,國泰-台南,2024-08-27,8884
00712,復華富時不動產,154,7,147,國泰-台南,2024-08-27,8884
00919,群益台灣精選高息,148,21,127,國泰-台南,2024-08-27,8884
6603,富強鑫,124,4,120,國泰-台南,2024-08-27,8884
00688L,國泰20年美債正2,158,44,114,國泰-台南,2024-08-27,8884
2867,三商壽,110,22,88,國泰-台南,2024-08-27,8884
3550,聯穎,94,11,83,國泰-台南,2024-08-27,8884
00878,國泰永續高股息,115,34,81,國泰-台南,2024-08-27,8884
00687B,國泰20年美債,150,74,76,國泰-台南,2024-08-27,8884
00751B,元大AAA至A公司債,78,3,75,國泰-台南,2024-08-27,8884
4526,東台,91,36,55,國泰-台南,2024-08-27,8884
3498,陽程,66,13,53,國泰-台南,2024-08-27,8884
00725B,國泰投資級公司債,52,0,52,國泰-台南,2024-08-27,8884
2349,錸德,94,44,50,國泰-台南,2024-08-27,8884
00720B,元大投資級公司債,50,0,50,國泰-台南,2024-08-27,8884
2516,新建,50,0,50,國泰-台南,2024-08-27,8884
00679B,元大美債20年,66,16,50,國泰-台南,2024-08-27,8884
00934,中信成長高股息,46,2,44,國泰-台南,2024-08-27,8884
00942B,台新美A公司債20+,62,22,40,國泰-台南,2024-08-27,8884
4561,健椿,60,21,39,國泰-台南,2024-08-27,8884
2317,鴻海,78,40,38,國泰-台南,2024-08-27,8884
3580,友威科,53,18,35,國泰-台南,2024-08-27,8884
00706L,期元大S＆P日圓正2,33,0,33,國泰-台南,2024-08-27,8884
5469,瀚宇博,52,20,32,國泰-台南,2024-08-27,8884
6405,悅城,36,4,32,國泰-台南,2024-08-27,8884
0056,元大高股息,38,6,32,國泰-台南,2024-08-27,8884
00918,大華優利高填息30,31,0,31,國泰-台南,2024-08-27,8884
1905,華紙,30,0,30,國泰-台南,2024-08-27,8884
2331,精英,31,3,28,國泰-台南,2024-08-27,8884
2344,華邦電,29,2,27,國泰-台南,2024-08-27,8884
3339,泰谷,88,61,27,國泰-台南,2024-08-27,8884
2399,映泰,373,347,26,國泰-台南,2024-08-27,8884
2515,中工,41,16,25,國泰-台南,2024-08-27,8884
4513,福裕,97,73,24,國泰-台南,2024-08-27,8884
6770,力積電,25,1,24,國泰-台南,2024-08-27,8884
3535,晶彩科,93,69,24,國泰-台南,2024-08-27,8884
4303,信立,34,10,24,國泰-台南,2024-08-27,8884
00795B,中信美國公債20年,23,0,23,國泰-台南,2024-08-27,8884
00772B,中信高評級公司債,27,5,22,國泰-台南,2024-08-27,8884
2880,華南金,22,0,22,國泰-台南,2024-08-27,8884
8039,台虹,214,193,21,國泰-台南,2024-08-27,8884
5880,合庫金,28,7,21,國泰-台南,2024-08-27,8884
1718,中纖,21,0,21,國泰-台南,2024-08-27,8884
6143,振曜,39,18,21,國泰-台南,2024-08-27,8884
00959B,大華投等美債15Y+,181,0,181,國泰-台南,2024-08-28,8884
2516,新建,118,0,118,國泰-台南,2024-08-28,8884
00929,復華台灣科技優息,164,76,88,國泰-台南,2024-08-28,8884
00688L,國泰20年美債正2,86,1,85,國泰-台南,2024-08-28,8884
2891,中信金,106,23,83,國泰-台南,2024-08-28,8884
8064,東捷,130,53,77,國泰-台南,2024-08-28,8884
6405,悅城,102,32,70,國泰-台南,2024-08-28,8884
00632R,元大台灣50反1,271,202,69,國泰-台南,2024-08-28,8884
3481,群創,365,299,66,國泰-台南,2024-08-28,8884
00919,群益台灣精選高息,115,53,62,國泰-台南,2024-08-28,8884
1786,科妍,99,41,58,國泰-台南,2024-08-28,8884
4561,健椿,81,27,54,國泰-台南,2024-08-28,8884
2312,金寶,81,28,53,國泰-台南,2024-08-28,8884
00637L,元大滬深300正2,68,16,52,國泰-台南,2024-08-28,8884
4555,氣立,61,16,45,國泰-台南,2024-08-28,8884
00953B,群益優選非投等債,45,0,45,國泰-台南,2024-08-28,8884
1776,展宇,84,39,45,國泰-台南,2024-08-28,8884
6451,訊芯-KY,60,19,41,國泰-台南,2024-08-28,8884
1905,華紙,40,0,40,國泰-台南,2024-08-28,8884
3312,弘憶股,188,150,38,國泰-台南,2024-08-28,8884
00687B,國泰20年美債,106,69,37,國泰-台南,2024-08-28,8884
8043,蜜望實,44,7,37,國泰-台南,2024-08-28,8884
00680L,元大美債20正2,36,0,36,國泰-台南,2024-08-28,8884
2425,承啟,58,22,36,國泰-台南,2024-08-28,8884
00713,元大台灣高息低波,40,5,35,國泰-台南,2024-08-28,8884
3605,宏致,60,26,34,國泰-台南,2024-08-28,8884
00753L,中信中國50正2,32,0,32,國泰-台南,2024-08-28,8884
8039,台虹,137,105,32,國泰-台南,2024-08-28,8884
9105,泰金寶-DR,35,3,32,國泰-台南,2024-08-28,8884
8089,康全電訊,32,1,31,國泰-台南,2024-08-28,8884
5905,南仁湖,29,1,28,國泰-台南,2024-08-28,8884
2367,燿華,89,61,28,國泰-台南,2024-08-28,8884
00679B,元大美債20年,33,5,28,國泰-台南,2024-08-28,8884
3062,建漢,87,60,27,國泰-台南,2024-08-28,8884
00650L,復華香港正2,25,0,25,國泰-台南,2024-08-28,8884
3374,精材,54,32,22,國泰-台南,2024-08-28,8884
5907,大洋-KY,22,0,22,國泰-台南,2024-08-28,8884
2887,台新金,42,21,21,國泰-台南,2024-08-28,8884
3303,岱稜,22,2,20,國泰-台南,2024-08-28,8884
6505,台塑化,21,1,20,國泰-台南,2024-08-28,8884
00945B,凱基美國非投等債,20,0,20,國泰-台南,2024-08-28,8884
2845,遠東銀,20,0,20,國泰-台南,2024-08-28,8884
2365,昆盈,47,28,19,國泰-台南,2024-08-28,8884
3580,友威科,53,34,19,國泰-台南,2024-08-28,8884
1597,直得,49,31,18,國泰-台南,2024-08-28,8884
2890,永豐金,29,11,18,國泰-台南,2024-08-28,8884
4562,穎漢,90,72,18,國泰-台南,2024-08-28,8884
2426,鼎元,26,9,17,國泰-台南,2024-08-28,8884
3490,單井,17,0,17,國泰-台南,2024-08-28,8884
00757,統一FANG+,28,11,17,國泰-台南,2024-08-28,8884
00937B,群益ESG投等債20,430,62,368,國泰-台南,2024-08-29,8884
3481,群創,342,21,321,國泰-台南,2024-08-29,8884
2891,中信金,320,10,310,國泰-台南,2024-08-29,8884
8111,立��,360,110,250,國泰-台南,2024-08-29,8884
00665L,富邦�琤肭磪囓�2,224,0,224,國泰-台南,2024-08-29,8884
00679B,元大美債20年,318,168,150,國泰-台南,2024-08-29,8884
1711,永光,251,145,106,國泰-台南,2024-08-29,8884
00929,復華台灣科技優息,259,164,95,國泰-台南,2024-08-29,8884
00795B,中信美國公債20年,96,1,95,國泰-台南,2024-08-29,8884
6698,旭暉應材,100,6,94,國泰-台南,2024-08-29,8884
00688L,國泰20年美債正2,96,3,93,國泰-台南,2024-08-29,8884
00878,國泰永續高股息,115,24,91,國泰-台南,2024-08-29,8884
3062,建漢,240,151,89,國泰-台南,2024-08-29,8884
00687B,國泰20年美債,197,109,88,國泰-台南,2024-08-29,8884
2516,新建,72,0,72,國泰-台南,2024-08-29,8884
3550,聯穎,177,108,69,國泰-台南,2024-08-29,8884
2367,燿華,130,66,64,國泰-台南,2024-08-29,8884
1540,喬福,373,315,58,國泰-台南,2024-08-29,8884
2330,台積電,76,20,56,國泰-台南,2024-08-29,8884
4934,太極,55,0,55,國泰-台南,2024-08-29,8884
00948B,中信優息投資級債,77,22,55,國泰-台南,2024-08-29,8884
2888,新光金,189,136,53,國泰-台南,2024-08-29,8884
9105,泰金寶-DR,56,4,52,國泰-台南,2024-08-29,8884
00779B,凱基美債25+,50,0,50,國泰-台南,2024-08-29,8884
00959B,大華投等美債15Y+,54,5,49,國泰-台南,2024-08-29,8884
2340,台亞,79,32,47,國泰-台南,2024-08-29,8884
00881,國泰台灣5G+,53,11,42,國泰-台南,2024-08-29,8884
00680L,元大美債20正2,93,51,42,國泰-台南,2024-08-29,8884
2317,鴻海,133,92,41,國泰-台南,2024-08-29,8884
00715L,期街口布蘭特正2,81,42,39,國泰-台南,2024-08-29,8884
00772B,中信高評級公司債,47,10,37,國泰-台南,2024-08-29,8884
2425,承啟,165,133,32,國泰-台南,2024-08-29,8884
6603,富強鑫,115,83,32,國泰-台南,2024-08-29,8884
3010,華立,33,1,32,國泰-台南,2024-08-29,8884
5469,瀚宇博,31,0,31,國泰-台南,2024-08-29,8884
00915,凱基優選高股息30,33,2,31,國泰-台南,2024-08-29,8884
3303,岱稜,30,0,30,國泰-台南,2024-08-29,8884
00645,富邦日本,30,0,30,國泰-台南,2024-08-29,8884
2356,英業達,45,15,30,國泰-台南,2024-08-29,8884
2314,台揚,36,8,28,國泰-台南,2024-08-29,8884
8927,北基,28,0,28,國泰-台南,2024-08-29,8884
4716,大立,32,4,28,國泰-台南,2024-08-29,8884
4974,亞泰,27,0,27,國泰-台南,2024-08-29,8884
2515,中工,39,13,26,國泰-台南,2024-08-29,8884
2439,美律,27,1,26,國泰-台南,2024-08-29,8884
2886,兆豐金,22,0,22,國泰-台南,2024-08-29,8884
00946,群益科技高息成長,61,39,22,國泰-台南,2024-08-29,8884
2313,華通,113,91,22,國泰-台南,2024-08-29,8884
2890,永豐金,21,0,21,國泰-台南,2024-08-29,8884
5443,均豪,157,136,21,國泰-台南,2024-08-29,8884
3481,群創,499,126,373,國泰-台南,2024-08-30,8884
00937B,群益ESG投等債20,337,89,248,國泰-台南,2024-08-30,8884
4526,東台,915,675,240,國泰-台南,2024-08-30,8884
2888,新光金,348,119,229,國泰-台南,2024-08-30,8884
2891,中信金,157,10,147,國泰-台南,2024-08-30,8884
3663,鑫科,205,63,142,國泰-台南,2024-08-30,8884
00688L,國泰20年美債正2,136,0,136,國泰-台南,2024-08-30,8884
1314,中石化,130,14,116,國泰-台南,2024-08-30,8884
1307,三芳,111,0,111,國泰-台南,2024-08-30,8884
00643,群益深証中小,90,0,90,國泰-台南,2024-08-30,8884
3339,泰谷,97,7,90,國泰-台南,2024-08-30,8884
00679B,元大美債20年,131,41,90,國泰-台南,2024-08-30,8884
6168,宏齊,94,8,86,國泰-台南,2024-08-30,8884
4561,健椿,175,90,85,國泰-台南,2024-08-30,8884
2845,遠東銀,82,0,82,國泰-台南,2024-08-30,8884
00673R,期元大S＆P原油反1,95,16,79,國泰-台南,2024-08-30,8884
2313,華通,210,131,79,國泰-台南,2024-08-30,8884
3645,達邁,95,23,72,國泰-台南,2024-08-30,8884
3062,建漢,154,88,66,國泰-台南,2024-08-30,8884
3437,榮創,75,10,65,國泰-台南,2024-08-30,8884
00713,元大台灣高息低波,85,25,60,國泰-台南,2024-08-30,8884
00645,富邦日本,60,0,60,國泰-台南,2024-08-30,8884
00795B,中信美國公債20年,54,0,54,國泰-台南,2024-08-30,8884
6153,嘉聯益,58,7,51,國泰-台南,2024-08-30,8884
2880,華南金,57,8,49,國泰-台南,2024-08-30,8884
00680L,元大美債20正2,51,1,50,國泰-台南,2024-08-30,8884
00959B,大華投等美債15Y+,49,5,44,國泰-台南,2024-08-30,8884
5234,達興材料,42,4,38,國泰-台南,2024-08-30,8884
00687B,國泰20年美債,131,94,37,國泰-台南,2024-08-30,8884
4720,德淵,34,2,32,國泰-台南,2024-08-30,8884
00650L,復華香港正2,110,78,32,國泰-台南,2024-08-30,8884
00632R,元大台灣50反1,200,170,30,國泰-台南,2024-08-30,8884
3003,健和興,29,0,29,國泰-台南,2024-08-30,8884
2886,兆豐金,31,3,28,國泰-台南,2024-08-30,8884
2371,大同,31,3,28,國泰-台南,2024-08-30,8884
2537,聯上發,62,34,28,國泰-台南,2024-08-30,8884
2834,臺企銀,28,2,26,國泰-台南,2024-08-30,8884
2317,鴻海,62,37,25,國泰-台南,2024-08-30,8884
3019,亞光,66,41,25,國泰-台南,2024-08-30,8884
4576,大銀微系統,26,1,25,國泰-台南,2024-08-30,8884
2312,金寶,107,82,25,國泰-台南,2024-08-30,8884
6609,瀧澤科,24,0,24,國泰-台南,2024-08-30,8884
00953B,群益優選非投等債,23,0,23,國泰-台南,2024-08-30,8884
2801,彰銀,22,0,22,國泰-台南,2024-08-30,8884
00915,凱基優選高股息30,38,16,22,國泰-台南,2024-08-30,8884
3374,精材,94,73,21,國泰-台南,2024-08-30,8884
00676R,富邦臺灣加權反1,20,0,20,國泰-台南,2024-08-30,8884
4909,新復興,41,22,19,國泰-台南,2024-08-30,8884
1802,台玻,20,1,19,國泰-台南,2024-08-30,8884
00929,復華台灣科技優息,186,167,19,國泰-台南,2024-08-30,8884
00632R,元大台灣50反1,446,60,386,國泰-台南,2024-09-02,8884
00687B,國泰20年美債,386,25,361,國泰-台南,2024-09-02,8884
3481,群創,362,69,293,國泰-台南,2024-09-02,8884
00680L,元大美債20正2,260,32,228,國泰-台南,2024-09-02,8884
00665L,富邦�琤肭磪囓�2,238,15,223,國泰-台南,2024-09-02,8884
00919,群益台灣精選高息,241,27,214,國泰-台南,2024-09-02,8884
00715L,期街口布蘭特正2,169,9,160,國泰-台南,2024-09-02,8884
00959B,大華投等美債15Y+,152,0,152,國泰-台南,2024-09-02,8884
00688L,國泰20年美債正2,172,22,150,國泰-台南,2024-09-02,8884
00679B,元大美債20年,156,10,146,國泰-台南,2024-09-02,8884
1314,中石化,123,23,100,國泰-台南,2024-09-02,8884
00915,凱基優選高股息30,97,1,96,國泰-台南,2024-09-02,8884
2402,毅嘉,104,27,77,國泰-台南,2024-09-02,8884
8105,凌巨,98,27,71,國泰-台南,2024-09-02,8884
00953B,群益優選非投等債,68,0,68,國泰-台南,2024-09-02,8884
8070,長華*,157,90,67,國泰-台南,2024-09-02,8884
00948B,中信優息投資級債,64,0,64,國泰-台南,2024-09-02,8884
4526,東台,205,141,64,國泰-台南,2024-09-02,8884
00637L,元大滬深300正2,63,0,63,國泰-台南,2024-09-02,8884
3290,東浦,63,0,63,國泰-台南,2024-09-02,8884
2615,萬海,82,19,63,國泰-台南,2024-09-02,8884
00929,復華台灣科技優息,249,187,62,國泰-台南,2024-09-02,8884
2425,承啟,65,9,56,國泰-台南,2024-09-02,8884
2409,友達,53,1,52,國泰-台南,2024-09-02,8884
2313,華通,108,59,49,國泰-台南,2024-09-02,8884
00795B,中信美國公債20年,45,0,45,國泰-台南,2024-09-02,8884
2542,興富發,45,1,44,國泰-台南,2024-09-02,8884
2537,聯上發,107,65,42,國泰-台南,2024-09-02,8884
00669R,國泰美國道瓊反1,36,0,36,國泰-台南,2024-09-02,8884
1303,南亞,42,7,35,國泰-台南,2024-09-02,8884
9105,泰金寶-DR,52,17,35,國泰-台南,2024-09-02,8884
3356,奇偶,35,1,34,國泰-台南,2024-09-02,8884
9907,統一實,30,0,30,國泰-台南,2024-09-02,8884
6658,聯策,60,30,30,國泰-台南,2024-09-02,8884
00937B,群益ESG投等債20,163,134,29,國泰-台南,2024-09-02,8884
2887,台新金,47,19,28,國泰-台南,2024-09-02,8884
1539,巨庭,76,48,28,國泰-台南,2024-09-02,8884
00882,中信中國高股息,27,0,27,國泰-台南,2024-09-02,8884
1434,福懋,25,0,25,國泰-台南,2024-09-02,8884
00881,國泰台灣5G+,26,1,25,國泰-台南,2024-09-02,8884
2349,錸德,92,68,24,國泰-台南,2024-09-02,8884
00907,永豐優息存股,27,4,23,國泰-台南,2024-09-02,8884
6505,台塑化,25,2,23,國泰-台南,2024-09-02,8884
2312,金寶,45,23,22,國泰-台南,2024-09-02,8884
00933B,國泰10Y+金融債,22,0,22,國泰-台南,2024-09-02,8884
2330,台積電,26,5,21,國泰-台南,2024-09-02,8884
00751B,元大AAA至A公司債,25,4,21,國泰-台南,2024-09-02,8884
4576,大銀微系統,44,23,21,國泰-台南,2024-09-02,8884
6120,達運,21,0,21,國泰-台南,2024-09-02,8884
2317,鴻海,61,41,20,國泰-台南,2024-09-02,8884
00919,群益台灣精選高息,581,39,542,國泰-台南,2024-09-03,8884
00680L,元大美債20正2,270,18,252,國泰-台南,2024-09-03,8884
00712,復華富時不動產,206,19,187,國泰-台南,2024-09-03,8884
00687B,國泰20年美債,195,21,174,國泰-台南,2024-09-03,8884
3062,建漢,272,99,173,國泰-台南,2024-09-03,8884
6405,悅城,156,24,132,國泰-台南,2024-09-03,8884
00878,國泰永續高股息,182,68,114,國泰-台南,2024-09-03,8884
8927,北基,104,1,103,國泰-台南,2024-09-03,8884
00637L,元大滬深300正2,102,0,102,國泰-台南,2024-09-03,8884
8028,昇陽半導體,115,17,98,國泰-台南,2024-09-03,8884
00948B,中信優息投資級債,92,0,92,國泰-台南,2024-09-03,8884
4906,正文,107,33,74,國泰-台南,2024-09-03,8884
00940,元大台灣價值高息,97,30,67,國泰-台南,2024-09-03,8884
00713,元大台灣高息低波,64,6,58,國泰-台南,2024-09-03,8884
2834,臺企銀,57,1,56,國泰-台南,2024-09-03,8884
4306,炎洲,63,8,55,國泰-台南,2024-09-03,8884
2812,台中銀,52,1,51,國泰-台南,2024-09-03,8884
2486,一詮,123,72,51,國泰-台南,2024-09-03,8884
00679B,元大美債20年,132,82,50,國泰-台南,2024-09-03,8884
00688L,國泰20年美債正2,69,20,49,國泰-台南,2024-09-03,8884
2002,中鋼,48,1,47,國泰-台南,2024-09-03,8884
6770,力積電,47,2,45,國泰-台南,2024-09-03,8884
6163,華電網,45,2,43,國泰-台南,2024-09-03,8884
1301,台塑,63,25,38,國泰-台南,2024-09-03,8884
6177,達麗,46,8,38,國泰-台南,2024-09-03,8884
2891,中信金,62,24,38,國泰-台南,2024-09-03,8884
3047,訊舟,111,75,36,國泰-台南,2024-09-03,8884
2867,三商壽,38,2,36,國泰-台南,2024-09-03,8884
00918,大華優利高填息30,50,14,36,國泰-台南,2024-09-03,8884
00959B,大華投等美債15Y+,34,0,34,國泰-台南,2024-09-03,8884
2419,仲琦,42,8,34,國泰-台南,2024-09-03,8884
1303,南亞,45,13,32,國泰-台南,2024-09-03,8884
6215,和椿,68,38,30,國泰-台南,2024-09-03,8884
00915,凱基優選高股息30,61,32,29,國泰-台南,2024-09-03,8884
1609,大亞,28,0,28,國泰-台南,2024-09-03,8884
3066,李洲,48,21,27,國泰-台南,2024-09-03,8884
2886,兆豐金,27,2,25,國泰-台南,2024-09-03,8884
6213,聯茂,66,40,26,國泰-台南,2024-09-03,8884
6197,佳必琪,25,0,25,國泰-台南,2024-09-03,8884
1718,中纖,24,0,24,國泰-台南,2024-09-03,8884
2241,艾姆勒,71,47,24,國泰-台南,2024-09-03,8884
2356,英業達,25,1,24,國泰-台南,2024-09-03,8884
5315,光聯,30,8,22,國泰-台南,2024-09-03,8884
2392,正崴,28,7,21,國泰-台南,2024-09-03,8884
5880,合庫金,24,4,20,國泰-台南,2024-09-03,8884
1101,台泥,27,7,20,國泰-台南,2024-09-03,8884
00902,中信電池及儲能,20,0,20,國泰-台南,2024-09-03,8884
2885,元大金,23,4,19,國泰-台南,2024-09-03,8884
8096,擎亞,97,78,19,國泰-台南,2024-09-03,8884
00795B,中信美國公債20年,18,0,18,國泰-台南,2024-09-03,8884
00919,群益台灣精選高息,974,231,743,國泰-台南,2024-09-04,8884
00632R,元大台灣50反1,2028,1446,582,國泰-台南,2024-09-04,8884
00929,復華台灣科技優息,1042,486,556,國泰-台南,2024-09-04,8884
00937B,群益ESG投等債20,716,169,547,國泰-台南,2024-09-04,8884
00878,國泰永續高股息,701,184,517,國泰-台南,2024-09-04,8884
00940,元大台灣價值高息,493,116,377,國泰-台南,2024-09-04,8884
00679B,元大美債20年,514,186,328,國泰-台南,2024-09-04,8884
2891,中信金,379,54,325,國泰-台南,2024-09-04,8884
00918,大華優利高填息30,281,3,278,國泰-台南,2024-09-04,8884
00946,群益科技高息成長,213,4,209,國泰-台南,2024-09-04,8884
00915,凱基優選高股息30,266,63,203,國泰-台南,2024-09-04,8884
0056,元大高股息,220,32,188,國泰-台南,2024-09-04,8884
00715L,期街口布蘭特正2,196,27,169,國泰-台南,2024-09-04,8884
00881,國泰台灣5G+,162,4,158,國泰-台南,2024-09-04,8884
006208,富邦台50,156,5,151,國泰-台南,2024-09-04,8884
00713,元大台灣高息低波,146,2,144,國泰-台南,2024-09-04,8884
2330,台積電,156,29,127,國泰-台南,2024-09-04,8884
00687B,國泰20年美債,353,248,105,國泰-台南,2024-09-04,8884
2614,東森,106,1,105,國泰-台南,2024-09-04,8884
3481,群創,690,587,103,國泰-台南,2024-09-04,8884
2002,中鋼,126,24,102,國泰-台南,2024-09-04,8884
00654R,富邦印度反1,100,0,100,國泰-台南,2024-09-04,8884
1301,台塑,114,24,90,國泰-台南,2024-09-04,8884
00665L,富邦�琤肭磪囓�2,137,48,89,國泰-台南,2024-09-04,8884
0050,元大台灣50,89,6,83,國泰-台南,2024-09-04,8884
00923,群益台ESG低碳50,92,11,81,國泰-台南,2024-09-04,8884
3663,鑫科,125,55,70,國泰-台南,2024-09-04,8884
2883,凱基金,79,11,68,國泰-台南,2024-09-04,8884
00642U,期元大S＆P石油,66,0,66,國泰-台南,2024-09-04,8884
2882,國泰金,84,20,64,國泰-台南,2024-09-04,8884
2382,廣達,110,46,64,國泰-台南,2024-09-04,8884
6770,力積電,66,4,62,國泰-台南,2024-09-04,8884
2317,鴻海,157,98,59,國泰-台南,2024-09-04,8884
1905,華紙,56,0,56,國泰-台南,2024-09-04,8884
00830,國泰費城半導體,74,24,50,國泰-台南,2024-09-04,8884
1316,上曜,51,2,49,國泰-台南,2024-09-04,8884
00900,富邦特選高股息30,50,1,49,國泰-台南,2024-09-04,8884
8028,昇陽半導體,60,12,48,國泰-台南,2024-09-04,8884
00951,台新日本半導體,42,0,42,國泰-台南,2024-09-04,8884
2106,建大,41,0,41,國泰-台南,2024-09-04,8884
2867,三商壽,52,11,41,國泰-台南,2024-09-04,8884
2610,華航,49,10,39,國泰-台南,2024-09-04,8884
4510,高鋒,391,353,38,國泰-台南,2024-09-04,8884
2834,臺企銀,48,11,37,國泰-台南,2024-09-04,8884
00891,中信關鍵半導體,50,13,37,國泰-台南,2024-09-04,8884
1303,南亞,48,12,36,國泰-台南,2024-09-04,8884
9105,泰金寶-DR,116,81,35,國泰-台南,2024-09-04,8884
00905,FT臺灣Smart,39,4,35,國泰-台南,2024-09-04,8884
3037,欣興,48,15,33,國泰-台南,2024-09-04,8884
2025,千興,38,5,33,國泰-台南,2024-09-04,8884
00715L,期街口布蘭特正2,670,4,666,國泰-台南,2024-09-05,8884
00919,群益台灣精選高息,536,16,520,國泰-台南,2024-09-05,8884
00632R,元大台灣50反1,738,336,402,國泰-台南,2024-09-05,8884
00929,復華台灣科技優息,575,251,324,國泰-台南,2024-09-05,8884
00679B,元大美債20年,378,145,233,國泰-台南,2024-09-05,8884
00712,復華富時不動產,186,12,174,國泰-台南,2024-09-05,8884
00952,凱基台灣AI50,161,0,161,國泰-台南,2024-09-05,8884
00940,元大台灣價值高息,176,29,147,國泰-台南,2024-09-05,8884
2317,鴻海,189,44,145,國泰-台南,2024-09-05,8884
4956,光鋐,147,12,135,國泰-台南,2024-09-05,8884
00878,國泰永續高股息,152,28,124,國泰-台南,2024-09-05,8884
00639,富邦深100,121,0,121,國泰-台南,2024-09-05,8884
00881,國泰台灣5G+,97,2,95,國泰-台南,2024-09-05,8884
2344,華邦電,106,11,95,國泰-台南,2024-09-05,8884
8011,台通,115,28,87,國泰-台南,2024-09-05,8884
2337,旺宏,91,8,83,國泰-台南,2024-09-05,8884
2618,長榮航,99,18,81,國泰-台南,2024-09-05,8884
8028,昇陽半導體,96,15,81,國泰-台南,2024-09-05,8884
00637L,元大滬深300正2,82,2,80,國泰-台南,2024-09-05,8884
6217,中探針,92,13,79,國泰-台南,2024-09-05,8884
00713,元大台灣高息低波,97,21,76,國泰-台南,2024-09-05,8884
1737,臺鹽,75,0,75,國泰-台南,2024-09-05,8884
3663,鑫科,96,27,69,國泰-台南,2024-09-05,8884
00642U,期元大S＆P石油,66,0,66,國泰-台南,2024-09-05,8884
00915,凱基優選高股息30,79,13,66,國泰-台南,2024-09-05,8884
00918,大華優利高填息30,94,30,64,國泰-台南,2024-09-05,8884
5225,東科-KY,66,8,58,國泰-台南,2024-09-05,8884
00687B,國泰20年美債,200,143,57,國泰-台南,2024-09-05,8884
2408,南亞科,60,6,54,國泰-台南,2024-09-05,8884
2409,友達,58,6,52,國泰-台南,2024-09-05,8884
2495,普安,100,50,50,國泰-台南,2024-09-05,8884
1907,永豐餘,44,0,44,國泰-台南,2024-09-05,8884
2417,圓剛,43,1,42,國泰-台南,2024-09-05,8884
2889,國票金,51,12,39,國泰-台南,2024-09-05,8884
1314,中石化,62,23,39,國泰-台南,2024-09-05,8884
1303,南亞,49,11,38,國泰-台南,2024-09-05,8884
2464,盟立,134,97,37,國泰-台南,2024-09-05,8884
00753L,中信中國50正2,55,20,35,國泰-台南,2024-09-05,8884
3189,景碩,77,43,34,國泰-台南,2024-09-05,8884
2368,金像電,45,11,34,國泰-台南,2024-09-05,8884
6505,台塑化,32,1,31,國泰-台南,2024-09-05,8884
0056,元大高股息,47,17,30,國泰-台南,2024-09-05,8884
8070,長華*,83,54,29,國泰-台南,2024-09-05,8884
00951,台新日本半導體,27,2,25,國泰-台南,2024-09-05,8884
1326,台化,26,1,25,國泰-台南,2024-09-05,8884
3362,先進光,26,2,24,國泰-台南,2024-09-05,8884
00882,中信中國高股息,46,23,23,國泰-台南,2024-09-05,8884
6186,新潤,30,8,22,國泰-台南,2024-09-05,8884
2312,金寶,25,4,21,國泰-台南,2024-09-05,8884
2882,國泰金,34,13,21,國泰-台南,2024-09-05,8884
3339,泰谷,682,47,635,國泰-台南,2024-09-06,8884
00715L,期街口布蘭特正2,444,10,434,國泰-台南,2024-09-06,8884
00751B,元大AAA至A公司債,357,11,346,國泰-台南,2024-09-06,8884
00679B,元大美債20年,385,68,317,國泰-台南,2024-09-06,8884
00680L,元大美債20正2,555,257,298,國泰-台南,2024-09-06,8884
00712,復華富時不動產,203,67,136,國泰-台南,2024-09-06,8884
00687B,國泰20年美債,319,202,117,國泰-台南,2024-09-06,8884
6405,悅城,223,129,94,國泰-台南,2024-09-06,8884
00643,群益深証中小,121,30,91,國泰-台南,2024-09-06,8884
5460,同協,106,25,81,國泰-台南,2024-09-06,8884
00918,大華優利高填息30,100,21,79,國泰-台南,2024-09-06,8884
00915,凱基優選高股息30,70,1,69,國泰-台南,2024-09-06,8884
5392,能率,59,0,59,國泰-台南,2024-09-06,8884
00857B,永豐20年美公債,51,0,51,國泰-台南,2024-09-06,8884
00674R,期元大S＆P黃金反1,51,0,51,國泰-台南,2024-09-06,8884
00664R,國泰臺灣加權反1,50,0,50,國泰-台南,2024-09-06,8884
4538,大詠城,83,33,50,國泰-台南,2024-09-06,8884
8374,羅昇,107,58,49,國泰-台南,2024-09-06,8884
00795B,中信美國公債20年,74,35,39,國泰-台南,2024-09-06,8884
00642U,期元大S＆P石油,38,0,38,國泰-台南,2024-09-06,8884
5905,南仁湖,52,17,35,國泰-台南,2024-09-06,8884
00878,國泰永續高股息,87,54,33,國泰-台南,2024-09-06,8884
1806,冠軍,31,0,31,國泰-台南,2024-09-06,8884
5439,高技,33,2,31,國泰-台南,2024-09-06,8884
6770,力積電,49,19,30,國泰-台南,2024-09-06,8884
2495,普安,73,44,29,國泰-台南,2024-09-06,8884
00936,台新永續高息中小,30,2,28,國泰-台南,2024-09-06,8884
0056,元大高股息,35,7,28,國泰-台南,2024-09-06,8884
00945B,凱基美國非投等債,28,0,28,國泰-台南,2024-09-06,8884
00706L,期元大S＆P日圓正2,30,2,28,國泰-台南,2024-09-06,8884
1539,巨庭,59,33,26,國泰-台南,2024-09-06,8884
3031,佰鴻,32,6,26,國泰-台南,2024-09-06,8884
3019,亞光,47,22,25,國泰-台南,2024-09-06,8884
6194,育富,25,0,25,國泰-台南,2024-09-06,8884
00830,國泰費城半導體,24,0,24,國泰-台南,2024-09-06,8884
6163,華電網,24,2,22,國泰-台南,2024-09-06,8884
2892,第一金,40,19,21,國泰-台南,2024-09-06,8884
8070,長華*,80,59,21,國泰-台南,2024-09-06,8884
1609,大亞,25,5,20,國泰-台南,2024-09-06,8884
4420,光明,20,1,19,國泰-台南,2024-09-06,8884
2317,鴻海,85,67,18,國泰-台南,2024-09-06,8884
00951,台新日本半導體,18,0,18,國泰-台南,2024-09-06,8884
00952,凱基台灣AI50,17,0,17,國泰-台南,2024-09-06,8884
00948B,中信優息投資級債,17,0,17,國泰-台南,2024-09-06,8884
3714,富采,17,1,16,國泰-台南,2024-09-06,8884
1540,喬福,231,215,16,國泰-台南,2024-09-06,8884
00632R,元大台灣50反1,959,943,16,國泰-台南,2024-09-06,8884
2888,新光金,43,28,15,國泰-台南,2024-09-06,8884
1303,南亞,18,5,13,國泰-台南,2024-09-06,8884
00941,中信上游半導體,15,2,13,國泰-台南,2024-09-06,8884
00929,復華台灣科技優息,757,167,590,國泰-台南,2024-09-09,8884
00948B,中信優息投資級債,538,0,538,國泰-台南,2024-09-09,8884
00919,群益台灣精選高息,616,163,453,國泰-台南,2024-09-09,8884
00878,國泰永續高股息,304,53,251,國泰-台南,2024-09-09,8884
00679B,元大美債20年,328,81,247,國泰-台南,2024-09-09,8884
00951,台新日本半導體,168,0,168,國泰-台南,2024-09-09,8884
00937B,群益ESG投等債20,322,161,161,國泰-台南,2024-09-09,8884
2891,中信金,165,14,151,國泰-台南,2024-09-09,8884
00918,大華優利高填息30,127,3,124,國泰-台南,2024-09-09,8884
00915,凱基優選高股息30,156,36,120,國泰-台南,2024-09-09,8884
00881,國泰台灣5G+,115,3,112,國泰-台南,2024-09-09,8884
00715L,期街口布蘭特正2,151,45,106,國泰-台南,2024-09-09,8884
00676R,富邦臺灣加權反1,110,4,106,國泰-台南,2024-09-09,8884
006208,富邦台50,92,3,89,國泰-台南,2024-09-09,8884
2002,中鋼,92,15,77,國泰-台南,2024-09-09,8884
6405,悅城,162,87,75,國泰-台南,2024-09-09,8884
00940,元大台灣價值高息,135,61,74,國泰-台南,2024-09-09,8884
00706L,期元大S＆P日圓正2,100,30,70,國泰-台南,2024-09-09,8884
2344,華邦電,124,54,70,國泰-台南,2024-09-09,8884
2317,鴻海,88,20,68,國泰-台南,2024-09-09,8884
2881,富邦金,71,4,67,國泰-台南,2024-09-09,8884
00713,元大台灣高息低波,61,0,61,國泰-台南,2024-09-09,8884
00923,群益台ESG低碳50,78,21,57,國泰-台南,2024-09-09,8884
00753L,中信中國50正2,54,1,53,國泰-台南,2024-09-09,8884
3025,星通,61,12,49,國泰-台南,2024-09-09,8884
1907,永豐餘,46,0,46,國泰-台南,2024-09-09,8884
00637L,元大滬深300正2,62,21,41,國泰-台南,2024-09-09,8884
00751B,元大AAA至A公司債,41,0,41,國泰-台南,2024-09-09,8884
2885,元大金,45,4,41,國泰-台南,2024-09-09,8884
2330,台積電,45,11,34,國泰-台南,2024-09-09,8884
2820,華票,36,2,34,國泰-台南,2024-09-09,8884
00675L,富邦臺灣加權正2,71,37,34,國泰-台南,2024-09-09,8884
00946,群益科技高息成長,55,22,33,國泰-台南,2024-09-09,8884
00650L,復華香港正2,43,10,33,國泰-台南,2024-09-09,8884
00941,中信上游半導體,34,3,31,國泰-台南,2024-09-09,8884
2382,廣達,74,43,31,國泰-台南,2024-09-09,8884
1326,台化,54,25,29,國泰-台南,2024-09-09,8884
0050,元大台灣50,41,13,28,國泰-台南,2024-09-09,8884
6505,台塑化,28,1,27,國泰-台南,2024-09-09,8884
2615,萬海,67,41,26,國泰-台南,2024-09-09,8884
1815,富喬,63,39,24,國泰-台南,2024-09-09,8884
00664R,國泰臺灣加權反1,44,20,24,國泰-台南,2024-09-09,8884
9945,潤泰新,23,0,23,國泰-台南,2024-09-09,8884
00830,國泰費城半導體,24,2,22,國泰-台南,2024-09-09,8884
3303,岱稜,29,8,21,國泰-台南,2024-09-09,8884
2882,國泰金,33,14,19,國泰-台南,2024-09-09,8884
00665L,富邦�琤肭磪囓�2,19,0,19,國泰-台南,2024-09-09,8884
3339,泰谷,20,1,19,國泰-台南,2024-09-09,8884
00642U,期元大S＆P石油,18,0,18,國泰-台南,2024-09-09,8884
00687B,國泰20年美債,323,305,18,國泰-台南,2024-09-09,8884
00878,國泰永續高股息,1289,97,1192,國泰-台南,2024-09-10,8884
00919,群益台灣精選高息,977,166,811,國泰-台南,2024-09-10,8884
2888,新光金,646,151,495,國泰-台南,2024-09-10,8884
00929,復華台灣科技優息,656,175,481,國泰-台南,2024-09-10,8884
00679B,元大美債20年,352,79,273,國泰-台南,2024-09-10,8884
00687B,國泰20年美債,381,209,172,國泰-台南,2024-09-10,8884
0056,元大高股息,174,20,154,國泰-台南,2024-09-10,8884
00665L,富邦�琤肭磪囓�2,145,25,120,國泰-台南,2024-09-10,8884
2891,中信金,177,58,119,國泰-台南,2024-09-10,8884
00918,大華優利高填息30,125,11,114,國泰-台南,2024-09-10,8884
00946,群益科技高息成長,120,13,107,國泰-台南,2024-09-10,8884
00940,元大台灣價值高息,146,41,105,國泰-台南,2024-09-10,8884
6727,亞泰金屬,102,0,102,國泰-台南,2024-09-10,8884
2317,鴻海,145,44,101,國泰-台南,2024-09-10,8884
00650L,復華香港正2,100,0,100,國泰-台南,2024-09-10,8884
3209,全科,100,9,91,國泰-台南,2024-09-10,8884
00632R,元大台灣50反1,426,338,88,國泰-台南,2024-09-10,8884
3481,群創,119,33,86,國泰-台南,2024-09-10,8884
00715L,期街口布蘭特正2,77,4,73,國泰-台南,2024-09-10,8884
3339,泰谷,91,31,60,國泰-台南,2024-09-10,8884
00931B,統一美債20年,54,3,51,國泰-台南,2024-09-10,8884
9945,潤泰新,68,19,49,國泰-台南,2024-09-10,8884
3623,富晶通,52,3,49,國泰-台南,2024-09-10,8884
00881,國泰台灣5G+,48,1,47,國泰-台南,2024-09-10,8884
00930,永豐ESG低碳高息,47,0,47,國泰-台南,2024-09-10,8884
6405,悅城,84,38,46,國泰-台南,2024-09-10,8884
2382,廣達,66,23,43,國泰-台南,2024-09-10,8884
5210,寶碩,58,15,43,國泰-台南,2024-09-10,8884
4956,光鋐,71,28,43,國泰-台南,2024-09-10,8884
8927,北基,43,1,42,國泰-台南,2024-09-10,8884
00959B,大華投等美債15Y+,59,21,38,國泰-台南,2024-09-10,8884
2399,映泰,53,16,37,國泰-台南,2024-09-10,8884
2313,華通,57,21,36,國泰-台南,2024-09-10,8884
6742,澤米,35,0,35,國泰-台南,2024-09-10,8884
3580,友威科,50,17,33,國泰-台南,2024-09-10,8884
00907,永豐優息存股,31,0,31,國泰-台南,2024-09-10,8884
5871,中租-KY,32,1,31,國泰-台南,2024-09-10,8884
00934,中信成長高股息,30,0,30,國泰-台南,2024-09-10,8884
3663,鑫科,57,29,28,國泰-台南,2024-09-10,8884
4908,前鼎,46,18,28,國泰-台南,2024-09-10,8884
00830,國泰費城半導體,27,3,24,國泰-台南,2024-09-10,8884
00713,元大台灣高息低波,43,21,22,國泰-台南,2024-09-10,8884
2363,矽統,38,16,22,國泰-台南,2024-09-10,8884
1326,台化,32,11,21,國泰-台南,2024-09-10,8884
1710,東聯,21,0,21,國泰-台南,2024-09-10,8884
6274,台燿,43,23,20,國泰-台南,2024-09-10,8884
1416,廣豐,20,0,20,國泰-台南,2024-09-10,8884
2002,中鋼,20,0,20,國泰-台南,2024-09-10,8884
00642U,期元大S＆P石油,19,0,19,國泰-台南,2024-09-10,8884
4933,友輝,30,11,19,國泰-台南,2024-09-10,8884
00632R,元大台灣50反1,3080,1023,2057,國泰-台南,2024-09-11,8884
00937B,群益ESG投等債20,438,64,374,國泰-台南,2024-09-11,8884
00680L,元大美債20正2,519,254,265,國泰-台南,2024-09-11,8884
2891,中信金,275,20,255,國泰-台南,2024-09-11,8884
00929,復華台灣科技優息,271,58,213,國泰-台南,2024-09-11,8884
6405,悅城,221,18,203,國泰-台南,2024-09-11,8884
00878,國泰永續高股息,212,21,191,國泰-台南,2024-09-11,8884
3339,泰谷,126,0,126,國泰-台南,2024-09-11,8884
2332,友訊,110,0,110,國泰-台南,2024-09-11,8884
00713,元大台灣高息低波,107,0,107,國泰-台南,2024-09-11,8884
4538,大詠城,105,1,104,國泰-台南,2024-09-11,8884
2610,華航,104,7,97,國泰-台南,2024-09-11,8884
00915,凱基優選高股息30,94,1,93,國泰-台南,2024-09-11,8884
00688L,國泰20年美債正2,252,161,91,國泰-台南,2024-09-11,8884
00725B,國泰投資級公司債,80,0,80,國泰-台南,2024-09-11,8884
6177,達麗,70,3,67,國泰-台南,2024-09-11,8884
9105,泰金寶-DR,67,1,66,國泰-台南,2024-09-11,8884
00751B,元大AAA至A公司債,70,8,62,國泰-台南,2024-09-11,8884
3312,弘憶股,66,13,53,國泰-台南,2024-09-11,8884
00948B,中信優息投資級債,64,12,52,國泰-台南,2024-09-11,8884
00945B,凱基美國非投等債,51,0,51,國泰-台南,2024-09-11,8884
5210,寶碩,51,0,51,國泰-台南,2024-09-11,8884
4950,牧東,50,0,50,國泰-台南,2024-09-11,8884
6152,百一,63,14,49,國泰-台南,2024-09-11,8884
00946,群益科技高息成長,49,1,48,國泰-台南,2024-09-11,8884
2477,美隆電,52,4,48,國泰-台南,2024-09-11,8884
00687B,國泰20年美債,497,450,47,國泰-台南,2024-09-11,8884
00712,復華富時不動產,69,25,44,國泰-台南,2024-09-11,8884
8076,伍豐,49,5,44,國泰-台南,2024-09-11,8884
0056,元大高股息,59,17,42,國泰-台南,2024-09-11,8884
2371,大同,138,96,42,國泰-台南,2024-09-11,8884
00715L,期街口布蘭特正2,200,163,37,國泰-台南,2024-09-11,8884
1316,上曜,37,2,35,國泰-台南,2024-09-11,8884
00662,富邦NASDAQ,33,0,33,國泰-台南,2024-09-11,8884
6743,安普新,31,0,31,國泰-台南,2024-09-11,8884
00959B,大華投等美債15Y+,31,0,31,國泰-台南,2024-09-11,8884
2317,鴻海,56,26,30,國泰-台南,2024-09-11,8884
00646,元大S＆P500,31,1,30,國泰-台南,2024-09-11,8884
3360,尚立,66,37,29,國泰-台南,2024-09-11,8884
00881,國泰台灣5G+,32,4,28,國泰-台南,2024-09-11,8884
2867,三商壽,77,49,28,國泰-台南,2024-09-11,8884
6148,驊宏資,42,17,25,國泰-台南,2024-09-11,8884
00700,富邦�琤肭磪�,25,0,25,國泰-台南,2024-09-11,8884
00918,大華優利高填息30,28,3,25,國泰-台南,2024-09-11,8884
2884,玉山金,28,5,23,國泰-台南,2024-09-11,8884
2365,昆盈,44,22,22,國泰-台南,2024-09-11,8884
00631L,元大台灣50正2,46,24,22,國泰-台南,2024-09-11,8884
6108,競國,30,9,21,國泰-台南,2024-09-11,8884
5876,上海商銀,21,0,21,國泰-台南,2024-09-11,8884
3645,達邁,30,9,21,國泰-台南,2024-09-11,8884
00632R,元大台灣50反1,1951,660,1291,國泰-台南,2024-09-12,8884
00673R,期元大S＆P原油反1,603,0,603,國泰-台南,2024-09-12,8884
00680L,元大美債20正2,419,17,402,國泰-台南,2024-09-12,8884
00688L,國泰20年美債正2,457,209,248,國泰-台南,2024-09-12,8884
2891,中信金,251,21,230,國泰-台南,2024-09-12,8884
00937B,群益ESG投等債20,206,27,179,國泰-台南,2024-09-12,8884
00664R,國泰臺灣加權反1,117,0,117,國泰-台南,2024-09-12,8884
00915,凱基優選高股息30,111,0,111,國泰-台南,2024-09-12,8884
8011,台通,97,15,82,國泰-台南,2024-09-12,8884
1340,勝悅-KY,81,1,80,國泰-台南,2024-09-12,8884
00687B,國泰20年美債,532,453,79,國泰-台南,2024-09-12,8884
6426,統新,72,0,72,國泰-台南,2024-09-12,8884
2349,錸德,79,8,71,國泰-台南,2024-09-12,8884
2887,台新金,319,257,62,國泰-台南,2024-09-12,8884
9105,泰金寶-DR,79,24,55,國泰-台南,2024-09-12,8884
4510,高鋒,245,193,52,國泰-台南,2024-09-12,8884
00715L,期街口布蘭特正2,105,57,48,國泰-台南,2024-09-12,8884
00948B,中信優息投資級債,49,7,42,國泰-台南,2024-09-12,8884
3290,東浦,41,1,40,國泰-台南,2024-09-12,8884
4950,牧東,50,21,29,國泰-台南,2024-09-12,8884
00918,大華優利高填息30,42,14,28,國泰-台南,2024-09-12,8884
1709,和益,29,3,26,國泰-台南,2024-09-12,8884
6517,保勝光學,26,1,25,國泰-台南,2024-09-12,8884
4538,大詠城,79,54,25,國泰-台南,2024-09-12,8884
6248,沛波,25,0,25,國泰-台南,2024-09-12,8884
00679B,元大美債20年,170,146,24,國泰-台南,2024-09-12,8884
4562,穎漢,46,24,22,國泰-台南,2024-09-12,8884
2539,櫻花建,21,0,21,國泰-台南,2024-09-12,8884
2892,第一金,22,2,20,國泰-台南,2024-09-12,8884
2540,愛山林,25,6,19,國泰-台南,2024-09-12,8884
00934,中信成長高股息,23,4,19,國泰-台南,2024-09-12,8884
3481,群創,123,104,19,國泰-台南,2024-09-12,8884
6770,力積電,21,2,19,國泰-台南,2024-09-12,8884
5905,南仁湖,17,1,16,國泰-台南,2024-09-12,8884
00852L,國泰美國道瓊正2,15,0,15,國泰-台南,2024-09-12,8884
00930,永豐ESG低碳高息,14,0,14,國泰-台南,2024-09-12,8884
00927,群益半導體收益,19,5,14,國泰-台南,2024-09-12,8884
3607,谷崧,17,3,14,國泰-台南,2024-09-12,8884
1711,永光,49,35,14,國泰-台南,2024-09-12,8884
3550,聯穎,13,0,13,國泰-台南,2024-09-12,8884
1409,新纖,14,1,13,國泰-台南,2024-09-12,8884
00942B,台新美A公司債20+,13,0,13,國泰-台南,2024-09-12,8884
4908,前鼎,17,4,13,國泰-台南,2024-09-12,8884
3264,欣銓,12,0,12,國泰-台南,2024-09-12,8884
2438,翔耀,12,0,12,國泰-台南,2024-09-12,8884
00665L,富邦�琤肭磪囓�2,56,44,12,國泰-台南,2024-09-12,8884
5347,世界,18,6,12,國泰-台南,2024-09-12,8884
6134,萬旭,42,31,11,國泰-台南,2024-09-12,8884
3707,漢磊,14,3,11,國泰-台南,2024-09-12,8884
1522,堤維西,18,7,11,國泰-台南,2024-09-12,8884
00929,復華台灣科技優息,506,41,465,國泰-台南,2024-09-13,8884
00673R,期元大S＆P原油反1,333,0,333,國泰-台南,2024-09-13,8884
00919,群益台灣精選高息,306,99,207,國泰-台南,2024-09-13,8884
00687B,國泰20年美債,435,287,148,國泰-台南,2024-09-13,8884
00878,國泰永續高股息,121,15,106,國泰-台南,2024-09-13,8884
2317,鴻海,143,44,99,國泰-台南,2024-09-13,8884
00680L,元大美債20正2,107,29,78,國泰-台南,2024-09-13,8884
00933B,國泰10Y+金融債,80,6,74,國泰-台南,2024-09-13,8884
3149,正達,96,31,65,國泰-台南,2024-09-13,8884
00637L,元大滬深300正2,65,0,65,國泰-台南,2024-09-13,8884
00915,凱基優選高股息30,58,0,58,國泰-台南,2024-09-13,8884
8374,羅昇,65,14,51,國泰-台南,2024-09-13,8884
6163,華電網,103,53,50,國泰-台南,2024-09-13,8884
3550,聯穎,61,13,48,國泰-台南,2024-09-13,8884
3058,立德,43,0,43,國泰-台南,2024-09-13,8884
1711,永光,66,26,40,國泰-台南,2024-09-13,8884
00713,元大台灣高息低波,44,5,39,國泰-台南,2024-09-13,8884
3663,鑫科,100,62,38,國泰-台南,2024-09-13,8884
00918,大華優利高填息30,38,0,38,國泰-台南,2024-09-13,8884
6706,惠特,54,17,37,國泰-台南,2024-09-13,8884
2349,錸德,64,29,35,國泰-台南,2024-09-13,8884
2888,新光金,103,71,32,國泰-台南,2024-09-13,8884
2382,廣達,38,6,32,國泰-台南,2024-09-13,8884
8032,光菱,31,1,30,國泰-台南,2024-09-13,8884
00942B,台新美A公司債20+,30,1,29,國泰-台南,2024-09-13,8884
2881,富邦金,35,8,27,國泰-台南,2024-09-13,8884
00934,中信成長高股息,27,1,26,國泰-台南,2024-09-13,8884
00795B,中信美國公債20年,26,1,25,國泰-台南,2024-09-13,8884
2867,三商壽,31,6,25,國泰-台南,2024-09-13,8884
00927,群益半導體收益,33,9,24,國泰-台南,2024-09-13,8884
00900,富邦特選高股息30,25,2,23,國泰-台南,2024-09-13,8884
00945B,凱基美國非投等債,22,0,22,國泰-台南,2024-09-13,8884
3548,兆利,27,6,21,國泰-台南,2024-09-13,8884
00930,永豐ESG低碳高息,21,0,21,國泰-台南,2024-09-13,8884
00931B,統一美債20年,26,6,20,國泰-台南,2024-09-13,8884
3605,宏致,25,7,18,國泰-台南,2024-09-13,8884
8064,東捷,46,28,18,國泰-台南,2024-09-13,8884
3013,晟銘電,43,28,15,國泰-台南,2024-09-13,8884
00951,台新日本半導體,15,0,15,國泰-台南,2024-09-13,8884
00948B,中信優息投資級債,27,14,13,國泰-台南,2024-09-13,8884
6194,育富,48,35,13,國泰-台南,2024-09-13,8884
2233,宇隆,22,9,13,國泰-台南,2024-09-13,8884
0056,元大高股息,19,7,12,國泰-台南,2024-09-13,8884
00751B,元大AAA至A公司債,12,0,12,國泰-台南,2024-09-13,8884
2070,精湛,48,36,12,國泰-台南,2024-09-13,8884
006208,富邦台50,27,16,11,國泰-台南,2024-09-13,8884
00670L,富邦NASDAQ正2,13,2,11,國泰-台南,2024-09-13,8884
00712,復華富時不動產,33,22,11,國泰-台南,2024-09-13,8884
2365,昆盈,32,21,11,國泰-台南,2024-09-13,8884
00690,兆豐藍籌30,10,0,10,國泰-台南,2024-09-13,8884
00687B,國泰20年美債,463,16,447,國泰-台南,2024-09-16,8884
00933B,國泰10Y+金融債,203,0,203,國泰-台南,2024-09-16,8884
00688L,國泰20年美債正2,218,21,197,國泰-台南,2024-09-16,8884
00937B,群益ESG投等債20,235,47,188,國泰-台南,2024-09-16,8884
00632R,元大台灣50反1,199,15,184,國泰-台南,2024-09-16,8884
00918,大華優利高填息30,118,6,112,國泰-台南,2024-09-16,8884
00948B,中信優息投資級債,123,12,111,國泰-台南,2024-09-16,8884
3354,律勝,147,38,109,國泰-台南,2024-09-16,8884
2417,圓剛,103,4,99,國泰-台南,2024-09-16,8884
00919,群益台灣精選高息,239,146,93,國泰-台南,2024-09-16,8884
4903,聯光通,103,14,89,國泰-台南,2024-09-16,8884
00713,元大台灣高息低波,103,17,86,國泰-台南,2024-09-16,8884
2349,錸德,350,265,85,國泰-台南,2024-09-16,8884
3062,建漢,308,225,83,國泰-台南,2024-09-16,8884
00929,復華台灣科技優息,229,153,76,國泰-台南,2024-09-16,8884
2344,華邦電,93,24,69,國泰-台南,2024-09-16,8884
00959B,大華投等美債15Y+,66,0,66,國泰-台南,2024-09-16,8884
3710,連展投控,50,0,50,國泰-台南,2024-09-16,8884
8935,邦泰,46,0,46,國泰-台南,2024-09-16,8884
00945B,凱基美國非投等債,40,5,35,國泰-台南,2024-09-16,8884
3360,尚立,127,93,34,國泰-台南,2024-09-16,8884
6838,台新藥,34,3,31,國泰-台南,2024-09-16,8884
8028,昇陽半導體,166,136,30,國泰-台南,2024-09-16,8884
00930,永豐ESG低碳高息,30,0,30,國泰-台南,2024-09-16,8884
2374,佳能,40,15,25,國泰-台南,2024-09-16,8884
00923,群益台ESG低碳50,26,1,25,國泰-台南,2024-09-16,8884
2610,華航,27,3,24,國泰-台南,2024-09-16,8884
6152,百一,24,0,24,國泰-台南,2024-09-16,8884
00740B,富邦全球投等債,21,0,21,國泰-台南,2024-09-16,8884
1540,喬福,177,157,20,國泰-台南,2024-09-16,8884
00669R,國泰美國道瓊反1,20,0,20,國泰-台南,2024-09-16,8884
3437,榮創,33,13,20,國泰-台南,2024-09-16,8884
00751B,元大AAA至A公司債,19,0,19,國泰-台南,2024-09-16,8884
00953B,群益優選非投等債,18,0,18,國泰-台南,2024-09-16,8884
2515,中工,25,8,17,國泰-台南,2024-09-16,8884
3019,亞光,28,11,17,國泰-台南,2024-09-16,8884
2388,威盛,35,19,16,國泰-台南,2024-09-16,8884
1808,潤隆,19,5,14,國泰-台南,2024-09-16,8884
00952,凱基台灣AI50,15,1,14,國泰-台南,2024-09-16,8884
00882,中信中國高股息,15,1,14,國泰-台南,2024-09-16,8884
4540,全球傳動,21,8,13,國泰-台南,2024-09-16,8884
1785,光洋科,141,128,13,國泰-台南,2024-09-16,8884
8070,長華*,20,8,12,國泰-台南,2024-09-16,8884
4513,福裕,19,7,12,國泰-台南,2024-09-16,8884
5210,寶碩,12,0,12,國泰-台南,2024-09-16,8884
8074,鉅橡,14,2,12,國泰-台南,2024-09-16,8884
6142,友勁,14,2,12,國泰-台南,2024-09-16,8884
00943,兆豐電子高息等權,12,0,12,國泰-台南,2024-09-16,8884
00679B,元大美債20年,105,94,11,國泰-台南,2024-09-16,8884
2426,鼎元,44,33,11,國泰-台南,2024-09-16,8884
2888,新光金,1697,542,1155,國泰-台南,2024-09-18,8884
00712,復華富時不動產,957,108,849,國泰-台南,2024-09-18,8884
00929,復華台灣科技優息,580,91,489,國泰-台南,2024-09-18,8884
00919,群益台灣精選高息,445,27,418,國泰-台南,2024-09-18,8884
00937B,群益ESG投等債20,551,203,348,國泰-台南,2024-09-18,8884
00673R,期元大S＆P原油反1,314,4,310,國泰-台南,2024-09-18,8884
2887,台新金,333,221,112,國泰-台南,2024-09-18,8884
8111,立��,122,13,109,國泰-台南,2024-09-18,8884
00713,元大台灣高息低波,135,44,91,國泰-台南,2024-09-18,8884
00958B,永豐ESG銀行債15,89,0,89,國泰-台南,2024-09-18,8884
2317,鴻海,126,38,88,國泰-台南,2024-09-18,8884
00915,凱基優選高股息30,131,44,87,國泰-台南,2024-09-18,8884
00927,群益半導體收益,87,5,82,國泰-台南,2024-09-18,8884
00918,大華優利高填息30,117,45,72,國泰-台南,2024-09-18,8884
2349,錸德,194,125,69,國泰-台南,2024-09-18,8884
00881,國泰台灣5G+,67,1,66,國泰-台南,2024-09-18,8884
3234,光環,57,1,56,國泰-台南,2024-09-18,8884
00795B,中信美國公債20年,55,0,55,國泰-台南,2024-09-18,8884
00637L,元大滬深300正2,64,10,54,國泰-台南,2024-09-18,8884
4903,聯光通,76,24,52,國泰-台南,2024-09-18,8884
00878,國泰永續高股息,123,71,52,國泰-台南,2024-09-18,8884
1301,台塑,83,32,51,國泰-台南,2024-09-18,8884
4707,磐亞,50,1,49,國泰-台南,2024-09-18,8884
00948B,中信優息投資級債,52,3,49,國泰-台南,2024-09-18,8884
00706L,期元大S＆P日圓正2,57,10,47,國泰-台南,2024-09-18,8884
3605,宏致,93,52,41,國泰-台南,2024-09-18,8884
8431,匯鑽科,39,1,38,國泰-台南,2024-09-18,8884
1721,三晃,51,13,38,國泰-台南,2024-09-18,8884
2313,華通,100,63,37,國泰-台南,2024-09-18,8884
5608,四維航,39,4,35,國泰-台南,2024-09-18,8884
2367,燿華,38,3,35,國泰-台南,2024-09-18,8884
2356,英業達,34,0,34,國泰-台南,2024-09-18,8884
00935,野村臺灣新科技50,32,0,32,國泰-台南,2024-09-18,8884
1326,台化,32,2,30,國泰-台南,2024-09-18,8884
2070,精湛,77,48,29,國泰-台南,2024-09-18,8884
00934,中信成長高股息,32,4,28,國泰-台南,2024-09-18,8884
006208,富邦台50,59,31,28,國泰-台南,2024-09-18,8884
00947,台新臺灣IC設計,27,0,27,國泰-台南,2024-09-18,8884
2344,華邦電,29,3,26,國泰-台南,2024-09-18,8884
2515,中工,26,1,25,國泰-台南,2024-09-18,8884
3059,華晶科,25,0,25,國泰-台南,2024-09-18,8884
5488,松普,36,12,24,國泰-台南,2024-09-18,8884
4908,前鼎,39,15,24,國泰-台南,2024-09-18,8884
00953B,群益優選非投等債,24,1,23,國泰-台南,2024-09-18,8884
1802,台玻,21,0,21,國泰-台南,2024-09-18,8884
3303,岱稜,38,18,20,國泰-台南,2024-09-18,8884
00905,FT臺灣Smart,20,1,19,國泰-台南,2024-09-18,8884
00631L,元大台灣50正2,82,63,19,國泰-台南,2024-09-18,8884
1609,大亞,39,20,19,國泰-台南,2024-09-18,8884
2399,映泰,152,133,19,國泰-台南,2024-09-18,8884
00632R,元大台灣50反1,1484,526,958,國泰-台南,2024-09-19,8884
00687B,國泰20年美債,652,211,441,國泰-台南,2024-09-19,8884
00929,復華台灣科技優息,376,95,281,國泰-台南,2024-09-19,8884
00937B,群益ESG投等債20,410,165,245,國泰-台南,2024-09-19,8884
00919,群益台灣精選高息,276,44,232,國泰-台南,2024-09-19,8884
4714,永捷,172,4,168,國泰-台南,2024-09-19,8884
00915,凱基優選高股息30,167,0,167,國泰-台南,2024-09-19,8884
00639,富邦深100,158,0,158,國泰-台南,2024-09-19,8884
4939,亞電,161,3,158,國泰-台南,2024-09-19,8884
00643,群益深証中小,150,0,150,國泰-台南,2024-09-19,8884
00948B,中信優息投資級債,173,73,100,國泰-台南,2024-09-19,8884
2399,映泰,388,294,94,國泰-台南,2024-09-19,8884
4950,牧東,94,1,93,國泰-台南,2024-09-19,8884
1737,臺鹽,74,0,74,國泰-台南,2024-09-19,8884
00918,大華優利高填息30,87,14,73,國泰-台南,2024-09-19,8884
00945B,凱基美國非投等債,72,7,65,國泰-台南,2024-09-19,8884
00713,元大台灣高息低波,59,0,59,國泰-台南,2024-09-19,8884
4729,熒茂,58,6,52,國泰-台南,2024-09-19,8884
9935,慶豐富,64,13,51,國泰-台南,2024-09-19,8884
00857B,永豐20年美公債,51,0,51,國泰-台南,2024-09-19,8884
3049,精金,183,134,49,國泰-台南,2024-09-19,8884
00679B,元大美債20年,255,206,49,國泰-台南,2024-09-19,8884
00706L,期元大S＆P日圓正2,41,0,41,國泰-台南,2024-09-19,8884
6770,力積電,37,0,37,國泰-台南,2024-09-19,8884
00720B,元大投資級公司債,45,8,37,國泰-台南,2024-09-19,8884
00664R,國泰臺灣加權反1,35,0,35,國泰-台南,2024-09-19,8884
00722B,群益投資級電信債,32,0,32,國泰-台南,2024-09-19,8884
6425,易發,32,0,32,國泰-台南,2024-09-19,8884
3597,映興,31,1,30,國泰-台南,2024-09-19,8884
2022,聚亨,47,18,29,國泰-台南,2024-09-19,8884
2337,旺宏,30,2,28,國泰-台南,2024-09-19,8884
00933B,國泰10Y+金融債,37,9,28,國泰-台南,2024-09-19,8884
2344,華邦電,40,13,27,國泰-台南,2024-09-19,8884
1582,信錦,34,7,27,國泰-台南,2024-09-19,8884
2349,錸德,45,19,26,國泰-台南,2024-09-19,8884
1815,富喬,27,4,23,國泰-台南,2024-09-19,8884
1727,中華化,42,19,23,國泰-台南,2024-09-19,8884
6152,百一,22,1,21,國泰-台南,2024-09-19,8884
4916,事欣科,20,0,20,國泰-台南,2024-09-19,8884
00958B,永豐ESG銀行債15,20,1,19,國泰-台南,2024-09-19,8884
2385,群光,20,1,19,國泰-台南,2024-09-19,8884
2317,鴻海,51,33,18,國泰-台南,2024-09-19,8884
2425,承啟,29,11,18,國泰-台南,2024-09-19,8884
6133,金橋,19,1,18,國泰-台南,2024-09-19,8884
6405,悅城,72,54,18,國泰-台南,2024-09-19,8884
3290,東浦,56,39,17,國泰-台南,2024-09-19,8884
00946,群益科技高息成長,20,3,17,國泰-台南,2024-09-19,8884
4543,萬在,18,1,17,國泰-台南,2024-09-19,8884
2002,中鋼,17,0,17,國泰-台南,2024-09-19,8884
00670L,富邦NASDAQ正2,17,0,17,國泰-台南,2024-09-19,8884
00919,群益台灣精選高息,711,158,553,國泰-台南,2024-09-20,8884
00725B,國泰投資級公司債,257,0,257,國泰-台南,2024-09-20,8884
00637L,元大滬深300正2,264,24,240,國泰-台南,2024-09-20,8884
00679B,元大美債20年,228,64,164,國泰-台南,2024-09-20,8884
4707,磐亞,158,23,135,國泰-台南,2024-09-20,8884
1711,永光,324,195,129,國泰-台南,2024-09-20,8884
00929,復華台灣科技優息,223,99,124,國泰-台南,2024-09-20,8884
00915,凱基優選高股息30,159,48,111,國泰-台南,2024-09-20,8884
3149,正達,131,30,101,國泰-台南,2024-09-20,8884
9105,泰金寶-DR,100,5,95,國泰-台南,2024-09-20,8884
3354,律勝,156,68,88,國泰-台南,2024-09-20,8884
00937B,群益ESG投等債20,187,107,80,國泰-台南,2024-09-20,8884
2887,台新金,89,12,77,國泰-台南,2024-09-20,8884
5905,南仁湖,129,59,70,國泰-台南,2024-09-20,8884
2542,興富發,219,152,67,國泰-台南,2024-09-20,8884
00688L,國泰20年美債正2,82,16,66,國泰-台南,2024-09-20,8884
2399,映泰,367,311,56,國泰-台南,2024-09-20,8884
8074,鉅橡,62,7,55,國泰-台南,2024-09-20,8884
5481,新華,61,7,54,國泰-台南,2024-09-20,8884
00958B,永豐ESG銀行債15,52,1,51,國泰-台南,2024-09-20,8884
3339,泰谷,93,45,48,國泰-台南,2024-09-20,8884
1737,臺鹽,47,0,47,國泰-台南,2024-09-20,8884
6405,悅城,79,35,44,國泰-台南,2024-09-20,8884
2442,新美齊,45,2,43,國泰-台南,2024-09-20,8884
6188,廣明,54,15,39,國泰-台南,2024-09-20,8884
00712,復華富時不動產,103,65,38,國泰-台南,2024-09-20,8884
00953B,群益優選非投等債,35,1,34,國泰-台南,2024-09-20,8884
00918,大華優利高填息30,48,14,34,國泰-台南,2024-09-20,8884
3511,矽瑪,61,29,32,國泰-台南,2024-09-20,8884
3056,富華新,32,0,32,國泰-台南,2024-09-20,8884
00932,兆豐永續高息等權,32,1,31,國泰-台南,2024-09-20,8884
00795B,中信美國公債20年,33,3,30,國泰-台南,2024-09-20,8884
00650L,復華香港正2,38,8,30,國泰-台南,2024-09-20,8884
3062,建漢,131,102,29,國泰-台南,2024-09-20,8884
00713,元大台灣高息低波,48,21,27,國泰-台南,2024-09-20,8884
3597,映興,36,9,27,國泰-台南,2024-09-20,8884
00687B,國泰20年美債,283,256,27,國泰-台南,2024-09-20,8884
3040,遠見,26,0,26,國泰-台南,2024-09-20,8884
00952,凱基台灣AI50,27,2,25,國泰-台南,2024-09-20,8884
6104,創惟,76,52,24,國泰-台南,2024-09-20,8884
00669R,國泰美國道瓊反1,24,0,24,國泰-台南,2024-09-20,8884
5519,隆大,26,3,23,國泰-台南,2024-09-20,8884
2062,橋椿,38,15,23,國泰-台南,2024-09-20,8884
3492,長盛,24,1,23,國泰-台南,2024-09-20,8884
6830,汎銓,41,20,21,國泰-台南,2024-09-20,8884
1597,直得,20,0,20,國泰-台南,2024-09-20,8884
00960,野村全球航運龍頭,22,3,19,國泰-台南,2024-09-20,8884
6125,廣運,25,7,18,國泰-台南,2024-09-20,8884
2025,千興,20,3,17,國泰-台南,2024-09-20,8884
4979,華星光,34,17,17,國泰-台南,2024-09-20,8884
00919,群益台灣精選高息,603,196,407,國泰-台南,2024-09-23,8884
00687B,國泰20年美債,439,191,248,國泰-台南,2024-09-23,8884
00948B,中信優息投資級債,221,53,168,國泰-台南,2024-09-23,8884
00929,復華台灣科技優息,258,131,127,國泰-台南,2024-09-23,8884
00643,群益深証中小,100,0,100,國泰-台南,2024-09-23,8884
6163,華電網,90,0,90,國泰-台南,2024-09-23,8884
00632R,元大台灣50反1,369,280,89,國泰-台南,2024-09-23,8884
00680L,元大美債20正2,187,102,85,國泰-台南,2024-09-23,8884
1711,永光,154,84,70,國泰-台南,2024-09-23,8884
5210,寶碩,77,13,64,國泰-台南,2024-09-23,8884
00635U,期元大S＆P黃金,60,0,60,國泰-台南,2024-09-23,8884
00713,元大台灣高息低波,51,0,51,國泰-台南,2024-09-23,8884
1721,三晃,355,306,49,國泰-台南,2024-09-23,8884
00954,中信日本半導體,46,0,46,國泰-台南,2024-09-23,8884
3062,建漢,87,42,45,國泰-台南,2024-09-23,8884
00958B,永豐ESG銀行債15,43,0,43,國泰-台南,2024-09-23,8884
00679B,元大美債20年,121,79,42,國泰-台南,2024-09-23,8884
2347,聯強,41,1,40,國泰-台南,2024-09-23,8884
00915,凱基優選高股息30,43,4,39,國泰-台南,2024-09-23,8884
00706L,期元大S＆P日圓正2,72,37,35,國泰-台南,2024-09-23,8884
4903,聯光通,42,9,33,國泰-台南,2024-09-23,8884
3455,由田,37,6,31,國泰-台南,2024-09-23,8884
00751B,元大AAA至A公司債,37,7,30,國泰-台南,2024-09-23,8884
6532,瑞耘,31,1,30,國泰-台南,2024-09-23,8884
1584,精剛,40,12,28,國泰-台南,2024-09-23,8884
4716,大立,155,127,28,國泰-台南,2024-09-23,8884
3581,博磊,34,6,28,國泰-台南,2024-09-23,8884
00795B,中信美國公債20年,28,1,27,國泰-台南,2024-09-23,8884
00960,野村全球航運龍頭,26,0,26,國泰-台南,2024-09-23,8884
0056,元大高股息,54,28,26,國泰-台南,2024-09-23,8884
1314,中石化,20,0,20,國泰-台南,2024-09-23,8884
00708L,期元大S＆P黃金正2,20,0,20,國泰-台南,2024-09-23,8884
00953B,群益優選非投等債,30,10,20,國泰-台南,2024-09-23,8884
4950,牧東,20,0,20,國泰-台南,2024-09-23,8884
6698,旭暉應材,24,4,20,國泰-台南,2024-09-23,8884
5508,永信建,25,7,18,國泰-台南,2024-09-23,8884
00931B,統一美債20年,22,4,18,國泰-台南,2024-09-23,8884
00673R,期元大S＆P原油反1,18,0,18,國泰-台南,2024-09-23,8884
2436,偉詮電,22,4,18,國泰-台南,2024-09-23,8884
2442,新美齊,31,13,18,國泰-台南,2024-09-23,8884
00669R,國泰美國道瓊反1,17,0,17,國泰-台南,2024-09-23,8884
4979,華星光,76,60,16,國泰-台南,2024-09-23,8884
3615,安可,40,24,16,國泰-台南,2024-09-23,8884
9946,三發地產,16,0,16,國泰-台南,2024-09-23,8884
3588,通嘉,21,5,16,國泰-台南,2024-09-23,8884
2250,IKKA-KY,17,1,16,國泰-台南,2024-09-23,8884
2539,櫻花建,16,0,16,國泰-台南,2024-09-23,8884
8039,台虹,21,6,15,國泰-台南,2024-09-23,8884
00648R,元大S＆P500反1,15,0,15,國泰-台南,2024-09-23,8884
2344,華邦電,123,108,15,國泰-台南,2024-09-23,8884
00680L,元大美債20正2,256,7,249,國泰-台南,2024-09-24,8884
00688L,國泰20年美債正2,253,22,231,國泰-台南,2024-09-24,8884
00929,復華台灣科技優息,239,24,215,國泰-台南,2024-09-24,8884
00919,群益台灣精選高息,189,34,155,國泰-台南,2024-09-24,8884
6136,富爾特,110,0,110,國泰-台南,2024-09-24,8884
6405,悅城,168,68,100,國泰-台南,2024-09-24,8884
8240,華宏,100,0,100,國泰-台南,2024-09-24,8884
00679B,元大美債20年,185,88,97,國泰-台南,2024-09-24,8884
3066,李洲,104,11,93,國泰-台南,2024-09-24,8884
2344,華邦電,131,44,87,國泰-台南,2024-09-24,8884
00632R,元大台灣50反1,433,350,83,國泰-台南,2024-09-24,8884
6770,力積電,75,2,73,國泰-台南,2024-09-24,8884
6506,雙邦,70,4,66,國泰-台南,2024-09-24,8884
3049,精金,102,42,60,國泰-台南,2024-09-24,8884
8111,立��,97,42,55,國泰-台南,2024-09-24,8884
2888,新光金,84,31,53,國泰-台南,2024-09-24,8884
2497,怡利電,149,99,50,國泰-台南,2024-09-24,8884
00713,元大台灣高息低波,43,2,41,國泰-台南,2024-09-24,8884
00635U,期元大S＆P黃金,40,0,40,國泰-台南,2024-09-24,8884
2891,中信金,127,87,40,國泰-台南,2024-09-24,8884
00918,大華優利高填息30,43,7,36,國泰-台南,2024-09-24,8884
3663,鑫科,75,42,33,國泰-台南,2024-09-24,8884
00959B,大華投等美債15Y+,31,0,31,國泰-台南,2024-09-24,8884
2349,錸德,48,17,31,國泰-台南,2024-09-24,8884
00948B,中信優息投資級債,30,0,30,國泰-台南,2024-09-24,8884
00915,凱基優選高股息30,29,1,28,國泰-台南,2024-09-24,8884
1735,日勝化,28,0,28,國泰-台南,2024-09-24,8884
4979,華星光,93,66,27,國泰-台南,2024-09-24,8884
6156,松上,28,5,23,國泰-台南,2024-09-24,8884
1316,上曜,24,2,22,國泰-台南,2024-09-24,8884
1539,巨庭,38,17,21,國泰-台南,2024-09-24,8884
6177,達麗,34,13,21,國泰-台南,2024-09-24,8884
00933B,國泰10Y+金融債,22,2,20,國泰-台南,2024-09-24,8884
00715L,期街口布蘭特正2,105,85,20,國泰-台南,2024-09-24,8884
3189,景碩,26,6,20,國泰-台南,2024-09-24,8884
00675L,富邦臺灣加權正2,27,7,20,國泰-台南,2024-09-24,8884
3162,精確,20,0,20,國泰-台南,2024-09-24,8884
0056,元大高股息,32,13,19,國泰-台南,2024-09-24,8884
3062,建漢,48,29,19,國泰-台南,2024-09-24,8884
2542,興富發,32,13,19,國泰-台南,2024-09-24,8884
2610,華航,19,1,18,國泰-台南,2024-09-24,8884
2356,英業達,23,5,18,國泰-台南,2024-09-24,8884
3694,海華,18,0,18,國泰-台南,2024-09-24,8884
00687B,國泰20年美債,180,162,18,國泰-台南,2024-09-24,8884
3605,宏致,56,38,18,國泰-台南,2024-09-24,8884
00673R,期元大S＆P原油反1,25,8,17,國泰-台南,2024-09-24,8884
2481,強茂,41,25,16,國泰-台南,2024-09-24,8884
00931B,統一美債20年,19,3,16,國泰-台南,2024-09-24,8884
00720B,元大投資級公司債,22,6,16,國泰-台南,2024-09-24,8884
2636,台驊控股,15,0,15,國泰-台南,2024-09-24,8884
00722B,群益投資級電信債,249,0,249,國泰-台南,2024-09-25,8884
00687B,國泰20年美債,242,115,127,國泰-台南,2024-09-25,8884
00639,富邦深100,120,2,118,國泰-台南,2024-09-25,8884
00637L,元大滬深300正2,222,135,87,國泰-台南,2024-09-25,8884
00679B,元大美債20年,133,51,82,國泰-台南,2024-09-25,8884
3715,定穎投控,171,90,81,國泰-台南,2024-09-25,8884
2399,映泰,169,97,72,國泰-台南,2024-09-25,8884
9105,泰金寶-DR,91,20,71,國泰-台南,2024-09-25,8884
00948B,中信優息投資級債,115,52,63,國泰-台南,2024-09-25,8884
3550,聯穎,302,241,61,國泰-台南,2024-09-25,8884
1711,永光,90,30,60,國泰-台南,2024-09-25,8884
5392,能率,58,0,58,國泰-台南,2024-09-25,8884
00958B,永豐ESG銀行債15,57,0,57,國泰-台南,2024-09-25,8884
3588,通嘉,58,1,57,國泰-台南,2024-09-25,8884
8043,蜜望實,59,8,51,國泰-台南,2024-09-25,8884
00957B,兆豐US優選投等債,50,0,50,國泰-台南,2024-09-25,8884
3021,鴻名,78,28,50,國泰-台南,2024-09-25,8884
00915,凱基優選高股息30,67,17,50,國泰-台南,2024-09-25,8884
00919,群益台灣精選高息,121,73,48,國泰-台南,2024-09-25,8884
4566,時碩工業,73,26,47,國泰-台南,2024-09-25,8884
3231,緯創,66,20,46,國泰-台南,2024-09-25,8884
006208,富邦台50,67,21,46,國泰-台南,2024-09-25,8884
4542,科嶠,51,8,43,國泰-台南,2024-09-25,8884
00636,國泰中國A50,46,3,43,國泰-台南,2024-09-25,8884
8374,羅昇,59,17,42,國泰-台南,2024-09-25,8884
00751B,元大AAA至A公司債,47,6,41,國泰-台南,2024-09-25,8884
2891,中信金,96,57,39,國泰-台南,2024-09-25,8884
00960,野村全球航運龍頭,66,28,38,國泰-台南,2024-09-25,8884
2613,中櫃,42,6,36,國泰-台南,2024-09-25,8884
00891,中信關鍵半導體,42,9,33,國泰-台南,2024-09-25,8884
3714,富采,50,18,32,國泰-台南,2024-09-25,8884
00665L,富邦�琤肭磪囓�2,41,10,31,國泰-台南,2024-09-25,8884
2495,普安,50,20,30,國泰-台南,2024-09-25,8884
00953B,群益優選非投等債,29,0,29,國泰-台南,2024-09-25,8884
3149,正達,86,58,28,國泰-台南,2024-09-25,8884
3047,訊舟,93,68,25,國泰-台南,2024-09-25,8884
00931B,統一美債20年,28,3,25,國泰-台南,2024-09-25,8884
5347,世界,30,6,24,國泰-台南,2024-09-25,8884
4979,華星光,83,59,24,國泰-台南,2024-09-25,8884
00795B,中信美國公債20年,27,4,23,國泰-台南,2024-09-25,8884
00927,群益半導體收益,24,1,23,國泰-台南,2024-09-25,8884
2888,新光金,68,45,23,國泰-台南,2024-09-25,8884
5243,乙盛-KY,27,5,22,國泰-台南,2024-09-25,8884
00945B,凱基美國非投等債,22,0,22,國泰-台南,2024-09-25,8884
4915,致伸,22,0,22,國泰-台南,2024-09-25,8884
00675L,富邦臺灣加權正2,49,27,22,國泰-台南,2024-09-25,8884
00673R,期元大S＆P原油反1,22,1,21,國泰-台南,2024-09-25,8884
2313,華通,49,29,20,國泰-台南,2024-09-25,8884
00650L,復華香港正2,21,1,20,國泰-台南,2024-09-25,8884
1416,廣豐,20,0,20,國泰-台南,2024-09-25,8884
00937B,群益ESG投等債20,846,180,666,國泰-台南,2024-09-26,8884
2888,新光金,467,125,342,國泰-台南,2024-09-26,8884
00722B,群益投資級電信債,302,0,302,國泰-台南,2024-09-26,8884
00687B,國泰20年美債,414,125,289,國泰-台南,2024-09-26,8884
00948B,中信優息投資級債,351,108,243,國泰-台南,2024-09-26,8884
2618,長榮航,233,78,155,國泰-台南,2024-09-26,8884
00715L,期街口布蘭特正2,153,5,148,國泰-台南,2024-09-26,8884
00960,野村全球航運龍頭,142,44,98,國泰-台南,2024-09-26,8884
3019,亞光,158,63,95,國泰-台南,2024-09-26,8884
2883,凱基金,116,25,91,國泰-台南,2024-09-26,8884
00751B,元大AAA至A公司債,91,0,91,國泰-台南,2024-09-26,8884
00675L,富邦臺灣加權正2,89,8,81,國泰-台南,2024-09-26,8884
00688L,國泰20年美債正2,92,13,79,國泰-台南,2024-09-26,8884
2399,映泰,118,39,79,國泰-台南,2024-09-26,8884
8076,伍豐,69,2,67,國泰-台南,2024-09-26,8884
2609,陽明,457,395,62,國泰-台南,2024-09-26,8884
1540,喬福,121,63,58,國泰-台南,2024-09-26,8884
00632R,元大台灣50反1,173,118,55,國泰-台南,2024-09-26,8884
00671R,富邦NASDAQ反1,51,0,51,國泰-台南,2024-09-26,8884
00945B,凱基美國非投等債,51,1,50,國泰-台南,2024-09-26,8884
2601,益航,58,8,50,國泰-台南,2024-09-26,8884
00915,凱基優選高股息30,67,17,50,國泰-台南,2024-09-26,8884
2365,昆盈,58,10,48,國泰-台南,2024-09-26,8884
6830,汎銓,65,17,48,國泰-台南,2024-09-26,8884
2408,南亞科,68,23,45,國泰-台南,2024-09-26,8884
3673,TPK-KY,122,78,44,國泰-台南,2024-09-26,8884
00706L,期元大S＆P日圓正2,41,0,41,國泰-台南,2024-09-26,8884
00957B,兆豐US優選投等債,45,13,32,國泰-台南,2024-09-26,8884
00713,元大台灣高息低波,31,0,31,國泰-台南,2024-09-26,8884
6188,廣明,44,14,30,國泰-台南,2024-09-26,8884
00959B,大華投等美債15Y+,30,0,30,國泰-台南,2024-09-26,8884
4562,穎漢,88,59,29,國泰-台南,2024-09-26,8884
8111,立��,199,170,29,國泰-台南,2024-09-26,8884
4527,方土霖,29,1,28,國泰-台南,2024-09-26,8884
2201,裕隆,26,0,26,國泰-台南,2024-09-26,8884
1584,精剛,29,3,26,國泰-台南,2024-09-26,8884
00720B,元大投資級公司債,29,3,26,國泰-台南,2024-09-26,8884
1815,富喬,33,8,25,國泰-台南,2024-09-26,8884
8070,長華*,40,15,25,國泰-台南,2024-09-26,8884
2324,仁寶,23,0,23,國泰-台南,2024-09-26,8884
3437,榮創,21,0,21,國泰-台南,2024-09-26,8884
1808,潤隆,34,16,18,國泰-台南,2024-09-26,8884
00931B,統一美債20年,18,0,18,國泰-台南,2024-09-26,8884
00725B,國泰投資級公司債,18,0,18,國泰-台南,2024-09-26,8884
2464,盟立,27,10,17,國泰-台南,2024-09-26,8884
00772B,中信高評級公司債,17,0,17,國泰-台南,2024-09-26,8884
9105,泰金寶-DR,173,156,17,國泰-台南,2024-09-26,8884
00708L,期元大S＆P黃金正2,17,0,17,國泰-台南,2024-09-26,8884
2887,台新金,35,19,16,國泰-台南,2024-09-26,8884
3580,友威科,18,2,16,國泰-台南,2024-09-26,8884
00687B,國泰20年美債,517,24,493,國泰-台南,2024-09-27,8884
00937B,群益ESG投等債20,706,294,412,國泰-台南,2024-09-27,8884
00637L,元大滬深300正2,448,130,318,國泰-台南,2024-09-27,8884
00948B,中信優息投資級債,263,6,257,國泰-台南,2024-09-27,8884
00715L,期街口布蘭特正2,224,50,174,國泰-台南,2024-09-27,8884
00751B,元大AAA至A公司債,160,0,160,國泰-台南,2024-09-27,8884
00933B,國泰10Y+金融債,126,5,121,國泰-台南,2024-09-27,8884
00680L,元大美債20正2,127,7,120,國泰-台南,2024-09-27,8884
00679B,元大美債20年,193,80,113,國泰-台南,2024-09-27,8884
00722B,群益投資級電信債,100,0,100,國泰-台南,2024-09-27,8884
2415,錩新,108,8,100,國泰-台南,2024-09-27,8884
4977,眾達-KY,184,92,92,國泰-台南,2024-09-27,8884
00960,野村全球航運龍頭,96,8,88,國泰-台南,2024-09-27,8884
00945B,凱基美國非投等債,79,1,78,國泰-台南,2024-09-27,8884
8070,長華*,82,8,74,國泰-台南,2024-09-27,8884
2891,中信金,86,13,73,國泰-台南,2024-09-27,8884
00772B,中信高評級公司債,71,0,71,國泰-台南,2024-09-27,8884
2883,凱基金,77,13,64,國泰-台南,2024-09-27,8884
1595,川寶,59,0,59,國泰-台南,2024-09-27,8884
1805,寶徠,54,0,54,國泰-台南,2024-09-27,8884
2888,新光金,68,15,53,國泰-台南,2024-09-27,8884
6188,廣明,68,16,52,國泰-台南,2024-09-27,8884
00712,復華富時不動產,53,4,49,國泰-台南,2024-09-27,8884
6505,台塑化,60,11,49,國泰-台南,2024-09-27,8884
00708L,期元大S＆P黃金正2,47,0,47,國泰-台南,2024-09-27,8884
4979,華星光,159,114,45,國泰-台南,2024-09-27,8884
1309,台達化,50,8,42,國泰-台南,2024-09-27,8884
00720B,元大投資級公司債,54,14,40,國泰-台南,2024-09-27,8884
2516,新建,38,0,38,國泰-台南,2024-09-27,8884
00958B,永豐ESG銀行債15,37,0,37,國泰-台南,2024-09-27,8884
00924,復華S＆P500成長,35,0,35,國泰-台南,2024-09-27,8884
3663,鑫科,73,39,34,國泰-台南,2024-09-27,8884
00795B,中信美國公債20年,28,0,28,國泰-台南,2024-09-27,8884
2017,官田鋼,36,9,27,國泰-台南,2024-09-27,8884
2882,國泰金,59,32,27,國泰-台南,2024-09-27,8884
00753L,中信中國50正2,141,116,25,國泰-台南,2024-09-27,8884
3362,先進光,26,1,25,國泰-台南,2024-09-27,8884
2486,一詮,67,43,24,國泰-台南,2024-09-27,8884
9934,成霖,24,0,24,國泰-台南,2024-09-27,8884
00931B,統一美債20年,62,40,22,國泰-台南,2024-09-27,8884
6462,神盾,27,5,22,國泰-台南,2024-09-27,8884
2009,第一銅,70,50,20,國泰-台南,2024-09-27,8884
3694,海華,19,0,19,國泰-台南,2024-09-27,8884
2329,華泰,22,5,17,國泰-台南,2024-09-27,8884
3033,威健,20,3,17,國泰-台南,2024-09-27,8884
4543,萬在,16,0,16,國泰-台南,2024-09-27,8884
00650L,復華香港正2,32,16,16,國泰-台南,2024-09-27,8884
3048,益登,16,1,15,國泰-台南,2024-09-27,8884
5905,南仁湖,19,4,15,國泰-台南,2024-09-27,8884
2886,兆豐金,31,17,14,國泰-台南,2024-09-27,8884
00919,群益台灣精選高息,744,24,720,國泰-台南,2024-09-30,8884
00637L,元大滬深300正2,689,215,474,國泰-台南,2024-09-30,8884
00929,復華台灣科技優息,691,311,380,國泰-台南,2024-09-30,8884
00687B,國泰20年美債,313,75,238,國泰-台南,2024-09-30,8884
00720B,元大投資級公司債,154,4,150,國泰-台南,2024-09-30,8884
00937B,群益ESG投等債20,237,87,150,國泰-台南,2024-09-30,8884
00688L,國泰20年美債正2,176,46,130,國泰-台南,2024-09-30,8884
00633L,富邦上証正2,152,34,118,國泰-台南,2024-09-30,8884
00948B,中信優息投資級債,149,36,113,國泰-台南,2024-09-30,8884
6405,悅城,146,33,113,國泰-台南,2024-09-30,8884
00881,國泰台灣5G+,120,15,105,國泰-台南,2024-09-30,8884
2022,聚亨,124,23,101,國泰-台南,2024-09-30,8884
00878,國泰永續高股息,176,80,96,國泰-台南,2024-09-30,8884
00922,國泰台灣領袖50,95,0,95,國泰-台南,2024-09-30,8884
2014,中鴻,478,387,91,國泰-台南,2024-09-30,8884
00679B,元大美債20年,100,19,81,國泰-台南,2024-09-30,8884
2609,陽明,180,105,75,國泰-台南,2024-09-30,8884
0056,元大高股息,88,16,72,國泰-台南,2024-09-30,8884
3588,通嘉,60,4,56,國泰-台南,2024-09-30,8884
8070,長華*,60,7,53,國泰-台南,2024-09-30,8884
00927,群益半導體收益,52,0,52,國泰-台南,2024-09-30,8884
0050,元大台灣50,65,16,49,國泰-台南,2024-09-30,8884
00915,凱基優選高股息30,85,37,48,國泰-台南,2024-09-30,8884
2344,華邦電,71,27,44,國泰-台南,2024-09-30,8884
1904,正隆,52,11,41,國泰-台南,2024-09-30,8884
006208,富邦台50,43,5,38,國泰-台南,2024-09-30,8884
2353,宏��,40,2,38,國泰-台南,2024-09-30,8884
2605,新興,97,59,38,國泰-台南,2024-09-30,8884
2615,萬海,257,222,35,國泰-台南,2024-09-30,8884
2882,國泰金,50,17,33,國泰-台南,2024-09-30,8884
2313,華通,67,35,32,國泰-台南,2024-09-30,8884
3437,榮創,31,0,31,國泰-台南,2024-09-30,8884
00940,元大台灣價值高息,113,82,31,國泰-台南,2024-09-30,8884
1784,訊聯,30,0,30,國泰-台南,2024-09-30,8884
2330,台積電,83,53,30,國泰-台南,2024-09-30,8884
1815,富喬,28,0,28,國泰-台南,2024-09-30,8884
5014,建錩,31,3,28,國泰-台南,2024-09-30,8884
00945B,凱基美國非投等債,27,0,27,國泰-台南,2024-09-30,8884
00939,統一台灣高息動能,33,7,26,國泰-台南,2024-09-30,8884
3217,優群,26,1,25,國泰-台南,2024-09-30,8884
00958B,永豐ESG銀行債15,25,0,25,國泰-台南,2024-09-30,8884
00923,群益台ESG低碳50,29,5,24,國泰-台南,2024-09-30,8884
1732,毛寶,24,0,24,國泰-台南,2024-09-30,8884
2399,映泰,84,60,24,國泰-台南,2024-09-30,8884
3715,定穎投控,84,61,23,國泰-台南,2024-09-30,8884
00887,永豐中國科技50大,97,74,23,國泰-台南,2024-09-30,8884
00891,中信關鍵半導體,28,6,22,國泰-台南,2024-09-30,8884
00899,FT潔淨能源,22,0,22,國泰-台南,2024-09-30,8884
00795B,中信美國公債20年,22,1,21,國泰-台南,2024-09-30,8884
00751B,元大AAA至A公司債,21,0,21,國泰-台南,2024-09-30,8884
00929,復華台灣科技優息,436,127,309,國泰-台南,2024-10-01,8884
00919,群益台灣精選高息,266,42,224,國泰-台南,2024-10-01,8884
00637L,元大滬深300正2,321,157,164,國泰-台南,2024-10-01,8884
2344,華邦電,164,5,159,國泰-台南,2024-10-01,8884
00878,國泰永續高股息,212,64,148,國泰-台南,2024-10-01,8884
0056,元大高股息,139,7,132,國泰-台南,2024-10-01,8884
2542,興富發,131,0,131,國泰-台南,2024-10-01,8884
00753L,中信中國50正2,142,13,129,國泰-台南,2024-10-01,8884
00632R,元大台灣50反1,206,83,123,國泰-台南,2024-10-01,8884
00922,國泰台灣領袖50,123,0,123,國泰-台南,2024-10-01,8884
00706L,期元大S＆P日圓正2,100,5,95,國泰-台南,2024-10-01,8884
3025,星通,107,13,94,國泰-台南,2024-10-01,8884
00887,永豐中國科技50大,163,69,94,國泰-台南,2024-10-01,8884
3149,正達,104,20,84,國泰-台南,2024-10-01,8884
00713,元大台灣高息低波,67,1,66,國泰-台南,2024-10-01,8884
00712,復華富時不動產,92,27,65,國泰-台南,2024-10-01,8884
6770,力積電,69,6,63,國泰-台南,2024-10-01,8884
00948B,中信優息投資級債,73,12,61,國泰-台南,2024-10-01,8884
00946,群益科技高息成長,57,0,57,國泰-台南,2024-10-01,8884
6658,聯策,58,3,55,國泰-台南,2024-10-01,8884
6151,晉倫,114,60,54,國泰-台南,2024-10-01,8884
00687B,國泰20年美債,114,60,54,國泰-台南,2024-10-01,8884
00688L,國泰20年美債正2,92,41,51,國泰-台南,2024-10-01,8884
00940,元大台灣價值高息,84,36,48,國泰-台南,2024-10-01,8884
2408,南亞科,58,13,45,國泰-台南,2024-10-01,8884
00915,凱基優選高股息30,47,3,44,國泰-台南,2024-10-01,8884
6742,澤米,51,9,42,國泰-台南,2024-10-01,8884
2337,旺宏,42,2,40,國泰-台南,2024-10-01,8884
2883,凱基金,44,6,38,國泰-台南,2024-10-01,8884
2363,矽統,72,36,36,國泰-台南,2024-10-01,8884
2009,第一銅,42,9,33,國泰-台南,2024-10-01,8884
3710,連展投控,33,1,32,國泰-台南,2024-10-01,8884
3715,定穎投控,56,26,30,國泰-台南,2024-10-01,8884
2613,中櫃,65,35,30,國泰-台南,2024-10-01,8884
3576,聯合再生,37,8,29,國泰-台南,2024-10-01,8884
006208,富邦台50,38,9,29,國泰-台南,2024-10-01,8884
0061,元大寶滬深,28,0,28,國泰-台南,2024-10-01,8884
00752,中信中國50,33,7,26,國泰-台南,2024-10-01,8884
1307,三芳,24,0,24,國泰-台南,2024-10-01,8884
2867,三商壽,33,10,23,國泰-台南,2024-10-01,8884
00671R,富邦NASDAQ反1,22,0,22,國泰-台南,2024-10-01,8884
00930,永豐ESG低碳高息,22,0,22,國泰-台南,2024-10-01,8884
2014,中鴻,146,124,22,國泰-台南,2024-10-01,8884
2618,長榮航,25,3,22,國泰-台南,2024-10-01,8884
1595,川寶,38,17,21,國泰-台南,2024-10-01,8884
2455,全新,120,99,21,國泰-台南,2024-10-01,8884
3481,群創,56,35,21,國泰-台南,2024-10-01,8884
00857B,永豐20年美公債,19,0,19,國泰-台南,2024-10-01,8884
4977,眾達-KY,27,10,17,國泰-台南,2024-10-01,8884
2365,昆盈,44,27,17,國泰-台南,2024-10-01,8884
00919,群益台灣精選高息,646,11,635,國泰-台南,2024-10-04,8884
00940,元大台灣價值高息,348,32,316,國泰-台南,2024-10-04,8884
2618,長榮航,291,19,272,國泰-台南,2024-10-04,8884
0056,元大高股息,262,9,253,國泰-台南,2024-10-04,8884
00673R,期元大S＆P原油反1,262,10,252,國泰-台南,2024-10-04,8884
00878,國泰永續高股息,269,35,234,國泰-台南,2024-10-04,8884
00712,復華富時不動產,236,14,222,國泰-台南,2024-10-04,8884
00922,國泰台灣領袖50,188,0,188,國泰-台南,2024-10-04,8884
00656R,國泰中國A50反1,180,0,180,國泰-台南,2024-10-04,8884
00929,復華台灣科技優息,324,170,154,國泰-台南,2024-10-04,8884
00887,永豐中國科技50大,336,195,141,國泰-台南,2024-10-04,8884
3663,鑫科,145,6,139,國泰-台南,2024-10-04,8884
00937B,群益ESG投等債20,300,176,124,國泰-台南,2024-10-04,8884
2610,華航,122,2,120,國泰-台南,2024-10-04,8884
00948B,中信優息投資級債,124,6,118,國泰-台南,2024-10-04,8884
00665L,富邦�琤肭磪囓�2,214,104,110,國泰-台南,2024-10-04,8884
6770,力積電,109,5,104,國泰-台南,2024-10-04,8884
00680L,元大美債20正2,242,139,103,國泰-台南,2024-10-04,8884
5014,建錩,200,99,101,國泰-台南,2024-10-04,8884
2498,宏達電,292,208,84,國泰-台南,2024-10-04,8884
00877,復華中國5G,100,21,79,國泰-台南,2024-10-04,8884
00943,兆豐電子高息等權,80,3,77,國泰-台南,2024-10-04,8884
00918,大華優利高填息30,78,5,73,國泰-台南,2024-10-04,8884
2887,台新金,72,1,71,國泰-台南,2024-10-04,8884
2609,陽明,174,106,68,國泰-台南,2024-10-04,8884
00927,群益半導體收益,59,0,59,國泰-台南,2024-10-04,8884
6218,豪勉,62,5,57,國泰-台南,2024-10-04,8884
3339,泰谷,56,1,55,國泰-台南,2024-10-04,8884
2615,萬海,95,41,54,國泰-台南,2024-10-04,8884
00934,中信成長高股息,65,11,54,國泰-台南,2024-10-04,8884
00960,野村全球航運龍頭,82,30,52,國泰-台南,2024-10-04,8884
00713,元大台灣高息低波,55,6,49,國泰-台南,2024-10-04,8884
00639,富邦深100,55,12,43,國泰-台南,2024-10-04,8884
2356,英業達,63,20,43,國泰-台南,2024-10-04,8884
8097,常珵,45,3,42,國泰-台南,2024-10-04,8884
00631L,元大台灣50正2,42,1,41,國泰-台南,2024-10-04,8884
4979,華星光,207,166,41,國泰-台南,2024-10-04,8884
00706L,期元大S＆P日圓正2,50,10,40,國泰-台南,2024-10-04,8884
2344,華邦電,111,71,40,國泰-台南,2024-10-04,8884
00688L,國泰20年美債正2,280,242,38,國泰-台南,2024-10-04,8884
00952,凱基台灣AI50,37,0,37,國泰-台南,2024-10-04,8884
3189,景碩,48,12,36,國泰-台南,2024-10-04,8884
8070,長華*,70,37,33,國泰-台南,2024-10-04,8884
00633L,富邦上証正2,32,0,32,國泰-台南,2024-10-04,8884
00933B,國泰10Y+金融債,41,10,31,國泰-台南,2024-10-04,8884
2337,旺宏,31,0,31,國泰-台南,2024-10-04,8884
00932,兆豐永續高息等權,34,3,31,國泰-台南,2024-10-04,8884
6788,華景電,30,0,30,國泰-台南,2024-10-04,8884
2891,中信金,79,49,30,國泰-台南,2024-10-04,8884
6742,澤米,31,1,30,國泰-台南,2024-10-04,8884
00632R,元大台灣50反1,1637,170,1467,國泰-台南,2024-10-07,8884
00919,群益台灣精選高息,332,98,234,國泰-台南,2024-10-07,8884
00753L,中信中國50正2,712,485,227,國泰-台南,2024-10-07,8884
1314,中石化,214,30,184,國泰-台南,2024-10-07,8884
00937B,群益ESG投等債20,383,247,136,國泰-台南,2024-10-07,8884
3591,艾笛森,151,43,108,國泰-台南,2024-10-07,8884
00905,FT臺灣Smart,110,9,101,國泰-台南,2024-10-07,8884
1809,中釉,115,15,100,國泰-台南,2024-10-07,8884
00902,中信電池及儲能,121,25,96,國泰-台南,2024-10-07,8884
00679B,元大美債20年,124,32,92,國泰-台南,2024-10-07,8884
1727,中華化,90,5,85,國泰-台南,2024-10-07,8884
00706L,期元大S＆P日圓正2,99,17,82,國泰-台南,2024-10-07,8884
3481,群創,227,150,77,國泰-台南,2024-10-07,8884
00940,元大台灣價值高息,146,70,76,國泰-台南,2024-10-07,8884
4979,華星光,130,54,76,國泰-台南,2024-10-07,8884
2344,華邦電,106,31,75,國泰-台南,2024-10-07,8884
00713,元大台灣高息低波,74,3,71,國泰-台南,2024-10-07,8884
4977,眾達-KY,76,11,65,國泰-台南,2024-10-07,8884
00922,國泰台灣領袖50,73,9,64,國泰-台南,2024-10-07,8884
1216,統一,104,43,61,國泰-台南,2024-10-07,8884
00915,凱基優選高股息30,66,7,59,國泰-台南,2024-10-07,8884
00639,富邦深100,135,79,56,國泰-台南,2024-10-07,8884
2515,中工,70,17,53,國泰-台南,2024-10-07,8884
00673R,期元大S＆P原油反1,53,0,53,國泰-台南,2024-10-07,8884
00725B,國泰投資級公司債,52,1,51,國泰-台南,2024-10-07,8884
00665L,富邦�琤肭磪囓�2,272,221,51,國泰-台南,2024-10-07,8884
0056,元大高股息,173,124,49,國泰-台南,2024-10-07,8884
2867,三商壽,45,2,43,國泰-台南,2024-10-07,8884
2313,華通,84,41,43,國泰-台南,2024-10-07,8884
00948B,中信優息投資級債,71,30,41,國泰-台南,2024-10-07,8884
2317,鴻海,140,101,39,國泰-台南,2024-10-07,8884
00877,復華中國5G,45,6,39,國泰-台南,2024-10-07,8884
6426,統新,40,1,39,國泰-台南,2024-10-07,8884
00934,中信成長高股息,51,14,37,國泰-台南,2024-10-07,8884
3234,光環,49,12,37,國泰-台南,2024-10-07,8884
00878,國泰永續高股息,156,120,36,國泰-台南,2024-10-07,8884
6274,台燿,43,7,36,國泰-台南,2024-10-07,8884
00643,群益深証中小,36,0,36,國泰-台南,2024-10-07,8884
2486,一詮,120,85,35,國泰-台南,2024-10-07,8884
3149,正達,67,33,34,國泰-台南,2024-10-07,8884
00712,復華富時不動產,61,28,33,國泰-台南,2024-10-07,8884
6505,台塑化,33,2,31,國泰-台南,2024-10-07,8884
00671R,富邦NASDAQ反1,30,0,30,國泰-台南,2024-10-07,8884
2883,凱基金,107,77,30,國泰-台南,2024-10-07,8884
00895,富邦未來車,30,3,27,國泰-台南,2024-10-07,8884
00918,大華優利高填息30,36,10,26,國泰-台南,2024-10-07,8884
5603,陸海,26,0,26,國泰-台南,2024-10-07,8884
2408,南亞科,26,1,25,國泰-台南,2024-10-07,8884
3499,環天科,31,6,25,國泰-台南,2024-10-07,8884
1326,台化,29,5,24,國泰-台南,2024-10-07,8884
00753L,中信中國50正2,1479,875,604,國泰-台南,2024-10-08,8884
00919,群益台灣精選高息,411,51,360,國泰-台南,2024-10-08,8884
00887,永豐中國科技50大,1027,695,332,國泰-台南,2024-10-08,8884
00929,復華台灣科技優息,442,115,327,國泰-台南,2024-10-08,8884
2317,鴻海,330,28,302,國泰-台南,2024-10-08,8884
00673R,期元大S＆P原油反1,285,28,257,國泰-台南,2024-10-08,8884
3209,全科,219,13,206,國泰-台南,2024-10-08,8884
00937B,群益ESG投等債20,281,104,177,國泰-台南,2024-10-08,8884
00679B,元大美債20年,223,58,165,國泰-台南,2024-10-08,8884
00687B,國泰20年美債,259,103,156,國泰-台南,2024-10-08,8884
2516,新建,149,0,149,國泰-台南,2024-10-08,8884
0056,元大高股息,193,50,143,國泰-台南,2024-10-08,8884
00878,國泰永續高股息,241,109,132,國泰-台南,2024-10-08,8884
00948B,中信優息投資級債,169,40,129,國泰-台南,2024-10-08,8884
00940,元大台灣價值高息,151,29,122,國泰-台南,2024-10-08,8884
1314,中石化,190,68,122,國泰-台南,2024-10-08,8884
00712,復華富時不動產,115,1,114,國泰-台南,2024-10-08,8884
00725B,國泰投資級公司債,127,16,111,國泰-台南,2024-10-08,8884
00688L,國泰20年美債正2,175,80,95,國泰-台南,2024-10-08,8884
2426,鼎元,134,40,94,國泰-台南,2024-10-08,8884
00751B,元大AAA至A公司債,76,0,76,國泰-台南,2024-10-08,8884
6405,悅城,135,59,76,國泰-台南,2024-10-08,8884
00933B,國泰10Y+金融債,79,12,67,國泰-台南,2024-10-08,8884
8404,百和興業-KY,80,15,65,國泰-台南,2024-10-08,8884
00922,國泰台灣領袖50,66,10,56,國泰-台南,2024-10-08,8884
3339,泰谷,56,6,50,國泰-台南,2024-10-08,8884
6126,信音,56,11,45,國泰-台南,2024-10-08,8884
9907,統一實,41,2,39,國泰-台南,2024-10-08,8884
9105,泰金寶-DR,37,3,34,國泰-台南,2024-10-08,8884
00918,大華優利高填息30,42,8,34,國泰-台南,2024-10-08,8884
00943,兆豐電子高息等權,33,0,33,國泰-台南,2024-10-08,8884
00958B,永豐ESG銀行債15,32,0,32,國泰-台南,2024-10-08,8884
2344,華邦電,83,51,32,國泰-台南,2024-10-08,8884
00881,國泰台灣5G+,45,14,31,國泰-台南,2024-10-08,8884
4960,誠美材,30,0,30,國泰-台南,2024-10-08,8884
00762,元大全球AI,30,0,30,國泰-台南,2024-10-08,8884
006208,富邦台50,47,18,29,國泰-台南,2024-10-08,8884
00960,野村全球航運龍頭,39,12,27,國泰-台南,2024-10-08,8884
2892,第一金,27,1,26,國泰-台南,2024-10-08,8884
2801,彰銀,25,0,25,國泰-台南,2024-10-08,8884
2023,燁輝,32,8,24,國泰-台南,2024-10-08,8884
00720B,元大投資級公司債,24,0,24,國泰-台南,2024-10-08,8884
00932,兆豐永續高息等權,24,0,24,國泰-台南,2024-10-08,8884
2609,陽明,63,40,23,國泰-台南,2024-10-08,8884
2888,新光金,40,17,23,國泰-台南,2024-10-08,8884
2845,遠東銀,22,0,22,國泰-台南,2024-10-08,8884
2498,宏達電,32,11,21,國泰-台南,2024-10-08,8884
00934,中信成長高股息,26,5,21,國泰-台南,2024-10-08,8884
2006,東和鋼鐵,28,7,21,國泰-台南,2024-10-08,8884
6770,力積電,22,1,21,國泰-台南,2024-10-08,8884
00753L,中信中國50正2,1282,557,725,國泰-台南,2024-10-09,8884
1314,中石化,321,56,265,國泰-台南,2024-10-09,8884
00948B,中信優息投資級債,184,5,179,國泰-台南,2024-10-09,8884
00637L,元大滬深300正2,333,155,178,國泰-台南,2024-10-09,8884
00687B,國泰20年美債,241,93,148,國泰-台南,2024-10-09,8884
00882,中信中國高股息,379,232,147,國泰-台南,2024-10-09,8884
020033,統一�琤肮黕篾,130,0,130,國泰-台南,2024-10-09,8884
00713,元大台灣高息低波,120,5,115,國泰-台南,2024-10-09,8884
00937B,群益ESG投等債20,300,192,108,國泰-台南,2024-10-09,8884
00639,富邦深100,108,16,92,國泰-台南,2024-10-09,8884
00680L,元大美債20正2,93,2,91,國泰-台南,2024-10-09,8884
00679B,元大美債20年,143,56,87,國泰-台南,2024-10-09,8884
3209,全科,103,18,85,國泰-台南,2024-10-09,8884
00688L,國泰20年美債正2,93,16,77,國泰-台南,2024-10-09,8884
3481,群創,125,51,74,國泰-台南,2024-10-09,8884
3550,聯穎,212,142,70,國泰-台南,2024-10-09,8884
00665L,富邦�琤肭磪囓�2,161,96,65,國泰-台南,2024-10-09,8884
2402,毅嘉,112,51,61,國泰-台南,2024-10-09,8884
3663,鑫科,71,10,61,國泰-台南,2024-10-09,8884
00933B,國泰10Y+金融債,67,11,56,國泰-台南,2024-10-09,8884
2618,長榮航,60,8,52,國泰-台南,2024-10-09,8884
6770,力積電,52,1,51,國泰-台南,2024-10-09,8884
00725B,國泰投資級公司債,54,4,50,國泰-台南,2024-10-09,8884
00958B,永豐ESG銀行債15,46,0,46,國泰-台南,2024-10-09,8884
6218,豪勉,49,3,46,國泰-台南,2024-10-09,8884
00940,元大台灣價值高息,76,31,45,國泰-台南,2024-10-09,8884
2303,聯電,53,9,44,國泰-台南,2024-10-09,8884
6005,群益證,43,0,43,國泰-台南,2024-10-09,8884
6517,保勝光學,43,0,43,國泰-台南,2024-10-09,8884
00633L,富邦上証正2,46,3,43,國泰-台南,2024-10-09,8884
9105,泰金寶-DR,112,70,42,國泰-台南,2024-10-09,8884
0056,元大高股息,78,38,40,國泰-台南,2024-10-09,8884
2892,第一金,37,0,37,國泰-台南,2024-10-09,8884
00712,復華富時不動產,39,3,36,國泰-台南,2024-10-09,8884
00946,群益科技高息成長,38,2,36,國泰-台南,2024-10-09,8884
00795B,中信美國公債20年,35,0,35,國泰-台南,2024-10-09,8884
2399,映泰,289,256,33,國泰-台南,2024-10-09,8884
2002,中鋼,98,65,33,國泰-台南,2024-10-09,8884
2313,華通,54,23,31,國泰-台南,2024-10-09,8884
6207,雷科,92,61,31,國泰-台南,2024-10-09,8884
3380,明泰,34,6,28,國泰-台南,2024-10-09,8884
4935,茂林-KY,28,0,28,國泰-台南,2024-10-09,8884
00720B,元大投資級公司債,32,5,27,國泰-台南,2024-10-09,8884
6187,萬潤,61,35,26,國泰-台南,2024-10-09,8884
1799,易威,23,0,23,國泰-台南,2024-10-09,8884
2603,長榮,26,3,23,國泰-台南,2024-10-09,8884
2329,華泰,24,2,22,國泰-台南,2024-10-09,8884
2367,燿華,28,6,22,國泰-台南,2024-10-09,8884
00655L,國泰中國A50正2,45,23,22,國泰-台南,2024-10-09,8884
00772B,中信高評級公司債,37,15,22,國泰-台南,2024-10-09,8884
00679B,元大美債20年,395,48,347,國泰-台南,2024-10-11,8884
3339,泰谷,353,23,330,國泰-台南,2024-10-11,8884
4956,光鋐,440,151,289,國泰-台南,2024-10-11,8884
00680L,元大美債20正2,274,19,255,國泰-台南,2024-10-11,8884
00937B,群益ESG投等債20,267,19,248,國泰-台南,2024-10-11,8884
00650L,復華香港正2,249,5,244,國泰-台南,2024-10-11,8884
2887,台新金,234,8,226,國泰-台南,2024-10-11,8884
2885,元大金,227,2,225,國泰-台南,2024-10-11,8884
00688L,國泰20年美債正2,219,1,218,國泰-台南,2024-10-11,8884
2615,萬海,206,10,196,國泰-台南,2024-10-11,8884
00753L,中信中國50正2,180,31,149,國泰-台南,2024-10-11,8884
00713,元大台灣高息低波,143,10,133,國泰-台南,2024-10-11,8884
2449,京元電子,236,150,86,國泰-台南,2024-10-11,8884
00687B,國泰20年美債,216,137,79,國泰-台南,2024-10-11,8884
00919,群益台灣精選高息,136,63,73,國泰-台南,2024-10-11,8884
00958B,永豐ESG銀行債15,61,0,61,國泰-台南,2024-10-11,8884
5498,凱崴,58,2,56,國泰-台南,2024-10-11,8884
00795B,中信美國公債20年,52,1,51,國泰-台南,2024-10-11,8884
00933B,國泰10Y+金融債,54,6,48,國泰-台南,2024-10-11,8884
00918,大華優利高填息30,46,3,43,國泰-台南,2024-10-11,8884
00637L,元大滬深300正2,150,109,41,國泰-台南,2024-10-11,8884
2402,毅嘉,65,26,39,國泰-台南,2024-10-11,8884
2610,華航,42,3,39,國泰-台南,2024-10-11,8884
2812,台中銀,45,6,39,國泰-台南,2024-10-11,8884
3591,艾笛森,40,3,37,國泰-台南,2024-10-11,8884
00922,國泰台灣領袖50,56,19,37,國泰-台南,2024-10-11,8884
00639,富邦深100,64,29,35,國泰-台南,2024-10-11,8884
3209,全科,44,12,32,國泰-台南,2024-10-11,8884
00751B,元大AAA至A公司債,35,5,30,國泰-台南,2024-10-11,8884
2388,威盛,57,27,30,國泰-台南,2024-10-11,8884
00948B,中信優息投資級債,80,51,29,國泰-台南,2024-10-11,8884
2356,英業達,77,49,28,國泰-台南,2024-10-11,8884
00752,中信中國50,31,3,28,國泰-台南,2024-10-11,8884
6505,台塑化,29,2,27,國泰-台南,2024-10-11,8884
00720B,元大投資級公司債,26,0,26,國泰-台南,2024-10-11,8884
2634,漢翔,27,1,26,國泰-台南,2024-10-11,8884
00885,富邦越南,30,4,26,國泰-台南,2024-10-11,8884
3013,晟銘電,51,26,25,國泰-台南,2024-10-11,8884
006208,富邦台50,39,14,25,國泰-台南,2024-10-11,8884
00923,群益台ESG低碳50,47,23,24,國泰-台南,2024-10-11,8884
2344,華邦電,31,8,23,國泰-台南,2024-10-11,8884
2317,鴻海,125,104,21,國泰-台南,2024-10-11,8884
8111,立��,100,80,20,國泰-台南,2024-10-11,8884
00773B,中信優先金融債,20,0,20,國泰-台南,2024-10-11,8884
00671R,富邦NASDAQ反1,20,0,20,國泰-台南,2024-10-11,8884
2412,中華電,20,0,20,國泰-台南,2024-10-11,8884
2867,三商壽,22,3,19,國泰-台南,2024-10-11,8884
00830,國泰費城半導體,25,6,19,國泰-台南,2024-10-11,8884
1605,華新,19,1,18,國泰-台南,2024-10-11,8884
0050,元大台灣50,39,20,19,國泰-台南,2024-10-11,8884
00688L,國泰20年美債正2,674,108,566,國泰-台南,2024-10-14,8884
3339,泰谷,589,42,547,國泰-台南,2024-10-14,8884
00937B,群益ESG投等債20,529,121,408,國泰-台南,2024-10-14,8884
00632R,元大台灣50反1,770,430,340,國泰-台南,2024-10-14,8884
00887,永豐中國科技50大,261,2,259,國泰-台南,2024-10-14,8884
00713,元大台灣高息低波,220,14,206,國泰-台南,2024-10-14,8884
00687B,國泰20年美債,329,176,153,國泰-台南,2024-10-14,8884
1314,中石化,150,6,144,國泰-台南,2024-10-14,8884
9105,泰金寶-DR,172,38,134,國泰-台南,2024-10-14,8884
00679B,元大美債20年,240,120,120,國泰-台南,2024-10-14,8884
00725B,國泰投資級公司債,115,1,114,國泰-台南,2024-10-14,8884
00882,中信中國高股息,225,111,114,國泰-台南,2024-10-14,8884
8011,台通,175,91,84,國泰-台南,2024-10-14,8884
2312,金寶,310,226,84,國泰-台南,2024-10-14,8884
3715,定穎投控,109,33,76,國泰-台南,2024-10-14,8884
00712,復華富時不動產,97,30,67,國泰-台南,2024-10-14,8884
00881,國泰台灣5G+,75,16,59,國泰-台南,2024-10-14,8884
2609,陽明,66,10,56,國泰-台南,2024-10-14,8884
00665L,富邦�琤肭磪囓�2,197,143,54,國泰-台南,2024-10-14,8884
00919,群益台灣精選高息,147,99,48,國泰-台南,2024-10-14,8884
00650L,復華香港正2,52,6,46,國泰-台南,2024-10-14,8884
8374,羅昇,49,4,45,國泰-台南,2024-10-14,8884
2317,鴻海,70,26,44,國泰-台南,2024-10-14,8884
0056,元大高股息,74,30,44,國泰-台南,2024-10-14,8884
006208,富邦台50,59,16,43,國泰-台南,2024-10-14,8884
00706L,期元大S＆P日圓正2,47,5,42,國泰-台南,2024-10-14,8884
3231,緯創,65,28,37,國泰-台南,2024-10-14,8884
00907,永豐優息存股,36,1,35,國泰-台南,2024-10-14,8884
00958B,永豐ESG銀行債15,35,0,35,國泰-台南,2024-10-14,8884
2731,雄獅,30,0,30,國泰-台南,2024-10-14,8884
00690,兆豐藍籌30,30,0,30,國泰-台南,2024-10-14,8884
2421,建準,39,11,28,國泰-台南,2024-10-14,8884
00637L,元大滬深300正2,169,142,27,國泰-台南,2024-10-14,8884
00795B,中信美國公債20年,28,2,26,國泰-台南,2024-10-14,8884
2399,映泰,257,232,25,國泰-台南,2024-10-14,8884
3036,文曄,35,11,24,國泰-台南,2024-10-14,8884
4977,眾達-KY,74,51,23,國泰-台南,2024-10-14,8884
00912,中信臺灣智慧50,23,0,23,國泰-台南,2024-10-14,8884
6854,錼創科技-KY創,23,0,23,國泰-台南,2024-10-14,8884
00662,富邦NASDAQ,22,0,22,國泰-台南,2024-10-14,8884
2882,國泰金,26,5,21,國泰-台南,2024-10-14,8884
00915,凱基優選高股息30,23,1,22,國泰-台南,2024-10-14,8884
5314,世紀,21,0,21,國泰-台南,2024-10-14,8884
2883,凱基金,40,20,20,國泰-台南,2024-10-14,8884
00933B,國泰10Y+金融債,27,7,20,國泰-台南,2024-10-14,8884
2883B,凱基金乙特,20,0,20,國泰-台南,2024-10-14,8884
00671R,富邦NASDAQ反1,20,0,20,國泰-台南,2024-10-14,8884
3705,永信,20,0,20,國泰-台南,2024-10-14,8884
0050,元大台灣50,27,7,20,國泰-台南,2024-10-14,8884
2412,中華電,19,0,19,國泰-台南,2024-10-14,8884
00688L,國泰20年美債正2,933,300,633,國泰-台南,2024-10-15,8884
00753L,中信中國50正2,444,91,353,國泰-台南,2024-10-15,8884
00687B,國泰20年美債,343,12,331,國泰-台南,2024-10-15,8884
2888,新光金,414,87,327,國泰-台南,2024-10-15,8884
00937B,群益ESG投等債20,316,63,253,國泰-台南,2024-10-15,8884
6241,易通展,229,4,225,國泰-台南,2024-10-15,8884
00650L,復華香港正2,210,0,210,國泰-台南,2024-10-15,8884
1528,恩德,206,16,190,國泰-台南,2024-10-15,8884
00887,永豐中國科技50大,179,16,163,國泰-台南,2024-10-15,8884
00722B,群益投資級電信債,151,3,148,國泰-台南,2024-10-15,8884
0056,元大高股息,187,64,123,國泰-台南,2024-10-15,8884
4510,高鋒,98,4,94,國泰-台南,2024-10-15,8884
00715L,期街口布蘭特正2,141,54,87,國泰-台南,2024-10-15,8884
3339,泰谷,117,31,86,國泰-台南,2024-10-15,8884
00639,富邦深100,83,1,82,國泰-台南,2024-10-15,8884
4938,和碩,85,5,80,國泰-台南,2024-10-15,8884
00637L,元大滬深300正2,116,41,75,國泰-台南,2024-10-15,8884
8097,常珵,72,0,72,國泰-台南,2024-10-15,8884
00915,凱基優選高股息30,79,12,67,國泰-台南,2024-10-15,8884
00922,國泰台灣領袖50,107,42,65,國泰-台南,2024-10-15,8884
00751B,元大AAA至A公司債,53,1,52,國泰-台南,2024-10-15,8884
1815,富喬,65,15,50,國泰-台南,2024-10-15,8884
1464,得力,52,2,50,國泰-台南,2024-10-15,8884
2241,艾姆勒,57,10,47,國泰-台南,2024-10-15,8884
00680L,元大美債20正2,89,43,46,國泰-台南,2024-10-15,8884
00725B,國泰投資級公司債,47,1,46,國泰-台南,2024-10-15,8884
00679B,元大美債20年,90,47,43,國泰-台南,2024-10-15,8884
5452,佶優,218,176,42,國泰-台南,2024-10-15,8884
3149,正達,374,334,40,國泰-台南,2024-10-15,8884
00918,大華優利高填息30,80,44,36,國泰-台南,2024-10-15,8884
1301,台塑,38,2,36,國泰-台南,2024-10-15,8884
6505,台塑化,35,1,34,國泰-台南,2024-10-15,8884
00675L,富邦臺灣加權正2,45,11,34,國泰-台南,2024-10-15,8884
4935,茂林-KY,34,1,33,國泰-台南,2024-10-15,8884
00961,FT臺灣永續高息,37,4,33,國泰-台南,2024-10-15,8884
3709,鑫聯大投控,31,1,30,國泰-台南,2024-10-15,8884
00665L,富邦�琤肭磪囓�2,182,153,29,國泰-台南,2024-10-15,8884
6156,松上,171,143,28,國泰-台南,2024-10-15,8884
00960,野村全球航運龍頭,34,9,25,國泰-台南,2024-10-15,8884
2025,千興,24,0,24,國泰-台南,2024-10-15,8884
00752,中信中國50,25,2,23,國泰-台南,2024-10-15,8884
00713,元大台灣高息低波,59,36,23,國泰-台南,2024-10-15,8884
3093,港建*,22,0,22,國泰-台南,2024-10-15,8884
3437,榮創,21,0,21,國泰-台南,2024-10-15,8884
2913,農林,20,0,20,國泰-台南,2024-10-15,8884
2457,飛宏,20,0,20,國泰-台南,2024-10-15,8884
6133,金橋,20,0,20,國泰-台南,2024-10-15,8884
2615,萬海,31,12,19,國泰-台南,2024-10-15,8884
00943,兆豐電子高息等權,24,5,19,國泰-台南,2024-10-15,8884
2401,凌陽,25,6,19,國泰-台南,2024-10-15,8884
00688L,國泰20年美債正2,1326,543,783,國泰-台南,2024-10-16,8884
00922,國泰台灣領袖50,593,82,511,國泰-台南,2024-10-16,8884
0056,元大高股息,320,86,234,國泰-台南,2024-10-16,8884
00639,富邦深100,218,9,209,國泰-台南,2024-10-16,8884
2516,新建,179,0,179,國泰-台南,2024-10-16,8884
3209,全科,162,28,134,國泰-台南,2024-10-16,8884
00937B,群益ESG投等債20,322,189,133,國泰-台南,2024-10-16,8884
2887,台新金,133,5,128,國泰-台南,2024-10-16,8884
2883,凱基金,131,10,121,國泰-台南,2024-10-16,8884
00887,永豐中國科技50大,149,33,116,國泰-台南,2024-10-16,8884
00713,元大台灣高息低波,150,53,97,國泰-台南,2024-10-16,8884
00905,FT臺灣Smart,101,5,96,國泰-台南,2024-10-16,8884
2344,華邦電,89,2,87,國泰-台南,2024-10-16,8884
00919,群益台灣精選高息,254,171,83,國泰-台南,2024-10-16,8884
00878,國泰永續高股息,113,32,81,國泰-台南,2024-10-16,8884
00929,復華台灣科技優息,158,79,79,國泰-台南,2024-10-16,8884
00948B,中信優息投資級債,89,11,78,國泰-台南,2024-10-16,8884
2365,昆盈,178,101,77,國泰-台南,2024-10-16,8884
5481,新華,125,49,76,國泰-台南,2024-10-16,8884
2891,中信金,171,108,63,國泰-台南,2024-10-16,8884
1711,永光,62,1,61,國泰-台南,2024-10-16,8884
00753L,中信中國50正2,125,65,60,國泰-台南,2024-10-16,8884
00637L,元大滬深300正2,162,104,58,國泰-台南,2024-10-16,8884
3049,精金,64,7,57,國泰-台南,2024-10-16,8884
9105,泰金寶-DR,447,392,55,國泰-台南,2024-10-16,8884
2356,英業達,50,4,46,國泰-台南,2024-10-16,8884
2397,友通,46,0,46,國泰-台南,2024-10-16,8884
00941,中信上游半導體,33,0,33,國泰-台南,2024-10-16,8884
0050,元大台灣50,47,15,32,國泰-台南,2024-10-16,8884
2402,毅嘉,38,7,31,國泰-台南,2024-10-16,8884
00751B,元大AAA至A公司債,30,0,30,國泰-台南,2024-10-16,8884
6282,康舒,30,3,27,國泰-台南,2024-10-16,8884
00675L,富邦臺灣加權正2,29,2,27,國泰-台南,2024-10-16,8884
4510,高鋒,102,76,26,國泰-台南,2024-10-16,8884
2881,富邦金,34,8,26,國泰-台南,2024-10-16,8884
00715L,期街口布蘭特正2,25,0,25,國泰-台南,2024-10-16,8884
00665L,富邦�琤肭磪囓�2,82,58,24,國泰-台南,2024-10-16,8884
2330,台積電,60,38,22,國泰-台南,2024-10-16,8884
00706L,期元大S＆P日圓正2,22,0,22,國泰-台南,2024-10-16,8884
1314,中石化,39,17,22,國泰-台南,2024-10-16,8884
8240,華宏,25,4,21,國泰-台南,2024-10-16,8884
4908,前鼎,50,29,21,國泰-台南,2024-10-16,8884
3189,景碩,52,31,21,國泰-台南,2024-10-16,8884
2359,所羅門,63,42,21,國泰-台南,2024-10-16,8884
6609,瀧澤科,117,97,20,國泰-台南,2024-10-16,8884
2201,裕隆,20,0,20,國泰-台南,2024-10-16,8884
1326,台化,21,1,20,國泰-台南,2024-10-16,8884
2303,聯電,23,3,20,國泰-台南,2024-10-16,8884
8097,常珵,81,62,19,國泰-台南,2024-10-16,8884
2882,國泰金,24,5,19,國泰-台南,2024-10-16,8884
00937B,群益ESG投等債20,748,128,620,國泰-台南,2024-10-17,8884
00688L,國泰20年美債正2,449,52,397,國泰-台南,2024-10-17,8884
00922,國泰台灣領袖50,274,49,225,國泰-台南,2024-10-17,8884
0056,元大高股息,247,31,216,國泰-台南,2024-10-17,8884
00687B,國泰20年美債,226,22,204,國泰-台南,2024-10-17,8884
00722B,群益投資級電信債,200,0,200,國泰-台南,2024-10-17,8884
2887,台新金,119,8,111,國泰-台南,2024-10-17,8884
00637L,元大滬深300正2,114,17,97,國泰-台南,2024-10-17,8884
8064,東捷,216,125,91,國泰-台南,2024-10-17,8884
00881,國泰台灣5G+,131,43,88,國泰-台南,2024-10-17,8884
4540,全球傳動,92,6,86,國泰-台南,2024-10-17,8884
9105,泰金寶-DR,248,170,78,國泰-台南,2024-10-17,8884
00713,元大台灣高息低波,95,20,75,國泰-台南,2024-10-17,8884
6742,澤米,93,21,72,國泰-台南,2024-10-17,8884
00887,永豐中國科技50大,98,36,62,國泰-台南,2024-10-17,8884
3498,陽程,104,43,61,國泰-台南,2024-10-17,8884
00948B,中信優息投資級債,69,13,56,國泰-台南,2024-10-17,8884
3652,精聯,61,6,55,國泰-台南,2024-10-17,8884
2399,映泰,240,187,53,國泰-台南,2024-10-17,8884
00941,中信上游半導體,52,0,52,國泰-台南,2024-10-17,8884
3231,緯創,83,31,52,國泰-台南,2024-10-17,8884
3149,正達,85,44,41,國泰-台南,2024-10-17,8884
3031,佰鴻,50,11,39,國泰-台南,2024-10-17,8884
00882,中信中國高股息,53,14,39,國泰-台南,2024-10-17,8884
00715L,期街口布蘭特正2,51,13,38,國泰-台南,2024-10-17,8884
2397,友通,38,2,36,國泰-台南,2024-10-17,8884
6124,業強,51,16,35,國泰-台南,2024-10-17,8884
3605,宏致,36,2,34,國泰-台南,2024-10-17,8884
00632R,元大台灣50反1,41,7,34,國泰-台南,2024-10-17,8884
1316,上曜,35,2,33,國泰-台南,2024-10-17,8884
00912,中信臺灣智慧50,31,0,31,國泰-台南,2024-10-17,8884
8107,大億金茂,31,1,30,國泰-台南,2024-10-17,8884
3066,李洲,96,67,29,國泰-台南,2024-10-17,8884
0050,元大台灣50,55,26,29,國泰-台南,2024-10-17,8884
00753L,中信中國50正2,103,76,27,國泰-台南,2024-10-17,8884
00905,FT臺灣Smart,31,5,26,國泰-台南,2024-10-17,8884
00764B,群益25年美債,25,0,25,國泰-台南,2024-10-17,8884
00679B,元大美債20年,27,3,24,國泰-台南,2024-10-17,8884
00927,群益半導體收益,23,1,22,國泰-台南,2024-10-17,8884
3663,鑫科,27,5,22,國泰-台南,2024-10-17,8884
00943,兆豐電子高息等權,21,0,21,國泰-台南,2024-10-17,8884
00954,中信日本半導體,20,0,20,國泰-台南,2024-10-17,8884
8155,博智,20,0,20,國泰-台南,2024-10-17,8884
4956,光鋐,32,12,20,國泰-台南,2024-10-17,8884
5481,新華,68,48,20,國泰-台南,2024-10-17,8884
8112,至上,22,3,19,國泰-台南,2024-10-17,8884
2330,台積電,46,27,19,國泰-台南,2024-10-17,8884
00933B,國泰10Y+金融債,30,12,18,國泰-台南,2024-10-17,8884
006208,富邦台50,21,3,18,國泰-台南,2024-10-17,8884
2884,玉山金,26,9,17,國泰-台南,2024-10-17,8884
00937B,群益ESG投等債20,571,19,552,國泰-台南,2024-10-18,8884
00632R,元大台灣50反1,744,297,447,國泰-台南,2024-10-18,8884
00679B,元大美債20年,352,66,286,國泰-台南,2024-10-18,8884
00948B,中信優息投資級債,269,0,269,國泰-台南,2024-10-18,8884
00687B,國泰20年美債,399,180,219,國泰-台南,2024-10-18,8884
0056,元大高股息,254,80,174,國泰-台南,2024-10-18,8884
2867,三商壽,215,45,170,國泰-台南,2024-10-18,8884
00900,富邦特選高股息30,184,17,167,國泰-台南,2024-10-18,8884
4729,熒茂,162,7,155,國泰-台南,2024-10-18,8884
00929,復華台灣科技優息,216,72,144,國泰-台南,2024-10-18,8884
2449,京元電子,167,56,111,國泰-台南,2024-10-18,8884
00637L,元大滬深300正2,575,465,110,國泰-台南,2024-10-18,8884
00919,群益台灣精選高息,198,94,104,國泰-台南,2024-10-18,8884
8064,東捷,191,87,104,國泰-台南,2024-10-18,8884
00665L,富邦�琤肭磪囓�2,118,27,91,國泰-台南,2024-10-18,8884
00887,永豐中國科技50大,96,7,89,國泰-台南,2024-10-18,8884
2303,聯電,92,8,84,國泰-台南,2024-10-18,8884
00751B,元大AAA至A公司債,82,0,82,國泰-台南,2024-10-18,8884
4566,時碩工業,150,69,81,國泰-台南,2024-10-18,8884
6151,晉倫,90,9,81,國泰-台南,2024-10-18,8884
3339,泰谷,112,35,77,國泰-台南,2024-10-18,8884
2615,萬海,117,54,63,國泰-台南,2024-10-18,8884
2883,凱基金,86,32,54,國泰-台南,2024-10-18,8884
2402,毅嘉,98,49,49,國泰-台南,2024-10-18,8884
2313,華通,50,4,46,國泰-台南,2024-10-18,8884
00795B,中信美國公債20年,43,0,43,國泰-台南,2024-10-18,8884
2399,映泰,211,176,35,國泰-台南,2024-10-18,8884
2401,凌陽,34,0,34,國泰-台南,2024-10-18,8884
00753L,中信中國50正2,122,89,33,國泰-台南,2024-10-18,8884
1314,中石化,33,2,31,國泰-台南,2024-10-18,8884
2731,雄獅,30,0,30,國泰-台南,2024-10-18,8884
2887,台新金,41,12,29,國泰-台南,2024-10-18,8884
6763,綠界科技*,57,29,28,國泰-台南,2024-10-18,8884
00933B,國泰10Y+金融債,39,12,27,國泰-台南,2024-10-18,8884
1608,華榮,26,0,26,國泰-台南,2024-10-18,8884
3231,緯創,59,34,25,國泰-台南,2024-10-18,8884
2355,敬鵬,26,1,25,國泰-台南,2024-10-18,8884
2601,益航,26,1,25,國泰-台南,2024-10-18,8884
4909,新復興,45,21,24,國泰-台南,2024-10-18,8884
4562,穎漢,202,178,24,國泰-台南,2024-10-18,8884
00772B,中信高評級公司債,24,1,23,國泰-台南,2024-10-18,8884
3149,正達,70,48,22,國泰-台南,2024-10-18,8884
00941,中信上游半導體,23,0,23,國泰-台南,2024-10-18,8884
00639,富邦深100,23,1,22,國泰-台南,2024-10-18,8884
3037,欣興,26,4,22,國泰-台南,2024-10-18,8884
00720B,元大投資級公司債,23,2,21,國泰-台南,2024-10-18,8884
6188,廣明,29,8,21,國泰-台南,2024-10-18,8884
5347,世界,38,17,21,國泰-台南,2024-10-18,8884
3581,博磊,33,12,21,國泰-台南,2024-10-18,8884
00958B,永豐ESG銀行債15,20,0,20,國泰-台南,2024-10-18,8884
00937B,群益ESG投等債20,902,239,663,國泰-台南,2024-10-21,8884
00751B,元大AAA至A公司債,633,29,604,國泰-台南,2024-10-21,8884
00753L,中信中國50正2,510,70,440,國泰-台南,2024-10-21,8884
1528,恩德,292,32,260,國泰-台南,2024-10-21,8884
00948B,中信優息投資級債,245,14,231,國泰-台南,2024-10-21,8884
2883,凱基金,212,7,205,國泰-台南,2024-10-21,8884
00887,永豐中國科技50大,212,22,190,國泰-台南,2024-10-21,8884
00687B,國泰20年美債,294,109,185,國泰-台南,2024-10-21,8884
2891,中信金,180,47,133,國泰-台南,2024-10-21,8884
6151,晉倫,112,1,111,國泰-台南,2024-10-21,8884
00715L,期街口布蘭特正2,141,40,101,國泰-台南,2024-10-21,8884
00679B,元大美債20年,193,98,95,國泰-台南,2024-10-21,8884
6405,悅城,111,32,79,國泰-台南,2024-10-21,8884
00712,復華富時不動產,102,29,73,國泰-台南,2024-10-21,8884
00637L,元大滬深300正2,126,57,69,國泰-台南,2024-10-21,8884
00639,富邦深100,70,1,69,國泰-台南,2024-10-21,8884
2883B,凱基金乙特,48,0,48,國泰-台南,2024-10-21,8884
00945B,凱基美國非投等債,47,0,47,國泰-台南,2024-10-21,8884
00725B,國泰投資級公司債,49,2,47,國泰-台南,2024-10-21,8884
00905,FT臺灣Smart,86,41,45,國泰-台南,2024-10-21,8884
00882,中信中國高股息,66,22,44,國泰-台南,2024-10-21,8884
00959B,大華投等美債15Y+,43,0,43,國泰-台南,2024-10-21,8884
00772B,中信高評級公司債,41,0,41,國泰-台南,2024-10-21,8884
00665L,富邦�琤肭磪囓�2,659,618,41,國泰-台南,2024-10-21,8884
6127,九豪,42,3,39,國泰-台南,2024-10-21,8884
1301,台塑,35,2,33,國泰-台南,2024-10-21,8884
2885,元大金,53,20,33,國泰-台南,2024-10-21,8884
00933B,國泰10Y+金融債,51,18,33,國泰-台南,2024-10-21,8884
8240,華宏,38,8,30,國泰-台南,2024-10-21,8884
00773B,中信優先金融債,30,0,30,國泰-台南,2024-10-21,8884
4167,松瑞藥,30,0,30,國泰-台南,2024-10-21,8884
00958B,永豐ESG銀行債15,39,10,29,國泰-台南,2024-10-21,8884
2881,富邦金,29,2,27,國泰-台南,2024-10-21,8884
2882,國泰金,38,11,27,國泰-台南,2024-10-21,8884
3013,晟銘電,113,89,24,國泰-台南,2024-10-21,8884
6156,松上,55,32,23,國泰-台南,2024-10-21,8884
4561,健椿,89,67,22,國泰-台南,2024-10-21,8884
2312,金寶,90,68,22,國泰-台南,2024-10-21,8884
2887,台新金,25,4,21,國泰-台南,2024-10-21,8884
00752,中信中國50,20,0,20,國泰-台南,2024-10-21,8884
00675L,富邦臺灣加權正2,21,2,19,國泰-台南,2024-10-21,8884
00881,國泰台灣5G+,50,31,19,國泰-台南,2024-10-21,8884
00902,中信電池及儲能,20,1,19,國泰-台南,2024-10-21,8884
00642U,期元大S＆P石油,18,0,18,國泰-台南,2024-10-21,8884
5230,雷笛克光學,25,7,18,國泰-台南,2024-10-21,8884
1326,台化,18,0,18,國泰-台南,2024-10-21,8884
2890,永豐金,17,0,17,國泰-台南,2024-10-21,8884
2610,華航,19,2,17,國泰-台南,2024-10-21,8884
1314,中石化,25,8,17,國泰-台南,2024-10-21,8884
2743,山富,17,0,17,國泰-台南,2024-10-21,8884
00937B,群益ESG投等債20,1282,107,1175,國泰-台南,2024-10-22,8884
00948B,中信優息投資級債,679,17,662,國泰-台南,2024-10-22,8884
00751B,元大AAA至A公司債,518,5,513,國泰-台南,2024-10-22,8884
00688L,國泰20年美債正2,660,186,474,國泰-台南,2024-10-22,8884
5315,光聯,299,16,283,國泰-台南,2024-10-22,8884
4716,大立,294,16,278,國泰-台南,2024-10-22,8884
6168,宏齊,298,22,276,國泰-台南,2024-10-22,8884
00679B,元大美債20年,369,95,274,國泰-台南,2024-10-22,8884
00687B,國泰20年美債,707,497,210,國泰-台南,2024-10-22,8884
00907,永豐優息存股,155,0,155,國泰-台南,2024-10-22,8884
00712,復華富時不動產,153,2,151,國泰-台南,2024-10-22,8884
00680L,元大美債20正2,299,165,134,國泰-台南,2024-10-22,8884
00725B,國泰投資級公司債,157,36,121,國泰-台南,2024-10-22,8884
00929,復華台灣科技優息,156,39,117,國泰-台南,2024-10-22,8884
00887,永豐中國科技50大,135,19,116,國泰-台南,2024-10-22,8884
3209,全科,107,2,105,國泰-台南,2024-10-22,8884
00772B,中信高評級公司債,105,7,98,國泰-台南,2024-10-22,8884
00959B,大華投等美債15Y+,184,101,83,國泰-台南,2024-10-22,8884
3339,泰谷,145,64,81,國泰-台南,2024-10-22,8884
00919,群益台灣精選高息,118,38,80,國泰-台南,2024-10-22,8884
00720B,元大投資級公司債,123,45,78,國泰-台南,2024-10-22,8884
00933B,國泰10Y+金融債,125,51,74,國泰-台南,2024-10-22,8884
3615,安可,176,120,56,國泰-台南,2024-10-22,8884
6603,富強鑫,55,1,54,國泰-台南,2024-10-22,8884
00905,FT臺灣Smart,52,2,50,國泰-台南,2024-10-22,8884
0056,元大高股息,80,32,48,國泰-台南,2024-10-22,8884
00941,中信上游半導體,53,6,47,國泰-台南,2024-10-22,8884
3715,定穎投控,83,36,47,國泰-台南,2024-10-22,8884
00795B,中信美國公債20年,77,31,46,國泰-台南,2024-10-22,8884
2344,華邦電,47,2,45,國泰-台南,2024-10-22,8884
3285,微端,44,0,44,國泰-台南,2024-10-22,8884
00773B,中信優先金融債,41,0,41,國泰-台南,2024-10-22,8884
00922,國泰台灣領袖50,53,14,39,國泰-台南,2024-10-22,8884
00946,群益科技高息成長,41,3,38,國泰-台南,2024-10-22,8884
006208,富邦台50,49,12,37,國泰-台南,2024-10-22,8884
00961,FT臺灣永續高息,35,1,34,國泰-台南,2024-10-22,8884
00665L,富邦�琤肭磪囓�2,132,100,32,國泰-台南,2024-10-22,8884
1314,中石化,54,22,32,國泰-台南,2024-10-22,8884
00641R,富邦日本反1,30,0,30,國泰-台南,2024-10-22,8884
2887,台新金,40,10,30,國泰-台南,2024-10-22,8884
00942B,台新美A公司債20+,29,0,29,國泰-台南,2024-10-22,8884
3149,正達,51,23,28,國泰-台南,2024-10-22,8884
3049,精金,103,76,27,國泰-台南,2024-10-22,8884
00753L,中信中國50正2,61,38,23,國泰-台南,2024-10-22,8884
6506,雙邦,24,2,22,國泰-台南,2024-10-22,8884
6220,岳豐,23,1,22,國泰-台南,2024-10-22,8884
2006,東和鋼鐵,21,0,21,國泰-台南,2024-10-22,8884
4174,浩鼎,21,0,21,國泰-台南,2024-10-22,8884
4540,全球傳動,79,58,21,國泰-台南,2024-10-22,8884
4533,協易機,41,21,20,國泰-台南,2024-10-22,8884
00937B,群益ESG投等債20,622,144,478,國泰-台南,2024-10-23,8884
00948B,中信優息投資級債,331,6,325,國泰-台南,2024-10-23,8884
6120,達運,312,15,297,國泰-台南,2024-10-23,8884
00687B,國泰20年美債,343,70,273,國泰-台南,2024-10-23,8884
2431,聯昌,252,7,245,國泰-台南,2024-10-23,8884
00753L,中信中國50正2,273,112,161,國泰-台南,2024-10-23,8884
00679B,元大美債20年,130,10,120,國泰-台南,2024-10-23,8884
00751B,元大AAA至A公司債,120,3,117,國泰-台南,2024-10-23,8884
3339,泰谷,104,1,103,國泰-台南,2024-10-23,8884
00959B,大華投等美債15Y+,103,0,103,國泰-台南,2024-10-23,8884
0056,元大高股息,110,12,98,國泰-台南,2024-10-23,8884
00688L,國泰20年美債正2,92,1,91,國泰-台南,2024-10-23,8884
4916,事欣科,91,0,91,國泰-台南,2024-10-23,8884
2867,三商壽,89,0,89,國泰-台南,2024-10-23,8884
3049,精金,92,25,67,國泰-台南,2024-10-23,8884
1314,中石化,65,0,65,國泰-台南,2024-10-23,8884
3372,典範,73,8,65,國泰-台南,2024-10-23,8884
00887,永豐中國科技50大,78,17,61,國泰-台南,2024-10-23,8884
00712,復華富時不動產,124,65,59,國泰-台南,2024-10-23,8884
00725B,國泰投資級公司債,60,2,58,國泰-台南,2024-10-23,8884
2891,中信金,84,28,56,國泰-台南,2024-10-23,8884
3481,群創,129,78,51,國泰-台南,2024-10-23,8884
00713,元大台灣高息低波,57,8,49,國泰-台南,2024-10-23,8884
00919,群益台灣精選高息,77,30,47,國泰-台南,2024-10-23,8884
00934,中信成長高股息,46,0,46,國泰-台南,2024-10-23,8884
2412,中華電,45,1,44,國泰-台南,2024-10-23,8884
2883,凱基金,47,3,44,國泰-台南,2024-10-23,8884
00929,復華台灣科技優息,113,70,43,國泰-台南,2024-10-23,8884
2888,新光金,55,13,42,國泰-台南,2024-10-23,8884
00637L,元大滬深300正2,95,53,42,國泰-台南,2024-10-23,8884
8064,東捷,242,200,42,國泰-台南,2024-10-23,8884
006208,富邦台50,51,10,41,國泰-台南,2024-10-23,8884
3290,東浦,121,81,40,國泰-台南,2024-10-23,8884
3535,晶彩科,99,59,40,國泰-台南,2024-10-23,8884
8249,菱光,93,55,38,國泰-台南,2024-10-23,8884
2303,聯電,38,1,37,國泰-台南,2024-10-23,8884
9105,泰金寶-DR,38,2,36,國泰-台南,2024-10-23,8884
4533,協易機,44,8,36,國泰-台南,2024-10-23,8884
00720B,元大投資級公司債,57,22,35,國泰-台南,2024-10-23,8884
2329,華泰,295,261,34,國泰-台南,2024-10-23,8884
6158,禾昌,31,0,31,國泰-台南,2024-10-23,8884
2886,兆豐金,36,5,31,國泰-台南,2024-10-23,8884
5460,同協,31,1,30,國泰-台南,2024-10-23,8884
00907,永豐優息存股,33,3,30,國泰-台南,2024-10-23,8884
6770,力積電,33,4,29,國泰-台南,2024-10-23,8884
2201,裕隆,29,0,29,國泰-台南,2024-10-23,8884
2812,台中銀,52,24,28,國泰-台南,2024-10-23,8884
3011,今皓,44,16,28,國泰-台南,2024-10-23,8884
6151,晉倫,103,76,27,國泰-台南,2024-10-23,8884
2369,菱生,124,97,27,國泰-台南,2024-10-23,8884
00937B,群益ESG投等債20,459,121,338,國泰-台南,2024-10-24,8884
00753L,中信中國50正2,302,3,299,國泰-台南,2024-10-24,8884
0056,元大高股息,271,19,252,國泰-台南,2024-10-24,8884
00929,復華台灣科技優息,281,68,213,國泰-台南,2024-10-24,8884
2477,美隆電,201,14,187,國泰-台南,2024-10-24,8884
00665L,富邦�琤肭磪囓�2,309,140,169,國泰-台南,2024-10-24,8884
00632R,元大台灣50反1,247,101,146,國泰-台南,2024-10-24,8884
00687B,國泰20年美債,164,26,138,國泰-台南,2024-10-24,8884
00931B,統一美債20年,134,26,108,國泰-台南,2024-10-24,8884
00919,群益台灣精選高息,132,25,107,國泰-台南,2024-10-24,8884
4123,晟德,126,22,104,國泰-台南,2024-10-24,8884
4716,大立,167,84,83,國泰-台南,2024-10-24,8884
00959B,大華投等美債15Y+,87,10,77,國泰-台南,2024-10-24,8884
00887,永豐中國科技50大,85,10,75,國泰-台南,2024-10-24,8884
00922,國泰台灣領袖50,91,16,75,國泰-台南,2024-10-24,8884
00688L,國泰20年美債正2,134,70,64,國泰-台南,2024-10-24,8884
00679B,元大美債20年,90,27,63,國泰-台南,2024-10-24,8884
3021,鴻名,55,1,54,國泰-台南,2024-10-24,8884
2495,普安,122,69,53,國泰-台南,2024-10-24,8884
00938,凱基優選30,54,1,53,國泰-台南,2024-10-24,8884
1528,恩德,315,262,53,國泰-台南,2024-10-24,8884
2388,威盛,92,39,53,國泰-台南,2024-10-24,8884
00751B,元大AAA至A公司債,55,4,51,國泰-台南,2024-10-24,8884
00680L,元大美債20正2,73,22,51,國泰-台南,2024-10-24,8884
00712,復華富時不動產,50,6,44,國泰-台南,2024-10-24,8884
00945B,凱基美國非投等債,43,0,43,國泰-台南,2024-10-24,8884
00720B,元大投資級公司債,77,36,41,國泰-台南,2024-10-24,8884
2303,聯電,50,9,41,國泰-台南,2024-10-24,8884
2511,太子,40,0,40,國泰-台南,2024-10-24,8884
00725B,國泰投資級公司債,35,1,34,國泰-台南,2024-10-24,8884
1314,中石化,54,20,34,國泰-台南,2024-10-24,8884
3498,陽程,44,11,33,國泰-台南,2024-10-24,8884
2615,萬海,68,36,32,國泰-台南,2024-10-24,8884
00900,富邦特選高股息30,35,3,32,國泰-台南,2024-10-24,8884
2344,華邦電,42,10,32,國泰-台南,2024-10-24,8884
00950B,凱基A級公司債,32,0,32,國泰-台南,2024-10-24,8884
4562,穎漢,61,30,31,國泰-台南,2024-10-24,8884
6219,富旺,31,0,31,國泰-台南,2024-10-24,8884
2489,瑞軒,141,111,30,國泰-台南,2024-10-24,8884
2399,映泰,154,124,30,國泰-台南,2024-10-24,8884
00934,中信成長高股息,40,10,30,國泰-台南,2024-10-24,8884
00905,FT臺灣Smart,29,0,29,國泰-台南,2024-10-24,8884
2382,廣達,48,20,28,國泰-台南,2024-10-24,8884
2486,一詮,63,36,27,國泰-台南,2024-10-24,8884
3450,聯鈞,77,50,27,國泰-台南,2024-10-24,8884
2106,建大,26,0,26,國泰-台南,2024-10-24,8884
4527,方土霖,41,15,26,國泰-台南,2024-10-24,8884
3715,定穎投控,70,45,25,國泰-台南,2024-10-24,8884
5206,坤悅,24,0,24,國泰-台南,2024-10-24,8884
00933B,國泰10Y+金融債,28,4,24,國泰-台南,2024-10-24,8884
00959B,大華投等美債15Y+,247,4,243,國泰-台南,2024-10-25,8884
00937B,群益ESG投等債20,295,62,233,國泰-台南,2024-10-25,8884
00948B,中信優息投資級債,233,2,231,國泰-台南,2024-10-25,8884
00751B,元大AAA至A公司債,107,1,106,國泰-台南,2024-10-25,8884
6509,聚和,114,13,101,國泰-台南,2024-10-25,8884
2477,美隆電,115,16,99,國泰-台南,2024-10-25,8884
6133,金橋,104,8,96,國泰-台南,2024-10-25,8884
00637L,元大滬深300正2,139,48,91,國泰-台南,2024-10-25,8884
2303,聯電,54,1,53,國泰-台南,2024-10-25,8884
6770,力積電,63,11,52,國泰-台南,2024-10-25,8884
00679B,元大美債20年,69,17,52,國泰-台南,2024-10-25,8884
00687B,國泰20年美債,70,20,50,國泰-台南,2024-10-25,8884
2344,華邦電,87,44,43,國泰-台南,2024-10-25,8884
00715L,期街口布蘭特正2,77,38,39,國泰-台南,2024-10-25,8884
00915,凱基優選高股息30,61,22,39,國泰-台南,2024-10-25,8884
00899,FT潔淨能源,35,1,34,國泰-台南,2024-10-25,8884
00941,中信上游半導體,33,0,33,國泰-台南,2024-10-25,8884
6288,聯嘉,57,28,29,國泰-台南,2024-10-25,8884
00795B,中信美國公債20年,30,1,29,國泰-台南,2024-10-25,8884
2455,全新,30,1,29,國泰-台南,2024-10-25,8884
8249,菱光,124,96,28,國泰-台南,2024-10-25,8884
8021,尖點,35,9,26,國泰-台南,2024-10-25,8884
3296,勝德,26,0,26,國泰-台南,2024-10-25,8884
2495,普安,387,362,25,國泰-台南,2024-10-25,8884
00725B,國泰投資級公司債,25,1,24,國泰-台南,2024-10-25,8884
00950B,凱基A級公司債,23,0,23,國泰-台南,2024-10-25,8884
2367,燿華,46,24,22,國泰-台南,2024-10-25,8884
2883,凱基金,45,24,21,國泰-台南,2024-10-25,8884
00712,復華富時不動產,25,5,20,國泰-台南,2024-10-25,8884
3051,力特,21,1,20,國泰-台南,2024-10-25,8884
2511,太子,20,1,19,國泰-台南,2024-10-25,8884
00882,中信中國高股息,21,2,19,國泰-台南,2024-10-25,8884
5206,坤悅,19,0,19,國泰-台南,2024-10-25,8884
2888,新光金,22,5,17,國泰-台南,2024-10-25,8884
4919,新唐,153,137,16,國泰-台南,2024-10-25,8884
2363,矽統,28,13,15,國泰-台南,2024-10-25,8884
2467,志聖,21,7,14,國泰-台南,2024-10-25,8884
3209,全科,18,5,13,國泰-台南,2024-10-25,8884
6550,北極星藥業-KY,14,2,12,國泰-台南,2024-10-25,8884
6532,瑞耘,12,0,12,國泰-台南,2024-10-25,8884
00830,國泰費城半導體,12,0,12,國泰-台南,2024-10-25,8884
3057,喬鼎,11,0,11,國泰-台南,2024-10-25,8884
1595,川寶,27,16,11,國泰-台南,2024-10-25,8884
1597,直得,13,2,11,國泰-台南,2024-10-25,8884
2601,益航,11,0,11,國泰-台南,2024-10-25,8884
8085,福華,13,2,11,國泰-台南,2024-10-25,8884
5328,華容,14,3,11,國泰-台南,2024-10-25,8884
6171,大城地產,11,0,11,國泰-台南,2024-10-25,8884
00891,中信關鍵半導體,17,7,10,國泰-台南,2024-10-25,8884
00772B,中信高評級公司債,13,3,10,國泰-台南,2024-10-25,8884
00937B,群益ESG投等債20,844,61,783,國泰-台南,2024-10-28,8884
00706L,期元大S＆P日圓正2,637,0,637,國泰-台南,2024-10-28,8884
00948B,中信優息投資級債,628,0,628,國泰-台南,2024-10-28,8884
00715L,期街口布蘭特正2,257,30,227,國泰-台南,2024-10-28,8884
9105,泰金寶-DR,283,62,221,國泰-台南,2024-10-28,8884
00959B,大華投等美債15Y+,158,0,158,國泰-台南,2024-10-28,8884
00679B,元大美債20年,191,33,158,國泰-台南,2024-10-28,8884
00687B,國泰20年美債,352,211,141,國泰-台南,2024-10-28,8884
6770,力積電,139,7,132,國泰-台南,2024-10-28,8884
00688L,國泰20年美債正2,153,24,129,國泰-台南,2024-10-28,8884
1301,台塑,123,15,108,國泰-台南,2024-10-28,8884
2515,中工,105,0,105,國泰-台南,2024-10-28,8884
3481,群創,119,16,103,國泰-台南,2024-10-28,8884
00632R,元大台灣50反1,131,48,83,國泰-台南,2024-10-28,8884
00665L,富邦�琤肭磪囓�2,150,75,75,國泰-台南,2024-10-28,8884
2354,鴻準,209,134,75,國泰-台南,2024-10-28,8884
1464,得力,86,12,74,國泰-台南,2024-10-28,8884
00751B,元大AAA至A公司債,79,12,67,國泰-台南,2024-10-28,8884
2303,聯電,73,6,67,國泰-台南,2024-10-28,8884
00712,復華富時不動產,111,47,64,國泰-台南,2024-10-28,8884
2349,錸德,67,4,63,國泰-台南,2024-10-28,8884
2431,聯昌,64,3,61,國泰-台南,2024-10-28,8884
3323,加百裕,81,23,58,國泰-台南,2024-10-28,8884
00753L,中信中國50正2,67,10,57,國泰-台南,2024-10-28,8884
2511,太子,50,0,50,國泰-台南,2024-10-28,8884
5603,陸海,50,3,47,國泰-台南,2024-10-28,8884
00637L,元大滬深300正2,59,14,45,國泰-台南,2024-10-28,8884
0056,元大高股息,72,29,43,國泰-台南,2024-10-28,8884
00720B,元大投資級公司債,44,3,41,國泰-台南,2024-10-28,8884
6550,北極星藥業-KY,39,0,39,國泰-台南,2024-10-28,8884
00933B,國泰10Y+金融債,69,33,36,國泰-台南,2024-10-28,8884
00795B,中信美國公債20年,37,1,36,國泰-台南,2024-10-28,8884
2330,台積電,39,5,34,國泰-台南,2024-10-28,8884
1307,三芳,38,4,34,國泰-台南,2024-10-28,8884
6405,悅城,62,33,29,國泰-台南,2024-10-28,8884
2374,佳能,38,10,28,國泰-台南,2024-10-28,8884
00919,群益台灣精選高息,79,54,25,國泰-台南,2024-10-28,8884
5460,同協,28,4,24,國泰-台南,2024-10-28,8884
00953B,群益優選非投等債,23,0,23,國泰-台南,2024-10-28,8884
3081,聯亞,27,4,23,國泰-台南,2024-10-28,8884
2324,仁寶,28,7,21,國泰-台南,2024-10-28,8884
00671R,富邦NASDAQ反1,21,0,21,國泰-台南,2024-10-28,8884
8105,凌巨,20,0,20,國泰-台南,2024-10-28,8884
2317,鴻海,148,128,20,國泰-台南,2024-10-28,8884
2614,東森,26,7,19,國泰-台南,2024-10-28,8884
6235,華孚,103,84,19,國泰-台南,2024-10-28,8884
00642U,期元大S＆P石油,19,0,19,國泰-台南,2024-10-28,8884
00932,兆豐永續高息等權,18,0,18,國泰-台南,2024-10-28,8884
8021,尖點,23,5,18,國泰-台南,2024-10-28,8884
2316,楠梓電,18,0,18,國泰-台南,2024-10-28,8884
00929,復華台灣科技優息,874,396,478,國泰-台南,2024-10-29,8884
00715L,期街口布蘭特正2,331,10,321,國泰-台南,2024-10-29,8884
00937B,群益ESG投等債20,357,38,319,國泰-台南,2024-10-29,8884
0056,元大高股息,371,61,310,國泰-台南,2024-10-29,8884
00919,群益台灣精選高息,510,220,290,國泰-台南,2024-10-29,8884
00878,國泰永續高股息,323,49,274,國泰-台南,2024-10-29,8884
00922,國泰台灣領袖50,188,10,178,國泰-台南,2024-10-29,8884
00918,大華優利高填息30,185,11,174,國泰-台南,2024-10-29,8884
1711,永光,156,1,155,國泰-台南,2024-10-29,8884
00720B,元大投資級公司債,171,37,134,國泰-台南,2024-10-29,8884
2515,中工,128,0,128,國泰-台南,2024-10-29,8884
00687B,國泰20年美債,152,36,116,國泰-台南,2024-10-29,8884
2303,聯電,130,24,106,國泰-台南,2024-10-29,8884
00712,復華富時不動產,98,2,96,國泰-台南,2024-10-29,8884
00938,凱基優選30,95,1,94,國泰-台南,2024-10-29,8884
00688L,國泰20年美債正2,96,6,90,國泰-台南,2024-10-29,8884
00751B,元大AAA至A公司債,83,3,80,國泰-台南,2024-10-29,8884
006208,富邦台50,106,27,79,國泰-台南,2024-10-29,8884
00940,元大台灣價值高息,134,59,75,國泰-台南,2024-10-29,8884
00927,群益半導體收益,81,7,74,國泰-台南,2024-10-29,8884
00713,元大台灣高息低波,81,8,73,國泰-台南,2024-10-29,8884
1524,耿鼎,70,6,64,國泰-台南,2024-10-29,8884
6770,力積電,68,7,61,國泰-台南,2024-10-29,8884
0050,元大台灣50,65,7,58,國泰-台南,2024-10-29,8884
00915,凱基優選高股息30,59,3,56,國泰-台南,2024-10-29,8884
00725B,國泰投資級公司債,56,0,56,國泰-台南,2024-10-29,8884
2419,仲琦,89,35,54,國泰-台南,2024-10-29,8884
00948B,中信優息投資級債,51,5,46,國泰-台南,2024-10-29,8884
00946,群益科技高息成長,51,8,43,國泰-台南,2024-10-29,8884
2431,聯昌,132,90,42,國泰-台南,2024-10-29,8884
00632R,元大台灣50反1,312,271,41,國泰-台南,2024-10-29,8884
3715,定穎投控,50,10,40,國泰-台南,2024-10-29,8884
6550,北極星藥業-KY,40,0,40,國泰-台南,2024-10-29,8884
8032,光菱,120,81,39,國泰-台南,2024-10-29,8884
3339,泰谷,57,19,38,國泰-台南,2024-10-29,8884
2646,星宇航空,93,56,37,國泰-台南,2024-10-29,8884
00923,群益台ESG低碳50,37,2,35,國泰-台南,2024-10-29,8884
00943,兆豐電子高息等權,33,0,33,國泰-台南,2024-10-29,8884
00935,野村臺灣新科技50,32,0,32,國泰-台南,2024-10-29,8884
00753L,中信中國50正2,241,211,30,國泰-台南,2024-10-29,8884
6125,廣運,31,2,29,國泰-台南,2024-10-29,8884
00905,FT臺灣Smart,28,0,28,國泰-台南,2024-10-29,8884
00881,國泰台灣5G+,62,34,28,國泰-台南,2024-10-29,8884
6156,松上,58,32,26,國泰-台南,2024-10-29,8884
2812,台中銀,26,1,25,國泰-台南,2024-10-29,8884
5452,佶優,55,32,23,國泰-台南,2024-10-29,8884
00941,中信上游半導體,27,4,23,國泰-台南,2024-10-29,8884
5880,合庫金,29,6,23,國泰-台南,2024-10-29,8884
00932,兆豐永續高息等權,23,1,22,國泰-台南,2024-10-29,8884
1907,永豐餘,21,0,21,國泰-台南,2024-10-29,8884
00929,復華台灣科技優息,314,83,231,國泰-台南,2024-10-30,8884
00679B,元大美債20年,207,13,194,國泰-台南,2024-10-30,8884
00919,群益台灣精選高息,220,37,183,國泰-台南,2024-10-30,8884
00753L,中信中國50正2,188,6,182,國泰-台南,2024-10-30,8884
00725B,國泰投資級公司債,137,0,137,國泰-台南,2024-10-30,8884
6770,力積電,150,29,121,國泰-台南,2024-10-30,8884
2337,旺宏,122,3,119,國泰-台南,2024-10-30,8884
00720B,元大投資級公司債,169,51,118,國泰-台南,2024-10-30,8884
0056,元大高股息,124,10,114,國泰-台南,2024-10-30,8884
00751B,元大AAA至A公司債,104,0,104,國泰-台南,2024-10-30,8884
00959B,大華投等美債15Y+,98,0,98,國泰-台南,2024-10-30,8884
00715L,期街口布蘭特正2,83,5,78,國泰-台南,2024-10-30,8884
00665L,富邦�琤肭磪囓�2,260,183,77,國泰-台南,2024-10-30,8884
00712,復華富時不動產,82,8,74,國泰-台南,2024-10-30,8884
00934,中信成長高股息,74,2,72,國泰-台南,2024-10-30,8884
00948B,中信優息投資級債,71,1,70,國泰-台南,2024-10-30,8884
2303,聯電,79,17,62,國泰-台南,2024-10-30,8884
00637L,元大滬深300正2,134,73,61,國泰-台南,2024-10-30,8884
3535,晶彩科,59,2,57,國泰-台南,2024-10-30,8884
8047,星雲,65,10,55,國泰-台南,2024-10-30,8884
1815,富喬,54,0,54,國泰-台南,2024-10-30,8884
4956,光鋐,60,6,54,國泰-台南,2024-10-30,8884
00713,元大台灣高息低波,55,2,53,國泰-台南,2024-10-30,8884
4919,新唐,177,125,52,國泰-台南,2024-10-30,8884
5438,東友,64,14,50,國泰-台南,2024-10-30,8884
2419,仲琦,51,2,49,國泰-台南,2024-10-30,8884
00878,國泰永續高股息,110,65,45,國泰-台南,2024-10-30,8884
6550,北極星藥業-KY,40,0,40,國泰-台南,2024-10-30,8884
00940,元大台灣價值高息,69,33,36,國泰-台南,2024-10-30,8884
2106,建大,35,0,35,國泰-台南,2024-10-30,8884
6133,金橋,55,20,35,國泰-台南,2024-10-30,8884
00950B,凱基A級公司債,31,0,31,國泰-台南,2024-10-30,8884
00943,兆豐電子高息等權,31,0,31,國泰-台南,2024-10-30,8884
6241,易通展,30,0,30,國泰-台南,2024-10-30,8884
3339,泰谷,41,12,29,國泰-台南,2024-10-30,8884
2344,華邦電,50,21,29,國泰-台南,2024-10-30,8884
6156,松上,60,33,27,國泰-台南,2024-10-30,8884
1528,恩德,417,391,26,國泰-台南,2024-10-30,8884
00671R,富邦NASDAQ反1,25,0,25,國泰-台南,2024-10-30,8884
2323,中環,25,0,25,國泰-台南,2024-10-30,8884
1617,榮星,24,0,24,國泰-台南,2024-10-30,8884
3518,柏騰,29,5,24,國泰-台南,2024-10-30,8884
2891,中信金,31,7,24,國泰-台南,2024-10-30,8884
8043,蜜望實,31,8,23,國泰-台南,2024-10-30,8884
00946,群益科技高息成長,80,58,22,國泰-台南,2024-10-30,8884
00918,大華優利高填息30,33,10,23,國泰-台南,2024-10-30,8884
2646,星宇航空,44,22,22,國泰-台南,2024-10-30,8884
00953B,群益優選非投等債,21,0,21,國泰-台南,2024-10-30,8884
00909,國泰數位支付服務,19,0,19,國泰-台南,2024-10-30,8884
00885,富邦越南,19,0,19,國泰-台南,2024-10-30,8884
00878,國泰永續高股息,318,39,279,國泰-台南,2024-11-01,8884
00919,群益台灣精選高息,334,56,278,國泰-台南,2024-11-01,8884
0056,元大高股息,214,12,202,國泰-台南,2024-11-01,8884
2303,聯電,200,17,183,國泰-台南,2024-11-01,8884
00929,復華台灣科技優息,320,139,181,國泰-台南,2024-11-01,8884
2397,友通,206,85,121,國泰-台南,2024-11-01,8884
00713,元大台灣高息低波,113,2,111,國泰-台南,2024-11-01,8884
5460,同協,120,9,111,國泰-台南,2024-11-01,8884
00937B,群益ESG投等債20,375,270,105,國泰-台南,2024-11-01,8884
00687B,國泰20年美債,184,80,104,國泰-台南,2024-11-01,8884
9105,泰金寶-DR,220,116,104,國泰-台南,2024-11-01,8884
2537,聯上發,104,3,101,國泰-台南,2024-11-01,8884
2337,旺宏,100,1,99,國泰-台南,2024-11-01,8884
2317,鴻海,123,40,83,國泰-台南,2024-11-01,8884
00959B,大華投等美債15Y+,77,0,77,國泰-台南,2024-11-01,8884
00941,中信上游半導體,74,2,72,國泰-台南,2024-11-01,8884
006208,富邦台50,76,8,68,國泰-台南,2024-11-01,8884
00720B,元大投資級公司債,85,18,67,國泰-台南,2024-11-01,8884
2888,新光金,75,10,65,國泰-台南,2024-11-01,8884
00712,復華富時不動產,78,13,65,國泰-台南,2024-11-01,8884
00922,國泰台灣領袖50,61,3,58,國泰-台南,2024-11-01,8884
2601,益航,56,0,56,國泰-台南,2024-11-01,8884
00933B,國泰10Y+金融債,61,9,52,國泰-台南,2024-11-01,8884
00915,凱基優選高股息30,58,7,51,國泰-台南,2024-11-01,8884
2891,中信金,73,31,42,國泰-台南,2024-11-01,8884
2605,新興,42,0,42,國泰-台南,2024-11-01,8884
00923,群益台ESG低碳50,43,2,41,國泰-台南,2024-11-01,8884
00830,國泰費城半導體,41,0,41,國泰-台南,2024-11-01,8884
00637L,元大滬深300正2,39,0,39,國泰-台南,2024-11-01,8884
00946,群益科技高息成長,44,6,38,國泰-台南,2024-11-01,8884
4956,光鋐,38,0,38,國泰-台南,2024-11-01,8884
00757,統一FANG+,36,1,35,國泰-台南,2024-11-01,8884
00887,永豐中國科技50大,35,1,34,國泰-台南,2024-11-01,8884
6241,易通展,33,0,33,國泰-台南,2024-11-01,8884
2354,鴻準,403,371,32,國泰-台南,2024-11-01,8884
2613,中櫃,38,7,31,國泰-台南,2024-11-01,8884
00918,大華優利高填息30,46,16,30,國泰-台南,2024-11-01,8884
2884,玉山金,30,1,29,國泰-台南,2024-11-01,8884
1307,三芳,162,134,28,國泰-台南,2024-11-01,8884
2493,揚博,39,12,27,國泰-台南,2024-11-01,8884
2886,兆豐金,49,22,27,國泰-台南,2024-11-01,8884
2328,廣宇,52,26,26,國泰-台南,2024-11-01,8884
00953B,群益優選非投等債,25,0,25,國泰-台南,2024-11-01,8884
5880,合庫金,24,0,24,國泰-台南,2024-11-01,8884
3209,全科,47,25,22,國泰-台南,2024-11-01,8884
00940,元大台灣價值高息,110,87,23,國泰-台南,2024-11-01,8884
2881,富邦金,34,12,22,國泰-台南,2024-11-01,8884
00927,群益半導體收益,21,0,21,國泰-台南,2024-11-01,8884
2477,美隆電,36,15,21,國泰-台南,2024-11-01,8884
00675L,富邦臺灣加權正2,26,6,20,國泰-台南,2024-11-01,8884
00937B,群益ESG投等債20,1011,50,961,國泰-台南,2024-11-04,8884
00878,國泰永續高股息,327,50,277,國泰-台南,2024-11-04,8884
00712,復華富時不動產,255,7,248,國泰-台南,2024-11-04,8884
00919,群益台灣精選高息,233,16,217,國泰-台南,2024-11-04,8884
2515,中工,202,1,201,國泰-台南,2024-11-04,8884
00679B,元大美債20年,202,14,188,國泰-台南,2024-11-04,8884
00688L,國泰20年美債正2,183,30,153,國泰-台南,2024-11-04,8884
2431,聯昌,191,64,127,國泰-台南,2024-11-04,8884
00948B,中信優息投資級債,131,10,121,國泰-台南,2024-11-04,8884
6133,金橋,198,102,96,國泰-台南,2024-11-04,8884
2615,萬海,509,419,90,國泰-台南,2024-11-04,8884
2354,鴻準,247,163,84,國泰-台南,2024-11-04,8884
00720B,元大投資級公司債,106,22,84,國泰-台南,2024-11-04,8884
2303,聯電,98,14,84,國泰-台南,2024-11-04,8884
00725B,國泰投資級公司債,85,4,81,國泰-台南,2024-11-04,8884
00943,兆豐電子高息等權,78,1,77,國泰-台南,2024-11-04,8884
9105,泰金寶-DR,259,198,61,國泰-台南,2024-11-04,8884
00891,中信關鍵半導體,60,6,54,國泰-台南,2024-11-04,8884
2888,新光金,55,4,51,國泰-台南,2024-11-04,8884
00687B,國泰20年美債,140,93,47,國泰-台南,2024-11-04,8884
5315,光聯,50,3,47,國泰-台南,2024-11-04,8884
00930,永豐ESG低碳高息,45,0,45,國泰-台南,2024-11-04,8884
00665L,富邦�琤肭磪囓�2,62,20,42,國泰-台南,2024-11-04,8884
00959B,大華投等美債15Y+,51,10,41,國泰-台南,2024-11-04,8884
2365,昆盈,42,2,40,國泰-台南,2024-11-04,8884
00680L,元大美債20正2,46,6,40,國泰-台南,2024-11-04,8884
2329,華泰,45,8,37,國泰-台南,2024-11-04,8884
3703,欣陸,37,1,36,國泰-台南,2024-11-04,8884
3605,宏致,36,0,36,國泰-台南,2024-11-04,8884
8011,台通,55,22,33,國泰-台南,2024-11-04,8884
00940,元大台灣價值高息,71,40,31,國泰-台南,2024-11-04,8884
2609,陽明,97,66,31,國泰-台南,2024-11-04,8884
3490,單井,30,1,29,國泰-台南,2024-11-04,8884
00950B,凱基A級公司債,29,0,29,國泰-台南,2024-11-04,8884
1307,三芳,45,18,27,國泰-台南,2024-11-04,8884
00751B,元大AAA至A公司債,27,1,26,國泰-台南,2024-11-04,8884
3437,榮創,25,0,25,國泰-台南,2024-11-04,8884
4760,勤凱,23,0,23,國泰-台南,2024-11-04,8884
00932,兆豐永續高息等權,23,1,22,國泰-台南,2024-11-04,8884
3363,上詮,40,19,21,國泰-台南,2024-11-04,8884
2489,瑞軒,20,0,20,國泰-台南,2024-11-04,8884
00927,群益半導體收益,21,1,20,國泰-台南,2024-11-04,8884
00639,富邦深100,20,0,20,國泰-台南,2024-11-04,8884
00850,元大臺灣ESG永續,21,1,20,國泰-台南,2024-11-04,8884
00945B,凱基美國非投等債,20,0,20,國泰-台南,2024-11-04,8884
6550,北極星藥業-KY,19,0,19,國泰-台南,2024-11-04,8884
6405,悅城,25,6,19,國泰-台南,2024-11-04,8884
8111,立��,65,46,19,國泰-台南,2024-11-04,8884
5386,青雲,19,1,18,國泰-台南,2024-11-04,8884
2477,美隆電,40,22,18,國泰-台南,2024-11-04,8884
00937B,群益ESG投等債20,605,99,506,國泰-台南,2024-11-05,8884
00878,國泰永續高股息,261,55,206,國泰-台南,2024-11-05,8884
2303,聯電,240,51,189,國泰-台南,2024-11-05,8884
3710,連展投控,164,5,159,國泰-台南,2024-11-05,8884
00712,復華富時不動產,163,8,155,國泰-台南,2024-11-05,8884
00688L,國泰20年美債正2,112,0,112,國泰-台南,2024-11-05,8884
00887,永豐中國科技50大,154,44,110,國泰-台南,2024-11-05,8884
8261,富鼎,102,7,95,國泰-台南,2024-11-05,8884
00632R,元大台灣50反1,190,99,91,國泰-台南,2024-11-05,8884
00919,群益台灣精選高息,172,82,90,國泰-台南,2024-11-05,8884
0056,元大高股息,114,28,86,國泰-台南,2024-11-05,8884
00946,群益科技高息成長,84,0,84,國泰-台南,2024-11-05,8884
00943,兆豐電子高息等權,80,3,77,國泰-台南,2024-11-05,8884
00680L,元大美債20正2,75,0,75,國泰-台南,2024-11-05,8884
00940,元大台灣價值高息,103,32,71,國泰-台南,2024-11-05,8884
5315,光聯,139,88,51,國泰-台南,2024-11-05,8884
2511,太子,50,0,50,國泰-台南,2024-11-05,8884
8047,星雲,74,25,49,國泰-台南,2024-11-05,8884
00662,富邦NASDAQ,40,0,40,國泰-台南,2024-11-05,8884
00687B,國泰20年美債,66,34,32,國泰-台南,2024-11-05,8884
6530,創威,111,84,27,國泰-台南,2024-11-05,8884
00932,兆豐永續高息等權,27,0,27,國泰-台南,2024-11-05,8884
6196,帆宣,28,2,26,國泰-台南,2024-11-05,8884
1528,恩德,100,74,26,國泰-台南,2024-11-05,8884
2402,毅嘉,29,3,26,國泰-台南,2024-11-05,8884
006208,富邦台50,33,7,26,國泰-台南,2024-11-05,8884
00930,永豐ESG低碳高息,25,0,25,國泰-台南,2024-11-05,8884
00891,中信關鍵半導體,25,1,24,國泰-台南,2024-11-05,8884
4760,勤凱,23,0,23,國泰-台南,2024-11-05,8884
00959B,大華投等美債15Y+,55,32,23,國泰-台南,2024-11-05,8884
2405,輔信,124,102,22,國泰-台南,2024-11-05,8884
2489,瑞軒,22,1,21,國泰-台南,2024-11-05,8884
00673R,期元大S＆P原油反1,21,0,21,國泰-台南,2024-11-05,8884
00641R,富邦日本反1,20,0,20,國泰-台南,2024-11-05,8884
2883B,凱基金乙特,20,0,20,國泰-台南,2024-11-05,8884
00650L,復華香港正2,23,4,19,國泰-台南,2024-11-05,8884
2883,凱基金,99,81,18,國泰-台南,2024-11-05,8884
3049,精金,71,53,18,國泰-台南,2024-11-05,8884
00933B,國泰10Y+金融債,56,39,17,國泰-台南,2024-11-05,8884
00795B,中信美國公債20年,21,4,17,國泰-台南,2024-11-05,8884
00725B,國泰投資級公司債,16,0,16,國泰-台南,2024-11-05,8884
2344,華邦電,19,3,16,國泰-台南,2024-11-05,8884
2801,彰銀,24,8,16,國泰-台南,2024-11-05,8884
3339,泰谷,15,0,15,國泰-台南,2024-11-05,8884
1605,華新,17,3,14,國泰-台南,2024-11-05,8884
00635U,期元大S＆P黃金,14,0,14,國泰-台南,2024-11-05,8884
00881,國泰台灣5G+,18,5,13,國泰-台南,2024-11-05,8884
2328,廣宇,18,5,13,國泰-台南,2024-11-05,8884
2887,台新金,13,0,13,國泰-台南,2024-11-05,8884
2351,順德,13,1,12,國泰-台南,2024-11-05,8884
00688L,國泰20年美債正2,1807,1318,489,國泰-台南,2024-11-06,8884
00687B,國泰20年美債,653,244,409,國泰-台南,2024-11-06,8884
00937B,群益ESG投等債20,810,408,402,國泰-台南,2024-11-06,8884
00680L,元大美債20正2,257,24,233,國泰-台南,2024-11-06,8884
00753L,中信中國50正2,240,42,198,國泰-台南,2024-11-06,8884
00679B,元大美債20年,263,69,194,國泰-台南,2024-11-06,8884
2356,英業達,381,204,177,國泰-台南,2024-11-06,8884
00637L,元大滬深300正2,181,10,171,國泰-台南,2024-11-06,8884
00878,國泰永續高股息,197,92,105,國泰-台南,2024-11-06,8884
00948B,中信優息投資級債,107,4,103,國泰-台南,2024-11-06,8884
9907,統一實,98,6,92,國泰-台南,2024-11-06,8884
2419,仲琦,92,21,71,國泰-台南,2024-11-06,8884
00795B,中信美國公債20年,90,27,63,國泰-台南,2024-11-06,8884
2883,凱基金,68,8,60,國泰-台南,2024-11-06,8884
00665L,富邦�琤肭磪囓�2,203,143,60,國泰-台南,2024-11-06,8884
2618,長榮航,59,0,59,國泰-台南,2024-11-06,8884
00959B,大華投等美債15Y+,45,0,45,國泰-台南,2024-11-06,8884
1326,台化,45,0,45,國泰-台南,2024-11-06,8884
00713,元大台灣高息低波,54,9,45,國泰-台南,2024-11-06,8884
00669R,國泰美國道瓊反1,40,0,40,國泰-台南,2024-11-06,8884
00919,群益台灣精選高息,106,69,37,國泰-台南,2024-11-06,8884
6550,北極星藥業-KY,37,0,37,國泰-台南,2024-11-06,8884
00751B,元大AAA至A公司債,38,1,37,國泰-台南,2024-11-06,8884
1540,喬福,38,4,34,國泰-台南,2024-11-06,8884
00885,富邦越南,30,0,30,國泰-台南,2024-11-06,8884
00932,兆豐永續高息等權,31,1,30,國泰-台南,2024-11-06,8884
4919,新唐,43,14,29,國泰-台南,2024-11-06,8884
1101,台泥,29,0,29,國泰-台南,2024-11-06,8884
3049,精金,95,68,27,國泰-台南,2024-11-06,8884
00915,凱基優選高股息30,33,6,27,國泰-台南,2024-11-06,8884
5243,乙盛-KY,30,3,27,國泰-台南,2024-11-06,8884
00930,永豐ESG低碳高息,27,0,27,國泰-台南,2024-11-06,8884
2887,台新金,28,2,26,國泰-台南,2024-11-06,8884
00706L,期元大S＆P日圓正2,36,10,26,國泰-台南,2024-11-06,8884
00673R,期元大S＆P原油反1,44,20,24,國泰-台南,2024-11-06,8884
2303,聯電,98,75,23,國泰-台南,2024-11-06,8884
3714,富采,25,3,22,國泰-台南,2024-11-06,8884
2362,藍天,24,2,22,國泰-台南,2024-11-06,8884
2409,友達,22,0,22,國泰-台南,2024-11-06,8884
1449,佳和,82,61,21,國泰-台南,2024-11-06,8884
6156,松上,27,6,21,國泰-台南,2024-11-06,8884
00771,元大US高息特別股,20,0,20,國泰-台南,2024-11-06,8884
4960,誠美材,20,1,19,國泰-台南,2024-11-06,8884
2609,陽明,31,13,18,國泰-台南,2024-11-06,8884
006208,富邦台50,48,29,19,國泰-台南,2024-11-06,8884
00926,凱基全球菁英55,18,0,18,國泰-台南,2024-11-06,8884
8150,南茂,20,2,18,國泰-台南,2024-11-06,8884
6505,台塑化,17,0,17,國泰-台南,2024-11-06,8884
2892,第一金,18,2,16,國泰-台南,2024-11-06,8884
2613,中櫃,57,41,16,國泰-台南,2024-11-06,8884
00632R,元大台灣50反1,452,78,374,國泰-台南,2024-11-07,8884
00688L,國泰20年美債正2,345,31,314,國泰-台南,2024-11-07,8884
00948B,中信優息投資級債,142,7,135,國泰-台南,2024-11-07,8884
00679B,元大美債20年,181,46,135,國泰-台南,2024-11-07,8884
00915,凱基優選高股息30,135,2,133,國泰-台南,2024-11-07,8884
9105,泰金寶-DR,633,522,111,國泰-台南,2024-11-07,8884
00715L,期街口布蘭特正2,152,47,105,國泰-台南,2024-11-07,8884
3062,建漢,256,157,99,國泰-台南,2024-11-07,8884
00878,國泰永續高股息,178,88,90,國泰-台南,2024-11-07,8884
3303,岱稜,103,21,82,國泰-台南,2024-11-07,8884
00687B,國泰20年美債,157,77,80,國泰-台南,2024-11-07,8884
2892,第一金,79,1,78,國泰-台南,2024-11-07,8884
2431,聯昌,79,9,70,國泰-台南,2024-11-07,8884
5438,東友,156,97,59,國泰-台南,2024-11-07,8884
4991,環宇-KY,93,42,51,國泰-台南,2024-11-07,8884
4562,穎漢,74,28,46,國泰-台南,2024-11-07,8884
00919,群益台灣精選高息,123,77,46,國泰-台南,2024-11-07,8884
2312,金寶,240,196,44,國泰-台南,2024-11-07,8884
00712,復華富時不動產,46,6,40,國泰-台南,2024-11-07,8884
00680L,元大美債20正2,92,53,39,國泰-台南,2024-11-07,8884
2493,揚博,39,2,37,國泰-台南,2024-11-07,8884
2365,昆盈,58,21,37,國泰-台南,2024-11-07,8884
1808,潤隆,40,7,33,國泰-台南,2024-11-07,8884
2347,聯強,32,1,31,國泰-台南,2024-11-07,8884
3490,單井,33,3,30,國泰-台南,2024-11-07,8884
2601,益航,30,0,30,國泰-台南,2024-11-07,8884
3019,亞光,33,4,29,國泰-台南,2024-11-07,8884
1536,和大,32,6,26,國泰-台南,2024-11-07,8884
00648R,元大S＆P500反1,26,0,26,國泰-台南,2024-11-07,8884
00671R,富邦NASDAQ反1,25,0,25,國泰-台南,2024-11-07,8884
8096,擎亞,34,10,24,國泰-台南,2024-11-07,8884
2887,台新金,25,1,24,國泰-台南,2024-11-07,8884
00935,野村臺灣新科技50,25,2,23,國泰-台南,2024-11-07,8884
6573,虹揚-KY,22,0,22,國泰-台南,2024-11-07,8884
3021,鴻名,20,0,20,國泰-台南,2024-11-07,8884
2615,萬海,114,95,19,國泰-台南,2024-11-07,8884
3047,訊舟,21,3,18,國泰-台南,2024-11-07,8884
2646,星宇航空,26,9,17,國泰-台南,2024-11-07,8884
2399,映泰,84,67,17,國泰-台南,2024-11-07,8884
4526,東台,91,74,17,國泰-台南,2024-11-07,8884
2889,國票金,17,0,17,國泰-台南,2024-11-07,8884
2885,元大金,20,5,15,國泰-台南,2024-11-07,8884
2027,大成鋼,69,54,15,國泰-台南,2024-11-07,8884
00713,元大台灣高息低波,37,24,13,國泰-台南,2024-11-07,8884
1785,光洋科,29,16,13,國泰-台南,2024-11-07,8884
2014,中鴻,52,40,12,國泰-台南,2024-11-07,8884
5315,光聯,15,3,12,國泰-台南,2024-11-07,8884
3324,雙鴻,19,7,12,國泰-台南,2024-11-07,8884
00905,FT臺灣Smart,14,3,11,國泰-台南,2024-11-07,8884
2329,華泰,11,0,11,國泰-台南,2024-11-07,8884
00948B,中信優息投資級債,495,10,485,國泰-台南,2024-11-08,8884
00632R,元大台灣50反1,506,66,440,國泰-台南,2024-11-08,8884
00929,復華台灣科技優息,679,250,429,國泰-台南,2024-11-08,8884
2516,新建,342,3,339,國泰-台南,2024-11-08,8884
2356,英業達,537,294,243,國泰-台南,2024-11-08,8884
00878,國泰永續高股息,266,36,230,國泰-台南,2024-11-08,8884
3481,群創,253,34,219,國泰-台南,2024-11-08,8884
6163,華電網,202,9,193,國泰-台南,2024-11-08,8884
2601,益航,232,44,188,國泰-台南,2024-11-08,8884
1216,統一,156,1,155,國泰-台南,2024-11-08,8884
6505,台塑化,90,1,89,國泰-台南,2024-11-08,8884
2303,聯電,111,37,74,國泰-台南,2024-11-08,8884
2354,鴻準,337,264,73,國泰-台南,2024-11-08,8884
3305,昇貿,75,2,73,國泰-台南,2024-11-08,8884
3062,建漢,328,257,71,國泰-台南,2024-11-08,8884
00881,國泰台灣5G+,78,23,55,國泰-台南,2024-11-08,8884
5426,振發,65,10,55,國泰-台南,2024-11-08,8884
2388,威盛,62,11,51,國泰-台南,2024-11-08,8884
00915,凱基優選高股息30,68,25,43,國泰-台南,2024-11-08,8884
3490,單井,49,6,43,國泰-台南,2024-11-08,8884
2515,中工,40,0,40,國泰-台南,2024-11-08,8884
2353,宏��,42,4,38,國泰-台南,2024-11-08,8884
00930,永豐ESG低碳高息,38,0,38,國泰-台南,2024-11-08,8884
9105,泰金寶-DR,230,191,39,國泰-台南,2024-11-08,8884
1786,科妍,39,3,36,國泰-台南,2024-11-08,8884
00648R,元大S＆P500反1,36,0,36,國泰-台南,2024-11-08,8884
3663,鑫科,57,21,36,國泰-台南,2024-11-08,8884
9902,台火,34,0,34,國泰-台南,2024-11-08,8884
2316,楠梓電,34,0,34,國泰-台南,2024-11-08,8884
00959B,大華投等美債15Y+,32,0,32,國泰-台南,2024-11-08,8884
3303,岱稜,60,28,32,國泰-台南,2024-11-08,8884
4958,臻鼎-KY,61,29,32,國泰-台南,2024-11-08,8884
1587,吉茂,30,0,30,國泰-台南,2024-11-08,8884
00713,元大台灣高息低波,40,10,30,國泰-台南,2024-11-08,8884
2887,台新金,34,5,29,國泰-台南,2024-11-08,8884
00650L,復華香港正2,28,0,28,國泰-台南,2024-11-08,8884
00724B,群益投資級金融債,30,4,26,國泰-台南,2024-11-08,8884
4960,誠美材,26,0,26,國泰-台南,2024-11-08,8884
1605,華新,27,1,26,國泰-台南,2024-11-08,8884
1307,三芳,33,8,25,國泰-台南,2024-11-08,8884
00671R,富邦NASDAQ反1,25,0,25,國泰-台南,2024-11-08,8884
1301,台塑,35,10,25,國泰-台南,2024-11-08,8884
2014,中鴻,24,0,24,國泰-台南,2024-11-08,8884
8933,愛地雅,22,0,22,國泰-台南,2024-11-08,8884
2337,旺宏,26,4,22,國泰-台南,2024-11-08,8884
00673R,期元大S＆P原油反1,22,0,22,國泰-台南,2024-11-08,8884
1569,濱川,37,15,22,國泰-台南,2024-11-08,8884
6216,居易,24,2,22,國泰-台南,2024-11-08,8884
2031,新光鋼,21,0,21,國泰-台南,2024-11-08,8884
2027,大成鋼,25,4,21,國泰-台南,2024-11-08,8884
00878,國泰永續高股息,371,75,296,國泰-台南,2024-11-11,8884
00945B,凱基美國非投等債,252,16,236,國泰-台南,2024-11-11,8884
00632R,元大台灣50反1,335,132,203,國泰-台南,2024-11-11,8884
00665L,富邦�琤肭磪囓�2,243,54,189,國泰-台南,2024-11-11,8884
00948B,中信優息投資級債,498,318,180,國泰-台南,2024-11-11,8884
3231,緯創,151,37,114,國泰-台南,2024-11-11,8884
00919,群益台灣精選高息,162,56,106,國泰-台南,2024-11-11,8884
2337,旺宏,109,3,106,國泰-台南,2024-11-11,8884
3481,群創,132,32,100,國泰-台南,2024-11-11,8884
6283,淳安,94,5,89,國泰-台南,2024-11-11,8884
6405,悅城,104,19,85,國泰-台南,2024-11-11,8884
1605,華新,82,3,79,國泰-台南,2024-11-11,8884
00753L,中信中國50正2,338,265,73,國泰-台南,2024-11-11,8884
6770,力積電,64,1,63,國泰-台南,2024-11-11,8884
5457,宣德,72,11,61,國泰-台南,2024-11-11,8884
2353,宏��,74,14,60,國泰-台南,2024-11-11,8884
2354,鴻準,158,100,58,國泰-台南,2024-11-11,8884
00662,富邦NASDAQ,60,4,56,國泰-台南,2024-11-11,8884
00932,兆豐永續高息等權,56,0,56,國泰-台南,2024-11-11,8884
00637L,元大滬深300正2,109,58,51,國泰-台南,2024-11-11,8884
00713,元大台灣高息低波,74,24,50,國泰-台南,2024-11-11,8884
2882,國泰金,52,6,46,國泰-台南,2024-11-11,8884
00915,凱基優選高股息30,46,2,44,國泰-台南,2024-11-11,8884
0056,元大高股息,97,53,44,國泰-台南,2024-11-11,8884
2834,臺企銀,71,29,42,國泰-台南,2024-11-11,8884
00687B,國泰20年美債,144,103,41,國泰-台南,2024-11-11,8884
2477,美隆電,38,2,36,國泰-台南,2024-11-11,8884
2731,雄獅,35,0,35,國泰-台南,2024-11-11,8884
2615,萬海,121,87,34,國泰-台南,2024-11-11,8884
2489,瑞軒,37,4,33,國泰-台南,2024-11-11,8884
4123,晟德,34,4,30,國泰-台南,2024-11-11,8884
3189,景碩,71,42,29,國泰-台南,2024-11-11,8884
1617,榮星,29,0,29,國泰-台南,2024-11-11,8884
1326,台化,30,1,29,國泰-台南,2024-11-11,8884
1314,中石化,36,7,29,國泰-台南,2024-11-11,8884
006208,富邦台50,37,8,29,國泰-台南,2024-11-11,8884
6462,神盾,26,0,26,國泰-台南,2024-11-11,8884
2344,華邦電,27,2,25,國泰-台南,2024-11-11,8884
2609,陽明,71,45,26,國泰-台南,2024-11-11,8884
3284,太普高,27,2,25,國泰-台南,2024-11-11,8884
2646,星宇航空,33,10,23,國泰-台南,2024-11-11,8884
2313,華通,30,8,22,國泰-台南,2024-11-11,8884
00922,國泰台灣領袖50,50,28,22,國泰-台南,2024-11-11,8884
4967,十銓,21,0,21,國泰-台南,2024-11-11,8884
8074,鉅橡,20,0,20,國泰-台南,2024-11-11,8884
4303,信立,49,29,20,國泰-台南,2024-11-11,8884
2449,京元電子,103,84,19,國泰-台南,2024-11-11,8884
00757,統一FANG+,24,4,20,國泰-台南,2024-11-11,8884
6216,居易,19,0,19,國泰-台南,2024-11-11,8884
6763,綠界科技*,35,16,19,國泰-台南,2024-11-11,8884
00878,國泰永續高股息,724,131,593,國泰-台南,2024-11-12,8884
00680L,元大美債20正2,338,3,335,國泰-台南,2024-11-12,8884
0056,元大高股息,432,149,283,國泰-台南,2024-11-12,8884
1605,華新,279,8,271,國泰-台南,2024-11-12,8884
00715L,期街口布蘭特正2,268,15,253,國泰-台南,2024-11-12,8884
00665L,富邦�琤肭磪囓�2,257,23,234,國泰-台南,2024-11-12,8884
1905,華紙,204,0,204,國泰-台南,2024-11-12,8884
3339,泰谷,194,0,194,國泰-台南,2024-11-12,8884
00915,凱基優選高股息30,182,12,170,國泰-台南,2024-11-12,8884
2892,第一金,170,1,169,國泰-台南,2024-11-12,8884
00753L,中信中國50正2,207,73,134,國泰-台南,2024-11-12,8884
00919,群益台灣精選高息,222,89,133,國泰-台南,2024-11-12,8884
006208,富邦台50,156,26,130,國泰-台南,2024-11-12,8884
00713,元大台灣高息低波,155,33,122,國泰-台南,2024-11-12,8884
2106,建大,106,2,104,國泰-台南,2024-11-12,8884
6152,百一,104,2,102,國泰-台南,2024-11-12,8884
3663,鑫科,105,13,92,國泰-台南,2024-11-12,8884
2413,環科,79,0,79,國泰-台南,2024-11-12,8884
5871,中租-KY,99,23,76,國泰-台南,2024-11-12,8884
2317,鴻海,125,50,75,國泰-台南,2024-11-12,8884
1314,中石化,82,10,72,國泰-台南,2024-11-12,8884
2344,華邦電,73,3,70,國泰-台南,2024-11-12,8884
2882,國泰金,72,3,69,國泰-台南,2024-11-12,8884
00922,國泰台灣領袖50,84,24,60,國泰-台南,2024-11-12,8884
2615,萬海,187,129,58,國泰-台南,2024-11-12,8884
2399,映泰,71,14,57,國泰-台南,2024-11-12,8884
2887,台新金,58,5,53,國泰-台南,2024-11-12,8884
00918,大華優利高填息30,82,30,52,國泰-台南,2024-11-12,8884
3481,群創,65,14,51,國泰-台南,2024-11-12,8884
00881,國泰台灣5G+,56,11,45,國泰-台南,2024-11-12,8884
00930,永豐ESG低碳高息,45,0,45,國泰-台南,2024-11-12,8884
00932,兆豐永續高息等權,45,1,44,國泰-台南,2024-11-12,8884
00891,中信關鍵半導體,43,0,43,國泰-台南,2024-11-12,8884
3645,達邁,42,0,42,國泰-台南,2024-11-12,8884
5443,均豪,64,23,41,國泰-台南,2024-11-12,8884
1326,台化,45,4,41,國泰-台南,2024-11-12,8884
2884,玉山金,39,1,38,國泰-台南,2024-11-12,8884
0050,元大台灣50,41,3,38,國泰-台南,2024-11-12,8884
00943,兆豐電子高息等權,46,9,37,國泰-台南,2024-11-12,8884
2610,華航,59,23,36,國泰-台南,2024-11-12,8884
2603,長榮,51,16,35,國泰-台南,2024-11-12,8884
2330,台積電,40,6,34,國泰-台南,2024-11-12,8884
00712,復華富時不動產,74,40,34,國泰-台南,2024-11-12,8884
2337,旺宏,43,9,34,國泰-台南,2024-11-12,8884
3189,景碩,34,2,32,國泰-台南,2024-11-12,8884
5457,宣德,35,4,31,國泰-台南,2024-11-12,8884
2002,中鋼,46,15,31,國泰-台南,2024-11-12,8884
2353,宏��,48,17,31,國泰-台南,2024-11-12,8884
8032,光菱,78,49,29,國泰-台南,2024-11-12,8884
3511,矽瑪,31,5,26,國泰-台南,2024-11-12,8884
00878,國泰永續高股息,657,45,612,國泰-台南,2024-11-13,8884
00937B,群益ESG投等債20,676,107,569,國泰-台南,2024-11-13,8884
00712,復華富時不動產,425,9,416,國泰-台南,2024-11-13,8884
00688L,國泰20年美債正2,468,117,351,國泰-台南,2024-11-13,8884
00948B,中信優息投資級債,285,27,258,國泰-台南,2024-11-13,8884
2618,長榮航,225,56,169,國泰-台南,2024-11-13,8884
0056,元大高股息,164,25,139,國泰-台南,2024-11-13,8884
00919,群益台灣精選高息,164,41,123,國泰-台南,2024-11-13,8884
00933B,國泰10Y+金融債,171,50,121,國泰-台南,2024-11-13,8884
5426,振發,129,20,109,國泰-台南,2024-11-13,8884
2882,國泰金,120,14,106,國泰-台南,2024-11-13,8884
3013,晟銘電,213,118,95,國泰-台南,2024-11-13,8884
3027,盛達,93,0,93,國泰-台南,2024-11-13,8884
00679B,元大美債20年,110,23,87,國泰-台南,2024-11-13,8884
1605,華新,79,2,77,國泰-台南,2024-11-13,8884
3303,岱稜,64,2,62,國泰-台南,2024-11-13,8884
2323,中環,62,6,56,國泰-台南,2024-11-13,8884
2477,美隆電,58,2,56,國泰-台南,2024-11-13,8884
00753L,中信中國50正2,159,104,55,國泰-台南,2024-11-13,8884
00715L,期街口布蘭特正2,100,45,55,國泰-台南,2024-11-13,8884
6505,台塑化,67,14,53,國泰-台南,2024-11-13,8884
2891,中信金,61,9,52,國泰-台南,2024-11-13,8884
00915,凱基優選高股息30,51,6,45,國泰-台南,2024-11-13,8884
2834,臺企銀,44,1,43,國泰-台南,2024-11-13,8884
2317,鴻海,68,26,42,國泰-台南,2024-11-13,8884
2883,凱基金,71,32,39,國泰-台南,2024-11-13,8884
1326,台化,37,0,37,國泰-台南,2024-11-13,8884
2349,錸德,234,197,37,國泰-台南,2024-11-13,8884
00932,兆豐永續高息等權,37,0,37,國泰-台南,2024-11-13,8884
2646,星宇航空,58,23,35,國泰-台南,2024-11-13,8884
2615,萬海,212,177,35,國泰-台南,2024-11-13,8884
2027,大成鋼,33,2,31,國泰-台南,2024-11-13,8884
2330,台積電,37,9,28,國泰-台南,2024-11-13,8884
2801,彰銀,27,0,27,國泰-台南,2024-11-13,8884
2889,國票金,26,0,26,國泰-台南,2024-11-13,8884
2324,仁寶,139,113,26,國泰-台南,2024-11-13,8884
00895,富邦未來車,25,0,25,國泰-台南,2024-11-13,8884
3036,文曄,28,3,25,國泰-台南,2024-11-13,8884
2606,裕民,49,24,25,國泰-台南,2024-11-13,8884
1524,耿鼎,41,17,24,國泰-台南,2024-11-13,8884
2303,聯電,43,19,24,國泰-台南,2024-11-13,8884
00665L,富邦�琤肭磪囓�2,104,81,23,國泰-台南,2024-11-13,8884
00642U,期元大S＆P石油,23,0,23,國泰-台南,2024-11-13,8884
5871,中租-KY,29,7,22,國泰-台南,2024-11-13,8884
00909,國泰數位支付服務,24,3,21,國泰-台南,2024-11-13,8884
3481,群創,21,0,21,國泰-台南,2024-11-13,8884
4979,華星光,84,64,20,國泰-台南,2024-11-13,8884
1301,台塑,27,7,20,國泰-台南,2024-11-13,8884
00891,中信關鍵半導體,20,0,20,國泰-台南,2024-11-13,8884
00675L,富邦臺灣加權正2,21,2,19,國泰-台南,2024-11-13,8884
00878,國泰永續高股息,1199,39,1160,國泰-台南,2024-11-14,8884
00937B,群益ESG投等債20,494,67,427,國泰-台南,2024-11-14,8884
0056,元大高股息,437,68,369,國泰-台南,2024-11-14,8884
00929,復華台灣科技優息,370,61,309,國泰-台南,2024-11-14,8884
00919,群益台灣精選高息,246,41,205,國泰-台南,2024-11-14,8884
2101,南港,155,4,151,國泰-台南,2024-11-14,8884
00712,復華富時不動產,139,0,139,國泰-台南,2024-11-14,8884
00963,中信全球高股息,137,0,137,國泰-台南,2024-11-14,8884
00680L,元大美債20正2,131,11,120,國泰-台南,2024-11-14,8884
00959B,大華投等美債15Y+,105,0,105,國泰-台南,2024-11-14,8884
00915,凱基優選高股息30,127,22,105,國泰-台南,2024-11-14,8884
00943,兆豐電子高息等權,92,0,92,國泰-台南,2024-11-14,8884
2646,星宇航空,87,10,77,國泰-台南,2024-11-14,8884
2892,第一金,75,2,73,國泰-台南,2024-11-14,8884
2349,錸德,126,54,72,國泰-台南,2024-11-14,8884
3481,群創,80,16,64,國泰-台南,2024-11-14,8884
2303,聯電,127,64,63,國泰-台南,2024-11-14,8884
00948B,中信優息投資級債,104,44,60,國泰-台南,2024-11-14,8884
2883,凱基金,63,4,59,國泰-台南,2024-11-14,8884
1301,台塑,58,0,58,國泰-台南,2024-11-14,8884
2812,台中銀,58,0,58,國泰-台南,2024-11-14,8884
00713,元大台灣高息低波,74,17,57,國泰-台南,2024-11-14,8884
00715L,期街口布蘭特正2,109,53,56,國泰-台南,2024-11-14,8884
2887,台新金,64,8,56,國泰-台南,2024-11-14,8884
2337,旺宏,57,3,54,國泰-台南,2024-11-14,8884
1617,榮星,50,0,50,國泰-台南,2024-11-14,8884
2618,長榮航,347,299,48,國泰-台南,2024-11-14,8884
2356,英業達,70,22,48,國泰-台南,2024-11-14,8884
00751B,元大AAA至A公司債,45,0,45,國泰-台南,2024-11-14,8884
2449,京元電子,50,5,45,國泰-台南,2024-11-14,8884
1314,中石化,51,9,42,國泰-台南,2024-11-14,8884
2317,鴻海,81,40,41,國泰-台南,2024-11-14,8884
00940,元大台灣價值高息,69,28,41,國泰-台南,2024-11-14,8884
00941,中信上游半導體,39,1,38,國泰-台南,2024-11-14,8884
00753L,中信中國50正2,84,48,36,國泰-台南,2024-11-14,8884
00930,永豐ESG低碳高息,37,1,36,國泰-台南,2024-11-14,8884
00946,群益科技高息成長,58,23,35,國泰-台南,2024-11-14,8884
006208,富邦台50,80,47,33,國泰-台南,2024-11-14,8884
2884,玉山金,35,2,33,國泰-台南,2024-11-14,8884
6877,鏵友益,33,0,33,國泰-台南,2024-11-14,8884
4167,松瑞藥,35,3,32,國泰-台南,2024-11-14,8884
0050,元大台灣50,55,23,32,國泰-台南,2024-11-14,8884
3013,晟銘電,115,84,31,國泰-台南,2024-11-14,8884
3339,泰谷,54,24,30,國泰-台南,2024-11-14,8884
9945,潤泰新,30,2,28,國泰-台南,2024-11-14,8884
00918,大華優利高填息30,32,5,27,國泰-台南,2024-11-14,8884
00922,國泰台灣領袖50,28,2,26,國泰-台南,2024-11-14,8884
2467,志聖,24,0,24,國泰-台南,2024-11-14,8884
3189,景碩,38,14,24,國泰-台南,2024-11-14,8884
00795B,中信美國公債20年,24,0,24,國泰-台南,2024-11-14,8884
00878,國泰永續高股息,967,11,956,國泰-台南,2024-11-15,8884
2344,華邦電,916,19,897,國泰-台南,2024-11-15,8884
00937B,群益ESG投等債20,438,51,387,國泰-台南,2024-11-15,8884
00715L,期街口布蘭特正2,213,15,198,國泰-台南,2024-11-15,8884
00688L,國泰20年美債正2,165,32,133,國泰-台南,2024-11-15,8884
2317,鴻海,208,101,107,國泰-台南,2024-11-15,8884
2929,淘帝-KY,92,9,83,國泰-台南,2024-11-15,8884
2382,廣達,182,102,80,國泰-台南,2024-11-15,8884
00665L,富邦�琤肭磪囓�2,83,15,68,國泰-台南,2024-11-15,8884
00933B,國泰10Y+金融債,62,4,58,國泰-台南,2024-11-15,8884
00639,富邦深100,55,0,55,國泰-台南,2024-11-15,8884
3706,神達,530,475,55,國泰-台南,2024-11-15,8884
00712,復華富時不動產,56,4,52,國泰-台南,2024-11-15,8884
00929,復華台灣科技優息,111,66,45,國泰-台南,2024-11-15,8884
00891,中信關鍵半導體,47,2,45,國泰-台南,2024-11-15,8884
00932,兆豐永續高息等權,41,0,41,國泰-台南,2024-11-15,8884
1532,勤美,40,0,40,國泰-台南,2024-11-15,8884
00713,元大台灣高息低波,36,4,32,國泰-台南,2024-11-15,8884
1340,勝悅-KY,34,2,32,國泰-台南,2024-11-15,8884
2324,仁寶,49,20,29,國泰-台南,2024-11-15,8884
8027,鈦昇,27,1,26,國泰-台南,2024-11-15,8884
2851,中再保,27,1,26,國泰-台南,2024-11-15,8884
00964,中信亞太高股息,25,0,25,國泰-台南,2024-11-15,8884
5276,達輝-KY,23,0,23,國泰-台南,2024-11-15,8884
00943,兆豐電子高息等權,22,0,22,國泰-台南,2024-11-15,8884
2630,亞航,21,0,21,國泰-台南,2024-11-15,8884
2548,華固,20,0,20,國泰-台南,2024-11-15,8884
00930,永豐ESG低碳高息,18,0,18,國泰-台南,2024-11-15,8884
0056,元大高股息,53,35,18,國泰-台南,2024-11-15,8884
2392,正崴,76,59,17,國泰-台南,2024-11-15,8884
00887,永豐中國科技50大,40,23,17,國泰-台南,2024-11-15,8884
3339,泰谷,19,2,17,國泰-台南,2024-11-15,8884
3625,西勝,22,7,15,國泰-台南,2024-11-15,8884
6171,大城地產,15,0,15,國泰-台南,2024-11-15,8884
2330,台積電,17,2,15,國泰-台南,2024-11-15,8884
2405,輔信,15,1,14,國泰-台南,2024-11-15,8884
1815,富喬,24,10,14,國泰-台南,2024-11-15,8884
2524,京城,18,4,14,國泰-台南,2024-11-15,8884
00830,國泰費城半導體,14,0,14,國泰-台南,2024-11-15,8884
8104,錸寶,27,13,14,國泰-台南,2024-11-15,8884
2010,春源,13,0,13,國泰-台南,2024-11-15,8884
6197,佳必琪,13,0,13,國泰-台南,2024-11-15,8884
00941,中信上游半導體,14,2,12,國泰-台南,2024-11-15,8884
6695,芯鼎,12,0,12,國泰-台南,2024-11-15,8884
3450,聯鈞,28,16,12,國泰-台南,2024-11-15,8884
2027,大成鋼,11,0,11,國泰-台南,2024-11-15,8884
3037,欣興,41,31,10,國泰-台南,2024-11-15,8884
5488,松普,12,2,10,國泰-台南,2024-11-15,8884
2328,廣宇,16,6,10,國泰-台南,2024-11-15,8884
3520,華盈,12,2,10,國泰-台南,2024-11-15,8884
2344,華邦電,1110,19,1091,國泰-台南,2024-11-18,8884
00632R,元大台灣50反1,888,55,833,國泰-台南,2024-11-18,8884
00878,國泰永續高股息,1008,324,684,國泰-台南,2024-11-18,8884
00688L,國泰20年美債正2,644,71,573,國泰-台南,2024-11-18,8884
0056,元大高股息,236,14,222,國泰-台南,2024-11-18,8884
00715L,期街口布蘭特正2,321,104,217,國泰-台南,2024-11-18,8884
00929,復華台灣科技優息,346,197,149,國泰-台南,2024-11-18,8884
9105,泰金寶-DR,250,122,128,國泰-台南,2024-11-18,8884
006208,富邦台50,115,7,108,國泰-台南,2024-11-18,8884
00937B,群益ESG投等債20,235,135,100,國泰-台南,2024-11-18,8884
00948B,中信優息投資級債,99,4,95,國泰-台南,2024-11-18,8884
3231,緯創,122,35,87,國泰-台南,2024-11-18,8884
2312,金寶,290,208,82,國泰-台南,2024-11-18,8884
3706,神達,399,325,74,國泰-台南,2024-11-18,8884
00713,元大台灣高息低波,84,14,70,國泰-台南,2024-11-18,8884
2317,鴻海,95,28,67,國泰-台南,2024-11-18,8884
00637L,元大滬深300正2,103,44,59,國泰-台南,2024-11-18,8884
00731,復華富時高息低波,57,0,57,國泰-台南,2024-11-18,8884
00919,群益台灣精選高息,96,41,55,國泰-台南,2024-11-18,8884
0050,元大台灣50,52,1,51,國泰-台南,2024-11-18,8884
00679B,元大美債20年,83,35,48,國泰-台南,2024-11-18,8884
2646,星宇航空,62,14,48,國泰-台南,2024-11-18,8884
2405,輔信,50,3,47,國泰-台南,2024-11-18,8884
3088,艾訊,63,18,45,國泰-台南,2024-11-18,8884
2354,鴻準,217,179,38,國泰-台南,2024-11-18,8884
1785,光洋科,59,23,36,國泰-台南,2024-11-18,8884
6202,盛群,36,2,34,國泰-台南,2024-11-18,8884
3062,建漢,50,18,32,國泰-台南,2024-11-18,8884
00943,兆豐電子高息等權,31,0,31,國泰-台南,2024-11-18,8884
00646,元大S＆P500,30,0,30,國泰-台南,2024-11-18,8884
00957B,兆豐US優選投等債,30,0,30,國泰-台南,2024-11-18,8884
00922,國泰台灣領袖50,31,3,28,國泰-台南,2024-11-18,8884
00932,兆豐永續高息等權,28,0,28,國泰-台南,2024-11-18,8884
1307,三芳,30,3,27,國泰-台南,2024-11-18,8884
3663,鑫科,29,2,27,國泰-台南,2024-11-18,8884
6457,紘康,26,2,24,國泰-台南,2024-11-18,8884
00905,FT臺灣Smart,24,0,24,國泰-台南,2024-11-18,8884
3050,鈺德,264,241,23,國泰-台南,2024-11-18,8884
2382,廣達,98,75,23,國泰-台南,2024-11-18,8884
2881,富邦金,26,5,21,國泰-台南,2024-11-18,8884
00918,大華優利高填息30,24,3,21,國泰-台南,2024-11-18,8884
00933B,國泰10Y+金融債,32,11,21,國泰-台南,2024-11-18,8884
2330,台積電,25,4,21,國泰-台南,2024-11-18,8884
00642U,期元大S＆P石油,20,0,20,國泰-台南,2024-11-18,8884
4915,致伸,20,0,20,國泰-台南,2024-11-18,8884
2380,虹光,25,5,20,國泰-台南,2024-11-18,8884
00959B,大華投等美債15Y+,20,0,20,國泰-台南,2024-11-18,8884
00946,群益科技高息成長,21,2,19,國泰-台南,2024-11-18,8884
00891,中信關鍵半導體,25,7,18,國泰-台南,2024-11-18,8884
00930,永豐ESG低碳高息,28,10,18,國泰-台南,2024-11-18,8884
00937B,群益ESG投等債20,429,53,376,國泰-台南,2024-11-19,8884
00713,元大台灣高息低波,129,46,83,國泰-台南,2024-11-19,8884
00878,國泰永續高股息,182,103,79,國泰-台南,2024-11-19,8884
00753L,中信中國50正2,87,12,75,國泰-台南,2024-11-19,8884
00637L,元大滬深300正2,76,4,72,國泰-台南,2024-11-19,8884
00915,凱基優選高股息30,125,62,63,國泰-台南,2024-11-19,8884
2506,太設,55,0,55,國泰-台南,2024-11-19,8884
00725B,國泰投資級公司債,50,0,50,國泰-台南,2024-11-19,8884
00948B,中信優息投資級債,49,7,42,國泰-台南,2024-11-19,8884
00887,永豐中國科技50大,42,1,41,國泰-台南,2024-11-19,8884
8249,菱光,48,8,40,國泰-台南,2024-11-19,8884
9105,泰金寶-DR,386,346,40,國泰-台南,2024-11-19,8884
5309,系統電,63,27,36,國泰-台南,2024-11-19,8884
006208,富邦台50,37,3,34,國泰-台南,2024-11-19,8884
00932,兆豐永續高息等權,38,4,34,國泰-台南,2024-11-19,8884
2332,友訊,67,35,32,國泰-台南,2024-11-19,8884
00665L,富邦�琤肭磪囓�2,48,17,31,國泰-台南,2024-11-19,8884
4979,華星光,39,10,29,國泰-台南,2024-11-19,8884
5347,世界,28,2,26,國泰-台南,2024-11-19,8884
2380,虹光,26,2,24,國泰-台南,2024-11-19,8884
00930,永豐ESG低碳高息,23,0,23,國泰-台南,2024-11-19,8884
2457,飛宏,25,3,22,國泰-台南,2024-11-19,8884
2382,廣達,98,78,20,國泰-台南,2024-11-19,8884
006207,復華滬深,20,0,20,國泰-台南,2024-11-19,8884
2891,中信金,48,28,20,國泰-台南,2024-11-19,8884
2027,大成鋼,60,41,19,國泰-台南,2024-11-19,8884
3231,緯創,93,74,19,國泰-台南,2024-11-19,8884
6182,合晶,23,4,19,國泰-台南,2024-11-19,8884
3230,錦明,22,5,17,國泰-台南,2024-11-19,8884
2374,佳能,18,1,17,國泰-台南,2024-11-19,8884
2354,鴻準,190,173,17,國泰-台南,2024-11-19,8884
2349,錸德,232,216,16,國泰-台南,2024-11-19,8884
00943,兆豐電子高息等權,16,0,16,國泰-台南,2024-11-19,8884
00639,富邦深100,15,0,15,國泰-台南,2024-11-19,8884
2405,輔信,15,1,14,國泰-台南,2024-11-19,8884
8070,長華*,17,3,14,國泰-台南,2024-11-19,8884
4123,晟德,15,1,14,國泰-台南,2024-11-19,8884
1301,台塑,22,8,14,國泰-台南,2024-11-19,8884
3050,鈺德,23,10,13,國泰-台南,2024-11-19,8884
3605,宏致,14,1,13,國泰-台南,2024-11-19,8884
00631L,元大台灣50正2,19,6,13,國泰-台南,2024-11-19,8884
6530,創威,16,4,12,國泰-台南,2024-11-19,8884
1216,統一,17,6,11,國泰-台南,2024-11-19,8884
2303,聯電,24,13,11,國泰-台南,2024-11-19,8884
2609,陽明,158,147,11,國泰-台南,2024-11-19,8884
0056,元大高股息,48,37,11,國泰-台南,2024-11-19,8884
6505,台塑化,13,2,11,國泰-台南,2024-11-19,8884
00830,國泰費城半導體,25,14,11,國泰-台南,2024-11-19,8884
3033,威健,12,2,10,國泰-台南,2024-11-19,8884
8415,大國鋼,10,0,10,國泰-台南,2024-11-19,8884
00937B,群益ESG投等債20,277,23,254,國泰-台南,2024-11-20,8884
00878,國泰永續高股息,265,45,220,國泰-台南,2024-11-20,8884
00929,復華台灣科技優息,265,70,195,國泰-台南,2024-11-20,8884
2354,鴻準,303,162,141,國泰-台南,2024-11-20,8884
006208,富邦台50,113,5,108,國泰-台南,2024-11-20,8884
0056,元大高股息,102,14,88,國泰-台南,2024-11-20,8884
3706,神達,510,434,76,國泰-台南,2024-11-20,8884
6770,力積電,112,50,62,國泰-台南,2024-11-20,8884
00687B,國泰20年美債,113,57,56,國泰-台南,2024-11-20,8884
2303,聯電,62,6,56,國泰-台南,2024-11-20,8884
3447,展達,70,24,46,國泰-台南,2024-11-20,8884
2646,星宇航空,48,5,43,國泰-台南,2024-11-20,8884
2413,環科,87,46,41,國泰-台南,2024-11-20,8884
00713,元大台灣高息低波,43,2,41,國泰-台南,2024-11-20,8884
4167,松瑞藥,40,0,40,國泰-台南,2024-11-20,8884
2330,台積電,43,3,40,國泰-台南,2024-11-20,8884
00919,群益台灣精選高息,84,45,39,國泰-台南,2024-11-20,8884
1307,三芳,45,7,38,國泰-台南,2024-11-20,8884
6505,台塑化,50,13,37,國泰-台南,2024-11-20,8884
2380,虹光,42,6,36,國泰-台南,2024-11-20,8884
3663,鑫科,38,3,35,國泰-台南,2024-11-20,8884
00670L,富邦NASDAQ正2,35,2,33,國泰-台南,2024-11-20,8884
3189,景碩,40,7,33,國泰-台南,2024-11-20,8884
00631L,元大台灣50正2,34,4,30,國泰-台南,2024-11-20,8884
3209,全科,35,5,30,國泰-台南,2024-11-20,8884
00943,兆豐電子高息等權,49,20,29,國泰-台南,2024-11-20,8884
2845,遠東銀,30,1,29,國泰-台南,2024-11-20,8884
8044,網家,38,10,28,國泰-台南,2024-11-20,8884
6405,悅城,29,2,27,國泰-台南,2024-11-20,8884
00680L,元大美債20正2,30,5,25,國泰-台南,2024-11-20,8884
1326,台化,23,0,23,國泰-台南,2024-11-20,8884
00751B,元大AAA至A公司債,22,0,22,國泰-台南,2024-11-20,8884
00725B,國泰投資級公司債,23,1,22,國泰-台南,2024-11-20,8884
2885,元大金,32,11,21,國泰-台南,2024-11-20,8884
00948B,中信優息投資級債,21,0,21,國泰-台南,2024-11-20,8884
2882,國泰金,23,3,20,國泰-台南,2024-11-20,8884
6443,元晶,21,1,20,國泰-台南,2024-11-20,8884
00664R,國泰臺灣加權反1,20,0,20,國泰-台南,2024-11-20,8884
0050,元大台灣50,24,5,19,國泰-台南,2024-11-20,8884
2603,長榮,119,100,19,國泰-台南,2024-11-20,8884
1617,榮星,18,0,18,國泰-台南,2024-11-20,8884
00959B,大華投等美債15Y+,28,10,18,國泰-台南,2024-11-20,8884
2392,正崴,56,39,17,國泰-台南,2024-11-20,8884
2890,永豐金,18,1,17,國泰-台南,2024-11-20,8884
2324,仁寶,31,15,16,國泰-台南,2024-11-20,8884
2317,鴻海,38,22,16,國泰-台南,2024-11-20,8884
00888,永豐台灣ESG,15,0,15,國泰-台南,2024-11-20,8884
3594,磐儀,31,16,15,國泰-台南,2024-11-20,8884
2201,裕隆,15,1,14,國泰-台南,2024-11-20,8884
00885,富邦越南,15,3,12,國泰-台南,2024-11-20,8884
00632R,元大台灣50反1,732,120,612,國泰-台南,2024-11-21,8884
00878,國泰永續高股息,239,49,190,國泰-台南,2024-11-21,8884
0056,元大高股息,124,8,116,國泰-台南,2024-11-21,8884
00918,大華優利高填息30,99,1,98,國泰-台南,2024-11-21,8884
00688L,國泰20年美債正2,111,20,91,國泰-台南,2024-11-21,8884
2204,中華,184,108,76,國泰-台南,2024-11-21,8884
006208,富邦台50,77,1,76,國泰-台南,2024-11-21,8884
00881,國泰台灣5G+,71,0,71,國泰-台南,2024-11-21,8884
2615,萬海,220,151,69,國泰-台南,2024-11-21,8884
2303,聯電,77,8,69,國泰-台南,2024-11-21,8884
2419,仲琦,144,79,65,國泰-台南,2024-11-21,8884
00922,國泰台灣領袖50,57,1,56,國泰-台南,2024-11-21,8884
00909,國泰數位支付服務,62,7,55,國泰-台南,2024-11-21,8884
2317,鴻海,67,16,51,國泰-台南,2024-11-21,8884
00919,群益台灣精選高息,80,32,48,國泰-台南,2024-11-21,8884
3663,鑫科,42,2,40,國泰-台南,2024-11-21,8884
8038,長園科,39,0,39,國泰-台南,2024-11-21,8884
2881,富邦金,39,1,38,國泰-台南,2024-11-21,8884
00713,元大台灣高息低波,46,9,37,國泰-台南,2024-11-21,8884
1442,名軒,37,1,36,國泰-台南,2024-11-21,8884
00641R,富邦日本反1,33,0,33,國泰-台南,2024-11-21,8884
00915,凱基優選高股息30,36,3,33,國泰-台南,2024-11-21,8884
00665L,富邦�琤肭磪囓�2,70,40,30,國泰-台南,2024-11-21,8884
2349,錸德,403,376,27,國泰-台南,2024-11-21,8884
2890,永豐金,27,1,26,國泰-台南,2024-11-21,8884
2344,華邦電,26,1,25,國泰-台南,2024-11-21,8884
6282,康舒,106,82,24,國泰-台南,2024-11-21,8884
00948B,中信優息投資級債,23,0,23,國泰-台南,2024-11-21,8884
00830,國泰費城半導體,24,1,23,國泰-台南,2024-11-21,8884
0050,元大台灣50,29,6,23,國泰-台南,2024-11-21,8884
1569,濱川,103,81,22,國泰-台南,2024-11-21,8884
2330,台積電,29,6,23,國泰-台南,2024-11-21,8884
00930,永豐ESG低碳高息,24,1,23,國泰-台南,2024-11-21,8884
00941,中信上游半導體,27,6,21,國泰-台南,2024-11-21,8884
2882,國泰金,23,2,21,國泰-台南,2024-11-21,8884
00637L,元大滬深300正2,38,20,18,國泰-台南,2024-11-21,8884
3015,全漢,35,17,18,國泰-台南,2024-11-21,8884
00692,富邦公司治理,19,2,17,國泰-台南,2024-11-21,8884
2027,大成鋼,48,31,17,國泰-台南,2024-11-21,8884
8044,網家,27,10,17,國泰-台南,2024-11-21,8884
4729,熒茂,21,4,17,國泰-台南,2024-11-21,8884
2887,台新金,21,5,16,國泰-台南,2024-11-21,8884
2313,華通,26,10,16,國泰-台南,2024-11-21,8884
00751B,元大AAA至A公司債,16,0,16,國泰-台南,2024-11-21,8884
00963,中信全球高股息,16,0,16,國泰-台南,2024-11-21,8884
3711,日月光投控,24,9,15,國泰-台南,2024-11-21,8884
6241,易通展,14,0,14,國泰-台南,2024-11-21,8884
2380,虹光,15,1,14,國泰-台南,2024-11-21,8884
1605,華新,20,7,13,國泰-台南,2024-11-21,8884
2476,鉅祥,16,3,13,國泰-台南,2024-11-21,8884
00937B,群益ESG投等債20,462,23,439,國泰-台南,2024-11-22,8884
00959B,大華投等美債15Y+,404,1,403,國泰-台南,2024-11-22,8884
9105,泰金寶-DR,923,745,178,國泰-台南,2024-11-22,8884
00753L,中信中國50正2,191,60,131,國泰-台南,2024-11-22,8884
00632R,元大台灣50反1,151,23,128,國泰-台南,2024-11-22,8884
00664R,國泰臺灣加權反1,110,0,110,國泰-台南,2024-11-22,8884
2515,中工,122,18,104,國泰-台南,2024-11-22,8884
3706,神達,596,495,101,國泰-台南,2024-11-22,8884
2867,三商壽,134,42,92,國泰-台南,2024-11-22,8884
0056,元大高股息,121,39,82,國泰-台南,2024-11-22,8884
00878,國泰永續高股息,192,113,79,國泰-台南,2024-11-22,8884
2609,陽明,242,170,72,國泰-台南,2024-11-22,8884
2356,英業達,150,80,70,國泰-台南,2024-11-22,8884
00915,凱基優選高股息30,57,5,52,國泰-台南,2024-11-22,8884
3499,環天科,50,2,48,國泰-台南,2024-11-22,8884
2317,鴻海,68,21,47,國泰-台南,2024-11-22,8884
00637L,元大滬深300正2,234,188,46,國泰-台南,2024-11-22,8884
2303,聯電,60,15,45,國泰-台南,2024-11-22,8884
5309,系統電,148,107,41,國泰-台南,2024-11-22,8884
00950B,凱基A級公司債,41,0,41,國泰-台南,2024-11-22,8884
2493,揚博,40,2,38,國泰-台南,2024-11-22,8884
2891,中信金,63,30,33,國泰-台南,2024-11-22,8884
5469,瀚宇博,31,0,31,國泰-台南,2024-11-22,8884
00713,元大台灣高息低波,32,3,29,國泰-台南,2024-11-22,8884
6770,力積電,90,61,29,國泰-台南,2024-11-22,8884
006208,富邦台50,32,5,27,國泰-台南,2024-11-22,8884
00948B,中信優息投資級債,27,1,26,國泰-台南,2024-11-22,8884
00919,群益台灣精選高息,91,67,24,國泰-台南,2024-11-22,8884
3511,矽瑪,37,14,23,國泰-台南,2024-11-22,8884
2615,萬海,93,72,21,國泰-台南,2024-11-22,8884
00673R,期元大S＆P原油反1,21,0,21,國泰-台南,2024-11-22,8884
2486,一詮,80,62,18,國泰-台南,2024-11-22,8884
2883,凱基金,20,2,18,國泰-台南,2024-11-22,8884
3576,聯合再生,17,0,17,國泰-台南,2024-11-22,8884
00922,國泰台灣領袖50,18,1,17,國泰-台南,2024-11-22,8884
3030,德律,20,3,17,國泰-台南,2024-11-22,8884
2101,南港,17,0,17,國泰-台南,2024-11-22,8884
1326,台化,18,1,17,國泰-台南,2024-11-22,8884
6505,台塑化,25,8,17,國泰-台南,2024-11-22,8884
1519,華城,35,19,16,國泰-台南,2024-11-22,8884
00751B,元大AAA至A公司債,16,0,16,國泰-台南,2024-11-22,8884
6005,群益證,27,11,16,國泰-台南,2024-11-22,8884
6288,聯嘉,35,19,16,國泰-台南,2024-11-22,8884
8163,達方,37,22,15,國泰-台南,2024-11-22,8884
5243,乙盛-KY,40,25,15,國泰-台南,2024-11-22,8884
2408,南亞科,15,0,15,國泰-台南,2024-11-22,8884
6658,聯策,15,0,15,國泰-台南,2024-11-22,8884
3284,太普高,31,16,15,國泰-台南,2024-11-22,8884
2363,矽統,17,3,14,國泰-台南,2024-11-22,8884
00924,復華S＆P500成長,13,0,13,國泰-台南,2024-11-22,8884
2344,華邦電,2024,24,2000,國泰-台南,2024-11-25,8884
1586,和勤,500,5,495,國泰-台南,2024-11-25,8884
2312,金寶,742,499,243,國泰-台南,2024-11-25,8884
00919,群益台灣精選高息,262,45,217,國泰-台南,2024-11-25,8884
00950B,凱基A級公司債,155,0,155,國泰-台南,2024-11-25,8884
00937B,群益ESG投等債20,326,214,112,國泰-台南,2024-11-25,8884
2618,長榮航,161,52,109,國泰-台南,2024-11-25,8884
00665L,富邦�琤肭磪囓�2,107,0,107,國泰-台南,2024-11-25,8884
00679B,元大美債20年,188,82,106,國泰-台南,2024-11-25,8884
3339,泰谷,155,51,104,國泰-台南,2024-11-25,8884
2888,新光金,113,21,92,國泰-台南,2024-11-25,8884
00673R,期元大S＆P原油反1,76,0,76,國泰-台南,2024-11-25,8884
00887,永豐中國科技50大,76,10,66,國泰-台南,2024-11-25,8884
00664R,國泰臺灣加權反1,50,0,50,國泰-台南,2024-11-25,8884
2371,大同,110,68,42,國泰-台南,2024-11-25,8884
00637L,元大滬深300正2,97,60,37,國泰-台南,2024-11-25,8884
00901,永豐智能車供應鏈,33,0,33,國泰-台南,2024-11-25,8884
0056,元大高股息,48,15,33,國泰-台南,2024-11-25,8884
2449,京元電子,48,17,31,國泰-台南,2024-11-25,8884
912000,晨訊科-DR,30,0,30,國泰-台南,2024-11-25,8884
4927,泰鼎-KY,30,0,30,國泰-台南,2024-11-25,8884
00706L,期元大S＆P日圓正2,30,0,30,國泰-台南,2024-11-25,8884
1307,三芳,30,1,29,國泰-台南,2024-11-25,8884
2882,國泰金,45,17,28,國泰-台南,2024-11-25,8884
00958B,永豐ESG銀行債15,26,0,26,國泰-台南,2024-11-25,8884
2330,台積電,27,2,25,國泰-台南,2024-11-25,8884
2603,長榮,137,112,25,國泰-台南,2024-11-25,8884
2885,元大金,28,4,24,國泰-台南,2024-11-25,8884
00907,永豐優息存股,24,0,24,國泰-台南,2024-11-25,8884
2501,國建,24,1,23,國泰-台南,2024-11-25,8884
2891,中信金,43,21,22,國泰-台南,2024-11-25,8884
2488,漢平,21,1,20,國泰-台南,2024-11-25,8884
2498,宏達電,68,48,20,國泰-台南,2024-11-25,8884
00929,復華台灣科技優息,83,63,20,國泰-台南,2024-11-25,8884
00930,永豐ESG低碳高息,22,3,19,國泰-台南,2024-11-25,8884
6005,群益證,19,1,18,國泰-台南,2024-11-25,8884
00882,中信中國高股息,18,0,18,國泰-台南,2024-11-25,8884
3090,日電貿,23,6,17,國泰-台南,2024-11-25,8884
2880,華南金,18,1,17,國泰-台南,2024-11-25,8884
006207,復華滬深,16,0,16,國泰-台南,2024-11-25,8884
00927,群益半導體收益,18,2,16,國泰-台南,2024-11-25,8884
00953B,群益優選非投等債,16,1,15,國泰-台南,2024-11-25,8884
1524,耿鼎,28,13,15,國泰-台南,2024-11-25,8884
00932,兆豐永續高息等權,21,7,14,國泰-台南,2024-11-25,8884
5243,乙盛-KY,64,51,13,國泰-台南,2024-11-25,8884
00915,凱基優選高股息30,18,6,12,國泰-台南,2024-11-25,8884
5426,振發,44,32,12,國泰-台南,2024-11-25,8884
1466,聚隆,11,0,11,國泰-台南,2024-11-25,8884
6546,正基,29,18,11,國泰-台南,2024-11-25,8884
00713,元大台灣高息低波,17,7,10,國泰-台南,2024-11-25,8884
00632R,元大台灣50反1,1888,115,1773,國泰-台南,2024-11-26,8884
00878,國泰永續高股息,343,11,332,國泰-台南,2024-11-26,8884
00945B,凱基美國非投等債,223,0,223,國泰-台南,2024-11-26,8884
2317,鴻海,254,111,143,國泰-台南,2024-11-26,8884
00950B,凱基A級公司債,135,0,135,國泰-台南,2024-11-26,8884
0056,元大高股息,138,10,128,國泰-台南,2024-11-26,8884
2515,中工,128,0,128,國泰-台南,2024-11-26,8884
2312,金寶,675,554,121,國泰-台南,2024-11-26,8884
00646,元大S＆P500,88,2,86,國泰-台南,2024-11-26,8884
00715L,期街口布蘭特正2,110,38,72,國泰-台南,2024-11-26,8884
5309,系統電,178,110,68,國泰-台南,2024-11-26,8884
006208,富邦台50,75,10,65,國泰-台南,2024-11-26,8884
2344,華邦電,68,5,63,國泰-台南,2024-11-26,8884
00881,國泰台灣5G+,62,2,60,國泰-台南,2024-11-26,8884
3339,泰谷,57,0,57,國泰-台南,2024-11-26,8884
2371,大同,81,36,45,國泰-台南,2024-11-26,8884
00713,元大台灣高息低波,39,1,38,國泰-台南,2024-11-26,8884
00915,凱基優選高股息30,38,0,38,國泰-台南,2024-11-26,8884
3231,緯創,73,35,38,國泰-台南,2024-11-26,8884
2367,燿華,51,15,36,國泰-台南,2024-11-26,8884
00669R,國泰美國道瓊反1,32,0,32,國泰-台南,2024-11-26,8884
00706L,期元大S＆P日圓正2,60,30,30,國泰-台南,2024-11-26,8884
00919,群益台灣精選高息,61,31,30,國泰-台南,2024-11-26,8884
1432,大魯閣,31,2,29,國泰-台南,2024-11-26,8884
2426,鼎元,57,29,28,國泰-台南,2024-11-26,8884
2330,台積電,27,2,25,國泰-台南,2024-11-26,8884
1802,台玻,40,15,25,國泰-台南,2024-11-26,8884
1611,中電,24,1,23,國泰-台南,2024-11-26,8884
6962,ITH-KY,33,10,23,國泰-台南,2024-11-26,8884
2324,仁寶,44,23,21,國泰-台南,2024-11-26,8884
00891,中信關鍵半導體,23,6,17,國泰-台南,2024-11-26,8884
2610,華航,77,60,17,國泰-台南,2024-11-26,8884
0050,元大台灣50,18,2,16,國泰-台南,2024-11-26,8884
1326,台化,27,11,16,國泰-台南,2024-11-26,8884
3323,加百裕,168,152,16,國泰-台南,2024-11-26,8884
00923,群益台ESG低碳50,16,1,15,國泰-台南,2024-11-26,8884
6558,興能高,41,26,15,國泰-台南,2024-11-26,8884
4916,事欣科,24,10,14,國泰-台南,2024-11-26,8884
00965,元大航太防衛科技,14,0,14,國泰-台南,2024-11-26,8884
2801,彰銀,18,5,13,國泰-台南,2024-11-26,8884
2881,富邦金,16,3,13,國泰-台南,2024-11-26,8884
2332,友訊,14,1,13,國泰-台南,2024-11-26,8884
8028,昇陽半導體,18,5,13,國泰-台南,2024-11-26,8884
00680L,元大美債20正2,74,62,12,國泰-台南,2024-11-26,8884
00960,野村全球航運龍頭,12,0,12,國泰-台南,2024-11-26,8884
2884,玉山金,14,1,13,國泰-台南,2024-11-26,8884
3447,展達,25,13,12,國泰-台南,2024-11-26,8884
3605,宏致,12,0,12,國泰-台南,2024-11-26,8884
00953B,群益優選非投等債,12,0,12,國泰-台南,2024-11-26,8884
00895,富邦未來車,12,0,12,國泰-台南,2024-11-26,8884
00878,國泰永續高股息,703,18,685,國泰-台南,2024-11-27,8884
00919,群益台灣精選高息,540,34,506,國泰-台南,2024-11-27,8884
0056,元大高股息,477,4,473,國泰-台南,2024-11-27,8884
6770,力積電,304,38,266,國泰-台南,2024-11-27,8884
00918,大華優利高填息30,246,42,204,國泰-台南,2024-11-27,8884
3231,緯創,233,46,187,國泰-台南,2024-11-27,8884
00924,復華S＆P500成長,135,0,135,國泰-台南,2024-11-27,8884
00932,兆豐永續高息等權,130,0,130,國泰-台南,2024-11-27,8884
2303,聯電,139,18,121,國泰-台南,2024-11-27,8884
9105,泰金寶-DR,765,648,117,國泰-台南,2024-11-27,8884
00922,國泰台灣領袖50,119,8,111,國泰-台南,2024-11-27,8884
00948B,中信優息投資級債,160,53,107,國泰-台南,2024-11-27,8884
00881,國泰台灣5G+,102,2,100,國泰-台南,2024-11-27,8884
00929,復華台灣科技優息,271,178,93,國泰-台南,2024-11-27,8884
006208,富邦台50,88,2,86,國泰-台南,2024-11-27,8884
2409,友達,78,1,77,國泰-台南,2024-11-27,8884
00930,永豐ESG低碳高息,77,0,77,國泰-台南,2024-11-27,8884
1307,三芳,74,0,74,國泰-台南,2024-11-27,8884
00943,兆豐電子高息等權,73,0,73,國泰-台南,2024-11-27,8884
2317,鴻海,172,99,73,國泰-台南,2024-11-27,8884
2883,凱基金,115,45,70,國泰-台南,2024-11-27,8884
2356,英業達,113,48,65,國泰-台南,2024-11-27,8884
3706,神達,393,331,62,國泰-台南,2024-11-27,8884
00688L,國泰20年美債正2,63,10,53,國泰-台南,2024-11-27,8884
2330,台積電,59,7,52,國泰-台南,2024-11-27,8884
00946,群益科技高息成長,53,1,52,國泰-台南,2024-11-27,8884
2609,陽明,179,130,49,國泰-台南,2024-11-27,8884
00927,群益半導體收益,46,0,46,國泰-台南,2024-11-27,8884
0050,元大台灣50,52,9,43,國泰-台南,2024-11-27,8884
2603,長榮,331,289,42,國泰-台南,2024-11-27,8884
3323,加百裕,164,124,40,國泰-台南,2024-11-27,8884
9902,台火,40,0,40,國泰-台南,2024-11-27,8884
00940,元大台灣價值高息,176,136,40,國泰-台南,2024-11-27,8884
8044,網家,54,15,39,國泰-台南,2024-11-27,8884
00950B,凱基A級公司債,37,2,35,國泰-台南,2024-11-27,8884
00712,復華富時不動產,48,16,32,國泰-台南,2024-11-27,8884
00923,群益台ESG低碳50,32,0,32,國泰-台南,2024-11-27,8884
00915,凱基優選高股息30,74,42,32,國泰-台南,2024-11-27,8884
00905,FT臺灣Smart,39,7,32,國泰-台南,2024-11-27,8884
00675L,富邦臺灣加權正2,31,0,31,國泰-台南,2024-11-27,8884
00715L,期街口布蘭特正2,30,0,30,國泰-台南,2024-11-27,8884
2204,中華,66,37,29,國泰-台南,2024-11-27,8884
3189,景碩,45,16,29,國泰-台南,2024-11-27,8884
6505,台塑化,30,2,28,國泰-台南,2024-11-27,8884
2834,臺企銀,30,2,28,國泰-台南,2024-11-27,8884
1326,台化,27,0,27,國泰-台南,2024-11-27,8884
2002,中鋼,40,13,27,國泰-台南,2024-11-27,8884
2354,鴻準,139,113,26,國泰-台南,2024-11-27,8884
3712,永崴投控,31,5,26,國泰-台南,2024-11-27,8884
2332,友訊,64,38,26,國泰-台南,2024-11-27,8884
00878,國泰永續高股息,641,62,579,國泰-台南,2024-11-28,8884
2312,金寶,679,184,495,國泰-台南,2024-11-28,8884
0056,元大高股息,297,6,291,國泰-台南,2024-11-28,8884
00919,群益台灣精選高息,503,242,261,國泰-台南,2024-11-28,8884
00929,復華台灣科技優息,317,96,221,國泰-台南,2024-11-28,8884
1605,華新,141,4,137,國泰-台南,2024-11-28,8884
00950B,凱基A級公司債,82,0,82,國泰-台南,2024-11-28,8884
6770,力積電,148,67,81,國泰-台南,2024-11-28,8884
00940,元大台灣價值高息,178,99,79,國泰-台南,2024-11-28,8884
00850,元大臺灣ESG永續,79,0,79,國泰-台南,2024-11-28,8884
00753L,中信中國50正2,112,41,71,國泰-台南,2024-11-28,8884
2349,錸德,66,2,64,國泰-台南,2024-11-28,8884
2605,新興,61,0,61,國泰-台南,2024-11-28,8884
00915,凱基優選高股息30,83,24,59,國泰-台南,2024-11-28,8884
2337,旺宏,61,4,57,國泰-台南,2024-11-28,8884
3591,艾笛森,61,9,52,國泰-台南,2024-11-28,8884
00664R,國泰臺灣加權反1,50,0,50,國泰-台南,2024-11-28,8884
00713,元大台灣高息低波,66,17,49,國泰-台南,2024-11-28,8884
2371,大同,51,2,49,國泰-台南,2024-11-28,8884
4510,高鋒,284,235,49,國泰-台南,2024-11-28,8884
2303,聯電,80,32,48,國泰-台南,2024-11-28,8884
00715L,期街口布蘭特正2,62,19,43,國泰-台南,2024-11-28,8884
00943,兆豐電子高息等權,36,0,36,國泰-台南,2024-11-28,8884
00922,國泰台灣領袖50,43,7,36,國泰-台南,2024-11-28,8884
2419,仲琦,49,13,36,國泰-台南,2024-11-28,8884
006208,富邦台50,50,15,35,國泰-台南,2024-11-28,8884
5608,四維航,32,0,32,國泰-台南,2024-11-28,8884
00959B,大華投等美債15Y+,29,0,29,國泰-台南,2024-11-28,8884
00930,永豐ESG低碳高息,29,0,29,國泰-台南,2024-11-28,8884
00881,國泰台灣5G+,47,19,28,國泰-台南,2024-11-28,8884
00631L,元大台灣50正2,30,2,28,國泰-台南,2024-11-28,8884
1340,勝悅-KY,27,1,26,國泰-台南,2024-11-28,8884
00946,群益科技高息成長,34,8,26,國泰-台南,2024-11-28,8884
2204,中華,54,28,26,國泰-台南,2024-11-28,8884
00932,兆豐永續高息等權,26,1,25,國泰-台南,2024-11-28,8884
2883B,凱基金乙特,25,0,25,國泰-台南,2024-11-28,8884
8429,金麗-KY,24,0,24,國泰-台南,2024-11-28,8884
4127,天良,26,4,22,國泰-台南,2024-11-28,8884
00924,復華S＆P500成長,22,0,22,國泰-台南,2024-11-28,8884
4743,合一,25,3,22,國泰-台南,2024-11-28,8884
2515,中工,23,2,21,國泰-台南,2024-11-28,8884
00918,大華優利高填息30,96,75,21,國泰-台南,2024-11-28,8884
6288,聯嘉,21,1,20,國泰-台南,2024-11-28,8884
2884,玉山金,22,2,20,國泰-台南,2024-11-28,8884
2495,普安,26,8,18,國泰-台南,2024-11-28,8884
00921,兆豐龍頭等權重,17,0,17,國泰-台南,2024-11-28,8884
5871,中租-KY,18,1,17,國泰-台南,2024-11-28,8884
5309,系統電,124,108,16,國泰-台南,2024-11-28,8884
2106,建大,16,0,16,國泰-台南,2024-11-28,8884
3450,聯鈞,82,67,15,國泰-台南,2024-11-28,8884
2888,新光金,320,2,318,國泰-台南,2024-11-29,8884
00878,國泰永續高股息,206,43,163,國泰-台南,2024-11-29,8884
00937B,群益ESG投等債20,240,135,105,國泰-台南,2024-11-29,8884
1301,台塑,121,17,104,國泰-台南,2024-11-29,8884
00945B,凱基美國非投等債,70,0,70,國泰-台南,2024-11-29,8884
00953B,群益優選非投等債,67,5,62,國泰-台南,2024-11-29,8884
3339,泰谷,94,34,60,國泰-台南,2024-11-29,8884
00712,復華富時不動產,126,72,54,國泰-台南,2024-11-29,8884
0056,元大高股息,81,29,52,國泰-台南,2024-11-29,8884
2891,中信金,70,20,50,國泰-台南,2024-11-29,8884
00881,國泰台灣5G+,68,21,47,國泰-台南,2024-11-29,8884
2002,中鋼,43,0,43,國泰-台南,2024-11-29,8884
9105,泰金寶-DR,365,322,43,國泰-台南,2024-11-29,8884
00915,凱基優選高股息30,48,10,38,國泰-台南,2024-11-29,8884
006208,富邦台50,44,7,37,國泰-台南,2024-11-29,8884
3043,科風,38,4,34,國泰-台南,2024-11-29,8884
6770,力積電,34,2,32,國泰-台南,2024-11-29,8884
00713,元大台灣高息低波,37,5,32,國泰-台南,2024-11-29,8884
1303,南亞,31,1,30,國泰-台南,2024-11-29,8884
3024,憶聲,30,1,29,國泰-台南,2024-11-29,8884
6505,台塑化,32,7,25,國泰-台南,2024-11-29,8884
2337,旺宏,26,1,25,國泰-台南,2024-11-29,8884
3706,神達,648,623,25,國泰-台南,2024-11-29,8884
1326,台化,29,6,23,國泰-台南,2024-11-29,8884
2887,台新金,21,0,21,國泰-台南,2024-11-29,8884
2317,鴻海,60,39,21,國泰-台南,2024-11-29,8884
2834,臺企銀,21,0,21,國泰-台南,2024-11-29,8884
4716,大立,21,1,20,國泰-台南,2024-11-29,8884
5244,弘凱,42,22,20,國泰-台南,2024-11-29,8884
00919,群益台灣精選高息,123,103,20,國泰-台南,2024-11-29,8884
2330,台積電,23,3,20,國泰-台南,2024-11-29,8884
00934,中信成長高股息,20,1,19,國泰-台南,2024-11-29,8884
00673R,期元大S＆P原油反1,20,1,19,國泰-台南,2024-11-29,8884
2615,萬海,35,17,18,國泰-台南,2024-11-29,8884
00929,復華台灣科技優息,73,55,18,國泰-台南,2024-11-29,8884
00959B,大華投等美債15Y+,17,0,17,國泰-台南,2024-11-29,8884
0050,元大台灣50,18,1,17,國泰-台南,2024-11-29,8884
00922,國泰台灣領袖50,22,6,16,國泰-台南,2024-11-29,8884
4927,泰鼎-KY,24,8,16,國泰-台南,2024-11-29,8884
2408,南亞科,19,4,15,國泰-台南,2024-11-29,8884
3056,富華新,15,0,15,國泰-台南,2024-11-29,8884
6530,創威,32,17,15,國泰-台南,2024-11-29,8884
2881,富邦金,21,6,15,國泰-台南,2024-11-29,8884
5880,合庫金,22,7,15,國泰-台南,2024-11-29,8884
2312,金寶,207,193,14,國泰-台南,2024-11-29,8884
2886,兆豐金,13,0,13,國泰-台南,2024-11-29,8884
00933B,國泰10Y+金融債,12,0,12,國泰-台南,2024-11-29,8884
2801,彰銀,11,0,11,國泰-台南,2024-11-29,8884
2633,台灣高鐵,12,2,10,國泰-台南,2024-11-29,8884
00944,野村趨勢動能高息,10,0,10,國泰-台南,2024-11-29,8884
00632R,元大台灣50反1,312,2,310,國泰-台南,2024-12-02,8884
00715L,期街口布蘭特正2,354,73,281,國泰-台南,2024-12-02,8884
00918,大華優利高填息30,238,32,206,國泰-台南,2024-12-02,8884
1605,華新,163,28,135,國泰-台南,2024-12-02,8884
00665L,富邦�琤肭磪囓�2,193,110,83,國泰-台南,2024-12-02,8884
1303,南亞,87,5,82,國泰-台南,2024-12-02,8884
9105,泰金寶-DR,468,398,70,國泰-台南,2024-12-02,8884
3339,泰谷,65,2,63,國泰-台南,2024-12-02,8884
3520,華盈,60,0,60,國泰-台南,2024-12-02,8884
00878,國泰永續高股息,123,70,53,國泰-台南,2024-12-02,8884
00950B,凱基A級公司債,58,5,53,國泰-台南,2024-12-02,8884
6770,力積電,51,0,51,國泰-台南,2024-12-02,8884
3323,加百裕,336,291,45,國泰-台南,2024-12-02,8884
00650L,復華香港正2,42,0,42,國泰-台南,2024-12-02,8884
2317,鴻海,60,19,41,國泰-台南,2024-12-02,8884
6282,康舒,61,23,38,國泰-台南,2024-12-02,8884
00673R,期元大S＆P原油反1,50,20,30,國泰-台南,2024-12-02,8884
3706,神達,321,292,29,國泰-台南,2024-12-02,8884
1536,和大,99,71,28,國泰-台南,2024-12-02,8884
1326,台化,30,2,28,國泰-台南,2024-12-02,8884
2337,旺宏,26,0,26,國泰-台南,2024-12-02,8884
0056,元大高股息,63,37,26,國泰-台南,2024-12-02,8884
5371,中光電,56,31,25,國泰-台南,2024-12-02,8884
00712,復華富時不動產,25,1,24,國泰-台南,2024-12-02,8884
2312,金寶,175,151,24,國泰-台南,2024-12-02,8884
00905,FT臺灣Smart,37,14,23,國泰-台南,2024-12-02,8884
00965,元大航太防衛科技,23,0,23,國泰-台南,2024-12-02,8884
2633,台灣高鐵,25,3,22,國泰-台南,2024-12-02,8884
2887,台新金,36,14,22,國泰-台南,2024-12-02,8884
5328,華容,61,39,22,國泰-台南,2024-12-02,8884
1815,富喬,269,248,21,國泰-台南,2024-12-02,8884
1307,三芳,21,0,21,國泰-台南,2024-12-02,8884
2354,鴻準,49,29,20,國泰-台南,2024-12-02,8884
5364,力麗店,20,0,20,國泰-台南,2024-12-02,8884
2867,三商壽,20,1,19,國泰-台南,2024-12-02,8884
00939,統一台灣高息動能,30,11,19,國泰-台南,2024-12-02,8884
4991,環宇-KY,33,14,19,國泰-台南,2024-12-02,8884
3040,遠見,20,2,18,國泰-台南,2024-12-02,8884
2006,東和鋼鐵,17,0,17,國泰-台南,2024-12-02,8884
00751B,元大AAA至A公司債,24,7,17,國泰-台南,2024-12-02,8884
2363,矽統,19,2,17,國泰-台南,2024-12-02,8884
3043,科風,17,1,16,國泰-台南,2024-12-02,8884
00642U,期元大S＆P石油,16,0,16,國泰-台南,2024-12-02,8884
00706L,期元大S＆P日圓正2,25,9,16,國泰-台南,2024-12-02,8884
2375,凱美,31,15,16,國泰-台南,2024-12-02,8884
2834,臺企銀,17,1,16,國泰-台南,2024-12-02,8884
00752,中信中國50,15,0,15,國泰-台南,2024-12-02,8884
2495,普安,24,9,15,國泰-台南,2024-12-02,8884
6505,台塑化,15,1,14,國泰-台南,2024-12-02,8884
2883B,凱基金乙特,15,1,14,國泰-台南,2024-12-02,8884
00919,群益台灣精選高息,566,140,426,國泰-台南,2024-12-03,8884
00878,國泰永續高股息,327,80,247,國泰-台南,2024-12-03,8884
00918,大華優利高填息30,220,13,207,國泰-台南,2024-12-03,8884
00953B,群益優選非投等債,157,5,152,國泰-台南,2024-12-03,8884
00915,凱基優選高股息30,111,9,102,國泰-台南,2024-12-03,8884
0056,元大高股息,114,15,99,國泰-台南,2024-12-03,8884
1326,台化,170,74,96,國泰-台南,2024-12-03,8884
5880,合庫金,96,6,90,國泰-台南,2024-12-03,8884
00715L,期街口布蘭特正2,170,90,80,國泰-台南,2024-12-03,8884
9904,寶成,113,36,77,國泰-台南,2024-12-03,8884
1815,富喬,151,94,57,國泰-台南,2024-12-03,8884
2317,鴻海,91,37,54,國泰-台南,2024-12-03,8884
6488,環球晶,39,2,37,國泰-台南,2024-12-03,8884
00935,野村臺灣新科技50,50,13,37,國泰-台南,2024-12-03,8884
2464,盟立,39,6,33,國泰-台南,2024-12-03,8884
00751B,元大AAA至A公司債,48,16,32,國泰-台南,2024-12-03,8884
6558,興能高,80,48,32,國泰-台南,2024-12-03,8884
2646,星宇航空,53,21,32,國泰-台南,2024-12-03,8884
00639,富邦深100,28,0,28,國泰-台南,2024-12-03,8884
6470,宇智,28,0,28,國泰-台南,2024-12-03,8884
8028,昇陽半導體,47,22,25,國泰-台南,2024-12-03,8884
00665L,富邦�琤肭磪囓�2,110,86,24,國泰-台南,2024-12-03,8884
00706L,期元大S＆P日圓正2,22,0,22,國泰-台南,2024-12-03,8884
00713,元大台灣高息低波,27,6,21,國泰-台南,2024-12-03,8884
2303,聯電,83,61,22,國泰-台南,2024-12-03,8884
2211,長榮鋼,21,0,21,國泰-台南,2024-12-03,8884
2641,正德,21,0,21,國泰-台南,2024-12-03,8884
2006,東和鋼鐵,20,0,20,國泰-台南,2024-12-03,8884
3625,西勝,19,0,19,國泰-台南,2024-12-03,8884
2312,金寶,71,53,18,國泰-台南,2024-12-03,8884
4906,正文,23,5,18,國泰-台南,2024-12-03,8884
3380,明泰,16,0,16,國泰-台南,2024-12-03,8884
1605,華新,19,3,16,國泰-台南,2024-12-03,8884
3230,錦明,18,2,16,國泰-台南,2024-12-03,8884
3234,光環,26,11,15,國泰-台南,2024-12-03,8884
3511,矽瑪,51,37,14,國泰-台南,2024-12-03,8884
4960,誠美材,14,0,14,國泰-台南,2024-12-03,8884
00656R,國泰中國A50反1,14,0,14,國泰-台南,2024-12-03,8884
00648R,元大S＆P500反1,13,0,13,國泰-台南,2024-12-03,8884
3338,泰碩,23,10,13,國泰-台南,2024-12-03,8884
3702,大聯大,14,1,13,國泰-台南,2024-12-03,8884
2444,兆勁,16,4,12,國泰-台南,2024-12-03,8884
8042,金山電,69,57,12,國泰-台南,2024-12-03,8884
4714,永捷,31,19,12,國泰-台南,2024-12-03,8884
4977,眾達-KY,55,43,12,國泰-台南,2024-12-03,8884
6695,芯鼎,39,28,11,國泰-台南,2024-12-03,8884
00922,國泰台灣領袖50,16,5,11,國泰-台南,2024-12-03,8884
00753L,中信中國50正2,22,12,10,國泰-台南,2024-12-03,8884
3591,艾笛森,14,4,10,國泰-台南,2024-12-03,8884
2329,華泰,16,6,10,國泰-台南,2024-12-03,8884
1326,台化,756,2,754,國泰-台南,2024-12-04,8884
00712,復華富時不動產,596,273,323,國泰-台南,2024-12-04,8884
00918,大華優利高填息30,220,2,218,國泰-台南,2024-12-04,8884
2413,環科,138,9,129,國泰-台南,2024-12-04,8884
00937B,群益ESG投等債20,163,48,115,國泰-台南,2024-12-04,8884
2618,長榮航,183,71,112,國泰-台南,2024-12-04,8884
00673R,期元大S＆P原油反1,105,0,105,國泰-台南,2024-12-04,8884
3024,憶聲,89,1,88,國泰-台南,2024-12-04,8884
9904,寶成,98,18,80,國泰-台南,2024-12-04,8884
9105,泰金寶-DR,184,108,76,國泰-台南,2024-12-04,8884
3706,神達,419,348,71,國泰-台南,2024-12-04,8884
00959B,大華投等美債15Y+,68,1,67,國泰-台南,2024-12-04,8884
00915,凱基優選高股息30,75,8,67,國泰-台南,2024-12-04,8884
4303,信立,119,61,58,國泰-台南,2024-12-04,8884
00953B,群益優選非投等債,59,2,57,國泰-台南,2024-12-04,8884
3694,海華,116,61,55,國泰-台南,2024-12-04,8884
3591,艾笛森,80,26,54,國泰-台南,2024-12-04,8884
00679B,元大美債20年,95,42,53,國泰-台南,2024-12-04,8884
00942B,台新美A公司債20+,50,3,47,國泰-台南,2024-12-04,8884
5864,致和證,49,3,46,國泰-台南,2024-12-04,8884
1307,三芳,41,1,40,國泰-台南,2024-12-04,8884
00713,元大台灣高息低波,46,7,39,國泰-台南,2024-12-04,8884
00751B,元大AAA至A公司債,50,16,34,國泰-台南,2024-12-04,8884
2891,中信金,73,43,30,國泰-台南,2024-12-04,8884
8374,羅昇,34,5,29,國泰-台南,2024-12-04,8884
5608,四維航,27,0,27,國泰-台南,2024-12-04,8884
2312,金寶,90,65,25,國泰-台南,2024-12-04,8884
3339,泰谷,49,25,24,國泰-台南,2024-12-04,8884
00670L,富邦NASDAQ正2,25,1,24,國泰-台南,2024-12-04,8884
2489,瑞軒,25,3,22,國泰-台南,2024-12-04,8884
00882,中信中國高股息,31,11,20,國泰-台南,2024-12-04,8884
00650L,復華香港正2,20,0,20,國泰-台南,2024-12-04,8884
2347,聯強,21,2,19,國泰-台南,2024-12-04,8884
2887,台新金,23,5,18,國泰-台南,2024-12-04,8884
2317,鴻海,53,36,17,國泰-台南,2024-12-04,8884
6505,台塑化,18,0,18,國泰-台南,2024-12-04,8884
5328,華容,53,36,17,國泰-台南,2024-12-04,8884
00687B,國泰20年美債,120,103,17,國泰-台南,2024-12-04,8884
5481,新華,18,2,16,國泰-台南,2024-12-04,8884
8111,立��,77,61,16,國泰-台南,2024-12-04,8884
00900,富邦特選高股息30,19,5,14,國泰-台南,2024-12-04,8884
8040,九暘,15,1,14,國泰-台南,2024-12-04,8884
2382,廣達,18,5,13,國泰-台南,2024-12-04,8884
00637L,元大滬深300正2,73,60,13,國泰-台南,2024-12-04,8884
2812,台中銀,13,0,13,國泰-台南,2024-12-04,8884
4979,華星光,80,68,12,國泰-台南,2024-12-04,8884
2838,聯邦銀,12,0,12,國泰-台南,2024-12-04,8884
3090,日電貿,30,18,12,國泰-台南,2024-12-04,8884
00895,富邦未來車,12,0,12,國泰-台南,2024-12-04,8884
1449,佳和,26,14,12,國泰-台南,2024-12-04,8884
00715L,期街口布蘭特正2,516,22,494,國泰-台南,2024-12-05,8884
00953B,群益優選非投等債,289,5,284,國泰-台南,2024-12-05,8884
00665L,富邦�琤肭磪囓�2,219,0,219,國泰-台南,2024-12-05,8884
1815,富喬,501,305,196,國泰-台南,2024-12-05,8884
2303,聯電,135,31,104,國泰-台南,2024-12-05,8884
1326,台化,98,0,98,國泰-台南,2024-12-05,8884
5864,致和證,83,0,83,國泰-台南,2024-12-05,8884
00918,大華優利高填息30,95,24,71,國泰-台南,2024-12-05,8884
3078,僑威,64,9,55,國泰-台南,2024-12-05,8884
00725B,國泰投資級公司債,55,1,54,國泰-台南,2024-12-05,8884
4931,新盛力,144,91,53,國泰-台南,2024-12-05,8884
00909,國泰數位支付服務,72,24,48,國泰-台南,2024-12-05,8884
3450,聯鈞,96,49,47,國泰-台南,2024-12-05,8884
1303,南亞,46,0,46,國泰-台南,2024-12-05,8884
5225,東科-KY,48,2,46,國泰-台南,2024-12-05,8884
00753L,中信中國50正2,87,48,39,國泰-台南,2024-12-05,8884
2312,金寶,87,49,38,國泰-台南,2024-12-05,8884
4908,前鼎,87,51,36,國泰-台南,2024-12-05,8884
00945B,凱基美國非投等債,46,11,35,國泰-台南,2024-12-05,8884
8070,長華*,56,26,30,國泰-台南,2024-12-05,8884
2317,鴻海,57,27,30,國泰-台南,2024-12-05,8884
3211,順達,67,40,27,國泰-台南,2024-12-05,8884
2467,志聖,29,2,27,國泰-台南,2024-12-05,8884
3694,海華,27,0,27,國泰-台南,2024-12-05,8884
2204,中華,66,39,27,國泰-台南,2024-12-05,8884
00915,凱基優選高股息30,33,7,26,國泰-台南,2024-12-05,8884
6426,統新,31,5,26,國泰-台南,2024-12-05,8884
2375,凱美,56,31,25,國泰-台南,2024-12-05,8884
00919,群益台灣精選高息,103,79,24,國泰-台南,2024-12-05,8884
00905,FT臺灣Smart,61,37,24,國泰-台南,2024-12-05,8884
2392,正崴,55,32,23,國泰-台南,2024-12-05,8884
3037,欣興,41,18,23,國泰-台南,2024-12-05,8884
00712,復華富時不動產,26,5,21,國泰-台南,2024-12-05,8884
6505,台塑化,20,0,20,國泰-台南,2024-12-05,8884
2929,淘帝-KY,27,8,19,國泰-台南,2024-12-05,8884
2002,中鋼,19,0,19,國泰-台南,2024-12-05,8884
4743,合一,20,2,18,國泰-台南,2024-12-05,8884
2493,揚博,18,0,18,國泰-台南,2024-12-05,8884
1447,力鵬,23,7,16,國泰-台南,2024-12-05,8884
6770,力積電,16,0,16,國泰-台南,2024-12-05,8884
3003,健和興,33,17,16,國泰-台南,2024-12-05,8884
8110,華東,16,0,16,國泰-台南,2024-12-05,8884
3323,加百裕,181,165,16,國泰-台南,2024-12-05,8884
00907,永豐優息存股,19,4,15,國泰-台南,2024-12-05,8884
3712,永崴投控,27,12,15,國泰-台南,2024-12-05,8884
3090,日電貿,86,71,15,國泰-台南,2024-12-05,8884
6127,九豪,72,57,15,國泰-台南,2024-12-05,8884
00687B,國泰20年美債,64,50,14,國泰-台南,2024-12-05,8884
00795B,中信美國公債20年,22,8,14,國泰-台南,2024-12-05,8884
2535,達欣工,14,0,14,國泰-台南,2024-12-05,8884
2646,星宇航空,116,6,110,國泰-台南,2024-12-06,8884
00664R,國泰臺灣加權反1,101,0,101,國泰-台南,2024-12-06,8884
5309,系統電,124,27,97,國泰-台南,2024-12-06,8884
2618,長榮航,115,19,96,國泰-台南,2024-12-06,8884
3706,神達,527,433,94,國泰-台南,2024-12-06,8884
2354,鴻準,550,457,93,國泰-台南,2024-12-06,8884
00953B,群益優選非投等債,88,0,88,國泰-台南,2024-12-06,8884
00919,群益台灣精選高息,237,153,84,國泰-台南,2024-12-06,8884
00962,台新AI優息動能,73,0,73,國泰-台南,2024-12-06,8884
9904,寶成,73,2,71,國泰-台南,2024-12-06,8884
00715L,期街口布蘭特正2,131,70,61,國泰-台南,2024-12-06,8884
1449,佳和,70,9,61,國泰-台南,2024-12-06,8884
00712,復華富時不動產,60,3,57,國泰-台南,2024-12-06,8884
2867,三商壽,54,0,54,國泰-台南,2024-12-06,8884
3711,日月光投控,56,5,51,國泰-台南,2024-12-06,8884
3481,群創,113,64,49,國泰-台南,2024-12-06,8884
00915,凱基優選高股息30,42,1,41,國泰-台南,2024-12-06,8884
3339,泰谷,62,25,37,國泰-台南,2024-12-06,8884
00918,大華優利高填息30,49,14,35,國泰-台南,2024-12-06,8884
2882,國泰金,36,3,33,國泰-台南,2024-12-06,8884
5905,南仁湖,33,0,33,國泰-台南,2024-12-06,8884
6589,台康生技,33,0,33,國泰-台南,2024-12-06,8884
3591,艾笛森,46,15,31,國泰-台南,2024-12-06,8884
1605,華新,69,42,27,國泰-台南,2024-12-06,8884
00713,元大台灣高息低波,28,3,25,國泰-台南,2024-12-06,8884
1464,得力,28,4,24,國泰-台南,2024-12-06,8884
00959B,大華投等美債15Y+,63,40,23,國泰-台南,2024-12-06,8884
6550,北極星藥業-KY,22,0,22,國泰-台南,2024-12-06,8884
00670L,富邦NASDAQ正2,22,1,21,國泰-台南,2024-12-06,8884
00687B,國泰20年美債,189,168,21,國泰-台南,2024-12-06,8884
00926,凱基全球菁英55,20,0,20,國泰-台南,2024-12-06,8884
6558,興能高,265,245,20,國泰-台南,2024-12-06,8884
6548,長科*,20,0,20,國泰-台南,2024-12-06,8884
00907,永豐優息存股,19,0,19,國泰-台南,2024-12-06,8884
1326,台化,26,7,19,國泰-台南,2024-12-06,8884
6187,萬潤,24,7,17,國泰-台南,2024-12-06,8884
1440,南紡,17,0,17,國泰-台南,2024-12-06,8884
00637L,元大滬深300正2,110,93,17,國泰-台南,2024-12-06,8884
00922,國泰台灣領袖50,19,2,17,國泰-台南,2024-12-06,8884
00932,兆豐永續高息等權,16,0,16,國泰-台南,2024-12-06,8884
4952,凌通,19,3,16,國泰-台南,2024-12-06,8884
2419,仲琦,60,44,16,國泰-台南,2024-12-06,8884
5328,華容,23,7,16,國泰-台南,2024-12-06,8884
2002,中鋼,15,1,14,國泰-台南,2024-12-06,8884
2852,第一保,13,0,13,國泰-台南,2024-12-06,8884
8069,元太,15,2,13,國泰-台南,2024-12-06,8884
1785,光洋科,75,62,13,國泰-台南,2024-12-06,8884
1460,宏遠,12,0,12,國泰-台南,2024-12-06,8884
2486,一詮,18,6,12,國泰-台南,2024-12-06,8884
2348,海悅,13,1,12,國泰-台南,2024-12-06,8884
00715L,期街口布蘭特正2,524,10,514,國泰-台南,2024-12-09,8884
00948B,中信優息投資級債,152,7,145,國泰-台南,2024-12-09,8884
00923,群益台ESG低碳50,109,2,107,國泰-台南,2024-12-09,8884
2317,鴻海,106,10,96,國泰-台南,2024-12-09,8884
9904,寶成,118,23,95,國泰-台南,2024-12-09,8884
00918,大華優利高填息30,201,106,95,國泰-台南,2024-12-09,8884
2867,三商壽,102,15,87,國泰-台南,2024-12-09,8884
00962,台新AI優息動能,67,1,66,國泰-台南,2024-12-09,8884
00751B,元大AAA至A公司債,69,14,55,國泰-台南,2024-12-09,8884
00915,凱基優選高股息30,62,13,49,國泰-台南,2024-12-09,8884
6462,神盾,57,8,49,國泰-台南,2024-12-09,8884
00953B,群益優選非投等債,51,3,48,國泰-台南,2024-12-09,8884
00882,中信中國高股息,46,1,45,國泰-台南,2024-12-09,8884
2354,鴻準,209,165,44,國泰-台南,2024-12-09,8884
2615,萬海,254,214,40,國泰-台南,2024-12-09,8884
2324,仁寶,197,158,39,國泰-台南,2024-12-09,8884
2834,臺企銀,38,1,37,國泰-台南,2024-12-09,8884
00937B,群益ESG投等債20,118,83,35,國泰-台南,2024-12-09,8884
1721,三晃,43,9,34,國泰-台南,2024-12-09,8884
00926,凱基全球菁英55,33,0,33,國泰-台南,2024-12-09,8884
2399,映泰,178,146,32,國泰-台南,2024-12-09,8884
3234,光環,40,11,29,國泰-台南,2024-12-09,8884
00725B,國泰投資級公司債,41,13,28,國泰-台南,2024-12-09,8884
3363,上詮,27,0,27,國泰-台南,2024-12-09,8884
0056,元大高股息,53,28,25,國泰-台南,2024-12-09,8884
2488,漢平,25,0,25,國泰-台南,2024-12-09,8884
3047,訊舟,23,0,23,國泰-台南,2024-12-09,8884
2365,昆盈,23,0,23,國泰-台南,2024-12-09,8884
6550,北極星藥業-KY,23,0,23,國泰-台南,2024-12-09,8884
2002,中鋼,31,8,23,國泰-台南,2024-12-09,8884
2618,長榮航,117,95,22,國泰-台南,2024-12-09,8884
00965,元大航太防衛科技,22,0,22,國泰-台南,2024-12-09,8884
2436,偉詮電,56,36,20,國泰-台南,2024-12-09,8884
2392,正崴,34,14,20,國泰-台南,2024-12-09,8884
00665L,富邦�琤肭磪囓�2,65,46,19,國泰-台南,2024-12-09,8884
1442,名軒,19,0,19,國泰-台南,2024-12-09,8884
6470,宇智,19,0,19,國泰-台南,2024-12-09,8884
00642U,期元大S＆P石油,18,0,18,國泰-台南,2024-12-09,8884
3062,建漢,18,0,18,國泰-台南,2024-12-09,8884
6548,長科*,19,2,17,國泰-台南,2024-12-09,8884
00650L,復華香港正2,17,0,17,國泰-台南,2024-12-09,8884
4931,新盛力,32,16,16,國泰-台南,2024-12-09,8884
3029,零壹,137,121,16,國泰-台南,2024-12-09,8884
2337,旺宏,24,8,16,國泰-台南,2024-12-09,8884
00713,元大台灣高息低波,23,7,16,國泰-台南,2024-12-09,8884
3025,星通,22,7,15,國泰-台南,2024-12-09,8884
1440,南紡,15,0,15,國泰-台南,2024-12-09,8884
3715,定穎投控,38,23,15,國泰-台南,2024-12-09,8884
00905,FT臺灣Smart,25,10,15,國泰-台南,2024-12-09,8884
5439,高技,15,1,14,國泰-台南,2024-12-09,8884
9105,泰金寶-DR,466,151,315,國泰-台南,2024-12-10,8884
00715L,期街口布蘭特正2,207,15,192,國泰-台南,2024-12-10,8884
00688L,國泰20年美債正2,167,7,160,國泰-台南,2024-12-10,8884
2618,長榮航,218,63,155,國泰-台南,2024-12-10,8884
00918,大華優利高填息30,155,0,155,國泰-台南,2024-12-10,8884
1815,富喬,221,101,120,國泰-台南,2024-12-10,8884
00948B,中信優息投資級債,104,4,100,國泰-台南,2024-12-10,8884
00919,群益台灣精選高息,226,136,90,國泰-台南,2024-12-10,8884
2884,玉山金,82,3,79,國泰-台南,2024-12-10,8884
2609,陽明,248,169,79,國泰-台南,2024-12-10,8884
2838,聯邦銀,70,0,70,國泰-台南,2024-12-10,8884
2317,鴻海,80,20,60,國泰-台南,2024-12-10,8884
8111,立��,102,46,56,國泰-台南,2024-12-10,8884
00915,凱基優選高股息30,55,9,46,國泰-台南,2024-12-10,8884
3019,亞光,71,27,44,國泰-台南,2024-12-10,8884
1303,南亞,50,5,45,國泰-台南,2024-12-10,8884
2419,仲琦,42,2,40,國泰-台南,2024-12-10,8884
5426,振發,50,10,40,國泰-台南,2024-12-10,8884
00962,台新AI優息動能,38,0,38,國泰-台南,2024-12-10,8884
1605,華新,49,13,36,國泰-台南,2024-12-10,8884
6462,神盾,47,12,35,國泰-台南,2024-12-10,8884
8054,安國,115,81,34,國泰-台南,2024-12-10,8884
2449,京元電子,38,6,32,國泰-台南,2024-12-10,8884
1449,佳和,57,26,31,國泰-台南,2024-12-10,8884
5309,系統電,36,6,30,國泰-台南,2024-12-10,8884
6257,矽格,31,2,29,國泰-台南,2024-12-10,8884
00965,元大航太防衛科技,30,3,27,國泰-台南,2024-12-10,8884
4303,信立,32,6,26,國泰-台南,2024-12-10,8884
0061,元大寶滬深,24,0,24,國泰-台南,2024-12-10,8884
1314,中石化,30,7,23,國泰-台南,2024-12-10,8884
3605,宏致,22,0,22,國泰-台南,2024-12-10,8884
2615,萬海,72,51,21,國泰-台南,2024-12-10,8884
00670L,富邦NASDAQ正2,21,0,21,國泰-台南,2024-12-10,8884
00700,富邦�琤肭磪�,20,0,20,國泰-台南,2024-12-10,8884
00637L,元大滬深300正2,205,185,20,國泰-台南,2024-12-10,8884
2353,宏��,37,17,20,國泰-台南,2024-12-10,8884
3450,聯鈞,30,11,19,國泰-台南,2024-12-10,8884
2882,國泰金,20,2,18,國泰-台南,2024-12-10,8884
00909,國泰數位支付服務,20,2,18,國泰-台南,2024-12-10,8884
5608,四維航,19,1,18,國泰-台南,2024-12-10,8884
1785,光洋科,79,62,17,國泰-台南,2024-12-10,8884
00922,國泰台灣領袖50,17,1,16,國泰-台南,2024-12-10,8884
3234,光環,25,10,15,國泰-台南,2024-12-10,8884
00887,永豐中國科技50大,123,108,15,國泰-台南,2024-12-10,8884
6550,北極星藥業-KY,14,0,14,國泰-台南,2024-12-10,8884
2401,凌陽,15,1,14,國泰-台南,2024-12-10,8884
3090,日電貿,14,0,14,國泰-台南,2024-12-10,8884
5438,東友,16,3,13,國泰-台南,2024-12-10,8884
1319,東陽,14,2,12,國泰-台南,2024-12-10,8884
4991,環宇-KY,15,2,13,國泰-台南,2024-12-10,8884
00918,大華優利高填息30,408,4,404,國泰-台南,2024-12-11,8884
00688L,國泰20年美債正2,117,5,112,國泰-台南,2024-12-11,8884
2610,華航,156,47,109,國泰-台南,2024-12-11,8884
2646,星宇航空,108,2,106,國泰-台南,2024-12-11,8884
2317,鴻海,170,72,98,國泰-台南,2024-12-11,8884
00915,凱基優選高股息30,100,3,97,國泰-台南,2024-12-11,8884
00687B,國泰20年美債,115,19,96,國泰-台南,2024-12-11,8884
0056,元大高股息,118,24,94,國泰-台南,2024-12-11,8884
3339,泰谷,91,0,91,國泰-台南,2024-12-11,8884
2883,凱基金,88,1,87,國泰-台南,2024-12-11,8884
3591,艾笛森,77,1,76,國泰-台南,2024-12-11,8884
4540,全球傳動,103,34,69,國泰-台南,2024-12-11,8884
00934,中信成長高股息,80,15,65,國泰-台南,2024-12-11,8884
00953B,群益優選非投等債,63,0,63,國泰-台南,2024-12-11,8884
2303,聯電,73,12,61,國泰-台南,2024-12-11,8884
6770,力積電,82,28,54,國泰-台南,2024-12-11,8884
6443,元晶,50,1,49,國泰-台南,2024-12-11,8884
00919,群益台灣精選高息,259,210,49,國泰-台南,2024-12-11,8884
2344,華邦電,64,16,48,國泰-台南,2024-12-11,8884
00753L,中信中國50正2,84,40,44,國泰-台南,2024-12-11,8884
00878,國泰永續高股息,153,110,43,國泰-台南,2024-12-11,8884
00680L,元大美債20正2,42,4,38,國泰-台南,2024-12-11,8884
3231,緯創,47,10,37,國泰-台南,2024-12-11,8884
2886,兆豐金,33,0,33,國泰-台南,2024-12-11,8884
2002,中鋼,32,0,32,國泰-台南,2024-12-11,8884
6112,邁達特,32,1,31,國泰-台南,2024-12-11,8884
2382,廣達,46,15,31,國泰-台南,2024-12-11,8884
5364,力麗店,30,0,30,國泰-台南,2024-12-11,8884
2883B,凱基金乙特,30,0,30,國泰-台南,2024-12-11,8884
2515,中工,41,12,29,國泰-台南,2024-12-11,8884
00922,國泰台灣領袖50,29,2,27,國泰-台南,2024-12-11,8884
00830,國泰費城半導體,27,1,26,國泰-台南,2024-12-11,8884
2838,聯邦銀,26,0,26,國泰-台南,2024-12-11,8884
1519,華城,35,9,26,國泰-台南,2024-12-11,8884
6695,芯鼎,58,33,25,國泰-台南,2024-12-11,8884
6220,岳豐,27,2,25,國泰-台南,2024-12-11,8884
00940,元大台灣價值高息,63,38,25,國泰-台南,2024-12-11,8884
4576,大銀微系統,40,16,24,國泰-台南,2024-12-11,8884
00751B,元大AAA至A公司債,24,0,24,國泰-台南,2024-12-11,8884
6558,興能高,67,44,23,國泰-台南,2024-12-11,8884
00713,元大台灣高息低波,29,6,23,國泰-台南,2024-12-11,8884
8110,華東,22,0,22,國泰-台南,2024-12-11,8884
006208,富邦台50,42,21,21,國泰-台南,2024-12-11,8884
2236,百達-KY,21,1,20,國泰-台南,2024-12-11,8884
1303,南亞,22,3,19,國泰-台南,2024-12-11,8884
2609,陽明,229,209,20,國泰-台南,2024-12-11,8884
00887,永豐中國科技50大,20,1,19,國泰-台南,2024-12-11,8884
3034,聯詠,20,1,19,國泰-台南,2024-12-11,8884
3455,由田,22,5,17,國泰-台南,2024-12-11,8884
2006,東和鋼鐵,17,0,17,國泰-台南,2024-12-11,8884
00937B,群益ESG投等債20,310,20,290,國泰-台南,2024-12-12,8884
00919,群益台灣精選高息,331,64,267,國泰-台南,2024-12-12,8884
00688L,國泰20年美債正2,259,10,249,國泰-台南,2024-12-12,8884
00953B,群益優選非投等債,175,0,175,國泰-台南,2024-12-12,8884
00945B,凱基美國非投等債,120,0,120,國泰-台南,2024-12-12,8884
00687B,國泰20年美債,193,84,109,國泰-台南,2024-12-12,8884
1301,台塑,125,19,106,國泰-台南,2024-12-12,8884
00915,凱基優選高股息30,92,0,92,國泰-台南,2024-12-12,8884
2303,聯電,103,12,91,國泰-台南,2024-12-12,8884
00918,大華優利高填息30,91,3,88,國泰-台南,2024-12-12,8884
2515,中工,84,2,82,國泰-台南,2024-12-12,8884
2646,星宇航空,76,5,71,國泰-台南,2024-12-12,8884
00679B,元大美債20年,69,4,65,國泰-台南,2024-12-12,8884
00948B,中信優息投資級債,62,0,62,國泰-台南,2024-12-12,8884
0056,元大高股息,75,19,56,國泰-台南,2024-12-12,8884
00680L,元大美債20正2,59,4,55,國泰-台南,2024-12-12,8884
00712,復華富時不動產,58,3,55,國泰-台南,2024-12-12,8884
2867,三商壽,74,21,53,國泰-台南,2024-12-12,8884
2474,可成,53,0,53,國泰-台南,2024-12-12,8884
00673R,期元大S＆P原油反1,52,0,52,國泰-台南,2024-12-12,8884
2618,長榮航,84,33,51,國泰-台南,2024-12-12,8884
3202,樺晟,50,0,50,國泰-台南,2024-12-12,8884
2886,兆豐金,49,2,47,國泰-台南,2024-12-12,8884
2106,建大,45,1,44,國泰-台南,2024-12-12,8884
8111,立��,74,29,45,國泰-台南,2024-12-12,8884
6770,力積電,54,10,44,國泰-台南,2024-12-12,8884
00924,復華S＆P500成長,42,4,38,國泰-台南,2024-12-12,8884
3231,緯創,50,11,39,國泰-台南,2024-12-12,8884
2002,中鋼,42,4,38,國泰-台南,2024-12-12,8884
2317,鴻海,115,78,37,國泰-台南,2024-12-12,8884
00950B,凱基A級公司債,37,0,37,國泰-台南,2024-12-12,8884
2609,陽明,95,61,34,國泰-台南,2024-12-12,8884
2354,鴻準,69,35,34,國泰-台南,2024-12-12,8884
2371,大同,49,15,34,國泰-台南,2024-12-12,8884
3498,陽程,40,7,33,國泰-台南,2024-12-12,8884
1617,榮星,30,0,30,國泰-台南,2024-12-12,8884
1220,台榮,30,0,30,國泰-台南,2024-12-12,8884
2801,彰銀,34,6,28,國泰-台南,2024-12-12,8884
00772B,中信高評級公司債,28,0,28,國泰-台南,2024-12-12,8884
00725B,國泰投資級公司債,27,0,27,國泰-台南,2024-12-12,8884
2417,圓剛,102,76,26,國泰-台南,2024-12-12,8884
5381,合正,28,3,25,國泰-台南,2024-12-12,8884
2405,輔信,25,0,25,國泰-台南,2024-12-12,8884
9105,泰金寶-DR,670,647,23,國泰-台南,2024-12-12,8884
5392,能率,25,4,21,國泰-台南,2024-12-12,8884
2615,萬海,42,21,21,國泰-台南,2024-12-12,8884
00968B,元大優息投等債,20,0,20,國泰-台南,2024-12-12,8884
5907,大洋-KY,20,0,20,國泰-台南,2024-12-12,8884
0050,元大台灣50,28,9,19,國泰-台南,2024-12-12,8884
3211,順達,33,14,19,國泰-台南,2024-12-12,8884
00919,群益台灣精選高息,321,47,274,國泰-台南,2024-12-13,8884
00918,大華優利高填息30,244,22,222,國泰-台南,2024-12-13,8884
00948B,中信優息投資級債,185,0,185,國泰-台南,2024-12-13,8884
00937B,群益ESG投等債20,201,24,177,國泰-台南,2024-12-13,8884
00959B,大華投等美債15Y+,174,0,174,國泰-台南,2024-12-13,8884
0056,元大高股息,178,14,164,國泰-台南,2024-12-13,8884
00665L,富邦�琤肭磪囓�2,143,0,143,國泰-台南,2024-12-13,8884
2610,華航,164,23,141,國泰-台南,2024-12-13,8884
00878,國泰永續高股息,182,47,135,國泰-台南,2024-12-13,8884
3296,勝德,127,1,126,國泰-台南,2024-12-13,8884
00753L,中信中國50正2,116,0,116,國泰-台南,2024-12-13,8884
00715L,期街口布蘭特正2,135,30,105,國泰-台南,2024-12-13,8884
00687B,國泰20年美債,111,19,92,國泰-台南,2024-12-13,8884
00915,凱基優選高股息30,89,0,89,國泰-台南,2024-12-13,8884
2883,凱基金,88,8,80,國泰-台南,2024-12-13,8884
2106,建大,64,0,64,國泰-台南,2024-12-13,8884
2365,昆盈,84,20,64,國泰-台南,2024-12-13,8884
2344,華邦電,82,21,61,國泰-台南,2024-12-13,8884
00680L,元大美債20正2,60,2,58,國泰-台南,2024-12-13,8884
00953B,群益優選非投等債,62,5,57,國泰-台南,2024-12-13,8884
2324,仁寶,63,12,51,國泰-台南,2024-12-13,8884
3481,群創,70,21,49,國泰-台南,2024-12-13,8884
2618,長榮航,74,27,47,國泰-台南,2024-12-13,8884
2332,友訊,51,10,41,國泰-台南,2024-12-13,8884
2303,聯電,107,67,40,國泰-台南,2024-12-13,8884
2466,冠西電,38,0,38,國泰-台南,2024-12-13,8884
00751B,元大AAA至A公司債,34,0,34,國泰-台南,2024-12-13,8884
2313,華通,78,44,34,國泰-台南,2024-12-13,8884
2374,佳能,66,35,31,國泰-台南,2024-12-13,8884
2353,宏��,33,3,30,國泰-台南,2024-12-13,8884
3024,憶聲,30,1,29,國泰-台南,2024-12-13,8884
2006,東和鋼鐵,27,0,27,國泰-台南,2024-12-13,8884
6215,和椿,133,107,26,國泰-台南,2024-12-13,8884
00940,元大台灣價值高息,71,45,26,國泰-台南,2024-12-13,8884
00673R,期元大S＆P原油反1,25,0,25,國泰-台南,2024-12-13,8884
00909,國泰數位支付服務,25,0,25,國泰-台南,2024-12-13,8884
00958B,永豐ESG銀行債15,24,0,24,國泰-台南,2024-12-13,8884
00679B,元大美債20年,39,15,24,國泰-台南,2024-12-13,8884
00946,群益科技高息成長,31,7,24,國泰-台南,2024-12-13,8884
3557,嘉威,24,0,24,國泰-台南,2024-12-13,8884
2646,星宇航空,32,8,24,國泰-台南,2024-12-13,8884
2371,大同,45,21,24,國泰-台南,2024-12-13,8884
00968B,元大優息投等債,24,0,24,國泰-台南,2024-12-13,8884
1605,華新,25,1,24,國泰-台南,2024-12-13,8884
4979,華星光,71,47,24,國泰-台南,2024-12-13,8884
00713,元大台灣高息低波,41,18,23,國泰-台南,2024-12-13,8884
2615,萬海,134,111,23,國泰-台南,2024-12-13,8884
00633L,富邦上証正2,42,19,23,國泰-台南,2024-12-13,8884
00637L,元大滬深300正2,52,30,22,國泰-台南,2024-12-13,8884
2014,中鴻,30,8,22,國泰-台南,2024-12-13,8884
00948B,中信優息投資級債,388,0,388,國泰-台南,2024-12-16,8884
00687B,國泰20年美債,364,14,350,國泰-台南,2024-12-16,8884
00688L,國泰20年美債正2,264,0,264,國泰-台南,2024-12-16,8884
0056,元大高股息,249,17,232,國泰-台南,2024-12-16,8884
00937B,群益ESG投等債20,272,50,222,國泰-台南,2024-12-16,8884
00919,群益台灣精選高息,320,107,213,國泰-台南,2024-12-16,8884
00632R,元大台灣50反1,194,10,184,國泰-台南,2024-12-16,8884
00915,凱基優選高股息30,164,14,150,國泰-台南,2024-12-16,8884
00725B,國泰投資級公司債,147,1,146,國泰-台南,2024-12-16,8884
00918,大華優利高填息30,236,101,135,國泰-台南,2024-12-16,8884
6885,全福生技,140,7,133,國泰-台南,2024-12-16,8884
1464,得力,111,5,106,國泰-台南,2024-12-16,8884
2609,陽明,164,72,92,國泰-台南,2024-12-16,8884
00665L,富邦�琤肭磪囓�2,94,9,85,國泰-台南,2024-12-16,8884
1220,台榮,80,10,70,國泰-台南,2024-12-16,8884
00673R,期元大S＆P原油反1,60,0,60,國泰-台南,2024-12-16,8884
2633,台灣高鐵,58,0,58,國泰-台南,2024-12-16,8884
2317,鴻海,102,48,54,國泰-台南,2024-12-16,8884
00680L,元大美債20正2,117,62,55,國泰-台南,2024-12-16,8884
00926,凱基全球菁英55,74,20,54,國泰-台南,2024-12-16,8884
00940,元大台灣價值高息,78,28,50,國泰-台南,2024-12-16,8884
1815,富喬,100,53,47,國泰-台南,2024-12-16,8884
6550,北極星藥業-KY,46,0,46,國泰-台南,2024-12-16,8884
00679B,元大美債20年,49,5,44,國泰-台南,2024-12-16,8884
2002,中鋼,47,5,42,國泰-台南,2024-12-16,8884
3231,緯創,73,31,42,國泰-台南,2024-12-16,8884
3339,泰谷,41,0,41,國泰-台南,2024-12-16,8884
2382,廣達,48,11,37,國泰-台南,2024-12-16,8884
2486,一詮,107,71,36,國泰-台南,2024-12-16,8884
2618,長榮航,46,14,32,國泰-台南,2024-12-16,8884
6142,友勁,30,0,30,國泰-台南,2024-12-16,8884
911868,同方友友-DR,30,0,30,國泰-台南,2024-12-16,8884
6217,中探針,26,0,26,國泰-台南,2024-12-16,8884
5481,新華,87,62,25,國泰-台南,2024-12-16,8884
00887,永豐中國科技50大,45,20,25,國泰-台南,2024-12-16,8884
4933,友輝,25,1,24,國泰-台南,2024-12-16,8884
2449,京元電子,36,12,24,國泰-台南,2024-12-16,8884
1414,東和,22,0,22,國泰-台南,2024-12-16,8884
00946,群益科技高息成長,44,22,22,國泰-台南,2024-12-16,8884
1101,台泥,22,0,22,國泰-台南,2024-12-16,8884
2409,友達,21,0,21,國泰-台南,2024-12-16,8884
8171,天宇,23,2,21,國泰-台南,2024-12-16,8884
00968B,元大優息投等債,21,0,21,國泰-台南,2024-12-16,8884
5309,系統電,22,1,21,國泰-台南,2024-12-16,8884
2347,聯強,21,1,20,國泰-台南,2024-12-16,8884
2327,國巨,21,1,20,國泰-台南,2024-12-16,8884
00713,元大台灣高息低波,29,9,20,國泰-台南,2024-12-16,8884
6282,康舒,19,0,19,國泰-台南,2024-12-16,8884
00753L,中信中國50正2,38,20,18,國泰-台南,2024-12-16,8884
00930,永豐ESG低碳高息,19,1,18,國泰-台南,2024-12-16,8884
00937B,群益ESG投等債20,627,0,627,國泰-台南,2024-12-17,8884
00720B,元大投資級公司債,348,0,348,國泰-台南,2024-12-17,8884
00918,大華優利高填息30,223,13,210,國泰-台南,2024-12-17,8884
00915,凱基優選高股息30,209,5,204,國泰-台南,2024-12-17,8884
00687B,國泰20年美債,181,17,164,國泰-台南,2024-12-17,8884
2618,長榮航,243,82,161,國泰-台南,2024-12-17,8884
0056,元大高股息,167,32,135,國泰-台南,2024-12-17,8884
00688L,國泰20年美債正2,126,0,126,國泰-台南,2024-12-17,8884
00751B,元大AAA至A公司債,111,0,111,國泰-台南,2024-12-17,8884
00713,元大台灣高息低波,120,10,110,國泰-台南,2024-12-17,8884
3339,泰谷,63,3,60,國泰-台南,2024-12-17,8884
8249,菱光,133,90,43,國泰-台南,2024-12-17,8884
2887,台新金,46,5,41,國泰-台南,2024-12-17,8884
1340,勝悅-KY,41,0,41,國泰-台南,2024-12-17,8884
4540,全球傳動,61,20,41,國泰-台南,2024-12-17,8884
1301,台塑,42,3,39,國泰-台南,2024-12-17,8884
6885,全福生技,40,2,38,國泰-台南,2024-12-17,8884
00932,兆豐永續高息等權,37,1,36,國泰-台南,2024-12-17,8884
2002,中鋼,37,1,36,國泰-台南,2024-12-17,8884
3481,群創,36,0,36,國泰-台南,2024-12-17,8884
00948B,中信優息投資級債,53,18,35,國泰-台南,2024-12-17,8884
2886,兆豐金,35,0,35,國泰-台南,2024-12-17,8884
00924,復華S＆P500成長,40,6,34,國泰-台南,2024-12-17,8884
2883,凱基金,86,52,34,國泰-台南,2024-12-17,8884
2449,京元電子,69,35,34,國泰-台南,2024-12-17,8884
2006,東和鋼鐵,32,0,32,國泰-台南,2024-12-17,8884
8032,光菱,51,20,31,國泰-台南,2024-12-17,8884
2891,中信金,56,26,30,國泰-台南,2024-12-17,8884
6589,台康生技,35,5,30,國泰-台南,2024-12-17,8884
2344,華邦電,47,17,30,國泰-台南,2024-12-17,8884
6550,北極星藥業-KY,27,0,27,國泰-台南,2024-12-17,8884
9904,寶成,51,25,26,國泰-台南,2024-12-17,8884
1229,聯華,26,0,26,國泰-台南,2024-12-17,8884
00970B,新光BBB投等債20,24,0,24,國泰-台南,2024-12-17,8884
00631L,元大台灣50正2,34,10,24,國泰-台南,2024-12-17,8884
2408,南亞科,57,32,25,國泰-台南,2024-12-17,8884
00665L,富邦�琤肭磪囓�2,33,10,23,國泰-台南,2024-12-17,8884
2834,臺企銀,38,15,23,國泰-台南,2024-12-17,8884
2382,廣達,24,3,21,國泰-台南,2024-12-17,8884
2392,正崴,36,15,21,國泰-台南,2024-12-17,8884
1314,中石化,21,0,21,國泰-台南,2024-12-17,8884
2374,佳能,272,251,21,國泰-台南,2024-12-17,8884
00933B,國泰10Y+金融債,34,14,20,國泰-台南,2024-12-17,8884
00753L,中信中國50正2,28,9,19,國泰-台南,2024-12-17,8884
2890,永豐金,17,0,17,國泰-台南,2024-12-17,8884
5871,中租-KY,25,8,17,國泰-台南,2024-12-17,8884
0050,元大台灣50,33,17,16,國泰-台南,2024-12-17,8884
00680L,元大美債20正2,26,11,15,國泰-台南,2024-12-17,8884
4157,太景*-KY,15,0,15,國泰-台南,2024-12-17,8884
3702,大聯大,15,0,15,國泰-台南,2024-12-17,8884
1314,中石化,288,2,286,國泰-台南,2024-12-18,8884
00918,大華優利高填息30,269,22,247,國泰-台南,2024-12-18,8884
00937B,群益ESG投等債20,241,31,210,國泰-台南,2024-12-18,8884
00751B,元大AAA至A公司債,184,20,164,國泰-台南,2024-12-18,8884
00933B,國泰10Y+金融債,132,13,119,國泰-台南,2024-12-18,8884
00959B,大華投等美債15Y+,116,5,111,國泰-台南,2024-12-18,8884
00643,群益深証中小,103,0,103,國泰-台南,2024-12-18,8884
00950B,凱基A級公司債,103,0,103,國泰-台南,2024-12-18,8884
00639,富邦深100,101,0,101,國泰-台南,2024-12-18,8884
00968B,元大優息投等債,100,0,100,國泰-台南,2024-12-18,8884
00712,復華富時不動產,93,5,88,國泰-台南,2024-12-18,8884
0056,元大高股息,102,40,62,國泰-台南,2024-12-18,8884
6962,ITH-KY,79,17,62,國泰-台南,2024-12-18,8884
00915,凱基優選高股息30,87,28,59,國泰-台南,2024-12-18,8884
00687B,國泰20年美債,108,53,55,國泰-台南,2024-12-18,8884
2883,凱基金,55,3,52,國泰-台南,2024-12-18,8884
9904,寶成,70,22,48,國泰-台南,2024-12-18,8884
2886,兆豐金,48,2,46,國泰-台南,2024-12-18,8884
2891,中信金,129,85,44,國泰-台南,2024-12-18,8884
00713,元大台灣高息低波,43,1,42,國泰-台南,2024-12-18,8884
1785,光洋科,50,9,41,國泰-台南,2024-12-18,8884
2323,中環,38,0,38,國泰-台南,2024-12-18,8884
2408,南亞科,57,21,36,國泰-台南,2024-12-18,8884
00924,復華S＆P500成長,32,0,32,國泰-台南,2024-12-18,8884
00953B,群益優選非投等債,32,0,32,國泰-台南,2024-12-18,8884
00795B,中信美國公債20年,30,0,30,國泰-台南,2024-12-18,8884
9950,萬國通,31,4,27,國泰-台南,2024-12-18,8884
3323,加百裕,70,44,26,國泰-台南,2024-12-18,8884
00679B,元大美債20年,38,12,26,國泰-台南,2024-12-18,8884
0050,元大台灣50,30,5,25,國泰-台南,2024-12-18,8884
1809,中釉,26,1,25,國泰-台南,2024-12-18,8884
00680L,元大美債20正2,28,5,23,國泰-台南,2024-12-18,8884
3041,揚智,215,192,23,國泰-台南,2024-12-18,8884
2332,友訊,24,2,22,國泰-台南,2024-12-18,8884
00757,統一FANG+,24,3,21,國泰-台南,2024-12-18,8884
2913,農林,20,0,20,國泰-台南,2024-12-18,8884
2327,國巨,19,0,19,國泰-台南,2024-12-18,8884
2442,新美齊,18,0,18,國泰-台南,2024-12-18,8884
8032,光菱,26,9,17,國泰-台南,2024-12-18,8884
2801,彰銀,17,1,16,國泰-台南,2024-12-18,8884
4979,華星光,33,17,16,國泰-台南,2024-12-18,8884
1446,宏和,16,0,16,國泰-台南,2024-12-18,8884
00641R,富邦日本反1,16,0,16,國泰-台南,2024-12-18,8884
00960,野村全球航運龍頭,16,1,15,國泰-台南,2024-12-18,8884
00675L,富邦臺灣加權正2,24,9,15,國泰-台南,2024-12-18,8884
2303,聯電,97,82,15,國泰-台南,2024-12-18,8884
00909,國泰數位支付服務,26,12,14,國泰-台南,2024-12-18,8884
3035,智原,24,11,13,國泰-台南,2024-12-18,8884
00948B,中信優息投資級債,13,0,13,國泰-台南,2024-12-18,8884
3557,嘉威,13,0,13,國泰-台南,2024-12-18,8884
00688L,國泰20年美債正2,626,52,574,國泰-台南,2024-12-19,8884
00937B,群益ESG投等債20,522,23,499,國泰-台南,2024-12-19,8884
2834,臺企銀,382,7,375,國泰-台南,2024-12-19,8884
00712,復華富時不動產,417,63,354,國泰-台南,2024-12-19,8884
00919,群益台灣精選高息,504,259,245,國泰-台南,2024-12-19,8884
00918,大華優利高填息30,339,108,231,國泰-台南,2024-12-19,8884
00948B,中信優息投資級債,222,0,222,國泰-台南,2024-12-19,8884
00687B,國泰20年美債,254,36,218,國泰-台南,2024-12-19,8884
00878,國泰永續高股息,239,38,201,國泰-台南,2024-12-19,8884
00751B,元大AAA至A公司債,150,0,150,國泰-台南,2024-12-19,8884
0056,元大高股息,157,15,142,國泰-台南,2024-12-19,8884
00953B,群益優選非投等債,134,3,131,國泰-台南,2024-12-19,8884
00679B,元大美債20年,161,30,131,國泰-台南,2024-12-19,8884
2736,富野,132,6,126,國泰-台南,2024-12-19,8884
00950B,凱基A級公司債,108,0,108,國泰-台南,2024-12-19,8884
2883,凱基金,109,4,105,國泰-台南,2024-12-19,8884
00933B,國泰10Y+金融債,104,0,104,國泰-台南,2024-12-19,8884
6142,友勁,103,0,103,國泰-台南,2024-12-19,8884
00915,凱基優選高股息30,85,4,81,國泰-台南,2024-12-19,8884
00922,國泰台灣領袖50,76,5,71,國泰-台南,2024-12-19,8884
2317,鴻海,85,17,68,國泰-台南,2024-12-19,8884
00830,國泰費城半導體,63,2,61,國泰-台南,2024-12-19,8884
00881,國泰台灣5G+,67,5,62,國泰-台南,2024-12-19,8884
00713,元大台灣高息低波,75,17,58,國泰-台南,2024-12-19,8884
00795B,中信美國公債20年,55,0,55,國泰-台南,2024-12-19,8884
006208,富邦台50,66,14,52,國泰-台南,2024-12-19,8884
00720B,元大投資級公司債,62,11,51,國泰-台南,2024-12-19,8884
2406,國碩,47,0,47,國泰-台南,2024-12-19,8884
1301,台塑,56,11,45,國泰-台南,2024-12-19,8884
00680L,元大美債20正2,148,104,44,國泰-台南,2024-12-19,8884
2618,長榮航,45,5,40,國泰-台南,2024-12-19,8884
8249,菱光,86,46,40,國泰-台南,2024-12-19,8884
00965,元大航太防衛科技,40,0,40,國泰-台南,2024-12-19,8884
2881,富邦金,42,3,39,國泰-台南,2024-12-19,8884
2882,國泰金,50,14,36,國泰-台南,2024-12-19,8884
2886,兆豐金,41,7,34,國泰-台南,2024-12-19,8884
2609,陽明,76,44,32,國泰-台南,2024-12-19,8884
2327,國巨,32,0,32,國泰-台南,2024-12-19,8884
2867,三商壽,33,1,32,國泰-台南,2024-12-19,8884
00725B,國泰投資級公司債,31,0,31,國泰-台南,2024-12-19,8884
5880,合庫金,41,11,30,國泰-台南,2024-12-19,8884
5244,弘凱,31,1,30,國泰-台南,2024-12-19,8884
00959B,大華投等美債15Y+,128,100,28,國泰-台南,2024-12-19,8884
2845,遠東銀,27,0,27,國泰-台南,2024-12-19,8884
1815,富喬,105,78,27,國泰-台南,2024-12-19,8884
2887,台新金,27,1,26,國泰-台南,2024-12-19,8884
2002,中鋼,27,2,25,國泰-台南,2024-12-19,8884
00662,富邦NASDAQ,25,0,25,國泰-台南,2024-12-19,8884
00757,統一FANG+,28,2,26,國泰-台南,2024-12-19,8884
2880,華南金,32,8,24,國泰-台南,2024-12-19,8884
