Ticker,Name,buy,sell,diff,Branch,Date,Branch_Code
00878,國泰永續高股息,540,16,524,國泰-新莊,2023-01-03,8886
2317,鴻海,78,29,49,國泰-新莊,2023-01-03,8886
2609,陽明,132,88,44,國泰-新莊,2023-01-03,8886
1720,生達,47,3,44,國泰-新莊,2023-01-03,8886
2812,台中銀,44,0,44,國泰-新莊,2023-01-03,8886
00772B,中信高評級公司債,34,0,34,國泰-新莊,2023-01-03,8886
4114,健喬,54,22,32,國泰-新莊,2023-01-03,8886
1605,華新,123,96,27,國泰-新莊,2023-01-03,8886
6505,台塑化,26,0,26,國泰-新莊,2023-01-03,8886
00669R,國泰美國道瓊反1,30,5,25,國泰-新莊,2023-01-03,8886
00712,復華富時不動產,29,5,24,國泰-新莊,2023-01-03,8886
2618,長榮航,87,66,21,國泰-新莊,2023-01-03,8886
3322,建舜電,20,0,20,國泰-新莊,2023-01-03,8886
00679B,元大美債20年,19,1,18,國泰-新莊,2023-01-03,8886
3508,位速,17,2,15,國泰-新莊,2023-01-03,8886
2610,華航,196,182,14,國泰-新莊,2023-01-03,8886
2034,允強,16,2,14,國泰-新莊,2023-01-03,8886
4977,眾達-KY,16,3,13,國泰-新莊,2023-01-03,8886
8050,廣積,13,0,13,國泰-新莊,2023-01-03,8886
2743,山富,16,3,13,國泰-新莊,2023-01-03,8886
6111,大宇資,38,25,13,國泰-新莊,2023-01-03,8886
1752,南光,33,22,11,國泰-新莊,2023-01-03,8886
3701,大眾控,11,0,11,國泰-新莊,2023-01-03,8886
00680L,元大美債20正2,12,2,10,國泰-新莊,2023-01-03,8886
6541,泰福-KY,10,0,10,國泰-新莊,2023-01-03,8886
6142,友勁,10,0,10,國泰-新莊,2023-01-03,8886
2486,一詮,11,1,10,國泰-新莊,2023-01-03,8886
6589,台康生技,17,7,10,國泰-新莊,2023-01-03,8886
2615,萬海,24,15,9,國泰-新莊,2023-01-03,8886
00907,永豐優息存股,9,0,9,國泰-新莊,2023-01-03,8886
2354,鴻準,10,1,9,國泰-新莊,2023-01-03,8886
00900,富邦特選高股息30,10,1,9,國泰-新莊,2023-01-03,8886
6108,競國,9,0,9,國泰-新莊,2023-01-03,8886
4746,台耀,13,4,9,國泰-新莊,2023-01-03,8886
2634,漢翔,20,12,8,國泰-新莊,2023-01-03,8886
2892,第一金,9,1,8,國泰-新莊,2023-01-03,8886
1760,寶齡富錦,34,26,8,國泰-新莊,2023-01-03,8886
3703,欣陸,8,0,8,國泰-新莊,2023-01-03,8886
2748,雲品,13,5,8,國泰-新莊,2023-01-03,8886
00885,富邦越南,10,2,8,國泰-新莊,2023-01-03,8886
00888,永豐台灣ESG,7,0,7,國泰-新莊,2023-01-03,8886
2388,威盛,16,8,8,國泰-新莊,2023-01-03,8886
4979,華星光,14,7,7,國泰-新莊,2023-01-03,8886
00706L,期元大S＆P日圓正2,8,1,7,國泰-新莊,2023-01-03,8886
5014,建錩,7,0,7,國泰-新莊,2023-01-03,8886
2399,映泰,11,4,7,國泰-新莊,2023-01-03,8886
2886,兆豐金,27,20,7,國泰-新莊,2023-01-03,8886
2330,台積電,14,7,7,國泰-新莊,2023-01-03,8886
2603,長榮,29,23,6,國泰-新莊,2023-01-03,8886
00720B,元大投資級公司債,10,4,6,國泰-新莊,2023-01-03,8886
2317,鴻海,65,13,52,國泰-新莊,2023-01-04,8886
2014,中鴻,55,7,48,國泰-新莊,2023-01-04,8886
2884,玉山金,50,3,47,國泰-新莊,2023-01-04,8886
00882,中信中國高股息,56,11,45,國泰-新莊,2023-01-04,8886
2601,益航,37,0,37,國泰-新莊,2023-01-04,8886
00893,國泰智能電動車,37,3,34,國泰-新莊,2023-01-04,8886
2609,陽明,48,14,34,國泰-新莊,2023-01-04,8886
2610,華航,61,28,33,國泰-新莊,2023-01-04,8886
8044,網家,33,2,31,國泰-新莊,2023-01-04,8886
1618,合機,26,1,25,國泰-新莊,2023-01-04,8886
00902,中信電池及儲能,25,0,25,國泰-新莊,2023-01-04,8886
4770,上品,25,1,24,國泰-新莊,2023-01-04,8886
6443,元晶,59,35,24,國泰-新莊,2023-01-04,8886
3481,群創,42,18,24,國泰-新莊,2023-01-04,8886
1417,嘉裕,24,2,22,國泰-新莊,2023-01-04,8886
00679B,元大美債20年,23,2,21,國泰-新莊,2023-01-04,8886
6279,胡連,26,6,20,國泰-新莊,2023-01-04,8886
8046,南電,37,18,19,國泰-新莊,2023-01-04,8886
00885,富邦越南,232,216,16,國泰-新莊,2023-01-04,8886
00897,富邦基因免疫生技,15,0,15,國泰-新莊,2023-01-04,8886
0056,元大高股息,19,4,15,國泰-新莊,2023-01-04,8886
1609,大亞,26,15,11,國泰-新莊,2023-01-04,8886
4129,聯合,11,0,11,國泰-新莊,2023-01-04,8886
6244,茂迪,23,12,11,國泰-新莊,2023-01-04,8886
6118,建達,121,111,10,國泰-新莊,2023-01-04,8886
00641R,富邦日本反1,10,0,10,國泰-新莊,2023-01-04,8886
6235,華孚,52,42,10,國泰-新莊,2023-01-04,8886
6108,競國,10,0,10,國泰-新莊,2023-01-04,8886
00877,復華中國5G,10,0,10,國泰-新莊,2023-01-04,8886
00720B,元大投資級公司債,10,0,10,國泰-新莊,2023-01-04,8886
2405,輔信,10,0,10,國泰-新莊,2023-01-04,8886
00728,第一金工業30,10,0,10,國泰-新莊,2023-01-04,8886
2897,王道銀行,10,0,10,國泰-新莊,2023-01-04,8886
3037,欣興,63,54,9,國泰-新莊,2023-01-04,8886
00888,永豐台灣ESG,10,1,9,國泰-新莊,2023-01-04,8886
1721,三晃,30,21,9,國泰-新莊,2023-01-04,8886
00715L,期街口布蘭特正2,9,0,9,國泰-新莊,2023-01-04,8886
8996,高力,39,30,9,國泰-新莊,2023-01-04,8886
2303,聯電,13,5,8,國泰-新莊,2023-01-04,8886
00891,中信關鍵半導體,8,0,8,國泰-新莊,2023-01-04,8886
2337,旺宏,8,0,8,國泰-新莊,2023-01-04,8886
3290,東浦,8,0,8,國泰-新莊,2023-01-04,8886
4420,光明,8,0,8,國泰-新莊,2023-01-04,8886
00900,富邦特選高股息30,7,0,7,國泰-新莊,2023-01-04,8886
00881,國泰台灣5G+,12,5,7,國泰-新莊,2023-01-04,8886
4979,華星光,11,4,7,國泰-新莊,2023-01-04,8886
1529,樂事綠能,32,25,7,國泰-新莊,2023-01-04,8886
3402,漢科,7,0,7,國泰-新莊,2023-01-04,8886
00751B,元大AAA至A公司債,7,0,7,國泰-新莊,2023-01-04,8886
2498,宏達電,115,108,7,國泰-新莊,2023-01-04,8886
00882,中信中國高股息,246,7,239,國泰-新莊,2023-01-05,8886
00753L,中信中國50正2,201,10,191,國泰-新莊,2023-01-05,8886
00680L,元大美債20正2,100,0,100,國泰-新莊,2023-01-05,8886
2303,聯電,82,8,74,國泰-新莊,2023-01-05,8886
2610,華航,222,161,61,國泰-新莊,2023-01-05,8886
6603,富強鑫,50,0,50,國泰-新莊,2023-01-05,8886
00751B,元大AAA至A公司債,45,0,45,國泰-新莊,2023-01-05,8886
00632R,元大台灣50反1,42,3,39,國泰-新莊,2023-01-05,8886
00720B,元大投資級公司債,44,5,39,國泰-新莊,2023-01-05,8886
00642U,期元大S＆P石油,38,0,38,國泰-新莊,2023-01-05,8886
00715L,期街口布蘭特正2,34,1,33,國泰-新莊,2023-01-05,8886
8358,金居,53,25,28,國泰-新莊,2023-01-05,8886
2317,鴻海,33,7,26,國泰-新莊,2023-01-05,8886
6239,力成,25,0,25,國泰-新莊,2023-01-05,8886
3047,訊舟,32,8,24,國泰-新莊,2023-01-05,8886
1519,華城,96,74,22,國泰-新莊,2023-01-05,8886
2328,廣宇,21,0,21,國泰-新莊,2023-01-05,8886
00664R,國泰臺灣加權反1,20,0,20,國泰-新莊,2023-01-05,8886
1529,樂事綠能,103,84,19,國泰-新莊,2023-01-05,8886
1513,中興電,61,43,18,國泰-新莊,2023-01-05,8886
4162,智擎,27,10,17,國泰-新莊,2023-01-05,8886
6806,森崴能源,44,28,16,國泰-新莊,2023-01-05,8886
0056,元大高股息,26,10,16,國泰-新莊,2023-01-05,8886
2034,允強,15,0,15,國泰-新莊,2023-01-05,8886
5457,宣德,15,0,15,國泰-新莊,2023-01-05,8886
8996,高力,77,63,14,國泰-新莊,2023-01-05,8886
3027,盛達,37,23,14,國泰-新莊,2023-01-05,8886
3693,營邦,64,51,13,國泰-新莊,2023-01-05,8886
00895,富邦未來車,15,2,13,國泰-新莊,2023-01-05,8886
2344,華邦電,15,3,12,國泰-新莊,2023-01-05,8886
6541,泰福-KY,12,0,12,國泰-新莊,2023-01-05,8886
1605,華新,100,89,11,國泰-新莊,2023-01-05,8886
5309,系統電,42,31,11,國泰-新莊,2023-01-05,8886
2482,連宇,21,10,11,國泰-新莊,2023-01-05,8886
00679B,元大美債20年,12,2,10,國泰-新莊,2023-01-05,8886
2388,威盛,40,30,10,國泰-新莊,2023-01-05,8886
3272,東碩,11,1,10,國泰-新莊,2023-01-05,8886
2405,輔信,10,0,10,國泰-新莊,2023-01-05,8886
1417,嘉裕,21,11,10,國泰-新莊,2023-01-05,8886
2534,宏盛,10,0,10,國泰-新莊,2023-01-05,8886
1444,力麗,11,1,10,國泰-新莊,2023-01-05,8886
3011,今皓,10,0,10,國泰-新莊,2023-01-05,8886
00770,國泰北美科技,10,0,10,國泰-新莊,2023-01-05,8886
00892,富邦台灣半導體,10,0,10,國泰-新莊,2023-01-05,8886
2354,鴻準,10,0,10,國泰-新莊,2023-01-05,8886
2834,臺企銀,18,8,10,國泰-新莊,2023-01-05,8886
4968,立積,50,40,10,國泰-新莊,2023-01-05,8886
00891,中信關鍵半導體,9,0,9,國泰-新莊,2023-01-05,8886
1229,聯華,10,1,9,國泰-新莊,2023-01-05,8886
4979,華星光,12,3,9,國泰-新莊,2023-01-05,8886
00632R,元大台灣50反1,657,12,645,國泰-新莊,2023-01-06,8886
1519,華城,71,33,38,國泰-新莊,2023-01-06,8886
00772B,中信高評級公司債,34,0,34,國泰-新莊,2023-01-06,8886
2609,陽明,53,20,33,國泰-新莊,2023-01-06,8886
00720B,元大投資級公司債,34,11,23,國泰-新莊,2023-01-06,8886
00676R,富邦臺灣加權反1,20,0,20,國泰-新莊,2023-01-06,8886
00770,國泰北美科技,18,0,18,國泰-新莊,2023-01-06,8886
00665L,富邦�琤肭磪囓�2,20,2,18,國泰-新莊,2023-01-06,8886
00670L,富邦NASDAQ正2,19,2,17,國泰-新莊,2023-01-06,8886
2888,新光金,21,5,16,國泰-新莊,2023-01-06,8886
4538,大詠城,16,0,16,國泰-新莊,2023-01-06,8886
2884,玉山金,22,7,15,國泰-新莊,2023-01-06,8886
00897,富邦基因免疫生技,15,0,15,國泰-新莊,2023-01-06,8886
00893,國泰智能電動車,15,1,14,國泰-新莊,2023-01-06,8886
2851,中再保,14,0,14,國泰-新莊,2023-01-06,8886
00715L,期街口布蘭特正2,29,15,14,國泰-新莊,2023-01-06,8886
3141,晶宏,19,5,14,國泰-新莊,2023-01-06,8886
3272,東碩,14,0,14,國泰-新莊,2023-01-06,8886
2345,智邦,13,0,13,國泰-新莊,2023-01-06,8886
5321,美而快,36,23,13,國泰-新莊,2023-01-06,8886
00712,復華富時不動產,12,0,12,國泰-新莊,2023-01-06,8886
00895,富邦未來車,13,1,12,國泰-新莊,2023-01-06,8886
00903,富邦元宇宙,12,0,12,國泰-新莊,2023-01-06,8886
2515,中工,11,0,11,國泰-新莊,2023-01-06,8886
2812,台中銀,11,0,11,國泰-新莊,2023-01-06,8886
2887,台新金,12,2,10,國泰-新莊,2023-01-06,8886
1447,力鵬,10,0,10,國泰-新莊,2023-01-06,8886
2324,仁寶,10,0,10,國泰-新莊,2023-01-06,8886
2539,櫻花建,10,0,10,國泰-新莊,2023-01-06,8886
5475,德宏,10,0,10,國泰-新莊,2023-01-06,8886
00641R,富邦日本反1,10,0,10,國泰-新莊,2023-01-06,8886
1101,台泥,20,11,9,國泰-新莊,2023-01-06,8886
9802,鈺齊-KY,10,1,9,國泰-新莊,2023-01-06,8886
9919,康那香,10,1,9,國泰-新莊,2023-01-06,8886
00919,群益台灣精選高息,10,1,9,國泰-新莊,2023-01-06,8886
2330,台積電,12,4,8,國泰-新莊,2023-01-06,8886
00882,中信中國高股息,12,4,8,國泰-新莊,2023-01-06,8886
3454,晶睿,30,22,8,國泰-新莊,2023-01-06,8886
1701,中化,13,5,8,國泰-新莊,2023-01-06,8886
1609,大亞,11,3,8,國泰-新莊,2023-01-06,8886
2438,翔耀,8,0,8,國泰-新莊,2023-01-06,8886
8289,泰藝,12,4,8,國泰-新莊,2023-01-06,8886
00679B,元大美債20年,8,0,8,國泰-新莊,2023-01-06,8886
2009,第一銅,8,1,7,國泰-新莊,2023-01-06,8886
2471,資通,7,0,7,國泰-新莊,2023-01-06,8886
2201,裕隆,123,116,7,國泰-新莊,2023-01-06,8886
2308,台達電,11,5,6,國泰-新莊,2023-01-06,8886
1217,愛之味,6,0,6,國泰-新莊,2023-01-06,8886
1467,南緯,6,0,6,國泰-新莊,2023-01-06,8886
2723,美食-KY,11,5,6,國泰-新莊,2023-01-06,8886
1909,榮成,201,30,171,國泰-新莊,2023-01-09,8886
2009,第一銅,65,10,55,國泰-新莊,2023-01-09,8886
2034,允強,51,0,51,國泰-新莊,2023-01-09,8886
4113,聯上,48,0,48,國泰-新莊,2023-01-09,8886
3027,盛達,46,9,37,國泰-新莊,2023-01-09,8886
4989,榮科,36,0,36,國泰-新莊,2023-01-09,8886
6770,力積電,57,23,34,國泰-新莊,2023-01-09,8886
3038,全台,34,1,33,國泰-新莊,2023-01-09,8886
00882,中信中國高股息,35,3,32,國泰-新莊,2023-01-09,8886
00679B,元大美債20年,36,6,30,國泰-新莊,2023-01-09,8886
8358,金居,84,54,30,國泰-新莊,2023-01-09,8886
00665L,富邦�琤肭磪囓�2,41,14,27,國泰-新莊,2023-01-09,8886
00637L,元大滬深300正2,29,2,27,國泰-新莊,2023-01-09,8886
00632R,元大台灣50反1,306,280,26,國泰-新莊,2023-01-09,8886
00720B,元大投資級公司債,25,1,24,國泰-新莊,2023-01-09,8886
5288,豐祥-KY,24,0,24,國泰-新莊,2023-01-09,8886
2444,兆勁,27,4,23,國泰-新莊,2023-01-09,8886
2601,益航,20,0,20,國泰-新莊,2023-01-09,8886
3703,欣陸,23,3,20,國泰-新莊,2023-01-09,8886
2609,陽明,102,82,20,國泰-新莊,2023-01-09,8886
2641,正德,23,4,19,國泰-新莊,2023-01-09,8886
4961,天鈺,72,54,18,國泰-新莊,2023-01-09,8886
00830,國泰費城半導體,30,13,17,國泰-新莊,2023-01-09,8886
8069,元太,32,17,15,國泰-新莊,2023-01-09,8886
00669R,國泰美國道瓊反1,23,8,15,國泰-新莊,2023-01-09,8886
00683L,期元大美元指正2,15,0,15,國泰-新莊,2023-01-09,8886
5488,松普,16,1,15,國泰-新莊,2023-01-09,8886
8261,富鼎,15,1,14,國泰-新莊,2023-01-09,8886
6547,高端疫苗,21,7,14,國泰-新莊,2023-01-09,8886
3094,聯傑,15,2,13,國泰-新莊,2023-01-09,8886
00641R,富邦日本反1,13,0,13,國泰-新莊,2023-01-09,8886
1218,泰山,42,30,12,國泰-新莊,2023-01-09,8886
2603,長榮,26,14,12,國泰-新莊,2023-01-09,8886
00664R,國泰臺灣加權反1,12,0,12,國泰-新莊,2023-01-09,8886
3535,晶彩科,15,3,12,國泰-新莊,2023-01-09,8886
3128,昇銳,26,15,11,國泰-新莊,2023-01-09,8886
2388,威盛,26,15,11,國泰-新莊,2023-01-09,8886
00779B,凱基美債25+,10,0,10,國泰-新莊,2023-01-09,8886
1447,力鵬,10,0,10,國泰-新莊,2023-01-09,8886
6176,瑞儀,8,0,8,國泰-新莊,2023-01-09,8886
3035,智原,45,37,8,國泰-新莊,2023-01-09,8886
3272,東碩,11,3,8,國泰-新莊,2023-01-09,8886
6271,同欣電,10,2,8,國泰-新莊,2023-01-09,8886
4958,臻鼎-KY,10,3,7,國泰-新莊,2023-01-09,8886
1336,台翰,7,0,7,國泰-新莊,2023-01-09,8886
2317,鴻海,29,22,7,國泰-新莊,2023-01-09,8886
3141,晶宏,42,35,7,國泰-新莊,2023-01-09,8886
9105,泰金寶-DR,6,0,6,國泰-新莊,2023-01-09,8886
3042,晶技,6,0,6,國泰-新莊,2023-01-09,8886
6412,群電,10,4,6,國泰-新莊,2023-01-09,8886
00882,中信中國高股息,47,10,37,國泰-新莊,2023-01-10,8886
00665L,富邦�琤肭磪囓�2,42,5,37,國泰-新莊,2023-01-10,8886
5388,中磊,36,1,35,國泰-新莊,2023-01-10,8886
3047,訊舟,38,6,32,國泰-新莊,2023-01-10,8886
00720B,元大投資級公司債,25,0,25,國泰-新莊,2023-01-10,8886
8420,明揚,26,1,25,國泰-新莊,2023-01-10,8886
00753L,中信中國50正2,29,5,24,國泰-新莊,2023-01-10,8886
00770,國泰北美科技,26,2,24,國泰-新莊,2023-01-10,8886
00773B,中信優先金融債,30,9,21,國泰-新莊,2023-01-10,8886
00897,富邦基因免疫生技,20,0,20,國泰-新莊,2023-01-10,8886
3027,盛達,32,13,19,國泰-新莊,2023-01-10,8886
6589,台康生技,22,3,19,國泰-新莊,2023-01-10,8886
00905,FT臺灣Smart,22,4,18,國泰-新莊,2023-01-10,8886
6104,創惟,49,32,17,國泰-新莊,2023-01-10,8886
3207,耀勝,16,0,16,國泰-新莊,2023-01-10,8886
6186,新潤,19,3,16,國泰-新莊,2023-01-10,8886
2363,矽統,14,0,14,國泰-新莊,2023-01-10,8886
6282,康舒,14,0,14,國泰-新莊,2023-01-10,8886
2884,玉山金,19,6,13,國泰-新莊,2023-01-10,8886
6547,高端疫苗,27,15,12,國泰-新莊,2023-01-10,8886
6443,元晶,55,43,12,國泰-新莊,2023-01-10,8886
2388,威盛,18,6,12,國泰-新莊,2023-01-10,8886
4114,健喬,75,64,11,國泰-新莊,2023-01-10,8886
8105,凌巨,16,5,11,國泰-新莊,2023-01-10,8886
00715L,期街口布蘭特正2,31,20,11,國泰-新莊,2023-01-10,8886
2201,裕隆,55,44,11,國泰-新莊,2023-01-10,8886
1736,喬山,54,44,10,國泰-新莊,2023-01-10,8886
2313,華通,16,6,10,國泰-新莊,2023-01-10,8886
4167,松瑞藥,18,8,10,國泰-新莊,2023-01-10,8886
3685,元創精密,19,9,10,國泰-新莊,2023-01-10,8886
00725B,國泰投資級公司債,11,1,10,國泰-新莊,2023-01-10,8886
1708,東鹼,11,1,10,國泰-新莊,2023-01-10,8886
6133,金橋,16,6,10,國泰-新莊,2023-01-10,8886
2405,輔信,10,0,10,國泰-新莊,2023-01-10,8886
1314,中石化,12,3,9,國泰-新莊,2023-01-10,8886
2455,全新,18,9,9,國泰-新莊,2023-01-10,8886
3228,金麗科,19,10,9,國泰-新莊,2023-01-10,8886
8996,高力,22,14,8,國泰-新莊,2023-01-10,8886
2009,第一銅,9,1,8,國泰-新莊,2023-01-10,8886
2889,國票金,10,2,8,國泰-新莊,2023-01-10,8886
3576,聯合再生,7,0,7,國泰-新莊,2023-01-10,8886
4743,合一,11,4,7,國泰-新莊,2023-01-10,8886
9919,康那香,9,2,7,國泰-新莊,2023-01-10,8886
1514,亞力,39,32,7,國泰-新莊,2023-01-10,8886
1609,大亞,7,0,7,國泰-新莊,2023-01-10,8886
00637L,元大滬深300正2,8,1,7,國泰-新莊,2023-01-10,8886
5014,建錩,8,1,7,國泰-新莊,2023-01-10,8886
5351,鈺創,24,17,7,國泰-新莊,2023-01-10,8886
6472,保瑞,13,7,6,國泰-新莊,2023-01-10,8886
2887,台新金,7,1,6,國泰-新莊,2023-01-10,8886
2834,臺企銀,209,29,180,國泰-新莊,2023-01-11,8886
1718,中纖,130,30,100,國泰-新莊,2023-01-11,8886
00632R,元大台灣50反1,92,4,88,國泰-新莊,2023-01-11,8886
2897,王道銀行,217,134,83,國泰-新莊,2023-01-11,8886
00669R,國泰美國道瓊反1,59,0,59,國泰-新莊,2023-01-11,8886
00900,富邦特選高股息30,74,25,49,國泰-新莊,2023-01-11,8886
9933,中鼎,47,3,44,國泰-新莊,2023-01-11,8886
00878,國泰永續高股息,111,68,43,國泰-新莊,2023-01-11,8886
4979,華星光,149,107,42,國泰-新莊,2023-01-11,8886
2888,新光金,45,21,24,國泰-新莊,2023-01-11,8886
00882,中信中國高股息,38,14,24,國泰-新莊,2023-01-11,8886
2313,華通,37,14,23,國泰-新莊,2023-01-11,8886
006208,富邦台50,20,1,19,國泰-新莊,2023-01-11,8886
00679B,元大美債20年,17,0,17,國泰-新莊,2023-01-11,8886
2618,長榮航,93,76,17,國泰-新莊,2023-01-11,8886
00720B,元大投資級公司債,17,1,16,國泰-新莊,2023-01-11,8886
3709,鑫聯大投控,16,0,16,國泰-新莊,2023-01-11,8886
3264,欣銓,15,0,15,國泰-新莊,2023-01-11,8886
3607,谷崧,15,0,15,國泰-新莊,2023-01-11,8886
2002,中鋼,16,2,14,國泰-新莊,2023-01-11,8886
00772B,中信高評級公司債,17,4,13,國泰-新莊,2023-01-11,8886
00712,復華富時不動產,12,0,12,國泰-新莊,2023-01-11,8886
5426,振發,12,0,12,國泰-新莊,2023-01-11,8886
3380,明泰,16,4,12,國泰-新莊,2023-01-11,8886
1760,寶齡富錦,24,13,11,國泰-新莊,2023-01-11,8886
00751B,元大AAA至A公司債,11,0,11,國泰-新莊,2023-01-11,8886
5288,豐祥-KY,10,0,10,國泰-新莊,2023-01-11,8886
4943,康控-KY,10,0,10,國泰-新莊,2023-01-11,8886
00881,國泰台灣5G+,12,3,9,國泰-新莊,2023-01-11,8886
6230,尼得科超眾,8,0,8,國泰-新莊,2023-01-11,8886
1336,台翰,12,4,8,國泰-新莊,2023-01-11,8886
1513,中興電,54,46,8,國泰-新莊,2023-01-11,8886
3481,群創,21,13,8,國泰-新莊,2023-01-11,8886
2883,凱基金,31,24,7,國泰-新莊,2023-01-11,8886
00680L,元大美債20正2,10,2,8,國泰-新莊,2023-01-11,8886
8996,高力,75,68,7,國泰-新莊,2023-01-11,8886
1560,中砂,43,36,7,國泰-新莊,2023-01-11,8886
2337,旺宏,7,0,7,國泰-新莊,2023-01-11,8886
3045,台灣大,7,0,7,國泰-新莊,2023-01-11,8886
6806,森崴能源,13,6,7,國泰-新莊,2023-01-11,8886
6104,創惟,34,27,7,國泰-新莊,2023-01-11,8886
3141,晶宏,53,46,7,國泰-新莊,2023-01-11,8886
2520,冠德,7,0,7,國泰-新莊,2023-01-11,8886
2609,陽明,21,14,7,國泰-新莊,2023-01-11,8886
1605,華新,48,41,7,國泰-新莊,2023-01-11,8886
3704,合勤控,24,17,7,國泰-新莊,2023-01-11,8886
2457,飛宏,7,1,6,國泰-新莊,2023-01-11,8886
2867,三商壽,6,0,6,國泰-新莊,2023-01-11,8886
00687B,國泰20年美債,6,0,6,國泰-新莊,2023-01-11,8886
3011,今皓,6,0,6,國泰-新莊,2023-01-11,8886
00882,中信中國高股息,73,0,73,國泰-新莊,2023-01-12,8886
2609,陽明,92,21,71,國泰-新莊,2023-01-12,8886
00665L,富邦�琤肭磪囓�2,71,9,62,國泰-新莊,2023-01-12,8886
00632R,元大台灣50反1,138,87,51,國泰-新莊,2023-01-12,8886
00770,國泰北美科技,44,0,44,國泰-新莊,2023-01-12,8886
2603,長榮,49,7,42,國泰-新莊,2023-01-12,8886
3703,欣陸,40,0,40,國泰-新莊,2023-01-12,8886
00669R,國泰美國道瓊反1,40,1,39,國泰-新莊,2023-01-12,8886
0056,元大高股息,50,18,32,國泰-新莊,2023-01-12,8886
00637L,元大滬深300正2,31,7,24,國泰-新莊,2023-01-12,8886
00753L,中信中國50正2,64,42,22,國泰-新莊,2023-01-12,8886
2889,國票金,23,3,20,國泰-新莊,2023-01-12,8886
5288,豐祥-KY,20,0,20,國泰-新莊,2023-01-12,8886
00752,中信中國50,20,0,20,國泰-新莊,2023-01-12,8886
00885,富邦越南,21,1,20,國泰-新莊,2023-01-12,8886
00631L,元大台灣50正2,20,0,20,國泰-新莊,2023-01-12,8886
00881,國泰台灣5G+,24,5,19,國泰-新莊,2023-01-12,8886
2489,瑞軒,17,0,17,國泰-新莊,2023-01-12,8886
2317,鴻海,20,3,17,國泰-新莊,2023-01-12,8886
2887,台新金,20,4,16,國泰-新莊,2023-01-12,8886
5880,合庫金,27,10,17,國泰-新莊,2023-01-12,8886
4128,中天,21,5,16,國泰-新莊,2023-01-12,8886
00900,富邦特選高股息30,26,10,16,國泰-新莊,2023-01-12,8886
00725B,國泰投資級公司債,15,0,15,國泰-新莊,2023-01-12,8886
2375,凱美,14,0,14,國泰-新莊,2023-01-12,8886
3481,群創,234,221,13,國泰-新莊,2023-01-12,8886
3128,昇銳,13,0,13,國泰-新莊,2023-01-12,8886
2338,光罩,18,5,13,國泰-新莊,2023-01-12,8886
4763,材料-KY,51,38,13,國泰-新莊,2023-01-12,8886
2358,廷鑫,92,80,12,國泰-新莊,2023-01-12,8886
6282,康舒,12,0,12,國泰-新莊,2023-01-12,8886
6456,GIS-KY,11,0,11,國泰-新莊,2023-01-12,8886
6186,新潤,24,13,11,國泰-新莊,2023-01-12,8886
2405,輔信,11,0,11,國泰-新莊,2023-01-12,8886
5258,虹堡,15,4,11,國泰-新莊,2023-01-12,8886
6603,富強鑫,11,0,11,國泰-新莊,2023-01-12,8886
1409,新纖,10,0,10,國泰-新莊,2023-01-12,8886
00897,富邦基因免疫生技,10,0,10,國泰-新莊,2023-01-12,8886
3093,港建*,11,1,10,國泰-新莊,2023-01-12,8886
6235,華孚,10,0,10,國泰-新莊,2023-01-12,8886
1795,美時,27,18,9,國泰-新莊,2023-01-12,8886
4420,光明,9,0,9,國泰-新莊,2023-01-12,8886
3704,合勤控,24,16,8,國泰-新莊,2023-01-12,8886
2607,榮運,8,0,8,國泰-新莊,2023-01-12,8886
3673,TPK-KY,8,0,8,國泰-新莊,2023-01-12,8886
3049,精金,8,0,8,國泰-新莊,2023-01-12,8886
00920,富邦ESG綠色電力,8,0,8,國泰-新莊,2023-01-12,8886
2892,第一金,19,11,8,國泰-新莊,2023-01-12,8886
2867,三商壽,7,0,7,國泰-新莊,2023-01-12,8886
4743,合一,14,7,7,國泰-新莊,2023-01-12,8886
00632R,元大台灣50反1,486,19,467,國泰-新莊,2023-01-13,8886
00878,國泰永續高股息,130,28,102,國泰-新莊,2023-01-13,8886
00720B,元大投資級公司債,100,1,99,國泰-新莊,2023-01-13,8886
00892,富邦台灣半導體,54,1,53,國泰-新莊,2023-01-13,8886
2883,凱基金,61,10,51,國泰-新莊,2023-01-13,8886
2431,聯昌,50,0,50,國泰-新莊,2023-01-13,8886
8933,愛地雅,53,7,46,國泰-新莊,2023-01-13,8886
1308,亞聚,43,2,41,國泰-新莊,2023-01-13,8886
4155,訊映,42,1,41,國泰-新莊,2023-01-13,8886
00669R,國泰美國道瓊反1,37,0,37,國泰-新莊,2023-01-13,8886
8033,雷虎,40,5,35,國泰-新莊,2023-01-13,8886
1584,精剛,38,10,28,國泰-新莊,2023-01-13,8886
00665L,富邦�琤肭磪囓�2,107,81,26,國泰-新莊,2023-01-13,8886
4763,材料-KY,57,35,22,國泰-新莊,2023-01-13,8886
00912,中信臺灣智慧50,21,0,21,國泰-新莊,2023-01-13,8886
5288,豐祥-KY,20,0,20,國泰-新莊,2023-01-13,8886
00882,中信中國高股息,46,27,19,國泰-新莊,2023-01-13,8886
00772B,中信高評級公司債,21,5,16,國泰-新莊,2023-01-13,8886
8050,廣積,16,0,16,國泰-新莊,2023-01-13,8886
8289,泰藝,15,0,15,國泰-新莊,2023-01-13,8886
8249,菱光,19,4,15,國泰-新莊,2023-01-13,8886
00679B,元大美債20年,21,7,14,國泰-新莊,2023-01-13,8886
6129,普誠,36,22,14,國泰-新莊,2023-01-13,8886
6125,廣運,15,1,14,國泰-新莊,2023-01-13,8886
1909,榮成,20,7,13,國泰-新莊,2023-01-13,8886
1783,和康生,22,10,12,國泰-新莊,2023-01-13,8886
3704,合勤控,28,16,12,國泰-新莊,2023-01-13,8886
00725B,國泰投資級公司債,13,2,11,國泰-新莊,2023-01-13,8886
2002,中鋼,23,12,11,國泰-新莊,2023-01-13,8886
2890,永豐金,10,0,10,國泰-新莊,2023-01-13,8886
4979,華星光,14,4,10,國泰-新莊,2023-01-13,8886
3376,新日興,10,0,10,國泰-新莊,2023-01-13,8886
1439,雋揚,10,0,10,國泰-新莊,2023-01-13,8886
3024,憶聲,10,0,10,國泰-新莊,2023-01-13,8886
1612,宏泰,15,5,10,國泰-新莊,2023-01-13,8886
2379,瑞昱,11,2,9,國泰-新莊,2023-01-13,8886
2014,中鴻,71,62,9,國泰-新莊,2023-01-13,8886
1802,台玻,10,1,9,國泰-新莊,2023-01-13,8886
2344,華邦電,14,5,9,國泰-新莊,2023-01-13,8886
2885,元大金,10,1,9,國泰-新莊,2023-01-13,8886
00673R,期元大S＆P原油反1,8,0,8,國泰-新莊,2023-01-13,8886
1605,華新,50,43,7,國泰-新莊,2023-01-13,8886
5263,智崴,28,22,6,國泰-新莊,2023-01-13,8886
3105,穩懋,21,15,6,國泰-新莊,2023-01-13,8886
3265,台星科,6,0,6,國泰-新莊,2023-01-13,8886
1336,台翰,6,0,6,國泰-新莊,2023-01-13,8886
2329,華泰,6,0,6,國泰-新莊,2023-01-13,8886
6789,采鈺,6,0,6,國泰-新莊,2023-01-13,8886
5351,鈺創,17,11,6,國泰-新莊,2023-01-13,8886
3037,欣興,33,27,6,國泰-新莊,2023-01-13,8886
00665L,富邦�琤肭磪囓�2,252,68,184,國泰-新莊,2023-01-16,8886
2317,鴻海,157,8,149,國泰-新莊,2023-01-16,8886
1909,榮成,122,0,122,國泰-新莊,2023-01-16,8886
00919,群益台灣精選高息,102,0,102,國泰-新莊,2023-01-16,8886
2884,玉山金,106,6,100,國泰-新莊,2023-01-16,8886
2610,華航,84,10,74,國泰-新莊,2023-01-16,8886
00673R,期元大S＆P原油反1,61,2,59,國泰-新莊,2023-01-16,8886
00720B,元大投資級公司債,46,1,45,國泰-新莊,2023-01-16,8886
00751B,元大AAA至A公司債,43,0,43,國泰-新莊,2023-01-16,8886
2618,長榮航,101,59,42,國泰-新莊,2023-01-16,8886
1305,華夏,41,1,40,國泰-新莊,2023-01-16,8886
3149,正達,40,2,38,國泰-新莊,2023-01-16,8886
2890,永豐金,34,3,31,國泰-新莊,2023-01-16,8886
00669R,國泰美國道瓊反1,29,1,28,國泰-新莊,2023-01-16,8886
1101,台泥,51,27,24,國泰-新莊,2023-01-16,8886
00882,中信中國高股息,92,69,23,國泰-新莊,2023-01-16,8886
1463,強盛新,19,0,19,國泰-新莊,2023-01-16,8886
2812,台中銀,21,2,19,國泰-新莊,2023-01-16,8886
00725B,國泰投資級公司債,17,0,17,國泰-新莊,2023-01-16,8886
2867,三商壽,16,2,14,國泰-新莊,2023-01-16,8886
2358,廷鑫,18,4,14,國泰-新莊,2023-01-16,8886
2009,第一銅,15,2,13,國泰-新莊,2023-01-16,8886
1215,卜蜂,13,0,13,國泰-新莊,2023-01-16,8886
00885,富邦越南,21,9,12,國泰-新莊,2023-01-16,8886
6282,康舒,12,0,12,國泰-新莊,2023-01-16,8886
2329,華泰,12,0,12,國泰-新莊,2023-01-16,8886
2603,長榮,18,7,11,國泰-新莊,2023-01-16,8886
2609,陽明,19,8,11,國泰-新莊,2023-01-16,8886
8289,泰藝,11,0,11,國泰-新莊,2023-01-16,8886
00795B,中信美國公債20年,10,0,10,國泰-新莊,2023-01-16,8886
2312,金寶,10,0,10,國泰-新莊,2023-01-16,8886
1336,台翰,10,0,10,國泰-新莊,2023-01-16,8886
8277,商丞,10,0,10,國泰-新莊,2023-01-16,8886
1460,宏遠,10,0,10,國泰-新莊,2023-01-16,8886
00897,富邦基因免疫生技,10,0,10,國泰-新莊,2023-01-16,8886
00772B,中信高評級公司債,11,2,9,國泰-新莊,2023-01-16,8886
00878,國泰永續高股息,92,83,9,國泰-新莊,2023-01-16,8886
3704,合勤控,11,3,8,國泰-新莊,2023-01-16,8886
00904,新光臺灣半導體30,8,0,8,國泰-新莊,2023-01-16,8886
2014,中鴻,12,5,7,國泰-新莊,2023-01-16,8886
8033,雷虎,14,7,7,國泰-新莊,2023-01-16,8886
1210,大成,7,1,6,國泰-新莊,2023-01-16,8886
8249,菱光,6,0,6,國泰-新莊,2023-01-16,8886
1612,宏泰,7,1,6,國泰-新莊,2023-01-16,8886
2023,燁輝,7,1,6,國泰-新莊,2023-01-16,8886
6477,安集,6,0,6,國泰-新莊,2023-01-16,8886
00647L,元大S＆P500正2,6,0,6,國泰-新莊,2023-01-16,8886
00670L,富邦NASDAQ正2,6,0,6,國泰-新莊,2023-01-16,8886
6770,力積電,19,14,5,國泰-新莊,2023-01-16,8886
00921,兆豐龍頭等權重,5,0,5,國泰-新莊,2023-01-16,8886
00665L,富邦�琤肭磪囓�2,153,0,153,國泰-新莊,2023-01-17,8886
3481,群創,289,200,89,國泰-新莊,2023-01-17,8886
2884,玉山金,85,0,85,國泰-新莊,2023-01-17,8886
00720B,元大投資級公司債,71,3,68,國泰-新莊,2023-01-17,8886
00632R,元大台灣50反1,65,0,65,國泰-新莊,2023-01-17,8886
2201,裕隆,203,142,61,國泰-新莊,2023-01-17,8886
00770,國泰北美科技,71,14,57,國泰-新莊,2023-01-17,8886
2610,華航,66,16,50,國泰-新莊,2023-01-17,8886
2317,鴻海,49,11,38,國泰-新莊,2023-01-17,8886
00753L,中信中國50正2,37,8,29,國泰-新莊,2023-01-17,8886
00878,國泰永續高股息,49,22,27,國泰-新莊,2023-01-17,8886
1219,福壽,24,3,21,國泰-新莊,2023-01-17,8886
2634,漢翔,18,0,18,國泰-新莊,2023-01-17,8886
2034,允強,20,2,18,國泰-新莊,2023-01-17,8886
00751B,元大AAA至A公司債,18,0,18,國泰-新莊,2023-01-17,8886
1101,台泥,38,21,17,國泰-新莊,2023-01-17,8886
1701,中化,19,2,17,國泰-新莊,2023-01-17,8886
6104,創惟,43,26,17,國泰-新莊,2023-01-17,8886
2351,順德,15,0,15,國泰-新莊,2023-01-17,8886
00675L,富邦臺灣加權正2,11,0,11,國泰-新莊,2023-01-17,8886
2707,晶華,15,4,11,國泰-新莊,2023-01-17,8886
3017,奇鋐,11,0,11,國泰-新莊,2023-01-17,8886
2501,國建,10,0,10,國泰-新莊,2023-01-17,8886
1809,中釉,10,1,9,國泰-新莊,2023-01-17,8886
5315,光聯,9,0,9,國泰-新莊,2023-01-17,8886
6770,力積電,29,20,9,國泰-新莊,2023-01-17,8886
1752,南光,13,5,8,國泰-新莊,2023-01-17,8886
00669R,國泰美國道瓊反1,20,12,8,國泰-新莊,2023-01-17,8886
00655L,國泰中國A50正2,15,7,8,國泰-新莊,2023-01-17,8886
4763,材料-KY,61,53,8,國泰-新莊,2023-01-17,8886
2542,興富發,8,1,7,國泰-新莊,2023-01-17,8886
4114,健喬,11,4,7,國泰-新莊,2023-01-17,8886
8069,元太,18,11,7,國泰-新莊,2023-01-17,8886
1305,華夏,10,3,7,國泰-新莊,2023-01-17,8886
00701,國泰股利精選30,6,0,6,國泰-新莊,2023-01-17,8886
2889,國票金,6,0,6,國泰-新莊,2023-01-17,8886
2365,昆盈,6,0,6,國泰-新莊,2023-01-17,8886
4167,松瑞藥,10,4,6,國泰-新莊,2023-01-17,8886
6541,泰福-KY,6,0,6,國泰-新莊,2023-01-17,8886
3521,鴻翊,6,0,6,國泰-新莊,2023-01-17,8886
6609,瀧澤科,7,1,6,國泰-新莊,2023-01-17,8886
3693,營邦,50,44,6,國泰-新莊,2023-01-17,8886
9955,佳龍,5,0,5,國泰-新莊,2023-01-17,8886
00670L,富邦NASDAQ正2,5,0,5,國泰-新莊,2023-01-17,8886
2641,正德,8,3,5,國泰-新莊,2023-01-17,8886
3128,昇銳,5,0,5,國泰-新莊,2023-01-17,8886
6689,伊雲谷,5,0,5,國泰-新莊,2023-01-17,8886
6016,康和證,5,0,5,國泰-新莊,2023-01-17,8886
2412,中華電,5,0,5,國泰-新莊,2023-01-17,8886
3206,志豐,5,0,5,國泰-新莊,2023-01-17,8886
00632R,元大台灣50反1,710,33,677,國泰-新莊,2023-01-30,8886
00882,中信中國高股息,142,5,137,國泰-新莊,2023-01-30,8886
2317,鴻海,162,42,120,國泰-新莊,2023-01-30,8886
00885,富邦越南,144,36,108,國泰-新莊,2023-01-30,8886
00830,國泰費城半導體,81,4,77,國泰-新莊,2023-01-30,8886
3033,威健,60,0,60,國泰-新莊,2023-01-30,8886
00720B,元大投資級公司債,53,1,52,國泰-新莊,2023-01-30,8886
8110,華東,51,0,51,國泰-新莊,2023-01-30,8886
3673,TPK-KY,50,0,50,國泰-新莊,2023-01-30,8886
1313,聯成,50,2,48,國泰-新莊,2023-01-30,8886
2029,盛餘,49,4,45,國泰-新莊,2023-01-30,8886
2444,兆勁,52,10,42,國泰-新莊,2023-01-30,8886
00751B,元大AAA至A公司債,37,4,33,國泰-新莊,2023-01-30,8886
00637L,元大滬深300正2,40,9,31,國泰-新莊,2023-01-30,8886
00733,富邦臺灣中小,30,0,30,國泰-新莊,2023-01-30,8886
4155,訊映,31,1,30,國泰-新莊,2023-01-30,8886
2014,中鴻,47,19,28,國泰-新莊,2023-01-30,8886
2236,百達-KY,27,1,26,國泰-新莊,2023-01-30,8886
00852L,國泰美國道瓊正2,26,0,26,國泰-新莊,2023-01-30,8886
2891,中信金,37,11,26,國泰-新莊,2023-01-30,8886
00773B,中信優先金融債,21,0,21,國泰-新莊,2023-01-30,8886
1612,宏泰,23,4,19,國泰-新莊,2023-01-30,8886
2834,臺企銀,34,15,19,國泰-新莊,2023-01-30,8886
2892,第一金,19,1,18,國泰-新莊,2023-01-30,8886
8996,高力,74,57,17,國泰-新莊,2023-01-30,8886
3189,景碩,30,15,15,國泰-新莊,2023-01-30,8886
8150,南茂,16,2,14,國泰-新莊,2023-01-30,8886
8069,元太,22,9,13,國泰-新莊,2023-01-30,8886
00679B,元大美債20年,19,7,12,國泰-新莊,2023-01-30,8886
6806,森崴能源,17,5,12,國泰-新莊,2023-01-30,8886
3532,台勝科,11,0,11,國泰-新莊,2023-01-30,8886
3027,盛達,19,8,11,國泰-新莊,2023-01-30,8886
1310,台苯,10,0,10,國泰-新莊,2023-01-30,8886
4943,康控-KY,10,0,10,國泰-新莊,2023-01-30,8886
2897,王道銀行,14,4,10,國泰-新莊,2023-01-30,8886
6443,元晶,20,10,10,國泰-新莊,2023-01-30,8886
00897,富邦基因免疫生技,10,0,10,國泰-新莊,2023-01-30,8886
2449,京元電子,12,2,10,國泰-新莊,2023-01-30,8886
2345,智邦,15,5,10,國泰-新莊,2023-01-30,8886
00772B,中信高評級公司債,9,0,9,國泰-新莊,2023-01-30,8886
00676R,富邦臺灣加權反1,9,0,9,國泰-新莊,2023-01-30,8886
3693,營邦,25,16,9,國泰-新莊,2023-01-30,8886
00770,國泰北美科技,9,0,9,國泰-新莊,2023-01-30,8886
3624,光頡,13,4,9,國泰-新莊,2023-01-30,8886
1529,樂事綠能,25,17,8,國泰-新莊,2023-01-30,8886
6182,合晶,12,4,8,國泰-新莊,2023-01-30,8886
5309,系統電,10,2,8,國泰-新莊,2023-01-30,8886
3128,昇銳,8,0,8,國泰-新莊,2023-01-30,8886
1905,華紙,7,0,7,國泰-新莊,2023-01-30,8886
5284,jpp-KY,17,10,7,國泰-新莊,2023-01-30,8886
2888,新光金,522,3,519,國泰-新莊,2023-01-31,8886
00665L,富邦�琤肭磪囓�2,237,7,230,國泰-新莊,2023-01-31,8886
00905,FT臺灣Smart,227,8,219,國泰-新莊,2023-01-31,8886
00632R,元大台灣50反1,152,0,152,國泰-新莊,2023-01-31,8886
00878,國泰永續高股息,183,37,146,國泰-新莊,2023-01-31,8886
3714,富采,76,5,71,國泰-新莊,2023-01-31,8886
00772B,中信高評級公司債,53,0,53,國泰-新莊,2023-01-31,8886
00753L,中信中國50正2,59,7,52,國泰-新莊,2023-01-31,8886
2890,永豐金,52,0,52,國泰-新莊,2023-01-31,8886
0056,元大高股息,63,13,50,國泰-新莊,2023-01-31,8886
2892,第一金,45,2,43,國泰-新莊,2023-01-31,8886
00712,復華富時不動產,41,2,39,國泰-新莊,2023-01-31,8886
1305,華夏,37,0,37,國泰-新莊,2023-01-31,8886
3624,光頡,40,3,37,國泰-新莊,2023-01-31,8886
5880,合庫金,34,0,34,國泰-新莊,2023-01-31,8886
3264,欣銓,34,0,34,國泰-新莊,2023-01-31,8886
2834,臺企銀,31,2,29,國泰-新莊,2023-01-31,8886
6770,力積電,37,9,28,國泰-新莊,2023-01-31,8886
8183,精星,27,0,27,國泰-新莊,2023-01-31,8886
2444,兆勁,29,3,26,國泰-新莊,2023-01-31,8886
2201,裕隆,218,194,24,國泰-新莊,2023-01-31,8886
00637L,元大滬深300正2,37,14,23,國泰-新莊,2023-01-31,8886
2887,台新金,53,31,22,國泰-新莊,2023-01-31,8886
3576,聯合再生,23,2,21,國泰-新莊,2023-01-31,8886
00683L,期元大美元指正2,20,0,20,國泰-新莊,2023-01-31,8886
2884,玉山金,20,0,20,國泰-新莊,2023-01-31,8886
1101,台泥,22,3,19,國泰-新莊,2023-01-31,8886
1524,耿鼎,23,4,19,國泰-新莊,2023-01-31,8886
6279,胡連,22,3,19,國泰-新莊,2023-01-31,8886
3078,僑威,17,0,17,國泰-新莊,2023-01-31,8886
00720B,元大投資級公司債,17,1,16,國泰-新莊,2023-01-31,8886
2324,仁寶,17,1,16,國泰-新莊,2023-01-31,8886
2312,金寶,14,0,14,國泰-新莊,2023-01-31,8886
1513,中興電,55,42,13,國泰-新莊,2023-01-31,8886
00885,富邦越南,27,15,12,國泰-新莊,2023-01-31,8886
2881,富邦金,15,2,13,國泰-新莊,2023-01-31,8886
00888,永豐台灣ESG,12,0,12,國泰-新莊,2023-01-31,8886
4961,天鈺,24,12,12,國泰-新莊,2023-01-31,8886
00671R,富邦NASDAQ反1,12,0,12,國泰-新莊,2023-01-31,8886
00897,富邦基因免疫生技,12,0,12,國泰-新莊,2023-01-31,8886
00680L,元大美債20正2,12,0,12,國泰-新莊,2023-01-31,8886
5530,龍巖,11,0,11,國泰-新莊,2023-01-31,8886
6806,森崴能源,21,10,11,國泰-新莊,2023-01-31,8886
1303,南亞,11,0,11,國泰-新莊,2023-01-31,8886
4114,健喬,26,16,10,國泰-新莊,2023-01-31,8886
00728,第一金工業30,11,1,10,國泰-新莊,2023-01-31,8886
8069,元太,32,22,10,國泰-新莊,2023-01-31,8886
00773B,中信優先金融債,10,0,10,國泰-新莊,2023-01-31,8886
00641R,富邦日本反1,10,0,10,國泰-新莊,2023-01-31,8886
00770,國泰北美科技,10,0,10,國泰-新莊,2023-01-31,8886
3207,耀勝,860,81,779,國泰-新莊,2023-02-01,8886
2888,新光金,427,1,426,國泰-新莊,2023-02-01,8886
00878,國泰永續高股息,162,22,140,國泰-新莊,2023-02-01,8886
2412,中華電,112,1,111,國泰-新莊,2023-02-01,8886
00669R,國泰美國道瓊反1,104,4,100,國泰-新莊,2023-02-01,8886
2009,第一銅,225,158,67,國泰-新莊,2023-02-01,8886
00905,FT臺灣Smart,74,13,61,國泰-新莊,2023-02-01,8886
00632R,元大台灣50反1,50,1,49,國泰-新莊,2023-02-01,8886
00882,中信中國高股息,49,1,48,國泰-新莊,2023-02-01,8886
2340,台亞,36,2,34,國泰-新莊,2023-02-01,8886
3017,奇鋐,35,5,30,國泰-新莊,2023-02-01,8886
2029,盛餘,30,0,30,國泰-新莊,2023-02-01,8886
00680L,元大美債20正2,27,0,27,國泰-新莊,2023-02-01,8886
1584,精剛,48,22,26,國泰-新莊,2023-02-01,8886
1529,樂事綠能,33,7,26,國泰-新莊,2023-02-01,8886
2891,中信金,26,3,23,國泰-新莊,2023-02-01,8886
6005,群益證,22,0,22,國泰-新莊,2023-02-01,8886
1339,昭輝,21,0,21,國泰-新莊,2023-02-01,8886
9941,裕融,20,0,20,國泰-新莊,2023-02-01,8886
1409,新纖,20,0,20,國泰-新莊,2023-02-01,8886
00720B,元大投資級公司債,19,0,19,國泰-新莊,2023-02-01,8886
1752,南光,21,2,19,國泰-新莊,2023-02-01,8886
5258,虹堡,78,59,19,國泰-新莊,2023-02-01,8886
3305,昇貿,31,12,19,國泰-新莊,2023-02-01,8886
3027,盛達,41,22,19,國泰-新莊,2023-02-01,8886
1609,大亞,86,68,18,國泰-新莊,2023-02-01,8886
2883,凱基金,18,2,16,國泰-新莊,2023-02-01,8886
6202,盛群,18,2,16,國泰-新莊,2023-02-01,8886
4746,台耀,15,0,15,國泰-新莊,2023-02-01,8886
2884,玉山金,15,0,15,國泰-新莊,2023-02-01,8886
2881,富邦金,16,2,14,國泰-新莊,2023-02-01,8886
2104,國際中橡,15,1,14,國泰-新莊,2023-02-01,8886
2887,台新金,17,3,14,國泰-新莊,2023-02-01,8886
1513,中興電,31,18,13,國泰-新莊,2023-02-01,8886
00715L,期街口布蘭特正2,20,7,13,國泰-新莊,2023-02-01,8886
1809,中釉,14,1,13,國泰-新莊,2023-02-01,8886
8050,廣積,13,0,13,國泰-新莊,2023-02-01,8886
2317,鴻海,22,10,12,國泰-新莊,2023-02-01,8886
1217,愛之味,11,0,11,國泰-新莊,2023-02-01,8886
8210,勤誠,13,2,11,國泰-新莊,2023-02-01,8886
2929,淘帝-KY,17,6,11,國泰-新莊,2023-02-01,8886
00712,復華富時不動產,11,0,11,國泰-新莊,2023-02-01,8886
9105,泰金寶-DR,21,10,11,國泰-新莊,2023-02-01,8886
1453,大將,31,21,10,國泰-新莊,2023-02-01,8886
3163,波若威,10,0,10,國泰-新莊,2023-02-01,8886
1443,立益物流,10,0,10,國泰-新莊,2023-02-01,8886
6129,普誠,23,13,10,國泰-新莊,2023-02-01,8886
2014,中鴻,45,35,10,國泰-新莊,2023-02-01,8886
3037,欣興,22,13,9,國泰-新莊,2023-02-01,8886
8222,寶一,11,2,9,國泰-新莊,2023-02-01,8886
3481,群創,332,24,308,國泰-新莊,2023-02-02,8886
00632R,元大台灣50反1,322,53,269,國泰-新莊,2023-02-02,8886
2634,漢翔,110,0,110,國泰-新莊,2023-02-02,8886
2610,華航,170,70,100,國泰-新莊,2023-02-02,8886
2607,榮運,100,2,98,國泰-新莊,2023-02-02,8886
1810,和成,108,13,95,國泰-新莊,2023-02-02,8886
2883,凱基金,97,6,91,國泰-新莊,2023-02-02,8886
020034,元大IC設計N,60,0,60,國泰-新莊,2023-02-02,8886
1524,耿鼎,90,30,60,國泰-新莊,2023-02-02,8886
5388,中磊,61,2,59,國泰-新莊,2023-02-02,8886
2618,長榮航,71,19,52,國泰-新莊,2023-02-02,8886
00669R,國泰美國道瓊反1,51,1,50,國泰-新莊,2023-02-02,8886
2201,裕隆,218,170,48,國泰-新莊,2023-02-02,8886
00679B,元大美債20年,48,0,48,國泰-新莊,2023-02-02,8886
3191,雲嘉南,47,0,47,國泰-新莊,2023-02-02,8886
00712,復華富時不動產,50,4,46,國泰-新莊,2023-02-02,8886
00882,中信中國高股息,46,0,46,國泰-新莊,2023-02-02,8886
00885,富邦越南,75,30,45,國泰-新莊,2023-02-02,8886
00772B,中信高評級公司債,43,0,43,國泰-新莊,2023-02-02,8886
2867,三商壽,53,14,39,國泰-新莊,2023-02-02,8886
2884,玉山金,43,6,37,國泰-新莊,2023-02-02,8886
00896,中信綠能及電動車,29,0,29,國泰-新莊,2023-02-02,8886
3041,揚智,32,5,27,國泰-新莊,2023-02-02,8886
4114,健喬,39,13,26,國泰-新莊,2023-02-02,8886
2329,華泰,41,18,23,國泰-新莊,2023-02-02,8886
2887,台新金,23,0,23,國泰-新莊,2023-02-02,8886
3703,欣陸,22,0,22,國泰-新莊,2023-02-02,8886
2891,中信金,29,8,21,國泰-新莊,2023-02-02,8886
2369,菱生,20,0,20,國泰-新莊,2023-02-02,8886
00671R,富邦NASDAQ反1,19,0,19,國泰-新莊,2023-02-02,8886
1605,華新,168,149,19,國泰-新莊,2023-02-02,8886
00720B,元大投資級公司債,21,3,18,國泰-新莊,2023-02-02,8886
2371,大同,17,0,17,國泰-新莊,2023-02-02,8886
2317,鴻海,48,31,17,國泰-新莊,2023-02-02,8886
00692,富邦公司治理,18,2,16,國泰-新莊,2023-02-02,8886
6257,矽格,20,4,16,國泰-新莊,2023-02-02,8886
2431,聯昌,15,0,15,國泰-新莊,2023-02-02,8886
00687B,國泰20年美債,15,0,15,國泰-新莊,2023-02-02,8886
4943,康控-KY,20,5,15,國泰-新莊,2023-02-02,8886
4908,前鼎,15,0,15,國泰-新莊,2023-02-02,8886
6589,台康生技,15,1,14,國泰-新莊,2023-02-02,8886
4979,華星光,35,21,14,國泰-新莊,2023-02-02,8886
2614,東森,13,0,13,國泰-新莊,2023-02-02,8886
8110,華東,18,5,13,國泰-新莊,2023-02-02,8886
3682,亞太電,12,0,12,國泰-新莊,2023-02-02,8886
5351,鈺創,43,31,12,國泰-新莊,2023-02-02,8886
6217,中探針,12,0,12,國泰-新莊,2023-02-02,8886
1720,生達,12,0,12,國泰-新莊,2023-02-02,8886
6196,帆宣,18,6,12,國泰-新莊,2023-02-02,8886
4106,雃博,24,12,12,國泰-新莊,2023-02-02,8886
00878,國泰永續高股息,355,32,323,國泰-新莊,2023-02-03,8886
2610,華航,259,38,221,國泰-新莊,2023-02-03,8886
00753L,中信中國50正2,190,0,190,國泰-新莊,2023-02-03,8886
00665L,富邦�琤肭磪囓�2,160,0,160,國泰-新莊,2023-02-03,8886
00882,中信中國高股息,154,2,152,國泰-新莊,2023-02-03,8886
00632R,元大台灣50反1,116,10,106,國泰-新莊,2023-02-03,8886
00907,永豐優息存股,102,0,102,國泰-新莊,2023-02-03,8886
2607,榮運,100,1,99,國泰-新莊,2023-02-03,8886
2028,威致,70,0,70,國泰-新莊,2023-02-03,8886
2412,中華電,55,0,55,國泰-新莊,2023-02-03,8886
3682,亞太電,52,0,52,國泰-新莊,2023-02-03,8886
3041,揚智,70,20,50,國泰-新莊,2023-02-03,8886
00642U,期元大S＆P石油,49,0,49,國泰-新莊,2023-02-03,8886
00637L,元大滬深300正2,48,6,42,國泰-新莊,2023-02-03,8886
5258,虹堡,118,76,42,國泰-新莊,2023-02-03,8886
2867,三商壽,41,1,40,國泰-新莊,2023-02-03,8886
00885,富邦越南,43,10,33,國泰-新莊,2023-02-03,8886
9945,潤泰新,31,0,31,國泰-新莊,2023-02-03,8886
00715L,期街口布蘭特正2,31,0,31,國泰-新莊,2023-02-03,8886
1701,中化,31,1,30,國泰-新莊,2023-02-03,8886
2201,裕隆,207,180,27,國泰-新莊,2023-02-03,8886
6118,建達,102,76,26,國泰-新莊,2023-02-03,8886
2367,燿華,28,4,24,國泰-新莊,2023-02-03,8886
3081,聯亞,31,8,23,國泰-新莊,2023-02-03,8886
2484,希華,42,19,23,國泰-新莊,2023-02-03,8886
1101,台泥,26,3,23,國泰-新莊,2023-02-03,8886
3508,位速,25,3,22,國泰-新莊,2023-02-03,8886
00712,復華富時不動產,28,6,22,國泰-新莊,2023-02-03,8886
00655L,國泰中國A50正2,24,2,22,國泰-新莊,2023-02-03,8886
2884,玉山金,25,4,21,國泰-新莊,2023-02-03,8886
2609,陽明,74,53,21,國泰-新莊,2023-02-03,8886
00772B,中信高評級公司債,21,0,21,國泰-新莊,2023-02-03,8886
5410,國眾,20,0,20,國泰-新莊,2023-02-03,8886
2388,威盛,115,96,19,國泰-新莊,2023-02-03,8886
2641,正德,20,1,19,國泰-新莊,2023-02-03,8886
2498,宏達電,322,304,18,國泰-新莊,2023-02-03,8886
2834,臺企銀,29,12,17,國泰-新莊,2023-02-03,8886
2014,中鴻,15,1,14,國泰-新莊,2023-02-03,8886
5371,中光電,15,1,14,國泰-新莊,2023-02-03,8886
00679B,元大美債20年,23,10,13,國泰-新莊,2023-02-03,8886
5608,四維航,24,11,13,國泰-新莊,2023-02-03,8886
2634,漢翔,23,10,13,國泰-新莊,2023-02-03,8886
8114,振樺電,13,0,13,國泰-新莊,2023-02-03,8886
2436,偉詮電,27,15,12,國泰-新莊,2023-02-03,8886
6274,台燿,12,0,12,國泰-新莊,2023-02-03,8886
6129,普誠,18,6,12,國泰-新莊,2023-02-03,8886
1216,統一,11,0,11,國泰-新莊,2023-02-03,8886
8046,南電,17,6,11,國泰-新莊,2023-02-03,8886
2444,兆勁,11,0,11,國泰-新莊,2023-02-03,8886
00671R,富邦NASDAQ反1,11,0,11,國泰-新莊,2023-02-03,8886
3207,耀勝,1534,401,1133,國泰-新莊,2023-02-06,8886
00878,國泰永續高股息,647,30,617,國泰-新莊,2023-02-06,8886
2610,華航,350,32,318,國泰-新莊,2023-02-06,8886
00637L,元大滬深300正2,112,2,110,國泰-新莊,2023-02-06,8886
00753L,中信中國50正2,97,2,95,國泰-新莊,2023-02-06,8886
00665L,富邦�琤肭磪囓�2,86,0,86,國泰-新莊,2023-02-06,8886
00772B,中信高評級公司債,63,0,63,國泰-新莊,2023-02-06,8886
8110,華東,60,0,60,國泰-新莊,2023-02-06,8886
00675L,富邦臺灣加權正2,64,5,59,國泰-新莊,2023-02-06,8886
5410,國眾,55,0,55,國泰-新莊,2023-02-06,8886
00882,中信中國高股息,53,13,40,國泰-新莊,2023-02-06,8886
2887,台新金,43,3,40,國泰-新莊,2023-02-06,8886
2882,國泰金,46,7,39,國泰-新莊,2023-02-06,8886
00673R,期元大S＆P原油反1,54,17,37,國泰-新莊,2023-02-06,8886
2891,中信金,48,13,35,國泰-新莊,2023-02-06,8886
2409,友達,33,2,31,國泰-新莊,2023-02-06,8886
00642U,期元大S＆P石油,32,1,31,國泰-新莊,2023-02-06,8886
9945,潤泰新,31,1,30,國泰-新莊,2023-02-06,8886
2356,英業達,30,0,30,國泰-新莊,2023-02-06,8886
00715L,期街口布蘭特正2,31,2,29,國泰-新莊,2023-02-06,8886
6104,創惟,47,18,29,國泰-新莊,2023-02-06,8886
2888,新光金,40,11,29,國泰-新莊,2023-02-06,8886
2330,台積電,36,8,28,國泰-新莊,2023-02-06,8886
00679B,元大美債20年,30,2,28,國泰-新莊,2023-02-06,8886
1909,榮成,31,7,24,國泰-新莊,2023-02-06,8886
1336,台翰,24,1,23,國泰-新莊,2023-02-06,8886
1584,精剛,23,1,22,國泰-新莊,2023-02-06,8886
8358,金居,27,6,21,國泰-新莊,2023-02-06,8886
2881,富邦金,22,1,21,國泰-新莊,2023-02-06,8886
00632R,元大台灣50反1,66,46,20,國泰-新莊,2023-02-06,8886
00897,富邦基因免疫生技,20,0,20,國泰-新莊,2023-02-06,8886
3673,TPK-KY,20,0,20,國泰-新莊,2023-02-06,8886
2884,玉山金,30,11,19,國泰-新莊,2023-02-06,8886
00720B,元大投資級公司債,18,0,18,國泰-新莊,2023-02-06,8886
6282,康舒,46,29,17,國泰-新莊,2023-02-06,8886
2603,長榮,20,3,17,國泰-新莊,2023-02-06,8886
2344,華邦電,22,6,16,國泰-新莊,2023-02-06,8886
8046,南電,21,5,16,國泰-新莊,2023-02-06,8886
6770,力積電,22,8,14,國泰-新莊,2023-02-06,8886
00655L,國泰中國A50正2,14,0,14,國泰-新莊,2023-02-06,8886
6245,立端,21,7,14,國泰-新莊,2023-02-06,8886
5258,虹堡,41,27,14,國泰-新莊,2023-02-06,8886
2014,中鴻,14,1,13,國泰-新莊,2023-02-06,8886
00918,大華優利高填息30,13,0,13,國泰-新莊,2023-02-06,8886
6129,普誠,20,7,13,國泰-新莊,2023-02-06,8886
1101,台泥,26,13,13,國泰-新莊,2023-02-06,8886
00885,富邦越南,18,6,12,國泰-新莊,2023-02-06,8886
2897,王道銀行,13,1,12,國泰-新莊,2023-02-06,8886
3205,佰研,12,0,12,國泰-新莊,2023-02-06,8886
2029,盛餘,12,0,12,國泰-新莊,2023-02-06,8886
3207,耀勝,495,187,308,國泰-新莊,2023-02-07,8886
00878,國泰永續高股息,233,15,218,國泰-新莊,2023-02-07,8886
2610,華航,105,18,87,國泰-新莊,2023-02-07,8886
00712,復華富時不動產,77,0,77,國泰-新莊,2023-02-07,8886
00772B,中信高評級公司債,73,0,73,國泰-新莊,2023-02-07,8886
00680L,元大美債20正2,116,46,70,國泰-新莊,2023-02-07,8886
2897,王道銀行,52,0,52,國泰-新莊,2023-02-07,8886
2884,玉山金,49,2,47,國泰-新莊,2023-02-07,8886
00676R,富邦臺灣加權反1,45,0,45,國泰-新莊,2023-02-07,8886
2736,富野,44,7,37,國泰-新莊,2023-02-07,8886
2887,台新金,44,9,35,國泰-新莊,2023-02-07,8886
2618,長榮航,63,32,31,國泰-新莊,2023-02-07,8886
6116,彩晶,45,16,29,國泰-新莊,2023-02-07,8886
2498,宏達電,212,184,28,國泰-新莊,2023-02-07,8886
00882,中信中國高股息,26,0,26,國泰-新莊,2023-02-07,8886
00897,富邦基因免疫生技,25,0,25,國泰-新莊,2023-02-07,8886
2851,中再保,21,0,21,國泰-新莊,2023-02-07,8886
00918,大華優利高填息30,21,0,21,國泰-新莊,2023-02-07,8886
6603,富強鑫,20,0,20,國泰-新莊,2023-02-07,8886
4155,訊映,18,0,18,國泰-新莊,2023-02-07,8886
00679B,元大美債20年,19,1,18,國泰-新莊,2023-02-07,8886
00900,富邦特選高股息30,18,1,17,國泰-新莊,2023-02-07,8886
1605,華新,132,116,16,國泰-新莊,2023-02-07,8886
2614,東森,16,0,16,國泰-新莊,2023-02-07,8886
2888,新光金,17,1,16,國泰-新莊,2023-02-07,8886
00919,群益台灣精選高息,15,0,15,國泰-新莊,2023-02-07,8886
2201,裕隆,52,37,15,國泰-新莊,2023-02-07,8886
8044,網家,15,1,14,國泰-新莊,2023-02-07,8886
3035,智原,48,34,14,國泰-新莊,2023-02-07,8886
3163,波若威,14,0,14,國泰-新莊,2023-02-07,8886
00905,FT臺灣Smart,13,0,13,國泰-新莊,2023-02-07,8886
2368,金像電,15,2,13,國泰-新莊,2023-02-07,8886
2105,正新,13,1,12,國泰-新莊,2023-02-07,8886
2812,台中銀,13,2,11,國泰-新莊,2023-02-07,8886
5880,合庫金,11,0,11,國泰-新莊,2023-02-07,8886
6443,元晶,15,5,10,國泰-新莊,2023-02-07,8886
1760,寶齡富錦,26,16,10,國泰-新莊,2023-02-07,8886
00720B,元大投資級公司債,11,1,10,國泰-新莊,2023-02-07,8886
2890,永豐金,11,1,10,國泰-新莊,2023-02-07,8886
2344,華邦電,15,5,10,國泰-新莊,2023-02-07,8886
3588,通嘉,14,4,10,國泰-新莊,2023-02-07,8886
4129,聯合,10,0,10,國泰-新莊,2023-02-07,8886
4707,磐亞,9,0,9,國泰-新莊,2023-02-07,8886
6282,康舒,123,114,9,國泰-新莊,2023-02-07,8886
00665L,富邦�琤肭磪囓�2,110,101,9,國泰-新莊,2023-02-07,8886
9945,潤泰新,9,1,8,國泰-新莊,2023-02-07,8886
2880,華南金,8,0,8,國泰-新莊,2023-02-07,8886
1752,南光,41,34,7,國泰-新莊,2023-02-07,8886
3693,營邦,7,0,7,國泰-新莊,2023-02-07,8886
4979,華星光,16,9,7,國泰-新莊,2023-02-07,8886
2634,漢翔,206,15,191,國泰-新莊,2023-02-08,8886
3041,揚智,148,12,136,國泰-新莊,2023-02-08,8886
00632R,元大台灣50反1,223,113,110,國泰-新莊,2023-02-08,8886
3207,耀勝,101,3,98,國泰-新莊,2023-02-08,8886
00665L,富邦�琤肭磪囓�2,89,4,85,國泰-新莊,2023-02-08,8886
00772B,中信高評級公司債,53,0,53,國泰-新莊,2023-02-08,8886
00885,富邦越南,58,8,50,國泰-新莊,2023-02-08,8886
2890,永豐金,38,1,37,國泰-新莊,2023-02-08,8886
00720B,元大投資級公司債,41,9,32,國泰-新莊,2023-02-08,8886
2883,凱基金,33,1,32,國泰-新莊,2023-02-08,8886
6282,康舒,158,127,31,國泰-新莊,2023-02-08,8886
2030,彰源,30,0,30,國泰-新莊,2023-02-08,8886
6443,元晶,35,6,29,國泰-新莊,2023-02-08,8886
00637L,元大滬深300正2,43,14,29,國泰-新莊,2023-02-08,8886
00679B,元大美債20年,29,0,29,國泰-新莊,2023-02-08,8886
2344,華邦電,46,18,28,國泰-新莊,2023-02-08,8886
4155,訊映,28,1,27,國泰-新莊,2023-02-08,8886
8358,金居,26,1,25,國泰-新莊,2023-02-08,8886
6589,台康生技,58,35,23,國泰-新莊,2023-02-08,8886
2014,中鴻,34,11,23,國泰-新莊,2023-02-08,8886
4114,健喬,127,106,21,國泰-新莊,2023-02-08,8886
2338,光罩,31,11,20,國泰-新莊,2023-02-08,8886
4726,永昕,25,5,20,國泰-新莊,2023-02-08,8886
2610,華航,44,24,20,國泰-新莊,2023-02-08,8886
2376,技嘉,33,15,18,國泰-新莊,2023-02-08,8886
00753L,中信中國50正2,18,1,17,國泰-新莊,2023-02-08,8886
00673R,期元大S＆P原油反1,16,0,16,國泰-新莊,2023-02-08,8886
5425,台半,33,17,16,國泰-新莊,2023-02-08,8886
00882,中信中國高股息,21,5,16,國泰-新莊,2023-02-08,8886
1414,東和,15,0,15,國泰-新莊,2023-02-08,8886
5383,金利,14,0,14,國泰-新莊,2023-02-08,8886
2352,佳世達,15,2,13,國泰-新莊,2023-02-08,8886
2892,第一金,14,1,13,國泰-新莊,2023-02-08,8886
2425,承啟,72,59,13,國泰-新莊,2023-02-08,8886
2312,金寶,13,0,13,國泰-新莊,2023-02-08,8886
3706,神達,13,0,13,國泰-新莊,2023-02-08,8886
00751B,元大AAA至A公司債,12,0,12,國泰-新莊,2023-02-08,8886
1605,華新,142,130,12,國泰-新莊,2023-02-08,8886
2303,聯電,96,84,12,國泰-新莊,2023-02-08,8886
2886,兆豐金,13,2,11,國泰-新莊,2023-02-08,8886
2032,新鋼,11,0,11,國泰-新莊,2023-02-08,8886
1218,泰山,10,0,10,國泰-新莊,2023-02-08,8886
00669R,國泰美國道瓊反1,12,2,10,國泰-新莊,2023-02-08,8886
2641,正德,10,0,10,國泰-新莊,2023-02-08,8886
3703,欣陸,10,0,10,國泰-新莊,2023-02-08,8886
1714,和桐,10,0,10,國泰-新莊,2023-02-08,8886
4163,鐿鈦,13,3,10,國泰-新莊,2023-02-08,8886
2880,華南金,11,1,10,國泰-新莊,2023-02-08,8886
1752,南光,13,4,9,國泰-新莊,2023-02-08,8886
8289,泰藝,9,0,9,國泰-新莊,2023-02-08,8886
3481,群創,624,188,436,國泰-新莊,2023-02-09,8886
00878,國泰永續高股息,229,54,175,國泰-新莊,2023-02-09,8886
00632R,元大台灣50反1,65,0,65,國泰-新莊,2023-02-09,8886
00679B,元大美債20年,60,0,60,國泰-新莊,2023-02-09,8886
2867,三商壽,44,0,44,國泰-新莊,2023-02-09,8886
00680L,元大美債20正2,45,2,43,國泰-新莊,2023-02-09,8886
3207,耀勝,46,4,42,國泰-新莊,2023-02-09,8886
00712,復華富時不動產,42,0,42,國泰-新莊,2023-02-09,8886
2614,東森,42,1,41,國泰-新莊,2023-02-09,8886
020034,元大IC設計N,40,0,40,國泰-新莊,2023-02-09,8886
00772B,中信高評級公司債,36,0,36,國泰-新莊,2023-02-09,8886
2344,華邦電,90,58,32,國泰-新莊,2023-02-09,8886
1605,華新,58,28,30,國泰-新莊,2023-02-09,8886
00897,富邦基因免疫生技,30,0,30,國泰-新莊,2023-02-09,8886
2363,矽統,21,0,21,國泰-新莊,2023-02-09,8886
3703,欣陸,21,0,21,國泰-新莊,2023-02-09,8886
6153,嘉聯益,21,0,21,國泰-新莊,2023-02-09,8886
3006,晶豪科,21,0,21,國泰-新莊,2023-02-09,8886
00720B,元大投資級公司債,22,1,21,國泰-新莊,2023-02-09,8886
9105,泰金寶-DR,20,0,20,國泰-新莊,2023-02-09,8886
3046,建��,24,4,20,國泰-新莊,2023-02-09,8886
2881,富邦金,20,1,19,國泰-新莊,2023-02-09,8886
4142,國光生,19,0,19,國泰-新莊,2023-02-09,8886
2103,台橡,19,0,19,國泰-新莊,2023-02-09,8886
3011,今皓,20,2,18,國泰-新莊,2023-02-09,8886
2610,華航,30,12,18,國泰-新莊,2023-02-09,8886
00919,群益台灣精選高息,17,0,17,國泰-新莊,2023-02-09,8886
2603,長榮,19,3,16,國泰-新莊,2023-02-09,8886
4157,太景*-KY,20,5,15,國泰-新莊,2023-02-09,8886
00676R,富邦臺灣加權反1,15,0,15,國泰-新莊,2023-02-09,8886
2880,華南金,15,1,14,國泰-新莊,2023-02-09,8886
3035,智原,41,27,14,國泰-新莊,2023-02-09,8886
0056,元大高股息,23,8,15,國泰-新莊,2023-02-09,8886
2492,華新科,22,8,14,國泰-新莊,2023-02-09,8886
8054,安國,16,3,13,國泰-新莊,2023-02-09,8886
2607,榮運,37,25,12,國泰-新莊,2023-02-09,8886
1506,正道,11,0,11,國泰-新莊,2023-02-09,8886
6443,元晶,15,4,11,國泰-新莊,2023-02-09,8886
2836,高雄銀,11,0,11,國泰-新莊,2023-02-09,8886
2405,輔信,10,0,10,國泰-新莊,2023-02-09,8886
3593,力銘,10,0,10,國泰-新莊,2023-02-09,8886
2302,麗正,10,0,10,國泰-新莊,2023-02-09,8886
00673R,期元大S＆P原油反1,10,0,10,國泰-新莊,2023-02-09,8886
2444,兆勁,18,8,10,國泰-新莊,2023-02-09,8886
020028,元大特選電動車N,10,0,10,國泰-新莊,2023-02-09,8886
3047,訊舟,10,0,10,國泰-新莊,2023-02-09,8886
3444,利機,11,1,10,國泰-新莊,2023-02-09,8886
4747,強生,14,5,9,國泰-新莊,2023-02-09,8886
2618,長榮航,25,16,9,國泰-新莊,2023-02-09,8886
1101,台泥,21,12,9,國泰-新莊,2023-02-09,8886
00878,國泰永續高股息,514,40,474,國泰-新莊,2023-02-10,8886
00772B,中信高評級公司債,195,0,195,國泰-新莊,2023-02-10,8886
00712,復華富時不動產,119,1,118,國泰-新莊,2023-02-10,8886
3207,耀勝,103,2,101,國泰-新莊,2023-02-10,8886
2634,漢翔,238,149,89,國泰-新莊,2023-02-10,8886
0056,元大高股息,78,6,72,國泰-新莊,2023-02-10,8886
2014,中鴻,57,0,57,國泰-新莊,2023-02-10,8886
3037,欣興,60,8,52,國泰-新莊,2023-02-10,8886
6282,康舒,64,27,37,國泰-新莊,2023-02-10,8886
1605,華新,100,68,32,國泰-新莊,2023-02-10,8886
2201,裕隆,95,64,31,國泰-新莊,2023-02-10,8886
2641,正德,30,0,30,國泰-新莊,2023-02-10,8886
6153,嘉聯益,30,0,30,國泰-新莊,2023-02-10,8886
00753L,中信中國50正2,52,24,28,國泰-新莊,2023-02-10,8886
1342,八貫,95,67,28,國泰-新莊,2023-02-10,8886
6180,橘子,43,17,26,國泰-新莊,2023-02-10,8886
00665L,富邦�琤肭磪囓�2,131,105,26,國泰-新莊,2023-02-10,8886
2609,陽明,44,19,25,國泰-新莊,2023-02-10,8886
1513,中興電,51,26,25,國泰-新莊,2023-02-10,8886
2881,富邦金,23,0,23,國泰-新莊,2023-02-10,8886
3624,光頡,37,15,22,國泰-新莊,2023-02-10,8886
4128,中天,21,1,20,國泰-新莊,2023-02-10,8886
00751B,元大AAA至A公司債,20,0,20,國泰-新莊,2023-02-10,8886
9945,潤泰新,20,1,19,國泰-新莊,2023-02-10,8886
00679B,元大美債20年,21,3,18,國泰-新莊,2023-02-10,8886
2312,金寶,17,0,17,國泰-新莊,2023-02-10,8886
6125,廣運,18,1,17,國泰-新莊,2023-02-10,8886
5475,德宏,17,1,16,國泰-新莊,2023-02-10,8886
00891,中信關鍵半導體,24,7,17,國泰-新莊,2023-02-10,8886
1810,和成,28,12,16,國泰-新莊,2023-02-10,8886
6005,群益證,15,0,15,國泰-新莊,2023-02-10,8886
3006,晶豪科,15,0,15,國泰-新莊,2023-02-10,8886
00919,群益台灣精選高息,15,0,15,國泰-新莊,2023-02-10,8886
3231,緯創,18,3,15,國泰-新莊,2023-02-10,8886
2883,凱基金,20,6,14,國泰-新莊,2023-02-10,8886
2489,瑞軒,13,0,13,國泰-新莊,2023-02-10,8886
6799,來頡,18,5,13,國泰-新莊,2023-02-10,8886
4130,健亞,19,6,13,國泰-新莊,2023-02-10,8886
00905,FT臺灣Smart,13,0,13,國泰-新莊,2023-02-10,8886
2880,華南金,17,5,12,國泰-新莊,2023-02-10,8886
2405,輔信,14,2,12,國泰-新莊,2023-02-10,8886
1733,五鼎,12,0,12,國泰-新莊,2023-02-10,8886
1524,耿鼎,22,10,12,國泰-新莊,2023-02-10,8886
2337,旺宏,12,0,12,國泰-新莊,2023-02-10,8886
00637L,元大滬深300正2,17,5,12,國泰-新莊,2023-02-10,8886
2409,友達,207,195,12,國泰-新莊,2023-02-10,8886
00885,富邦越南,16,5,11,國泰-新莊,2023-02-10,8886
2547,日勝生,11,0,11,國泰-新莊,2023-02-10,8886
00673R,期元大S＆P原油反1,11,0,11,國泰-新莊,2023-02-10,8886
5410,國眾,11,0,11,國泰-新莊,2023-02-10,8886
00632R,元大台灣50反1,634,2,632,國泰-新莊,2023-02-13,8886
00878,國泰永續高股息,419,31,388,國泰-新莊,2023-02-13,8886
00772B,中信高評級公司債,117,0,117,國泰-新莊,2023-02-13,8886
2409,友達,114,16,98,國泰-新莊,2023-02-13,8886
1701,中化,101,6,95,國泰-新莊,2023-02-13,8886
1605,華新,198,109,89,國泰-新莊,2023-02-13,8886
2610,華航,89,11,78,國泰-新莊,2023-02-13,8886
2634,漢翔,124,67,57,國泰-新莊,2023-02-13,8886
8033,雷虎,62,9,53,國泰-新莊,2023-02-13,8886
00671R,富邦NASDAQ反1,50,0,50,國泰-新莊,2023-02-13,8886
0056,元大高股息,75,33,42,國泰-新莊,2023-02-13,8886
2609,陽明,53,19,34,國泰-新莊,2023-02-13,8886
00679B,元大美債20年,39,9,30,國泰-新莊,2023-02-13,8886
00900,富邦特選高股息30,42,17,25,國泰-新莊,2023-02-13,8886
2332,友訊,32,7,25,國泰-新莊,2023-02-13,8886
00780B,國泰A級金融債,24,0,24,國泰-新莊,2023-02-13,8886
00665L,富邦�琤肭磪囓�2,82,58,24,國泰-新莊,2023-02-13,8886
3013,晟銘電,24,0,24,國泰-新莊,2023-02-13,8886
8222,寶一,80,60,20,國泰-新莊,2023-02-13,8886
2618,長榮航,36,17,19,國泰-新莊,2023-02-13,8886
00885,富邦越南,22,5,17,國泰-新莊,2023-02-13,8886
6770,力積電,36,20,16,國泰-新莊,2023-02-13,8886
2641,正德,17,1,16,國泰-新莊,2023-02-13,8886
2888,新光金,16,0,16,國泰-新莊,2023-02-13,8886
2801,彰銀,25,10,15,國泰-新莊,2023-02-13,8886
00919,群益台灣精選高息,15,0,15,國泰-新莊,2023-02-13,8886
4130,健亞,15,2,13,國泰-新莊,2023-02-13,8886
2887,台新金,17,4,13,國泰-新莊,2023-02-13,8886
2886,兆豐金,25,12,13,國泰-新莊,2023-02-13,8886
2520,冠德,13,0,13,國泰-新莊,2023-02-13,8886
00687B,國泰20年美債,12,0,12,國泰-新莊,2023-02-13,8886
1217,愛之味,18,6,12,國泰-新莊,2023-02-13,8886
2890,永豐金,13,2,11,國泰-新莊,2023-02-13,8886
2201,裕隆,15,4,11,國泰-新莊,2023-02-13,8886
2538,基泰,11,0,11,國泰-新莊,2023-02-13,8886
3617,碩天,12,1,11,國泰-新莊,2023-02-13,8886
1611,中電,11,0,11,國泰-新莊,2023-02-13,8886
6235,華孚,70,60,10,國泰-新莊,2023-02-13,8886
3322,建舜電,10,0,10,國泰-新莊,2023-02-13,8886
5309,系統電,12,2,10,國泰-新莊,2023-02-13,8886
3454,晶睿,25,15,10,國泰-新莊,2023-02-13,8886
3419,譁裕,11,1,10,國泰-新莊,2023-02-13,8886
2344,華邦電,14,4,10,國泰-新莊,2023-02-13,8886
6733,博晟生醫,10,0,10,國泰-新莊,2023-02-13,8886
2468,華經,10,0,10,國泰-新莊,2023-02-13,8886
00676R,富邦臺灣加權反1,10,0,10,國泰-新莊,2023-02-13,8886
6509,聚和,13,3,10,國泰-新莊,2023-02-13,8886
00751B,元大AAA至A公司債,9,0,9,國泰-新莊,2023-02-13,8886
2867,三商壽,9,0,9,國泰-新莊,2023-02-13,8886
5608,四維航,12,3,9,國泰-新莊,2023-02-13,8886
00772B,中信高評級公司債,78,10,68,國泰-新莊,2023-02-14,8886
2323,中環,70,3,67,國泰-新莊,2023-02-14,8886
8358,金居,41,0,41,國泰-新莊,2023-02-14,8886
00679B,元大美債20年,40,0,40,國泰-新莊,2023-02-14,8886
1305,華夏,38,0,38,國泰-新莊,2023-02-14,8886
2453,凌群,180,144,36,國泰-新莊,2023-02-14,8886
00885,富邦越南,36,1,35,國泰-新莊,2023-02-14,8886
00637L,元大滬深300正2,35,2,33,國泰-新莊,2023-02-14,8886
2303,聯電,54,24,30,國泰-新莊,2023-02-14,8886
2201,裕隆,34,6,28,國泰-新莊,2023-02-14,8886
3207,耀勝,24,1,23,國泰-新莊,2023-02-14,8886
00882,中信中國高股息,36,14,22,國泰-新莊,2023-02-14,8886
4114,健喬,76,56,20,國泰-新莊,2023-02-14,8886
2027,大成鋼,20,0,20,國泰-新莊,2023-02-14,8886
6142,友勁,23,3,20,國泰-新莊,2023-02-14,8886
4142,國光生,20,0,20,國泰-新莊,2023-02-14,8886
6443,元晶,23,5,18,國泰-新莊,2023-02-14,8886
2405,輔信,16,0,16,國泰-新莊,2023-02-14,8886
9904,寶成,27,11,16,國泰-新莊,2023-02-14,8886
00720B,元大投資級公司債,17,1,16,國泰-新莊,2023-02-14,8886
00673R,期元大S＆P原油反1,16,1,15,國泰-新莊,2023-02-14,8886
8050,廣積,17,2,15,國泰-新莊,2023-02-14,8886
00680L,元大美債20正2,15,0,15,國泰-新莊,2023-02-14,8886
8420,明揚,15,0,15,國泰-新莊,2023-02-14,8886
2480,敦陽科,21,7,14,國泰-新莊,2023-02-14,8886
8222,寶一,278,265,13,國泰-新莊,2023-02-14,8886
3447,展達,13,0,13,國泰-新莊,2023-02-14,8886
2412,中華電,13,0,13,國泰-新莊,2023-02-14,8886
6282,康舒,51,39,12,國泰-新莊,2023-02-14,8886
3047,訊舟,12,0,12,國泰-新莊,2023-02-14,8886
4129,聯合,21,9,12,國泰-新莊,2023-02-14,8886
1402,遠東新,12,0,12,國泰-新莊,2023-02-14,8886
4979,華星光,16,6,10,國泰-新莊,2023-02-14,8886
1210,大成,10,0,10,國泰-新莊,2023-02-14,8886
5457,宣德,10,0,10,國泰-新莊,2023-02-14,8886
6129,普誠,12,2,10,國泰-新莊,2023-02-14,8886
4164,承業醫,11,1,10,國泰-新莊,2023-02-14,8886
6719,力智,10,0,10,國泰-新莊,2023-02-14,8886
3024,憶聲,10,0,10,國泰-新莊,2023-02-14,8886
00795B,中信美國公債20年,10,0,10,國泰-新莊,2023-02-14,8886
4967,十銓,10,0,10,國泰-新莊,2023-02-14,8886
1326,台化,9,0,9,國泰-新莊,2023-02-14,8886
6541,泰福-KY,9,0,9,國泰-新莊,2023-02-14,8886
2486,一詮,10,1,9,國泰-新莊,2023-02-14,8886
2413,環科,9,0,9,國泰-新莊,2023-02-14,8886
2890,永豐金,9,1,8,國泰-新莊,2023-02-14,8886
2883,凱基金,10,1,9,國泰-新莊,2023-02-14,8886
3027,盛達,9,1,8,國泰-新莊,2023-02-14,8886
00751B,元大AAA至A公司債,8,0,8,國泰-新莊,2023-02-14,8886
4541,晟田,8,0,8,國泰-新莊,2023-02-14,8886
00878,國泰永續高股息,795,211,584,國泰-新莊,2023-02-15,8886
00715L,期街口布蘭特正2,166,4,162,國泰-新莊,2023-02-15,8886
00665L,富邦�琤肭磪囓�2,130,2,128,國泰-新莊,2023-02-15,8886
2610,華航,132,47,85,國泰-新莊,2023-02-15,8886
00786B,元大10年IG銀行債,80,0,80,國泰-新莊,2023-02-15,8886
6116,彩晶,76,3,73,國泰-新莊,2023-02-15,8886
00772B,中信高評級公司債,62,1,61,國泰-新莊,2023-02-15,8886
00885,富邦越南,60,7,53,國泰-新莊,2023-02-15,8886
2498,宏達電,98,50,48,國泰-新莊,2023-02-15,8886
3481,群創,585,539,46,國泰-新莊,2023-02-15,8886
00905,FT臺灣Smart,41,0,41,國泰-新莊,2023-02-15,8886
00773B,中信優先金融債,38,0,38,國泰-新莊,2023-02-15,8886
00637L,元大滬深300正2,95,59,36,國泰-新莊,2023-02-15,8886
00900,富邦特選高股息30,41,6,35,國泰-新莊,2023-02-15,8886
00753L,中信中國50正2,42,11,31,國泰-新莊,2023-02-15,8886
2884,玉山金,34,4,30,國泰-新莊,2023-02-15,8886
2886,兆豐金,28,0,28,國泰-新莊,2023-02-15,8886
2330,台積電,58,34,24,國泰-新莊,2023-02-15,8886
2888,新光金,28,4,24,國泰-新莊,2023-02-15,8886
1437,勤益控,23,0,23,國泰-新莊,2023-02-15,8886
5706,鳳凰,152,130,22,國泰-新莊,2023-02-15,8886
2515,中工,22,0,22,國泰-新莊,2023-02-15,8886
00894,中信小資高價30,24,3,21,國泰-新莊,2023-02-15,8886
0050,元大台灣50,25,5,20,國泰-新莊,2023-02-15,8886
006208,富邦台50,22,2,20,國泰-新莊,2023-02-15,8886
00881,國泰台灣5G+,31,12,19,國泰-新莊,2023-02-15,8886
5347,世界,19,0,19,國泰-新莊,2023-02-15,8886
0056,元大高股息,33,15,18,國泰-新莊,2023-02-15,8886
6443,元晶,23,5,18,國泰-新莊,2023-02-15,8886
00679B,元大美債20年,17,0,17,國泰-新莊,2023-02-15,8886
00891,中信關鍵半導體,46,30,16,國泰-新莊,2023-02-15,8886
2027,大成鋼,21,5,16,國泰-新莊,2023-02-15,8886
2337,旺宏,34,18,16,國泰-新莊,2023-02-15,8886
2486,一詮,22,7,15,國泰-新莊,2023-02-15,8886
1608,華榮,15,0,15,國泰-新莊,2023-02-15,8886
3105,穩懋,20,6,14,國泰-新莊,2023-02-15,8886
00888,永豐台灣ESG,14,0,14,國泰-新莊,2023-02-15,8886
2887,台新金,15,1,14,國泰-新莊,2023-02-15,8886
00664R,國泰臺灣加權反1,13,0,13,國泰-新莊,2023-02-15,8886
3653,健策,13,0,13,國泰-新莊,2023-02-15,8886
3028,增你強,13,1,12,國泰-新莊,2023-02-15,8886
00907,永豐優息存股,12,0,12,國泰-新莊,2023-02-15,8886
6266,泰詠,14,2,12,國泰-新莊,2023-02-15,8886
2014,中鴻,13,2,11,國泰-新莊,2023-02-15,8886
00631L,元大台灣50正2,11,0,11,國泰-新莊,2023-02-15,8886
4126,太醫,11,0,11,國泰-新莊,2023-02-15,8886
3207,耀勝,14,3,11,國泰-新莊,2023-02-15,8886
5371,中光電,12,1,11,國泰-新莊,2023-02-15,8886
2732,六角,31,20,11,國泰-新莊,2023-02-15,8886
3483,力致,11,0,11,國泰-新莊,2023-02-15,8886
00878,國泰永續高股息,504,162,342,國泰-新莊,2023-02-16,8886
00679B,元大美債20年,144,6,138,國泰-新莊,2023-02-16,8886
00632R,元大台灣50反1,118,3,115,國泰-新莊,2023-02-16,8886
2303,聯電,79,18,61,國泰-新莊,2023-02-16,8886
00885,富邦越南,62,3,59,國泰-新莊,2023-02-16,8886
4915,致伸,58,0,58,國泰-新莊,2023-02-16,8886
3207,耀勝,69,12,57,國泰-新莊,2023-02-16,8886
2406,國碩,50,0,50,國泰-新莊,2023-02-16,8886
00772B,中信高評級公司債,48,0,48,國泰-新莊,2023-02-16,8886
3447,展達,40,0,40,國泰-新莊,2023-02-16,8886
1513,中興電,122,86,36,國泰-新莊,2023-02-16,8886
6279,胡連,32,0,32,國泰-新莊,2023-02-16,8886
00666R,富邦�琤肭磪齯�1,30,0,30,國泰-新莊,2023-02-16,8886
6217,中探針,33,5,28,國泰-新莊,2023-02-16,8886
00891,中信關鍵半導體,31,4,27,國泰-新莊,2023-02-16,8886
00673R,期元大S＆P原油反1,26,0,26,國泰-新莊,2023-02-16,8886
3078,僑威,24,1,23,國泰-新莊,2023-02-16,8886
6202,盛群,26,3,23,國泰-新莊,2023-02-16,8886
2337,旺宏,21,0,21,國泰-新莊,2023-02-16,8886
1218,泰山,20,1,19,國泰-新莊,2023-02-16,8886
6770,力積電,23,4,19,國泰-新莊,2023-02-16,8886
2201,裕隆,167,149,18,國泰-新莊,2023-02-16,8886
2243,宏旭-KY,18,0,18,國泰-新莊,2023-02-16,8886
8367,建新國際,18,0,18,國泰-新莊,2023-02-16,8886
4142,國光生,18,0,18,國泰-新莊,2023-02-16,8886
6282,康舒,30,12,18,國泰-新莊,2023-02-16,8886
3037,欣興,61,45,16,國泰-新莊,2023-02-16,8886
2884,玉山金,22,5,17,國泰-新莊,2023-02-16,8886
00687B,國泰20年美債,16,0,16,國泰-新莊,2023-02-16,8886
00720B,元大投資級公司債,16,0,16,國泰-新莊,2023-02-16,8886
1611,中電,16,1,15,國泰-新莊,2023-02-16,8886
3047,訊舟,18,3,15,國泰-新莊,2023-02-16,8886
2497,怡利電,17,3,14,國泰-新莊,2023-02-16,8886
2887,台新金,15,2,13,國泰-新莊,2023-02-16,8886
8234,新漢,27,15,12,國泰-新莊,2023-02-16,8886
3704,合勤控,14,2,12,國泰-新莊,2023-02-16,8886
6806,森崴能源,25,14,11,國泰-新莊,2023-02-16,8886
00795B,中信美國公債20年,11,0,11,國泰-新莊,2023-02-16,8886
4540,全球傳動,11,0,11,國泰-新莊,2023-02-16,8886
1519,華城,17,6,11,國泰-新莊,2023-02-16,8886
6109,亞元,12,1,11,國泰-新莊,2023-02-16,8886
1609,大亞,21,11,10,國泰-新莊,2023-02-16,8886
2605,新興,10,0,10,國泰-新莊,2023-02-16,8886
6235,華孚,42,32,10,國泰-新莊,2023-02-16,8886
6005,群益證,10,0,10,國泰-新莊,2023-02-16,8886
2236,百達-KY,15,5,10,國泰-新莊,2023-02-16,8886
8403,盛弘,10,0,10,國泰-新莊,2023-02-16,8886
2897,王道銀行,10,0,10,國泰-新莊,2023-02-16,8886
00751B,元大AAA至A公司債,10,0,10,國泰-新莊,2023-02-16,8886
2014,中鴻,20,11,9,國泰-新莊,2023-02-16,8886
00679B,元大美債20年,275,8,267,國泰-新莊,2023-02-17,8886
00665L,富邦�琤肭磪囓�2,219,6,213,國泰-新莊,2023-02-17,8886
00753L,中信中國50正2,131,11,120,國泰-新莊,2023-02-17,8886
00878,國泰永續高股息,245,130,115,國泰-新莊,2023-02-17,8886
2610,華航,330,220,110,國泰-新莊,2023-02-17,8886
00772B,中信高評級公司債,113,10,103,國泰-新莊,2023-02-17,8886
3022,威強電,112,36,76,國泰-新莊,2023-02-17,8886
6217,中探針,70,1,69,國泰-新莊,2023-02-17,8886
00893,國泰智能電動車,63,5,58,國泰-新莊,2023-02-17,8886
00773B,中信優先金融債,56,0,56,國泰-新莊,2023-02-17,8886
00895,富邦未來車,59,11,48,國泰-新莊,2023-02-17,8886
3058,立德,52,6,46,國泰-新莊,2023-02-17,8886
00680L,元大美債20正2,49,9,40,國泰-新莊,2023-02-17,8886
2014,中鴻,54,24,30,國泰-新莊,2023-02-17,8886
8222,寶一,85,56,29,國泰-新莊,2023-02-17,8886
2201,裕隆,99,72,27,國泰-新莊,2023-02-17,8886
00885,富邦越南,27,0,27,國泰-新莊,2023-02-17,8886
5425,台半,75,49,26,國泰-新莊,2023-02-17,8886
2330,台積電,32,7,25,國泰-新莊,2023-02-17,8886
00637L,元大滬深300正2,55,32,23,國泰-新莊,2023-02-17,8886
2820,華票,23,0,23,國泰-新莊,2023-02-17,8886
6224,聚鼎,22,0,22,國泰-新莊,2023-02-17,8886
3037,欣興,32,11,21,國泰-新莊,2023-02-17,8886
3207,耀勝,31,10,21,國泰-新莊,2023-02-17,8886
4967,十銓,31,10,21,國泰-新莊,2023-02-17,8886
2888,新光金,22,2,20,國泰-新莊,2023-02-17,8886
8093,保銳,20,0,20,國泰-新莊,2023-02-17,8886
00900,富邦特選高股息30,24,4,20,國泰-新莊,2023-02-17,8886
00897,富邦基因免疫生技,18,0,18,國泰-新莊,2023-02-17,8886
00712,復華富時不動產,17,0,17,國泰-新莊,2023-02-17,8886
8358,金居,24,8,16,國泰-新莊,2023-02-17,8886
6288,聯嘉,21,6,15,國泰-新莊,2023-02-17,8886
2618,長榮航,109,94,15,國泰-新莊,2023-02-17,8886
0050,元大台灣50,16,2,14,國泰-新莊,2023-02-17,8886
6472,保瑞,15,1,14,國泰-新莊,2023-02-17,8886
8996,高力,41,27,14,國泰-新莊,2023-02-17,8886
2867,三商壽,15,1,14,國泰-新莊,2023-02-17,8886
2884,玉山金,20,7,13,國泰-新莊,2023-02-17,8886
1342,八貫,32,19,13,國泰-新莊,2023-02-17,8886
8050,廣積,15,2,13,國泰-新莊,2023-02-17,8886
2885,元大金,13,0,13,國泰-新莊,2023-02-17,8886
3380,明泰,13,1,12,國泰-新莊,2023-02-17,8886
006208,富邦台50,12,0,12,國泰-新莊,2023-02-17,8886
00725B,國泰投資級公司債,11,0,11,國泰-新莊,2023-02-17,8886
2406,國碩,17,6,11,國泰-新莊,2023-02-17,8886
8478,東哥遊艇,24,13,11,國泰-新莊,2023-02-17,8886
3494,誠研,13,2,11,國泰-新莊,2023-02-17,8886
2302,麗正,11,0,11,國泰-新莊,2023-02-17,8886
00687B,國泰20年美債,13,2,11,國泰-新莊,2023-02-17,8886
2915,潤泰全,11,0,11,國泰-新莊,2023-02-17,8886
2610,華航,697,201,496,國泰-新莊,2023-02-20,8886
5258,虹堡,188,44,144,國泰-新莊,2023-02-20,8886
8358,金居,100,23,77,國泰-新莊,2023-02-20,8886
00753L,中信中國50正2,66,13,53,國泰-新莊,2023-02-20,8886
2634,漢翔,57,5,52,國泰-新莊,2023-02-20,8886
00891,中信關鍵半導體,53,3,50,國泰-新莊,2023-02-20,8886
00665L,富邦�琤肭磪囓�2,78,32,46,國泰-新莊,2023-02-20,8886
1504,東元,50,4,46,國泰-新莊,2023-02-20,8886
1701,中化,49,4,45,國泰-新莊,2023-02-20,8886
00882,中信中國高股息,58,15,43,國泰-新莊,2023-02-20,8886
6282,康舒,157,118,39,國泰-新莊,2023-02-20,8886
00680L,元大美債20正2,37,0,37,國泰-新莊,2023-02-20,8886
1503,士電,89,53,36,國泰-新莊,2023-02-20,8886
2330,台積電,35,2,33,國泰-新莊,2023-02-20,8886
2344,華邦電,46,13,33,國泰-新莊,2023-02-20,8886
00902,中信電池及儲能,31,2,29,國泰-新莊,2023-02-20,8886
00712,復華富時不動產,27,1,26,國泰-新莊,2023-02-20,8886
6120,達運,27,5,22,國泰-新莊,2023-02-20,8886
2367,燿華,26,6,20,國泰-新莊,2023-02-20,8886
2323,中環,31,11,20,國泰-新莊,2023-02-20,8886
2405,輔信,20,1,19,國泰-新莊,2023-02-20,8886
6142,友勁,18,0,18,國泰-新莊,2023-02-20,8886
9105,泰金寶-DR,22,4,18,國泰-新莊,2023-02-20,8886
6235,華孚,110,93,17,國泰-新莊,2023-02-20,8886
3224,三顧,18,1,17,國泰-新莊,2023-02-20,8886
3027,盛達,70,54,16,國泰-新莊,2023-02-20,8886
3062,建漢,19,3,16,國泰-新莊,2023-02-20,8886
00900,富邦特選高股息30,21,6,15,國泰-新莊,2023-02-20,8886
00772B,中信高評級公司債,15,0,15,國泰-新莊,2023-02-20,8886
00720B,元大投資級公司債,15,0,15,國泰-新莊,2023-02-20,8886
5905,南仁湖,15,0,15,國泰-新莊,2023-02-20,8886
8028,昇陽半導體,17,3,14,國泰-新莊,2023-02-20,8886
1795,美時,42,28,14,國泰-新莊,2023-02-20,8886
2317,鴻海,20,7,13,國泰-新莊,2023-02-20,8886
6245,立端,42,29,13,國泰-新莊,2023-02-20,8886
00715L,期街口布蘭特正2,15,2,13,國泰-新莊,2023-02-20,8886
6443,元晶,21,8,13,國泰-新莊,2023-02-20,8886
1605,華新,110,97,13,國泰-新莊,2023-02-20,8886
3207,耀勝,15,3,12,國泰-新莊,2023-02-20,8886
2376,技嘉,13,1,12,國泰-新莊,2023-02-20,8886
4128,中天,25,13,12,國泰-新莊,2023-02-20,8886
00683L,期元大美元指正2,13,1,12,國泰-新莊,2023-02-20,8886
00637L,元大滬深300正2,67,55,12,國泰-新莊,2023-02-20,8886
2462,良得電,12,0,12,國泰-新莊,2023-02-20,8886
8097,常珵,14,2,12,國泰-新莊,2023-02-20,8886
00903,富邦元宇宙,12,0,12,國泰-新莊,2023-02-20,8886
6278,台表科,13,2,11,國泰-新莊,2023-02-20,8886
8050,廣積,18,7,11,國泰-新莊,2023-02-20,8886
3576,聯合再生,12,1,11,國泰-新莊,2023-02-20,8886
1102,亞泥,10,0,10,國泰-新莊,2023-02-20,8886
2884,玉山金,1052,173,879,國泰-新莊,2023-02-21,8886
00665L,富邦�琤肭磪囓�2,266,102,164,國泰-新莊,2023-02-21,8886
3290,東浦,146,0,146,國泰-新莊,2023-02-21,8886
00772B,中信高評級公司債,114,5,109,國泰-新莊,2023-02-21,8886
2610,華航,237,164,73,國泰-新莊,2023-02-21,8886
1605,華新,254,189,65,國泰-新莊,2023-02-21,8886
00679B,元大美債20年,63,3,60,國泰-新莊,2023-02-21,8886
2867,三商壽,59,0,59,國泰-新莊,2023-02-21,8886
2882,國泰金,84,31,53,國泰-新莊,2023-02-21,8886
2618,長榮航,62,11,51,國泰-新莊,2023-02-21,8886
3312,弘憶股,50,0,50,國泰-新莊,2023-02-21,8886
6603,富強鑫,55,6,49,國泰-新莊,2023-02-21,8886
00878,國泰永續高股息,87,44,43,國泰-新莊,2023-02-21,8886
2887,台新金,36,0,36,國泰-新莊,2023-02-21,8886
2812,台中銀,39,4,35,國泰-新莊,2023-02-21,8886
2457,飛宏,163,133,30,國泰-新莊,2023-02-21,8886
2484,希華,30,0,30,國泰-新莊,2023-02-21,8886
3147,大綜,30,0,30,國泰-新莊,2023-02-21,8886
1513,中興電,93,65,28,國泰-新莊,2023-02-21,8886
5258,虹堡,66,38,28,國泰-新莊,2023-02-21,8886
00751B,元大AAA至A公司債,27,0,27,國泰-新莊,2023-02-21,8886
00632R,元大台灣50反1,27,0,27,國泰-新莊,2023-02-21,8886
5701,劍湖山,32,5,27,國泰-新莊,2023-02-21,8886
4915,致伸,35,9,26,國泰-新莊,2023-02-21,8886
3594,磐儀,88,63,25,國泰-新莊,2023-02-21,8886
3207,耀勝,37,17,20,國泰-新莊,2023-02-21,8886
2409,友達,37,18,19,國泰-新莊,2023-02-21,8886
2886,兆豐金,30,11,19,國泰-新莊,2023-02-21,8886
5288,豐祥-KY,19,0,19,國泰-新莊,2023-02-21,8886
6770,力積電,23,5,18,國泰-新莊,2023-02-21,8886
2344,華邦電,24,6,18,國泰-新莊,2023-02-21,8886
2367,燿華,20,2,18,國泰-新莊,2023-02-21,8886
2358,廷鑫,18,0,18,國泰-新莊,2023-02-21,8886
1529,樂事綠能,24,7,17,國泰-新莊,2023-02-21,8886
00902,中信電池及儲能,18,1,17,國泰-新莊,2023-02-21,8886
00712,復華富時不動產,20,3,17,國泰-新莊,2023-02-21,8886
8401,白紗科,20,3,17,國泰-新莊,2023-02-21,8886
3576,聯合再生,16,0,16,國泰-新莊,2023-02-21,8886
1718,中纖,16,0,16,國泰-新莊,2023-02-21,8886
6104,創惟,32,17,15,國泰-新莊,2023-02-21,8886
4979,華星光,44,29,15,國泰-新莊,2023-02-21,8886
6153,嘉聯益,15,0,15,國泰-新莊,2023-02-21,8886
00720B,元大投資級公司債,29,14,15,國泰-新莊,2023-02-21,8886
2634,漢翔,54,40,14,國泰-新莊,2023-02-21,8886
2890,永豐金,14,1,13,國泰-新莊,2023-02-21,8886
6133,金橋,18,5,13,國泰-新莊,2023-02-21,8886
1103,嘉泥,20,7,13,國泰-新莊,2023-02-21,8886
3624,光頡,25,12,13,國泰-新莊,2023-02-21,8886
2342,茂矽,17,4,13,國泰-新莊,2023-02-21,8886
00725B,國泰投資級公司債,12,0,12,國泰-新莊,2023-02-21,8886
00878,國泰永續高股息,371,111,260,國泰-新莊,2023-02-22,8886
00712,復華富時不動產,176,0,176,國泰-新莊,2023-02-22,8886
4979,華星光,140,5,135,國泰-新莊,2023-02-22,8886
2610,華航,152,30,122,國泰-新莊,2023-02-22,8886
00665L,富邦�琤肭磪囓�2,92,0,92,國泰-新莊,2023-02-22,8886
5701,劍湖山,108,24,84,國泰-新莊,2023-02-22,8886
3290,東浦,80,4,76,國泰-新莊,2023-02-22,8886
00893,國泰智能電動車,78,23,55,國泰-新莊,2023-02-22,8886
2201,裕隆,56,5,51,國泰-新莊,2023-02-22,8886
2618,長榮航,155,111,44,國泰-新莊,2023-02-22,8886
2303,聯電,51,10,41,國泰-新莊,2023-02-22,8886
6116,彩晶,73,32,41,國泰-新莊,2023-02-22,8886
5371,中光電,40,3,37,國泰-新莊,2023-02-22,8886
00902,中信電池及儲能,36,0,36,國泰-新莊,2023-02-22,8886
3035,智原,83,48,35,國泰-新莊,2023-02-22,8886
00713,元大台灣高息低波,36,1,35,國泰-新莊,2023-02-22,8886
00720B,元大投資級公司債,32,0,32,國泰-新莊,2023-02-22,8886
00897,富邦基因免疫生技,39,9,30,國泰-新莊,2023-02-22,8886
4114,健喬,38,9,29,國泰-新莊,2023-02-22,8886
2498,宏達電,39,12,27,國泰-新莊,2023-02-22,8886
2208,台船,58,30,28,國泰-新莊,2023-02-22,8886
00679B,元大美債20年,26,0,26,國泰-新莊,2023-02-22,8886
8069,元太,56,31,25,國泰-新莊,2023-02-22,8886
9105,泰金寶-DR,24,0,24,國泰-新莊,2023-02-22,8886
3564,其陽,25,1,24,國泰-新莊,2023-02-22,8886
8401,白紗科,24,0,24,國泰-新莊,2023-02-22,8886
00753L,中信中國50正2,28,5,23,國泰-新莊,2023-02-22,8886
00671R,富邦NASDAQ反1,23,0,23,國泰-新莊,2023-02-22,8886
2603,長榮,40,17,23,國泰-新莊,2023-02-22,8886
00751B,元大AAA至A公司債,22,0,22,國泰-新莊,2023-02-22,8886
1810,和成,32,11,21,國泰-新莊,2023-02-22,8886
3434,哲固,23,2,21,國泰-新莊,2023-02-22,8886
2609,陽明,66,47,19,國泰-新莊,2023-02-22,8886
3037,欣興,29,12,17,國泰-新莊,2023-02-22,8886
6278,台表科,23,6,17,國泰-新莊,2023-02-22,8886
2890,永豐金,17,0,17,國泰-新莊,2023-02-22,8886
6147,頎邦,20,3,17,國泰-新莊,2023-02-22,8886
0050,元大台灣50,19,2,17,國泰-新莊,2023-02-22,8886
00642U,期元大S＆P石油,17,1,16,國泰-新莊,2023-02-22,8886
0056,元大高股息,25,10,15,國泰-新莊,2023-02-22,8886
8033,雷虎,41,25,16,國泰-新莊,2023-02-22,8886
006208,富邦台50,15,0,15,國泰-新莊,2023-02-22,8886
8131,福懋科,14,0,14,國泰-新莊,2023-02-22,8886
2542,興富發,19,5,14,國泰-新莊,2023-02-22,8886
00725B,國泰投資級公司債,13,0,13,國泰-新莊,2023-02-22,8886
5347,世界,16,3,13,國泰-新莊,2023-02-22,8886
2330,台積電,20,6,14,國泰-新莊,2023-02-22,8886
2388,威盛,51,38,13,國泰-新莊,2023-02-22,8886
1452,宏益,13,0,13,國泰-新莊,2023-02-22,8886
3312,弘憶股,13,0,13,國泰-新莊,2023-02-22,8886
00632R,元大台灣50反1,498,52,446,國泰-新莊,2023-02-23,8886
2845,遠東銀,141,0,141,國泰-新莊,2023-02-23,8886
00878,國泰永續高股息,242,119,123,國泰-新莊,2023-02-23,8886
00715L,期街口布蘭特正2,121,5,116,國泰-新莊,2023-02-23,8886
2897,王道銀行,118,2,116,國泰-新莊,2023-02-23,8886
00885,富邦越南,107,7,100,國泰-新莊,2023-02-23,8886
3207,耀勝,112,12,100,國泰-新莊,2023-02-23,8886
00642U,期元大S＆P石油,95,0,95,國泰-新莊,2023-02-23,8886
2601,益航,112,18,94,國泰-新莊,2023-02-23,8886
6161,捷波,90,0,90,國泰-新莊,2023-02-23,8886
3290,東浦,91,3,88,國泰-新莊,2023-02-23,8886
00712,復華富時不動產,70,5,65,國泰-新莊,2023-02-23,8886
1514,亞力,114,51,63,國泰-新莊,2023-02-23,8886
2409,友達,53,0,53,國泰-新莊,2023-02-23,8886
00751B,元大AAA至A公司債,51,0,51,國泰-新莊,2023-02-23,8886
00773B,中信優先金融債,46,0,46,國泰-新莊,2023-02-23,8886
00637L,元大滬深300正2,47,3,44,國泰-新莊,2023-02-23,8886
00720B,元大投資級公司債,43,3,40,國泰-新莊,2023-02-23,8886
00679B,元大美債20年,39,0,39,國泰-新莊,2023-02-23,8886
3481,群創,422,385,37,國泰-新莊,2023-02-23,8886
1444,力麗,45,10,35,國泰-新莊,2023-02-23,8886
1605,華新,87,52,35,國泰-新莊,2023-02-23,8886
6116,彩晶,35,0,35,國泰-新莊,2023-02-23,8886
00725B,國泰投資級公司債,35,0,35,國泰-新莊,2023-02-23,8886
6733,博晟生醫,44,9,35,國泰-新莊,2023-02-23,8886
2014,中鴻,59,26,33,國泰-新莊,2023-02-23,8886
5512,力麒,47,14,33,國泰-新莊,2023-02-23,8886
2610,華航,90,58,32,國泰-新莊,2023-02-23,8886
2405,輔信,30,0,30,國泰-新莊,2023-02-23,8886
5315,光聯,30,0,30,國泰-新莊,2023-02-23,8886
00882,中信中國高股息,30,0,30,國泰-新莊,2023-02-23,8886
3081,聯亞,33,5,28,國泰-新莊,2023-02-23,8886
6235,華孚,115,90,25,國泰-新莊,2023-02-23,8886
00902,中信電池及儲能,25,2,23,國泰-新莊,2023-02-23,8886
3027,盛達,32,9,23,國泰-新莊,2023-02-23,8886
5009,榮剛,29,7,22,國泰-新莊,2023-02-23,8886
6142,友勁,21,0,21,國泰-新莊,2023-02-23,8886
3434,哲固,21,0,21,國泰-新莊,2023-02-23,8886
00683L,期元大美元指正2,20,0,20,國泰-新莊,2023-02-23,8886
6147,頎邦,20,0,20,國泰-新莊,2023-02-23,8886
9945,潤泰新,24,5,19,國泰-新莊,2023-02-23,8886
5608,四維航,66,48,18,國泰-新莊,2023-02-23,8886
2606,裕民,21,3,18,國泰-新莊,2023-02-23,8886
3557,嘉威,18,0,18,國泰-新莊,2023-02-23,8886
2617,台航,26,8,18,國泰-新莊,2023-02-23,8886
2344,華邦電,22,4,18,國泰-新莊,2023-02-23,8886
8033,雷虎,38,20,18,國泰-新莊,2023-02-23,8886
8401,白紗科,18,0,18,國泰-新莊,2023-02-23,8886
6133,金橋,17,0,17,國泰-新莊,2023-02-23,8886
2886,兆豐金,27,10,17,國泰-新莊,2023-02-23,8886
2812,台中銀,244,2,242,國泰-新莊,2023-02-24,8886
00878,國泰永續高股息,350,149,201,國泰-新莊,2023-02-24,8886
00637L,元大滬深300正2,163,1,162,國泰-新莊,2023-02-24,8886
00882,中信中國高股息,102,2,100,國泰-新莊,2023-02-24,8886
9945,潤泰新,94,2,92,國泰-新莊,2023-02-24,8886
3037,欣興,84,22,62,國泰-新莊,2023-02-24,8886
2399,映泰,82,24,58,國泰-新莊,2023-02-24,8886
2317,鴻海,67,11,56,國泰-新莊,2023-02-24,8886
2498,宏達電,107,63,44,國泰-新莊,2023-02-24,8886
6142,友勁,41,0,41,國泰-新莊,2023-02-24,8886
2618,長榮航,49,11,38,國泰-新莊,2023-02-24,8886
00753L,中信中國50正2,43,5,38,國泰-新莊,2023-02-24,8886
00720B,元大投資級公司債,37,0,37,國泰-新莊,2023-02-24,8886
3032,偉訓,34,0,34,國泰-新莊,2023-02-24,8886
3434,哲固,32,0,32,國泰-新莊,2023-02-24,8886
2641,正德,79,48,31,國泰-新莊,2023-02-24,8886
00897,富邦基因免疫生技,30,0,30,國泰-新莊,2023-02-24,8886
4533,協易機,29,0,29,國泰-新莊,2023-02-24,8886
2834,臺企銀,54,27,27,國泰-新莊,2023-02-24,8886
2890,永豐金,27,1,26,國泰-新莊,2023-02-24,8886
1584,精剛,135,109,26,國泰-新莊,2023-02-24,8886
5512,力麒,71,46,25,國泰-新莊,2023-02-24,8886
2867,三商壽,24,0,24,國泰-新莊,2023-02-24,8886
00665L,富邦�琤肭磪囓�2,27,3,24,國泰-新莊,2023-02-24,8886
1514,亞力,34,11,23,國泰-新莊,2023-02-24,8886
6770,力積電,30,7,23,國泰-新莊,2023-02-24,8886
6226,光鼎,21,0,21,國泰-新莊,2023-02-24,8886
020034,元大IC設計N,21,0,21,國泰-新莊,2023-02-24,8886
3207,耀勝,23,5,18,國泰-新莊,2023-02-24,8886
00713,元大台灣高息低波,17,0,17,國泰-新莊,2023-02-24,8886
4968,立積,28,12,16,國泰-新莊,2023-02-24,8886
2405,輔信,16,0,16,國泰-新莊,2023-02-24,8886
00642U,期元大S＆P石油,17,1,16,國泰-新莊,2023-02-24,8886
2542,興富發,16,1,15,國泰-新莊,2023-02-24,8886
1519,華城,30,14,16,國泰-新莊,2023-02-24,8886
6443,元晶,18,2,16,國泰-新莊,2023-02-24,8886
3027,盛達,36,20,16,國泰-新莊,2023-02-24,8886
4128,中天,18,2,16,國泰-新莊,2023-02-24,8886
1409,新纖,20,5,15,國泰-新莊,2023-02-24,8886
3564,其陽,15,0,15,國泰-新莊,2023-02-24,8886
2308,台達電,22,7,15,國泰-新莊,2023-02-24,8886
6213,聯茂,16,2,14,國泰-新莊,2023-02-24,8886
2482,連宇,26,12,14,國泰-新莊,2023-02-24,8886
2462,良得電,14,0,14,國泰-新莊,2023-02-24,8886
2610,華航,47,33,14,國泰-新莊,2023-02-24,8886
2347,聯強,13,0,13,國泰-新莊,2023-02-24,8886
3013,晟銘電,34,21,13,國泰-新莊,2023-02-24,8886
3673,TPK-KY,35,22,13,國泰-新莊,2023-02-24,8886
00680L,元大美債20正2,20,7,13,國泰-新莊,2023-02-24,8886
1605,華新,104,91,13,國泰-新莊,2023-02-24,8886
00878,國泰永續高股息,521,106,415,國泰-新莊,2023-03-01,8886
00632R,元大台灣50反1,349,46,303,國泰-新莊,2023-03-01,8886
1314,中石化,301,1,300,國泰-新莊,2023-03-01,8886
1605,華新,183,78,105,國泰-新莊,2023-03-01,8886
00918,大華優利高填息30,102,2,100,國泰-新莊,2023-03-01,8886
8097,常珵,98,0,98,國泰-新莊,2023-03-01,8886
1101,台泥,115,32,83,國泰-新莊,2023-03-01,8886
00712,復華富時不動產,69,1,68,國泰-新莊,2023-03-01,8886
2634,漢翔,70,3,67,國泰-新莊,2023-03-01,8886
2867,三商壽,63,2,61,國泰-新莊,2023-03-01,8886
9945,潤泰新,55,15,40,國泰-新莊,2023-03-01,8886
2845,遠東銀,39,0,39,國泰-新莊,2023-03-01,8886
00900,富邦特選高股息30,41,4,37,國泰-新莊,2023-03-01,8886
2601,益航,91,54,37,國泰-新莊,2023-03-01,8886
2618,長榮航,44,10,34,國泰-新莊,2023-03-01,8886
020035,元大上櫃ESG高息N,34,0,34,國泰-新莊,2023-03-01,8886
3264,欣銓,33,1,32,國泰-新莊,2023-03-01,8886
00773B,中信優先金融債,31,0,31,國泰-新莊,2023-03-01,8886
4915,致伸,39,10,29,國泰-新莊,2023-03-01,8886
2002,中鋼,32,3,29,國泰-新莊,2023-03-01,8886
2610,華航,130,103,27,國泰-新莊,2023-03-01,8886
3290,東浦,23,0,23,國泰-新莊,2023-03-01,8886
2317,鴻海,33,11,22,國泰-新莊,2023-03-01,8886
2103,台橡,22,0,22,國泰-新莊,2023-03-01,8886
2881,富邦金,27,6,21,國泰-新莊,2023-03-01,8886
2915,潤泰全,21,1,20,國泰-新莊,2023-03-01,8886
6733,博晟生醫,20,0,20,國泰-新莊,2023-03-01,8886
2838,聯邦銀,20,0,20,國泰-新莊,2023-03-01,8886
3481,群創,286,266,20,國泰-新莊,2023-03-01,8886
6488,環球晶,19,1,18,國泰-新莊,2023-03-01,8886
2887,台新金,51,33,18,國泰-新莊,2023-03-01,8886
1219,福壽,19,2,17,國泰-新莊,2023-03-01,8886
1210,大成,60,43,17,國泰-新莊,2023-03-01,8886
2834,臺企銀,58,42,16,國泰-新莊,2023-03-01,8886
2406,國碩,17,1,16,國泰-新莊,2023-03-01,8886
2882,國泰金,29,14,15,國泰-新莊,2023-03-01,8886
3147,大綜,15,0,15,國泰-新莊,2023-03-01,8886
2637,慧洋-KY,34,19,15,國泰-新莊,2023-03-01,8886
6139,亞翔,15,1,14,國泰-新莊,2023-03-01,8886
2105,正新,14,1,13,國泰-新莊,2023-03-01,8886
00897,富邦基因免疫生技,13,0,13,國泰-新莊,2023-03-01,8886
1409,新纖,13,0,13,國泰-新莊,2023-03-01,8886
3434,哲固,13,0,13,國泰-新莊,2023-03-01,8886
2030,彰源,12,0,12,國泰-新莊,2023-03-01,8886
2312,金寶,12,0,12,國泰-新莊,2023-03-01,8886
1434,福懋,12,0,12,國泰-新莊,2023-03-01,8886
2892,第一金,13,1,12,國泰-新莊,2023-03-01,8886
4967,十銓,34,23,11,國泰-新莊,2023-03-01,8886
1524,耿鼎,12,1,11,國泰-新莊,2023-03-01,8886
00896,中信綠能及電動車,14,4,10,國泰-新莊,2023-03-01,8886
00878,國泰永續高股息,697,382,315,國泰-新莊,2023-03-02,8886
00712,復華富時不動產,233,13,220,國泰-新莊,2023-03-02,8886
5258,虹堡,263,51,212,國泰-新莊,2023-03-02,8886
3481,群創,324,179,145,國泰-新莊,2023-03-02,8886
3005,神基,80,3,77,國泰-新莊,2023-03-02,8886
8131,福懋科,74,0,74,國泰-新莊,2023-03-02,8886
3027,盛達,114,62,52,國泰-新莊,2023-03-02,8886
2634,漢翔,54,4,50,國泰-新莊,2023-03-02,8886
2886,兆豐金,52,3,49,國泰-新莊,2023-03-02,8886
1605,華新,208,160,48,國泰-新莊,2023-03-02,8886
00773B,中信優先金融債,48,0,48,國泰-新莊,2023-03-02,8886
2303,聯電,69,27,42,國泰-新莊,2023-03-02,8886
00772B,中信高評級公司債,38,0,38,國泰-新莊,2023-03-02,8886
2891,中信金,53,24,29,國泰-新莊,2023-03-02,8886
8097,常珵,33,5,28,國泰-新莊,2023-03-02,8886
2605,新興,87,60,27,國泰-新莊,2023-03-02,8886
2884,玉山金,30,3,27,國泰-新莊,2023-03-02,8886
3710,連展投控,26,0,26,國泰-新莊,2023-03-02,8886
2014,中鴻,26,1,25,國泰-新莊,2023-03-02,8886
00881,國泰台灣5G+,26,1,25,國泰-新莊,2023-03-02,8886
2409,友達,28,7,21,國泰-新莊,2023-03-02,8886
4164,承業醫,21,1,20,國泰-新莊,2023-03-02,8886
00885,富邦越南,21,1,20,國泰-新莊,2023-03-02,8886
3207,耀勝,66,46,20,國泰-新莊,2023-03-02,8886
00679B,元大美債20年,22,3,19,國泰-新莊,2023-03-02,8886
3228,金麗科,19,1,18,國泰-新莊,2023-03-02,8886
00720B,元大投資級公司債,20,2,18,國泰-新莊,2023-03-02,8886
2610,華航,34,16,18,國泰-新莊,2023-03-02,8886
00713,元大台灣高息低波,18,1,17,國泰-新莊,2023-03-02,8886
00897,富邦基因免疫生技,17,0,17,國泰-新莊,2023-03-02,8886
00751B,元大AAA至A公司債,17,0,17,國泰-新莊,2023-03-02,8886
2498,宏達電,42,26,16,國泰-新莊,2023-03-02,8886
5512,力麒,21,5,16,國泰-新莊,2023-03-02,8886
2812,台中銀,38,22,16,國泰-新莊,2023-03-02,8886
2444,兆勁,15,0,15,國泰-新莊,2023-03-02,8886
2399,映泰,15,0,15,國泰-新莊,2023-03-02,8886
6733,博晟生醫,26,11,15,國泰-新莊,2023-03-02,8886
00893,國泰智能電動車,15,0,15,國泰-新莊,2023-03-02,8886
6282,康舒,43,29,14,國泰-新莊,2023-03-02,8886
6288,聯嘉,16,2,14,國泰-新莊,2023-03-02,8886
2637,慧洋-KY,39,26,13,國泰-新莊,2023-03-02,8886
00891,中信關鍵半導體,13,0,13,國泰-新莊,2023-03-02,8886
6719,力智,19,6,13,國泰-新莊,2023-03-02,8886
1215,卜蜂,16,3,13,國泰-新莊,2023-03-02,8886
1210,大成,29,17,12,國泰-新莊,2023-03-02,8886
0056,元大高股息,17,5,12,國泰-新莊,2023-03-02,8886
2002,中鋼,16,4,12,國泰-新莊,2023-03-02,8886
6186,新潤,21,9,12,國泰-新莊,2023-03-02,8886
2867,三商壽,11,0,11,國泰-新莊,2023-03-02,8886
2482,連宇,52,41,11,國泰-新莊,2023-03-02,8886
00772B,中信高評級公司債,251,0,251,國泰-新莊,2023-03-03,8886
8097,常珵,132,1,131,國泰-新莊,2023-03-03,8886
00632R,元大台灣50反1,126,0,126,國泰-新莊,2023-03-03,8886
3207,耀勝,93,3,90,國泰-新莊,2023-03-03,8886
3564,其陽,66,1,65,國泰-新莊,2023-03-03,8886
00712,復華富時不動產,65,4,61,國泰-新莊,2023-03-03,8886
2834,臺企銀,126,69,57,國泰-新莊,2023-03-03,8886
00637L,元大滬深300正2,57,5,52,國泰-新莊,2023-03-03,8886
020035,元大上櫃ESG高息N,50,0,50,國泰-新莊,2023-03-03,8886
020034,元大IC設計N,48,0,48,國泰-新莊,2023-03-03,8886
6191,精成科,44,1,43,國泰-新莊,2023-03-03,8886
2457,飛宏,104,65,39,國泰-新莊,2023-03-03,8886
1101,台泥,38,2,36,國泰-新莊,2023-03-03,8886
00664R,國泰臺灣加權反1,32,0,32,國泰-新莊,2023-03-03,8886
2345,智邦,30,0,30,國泰-新莊,2023-03-03,8886
1584,精剛,36,8,28,國泰-新莊,2023-03-03,8886
2892,第一金,26,0,26,國泰-新莊,2023-03-03,8886
4931,新盛力,28,2,26,國泰-新莊,2023-03-03,8886
2542,興富發,26,0,26,國泰-新莊,2023-03-03,8886
00751B,元大AAA至A公司債,24,0,24,國泰-新莊,2023-03-03,8886
00897,富邦基因免疫生技,25,2,23,國泰-新莊,2023-03-03,8886
00773B,中信優先金融債,22,0,22,國泰-新莊,2023-03-03,8886
00673R,期元大S＆P原油反1,22,0,22,國泰-新莊,2023-03-03,8886
6443,元晶,24,3,21,國泰-新莊,2023-03-03,8886
6235,華孚,158,137,21,國泰-新莊,2023-03-03,8886
4510,高鋒,20,0,20,國泰-新莊,2023-03-03,8886
00915,凱基優選高股息30,23,3,20,國泰-新莊,2023-03-03,8886
5011,久陽,20,0,20,國泰-新莊,2023-03-03,8886
2890,永豐金,20,1,19,國泰-新莊,2023-03-03,8886
2883,凱基金,24,6,18,國泰-新莊,2023-03-03,8886
6142,友勁,30,13,17,國泰-新莊,2023-03-03,8886
2388,威盛,77,60,17,國泰-新莊,2023-03-03,8886
2462,良得電,30,13,17,國泰-新莊,2023-03-03,8886
4915,致伸,36,19,17,國泰-新莊,2023-03-03,8886
00720B,元大投資級公司債,16,0,16,國泰-新莊,2023-03-03,8886
1220,台榮,19,3,16,國泰-新莊,2023-03-03,8886
00679B,元大美債20年,24,9,15,國泰-新莊,2023-03-03,8886
5258,虹堡,50,36,14,國泰-新莊,2023-03-03,8886
1529,樂事綠能,15,2,13,國泰-新莊,2023-03-03,8886
8938,明安,15,3,12,國泰-新莊,2023-03-03,8886
2845,遠東銀,23,11,12,國泰-新莊,2023-03-03,8886
3362,先進光,55,43,12,國泰-新莊,2023-03-03,8886
00891,中信關鍵半導體,13,2,11,國泰-新莊,2023-03-03,8886
3006,晶豪科,21,9,12,國泰-新莊,2023-03-03,8886
2337,旺宏,39,28,11,國泰-新莊,2023-03-03,8886
2482,連宇,15,4,11,國泰-新莊,2023-03-03,8886
2379,瑞昱,14,3,11,國泰-新莊,2023-03-03,8886
2607,榮運,20,9,11,國泰-新莊,2023-03-03,8886
6120,達運,11,0,11,國泰-新莊,2023-03-03,8886
3037,欣興,59,48,11,國泰-新莊,2023-03-03,8886
00882,中信中國高股息,384,16,368,國泰-新莊,2023-03-06,8886
00720B,元大投資級公司債,123,3,120,國泰-新莊,2023-03-06,8886
00715L,期街口布蘭特正2,100,12,88,國泰-新莊,2023-03-06,8886
2891,中信金,71,5,66,國泰-新莊,2023-03-06,8886
00632R,元大台灣50反1,268,209,59,國泰-新莊,2023-03-06,8886
2845,遠東銀,58,2,56,國泰-新莊,2023-03-06,8886
00673R,期元大S＆P原油反1,42,0,42,國泰-新莊,2023-03-06,8886
3062,建漢,46,5,41,國泰-新莊,2023-03-06,8886
2408,南亞科,37,2,35,國泰-新莊,2023-03-06,8886
6245,立端,40,7,33,國泰-新莊,2023-03-06,8886
00751B,元大AAA至A公司債,40,10,30,國泰-新莊,2023-03-06,8886
4931,新盛力,43,13,30,國泰-新莊,2023-03-06,8886
00687B,國泰20年美債,30,1,29,國泰-新莊,2023-03-06,8886
5608,四維航,70,42,28,國泰-新莊,2023-03-06,8886
3013,晟銘電,36,9,27,國泰-新莊,2023-03-06,8886
2409,友達,28,2,26,國泰-新莊,2023-03-06,8886
1609,大亞,30,5,25,國泰-新莊,2023-03-06,8886
4979,華星光,29,5,24,國泰-新莊,2023-03-06,8886
3624,光頡,31,10,21,國泰-新莊,2023-03-06,8886
00637L,元大滬深300正2,21,0,21,國泰-新莊,2023-03-06,8886
00683L,期元大美元指正2,20,0,20,國泰-新莊,2023-03-06,8886
2605,新興,54,35,19,國泰-新莊,2023-03-06,8886
4953,緯軟,20,4,16,國泰-新莊,2023-03-06,8886
3147,大綜,17,1,16,國泰-新莊,2023-03-06,8886
3362,先進光,79,63,16,國泰-新莊,2023-03-06,8886
2884,玉山金,30,15,15,國泰-新莊,2023-03-06,8886
2337,旺宏,16,1,15,國泰-新莊,2023-03-06,8886
3479,安勤,27,12,15,國泰-新莊,2023-03-06,8886
5371,中光電,16,1,15,國泰-新莊,2023-03-06,8886
2890,永豐金,18,3,15,國泰-新莊,2023-03-06,8886
6282,康舒,184,169,15,國泰-新莊,2023-03-06,8886
2002,中鋼,17,3,14,國泰-新莊,2023-03-06,8886
1810,和成,18,5,13,國泰-新莊,2023-03-06,8886
6799,來頡,13,0,13,國泰-新莊,2023-03-06,8886
1220,台榮,16,3,13,國泰-新莊,2023-03-06,8886
006208,富邦台50,22,9,13,國泰-新莊,2023-03-06,8886
00713,元大台灣高息低波,14,1,13,國泰-新莊,2023-03-06,8886
00712,復華富時不動產,23,10,13,國泰-新莊,2023-03-06,8886
3356,奇偶,66,53,13,國泰-新莊,2023-03-06,8886
3047,訊舟,20,8,12,國泰-新莊,2023-03-06,8886
6104,創惟,30,18,12,國泰-新莊,2023-03-06,8886
4967,十銓,17,5,12,國泰-新莊,2023-03-06,8886
1907,永豐餘,12,0,12,國泰-新莊,2023-03-06,8886
00753L,中信中國50正2,35,23,12,國泰-新莊,2023-03-06,8886
2637,慧洋-KY,15,3,12,國泰-新莊,2023-03-06,8886
1605,華新,34,23,11,國泰-新莊,2023-03-06,8886
8367,建新國際,11,0,11,國泰-新莊,2023-03-06,8886
2027,大成鋼,19,8,11,國泰-新莊,2023-03-06,8886
6143,振曜,17,6,11,國泰-新莊,2023-03-06,8886
6689,伊雲谷,11,1,10,國泰-新莊,2023-03-06,8886
2409,友達,219,17,202,國泰-新莊,2023-03-07,8886
00632R,元大台灣50反1,193,13,180,國泰-新莊,2023-03-07,8886
00882,中信中國高股息,209,57,152,國泰-新莊,2023-03-07,8886
00720B,元大投資級公司債,144,2,142,國泰-新莊,2023-03-07,8886
2897,王道銀行,92,1,91,國泰-新莊,2023-03-07,8886
3481,群創,417,342,75,國泰-新莊,2023-03-07,8886
00673R,期元大S＆P原油反1,72,0,72,國泰-新莊,2023-03-07,8886
1101,台泥,64,0,64,國泰-新莊,2023-03-07,8886
020034,元大IC設計N,50,0,50,國泰-新莊,2023-03-07,8886
00885,富邦越南,43,0,43,國泰-新莊,2023-03-07,8886
3207,耀勝,55,15,40,國泰-新莊,2023-03-07,8886
2230,泰茂,48,13,35,國泰-新莊,2023-03-07,8886
2482,連宇,116,83,33,國泰-新莊,2023-03-07,8886
2457,飛宏,102,71,31,國泰-新莊,2023-03-07,8886
4503,金雨,30,0,30,國泰-新莊,2023-03-07,8886
00637L,元大滬深300正2,40,11,29,國泰-新莊,2023-03-07,8886
3264,欣銓,49,20,29,國泰-新莊,2023-03-07,8886
3006,晶豪科,29,2,27,國泰-新莊,2023-03-07,8886
00903,富邦元宇宙,28,3,25,國泰-新莊,2023-03-07,8886
00713,元大台灣高息低波,30,5,25,國泰-新莊,2023-03-07,8886
3272,東碩,40,18,22,國泰-新莊,2023-03-07,8886
1760,寶齡富錦,32,11,21,國泰-新莊,2023-03-07,8886
00679B,元大美債20年,23,2,21,國泰-新莊,2023-03-07,8886
6116,彩晶,23,3,20,國泰-新莊,2023-03-07,8886
4716,大立,20,0,20,國泰-新莊,2023-03-07,8886
1584,精剛,45,25,20,國泰-新莊,2023-03-07,8886
6282,康舒,143,124,19,國泰-新莊,2023-03-07,8886
2358,廷鑫,20,2,18,國泰-新莊,2023-03-07,8886
3228,金麗科,18,0,18,國泰-新莊,2023-03-07,8886
4114,健喬,17,1,16,國泰-新莊,2023-03-07,8886
4979,華星光,48,32,16,國泰-新莊,2023-03-07,8886
4977,眾達-KY,42,26,16,國泰-新莊,2023-03-07,8886
2886,兆豐金,16,0,16,國泰-新莊,2023-03-07,8886
2208,台船,17,1,16,國泰-新莊,2023-03-07,8886
5464,霖宏,27,12,15,國泰-新莊,2023-03-07,8886
3147,大綜,17,2,15,國泰-新莊,2023-03-07,8886
6113,亞矽,15,1,14,國泰-新莊,2023-03-07,8886
3037,欣興,25,11,14,國泰-新莊,2023-03-07,8886
8033,雷虎,19,6,13,國泰-新莊,2023-03-07,8886
1710,東聯,22,9,13,國泰-新莊,2023-03-07,8886
1218,泰山,13,0,13,國泰-新莊,2023-03-07,8886
3162,精確,21,8,13,國泰-新莊,2023-03-07,8886
3504,揚明光,15,2,13,國泰-新莊,2023-03-07,8886
4163,鐿鈦,12,0,12,國泰-新莊,2023-03-07,8886
2201,裕隆,27,15,12,國泰-新莊,2023-03-07,8886
2495,普安,23,11,12,國泰-新莊,2023-03-07,8886
0050,元大台灣50,18,7,11,國泰-新莊,2023-03-07,8886
2618,長榮航,13,1,12,國泰-新莊,2023-03-07,8886
4162,智擎,11,0,11,國泰-新莊,2023-03-07,8886
2809,京城銀,11,0,11,國泰-新莊,2023-03-07,8886
00712,復華富時不動產,123,7,116,國泰-新莊,2023-03-08,8886
00753L,中信中國50正2,117,5,112,國泰-新莊,2023-03-08,8886
5009,榮剛,181,74,107,國泰-新莊,2023-03-08,8886
00637L,元大滬深300正2,108,2,106,國泰-新莊,2023-03-08,8886
00665L,富邦�琤肭磪囓�2,95,0,95,國泰-新莊,2023-03-08,8886
2609,陽明,117,43,74,國泰-新莊,2023-03-08,8886
8069,元太,79,20,59,國泰-新莊,2023-03-08,8886
00878,國泰永續高股息,108,55,53,國泰-新莊,2023-03-08,8886
2498,宏達電,68,16,52,國泰-新莊,2023-03-08,8886
1605,華新,162,111,51,國泰-新莊,2023-03-08,8886
2891,中信金,45,1,44,國泰-新莊,2023-03-08,8886
00882,中信中國高股息,96,54,42,國泰-新莊,2023-03-08,8886
2610,華航,82,40,42,國泰-新莊,2023-03-08,8886
3362,先進光,78,40,38,國泰-新莊,2023-03-08,8886
2482,連宇,76,40,36,國泰-新莊,2023-03-08,8886
3011,今皓,36,0,36,國泰-新莊,2023-03-08,8886
3013,晟銘電,76,41,35,國泰-新莊,2023-03-08,8886
5425,台半,96,61,35,國泰-新莊,2023-03-08,8886
1584,精剛,74,42,32,國泰-新莊,2023-03-08,8886
00632R,元大台灣50反1,83,53,30,國泰-新莊,2023-03-08,8886
8033,雷虎,35,6,29,國泰-新莊,2023-03-08,8886
3027,盛達,34,5,29,國泰-新莊,2023-03-08,8886
0056,元大高股息,49,20,29,國泰-新莊,2023-03-08,8886
2481,強茂,71,43,28,國泰-新莊,2023-03-08,8886
5512,力麒,37,11,26,國泰-新莊,2023-03-08,8886
2883,凱基金,32,6,26,國泰-新莊,2023-03-08,8886
00897,富邦基因免疫生技,25,0,25,國泰-新莊,2023-03-08,8886
1504,東元,82,59,23,國泰-新莊,2023-03-08,8886
1101,台泥,37,14,23,國泰-新莊,2023-03-08,8886
2388,威盛,38,16,22,國泰-新莊,2023-03-08,8886
1802,台玻,21,0,21,國泰-新莊,2023-03-08,8886
2208,台船,25,5,20,國泰-新莊,2023-03-08,8886
6147,頎邦,20,0,20,國泰-新莊,2023-03-08,8886
020035,元大上櫃ESG高息N,20,0,20,國泰-新莊,2023-03-08,8886
00900,富邦特選高股息30,22,4,18,國泰-新莊,2023-03-08,8886
00902,中信電池及儲能,18,0,18,國泰-新莊,2023-03-08,8886
00893,國泰智能電動車,21,3,18,國泰-新莊,2023-03-08,8886
6290,良維,25,7,18,國泰-新莊,2023-03-08,8886
3207,耀勝,30,12,18,國泰-新莊,2023-03-08,8886
6770,力積電,19,2,17,國泰-新莊,2023-03-08,8886
2405,輔信,17,0,17,國泰-新莊,2023-03-08,8886
1701,中化,22,5,17,國泰-新莊,2023-03-08,8886
00895,富邦未來車,17,1,16,國泰-新莊,2023-03-08,8886
6806,森崴能源,25,9,16,國泰-新莊,2023-03-08,8886
2618,長榮航,15,0,15,國泰-新莊,2023-03-08,8886
1710,東聯,20,5,15,國泰-新莊,2023-03-08,8886
5284,jpp-KY,44,29,15,國泰-新莊,2023-03-08,8886
3149,正達,15,0,15,國泰-新莊,2023-03-08,8886
2344,華邦電,24,10,14,國泰-新莊,2023-03-08,8886
4976,佳凌,39,25,14,國泰-新莊,2023-03-08,8886
00632R,元大台灣50反1,1057,629,428,國泰-新莊,2023-03-09,8886
8069,元太,191,28,163,國泰-新莊,2023-03-09,8886
00878,國泰永續高股息,180,38,142,國泰-新莊,2023-03-09,8886
6443,元晶,103,7,96,國泰-新莊,2023-03-09,8886
00713,元大台灣高息低波,93,2,91,國泰-新莊,2023-03-09,8886
00882,中信中國高股息,93,2,91,國泰-新莊,2023-03-09,8886
1101,台泥,86,8,78,國泰-新莊,2023-03-09,8886
2884,玉山金,74,3,71,國泰-新莊,2023-03-09,8886
911868,同方友友-DR,72,1,71,國泰-新莊,2023-03-09,8886
3094,聯傑,71,0,71,國泰-新莊,2023-03-09,8886
2409,友達,69,3,66,國泰-新莊,2023-03-09,8886
9907,統一實,68,6,62,國泰-新莊,2023-03-09,8886
6282,康舒,136,74,62,國泰-新莊,2023-03-09,8886
2317,鴻海,56,4,52,國泰-新莊,2023-03-09,8886
6278,台表科,65,15,50,國泰-新莊,2023-03-09,8886
6116,彩晶,59,11,48,國泰-新莊,2023-03-09,8886
2457,飛宏,152,105,47,國泰-新莊,2023-03-09,8886
00637L,元大滬深300正2,48,3,45,國泰-新莊,2023-03-09,8886
9105,泰金寶-DR,60,15,45,國泰-新莊,2023-03-09,8886
00923,群益台ESG低碳50,65,20,45,國泰-新莊,2023-03-09,8886
5009,榮剛,83,39,44,國泰-新莊,2023-03-09,8886
2014,中鴻,54,12,42,國泰-新莊,2023-03-09,8886
2201,裕隆,63,27,36,國泰-新莊,2023-03-09,8886
1513,中興電,79,47,32,國泰-新莊,2023-03-09,8886
6257,矽格,33,2,31,國泰-新莊,2023-03-09,8886
9904,寶成,29,0,29,國泰-新莊,2023-03-09,8886
6191,精成科,32,5,27,國泰-新莊,2023-03-09,8886
1815,富喬,27,0,27,國泰-新莊,2023-03-09,8886
1519,華城,57,30,27,國泰-新莊,2023-03-09,8886
2890,永豐金,24,0,24,國泰-新莊,2023-03-09,8886
00715L,期街口布蘭特正2,44,20,24,國泰-新莊,2023-03-09,8886
1514,亞力,36,12,24,國泰-新莊,2023-03-09,8886
1503,士電,30,6,24,國泰-新莊,2023-03-09,8886
2637,慧洋-KY,25,2,23,國泰-新莊,2023-03-09,8886
2489,瑞軒,23,0,23,國泰-新莊,2023-03-09,8886
2368,金像電,29,7,22,國泰-新莊,2023-03-09,8886
8222,寶一,87,65,22,國泰-新莊,2023-03-09,8886
2883,凱基金,36,15,21,國泰-新莊,2023-03-09,8886
00665L,富邦�琤肭磪囓�2,24,3,21,國泰-新莊,2023-03-09,8886
3207,耀勝,22,1,21,國泰-新莊,2023-03-09,8886
3209,全科,21,0,21,國泰-新莊,2023-03-09,8886
4147,中裕,20,0,20,國泰-新莊,2023-03-09,8886
2482,連宇,150,130,20,國泰-新莊,2023-03-09,8886
3673,TPK-KY,25,5,20,國泰-新莊,2023-03-09,8886
2359,所羅門,114,94,20,國泰-新莊,2023-03-09,8886
4707,磐亞,20,0,20,國泰-新莊,2023-03-09,8886
2375,凱美,25,6,19,國泰-新莊,2023-03-09,8886
2887,台新金,22,3,19,國泰-新莊,2023-03-09,8886
6016,康和證,18,0,18,國泰-新莊,2023-03-09,8886
2405,輔信,17,0,17,國泰-新莊,2023-03-09,8886
00878,國泰永續高股息,521,44,477,國泰-新莊,2023-03-10,8886
2610,華航,453,44,409,國泰-新莊,2023-03-10,8886
2884,玉山金,172,5,167,國泰-新莊,2023-03-10,8886
00712,復華富時不動產,205,43,162,國泰-新莊,2023-03-10,8886
2618,長榮航,180,25,155,國泰-新莊,2023-03-10,8886
2609,陽明,585,453,132,國泰-新莊,2023-03-10,8886
2449,京元電子,124,3,121,國泰-新莊,2023-03-10,8886
00923,群益台ESG低碳50,99,1,98,國泰-新莊,2023-03-10,8886
00753L,中信中國50正2,285,187,98,國泰-新莊,2023-03-10,8886
00632R,元大台灣50反1,193,108,85,國泰-新莊,2023-03-10,8886
00715L,期街口布蘭特正2,84,0,84,國泰-新莊,2023-03-10,8886
00665L,富邦�琤肭磪囓�2,83,2,81,國泰-新莊,2023-03-10,8886
3481,群創,245,165,80,國泰-新莊,2023-03-10,8886
00895,富邦未來車,73,1,72,國泰-新莊,2023-03-10,8886
5880,合庫金,75,5,70,國泰-新莊,2023-03-10,8886
3033,威健,63,1,62,國泰-新莊,2023-03-10,8886
00713,元大台灣高息低波,61,1,60,國泰-新莊,2023-03-10,8886
0056,元大高股息,101,41,60,國泰-新莊,2023-03-10,8886
6443,元晶,71,12,59,國泰-新莊,2023-03-10,8886
00751B,元大AAA至A公司債,60,1,59,國泰-新莊,2023-03-10,8886
2103,台橡,78,20,58,國泰-新莊,2023-03-10,8886
3447,展達,57,0,57,國泰-新莊,2023-03-10,8886
2344,華邦電,57,1,56,國泰-新莊,2023-03-10,8886
3094,聯傑,55,2,53,國泰-新莊,2023-03-10,8886
2888,新光金,69,16,53,國泰-新莊,2023-03-10,8886
2891,中信金,51,6,45,國泰-新莊,2023-03-10,8886
3434,哲固,43,0,43,國泰-新莊,2023-03-10,8886
2330,台積電,42,1,41,國泰-新莊,2023-03-10,8886
1584,精剛,183,143,40,國泰-新莊,2023-03-10,8886
00642U,期元大S＆P石油,39,0,39,國泰-新莊,2023-03-10,8886
2881,富邦金,49,10,39,國泰-新莊,2023-03-10,8886
2402,毅嘉,44,7,37,國泰-新莊,2023-03-10,8886
2453,凌群,156,120,36,國泰-新莊,2023-03-10,8886
00637L,元大滬深300正2,37,1,36,國泰-新莊,2023-03-10,8886
6133,金橋,36,2,34,國泰-新莊,2023-03-10,8886
9105,泰金寶-DR,34,1,33,國泰-新莊,2023-03-10,8886
2882,國泰金,36,3,33,國泰-新莊,2023-03-10,8886
1802,台玻,33,1,32,國泰-新莊,2023-03-10,8886
3027,盛達,44,12,32,國泰-新莊,2023-03-10,8886
020035,元大上櫃ESG高息N,30,0,30,國泰-新莊,2023-03-10,8886
1513,中興電,68,40,28,國泰-新莊,2023-03-10,8886
1712,興農,27,0,27,國泰-新莊,2023-03-10,8886
3207,耀勝,34,7,27,國泰-新莊,2023-03-10,8886
0050,元大台灣50,26,0,26,國泰-新莊,2023-03-10,8886
4533,協易機,25,0,25,國泰-新莊,2023-03-10,8886
00905,FT臺灣Smart,46,21,25,國泰-新莊,2023-03-10,8886
00882,中信中國高股息,66,42,24,國泰-新莊,2023-03-10,8886
2317,鴻海,36,12,24,國泰-新莊,2023-03-10,8886
3305,昇貿,23,0,23,國泰-新莊,2023-03-10,8886
3703,欣陸,22,0,22,國泰-新莊,2023-03-10,8886
00878,國泰永續高股息,876,278,598,國泰-新莊,2023-03-13,8886
2834,臺企銀,204,9,195,國泰-新莊,2023-03-13,8886
3434,哲固,187,0,187,國泰-新莊,2023-03-13,8886
00772B,中信高評級公司債,189,3,186,國泰-新莊,2023-03-13,8886
00712,復華富時不動產,172,46,126,國泰-新莊,2023-03-13,8886
00632R,元大台灣50反1,152,38,114,國泰-新莊,2023-03-13,8886
00897,富邦基因免疫生技,92,0,92,國泰-新莊,2023-03-13,8886
2609,陽明,320,241,79,國泰-新莊,2023-03-13,8886
2884,玉山金,105,45,60,國泰-新莊,2023-03-13,8886
00713,元大台灣高息低波,51,4,47,國泰-新莊,2023-03-13,8886
2845,遠東銀,45,0,45,國泰-新莊,2023-03-13,8886
00671R,富邦NASDAQ反1,44,1,43,國泰-新莊,2023-03-13,8886
2610,華航,123,80,43,國泰-新莊,2023-03-13,8886
2449,京元電子,44,2,42,國泰-新莊,2023-03-13,8886
2867,三商壽,48,11,37,國泰-新莊,2023-03-13,8886
2002,中鋼,35,3,32,國泰-新莊,2023-03-13,8886
00882,中信中國高股息,34,3,31,國泰-新莊,2023-03-13,8886
2457,飛宏,145,117,28,國泰-新莊,2023-03-13,8886
00679B,元大美債20年,39,11,28,國泰-新莊,2023-03-13,8886
6143,振曜,25,0,25,國泰-新莊,2023-03-13,8886
2539,櫻花建,26,1,25,國泰-新莊,2023-03-13,8886
3322,建舜電,24,0,24,國泰-新莊,2023-03-13,8886
2892,第一金,29,6,23,國泰-新莊,2023-03-13,8886
2314,台揚,22,0,22,國泰-新莊,2023-03-13,8886
6104,創惟,47,26,21,國泰-新莊,2023-03-13,8886
00683L,期元大美元指正2,22,1,21,國泰-新莊,2023-03-13,8886
2419,仲琦,24,3,21,國泰-新莊,2023-03-13,8886
00773B,中信優先金融債,21,0,21,國泰-新莊,2023-03-13,8886
00923,群益台ESG低碳50,20,0,20,國泰-新莊,2023-03-13,8886
3710,連展投控,23,3,20,國泰-新莊,2023-03-13,8886
6470,宇智,20,0,20,國泰-新莊,2023-03-13,8886
2388,威盛,70,51,19,國泰-新莊,2023-03-13,8886
6235,華孚,174,156,18,國泰-新莊,2023-03-13,8886
3515,華擎,20,2,18,國泰-新莊,2023-03-13,8886
2312,金寶,28,10,18,國泰-新莊,2023-03-13,8886
00665L,富邦�琤肭磪囓�2,41,24,17,國泰-新莊,2023-03-13,8886
2881,富邦金,25,9,16,國泰-新莊,2023-03-13,8886
2481,強茂,18,2,16,國泰-新莊,2023-03-13,8886
00664R,國泰臺灣加權反1,16,0,16,國泰-新莊,2023-03-13,8886
8933,愛地雅,17,2,15,國泰-新莊,2023-03-13,8886
4564,元翎,18,4,14,國泰-新莊,2023-03-13,8886
1432,大魯閣,14,0,14,國泰-新莊,2023-03-13,8886
2427,三商電,35,21,14,國泰-新莊,2023-03-13,8886
3011,今皓,14,0,14,國泰-新莊,2023-03-13,8886
8097,常珵,13,0,13,國泰-新莊,2023-03-13,8886
1314,中石化,13,0,13,國泰-新莊,2023-03-13,8886
2883,凱基金,22,9,13,國泰-新莊,2023-03-13,8886
1409,新纖,12,0,12,國泰-新莊,2023-03-13,8886
2886,兆豐金,18,7,11,國泰-新莊,2023-03-13,8886
5465,富驊,12,1,11,國泰-新莊,2023-03-13,8886
00878,國泰永續高股息,1064,62,1002,國泰-新莊,2023-03-14,8886
3434,哲固,223,12,211,國泰-新莊,2023-03-14,8886
00712,復華富時不動產,127,0,127,國泰-新莊,2023-03-14,8886
2618,長榮航,183,57,126,國泰-新莊,2023-03-14,8886
00715L,期街口布蘭特正2,108,13,95,國泰-新莊,2023-03-14,8886
2609,陽明,266,177,89,國泰-新莊,2023-03-14,8886
2887,台新金,79,4,75,國泰-新莊,2023-03-14,8886
00882,中信中國高股息,78,9,69,國泰-新莊,2023-03-14,8886
00632R,元大台灣50反1,194,134,60,國泰-新莊,2023-03-14,8886
2891,中信金,76,20,56,國泰-新莊,2023-03-14,8886
00773B,中信優先金融債,56,0,56,國泰-新莊,2023-03-14,8886
5388,中磊,61,5,56,國泰-新莊,2023-03-14,8886
2884,玉山金,75,23,52,國泰-新莊,2023-03-14,8886
5009,榮剛,56,7,49,國泰-新莊,2023-03-14,8886
2303,聯電,112,63,49,國泰-新莊,2023-03-14,8886
00893,國泰智能電動車,49,2,47,國泰-新莊,2023-03-14,8886
00720B,元大投資級公司債,54,8,46,國泰-新莊,2023-03-14,8886
2610,華航,140,96,44,國泰-新莊,2023-03-14,8886
00642U,期元大S＆P石油,42,0,42,國泰-新莊,2023-03-14,8886
2615,萬海,89,47,42,國泰-新莊,2023-03-14,8886
2883,凱基金,50,8,42,國泰-新莊,2023-03-14,8886
0056,元大高股息,72,32,40,國泰-新莊,2023-03-14,8886
3264,欣銓,42,3,39,國泰-新莊,2023-03-14,8886
00713,元大台灣高息低波,40,1,39,國泰-新莊,2023-03-14,8886
2457,飛宏,211,176,35,國泰-新莊,2023-03-14,8886
5880,合庫金,36,2,34,國泰-新莊,2023-03-14,8886
5907,大洋-KY,33,0,33,國泰-新莊,2023-03-14,8886
1409,新纖,43,11,32,國泰-新莊,2023-03-14,8886
00679B,元大美債20年,38,6,32,國泰-新莊,2023-03-14,8886
2427,三商電,30,1,29,國泰-新莊,2023-03-14,8886
2881,富邦金,33,4,29,國泰-新莊,2023-03-14,8886
00923,群益台ESG低碳50,34,5,29,國泰-新莊,2023-03-14,8886
2880,華南金,32,4,28,國泰-新莊,2023-03-14,8886
3481,群創,96,70,26,國泰-新莊,2023-03-14,8886
1605,華新,94,69,25,國泰-新莊,2023-03-14,8886
2312,金寶,25,0,25,國泰-新莊,2023-03-14,8886
006208,富邦台50,25,0,25,國泰-新莊,2023-03-14,8886
00895,富邦未來車,25,0,25,國泰-新莊,2023-03-14,8886
8110,華東,24,0,24,國泰-新莊,2023-03-14,8886
2027,大成鋼,94,71,23,國泰-新莊,2023-03-14,8886
2409,友達,23,0,23,國泰-新莊,2023-03-14,8886
2449,京元電子,23,1,22,國泰-新莊,2023-03-14,8886
8933,愛地雅,27,6,21,國泰-新莊,2023-03-14,8886
2892,第一金,25,4,21,國泰-新莊,2023-03-14,8886
1524,耿鼎,21,1,20,國泰-新莊,2023-03-14,8886
00907,永豐優息存股,19,0,19,國泰-新莊,2023-03-14,8886
2352,佳世達,29,10,19,國泰-新莊,2023-03-14,8886
00902,中信電池及儲能,19,0,19,國泰-新莊,2023-03-14,8886
2308,台達電,18,0,18,國泰-新莊,2023-03-14,8886
1909,榮成,17,0,17,國泰-新莊,2023-03-14,8886
00878,國泰永續高股息,310,25,285,國泰-新莊,2023-03-15,8886
00713,元大台灣高息低波,152,1,151,國泰-新莊,2023-03-15,8886
2603,長榮,220,134,86,國泰-新莊,2023-03-15,8886
00715L,期街口布蘭特正2,90,7,83,國泰-新莊,2023-03-15,8886
00712,復華富時不動產,89,6,83,國泰-新莊,2023-03-15,8886
00772B,中信高評級公司債,76,1,75,國泰-新莊,2023-03-15,8886
2884,玉山金,78,15,63,國泰-新莊,2023-03-15,8886
00642U,期元大S＆P石油,62,0,62,國泰-新莊,2023-03-15,8886
2834,臺企銀,59,0,59,國泰-新莊,2023-03-15,8886
3434,哲固,46,0,46,國泰-新莊,2023-03-15,8886
5880,合庫金,47,1,46,國泰-新莊,2023-03-15,8886
00679B,元大美債20年,39,9,30,國泰-新莊,2023-03-15,8886
6161,捷波,30,0,30,國泰-新莊,2023-03-15,8886
00632R,元大台灣50反1,112,82,30,國泰-新莊,2023-03-15,8886
2888,新光金,102,73,29,國泰-新莊,2023-03-15,8886
2891,中信金,30,1,29,國泰-新莊,2023-03-15,8886
2489,瑞軒,28,0,28,國泰-新莊,2023-03-15,8886
0056,元大高股息,38,10,28,國泰-新莊,2023-03-15,8886
2880,華南金,28,1,27,國泰-新莊,2023-03-15,8886
4538,大詠城,26,0,26,國泰-新莊,2023-03-15,8886
6282,康舒,65,40,25,國泰-新莊,2023-03-15,8886
2609,陽明,225,200,25,國泰-新莊,2023-03-15,8886
2492,華新科,34,9,25,國泰-新莊,2023-03-15,8886
2476,鉅祥,31,6,25,國泰-新莊,2023-03-15,8886
2887,台新金,42,18,24,國泰-新莊,2023-03-15,8886
2641,正德,40,16,24,國泰-新莊,2023-03-15,8886
2002,中鋼,26,2,24,國泰-新莊,2023-03-15,8886
2017,官田鋼,34,10,24,國泰-新莊,2023-03-15,8886
9907,統一實,22,0,22,國泰-新莊,2023-03-15,8886
1474,弘裕,22,0,22,國泰-新莊,2023-03-15,8886
3491,昇達科,64,42,22,國泰-新莊,2023-03-15,8886
00650L,復華香港正2,22,0,22,國泰-新莊,2023-03-15,8886
2486,一詮,34,12,22,國泰-新莊,2023-03-15,8886
6244,茂迪,50,29,21,國泰-新莊,2023-03-15,8886
3481,群創,30,9,21,國泰-新莊,2023-03-15,8886
1815,富喬,20,0,20,國泰-新莊,2023-03-15,8886
00687B,國泰20年美債,20,0,20,國泰-新莊,2023-03-15,8886
3038,全台,26,7,19,國泰-新莊,2023-03-15,8886
1795,美時,24,6,18,國泰-新莊,2023-03-15,8886
00923,群益台ESG低碳50,20,2,18,國泰-新莊,2023-03-15,8886
2409,友達,20,3,17,國泰-新莊,2023-03-15,8886
2845,遠東銀,22,6,16,國泰-新莊,2023-03-15,8886
2886,兆豐金,22,7,15,國泰-新莊,2023-03-15,8886
1504,東元,99,84,15,國泰-新莊,2023-03-15,8886
2867,三商壽,23,9,14,國泰-新莊,2023-03-15,8886
2885,元大金,15,1,14,國泰-新莊,2023-03-15,8886
2613,中櫃,14,0,14,國泰-新莊,2023-03-15,8886
2344,華邦電,16,2,14,國泰-新莊,2023-03-15,8886
9945,潤泰新,34,20,14,國泰-新莊,2023-03-15,8886
6770,力積電,30,17,13,國泰-新莊,2023-03-15,8886
2834,臺企銀,789,95,694,國泰-新莊,2023-03-16,8886
00878,國泰永續高股息,387,57,330,國泰-新莊,2023-03-16,8886
2634,漢翔,161,9,152,國泰-新莊,2023-03-16,8886
00712,復華富時不動產,176,28,148,國泰-新莊,2023-03-16,8886
2884,玉山金,145,9,136,國泰-新莊,2023-03-16,8886
00923,群益台ESG低碳50,111,0,111,國泰-新莊,2023-03-16,8886
00713,元大台灣高息低波,112,3,109,國泰-新莊,2023-03-16,8886
3434,哲固,107,4,103,國泰-新莊,2023-03-16,8886
00686R,群益臺灣加權反1,90,0,90,國泰-新莊,2023-03-16,8886
2891,中信金,99,12,87,國泰-新莊,2023-03-16,8886
2618,長榮航,94,20,74,國泰-新莊,2023-03-16,8886
2883,凱基金,105,36,69,國泰-新莊,2023-03-16,8886
6282,康舒,110,51,59,國泰-新莊,2023-03-16,8886
3264,欣銓,74,17,57,國泰-新莊,2023-03-16,8886
2317,鴻海,56,7,49,國泰-新莊,2023-03-16,8886
00753L,中信中國50正2,61,12,49,國泰-新莊,2023-03-16,8886
00665L,富邦�琤肭磪囓�2,90,42,48,國泰-新莊,2023-03-16,8886
00642U,期元大S＆P石油,53,7,46,國泰-新莊,2023-03-16,8886
2882,國泰金,72,32,40,國泰-新莊,2023-03-16,8886
2886,兆豐金,40,2,38,國泰-新莊,2023-03-16,8886
2867,三商壽,44,10,34,國泰-新莊,2023-03-16,8886
3447,展達,32,0,32,國泰-新莊,2023-03-16,8886
8933,愛地雅,34,5,29,國泰-新莊,2023-03-16,8886
3037,欣興,46,18,28,國泰-新莊,2023-03-16,8886
3024,憶聲,27,0,27,國泰-新莊,2023-03-16,8886
8069,元太,43,20,23,國泰-新莊,2023-03-16,8886
2880,華南金,27,5,22,國泰-新莊,2023-03-16,8886
4128,中天,22,0,22,國泰-新莊,2023-03-16,8886
2427,三商電,26,5,21,國泰-新莊,2023-03-16,8886
2603,長榮,88,67,21,國泰-新莊,2023-03-16,8886
4572,駐龍,21,0,21,國泰-新莊,2023-03-16,8886
2457,飛宏,113,92,21,國泰-新莊,2023-03-16,8886
00852L,國泰美國道瓊正2,20,0,20,國泰-新莊,2023-03-16,8886
2707,晶華,20,0,20,國泰-新莊,2023-03-16,8886
2338,光罩,33,14,19,國泰-新莊,2023-03-16,8886
3576,聯合再生,18,1,17,國泰-新莊,2023-03-16,8886
2888,新光金,23,6,17,國泰-新莊,2023-03-16,8886
6257,矽格,17,0,17,國泰-新莊,2023-03-16,8886
00664R,國泰臺灣加權反1,20,3,17,國泰-新莊,2023-03-16,8886
2498,宏達電,49,32,17,國泰-新莊,2023-03-16,8886
1314,中石化,22,5,17,國泰-新莊,2023-03-16,8886
2482,連宇,27,11,16,國泰-新莊,2023-03-16,8886
00715L,期街口布蘭特正2,295,280,15,國泰-新莊,2023-03-16,8886
1409,新纖,23,8,15,國泰-新莊,2023-03-16,8886
2312,金寶,16,1,15,國泰-新莊,2023-03-16,8886
3564,其陽,15,0,15,國泰-新莊,2023-03-16,8886
5464,霖宏,15,0,15,國泰-新莊,2023-03-16,8886
2887,台新金,26,11,15,國泰-新莊,2023-03-16,8886
00751B,元大AAA至A公司債,16,1,15,國泰-新莊,2023-03-16,8886
5880,合庫金,16,1,15,國泰-新莊,2023-03-16,8886
00878,國泰永續高股息,262,60,202,國泰-新莊,2023-03-17,8886
00712,復華富時不動產,113,0,113,國泰-新莊,2023-03-17,8886
2891,中信金,113,7,106,國泰-新莊,2023-03-17,8886
2610,華航,102,0,102,國泰-新莊,2023-03-17,8886
1504,東元,79,7,72,國泰-新莊,2023-03-17,8886
2834,臺企銀,110,45,65,國泰-新莊,2023-03-17,8886
2887,台新金,67,4,63,國泰-新莊,2023-03-17,8886
00671R,富邦NASDAQ反1,58,12,46,國泰-新莊,2023-03-17,8886
2457,飛宏,274,229,45,國泰-新莊,2023-03-17,8886
00715L,期街口布蘭特正2,43,1,42,國泰-新莊,2023-03-17,8886
2888,新光金,41,3,38,國泰-新莊,2023-03-17,8886
3481,群創,271,234,37,國泰-新莊,2023-03-17,8886
3056,富華新,54,20,34,國泰-新莊,2023-03-17,8886
1101,台泥,30,3,27,國泰-新莊,2023-03-17,8886
9945,潤泰新,44,17,27,國泰-新莊,2023-03-17,8886
00713,元大台灣高息低波,28,3,25,國泰-新莊,2023-03-17,8886
4934,太極,28,4,24,國泰-新莊,2023-03-17,8886
2027,大成鋼,24,1,23,國泰-新莊,2023-03-17,8886
2884,玉山金,33,10,23,國泰-新莊,2023-03-17,8886
1609,大亞,51,28,23,國泰-新莊,2023-03-17,8886
2618,長榮航,26,9,17,國泰-新莊,2023-03-17,8886
2867,三商壽,17,0,17,國泰-新莊,2023-03-17,8886
1524,耿鼎,39,22,17,國泰-新莊,2023-03-17,8886
00642U,期元大S＆P石油,15,0,15,國泰-新莊,2023-03-17,8886
3702,大聯大,15,0,15,國泰-新莊,2023-03-17,8886
3162,精確,34,19,15,國泰-新莊,2023-03-17,8886
3673,TPK-KY,20,6,14,國泰-新莊,2023-03-17,8886
9955,佳龍,50,36,14,國泰-新莊,2023-03-17,8886
2023,燁輝,13,0,13,國泰-新莊,2023-03-17,8886
2409,友達,48,35,13,國泰-新莊,2023-03-17,8886
6235,華孚,124,111,13,國泰-新莊,2023-03-17,8886
5880,合庫金,13,0,13,國泰-新莊,2023-03-17,8886
2534,宏盛,12,0,12,國泰-新莊,2023-03-17,8886
6108,競國,12,0,12,國泰-新莊,2023-03-17,8886
2845,遠東銀,14,2,12,國泰-新莊,2023-03-17,8886
4564,元翎,12,0,12,國泰-新莊,2023-03-17,8886
3093,港建*,17,6,11,國泰-新莊,2023-03-17,8886
6282,康舒,76,65,11,國泰-新莊,2023-03-17,8886
8050,廣積,11,1,10,國泰-新莊,2023-03-17,8886
2883,凱基金,17,7,10,國泰-新莊,2023-03-17,8886
2495,普安,13,3,10,國泰-新莊,2023-03-17,8886
1515,力山,10,0,10,國泰-新莊,2023-03-17,8886
00633L,富邦上証正2,12,2,10,國泰-新莊,2023-03-17,8886
2881,富邦金,16,7,9,國泰-新莊,2023-03-17,8886
5607,遠雄港,10,1,9,國泰-新莊,2023-03-17,8886
9917,中保科,9,0,9,國泰-新莊,2023-03-17,8886
3312,弘憶股,9,0,9,國泰-新莊,2023-03-17,8886
2890,永豐金,9,0,9,國泰-新莊,2023-03-17,8886
2645,長榮航太,13,5,8,國泰-新莊,2023-03-17,8886
2601,益航,10,2,8,國泰-新莊,2023-03-17,8886
00878,國泰永續高股息,309,10,299,國泰-新莊,2023-03-20,8886
00680L,元大美債20正2,166,1,165,國泰-新莊,2023-03-20,8886
2482,連宇,174,36,138,國泰-新莊,2023-03-20,8886
2801,彰銀,108,0,108,國泰-新莊,2023-03-20,8886
00637L,元大滬深300正2,109,5,104,國泰-新莊,2023-03-20,8886
00753L,中信中國50正2,96,1,95,國泰-新莊,2023-03-20,8886
00665L,富邦�琤肭磪囓�2,96,4,92,國泰-新莊,2023-03-20,8886
2882,國泰金,94,3,91,國泰-新莊,2023-03-20,8886
2317,鴻海,64,2,62,國泰-新莊,2023-03-20,8886
9945,潤泰新,128,71,57,國泰-新莊,2023-03-20,8886
00715L,期街口布蘭特正2,76,20,56,國泰-新莊,2023-03-20,8886
2615,萬海,79,27,52,國泰-新莊,2023-03-20,8886
2891,中信金,52,4,48,國泰-新莊,2023-03-20,8886
3481,群創,101,54,47,國泰-新莊,2023-03-20,8886
00720B,元大投資級公司債,46,1,45,國泰-新莊,2023-03-20,8886
2618,長榮航,38,0,38,國泰-新莊,2023-03-20,8886
00885,富邦越南,39,2,37,國泰-新莊,2023-03-20,8886
8261,富鼎,35,0,35,國泰-新莊,2023-03-20,8886
00852L,國泰美國道瓊正2,32,0,32,國泰-新莊,2023-03-20,8886
2603,長榮,50,23,27,國泰-新莊,2023-03-20,8886
2881,富邦金,25,0,25,國泰-新莊,2023-03-20,8886
00773B,中信優先金融債,33,9,24,國泰-新莊,2023-03-20,8886
00642U,期元大S＆P石油,23,0,23,國泰-新莊,2023-03-20,8886
6161,捷波,23,0,23,國泰-新莊,2023-03-20,8886
2880,華南金,21,0,21,國泰-新莊,2023-03-20,8886
00671R,富邦NASDAQ反1,20,0,20,國泰-新莊,2023-03-20,8886
00902,中信電池及儲能,19,0,19,國泰-新莊,2023-03-20,8886
2845,遠東銀,19,0,19,國泰-新莊,2023-03-20,8886
6235,華孚,64,46,18,國泰-新莊,2023-03-20,8886
6219,富旺,18,0,18,國泰-新莊,2023-03-20,8886
6547,高端疫苗,19,1,18,國泰-新莊,2023-03-20,8886
2362,藍天,17,0,17,國泰-新莊,2023-03-20,8886
00713,元大台灣高息低波,21,4,17,國泰-新莊,2023-03-20,8886
1609,大亞,19,2,17,國泰-新莊,2023-03-20,8886
8069,元太,24,8,16,國泰-新莊,2023-03-20,8886
6770,力積電,23,7,16,國泰-新莊,2023-03-20,8886
1605,華新,58,42,16,國泰-新莊,2023-03-20,8886
6129,普誠,20,5,15,國泰-新莊,2023-03-20,8886
5457,宣德,15,0,15,國泰-新莊,2023-03-20,8886
9136,巨騰-DR,15,0,15,國泰-新莊,2023-03-20,8886
2883,凱基金,26,12,14,國泰-新莊,2023-03-20,8886
2014,中鴻,15,1,14,國泰-新莊,2023-03-20,8886
3207,耀勝,15,1,14,國泰-新莊,2023-03-20,8886
2609,陽明,30,16,14,國泰-新莊,2023-03-20,8886
6231,系微,34,21,13,國泰-新莊,2023-03-20,8886
00908,富邦入息REITs+,14,2,12,國泰-新莊,2023-03-20,8886
6282,康舒,29,18,11,國泰-新莊,2023-03-20,8886
3673,TPK-KY,21,10,11,國泰-新莊,2023-03-20,8886
00687B,國泰20年美債,10,0,10,國泰-新莊,2023-03-20,8886
1314,中石化,10,0,10,國泰-新莊,2023-03-20,8886
3481,群創,386,68,318,國泰-新莊,2023-03-21,8886
2610,華航,115,22,93,國泰-新莊,2023-03-21,8886
00632R,元大台灣50反1,111,35,76,國泰-新莊,2023-03-21,8886
2891,中信金,73,5,68,國泰-新莊,2023-03-21,8886
1513,中興電,128,61,67,國泰-新莊,2023-03-21,8886
00878,國泰永續高股息,76,12,64,國泰-新莊,2023-03-21,8886
3013,晟銘電,59,15,44,國泰-新莊,2023-03-21,8886
6443,元晶,81,42,39,國泰-新莊,2023-03-21,8886
9939,宏全,30,0,30,國泰-新莊,2023-03-21,8886
2609,陽明,49,19,30,國泰-新莊,2023-03-21,8886
2017,官田鋼,47,18,29,國泰-新莊,2023-03-21,8886
6161,捷波,27,0,27,國泰-新莊,2023-03-21,8886
3027,盛達,61,34,27,國泰-新莊,2023-03-21,8886
6129,普誠,26,0,26,國泰-新莊,2023-03-21,8886
2457,飛宏,178,154,24,國泰-新莊,2023-03-21,8886
1101,台泥,24,1,23,國泰-新莊,2023-03-21,8886
020034,元大IC設計N,23,0,23,國泰-新莊,2023-03-21,8886
6547,高端疫苗,26,3,23,國泰-新莊,2023-03-21,8886
2888,新光金,21,0,21,國泰-新莊,2023-03-21,8886
6143,振曜,53,33,20,國泰-新莊,2023-03-21,8886
00882,中信中國高股息,24,4,20,國泰-新莊,2023-03-21,8886
4960,誠美材,19,1,18,國泰-新莊,2023-03-21,8886
3545,敦泰,32,16,16,國泰-新莊,2023-03-21,8886
6163,華電網,80,64,16,國泰-新莊,2023-03-21,8886
2303,聯電,21,6,15,國泰-新莊,2023-03-21,8886
8440,綠電,15,0,15,國泰-新莊,2023-03-21,8886
2883,凱基金,20,6,14,國泰-新莊,2023-03-21,8886
00885,富邦越南,56,42,14,國泰-新莊,2023-03-21,8886
3056,富華新,12,0,12,國泰-新莊,2023-03-21,8886
2641,正德,12,0,12,國泰-新莊,2023-03-21,8886
00753L,中信中國50正2,44,32,12,國泰-新莊,2023-03-21,8886
00908,富邦入息REITs+,14,2,12,國泰-新莊,2023-03-21,8886
4979,華星光,21,10,11,國泰-新莊,2023-03-21,8886
5009,榮剛,38,27,11,國泰-新莊,2023-03-21,8886
4167,松瑞藥,11,0,11,國泰-新莊,2023-03-21,8886
2230,泰茂,24,13,11,國泰-新莊,2023-03-21,8886
00679B,元大美債20年,20,9,11,國泰-新莊,2023-03-21,8886
2453,凌群,70,60,10,國泰-新莊,2023-03-21,8886
6233,旺玖,35,25,10,國泰-新莊,2023-03-21,8886
00857B,永豐20年美公債,10,0,10,國泰-新莊,2023-03-21,8886
2444,兆勁,10,0,10,國泰-新莊,2023-03-21,8886
00715L,期街口布蘭特正2,19,9,10,國泰-新莊,2023-03-21,8886
2881,富邦金,9,0,9,國泰-新莊,2023-03-21,8886
3624,光頡,16,7,9,國泰-新莊,2023-03-21,8886
2406,國碩,24,15,9,國泰-新莊,2023-03-21,8886
5607,遠雄港,10,1,9,國泰-新莊,2023-03-21,8886
2748,雲品,16,7,9,國泰-新莊,2023-03-21,8886
6593,台灣銘板,9,0,9,國泰-新莊,2023-03-21,8886
2471,資通,53,45,8,國泰-新莊,2023-03-21,8886
2618,長榮航,19,11,8,國泰-新莊,2023-03-21,8886
00632R,元大台灣50反1,589,67,522,國泰-新莊,2023-03-22,8886
3481,群創,349,83,266,國泰-新莊,2023-03-22,8886
6182,合晶,77,8,69,國泰-新莊,2023-03-22,8886
3027,盛達,71,27,44,國泰-新莊,2023-03-22,8886
00637L,元大滬深300正2,54,10,44,國泰-新莊,2023-03-22,8886
5608,四維航,53,10,43,國泰-新莊,2023-03-22,8886
9945,潤泰新,44,5,39,國泰-新莊,2023-03-22,8886
5371,中光電,38,1,37,國泰-新莊,2023-03-22,8886
6143,振曜,41,7,34,國泰-新莊,2023-03-22,8886
2605,新興,40,7,33,國泰-新莊,2023-03-22,8886
1504,東元,169,137,32,國泰-新莊,2023-03-22,8886
020034,元大IC設計N,30,0,30,國泰-新莊,2023-03-22,8886
3078,僑威,27,1,26,國泰-新莊,2023-03-22,8886
6122,擎邦,71,47,24,國泰-新莊,2023-03-22,8886
6235,華孚,58,34,24,國泰-新莊,2023-03-22,8886
6282,康舒,26,5,21,國泰-新莊,2023-03-22,8886
00751B,元大AAA至A公司債,21,1,20,國泰-新莊,2023-03-22,8886
6244,茂迪,47,28,19,國泰-新莊,2023-03-22,8886
8105,凌巨,20,1,19,國泰-新莊,2023-03-22,8886
5258,虹堡,42,25,17,國泰-新莊,2023-03-22,8886
6753,龍德造船,17,0,17,國泰-新莊,2023-03-22,8886
2834,臺企銀,42,26,16,國泰-新莊,2023-03-22,8886
3162,精確,30,15,15,國泰-新莊,2023-03-22,8886
2201,裕隆,29,14,15,國泰-新莊,2023-03-22,8886
3047,訊舟,29,14,15,國泰-新莊,2023-03-22,8886
2867,三商壽,17,2,15,國泰-新莊,2023-03-22,8886
2530,華建,17,2,15,國泰-新莊,2023-03-22,8886
4142,國光生,16,1,15,國泰-新莊,2023-03-22,8886
9955,佳龍,16,2,14,國泰-新莊,2023-03-22,8886
2368,金像電,73,60,13,國泰-新莊,2023-03-22,8886
2413,環科,23,10,13,國泰-新莊,2023-03-22,8886
2427,三商電,18,5,13,國泰-新莊,2023-03-22,8886
1795,美時,19,6,13,國泰-新莊,2023-03-22,8886
00680L,元大美債20正2,16,4,12,國泰-新莊,2023-03-22,8886
2388,威盛,50,38,12,國泰-新莊,2023-03-22,8886
2406,國碩,12,0,12,國泰-新莊,2023-03-22,8886
3673,TPK-KY,12,0,12,國泰-新莊,2023-03-22,8886
4739,康普,12,0,12,國泰-新莊,2023-03-22,8886
1584,精剛,16,5,11,國泰-新莊,2023-03-22,8886
1609,大亞,11,0,11,國泰-新莊,2023-03-22,8886
6257,矽格,17,6,11,國泰-新莊,2023-03-22,8886
3059,華晶科,20,9,11,國泰-新莊,2023-03-22,8886
4967,十銓,17,6,11,國泰-新莊,2023-03-22,8886
3013,晟銘電,48,38,10,國泰-新莊,2023-03-22,8886
00772B,中信高評級公司債,10,0,10,國泰-新莊,2023-03-22,8886
00902,中信電池及儲能,14,4,10,國泰-新莊,2023-03-22,8886
00648R,元大S＆P500反1,10,0,10,國泰-新莊,2023-03-22,8886
6153,嘉聯益,10,0,10,國泰-新莊,2023-03-22,8886
6108,競國,10,0,10,國泰-新莊,2023-03-22,8886
00666R,富邦�琤肭磪齯�1,10,0,10,國泰-新莊,2023-03-22,8886
00632R,元大台灣50反1,428,113,315,國泰-新莊,2023-03-23,8886
3481,群創,374,208,166,國泰-新莊,2023-03-23,8886
00720B,元大投資級公司債,107,2,105,國泰-新莊,2023-03-23,8886
2002,中鋼,106,3,103,國泰-新莊,2023-03-23,8886
2883,凱基金,111,21,90,國泰-新莊,2023-03-23,8886
2402,毅嘉,248,178,70,國泰-新莊,2023-03-23,8886
00885,富邦越南,67,9,58,國泰-新莊,2023-03-23,8886
3710,連展投控,49,1,48,國泰-新莊,2023-03-23,8886
3703,欣陸,44,0,44,國泰-新莊,2023-03-23,8886
6143,振曜,71,32,39,國泰-新莊,2023-03-23,8886
00679B,元大美債20年,48,10,38,國泰-新莊,2023-03-23,8886
00712,復華富時不動產,47,14,33,國泰-新莊,2023-03-23,8886
2359,所羅門,32,0,32,國泰-新莊,2023-03-23,8886
00713,元大台灣高息低波,34,7,27,國泰-新莊,2023-03-23,8886
3078,僑威,31,4,27,國泰-新莊,2023-03-23,8886
4157,太景*-KY,27,0,27,國泰-新莊,2023-03-23,8886
2609,陽明,40,14,26,國泰-新莊,2023-03-23,8886
6163,華電網,72,46,26,國泰-新莊,2023-03-23,8886
3058,立德,26,0,26,國泰-新莊,2023-03-23,8886
6116,彩晶,24,0,24,國泰-新莊,2023-03-23,8886
6182,合晶,35,12,23,國泰-新莊,2023-03-23,8886
00687B,國泰20年美債,22,0,22,國泰-新莊,2023-03-23,8886
4155,訊映,22,0,22,國泰-新莊,2023-03-23,8886
1802,台玻,21,0,21,國泰-新莊,2023-03-23,8886
1589,永冠-KY,27,6,21,國泰-新莊,2023-03-23,8886
5381,合正,20,0,20,國泰-新莊,2023-03-23,8886
6244,茂迪,65,46,19,國泰-新莊,2023-03-23,8886
1319,東陽,35,17,18,國泰-新莊,2023-03-23,8886
00751B,元大AAA至A公司債,20,2,18,國泰-新莊,2023-03-23,8886
2303,聯電,26,9,17,國泰-新莊,2023-03-23,8886
2605,新興,26,9,17,國泰-新莊,2023-03-23,8886
5309,系統電,17,1,16,國泰-新莊,2023-03-23,8886
2613,中櫃,15,0,15,國泰-新莊,2023-03-23,8886
2707,晶華,14,0,14,國泰-新莊,2023-03-23,8886
2014,中鴻,16,3,13,國泰-新莊,2023-03-23,8886
3483,力致,16,4,12,國泰-新莊,2023-03-23,8886
2880,華南金,18,6,12,國泰-新莊,2023-03-23,8886
8440,綠電,14,2,12,國泰-新莊,2023-03-23,8886
00680L,元大美債20正2,14,2,12,國泰-新莊,2023-03-23,8886
2882,國泰金,32,20,12,國泰-新莊,2023-03-23,8886
2637,慧洋-KY,24,13,11,國泰-新莊,2023-03-23,8886
3322,建舜電,44,33,11,國泰-新莊,2023-03-23,8886
00902,中信電池及儲能,16,5,11,國泰-新莊,2023-03-23,8886
2481,強茂,24,13,11,國泰-新莊,2023-03-23,8886
5512,力麒,11,0,11,國泰-新莊,2023-03-23,8886
1611,中電,11,0,11,國泰-新莊,2023-03-23,8886
00852L,國泰美國道瓊正2,11,0,11,國泰-新莊,2023-03-23,8886
3013,晟銘電,21,11,10,國泰-新莊,2023-03-23,8886
6257,矽格,10,0,10,國泰-新莊,2023-03-23,8886
3673,TPK-KY,10,0,10,國泰-新莊,2023-03-23,8886
2344,華邦電,446,73,373,國泰-新莊,2023-03-24,8886
2002,中鋼,203,0,203,國泰-新莊,2023-03-24,8886
2845,遠東銀,172,0,172,國泰-新莊,2023-03-24,8886
00632R,元大台灣50反1,175,3,172,國泰-新莊,2023-03-24,8886
00720B,元大投資級公司債,115,0,115,國泰-新莊,2023-03-24,8886
1314,中石化,101,0,101,國泰-新莊,2023-03-24,8886
2812,台中銀,57,0,57,國泰-新莊,2023-03-24,8886
00712,復華富時不動產,55,0,55,國泰-新莊,2023-03-24,8886
6443,元晶,66,12,54,國泰-新莊,2023-03-24,8886
3037,欣興,129,79,50,國泰-新莊,2023-03-24,8886
00637L,元大滬深300正2,46,0,46,國泰-新莊,2023-03-24,8886
3027,盛達,46,4,42,國泰-新莊,2023-03-24,8886
3024,憶聲,43,2,41,國泰-新莊,2023-03-24,8886
3703,欣陸,38,1,37,國泰-新莊,2023-03-24,8886
8046,南電,43,10,33,國泰-新莊,2023-03-24,8886
8277,商丞,26,0,26,國泰-新莊,2023-03-24,8886
3011,今皓,26,1,25,國泰-新莊,2023-03-24,8886
2634,漢翔,52,28,24,國泰-新莊,2023-03-24,8886
2887,台新金,31,7,24,國泰-新莊,2023-03-24,8886
00772B,中信高評級公司債,24,0,24,國泰-新莊,2023-03-24,8886
6129,普誠,25,1,24,國泰-新莊,2023-03-24,8886
1319,東陽,28,6,22,國泰-新莊,2023-03-24,8886
00635U,期元大S＆P黃金,20,0,20,國泰-新莊,2023-03-24,8886
2349,錸德,20,0,20,國泰-新莊,2023-03-24,8886
3710,連展投控,20,0,20,國泰-新莊,2023-03-24,8886
6108,競國,20,0,20,國泰-新莊,2023-03-24,8886
00725B,國泰投資級公司債,20,1,19,國泰-新莊,2023-03-24,8886
2457,飛宏,45,27,18,國泰-新莊,2023-03-24,8886
00687B,國泰20年美債,20,2,18,國泰-新莊,2023-03-24,8886
2883B,凱基金乙特,19,1,18,國泰-新莊,2023-03-24,8886
1609,大亞,63,46,17,國泰-新莊,2023-03-24,8886
3715,定穎投控,40,23,17,國泰-新莊,2023-03-24,8886
6244,茂迪,52,36,16,國泰-新莊,2023-03-24,8886
5607,遠雄港,16,0,16,國泰-新莊,2023-03-24,8886
6109,亞元,26,10,16,國泰-新莊,2023-03-24,8886
2388,威盛,103,87,16,國泰-新莊,2023-03-24,8886
2542,興富發,16,1,15,國泰-新莊,2023-03-24,8886
2392,正崴,25,10,15,國泰-新莊,2023-03-24,8886
00902,中信電池及儲能,20,5,15,國泰-新莊,2023-03-24,8886
3704,合勤控,15,0,15,國泰-新莊,2023-03-24,8886
8155,博智,16,1,15,國泰-新莊,2023-03-24,8886
2891,中信金,32,17,15,國泰-新莊,2023-03-24,8886
4934,太極,16,2,14,國泰-新莊,2023-03-24,8886
020034,元大IC設計N,14,0,14,國泰-新莊,2023-03-24,8886
5009,榮剛,15,2,13,國泰-新莊,2023-03-24,8886
3576,聯合再生,13,0,13,國泰-新莊,2023-03-24,8886
5301,寶得利,13,0,13,國泰-新莊,2023-03-24,8886
1101,台泥,25,12,13,國泰-新莊,2023-03-24,8886
3652,精聯,12,0,12,國泰-新莊,2023-03-24,8886
00908,富邦入息REITs+,14,2,12,國泰-新莊,2023-03-24,8886
3703,欣陸,221,20,201,國泰-新莊,2023-03-27,8886
00665L,富邦�琤肭磪囓�2,168,2,166,國泰-新莊,2023-03-27,8886
00922,國泰台灣領袖50,160,3,157,國泰-新莊,2023-03-27,8886
3047,訊舟,171,18,153,國泰-新莊,2023-03-27,8886
2834,臺企銀,160,13,147,國泰-新莊,2023-03-27,8886
00923,群益台ESG低碳50,116,3,113,國泰-新莊,2023-03-27,8886
3481,群創,330,229,101,國泰-新莊,2023-03-27,8886
00882,中信中國高股息,82,1,81,國泰-新莊,2023-03-27,8886
00720B,元大投資級公司債,96,30,66,國泰-新莊,2023-03-27,8886
4973,廣穎,60,0,60,國泰-新莊,2023-03-27,8886
1605,華新,91,32,59,國泰-新莊,2023-03-27,8886
2610,華航,60,5,55,國泰-新莊,2023-03-27,8886
2201,裕隆,56,4,52,國泰-新莊,2023-03-27,8886
6226,光鼎,55,3,52,國泰-新莊,2023-03-27,8886
2881,富邦金,57,6,51,國泰-新莊,2023-03-27,8886
2880,華南金,42,0,42,國泰-新莊,2023-03-27,8886
6443,元晶,40,4,36,國泰-新莊,2023-03-27,8886
2317,鴻海,36,2,34,國泰-新莊,2023-03-27,8886
2867,三商壽,33,0,33,國泰-新莊,2023-03-27,8886
3714,富采,101,68,33,國泰-新莊,2023-03-27,8886
2105,正新,34,2,32,國泰-新莊,2023-03-27,8886
6288,聯嘉,82,51,31,國泰-新莊,2023-03-27,8886
2329,華泰,33,2,31,國泰-新莊,2023-03-27,8886
2344,華邦電,47,16,31,國泰-新莊,2023-03-27,8886
1101,台泥,40,9,31,國泰-新莊,2023-03-27,8886
1504,東元,160,131,29,國泰-新莊,2023-03-27,8886
00885,富邦越南,62,34,28,國泰-新莊,2023-03-27,8886
6244,茂迪,98,71,27,國泰-新莊,2023-03-27,8886
2634,漢翔,188,162,26,國泰-新莊,2023-03-27,8886
1314,中石化,25,0,25,國泰-新莊,2023-03-27,8886
00753L,中信中國50正2,30,6,24,國泰-新莊,2023-03-27,8886
4123,晟德,22,0,22,國泰-新莊,2023-03-27,8886
3264,欣銓,34,12,22,國泰-新莊,2023-03-27,8886
2888,新光金,21,0,21,國泰-新莊,2023-03-27,8886
8933,愛地雅,20,0,20,國泰-新莊,2023-03-27,8886
6153,嘉聯益,20,1,19,國泰-新莊,2023-03-27,8886
8277,商丞,34,16,18,國泰-新莊,2023-03-27,8886
8996,高力,36,18,18,國泰-新莊,2023-03-27,8886
3056,富華新,20,3,17,國泰-新莊,2023-03-27,8886
6143,振曜,38,21,17,國泰-新莊,2023-03-27,8886
6719,力智,17,1,16,國泰-新莊,2023-03-27,8886
00633L,富邦上証正2,17,1,16,國泰-新莊,2023-03-27,8886
6167,久正,15,0,15,國泰-新莊,2023-03-27,8886
3715,定穎投控,29,14,15,國泰-新莊,2023-03-27,8886
6770,力積電,21,6,15,國泰-新莊,2023-03-27,8886
6122,擎邦,21,7,14,國泰-新莊,2023-03-27,8886
1609,大亞,84,70,14,國泰-新莊,2023-03-27,8886
2476,鉅祥,31,17,14,國泰-新莊,2023-03-27,8886
5289,宜鼎,14,2,12,國泰-新莊,2023-03-27,8886
3035,智原,55,43,12,國泰-新莊,2023-03-27,8886
00679B,元大美債20年,187,17,170,國泰-新莊,2023-03-28,8886
3481,群創,352,221,131,國泰-新莊,2023-03-28,8886
2634,漢翔,150,34,116,國泰-新莊,2023-03-28,8886
1605,華新,146,63,83,國泰-新莊,2023-03-28,8886
00878,國泰永續高股息,183,107,76,國泰-新莊,2023-03-28,8886
00720B,元大投資級公司債,57,0,57,國泰-新莊,2023-03-28,8886
00687B,國泰20年美債,52,0,52,國泰-新莊,2023-03-28,8886
00882,中信中國高股息,48,0,48,國泰-新莊,2023-03-28,8886
00922,國泰台灣領袖50,44,1,43,國泰-新莊,2023-03-28,8886
1101,台泥,52,12,40,國泰-新莊,2023-03-28,8886
2345,智邦,35,0,35,國泰-新莊,2023-03-28,8886
3035,智原,68,36,32,國泰-新莊,2023-03-28,8886
00772B,中信高評級公司債,30,1,29,國泰-新莊,2023-03-28,8886
6182,合晶,30,1,29,國泰-新莊,2023-03-28,8886
2603,長榮,37,10,27,國泰-新莊,2023-03-28,8886
00665L,富邦�琤肭磪囓�2,35,9,26,國泰-新莊,2023-03-28,8886
6770,力積電,51,27,24,國泰-新莊,2023-03-28,8886
2388,威盛,69,45,24,國泰-新莊,2023-03-28,8886
5425,台半,38,15,23,國泰-新莊,2023-03-28,8886
3207,耀勝,28,5,23,國泰-新莊,2023-03-28,8886
1584,精剛,48,26,22,國泰-新莊,2023-03-28,8886
00753L,中信中國50正2,23,2,21,國泰-新莊,2023-03-28,8886
2413,環科,20,0,20,國泰-新莊,2023-03-28,8886
3231,緯創,48,29,19,國泰-新莊,2023-03-28,8886
3362,先進光,29,11,18,國泰-新莊,2023-03-28,8886
8033,雷虎,22,5,17,國泰-新莊,2023-03-28,8886
00680L,元大美債20正2,19,2,17,國泰-新莊,2023-03-28,8886
5222,全訊,30,13,17,國泰-新莊,2023-03-28,8886
2312,金寶,17,0,17,國泰-新莊,2023-03-28,8886
2344,華邦電,25,8,17,國泰-新莊,2023-03-28,8886
00751B,元大AAA至A公司債,17,0,17,國泰-新莊,2023-03-28,8886
2317,鴻海,17,1,16,國泰-新莊,2023-03-28,8886
020034,元大IC設計N,16,0,16,國泰-新莊,2023-03-28,8886
00673R,期元大S＆P原油反1,16,0,16,國泰-新莊,2023-03-28,8886
8940,新天地,16,0,16,國泰-新莊,2023-03-28,8886
2340,台亞,33,17,16,國泰-新莊,2023-03-28,8886
1609,大亞,28,13,15,國泰-新莊,2023-03-28,8886
4506,崇友,15,0,15,國泰-新莊,2023-03-28,8886
8255,朋程,65,50,15,國泰-新莊,2023-03-28,8886
1591,駿吉-KY,15,0,15,國泰-新莊,2023-03-28,8886
3624,光頡,84,70,14,國泰-新莊,2023-03-28,8886
3264,欣銓,20,6,14,國泰-新莊,2023-03-28,8886
3260,威剛,15,2,13,國泰-新莊,2023-03-28,8886
3434,哲固,13,0,13,國泰-新莊,2023-03-28,8886
00923,群益台ESG低碳50,13,0,13,國泰-新莊,2023-03-28,8886
3189,景碩,12,0,12,國泰-新莊,2023-03-28,8886
1760,寶齡富錦,21,9,12,國泰-新莊,2023-03-28,8886
00725B,國泰投資級公司債,12,0,12,國泰-新莊,2023-03-28,8886
8401,白紗科,12,0,12,國泰-新莊,2023-03-28,8886
3011,今皓,13,1,12,國泰-新莊,2023-03-28,8886
2609,陽明,115,2,113,國泰-新莊,2023-03-29,8886
6182,合晶,88,6,82,國泰-新莊,2023-03-29,8886
00632R,元大台灣50反1,159,85,74,國泰-新莊,2023-03-29,8886
6161,捷波,81,13,68,國泰-新莊,2023-03-29,8886
6134,萬旭,71,11,60,國泰-新莊,2023-03-29,8886
3049,精金,50,0,50,國泰-新莊,2023-03-29,8886
020034,元大IC設計N,59,10,49,國泰-新莊,2023-03-29,8886
3434,哲固,40,0,40,國泰-新莊,2023-03-29,8886
2834,臺企銀,41,1,40,國泰-新莊,2023-03-29,8886
2303,聯電,74,38,36,國泰-新莊,2023-03-29,8886
00679B,元大美債20年,36,3,33,國泰-新莊,2023-03-29,8886
6770,力積電,38,7,31,國泰-新莊,2023-03-29,8886
2457,飛宏,42,19,23,國泰-新莊,2023-03-29,8886
6235,華孚,93,72,21,國泰-新莊,2023-03-29,8886
6443,元晶,27,6,21,國泰-新莊,2023-03-29,8886
5258,虹堡,40,20,20,國泰-新莊,2023-03-29,8886
3045,台灣大,23,5,18,國泰-新莊,2023-03-29,8886
2645,長榮航太,21,3,18,國泰-新莊,2023-03-29,8886
2482,連宇,26,8,18,國泰-新莊,2023-03-29,8886
3706,神達,17,0,17,國泰-新莊,2023-03-29,8886
00670L,富邦NASDAQ正2,16,0,16,國泰-新莊,2023-03-29,8886
2342,茂矽,73,57,16,國泰-新莊,2023-03-29,8886
5347,世界,18,2,16,國泰-新莊,2023-03-29,8886
3324,雙鴻,35,21,14,國泰-新莊,2023-03-29,8886
3105,穩懋,45,31,14,國泰-新莊,2023-03-29,8886
3703,欣陸,13,0,13,國泰-新莊,2023-03-29,8886
2421,建準,15,2,13,國泰-新莊,2023-03-29,8886
5425,台半,26,14,12,國泰-新莊,2023-03-29,8886
6133,金橋,15,3,12,國泰-新莊,2023-03-29,8886
00680L,元大美債20正2,16,5,11,國泰-新莊,2023-03-29,8886
3624,光頡,17,6,11,國泰-新莊,2023-03-29,8886
8930,青鋼,11,0,11,國泰-新莊,2023-03-29,8886
0056,元大高股息,24,14,10,國泰-新莊,2023-03-29,8886
8222,寶一,17,7,10,國泰-新莊,2023-03-29,8886
1799,易威,10,0,10,國泰-新莊,2023-03-29,8886
1460,宏遠,10,0,10,國泰-新莊,2023-03-29,8886
5014,建錩,10,0,10,國泰-新莊,2023-03-29,8886
2371,大同,21,11,10,國泰-新莊,2023-03-29,8886
6109,亞元,10,0,10,國泰-新莊,2023-03-29,8886
1524,耿鼎,11,1,10,國泰-新莊,2023-03-29,8886
2615,萬海,12,2,10,國泰-新莊,2023-03-29,8886
00673R,期元大S＆P原油反1,11,2,9,國泰-新莊,2023-03-29,8886
1529,樂事綠能,19,10,9,國泰-新莊,2023-03-29,8886
00687B,國泰20年美債,30,22,8,國泰-新莊,2023-03-29,8886
2812,台中銀,8,0,8,國泰-新莊,2023-03-29,8886
6753,龍德造船,15,7,8,國泰-新莊,2023-03-29,8886
8121,越峰,9,1,8,國泰-新莊,2023-03-29,8886
1584,精剛,28,20,8,國泰-新莊,2023-03-29,8886
5009,榮剛,14,6,8,國泰-新莊,2023-03-29,8886
4919,新唐,14,6,8,國泰-新莊,2023-03-29,8886
2610,華航,146,87,59,國泰-新莊,2023-03-30,8886
2618,長榮航,91,38,53,國泰-新莊,2023-03-30,8886
3434,哲固,45,0,45,國泰-新莊,2023-03-30,8886
00882,中信中國高股息,41,0,41,國泰-新莊,2023-03-30,8886
2409,友達,39,2,37,國泰-新莊,2023-03-30,8886
2889,國票金,32,0,32,國泰-新莊,2023-03-30,8886
2883,凱基金,31,0,31,國泰-新莊,2023-03-30,8886
2887,台新金,31,1,30,國泰-新莊,2023-03-30,8886
00637L,元大滬深300正2,30,0,30,國泰-新莊,2023-03-30,8886
00687B,國泰20年美債,30,0,30,國泰-新莊,2023-03-30,8886
3481,群創,363,335,28,國泰-新莊,2023-03-30,8886
6235,華孚,60,32,28,國泰-新莊,2023-03-30,8886
2534,宏盛,30,4,26,國泰-新莊,2023-03-30,8886
2609,陽明,45,19,26,國泰-新莊,2023-03-30,8886
2545,皇翔,25,0,25,國泰-新莊,2023-03-30,8886
00679B,元大美債20年,31,7,24,國泰-新莊,2023-03-30,8886
00896,中信綠能及電動車,21,0,21,國泰-新莊,2023-03-30,8886
6161,捷波,21,0,21,國泰-新莊,2023-03-30,8886
1712,興農,20,0,20,國泰-新莊,2023-03-30,8886
2916,滿心,20,0,20,國泰-新莊,2023-03-30,8886
00783,富邦中証500,20,0,20,國泰-新莊,2023-03-30,8886
5519,隆大,20,0,20,國泰-新莊,2023-03-30,8886
00907,永豐優息存股,18,0,18,國泰-新莊,2023-03-30,8886
2882,國泰金,18,0,18,國泰-新莊,2023-03-30,8886
3447,展達,22,5,17,國泰-新莊,2023-03-30,8886
6443,元晶,25,9,16,國泰-新莊,2023-03-30,8886
8050,廣積,45,29,16,國泰-新莊,2023-03-30,8886
2342,茂矽,28,13,15,國泰-新莊,2023-03-30,8886
5388,中磊,21,6,15,國泰-新莊,2023-03-30,8886
6550,北極星藥業-KY,21,6,15,國泰-新莊,2023-03-30,8886
6244,茂迪,47,32,15,國泰-新莊,2023-03-30,8886
2812,台中銀,14,0,14,國泰-新莊,2023-03-30,8886
6143,振曜,24,10,14,國泰-新莊,2023-03-30,8886
2885,元大金,14,1,13,國泰-新莊,2023-03-30,8886
2890,永豐金,13,0,13,國泰-新莊,2023-03-30,8886
2331,精英,16,3,13,國泰-新莊,2023-03-30,8886
2482,連宇,19,6,13,國泰-新莊,2023-03-30,8886
1584,精剛,30,17,13,國泰-新莊,2023-03-30,8886
3312,弘憶股,20,7,13,國泰-新莊,2023-03-30,8886
1314,中石化,12,0,12,國泰-新莊,2023-03-30,8886
9934,成霖,12,0,12,國泰-新莊,2023-03-30,8886
8299,群聯,14,2,12,國泰-新莊,2023-03-30,8886
6125,廣運,11,0,11,國泰-新莊,2023-03-30,8886
3673,TPK-KY,11,0,11,國泰-新莊,2023-03-30,8886
00673R,期元大S＆P原油反1,15,4,11,國泰-新莊,2023-03-30,8886
6698,旭暉應材,13,2,11,國泰-新莊,2023-03-30,8886
2867,三商壽,16,6,10,國泰-新莊,2023-03-30,8886
00753L,中信中國50正2,15,5,10,國泰-新莊,2023-03-30,8886
4931,新盛力,10,0,10,國泰-新莊,2023-03-30,8886
1460,宏遠,10,0,10,國泰-新莊,2023-03-30,8886
3434,哲固,69,1,68,國泰-新莊,2023-03-31,8886
2888,新光金,100,36,64,國泰-新莊,2023-03-31,8886
1806,冠軍,60,0,60,國泰-新莊,2023-03-31,8886
2457,飛宏,157,120,37,國泰-新莊,2023-03-31,8886
1605,華新,89,55,34,國泰-新莊,2023-03-31,8886
00687B,國泰20年美債,30,0,30,國泰-新莊,2023-03-31,8886
1712,興農,28,0,28,國泰-新莊,2023-03-31,8886
1504,東元,72,44,28,國泰-新莊,2023-03-31,8886
5301,寶得利,26,0,26,國泰-新莊,2023-03-31,8886
8069,元太,29,6,23,國泰-新莊,2023-03-31,8886
3703,欣陸,23,0,23,國泰-新莊,2023-03-31,8886
3028,增你強,22,1,21,國泰-新莊,2023-03-31,8886
4934,太極,21,0,21,國泰-新莊,2023-03-31,8886
8112,至上,20,0,20,國泰-新莊,2023-03-31,8886
00922,國泰台灣領袖50,20,0,20,國泰-新莊,2023-03-31,8886
4440,宜新實業,20,0,20,國泰-新莊,2023-03-31,8886
2337,旺宏,27,8,19,國泰-新莊,2023-03-31,8886
6026,福邦證,20,1,19,國泰-新莊,2023-03-31,8886
5469,瀚宇博,20,1,19,國泰-新莊,2023-03-31,8886
8271,宇瞻,27,9,18,國泰-新莊,2023-03-31,8886
1513,中興電,22,5,17,國泰-新莊,2023-03-31,8886
2515,中工,22,5,17,國泰-新莊,2023-03-31,8886
9945,潤泰新,28,12,16,國泰-新莊,2023-03-31,8886
2317,鴻海,18,3,15,國泰-新莊,2023-03-31,8886
3625,西勝,15,0,15,國泰-新莊,2023-03-31,8886
6443,元晶,23,9,14,國泰-新莊,2023-03-31,8886
6470,宇智,14,0,14,國泰-新莊,2023-03-31,8886
00712,復華富時不動產,22,8,14,國泰-新莊,2023-03-31,8886
2867,三商壽,28,15,13,國泰-新莊,2023-03-31,8886
9105,泰金寶-DR,13,0,13,國泰-新莊,2023-03-31,8886
6829,千附精密,20,7,13,國泰-新莊,2023-03-31,8886
6133,金橋,36,23,13,國泰-新莊,2023-03-31,8886
4104,佳醫,13,0,13,國泰-新莊,2023-03-31,8886
2634,漢翔,12,0,12,國泰-新莊,2023-03-31,8886
3081,聯亞,12,0,12,國泰-新莊,2023-03-31,8886
3591,艾笛森,13,1,12,國泰-新莊,2023-03-31,8886
1584,精剛,21,9,12,國泰-新莊,2023-03-31,8886
1760,寶齡富錦,17,6,11,國泰-新莊,2023-03-31,8886
2402,毅嘉,52,41,11,國泰-新莊,2023-03-31,8886
4953,緯軟,24,13,11,國泰-新莊,2023-03-31,8886
3011,今皓,13,2,11,國泰-新莊,2023-03-31,8886
2889,國票金,11,1,10,國泰-新莊,2023-03-31,8886
3122,笙泉,10,0,10,國泰-新莊,2023-03-31,8886
3545,敦泰,13,3,10,國泰-新莊,2023-03-31,8886
4979,華星光,43,34,9,國泰-新莊,2023-03-31,8886
2834,臺企銀,29,20,9,國泰-新莊,2023-03-31,8886
2603,長榮,20,11,9,國泰-新莊,2023-03-31,8886
6104,創惟,13,4,9,國泰-新莊,2023-03-31,8886
3704,合勤控,9,0,9,國泰-新莊,2023-03-31,8886
2601,益航,9,0,9,國泰-新莊,2023-03-31,8886
00637L,元大滬深300正2,193,0,193,國泰-新莊,2023-04-06,8886
2436,偉詮電,195,50,145,國泰-新莊,2023-04-06,8886
2344,華邦電,190,45,145,國泰-新莊,2023-04-06,8886
00673R,期元大S＆P原油反1,133,1,132,國泰-新莊,2023-04-06,8886
00922,國泰台灣領袖50,79,6,73,國泰-新莊,2023-04-06,8886
00882,中信中國高股息,70,0,70,國泰-新莊,2023-04-06,8886
00665L,富邦�琤肭磪囓�2,79,10,69,國泰-新莊,2023-04-06,8886
00712,復華富時不動產,71,4,67,國泰-新莊,2023-04-06,8886
3434,哲固,54,0,54,國泰-新莊,2023-04-06,8886
00902,中信電池及儲能,53,0,53,國泰-新莊,2023-04-06,8886
00687B,國泰20年美債,50,0,50,國泰-新莊,2023-04-06,8886
00878,國泰永續高股息,190,143,47,國泰-新莊,2023-04-06,8886
2891,中信金,51,4,47,國泰-新莊,2023-04-06,8886
00753L,中信中國50正2,45,1,44,國泰-新莊,2023-04-06,8886
5309,系統電,48,7,41,國泰-新莊,2023-04-06,8886
2603,長榮,40,2,38,國泰-新莊,2023-04-06,8886
4931,新盛力,36,4,32,國泰-新莊,2023-04-06,8886
2515,中工,30,0,30,國泰-新莊,2023-04-06,8886
6235,華孚,207,180,27,國泰-新莊,2023-04-06,8886
4533,協易機,26,0,26,國泰-新莊,2023-04-06,8886
2610,華航,41,15,26,國泰-新莊,2023-04-06,8886
2208,台船,62,37,25,國泰-新莊,2023-04-06,8886
2618,長榮航,29,5,24,國泰-新莊,2023-04-06,8886
00713,元大台灣高息低波,29,6,23,國泰-新莊,2023-04-06,8886
00893,國泰智能電動車,40,17,23,國泰-新莊,2023-04-06,8886
9945,潤泰新,29,7,22,國泰-新莊,2023-04-06,8886
6257,矽格,22,0,22,國泰-新莊,2023-04-06,8886
2880,華南金,21,0,21,國泰-新莊,2023-04-06,8886
2317,鴻海,32,11,21,國泰-新莊,2023-04-06,8886
6182,合晶,20,0,20,國泰-新莊,2023-04-06,8886
00650L,復華香港正2,20,0,20,國泰-新莊,2023-04-06,8886
1603,華電,20,0,20,國泰-新莊,2023-04-06,8886
2368,金像電,20,1,19,國泰-新莊,2023-04-06,8886
2201,裕隆,27,8,19,國泰-新莊,2023-04-06,8886
2454,聯發科,21,3,18,國泰-新莊,2023-04-06,8886
2362,藍天,16,0,16,國泰-新莊,2023-04-06,8886
3006,晶豪科,19,3,16,國泰-新莊,2023-04-06,8886
2615,萬海,19,3,16,國泰-新莊,2023-04-06,8886
9904,寶成,15,0,15,國泰-新莊,2023-04-06,8886
4564,元翎,17,2,15,國泰-新莊,2023-04-06,8886
2637,慧洋-KY,18,3,15,國泰-新莊,2023-04-06,8886
5243,乙盛-KY,16,2,14,國泰-新莊,2023-04-06,8886
5452,佶優,14,0,14,國泰-新莊,2023-04-06,8886
00686R,群益臺灣加權反1,14,0,14,國泰-新莊,2023-04-06,8886
2027,大成鋼,15,2,13,國泰-新莊,2023-04-06,8886
1217,愛之味,17,4,13,國泰-新莊,2023-04-06,8886
4916,事欣科,15,2,13,國泰-新莊,2023-04-06,8886
8383,千附,14,1,13,國泰-新莊,2023-04-06,8886
2609,陽明,19,6,13,國泰-新莊,2023-04-06,8886
4960,誠美材,12,0,12,國泰-新莊,2023-04-06,8886
2867,三商壽,171,18,153,國泰-新莊,2023-04-07,8886
3434,哲固,99,1,98,國泰-新莊,2023-04-07,8886
3260,威剛,100,12,88,國泰-新莊,2023-04-07,8886
00712,復華富時不動產,73,3,70,國泰-新莊,2023-04-07,8886
00679B,元大美債20年,79,17,62,國泰-新莊,2023-04-07,8886
1305,華夏,50,0,50,國泰-新莊,2023-04-07,8886
00673R,期元大S＆P原油反1,52,4,48,國泰-新莊,2023-04-07,8886
0056,元大高股息,69,30,39,國泰-新莊,2023-04-07,8886
6603,富強鑫,37,0,37,國泰-新莊,2023-04-07,8886
3491,昇達科,36,0,36,國泰-新莊,2023-04-07,8886
6753,龍德造船,38,5,33,國泰-新莊,2023-04-07,8886
00720B,元大投資級公司債,32,3,29,國泰-新莊,2023-04-07,8886
2356,英業達,43,15,28,國泰-新莊,2023-04-07,8886
4564,元翎,30,3,27,國泰-新莊,2023-04-07,8886
6125,廣運,28,2,26,國泰-新莊,2023-04-07,8886
1524,耿鼎,24,3,21,國泰-新莊,2023-04-07,8886
2886,兆豐金,20,0,20,國泰-新莊,2023-04-07,8886
00882,中信中國高股息,22,2,20,國泰-新莊,2023-04-07,8886
1314,中石化,20,0,20,國泰-新莊,2023-04-07,8886
8028,昇陽半導體,46,27,19,國泰-新莊,2023-04-07,8886
6235,華孚,154,135,19,國泰-新莊,2023-04-07,8886
3710,連展投控,20,2,18,國泰-新莊,2023-04-07,8886
2206,三陽工業,26,8,18,國泰-新莊,2023-04-07,8886
6547,高端疫苗,24,7,17,國泰-新莊,2023-04-07,8886
1217,愛之味,19,3,16,國泰-新莊,2023-04-07,8886
3540,曜越,15,0,15,國泰-新莊,2023-04-07,8886
6116,彩晶,20,5,15,國泰-新莊,2023-04-07,8886
5222,全訊,47,33,14,國泰-新莊,2023-04-07,8886
3189,景碩,15,1,14,國泰-新莊,2023-04-07,8886
3682,亞太電,15,1,14,國泰-新莊,2023-04-07,8886
6129,普誠,15,1,14,國泰-新莊,2023-04-07,8886
2618,長榮航,17,3,14,國泰-新莊,2023-04-07,8886
1584,精剛,16,2,14,國泰-新莊,2023-04-07,8886
00751B,元大AAA至A公司債,15,2,13,國泰-新莊,2023-04-07,8886
3231,緯創,27,14,13,國泰-新莊,2023-04-07,8886
4541,晟田,24,11,13,國泰-新莊,2023-04-07,8886
2438,翔耀,13,0,13,國泰-新莊,2023-04-07,8886
00888,永豐台灣ESG,13,0,13,國泰-新莊,2023-04-07,8886
8069,元太,32,19,13,國泰-新莊,2023-04-07,8886
5284,jpp-KY,38,26,12,國泰-新莊,2023-04-07,8886
1440,南紡,12,0,12,國泰-新莊,2023-04-07,8886
3056,富華新,15,5,10,國泰-新莊,2023-04-07,8886
2308,台達電,11,1,10,國泰-新莊,2023-04-07,8886
3652,精聯,10,0,10,國泰-新莊,2023-04-07,8886
00885,富邦越南,12,2,10,國泰-新莊,2023-04-07,8886
4162,智擎,17,7,10,國泰-新莊,2023-04-07,8886
00650L,復華香港正2,10,0,10,國泰-新莊,2023-04-07,8886
2349,錸德,10,0,10,國泰-新莊,2023-04-07,8886
5347,世界,11,1,10,國泰-新莊,2023-04-07,8886
3711,日月光投控,9,0,9,國泰-新莊,2023-04-07,8886
6770,力積電,154,7,147,國泰-新莊,2023-04-10,8886
2402,毅嘉,80,30,50,國泰-新莊,2023-04-10,8886
3434,哲固,68,22,46,國泰-新莊,2023-04-10,8886
00712,復華富時不動產,46,7,39,國泰-新莊,2023-04-10,8886
00679B,元大美債20年,38,5,33,國泰-新莊,2023-04-10,8886
00632R,元大台灣50反1,41,8,33,國泰-新莊,2023-04-10,8886
00673R,期元大S＆P原油反1,32,2,30,國泰-新莊,2023-04-10,8886
1605,華新,52,23,29,國泰-新莊,2023-04-10,8886
00687B,國泰20年美債,29,0,29,國泰-新莊,2023-04-10,8886
2457,飛宏,168,139,29,國泰-新莊,2023-04-10,8886
00680L,元大美債20正2,29,1,28,國泰-新莊,2023-04-10,8886
2349,錸德,27,0,27,國泰-新莊,2023-04-10,8886
2344,華邦電,64,41,23,國泰-新莊,2023-04-10,8886
2886,兆豐金,21,0,21,國泰-新莊,2023-04-10,8886
3058,立德,22,1,21,國泰-新莊,2023-04-10,8886
00720B,元大投資級公司債,25,5,20,國泰-新莊,2023-04-10,8886
6163,華電網,35,16,19,國泰-新莊,2023-04-10,8886
2867,三商壽,17,1,16,國泰-新莊,2023-04-10,8886
3027,盛達,23,8,15,國泰-新莊,2023-04-10,8886
2317,鴻海,17,3,14,國泰-新莊,2023-04-10,8886
3024,憶聲,14,0,14,國泰-新莊,2023-04-10,8886
1810,和成,17,3,14,國泰-新莊,2023-04-10,8886
2606,裕民,16,2,14,國泰-新莊,2023-04-10,8886
6703,軒郁,15,1,14,國泰-新莊,2023-04-10,8886
1529,樂事綠能,14,1,13,國泰-新莊,2023-04-10,8886
6257,矽格,13,0,13,國泰-新莊,2023-04-10,8886
1519,華城,43,30,13,國泰-新莊,2023-04-10,8886
1609,大亞,40,28,12,國泰-新莊,2023-04-10,8886
4743,合一,12,0,12,國泰-新莊,2023-04-10,8886
3715,定穎投控,38,26,12,國泰-新莊,2023-04-10,8886
6477,安集,12,0,12,國泰-新莊,2023-04-10,8886
00885,富邦越南,14,2,12,國泰-新莊,2023-04-10,8886
00772B,中信高評級公司債,16,5,11,國泰-新莊,2023-04-10,8886
6116,彩晶,25,14,11,國泰-新莊,2023-04-10,8886
4763,材料-KY,14,4,10,國泰-新莊,2023-04-10,8886
2610,華航,18,8,10,國泰-新莊,2023-04-10,8886
3325,旭品,10,0,10,國泰-新莊,2023-04-10,8886
3447,展達,30,20,10,國泰-新莊,2023-04-10,8886
6153,嘉聯益,10,0,10,國泰-新莊,2023-04-10,8886
5907,大洋-KY,10,0,10,國泰-新莊,2023-04-10,8886
6589,台康生技,13,3,10,國泰-新莊,2023-04-10,8886
00922,國泰台灣領袖50,11,1,10,國泰-新莊,2023-04-10,8886
2645,長榮航太,12,2,10,國泰-新莊,2023-04-10,8886
00751B,元大AAA至A公司債,9,0,9,國泰-新莊,2023-04-10,8886
2354,鴻準,10,1,9,國泰-新莊,2023-04-10,8886
3652,精聯,9,0,9,國泰-新莊,2023-04-10,8886
3030,德律,9,0,9,國泰-新莊,2023-04-10,8886
2409,友達,10,2,8,國泰-新莊,2023-04-10,8886
2323,中環,12,4,8,國泰-新莊,2023-04-10,8886
6288,聯嘉,29,21,8,國泰-新莊,2023-04-10,8886
3434,哲固,200,31,169,國泰-新莊,2023-04-11,8886
2609,陽明,114,8,106,國泰-新莊,2023-04-11,8886
2427,三商電,102,1,101,國泰-新莊,2023-04-11,8886
4967,十銓,122,45,77,國泰-新莊,2023-04-11,8886
1609,大亞,119,49,70,國泰-新莊,2023-04-11,8886
3481,群創,192,124,68,國泰-新莊,2023-04-11,8886
2402,毅嘉,76,11,65,國泰-新莊,2023-04-11,8886
1504,東元,209,150,59,國泰-新莊,2023-04-11,8886
00632R,元大台灣50反1,61,10,51,國泰-新莊,2023-04-11,8886
00712,復華富時不動產,68,17,51,國泰-新莊,2023-04-11,8886
3049,精金,50,0,50,國泰-新莊,2023-04-11,8886
00687B,國泰20年美債,46,0,46,國泰-新莊,2023-04-11,8886
00679B,元大美債20年,45,0,45,國泰-新莊,2023-04-11,8886
6443,元晶,59,15,44,國泰-新莊,2023-04-11,8886
4572,駐龍,40,0,40,國泰-新莊,2023-04-11,8886
4906,正文,31,1,30,國泰-新莊,2023-04-11,8886
6266,泰詠,76,49,27,國泰-新莊,2023-04-11,8886
2409,友達,32,6,26,國泰-新莊,2023-04-11,8886
4540,全球傳動,26,0,26,國泰-新莊,2023-04-11,8886
2330,台積電,32,7,25,國泰-新莊,2023-04-11,8886
00720B,元大投資級公司債,24,0,24,國泰-新莊,2023-04-11,8886
3540,曜越,35,12,23,國泰-新莊,2023-04-11,8886
2206,三陽工業,106,83,23,國泰-新莊,2023-04-11,8886
2349,錸德,22,0,22,國泰-新莊,2023-04-11,8886
2317,鴻海,22,0,22,國泰-新莊,2023-04-11,8886
2303,聯電,39,18,21,國泰-新莊,2023-04-11,8886
6129,普誠,25,4,21,國泰-新莊,2023-04-11,8886
00665L,富邦�琤肭磪囓�2,34,13,21,國泰-新莊,2023-04-11,8886
00902,中信電池及儲能,35,14,21,國泰-新莊,2023-04-11,8886
8383,千附,21,0,21,國泰-新莊,2023-04-11,8886
6244,茂迪,27,7,20,國泰-新莊,2023-04-11,8886
5347,世界,20,0,20,國泰-新莊,2023-04-11,8886
1460,宏遠,20,0,20,國泰-新莊,2023-04-11,8886
6109,亞元,20,0,20,國泰-新莊,2023-04-11,8886
3029,零壹,23,3,20,國泰-新莊,2023-04-11,8886
6125,廣運,22,4,18,國泰-新莊,2023-04-11,8886
6547,高端疫苗,37,19,18,國泰-新莊,2023-04-11,8886
1101,台泥,48,30,18,國泰-新莊,2023-04-11,8886
2634,漢翔,76,58,18,國泰-新莊,2023-04-11,8886
2610,華航,40,23,17,國泰-新莊,2023-04-11,8886
4541,晟田,16,0,16,國泰-新莊,2023-04-11,8886
4977,眾達-KY,18,2,16,國泰-新莊,2023-04-11,8886
8033,雷虎,15,0,15,國泰-新莊,2023-04-11,8886
2312,金寶,15,0,15,國泰-新莊,2023-04-11,8886
6578,達邦蛋白,16,1,15,國泰-新莊,2023-04-11,8886
5907,大洋-KY,15,0,15,國泰-新莊,2023-04-11,8886
00888,永豐台灣ESG,18,3,15,國泰-新莊,2023-04-11,8886
3231,緯創,39,25,14,國泰-新莊,2023-04-11,8886
6733,博晟生醫,14,0,14,國泰-新莊,2023-04-11,8886
8222,寶一,32,19,13,國泰-新莊,2023-04-11,8886
00637L,元大滬深300正2,160,0,160,國泰-新莊,2023-04-12,8886
3434,哲固,124,1,123,國泰-新莊,2023-04-12,8886
2345,智邦,220,100,120,國泰-新莊,2023-04-12,8886
2867,三商壽,104,5,99,國泰-新莊,2023-04-12,8886
2834,臺企銀,81,4,77,國泰-新莊,2023-04-12,8886
00712,復華富時不動產,75,14,61,國泰-新莊,2023-04-12,8886
00673R,期元大S＆P原油反1,61,0,61,國泰-新莊,2023-04-12,8886
00679B,元大美債20年,52,6,46,國泰-新莊,2023-04-12,8886
4968,立積,70,26,44,國泰-新莊,2023-04-12,8886
00751B,元大AAA至A公司債,42,0,42,國泰-新莊,2023-04-12,8886
5309,系統電,44,9,35,國泰-新莊,2023-04-12,8886
3013,晟銘電,77,42,35,國泰-新莊,2023-04-12,8886
4155,訊映,34,0,34,國泰-新莊,2023-04-12,8886
1608,華榮,40,7,33,國泰-新莊,2023-04-12,8886
4927,泰鼎-KY,35,2,33,國泰-新莊,2023-04-12,8886
2392,正崴,38,7,31,國泰-新莊,2023-04-12,8886
4967,十銓,62,32,30,國泰-新莊,2023-04-12,8886
6140,訊達,35,5,30,國泰-新莊,2023-04-12,8886
2486,一詮,33,4,29,國泰-新莊,2023-04-12,8886
3081,聯亞,28,0,28,國泰-新莊,2023-04-12,8886
00902,中信電池及儲能,28,1,27,國泰-新莊,2023-04-12,8886
5880,合庫金,25,1,24,國泰-新莊,2023-04-12,8886
3209,全科,37,15,22,國泰-新莊,2023-04-12,8886
3715,定穎投控,66,44,22,國泰-新莊,2023-04-12,8886
8940,新天地,22,1,21,國泰-新莊,2023-04-12,8886
8069,元太,32,11,21,國泰-新莊,2023-04-12,8886
6485,點序,31,10,21,國泰-新莊,2023-04-12,8886
3006,晶豪科,76,55,21,國泰-新莊,2023-04-12,8886
6412,群電,20,0,20,國泰-新莊,2023-04-12,8886
5425,台半,27,9,18,國泰-新莊,2023-04-12,8886
3058,立德,19,1,18,國泰-新莊,2023-04-12,8886
2305,全友,17,0,17,國泰-新莊,2023-04-12,8886
2399,映泰,37,20,17,國泰-新莊,2023-04-12,8886
5465,富驊,29,12,17,國泰-新莊,2023-04-12,8886
2618,長榮航,26,9,17,國泰-新莊,2023-04-12,8886
2313,華通,17,1,16,國泰-新莊,2023-04-12,8886
00753L,中信中國50正2,22,6,16,國泰-新莊,2023-04-12,8886
00669R,國泰美國道瓊反1,15,0,15,國泰-新莊,2023-04-12,8886
1584,精剛,59,44,15,國泰-新莊,2023-04-12,8886
3325,旭品,14,0,14,國泰-新莊,2023-04-12,8886
3049,精金,20,6,14,國泰-新莊,2023-04-12,8886
4923,力士,14,0,14,國泰-新莊,2023-04-12,8886
3037,欣興,22,10,12,國泰-新莊,2023-04-12,8886
2462,良得電,12,0,12,國泰-新莊,2023-04-12,8886
6234,高僑,12,0,12,國泰-新莊,2023-04-12,8886
2329,華泰,30,18,12,國泰-新莊,2023-04-12,8886
2883,凱基金,26,14,12,國泰-新莊,2023-04-12,8886
6116,彩晶,40,28,12,國泰-新莊,2023-04-12,8886
8926,台汽電,25,14,11,國泰-新莊,2023-04-12,8886
00923,群益台ESG低碳50,16,5,11,國泰-新莊,2023-04-12,8886
5009,榮剛,355,88,267,國泰-新莊,2023-04-13,8886
3049,精金,175,20,155,國泰-新莊,2023-04-13,8886
00712,復華富時不動產,118,11,107,國泰-新莊,2023-04-13,8886
00882,中信中國高股息,125,22,103,國泰-新莊,2023-04-13,8886
00679B,元大美債20年,81,2,79,國泰-新莊,2023-04-13,8886
6266,泰詠,105,39,66,國泰-新莊,2023-04-13,8886
00720B,元大投資級公司債,72,7,65,國泰-新莊,2023-04-13,8886
4541,晟田,68,6,62,國泰-新莊,2023-04-13,8886
6443,元晶,84,23,61,國泰-新莊,2023-04-13,8886
2515,中工,361,303,58,國泰-新莊,2023-04-13,8886
5351,鈺創,62,8,54,國泰-新莊,2023-04-13,8886
1310,台苯,50,0,50,國泰-新莊,2023-04-13,8886
3013,晟銘電,77,30,47,國泰-新莊,2023-04-13,8886
6122,擎邦,97,50,47,國泰-新莊,2023-04-13,8886
3711,日月光投控,48,2,46,國泰-新莊,2023-04-13,8886
4147,中裕,58,13,45,國泰-新莊,2023-04-13,8886
00673R,期元大S＆P原油反1,45,0,45,國泰-新莊,2023-04-13,8886
1513,中興電,117,72,45,國泰-新莊,2023-04-13,8886
8105,凌巨,44,0,44,國泰-新莊,2023-04-13,8886
6485,點序,43,3,40,國泰-新莊,2023-04-13,8886
1608,華榮,38,0,38,國泰-新莊,2023-04-13,8886
6244,茂迪,72,36,36,國泰-新莊,2023-04-13,8886
0056,元大高股息,48,12,36,國泰-新莊,2023-04-13,8886
00881,國泰台灣5G+,41,7,34,國泰-新莊,2023-04-13,8886
1314,中石化,52,18,34,國泰-新莊,2023-04-13,8886
00795B,中信美國公債20年,32,0,32,國泰-新莊,2023-04-13,8886
5328,華容,32,1,31,國泰-新莊,2023-04-13,8886
2313,華通,38,8,30,國泰-新莊,2023-04-13,8886
1460,宏遠,30,0,30,國泰-新莊,2023-04-13,8886
00922,國泰台灣領袖50,35,5,30,國泰-新莊,2023-04-13,8886
2603,長榮,37,8,29,國泰-新莊,2023-04-13,8886
00888,永豐台灣ESG,30,1,29,國泰-新莊,2023-04-13,8886
2455,全新,29,2,27,國泰-新莊,2023-04-13,8886
2345,智邦,37,10,27,國泰-新莊,2023-04-13,8886
00923,群益台ESG低碳50,26,0,26,國泰-新莊,2023-04-13,8886
00751B,元大AAA至A公司債,25,0,25,國泰-新莊,2023-04-13,8886
8046,南電,26,1,25,國泰-新莊,2023-04-13,8886
00665L,富邦�琤肭磪囓�2,53,28,25,國泰-新莊,2023-04-13,8886
4923,力士,25,0,25,國泰-新莊,2023-04-13,8886
3122,笙泉,23,0,23,國泰-新莊,2023-04-13,8886
3491,昇達科,28,5,23,國泰-新莊,2023-04-13,8886
6125,廣運,31,9,22,國泰-新莊,2023-04-13,8886
3231,緯創,57,36,21,國泰-新莊,2023-04-13,8886
2204,中華,26,6,20,國泰-新莊,2023-04-13,8886
5880,合庫金,20,0,20,國泰-新莊,2023-04-13,8886
00637L,元大滬深300正2,91,71,20,國泰-新莊,2023-04-13,8886
00752,中信中國50,20,0,20,國泰-新莊,2023-04-13,8886
00664R,國泰臺灣加權反1,20,0,20,國泰-新莊,2023-04-13,8886
2707,晶華,21,2,19,國泰-新莊,2023-04-13,8886
3037,欣興,36,17,19,國泰-新莊,2023-04-13,8886
6005,群益證,266,9,257,國泰-新莊,2023-04-14,8886
3032,偉訓,258,7,251,國泰-新莊,2023-04-14,8886
00720B,元大投資級公司債,171,1,170,國泰-新莊,2023-04-14,8886
00712,復華富時不動產,157,1,156,國泰-新莊,2023-04-14,8886
2002,中鋼,119,2,117,國泰-新莊,2023-04-14,8886
00882,中信中國高股息,100,2,98,國泰-新莊,2023-04-14,8886
2634,漢翔,336,240,96,國泰-新莊,2023-04-14,8886
6443,元晶,64,6,58,國泰-新莊,2023-04-14,8886
00679B,元大美債20年,57,1,56,國泰-新莊,2023-04-14,8886
4541,晟田,111,60,51,國泰-新莊,2023-04-14,8886
2331,精英,57,6,51,國泰-新莊,2023-04-14,8886
1460,宏遠,50,0,50,國泰-新莊,2023-04-14,8886
2208,台船,181,133,48,國泰-新莊,2023-04-14,8886
1519,華城,73,26,47,國泰-新莊,2023-04-14,8886
00673R,期元大S＆P原油反1,45,0,45,國泰-新莊,2023-04-14,8886
2897,王道銀行,48,5,43,國泰-新莊,2023-04-14,8886
2382,廣達,44,1,43,國泰-新莊,2023-04-14,8886
8383,千附,62,20,42,國泰-新莊,2023-04-14,8886
1605,華新,185,144,41,國泰-新莊,2023-04-14,8886
2743,山富,52,13,39,國泰-新莊,2023-04-14,8886
3027,盛達,37,6,31,國泰-新莊,2023-04-14,8886
00795B,中信美國公債20年,30,0,30,國泰-新莊,2023-04-14,8886
8069,元太,52,23,29,國泰-新莊,2023-04-14,8886
2303,聯電,32,4,28,國泰-新莊,2023-04-14,8886
3207,耀勝,31,3,28,國泰-新莊,2023-04-14,8886
1504,東元,37,12,25,國泰-新莊,2023-04-14,8886
00751B,元大AAA至A公司債,24,0,24,國泰-新莊,2023-04-14,8886
5258,虹堡,45,21,24,國泰-新莊,2023-04-14,8886
3231,緯創,45,23,22,國泰-新莊,2023-04-14,8886
2413,環科,41,20,21,國泰-新莊,2023-04-14,8886
5371,中光電,25,4,21,國泰-新莊,2023-04-14,8886
3202,樺晟,20,0,20,國泰-新莊,2023-04-14,8886
1445,大宇,20,0,20,國泰-新莊,2023-04-14,8886
00912,中信臺灣智慧50,22,2,20,國泰-新莊,2023-04-14,8886
00885,富邦越南,18,0,18,國泰-新莊,2023-04-14,8886
3178,公準,27,9,18,國泰-新莊,2023-04-14,8886
3479,安勤,34,17,17,國泰-新莊,2023-04-14,8886
00772B,中信高評級公司債,42,25,17,國泰-新莊,2023-04-14,8886
8933,愛地雅,20,3,17,國泰-新莊,2023-04-14,8886
1584,精剛,94,77,17,國泰-新莊,2023-04-14,8886
8936,國統,39,23,16,國泰-新莊,2023-04-14,8886
2705,六福,21,5,16,國泰-新莊,2023-04-14,8886
3078,僑威,49,33,16,國泰-新莊,2023-04-14,8886
2897A,王道銀甲特,16,0,16,國泰-新莊,2023-04-14,8886
4572,駐龍,21,5,16,國泰-新莊,2023-04-14,8886
2485,兆赫,15,0,15,國泰-新莊,2023-04-14,8886
4916,事欣科,29,14,15,國泰-新莊,2023-04-14,8886
8261,富鼎,16,1,15,國泰-新莊,2023-04-14,8886
6244,茂迪,34,20,14,國泰-新莊,2023-04-14,8886
4128,中天,15,1,14,國泰-新莊,2023-04-14,8886
00712,復華富時不動產,319,1,318,國泰-新莊,2023-04-17,8886
2402,毅嘉,127,7,120,國泰-新莊,2023-04-17,8886
2888,新光金,107,2,105,國泰-新莊,2023-04-17,8886
3032,偉訓,112,11,101,國泰-新莊,2023-04-17,8886
2607,榮運,100,0,100,國泰-新莊,2023-04-17,8886
1605,華新,117,36,81,國泰-新莊,2023-04-17,8886
2610,華航,101,25,76,國泰-新莊,2023-04-17,8886
00679B,元大美債20年,77,1,76,國泰-新莊,2023-04-17,8886
1337,再生-KY,74,6,68,國泰-新莊,2023-04-17,8886
2002,中鋼,74,11,63,國泰-新莊,2023-04-17,8886
5381,合正,53,0,53,國泰-新莊,2023-04-17,8886
2206,三陽工業,98,45,53,國泰-新莊,2023-04-17,8886
3049,精金,52,2,50,國泰-新莊,2023-04-17,8886
00882,中信中國高股息,62,17,45,國泰-新莊,2023-04-17,8886
00772B,中信高評級公司債,47,2,45,國泰-新莊,2023-04-17,8886
3013,晟銘電,79,36,43,國泰-新莊,2023-04-17,8886
3481,群創,60,19,41,國泰-新莊,2023-04-17,8886
3207,耀勝,42,1,41,國泰-新莊,2023-04-17,8886
2867,三商壽,75,34,41,國泰-新莊,2023-04-17,8886
6235,華孚,162,127,35,國泰-新莊,2023-04-17,8886
3712,永崴投控,68,33,35,國泰-新莊,2023-04-17,8886
2449,京元電子,36,2,34,國泰-新莊,2023-04-17,8886
00680L,元大美債20正2,34,3,31,國泰-新莊,2023-04-17,8886
00687B,國泰20年美債,29,0,29,國泰-新莊,2023-04-17,8886
3372,典範,29,1,28,國泰-新莊,2023-04-17,8886
6547,高端疫苗,67,39,28,國泰-新莊,2023-04-17,8886
00878,國泰永續高股息,97,72,25,國泰-新莊,2023-04-17,8886
6461,益得,26,2,24,國泰-新莊,2023-04-17,8886
4746,台耀,26,2,24,國泰-新莊,2023-04-17,8886
6432,今展科,23,1,22,國泰-新莊,2023-04-17,8886
8936,國統,24,2,22,國泰-新莊,2023-04-17,8886
6125,廣運,43,21,22,國泰-新莊,2023-04-17,8886
2359,所羅門,75,54,21,國泰-新莊,2023-04-17,8886
00885,富邦越南,22,2,20,國泰-新莊,2023-04-17,8886
3550,聯穎,20,0,20,國泰-新莊,2023-04-17,8886
2438,翔耀,20,0,20,國泰-新莊,2023-04-17,8886
00888,永豐台灣ESG,18,0,18,國泰-新莊,2023-04-17,8886
4967,十銓,45,27,18,國泰-新莊,2023-04-17,8886
1514,亞力,53,36,17,國泰-新莊,2023-04-17,8886
00671R,富邦NASDAQ反1,17,0,17,國泰-新莊,2023-04-17,8886
5607,遠雄港,17,0,17,國泰-新莊,2023-04-17,8886
2329,華泰,29,12,17,國泰-新莊,2023-04-17,8886
2454,聯發科,29,12,17,國泰-新莊,2023-04-17,8886
2748,雲品,34,18,16,國泰-新莊,2023-04-17,8886
1229,聯華,19,3,16,國泰-新莊,2023-04-17,8886
4552,力達-KY,16,0,16,國泰-新莊,2023-04-17,8886
6005,群益證,23,7,16,國泰-新莊,2023-04-17,8886
8933,愛地雅,15,0,15,國泰-新莊,2023-04-17,8886
1589,永冠-KY,17,2,15,國泰-新莊,2023-04-17,8886
00891,中信關鍵半導體,16,1,15,國泰-新莊,2023-04-17,8886
2002,中鋼,362,2,360,國泰-新莊,2023-04-18,8886
2607,榮運,201,7,194,國泰-新莊,2023-04-18,8886
00687B,國泰20年美債,179,0,179,國泰-新莊,2023-04-18,8886
00712,復華富時不動產,214,41,173,國泰-新莊,2023-04-18,8886
00632R,元大台灣50反1,210,52,158,國泰-新莊,2023-04-18,8886
2867,三商壽,152,6,146,國泰-新莊,2023-04-18,8886
00679B,元大美債20年,158,29,129,國泰-新莊,2023-04-18,8886
00772B,中信高評級公司債,112,12,100,國泰-新莊,2023-04-18,8886
00673R,期元大S＆P原油反1,101,7,94,國泰-新莊,2023-04-18,8886
3013,晟銘電,121,42,79,國泰-新莊,2023-04-18,8886
2609,陽明,107,30,77,國泰-新莊,2023-04-18,8886
1444,力麗,85,19,66,國泰-新莊,2023-04-18,8886
2610,華航,69,6,63,國泰-新莊,2023-04-18,8886
2634,漢翔,174,115,59,國泰-新莊,2023-04-18,8886
1584,精剛,177,120,57,國泰-新莊,2023-04-18,8886
1460,宏遠,55,0,55,國泰-新莊,2023-04-18,8886
3264,欣銓,52,0,52,國泰-新莊,2023-04-18,8886
3481,群創,67,17,50,國泰-新莊,2023-04-18,8886
00720B,元大投資級公司債,61,12,49,國泰-新莊,2023-04-18,8886
1605,華新,71,24,47,國泰-新莊,2023-04-18,8886
6148,驊宏資,86,46,40,國泰-新莊,2023-04-18,8886
1101,台泥,44,4,40,國泰-新莊,2023-04-18,8886
2457,飛宏,265,225,40,國泰-新莊,2023-04-18,8886
8033,雷虎,155,117,38,國泰-新莊,2023-04-18,8886
5009,榮剛,58,25,33,國泰-新莊,2023-04-18,8886
6142,友勁,37,5,32,國泰-新莊,2023-04-18,8886
6266,泰詠,54,23,31,國泰-新莊,2023-04-18,8886
00751B,元大AAA至A公司債,34,3,31,國泰-新莊,2023-04-18,8886
6167,久正,34,5,29,國泰-新莊,2023-04-18,8886
2453,凌群,85,57,28,國泰-新莊,2023-04-18,8886
6829,千附精密,59,31,28,國泰-新莊,2023-04-18,8886
4541,晟田,66,39,27,國泰-新莊,2023-04-18,8886
6248,沛波,26,0,26,國泰-新莊,2023-04-18,8886
2630,亞航,35,10,25,國泰-新莊,2023-04-18,8886
8176,智捷,25,0,25,國泰-新莊,2023-04-18,8886
3712,永崴投控,36,14,22,國泰-新莊,2023-04-18,8886
2330,台積電,26,5,21,國泰-新莊,2023-04-18,8886
6177,達麗,20,0,20,國泰-新莊,2023-04-18,8886
6138,茂達,81,61,20,國泰-新莊,2023-04-18,8886
3231,緯創,37,18,19,國泰-新莊,2023-04-18,8886
2317,鴻海,25,6,19,國泰-新莊,2023-04-18,8886
2208,台船,71,52,19,國泰-新莊,2023-04-18,8886
3703,欣陸,19,0,19,國泰-新莊,2023-04-18,8886
6456,GIS-KY,19,0,19,國泰-新莊,2023-04-18,8886
00900,富邦特選高股息30,23,4,19,國泰-新莊,2023-04-18,8886
2409,友達,22,4,18,國泰-新莊,2023-04-18,8886
6548,長科*,21,3,18,國泰-新莊,2023-04-18,8886
00891,中信關鍵半導體,24,7,17,國泰-新莊,2023-04-18,8886
020034,元大IC設計N,17,0,17,國泰-新莊,2023-04-18,8886
6147,頎邦,16,0,16,國泰-新莊,2023-04-18,8886
2409,友達,239,18,221,國泰-新莊,2023-04-19,8886
3363,上詮,211,16,195,國泰-新莊,2023-04-19,8886
6116,彩晶,158,8,150,國泰-新莊,2023-04-19,8886
3481,群創,352,234,118,國泰-新莊,2023-04-19,8886
2609,陽明,81,13,68,國泰-新莊,2023-04-19,8886
00720B,元大投資級公司債,69,8,61,國泰-新莊,2023-04-19,8886
00712,復華富時不動產,118,64,54,國泰-新莊,2023-04-19,8886
00688L,國泰20年美債正2,53,0,53,國泰-新莊,2023-04-19,8886
1101,台泥,51,2,49,國泰-新莊,2023-04-19,8886
00679B,元大美債20年,49,1,48,國泰-新莊,2023-04-19,8886
00891,中信關鍵半導體,51,5,46,國泰-新莊,2023-04-19,8886
2748,雲品,76,32,44,國泰-新莊,2023-04-19,8886
1810,和成,120,78,42,國泰-新莊,2023-04-19,8886
00665L,富邦�琤肭磪囓�2,42,0,42,國泰-新莊,2023-04-19,8886
8210,勤誠,62,20,42,國泰-新莊,2023-04-19,8886
00772B,中信高評級公司債,40,2,38,國泰-新莊,2023-04-19,8886
2515,中工,47,14,33,國泰-新莊,2023-04-19,8886
8155,博智,38,7,31,國泰-新莊,2023-04-19,8886
6120,達運,40,10,30,國泰-新莊,2023-04-19,8886
6770,力積電,41,12,29,國泰-新莊,2023-04-19,8886
00881,國泰台灣5G+,31,4,27,國泰-新莊,2023-04-19,8886
00878,國泰永續高股息,123,96,27,國泰-新莊,2023-04-19,8886
2330,台積電,34,8,26,國泰-新莊,2023-04-19,8886
00888,永豐台灣ESG,28,2,26,國泰-新莊,2023-04-19,8886
2317,鴻海,31,6,25,國泰-新莊,2023-04-19,8886
2457,飛宏,233,210,23,國泰-新莊,2023-04-19,8886
2303,聯電,38,15,23,國泰-新莊,2023-04-19,8886
6148,驊宏資,36,14,22,國泰-新莊,2023-04-19,8886
5009,榮剛,43,22,21,國泰-新莊,2023-04-19,8886
5452,佶優,21,0,21,國泰-新莊,2023-04-19,8886
8222,寶一,66,46,20,國泰-新莊,2023-04-19,8886
1513,中興電,51,31,20,國泰-新莊,2023-04-19,8886
3712,永崴投控,21,1,20,國泰-新莊,2023-04-19,8886
3550,聯穎,20,0,20,國泰-新莊,2023-04-19,8886
1471,首利,29,10,19,國泰-新莊,2023-04-19,8886
00923,群益台ESG低碳50,19,0,19,國泰-新莊,2023-04-19,8886
2498,宏達電,24,5,19,國泰-新莊,2023-04-19,8886
00912,中信臺灣智慧50,18,0,18,國泰-新莊,2023-04-19,8886
6245,立端,19,2,17,國泰-新莊,2023-04-19,8886
1584,精剛,23,6,17,國泰-新莊,2023-04-19,8886
2340,台亞,17,0,17,國泰-新莊,2023-04-19,8886
00637L,元大滬深300正2,18,1,17,國泰-新莊,2023-04-19,8886
6177,達麗,17,0,17,國泰-新莊,2023-04-19,8886
0050,元大台灣50,18,2,16,國泰-新莊,2023-04-19,8886
6188,廣明,16,0,16,國泰-新莊,2023-04-19,8886
6806,森崴能源,59,43,16,國泰-新莊,2023-04-19,8886
2453,凌群,69,54,15,國泰-新莊,2023-04-19,8886
2495,普安,56,41,15,國泰-新莊,2023-04-19,8886
3011,今皓,17,2,15,國泰-新莊,2023-04-19,8886
1460,宏遠,15,0,15,國泰-新莊,2023-04-19,8886
00637L,元大滬深300正2,161,2,159,國泰-新莊,2023-04-20,8886
00720B,元大投資級公司債,145,1,144,國泰-新莊,2023-04-20,8886
2812,台中銀,135,0,135,國泰-新莊,2023-04-20,8886
00683L,期元大美元指正2,100,0,100,國泰-新莊,2023-04-20,8886
2002,中鋼,101,10,91,國泰-新莊,2023-04-20,8886
6443,元晶,108,23,85,國泰-新莊,2023-04-20,8886
5206,坤悅,75,0,75,國泰-新莊,2023-04-20,8886
00900,富邦特選高股息30,65,0,65,國泰-新莊,2023-04-20,8886
00751B,元大AAA至A公司債,63,0,63,國泰-新莊,2023-04-20,8886
3094,聯傑,78,17,61,國泰-新莊,2023-04-20,8886
1802,台玻,53,2,51,國泰-新莊,2023-04-20,8886
1605,華新,71,21,50,國泰-新莊,2023-04-20,8886
2618,長榮航,60,10,50,國泰-新莊,2023-04-20,8886
1460,宏遠,50,0,50,國泰-新莊,2023-04-20,8886
1229,聯華,45,1,44,國泰-新莊,2023-04-20,8886
00772B,中信高評級公司債,65,22,43,國泰-新莊,2023-04-20,8886
4114,健喬,50,8,42,國泰-新莊,2023-04-20,8886
6282,康舒,311,270,41,國泰-新莊,2023-04-20,8886
2201,裕隆,92,52,40,國泰-新莊,2023-04-20,8886
3078,僑威,89,50,39,國泰-新莊,2023-04-20,8886
3058,立德,50,12,38,國泰-新莊,2023-04-20,8886
2645,長榮航太,42,4,38,國泰-新莊,2023-04-20,8886
2515,中工,67,31,36,國泰-新莊,2023-04-20,8886
6235,華孚,112,77,35,國泰-新莊,2023-04-20,8886
5381,合正,35,0,35,國泰-新莊,2023-04-20,8886
00753L,中信中國50正2,48,16,32,國泰-新莊,2023-04-20,8886
6753,龍德造船,33,1,32,國泰-新莊,2023-04-20,8886
4541,晟田,46,14,32,國泰-新莊,2023-04-20,8886
3231,緯創,82,51,31,國泰-新莊,2023-04-20,8886
2610,華航,33,3,30,國泰-新莊,2023-04-20,8886
00878,國泰永續高股息,118,89,29,國泰-新莊,2023-04-20,8886
8933,愛地雅,29,1,28,國泰-新莊,2023-04-20,8886
6244,茂迪,167,140,27,國泰-新莊,2023-04-20,8886
00687B,國泰20年美債,28,1,27,國泰-新莊,2023-04-20,8886
00888,永豐台灣ESG,26,0,26,國泰-新莊,2023-04-20,8886
00679B,元大美債20年,26,0,26,國泰-新莊,2023-04-20,8886
00902,中信電池及儲能,42,17,25,國泰-新莊,2023-04-20,8886
6770,力積電,36,12,24,國泰-新莊,2023-04-20,8886
00893,國泰智能電動車,24,0,24,國泰-新莊,2023-04-20,8886
6133,金橋,25,3,22,國泰-新莊,2023-04-20,8886
1909,榮成,48,26,22,國泰-新莊,2023-04-20,8886
6806,森崴能源,40,19,21,國泰-新莊,2023-04-20,8886
8222,寶一,62,41,21,國泰-新莊,2023-04-20,8886
3209,全科,20,0,20,國泰-新莊,2023-04-20,8886
2344,華邦電,30,10,20,國泰-新莊,2023-04-20,8886
1532,勤美,24,4,20,國泰-新莊,2023-04-20,8886
2409,友達,25,6,19,國泰-新莊,2023-04-20,8886
00912,中信臺灣智慧50,18,0,18,國泰-新莊,2023-04-20,8886
3325,旭品,19,1,18,國泰-新莊,2023-04-20,8886
6548,長科*,20,3,17,國泰-新莊,2023-04-20,8886
0056,元大高股息,197,59,138,國泰-新莊,2023-04-21,8886
00720B,元大投資級公司債,97,1,96,國泰-新莊,2023-04-21,8886
3058,立德,113,30,83,國泰-新莊,2023-04-21,8886
2609,陽明,93,15,78,國泰-新莊,2023-04-21,8886
3006,晶豪科,80,2,78,國泰-新莊,2023-04-21,8886
5521,工信,62,0,62,國泰-新莊,2023-04-21,8886
00900,富邦特選高股息30,54,0,54,國泰-新莊,2023-04-21,8886
00683L,期元大美元指正2,50,0,50,國泰-新莊,2023-04-21,8886
6152,百一,43,0,43,國泰-新莊,2023-04-21,8886
5009,榮剛,53,13,40,國泰-新莊,2023-04-21,8886
00712,復華富時不動產,126,89,37,國泰-新莊,2023-04-21,8886
6282,康舒,213,176,37,國泰-新莊,2023-04-21,8886
2344,華邦電,48,12,36,國泰-新莊,2023-04-21,8886
1906,寶隆,35,0,35,國泰-新莊,2023-04-21,8886
00637L,元大滬深300正2,35,0,35,國泰-新莊,2023-04-21,8886
6133,金橋,39,6,33,國泰-新莊,2023-04-21,8886
00679B,元大美債20年,67,34,33,國泰-新莊,2023-04-21,8886
1904,正隆,97,65,32,國泰-新莊,2023-04-21,8886
2481,強茂,34,4,30,國泰-新莊,2023-04-21,8886
6153,嘉聯益,30,0,30,國泰-新莊,2023-04-21,8886
1305,華夏,30,0,30,國泰-新莊,2023-04-21,8886
00753L,中信中國50正2,39,10,29,國泰-新莊,2023-04-21,8886
00922,國泰台灣領袖50,31,3,28,國泰-新莊,2023-04-21,8886
00665L,富邦�琤肭磪囓�2,32,4,28,國泰-新莊,2023-04-21,8886
3652,精聯,50,22,28,國泰-新莊,2023-04-21,8886
00772B,中信高評級公司債,30,4,26,國泰-新莊,2023-04-21,8886
2332,友訊,28,4,24,國泰-新莊,2023-04-21,8886
00891,中信關鍵半導體,25,2,23,國泰-新莊,2023-04-21,8886
6163,華電網,71,48,23,國泰-新莊,2023-04-21,8886
00751B,元大AAA至A公司債,23,0,23,國泰-新莊,2023-04-21,8886
5469,瀚宇博,25,3,22,國泰-新莊,2023-04-21,8886
1723,中碳,22,0,22,國泰-新莊,2023-04-21,8886
3078,僑威,53,32,21,國泰-新莊,2023-04-21,8886
6244,茂迪,101,80,21,國泰-新莊,2023-04-21,8886
3363,上詮,21,0,21,國泰-新莊,2023-04-21,8886
1710,東聯,80,59,21,國泰-新莊,2023-04-21,8886
2534,宏盛,20,0,20,國泰-新莊,2023-04-21,8886
2867,三商壽,35,15,20,國泰-新莊,2023-04-21,8886
00902,中信電池及儲能,20,1,19,國泰-新莊,2023-04-21,8886
6770,力積電,35,18,17,國泰-新莊,2023-04-21,8886
4162,智擎,19,2,17,國泰-新莊,2023-04-21,8886
2743,山富,17,0,17,國泰-新莊,2023-04-21,8886
4934,太極,20,3,17,國泰-新莊,2023-04-21,8886
3149,正達,19,2,17,國泰-新莊,2023-04-21,8886
3673,TPK-KY,38,21,17,國泰-新莊,2023-04-21,8886
5880,合庫金,17,0,17,國泰-新莊,2023-04-21,8886
2485,兆赫,17,0,17,國泰-新莊,2023-04-21,8886
6271,同欣電,27,11,16,國泰-新莊,2023-04-21,8886
00715L,期街口布蘭特正2,19,3,16,國泰-新莊,2023-04-21,8886
2331,精英,16,0,16,國泰-新莊,2023-04-21,8886
00772B,中信高評級公司債,136,0,136,國泰-新莊,2023-04-24,8886
00637L,元大滬深300正2,124,5,119,國泰-新莊,2023-04-24,8886
00712,復華富時不動產,91,8,83,國泰-新莊,2023-04-24,8886
00902,中信電池及儲能,88,26,62,國泰-新莊,2023-04-24,8886
2002,中鋼,57,0,57,國泰-新莊,2023-04-24,8886
3481,群創,323,282,41,國泰-新莊,2023-04-24,8886
2913,農林,187,150,37,國泰-新莊,2023-04-24,8886
00715L,期街口布蘭特正2,35,0,35,國泰-新莊,2023-04-24,8886
00830,國泰費城半導體,34,0,34,國泰-新莊,2023-04-24,8886
2313,華通,39,7,32,國泰-新莊,2023-04-24,8886
00753L,中信中國50正2,40,9,31,國泰-新莊,2023-04-24,8886
3682,亞太電,26,0,26,國泰-新莊,2023-04-24,8886
00665L,富邦�琤肭磪囓�2,33,7,26,國泰-新莊,2023-04-24,8886
3078,僑威,71,46,25,國泰-新莊,2023-04-24,8886
1519,華城,83,61,22,國泰-新莊,2023-04-24,8886
00643,群益深証中小,21,0,21,國泰-新莊,2023-04-24,8886
1752,南光,30,10,20,國泰-新莊,2023-04-24,8886
6244,茂迪,48,28,20,國泰-新莊,2023-04-24,8886
2610,華航,34,14,20,國泰-新莊,2023-04-24,8886
4566,時碩工業,21,2,19,國泰-新莊,2023-04-24,8886
1711,永光,58,39,19,國泰-新莊,2023-04-24,8886
00679B,元大美債20年,21,2,19,國泰-新莊,2023-04-24,8886
3011,今皓,18,0,18,國泰-新莊,2023-04-24,8886
6770,力積電,24,6,18,國泰-新莊,2023-04-24,8886
2030,彰源,17,0,17,國泰-新莊,2023-04-24,8886
8111,立��,18,1,17,國泰-新莊,2023-04-24,8886
00900,富邦特選高股息30,18,1,17,國泰-新莊,2023-04-24,8886
00720B,元大投資級公司債,17,0,17,國泰-新莊,2023-04-24,8886
3035,智原,33,17,16,國泰-新莊,2023-04-24,8886
6109,亞元,16,0,16,國泰-新莊,2023-04-24,8886
6231,系微,33,17,16,國泰-新莊,2023-04-24,8886
8222,寶一,38,23,15,國泰-新莊,2023-04-24,8886
0050,元大台灣50,14,1,13,國泰-新莊,2023-04-24,8886
2359,所羅門,13,0,13,國泰-新莊,2023-04-24,8886
00692,富邦公司治理,12,0,12,國泰-新莊,2023-04-24,8886
6234,高僑,21,10,11,國泰-新莊,2023-04-24,8886
1907,永豐餘,110,99,11,國泰-新莊,2023-04-24,8886
3006,晶豪科,16,5,11,國泰-新莊,2023-04-24,8886
006208,富邦台50,13,2,11,國泰-新莊,2023-04-24,8886
00891,中信關鍵半導體,13,3,10,國泰-新莊,2023-04-24,8886
00751B,元大AAA至A公司債,11,1,10,國泰-新莊,2023-04-24,8886
00639,富邦深100,10,0,10,國泰-新莊,2023-04-24,8886
00853B,統一美債10年Aa-,10,0,10,國泰-新莊,2023-04-24,8886
6266,泰詠,18,8,10,國泰-新莊,2023-04-24,8886
3004,豐達科,13,3,10,國泰-新莊,2023-04-24,8886
6753,龍德造船,13,3,10,國泰-新莊,2023-04-24,8886
6182,合晶,17,7,10,國泰-新莊,2023-04-24,8886
5258,虹堡,19,10,9,國泰-新莊,2023-04-24,8886
3652,精聯,11,2,9,國泰-新莊,2023-04-24,8886
1514,亞力,12,3,9,國泰-新莊,2023-04-24,8886
00878,國泰永續高股息,307,135,172,國泰-新莊,2023-04-25,8886
2610,華航,149,12,137,國泰-新莊,2023-04-25,8886
00753L,中信中國50正2,142,6,136,國泰-新莊,2023-04-25,8886
020034,元大IC設計N,120,0,120,國泰-新莊,2023-04-25,8886
0056,元大高股息,174,59,115,國泰-新莊,2023-04-25,8886
1101,台泥,140,27,113,國泰-新莊,2023-04-25,8886
5880,合庫金,106,4,102,國泰-新莊,2023-04-25,8886
00665L,富邦�琤肭磪囓�2,94,0,94,國泰-新莊,2023-04-25,8886
00923,群益台ESG低碳50,68,2,66,國泰-新莊,2023-04-25,8886
2303,聯電,76,16,60,國泰-新莊,2023-04-25,8886
00922,國泰台灣領袖50,55,1,54,國泰-新莊,2023-04-25,8886
6244,茂迪,62,10,52,國泰-新莊,2023-04-25,8886
0050,元大台灣50,48,2,46,國泰-新莊,2023-04-25,8886
2834,臺企銀,52,10,42,國泰-新莊,2023-04-25,8886
00902,中信電池及儲能,50,9,41,國泰-新莊,2023-04-25,8886
006208,富邦台50,41,1,40,國泰-新莊,2023-04-25,8886
1584,精剛,39,2,37,國泰-新莊,2023-04-25,8886
2515,中工,38,1,37,國泰-新莊,2023-04-25,8886
2867,三商壽,36,0,36,國泰-新莊,2023-04-25,8886
3231,緯創,59,24,35,國泰-新莊,2023-04-25,8886
8383,千附,39,5,34,國泰-新莊,2023-04-25,8886
1905,華紙,97,63,34,國泰-新莊,2023-04-25,8886
4541,晟田,57,24,33,國泰-新莊,2023-04-25,8886
00637L,元大滬深300正2,89,57,32,國泰-新莊,2023-04-25,8886
3481,群創,384,352,32,國泰-新莊,2023-04-25,8886
2609,陽明,74,43,31,國泰-新莊,2023-04-25,8886
00905,FT臺灣Smart,31,0,31,國泰-新莊,2023-04-25,8886
00641R,富邦日本反1,30,0,30,國泰-新莊,2023-04-25,8886
00720B,元大投資級公司債,26,0,26,國泰-新莊,2023-04-25,8886
2317,鴻海,38,13,25,國泰-新莊,2023-04-25,8886
2888,新光金,24,0,24,國泰-新莊,2023-04-25,8886
00900,富邦特選高股息30,32,8,24,國泰-新莊,2023-04-25,8886
00713,元大台灣高息低波,60,37,23,國泰-新莊,2023-04-25,8886
1752,南光,28,6,22,國泰-新莊,2023-04-25,8886
2634,漢翔,220,198,22,國泰-新莊,2023-04-25,8886
2206,三陽工業,112,90,22,國泰-新莊,2023-04-25,8886
3652,精聯,21,0,21,國泰-新莊,2023-04-25,8886
00882,中信中國高股息,22,1,21,國泰-新莊,2023-04-25,8886
2481,強茂,21,0,21,國泰-新莊,2023-04-25,8886
6109,亞元,20,0,20,國泰-新莊,2023-04-25,8886
3058,立德,25,5,20,國泰-新莊,2023-04-25,8886
1310,台苯,184,165,19,國泰-新莊,2023-04-25,8886
2017,官田鋼,19,0,19,國泰-新莊,2023-04-25,8886
6548,長科*,18,0,18,國泰-新莊,2023-04-25,8886
6266,泰詠,25,7,18,國泰-新莊,2023-04-25,8886
1229,聯華,44,27,17,國泰-新莊,2023-04-25,8886
1721,三晃,99,82,17,國泰-新莊,2023-04-25,8886
3014,聯陽,17,0,17,國泰-新莊,2023-04-25,8886
3049,精金,30,13,17,國泰-新莊,2023-04-25,8886
1314,中石化,27,10,17,國泰-新莊,2023-04-25,8886
00712,復華富時不動產,258,52,206,國泰-新莊,2023-04-26,8886
2609,陽明,136,11,125,國泰-新莊,2023-04-26,8886
00885,富邦越南,110,7,103,國泰-新莊,2023-04-26,8886
2603,長榮,71,2,69,國泰-新莊,2023-04-26,8886
2002,中鋼,70,4,66,國泰-新莊,2023-04-26,8886
3189,景碩,62,6,56,國泰-新莊,2023-04-26,8886
006208,富邦台50,46,0,46,國泰-新莊,2023-04-26,8886
2303,聯電,50,13,37,國泰-新莊,2023-04-26,8886
2330,台積電,37,9,28,國泰-新莊,2023-04-26,8886
00900,富邦特選高股息30,40,13,27,國泰-新莊,2023-04-26,8886
00751B,元大AAA至A公司債,27,1,26,國泰-新莊,2023-04-26,8886
6548,長科*,33,7,26,國泰-新莊,2023-04-26,8886
00687B,國泰20年美債,25,3,22,國泰-新莊,2023-04-26,8886
0050,元大台灣50,23,2,21,國泰-新莊,2023-04-26,8886
2645,長榮航太,23,3,20,國泰-新莊,2023-04-26,8886
00772B,中信高評級公司債,24,5,19,國泰-新莊,2023-04-26,8886
00895,富邦未來車,17,0,17,國泰-新莊,2023-04-26,8886
1605,華新,27,10,17,國泰-新莊,2023-04-26,8886
3013,晟銘電,17,1,16,國泰-新莊,2023-04-26,8886
1464,得力,16,0,16,國泰-新莊,2023-04-26,8886
2482,連宇,31,15,16,國泰-新莊,2023-04-26,8886
2449,京元電子,20,5,15,國泰-新莊,2023-04-26,8886
00715L,期街口布蘭特正2,16,2,14,國泰-新莊,2023-04-26,8886
3032,偉訓,15,1,14,國泰-新莊,2023-04-26,8886
6770,力積電,14,1,13,國泰-新莊,2023-04-26,8886
4979,華星光,19,6,13,國泰-新莊,2023-04-26,8886
2618,長榮航,28,15,13,國泰-新莊,2023-04-26,8886
1104,環泥,13,0,13,國泰-新莊,2023-04-26,8886
1513,中興電,39,26,13,國泰-新莊,2023-04-26,8886
00773B,中信優先金融債,12,0,12,國泰-新莊,2023-04-26,8886
2883B,凱基金乙特,12,0,12,國泰-新莊,2023-04-26,8886
3058,立德,15,3,12,國泰-新莊,2023-04-26,8886
3035,智原,28,17,11,國泰-新莊,2023-04-26,8886
1727,中華化,88,77,11,國泰-新莊,2023-04-26,8886
2409,友達,12,2,10,國泰-新莊,2023-04-26,8886
3479,安勤,14,4,10,國泰-新莊,2023-04-26,8886
3138,耀登,10,0,10,國泰-新莊,2023-04-26,8886
6104,創惟,11,1,10,國泰-新莊,2023-04-26,8886
2014,中鴻,12,2,10,國泰-新莊,2023-04-26,8886
1536,和大,10,0,10,國泰-新莊,2023-04-26,8886
5388,中磊,11,1,10,國泰-新莊,2023-04-26,8886
00905,FT臺灣Smart,11,1,10,國泰-新莊,2023-04-26,8886
00888,永豐台灣ESG,10,1,9,國泰-新莊,2023-04-26,8886
00670L,富邦NASDAQ正2,9,0,9,國泰-新莊,2023-04-26,8886
2481,強茂,10,1,9,國泰-新莊,2023-04-26,8886
00692,富邦公司治理,9,0,9,國泰-新莊,2023-04-26,8886
5009,榮剛,17,9,8,國泰-新莊,2023-04-26,8886
2882,國泰金,13,5,8,國泰-新莊,2023-04-26,8886
1709,和益,20,12,8,國泰-新莊,2023-04-26,8886
4923,力士,8,0,8,國泰-新莊,2023-04-26,8886
00712,復華富時不動產,263,20,243,國泰-新莊,2023-04-27,8886
2888,新光金,166,8,158,國泰-新莊,2023-04-27,8886
2002,中鋼,132,34,98,國泰-新莊,2023-04-27,8886
00687B,國泰20年美債,77,0,77,國泰-新莊,2023-04-27,8886
2609,陽明,105,33,72,國泰-新莊,2023-04-27,8886
1909,榮成,66,2,64,國泰-新莊,2023-04-27,8886
6446,藥華藥,68,5,63,國泰-新莊,2023-04-27,8886
0056,元大高股息,59,2,57,國泰-新莊,2023-04-27,8886
1471,首利,67,14,53,國泰-新莊,2023-04-27,8886
00772B,中信高評級公司債,54,1,53,國泰-新莊,2023-04-27,8886
00679B,元大美債20年,65,14,51,國泰-新莊,2023-04-27,8886
00878,國泰永續高股息,128,78,50,國泰-新莊,2023-04-27,8886
2409,友達,54,4,50,國泰-新莊,2023-04-27,8886
6109,亞元,50,0,50,國泰-新莊,2023-04-27,8886
00715L,期街口布蘭特正2,49,2,47,國泰-新莊,2023-04-27,8886
2344,華邦電,76,30,46,國泰-新莊,2023-04-27,8886
1721,三晃,105,64,41,國泰-新莊,2023-04-27,8886
00751B,元大AAA至A公司債,42,3,39,國泰-新莊,2023-04-27,8886
00888,永豐台灣ESG,41,2,39,國泰-新莊,2023-04-27,8886
1905,華紙,90,54,36,國泰-新莊,2023-04-27,8886
2352,佳世達,46,12,34,國泰-新莊,2023-04-27,8886
3037,欣興,37,3,34,國泰-新莊,2023-04-27,8886
00853B,統一美債10年Aa-,33,0,33,國泰-新莊,2023-04-27,8886
2884,玉山金,37,4,33,國泰-新莊,2023-04-27,8886
2834,臺企銀,34,2,32,國泰-新莊,2023-04-27,8886
00895,富邦未來車,32,0,32,國泰-新莊,2023-04-27,8886
4155,訊映,30,0,30,國泰-新莊,2023-04-27,8886
5009,榮剛,48,19,29,國泰-新莊,2023-04-27,8886
006208,富邦台50,28,1,27,國泰-新莊,2023-04-27,8886
00642U,期元大S＆P石油,25,0,25,國泰-新莊,2023-04-27,8886
2892,第一金,24,1,23,國泰-新莊,2023-04-27,8886
2610,華航,78,56,22,國泰-新莊,2023-04-27,8886
2886,兆豐金,21,0,21,國泰-新莊,2023-04-27,8886
1710,東聯,65,46,19,國泰-新莊,2023-04-27,8886
00632R,元大台灣50反1,70,51,19,國泰-新莊,2023-04-27,8886
00900,富邦特選高股息30,18,1,17,國泰-新莊,2023-04-27,8886
1717,長興,25,8,17,國泰-新莊,2023-04-27,8886
8093,保銳,18,1,17,國泰-新莊,2023-04-27,8886
00688L,國泰20年美債正2,17,0,17,國泰-新莊,2023-04-27,8886
2330,台積電,18,1,17,國泰-新莊,2023-04-27,8886
2303,聯電,28,11,17,國泰-新莊,2023-04-27,8886
00885,富邦越南,17,1,16,國泰-新莊,2023-04-27,8886
00902,中信電池及儲能,18,3,15,國泰-新莊,2023-04-27,8886
2515,中工,16,1,15,國泰-新莊,2023-04-27,8886
2883B,凱基金乙特,15,0,15,國泰-新莊,2023-04-27,8886
1762,中化生,19,5,14,國泰-新莊,2023-04-27,8886
3265,台星科,16,2,14,國泰-新莊,2023-04-27,8886
00753L,中信中國50正2,130,117,13,國泰-新莊,2023-04-27,8886
0050,元大台灣50,16,3,13,國泰-新莊,2023-04-27,8886
00720B,元大投資級公司債,19,7,12,國泰-新莊,2023-04-27,8886
00632R,元大台灣50反1,240,89,151,國泰-新莊,2023-04-28,8886
00751B,元大AAA至A公司債,114,1,113,國泰-新莊,2023-04-28,8886
3202,樺晟,100,0,100,國泰-新莊,2023-04-28,8886
3481,群創,475,395,80,國泰-新莊,2023-04-28,8886
00772B,中信高評級公司債,79,0,79,國泰-新莊,2023-04-28,8886
2457,飛宏,108,30,78,國泰-新莊,2023-04-28,8886
00706L,期元大S＆P日圓正2,70,0,70,國泰-新莊,2023-04-28,8886
8383,千附,51,1,50,國泰-新莊,2023-04-28,8886
8222,寶一,125,78,47,國泰-新莊,2023-04-28,8886
2888,新光金,118,82,36,國泰-新莊,2023-04-28,8886
6282,康舒,62,27,35,國泰-新莊,2023-04-28,8886
1723,中碳,34,0,34,國泰-新莊,2023-04-28,8886
2880,華南金,71,38,33,國泰-新莊,2023-04-28,8886
00922,國泰台灣領袖50,33,0,33,國泰-新莊,2023-04-28,8886
2492,華新科,42,10,32,國泰-新莊,2023-04-28,8886
00902,中信電池及儲能,32,1,31,國泰-新莊,2023-04-28,8886
2610,華航,52,23,29,國泰-新莊,2023-04-28,8886
1909,榮成,28,1,27,國泰-新莊,2023-04-28,8886
6266,泰詠,47,21,26,國泰-新莊,2023-04-28,8886
00715L,期街口布蘭特正2,27,5,22,國泰-新莊,2023-04-28,8886
3711,日月光投控,23,1,22,國泰-新莊,2023-04-28,8886
1101,台泥,35,14,21,國泰-新莊,2023-04-28,8886
0050,元大台灣50,22,1,21,國泰-新莊,2023-04-28,8886
2462,良得電,20,0,20,國泰-新莊,2023-04-28,8886
2601,益航,20,0,20,國泰-新莊,2023-04-28,8886
2303,聯電,35,17,18,國泰-新莊,2023-04-28,8886
3029,零壹,29,11,18,國泰-新莊,2023-04-28,8886
6288,聯嘉,42,25,17,國泰-新莊,2023-04-28,8886
3017,奇鋐,30,13,17,國泰-新莊,2023-04-28,8886
3704,合勤控,28,12,16,國泰-新莊,2023-04-28,8886
2402,毅嘉,69,53,16,國泰-新莊,2023-04-28,8886
2368,金像電,22,6,16,國泰-新莊,2023-04-28,8886
00924,復華S＆P500成長,16,0,16,國泰-新莊,2023-04-28,8886
6770,力積電,25,9,16,國泰-新莊,2023-04-28,8886
6443,元晶,15,0,15,國泰-新莊,2023-04-28,8886
00878,國泰永續高股息,224,208,16,國泰-新莊,2023-04-28,8886
00720B,元大投資級公司債,15,0,15,國泰-新莊,2023-04-28,8886
8011,台通,15,0,15,國泰-新莊,2023-04-28,8886
2603,長榮,26,12,14,國泰-新莊,2023-04-28,8886
00900,富邦特選高股息30,19,5,14,國泰-新莊,2023-04-28,8886
2890,永豐金,13,1,12,國泰-新莊,2023-04-28,8886
3706,神達,12,0,12,國泰-新莊,2023-04-28,8886
00687B,國泰20年美債,12,0,12,國泰-新莊,2023-04-28,8886
00669R,國泰美國道瓊反1,12,0,12,國泰-新莊,2023-04-28,8886
6179,亞通,12,1,11,國泰-新莊,2023-04-28,8886
2352,佳世達,43,33,10,國泰-新莊,2023-04-28,8886
00892,富邦台灣半導體,10,0,10,國泰-新莊,2023-04-28,8886
2614,東森,10,0,10,國泰-新莊,2023-04-28,8886
5386,青雲,10,0,10,國泰-新莊,2023-04-28,8886
3004,豐達科,28,18,10,國泰-新莊,2023-04-28,8886
00720B,元大投資級公司債,320,1,319,國泰-新莊,2023-05-02,8886
00679B,元大美債20年,252,3,249,國泰-新莊,2023-05-02,8886
2884,玉山金,135,5,130,國泰-新莊,2023-05-02,8886
00706L,期元大S＆P日圓正2,124,0,124,國泰-新莊,2023-05-02,8886
00632R,元大台灣50反1,142,20,122,國泰-新莊,2023-05-02,8886
00772B,中信高評級公司債,161,60,101,國泰-新莊,2023-05-02,8886
1314,中石化,105,20,85,國泰-新莊,2023-05-02,8886
00712,復華富時不動產,67,2,65,國泰-新莊,2023-05-02,8886
2344,華邦電,69,11,58,國泰-新莊,2023-05-02,8886
2609,陽明,73,22,51,國泰-新莊,2023-05-02,8886
2603,長榮,63,16,47,國泰-新莊,2023-05-02,8886
3202,樺晟,45,0,45,國泰-新莊,2023-05-02,8886
8046,南電,42,2,40,國泰-新莊,2023-05-02,8886
1513,中興電,94,57,37,國泰-新莊,2023-05-02,8886
00751B,元大AAA至A公司債,39,3,36,國泰-新莊,2023-05-02,8886
4155,訊映,33,2,31,國泰-新莊,2023-05-02,8886
4572,駐龍,38,7,31,國泰-新莊,2023-05-02,8886
1504,東元,102,76,26,國泰-新莊,2023-05-02,8886
3701,大眾控,31,6,25,國泰-新莊,2023-05-02,8886
00687B,國泰20年美債,23,0,23,國泰-新莊,2023-05-02,8886
00680L,元大美債20正2,28,5,23,國泰-新莊,2023-05-02,8886
4541,晟田,79,56,23,國泰-新莊,2023-05-02,8886
1310,台苯,24,1,23,國泰-新莊,2023-05-02,8886
1720,生達,29,6,23,國泰-新莊,2023-05-02,8886
2881,富邦金,23,1,22,國泰-新莊,2023-05-02,8886
00725B,國泰投資級公司債,22,0,22,國泰-新莊,2023-05-02,8886
4121,優盛,49,28,21,國泰-新莊,2023-05-02,8886
1776,展宇,20,0,20,國泰-新莊,2023-05-02,8886
6148,驊宏資,80,62,18,國泰-新莊,2023-05-02,8886
00922,國泰台灣領袖50,24,6,18,國泰-新莊,2023-05-02,8886
6753,龍德造船,21,4,17,國泰-新莊,2023-05-02,8886
6111,大宇資,27,10,17,國泰-新莊,2023-05-02,8886
5371,中光電,25,9,16,國泰-新莊,2023-05-02,8886
6279,胡連,16,0,16,國泰-新莊,2023-05-02,8886
2495,普安,43,28,15,國泰-新莊,2023-05-02,8886
2471,資通,36,22,14,國泰-新莊,2023-05-02,8886
6234,高僑,114,100,14,國泰-新莊,2023-05-02,8886
8088,品安,15,1,14,國泰-新莊,2023-05-02,8886
2367,燿華,14,0,14,國泰-新莊,2023-05-02,8886
3032,偉訓,27,14,13,國泰-新莊,2023-05-02,8886
2883B,凱基金乙特,14,2,12,國泰-新莊,2023-05-02,8886
2331,精英,51,39,12,國泰-新莊,2023-05-02,8886
1752,南光,13,1,12,國泰-新莊,2023-05-02,8886
0050,元大台灣50,17,6,11,國泰-新莊,2023-05-02,8886
1809,中釉,12,1,11,國泰-新莊,2023-05-02,8886
2442,新美齊,11,0,11,國泰-新莊,2023-05-02,8886
00671R,富邦NASDAQ反1,11,0,11,國泰-新莊,2023-05-02,8886
2634,漢翔,86,76,10,國泰-新莊,2023-05-02,8886
2453,凌群,21,11,10,國泰-新莊,2023-05-02,8886
00902,中信電池及儲能,12,2,10,國泰-新莊,2023-05-02,8886
00712,復華富時不動產,324,6,318,國泰-新莊,2023-05-03,8886
00665L,富邦�琤肭磪囓�2,280,0,280,國泰-新莊,2023-05-03,8886
00720B,元大投資級公司債,186,1,185,國泰-新莊,2023-05-03,8886
00715L,期街口布蘭特正2,129,0,129,國泰-新莊,2023-05-03,8886
4155,訊映,95,0,95,國泰-新莊,2023-05-03,8886
00637L,元大滬深300正2,75,0,75,國泰-新莊,2023-05-03,8886
00642U,期元大S＆P石油,73,0,73,國泰-新莊,2023-05-03,8886
3481,群創,435,367,68,國泰-新莊,2023-05-03,8886
2610,華航,54,3,51,國泰-新莊,2023-05-03,8886
00885,富邦越南,52,2,50,國泰-新莊,2023-05-03,8886
1229,聯華,47,0,47,國泰-新莊,2023-05-03,8886
2201,裕隆,46,3,43,國泰-新莊,2023-05-03,8886
2634,漢翔,155,115,40,國泰-新莊,2023-05-03,8886
00753L,中信中國50正2,111,72,39,國泰-新莊,2023-05-03,8886
6282,康舒,104,65,39,國泰-新莊,2023-05-03,8886
2609,陽明,71,33,38,國泰-新莊,2023-05-03,8886
6167,久正,45,13,32,國泰-新莊,2023-05-03,8886
3202,樺晟,35,3,32,國泰-新莊,2023-05-03,8886
00751B,元大AAA至A公司債,31,0,31,國泰-新莊,2023-05-03,8886
1504,東元,45,14,31,國泰-新莊,2023-05-03,8886
006208,富邦台50,28,0,28,國泰-新莊,2023-05-03,8886
00772B,中信高評級公司債,42,15,27,國泰-新莊,2023-05-03,8886
2615,萬海,35,8,27,國泰-新莊,2023-05-03,8886
00891,中信關鍵半導體,33,7,26,國泰-新莊,2023-05-03,8886
2603,長榮,90,66,24,國泰-新莊,2023-05-03,8886
4121,優盛,41,18,23,國泰-新莊,2023-05-03,8886
8097,常珵,23,0,23,國泰-新莊,2023-05-03,8886
1101,台泥,62,39,23,國泰-新莊,2023-05-03,8886
3325,旭品,23,1,22,國泰-新莊,2023-05-03,8886
3231,緯創,41,20,21,國泰-新莊,2023-05-03,8886
4572,駐龍,48,28,20,國泰-新莊,2023-05-03,8886
00650L,復華香港正2,19,0,19,國泰-新莊,2023-05-03,8886
6625,必應,30,11,19,國泰-新莊,2023-05-03,8886
5465,富驊,27,10,17,國泰-新莊,2023-05-03,8886
6443,元晶,26,9,17,國泰-新莊,2023-05-03,8886
4111,濟生,17,0,17,國泰-新莊,2023-05-03,8886
00922,國泰台灣領袖50,18,1,17,國泰-新莊,2023-05-03,8886
3032,偉訓,29,13,16,國泰-新莊,2023-05-03,8886
2534,宏盛,16,0,16,國泰-新莊,2023-05-03,8886
6160,欣技,25,10,15,國泰-新莊,2023-05-03,8886
2409,友達,19,4,15,國泰-新莊,2023-05-03,8886
1569,濱川,15,0,15,國泰-新莊,2023-05-03,8886
9933,中鼎,15,0,15,國泰-新莊,2023-05-03,8886
1451,年興,15,0,15,國泰-新莊,2023-05-03,8886
9955,佳龍,23,8,15,國泰-新莊,2023-05-03,8886
2417,圓剛,23,9,14,國泰-新莊,2023-05-03,8886
4967,十銓,23,9,14,國泰-新莊,2023-05-03,8886
00881,國泰台灣5G+,16,2,14,國泰-新莊,2023-05-03,8886
1104,環泥,27,14,13,國泰-新莊,2023-05-03,8886
1503,士電,120,108,12,國泰-新莊,2023-05-03,8886
00715L,期街口布蘭特正2,179,24,155,國泰-新莊,2023-05-04,8886
00878,國泰永續高股息,212,124,88,國泰-新莊,2023-05-04,8886
2845,遠東銀,75,0,75,國泰-新莊,2023-05-04,8886
2002,中鋼,65,0,65,國泰-新莊,2023-05-04,8886
00632R,元大台灣50反1,59,1,58,國泰-新莊,2023-05-04,8886
2206,三陽工業,155,100,55,國泰-新莊,2023-05-04,8886
2457,飛宏,85,34,51,國泰-新莊,2023-05-04,8886
00772B,中信高評級公司債,90,46,44,國泰-新莊,2023-05-04,8886
6282,康舒,66,33,33,國泰-新莊,2023-05-04,8886
00642U,期元大S＆P石油,30,0,30,國泰-新莊,2023-05-04,8886
5009,榮剛,42,14,28,國泰-新莊,2023-05-04,8886
1310,台苯,32,5,27,國泰-新莊,2023-05-04,8886
00670L,富邦NASDAQ正2,27,1,26,國泰-新莊,2023-05-04,8886
00751B,元大AAA至A公司債,25,0,25,國泰-新莊,2023-05-04,8886
2413,環科,28,4,24,國泰-新莊,2023-05-04,8886
6148,驊宏資,120,98,22,國泰-新莊,2023-05-04,8886
1101,台泥,59,37,22,國泰-新莊,2023-05-04,8886
3049,精金,21,0,21,國泰-新莊,2023-05-04,8886
00679B,元大美債20年,28,8,20,國泰-新莊,2023-05-04,8886
4541,晟田,47,28,19,國泰-新莊,2023-05-04,8886
5351,鈺創,21,2,19,國泰-新莊,2023-05-04,8886
3419,譁裕,44,25,19,國泰-新莊,2023-05-04,8886
8072,陞泰,17,0,17,國泰-新莊,2023-05-04,8886
6234,高僑,49,33,16,國泰-新莊,2023-05-04,8886
6167,久正,18,2,16,國泰-新莊,2023-05-04,8886
3202,樺晟,21,5,16,國泰-新莊,2023-05-04,8886
3564,其陽,16,0,16,國泰-新莊,2023-05-04,8886
00676R,富邦臺灣加權反1,21,5,16,國泰-新莊,2023-05-04,8886
00720B,元大投資級公司債,16,0,16,國泰-新莊,2023-05-04,8886
6163,華電網,17,2,15,國泰-新莊,2023-05-04,8886
1104,環泥,17,3,14,國泰-新莊,2023-05-04,8886
1515,力山,15,1,14,國泰-新莊,2023-05-04,8886
2880,華南金,18,4,14,國泰-新莊,2023-05-04,8886
2489,瑞軒,13,0,13,國泰-新莊,2023-05-04,8886
5880,合庫金,13,0,13,國泰-新莊,2023-05-04,8886
2867,三商壽,22,9,13,國泰-新莊,2023-05-04,8886
00680L,元大美債20正2,25,13,12,國泰-新莊,2023-05-04,8886
2208,台船,33,22,11,國泰-新莊,2023-05-04,8886
00903,富邦元宇宙,11,0,11,國泰-新莊,2023-05-04,8886
2014,中鴻,14,3,11,國泰-新莊,2023-05-04,8886
4953,緯軟,11,0,11,國泰-新莊,2023-05-04,8886
6456,GIS-KY,11,0,11,國泰-新莊,2023-05-04,8886
8093,保銳,11,0,11,國泰-新莊,2023-05-04,8886
3479,安勤,25,14,11,國泰-新莊,2023-05-04,8886
00852L,國泰美國道瓊正2,10,0,10,國泰-新莊,2023-05-04,8886
6179,亞通,11,1,10,國泰-新莊,2023-05-04,8886
4128,中天,10,0,10,國泰-新莊,2023-05-04,8886
00671R,富邦NASDAQ反1,10,0,10,國泰-新莊,2023-05-04,8886
3712,永崴投控,20,10,10,國泰-新莊,2023-05-04,8886
9933,中鼎,10,0,10,國泰-新莊,2023-05-04,8886
00878,國泰永續高股息,274,45,229,國泰-新莊,2023-05-05,8886
00712,復華富時不動產,174,20,154,國泰-新莊,2023-05-05,8886
00720B,元大投資級公司債,145,0,145,國泰-新莊,2023-05-05,8886
00715L,期街口布蘭特正2,133,3,130,國泰-新莊,2023-05-05,8886
00679B,元大美債20年,108,3,105,國泰-新莊,2023-05-05,8886
3576,聯合再生,107,13,94,國泰-新莊,2023-05-05,8886
2442,新美齊,68,0,68,國泰-新莊,2023-05-05,8886
00687B,國泰20年美債,65,0,65,國泰-新莊,2023-05-05,8886
00772B,中信高評級公司債,91,28,63,國泰-新莊,2023-05-05,8886
4155,訊映,62,0,62,國泰-新莊,2023-05-05,8886
6244,茂迪,139,87,52,國泰-新莊,2023-05-05,8886
3710,連展投控,50,0,50,國泰-新莊,2023-05-05,8886
2353,宏��,59,10,49,國泰-新莊,2023-05-05,8886
8215,明基材,46,0,46,國泰-新莊,2023-05-05,8886
1609,大亞,188,145,43,國泰-新莊,2023-05-05,8886
00751B,元大AAA至A公司債,38,0,38,國泰-新莊,2023-05-05,8886
6443,元晶,72,39,33,國泰-新莊,2023-05-05,8886
6191,精成科,42,9,33,國泰-新莊,2023-05-05,8886
3356,奇偶,37,4,33,國泰-新莊,2023-05-05,8886
1785,光洋科,37,5,32,國泰-新莊,2023-05-05,8886
1504,東元,93,61,32,國泰-新莊,2023-05-05,8886
1529,樂事綠能,62,31,31,國泰-新莊,2023-05-05,8886
5009,榮剛,36,8,28,國泰-新莊,2023-05-05,8886
0056,元大高股息,39,13,26,國泰-新莊,2023-05-05,8886
4164,承業醫,37,13,24,國泰-新莊,2023-05-05,8886
2030,彰源,23,0,23,國泰-新莊,2023-05-05,8886
3005,神基,35,13,22,國泰-新莊,2023-05-05,8886
1513,中興電,40,19,21,國泰-新莊,2023-05-05,8886
4541,晟田,46,27,19,國泰-新莊,2023-05-05,8886
3013,晟銘電,21,2,19,國泰-新莊,2023-05-05,8886
3558,神準,24,6,18,國泰-新莊,2023-05-05,8886
2002,中鋼,17,0,17,國泰-新莊,2023-05-05,8886
00902,中信電池及儲能,17,0,17,國泰-新莊,2023-05-05,8886
2358,廷鑫,22,5,17,國泰-新莊,2023-05-05,8886
3017,奇鋐,50,34,16,國泰-新莊,2023-05-05,8886
1605,華新,38,22,16,國泰-新莊,2023-05-05,8886
3481,群創,91,76,15,國泰-新莊,2023-05-05,8886
2352,佳世達,43,28,15,國泰-新莊,2023-05-05,8886
4720,德淵,15,0,15,國泰-新莊,2023-05-05,8886
1104,環泥,20,5,15,國泰-新莊,2023-05-05,8886
2534,宏盛,15,0,15,國泰-新莊,2023-05-05,8886
2457,飛宏,56,41,15,國泰-新莊,2023-05-05,8886
1905,華紙,42,28,14,國泰-新莊,2023-05-05,8886
00917,中信特選金融,18,4,14,國泰-新莊,2023-05-05,8886
1451,年興,15,1,14,國泰-新莊,2023-05-05,8886
00713,元大台灣高息低波,14,0,14,國泰-新莊,2023-05-05,8886
00725B,國泰投資級公司債,13,0,13,國泰-新莊,2023-05-05,8886
2453,凌群,30,17,13,國泰-新莊,2023-05-05,8886
6167,久正,15,2,13,國泰-新莊,2023-05-05,8886
3035,智原,17,5,12,國泰-新莊,2023-05-05,8886
2883,凱基金,380,186,194,國泰-新莊,2023-05-08,8886
4155,訊映,138,0,138,國泰-新莊,2023-05-08,8886
00632R,元大台灣50反1,135,2,133,國泰-新莊,2023-05-08,8886
1605,華新,137,44,93,國泰-新莊,2023-05-08,8886
6134,萬旭,60,0,60,國泰-新莊,2023-05-08,8886
8112,至上,56,2,54,國泰-新莊,2023-05-08,8886
00687B,國泰20年美債,52,0,52,國泰-新莊,2023-05-08,8886
00673R,期元大S＆P原油反1,50,2,48,國泰-新莊,2023-05-08,8886
00712,復華富時不動產,81,34,47,國泰-新莊,2023-05-08,8886
2442,新美齊,45,0,45,國泰-新莊,2023-05-08,8886
00923,群益台ESG低碳50,52,7,45,國泰-新莊,2023-05-08,8886
00772B,中信高評級公司債,45,0,45,國泰-新莊,2023-05-08,8886
00751B,元大AAA至A公司債,42,0,42,國泰-新莊,2023-05-08,8886
3617,碩天,56,15,41,國泰-新莊,2023-05-08,8886
6443,元晶,58,26,32,國泰-新莊,2023-05-08,8886
3005,神基,39,8,31,國泰-新莊,2023-05-08,8886
1451,年興,30,0,30,國泰-新莊,2023-05-08,8886
1218,泰山,79,49,30,國泰-新莊,2023-05-08,8886
2887,台新金,55,27,28,國泰-新莊,2023-05-08,8886
2408,南亞科,27,4,23,國泰-新莊,2023-05-08,8886
8069,元太,41,19,22,國泰-新莊,2023-05-08,8886
3231,緯創,49,27,22,國泰-新莊,2023-05-08,8886
5498,凱崴,23,3,20,國泰-新莊,2023-05-08,8886
1307,三芳,23,3,20,國泰-新莊,2023-05-08,8886
2889,國票金,19,1,18,國泰-新莊,2023-05-08,8886
4164,承業醫,25,8,17,國泰-新莊,2023-05-08,8886
4744,皇將,35,18,17,國泰-新莊,2023-05-08,8886
2317,鴻海,26,9,17,國泰-新莊,2023-05-08,8886
9955,佳龍,25,9,16,國泰-新莊,2023-05-08,8886
2897,王道銀行,15,0,15,國泰-新莊,2023-05-08,8886
00671R,富邦NASDAQ反1,15,0,15,國泰-新莊,2023-05-08,8886
00720B,元大投資級公司債,25,10,15,國泰-新莊,2023-05-08,8886
2337,旺宏,15,1,14,國泰-新莊,2023-05-08,8886
5309,系統電,16,2,14,國泰-新莊,2023-05-08,8886
5222,全訊,23,9,14,國泰-新莊,2023-05-08,8886
3017,奇鋐,58,45,13,國泰-新莊,2023-05-08,8886
6625,必應,28,15,13,國泰-新莊,2023-05-08,8886
4173,久裕,13,1,12,國泰-新莊,2023-05-08,8886
9958,世紀鋼,16,4,12,國泰-新莊,2023-05-08,8886
6104,創惟,17,5,12,國泰-新莊,2023-05-08,8886
6547,高端疫苗,20,8,12,國泰-新莊,2023-05-08,8886
2482,連宇,52,40,12,國泰-新莊,2023-05-08,8886
3029,零壹,39,27,12,國泰-新莊,2023-05-08,8886
8033,雷虎,70,59,11,國泰-新莊,2023-05-08,8886
6245,立端,28,17,11,國泰-新莊,2023-05-08,8886
00795B,中信美國公債20年,11,0,11,國泰-新莊,2023-05-08,8886
00902,中信電池及儲能,11,0,11,國泰-新莊,2023-05-08,8886
2739,寒舍,11,0,11,國泰-新莊,2023-05-08,8886
1210,大成,15,4,11,國泰-新莊,2023-05-08,8886
6282,康舒,52,42,10,國泰-新莊,2023-05-08,8886
00687B,國泰20年美債,162,0,162,國泰-新莊,2023-05-09,8886
00772B,中信高評級公司債,153,7,146,國泰-新莊,2023-05-09,8886
4155,訊映,119,3,116,國泰-新莊,2023-05-09,8886
00878,國泰永續高股息,182,73,109,國泰-新莊,2023-05-09,8886
00688L,國泰20年美債正2,109,0,109,國泰-新莊,2023-05-09,8886
1314,中石化,119,19,100,國泰-新莊,2023-05-09,8886
1905,華紙,229,134,95,國泰-新莊,2023-05-09,8886
00720B,元大投資級公司債,90,0,90,國泰-新莊,2023-05-09,8886
2442,新美齊,65,2,63,國泰-新莊,2023-05-09,8886
1504,東元,136,75,61,國泰-新莊,2023-05-09,8886
4541,晟田,56,3,53,國泰-新莊,2023-05-09,8886
1101,台泥,59,7,52,國泰-新莊,2023-05-09,8886
0056,元大高股息,56,5,51,國泰-新莊,2023-05-09,8886
8033,雷虎,54,12,42,國泰-新莊,2023-05-09,8886
6226,光鼎,42,1,41,國泰-新莊,2023-05-09,8886
00680L,元大美債20正2,60,20,40,國泰-新莊,2023-05-09,8886
00751B,元大AAA至A公司債,40,0,40,國泰-新莊,2023-05-09,8886
6235,華孚,40,1,39,國泰-新莊,2023-05-09,8886
3673,TPK-KY,43,6,37,國泰-新莊,2023-05-09,8886
6112,邁達特,95,60,35,國泰-新莊,2023-05-09,8886
1218,泰山,54,20,34,國泰-新莊,2023-05-09,8886
4931,新盛力,31,2,29,國泰-新莊,2023-05-09,8886
2471,資通,56,29,27,國泰-新莊,2023-05-09,8886
00679B,元大美債20年,70,43,27,國泰-新莊,2023-05-09,8886
00795B,中信美國公債20年,27,0,27,國泰-新莊,2023-05-09,8886
3071,協禧,44,17,27,國泰-新莊,2023-05-09,8886
8403,盛弘,33,6,27,國泰-新莊,2023-05-09,8886
4572,駐龍,27,1,26,國泰-新莊,2023-05-09,8886
3037,欣興,54,28,26,國泰-新莊,2023-05-09,8886
1708,東鹼,26,1,25,國泰-新莊,2023-05-09,8886
1609,大亞,105,80,25,國泰-新莊,2023-05-09,8886
6202,盛群,25,1,24,國泰-新莊,2023-05-09,8886
1611,中電,32,8,24,國泰-新莊,2023-05-09,8886
2030,彰源,22,1,21,國泰-新莊,2023-05-09,8886
8933,愛地雅,37,16,21,國泰-新莊,2023-05-09,8886
1519,華城,112,92,20,國泰-新莊,2023-05-09,8886
6244,茂迪,58,38,20,國泰-新莊,2023-05-09,8886
2481,強茂,20,0,20,國泰-新莊,2023-05-09,8886
1612,宏泰,23,3,20,國泰-新莊,2023-05-09,8886
2881,富邦金,21,1,20,國泰-新莊,2023-05-09,8886
5222,全訊,21,4,17,國泰-新莊,2023-05-09,8886
6016,康和證,17,0,17,國泰-新莊,2023-05-09,8886
1584,精剛,41,24,17,國泰-新莊,2023-05-09,8886
1711,永光,17,0,17,國泰-新莊,2023-05-09,8886
2883,凱基金,22,6,16,國泰-新莊,2023-05-09,8886
2367,燿華,16,0,16,國泰-新莊,2023-05-09,8886
8215,明基材,15,0,15,國泰-新莊,2023-05-09,8886
3264,欣銓,15,0,15,國泰-新莊,2023-05-09,8886
3605,宏致,15,1,14,國泰-新莊,2023-05-09,8886
3484,崧騰,20,6,14,國泰-新莊,2023-05-09,8886
00878,國泰永續高股息,303,26,277,國泰-新莊,2023-05-10,8886
00753L,中信中國50正2,213,23,190,國泰-新莊,2023-05-10,8886
00795B,中信美國公債20年,187,0,187,國泰-新莊,2023-05-10,8886
00637L,元大滬深300正2,157,10,147,國泰-新莊,2023-05-10,8886
00665L,富邦�琤肭磪囓�2,147,3,144,國泰-新莊,2023-05-10,8886
00687B,國泰20年美債,130,10,120,國泰-新莊,2023-05-10,8886
2882,國泰金,59,3,56,國泰-新莊,2023-05-10,8886
00680L,元大美債20正2,76,22,54,國泰-新莊,2023-05-10,8886
00632R,元大台灣50反1,89,37,52,國泰-新莊,2023-05-10,8886
00713,元大台灣高息低波,46,3,43,國泰-新莊,2023-05-10,8886
4533,協易機,42,0,42,國泰-新莊,2023-05-10,8886
00772B,中信高評級公司債,41,1,40,國泰-新莊,2023-05-10,8886
2421,建準,82,42,40,國泰-新莊,2023-05-10,8886
6235,華孚,74,41,33,國泰-新莊,2023-05-10,8886
3231,緯創,70,38,32,國泰-新莊,2023-05-10,8886
00720B,元大投資級公司債,30,3,27,國泰-新莊,2023-05-10,8886
4155,訊映,26,0,26,國泰-新莊,2023-05-10,8886
2330,台積電,25,2,23,國泰-新莊,2023-05-10,8886
2897,王道銀行,23,1,22,國泰-新莊,2023-05-10,8886
006208,富邦台50,20,0,20,國泰-新莊,2023-05-10,8886
8222,寶一,45,25,20,國泰-新莊,2023-05-10,8886
1101,台泥,21,2,19,國泰-新莊,2023-05-10,8886
3191,雲嘉南,18,0,18,國泰-新莊,2023-05-10,8886
2881,富邦金,20,3,17,國泰-新莊,2023-05-10,8886
6185,幃翔,20,5,15,國泰-新莊,2023-05-10,8886
2387,精元,19,5,14,國泰-新莊,2023-05-10,8886
2408,南亞科,17,4,13,國泰-新莊,2023-05-10,8886
3325,旭品,16,3,13,國泰-新莊,2023-05-10,8886
4538,大詠城,13,0,13,國泰-新莊,2023-05-10,8886
9939,宏全,18,6,12,國泰-新莊,2023-05-10,8886
6223,旺矽,12,0,12,國泰-新莊,2023-05-10,8886
3037,欣興,27,15,12,國泰-新莊,2023-05-10,8886
00751B,元大AAA至A公司債,12,0,12,國泰-新莊,2023-05-10,8886
2303,聯電,16,4,12,國泰-新莊,2023-05-10,8886
00673R,期元大S＆P原油反1,11,0,11,國泰-新莊,2023-05-10,8886
1708,東鹼,11,0,11,國泰-新莊,2023-05-10,8886
3013,晟銘電,37,26,11,國泰-新莊,2023-05-10,8886
4541,晟田,29,18,11,國泰-新莊,2023-05-10,8886
2352,佳世達,26,16,10,國泰-新莊,2023-05-10,8886
9904,寶成,10,0,10,國泰-新莊,2023-05-10,8886
00676R,富邦臺灣加權反1,10,0,10,國泰-新莊,2023-05-10,8886
5439,高技,16,6,10,國泰-新莊,2023-05-10,8886
2376,技嘉,13,3,10,國泰-新莊,2023-05-10,8886
8011,台通,10,0,10,國泰-新莊,2023-05-10,8886
2891,中信金,10,1,9,國泰-新莊,2023-05-10,8886
00923,群益台ESG低碳50,9,0,9,國泰-新莊,2023-05-10,8886
3011,今皓,10,1,9,國泰-新莊,2023-05-10,8886
1301,台塑,9,0,9,國泰-新莊,2023-05-10,8886
3209,全科,12,3,9,國泰-新莊,2023-05-10,8886
1503,士電,39,31,8,國泰-新莊,2023-05-10,8886
00878,國泰永續高股息,382,57,325,國泰-新莊,2023-05-11,8886
6285,啟��,320,14,306,國泰-新莊,2023-05-11,8886
00772B,中信高評級公司債,311,16,295,國泰-新莊,2023-05-11,8886
00753L,中信中國50正2,184,4,180,國泰-新莊,2023-05-11,8886
2345,智邦,75,1,74,國泰-新莊,2023-05-11,8886
4155,訊映,73,0,73,國泰-新莊,2023-05-11,8886
00632R,元大台灣50反1,100,29,71,國泰-新莊,2023-05-11,8886
3481,群創,288,219,69,國泰-新莊,2023-05-11,8886
2610,華航,115,48,67,國泰-新莊,2023-05-11,8886
2888,新光金,200,140,60,國泰-新莊,2023-05-11,8886
00712,復華富時不動產,58,2,56,國泰-新莊,2023-05-11,8886
00665L,富邦�琤肭磪囓�2,58,8,50,國泰-新莊,2023-05-11,8886
2883,凱基金,63,14,49,國泰-新莊,2023-05-11,8886
6160,欣技,75,27,48,國泰-新莊,2023-05-11,8886
9105,泰金寶-DR,40,0,40,國泰-新莊,2023-05-11,8886
2634,漢翔,80,40,40,國泰-新莊,2023-05-11,8886
00687B,國泰20年美債,40,2,38,國泰-新莊,2023-05-11,8886
00900,富邦特選高股息30,36,1,35,國泰-新莊,2023-05-11,8886
6245,立端,46,11,35,國泰-新莊,2023-05-11,8886
2409,友達,130,96,34,國泰-新莊,2023-05-11,8886
1457,宜進,33,0,33,國泰-新莊,2023-05-11,8886
1605,華新,54,22,32,國泰-新莊,2023-05-11,8886
4572,駐龍,31,0,31,國泰-新莊,2023-05-11,8886
8403,盛弘,33,3,30,國泰-新莊,2023-05-11,8886
8038,長園科,31,1,30,國泰-新莊,2023-05-11,8886
1909,榮成,30,0,30,國泰-新莊,2023-05-11,8886
6470,宇智,29,0,29,國泰-新莊,2023-05-11,8886
9907,統一實,28,1,27,國泰-新莊,2023-05-11,8886
00713,元大台灣高息低波,28,1,27,國泰-新莊,2023-05-11,8886
8050,廣積,27,1,26,國泰-新莊,2023-05-11,8886
1529,樂事綠能,42,16,26,國泰-新莊,2023-05-11,8886
1104,環泥,22,0,22,國泰-新莊,2023-05-11,8886
4979,華星光,21,0,21,國泰-新莊,2023-05-11,8886
5410,國眾,20,0,20,國泰-新莊,2023-05-11,8886
2812,台中銀,20,0,20,國泰-新莊,2023-05-11,8886
8033,雷虎,43,24,19,國泰-新莊,2023-05-11,8886
4541,晟田,20,2,18,國泰-新莊,2023-05-11,8886
00671R,富邦NASDAQ反1,17,0,17,國泰-新莊,2023-05-11,8886
2609,陽明,27,12,15,國泰-新莊,2023-05-11,8886
3576,聯合再生,15,0,15,國泰-新莊,2023-05-11,8886
5222,全訊,16,1,15,國泰-新莊,2023-05-11,8886
00891,中信關鍵半導體,19,4,15,國泰-新莊,2023-05-11,8886
3078,僑威,16,1,15,國泰-新莊,2023-05-11,8886
6829,千附精密,21,6,15,國泰-新莊,2023-05-11,8886
4167,松瑞藥,16,1,15,國泰-新莊,2023-05-11,8886
2406,國碩,15,1,14,國泰-新莊,2023-05-11,8886
2014,中鴻,19,5,14,國泰-新莊,2023-05-11,8886
6282,康舒,27,14,13,國泰-新莊,2023-05-11,8886
00888,永豐台灣ESG,13,0,13,國泰-新莊,2023-05-11,8886
4538,大詠城,13,0,13,國泰-新莊,2023-05-11,8886
2888,新光金,369,52,317,國泰-新莊,2023-05-12,8886
6285,啟��,314,19,295,國泰-新莊,2023-05-12,8886
00720B,元大投資級公司債,169,14,155,國泰-新莊,2023-05-12,8886
2317,鴻海,148,9,139,國泰-新莊,2023-05-12,8886
1314,中石化,107,1,106,國泰-新莊,2023-05-12,8886
00712,復華富時不動產,134,35,99,國泰-新莊,2023-05-12,8886
00878,國泰永續高股息,145,66,79,國泰-新莊,2023-05-12,8886
00715L,期街口布蘭特正2,197,123,74,國泰-新莊,2023-05-12,8886
1101,台泥,71,7,64,國泰-新莊,2023-05-12,8886
00882,中信中國高股息,59,3,56,國泰-新莊,2023-05-12,8886
3052,夆典,50,0,50,國泰-新莊,2023-05-12,8886
2303,聯電,53,11,42,國泰-新莊,2023-05-12,8886
00713,元大台灣高息低波,41,1,40,國泰-新莊,2023-05-12,8886
2409,友達,60,22,38,國泰-新莊,2023-05-12,8886
1909,榮成,30,0,30,國泰-新莊,2023-05-12,8886
0056,元大高股息,34,4,30,國泰-新莊,2023-05-12,8886
3058,立德,45,17,28,國泰-新莊,2023-05-12,8886
2886,兆豐金,29,1,28,國泰-新莊,2023-05-12,8886
2002,中鋼,27,0,27,國泰-新莊,2023-05-12,8886
2610,華航,41,15,26,國泰-新莊,2023-05-12,8886
00675L,富邦臺灣加權正2,26,0,26,國泰-新莊,2023-05-12,8886
1504,東元,58,34,24,國泰-新莊,2023-05-12,8886
5706,鳳凰,35,11,24,國泰-新莊,2023-05-12,8886
2882,國泰金,25,2,23,國泰-新莊,2023-05-12,8886
4979,華星光,24,2,22,國泰-新莊,2023-05-12,8886
00637L,元大滬深300正2,32,11,21,國泰-新莊,2023-05-12,8886
00632R,元大台灣50反1,102,81,21,國泰-新莊,2023-05-12,8886
00674R,期元大S＆P黃金反1,21,0,21,國泰-新莊,2023-05-12,8886
1464,得力,40,20,20,國泰-新莊,2023-05-12,8886
1310,台苯,20,0,20,國泰-新莊,2023-05-12,8886
9958,世紀鋼,24,5,19,國泰-新莊,2023-05-12,8886
2883,凱基金,18,0,18,國泰-新莊,2023-05-12,8886
3481,群創,381,364,17,國泰-新莊,2023-05-12,8886
5206,坤悅,16,0,16,國泰-新莊,2023-05-12,8886
2745,五福,17,1,16,國泰-新莊,2023-05-12,8886
006208,富邦台50,25,9,16,國泰-新莊,2023-05-12,8886
2345,智邦,15,0,15,國泰-新莊,2023-05-12,8886
3454,晶睿,15,0,15,國泰-新莊,2023-05-12,8886
2330,台積電,18,4,14,國泰-新莊,2023-05-12,8886
00885,富邦越南,14,0,14,國泰-新莊,2023-05-12,8886
2014,中鴻,21,7,14,國泰-新莊,2023-05-12,8886
2890,永豐金,13,0,13,國泰-新莊,2023-05-12,8886
2308,台達電,15,3,12,國泰-新莊,2023-05-12,8886
2891,中信金,13,1,12,國泰-新莊,2023-05-12,8886
9907,統一實,12,1,11,國泰-新莊,2023-05-12,8886
3710,連展投控,11,0,11,國泰-新莊,2023-05-12,8886
6120,達運,11,0,11,國泰-新莊,2023-05-12,8886
2243,宏旭-KY,11,0,11,國泰-新莊,2023-05-12,8886
6456,GIS-KY,11,0,11,國泰-新莊,2023-05-12,8886
2027,大成鋼,11,1,10,國泰-新莊,2023-05-12,8886
6285,啟��,191,1,190,國泰-新莊,2023-05-15,8886
00720B,元大投資級公司債,112,0,112,國泰-新莊,2023-05-15,8886
00715L,期街口布蘭特正2,112,2,110,國泰-新莊,2023-05-15,8886
00878,國泰永續高股息,287,178,109,國泰-新莊,2023-05-15,8886
2442,新美齊,80,0,80,國泰-新莊,2023-05-15,8886
2317,鴻海,62,2,60,國泰-新莊,2023-05-15,8886
8926,台汽電,56,0,56,國泰-新莊,2023-05-15,8886
2332,友訊,58,5,53,國泰-新莊,2023-05-15,8886
2382,廣達,98,55,43,國泰-新莊,2023-05-15,8886
00665L,富邦�琤肭磪囓�2,88,47,41,國泰-新莊,2023-05-15,8886
1504,東元,117,78,39,國泰-新莊,2023-05-15,8886
3231,緯創,113,78,35,國泰-新莊,2023-05-15,8886
1101,台泥,72,40,32,國泰-新莊,2023-05-15,8886
5355,佳總,30,0,30,國泰-新莊,2023-05-15,8886
00882,中信中國高股息,30,1,29,國泰-新莊,2023-05-15,8886
5284,jpp-KY,122,97,25,國泰-新莊,2023-05-15,8886
5498,凱崴,24,0,24,國泰-新莊,2023-05-15,8886
8183,精星,22,0,22,國泰-新莊,2023-05-15,8886
00751B,元大AAA至A公司債,21,0,21,國泰-新莊,2023-05-15,8886
00680L,元大美債20正2,30,10,20,國泰-新莊,2023-05-15,8886
00664R,國泰臺灣加權反1,20,0,20,國泰-新莊,2023-05-15,8886
1219,福壽,20,0,20,國泰-新莊,2023-05-15,8886
3052,夆典,20,0,20,國泰-新莊,2023-05-15,8886
2618,長榮航,107,88,19,國泰-新莊,2023-05-15,8886
2356,英業達,31,13,18,國泰-新莊,2023-05-15,8886
2634,漢翔,30,12,18,國泰-新莊,2023-05-15,8886
6122,擎邦,68,51,17,國泰-新莊,2023-05-15,8886
1795,美時,25,9,16,國泰-新莊,2023-05-15,8886
6235,華孚,87,71,16,國泰-新莊,2023-05-15,8886
00632R,元大台灣50反1,66,50,16,國泰-新莊,2023-05-15,8886
6152,百一,16,0,16,國泰-新莊,2023-05-15,8886
00674R,期元大S＆P黃金反1,16,0,16,國泰-新莊,2023-05-15,8886
00713,元大台灣高息低波,16,0,16,國泰-新莊,2023-05-15,8886
9943,好樂迪,20,5,15,國泰-新莊,2023-05-15,8886
0056,元大高股息,20,5,15,國泰-新莊,2023-05-15,8886
2481,強茂,15,0,15,國泰-新莊,2023-05-15,8886
1104,環泥,15,0,15,國泰-新莊,2023-05-15,8886
00655L,國泰中國A50正2,15,0,15,國泰-新莊,2023-05-15,8886
2743,山富,38,23,15,國泰-新莊,2023-05-15,8886
00900,富邦特選高股息30,17,2,15,國泰-新莊,2023-05-15,8886
3548,兆利,17,3,14,國泰-新莊,2023-05-15,8886
1519,華城,78,65,13,國泰-新莊,2023-05-15,8886
3324,雙鴻,30,16,14,國泰-新莊,2023-05-15,8886
00772B,中信高評級公司債,27,14,13,國泰-新莊,2023-05-15,8886
1609,大亞,64,52,12,國泰-新莊,2023-05-15,8886
4979,華星光,15,3,12,國泰-新莊,2023-05-15,8886
3576,聯合再生,12,1,11,國泰-新莊,2023-05-15,8886
4114,健喬,11,0,11,國泰-新莊,2023-05-15,8886
2331,精英,24,13,11,國泰-新莊,2023-05-15,8886
5511,德昌,13,2,11,國泰-新莊,2023-05-15,8886
00632R,元大台灣50反1,417,2,415,國泰-新莊,2023-05-16,8886
6285,啟��,297,10,287,國泰-新莊,2023-05-16,8886
00878,國泰永續高股息,426,215,211,國泰-新莊,2023-05-16,8886
00720B,元大投資級公司債,204,0,204,國泰-新莊,2023-05-16,8886
4155,訊映,152,1,151,國泰-新莊,2023-05-16,8886
00772B,中信高評級公司債,113,0,113,國泰-新莊,2023-05-16,8886
00679B,元大美債20年,87,10,77,國泰-新莊,2023-05-16,8886
00751B,元大AAA至A公司債,53,0,53,國泰-新莊,2023-05-16,8886
00687B,國泰20年美債,43,0,43,國泰-新莊,2023-05-16,8886
1727,中華化,46,4,42,國泰-新莊,2023-05-16,8886
1504,東元,93,58,35,國泰-新莊,2023-05-16,8886
5351,鈺創,40,7,33,國泰-新莊,2023-05-16,8886
1909,榮成,32,0,32,國泰-新莊,2023-05-16,8886
3434,哲固,31,0,31,國泰-新莊,2023-05-16,8886
4541,晟田,30,0,30,國泰-新莊,2023-05-16,8886
00688L,國泰20年美債正2,30,0,30,國泰-新莊,2023-05-16,8886
00795B,中信美國公債20年,26,0,26,國泰-新莊,2023-05-16,8886
00680L,元大美債20正2,23,1,22,國泰-新莊,2023-05-16,8886
2332,友訊,25,3,22,國泰-新莊,2023-05-16,8886
2002,中鋼,26,6,20,國泰-新莊,2023-05-16,8886
1104,環泥,20,0,20,國泰-新莊,2023-05-16,8886
00683L,期元大美元指正2,20,0,20,國泰-新莊,2023-05-16,8886
2645,長榮航太,20,1,19,國泰-新莊,2023-05-16,8886
2323,中環,153,136,17,國泰-新莊,2023-05-16,8886
3163,波若威,17,1,16,國泰-新莊,2023-05-16,8886
4961,天鈺,17,1,16,國泰-新莊,2023-05-16,8886
8076,伍豐,62,46,16,國泰-新莊,2023-05-16,8886
6122,擎邦,31,15,16,國泰-新莊,2023-05-16,8886
2613,中櫃,15,0,15,國泰-新莊,2023-05-16,8886
1471,首利,15,0,15,國泰-新莊,2023-05-16,8886
2609,陽明,25,11,14,國泰-新莊,2023-05-16,8886
3576,聯合再生,17,3,14,國泰-新莊,2023-05-16,8886
4923,力士,14,0,14,國泰-新莊,2023-05-16,8886
3564,其陽,14,0,14,國泰-新莊,2023-05-16,8886
2317,鴻海,14,0,14,國泰-新莊,2023-05-16,8886
5258,虹堡,42,30,12,國泰-新莊,2023-05-16,8886
2409,友達,19,7,12,國泰-新莊,2023-05-16,8886
2303,聯電,18,7,11,國泰-新莊,2023-05-16,8886
00752,中信中國50,11,0,11,國泰-新莊,2023-05-16,8886
5465,富驊,11,0,11,國泰-新莊,2023-05-16,8886
5608,四維航,11,0,11,國泰-新莊,2023-05-16,8886
1609,大亞,51,40,11,國泰-新莊,2023-05-16,8886
00664R,國泰臺灣加權反1,10,0,10,國泰-新莊,2023-05-16,8886
00904,新光臺灣半導體30,10,0,10,國泰-新莊,2023-05-16,8886
5355,佳總,10,0,10,國泰-新莊,2023-05-16,8886
5243,乙盛-KY,10,0,10,國泰-新莊,2023-05-16,8886
2731,雄獅,28,18,10,國泰-新莊,2023-05-16,8886
4564,元翎,10,1,9,國泰-新莊,2023-05-16,8886
1218,泰山,10,0,10,國泰-新莊,2023-05-16,8886
00891,中信關鍵半導體,10,1,9,國泰-新莊,2023-05-16,8886
6285,啟��,604,4,600,國泰-新莊,2023-05-17,8886
00720B,元大投資級公司債,271,0,271,國泰-新莊,2023-05-17,8886
2897,王道銀行,163,3,160,國泰-新莊,2023-05-17,8886
00712,復華富時不動產,131,1,130,國泰-新莊,2023-05-17,8886
00753L,中信中國50正2,134,6,128,國泰-新莊,2023-05-17,8886
00795B,中信美國公債20年,88,0,88,國泰-新莊,2023-05-17,8886
00751B,元大AAA至A公司債,63,0,63,國泰-新莊,2023-05-17,8886
00706L,期元大S＆P日圓正2,61,0,61,國泰-新莊,2023-05-17,8886
2208,台船,55,6,49,國泰-新莊,2023-05-17,8886
00687B,國泰20年美債,48,0,48,國泰-新莊,2023-05-17,8886
00637L,元大滬深300正2,58,13,45,國泰-新莊,2023-05-17,8886
3715,定穎投控,67,25,42,國泰-新莊,2023-05-17,8886
00665L,富邦�琤肭磪囓�2,49,14,35,國泰-新莊,2023-05-17,8886
2014,中鴻,34,0,34,國泰-新莊,2023-05-17,8886
9942,茂順,33,0,33,國泰-新莊,2023-05-17,8886
00772B,中信高評級公司債,32,2,30,國泰-新莊,2023-05-17,8886
00773B,中信優先金融債,28,0,28,國泰-新莊,2023-05-17,8886
2731,雄獅,35,7,28,國泰-新莊,2023-05-17,8886
4128,中天,27,0,27,國泰-新莊,2023-05-17,8886
2409,友達,25,4,21,國泰-新莊,2023-05-17,8886
2303,聯電,34,14,20,國泰-新莊,2023-05-17,8886
5880,合庫金,31,12,19,國泰-新莊,2023-05-17,8886
00680L,元大美債20正2,18,0,18,國泰-新莊,2023-05-17,8886
2402,毅嘉,76,58,18,國泰-新莊,2023-05-17,8886
5351,鈺創,45,28,17,國泰-新莊,2023-05-17,8886
5009,榮剛,23,7,16,國泰-新莊,2023-05-17,8886
8038,長園科,15,0,15,國泰-新莊,2023-05-17,8886
5905,南仁湖,15,0,15,國泰-新莊,2023-05-17,8886
2888,新光金,16,1,15,國泰-新莊,2023-05-17,8886
00653L,富邦印度正2,14,0,14,國泰-新莊,2023-05-17,8886
00688L,國泰20年美債正2,14,0,14,國泰-新莊,2023-05-17,8886
3693,營邦,17,3,14,國泰-新莊,2023-05-17,8886
00725B,國泰投資級公司債,13,0,13,國泰-新莊,2023-05-17,8886
00679B,元大美債20年,42,29,13,國泰-新莊,2023-05-17,8886
3704,合勤控,31,18,13,國泰-新莊,2023-05-17,8886
00882,中信中國高股息,13,0,13,國泰-新莊,2023-05-17,8886
00852L,國泰美國道瓊正2,13,0,13,國泰-新莊,2023-05-17,8886
00713,元大台灣高息低波,16,3,13,國泰-新莊,2023-05-17,8886
9955,佳龍,13,1,12,國泰-新莊,2023-05-17,8886
1525,江申,12,0,12,國泰-新莊,2023-05-17,8886
4533,協易機,15,3,12,國泰-新莊,2023-05-17,8886
3163,波若威,12,0,12,國泰-新莊,2023-05-17,8886
3058,立德,12,1,11,國泰-新莊,2023-05-17,8886
6288,聯嘉,16,5,11,國泰-新莊,2023-05-17,8886
3714,富采,10,0,10,國泰-新莊,2023-05-17,8886
2030,彰源,10,0,10,國泰-新莊,2023-05-17,8886
00903,富邦元宇宙,10,0,10,國泰-新莊,2023-05-17,8886
00683L,期元大美元指正2,10,0,10,國泰-新莊,2023-05-17,8886
5328,華容,10,0,10,國泰-新莊,2023-05-17,8886
3548,兆利,16,6,10,國泰-新莊,2023-05-17,8886
6285,啟��,511,1,510,國泰-新莊,2023-05-18,8886
4155,訊映,190,1,189,國泰-新莊,2023-05-18,8886
00665L,富邦�琤肭磪囓�2,229,90,139,國泰-新莊,2023-05-18,8886
00753L,中信中國50正2,144,51,93,國泰-新莊,2023-05-18,8886
00795B,中信美國公債20年,76,0,76,國泰-新莊,2023-05-18,8886
00706L,期元大S＆P日圓正2,75,0,75,國泰-新莊,2023-05-18,8886
00687B,國泰20年美債,73,0,73,國泰-新莊,2023-05-18,8886
00674R,期元大S＆P黃金反1,80,10,70,國泰-新莊,2023-05-18,8886
00676R,富邦臺灣加權反1,60,2,58,國泰-新莊,2023-05-18,8886
3715,定穎投控,65,12,53,國泰-新莊,2023-05-18,8886
00882,中信中國高股息,53,3,50,國泰-新莊,2023-05-18,8886
1905,華紙,60,19,41,國泰-新莊,2023-05-18,8886
6112,邁達特,136,97,39,國泰-新莊,2023-05-18,8886
00680L,元大美債20正2,39,0,39,國泰-新莊,2023-05-18,8886
00720B,元大投資級公司債,34,0,34,國泰-新莊,2023-05-18,8886
00688L,國泰20年美債正2,34,0,34,國泰-新莊,2023-05-18,8886
6596,寬宏藝術,34,0,34,國泰-新莊,2023-05-18,8886
8011,台通,34,1,33,國泰-新莊,2023-05-18,8886
3362,先進光,51,24,27,國泰-新莊,2023-05-18,8886
00631L,元大台灣50正2,28,2,26,國泰-新莊,2023-05-18,8886
00690,兆豐藍籌30,28,3,25,國泰-新莊,2023-05-18,8886
00725B,國泰投資級公司債,22,0,22,國泰-新莊,2023-05-18,8886
2748,雲品,24,3,21,國泰-新莊,2023-05-18,8886
00679B,元大美債20年,27,6,21,國泰-新莊,2023-05-18,8886
4564,元翎,21,0,21,國泰-新莊,2023-05-18,8886
00751B,元大AAA至A公司債,19,0,19,國泰-新莊,2023-05-18,8886
2542,興富發,19,0,19,國泰-新莊,2023-05-18,8886
8069,元太,38,20,18,國泰-新莊,2023-05-18,8886
00671R,富邦NASDAQ反1,18,0,18,國泰-新莊,2023-05-18,8886
4967,十銓,44,28,16,國泰-新莊,2023-05-18,8886
9955,佳龍,15,0,15,國泰-新莊,2023-05-18,8886
3078,僑威,44,29,15,國泰-新莊,2023-05-18,8886
1584,精剛,14,0,14,國泰-新莊,2023-05-18,8886
2633,台灣高鐵,28,14,14,國泰-新莊,2023-05-18,8886
6531,愛普*,32,19,13,國泰-新莊,2023-05-18,8886
2367,燿華,13,0,13,國泰-新莊,2023-05-18,8886
6443,元晶,19,7,12,國泰-新莊,2023-05-18,8886
2031,新光鋼,13,1,12,國泰-新莊,2023-05-18,8886
4207,環泰,12,0,12,國泰-新莊,2023-05-18,8886
6589,台康生技,15,4,11,國泰-新莊,2023-05-18,8886
1467,南緯,11,0,11,國泰-新莊,2023-05-18,8886
1108,幸福,14,3,11,國泰-新莊,2023-05-18,8886
3346,麗清,11,0,11,國泰-新莊,2023-05-18,8886
6109,亞元,11,0,11,國泰-新莊,2023-05-18,8886
6220,岳豐,10,0,10,國泰-新莊,2023-05-18,8886
6120,達運,20,10,10,國泰-新莊,2023-05-18,8886
2515,中工,26,16,10,國泰-新莊,2023-05-18,8886
00675L,富邦臺灣加權正2,14,4,10,國泰-新莊,2023-05-18,8886
3033,威健,11,1,10,國泰-新莊,2023-05-18,8886
00673R,期元大S＆P原油反1,10,0,10,國泰-新莊,2023-05-18,8886
00753L,中信中國50正2,305,29,276,國泰-新莊,2023-05-19,8886
6285,啟��,265,11,254,國泰-新莊,2023-05-19,8886
00795B,中信美國公債20年,251,0,251,國泰-新莊,2023-05-19,8886
00720B,元大投資級公司債,190,0,190,國泰-新莊,2023-05-19,8886
00665L,富邦�琤肭磪囓�2,218,29,189,國泰-新莊,2023-05-19,8886
00751B,元大AAA至A公司債,144,0,144,國泰-新莊,2023-05-19,8886
4155,訊映,131,6,125,國泰-新莊,2023-05-19,8886
6005,群益證,111,2,109,國泰-新莊,2023-05-19,8886
2634,漢翔,122,13,109,國泰-新莊,2023-05-19,8886
00687B,國泰20年美債,97,0,97,國泰-新莊,2023-05-19,8886
00674R,期元大S＆P黃金反1,83,0,83,國泰-新莊,2023-05-19,8886
00683L,期元大美元指正2,70,0,70,國泰-新莊,2023-05-19,8886
2888,新光金,83,25,58,國泰-新莊,2023-05-19,8886
2332,友訊,62,10,52,國泰-新莊,2023-05-19,8886
2406,國碩,50,0,50,國泰-新莊,2023-05-19,8886
00680L,元大美債20正2,45,0,45,國泰-新莊,2023-05-19,8886
2913,農林,45,0,45,國泰-新莊,2023-05-19,8886
2457,飛宏,98,59,39,國泰-新莊,2023-05-19,8886
1504,東元,181,141,40,國泰-新莊,2023-05-19,8886
6266,泰詠,49,11,38,國泰-新莊,2023-05-19,8886
9955,佳龍,37,0,37,國泰-新莊,2023-05-19,8886
00882,中信中國高股息,37,2,35,國泰-新莊,2023-05-19,8886
5009,榮剛,50,17,33,國泰-新莊,2023-05-19,8886
5531,鄉林,37,5,32,國泰-新莊,2023-05-19,8886
00632R,元大台灣50反1,211,180,31,國泰-新莊,2023-05-19,8886
00688L,國泰20年美債正2,30,0,30,國泰-新莊,2023-05-19,8886
00676R,富邦臺灣加權反1,30,0,30,國泰-新莊,2023-05-19,8886
2303,聯電,36,7,29,國泰-新莊,2023-05-19,8886
6244,茂迪,41,13,28,國泰-新莊,2023-05-19,8886
3078,僑威,87,60,27,國泰-新莊,2023-05-19,8886
00671R,富邦NASDAQ反1,25,0,25,國泰-新莊,2023-05-19,8886
00772B,中信高評級公司債,62,38,24,國泰-新莊,2023-05-19,8886
4906,正文,25,2,23,國泰-新莊,2023-05-19,8886
00679B,元大美債20年,48,26,22,國泰-新莊,2023-05-19,8886
3025,星通,40,19,21,國泰-新莊,2023-05-19,8886
4564,元翎,20,0,20,國泰-新莊,2023-05-19,8886
00725B,國泰投資級公司債,20,0,20,國泰-新莊,2023-05-19,8886
2515,中工,19,1,18,國泰-新莊,2023-05-19,8886
6689,伊雲谷,32,14,18,國泰-新莊,2023-05-19,8886
2495,普安,21,4,17,國泰-新莊,2023-05-19,8886
2206,三陽工業,131,114,17,國泰-新莊,2023-05-19,8886
9945,潤泰新,21,5,16,國泰-新莊,2023-05-19,8886
2603,長榮,20,4,16,國泰-新莊,2023-05-19,8886
3058,立德,46,30,16,國泰-新莊,2023-05-19,8886
1609,大亞,59,43,16,國泰-新莊,2023-05-19,8886
6120,達運,20,5,15,國泰-新莊,2023-05-19,8886
00645,富邦日本,15,0,15,國泰-新莊,2023-05-19,8886
3029,零壹,38,23,15,國泰-新莊,2023-05-19,8886
3032,偉訓,21,7,14,國泰-新莊,2023-05-19,8886
8111,立��,14,0,14,國泰-新莊,2023-05-19,8886
00795B,中信美國公債20年,448,38,410,國泰-新莊,2023-05-22,8886
3207,耀勝,121,0,121,國泰-新莊,2023-05-22,8886
00715L,期街口布蘭特正2,118,0,118,國泰-新莊,2023-05-22,8886
2303,聯電,129,17,112,國泰-新莊,2023-05-22,8886
00687B,國泰20年美債,66,1,65,國泰-新莊,2023-05-22,8886
2323,中環,102,49,53,國泰-新莊,2023-05-22,8886
3037,欣興,54,14,40,國泰-新莊,2023-05-22,8886
2618,長榮航,327,289,38,國泰-新莊,2023-05-22,8886
2610,華航,184,148,36,國泰-新莊,2023-05-22,8886
00680L,元大美債20正2,37,2,35,國泰-新莊,2023-05-22,8886
00720B,元大投資級公司債,35,0,35,國泰-新莊,2023-05-22,8886
8222,寶一,69,37,32,國泰-新莊,2023-05-22,8886
00751B,元大AAA至A公司債,32,0,32,國泰-新莊,2023-05-22,8886
2888,新光金,41,14,27,國泰-新莊,2023-05-22,8886
2421,建準,41,17,24,國泰-新莊,2023-05-22,8886
4979,華星光,27,3,24,國泰-新莊,2023-05-22,8886
2206,三陽工業,39,17,22,國泰-新莊,2023-05-22,8886
00772B,中信高評級公司債,21,0,21,國泰-新莊,2023-05-22,8886
6285,啟��,21,0,21,國泰-新莊,2023-05-22,8886
1460,宏遠,20,0,20,國泰-新莊,2023-05-22,8886
9955,佳龍,20,0,20,國泰-新莊,2023-05-22,8886
2352,佳世達,39,21,18,國泰-新莊,2023-05-22,8886
00688L,國泰20年美債正2,19,3,16,國泰-新莊,2023-05-22,8886
4113,聯上,16,0,16,國泰-新莊,2023-05-22,8886
2482,連宇,17,2,15,國泰-新莊,2023-05-22,8886
1721,三晃,15,0,15,國泰-新莊,2023-05-22,8886
00752,中信中國50,15,0,15,國泰-新莊,2023-05-22,8886
3011,今皓,15,0,15,國泰-新莊,2023-05-22,8886
2745,五福,15,0,15,國泰-新莊,2023-05-22,8886
3701,大眾控,20,5,15,國泰-新莊,2023-05-22,8886
3231,緯創,73,58,15,國泰-新莊,2023-05-22,8886
6533,晶心科,16,3,13,國泰-新莊,2023-05-22,8886
6235,華孚,59,46,13,國泰-新莊,2023-05-22,8886
2313,華通,13,0,13,國泰-新莊,2023-05-22,8886
8059,凱碩,13,0,13,國泰-新莊,2023-05-22,8886
3022,威強電,12,0,12,國泰-新莊,2023-05-22,8886
2317,鴻海,13,2,11,國泰-新莊,2023-05-22,8886
3682,亞太電,12,0,12,國泰-新莊,2023-05-22,8886
6138,茂達,15,4,11,國泰-新莊,2023-05-22,8886
8905,裕國,11,1,10,國泰-新莊,2023-05-22,8886
8046,南電,14,4,10,國泰-新莊,2023-05-22,8886
2739,寒舍,12,2,10,國泰-新莊,2023-05-22,8886
3228,金麗科,10,0,10,國泰-新莊,2023-05-22,8886
00733,富邦臺灣中小,10,0,10,國泰-新莊,2023-05-22,8886
3049,精金,10,0,10,國泰-新莊,2023-05-22,8886
3013,晟銘電,10,0,10,國泰-新莊,2023-05-22,8886
5439,高技,11,1,10,國泰-新莊,2023-05-22,8886
1608,華榮,26,16,10,國泰-新莊,2023-05-22,8886
2530,華建,10,0,10,國泰-新莊,2023-05-22,8886
3322,建舜電,10,0,10,國泰-新莊,2023-05-22,8886
00795B,中信美國公債20年,284,0,284,國泰-新莊,2023-05-23,8886
2888,新光金,267,7,260,國泰-新莊,2023-05-23,8886
1455,集盛,100,0,100,國泰-新莊,2023-05-23,8886
00687B,國泰20年美債,98,2,96,國泰-新莊,2023-05-23,8886
00773B,中信優先金融債,90,0,90,國泰-新莊,2023-05-23,8886
00665L,富邦�琤肭磪囓�2,74,2,72,國泰-新莊,2023-05-23,8886
3071,協禧,70,0,70,國泰-新莊,2023-05-23,8886
2618,長榮航,337,273,64,國泰-新莊,2023-05-23,8886
1513,中興電,130,75,55,國泰-新莊,2023-05-23,8886
00882,中信中國高股息,49,1,48,國泰-新莊,2023-05-23,8886
6186,新潤,42,0,42,國泰-新莊,2023-05-23,8886
2201,裕隆,44,5,39,國泰-新莊,2023-05-23,8886
4541,晟田,143,107,36,國泰-新莊,2023-05-23,8886
3056,富華新,36,0,36,國泰-新莊,2023-05-23,8886
1529,樂事綠能,64,35,29,國泰-新莊,2023-05-23,8886
1905,華紙,103,74,29,國泰-新莊,2023-05-23,8886
3706,神達,33,5,28,國泰-新莊,2023-05-23,8886
00713,元大台灣高息低波,28,1,27,國泰-新莊,2023-05-23,8886
1605,華新,35,9,26,國泰-新莊,2023-05-23,8886
6531,愛普*,32,7,25,國泰-新莊,2023-05-23,8886
00632R,元大台灣50反1,69,45,24,國泰-新莊,2023-05-23,8886
00680L,元大美債20正2,47,24,23,國泰-新莊,2023-05-23,8886
00645,富邦日本,21,0,21,國泰-新莊,2023-05-23,8886
1528,恩德,24,4,20,國泰-新莊,2023-05-23,8886
3178,公準,24,4,20,國泰-新莊,2023-05-23,8886
2609,陽明,26,6,20,國泰-新莊,2023-05-23,8886
2739,寒舍,22,2,20,國泰-新莊,2023-05-23,8886
00720B,元大投資級公司債,29,10,19,國泰-新莊,2023-05-23,8886
3032,偉訓,17,0,17,國泰-新莊,2023-05-23,8886
2634,漢翔,54,38,16,國泰-新莊,2023-05-23,8886
3231,緯創,75,58,17,國泰-新莊,2023-05-23,8886
2886,兆豐金,19,3,16,國泰-新莊,2023-05-23,8886
9945,潤泰新,21,5,16,國泰-新莊,2023-05-23,8886
6288,聯嘉,27,12,15,國泰-新莊,2023-05-23,8886
00673R,期元大S＆P原油反1,15,0,15,國泰-新莊,2023-05-23,8886
8222,寶一,58,44,14,國泰-新莊,2023-05-23,8886
5876,上海商銀,14,0,14,國泰-新莊,2023-05-23,8886
3078,僑威,62,49,13,國泰-新莊,2023-05-23,8886
6689,伊雲谷,24,11,13,國泰-新莊,2023-05-23,8886
2352,佳世達,43,30,13,國泰-新莊,2023-05-23,8886
6799,來頡,15,3,12,國泰-新莊,2023-05-23,8886
3260,威剛,14,2,12,國泰-新莊,2023-05-23,8886
3712,永崴投控,12,0,12,國泰-新莊,2023-05-23,8886
2382,廣達,16,5,11,國泰-新莊,2023-05-23,8886
8076,伍豐,42,31,11,國泰-新莊,2023-05-23,8886
6446,藥華藥,28,17,11,國泰-新莊,2023-05-23,8886
2610,華航,188,177,11,國泰-新莊,2023-05-23,8886
3162,精確,19,8,11,國泰-新莊,2023-05-23,8886
2596,綠意,11,0,11,國泰-新莊,2023-05-23,8886
3362,先進光,17,6,11,國泰-新莊,2023-05-23,8886
00753L,中信中國50正2,197,8,189,國泰-新莊,2023-05-24,8886
00882,中信中國高股息,170,7,163,國泰-新莊,2023-05-24,8886
2323,中環,190,52,138,國泰-新莊,2023-05-24,8886
00687B,國泰20年美債,125,9,116,國泰-新莊,2023-05-24,8886
00665L,富邦�琤肭磪囓�2,102,8,94,國泰-新莊,2023-05-24,8886
00637L,元大滬深300正2,80,0,80,國泰-新莊,2023-05-24,8886
2634,漢翔,115,39,76,國泰-新莊,2023-05-24,8886
3038,全台,54,15,39,國泰-新莊,2023-05-24,8886
2892,第一金,38,1,37,國泰-新莊,2023-05-24,8886
00679B,元大美債20年,133,97,36,國泰-新莊,2023-05-24,8886
00713,元大台灣高息低波,37,2,35,國泰-新莊,2023-05-24,8886
1513,中興電,80,51,29,國泰-新莊,2023-05-24,8886
2515,中工,32,4,28,國泰-新莊,2023-05-24,8886
2731,雄獅,53,25,28,國泰-新莊,2023-05-24,8886
00751B,元大AAA至A公司債,27,1,26,國泰-新莊,2023-05-24,8886
2303,聯電,40,16,24,國泰-新莊,2023-05-24,8886
00772B,中信高評級公司債,23,3,20,國泰-新莊,2023-05-24,8886
5284,jpp-KY,62,42,20,國泰-新莊,2023-05-24,8886
00752,中信中國50,20,0,20,國泰-新莊,2023-05-24,8886
2886,兆豐金,20,1,19,國泰-新莊,2023-05-24,8886
3011,今皓,18,2,16,國泰-新莊,2023-05-24,8886
6245,立端,31,15,16,國泰-新莊,2023-05-24,8886
00720B,元大投資級公司債,15,0,15,國泰-新莊,2023-05-24,8886
4541,晟田,38,23,15,國泰-新莊,2023-05-24,8886
2486,一詮,24,9,15,國泰-新莊,2023-05-24,8886
6148,驊宏資,36,22,14,國泰-新莊,2023-05-24,8886
3682,亞太電,17,4,13,國泰-新莊,2023-05-24,8886
2609,陽明,21,8,13,國泰-新莊,2023-05-24,8886
1618,合機,13,0,13,國泰-新莊,2023-05-24,8886
1101,台泥,20,8,12,國泰-新莊,2023-05-24,8886
2317,鴻海,15,3,12,國泰-新莊,2023-05-24,8886
3035,智原,11,0,11,國泰-新莊,2023-05-24,8886
1784,訊聯,11,0,11,國泰-新莊,2023-05-24,8886
6206,飛捷,12,1,11,國泰-新莊,2023-05-24,8886
00688L,國泰20年美債正2,21,10,11,國泰-新莊,2023-05-24,8886
00912,中信臺灣智慧50,11,0,11,國泰-新莊,2023-05-24,8886
2603,長榮,17,6,11,國泰-新莊,2023-05-24,8886
5876,上海商銀,11,1,10,國泰-新莊,2023-05-24,8886
5009,榮剛,27,17,10,國泰-新莊,2023-05-24,8886
3006,晶豪科,10,0,10,國泰-新莊,2023-05-24,8886
00676R,富邦臺灣加權反1,10,0,10,國泰-新莊,2023-05-24,8886
00633L,富邦上証正2,10,0,10,國泰-新莊,2023-05-24,8886
00645,富邦日本,10,0,10,國泰-新莊,2023-05-24,8886
6186,新潤,10,0,10,國泰-新莊,2023-05-24,8886
00674R,期元大S＆P黃金反1,10,0,10,國泰-新莊,2023-05-24,8886
2739,寒舍,19,9,10,國泰-新莊,2023-05-24,8886
3252,海灣,10,0,10,國泰-新莊,2023-05-24,8886
6223,旺矽,18,8,10,國泰-新莊,2023-05-24,8886
5512,力麒,15,5,10,國泰-新莊,2023-05-24,8886
2442,新美齊,13,4,9,國泰-新莊,2023-05-24,8886
00712,復華富時不動產,288,0,288,國泰-新莊,2023-05-25,8886
00882,中信中國高股息,281,3,278,國泰-新莊,2023-05-25,8886
00753L,中信中國50正2,207,15,192,國泰-新莊,2023-05-25,8886
00637L,元大滬深300正2,181,0,181,國泰-新莊,2023-05-25,8886
00795B,中信美國公債20年,176,0,176,國泰-新莊,2023-05-25,8886
1504,東元,160,32,128,國泰-新莊,2023-05-25,8886
6285,啟��,144,19,125,國泰-新莊,2023-05-25,8886
2515,中工,125,11,114,國泰-新莊,2023-05-25,8886
00632R,元大台灣50反1,114,0,114,國泰-新莊,2023-05-25,8886
2399,映泰,123,35,88,國泰-新莊,2023-05-25,8886
00665L,富邦�琤肭磪囓�2,65,0,65,國泰-新莊,2023-05-25,8886
00687B,國泰20年美債,68,3,65,國泰-新莊,2023-05-25,8886
1905,華紙,83,22,61,國泰-新莊,2023-05-25,8886
2913,農林,51,1,50,國泰-新莊,2023-05-25,8886
2402,毅嘉,55,8,47,國泰-新莊,2023-05-25,8886
1612,宏泰,41,1,40,國泰-新莊,2023-05-25,8886
00706L,期元大S＆P日圓正2,39,0,39,國泰-新莊,2023-05-25,8886
5410,國眾,37,0,37,國泰-新莊,2023-05-25,8886
2303,聯電,41,4,37,國泰-新莊,2023-05-25,8886
2882,國泰金,34,0,34,國泰-新莊,2023-05-25,8886
00720B,元大投資級公司債,49,16,33,國泰-新莊,2023-05-25,8886
00633L,富邦上証正2,33,0,33,國泰-新莊,2023-05-25,8886
2883,凱基金,33,0,33,國泰-新莊,2023-05-25,8886
2892,第一金,31,0,31,國泰-新莊,2023-05-25,8886
2201,裕隆,47,22,25,國泰-新莊,2023-05-25,8886
2349,錸德,28,3,25,國泰-新莊,2023-05-25,8886
2881,富邦金,26,2,24,國泰-新莊,2023-05-25,8886
2603,長榮,27,3,24,國泰-新莊,2023-05-25,8886
5876,上海商銀,24,0,24,國泰-新莊,2023-05-25,8886
2317,鴻海,27,3,24,國泰-新莊,2023-05-25,8886
00680L,元大美債20正2,29,6,23,國泰-新莊,2023-05-25,8886
5464,霖宏,30,7,23,國泰-新莊,2023-05-25,8886
00751B,元大AAA至A公司債,35,14,21,國泰-新莊,2023-05-25,8886
2457,飛宏,73,52,21,國泰-新莊,2023-05-25,8886
1810,和成,28,8,20,國泰-新莊,2023-05-25,8886
3058,立德,24,4,20,國泰-新莊,2023-05-25,8886
00713,元大台灣高息低波,25,6,19,國泰-新莊,2023-05-25,8886
6282,康舒,49,30,19,國泰-新莊,2023-05-25,8886
9955,佳龍,18,0,18,國泰-新莊,2023-05-25,8886
00772B,中信高評級公司債,18,0,18,國泰-新莊,2023-05-25,8886
2344,華邦電,41,24,17,國泰-新莊,2023-05-25,8886
8222,寶一,33,16,17,國泰-新莊,2023-05-25,8886
00764B,群益25年美債,16,0,16,國泰-新莊,2023-05-25,8886
2722,夏都,51,35,16,國泰-新莊,2023-05-25,8886
2630,亞航,130,114,16,國泰-新莊,2023-05-25,8886
2405,輔信,17,2,15,國泰-新莊,2023-05-25,8886
2887,台新金,18,2,16,國泰-新莊,2023-05-25,8886
00773B,中信優先金融債,15,0,15,國泰-新莊,2023-05-25,8886
00650L,復華香港正2,15,0,15,國泰-新莊,2023-05-25,8886
1584,精剛,15,0,15,國泰-新莊,2023-05-25,8886
00632R,元大台灣50反1,1581,47,1534,國泰-新莊,2023-05-26,8886
6285,啟��,395,6,389,國泰-新莊,2023-05-26,8886
00637L,元大滬深300正2,288,115,173,國泰-新莊,2023-05-26,8886
2323,中環,317,156,161,國泰-新莊,2023-05-26,8886
00712,復華富時不動產,528,382,146,國泰-新莊,2023-05-26,8886
00795B,中信美國公債20年,115,1,114,國泰-新莊,2023-05-26,8886
6160,欣技,116,19,97,國泰-新莊,2023-05-26,8886
00687B,國泰20年美債,86,7,79,國泰-新莊,2023-05-26,8886
00665L,富邦�琤肭磪囓�2,71,0,71,國泰-新莊,2023-05-26,8886
00715L,期街口布蘭特正2,61,5,56,國泰-新莊,2023-05-26,8886
1504,東元,110,54,56,國泰-新莊,2023-05-26,8886
6120,達運,52,0,52,國泰-新莊,2023-05-26,8886
00882,中信中國高股息,55,11,44,國泰-新莊,2023-05-26,8886
2888,新光金,54,10,44,國泰-新莊,2023-05-26,8886
6282,康舒,69,27,42,國泰-新莊,2023-05-26,8886
2356,英業達,73,37,36,國泰-新莊,2023-05-26,8886
2641,正德,32,0,32,國泰-新莊,2023-05-26,8886
2883,凱基金,45,14,31,國泰-新莊,2023-05-26,8886
00633L,富邦上証正2,30,0,30,國泰-新莊,2023-05-26,8886
00713,元大台灣高息低波,32,6,26,國泰-新莊,2023-05-26,8886
1609,大亞,53,27,26,國泰-新莊,2023-05-26,8886
2376,技嘉,126,101,25,國泰-新莊,2023-05-26,8886
6235,華孚,45,21,24,國泰-新莊,2023-05-26,8886
00772B,中信高評級公司債,30,7,23,國泰-新莊,2023-05-26,8886
3078,僑威,39,17,22,國泰-新莊,2023-05-26,8886
00725B,國泰投資級公司債,22,1,21,國泰-新莊,2023-05-26,8886
2421,建準,162,141,21,國泰-新莊,2023-05-26,8886
00679B,元大美債20年,27,6,21,國泰-新莊,2023-05-26,8886
5607,遠雄港,20,0,20,國泰-新莊,2023-05-26,8886
4564,元翎,51,32,19,國泰-新莊,2023-05-26,8886
5706,鳳凰,95,76,19,國泰-新莊,2023-05-26,8886
6689,伊雲谷,69,50,19,國泰-新莊,2023-05-26,8886
2352,佳世達,43,25,18,國泰-新莊,2023-05-26,8886
3231,緯創,532,514,18,國泰-新莊,2023-05-26,8886
6191,精成科,18,0,18,國泰-新莊,2023-05-26,8886
1802,台玻,19,2,17,國泰-新莊,2023-05-26,8886
1904,正隆,17,0,17,國泰-新莊,2023-05-26,8886
1460,宏遠,17,0,17,國泰-新莊,2023-05-26,8886
6244,茂迪,30,13,17,國泰-新莊,2023-05-26,8886
2382,廣達,58,41,17,國泰-新莊,2023-05-26,8886
00764B,群益25年美債,16,0,16,國泰-新莊,2023-05-26,8886
3032,偉訓,31,15,16,國泰-新莊,2023-05-26,8886
3013,晟銘電,28,12,16,國泰-新莊,2023-05-26,8886
6104,創惟,23,7,16,國泰-新莊,2023-05-26,8886
00706L,期元大S＆P日圓正2,20,4,16,國泰-新莊,2023-05-26,8886
2881,富邦金,16,0,16,國泰-新莊,2023-05-26,8886
3715,定穎投控,24,8,16,國泰-新莊,2023-05-26,8886
3481,群創,378,362,16,國泰-新莊,2023-05-26,8886
6456,GIS-KY,15,0,15,國泰-新莊,2023-05-26,8886
2739,寒舍,19,4,15,國泰-新莊,2023-05-26,8886
5206,坤悅,252,0,252,國泰-新莊,2023-05-29,8886
4155,訊映,169,1,168,國泰-新莊,2023-05-29,8886
2481,強茂,151,5,146,國泰-新莊,2023-05-29,8886
6285,啟��,142,2,140,國泰-新莊,2023-05-29,8886
0056,元大高股息,198,64,134,國泰-新莊,2023-05-29,8886
00882,中信中國高股息,111,43,68,國泰-新莊,2023-05-29,8886
3056,富華新,67,1,66,國泰-新莊,2023-05-29,8886
00679B,元大美債20年,70,8,62,國泰-新莊,2023-05-29,8886
00712,復華富時不動產,221,160,61,國泰-新莊,2023-05-29,8886
3231,緯創,457,401,56,國泰-新莊,2023-05-29,8886
5483,中美晶,51,2,49,國泰-新莊,2023-05-29,8886
00713,元大台灣高息低波,59,14,45,國泰-新莊,2023-05-29,8886
5608,四維航,41,1,40,國泰-新莊,2023-05-29,8886
00665L,富邦�琤肭磪囓�2,42,7,35,國泰-新莊,2023-05-29,8886
9907,統一實,40,6,34,國泰-新莊,2023-05-29,8886
4564,元翎,49,16,33,國泰-新莊,2023-05-29,8886
5284,jpp-KY,40,10,30,國泰-新莊,2023-05-29,8886
8069,元太,36,8,28,國泰-新莊,2023-05-29,8886
2547,日勝生,27,0,27,國泰-新莊,2023-05-29,8886
1608,華榮,68,41,27,國泰-新莊,2023-05-29,8886
2610,華航,249,223,26,國泰-新莊,2023-05-29,8886
4906,正文,26,0,26,國泰-新莊,2023-05-29,8886
8059,凱碩,26,1,25,國泰-新莊,2023-05-29,8886
8354,冠好,30,6,24,國泰-新莊,2023-05-29,8886
2382,廣達,29,7,22,國泰-新莊,2023-05-29,8886
2539,櫻花建,22,0,22,國泰-新莊,2023-05-29,8886
00687B,國泰20年美債,27,5,22,國泰-新莊,2023-05-29,8886
6122,擎邦,34,13,21,國泰-新莊,2023-05-29,8886
00673R,期元大S＆P原油反1,20,0,20,國泰-新莊,2023-05-29,8886
2103,台橡,20,0,20,國泰-新莊,2023-05-29,8886
00772B,中信高評級公司債,22,2,20,國泰-新莊,2023-05-29,8886
2323,中環,130,110,20,國泰-新莊,2023-05-29,8886
4977,眾達-KY,25,6,19,國泰-新莊,2023-05-29,8886
00688L,國泰20年美債正2,19,0,19,國泰-新莊,2023-05-29,8886
00680L,元大美債20正2,19,1,18,國泰-新莊,2023-05-29,8886
2399,映泰,31,14,17,國泰-新莊,2023-05-29,8886
3701,大眾控,17,1,16,國泰-新莊,2023-05-29,8886
2023,燁輝,15,0,15,國泰-新莊,2023-05-29,8886
2408,南亞科,42,27,15,國泰-新莊,2023-05-29,8886
1727,中華化,14,0,14,國泰-新莊,2023-05-29,8886
2412,中華電,14,0,14,國泰-新莊,2023-05-29,8886
2887,台新金,15,1,14,國泰-新莊,2023-05-29,8886
8085,福華,15,2,13,國泰-新莊,2023-05-29,8886
2002,中鋼,12,0,12,國泰-新莊,2023-05-29,8886
3325,旭品,24,12,12,國泰-新莊,2023-05-29,8886
3711,日月光投控,14,2,12,國泰-新莊,2023-05-29,8886
1618,合機,11,0,11,國泰-新莊,2023-05-29,8886
00706L,期元大S＆P日圓正2,11,0,11,國泰-新莊,2023-05-29,8886
00852L,國泰美國道瓊正2,12,1,11,國泰-新莊,2023-05-29,8886
00637L,元大滬深300正2,162,151,11,國泰-新莊,2023-05-29,8886
4155,訊映,197,7,190,國泰-新莊,2023-05-30,8886
6285,啟��,157,0,157,國泰-新莊,2023-05-30,8886
00882,中信中國高股息,117,0,117,國泰-新莊,2023-05-30,8886
00632R,元大台灣50反1,135,22,113,國泰-新莊,2023-05-30,8886
2382,廣達,162,53,109,國泰-新莊,2023-05-30,8886
00706L,期元大S＆P日圓正2,108,0,108,國泰-新莊,2023-05-30,8886
2356,英業達,345,251,94,國泰-新莊,2023-05-30,8886
00665L,富邦�琤肭磪囓�2,83,0,83,國泰-新莊,2023-05-30,8886
00715L,期街口布蘭特正2,82,7,75,國泰-新莊,2023-05-30,8886
6160,欣技,109,44,65,國泰-新莊,2023-05-30,8886
8033,雷虎,84,21,63,國泰-新莊,2023-05-30,8886
2601,益航,53,1,52,國泰-新莊,2023-05-30,8886
2504,國產,50,0,50,國泰-新莊,2023-05-30,8886
6531,愛普*,65,16,49,國泰-新莊,2023-05-30,8886
2610,華航,296,248,48,國泰-新莊,2023-05-30,8886
0056,元大高股息,101,55,46,國泰-新莊,2023-05-30,8886
2323,中環,48,4,44,國泰-新莊,2023-05-30,8886
00687B,國泰20年美債,44,2,42,國泰-新莊,2023-05-30,8886
3481,群創,291,249,42,國泰-新莊,2023-05-30,8886
3011,今皓,40,1,39,國泰-新莊,2023-05-30,8886
2332,友訊,47,9,38,國泰-新莊,2023-05-30,8886
6282,康舒,61,24,37,國泰-新莊,2023-05-30,8886
00885,富邦越南,41,5,36,國泰-新莊,2023-05-30,8886
00637L,元大滬深300正2,235,200,35,國泰-新莊,2023-05-30,8886
9955,佳龍,35,0,35,國泰-新莊,2023-05-30,8886
2882,國泰金,35,4,31,國泰-新莊,2023-05-30,8886
2834,臺企銀,28,0,28,國泰-新莊,2023-05-30,8886
6244,茂迪,30,4,26,國泰-新莊,2023-05-30,8886
1513,中興電,30,5,25,國泰-新莊,2023-05-30,8886
2465,麗臺,26,2,24,國泰-新莊,2023-05-30,8886
2338,光罩,27,3,24,國泰-新莊,2023-05-30,8886
2609,陽明,30,7,23,國泰-新莊,2023-05-30,8886
6235,華孚,111,89,22,國泰-新莊,2023-05-30,8886
00633L,富邦上証正2,21,0,21,國泰-新莊,2023-05-30,8886
2365,昆盈,20,1,19,國泰-新莊,2023-05-30,8886
4979,華星光,97,79,18,國泰-新莊,2023-05-30,8886
00712,復華富時不動產,44,26,18,國泰-新莊,2023-05-30,8886
3356,奇偶,20,2,18,國泰-新莊,2023-05-30,8886
6188,廣明,50,33,17,國泰-新莊,2023-05-30,8886
6438,迅得,25,8,17,國泰-新莊,2023-05-30,8886
6104,創惟,35,18,17,國泰-新莊,2023-05-30,8886
3056,富華新,16,0,16,國泰-新莊,2023-05-30,8886
6125,廣運,51,37,14,國泰-新莊,2023-05-30,8886
3518,柏騰,15,1,14,國泰-新莊,2023-05-30,8886
2324,仁寶,34,20,14,國泰-新莊,2023-05-30,8886
2409,友達,16,3,13,國泰-新莊,2023-05-30,8886
5706,鳳凰,38,25,13,國泰-新莊,2023-05-30,8886
2615,萬海,13,0,13,國泰-新莊,2023-05-30,8886
2454,聯發科,38,25,13,國泰-新莊,2023-05-30,8886
2431,聯昌,13,1,12,國泰-新莊,2023-05-30,8886
4155,訊映,549,0,549,國泰-新莊,2023-05-31,8886
6285,啟��,304,0,304,國泰-新莊,2023-05-31,8886
00715L,期街口布蘭特正2,274,6,268,國泰-新莊,2023-05-31,8886
00882,中信中國高股息,135,5,130,國泰-新莊,2023-05-31,8886
2356,英業達,228,110,118,國泰-新莊,2023-05-31,8886
00687B,國泰20年美債,92,5,87,國泰-新莊,2023-05-31,8886
00712,復華富時不動產,104,23,81,國泰-新莊,2023-05-31,8886
2887,台新金,48,1,47,國泰-新莊,2023-05-31,8886
2888,新光金,51,8,43,國泰-新莊,2023-05-31,8886
2601,益航,40,0,40,國泰-新莊,2023-05-31,8886
5608,四維航,45,10,35,國泰-新莊,2023-05-31,8886
2609,陽明,43,11,32,國泰-新莊,2023-05-31,8886
2338,光罩,30,0,30,國泰-新莊,2023-05-31,8886
00633L,富邦上証正2,30,0,30,國泰-新莊,2023-05-31,8886
1101,台泥,32,3,29,國泰-新莊,2023-05-31,8886
8110,華東,30,1,29,國泰-新莊,2023-05-31,8886
3037,欣興,41,13,28,國泰-新莊,2023-05-31,8886
2603,長榮,43,15,28,國泰-新莊,2023-05-31,8886
6104,創惟,51,24,27,國泰-新莊,2023-05-31,8886
6438,迅得,21,0,21,國泰-新莊,2023-05-31,8886
3228,金麗科,21,0,21,國泰-新莊,2023-05-31,8886
3682,亞太電,20,0,20,國泰-新莊,2023-05-31,8886
00671R,富邦NASDAQ反1,20,0,20,國泰-新莊,2023-05-31,8886
6108,競國,20,0,20,國泰-新莊,2023-05-31,8886
2302,麗正,19,0,19,國泰-新莊,2023-05-31,8886
5289,宜鼎,25,7,18,國泰-新莊,2023-05-31,8886
3207,耀勝,17,0,17,國泰-新莊,2023-05-31,8886
3032,偉訓,20,3,17,國泰-新莊,2023-05-31,8886
6191,精成科,17,0,17,國泰-新莊,2023-05-31,8886
8210,勤誠,77,61,16,國泰-新莊,2023-05-31,8886
00642U,期元大S＆P石油,15,0,15,國泰-新莊,2023-05-31,8886
5206,坤悅,15,0,15,國泰-新莊,2023-05-31,8886
2399,映泰,28,13,15,國泰-新莊,2023-05-31,8886
00653L,富邦印度正2,18,3,15,國泰-新莊,2023-05-31,8886
00679B,元大美債20年,35,20,15,國泰-新莊,2023-05-31,8886
00772B,中信高評級公司債,32,17,15,國泰-新莊,2023-05-31,8886
8033,雷虎,20,6,14,國泰-新莊,2023-05-31,8886
1609,大亞,33,19,14,國泰-新莊,2023-05-31,8886
2834,臺企銀,17,4,13,國泰-新莊,2023-05-31,8886
3481,群創,83,70,13,國泰-新莊,2023-05-31,8886
6026,福邦證,13,0,13,國泰-新莊,2023-05-31,8886
4977,眾達-KY,17,4,13,國泰-新莊,2023-05-31,8886
00751B,元大AAA至A公司債,21,8,13,國泰-新莊,2023-05-31,8886
2344,華邦電,85,72,13,國泰-新莊,2023-05-31,8886
2323,中環,31,18,13,國泰-新莊,2023-05-31,8886
2615,萬海,19,7,12,國泰-新莊,2023-05-31,8886
1524,耿鼎,15,3,12,國泰-新莊,2023-05-31,8886
2913,農林,12,0,12,國泰-新莊,2023-05-31,8886
1503,士電,25,13,12,國泰-新莊,2023-05-31,8886
4967,十銓,64,52,12,國泰-新莊,2023-05-31,8886
6282,康舒,314,94,220,國泰-新莊,2023-06-01,8886
00715L,期街口布蘭特正2,207,17,190,國泰-新莊,2023-06-01,8886
00632R,元大台灣50反1,332,146,186,國泰-新莊,2023-06-01,8886
6285,啟��,101,0,101,國泰-新莊,2023-06-01,8886
3706,神達,152,76,76,國泰-新莊,2023-06-01,8886
2888,新光金,68,0,68,國泰-新莊,2023-06-01,8886
2371,大同,69,19,50,國泰-新莊,2023-06-01,8886
5706,鳳凰,146,102,44,國泰-新莊,2023-06-01,8886
00642U,期元大S＆P石油,41,0,41,國泰-新莊,2023-06-01,8886
3346,麗清,46,5,41,國泰-新莊,2023-06-01,8886
2201,裕隆,105,65,40,國泰-新莊,2023-06-01,8886
1605,華新,36,1,35,國泰-新莊,2023-06-01,8886
3013,晟銘電,135,101,34,國泰-新莊,2023-06-01,8886
00919,群益台灣精選高息,36,2,34,國泰-新莊,2023-06-01,8886
00713,元大台灣高息低波,56,27,29,國泰-新莊,2023-06-01,8886
2609,陽明,39,10,29,國泰-新莊,2023-06-01,8886
2887,台新金,30,2,28,國泰-新莊,2023-06-01,8886
2344,華邦電,29,2,27,國泰-新莊,2023-06-01,8886
1101,台泥,38,12,26,國泰-新莊,2023-06-01,8886
00679B,元大美債20年,30,4,26,國泰-新莊,2023-06-01,8886
00885,富邦越南,26,0,26,國泰-新莊,2023-06-01,8886
00687B,國泰20年美債,48,22,26,國泰-新莊,2023-06-01,8886
2352,佳世達,33,7,26,國泰-新莊,2023-06-01,8886
2753,八方雲集,24,0,24,國泰-新莊,2023-06-01,8886
3231,緯創,217,193,24,國泰-新莊,2023-06-01,8886
00882,中信中國高股息,41,18,23,國泰-新莊,2023-06-01,8886
8215,明基材,25,2,23,國泰-新莊,2023-06-01,8886
5351,鈺創,42,19,23,國泰-新莊,2023-06-01,8886
9949,琉園,28,5,23,國泰-新莊,2023-06-01,8886
5328,華容,22,1,21,國泰-新莊,2023-06-01,8886
2882,國泰金,21,0,21,國泰-新莊,2023-06-01,8886
00712,復華富時不動產,34,14,20,國泰-新莊,2023-06-01,8886
00751B,元大AAA至A公司債,25,6,19,國泰-新莊,2023-06-01,8886
3260,威剛,26,8,18,國泰-新莊,2023-06-01,8886
2615,萬海,19,2,17,國泰-新莊,2023-06-01,8886
00680L,元大美債20正2,19,2,17,國泰-新莊,2023-06-01,8886
5340,建榮,17,1,16,國泰-新莊,2023-06-01,8886
3693,營邦,23,7,16,國泰-新莊,2023-06-01,8886
1513,中興電,21,6,15,國泰-新莊,2023-06-01,8886
4564,元翎,85,70,15,國泰-新莊,2023-06-01,8886
6148,驊宏資,21,6,15,國泰-新莊,2023-06-01,8886
1460,宏遠,20,5,15,國泰-新莊,2023-06-01,8886
6579,研揚,26,11,15,國泰-新莊,2023-06-01,8886
8011,台通,32,17,15,國泰-新莊,2023-06-01,8886
6770,力積電,14,0,14,國泰-新莊,2023-06-01,8886
2303,聯電,26,12,14,國泰-新莊,2023-06-01,8886
8033,雷虎,17,3,14,國泰-新莊,2023-06-01,8886
1609,大亞,14,0,14,國泰-新莊,2023-06-01,8886
2892,第一金,15,2,13,國泰-新莊,2023-06-01,8886
00720B,元大投資級公司債,14,1,13,國泰-新莊,2023-06-01,8886
6285,啟��,292,18,274,國泰-新莊,2023-06-02,8886
2618,長榮航,493,255,238,國泰-新莊,2023-06-02,8886
2610,華航,372,149,223,國泰-新莊,2023-06-02,8886
00632R,元大台灣50反1,386,234,152,國泰-新莊,2023-06-02,8886
00679B,元大美債20年,147,0,147,國泰-新莊,2023-06-02,8886
00751B,元大AAA至A公司債,129,1,128,國泰-新莊,2023-06-02,8886
6182,合晶,100,3,97,國泰-新莊,2023-06-02,8886
00882,中信中國高股息,133,45,88,國泰-新莊,2023-06-02,8886
2349,錸德,57,1,56,國泰-新莊,2023-06-02,8886
6244,茂迪,88,35,53,國泰-新莊,2023-06-02,8886
1905,華紙,206,155,51,國泰-新莊,2023-06-02,8886
2399,映泰,65,22,43,國泰-新莊,2023-06-02,8886
3576,聯合再生,41,0,41,國泰-新莊,2023-06-02,8886
3202,樺晟,41,0,41,國泰-新莊,2023-06-02,8886
5309,系統電,40,0,40,國泰-新莊,2023-06-02,8886
3058,立德,48,11,37,國泰-新莊,2023-06-02,8886
00919,群益台灣精選高息,39,6,33,國泰-新莊,2023-06-02,8886
1608,華榮,55,23,32,國泰-新莊,2023-06-02,8886
2211,長榮鋼,31,0,31,國泰-新莊,2023-06-02,8886
2323,中環,222,195,27,國泰-新莊,2023-06-02,8886
2331,精英,58,32,26,國泰-新莊,2023-06-02,8886
3047,訊舟,44,20,24,國泰-新莊,2023-06-02,8886
2441,超豐,24,0,24,國泰-新莊,2023-06-02,8886
2356,英業達,96,74,22,國泰-新莊,2023-06-02,8886
8059,凱碩,27,5,22,國泰-新莊,2023-06-02,8886
2031,新光鋼,21,0,21,國泰-新莊,2023-06-02,8886
8440,綠電,21,0,21,國泰-新莊,2023-06-02,8886
00687B,國泰20年美債,26,5,21,國泰-新莊,2023-06-02,8886
2603,長榮,30,9,21,國泰-新莊,2023-06-02,8886
2365,昆盈,20,0,20,國泰-新莊,2023-06-02,8886
5512,力麒,21,1,20,國泰-新莊,2023-06-02,8886
2881,富邦金,19,0,19,國泰-新莊,2023-06-02,8886
1310,台苯,19,0,19,國泰-新莊,2023-06-02,8886
2601,益航,20,1,19,國泰-新莊,2023-06-02,8886
2332,友訊,25,6,19,國泰-新莊,2023-06-02,8886
4979,華星光,175,157,18,國泰-新莊,2023-06-02,8886
3013,晟銘電,54,36,18,國泰-新莊,2023-06-02,8886
3591,艾笛森,20,4,16,國泰-新莊,2023-06-02,8886
1215,卜蜂,16,0,16,國泰-新莊,2023-06-02,8886
1229,聯華,20,4,16,國泰-新莊,2023-06-02,8886
2208,台船,19,3,16,國泰-新莊,2023-06-02,8886
8033,雷虎,24,8,16,國泰-新莊,2023-06-02,8886
2371,大同,55,40,15,國泰-新莊,2023-06-02,8886
2421,建準,54,38,16,國泰-新莊,2023-06-02,8886
3231,緯創,421,406,15,國泰-新莊,2023-06-02,8886
2489,瑞軒,32,17,15,國泰-新莊,2023-06-02,8886
00922,國泰台灣領袖50,22,7,15,國泰-新莊,2023-06-02,8886
1815,富喬,15,0,15,國泰-新莊,2023-06-02,8886
3615,安可,17,2,15,國泰-新莊,2023-06-02,8886
00720B,元大投資級公司債,14,0,14,國泰-新莊,2023-06-02,8886
6285,啟��,181,1,180,國泰-新莊,2023-06-05,8886
2323,中環,330,164,166,國泰-新莊,2023-06-05,8886
00885,富邦越南,124,12,112,國泰-新莊,2023-06-05,8886
00919,群益台灣精選高息,89,0,89,國泰-新莊,2023-06-05,8886
1529,樂事綠能,117,37,80,國泰-新莊,2023-06-05,8886
2353,宏��,198,119,79,國泰-新莊,2023-06-05,8886
0056,元大高股息,94,21,73,國泰-新莊,2023-06-05,8886
00679B,元大美債20年,75,3,72,國泰-新莊,2023-06-05,8886
2367,燿華,67,2,65,國泰-新莊,2023-06-05,8886
2344,華邦電,82,19,63,國泰-新莊,2023-06-05,8886
00713,元大台灣高息低波,59,3,56,國泰-新莊,2023-06-05,8886
6770,力積電,59,3,56,國泰-新莊,2023-06-05,8886
2017,官田鋼,50,1,49,國泰-新莊,2023-06-05,8886
4155,訊映,49,0,49,國泰-新莊,2023-06-05,8886
2369,菱生,51,2,49,國泰-新莊,2023-06-05,8886
00673R,期元大S＆P原油反1,42,0,42,國泰-新莊,2023-06-05,8886
00680L,元大美債20正2,41,0,41,國泰-新莊,2023-06-05,8886
00882,中信中國高股息,73,33,40,國泰-新莊,2023-06-05,8886
00712,復華富時不動產,154,114,40,國泰-新莊,2023-06-05,8886
4533,協易機,40,1,39,國泰-新莊,2023-06-05,8886
2362,藍天,32,0,32,國泰-新莊,2023-06-05,8886
1513,中興電,76,46,30,國泰-新莊,2023-06-05,8886
006208,富邦台50,30,2,28,國泰-新莊,2023-06-05,8886
2206,三陽工業,51,25,26,國泰-新莊,2023-06-05,8886
2634,漢翔,53,28,25,國泰-新莊,2023-06-05,8886
3005,神基,33,9,24,國泰-新莊,2023-06-05,8886
1519,華城,99,77,22,國泰-新莊,2023-06-05,8886
2603,長榮,31,10,21,國泰-新莊,2023-06-05,8886
3232,昱捷,20,0,20,國泰-新莊,2023-06-05,8886
2442,新美齊,30,10,20,國泰-新莊,2023-06-05,8886
00664R,國泰臺灣加權反1,20,0,20,國泰-新莊,2023-06-05,8886
4770,上品,20,0,20,國泰-新莊,2023-06-05,8886
00720B,元大投資級公司債,20,0,20,國泰-新莊,2023-06-05,8886
2889,國票金,21,1,20,國泰-新莊,2023-06-05,8886
6214,精誠,32,13,19,國泰-新莊,2023-06-05,8886
1608,華榮,37,20,17,國泰-新莊,2023-06-05,8886
2706,第一店,23,6,17,國泰-新莊,2023-06-05,8886
00637L,元大滬深300正2,17,0,17,國泰-新莊,2023-06-05,8886
9940,信義,18,1,17,國泰-新莊,2023-06-05,8886
6235,華孚,141,124,17,國泰-新莊,2023-06-05,8886
2436,偉詮電,18,1,17,國泰-新莊,2023-06-05,8886
2303,聯電,43,27,16,國泰-新莊,2023-06-05,8886
1503,士電,36,21,15,國泰-新莊,2023-06-05,8886
6167,久正,20,5,15,國泰-新莊,2023-06-05,8886
00751B,元大AAA至A公司債,16,1,15,國泰-新莊,2023-06-05,8886
6160,欣技,26,12,14,國泰-新莊,2023-06-05,8886
2851,中再保,15,1,14,國泰-新莊,2023-06-05,8886
1514,亞力,151,137,14,國泰-新莊,2023-06-05,8886
2352,佳世達,27,13,14,國泰-新莊,2023-06-05,8886
2331,精英,21,8,13,國泰-新莊,2023-06-05,8886
6285,啟��,917,1,916,國泰-新莊,2023-06-06,8886
00882,中信中國高股息,201,55,146,國泰-新莊,2023-06-06,8886
00679B,元大美債20年,144,0,144,國泰-新莊,2023-06-06,8886
00712,復華富時不動產,193,58,135,國泰-新莊,2023-06-06,8886
2888,新光金,175,67,108,國泰-新莊,2023-06-06,8886
1609,大亞,379,277,102,國泰-新莊,2023-06-06,8886
2367,燿華,102,1,101,國泰-新莊,2023-06-06,8886
2323,中環,152,62,90,國泰-新莊,2023-06-06,8886
00919,群益台灣精選高息,79,0,79,國泰-新莊,2023-06-06,8886
00878,國泰永續高股息,133,66,67,國泰-新莊,2023-06-06,8886
2515,中工,97,31,66,國泰-新莊,2023-06-06,8886
00927,群益半導體收益,62,3,59,國泰-新莊,2023-06-06,8886
0056,元大高股息,72,18,54,國泰-新莊,2023-06-06,8886
2402,毅嘉,140,88,52,國泰-新莊,2023-06-06,8886
6116,彩晶,121,75,46,國泰-新莊,2023-06-06,8886
3207,耀勝,45,0,45,國泰-新莊,2023-06-06,8886
2303,聯電,54,16,38,國泰-新莊,2023-06-06,8886
5324,士開,37,0,37,國泰-新莊,2023-06-06,8886
6244,茂迪,44,14,30,國泰-新莊,2023-06-06,8886
3058,立德,42,12,30,國泰-新莊,2023-06-06,8886
6235,華孚,55,26,29,國泰-新莊,2023-06-06,8886
00713,元大台灣高息低波,28,1,27,國泰-新莊,2023-06-06,8886
3673,TPK-KY,29,4,25,國泰-新莊,2023-06-06,8886
2356,英業達,102,77,25,國泰-新莊,2023-06-06,8886
8234,新漢,25,1,24,國泰-新莊,2023-06-06,8886
2461,光群雷,40,17,23,國泰-新莊,2023-06-06,8886
00751B,元大AAA至A公司債,28,6,22,國泰-新莊,2023-06-06,8886
2701,萬企,24,2,22,國泰-新莊,2023-06-06,8886
1905,華紙,186,164,22,國泰-新莊,2023-06-06,8886
00687B,國泰20年美債,22,1,21,國泰-新莊,2023-06-06,8886
2427,三商電,38,17,21,國泰-新莊,2023-06-06,8886
3013,晟銘電,31,10,21,國泰-新莊,2023-06-06,8886
1605,華新,46,26,20,國泰-新莊,2023-06-06,8886
1219,福壽,20,0,20,國泰-新莊,2023-06-06,8886
3231,緯創,97,77,20,國泰-新莊,2023-06-06,8886
00720B,元大投資級公司債,18,0,18,國泰-新莊,2023-06-06,8886
8105,凌巨,31,13,18,國泰-新莊,2023-06-06,8886
3029,零壹,18,0,18,國泰-新莊,2023-06-06,8886
1815,富喬,22,5,17,國泰-新莊,2023-06-06,8886
2906,高林,22,5,17,國泰-新莊,2023-06-06,8886
2406,國碩,17,1,16,國泰-新莊,2023-06-06,8886
2206,三陽工業,109,93,16,國泰-新莊,2023-06-06,8886
3363,上詮,34,18,16,國泰-新莊,2023-06-06,8886
1904,正隆,36,20,16,國泰-新莊,2023-06-06,8886
4916,事欣科,29,13,16,國泰-新莊,2023-06-06,8886
3081,聯亞,18,3,15,國泰-新莊,2023-06-06,8886
8111,立��,15,0,15,國泰-新莊,2023-06-06,8886
00632R,元大台灣50反1,42,27,15,國泰-新莊,2023-06-06,8886
3346,麗清,32,17,15,國泰-新莊,2023-06-06,8886
1584,精剛,21,6,15,國泰-新莊,2023-06-06,8886
00637L,元大滬深300正2,255,6,249,國泰-新莊,2023-06-07,8886
2399,映泰,183,1,182,國泰-新莊,2023-06-07,8886
00715L,期街口布蘭特正2,121,7,114,國泰-新莊,2023-06-07,8886
00679B,元大美債20年,79,2,77,國泰-新莊,2023-06-07,8886
2402,毅嘉,67,24,43,國泰-新莊,2023-06-07,8886
3231,緯創,203,161,42,國泰-新莊,2023-06-07,8886
3011,今皓,43,1,42,國泰-新莊,2023-06-07,8886
3521,鴻翊,38,0,38,國泰-新莊,2023-06-07,8886
6282,康舒,163,132,31,國泰-新莊,2023-06-07,8886
1727,中華化,30,0,30,國泰-新莊,2023-06-07,8886
00902,中信電池及儲能,32,2,30,國泰-新莊,2023-06-07,8886
00926,凱基全球菁英55,30,0,30,國泰-新莊,2023-06-07,8886
2347,聯強,39,10,29,國泰-新莊,2023-06-07,8886
2610,華航,54,26,28,國泰-新莊,2023-06-07,8886
3005,神基,30,3,27,國泰-新莊,2023-06-07,8886
00927,群益半導體收益,25,1,24,國泰-新莊,2023-06-07,8886
2337,旺宏,24,1,23,國泰-新莊,2023-06-07,8886
2002,中鋼,23,1,22,國泰-新莊,2023-06-07,8886
5706,鳳凰,120,98,22,國泰-新莊,2023-06-07,8886
8046,南電,44,22,22,國泰-新莊,2023-06-07,8886
2486,一詮,55,36,19,國泰-新莊,2023-06-07,8886
3078,僑威,48,29,19,國泰-新莊,2023-06-07,8886
2425,承啟,22,4,18,國泰-新莊,2023-06-07,8886
2401,凌陽,24,6,18,國泰-新莊,2023-06-07,8886
1514,亞力,26,9,17,國泰-新莊,2023-06-07,8886
00895,富邦未來車,20,3,17,國泰-新莊,2023-06-07,8886
9907,統一實,20,3,17,國泰-新莊,2023-06-07,8886
00687B,國泰20年美債,24,7,17,國泰-新莊,2023-06-07,8886
6125,廣運,78,61,17,國泰-新莊,2023-06-07,8886
2881,富邦金,20,4,16,國泰-新莊,2023-06-07,8886
1519,華城,65,49,16,國泰-新莊,2023-06-07,8886
2881A,富邦特,16,0,16,國泰-新莊,2023-06-07,8886
1225,福懋油,15,0,15,國泰-新莊,2023-06-07,8886
4945,陞達科技,15,0,15,國泰-新莊,2023-06-07,8886
8105,凌巨,15,0,15,國泰-新莊,2023-06-07,8886
00896,中信綠能及電動車,16,1,15,國泰-新莊,2023-06-07,8886
8403,盛弘,14,0,14,國泰-新莊,2023-06-07,8886
00922,國泰台灣領袖50,16,2,14,國泰-新莊,2023-06-07,8886
2520,冠德,14,0,14,國泰-新莊,2023-06-07,8886
4931,新盛力,16,3,13,國泰-新莊,2023-06-07,8886
5284,jpp-KY,25,12,13,國泰-新莊,2023-06-07,8886
8358,金居,24,11,13,國泰-新莊,2023-06-07,8886
3711,日月光投控,25,13,12,國泰-新莊,2023-06-07,8886
1513,中興電,62,50,12,國泰-新莊,2023-06-07,8886
5880,合庫金,13,1,12,國泰-新莊,2023-06-07,8886
00655L,國泰中國A50正2,12,0,12,國泰-新莊,2023-06-07,8886
6147,頎邦,11,0,11,國泰-新莊,2023-06-07,8886
4114,健喬,11,0,11,國泰-新莊,2023-06-07,8886
1785,光洋科,13,2,11,國泰-新莊,2023-06-07,8886
3189,景碩,14,4,10,國泰-新莊,2023-06-07,8886
6285,啟��,382,19,363,國泰-新莊,2023-06-08,8886
00919,群益台灣精選高息,255,2,253,國泰-新莊,2023-06-08,8886
00679B,元大美債20年,166,2,164,國泰-新莊,2023-06-08,8886
00673R,期元大S＆P原油反1,135,0,135,國泰-新莊,2023-06-08,8886
00687B,國泰20年美債,106,3,103,國泰-新莊,2023-06-08,8886
2323,中環,118,37,81,國泰-新莊,2023-06-08,8886
3027,盛達,115,38,77,國泰-新莊,2023-06-08,8886
2888,新光金,76,16,60,國泰-新莊,2023-06-08,8886
00720B,元大投資級公司債,57,7,50,國泰-新莊,2023-06-08,8886
2882,國泰金,57,9,48,國泰-新莊,2023-06-08,8886
00665L,富邦�琤肭磪囓�2,50,3,47,國泰-新莊,2023-06-08,8886
00751B,元大AAA至A公司債,46,0,46,國泰-新莊,2023-06-08,8886
1609,大亞,376,334,42,國泰-新莊,2023-06-08,8886
4538,大詠城,48,7,41,國泰-新莊,2023-06-08,8886
2338,光罩,48,9,39,國泰-新莊,2023-06-08,8886
00772B,中信高評級公司債,38,0,38,國泰-新莊,2023-06-08,8886
00927,群益半導體收益,40,3,37,國泰-新莊,2023-06-08,8886
0056,元大高股息,85,49,36,國泰-新莊,2023-06-08,8886
3325,旭品,36,2,34,國泰-新莊,2023-06-08,8886
00795B,中信美國公債20年,35,1,34,國泰-新莊,2023-06-08,8886
1612,宏泰,100,67,33,國泰-新莊,2023-06-08,8886
2618,長榮航,129,96,33,國泰-新莊,2023-06-08,8886
1605,華新,43,12,31,國泰-新莊,2023-06-08,8886
6806,森崴能源,32,1,31,國泰-新莊,2023-06-08,8886
6125,廣運,63,32,31,國泰-新莊,2023-06-08,8886
5511,德昌,31,0,31,國泰-新莊,2023-06-08,8886
4155,訊映,28,0,28,國泰-新莊,2023-06-08,8886
6167,久正,32,4,28,國泰-新莊,2023-06-08,8886
1618,合機,28,1,27,國泰-新莊,2023-06-08,8886
3374,精材,44,17,27,國泰-新莊,2023-06-08,8886
00907,永豐優息存股,30,3,27,國泰-新莊,2023-06-08,8886
00680L,元大美債20正2,27,1,26,國泰-新莊,2023-06-08,8886
2881,富邦金,29,3,26,國泰-新莊,2023-06-08,8886
6016,康和證,26,0,26,國泰-新莊,2023-06-08,8886
3494,誠研,26,0,26,國泰-新莊,2023-06-08,8886
1504,東元,69,43,26,國泰-新莊,2023-06-08,8886
2206,三陽工業,62,36,26,國泰-新莊,2023-06-08,8886
2867,三商壽,23,0,23,國泰-新莊,2023-06-08,8886
2413,環科,23,1,22,國泰-新莊,2023-06-08,8886
6120,達運,20,0,20,國泰-新莊,2023-06-08,8886
00671R,富邦NASDAQ反1,20,0,20,國泰-新莊,2023-06-08,8886
2367,燿華,20,0,20,國泰-新莊,2023-06-08,8886
2017,官田鋼,20,0,20,國泰-新莊,2023-06-08,8886
2317,鴻海,21,1,20,國泰-新莊,2023-06-08,8886
2382,廣達,40,20,20,國泰-新莊,2023-06-08,8886
3025,星通,56,37,19,國泰-新莊,2023-06-08,8886
2356,英業達,54,35,19,國泰-新莊,2023-06-08,8886
6288,聯嘉,24,6,18,國泰-新莊,2023-06-08,8886
6190,萬泰科,24,6,18,國泰-新莊,2023-06-08,8886
00713,元大台灣高息低波,44,26,18,國泰-新莊,2023-06-08,8886
1460,宏遠,824,0,824,國泰-新莊,2023-06-09,8886
2537,聯上發,318,0,318,國泰-新莊,2023-06-09,8886
2834,臺企銀,292,2,290,國泰-新莊,2023-06-09,8886
00929,復華台灣科技優息,271,19,252,國泰-新莊,2023-06-09,8886
00715L,期街口布蘭特正2,233,4,229,國泰-新莊,2023-06-09,8886
4155,訊映,170,0,170,國泰-新莊,2023-06-09,8886
2515,中工,220,104,116,國泰-新莊,2023-06-09,8886
3541,西柏,114,0,114,國泰-新莊,2023-06-09,8886
2331,精英,106,6,100,國泰-新莊,2023-06-09,8886
2888,新光金,355,268,87,國泰-新莊,2023-06-09,8886
00712,復華富時不動產,90,4,86,國泰-新莊,2023-06-09,8886
6191,精成科,57,2,55,國泰-新莊,2023-06-09,8886
6026,福邦證,47,0,47,國泰-新莊,2023-06-09,8886
00679B,元大美債20年,50,8,42,國泰-新莊,2023-06-09,8886
3494,誠研,41,0,41,國泰-新莊,2023-06-09,8886
2731,雄獅,54,15,39,國泰-新莊,2023-06-09,8886
2882,國泰金,44,6,38,國泰-新莊,2023-06-09,8886
5469,瀚宇博,43,5,38,國泰-新莊,2023-06-09,8886
1504,東元,66,30,36,國泰-新莊,2023-06-09,8886
1533,車王電,52,16,36,國泰-新莊,2023-06-09,8886
1609,大亞,216,181,35,國泰-新莊,2023-06-09,8886
00882,中信中國高股息,46,14,32,國泰-新莊,2023-06-09,8886
2630,亞航,192,161,31,國泰-新莊,2023-06-09,8886
2206,三陽工業,92,63,29,國泰-新莊,2023-06-09,8886
00713,元大台灣高息低波,34,6,28,國泰-新莊,2023-06-09,8886
4747,強生,33,5,28,國泰-新莊,2023-06-09,8886
3521,鴻翊,28,0,28,國泰-新莊,2023-06-09,8886
2913,農林,40,13,27,國泰-新莊,2023-06-09,8886
1616,億泰,25,0,25,國泰-新莊,2023-06-09,8886
2482,連宇,106,84,22,國泰-新莊,2023-06-09,8886
2352,佳世達,36,14,22,國泰-新莊,2023-06-09,8886
2606,裕民,22,0,22,國泰-新莊,2023-06-09,8886
00761B,國泰A級公司債,20,0,20,國泰-新莊,2023-06-09,8886
1305,華夏,20,0,20,國泰-新莊,2023-06-09,8886
8105,凌巨,25,5,20,國泰-新莊,2023-06-09,8886
2867,三商壽,22,3,19,國泰-新莊,2023-06-09,8886
2376,技嘉,66,49,17,國泰-新莊,2023-06-09,8886
6770,力積電,17,0,17,國泰-新莊,2023-06-09,8886
4538,大詠城,17,0,17,國泰-新莊,2023-06-09,8886
5905,南仁湖,18,2,16,國泰-新莊,2023-06-09,8886
6163,華電網,16,0,16,國泰-新莊,2023-06-09,8886
3025,星通,39,24,15,國泰-新莊,2023-06-09,8886
6005,群益證,15,0,15,國泰-新莊,2023-06-09,8886
6443,元晶,19,4,15,國泰-新莊,2023-06-09,8886
1528,恩德,23,9,14,國泰-新莊,2023-06-09,8886
2634,漢翔,27,13,14,國泰-新莊,2023-06-09,8886
1513,中興電,34,21,13,國泰-新莊,2023-06-09,8886
2460,建通,13,0,13,國泰-新莊,2023-06-09,8886
00653L,富邦印度正2,13,0,13,國泰-新莊,2023-06-09,8886
8446,華研,22,9,13,國泰-新莊,2023-06-09,8886
00632R,元大台灣50反1,1439,1,1438,國泰-新莊,2023-06-12,8886
1460,宏遠,364,2,362,國泰-新莊,2023-06-12,8886
2537,聯上發,320,0,320,國泰-新莊,2023-06-12,8886
00929,復華台灣科技優息,303,37,266,國泰-新莊,2023-06-12,8886
6285,啟��,286,32,254,國泰-新莊,2023-06-12,8886
6122,擎邦,308,57,251,國泰-新莊,2023-06-12,8886
00715L,期街口布蘭特正2,231,1,230,國泰-新莊,2023-06-12,8886
00919,群益台灣精選高息,233,44,189,國泰-新莊,2023-06-12,8886
00712,復華富時不動產,319,149,170,國泰-新莊,2023-06-12,8886
2888,新光金,262,93,169,國泰-新莊,2023-06-12,8886
2442,新美齊,160,9,151,國泰-新莊,2023-06-12,8886
2887,台新金,86,12,74,國泰-新莊,2023-06-12,8886
2382,廣達,145,74,71,國泰-新莊,2023-06-12,8886
3231,緯創,323,254,69,國泰-新莊,2023-06-12,8886
2356,英業達,121,65,56,國泰-新莊,2023-06-12,8886
3163,波若威,58,2,56,國泰-新莊,2023-06-12,8886
3541,西柏,55,0,55,國泰-新莊,2023-06-12,8886
2610,華航,107,54,53,國泰-新莊,2023-06-12,8886
2618,長榮航,153,110,43,國泰-新莊,2023-06-12,8886
00642U,期元大S＆P石油,41,0,41,國泰-新莊,2023-06-12,8886
2312,金寶,64,24,40,國泰-新莊,2023-06-12,8886
3032,偉訓,48,10,38,國泰-新莊,2023-06-12,8886
1609,大亞,126,88,38,國泰-新莊,2023-06-12,8886
00706L,期元大S＆P日圓正2,37,0,37,國泰-新莊,2023-06-12,8886
00679B,元大美債20年,52,17,35,國泰-新莊,2023-06-12,8886
3325,旭品,39,5,34,國泰-新莊,2023-06-12,8886
2206,三陽工業,44,13,31,國泰-新莊,2023-06-12,8886
2486,一詮,63,33,30,國泰-新莊,2023-06-12,8886
5439,高技,37,7,30,國泰-新莊,2023-06-12,8886
00761B,國泰A級公司債,30,0,30,國泰-新莊,2023-06-12,8886
1101,台泥,38,8,30,國泰-新莊,2023-06-12,8886
3576,聯合再生,33,5,28,國泰-新莊,2023-06-12,8886
3011,今皓,36,8,28,國泰-新莊,2023-06-12,8886
00751B,元大AAA至A公司債,31,3,28,國泰-新莊,2023-06-12,8886
3494,誠研,28,0,28,國泰-新莊,2023-06-12,8886
2344,華邦電,67,40,27,國泰-新莊,2023-06-12,8886
2882,國泰金,34,7,27,國泰-新莊,2023-06-12,8886
6125,廣運,46,20,26,國泰-新莊,2023-06-12,8886
6443,元晶,29,3,26,國泰-新莊,2023-06-12,8886
2337,旺宏,25,0,25,國泰-新莊,2023-06-12,8886
1710,東聯,27,3,24,國泰-新莊,2023-06-12,8886
6150,撼訊,33,11,22,國泰-新莊,2023-06-12,8886
1584,精剛,25,3,22,國泰-新莊,2023-06-12,8886
2303,聯電,33,11,22,國泰-新莊,2023-06-12,8886
6167,久正,30,9,21,國泰-新莊,2023-06-12,8886
2438,翔耀,20,0,20,國泰-新莊,2023-06-12,8886
2006,東和鋼鐵,20,0,20,國泰-新莊,2023-06-12,8886
4564,元翎,22,3,19,國泰-新莊,2023-06-12,8886
2399,映泰,48,29,19,國泰-新莊,2023-06-12,8886
2605,新興,20,1,19,國泰-新莊,2023-06-12,8886
6285,啟��,552,14,538,國泰-新莊,2023-06-13,8886
1460,宏遠,339,0,339,國泰-新莊,2023-06-13,8886
00715L,期街口布蘭特正2,328,2,326,國泰-新莊,2023-06-13,8886
00885,富邦越南,260,3,257,國泰-新莊,2023-06-13,8886
2537,聯上發,215,0,215,國泰-新莊,2023-06-13,8886
8050,廣積,221,13,208,國泰-新莊,2023-06-13,8886
00919,群益台灣精選高息,174,22,152,國泰-新莊,2023-06-13,8886
4155,訊映,136,0,136,國泰-新莊,2023-06-13,8886
00712,復華富時不動產,231,103,128,國泰-新莊,2023-06-13,8886
3541,西柏,83,0,83,國泰-新莊,2023-06-13,8886
00642U,期元大S＆P石油,51,0,51,國泰-新莊,2023-06-13,8886
2323,中環,83,36,47,國泰-新莊,2023-06-13,8886
00929,復華台灣科技優息,52,12,40,國泰-新莊,2023-06-13,8886
8088,品安,44,6,38,國泰-新莊,2023-06-13,8886
1609,大亞,106,68,38,國泰-新莊,2023-06-13,8886
9955,佳龍,36,0,36,國泰-新莊,2023-06-13,8886
00679B,元大美債20年,40,5,35,國泰-新莊,2023-06-13,8886
3576,聯合再生,33,1,32,國泰-新莊,2023-06-13,8886
00720B,元大投資級公司債,39,8,31,國泰-新莊,2023-06-13,8886
2359,所羅門,32,2,30,國泰-新莊,2023-06-13,8886
00631L,元大台灣50正2,25,0,25,國泰-新莊,2023-06-13,8886
00706L,期元大S＆P日圓正2,24,0,24,國泰-新莊,2023-06-13,8886
1612,宏泰,24,0,24,國泰-新莊,2023-06-13,8886
2402,毅嘉,31,7,24,國泰-新莊,2023-06-13,8886
6205,詮欣,28,6,22,國泰-新莊,2023-06-13,8886
9105,泰金寶-DR,21,0,21,國泰-新莊,2023-06-13,8886
3710,連展投控,20,0,20,國泰-新莊,2023-06-13,8886
2365,昆盈,20,0,20,國泰-新莊,2023-06-13,8886
3178,公準,30,10,20,國泰-新莊,2023-06-13,8886
00895,富邦未來車,43,23,20,國泰-新莊,2023-06-13,8886
2506,太設,18,0,18,國泰-新莊,2023-06-13,8886
1432,大魯閣,21,3,18,國泰-新莊,2023-06-13,8886
3515,華擎,35,17,18,國泰-新莊,2023-06-13,8886
2883,凱基金,24,6,18,國泰-新莊,2023-06-13,8886
3013,晟銘電,19,2,17,國泰-新莊,2023-06-13,8886
1301,台塑,17,0,17,國泰-新莊,2023-06-13,8886
2867,三商壽,17,0,17,國泰-新莊,2023-06-13,8886
8926,台汽電,18,2,16,國泰-新莊,2023-06-13,8886
2834,臺企銀,20,4,16,國泰-新莊,2023-06-13,8886
2515,中工,153,137,16,國泰-新莊,2023-06-13,8886
5425,台半,36,20,16,國泰-新莊,2023-06-13,8886
3454,晶睿,23,7,16,國泰-新莊,2023-06-13,8886
1618,合機,15,0,15,國泰-新莊,2023-06-13,8886
3163,波若威,17,2,15,國泰-新莊,2023-06-13,8886
2630,亞航,44,29,15,國泰-新莊,2023-06-13,8886
6753,龍德造船,23,8,15,國泰-新莊,2023-06-13,8886
2457,飛宏,109,94,15,國泰-新莊,2023-06-13,8886
3078,僑威,95,81,14,國泰-新莊,2023-06-13,8886
5243,乙盛-KY,17,3,14,國泰-新莊,2023-06-13,8886
2731,雄獅,36,22,14,國泰-新莊,2023-06-13,8886
6285,啟��,541,2,539,國泰-新莊,2023-06-14,8886
5512,力麒,520,1,519,國泰-新莊,2023-06-14,8886
00712,復華富時不動產,412,33,379,國泰-新莊,2023-06-14,8886
00632R,元大台灣50反1,268,3,265,國泰-新莊,2023-06-14,8886
00919,群益台灣精選高息,197,0,197,國泰-新莊,2023-06-14,8886
00680L,元大美債20正2,123,1,122,國泰-新莊,2023-06-14,8886
2356,英業達,398,285,113,國泰-新莊,2023-06-14,8886
2308,台達電,127,15,112,國泰-新莊,2023-06-14,8886
00929,復華台灣科技優息,85,1,84,國泰-新莊,2023-06-14,8886
1460,宏遠,89,5,84,國泰-新莊,2023-06-14,8886
00679B,元大美債20年,71,0,71,國泰-新莊,2023-06-14,8886
2409,友達,73,3,70,國泰-新莊,2023-06-14,8886
2404,漢唐,71,8,63,國泰-新莊,2023-06-14,8886
00687B,國泰20年美債,68,6,62,國泰-新莊,2023-06-14,8886
3541,西柏,61,0,61,國泰-新莊,2023-06-14,8886
00885,富邦越南,60,1,59,國泰-新莊,2023-06-14,8886
3481,群創,73,21,52,國泰-新莊,2023-06-14,8886
4533,協易機,184,137,47,國泰-新莊,2023-06-14,8886
00753L,中信中國50正2,88,42,46,國泰-新莊,2023-06-14,8886
2017,官田鋼,43,0,43,國泰-新莊,2023-06-14,8886
1522,堤維西,115,74,41,國泰-新莊,2023-06-14,8886
2481,強茂,40,4,36,國泰-新莊,2023-06-14,8886
00772B,中信高評級公司債,32,1,31,國泰-新莊,2023-06-14,8886
2705,六福,55,25,30,國泰-新莊,2023-06-14,8886
2537,聯上發,28,0,28,國泰-新莊,2023-06-14,8886
6116,彩晶,34,6,28,國泰-新莊,2023-06-14,8886
2645,長榮航太,29,1,28,國泰-新莊,2023-06-14,8886
00706L,期元大S＆P日圓正2,26,0,26,國泰-新莊,2023-06-14,8886
5340,建榮,31,5,26,國泰-新莊,2023-06-14,8886
6016,康和證,29,4,25,國泰-新莊,2023-06-14,8886
3038,全台,27,3,24,國泰-新莊,2023-06-14,8886
2301,光寶科,30,6,24,國泰-新莊,2023-06-14,8886
2208,台船,30,7,23,國泰-新莊,2023-06-14,8886
2382,廣達,59,37,22,國泰-新莊,2023-06-14,8886
1905,華紙,30,7,23,國泰-新莊,2023-06-14,8886
2352,佳世達,32,10,22,國泰-新莊,2023-06-14,8886
6443,元晶,36,15,21,國泰-新莊,2023-06-14,8886
00751B,元大AAA至A公司債,20,0,20,國泰-新莊,2023-06-14,8886
2601,益航,20,0,20,國泰-新莊,2023-06-14,8886
1810,和成,22,2,20,國泰-新莊,2023-06-14,8886
4974,亞泰,20,0,20,國泰-新莊,2023-06-14,8886
00795B,中信美國公債20年,21,1,20,國泰-新莊,2023-06-14,8886
2353,宏��,30,10,20,國泰-新莊,2023-06-14,8886
00882,中信中國高股息,22,2,20,國泰-新莊,2023-06-14,8886
2482,連宇,86,67,19,國泰-新莊,2023-06-14,8886
2344,華邦電,54,36,18,國泰-新莊,2023-06-14,8886
3325,旭品,28,10,18,國泰-新莊,2023-06-14,8886
00642U,期元大S＆P石油,28,10,18,國泰-新莊,2023-06-14,8886
5439,高技,24,6,18,國泰-新莊,2023-06-14,8886
1218,泰山,19,3,16,國泰-新莊,2023-06-14,8886
2618,長榮航,1102,563,539,國泰-新莊,2023-06-15,8886
00919,群益台灣精選高息,422,5,417,國泰-新莊,2023-06-15,8886
1460,宏遠,260,0,260,國泰-新莊,2023-06-15,8886
00715L,期街口布蘭特正2,265,15,250,國泰-新莊,2023-06-15,8886
5512,力麒,181,0,181,國泰-新莊,2023-06-15,8886
00751B,元大AAA至A公司債,184,12,172,國泰-新莊,2023-06-15,8886
2537,聯上發,143,0,143,國泰-新莊,2023-06-15,8886
00712,復華富時不動產,266,132,134,國泰-新莊,2023-06-15,8886
3576,聯合再生,82,1,81,國泰-新莊,2023-06-15,8886
2323,中環,115,43,72,國泰-新莊,2023-06-15,8886
00632R,元大台灣50反1,129,57,72,國泰-新莊,2023-06-15,8886
00706L,期元大S＆P日圓正2,68,0,68,國泰-新莊,2023-06-15,8886
2332,友訊,95,27,68,國泰-新莊,2023-06-15,8886
3231,緯創,460,404,56,國泰-新莊,2023-06-15,8886
00679B,元大美債20年,60,4,56,國泰-新莊,2023-06-15,8886
2317,鴻海,62,8,54,國泰-新莊,2023-06-15,8886
1609,大亞,131,92,39,國泰-新莊,2023-06-15,8886
2468,華經,65,28,37,國泰-新莊,2023-06-15,8886
4967,十銓,56,20,36,國泰-新莊,2023-06-15,8886
2453,凌群,85,50,35,國泰-新莊,2023-06-15,8886
2401,凌陽,97,63,34,國泰-新莊,2023-06-15,8886
4155,訊映,30,0,30,國泰-新莊,2023-06-15,8886
00720B,元大投資級公司債,31,2,29,國泰-新莊,2023-06-15,8886
3541,西柏,29,0,29,國泰-新莊,2023-06-15,8886
3481,群創,366,339,27,國泰-新莊,2023-06-15,8886
6282,康舒,115,89,26,國泰-新莊,2023-06-15,8886
5484,慧友,25,0,25,國泰-新莊,2023-06-15,8886
2515,中工,77,53,24,國泰-新莊,2023-06-15,8886
2883,凱基金,31,8,23,國泰-新莊,2023-06-15,8886
00642U,期元大S＆P石油,25,2,23,國泰-新莊,2023-06-15,8886
2421,建準,58,35,23,國泰-新莊,2023-06-15,8886
3035,智原,46,24,22,國泰-新莊,2023-06-15,8886
3356,奇偶,54,33,21,國泰-新莊,2023-06-15,8886
2352,佳世達,31,10,21,國泰-新莊,2023-06-15,8886
00895,富邦未來車,22,1,21,國泰-新莊,2023-06-15,8886
3034,聯詠,22,1,21,國泰-新莊,2023-06-15,8886
00927,群益半導體收益,21,1,20,國泰-新莊,2023-06-15,8886
6505,台塑化,20,0,20,國泰-新莊,2023-06-15,8886
4533,協易機,37,19,18,國泰-新莊,2023-06-15,8886
4979,華星光,41,23,18,國泰-新莊,2023-06-15,8886
2457,飛宏,31,13,18,國泰-新莊,2023-06-15,8886
00687B,國泰20年美債,26,10,16,國泰-新莊,2023-06-15,8886
3374,精材,25,8,17,國泰-新莊,2023-06-15,8886
8076,伍豐,63,47,16,國泰-新莊,2023-06-15,8886
5206,坤悅,15,0,15,國泰-新莊,2023-06-15,8886
2539,櫻花建,20,5,15,國泰-新莊,2023-06-15,8886
2882,國泰金,26,12,14,國泰-新莊,2023-06-15,8886
6104,創惟,13,0,13,國泰-新莊,2023-06-15,8886
4190,佐登-KY,13,0,13,國泰-新莊,2023-06-15,8886
1904,正隆,22,10,12,國泰-新莊,2023-06-15,8886
00632R,元大台灣50反1,727,101,626,國泰-新莊,2023-06-16,8886
00919,群益台灣精選高息,242,10,232,國泰-新莊,2023-06-16,8886
00712,復華富時不動產,218,16,202,國泰-新莊,2023-06-16,8886
2610,華航,978,834,144,國泰-新莊,2023-06-16,8886
4155,訊映,130,0,130,國泰-新莊,2023-06-16,8886
2356,英業達,369,285,84,國泰-新莊,2023-06-16,8886
3013,晟銘電,97,16,81,國泰-新莊,2023-06-16,8886
00665L,富邦�琤肭磪囓�2,103,27,76,國泰-新莊,2023-06-16,8886
1609,大亞,241,172,69,國泰-新莊,2023-06-16,8886
2845,遠東銀,68,0,68,國泰-新莊,2023-06-16,8886
6282,康舒,112,46,66,國泰-新莊,2023-06-16,8886
2812,台中銀,64,0,64,國泰-新莊,2023-06-16,8886
2888,新光金,99,37,62,國泰-新莊,2023-06-16,8886
3058,立德,65,5,60,國泰-新莊,2023-06-16,8886
1477,聚陽,66,7,59,國泰-新莊,2023-06-16,8886
2371,大同,233,175,58,國泰-新莊,2023-06-16,8886
2882,國泰金,63,6,57,國泰-新莊,2023-06-16,8886
8050,廣積,58,5,53,國泰-新莊,2023-06-16,8886
5324,士開,50,0,50,國泰-新莊,2023-06-16,8886
2601,益航,49,2,47,國泰-新莊,2023-06-16,8886
00713,元大台灣高息低波,60,13,47,國泰-新莊,2023-06-16,8886
1460,宏遠,43,0,43,國泰-新莊,2023-06-16,8886
2913,農林,52,12,40,國泰-新莊,2023-06-16,8886
020022,元大電動車N,40,0,40,國泰-新莊,2023-06-16,8886
2331,精英,40,2,38,國泰-新莊,2023-06-16,8886
1605,華新,162,126,36,國泰-新莊,2023-06-16,8886
5425,台半,42,8,34,國泰-新莊,2023-06-16,8886
3706,神達,166,134,32,國泰-新莊,2023-06-16,8886
00688L,國泰20年美債正2,45,15,30,國泰-新莊,2023-06-16,8886
2834,臺企銀,41,12,29,國泰-新莊,2023-06-16,8886
4566,時碩工業,31,3,28,國泰-新莊,2023-06-16,8886
5426,振發,43,16,27,國泰-新莊,2023-06-16,8886
00687B,國泰20年美債,35,10,25,國泰-新莊,2023-06-16,8886
2489,瑞軒,65,41,24,國泰-新莊,2023-06-16,8886
2201,裕隆,29,7,22,國泰-新莊,2023-06-16,8886
2385,群光,23,2,21,國泰-新莊,2023-06-16,8886
2312,金寶,68,47,21,國泰-新莊,2023-06-16,8886
3260,威剛,53,32,21,國泰-新莊,2023-06-16,8886
4974,亞泰,20,0,20,國泰-新莊,2023-06-16,8886
6276,安鈦克,44,24,20,國泰-新莊,2023-06-16,8886
2027,大成鋼,25,5,20,國泰-新莊,2023-06-16,8886
3450,聯鈞,20,0,20,國泰-新莊,2023-06-16,8886
8105,凌巨,20,0,20,國泰-新莊,2023-06-16,8886
00673R,期元大S＆P原油反1,20,0,20,國泰-新莊,2023-06-16,8886
3071,協禧,23,3,20,國泰-新莊,2023-06-16,8886
3022,威強電,21,2,19,國泰-新莊,2023-06-16,8886
1710,東聯,23,4,19,國泰-新莊,2023-06-16,8886
2211,長榮鋼,20,2,18,國泰-新莊,2023-06-16,8886
2317,鴻海,28,10,18,國泰-新莊,2023-06-16,8886
9902,台火,18,0,18,國泰-新莊,2023-06-16,8886
00712,復華富時不動產,436,167,269,國泰-新莊,2023-06-19,8886
00720B,元大投資級公司債,199,14,185,國泰-新莊,2023-06-19,8886
2323,中環,191,51,140,國泰-新莊,2023-06-19,8886
2312,金寶,150,42,108,國泰-新莊,2023-06-19,8886
3058,立德,87,2,85,國泰-新莊,2023-06-19,8886
00688L,國泰20年美債正2,86,4,82,國泰-新莊,2023-06-19,8886
2610,華航,391,313,78,國泰-新莊,2023-06-19,8886
6282,康舒,104,28,76,國泰-新莊,2023-06-19,8886
2812,台中銀,67,0,67,國泰-新莊,2023-06-19,8886
00929,復華台灣科技優息,65,0,65,國泰-新莊,2023-06-19,8886
6116,彩晶,167,102,65,國泰-新莊,2023-06-19,8886
00665L,富邦�琤肭磪囓�2,65,1,64,國泰-新莊,2023-06-19,8886
4155,訊映,60,0,60,國泰-新莊,2023-06-19,8886
1442,名軒,60,0,60,國泰-新莊,2023-06-19,8886
2605,新興,53,0,53,國泰-新莊,2023-06-19,8886
6120,達運,195,142,53,國泰-新莊,2023-06-19,8886
2301,光寶科,107,55,52,國泰-新莊,2023-06-19,8886
5388,中磊,50,1,49,國泰-新莊,2023-06-19,8886
6139,亞翔,47,0,47,國泰-新莊,2023-06-19,8886
3056,富華新,45,0,45,國泰-新莊,2023-06-19,8886
6443,元晶,49,5,44,國泰-新莊,2023-06-19,8886
2324,仁寶,63,22,41,國泰-新莊,2023-06-19,8886
00753L,中信中國50正2,99,60,39,國泰-新莊,2023-06-19,8886
2353,宏��,57,18,39,國泰-新莊,2023-06-19,8886
2609,陽明,68,30,38,國泰-新莊,2023-06-19,8886
3231,緯創,158,122,36,國泰-新莊,2023-06-19,8886
00706L,期元大S＆P日圓正2,35,0,35,國泰-新莊,2023-06-19,8886
2706,第一店,36,2,34,國泰-新莊,2023-06-19,8886
2883,凱基金,39,8,31,國泰-新莊,2023-06-19,8886
2014,中鴻,33,3,30,國泰-新莊,2023-06-19,8886
00679B,元大美債20年,33,6,27,國泰-新莊,2023-06-19,8886
2882,國泰金,31,5,26,國泰-新莊,2023-06-19,8886
6235,華孚,100,74,26,國泰-新莊,2023-06-19,8886
006208,富邦台50,32,7,25,國泰-新莊,2023-06-19,8886
2603,長榮,50,25,25,國泰-新莊,2023-06-19,8886
4979,華星光,55,30,25,國泰-新莊,2023-06-19,8886
4973,廣穎,47,24,23,國泰-新莊,2023-06-19,8886
2705,六福,43,20,23,國泰-新莊,2023-06-19,8886
00795B,中信美國公債20年,23,0,23,國泰-新莊,2023-06-19,8886
00680L,元大美債20正2,23,0,23,國泰-新莊,2023-06-19,8886
1528,恩德,70,47,23,國泰-新莊,2023-06-19,8886
2303,聯電,43,21,22,國泰-新莊,2023-06-19,8886
1609,大亞,45,23,22,國泰-新莊,2023-06-19,8886
2365,昆盈,21,0,21,國泰-新莊,2023-06-19,8886
3260,威剛,33,13,20,國泰-新莊,2023-06-19,8886
1802,台玻,42,22,20,國泰-新莊,2023-06-19,8886
5484,慧友,20,0,20,國泰-新莊,2023-06-19,8886
4938,和碩,25,5,20,國泰-新莊,2023-06-19,8886
1513,中興電,163,143,20,國泰-新莊,2023-06-19,8886
6770,力積電,23,4,19,國泰-新莊,2023-06-19,8886
4155,訊映,411,3,408,國泰-新莊,2023-06-20,8886
00772B,中信高評級公司債,313,21,292,國泰-新莊,2023-06-20,8886
00712,復華富時不動產,223,6,217,國泰-新莊,2023-06-20,8886
3481,群創,762,561,201,國泰-新莊,2023-06-20,8886
6116,彩晶,212,70,142,國泰-新莊,2023-06-20,8886
2610,華航,300,182,118,國泰-新莊,2023-06-20,8886
00878,國泰永續高股息,278,168,110,國泰-新莊,2023-06-20,8886
5388,中磊,102,1,101,國泰-新莊,2023-06-20,8886
00720B,元大投資級公司債,105,9,96,國泰-新莊,2023-06-20,8886
2409,友達,128,42,86,國泰-新莊,2023-06-20,8886
00751B,元大AAA至A公司債,80,13,67,國泰-新莊,2023-06-20,8886
00706L,期元大S＆P日圓正2,67,0,67,國泰-新莊,2023-06-20,8886
2323,中環,191,128,63,國泰-新莊,2023-06-20,8886
1460,宏遠,52,0,52,國泰-新莊,2023-06-20,8886
2634,漢翔,218,169,49,國泰-新莊,2023-06-20,8886
3071,協禧,55,10,45,國泰-新莊,2023-06-20,8886
00680L,元大美債20正2,43,0,43,國泰-新莊,2023-06-20,8886
2337,旺宏,49,8,41,國泰-新莊,2023-06-20,8886
2356,英業達,137,99,38,國泰-新莊,2023-06-20,8886
8033,雷虎,40,5,35,國泰-新莊,2023-06-20,8886
2892,第一金,36,2,34,國泰-新莊,2023-06-20,8886
00725B,國泰投資級公司債,33,0,33,國泰-新莊,2023-06-20,8886
00713,元大台灣高息低波,46,14,32,國泰-新莊,2023-06-20,8886
00929,復華台灣科技優息,32,1,31,國泰-新莊,2023-06-20,8886
8222,寶一,50,19,31,國泰-新莊,2023-06-20,8886
2454,聯發科,36,7,29,國泰-新莊,2023-06-20,8886
1519,華城,71,43,28,國泰-新莊,2023-06-20,8886
1802,台玻,34,8,26,國泰-新莊,2023-06-20,8886
00687B,國泰20年美債,40,15,25,國泰-新莊,2023-06-20,8886
0056,元大高股息,68,44,24,國泰-新莊,2023-06-20,8886
2312,金寶,44,20,24,國泰-新莊,2023-06-20,8886
1442,名軒,23,0,23,國泰-新莊,2023-06-20,8886
1605,華新,38,15,23,國泰-新莊,2023-06-20,8886
3576,聯合再生,30,8,22,國泰-新莊,2023-06-20,8886
00675L,富邦臺灣加權正2,22,0,22,國泰-新莊,2023-06-20,8886
2302,麗正,22,0,22,國泰-新莊,2023-06-20,8886
2317,鴻海,31,9,22,國泰-新莊,2023-06-20,8886
00679B,元大美債20年,25,4,21,國泰-新莊,2023-06-20,8886
2382,廣達,38,17,21,國泰-新莊,2023-06-20,8886
2845,遠東銀,20,0,20,國泰-新莊,2023-06-20,8886
2427,三商電,51,32,19,國泰-新莊,2023-06-20,8886
2468,華經,53,34,19,國泰-新莊,2023-06-20,8886
00753L,中信中國50正2,49,30,19,國泰-新莊,2023-06-20,8886
5410,國眾,18,0,18,國泰-新莊,2023-06-20,8886
1471,首利,19,1,18,國泰-新莊,2023-06-20,8886
3024,憶聲,32,14,18,國泰-新莊,2023-06-20,8886
6111,大宇資,64,46,18,國泰-新莊,2023-06-20,8886
1101,台泥,19,2,17,國泰-新莊,2023-06-20,8886
2609,陽明,28,12,16,國泰-新莊,2023-06-20,8886
6217,中探針,80,65,15,國泰-新莊,2023-06-20,8886
4155,訊映,111,5,106,國泰-新莊,2023-06-21,8886
2634,漢翔,269,164,105,國泰-新莊,2023-06-21,8886
4916,事欣科,234,133,101,國泰-新莊,2023-06-21,8886
6266,泰詠,85,1,84,國泰-新莊,2023-06-21,8886
00665L,富邦�琤肭磪囓�2,79,0,79,國泰-新莊,2023-06-21,8886
00673R,期元大S＆P原油反1,80,2,78,國泰-新莊,2023-06-21,8886
2881,富邦金,82,10,72,國泰-新莊,2023-06-21,8886
00772B,中信高評級公司債,96,25,71,國泰-新莊,2023-06-21,8886
00882,中信中國高股息,65,2,63,國泰-新莊,2023-06-21,8886
00919,群益台灣精選高息,65,4,61,國泰-新莊,2023-06-21,8886
00753L,中信中國50正2,125,65,60,國泰-新莊,2023-06-21,8886
2352,佳世達,67,9,58,國泰-新莊,2023-06-21,8886
00706L,期元大S＆P日圓正2,50,0,50,國泰-新莊,2023-06-21,8886
2027,大成鋼,50,0,50,國泰-新莊,2023-06-21,8886
00713,元大台灣高息低波,64,20,44,國泰-新莊,2023-06-21,8886
0056,元大高股息,86,42,44,國泰-新莊,2023-06-21,8886
6120,達運,456,419,37,國泰-新莊,2023-06-21,8886
4747,強生,38,3,35,國泰-新莊,2023-06-21,8886
1905,華紙,152,118,34,國泰-新莊,2023-06-21,8886
3687,歐買尬,41,9,32,國泰-新莊,2023-06-21,8886
2889,國票金,29,1,28,國泰-新莊,2023-06-21,8886
2892,第一金,30,2,28,國泰-新莊,2023-06-21,8886
2408,南亞科,36,8,28,國泰-新莊,2023-06-21,8886
006208,富邦台50,33,6,27,國泰-新莊,2023-06-21,8886
2537,聯上發,25,0,25,國泰-新莊,2023-06-21,8886
2104,國際中橡,26,1,25,國泰-新莊,2023-06-21,8886
2438,翔耀,25,0,25,國泰-新莊,2023-06-21,8886
2603,長榮,54,30,24,國泰-新莊,2023-06-21,8886
2705,六福,390,367,23,國泰-新莊,2023-06-21,8886
2349,錸德,23,0,23,國泰-新莊,2023-06-21,8886
1612,宏泰,22,1,21,國泰-新莊,2023-06-21,8886
00885,富邦越南,23,3,20,國泰-新莊,2023-06-21,8886
2404,漢唐,22,2,20,國泰-新莊,2023-06-21,8886
8358,金居,74,55,19,國泰-新莊,2023-06-21,8886
5484,慧友,30,11,19,國泰-新莊,2023-06-21,8886
2609,陽明,50,32,18,國泰-新莊,2023-06-21,8886
2337,旺宏,25,6,19,國泰-新莊,2023-06-21,8886
3481,群創,188,170,18,國泰-新莊,2023-06-21,8886
2317,鴻海,45,27,18,國泰-新莊,2023-06-21,8886
3264,欣銓,17,0,17,國泰-新莊,2023-06-21,8886
1605,華新,35,19,16,國泰-新莊,2023-06-21,8886
8033,雷虎,35,19,16,國泰-新莊,2023-06-21,8886
2017,官田鋼,26,10,16,國泰-新莊,2023-06-21,8886
5706,鳳凰,54,38,16,國泰-新莊,2023-06-21,8886
3325,旭品,55,39,16,國泰-新莊,2023-06-21,8886
2399,映泰,33,18,15,國泰-新莊,2023-06-21,8886
3252,海灣,47,32,15,國泰-新莊,2023-06-21,8886
3712,永崴投控,15,0,15,國泰-新莊,2023-06-21,8886
4106,雃博,15,0,15,國泰-新莊,2023-06-21,8886
00783,富邦中証500,15,0,15,國泰-新莊,2023-06-21,8886
00715L,期街口布蘭特正2,411,2,409,國泰-新莊,2023-06-26,8886
1612,宏泰,145,0,145,國泰-新莊,2023-06-26,8886
6282,康舒,170,32,138,國泰-新莊,2023-06-26,8886
00637L,元大滬深300正2,139,7,132,國泰-新莊,2023-06-26,8886
6266,泰詠,114,2,112,國泰-新莊,2023-06-26,8886
2345,智邦,111,2,109,國泰-新莊,2023-06-26,8886
4155,訊映,105,0,105,國泰-新莊,2023-06-26,8886
3434,哲固,94,0,94,國泰-新莊,2023-06-26,8886
00882,中信中國高股息,82,10,72,國泰-新莊,2023-06-26,8886
3231,緯創,252,188,64,國泰-新莊,2023-06-26,8886
00772B,中信高評級公司債,55,0,55,國泰-新莊,2023-06-26,8886
3071,協禧,54,2,52,國泰-新莊,2023-06-26,8886
2382,廣達,71,19,52,國泰-新莊,2023-06-26,8886
3481,群創,413,362,51,國泰-新莊,2023-06-26,8886
2027,大成鋼,52,2,50,國泰-新莊,2023-06-26,8886
3013,晟銘電,58,9,49,國泰-新莊,2023-06-26,8886
3035,智原,70,22,48,國泰-新莊,2023-06-26,8886
6770,力積電,46,4,42,國泰-新莊,2023-06-26,8886
6148,驊宏資,61,19,42,國泰-新莊,2023-06-26,8886
00688L,國泰20年美債正2,40,0,40,國泰-新莊,2023-06-26,8886
1471,首利,44,5,39,國泰-新莊,2023-06-26,8886
3055,蔚華科,37,0,37,國泰-新莊,2023-06-26,8886
6120,達運,162,126,36,國泰-新莊,2023-06-26,8886
1905,華紙,161,125,36,國泰-新莊,2023-06-26,8886
1802,台玻,90,55,35,國泰-新莊,2023-06-26,8886
1504,東元,48,13,35,國泰-新莊,2023-06-26,8886
6125,廣運,194,161,33,國泰-新莊,2023-06-26,8886
9945,潤泰新,33,0,33,國泰-新莊,2023-06-26,8886
00706L,期元大S＆P日圓正2,31,0,31,國泰-新莊,2023-06-26,8886
00633L,富邦上証正2,31,0,31,國泰-新莊,2023-06-26,8886
00665L,富邦�琤肭磪囓�2,33,4,29,國泰-新莊,2023-06-26,8886
00713,元大台灣高息低波,30,2,28,國泰-新莊,2023-06-26,8886
00895,富邦未來車,35,7,28,國泰-新莊,2023-06-26,8886
8112,至上,33,5,28,國泰-新莊,2023-06-26,8886
2748,雲品,47,20,27,國泰-新莊,2023-06-26,8886
2882,國泰金,27,1,26,國泰-新莊,2023-06-26,8886
4414,如興,46,20,26,國泰-新莊,2023-06-26,8886
2312,金寶,30,5,25,國泰-新莊,2023-06-26,8886
5607,遠雄港,25,0,25,國泰-新莊,2023-06-26,8886
00902,中信電池及儲能,50,26,24,國泰-新莊,2023-06-26,8886
2404,漢唐,24,0,24,國泰-新莊,2023-06-26,8886
1603,華電,23,0,23,國泰-新莊,2023-06-26,8886
6244,茂迪,26,4,22,國泰-新莊,2023-06-26,8886
2413,環科,22,0,22,國泰-新莊,2023-06-26,8886
1477,聚陽,42,20,22,國泰-新莊,2023-06-26,8886
6026,福邦證,21,0,21,國泰-新莊,2023-06-26,8886
2453,凌群,20,0,20,國泰-新莊,2023-06-26,8886
2017,官田鋼,30,10,20,國泰-新莊,2023-06-26,8886
2537,聯上發,20,0,20,國泰-新莊,2023-06-26,8886
2915,潤泰全,21,1,20,國泰-新莊,2023-06-26,8886
00885,富邦越南,213,11,202,國泰-新莊,2023-06-27,8886
2303,聯電,228,60,168,國泰-新莊,2023-06-27,8886
2610,華航,405,274,131,國泰-新莊,2023-06-27,8886
2340,台亞,158,46,112,國泰-新莊,2023-06-27,8886
2888,新光金,131,41,90,國泰-新莊,2023-06-27,8886
00878,國泰永續高股息,477,389,88,國泰-新莊,2023-06-27,8886
1605,華新,118,46,72,國泰-新莊,2023-06-27,8886
6285,啟��,72,7,65,國泰-新莊,2023-06-27,8886
00923,群益台ESG低碳50,76,13,63,國泰-新莊,2023-06-27,8886
3231,緯創,293,237,56,國泰-新莊,2023-06-27,8886
1785,光洋科,66,11,55,國泰-新莊,2023-06-27,8886
2331,精英,71,18,53,國泰-新莊,2023-06-27,8886
2345,智邦,50,3,47,國泰-新莊,2023-06-27,8886
00706L,期元大S＆P日圓正2,46,0,46,國泰-新莊,2023-06-27,8886
00919,群益台灣精選高息,49,4,45,國泰-新莊,2023-06-27,8886
2409,友達,88,43,45,國泰-新莊,2023-06-27,8886
00929,復華台灣科技優息,52,9,43,國泰-新莊,2023-06-27,8886
8926,台汽電,44,1,43,國泰-新莊,2023-06-27,8886
2618,長榮航,325,283,42,國泰-新莊,2023-06-27,8886
1513,中興電,143,102,41,國泰-新莊,2023-06-27,8886
3706,神達,64,24,40,國泰-新莊,2023-06-27,8886
1905,華紙,94,56,38,國泰-新莊,2023-06-27,8886
4155,訊映,44,6,38,國泰-新莊,2023-06-27,8886
2014,中鴻,62,24,38,國泰-新莊,2023-06-27,8886
2457,飛宏,88,50,38,國泰-新莊,2023-06-27,8886
6116,彩晶,62,26,36,國泰-新莊,2023-06-27,8886
2208,台船,35,0,35,國泰-新莊,2023-06-27,8886
3038,全台,139,105,34,國泰-新莊,2023-06-27,8886
00632R,元大台灣50反1,198,164,34,國泰-新莊,2023-06-27,8886
00713,元大台灣高息低波,38,6,32,國泰-新莊,2023-06-27,8886
1907,永豐餘,54,23,31,國泰-新莊,2023-06-27,8886
2705,六福,64,35,29,國泰-新莊,2023-06-27,8886
00772B,中信高評級公司債,39,10,29,國泰-新莊,2023-06-27,8886
00712,復華富時不動產,52,24,28,國泰-新莊,2023-06-27,8886
00902,中信電池及儲能,33,6,27,國泰-新莊,2023-06-27,8886
2356,英業達,75,49,26,國泰-新莊,2023-06-27,8886
4912,聯德控股-KY,25,0,25,國泰-新莊,2023-06-27,8886
2332,友訊,39,17,22,國泰-新莊,2023-06-27,8886
1471,首利,72,50,22,國泰-新莊,2023-06-27,8886
2371,大同,83,61,22,國泰-新莊,2023-06-27,8886
2201,裕隆,25,4,21,國泰-新莊,2023-06-27,8886
1442,名軒,21,0,21,國泰-新莊,2023-06-27,8886
2883,凱基金,28,7,21,國泰-新莊,2023-06-27,8886
2412,中華電,21,0,21,國泰-新莊,2023-06-27,8886
1416,廣豐,20,0,20,國泰-新莊,2023-06-27,8886
1528,恩德,20,0,20,國泰-新莊,2023-06-27,8886
3305,昇貿,20,0,20,國泰-新莊,2023-06-27,8886
4538,大詠城,20,0,20,國泰-新莊,2023-06-27,8886
2353,宏��,50,30,20,國泰-新莊,2023-06-27,8886
2344,華邦電,55,37,18,國泰-新莊,2023-06-27,8886
00715L,期街口布蘭特正2,524,56,468,國泰-新莊,2023-06-28,8886
4155,訊映,412,13,399,國泰-新莊,2023-06-28,8886
2323,中環,348,85,263,國泰-新莊,2023-06-28,8886
6148,驊宏資,162,17,145,國泰-新莊,2023-06-28,8886
00665L,富邦�琤肭磪囓�2,114,13,101,國泰-新莊,2023-06-28,8886
2906,高林,126,27,99,國泰-新莊,2023-06-28,8886
1605,華新,204,127,77,國泰-新莊,2023-06-28,8886
2888,新光金,97,22,75,國泰-新莊,2023-06-28,8886
00706L,期元大S＆P日圓正2,61,0,61,國泰-新莊,2023-06-28,8886
2882,國泰金,52,3,49,國泰-新莊,2023-06-28,8886
3231,緯創,281,240,41,國泰-新莊,2023-06-28,8886
1101,台泥,36,1,35,國泰-新莊,2023-06-28,8886
2603,長榮,71,40,31,國泰-新莊,2023-06-28,8886
2104,國際中橡,30,0,30,國泰-新莊,2023-06-28,8886
4538,大詠城,30,0,30,國泰-新莊,2023-06-28,8886
2915,潤泰全,30,0,30,國泰-新莊,2023-06-28,8886
00720B,元大投資級公司債,29,0,29,國泰-新莊,2023-06-28,8886
1909,榮成,27,0,27,國泰-新莊,2023-06-28,8886
00642U,期元大S＆P石油,26,0,26,國泰-新莊,2023-06-28,8886
4121,優盛,91,65,26,國泰-新莊,2023-06-28,8886
00921,兆豐龍頭等權重,22,0,22,國泰-新莊,2023-06-28,8886
6116,彩晶,23,1,22,國泰-新莊,2023-06-28,8886
8936,國統,24,2,22,國泰-新莊,2023-06-28,8886
6505,台塑化,23,2,21,國泰-新莊,2023-06-28,8886
3325,旭品,32,11,21,國泰-新莊,2023-06-28,8886
2303,聯電,42,21,21,國泰-新莊,2023-06-28,8886
3027,盛達,23,3,20,國泰-新莊,2023-06-28,8886
3380,明泰,23,3,20,國泰-新莊,2023-06-28,8886
1907,永豐餘,20,1,19,國泰-新莊,2023-06-28,8886
1905,華紙,37,18,19,國泰-新莊,2023-06-28,8886
00900,富邦特選高股息30,29,11,18,國泰-新莊,2023-06-28,8886
00679B,元大美債20年,25,7,18,國泰-新莊,2023-06-28,8886
6182,合晶,21,4,17,國泰-新莊,2023-06-28,8886
6285,啟��,43,26,17,國泰-新莊,2023-06-28,8886
00885,富邦越南,37,21,16,國泰-新莊,2023-06-28,8886
6111,大宇資,53,37,16,國泰-新莊,2023-06-28,8886
2412,中華電,15,0,15,國泰-新莊,2023-06-28,8886
0056,元大高股息,75,60,15,國泰-新莊,2023-06-28,8886
2014,中鴻,32,17,15,國泰-新莊,2023-06-28,8886
5469,瀚宇博,26,11,15,國泰-新莊,2023-06-28,8886
1721,三晃,15,0,15,國泰-新莊,2023-06-28,8886
3264,欣銓,23,8,15,國泰-新莊,2023-06-28,8886
2883,凱基金,21,7,14,國泰-新莊,2023-06-28,8886
1229,聯華,15,1,14,國泰-新莊,2023-06-28,8886
6244,茂迪,28,14,14,國泰-新莊,2023-06-28,8886
1467,南緯,20,6,14,國泰-新莊,2023-06-28,8886
2376,技嘉,29,17,12,國泰-新莊,2023-06-28,8886
2892,第一金,13,0,13,國泰-新莊,2023-06-28,8886
1444,力麗,18,6,12,國泰-新莊,2023-06-28,8886
2401,凌陽,12,0,12,國泰-新莊,2023-06-28,8886
00753L,中信中國50正2,223,4,219,國泰-新莊,2023-06-29,8886
2884,玉山金,141,0,141,國泰-新莊,2023-06-29,8886
2618,長榮航,258,118,140,國泰-新莊,2023-06-29,8886
1605,華新,135,34,101,國泰-新莊,2023-06-29,8886
4155,訊映,124,46,78,國泰-新莊,2023-06-29,8886
4414,如興,90,17,73,國泰-新莊,2023-06-29,8886
00929,復華台灣科技優息,70,0,70,國泰-新莊,2023-06-29,8886
2610,華航,193,125,68,國泰-新莊,2023-06-29,8886
00665L,富邦�琤肭磪囓�2,63,10,53,國泰-新莊,2023-06-29,8886
2317,鴻海,83,32,51,國泰-新莊,2023-06-29,8886
2344,華邦電,115,74,41,國泰-新莊,2023-06-29,8886
2331,精英,64,24,40,國泰-新莊,2023-06-29,8886
1909,榮成,66,26,40,國泰-新莊,2023-06-29,8886
2303,聯電,86,46,40,國泰-新莊,2023-06-29,8886
00706L,期元大S＆P日圓正2,38,0,38,國泰-新莊,2023-06-29,8886
2206,三陽工業,50,15,35,國泰-新莊,2023-06-29,8886
2409,友達,40,6,34,國泰-新莊,2023-06-29,8886
6470,宇智,65,33,32,國泰-新莊,2023-06-29,8886
00902,中信電池及儲能,29,0,29,國泰-新莊,2023-06-29,8886
1522,堤維西,34,6,28,國泰-新莊,2023-06-29,8886
3481,群創,364,336,28,國泰-新莊,2023-06-29,8886
1504,東元,25,1,24,國泰-新莊,2023-06-29,8886
2489,瑞軒,28,5,23,國泰-新莊,2023-06-29,8886
2883,凱基金,22,0,22,國泰-新莊,2023-06-29,8886
00919,群益台灣精選高息,27,6,21,國泰-新莊,2023-06-29,8886
4979,華星光,117,96,21,國泰-新莊,2023-06-29,8886
8150,南茂,21,0,21,國泰-新莊,2023-06-29,8886
6148,驊宏資,22,2,20,國泰-新莊,2023-06-29,8886
1229,聯華,21,1,20,國泰-新莊,2023-06-29,8886
3694,海華,20,0,20,國泰-新莊,2023-06-29,8886
2419,仲琦,168,149,19,國泰-新莊,2023-06-29,8886
2412,中華電,21,2,19,國泰-新莊,2023-06-29,8886
3005,神基,38,19,19,國泰-新莊,2023-06-29,8886
6485,點序,25,7,18,國泰-新莊,2023-06-29,8886
3025,星通,36,18,18,國泰-新莊,2023-06-29,8886
2201,裕隆,29,12,17,國泰-新莊,2023-06-29,8886
4167,松瑞藥,21,5,16,國泰-新莊,2023-06-29,8886
6141,柏承,16,0,16,國泰-新莊,2023-06-29,8886
6191,精成科,31,16,15,國泰-新莊,2023-06-29,8886
2734,易飛網,16,1,15,國泰-新莊,2023-06-29,8886
4121,優盛,38,23,15,國泰-新莊,2023-06-29,8886
2371,大同,60,45,15,國泰-新莊,2023-06-29,8886
3706,神達,17,3,14,國泰-新莊,2023-06-29,8886
1528,恩德,21,7,14,國泰-新莊,2023-06-29,8886
5905,南仁湖,15,1,14,國泰-新莊,2023-06-29,8886
1467,南緯,15,2,13,國泰-新莊,2023-06-29,8886
2812,台中銀,13,0,13,國泰-新莊,2023-06-29,8886
3596,智易,19,6,13,國泰-新莊,2023-06-29,8886
2882,國泰金,12,0,12,國泰-新莊,2023-06-29,8886
6125,廣運,15,3,12,國泰-新莊,2023-06-29,8886
3694,海華,162,0,162,國泰-新莊,2023-06-30,8886
2603,長榮,183,53,130,國泰-新莊,2023-06-30,8886
3017,奇鋐,156,26,130,國泰-新莊,2023-06-30,8886
00688L,國泰20年美債正2,116,1,115,國泰-新莊,2023-06-30,8886
00679B,元大美債20年,110,6,104,國泰-新莊,2023-06-30,8886
00665L,富邦�琤肭磪囓�2,112,10,102,國泰-新莊,2023-06-30,8886
00632R,元大台灣50反1,95,4,91,國泰-新莊,2023-06-30,8886
2883,凱基金,70,5,65,國泰-新莊,2023-06-30,8886
00687B,國泰20年美債,65,3,62,國泰-新莊,2023-06-30,8886
1909,榮成,60,0,60,國泰-新莊,2023-06-30,8886
00673R,期元大S＆P原油反1,46,0,46,國泰-新莊,2023-06-30,8886
2399,映泰,71,26,45,國泰-新莊,2023-06-30,8886
8034,榮群,45,0,45,國泰-新莊,2023-06-30,8886
3024,憶聲,45,0,45,國泰-新莊,2023-06-30,8886
3481,群創,382,344,38,國泰-新莊,2023-06-30,8886
2882,國泰金,39,2,37,國泰-新莊,2023-06-30,8886
2618,長榮航,133,99,34,國泰-新莊,2023-06-30,8886
1905,華紙,36,3,33,國泰-新莊,2023-06-30,8886
00795B,中信美國公債20年,34,3,31,國泰-新莊,2023-06-30,8886
6589,台康生技,33,3,30,國泰-新莊,2023-06-30,8886
9958,世紀鋼,58,28,30,國泰-新莊,2023-06-30,8886
6116,彩晶,29,1,28,國泰-新莊,2023-06-30,8886
2356,英業達,65,37,28,國泰-新莊,2023-06-30,8886
00753L,中信中國50正2,56,29,27,國泰-新莊,2023-06-30,8886
2888,新光金,28,1,27,國泰-新莊,2023-06-30,8886
00680L,元大美債20正2,28,1,27,國泰-新莊,2023-06-30,8886
1514,亞力,55,30,25,國泰-新莊,2023-06-30,8886
2610,華航,125,101,24,國泰-新莊,2023-06-30,8886
4104,佳醫,25,2,23,國泰-新莊,2023-06-30,8886
4155,訊映,33,10,23,國泰-新莊,2023-06-30,8886
2353,宏��,24,2,22,國泰-新莊,2023-06-30,8886
00706L,期元大S＆P日圓正2,31,9,22,國泰-新莊,2023-06-30,8886
3034,聯詠,25,3,22,國泰-新莊,2023-06-30,8886
3045,台灣大,24,2,22,國泰-新莊,2023-06-30,8886
00674R,期元大S＆P黃金反1,20,0,20,國泰-新莊,2023-06-30,8886
2412,中華電,19,0,19,國泰-新莊,2023-06-30,8886
3011,今皓,18,0,18,國泰-新莊,2023-06-30,8886
3055,蔚華科,16,0,16,國泰-新莊,2023-06-30,8886
2405,輔信,16,1,15,國泰-新莊,2023-06-30,8886
6191,精成科,14,0,14,國泰-新莊,2023-06-30,8886
1904,正隆,15,1,14,國泰-新莊,2023-06-30,8886
00772B,中信高評級公司債,15,2,13,國泰-新莊,2023-06-30,8886
1301,台塑,23,10,13,國泰-新莊,2023-06-30,8886
3260,威剛,16,3,13,國泰-新莊,2023-06-30,8886
1618,合機,13,0,13,國泰-新莊,2023-06-30,8886
2409,友達,54,41,13,國泰-新莊,2023-06-30,8886
0050,元大台灣50,13,1,12,國泰-新莊,2023-06-30,8886
00850,元大臺灣ESG永續,12,0,12,國泰-新莊,2023-06-30,8886
8234,新漢,12,0,12,國泰-新莊,2023-06-30,8886
3207,耀勝,105,94,11,國泰-新莊,2023-06-30,8886
4155,訊映,544,34,510,國泰-新莊,2023-07-03,8886
3694,海華,212,0,212,國泰-新莊,2023-07-03,8886
2603,長榮,158,43,115,國泰-新莊,2023-07-03,8886
00712,復華富時不動產,118,20,98,國泰-新莊,2023-07-03,8886
4747,強生,92,0,92,國泰-新莊,2023-07-03,8886
2303,聯電,84,5,79,國泰-新莊,2023-07-03,8886
3231,緯創,307,236,71,國泰-新莊,2023-07-03,8886
00706L,期元大S＆P日圓正2,65,0,65,國泰-新莊,2023-07-03,8886
2352,佳世達,107,49,58,國泰-新莊,2023-07-03,8886
5469,瀚宇博,51,2,49,國泰-新莊,2023-07-03,8886
00673R,期元大S＆P原油反1,49,0,49,國泰-新莊,2023-07-03,8886
2208,台船,53,10,43,國泰-新莊,2023-07-03,8886
2615,萬海,95,56,39,國泰-新莊,2023-07-03,8886
2349,錸德,40,5,35,國泰-新莊,2023-07-03,8886
5521,工信,35,0,35,國泰-新莊,2023-07-03,8886
2382,廣達,70,36,34,國泰-新莊,2023-07-03,8886
3207,耀勝,69,36,33,國泰-新莊,2023-07-03,8886
1795,美時,48,16,32,國泰-新莊,2023-07-03,8886
2889,國票金,31,0,31,國泰-新莊,2023-07-03,8886
2402,毅嘉,74,44,30,國泰-新莊,2023-07-03,8886
1710,東聯,32,3,29,國泰-新莊,2023-07-03,8886
1528,恩德,65,40,25,國泰-新莊,2023-07-03,8886
4906,正文,55,30,25,國泰-新莊,2023-07-03,8886
2409,友達,30,6,24,國泰-新莊,2023-07-03,8886
2206,三陽工業,30,6,24,國泰-新莊,2023-07-03,8886
00632R,元大台灣50反1,193,169,24,國泰-新莊,2023-07-03,8886
8936,國統,34,11,23,國泰-新莊,2023-07-03,8886
2105,正新,24,1,23,國泰-新莊,2023-07-03,8886
3018,隆銘綠能,24,1,23,國泰-新莊,2023-07-03,8886
1217,愛之味,42,20,22,國泰-新莊,2023-07-03,8886
006208,富邦台50,31,10,21,國泰-新莊,2023-07-03,8886
00751B,元大AAA至A公司債,22,0,22,國泰-新莊,2023-07-03,8886
6274,台燿,23,2,21,國泰-新莊,2023-07-03,8886
00912,中信臺灣智慧50,21,0,21,國泰-新莊,2023-07-03,8886
00916,國泰全球品牌50,23,2,21,國泰-新莊,2023-07-03,8886
1308,亞聚,20,0,20,國泰-新莊,2023-07-03,8886
1305,華夏,20,0,20,國泰-新莊,2023-07-03,8886
1609,大亞,53,33,20,國泰-新莊,2023-07-03,8886
00679B,元大美債20年,32,12,20,國泰-新莊,2023-07-03,8886
2331,精英,65,46,19,國泰-新莊,2023-07-03,8886
3715,定穎投控,21,3,18,國泰-新莊,2023-07-03,8886
2241,艾姆勒,18,0,18,國泰-新莊,2023-07-03,8886
4916,事欣科,19,1,18,國泰-新莊,2023-07-03,8886
0056,元大高股息,68,50,18,國泰-新莊,2023-07-03,8886
00675L,富邦臺灣加權正2,31,14,17,國泰-新莊,2023-07-03,8886
2376,技嘉,54,38,16,國泰-新莊,2023-07-03,8886
2438,翔耀,21,5,16,國泰-新莊,2023-07-03,8886
6589,台康生技,16,0,16,國泰-新莊,2023-07-03,8886
6218,豪勉,18,2,16,國泰-新莊,2023-07-03,8886
2412,中華電,16,0,16,國泰-新莊,2023-07-03,8886
4155,訊映,987,21,966,國泰-新莊,2023-07-04,8886
3694,海華,299,1,298,國泰-新莊,2023-07-04,8886
2409,友達,268,22,246,國泰-新莊,2023-07-04,8886
00632R,元大台灣50反1,189,2,187,國泰-新莊,2023-07-04,8886
1905,華紙,231,106,125,國泰-新莊,2023-07-04,8886
2883,凱基金,110,10,100,國泰-新莊,2023-07-04,8886
5469,瀚宇博,102,16,86,國泰-新莊,2023-07-04,8886
2609,陽明,291,208,83,國泰-新莊,2023-07-04,8886
0056,元大高股息,204,122,82,國泰-新莊,2023-07-04,8886
2317,鴻海,92,25,67,國泰-新莊,2023-07-04,8886
5328,華容,60,0,60,國泰-新莊,2023-07-04,8886
2515,中工,74,19,55,國泰-新莊,2023-07-04,8886
2615,萬海,209,160,49,國泰-新莊,2023-07-04,8886
00679B,元大美債20年,46,0,46,國泰-新莊,2023-07-04,8886
2345,智邦,44,0,44,國泰-新莊,2023-07-04,8886
5426,振發,54,12,42,國泰-新莊,2023-07-04,8886
00929,復華台灣科技優息,77,36,41,國泰-新莊,2023-07-04,8886
4747,強生,40,0,40,國泰-新莊,2023-07-04,8886
1513,中興電,55,18,37,國泰-新莊,2023-07-04,8886
8215,明基材,41,5,36,國泰-新莊,2023-07-04,8886
1503,士電,40,6,34,國泰-新莊,2023-07-04,8886
4906,正文,63,30,33,國泰-新莊,2023-07-04,8886
2382,廣達,163,130,33,國泰-新莊,2023-07-04,8886
6122,擎邦,42,11,31,國泰-新莊,2023-07-04,8886
2329,華泰,68,37,31,國泰-新莊,2023-07-04,8886
2913,農林,37,7,30,國泰-新莊,2023-07-04,8886
1319,東陽,30,0,30,國泰-新莊,2023-07-04,8886
2888,新光金,62,33,29,國泰-新莊,2023-07-04,8886
6120,達運,39,13,26,國泰-新莊,2023-07-04,8886
1529,樂事綠能,35,9,26,國泰-新莊,2023-07-04,8886
4938,和碩,25,0,25,國泰-新莊,2023-07-04,8886
4979,華星光,100,75,25,國泰-新莊,2023-07-04,8886
4414,如興,25,0,25,國泰-新莊,2023-07-04,8886
00888,永豐台灣ESG,25,1,24,國泰-新莊,2023-07-04,8886
9958,世紀鋼,38,14,24,國泰-新莊,2023-07-04,8886
6125,廣運,28,5,23,國泰-新莊,2023-07-04,8886
00706L,期元大S＆P日圓正2,22,0,22,國泰-新莊,2023-07-04,8886
3025,星通,90,69,21,國泰-新莊,2023-07-04,8886
2419,仲琦,123,102,21,國泰-新莊,2023-07-04,8886
2645,長榮航太,24,3,21,國泰-新莊,2023-07-04,8886
6443,元晶,23,2,21,國泰-新莊,2023-07-04,8886
2301,光寶科,67,46,21,國泰-新莊,2023-07-04,8886
2347,聯強,20,0,20,國泰-新莊,2023-07-04,8886
1471,首利,20,0,20,國泰-新莊,2023-07-04,8886
00720B,元大投資級公司債,25,5,20,國泰-新莊,2023-07-04,8886
2408,南亞科,28,9,19,國泰-新莊,2023-07-04,8886
00895,富邦未來車,21,2,19,國泰-新莊,2023-07-04,8886
3434,哲固,18,0,18,國泰-新莊,2023-07-04,8886
6166,凌華,22,4,18,國泰-新莊,2023-07-04,8886
3090,日電貿,18,0,18,國泰-新莊,2023-07-04,8886
4155,訊映,1026,9,1017,國泰-新莊,2023-07-05,8886
00665L,富邦�琤肭磪囓�2,329,0,329,國泰-新莊,2023-07-05,8886
00929,復華台灣科技優息,168,4,164,國泰-新莊,2023-07-05,8886
00687B,國泰20年美債,148,0,148,國泰-新莊,2023-07-05,8886
2609,陽明,420,293,127,國泰-新莊,2023-07-05,8886
2618,長榮航,232,125,107,國泰-新莊,2023-07-05,8886
00720B,元大投資級公司債,107,2,105,國泰-新莊,2023-07-05,8886
1907,永豐餘,107,7,100,國泰-新莊,2023-07-05,8886
0056,元大高股息,178,91,87,國泰-新莊,2023-07-05,8886
2323,中環,140,56,84,國泰-新莊,2023-07-05,8886
00673R,期元大S＆P原油反1,83,0,83,國泰-新莊,2023-07-05,8886
2356,英業達,185,111,74,國泰-新莊,2023-07-05,8886
4414,如興,70,7,63,國泰-新莊,2023-07-05,8886
3231,緯創,172,116,56,國泰-新莊,2023-07-05,8886
00882,中信中國高股息,91,40,51,國泰-新莊,2023-07-05,8886
2317,鴻海,72,27,45,國泰-新莊,2023-07-05,8886
2427,三商電,77,33,44,國泰-新莊,2023-07-05,8886
3163,波若威,68,26,42,國泰-新莊,2023-07-05,8886
2208,台船,41,0,41,國泰-新莊,2023-07-05,8886
0050,元大台灣50,43,4,39,國泰-新莊,2023-07-05,8886
1460,宏遠,43,9,34,國泰-新莊,2023-07-05,8886
1584,精剛,52,18,34,國泰-新莊,2023-07-05,8886
3363,上詮,82,48,34,國泰-新莊,2023-07-05,8886
2369,菱生,67,36,31,國泰-新莊,2023-07-05,8886
2885,元大金,31,0,31,國泰-新莊,2023-07-05,8886
2883,凱基金,33,2,31,國泰-新莊,2023-07-05,8886
1909,榮成,30,0,30,國泰-新莊,2023-07-05,8886
1101,台泥,38,10,28,國泰-新莊,2023-07-05,8886
6196,帆宣,26,0,26,國泰-新莊,2023-07-05,8886
4543,萬在,45,21,24,國泰-新莊,2023-07-05,8886
4904,遠傳,23,0,23,國泰-新莊,2023-07-05,8886
2104,國際中橡,27,6,21,國泰-新莊,2023-07-05,8886
00888,永豐台灣ESG,25,5,20,國泰-新莊,2023-07-05,8886
2409,友達,32,12,20,國泰-新莊,2023-07-05,8886
4919,新唐,31,11,20,國泰-新莊,2023-07-05,8886
00688L,國泰20年美債正2,20,0,20,國泰-新莊,2023-07-05,8886
3357,臺慶科,31,11,20,國泰-新莊,2023-07-05,8886
3374,精材,35,16,19,國泰-新莊,2023-07-05,8886
5426,振發,21,3,18,國泰-新莊,2023-07-05,8886
4563,百德,19,1,18,國泰-新莊,2023-07-05,8886
6133,金橋,23,6,17,國泰-新莊,2023-07-05,8886
3032,偉訓,18,1,17,國泰-新莊,2023-07-05,8886
4979,華星光,53,37,16,國泰-新莊,2023-07-05,8886
1529,樂事綠能,22,6,16,國泰-新莊,2023-07-05,8886
00885,富邦越南,19,3,16,國泰-新莊,2023-07-05,8886
1524,耿鼎,16,0,16,國泰-新莊,2023-07-05,8886
6282,康舒,177,161,16,國泰-新莊,2023-07-05,8886
1301,台塑,15,0,15,國泰-新莊,2023-07-05,8886
2889,國票金,16,1,15,國泰-新莊,2023-07-05,8886
2303,聯電,20,5,15,國泰-新莊,2023-07-05,8886
00665L,富邦�琤肭磪囓�2,213,25,188,國泰-新莊,2023-07-06,8886
00680L,元大美債20正2,171,5,166,國泰-新莊,2023-07-06,8886
00753L,中信中國50正2,197,74,123,國泰-新莊,2023-07-06,8886
00671R,富邦NASDAQ反1,120,0,120,國泰-新莊,2023-07-06,8886
1905,華紙,142,23,119,國泰-新莊,2023-07-06,8886
00929,復華台灣科技優息,117,1,116,國泰-新莊,2023-07-06,8886
2883,凱基金,134,21,113,國泰-新莊,2023-07-06,8886
00664R,國泰臺灣加權反1,130,18,112,國泰-新莊,2023-07-06,8886
2609,陽明,213,102,111,國泰-新莊,2023-07-06,8886
0056,元大高股息,166,55,111,國泰-新莊,2023-07-06,8886
2618,長榮航,239,132,107,國泰-新莊,2023-07-06,8886
00688L,國泰20年美債正2,99,0,99,國泰-新莊,2023-07-06,8886
2317,鴻海,109,18,91,國泰-新莊,2023-07-06,8886
00679B,元大美債20年,116,26,90,國泰-新莊,2023-07-06,8886
00673R,期元大S＆P原油反1,118,45,73,國泰-新莊,2023-07-06,8886
00882,中信中國高股息,83,12,71,國泰-新莊,2023-07-06,8886
2404,漢唐,69,0,69,國泰-新莊,2023-07-06,8886
00687B,國泰20年美債,66,0,66,國泰-新莊,2023-07-06,8886
1101,台泥,72,10,62,國泰-新莊,2023-07-06,8886
6244,茂迪,98,44,54,國泰-新莊,2023-07-06,8886
4747,強生,51,0,51,國泰-新莊,2023-07-06,8886
1301,台塑,49,0,49,國泰-新莊,2023-07-06,8886
2888,新光金,50,3,47,國泰-新莊,2023-07-06,8886
2882,國泰金,53,7,46,國泰-新莊,2023-07-06,8886
1605,華新,76,33,43,國泰-新莊,2023-07-06,8886
2382,廣達,102,60,42,國泰-新莊,2023-07-06,8886
00795B,中信美國公債20年,44,2,42,國泰-新莊,2023-07-06,8886
1584,精剛,54,14,40,國泰-新莊,2023-07-06,8886
2330,台積電,43,4,39,國泰-新莊,2023-07-06,8886
2323,中環,191,154,37,國泰-新莊,2023-07-06,8886
1402,遠東新,44,8,36,國泰-新莊,2023-07-06,8886
3037,欣興,51,15,36,國泰-新莊,2023-07-06,8886
3013,晟銘電,267,234,33,國泰-新莊,2023-07-06,8886
2880,華南金,32,0,32,國泰-新莊,2023-07-06,8886
9958,世紀鋼,71,40,31,國泰-新莊,2023-07-06,8886
5009,榮剛,29,1,28,國泰-新莊,2023-07-06,8886
2402,毅嘉,100,72,28,國泰-新莊,2023-07-06,8886
1314,中石化,27,0,27,國泰-新莊,2023-07-06,8886
2885,元大金,28,2,26,國泰-新莊,2023-07-06,8886
2027,大成鋼,26,0,26,國泰-新莊,2023-07-06,8886
2002,中鋼,31,5,26,國泰-新莊,2023-07-06,8886
4919,新唐,32,7,25,國泰-新莊,2023-07-06,8886
2886,兆豐金,26,2,24,國泰-新莊,2023-07-06,8886
6282,康舒,150,128,22,國泰-新莊,2023-07-06,8886
2419,仲琦,76,54,22,國泰-新莊,2023-07-06,8886
3024,憶聲,22,0,22,國泰-新莊,2023-07-06,8886
0050,元大台灣50,25,3,22,國泰-新莊,2023-07-06,8886
4967,十銓,32,11,21,國泰-新莊,2023-07-06,8886
2887,台新金,45,24,21,國泰-新莊,2023-07-06,8886
2356,英業達,99,79,20,國泰-新莊,2023-07-06,8886
00929,復華台灣科技優息,234,3,231,國泰-新莊,2023-07-07,8886
2323,中環,214,41,173,國泰-新莊,2023-07-07,8886
00679B,元大美債20年,134,10,124,國泰-新莊,2023-07-07,8886
00665L,富邦�琤肭磪囓�2,124,13,111,國泰-新莊,2023-07-07,8886
00687B,國泰20年美債,87,3,84,國泰-新莊,2023-07-07,8886
2489,瑞軒,84,9,75,國泰-新莊,2023-07-07,8886
0056,元大高股息,156,84,72,國泰-新莊,2023-07-07,8886
2887,台新金,71,0,71,國泰-新莊,2023-07-07,8886
2340,台亞,127,65,62,國泰-新莊,2023-07-07,8886
1905,華紙,74,14,60,國泰-新莊,2023-07-07,8886
2888,新光金,58,1,57,國泰-新莊,2023-07-07,8886
1909,榮成,58,4,54,國泰-新莊,2023-07-07,8886
00637L,元大滬深300正2,54,1,53,國泰-新莊,2023-07-07,8886
00916,國泰全球品牌50,53,0,53,國泰-新莊,2023-07-07,8886
00720B,元大投資級公司債,58,10,48,國泰-新莊,2023-07-07,8886
2834,臺企銀,48,1,47,國泰-新莊,2023-07-07,8886
2404,漢唐,48,1,47,國泰-新莊,2023-07-07,8886
00673R,期元大S＆P原油反1,46,0,46,國泰-新莊,2023-07-07,8886
00751B,元大AAA至A公司債,45,0,45,國泰-新莊,2023-07-07,8886
3231,緯創,349,311,38,國泰-新莊,2023-07-07,8886
3380,明泰,75,37,38,國泰-新莊,2023-07-07,8886
00772B,中信高評級公司債,61,23,38,國泰-新莊,2023-07-07,8886
2369,菱生,44,13,31,國泰-新莊,2023-07-07,8886
3481,群創,401,370,31,國泰-新莊,2023-07-07,8886
4564,元翎,36,8,28,國泰-新莊,2023-07-07,8886
2344,華邦電,33,7,26,國泰-新莊,2023-07-07,8886
9907,統一實,25,0,25,國泰-新莊,2023-07-07,8886
3289,宜特,36,11,25,國泰-新莊,2023-07-07,8886
00712,復華富時不動產,292,268,24,國泰-新莊,2023-07-07,8886
2883,凱基金,47,23,24,國泰-新莊,2023-07-07,8886
00713,元大台灣高息低波,26,2,24,國泰-新莊,2023-07-07,8886
2882,國泰金,23,0,23,國泰-新莊,2023-07-07,8886
00688L,國泰20年美債正2,22,0,22,國泰-新莊,2023-07-07,8886
3706,神達,53,31,22,國泰-新莊,2023-07-07,8886
3432,台端,19,0,19,國泰-新莊,2023-07-07,8886
2457,飛宏,89,70,19,國泰-新莊,2023-07-07,8886
6505,台塑化,19,1,18,國泰-新莊,2023-07-07,8886
6142,友勁,18,0,18,國泰-新莊,2023-07-07,8886
5426,振發,28,11,17,國泰-新莊,2023-07-07,8886
00830,國泰費城半導體,18,1,17,國泰-新莊,2023-07-07,8886
2380,虹光,20,3,17,國泰-新莊,2023-07-07,8886
00657,國泰日經225,17,0,17,國泰-新莊,2023-07-07,8886
8048,德勝,29,12,17,國泰-新莊,2023-07-07,8886
00722B,群益投資級電信債,16,0,16,國泰-新莊,2023-07-07,8886
00795B,中信美國公債20年,16,0,16,國泰-新莊,2023-07-07,8886
3071,協禧,25,9,16,國泰-新莊,2023-07-07,8886
2038,海光,16,0,16,國泰-新莊,2023-07-07,8886
2027,大成鋼,15,0,15,國泰-新莊,2023-07-07,8886
9919,康那香,15,0,15,國泰-新莊,2023-07-07,8886
4916,事欣科,24,9,15,國泰-新莊,2023-07-07,8886
4155,訊映,228,6,222,國泰-新莊,2023-07-10,8886
00753L,中信中國50正2,184,15,169,國泰-新莊,2023-07-10,8886
8086,宏捷科,154,7,147,國泰-新莊,2023-07-10,8886
2609,陽明,244,109,135,國泰-新莊,2023-07-10,8886
00673R,期元大S＆P原油反1,121,15,106,國泰-新莊,2023-07-10,8886
4532,瑞智,348,273,75,國泰-新莊,2023-07-10,8886
00679B,元大美債20年,81,6,75,國泰-新莊,2023-07-10,8886
00882,中信中國高股息,84,11,73,國泰-新莊,2023-07-10,8886
00687B,國泰20年美債,75,2,73,國泰-新莊,2023-07-10,8886
4538,大詠城,72,1,71,國泰-新莊,2023-07-10,8886
2834,臺企銀,76,6,70,國泰-新莊,2023-07-10,8886
00688L,國泰20年美債正2,56,0,56,國泰-新莊,2023-07-10,8886
2883,凱基金,93,43,50,國泰-新莊,2023-07-10,8886
6282,康舒,251,205,46,國泰-新莊,2023-07-10,8886
6505,台塑化,42,0,42,國泰-新莊,2023-07-10,8886
2618,長榮航,195,154,41,國泰-新莊,2023-07-10,8886
5439,高技,40,0,40,國泰-新莊,2023-07-10,8886
2312,金寶,46,8,38,國泰-新莊,2023-07-10,8886
2427,三商電,46,9,37,國泰-新莊,2023-07-10,8886
2457,飛宏,49,13,36,國泰-新莊,2023-07-10,8886
3576,聯合再生,53,18,35,國泰-新莊,2023-07-10,8886
2610,華航,54,19,35,國泰-新莊,2023-07-10,8886
0056,元大高股息,62,29,33,國泰-新莊,2023-07-10,8886
00929,復華台灣科技優息,38,5,33,國泰-新莊,2023-07-10,8886
4533,協易機,66,35,31,國泰-新莊,2023-07-10,8886
3305,昇貿,37,7,30,國泰-新莊,2023-07-10,8886
3013,晟銘電,31,2,29,國泰-新莊,2023-07-10,8886
2603,長榮,53,25,28,國泰-新莊,2023-07-10,8886
3047,訊舟,39,12,27,國泰-新莊,2023-07-10,8886
2356,英業達,78,51,27,國泰-新莊,2023-07-10,8886
2884,玉山金,31,5,26,國泰-新莊,2023-07-10,8886
1101,台泥,25,0,25,國泰-新莊,2023-07-10,8886
00795B,中信美國公債20年,25,0,25,國泰-新莊,2023-07-10,8886
2489,瑞軒,27,2,25,國泰-新莊,2023-07-10,8886
00927,群益半導體收益,23,0,23,國泰-新莊,2023-07-10,8886
00751B,元大AAA至A公司債,24,2,22,國泰-新莊,2023-07-10,8886
3078,僑威,30,9,21,國泰-新莊,2023-07-10,8886
6016,康和證,26,5,21,國泰-新莊,2023-07-10,8886
2317,鴻海,29,9,20,國泰-新莊,2023-07-10,8886
2887,台新金,21,2,19,國泰-新莊,2023-07-10,8886
4979,華星光,42,24,18,國泰-新莊,2023-07-10,8886
1528,恩德,28,10,18,國泰-新莊,2023-07-10,8886
2329,華泰,40,22,18,國泰-新莊,2023-07-10,8886
00713,元大台灣高息低波,19,2,17,國泰-新莊,2023-07-10,8886
2303,聯電,17,0,17,國泰-新莊,2023-07-10,8886
4543,萬在,31,15,16,國泰-新莊,2023-07-10,8886
5426,振發,18,2,16,國泰-新莊,2023-07-10,8886
1909,榮成,15,0,15,國泰-新莊,2023-07-10,8886
2436,偉詮電,26,11,15,國泰-新莊,2023-07-10,8886
6546,正基,14,0,14,國泰-新莊,2023-07-10,8886
00632R,元大台灣50反1,869,3,866,國泰-新莊,2023-07-11,8886
00673R,期元大S＆P原油反1,226,2,224,國泰-新莊,2023-07-11,8886
4155,訊映,169,4,165,國泰-新莊,2023-07-11,8886
2356,英業達,279,201,78,國泰-新莊,2023-07-11,8886
6120,達運,227,150,77,國泰-新莊,2023-07-11,8886
4510,高鋒,80,7,73,國泰-新莊,2023-07-11,8886
2340,台亞,236,171,65,國泰-新莊,2023-07-11,8886
00679B,元大美債20年,65,1,64,國泰-新莊,2023-07-11,8886
4538,大詠城,59,1,58,國泰-新莊,2023-07-11,8886
2498,宏達電,101,43,58,國泰-新莊,2023-07-11,8886
2888,新光金,64,7,57,國泰-新莊,2023-07-11,8886
2645,長榮航太,51,0,51,國泰-新莊,2023-07-11,8886
3596,智易,54,6,48,國泰-新莊,2023-07-11,8886
6005,群益證,46,0,46,國泰-新莊,2023-07-11,8886
1529,樂事綠能,68,25,43,國泰-新莊,2023-07-11,8886
2332,友訊,43,3,40,國泰-新莊,2023-07-11,8886
1528,恩德,57,23,34,國泰-新莊,2023-07-11,8886
2603,長榮,53,22,31,國泰-新莊,2023-07-11,8886
00720B,元大投資級公司債,36,8,28,國泰-新莊,2023-07-11,8886
2201,裕隆,32,4,28,國泰-新莊,2023-07-11,8886
2344,華邦電,42,14,28,國泰-新莊,2023-07-11,8886
1101,台泥,28,0,28,國泰-新莊,2023-07-11,8886
6142,友勁,40,13,27,國泰-新莊,2023-07-11,8886
6235,華孚,78,55,23,國泰-新莊,2023-07-11,8886
00919,群益台灣精選高息,31,9,22,國泰-新莊,2023-07-11,8886
3363,上詮,65,43,22,國泰-新莊,2023-07-11,8886
5475,德宏,21,0,21,國泰-新莊,2023-07-11,8886
2303,聯電,24,4,20,國泰-新莊,2023-07-11,8886
3576,聯合再生,23,4,19,國泰-新莊,2023-07-11,8886
1540,喬福,24,5,19,國泰-新莊,2023-07-11,8886
4533,協易機,23,4,19,國泰-新莊,2023-07-11,8886
8933,愛地雅,21,3,18,國泰-新莊,2023-07-11,8886
2317,鴻海,28,10,18,國泰-新莊,2023-07-11,8886
4532,瑞智,70,52,18,國泰-新莊,2023-07-11,8886
5465,富驊,23,6,17,國泰-新莊,2023-07-11,8886
4526,東台,66,49,17,國泰-新莊,2023-07-11,8886
3540,曜越,20,4,16,國泰-新莊,2023-07-11,8886
8071,能率網通,51,35,16,國泰-新莊,2023-07-11,8886
4934,太極,71,56,15,國泰-新莊,2023-07-11,8886
1513,中興電,21,6,15,國泰-新莊,2023-07-11,8886
00885,富邦越南,16,2,14,國泰-新莊,2023-07-11,8886
2515,中工,84,70,14,國泰-新莊,2023-07-11,8886
3037,欣興,15,2,13,國泰-新莊,2023-07-11,8886
6288,聯嘉,31,18,13,國泰-新莊,2023-07-11,8886
2427,三商電,29,16,13,國泰-新莊,2023-07-11,8886
00795B,中信美國公債20年,13,0,13,國泰-新莊,2023-07-11,8886
3479,安勤,17,4,13,國泰-新莊,2023-07-11,8886
2913,農林,13,0,13,國泰-新莊,2023-07-11,8886
2376,技嘉,56,43,13,國泰-新莊,2023-07-11,8886
6438,迅得,12,0,12,國泰-新莊,2023-07-11,8886
2609,陽明,252,99,153,國泰-新莊,2023-07-12,8886
00929,復華台灣科技優息,149,12,137,國泰-新莊,2023-07-12,8886
5258,虹堡,161,65,96,國泰-新莊,2023-07-12,8886
00673R,期元大S＆P原油反1,105,17,88,國泰-新莊,2023-07-12,8886
3481,群創,274,191,83,國泰-新莊,2023-07-12,8886
00632R,元大台灣50反1,99,28,71,國泰-新莊,2023-07-12,8886
8033,雷虎,72,2,70,國泰-新莊,2023-07-12,8886
1802,台玻,66,2,64,國泰-新莊,2023-07-12,8886
6443,元晶,62,1,61,國泰-新莊,2023-07-12,8886
3231,緯創,419,365,54,國泰-新莊,2023-07-12,8886
2208,台船,55,2,53,國泰-新莊,2023-07-12,8886
2419,仲琦,133,85,48,國泰-新莊,2023-07-12,8886
4564,元翎,49,2,47,國泰-新莊,2023-07-12,8886
2356,英業達,343,297,46,國泰-新莊,2023-07-12,8886
5607,遠雄港,48,4,44,國泰-新莊,2023-07-12,8886
00882,中信中國高股息,48,5,43,國泰-新莊,2023-07-12,8886
00927,群益半導體收益,44,1,43,國泰-新莊,2023-07-12,8886
4916,事欣科,39,3,36,國泰-新莊,2023-07-12,8886
2867,三商壽,37,1,36,國泰-新莊,2023-07-12,8886
00888,永豐台灣ESG,30,0,30,國泰-新莊,2023-07-12,8886
020028,元大特選電動車N,30,0,30,國泰-新莊,2023-07-12,8886
3032,偉訓,35,8,27,國泰-新莊,2023-07-12,8886
2303,聯電,60,33,27,國泰-新莊,2023-07-12,8886
3038,全台,34,8,26,國泰-新莊,2023-07-12,8886
2301,光寶科,108,84,24,國泰-新莊,2023-07-12,8886
2834,臺企銀,30,6,24,國泰-新莊,2023-07-12,8886
2421,建準,47,25,22,國泰-新莊,2023-07-12,8886
2883,凱基金,22,1,21,國泰-新莊,2023-07-12,8886
1603,華電,20,0,20,國泰-新莊,2023-07-12,8886
1234,黑松,20,0,20,國泰-新莊,2023-07-12,8886
00679B,元大美債20年,29,10,19,國泰-新莊,2023-07-12,8886
3704,合勤控,58,39,19,國泰-新莊,2023-07-12,8886
6244,茂迪,19,0,19,國泰-新莊,2023-07-12,8886
6548,長科*,19,0,19,國泰-新莊,2023-07-12,8886
2457,飛宏,63,45,18,國泰-新莊,2023-07-12,8886
2399,映泰,93,76,17,國泰-新莊,2023-07-12,8886
4104,佳醫,17,0,17,國泰-新莊,2023-07-12,8886
2002,中鋼,17,1,16,國泰-新莊,2023-07-12,8886
8070,長華*,18,2,16,國泰-新莊,2023-07-12,8886
00902,中信電池及儲能,16,0,16,國泰-新莊,2023-07-12,8886
00720B,元大投資級公司債,19,3,16,國泰-新莊,2023-07-12,8886
2106,建大,15,0,15,國泰-新莊,2023-07-12,8886
2481,強茂,86,71,15,國泰-新莊,2023-07-12,8886
2204,中華,16,1,15,國泰-新莊,2023-07-12,8886
6108,競國,15,0,15,國泰-新莊,2023-07-12,8886
5907,大洋-KY,15,0,15,國泰-新莊,2023-07-12,8886
00733,富邦臺灣中小,14,0,14,國泰-新莊,2023-07-12,8886
3710,連展投控,15,1,14,國泰-新莊,2023-07-12,8886
2367,燿華,15,1,14,國泰-新莊,2023-07-12,8886
00713,元大台灣高息低波,15,1,14,國泰-新莊,2023-07-12,8886
2618,長榮航,709,319,390,國泰-新莊,2023-07-13,8886
00930,永豐ESG低碳高息,339,1,338,國泰-新莊,2023-07-13,8886
2409,友達,345,33,312,國泰-新莊,2023-07-13,8886
00878,國泰永續高股息,702,401,301,國泰-新莊,2023-07-13,8886
00929,復華台灣科技優息,207,48,159,國泰-新莊,2023-07-13,8886
00632R,元大台灣50反1,278,140,138,國泰-新莊,2023-07-13,8886
2609,陽明,288,150,138,國泰-新莊,2023-07-13,8886
6282,康舒,183,70,113,國泰-新莊,2023-07-13,8886
3231,緯創,381,275,106,國泰-新莊,2023-07-13,8886
00673R,期元大S＆P原油反1,82,0,82,國泰-新莊,2023-07-13,8886
6443,元晶,82,10,72,國泰-新莊,2023-07-13,8886
2610,華航,264,194,70,國泰-新莊,2023-07-13,8886
00687B,國泰20年美債,79,10,69,國泰-新莊,2023-07-13,8886
5328,華容,66,3,63,國泰-新莊,2023-07-13,8886
00786B,元大10年IG銀行債,60,0,60,國泰-新莊,2023-07-13,8886
6120,達運,142,82,60,國泰-新莊,2023-07-13,8886
2303,聯電,81,26,55,國泰-新莊,2023-07-13,8886
8938,明安,53,0,53,國泰-新莊,2023-07-13,8886
3706,神達,81,32,49,國泰-新莊,2023-07-13,8886
1591,駿吉-KY,63,16,47,國泰-新莊,2023-07-13,8886
1609,大亞,99,53,46,國泰-新莊,2023-07-13,8886
1471,首利,48,12,36,國泰-新莊,2023-07-13,8886
2888,新光金,46,12,34,國泰-新莊,2023-07-13,8886
00679B,元大美債20年,40,7,33,國泰-新莊,2023-07-13,8886
4155,訊映,37,6,31,國泰-新莊,2023-07-13,8886
1217,愛之味,30,2,28,國泰-新莊,2023-07-13,8886
2352,佳世達,91,63,28,國泰-新莊,2023-07-13,8886
00891,中信關鍵半導體,28,2,26,國泰-新莊,2023-07-13,8886
00888,永豐台灣ESG,37,12,25,國泰-新莊,2023-07-13,8886
5475,德宏,25,0,25,國泰-新莊,2023-07-13,8886
2883,凱基金,27,4,23,國泰-新莊,2023-07-13,8886
2614,東森,22,0,22,國泰-新莊,2023-07-13,8886
1760,寶齡富錦,21,0,21,國泰-新莊,2023-07-13,8886
4414,如興,21,0,21,國泰-新莊,2023-07-13,8886
2601,益航,21,0,21,國泰-新莊,2023-07-13,8886
00921,兆豐龍頭等權重,20,0,20,國泰-新莊,2023-07-13,8886
2399,映泰,135,115,20,國泰-新莊,2023-07-13,8886
00664R,國泰臺灣加權反1,20,0,20,國泰-新莊,2023-07-13,8886
6139,亞翔,35,15,20,國泰-新莊,2023-07-13,8886
2301,光寶科,113,94,19,國泰-新莊,2023-07-13,8886
2421,建準,111,93,18,國泰-新莊,2023-07-13,8886
3028,增你強,17,0,17,國泰-新莊,2023-07-13,8886
1909,榮成,27,10,17,國泰-新莊,2023-07-13,8886
1442,名軒,17,0,17,國泰-新莊,2023-07-13,8886
5534,長虹,17,0,17,國泰-新莊,2023-07-13,8886
2867,三商壽,17,0,17,國泰-新莊,2023-07-13,8886
6558,興能高,17,0,17,國泰-新莊,2023-07-13,8886
1905,華紙,47,30,17,國泰-新莊,2023-07-13,8886
2324,仁寶,110,94,16,國泰-新莊,2023-07-13,8886
6182,合晶,18,1,17,國泰-新莊,2023-07-13,8886
00632R,元大台灣50反1,143,34,109,國泰-新莊,2023-07-14,8886
00673R,期元大S＆P原油反1,76,0,76,國泰-新莊,2023-07-14,8886
1101,台泥,68,5,63,國泰-新莊,2023-07-14,8886
00720B,元大投資級公司債,63,2,61,國泰-新莊,2023-07-14,8886
2601,益航,56,0,56,國泰-新莊,2023-07-14,8886
2301,光寶科,263,209,54,國泰-新莊,2023-07-14,8886
5483,中美晶,68,15,53,國泰-新莊,2023-07-14,8886
00882,中信中國高股息,59,6,53,國泰-新莊,2023-07-14,8886
6235,華孚,120,70,50,國泰-新莊,2023-07-14,8886
3078,僑威,98,49,49,國泰-新莊,2023-07-14,8886
00637L,元大滬深300正2,85,37,48,國泰-新莊,2023-07-14,8886
00665L,富邦�琤肭磪囓�2,387,340,47,國泰-新莊,2023-07-14,8886
3032,偉訓,54,8,46,國泰-新莊,2023-07-14,8886
00893,國泰智能電動車,52,6,46,國泰-新莊,2023-07-14,8886
2371,大同,142,98,44,國泰-新莊,2023-07-14,8886
2618,長榮航,371,329,42,國泰-新莊,2023-07-14,8886
2323,中環,78,40,38,國泰-新莊,2023-07-14,8886
00773B,中信優先金融債,33,0,33,國泰-新莊,2023-07-14,8886
2436,偉詮電,64,32,32,國泰-新莊,2023-07-14,8886
2014,中鴻,45,13,32,國泰-新莊,2023-07-14,8886
2834,臺企銀,31,1,30,國泰-新莊,2023-07-14,8886
00679B,元大美債20年,45,16,29,國泰-新莊,2023-07-14,8886
6443,元晶,42,15,27,國泰-新莊,2023-07-14,8886
2382,廣達,235,211,24,國泰-新莊,2023-07-14,8886
5328,華容,23,0,23,國泰-新莊,2023-07-14,8886
2329,華泰,51,28,23,國泰-新莊,2023-07-14,8886
2208,台船,23,3,20,國泰-新莊,2023-07-14,8886
3105,穩懋,26,7,19,國泰-新莊,2023-07-14,8886
2419,仲琦,145,127,18,國泰-新莊,2023-07-14,8886
8367,建新國際,18,0,18,國泰-新莊,2023-07-14,8886
2630,亞航,18,0,18,國泰-新莊,2023-07-14,8886
2328,廣宇,35,18,17,國泰-新莊,2023-07-14,8886
2867,三商壽,17,0,17,國泰-新莊,2023-07-14,8886
2006,東和鋼鐵,17,0,17,國泰-新莊,2023-07-14,8886
2634,漢翔,23,7,16,國泰-新莊,2023-07-14,8886
2017,官田鋼,16,0,16,國泰-新莊,2023-07-14,8886
3325,旭品,16,0,16,國泰-新莊,2023-07-14,8886
00830,國泰費城半導體,19,3,16,國泰-新莊,2023-07-14,8886
00930,永豐ESG低碳高息,21,6,15,國泰-新莊,2023-07-14,8886
2889,國票金,15,0,15,國泰-新莊,2023-07-14,8886
6470,宇智,18,3,15,國泰-新莊,2023-07-14,8886
1337,再生-KY,15,1,14,國泰-新莊,2023-07-14,8886
6120,達運,56,42,14,國泰-新莊,2023-07-14,8886
00725B,國泰投資級公司債,16,2,14,國泰-新莊,2023-07-14,8886
2376,技嘉,91,77,14,國泰-新莊,2023-07-14,8886
00902,中信電池及儲能,18,5,13,國泰-新莊,2023-07-14,8886
00919,群益台灣精選高息,43,31,12,國泰-新莊,2023-07-14,8886
4532,瑞智,16,4,12,國泰-新莊,2023-07-14,8886
5907,大洋-KY,12,0,12,國泰-新莊,2023-07-14,8886
3694,海華,12,0,12,國泰-新莊,2023-07-14,8886
00929,復華台灣科技優息,445,48,397,國泰-新莊,2023-07-17,8886
00688L,國泰20年美債正2,242,0,242,國泰-新莊,2023-07-17,8886
00882,中信中國高股息,151,27,124,國泰-新莊,2023-07-17,8886
00706L,期元大S＆P日圓正2,120,23,97,國泰-新莊,2023-07-17,8886
00673R,期元大S＆P原油反1,139,48,91,國泰-新莊,2023-07-17,8886
2323,中環,123,47,76,國泰-新莊,2023-07-17,8886
2353,宏��,169,101,68,國泰-新莊,2023-07-17,8886
2312,金寶,279,216,63,國泰-新莊,2023-07-17,8886
2601,益航,60,0,60,國泰-新莊,2023-07-17,8886
3325,旭品,56,4,52,國泰-新莊,2023-07-17,8886
2352,佳世達,77,27,50,國泰-新莊,2023-07-17,8886
00637L,元大滬深300正2,60,13,47,國泰-新莊,2023-07-17,8886
1402,遠東新,47,0,47,國泰-新莊,2023-07-17,8886
3049,精金,66,21,45,國泰-新莊,2023-07-17,8886
00665L,富邦�琤肭磪囓�2,44,2,42,國泰-新莊,2023-07-17,8886
2324,仁寶,160,123,37,國泰-新莊,2023-07-17,8886
00927,群益半導體收益,37,3,34,國泰-新莊,2023-07-17,8886
3306,鼎天,37,6,31,國泰-新莊,2023-07-17,8886
6770,力積電,31,3,28,國泰-新莊,2023-07-17,8886
2402,毅嘉,64,36,28,國泰-新莊,2023-07-17,8886
5381,合正,33,6,27,國泰-新莊,2023-07-17,8886
2356,英業達,199,173,26,國泰-新莊,2023-07-17,8886
2331,精英,77,52,25,國泰-新莊,2023-07-17,8886
00830,國泰費城半導體,27,2,25,國泰-新莊,2023-07-17,8886
3037,欣興,44,20,24,國泰-新莊,2023-07-17,8886
6188,廣明,37,13,24,國泰-新莊,2023-07-17,8886
1605,華新,37,14,23,國泰-新莊,2023-07-17,8886
3035,智原,86,62,24,國泰-新莊,2023-07-17,8886
3704,合勤控,61,38,23,國泰-新莊,2023-07-17,8886
5439,高技,55,32,23,國泰-新莊,2023-07-17,8886
2855,統一證,22,0,22,國泰-新莊,2023-07-17,8886
3706,神達,48,26,22,國泰-新莊,2023-07-17,8886
2889,國票金,21,0,21,國泰-新莊,2023-07-17,8886
2358,廷鑫,20,0,20,國泰-新莊,2023-07-17,8886
1314,中石化,20,1,19,國泰-新莊,2023-07-17,8886
00687B,國泰20年美債,26,8,18,國泰-新莊,2023-07-17,8886
2887,台新金,31,13,18,國泰-新莊,2023-07-17,8886
8933,愛地雅,28,10,18,國泰-新莊,2023-07-17,8886
8936,國統,36,19,17,國泰-新莊,2023-07-17,8886
2349,錸德,30,13,17,國泰-新莊,2023-07-17,8886
1736,喬山,20,4,16,國泰-新莊,2023-07-17,8886
2382,廣達,162,146,16,國泰-新莊,2023-07-17,8886
2388,威盛,134,118,16,國泰-新莊,2023-07-17,8886
8050,廣積,62,47,15,國泰-新莊,2023-07-17,8886
2539,櫻花建,15,0,15,國泰-新莊,2023-07-17,8886
6179,亞通,29,14,15,國泰-新莊,2023-07-17,8886
6126,信音,22,7,15,國泰-新莊,2023-07-17,8886
2542,興富發,16,1,15,國泰-新莊,2023-07-17,8886
6609,瀧澤科,15,1,14,國泰-新莊,2023-07-17,8886
4746,台耀,28,14,14,國泰-新莊,2023-07-17,8886
00929,復華台灣科技優息,713,22,691,國泰-新莊,2023-07-18,8886
2312,金寶,655,318,337,國泰-新莊,2023-07-18,8886
00665L,富邦�琤肭磪囓�2,264,1,263,國泰-新莊,2023-07-18,8886
1612,宏泰,639,381,258,國泰-新莊,2023-07-18,8886
00882,中信中國高股息,443,213,230,國泰-新莊,2023-07-18,8886
2897,王道銀行,200,0,200,國泰-新莊,2023-07-18,8886
2324,仁寶,535,336,199,國泰-新莊,2023-07-18,8886
3706,神達,455,271,184,國泰-新莊,2023-07-18,8886
00688L,國泰20年美債正2,160,0,160,國泰-新莊,2023-07-18,8886
2352,佳世達,267,134,133,國泰-新莊,2023-07-18,8886
6282,康舒,499,368,131,國泰-新莊,2023-07-18,8886
2409,友達,386,257,129,國泰-新莊,2023-07-18,8886
2888,新光金,119,29,90,國泰-新莊,2023-07-18,8886
2329,華泰,185,102,83,國泰-新莊,2023-07-18,8886
2601,益航,83,0,83,國泰-新莊,2023-07-18,8886
00930,永豐ESG低碳高息,74,0,74,國泰-新莊,2023-07-18,8886
00712,復華富時不動產,71,6,65,國泰-新莊,2023-07-18,8886
00720B,元大投資級公司債,61,0,61,國泰-新莊,2023-07-18,8886
00706L,期元大S＆P日圓正2,70,10,60,國泰-新莊,2023-07-18,8886
2610,華航,150,93,57,國泰-新莊,2023-07-18,8886
2353,宏��,211,156,55,國泰-新莊,2023-07-18,8886
4155,訊映,54,0,54,國泰-新莊,2023-07-18,8886
1313,聯成,58,13,45,國泰-新莊,2023-07-18,8886
6120,達運,70,27,43,國泰-新莊,2023-07-18,8886
2201,裕隆,54,11,43,國泰-新莊,2023-07-18,8886
4938,和碩,154,112,42,國泰-新莊,2023-07-18,8886
00888,永豐台灣ESG,40,2,38,國泰-新莊,2023-07-18,8886
2419,仲琦,174,137,37,國泰-新莊,2023-07-18,8886
2323,中環,135,99,36,國泰-新莊,2023-07-18,8886
3652,精聯,34,0,34,國泰-新莊,2023-07-18,8886
6188,廣明,99,66,33,國泰-新莊,2023-07-18,8886
3033,威健,36,3,33,國泰-新莊,2023-07-18,8886
2449,京元電子,77,44,33,國泰-新莊,2023-07-18,8886
1789,神隆,64,32,32,國泰-新莊,2023-07-18,8886
6288,聯嘉,39,7,32,國泰-新莊,2023-07-18,8886
3078,僑威,118,86,32,國泰-新莊,2023-07-18,8886
2812,台中銀,28,0,28,國泰-新莊,2023-07-18,8886
1609,大亞,193,165,28,國泰-新莊,2023-07-18,8886
3583,辛耘,45,20,25,國泰-新莊,2023-07-18,8886
1802,台玻,29,4,25,國泰-新莊,2023-07-18,8886
3051,力特,25,0,25,國泰-新莊,2023-07-18,8886
6485,點序,25,2,23,國泰-新莊,2023-07-18,8886
1504,東元,52,29,23,國泰-新莊,2023-07-18,8886
2355,敬鵬,34,11,23,國泰-新莊,2023-07-18,8886
8390,金益鼎,23,0,23,國泰-新莊,2023-07-18,8886
3163,波若威,51,29,22,國泰-新莊,2023-07-18,8886
2337,旺宏,29,7,22,國泰-新莊,2023-07-18,8886
2645,長榮航太,22,0,22,國泰-新莊,2023-07-18,8886
4532,瑞智,27,6,21,國泰-新莊,2023-07-18,8886
00927,群益半導體收益,22,1,21,國泰-新莊,2023-07-18,8886
00929,復華台灣科技優息,736,368,368,國泰-新莊,2023-07-19,8886
00882,中信中國高股息,170,1,169,國泰-新莊,2023-07-19,8886
00706L,期元大S＆P日圓正2,130,0,130,國泰-新莊,2023-07-19,8886
00665L,富邦�琤肭磪囓�2,124,0,124,國泰-新莊,2023-07-19,8886
2353,宏��,248,138,110,國泰-新莊,2023-07-19,8886
00712,復華富時不動產,153,44,109,國泰-新莊,2023-07-19,8886
2324,仁寶,311,209,102,國泰-新莊,2023-07-19,8886
00637L,元大滬深300正2,103,2,101,國泰-新莊,2023-07-19,8886
00679B,元大美債20年,109,22,87,國泰-新莊,2023-07-19,8886
6116,彩晶,75,2,73,國泰-新莊,2023-07-19,8886
3038,全台,73,3,70,國泰-新莊,2023-07-19,8886
2618,長榮航,205,141,64,國泰-新莊,2023-07-19,8886
3037,欣興,153,92,61,國泰-新莊,2023-07-19,8886
00688L,國泰20年美債正2,61,1,60,國泰-新莊,2023-07-19,8886
3706,神達,348,292,56,國泰-新莊,2023-07-19,8886
2409,友達,73,17,56,國泰-新莊,2023-07-19,8886
1101,台泥,70,16,54,國泰-新莊,2023-07-19,8886
5328,華容,62,10,52,國泰-新莊,2023-07-19,8886
1514,亞力,89,37,52,國泰-新莊,2023-07-19,8886
2419,仲琦,114,64,50,國泰-新莊,2023-07-19,8886
2303,聯電,52,4,48,國泰-新莊,2023-07-19,8886
2329,華泰,189,144,45,國泰-新莊,2023-07-19,8886
00673R,期元大S＆P原油反1,50,5,45,國泰-新莊,2023-07-19,8886
1471,首利,45,3,42,國泰-新莊,2023-07-19,8886
3024,憶聲,40,0,40,國泰-新莊,2023-07-19,8886
00753L,中信中國50正2,87,50,37,國泰-新莊,2023-07-19,8886
3481,群創,348,312,36,國泰-新莊,2023-07-19,8886
6185,幃翔,34,1,33,國泰-新莊,2023-07-19,8886
4938,和碩,62,29,33,國泰-新莊,2023-07-19,8886
00891,中信關鍵半導體,31,2,29,國泰-新莊,2023-07-19,8886
3049,精金,31,2,29,國泰-新莊,2023-07-19,8886
2515,中工,28,1,27,國泰-新莊,2023-07-19,8886
6188,廣明,75,48,27,國泰-新莊,2023-07-19,8886
9945,潤泰新,25,0,25,國泰-新莊,2023-07-19,8886
1513,中興電,27,2,25,國泰-新莊,2023-07-19,8886
6770,力積電,25,1,24,國泰-新莊,2023-07-19,8886
2313,華通,42,18,24,國泰-新莊,2023-07-19,8886
2402,毅嘉,39,16,23,國泰-新莊,2023-07-19,8886
00905,FT臺灣Smart,22,0,22,國泰-新莊,2023-07-19,8886
2867,三商壽,30,9,21,國泰-新莊,2023-07-19,8886
2457,飛宏,74,54,20,國泰-新莊,2023-07-19,8886
00650L,復華香港正2,20,0,20,國泰-新莊,2023-07-19,8886
3147,大綜,20,0,20,國泰-新莊,2023-07-19,8886
3202,樺晟,20,0,20,國泰-新莊,2023-07-19,8886
3652,精聯,19,0,19,國泰-新莊,2023-07-19,8886
1217,愛之味,20,1,19,國泰-新莊,2023-07-19,8886
1609,大亞,40,21,19,國泰-新莊,2023-07-19,8886
6282,康舒,86,68,18,國泰-新莊,2023-07-19,8886
1402,遠東新,19,0,19,國泰-新莊,2023-07-19,8886
3715,定穎投控,24,6,18,國泰-新莊,2023-07-19,8886
00712,復華富時不動產,225,38,187,國泰-新莊,2023-07-20,8886
2303,聯電,163,10,153,國泰-新莊,2023-07-20,8886
3049,精金,100,0,100,國泰-新莊,2023-07-20,8886
00929,復華台灣科技優息,120,36,84,國泰-新莊,2023-07-20,8886
1102,亞泥,78,0,78,國泰-新莊,2023-07-20,8886
2883B,凱基金乙特,70,0,70,國泰-新莊,2023-07-20,8886
00882,中信中國高股息,75,16,59,國泰-新莊,2023-07-20,8886
2352,佳世達,134,79,55,國泰-新莊,2023-07-20,8886
4506,崇友,51,0,51,國泰-新莊,2023-07-20,8886
6116,彩晶,52,1,51,國泰-新莊,2023-07-20,8886
6112,邁達特,83,35,48,國泰-新莊,2023-07-20,8886
3289,宜特,121,73,48,國泰-新莊,2023-07-20,8886
1529,樂事綠能,173,126,47,國泰-新莊,2023-07-20,8886
6282,康舒,98,52,46,國泰-新莊,2023-07-20,8886
3037,欣興,82,40,42,國泰-新莊,2023-07-20,8886
3483,力致,44,4,40,國泰-新莊,2023-07-20,8886
2317,鴻海,35,0,35,國泰-新莊,2023-07-20,8886
2206,三陽工業,86,53,33,國泰-新莊,2023-07-20,8886
00895,富邦未來車,35,5,30,國泰-新莊,2023-07-20,8886
2374,佳能,35,5,30,國泰-新莊,2023-07-20,8886
1608,華榮,31,1,30,國泰-新莊,2023-07-20,8886
5483,中美晶,33,4,29,國泰-新莊,2023-07-20,8886
00680L,元大美債20正2,29,2,27,國泰-新莊,2023-07-20,8886
3481,群創,337,310,27,國泰-新莊,2023-07-20,8886
3032,偉訓,63,37,26,國泰-新莊,2023-07-20,8886
00687B,國泰20年美債,39,16,23,國泰-新莊,2023-07-20,8886
6120,達運,63,41,22,國泰-新莊,2023-07-20,8886
3231,緯創,40,18,22,國泰-新莊,2023-07-20,8886
00725B,國泰投資級公司債,22,0,22,國泰-新莊,2023-07-20,8886
00632R,元大台灣50反1,27,5,22,國泰-新莊,2023-07-20,8886
00706L,期元大S＆P日圓正2,21,0,21,國泰-新莊,2023-07-20,8886
6213,聯茂,22,1,21,國泰-新莊,2023-07-20,8886
2897,王道銀行,21,0,21,國泰-新莊,2023-07-20,8886
2419,仲琦,94,73,21,國泰-新莊,2023-07-20,8886
2337,旺宏,20,0,20,國泰-新莊,2023-07-20,8886
4746,台耀,53,33,20,國泰-新莊,2023-07-20,8886
3051,力特,26,6,20,國泰-新莊,2023-07-20,8886
4953,緯軟,25,5,20,國泰-新莊,2023-07-20,8886
2515,中工,27,9,18,國泰-新莊,2023-07-20,8886
3623,富晶通,18,0,18,國泰-新莊,2023-07-20,8886
2329,華泰,39,21,18,國泰-新莊,2023-07-20,8886
2353,宏��,94,76,18,國泰-新莊,2023-07-20,8886
2834,臺企銀,21,6,15,國泰-新莊,2023-07-20,8886
3147,大綜,15,0,15,國泰-新莊,2023-07-20,8886
5706,鳳凰,27,12,15,國泰-新莊,2023-07-20,8886
6191,精成科,16,2,14,國泰-新莊,2023-07-20,8886
6235,華孚,75,62,13,國泰-新莊,2023-07-20,8886
00881,國泰台灣5G+,28,15,13,國泰-新莊,2023-07-20,8886
8069,元太,16,4,12,國泰-新莊,2023-07-20,8886
2618,長榮航,117,106,11,國泰-新莊,2023-07-20,8886
6120,達運,212,84,128,國泰-新莊,2023-07-21,8886
00665L,富邦�琤肭磪囓�2,151,34,117,國泰-新莊,2023-07-21,8886
2303,聯電,155,40,115,國泰-新莊,2023-07-21,8886
2609,陽明,125,30,95,國泰-新莊,2023-07-21,8886
00712,復華富時不動產,91,2,89,國泰-新莊,2023-07-21,8886
6443,元晶,74,4,70,國泰-新莊,2023-07-21,8886
2887,台新金,70,2,68,國泰-新莊,2023-07-21,8886
00929,復華台灣科技優息,70,6,64,國泰-新莊,2023-07-21,8886
1101,台泥,64,2,62,國泰-新莊,2023-07-21,8886
2405,輔信,96,37,59,國泰-新莊,2023-07-21,8886
5443,均豪,56,0,56,國泰-新莊,2023-07-21,8886
00673R,期元大S＆P原油反1,55,3,52,國泰-新莊,2023-07-21,8886
3588,通嘉,66,14,52,國泰-新莊,2023-07-21,8886
00830,國泰費城半導體,50,0,50,國泰-新莊,2023-07-21,8886
6282,康舒,96,47,49,國泰-新莊,2023-07-21,8886
2330,台積電,54,6,48,國泰-新莊,2023-07-21,8886
1513,中興電,262,216,46,國泰-新莊,2023-07-21,8886
00688L,國泰20年美債正2,44,0,44,國泰-新莊,2023-07-21,8886
1102,亞泥,42,0,42,國泰-新莊,2023-07-21,8886
6235,華孚,66,25,41,國泰-新莊,2023-07-21,8886
00924,復華S＆P500成長,42,1,41,國泰-新莊,2023-07-21,8886
3545,敦泰,42,1,41,國泰-新莊,2023-07-21,8886
9945,潤泰新,41,1,40,國泰-新莊,2023-07-21,8886
3481,群創,367,327,40,國泰-新莊,2023-07-21,8886
2515,中工,58,19,39,國泰-新莊,2023-07-21,8886
3024,憶聲,78,39,39,國泰-新莊,2023-07-21,8886
1605,華新,37,4,33,國泰-新莊,2023-07-21,8886
00706L,期元大S＆P日圓正2,31,0,31,國泰-新莊,2023-07-21,8886
1514,亞力,61,32,29,國泰-新莊,2023-07-21,8886
00753L,中信中國50正2,91,65,26,國泰-新莊,2023-07-21,8886
00795B,中信美國公債20年,26,0,26,國泰-新莊,2023-07-21,8886
5484,慧友,25,0,25,國泰-新莊,2023-07-21,8886
3663,鑫科,25,0,25,國泰-新莊,2023-07-21,8886
2344,華邦電,30,5,25,國泰-新莊,2023-07-21,8886
00631L,元大台灣50正2,24,0,24,國泰-新莊,2023-07-21,8886
3013,晟銘電,193,170,23,國泰-新莊,2023-07-21,8886
3434,哲固,21,0,21,國泰-新莊,2023-07-21,8886
00687B,國泰20年美債,31,10,21,國泰-新莊,2023-07-21,8886
00692,富邦公司治理,20,0,20,國泰-新莊,2023-07-21,8886
006208,富邦台50,22,2,20,國泰-新莊,2023-07-21,8886
2610,華航,178,157,21,國泰-新莊,2023-07-21,8886
3049,精金,20,0,20,國泰-新莊,2023-07-21,8886
0050,元大台灣50,23,3,20,國泰-新莊,2023-07-21,8886
2317,鴻海,26,6,20,國泰-新莊,2023-07-21,8886
8933,愛地雅,22,2,20,國泰-新莊,2023-07-21,8886
1584,精剛,19,0,19,國泰-新莊,2023-07-21,8886
2618,長榮航,74,57,17,國泰-新莊,2023-07-21,8886
5880,合庫金,18,0,18,國泰-新莊,2023-07-21,8886
00850,元大臺灣ESG永續,18,1,17,國泰-新莊,2023-07-21,8886
4106,雃博,17,0,17,國泰-新莊,2023-07-21,8886
2002,中鋼,272,5,267,國泰-新莊,2023-07-24,8886
00882,中信中國高股息,198,3,195,國泰-新莊,2023-07-24,8886
00688L,國泰20年美債正2,161,8,153,國泰-新莊,2023-07-24,8886
3044,健鼎,135,12,123,國泰-新莊,2023-07-24,8886
00929,復華台灣科技優息,162,40,122,國泰-新莊,2023-07-24,8886
00673R,期元大S＆P原油反1,121,5,116,國泰-新莊,2023-07-24,8886
6282,康舒,107,21,86,國泰-新莊,2023-07-24,8886
1504,東元,95,23,72,國泰-新莊,2023-07-24,8886
00753L,中信中國50正2,71,15,56,國泰-新莊,2023-07-24,8886
2609,陽明,89,33,56,國泰-新莊,2023-07-24,8886
1609,大亞,194,140,54,國泰-新莊,2023-07-24,8886
00713,元大台灣高息低波,58,7,51,國泰-新莊,2023-07-24,8886
1702,南僑,46,1,45,國泰-新莊,2023-07-24,8886
3652,精聯,49,5,44,國泰-新莊,2023-07-24,8886
2382,廣達,280,239,41,國泰-新莊,2023-07-24,8886
3706,神達,53,17,36,國泰-新莊,2023-07-24,8886
6120,達運,67,31,36,國泰-新莊,2023-07-24,8886
1101,台泥,41,5,36,國泰-新莊,2023-07-24,8886
3035,智原,99,64,35,國泰-新莊,2023-07-24,8886
3163,波若威,34,0,34,國泰-新莊,2023-07-24,8886
00712,復華富時不動產,62,29,33,國泰-新莊,2023-07-24,8886
1471,首利,40,8,32,國泰-新莊,2023-07-24,8886
2889,國票金,34,2,32,國泰-新莊,2023-07-24,8886
2405,輔信,46,15,31,國泰-新莊,2023-07-24,8886
1528,恩德,31,0,31,國泰-新莊,2023-07-24,8886
3013,晟銘電,191,160,31,國泰-新莊,2023-07-24,8886
8176,智捷,30,0,30,國泰-新莊,2023-07-24,8886
3049,精金,50,20,30,國泰-新莊,2023-07-24,8886
2461,光群雷,119,89,30,國泰-新莊,2023-07-24,8886
3434,哲固,30,1,29,國泰-新莊,2023-07-24,8886
2887,台新金,66,38,28,國泰-新莊,2023-07-24,8886
1514,亞力,42,14,28,國泰-新莊,2023-07-24,8886
2419,仲琦,105,78,27,國泰-新莊,2023-07-24,8886
00655L,國泰中國A50正2,27,0,27,國泰-新莊,2023-07-24,8886
3231,緯創,45,19,26,國泰-新莊,2023-07-24,8886
3052,夆典,25,0,25,國泰-新莊,2023-07-24,8886
2312,金寶,62,37,25,國泰-新莊,2023-07-24,8886
1402,遠東新,24,0,24,國泰-新莊,2023-07-24,8886
1529,樂事綠能,54,30,24,國泰-新莊,2023-07-24,8886
3338,泰碩,94,70,24,國泰-新莊,2023-07-24,8886
2014,中鴻,44,20,24,國泰-新莊,2023-07-24,8886
1102,亞泥,23,0,23,國泰-新莊,2023-07-24,8886
2353,宏��,140,118,22,國泰-新莊,2023-07-24,8886
2913,農林,31,9,22,國泰-新莊,2023-07-24,8886
6285,啟��,26,4,22,國泰-新莊,2023-07-24,8886
2027,大成鋼,25,3,22,國泰-新莊,2023-07-24,8886
4746,台耀,29,8,21,國泰-新莊,2023-07-24,8886
3094,聯傑,21,0,21,國泰-新莊,2023-07-24,8886
2610,華航,68,47,21,國泰-新莊,2023-07-24,8886
3703,欣陸,21,1,20,國泰-新莊,2023-07-24,8886
3706,神達,169,35,134,國泰-新莊,2023-07-25,8886
3231,緯創,118,15,103,國泰-新莊,2023-07-25,8886
00673R,期元大S＆P原油反1,151,60,91,國泰-新莊,2023-07-25,8886
6282,康舒,87,9,78,國泰-新莊,2023-07-25,8886
00679B,元大美債20年,83,14,69,國泰-新莊,2023-07-25,8886
1905,華紙,129,64,65,國泰-新莊,2023-07-25,8886
2382,廣達,411,346,65,國泰-新莊,2023-07-25,8886
00929,復華台灣科技優息,78,24,54,國泰-新莊,2023-07-25,8886
00713,元大台灣高息低波,48,4,44,國泰-新莊,2023-07-25,8886
6125,廣運,100,58,42,國泰-新莊,2023-07-25,8886
2481,強茂,41,0,41,國泰-新莊,2023-07-25,8886
2887,台新金,42,1,41,國泰-新莊,2023-07-25,8886
00720B,元大投資級公司債,40,0,40,國泰-新莊,2023-07-25,8886
1815,富喬,53,13,40,國泰-新莊,2023-07-25,8886
00891,中信關鍵半導體,36,0,36,國泰-新莊,2023-07-25,8886
5452,佶優,49,14,35,國泰-新莊,2023-07-25,8886
00722B,群益投資級電信債,33,0,33,國泰-新莊,2023-07-25,8886
00687B,國泰20年美債,32,0,32,國泰-新莊,2023-07-25,8886
2889,國票金,30,0,30,國泰-新莊,2023-07-25,8886
3049,精金,45,15,30,國泰-新莊,2023-07-25,8886
00674R,期元大S＆P黃金反1,25,0,25,國泰-新莊,2023-07-25,8886
2352,佳世達,33,8,25,國泰-新莊,2023-07-25,8886
2324,仁寶,140,118,22,國泰-新莊,2023-07-25,8886
2376,技嘉,107,87,20,國泰-新莊,2023-07-25,8886
1702,南僑,21,1,20,國泰-新莊,2023-07-25,8886
3694,海華,22,2,20,國泰-新莊,2023-07-25,8886
2897,王道銀行,20,0,20,國泰-新莊,2023-07-25,8886
00712,復華富時不動產,35,15,20,國泰-新莊,2023-07-25,8886
1907,永豐餘,37,18,19,國泰-新莊,2023-07-25,8886
2392,正崴,22,4,18,國泰-新莊,2023-07-25,8886
00761B,國泰A級公司債,17,0,17,國泰-新莊,2023-07-25,8886
1218,泰山,16,0,16,國泰-新莊,2023-07-25,8886
2344,華邦電,16,0,16,國泰-新莊,2023-07-25,8886
3702,大聯大,18,2,16,國泰-新莊,2023-07-25,8886
1795,美時,31,15,16,國泰-新莊,2023-07-25,8886
6005,群益證,52,38,14,國泰-新莊,2023-07-25,8886
1528,恩德,16,2,14,國泰-新莊,2023-07-25,8886
1217,愛之味,20,6,14,國泰-新莊,2023-07-25,8886
3227,原相,33,19,14,國泰-新莊,2023-07-25,8886
5392,能率,17,4,13,國泰-新莊,2023-07-25,8886
3071,協禧,65,52,13,國泰-新莊,2023-07-25,8886
2353,宏��,166,153,13,國泰-新莊,2023-07-25,8886
5009,榮剛,33,20,13,國泰-新莊,2023-07-25,8886
1102,亞泥,17,4,13,國泰-新莊,2023-07-25,8886
9941,裕融,14,1,13,國泰-新莊,2023-07-25,8886
2419,仲琦,91,79,12,國泰-新莊,2023-07-25,8886
00882,中信中國高股息,103,91,12,國泰-新莊,2023-07-25,8886
1314,中石化,12,0,12,國泰-新莊,2023-07-25,8886
6275,元山,20,8,12,國泰-新莊,2023-07-25,8886
00885,富邦越南,24,12,12,國泰-新莊,2023-07-25,8886
3481,群創,791,371,420,國泰-新莊,2023-07-26,8886
00916,國泰全球品牌50,416,2,414,國泰-新莊,2023-07-26,8886
00673R,期元大S＆P原油反1,315,5,310,國泰-新莊,2023-07-26,8886
00927,群益半導體收益,244,0,244,國泰-新莊,2023-07-26,8886
3044,健鼎,206,16,190,國泰-新莊,2023-07-26,8886
1504,東元,364,177,187,國泰-新莊,2023-07-26,8886
6188,廣明,123,41,82,國泰-新莊,2023-07-26,8886
3071,協禧,96,20,76,國泰-新莊,2023-07-26,8886
00679B,元大美債20年,81,14,67,國泰-新莊,2023-07-26,8886
00725B,國泰投資級公司債,65,0,65,國泰-新莊,2023-07-26,8886
00753L,中信中國50正2,176,114,62,國泰-新莊,2023-07-26,8886
1101,台泥,64,7,57,國泰-新莊,2023-07-26,8886
00720B,元大投資級公司債,57,0,57,國泰-新莊,2023-07-26,8886
4533,協易機,157,110,47,國泰-新莊,2023-07-26,8886
2405,輔信,129,84,45,國泰-新莊,2023-07-26,8886
4532,瑞智,102,60,42,國泰-新莊,2023-07-26,8886
00882,中信中國高股息,69,27,42,國泰-新莊,2023-07-26,8886
00712,復華富時不動產,50,9,41,國泰-新莊,2023-07-26,8886
2329,華泰,364,324,40,國泰-新莊,2023-07-26,8886
3202,樺晟,38,0,38,國泰-新莊,2023-07-26,8886
2303,聯電,47,15,32,國泰-新莊,2023-07-26,8886
00772B,中信高評級公司債,30,0,30,國泰-新莊,2023-07-26,8886
00676R,富邦臺灣加權反1,30,0,30,國泰-新莊,2023-07-26,8886
6274,台燿,106,78,28,國泰-新莊,2023-07-26,8886
3652,精聯,28,0,28,國泰-新莊,2023-07-26,8886
3029,零壹,117,91,26,國泰-新莊,2023-07-26,8886
2352,佳世達,40,15,25,國泰-新莊,2023-07-26,8886
6841,長佳智能,42,17,25,國泰-新莊,2023-07-26,8886
00687B,國泰20年美債,25,0,25,國泰-新莊,2023-07-26,8886
3045,台灣大,25,0,25,國泰-新莊,2023-07-26,8886
00655L,國泰中國A50正2,26,1,25,國泰-新莊,2023-07-26,8886
5469,瀚宇博,35,11,24,國泰-新莊,2023-07-26,8886
5607,遠雄港,24,0,24,國泰-新莊,2023-07-26,8886
00902,中信電池及儲能,35,12,23,國泰-新莊,2023-07-26,8886
3515,華擎,33,10,23,國泰-新莊,2023-07-26,8886
1605,華新,24,1,23,國泰-新莊,2023-07-26,8886
00930,永豐ESG低碳高息,22,0,22,國泰-新莊,2023-07-26,8886
00891,中信關鍵半導體,22,1,21,國泰-新莊,2023-07-26,8886
1514,亞力,26,7,19,國泰-新莊,2023-07-26,8886
4420,光明,18,0,18,國泰-新莊,2023-07-26,8886
2399,映泰,34,16,18,國泰-新莊,2023-07-26,8886
1760,寶齡富錦,17,0,17,國泰-新莊,2023-07-26,8886
3666,光耀,17,0,17,國泰-新莊,2023-07-26,8886
3013,晟銘電,47,30,17,國泰-新莊,2023-07-26,8886
00680L,元大美債20正2,18,1,17,國泰-新莊,2023-07-26,8886
2301,光寶科,105,89,16,國泰-新莊,2023-07-26,8886
1104,環泥,16,0,16,國泰-新莊,2023-07-26,8886
6191,精成科,16,1,15,國泰-新莊,2023-07-26,8886
3380,明泰,17,2,15,國泰-新莊,2023-07-26,8886
6657,華安,18,3,15,國泰-新莊,2023-07-26,8886
00927,群益半導體收益,624,35,589,國泰-新莊,2023-07-27,8886
6116,彩晶,600,59,541,國泰-新莊,2023-07-27,8886
2887,台新金,161,1,160,國泰-新莊,2023-07-27,8886
00679B,元大美債20年,129,10,119,國泰-新莊,2023-07-27,8886
2605,新興,116,15,101,國泰-新莊,2023-07-27,8886
2601,益航,84,0,84,國泰-新莊,2023-07-27,8886
1907,永豐餘,230,154,76,國泰-新莊,2023-07-27,8886
5483,中美晶,83,10,73,國泰-新莊,2023-07-27,8886
6417,韋僑,69,2,67,國泰-新莊,2023-07-27,8886
00929,復華台灣科技優息,100,33,67,國泰-新莊,2023-07-27,8886
2867,三商壽,65,3,62,國泰-新莊,2023-07-27,8886
2884,玉山金,95,45,50,國泰-新莊,2023-07-27,8886
2405,輔信,120,73,47,國泰-新莊,2023-07-27,8886
00687B,國泰20年美債,58,12,46,國泰-新莊,2023-07-27,8886
2382,廣達,249,206,43,國泰-新莊,2023-07-27,8886
3306,鼎天,76,35,41,國泰-新莊,2023-07-27,8886
4533,協易機,158,117,41,國泰-新莊,2023-07-27,8886
00878,國泰永續高股息,301,262,39,國泰-新莊,2023-07-27,8886
3037,欣興,89,51,38,國泰-新莊,2023-07-27,8886
2340,台亞,61,25,36,國泰-新莊,2023-07-27,8886
00637L,元大滬深300正2,41,6,35,國泰-新莊,2023-07-27,8886
1313,聯成,45,12,33,國泰-新莊,2023-07-27,8886
1460,宏遠,50,18,32,國泰-新莊,2023-07-27,8886
5388,中磊,32,0,32,國泰-新莊,2023-07-27,8886
8234,新漢,41,12,29,國泰-新莊,2023-07-27,8886
2002,中鋼,35,8,27,國泰-新莊,2023-07-27,8886
00795B,中信美國公債20年,27,0,27,國泰-新莊,2023-07-27,8886
1522,堤維西,36,10,26,國泰-新莊,2023-07-27,8886
1609,大亞,50,24,26,國泰-新莊,2023-07-27,8886
6609,瀧澤科,33,7,26,國泰-新莊,2023-07-27,8886
00772B,中信高評級公司債,26,0,26,國泰-新莊,2023-07-27,8886
9949,琉園,29,3,26,國泰-新莊,2023-07-27,8886
00751B,元大AAA至A公司債,25,0,25,國泰-新莊,2023-07-27,8886
2812,台中銀,36,11,25,國泰-新莊,2023-07-27,8886
3714,富采,25,0,25,國泰-新莊,2023-07-27,8886
2609,陽明,54,30,24,國泰-新莊,2023-07-27,8886
2637,慧洋-KY,23,0,23,國泰-新莊,2023-07-27,8886
2425,承啟,32,9,23,國泰-新莊,2023-07-27,8886
6196,帆宣,38,16,22,國泰-新莊,2023-07-27,8886
1102,亞泥,26,5,21,國泰-新莊,2023-07-27,8886
8213,志超,21,1,20,國泰-新莊,2023-07-27,8886
2211,長榮鋼,24,5,19,國泰-新莊,2023-07-27,8886
2419,仲琦,46,28,18,國泰-新莊,2023-07-27,8886
3059,華晶科,42,26,16,國泰-新莊,2023-07-27,8886
2484,希華,14,0,14,國泰-新莊,2023-07-27,8886
3434,哲固,14,0,14,國泰-新莊,2023-07-27,8886
3545,敦泰,19,5,14,國泰-新莊,2023-07-27,8886
2481,強茂,19,5,14,國泰-新莊,2023-07-27,8886
2371,大同,22,9,13,國泰-新莊,2023-07-27,8886
00882,中信中國高股息,35,22,13,國泰-新莊,2023-07-27,8886
00679B,元大美債20年,215,42,173,國泰-新莊,2023-07-28,8886
00680L,元大美債20正2,159,1,158,國泰-新莊,2023-07-28,8886
1612,宏泰,142,6,136,國泰-新莊,2023-07-28,8886
00929,復華台灣科技優息,166,48,118,國泰-新莊,2023-07-28,8886
00673R,期元大S＆P原油反1,110,0,110,國泰-新莊,2023-07-28,8886
2601,益航,107,0,107,國泰-新莊,2023-07-28,8886
00927,群益半導體收益,152,67,85,國泰-新莊,2023-07-28,8886
00687B,國泰20年美債,81,2,79,國泰-新莊,2023-07-28,8886
00751B,元大AAA至A公司債,106,30,76,國泰-新莊,2023-07-28,8886
00665L,富邦�琤肭磪囓�2,78,7,71,國泰-新莊,2023-07-28,8886
00795B,中信美國公債20年,70,0,70,國泰-新莊,2023-07-28,8886
00919,群益台灣精選高息,72,3,69,國泰-新莊,2023-07-28,8886
00720B,元大投資級公司債,69,0,69,國泰-新莊,2023-07-28,8886
2009,第一銅,67,1,66,國泰-新莊,2023-07-28,8886
2834,臺企銀,50,2,48,國泰-新莊,2023-07-28,8886
2618,長榮航,75,29,46,國泰-新莊,2023-07-28,8886
2610,華航,97,51,46,國泰-新莊,2023-07-28,8886
00772B,中信高評級公司債,50,5,45,國泰-新莊,2023-07-28,8886
1907,永豐餘,73,29,44,國泰-新莊,2023-07-28,8886
6116,彩晶,52,8,44,國泰-新莊,2023-07-28,8886
2027,大成鋼,74,30,44,國泰-新莊,2023-07-28,8886
6148,驊宏資,70,28,42,國泰-新莊,2023-07-28,8886
3325,旭品,38,2,36,國泰-新莊,2023-07-28,8886
8234,新漢,39,3,36,國泰-新莊,2023-07-28,8886
2002,中鋼,36,1,35,國泰-新莊,2023-07-28,8886
2329,華泰,308,273,35,國泰-新莊,2023-07-28,8886
5706,鳳凰,62,28,34,國泰-新莊,2023-07-28,8886
6005,群益證,33,0,33,國泰-新莊,2023-07-28,8886
6125,廣運,69,37,32,國泰-新莊,2023-07-28,8886
3231,緯創,309,278,31,國泰-新莊,2023-07-28,8886
00722B,群益投資級電信債,29,0,29,國泰-新莊,2023-07-28,8886
2884,玉山金,30,2,28,國泰-新莊,2023-07-28,8886
00688L,國泰20年美債正2,27,0,27,國泰-新莊,2023-07-28,8886
6133,金橋,27,0,27,國泰-新莊,2023-07-28,8886
6274,台燿,100,74,26,國泰-新莊,2023-07-28,8886
3032,偉訓,34,8,26,國泰-新莊,2023-07-28,8886
2887,台新金,26,1,25,國泰-新莊,2023-07-28,8886
2883,凱基金,39,16,23,國泰-新莊,2023-07-28,8886
2317,鴻海,23,1,22,國泰-新莊,2023-07-28,8886
6275,元山,35,13,22,國泰-新莊,2023-07-28,8886
00895,富邦未來車,22,0,22,國泰-新莊,2023-07-28,8886
00752,中信中國50,30,8,22,國泰-新莊,2023-07-28,8886
1802,台玻,47,25,22,國泰-新莊,2023-07-28,8886
2801,彰銀,21,0,21,國泰-新莊,2023-07-28,8886
2369,菱生,38,19,19,國泰-新莊,2023-07-28,8886
2331,精英,19,0,19,國泰-新莊,2023-07-28,8886
2356,英業達,69,50,19,國泰-新莊,2023-07-28,8886
2722,夏都,25,8,17,國泰-新莊,2023-07-28,8886
4961,天鈺,48,31,17,國泰-新莊,2023-07-28,8886
2344,華邦電,28,11,17,國泰-新莊,2023-07-28,8886
00929,復華台灣科技優息,559,131,428,國泰-新莊,2023-07-31,8886
2891,中信金,314,3,311,國泰-新莊,2023-07-31,8886
2609,陽明,263,46,217,國泰-新莊,2023-07-31,8886
00650L,復華香港正2,161,0,161,國泰-新莊,2023-07-31,8886
3481,群創,490,347,143,國泰-新莊,2023-07-31,8886
00679B,元大美債20年,129,6,123,國泰-新莊,2023-07-31,8886
2601,益航,122,1,121,國泰-新莊,2023-07-31,8886
2301,光寶科,318,215,103,國泰-新莊,2023-07-31,8886
3231,緯創,296,195,101,國泰-新莊,2023-07-31,8886
00687B,國泰20年美債,100,3,97,國泰-新莊,2023-07-31,8886
0056,元大高股息,197,111,86,國泰-新莊,2023-07-31,8886
2329,華泰,318,239,79,國泰-新莊,2023-07-31,8886
2605,新興,78,5,73,國泰-新莊,2023-07-31,8886
2603,長榮,88,15,73,國泰-新莊,2023-07-31,8886
2610,華航,96,27,69,國泰-新莊,2023-07-31,8886
2382,廣達,225,159,66,國泰-新莊,2023-07-31,8886
6156,松上,70,4,66,國泰-新莊,2023-07-31,8886
2356,英業達,95,34,61,國泰-新莊,2023-07-31,8886
00673R,期元大S＆P原油反1,116,55,61,國泰-新莊,2023-07-31,8886
00655L,國泰中國A50正2,60,0,60,國泰-新莊,2023-07-31,8886
00882,中信中國高股息,109,49,60,國泰-新莊,2023-07-31,8886
1513,中興電,173,126,47,國泰-新莊,2023-07-31,8886
6152,百一,40,0,40,國泰-新莊,2023-07-31,8886
00665L,富邦�琤肭磪囓�2,81,42,39,國泰-新莊,2023-07-31,8886
6120,達運,64,26,38,國泰-新莊,2023-07-31,8886
2352,佳世達,65,29,36,國泰-新莊,2023-07-31,8886
2317,鴻海,42,7,35,國泰-新莊,2023-07-31,8886
2303,聯電,47,13,34,國泰-新莊,2023-07-31,8886
2834,臺企銀,36,3,33,國泰-新莊,2023-07-31,8886
1503,士電,45,13,32,國泰-新莊,2023-07-31,8886
2884,玉山金,39,10,29,國泰-新莊,2023-07-31,8886
00669R,國泰美國道瓊反1,37,10,27,國泰-新莊,2023-07-31,8886
3264,欣銓,37,10,27,國泰-新莊,2023-07-31,8886
5880,合庫金,31,5,26,國泰-新莊,2023-07-31,8886
2409,友達,87,61,26,國泰-新莊,2023-07-31,8886
2419,仲琦,54,28,26,國泰-新莊,2023-07-31,8886
3189,景碩,25,0,25,國泰-新莊,2023-07-31,8886
2449,京元電子,32,8,24,國泰-新莊,2023-07-31,8886
00795B,中信美國公債20年,26,2,24,國泰-新莊,2023-07-31,8886
3037,欣興,55,33,22,國泰-新莊,2023-07-31,8886
3711,日月光投控,26,4,22,國泰-新莊,2023-07-31,8886
00919,群益台灣精選高息,44,22,22,國泰-新莊,2023-07-31,8886
8358,金居,77,56,21,國泰-新莊,2023-07-31,8886
6285,啟��,50,29,21,國泰-新莊,2023-07-31,8886
9927,泰銘,32,12,20,國泰-新莊,2023-07-31,8886
3325,旭品,30,10,20,國泰-新莊,2023-07-31,8886
5876,上海商銀,20,0,20,國泰-新莊,2023-07-31,8886
2002,中鋼,24,5,19,國泰-新莊,2023-07-31,8886
2376,技嘉,44,25,19,國泰-新莊,2023-07-31,8886
6190,萬泰科,36,17,19,國泰-新莊,2023-07-31,8886
00929,復華台灣科技優息,439,66,373,國泰-新莊,2023-08-01,8886
3481,群創,583,455,128,國泰-新莊,2023-08-01,8886
1802,台玻,176,87,89,國泰-新莊,2023-08-01,8886
2312,金寶,257,171,86,國泰-新莊,2023-08-01,8886
2301,光寶科,213,132,81,國泰-新莊,2023-08-01,8886
2409,友達,99,30,69,國泰-新莊,2023-08-01,8886
5608,四維航,52,0,52,國泰-新莊,2023-08-01,8886
00679B,元大美債20年,82,32,50,國泰-新莊,2023-08-01,8886
00722B,群益投資級電信債,45,0,45,國泰-新莊,2023-08-01,8886
1905,華紙,69,26,43,國泰-新莊,2023-08-01,8886
00633L,富邦上証正2,42,1,41,國泰-新莊,2023-08-01,8886
6156,松上,40,0,40,國泰-新莊,2023-08-01,8886
3013,晟銘電,77,38,39,國泰-新莊,2023-08-01,8886
6282,康舒,121,83,38,國泰-新莊,2023-08-01,8886
00753L,中信中國50正2,52,14,38,國泰-新莊,2023-08-01,8886
5388,中磊,54,22,32,國泰-新莊,2023-08-01,8886
00923,群益台ESG低碳50,31,0,31,國泰-新莊,2023-08-01,8886
3163,波若威,124,94,30,國泰-新莊,2023-08-01,8886
2601,益航,30,0,30,國泰-新莊,2023-08-01,8886
00907,永豐優息存股,30,0,30,國泰-新莊,2023-08-01,8886
2892,第一金,54,24,30,國泰-新莊,2023-08-01,8886
5009,榮剛,32,3,29,國泰-新莊,2023-08-01,8886
2891,中信金,36,8,28,國泰-新莊,2023-08-01,8886
2913,農林,192,164,28,國泰-新莊,2023-08-01,8886
00882,中信中國高股息,34,9,25,國泰-新莊,2023-08-01,8886
00881,國泰台灣5G+,36,12,24,國泰-新莊,2023-08-01,8886
00673R,期元大S＆P原油反1,36,13,23,國泰-新莊,2023-08-01,8886
00687B,國泰20年美債,25,2,23,國泰-新莊,2023-08-01,8886
1503,士電,51,28,23,國泰-新莊,2023-08-01,8886
00713,元大台灣高息低波,25,3,22,國泰-新莊,2023-08-01,8886
2405,輔信,40,19,21,國泰-新莊,2023-08-01,8886
3264,欣銓,24,5,19,國泰-新莊,2023-08-01,8886
2344,華邦電,56,37,19,國泰-新莊,2023-08-01,8886
2408,南亞科,29,11,18,國泰-新莊,2023-08-01,8886
00919,群益台灣精選高息,76,59,17,國泰-新莊,2023-08-01,8886
3583,辛耘,44,27,17,國泰-新莊,2023-08-01,8886
6214,精誠,25,8,17,國泰-新莊,2023-08-01,8886
8215,明基材,19,2,17,國泰-新莊,2023-08-01,8886
3044,健鼎,29,12,17,國泰-新莊,2023-08-01,8886
5530,龍巖,16,0,16,國泰-新莊,2023-08-01,8886
00885,富邦越南,40,24,16,國泰-新莊,2023-08-01,8886
1301,台塑,15,0,15,國泰-新莊,2023-08-01,8886
6239,力成,15,0,15,國泰-新莊,2023-08-01,8886
00665L,富邦�琤肭磪囓�2,24,9,15,國泰-新莊,2023-08-01,8886
5706,鳳凰,19,4,15,國泰-新莊,2023-08-01,8886
3033,威健,36,21,15,國泰-新莊,2023-08-01,8886
3105,穩懋,18,3,15,國泰-新莊,2023-08-01,8886
00720B,元大投資級公司債,15,1,14,國泰-新莊,2023-08-01,8886
2888,新光金,77,64,13,國泰-新莊,2023-08-01,8886
6535,順藥,13,0,13,國泰-新莊,2023-08-01,8886
3481,群創,796,308,488,國泰-新莊,2023-08-02,8886
00878,國泰永續高股息,821,373,448,國泰-新莊,2023-08-02,8886
00929,復華台灣科技優息,332,79,253,國泰-新莊,2023-08-02,8886
1605,華新,413,253,160,國泰-新莊,2023-08-02,8886
00923,群益台ESG低碳50,147,2,145,國泰-新莊,2023-08-02,8886
00900,富邦特選高股息30,145,6,139,國泰-新莊,2023-08-02,8886
00679B,元大美債20年,127,24,103,國泰-新莊,2023-08-02,8886
00712,復華富時不動產,209,106,103,國泰-新莊,2023-08-02,8886
00687B,國泰20年美債,106,6,100,國泰-新莊,2023-08-02,8886
2888,新光金,193,96,97,國泰-新莊,2023-08-02,8886
00680L,元大美債20正2,212,127,85,國泰-新莊,2023-08-02,8886
00673R,期元大S＆P原油反1,96,16,80,國泰-新莊,2023-08-02,8886
3231,緯創,288,213,75,國泰-新莊,2023-08-02,8886
00772B,中信高評級公司債,70,1,69,國泰-新莊,2023-08-02,8886
00795B,中信美國公債20年,67,0,67,國泰-新莊,2023-08-02,8886
00751B,元大AAA至A公司債,57,0,57,國泰-新莊,2023-08-02,8886
2002,中鋼,60,6,54,國泰-新莊,2023-08-02,8886
00753L,中信中國50正2,68,14,54,國泰-新莊,2023-08-02,8886
0056,元大高股息,174,121,53,國泰-新莊,2023-08-02,8886
6282,康舒,128,75,53,國泰-新莊,2023-08-02,8886
2017,官田鋼,51,2,49,國泰-新莊,2023-08-02,8886
6120,達運,70,24,46,國泰-新莊,2023-08-02,8886
2338,光罩,45,0,45,國泰-新莊,2023-08-02,8886
2312,金寶,84,40,44,國泰-新莊,2023-08-02,8886
2601,益航,42,2,40,國泰-新莊,2023-08-02,8886
00882,中信中國高股息,62,23,39,國泰-新莊,2023-08-02,8886
00722B,群益投資級電信債,38,0,38,國泰-新莊,2023-08-02,8886
00720B,元大投資級公司債,37,3,34,國泰-新莊,2023-08-02,8886
2481,強茂,36,3,33,國泰-新莊,2023-08-02,8886
2382,廣達,156,124,32,國泰-新莊,2023-08-02,8886
1460,宏遠,33,1,32,國泰-新莊,2023-08-02,8886
2317,鴻海,37,6,31,國泰-新莊,2023-08-02,8886
2301,光寶科,129,100,29,國泰-新莊,2023-08-02,8886
5608,四維航,31,2,29,國泰-新莊,2023-08-02,8886
3434,哲固,29,0,29,國泰-新莊,2023-08-02,8886
1609,大亞,300,271,29,國泰-新莊,2023-08-02,8886
2886,兆豐金,31,3,28,國泰-新莊,2023-08-02,8886
3024,憶聲,28,1,27,國泰-新莊,2023-08-02,8886
2882,國泰金,31,6,25,國泰-新莊,2023-08-02,8886
6275,元山,28,3,25,國泰-新莊,2023-08-02,8886
00692,富邦公司治理,25,0,25,國泰-新莊,2023-08-02,8886
006208,富邦台50,25,1,24,國泰-新莊,2023-08-02,8886
5607,遠雄港,22,0,22,國泰-新莊,2023-08-02,8886
2330,台積電,26,4,22,國泰-新莊,2023-08-02,8886
0050,元大台灣50,25,4,21,國泰-新莊,2023-08-02,8886
3711,日月光投控,28,7,21,國泰-新莊,2023-08-02,8886
3163,波若威,141,120,21,國泰-新莊,2023-08-02,8886
2891,中信金,57,36,21,國泰-新莊,2023-08-02,8886
2402,毅嘉,112,91,21,國泰-新莊,2023-08-02,8886
00713,元大台灣高息低波,22,2,20,國泰-新莊,2023-08-02,8886
00679B,元大美債20年,369,26,343,國泰-新莊,2023-08-04,8886
00687B,國泰20年美債,313,25,288,國泰-新莊,2023-08-04,8886
2027,大成鋼,219,1,218,國泰-新莊,2023-08-04,8886
00929,復華台灣科技優息,227,15,212,國泰-新莊,2023-08-04,8886
00772B,中信高評級公司債,199,13,186,國泰-新莊,2023-08-04,8886
00680L,元大美債20正2,147,15,132,國泰-新莊,2023-08-04,8886
00795B,中信美國公債20年,128,10,118,國泰-新莊,2023-08-04,8886
1905,華紙,207,92,115,國泰-新莊,2023-08-04,8886
00637L,元大滬深300正2,133,19,114,國泰-新莊,2023-08-04,8886
00751B,元大AAA至A公司債,96,0,96,國泰-新莊,2023-08-04,8886
2891,中信金,90,2,88,國泰-新莊,2023-08-04,8886
00673R,期元大S＆P原油反1,87,0,87,國泰-新莊,2023-08-04,8886
2344,華邦電,99,16,83,國泰-新莊,2023-08-04,8886
00720B,元大投資級公司債,78,1,77,國泰-新莊,2023-08-04,8886
2029,盛餘,76,0,76,國泰-新莊,2023-08-04,8886
00878,國泰永續高股息,333,263,70,國泰-新莊,2023-08-04,8886
00688L,國泰20年美債正2,67,0,67,國泰-新莊,2023-08-04,8886
2913,農林,400,337,63,國泰-新莊,2023-08-04,8886
2887,台新金,57,4,53,國泰-新莊,2023-08-04,8886
2610,華航,70,23,47,國泰-新莊,2023-08-04,8886
00923,群益台ESG低碳50,45,0,45,國泰-新莊,2023-08-04,8886
00892,富邦台灣半導體,43,0,43,國泰-新莊,2023-08-04,8886
8215,明基材,43,7,36,國泰-新莊,2023-08-04,8886
00900,富邦特選高股息30,44,13,31,國泰-新莊,2023-08-04,8886
00722B,群益投資級電信債,30,0,30,國泰-新莊,2023-08-04,8886
1216,統一,26,1,25,國泰-新莊,2023-08-04,8886
00891,中信關鍵半導體,22,1,21,國泰-新莊,2023-08-04,8886
2618,長榮航,31,11,20,國泰-新莊,2023-08-04,8886
00857B,永豐20年美公債,20,0,20,國泰-新莊,2023-08-04,8886
2405,輔信,21,1,20,國泰-新莊,2023-08-04,8886
2530,華建,20,0,20,國泰-新莊,2023-08-04,8886
1210,大成,28,8,20,國泰-新莊,2023-08-04,8886
1612,宏泰,21,2,19,國泰-新莊,2023-08-04,8886
3051,力特,22,5,17,國泰-新莊,2023-08-04,8886
2330,台積電,20,3,17,國泰-新莊,2023-08-04,8886
1529,樂事綠能,26,10,16,國泰-新莊,2023-08-04,8886
2206,三陽工業,25,9,16,國泰-新莊,2023-08-04,8886
00922,國泰台灣領袖50,16,0,16,國泰-新莊,2023-08-04,8886
8011,台通,15,0,15,國泰-新莊,2023-08-04,8886
1591,駿吉-KY,15,0,15,國泰-新莊,2023-08-04,8886
2855,統一證,20,5,15,國泰-新莊,2023-08-04,8886
4746,台耀,26,12,14,國泰-新莊,2023-08-04,8886
2609,陽明,23,9,14,國泰-新莊,2023-08-04,8886
5871,中租-KY,14,1,13,國泰-新莊,2023-08-04,8886
2356,英業達,215,202,13,國泰-新莊,2023-08-04,8886
1907,永豐餘,14,1,13,國泰-新莊,2023-08-04,8886
6443,元晶,37,24,13,國泰-新莊,2023-08-04,8886
1727,中華化,24,11,13,國泰-新莊,2023-08-04,8886
4538,大詠城,13,0,13,國泰-新莊,2023-08-04,8886
2031,新光鋼,23,10,13,國泰-新莊,2023-08-04,8886
00632R,元大台灣50反1,730,27,703,國泰-新莊,2023-08-07,8886
2897,王道銀行,200,0,200,國泰-新莊,2023-08-07,8886
3024,憶聲,156,0,156,國泰-新莊,2023-08-07,8886
6005,群益證,122,0,122,國泰-新莊,2023-08-07,8886
00930,永豐ESG低碳高息,103,0,103,國泰-新莊,2023-08-07,8886
2913,農林,167,74,93,國泰-新莊,2023-08-07,8886
00882,中信中國高股息,80,4,76,國泰-新莊,2023-08-07,8886
00751B,元大AAA至A公司債,76,2,74,國泰-新莊,2023-08-07,8886
00931B,統一美債20年,133,60,73,國泰-新莊,2023-08-07,8886
00923,群益台ESG低碳50,80,12,68,國泰-新莊,2023-08-07,8886
00665L,富邦�琤肭磪囓�2,93,37,56,國泰-新莊,2023-08-07,8886
4747,強生,59,7,52,國泰-新莊,2023-08-07,8886
00900,富邦特選高股息30,66,16,50,國泰-新莊,2023-08-07,8886
00733,富邦臺灣中小,50,0,50,國泰-新莊,2023-08-07,8886
2610,華航,101,51,50,國泰-新莊,2023-08-07,8886
2462,良得電,48,4,44,國泰-新莊,2023-08-07,8886
2353,宏��,88,49,39,國泰-新莊,2023-08-07,8886
6438,迅得,39,0,39,國泰-新莊,2023-08-07,8886
2301,光寶科,217,179,38,國泰-新莊,2023-08-07,8886
9955,佳龍,44,9,35,國泰-新莊,2023-08-07,8886
2316,楠梓電,35,0,35,國泰-新莊,2023-08-07,8886
00720B,元大投資級公司債,34,0,34,國泰-新莊,2023-08-07,8886
3706,神達,187,155,32,國泰-新莊,2023-08-07,8886
2312,金寶,46,17,29,國泰-新莊,2023-08-07,8886
00673R,期元大S＆P原油反1,32,5,27,國泰-新莊,2023-08-07,8886
2029,盛餘,25,0,25,國泰-新莊,2023-08-07,8886
2886,兆豐金,28,3,25,國泰-新莊,2023-08-07,8886
00907,永豐優息存股,23,0,23,國泰-新莊,2023-08-07,8886
2855,統一證,22,0,22,國泰-新莊,2023-08-07,8886
2891,中信金,37,16,21,國泰-新莊,2023-08-07,8886
6142,友勁,21,0,21,國泰-新莊,2023-08-07,8886
2317,鴻海,51,31,20,國泰-新莊,2023-08-07,8886
5607,遠雄港,20,0,20,國泰-新莊,2023-08-07,8886
00637L,元大滬深300正2,30,10,20,國泰-新莊,2023-08-07,8886
2461,光群雷,21,1,20,國泰-新莊,2023-08-07,8886
3017,奇鋐,65,45,20,國泰-新莊,2023-08-07,8886
1905,華紙,85,65,20,國泰-新莊,2023-08-07,8886
00725B,國泰投資級公司債,20,0,20,國泰-新莊,2023-08-07,8886
2603,長榮,29,10,19,國泰-新莊,2023-08-07,8886
6214,精誠,20,1,19,國泰-新莊,2023-08-07,8886
00679B,元大美債20年,28,9,19,國泰-新莊,2023-08-07,8886
3013,晟銘電,34,16,18,國泰-新莊,2023-08-07,8886
8011,台通,22,4,18,國泰-新莊,2023-08-07,8886
3042,晶技,19,1,18,國泰-新莊,2023-08-07,8886
00662,富邦NASDAQ,19,1,18,國泰-新莊,2023-08-07,8886
00712,復華富時不動產,30,13,17,國泰-新莊,2023-08-07,8886
6443,元晶,30,14,16,國泰-新莊,2023-08-07,8886
1314,中石化,16,0,16,國泰-新莊,2023-08-07,8886
2352,佳世達,104,88,16,國泰-新莊,2023-08-07,8886
2890,永豐金,18,2,16,國泰-新莊,2023-08-07,8886
00931B,統一美債20年,256,1,255,國泰-新莊,2023-08-08,8886
00929,復華台灣科技優息,287,45,242,國泰-新莊,2023-08-08,8886
00878,國泰永續高股息,301,167,134,國泰-新莊,2023-08-08,8886
2356,英業達,384,272,112,國泰-新莊,2023-08-08,8886
00687B,國泰20年美債,116,10,106,國泰-新莊,2023-08-08,8886
2027,大成鋼,104,1,103,國泰-新莊,2023-08-08,8886
00900,富邦特選高股息30,98,5,93,國泰-新莊,2023-08-08,8886
00753L,中信中國50正2,128,40,88,國泰-新莊,2023-08-08,8886
2890,永豐金,87,3,84,國泰-新莊,2023-08-08,8886
3231,緯創,515,437,78,國泰-新莊,2023-08-08,8886
1217,愛之味,116,41,75,國泰-新莊,2023-08-08,8886
00665L,富邦�琤肭磪囓�2,74,0,74,國泰-新莊,2023-08-08,8886
00923,群益台ESG低碳50,86,25,61,國泰-新莊,2023-08-08,8886
1909,榮成,55,3,52,國泰-新莊,2023-08-08,8886
2303,聯電,55,4,51,國泰-新莊,2023-08-08,8886
2301,光寶科,130,84,46,國泰-新莊,2023-08-08,8886
6226,光鼎,43,0,43,國泰-新莊,2023-08-08,8886
2883,凱基金,47,5,42,國泰-新莊,2023-08-08,8886
6139,亞翔,45,4,41,國泰-新莊,2023-08-08,8886
00919,群益台灣精選高息,41,2,39,國泰-新莊,2023-08-08,8886
00927,群益半導體收益,39,1,38,國泰-新莊,2023-08-08,8886
2891,中信金,36,0,36,國泰-新莊,2023-08-08,8886
006208,富邦台50,36,0,36,國泰-新莊,2023-08-08,8886
5864,致和證,42,7,35,國泰-新莊,2023-08-08,8886
1101,台泥,35,0,35,國泰-新莊,2023-08-08,8886
2382,廣達,258,223,35,國泰-新莊,2023-08-08,8886
2897,王道銀行,33,0,33,國泰-新莊,2023-08-08,8886
3013,晟銘電,69,37,32,國泰-新莊,2023-08-08,8886
9945,潤泰新,29,1,28,國泰-新莊,2023-08-08,8886
00907,永豐優息存股,26,0,26,國泰-新莊,2023-08-08,8886
1409,新纖,25,0,25,國泰-新莊,2023-08-08,8886
3706,神達,108,83,25,國泰-新莊,2023-08-08,8886
3163,波若威,131,106,25,國泰-新莊,2023-08-08,8886
0050,元大台灣50,26,1,25,國泰-新莊,2023-08-08,8886
6188,廣明,58,34,24,國泰-新莊,2023-08-08,8886
3060,銘異,23,0,23,國泰-新莊,2023-08-08,8886
6120,達運,68,45,23,國泰-新莊,2023-08-08,8886
00715L,期街口布蘭特正2,27,6,21,國泰-新莊,2023-08-08,8886
3447,展達,40,19,21,國泰-新莊,2023-08-08,8886
00881,國泰台灣5G+,25,4,21,國泰-新莊,2023-08-08,8886
2368,金像電,34,13,21,國泰-新莊,2023-08-08,8886
6274,台燿,56,35,21,國泰-新莊,2023-08-08,8886
2029,盛餘,20,0,20,國泰-新莊,2023-08-08,8886
2014,中鴻,28,9,19,國泰-新莊,2023-08-08,8886
2834,臺企銀,23,4,19,國泰-新莊,2023-08-08,8886
5607,遠雄港,18,0,18,國泰-新莊,2023-08-08,8886
1504,東元,53,35,18,國泰-新莊,2023-08-08,8886
6770,力積電,23,6,17,國泰-新莊,2023-08-08,8886
2002,中鋼,16,0,16,國泰-新莊,2023-08-08,8886
2601,益航,23,7,16,國泰-新莊,2023-08-08,8886
00900,富邦特選高股息30,190,10,180,國泰-新莊,2023-08-09,8886
3049,精金,152,0,152,國泰-新莊,2023-08-09,8886
3706,神達,188,54,134,國泰-新莊,2023-08-09,8886
00923,群益台ESG低碳50,133,5,128,國泰-新莊,2023-08-09,8886
00929,復華台灣科技優息,318,203,115,國泰-新莊,2023-08-09,8886
2027,大成鋼,109,0,109,國泰-新莊,2023-08-09,8886
3044,健鼎,197,100,97,國泰-新莊,2023-08-09,8886
00664R,國泰臺灣加權反1,90,10,80,國泰-新莊,2023-08-09,8886
2323,中環,76,10,66,國泰-新莊,2023-08-09,8886
00882,中信中國高股息,67,5,62,國泰-新莊,2023-08-09,8886
00878,國泰永續高股息,153,92,61,國泰-新莊,2023-08-09,8886
6120,達運,54,0,54,國泰-新莊,2023-08-09,8886
2881,富邦金,53,0,53,國泰-新莊,2023-08-09,8886
00679B,元大美債20年,45,3,42,國泰-新莊,2023-08-09,8886
5880,合庫金,42,3,39,國泰-新莊,2023-08-09,8886
00795B,中信美國公債20年,37,0,37,國泰-新莊,2023-08-09,8886
00907,永豐優息存股,35,0,35,國泰-新莊,2023-08-09,8886
00665L,富邦�琤肭磪囓�2,46,12,34,國泰-新莊,2023-08-09,8886
00712,復華富時不動產,35,1,34,國泰-新莊,2023-08-09,8886
6152,百一,32,0,32,國泰-新莊,2023-08-09,8886
1229,聯華,30,0,30,國泰-新莊,2023-08-09,8886
00919,群益台灣精選高息,31,2,29,國泰-新莊,2023-08-09,8886
1337,再生-KY,27,0,27,國泰-新莊,2023-08-09,8886
1605,華新,32,5,27,國泰-新莊,2023-08-09,8886
1905,華紙,32,7,25,國泰-新莊,2023-08-09,8886
3481,群創,366,341,25,國泰-新莊,2023-08-09,8886
5607,遠雄港,23,0,23,國泰-新莊,2023-08-09,8886
2618,長榮航,76,55,21,國泰-新莊,2023-08-09,8886
2344,華邦電,23,3,20,國泰-新莊,2023-08-09,8886
2337,旺宏,21,1,20,國泰-新莊,2023-08-09,8886
3596,智易,21,1,20,國泰-新莊,2023-08-09,8886
3548,兆利,20,0,20,國泰-新莊,2023-08-09,8886
8064,東捷,20,0,20,國泰-新莊,2023-08-09,8886
1460,宏遠,20,0,20,國泰-新莊,2023-08-09,8886
8099,大世科,20,0,20,國泰-新莊,2023-08-09,8886
2890,永豐金,31,12,19,國泰-新莊,2023-08-09,8886
2329,華泰,22,3,19,國泰-新莊,2023-08-09,8886
8011,台通,20,1,19,國泰-新莊,2023-08-09,8886
3694,海華,20,1,19,國泰-新莊,2023-08-09,8886
00632R,元大台灣50反1,59,41,18,國泰-新莊,2023-08-09,8886
3434,哲固,18,0,18,國泰-新莊,2023-08-09,8886
2891,中信金,20,2,18,國泰-新莊,2023-08-09,8886
2029,盛餘,17,0,17,國泰-新莊,2023-08-09,8886
00931B,統一美債20年,62,45,17,國泰-新莊,2023-08-09,8886
2002,中鋼,20,4,16,國泰-新莊,2023-08-09,8886
2834,臺企銀,16,0,16,國泰-新莊,2023-08-09,8886
2313,華通,16,0,16,國泰-新莊,2023-08-09,8886
00637L,元大滬深300正2,16,1,15,國泰-新莊,2023-08-09,8886
1210,大成,17,1,16,國泰-新莊,2023-08-09,8886
5009,榮剛,15,0,15,國泰-新莊,2023-08-09,8886
00929,復華台灣科技優息,576,5,571,國泰-新莊,2023-08-10,8886
00878,國泰永續高股息,633,290,343,國泰-新莊,2023-08-10,8886
2888,新光金,734,495,239,國泰-新莊,2023-08-10,8886
6120,達運,227,16,211,國泰-新莊,2023-08-10,8886
2323,中環,159,16,143,國泰-新莊,2023-08-10,8886
00900,富邦特選高股息30,137,11,126,國泰-新莊,2023-08-10,8886
4155,訊映,119,0,119,國泰-新莊,2023-08-10,8886
00930,永豐ESG低碳高息,100,1,99,國泰-新莊,2023-08-10,8886
00637L,元大滬深300正2,106,20,86,國泰-新莊,2023-08-10,8886
2481,強茂,90,8,82,國泰-新莊,2023-08-10,8886
00931B,統一美債20年,75,0,75,國泰-新莊,2023-08-10,8886
00673R,期元大S＆P原油反1,74,0,74,國泰-新莊,2023-08-10,8886
2610,華航,181,111,70,國泰-新莊,2023-08-10,8886
6282,康舒,115,48,67,國泰-新莊,2023-08-10,8886
00923,群益台ESG低碳50,62,0,62,國泰-新莊,2023-08-10,8886
00881,國泰台灣5G+,81,19,62,國泰-新莊,2023-08-10,8886
0056,元大高股息,131,75,56,國泰-新莊,2023-08-10,8886
2886,兆豐金,69,13,56,國泰-新莊,2023-08-10,8886
00919,群益台灣精選高息,105,51,54,國泰-新莊,2023-08-10,8886
1504,東元,143,90,53,國泰-新莊,2023-08-10,8886
2027,大成鋼,51,4,47,國泰-新莊,2023-08-10,8886
3032,偉訓,45,1,44,國泰-新莊,2023-08-10,8886
2891,中信金,51,8,43,國泰-新莊,2023-08-10,8886
3013,晟銘電,49,11,38,國泰-新莊,2023-08-10,8886
1457,宜進,37,0,37,國泰-新莊,2023-08-10,8886
2382,廣達,190,155,35,國泰-新莊,2023-08-10,8886
2834,臺企銀,34,0,34,國泰-新莊,2023-08-10,8886
2851,中再保,35,1,34,國泰-新莊,2023-08-10,8886
1605,華新,55,24,31,國泰-新莊,2023-08-10,8886
00891,中信關鍵半導體,31,2,29,國泰-新莊,2023-08-10,8886
9945,潤泰新,33,3,30,國泰-新莊,2023-08-10,8886
2002,中鋼,29,0,29,國泰-新莊,2023-08-10,8886
6167,久正,36,8,28,國泰-新莊,2023-08-10,8886
0055,元大MSCI金融,28,0,28,國泰-新莊,2023-08-10,8886
3576,聯合再生,76,50,26,國泰-新莊,2023-08-10,8886
1905,華紙,30,6,24,國泰-新莊,2023-08-10,8886
5607,遠雄港,24,0,24,國泰-新莊,2023-08-10,8886
1513,中興電,49,25,24,國泰-新莊,2023-08-10,8886
006208,富邦台50,25,3,22,國泰-新莊,2023-08-10,8886
3037,欣興,41,18,23,國泰-新莊,2023-08-10,8886
3362,先進光,59,38,21,國泰-新莊,2023-08-10,8886
1802,台玻,41,20,21,國泰-新莊,2023-08-10,8886
3078,僑威,35,14,21,國泰-新莊,2023-08-10,8886
2312,金寶,61,41,20,國泰-新莊,2023-08-10,8886
2889,國票金,20,0,20,國泰-新莊,2023-08-10,8886
00733,富邦臺灣中小,21,1,20,國泰-新莊,2023-08-10,8886
1442,名軒,20,0,20,國泰-新莊,2023-08-10,8886
3325,旭品,44,24,20,國泰-新莊,2023-08-10,8886
2376,技嘉,62,42,20,國泰-新莊,2023-08-10,8886
00907,永豐優息存股,19,0,19,國泰-新莊,2023-08-10,8886
3481,群創,723,309,414,國泰-新莊,2023-08-11,8886
4155,訊映,1453,1147,306,國泰-新莊,2023-08-11,8886
00929,復華台灣科技優息,220,40,180,國泰-新莊,2023-08-11,8886
00687B,國泰20年美債,163,7,156,國泰-新莊,2023-08-11,8886
2888,新光金,347,217,130,國泰-新莊,2023-08-11,8886
00931B,統一美債20年,115,4,111,國泰-新莊,2023-08-11,8886
00900,富邦特選高股息30,112,11,101,國泰-新莊,2023-08-11,8886
2618,長榮航,218,148,70,國泰-新莊,2023-08-11,8886
00637L,元大滬深300正2,107,41,66,國泰-新莊,2023-08-11,8886
2027,大成鋼,70,5,65,國泰-新莊,2023-08-11,8886
00706L,期元大S＆P日圓正2,59,0,59,國泰-新莊,2023-08-11,8886
00795B,中信美國公債20年,59,1,58,國泰-新莊,2023-08-11,8886
00878,國泰永續高股息,123,67,56,國泰-新莊,2023-08-11,8886
2892,第一金,56,3,53,國泰-新莊,2023-08-11,8886
00923,群益台ESG低碳50,64,18,46,國泰-新莊,2023-08-11,8886
00753L,中信中國50正2,46,0,46,國泰-新莊,2023-08-11,8886
00772B,中信高評級公司債,43,0,43,國泰-新莊,2023-08-11,8886
00680L,元大美債20正2,37,1,36,國泰-新莊,2023-08-11,8886
2317,鴻海,48,14,34,國泰-新莊,2023-08-11,8886
2002,中鋼,31,1,30,國泰-新莊,2023-08-11,8886
2356,英業達,175,147,28,國泰-新莊,2023-08-11,8886
5607,遠雄港,27,0,27,國泰-新莊,2023-08-11,8886
00631L,元大台灣50正2,26,0,26,國泰-新莊,2023-08-11,8886
2301,光寶科,49,24,25,國泰-新莊,2023-08-11,8886
2312,金寶,31,6,25,國泰-新莊,2023-08-11,8886
2886,兆豐金,30,6,24,國泰-新莊,2023-08-11,8886
00712,復華富時不動產,23,1,22,國泰-新莊,2023-08-11,8886
00907,永豐優息存股,22,0,22,國泰-新莊,2023-08-11,8886
6770,力積電,28,6,22,國泰-新莊,2023-08-11,8886
3049,精金,27,5,22,國泰-新莊,2023-08-11,8886
00688L,國泰20年美債正2,21,0,21,國泰-新莊,2023-08-11,8886
00751B,元大AAA至A公司債,21,0,21,國泰-新莊,2023-08-11,8886
2330,台積電,22,1,21,國泰-新莊,2023-08-11,8886
2801,彰銀,21,1,20,國泰-新莊,2023-08-11,8886
3231,緯創,231,212,19,國泰-新莊,2023-08-11,8886
0055,元大MSCI金融,19,0,19,國泰-新莊,2023-08-11,8886
6605,帝寶,19,0,19,國泰-新莊,2023-08-11,8886
8473,山林水,18,0,18,國泰-新莊,2023-08-11,8886
1802,台玻,26,9,17,國泰-新莊,2023-08-11,8886
006208,富邦台50,17,0,17,國泰-新莊,2023-08-11,8886
2481,強茂,26,10,16,國泰-新莊,2023-08-11,8886
1301,台塑,15,0,15,國泰-新莊,2023-08-11,8886
2313,華通,15,0,15,國泰-新莊,2023-08-11,8886
3105,穩懋,16,1,15,國泰-新莊,2023-08-11,8886
3540,曜越,15,0,15,國泰-新莊,2023-08-11,8886
3483,力致,34,20,14,國泰-新莊,2023-08-11,8886
2883,凱基金,30,16,14,國泰-新莊,2023-08-11,8886
00919,群益台灣精選高息,15,2,13,國泰-新莊,2023-08-11,8886
3521,鴻翊,13,0,13,國泰-新莊,2023-08-11,8886
2915,潤泰全,15,2,13,國泰-新莊,2023-08-11,8886
00929,復華台灣科技優息,603,120,483,國泰-新莊,2023-08-14,8886
00878,國泰永續高股息,466,57,409,國泰-新莊,2023-08-14,8886
00900,富邦特選高股息30,278,2,276,國泰-新莊,2023-08-14,8886
00923,群益台ESG低碳50,203,0,203,國泰-新莊,2023-08-14,8886
4155,訊映,131,0,131,國泰-新莊,2023-08-14,8886
2610,華航,176,47,129,國泰-新莊,2023-08-14,8886
00753L,中信中國50正2,108,33,75,國泰-新莊,2023-08-14,8886
2883,凱基金,74,2,72,國泰-新莊,2023-08-14,8886
00637L,元大滬深300正2,98,30,68,國泰-新莊,2023-08-14,8886
00882,中信中國高股息,161,102,59,國泰-新莊,2023-08-14,8886
2834,臺企銀,64,6,58,國泰-新莊,2023-08-14,8886
2329,華泰,58,4,54,國泰-新莊,2023-08-14,8886
0056,元大高股息,78,27,51,國泰-新莊,2023-08-14,8886
00931B,統一美債20年,62,11,51,國泰-新莊,2023-08-14,8886
00679B,元大美債20年,53,6,47,國泰-新莊,2023-08-14,8886
00907,永豐優息存股,47,3,44,國泰-新莊,2023-08-14,8886
0050,元大台灣50,47,4,43,國泰-新莊,2023-08-14,8886
00680L,元大美債20正2,42,0,42,國泰-新莊,2023-08-14,8886
6005,群益證,84,44,40,國泰-新莊,2023-08-14,8886
3622,洋華,45,6,39,國泰-新莊,2023-08-14,8886
2356,英業達,334,296,38,國泰-新莊,2023-08-14,8886
2890,永豐金,41,3,38,國泰-新莊,2023-08-14,8886
2884,玉山金,43,7,36,國泰-新莊,2023-08-14,8886
2002,中鋼,39,4,35,國泰-新莊,2023-08-14,8886
2363,矽統,210,178,32,國泰-新莊,2023-08-14,8886
1312,國喬,31,0,31,國泰-新莊,2023-08-14,8886
2201,裕隆,32,1,31,國泰-新莊,2023-08-14,8886
006208,富邦台50,32,1,31,國泰-新莊,2023-08-14,8886
00919,群益台灣精選高息,31,1,30,國泰-新莊,2023-08-14,8886
2867,三商壽,33,5,28,國泰-新莊,2023-08-14,8886
2886,兆豐金,55,27,28,國泰-新莊,2023-08-14,8886
2892,第一金,30,3,27,國泰-新莊,2023-08-14,8886
3434,哲固,26,0,26,國泰-新莊,2023-08-14,8886
2897,王道銀行,33,8,25,國泰-新莊,2023-08-14,8886
00641R,富邦日本反1,25,0,25,國泰-新莊,2023-08-14,8886
3006,晶豪科,25,2,23,國泰-新莊,2023-08-14,8886
00888,永豐台灣ESG,35,13,22,國泰-新莊,2023-08-14,8886
9945,潤泰新,26,5,21,國泰-新莊,2023-08-14,8886
2027,大成鋼,28,7,21,國泰-新莊,2023-08-14,8886
3682,亞太電,22,1,21,國泰-新莊,2023-08-14,8886
6753,龍德造船,20,0,20,國泰-新莊,2023-08-14,8886
2388,威盛,34,14,20,國泰-新莊,2023-08-14,8886
2243,宏旭-KY,20,0,20,國泰-新莊,2023-08-14,8886
6142,友勁,21,1,20,國泰-新莊,2023-08-14,8886
2812,台中銀,19,0,19,國泰-新莊,2023-08-14,8886
3231,緯創,250,231,19,國泰-新莊,2023-08-14,8886
2882,國泰金,21,2,19,國泰-新莊,2023-08-14,8886
1802,台玻,33,14,19,國泰-新莊,2023-08-14,8886
6120,達運,25,7,18,國泰-新莊,2023-08-14,8886
00751B,元大AAA至A公司債,21,3,18,國泰-新莊,2023-08-14,8886
00931B,統一美債20年,1121,8,1113,國泰-新莊,2023-08-15,8886
00795B,中信美國公債20年,236,0,236,國泰-新莊,2023-08-15,8886
2323,中環,332,112,220,國泰-新莊,2023-08-15,8886
00923,群益台ESG低碳50,138,10,128,國泰-新莊,2023-08-15,8886
00687B,國泰20年美債,112,0,112,國泰-新莊,2023-08-15,8886
00900,富邦特選高股息30,211,119,92,國泰-新莊,2023-08-15,8886
00882,中信中國高股息,90,0,90,國泰-新莊,2023-08-15,8886
00665L,富邦�琤肭磪囓�2,262,190,72,國泰-新莊,2023-08-15,8886
00753L,中信中國50正2,150,78,72,國泰-新莊,2023-08-15,8886
00712,復華富時不動產,89,21,68,國泰-新莊,2023-08-15,8886
2884,玉山金,67,7,60,國泰-新莊,2023-08-15,8886
00929,復華台灣科技優息,238,183,55,國泰-新莊,2023-08-15,8886
2609,陽明,88,38,50,國泰-新莊,2023-08-15,8886
2014,中鴻,53,3,50,國泰-新莊,2023-08-15,8886
2892,第一金,46,1,45,國泰-新莊,2023-08-15,8886
9105,泰金寶-DR,91,49,42,國泰-新莊,2023-08-15,8886
2891,中信金,51,10,41,國泰-新莊,2023-08-15,8886
2317,鴻海,54,14,40,國泰-新莊,2023-08-15,8886
2834,臺企銀,43,5,38,國泰-新莊,2023-08-15,8886
6657,華安,33,0,33,國泰-新莊,2023-08-15,8886
3231,緯創,227,198,29,國泰-新莊,2023-08-15,8886
2886,兆豐金,34,6,28,國泰-新莊,2023-08-15,8886
5607,遠雄港,28,0,28,國泰-新莊,2023-08-15,8886
00772B,中信高評級公司債,27,0,27,國泰-新莊,2023-08-15,8886
2883,凱基金,63,37,26,國泰-新莊,2023-08-15,8886
2002,中鋼,26,2,24,國泰-新莊,2023-08-15,8886
4155,訊映,24,2,22,國泰-新莊,2023-08-15,8886
4414,如興,22,0,22,國泰-新莊,2023-08-15,8886
00907,永豐優息存股,21,0,21,國泰-新莊,2023-08-15,8886
3049,精金,20,0,20,國泰-新莊,2023-08-15,8886
8049,晶采,20,0,20,國泰-新莊,2023-08-15,8886
6418,詠昇,29,10,19,國泰-新莊,2023-08-15,8886
1802,台玻,77,58,19,國泰-新莊,2023-08-15,8886
2618,長榮航,81,64,17,國泰-新莊,2023-08-15,8886
4538,大詠城,17,0,17,國泰-新莊,2023-08-15,8886
2363,矽統,150,133,17,國泰-新莊,2023-08-15,8886
00885,富邦越南,17,1,16,國泰-新莊,2023-08-15,8886
3162,精確,16,1,15,國泰-新莊,2023-08-15,8886
1504,東元,35,20,15,國泰-新莊,2023-08-15,8886
00680L,元大美債20正2,14,0,14,國泰-新莊,2023-08-15,8886
2887,台新金,15,1,14,國泰-新莊,2023-08-15,8886
3434,哲固,14,0,14,國泰-新莊,2023-08-15,8886
0050,元大台灣50,17,3,14,國泰-新莊,2023-08-15,8886
1101,台泥,13,0,13,國泰-新莊,2023-08-15,8886
6005,群益證,13,0,13,國泰-新莊,2023-08-15,8886
2801,彰銀,12,0,12,國泰-新莊,2023-08-15,8886
3481,群創,372,360,12,國泰-新莊,2023-08-15,8886
1707,葡萄王,14,2,12,國泰-新莊,2023-08-15,8886
2897,王道銀行,14,2,12,國泰-新莊,2023-08-15,8886
2358,廷鑫,11,0,11,國泰-新莊,2023-08-15,8886
00931B,統一美債20年,449,1,448,國泰-新莊,2023-08-16,8886
00795B,中信美國公債20年,259,7,252,國泰-新莊,2023-08-16,8886
00929,復華台灣科技優息,459,208,251,國泰-新莊,2023-08-16,8886
00878,國泰永續高股息,373,163,210,國泰-新莊,2023-08-16,8886
00900,富邦特選高股息30,166,12,154,國泰-新莊,2023-08-16,8886
00687B,國泰20年美債,135,4,131,國泰-新莊,2023-08-16,8886
00923,群益台ESG低碳50,134,7,127,國泰-新莊,2023-08-16,8886
2880,華南金,103,0,103,國泰-新莊,2023-08-16,8886
00712,復華富時不動產,157,57,100,國泰-新莊,2023-08-16,8886
00632R,元大台灣50反1,105,9,96,國泰-新莊,2023-08-16,8886
00665L,富邦�琤肭磪囓�2,103,8,95,國泰-新莊,2023-08-16,8886
6209,今國光,95,0,95,國泰-新莊,2023-08-16,8886
2303,聯電,120,39,81,國泰-新莊,2023-08-16,8886
2618,長榮航,123,53,70,國泰-新莊,2023-08-16,8886
00772B,中信高評級公司債,84,18,66,國泰-新莊,2023-08-16,8886
2363,矽統,118,54,64,國泰-新莊,2023-08-16,8886
2610,華航,110,46,64,國泰-新莊,2023-08-16,8886
2884,玉山金,62,2,60,國泰-新莊,2023-08-16,8886
1101,台泥,56,0,56,國泰-新莊,2023-08-16,8886
2891,中信金,76,22,54,國泰-新莊,2023-08-16,8886
2883,凱基金,73,19,54,國泰-新莊,2023-08-16,8886
2002,中鋼,60,7,53,國泰-新莊,2023-08-16,8886
2409,友達,63,15,48,國泰-新莊,2023-08-16,8886
00753L,中信中國50正2,48,2,46,國泰-新莊,2023-08-16,8886
00907,永豐優息存股,41,3,38,國泰-新莊,2023-08-16,8886
3231,緯創,291,255,36,國泰-新莊,2023-08-16,8886
2317,鴻海,44,9,35,國泰-新莊,2023-08-16,8886
00882,中信中國高股息,41,10,31,國泰-新莊,2023-08-16,8886
1402,遠東新,28,0,28,國泰-新莊,2023-08-16,8886
0050,元大台灣50,28,2,26,國泰-新莊,2023-08-16,8886
5880,合庫金,24,0,24,國泰-新莊,2023-08-16,8886
00751B,元大AAA至A公司債,24,0,24,國泰-新莊,2023-08-16,8886
2812,台中銀,54,30,24,國泰-新莊,2023-08-16,8886
2886,兆豐金,35,12,23,國泰-新莊,2023-08-16,8886
2887,台新金,31,8,23,國泰-新莊,2023-08-16,8886
6120,達運,27,5,22,國泰-新莊,2023-08-16,8886
2890,永豐金,22,0,22,國泰-新莊,2023-08-16,8886
3706,神達,38,17,21,國泰-新莊,2023-08-16,8886
6753,龍德造船,21,1,20,國泰-新莊,2023-08-16,8886
2356,英業達,149,129,20,國泰-新莊,2023-08-16,8886
006208,富邦台50,24,6,18,國泰-新莊,2023-08-16,8886
3434,哲固,17,0,17,國泰-新莊,2023-08-16,8886
00888,永豐台灣ESG,19,2,17,國泰-新莊,2023-08-16,8886
00773B,中信優先金融債,16,0,16,國泰-新莊,2023-08-16,8886
2027,大成鋼,14,0,14,國泰-新莊,2023-08-16,8886
2371,大同,16,2,14,國泰-新莊,2023-08-16,8886
2801,彰銀,14,0,14,國泰-新莊,2023-08-16,8886
3715,定穎投控,67,53,14,國泰-新莊,2023-08-16,8886
1301,台塑,39,25,14,國泰-新莊,2023-08-16,8886
3035,智原,69,55,14,國泰-新莊,2023-08-16,8886
00931B,統一美債20年,794,12,782,國泰-新莊,2023-08-17,8886
00929,復華台灣科技優息,406,165,241,國泰-新莊,2023-08-17,8886
00632R,元大台灣50反1,249,21,228,國泰-新莊,2023-08-17,8886
00882,中信中國高股息,156,9,147,國泰-新莊,2023-08-17,8886
00712,復華富時不動產,151,9,142,國泰-新莊,2023-08-17,8886
00687B,國泰20年美債,171,49,122,國泰-新莊,2023-08-17,8886
00795B,中信美國公債20年,119,2,117,國泰-新莊,2023-08-17,8886
3231,緯創,477,361,116,國泰-新莊,2023-08-17,8886
2891,中信金,107,10,97,國泰-新莊,2023-08-17,8886
2303,聯電,105,24,81,國泰-新莊,2023-08-17,8886
00751B,元大AAA至A公司債,71,2,69,國泰-新莊,2023-08-17,8886
00637L,元大滬深300正2,95,31,64,國泰-新莊,2023-08-17,8886
2892,第一金,59,1,58,國泰-新莊,2023-08-17,8886
2352,佳世達,61,6,55,國泰-新莊,2023-08-17,8886
3434,哲固,53,0,53,國泰-新莊,2023-08-17,8886
2618,長榮航,49,7,42,國泰-新莊,2023-08-17,8886
2884,玉山金,41,5,36,國泰-新莊,2023-08-17,8886
00923,群益台ESG低碳50,36,2,34,國泰-新莊,2023-08-17,8886
2421,建準,169,137,32,國泰-新莊,2023-08-17,8886
3056,富華新,32,3,29,國泰-新莊,2023-08-17,8886
00772B,中信高評級公司債,110,83,27,國泰-新莊,2023-08-17,8886
00680L,元大美債20正2,32,6,26,國泰-新莊,2023-08-17,8886
1303,南亞,23,0,23,國泰-新莊,2023-08-17,8886
00720B,元大投資級公司債,25,3,22,國泰-新莊,2023-08-17,8886
2888,新光金,26,5,21,國泰-新莊,2023-08-17,8886
3356,奇偶,21,0,21,國泰-新莊,2023-08-17,8886
00731,復華富時高息低波,20,0,20,國泰-新莊,2023-08-17,8886
2412,中華電,19,0,19,國泰-新莊,2023-08-17,8886
4906,正文,24,6,18,國泰-新莊,2023-08-17,8886
2516,新建,20,2,18,國泰-新莊,2023-08-17,8886
1301,台塑,22,5,17,國泰-新莊,2023-08-17,8886
006208,富邦台50,19,2,17,國泰-新莊,2023-08-17,8886
00753L,中信中國50正2,222,205,17,國泰-新莊,2023-08-17,8886
00900,富邦特選高股息30,56,39,17,國泰-新莊,2023-08-17,8886
1409,新纖,17,0,17,國泰-新莊,2023-08-17,8886
3693,營邦,38,22,16,國泰-新莊,2023-08-17,8886
6414,樺漢,18,2,16,國泰-新莊,2023-08-17,8886
5340,建榮,31,15,16,國泰-新莊,2023-08-17,8886
2883,凱基金,32,17,15,國泰-新莊,2023-08-17,8886
8210,勤誠,43,28,15,國泰-新莊,2023-08-17,8886
6285,啟��,59,44,15,國泰-新莊,2023-08-17,8886
8069,元太,18,4,14,國泰-新莊,2023-08-17,8886
4960,誠美材,14,0,14,國泰-新莊,2023-08-17,8886
2312,金寶,29,15,14,國泰-新莊,2023-08-17,8886
00722B,群益投資級電信債,13,0,13,國泰-新莊,2023-08-17,8886
5706,鳳凰,26,13,13,國泰-新莊,2023-08-17,8886
4414,如興,14,1,13,國泰-新莊,2023-08-17,8886
00907,永豐優息存股,13,0,13,國泰-新莊,2023-08-17,8886
2610,華航,76,63,13,國泰-新莊,2023-08-17,8886
1707,葡萄王,12,0,12,國泰-新莊,2023-08-17,8886
00929,復華台灣科技優息,437,73,364,國泰-新莊,2023-08-18,8886
00712,復華富時不動產,213,15,198,國泰-新莊,2023-08-18,8886
2324,仁寶,305,160,145,國泰-新莊,2023-08-18,8886
2301,光寶科,138,31,107,國泰-新莊,2023-08-18,8886
00664R,國泰臺灣加權反1,100,0,100,國泰-新莊,2023-08-18,8886
00913,兆豐台灣晶圓製造,90,0,90,國泰-新莊,2023-08-18,8886
2356,英業達,239,156,83,國泰-新莊,2023-08-18,8886
3056,富華新,113,32,81,國泰-新莊,2023-08-18,8886
2329,華泰,188,113,75,國泰-新莊,2023-08-18,8886
3706,神達,168,98,70,國泰-新莊,2023-08-18,8886
3231,緯創,418,350,68,國泰-新莊,2023-08-18,8886
2887,台新金,70,4,66,國泰-新莊,2023-08-18,8886
00900,富邦特選高股息30,94,28,66,國泰-新莊,2023-08-18,8886
00753L,中信中國50正2,84,18,66,國泰-新莊,2023-08-18,8886
2382,廣達,279,220,59,國泰-新莊,2023-08-18,8886
00919,群益台灣精選高息,63,7,56,國泰-新莊,2023-08-18,8886
00830,國泰費城半導體,53,2,51,國泰-新莊,2023-08-18,8886
2618,長榮航,104,55,49,國泰-新莊,2023-08-18,8886
00720B,元大投資級公司債,48,0,48,國泰-新莊,2023-08-18,8886
1471,首利,50,4,46,國泰-新莊,2023-08-18,8886
6443,元晶,77,32,45,國泰-新莊,2023-08-18,8886
2637,慧洋-KY,75,31,44,國泰-新莊,2023-08-18,8886
0056,元大高股息,57,14,43,國泰-新莊,2023-08-18,8886
2891,中信金,51,10,41,國泰-新莊,2023-08-18,8886
3673,TPK-KY,43,5,38,國泰-新莊,2023-08-18,8886
00665L,富邦�琤肭磪囓�2,62,30,32,國泰-新莊,2023-08-18,8886
3035,智原,122,90,32,國泰-新莊,2023-08-18,8886
00878,國泰永續高股息,185,154,31,國泰-新莊,2023-08-18,8886
2884,玉山金,35,4,31,國泰-新莊,2023-08-18,8886
3078,僑威,52,21,31,國泰-新莊,2023-08-18,8886
00923,群益台ESG低碳50,36,7,29,國泰-新莊,2023-08-18,8886
9105,泰金寶-DR,26,0,26,國泰-新莊,2023-08-18,8886
00795B,中信美國公債20年,25,0,25,國泰-新莊,2023-08-18,8886
2855,統一證,25,0,25,國泰-新莊,2023-08-18,8886
00902,中信電池及儲能,24,0,24,國泰-新莊,2023-08-18,8886
00895,富邦未來車,24,0,24,國泰-新莊,2023-08-18,8886
00772B,中信高評級公司債,23,0,23,國泰-新莊,2023-08-18,8886
2344,華邦電,23,1,22,國泰-新莊,2023-08-18,8886
2312,金寶,35,13,22,國泰-新莊,2023-08-18,8886
6120,達運,42,20,22,國泰-新莊,2023-08-18,8886
00751B,元大AAA至A公司債,22,0,22,國泰-新莊,2023-08-18,8886
00757,統一FANG+,24,4,20,國泰-新莊,2023-08-18,8886
5284,jpp-KY,21,1,20,國泰-新莊,2023-08-18,8886
2104,國際中橡,20,0,20,國泰-新莊,2023-08-18,8886
6016,康和證,20,0,20,國泰-新莊,2023-08-18,8886
2421,建準,87,67,20,國泰-新莊,2023-08-18,8886
6125,廣運,50,31,19,國泰-新莊,2023-08-18,8886
00881,國泰台灣5G+,27,8,19,國泰-新莊,2023-08-18,8886
00687B,國泰20年美債,19,2,17,國泰-新莊,2023-08-18,8886
00679B,元大美債20年,41,24,17,國泰-新莊,2023-08-18,8886
00929,復華台灣科技優息,333,34,299,國泰-新莊,2023-08-21,8886
00772B,中信高評級公司債,154,3,151,國泰-新莊,2023-08-21,8886
00882,中信中國高股息,157,13,144,國泰-新莊,2023-08-21,8886
00637L,元大滬深300正2,148,48,100,國泰-新莊,2023-08-21,8886
3013,晟銘電,94,6,88,國泰-新莊,2023-08-21,8886
2618,長榮航,82,14,68,國泰-新莊,2023-08-21,8886
5608,四維航,98,37,61,國泰-新莊,2023-08-21,8886
00931B,統一美債20年,65,4,61,國泰-新莊,2023-08-21,8886
00713,元大台灣高息低波,60,1,59,國泰-新莊,2023-08-21,8886
00919,群益台灣精選高息,56,1,55,國泰-新莊,2023-08-21,8886
4538,大詠城,89,39,50,國泰-新莊,2023-08-21,8886
00671R,富邦NASDAQ反1,51,1,50,國泰-新莊,2023-08-21,8886
00752,中信中國50,49,1,48,國泰-新莊,2023-08-21,8886
00665L,富邦�琤肭磪囓�2,56,10,46,國泰-新莊,2023-08-21,8886
2610,華航,75,30,45,國泰-新莊,2023-08-21,8886
3706,神達,103,62,41,國泰-新莊,2023-08-21,8886
00878,國泰永續高股息,89,49,40,國泰-新莊,2023-08-21,8886
2324,仁寶,111,71,40,國泰-新莊,2023-08-21,8886
2382,廣達,167,129,38,國泰-新莊,2023-08-21,8886
00720B,元大投資級公司債,36,0,36,國泰-新莊,2023-08-21,8886
2303,聯電,33,0,33,國泰-新莊,2023-08-21,8886
2601,益航,33,3,30,國泰-新莊,2023-08-21,8886
2605,新興,49,21,28,國泰-新莊,2023-08-21,8886
00753L,中信中國50正2,80,53,27,國泰-新莊,2023-08-21,8886
00725B,國泰投資級公司債,25,0,25,國泰-新莊,2023-08-21,8886
3017,奇鋐,36,12,24,國泰-新莊,2023-08-21,8886
00712,復華富時不動產,29,6,23,國泰-新莊,2023-08-21,8886
2359,所羅門,29,7,22,國泰-新莊,2023-08-21,8886
00633L,富邦上証正2,22,0,22,國泰-新莊,2023-08-21,8886
8096,擎亞,20,0,20,國泰-新莊,2023-08-21,8886
3058,立德,20,0,20,國泰-新莊,2023-08-21,8886
2337,旺宏,20,0,20,國泰-新莊,2023-08-21,8886
3062,建漢,20,0,20,國泰-新莊,2023-08-21,8886
00664R,國泰臺灣加權反1,20,0,20,國泰-新莊,2023-08-21,8886
2402,毅嘉,28,8,20,國泰-新莊,2023-08-21,8886
2344,華邦電,18,0,18,國泰-新莊,2023-08-21,8886
6139,亞翔,29,11,18,國泰-新莊,2023-08-21,8886
2884,玉山金,18,1,17,國泰-新莊,2023-08-21,8886
1101,台泥,18,1,17,國泰-新莊,2023-08-21,8886
2892,第一金,17,0,17,國泰-新莊,2023-08-21,8886
00923,群益台ESG低碳50,26,10,16,國泰-新莊,2023-08-21,8886
3234,光環,16,0,16,國泰-新莊,2023-08-21,8886
00930,永豐ESG低碳高息,16,0,16,國泰-新莊,2023-08-21,8886
00673R,期元大S＆P原油反1,16,0,16,國泰-新莊,2023-08-21,8886
2457,飛宏,51,36,15,國泰-新莊,2023-08-21,8886
2888,新光金,23,9,14,國泰-新莊,2023-08-21,8886
4906,正文,31,17,14,國泰-新莊,2023-08-21,8886
2330,台積電,19,5,14,國泰-新莊,2023-08-21,8886
1504,東元,17,4,13,國泰-新莊,2023-08-21,8886
00751B,元大AAA至A公司債,21,9,12,國泰-新莊,2023-08-21,8886
2363,矽統,392,246,146,國泰-新莊,2023-08-22,8886
00720B,元大投資級公司債,101,1,100,國泰-新莊,2023-08-22,8886
00929,復華台灣科技優息,131,46,85,國泰-新莊,2023-08-22,8886
1301,台塑,52,0,52,國泰-新莊,2023-08-22,8886
3673,TPK-KY,52,0,52,國泰-新莊,2023-08-22,8886
2323,中環,65,15,50,國泰-新莊,2023-08-22,8886
00679B,元大美債20年,96,48,48,國泰-新莊,2023-08-22,8886
1513,中興電,115,72,43,國泰-新莊,2023-08-22,8886
00753L,中信中國50正2,57,23,34,國泰-新莊,2023-08-22,8886
00712,復華富時不動產,63,30,33,國泰-新莊,2023-08-22,8886
6120,達運,46,14,32,國泰-新莊,2023-08-22,8886
2324,仁寶,104,73,31,國泰-新莊,2023-08-22,8886
2337,旺宏,32,2,30,國泰-新莊,2023-08-22,8886
1504,東元,42,12,30,國泰-新莊,2023-08-22,8886
2884,玉山金,33,5,28,國泰-新莊,2023-08-22,8886
00751B,元大AAA至A公司債,29,1,28,國泰-新莊,2023-08-22,8886
6116,彩晶,48,20,28,國泰-新莊,2023-08-22,8886
4906,正文,58,31,27,國泰-新莊,2023-08-22,8886
6139,亞翔,39,12,27,國泰-新莊,2023-08-22,8886
00665L,富邦�琤肭磪囓�2,64,37,27,國泰-新莊,2023-08-22,8886
2883,凱基金,51,25,26,國泰-新莊,2023-08-22,8886
3163,波若威,105,79,26,國泰-新莊,2023-08-22,8886
5452,佶優,32,7,25,國泰-新莊,2023-08-22,8886
00923,群益台ESG低碳50,27,4,23,國泰-新莊,2023-08-22,8886
2401,凌陽,34,12,22,國泰-新莊,2023-08-22,8886
2606,裕民,28,6,22,國泰-新莊,2023-08-22,8886
2353,宏��,29,8,21,國泰-新莊,2023-08-22,8886
6231,系微,28,7,21,國泰-新莊,2023-08-22,8886
2002,中鋼,25,4,21,國泰-新莊,2023-08-22,8886
00680L,元大美債20正2,30,9,21,國泰-新莊,2023-08-22,8886
3051,力特,102,81,21,國泰-新莊,2023-08-22,8886
00891,中信關鍵半導體,20,0,20,國泰-新莊,2023-08-22,8886
9136,巨騰-DR,20,0,20,國泰-新莊,2023-08-22,8886
00671R,富邦NASDAQ反1,21,1,20,國泰-新莊,2023-08-22,8886
3706,神達,52,32,20,國泰-新莊,2023-08-22,8886
2886,兆豐金,21,2,19,國泰-新莊,2023-08-22,8886
2489,瑞軒,20,1,19,國泰-新莊,2023-08-22,8886
5284,jpp-KY,21,2,19,國泰-新莊,2023-08-22,8886
00885,富邦越南,19,0,19,國泰-新莊,2023-08-22,8886
2356,英業達,158,139,19,國泰-新莊,2023-08-22,8886
6125,廣運,110,91,19,國泰-新莊,2023-08-22,8886
3363,上詮,27,9,18,國泰-新莊,2023-08-22,8886
2485,兆赫,18,0,18,國泰-新莊,2023-08-22,8886
00675L,富邦臺灣加權正2,17,0,17,國泰-新莊,2023-08-22,8886
1609,大亞,28,11,17,國泰-新莊,2023-08-22,8886
1707,葡萄王,16,0,16,國泰-新莊,2023-08-22,8886
6285,啟��,29,13,16,國泰-新莊,2023-08-22,8886
1463,強盛新,16,0,16,國泰-新莊,2023-08-22,8886
6282,康舒,33,17,16,國泰-新莊,2023-08-22,8886
4533,協易機,16,1,15,國泰-新莊,2023-08-22,8886
00929,復華台灣科技優息,223,78,145,國泰-新莊,2023-08-23,8886
00632R,元大台灣50反1,130,6,124,國泰-新莊,2023-08-23,8886
2618,長榮航,195,74,121,國泰-新莊,2023-08-23,8886
00720B,元大投資級公司債,122,38,84,國泰-新莊,2023-08-23,8886
3380,明泰,94,23,71,國泰-新莊,2023-08-23,8886
6170,統振,95,24,71,國泰-新莊,2023-08-23,8886
2601,益航,70,0,70,國泰-新莊,2023-08-23,8886
3013,晟銘電,247,199,48,國泰-新莊,2023-08-23,8886
6282,康舒,111,65,46,國泰-新莊,2023-08-23,8886
2409,友達,129,86,43,國泰-新莊,2023-08-23,8886
00795B,中信美國公債20年,39,0,39,國泰-新莊,2023-08-23,8886
1471,首利,96,57,39,國泰-新莊,2023-08-23,8886
3231,緯創,231,196,35,國泰-新莊,2023-08-23,8886
3521,鴻翊,33,0,33,國泰-新莊,2023-08-23,8886
3419,譁裕,35,5,30,國泰-新莊,2023-08-23,8886
00931B,統一美債20年,27,2,25,國泰-新莊,2023-08-23,8886
8039,台虹,25,0,25,國泰-新莊,2023-08-23,8886
1529,樂事綠能,30,8,22,國泰-新莊,2023-08-23,8886
6125,廣運,82,61,21,國泰-新莊,2023-08-23,8886
00712,復華富時不動產,25,4,21,國泰-新莊,2023-08-23,8886
5706,鳳凰,21,1,20,國泰-新莊,2023-08-23,8886
2002,中鋼,21,2,19,國泰-新莊,2023-08-23,8886
00715L,期街口布蘭特正2,17,0,17,國泰-新莊,2023-08-23,8886
00902,中信電池及儲能,36,20,16,國泰-新莊,2023-08-23,8886
2603,長榮,22,6,16,國泰-新莊,2023-08-23,8886
00923,群益台ESG低碳50,20,4,16,國泰-新莊,2023-08-23,8886
2610,華航,183,168,15,國泰-新莊,2023-08-23,8886
6139,亞翔,33,18,15,國泰-新莊,2023-08-23,8886
3035,智原,69,55,14,國泰-新莊,2023-08-23,8886
3051,力特,70,56,14,國泰-新莊,2023-08-23,8886
2634,漢翔,65,51,14,國泰-新莊,2023-08-23,8886
2515,中工,13,0,13,國泰-新莊,2023-08-23,8886
3567,逸昌,18,5,13,國泰-新莊,2023-08-23,8886
6167,久正,19,6,13,國泰-新莊,2023-08-23,8886
00919,群益台灣精選高息,13,0,13,國泰-新莊,2023-08-23,8886
00706L,期元大S＆P日圓正2,12,0,12,國泰-新莊,2023-08-23,8886
3056,富華新,12,0,12,國泰-新莊,2023-08-23,8886
1519,華城,51,39,12,國泰-新莊,2023-08-23,8886
2329,華泰,39,27,12,國泰-新莊,2023-08-23,8886
2892,第一金,12,1,11,國泰-新莊,2023-08-23,8886
2882,國泰金,13,2,11,國泰-新莊,2023-08-23,8886
2739,寒舍,11,0,11,國泰-新莊,2023-08-23,8886
2376,技嘉,55,44,11,國泰-新莊,2023-08-23,8886
4533,協易機,12,1,11,國泰-新莊,2023-08-23,8886
00882,中信中國高股息,13,2,11,國泰-新莊,2023-08-23,8886
5438,東友,10,0,10,國泰-新莊,2023-08-23,8886
3289,宜特,10,0,10,國泰-新莊,2023-08-23,8886
2816,旺旺保,10,0,10,國泰-新莊,2023-08-23,8886
1904,正隆,10,0,10,國泰-新莊,2023-08-23,8886
5469,瀚宇博,20,10,10,國泰-新莊,2023-08-23,8886
00632R,元大台灣50反1,883,159,724,國泰-新莊,2023-08-24,8886
00919,群益台灣精選高息,308,37,271,國泰-新莊,2023-08-24,8886
2363,矽統,636,452,184,國泰-新莊,2023-08-24,8886
00878,國泰永續高股息,301,166,135,國泰-新莊,2023-08-24,8886
3231,緯創,516,398,118,國泰-新莊,2023-08-24,8886
2884,玉山金,122,6,116,國泰-新莊,2023-08-24,8886
00719B,元大美債1-3,100,0,100,國泰-新莊,2023-08-24,8886
2634,漢翔,174,78,96,國泰-新莊,2023-08-24,8886
3706,神達,240,165,75,國泰-新莊,2023-08-24,8886
2409,友達,343,281,62,國泰-新莊,2023-08-24,8886
6418,詠昇,61,0,61,國泰-新莊,2023-08-24,8886
6167,久正,72,12,60,國泰-新莊,2023-08-24,8886
3071,協禧,84,29,55,國泰-新莊,2023-08-24,8886
2883,凱基金,71,17,54,國泰-新莊,2023-08-24,8886
2449,京元電子,224,171,53,國泰-新莊,2023-08-24,8886
2539,櫻花建,51,0,51,國泰-新莊,2023-08-24,8886
00772B,中信高評級公司債,50,5,45,國泰-新莊,2023-08-24,8886
2382,廣達,241,196,45,國泰-新莊,2023-08-24,8886
6122,擎邦,43,0,43,國泰-新莊,2023-08-24,8886
2356,英業達,300,261,39,國泰-新莊,2023-08-24,8886
3013,晟銘電,228,189,39,國泰-新莊,2023-08-24,8886
00907,永豐優息存股,38,1,37,國泰-新莊,2023-08-24,8886
2352,佳世達,50,18,32,國泰-新莊,2023-08-24,8886
2002,中鋼,32,3,29,國泰-新莊,2023-08-24,8886
00715L,期街口布蘭特正2,30,1,29,國泰-新莊,2023-08-24,8886
2609,陽明,60,35,25,國泰-新莊,2023-08-24,8886
3035,智原,85,60,25,國泰-新莊,2023-08-24,8886
2605,新興,25,1,24,國泰-新莊,2023-08-24,8886
6170,統振,31,11,20,國泰-新莊,2023-08-24,8886
2515,中工,21,2,19,國泰-新莊,2023-08-24,8886
3163,波若威,41,23,18,國泰-新莊,2023-08-24,8886
2324,仁寶,91,74,17,國泰-新莊,2023-08-24,8886
6108,競國,22,5,17,國泰-新莊,2023-08-24,8886
2601,益航,30,13,17,國泰-新莊,2023-08-24,8886
4906,正文,42,26,16,國泰-新莊,2023-08-24,8886
00893,國泰智能電動車,27,11,16,國泰-新莊,2023-08-24,8886
1101,台泥,25,9,16,國泰-新莊,2023-08-24,8886
00751B,元大AAA至A公司債,18,3,15,國泰-新莊,2023-08-24,8886
2882B,國泰金乙特,15,0,15,國泰-新莊,2023-08-24,8886
6443,元晶,62,47,15,國泰-新莊,2023-08-24,8886
2880,華南金,89,75,14,國泰-新莊,2023-08-24,8886
2421,建準,99,85,14,國泰-新莊,2023-08-24,8886
3056,富華新,13,0,13,國泰-新莊,2023-08-24,8886
6770,力積電,15,2,13,國泰-新莊,2023-08-24,8886
6231,系微,13,1,12,國泰-新莊,2023-08-24,8886
4979,華星光,25,13,12,國泰-新莊,2023-08-24,8886
3078,僑威,19,8,11,國泰-新莊,2023-08-24,8886
6117,迎廣,30,19,11,國泰-新莊,2023-08-24,8886
00752,中信中國50,11,0,11,國泰-新莊,2023-08-24,8886
2399,映泰,26,16,10,國泰-新莊,2023-08-24,8886
00878,國泰永續高股息,462,9,453,國泰-新莊,2023-08-25,8886
00632R,元大台灣50反1,390,114,276,國泰-新莊,2023-08-25,8886
3231,緯創,464,244,220,國泰-新莊,2023-08-25,8886
00919,群益台灣精選高息,187,10,177,國泰-新莊,2023-08-25,8886
00929,復華台灣科技優息,197,45,152,國泰-新莊,2023-08-25,8886
2634,漢翔,170,64,106,國泰-新莊,2023-08-25,8886
2363,矽統,430,330,100,國泰-新莊,2023-08-25,8886
2903,遠百,90,0,90,國泰-新莊,2023-08-25,8886
00753L,中信中國50正2,97,15,82,國泰-新莊,2023-08-25,8886
2382,廣達,172,93,79,國泰-新莊,2023-08-25,8886
2618,長榮航,101,26,75,國泰-新莊,2023-08-25,8886
2002,中鋼,79,12,67,國泰-新莊,2023-08-25,8886
00665L,富邦�琤肭磪囓�2,63,0,63,國泰-新莊,2023-08-25,8886
2301,光寶科,85,23,62,國泰-新莊,2023-08-25,8886
00900,富邦特選高股息30,65,6,59,國泰-新莊,2023-08-25,8886
3037,欣興,65,12,53,國泰-新莊,2023-08-25,8886
0056,元大高股息,66,16,50,國泰-新莊,2023-08-25,8886
1303,南亞,45,0,45,國泰-新莊,2023-08-25,8886
3706,神達,68,23,45,國泰-新莊,2023-08-25,8886
00830,國泰費城半導體,40,3,37,國泰-新莊,2023-08-25,8886
1101,台泥,36,1,35,國泰-新莊,2023-08-25,8886
1584,精剛,35,1,34,國泰-新莊,2023-08-25,8886
1471,首利,55,22,33,國泰-新莊,2023-08-25,8886
2303,聯電,34,1,33,國泰-新莊,2023-08-25,8886
6120,達運,30,0,30,國泰-新莊,2023-08-25,8886
2610,華航,95,66,29,國泰-新莊,2023-08-25,8886
2330,台積電,30,2,28,國泰-新莊,2023-08-25,8886
2645,長榮航太,35,9,26,國泰-新莊,2023-08-25,8886
2601,益航,43,20,23,國泰-新莊,2023-08-25,8886
2409,友達,34,11,23,國泰-新莊,2023-08-25,8886
1409,新纖,22,0,22,國泰-新莊,2023-08-25,8886
00893,國泰智能電動車,22,1,21,國泰-新莊,2023-08-25,8886
4979,華星光,32,13,19,國泰-新莊,2023-08-25,8886
2353,宏��,25,6,19,國泰-新莊,2023-08-25,8886
2889,國票金,19,0,19,國泰-新莊,2023-08-25,8886
2884,玉山金,24,6,18,國泰-新莊,2023-08-25,8886
2356,英業達,153,135,18,國泰-新莊,2023-08-25,8886
00923,群益台ESG低碳50,23,6,17,國泰-新莊,2023-08-25,8886
00888,永豐台灣ESG,17,0,17,國泰-新莊,2023-08-25,8886
2449,京元電子,120,104,16,國泰-新莊,2023-08-25,8886
00895,富邦未來車,17,1,16,國泰-新莊,2023-08-25,8886
00905,FT臺灣Smart,16,0,16,國泰-新莊,2023-08-25,8886
00670L,富邦NASDAQ正2,16,1,15,國泰-新莊,2023-08-25,8886
2897,王道銀行,16,1,15,國泰-新莊,2023-08-25,8886
00713,元大台灣高息低波,18,3,15,國泰-新莊,2023-08-25,8886
3308,聯德,21,7,14,國泰-新莊,2023-08-25,8886
00907,永豐優息存股,13,0,13,國泰-新莊,2023-08-25,8886
2887,台新金,16,3,13,國泰-新莊,2023-08-25,8886
2891,中信金,12,0,12,國泰-新莊,2023-08-25,8886
0050,元大台灣50,13,1,12,國泰-新莊,2023-08-25,8886
00929,復華台灣科技優息,387,10,377,國泰-新莊,2023-08-28,8886
2897,王道銀行,215,3,212,國泰-新莊,2023-08-28,8886
00632R,元大台灣50反1,304,113,191,國泰-新莊,2023-08-28,8886
00878,國泰永續高股息,178,64,114,國泰-新莊,2023-08-28,8886
6108,競國,100,21,79,國泰-新莊,2023-08-28,8886
2903,遠百,95,30,65,國泰-新莊,2023-08-28,8886
2388,威盛,143,87,56,國泰-新莊,2023-08-28,8886
2838,聯邦銀,51,0,51,國泰-新莊,2023-08-28,8886
00919,群益台灣精選高息,60,11,49,國泰-新莊,2023-08-28,8886
3481,群創,142,94,48,國泰-新莊,2023-08-28,8886
2409,友達,57,12,45,國泰-新莊,2023-08-28,8886
5225,東科-KY,41,0,41,國泰-新莊,2023-08-28,8886
4538,大詠城,39,0,39,國泰-新莊,2023-08-28,8886
2610,華航,78,40,38,國泰-新莊,2023-08-28,8886
4906,正文,139,103,36,國泰-新莊,2023-08-28,8886
2630,亞航,41,5,36,國泰-新莊,2023-08-28,8886
3038,全台,35,7,28,國泰-新莊,2023-08-28,8886
2356,英業達,61,34,27,國泰-新莊,2023-08-28,8886
00900,富邦特選高股息30,29,2,27,國泰-新莊,2023-08-28,8886
6285,啟��,46,21,25,國泰-新莊,2023-08-28,8886
6120,達運,23,0,23,國泰-新莊,2023-08-28,8886
2449,京元電子,82,61,21,國泰-新莊,2023-08-28,8886
2645,長榮航太,54,33,21,國泰-新莊,2023-08-28,8886
1802,台玻,33,12,21,國泰-新莊,2023-08-28,8886
2332,友訊,34,15,19,國泰-新莊,2023-08-28,8886
3715,定穎投控,117,100,17,國泰-新莊,2023-08-28,8886
6517,保勝光學,24,7,17,國泰-新莊,2023-08-28,8886
6216,居易,17,2,15,國泰-新莊,2023-08-28,8886
5706,鳳凰,15,0,15,國泰-新莊,2023-08-28,8886
0056,元大高股息,56,41,15,國泰-新莊,2023-08-28,8886
2485,兆赫,85,71,14,國泰-新莊,2023-08-28,8886
2371,大同,21,7,14,國泰-新莊,2023-08-28,8886
4960,誠美材,13,0,13,國泰-新莊,2023-08-28,8886
6418,詠昇,21,8,13,國泰-新莊,2023-08-28,8886
1584,精剛,19,6,13,國泰-新莊,2023-08-28,8886
2618,長榮航,83,71,12,國泰-新莊,2023-08-28,8886
3094,聯傑,46,34,12,國泰-新莊,2023-08-28,8886
3056,富華新,22,10,12,國泰-新莊,2023-08-28,8886
4123,晟德,12,0,12,國泰-新莊,2023-08-28,8886
1737,臺鹽,59,47,12,國泰-新莊,2023-08-28,8886
1504,東元,15,3,12,國泰-新莊,2023-08-28,8886
2002,中鋼,13,2,11,國泰-新莊,2023-08-28,8886
2404,漢唐,11,0,11,國泰-新莊,2023-08-28,8886
6116,彩晶,11,0,11,國泰-新莊,2023-08-28,8886
4155,訊映,11,0,11,國泰-新莊,2023-08-28,8886
2601,益航,10,0,10,國泰-新莊,2023-08-28,8886
1904,正隆,11,1,10,國泰-新莊,2023-08-28,8886
2329,華泰,36,26,10,國泰-新莊,2023-08-28,8886
8150,南茂,12,2,10,國泰-新莊,2023-08-28,8886
00679B,元大美債20年,15,5,10,國泰-新莊,2023-08-28,8886
00632R,元大台灣50反1,258,108,150,國泰-新莊,2023-08-29,8886
00929,復華台灣科技優息,146,51,95,國泰-新莊,2023-08-29,8886
00878,國泰永續高股息,130,45,85,國泰-新莊,2023-08-29,8886
00919,群益台灣精選高息,84,15,69,國泰-新莊,2023-08-29,8886
00885,富邦越南,101,45,56,國泰-新莊,2023-08-29,8886
00720B,元大投資級公司債,72,23,49,國泰-新莊,2023-08-29,8886
2645,長榮航太,43,4,39,國泰-新莊,2023-08-29,8886
3231,緯創,153,115,38,國泰-新莊,2023-08-29,8886
6167,久正,47,13,34,國泰-新莊,2023-08-29,8886
2303,聯電,42,9,33,國泰-新莊,2023-08-29,8886
3481,群創,206,175,31,國泰-新莊,2023-08-29,8886
4147,中裕,33,4,29,國泰-新莊,2023-08-29,8886
2002,中鋼,42,14,28,國泰-新莊,2023-08-29,8886
6139,亞翔,32,4,28,國泰-新莊,2023-08-29,8886
2812,台中銀,28,0,28,國泰-新莊,2023-08-29,8886
1471,首利,41,13,28,國泰-新莊,2023-08-29,8886
6443,元晶,50,22,28,國泰-新莊,2023-08-29,8886
4906,正文,60,37,23,國泰-新莊,2023-08-29,8886
8105,凌巨,21,0,21,國泰-新莊,2023-08-29,8886
00751B,元大AAA至A公司債,21,0,21,國泰-新莊,2023-08-29,8886
2816,旺旺保,44,24,20,國泰-新莊,2023-08-29,8886
5328,華容,20,0,20,國泰-新莊,2023-08-29,8886
00931B,統一美債20年,25,5,20,國泰-新莊,2023-08-29,8886
2440,太空梭,21,1,20,國泰-新莊,2023-08-29,8886
1314,中石化,20,1,19,國泰-新莊,2023-08-29,8886
4113,聯上,20,1,19,國泰-新莊,2023-08-29,8886
2880,華南金,16,0,16,國泰-新莊,2023-08-29,8886
2312,金寶,30,14,16,國泰-新莊,2023-08-29,8886
8222,寶一,131,116,15,國泰-新莊,2023-08-29,8886
4945,陞達科技,15,0,15,國泰-新莊,2023-08-29,8886
00888,永豐台灣ESG,14,0,14,國泰-新莊,2023-08-29,8886
3447,展達,15,1,14,國泰-新莊,2023-08-29,8886
8011,台通,34,20,14,國泰-新莊,2023-08-29,8886
5880,合庫金,14,0,14,國泰-新莊,2023-08-29,8886
8033,雷虎,20,7,13,國泰-新莊,2023-08-29,8886
2903,遠百,15,2,13,國泰-新莊,2023-08-29,8886
3163,波若威,36,23,13,國泰-新莊,2023-08-29,8886
1441,大東,12,0,12,國泰-新莊,2023-08-29,8886
2317,鴻海,106,94,12,國泰-新莊,2023-08-29,8886
2369,菱生,14,2,12,國泰-新莊,2023-08-29,8886
6829,千附精密,20,8,12,國泰-新莊,2023-08-29,8886
3289,宜特,12,0,12,國泰-新莊,2023-08-29,8886
2027,大成鋼,11,0,11,國泰-新莊,2023-08-29,8886
00719B,元大美債1-3,10,0,10,國泰-新莊,2023-08-29,8886
3014,聯陽,10,1,9,國泰-新莊,2023-08-29,8886
1402,遠東新,10,1,9,國泰-新莊,2023-08-29,8886
8358,金居,22,13,9,國泰-新莊,2023-08-29,8886
8096,擎亞,9,0,9,國泰-新莊,2023-08-29,8886
00905,FT臺灣Smart,9,0,9,國泰-新莊,2023-08-29,8886
3017,奇鋐,17,9,8,國泰-新莊,2023-08-29,8886
00673R,期元大S＆P原油反1,300,1,299,國泰-新莊,2023-08-30,8886
1319,東陽,256,34,222,國泰-新莊,2023-08-30,8886
00665L,富邦�琤肭磪囓�2,120,4,116,國泰-新莊,2023-08-30,8886
00637L,元大滬深300正2,94,5,89,國泰-新莊,2023-08-30,8886
2618,長榮航,110,45,65,國泰-新莊,2023-08-30,8886
2888,新光金,54,0,54,國泰-新莊,2023-08-30,8886
2301,光寶科,68,19,49,國泰-新莊,2023-08-30,8886
0056,元大高股息,67,25,42,國泰-新莊,2023-08-30,8886
2816,旺旺保,45,7,38,國泰-新莊,2023-08-30,8886
5009,榮剛,42,6,36,國泰-新莊,2023-08-30,8886
00720B,元大投資級公司債,38,3,35,國泰-新莊,2023-08-30,8886
2610,華航,64,29,35,國泰-新莊,2023-08-30,8886
2485,兆赫,68,37,31,國泰-新莊,2023-08-30,8886
1589,永冠-KY,30,0,30,國泰-新莊,2023-08-30,8886
00903,富邦元宇宙,35,10,25,國泰-新莊,2023-08-30,8886
6548,長科*,25,0,25,國泰-新莊,2023-08-30,8886
00919,群益台灣精選高息,27,7,20,國泰-新莊,2023-08-30,8886
2355,敬鵬,52,33,19,國泰-新莊,2023-08-30,8886
6182,合晶,20,1,19,國泰-新莊,2023-08-30,8886
00712,復華富時不動產,32,14,18,國泰-新莊,2023-08-30,8886
9945,潤泰新,26,8,18,國泰-新莊,2023-08-30,8886
5452,佶優,21,3,18,國泰-新莊,2023-08-30,8886
00923,群益台ESG低碳50,18,1,17,國泰-新莊,2023-08-30,8886
6443,元晶,18,2,16,國泰-新莊,2023-08-30,8886
6139,亞翔,18,2,16,國泰-新莊,2023-08-30,8886
00633L,富邦上証正2,16,0,16,國泰-新莊,2023-08-30,8886
6104,創惟,19,4,15,國泰-新莊,2023-08-30,8886
6235,華孚,57,43,14,國泰-新莊,2023-08-30,8886
00902,中信電池及儲能,16,2,14,國泰-新莊,2023-08-30,8886
1217,愛之味,15,2,13,國泰-新莊,2023-08-30,8886
1101,台泥,13,0,13,國泰-新莊,2023-08-30,8886
2884,玉山金,19,7,12,國泰-新莊,2023-08-30,8886
00679B,元大美債20年,14,2,12,國泰-新莊,2023-08-30,8886
3078,僑威,18,6,12,國泰-新莊,2023-08-30,8886
2903,遠百,12,1,11,國泰-新莊,2023-08-30,8886
3308,聯德,29,18,11,國泰-新莊,2023-08-30,8886
2495,普安,11,0,11,國泰-新莊,2023-08-30,8886
2516,新建,14,3,11,國泰-新莊,2023-08-30,8886
5258,虹堡,13,2,11,國泰-新莊,2023-08-30,8886
00922,國泰台灣領袖50,11,0,11,國泰-新莊,2023-08-30,8886
00882,中信中國高股息,12,1,11,國泰-新莊,2023-08-30,8886
00878,國泰永續高股息,82,71,11,國泰-新莊,2023-08-30,8886
8926,台汽電,10,0,10,國泰-新莊,2023-08-30,8886
00719B,元大美債1-3,10,0,10,國泰-新莊,2023-08-30,8886
2009,第一銅,10,0,10,國泰-新莊,2023-08-30,8886
006208,富邦台50,11,2,9,國泰-新莊,2023-08-30,8886
3548,兆利,11,2,9,國泰-新莊,2023-08-30,8886
3011,今皓,16,7,9,國泰-新莊,2023-08-30,8886
3264,欣銓,10,1,9,國泰-新莊,2023-08-30,8886
2601,益航,8,0,8,國泰-新莊,2023-08-30,8886
1319,東陽,285,19,266,國泰-新莊,2023-08-31,8886
00637L,元大滬深300正2,108,15,93,國泰-新莊,2023-08-31,8886
00878,國泰永續高股息,123,33,90,國泰-新莊,2023-08-31,8886
00753L,中信中國50正2,136,47,89,國泰-新莊,2023-08-31,8886
2883,凱基金,74,0,74,國泰-新莊,2023-08-31,8886
2337,旺宏,129,71,58,國泰-新莊,2023-08-31,8886
00669R,國泰美國道瓊反1,57,0,57,國泰-新莊,2023-08-31,8886
00632R,元大台灣50反1,52,1,51,國泰-新莊,2023-08-31,8886
2027,大成鋼,50,0,50,國泰-新莊,2023-08-31,8886
3588,通嘉,53,4,49,國泰-新莊,2023-08-31,8886
3013,晟銘電,47,9,38,國泰-新莊,2023-08-31,8886
2303,聯電,61,23,38,國泰-新莊,2023-08-31,8886
3481,群創,57,20,37,國泰-新莊,2023-08-31,8886
2409,友達,47,10,37,國泰-新莊,2023-08-31,8886
2816,旺旺保,37,0,37,國泰-新莊,2023-08-31,8886
6168,宏齊,59,24,35,國泰-新莊,2023-08-31,8886
00665L,富邦�琤肭磪囓�2,45,10,35,國泰-新莊,2023-08-31,8886
00712,復華富時不動產,49,14,35,國泰-新莊,2023-08-31,8886
2887,台新金,33,0,33,國泰-新莊,2023-08-31,8886
2609,陽明,33,1,32,國泰-新莊,2023-08-31,8886
1471,首利,33,1,32,國泰-新莊,2023-08-31,8886
2401,凌陽,36,5,31,國泰-新莊,2023-08-31,8886
2610,華航,118,87,31,國泰-新莊,2023-08-31,8886
1802,台玻,66,37,29,國泰-新莊,2023-08-31,8886
2892,第一金,30,1,29,國泰-新莊,2023-08-31,8886
2880,華南金,34,5,29,國泰-新莊,2023-08-31,8886
3011,今皓,51,23,28,國泰-新莊,2023-08-31,8886
6126,信音,36,10,26,國泰-新莊,2023-08-31,8886
2891,中信金,30,4,26,國泰-新莊,2023-08-31,8886
5381,合正,45,21,24,國泰-新莊,2023-08-31,8886
2884,玉山金,28,5,23,國泰-新莊,2023-08-31,8886
2886,兆豐金,28,6,22,國泰-新莊,2023-08-31,8886
00720B,元大投資級公司債,40,19,21,國泰-新莊,2023-08-31,8886
2801,彰銀,21,0,21,國泰-新莊,2023-08-31,8886
6213,聯茂,63,43,20,國泰-新莊,2023-08-31,8886
5521,工信,20,0,20,國泰-新莊,2023-08-31,8886
00919,群益台灣精選高息,59,39,20,國泰-新莊,2023-08-31,8886
3257,虹冠電,22,3,19,國泰-新莊,2023-08-31,8886
00923,群益台ESG低碳50,23,4,19,國泰-新莊,2023-08-31,8886
2324,仁寶,70,52,18,國泰-新莊,2023-08-31,8886
00631L,元大台灣50正2,18,0,18,國泰-新莊,2023-08-31,8886
00692,富邦公司治理,16,0,16,國泰-新莊,2023-08-31,8886
6548,長科*,15,0,15,國泰-新莊,2023-08-31,8886
2834,臺企銀,151,137,14,國泰-新莊,2023-08-31,8886
3035,智原,36,22,14,國泰-新莊,2023-08-31,8886
00882,中信中國高股息,13,0,13,國泰-新莊,2023-08-31,8886
1905,華紙,14,1,13,國泰-新莊,2023-08-31,8886
3325,旭品,16,3,13,國泰-新莊,2023-08-31,8886
00929,復華台灣科技優息,214,202,12,國泰-新莊,2023-08-31,8886
1402,遠東新,14,1,13,國泰-新莊,2023-08-31,8886
00665L,富邦�琤肭磪囓�2,301,16,285,國泰-新莊,2023-09-01,8886
2027,大成鋼,251,0,251,國泰-新莊,2023-09-01,8886
00919,群益台灣精選高息,251,26,225,國泰-新莊,2023-09-01,8886
00929,復華台灣科技優息,342,142,200,國泰-新莊,2023-09-01,8886
00673R,期元大S＆P原油反1,156,5,151,國泰-新莊,2023-09-01,8886
3231,緯創,285,151,134,國泰-新莊,2023-09-01,8886
00932,兆豐永續高息等權,128,0,128,國泰-新莊,2023-09-01,8886
00632R,元大台灣50反1,404,302,102,國泰-新莊,2023-09-01,8886
2402,毅嘉,462,382,80,國泰-新莊,2023-09-01,8886
2356,英業達,184,107,77,國泰-新莊,2023-09-01,8886
2382,廣達,121,70,51,國泰-新莊,2023-09-01,8886
00878,國泰永續高股息,90,40,50,國泰-新莊,2023-09-01,8886
0056,元大高股息,46,1,45,國泰-新莊,2023-09-01,8886
2337,旺宏,138,97,41,國泰-新莊,2023-09-01,8886
1605,華新,56,15,41,國泰-新莊,2023-09-01,8886
6274,台燿,60,21,39,國泰-新莊,2023-09-01,8886
3049,精金,40,1,39,國泰-新莊,2023-09-01,8886
00712,復華富時不動產,34,4,30,國泰-新莊,2023-09-01,8886
00830,國泰費城半導體,30,4,26,國泰-新莊,2023-09-01,8886
3013,晟銘電,35,11,24,國泰-新莊,2023-09-01,8886
4906,正文,34,10,24,國泰-新莊,2023-09-01,8886
1504,東元,34,11,23,國泰-新莊,2023-09-01,8886
00713,元大台灣高息低波,22,0,22,國泰-新莊,2023-09-01,8886
6188,廣明,30,8,22,國泰-新莊,2023-09-01,8886
1513,中興電,77,56,21,國泰-新莊,2023-09-01,8886
2838,聯邦銀,21,0,21,國泰-新莊,2023-09-01,8886
2891,中信金,24,4,20,國泰-新莊,2023-09-01,8886
2368,金像電,40,21,19,國泰-新莊,2023-09-01,8886
3037,欣興,26,7,19,國泰-新莊,2023-09-01,8886
3078,僑威,37,19,18,國泰-新莊,2023-09-01,8886
2609,陽明,25,7,18,國泰-新莊,2023-09-01,8886
00923,群益台ESG低碳50,18,0,18,國泰-新莊,2023-09-01,8886
2892,第一金,17,0,17,國泰-新莊,2023-09-01,8886
6285,啟��,25,8,17,國泰-新莊,2023-09-01,8886
8086,宏捷科,21,4,17,國泰-新莊,2023-09-01,8886
6173,信昌電,20,4,16,國泰-新莊,2023-09-01,8886
00662,富邦NASDAQ,16,0,16,國泰-新莊,2023-09-01,8886
2880,華南金,15,0,15,國泰-新莊,2023-09-01,8886
6547,高端疫苗,49,34,15,國泰-新莊,2023-09-01,8886
1905,華紙,36,21,15,國泰-新莊,2023-09-01,8886
3306,鼎天,15,0,15,國泰-新莊,2023-09-01,8886
1471,首利,26,11,15,國泰-新莊,2023-09-01,8886
2421,建準,33,19,14,國泰-新莊,2023-09-01,8886
8210,勤誠,26,13,13,國泰-新莊,2023-09-01,8886
3540,曜越,12,0,12,國泰-新莊,2023-09-01,8886
3689,湧德,12,0,12,國泰-新莊,2023-09-01,8886
2376,技嘉,46,35,11,國泰-新莊,2023-09-01,8886
2355,敬鵬,11,0,11,國泰-新莊,2023-09-01,8886
5452,佶優,11,0,11,國泰-新莊,2023-09-01,8886
2457,飛宏,14,4,10,國泰-新莊,2023-09-01,8886
1802,台玻,328,95,233,國泰-新莊,2023-09-04,8886
2897,王道銀行,203,1,202,國泰-新莊,2023-09-04,8886
00632R,元大台灣50反1,198,34,164,國泰-新莊,2023-09-04,8886
00929,復華台灣科技優息,335,196,139,國泰-新莊,2023-09-04,8886
00673R,期元大S＆P原油反1,105,0,105,國泰-新莊,2023-09-04,8886
1471,首利,112,11,101,國泰-新莊,2023-09-04,8886
2883,凱基金,106,9,97,國泰-新莊,2023-09-04,8886
00720B,元大投資級公司債,89,0,89,國泰-新莊,2023-09-04,8886
2363,矽統,256,179,77,國泰-新莊,2023-09-04,8886
00915,凱基優選高股息30,71,3,68,國泰-新莊,2023-09-04,8886
3257,虹冠電,148,86,62,國泰-新莊,2023-09-04,8886
6116,彩晶,63,3,60,國泰-新莊,2023-09-04,8886
2027,大成鋼,56,6,50,國泰-新莊,2023-09-04,8886
2371,大同,68,28,40,國泰-新莊,2023-09-04,8886
5009,榮剛,74,34,40,國泰-新莊,2023-09-04,8886
00687B,國泰20年美債,34,0,34,國泰-新莊,2023-09-04,8886
2201,裕隆,85,53,32,國泰-新莊,2023-09-04,8886
00919,群益台灣精選高息,86,56,30,國泰-新莊,2023-09-04,8886
2206,三陽工業,48,20,28,國泰-新莊,2023-09-04,8886
00878,國泰永續高股息,179,152,27,國泰-新莊,2023-09-04,8886
2390,云辰,28,2,26,國泰-新莊,2023-09-04,8886
2516,新建,26,1,25,國泰-新莊,2023-09-04,8886
00931B,統一美債20年,33,8,25,國泰-新莊,2023-09-04,8886
2838,聯邦銀,31,7,24,國泰-新莊,2023-09-04,8886
00932,兆豐永續高息等權,23,2,21,國泰-新莊,2023-09-04,8886
2401,凌陽,20,0,20,國泰-新莊,2023-09-04,8886
00713,元大台灣高息低波,22,2,20,國泰-新莊,2023-09-04,8886
2834,臺企銀,21,1,20,國泰-新莊,2023-09-04,8886
2331,精英,22,3,19,國泰-新莊,2023-09-04,8886
00764B,群益25年美債,19,0,19,國泰-新莊,2023-09-04,8886
6213,聯茂,25,6,19,國泰-新莊,2023-09-04,8886
9945,潤泰新,41,24,17,國泰-新莊,2023-09-04,8886
2324,仁寶,27,10,17,國泰-新莊,2023-09-04,8886
2618,長榮航,43,26,17,國泰-新莊,2023-09-04,8886
00895,富邦未來車,20,3,17,國泰-新莊,2023-09-04,8886
6139,亞翔,17,1,16,國泰-新莊,2023-09-04,8886
2034,允強,16,0,16,國泰-新莊,2023-09-04,8886
2402,毅嘉,261,245,16,國泰-新莊,2023-09-04,8886
00772B,中信高評級公司債,15,0,15,國泰-新莊,2023-09-04,8886
3715,定穎投控,59,45,14,國泰-新莊,2023-09-04,8886
00679B,元大美債20年,20,6,14,國泰-新莊,2023-09-04,8886
3311,閎暉,16,2,14,國泰-新莊,2023-09-04,8886
00751B,元大AAA至A公司債,13,0,13,國泰-新莊,2023-09-04,8886
2340,台亞,37,24,13,國泰-新莊,2023-09-04,8886
0056,元大高股息,24,11,13,國泰-新莊,2023-09-04,8886
3071,協禧,15,3,12,國泰-新莊,2023-09-04,8886
00857B,永豐20年美公債,12,0,12,國泰-新莊,2023-09-04,8886
1616,億泰,18,6,12,國泰-新莊,2023-09-04,8886
2486,一詮,16,4,12,國泰-新莊,2023-09-04,8886
8110,華東,13,1,12,國泰-新莊,2023-09-04,8886
00665L,富邦�琤肭磪囓�2,236,0,236,國泰-新莊,2023-09-05,8886
00882,中信中國高股息,206,0,206,國泰-新莊,2023-09-05,8886
00929,復華台灣科技優息,538,435,103,國泰-新莊,2023-09-05,8886
00915,凱基優選高股息30,89,0,89,國泰-新莊,2023-09-05,8886
00918,大華優利高填息30,72,0,72,國泰-新莊,2023-09-05,8886
2515,中工,88,22,66,國泰-新莊,2023-09-05,8886
2618,長榮航,81,22,59,國泰-新莊,2023-09-05,8886
00706L,期元大S＆P日圓正2,52,0,52,國泰-新莊,2023-09-05,8886
2317,鴻海,46,0,46,國泰-新莊,2023-09-05,8886
2610,華航,85,42,43,國泰-新莊,2023-09-05,8886
00632R,元大台灣50反1,41,3,38,國泰-新莊,2023-09-05,8886
6235,華孚,79,44,35,國泰-新莊,2023-09-05,8886
00919,群益台灣精選高息,277,245,32,國泰-新莊,2023-09-05,8886
2883,凱基金,31,0,31,國泰-新莊,2023-09-05,8886
2312,金寶,67,37,30,國泰-新莊,2023-09-05,8886
6111,大宇資,30,1,29,國泰-新莊,2023-09-05,8886
00931B,統一美債20年,41,14,27,國泰-新莊,2023-09-05,8886
2436,偉詮電,164,138,26,國泰-新莊,2023-09-05,8886
3481,群創,171,146,25,國泰-新莊,2023-09-05,8886
2881,富邦金,24,0,24,國泰-新莊,2023-09-05,8886
3217,優群,26,3,23,國泰-新莊,2023-09-05,8886
1307,三芳,33,11,22,國泰-新莊,2023-09-05,8886
00932,兆豐永續高息等權,21,0,21,國泰-新莊,2023-09-05,8886
00687B,國泰20年美債,20,0,20,國泰-新莊,2023-09-05,8886
1460,宏遠,20,0,20,國泰-新莊,2023-09-05,8886
00878,國泰永續高股息,104,85,19,國泰-新莊,2023-09-05,8886
2382,廣達,64,45,19,國泰-新莊,2023-09-05,8886
2353,宏��,30,14,16,國泰-新莊,2023-09-05,8886
6282,康舒,26,9,17,國泰-新莊,2023-09-05,8886
2884,玉山金,17,0,17,國泰-新莊,2023-09-05,8886
00679B,元大美債20年,19,2,17,國泰-新莊,2023-09-05,8886
1101,台泥,16,0,16,國泰-新莊,2023-09-05,8886
5469,瀚宇博,28,12,16,國泰-新莊,2023-09-05,8886
6122,擎邦,106,91,15,國泰-新莊,2023-09-05,8886
3715,定穎投控,102,87,15,國泰-新莊,2023-09-05,8886
00751B,元大AAA至A公司債,15,0,15,國泰-新莊,2023-09-05,8886
2330,台積電,15,1,14,國泰-新莊,2023-09-05,8886
00923,群益台ESG低碳50,21,7,14,國泰-新莊,2023-09-05,8886
8086,宏捷科,35,21,14,國泰-新莊,2023-09-05,8886
6139,亞翔,22,8,14,國泰-新莊,2023-09-05,8886
1907,永豐餘,14,0,14,國泰-新莊,2023-09-05,8886
2331,精英,41,28,13,國泰-新莊,2023-09-05,8886
5009,榮剛,21,8,13,國泰-新莊,2023-09-05,8886
2812,台中銀,13,0,13,國泰-新莊,2023-09-05,8886
3682,亞太電,13,1,12,國泰-新莊,2023-09-05,8886
1519,華城,16,4,12,國泰-新莊,2023-09-05,8886
5340,建榮,27,15,12,國泰-新莊,2023-09-05,8886
2516,新建,13,1,12,國泰-新莊,2023-09-05,8886
8213,志超,13,1,12,國泰-新莊,2023-09-05,8886
2633,台灣高鐵,11,0,11,國泰-新莊,2023-09-05,8886
00929,復華台灣科技優息,878,355,523,國泰-新莊,2023-09-06,8886
00919,群益台灣精選高息,333,41,292,國泰-新莊,2023-09-06,8886
3481,群創,373,161,212,國泰-新莊,2023-09-06,8886
00665L,富邦�琤肭磪囓�2,204,2,202,國泰-新莊,2023-09-06,8886
2409,友達,153,44,109,國泰-新莊,2023-09-06,8886
00915,凱基優選高股息30,118,13,105,國泰-新莊,2023-09-06,8886
4420,光明,100,0,100,國泰-新莊,2023-09-06,8886
00753L,中信中國50正2,94,5,89,國泰-新莊,2023-09-06,8886
2888,新光金,87,0,87,國泰-新莊,2023-09-06,8886
00882,中信中國高股息,87,10,77,國泰-新莊,2023-09-06,8886
1603,華電,62,0,62,國泰-新莊,2023-09-06,8886
00673R,期元大S＆P原油反1,61,0,61,國泰-新莊,2023-09-06,8886
00720B,元大投資級公司債,62,2,60,國泰-新莊,2023-09-06,8886
2027,大成鋼,63,6,57,國泰-新莊,2023-09-06,8886
6116,彩晶,56,4,52,國泰-新莊,2023-09-06,8886
00650L,復華香港正2,50,0,50,國泰-新莊,2023-09-06,8886
3049,精金,61,11,50,國泰-新莊,2023-09-06,8886
2363,矽統,551,502,49,國泰-新莊,2023-09-06,8886
00772B,中信高評級公司債,52,4,48,國泰-新莊,2023-09-06,8886
1101,台泥,78,31,47,國泰-新莊,2023-09-06,8886
6120,達運,43,0,43,國泰-新莊,2023-09-06,8886
2887,台新金,41,1,40,國泰-新莊,2023-09-06,8886
1305,華夏,40,0,40,國泰-新莊,2023-09-06,8886
00932,兆豐永續高息等權,41,4,37,國泰-新莊,2023-09-06,8886
2884,玉山金,36,0,36,國泰-新莊,2023-09-06,8886
00931B,統一美債20年,59,25,34,國泰-新莊,2023-09-06,8886
5880,合庫金,31,0,31,國泰-新莊,2023-09-06,8886
2331,精英,31,2,29,國泰-新莊,2023-09-06,8886
1460,宏遠,27,0,27,國泰-新莊,2023-09-06,8886
00680L,元大美債20正2,27,0,27,國泰-新莊,2023-09-06,8886
3024,憶聲,26,0,26,國泰-新莊,2023-09-06,8886
2401,凌陽,103,78,25,國泰-新莊,2023-09-06,8886
2816,旺旺保,27,2,25,國泰-新莊,2023-09-06,8886
2891,中信金,26,2,24,國泰-新莊,2023-09-06,8886
00687B,國泰20年美債,22,0,22,國泰-新莊,2023-09-06,8886
2618,長榮航,32,10,22,國泰-新莊,2023-09-06,8886
1504,東元,23,2,21,國泰-新莊,2023-09-06,8886
6167,久正,22,1,21,國泰-新莊,2023-09-06,8886
3704,合勤控,34,13,21,國泰-新莊,2023-09-06,8886
2317,鴻海,26,5,21,國泰-新莊,2023-09-06,8886
00751B,元大AAA至A公司債,20,0,20,國泰-新莊,2023-09-06,8886
2204,中華,29,9,20,國泰-新莊,2023-09-06,8886
00795B,中信美國公債20年,19,0,19,國泰-新莊,2023-09-06,8886
00918,大華優利高填息30,17,0,17,國泰-新莊,2023-09-06,8886
3305,昇貿,20,3,17,國泰-新莊,2023-09-06,8886
00722B,群益投資級電信債,16,0,16,國泰-新莊,2023-09-06,8886
2881,富邦金,17,1,16,國泰-新莊,2023-09-06,8886
8358,金居,69,53,16,國泰-新莊,2023-09-06,8886
00679B,元大美債20年,16,1,15,國泰-新莊,2023-09-06,8886
2312,金寶,31,16,15,國泰-新莊,2023-09-06,8886
00929,復華台灣科技優息,813,313,500,國泰-新莊,2023-09-07,8886
00919,群益台灣精選高息,447,47,400,國泰-新莊,2023-09-07,8886
2886,兆豐金,232,51,181,國泰-新莊,2023-09-07,8886
2884,玉山金,170,4,166,國泰-新莊,2023-09-07,8886
3049,精金,151,0,151,國泰-新莊,2023-09-07,8886
00915,凱基優選高股息30,146,4,142,國泰-新莊,2023-09-07,8886
00637L,元大滬深300正2,124,11,113,國泰-新莊,2023-09-07,8886
00753L,中信中國50正2,92,9,83,國泰-新莊,2023-09-07,8886
2356,英業達,118,44,74,國泰-新莊,2023-09-07,8886
00932,兆豐永續高息等權,72,0,72,國泰-新莊,2023-09-07,8886
2027,大成鋼,72,0,72,國泰-新莊,2023-09-07,8886
3704,合勤控,351,283,68,國泰-新莊,2023-09-07,8886
00751B,元大AAA至A公司債,46,0,46,國泰-新莊,2023-09-07,8886
00902,中信電池及儲能,59,15,44,國泰-新莊,2023-09-07,8886
00923,群益台ESG低碳50,44,1,43,國泰-新莊,2023-09-07,8886
2330,台積電,40,2,38,國泰-新莊,2023-09-07,8886
8050,廣積,58,20,38,國泰-新莊,2023-09-07,8886
00665L,富邦�琤肭磪囓�2,39,2,37,國泰-新莊,2023-09-07,8886
2485,兆赫,144,113,31,國泰-新莊,2023-09-07,8886
1101,台泥,31,1,30,國泰-新莊,2023-09-07,8886
2409,友達,62,32,30,國泰-新莊,2023-09-07,8886
3231,緯創,56,27,29,國泰-新莊,2023-09-07,8886
2328,廣宇,28,0,28,國泰-新莊,2023-09-07,8886
8112,至上,86,58,28,國泰-新莊,2023-09-07,8886
00632R,元大台灣50反1,32,4,28,國泰-新莊,2023-09-07,8886
4906,正文,36,11,25,國泰-新莊,2023-09-07,8886
6108,競國,24,0,24,國泰-新莊,2023-09-07,8886
5452,佶優,23,0,23,國泰-新莊,2023-09-07,8886
00918,大華優利高填息30,22,0,22,國泰-新莊,2023-09-07,8886
9938,百和,21,0,21,國泰-新莊,2023-09-07,8886
8046,南電,22,2,20,國泰-新莊,2023-09-07,8886
4533,協易機,106,86,20,國泰-新莊,2023-09-07,8886
00636,國泰中國A50,20,0,20,國泰-新莊,2023-09-07,8886
3481,群創,224,205,19,國泰-新莊,2023-09-07,8886
5381,合正,34,15,19,國泰-新莊,2023-09-07,8886
2618,長榮航,32,13,19,國泰-新莊,2023-09-07,8886
2515,中工,24,5,19,國泰-新莊,2023-09-07,8886
00679B,元大美債20年,23,4,19,國泰-新莊,2023-09-07,8886
2313,華通,85,67,18,國泰-新莊,2023-09-07,8886
2312,金寶,21,4,17,國泰-新莊,2023-09-07,8886
1802,台玻,19,3,16,國泰-新莊,2023-09-07,8886
0050,元大台灣50,18,2,16,國泰-新莊,2023-09-07,8886
2002,中鋼,18,3,15,國泰-新莊,2023-09-07,8886
2614,東森,65,50,15,國泰-新莊,2023-09-07,8886
6216,居易,15,0,15,國泰-新莊,2023-09-07,8886
0056,元大高股息,23,8,15,國泰-新莊,2023-09-07,8886
8048,德勝,14,0,14,國泰-新莊,2023-09-07,8886
2421,建準,15,2,13,國泰-新莊,2023-09-07,8886
2324,仁寶,24,11,13,國泰-新莊,2023-09-07,8886
2516,新建,13,0,13,國泰-新莊,2023-09-07,8886
00919,群益台灣精選高息,435,85,350,國泰-新莊,2023-09-08,8886
00929,復華台灣科技優息,717,417,300,國泰-新莊,2023-09-08,8886
2376,技嘉,279,68,211,國泰-新莊,2023-09-08,8886
2442,新美齊,69,0,69,國泰-新莊,2023-09-08,8886
00632R,元大台灣50反1,65,6,59,國泰-新莊,2023-09-08,8886
3704,合勤控,80,28,52,國泰-新莊,2023-09-08,8886
6108,競國,51,0,51,國泰-新莊,2023-09-08,8886
2641,正德,50,1,49,國泰-新莊,2023-09-08,8886
00918,大華優利高填息30,48,0,48,國泰-新莊,2023-09-08,8886
5009,榮剛,48,6,42,國泰-新莊,2023-09-08,8886
2344,華邦電,51,11,40,國泰-新莊,2023-09-08,8886
2897,王道銀行,36,0,36,國泰-新莊,2023-09-08,8886
00932,兆豐永續高息等權,30,0,30,國泰-新莊,2023-09-08,8886
3049,精金,30,0,30,國泰-新莊,2023-09-08,8886
00915,凱基優選高股息30,31,2,29,國泰-新莊,2023-09-08,8886
00665L,富邦�琤肭磪囓�2,29,0,29,國泰-新莊,2023-09-08,8886
00923,群益台ESG低碳50,29,3,26,國泰-新莊,2023-09-08,8886
00902,中信電池及儲能,26,0,26,國泰-新莊,2023-09-08,8886
2887,台新金,24,0,24,國泰-新莊,2023-09-08,8886
1101,台泥,28,6,22,國泰-新莊,2023-09-08,8886
3231,緯創,96,75,21,國泰-新莊,2023-09-08,8886
00633L,富邦上証正2,21,0,21,國泰-新莊,2023-09-08,8886
2884,玉山金,22,2,20,國泰-新莊,2023-09-08,8886
00922,國泰台灣領袖50,20,0,20,國泰-新莊,2023-09-08,8886
00895,富邦未來車,21,1,20,國泰-新莊,2023-09-08,8886
5534,長虹,20,0,20,國泰-新莊,2023-09-08,8886
2516,新建,20,0,20,國泰-新莊,2023-09-08,8886
1471,首利,31,12,19,國泰-新莊,2023-09-08,8886
2486,一詮,58,39,19,國泰-新莊,2023-09-08,8886
1802,台玻,64,46,18,國泰-新莊,2023-09-08,8886
2368,金像電,25,7,18,國泰-新莊,2023-09-08,8886
2025,千興,18,0,18,國泰-新莊,2023-09-08,8886
00753L,中信中國50正2,20,2,18,國泰-新莊,2023-09-08,8886
8150,南茂,18,1,17,國泰-新莊,2023-09-08,8886
3715,定穎投控,243,226,17,國泰-新莊,2023-09-08,8886
2382,廣達,87,70,17,國泰-新莊,2023-09-08,8886
2883,凱基金,28,11,17,國泰-新莊,2023-09-08,8886
2337,旺宏,23,6,17,國泰-新莊,2023-09-08,8886
2201,裕隆,20,4,16,國泰-新莊,2023-09-08,8886
4123,晟德,15,0,15,國泰-新莊,2023-09-08,8886
2610,華航,23,8,15,國泰-新莊,2023-09-08,8886
2402,毅嘉,74,60,14,國泰-新莊,2023-09-08,8886
3306,鼎天,14,0,14,國泰-新莊,2023-09-08,8886
2332,友訊,16,2,14,國泰-新莊,2023-09-08,8886
2317,鴻海,15,1,14,國泰-新莊,2023-09-08,8886
9945,潤泰新,15,1,14,國泰-新莊,2023-09-08,8886
2330,台積電,15,1,14,國泰-新莊,2023-09-08,8886
6168,宏齊,16,3,13,國泰-新莊,2023-09-08,8886
2324,仁寶,16,3,13,國泰-新莊,2023-09-08,8886
1618,合機,21,8,13,國泰-新莊,2023-09-08,8886
00878,國泰永續高股息,674,184,490,國泰-新莊,2023-09-11,8886
00919,群益台灣精選高息,482,3,479,國泰-新莊,2023-09-11,8886
00929,復華台灣科技優息,539,156,383,國泰-新莊,2023-09-11,8886
6122,擎邦,118,4,114,國泰-新莊,2023-09-11,8886
2610,華航,118,19,99,國泰-新莊,2023-09-11,8886
3706,神達,114,21,93,國泰-新莊,2023-09-11,8886
00713,元大台灣高息低波,75,6,69,國泰-新莊,2023-09-11,8886
00931B,統一美債20年,69,1,68,國泰-新莊,2023-09-11,8886
2312,金寶,71,3,68,國泰-新莊,2023-09-11,8886
0056,元大高股息,128,63,65,國泰-新莊,2023-09-11,8886
2105,正新,77,19,58,國泰-新莊,2023-09-11,8886
00720B,元大投資級公司債,57,0,57,國泰-新莊,2023-09-11,8886
00900,富邦特選高股息30,72,16,56,國泰-新莊,2023-09-11,8886
00930,永豐ESG低碳高息,52,0,52,國泰-新莊,2023-09-11,8886
00918,大華優利高填息30,51,0,51,國泰-新莊,2023-09-11,8886
00885,富邦越南,57,11,46,國泰-新莊,2023-09-11,8886
2884,玉山金,47,5,42,國泰-新莊,2023-09-11,8886
6125,廣運,41,0,41,國泰-新莊,2023-09-11,8886
00632R,元大台灣50反1,52,13,39,國泰-新莊,2023-09-11,8886
00923,群益台ESG低碳50,52,13,39,國泰-新莊,2023-09-11,8886
2388,威盛,63,25,38,國泰-新莊,2023-09-11,8886
2883,凱基金,40,2,38,國泰-新莊,2023-09-11,8886
00915,凱基優選高股息30,38,2,36,國泰-新莊,2023-09-11,8886
6214,精誠,35,1,34,國泰-新莊,2023-09-11,8886
6196,帆宣,34,0,34,國泰-新莊,2023-09-11,8886
8050,廣積,38,6,32,國泰-新莊,2023-09-11,8886
00932,兆豐永續高息等權,30,0,30,國泰-新莊,2023-09-11,8886
2605,新興,29,0,29,國泰-新莊,2023-09-11,8886
00773B,中信優先金融債,30,1,29,國泰-新莊,2023-09-11,8886
5213,亞昕,29,0,29,國泰-新莊,2023-09-11,8886
1605,華新,27,1,26,國泰-新莊,2023-09-11,8886
2332,友訊,28,3,25,國泰-新莊,2023-09-11,8886
2427,三商電,27,2,25,國泰-新莊,2023-09-11,8886
2634,漢翔,67,44,23,國泰-新莊,2023-09-11,8886
8011,台通,22,0,22,國泰-新莊,2023-09-11,8886
1101,台泥,23,1,22,國泰-新莊,2023-09-11,8886
2442,新美齊,20,0,20,國泰-新莊,2023-09-11,8886
3483,力致,37,18,19,國泰-新莊,2023-09-11,8886
1802,台玻,39,20,19,國泰-新莊,2023-09-11,8886
00850,元大臺灣ESG永續,19,0,19,國泰-新莊,2023-09-11,8886
2363,矽統,454,435,19,國泰-新莊,2023-09-11,8886
3576,聯合再生,98,80,18,國泰-新莊,2023-09-11,8886
00772B,中信高評級公司債,24,5,19,國泰-新莊,2023-09-11,8886
1609,大亞,19,1,18,國泰-新莊,2023-09-11,8886
1504,東元,25,7,18,國泰-新莊,2023-09-11,8886
2002,中鋼,21,3,18,國泰-新莊,2023-09-11,8886
2618,長榮航,39,22,17,國泰-新莊,2023-09-11,8886
3481,群創,118,101,17,國泰-新莊,2023-09-11,8886
6116,彩晶,23,7,16,國泰-新莊,2023-09-11,8886
2834,臺企銀,17,1,16,國泰-新莊,2023-09-11,8886
00676R,富邦臺灣加權反1,458,1,457,國泰-新莊,2023-09-12,8886
00919,群益台灣精選高息,233,40,193,國泰-新莊,2023-09-12,8886
00929,復華台灣科技優息,399,292,107,國泰-新莊,2023-09-12,8886
00637L,元大滬深300正2,103,0,103,國泰-新莊,2023-09-12,8886
2897,王道銀行,86,0,86,國泰-新莊,2023-09-12,8886
00918,大華優利高填息30,78,5,73,國泰-新莊,2023-09-12,8886
3380,明泰,77,7,70,國泰-新莊,2023-09-12,8886
00751B,元大AAA至A公司債,68,0,68,國泰-新莊,2023-09-12,8886
3715,定穎投控,98,32,66,國泰-新莊,2023-09-12,8886
00882,中信中國高股息,62,3,59,國泰-新莊,2023-09-12,8886
2867,三商壽,61,10,51,國泰-新莊,2023-09-12,8886
1471,首利,91,45,46,國泰-新莊,2023-09-12,8886
00687B,國泰20年美債,43,0,43,國泰-新莊,2023-09-12,8886
2351,順德,54,13,41,國泰-新莊,2023-09-12,8886
00673R,期元大S＆P原油反1,35,3,32,國泰-新莊,2023-09-12,8886
00915,凱基優選高股息30,37,5,32,國泰-新莊,2023-09-12,8886
6282,康舒,83,51,32,國泰-新莊,2023-09-12,8886
2891,中信金,45,15,30,國泰-新莊,2023-09-12,8886
00921,兆豐龍頭等權重,30,0,30,國泰-新莊,2023-09-12,8886
1603,華電,30,0,30,國泰-新莊,2023-09-12,8886
00902,中信電池及儲能,27,0,27,國泰-新莊,2023-09-12,8886
5309,系統電,31,5,26,國泰-新莊,2023-09-12,8886
2538,基泰,58,32,26,國泰-新莊,2023-09-12,8886
8069,元太,35,10,25,國泰-新莊,2023-09-12,8886
2002,中鋼,23,0,23,國泰-新莊,2023-09-12,8886
2883,凱基金,22,0,22,國泰-新莊,2023-09-12,8886
00720B,元大投資級公司債,20,0,20,國泰-新莊,2023-09-12,8886
1319,東陽,81,61,20,國泰-新莊,2023-09-12,8886
5213,亞昕,20,0,20,國泰-新莊,2023-09-12,8886
6122,擎邦,20,1,19,國泰-新莊,2023-09-12,8886
6461,益得,20,2,18,國泰-新莊,2023-09-12,8886
1524,耿鼎,74,56,18,國泰-新莊,2023-09-12,8886
3038,全台,17,0,17,國泰-新莊,2023-09-12,8886
00753L,中信中國50正2,22,5,17,國泰-新莊,2023-09-12,8886
00715L,期街口布蘭特正2,22,5,17,國泰-新莊,2023-09-12,8886
5381,合正,26,9,17,國泰-新莊,2023-09-12,8886
00679B,元大美債20年,16,0,16,國泰-新莊,2023-09-12,8886
2634,漢翔,23,9,14,國泰-新莊,2023-09-12,8886
00931B,統一美債20年,15,1,14,國泰-新莊,2023-09-12,8886
8050,廣積,16,2,14,國泰-新莊,2023-09-12,8886
2816,旺旺保,14,0,14,國泰-新莊,2023-09-12,8886
6443,元晶,14,0,14,國泰-新莊,2023-09-12,8886
3260,威剛,68,55,13,國泰-新莊,2023-09-12,8886
6125,廣運,55,42,13,國泰-新莊,2023-09-12,8886
3545,敦泰,22,9,13,國泰-新莊,2023-09-12,8886
00772B,中信高評級公司債,13,0,13,國泰-新莊,2023-09-12,8886
3217,優群,13,0,13,國泰-新莊,2023-09-12,8886
3035,智原,61,48,13,國泰-新莊,2023-09-12,8886
2332,友訊,15,3,12,國泰-新莊,2023-09-12,8886
2405,輔信,53,41,12,國泰-新莊,2023-09-12,8886
00919,群益台灣精選高息,353,60,293,國泰-新莊,2023-09-13,8886
3706,神達,209,9,200,國泰-新莊,2023-09-13,8886
00751B,元大AAA至A公司債,126,0,126,國泰-新莊,2023-09-13,8886
00929,復華台灣科技優息,330,238,92,國泰-新莊,2023-09-13,8886
00918,大華優利高填息30,78,11,67,國泰-新莊,2023-09-13,8886
00673R,期元大S＆P原油反1,57,0,57,國泰-新莊,2023-09-13,8886
2801,彰銀,47,2,45,國泰-新莊,2023-09-13,8886
3682,亞太電,43,0,43,國泰-新莊,2023-09-13,8886
00915,凱基優選高股息30,61,19,42,國泰-新莊,2023-09-13,8886
00850,元大臺灣ESG永續,41,0,41,國泰-新莊,2023-09-13,8886
00902,中信電池及儲能,47,10,37,國泰-新莊,2023-09-13,8886
2614,東森,36,1,35,國泰-新莊,2023-09-13,8886
00753L,中信中國50正2,43,16,27,國泰-新莊,2023-09-13,8886
5706,鳳凰,29,3,26,國泰-新莊,2023-09-13,8886
2352,佳世達,36,11,25,國泰-新莊,2023-09-13,8886
00665L,富邦�琤肭磪囓�2,26,2,24,國泰-新莊,2023-09-13,8886
2867,三商壽,23,0,23,國泰-新莊,2023-09-13,8886
3483,力致,30,7,23,國泰-新莊,2023-09-13,8886
2363,矽統,110,89,21,國泰-新莊,2023-09-13,8886
00706L,期元大S＆P日圓正2,21,0,21,國泰-新莊,2023-09-13,8886
00712,復華富時不動產,23,2,21,國泰-新莊,2023-09-13,8886
2884,玉山金,24,4,20,國泰-新莊,2023-09-13,8886
8046,南電,26,6,20,國泰-新莊,2023-09-13,8886
00900,富邦特選高股息30,20,1,19,國泰-新莊,2023-09-13,8886
9958,世紀鋼,19,0,19,國泰-新莊,2023-09-13,8886
2886,兆豐金,21,4,17,國泰-新莊,2023-09-13,8886
1609,大亞,21,4,17,國泰-新莊,2023-09-13,8886
2618,長榮航,26,9,17,國泰-新莊,2023-09-13,8886
00882,中信中國高股息,18,3,15,國泰-新莊,2023-09-13,8886
2485,兆赫,20,5,15,國泰-新莊,2023-09-13,8886
3694,海華,16,1,15,國泰-新莊,2023-09-13,8886
3005,神基,51,37,14,國泰-新莊,2023-09-13,8886
2892,第一金,16,1,15,國泰-新莊,2023-09-13,8886
3704,合勤控,57,43,14,國泰-新莊,2023-09-13,8886
2883,凱基金,17,3,14,國泰-新莊,2023-09-13,8886
1524,耿鼎,177,163,14,國泰-新莊,2023-09-13,8886
2211,長榮鋼,15,2,13,國泰-新莊,2023-09-13,8886
4120,友華,14,1,13,國泰-新莊,2023-09-13,8886
3019,亞光,15,2,13,國泰-新莊,2023-09-13,8886
5210,寶碩,12,0,12,國泰-新莊,2023-09-13,8886
1618,合機,34,22,12,國泰-新莊,2023-09-13,8886
9904,寶成,12,0,12,國泰-新莊,2023-09-13,8886
2002,中鋼,12,1,11,國泰-新莊,2023-09-13,8886
00932,兆豐永續高息等權,12,1,11,國泰-新莊,2023-09-13,8886
1413,宏洲,10,0,10,國泰-新莊,2023-09-13,8886
3234,光環,10,0,10,國泰-新莊,2023-09-13,8886
8081,致新,10,0,10,國泰-新莊,2023-09-13,8886
4506,崇友,10,0,10,國泰-新莊,2023-09-13,8886
2915,潤泰全,10,0,10,國泰-新莊,2023-09-13,8886
00722B,群益投資級電信債,10,0,10,國泰-新莊,2023-09-13,8886
00929,復華台灣科技優息,682,173,509,國泰-新莊,2023-09-14,8886
00919,群益台灣精選高息,442,51,391,國泰-新莊,2023-09-14,8886
00676R,富邦臺灣加權反1,203,0,203,國泰-新莊,2023-09-14,8886
2402,毅嘉,165,10,155,國泰-新莊,2023-09-14,8886
3706,神達,105,3,102,國泰-新莊,2023-09-14,8886
00751B,元大AAA至A公司債,62,0,62,國泰-新莊,2023-09-14,8886
1314,中石化,60,4,56,國泰-新莊,2023-09-14,8886
00918,大華優利高填息30,103,49,54,國泰-新莊,2023-09-14,8886
4979,華星光,117,65,52,國泰-新莊,2023-09-14,8886
00637L,元大滬深300正2,51,1,50,國泰-新莊,2023-09-14,8886
00665L,富邦�琤肭磪囓�2,58,11,47,國泰-新莊,2023-09-14,8886
2371,大同,123,77,46,國泰-新莊,2023-09-14,8886
1522,堤維西,268,235,33,國泰-新莊,2023-09-14,8886
8088,品安,35,3,32,國泰-新莊,2023-09-14,8886
00720B,元大投資級公司債,33,1,32,國泰-新莊,2023-09-14,8886
00924,復華S＆P500成長,29,0,29,國泰-新莊,2023-09-14,8886
4113,聯上,46,22,24,國泰-新莊,2023-09-14,8886
00882,中信中國高股息,25,1,24,國泰-新莊,2023-09-14,8886
9958,世紀鋼,26,3,23,國泰-新莊,2023-09-14,8886
2601,益航,23,0,23,國泰-新莊,2023-09-14,8886
00753L,中信中國50正2,32,9,23,國泰-新莊,2023-09-14,8886
00902,中信電池及儲能,22,0,22,國泰-新莊,2023-09-14,8886
3322,建舜電,22,1,21,國泰-新莊,2023-09-14,8886
3576,聯合再生,21,1,20,國泰-新莊,2023-09-14,8886
00850,元大臺灣ESG永續,20,0,20,國泰-新莊,2023-09-14,8886
1305,華夏,75,55,20,國泰-新莊,2023-09-14,8886
6108,競國,19,0,19,國泰-新莊,2023-09-14,8886
2201,裕隆,27,8,19,國泰-新莊,2023-09-14,8886
00687B,國泰20年美債,17,0,17,國泰-新莊,2023-09-14,8886
3049,精金,20,3,17,國泰-新莊,2023-09-14,8886
3715,定穎投控,96,80,16,國泰-新莊,2023-09-14,8886
4104,佳醫,16,0,16,國泰-新莊,2023-09-14,8886
5425,台半,18,2,16,國泰-新莊,2023-09-14,8886
1605,華新,24,8,16,國泰-新莊,2023-09-14,8886
2834,臺企銀,21,6,15,國泰-新莊,2023-09-14,8886
1568,倉佑,50,35,15,國泰-新莊,2023-09-14,8886
8442,威宏-KY,15,0,15,國泰-新莊,2023-09-14,8886
8046,南電,14,2,12,國泰-新莊,2023-09-14,8886
2801,彰銀,12,1,11,國泰-新莊,2023-09-14,8886
3264,欣銓,18,7,11,國泰-新莊,2023-09-14,8886
1528,恩德,10,0,10,國泰-新莊,2023-09-14,8886
00930,永豐ESG低碳高息,10,0,10,國泰-新莊,2023-09-14,8886
6173,信昌電,10,0,10,國泰-新莊,2023-09-14,8886
4945,陞達科技,10,0,10,國泰-新莊,2023-09-14,8886
00773B,中信優先金融債,10,0,10,國泰-新莊,2023-09-14,8886
2634,漢翔,14,4,10,國泰-新莊,2023-09-14,8886
1513,中興電,21,12,9,國泰-新莊,2023-09-14,8886
6449,鈺邦,10,1,9,國泰-新莊,2023-09-14,8886
3189,景碩,9,0,9,國泰-新莊,2023-09-14,8886
4747,強生,8,0,8,國泰-新莊,2023-09-14,8886
00919,群益台灣精選高息,840,142,698,國泰-新莊,2023-09-15,8886
00929,復華台灣科技優息,962,382,580,國泰-新莊,2023-09-15,8886
2402,毅嘉,123,19,104,國泰-新莊,2023-09-15,8886
00676R,富邦臺灣加權反1,100,0,100,國泰-新莊,2023-09-15,8886
3706,神達,108,9,99,國泰-新莊,2023-09-15,8886
00881,國泰台灣5G+,213,130,83,國泰-新莊,2023-09-15,8886
2486,一詮,148,71,77,國泰-新莊,2023-09-15,8886
00931B,統一美債20年,64,0,64,國泰-新莊,2023-09-15,8886
00673R,期元大S＆P原油反1,52,0,52,國泰-新莊,2023-09-15,8886
2610,華航,78,31,47,國泰-新莊,2023-09-15,8886
1802,台玻,43,0,43,國泰-新莊,2023-09-15,8886
00772B,中信高評級公司債,90,47,43,國泰-新莊,2023-09-15,8886
2884,玉山金,41,1,40,國泰-新莊,2023-09-15,8886
2618,長榮航,56,16,40,國泰-新莊,2023-09-15,8886
1319,東陽,75,38,37,國泰-新莊,2023-09-15,8886
2002,中鋼,34,0,34,國泰-新莊,2023-09-15,8886
2801,彰銀,33,0,33,國泰-新莊,2023-09-15,8886
00687B,國泰20年美債,32,0,32,國泰-新莊,2023-09-15,8886
00900,富邦特選高股息30,67,35,32,國泰-新莊,2023-09-15,8886
3163,波若威,151,119,32,國泰-新莊,2023-09-15,8886
3035,智原,122,90,32,國泰-新莊,2023-09-15,8886
00679B,元大美債20年,36,9,27,國泰-新莊,2023-09-15,8886
00631L,元大台灣50正2,23,0,23,國泰-新莊,2023-09-15,8886
2516,新建,22,0,22,國泰-新莊,2023-09-15,8886
3481,群創,39,17,22,國泰-新莊,2023-09-15,8886
2027,大成鋼,25,4,21,國泰-新莊,2023-09-15,8886
00688L,國泰20年美債正2,21,1,20,國泰-新莊,2023-09-15,8886
2615,萬海,39,20,19,國泰-新莊,2023-09-15,8886
3363,上詮,124,106,18,國泰-新莊,2023-09-15,8886
8034,榮群,25,7,18,國泰-新莊,2023-09-15,8886
00878,國泰永續高股息,67,50,17,國泰-新莊,2023-09-15,8886
6231,系微,41,24,17,國泰-新莊,2023-09-15,8886
00932,兆豐永續高息等權,16,0,16,國泰-新莊,2023-09-15,8886
00669R,國泰美國道瓊反1,21,6,15,國泰-新莊,2023-09-15,8886
2613,中櫃,16,1,15,國泰-新莊,2023-09-15,8886
1522,堤維西,115,101,14,國泰-新莊,2023-09-15,8886
3049,精金,14,0,14,國泰-新莊,2023-09-15,8886
2498,宏達電,14,0,14,國泰-新莊,2023-09-15,8886
3317,尼克森,14,0,14,國泰-新莊,2023-09-15,8886
2645,長榮航太,15,1,14,國泰-新莊,2023-09-15,8886
2891,中信金,16,3,13,國泰-新莊,2023-09-15,8886
1402,遠東新,13,1,12,國泰-新莊,2023-09-15,8886
6120,達運,49,37,12,國泰-新莊,2023-09-15,8886
3276,宇環,26,14,12,國泰-新莊,2023-09-15,8886
2892,第一金,11,0,11,國泰-新莊,2023-09-15,8886
8068,全達,88,77,11,國泰-新莊,2023-09-15,8886
5608,四維航,39,28,11,國泰-新莊,2023-09-15,8886
00713,元大台灣高息低波,11,0,11,國泰-新莊,2023-09-15,8886
00720B,元大投資級公司債,11,0,11,國泰-新莊,2023-09-15,8886
3013,晟銘電,35,25,10,國泰-新莊,2023-09-15,8886
00929,復華台灣科技優息,1477,251,1226,國泰-新莊,2023-09-18,8886
00919,群益台灣精選高息,417,139,278,國泰-新莊,2023-09-18,8886
2363,矽統,405,243,162,國泰-新莊,2023-09-18,8886
00687B,國泰20年美債,135,3,132,國泰-新莊,2023-09-18,8886
00751B,元大AAA至A公司債,124,0,124,國泰-新莊,2023-09-18,8886
2402,毅嘉,118,12,106,國泰-新莊,2023-09-18,8886
3059,華晶科,102,1,101,國泰-新莊,2023-09-18,8886
00881,國泰台灣5G+,101,3,98,國泰-新莊,2023-09-18,8886
00772B,中信高評級公司債,81,5,76,國泰-新莊,2023-09-18,8886
00679B,元大美債20年,118,49,69,國泰-新莊,2023-09-18,8886
00720B,元大投資級公司債,66,0,66,國泰-新莊,2023-09-18,8886
00665L,富邦�琤肭磪囓�2,93,29,64,國泰-新莊,2023-09-18,8886
00915,凱基優選高股息30,75,16,59,國泰-新莊,2023-09-18,8886
3706,神達,61,8,53,國泰-新莊,2023-09-18,8886
2330,台積電,55,5,50,國泰-新莊,2023-09-18,8886
00918,大華優利高填息30,50,2,48,國泰-新莊,2023-09-18,8886
3037,欣興,48,8,40,國泰-新莊,2023-09-18,8886
4915,致伸,42,2,40,國泰-新莊,2023-09-18,8886
2382,廣達,66,27,39,國泰-新莊,2023-09-18,8886
00931B,統一美債20年,59,19,40,國泰-新莊,2023-09-18,8886
3324,雙鴻,44,6,38,國泰-新莊,2023-09-18,8886
1471,首利,49,13,36,國泰-新莊,2023-09-18,8886
2454,聯發科,55,19,36,國泰-新莊,2023-09-18,8886
1702,南僑,32,0,32,國泰-新莊,2023-09-18,8886
00895,富邦未來車,31,0,31,國泰-新莊,2023-09-18,8886
0056,元大高股息,47,16,31,國泰-新莊,2023-09-18,8886
1413,宏洲,30,0,30,國泰-新莊,2023-09-18,8886
5309,系統電,30,3,27,國泰-新莊,2023-09-18,8886
4746,台耀,29,3,26,國泰-新莊,2023-09-18,8886
00885,富邦越南,27,2,25,國泰-新莊,2023-09-18,8886
2838,聯邦銀,24,0,24,國泰-新莊,2023-09-18,8886
1584,精剛,26,2,24,國泰-新莊,2023-09-18,8886
00713,元大台灣高息低波,38,16,22,國泰-新莊,2023-09-18,8886
2427,三商電,35,13,22,國泰-新莊,2023-09-18,8886
8358,金居,40,19,21,國泰-新莊,2023-09-18,8886
00673R,期元大S＆P原油反1,21,0,21,國泰-新莊,2023-09-18,8886
00753L,中信中國50正2,36,15,21,國泰-新莊,2023-09-18,8886
00795B,中信美國公債20年,22,1,21,國泰-新莊,2023-09-18,8886
3227,原相,20,0,20,國泰-新莊,2023-09-18,8886
00923,群益台ESG低碳50,33,13,20,國泰-新莊,2023-09-18,8886
2376,技嘉,43,23,20,國泰-新莊,2023-09-18,8886
6282,康舒,22,4,18,國泰-新莊,2023-09-18,8886
00680L,元大美債20正2,19,1,18,國泰-新莊,2023-09-18,8886
00764B,群益25年美債,18,0,18,國泰-新莊,2023-09-18,8886
2356,英業達,88,70,18,國泰-新莊,2023-09-18,8886
2634,漢翔,32,14,18,國泰-新莊,2023-09-18,8886
6418,詠昇,26,10,16,國泰-新莊,2023-09-18,8886
1568,倉佑,20,4,16,國泰-新莊,2023-09-18,8886
3231,緯創,127,112,15,國泰-新莊,2023-09-18,8886
2601,益航,46,31,15,國泰-新莊,2023-09-18,8886
00929,復華台灣科技優息,982,233,749,國泰-新莊,2023-09-19,8886
00919,群益台灣精選高息,473,38,435,國泰-新莊,2023-09-19,8886
00878,國泰永續高股息,180,19,161,國泰-新莊,2023-09-19,8886
3706,神達,186,29,157,國泰-新莊,2023-09-19,8886
00921,兆豐龍頭等權重,100,0,100,國泰-新莊,2023-09-19,8886
00932,兆豐永續高息等權,90,0,90,國泰-新莊,2023-09-19,8886
3450,聯鈞,118,37,81,國泰-新莊,2023-09-19,8886
1815,富喬,94,22,72,國泰-新莊,2023-09-19,8886
2313,華通,375,312,63,國泰-新莊,2023-09-19,8886
2610,華航,68,5,63,國泰-新莊,2023-09-19,8886
5381,合正,80,24,56,國泰-新莊,2023-09-19,8886
3481,群創,101,51,50,國泰-新莊,2023-09-19,8886
2801,彰銀,54,4,50,國泰-新莊,2023-09-19,8886
00706L,期元大S＆P日圓正2,50,0,50,國泰-新莊,2023-09-19,8886
00902,中信電池及儲能,45,6,39,國泰-新莊,2023-09-19,8886
00885,富邦越南,38,3,35,國泰-新莊,2023-09-19,8886
6235,華孚,42,8,34,國泰-新莊,2023-09-19,8886
2014,中鴻,36,4,32,國泰-新莊,2023-09-19,8886
00918,大華優利高填息30,31,0,31,國泰-新莊,2023-09-19,8886
00905,FT臺灣Smart,30,0,30,國泰-新莊,2023-09-19,8886
00830,國泰費城半導體,29,0,29,國泰-新莊,2023-09-19,8886
2330,台積電,29,2,27,國泰-新莊,2023-09-19,8886
2345,智邦,32,5,27,國泰-新莊,2023-09-19,8886
00888,永豐台灣ESG,26,0,26,國泰-新莊,2023-09-19,8886
2312,金寶,25,0,25,國泰-新莊,2023-09-19,8886
1514,亞力,47,23,24,國泰-新莊,2023-09-19,8886
00915,凱基優選高股息30,23,0,23,國泰-新莊,2023-09-19,8886
00665L,富邦�琤肭磪囓�2,45,22,23,國泰-新莊,2023-09-19,8886
2425,承啟,34,11,23,國泰-新莊,2023-09-19,8886
6116,彩晶,22,0,22,國泰-新莊,2023-09-19,8886
2025,千興,22,0,22,國泰-新莊,2023-09-19,8886
4979,華星光,77,56,21,國泰-新莊,2023-09-19,8886
2438,翔耀,21,0,21,國泰-新莊,2023-09-19,8886
2618,長榮航,33,12,21,國泰-新莊,2023-09-19,8886
1101,台泥,20,0,20,國泰-新莊,2023-09-19,8886
2388,威盛,67,48,19,國泰-新莊,2023-09-19,8886
6274,台燿,72,53,19,國泰-新莊,2023-09-19,8886
3035,智原,67,49,18,國泰-新莊,2023-09-19,8886
2206,三陽工業,31,13,18,國泰-新莊,2023-09-19,8886
2637,慧洋-KY,24,7,17,國泰-新莊,2023-09-19,8886
2303,聯電,17,1,16,國泰-新莊,2023-09-19,8886
2332,友訊,19,3,16,國泰-新莊,2023-09-19,8886
2838,聯邦銀,16,0,16,國泰-新莊,2023-09-19,8886
00922,國泰台灣領袖50,17,2,15,國泰-新莊,2023-09-19,8886
3005,神基,49,35,14,國泰-新莊,2023-09-19,8886
2399,映泰,19,5,14,國泰-新莊,2023-09-19,8886
2449,京元電子,50,36,14,國泰-新莊,2023-09-19,8886
1809,中釉,16,2,14,國泰-新莊,2023-09-19,8886
2891,中信金,19,6,13,國泰-新莊,2023-09-19,8886
00895,富邦未來車,13,0,13,國泰-新莊,2023-09-19,8886
00929,復華台灣科技優息,1337,475,862,國泰-新莊,2023-09-20,8886
00753L,中信中國50正2,129,4,125,國泰-新莊,2023-09-20,8886
00919,群益台灣精選高息,184,66,118,國泰-新莊,2023-09-20,8886
2897,王道銀行,71,0,71,國泰-新莊,2023-09-20,8886
2367,燿華,134,65,69,國泰-新莊,2023-09-20,8886
00932,兆豐永續高息等權,72,4,68,國泰-新莊,2023-09-20,8886
3715,定穎投控,307,245,62,國泰-新莊,2023-09-20,8886
6182,合晶,57,1,56,國泰-新莊,2023-09-20,8886
3709,鑫聯大投控,51,0,51,國泰-新莊,2023-09-20,8886
2313,華通,220,174,46,國泰-新莊,2023-09-20,8886
2538,基泰,47,1,46,國泰-新莊,2023-09-20,8886
2330,台積電,48,4,44,國泰-新莊,2023-09-20,8886
2317,鴻海,44,0,44,國泰-新莊,2023-09-20,8886
00687B,國泰20年美債,43,1,42,國泰-新莊,2023-09-20,8886
2449,京元電子,72,32,40,國泰-新莊,2023-09-20,8886
2425,承啟,40,1,39,國泰-新莊,2023-09-20,8886
00921,兆豐龍頭等權重,38,0,38,國泰-新莊,2023-09-20,8886
00931B,統一美債20年,42,5,37,國泰-新莊,2023-09-20,8886
00632R,元大台灣50反1,153,118,35,國泰-新莊,2023-09-20,8886
00918,大華優利高填息30,33,0,33,國泰-新莊,2023-09-20,8886
3005,神基,55,22,33,國泰-新莊,2023-09-20,8886
2838,聯邦銀,34,4,30,國泰-新莊,2023-09-20,8886
1101,台泥,26,0,26,國泰-新莊,2023-09-20,8886
6770,力積電,25,0,25,國泰-新莊,2023-09-20,8886
2201,裕隆,41,16,25,國泰-新莊,2023-09-20,8886
2883,凱基金,22,0,22,國泰-新莊,2023-09-20,8886
2344,華邦電,30,8,22,國泰-新莊,2023-09-20,8886
3037,欣興,23,2,21,國泰-新莊,2023-09-20,8886
8034,榮群,33,12,21,國泰-新莊,2023-09-20,8886
2610,華航,58,38,20,國泰-新莊,2023-09-20,8886
00679B,元大美債20年,25,5,20,國泰-新莊,2023-09-20,8886
00900,富邦特選高股息30,24,4,20,國泰-新莊,2023-09-20,8886
00878,國泰永續高股息,65,48,17,國泰-新莊,2023-09-20,8886
00902,中信電池及儲能,18,0,18,國泰-新莊,2023-09-20,8886
2609,陽明,73,56,17,國泰-新莊,2023-09-20,8886
3024,憶聲,21,4,17,國泰-新莊,2023-09-20,8886
3092,鴻碩,22,5,17,國泰-新莊,2023-09-20,8886
2867,三商壽,16,0,16,國泰-新莊,2023-09-20,8886
3276,宇環,82,66,16,國泰-新莊,2023-09-20,8886
00892,富邦台灣半導體,16,0,16,國泰-新莊,2023-09-20,8886
00715L,期街口布蘭特正2,35,20,15,國泰-新莊,2023-09-20,8886
2324,仁寶,16,1,15,國泰-新莊,2023-09-20,8886
3576,聯合再生,81,66,15,國泰-新莊,2023-09-20,8886
3042,晶技,23,9,14,國泰-新莊,2023-09-20,8886
3325,旭品,33,19,14,國泰-新莊,2023-09-20,8886
1605,華新,45,31,14,國泰-新莊,2023-09-20,8886
1471,首利,14,1,13,國泰-新莊,2023-09-20,8886
6285,啟��,19,6,13,國泰-新莊,2023-09-20,8886
3454,晶睿,14,1,13,國泰-新莊,2023-09-20,8886
2409,友達,15,3,12,國泰-新莊,2023-09-20,8886
00929,復華台灣科技優息,526,297,229,國泰-新莊,2023-09-21,8886
2887,台新金,112,4,108,國泰-新莊,2023-09-21,8886
0056,元大高股息,134,27,107,國泰-新莊,2023-09-21,8886
00753L,中信中國50正2,125,32,93,國泰-新莊,2023-09-21,8886
00919,群益台灣精選高息,153,63,90,國泰-新莊,2023-09-21,8886
2317,鴻海,92,2,90,國泰-新莊,2023-09-21,8886
3706,神達,99,14,85,國泰-新莊,2023-09-21,8886
5880,合庫金,79,2,77,國泰-新莊,2023-09-21,8886
2884,玉山金,77,5,72,國泰-新莊,2023-09-21,8886
00679B,元大美債20年,74,3,71,國泰-新莊,2023-09-21,8886
1101,台泥,70,7,63,國泰-新莊,2023-09-21,8886
00923,群益台ESG低碳50,66,10,56,國泰-新莊,2023-09-21,8886
00637L,元大滬深300正2,53,0,53,國泰-新莊,2023-09-21,8886
3049,精金,52,2,50,國泰-新莊,2023-09-21,8886
00922,國泰台灣領袖50,50,0,50,國泰-新莊,2023-09-21,8886
0050,元大台灣50,52,3,49,國泰-新莊,2023-09-21,8886
2801,彰銀,49,0,49,國泰-新莊,2023-09-21,8886
00932,兆豐永續高息等權,48,1,47,國泰-新莊,2023-09-21,8886
00665L,富邦�琤肭磪囓�2,57,10,47,國泰-新莊,2023-09-21,8886
2891,中信金,47,4,43,國泰-新莊,2023-09-21,8886
2330,台積電,50,7,43,國泰-新莊,2023-09-21,8886
1460,宏遠,42,0,42,國泰-新莊,2023-09-21,8886
2002,中鋼,43,1,42,國泰-新莊,2023-09-21,8886
5388,中磊,41,0,41,國泰-新莊,2023-09-21,8886
00713,元大台灣高息低波,39,1,38,國泰-新莊,2023-09-21,8886
2892,第一金,42,5,37,國泰-新莊,2023-09-21,8886
00631L,元大台灣50正2,38,3,35,國泰-新莊,2023-09-21,8886
00680L,元大美債20正2,38,3,35,國泰-新莊,2023-09-21,8886
6657,華安,35,0,35,國泰-新莊,2023-09-21,8886
00931B,統一美債20年,29,0,29,國泰-新莊,2023-09-21,8886
00881,國泰台灣5G+,28,0,28,國泰-新莊,2023-09-21,8886
00850,元大臺灣ESG永續,27,0,27,國泰-新莊,2023-09-21,8886
006208,富邦台50,31,5,26,國泰-新莊,2023-09-21,8886
2603,長榮,42,16,26,國泰-新莊,2023-09-21,8886
00888,永豐台灣ESG,27,1,26,國泰-新莊,2023-09-21,8886
2883,凱基金,43,18,25,國泰-新莊,2023-09-21,8886
6016,康和證,25,0,25,國泰-新莊,2023-09-21,8886
2208,台船,31,6,25,國泰-新莊,2023-09-21,8886
3481,群創,44,20,24,國泰-新莊,2023-09-21,8886
2313,華通,109,86,23,國泰-新莊,2023-09-21,8886
00915,凱基優選高股息30,24,2,22,國泰-新莊,2023-09-21,8886
2882,國泰金,24,2,22,國泰-新莊,2023-09-21,8886
2610,華航,68,46,22,國泰-新莊,2023-09-21,8886
2605,新興,41,20,21,國泰-新莊,2023-09-21,8886
2888,新光金,31,11,20,國泰-新莊,2023-09-21,8886
2890,永豐金,21,2,19,國泰-新莊,2023-09-21,8886
2838,聯邦銀,19,0,19,國泰-新莊,2023-09-21,8886
6120,達運,24,5,19,國泰-新莊,2023-09-21,8886
2498,宏達電,18,0,18,國泰-新莊,2023-09-21,8886
1504,東元,29,11,18,國泰-新莊,2023-09-21,8886
00931B,統一美債20年,187,2,185,國泰-新莊,2023-09-22,8886
00679B,元大美債20年,180,20,160,國泰-新莊,2023-09-22,8886
00720B,元大投資級公司債,157,3,154,國泰-新莊,2023-09-22,8886
00712,復華富時不動產,158,22,136,國泰-新莊,2023-09-22,8886
00919,群益台灣精選高息,161,38,123,國泰-新莊,2023-09-22,8886
00687B,國泰20年美債,115,1,114,國泰-新莊,2023-09-22,8886
00772B,中信高評級公司債,80,0,80,國泰-新莊,2023-09-22,8886
2891,中信金,96,20,76,國泰-新莊,2023-09-22,8886
2317,鴻海,73,2,71,國泰-新莊,2023-09-22,8886
2345,智邦,53,0,53,國泰-新莊,2023-09-22,8886
1316,上曜,51,0,51,國泰-新莊,2023-09-22,8886
3682,亞太電,46,0,46,國泰-新莊,2023-09-22,8886
00773B,中信優先金融債,43,0,43,國泰-新莊,2023-09-22,8886
1584,精剛,121,78,43,國泰-新莊,2023-09-22,8886
2330,台積電,39,2,37,國泰-新莊,2023-09-22,8886
00929,復華台灣科技優息,297,260,37,國泰-新莊,2023-09-22,8886
2883,凱基金,43,7,36,國泰-新莊,2023-09-22,8886
1101,台泥,36,1,35,國泰-新莊,2023-09-22,8886
2601,益航,32,0,32,國泰-新莊,2023-09-22,8886
2313,華通,120,88,32,國泰-新莊,2023-09-22,8886
00795B,中信美國公債20年,33,2,31,國泰-新莊,2023-09-22,8886
2344,華邦電,31,1,30,國泰-新莊,2023-09-22,8886
1815,富喬,48,19,29,國泰-新莊,2023-09-22,8886
2881,富邦金,28,0,28,國泰-新莊,2023-09-22,8886
00751B,元大AAA至A公司債,64,37,27,國泰-新莊,2023-09-22,8886
0050,元大台灣50,25,1,24,國泰-新莊,2023-09-22,8886
00688L,國泰20年美債正2,55,31,24,國泰-新莊,2023-09-22,8886
2884,玉山金,28,5,23,國泰-新莊,2023-09-22,8886
00921,兆豐龍頭等權重,21,0,21,國泰-新莊,2023-09-22,8886
00927,群益半導體收益,20,0,20,國泰-新莊,2023-09-22,8886
6182,合晶,20,0,20,國泰-新莊,2023-09-22,8886
2538,基泰,21,2,19,國泰-新莊,2023-09-22,8886
2376,技嘉,117,98,19,國泰-新莊,2023-09-22,8886
2458,義隆,20,1,19,國泰-新莊,2023-09-22,8886
3036,文曄,128,111,17,國泰-新莊,2023-09-22,8886
4420,光明,17,0,17,國泰-新莊,2023-09-22,8886
1528,恩德,17,0,17,國泰-新莊,2023-09-22,8886
3005,神基,21,5,16,國泰-新莊,2023-09-22,8886
00888,永豐台灣ESG,16,0,16,國泰-新莊,2023-09-22,8886
00932,兆豐永續高息等權,17,2,15,國泰-新莊,2023-09-22,8886
2303,聯電,17,2,15,國泰-新莊,2023-09-22,8886
8069,元太,24,9,15,國泰-新莊,2023-09-22,8886
00918,大華優利高填息30,15,0,15,國泰-新莊,2023-09-22,8886
2468,華經,31,17,14,國泰-新莊,2023-09-22,8886
2618,長榮航,37,23,14,國泰-新莊,2023-09-22,8886
2838,聯邦銀,14,0,14,國泰-新莊,2023-09-22,8886
00764B,群益25年美債,13,0,13,國泰-新莊,2023-09-22,8886
1444,力麗,21,8,13,國泰-新莊,2023-09-22,8886
006208,富邦台50,14,1,13,國泰-新莊,2023-09-22,8886
2882,國泰金,13,0,13,國泰-新莊,2023-09-22,8886
3706,神達,270,39,231,國泰-新莊,2023-09-25,8886
2618,長榮航,124,33,91,國泰-新莊,2023-09-25,8886
00929,復華台灣科技優息,124,38,86,國泰-新莊,2023-09-25,8886
00919,群益台灣精選高息,104,22,82,國泰-新莊,2023-09-25,8886
2211,長榮鋼,53,0,53,國泰-新莊,2023-09-25,8886
00679B,元大美債20年,56,3,53,國泰-新莊,2023-09-25,8886
3290,東浦,40,0,40,國泰-新莊,2023-09-25,8886
1316,上曜,35,0,35,國泰-新莊,2023-09-25,8886
1101,台泥,33,4,29,國泰-新莊,2023-09-25,8886
2367,燿華,43,14,29,國泰-新莊,2023-09-25,8886
00712,復華富時不動產,37,9,28,國泰-新莊,2023-09-25,8886
00720B,元大投資級公司債,30,5,25,國泰-新莊,2023-09-25,8886
00931B,統一美債20年,45,20,25,國泰-新莊,2023-09-25,8886
9938,百和,20,0,20,國泰-新莊,2023-09-25,8886
6213,聯茂,29,10,19,國泰-新莊,2023-09-25,8886
00902,中信電池及儲能,18,0,18,國泰-新莊,2023-09-25,8886
6168,宏齊,18,0,18,國泰-新莊,2023-09-25,8886
3363,上詮,170,152,18,國泰-新莊,2023-09-25,8886
2492,華新科,17,0,17,國泰-新莊,2023-09-25,8886
2382,廣達,110,94,16,國泰-新莊,2023-09-25,8886
00918,大華優利高填息30,15,0,15,國泰-新莊,2023-09-25,8886
2356,英業達,29,15,14,國泰-新莊,2023-09-25,8886
3682,亞太電,14,0,14,國泰-新莊,2023-09-25,8886
2330,台積電,16,2,14,國泰-新莊,2023-09-25,8886
00772B,中信高評級公司債,14,2,12,國泰-新莊,2023-09-25,8886
6531,愛普*,45,33,12,國泰-新莊,2023-09-25,8886
2486,一詮,23,11,12,國泰-新莊,2023-09-25,8886
2897,王道銀行,12,0,12,國泰-新莊,2023-09-25,8886
2812,台中銀,12,0,12,國泰-新莊,2023-09-25,8886
00858,永豐美國500大,11,0,11,國泰-新莊,2023-09-25,8886
2883,凱基金,11,0,11,國泰-新莊,2023-09-25,8886
00830,國泰費城半導體,10,0,10,國泰-新莊,2023-09-25,8886
2880,華南金,11,1,10,國泰-新莊,2023-09-25,8886
2408,南亞科,11,1,10,國泰-新莊,2023-09-25,8886
1324,地球,19,9,10,國泰-新莊,2023-09-25,8886
00895,富邦未來車,10,0,10,國泰-新莊,2023-09-25,8886
1460,宏遠,10,0,10,國泰-新莊,2023-09-25,8886
2915,潤泰全,10,0,10,國泰-新莊,2023-09-25,8886
2468,華經,10,1,9,國泰-新莊,2023-09-25,8886
6901,鑽石投資,12,3,9,國泰-新莊,2023-09-25,8886
00665L,富邦�琤肭磪囓�2,9,0,9,國泰-新莊,2023-09-25,8886
2888,新光金,11,2,9,國泰-新莊,2023-09-25,8886
2317,鴻海,9,0,9,國泰-新莊,2023-09-25,8886
6442,光聖,16,8,8,國泰-新莊,2023-09-25,8886
1528,恩德,8,0,8,國泰-新莊,2023-09-25,8886
1717,長興,8,0,8,國泰-新莊,2023-09-25,8886
2002,中鋼,10,2,8,國泰-新莊,2023-09-25,8886
3163,波若威,56,49,7,國泰-新莊,2023-09-25,8886
2438,翔耀,7,0,7,國泰-新莊,2023-09-25,8886
2303,聯電,16,10,6,國泰-新莊,2023-09-25,8886
00665L,富邦�琤肭磪囓�2,368,16,352,國泰-新莊,2023-09-26,8886
00929,復華台灣科技優息,353,56,297,國泰-新莊,2023-09-26,8886
00664R,國泰臺灣加權反1,191,0,191,國泰-新莊,2023-09-26,8886
00919,群益台灣精選高息,172,8,164,國泰-新莊,2023-09-26,8886
00680L,元大美債20正2,163,2,161,國泰-新莊,2023-09-26,8886
00679B,元大美債20年,180,26,154,國泰-新莊,2023-09-26,8886
00712,復華富時不動產,101,1,100,國泰-新莊,2023-09-26,8886
00878,國泰永續高股息,111,27,84,國泰-新莊,2023-09-26,8886
2317,鴻海,76,2,74,國泰-新莊,2023-09-26,8886
00931B,統一美債20年,68,12,56,國泰-新莊,2023-09-26,8886
00720B,元大投資級公司債,60,4,56,國泰-新莊,2023-09-26,8886
00885,富邦越南,62,8,54,國泰-新莊,2023-09-26,8886
00882,中信中國高股息,52,0,52,國泰-新莊,2023-09-26,8886
2538,基泰,77,25,52,國泰-新莊,2023-09-26,8886
3682,亞太電,51,0,51,國泰-新莊,2023-09-26,8886
00687B,國泰20年美債,66,17,49,國泰-新莊,2023-09-26,8886
00923,群益台ESG低碳50,54,5,49,國泰-新莊,2023-09-26,8886
0056,元大高股息,58,12,46,國泰-新莊,2023-09-26,8886
1522,堤維西,143,96,47,國泰-新莊,2023-09-26,8886
2402,毅嘉,46,2,44,國泰-新莊,2023-09-26,8886
2881,富邦金,43,0,43,國泰-新莊,2023-09-26,8886
1101,台泥,40,2,38,國泰-新莊,2023-09-26,8886
00772B,中信高評級公司債,42,5,37,國泰-新莊,2023-09-26,8886
2421,建準,71,38,33,國泰-新莊,2023-09-26,8886
00719B,元大美債1-3,33,0,33,國泰-新莊,2023-09-26,8886
2330,台積電,36,3,33,國泰-新莊,2023-09-26,8886
1524,耿鼎,78,46,32,國泰-新莊,2023-09-26,8886
9945,潤泰新,50,19,31,國泰-新莊,2023-09-26,8886
2002,中鋼,29,0,29,國泰-新莊,2023-09-26,8886
2883,凱基金,33,5,28,國泰-新莊,2023-09-26,8886
6108,競國,28,0,28,國泰-新莊,2023-09-26,8886
2542,興富發,28,1,27,國泰-新莊,2023-09-26,8886
3056,富華新,29,1,28,國泰-新莊,2023-09-26,8886
2303,聯電,41,14,27,國泰-新莊,2023-09-26,8886
3049,精金,26,0,26,國泰-新莊,2023-09-26,8886
00918,大華優利高填息30,24,0,24,國泰-新莊,2023-09-26,8886
00753L,中信中國50正2,43,20,23,國泰-新莊,2023-09-26,8886
8112,至上,61,40,21,國泰-新莊,2023-09-26,8886
00773B,中信優先金融債,21,0,21,國泰-新莊,2023-09-26,8886
2405,輔信,22,1,21,國泰-新莊,2023-09-26,8886
3715,定穎投控,385,365,20,國泰-新莊,2023-09-26,8886
2409,友達,27,8,19,國泰-新莊,2023-09-26,8886
1612,宏泰,43,25,18,國泰-新莊,2023-09-26,8886
2887,台新金,18,0,18,國泰-新莊,2023-09-26,8886
2344,華邦電,28,11,17,國泰-新莊,2023-09-26,8886
5880,合庫金,17,0,17,國泰-新莊,2023-09-26,8886
3711,日月光投控,19,2,17,國泰-新莊,2023-09-26,8886
00688L,國泰20年美債正2,36,20,16,國泰-新莊,2023-09-26,8886
1605,華新,20,4,16,國泰-新莊,2023-09-26,8886
2884,玉山金,43,26,17,國泰-新莊,2023-09-26,8886
00929,復華台灣科技優息,281,61,220,國泰-新莊,2023-09-27,8886
00712,復華富時不動產,216,18,198,國泰-新莊,2023-09-27,8886
00919,群益台灣精選高息,116,5,111,國泰-新莊,2023-09-27,8886
2883,凱基金,107,1,106,國泰-新莊,2023-09-27,8886
9904,寶成,106,0,106,國泰-新莊,2023-09-27,8886
00632R,元大台灣50反1,122,17,105,國泰-新莊,2023-09-27,8886
00673R,期元大S＆P原油反1,100,0,100,國泰-新莊,2023-09-27,8886
00931B,統一美債20年,84,0,84,國泰-新莊,2023-09-27,8886
2303,聯電,71,4,67,國泰-新莊,2023-09-27,8886
2002,中鋼,66,10,56,國泰-新莊,2023-09-27,8886
2402,毅嘉,53,1,52,國泰-新莊,2023-09-27,8886
2401,凌陽,46,2,44,國泰-新莊,2023-09-27,8886
00932,兆豐永續高息等權,41,0,41,國泰-新莊,2023-09-27,8886
1316,上曜,40,0,40,國泰-新莊,2023-09-27,8886
2891,中信金,36,0,36,國泰-新莊,2023-09-27,8886
9919,康那香,32,0,32,國泰-新莊,2023-09-27,8886
3056,富華新,29,3,26,國泰-新莊,2023-09-27,8886
00679B,元大美債20年,42,17,25,國泰-新莊,2023-09-27,8886
6108,競國,23,0,23,國泰-新莊,2023-09-27,8886
00892,富邦台灣半導體,22,0,22,國泰-新莊,2023-09-27,8886
2892,第一金,23,1,22,國泰-新莊,2023-09-27,8886
2884,玉山金,27,6,21,國泰-新莊,2023-09-27,8886
2888,新光金,20,0,20,國泰-新莊,2023-09-27,8886
2612,中航,20,0,20,國泰-新莊,2023-09-27,8886
2317,鴻海,22,3,19,國泰-新莊,2023-09-27,8886
00637L,元大滬深300正2,29,11,18,國泰-新莊,2023-09-27,8886
4113,聯上,18,0,18,國泰-新莊,2023-09-27,8886
5508,永信建,18,0,18,國泰-新莊,2023-09-27,8886
00923,群益台ESG低碳50,18,1,17,國泰-新莊,2023-09-27,8886
2618,長榮航,27,10,17,國泰-新莊,2023-09-27,8886
00751B,元大AAA至A公司債,27,11,16,國泰-新莊,2023-09-27,8886
3324,雙鴻,37,21,16,國泰-新莊,2023-09-27,8886
00881,國泰台灣5G+,16,0,16,國泰-新莊,2023-09-27,8886
8420,明揚,39,24,15,國泰-新莊,2023-09-27,8886
2542,興富發,18,4,14,國泰-新莊,2023-09-27,8886
00720B,元大投資級公司債,15,0,15,國泰-新莊,2023-09-27,8886
0056,元大高股息,19,4,15,國泰-新莊,2023-09-27,8886
00687B,國泰20年美債,14,0,14,國泰-新莊,2023-09-27,8886
4906,正文,18,5,13,國泰-新莊,2023-09-27,8886
1605,華新,13,1,12,國泰-新莊,2023-09-27,8886
00900,富邦特選高股息30,12,0,12,國泰-新莊,2023-09-27,8886
1568,倉佑,13,1,12,國泰-新莊,2023-09-27,8886
00888,永豐台灣ESG,12,0,12,國泰-新莊,2023-09-27,8886
1519,華城,51,40,11,國泰-新莊,2023-09-27,8886
2332,友訊,11,0,11,國泰-新莊,2023-09-27,8886
00725B,國泰投資級公司債,11,0,11,國泰-新莊,2023-09-27,8886
0050,元大台灣50,11,0,11,國泰-新莊,2023-09-27,8886
00885,富邦越南,16,5,11,國泰-新莊,2023-09-27,8886
00891,中信關鍵半導體,11,1,10,國泰-新莊,2023-09-27,8886
1460,宏遠,10,0,10,國泰-新莊,2023-09-27,8886
00929,復華台灣科技優息,214,33,181,國泰-新莊,2023-09-28,8886
00752,中信中國50,141,0,141,國泰-新莊,2023-09-28,8886
00712,復華富時不動產,124,4,120,國泰-新莊,2023-09-28,8886
3682,亞太電,96,0,96,國泰-新莊,2023-09-28,8886
00932,兆豐永續高息等權,95,0,95,國泰-新莊,2023-09-28,8886
3706,神達,146,61,85,國泰-新莊,2023-09-28,8886
2363,矽統,195,124,71,國泰-新莊,2023-09-28,8886
00720B,元大投資級公司債,70,1,69,國泰-新莊,2023-09-28,8886
2801,彰銀,65,0,65,國泰-新莊,2023-09-28,8886
2401,凌陽,55,0,55,國泰-新莊,2023-09-28,8886
6770,力積電,50,0,50,國泰-新莊,2023-09-28,8886
00679B,元大美債20年,72,22,50,國泰-新莊,2023-09-28,8886
6282,康舒,55,7,48,國泰-新莊,2023-09-28,8886
00687B,國泰20年美債,52,7,45,國泰-新莊,2023-09-28,8886
00688L,國泰20年美債正2,41,0,41,國泰-新莊,2023-09-28,8886
2344,華邦電,40,0,40,國泰-新莊,2023-09-28,8886
6108,競國,41,1,40,國泰-新莊,2023-09-28,8886
1301,台塑,40,1,39,國泰-新莊,2023-09-28,8886
3231,緯創,158,121,37,國泰-新莊,2023-09-28,8886
00665L,富邦�琤肭磪囓�2,36,1,35,國泰-新莊,2023-09-28,8886
00673R,期元大S＆P原油反1,50,16,34,國泰-新莊,2023-09-28,8886
2618,長榮航,34,2,32,國泰-新莊,2023-09-28,8886
00753L,中信中國50正2,62,31,31,國泰-新莊,2023-09-28,8886
00902,中信電池及儲能,30,0,30,國泰-新莊,2023-09-28,8886
2201,裕隆,54,25,29,國泰-新莊,2023-09-28,8886
00772B,中信高評級公司債,28,0,28,國泰-新莊,2023-09-28,8886
2408,南亞科,28,1,27,國泰-新莊,2023-09-28,8886
3481,群創,31,6,25,國泰-新莊,2023-09-28,8886
00919,群益台灣精選高息,28,3,25,國泰-新莊,2023-09-28,8886
00751B,元大AAA至A公司債,41,16,25,國泰-新莊,2023-09-28,8886
1101,台泥,25,0,25,國泰-新莊,2023-09-28,8886
2002,中鋼,33,10,23,國泰-新莊,2023-09-28,8886
4306,炎洲,20,0,20,國泰-新莊,2023-09-28,8886
9904,寶成,20,0,20,國泰-新莊,2023-09-28,8886
2609,陽明,23,5,18,國泰-新莊,2023-09-28,8886
00931B,統一美債20年,42,25,17,國泰-新莊,2023-09-28,8886
3450,聯鈞,50,33,17,國泰-新莊,2023-09-28,8886
2301,光寶科,26,11,15,國泰-新莊,2023-09-28,8886
2605,新興,19,4,15,國泰-新莊,2023-09-28,8886
2312,金寶,15,0,15,國泰-新莊,2023-09-28,8886
6235,華孚,38,23,15,國泰-新莊,2023-09-28,8886
00795B,中信美國公債20年,16,1,15,國泰-新莊,2023-09-28,8886
5234,達興材料,14,0,14,國泰-新莊,2023-09-28,8886
2417,圓剛,32,18,14,國泰-新莊,2023-09-28,8886
2542,興富發,14,0,14,國泰-新莊,2023-09-28,8886
2883,凱基金,13,0,13,國泰-新莊,2023-09-28,8886
1560,中砂,75,63,12,國泰-新莊,2023-09-28,8886
4113,聯上,12,0,12,國泰-新莊,2023-09-28,8886
2880,華南金,12,0,12,國泰-新莊,2023-09-28,8886
2208,台船,13,1,12,國泰-新莊,2023-09-28,8886
2609,陽明,152,13,139,國泰-新莊,2023-10-02,8886
00712,復華富時不動產,114,7,107,國泰-新莊,2023-10-02,8886
00929,復華台灣科技優息,151,48,103,國泰-新莊,2023-10-02,8886
2884,玉山金,102,7,95,國泰-新莊,2023-10-02,8886
00720B,元大投資級公司債,84,1,83,國泰-新莊,2023-10-02,8886
00676R,富邦臺灣加權反1,77,0,77,國泰-新莊,2023-10-02,8886
2409,友達,79,6,73,國泰-新莊,2023-10-02,8886
2402,毅嘉,90,25,65,國泰-新莊,2023-10-02,8886
3706,神達,147,85,62,國泰-新莊,2023-10-02,8886
2356,英業達,165,107,58,國泰-新莊,2023-10-02,8886
00931B,統一美債20年,56,0,56,國泰-新莊,2023-10-02,8886
6770,力積電,56,0,56,國泰-新莊,2023-10-02,8886
00772B,中信高評級公司債,50,0,50,國泰-新莊,2023-10-02,8886
00632R,元大台灣50反1,136,86,50,國泰-新莊,2023-10-02,8886
00751B,元大AAA至A公司債,53,5,48,國泰-新莊,2023-10-02,8886
2605,新興,51,5,46,國泰-新莊,2023-10-02,8886
2367,燿華,48,7,41,國泰-新莊,2023-10-02,8886
00679B,元大美債20年,44,3,41,國泰-新莊,2023-10-02,8886
2883,凱基金,40,0,40,國泰-新莊,2023-10-02,8886
3715,定穎投控,325,285,40,國泰-新莊,2023-10-02,8886
00688L,國泰20年美債正2,87,50,37,國泰-新莊,2023-10-02,8886
2208,台船,38,2,36,國泰-新莊,2023-10-02,8886
3682,亞太電,35,0,35,國泰-新莊,2023-10-02,8886
2344,華邦電,44,10,34,國泰-新莊,2023-10-02,8886
2515,中工,34,4,30,國泰-新莊,2023-10-02,8886
6188,廣明,34,7,27,國泰-新莊,2023-10-02,8886
3056,富華新,27,0,27,國泰-新莊,2023-10-02,8886
3450,聯鈞,82,56,26,國泰-新莊,2023-10-02,8886
2363,矽統,203,179,24,國泰-新莊,2023-10-02,8886
1471,首利,28,5,23,國泰-新莊,2023-10-02,8886
2610,華航,25,3,22,國泰-新莊,2023-10-02,8886
2880,華南金,22,0,22,國泰-新莊,2023-10-02,8886
9945,潤泰新,23,2,21,國泰-新莊,2023-10-02,8886
8033,雷虎,21,0,21,國泰-新莊,2023-10-02,8886
2601,益航,20,0,20,國泰-新莊,2023-10-02,8886
2457,飛宏,25,6,19,國泰-新莊,2023-10-02,8886
1618,合機,75,56,19,國泰-新莊,2023-10-02,8886
8046,南電,22,3,19,國泰-新莊,2023-10-02,8886
2882,國泰金,21,3,18,國泰-新莊,2023-10-02,8886
2634,漢翔,16,0,16,國泰-新莊,2023-10-02,8886
2885,元大金,17,0,17,國泰-新莊,2023-10-02,8886
1301,台塑,22,6,16,國泰-新莊,2023-10-02,8886
2002,中鋼,34,19,15,國泰-新莊,2023-10-02,8886
3558,神準,17,2,15,國泰-新莊,2023-10-02,8886
00864B,中信美國公債0-1,16,2,14,國泰-新莊,2023-10-02,8886
4533,協易機,20,6,14,國泰-新莊,2023-10-02,8886
2542,興富發,14,0,14,國泰-新莊,2023-10-02,8886
2014,中鴻,14,1,13,國泰-新莊,2023-10-02,8886
3576,聯合再生,13,0,13,國泰-新莊,2023-10-02,8886
3036A,文曄甲特,20,8,12,國泰-新莊,2023-10-02,8886
8358,金居,296,80,216,國泰-新莊,2023-10-03,8886
0056,元大高股息,317,159,158,國泰-新莊,2023-10-03,8886
00632R,元大台灣50反1,113,8,105,國泰-新莊,2023-10-03,8886
00720B,元大投資級公司債,99,0,99,國泰-新莊,2023-10-03,8886
3706,神達,141,43,98,國泰-新莊,2023-10-03,8886
00931B,統一美債20年,91,2,89,國泰-新莊,2023-10-03,8886
00922,國泰台灣領袖50,72,0,72,國泰-新莊,2023-10-03,8886
2409,友達,205,139,66,國泰-新莊,2023-10-03,8886
00665L,富邦�琤肭磪囓�2,64,0,64,國泰-新莊,2023-10-03,8886
00882,中信中國高股息,81,18,63,國泰-新莊,2023-10-03,8886
00919,群益台灣精選高息,116,62,54,國泰-新莊,2023-10-03,8886
2337,旺宏,55,2,53,國泰-新莊,2023-10-03,8886
2888,新光金,57,5,52,國泰-新莊,2023-10-03,8886
00753L,中信中國50正2,51,0,51,國泰-新莊,2023-10-03,8886
00752,中信中國50,51,0,51,國泰-新莊,2023-10-03,8886
00712,復華富時不動產,146,96,50,國泰-新莊,2023-10-03,8886
2538,基泰,60,12,48,國泰-新莊,2023-10-03,8886
6235,華孚,89,45,44,國泰-新莊,2023-10-03,8886
2891,中信金,48,4,44,國泰-新莊,2023-10-03,8886
2402,毅嘉,67,26,41,國泰-新莊,2023-10-03,8886
00633L,富邦上証正2,40,0,40,國泰-新莊,2023-10-03,8886
00772B,中信高評級公司債,99,61,38,國泰-新莊,2023-10-03,8886
2002,中鋼,39,4,35,國泰-新莊,2023-10-03,8886
00878,國泰永續高股息,80,47,33,國泰-新莊,2023-10-03,8886
2356,英業達,137,105,32,國泰-新莊,2023-10-03,8886
6108,競國,28,0,28,國泰-新莊,2023-10-03,8886
3630,新鉅科,28,0,28,國泰-新莊,2023-10-03,8886
1101,台泥,28,0,28,國泰-新莊,2023-10-03,8886
2201,裕隆,28,2,26,國泰-新莊,2023-10-03,8886
3715,定穎投控,199,174,25,國泰-新莊,2023-10-03,8886
00680L,元大美債20正2,25,0,25,國泰-新莊,2023-10-03,8886
6485,點序,36,11,25,國泰-新莊,2023-10-03,8886
00900,富邦特選高股息30,24,1,23,國泰-新莊,2023-10-03,8886
6139,亞翔,95,72,23,國泰-新莊,2023-10-03,8886
2887,台新金,22,0,22,國泰-新莊,2023-10-03,8886
2884,玉山金,23,1,22,國泰-新莊,2023-10-03,8886
1409,新纖,22,1,21,國泰-新莊,2023-10-03,8886
00751B,元大AAA至A公司債,23,3,20,國泰-新莊,2023-10-03,8886
3231,緯創,171,151,20,國泰-新莊,2023-10-03,8886
3213,茂訊,20,0,20,國泰-新莊,2023-10-03,8886
3014,聯陽,20,0,20,國泰-新莊,2023-10-03,8886
00637L,元大滬深300正2,19,0,19,國泰-新莊,2023-10-03,8886
2301,光寶科,34,17,17,國泰-新莊,2023-10-03,8886
2405,輔信,24,7,17,國泰-新莊,2023-10-03,8886
00715L,期街口布蘭特正2,20,3,17,國泰-新莊,2023-10-03,8886
2382,廣達,96,80,16,國泰-新莊,2023-10-03,8886
5457,宣德,15,0,15,國泰-新莊,2023-10-03,8886
6753,龍德造船,15,0,15,國泰-新莊,2023-10-03,8886
1513,中興電,37,22,15,國泰-新莊,2023-10-03,8886
6282,康舒,19,5,14,國泰-新莊,2023-10-03,8886
00712,復華富時不動產,436,5,431,國泰-新莊,2023-10-04,8886
00929,復華台灣科技優息,316,13,303,國泰-新莊,2023-10-04,8886
2886,兆豐金,255,3,252,國泰-新莊,2023-10-04,8886
2884,玉山金,173,1,172,國泰-新莊,2023-10-04,8886
00679B,元大美債20年,192,43,149,國泰-新莊,2023-10-04,8886
2891,中信金,140,0,140,國泰-新莊,2023-10-04,8886
2303,聯電,145,20,125,國泰-新莊,2023-10-04,8886
0056,元大高股息,155,42,113,國泰-新莊,2023-10-04,8886
2883,凱基金,108,0,108,國泰-新莊,2023-10-04,8886
00922,國泰台灣領袖50,102,2,100,國泰-新莊,2023-10-04,8886
00720B,元大投資級公司債,110,15,95,國泰-新莊,2023-10-04,8886
00687B,國泰20年美債,82,8,74,國泰-新莊,2023-10-04,8886
00931B,統一美債20年,142,71,71,國泰-新莊,2023-10-04,8886
2002,中鋼,75,7,68,國泰-新莊,2023-10-04,8886
00688L,國泰20年美債正2,65,0,65,國泰-新莊,2023-10-04,8886
3682,亞太電,60,0,60,國泰-新莊,2023-10-04,8886
00878,國泰永續高股息,99,41,58,國泰-新莊,2023-10-04,8886
2317,鴻海,62,6,56,國泰-新莊,2023-10-04,8886
00919,群益台灣精選高息,96,42,54,國泰-新莊,2023-10-04,8886
2538,基泰,57,3,54,國泰-新莊,2023-10-04,8886
00751B,元大AAA至A公司債,48,1,47,國泰-新莊,2023-10-04,8886
2887,台新金,49,2,47,國泰-新莊,2023-10-04,8886
2888,新光金,44,0,44,國泰-新莊,2023-10-04,8886
2892,第一金,43,0,43,國泰-新莊,2023-10-04,8886
6150,撼訊,41,0,41,國泰-新莊,2023-10-04,8886
2855,統一證,34,0,34,國泰-新莊,2023-10-04,8886
5880,合庫金,32,1,31,國泰-新莊,2023-10-04,8886
2882,國泰金,31,1,30,國泰-新莊,2023-10-04,8886
2881,富邦金,29,0,29,國泰-新莊,2023-10-04,8886
2201,裕隆,29,0,29,國泰-新莊,2023-10-04,8886
2880,華南金,28,0,28,國泰-新莊,2023-10-04,8886
2352,佳世達,27,2,25,國泰-新莊,2023-10-04,8886
00907,永豐優息存股,25,0,25,國泰-新莊,2023-10-04,8886
00795B,中信美國公債20年,30,5,25,國泰-新莊,2023-10-04,8886
2801,彰銀,25,1,24,國泰-新莊,2023-10-04,8886
00725B,國泰投資級公司債,23,0,23,國泰-新莊,2023-10-04,8886
00713,元大台灣高息低波,22,0,22,國泰-新莊,2023-10-04,8886
3260,威剛,50,29,21,國泰-新莊,2023-10-04,8886
5457,宣德,22,1,21,國泰-新莊,2023-10-04,8886
6753,龍德造船,21,0,21,國泰-新莊,2023-10-04,8886
1314,中石化,21,0,21,國泰-新莊,2023-10-04,8886
3006,晶豪科,40,20,20,國泰-新莊,2023-10-04,8886
00633L,富邦上証正2,20,0,20,國泰-新莊,2023-10-04,8886
1101,台泥,20,0,20,國泰-新莊,2023-10-04,8886
1216,統一,19,0,19,國泰-新莊,2023-10-04,8886
1603,華電,26,7,19,國泰-新莊,2023-10-04,8886
2330,台積電,25,6,19,國泰-新莊,2023-10-04,8886
9945,潤泰新,23,6,17,國泰-新莊,2023-10-04,8886
2353,宏��,16,0,16,國泰-新莊,2023-10-04,8886
2501,國建,16,0,16,國泰-新莊,2023-10-04,8886
00712,復華富時不動產,307,6,301,國泰-新莊,2023-10-05,8886
00922,國泰台灣領袖50,298,9,289,國泰-新莊,2023-10-05,8886
00929,復華台灣科技優息,116,41,75,國泰-新莊,2023-10-05,8886
3715,定穎投控,250,183,67,國泰-新莊,2023-10-05,8886
00715L,期街口布蘭特正2,56,6,50,國泰-新莊,2023-10-05,8886
2618,長榮航,86,36,50,國泰-新莊,2023-10-05,8886
6150,撼訊,55,10,45,國泰-新莊,2023-10-05,8886
1815,富喬,138,93,45,國泰-新莊,2023-10-05,8886
5426,振發,56,12,44,國泰-新莊,2023-10-05,8886
2883,凱基金,44,2,42,國泰-新莊,2023-10-05,8886
00720B,元大投資級公司債,41,0,41,國泰-新莊,2023-10-05,8886
00931B,統一美債20年,61,20,41,國泰-新莊,2023-10-05,8886
1101,台泥,78,38,40,國泰-新莊,2023-10-05,8886
1319,東陽,50,17,33,國泰-新莊,2023-10-05,8886
00795B,中信美國公債20年,32,0,32,國泰-新莊,2023-10-05,8886
2002,中鋼,48,17,31,國泰-新莊,2023-10-05,8886
2443,昶虹,30,1,29,國泰-新莊,2023-10-05,8886
3481,群創,31,6,25,國泰-新莊,2023-10-05,8886
6288,聯嘉,37,12,25,國泰-新莊,2023-10-05,8886
2887,台新金,42,17,25,國泰-新莊,2023-10-05,8886
3013,晟銘電,69,46,23,國泰-新莊,2023-10-05,8886
00865B,國泰US短期公債,23,0,23,國泰-新莊,2023-10-05,8886
3006,晶豪科,26,4,22,國泰-新莊,2023-10-05,8886
3682,亞太電,22,0,22,國泰-新莊,2023-10-05,8886
2516,新建,22,0,22,國泰-新莊,2023-10-05,8886
2891,中信金,27,5,22,國泰-新莊,2023-10-05,8886
3005,神基,21,0,21,國泰-新莊,2023-10-05,8886
00687B,國泰20年美債,22,1,21,國泰-新莊,2023-10-05,8886
5309,系統電,20,0,20,國泰-新莊,2023-10-05,8886
2515,中工,23,4,19,國泰-新莊,2023-10-05,8886
2888,新光金,31,13,18,國泰-新莊,2023-10-05,8886
00882,中信中國高股息,18,0,18,國泰-新莊,2023-10-05,8886
3231,緯創,88,71,17,國泰-新莊,2023-10-05,8886
00772B,中信高評級公司債,18,1,17,國泰-新莊,2023-10-05,8886
2331,精英,16,0,16,國泰-新莊,2023-10-05,8886
3037,欣興,19,4,15,國泰-新莊,2023-10-05,8886
2801,彰銀,17,2,15,國泰-新莊,2023-10-05,8886
2382,廣達,121,106,15,國泰-新莊,2023-10-05,8886
2417,圓剛,103,88,15,國泰-新莊,2023-10-05,8886
2498,宏達電,19,4,15,國泰-新莊,2023-10-05,8886
2880,華南金,16,1,15,國泰-新莊,2023-10-05,8886
1324,地球,48,33,15,國泰-新莊,2023-10-05,8886
2834,臺企銀,16,2,14,國泰-新莊,2023-10-05,8886
2388,威盛,31,18,13,國泰-新莊,2023-10-05,8886
8110,華東,13,0,13,國泰-新莊,2023-10-05,8886
6214,精誠,17,4,13,國泰-新莊,2023-10-05,8886
3322,建舜電,24,11,13,國泰-新莊,2023-10-05,8886
1612,宏泰,11,0,11,國泰-新莊,2023-10-05,8886
1524,耿鼎,17,6,11,國泰-新莊,2023-10-05,8886
8271,宇瞻,38,27,11,國泰-新莊,2023-10-05,8886
00929,復華台灣科技優息,268,59,209,國泰-新莊,2023-10-06,8886
00923,群益台ESG低碳50,236,57,179,國泰-新莊,2023-10-06,8886
00720B,元大投資級公司債,120,10,110,國泰-新莊,2023-10-06,8886
00931B,統一美債20年,104,12,92,國泰-新莊,2023-10-06,8886
00665L,富邦�琤肭磪囓�2,104,29,75,國泰-新莊,2023-10-06,8886
8358,金居,109,35,74,國泰-新莊,2023-10-06,8886
00712,復華富時不動產,78,4,74,國泰-新莊,2023-10-06,8886
9105,泰金寶-DR,64,0,64,國泰-新莊,2023-10-06,8886
00922,國泰台灣領袖50,62,3,59,國泰-新莊,2023-10-06,8886
2208,台船,57,4,53,國泰-新莊,2023-10-06,8886
2402,毅嘉,59,8,51,國泰-新莊,2023-10-06,8886
00687B,國泰20年美債,48,2,46,國泰-新莊,2023-10-06,8886
4927,泰鼎-KY,42,0,42,國泰-新莊,2023-10-06,8886
3049,精金,43,1,42,國泰-新莊,2023-10-06,8886
00679B,元大美債20年,42,0,42,國泰-新莊,2023-10-06,8886
2816,旺旺保,43,2,41,國泰-新莊,2023-10-06,8886
2542,興富發,41,1,40,國泰-新莊,2023-10-06,8886
3682,亞太電,39,0,39,國泰-新莊,2023-10-06,8886
6120,達運,80,42,38,國泰-新莊,2023-10-06,8886
2409,友達,70,34,36,國泰-新莊,2023-10-06,8886
2838,聯邦銀,30,0,30,國泰-新莊,2023-10-06,8886
6191,精成科,59,31,28,國泰-新莊,2023-10-06,8886
6753,龍德造船,28,0,28,國泰-新莊,2023-10-06,8886
00669R,國泰美國道瓊反1,27,0,27,國泰-新莊,2023-10-06,8886
6274,台燿,59,33,26,國泰-新莊,2023-10-06,8886
4907,富宇,25,0,25,國泰-新莊,2023-10-06,8886
2301,光寶科,32,8,24,國泰-新莊,2023-10-06,8886
1305,華夏,24,1,23,國泰-新莊,2023-10-06,8886
00932,兆豐永續高息等權,22,0,22,國泰-新莊,2023-10-06,8886
2363,矽統,148,127,21,國泰-新莊,2023-10-06,8886
1504,東元,25,4,21,國泰-新莊,2023-10-06,8886
3450,聯鈞,65,44,21,國泰-新莊,2023-10-06,8886
2605,新興,43,22,21,國泰-新莊,2023-10-06,8886
00772B,中信高評級公司債,19,0,19,國泰-新莊,2023-10-06,8886
00673R,期元大S＆P原油反1,19,0,19,國泰-新莊,2023-10-06,8886
8093,保銳,23,5,18,國泰-新莊,2023-10-06,8886
3481,群創,92,76,16,國泰-新莊,2023-10-06,8886
2486,一詮,48,32,16,國泰-新莊,2023-10-06,8886
6139,亞翔,29,13,16,國泰-新莊,2023-10-06,8886
4564,元翎,15,0,15,國泰-新莊,2023-10-06,8886
3163,波若威,25,10,15,國泰-新莊,2023-10-06,8886
3363,上詮,24,10,14,國泰-新莊,2023-10-06,8886
3265,台星科,15,1,14,國泰-新莊,2023-10-06,8886
00891,中信關鍵半導體,21,7,14,國泰-新莊,2023-10-06,8886
6150,撼訊,30,17,13,國泰-新莊,2023-10-06,8886
1609,大亞,20,7,13,國泰-新莊,2023-10-06,8886
00885,富邦越南,15,2,13,國泰-新莊,2023-10-06,8886
3260,威剛,33,20,13,國泰-新莊,2023-10-06,8886
2911,麗嬰房,13,0,13,國泰-新莊,2023-10-06,8886
2002,中鋼,28,16,12,國泰-新莊,2023-10-06,8886
00720B,元大投資級公司債,203,4,199,國泰-新莊,2023-10-11,8886
3231,緯創,313,139,174,國泰-新莊,2023-10-11,8886
3682,亞太電,135,1,134,國泰-新莊,2023-10-11,8886
2609,陽明,127,6,121,國泰-新莊,2023-10-11,8886
6282,康舒,112,8,104,國泰-新莊,2023-10-11,8886
00712,復華富時不動產,148,54,94,國泰-新莊,2023-10-11,8886
00919,群益台灣精選高息,101,7,94,國泰-新莊,2023-10-11,8886
3049,精金,83,0,83,國泰-新莊,2023-10-11,8886
3260,威剛,80,3,77,國泰-新莊,2023-10-11,8886
2816,旺旺保,77,7,70,國泰-新莊,2023-10-11,8886
3706,神達,115,55,60,國泰-新莊,2023-10-11,8886
2442,新美齊,66,7,59,國泰-新莊,2023-10-11,8886
6186,新潤,55,0,55,國泰-新莊,2023-10-11,8886
00722B,群益投資級電信債,51,1,50,國泰-新莊,2023-10-11,8886
00715L,期街口布蘭特正2,57,12,45,國泰-新莊,2023-10-11,8886
00679B,元大美債20年,83,41,42,國泰-新莊,2023-10-11,8886
2356,英業達,99,58,41,國泰-新莊,2023-10-11,8886
2515,中工,44,5,39,國泰-新莊,2023-10-11,8886
2382,廣達,185,146,39,國泰-新莊,2023-10-11,8886
2329,華泰,42,8,34,國泰-新莊,2023-10-11,8886
2605,新興,40,7,33,國泰-新莊,2023-10-11,8886
6235,華孚,62,30,32,國泰-新莊,2023-10-11,8886
2883,凱基金,49,19,30,國泰-新莊,2023-10-11,8886
00669R,國泰美國道瓊反1,30,0,30,國泰-新莊,2023-10-11,8886
1305,華夏,27,1,26,國泰-新莊,2023-10-11,8886
2867,三商壽,25,0,25,國泰-新莊,2023-10-11,8886
3207,耀勝,25,0,25,國泰-新莊,2023-10-11,8886
6153,嘉聯益,23,0,23,國泰-新莊,2023-10-11,8886
6770,力積電,24,2,22,國泰-新莊,2023-10-11,8886
1609,大亞,27,6,21,國泰-新莊,2023-10-11,8886
2421,建準,34,16,18,國泰-新莊,2023-10-11,8886
2405,輔信,17,0,17,國泰-新莊,2023-10-11,8886
2634,漢翔,43,26,17,國泰-新莊,2023-10-11,8886
3088,艾訊,19,2,17,國泰-新莊,2023-10-11,8886
3325,旭品,46,30,16,國泰-新莊,2023-10-11,8886
3122,笙泉,68,52,16,國泰-新莊,2023-10-11,8886
6173,信昌電,16,0,16,國泰-新莊,2023-10-11,8886
2884,玉山金,29,14,15,國泰-新莊,2023-10-11,8886
1460,宏遠,15,0,15,國泰-新莊,2023-10-11,8886
6443,元晶,14,0,14,國泰-新莊,2023-10-11,8886
6547,高端疫苗,16,2,14,國泰-新莊,2023-10-11,8886
6288,聯嘉,19,5,14,國泰-新莊,2023-10-11,8886
6218,豪勉,14,0,14,國泰-新莊,2023-10-11,8886
1504,東元,14,0,14,國泰-新莊,2023-10-11,8886
1513,中興電,38,26,12,國泰-新莊,2023-10-11,8886
006208,富邦台50,15,3,12,國泰-新莊,2023-10-11,8886
1568,倉佑,15,3,12,國泰-新莊,2023-10-11,8886
3362,先進光,12,0,12,國泰-新莊,2023-10-11,8886
2427,三商電,18,6,12,國泰-新莊,2023-10-11,8886
00713,元大台灣高息低波,14,2,12,國泰-新莊,2023-10-11,8886
00720B,元大投資級公司債,124,6,118,國泰-新莊,2023-10-12,8886
00712,復華富時不動產,114,41,73,國泰-新莊,2023-10-12,8886
3682,亞太電,72,0,72,國泰-新莊,2023-10-12,8886
2363,矽統,339,272,67,國泰-新莊,2023-10-12,8886
2886,兆豐金,101,39,62,國泰-新莊,2023-10-12,8886
6150,撼訊,59,2,57,國泰-新莊,2023-10-12,8886
00923,群益台ESG低碳50,111,59,52,國泰-新莊,2023-10-12,8886
00715L,期街口布蘭特正2,65,20,45,國泰-新莊,2023-10-12,8886
00864B,中信美國公債0-1,45,0,45,國泰-新莊,2023-10-12,8886
00919,群益台灣精選高息,46,2,44,國泰-新莊,2023-10-12,8886
2356,英業達,87,52,35,國泰-新莊,2023-10-12,8886
3260,威剛,49,17,32,國泰-新莊,2023-10-12,8886
00922,國泰台灣領袖50,72,40,32,國泰-新莊,2023-10-12,8886
00929,復華台灣科技優息,79,53,26,國泰-新莊,2023-10-12,8886
1305,華夏,24,0,24,國泰-新莊,2023-10-12,8886
00927,群益半導體收益,29,6,23,國泰-新莊,2023-10-12,8886
3450,聯鈞,35,13,22,國泰-新莊,2023-10-12,8886
6186,新潤,20,0,20,國泰-新莊,2023-10-12,8886
2427,三商電,30,10,20,國泰-新莊,2023-10-12,8886
2816,旺旺保,20,0,20,國泰-新莊,2023-10-12,8886
2382,廣達,108,89,19,國泰-新莊,2023-10-12,8886
8176,智捷,20,1,19,國泰-新莊,2023-10-12,8886
2845,遠東銀,22,3,19,國泰-新莊,2023-10-12,8886
5534,長虹,19,0,19,國泰-新莊,2023-10-12,8886
2323,中環,30,13,17,國泰-新莊,2023-10-12,8886
1101,台泥,18,4,14,國泰-新莊,2023-10-12,8886
3209,全科,12,0,12,國泰-新莊,2023-10-12,8886
00679B,元大美債20年,13,2,11,國泰-新莊,2023-10-12,8886
2002,中鋼,20,9,11,國泰-新莊,2023-10-12,8886
1802,台玻,11,0,11,國泰-新莊,2023-10-12,8886
0056,元大高股息,54,44,10,國泰-新莊,2023-10-12,8886
00857B,永豐20年美公債,10,0,10,國泰-新莊,2023-10-12,8886
2484,希華,10,0,10,國泰-新莊,2023-10-12,8886
2838,聯邦銀,10,0,10,國泰-新莊,2023-10-12,8886
6231,系微,29,19,10,國泰-新莊,2023-10-12,8886
2352,佳世達,17,7,10,國泰-新莊,2023-10-12,8886
00713,元大台灣高息低波,11,1,10,國泰-新莊,2023-10-12,8886
2609,陽明,10,1,9,國泰-新莊,2023-10-12,8886
2605,新興,11,3,8,國泰-新莊,2023-10-12,8886
00636,國泰中國A50,8,0,8,國泰-新莊,2023-10-12,8886
1532,勤美,8,0,8,國泰-新莊,2023-10-12,8886
3481,群創,20,12,8,國泰-新莊,2023-10-12,8886
5381,合正,10,3,7,國泰-新莊,2023-10-12,8886
2408,南亞科,17,10,7,國泰-新莊,2023-10-12,8886
1514,亞力,7,0,7,國泰-新莊,2023-10-12,8886
2610,華航,34,27,7,國泰-新莊,2023-10-12,8886
2881,富邦金,8,2,6,國泰-新莊,2023-10-12,8886
4104,佳醫,6,0,6,國泰-新莊,2023-10-12,8886
2208,台船,14,8,6,國泰-新莊,2023-10-12,8886
00751B,元大AAA至A公司債,15,8,7,國泰-新莊,2023-10-12,8886
2344,華邦電,368,17,351,國泰-新莊,2023-10-13,8886
00878,國泰永續高股息,214,20,194,國泰-新莊,2023-10-13,8886
5009,榮剛,150,1,149,國泰-新莊,2023-10-13,8886
00665L,富邦�琤肭磪囓�2,141,0,141,國泰-新莊,2023-10-13,8886
2886,兆豐金,146,8,138,國泰-新莊,2023-10-13,8886
00922,國泰台灣領袖50,146,10,136,國泰-新莊,2023-10-13,8886
00637L,元大滬深300正2,121,0,121,國泰-新莊,2023-10-13,8886
0056,元大高股息,132,22,110,國泰-新莊,2023-10-13,8886
00923,群益台ESG低碳50,97,3,94,國泰-新莊,2023-10-13,8886
3231,緯創,156,68,88,國泰-新莊,2023-10-13,8886
2301,光寶科,91,9,82,國泰-新莊,2023-10-13,8886
2382,廣達,181,113,68,國泰-新莊,2023-10-13,8886
00712,復華富時不動產,65,1,64,國泰-新莊,2023-10-13,8886
00679B,元大美債20年,65,6,59,國泰-新莊,2023-10-13,8886
3062,建漢,58,8,50,國泰-新莊,2023-10-13,8886
00680L,元大美債20正2,51,2,49,國泰-新莊,2023-10-13,8886
2363,矽統,858,810,48,國泰-新莊,2023-10-13,8886
00919,群益台灣精選高息,48,1,47,國泰-新莊,2023-10-13,8886
3715,定穎投控,248,209,39,國泰-新莊,2023-10-13,8886
3481,群創,105,69,36,國泰-新莊,2023-10-13,8886
00720B,元大投資級公司債,66,31,35,國泰-新莊,2023-10-13,8886
00772B,中信高評級公司債,35,1,34,國泰-新莊,2023-10-13,8886
2329,華泰,33,1,32,國泰-新莊,2023-10-13,8886
00864B,中信美國公債0-1,30,0,30,國泰-新莊,2023-10-13,8886
00722B,群益投資級電信債,27,0,27,國泰-新莊,2023-10-13,8886
3051,力特,28,1,27,國泰-新莊,2023-10-13,8886
00751B,元大AAA至A公司債,28,1,27,國泰-新莊,2023-10-13,8886
2211,長榮鋼,26,0,26,國泰-新莊,2023-10-13,8886
2427,三商電,41,15,26,國泰-新莊,2023-10-13,8886
5213,亞昕,25,0,25,國泰-新莊,2023-10-13,8886
2002,中鋼,27,3,24,國泰-新莊,2023-10-13,8886
6150,撼訊,26,2,24,國泰-新莊,2023-10-13,8886
00931B,統一美債20年,23,0,23,國泰-新莊,2023-10-13,8886
2425,承啟,27,4,23,國泰-新莊,2023-10-13,8886
2324,仁寶,32,10,22,國泰-新莊,2023-10-13,8886
2618,長榮航,25,4,21,國泰-新莊,2023-10-13,8886
2353,宏��,22,2,20,國泰-新莊,2023-10-13,8886
00753L,中信中國50正2,23,3,20,國泰-新莊,2023-10-13,8886
2609,陽明,27,8,19,國泰-新莊,2023-10-13,8886
4113,聯上,37,18,19,國泰-新莊,2023-10-13,8886
2376,技嘉,61,42,19,國泰-新莊,2023-10-13,8886
3682,亞太電,18,0,18,國泰-新莊,2023-10-13,8886
3673,TPK-KY,21,4,17,國泰-新莊,2023-10-13,8886
2855,統一證,16,0,16,國泰-新莊,2023-10-13,8886
2610,華航,29,13,16,國泰-新莊,2023-10-13,8886
00687B,國泰20年美債,21,7,14,國泰-新莊,2023-10-13,8886
9907,統一實,14,0,14,國泰-新莊,2023-10-13,8886
1605,華新,15,1,14,國泰-新莊,2023-10-13,8886
00725B,國泰投資級公司債,14,0,14,國泰-新莊,2023-10-13,8886
00795B,中信美國公債20年,13,0,13,國泰-新莊,2023-10-13,8886
00929,復華台灣科技優息,498,30,468,國泰-新莊,2023-10-16,8886
0056,元大高股息,248,35,213,國泰-新莊,2023-10-16,8886
2610,華航,197,41,156,國泰-新莊,2023-10-16,8886
2838,聯邦銀,154,0,154,國泰-新莊,2023-10-16,8886
2515,中工,390,248,142,國泰-新莊,2023-10-16,8886
00753L,中信中國50正2,136,9,127,國泰-新莊,2023-10-16,8886
3706,神達,137,15,122,國泰-新莊,2023-10-16,8886
00712,復華富時不動產,120,2,118,國泰-新莊,2023-10-16,8886
5009,榮剛,124,16,108,國泰-新莊,2023-10-16,8886
00665L,富邦�琤肭磪囓�2,137,42,95,國泰-新莊,2023-10-16,8886
00922,國泰台灣領袖50,95,4,91,國泰-新莊,2023-10-16,8886
00919,群益台灣精選高息,89,12,77,國泰-新莊,2023-10-16,8886
00878,國泰永續高股息,103,27,76,國泰-新莊,2023-10-16,8886
2618,長榮航,282,208,74,國泰-新莊,2023-10-16,8886
3682,亞太電,65,1,64,國泰-新莊,2023-10-16,8886
6120,達運,71,17,54,國泰-新莊,2023-10-16,8886
2344,華邦電,57,8,49,國泰-新莊,2023-10-16,8886
00720B,元大投資級公司債,45,0,45,國泰-新莊,2023-10-16,8886
1314,中石化,107,65,42,國泰-新莊,2023-10-16,8886
1905,華紙,86,46,40,國泰-新莊,2023-10-16,8886
6139,亞翔,60,20,40,國泰-新莊,2023-10-16,8886
2409,友達,39,2,37,國泰-新莊,2023-10-16,8886
3231,緯創,143,109,34,國泰-新莊,2023-10-16,8886
4979,華星光,67,34,33,國泰-新莊,2023-10-16,8886
2365,昆盈,32,0,32,國泰-新莊,2023-10-16,8886
00722B,群益投資級電信債,32,0,32,國泰-新莊,2023-10-16,8886
1605,華新,42,16,26,國泰-新莊,2023-10-16,8886
8040,九暘,25,0,25,國泰-新莊,2023-10-16,8886
1609,大亞,29,5,24,國泰-新莊,2023-10-16,8886
00725B,國泰投資級公司債,23,0,23,國泰-新莊,2023-10-16,8886
00637L,元大滬深300正2,23,0,23,國泰-新莊,2023-10-16,8886
4908,前鼎,108,86,22,國泰-新莊,2023-10-16,8886
1303,南亞,21,0,21,國泰-新莊,2023-10-16,8886
00633L,富邦上証正2,20,0,20,國泰-新莊,2023-10-16,8886
2201,裕隆,67,48,19,國泰-新莊,2023-10-16,8886
5215,科嘉-KY,37,18,19,國泰-新莊,2023-10-16,8886
2204,中華,21,3,18,國泰-新莊,2023-10-16,8886
6770,力積電,33,15,18,國泰-新莊,2023-10-16,8886
2324,仁寶,23,5,18,國泰-新莊,2023-10-16,8886
5452,佶優,22,4,18,國泰-新莊,2023-10-16,8886
3062,建漢,21,3,18,國泰-新莊,2023-10-16,8886
2754,亞洲藏壽司,18,0,18,國泰-新莊,2023-10-16,8886
3260,威剛,40,23,17,國泰-新莊,2023-10-16,8886
2609,陽明,24,8,16,國泰-新莊,2023-10-16,8886
4906,正文,16,0,16,國泰-新莊,2023-10-16,8886
2449,京元電子,34,19,15,國泰-新莊,2023-10-16,8886
2323,中環,25,11,14,國泰-新莊,2023-10-16,8886
2427,三商電,21,7,14,國泰-新莊,2023-10-16,8886
8088,品安,17,3,14,國泰-新莊,2023-10-16,8886
2382,廣達,57,44,13,國泰-新莊,2023-10-16,8886
00929,復華台灣科技優息,427,65,362,國泰-新莊,2023-10-17,8886
0056,元大高股息,258,16,242,國泰-新莊,2023-10-17,8886
00878,國泰永續高股息,166,13,153,國泰-新莊,2023-10-17,8886
00720B,元大投資級公司債,105,0,105,國泰-新莊,2023-10-17,8886
00687B,國泰20年美債,94,0,94,國泰-新莊,2023-10-17,8886
00919,群益台灣精選高息,95,4,91,國泰-新莊,2023-10-17,8886
2610,華航,85,18,67,國泰-新莊,2023-10-17,8886
3231,緯創,265,204,61,國泰-新莊,2023-10-17,8886
00751B,元大AAA至A公司債,58,3,55,國泰-新莊,2023-10-17,8886
00679B,元大美債20年,52,0,52,國泰-新莊,2023-10-17,8886
5009,榮剛,52,1,51,國泰-新莊,2023-10-17,8886
00922,國泰台灣領袖50,48,2,46,國泰-新莊,2023-10-17,8886
9904,寶成,35,0,35,國泰-新莊,2023-10-17,8886
00680L,元大美債20正2,44,10,34,國泰-新莊,2023-10-17,8886
00772B,中信高評級公司債,39,5,34,國泰-新莊,2023-10-17,8886
00931B,統一美債20年,31,0,31,國泰-新莊,2023-10-17,8886
00688L,國泰20年美債正2,30,0,30,國泰-新莊,2023-10-17,8886
2867,三商壽,24,0,24,國泰-新莊,2023-10-17,8886
3062,建漢,23,0,23,國泰-新莊,2023-10-17,8886
3363,上詮,60,37,23,國泰-新莊,2023-10-17,8886
2887,台新金,26,4,22,國泰-新莊,2023-10-17,8886
00795B,中信美國公債20年,19,0,19,國泰-新莊,2023-10-17,8886
6290,良維,19,1,18,國泰-新莊,2023-10-17,8886
00907,永豐優息存股,17,0,17,國泰-新莊,2023-10-17,8886
6438,迅得,18,2,16,國泰-新莊,2023-10-17,8886
3483,力致,25,9,16,國泰-新莊,2023-10-17,8886
6216,居易,15,0,15,國泰-新莊,2023-10-17,8886
2603,長榮,17,3,14,國泰-新莊,2023-10-17,8886
6223,旺矽,16,2,14,國泰-新莊,2023-10-17,8886
3450,聯鈞,18,4,14,國泰-新莊,2023-10-17,8886
6214,精誠,14,0,14,國泰-新莊,2023-10-17,8886
2888,新光金,17,3,14,國泰-新莊,2023-10-17,8886
00722B,群益投資級電信債,14,0,14,國泰-新莊,2023-10-17,8886
2605,新興,14,1,13,國泰-新莊,2023-10-17,8886
2427,三商電,14,1,13,國泰-新莊,2023-10-17,8886
00730,富邦臺灣優質高息,13,0,13,國泰-新莊,2023-10-17,8886
5452,佶優,14,1,13,國泰-新莊,2023-10-17,8886
3207,耀勝,13,1,12,國泰-新莊,2023-10-17,8886
9945,潤泰新,14,2,12,國泰-新莊,2023-10-17,8886
1815,富喬,48,36,12,國泰-新莊,2023-10-17,8886
6120,達運,17,5,12,國泰-新莊,2023-10-17,8886
00725B,國泰投資級公司債,12,0,12,國泰-新莊,2023-10-17,8886
1319,東陽,26,15,11,國泰-新莊,2023-10-17,8886
8040,九暘,20,9,11,國泰-新莊,2023-10-17,8886
00773B,中信優先金融債,11,0,11,國泰-新莊,2023-10-17,8886
2385,群光,11,0,11,國泰-新莊,2023-10-17,8886
2363,矽統,769,758,11,國泰-新莊,2023-10-17,8886
1809,中釉,10,0,10,國泰-新莊,2023-10-17,8886
4934,太極,10,0,10,國泰-新莊,2023-10-17,8886
4564,元翎,11,1,10,國泰-新莊,2023-10-17,8886
0056,元大高股息,643,32,611,國泰-新莊,2023-10-18,8886
00878,國泰永續高股息,599,97,502,國泰-新莊,2023-10-18,8886
00922,國泰台灣領袖50,273,13,260,國泰-新莊,2023-10-18,8886
00919,群益台灣精選高息,252,11,241,國泰-新莊,2023-10-18,8886
00929,復華台灣科技優息,593,380,213,國泰-新莊,2023-10-18,8886
6229,研通,129,5,124,國泰-新莊,2023-10-18,8886
00664R,國泰臺灣加權反1,100,0,100,國泰-新莊,2023-10-18,8886
3706,神達,118,28,90,國泰-新莊,2023-10-18,8886
00772B,中信高評級公司債,84,0,84,國泰-新莊,2023-10-18,8886
2516,新建,75,2,73,國泰-新莊,2023-10-18,8886
00687B,國泰20年美債,91,20,71,國泰-新莊,2023-10-18,8886
00720B,元大投資級公司債,68,0,68,國泰-新莊,2023-10-18,8886
2610,華航,100,32,68,國泰-新莊,2023-10-18,8886
3694,海華,55,0,55,國泰-新莊,2023-10-18,8886
00673R,期元大S＆P原油反1,66,25,41,國泰-新莊,2023-10-18,8886
00751B,元大AAA至A公司債,42,2,40,國泰-新莊,2023-10-18,8886
2002,中鋼,49,9,40,國泰-新莊,2023-10-18,8886
00679B,元大美債20年,41,3,38,國泰-新莊,2023-10-18,8886
2609,陽明,40,3,37,國泰-新莊,2023-10-18,8886
00706L,期元大S＆P日圓正2,34,0,34,國泰-新莊,2023-10-18,8886
00931B,統一美債20年,38,5,33,國泰-新莊,2023-10-18,8886
2353,宏��,51,19,32,國泰-新莊,2023-10-18,8886
00918,大華優利高填息30,33,3,30,國泰-新莊,2023-10-18,8886
3024,憶聲,30,0,30,國泰-新莊,2023-10-18,8886
1905,華紙,26,0,26,國泰-新莊,2023-10-18,8886
6111,大宇資,25,4,21,國泰-新莊,2023-10-18,8886
3682,亞太電,21,0,21,國泰-新莊,2023-10-18,8886
5534,長虹,20,0,20,國泰-新莊,2023-10-18,8886
1308,亞聚,20,0,20,國泰-新莊,2023-10-18,8886
00683L,期元大美元指正2,40,20,20,國泰-新莊,2023-10-18,8886
8088,品安,21,1,20,國泰-新莊,2023-10-18,8886
2427,三商電,22,2,20,國泰-新莊,2023-10-18,8886
2382,廣達,127,107,20,國泰-新莊,2023-10-18,8886
2520,冠德,33,14,19,國泰-新莊,2023-10-18,8886
1457,宜進,20,1,19,國泰-新莊,2023-10-18,8886
1810,和成,20,1,19,國泰-新莊,2023-10-18,8886
2605,新興,21,2,19,國泰-新莊,2023-10-18,8886
00923,群益台ESG低碳50,25,7,18,國泰-新莊,2023-10-18,8886
2368,金像電,22,5,17,國泰-新莊,2023-10-18,8886
8093,保銳,19,2,17,國泰-新莊,2023-10-18,8886
2201,裕隆,52,35,17,國泰-新莊,2023-10-18,8886
00795B,中信美國公債20年,17,0,17,國泰-新莊,2023-10-18,8886
2330,台積電,22,6,16,國泰-新莊,2023-10-18,8886
6275,元山,16,0,16,國泰-新莊,2023-10-18,8886
00753L,中信中國50正2,33,17,16,國泰-新莊,2023-10-18,8886
1802,台玻,16,0,16,國泰-新莊,2023-10-18,8886
3037,欣興,18,2,16,國泰-新莊,2023-10-18,8886
00888,永豐台灣ESG,16,0,16,國泰-新莊,2023-10-18,8886
00850,元大臺灣ESG永續,16,0,16,國泰-新莊,2023-10-18,8886
3033,威健,21,6,15,國泰-新莊,2023-10-18,8886
00720B,元大投資級公司債,378,5,373,國泰-新莊,2023-10-19,8886
0056,元大高股息,375,27,348,國泰-新莊,2023-10-19,8886
00929,復華台灣科技優息,333,70,263,國泰-新莊,2023-10-19,8886
00878,國泰永續高股息,288,48,240,國泰-新莊,2023-10-19,8886
00933B,國泰10Y+金融債,232,15,217,國泰-新莊,2023-10-19,8886
00637L,元大滬深300正2,194,3,191,國泰-新莊,2023-10-19,8886
00753L,中信中國50正2,168,12,156,國泰-新莊,2023-10-19,8886
00687B,國泰20年美債,108,0,108,國泰-新莊,2023-10-19,8886
00712,復華富時不動產,117,11,106,國泰-新莊,2023-10-19,8886
00902,中信電池及儲能,100,0,100,國泰-新莊,2023-10-19,8886
00665L,富邦�琤肭磪囓�2,91,0,91,國泰-新莊,2023-10-19,8886
00922,國泰台灣領袖50,89,1,88,國泰-新莊,2023-10-19,8886
00633L,富邦上証正2,81,0,81,國泰-新莊,2023-10-19,8886
00679B,元大美債20年,69,1,68,國泰-新莊,2023-10-19,8886
00751B,元大AAA至A公司債,67,0,67,國泰-新莊,2023-10-19,8886
1101,台泥,72,10,62,國泰-新莊,2023-10-19,8886
00688L,國泰20年美債正2,56,1,55,國泰-新莊,2023-10-19,8886
00931B,統一美債20年,56,2,54,國泰-新莊,2023-10-19,8886
1303,南亞,51,0,51,國泰-新莊,2023-10-19,8886
3049,精金,50,0,50,國泰-新莊,2023-10-19,8886
00919,群益台灣精選高息,75,31,44,國泰-新莊,2023-10-19,8886
2816,旺旺保,67,27,40,國泰-新莊,2023-10-19,8886
2317,鴻海,42,2,40,國泰-新莊,2023-10-19,8886
1460,宏遠,40,0,40,國泰-新莊,2023-10-19,8886
2002,中鋼,58,18,40,國泰-新莊,2023-10-19,8886
00885,富邦越南,41,7,34,國泰-新莊,2023-10-19,8886
00772B,中信高評級公司債,34,1,33,國泰-新莊,2023-10-19,8886
1524,耿鼎,126,93,33,國泰-新莊,2023-10-19,8886
00722B,群益投資級電信債,32,0,32,國泰-新莊,2023-10-19,8886
1305,華夏,31,0,31,國泰-新莊,2023-10-19,8886
2409,友達,31,0,31,國泰-新莊,2023-10-19,8886
5876,上海商銀,30,0,30,國泰-新莊,2023-10-19,8886
00893,國泰智能電動車,44,14,30,國泰-新莊,2023-10-19,8886
00773B,中信優先金融債,29,0,29,國泰-新莊,2023-10-19,8886
1471,首利,31,2,29,國泰-新莊,2023-10-19,8886
00895,富邦未來車,29,0,29,國泰-新莊,2023-10-19,8886
6150,撼訊,29,2,27,國泰-新莊,2023-10-19,8886
2610,華航,85,58,27,國泰-新莊,2023-10-19,8886
00907,永豐優息存股,25,0,25,國泰-新莊,2023-10-19,8886
3481,群創,46,21,25,國泰-新莊,2023-10-19,8886
9955,佳龍,70,46,24,國泰-新莊,2023-10-19,8886
00680L,元大美債20正2,34,12,22,國泰-新莊,2023-10-19,8886
1568,倉佑,39,17,22,國泰-新莊,2023-10-19,8886
3682,亞太電,22,0,22,國泰-新莊,2023-10-19,8886
3715,定穎投控,378,358,20,國泰-新莊,2023-10-19,8886
2637,慧洋-KY,22,3,19,國泰-新莊,2023-10-19,8886
6443,元晶,20,1,19,國泰-新莊,2023-10-19,8886
00725B,國泰投資級公司債,18,0,18,國泰-新莊,2023-10-19,8886
1815,富喬,18,1,17,國泰-新莊,2023-10-19,8886
2369,菱生,22,6,16,國泰-新莊,2023-10-19,8886
00712,復華富時不動產,387,5,382,國泰-新莊,2023-10-20,8886
00878,國泰永續高股息,422,131,291,國泰-新莊,2023-10-20,8886
00929,復華台灣科技優息,258,29,229,國泰-新莊,2023-10-20,8886
00753L,中信中國50正2,255,75,180,國泰-新莊,2023-10-20,8886
0056,元大高股息,203,27,176,國泰-新莊,2023-10-20,8886
00720B,元大投資級公司債,176,19,157,國泰-新莊,2023-10-20,8886
00687B,國泰20年美債,128,0,128,國泰-新莊,2023-10-20,8886
2883,凱基金,125,23,102,國泰-新莊,2023-10-20,8886
00751B,元大AAA至A公司債,100,0,100,國泰-新莊,2023-10-20,8886
1314,中石化,138,41,97,國泰-新莊,2023-10-20,8886
2002,中鋼,131,39,92,國泰-新莊,2023-10-20,8886
00923,群益台ESG低碳50,79,0,79,國泰-新莊,2023-10-20,8886
2605,新興,70,7,63,國泰-新莊,2023-10-20,8886
00902,中信電池及儲能,80,23,57,國泰-新莊,2023-10-20,8886
00919,群益台灣精選高息,66,9,57,國泰-新莊,2023-10-20,8886
2887,台新金,65,10,55,國泰-新莊,2023-10-20,8886
00922,國泰台灣領袖50,54,1,53,國泰-新莊,2023-10-20,8886
00885,富邦越南,58,7,51,國泰-新莊,2023-10-20,8886
1324,地球,116,67,49,國泰-新莊,2023-10-20,8886
6111,大宇資,40,0,40,國泰-新莊,2023-10-20,8886
6108,競國,35,0,35,國泰-新莊,2023-10-20,8886
00907,永豐優息存股,32,1,31,國泰-新莊,2023-10-20,8886
00933B,國泰10Y+金融債,32,1,31,國泰-新莊,2023-10-20,8886
00752,中信中國50,31,0,31,國泰-新莊,2023-10-20,8886
2610,華航,91,61,30,國泰-新莊,2023-10-20,8886
3363,上詮,47,18,29,國泰-新莊,2023-10-20,8886
8069,元太,29,0,29,國泰-新莊,2023-10-20,8886
2204,中華,27,3,24,國泰-新莊,2023-10-20,8886
6120,達運,26,2,24,國泰-新莊,2023-10-20,8886
6150,撼訊,42,18,24,國泰-新莊,2023-10-20,8886
2891,中信金,30,7,23,國泰-新莊,2023-10-20,8886
2633,台灣高鐵,23,0,23,國泰-新莊,2023-10-20,8886
2376,技嘉,44,22,22,國泰-新莊,2023-10-20,8886
2886,兆豐金,27,6,21,國泰-新莊,2023-10-20,8886
1101,台泥,29,7,22,國泰-新莊,2023-10-20,8886
2834,臺企銀,30,9,21,國泰-新莊,2023-10-20,8886
2882,國泰金,25,4,21,國泰-新莊,2023-10-20,8886
1909,榮成,20,0,20,國泰-新莊,2023-10-20,8886
00636,國泰中國A50,20,0,20,國泰-新莊,2023-10-20,8886
1605,華新,20,1,19,國泰-新莊,2023-10-20,8886
00918,大華優利高填息30,19,0,19,國泰-新莊,2023-10-20,8886
4743,合一,30,11,19,國泰-新莊,2023-10-20,8886
6237,驊訊,37,19,18,國泰-新莊,2023-10-20,8886
2888,新光金,24,7,17,國泰-新莊,2023-10-20,8886
00882,中信中國高股息,19,1,18,國泰-新莊,2023-10-20,8886
2201,裕隆,25,8,17,國泰-新莊,2023-10-20,8886
2388,威盛,85,68,17,國泰-新莊,2023-10-20,8886
2881,富邦金,27,11,16,國泰-新莊,2023-10-20,8886
2515,中工,80,64,16,國泰-新莊,2023-10-20,8886
00679B,元大美債20年,21,5,16,國泰-新莊,2023-10-20,8886
2409,友達,362,6,356,國泰-新莊,2023-10-23,8886
00929,復華台灣科技優息,545,294,251,國泰-新莊,2023-10-23,8886
00712,復華富時不動產,238,98,140,國泰-新莊,2023-10-23,8886
2317,鴻海,152,35,117,國泰-新莊,2023-10-23,8886
00919,群益台灣精選高息,150,36,114,國泰-新莊,2023-10-23,8886
00687B,國泰20年美債,109,0,109,國泰-新莊,2023-10-23,8886
00637L,元大滬深300正2,100,0,100,國泰-新莊,2023-10-23,8886
00751B,元大AAA至A公司債,89,1,88,國泰-新莊,2023-10-23,8886
00665L,富邦�琤肭磪囓�2,87,0,87,國泰-新莊,2023-10-23,8886
0056,元大高股息,153,83,70,國泰-新莊,2023-10-23,8886
00922,國泰台灣領袖50,61,8,53,國泰-新莊,2023-10-23,8886
1314,中石化,53,0,53,國泰-新莊,2023-10-23,8886
2888,新光金,35,1,34,國泰-新莊,2023-10-23,8886
3006,晶豪科,44,11,33,國泰-新莊,2023-10-23,8886
0050,元大台灣50,35,2,33,國泰-新莊,2023-10-23,8886
00680L,元大美債20正2,30,0,30,國泰-新莊,2023-10-23,8886
1301,台塑,30,1,29,國泰-新莊,2023-10-23,8886
00720B,元大投資級公司債,38,10,28,國泰-新莊,2023-10-23,8886
00916,國泰全球品牌50,28,1,27,國泰-新莊,2023-10-23,8886
1710,東聯,35,8,27,國泰-新莊,2023-10-23,8886
00679B,元大美債20年,29,2,27,國泰-新莊,2023-10-23,8886
6290,良維,32,6,26,國泰-新莊,2023-10-23,8886
00772B,中信高評級公司債,27,3,24,國泰-新莊,2023-10-23,8886
2449,京元電子,94,71,23,國泰-新莊,2023-10-23,8886
00878,國泰永續高股息,284,262,22,國泰-新莊,2023-10-23,8886
1303,南亞,23,1,22,國泰-新莊,2023-10-23,8886
1305,華夏,22,0,22,國泰-新莊,2023-10-23,8886
00882,中信中國高股息,21,0,21,國泰-新莊,2023-10-23,8886
2881,富邦金,21,0,21,國泰-新莊,2023-10-23,8886
2609,陽明,22,2,20,國泰-新莊,2023-10-23,8886
2301,光寶科,36,16,20,國泰-新莊,2023-10-23,8886
00893,國泰智能電動車,20,0,20,國泰-新莊,2023-10-23,8886
2891,中信金,24,4,20,國泰-新莊,2023-10-23,8886
00633L,富邦上証正2,20,1,19,國泰-新莊,2023-10-23,8886
2330,台積電,21,2,19,國泰-新莊,2023-10-23,8886
00715L,期街口布蘭特正2,28,10,18,國泰-新莊,2023-10-23,8886
00881,國泰台灣5G+,21,3,18,國泰-新莊,2023-10-23,8886
00932,兆豐永續高息等權,20,2,18,國泰-新莊,2023-10-23,8886
2885,元大金,17,0,17,國泰-新莊,2023-10-23,8886
00933B,國泰10Y+金融債,45,28,17,國泰-新莊,2023-10-23,8886
2834,臺企銀,17,0,17,國泰-新莊,2023-10-23,8886
3056,富華新,16,0,16,國泰-新莊,2023-10-23,8886
3481,群創,25,11,14,國泰-新莊,2023-10-23,8886
6806,森崴能源,18,4,14,國泰-新莊,2023-10-23,8886
8054,安國,22,9,13,國泰-新莊,2023-10-23,8886
6233,旺玖,15,3,12,國泰-新莊,2023-10-23,8886
1802,台玻,23,11,12,國泰-新莊,2023-10-23,8886
00795B,中信美國公債20年,14,2,12,國泰-新莊,2023-10-23,8886
2886,兆豐金,20,8,12,國泰-新莊,2023-10-23,8886
1905,華紙,11,0,11,國泰-新莊,2023-10-23,8886
5009,榮剛,202,0,202,國泰-新莊,2023-10-24,8886
2317,鴻海,226,50,176,國泰-新莊,2023-10-24,8886
00712,復華富時不動產,198,49,149,國泰-新莊,2023-10-24,8886
00878,國泰永續高股息,199,73,126,國泰-新莊,2023-10-24,8886
2883,凱基金,142,17,125,國泰-新莊,2023-10-24,8886
00929,復華台灣科技優息,229,144,85,國泰-新莊,2023-10-24,8886
00919,群益台灣精選高息,92,8,84,國泰-新莊,2023-10-24,8886
00922,國泰台灣領袖50,68,1,67,國泰-新莊,2023-10-24,8886
3481,群創,170,106,64,國泰-新莊,2023-10-24,8886
1314,中石化,111,63,48,國泰-新莊,2023-10-24,8886
00687B,國泰20年美債,59,15,44,國泰-新莊,2023-10-24,8886
00715L,期街口布蘭特正2,42,3,39,國泰-新莊,2023-10-24,8886
3041,揚智,145,111,34,國泰-新莊,2023-10-24,8886
1101,台泥,34,2,32,國泰-新莊,2023-10-24,8886
2892,第一金,34,2,32,國泰-新莊,2023-10-24,8886
00902,中信電池及儲能,36,4,32,國泰-新莊,2023-10-24,8886
2369,菱生,173,143,30,國泰-新莊,2023-10-24,8886
8011,台通,27,0,27,國泰-新莊,2023-10-24,8886
00633L,富邦上証正2,25,0,25,國泰-新莊,2023-10-24,8886
6757,台灣虎航,24,0,24,國泰-新莊,2023-10-24,8886
2887,台新金,28,6,22,國泰-新莊,2023-10-24,8886
1721,三晃,53,32,21,國泰-新莊,2023-10-24,8886
00675L,富邦臺灣加權正2,21,0,21,國泰-新莊,2023-10-24,8886
2324,仁寶,23,2,21,國泰-新莊,2023-10-24,8886
0056,元大高股息,61,41,20,國泰-新莊,2023-10-24,8886
1513,中興電,24,4,20,國泰-新莊,2023-10-24,8886
1568,倉佑,50,31,19,國泰-新莊,2023-10-24,8886
2409,友達,24,5,19,國泰-新莊,2023-10-24,8886
2363,矽統,28,10,18,國泰-新莊,2023-10-24,8886
2399,映泰,41,23,18,國泰-新莊,2023-10-24,8886
1471,首利,21,4,17,國泰-新莊,2023-10-24,8886
00850,元大臺灣ESG永續,17,0,17,國泰-新莊,2023-10-24,8886
00933B,國泰10Y+金融債,32,16,16,國泰-新莊,2023-10-24,8886
2834,臺企銀,17,1,16,國泰-新莊,2023-10-24,8886
5225,東科-KY,17,2,15,國泰-新莊,2023-10-24,8886
2610,華航,24,10,14,國泰-新莊,2023-10-24,8886
2618,長榮航,30,17,13,國泰-新莊,2023-10-24,8886
3715,定穎投控,95,82,13,國泰-新莊,2023-10-24,8886
2002,中鋼,23,10,13,國泰-新莊,2023-10-24,8886
9955,佳龍,14,1,13,國泰-新莊,2023-10-24,8886
6418,詠昇,12,0,12,國泰-新莊,2023-10-24,8886
4979,華星光,48,36,12,國泰-新莊,2023-10-24,8886
2630,亞航,12,0,12,國泰-新莊,2023-10-24,8886
2014,中鴻,12,2,10,國泰-新莊,2023-10-24,8886
4746,台耀,17,7,10,國泰-新莊,2023-10-24,8886
2838,聯邦銀,15,5,10,國泰-新莊,2023-10-24,8886
9950,萬國通,40,30,10,國泰-新莊,2023-10-24,8886
6114,久威,10,0,10,國泰-新莊,2023-10-24,8886
6108,競國,10,0,10,國泰-新莊,2023-10-24,8886
6202,盛群,11,1,10,國泰-新莊,2023-10-24,8886
00929,復華台灣科技優息,238,38,200,國泰-新莊,2023-10-25,8886
00676R,富邦臺灣加權反1,163,0,163,國泰-新莊,2023-10-25,8886
3481,群創,187,67,120,國泰-新莊,2023-10-25,8886
0056,元大高股息,115,14,101,國泰-新莊,2023-10-25,8886
00687B,國泰20年美債,95,30,65,國泰-新莊,2023-10-25,8886
9105,泰金寶-DR,114,52,62,國泰-新莊,2023-10-25,8886
2887,台新金,58,0,58,國泰-新莊,2023-10-25,8886
00902,中信電池及儲能,56,0,56,國泰-新莊,2023-10-25,8886
00919,群益台灣精選高息,60,5,55,國泰-新莊,2023-10-25,8886
00712,復華富時不動產,64,12,52,國泰-新莊,2023-10-25,8886
00715L,期街口布蘭特正2,54,3,51,國泰-新莊,2023-10-25,8886
3682,亞太電,43,0,43,國泰-新莊,2023-10-25,8886
00878,國泰永續高股息,88,49,39,國泰-新莊,2023-10-25,8886
2337,旺宏,39,5,34,國泰-新莊,2023-10-25,8886
6139,亞翔,93,60,33,國泰-新莊,2023-10-25,8886
6257,矽格,38,10,28,國泰-新莊,2023-10-25,8886
8110,華東,67,42,25,國泰-新莊,2023-10-25,8886
2884,玉山金,28,4,24,國泰-新莊,2023-10-25,8886
2317,鴻海,56,35,21,國泰-新莊,2023-10-25,8886
2442,新美齊,21,0,21,國泰-新莊,2023-10-25,8886
2367,燿華,32,11,21,國泰-新莊,2023-10-25,8886
4908,前鼎,101,81,20,國泰-新莊,2023-10-25,8886
2889,國票金,20,0,20,國泰-新莊,2023-10-25,8886
2329,華泰,20,1,19,國泰-新莊,2023-10-25,8886
3006,晶豪科,20,1,19,國泰-新莊,2023-10-25,8886
3231,緯創,150,131,19,國泰-新莊,2023-10-25,8886
3025,星通,84,67,17,國泰-新莊,2023-10-25,8886
1524,耿鼎,291,275,16,國泰-新莊,2023-10-25,8886
3035,智原,36,19,17,國泰-新莊,2023-10-25,8886
5215,科嘉-KY,22,6,16,國泰-新莊,2023-10-25,8886
2401,凌陽,49,34,15,國泰-新莊,2023-10-25,8886
2402,毅嘉,16,2,14,國泰-新莊,2023-10-25,8886
2883,凱基金,19,5,14,國泰-新莊,2023-10-25,8886
00751B,元大AAA至A公司債,13,0,13,國泰-新莊,2023-10-25,8886
2891,中信金,18,5,13,國泰-新莊,2023-10-25,8886
6147,頎邦,13,0,13,國泰-新莊,2023-10-25,8886
4915,致伸,15,2,13,國泰-新莊,2023-10-25,8886
6142,友勁,13,0,13,國泰-新莊,2023-10-25,8886
00850,元大臺灣ESG永續,14,1,13,國泰-新莊,2023-10-25,8886
1514,亞力,15,2,13,國泰-新莊,2023-10-25,8886
00933B,國泰10Y+金融債,13,1,12,國泰-新莊,2023-10-25,8886
5426,振發,14,2,12,國泰-新莊,2023-10-25,8886
6288,聯嘉,30,18,12,國泰-新莊,2023-10-25,8886
4979,華星光,38,26,12,國泰-新莊,2023-10-25,8886
2886,兆豐金,20,8,12,國泰-新莊,2023-10-25,8886
6451,訊芯-KY,19,8,11,國泰-新莊,2023-10-25,8886
2637,慧洋-KY,11,0,11,國泰-新莊,2023-10-25,8886
00713,元大台灣高息低波,12,2,10,國泰-新莊,2023-10-25,8886
1515,力山,10,0,10,國泰-新莊,2023-10-25,8886
00719B,元大美債1-3,10,0,10,國泰-新莊,2023-10-25,8886
00929,復華台灣科技優息,675,42,633,國泰-新莊,2023-10-26,8886
3481,群創,578,142,436,國泰-新莊,2023-10-26,8886
9105,泰金寶-DR,273,4,269,國泰-新莊,2023-10-26,8886
0056,元大高股息,279,27,252,國泰-新莊,2023-10-26,8886
00712,復華富時不動產,226,1,225,國泰-新莊,2023-10-26,8886
00878,國泰永續高股息,314,147,167,國泰-新莊,2023-10-26,8886
00919,群益台灣精選高息,133,10,123,國泰-新莊,2023-10-26,8886
4420,光明,117,0,117,國泰-新莊,2023-10-26,8886
00922,國泰台灣領袖50,123,10,113,國泰-新莊,2023-10-26,8886
00881,國泰台灣5G+,76,2,74,國泰-新莊,2023-10-26,8886
2303,聯電,103,31,72,國泰-新莊,2023-10-26,8886
00916,國泰全球品牌50,65,1,64,國泰-新莊,2023-10-26,8886
00753L,中信中國50正2,164,105,59,國泰-新莊,2023-10-26,8886
00687B,國泰20年美債,60,2,58,國泰-新莊,2023-10-26,8886
00665L,富邦�琤肭磪囓�2,60,10,50,國泰-新莊,2023-10-26,8886
00664R,國泰臺灣加權反1,55,6,49,國泰-新莊,2023-10-26,8886
0050,元大台灣50,49,1,48,國泰-新莊,2023-10-26,8886
00923,群益台ESG低碳50,41,0,41,國泰-新莊,2023-10-26,8886
00885,富邦越南,40,0,40,國泰-新莊,2023-10-26,8886
3042,晶技,36,0,36,國泰-新莊,2023-10-26,8886
2834,臺企銀,35,0,35,國泰-新莊,2023-10-26,8886
00932,兆豐永續高息等權,35,0,35,國泰-新莊,2023-10-26,8886
2344,華邦電,48,13,35,國泰-新莊,2023-10-26,8886
00926,凱基全球菁英55,33,0,33,國泰-新莊,2023-10-26,8886
00679B,元大美債20年,42,10,32,國泰-新莊,2023-10-26,8886
2405,輔信,63,32,31,國泰-新莊,2023-10-26,8886
2606,裕民,33,2,31,國泰-新莊,2023-10-26,8886
2317,鴻海,40,10,30,國泰-新莊,2023-10-26,8886
8358,金居,56,26,30,國泰-新莊,2023-10-26,8886
2883,凱基金,49,20,29,國泰-新莊,2023-10-26,8886
2330,台積電,31,4,27,國泰-新莊,2023-10-26,8886
8110,華東,35,8,27,國泰-新莊,2023-10-26,8886
2892,第一金,28,1,27,國泰-新莊,2023-10-26,8886
006208,富邦台50,25,0,25,國泰-新莊,2023-10-26,8886
2801,彰銀,23,0,23,國泰-新莊,2023-10-26,8886
2485,兆赫,27,4,23,國泰-新莊,2023-10-26,8886
00933B,國泰10Y+金融債,23,0,23,國泰-新莊,2023-10-26,8886
1513,中興電,52,29,23,國泰-新莊,2023-10-26,8886
2618,長榮航,28,6,22,國泰-新莊,2023-10-26,8886
3264,欣銓,23,1,22,國泰-新莊,2023-10-26,8886
00927,群益半導體收益,22,0,22,國泰-新莊,2023-10-26,8886
1313,聯成,21,0,21,國泰-新莊,2023-10-26,8886
2884,玉山金,24,4,20,國泰-新莊,2023-10-26,8886
3290,東浦,41,21,20,國泰-新莊,2023-10-26,8886
5340,建榮,20,0,20,國泰-新莊,2023-10-26,8886
00631L,元大台灣50正2,21,1,20,國泰-新莊,2023-10-26,8886
3037,欣興,27,9,18,國泰-新莊,2023-10-26,8886
6168,宏齊,25,8,17,國泰-新莊,2023-10-26,8886
2515,中工,32,16,16,國泰-新莊,2023-10-26,8886
1319,東陽,18,1,17,國泰-新莊,2023-10-26,8886
2409,友達,347,1,346,國泰-新莊,2023-10-27,8886
00878,國泰永續高股息,307,34,273,國泰-新莊,2023-10-27,8886
00929,復華台灣科技優息,265,69,196,國泰-新莊,2023-10-27,8886
9105,泰金寶-DR,249,100,149,國泰-新莊,2023-10-27,8886
00632R,元大台灣50反1,247,110,137,國泰-新莊,2023-10-27,8886
00715L,期街口布蘭特正2,112,2,110,國泰-新莊,2023-10-27,8886
00885,富邦越南,69,0,69,國泰-新莊,2023-10-27,8886
2883,凱基金,85,27,58,國泰-新莊,2023-10-27,8886
00852L,國泰美國道瓊正2,50,0,50,國泰-新莊,2023-10-27,8886
00772B,中信高評級公司債,41,0,41,國泰-新莊,2023-10-27,8886
00919,群益台灣精選高息,47,13,34,國泰-新莊,2023-10-27,8886
1721,三晃,53,20,33,國泰-新莊,2023-10-27,8886
0056,元大高股息,69,42,27,國泰-新莊,2023-10-27,8886
3715,定穎投控,188,162,26,國泰-新莊,2023-10-27,8886
2888,新光金,27,4,23,國泰-新莊,2023-10-27,8886
5009,榮剛,24,1,23,國泰-新莊,2023-10-27,8886
1785,光洋科,23,1,22,國泰-新莊,2023-10-27,8886
6770,力積電,22,0,22,國泰-新莊,2023-10-27,8886
2324,仁寶,22,1,21,國泰-新莊,2023-10-27,8886
2405,輔信,24,3,21,國泰-新莊,2023-10-27,8886
6120,達運,22,1,21,國泰-新莊,2023-10-27,8886
2317,鴻海,33,13,20,國泰-新莊,2023-10-27,8886
2303,聯電,51,31,20,國泰-新莊,2023-10-27,8886
4960,誠美材,34,15,19,國泰-新莊,2023-10-27,8886
1815,富喬,51,32,19,國泰-新莊,2023-10-27,8886
3290,東浦,57,38,19,國泰-新莊,2023-10-27,8886
6442,光聖,73,54,19,國泰-新莊,2023-10-27,8886
00916,國泰全球品牌50,18,0,18,國泰-新莊,2023-10-27,8886
3276,宇環,71,53,18,國泰-新莊,2023-10-27,8886
3264,欣銓,38,22,16,國泰-新莊,2023-10-27,8886
6139,亞翔,45,29,16,國泰-新莊,2023-10-27,8886
1319,東陽,19,4,15,國泰-新莊,2023-10-27,8886
3231,緯創,146,131,15,國泰-新莊,2023-10-27,8886
2486,一詮,39,24,15,國泰-新莊,2023-10-27,8886
2308,台達電,15,0,15,國泰-新莊,2023-10-27,8886
2399,映泰,25,10,15,國泰-新莊,2023-10-27,8886
00926,凱基全球菁英55,14,0,14,國泰-新莊,2023-10-27,8886
2408,南亞科,13,0,13,國泰-新莊,2023-10-27,8886
3055,蔚華科,13,0,13,國泰-新莊,2023-10-27,8886
2323,中環,14,1,13,國泰-新莊,2023-10-27,8886
0050,元大台灣50,13,0,13,國泰-新莊,2023-10-27,8886
1718,中纖,12,0,12,國泰-新莊,2023-10-27,8886
2801,彰銀,11,0,11,國泰-新莊,2023-10-27,8886
00670L,富邦NASDAQ正2,11,0,11,國泰-新莊,2023-10-27,8886
6180,橘子,10,0,10,國泰-新莊,2023-10-27,8886
4908,前鼎,83,73,10,國泰-新莊,2023-10-27,8886
3363,上詮,14,4,10,國泰-新莊,2023-10-27,8886
4927,泰鼎-KY,13,3,10,國泰-新莊,2023-10-27,8886
2337,旺宏,14,4,10,國泰-新莊,2023-10-27,8886
2633,台灣高鐵,20,10,10,國泰-新莊,2023-10-27,8886
00665L,富邦�琤肭磪囓�2,205,5,200,國泰-新莊,2023-10-30,8886
2317,鴻海,284,117,167,國泰-新莊,2023-10-30,8886
00712,復華富時不動產,173,21,152,國泰-新莊,2023-10-30,8886
6116,彩晶,147,3,144,國泰-新莊,2023-10-30,8886
00878,國泰永續高股息,117,20,97,國泰-新莊,2023-10-30,8886
00919,群益台灣精選高息,86,15,71,國泰-新莊,2023-10-30,8886
2337,旺宏,64,1,63,國泰-新莊,2023-10-30,8886
9105,泰金寶-DR,277,220,57,國泰-新莊,2023-10-30,8886
2887,台新金,53,2,51,國泰-新莊,2023-10-30,8886
00922,國泰台灣領袖50,39,0,39,國泰-新莊,2023-10-30,8886
5521,工信,36,0,36,國泰-新莊,2023-10-30,8886
2618,長榮航,36,1,35,國泰-新莊,2023-10-30,8886
00687B,國泰20年美債,45,12,33,國泰-新莊,2023-10-30,8886
2884,玉山金,47,16,31,國泰-新莊,2023-10-30,8886
6492,生華科,35,5,30,國泰-新莊,2023-10-30,8886
6108,競國,30,0,30,國泰-新莊,2023-10-30,8886
00891,中信關鍵半導體,30,1,29,國泰-新莊,2023-10-30,8886
00751B,元大AAA至A公司債,29,0,29,國泰-新莊,2023-10-30,8886
6117,迎廣,146,119,27,國泰-新莊,2023-10-30,8886
2353,宏��,32,5,27,國泰-新莊,2023-10-30,8886
0056,元大高股息,31,6,25,國泰-新莊,2023-10-30,8886
00933B,國泰10Y+金融債,27,3,24,國泰-新莊,2023-10-30,8886
3290,東浦,24,0,24,國泰-新莊,2023-10-30,8886
2485,兆赫,108,85,23,國泰-新莊,2023-10-30,8886
00772B,中信高評級公司債,21,0,21,國泰-新莊,2023-10-30,8886
2356,英業達,70,49,21,國泰-新莊,2023-10-30,8886
0050,元大台灣50,22,1,21,國泰-新莊,2023-10-30,8886
3231,緯創,105,85,20,國泰-新莊,2023-10-30,8886
00923,群益台ESG低碳50,21,1,20,國泰-新莊,2023-10-30,8886
2312,金寶,20,1,19,國泰-新莊,2023-10-30,8886
00916,國泰全球品牌50,19,1,18,國泰-新莊,2023-10-30,8886
2610,華航,19,2,17,國泰-新莊,2023-10-30,8886
2888,新光金,17,0,17,國泰-新莊,2023-10-30,8886
2892,第一金,17,0,17,國泰-新莊,2023-10-30,8886
00931B,統一美債20年,15,0,15,國泰-新莊,2023-10-30,8886
00647L,元大S＆P500正2,15,0,15,國泰-新莊,2023-10-30,8886
4746,台耀,16,1,15,國泰-新莊,2023-10-30,8886
2399,映泰,26,11,15,國泰-新莊,2023-10-30,8886
2885,元大金,15,0,15,國泰-新莊,2023-10-30,8886
5410,國眾,14,0,14,國泰-新莊,2023-10-30,8886
4162,智擎,52,38,14,國泰-新莊,2023-10-30,8886
5880,合庫金,13,1,12,國泰-新莊,2023-10-30,8886
6443,元晶,56,44,12,國泰-新莊,2023-10-30,8886
3058,立德,12,0,12,國泰-新莊,2023-10-30,8886
6176,瑞儀,12,0,12,國泰-新莊,2023-10-30,8886
2303,聯電,13,2,11,國泰-新莊,2023-10-30,8886
2390,云辰,34,23,11,國泰-新莊,2023-10-30,8886
2882,國泰金,22,11,11,國泰-新莊,2023-10-30,8886
8054,安國,152,141,11,國泰-新莊,2023-10-30,8886
1303,南亞,10,0,10,國泰-新莊,2023-10-30,8886
6116,彩晶,308,6,302,國泰-新莊,2023-10-31,8886
6108,競國,100,1,99,國泰-新莊,2023-10-31,8886
00919,群益台灣精選高息,105,10,95,國泰-新莊,2023-10-31,8886
00712,復華富時不動產,156,70,86,國泰-新莊,2023-10-31,8886
00715L,期街口布蘭特正2,61,0,61,國泰-新莊,2023-10-31,8886
00878,國泰永續高股息,251,193,58,國泰-新莊,2023-10-31,8886
00753L,中信中國50正2,51,2,49,國泰-新莊,2023-10-31,8886
6026,福邦證,59,12,47,國泰-新莊,2023-10-31,8886
2312,金寶,41,0,41,國泰-新莊,2023-10-31,8886
00665L,富邦�琤肭磪囓�2,43,5,38,國泰-新莊,2023-10-31,8886
0056,元大高股息,166,130,36,國泰-新莊,2023-10-31,8886
2301,光寶科,100,64,36,國泰-新莊,2023-10-31,8886
8040,九暘,41,5,36,國泰-新莊,2023-10-31,8886
2313,華通,66,31,35,國泰-新莊,2023-10-31,8886
020039,元大加權N,30,0,30,國泰-新莊,2023-10-31,8886
00669R,國泰美國道瓊反1,28,0,28,國泰-新莊,2023-10-31,8886
6290,良維,47,20,27,國泰-新莊,2023-10-31,8886
00713,元大台灣高息低波,28,1,27,國泰-新莊,2023-10-31,8886
4977,眾達-KY,27,1,26,國泰-新莊,2023-10-31,8886
00696B,富邦美債20年,25,0,25,國泰-新莊,2023-10-31,8886
2382,廣達,97,72,25,國泰-新莊,2023-10-31,8886
2201,裕隆,27,2,25,國泰-新莊,2023-10-31,8886
00922,國泰台灣領袖50,54,30,24,國泰-新莊,2023-10-31,8886
6117,迎廣,62,39,23,國泰-新莊,2023-10-31,8886
0050,元大台灣50,26,4,22,國泰-新莊,2023-10-31,8886
006208,富邦台50,22,0,22,國泰-新莊,2023-10-31,8886
2303,聯電,36,15,21,國泰-新莊,2023-10-31,8886
1605,華新,46,26,20,國泰-新莊,2023-10-31,8886
3035,智原,55,34,21,國泰-新莊,2023-10-31,8886
1301,台塑,19,0,19,國泰-新莊,2023-10-31,8886
9919,康那香,20,1,19,國泰-新莊,2023-10-31,8886
3231,緯創,81,62,19,國泰-新莊,2023-10-31,8886
6443,元晶,55,36,19,國泰-新莊,2023-10-31,8886
2515,中工,52,35,17,國泰-新莊,2023-10-31,8886
6282,康舒,21,6,15,國泰-新莊,2023-10-31,8886
2405,輔信,27,12,15,國泰-新莊,2023-10-31,8886
1504,東元,14,0,14,國泰-新莊,2023-10-31,8886
00687B,國泰20年美債,41,28,13,國泰-新莊,2023-10-31,8886
00830,國泰費城半導體,14,1,13,國泰-新莊,2023-10-31,8886
2337,旺宏,21,8,13,國泰-新莊,2023-10-31,8886
00929,復華台灣科技優息,269,256,13,國泰-新莊,2023-10-31,8886
3522,御嵿,13,0,13,國泰-新莊,2023-10-31,8886
00902,中信電池及儲能,16,3,13,國泰-新莊,2023-10-31,8886
00932,兆豐永續高息等權,12,0,12,國泰-新莊,2023-10-31,8886
5508,永信建,12,0,12,國泰-新莊,2023-10-31,8886
2609,陽明,43,32,11,國泰-新莊,2023-10-31,8886
2801,彰銀,11,0,11,國泰-新莊,2023-10-31,8886
3704,合勤控,40,29,11,國泰-新莊,2023-10-31,8886
2344,華邦電,33,22,11,國泰-新莊,2023-10-31,8886
6841,長佳智能,12,1,11,國泰-新莊,2023-10-31,8886
00934,中信成長高股息,266,26,240,國泰-新莊,2023-11-01,8886
00878,國泰永續高股息,230,7,223,國泰-新莊,2023-11-01,8886
00885,富邦越南,175,2,173,國泰-新莊,2023-11-01,8886
00712,復華富時不動產,143,11,132,國泰-新莊,2023-11-01,8886
3481,群創,159,67,92,國泰-新莊,2023-11-01,8886
00679B,元大美債20年,62,0,62,國泰-新莊,2023-11-01,8886
00753L,中信中國50正2,46,0,46,國泰-新莊,2023-11-01,8886
00929,復華台灣科技優息,241,197,44,國泰-新莊,2023-11-01,8886
3706,神達,54,14,40,國泰-新莊,2023-11-01,8886
2317,鴻海,43,6,37,國泰-新莊,2023-11-01,8886
2409,友達,36,5,31,國泰-新莊,2023-11-01,8886
00935,野村臺灣新科技50,30,0,30,國泰-新莊,2023-11-01,8886
6443,元晶,29,2,27,國泰-新莊,2023-11-01,8886
00671R,富邦NASDAQ反1,27,0,27,國泰-新莊,2023-11-01,8886
2485,兆赫,31,4,27,國泰-新莊,2023-11-01,8886
00715L,期街口布蘭特正2,27,0,27,國泰-新莊,2023-11-01,8886
00919,群益台灣精選高息,31,5,26,國泰-新莊,2023-11-01,8886
00669R,國泰美國道瓊反1,30,4,26,國泰-新莊,2023-11-01,8886
00933B,國泰10Y+金融債,28,5,23,國泰-新莊,2023-11-01,8886
8110,華東,55,32,23,國泰-新莊,2023-11-01,8886
00922,國泰台灣領袖50,22,1,21,國泰-新莊,2023-11-01,8886
00687B,國泰20年美債,40,21,19,國泰-新莊,2023-11-01,8886
2369,菱生,33,15,18,國泰-新莊,2023-11-01,8886
00680L,元大美債20正2,19,1,18,國泰-新莊,2023-11-01,8886
2363,矽統,24,8,16,國泰-新莊,2023-11-01,8886
3704,合勤控,38,22,16,國泰-新莊,2023-11-01,8886
5301,寶得利,16,0,16,國泰-新莊,2023-11-01,8886
6492,生華科,32,17,15,國泰-新莊,2023-11-01,8886
6139,亞翔,56,42,14,國泰-新莊,2023-11-01,8886
2486,一詮,27,14,13,國泰-新莊,2023-11-01,8886
6191,精成科,118,106,12,國泰-新莊,2023-11-01,8886
00688L,國泰20年美債正2,12,0,12,國泰-新莊,2023-11-01,8886
3094,聯傑,26,14,12,國泰-新莊,2023-11-01,8886
3036,文曄,45,34,11,國泰-新莊,2023-11-01,8886
1524,耿鼎,34,24,10,國泰-新莊,2023-11-01,8886
2465,麗臺,13,3,10,國泰-新莊,2023-11-01,8886
00662,富邦NASDAQ,10,0,10,國泰-新莊,2023-11-01,8886
6117,迎廣,67,57,10,國泰-新莊,2023-11-01,8886
2427,三商電,27,17,10,國泰-新莊,2023-11-01,8886
6186,新潤,9,0,9,國泰-新莊,2023-11-01,8886
3466,德晉,9,0,9,國泰-新莊,2023-11-01,8886
6153,嘉聯益,9,0,9,國泰-新莊,2023-11-01,8886
1402,遠東新,10,1,9,國泰-新莊,2023-11-01,8886
3265,台星科,11,2,9,國泰-新莊,2023-11-01,8886
00850,元大臺灣ESG永續,9,0,9,國泰-新莊,2023-11-01,8886
00923,群益台ESG低碳50,11,3,8,國泰-新莊,2023-11-01,8886
1529,樂事綠能,15,7,8,國泰-新莊,2023-11-01,8886
1101,台泥,11,3,8,國泰-新莊,2023-11-01,8886
2739,寒舍,9,1,8,國泰-新莊,2023-11-01,8886
4102,永日,12,4,8,國泰-新莊,2023-11-01,8886
00712,復華富時不動產,293,84,209,國泰-新莊,2023-11-02,8886
4420,光明,155,0,155,國泰-新莊,2023-11-02,8886
00688L,國泰20年美債正2,100,0,100,國泰-新莊,2023-11-02,8886
2610,華航,107,38,69,國泰-新莊,2023-11-02,8886
00687B,國泰20年美債,123,60,63,國泰-新莊,2023-11-02,8886
00935,野村臺灣新科技50,53,0,53,國泰-新莊,2023-11-02,8886
00919,群益台灣精選高息,80,28,52,國泰-新莊,2023-11-02,8886
3715,定穎投控,280,244,36,國泰-新莊,2023-11-02,8886
2485,兆赫,38,7,31,國泰-新莊,2023-11-02,8886
6284,佳邦,55,27,28,國泰-新莊,2023-11-02,8886
1587,吉茂,25,0,25,國泰-新莊,2023-11-02,8886
00715L,期街口布蘭特正2,25,1,24,國泰-新莊,2023-11-02,8886
6274,台燿,37,18,19,國泰-新莊,2023-11-02,8886
1449,佳和,45,31,14,國泰-新莊,2023-11-02,8886
2457,飛宏,20,8,12,國泰-新莊,2023-11-02,8886
2358,廷鑫,15,4,11,國泰-新莊,2023-11-02,8886
3711,日月光投控,17,6,11,國泰-新莊,2023-11-02,8886
2458,義隆,19,9,10,國泰-新莊,2023-11-02,8886
3024,憶聲,10,0,10,國泰-新莊,2023-11-02,8886
3704,合勤控,42,32,10,國泰-新莊,2023-11-02,8886
3489,森寶,10,0,10,國泰-新莊,2023-11-02,8886
3372,典範,10,0,10,國泰-新莊,2023-11-02,8886
6830,汎銓,10,0,10,國泰-新莊,2023-11-02,8886
2883,凱基金,12,3,9,國泰-新莊,2023-11-02,8886
3122,笙泉,33,24,9,國泰-新莊,2023-11-02,8886
3004,豐達科,9,0,9,國泰-新莊,2023-11-02,8886
3322,建舜電,29,20,9,國泰-新莊,2023-11-02,8886
2484,希華,10,1,9,國泰-新莊,2023-11-02,8886
8436,大江,8,0,8,國泰-新莊,2023-11-02,8886
3014,聯陽,7,0,7,國泰-新莊,2023-11-02,8886
3025,星通,12,5,7,國泰-新莊,2023-11-02,8886
9958,世紀鋼,61,54,7,國泰-新莊,2023-11-02,8886
00933B,國泰10Y+金融債,11,5,6,國泰-新莊,2023-11-02,8886
6217,中探針,6,0,6,國泰-新莊,2023-11-02,8886
00676R,富邦臺灣加權反1,6,0,6,國泰-新莊,2023-11-02,8886
1515,力山,6,0,6,國泰-新莊,2023-11-02,8886
8227,巨有科技,11,5,6,國泰-新莊,2023-11-02,8886
2376,技嘉,31,26,5,國泰-新莊,2023-11-02,8886
3380,明泰,33,28,5,國泰-新莊,2023-11-02,8886
4915,致伸,7,2,5,國泰-新莊,2023-11-02,8886
3189,景碩,10,5,5,國泰-新莊,2023-11-02,8886
6182,合晶,5,0,5,國泰-新莊,2023-11-02,8886
2913,農林,5,0,5,國泰-新莊,2023-11-02,8886
8906,花王,5,0,5,國泰-新莊,2023-11-02,8886
6216,居易,7,2,5,國泰-新莊,2023-11-02,8886
6104,創惟,7,2,5,國泰-新莊,2023-11-02,8886
9962,有益,5,0,5,國泰-新莊,2023-11-02,8886
1760,寶齡富錦,6,1,5,國泰-新莊,2023-11-02,8886
2356,英業達,47,42,5,國泰-新莊,2023-11-02,8886
2867,三商壽,4,0,4,國泰-新莊,2023-11-02,8886
00878,國泰永續高股息,326,41,285,國泰-新莊,2023-11-03,8886
00891,中信關鍵半導體,240,17,223,國泰-新莊,2023-11-03,8886
2363,矽統,826,692,134,國泰-新莊,2023-11-03,8886
00919,群益台灣精選高息,128,12,116,國泰-新莊,2023-11-03,8886
00712,復華富時不動產,185,118,67,國泰-新莊,2023-11-03,8886
0056,元大高股息,91,25,66,國泰-新莊,2023-11-03,8886
3231,緯創,146,83,63,國泰-新莊,2023-11-03,8886
00929,復華台灣科技優息,223,161,62,國泰-新莊,2023-11-03,8886
9105,泰金寶-DR,84,26,58,國泰-新莊,2023-11-03,8886
8150,南茂,91,37,54,國泰-新莊,2023-11-03,8886
00673R,期元大S＆P原油反1,50,0,50,國泰-新莊,2023-11-03,8886
00679B,元大美債20年,59,10,49,國泰-新莊,2023-11-03,8886
00933B,國泰10Y+金融債,76,31,45,國泰-新莊,2023-11-03,8886
00935,野村臺灣新科技50,40,0,40,國泰-新莊,2023-11-03,8886
00934,中信成長高股息,70,32,38,國泰-新莊,2023-11-03,8886
00722B,群益投資級電信債,36,0,36,國泰-新莊,2023-11-03,8886
1324,地球,65,38,27,國泰-新莊,2023-11-03,8886
6290,良維,27,0,27,國泰-新莊,2023-11-03,8886
00687B,國泰20年美債,54,28,26,國泰-新莊,2023-11-03,8886
2317,鴻海,53,30,23,國泰-新莊,2023-11-03,8886
3481,群創,248,225,23,國泰-新莊,2023-11-03,8886
00671R,富邦NASDAQ反1,21,0,21,國泰-新莊,2023-11-03,8886
00924,復華S＆P500成長,19,1,18,國泰-新莊,2023-11-03,8886
00751B,元大AAA至A公司債,18,3,15,國泰-新莊,2023-11-03,8886
2376,技嘉,54,39,15,國泰-新莊,2023-11-03,8886
2498,宏達電,26,12,14,國泰-新莊,2023-11-03,8886
00795B,中信美國公債20年,13,0,13,國泰-新莊,2023-11-03,8886
2313,華通,45,32,13,國泰-新莊,2023-11-03,8886
6841,長佳智能,15,2,13,國泰-新莊,2023-11-03,8886
8926,台汽電,13,1,12,國泰-新莊,2023-11-03,8886
1524,耿鼎,33,21,12,國泰-新莊,2023-11-03,8886
00713,元大台灣高息低波,32,20,12,國泰-新莊,2023-11-03,8886
1227,佳格,10,0,10,國泰-新莊,2023-11-03,8886
3322,建舜電,21,11,10,國泰-新莊,2023-11-03,8886
2382,廣達,45,35,10,國泰-新莊,2023-11-03,8886
8046,南電,9,0,9,國泰-新莊,2023-11-03,8886
9955,佳龍,13,4,9,國泰-新莊,2023-11-03,8886
2390,云辰,46,37,9,國泰-新莊,2023-11-03,8886
4908,前鼎,37,28,9,國泰-新莊,2023-11-03,8886
3034,聯詠,10,1,9,國泰-新莊,2023-11-03,8886
2816,旺旺保,26,18,8,國泰-新莊,2023-11-03,8886
6117,迎廣,30,22,8,國泰-新莊,2023-11-03,8886
6150,撼訊,9,1,8,國泰-新莊,2023-11-03,8886
8227,巨有科技,9,1,8,國泰-新莊,2023-11-03,8886
5439,高技,29,21,8,國泰-新莊,2023-11-03,8886
6443,元晶,8,0,8,國泰-新莊,2023-11-03,8886
3380,明泰,8,1,7,國泰-新莊,2023-11-03,8886
1905,華紙,7,0,7,國泰-新莊,2023-11-03,8886
1591,駿吉-KY,7,0,7,國泰-新莊,2023-11-03,8886
3631,晟楠,7,0,7,國泰-新莊,2023-11-03,8886
00720B,元大投資級公司債,238,0,238,國泰-新莊,2023-11-06,8886
00715L,期街口布蘭特正2,123,0,123,國泰-新莊,2023-11-06,8886
00665L,富邦�琤肭磪囓�2,235,175,60,國泰-新莊,2023-11-06,8886
00885,富邦越南,58,0,58,國泰-新莊,2023-11-06,8886
6139,亞翔,107,50,57,國泰-新莊,2023-11-06,8886
00930,永豐ESG低碳高息,46,0,46,國泰-新莊,2023-11-06,8886
00680L,元大美債20正2,85,43,42,國泰-新莊,2023-11-06,8886
00751B,元大AAA至A公司債,47,6,41,國泰-新莊,2023-11-06,8886
2388,威盛,256,221,35,國泰-新莊,2023-11-06,8886
00632R,元大台灣50反1,162,127,35,國泰-新莊,2023-11-06,8886
1721,三晃,90,55,35,國泰-新莊,2023-11-06,8886
2486,一詮,66,32,34,國泰-新莊,2023-11-06,8886
00642U,期元大S＆P石油,30,0,30,國泰-新莊,2023-11-06,8886
2618,長榮航,74,46,28,國泰-新莊,2023-11-06,8886
0056,元大高股息,94,66,28,國泰-新莊,2023-11-06,8886
00688L,國泰20年美債正2,55,27,28,國泰-新莊,2023-11-06,8886
5521,工信,30,3,27,國泰-新莊,2023-11-06,8886
00933B,國泰10Y+金融債,36,10,26,國泰-新莊,2023-11-06,8886
6284,佳邦,33,7,26,國泰-新莊,2023-11-06,8886
2332,友訊,30,7,23,國泰-新莊,2023-11-06,8886
2211,長榮鋼,22,0,22,國泰-新莊,2023-11-06,8886
00907,永豐優息存股,22,0,22,國泰-新莊,2023-11-06,8886
2002,中鋼,32,11,21,國泰-新莊,2023-11-06,8886
8432,東生華,20,0,20,國泰-新莊,2023-11-06,8886
00924,復華S＆P500成長,19,0,19,國泰-新莊,2023-11-06,8886
8086,宏捷科,27,10,17,國泰-新莊,2023-11-06,8886
00934,中信成長高股息,38,23,15,國泰-新莊,2023-11-06,8886
00857B,永豐20年美公債,15,0,15,國泰-新莊,2023-11-06,8886
2542,興富發,14,0,14,國泰-新莊,2023-11-06,8886
6191,精成科,28,14,14,國泰-新莊,2023-11-06,8886
2421,建準,64,51,13,國泰-新莊,2023-11-06,8886
2427,三商電,31,18,13,國泰-新莊,2023-11-06,8886
4419,皇家美食,12,0,12,國泰-新莊,2023-11-06,8886
3322,建舜電,14,2,12,國泰-新莊,2023-11-06,8886
3631,晟楠,12,0,12,國泰-新莊,2023-11-06,8886
00850,元大臺灣ESG永續,12,0,12,國泰-新莊,2023-11-06,8886
2867,三商壽,15,4,11,國泰-新莊,2023-11-06,8886
2405,輔信,12,1,11,國泰-新莊,2023-11-06,8886
2020,美亞,11,0,11,國泰-新莊,2023-11-06,8886
4806,桂田文創,11,0,11,國泰-新莊,2023-11-06,8886
1409,新纖,10,0,10,國泰-新莊,2023-11-06,8886
1460,宏遠,10,0,10,國泰-新莊,2023-11-06,8886
2062,橋椿,10,0,10,國泰-新莊,2023-11-06,8886
5508,永信建,10,0,10,國泰-新莊,2023-11-06,8886
00795B,中信美國公債20年,10,0,10,國泰-新莊,2023-11-06,8886
6005,群益證,10,0,10,國泰-新莊,2023-11-06,8886
00757,統一FANG+,10,0,10,國泰-新莊,2023-11-06,8886
4162,智擎,20,11,9,國泰-新莊,2023-11-06,8886
6133,金橋,9,0,9,國泰-新莊,2023-11-06,8886
6290,良維,9,0,9,國泰-新莊,2023-11-06,8886
00632R,元大台灣50反1,943,207,736,國泰-新莊,2023-11-07,8886
3481,群創,602,69,533,國泰-新莊,2023-11-07,8886
00665L,富邦�琤肭磪囓�2,152,65,87,國泰-新莊,2023-11-07,8886
00878,國泰永續高股息,102,28,74,國泰-新莊,2023-11-07,8886
00720B,元大投資級公司債,60,0,60,國泰-新莊,2023-11-07,8886
2363,矽統,230,177,53,國泰-新莊,2023-11-07,8886
00929,復華台灣科技優息,179,128,51,國泰-新莊,2023-11-07,8886
00637L,元大滬深300正2,50,0,50,國泰-新莊,2023-11-07,8886
00671R,富邦NASDAQ反1,50,0,50,國泰-新莊,2023-11-07,8886
3025,星通,55,12,43,國泰-新莊,2023-11-07,8886
00688L,國泰20年美債正2,37,0,37,國泰-新莊,2023-11-07,8886
2317,鴻海,40,3,37,國泰-新莊,2023-11-07,8886
00715L,期街口布蘭特正2,35,0,35,國泰-新莊,2023-11-07,8886
2867,三商壽,33,3,30,國泰-新莊,2023-11-07,8886
00753L,中信中國50正2,61,31,30,國泰-新莊,2023-11-07,8886
6224,聚鼎,30,0,30,國泰-新莊,2023-11-07,8886
00679B,元大美債20年,30,1,29,國泰-新莊,2023-11-07,8886
3037,欣興,32,3,29,國泰-新莊,2023-11-07,8886
00919,群益台灣精選高息,56,30,26,國泰-新莊,2023-11-07,8886
1560,中砂,38,12,26,國泰-新莊,2023-11-07,8886
00751B,元大AAA至A公司債,25,0,25,國泰-新莊,2023-11-07,8886
2618,長榮航,45,20,25,國泰-新莊,2023-11-07,8886
2486,一詮,33,9,24,國泰-新莊,2023-11-07,8886
00934,中信成長高股息,30,7,23,國泰-新莊,2023-11-07,8886
2630,亞航,23,0,23,國泰-新莊,2023-11-07,8886
2002,中鋼,23,0,23,國泰-新莊,2023-11-07,8886
2889,國票金,21,0,21,國泰-新莊,2023-11-07,8886
0056,元大高股息,55,35,20,國泰-新莊,2023-11-07,8886
00641R,富邦日本反1,20,0,20,國泰-新莊,2023-11-07,8886
6841,長佳智能,24,5,19,國泰-新莊,2023-11-07,8886
00676R,富邦臺灣加權反1,16,0,16,國泰-新莊,2023-11-07,8886
00795B,中信美國公債20年,15,0,15,國泰-新莊,2023-11-07,8886
00924,復華S＆P500成長,15,0,15,國泰-新莊,2023-11-07,8886
6143,振曜,15,0,15,國泰-新莊,2023-11-07,8886
2388,威盛,113,98,15,國泰-新莊,2023-11-07,8886
00687B,國泰20年美債,20,6,14,國泰-新莊,2023-11-07,8886
6526,達發,14,0,14,國泰-新莊,2023-11-07,8886
2634,漢翔,29,15,14,國泰-新莊,2023-11-07,8886
1815,富喬,116,102,14,國泰-新莊,2023-11-07,8886
2610,華航,22,9,13,國泰-新莊,2023-11-07,8886
3450,聯鈞,19,6,13,國泰-新莊,2023-11-07,8886
6806,森崴能源,23,11,12,國泰-新莊,2023-11-07,8886
6214,精誠,14,2,12,國泰-新莊,2023-11-07,8886
00650L,復華香港正2,12,0,12,國泰-新莊,2023-11-07,8886
2376,技嘉,76,64,12,國泰-新莊,2023-11-07,8886
2354,鴻準,11,0,11,國泰-新莊,2023-11-07,8886
8176,智捷,11,0,11,國泰-新莊,2023-11-07,8886
2401,凌陽,109,98,11,國泰-新莊,2023-11-07,8886
020034,元大IC設計N,11,0,11,國泰-新莊,2023-11-07,8886
3176,基亞,13,2,11,國泰-新莊,2023-11-07,8886
00679B,元大美債20年,160,14,146,國泰-新莊,2023-11-08,8886
00665L,富邦�琤肭磪囓�2,136,24,112,國泰-新莊,2023-11-08,8886
00715L,期街口布蘭特正2,115,8,107,國泰-新莊,2023-11-08,8886
00933B,國泰10Y+金融債,108,7,101,國泰-新莊,2023-11-08,8886
00632R,元大台灣50反1,159,58,101,國泰-新莊,2023-11-08,8886
1815,富喬,147,58,89,國泰-新莊,2023-11-08,8886
00720B,元大投資級公司債,84,6,78,國泰-新莊,2023-11-08,8886
00936,台新永續高息中小,100,25,75,國泰-新莊,2023-11-08,8886
3217,優群,105,50,55,國泰-新莊,2023-11-08,8886
00929,復華台灣科技優息,145,91,54,國泰-新莊,2023-11-08,8886
2363,矽統,336,283,53,國泰-新莊,2023-11-08,8886
2303,聯電,74,29,45,國泰-新莊,2023-11-08,8886
5521,工信,67,26,41,國泰-新莊,2023-11-08,8886
1460,宏遠,40,0,40,國泰-新莊,2023-11-08,8886
3706,神達,62,27,35,國泰-新莊,2023-11-08,8886
2618,長榮航,117,86,31,國泰-新莊,2023-11-08,8886
4128,中天,165,135,30,國泰-新莊,2023-11-08,8886
2883,凱基金,29,1,28,國泰-新莊,2023-11-08,8886
2390,云辰,48,22,26,國泰-新莊,2023-11-08,8886
00753L,中信中國50正2,45,19,26,國泰-新莊,2023-11-08,8886
2451,創見,25,0,25,國泰-新莊,2023-11-08,8886
4167,松瑞藥,29,5,24,國泰-新莊,2023-11-08,8886
6770,力積電,52,31,21,國泰-新莊,2023-11-08,8886
2388,威盛,107,86,21,國泰-新莊,2023-11-08,8886
020034,元大IC設計N,20,0,20,國泰-新莊,2023-11-08,8886
3221,台嘉碩,22,3,19,國泰-新莊,2023-11-08,8886
00662,富邦NASDAQ,20,2,18,國泰-新莊,2023-11-08,8886
3036,文曄,94,76,18,國泰-新莊,2023-11-08,8886
2610,華航,39,22,17,國泰-新莊,2023-11-08,8886
6442,光聖,18,1,17,國泰-新莊,2023-11-08,8886
2515,中工,30,15,15,國泰-新莊,2023-11-08,8886
00934,中信成長高股息,47,32,15,國泰-新莊,2023-11-08,8886
5508,永信建,15,0,15,國泰-新莊,2023-11-08,8886
2405,輔信,30,15,15,國泰-新莊,2023-11-08,8886
1471,首利,21,6,15,國泰-新莊,2023-11-08,8886
1591,駿吉-KY,15,0,15,國泰-新莊,2023-11-08,8886
2609,陽明,19,6,13,國泰-新莊,2023-11-08,8886
3041,揚智,14,1,13,國泰-新莊,2023-11-08,8886
2485,兆赫,15,2,13,國泰-新莊,2023-11-08,8886
8299,群聯,16,3,13,國泰-新莊,2023-11-08,8886
2913,農林,12,0,12,國泰-新莊,2023-11-08,8886
2520,冠德,12,0,12,國泰-新莊,2023-11-08,8886
8240,華宏,11,0,11,國泰-新莊,2023-11-08,8886
6191,精成科,19,8,11,國泰-新莊,2023-11-08,8886
2316,楠梓電,13,2,11,國泰-新莊,2023-11-08,8886
2641,正德,11,0,11,國泰-新莊,2023-11-08,8886
3631,晟楠,11,0,11,國泰-新莊,2023-11-08,8886
00919,群益台灣精選高息,41,30,11,國泰-新莊,2023-11-08,8886
3376,新日興,34,24,10,國泰-新莊,2023-11-08,8886
6120,達運,10,0,10,國泰-新莊,2023-11-08,8886
00715L,期街口布蘭特正2,102,6,96,國泰-新莊,2023-11-09,8886
00929,復華台灣科技優息,147,57,90,國泰-新莊,2023-11-09,8886
00878,國泰永續高股息,155,79,76,國泰-新莊,2023-11-09,8886
00933B,國泰10Y+金融債,74,2,72,國泰-新莊,2023-11-09,8886
00679B,元大美債20年,84,13,71,國泰-新莊,2023-11-09,8886
00687B,國泰20年美債,80,12,68,國泰-新莊,2023-11-09,8886
00665L,富邦�琤肭磪囓�2,68,0,68,國泰-新莊,2023-11-09,8886
2329,華泰,127,61,66,國泰-新莊,2023-11-09,8886
00936,台新永續高息中小,71,6,65,國泰-新莊,2023-11-09,8886
2390,云辰,92,35,57,國泰-新莊,2023-11-09,8886
1314,中石化,112,57,55,國泰-新莊,2023-11-09,8886
2610,華航,84,30,54,國泰-新莊,2023-11-09,8886
2883,凱基金,47,1,46,國泰-新莊,2023-11-09,8886
8011,台通,75,32,43,國泰-新莊,2023-11-09,8886
00919,群益台灣精選高息,108,67,41,國泰-新莊,2023-11-09,8886
00720B,元大投資級公司債,94,53,41,國泰-新莊,2023-11-09,8886
2486,一詮,71,35,36,國泰-新莊,2023-11-09,8886
00753L,中信中國50正2,40,6,34,國泰-新莊,2023-11-09,8886
00900,富邦特選高股息30,31,0,31,國泰-新莊,2023-11-09,8886
6558,興能高,30,0,30,國泰-新莊,2023-11-09,8886
2313,華通,44,14,30,國泰-新莊,2023-11-09,8886
3324,雙鴻,32,3,29,國泰-新莊,2023-11-09,8886
2516,新建,27,0,27,國泰-新莊,2023-11-09,8886
00934,中信成長高股息,28,1,27,國泰-新莊,2023-11-09,8886
2634,漢翔,24,1,23,國泰-新莊,2023-11-09,8886
1324,地球,33,11,22,國泰-新莊,2023-11-09,8886
6125,廣運,23,1,22,國泰-新莊,2023-11-09,8886
2427,三商電,20,0,20,國泰-新莊,2023-11-09,8886
2025,千興,20,0,20,國泰-新莊,2023-11-09,8886
2451,創見,23,3,20,國泰-新莊,2023-11-09,8886
2352,佳世達,27,8,19,國泰-新莊,2023-11-09,8886
1524,耿鼎,32,13,19,國泰-新莊,2023-11-09,8886
2408,南亞科,20,1,19,國泰-新莊,2023-11-09,8886
3481,群創,19,1,18,國泰-新莊,2023-11-09,8886
1319,東陽,19,1,18,國泰-新莊,2023-11-09,8886
3122,笙泉,89,72,17,國泰-新莊,2023-11-09,8886
2515,中工,25,8,17,國泰-新莊,2023-11-09,8886
3094,聯傑,22,7,15,國泰-新莊,2023-11-09,8886
3631,晟楠,15,0,15,國泰-新莊,2023-11-09,8886
3036,文曄,38,24,14,國泰-新莊,2023-11-09,8886
3036A,文曄甲特,14,0,14,國泰-新莊,2023-11-09,8886
2520,冠德,27,14,13,國泰-新莊,2023-11-09,8886
2421,建準,69,56,13,國泰-新莊,2023-11-09,8886
1815,富喬,39,26,13,國泰-新莊,2023-11-09,8886
6285,啟��,28,15,13,國泰-新莊,2023-11-09,8886
1519,華城,31,19,12,國泰-新莊,2023-11-09,8886
6120,達運,26,14,12,國泰-新莊,2023-11-09,8886
3014,聯陽,17,5,12,國泰-新莊,2023-11-09,8886
3005,神基,29,17,12,國泰-新莊,2023-11-09,8886
5321,美而快,20,8,12,國泰-新莊,2023-11-09,8886
5521,工信,291,33,258,國泰-新莊,2023-11-10,8886
00878,國泰永續高股息,150,13,137,國泰-新莊,2023-11-10,8886
00936,台新永續高息中小,107,1,106,國泰-新莊,2023-11-10,8886
00919,群益台灣精選高息,104,16,88,國泰-新莊,2023-11-10,8886
00671R,富邦NASDAQ反1,84,5,79,國泰-新莊,2023-11-10,8886
00929,復華台灣科技優息,143,64,79,國泰-新莊,2023-11-10,8886
00753L,中信中國50正2,78,14,64,國泰-新莊,2023-11-10,8886
00720B,元大投資級公司債,64,3,61,國泰-新莊,2023-11-10,8886
00665L,富邦�琤肭磪囓�2,69,11,58,國泰-新莊,2023-11-10,8886
4128,中天,141,86,55,國泰-新莊,2023-11-10,8886
2610,華航,57,7,50,國泰-新莊,2023-11-10,8886
6150,撼訊,68,19,49,國泰-新莊,2023-11-10,8886
2609,陽明,67,19,48,國泰-新莊,2023-11-10,8886
00680L,元大美債20正2,95,48,47,國泰-新莊,2023-11-10,8886
00712,復華富時不動產,60,16,44,國泰-新莊,2023-11-10,8886
6288,聯嘉,42,0,42,國泰-新莊,2023-11-10,8886
00902,中信電池及儲能,64,26,38,國泰-新莊,2023-11-10,8886
00679B,元大美債20年,57,25,32,國泰-新莊,2023-11-10,8886
2486,一詮,39,8,31,國泰-新莊,2023-11-10,8886
3042,晶技,28,1,27,國泰-新莊,2023-11-10,8886
1582,信錦,35,9,26,國泰-新莊,2023-11-10,8886
2421,建準,30,6,24,國泰-新莊,2023-11-10,8886
0056,元大高股息,29,6,23,國泰-新莊,2023-11-10,8886
2352,佳世達,39,16,23,國泰-新莊,2023-11-10,8886
00688L,國泰20年美債正2,26,4,22,國泰-新莊,2023-11-10,8886
6016,康和證,37,15,22,國泰-新莊,2023-11-10,8886
3231,緯創,159,138,21,國泰-新莊,2023-11-10,8886
2317,鴻海,38,17,21,國泰-新莊,2023-11-10,8886
2382,廣達,45,25,20,國泰-新莊,2023-11-10,8886
00687B,國泰20年美債,45,24,21,國泰-新莊,2023-11-10,8886
3036A,文曄甲特,20,0,20,國泰-新莊,2023-11-10,8886
020020,元大台股領航N,20,0,20,國泰-新莊,2023-11-10,8886
2204,中華,44,24,20,國泰-新莊,2023-11-10,8886
00900,富邦特選高股息30,20,3,17,國泰-新莊,2023-11-10,8886
4743,合一,125,108,17,國泰-新莊,2023-11-10,8886
1460,宏遠,17,0,17,國泰-新莊,2023-11-10,8886
2324,仁寶,19,3,16,國泰-新莊,2023-11-10,8886
2305,全友,25,10,15,國泰-新莊,2023-11-10,8886
5381,合正,15,0,15,國泰-新莊,2023-11-10,8886
00751B,元大AAA至A公司債,22,7,15,國泰-新莊,2023-11-10,8886
2409,友達,25,11,14,國泰-新莊,2023-11-10,8886
1324,地球,28,14,14,國泰-新莊,2023-11-10,8886
2353,宏��,14,1,13,國泰-新莊,2023-11-10,8886
3122,笙泉,27,14,13,國泰-新莊,2023-11-10,8886
4552,力達-KY,13,0,13,國泰-新莊,2023-11-10,8886
6274,台燿,13,0,13,國泰-新莊,2023-11-10,8886
2882,國泰金,16,3,13,國泰-新莊,2023-11-10,8886
2303,聯電,21,8,13,國泰-新莊,2023-11-10,8886
5009,榮剛,12,0,12,國泰-新莊,2023-11-10,8886
2615,萬海,14,2,12,國泰-新莊,2023-11-10,8886
00665L,富邦�琤肭磪囓�2,283,13,270,國泰-新莊,2023-11-13,8886
00753L,中信中國50正2,122,12,110,國泰-新莊,2023-11-13,8886
00878,國泰永續高股息,173,69,104,國泰-新莊,2023-11-13,8886
00929,復華台灣科技優息,181,107,74,國泰-新莊,2023-11-13,8886
00795B,中信美國公債20年,71,0,71,國泰-新莊,2023-11-13,8886
00680L,元大美債20正2,65,0,65,國泰-新莊,2023-11-13,8886
2618,長榮航,82,24,58,國泰-新莊,2023-11-13,8886
00662,富邦NASDAQ,55,1,54,國泰-新莊,2023-11-13,8886
00687B,國泰20年美債,67,13,54,國泰-新莊,2023-11-13,8886
00706L,期元大S＆P日圓正2,51,0,51,國泰-新莊,2023-11-13,8886
00632R,元大台灣50反1,57,9,48,國泰-新莊,2023-11-13,8886
020034,元大IC設計N,45,0,45,國泰-新莊,2023-11-13,8886
00720B,元大投資級公司債,54,10,44,國泰-新莊,2023-11-13,8886
2382,廣達,104,60,44,國泰-新莊,2023-11-13,8886
00902,中信電池及儲能,43,0,43,國泰-新莊,2023-11-13,8886
00900,富邦特選高股息30,58,16,42,國泰-新莊,2023-11-13,8886
2312,金寶,40,0,40,國泰-新莊,2023-11-13,8886
2002,中鋼,40,1,39,國泰-新莊,2023-11-13,8886
00688L,國泰20年美債正2,36,0,36,國泰-新莊,2023-11-13,8886
9919,康那香,30,0,30,國泰-新莊,2023-11-13,8886
2486,一詮,30,3,27,國泰-新莊,2023-11-13,8886
00857B,永豐20年美公債,26,0,26,國泰-新莊,2023-11-13,8886
3169,亞信,26,0,26,國泰-新莊,2023-11-13,8886
00679B,元大美債20年,26,1,25,國泰-新莊,2023-11-13,8886
2603,長榮,43,19,24,國泰-新莊,2023-11-13,8886
00933B,國泰10Y+金融債,27,3,24,國泰-新莊,2023-11-13,8886
2610,華航,98,75,23,國泰-新莊,2023-11-13,8886
00936,台新永續高息中小,88,67,21,國泰-新莊,2023-11-13,8886
1467,南緯,20,0,20,國泰-新莊,2023-11-13,8886
3036A,文曄甲特,20,0,20,國泰-新莊,2023-11-13,8886
00761B,國泰A級公司債,20,0,20,國泰-新莊,2023-11-13,8886
6118,建達,20,0,20,國泰-新莊,2023-11-13,8886
6770,力積電,22,3,19,國泰-新莊,2023-11-13,8886
2369,菱生,48,30,18,國泰-新莊,2023-11-13,8886
2615,萬海,18,0,18,國泰-新莊,2023-11-13,8886
00850,元大臺灣ESG永續,27,10,17,國泰-新莊,2023-11-13,8886
00931B,統一美債20年,18,2,16,國泰-新莊,2023-11-13,8886
00935,野村臺灣新科技50,15,1,14,國泰-新莊,2023-11-13,8886
5381,合正,19,5,14,國泰-新莊,2023-11-13,8886
2739,寒舍,14,0,14,國泰-新莊,2023-11-13,8886
2888,新光金,17,4,13,國泰-新莊,2023-11-13,8886
00712,復華富時不動產,33,20,13,國泰-新莊,2023-11-13,8886
2515,中工,14,1,13,國泰-新莊,2023-11-13,8886
2387,精元,37,24,13,國泰-新莊,2023-11-13,8886
8011,台通,13,1,12,國泰-新莊,2023-11-13,8886
3322,建舜電,13,1,12,國泰-新莊,2023-11-13,8886
8054,安國,15,3,12,國泰-新莊,2023-11-13,8886
6133,金橋,12,0,12,國泰-新莊,2023-11-13,8886
1514,亞力,13,1,12,國泰-新莊,2023-11-13,8886
6589,台康生技,12,0,12,國泰-新莊,2023-11-13,8886
00637L,元大滬深300正2,150,0,150,國泰-新莊,2023-11-14,8886
00712,復華富時不動產,149,4,145,國泰-新莊,2023-11-14,8886
020034,元大IC設計N,140,0,140,國泰-新莊,2023-11-14,8886
1717,長興,120,7,113,國泰-新莊,2023-11-14,8886
2002,中鋼,119,13,106,國泰-新莊,2023-11-14,8886
1504,東元,62,6,56,國泰-新莊,2023-11-14,8886
00662,富邦NASDAQ,50,0,50,國泰-新莊,2023-11-14,8886
1560,中砂,52,2,50,國泰-新莊,2023-11-14,8886
3706,神達,62,12,50,國泰-新莊,2023-11-14,8886
00665L,富邦�琤肭磪囓�2,660,611,49,國泰-新莊,2023-11-14,8886
5009,榮剛,63,14,49,國泰-新莊,2023-11-14,8886
3231,緯創,135,87,48,國泰-新莊,2023-11-14,8886
00679B,元大美債20年,43,3,40,國泰-新莊,2023-11-14,8886
3049,精金,40,0,40,國泰-新莊,2023-11-14,8886
00686R,群益臺灣加權反1,40,0,40,國泰-新莊,2023-11-14,8886
2618,長榮航,67,35,32,國泰-新莊,2023-11-14,8886
1449,佳和,30,2,28,國泰-新莊,2023-11-14,8886
3036A,文曄甲特,27,0,27,國泰-新莊,2023-11-14,8886
2363,矽統,154,128,26,國泰-新莊,2023-11-14,8886
2438,翔耀,26,0,26,國泰-新莊,2023-11-14,8886
2610,華航,79,54,25,國泰-新莊,2023-11-14,8886
6150,撼訊,26,1,25,國泰-新莊,2023-11-14,8886
4743,合一,40,15,25,國泰-新莊,2023-11-14,8886
6111,大宇資,27,3,24,國泰-新莊,2023-11-14,8886
6657,華安,23,0,23,國泰-新莊,2023-11-14,8886
6282,康舒,132,109,23,國泰-新莊,2023-11-14,8886
2356,英業達,53,31,22,國泰-新莊,2023-11-14,8886
2313,華通,79,57,22,國泰-新莊,2023-11-14,8886
6806,森崴能源,22,0,22,國泰-新莊,2023-11-14,8886
4113,聯上,21,0,21,國泰-新莊,2023-11-14,8886
4967,十銓,77,58,19,國泰-新莊,2023-11-14,8886
00915,凱基優選高股息30,20,2,18,國泰-新莊,2023-11-14,8886
4563,百德,18,0,18,國泰-新莊,2023-11-14,8886
00918,大華優利高填息30,20,2,18,國泰-新莊,2023-11-14,8886
6585,鼎基,21,4,17,國泰-新莊,2023-11-14,8886
2801,彰銀,17,1,16,國泰-新莊,2023-11-14,8886
2402,毅嘉,73,58,15,國泰-新莊,2023-11-14,8886
1314,中石化,16,1,15,國泰-新莊,2023-11-14,8886
1101,台泥,16,1,15,國泰-新莊,2023-11-14,8886
2427,三商電,17,2,15,國泰-新莊,2023-11-14,8886
3576,聯合再生,14,0,14,國泰-新莊,2023-11-14,8886
6547,高端疫苗,15,1,14,國泰-新莊,2023-11-14,8886
2892,第一金,15,1,14,國泰-新莊,2023-11-14,8886
2883,凱基金,14,1,13,國泰-新莊,2023-11-14,8886
00935,野村臺灣新科技50,16,3,13,國泰-新莊,2023-11-14,8886
2515,中工,15,2,13,國泰-新莊,2023-11-14,8886
1721,三晃,15,3,12,國泰-新莊,2023-11-14,8886
2354,鴻準,11,0,11,國泰-新莊,2023-11-14,8886
1319,東陽,14,3,11,國泰-新莊,2023-11-14,8886
2355,敬鵬,14,3,11,國泰-新莊,2023-11-14,8886
00878,國泰永續高股息,431,117,314,國泰-新莊,2023-11-15,8886
020034,元大IC設計N,120,0,120,國泰-新莊,2023-11-15,8886
6691,洋基工程,87,2,85,國泰-新莊,2023-11-15,8886
00929,復華台灣科技優息,223,151,72,國泰-新莊,2023-11-15,8886
3036A,文曄甲特,60,0,60,國泰-新莊,2023-11-15,8886
6806,森崴能源,60,4,56,國泰-新莊,2023-11-15,8886
00662,富邦NASDAQ,52,0,52,國泰-新莊,2023-11-15,8886
00679B,元大美債20年,100,48,52,國泰-新莊,2023-11-15,8886
00885,富邦越南,52,2,50,國泰-新莊,2023-11-15,8886
00687B,國泰20年美債,65,17,48,國泰-新莊,2023-11-15,8886
1718,中纖,68,22,46,國泰-新莊,2023-11-15,8886
00931B,統一美債20年,56,11,45,國泰-新莊,2023-11-15,8886
00720B,元大投資級公司債,41,4,37,國泰-新莊,2023-11-15,8886
6282,康舒,54,18,36,國泰-新莊,2023-11-15,8886
3450,聯鈞,47,16,31,國泰-新莊,2023-11-15,8886
00706L,期元大S＆P日圓正2,30,0,30,國泰-新莊,2023-11-15,8886
1528,恩德,30,0,30,國泰-新莊,2023-11-15,8886
2449,京元電子,48,21,27,國泰-新莊,2023-11-15,8886
6257,矽格,36,10,26,國泰-新莊,2023-11-15,8886
6231,系微,47,27,20,國泰-新莊,2023-11-15,8886
4908,前鼎,64,46,18,國泰-新莊,2023-11-15,8886
1522,堤維西,27,9,18,國泰-新莊,2023-11-15,8886
00900,富邦特選高股息30,105,89,16,國泰-新莊,2023-11-15,8886
2888,新光金,28,12,16,國泰-新莊,2023-11-15,8886
6187,萬潤,22,6,16,國泰-新莊,2023-11-15,8886
4967,十銓,49,33,16,國泰-新莊,2023-11-15,8886
1736,喬山,16,1,15,國泰-新莊,2023-11-15,8886
2332,友訊,15,1,14,國泰-新莊,2023-11-15,8886
8110,華東,21,8,13,國泰-新莊,2023-11-15,8886
5706,鳳凰,12,0,12,國泰-新莊,2023-11-15,8886
6139,亞翔,34,22,12,國泰-新莊,2023-11-15,8886
8176,智捷,11,0,11,國泰-新莊,2023-11-15,8886
00637L,元大滬深300正2,113,102,11,國泰-新莊,2023-11-15,8886
8478,東哥遊艇,14,3,11,國泰-新莊,2023-11-15,8886
8112,至上,10,0,10,國泰-新莊,2023-11-15,8886
3706,神達,25,15,10,國泰-新莊,2023-11-15,8886
2313,華通,40,30,10,國泰-新莊,2023-11-15,8886
3017,奇鋐,34,24,10,國泰-新莊,2023-11-15,8886
3548,兆利,45,35,10,國泰-新莊,2023-11-15,8886
00696B,富邦美債20年,10,0,10,國泰-新莊,2023-11-15,8886
00764B,群益25年美債,10,0,10,國泰-新莊,2023-11-15,8886
00896,中信綠能及電動車,10,0,10,國泰-新莊,2023-11-15,8886
3631,晟楠,10,0,10,國泰-新莊,2023-11-15,8886
6657,華安,11,1,10,國泰-新莊,2023-11-15,8886
9904,寶成,14,4,10,國泰-新莊,2023-11-15,8886
2323,中環,16,7,9,國泰-新莊,2023-11-15,8886
00933B,國泰10Y+金融債,11,2,9,國泰-新莊,2023-11-15,8886
8034,榮群,11,2,9,國泰-新莊,2023-11-15,8886
1568,倉佑,24,15,9,國泰-新莊,2023-11-15,8886
2356,英業達,26,18,8,國泰-新莊,2023-11-15,8886
00878,國泰永續高股息,379,150,229,國泰-新莊,2023-11-16,8886
00929,復華台灣科技優息,322,187,135,國泰-新莊,2023-11-16,8886
00679B,元大美債20年,116,5,111,國泰-新莊,2023-11-16,8886
00637L,元大滬深300正2,113,5,108,國泰-新莊,2023-11-16,8886
00676R,富邦臺灣加權反1,102,0,102,國泰-新莊,2023-11-16,8886
00680L,元大美債20正2,100,0,100,國泰-新莊,2023-11-16,8886
00632R,元大台灣50反1,96,10,86,國泰-新莊,2023-11-16,8886
00687B,國泰20年美債,104,22,82,國泰-新莊,2023-11-16,8886
00933B,國泰10Y+金融債,67,3,64,國泰-新莊,2023-11-16,8886
8936,國統,69,7,62,國泰-新莊,2023-11-16,8886
00715L,期街口布蘭特正2,59,0,59,國泰-新莊,2023-11-16,8886
00720B,元大投資級公司債,56,4,52,國泰-新莊,2023-11-16,8886
00916,國泰全球品牌50,52,0,52,國泰-新莊,2023-11-16,8886
2344,華邦電,272,234,38,國泰-新莊,2023-11-16,8886
6290,良維,40,3,37,國泰-新莊,2023-11-16,8886
3706,神達,55,20,35,國泰-新莊,2023-11-16,8886
00751B,元大AAA至A公司債,37,3,34,國泰-新莊,2023-11-16,8886
00772B,中信高評級公司債,34,0,34,國泰-新莊,2023-11-16,8886
3006,晶豪科,57,24,33,國泰-新莊,2023-11-16,8886
2417,圓剛,183,153,30,國泰-新莊,2023-11-16,8886
1101,台泥,31,2,29,國泰-新莊,2023-11-16,8886
2329,華泰,255,227,28,國泰-新莊,2023-11-16,8886
00850,元大臺灣ESG永續,28,1,27,國泰-新莊,2023-11-16,8886
2303,聯電,28,3,25,國泰-新莊,2023-11-16,8886
00650L,復華香港正2,25,0,25,國泰-新莊,2023-11-16,8886
8176,智捷,30,6,24,國泰-新莊,2023-11-16,8886
2748,雲品,39,17,22,國泰-新莊,2023-11-16,8886
1524,耿鼎,43,22,21,國泰-新莊,2023-11-16,8886
2542,興富發,21,1,20,國泰-新莊,2023-11-16,8886
6120,達運,35,15,20,國泰-新莊,2023-11-16,8886
3324,雙鴻,34,14,20,國泰-新莊,2023-11-16,8886
00895,富邦未來車,20,2,18,國泰-新莊,2023-11-16,8886
2380,虹光,20,3,17,國泰-新莊,2023-11-16,8886
00795B,中信美國公債20年,18,0,18,國泰-新莊,2023-11-16,8886
2465,麗臺,20,3,17,國泰-新莊,2023-11-16,8886
00900,富邦特選高股息30,25,8,17,國泰-新莊,2023-11-16,8886
4129,聯合,15,1,14,國泰-新莊,2023-11-16,8886
2539,櫻花建,13,0,13,國泰-新莊,2023-11-16,8886
1568,倉佑,29,16,13,國泰-新莊,2023-11-16,8886
6223,旺矽,15,2,13,國泰-新莊,2023-11-16,8886
2371,大同,16,4,12,國泰-新莊,2023-11-16,8886
00936,台新永續高息中小,12,0,12,國泰-新莊,2023-11-16,8886
6104,創惟,30,18,12,國泰-新莊,2023-11-16,8886
5512,力麒,17,5,12,國泰-新莊,2023-11-16,8886
2731,雄獅,45,33,12,國泰-新莊,2023-11-16,8886
3545,敦泰,43,32,11,國泰-新莊,2023-11-16,8886
6456,GIS-KY,13,2,11,國泰-新莊,2023-11-16,8886
1504,東元,19,8,11,國泰-新莊,2023-11-16,8886
00902,中信電池及儲能,10,0,10,國泰-新莊,2023-11-16,8886
2009,第一銅,10,0,10,國泰-新莊,2023-11-16,8886
00665L,富邦�琤肭磪囓�2,809,7,802,國泰-新莊,2023-11-17,8886
00637L,元大滬深300正2,550,323,227,國泰-新莊,2023-11-17,8886
6282,康舒,230,15,215,國泰-新莊,2023-11-17,8886
00753L,中信中國50正2,155,26,129,國泰-新莊,2023-11-17,8886
00715L,期街口布蘭特正2,117,0,117,國泰-新莊,2023-11-17,8886
00931B,統一美債20年,116,0,116,國泰-新莊,2023-11-17,8886
6285,啟��,103,0,103,國泰-新莊,2023-11-17,8886
2610,華航,188,86,102,國泰-新莊,2023-11-17,8886
5009,榮剛,95,10,85,國泰-新莊,2023-11-17,8886
3481,群創,111,30,81,國泰-新莊,2023-11-17,8886
00650L,復華香港正2,75,0,75,國泰-新莊,2023-11-17,8886
00864B,中信美國公債0-1,65,1,64,國泰-新莊,2023-11-17,8886
00701,國泰股利精選30,54,1,53,國泰-新莊,2023-11-17,8886
00632R,元大台灣50反1,74,25,49,國泰-新莊,2023-11-17,8886
3706,神達,66,24,42,國泰-新莊,2023-11-17,8886
00902,中信電池及儲能,41,0,41,國泰-新莊,2023-11-17,8886
1449,佳和,44,3,41,國泰-新莊,2023-11-17,8886
3041,揚智,171,138,33,國泰-新莊,2023-11-17,8886
2731,雄獅,73,43,30,國泰-新莊,2023-11-17,8886
00882,中信中國高股息,27,0,27,國泰-新莊,2023-11-17,8886
2457,飛宏,57,31,26,國泰-新莊,2023-11-17,8886
2312,金寶,27,2,25,國泰-新莊,2023-11-17,8886
00712,復華富時不動產,67,44,23,國泰-新莊,2023-11-17,8886
2603,長榮,25,3,22,國泰-新莊,2023-11-17,8886
6257,矽格,21,2,19,國泰-新莊,2023-11-17,8886
00720B,元大投資級公司債,21,2,19,國泰-新莊,2023-11-17,8886
2417,圓剛,34,16,18,國泰-新莊,2023-11-17,8886
3450,聯鈞,25,7,18,國泰-新莊,2023-11-17,8886
3189,景碩,19,2,17,國泰-新莊,2023-11-17,8886
1324,地球,33,17,16,國泰-新莊,2023-11-17,8886
2344,華邦電,30,14,16,國泰-新莊,2023-11-17,8886
4979,華星光,20,4,16,國泰-新莊,2023-11-17,8886
9902,台火,15,0,15,國泰-新莊,2023-11-17,8886
00751B,元大AAA至A公司債,16,2,14,國泰-新莊,2023-11-17,8886
2486,一詮,14,0,14,國泰-新莊,2023-11-17,8886
2888,新光金,21,8,13,國泰-新莊,2023-11-17,8886
00679B,元大美債20年,14,2,12,國泰-新莊,2023-11-17,8886
2380,虹光,16,3,13,國泰-新莊,2023-11-17,8886
00795B,中信美國公債20年,12,0,12,國泰-新莊,2023-11-17,8886
2367,燿華,22,10,12,國泰-新莊,2023-11-17,8886
00692,富邦公司治理,11,0,11,國泰-新莊,2023-11-17,8886
2443,昶虹,11,0,11,國泰-新莊,2023-11-17,8886
3324,雙鴻,21,10,11,國泰-新莊,2023-11-17,8886
3715,定穎投控,93,82,11,國泰-新莊,2023-11-17,8886
2449,京元電子,15,5,10,國泰-新莊,2023-11-17,8886
5347,世界,13,3,10,國泰-新莊,2023-11-17,8886
00726B,國泰新興投等債,10,0,10,國泰-新莊,2023-11-17,8886
020034,元大IC設計N,10,0,10,國泰-新莊,2023-11-17,8886
00706L,期元大S＆P日圓正2,10,0,10,國泰-新莊,2023-11-17,8886
2023,燁輝,10,0,10,國泰-新莊,2023-11-17,8886
00885,富邦越南,137,42,95,國泰-新莊,2023-11-20,8886
00933B,國泰10Y+金融債,99,5,94,國泰-新莊,2023-11-20,8886
6770,力積電,103,11,92,國泰-新莊,2023-11-20,8886
00891,中信關鍵半導體,81,11,70,國泰-新莊,2023-11-20,8886
3645,達邁,59,6,53,國泰-新莊,2023-11-20,8886
00632R,元大台灣50反1,51,2,49,國泰-新莊,2023-11-20,8886
00687B,國泰20年美債,77,31,46,國泰-新莊,2023-11-20,8886
00720B,元大投資級公司債,46,1,45,國泰-新莊,2023-11-20,8886
2312,金寶,44,0,44,國泰-新莊,2023-11-20,8886
2610,華航,116,74,42,國泰-新莊,2023-11-20,8886
020034,元大IC設計N,40,0,40,國泰-新莊,2023-11-20,8886
00679B,元大美債20年,54,14,40,國泰-新莊,2023-11-20,8886
9945,潤泰新,35,0,35,國泰-新莊,2023-11-20,8886
00929,復華台灣科技優息,298,264,34,國泰-新莊,2023-11-20,8886
00795B,中信美國公債20年,34,1,33,國泰-新莊,2023-11-20,8886
3481,群創,224,192,32,國泰-新莊,2023-11-20,8886
00751B,元大AAA至A公司債,32,0,32,國泰-新莊,2023-11-20,8886
3306,鼎天,33,1,32,國泰-新莊,2023-11-20,8886
2356,英業達,86,56,30,國泰-新莊,2023-11-20,8886
00669R,國泰美國道瓊反1,30,0,30,國泰-新莊,2023-11-20,8886
1449,佳和,29,0,29,國泰-新莊,2023-11-20,8886
3228,金麗科,27,2,25,國泰-新莊,2023-11-20,8886
2409,友達,28,3,25,國泰-新莊,2023-11-20,8886
1402,遠東新,27,3,24,國泰-新莊,2023-11-20,8886
2380,虹光,26,4,22,國泰-新莊,2023-11-20,8886
9904,寶成,22,0,22,國泰-新莊,2023-11-20,8886
3006,晶豪科,30,9,21,國泰-新莊,2023-11-20,8886
2801,彰銀,22,1,21,國泰-新莊,2023-11-20,8886
00761B,國泰A級公司債,20,0,20,國泰-新莊,2023-11-20,8886
00907,永豐優息存股,19,0,19,國泰-新莊,2023-11-20,8886
3711,日月光投控,27,8,19,國泰-新莊,2023-11-20,8886
6443,元晶,37,18,19,國泰-新莊,2023-11-20,8886
6285,啟��,21,3,18,國泰-新莊,2023-11-20,8886
2355,敬鵬,104,88,16,國泰-新莊,2023-11-20,8886
00772B,中信高評級公司債,16,0,16,國泰-新莊,2023-11-20,8886
2201,裕隆,23,8,15,國泰-新莊,2023-11-20,8886
5706,鳳凰,87,72,15,國泰-新莊,2023-11-20,8886
1319,東陽,26,11,15,國泰-新莊,2023-11-20,8886
3376,新日興,28,13,15,國泰-新莊,2023-11-20,8886
00915,凱基優選高股息30,15,0,15,國泰-新莊,2023-11-20,8886
6026,福邦證,15,1,14,國泰-新莊,2023-11-20,8886
9946,三發地產,24,10,14,國泰-新莊,2023-11-20,8886
3363,上詮,31,18,13,國泰-新莊,2023-11-20,8886
6111,大宇資,14,1,13,國泰-新莊,2023-11-20,8886
1324,地球,13,1,12,國泰-新莊,2023-11-20,8886
6168,宏齊,21,9,12,國泰-新莊,2023-11-20,8886
1815,富喬,21,9,12,國泰-新莊,2023-11-20,8886
6202,盛群,12,0,12,國泰-新莊,2023-11-20,8886
8996,高力,25,13,12,國泰-新莊,2023-11-20,8886
00931B,統一美債20年,11,0,11,國泰-新莊,2023-11-20,8886
2618,長榮航,301,26,275,國泰-新莊,2023-11-21,8886
3682,亞太電,148,7,141,國泰-新莊,2023-11-21,8886
00673R,期元大S＆P原油反1,96,0,96,國泰-新莊,2023-11-21,8886
3059,華晶科,115,30,85,國泰-新莊,2023-11-21,8886
2888,新光金,69,15,54,國泰-新莊,2023-11-21,8886
2344,華邦電,85,32,53,國泰-新莊,2023-11-21,8886
00632R,元大台灣50反1,117,64,53,國泰-新莊,2023-11-21,8886
5347,世界,102,50,52,國泰-新莊,2023-11-21,8886
2516,新建,49,6,43,國泰-新莊,2023-11-21,8886
00712,復華富時不動產,52,12,40,國泰-新莊,2023-11-21,8886
3715,定穎投控,96,56,40,國泰-新莊,2023-11-21,8886
3041,揚智,206,167,39,國泰-新莊,2023-11-21,8886
2367,燿華,85,50,35,國泰-新莊,2023-11-21,8886
3228,金麗科,40,6,34,國泰-新莊,2023-11-21,8886
1815,富喬,51,20,31,國泰-新莊,2023-11-21,8886
2355,敬鵬,125,95,30,國泰-新莊,2023-11-21,8886
8048,德勝,34,4,30,國泰-新莊,2023-11-21,8886
1449,佳和,29,0,29,國泰-新莊,2023-11-21,8886
2380,虹光,37,8,29,國泰-新莊,2023-11-21,8886
6282,康舒,36,11,25,國泰-新莊,2023-11-21,8886
00933B,國泰10Y+金融債,25,0,25,國泰-新莊,2023-11-21,8886
2313,華通,212,188,24,國泰-新莊,2023-11-21,8886
5351,鈺創,108,85,23,國泰-新莊,2023-11-21,8886
00885,富邦越南,25,2,23,國泰-新莊,2023-11-21,8886
3033,威健,21,1,20,國泰-新莊,2023-11-21,8886
00701,國泰股利精選30,27,7,20,國泰-新莊,2023-11-21,8886
6657,華安,18,0,18,國泰-新莊,2023-11-21,8886
00751B,元大AAA至A公司債,17,0,17,國泰-新莊,2023-11-21,8886
6191,精成科,31,15,16,國泰-新莊,2023-11-21,8886
6156,松上,18,2,16,國泰-新莊,2023-11-21,8886
3379,彬台,16,0,16,國泰-新莊,2023-11-21,8886
4543,萬在,29,13,16,國泰-新莊,2023-11-21,8886
00757,統一FANG+,16,1,15,國泰-新莊,2023-11-21,8886
2360,致茂,15,0,15,國泰-新莊,2023-11-21,8886
5272,笙科,18,3,15,國泰-新莊,2023-11-21,8886
6274,台燿,31,17,14,國泰-新莊,2023-11-21,8886
6158,禾昌,20,6,14,國泰-新莊,2023-11-21,8886
00864B,中信美國公債0-1,15,2,13,國泰-新莊,2023-11-21,8886
1504,東元,34,21,13,國泰-新莊,2023-11-21,8886
2388,威盛,92,79,13,國泰-新莊,2023-11-21,8886
6695,芯鼎,15,3,12,國泰-新莊,2023-11-21,8886
4806,桂田文創,12,1,11,國泰-新莊,2023-11-21,8886
2731,雄獅,19,8,11,國泰-新莊,2023-11-21,8886
9919,康那香,11,0,11,國泰-新莊,2023-11-21,8886
00931B,統一美債20年,12,1,11,國泰-新莊,2023-11-21,8886
3588,通嘉,20,9,11,國泰-新莊,2023-11-21,8886
3363,上詮,21,11,10,國泰-新莊,2023-11-21,8886
00680L,元大美債20正2,25,15,10,國泰-新莊,2023-11-21,8886
5607,遠雄港,16,6,10,國泰-新莊,2023-11-21,8886
6223,旺矽,10,0,10,國泰-新莊,2023-11-21,8886
00665L,富邦�琤肭磪囓�2,675,77,598,國泰-新莊,2023-11-22,8886
00919,群益台灣精選高息,285,37,248,國泰-新莊,2023-11-22,8886
00924,復華S＆P500成長,135,0,135,國泰-新莊,2023-11-22,8886
3231,緯創,232,116,116,國泰-新莊,2023-11-22,8886
2457,飛宏,125,10,115,國泰-新莊,2023-11-22,8886
5347,世界,138,60,78,國泰-新莊,2023-11-22,8886
2405,輔信,183,120,63,國泰-新莊,2023-11-22,8886
3706,神達,66,4,62,國泰-新莊,2023-11-22,8886
2609,陽明,65,4,61,國泰-新莊,2023-11-22,8886
00706L,期元大S＆P日圓正2,61,0,61,國泰-新莊,2023-11-22,8886
0056,元大高股息,72,15,57,國泰-新莊,2023-11-22,8886
2356,英業達,131,80,51,國泰-新莊,2023-11-22,8886
3682,亞太電,46,1,45,國泰-新莊,2023-11-22,8886
00864B,中信美國公債0-1,40,0,40,國泰-新莊,2023-11-22,8886
6191,精成科,44,6,38,國泰-新莊,2023-11-22,8886
2382,廣達,76,39,37,國泰-新莊,2023-11-22,8886
1409,新纖,30,0,30,國泰-新莊,2023-11-22,8886
2353,宏��,33,4,29,國泰-新莊,2023-11-22,8886
2516,新建,55,27,28,國泰-新莊,2023-11-22,8886
00680L,元大美債20正2,55,27,28,國泰-新莊,2023-11-22,8886
00923,群益台ESG低碳50,31,3,28,國泰-新莊,2023-11-22,8886
00891,中信關鍵半導體,34,7,27,國泰-新莊,2023-11-22,8886
2330,台積電,26,0,26,國泰-新莊,2023-11-22,8886
2392,正崴,25,0,25,國泰-新莊,2023-11-22,8886
00927,群益半導體收益,25,0,25,國泰-新莊,2023-11-22,8886
2352,佳世達,26,2,24,國泰-新莊,2023-11-22,8886
2201,裕隆,24,0,24,國泰-新莊,2023-11-22,8886
2610,華航,58,34,24,國泰-新莊,2023-11-22,8886
2344,華邦電,40,17,23,國泰-新莊,2023-11-22,8886
2002,中鋼,71,48,23,國泰-新莊,2023-11-22,8886
6285,啟��,33,11,22,國泰-新莊,2023-11-22,8886
00637L,元大滬深300正2,21,0,21,國泰-新莊,2023-11-22,8886
00712,復華富時不動產,36,15,21,國泰-新莊,2023-11-22,8886
2883,凱基金,55,35,20,國泰-新莊,2023-11-22,8886
00650L,復華香港正2,20,0,20,國泰-新莊,2023-11-22,8886
2367,燿華,54,34,20,國泰-新莊,2023-11-22,8886
2537,聯上發,20,0,20,國泰-新莊,2023-11-22,8886
2376,技嘉,37,17,20,國泰-新莊,2023-11-22,8886
00751B,元大AAA至A公司債,19,0,19,國泰-新莊,2023-11-22,8886
2409,友達,20,1,19,國泰-新莊,2023-11-22,8886
3583,辛耘,31,13,18,國泰-新莊,2023-11-22,8886
00931B,統一美債20年,19,1,18,國泰-新莊,2023-11-22,8886
6125,廣運,22,4,18,國泰-新莊,2023-11-22,8886
2736,富野,19,1,18,國泰-新莊,2023-11-22,8886
6526,達發,18,0,18,國泰-新莊,2023-11-22,8886
00795B,中信美國公債20年,18,1,17,國泰-新莊,2023-11-22,8886
3479,安勤,17,0,17,國泰-新莊,2023-11-22,8886
2380,虹光,20,3,17,國泰-新莊,2023-11-22,8886
00687B,國泰20年美債,22,5,17,國泰-新莊,2023-11-22,8886
00753L,中信中國50正2,28,12,16,國泰-新莊,2023-11-22,8886
00637L,元大滬深300正2,332,50,282,國泰-新莊,2023-11-23,8886
00665L,富邦�琤肭磪囓�2,170,13,157,國泰-新莊,2023-11-23,8886
5347,世界,176,55,121,國泰-新莊,2023-11-23,8886
00878,國泰永續高股息,127,20,107,國泰-新莊,2023-11-23,8886
00929,復華台灣科技優息,132,40,92,國泰-新莊,2023-11-23,8886
2363,矽統,158,90,68,國泰-新莊,2023-11-23,8886
6139,亞翔,140,74,66,國泰-新莊,2023-11-23,8886
2542,興富發,63,1,62,國泰-新莊,2023-11-23,8886
6282,康舒,290,231,59,國泰-新莊,2023-11-23,8886
6285,啟��,60,6,54,國泰-新莊,2023-11-23,8886
00935,野村臺灣新科技50,52,0,52,國泰-新莊,2023-11-23,8886
020020,元大台股領航N,50,0,50,國泰-新莊,2023-11-23,8886
00919,群益台灣精選高息,96,49,47,國泰-新莊,2023-11-23,8886
00715L,期街口布蘭特正2,63,21,42,國泰-新莊,2023-11-23,8886
2405,輔信,82,40,42,國泰-新莊,2023-11-23,8886
00753L,中信中國50正2,70,29,41,國泰-新莊,2023-11-23,8886
2516,新建,47,9,38,國泰-新莊,2023-11-23,8886
9105,泰金寶-DR,50,13,37,國泰-新莊,2023-11-23,8886
3231,緯創,125,90,35,國泰-新莊,2023-11-23,8886
1449,佳和,39,5,34,國泰-新莊,2023-11-23,8886
8426,紅木-KY,34,0,34,國泰-新莊,2023-11-23,8886
00934,中信成長高股息,30,0,30,國泰-新莊,2023-11-23,8886
8358,金居,36,7,29,國泰-新莊,2023-11-23,8886
1314,中石化,47,22,25,國泰-新莊,2023-11-23,8886
3682,亞太電,24,0,24,國泰-新莊,2023-11-23,8886
2610,華航,55,32,23,國泰-新莊,2023-11-23,8886
2401,凌陽,54,32,22,國泰-新莊,2023-11-23,8886
3665,貿聯-KY,23,2,21,國泰-新莊,2023-11-23,8886
5533,皇鼎,40,19,21,國泰-新莊,2023-11-23,8886
6288,聯嘉,26,5,21,國泰-新莊,2023-11-23,8886
2317,鴻海,25,4,21,國泰-新莊,2023-11-23,8886
00679B,元大美債20年,40,20,20,國泰-新莊,2023-11-23,8886
1718,中纖,20,0,20,國泰-新莊,2023-11-23,8886
00882,中信中國高股息,19,0,19,國泰-新莊,2023-11-23,8886
8176,智捷,20,1,19,國泰-新莊,2023-11-23,8886
3402,漢科,23,4,19,國泰-新莊,2023-11-23,8886
3094,聯傑,23,4,19,國泰-新莊,2023-11-23,8886
3059,華晶科,31,14,17,國泰-新莊,2023-11-23,8886
4960,誠美材,31,14,17,國泰-新莊,2023-11-23,8886
3715,定穎投控,108,91,17,國泰-新莊,2023-11-23,8886
6168,宏齊,42,26,16,國泰-新莊,2023-11-23,8886
8089,康全電訊,16,0,16,國泰-新莊,2023-11-23,8886
8936,國統,16,0,16,國泰-新莊,2023-11-23,8886
6412,群電,16,1,15,國泰-新莊,2023-11-23,8886
2801,彰銀,15,0,15,國泰-新莊,2023-11-23,8886
00933B,國泰10Y+金融債,17,2,15,國泰-新莊,2023-11-23,8886
2630,亞航,15,1,14,國泰-新莊,2023-11-23,8886
3017,奇鋐,31,17,14,國泰-新莊,2023-11-23,8886
9934,成霖,13,0,13,國泰-新莊,2023-11-23,8886
5009,榮剛,16,3,13,國泰-新莊,2023-11-23,8886
00665L,富邦�琤肭磪囓�2,330,118,212,國泰-新莊,2023-11-24,8886
5009,榮剛,167,11,156,國泰-新莊,2023-11-24,8886
00753L,中信中國50正2,158,7,151,國泰-新莊,2023-11-24,8886
2888,新光金,131,37,94,國泰-新莊,2023-11-24,8886
00891,中信關鍵半導體,93,2,91,國泰-新莊,2023-11-24,8886
00923,群益台ESG低碳50,102,12,90,國泰-新莊,2023-11-24,8886
00680L,元大美債20正2,85,0,85,國泰-新莊,2023-11-24,8886
2344,華邦電,87,12,75,國泰-新莊,2023-11-24,8886
2515,中工,80,6,74,國泰-新莊,2023-11-24,8886
3706,神達,76,9,67,國泰-新莊,2023-11-24,8886
2356,英業達,66,14,52,國泰-新莊,2023-11-24,8886
2317,鴻海,53,2,51,國泰-新莊,2023-11-24,8886
6235,華孚,104,58,46,國泰-新莊,2023-11-24,8886
00687B,國泰20年美債,53,12,41,國泰-新莊,2023-11-24,8886
3682,亞太電,43,1,42,國泰-新莊,2023-11-24,8886
2609,陽明,47,8,39,國泰-新莊,2023-11-24,8886
3006,晶豪科,48,11,37,國泰-新莊,2023-11-24,8886
00878,國泰永續高股息,83,48,35,國泰-新莊,2023-11-24,8886
6285,啟��,33,0,33,國泰-新莊,2023-11-24,8886
2618,長榮航,187,155,32,國泰-新莊,2023-11-24,8886
3481,群創,55,26,29,國泰-新莊,2023-11-24,8886
00931B,統一美債20年,28,0,28,國泰-新莊,2023-11-24,8886
8936,國統,38,10,28,國泰-新莊,2023-11-24,8886
6456,GIS-KY,25,0,25,國泰-新莊,2023-11-24,8886
00885,富邦越南,48,24,24,國泰-新莊,2023-11-24,8886
00712,復華富時不動產,25,1,24,國泰-新莊,2023-11-24,8886
2610,華航,103,80,23,國泰-新莊,2023-11-24,8886
2353,宏��,32,9,23,國泰-新莊,2023-11-24,8886
00751B,元大AAA至A公司債,23,1,22,國泰-新莊,2023-11-24,8886
2399,映泰,39,18,21,國泰-新莊,2023-11-24,8886
00688L,國泰20年美債正2,20,0,20,國泰-新莊,2023-11-24,8886
1471,首利,31,11,20,國泰-新莊,2023-11-24,8886
6125,廣運,37,19,18,國泰-新莊,2023-11-24,8886
2382,廣達,40,22,18,國泰-新莊,2023-11-24,8886
1609,大亞,38,21,17,國泰-新莊,2023-11-24,8886
1603,華電,25,8,17,國泰-新莊,2023-11-24,8886
2705,六福,15,0,15,國泰-新莊,2023-11-24,8886
2492,華新科,43,28,15,國泰-新莊,2023-11-24,8886
6150,撼訊,14,0,14,國泰-新莊,2023-11-24,8886
6117,迎廣,26,12,14,國泰-新莊,2023-11-24,8886
3032,偉訓,24,10,14,國泰-新莊,2023-11-24,8886
3701,大眾控,32,18,14,國泰-新莊,2023-11-24,8886
00933B,國泰10Y+金融債,29,15,14,國泰-新莊,2023-11-24,8886
2748,雲品,16,3,13,國泰-新莊,2023-11-24,8886
2516,新建,17,4,13,國泰-新莊,2023-11-24,8886
3019,亞光,13,0,13,國泰-新莊,2023-11-24,8886
00720B,元大投資級公司債,22,10,12,國泰-新莊,2023-11-24,8886
8054,安國,91,79,12,國泰-新莊,2023-11-24,8886
1460,宏遠,12,0,12,國泰-新莊,2023-11-24,8886
2547,日勝生,12,0,12,國泰-新莊,2023-11-24,8886
00665L,富邦�琤肭磪囓�2,296,11,285,國泰-新莊,2023-11-27,8886
00680L,元大美債20正2,132,0,132,國泰-新莊,2023-11-27,8886
2883,凱基金,228,97,131,國泰-新莊,2023-11-27,8886
1513,中興電,268,141,127,國泰-新莊,2023-11-27,8886
00878,國泰永續高股息,162,39,123,國泰-新莊,2023-11-27,8886
5009,榮剛,126,17,109,國泰-新莊,2023-11-27,8886
2892,第一金,101,3,98,國泰-新莊,2023-11-27,8886
2618,長榮航,201,116,85,國泰-新莊,2023-11-27,8886
00637L,元大滬深300正2,112,34,78,國泰-新莊,2023-11-27,8886
00687B,國泰20年美債,114,47,67,國泰-新莊,2023-11-27,8886
2312,金寶,66,4,62,國泰-新莊,2023-11-27,8886
00720B,元大投資級公司債,59,3,56,國泰-新莊,2023-11-27,8886
00751B,元大AAA至A公司債,52,0,52,國泰-新莊,2023-11-27,8886
2344,華邦電,61,12,49,國泰-新莊,2023-11-27,8886
00715L,期街口布蘭特正2,47,6,41,國泰-新莊,2023-11-27,8886
00923,群益台ESG低碳50,41,0,41,國泰-新莊,2023-11-27,8886
8011,台通,37,0,37,國泰-新莊,2023-11-27,8886
2356,英業達,51,15,36,國泰-新莊,2023-11-27,8886
00679B,元大美債20年,35,1,34,國泰-新莊,2023-11-27,8886
6117,迎廣,39,7,32,國泰-新莊,2023-11-27,8886
00933B,國泰10Y+金融債,31,0,31,國泰-新莊,2023-11-27,8886
1101,台泥,35,5,30,國泰-新莊,2023-11-27,8886
00650L,復華香港正2,30,0,30,國泰-新莊,2023-11-27,8886
00655L,國泰中國A50正2,29,0,29,國泰-新莊,2023-11-27,8886
2610,華航,36,8,28,國泰-新莊,2023-11-27,8886
2382,廣達,122,96,26,國泰-新莊,2023-11-27,8886
3231,緯創,105,79,26,國泰-新莊,2023-11-27,8886
4113,聯上,26,1,25,國泰-新莊,2023-11-27,8886
00931B,統一美債20年,25,2,23,國泰-新莊,2023-11-27,8886
1815,富喬,29,6,23,國泰-新莊,2023-11-27,8886
00934,中信成長高股息,23,0,23,國泰-新莊,2023-11-27,8886
00882,中信中國高股息,22,1,21,國泰-新莊,2023-11-27,8886
00633L,富邦上証正2,21,0,21,國泰-新莊,2023-11-27,8886
00753L,中信中國50正2,169,148,21,國泰-新莊,2023-11-27,8886
0056,元大高股息,46,25,21,國泰-新莊,2023-11-27,8886
3035,智原,35,15,20,國泰-新莊,2023-11-27,8886
5351,鈺創,85,65,20,國泰-新莊,2023-11-27,8886
1762,中化生,20,0,20,國泰-新莊,2023-11-27,8886
00919,群益台灣精選高息,91,71,20,國泰-新莊,2023-11-27,8886
020020,元大台股領航N,20,0,20,國泰-新莊,2023-11-27,8886
00641R,富邦日本反1,20,0,20,國泰-新莊,2023-11-27,8886
6127,九豪,33,13,20,國泰-新莊,2023-11-27,8886
2330,台積電,21,3,18,國泰-新莊,2023-11-27,8886
4142,國光生,19,1,18,國泰-新莊,2023-11-27,8886
2838,聯邦銀,18,0,18,國泰-新莊,2023-11-27,8886
3682,亞太電,43,25,18,國泰-新莊,2023-11-27,8886
8086,宏捷科,27,10,17,國泰-新莊,2023-11-27,8886
6282,康舒,34,17,17,國泰-新莊,2023-11-27,8886
00772B,中信高評級公司債,17,0,17,國泰-新莊,2023-11-27,8886
8069,元太,18,2,16,國泰-新莊,2023-11-27,8886
00712,復華富時不動產,100,1,99,國泰-新莊,2023-11-28,8886
2867,三商壽,95,3,92,國泰-新莊,2023-11-28,8886
00753L,中信中國50正2,71,11,60,國泰-新莊,2023-11-28,8886
00665L,富邦�琤肭磪囓�2,170,120,50,國泰-新莊,2023-11-28,8886
2303,聯電,87,44,43,國泰-新莊,2023-11-28,8886
4114,健喬,142,100,42,國泰-新莊,2023-11-28,8886
1815,富喬,44,3,41,國泰-新莊,2023-11-28,8886
1101,台泥,90,49,41,國泰-新莊,2023-11-28,8886
00632R,元大台灣50反1,78,40,38,國泰-新莊,2023-11-28,8886
3231,緯創,69,34,35,國泰-新莊,2023-11-28,8886
1616,億泰,51,17,34,國泰-新莊,2023-11-28,8886
4563,百德,32,0,32,國泰-新莊,2023-11-28,8886
5347,世界,43,12,31,國泰-新莊,2023-11-28,8886
4157,太景*-KY,40,10,30,國泰-新莊,2023-11-28,8886
1568,倉佑,30,0,30,國泰-新莊,2023-11-28,8886
1325,恆大,35,5,30,國泰-新莊,2023-11-28,8886
00919,群益台灣精選高息,43,14,29,國泰-新莊,2023-11-28,8886
2603,長榮,28,2,26,國泰-新莊,2023-11-28,8886
00687B,國泰20年美債,43,19,24,國泰-新莊,2023-11-28,8886
00715L,期街口布蘭特正2,20,0,20,國泰-新莊,2023-11-28,8886
1701,中化,35,16,19,國泰-新莊,2023-11-28,8886
2356,英業達,46,30,16,國泰-新莊,2023-11-28,8886
8936,國統,30,14,16,國泰-新莊,2023-11-28,8886
00933B,國泰10Y+金融債,15,0,15,國泰-新莊,2023-11-28,8886
00662,富邦NASDAQ,15,0,15,國泰-新莊,2023-11-28,8886
00673R,期元大S＆P原油反1,15,0,15,國泰-新莊,2023-11-28,8886
00864B,中信美國公債0-1,15,0,15,國泰-新莊,2023-11-28,8886
3711,日月光投控,15,1,14,國泰-新莊,2023-11-28,8886
2211,長榮鋼,14,0,14,國泰-新莊,2023-11-28,8886
2542,興富發,13,0,13,國泰-新莊,2023-11-28,8886
2353,宏��,18,5,13,國泰-新莊,2023-11-28,8886
3583,辛耘,17,4,13,國泰-新莊,2023-11-28,8886
3715,定穎投控,98,86,12,國泰-新莊,2023-11-28,8886
3489,森寶,12,0,12,國泰-新莊,2023-11-28,8886
9919,康那香,21,9,12,國泰-新莊,2023-11-28,8886
3576,聯合再生,11,0,11,國泰-新莊,2023-11-28,8886
00692,富邦公司治理,11,0,11,國泰-新莊,2023-11-28,8886
00853B,統一美債10年Aa-,10,0,10,國泰-新莊,2023-11-28,8886
00722B,群益投資級電信債,10,0,10,國泰-新莊,2023-11-28,8886
2462,良得電,10,0,10,國泰-新莊,2023-11-28,8886
00720B,元大投資級公司債,9,0,9,國泰-新莊,2023-11-28,8886
2601,益航,50,41,9,國泰-新莊,2023-11-28,8886
3047,訊舟,10,1,9,國泰-新莊,2023-11-28,8886
3176,基亞,9,0,9,國泰-新莊,2023-11-28,8886
2630,亞航,14,6,8,國泰-新莊,2023-11-28,8886
1584,精剛,11,3,8,國泰-新莊,2023-11-28,8886
8176,智捷,9,1,8,國泰-新莊,2023-11-28,8886
00930,永豐ESG低碳高息,14,6,8,國泰-新莊,2023-11-28,8886
6443,元晶,10,2,8,國泰-新莊,2023-11-28,8886
1760,寶齡富錦,42,34,8,國泰-新莊,2023-11-28,8886
00665L,富邦�琤肭磪囓�2,397,3,394,國泰-新莊,2023-11-29,8886
6271,同欣電,197,20,177,國泰-新莊,2023-11-29,8886
00882,中信中國高股息,159,10,149,國泰-新莊,2023-11-29,8886
3481,群創,213,90,123,國泰-新莊,2023-11-29,8886
00934,中信成長高股息,93,1,92,國泰-新莊,2023-11-29,8886
5351,鈺創,122,31,91,國泰-新莊,2023-11-29,8886
00712,復華富時不動產,90,2,88,國泰-新莊,2023-11-29,8886
00700,富邦�琤肭磪�,87,0,87,國泰-新莊,2023-11-29,8886
00931B,統一美債20年,111,30,81,國泰-新莊,2023-11-29,8886
00753L,中信中國50正2,198,126,72,國泰-新莊,2023-11-29,8886
00919,群益台灣精選高息,96,28,68,國泰-新莊,2023-11-29,8886
00637L,元大滬深300正2,63,3,60,國泰-新莊,2023-11-29,8886
8936,國統,66,9,57,國泰-新莊,2023-11-29,8886
3437,榮創,55,1,54,國泰-新莊,2023-11-29,8886
1101,台泥,65,12,53,國泰-新莊,2023-11-29,8886
2516,新建,53,1,52,國泰-新莊,2023-11-29,8886
6186,新潤,50,0,50,國泰-新莊,2023-11-29,8886
2618,長榮航,145,100,45,國泰-新莊,2023-11-29,8886
00650L,復華香港正2,101,60,41,國泰-新莊,2023-11-29,8886
00902,中信電池及儲能,41,4,37,國泰-新莊,2023-11-29,8886
2363,矽統,73,36,37,國泰-新莊,2023-11-29,8886
2353,宏��,38,3,35,國泰-新莊,2023-11-29,8886
2377,微星,64,30,34,國泰-新莊,2023-11-29,8886
2542,興富發,32,0,32,國泰-新莊,2023-11-29,8886
00679B,元大美債20年,40,9,31,國泰-新莊,2023-11-29,8886
2401,凌陽,45,19,26,國泰-新莊,2023-11-29,8886
5608,四維航,41,16,25,國泰-新莊,2023-11-29,8886
2610,華航,32,8,24,國泰-新莊,2023-11-29,8886
00632R,元大台灣50反1,33,9,24,國泰-新莊,2023-11-29,8886
00915,凱基優選高股息30,25,2,23,國泰-新莊,2023-11-29,8886
8054,安國,153,131,22,國泰-新莊,2023-11-29,8886
00929,復華台灣科技優息,214,192,22,國泰-新莊,2023-11-29,8886
1760,寶齡富錦,22,2,20,國泰-新莊,2023-11-29,8886
1815,富喬,21,1,20,國泰-新莊,2023-11-29,8886
1528,恩德,23,5,18,國泰-新莊,2023-11-29,8886
6243,迅杰,84,66,18,國泰-新莊,2023-11-29,8886
6235,華孚,35,17,18,國泰-新莊,2023-11-29,8886
2891,中信金,22,4,18,國泰-新莊,2023-11-29,8886
2888,新光金,57,40,17,國泰-新莊,2023-11-29,8886
2886,兆豐金,23,6,17,國泰-新莊,2023-11-29,8886
00751B,元大AAA至A公司債,16,0,16,國泰-新莊,2023-11-29,8886
1584,精剛,26,10,16,國泰-新莊,2023-11-29,8886
2449,京元電子,26,10,16,國泰-新莊,2023-11-29,8886
8155,博智,18,3,15,國泰-新莊,2023-11-29,8886
4188,安克,15,0,15,國泰-新莊,2023-11-29,8886
1732,毛寶,17,2,15,國泰-新莊,2023-11-29,8886
2705,六福,14,0,14,國泰-新莊,2023-11-29,8886
00720B,元大投資級公司債,14,0,14,國泰-新莊,2023-11-29,8886
00930,永豐ESG低碳高息,14,0,14,國泰-新莊,2023-11-29,8886
2801,彰銀,14,1,13,國泰-新莊,2023-11-29,8886
00919,群益台灣精選高息,210,12,198,國泰-新莊,2023-11-30,8886
2455,全新,154,4,150,國泰-新莊,2023-11-30,8886
3682,亞太電,150,10,140,國泰-新莊,2023-11-30,8886
2002,中鋼,162,33,129,國泰-新莊,2023-11-30,8886
00680L,元大美債20正2,135,29,106,國泰-新莊,2023-11-30,8886
3006,晶豪科,102,6,96,國泰-新莊,2023-11-30,8886
1449,佳和,87,5,82,國泰-新莊,2023-11-30,8886
9921,巨大,76,6,70,國泰-新莊,2023-11-30,8886
00935,野村臺灣新科技50,68,0,68,國泰-新莊,2023-11-30,8886
00720B,元大投資級公司債,59,3,56,國泰-新莊,2023-11-30,8886
00933B,國泰10Y+金融債,59,3,56,國泰-新莊,2023-11-30,8886
00934,中信成長高股息,53,0,53,國泰-新莊,2023-11-30,8886
00929,復華台灣科技優息,114,71,43,國泰-新莊,2023-11-30,8886
2329,華泰,412,369,43,國泰-新莊,2023-11-30,8886
3231,緯創,62,22,40,國泰-新莊,2023-11-30,8886
00882,中信中國高股息,45,9,36,國泰-新莊,2023-11-30,8886
2332,友訊,35,0,35,國泰-新莊,2023-11-30,8886
2201,裕隆,31,0,31,國泰-新莊,2023-11-30,8886
2609,陽明,34,3,31,國泰-新莊,2023-11-30,8886
6657,華安,30,0,30,國泰-新莊,2023-11-30,8886
5388,中磊,32,2,30,國泰-新莊,2023-11-30,8886
5351,鈺創,45,16,29,國泰-新莊,2023-11-30,8886
00885,富邦越南,37,9,28,國泰-新莊,2023-11-30,8886
5608,四維航,60,32,28,國泰-新莊,2023-11-30,8886
00673R,期元大S＆P原油反1,65,37,28,國泰-新莊,2023-11-30,8886
6111,大宇資,45,17,28,國泰-新莊,2023-11-30,8886
00679B,元大美債20年,44,16,28,國泰-新莊,2023-11-30,8886
00931B,統一美債20年,39,12,27,國泰-新莊,2023-11-30,8886
00687B,國泰20年美債,55,29,26,國泰-新莊,2023-11-30,8886
2492,華新科,64,39,25,國泰-新莊,2023-11-30,8886
3548,兆利,38,17,21,國泰-新莊,2023-11-30,8886
4961,天鈺,37,16,21,國泰-新莊,2023-11-30,8886
00853B,統一美債10年Aa-,20,0,20,國泰-新莊,2023-11-30,8886
2303,聯電,42,24,18,國泰-新莊,2023-11-30,8886
2369,菱生,37,19,18,國泰-新莊,2023-11-30,8886
1720,生達,21,3,18,國泰-新莊,2023-11-30,8886
00688L,國泰20年美債正2,17,0,17,國泰-新莊,2023-11-30,8886
8088,品安,22,5,17,國泰-新莊,2023-11-30,8886
5272,笙科,35,18,17,國泰-新莊,2023-11-30,8886
00916,國泰全球品牌50,17,1,16,國泰-新莊,2023-11-30,8886
00632R,元大台灣50反1,29,14,15,國泰-新莊,2023-11-30,8886
00773B,中信優先金融債,16,1,15,國泰-新莊,2023-11-30,8886
6593,台灣銘板,27,13,14,國泰-新莊,2023-11-30,8886
2338,光罩,79,66,13,國泰-新莊,2023-11-30,8886
1618,合機,17,4,13,國泰-新莊,2023-11-30,8886
2377,微星,51,38,13,國泰-新莊,2023-11-30,8886
2606,裕民,19,6,13,國泰-新莊,2023-11-30,8886
3051,力特,13,0,13,國泰-新莊,2023-11-30,8886
2374,佳能,13,0,13,國泰-新莊,2023-11-30,8886
2542,興富發,13,1,12,國泰-新莊,2023-11-30,8886
00919,群益台灣精選高息,332,86,246,國泰-新莊,2023-12-01,8886
3481,群創,241,73,168,國泰-新莊,2023-12-01,8886
2883,凱基金,156,12,144,國泰-新莊,2023-12-01,8886
00715L,期街口布蘭特正2,147,3,144,國泰-新莊,2023-12-01,8886
00753L,中信中國50正2,158,25,133,國泰-新莊,2023-12-01,8886
00665L,富邦�琤肭磪囓�2,101,13,88,國泰-新莊,2023-12-01,8886
2603,長榮,101,14,87,國泰-新莊,2023-12-01,8886
2516,新建,85,0,85,國泰-新莊,2023-12-01,8886
00680L,元大美債20正2,72,5,67,國泰-新莊,2023-12-01,8886
00637L,元大滬深300正2,105,45,60,國泰-新莊,2023-12-01,8886
00933B,國泰10Y+金融債,65,10,55,國泰-新莊,2023-12-01,8886
00915,凱基優選高股息30,52,2,50,國泰-新莊,2023-12-01,8886
2317,鴻海,49,3,46,國泰-新莊,2023-12-01,8886
2618,長榮航,94,50,44,國泰-新莊,2023-12-01,8886
00679B,元大美債20年,44,1,43,國泰-新莊,2023-12-01,8886
2615,萬海,55,12,43,國泰-新莊,2023-12-01,8886
00878,國泰永續高股息,134,96,38,國泰-新莊,2023-12-01,8886
3706,神達,74,38,36,國泰-新莊,2023-12-01,8886
2002,中鋼,40,4,36,國泰-新莊,2023-12-01,8886
2884,玉山金,42,5,37,國泰-新莊,2023-12-01,8886
2881,富邦金,35,1,34,國泰-新莊,2023-12-01,8886
3041,揚智,124,92,32,國泰-新莊,2023-12-01,8886
5347,世界,38,8,30,國泰-新莊,2023-12-01,8886
1101,台泥,29,0,29,國泰-新莊,2023-12-01,8886
3567,逸昌,28,0,28,國泰-新莊,2023-12-01,8886
00655L,國泰中國A50正2,26,0,26,國泰-新莊,2023-12-01,8886
00687B,國泰20年美債,36,11,25,國泰-新莊,2023-12-01,8886
2344,華邦電,30,6,24,國泰-新莊,2023-12-01,8886
6770,力積電,25,3,22,國泰-新莊,2023-12-01,8886
6271,同欣電,24,2,22,國泰-新莊,2023-12-01,8886
2409,友達,29,8,21,國泰-新莊,2023-12-01,8886
2390,云辰,29,8,21,國泰-新莊,2023-12-01,8886
00931B,統一美債20年,27,6,21,國泰-新莊,2023-12-01,8886
00902,中信電池及儲能,51,30,21,國泰-新莊,2023-12-01,8886
2399,映泰,24,3,21,國泰-新莊,2023-12-01,8886
2356,英業達,40,19,21,國泰-新莊,2023-12-01,8886
3552,同致,21,1,20,國泰-新莊,2023-12-01,8886
3006,晶豪科,23,3,20,國泰-新莊,2023-12-01,8886
5607,遠雄港,22,2,20,國泰-新莊,2023-12-01,8886
00923,群益台ESG低碳50,21,2,19,國泰-新莊,2023-12-01,8886
2354,鴻準,20,1,19,國泰-新莊,2023-12-01,8886
2442,新美齊,20,2,18,國泰-新莊,2023-12-01,8886
00916,國泰全球品牌50,17,0,17,國泰-新莊,2023-12-01,8886
2887,台新金,21,5,16,國泰-新莊,2023-12-01,8886
00935,野村臺灣新科技50,16,1,15,國泰-新莊,2023-12-01,8886
8033,雷虎,15,0,15,國泰-新莊,2023-12-01,8886
1324,地球,20,5,15,國泰-新莊,2023-12-01,8886
3710,連展投控,17,2,15,國泰-新莊,2023-12-01,8886
2355,敬鵬,45,31,14,國泰-新莊,2023-12-01,8886
3059,華晶科,19,5,14,國泰-新莊,2023-12-01,8886
00919,群益台灣精選高息,406,77,329,國泰-新莊,2023-12-04,8886
2883,凱基金,420,111,309,國泰-新莊,2023-12-04,8886
00715L,期街口布蘭特正2,218,0,218,國泰-新莊,2023-12-04,8886
00929,復華台灣科技優息,219,71,148,國泰-新莊,2023-12-04,8886
8936,國統,155,17,138,國泰-新莊,2023-12-04,8886
00720B,元大投資級公司債,143,25,118,國泰-新莊,2023-12-04,8886
00918,大華優利高填息30,114,2,112,國泰-新莊,2023-12-04,8886
6285,啟��,133,40,93,國泰-新莊,2023-12-04,8886
9919,康那香,378,296,82,國泰-新莊,2023-12-04,8886
00751B,元大AAA至A公司債,65,5,60,國泰-新莊,2023-12-04,8886
020034,元大IC設計N,55,0,55,國泰-新莊,2023-12-04,8886
00885,富邦越南,88,35,53,國泰-新莊,2023-12-04,8886
00934,中信成長高股息,84,32,52,國泰-新莊,2023-12-04,8886
00637L,元大滬深300正2,102,52,50,國泰-新莊,2023-12-04,8886
5328,華容,110,61,49,國泰-新莊,2023-12-04,8886
3715,定穎投控,107,58,49,國泰-新莊,2023-12-04,8886
00902,中信電池及儲能,50,6,44,國泰-新莊,2023-12-04,8886
2329,華泰,246,203,43,國泰-新莊,2023-12-04,8886
2355,敬鵬,96,57,39,國泰-新莊,2023-12-04,8886
2363,矽統,79,40,39,國泰-新莊,2023-12-04,8886
3706,神達,39,2,37,國泰-新莊,2023-12-04,8886
00915,凱基優選高股息30,68,31,37,國泰-新莊,2023-12-04,8886
00933B,國泰10Y+金融債,45,8,37,國泰-新莊,2023-12-04,8886
1504,東元,32,1,31,國泰-新莊,2023-12-04,8886
3231,緯創,57,26,31,國泰-新莊,2023-12-04,8886
00753L,中信中國50正2,127,99,28,國泰-新莊,2023-12-04,8886
2344,華邦電,63,38,25,國泰-新莊,2023-12-04,8886
6122,擎邦,36,11,25,國泰-新莊,2023-12-04,8886
5351,鈺創,48,23,25,國泰-新莊,2023-12-04,8886
2405,輔信,32,8,24,國泰-新莊,2023-12-04,8886
2390,云辰,23,0,23,國泰-新莊,2023-12-04,8886
1605,華新,52,29,23,國泰-新莊,2023-12-04,8886
1101,台泥,33,11,22,國泰-新莊,2023-12-04,8886
2382,廣達,47,26,21,國泰-新莊,2023-12-04,8886
5439,高技,47,26,21,國泰-新莊,2023-12-04,8886
2421,建準,24,3,21,國泰-新莊,2023-12-04,8886
1338,廣華-KY,21,1,20,國泰-新莊,2023-12-04,8886
2442,新美齊,20,0,20,國泰-新莊,2023-12-04,8886
1591,駿吉-KY,21,1,20,國泰-新莊,2023-12-04,8886
2834,臺企銀,20,0,20,國泰-新莊,2023-12-04,8886
6257,矽格,46,27,19,國泰-新莊,2023-12-04,8886
00679B,元大美債20年,52,33,19,國泰-新莊,2023-12-04,8886
3041,揚智,37,19,18,國泰-新莊,2023-12-04,8886
2637,慧洋-KY,52,34,18,國泰-新莊,2023-12-04,8886
00642U,期元大S＆P石油,18,1,17,國泰-新莊,2023-12-04,8886
00935,野村臺灣新科技50,16,0,16,國泰-新莊,2023-12-04,8886
1732,毛寶,21,5,16,國泰-新莊,2023-12-04,8886
00650L,復華香港正2,21,5,16,國泰-新莊,2023-12-04,8886
2402,毅嘉,26,10,16,國泰-新莊,2023-12-04,8886
3017,奇鋐,20,4,16,國泰-新莊,2023-12-04,8886
00919,群益台灣精選高息,498,233,265,國泰-新莊,2023-12-05,8886
00680L,元大美債20正2,174,12,162,國泰-新莊,2023-12-05,8886
00753L,中信中國50正2,220,66,154,國泰-新莊,2023-12-05,8886
2618,長榮航,139,0,139,國泰-新莊,2023-12-05,8886
00751B,元大AAA至A公司債,149,49,100,國泰-新莊,2023-12-05,8886
5608,四維航,525,431,94,國泰-新莊,2023-12-05,8886
2344,華邦電,84,3,81,國泰-新莊,2023-12-05,8886
2601,益航,287,206,81,國泰-新莊,2023-12-05,8886
00637L,元大滬深300正2,145,70,75,國泰-新莊,2023-12-05,8886
4167,松瑞藥,177,103,74,國泰-新莊,2023-12-05,8886
00882,中信中國高股息,79,9,70,國泰-新莊,2023-12-05,8886
00687B,國泰20年美債,68,5,63,國泰-新莊,2023-12-05,8886
2367,燿華,80,19,61,國泰-新莊,2023-12-05,8886
2606,裕民,257,199,58,國泰-新莊,2023-12-05,8886
00715L,期街口布蘭特正2,57,2,55,國泰-新莊,2023-12-05,8886
2455,全新,56,2,54,國泰-新莊,2023-12-05,8886
5521,工信,114,67,47,國泰-新莊,2023-12-05,8886
00686R,群益臺灣加權反1,46,0,46,國泰-新莊,2023-12-05,8886
3231,緯創,82,37,45,國泰-新莊,2023-12-05,8886
00679B,元大美債20年,52,7,45,國泰-新莊,2023-12-05,8886
2312,金寶,41,0,41,國泰-新莊,2023-12-05,8886
020034,元大IC設計N,41,0,41,國泰-新莊,2023-12-05,8886
2356,英業達,43,2,41,國泰-新莊,2023-12-05,8886
00915,凱基優選高股息30,36,1,35,國泰-新莊,2023-12-05,8886
2329,華泰,261,226,35,國泰-新莊,2023-12-05,8886
3035,智原,59,30,29,國泰-新莊,2023-12-05,8886
2515,中工,50,25,25,國泰-新莊,2023-12-05,8886
3050,鈺德,42,17,25,國泰-新莊,2023-12-05,8886
00933B,國泰10Y+金融債,32,7,25,國泰-新莊,2023-12-05,8886
1584,精剛,25,0,25,國泰-新莊,2023-12-05,8886
2303,聯電,42,17,25,國泰-新莊,2023-12-05,8886
2888,新光金,24,0,24,國泰-新莊,2023-12-05,8886
1504,東元,37,14,23,國泰-新莊,2023-12-05,8886
2542,興富發,35,12,23,國泰-新莊,2023-12-05,8886
2442,新美齊,23,0,23,國泰-新莊,2023-12-05,8886
2637,慧洋-KY,126,104,22,國泰-新莊,2023-12-05,8886
00934,中信成長高股息,24,2,22,國泰-新莊,2023-12-05,8886
5347,世界,30,8,22,國泰-新莊,2023-12-05,8886
1605,華新,38,18,20,國泰-新莊,2023-12-05,8886
2528,皇普,20,0,20,國泰-新莊,2023-12-05,8886
00918,大華優利高填息30,22,3,19,國泰-新莊,2023-12-05,8886
00633L,富邦上証正2,20,1,19,國泰-新莊,2023-12-05,8886
8040,九暘,18,0,18,國泰-新莊,2023-12-05,8886
1513,中興電,147,129,18,國泰-新莊,2023-12-05,8886
00713,元大台灣高息低波,18,1,17,國泰-新莊,2023-12-05,8886
00655L,國泰中國A50正2,16,0,16,國泰-新莊,2023-12-05,8886
2834,臺企銀,17,1,16,國泰-新莊,2023-12-05,8886
2609,陽明,34,18,16,國泰-新莊,2023-12-05,8886
00885,富邦越南,20,4,16,國泰-新莊,2023-12-05,8886
2317,鴻海,16,0,16,國泰-新莊,2023-12-05,8886
00937B,群益ESG投等債20,536,118,418,國泰-新莊,2023-12-06,8886
00674R,期元大S＆P黃金反1,315,0,315,國泰-新莊,2023-12-06,8886
00665L,富邦�琤肭磪囓�2,331,31,300,國泰-新莊,2023-12-06,8886
3481,群創,368,157,211,國泰-新莊,2023-12-06,8886
00688L,國泰20年美債正2,199,1,198,國泰-新莊,2023-12-06,8886
00919,群益台灣精選高息,253,68,185,國泰-新莊,2023-12-06,8886
00687B,國泰20年美債,197,16,181,國泰-新莊,2023-12-06,8886
5521,工信,146,13,133,國泰-新莊,2023-12-06,8886
00637L,元大滬深300正2,187,61,126,國泰-新莊,2023-12-06,8886
00933B,國泰10Y+金融債,110,1,109,國泰-新莊,2023-12-06,8886
00679B,元大美債20年,151,59,92,國泰-新莊,2023-12-06,8886
2542,興富發,87,1,86,國泰-新莊,2023-12-06,8886
00680L,元大美債20正2,90,8,82,國泰-新莊,2023-12-06,8886
2329,華泰,142,74,68,國泰-新莊,2023-12-06,8886
00712,復華富時不動產,71,5,66,國泰-新莊,2023-12-06,8886
6186,新潤,63,0,63,國泰-新莊,2023-12-06,8886
5328,華容,50,0,50,國泰-新莊,2023-12-06,8886
00918,大華優利高填息30,74,25,49,國泰-新莊,2023-12-06,8886
2349,錸德,51,4,47,國泰-新莊,2023-12-06,8886
3479,安勤,61,19,42,國泰-新莊,2023-12-06,8886
3050,鈺德,51,9,42,國泰-新莊,2023-12-06,8886
00751B,元大AAA至A公司債,63,24,39,國泰-新莊,2023-12-06,8886
2888,新光金,41,3,38,國泰-新莊,2023-12-06,8886
00902,中信電池及儲能,37,0,37,國泰-新莊,2023-12-06,8886
6117,迎廣,166,130,36,國泰-新莊,2023-12-06,8886
00715L,期街口布蘭特正2,59,24,35,國泰-新莊,2023-12-06,8886
2313,華通,56,26,30,國泰-新莊,2023-12-06,8886
2409,友達,61,32,29,國泰-新莊,2023-12-06,8886
1513,中興電,90,61,29,國泰-新莊,2023-12-06,8886
2363,矽統,49,21,28,國泰-新莊,2023-12-06,8886
5381,合正,30,3,27,國泰-新莊,2023-12-06,8886
00753L,中信中國50正2,43,16,27,國泰-新莊,2023-12-06,8886
2489,瑞軒,26,0,26,國泰-新莊,2023-12-06,8886
1605,華新,33,7,26,國泰-新莊,2023-12-06,8886
4958,臻鼎-KY,25,0,25,國泰-新莊,2023-12-06,8886
1522,堤維西,44,19,25,國泰-新莊,2023-12-06,8886
6284,佳邦,30,6,24,國泰-新莊,2023-12-06,8886
4104,佳醫,24,0,24,國泰-新莊,2023-12-06,8886
2201,裕隆,24,1,23,國泰-新莊,2023-12-06,8886
00934,中信成長高股息,38,17,21,國泰-新莊,2023-12-06,8886
2442,新美齊,21,0,21,國泰-新莊,2023-12-06,8886
8299,群聯,20,1,19,國泰-新莊,2023-12-06,8886
2419,仲琦,84,65,19,國泰-新莊,2023-12-06,8886
1582,信錦,22,4,18,國泰-新莊,2023-12-06,8886
2357,華碩,21,3,18,國泰-新莊,2023-12-06,8886
3013,晟銘電,179,162,17,國泰-新莊,2023-12-06,8886
3567,逸昌,17,0,17,國泰-新莊,2023-12-06,8886
2344,華邦電,17,0,17,國泰-新莊,2023-12-06,8886
1529,樂事綠能,66,51,15,國泰-新莊,2023-12-06,8886
3710,連展投控,15,0,15,國泰-新莊,2023-12-06,8886
00923,群益台ESG低碳50,462,6,456,國泰-新莊,2023-12-07,8886
00919,群益台灣精選高息,569,186,383,國泰-新莊,2023-12-07,8886
00937B,群益ESG投等債20,587,278,309,國泰-新莊,2023-12-07,8886
00929,復華台灣科技優息,257,23,234,國泰-新莊,2023-12-07,8886
00715L,期街口布蘭特正2,161,2,159,國泰-新莊,2023-12-07,8886
00679B,元大美債20年,185,50,135,國泰-新莊,2023-12-07,8886
00680L,元大美債20正2,252,126,126,國泰-新莊,2023-12-07,8886
00933B,國泰10Y+金融債,161,45,116,國泰-新莊,2023-12-07,8886
2601,益航,146,31,115,國泰-新莊,2023-12-07,8886
00918,大華優利高填息30,101,1,100,國泰-新莊,2023-12-07,8886
00687B,國泰20年美債,170,71,99,國泰-新莊,2023-12-07,8886
00713,元大台灣高息低波,83,7,76,國泰-新莊,2023-12-07,8886
2399,映泰,163,96,67,國泰-新莊,2023-12-07,8886
00665L,富邦�琤肭磪囓�2,200,135,65,國泰-新莊,2023-12-07,8886
00891,中信關鍵半導體,64,3,61,國泰-新莊,2023-12-07,8886
00688L,國泰20年美債正2,90,31,59,國泰-新莊,2023-12-07,8886
3481,群創,86,40,46,國泰-新莊,2023-12-07,8886
00882,中信中國高股息,49,5,44,國泰-新莊,2023-12-07,8886
00720B,元大投資級公司債,70,27,43,國泰-新莊,2023-12-07,8886
0056,元大高股息,53,10,43,國泰-新莊,2023-12-07,8886
3041,揚智,210,169,41,國泰-新莊,2023-12-07,8886
2211,長榮鋼,44,6,38,國泰-新莊,2023-12-07,8886
00662,富邦NASDAQ,36,0,36,國泰-新莊,2023-12-07,8886
6186,新潤,36,0,36,國泰-新莊,2023-12-07,8886
1616,億泰,54,22,32,國泰-新莊,2023-12-07,8886
00853B,統一美債10年Aa-,30,0,30,國泰-新莊,2023-12-07,8886
2605,新興,44,16,28,國泰-新莊,2023-12-07,8886
2317,鴻海,30,2,28,國泰-新莊,2023-12-07,8886
4967,十銓,74,46,28,國泰-新莊,2023-12-07,8886
2882,國泰金,26,0,26,國泰-新莊,2023-12-07,8886
4909,新復興,32,7,25,國泰-新莊,2023-12-07,8886
3715,定穎投控,76,52,24,國泰-新莊,2023-12-07,8886
00712,復華富時不動產,184,161,23,國泰-新莊,2023-12-07,8886
2303,聯電,28,6,22,國泰-新莊,2023-12-07,8886
6285,啟��,23,1,22,國泰-新莊,2023-12-07,8886
2367,燿華,54,33,21,國泰-新莊,2023-12-07,8886
8085,福華,21,0,21,國泰-新莊,2023-12-07,8886
5426,振發,60,40,20,國泰-新莊,2023-12-07,8886
3047,訊舟,20,0,20,國泰-新莊,2023-12-07,8886
2528,皇普,20,0,20,國泰-新莊,2023-12-07,8886
1319,東陽,70,52,18,國泰-新莊,2023-12-07,8886
3059,華晶科,28,10,18,國泰-新莊,2023-12-07,8886
00935,野村臺灣新科技50,19,1,18,國泰-新莊,2023-12-07,8886
2324,仁寶,27,11,16,國泰-新莊,2023-12-07,8886
4958,臻鼎-KY,16,0,16,國泰-新莊,2023-12-07,8886
2543,皇昌,16,0,16,國泰-新莊,2023-12-07,8886
1618,合機,84,69,15,國泰-新莊,2023-12-07,8886
1718,中纖,15,0,15,國泰-新莊,2023-12-07,8886
2401,凌陽,23,8,15,國泰-新莊,2023-12-07,8886
2641,正德,43,29,14,國泰-新莊,2023-12-07,8886
00919,群益台灣精選高息,382,68,314,國泰-新莊,2023-12-08,8886
00882,中信中國高股息,266,12,254,國泰-新莊,2023-12-08,8886
00687B,國泰20年美債,237,20,217,國泰-新莊,2023-12-08,8886
00937B,群益ESG投等債20,282,81,201,國泰-新莊,2023-12-08,8886
00753L,中信中國50正2,171,24,147,國泰-新莊,2023-12-08,8886
00891,中信關鍵半導體,134,36,98,國泰-新莊,2023-12-08,8886
00680L,元大美債20正2,83,5,78,國泰-新莊,2023-12-08,8886
2516,新建,133,63,70,國泰-新莊,2023-12-08,8886
00665L,富邦�琤肭磪囓�2,166,100,66,國泰-新莊,2023-12-08,8886
00933B,國泰10Y+金融債,97,37,60,國泰-新莊,2023-12-08,8886
2388,威盛,125,68,57,國泰-新莊,2023-12-08,8886
00915,凱基優選高股息30,57,2,55,國泰-新莊,2023-12-08,8886
00674R,期元大S＆P黃金反1,50,0,50,國泰-新莊,2023-12-08,8886
8011,台通,39,0,39,國泰-新莊,2023-12-08,8886
3260,威剛,52,14,38,國泰-新莊,2023-12-08,8886
00679B,元大美債20年,64,26,38,國泰-新莊,2023-12-08,8886
1504,東元,51,16,35,國泰-新莊,2023-12-08,8886
3231,緯創,61,27,34,國泰-新莊,2023-12-08,8886
00688L,國泰20年美債正2,32,0,32,國泰-新莊,2023-12-08,8886
00751B,元大AAA至A公司債,32,3,29,國泰-新莊,2023-12-08,8886
1591,駿吉-KY,35,6,29,國泰-新莊,2023-12-08,8886
2312,金寶,49,21,28,國泰-新莊,2023-12-08,8886
8085,福華,25,0,25,國泰-新莊,2023-12-08,8886
2882,國泰金,27,2,25,國泰-新莊,2023-12-08,8886
4532,瑞智,22,0,22,國泰-新莊,2023-12-08,8886
1618,合機,42,21,21,國泰-新莊,2023-12-08,8886
1616,億泰,35,15,20,國泰-新莊,2023-12-08,8886
2329,華泰,80,60,20,國泰-新莊,2023-12-08,8886
1524,耿鼎,176,155,21,國泰-新莊,2023-12-08,8886
6271,同欣電,20,1,19,國泰-新莊,2023-12-08,8886
00706L,期元大S＆P日圓正2,19,0,19,國泰-新莊,2023-12-08,8886
2323,中環,20,2,18,國泰-新莊,2023-12-08,8886
00722B,群益投資級電信債,18,0,18,國泰-新莊,2023-12-08,8886
6218,豪勉,18,0,18,國泰-新莊,2023-12-08,8886
3024,憶聲,20,3,17,國泰-新莊,2023-12-08,8886
1514,亞力,189,172,17,國泰-新莊,2023-12-08,8886
00720B,元大投資級公司債,19,3,16,國泰-新莊,2023-12-08,8886
2367,燿華,24,8,16,國泰-新莊,2023-12-08,8886
6584,南俊國際,16,0,16,國泰-新莊,2023-12-08,8886
2376,技嘉,85,69,16,國泰-新莊,2023-12-08,8886
3481,群創,33,18,15,國泰-新莊,2023-12-08,8886
2889,國票金,14,0,14,國泰-新莊,2023-12-08,8886
8034,榮群,14,0,14,國泰-新莊,2023-12-08,8886
2358,廷鑫,52,38,14,國泰-新莊,2023-12-08,8886
2542,興富發,13,0,13,國泰-新莊,2023-12-08,8886
2887,台新金,13,0,13,國泰-新莊,2023-12-08,8886
00642U,期元大S＆P石油,13,0,13,國泰-新莊,2023-12-08,8886
5347,世界,17,4,13,國泰-新莊,2023-12-08,8886
2609,陽明,14,1,13,國泰-新莊,2023-12-08,8886
00918,大華優利高填息30,21,8,13,國泰-新莊,2023-12-08,8886
00919,群益台灣精選高息,585,16,569,國泰-新莊,2023-12-11,8886
00882,中信中國高股息,445,32,413,國泰-新莊,2023-12-11,8886
00937B,群益ESG投等債20,372,41,331,國泰-新莊,2023-12-11,8886
00688L,國泰20年美債正2,277,0,277,國泰-新莊,2023-12-11,8886
00665L,富邦�琤肭磪囓�2,388,158,230,國泰-新莊,2023-12-11,8886
00687B,國泰20年美債,130,0,130,國泰-新莊,2023-12-11,8886
00929,復華台灣科技優息,161,62,99,國泰-新莊,2023-12-11,8886
00637L,元大滬深300正2,558,461,97,國泰-新莊,2023-12-11,8886
5521,工信,95,10,85,國泰-新莊,2023-12-11,8886
2618,長榮航,88,10,78,國泰-新莊,2023-12-11,8886
2605,新興,127,69,58,國泰-新莊,2023-12-11,8886
2465,麗臺,77,25,52,國泰-新莊,2023-12-11,8886
2889,國票金,52,0,52,國泰-新莊,2023-12-11,8886
2002,中鋼,52,5,47,國泰-新莊,2023-12-11,8886
00679B,元大美債20年,46,0,46,國泰-新莊,2023-12-11,8886
2888,新光金,60,15,45,國泰-新莊,2023-12-11,8886
2312,金寶,81,37,44,國泰-新莊,2023-12-11,8886
1524,耿鼎,447,412,35,國泰-新莊,2023-12-11,8886
2382,廣達,44,12,32,國泰-新莊,2023-12-11,8886
5351,鈺創,94,64,30,國泰-新莊,2023-12-11,8886
00933B,國泰10Y+金融債,29,1,28,國泰-新莊,2023-12-11,8886
3234,光環,27,0,27,國泰-新莊,2023-12-11,8886
00680L,元大美債20正2,44,18,26,國泰-新莊,2023-12-11,8886
3078,僑威,35,9,26,國泰-新莊,2023-12-11,8886
4906,正文,32,9,23,國泰-新莊,2023-12-11,8886
3631,晟楠,23,0,23,國泰-新莊,2023-12-11,8886
2323,中環,24,1,23,國泰-新莊,2023-12-11,8886
2211,長榮鋼,22,0,22,國泰-新莊,2023-12-11,8886
1528,恩德,22,1,21,國泰-新莊,2023-12-11,8886
3206,志豐,20,0,20,國泰-新莊,2023-12-11,8886
5531,鄉林,20,0,20,國泰-新莊,2023-12-11,8886
6799,來頡,22,3,19,國泰-新莊,2023-12-11,8886
2883,凱基金,17,0,17,國泰-新莊,2023-12-11,8886
1605,華新,17,0,17,國泰-新莊,2023-12-11,8886
2405,輔信,21,4,17,國泰-新莊,2023-12-11,8886
2542,興富發,18,1,17,國泰-新莊,2023-12-11,8886
3051,力特,32,16,16,國泰-新莊,2023-12-11,8886
3035,智原,63,47,16,國泰-新莊,2023-12-11,8886
2886,兆豐金,17,1,16,國泰-新莊,2023-12-11,8886
3444,利機,15,0,15,國泰-新莊,2023-12-11,8886
2317,鴻海,14,0,14,國泰-新莊,2023-12-11,8886
6191,精成科,18,4,14,國泰-新莊,2023-12-11,8886
3163,波若威,18,4,14,國泰-新莊,2023-12-11,8886
3380,明泰,15,1,14,國泰-新莊,2023-12-11,8886
2330,台積電,20,7,13,國泰-新莊,2023-12-11,8886
6186,新潤,13,0,13,國泰-新莊,2023-12-11,8886
00650L,復華香港正2,13,0,13,國泰-新莊,2023-12-11,8886
2606,裕民,17,5,12,國泰-新莊,2023-12-11,8886
00764B,群益25年美債,12,0,12,國泰-新莊,2023-12-11,8886
6530,創威,29,17,12,國泰-新莊,2023-12-11,8886
2888,新光金,559,32,527,國泰-新莊,2023-12-12,8886
3694,海華,418,34,384,國泰-新莊,2023-12-12,8886
00919,群益台灣精選高息,405,149,256,國泰-新莊,2023-12-12,8886
3481,群創,422,173,249,國泰-新莊,2023-12-12,8886
00929,復華台灣科技優息,334,139,195,國泰-新莊,2023-12-12,8886
00922,國泰台灣領袖50,151,13,138,國泰-新莊,2023-12-12,8886
00923,群益台ESG低碳50,156,25,131,國泰-新莊,2023-12-12,8886
00918,大華優利高填息30,162,62,100,國泰-新莊,2023-12-12,8886
00687B,國泰20年美債,114,21,93,國泰-新莊,2023-12-12,8886
00756B,群益投等新興公債,88,0,88,國泰-新莊,2023-12-12,8886
5426,振發,131,46,85,國泰-新莊,2023-12-12,8886
2889,國票金,81,0,81,國泰-新莊,2023-12-12,8886
2609,陽明,131,51,80,國泰-新莊,2023-12-12,8886
3231,緯創,109,30,79,國泰-新莊,2023-12-12,8886
3264,欣銓,83,4,79,國泰-新莊,2023-12-12,8886
00632R,元大台灣50反1,76,5,71,國泰-新莊,2023-12-12,8886
2002,中鋼,106,42,64,國泰-新莊,2023-12-12,8886
2834,臺企銀,77,13,64,國泰-新莊,2023-12-12,8886
00688L,國泰20年美債正2,68,7,61,國泰-新莊,2023-12-12,8886
6016,康和證,55,0,55,國泰-新莊,2023-12-12,8886
2516,新建,65,11,54,國泰-新莊,2023-12-12,8886
2465,麗臺,48,1,47,國泰-新莊,2023-12-12,8886
2606,裕民,50,7,43,國泰-新莊,2023-12-12,8886
3706,神達,57,16,41,國泰-新莊,2023-12-12,8886
2409,友達,67,28,39,國泰-新莊,2023-12-12,8886
2883,凱基金,43,5,38,國泰-新莊,2023-12-12,8886
8112,至上,117,80,37,國泰-新莊,2023-12-12,8886
2363,矽統,78,45,33,國泰-新莊,2023-12-12,8886
00937B,群益ESG投等債20,101,69,32,國泰-新莊,2023-12-12,8886
8096,擎亞,48,16,32,國泰-新莊,2023-12-12,8886
5521,工信,64,32,32,國泰-新莊,2023-12-12,8886
3285,微端,29,1,28,國泰-新莊,2023-12-12,8886
00751B,元大AAA至A公司債,27,0,27,國泰-新莊,2023-12-12,8886
1591,駿吉-KY,32,5,27,國泰-新莊,2023-12-12,8886
00850,元大臺灣ESG永續,31,5,26,國泰-新莊,2023-12-12,8886
4979,華星光,38,12,26,國泰-新莊,2023-12-12,8886
2405,輔信,25,0,25,國泰-新莊,2023-12-12,8886
4909,新復興,30,5,25,國泰-新莊,2023-12-12,8886
2542,興富發,24,0,24,國泰-新莊,2023-12-12,8886
1612,宏泰,79,55,24,國泰-新莊,2023-12-12,8886
2882,國泰金,32,8,24,國泰-新莊,2023-12-12,8886
5347,世界,27,4,23,國泰-新莊,2023-12-12,8886
8936,國統,66,45,21,國泰-新莊,2023-12-12,8886
00857B,永豐20年美公債,21,0,21,國泰-新莊,2023-12-12,8886
00712,復華富時不動產,31,10,21,國泰-新莊,2023-12-12,8886
4967,十銓,38,18,20,國泰-新莊,2023-12-12,8886
5351,鈺創,33,14,19,國泰-新莊,2023-12-12,8886
2915,潤泰全,19,0,19,國泰-新莊,2023-12-12,8886
3339,泰谷,20,1,19,國泰-新莊,2023-12-12,8886
3631,晟楠,19,0,19,國泰-新莊,2023-12-12,8886
2888,新光金,578,29,549,國泰-新莊,2023-12-13,8886
00919,群益台灣精選高息,602,82,520,國泰-新莊,2023-12-13,8886
00715L,期街口布蘭特正2,244,32,212,國泰-新莊,2023-12-13,8886
00687B,國泰20年美債,216,4,212,國泰-新莊,2023-12-13,8886
2883,凱基金,164,25,139,國泰-新莊,2023-12-13,8886
00902,中信電池及儲能,117,0,117,國泰-新莊,2023-12-13,8886
3481,群創,176,93,83,國泰-新莊,2023-12-13,8886
3264,欣銓,84,1,83,國泰-新莊,2023-12-13,8886
00918,大華優利高填息30,83,5,78,國泰-新莊,2023-12-13,8886
3011,今皓,75,0,75,國泰-新莊,2023-12-13,8886
5426,振發,84,10,74,國泰-新莊,2023-12-13,8886
00933B,國泰10Y+金融債,72,7,65,國泰-新莊,2023-12-13,8886
9105,泰金寶-DR,131,70,61,國泰-新莊,2023-12-13,8886
00882,中信中國高股息,77,22,55,國泰-新莊,2023-12-13,8886
00632R,元大台灣50反1,57,4,53,國泰-新莊,2023-12-13,8886
2609,陽明,60,10,50,國泰-新莊,2023-12-13,8886
6265,方土昶,45,1,44,國泰-新莊,2023-12-13,8886
6505,台塑化,44,0,44,國泰-新莊,2023-12-13,8886
00753L,中信中國50正2,46,3,43,國泰-新莊,2023-12-13,8886
00665L,富邦�琤肭磪囓�2,350,308,42,國泰-新莊,2023-12-13,8886
2399,映泰,78,41,37,國泰-新莊,2023-12-13,8886
00720B,元大投資級公司債,37,1,36,國泰-新莊,2023-12-13,8886
00931B,統一美債20年,34,0,34,國泰-新莊,2023-12-13,8886
2882,國泰金,36,2,34,國泰-新莊,2023-12-13,8886
00915,凱基優選高股息30,38,4,34,國泰-新莊,2023-12-13,8886
00636,國泰中國A50,31,0,31,國泰-新莊,2023-12-13,8886
00857B,永豐20年美公債,31,1,30,國泰-新莊,2023-12-13,8886
1301,台塑,27,0,27,國泰-新莊,2023-12-13,8886
00922,國泰台灣領袖50,35,9,26,國泰-新莊,2023-12-13,8886
2618,長榮航,52,27,25,國泰-新莊,2023-12-13,8886
2201,裕隆,42,17,25,國泰-新莊,2023-12-13,8886
3051,力特,67,42,25,國泰-新莊,2023-12-13,8886
3623,富晶通,46,22,24,國泰-新莊,2023-12-13,8886
1618,合機,33,11,22,國泰-新莊,2023-12-13,8886
00936,台新永續高息中小,23,2,21,國泰-新莊,2023-12-13,8886
3548,兆利,20,1,19,國泰-新莊,2023-12-13,8886
3035,智原,62,43,19,國泰-新莊,2023-12-13,8886
2317,鴻海,20,2,18,國泰-新莊,2023-12-13,8886
2427,三商電,26,8,18,國泰-新莊,2023-12-13,8886
1732,毛寶,18,0,18,國泰-新莊,2023-12-13,8886
2417,圓剛,27,9,18,國泰-新莊,2023-12-13,8886
1526,日馳,17,0,17,國泰-新莊,2023-12-13,8886
00655L,國泰中國A50正2,17,0,17,國泰-新莊,2023-12-13,8886
00937B,群益ESG投等債20,73,57,16,國泰-新莊,2023-12-13,8886
00692,富邦公司治理,23,7,16,國泰-新莊,2023-12-13,8886
00688L,國泰20年美債正2,19,4,15,國泰-新莊,2023-12-13,8886
3260,威剛,15,0,15,國泰-新莊,2023-12-13,8886
00921,兆豐龍頭等權重,15,0,15,國泰-新莊,2023-12-13,8886
00934,中信成長高股息,18,4,14,國泰-新莊,2023-12-13,8886
00642U,期元大S＆P石油,14,0,14,國泰-新莊,2023-12-13,8886
00919,群益台灣精選高息,850,176,674,國泰-新莊,2023-12-14,8886
00632R,元大台灣50反1,1087,527,560,國泰-新莊,2023-12-14,8886
00929,復華台灣科技優息,645,235,410,國泰-新莊,2023-12-14,8886
00636,國泰中國A50,291,0,291,國泰-新莊,2023-12-14,8886
00687B,國泰20年美債,337,53,284,國泰-新莊,2023-12-14,8886
00637L,元大滬深300正2,546,304,242,國泰-新莊,2023-12-14,8886
00933B,國泰10Y+金融債,148,12,136,國泰-新莊,2023-12-14,8886
00936,台新永續高息中小,104,2,102,國泰-新莊,2023-12-14,8886
00882,中信中國高股息,124,31,93,國泰-新莊,2023-12-14,8886
00934,中信成長高股息,95,3,92,國泰-新莊,2023-12-14,8886
00680L,元大美債20正2,179,88,91,國泰-新莊,2023-12-14,8886
00753L,中信中國50正2,157,90,67,國泰-新莊,2023-12-14,8886
3481,群創,174,110,64,國泰-新莊,2023-12-14,8886
1314,中石化,59,3,56,國泰-新莊,2023-12-14,8886
6205,詮欣,46,0,46,國泰-新莊,2023-12-14,8886
2419,仲琦,69,26,43,國泰-新莊,2023-12-14,8886
2313,華通,240,197,43,國泰-新莊,2023-12-14,8886
8011,台通,67,24,43,國泰-新莊,2023-12-14,8886
00720B,元大投資級公司債,61,20,41,國泰-新莊,2023-12-14,8886
00665L,富邦�琤肭磪囓�2,270,230,40,國泰-新莊,2023-12-14,8886
00751B,元大AAA至A公司債,71,32,39,國泰-新莊,2023-12-14,8886
2329,華泰,52,14,38,國泰-新莊,2023-12-14,8886
00713,元大台灣高息低波,56,23,33,國泰-新莊,2023-12-14,8886
00896,中信綠能及電動車,32,2,30,國泰-新莊,2023-12-14,8886
00761B,國泰A級公司債,30,0,30,國泰-新莊,2023-12-14,8886
6139,亞翔,45,17,28,國泰-新莊,2023-12-14,8886
6237,驊訊,29,1,28,國泰-新莊,2023-12-14,8886
6290,良維,28,1,27,國泰-新莊,2023-12-14,8886
2387,精元,37,10,27,國泰-新莊,2023-12-14,8886
2365,昆盈,390,363,27,國泰-新莊,2023-12-14,8886
2324,仁寶,45,19,26,國泰-新莊,2023-12-14,8886
6206,飛捷,25,0,25,國泰-新莊,2023-12-14,8886
3715,定穎投控,74,50,24,國泰-新莊,2023-12-14,8886
2609,陽明,28,4,24,國泰-新莊,2023-12-14,8886
00655L,國泰中國A50正2,48,25,23,國泰-新莊,2023-12-14,8886
9105,泰金寶-DR,34,12,22,國泰-新莊,2023-12-14,8886
2358,廷鑫,27,5,22,國泰-新莊,2023-12-14,8886
2002,中鋼,37,15,22,國泰-新莊,2023-12-14,8886
3051,力特,87,66,21,國泰-新莊,2023-12-14,8886
1612,宏泰,22,1,21,國泰-新莊,2023-12-14,8886
00795B,中信美國公債20年,19,0,19,國泰-新莊,2023-12-14,8886
2312,金寶,26,7,19,國泰-新莊,2023-12-14,8886
6285,啟��,123,104,19,國泰-新莊,2023-12-14,8886
3122,笙泉,27,9,18,國泰-新莊,2023-12-14,8886
2610,華航,32,15,17,國泰-新莊,2023-12-14,8886
00922,國泰台灣領袖50,40,23,17,國泰-新莊,2023-12-14,8886
00921,兆豐龍頭等權重,19,3,16,國泰-新莊,2023-12-14,8886
1524,耿鼎,85,69,16,國泰-新莊,2023-12-14,8886
3211,順達,22,6,16,國泰-新莊,2023-12-14,8886
00931B,統一美債20年,106,91,15,國泰-新莊,2023-12-14,8886
00929,復華台灣科技優息,769,377,392,國泰-新莊,2023-12-15,8886
00919,群益台灣精選高息,602,337,265,國泰-新莊,2023-12-15,8886
00933B,國泰10Y+金融債,246,9,237,國泰-新莊,2023-12-15,8886
00687B,國泰20年美債,194,10,184,國泰-新莊,2023-12-15,8886
00720B,元大投資級公司債,213,32,181,國泰-新莊,2023-12-15,8886
00680L,元大美債20正2,206,51,155,國泰-新莊,2023-12-15,8886
2356,英業達,642,487,155,國泰-新莊,2023-12-15,8886
00751B,元大AAA至A公司債,148,28,120,國泰-新莊,2023-12-15,8886
00934,中信成長高股息,119,3,116,國泰-新莊,2023-12-15,8886
00918,大華優利高填息30,135,38,97,國泰-新莊,2023-12-15,8886
2618,長榮航,100,9,91,國泰-新莊,2023-12-15,8886
00637L,元大滬深300正2,405,314,91,國泰-新莊,2023-12-15,8886
00632R,元大台灣50反1,204,121,83,國泰-新莊,2023-12-15,8886
2010,春源,83,11,72,國泰-新莊,2023-12-15,8886
2812,台中銀,73,4,69,國泰-新莊,2023-12-15,8886
1584,精剛,100,38,62,國泰-新莊,2023-12-15,8886
00679B,元大美債20年,125,66,59,國泰-新莊,2023-12-15,8886
2363,矽統,546,491,55,國泰-新莊,2023-12-15,8886
00885,富邦越南,61,6,55,國泰-新莊,2023-12-15,8886
3706,神達,65,11,54,國泰-新莊,2023-12-15,8886
00915,凱基優選高股息30,61,7,54,國泰-新莊,2023-12-15,8886
00850,元大臺灣ESG永續,58,8,50,國泰-新莊,2023-12-15,8886
00935,野村臺灣新科技50,45,0,45,國泰-新莊,2023-12-15,8886
2801,彰銀,45,0,45,國泰-新莊,2023-12-15,8886
3715,定穎投控,60,17,43,國泰-新莊,2023-12-15,8886
2481,強茂,60,17,43,國泰-新莊,2023-12-15,8886
00931B,統一美債20年,94,52,42,國泰-新莊,2023-12-15,8886
00655L,國泰中國A50正2,38,3,35,國泰-新莊,2023-12-15,8886
6233,旺玖,81,46,35,國泰-新莊,2023-12-15,8886
5426,振發,44,11,33,國泰-新莊,2023-12-15,8886
3231,緯創,54,22,32,國泰-新莊,2023-12-15,8886
00662,富邦NASDAQ,28,0,28,國泰-新莊,2023-12-15,8886
5521,工信,56,29,27,國泰-新莊,2023-12-15,8886
3041,揚智,39,12,27,國泰-新莊,2023-12-15,8886
9105,泰金寶-DR,71,44,27,國泰-新莊,2023-12-15,8886
2884,玉山金,37,11,26,國泰-新莊,2023-12-15,8886
6139,亞翔,36,11,25,國泰-新莊,2023-12-15,8886
2401,凌陽,31,7,24,國泰-新莊,2023-12-15,8886
00795B,中信美國公債20年,25,2,23,國泰-新莊,2023-12-15,8886
3005,神基,64,41,23,國泰-新莊,2023-12-15,8886
00713,元大台灣高息低波,36,14,22,國泰-新莊,2023-12-15,8886
1612,宏泰,27,5,22,國泰-新莊,2023-12-15,8886
00930,永豐ESG低碳高息,21,1,20,國泰-新莊,2023-12-15,8886
3049,精金,40,20,20,國泰-新莊,2023-12-15,8886
6235,華孚,26,7,19,國泰-新莊,2023-12-15,8886
00857B,永豐20年美公債,18,1,17,國泰-新莊,2023-12-15,8886
2465,麗臺,18,2,16,國泰-新莊,2023-12-15,8886
5011,久陽,21,5,16,國泰-新莊,2023-12-15,8886
3213,茂訊,17,1,16,國泰-新莊,2023-12-15,8886
6462,神盾,31,16,15,國泰-新莊,2023-12-15,8886
00919,群益台灣精選高息,770,220,550,國泰-新莊,2023-12-18,8886
00665L,富邦�琤肭磪囓�2,497,65,432,國泰-新莊,2023-12-18,8886
00688L,國泰20年美債正2,447,26,421,國泰-新莊,2023-12-18,8886
00929,復華台灣科技優息,598,399,199,國泰-新莊,2023-12-18,8886
2002,中鋼,189,33,156,國泰-新莊,2023-12-18,8886
1301,台塑,157,2,155,國泰-新莊,2023-12-18,8886
00931B,統一美債20年,158,11,147,國泰-新莊,2023-12-18,8886
00753L,中信中國50正2,141,10,131,國泰-新莊,2023-12-18,8886
2405,輔信,125,1,124,國泰-新莊,2023-12-18,8886
00679B,元大美債20年,155,52,103,國泰-新莊,2023-12-18,8886
2611,志信,103,0,103,國泰-新莊,2023-12-18,8886
00687B,國泰20年美債,125,33,92,國泰-新莊,2023-12-18,8886
2610,華航,151,74,77,國泰-新莊,2023-12-18,8886
00885,富邦越南,64,1,63,國泰-新莊,2023-12-18,8886
2883,凱基金,79,21,58,國泰-新莊,2023-12-18,8886
2603,長榮,140,83,57,國泰-新莊,2023-12-18,8886
00882,中信中國高股息,59,7,52,國泰-新莊,2023-12-18,8886
2344,華邦電,143,92,51,國泰-新莊,2023-12-18,8886
00935,野村臺灣新科技50,48,0,48,國泰-新莊,2023-12-18,8886
00713,元大台灣高息低波,49,2,47,國泰-新莊,2023-12-18,8886
00720B,元大投資級公司債,74,39,35,國泰-新莊,2023-12-18,8886
6113,亞矽,35,0,35,國泰-新莊,2023-12-18,8886
2515,中工,74,40,34,國泰-新莊,2023-12-18,8886
00933B,國泰10Y+金融債,88,54,34,國泰-新莊,2023-12-18,8886
6191,精成科,45,13,32,國泰-新莊,2023-12-18,8886
00937B,群益ESG投等債20,127,96,31,國泰-新莊,2023-12-18,8886
2481,強茂,34,3,31,國泰-新莊,2023-12-18,8886
00751B,元大AAA至A公司債,31,1,30,國泰-新莊,2023-12-18,8886
00637L,元大滬深300正2,172,142,30,國泰-新莊,2023-12-18,8886
5521,工信,63,33,30,國泰-新莊,2023-12-18,8886
0056,元大高股息,66,36,30,國泰-新莊,2023-12-18,8886
1612,宏泰,29,0,29,國泰-新莊,2023-12-18,8886
2615,萬海,146,117,29,國泰-新莊,2023-12-18,8886
1319,東陽,42,14,28,國泰-新莊,2023-12-18,8886
2618,長榮航,135,109,26,國泰-新莊,2023-12-18,8886
5515,建國,28,5,23,國泰-新莊,2023-12-18,8886
2329,華泰,32,9,23,國泰-新莊,2023-12-18,8886
2023,燁輝,186,165,21,國泰-新莊,2023-12-18,8886
020034,元大IC設計N,21,0,21,國泰-新莊,2023-12-18,8886
3522,御嵿,22,1,21,國泰-新莊,2023-12-18,8886
2812,台中銀,21,0,21,國泰-新莊,2023-12-18,8886
00724B,群益投資級金融債,20,0,20,國泰-新莊,2023-12-18,8886
00853B,統一美債10年Aa-,20,0,20,國泰-新莊,2023-12-18,8886
4532,瑞智,20,0,20,國泰-新莊,2023-12-18,8886
00902,中信電池及儲能,19,0,19,國泰-新莊,2023-12-18,8886
2401,凌陽,18,0,18,國泰-新莊,2023-12-18,8886
2352,佳世達,18,0,18,國泰-新莊,2023-12-18,8886
3715,定穎投控,35,17,18,國泰-新莊,2023-12-18,8886
2637,慧洋-KY,26,9,17,國泰-新莊,2023-12-18,8886
2801,彰銀,18,1,17,國泰-新莊,2023-12-18,8886
00919,群益台灣精選高息,571,269,302,國泰-新莊,2023-12-19,8886
00665L,富邦�琤肭磪囓�2,261,23,238,國泰-新莊,2023-12-19,8886
00688L,國泰20年美債正2,239,57,182,國泰-新莊,2023-12-19,8886
2356,英業達,209,83,126,國泰-新莊,2023-12-19,8886
00933B,國泰10Y+金融債,134,10,124,國泰-新莊,2023-12-19,8886
00687B,國泰20年美債,152,55,97,國泰-新莊,2023-12-19,8886
00712,復華富時不動產,106,13,93,國泰-新莊,2023-12-19,8886
4133,亞諾法,84,3,81,國泰-新莊,2023-12-19,8886
00937B,群益ESG投等債20,134,57,77,國泰-新莊,2023-12-19,8886
00882,中信中國高股息,81,5,76,國泰-新莊,2023-12-19,8886
1612,宏泰,73,1,72,國泰-新莊,2023-12-19,8886
2891,中信金,72,1,71,國泰-新莊,2023-12-19,8886
00915,凱基優選高股息30,76,14,62,國泰-新莊,2023-12-19,8886
00878,國泰永續高股息,153,92,61,國泰-新莊,2023-12-19,8886
1815,富喬,85,26,59,國泰-新莊,2023-12-19,8886
2208,台船,54,0,54,國泰-新莊,2023-12-19,8886
1314,中石化,58,8,50,國泰-新莊,2023-12-19,8886
2303,聯電,53,5,48,國泰-新莊,2023-12-19,8886
2618,長榮航,88,43,45,國泰-新莊,2023-12-19,8886
0056,元大高股息,95,53,42,國泰-新莊,2023-12-19,8886
2542,興富發,42,2,40,國泰-新莊,2023-12-19,8886
1605,華新,48,8,40,國泰-新莊,2023-12-19,8886
00936,台新永續高息中小,41,7,34,國泰-新莊,2023-12-19,8886
2888,新光金,58,26,32,國泰-新莊,2023-12-19,8886
3481,群創,74,42,32,國泰-新莊,2023-12-19,8886
2887,台新金,32,1,31,國泰-新莊,2023-12-19,8886
1504,東元,37,6,31,國泰-新莊,2023-12-19,8886
6188,廣明,30,0,30,國泰-新莊,2023-12-19,8886
00850,元大臺灣ESG永續,30,0,30,國泰-新莊,2023-12-19,8886
2344,華邦電,70,41,29,國泰-新莊,2023-12-19,8886
00935,野村臺灣新科技50,33,5,28,國泰-新莊,2023-12-19,8886
5351,鈺創,29,2,27,國泰-新莊,2023-12-19,8886
9945,潤泰新,27,1,26,國泰-新莊,2023-12-19,8886
6248,沛波,25,0,25,國泰-新莊,2023-12-19,8886
2610,華航,63,39,24,國泰-新莊,2023-12-19,8886
2882,國泰金,25,2,23,國泰-新莊,2023-12-19,8886
2409,友達,23,0,23,國泰-新莊,2023-12-19,8886
00932,兆豐永續高息等權,22,0,22,國泰-新莊,2023-12-19,8886
2352,佳世達,24,2,22,國泰-新莊,2023-12-19,8886
1460,宏遠,21,0,21,國泰-新莊,2023-12-19,8886
00902,中信電池及儲能,20,0,20,國泰-新莊,2023-12-19,8886
00931B,統一美債20年,49,29,20,國泰-新莊,2023-12-19,8886
00918,大華優利高填息30,39,19,20,國泰-新莊,2023-12-19,8886
00772B,中信高評級公司債,33,13,20,國泰-新莊,2023-12-19,8886
4420,光明,20,0,20,國泰-新莊,2023-12-19,8886
6191,精成科,39,20,19,國泰-新莊,2023-12-19,8886
1528,恩德,20,0,20,國泰-新莊,2023-12-19,8886
3631,晟楠,19,0,19,國泰-新莊,2023-12-19,8886
2465,麗臺,30,11,19,國泰-新莊,2023-12-19,8886
6443,元晶,49,31,18,國泰-新莊,2023-12-19,8886
00632R,元大台灣50反1,748,6,742,國泰-新莊,2023-12-20,8886
00929,復華台灣科技優息,532,60,472,國泰-新莊,2023-12-20,8886
00919,群益台灣精選高息,346,83,263,國泰-新莊,2023-12-20,8886
00937B,群益ESG投等債20,180,30,150,國泰-新莊,2023-12-20,8886
2884,玉山金,105,28,77,國泰-新莊,2023-12-20,8886
2516,新建,113,56,57,國泰-新莊,2023-12-20,8886
00930,永豐ESG低碳高息,56,0,56,國泰-新莊,2023-12-20,8886
2609,陽明,263,214,49,國泰-新莊,2023-12-20,8886
4915,致伸,51,6,45,國泰-新莊,2023-12-20,8886
2888,新光金,45,1,44,國泰-新莊,2023-12-20,8886
00934,中信成長高股息,43,2,41,國泰-新莊,2023-12-20,8886
6147,頎邦,39,1,38,國泰-新莊,2023-12-20,8886
00688L,國泰20年美債正2,44,6,38,國泰-新莊,2023-12-20,8886
00882,中信中國高股息,38,4,34,國泰-新莊,2023-12-20,8886
00753L,中信中國50正2,39,5,34,國泰-新莊,2023-12-20,8886
3694,海華,47,13,34,國泰-新莊,2023-12-20,8886
2891,中信金,38,6,32,國泰-新莊,2023-12-20,8886
1905,華紙,34,2,32,國泰-新莊,2023-12-20,8886
8096,擎亞,33,5,28,國泰-新莊,2023-12-20,8886
2886,兆豐金,30,2,28,國泰-新莊,2023-12-20,8886
00636,國泰中國A50,25,0,25,國泰-新莊,2023-12-20,8886
2618,長榮航,37,13,24,國泰-新莊,2023-12-20,8886
3035,智原,55,32,23,國泰-新莊,2023-12-20,8886
1815,富喬,50,27,23,國泰-新莊,2023-12-20,8886
3178,公準,24,2,22,國泰-新莊,2023-12-20,8886
00679B,元大美債20年,33,11,22,國泰-新莊,2023-12-20,8886
2882,國泰金,26,5,21,國泰-新莊,2023-12-20,8886
1326,台化,21,0,21,國泰-新莊,2023-12-20,8886
00900,富邦特選高股息30,25,5,20,國泰-新莊,2023-12-20,8886
00935,野村臺灣新科技50,21,1,20,國泰-新莊,2023-12-20,8886
1316,上曜,20,0,20,國泰-新莊,2023-12-20,8886
9919,康那香,23,4,19,國泰-新莊,2023-12-20,8886
00891,中信關鍵半導體,21,3,18,國泰-新莊,2023-12-20,8886
2303,聯電,31,14,17,國泰-新莊,2023-12-20,8886
00713,元大台灣高息低波,18,1,17,國泰-新莊,2023-12-20,8886
2371,大同,28,12,16,國泰-新莊,2023-12-20,8886
2834,臺企銀,18,2,16,國泰-新莊,2023-12-20,8886
5009,榮剛,16,0,16,國泰-新莊,2023-12-20,8886
2892,第一金,16,0,16,國泰-新莊,2023-12-20,8886
00922,國泰台灣領袖50,21,8,13,國泰-新莊,2023-12-20,8886
5425,台半,34,21,13,國泰-新莊,2023-12-20,8886
2454,聯發科,12,0,12,國泰-新莊,2023-12-20,8886
5880,合庫金,14,2,12,國泰-新莊,2023-12-20,8886
2492,華新科,14,3,11,國泰-新莊,2023-12-20,8886
00724B,群益投資級金融債,11,0,11,國泰-新莊,2023-12-20,8886
2023,燁輝,30,19,11,國泰-新莊,2023-12-20,8886
8215,明基材,11,0,11,國泰-新莊,2023-12-20,8886
9904,寶成,16,6,10,國泰-新莊,2023-12-20,8886
3234,光環,10,0,10,國泰-新莊,2023-12-20,8886
00923,群益台ESG低碳50,23,13,10,國泰-新莊,2023-12-20,8886
00919,群益台灣精選高息,468,42,426,國泰-新莊,2023-12-21,8886
9105,泰金寶-DR,238,20,218,國泰-新莊,2023-12-21,8886
00937B,群益ESG投等債20,163,19,144,國泰-新莊,2023-12-21,8886
00688L,國泰20年美債正2,110,4,106,國泰-新莊,2023-12-21,8886
2883,凱基金,107,21,86,國泰-新莊,2023-12-21,8886
00665L,富邦�琤肭磪囓�2,181,110,71,國泰-新莊,2023-12-21,8886
00933B,國泰10Y+金融債,81,12,69,國泰-新莊,2023-12-21,8886
00878,國泰永續高股息,153,86,67,國泰-新莊,2023-12-21,8886
2324,仁寶,289,222,67,國泰-新莊,2023-12-21,8886
0056,元大高股息,111,54,57,國泰-新莊,2023-12-21,8886
00885,富邦越南,53,0,53,國泰-新莊,2023-12-21,8886
00687B,國泰20年美債,62,11,51,國泰-新莊,2023-12-21,8886
00662,富邦NASDAQ,40,1,39,國泰-新莊,2023-12-21,8886
00753L,中信中國50正2,84,45,39,國泰-新莊,2023-12-21,8886
4915,致伸,35,1,34,國泰-新莊,2023-12-21,8886
2303,聯電,56,23,33,國泰-新莊,2023-12-21,8886
8110,華東,60,29,31,國泰-新莊,2023-12-21,8886
6205,詮欣,30,1,29,國泰-新莊,2023-12-21,8886
00636,國泰中國A50,27,0,27,國泰-新莊,2023-12-21,8886
2886,兆豐金,36,9,27,國泰-新莊,2023-12-21,8886
00679B,元大美債20年,48,21,27,國泰-新莊,2023-12-21,8886
2388,威盛,49,24,25,國泰-新莊,2023-12-21,8886
00936,台新永續高息中小,25,1,24,國泰-新莊,2023-12-21,8886
5521,工信,80,56,24,國泰-新莊,2023-12-21,8886
1732,毛寶,87,65,22,國泰-新莊,2023-12-21,8886
3035,智原,54,32,22,國泰-新莊,2023-12-21,8886
1466,聚隆,29,8,21,國泰-新莊,2023-12-21,8886
2201,裕隆,21,0,21,國泰-新莊,2023-12-21,8886
2887,台新金,23,2,21,國泰-新莊,2023-12-21,8886
2610,華航,51,31,20,國泰-新莊,2023-12-21,8886
00720B,元大投資級公司債,27,8,19,國泰-新莊,2023-12-21,8886
9919,康那香,294,275,19,國泰-新莊,2023-12-21,8886
4707,磐亞,19,0,19,國泰-新莊,2023-12-21,8886
2353,宏��,216,197,19,國泰-新莊,2023-12-21,8886
2542,興富發,18,0,18,國泰-新莊,2023-12-21,8886
00923,群益台ESG低碳50,20,3,17,國泰-新莊,2023-12-21,8886
9949,琉園,17,0,17,國泰-新莊,2023-12-21,8886
2634,漢翔,28,12,16,國泰-新莊,2023-12-21,8886
3711,日月光投控,32,16,16,國泰-新莊,2023-12-21,8886
2330,台積電,22,6,16,國泰-新莊,2023-12-21,8886
2603,長榮,148,133,15,國泰-新莊,2023-12-21,8886
3548,兆利,22,8,14,國泰-新莊,2023-12-21,8886
2882,國泰金,14,0,14,國泰-新莊,2023-12-21,8886
3704,合勤控,15,1,14,國泰-新莊,2023-12-21,8886
00757,統一FANG+,23,10,13,國泰-新莊,2023-12-21,8886
2405,輔信,13,0,13,國泰-新莊,2023-12-21,8886
00772B,中信高評級公司債,13,1,12,國泰-新莊,2023-12-21,8886
2312,金寶,29,17,12,國泰-新莊,2023-12-21,8886
1568,倉佑,12,0,12,國泰-新莊,2023-12-21,8886
2032,新鋼,14,2,12,國泰-新莊,2023-12-21,8886
00632R,元大台灣50反1,317,3,314,國泰-新莊,2023-12-22,8886
6116,彩晶,217,13,204,國泰-新莊,2023-12-22,8886
00919,群益台灣精選高息,196,32,164,國泰-新莊,2023-12-22,8886
5009,榮剛,190,32,158,國泰-新莊,2023-12-22,8886
2515,中工,339,189,150,國泰-新莊,2023-12-22,8886
00687B,國泰20年美債,139,19,120,國泰-新莊,2023-12-22,8886
00937B,群益ESG投等債20,173,75,98,國泰-新莊,2023-12-22,8886
00933B,國泰10Y+金融債,255,168,87,國泰-新莊,2023-12-22,8886
00680L,元大美債20正2,138,69,69,國泰-新莊,2023-12-22,8886
00927,群益半導體收益,54,0,54,國泰-新莊,2023-12-22,8886
00915,凱基優選高股息30,55,4,51,國泰-新莊,2023-12-22,8886
2356,英業達,182,132,50,國泰-新莊,2023-12-22,8886
00931B,統一美債20年,54,5,49,國泰-新莊,2023-12-22,8886
2412,中華電,43,0,43,國泰-新莊,2023-12-22,8886
3346,麗清,108,67,41,國泰-新莊,2023-12-22,8886
2014,中鴻,58,19,39,國泰-新莊,2023-12-22,8886
00753L,中信中國50正2,99,60,39,國泰-新莊,2023-12-22,8886
6205,詮欣,40,4,36,國泰-新莊,2023-12-22,8886
00713,元大台灣高息低波,36,0,36,國泰-新莊,2023-12-22,8886
1308,亞聚,35,0,35,國泰-新莊,2023-12-22,8886
00679B,元大美債20年,81,46,35,國泰-新莊,2023-12-22,8886
3231,緯創,59,33,26,國泰-新莊,2023-12-22,8886
00756B,群益投等新興公債,25,0,25,國泰-新莊,2023-12-22,8886
00751B,元大AAA至A公司債,36,12,24,國泰-新莊,2023-12-22,8886
2882,國泰金,24,1,23,國泰-新莊,2023-12-22,8886
00929,復華台灣科技優息,113,91,22,國泰-新莊,2023-12-22,8886
2201,裕隆,40,18,22,國泰-新莊,2023-12-22,8886
2801,彰銀,21,0,21,國泰-新莊,2023-12-22,8886
6443,元晶,25,4,21,國泰-新莊,2023-12-22,8886
1463,強盛新,20,0,20,國泰-新莊,2023-12-22,8886
1402,遠東新,20,0,20,國泰-新莊,2023-12-22,8886
3631,晟楠,19,0,19,國泰-新莊,2023-12-22,8886
00692,富邦公司治理,19,0,19,國泰-新莊,2023-12-22,8886
2883,凱基金,18,0,18,國泰-新莊,2023-12-22,8886
2313,華通,42,24,18,國泰-新莊,2023-12-22,8886
00636,國泰中國A50,19,1,18,國泰-新莊,2023-12-22,8886
5426,振發,24,6,18,國泰-新莊,2023-12-22,8886
2892,第一金,17,0,17,國泰-新莊,2023-12-22,8886
2888,新光金,17,0,17,國泰-新莊,2023-12-22,8886
3515,華擎,19,2,17,國泰-新莊,2023-12-22,8886
2323,中環,23,9,14,國泰-新莊,2023-12-22,8886
2331,精英,46,33,13,國泰-新莊,2023-12-22,8886
1524,耿鼎,14,1,13,國泰-新莊,2023-12-22,8886
5469,瀚宇博,13,0,13,國泰-新莊,2023-12-22,8886
6770,力積電,19,6,13,國泰-新莊,2023-12-22,8886
00885,富邦越南,23,11,12,國泰-新莊,2023-12-22,8886
2355,敬鵬,20,8,12,國泰-新莊,2023-12-22,8886
00772B,中信高評級公司債,13,1,12,國泰-新莊,2023-12-22,8886
1326,台化,12,0,12,國泰-新莊,2023-12-22,8886
6139,亞翔,16,5,11,國泰-新莊,2023-12-22,8886
00632R,元大台灣50反1,783,5,778,國泰-新莊,2023-12-25,8886
00929,復華台灣科技優息,311,82,229,國泰-新莊,2023-12-25,8886
00919,群益台灣精選高息,426,212,214,國泰-新莊,2023-12-25,8886
00680L,元大美債20正2,196,10,186,國泰-新莊,2023-12-25,8886
00688L,國泰20年美債正2,221,41,180,國泰-新莊,2023-12-25,8886
00885,富邦越南,102,4,98,國泰-新莊,2023-12-25,8886
1314,中石化,103,6,97,國泰-新莊,2023-12-25,8886
2609,陽明,403,308,95,國泰-新莊,2023-12-25,8886
9105,泰金寶-DR,206,134,72,國泰-新莊,2023-12-25,8886
2324,仁寶,335,265,70,國泰-新莊,2023-12-25,8886
5608,四維航,56,8,48,國泰-新莊,2023-12-25,8886
00687B,國泰20年美債,60,13,47,國泰-新莊,2023-12-25,8886
2356,英業達,249,204,45,國泰-新莊,2023-12-25,8886
1307,三芳,41,0,41,國泰-新莊,2023-12-25,8886
00671R,富邦NASDAQ反1,42,2,40,國泰-新莊,2023-12-25,8886
00882,中信中國高股息,40,5,35,國泰-新莊,2023-12-25,8886
2014,中鴻,117,83,34,國泰-新莊,2023-12-25,8886
3051,力特,37,5,32,國泰-新莊,2023-12-25,8886
2601,益航,45,15,30,國泰-新莊,2023-12-25,8886
3005,神基,52,22,30,國泰-新莊,2023-12-25,8886
00679B,元大美債20年,75,49,26,國泰-新莊,2023-12-25,8886
2516,新建,25,0,25,國泰-新莊,2023-12-25,8886
00720B,元大投資級公司債,38,14,24,國泰-新莊,2023-12-25,8886
3631,晟楠,22,0,22,國泰-新莊,2023-12-25,8886
6117,迎廣,86,64,22,國泰-新莊,2023-12-25,8886
00931B,統一美債20年,23,2,21,國泰-新莊,2023-12-25,8886
2023,燁輝,60,39,21,國泰-新莊,2023-12-25,8886
6214,精誠,21,0,21,國泰-新莊,2023-12-25,8886
00918,大華優利高填息30,25,5,20,國泰-新莊,2023-12-25,8886
4714,永捷,20,0,20,國泰-新莊,2023-12-25,8886
00637L,元大滬深300正2,30,10,20,國泰-新莊,2023-12-25,8886
00713,元大台灣高息低波,22,2,20,國泰-新莊,2023-12-25,8886
8088,品安,73,55,18,國泰-新莊,2023-12-25,8886
00937B,群益ESG投等債20,134,116,18,國泰-新莊,2023-12-25,8886
2883,凱基金,19,2,17,國泰-新莊,2023-12-25,8886
1806,冠軍,20,3,17,國泰-新莊,2023-12-25,8886
2888,新光金,17,0,17,國泰-新莊,2023-12-25,8886
6147,頎邦,16,0,16,國泰-新莊,2023-12-25,8886
6290,良維,18,2,16,國泰-新莊,2023-12-25,8886
00927,群益半導體收益,16,0,16,國泰-新莊,2023-12-25,8886
2388,威盛,66,50,16,國泰-新莊,2023-12-25,8886
00900,富邦特選高股息30,26,12,14,國泰-新莊,2023-12-25,8886
4906,正文,15,0,15,國泰-新莊,2023-12-25,8886
6168,宏齊,15,1,14,國泰-新莊,2023-12-25,8886
3706,神達,86,72,14,國泰-新莊,2023-12-25,8886
6111,大宇資,29,15,14,國泰-新莊,2023-12-25,8886
1605,華新,31,18,13,國泰-新莊,2023-12-25,8886
2363,矽統,20,7,13,國泰-新莊,2023-12-25,8886
2038,海光,24,11,13,國泰-新莊,2023-12-25,8886
00893,國泰智能電動車,18,5,13,國泰-新莊,2023-12-25,8886
00688L,國泰20年美債正2,335,105,230,國泰-新莊,2023-12-26,8886
00632R,元大台灣50反1,173,2,171,國泰-新莊,2023-12-26,8886
9934,成霖,163,8,155,國泰-新莊,2023-12-26,8886
00919,群益台灣精選高息,188,38,150,國泰-新莊,2023-12-26,8886
2515,中工,158,15,143,國泰-新莊,2023-12-26,8886
9105,泰金寶-DR,176,40,136,國泰-新莊,2023-12-26,8886
00637L,元大滬深300正2,240,106,134,國泰-新莊,2023-12-26,8886
00937B,群益ESG投等債20,104,34,70,國泰-新莊,2023-12-26,8886
00636,國泰中國A50,74,11,63,國泰-新莊,2023-12-26,8886
2606,裕民,63,22,41,國泰-新莊,2023-12-26,8886
00712,復華富時不動產,54,18,36,國泰-新莊,2023-12-26,8886
5521,工信,76,41,35,國泰-新莊,2023-12-26,8886
00665L,富邦�琤肭磪囓�2,35,0,35,國泰-新莊,2023-12-26,8886
2399,映泰,57,22,35,國泰-新莊,2023-12-26,8886
2618,長榮航,37,3,34,國泰-新莊,2023-12-26,8886
00933B,國泰10Y+金融債,35,3,32,國泰-新莊,2023-12-26,8886
2032,新鋼,35,4,31,國泰-新莊,2023-12-26,8886
00902,中信電池及儲能,30,0,30,國泰-新莊,2023-12-26,8886
1312,國喬,28,1,27,國泰-新莊,2023-12-26,8886
00929,復華台灣科技優息,153,127,26,國泰-新莊,2023-12-26,8886
2888,新光金,30,6,24,國泰-新莊,2023-12-26,8886
2610,華航,35,13,22,國泰-新莊,2023-12-26,8886
2388,威盛,95,74,21,國泰-新莊,2023-12-26,8886
1513,中興電,44,23,21,國泰-新莊,2023-12-26,8886
3380,明泰,23,4,19,國泰-新莊,2023-12-26,8886
2443,昶虹,18,0,18,國泰-新莊,2023-12-26,8886
9919,康那香,18,3,15,國泰-新莊,2023-12-26,8886
3702A,大聯大甲特,15,0,15,國泰-新莊,2023-12-26,8886
2498,宏達電,16,1,15,國泰-新莊,2023-12-26,8886
4939,亞電,21,7,14,國泰-新莊,2023-12-26,8886
00680L,元大美債20正2,21,7,14,國泰-新莊,2023-12-26,8886
3047,訊舟,14,0,14,國泰-新莊,2023-12-26,8886
8096,擎亞,19,5,14,國泰-新莊,2023-12-26,8886
1582,信錦,21,8,13,國泰-新莊,2023-12-26,8886
2329,華泰,19,6,13,國泰-新莊,2023-12-26,8886
2363,矽統,25,12,13,國泰-新莊,2023-12-26,8886
1519,華城,54,42,12,國泰-新莊,2023-12-26,8886
3003,健和興,12,0,12,國泰-新莊,2023-12-26,8886
2007,燁興,13,1,12,國泰-新莊,2023-12-26,8886
00673R,期元大S＆P原油反1,12,0,12,國泰-新莊,2023-12-26,8886
9949,琉園,15,3,12,國泰-新莊,2023-12-26,8886
2890,永豐金,17,6,11,國泰-新莊,2023-12-26,8886
00931B,統一美債20年,11,0,11,國泰-新莊,2023-12-26,8886
3014,聯陽,11,0,11,國泰-新莊,2023-12-26,8886
3630,新鉅科,11,0,11,國泰-新莊,2023-12-26,8886
1301,台塑,10,0,10,國泰-新莊,2023-12-26,8886
00830,國泰費城半導體,10,0,10,國泰-新莊,2023-12-26,8886
6126,信音,14,4,10,國泰-新莊,2023-12-26,8886
2596,綠意,10,0,10,國泰-新莊,2023-12-26,8886
6205,詮欣,10,0,10,國泰-新莊,2023-12-26,8886
00937B,群益ESG投等債20,809,96,713,國泰-新莊,2023-12-27,8886
00632R,元大台灣50反1,272,123,149,國泰-新莊,2023-12-27,8886
5521,工信,129,4,125,國泰-新莊,2023-12-27,8886
00687B,國泰20年美債,170,57,113,國泰-新莊,2023-12-27,8886
00665L,富邦�琤肭磪囓�2,255,142,113,國泰-新莊,2023-12-27,8886
00934,中信成長高股息,73,4,69,國泰-新莊,2023-12-27,8886
00929,復華台灣科技優息,162,101,61,國泰-新莊,2023-12-27,8886
00688L,國泰20年美債正2,59,2,57,國泰-新莊,2023-12-27,8886
5009,榮剛,55,4,51,國泰-新莊,2023-12-27,8886
00885,富邦越南,51,2,49,國泰-新莊,2023-12-27,8886
00751B,元大AAA至A公司債,80,31,49,國泰-新莊,2023-12-27,8886
00795B,中信美國公債20年,47,1,46,國泰-新莊,2023-12-27,8886
9105,泰金寶-DR,234,190,44,國泰-新莊,2023-12-27,8886
00933B,國泰10Y+金融債,59,17,42,國泰-新莊,2023-12-27,8886
2353,宏��,356,314,42,國泰-新莊,2023-12-27,8886
00882,中信中國高股息,68,31,37,國泰-新莊,2023-12-27,8886
2618,長榮航,66,30,36,國泰-新莊,2023-12-27,8886
2897,王道銀行,34,1,33,國泰-新莊,2023-12-27,8886
2889,國票金,41,9,32,國泰-新莊,2023-12-27,8886
2603,長榮,87,56,31,國泰-新莊,2023-12-27,8886
4712,福格創新,31,0,31,國泰-新莊,2023-12-27,8886
2324,仁寶,272,241,31,國泰-新莊,2023-12-27,8886
2405,輔信,136,107,29,國泰-新莊,2023-12-27,8886
3702A,大聯大甲特,26,0,26,國泰-新莊,2023-12-27,8886
910322,康師傅-DR,25,0,25,國泰-新莊,2023-12-27,8886
2409,友達,38,13,25,國泰-新莊,2023-12-27,8886
2211,長榮鋼,42,18,24,國泰-新莊,2023-12-27,8886
2401,凌陽,25,2,23,國泰-新莊,2023-12-27,8886
2329,華泰,31,8,23,國泰-新莊,2023-12-27,8886
00713,元大台灣高息低波,26,3,23,國泰-新莊,2023-12-27,8886
00753L,中信中國50正2,44,23,21,國泰-新莊,2023-12-27,8886
6288,聯嘉,35,15,20,國泰-新莊,2023-12-27,8886
4142,國光生,22,2,20,國泰-新莊,2023-12-27,8886
2331,精英,50,30,20,國泰-新莊,2023-12-27,8886
6282,康舒,24,5,19,國泰-新莊,2023-12-27,8886
6182,合晶,22,3,19,國泰-新莊,2023-12-27,8886
2891,中信金,22,3,19,國泰-新莊,2023-12-27,8886
2382,廣達,52,33,19,國泰-新莊,2023-12-27,8886
00756B,群益投等新興公債,19,1,18,國泰-新莊,2023-12-27,8886
3390,旭軟,59,41,18,國泰-新莊,2023-12-27,8886
8085,福華,16,0,16,國泰-新莊,2023-12-27,8886
8096,擎亞,22,6,16,國泰-新莊,2023-12-27,8886
6535,順藥,15,0,15,國泰-新莊,2023-12-27,8886
2312,金寶,17,2,15,國泰-新莊,2023-12-27,8886
6414,樺漢,15,0,15,國泰-新莊,2023-12-27,8886
00752,中信中國50,15,0,15,國泰-新莊,2023-12-27,8886
2882,國泰金,23,8,15,國泰-新莊,2023-12-27,8886
2388,威盛,40,26,14,國泰-新莊,2023-12-27,8886
00720B,元大投資級公司債,18,5,13,國泰-新莊,2023-12-27,8886
6179,亞通,17,4,13,國泰-新莊,2023-12-27,8886
00937B,群益ESG投等債20,1077,104,973,國泰-新莊,2023-12-28,8886
00919,群益台灣精選高息,291,78,213,國泰-新莊,2023-12-28,8886
00885,富邦越南,156,0,156,國泰-新莊,2023-12-28,8886
00720B,元大投資級公司債,146,4,142,國泰-新莊,2023-12-28,8886
2324,仁寶,304,175,129,國泰-新莊,2023-12-28,8886
00715L,期街口布蘭特正2,126,0,126,國泰-新莊,2023-12-28,8886
2405,輔信,142,24,118,國泰-新莊,2023-12-28,8886
00934,中信成長高股息,120,15,105,國泰-新莊,2023-12-28,8886
2515,中工,116,17,99,國泰-新莊,2023-12-28,8886
3338,泰碩,109,32,77,國泰-新莊,2023-12-28,8886
3704,合勤控,73,0,73,國泰-新莊,2023-12-28,8886
00795B,中信美國公債20年,49,0,49,國泰-新莊,2023-12-28,8886
2609,陽明,123,76,47,國泰-新莊,2023-12-28,8886
00751B,元大AAA至A公司債,43,0,43,國泰-新莊,2023-12-28,8886
00918,大華優利高填息30,53,10,43,國泰-新莊,2023-12-28,8886
00933B,國泰10Y+金融債,61,20,41,國泰-新莊,2023-12-28,8886
2303,聯電,169,129,40,國泰-新莊,2023-12-28,8886
6179,亞通,61,26,35,國泰-新莊,2023-12-28,8886
2353,宏��,361,330,31,國泰-新莊,2023-12-28,8886
3481,群創,216,188,28,國泰-新莊,2023-12-28,8886
1514,亞力,134,107,27,國泰-新莊,2023-12-28,8886
3376,新日興,79,52,27,國泰-新莊,2023-12-28,8886
9105,泰金寶-DR,89,65,24,國泰-新莊,2023-12-28,8886
2363,矽統,48,24,24,國泰-新莊,2023-12-28,8886
4979,華星光,41,17,24,國泰-新莊,2023-12-28,8886
2301,光寶科,25,3,22,國泰-新莊,2023-12-28,8886
6243,迅杰,38,16,22,國泰-新莊,2023-12-28,8886
1618,合機,53,32,21,國泰-新莊,2023-12-28,8886
3035,智原,77,56,21,國泰-新莊,2023-12-28,8886
2618,長榮航,39,18,21,國泰-新莊,2023-12-28,8886
00650L,復華香港正2,20,0,20,國泰-新莊,2023-12-28,8886
2313,華通,22,4,18,國泰-新莊,2023-12-28,8886
8936,國統,25,7,18,國泰-新莊,2023-12-28,8886
3231,緯創,79,62,17,國泰-新莊,2023-12-28,8886
3294,英濟,17,1,16,國泰-新莊,2023-12-28,8886
8150,南茂,21,5,16,國泰-新莊,2023-12-28,8886
4908,前鼎,21,5,16,國泰-新莊,2023-12-28,8886
00900,富邦特選高股息30,16,0,16,國泰-新莊,2023-12-28,8886
3059,華晶科,22,7,15,國泰-新莊,2023-12-28,8886
1409,新纖,16,2,14,國泰-新莊,2023-12-28,8886
5009,榮剛,14,0,14,國泰-新莊,2023-12-28,8886
3041,揚智,23,9,14,國泰-新莊,2023-12-28,8886
4142,國光生,14,0,14,國泰-新莊,2023-12-28,8886
6129,普誠,15,1,14,國泰-新莊,2023-12-28,8886
00712,復華富時不動產,76,63,13,國泰-新莊,2023-12-28,8886
9919,康那香,13,0,13,國泰-新莊,2023-12-28,8886
4746,台耀,13,1,12,國泰-新莊,2023-12-28,8886
3213,茂訊,14,2,12,國泰-新莊,2023-12-28,8886
3622,洋華,17,5,12,國泰-新莊,2023-12-28,8886
00671R,富邦NASDAQ反1,12,0,12,國泰-新莊,2023-12-28,8886
00937B,群益ESG投等債20,536,127,409,國泰-新莊,2023-12-29,8886
00715L,期街口布蘭特正2,259,5,254,國泰-新莊,2023-12-29,8886
2515,中工,186,11,175,國泰-新莊,2023-12-29,8886
00933B,國泰10Y+金融債,129,1,128,國泰-新莊,2023-12-29,8886
00688L,國泰20年美債正2,151,33,118,國泰-新莊,2023-12-29,8886
8936,國統,186,69,117,國泰-新莊,2023-12-29,8886
00720B,元大投資級公司債,131,15,116,國泰-新莊,2023-12-29,8886
00654R,富邦印度反1,100,0,100,國泰-新莊,2023-12-29,8886
00885,富邦越南,86,14,72,國泰-新莊,2023-12-29,8886
00919,群益台灣精選高息,118,61,57,國泰-新莊,2023-12-29,8886
2888,新光金,54,1,53,國泰-新莊,2023-12-29,8886
9105,泰金寶-DR,72,26,46,國泰-新莊,2023-12-29,8886
2897,王道銀行,50,5,45,國泰-新莊,2023-12-29,8886
020034,元大IC設計N,41,0,41,國泰-新莊,2023-12-29,8886
00757,統一FANG+,36,0,36,國泰-新莊,2023-12-29,8886
00878,國泰永續高股息,202,168,34,國泰-新莊,2023-12-29,8886
00687B,國泰20年美債,35,1,34,國泰-新莊,2023-12-29,8886
00882,中信中國高股息,77,44,33,國泰-新莊,2023-12-29,8886
3006,晶豪科,80,50,30,國泰-新莊,2023-12-29,8886
8150,南茂,30,1,29,國泰-新莊,2023-12-29,8886
00679B,元大美債20年,28,0,28,國泰-新莊,2023-12-29,8886
4908,前鼎,29,3,26,國泰-新莊,2023-12-29,8886
9945,潤泰新,40,15,25,國泰-新莊,2023-12-29,8886
00916,國泰全球品牌50,24,0,24,國泰-新莊,2023-12-29,8886
1504,東元,30,7,23,國泰-新莊,2023-12-29,8886
3024,憶聲,49,28,21,國泰-新莊,2023-12-29,8886
2609,陽明,78,58,20,國泰-新莊,2023-12-29,8886
00936,台新永續高息中小,20,0,20,國泰-新莊,2023-12-29,8886
00923,群益台ESG低碳50,28,8,20,國泰-新莊,2023-12-29,8886
1101,台泥,22,2,20,國泰-新莊,2023-12-29,8886
3706,神達,79,60,19,國泰-新莊,2023-12-29,8886
2882,國泰金,23,5,18,國泰-新莊,2023-12-29,8886
1519,華城,90,72,18,國泰-新莊,2023-12-29,8886
1227,佳格,18,0,18,國泰-新莊,2023-12-29,8886
3162,精確,22,4,18,國泰-新莊,2023-12-29,8886
3376,新日興,22,4,18,國泰-新莊,2023-12-29,8886
1314,中石化,23,5,18,國泰-新莊,2023-12-29,8886
1409,新纖,17,0,17,國泰-新莊,2023-12-29,8886
8110,華東,21,5,16,國泰-新莊,2023-12-29,8886
2607,榮運,16,0,16,國泰-新莊,2023-12-29,8886
3548,兆利,29,13,16,國泰-新莊,2023-12-29,8886
00650L,復華香港正2,66,50,16,國泰-新莊,2023-12-29,8886
3704,合勤控,16,1,15,國泰-新莊,2023-12-29,8886
9934,成霖,15,0,15,國泰-新莊,2023-12-29,8886
3622,洋華,14,0,14,國泰-新莊,2023-12-29,8886
00752,中信中國50,14,0,14,國泰-新莊,2023-12-29,8886
00632R,元大台灣50反1,49,36,13,國泰-新莊,2023-12-29,8886
1513,中興電,39,26,13,國泰-新莊,2023-12-29,8886
3325,旭品,14,1,13,國泰-新莊,2023-12-29,8886
2465,麗臺,14,2,12,國泰-新莊,2023-12-29,8886
00665L,富邦�琤肭磪囓�2,589,0,589,國泰-新莊,2024-01-02,8886
00937B,群益ESG投等債20,385,78,307,國泰-新莊,2024-01-02,8886
00688L,國泰20年美債正2,366,62,304,國泰-新莊,2024-01-02,8886
00680L,元大美債20正2,247,2,245,國泰-新莊,2024-01-02,8886
00712,復華富時不動產,296,64,232,國泰-新莊,2024-01-02,8886
00857B,永豐20年美公債,205,0,205,國泰-新莊,2024-01-02,8886
00687B,國泰20年美債,182,10,172,國泰-新莊,2024-01-02,8886
3706,神達,181,36,145,國泰-新莊,2024-01-02,8886
3231,緯創,215,71,144,國泰-新莊,2024-01-02,8886
00919,群益台灣精選高息,142,17,125,國泰-新莊,2024-01-02,8886
00933B,國泰10Y+金融債,127,31,96,國泰-新莊,2024-01-02,8886
00931B,統一美債20年,88,19,69,國泰-新莊,2024-01-02,8886
3704,合勤控,66,0,66,國泰-新莊,2024-01-02,8886
00902,中信電池及儲能,60,0,60,國泰-新莊,2024-01-02,8886
2303,聯電,72,17,55,國泰-新莊,2024-01-02,8886
00637L,元大滬深300正2,103,50,53,國泰-新莊,2024-01-02,8886
00753L,中信中國50正2,179,127,52,國泰-新莊,2024-01-02,8886
2332,友訊,62,11,51,國泰-新莊,2024-01-02,8886
00720B,元大投資級公司債,53,3,50,國泰-新莊,2024-01-02,8886
3630,新鉅科,56,9,47,國泰-新莊,2024-01-02,8886
3715,定穎投控,49,3,46,國泰-新莊,2024-01-02,8886
1319,東陽,43,0,43,國泰-新莊,2024-01-02,8886
00751B,元大AAA至A公司債,40,0,40,國泰-新莊,2024-01-02,8886
00679B,元大美債20年,46,9,37,國泰-新莊,2024-01-02,8886
020034,元大IC設計N,36,0,36,國泰-新莊,2024-01-02,8886
2606,裕民,48,14,34,國泰-新莊,2024-01-02,8886
00934,中信成長高股息,49,16,33,國泰-新莊,2024-01-02,8886
2376,技嘉,90,59,31,國泰-新莊,2024-01-02,8886
7402,邑錡,30,4,26,國泰-新莊,2024-01-02,8886
00878,國泰永續高股息,114,88,26,國泰-新莊,2024-01-02,8886
0056,元大高股息,151,125,26,國泰-新莊,2024-01-02,8886
00728,第一金工業30,25,0,25,國泰-新莊,2024-01-02,8886
2388,威盛,57,34,23,國泰-新莊,2024-01-02,8886
2301,光寶科,27,4,23,國泰-新莊,2024-01-02,8886
2883,凱基金,49,27,22,國泰-新莊,2024-01-02,8886
00642U,期元大S＆P石油,22,0,22,國泰-新莊,2024-01-02,8886
00633L,富邦上証正2,31,10,21,國泰-新莊,2024-01-02,8886
6213,聯茂,20,0,20,國泰-新莊,2024-01-02,8886
2615,萬海,39,20,19,國泰-新莊,2024-01-02,8886
2609,陽明,299,283,16,國泰-新莊,2024-01-02,8886
2313,華通,30,15,15,國泰-新莊,2024-01-02,8886
3005,神基,26,11,15,國泰-新莊,2024-01-02,8886
00923,群益台ESG低碳50,22,7,15,國泰-新莊,2024-01-02,8886
00935,野村臺灣新科技50,14,0,14,國泰-新莊,2024-01-02,8886
6139,亞翔,30,16,14,國泰-新莊,2024-01-02,8886
6770,力積電,15,1,14,國泰-新莊,2024-01-02,8886
3093,港建*,15,2,13,國泰-新莊,2024-01-02,8886
4720,德淵,13,0,13,國泰-新莊,2024-01-02,8886
2352,佳世達,28,16,12,國泰-新莊,2024-01-02,8886
2801,彰銀,11,0,11,國泰-新莊,2024-01-02,8886
00929,復華台灣科技優息,579,173,406,國泰-新莊,2024-01-03,8886
00919,群益台灣精選高息,357,7,350,國泰-新莊,2024-01-03,8886
00715L,期街口布蘭特正2,199,0,199,國泰-新莊,2024-01-03,8886
2883,凱基金,214,20,194,國泰-新莊,2024-01-03,8886
0056,元大高股息,280,87,193,國泰-新莊,2024-01-03,8886
00878,國泰永續高股息,235,68,167,國泰-新莊,2024-01-03,8886
00902,中信電池及儲能,146,0,146,國泰-新莊,2024-01-03,8886
00688L,國泰20年美債正2,147,5,142,國泰-新莊,2024-01-03,8886
00882,中信中國高股息,141,19,122,國泰-新莊,2024-01-03,8886
00637L,元大滬深300正2,114,0,114,國泰-新莊,2024-01-03,8886
2376,技嘉,124,16,108,國泰-新莊,2024-01-03,8886
00937B,群益ESG投等債20,165,61,104,國泰-新莊,2024-01-03,8886
00665L,富邦�琤肭磪囓�2,166,75,91,國泰-新莊,2024-01-03,8886
5426,振發,105,19,86,國泰-新莊,2024-01-03,8886
00927,群益半導體收益,81,0,81,國泰-新莊,2024-01-03,8886
00923,群益台ESG低碳50,82,4,78,國泰-新莊,2024-01-03,8886
00935,野村臺灣新科技50,70,0,70,國泰-新莊,2024-01-03,8886
00753L,中信中國50正2,121,55,66,國泰-新莊,2024-01-03,8886
00922,國泰台灣領袖50,94,35,59,國泰-新莊,2024-01-03,8886
00934,中信成長高股息,66,8,58,國泰-新莊,2024-01-03,8886
2618,長榮航,278,221,57,國泰-新莊,2024-01-03,8886
2353,宏��,148,91,57,國泰-新莊,2024-01-03,8886
2324,仁寶,122,66,56,國泰-新莊,2024-01-03,8886
2303,聯電,87,32,55,國泰-新莊,2024-01-03,8886
2352,佳世達,72,20,52,國泰-新莊,2024-01-03,8886
2610,華航,76,25,51,國泰-新莊,2024-01-03,8886
00751B,元大AAA至A公司債,50,0,50,國泰-新莊,2024-01-03,8886
00930,永豐ESG低碳高息,56,6,50,國泰-新莊,2024-01-03,8886
00641R,富邦日本反1,50,0,50,國泰-新莊,2024-01-03,8886
1301,台塑,48,1,47,國泰-新莊,2024-01-03,8886
00933B,國泰10Y+金融債,43,1,42,國泰-新莊,2024-01-03,8886
2801,彰銀,42,0,42,國泰-新莊,2024-01-03,8886
3711,日月光投控,44,2,42,國泰-新莊,2024-01-03,8886
00680L,元大美債20正2,38,0,38,國泰-新莊,2024-01-03,8886
6770,力積電,41,3,38,國泰-新莊,2024-01-03,8886
00936,台新永續高息中小,38,1,37,國泰-新莊,2024-01-03,8886
2330,台積電,38,3,35,國泰-新莊,2024-01-03,8886
00712,復華富時不動產,85,50,35,國泰-新莊,2024-01-03,8886
4712,福格創新,33,1,32,國泰-新莊,2024-01-03,8886
00687B,國泰20年美債,46,14,32,國泰-新莊,2024-01-03,8886
00918,大華優利高填息30,33,1,32,國泰-新莊,2024-01-03,8886
2362,藍天,208,177,31,國泰-新莊,2024-01-03,8886
2486,一詮,74,43,31,國泰-新莊,2024-01-03,8886
2887,台新金,30,0,30,國泰-新莊,2024-01-03,8886
020034,元大IC設計N,30,0,30,國泰-新莊,2024-01-03,8886
00881,國泰台灣5G+,41,12,29,國泰-新莊,2024-01-03,8886
3005,神基,36,11,25,國泰-新莊,2024-01-03,8886
2882,國泰金,23,0,23,國泰-新莊,2024-01-03,8886
5521,工信,113,90,23,國泰-新莊,2024-01-03,8886
0050,元大台灣50,25,2,23,國泰-新莊,2024-01-03,8886
00937B,群益ESG投等債20,483,2,481,國泰-新莊,2024-01-04,8886
00929,復華台灣科技優息,450,67,383,國泰-新莊,2024-01-04,8886
00637L,元大滬深300正2,377,67,310,國泰-新莊,2024-01-04,8886
00712,復華富時不動產,265,20,245,國泰-新莊,2024-01-04,8886
00933B,國泰10Y+金融債,176,2,174,國泰-新莊,2024-01-04,8886
00655L,國泰中國A50正2,131,10,121,國泰-新莊,2024-01-04,8886
00927,群益半導體收益,116,0,116,國泰-新莊,2024-01-04,8886
2605,新興,166,61,105,國泰-新莊,2024-01-04,8886
0056,元大高股息,120,21,99,國泰-新莊,2024-01-04,8886
00665L,富邦�琤肭磪囓�2,95,12,83,國泰-新莊,2024-01-04,8886
00878,國泰永續高股息,92,13,79,國泰-新莊,2024-01-04,8886
00720B,元大投資級公司債,85,9,76,國泰-新莊,2024-01-04,8886
00725B,國泰投資級公司債,67,0,67,國泰-新莊,2024-01-04,8886
2363,矽統,76,11,65,國泰-新莊,2024-01-04,8886
00751B,元大AAA至A公司債,51,1,50,國泰-新莊,2024-01-04,8886
3706,神達,67,17,50,國泰-新莊,2024-01-04,8886
1815,富喬,50,1,49,國泰-新莊,2024-01-04,8886
2344,華邦電,62,14,48,國泰-新莊,2024-01-04,8886
6140,訊達,90,52,38,國泰-新莊,2024-01-04,8886
00673R,期元大S＆P原油反1,47,10,37,國泰-新莊,2024-01-04,8886
00633L,富邦上証正2,47,10,37,國泰-新莊,2024-01-04,8886
2888,新光金,37,0,37,國泰-新莊,2024-01-04,8886
5521,工信,127,96,31,國泰-新莊,2024-01-04,8886
00753L,中信中國50正2,36,5,31,國泰-新莊,2024-01-04,8886
00881,國泰台灣5G+,27,0,27,國泰-新莊,2024-01-04,8886
1218,泰山,27,0,27,國泰-新莊,2024-01-04,8886
2882,國泰金,27,0,27,國泰-新莊,2024-01-04,8886
2331,精英,38,12,26,國泰-新莊,2024-01-04,8886
2405,輔信,35,9,26,國泰-新莊,2024-01-04,8886
2312,金寶,28,4,24,國泰-新莊,2024-01-04,8886
2486,一詮,61,37,24,國泰-新莊,2024-01-04,8886
3213,茂訊,21,0,21,國泰-新莊,2024-01-04,8886
8096,擎亞,39,18,21,國泰-新莊,2024-01-04,8886
2421,建準,29,9,20,國泰-新莊,2024-01-04,8886
6116,彩晶,28,9,19,國泰-新莊,2024-01-04,8886
00772B,中信高評級公司債,19,0,19,國泰-新莊,2024-01-04,8886
3712,永崴投控,18,0,18,國泰-新莊,2024-01-04,8886
00934,中信成長高股息,20,3,17,國泰-新莊,2024-01-04,8886
9934,成霖,31,14,17,國泰-新莊,2024-01-04,8886
4967,十銓,23,5,18,國泰-新莊,2024-01-04,8886
00936,台新永續高息中小,17,0,17,國泰-新莊,2024-01-04,8886
1519,華城,57,41,16,國泰-新莊,2024-01-04,8886
1325,恆大,35,19,16,國泰-新莊,2024-01-04,8886
5425,台半,31,16,15,國泰-新莊,2024-01-04,8886
00923,群益台ESG低碳50,17,3,14,國泰-新莊,2024-01-04,8886
1314,中石化,121,107,14,國泰-新莊,2024-01-04,8886
8110,華東,14,0,14,國泰-新莊,2024-01-04,8886
6776,展�眥篕�,14,0,14,國泰-新莊,2024-01-04,8886
2915,潤泰全,15,1,14,國泰-新莊,2024-01-04,8886
5426,振發,27,13,14,國泰-新莊,2024-01-04,8886
00937B,群益ESG投等債20,541,27,514,國泰-新莊,2024-01-05,8886
00929,復華台灣科技優息,445,97,348,國泰-新莊,2024-01-05,8886
00919,群益台灣精選高息,280,14,266,國泰-新莊,2024-01-05,8886
00715L,期街口布蘭特正2,176,12,164,國泰-新莊,2024-01-05,8886
2618,長榮航,365,203,162,國泰-新莊,2024-01-05,8886
00878,國泰永續高股息,146,23,123,國泰-新莊,2024-01-05,8886
00680L,元大美債20正2,133,10,123,國泰-新莊,2024-01-05,8886
00712,復華富時不動產,116,0,116,國泰-新莊,2024-01-05,8886
00687B,國泰20年美債,148,45,103,國泰-新莊,2024-01-05,8886
00933B,國泰10Y+金融債,93,12,81,國泰-新莊,2024-01-05,8886
00751B,元大AAA至A公司債,87,24,63,國泰-新莊,2024-01-05,8886
3231,緯創,79,18,61,國泰-新莊,2024-01-05,8886
2344,華邦電,81,20,61,國泰-新莊,2024-01-05,8886
8096,擎亞,180,121,59,國泰-新莊,2024-01-05,8886
3706,神達,59,7,52,國泰-新莊,2024-01-05,8886
2356,英業達,87,43,44,國泰-新莊,2024-01-05,8886
2405,輔信,46,3,43,國泰-新莊,2024-01-05,8886
1326,台化,42,1,41,國泰-新莊,2024-01-05,8886
00632R,元大台灣50反1,50,11,39,國泰-新莊,2024-01-05,8886
00927,群益半導體收益,54,15,39,國泰-新莊,2024-01-05,8886
00753L,中信中國50正2,112,77,35,國泰-新莊,2024-01-05,8886
2329,華泰,42,8,34,國泰-新莊,2024-01-05,8886
5426,振發,43,10,33,國泰-新莊,2024-01-05,8886
00891,中信關鍵半導體,33,2,31,國泰-新莊,2024-01-05,8886
2330,台積電,28,1,27,國泰-新莊,2024-01-05,8886
0056,元大高股息,51,24,27,國泰-新莊,2024-01-05,8886
1218,泰山,26,0,26,國泰-新莊,2024-01-05,8886
2382,廣達,48,23,25,國泰-新莊,2024-01-05,8886
00642U,期元大S＆P石油,25,0,25,國泰-新莊,2024-01-05,8886
5521,工信,48,23,25,國泰-新莊,2024-01-05,8886
2457,飛宏,27,3,24,國泰-新莊,2024-01-05,8886
1815,富喬,26,2,24,國泰-新莊,2024-01-05,8886
2101,南港,27,3,24,國泰-新莊,2024-01-05,8886
00923,群益台ESG低碳50,27,4,23,國泰-新莊,2024-01-05,8886
3002,歐格,20,0,20,國泰-新莊,2024-01-05,8886
2601,益航,20,0,20,國泰-新莊,2024-01-05,8886
2201,裕隆,19,0,19,國泰-新莊,2024-01-05,8886
1732,毛寶,56,38,18,國泰-新莊,2024-01-05,8886
00936,台新永續高息中小,29,12,17,國泰-新莊,2024-01-05,8886
6667,信紘科,23,6,17,國泰-新莊,2024-01-05,8886
00916,國泰全球品牌50,18,1,17,國泰-新莊,2024-01-05,8886
9941,裕融,17,1,16,國泰-新莊,2024-01-05,8886
8068,全達,17,1,16,國泰-新莊,2024-01-05,8886
1201,味全,16,0,16,國泰-新莊,2024-01-05,8886
00725B,國泰投資級公司債,46,31,15,國泰-新莊,2024-01-05,8886
1721,三晃,15,0,15,國泰-新莊,2024-01-05,8886
9945,潤泰新,16,2,14,國泰-新莊,2024-01-05,8886
2399,映泰,15,1,14,國泰-新莊,2024-01-05,8886
2504,國產,14,0,14,國泰-新莊,2024-01-05,8886
9919,康那香,81,67,14,國泰-新莊,2024-01-05,8886
00632R,元大台灣50反1,774,10,764,國泰-新莊,2024-01-08,8886
00665L,富邦�琤肭磪囓�2,406,5,401,國泰-新莊,2024-01-08,8886
00929,復華台灣科技優息,459,85,374,國泰-新莊,2024-01-08,8886
00753L,中信中國50正2,397,60,337,國泰-新莊,2024-01-08,8886
00637L,元大滬深300正2,364,52,312,國泰-新莊,2024-01-08,8886
00937B,群益ESG投等債20,314,19,295,國泰-新莊,2024-01-08,8886
00919,群益台灣精選高息,238,61,177,國泰-新莊,2024-01-08,8886
00927,群益半導體收益,131,39,92,國泰-新莊,2024-01-08,8886
6770,力積電,133,48,85,國泰-新莊,2024-01-08,8886
00687B,國泰20年美債,117,54,63,國泰-新莊,2024-01-08,8886
5521,工信,94,34,60,國泰-新莊,2024-01-08,8886
00795B,中信美國公債20年,54,1,53,國泰-新莊,2024-01-08,8886
00679B,元大美債20年,66,15,51,國泰-新莊,2024-01-08,8886
2329,華泰,52,4,48,國泰-新莊,2024-01-08,8886
00680L,元大美債20正2,57,10,47,國泰-新莊,2024-01-08,8886
00770,國泰北美科技,48,1,47,國泰-新莊,2024-01-08,8886
00720B,元大投資級公司債,77,35,42,國泰-新莊,2024-01-08,8886
5608,四維航,40,1,39,國泰-新莊,2024-01-08,8886
2409,友達,147,108,39,國泰-新莊,2024-01-08,8886
00673R,期元大S＆P原油反1,33,0,33,國泰-新莊,2024-01-08,8886
00931B,統一美債20年,40,9,31,國泰-新莊,2024-01-08,8886
00882,中信中國高股息,42,11,31,國泰-新莊,2024-01-08,8886
1904,正隆,30,0,30,國泰-新莊,2024-01-08,8886
00751B,元大AAA至A公司債,30,1,29,國泰-新莊,2024-01-08,8886
2344,華邦電,38,9,29,國泰-新莊,2024-01-08,8886
2363,矽統,39,12,27,國泰-新莊,2024-01-08,8886
3017,奇鋐,32,5,27,國泰-新莊,2024-01-08,8886
4979,華星光,37,10,27,國泰-新莊,2024-01-08,8886
2888,新光金,58,35,23,國泰-新莊,2024-01-08,8886
020034,元大IC設計N,23,0,23,國泰-新莊,2024-01-08,8886
2388,威盛,76,54,22,國泰-新莊,2024-01-08,8886
00713,元大台灣高息低波,22,0,22,國泰-新莊,2024-01-08,8886
00756B,群益投等新興公債,21,0,21,國泰-新莊,2024-01-08,8886
1532,勤美,24,3,21,國泰-新莊,2024-01-08,8886
4532,瑞智,21,0,21,國泰-新莊,2024-01-08,8886
2838,聯邦銀,21,0,21,國泰-新莊,2024-01-08,8886
00864B,中信美國公債0-1,20,0,20,國泰-新莊,2024-01-08,8886
00633L,富邦上証正2,21,3,18,國泰-新莊,2024-01-08,8886
2317,鴻海,29,10,19,國泰-新莊,2024-01-08,8886
8163,達方,18,0,18,國泰-新莊,2024-01-08,8886
3714,富采,28,10,18,國泰-新莊,2024-01-08,8886
2303,聯電,39,21,18,國泰-新莊,2024-01-08,8886
00725B,國泰投資級公司債,18,1,17,國泰-新莊,2024-01-08,8886
00934,中信成長高股息,18,1,17,國泰-新莊,2024-01-08,8886
8011,台通,71,55,16,國泰-新莊,2024-01-08,8886
1727,中華化,17,1,16,國泰-新莊,2024-01-08,8886
3231,緯創,49,33,16,國泰-新莊,2024-01-08,8886
2353,宏��,335,319,16,國泰-新莊,2024-01-08,8886
00936,台新永續高息中小,16,0,16,國泰-新莊,2024-01-08,8886
8046,南電,17,2,15,國泰-新莊,2024-01-08,8886
00919,群益台灣精選高息,656,82,574,國泰-新莊,2024-01-09,8886
00715L,期街口布蘭特正2,277,20,257,國泰-新莊,2024-01-09,8886
2609,陽明,415,198,217,國泰-新莊,2024-01-09,8886
00929,復華台灣科技優息,225,39,186,國泰-新莊,2024-01-09,8886
3481,群創,350,205,145,國泰-新莊,2024-01-09,8886
9105,泰金寶-DR,142,0,142,國泰-新莊,2024-01-09,8886
2353,宏��,345,211,134,國泰-新莊,2024-01-09,8886
2888,新光金,88,0,88,國泰-新莊,2024-01-09,8886
2324,仁寶,211,126,85,國泰-新莊,2024-01-09,8886
00937B,群益ESG投等債20,87,18,69,國泰-新莊,2024-01-09,8886
2002,中鋼,64,5,59,國泰-新莊,2024-01-09,8886
2867,三商壽,59,0,59,國泰-新莊,2024-01-09,8886
2317,鴻海,58,2,56,國泰-新莊,2024-01-09,8886
00751B,元大AAA至A公司債,54,0,54,國泰-新莊,2024-01-09,8886
00902,中信電池及儲能,52,0,52,國泰-新莊,2024-01-09,8886
6505,台塑化,50,0,50,國泰-新莊,2024-01-09,8886
8011,台通,50,0,50,國泰-新莊,2024-01-09,8886
2308,台達電,49,1,48,國泰-新莊,2024-01-09,8886
2515,中工,65,17,48,國泰-新莊,2024-01-09,8886
0056,元大高股息,87,44,43,國泰-新莊,2024-01-09,8886
00795B,中信美國公債20年,41,1,40,國泰-新莊,2024-01-09,8886
2883,凱基金,51,14,37,國泰-新莊,2024-01-09,8886
2356,英業達,63,26,37,國泰-新莊,2024-01-09,8886
2399,映泰,43,7,36,國泰-新莊,2024-01-09,8886
2634,漢翔,40,5,35,國泰-新莊,2024-01-09,8886
8096,擎亞,108,74,34,國泰-新莊,2024-01-09,8886
2211,長榮鋼,32,1,31,國泰-新莊,2024-01-09,8886
2516,新建,30,0,30,國泰-新莊,2024-01-09,8886
00933B,國泰10Y+金融債,54,24,30,國泰-新莊,2024-01-09,8886
6285,啟��,33,4,29,國泰-新莊,2024-01-09,8886
1532,勤美,28,0,28,國泰-新莊,2024-01-09,8886
4909,新復興,64,36,28,國泰-新莊,2024-01-09,8886
8110,華東,30,3,27,國泰-新莊,2024-01-09,8886
3078,僑威,42,18,24,國泰-新莊,2024-01-09,8886
2605,新興,29,6,23,國泰-新莊,2024-01-09,8886
1409,新纖,23,0,23,國泰-新莊,2024-01-09,8886
1314,中石化,28,5,23,國泰-新莊,2024-01-09,8886
2344,華邦電,32,10,22,國泰-新莊,2024-01-09,8886
2313,華通,35,14,21,國泰-新莊,2024-01-09,8886
3051,力特,22,1,21,國泰-新莊,2024-01-09,8886
2409,友達,55,35,20,國泰-新莊,2024-01-09,8886
2882,國泰金,22,2,20,國泰-新莊,2024-01-09,8886
6695,芯鼎,29,9,20,國泰-新莊,2024-01-09,8886
2393,億光,20,0,20,國泰-新莊,2024-01-09,8886
00864B,中信美國公債0-1,20,0,20,國泰-新莊,2024-01-09,8886
00918,大華優利高填息30,20,1,19,國泰-新莊,2024-01-09,8886
5706,鳳凰,18,0,18,國泰-新莊,2024-01-09,8886
2362,藍天,90,73,17,國泰-新莊,2024-01-09,8886
2736,富野,17,0,17,國泰-新莊,2024-01-09,8886
2329,華泰,38,22,16,國泰-新莊,2024-01-09,8886
00933B,國泰10Y+金融債,249,2,247,國泰-新莊,2024-01-10,8886
00929,復華台灣科技優息,284,41,243,國泰-新莊,2024-01-10,8886
00919,群益台灣精選高息,257,110,147,國泰-新莊,2024-01-10,8886
2609,陽明,283,155,128,國泰-新莊,2024-01-10,8886
00857B,永豐20年美公債,106,1,105,國泰-新莊,2024-01-10,8886
3481,群創,179,78,101,國泰-新莊,2024-01-10,8886
00932,兆豐永續高息等權,100,0,100,國泰-新莊,2024-01-10,8886
8110,華東,100,0,100,國泰-新莊,2024-01-10,8886
00937B,群益ESG投等債20,182,82,100,國泰-新莊,2024-01-10,8886
00878,國泰永續高股息,132,58,74,國泰-新莊,2024-01-10,8886
2888,新光金,67,0,67,國泰-新莊,2024-01-10,8886
00687B,國泰20年美債,85,18,67,國泰-新莊,2024-01-10,8886
0056,元大高股息,87,25,62,國泰-新莊,2024-01-10,8886
3049,精金,60,1,59,國泰-新莊,2024-01-10,8886
00795B,中信美國公債20年,60,2,58,國泰-新莊,2024-01-10,8886
8011,台通,55,2,53,國泰-新莊,2024-01-10,8886
00751B,元大AAA至A公司債,52,1,51,國泰-新莊,2024-01-10,8886
5009,榮剛,51,1,50,國泰-新莊,2024-01-10,8886
00931B,統一美債20年,63,15,48,國泰-新莊,2024-01-10,8886
00673R,期元大S＆P原油反1,45,0,45,國泰-新莊,2024-01-10,8886
6223,旺矽,57,12,45,國泰-新莊,2024-01-10,8886
1314,中石化,42,0,42,國泰-新莊,2024-01-10,8886
2324,仁寶,97,56,41,國泰-新莊,2024-01-10,8886
6285,啟��,43,2,41,國泰-新莊,2024-01-10,8886
2362,藍天,98,57,41,國泰-新莊,2024-01-10,8886
00725B,國泰投資級公司債,42,5,37,國泰-新莊,2024-01-10,8886
00688L,國泰20年美債正2,42,10,32,國泰-新莊,2024-01-10,8886
2356,英業達,87,55,32,國泰-新莊,2024-01-10,8886
3032,偉訓,40,9,31,國泰-新莊,2024-01-10,8886
00927,群益半導體收益,31,0,31,國泰-新莊,2024-01-10,8886
2605,新興,40,10,30,國泰-新莊,2024-01-10,8886
00882,中信中國高股息,33,3,30,國泰-新莊,2024-01-10,8886
00724B,群益投資級金融債,30,0,30,國泰-新莊,2024-01-10,8886
5907,大洋-KY,30,0,30,國泰-新莊,2024-01-10,8886
2883,凱基金,30,1,29,國泰-新莊,2024-01-10,8886
2353,宏��,100,73,27,國泰-新莊,2024-01-10,8886
1605,華新,30,5,25,國泰-新莊,2024-01-10,8886
2301,光寶科,26,2,24,國泰-新莊,2024-01-10,8886
00918,大華優利高填息30,23,0,23,國泰-新莊,2024-01-10,8886
2516,新建,23,0,23,國泰-新莊,2024-01-10,8886
6117,迎廣,38,15,23,國泰-新莊,2024-01-10,8886
1802,台玻,27,4,23,國泰-新莊,2024-01-10,8886
00720B,元大投資級公司債,50,28,22,國泰-新莊,2024-01-10,8886
2885,元大金,23,2,21,國泰-新莊,2024-01-10,8886
2355,敬鵬,27,6,21,國泰-新莊,2024-01-10,8886
2515,中工,22,1,21,國泰-新莊,2024-01-10,8886
2736,富野,26,6,20,國泰-新莊,2024-01-10,8886
2610,華航,84,64,20,國泰-新莊,2024-01-10,8886
2887,台新金,21,1,20,國泰-新莊,2024-01-10,8886
6139,亞翔,46,28,18,國泰-新莊,2024-01-10,8886
00632R,元大台灣50反1,938,5,933,國泰-新莊,2024-01-11,8886
00929,復華台灣科技優息,385,58,327,國泰-新莊,2024-01-11,8886
00715L,期街口布蘭特正2,243,10,233,國泰-新莊,2024-01-11,8886
00937B,群益ESG投等債20,189,12,177,國泰-新莊,2024-01-11,8886
00919,群益台灣精選高息,187,27,160,國泰-新莊,2024-01-11,8886
00664R,國泰臺灣加權反1,125,0,125,國泰-新莊,2024-01-11,8886
00795B,中信美國公債20年,135,20,115,國泰-新莊,2024-01-11,8886
00687B,國泰20年美債,100,2,98,國泰-新莊,2024-01-11,8886
6139,亞翔,61,14,47,國泰-新莊,2024-01-11,8886
00857B,永豐20年美公債,47,0,47,國泰-新莊,2024-01-11,8886
2610,華航,52,11,41,國泰-新莊,2024-01-11,8886
2408,南亞科,44,7,37,國泰-新莊,2024-01-11,8886
00927,群益半導體收益,43,6,37,國泰-新莊,2024-01-11,8886
2634,漢翔,44,7,37,國泰-新莊,2024-01-11,8886
1301,台塑,37,2,35,國泰-新莊,2024-01-11,8886
2449,京元電子,34,1,33,國泰-新莊,2024-01-11,8886
00850,元大臺灣ESG永續,31,0,31,國泰-新莊,2024-01-11,8886
6141,柏承,30,0,30,國泰-新莊,2024-01-11,8886
2882,國泰金,30,0,30,國泰-新莊,2024-01-11,8886
00679B,元大美債20年,33,4,29,國泰-新莊,2024-01-11,8886
9105,泰金寶-DR,28,0,28,國泰-新莊,2024-01-11,8886
2344,華邦電,35,8,27,國泰-新莊,2024-01-11,8886
6546,正基,32,7,25,國泰-新莊,2024-01-11,8886
2609,陽明,92,67,25,國泰-新莊,2024-01-11,8886
2636,台驊控股,24,1,23,國泰-新莊,2024-01-11,8886
5009,榮剛,23,1,22,國泰-新莊,2024-01-11,8886
2329,華泰,94,73,21,國泰-新莊,2024-01-11,8886
2887,台新金,21,0,21,國泰-新莊,2024-01-11,8886
2393,億光,19,0,19,國泰-新莊,2024-01-11,8886
3390,旭軟,23,5,18,國泰-新莊,2024-01-11,8886
2409,友達,22,5,17,國泰-新莊,2024-01-11,8886
00770,國泰北美科技,19,2,17,國泰-新莊,2024-01-11,8886
1514,亞力,29,12,17,國泰-新莊,2024-01-11,8886
1519,華城,61,45,16,國泰-新莊,2024-01-11,8886
6243,迅杰,22,6,16,國泰-新莊,2024-01-11,8886
6239,力成,16,0,16,國泰-新莊,2024-01-11,8886
2317,鴻海,16,1,15,國泰-新莊,2024-01-11,8886
8936,國統,34,20,14,國泰-新莊,2024-01-11,8886
2305,全友,14,0,14,國泰-新莊,2024-01-11,8886
020034,元大IC設計N,14,0,14,國泰-新莊,2024-01-11,8886
00878,國泰永續高股息,52,38,14,國泰-新莊,2024-01-11,8886
3037,欣興,13,0,13,國泰-新莊,2024-01-11,8886
5348,正能量智能,13,0,13,國泰-新莊,2024-01-11,8886
2897,王道銀行,13,0,13,國泰-新莊,2024-01-11,8886
6894,衛司特,13,0,13,國泰-新莊,2024-01-11,8886
2308,台達電,12,0,12,國泰-新莊,2024-01-11,8886
2915,潤泰全,14,2,12,國泰-新莊,2024-01-11,8886
2421,建準,35,23,12,國泰-新莊,2024-01-11,8886
00680L,元大美債20正2,12,1,11,國泰-新莊,2024-01-11,8886
2537,聯上發,11,0,11,國泰-新莊,2024-01-11,8886
00929,復華台灣科技優息,416,65,351,國泰-新莊,2024-01-12,8886
6116,彩晶,268,8,260,國泰-新莊,2024-01-12,8886
00637L,元大滬深300正2,187,81,106,國泰-新莊,2024-01-12,8886
00795B,中信美國公債20年,105,0,105,國泰-新莊,2024-01-12,8886
00932,兆豐永續高息等權,101,0,101,國泰-新莊,2024-01-12,8886
00919,群益台灣精選高息,115,14,101,國泰-新莊,2024-01-12,8886
020034,元大IC設計N,90,0,90,國泰-新莊,2024-01-12,8886
00927,群益半導體收益,68,0,68,國泰-新莊,2024-01-12,8886
2888,新光金,82,16,66,國泰-新莊,2024-01-12,8886
00936,台新永續高息中小,65,5,60,國泰-新莊,2024-01-12,8886
2515,中工,64,4,60,國泰-新莊,2024-01-12,8886
00665L,富邦�琤肭磪囓�2,63,3,60,國泰-新莊,2024-01-12,8886
5426,振發,206,147,59,國泰-新莊,2024-01-12,8886
2353,宏��,124,70,54,國泰-新莊,2024-01-12,8886
5009,榮剛,50,1,49,國泰-新莊,2024-01-12,8886
6695,芯鼎,119,71,48,國泰-新莊,2024-01-12,8886
2031,新光鋼,47,0,47,國泰-新莊,2024-01-12,8886
00937B,群益ESG投等債20,67,20,47,國泰-新莊,2024-01-12,8886
2867,三商壽,43,0,43,國泰-新莊,2024-01-12,8886
2537,聯上發,34,0,34,國泰-新莊,2024-01-12,8886
1528,恩德,56,22,34,國泰-新莊,2024-01-12,8886
2208,台船,53,22,31,國泰-新莊,2024-01-12,8886
8050,廣積,31,0,31,國泰-新莊,2024-01-12,8886
00673R,期元大S＆P原油反1,28,0,28,國泰-新莊,2024-01-12,8886
00687B,國泰20年美債,28,0,28,國泰-新莊,2024-01-12,8886
3645,達邁,27,0,27,國泰-新莊,2024-01-12,8886
2329,華泰,57,30,27,國泰-新莊,2024-01-12,8886
2890,永豐金,34,7,27,國泰-新莊,2024-01-12,8886
00900,富邦特選高股息30,32,6,26,國泰-新莊,2024-01-12,8886
2303,聯電,35,10,25,國泰-新莊,2024-01-12,8886
00753L,中信中國50正2,290,265,25,國泰-新莊,2024-01-12,8886
2409,友達,31,6,25,國泰-新莊,2024-01-12,8886
2405,輔信,27,3,24,國泰-新莊,2024-01-12,8886
8011,台通,31,8,23,國泰-新莊,2024-01-12,8886
2887,台新金,24,2,22,國泰-新莊,2024-01-12,8886
2886,兆豐金,37,15,22,國泰-新莊,2024-01-12,8886
0056,元大高股息,47,26,21,國泰-新莊,2024-01-12,8886
00751B,元大AAA至A公司債,21,0,21,國泰-新莊,2024-01-12,8886
1460,宏遠,21,0,21,國泰-新莊,2024-01-12,8886
00720B,元大投資級公司債,23,3,20,國泰-新莊,2024-01-12,8886
3049,精金,20,0,20,國泰-新莊,2024-01-12,8886
00864B,中信美國公債0-1,20,0,20,國泰-新莊,2024-01-12,8886
00664R,國泰臺灣加權反1,20,0,20,國泰-新莊,2024-01-12,8886
00679B,元大美債20年,34,15,19,國泰-新莊,2024-01-12,8886
00915,凱基優選高股息30,18,0,18,國泰-新莊,2024-01-12,8886
6140,訊達,60,42,18,國泰-新莊,2024-01-12,8886
3631,晟楠,18,0,18,國泰-新莊,2024-01-12,8886
3702A,大聯大甲特,18,0,18,國泰-新莊,2024-01-12,8886
3437,榮創,17,0,17,國泰-新莊,2024-01-12,8886
8110,華東,17,0,17,國泰-新莊,2024-01-12,8886
00632R,元大台灣50反1,854,55,799,國泰-新莊,2024-01-15,8886
00929,復華台灣科技優息,388,104,284,國泰-新莊,2024-01-15,8886
00715L,期街口布蘭特正2,234,26,208,國泰-新莊,2024-01-15,8886
2634,漢翔,155,38,117,國泰-新莊,2024-01-15,8886
00902,中信電池及儲能,106,0,106,國泰-新莊,2024-01-15,8886
3231,緯創,180,84,96,國泰-新莊,2024-01-15,8886
00751B,元大AAA至A公司債,95,1,94,國泰-新莊,2024-01-15,8886
00753L,中信中國50正2,92,0,92,國泰-新莊,2024-01-15,8886
00919,群益台灣精選高息,209,117,92,國泰-新莊,2024-01-15,8886
00770,國泰北美科技,90,5,85,國泰-新莊,2024-01-15,8886
0056,元大高股息,97,18,79,國泰-新莊,2024-01-15,8886
00881,國泰台灣5G+,89,13,76,國泰-新莊,2024-01-15,8886
00687B,國泰20年美債,81,14,67,國泰-新莊,2024-01-15,8886
2356,英業達,97,31,66,國泰-新莊,2024-01-15,8886
00688L,國泰20年美債正2,70,6,64,國泰-新莊,2024-01-15,8886
3706,神達,76,22,54,國泰-新莊,2024-01-15,8886
6205,詮欣,52,1,51,國泰-新莊,2024-01-15,8886
2537,聯上發,49,0,49,國泰-新莊,2024-01-15,8886
00720B,元大投資級公司債,58,10,48,國泰-新莊,2024-01-15,8886
2610,華航,74,29,45,國泰-新莊,2024-01-15,8886
00888,永豐台灣ESG,50,10,40,國泰-新莊,2024-01-15,8886
00679B,元大美債20年,41,1,40,國泰-新莊,2024-01-15,8886
2609,陽明,116,79,37,國泰-新莊,2024-01-15,8886
00937B,群益ESG投等債20,98,62,36,國泰-新莊,2024-01-15,8886
00904,新光臺灣半導體30,34,0,34,國泰-新莊,2024-01-15,8886
3376,新日興,58,25,33,國泰-新莊,2024-01-15,8886
2887,台新金,34,2,32,國泰-新莊,2024-01-15,8886
2353,宏��,46,14,32,國泰-新莊,2024-01-15,8886
00795B,中信美國公債20年,34,3,31,國泰-新莊,2024-01-15,8886
00923,群益台ESG低碳50,33,3,30,國泰-新莊,2024-01-15,8886
6770,力積電,28,0,28,國泰-新莊,2024-01-15,8886
2317,鴻海,43,15,28,國泰-新莊,2024-01-15,8886
8222,寶一,128,100,28,國泰-新莊,2024-01-15,8886
4938,和碩,25,0,25,國泰-新莊,2024-01-15,8886
2409,友達,47,23,24,國泰-新莊,2024-01-15,8886
1314,中石化,24,0,24,國泰-新莊,2024-01-15,8886
00922,國泰台灣領袖50,35,11,24,國泰-新莊,2024-01-15,8886
2382,廣達,41,17,24,國泰-新莊,2024-01-15,8886
5426,振發,79,55,24,國泰-新莊,2024-01-15,8886
2888,新光金,37,13,24,國泰-新莊,2024-01-15,8886
2618,長榮航,58,35,23,國泰-新莊,2024-01-15,8886
00725B,國泰投資級公司債,23,0,23,國泰-新莊,2024-01-15,8886
2892,第一金,22,0,22,國泰-新莊,2024-01-15,8886
2882,國泰金,22,0,22,國泰-新莊,2024-01-15,8886
1460,宏遠,21,0,21,國泰-新莊,2024-01-15,8886
3622,洋華,53,35,18,國泰-新莊,2024-01-15,8886
1513,中興電,79,61,18,國泰-新莊,2024-01-15,8886
2369,菱生,17,0,17,國泰-新莊,2024-01-15,8886
00680L,元大美債20正2,31,15,16,國泰-新莊,2024-01-15,8886
1514,亞力,76,60,16,國泰-新莊,2024-01-15,8886
0056,元大高股息,309,17,292,國泰-新莊,2024-01-16,8886
00929,復華台灣科技優息,348,56,292,國泰-新莊,2024-01-16,8886
2883,凱基金,204,46,158,國泰-新莊,2024-01-16,8886
00665L,富邦�琤肭磪囓�2,530,381,149,國泰-新莊,2024-01-16,8886
00878,國泰永續高股息,158,17,141,國泰-新莊,2024-01-16,8886
00927,群益半導體收益,146,5,141,國泰-新莊,2024-01-16,8886
9105,泰金寶-DR,123,14,109,國泰-新莊,2024-01-16,8886
00937B,群益ESG投等債20,109,7,102,國泰-新莊,2024-01-16,8886
2888,新光金,97,2,95,國泰-新莊,2024-01-16,8886
1413,宏洲,90,0,90,國泰-新莊,2024-01-16,8886
00881,國泰台灣5G+,114,32,82,國泰-新莊,2024-01-16,8886
2884,玉山金,177,95,82,國泰-新莊,2024-01-16,8886
1314,中石化,81,0,81,國泰-新莊,2024-01-16,8886
2610,華航,109,31,78,國泰-新莊,2024-01-16,8886
2887,台新金,97,21,76,國泰-新莊,2024-01-16,8886
00687B,國泰20年美債,75,3,72,國泰-新莊,2024-01-16,8886
6120,達運,137,65,72,國泰-新莊,2024-01-16,8886
8096,擎亞,285,216,69,國泰-新莊,2024-01-16,8886
2882,國泰金,68,6,62,國泰-新莊,2024-01-16,8886
00919,群益台灣精選高息,149,89,60,國泰-新莊,2024-01-16,8886
2634,漢翔,60,2,58,國泰-新莊,2024-01-16,8886
00725B,國泰投資級公司債,57,0,57,國泰-新莊,2024-01-16,8886
2312,金寶,65,9,56,國泰-新莊,2024-01-16,8886
00751B,元大AAA至A公司債,53,1,52,國泰-新莊,2024-01-16,8886
00720B,元大投資級公司債,78,26,52,國泰-新莊,2024-01-16,8886
2801,彰銀,49,0,49,國泰-新莊,2024-01-16,8886
2486,一詮,94,46,48,國泰-新莊,2024-01-16,8886
2609,陽明,85,38,47,國泰-新莊,2024-01-16,8886
2867,三商壽,48,2,46,國泰-新莊,2024-01-16,8886
6140,訊達,84,38,46,國泰-新莊,2024-01-16,8886
2344,華邦電,50,6,44,國泰-新莊,2024-01-16,8886
00715L,期街口布蘭特正2,106,63,43,國泰-新莊,2024-01-16,8886
1301,台塑,38,1,37,國泰-新莊,2024-01-16,8886
1609,大亞,48,11,37,國泰-新莊,2024-01-16,8886
1308,亞聚,37,1,36,國泰-新莊,2024-01-16,8886
2834,臺企銀,35,2,33,國泰-新莊,2024-01-16,8886
00679B,元大美債20年,42,9,33,國泰-新莊,2024-01-16,8886
0050,元大台灣50,33,1,32,國泰-新莊,2024-01-16,8886
1101,台泥,32,1,31,國泰-新莊,2024-01-16,8886
5880,合庫金,31,0,31,國泰-新莊,2024-01-16,8886
00680L,元大美債20正2,31,0,31,國泰-新莊,2024-01-16,8886
6695,芯鼎,274,245,29,國泰-新莊,2024-01-16,8886
9945,潤泰新,29,0,29,國泰-新莊,2024-01-16,8886
00935,野村臺灣新科技50,38,9,29,國泰-新莊,2024-01-16,8886
00922,國泰台灣領袖50,28,0,28,國泰-新莊,2024-01-16,8886
2885,元大金,30,2,28,國泰-新莊,2024-01-16,8886
006208,富邦台50,29,2,27,國泰-新莊,2024-01-16,8886
2618,長榮航,48,22,26,國泰-新莊,2024-01-16,8886
00918,大華優利高填息30,27,1,26,國泰-新莊,2024-01-16,8886
2603,長榮,57,31,26,國泰-新莊,2024-01-16,8886
00929,復華台灣科技優息,952,47,905,國泰-新莊,2024-01-17,8886
00919,群益台灣精選高息,636,85,551,國泰-新莊,2024-01-17,8886
0056,元大高股息,386,38,348,國泰-新莊,2024-01-17,8886
00878,國泰永續高股息,315,43,272,國泰-新莊,2024-01-17,8886
00882,中信中國高股息,262,3,259,國泰-新莊,2024-01-17,8886
2344,華邦電,231,18,213,國泰-新莊,2024-01-17,8886
00687B,國泰20年美債,191,2,189,國泰-新莊,2024-01-17,8886
2610,華航,176,4,172,國泰-新莊,2024-01-17,8886
2303,聯電,199,27,172,國泰-新莊,2024-01-17,8886
2887,台新金,154,0,154,國泰-新莊,2024-01-17,8886
1314,中石化,131,1,130,國泰-新莊,2024-01-17,8886
2609,陽明,180,51,129,國泰-新莊,2024-01-17,8886
00937B,群益ESG投等債20,245,121,124,國泰-新莊,2024-01-17,8886
2809,京城銀,120,1,119,國泰-新莊,2024-01-17,8886
00927,群益半導體收益,113,0,113,國泰-新莊,2024-01-17,8886
00650L,復華香港正2,134,31,103,國泰-新莊,2024-01-17,8886
2883,凱基金,100,18,82,國泰-新莊,2024-01-17,8886
2888,新光金,106,29,77,國泰-新莊,2024-01-17,8886
00902,中信電池及儲能,75,0,75,國泰-新莊,2024-01-17,8886
00881,國泰台灣5G+,82,8,74,國泰-新莊,2024-01-17,8886
00751B,元大AAA至A公司債,74,0,74,國泰-新莊,2024-01-17,8886
2618,長榮航,99,30,69,國泰-新莊,2024-01-17,8886
00680L,元大美債20正2,67,0,67,國泰-新莊,2024-01-17,8886
0050,元大台灣50,67,1,66,國泰-新莊,2024-01-17,8886
2882,國泰金,66,0,66,國泰-新莊,2024-01-17,8886
00795B,中信美國公債20年,61,0,61,國泰-新莊,2024-01-17,8886
1413,宏洲,60,0,60,國泰-新莊,2024-01-17,8886
2002,中鋼,57,0,57,國泰-新莊,2024-01-17,8886
2317,鴻海,57,4,53,國泰-新莊,2024-01-17,8886
2636,台驊控股,51,2,49,國泰-新莊,2024-01-17,8886
00679B,元大美債20年,96,48,48,國泰-新莊,2024-01-17,8886
5880,合庫金,46,0,46,國泰-新莊,2024-01-17,8886
2884,玉山金,54,13,41,國泰-新莊,2024-01-17,8886
020034,元大IC設計N,40,0,40,國泰-新莊,2024-01-17,8886
2634,漢翔,41,2,39,國泰-新莊,2024-01-17,8886
2305,全友,39,0,39,國泰-新莊,2024-01-17,8886
00918,大華優利高填息30,33,1,32,國泰-新莊,2024-01-17,8886
00688L,國泰20年美債正2,59,27,32,國泰-新莊,2024-01-17,8886
6770,力積電,41,9,32,國泰-新莊,2024-01-17,8886
2886,兆豐金,36,4,32,國泰-新莊,2024-01-17,8886
2371,大同,51,19,32,國泰-新莊,2024-01-17,8886
8096,擎亞,217,186,31,國泰-新莊,2024-01-17,8886
2801,彰銀,31,0,31,國泰-新莊,2024-01-17,8886
2308,台達電,36,6,30,國泰-新莊,2024-01-17,8886
00922,國泰台灣領袖50,36,6,30,國泰-新莊,2024-01-17,8886
6120,達運,65,35,30,國泰-新莊,2024-01-17,8886
3704,合勤控,32,3,29,國泰-新莊,2024-01-17,8886
6139,亞翔,35,7,28,國泰-新莊,2024-01-17,8886
3025,星通,59,32,27,國泰-新莊,2024-01-17,8886
2356,英業達,77,50,27,國泰-新莊,2024-01-17,8886
00665L,富邦�琤肭磪囓�2,531,97,434,國泰-新莊,2024-01-18,8886
00919,群益台灣精選高息,315,58,257,國泰-新莊,2024-01-18,8886
00933B,國泰10Y+金融債,237,8,229,國泰-新莊,2024-01-18,8886
00882,中信中國高股息,242,20,222,國泰-新莊,2024-01-18,8886
2515,中工,121,1,120,國泰-新莊,2024-01-18,8886
00687B,國泰20年美債,125,11,114,國泰-新莊,2024-01-18,8886
00712,復華富時不動產,213,103,110,國泰-新莊,2024-01-18,8886
00929,復華台灣科技優息,588,479,109,國泰-新莊,2024-01-18,8886
00632R,元大台灣50反1,425,319,106,國泰-新莊,2024-01-18,8886
00878,國泰永續高股息,159,74,85,國泰-新莊,2024-01-18,8886
9105,泰金寶-DR,80,1,79,國泰-新莊,2024-01-18,8886
2324,仁寶,120,54,66,國泰-新莊,2024-01-18,8886
2303,聯電,95,29,66,國泰-新莊,2024-01-18,8886
00636,國泰中國A50,61,1,60,國泰-新莊,2024-01-18,8886
2886,兆豐金,60,2,58,國泰-新莊,2024-01-18,8886
00751B,元大AAA至A公司債,60,3,57,國泰-新莊,2024-01-18,8886
00937B,群益ESG投等債20,133,78,55,國泰-新莊,2024-01-18,8886
00923,群益台ESG低碳50,58,8,50,國泰-新莊,2024-01-18,8886
0056,元大高股息,128,80,48,國泰-新莊,2024-01-18,8886
4960,誠美材,55,10,45,國泰-新莊,2024-01-18,8886
2887,台新金,45,2,43,國泰-新莊,2024-01-18,8886
00679B,元大美債20年,49,9,40,國泰-新莊,2024-01-18,8886
4979,華星光,55,21,34,國泰-新莊,2024-01-18,8886
2382,廣達,41,12,29,國泰-新莊,2024-01-18,8886
2882,國泰金,38,9,29,國泰-新莊,2024-01-18,8886
00936,台新永續高息中小,29,4,25,國泰-新莊,2024-01-18,8886
00655L,國泰中國A50正2,121,100,21,國泰-新莊,2024-01-18,8886
0050,元大台灣50,28,7,21,國泰-新莊,2024-01-18,8886
2405,輔信,24,4,20,國泰-新莊,2024-01-18,8886
1314,中石化,20,1,19,國泰-新莊,2024-01-18,8886
00904,新光臺灣半導體30,21,2,19,國泰-新莊,2024-01-18,8886
3231,緯創,93,75,18,國泰-新莊,2024-01-18,8886
3265,台星科,20,2,18,國泰-新莊,2024-01-18,8886
00713,元大台灣高息低波,22,4,18,國泰-新莊,2024-01-18,8886
00934,中信成長高股息,24,7,17,國泰-新莊,2024-01-18,8886
8034,榮群,41,25,16,國泰-新莊,2024-01-18,8886
00680L,元大美債20正2,17,2,15,國泰-新莊,2024-01-18,8886
2881,富邦金,16,1,15,國泰-新莊,2024-01-18,8886
2915,潤泰全,16,1,15,國泰-新莊,2024-01-18,8886
2834,臺企銀,19,4,15,國泰-新莊,2024-01-18,8886
00922,國泰台灣領袖50,15,0,15,國泰-新莊,2024-01-18,8886
2356,英業達,75,60,15,國泰-新莊,2024-01-18,8886
3032,偉訓,17,3,14,國泰-新莊,2024-01-18,8886
3376,新日興,14,0,14,國泰-新莊,2024-01-18,8886
5244,弘凱,19,6,13,國泰-新莊,2024-01-18,8886
00652,富邦印度,15,2,13,國泰-新莊,2024-01-18,8886
00631L,元大台灣50正2,21,9,12,國泰-新莊,2024-01-18,8886
00926,凱基全球菁英55,12,0,12,國泰-新莊,2024-01-18,8886
5880,合庫金,12,0,12,國泰-新莊,2024-01-18,8886
2002,中鋼,13,2,11,國泰-新莊,2024-01-18,8886
00632R,元大台灣50反1,1328,423,905,國泰-新莊,2024-01-19,8886
00937B,群益ESG投等債20,392,0,392,國泰-新莊,2024-01-19,8886
00680L,元大美債20正2,304,3,301,國泰-新莊,2024-01-19,8886
00688L,國泰20年美債正2,235,0,235,國泰-新莊,2024-01-19,8886
00687B,國泰20年美債,217,8,209,國泰-新莊,2024-01-19,8886
00933B,國泰10Y+金融債,186,0,186,國泰-新莊,2024-01-19,8886
00919,群益台灣精選高息,216,30,186,國泰-新莊,2024-01-19,8886
00882,中信中國高股息,173,6,167,國泰-新莊,2024-01-19,8886
00679B,元大美債20年,170,7,163,國泰-新莊,2024-01-19,8886
6116,彩晶,150,1,149,國泰-新莊,2024-01-19,8886
00751B,元大AAA至A公司債,97,0,97,國泰-新莊,2024-01-19,8886
1528,恩德,113,36,77,國泰-新莊,2024-01-19,8886
6026,福邦證,74,0,74,國泰-新莊,2024-01-19,8886
2886,兆豐金,59,1,58,國泰-新莊,2024-01-19,8886
00931B,統一美債20年,63,5,58,國泰-新莊,2024-01-19,8886
00795B,中信美國公債20年,54,2,52,國泰-新莊,2024-01-19,8886
2887,台新金,52,1,51,國泰-新莊,2024-01-19,8886
9105,泰金寶-DR,56,15,41,國泰-新莊,2024-01-19,8886
00712,復華富時不動產,40,0,40,國泰-新莊,2024-01-19,8886
00929,復華台灣科技優息,209,171,38,國泰-新莊,2024-01-19,8886
00673R,期元大S＆P原油反1,38,0,38,國泰-新莊,2024-01-19,8886
00927,群益半導體收益,65,30,35,國泰-新莊,2024-01-19,8886
6120,達運,110,77,33,國泰-新莊,2024-01-19,8886
2353,宏��,65,32,33,國泰-新莊,2024-01-19,8886
5383,金利,35,4,31,國泰-新莊,2024-01-19,8886
2409,友達,85,55,30,國泰-新莊,2024-01-19,8886
2634,漢翔,33,3,30,國泰-新莊,2024-01-19,8886
2352,佳世達,33,4,29,國泰-新莊,2024-01-19,8886
2618,長榮航,42,15,27,國泰-新莊,2024-01-19,8886
2002,中鋼,27,0,27,國泰-新莊,2024-01-19,8886
6695,芯鼎,46,19,27,國泰-新莊,2024-01-19,8886
6770,力積電,41,14,27,國泰-新莊,2024-01-19,8886
00753L,中信中國50正2,39,15,24,國泰-新莊,2024-01-19,8886
3013,晟銘電,60,36,24,國泰-新莊,2024-01-19,8886
2610,華航,47,25,22,國泰-新莊,2024-01-19,8886
6147,頎邦,22,0,22,國泰-新莊,2024-01-19,8886
00918,大華優利高填息30,21,0,21,國泰-新莊,2024-01-19,8886
2882,國泰金,27,6,21,國泰-新莊,2024-01-19,8886
00664R,國泰臺灣加權反1,31,10,21,國泰-新莊,2024-01-19,8886
2603,長榮,44,24,20,國泰-新莊,2024-01-19,8886
9945,潤泰新,20,1,19,國泰-新莊,2024-01-19,8886
3033,威健,28,9,19,國泰-新莊,2024-01-19,8886
2615,萬海,25,6,19,國泰-新莊,2024-01-19,8886
1514,亞力,33,14,19,國泰-新莊,2024-01-19,8886
8096,擎亞,97,80,17,國泰-新莊,2024-01-19,8886
2337,旺宏,19,2,17,國泰-新莊,2024-01-19,8886
3576,聯合再生,16,0,16,國泰-新莊,2024-01-19,8886
2883,凱基金,16,1,15,國泰-新莊,2024-01-19,8886
3050,鈺德,17,2,15,國泰-新莊,2024-01-19,8886
00692,富邦公司治理,28,14,14,國泰-新莊,2024-01-19,8886
00882,中信中國高股息,309,6,303,國泰-新莊,2024-01-22,8886
2515,中工,238,1,237,國泰-新莊,2024-01-22,8886
00933B,國泰10Y+金融債,155,4,151,國泰-新莊,2024-01-22,8886
00715L,期街口布蘭特正2,205,60,145,國泰-新莊,2024-01-22,8886
9105,泰金寶-DR,129,7,122,國泰-新莊,2024-01-22,8886
00919,群益台灣精選高息,135,31,104,國泰-新莊,2024-01-22,8886
2618,長榮航,131,37,94,國泰-新莊,2024-01-22,8886
2353,宏��,141,53,88,國泰-新莊,2024-01-22,8886
3481,群創,506,423,83,國泰-新莊,2024-01-22,8886
1528,恩德,159,77,82,國泰-新莊,2024-01-22,8886
5383,金利,55,0,55,國泰-新莊,2024-01-22,8886
00687B,國泰20年美債,79,24,55,國泰-新莊,2024-01-22,8886
00929,復華台灣科技優息,289,236,53,國泰-新莊,2024-01-22,8886
6120,達運,74,23,51,國泰-新莊,2024-01-22,8886
00679B,元大美債20年,50,4,46,國泰-新莊,2024-01-22,8886
2316,楠梓電,91,46,45,國泰-新莊,2024-01-22,8886
00902,中信電池及儲能,44,2,42,國泰-新莊,2024-01-22,8886
3338,泰碩,38,0,38,國泰-新莊,2024-01-22,8886
5426,振發,136,98,38,國泰-新莊,2024-01-22,8886
8011,台通,37,3,34,國泰-新莊,2024-01-22,8886
2542,興富發,32,0,32,國泰-新莊,2024-01-22,8886
00753L,中信中國50正2,491,461,30,國泰-新莊,2024-01-22,8886
3025,星通,59,30,29,國泰-新莊,2024-01-22,8886
1326,台化,27,1,26,國泰-新莊,2024-01-22,8886
2344,華邦電,36,12,24,國泰-新莊,2024-01-22,8886
00795B,中信美國公債20年,23,0,23,國泰-新莊,2024-01-22,8886
3715,定穎投控,36,13,23,國泰-新莊,2024-01-22,8886
1802,台玻,23,0,23,國泰-新莊,2024-01-22,8886
2023,燁輝,22,0,22,國泰-新莊,2024-01-22,8886
2002,中鋼,21,0,21,國泰-新莊,2024-01-22,8886
8085,福華,24,4,20,國泰-新莊,2024-01-22,8886
6139,亞翔,20,1,19,國泰-新莊,2024-01-22,8886
2884,玉山金,20,1,19,國泰-新莊,2024-01-22,8886
2609,陽明,122,103,19,國泰-新莊,2024-01-22,8886
6147,頎邦,18,0,18,國泰-新莊,2024-01-22,8886
3437,榮創,30,12,18,國泰-新莊,2024-01-22,8886
00934,中信成長高股息,31,13,18,國泰-新莊,2024-01-22,8886
3207,耀勝,16,0,16,國泰-新莊,2024-01-22,8886
1815,富喬,24,8,16,國泰-新莊,2024-01-22,8886
00675L,富邦臺灣加權正2,16,1,15,國泰-新莊,2024-01-22,8886
3520,華盈,17,2,15,國泰-新莊,2024-01-22,8886
2603,長榮,31,17,14,國泰-新莊,2024-01-22,8886
5009,榮剛,13,0,13,國泰-新莊,2024-01-22,8886
6190,萬泰科,22,9,13,國泰-新莊,2024-01-22,8886
1102,亞泥,12,0,12,國泰-新莊,2024-01-22,8886
8086,宏捷科,16,4,12,國泰-新莊,2024-01-22,8886
00680L,元大美債20正2,12,0,12,國泰-新莊,2024-01-22,8886
00662,富邦NASDAQ,12,0,12,國泰-新莊,2024-01-22,8886
4402,郡都開發,11,0,11,國泰-新莊,2024-01-22,8886
6140,訊達,42,31,11,國泰-新莊,2024-01-22,8886
3481,群創,739,541,198,國泰-新莊,2024-01-23,8886
2609,陽明,187,68,119,國泰-新莊,2024-01-23,8886
00795B,中信美國公債20年,86,1,85,國泰-新莊,2024-01-23,8886
6120,達運,158,79,79,國泰-新莊,2024-01-23,8886
2486,一詮,86,8,78,國泰-新莊,2024-01-23,8886
00937B,群益ESG投等債20,89,17,72,國泰-新莊,2024-01-23,8886
1612,宏泰,70,0,70,國泰-新莊,2024-01-23,8886
2332,友訊,75,10,65,國泰-新莊,2024-01-23,8886
00673R,期元大S＆P原油反1,60,0,60,國泰-新莊,2024-01-23,8886
00751B,元大AAA至A公司債,60,0,60,國泰-新莊,2024-01-23,8886
2324,仁寶,84,25,59,國泰-新莊,2024-01-23,8886
6164,華興,45,0,45,國泰-新莊,2024-01-23,8886
00687B,國泰20年美債,50,6,44,國泰-新莊,2024-01-23,8886
6140,訊達,125,83,42,國泰-新莊,2024-01-23,8886
3380,明泰,39,4,35,國泰-新莊,2024-01-23,8886
2208,台船,43,9,34,國泰-新莊,2024-01-23,8886
00712,復華富時不動產,36,4,32,國泰-新莊,2024-01-23,8886
2887,台新金,34,3,31,國泰-新莊,2024-01-23,8886
00632R,元大台灣50反1,49,18,31,國泰-新莊,2024-01-23,8886
2542,興富發,31,1,30,國泰-新莊,2024-01-23,8886
3615,安可,89,61,28,國泰-新莊,2024-01-23,8886
00662,富邦NASDAQ,27,0,27,國泰-新莊,2024-01-23,8886
6126,信音,31,4,27,國泰-新莊,2024-01-23,8886
2363,矽統,37,12,25,國泰-新莊,2024-01-23,8886
3059,華晶科,48,24,24,國泰-新莊,2024-01-23,8886
2610,華航,29,7,22,國泰-新莊,2024-01-23,8886
2316,楠梓電,25,4,21,國泰-新莊,2024-01-23,8886
00679B,元大美債20年,30,10,20,國泰-新莊,2024-01-23,8886
2101,南港,20,0,20,國泰-新莊,2024-01-23,8886
8034,榮群,52,33,19,國泰-新莊,2024-01-23,8886
4960,誠美材,64,45,19,國泰-新莊,2024-01-23,8886
9105,泰金寶-DR,27,9,18,國泰-新莊,2024-01-23,8886
3058,立德,17,0,17,國泰-新莊,2024-01-23,8886
3363,上詮,20,4,16,國泰-新莊,2024-01-23,8886
2603,長榮,31,16,15,國泰-新莊,2024-01-23,8886
2884,玉山金,14,0,14,國泰-新莊,2024-01-23,8886
2002,中鋼,13,0,13,國泰-新莊,2024-01-23,8886
00641R,富邦日本反1,13,0,13,國泰-新莊,2024-01-23,8886
3622,洋華,19,6,13,國泰-新莊,2024-01-23,8886
00688L,國泰20年美債正2,13,0,13,國泰-新莊,2024-01-23,8886
00637L,元大滬深300正2,429,417,12,國泰-新莊,2024-01-23,8886
00902,中信電池及儲能,12,0,12,國泰-新莊,2024-01-23,8886
3036,文曄,35,24,11,國泰-新莊,2024-01-23,8886
2392,正崴,11,0,11,國泰-新莊,2024-01-23,8886
2449,京元電子,30,19,11,國泰-新莊,2024-01-23,8886
00929,復華台灣科技優息,95,84,11,國泰-新莊,2024-01-23,8886
3706,神達,114,104,10,國泰-新莊,2024-01-23,8886
1447,力鵬,10,0,10,國泰-新莊,2024-01-23,8886
3032,偉訓,31,21,10,國泰-新莊,2024-01-23,8886
3520,華盈,14,4,10,國泰-新莊,2024-01-23,8886
00937B,群益ESG投等債20,315,2,313,國泰-新莊,2024-01-24,8886
00665L,富邦�琤肭磪囓�2,319,45,274,國泰-新莊,2024-01-24,8886
00637L,元大滬深300正2,336,171,165,國泰-新莊,2024-01-24,8886
00687B,國泰20年美債,114,11,103,國泰-新莊,2024-01-24,8886
00929,復華台灣科技優息,170,71,99,國泰-新莊,2024-01-24,8886
00655L,國泰中國A50正2,90,0,90,國泰-新莊,2024-01-24,8886
00922,國泰台灣領袖50,85,0,85,國泰-新莊,2024-01-24,8886
00632R,元大台灣50反1,89,6,83,國泰-新莊,2024-01-24,8886
5521,工信,93,11,82,國泰-新莊,2024-01-24,8886
00679B,元大美債20年,81,2,79,國泰-新莊,2024-01-24,8886
1612,宏泰,77,0,77,國泰-新莊,2024-01-24,8886
00923,群益台ESG低碳50,85,18,67,國泰-新莊,2024-01-24,8886
3631,晟楠,52,0,52,國泰-新莊,2024-01-24,8886
6164,華興,50,0,50,國泰-新莊,2024-01-24,8886
00753L,中信中國50正2,263,216,47,國泰-新莊,2024-01-24,8886
2344,華邦電,89,44,45,國泰-新莊,2024-01-24,8886
2324,仁寶,85,44,41,國泰-新莊,2024-01-24,8886
3231,緯創,108,68,40,國泰-新莊,2024-01-24,8886
3437,榮創,42,3,39,國泰-新莊,2024-01-24,8886
2515,中工,35,0,35,國泰-新莊,2024-01-24,8886
00720B,元大投資級公司債,35,2,33,國泰-新莊,2024-01-24,8886
8034,榮群,54,22,32,國泰-新莊,2024-01-24,8886
2369,菱生,231,200,31,國泰-新莊,2024-01-24,8886
00927,群益半導體收益,34,7,27,國泰-新莊,2024-01-24,8886
2313,華通,95,68,27,國泰-新莊,2024-01-24,8886
2887,台新金,30,5,25,國泰-新莊,2024-01-24,8886
2002,中鋼,35,10,25,國泰-新莊,2024-01-24,8886
00795B,中信美國公債20年,23,0,23,國泰-新莊,2024-01-24,8886
4129,聯合,37,14,23,國泰-新莊,2024-01-24,8886
00715L,期街口布蘭特正2,33,11,22,國泰-新莊,2024-01-24,8886
3260,威剛,25,4,21,國泰-新莊,2024-01-24,8886
6584,南俊國際,44,23,21,國泰-新莊,2024-01-24,8886
3580,友威科,20,0,20,國泰-新莊,2024-01-24,8886
2601,益航,20,0,20,國泰-新莊,2024-01-24,8886
3058,立德,20,0,20,國泰-新莊,2024-01-24,8886
6770,力積電,61,42,19,國泰-新莊,2024-01-24,8886
8089,康全電訊,27,9,18,國泰-新莊,2024-01-24,8886
5880,合庫金,19,1,18,國泰-新莊,2024-01-24,8886
6117,迎廣,20,3,17,國泰-新莊,2024-01-24,8886
2884,玉山金,18,2,16,國泰-新莊,2024-01-24,8886
8936,國統,31,15,16,國泰-新莊,2024-01-24,8886
1301,台塑,17,1,16,國泰-新莊,2024-01-24,8886
910322,康師傅-DR,17,2,15,國泰-新莊,2024-01-24,8886
6191,精成科,17,2,15,國泰-新莊,2024-01-24,8886
2014,中鴻,14,0,14,國泰-新莊,2024-01-24,8886
4123,晟德,19,5,14,國泰-新莊,2024-01-24,8886
1319,東陽,19,6,13,國泰-新莊,2024-01-24,8886
6863,永道-KY,13,0,13,國泰-新莊,2024-01-24,8886
00671R,富邦NASDAQ反1,13,0,13,國泰-新莊,2024-01-24,8886
2615,萬海,16,4,12,國泰-新莊,2024-01-24,8886
00687B,國泰20年美債,353,2,351,國泰-新莊,2024-01-25,8886
00937B,群益ESG投等債20,283,11,272,國泰-新莊,2024-01-25,8886
00720B,元大投資級公司債,256,9,247,國泰-新莊,2024-01-25,8886
00712,復華富時不動產,132,5,127,國泰-新莊,2024-01-25,8886
00679B,元大美債20年,171,47,124,國泰-新莊,2024-01-25,8886
00933B,國泰10Y+金融債,124,2,122,國泰-新莊,2024-01-25,8886
00688L,國泰20年美債正2,125,20,105,國泰-新莊,2024-01-25,8886
8096,擎亞,276,197,79,國泰-新莊,2024-01-25,8886
3706,神達,103,49,54,國泰-新莊,2024-01-25,8886
2356,英業達,214,165,49,國泰-新莊,2024-01-25,8886
2515,中工,47,0,47,國泰-新莊,2024-01-25,8886
6113,亞矽,127,81,46,國泰-新莊,2024-01-25,8886
00751B,元大AAA至A公司債,45,0,45,國泰-新莊,2024-01-25,8886
1524,耿鼎,44,0,44,國泰-新莊,2024-01-25,8886
2609,陽明,52,11,41,國泰-新莊,2024-01-25,8886
6164,華興,40,0,40,國泰-新莊,2024-01-25,8886
4909,新復興,183,143,40,國泰-新莊,2024-01-25,8886
2344,華邦電,62,26,36,國泰-新莊,2024-01-25,8886
5488,松普,35,0,35,國泰-新莊,2024-01-25,8886
1528,恩德,92,60,32,國泰-新莊,2024-01-25,8886
00931B,統一美債20年,26,0,26,國泰-新莊,2024-01-25,8886
00633L,富邦上証正2,25,0,25,國泰-新莊,2024-01-25,8886
1449,佳和,25,0,25,國泰-新莊,2024-01-25,8886
3231,緯創,210,186,24,國泰-新莊,2024-01-25,8886
00795B,中信美國公債20年,25,1,24,國泰-新莊,2024-01-25,8886
2486,一詮,26,2,24,國泰-新莊,2024-01-25,8886
6120,達運,32,9,23,國泰-新莊,2024-01-25,8886
3047,訊舟,66,43,23,國泰-新莊,2024-01-25,8886
6139,亞翔,26,4,22,國泰-新莊,2024-01-25,8886
6116,彩晶,31,9,22,國泰-新莊,2024-01-25,8886
2618,長榮航,29,8,21,國泰-新莊,2024-01-25,8886
3694,海華,46,25,21,國泰-新莊,2024-01-25,8886
2545,皇翔,21,0,21,國泰-新莊,2024-01-25,8886
5244,弘凱,23,2,21,國泰-新莊,2024-01-25,8886
3025,星通,30,11,19,國泰-新莊,2024-01-25,8886
4167,松瑞藥,22,4,18,國泰-新莊,2024-01-25,8886
3081,聯亞,18,1,17,國泰-新莊,2024-01-25,8886
2014,中鴻,20,3,17,國泰-新莊,2024-01-25,8886
00733,富邦臺灣中小,18,1,17,國泰-新莊,2024-01-25,8886
5439,高技,16,0,16,國泰-新莊,2024-01-25,8886
5347,世界,17,1,16,國泰-新莊,2024-01-25,8886
2392,正崴,15,0,15,國泰-新莊,2024-01-25,8886
2603,長榮,24,10,14,國泰-新莊,2024-01-25,8886
5521,工信,28,14,14,國泰-新莊,2024-01-25,8886
1519,華城,20,7,13,國泰-新莊,2024-01-25,8886
2888,新光金,17,4,13,國泰-新莊,2024-01-25,8886
2542,興富發,13,0,13,國泰-新莊,2024-01-25,8886
6111,大宇資,15,3,12,國泰-新莊,2024-01-25,8886
1513,中興電,34,22,12,國泰-新莊,2024-01-25,8886
2313,華通,33,21,12,國泰-新莊,2024-01-25,8886
00665L,富邦�琤肭磪囓�2,556,277,279,國泰-新莊,2024-01-26,8886
2303,聯電,292,55,237,國泰-新莊,2024-01-26,8886
00632R,元大台灣50反1,172,10,162,國泰-新莊,2024-01-26,8886
00929,復華台灣科技優息,207,63,144,國泰-新莊,2024-01-26,8886
00673R,期元大S＆P原油反1,145,2,143,國泰-新莊,2024-01-26,8886
3706,神達,171,38,133,國泰-新莊,2024-01-26,8886
00919,群益台灣精選高息,141,33,108,國泰-新莊,2024-01-26,8886
6116,彩晶,103,10,93,國泰-新莊,2024-01-26,8886
00878,國泰永續高股息,136,44,92,國泰-新莊,2024-01-26,8886
00937B,群益ESG投等債20,98,12,86,國泰-新莊,2024-01-26,8886
00679B,元大美債20年,65,3,62,國泰-新莊,2024-01-26,8886
0056,元大高股息,63,10,53,國泰-新莊,2024-01-26,8886
2609,陽明,68,21,47,國泰-新莊,2024-01-26,8886
8299,群聯,44,0,44,國泰-新莊,2024-01-26,8886
00936,台新永續高息中小,44,1,43,國泰-新莊,2024-01-26,8886
2365,昆盈,84,41,43,國泰-新莊,2024-01-26,8886
2486,一詮,65,24,41,國泰-新莊,2024-01-26,8886
00795B,中信美國公債20年,37,0,37,國泰-新莊,2024-01-26,8886
1802,台玻,35,0,35,國泰-新莊,2024-01-26,8886
6120,達運,70,36,34,國泰-新莊,2024-01-26,8886
6164,華興,33,0,33,國泰-新莊,2024-01-26,8886
2324,仁寶,114,83,31,國泰-新莊,2024-01-26,8886
3081,聯亞,30,0,30,國泰-新莊,2024-01-26,8886
00687B,國泰20年美債,42,13,29,國泰-新莊,2024-01-26,8886
6425,易發,29,0,29,國泰-新莊,2024-01-26,8886
2618,長榮航,152,124,28,國泰-新莊,2024-01-26,8886
00918,大華優利高填息30,28,1,27,國泰-新莊,2024-01-26,8886
00933B,國泰10Y+金融債,33,6,27,國泰-新莊,2024-01-26,8886
2002,中鋼,32,5,27,國泰-新莊,2024-01-26,8886
00720B,元大投資級公司債,26,1,25,國泰-新莊,2024-01-26,8886
00712,復華富時不動產,26,1,25,國泰-新莊,2024-01-26,8886
3481,群創,315,291,24,國泰-新莊,2024-01-26,8886
3035,智原,51,28,23,國泰-新莊,2024-01-26,8886
8096,擎亞,94,71,23,國泰-新莊,2024-01-26,8886
2883,凱基金,48,26,22,國泰-新莊,2024-01-26,8886
3037,欣興,34,12,22,國泰-新莊,2024-01-26,8886
00753L,中信中國50正2,59,38,21,國泰-新莊,2024-01-26,8886
00722B,群益投資級電信債,20,0,20,國泰-新莊,2024-01-26,8886
00633L,富邦上証正2,20,0,20,國泰-新莊,2024-01-26,8886
6140,訊達,105,85,20,國泰-新莊,2024-01-26,8886
00882,中信中國高股息,42,24,18,國泰-新莊,2024-01-26,8886
3535,晶彩科,59,43,16,國泰-新莊,2024-01-26,8886
3576,聯合再生,16,1,15,國泰-新莊,2024-01-26,8886
3005,神基,28,13,15,國泰-新莊,2024-01-26,8886
3402,漢科,17,2,15,國泰-新莊,2024-01-26,8886
2301,光寶科,18,3,15,國泰-新莊,2024-01-26,8886
3036,文曄,19,5,14,國泰-新莊,2024-01-26,8886
6235,華孚,32,18,14,國泰-新莊,2024-01-26,8886
3354,律勝,34,20,14,國泰-新莊,2024-01-26,8886
00680L,元大美債20正2,14,0,14,國泰-新莊,2024-01-26,8886
3481,群創,484,198,286,國泰-新莊,2024-01-29,8886
00937B,群益ESG投等債20,306,27,279,國泰-新莊,2024-01-29,8886
00687B,國泰20年美債,132,1,131,國泰-新莊,2024-01-29,8886
2303,聯電,112,6,106,國泰-新莊,2024-01-29,8886
00753L,中信中國50正2,131,26,105,國泰-新莊,2024-01-29,8886
1460,宏遠,102,0,102,國泰-新莊,2024-01-29,8886
00632R,元大台灣50反1,153,55,98,國泰-新莊,2024-01-29,8886
00673R,期元大S＆P原油反1,122,28,94,國泰-新莊,2024-01-29,8886
00680L,元大美債20正2,90,0,90,國泰-新莊,2024-01-29,8886
3055,蔚華科,73,2,71,國泰-新莊,2024-01-29,8886
6229,研通,94,36,58,國泰-新莊,2024-01-29,8886
00919,群益台灣精選高息,99,44,55,國泰-新莊,2024-01-29,8886
00933B,國泰10Y+金融債,52,0,52,國泰-新莊,2024-01-29,8886
5457,宣德,38,1,37,國泰-新莊,2024-01-29,8886
00720B,元大投資級公司債,38,1,37,國泰-新莊,2024-01-29,8886
2515,中工,144,108,36,國泰-新莊,2024-01-29,8886
00931B,統一美債20年,31,0,31,國泰-新莊,2024-01-29,8886
5512,力麒,31,0,31,國泰-新莊,2024-01-29,8886
00712,復華富時不動產,33,2,31,國泰-新莊,2024-01-29,8886
2344,華邦電,28,0,28,國泰-新莊,2024-01-29,8886
2609,陽明,64,37,27,國泰-新莊,2024-01-29,8886
8011,台通,35,9,26,國泰-新莊,2024-01-29,8886
2409,友達,40,14,26,國泰-新莊,2024-01-29,8886
00795B,中信美國公債20年,26,1,25,國泰-新莊,2024-01-29,8886
2537,聯上發,24,1,23,國泰-新莊,2024-01-29,8886
9105,泰金寶-DR,23,0,23,國泰-新莊,2024-01-29,8886
00679B,元大美債20年,24,2,22,國泰-新莊,2024-01-29,8886
00752,中信中國50,22,0,22,國泰-新莊,2024-01-29,8886
00882,中信中國高股息,32,11,21,國泰-新莊,2024-01-29,8886
2605,新興,20,0,20,國泰-新莊,2024-01-29,8886
5426,振發,110,91,19,國泰-新莊,2024-01-29,8886
6425,易發,18,0,18,國泰-新莊,2024-01-29,8886
00688L,國泰20年美債正2,18,0,18,國泰-新莊,2024-01-29,8886
8096,擎亞,165,147,18,國泰-新莊,2024-01-29,8886
2892,第一金,19,2,17,國泰-新莊,2024-01-29,8886
2634,漢翔,16,0,16,國泰-新莊,2024-01-29,8886
6235,華孚,26,11,15,國泰-新莊,2024-01-29,8886
00652,富邦印度,15,1,14,國泰-新莊,2024-01-29,8886
00830,國泰費城半導體,14,0,14,國泰-新莊,2024-01-29,8886
00902,中信電池及儲能,13,0,13,國泰-新莊,2024-01-29,8886
5443,均豪,16,3,13,國泰-新莊,2024-01-29,8886
6140,訊達,21,8,13,國泰-新莊,2024-01-29,8886
00637L,元大滬深300正2,456,443,13,國泰-新莊,2024-01-29,8886
6163,華電網,12,0,12,國泰-新莊,2024-01-29,8886
1326,台化,12,1,11,國泰-新莊,2024-01-29,8886
5383,金利,12,1,11,國泰-新莊,2024-01-29,8886
5351,鈺創,13,2,11,國泰-新莊,2024-01-29,8886
006206,元大上證50,10,0,10,國泰-新莊,2024-01-29,8886
6873,泓德能源,10,0,10,國泰-新莊,2024-01-29,8886
2357,華碩,10,0,10,國泰-新莊,2024-01-29,8886
00637L,元大滬深300正2,580,323,257,國泰-新莊,2024-01-30,8886
00919,群益台灣精選高息,274,36,238,國泰-新莊,2024-01-30,8886
00933B,國泰10Y+金融債,173,4,169,國泰-新莊,2024-01-30,8886
00675L,富邦臺灣加權正2,150,1,149,國泰-新莊,2024-01-30,8886
00753L,中信中國50正2,161,22,139,國泰-新莊,2024-01-30,8886
00929,復華台灣科技優息,145,35,110,國泰-新莊,2024-01-30,8886
00665L,富邦�琤肭磪囓�2,106,5,101,國泰-新莊,2024-01-30,8886
00688L,國泰20年美債正2,83,5,78,國泰-新莊,2024-01-30,8886
2344,華邦電,78,1,77,國泰-新莊,2024-01-30,8886
2867,三商壽,84,13,71,國泰-新莊,2024-01-30,8886
2363,矽統,62,2,60,國泰-新莊,2024-01-30,8886
3481,群創,367,312,55,國泰-新莊,2024-01-30,8886
00680L,元大美債20正2,93,42,51,國泰-新莊,2024-01-30,8886
2431,聯昌,50,0,50,國泰-新莊,2024-01-30,8886
00687B,國泰20年美債,51,3,48,國泰-新莊,2024-01-30,8886
5426,振發,107,65,42,國泰-新莊,2024-01-30,8886
2537,聯上發,42,0,42,國泰-新莊,2024-01-30,8886
5383,金利,51,10,41,國泰-新莊,2024-01-30,8886
00882,中信中國高股息,62,29,33,國泰-新莊,2024-01-30,8886
2303,聯電,51,19,32,國泰-新莊,2024-01-30,8886
2408,南亞科,31,0,31,國泰-新莊,2024-01-30,8886
2882,國泰金,29,0,29,國泰-新莊,2024-01-30,8886
2504,國產,30,1,29,國泰-新莊,2024-01-30,8886
00715L,期街口布蘭特正2,48,21,27,國泰-新莊,2024-01-30,8886
5521,工信,26,0,26,國泰-新莊,2024-01-30,8886
2455,全新,26,2,24,國泰-新莊,2024-01-30,8886
2887,台新金,21,0,21,國泰-新莊,2024-01-30,8886
6282,康舒,41,21,20,國泰-新莊,2024-01-30,8886
1460,宏遠,19,0,19,國泰-新莊,2024-01-30,8886
5871,中租-KY,20,1,19,國泰-新莊,2024-01-30,8886
2888,新光金,18,0,18,國泰-新莊,2024-01-30,8886
3545,敦泰,19,1,18,國泰-新莊,2024-01-30,8886
2337,旺宏,23,7,16,國泰-新莊,2024-01-30,8886
00795B,中信美國公債20年,20,5,15,國泰-新莊,2024-01-30,8886
4960,誠美材,18,3,15,國泰-新莊,2024-01-30,8886
6770,力積電,20,6,14,國泰-新莊,2024-01-30,8886
00679B,元大美債20年,20,6,14,國泰-新莊,2024-01-30,8886
2421,建準,75,62,13,國泰-新莊,2024-01-30,8886
2889,國票金,13,0,13,國泰-新莊,2024-01-30,8886
2208,台船,14,1,13,國泰-新莊,2024-01-30,8886
00877,復華中國5G,13,0,13,國泰-新莊,2024-01-30,8886
1101,台泥,16,4,12,國泰-新莊,2024-01-30,8886
2601,益航,11,0,11,國泰-新莊,2024-01-30,8886
00633L,富邦上証正2,11,0,11,國泰-新莊,2024-01-30,8886
2892,第一金,12,1,11,國泰-新莊,2024-01-30,8886
9105,泰金寶-DR,25,15,10,國泰-新莊,2024-01-30,8886
1721,三晃,10,0,10,國泰-新莊,2024-01-30,8886
2609,陽明,17,7,10,國泰-新莊,2024-01-30,8886
1102,亞泥,11,1,10,國泰-新莊,2024-01-30,8886
3049,精金,10,0,10,國泰-新莊,2024-01-30,8886
3631,晟楠,185,0,185,國泰-新莊,2024-01-31,8886
3706,神達,252,67,185,國泰-新莊,2024-01-31,8886
00665L,富邦�琤肭磪囓�2,172,31,141,國泰-新莊,2024-01-31,8886
00937B,群益ESG投等債20,154,16,138,國泰-新莊,2024-01-31,8886
00687B,國泰20年美債,131,21,110,國泰-新莊,2024-01-31,8886
1309,台達化,103,1,102,國泰-新莊,2024-01-31,8886
00719B,元大美債1-3,100,0,100,國泰-新莊,2024-01-31,8886
00878,國泰永續高股息,126,34,92,國泰-新莊,2024-01-31,8886
00751B,元大AAA至A公司債,86,0,86,國泰-新莊,2024-01-31,8886
3231,緯創,128,54,74,國泰-新莊,2024-01-31,8886
2537,聯上發,73,0,73,國泰-新莊,2024-01-31,8886
00882,中信中國高股息,90,19,71,國泰-新莊,2024-01-31,8886
2352,佳世達,63,5,58,國泰-新莊,2024-01-31,8886
2356,英業達,87,31,56,國泰-新莊,2024-01-31,8886
00679B,元大美債20年,70,15,55,國泰-新莊,2024-01-31,8886
00712,復華富時不動產,66,14,52,國泰-新莊,2024-01-31,8886
6120,達運,64,12,52,國泰-新莊,2024-01-31,8886
2365,昆盈,64,12,52,國泰-新莊,2024-01-31,8886
2405,輔信,52,2,50,國泰-新莊,2024-01-31,8886
3434,哲固,50,1,49,國泰-新莊,2024-01-31,8886
00680L,元大美債20正2,47,0,47,國泰-新莊,2024-01-31,8886
2303,聯電,69,24,45,國泰-新莊,2024-01-31,8886
00919,群益台灣精選高息,146,108,38,國泰-新莊,2024-01-31,8886
8096,擎亞,141,108,33,國泰-新莊,2024-01-31,8886
00637L,元大滬深300正2,84,51,33,國泰-新莊,2024-01-31,8886
1460,宏遠,31,0,31,國泰-新莊,2024-01-31,8886
2867,三商壽,37,7,30,國泰-新莊,2024-01-31,8886
00936,台新永續高息中小,29,0,29,國泰-新莊,2024-01-31,8886
00795B,中信美國公債20年,31,2,29,國泰-新莊,2024-01-31,8886
00688L,國泰20年美債正2,39,10,29,國泰-新莊,2024-01-31,8886
4979,華星光,27,1,26,國泰-新莊,2024-01-31,8886
2883,凱基金,33,8,25,國泰-新莊,2024-01-31,8886
2455,全新,30,5,25,國泰-新莊,2024-01-31,8886
0056,元大高股息,29,5,24,國泰-新莊,2024-01-31,8886
5426,振發,46,25,21,國泰-新莊,2024-01-31,8886
3615,安可,25,4,21,國泰-新莊,2024-01-31,8886
1326,台化,20,0,20,國泰-新莊,2024-01-31,8886
2208,台船,20,0,20,國泰-新莊,2024-01-31,8886
6116,彩晶,26,6,20,國泰-新莊,2024-01-31,8886
9105,泰金寶-DR,19,0,19,國泰-新莊,2024-01-31,8886
2363,矽統,29,10,19,國泰-新莊,2024-01-31,8886
00933B,國泰10Y+金融債,22,4,18,國泰-新莊,2024-01-31,8886
2382,廣達,31,14,17,國泰-新莊,2024-01-31,8886
5215,科嘉-KY,22,6,16,國泰-新莊,2024-01-31,8886
2330,台積電,37,21,16,國泰-新莊,2024-01-31,8886
2308,台達電,14,0,14,國泰-新莊,2024-01-31,8886
00706L,期元大S＆P日圓正2,14,0,14,國泰-新莊,2024-01-31,8886
2886,兆豐金,26,12,14,國泰-新莊,2024-01-31,8886
2887,台新金,14,1,13,國泰-新莊,2024-01-31,8886
5521,工信,16,3,13,國泰-新莊,2024-01-31,8886
00712,復華富時不動產,442,22,420,國泰-新莊,2024-02-01,8886
00937B,群益ESG投等債20,167,37,130,國泰-新莊,2024-02-01,8886
00688L,國泰20年美債正2,100,15,85,國泰-新莊,2024-02-01,8886
00878,國泰永續高股息,129,61,68,國泰-新莊,2024-02-01,8886
2812,台中銀,143,80,63,國泰-新莊,2024-02-01,8886
2887,台新金,60,3,57,國泰-新莊,2024-02-01,8886
2618,長榮航,86,32,54,國泰-新莊,2024-02-01,8886
2888,新光金,51,3,48,國泰-新莊,2024-02-01,8886
8011,台通,72,24,48,國泰-新莊,2024-02-01,8886
00686R,群益臺灣加權反1,46,0,46,國泰-新莊,2024-02-01,8886
3483,力致,46,5,41,國泰-新莊,2024-02-01,8886
1460,宏遠,41,0,41,國泰-新莊,2024-02-01,8886
2515,中工,40,0,40,國泰-新莊,2024-02-01,8886
6139,亞翔,62,22,40,國泰-新莊,2024-02-01,8886
2382,廣達,51,15,36,國泰-新莊,2024-02-01,8886
2409,友達,104,69,35,國泰-新莊,2024-02-01,8886
00929,復華台灣科技優息,176,141,35,國泰-新莊,2024-02-01,8886
6116,彩晶,36,3,33,國泰-新莊,2024-02-01,8886
8936,國統,129,97,32,國泰-新莊,2024-02-01,8886
00715L,期街口布蘭特正2,184,152,32,國泰-新莊,2024-02-01,8886
6695,芯鼎,147,119,28,國泰-新莊,2024-02-01,8886
5383,金利,27,0,27,國泰-新莊,2024-02-01,8886
00795B,中信美國公債20年,26,1,25,國泰-新莊,2024-02-01,8886
00916,國泰全球品牌50,25,1,24,國泰-新莊,2024-02-01,8886
2537,聯上發,23,0,23,國泰-新莊,2024-02-01,8886
00687B,國泰20年美債,102,80,22,國泰-新莊,2024-02-01,8886
00720B,元大投資級公司債,33,11,22,國泰-新莊,2024-02-01,8886
00740B,富邦全球投等債,21,0,21,國泰-新莊,2024-02-01,8886
3033,威健,32,12,20,國泰-新莊,2024-02-01,8886
00751B,元大AAA至A公司債,20,0,20,國泰-新莊,2024-02-01,8886
3545,敦泰,22,2,20,國泰-新莊,2024-02-01,8886
2801,彰銀,18,0,18,國泰-新莊,2024-02-01,8886
2023,燁輝,21,5,16,國泰-新莊,2024-02-01,8886
00680L,元大美債20正2,34,18,16,國泰-新莊,2024-02-01,8886
4968,立積,31,16,15,國泰-新莊,2024-02-01,8886
5381,合正,15,1,14,國泰-新莊,2024-02-01,8886
3041,揚智,52,39,13,國泰-新莊,2024-02-01,8886
6180,橘子,14,2,12,國泰-新莊,2024-02-01,8886
1101,台泥,13,1,12,國泰-新莊,2024-02-01,8886
3694,海華,80,68,12,國泰-新莊,2024-02-01,8886
00931B,統一美債20年,14,3,11,國泰-新莊,2024-02-01,8886
2542,興富發,12,1,11,國泰-新莊,2024-02-01,8886
3543,州巧,14,3,11,國泰-新莊,2024-02-01,8886
2634,漢翔,12,2,10,國泰-新莊,2024-02-01,8886
2330,台積電,25,14,11,國泰-新莊,2024-02-01,8886
8040,九暘,11,1,10,國泰-新莊,2024-02-01,8886
00911,兆豐洲際半導體,10,0,10,國泰-新莊,2024-02-01,8886
1301,台塑,10,0,10,國泰-新莊,2024-02-01,8886
2511,太子,10,0,10,國泰-新莊,2024-02-01,8886
3049,精金,10,0,10,國泰-新莊,2024-02-01,8886
00715L,期街口布蘭特正2,331,20,311,國泰-新莊,2024-02-02,8886
00937B,群益ESG投等債20,352,61,291,國泰-新莊,2024-02-02,8886
2515,中工,173,11,162,國泰-新莊,2024-02-02,8886
1460,宏遠,166,5,161,國泰-新莊,2024-02-02,8886
00712,復華富時不動產,169,40,129,國泰-新莊,2024-02-02,8886
00637L,元大滬深300正2,287,186,101,國泰-新莊,2024-02-02,8886
2537,聯上發,98,1,97,國泰-新莊,2024-02-02,8886
00919,群益台灣精選高息,128,33,95,國泰-新莊,2024-02-02,8886
00878,國泰永續高股息,190,103,87,國泰-新莊,2024-02-02,8886
2303,聯電,90,6,84,國泰-新莊,2024-02-02,8886
3481,群創,366,283,83,國泰-新莊,2024-02-02,8886
3711,日月光投控,79,1,78,國泰-新莊,2024-02-02,8886
5009,榮剛,62,0,62,國泰-新莊,2024-02-02,8886
6546,正基,61,6,55,國泰-新莊,2024-02-02,8886
00680L,元大美債20正2,87,33,54,國泰-新莊,2024-02-02,8886
00934,中信成長高股息,51,0,51,國泰-新莊,2024-02-02,8886
1815,富喬,80,30,50,國泰-新莊,2024-02-02,8886
00929,復華台灣科技優息,75,26,49,國泰-新莊,2024-02-02,8886
2603,長榮,64,17,47,國泰-新莊,2024-02-02,8886
00688L,國泰20年美債正2,70,27,43,國泰-新莊,2024-02-02,8886
3036,文曄,149,106,43,國泰-新莊,2024-02-02,8886
2377,微星,51,13,38,國泰-新莊,2024-02-02,8886
2313,華通,56,18,38,國泰-新莊,2024-02-02,8886
2344,華邦電,37,0,37,國泰-新莊,2024-02-02,8886
3047,訊舟,36,1,35,國泰-新莊,2024-02-02,8886
8110,華東,33,0,33,國泰-新莊,2024-02-02,8886
3450,聯鈞,36,3,33,國泰-新莊,2024-02-02,8886
2486,一詮,29,0,29,國泰-新莊,2024-02-02,8886
2353,宏��,100,71,29,國泰-新莊,2024-02-02,8886
1514,亞力,54,26,28,國泰-新莊,2024-02-02,8886
3706,神達,34,8,26,國泰-新莊,2024-02-02,8886
2609,陽明,50,24,26,國泰-新莊,2024-02-02,8886
2615,萬海,25,1,24,國泰-新莊,2024-02-02,8886
5608,四維航,24,0,24,國泰-新莊,2024-02-02,8886
00753L,中信中國50正2,33,10,23,國泰-新莊,2024-02-02,8886
6133,金橋,23,0,23,國泰-新莊,2024-02-02,8886
6770,力積電,28,7,21,國泰-新莊,2024-02-02,8886
4114,健喬,20,0,20,國泰-新莊,2024-02-02,8886
2891,中信金,36,16,20,國泰-新莊,2024-02-02,8886
2211,長榮鋼,22,3,19,國泰-新莊,2024-02-02,8886
2736,富野,20,1,19,國泰-新莊,2024-02-02,8886
2324,仁寶,51,32,19,國泰-新莊,2024-02-02,8886
8096,擎亞,49,31,18,國泰-新莊,2024-02-02,8886
3376,新日興,87,70,17,國泰-新莊,2024-02-02,8886
3437,榮創,17,0,17,國泰-新莊,2024-02-02,8886
3615,安可,75,59,16,國泰-新莊,2024-02-02,8886
00751B,元大AAA至A公司債,29,13,16,國泰-新莊,2024-02-02,8886
5244,弘凱,16,0,16,國泰-新莊,2024-02-02,8886
1503,士電,56,40,16,國泰-新莊,2024-02-02,8886
6139,亞翔,18,3,15,國泰-新莊,2024-02-02,8886
00937B,群益ESG投等債20,515,14,501,國泰-新莊,2024-02-05,8886
00929,復華台灣科技優息,346,80,266,國泰-新莊,2024-02-05,8886
00712,復華富時不動產,237,7,230,國泰-新莊,2024-02-05,8886
00715L,期街口布蘭特正2,195,16,179,國泰-新莊,2024-02-05,8886
00687B,國泰20年美債,162,11,151,國泰-新莊,2024-02-05,8886
00688L,國泰20年美債正2,148,18,130,國泰-新莊,2024-02-05,8886
00919,群益台灣精選高息,151,24,127,國泰-新莊,2024-02-05,8886
00795B,中信美國公債20年,106,4,102,國泰-新莊,2024-02-05,8886
00916,國泰全球品牌50,101,2,99,國泰-新莊,2024-02-05,8886
8996,高力,131,50,81,國泰-新莊,2024-02-05,8886
00933B,國泰10Y+金融債,99,19,80,國泰-新莊,2024-02-05,8886
2537,聯上發,80,1,79,國泰-新莊,2024-02-05,8886
1460,宏遠,62,0,62,國泰-新莊,2024-02-05,8886
2884,玉山金,63,6,57,國泰-新莊,2024-02-05,8886
00882,中信中國高股息,63,9,54,國泰-新莊,2024-02-05,8886
2002,中鋼,55,1,54,國泰-新莊,2024-02-05,8886
2303,聯電,75,22,53,國泰-新莊,2024-02-05,8886
020034,元大IC設計N,50,0,50,國泰-新莊,2024-02-05,8886
3622,洋華,62,15,47,國泰-新莊,2024-02-05,8886
3017,奇鋐,76,32,44,國泰-新莊,2024-02-05,8886
00680L,元大美債20正2,67,29,38,國泰-新莊,2024-02-05,8886
00751B,元大AAA至A公司債,57,19,38,國泰-新莊,2024-02-05,8886
6139,亞翔,39,1,38,國泰-新莊,2024-02-05,8886
00936,台新永續高息中小,59,24,35,國泰-新莊,2024-02-05,8886
2883,凱基金,58,25,33,國泰-新莊,2024-02-05,8886
9105,泰金寶-DR,45,13,32,國泰-新莊,2024-02-05,8886
2515,中工,33,1,32,國泰-新莊,2024-02-05,8886
2363,矽統,36,5,31,國泰-新莊,2024-02-05,8886
2323,中環,32,1,31,國泰-新莊,2024-02-05,8886
00675L,富邦臺灣加權正2,39,11,28,國泰-新莊,2024-02-05,8886
00679B,元大美債20年,100,73,27,國泰-新莊,2024-02-05,8886
2208,台船,28,0,28,國泰-新莊,2024-02-05,8886
2887,台新金,30,2,28,國泰-新莊,2024-02-05,8886
2888,新光金,33,7,26,國泰-新莊,2024-02-05,8886
00894,中信小資高價30,29,3,26,國泰-新莊,2024-02-05,8886
6265,方土昶,29,3,26,國泰-新莊,2024-02-05,8886
2603,長榮,37,12,25,國泰-新莊,2024-02-05,8886
5512,力麒,24,1,23,國泰-新莊,2024-02-05,8886
00650L,復華香港正2,23,0,23,國泰-新莊,2024-02-05,8886
00900,富邦特選高股息30,25,2,23,國泰-新莊,2024-02-05,8886
2356,英業達,58,35,23,國泰-新莊,2024-02-05,8886
00923,群益台ESG低碳50,22,0,22,國泰-新莊,2024-02-05,8886
1907,永豐餘,21,0,21,國泰-新莊,2024-02-05,8886
3354,律勝,21,1,20,國泰-新莊,2024-02-05,8886
00706L,期元大S＆P日圓正2,20,0,20,國泰-新莊,2024-02-05,8886
00911,兆豐洲際半導體,20,0,20,國泰-新莊,2024-02-05,8886
3002,歐格,20,0,20,國泰-新莊,2024-02-05,8886
2332,友訊,20,1,19,國泰-新莊,2024-02-05,8886
6235,華孚,23,5,18,國泰-新莊,2024-02-05,8886
2457,飛宏,18,0,18,國泰-新莊,2024-02-05,8886
00937B,群益ESG投等債20,622,19,603,國泰-新莊,2024-02-15,8886
00712,復華富時不動產,506,3,503,國泰-新莊,2024-02-15,8886
00687B,國泰20年美債,298,12,286,國泰-新莊,2024-02-15,8886
00673R,期元大S＆P原油反1,221,0,221,國泰-新莊,2024-02-15,8886
00919,群益台灣精選高息,236,54,182,國泰-新莊,2024-02-15,8886
00933B,國泰10Y+金融債,242,80,162,國泰-新莊,2024-02-15,8886
3481,群創,509,350,159,國泰-新莊,2024-02-15,8886
00688L,國泰20年美債正2,195,53,142,國泰-新莊,2024-02-15,8886
2537,聯上發,138,0,138,國泰-新莊,2024-02-15,8886
00680L,元大美債20正2,146,10,136,國泰-新莊,2024-02-15,8886
00679B,元大美債20年,121,17,104,國泰-新莊,2024-02-15,8886
1460,宏遠,100,0,100,國泰-新莊,2024-02-15,8886
3706,神達,177,79,98,國泰-新莊,2024-02-15,8886
00931B,統一美債20年,90,6,84,國泰-新莊,2024-02-15,8886
6282,康舒,141,58,83,國泰-新莊,2024-02-15,8886
00751B,元大AAA至A公司債,82,1,81,國泰-新莊,2024-02-15,8886
2344,華邦電,83,12,71,國泰-新莊,2024-02-15,8886
2362,藍天,68,1,67,國泰-新莊,2024-02-15,8886
2618,長榮航,68,4,64,國泰-新莊,2024-02-15,8886
2834,臺企銀,62,8,54,國泰-新莊,2024-02-15,8886
00772B,中信高評級公司債,42,0,42,國泰-新莊,2024-02-15,8886
2002,中鋼,38,0,38,國泰-新莊,2024-02-15,8886
2408,南亞科,40,3,37,國泰-新莊,2024-02-15,8886
00830,國泰費城半導體,51,15,36,國泰-新莊,2024-02-15,8886
2353,宏��,52,17,35,國泰-新莊,2024-02-15,8886
5512,力麒,30,0,30,國泰-新莊,2024-02-15,8886
2313,華通,59,30,29,國泰-新莊,2024-02-15,8886
2542,興富發,29,0,29,國泰-新莊,2024-02-15,8886
5488,松普,30,2,28,國泰-新莊,2024-02-15,8886
6443,元晶,30,2,28,國泰-新莊,2024-02-15,8886
00706L,期元大S＆P日圓正2,27,1,26,國泰-新莊,2024-02-15,8886
4162,智擎,29,4,25,國泰-新莊,2024-02-15,8886
5272,笙科,26,1,25,國泰-新莊,2024-02-15,8886
00665L,富邦�琤肭磪囓�2,183,158,25,國泰-新莊,2024-02-15,8886
2601,益航,23,0,23,國泰-新莊,2024-02-15,8886
00795B,中信美國公債20年,33,11,22,國泰-新莊,2024-02-15,8886
2607,榮運,22,1,21,國泰-新莊,2024-02-15,8886
00756B,群益投等新興公債,20,0,20,國泰-新莊,2024-02-15,8886
00725B,國泰投資級公司債,20,0,20,國泰-新莊,2024-02-15,8886
3622,洋華,23,4,19,國泰-新莊,2024-02-15,8886
2603,長榮,25,6,19,國泰-新莊,2024-02-15,8886
2211,長榮鋼,18,0,18,國泰-新莊,2024-02-15,8886
2610,華航,66,49,17,國泰-新莊,2024-02-15,8886
1416,廣豐,18,2,16,國泰-新莊,2024-02-15,8886
00907,永豐優息存股,16,0,16,國泰-新莊,2024-02-15,8886
3518,柏騰,16,0,16,國泰-新莊,2024-02-15,8886
00773B,中信優先金融債,16,0,16,國泰-新莊,2024-02-15,8886
3530,晶相光,19,3,16,國泰-新莊,2024-02-15,8886
00757,統一FANG+,20,4,16,國泰-新莊,2024-02-15,8886
3289,宜特,18,2,16,國泰-新莊,2024-02-15,8886
00937B,群益ESG投等債20,1145,132,1013,國泰-新莊,2024-02-16,8886
00665L,富邦�琤肭磪囓�2,552,103,449,國泰-新莊,2024-02-16,8886
00720B,元大投資級公司債,347,24,323,國泰-新莊,2024-02-16,8886
3706,神達,238,31,207,國泰-新莊,2024-02-16,8886
00687B,國泰20年美債,198,13,185,國泰-新莊,2024-02-16,8886
00931B,統一美債20年,177,0,177,國泰-新莊,2024-02-16,8886
8926,台汽電,125,13,112,國泰-新莊,2024-02-16,8886
00673R,期元大S＆P原油反1,103,0,103,國泰-新莊,2024-02-16,8886
00679B,元大美債20年,96,1,95,國泰-新莊,2024-02-16,8886
00795B,中信美國公債20年,64,1,63,國泰-新莊,2024-02-16,8886
2314,台揚,62,3,59,國泰-新莊,2024-02-16,8886
2816,旺旺保,63,5,58,國泰-新莊,2024-02-16,8886
3231,緯創,144,87,57,國泰-新莊,2024-02-16,8886
2377,微星,62,8,54,國泰-新莊,2024-02-16,8886
00680L,元大美債20正2,78,26,52,國泰-新莊,2024-02-16,8886
00715L,期街口布蘭特正2,54,4,50,國泰-新莊,2024-02-16,8886
1460,宏遠,47,0,47,國泰-新莊,2024-02-16,8886
3047,訊舟,49,6,43,國泰-新莊,2024-02-16,8886
00919,群益台灣精選高息,139,96,43,國泰-新莊,2024-02-16,8886
00725B,國泰投資級公司債,44,3,41,國泰-新莊,2024-02-16,8886
1101,台泥,43,3,40,國泰-新莊,2024-02-16,8886
2515,中工,39,1,38,國泰-新莊,2024-02-16,8886
2906,高林,45,8,37,國泰-新莊,2024-02-16,8886
00891,中信關鍵半導體,47,10,37,國泰-新莊,2024-02-16,8886
00751B,元大AAA至A公司債,45,10,35,國泰-新莊,2024-02-16,8886
2365,昆盈,169,134,35,國泰-新莊,2024-02-16,8886
3481,群創,618,584,34,國泰-新莊,2024-02-16,8886
2382,廣達,89,56,33,國泰-新莊,2024-02-16,8886
2884,玉山金,34,2,32,國泰-新莊,2024-02-16,8886
00772B,中信高評級公司債,31,0,31,國泰-新莊,2024-02-16,8886
2542,興富發,30,3,27,國泰-新莊,2024-02-16,8886
1416,廣豐,27,0,27,國泰-新莊,2024-02-16,8886
2605,新興,29,4,25,國泰-新莊,2024-02-16,8886
5009,榮剛,27,3,24,國泰-新莊,2024-02-16,8886
2887,台新金,27,4,23,國泰-新莊,2024-02-16,8886
2428,興勤,24,1,23,國泰-新莊,2024-02-16,8886
3312,弘憶股,40,17,23,國泰-新莊,2024-02-16,8886
4306,炎洲,22,0,22,國泰-新莊,2024-02-16,8886
3715,定穎投控,31,10,21,國泰-新莊,2024-02-16,8886
2443,昶虹,21,0,21,國泰-新莊,2024-02-16,8886
2607,榮運,30,9,21,國泰-新莊,2024-02-16,8886
2367,燿華,35,14,21,國泰-新莊,2024-02-16,8886
5512,力麒,23,2,21,國泰-新莊,2024-02-16,8886
3005,神基,23,3,20,國泰-新莊,2024-02-16,8886
00655L,國泰中國A50正2,20,0,20,國泰-新莊,2024-02-16,8886
00681R,元大美債20反1,20,0,20,國泰-新莊,2024-02-16,8886
1234,黑松,20,0,20,國泰-新莊,2024-02-16,8886
2867,三商壽,20,0,20,國泰-新莊,2024-02-16,8886
2408,南亞科,24,5,19,國泰-新莊,2024-02-16,8886
2317,鴻海,31,12,19,國泰-新莊,2024-02-16,8886
00933B,國泰10Y+金融債,406,2,404,國泰-新莊,2024-02-19,8886
5521,工信,333,12,321,國泰-新莊,2024-02-19,8886
00878,國泰永續高股息,279,70,209,國泰-新莊,2024-02-19,8886
6288,聯嘉,203,12,191,國泰-新莊,2024-02-19,8886
00881,國泰台灣5G+,205,15,190,國泰-新莊,2024-02-19,8886
00937B,群益ESG投等債20,246,87,159,國泰-新莊,2024-02-19,8886
00687B,國泰20年美債,171,19,152,國泰-新莊,2024-02-19,8886
00688L,國泰20年美債正2,158,13,145,國泰-新莊,2024-02-19,8886
00673R,期元大S＆P原油反1,126,0,126,國泰-新莊,2024-02-19,8886
6120,達運,178,64,114,國泰-新莊,2024-02-19,8886
00929,復華台灣科技優息,247,138,109,國泰-新莊,2024-02-19,8886
2365,昆盈,247,140,107,國泰-新莊,2024-02-19,8886
1460,宏遠,82,4,78,國泰-新莊,2024-02-19,8886
2886,兆豐金,83,6,77,國泰-新莊,2024-02-19,8886
00712,復華富時不動產,75,3,72,國泰-新莊,2024-02-19,8886
00680L,元大美債20正2,80,10,70,國泰-新莊,2024-02-19,8886
3231,緯創,139,70,69,國泰-新莊,2024-02-19,8886
3036,文曄,96,29,67,國泰-新莊,2024-02-19,8886
00637L,元大滬深300正2,77,12,65,國泰-新莊,2024-02-19,8886
2376,技嘉,88,32,56,國泰-新莊,2024-02-19,8886
2362,藍天,55,0,55,國泰-新莊,2024-02-19,8886
00665L,富邦�琤肭磪囓�2,59,5,54,國泰-新莊,2024-02-19,8886
2353,宏��,125,73,52,國泰-新莊,2024-02-19,8886
00679B,元大美債20年,73,21,52,國泰-新莊,2024-02-19,8886
2355,敬鵬,122,73,49,國泰-新莊,2024-02-19,8886
2515,中工,97,49,48,國泰-新莊,2024-02-19,8886
2816,旺旺保,44,0,44,國泰-新莊,2024-02-19,8886
2329,華泰,234,192,42,國泰-新莊,2024-02-19,8886
3706,神達,73,31,42,國泰-新莊,2024-02-19,8886
3025,星通,72,33,39,國泰-新莊,2024-02-19,8886
5880,合庫金,43,4,39,國泰-新莊,2024-02-19,8886
2382,廣達,65,29,36,國泰-新莊,2024-02-19,8886
2537,聯上發,47,11,36,國泰-新莊,2024-02-19,8886
2892,第一金,52,16,36,國泰-新莊,2024-02-19,8886
2369,菱生,274,242,32,國泰-新莊,2024-02-19,8886
1471,首利,31,1,30,國泰-新莊,2024-02-19,8886
6139,亞翔,31,1,30,國泰-新莊,2024-02-19,8886
3049,精金,30,0,30,國泰-新莊,2024-02-19,8886
2618,長榮航,54,25,29,國泰-新莊,2024-02-19,8886
4714,永捷,57,28,29,國泰-新莊,2024-02-19,8886
00772B,中信高評級公司債,27,0,27,國泰-新莊,2024-02-19,8886
00795B,中信美國公債20年,25,0,25,國泰-新莊,2024-02-19,8886
1513,中興電,94,69,25,國泰-新莊,2024-02-19,8886
1815,富喬,37,12,25,國泰-新莊,2024-02-19,8886
2313,華通,35,13,22,國泰-新莊,2024-02-19,8886
2888,新光金,23,1,22,國泰-新莊,2024-02-19,8886
3312,弘憶股,37,15,22,國泰-新莊,2024-02-19,8886
2332,友訊,21,0,21,國泰-新莊,2024-02-19,8886
8096,擎亞,240,219,21,國泰-新莊,2024-02-19,8886
1416,廣豐,20,0,20,國泰-新莊,2024-02-19,8886
00933B,國泰10Y+金融債,418,0,418,國泰-新莊,2024-02-20,8886
00937B,群益ESG投等債20,368,23,345,國泰-新莊,2024-02-20,8886
00772B,中信高評級公司債,182,1,181,國泰-新莊,2024-02-20,8886
2886,兆豐金,153,21,132,國泰-新莊,2024-02-20,8886
00665L,富邦�琤肭磪囓�2,200,85,115,國泰-新莊,2024-02-20,8886
2892,第一金,113,3,110,國泰-新莊,2024-02-20,8886
00687B,國泰20年美債,177,77,100,國泰-新莊,2024-02-20,8886
00679B,元大美債20年,88,5,83,國泰-新莊,2024-02-20,8886
2618,長榮航,85,4,81,國泰-新莊,2024-02-20,8886
00919,群益台灣精選高息,293,212,81,國泰-新莊,2024-02-20,8886
00878,國泰永續高股息,189,108,81,國泰-新莊,2024-02-20,8886
00632R,元大台灣50反1,129,52,77,國泰-新莊,2024-02-20,8886
00680L,元大美債20正2,67,5,62,國泰-新莊,2024-02-20,8886
00712,復華富時不動產,62,0,62,國泰-新莊,2024-02-20,8886
2376,技嘉,157,95,62,國泰-新莊,2024-02-20,8886
5880,合庫金,82,20,62,國泰-新莊,2024-02-20,8886
2363,矽統,118,61,57,國泰-新莊,2024-02-20,8886
2329,華泰,197,142,55,國泰-新莊,2024-02-20,8886
2605,新興,73,21,52,國泰-新莊,2024-02-20,8886
3481,群創,209,158,51,國泰-新莊,2024-02-20,8886
2610,華航,65,15,50,國泰-新莊,2024-02-20,8886
00673R,期元大S＆P原油反1,111,62,49,國泰-新莊,2024-02-20,8886
1316,上曜,88,45,43,國泰-新莊,2024-02-20,8886
6120,達運,62,20,42,國泰-新莊,2024-02-20,8886
8110,華東,67,26,41,國泰-新莊,2024-02-20,8886
3545,敦泰,52,20,32,國泰-新莊,2024-02-20,8886
2489,瑞軒,52,20,32,國泰-新莊,2024-02-20,8886
00681R,元大美債20反1,30,0,30,國泰-新莊,2024-02-20,8886
2201,裕隆,29,0,29,國泰-新莊,2024-02-20,8886
2331,精英,26,0,26,國泰-新莊,2024-02-20,8886
1809,中釉,61,35,26,國泰-新莊,2024-02-20,8886
6142,友勁,25,0,25,國泰-新莊,2024-02-20,8886
2332,友訊,28,3,25,國泰-新莊,2024-02-20,8886
1455,集盛,38,14,24,國泰-新莊,2024-02-20,8886
4960,誠美材,51,27,24,國泰-新莊,2024-02-20,8886
2388,威盛,33,10,23,國泰-新莊,2024-02-20,8886
3035,智原,64,41,23,國泰-新莊,2024-02-20,8886
2401,凌陽,29,6,23,國泰-新莊,2024-02-20,8886
1815,富喬,58,35,23,國泰-新莊,2024-02-20,8886
2601,益航,22,0,22,國泰-新莊,2024-02-20,8886
00706L,期元大S＆P日圓正2,21,0,21,國泰-新莊,2024-02-20,8886
2409,友達,23,2,21,國泰-新莊,2024-02-20,8886
3437,榮創,21,1,20,國泰-新莊,2024-02-20,8886
00795B,中信美國公債20年,19,0,19,國泰-新莊,2024-02-20,8886
6282,康舒,57,39,18,國泰-新莊,2024-02-20,8886
5351,鈺創,44,26,18,國泰-新莊,2024-02-20,8886
00720B,元大投資級公司債,31,13,18,國泰-新莊,2024-02-20,8886
5381,合正,25,7,18,國泰-新莊,2024-02-20,8886
00753L,中信中國50正2,17,0,17,國泰-新莊,2024-02-20,8886
1513,中興電,73,56,17,國泰-新莊,2024-02-20,8886
00933B,國泰10Y+金融債,674,37,637,國泰-新莊,2024-02-21,8886
00937B,群益ESG投等債20,372,17,355,國泰-新莊,2024-02-21,8886
00878,國泰永續高股息,328,69,259,國泰-新莊,2024-02-21,8886
00712,復華富時不動產,264,5,259,國泰-新莊,2024-02-21,8886
2609,陽明,195,47,148,國泰-新莊,2024-02-21,8886
1314,中石化,122,1,121,國泰-新莊,2024-02-21,8886
2303,聯電,119,4,115,國泰-新莊,2024-02-21,8886
3047,訊舟,277,173,104,國泰-新莊,2024-02-21,8886
00795B,中信美國公債20年,121,27,94,國泰-新莊,2024-02-21,8886
2515,中工,93,8,85,國泰-新莊,2024-02-21,8886
3231,緯創,153,83,70,國泰-新莊,2024-02-21,8886
00679B,元大美債20年,99,32,67,國泰-新莊,2024-02-21,8886
00891,中信關鍵半導體,67,2,65,國泰-新莊,2024-02-21,8886
6282,康舒,94,36,58,國泰-新莊,2024-02-21,8886
00919,群益台灣精選高息,212,163,49,國泰-新莊,2024-02-21,8886
00687B,國泰20年美債,58,9,49,國泰-新莊,2024-02-21,8886
3481,群創,137,88,49,國泰-新莊,2024-02-21,8886
00923,群益台ESG低碳50,46,0,46,國泰-新莊,2024-02-21,8886
00688L,國泰20年美債正2,43,0,43,國泰-新莊,2024-02-21,8886
00918,大華優利高填息30,41,1,40,國泰-新莊,2024-02-21,8886
020034,元大IC設計N,40,0,40,國泰-新莊,2024-02-21,8886
3035,智原,82,43,39,國泰-新莊,2024-02-21,8886
00922,國泰台灣領袖50,38,1,37,國泰-新莊,2024-02-21,8886
1316,上曜,126,90,36,國泰-新莊,2024-02-21,8886
2885,元大金,38,4,34,國泰-新莊,2024-02-21,8886
5907,大洋-KY,30,0,30,國泰-新莊,2024-02-21,8886
1447,力鵬,32,4,28,國泰-新莊,2024-02-21,8886
00773B,中信優先金融債,28,0,28,國泰-新莊,2024-02-21,8886
2313,華通,46,19,27,國泰-新莊,2024-02-21,8886
00680L,元大美債20正2,27,0,27,國泰-新莊,2024-02-21,8886
3576,聯合再生,27,0,27,國泰-新莊,2024-02-21,8886
8110,華東,32,6,26,國泰-新莊,2024-02-21,8886
3305,昇貿,28,3,25,國泰-新莊,2024-02-21,8886
2637,慧洋-KY,40,15,25,國泰-新莊,2024-02-21,8886
2360,致茂,26,1,25,國泰-新莊,2024-02-21,8886
5443,均豪,133,109,24,國泰-新莊,2024-02-21,8886
5515,建國,26,2,24,國泰-新莊,2024-02-21,8886
00894,中信小資高價30,24,0,24,國泰-新莊,2024-02-21,8886
2402,毅嘉,29,6,23,國泰-新莊,2024-02-21,8886
2352,佳世達,23,1,22,國泰-新莊,2024-02-21,8886
4729,熒茂,51,29,22,國泰-新莊,2024-02-21,8886
3313,斐成,27,5,22,國泰-新莊,2024-02-21,8886
2382,廣達,56,34,22,國泰-新莊,2024-02-21,8886
6165,浪凡,22,1,21,國泰-新莊,2024-02-21,8886
3715,定穎投控,27,7,20,國泰-新莊,2024-02-21,8886
2208,台船,22,3,19,國泰-新莊,2024-02-21,8886
3321,同泰,29,11,18,國泰-新莊,2024-02-21,8886
3055,蔚華科,55,37,18,國泰-新莊,2024-02-21,8886
2301,光寶科,18,1,17,國泰-新莊,2024-02-21,8886
2884,玉山金,27,10,17,國泰-新莊,2024-02-21,8886
00665L,富邦�琤肭磪囓�2,1215,470,745,國泰-新莊,2024-02-22,8886
00933B,國泰10Y+金融債,487,41,446,國泰-新莊,2024-02-22,8886
00637L,元大滬深300正2,492,78,414,國泰-新莊,2024-02-22,8886
00712,復華富時不動產,239,4,235,國泰-新莊,2024-02-22,8886
00687B,國泰20年美債,200,5,195,國泰-新莊,2024-02-22,8886
6164,華興,184,9,175,國泰-新莊,2024-02-22,8886
00878,國泰永續高股息,207,80,127,國泰-新莊,2024-02-22,8886
2618,長榮航,130,5,125,國泰-新莊,2024-02-22,8886
00937B,群益ESG投等債20,139,24,115,國泰-新莊,2024-02-22,8886
00679B,元大美債20年,115,6,109,國泰-新莊,2024-02-22,8886
00753L,中信中國50正2,112,6,106,國泰-新莊,2024-02-22,8886
00673R,期元大S＆P原油反1,104,0,104,國泰-新莊,2024-02-22,8886
2356,英業達,143,53,90,國泰-新莊,2024-02-22,8886
00680L,元大美債20正2,83,2,81,國泰-新莊,2024-02-22,8886
00857B,永豐20年美公債,63,0,63,國泰-新莊,2024-02-22,8886
0056,元大高股息,202,149,53,國泰-新莊,2024-02-22,8886
1316,上曜,83,33,50,國泰-新莊,2024-02-22,8886
3231,緯創,203,154,49,國泰-新莊,2024-02-22,8886
2489,瑞軒,101,54,47,國泰-新莊,2024-02-22,8886
2371,大同,87,40,47,國泰-新莊,2024-02-22,8886
2329,華泰,389,348,41,國泰-新莊,2024-02-22,8886
2884,玉山金,42,1,41,國泰-新莊,2024-02-22,8886
2303,聯電,42,2,40,國泰-新莊,2024-02-22,8886
00795B,中信美國公債20年,39,0,39,國泰-新莊,2024-02-22,8886
2367,燿華,84,45,39,國泰-新莊,2024-02-22,8886
2460,建通,55,19,36,國泰-新莊,2024-02-22,8886
2369,菱生,53,18,35,國泰-新莊,2024-02-22,8886
3631,晟楠,39,4,35,國泰-新莊,2024-02-22,8886
2409,友達,33,0,33,國泰-新莊,2024-02-22,8886
1503,士電,160,130,30,國泰-新莊,2024-02-22,8886
00751B,元大AAA至A公司債,46,17,29,國泰-新莊,2024-02-22,8886
1447,力鵬,36,8,28,國泰-新莊,2024-02-22,8886
9105,泰金寶-DR,68,41,27,國泰-新莊,2024-02-22,8886
3221,台嘉碩,32,5,27,國泰-新莊,2024-02-22,8886
2363,矽統,35,9,26,國泰-新莊,2024-02-22,8886
00919,群益台灣精選高息,247,221,26,國泰-新莊,2024-02-22,8886
00720B,元大投資級公司債,25,0,25,國泰-新莊,2024-02-22,8886
5272,笙科,38,14,24,國泰-新莊,2024-02-22,8886
00931B,統一美債20年,28,6,22,國泰-新莊,2024-02-22,8886
2020,美亞,22,0,22,國泰-新莊,2024-02-22,8886
4909,新復興,48,27,21,國泰-新莊,2024-02-22,8886
8092,建暐,20,0,20,國泰-新莊,2024-02-22,8886
2449,京元電子,47,28,19,國泰-新莊,2024-02-22,8886
2486,一詮,22,3,19,國泰-新莊,2024-02-22,8886
6282,康舒,26,8,18,國泰-新莊,2024-02-22,8886
3481,群創,38,22,16,國泰-新莊,2024-02-22,8886
3005,神基,47,31,16,國泰-新莊,2024-02-22,8886
2736,富野,16,0,16,國泰-新莊,2024-02-22,8886
00918,大華優利高填息30,34,19,15,國泰-新莊,2024-02-22,8886
4908,前鼎,19,4,15,國泰-新莊,2024-02-22,8886
00878,國泰永續高股息,539,294,245,國泰-新莊,2024-02-23,8886
00919,群益台灣精選高息,368,186,182,國泰-新莊,2024-02-23,8886
00772B,中信高評級公司債,150,1,149,國泰-新莊,2024-02-23,8886
00937B,群益ESG投等債20,206,75,131,國泰-新莊,2024-02-23,8886
2329,華泰,335,205,130,國泰-新莊,2024-02-23,8886
2609,陽明,148,21,127,國泰-新莊,2024-02-23,8886
00933B,國泰10Y+金融債,146,35,111,國泰-新莊,2024-02-23,8886
00673R,期元大S＆P原油反1,109,0,109,國泰-新莊,2024-02-23,8886
6282,康舒,131,26,105,國泰-新莊,2024-02-23,8886
2601,益航,104,0,104,國泰-新莊,2024-02-23,8886
00720B,元大投資級公司債,92,6,86,國泰-新莊,2024-02-23,8886
00687B,國泰20年美債,101,22,79,國泰-新莊,2024-02-23,8886
3481,群創,114,35,79,國泰-新莊,2024-02-23,8886
2515,中工,86,13,73,國泰-新莊,2024-02-23,8886
2887,台新金,101,37,64,國泰-新莊,2024-02-23,8886
00680L,元大美債20正2,61,0,61,國泰-新莊,2024-02-23,8886
2884,玉山金,62,1,61,國泰-新莊,2024-02-23,8886
2303,聯電,77,20,57,國泰-新莊,2024-02-23,8886
2610,華航,59,3,56,國泰-新莊,2024-02-23,8886
2363,矽統,68,13,55,國泰-新莊,2024-02-23,8886
2615,萬海,53,0,53,國泰-新莊,2024-02-23,8886
3041,揚智,113,68,45,國泰-新莊,2024-02-23,8886
00891,中信關鍵半導體,73,29,44,國泰-新莊,2024-02-23,8886
00900,富邦特選高股息30,58,14,44,國泰-新莊,2024-02-23,8886
00679B,元大美債20年,46,2,44,國泰-新莊,2024-02-23,8886
8064,東捷,117,84,33,國泰-新莊,2024-02-23,8886
6120,達運,63,30,33,國泰-新莊,2024-02-23,8886
8096,擎亞,89,60,29,國泰-新莊,2024-02-23,8886
3221,台嘉碩,38,9,29,國泰-新莊,2024-02-23,8886
3260,威剛,30,1,29,國泰-新莊,2024-02-23,8886
2888,新光金,27,0,27,國泰-新莊,2024-02-23,8886
00688L,國泰20年美債正2,26,1,25,國泰-新莊,2024-02-23,8886
5009,榮剛,25,0,25,國泰-新莊,2024-02-23,8886
1303,南亞,26,1,25,國泰-新莊,2024-02-23,8886
2890,永豐金,27,2,25,國泰-新莊,2024-02-23,8886
2352,佳世達,26,2,24,國泰-新莊,2024-02-23,8886
2206,三陽工業,28,5,23,國泰-新莊,2024-02-23,8886
3231,緯創,218,195,23,國泰-新莊,2024-02-23,8886
3706,神達,127,104,23,國泰-新莊,2024-02-23,8886
6770,力積電,28,5,23,國泰-新莊,2024-02-23,8886
2489,瑞軒,51,29,22,國泰-新莊,2024-02-23,8886
4977,眾達-KY,21,0,21,國泰-新莊,2024-02-23,8886
3338,泰碩,21,0,21,國泰-新莊,2024-02-23,8886
3047,訊舟,71,51,20,國泰-新莊,2024-02-23,8886
00681R,元大美債20反1,20,0,20,國泰-新莊,2024-02-23,8886
00761B,國泰A級公司債,20,0,20,國泰-新莊,2024-02-23,8886
9934,成霖,21,1,20,國泰-新莊,2024-02-23,8886
2369,菱生,48,29,19,國泰-新莊,2024-02-23,8886
5469,瀚宇博,29,10,19,國泰-新莊,2024-02-23,8886
00795B,中信美國公債20年,21,2,19,國泰-新莊,2024-02-23,8886
00720B,元大投資級公司債,516,0,516,國泰-新莊,2024-02-26,8886
00878,國泰永續高股息,589,162,427,國泰-新莊,2024-02-26,8886
00679B,元大美債20年,208,8,200,國泰-新莊,2024-02-26,8886
00706L,期元大S＆P日圓正2,174,0,174,國泰-新莊,2024-02-26,8886
00637L,元大滬深300正2,153,8,145,國泰-新莊,2024-02-26,8886
2376,技嘉,145,31,114,國泰-新莊,2024-02-26,8886
00687B,國泰20年美債,164,55,109,國泰-新莊,2024-02-26,8886
00933B,國泰10Y+金融債,211,113,98,國泰-新莊,2024-02-26,8886
00751B,元大AAA至A公司債,56,1,55,國泰-新莊,2024-02-26,8886
2313,華通,77,24,53,國泰-新莊,2024-02-26,8886
00937B,群益ESG投等債20,305,254,51,國泰-新莊,2024-02-26,8886
6282,康舒,81,34,47,國泰-新莊,2024-02-26,8886
9105,泰金寶-DR,63,19,44,國泰-新莊,2024-02-26,8886
6116,彩晶,45,2,43,國泰-新莊,2024-02-26,8886
2303,聯電,62,21,41,國泰-新莊,2024-02-26,8886
00688L,國泰20年美債正2,57,26,31,國泰-新莊,2024-02-26,8886
00715L,期街口布蘭特正2,33,3,30,國泰-新莊,2024-02-26,8886
2352,佳世達,30,0,30,國泰-新莊,2024-02-26,8886
8059,凱碩,47,17,30,國泰-新莊,2024-02-26,8886
3231,緯創,84,54,30,國泰-新莊,2024-02-26,8886
00882,中信中國高股息,60,31,29,國泰-新莊,2024-02-26,8886
00795B,中信美國公債20年,32,4,28,國泰-新莊,2024-02-26,8886
3706,神達,33,6,27,國泰-新莊,2024-02-26,8886
1303,南亞,29,2,27,國泰-新莊,2024-02-26,8886
2885,元大金,29,3,26,國泰-新莊,2024-02-26,8886
3481,群創,93,67,26,國泰-新莊,2024-02-26,8886
1503,士電,193,167,26,國泰-新莊,2024-02-26,8886
3025,星通,72,47,25,國泰-新莊,2024-02-26,8886
1609,大亞,36,12,24,國泰-新莊,2024-02-26,8886
2515,中工,24,1,23,國泰-新莊,2024-02-26,8886
2609,陽明,32,10,22,國泰-新莊,2024-02-26,8886
2201,裕隆,21,0,21,國泰-新莊,2024-02-26,8886
2884,玉山金,37,17,20,國泰-新莊,2024-02-26,8886
6126,信音,29,9,20,國泰-新莊,2024-02-26,8886
1432,大魯閣,21,1,20,國泰-新莊,2024-02-26,8886
00650L,復華香港正2,20,0,20,國泰-新莊,2024-02-26,8886
2369,菱生,51,31,20,國泰-新莊,2024-02-26,8886
2836,高雄銀,20,0,20,國泰-新莊,2024-02-26,8886
2467,志聖,51,32,19,國泰-新莊,2024-02-26,8886
3047,訊舟,54,35,19,國泰-新莊,2024-02-26,8886
1717,長興,56,37,19,國泰-新莊,2024-02-26,8886
2301,光寶科,19,1,18,國泰-新莊,2024-02-26,8886
2880,華南金,18,0,18,國泰-新莊,2024-02-26,8886
3689,湧德,28,11,17,國泰-新莊,2024-02-26,8886
00757,統一FANG+,19,2,17,國泰-新莊,2024-02-26,8886
00885,富邦越南,17,0,17,國泰-新莊,2024-02-26,8886
00923,群益台ESG低碳50,20,3,17,國泰-新莊,2024-02-26,8886
2449,京元電子,25,8,17,國泰-新莊,2024-02-26,8886
6219,富旺,18,1,17,國泰-新莊,2024-02-26,8886
00712,復華富時不動產,64,47,17,國泰-新莊,2024-02-26,8886
00878,國泰永續高股息,1072,292,780,國泰-新莊,2024-02-27,8886
00937B,群益ESG投等債20,611,54,557,國泰-新莊,2024-02-27,8886
00665L,富邦�琤肭磪囓�2,698,248,450,國泰-新莊,2024-02-27,8886
00933B,國泰10Y+金融債,399,29,370,國泰-新莊,2024-02-27,8886
00687B,國泰20年美債,242,14,228,國泰-新莊,2024-02-27,8886
00720B,元大投資級公司債,206,2,204,國泰-新莊,2024-02-27,8886
6005,群益證,183,1,182,國泰-新莊,2024-02-27,8886
00680L,元大美債20正2,160,1,159,國泰-新莊,2024-02-27,8886
00919,群益台灣精選高息,339,187,152,國泰-新莊,2024-02-27,8886
3049,精金,102,0,102,國泰-新莊,2024-02-27,8886
2610,華航,97,7,90,國泰-新莊,2024-02-27,8886
1513,中興電,231,158,73,國泰-新莊,2024-02-27,8886
00712,復華富時不動產,75,2,73,國泰-新莊,2024-02-27,8886
2363,矽統,206,139,67,國泰-新莊,2024-02-27,8886
3037,欣興,94,29,65,國泰-新莊,2024-02-27,8886
5457,宣德,68,3,65,國泰-新莊,2024-02-27,8886
00679B,元大美債20年,65,0,65,國泰-新莊,2024-02-27,8886
00688L,國泰20年美債正2,64,1,63,國泰-新莊,2024-02-27,8886
3231,緯創,124,62,62,國泰-新莊,2024-02-27,8886
6125,廣運,131,71,60,國泰-新莊,2024-02-27,8886
00753L,中信中國50正2,89,30,59,國泰-新莊,2024-02-27,8886
6282,康舒,91,32,59,國泰-新莊,2024-02-27,8886
2892,第一金,67,10,57,國泰-新莊,2024-02-27,8886
00655L,國泰中國A50正2,104,50,54,國泰-新莊,2024-02-27,8886
8096,擎亞,171,119,52,國泰-新莊,2024-02-27,8886
2897,王道銀行,50,0,50,國泰-新莊,2024-02-27,8886
2002,中鋼,50,6,44,國泰-新莊,2024-02-27,8886
1524,耿鼎,101,58,43,國泰-新莊,2024-02-27,8886
2888,新光金,91,51,40,國泰-新莊,2024-02-27,8886
00633L,富邦上証正2,50,10,40,國泰-新莊,2024-02-27,8886
2460,建通,44,5,39,國泰-新莊,2024-02-27,8886
00891,中信關鍵半導體,43,4,39,國泰-新莊,2024-02-27,8886
00915,凱基優選高股息30,41,3,38,國泰-新莊,2024-02-27,8886
1785,光洋科,51,15,36,國泰-新莊,2024-02-27,8886
2609,陽明,39,8,31,國泰-新莊,2024-02-27,8886
1316,上曜,99,69,30,國泰-新莊,2024-02-27,8886
5426,振發,44,13,31,國泰-新莊,2024-02-27,8886
2329,華泰,78,49,29,國泰-新莊,2024-02-27,8886
5272,笙科,52,22,30,國泰-新莊,2024-02-27,8886
3376,新日興,35,6,29,國泰-新莊,2024-02-27,8886
4909,新復興,60,32,28,國泰-新莊,2024-02-27,8886
2618,長榮航,28,0,28,國泰-新莊,2024-02-27,8886
3450,聯鈞,70,43,27,國泰-新莊,2024-02-27,8886
1447,力鵬,35,8,27,國泰-新莊,2024-02-27,8886
6113,亞矽,156,129,27,國泰-新莊,2024-02-27,8886
3036,文曄,85,60,25,國泰-新莊,2024-02-27,8886
2883,凱基金,26,2,24,國泰-新莊,2024-02-27,8886
6770,力積電,33,10,23,國泰-新莊,2024-02-27,8886
2382,廣達,52,29,23,國泰-新莊,2024-02-27,8886
2344,華邦電,48,25,23,國泰-新莊,2024-02-27,8886
00937B,群益ESG投等債20,879,51,828,國泰-新莊,2024-02-29,8886
00929,復華台灣科技優息,306,93,213,國泰-新莊,2024-02-29,8886
00919,群益台灣精選高息,259,105,154,國泰-新莊,2024-02-29,8886
00687B,國泰20年美債,144,3,141,國泰-新莊,2024-02-29,8886
00933B,國泰10Y+金融債,152,16,136,國泰-新莊,2024-02-29,8886
6026,福邦證,124,2,122,國泰-新莊,2024-02-29,8886
00706L,期元大S＆P日圓正2,122,0,122,國泰-新莊,2024-02-29,8886
00712,復華富時不動產,93,0,93,國泰-新莊,2024-02-29,8886
9105,泰金寶-DR,84,2,82,國泰-新莊,2024-02-29,8886
00673R,期元大S＆P原油反1,126,44,82,國泰-新莊,2024-02-29,8886
00701,國泰股利精選30,80,0,80,國泰-新莊,2024-02-29,8886
2371,大同,105,32,73,國泰-新莊,2024-02-29,8886
6288,聯嘉,92,27,65,國泰-新莊,2024-02-29,8886
00688L,國泰20年美債正2,78,13,65,國泰-新莊,2024-02-29,8886
5452,佶優,79,23,56,國泰-新莊,2024-02-29,8886
2329,華泰,126,80,46,國泰-新莊,2024-02-29,8886
00665L,富邦�琤肭磪囓�2,118,74,44,國泰-新莊,2024-02-29,8886
00720B,元大投資級公司債,49,7,42,國泰-新莊,2024-02-29,8886
3202,樺晟,40,0,40,國泰-新莊,2024-02-29,8886
2438,翔耀,50,10,40,國泰-新莊,2024-02-29,8886
00679B,元大美債20年,41,1,40,國泰-新莊,2024-02-29,8886
6120,達運,49,15,34,國泰-新莊,2024-02-29,8886
2369,菱生,53,23,30,國泰-新莊,2024-02-29,8886
1711,永光,52,22,30,國泰-新莊,2024-02-29,8886
3481,群創,47,19,28,國泰-新莊,2024-02-29,8886
1522,堤維西,383,355,28,國泰-新莊,2024-02-29,8886
2201,裕隆,31,5,26,國泰-新莊,2024-02-29,8886
2002,中鋼,37,11,26,國泰-新莊,2024-02-29,8886
5426,振發,51,26,25,國泰-新莊,2024-02-29,8886
00751B,元大AAA至A公司債,39,15,24,國泰-新莊,2024-02-29,8886
3588,通嘉,31,7,24,國泰-新莊,2024-02-29,8886
3390,旭軟,86,62,24,國泰-新莊,2024-02-29,8886
2884,玉山金,37,14,23,國泰-新莊,2024-02-29,8886
2495,普安,23,2,21,國泰-新莊,2024-02-29,8886
2363,矽統,24,3,21,國泰-新莊,2024-02-29,8886
00878,國泰永續高股息,142,122,20,國泰-新莊,2024-02-29,8886
2330,台積電,26,7,19,國泰-新莊,2024-02-29,8886
00757,統一FANG+,20,1,19,國泰-新莊,2024-02-29,8886
3294,英濟,18,0,18,國泰-新莊,2024-02-29,8886
4303,信立,27,9,18,國泰-新莊,2024-02-29,8886
2882,國泰金,36,19,17,國泰-新莊,2024-02-29,8886
6684,安格,52,36,16,國泰-新莊,2024-02-29,8886
2888,新光金,22,7,15,國泰-新莊,2024-02-29,8886
1809,中釉,19,4,15,國泰-新莊,2024-02-29,8886
3548,兆利,34,19,15,國泰-新莊,2024-02-29,8886
1597,直得,15,0,15,國泰-新莊,2024-02-29,8886
00894,中信小資高價30,15,0,15,國泰-新莊,2024-02-29,8886
3005,神基,41,26,15,國泰-新莊,2024-02-29,8886
6024,群益期,16,2,14,國泰-新莊,2024-02-29,8886
2376,技嘉,37,23,14,國泰-新莊,2024-02-29,8886
00919,群益台灣精選高息,991,136,855,國泰-新莊,2024-03-01,8886
00937B,群益ESG投等債20,633,90,543,國泰-新莊,2024-03-01,8886
00637L,元大滬深300正2,455,80,375,國泰-新莊,2024-03-01,8886
3036,文曄,343,33,310,國泰-新莊,2024-03-01,8886
00918,大華優利高填息30,229,28,201,國泰-新莊,2024-03-01,8886
00929,復華台灣科技優息,254,58,196,國泰-新莊,2024-03-01,8886
00687B,國泰20年美債,203,10,193,國泰-新莊,2024-03-01,8886
2409,友達,145,3,142,國泰-新莊,2024-03-01,8886
00665L,富邦�琤肭磪囓�2,532,399,133,國泰-新莊,2024-03-01,8886
2888,新光金,136,11,125,國泰-新莊,2024-03-01,8886
00673R,期元大S＆P原油反1,86,0,86,國泰-新莊,2024-03-01,8886
1316,上曜,134,66,68,國泰-新莊,2024-03-01,8886
00878,國泰永續高股息,148,85,63,國泰-新莊,2024-03-01,8886
00655L,國泰中國A50正2,60,0,60,國泰-新莊,2024-03-01,8886
00753L,中信中國50正2,57,0,57,國泰-新莊,2024-03-01,8886
2883,凱基金,71,22,49,國泰-新莊,2024-03-01,8886
3360,尚立,74,28,46,國泰-新莊,2024-03-01,8886
00706L,期元大S＆P日圓正2,51,6,45,國泰-新莊,2024-03-01,8886
1528,恩德,49,6,43,國泰-新莊,2024-03-01,8886
3029,零壹,99,56,43,國泰-新莊,2024-03-01,8886
2002,中鋼,63,22,41,國泰-新莊,2024-03-01,8886
2382,廣達,49,11,38,國泰-新莊,2024-03-01,8886
5452,佶優,47,10,37,國泰-新莊,2024-03-01,8886
6288,聯嘉,46,10,36,國泰-新莊,2024-03-01,8886
00679B,元大美債20年,43,9,34,國泰-新莊,2024-03-01,8886
00688L,國泰20年美債正2,34,0,34,國泰-新莊,2024-03-01,8886
5225,東科-KY,35,2,33,國泰-新莊,2024-03-01,8886
2601,益航,32,0,32,國泰-新莊,2024-03-01,8886
00761B,國泰A級公司債,31,0,31,國泰-新莊,2024-03-01,8886
1815,富喬,121,92,29,國泰-新莊,2024-03-01,8886
2369,菱生,62,35,27,國泰-新莊,2024-03-01,8886
6150,撼訊,95,69,26,國泰-新莊,2024-03-01,8886
6770,力積電,42,16,26,國泰-新莊,2024-03-01,8886
2303,聯電,50,27,23,國泰-新莊,2024-03-01,8886
3712,永崴投控,26,5,21,國泰-新莊,2024-03-01,8886
5512,力麒,26,5,21,國泰-新莊,2024-03-01,8886
1305,華夏,20,0,20,國泰-新莊,2024-03-01,8886
5426,振發,22,2,20,國泰-新莊,2024-03-01,8886
3202,樺晟,20,0,20,國泰-新莊,2024-03-01,8886
00633L,富邦上証正2,20,0,20,國泰-新莊,2024-03-01,8886
2313,華通,85,65,20,國泰-新莊,2024-03-01,8886
3325,旭品,20,0,20,國泰-新莊,2024-03-01,8886
00751B,元大AAA至A公司債,20,0,20,國泰-新莊,2024-03-01,8886
2329,華泰,87,67,20,國泰-新莊,2024-03-01,8886
2408,南亞科,20,1,19,國泰-新莊,2024-03-01,8886
3260,威剛,20,1,19,國泰-新莊,2024-03-01,8886
3437,榮創,19,0,19,國泰-新莊,2024-03-01,8886
1513,中興電,152,133,19,國泰-新莊,2024-03-01,8886
00922,國泰台灣領袖50,39,20,19,國泰-新莊,2024-03-01,8886
6806,森崴能源,59,41,18,國泰-新莊,2024-03-01,8886
00632R,元大台灣50反1,605,222,383,國泰-新莊,2024-03-04,8886
00665L,富邦�琤肭磪囓�2,549,263,286,國泰-新莊,2024-03-04,8886
00918,大華優利高填息30,236,34,202,國泰-新莊,2024-03-04,8886
00673R,期元大S＆P原油反1,177,0,177,國泰-新莊,2024-03-04,8886
00878,國泰永續高股息,335,186,149,國泰-新莊,2024-03-04,8886
2371,大同,167,35,132,國泰-新莊,2024-03-04,8886
00687B,國泰20年美債,217,88,129,國泰-新莊,2024-03-04,8886
00706L,期元大S＆P日圓正2,110,0,110,國泰-新莊,2024-03-04,8886
6139,亞翔,97,29,68,國泰-新莊,2024-03-04,8886
2363,矽統,100,34,66,國泰-新莊,2024-03-04,8886
00915,凱基優選高股息30,66,1,65,國泰-新莊,2024-03-04,8886
1609,大亞,77,14,63,國泰-新莊,2024-03-04,8886
1809,中釉,60,0,60,國泰-新莊,2024-03-04,8886
1815,富喬,73,14,59,國泰-新莊,2024-03-04,8886
1513,中興電,137,78,59,國泰-新莊,2024-03-04,8886
3231,緯創,185,132,53,國泰-新莊,2024-03-04,8886
9939,宏全,53,0,53,國泰-新莊,2024-03-04,8886
3005,神基,141,89,52,國泰-新莊,2024-03-04,8886
00937B,群益ESG投等債20,162,111,51,國泰-新莊,2024-03-04,8886
6535,順藥,52,1,51,國泰-新莊,2024-03-04,8886
00642U,期元大S＆P石油,51,0,51,國泰-新莊,2024-03-04,8886
2405,輔信,59,13,46,國泰-新莊,2024-03-04,8886
00679B,元大美債20年,51,7,44,國泰-新莊,2024-03-04,8886
00753L,中信中國50正2,53,11,42,國泰-新莊,2024-03-04,8886
00633L,富邦上証正2,40,1,39,國泰-新莊,2024-03-04,8886
00712,復華富時不動產,57,19,38,國泰-新莊,2024-03-04,8886
1514,亞力,96,59,37,國泰-新莊,2024-03-04,8886
00934,中信成長高股息,55,17,38,國泰-新莊,2024-03-04,8886
4968,立積,48,11,37,國泰-新莊,2024-03-04,8886
2002,中鋼,39,4,35,國泰-新莊,2024-03-04,8886
2888,新光金,57,22,35,國泰-新莊,2024-03-04,8886
1587,吉茂,30,0,30,國泰-新莊,2024-03-04,8886
00877,復華中國5G,30,0,30,國泰-新莊,2024-03-04,8886
4956,光鋐,30,0,30,國泰-新莊,2024-03-04,8886
1909,榮成,31,1,30,國泰-新莊,2024-03-04,8886
6288,聯嘉,47,18,29,國泰-新莊,2024-03-04,8886
00933B,國泰10Y+金融債,133,104,29,國泰-新莊,2024-03-04,8886
2421,建準,45,16,29,國泰-新莊,2024-03-04,8886
2636,台驊控股,50,22,28,國泰-新莊,2024-03-04,8886
3178,公準,29,2,27,國泰-新莊,2024-03-04,8886
3481,群創,57,31,26,國泰-新莊,2024-03-04,8886
2630,亞航,25,0,25,國泰-新莊,2024-03-04,8886
2609,陽明,71,47,24,國泰-新莊,2024-03-04,8886
2883,凱基金,35,11,24,國泰-新莊,2024-03-04,8886
2399,映泰,40,18,22,國泰-新莊,2024-03-04,8886
2486,一詮,25,4,21,國泰-新莊,2024-03-04,8886
2506,太設,20,0,20,國泰-新莊,2024-03-04,8886
6770,力積電,21,1,20,國泰-新莊,2024-03-04,8886
00857B,永豐20年美公債,18,0,18,國泰-新莊,2024-03-04,8886
2308,台達電,19,2,17,國泰-新莊,2024-03-04,8886
00919,群益台灣精選高息,713,132,581,國泰-新莊,2024-03-05,8886
00915,凱基優選高股息30,524,57,467,國泰-新莊,2024-03-05,8886
8086,宏捷科,345,44,301,國泰-新莊,2024-03-05,8886
00665L,富邦�琤肭磪囓�2,261,50,211,國泰-新莊,2024-03-05,8886
00937B,群益ESG投等債20,242,46,196,國泰-新莊,2024-03-05,8886
00706L,期元大S＆P日圓正2,179,0,179,國泰-新莊,2024-03-05,8886
2834,臺企銀,197,26,171,國泰-新莊,2024-03-05,8886
3481,群創,304,145,159,國泰-新莊,2024-03-05,8886
00687B,國泰20年美債,175,42,133,國泰-新莊,2024-03-05,8886
00918,大華優利高填息30,148,16,132,國泰-新莊,2024-03-05,8886
00712,復華富時不動產,116,13,103,國泰-新莊,2024-03-05,8886
2897,王道銀行,107,10,97,國泰-新莊,2024-03-05,8886
2609,陽明,105,9,96,國泰-新莊,2024-03-05,8886
00753L,中信中國50正2,87,1,86,國泰-新莊,2024-03-05,8886
00894,中信小資高價30,81,0,81,國泰-新莊,2024-03-05,8886
2888,新光金,235,164,71,國泰-新莊,2024-03-05,8886
00929,復華台灣科技優息,335,270,65,國泰-新莊,2024-03-05,8886
2324,仁寶,70,6,64,國泰-新莊,2024-03-05,8886
1522,堤維西,76,23,53,國泰-新莊,2024-03-05,8886
00904,新光臺灣半導體30,52,2,50,國泰-新莊,2024-03-05,8886
1809,中釉,50,1,49,國泰-新莊,2024-03-05,8886
00888,永豐台灣ESG,52,5,47,國泰-新莊,2024-03-05,8886
2312,金寶,47,4,43,國泰-新莊,2024-03-05,8886
1589,永冠-KY,45,3,42,國泰-新莊,2024-03-05,8886
2303,聯電,53,10,43,國泰-新莊,2024-03-05,8886
2867,三商壽,52,10,42,國泰-新莊,2024-03-05,8886
1409,新纖,94,56,38,國泰-新莊,2024-03-05,8886
4906,正文,213,177,36,國泰-新莊,2024-03-05,8886
6139,亞翔,39,6,33,國泰-新莊,2024-03-05,8886
2371,大同,98,67,31,國泰-新莊,2024-03-05,8886
5488,松普,65,35,30,國泰-新莊,2024-03-05,8886
1101,台泥,32,2,30,國泰-新莊,2024-03-05,8886
2892,第一金,30,2,28,國泰-新莊,2024-03-05,8886
2506,太設,28,0,28,國泰-新莊,2024-03-05,8886
00679B,元大美債20年,38,12,26,國泰-新莊,2024-03-05,8886
00757,統一FANG+,24,0,24,國泰-新莊,2024-03-05,8886
3372,典範,75,51,24,國泰-新莊,2024-03-05,8886
3044,健鼎,31,9,22,國泰-新莊,2024-03-05,8886
2382,廣達,40,18,22,國泰-新莊,2024-03-05,8886
2367,燿華,133,112,21,國泰-新莊,2024-03-05,8886
6005,群益證,25,5,20,國泰-新莊,2024-03-05,8886
8080,印鉐,20,0,20,國泰-新莊,2024-03-05,8886
1303,南亞,20,0,20,國泰-新莊,2024-03-05,8886
6288,聯嘉,19,0,19,國泰-新莊,2024-03-05,8886
6532,瑞耘,19,0,19,國泰-新莊,2024-03-05,8886
00662,富邦NASDAQ,20,1,19,國泰-新莊,2024-03-05,8886
1609,大亞,35,16,19,國泰-新莊,2024-03-05,8886
8096,擎亞,62,44,18,國泰-新莊,2024-03-05,8886
4538,大詠城,17,0,17,國泰-新莊,2024-03-05,8886
8112,至上,24,8,16,國泰-新莊,2024-03-05,8886
1815,富喬,781,98,683,國泰-新莊,2024-03-06,8886
00919,群益台灣精選高息,522,171,351,國泰-新莊,2024-03-06,8886
00937B,群益ESG投等債20,279,54,225,國泰-新莊,2024-03-06,8886
2610,華航,152,5,147,國泰-新莊,2024-03-06,8886
2609,陽明,151,21,130,國泰-新莊,2024-03-06,8886
00902,中信電池及儲能,103,0,103,國泰-新莊,2024-03-06,8886
2515,中工,251,151,100,國泰-新莊,2024-03-06,8886
2867,三商壽,111,13,98,國泰-新莊,2024-03-06,8886
00688L,國泰20年美債正2,99,4,95,國泰-新莊,2024-03-06,8886
00918,大華優利高填息30,173,86,87,國泰-新莊,2024-03-06,8886
2405,輔信,119,35,84,國泰-新莊,2024-03-06,8886
3481,群創,104,23,81,國泰-新莊,2024-03-06,8886
00687B,國泰20年美債,181,108,73,國泰-新莊,2024-03-06,8886
3231,緯創,118,50,68,國泰-新莊,2024-03-06,8886
1316,上曜,135,80,55,國泰-新莊,2024-03-06,8886
00915,凱基優選高股息30,54,8,46,國泰-新莊,2024-03-06,8886
2605,新興,52,7,45,國泰-新莊,2024-03-06,8886
00715L,期街口布蘭特正2,55,10,45,國泰-新莊,2024-03-06,8886
6120,達運,46,1,45,國泰-新莊,2024-03-06,8886
2002,中鋼,60,22,38,國泰-新莊,2024-03-06,8886
2344,華邦電,39,2,37,國泰-新莊,2024-03-06,8886
2352,佳世達,53,17,36,國泰-新莊,2024-03-06,8886
00933B,國泰10Y+金融債,51,18,33,國泰-新莊,2024-03-06,8886
2324,仁寶,43,11,32,國泰-新莊,2024-03-06,8886
2882,國泰金,30,0,30,國泰-新莊,2024-03-06,8886
6290,良維,119,89,30,國泰-新莊,2024-03-06,8886
1605,華新,31,2,29,國泰-新莊,2024-03-06,8886
5426,振發,103,73,30,國泰-新莊,2024-03-06,8886
3548,兆利,40,11,29,國泰-新莊,2024-03-06,8886
00712,復華富時不動產,71,45,26,國泰-新莊,2024-03-06,8886
00927,群益半導體收益,26,1,25,國泰-新莊,2024-03-06,8886
3037,欣興,30,6,24,國泰-新莊,2024-03-06,8886
00662,富邦NASDAQ,24,1,23,國泰-新莊,2024-03-06,8886
3010,華立,23,0,23,國泰-新莊,2024-03-06,8886
2208,台船,22,0,22,國泰-新莊,2024-03-06,8886
6235,華孚,45,24,21,國泰-新莊,2024-03-06,8886
2618,長榮航,25,3,22,國泰-新莊,2024-03-06,8886
6206,飛捷,21,0,21,國泰-新莊,2024-03-06,8886
1514,亞力,92,71,21,國泰-新莊,2024-03-06,8886
00916,國泰全球品牌50,22,1,21,國泰-新莊,2024-03-06,8886
6532,瑞耘,21,1,20,國泰-新莊,2024-03-06,8886
2329,華泰,46,27,19,國泰-新莊,2024-03-06,8886
00923,群益台ESG低碳50,53,34,19,國泰-新莊,2024-03-06,8886
6465,威潤,17,0,17,國泰-新莊,2024-03-06,8886
2421,建準,46,29,17,國泰-新莊,2024-03-06,8886
6531,愛普*,20,3,17,國泰-新莊,2024-03-06,8886
5439,高技,35,19,16,國泰-新莊,2024-03-06,8886
3308,聯德,16,0,16,國泰-新莊,2024-03-06,8886
3325,旭品,147,131,16,國泰-新莊,2024-03-06,8886
5465,富驊,41,26,15,國泰-新莊,2024-03-06,8886
00937B,群益ESG投等債20,967,153,814,國泰-新莊,2024-03-07,8886
00919,群益台灣精選高息,861,388,473,國泰-新莊,2024-03-07,8886
00687B,國泰20年美債,312,28,284,國泰-新莊,2024-03-07,8886
00915,凱基優選高股息30,261,80,181,國泰-新莊,2024-03-07,8886
00637L,元大滬深300正2,280,116,164,國泰-新莊,2024-03-07,8886
5452,佶優,160,8,152,國泰-新莊,2024-03-07,8886
00918,大華優利高填息30,169,46,123,國泰-新莊,2024-03-07,8886
2515,中工,185,74,111,國泰-新莊,2024-03-07,8886
3049,精金,125,20,105,國泰-新莊,2024-03-07,8886
3706,神達,134,32,102,國泰-新莊,2024-03-07,8886
020034,元大IC設計N,100,0,100,國泰-新莊,2024-03-07,8886
2537,聯上發,98,0,98,國泰-新莊,2024-03-07,8886
1316,上曜,322,233,89,國泰-新莊,2024-03-07,8886
6116,彩晶,92,12,80,國泰-新莊,2024-03-07,8886
2369,菱生,105,26,79,國泰-新莊,2024-03-07,8886
1785,光洋科,100,31,69,國泰-新莊,2024-03-07,8886
3231,緯創,144,78,66,國泰-新莊,2024-03-07,8886
2324,仁寶,70,9,61,國泰-新莊,2024-03-07,8886
1314,中石化,62,1,61,國泰-新莊,2024-03-07,8886
2356,英業達,75,14,61,國泰-新莊,2024-03-07,8886
2601,益航,70,10,60,國泰-新莊,2024-03-07,8886
8011,台通,76,19,57,國泰-新莊,2024-03-07,8886
00753L,中信中國50正2,55,2,53,國泰-新莊,2024-03-07,8886
3481,群創,85,34,51,國泰-新莊,2024-03-07,8886
3715,定穎投控,60,11,49,國泰-新莊,2024-03-07,8886
2486,一詮,104,56,48,國泰-新莊,2024-03-07,8886
1460,宏遠,256,210,46,國泰-新莊,2024-03-07,8886
5521,工信,116,70,46,國泰-新莊,2024-03-07,8886
2367,燿華,292,247,45,國泰-新莊,2024-03-07,8886
3005,神基,104,60,44,國泰-新莊,2024-03-07,8886
2313,華通,93,53,40,國泰-新莊,2024-03-07,8886
2888,新光金,75,38,37,國泰-新莊,2024-03-07,8886
8034,榮群,44,9,35,國泰-新莊,2024-03-07,8886
6125,廣運,79,45,34,國泰-新莊,2024-03-07,8886
5426,振發,76,42,34,國泰-新莊,2024-03-07,8886
6120,達運,54,21,33,國泰-新莊,2024-03-07,8886
00935,野村臺灣新科技50,30,1,29,國泰-新莊,2024-03-07,8886
00916,國泰全球品牌50,30,1,29,國泰-新莊,2024-03-07,8886
2368,金像電,38,11,27,國泰-新莊,2024-03-07,8886
4956,光鋐,31,5,26,國泰-新莊,2024-03-07,8886
2809,京城銀,56,31,25,國泰-新莊,2024-03-07,8886
2506,太設,25,0,25,國泰-新莊,2024-03-07,8886
2634,漢翔,26,2,24,國泰-新莊,2024-03-07,8886
1471,首利,27,2,25,國泰-新莊,2024-03-07,8886
6182,合晶,25,1,24,國泰-新莊,2024-03-07,8886
2312,金寶,24,0,24,國泰-新莊,2024-03-07,8886
00662,富邦NASDAQ,26,3,23,國泰-新莊,2024-03-07,8886
00675L,富邦臺灣加權正2,23,0,23,國泰-新莊,2024-03-07,8886
00857B,永豐20年美公債,21,0,21,國泰-新莊,2024-03-07,8886
1909,榮成,20,0,20,國泰-新莊,2024-03-07,8886
00632R,元大台灣50反1,950,96,854,國泰-新莊,2024-03-08,8886
00937B,群益ESG投等債20,728,91,637,國泰-新莊,2024-03-08,8886
00919,群益台灣精選高息,1049,589,460,國泰-新莊,2024-03-08,8886
2317,鴻海,364,16,348,國泰-新莊,2024-03-08,8886
00687B,國泰20年美債,423,142,281,國泰-新莊,2024-03-08,8886
00637L,元大滬深300正2,298,80,218,國泰-新莊,2024-03-08,8886
00688L,國泰20年美債正2,212,25,187,國泰-新莊,2024-03-08,8886
00918,大華優利高填息30,303,174,129,國泰-新莊,2024-03-08,8886
2537,聯上發,129,1,128,國泰-新莊,2024-03-08,8886
3036,文曄,166,48,118,國泰-新莊,2024-03-08,8886
1809,中釉,110,0,110,國泰-新莊,2024-03-08,8886
1460,宏遠,104,0,104,國泰-新莊,2024-03-08,8886
2897,王道銀行,106,4,102,國泰-新莊,2024-03-08,8886
2201,裕隆,68,5,63,國泰-新莊,2024-03-08,8886
00673R,期元大S＆P原油反1,63,0,63,國泰-新莊,2024-03-08,8886
6005,群益證,83,21,62,國泰-新莊,2024-03-08,8886
00853B,統一美債10年Aa-,60,0,60,國泰-新莊,2024-03-08,8886
5498,凱崴,126,71,55,國泰-新莊,2024-03-08,8886
00927,群益半導體收益,86,33,53,國泰-新莊,2024-03-08,8886
1101,台泥,55,2,53,國泰-新莊,2024-03-08,8886
00857B,永豐20年美公債,56,6,50,國泰-新莊,2024-03-08,8886
00664R,國泰臺灣加權反1,50,0,50,國泰-新莊,2024-03-08,8886
2025,千興,69,24,45,國泰-新莊,2024-03-08,8886
5009,榮剛,53,9,44,國泰-新莊,2024-03-08,8886
4538,大詠城,38,0,38,國泰-新莊,2024-03-08,8886
6139,亞翔,62,24,38,國泰-新莊,2024-03-08,8886
6182,合晶,59,22,37,國泰-新莊,2024-03-08,8886
2642,宅配通,35,0,35,國泰-新莊,2024-03-08,8886
2449,京元電子,196,161,35,國泰-新莊,2024-03-08,8886
3294,英濟,42,11,31,國泰-新莊,2024-03-08,8886
2332,友訊,34,3,31,國泰-新莊,2024-03-08,8886
6741,91APP*-KY,31,0,31,國泰-新莊,2024-03-08,8886
00934,中信成長高股息,49,18,31,國泰-新莊,2024-03-08,8886
2641,正德,30,0,30,國泰-新莊,2024-03-08,8886
8071,能率網通,30,0,30,國泰-新莊,2024-03-08,8886
00882,中信中國高股息,46,16,30,國泰-新莊,2024-03-08,8886
2836,高雄銀,50,22,28,國泰-新莊,2024-03-08,8886
6125,廣運,75,47,28,國泰-新莊,2024-03-08,8886
2358,廷鑫,38,11,27,國泰-新莊,2024-03-08,8886
4743,合一,57,30,27,國泰-新莊,2024-03-08,8886
3689,湧德,44,17,27,國泰-新莊,2024-03-08,8886
3202,樺晟,26,0,26,國泰-新莊,2024-03-08,8886
00931B,統一美債20年,45,19,26,國泰-新莊,2024-03-08,8886
2601,益航,27,2,25,國泰-新莊,2024-03-08,8886
4123,晟德,27,3,24,國泰-新莊,2024-03-08,8886
6150,撼訊,24,0,24,國泰-新莊,2024-03-08,8886
2363,矽統,33,9,24,國泰-新莊,2024-03-08,8886
1301,台塑,33,9,24,國泰-新莊,2024-03-08,8886
1589,永冠-KY,23,1,22,國泰-新莊,2024-03-08,8886
5607,遠雄港,31,9,22,國泰-新莊,2024-03-08,8886
00929,復華台灣科技優息,659,146,513,國泰-新莊,2024-03-11,8886
3231,緯創,712,282,430,國泰-新莊,2024-03-11,8886
00918,大華優利高填息30,450,21,429,國泰-新莊,2024-03-11,8886
00919,群益台灣精選高息,978,763,215,國泰-新莊,2024-03-11,8886
00715L,期街口布蘭特正2,214,45,169,國泰-新莊,2024-03-11,8886
2610,華航,164,0,164,國泰-新莊,2024-03-11,8886
00687B,國泰20年美債,160,24,136,國泰-新莊,2024-03-11,8886
00937B,群益ESG投等債20,261,145,116,國泰-新莊,2024-03-11,8886
6282,康舒,105,3,102,國泰-新莊,2024-03-11,8886
00935,野村臺灣新科技50,91,5,86,國泰-新莊,2024-03-11,8886
1316,上曜,153,100,53,國泰-新莊,2024-03-11,8886
6182,合晶,56,3,53,國泰-新莊,2024-03-11,8886
3036,文曄,54,2,52,國泰-新莊,2024-03-11,8886
2303,聯電,124,73,51,國泰-新莊,2024-03-11,8886
2516,新建,50,1,49,國泰-新莊,2024-03-11,8886
00632R,元大台灣50反1,303,256,47,國泰-新莊,2024-03-11,8886
2367,燿華,144,100,44,國泰-新莊,2024-03-11,8886
3689,湧德,60,17,43,國泰-新莊,2024-03-11,8886
1460,宏遠,42,0,42,國泰-新莊,2024-03-11,8886
2801,彰銀,41,0,41,國泰-新莊,2024-03-11,8886
00662,富邦NASDAQ,41,1,40,國泰-新莊,2024-03-11,8886
2834,臺企銀,53,13,40,國泰-新莊,2024-03-11,8886
8401,白紗科,35,1,34,國泰-新莊,2024-03-11,8886
2887,台新金,40,9,31,國泰-新莊,2024-03-11,8886
00934,中信成長高股息,40,11,29,國泰-新莊,2024-03-11,8886
3707,漢磊,100,71,29,國泰-新莊,2024-03-11,8886
2633,台灣高鐵,31,2,29,國泰-新莊,2024-03-11,8886
3049,精金,41,15,26,國泰-新莊,2024-03-11,8886
3703,欣陸,52,26,26,國泰-新莊,2024-03-11,8886
00915,凱基優選高股息30,83,58,25,國泰-新莊,2024-03-11,8886
2330,台積電,34,10,24,國泰-新莊,2024-03-11,8886
3540,曜越,44,21,23,國泰-新莊,2024-03-11,8886
00830,國泰費城半導體,35,12,23,國泰-新莊,2024-03-11,8886
00931B,統一美債20年,75,53,22,國泰-新莊,2024-03-11,8886
2301,光寶科,26,5,21,國泰-新莊,2024-03-11,8886
1503,士電,24,3,21,國泰-新莊,2024-03-11,8886
2913,農林,21,0,21,國泰-新莊,2024-03-11,8886
00679B,元大美債20年,28,8,20,國泰-新莊,2024-03-11,8886
2906,高林,20,0,20,國泰-新莊,2024-03-11,8886
5515,建國,30,10,20,國泰-新莊,2024-03-11,8886
2352,佳世達,25,7,18,國泰-新莊,2024-03-11,8886
1515,力山,24,6,18,國泰-新莊,2024-03-11,8886
2371,大同,27,9,18,國泰-新莊,2024-03-11,8886
2405,輔信,23,5,18,國泰-新莊,2024-03-11,8886
2851,中再保,35,17,18,國泰-新莊,2024-03-11,8886
6770,力積電,26,8,18,國泰-新莊,2024-03-11,8886
2891,中信金,30,13,17,國泰-新莊,2024-03-11,8886
2911,麗嬰房,19,2,17,國泰-新莊,2024-03-11,8886
2417,圓剛,44,29,15,國泰-新莊,2024-03-11,8886
1513,中興電,53,38,15,國泰-新莊,2024-03-11,8886
00687B,國泰20年美債,276,32,244,國泰-新莊,2024-03-12,8886
1460,宏遠,201,0,201,國泰-新莊,2024-03-12,8886
00919,群益台灣精選高息,473,311,162,國泰-新莊,2024-03-12,8886
00937B,群益ESG投等債20,268,129,139,國泰-新莊,2024-03-12,8886
00681R,元大美債20反1,100,0,100,國泰-新莊,2024-03-12,8886
00642U,期元大S＆P石油,100,0,100,國泰-新莊,2024-03-12,8886
2801,彰銀,61,0,61,國泰-新莊,2024-03-12,8886
1524,耿鼎,79,21,58,國泰-新莊,2024-03-12,8886
00673R,期元大S＆P原油反1,55,0,55,國泰-新莊,2024-03-12,8886
2365,昆盈,56,2,54,國泰-新莊,2024-03-12,8886
6016,康和證,53,0,53,國泰-新莊,2024-03-12,8886
1316,上曜,117,67,50,國泰-新莊,2024-03-12,8886
2515,中工,62,14,48,國泰-新莊,2024-03-12,8886
2867,三商壽,41,0,41,國泰-新莊,2024-03-12,8886
00882,中信中國高股息,110,77,33,國泰-新莊,2024-03-12,8886
00857B,永豐20年美公債,31,0,31,國泰-新莊,2024-03-12,8886
2461,光群雷,31,0,31,國泰-新莊,2024-03-12,8886
2484,希華,30,0,30,國泰-新莊,2024-03-12,8886
1514,亞力,105,76,29,國泰-新莊,2024-03-12,8886
00764B,群益25年美債,29,0,29,國泰-新莊,2024-03-12,8886
00922,國泰台灣領袖50,40,12,28,國泰-新莊,2024-03-12,8886
1319,東陽,54,27,27,國泰-新莊,2024-03-12,8886
1314,中石化,37,14,23,國泰-新莊,2024-03-12,8886
8096,擎亞,171,148,23,國泰-新莊,2024-03-12,8886
2601,益航,22,0,22,國泰-新莊,2024-03-12,8886
2850,新產,22,0,22,國泰-新莊,2024-03-12,8886
2352,佳世達,49,27,22,國泰-新莊,2024-03-12,8886
00915,凱基優選高股息30,43,22,21,國泰-新莊,2024-03-12,8886
2524,京城,22,1,21,國泰-新莊,2024-03-12,8886
2313,華通,162,141,21,國泰-新莊,2024-03-12,8886
3211,順達,21,1,20,國泰-新莊,2024-03-12,8886
2892,第一金,20,0,20,國泰-新莊,2024-03-12,8886
3266,昇陽,20,0,20,國泰-新莊,2024-03-12,8886
1305,華夏,20,0,20,國泰-新莊,2024-03-12,8886
4563,百德,20,0,20,國泰-新莊,2024-03-12,8886
2324,仁寶,53,33,20,國泰-新莊,2024-03-12,8886
2104,國際中橡,20,1,19,國泰-新莊,2024-03-12,8886
2537,聯上發,21,2,19,國泰-新莊,2024-03-12,8886
5498,凱崴,31,12,19,國泰-新莊,2024-03-12,8886
1785,光洋科,20,2,18,國泰-新莊,2024-03-12,8886
3360,尚立,20,2,18,國泰-新莊,2024-03-12,8886
1609,大亞,49,32,17,國泰-新莊,2024-03-12,8886
6005,群益證,20,3,17,國泰-新莊,2024-03-12,8886
2834,臺企銀,48,31,17,國泰-新莊,2024-03-12,8886
2383,台光電,25,8,17,國泰-新莊,2024-03-12,8886
2838,聯邦銀,17,1,16,國泰-新莊,2024-03-12,8886
2025,千興,16,0,16,國泰-新莊,2024-03-12,8886
3689,湧德,52,36,16,國泰-新莊,2024-03-12,8886
1301,台塑,17,2,15,國泰-新莊,2024-03-12,8886
9934,成霖,15,0,15,國泰-新莊,2024-03-12,8886
00919,群益台灣精選高息,1337,440,897,國泰-新莊,2024-03-13,8886
00918,大華優利高填息30,464,119,345,國泰-新莊,2024-03-13,8886
3049,精金,310,0,310,國泰-新莊,2024-03-13,8886
3231,緯創,344,109,235,國泰-新莊,2024-03-13,8886
8011,台通,369,137,232,國泰-新莊,2024-03-13,8886
00687B,國泰20年美債,222,42,180,國泰-新莊,2024-03-13,8886
2329,華泰,140,33,107,國泰-新莊,2024-03-13,8886
2317,鴻海,444,338,106,國泰-新莊,2024-03-13,8886
00715L,期街口布蘭特正2,102,0,102,國泰-新莊,2024-03-13,8886
00681R,元大美債20反1,100,0,100,國泰-新莊,2024-03-13,8886
1608,華榮,156,65,91,國泰-新莊,2024-03-13,8886
00857B,永豐20年美公債,79,3,76,國泰-新莊,2024-03-13,8886
00679B,元大美債20年,98,22,76,國泰-新莊,2024-03-13,8886
3481,群創,76,7,69,國泰-新莊,2024-03-13,8886
00915,凱基優選高股息30,91,24,67,國泰-新莊,2024-03-13,8886
1444,力麗,59,1,58,國泰-新莊,2024-03-13,8886
3036,文曄,60,3,57,國泰-新莊,2024-03-13,8886
1316,上曜,111,57,54,國泰-新莊,2024-03-13,8886
3689,湧德,70,25,45,國泰-新莊,2024-03-13,8886
00761B,國泰A級公司債,43,0,43,國泰-新莊,2024-03-13,8886
00933B,國泰10Y+金融債,88,46,42,國泰-新莊,2024-03-13,8886
2344,華邦電,53,11,42,國泰-新莊,2024-03-13,8886
00712,復華富時不動產,71,30,41,國泰-新莊,2024-03-13,8886
00637L,元大滬深300正2,48,8,40,國泰-新莊,2024-03-13,8886
00655L,國泰中國A50正2,38,0,38,國泰-新莊,2024-03-13,8886
00680L,元大美債20正2,37,1,36,國泰-新莊,2024-03-13,8886
2324,仁寶,49,13,36,國泰-新莊,2024-03-13,8886
2002,中鋼,44,9,35,國泰-新莊,2024-03-13,8886
4714,永捷,54,22,32,國泰-新莊,2024-03-13,8886
3013,晟銘電,33,1,32,國泰-新莊,2024-03-13,8886
2367,燿華,60,31,29,國泰-新莊,2024-03-13,8886
1447,力鵬,29,0,29,國泰-新莊,2024-03-13,8886
2201,裕隆,34,5,29,國泰-新莊,2024-03-13,8886
6125,廣運,84,55,29,國泰-新莊,2024-03-13,8886
2845,遠東銀,71,43,28,國泰-新莊,2024-03-13,8886
00937B,群益ESG投等債20,319,291,28,國泰-新莊,2024-03-13,8886
3206,志豐,27,0,27,國泰-新莊,2024-03-13,8886
2408,南亞科,31,4,27,國泰-新莊,2024-03-13,8886
1815,富喬,93,66,27,國泰-新莊,2024-03-13,8886
1609,大亞,64,38,26,國泰-新莊,2024-03-13,8886
2641,正德,26,0,26,國泰-新莊,2024-03-13,8886
5607,遠雄港,26,0,26,國泰-新莊,2024-03-13,8886
6165,浪凡,25,0,25,國泰-新莊,2024-03-13,8886
3014,聯陽,27,3,24,國泰-新莊,2024-03-13,8886
6116,彩晶,23,0,23,國泰-新莊,2024-03-13,8886
00720B,元大投資級公司債,32,10,22,國泰-新莊,2024-03-13,8886
2376,技嘉,53,32,21,國泰-新莊,2024-03-13,8886
4979,華星光,26,6,20,國泰-新莊,2024-03-13,8886
5488,松普,22,2,20,國泰-新莊,2024-03-13,8886
3437,榮創,21,1,20,國泰-新莊,2024-03-13,8886
00919,群益台灣精選高息,2196,705,1491,國泰-新莊,2024-03-14,8886
2883,凱基金,582,314,268,國泰-新莊,2024-03-14,8886
00937B,群益ESG投等債20,316,92,224,國泰-新莊,2024-03-14,8886
00918,大華優利高填息30,273,49,224,國泰-新莊,2024-03-14,8886
00933B,國泰10Y+金融債,182,32,150,國泰-新莊,2024-03-14,8886
00687B,國泰20年美債,184,40,144,國泰-新莊,2024-03-14,8886
00665L,富邦�琤肭磪囓�2,166,36,130,國泰-新莊,2024-03-14,8886
00679B,元大美債20年,128,1,127,國泰-新莊,2024-03-14,8886
00706L,期元大S＆P日圓正2,123,0,123,國泰-新莊,2024-03-14,8886
00929,復華台灣科技優息,802,682,120,國泰-新莊,2024-03-14,8886
2867,三商壽,121,9,112,國泰-新莊,2024-03-14,8886
00915,凱基優選高股息30,232,121,111,國泰-新莊,2024-03-14,8886
00650L,復華香港正2,105,0,105,國泰-新莊,2024-03-14,8886
1460,宏遠,102,0,102,國泰-新莊,2024-03-14,8886
00681R,元大美債20反1,100,0,100,國泰-新莊,2024-03-14,8886
9105,泰金寶-DR,102,22,80,國泰-新莊,2024-03-14,8886
3481,群創,108,30,78,國泰-新莊,2024-03-14,8886
00673R,期元大S＆P原油反1,77,0,77,國泰-新莊,2024-03-14,8886
6139,亞翔,83,12,71,國泰-新莊,2024-03-14,8886
2603,長榮,157,87,70,國泰-新莊,2024-03-14,8886
2609,陽明,83,17,66,國泰-新莊,2024-03-14,8886
3005,神基,109,48,61,國泰-新莊,2024-03-14,8886
6120,達運,90,30,60,國泰-新莊,2024-03-14,8886
2892,第一金,79,19,60,國泰-新莊,2024-03-14,8886
3689,湧德,110,53,57,國泰-新莊,2024-03-14,8886
6282,康舒,58,2,56,國泰-新莊,2024-03-14,8886
2845,遠東銀,77,28,49,國泰-新莊,2024-03-14,8886
8011,台通,185,138,47,國泰-新莊,2024-03-14,8886
00712,復華富時不動產,78,32,46,國泰-新莊,2024-03-14,8886
2889,國票金,92,49,43,國泰-新莊,2024-03-14,8886
00935,野村臺灣新科技50,49,7,42,國泰-新莊,2024-03-14,8886
2610,華航,62,21,41,國泰-新莊,2024-03-14,8886
00751B,元大AAA至A公司債,53,12,41,國泰-新莊,2024-03-14,8886
6005,群益證,50,11,39,國泰-新莊,2024-03-14,8886
1513,中興電,210,176,34,國泰-新莊,2024-03-14,8886
2601,益航,33,0,33,國泰-新莊,2024-03-14,8886
1316,上曜,129,96,33,國泰-新莊,2024-03-14,8886
5880,合庫金,50,17,33,國泰-新莊,2024-03-14,8886
3032,偉訓,33,1,32,國泰-新莊,2024-03-14,8886
020020,元大台股領航N,30,0,30,國泰-新莊,2024-03-14,8886
3231,緯創,1092,1062,30,國泰-新莊,2024-03-14,8886
8105,凌巨,28,2,26,國泰-新莊,2024-03-14,8886
2885,元大金,42,16,26,國泰-新莊,2024-03-14,8886
8462,柏文,27,2,25,國泰-新莊,2024-03-14,8886
6217,中探針,25,0,25,國泰-新莊,2024-03-14,8886
0056,元大高股息,66,42,24,國泰-新莊,2024-03-14,8886
2363,矽統,47,24,23,國泰-新莊,2024-03-14,8886
2354,鴻準,33,10,23,國泰-新莊,2024-03-14,8886
4938,和碩,22,1,21,國泰-新莊,2024-03-14,8886
2834,臺企銀,80,59,21,國泰-新莊,2024-03-14,8886
1460,宏遠,509,1,508,國泰-新莊,2024-03-15,8886
00918,大華優利高填息30,519,30,489,國泰-新莊,2024-03-15,8886
00941,中信上游半導體,555,155,400,國泰-新莊,2024-03-15,8886
00665L,富邦�琤肭磪囓�2,370,21,349,國泰-新莊,2024-03-15,8886
00919,群益台灣精選高息,1143,842,301,國泰-新莊,2024-03-15,8886
00937B,群益ESG投等債20,467,216,251,國泰-新莊,2024-03-15,8886
00679B,元大美債20年,191,8,183,國泰-新莊,2024-03-15,8886
2603,長榮,185,61,124,國泰-新莊,2024-03-15,8886
2834,臺企銀,266,147,119,國泰-新莊,2024-03-15,8886
00706L,期元大S＆P日圓正2,107,0,107,國泰-新莊,2024-03-15,8886
6016,康和證,104,1,103,國泰-新莊,2024-03-15,8886
00673R,期元大S＆P原油反1,137,36,101,國泰-新莊,2024-03-15,8886
00933B,國泰10Y+金融債,112,14,98,國泰-新莊,2024-03-15,8886
1314,中石化,104,12,92,國泰-新莊,2024-03-15,8886
00680L,元大美債20正2,85,1,84,國泰-新莊,2024-03-15,8886
2892,第一金,83,13,70,國泰-新莊,2024-03-15,8886
4113,聯上,56,0,56,國泰-新莊,2024-03-15,8886
00915,凱基優選高股息30,105,54,51,國泰-新莊,2024-03-15,8886
2641,正德,51,5,46,國泰-新莊,2024-03-15,8886
5521,工信,56,10,46,國泰-新莊,2024-03-15,8886
00753L,中信中國50正2,45,0,45,國泰-新莊,2024-03-15,8886
2610,華航,49,4,45,國泰-新莊,2024-03-15,8886
6442,光聖,47,3,44,國泰-新莊,2024-03-15,8886
00712,復華富時不動產,85,43,42,國泰-新莊,2024-03-15,8886
00751B,元大AAA至A公司債,41,0,41,國泰-新莊,2024-03-15,8886
2303,聯電,63,22,41,國泰-新莊,2024-03-15,8886
2330,台積電,49,10,39,國泰-新莊,2024-03-15,8886
2615,萬海,39,1,38,國泰-新莊,2024-03-15,8886
1513,中興電,118,81,37,國泰-新莊,2024-03-15,8886
2618,長榮航,266,233,33,國泰-新莊,2024-03-15,8886
9945,潤泰新,32,0,32,國泰-新莊,2024-03-15,8886
2537,聯上發,31,0,31,國泰-新莊,2024-03-15,8886
5443,均豪,31,1,30,國泰-新莊,2024-03-15,8886
2344,華邦電,85,56,29,國泰-新莊,2024-03-15,8886
3041,揚智,29,0,29,國泰-新莊,2024-03-15,8886
00927,群益半導體收益,39,10,29,國泰-新莊,2024-03-15,8886
2363,矽統,57,30,27,國泰-新莊,2024-03-15,8886
3037,欣興,29,2,27,國泰-新莊,2024-03-15,8886
00857B,永豐20年美公債,27,1,26,國泰-新莊,2024-03-15,8886
8011,台通,25,0,25,國泰-新莊,2024-03-15,8886
2845,遠東銀,49,24,25,國泰-新莊,2024-03-15,8886
2486,一詮,149,125,24,國泰-新莊,2024-03-15,8886
2601,益航,24,0,24,國泰-新莊,2024-03-15,8886
00752,中信中國50,23,0,23,國泰-新莊,2024-03-15,8886
2002,中鋼,25,2,23,國泰-新莊,2024-03-15,8886
6153,嘉聯益,23,0,23,國泰-新莊,2024-03-15,8886
5310,天剛,22,0,22,國泰-新莊,2024-03-15,8886
1316,上曜,105,83,22,國泰-新莊,2024-03-15,8886
8936,國統,28,7,21,國泰-新莊,2024-03-15,8886
2607,榮運,22,1,21,國泰-新莊,2024-03-15,8886
00919,群益台灣精選高息,1036,162,874,國泰-新莊,2024-03-18,8886
00681R,元大美債20反1,302,0,302,國泰-新莊,2024-03-18,8886
00679B,元大美債20年,297,0,297,國泰-新莊,2024-03-18,8886
00937B,群益ESG投等債20,321,40,281,國泰-新莊,2024-03-18,8886
00941,中信上游半導體,263,37,226,國泰-新莊,2024-03-18,8886
2867,三商壽,190,12,178,國泰-新莊,2024-03-18,8886
00687B,國泰20年美債,159,14,145,國泰-新莊,2024-03-18,8886
2323,中環,240,101,139,國泰-新莊,2024-03-18,8886
00933B,國泰10Y+金融債,127,0,127,國泰-新莊,2024-03-18,8886
2610,華航,137,13,124,國泰-新莊,2024-03-18,8886
2601,益航,113,0,113,國泰-新莊,2024-03-18,8886
2834,臺企銀,197,91,106,國泰-新莊,2024-03-18,8886
00918,大華優利高填息30,153,56,97,國泰-新莊,2024-03-18,8886
6282,康舒,84,4,80,國泰-新莊,2024-03-18,8886
00673R,期元大S＆P原油反1,78,5,73,國泰-新莊,2024-03-18,8886
00753L,中信中國50正2,235,169,66,國泰-新莊,2024-03-18,8886
1460,宏遠,60,0,60,國泰-新莊,2024-03-18,8886
2618,長榮航,69,12,57,國泰-新莊,2024-03-18,8886
2303,聯電,86,30,56,國泰-新莊,2024-03-18,8886
1101,台泥,53,1,52,國泰-新莊,2024-03-18,8886
3689,湧德,58,9,49,國泰-新莊,2024-03-18,8886
00924,復華S＆P500成長,46,1,45,國泰-新莊,2024-03-18,8886
00915,凱基優選高股息30,66,27,39,國泰-新莊,2024-03-18,8886
2596,綠意,40,1,39,國泰-新莊,2024-03-18,8886
1815,富喬,34,2,32,國泰-新莊,2024-03-18,8886
00764B,群益25年美債,32,0,32,國泰-新莊,2024-03-18,8886
9906,欣巴巴,31,0,31,國泰-新莊,2024-03-18,8886
2801,彰銀,31,2,29,國泰-新莊,2024-03-18,8886
00931B,統一美債20年,36,9,27,國泰-新莊,2024-03-18,8886
2641,正德,30,3,27,國泰-新莊,2024-03-18,8886
00751B,元大AAA至A公司債,27,0,27,國泰-新莊,2024-03-18,8886
2020,美亞,29,4,25,國泰-新莊,2024-03-18,8886
2405,輔信,77,52,25,國泰-新莊,2024-03-18,8886
2845,遠東銀,27,3,24,國泰-新莊,2024-03-18,8886
9945,潤泰新,30,6,24,國泰-新莊,2024-03-18,8886
3294,英濟,66,42,24,國泰-新莊,2024-03-18,8886
2888,新光金,47,23,24,國泰-新莊,2024-03-18,8886
2208,台船,28,6,22,國泰-新莊,2024-03-18,8886
1524,耿鼎,99,77,22,國泰-新莊,2024-03-18,8886
4538,大詠城,21,0,21,國泰-新莊,2024-03-18,8886
3049,精金,20,0,20,國泰-新莊,2024-03-18,8886
00857B,永豐20年美公債,20,0,20,國泰-新莊,2024-03-18,8886
2363,矽統,44,26,18,國泰-新莊,2024-03-18,8886
2402,毅嘉,18,0,18,國泰-新莊,2024-03-18,8886
6116,彩晶,18,0,18,國泰-新莊,2024-03-18,8886
5498,凱崴,22,5,17,國泰-新莊,2024-03-18,8886
2611,志信,53,36,17,國泰-新莊,2024-03-18,8886
3481,群創,169,152,17,國泰-新莊,2024-03-18,8886
00706L,期元大S＆P日圓正2,16,0,16,國泰-新莊,2024-03-18,8886
4768,晶呈科技,15,0,15,國泰-新莊,2024-03-18,8886
00937B,群益ESG投等債20,389,7,382,國泰-新莊,2024-03-19,8886
00673R,期元大S＆P原油反1,244,0,244,國泰-新莊,2024-03-19,8886
020034,元大IC設計N,200,0,200,國泰-新莊,2024-03-19,8886
00753L,中信中國50正2,185,5,180,國泰-新莊,2024-03-19,8886
00687B,國泰20年美債,166,2,164,國泰-新莊,2024-03-19,8886
00665L,富邦�琤肭磪囓�2,207,45,162,國泰-新莊,2024-03-19,8886
00679B,元大美債20年,134,5,129,國泰-新莊,2024-03-19,8886
3481,群創,178,70,108,國泰-新莊,2024-03-19,8886
00941,中信上游半導體,121,37,84,國泰-新莊,2024-03-19,8886
3036,文曄,404,332,72,國泰-新莊,2024-03-19,8886
00751B,元大AAA至A公司債,67,1,66,國泰-新莊,2024-03-19,8886
00857B,永豐20年美公債,66,3,63,國泰-新莊,2024-03-19,8886
4906,正文,63,2,61,國泰-新莊,2024-03-19,8886
00919,群益台灣精選高息,537,477,60,國泰-新莊,2024-03-19,8886
1101,台泥,66,7,59,國泰-新莊,2024-03-19,8886
00921,兆豐龍頭等權重,60,2,58,國泰-新莊,2024-03-19,8886
2329,華泰,87,30,57,國泰-新莊,2024-03-19,8886
2515,中工,190,136,54,國泰-新莊,2024-03-19,8886
00706L,期元大S＆P日圓正2,56,2,54,國泰-新莊,2024-03-19,8886
2317,鴻海,134,82,52,國泰-新莊,2024-03-19,8886
2353,宏��,57,11,46,國泰-新莊,2024-03-19,8886
2356,英業達,78,32,46,國泰-新莊,2024-03-19,8886
00933B,國泰10Y+金融債,46,3,43,國泰-新莊,2024-03-19,8886
6125,廣運,53,13,40,國泰-新莊,2024-03-19,8886
2464,盟立,63,24,39,國泰-新莊,2024-03-19,8886
3689,湧德,85,51,34,國泰-新莊,2024-03-19,8886
3413,京鼎,31,1,30,國泰-新莊,2024-03-19,8886
00922,國泰台灣領袖50,34,6,28,國泰-新莊,2024-03-19,8886
2886,兆豐金,42,14,28,國泰-新莊,2024-03-19,8886
2834,臺企銀,79,52,27,國泰-新莊,2024-03-19,8886
2610,華航,42,16,26,國泰-新莊,2024-03-19,8886
00712,復華富時不動產,88,62,26,國泰-新莊,2024-03-19,8886
4536,拓凱,26,0,26,國泰-新莊,2024-03-19,8886
2201,裕隆,27,3,24,國泰-新莊,2024-03-19,8886
1605,華新,37,13,24,國泰-新莊,2024-03-19,8886
00830,國泰費城半導體,30,6,24,國泰-新莊,2024-03-19,8886
1524,耿鼎,52,28,24,國泰-新莊,2024-03-19,8886
2596,綠意,22,0,22,國泰-新莊,2024-03-19,8886
3312,弘憶股,51,29,22,國泰-新莊,2024-03-19,8886
2618,長榮航,48,27,21,國泰-新莊,2024-03-19,8886
0056,元大高股息,112,90,22,國泰-新莊,2024-03-19,8886
3702,大聯大,57,36,21,國泰-新莊,2024-03-19,8886
1809,中釉,30,10,20,國泰-新莊,2024-03-19,8886
00768B,復華20年美債,20,0,20,國泰-新莊,2024-03-19,8886
5880,合庫金,41,22,19,國泰-新莊,2024-03-19,8886
00935,野村臺灣新科技50,18,0,18,國泰-新莊,2024-03-19,8886
8299,群聯,21,3,18,國泰-新莊,2024-03-19,8886
2887,台新金,18,2,16,國泰-新莊,2024-03-19,8886
3308,聯德,17,1,16,國泰-新莊,2024-03-19,8886
2371,大同,16,1,15,國泰-新莊,2024-03-19,8886
00939,統一台灣高息動能,1994,371,1623,國泰-新莊,2024-03-20,8886
00919,群益台灣精選高息,1701,690,1011,國泰-新莊,2024-03-20,8886
00937B,群益ESG投等債20,409,103,306,國泰-新莊,2024-03-20,8886
3481,群創,274,144,130,國泰-新莊,2024-03-20,8886
2888,新光金,290,172,118,國泰-新莊,2024-03-20,8886
2303,聯電,176,92,84,國泰-新莊,2024-03-20,8886
00687B,國泰20年美債,110,34,76,國泰-新莊,2024-03-20,8886
2356,英業達,94,24,70,國泰-新莊,2024-03-20,8886
2354,鴻準,175,108,67,國泰-新莊,2024-03-20,8886
2618,長榮航,66,2,64,國泰-新莊,2024-03-20,8886
4938,和碩,153,89,64,國泰-新莊,2024-03-20,8886
2313,華通,78,15,63,國泰-新莊,2024-03-20,8886
3231,緯創,179,127,52,國泰-新莊,2024-03-20,8886
00706L,期元大S＆P日圓正2,67,15,52,國泰-新莊,2024-03-20,8886
00753L,中信中國50正2,107,57,50,國泰-新莊,2024-03-20,8886
2022,聚亨,48,0,48,國泰-新莊,2024-03-20,8886
6139,亞翔,67,19,48,國泰-新莊,2024-03-20,8886
4906,正文,49,3,46,國泰-新莊,2024-03-20,8886
2323,中環,83,43,40,國泰-新莊,2024-03-20,8886
1709,和益,41,1,40,國泰-新莊,2024-03-20,8886
2103,台橡,37,0,37,國泰-新莊,2024-03-20,8886
2636,台驊控股,38,1,37,國泰-新莊,2024-03-20,8886
6005,群益證,40,5,35,國泰-新莊,2024-03-20,8886
2886,兆豐金,45,10,35,國泰-新莊,2024-03-20,8886
00900,富邦特選高股息30,62,30,32,國泰-新莊,2024-03-20,8886
2201,裕隆,43,13,30,國泰-新莊,2024-03-20,8886
2836,高雄銀,30,0,30,國泰-新莊,2024-03-20,8886
00673R,期元大S＆P原油反1,53,24,29,國泰-新莊,2024-03-20,8886
2344,華邦電,51,22,29,國泰-新莊,2024-03-20,8886
2324,仁寶,69,40,29,國泰-新莊,2024-03-20,8886
6176,瑞儀,49,21,28,國泰-新莊,2024-03-20,8886
1319,東陽,35,8,27,國泰-新莊,2024-03-20,8886
4306,炎洲,28,2,26,國泰-新莊,2024-03-20,8886
5483,中美晶,65,39,26,國泰-新莊,2024-03-20,8886
1513,中興電,78,52,26,國泰-新莊,2024-03-20,8886
2892,第一金,25,1,24,國泰-新莊,2024-03-20,8886
00891,中信關鍵半導體,25,1,24,國泰-新莊,2024-03-20,8886
00882,中信中國高股息,26,2,24,國泰-新莊,2024-03-20,8886
00935,野村臺灣新科技50,31,7,24,國泰-新莊,2024-03-20,8886
6125,廣運,37,15,22,國泰-新莊,2024-03-20,8886
2382,廣達,43,21,22,國泰-新莊,2024-03-20,8886
5347,世界,61,39,22,國泰-新莊,2024-03-20,8886
1303,南亞,23,1,22,國泰-新莊,2024-03-20,8886
1413,宏洲,21,0,21,國泰-新莊,2024-03-20,8886
2363,矽統,24,3,21,國泰-新莊,2024-03-20,8886
9946,三發地產,21,0,21,國泰-新莊,2024-03-20,8886
1444,力麗,21,0,21,國泰-新莊,2024-03-20,8886
3437,榮創,21,1,20,國泰-新莊,2024-03-20,8886
1905,華紙,20,0,20,國泰-新莊,2024-03-20,8886
2601,益航,20,0,20,國泰-新莊,2024-03-20,8886
00632R,元大台灣50反1,801,218,583,國泰-新莊,2024-03-21,8886
00937B,群益ESG投等債20,789,211,578,國泰-新莊,2024-03-21,8886
00939,統一台灣高息動能,729,212,517,國泰-新莊,2024-03-21,8886
00919,群益台灣精選高息,811,342,469,國泰-新莊,2024-03-21,8886
00688L,國泰20年美債正2,407,62,345,國泰-新莊,2024-03-21,8886
00941,中信上游半導體,332,64,268,國泰-新莊,2024-03-21,8886
00929,復華台灣科技優息,366,159,207,國泰-新莊,2024-03-21,8886
5009,榮剛,201,4,197,國泰-新莊,2024-03-21,8886
00679B,元大美債20年,192,22,170,國泰-新莊,2024-03-21,8886
2880,華南金,110,12,98,國泰-新莊,2024-03-21,8886
2405,輔信,129,44,85,國泰-新莊,2024-03-21,8886
2323,中環,130,54,76,國泰-新莊,2024-03-21,8886
00655L,國泰中國A50正2,66,0,66,國泰-新莊,2024-03-21,8886
2618,長榮航,68,9,59,國泰-新莊,2024-03-21,8886
00687B,國泰20年美債,175,117,58,國泰-新莊,2024-03-21,8886
2834,臺企銀,62,5,57,國泰-新莊,2024-03-21,8886
00715L,期街口布蘭特正2,60,4,56,國泰-新莊,2024-03-21,8886
00680L,元大美債20正2,67,14,53,國泰-新莊,2024-03-21,8886
00650L,復華香港正2,55,8,47,國泰-新莊,2024-03-21,8886
2506,太設,40,0,40,國泰-新莊,2024-03-21,8886
3005,神基,168,129,39,國泰-新莊,2024-03-21,8886
6205,詮欣,34,1,33,國泰-新莊,2024-03-21,8886
2641,正德,30,0,30,國泰-新莊,2024-03-21,8886
4934,太極,36,7,29,國泰-新莊,2024-03-21,8886
6593,台灣銘板,33,4,29,國泰-新莊,2024-03-21,8886
00795B,中信美國公債20年,29,1,28,國泰-新莊,2024-03-21,8886
2603,長榮,65,37,28,國泰-新莊,2024-03-21,8886
1303,南亞,32,5,27,國泰-新莊,2024-03-21,8886
00931B,統一美債20年,26,0,26,國泰-新莊,2024-03-21,8886
5498,凱崴,32,6,26,國泰-新莊,2024-03-21,8886
2609,陽明,61,35,26,國泰-新莊,2024-03-21,8886
1218,泰山,24,0,24,國泰-新莊,2024-03-21,8886
4938,和碩,53,30,23,國泰-新莊,2024-03-21,8886
9105,泰金寶-DR,40,16,24,國泰-新莊,2024-03-21,8886
3033,威健,28,9,19,國泰-新莊,2024-03-21,8886
3044,健鼎,22,4,18,國泰-新莊,2024-03-21,8886
1734,杏輝,21,3,18,國泰-新莊,2024-03-21,8886
1503,士電,143,127,16,國泰-新莊,2024-03-21,8886
6207,雷科,16,0,16,國泰-新莊,2024-03-21,8886
3041,揚智,50,35,15,國泰-新莊,2024-03-21,8886
2845,遠東銀,15,0,15,國泰-新莊,2024-03-21,8886
4956,光鋐,15,0,15,國泰-新莊,2024-03-21,8886
1809,中釉,26,11,15,國泰-新莊,2024-03-21,8886
2376,技嘉,48,34,14,國泰-新莊,2024-03-21,8886
6166,凌華,18,4,14,國泰-新莊,2024-03-21,8886
00933B,國泰10Y+金融債,43,29,14,國泰-新莊,2024-03-21,8886
1504,東元,61,48,13,國泰-新莊,2024-03-21,8886
2355,敬鵬,18,5,13,國泰-新莊,2024-03-21,8886
00915,凱基優選高股息30,61,48,13,國泰-新莊,2024-03-21,8886
1815,富喬,17,4,13,國泰-新莊,2024-03-21,8886
00937B,群益ESG投等債20,881,62,819,國泰-新莊,2024-03-22,8886
00665L,富邦�琤肭磪囓�2,727,12,715,國泰-新莊,2024-03-22,8886
00939,統一台灣高息動能,622,140,482,國泰-新莊,2024-03-22,8886
00637L,元大滬深300正2,366,45,321,國泰-新莊,2024-03-22,8886
00687B,國泰20年美債,196,16,180,國泰-新莊,2024-03-22,8886
00753L,中信中國50正2,179,0,179,國泰-新莊,2024-03-22,8886
00706L,期元大S＆P日圓正2,154,0,154,國泰-新莊,2024-03-22,8886
00915,凱基優選高股息30,168,22,146,國泰-新莊,2024-03-22,8886
00929,復華台灣科技優息,320,187,133,國泰-新莊,2024-03-22,8886
2405,輔信,124,23,101,國泰-新莊,2024-03-22,8886
2317,鴻海,229,133,96,國泰-新莊,2024-03-22,8886
00882,中信中國高股息,113,18,95,國泰-新莊,2024-03-22,8886
00751B,元大AAA至A公司債,76,4,72,國泰-新莊,2024-03-22,8886
00891,中信關鍵半導體,72,0,72,國泰-新莊,2024-03-22,8886
3706,神達,349,285,64,國泰-新莊,2024-03-22,8886
00679B,元大美債20年,82,29,53,國泰-新莊,2024-03-22,8886
1513,中興電,143,93,50,國泰-新莊,2024-03-22,8886
2603,長榮,71,23,48,國泰-新莊,2024-03-22,8886
2323,中環,68,22,46,國泰-新莊,2024-03-22,8886
1785,光洋科,44,2,42,國泰-新莊,2024-03-22,8886
00680L,元大美債20正2,37,0,37,國泰-新莊,2024-03-22,8886
6205,詮欣,36,0,36,國泰-新莊,2024-03-22,8886
1612,宏泰,43,9,34,國泰-新莊,2024-03-22,8886
2903,遠百,34,0,34,國泰-新莊,2024-03-22,8886
2002,中鋼,35,5,30,國泰-新莊,2024-03-22,8886
2888,新光金,34,6,28,國泰-新莊,2024-03-22,8886
6188,廣明,62,34,28,國泰-新莊,2024-03-22,8886
6235,華孚,40,14,26,國泰-新莊,2024-03-22,8886
1504,東元,51,25,26,國泰-新莊,2024-03-22,8886
3047,訊舟,25,0,25,國泰-新莊,2024-03-22,8886
9955,佳龍,25,0,25,國泰-新莊,2024-03-22,8886
00886,永豐美國科技,25,0,25,國泰-新莊,2024-03-22,8886
00655L,國泰中國A50正2,24,0,24,國泰-新莊,2024-03-22,8886
1503,士電,210,187,23,國泰-新莊,2024-03-22,8886
2201,裕隆,25,2,23,國泰-新莊,2024-03-22,8886
2618,長榮航,37,15,22,國泰-新莊,2024-03-22,8886
2376,技嘉,68,47,21,國泰-新莊,2024-03-22,8886
1718,中纖,21,0,21,國泰-新莊,2024-03-22,8886
4938,和碩,23,3,20,國泰-新莊,2024-03-22,8886
00900,富邦特選高股息30,24,4,20,國泰-新莊,2024-03-22,8886
2353,宏��,171,151,20,國泰-新莊,2024-03-22,8886
6593,台灣銘板,21,2,19,國泰-新莊,2024-03-22,8886
1618,合機,46,28,18,國泰-新莊,2024-03-22,8886
8059,凱碩,25,8,17,國泰-新莊,2024-03-22,8886
2371,大同,24,8,16,國泰-新莊,2024-03-22,8886
2354,鴻準,65,50,15,國泰-新莊,2024-03-22,8886
1316,上曜,22,7,15,國泰-新莊,2024-03-22,8886
2449,京元電子,67,52,15,國泰-新莊,2024-03-22,8886
2609,陽明,48,33,15,國泰-新莊,2024-03-22,8886
1522,堤維西,16,2,14,國泰-新莊,2024-03-22,8886
00937B,群益ESG投等債20,1827,157,1670,國泰-新莊,2024-03-25,8886
00941,中信上游半導體,617,191,426,國泰-新莊,2024-03-25,8886
3708,上緯投控,309,6,303,國泰-新莊,2024-03-25,8886
00753L,中信中國50正2,292,23,269,國泰-新莊,2024-03-25,8886
00939,統一台灣高息動能,411,199,212,國泰-新莊,2024-03-25,8886
00929,復華台灣科技優息,282,127,155,國泰-新莊,2024-03-25,8886
00632R,元大台灣50反1,134,4,130,國泰-新莊,2024-03-25,8886
2356,英業達,234,113,121,國泰-新莊,2024-03-25,8886
00919,群益台灣精選高息,487,367,120,國泰-新莊,2024-03-25,8886
1609,大亞,369,287,82,國泰-新莊,2024-03-25,8886
3294,英濟,145,82,63,國泰-新莊,2024-03-25,8886
00891,中信關鍵半導體,66,3,63,國泰-新莊,2024-03-25,8886
2312,金寶,62,1,61,國泰-新莊,2024-03-25,8886
3231,緯創,85,39,46,國泰-新莊,2024-03-25,8886
00687B,國泰20年美債,74,30,44,國泰-新莊,2024-03-25,8886
2867,三商壽,44,0,44,國泰-新莊,2024-03-25,8886
00706L,期元大S＆P日圓正2,38,0,38,國泰-新莊,2024-03-25,8886
3481,群創,156,121,35,國泰-新莊,2024-03-25,8886
00857B,永豐20年美公債,32,0,32,國泰-新莊,2024-03-25,8886
2618,長榮航,44,13,31,國泰-新莊,2024-03-25,8886
6205,詮欣,31,0,31,國泰-新莊,2024-03-25,8886
6290,良維,57,28,29,國泰-新莊,2024-03-25,8886
2464,盟立,83,54,29,國泰-新莊,2024-03-25,8886
00679B,元大美債20年,65,37,28,國泰-新莊,2024-03-25,8886
1303,南亞,31,3,28,國泰-新莊,2024-03-25,8886
2520,冠德,30,2,28,國泰-新莊,2024-03-25,8886
1605,華新,36,10,26,國泰-新莊,2024-03-25,8886
2308,台達電,38,13,25,國泰-新莊,2024-03-25,8886
00886,永豐美國科技,25,0,25,國泰-新莊,2024-03-25,8886
00751B,元大AAA至A公司債,24,0,24,國泰-新莊,2024-03-25,8886
2809,京城銀,25,3,22,國泰-新莊,2024-03-25,8886
3363,上詮,27,5,22,國泰-新莊,2024-03-25,8886
3322,建舜電,24,3,21,國泰-新莊,2024-03-25,8886
2330,台積電,28,7,21,國泰-新莊,2024-03-25,8886
2888,新光金,102,82,20,國泰-新莊,2024-03-25,8886
2889,國票金,20,0,20,國泰-新莊,2024-03-25,8886
1316,上曜,21,2,19,國泰-新莊,2024-03-25,8886
6233,旺玖,22,3,19,國泰-新莊,2024-03-25,8886
8033,雷虎,23,6,17,國泰-新莊,2024-03-25,8886
8112,至上,25,8,17,國泰-新莊,2024-03-25,8886
1612,宏泰,54,37,17,國泰-新莊,2024-03-25,8886
00680L,元大美債20正2,17,0,17,國泰-新莊,2024-03-25,8886
2897,王道銀行,17,0,17,國泰-新莊,2024-03-25,8886
3706,神達,201,184,17,國泰-新莊,2024-03-25,8886
3704,合勤控,21,5,16,國泰-新莊,2024-03-25,8886
2352,佳世達,29,13,16,國泰-新莊,2024-03-25,8886
1504,東元,37,21,16,國泰-新莊,2024-03-25,8886
1455,集盛,15,0,15,國泰-新莊,2024-03-25,8886
3232,昱捷,15,0,15,國泰-新莊,2024-03-25,8886
8349,�矬�,15,0,15,國泰-新莊,2024-03-25,8886
00632R,元大台灣50反1,519,50,469,國泰-新莊,2024-03-26,8886
00939,統一台灣高息動能,658,207,451,國泰-新莊,2024-03-26,8886
00937B,群益ESG投等債20,491,93,398,國泰-新莊,2024-03-26,8886
1513,中興電,441,202,239,國泰-新莊,2024-03-26,8886
00941,中信上游半導體,443,208,235,國泰-新莊,2024-03-26,8886
020034,元大IC設計N,301,100,201,國泰-新莊,2024-03-26,8886
00706L,期元大S＆P日圓正2,200,0,200,國泰-新莊,2024-03-26,8886
00919,群益台灣精選高息,943,796,147,國泰-新莊,2024-03-26,8886
00929,復華台灣科技優息,376,245,131,國泰-新莊,2024-03-26,8886
3231,緯創,183,67,116,國泰-新莊,2024-03-26,8886
2515,中工,164,65,99,國泰-新莊,2024-03-26,8886
2329,華泰,86,11,75,國泰-新莊,2024-03-26,8886
3376,新日興,86,15,71,國泰-新莊,2024-03-26,8886
3481,群創,322,251,71,國泰-新莊,2024-03-26,8886
3714,富采,62,1,61,國泰-新莊,2024-03-26,8886
00918,大華優利高填息30,89,31,58,國泰-新莊,2024-03-26,8886
00882,中信中國高股息,87,32,55,國泰-新莊,2024-03-26,8886
1303,南亞,75,21,54,國泰-新莊,2024-03-26,8886
2609,陽明,71,18,53,國泰-新莊,2024-03-26,8886
6125,廣運,161,109,52,國泰-新莊,2024-03-26,8886
1609,大亞,270,221,49,國泰-新莊,2024-03-26,8886
2359,所羅門,189,143,46,國泰-新莊,2024-03-26,8886
2201,裕隆,46,3,43,國泰-新莊,2024-03-26,8886
4303,信立,54,11,43,國泰-新莊,2024-03-26,8886
2883,凱基金,85,42,43,國泰-新莊,2024-03-26,8886
00891,中信關鍵半導體,43,0,43,國泰-新莊,2024-03-26,8886
6139,亞翔,70,27,43,國泰-新莊,2024-03-26,8886
2303,聯電,75,33,42,國泰-新莊,2024-03-26,8886
00687B,國泰20年美債,64,24,40,國泰-新莊,2024-03-26,8886
1612,宏泰,383,346,37,國泰-新莊,2024-03-26,8886
2344,華邦電,72,38,34,國泰-新莊,2024-03-26,8886
00881,國泰台灣5G+,44,11,33,國泰-新莊,2024-03-26,8886
2809,京城銀,33,0,33,國泰-新莊,2024-03-26,8886
1316,上曜,34,2,32,國泰-新莊,2024-03-26,8886
6770,力積電,33,2,31,國泰-新莊,2024-03-26,8886
8936,國統,131,101,30,國泰-新莊,2024-03-26,8886
2610,華航,44,15,29,國泰-新莊,2024-03-26,8886
2388,威盛,58,30,28,國泰-新莊,2024-03-26,8886
1608,華榮,107,79,28,國泰-新莊,2024-03-26,8886
1616,億泰,50,23,27,國泰-新莊,2024-03-26,8886
3689,湧德,102,75,27,國泰-新莊,2024-03-26,8886
2371,大同,244,217,27,國泰-新莊,2024-03-26,8886
00679B,元大美債20年,35,11,24,國泰-新莊,2024-03-26,8886
2353,宏��,44,20,24,國泰-新莊,2024-03-26,8886
3704,合勤控,23,0,23,國泰-新莊,2024-03-26,8886
00857B,永豐20年美公債,23,0,23,國泰-新莊,2024-03-26,8886
3715,定穎投控,33,11,22,國泰-新莊,2024-03-26,8886
2369,菱生,34,12,22,國泰-新莊,2024-03-26,8886
2313,華通,58,36,22,國泰-新莊,2024-03-26,8886
2888,新光金,23,2,21,國泰-新莊,2024-03-26,8886
00937B,群益ESG投等債20,377,55,322,國泰-新莊,2024-03-27,8886
00939,統一台灣高息動能,478,177,301,國泰-新莊,2024-03-27,8886
00679B,元大美債20年,175,17,158,國泰-新莊,2024-03-27,8886
00655L,國泰中國A50正2,100,0,100,國泰-新莊,2024-03-27,8886
00941,中信上游半導體,187,89,98,國泰-新莊,2024-03-27,8886
00665L,富邦�琤肭磪囓�2,171,83,88,國泰-新莊,2024-03-27,8886
3481,群創,125,40,85,國泰-新莊,2024-03-27,8886
1513,中興電,213,134,79,國泰-新莊,2024-03-27,8886
00637L,元大滬深300正2,70,10,60,國泰-新莊,2024-03-27,8886
00650L,復華香港正2,50,0,50,國泰-新莊,2024-03-27,8886
00633L,富邦上証正2,50,2,48,國泰-新莊,2024-03-27,8886
00919,群益台灣精選高息,283,241,42,國泰-新莊,2024-03-27,8886
1808,潤隆,63,22,41,國泰-新莊,2024-03-27,8886
00676R,富邦臺灣加權反1,40,0,40,國泰-新莊,2024-03-27,8886
2301,光寶科,55,15,40,國泰-新莊,2024-03-27,8886
00662,富邦NASDAQ,38,0,38,國泰-新莊,2024-03-27,8886
2371,大同,179,141,38,國泰-新莊,2024-03-27,8886
00753L,中信中國50正2,68,33,35,國泰-新莊,2024-03-27,8886
3231,緯創,53,20,33,國泰-新莊,2024-03-27,8886
00715L,期街口布蘭特正2,30,0,30,國泰-新莊,2024-03-27,8886
6125,廣運,41,13,28,國泰-新莊,2024-03-27,8886
2303,聯電,33,5,28,國泰-新莊,2024-03-27,8886
1444,力麗,27,0,27,國泰-新莊,2024-03-27,8886
1460,宏遠,39,12,27,國泰-新莊,2024-03-27,8886
6139,亞翔,39,13,26,國泰-新莊,2024-03-27,8886
2367,燿華,81,55,26,國泰-新莊,2024-03-27,8886
2356,英業達,134,108,26,國泰-新莊,2024-03-27,8886
1616,億泰,49,24,25,國泰-新莊,2024-03-27,8886
2408,南亞科,27,4,23,國泰-新莊,2024-03-27,8886
6163,華電網,66,44,22,國泰-新莊,2024-03-27,8886
2536,宏普,21,0,21,國泰-新莊,2024-03-27,8886
6205,詮欣,20,0,20,國泰-新莊,2024-03-27,8886
6472,保瑞,20,2,18,國泰-新莊,2024-03-27,8886
3036,文曄,20,3,17,國泰-新莊,2024-03-27,8886
2344,華邦電,19,3,16,國泰-新莊,2024-03-27,8886
00680L,元大美債20正2,22,6,16,國泰-新莊,2024-03-27,8886
2369,菱生,19,3,16,國泰-新莊,2024-03-27,8886
1532,勤美,15,0,15,國泰-新莊,2024-03-27,8886
6261,久元,17,2,15,國泰-新莊,2024-03-27,8886
4121,優盛,15,0,15,國泰-新莊,2024-03-27,8886
2634,漢翔,69,55,14,國泰-新莊,2024-03-27,8886
2358,廷鑫,15,2,13,國泰-新莊,2024-03-27,8886
1301,台塑,13,0,13,國泰-新莊,2024-03-27,8886
6234,高僑,21,8,13,國泰-新莊,2024-03-27,8886
2465,麗臺,15,2,13,國泰-新莊,2024-03-27,8886
5309,系統電,36,23,13,國泰-新莊,2024-03-27,8886
3013,晟銘電,55,42,13,國泰-新莊,2024-03-27,8886
6202,盛群,13,0,13,國泰-新莊,2024-03-27,8886
1503,士電,16,4,12,國泰-新莊,2024-03-27,8886
4958,臻鼎-KY,13,1,12,國泰-新莊,2024-03-27,8886
6425,易發,462,11,451,國泰-新莊,2024-03-28,8886
00937B,群益ESG投等債20,406,37,369,國泰-新莊,2024-03-28,8886
00919,群益台灣精選高息,448,211,237,國泰-新莊,2024-03-28,8886
2515,中工,234,92,142,國泰-新莊,2024-03-28,8886
00882,中信中國高股息,138,20,118,國泰-新莊,2024-03-28,8886
2354,鴻準,246,141,105,國泰-新莊,2024-03-28,8886
00941,中信上游半導體,124,23,101,國泰-新莊,2024-03-28,8886
00673R,期元大S＆P原油反1,90,0,90,國泰-新莊,2024-03-28,8886
00939,統一台灣高息動能,336,252,84,國泰-新莊,2024-03-28,8886
2489,瑞軒,68,2,66,國泰-新莊,2024-03-28,8886
2883,凱基金,305,243,62,國泰-新莊,2024-03-28,8886
3706,神達,177,125,52,國泰-新莊,2024-03-28,8886
2836,高雄銀,52,1,51,國泰-新莊,2024-03-28,8886
6244,茂迪,58,17,41,國泰-新莊,2024-03-28,8886
2867,三商壽,41,0,41,國泰-新莊,2024-03-28,8886
00857B,永豐20年美公債,40,0,40,國泰-新莊,2024-03-28,8886
1612,宏泰,55,16,39,國泰-新莊,2024-03-28,8886
3005,神基,74,37,37,國泰-新莊,2024-03-28,8886
00687B,國泰20年美債,103,67,36,國泰-新莊,2024-03-28,8886
00655L,國泰中國A50正2,235,201,34,國泰-新莊,2024-03-28,8886
5309,系統電,102,70,32,國泰-新莊,2024-03-28,8886
1609,大亞,95,63,32,國泰-新莊,2024-03-28,8886
6147,頎邦,38,7,31,國泰-新莊,2024-03-28,8886
2330,台積電,33,2,31,國泰-新莊,2024-03-28,8886
1560,中砂,34,4,30,國泰-新莊,2024-03-28,8886
2601,益航,30,0,30,國泰-新莊,2024-03-28,8886
2509,全坤建,26,0,26,國泰-新莊,2024-03-28,8886
2888,新光金,26,0,26,國泰-新莊,2024-03-28,8886
1785,光洋科,34,8,26,國泰-新莊,2024-03-28,8886
00632R,元大台灣50反1,31,7,24,國泰-新莊,2024-03-28,8886
2358,廷鑫,23,0,23,國泰-新莊,2024-03-28,8886
1789,神隆,25,3,22,國泰-新莊,2024-03-28,8886
5351,鈺創,22,0,22,國泰-新莊,2024-03-28,8886
2408,南亞科,26,4,22,國泰-新莊,2024-03-28,8886
2324,仁寶,31,10,21,國泰-新莊,2024-03-28,8886
4510,高鋒,22,1,21,國泰-新莊,2024-03-28,8886
00751B,元大AAA至A公司債,21,0,21,國泰-新莊,2024-03-28,8886
1305,華夏,20,0,20,國泰-新莊,2024-03-28,8886
00633L,富邦上証正2,20,0,20,國泰-新莊,2024-03-28,8886
8936,國統,53,33,20,國泰-新莊,2024-03-28,8886
00720B,元大投資級公司債,34,14,20,國泰-新莊,2024-03-28,8886
6770,力積電,33,14,19,國泰-新莊,2024-03-28,8886
9907,統一實,22,3,19,國泰-新莊,2024-03-28,8886
5483,中美晶,26,7,19,國泰-新莊,2024-03-28,8886
2812,台中銀,23,5,18,國泰-新莊,2024-03-28,8886
8033,雷虎,28,9,19,國泰-新莊,2024-03-28,8886
6290,良維,34,16,18,國泰-新莊,2024-03-28,8886
3062,建漢,106,88,18,國泰-新莊,2024-03-28,8886
2897,王道銀行,18,0,18,國泰-新莊,2024-03-28,8886
8222,寶一,53,36,17,國泰-新莊,2024-03-28,8886
00937B,群益ESG投等債20,605,104,501,國泰-新莊,2024-03-29,8886
00919,群益台灣精選高息,322,112,210,國泰-新莊,2024-03-29,8886
2317,鴻海,293,112,181,國泰-新莊,2024-03-29,8886
00665L,富邦�琤肭磪囓�2,162,0,162,國泰-新莊,2024-03-29,8886
00637L,元大滬深300正2,191,32,159,國泰-新莊,2024-03-29,8886
00939,統一台灣高息動能,262,165,97,國泰-新莊,2024-03-29,8886
1460,宏遠,90,2,88,國泰-新莊,2024-03-29,8886
2867,三商壽,92,9,83,國泰-新莊,2024-03-29,8886
00679B,元大美債20年,103,25,78,國泰-新莊,2024-03-29,8886
00929,復華台灣科技優息,115,50,65,國泰-新莊,2024-03-29,8886
2371,大同,123,59,64,國泰-新莊,2024-03-29,8886
2489,瑞軒,72,15,57,國泰-新莊,2024-03-29,8886
00923,群益台ESG低碳50,65,8,57,國泰-新莊,2024-03-29,8886
00941,中信上游半導體,77,22,55,國泰-新莊,2024-03-29,8886
2324,仁寶,76,25,51,國泰-新莊,2024-03-29,8886
2367,燿華,116,71,45,國泰-新莊,2024-03-29,8886
00922,國泰台灣領袖50,62,20,42,國泰-新莊,2024-03-29,8886
3147,大綜,44,3,41,國泰-新莊,2024-03-29,8886
00927,群益半導體收益,52,14,38,國泰-新莊,2024-03-29,8886
2312,金寶,40,3,37,國泰-新莊,2024-03-29,8886
2354,鴻準,134,97,37,國泰-新莊,2024-03-29,8886
00915,凱基優選高股息30,49,13,36,國泰-新莊,2024-03-29,8886
2888,新光金,37,2,35,國泰-新莊,2024-03-29,8886
2301,光寶科,62,29,33,國泰-新莊,2024-03-29,8886
6196,帆宣,35,4,31,國泰-新莊,2024-03-29,8886
2838,聯邦銀,30,0,30,國泰-新莊,2024-03-29,8886
2353,宏��,48,19,29,國泰-新莊,2024-03-29,8886
2406,國碩,31,3,28,國泰-新莊,2024-03-29,8886
2614,東森,26,2,24,國泰-新莊,2024-03-29,8886
6244,茂迪,25,1,24,國泰-新莊,2024-03-29,8886
00632R,元大台灣50反1,46,23,23,國泰-新莊,2024-03-29,8886
0056,元大高股息,40,17,23,國泰-新莊,2024-03-29,8886
2328,廣宇,71,49,22,國泰-新莊,2024-03-29,8886
8054,安國,94,73,21,國泰-新莊,2024-03-29,8886
5871,中租-KY,28,8,20,國泰-新莊,2024-03-29,8886
00764B,群益25年美債,23,4,19,國泰-新莊,2024-03-29,8886
2641,正德,19,0,19,國泰-新莊,2024-03-29,8886
2421,建準,104,85,19,國泰-新莊,2024-03-29,8886
6179,亞通,21,3,18,國泰-新莊,2024-03-29,8886
3481,群創,190,172,18,國泰-新莊,2024-03-29,8886
3708,上緯投控,23,6,17,國泰-新莊,2024-03-29,8886
6684,安格,19,3,16,國泰-新莊,2024-03-29,8886
6456,GIS-KY,17,1,16,國泰-新莊,2024-03-29,8886
2323,中環,32,17,15,國泰-新莊,2024-03-29,8886
1316,上曜,24,10,14,國泰-新莊,2024-03-29,8886
4562,穎漢,14,0,14,國泰-新莊,2024-03-29,8886
00662,富邦NASDAQ,14,0,14,國泰-新莊,2024-03-29,8886
2618,長榮航,38,24,14,國泰-新莊,2024-03-29,8886
4526,東台,19,6,13,國泰-新莊,2024-03-29,8886
5515,建國,15,2,13,國泰-新莊,2024-03-29,8886
00940,元大台灣價值高息,3539,945,2594,國泰-新莊,2024-04-01,8886
00919,群益台灣精選高息,355,90,265,國泰-新莊,2024-04-01,8886
00939,統一台灣高息動能,222,68,154,國泰-新莊,2024-04-01,8886
00929,復華台灣科技優息,222,75,147,國泰-新莊,2024-04-01,8886
00941,中信上游半導體,153,21,132,國泰-新莊,2024-04-01,8886
00712,復華富時不動產,120,11,109,國泰-新莊,2024-04-01,8886
2356,英業達,169,62,107,國泰-新莊,2024-04-01,8886
2618,長榮航,149,45,104,國泰-新莊,2024-04-01,8886
2891,中信金,106,3,103,國泰-新莊,2024-04-01,8886
00937B,群益ESG投等債20,403,313,90,國泰-新莊,2024-04-01,8886
3231,緯創,144,60,84,國泰-新莊,2024-04-01,8886
2409,友達,90,9,81,國泰-新莊,2024-04-01,8886
00673R,期元大S＆P原油反1,75,0,75,國泰-新莊,2024-04-01,8886
3706,神達,90,16,74,國泰-新莊,2024-04-01,8886
9105,泰金寶-DR,82,10,72,國泰-新莊,2024-04-01,8886
00720B,元大投資級公司債,62,7,55,國泰-新莊,2024-04-01,8886
2382,廣達,112,64,48,國泰-新莊,2024-04-01,8886
1460,宏遠,48,0,48,國泰-新莊,2024-04-01,8886
2301,光寶科,53,9,44,國泰-新莊,2024-04-01,8886
2883,凱基金,44,4,40,國泰-新莊,2024-04-01,8886
2354,鴻準,74,34,40,國泰-新莊,2024-04-01,8886
00936,台新永續高息中小,40,0,40,國泰-新莊,2024-04-01,8886
3013,晟銘電,81,44,37,國泰-新莊,2024-04-01,8886
2324,仁寶,43,6,37,國泰-新莊,2024-04-01,8886
4533,協易機,36,0,36,國泰-新莊,2024-04-01,8886
2303,聯電,48,12,36,國泰-新莊,2024-04-01,8886
2369,菱生,45,11,34,國泰-新莊,2024-04-01,8886
2489,瑞軒,30,0,30,國泰-新莊,2024-04-01,8886
1455,集盛,31,4,27,國泰-新莊,2024-04-01,8886
6547,高端疫苗,27,0,27,國泰-新莊,2024-04-01,8886
00795B,中信美國公債20年,26,0,26,國泰-新莊,2024-04-01,8886
2330,台積電,25,1,24,國泰-新莊,2024-04-01,8886
2515,中工,69,46,23,國泰-新莊,2024-04-01,8886
3481,群創,34,11,23,國泰-新莊,2024-04-01,8886
1785,光洋科,25,3,22,國泰-新莊,2024-04-01,8886
2610,華航,48,26,22,國泰-新莊,2024-04-01,8886
1532,勤美,23,2,21,國泰-新莊,2024-04-01,8886
2317,鴻海,97,75,22,國泰-新莊,2024-04-01,8886
1504,東元,39,19,20,國泰-新莊,2024-04-01,8886
2353,宏��,23,3,20,國泰-新莊,2024-04-01,8886
8105,凌巨,20,0,20,國泰-新莊,2024-04-01,8886
2603,長榮,50,32,18,國泰-新莊,2024-04-01,8886
1806,冠軍,23,6,17,國泰-新莊,2024-04-01,8886
8096,擎亞,68,51,17,國泰-新莊,2024-04-01,8886
00680L,元大美債20正2,17,0,17,國泰-新莊,2024-04-01,8886
6216,居易,17,0,17,國泰-新莊,2024-04-01,8886
2371,大同,86,69,17,國泰-新莊,2024-04-01,8886
9934,成霖,16,0,16,國泰-新莊,2024-04-01,8886
00857B,永豐20年美公債,15,0,15,國泰-新莊,2024-04-01,8886
3122,笙泉,15,0,15,國泰-新莊,2024-04-01,8886
00940,元大台灣價值高息,1123,565,558,國泰-新莊,2024-04-02,8886
00937B,群益ESG投等債20,506,67,439,國泰-新莊,2024-04-02,8886
00929,復華台灣科技優息,571,192,379,國泰-新莊,2024-04-02,8886
00632R,元大台灣50反1,254,4,250,國泰-新莊,2024-04-02,8886
00933B,國泰10Y+金融債,233,9,224,國泰-新莊,2024-04-02,8886
00687B,國泰20年美債,259,59,200,國泰-新莊,2024-04-02,8886
5521,工信,165,22,143,國泰-新莊,2024-04-02,8886
2477,美隆電,140,0,140,國泰-新莊,2024-04-02,8886
2888,新光金,139,10,129,國泰-新莊,2024-04-02,8886
00720B,元大投資級公司債,146,18,128,國泰-新莊,2024-04-02,8886
00679B,元大美債20年,129,33,96,國泰-新莊,2024-04-02,8886
00706L,期元大S＆P日圓正2,82,0,82,國泰-新莊,2024-04-02,8886
6282,康舒,81,1,80,國泰-新莊,2024-04-02,8886
00795B,中信美國公債20年,75,0,75,國泰-新莊,2024-04-02,8886
1455,集盛,70,2,68,國泰-新莊,2024-04-02,8886
00931B,統一美債20年,57,1,56,國泰-新莊,2024-04-02,8886
00680L,元大美債20正2,57,1,56,國泰-新莊,2024-04-02,8886
2371,大同,105,55,50,國泰-新莊,2024-04-02,8886
3706,神達,55,17,38,國泰-新莊,2024-04-02,8886
00857B,永豐20年美公債,39,2,37,國泰-新莊,2024-04-02,8886
00712,復華富時不動產,36,1,35,國泰-新莊,2024-04-02,8886
2405,輔信,35,2,33,國泰-新莊,2024-04-02,8886
2353,宏��,34,2,32,國泰-新莊,2024-04-02,8886
00764B,群益25年美債,31,0,31,國泰-新莊,2024-04-02,8886
2419,仲琦,30,0,30,國泰-新莊,2024-04-02,8886
1612,宏泰,30,0,30,國泰-新莊,2024-04-02,8886
00655L,國泰中國A50正2,80,50,30,國泰-新莊,2024-04-02,8886
00637L,元大滬深300正2,40,11,29,國泰-新莊,2024-04-02,8886
8033,雷虎,33,5,28,國泰-新莊,2024-04-02,8886
3260,威剛,42,15,27,國泰-新莊,2024-04-02,8886
2883,凱基金,51,25,26,國泰-新莊,2024-04-02,8886
6125,廣運,35,10,25,國泰-新莊,2024-04-02,8886
3535,晶彩科,73,48,25,國泰-新莊,2024-04-02,8886
00753L,中信中國50正2,24,0,24,國泰-新莊,2024-04-02,8886
00725B,國泰投資級公司債,24,0,24,國泰-新莊,2024-04-02,8886
2603,長榮,47,23,24,國泰-新莊,2024-04-02,8886
4960,誠美材,23,0,23,國泰-新莊,2024-04-02,8886
2363,矽統,23,1,22,國泰-新莊,2024-04-02,8886
3548,兆利,31,10,21,國泰-新莊,2024-04-02,8886
2537,聯上發,73,53,20,國泰-新莊,2024-04-02,8886
00751B,元大AAA至A公司債,54,34,20,國泰-新莊,2024-04-02,8886
3363,上詮,47,27,20,國泰-新莊,2024-04-02,8886
00633L,富邦上証正2,26,6,20,國泰-新莊,2024-04-02,8886
8105,凌巨,20,0,20,國泰-新莊,2024-04-02,8886
00885,富邦越南,24,5,19,國泰-新莊,2024-04-02,8886
2344,華邦電,29,10,19,國泰-新莊,2024-04-02,8886
3707,漢磊,64,46,18,國泰-新莊,2024-04-02,8886
3576,聯合再生,16,0,16,國泰-新莊,2024-04-02,8886
2014,中鴻,18,2,16,國泰-新莊,2024-04-02,8886
3481,群創,27,12,15,國泰-新莊,2024-04-02,8886
00929,復華台灣科技優息,1026,48,978,國泰-新莊,2024-04-03,8886
2317,鴻海,645,122,523,國泰-新莊,2024-04-03,8886
00940,元大台灣價值高息,552,139,413,國泰-新莊,2024-04-03,8886
00665L,富邦�琤肭磪囓�2,434,69,365,國泰-新莊,2024-04-03,8886
00937B,群益ESG投等債20,277,72,205,國泰-新莊,2024-04-03,8886
00687B,國泰20年美債,210,23,187,國泰-新莊,2024-04-03,8886
3481,群創,217,31,186,國泰-新莊,2024-04-03,8886
00936,台新永續高息中小,232,87,145,國泰-新莊,2024-04-03,8886
00679B,元大美債20年,247,114,133,國泰-新莊,2024-04-03,8886
00680L,元大美債20正2,126,0,126,國泰-新莊,2024-04-03,8886
9105,泰金寶-DR,219,107,112,國泰-新莊,2024-04-03,8886
00637L,元大滬深300正2,109,0,109,國泰-新莊,2024-04-03,8886
00941,中信上游半導體,122,14,108,國泰-新莊,2024-04-03,8886
2486,一詮,411,312,99,國泰-新莊,2024-04-03,8886
00720B,元大投資級公司債,97,0,97,國泰-新莊,2024-04-03,8886
00795B,中信美國公債20年,92,0,92,國泰-新莊,2024-04-03,8886
2515,中工,245,163,82,國泰-新莊,2024-04-03,8886
00927,群益半導體收益,82,7,75,國泰-新莊,2024-04-03,8886
0056,元大高股息,87,14,73,國泰-新莊,2024-04-03,8886
2610,華航,73,0,73,國泰-新莊,2024-04-03,8886
5386,青雲,68,2,66,國泰-新莊,2024-04-03,8886
2409,友達,75,13,62,國泰-新莊,2024-04-03,8886
2801,彰銀,56,0,56,國泰-新莊,2024-04-03,8886
00933B,國泰10Y+金融債,57,2,55,國泰-新莊,2024-04-03,8886
2201,裕隆,54,0,54,國泰-新莊,2024-04-03,8886
6150,撼訊,54,0,54,國泰-新莊,2024-04-03,8886
2887,台新金,65,12,53,國泰-新莊,2024-04-03,8886
2618,長榮航,47,1,46,國泰-新莊,2024-04-03,8886
2382,廣達,104,60,44,國泰-新莊,2024-04-03,8886
2353,宏��,41,5,36,國泰-新莊,2024-04-03,8886
2443,昶虹,37,1,36,國泰-新莊,2024-04-03,8886
2371,大同,65,29,36,國泰-新莊,2024-04-03,8886
00688L,國泰20年美債正2,36,1,35,國泰-新莊,2024-04-03,8886
8936,國統,58,23,35,國泰-新莊,2024-04-03,8886
2303,聯電,51,17,34,國泰-新莊,2024-04-03,8886
2498,宏達電,32,0,32,國泰-新莊,2024-04-03,8886
2883,凱基金,36,7,29,國泰-新莊,2024-04-03,8886
1101,台泥,50,22,28,國泰-新莊,2024-04-03,8886
2354,鴻準,44,17,27,國泰-新莊,2024-04-03,8886
1609,大亞,98,71,27,國泰-新莊,2024-04-03,8886
3363,上詮,41,15,26,國泰-新莊,2024-04-03,8886
2330,台積電,29,3,26,國泰-新莊,2024-04-03,8886
00919,群益台灣精選高息,149,125,24,國泰-新莊,2024-04-03,8886
2834,臺企銀,25,0,25,國泰-新莊,2024-04-03,8886
2014,中鴻,51,27,24,國泰-新莊,2024-04-03,8886
3706,神達,78,56,22,國泰-新莊,2024-04-03,8886
1301,台塑,22,1,21,國泰-新莊,2024-04-03,8886
8054,安國,157,136,21,國泰-新莊,2024-04-03,8886
2417,圓剛,22,1,21,國泰-新莊,2024-04-03,8886
8070,長華*,27,7,20,國泰-新莊,2024-04-03,8886
00929,復華台灣科技優息,810,238,572,國泰-新莊,2024-04-08,8886
00940,元大台灣價值高息,534,208,326,國泰-新莊,2024-04-08,8886
00679B,元大美債20年,293,34,259,國泰-新莊,2024-04-08,8886
00937B,群益ESG投等債20,249,52,197,國泰-新莊,2024-04-08,8886
00665L,富邦�琤肭磪囓�2,228,46,182,國泰-新莊,2024-04-08,8886
00687B,國泰20年美債,224,52,172,國泰-新莊,2024-04-08,8886
6120,達運,314,161,153,國泰-新莊,2024-04-08,8886
2611,志信,155,3,152,國泰-新莊,2024-04-08,8886
2323,中環,152,3,149,國泰-新莊,2024-04-08,8886
00632R,元大台灣50反1,147,2,145,國泰-新莊,2024-04-08,8886
8070,長華*,137,9,128,國泰-新莊,2024-04-08,8886
4714,永捷,127,22,105,國泰-新莊,2024-04-08,8886
2618,長榮航,107,3,104,國泰-新莊,2024-04-08,8886
2009,第一銅,126,29,97,國泰-新莊,2024-04-08,8886
00941,中信上游半導體,92,2,90,國泰-新莊,2024-04-08,8886
2374,佳能,233,147,86,國泰-新莊,2024-04-08,8886
00673R,期元大S＆P原油反1,85,0,85,國泰-新莊,2024-04-08,8886
2356,英業達,106,25,81,國泰-新莊,2024-04-08,8886
00706L,期元大S＆P日圓正2,80,0,80,國泰-新莊,2024-04-08,8886
3703,欣陸,74,1,73,國泰-新莊,2024-04-08,8886
00933B,國泰10Y+金融債,69,1,68,國泰-新莊,2024-04-08,8886
00795B,中信美國公債20年,68,1,67,國泰-新莊,2024-04-08,8886
6125,廣運,93,30,63,國泰-新莊,2024-04-08,8886
00931B,統一美債20年,60,5,55,國泰-新莊,2024-04-08,8886
2417,圓剛,53,2,51,國泰-新莊,2024-04-08,8886
00919,群益台灣精選高息,183,132,51,國泰-新莊,2024-04-08,8886
00720B,元大投資級公司債,55,22,33,國泰-新莊,2024-04-08,8886
00905,FT臺灣Smart,32,0,32,國泰-新莊,2024-04-08,8886
8033,雷虎,40,8,32,國泰-新莊,2024-04-08,8886
6235,華孚,32,1,31,國泰-新莊,2024-04-08,8886
2509,全坤建,33,3,30,國泰-新莊,2024-04-08,8886
00857B,永豐20年美公債,29,0,29,國泰-新莊,2024-04-08,8886
5521,工信,29,0,29,國泰-新莊,2024-04-08,8886
00751B,元大AAA至A公司債,29,0,29,國泰-新莊,2024-04-08,8886
2317,鴻海,90,61,29,國泰-新莊,2024-04-08,8886
2515,中工,140,112,28,國泰-新莊,2024-04-08,8886
3450,聯鈞,39,14,25,國泰-新莊,2024-04-08,8886
2393,億光,31,7,24,國泰-新莊,2024-04-08,8886
3041,揚智,23,0,23,國泰-新莊,2024-04-08,8886
2365,昆盈,44,21,23,國泰-新莊,2024-04-08,8886
2883,凱基金,42,20,22,國泰-新莊,2024-04-08,8886
3036,文曄,24,2,22,國泰-新莊,2024-04-08,8886
2371,大同,68,47,21,國泰-新莊,2024-04-08,8886
00927,群益半導體收益,21,0,21,國泰-新莊,2024-04-08,8886
00712,復華富時不動產,36,16,20,國泰-新莊,2024-04-08,8886
9907,統一實,20,0,20,國泰-新莊,2024-04-08,8886
00923,群益台ESG低碳50,23,3,20,國泰-新莊,2024-04-08,8886
2324,仁寶,27,8,19,國泰-新莊,2024-04-08,8886
9945,潤泰新,22,3,19,國泰-新莊,2024-04-08,8886
2610,華航,22,3,19,國泰-新莊,2024-04-08,8886
00632R,元大台灣50反1,754,4,750,國泰-新莊,2024-04-09,8886
00940,元大台灣價值高息,322,129,193,國泰-新莊,2024-04-09,8886
00929,復華台灣科技優息,231,79,152,國泰-新莊,2024-04-09,8886
3231,緯創,229,94,135,國泰-新莊,2024-04-09,8886
00637L,元大滬深300正2,139,13,126,國泰-新莊,2024-04-09,8886
6005,群益證,178,74,104,國泰-新莊,2024-04-09,8886
00751B,元大AAA至A公司債,148,46,102,國泰-新莊,2024-04-09,8886
00673R,期元大S＆P原油反1,81,0,81,國泰-新莊,2024-04-09,8886
00937B,群益ESG投等債20,114,35,79,國泰-新莊,2024-04-09,8886
5388,中磊,82,4,78,國泰-新莊,2024-04-09,8886
00885,富邦越南,76,0,76,國泰-新莊,2024-04-09,8886
2486,一詮,307,233,74,國泰-新莊,2024-04-09,8886
2405,輔信,71,15,56,國泰-新莊,2024-04-09,8886
00679B,元大美債20年,77,29,48,國泰-新莊,2024-04-09,8886
2363,矽統,271,225,46,國泰-新莊,2024-04-09,8886
2812,台中銀,45,0,45,國泰-新莊,2024-04-09,8886
2509,全坤建,52,10,42,國泰-新莊,2024-04-09,8886
4743,合一,37,0,37,國泰-新莊,2024-04-09,8886
1815,富喬,45,10,35,國泰-新莊,2024-04-09,8886
8011,台通,63,30,33,國泰-新莊,2024-04-09,8886
2645,長榮航太,32,0,32,國泰-新莊,2024-04-09,8886
4716,大立,35,4,31,國泰-新莊,2024-04-09,8886
00706L,期元大S＆P日圓正2,31,0,31,國泰-新莊,2024-04-09,8886
00720B,元大投資級公司債,29,0,29,國泰-新莊,2024-04-09,8886
2537,聯上發,70,41,29,國泰-新莊,2024-04-09,8886
5210,寶碩,28,0,28,國泰-新莊,2024-04-09,8886
2417,圓剛,32,4,28,國泰-新莊,2024-04-09,8886
2421,建準,29,2,27,國泰-新莊,2024-04-09,8886
2897,王道銀行,42,15,27,國泰-新莊,2024-04-09,8886
6120,達運,55,30,25,國泰-新莊,2024-04-09,8886
6189,豐藝,81,57,24,國泰-新莊,2024-04-09,8886
6244,茂迪,25,1,24,國泰-新莊,2024-04-09,8886
2365,昆盈,86,63,23,國泰-新莊,2024-04-09,8886
8105,凌巨,22,0,22,國泰-新莊,2024-04-09,8886
2313,華通,43,22,21,國泰-新莊,2024-04-09,8886
4714,永捷,22,1,21,國泰-新莊,2024-04-09,8886
00687B,國泰20年美債,28,8,20,國泰-新莊,2024-04-09,8886
4958,臻鼎-KY,27,7,20,國泰-新莊,2024-04-09,8886
2356,英業達,78,58,20,國泰-新莊,2024-04-09,8886
00924,復華S＆P500成長,20,0,20,國泰-新莊,2024-04-09,8886
5469,瀚宇博,20,0,20,國泰-新莊,2024-04-09,8886
3013,晟銘電,161,141,20,國泰-新莊,2024-04-09,8886
2201,裕隆,21,2,19,國泰-新莊,2024-04-09,8886
8996,高力,39,21,18,國泰-新莊,2024-04-09,8886
6111,大宇資,20,3,17,國泰-新莊,2024-04-09,8886
3163,波若威,19,1,18,國泰-新莊,2024-04-09,8886
2362,藍天,27,10,17,國泰-新莊,2024-04-09,8886
00712,復華富時不動產,23,6,17,國泰-新莊,2024-04-09,8886
00909,國泰數位支付服務,16,0,16,國泰-新莊,2024-04-09,8886
2887,台新金,24,9,15,國泰-新莊,2024-04-09,8886
2376,技嘉,398,119,279,國泰-新莊,2024-04-10,8886
00937B,群益ESG投等債20,275,27,248,國泰-新莊,2024-04-10,8886
3481,群創,409,163,246,國泰-新莊,2024-04-10,8886
2405,輔信,165,5,160,國泰-新莊,2024-04-10,8886
00751B,元大AAA至A公司債,173,33,140,國泰-新莊,2024-04-10,8886
00666R,富邦�琤肭磪齯�1,130,0,130,國泰-新莊,2024-04-10,8886
00687B,國泰20年美債,110,9,101,國泰-新莊,2024-04-10,8886
00637L,元大滬深300正2,134,36,98,國泰-新莊,2024-04-10,8886
2515,中工,195,125,70,國泰-新莊,2024-04-10,8886
8096,擎亞,191,123,68,國泰-新莊,2024-04-10,8886
2486,一詮,112,54,58,國泰-新莊,2024-04-10,8886
2317,鴻海,93,34,59,國泰-新莊,2024-04-10,8886
00927,群益半導體收益,111,52,59,國泰-新莊,2024-04-10,8886
2883,凱基金,72,18,54,國泰-新莊,2024-04-10,8886
6016,康和證,55,6,49,國泰-新莊,2024-04-10,8886
2382,廣達,54,8,46,國泰-新莊,2024-04-10,8886
2634,漢翔,93,51,42,國泰-新莊,2024-04-10,8886
8936,國統,49,10,39,國泰-新莊,2024-04-10,8886
00941,中信上游半導體,61,22,39,國泰-新莊,2024-04-10,8886
2618,長榮航,39,2,37,國泰-新莊,2024-04-10,8886
1608,華榮,128,95,33,國泰-新莊,2024-04-10,8886
6117,迎廣,53,21,32,國泰-新莊,2024-04-10,8886
020020,元大台股領航N,30,0,30,國泰-新莊,2024-04-10,8886
8110,華東,31,2,29,國泰-新莊,2024-04-10,8886
8033,雷虎,46,18,28,國泰-新莊,2024-04-10,8886
2641,正德,30,3,27,國泰-新莊,2024-04-10,8886
2009,第一銅,112,87,25,國泰-新莊,2024-04-10,8886
5452,佶優,26,1,25,國泰-新莊,2024-04-10,8886
00857B,永豐20年美公債,25,1,24,國泰-新莊,2024-04-10,8886
2855,統一證,31,7,24,國泰-新莊,2024-04-10,8886
1503,士電,86,63,23,國泰-新莊,2024-04-10,8886
2421,建準,29,6,23,國泰-新莊,2024-04-10,8886
2464,盟立,81,60,21,國泰-新莊,2024-04-10,8886
2356,英業達,53,32,21,國泰-新莊,2024-04-10,8886
00929,復華台灣科技優息,141,120,21,國泰-新莊,2024-04-10,8886
00909,國泰數位支付服務,21,0,21,國泰-新莊,2024-04-10,8886
6113,亞矽,40,20,20,國泰-新莊,2024-04-10,8886
4167,松瑞藥,20,0,20,國泰-新莊,2024-04-10,8886
2363,矽統,321,302,19,國泰-新莊,2024-04-10,8886
2409,友達,47,28,19,國泰-新莊,2024-04-10,8886
4402,郡都開發,20,1,19,國泰-新莊,2024-04-10,8886
1337,再生-KY,18,0,18,國泰-新莊,2024-04-10,8886
2537,聯上發,49,31,18,國泰-新莊,2024-04-10,8886
00715L,期街口布蘭特正2,18,0,18,國泰-新莊,2024-04-10,8886
2027,大成鋼,24,7,17,國泰-新莊,2024-04-10,8886
6457,紘康,17,0,17,國泰-新莊,2024-04-10,8886
4538,大詠城,17,0,17,國泰-新莊,2024-04-10,8886
6244,茂迪,24,8,16,國泰-新莊,2024-04-10,8886
6215,和椿,29,13,16,國泰-新莊,2024-04-10,8886
5009,榮剛,32,18,14,國泰-新莊,2024-04-10,8886
3481,群創,906,209,697,國泰-新莊,2024-04-11,8886
00712,復華富時不動產,412,65,347,國泰-新莊,2024-04-11,8886
00937B,群益ESG投等債20,420,132,288,國泰-新莊,2024-04-11,8886
2317,鴻海,626,358,268,國泰-新莊,2024-04-11,8886
00687B,國泰20年美債,246,53,193,國泰-新莊,2024-04-11,8886
00720B,元大投資級公司債,171,26,145,國泰-新莊,2024-04-11,8886
00679B,元大美債20年,216,73,143,國泰-新莊,2024-04-11,8886
00665L,富邦�琤肭磪囓�2,245,117,128,國泰-新莊,2024-04-11,8886
00929,復華台灣科技優息,318,200,118,國泰-新莊,2024-04-11,8886
00940,元大台灣價值高息,451,334,117,國泰-新莊,2024-04-11,8886
00673R,期元大S＆P原油反1,117,0,117,國泰-新莊,2024-04-11,8886
0056,元大高股息,128,18,110,國泰-新莊,2024-04-11,8886
00933B,國泰10Y+金融債,152,53,99,國泰-新莊,2024-04-11,8886
00931B,統一美債20年,100,5,95,國泰-新莊,2024-04-11,8886
2867,三商壽,93,3,90,國泰-新莊,2024-04-11,8886
00680L,元大美債20正2,100,11,89,國泰-新莊,2024-04-11,8886
00795B,中信美國公債20年,89,0,89,國泰-新莊,2024-04-11,8886
00939,統一台灣高息動能,118,37,81,國泰-新莊,2024-04-11,8886
2208,台船,76,0,76,國泰-新莊,2024-04-11,8886
3231,緯創,138,64,74,國泰-新莊,2024-04-11,8886
1609,大亞,176,110,66,國泰-新莊,2024-04-11,8886
8033,雷虎,61,8,53,國泰-新莊,2024-04-11,8886
2630,亞航,89,37,52,國泰-新莊,2024-04-11,8886
9105,泰金寶-DR,54,3,51,國泰-新莊,2024-04-11,8886
3706,神達,77,27,50,國泰-新莊,2024-04-11,8886
2027,大成鋼,51,2,49,國泰-新莊,2024-04-11,8886
2892,第一金,44,0,44,國泰-新莊,2024-04-11,8886
3363,上詮,55,16,39,國泰-新莊,2024-04-11,8886
2417,圓剛,43,4,39,國泰-新莊,2024-04-11,8886
00941,中信上游半導體,56,19,37,國泰-新莊,2024-04-11,8886
2888,新光金,50,16,34,國泰-新莊,2024-04-11,8886
00857B,永豐20年美公債,32,0,32,國泰-新莊,2024-04-11,8886
1608,華榮,80,49,31,國泰-新莊,2024-04-11,8886
6290,良維,43,12,31,國泰-新莊,2024-04-11,8886
3013,晟銘電,161,130,31,國泰-新莊,2024-04-11,8886
2515,中工,78,48,30,國泰-新莊,2024-04-11,8886
2405,輔信,32,3,29,國泰-新莊,2024-04-11,8886
3312,弘憶股,70,42,28,國泰-新莊,2024-04-11,8886
2409,友達,103,76,27,國泰-新莊,2024-04-11,8886
6177,達麗,30,2,28,國泰-新莊,2024-04-11,8886
1612,宏泰,42,15,27,國泰-新莊,2024-04-11,8886
2332,友訊,28,1,27,國泰-新莊,2024-04-11,8886
00688L,國泰20年美債正2,27,1,26,國泰-新莊,2024-04-11,8886
6244,茂迪,24,0,24,國泰-新莊,2024-04-11,8886
2399,映泰,26,3,23,國泰-新莊,2024-04-11,8886
2530,華建,22,0,22,國泰-新莊,2024-04-11,8886
4538,大詠城,22,0,22,國泰-新莊,2024-04-11,8886
00725B,國泰投資級公司債,21,0,21,國泰-新莊,2024-04-11,8886
3294,英濟,38,17,21,國泰-新莊,2024-04-11,8886
9958,世紀鋼,28,7,21,國泰-新莊,2024-04-11,8886
00665L,富邦�琤肭磪囓�2,403,0,403,國泰-新莊,2024-04-12,8886
00937B,群益ESG投等債20,394,159,235,國泰-新莊,2024-04-12,8886
00687B,國泰20年美債,217,9,208,國泰-新莊,2024-04-12,8886
00929,復華台灣科技優息,316,140,176,國泰-新莊,2024-04-12,8886
2353,宏��,343,173,170,國泰-新莊,2024-04-12,8886
00706L,期元大S＆P日圓正2,133,0,133,國泰-新莊,2024-04-12,8886
6005,群益證,182,51,131,國泰-新莊,2024-04-12,8886
00679B,元大美債20年,170,45,125,國泰-新莊,2024-04-12,8886
00940,元大台灣價值高息,393,284,109,國泰-新莊,2024-04-12,8886
00882,中信中國高股息,103,0,103,國泰-新莊,2024-04-12,8886
00933B,國泰10Y+金融債,91,1,90,國泰-新莊,2024-04-12,8886
2323,中環,86,3,83,國泰-新莊,2024-04-12,8886
00680L,元大美債20正2,79,0,79,國泰-新莊,2024-04-12,8886
00688L,國泰20年美債正2,77,0,77,國泰-新莊,2024-04-12,8886
9105,泰金寶-DR,139,63,76,國泰-新莊,2024-04-12,8886
9907,統一實,81,9,72,國泰-新莊,2024-04-12,8886
2888,新光金,176,109,67,國泰-新莊,2024-04-12,8886
6116,彩晶,66,4,62,國泰-新莊,2024-04-12,8886
00753L,中信中國50正2,56,0,56,國泰-新莊,2024-04-12,8886
2618,長榮航,160,109,51,國泰-新莊,2024-04-12,8886
00637L,元大滬深300正2,131,80,51,國泰-新莊,2024-04-12,8886
1460,宏遠,51,1,50,國泰-新莊,2024-04-12,8886
4938,和碩,50,1,49,國泰-新莊,2024-04-12,8886
2382,廣達,62,15,47,國泰-新莊,2024-04-12,8886
6770,力積電,49,4,45,國泰-新莊,2024-04-12,8886
020020,元大台股領航N,45,0,45,國泰-新莊,2024-04-12,8886
2356,英業達,63,18,45,國泰-新莊,2024-04-12,8886
00927,群益半導體收益,46,2,44,國泰-新莊,2024-04-12,8886
00931B,統一美債20年,40,1,39,國泰-新莊,2024-04-12,8886
00720B,元大投資級公司債,54,15,39,國泰-新莊,2024-04-12,8886
3260,威剛,60,23,37,國泰-新莊,2024-04-12,8886
2506,太設,41,5,36,國泰-新莊,2024-04-12,8886
00795B,中信美國公債20年,35,0,35,國泰-新莊,2024-04-12,8886
2887,台新金,36,1,35,國泰-新莊,2024-04-12,8886
2882,國泰金,33,1,32,國泰-新莊,2024-04-12,8886
0056,元大高股息,48,17,31,國泰-新莊,2024-04-12,8886
2303,聯電,97,69,28,國泰-新莊,2024-04-12,8886
6603,富強鑫,28,0,28,國泰-新莊,2024-04-12,8886
2409,友達,28,3,25,國泰-新莊,2024-04-12,8886
00909,國泰數位支付服務,23,0,23,國泰-新莊,2024-04-12,8886
5351,鈺創,44,22,22,國泰-新莊,2024-04-12,8886
1316,上曜,22,1,21,國泰-新莊,2024-04-12,8886
1314,中石化,23,2,21,國泰-新莊,2024-04-12,8886
2611,志信,24,3,21,國泰-新莊,2024-04-12,8886
2528,皇普,20,0,20,國泰-新莊,2024-04-12,8886
00715L,期街口布蘭特正2,33,13,20,國泰-新莊,2024-04-12,8886
6282,康舒,28,9,19,國泰-新莊,2024-04-12,8886
2883,凱基金,62,43,19,國泰-新莊,2024-04-12,8886
2027,大成鋼,20,1,19,國泰-新莊,2024-04-12,8886
3715,定穎投控,29,11,18,國泰-新莊,2024-04-12,8886
00929,復華台灣科技優息,1210,49,1161,國泰-新莊,2024-04-15,8886
00940,元大台灣價值高息,430,162,268,國泰-新莊,2024-04-15,8886
00753L,中信中國50正2,304,114,190,國泰-新莊,2024-04-15,8886
00665L,富邦�琤肭磪囓�2,378,206,172,國泰-新莊,2024-04-15,8886
0056,元大高股息,192,20,172,國泰-新莊,2024-04-15,8886
3049,精金,170,0,170,國泰-新莊,2024-04-15,8886
1608,華榮,411,243,168,國泰-新莊,2024-04-15,8886
00939,統一台灣高息動能,188,26,162,國泰-新莊,2024-04-15,8886
00919,群益台灣精選高息,223,65,158,國泰-新莊,2024-04-15,8886
00706L,期元大S＆P日圓正2,155,0,155,國泰-新莊,2024-04-15,8886
00679B,元大美債20年,202,53,149,國泰-新莊,2024-04-15,8886
1513,中興電,372,249,123,國泰-新莊,2024-04-15,8886
00937B,群益ESG投等債20,181,72,109,國泰-新莊,2024-04-15,8886
2371,大同,359,250,109,國泰-新莊,2024-04-15,8886
00712,復華富時不動產,118,11,107,國泰-新莊,2024-04-15,8886
00878,國泰永續高股息,162,66,96,國泰-新莊,2024-04-15,8886
00933B,國泰10Y+金融債,117,23,94,國泰-新莊,2024-04-15,8886
2367,燿華,157,63,94,國泰-新莊,2024-04-15,8886
3706,神達,92,7,85,國泰-新莊,2024-04-15,8886
1314,中石化,159,80,79,國泰-新莊,2024-04-15,8886
00941,中信上游半導體,83,5,78,國泰-新莊,2024-04-15,8886
6282,康舒,80,9,71,國泰-新莊,2024-04-15,8886
1504,東元,138,68,70,國泰-新莊,2024-04-15,8886
2618,長榮航,69,10,59,國泰-新莊,2024-04-15,8886
3712,永崴投控,73,13,60,國泰-新莊,2024-04-15,8886
3059,華晶科,85,29,56,國泰-新莊,2024-04-15,8886
3481,群創,207,153,54,國泰-新莊,2024-04-15,8886
6116,彩晶,56,7,49,國泰-新莊,2024-04-15,8886
5351,鈺創,51,5,46,國泰-新莊,2024-04-15,8886
00918,大華優利高填息30,49,4,45,國泰-新莊,2024-04-15,8886
2025,千興,56,13,43,國泰-新莊,2024-04-15,8886
00720B,元大投資級公司債,44,1,43,國泰-新莊,2024-04-15,8886
00927,群益半導體收益,87,45,42,國泰-新莊,2024-04-15,8886
00751B,元大AAA至A公司債,44,3,41,國泰-新莊,2024-04-15,8886
00795B,中信美國公債20年,45,4,41,國泰-新莊,2024-04-15,8886
3294,英濟,69,29,40,國泰-新莊,2024-04-15,8886
2356,英業達,71,32,39,國泰-新莊,2024-04-15,8886
2369,菱生,41,6,35,國泰-新莊,2024-04-15,8886
3231,緯創,74,42,32,國泰-新莊,2024-04-15,8886
1612,宏泰,92,64,28,國泰-新莊,2024-04-15,8886
3402,漢科,44,16,28,國泰-新莊,2024-04-15,8886
2883,凱基金,39,11,28,國泰-新莊,2024-04-15,8886
2330,台積電,32,7,25,國泰-新莊,2024-04-15,8886
6770,力積電,28,3,25,國泰-新莊,2024-04-15,8886
00916,國泰全球品牌50,24,0,24,國泰-新莊,2024-04-15,8886
2258,鴻華先進-創,23,0,23,國泰-新莊,2024-04-15,8886
1616,億泰,32,9,23,國泰-新莊,2024-04-15,8886
2374,佳能,90,68,22,國泰-新莊,2024-04-15,8886
1304,台聚,22,1,21,國泰-新莊,2024-04-15,8886
00881,國泰台灣5G+,23,2,21,國泰-新莊,2024-04-15,8886
00940,元大台灣價值高息,1963,521,1442,國泰-新莊,2024-04-16,8886
00929,復華台灣科技優息,1409,101,1308,國泰-新莊,2024-04-16,8886
00919,群益台灣精選高息,992,129,863,國泰-新莊,2024-04-16,8886
00937B,群益ESG投等債20,729,87,642,國泰-新莊,2024-04-16,8886
00665L,富邦�琤肭磪囓�2,402,17,385,國泰-新莊,2024-04-16,8886
00878,國泰永續高股息,540,215,325,國泰-新莊,2024-04-16,8886
00939,統一台灣高息動能,560,267,293,國泰-新莊,2024-04-16,8886
2888,新光金,294,10,284,國泰-新莊,2024-04-16,8886
00933B,國泰10Y+金融債,256,13,243,國泰-新莊,2024-04-16,8886
2618,長榮航,236,12,224,國泰-新莊,2024-04-16,8886
00918,大華優利高填息30,203,12,191,國泰-新莊,2024-04-16,8886
2867,三商壽,336,158,178,國泰-新莊,2024-04-16,8886
3481,群創,240,79,161,國泰-新莊,2024-04-16,8886
00712,復華富時不動產,198,57,141,國泰-新莊,2024-04-16,8886
2887,台新金,135,30,105,國泰-新莊,2024-04-16,8886
00725B,國泰投資級公司債,132,31,101,國泰-新莊,2024-04-16,8886
00664R,國泰臺灣加權反1,100,0,100,國泰-新莊,2024-04-16,8886
8033,雷虎,94,7,87,國泰-新莊,2024-04-16,8886
1616,億泰,84,3,81,國泰-新莊,2024-04-16,8886
00733,富邦臺灣中小,89,11,78,國泰-新莊,2024-04-16,8886
2630,亞航,245,172,73,國泰-新莊,2024-04-16,8886
3706,神達,81,11,70,國泰-新莊,2024-04-16,8886
00679B,元大美債20年,124,56,68,國泰-新莊,2024-04-16,8886
00687B,國泰20年美債,97,33,64,國泰-新莊,2024-04-16,8886
3027,盛達,153,94,59,國泰-新莊,2024-04-16,8886
2801,彰銀,58,0,58,國泰-新莊,2024-04-16,8886
3231,緯創,130,74,56,國泰-新莊,2024-04-16,8886
6116,彩晶,57,3,54,國泰-新莊,2024-04-16,8886
00927,群益半導體收益,80,27,53,國泰-新莊,2024-04-16,8886
2609,陽明,57,6,51,國泰-新莊,2024-04-16,8886
00720B,元大投資級公司債,51,1,50,國泰-新莊,2024-04-16,8886
2892,第一金,47,0,47,國泰-新莊,2024-04-16,8886
2596,綠意,47,0,47,國泰-新莊,2024-04-16,8886
2344,華邦電,99,54,45,國泰-新莊,2024-04-16,8886
00936,台新永續高息中小,45,0,45,國泰-新莊,2024-04-16,8886
00885,富邦越南,96,53,43,國泰-新莊,2024-04-16,8886
2330,台積電,60,17,43,國泰-新莊,2024-04-16,8886
00916,國泰全球品牌50,45,2,43,國泰-新莊,2024-04-16,8886
2506,太設,62,21,41,國泰-新莊,2024-04-16,8886
020020,元大台股領航N,41,0,41,國泰-新莊,2024-04-16,8886
2353,宏��,65,25,40,國泰-新莊,2024-04-16,8886
1218,泰山,80,40,40,國泰-新莊,2024-04-16,8886
00926,凱基全球菁英55,37,0,37,國泰-新莊,2024-04-16,8886
6288,聯嘉,37,1,36,國泰-新莊,2024-04-16,8886
2845,遠東銀,37,4,33,國泰-新莊,2024-04-16,8886
00680L,元大美債20正2,60,27,33,國泰-新莊,2024-04-16,8886
2884,玉山金,72,40,32,國泰-新莊,2024-04-16,8886
2317,鴻海,150,118,32,國泰-新莊,2024-04-16,8886
6111,大宇資,33,1,32,國泰-新莊,2024-04-16,8886
3489,森寶,31,0,31,國泰-新莊,2024-04-16,8886
00937B,群益ESG投等債20,786,95,691,國泰-新莊,2024-04-17,8886
00929,復華台灣科技優息,536,45,491,國泰-新莊,2024-04-17,8886
00940,元大台灣價值高息,799,325,474,國泰-新莊,2024-04-17,8886
00933B,國泰10Y+金融債,273,13,260,國泰-新莊,2024-04-17,8886
0056,元大高股息,285,37,248,國泰-新莊,2024-04-17,8886
00939,統一台灣高息動能,287,125,162,國泰-新莊,2024-04-17,8886
00665L,富邦�琤肭磪囓�2,160,0,160,國泰-新莊,2024-04-17,8886
00878,國泰永續高股息,176,31,145,國泰-新莊,2024-04-17,8886
00712,復華富時不動產,251,118,133,國泰-新莊,2024-04-17,8886
6288,聯嘉,110,10,100,國泰-新莊,2024-04-17,8886
3231,緯創,137,42,95,國泰-新莊,2024-04-17,8886
00919,群益台灣精選高息,154,59,95,國泰-新莊,2024-04-17,8886
2867,三商壽,143,62,81,國泰-新莊,2024-04-17,8886
00753L,中信中國50正2,81,0,81,國泰-新莊,2024-04-17,8886
00687B,國泰20年美債,92,18,74,國泰-新莊,2024-04-17,8886
00662,富邦NASDAQ,73,0,73,國泰-新莊,2024-04-17,8886
1605,華新,245,174,71,國泰-新莊,2024-04-17,8886
00676R,富邦臺灣加權反1,70,0,70,國泰-新莊,2024-04-17,8886
00885,富邦越南,70,5,65,國泰-新莊,2024-04-17,8886
00632R,元大台灣50反1,501,440,61,國泰-新莊,2024-04-17,8886
2618,長榮航,61,1,60,國泰-新莊,2024-04-17,8886
00722B,群益投資級電信債,60,0,60,國泰-新莊,2024-04-17,8886
00725B,國泰投資級公司債,60,1,59,國泰-新莊,2024-04-17,8886
3481,群創,99,42,57,國泰-新莊,2024-04-17,8886
00720B,元大投資級公司債,72,16,56,國泰-新莊,2024-04-17,8886
00688L,國泰20年美債正2,53,0,53,國泰-新莊,2024-04-17,8886
00941,中信上游半導體,66,14,52,國泰-新莊,2024-04-17,8886
00679B,元大美債20年,81,29,52,國泰-新莊,2024-04-17,8886
2515,中工,60,8,52,國泰-新莊,2024-04-17,8886
00936,台新永續高息中小,51,2,49,國泰-新莊,2024-04-17,8886
1810,和成,256,207,49,國泰-新莊,2024-04-17,8886
6244,茂迪,67,21,46,國泰-新莊,2024-04-17,8886
2353,宏��,48,3,45,國泰-新莊,2024-04-17,8886
00772B,中信高評級公司債,45,0,45,國泰-新莊,2024-04-17,8886
4960,誠美材,45,4,41,國泰-新莊,2024-04-17,8886
2002,中鋼,40,0,40,國泰-新莊,2024-04-17,8886
4768,晶呈科技,40,1,39,國泰-新莊,2024-04-17,8886
00637L,元大滬深300正2,155,117,38,國泰-新莊,2024-04-17,8886
00680L,元大美債20正2,51,14,37,國泰-新莊,2024-04-17,8886
6770,力積電,65,29,36,國泰-新莊,2024-04-17,8886
5443,均豪,54,18,36,國泰-新莊,2024-04-17,8886
2303,聯電,40,7,33,國泰-新莊,2024-04-17,8886
2889,國票金,31,0,31,國泰-新莊,2024-04-17,8886
00882,中信中國高股息,31,2,29,國泰-新莊,2024-04-17,8886
00927,群益半導體收益,33,4,29,國泰-新莊,2024-04-17,8886
9946,三發地產,27,1,26,國泰-新莊,2024-04-17,8886
00857B,永豐20年美公債,35,10,25,國泰-新莊,2024-04-17,8886
00905,FT臺灣Smart,25,0,25,國泰-新莊,2024-04-17,8886
2204,中華,27,2,25,國泰-新莊,2024-04-17,8886
00751B,元大AAA至A公司債,23,0,23,國泰-新莊,2024-04-17,8886
00687B,國泰20年美債,694,9,685,國泰-新莊,2024-04-18,8886
00680L,元大美債20正2,371,12,359,國泰-新莊,2024-04-18,8886
00940,元大台灣價值高息,368,46,322,國泰-新莊,2024-04-18,8886
00929,復華台灣科技優息,197,2,195,國泰-新莊,2024-04-18,8886
4142,國光生,207,41,166,國泰-新莊,2024-04-18,8886
00937B,群益ESG投等債20,173,36,137,國泰-新莊,2024-04-18,8886
00941,中信上游半導體,153,31,122,國泰-新莊,2024-04-18,8886
2371,大同,531,414,117,國泰-新莊,2024-04-18,8886
2867,三商壽,133,33,100,國泰-新莊,2024-04-18,8886
2608,嘉里大榮,100,2,98,國泰-新莊,2024-04-18,8886
0056,元大高股息,147,52,95,國泰-新莊,2024-04-18,8886
8105,凌巨,81,0,81,國泰-新莊,2024-04-18,8886
5512,力麒,96,20,76,國泰-新莊,2024-04-18,8886
1457,宜進,74,0,74,國泰-新莊,2024-04-18,8886
00919,群益台灣精選高息,195,124,71,國泰-新莊,2024-04-18,8886
4157,太景*-KY,70,0,70,國泰-新莊,2024-04-18,8886
00923,群益台ESG低碳50,73,6,67,國泰-新莊,2024-04-18,8886
00922,國泰台灣領袖50,91,33,58,國泰-新莊,2024-04-18,8886
00720B,元大投資級公司債,54,0,54,國泰-新莊,2024-04-18,8886
00706L,期元大S＆P日圓正2,55,1,54,國泰-新莊,2024-04-18,8886
00942B,台新美A公司債20+,54,4,50,國泰-新莊,2024-04-18,8886
00939,統一台灣高息動能,137,90,47,國泰-新莊,2024-04-18,8886
1513,中興電,270,225,45,國泰-新莊,2024-04-18,8886
00712,復華富時不動產,49,4,45,國泰-新莊,2024-04-18,8886
1609,大亞,356,311,45,國泰-新莊,2024-04-18,8886
00882,中信中國高股息,64,20,44,國泰-新莊,2024-04-18,8886
8054,安國,147,105,42,國泰-新莊,2024-04-18,8886
6179,亞通,49,8,41,國泰-新莊,2024-04-18,8886
2329,華泰,77,38,39,國泰-新莊,2024-04-18,8886
00733,富邦臺灣中小,39,3,36,國泰-新莊,2024-04-18,8886
3707,漢磊,107,73,34,國泰-新莊,2024-04-18,8886
3294,英濟,33,2,31,國泰-新莊,2024-04-18,8886
1504,東元,112,81,31,國泰-新莊,2024-04-18,8886
9955,佳龍,55,24,31,國泰-新莊,2024-04-18,8886
2405,輔信,40,11,29,國泰-新莊,2024-04-18,8886
00715L,期街口布蘭特正2,45,17,28,國泰-新莊,2024-04-18,8886
3312,弘憶股,134,107,27,國泰-新莊,2024-04-18,8886
2374,佳能,99,75,24,國泰-新莊,2024-04-18,8886
2421,建準,26,3,23,國泰-新莊,2024-04-18,8886
8383,千附,24,1,23,國泰-新莊,2024-04-18,8886
2474,可成,22,0,22,國泰-新莊,2024-04-18,8886
00751B,元大AAA至A公司債,21,0,21,國泰-新莊,2024-04-18,8886
00770,國泰北美科技,20,0,20,國泰-新莊,2024-04-18,8886
2417,圓剛,30,10,20,國泰-新莊,2024-04-18,8886
9933,中鼎,26,6,20,國泰-新莊,2024-04-18,8886
2303,聯電,28,8,20,國泰-新莊,2024-04-18,8886
00927,群益半導體收益,22,2,20,國泰-新莊,2024-04-18,8886
6283,淳安,20,1,19,國泰-新莊,2024-04-18,8886
2382,廣達,40,21,19,國泰-新莊,2024-04-18,8886
3645,達邁,20,2,18,國泰-新莊,2024-04-18,8886
00929,復華台灣科技優息,1764,547,1217,國泰-新莊,2024-04-19,8886
00940,元大台灣價值高息,1194,397,797,國泰-新莊,2024-04-19,8886
00919,群益台灣精選高息,688,141,547,國泰-新莊,2024-04-19,8886
00878,國泰永續高股息,600,204,396,國泰-新莊,2024-04-19,8886
00665L,富邦�琤肭磪囓�2,361,10,351,國泰-新莊,2024-04-19,8886
0056,元大高股息,344,42,302,國泰-新莊,2024-04-19,8886
1609,大亞,1045,782,263,國泰-新莊,2024-04-19,8886
00941,中信上游半導體,259,62,197,國泰-新莊,2024-04-19,8886
2330,台積電,231,62,169,國泰-新莊,2024-04-19,8886
00939,統一台灣高息動能,377,218,159,國泰-新莊,2024-04-19,8886
1612,宏泰,319,179,140,國泰-新莊,2024-04-19,8886
00637L,元大滬深300正2,202,65,137,國泰-新莊,2024-04-19,8886
1457,宜進,130,0,130,國泰-新莊,2024-04-19,8886
3481,群創,484,356,128,國泰-新莊,2024-04-19,8886
00923,群益台ESG低碳50,135,29,106,國泰-新莊,2024-04-19,8886
2509,全坤建,100,0,100,國泰-新莊,2024-04-19,8886
00922,國泰台灣領袖50,135,50,85,國泰-新莊,2024-04-19,8886
3706,神達,93,12,81,國泰-新莊,2024-04-19,8886
2888,新光金,96,15,81,國泰-新莊,2024-04-19,8886
2303,聯電,167,86,81,國泰-新莊,2024-04-19,8886
006208,富邦台50,87,12,75,國泰-新莊,2024-04-19,8886
2887,台新金,75,5,70,國泰-新莊,2024-04-19,8886
2515,中工,491,423,68,國泰-新莊,2024-04-19,8886
1608,華榮,456,391,65,國泰-新莊,2024-04-19,8886
2618,長榮航,132,68,64,國泰-新莊,2024-04-19,8886
1460,宏遠,63,0,63,國泰-新莊,2024-04-19,8886
00918,大華優利高填息30,77,15,62,國泰-新莊,2024-04-19,8886
6111,大宇資,63,2,61,國泰-新莊,2024-04-19,8886
2344,華邦電,70,14,56,國泰-新莊,2024-04-19,8886
4142,國光生,55,4,51,國泰-新莊,2024-04-19,8886
2201,裕隆,51,5,46,國泰-新莊,2024-04-19,8886
00715L,期街口布蘭特正2,48,4,44,國泰-新莊,2024-04-19,8886
2405,輔信,78,34,44,國泰-新莊,2024-04-19,8886
00881,國泰台灣5G+,65,22,43,國泰-新莊,2024-04-19,8886
00885,富邦越南,45,1,44,國泰-新莊,2024-04-19,8886
9105,泰金寶-DR,44,2,42,國泰-新莊,2024-04-19,8886
1110,東泥,41,0,41,國泰-新莊,2024-04-19,8886
2801,彰銀,39,1,38,國泰-新莊,2024-04-19,8886
00935,野村臺灣新科技50,39,1,38,國泰-新莊,2024-04-19,8886
00692,富邦公司治理,38,2,36,國泰-新莊,2024-04-19,8886
8936,國統,211,176,35,國泰-新莊,2024-04-19,8886
6117,迎廣,34,0,34,國泰-新莊,2024-04-19,8886
5210,寶碩,34,0,34,國泰-新莊,2024-04-19,8886
2855,統一證,42,8,34,國泰-新莊,2024-04-19,8886
0050,元大台灣50,49,17,32,國泰-新莊,2024-04-19,8886
2501,國建,94,62,32,國泰-新莊,2024-04-19,8886
5515,建國,45,14,31,國泰-新莊,2024-04-19,8886
6150,撼訊,30,0,30,國泰-新莊,2024-04-19,8886
00927,群益半導體收益,50,20,30,國泰-新莊,2024-04-19,8886
2542,興富發,39,9,30,國泰-新莊,2024-04-19,8886
00929,復華台灣科技優息,1417,310,1107,國泰-新莊,2024-04-22,8886
3481,群創,390,55,335,國泰-新莊,2024-04-22,8886
00637L,元大滬深300正2,386,136,250,國泰-新莊,2024-04-22,8886
3052,夆典,218,1,217,國泰-新莊,2024-04-22,8886
00937B,群益ESG投等債20,288,72,216,國泰-新莊,2024-04-22,8886
00919,群益台灣精選高息,454,265,189,國泰-新莊,2024-04-22,8886
3703,欣陸,281,124,157,國泰-新莊,2024-04-22,8886
00940,元大台灣價值高息,529,376,153,國泰-新莊,2024-04-22,8886
6026,福邦證,132,7,125,國泰-新莊,2024-04-22,8886
2303,聯電,140,24,116,國泰-新莊,2024-04-22,8886
2323,中環,221,109,112,國泰-新莊,2024-04-22,8886
3231,緯創,156,46,110,國泰-新莊,2024-04-22,8886
00939,統一台灣高息動能,276,166,110,國泰-新莊,2024-04-22,8886
3147,大綜,90,0,90,國泰-新莊,2024-04-22,8886
2038,海光,93,5,88,國泰-新莊,2024-04-22,8886
0056,元大高股息,96,12,84,國泰-新莊,2024-04-22,8886
2371,大同,605,540,65,國泰-新莊,2024-04-22,8886
3706,神達,74,14,60,國泰-新莊,2024-04-22,8886
00680L,元大美債20正2,60,0,60,國泰-新莊,2024-04-22,8886
00715L,期街口布蘭特正2,67,12,55,國泰-新莊,2024-04-22,8886
2547,日勝生,115,62,53,國泰-新莊,2024-04-22,8886
1535,中宇,53,1,52,國泰-新莊,2024-04-22,8886
1460,宏遠,51,0,51,國泰-新莊,2024-04-22,8886
5512,力麒,228,179,49,國泰-新莊,2024-04-22,8886
2606,裕民,58,12,46,國泰-新莊,2024-04-22,8886
1305,華夏,43,0,43,國泰-新莊,2024-04-22,8886
1815,富喬,49,6,43,國泰-新莊,2024-04-22,8886
8936,國統,78,36,42,國泰-新莊,2024-04-22,8886
2611,志信,48,7,41,國泰-新莊,2024-04-22,8886
1618,合機,88,49,39,國泰-新莊,2024-04-22,8886
00923,群益台ESG低碳50,51,15,36,國泰-新莊,2024-04-22,8886
1608,華榮,214,179,35,國泰-新莊,2024-04-22,8886
3707,漢磊,36,4,32,國泰-新莊,2024-04-22,8886
2330,台積電,45,14,31,國泰-新莊,2024-04-22,8886
00933B,國泰10Y+金融債,32,1,31,國泰-新莊,2024-04-22,8886
2511,太子,38,10,28,國泰-新莊,2024-04-22,8886
2317,鴻海,58,30,28,國泰-新莊,2024-04-22,8886
1440,南紡,30,3,27,國泰-新莊,2024-04-22,8886
00770,國泰北美科技,25,0,25,國泰-新莊,2024-04-22,8886
2528,皇普,25,0,25,國泰-新莊,2024-04-22,8886
8033,雷虎,34,10,24,國泰-新莊,2024-04-22,8886
2516,新建,31,8,23,國泰-新莊,2024-04-22,8886
2009,第一銅,40,19,21,國泰-新莊,2024-04-22,8886
2382,廣達,49,29,20,國泰-新莊,2024-04-22,8886
3540,曜越,20,0,20,國泰-新莊,2024-04-22,8886
006208,富邦台50,28,9,19,國泰-新莊,2024-04-22,8886
6139,亞翔,20,1,19,國泰-新莊,2024-04-22,8886
2408,南亞科,23,4,19,國泰-新莊,2024-04-22,8886
3015,全漢,20,2,18,國泰-新莊,2024-04-22,8886
6005,群益證,64,46,18,國泰-新莊,2024-04-22,8886
00632R,元大台灣50反1,960,7,953,國泰-新莊,2024-04-23,8886
00929,復華台灣科技優息,463,56,407,國泰-新莊,2024-04-23,8886
00919,群益台灣精選高息,314,87,227,國泰-新莊,2024-04-23,8886
1460,宏遠,109,0,109,國泰-新莊,2024-04-23,8886
6005,群益證,119,16,103,國泰-新莊,2024-04-23,8886
00939,統一台灣高息動能,97,4,93,國泰-新莊,2024-04-23,8886
2515,中工,244,177,67,國泰-新莊,2024-04-23,8886
2371,大同,391,339,52,國泰-新莊,2024-04-23,8886
00937B,群益ESG投等債20,73,24,49,國泰-新莊,2024-04-23,8886
00882,中信中國高股息,48,0,48,國泰-新莊,2024-04-23,8886
3706,神達,53,10,43,國泰-新莊,2024-04-23,8886
00927,群益半導體收益,41,0,41,國泰-新莊,2024-04-23,8886
2409,友達,51,13,38,國泰-新莊,2024-04-23,8886
1457,宜進,35,1,34,國泰-新莊,2024-04-23,8886
1815,富喬,38,5,33,國泰-新莊,2024-04-23,8886
2303,聯電,47,14,33,國泰-新莊,2024-04-23,8886
2610,華航,72,45,27,國泰-新莊,2024-04-23,8886
00878,國泰永續高股息,85,59,26,國泰-新莊,2024-04-23,8886
5351,鈺創,32,6,26,國泰-新莊,2024-04-23,8886
2317,鴻海,55,30,25,國泰-新莊,2024-04-23,8886
6139,亞翔,27,2,25,國泰-新莊,2024-04-23,8886
5512,力麒,65,41,24,國泰-新莊,2024-04-23,8886
1612,宏泰,92,68,24,國泰-新莊,2024-04-23,8886
3024,憶聲,37,15,22,國泰-新莊,2024-04-23,8886
3707,漢磊,23,1,22,國泰-新莊,2024-04-23,8886
00941,中信上游半導體,33,12,21,國泰-新莊,2024-04-23,8886
2301,光寶科,28,8,20,國泰-新莊,2024-04-23,8886
2489,瑞軒,32,12,20,國泰-新莊,2024-04-23,8886
5515,建國,30,11,19,國泰-新莊,2024-04-23,8886
00637L,元大滬深300正2,81,63,18,國泰-新莊,2024-04-23,8886
5864,致和證,20,2,18,國泰-新莊,2024-04-23,8886
2374,佳能,91,73,18,國泰-新莊,2024-04-23,8886
00891,中信關鍵半導體,18,1,17,國泰-新莊,2024-04-23,8886
3715,定穎投控,32,16,16,國泰-新莊,2024-04-23,8886
4958,臻鼎-KY,15,0,15,國泰-新莊,2024-04-23,8886
9911,櫻花,15,0,15,國泰-新莊,2024-04-23,8886
00885,富邦越南,15,0,15,國泰-新莊,2024-04-23,8886
00900,富邦特選高股息30,16,1,15,國泰-新莊,2024-04-23,8886
8936,國統,85,70,15,國泰-新莊,2024-04-23,8886
2201,裕隆,17,3,14,國泰-新莊,2024-04-23,8886
00713,元大台灣高息低波,15,2,13,國泰-新莊,2024-04-23,8886
6165,浪凡,14,1,13,國泰-新莊,2024-04-23,8886
5514,三豐,13,0,13,國泰-新莊,2024-04-23,8886
4726,永昕,23,11,12,國泰-新莊,2024-04-23,8886
1101,台泥,16,4,12,國泰-新莊,2024-04-23,8886
5009,榮剛,13,2,11,國泰-新莊,2024-04-23,8886
2204,中華,13,2,11,國泰-新莊,2024-04-23,8886
3032,偉訓,11,0,11,國泰-新莊,2024-04-23,8886
2536,宏普,12,1,11,國泰-新莊,2024-04-23,8886
00909,國泰數位支付服務,13,2,11,國泰-新莊,2024-04-23,8886
00632R,元大台灣50反1,232,27,205,國泰-新莊,2024-04-24,8886
00937B,群益ESG投等債20,169,17,152,國泰-新莊,2024-04-24,8886
1460,宏遠,109,0,109,國泰-新莊,2024-04-24,8886
00929,復華台灣科技優息,249,162,87,國泰-新莊,2024-04-24,8886
3481,群創,329,244,85,國泰-新莊,2024-04-24,8886
6005,群益證,113,31,82,國泰-新莊,2024-04-24,8886
00878,國泰永續高股息,131,54,77,國泰-新莊,2024-04-24,8886
3703,欣陸,93,21,72,國泰-新莊,2024-04-24,8886
00687B,國泰20年美債,66,1,65,國泰-新莊,2024-04-24,8886
00673R,期元大S＆P原油反1,60,0,60,國泰-新莊,2024-04-24,8886
3147,大綜,55,2,53,國泰-新莊,2024-04-24,8886
9105,泰金寶-DR,69,18,51,國泰-新莊,2024-04-24,8886
00941,中信上游半導體,73,26,47,國泰-新莊,2024-04-24,8886
3231,緯創,198,155,43,國泰-新莊,2024-04-24,8886
2201,裕隆,39,0,39,國泰-新莊,2024-04-24,8886
2504,國產,51,13,38,國泰-新莊,2024-04-24,8886
00679B,元大美債20年,43,6,37,國泰-新莊,2024-04-24,8886
2409,友達,68,35,33,國泰-新莊,2024-04-24,8886
5512,力麒,48,16,32,國泰-新莊,2024-04-24,8886
00637L,元大滬深300正2,208,176,32,國泰-新莊,2024-04-24,8886
4142,國光生,29,0,29,國泰-新莊,2024-04-24,8886
2515,中工,170,142,28,國泰-新莊,2024-04-24,8886
2897,王道銀行,33,6,27,國泰-新莊,2024-04-24,8886
2886,兆豐金,39,15,24,國泰-新莊,2024-04-24,8886
3056,富華新,26,2,24,國泰-新莊,2024-04-24,8886
6125,廣運,221,200,21,國泰-新莊,2024-04-24,8886
00666R,富邦�琤肭磪齯�1,20,0,20,國泰-新莊,2024-04-24,8886
1598,岱宇,20,0,20,國泰-新莊,2024-04-24,8886
2328,廣宇,21,2,19,國泰-新莊,2024-04-24,8886
3715,定穎投控,49,30,19,國泰-新莊,2024-04-24,8886
2002,中鋼,28,10,18,國泰-新莊,2024-04-24,8886
2851,中再保,20,2,18,國泰-新莊,2024-04-24,8886
2374,佳能,146,128,18,國泰-新莊,2024-04-24,8886
6547,高端疫苗,20,4,16,國泰-新莊,2024-04-24,8886
4306,炎洲,19,3,16,國泰-新莊,2024-04-24,8886
6443,元晶,20,4,16,國泰-新莊,2024-04-24,8886
2538,基泰,15,0,15,國泰-新莊,2024-04-24,8886
00909,國泰數位支付服務,15,0,15,國泰-新莊,2024-04-24,8886
2540,愛山林,15,1,14,國泰-新莊,2024-04-24,8886
2637,慧洋-KY,20,6,14,國泰-新莊,2024-04-24,8886
2352,佳世達,21,7,14,國泰-新莊,2024-04-24,8886
4973,廣穎,15,1,14,國泰-新莊,2024-04-24,8886
1605,華新,31,17,14,國泰-新莊,2024-04-24,8886
00720B,元大投資級公司債,18,4,14,國泰-新莊,2024-04-24,8886
00688L,國泰20年美債正2,13,0,13,國泰-新莊,2024-04-24,8886
3686,達能,18,5,13,國泰-新莊,2024-04-24,8886
3483,力致,14,1,13,國泰-新莊,2024-04-24,8886
8046,南電,16,3,13,國泰-新莊,2024-04-24,8886
2731,雄獅,24,12,12,國泰-新莊,2024-04-24,8886
6275,元山,19,7,12,國泰-新莊,2024-04-24,8886
00688L,國泰20年美債正2,419,1,418,國泰-新莊,2024-04-25,8886
00937B,群益ESG投等債20,308,33,275,國泰-新莊,2024-04-25,8886
00680L,元大美債20正2,349,166,183,國泰-新莊,2024-04-25,8886
00929,復華台灣科技優息,209,33,176,國泰-新莊,2024-04-25,8886
00666R,富邦�琤肭磪齯�1,140,0,140,國泰-新莊,2024-04-25,8886
00878,國泰永續高股息,130,8,122,國泰-新莊,2024-04-25,8886
1409,新纖,100,1,99,國泰-新莊,2024-04-25,8886
00715L,期街口布蘭特正2,97,4,93,國泰-新莊,2024-04-25,8886
00940,元大台灣價值高息,98,23,75,國泰-新莊,2024-04-25,8886
2317,鴻海,140,70,70,國泰-新莊,2024-04-25,8886
00919,群益台灣精選高息,105,38,67,國泰-新莊,2024-04-25,8886
00933B,國泰10Y+金融債,73,12,61,國泰-新莊,2024-04-25,8886
0056,元大高股息,66,8,58,國泰-新莊,2024-04-25,8886
2610,華航,124,69,55,國泰-新莊,2024-04-25,8886
00939,統一台灣高息動能,58,10,48,國泰-新莊,2024-04-25,8886
2101,南港,70,30,40,國泰-新莊,2024-04-25,8886
3013,晟銘電,121,83,38,國泰-新莊,2024-04-25,8886
00720B,元大投資級公司債,48,12,36,國泰-新莊,2024-04-25,8886
1513,中興電,55,19,36,國泰-新莊,2024-04-25,8886
2303,聯電,66,34,32,國泰-新莊,2024-04-25,8886
4716,大立,49,17,32,國泰-新莊,2024-04-25,8886
2330,台積電,40,8,32,國泰-新莊,2024-04-25,8886
2887,台新金,28,0,28,國泰-新莊,2024-04-25,8886
00679B,元大美債20年,33,7,26,國泰-新莊,2024-04-25,8886
8150,南茂,26,0,26,國泰-新莊,2024-04-25,8886
1605,華新,29,6,23,國泰-新莊,2024-04-25,8886
2371,大同,186,163,23,國泰-新莊,2024-04-25,8886
00751B,元大AAA至A公司債,23,0,23,國泰-新莊,2024-04-25,8886
3231,緯創,71,49,22,國泰-新莊,2024-04-25,8886
00675L,富邦臺灣加權正2,21,0,21,國泰-新莊,2024-04-25,8886
2367,燿華,24,3,21,國泰-新莊,2024-04-25,8886
6244,茂迪,31,10,21,國泰-新莊,2024-04-25,8886
00891,中信關鍵半導體,21,1,20,國泰-新莊,2024-04-25,8886
3312,弘憶股,39,19,20,國泰-新莊,2024-04-25,8886
00719B,元大美債1-3,20,0,20,國泰-新莊,2024-04-25,8886
8105,凌巨,20,0,20,國泰-新莊,2024-04-25,8886
5512,力麒,36,16,20,國泰-新莊,2024-04-25,8886
00772B,中信高評級公司債,18,0,18,國泰-新莊,2024-04-25,8886
2892,第一金,18,0,18,國泰-新莊,2024-04-25,8886
00941,中信上游半導體,29,12,17,國泰-新莊,2024-04-25,8886
9949,琉園,17,1,16,國泰-新莊,2024-04-25,8886
006208,富邦台50,16,0,16,國泰-新莊,2024-04-25,8886
00857B,永豐20年美公債,16,0,16,國泰-新莊,2024-04-25,8886
6770,力積電,17,2,15,國泰-新莊,2024-04-25,8886
00631L,元大台灣50正2,15,0,15,國泰-新莊,2024-04-25,8886
2891,中信金,16,1,15,國泰-新莊,2024-04-25,8886
00902,中信電池及儲能,15,0,15,國泰-新莊,2024-04-25,8886
5213,亞昕,15,0,15,國泰-新莊,2024-04-25,8886
6190,萬泰科,17,2,15,國泰-新莊,2024-04-25,8886
00713,元大台灣高息低波,15,0,15,國泰-新莊,2024-04-25,8886
00937B,群益ESG投等債20,510,37,473,國泰-新莊,2024-04-26,8886
2603,長榮,294,97,197,國泰-新莊,2024-04-26,8886
00666R,富邦�琤肭磪齯�1,180,0,180,國泰-新莊,2024-04-26,8886
00929,復華台灣科技優息,159,12,147,國泰-新莊,2024-04-26,8886
00679B,元大美債20年,129,4,125,國泰-新莊,2024-04-26,8886
3481,群創,220,95,125,國泰-新莊,2024-04-26,8886
2371,大同,287,171,116,國泰-新莊,2024-04-26,8886
4155,訊映,119,13,106,國泰-新莊,2024-04-26,8886
00882,中信中國高股息,127,34,93,國泰-新莊,2024-04-26,8886
00632R,元大台灣50反1,102,13,89,國泰-新莊,2024-04-26,8886
00687B,國泰20年美債,111,34,77,國泰-新莊,2024-04-26,8886
2845,遠東銀,79,10,69,國泰-新莊,2024-04-26,8886
4142,國光生,65,0,65,國泰-新莊,2024-04-26,8886
00795B,中信美國公債20年,60,0,60,國泰-新莊,2024-04-26,8886
00688L,國泰20年美債正2,58,0,58,國泰-新莊,2024-04-26,8886
9904,寶成,61,3,58,國泰-新莊,2024-04-26,8886
3363,上詮,99,45,54,國泰-新莊,2024-04-26,8886
2101,南港,112,62,50,國泰-新莊,2024-04-26,8886
00680L,元大美債20正2,48,1,47,國泰-新莊,2024-04-26,8886
2515,中工,524,481,43,國泰-新莊,2024-04-26,8886
3037,欣興,51,11,40,國泰-新莊,2024-04-26,8886
8027,鈦昇,41,1,40,國泰-新莊,2024-04-26,8886
00933B,國泰10Y+金融債,59,21,38,國泰-新莊,2024-04-26,8886
0056,元大高股息,58,20,38,國泰-新莊,2024-04-26,8886
2888,新光金,36,0,36,國泰-新莊,2024-04-26,8886
2520,冠德,88,54,34,國泰-新莊,2024-04-26,8886
3231,緯創,118,86,32,國泰-新莊,2024-04-26,8886
4716,大立,56,24,32,國泰-新莊,2024-04-26,8886
2511,太子,99,69,30,國泰-新莊,2024-04-26,8886
2359,所羅門,166,138,28,國泰-新莊,2024-04-26,8886
3147,大綜,26,0,26,國泰-新莊,2024-04-26,8886
1305,華夏,25,0,25,國泰-新莊,2024-04-26,8886
1802,台玻,23,0,23,國泰-新莊,2024-04-26,8886
5608,四維航,30,7,23,國泰-新莊,2024-04-26,8886
4714,永捷,21,1,20,國泰-新莊,2024-04-26,8886
2601,益航,20,0,20,國泰-新莊,2024-04-26,8886
2369,菱生,20,1,19,國泰-新莊,2024-04-26,8886
2363,矽統,55,37,18,國泰-新莊,2024-04-26,8886
1503,士電,58,39,19,國泰-新莊,2024-04-26,8886
00751B,元大AAA至A公司債,18,0,18,國泰-新莊,2024-04-26,8886
2867,三商壽,18,0,18,國泰-新莊,2024-04-26,8886
2408,南亞科,20,2,18,國泰-新莊,2024-04-26,8886
1609,大亞,129,112,17,國泰-新莊,2024-04-26,8886
6288,聯嘉,18,1,17,國泰-新莊,2024-04-26,8886
6442,光聖,32,15,17,國泰-新莊,2024-04-26,8886
1785,光洋科,21,4,17,國泰-新莊,2024-04-26,8886
5009,榮剛,31,14,17,國泰-新莊,2024-04-26,8886
00941,中信上游半導體,17,0,17,國泰-新莊,2024-04-26,8886
8926,台汽電,30,14,16,國泰-新莊,2024-04-26,8886
00772B,中信高評級公司債,16,0,16,國泰-新莊,2024-04-26,8886
00882,中信中國高股息,417,35,382,國泰-新莊,2024-04-29,8886
2618,長榮航,565,327,238,國泰-新莊,2024-04-29,8886
00929,復華台灣科技優息,219,63,156,國泰-新莊,2024-04-29,8886
6016,康和證,150,7,143,國泰-新莊,2024-04-29,8886
00666R,富邦�琤肭磪齯�1,130,0,130,國泰-新莊,2024-04-29,8886
00706L,期元大S＆P日圓正2,121,0,121,國泰-新莊,2024-04-29,8886
2363,矽統,264,149,115,國泰-新莊,2024-04-29,8886
00632R,元大台灣50反1,206,106,100,國泰-新莊,2024-04-29,8886
5864,致和證,90,0,90,國泰-新莊,2024-04-29,8886
00715L,期街口布蘭特正2,99,27,72,國泰-新莊,2024-04-29,8886
2017,官田鋼,75,5,70,國泰-新莊,2024-04-29,8886
00885,富邦越南,81,12,69,國泰-新莊,2024-04-29,8886
2515,中工,883,819,64,國泰-新莊,2024-04-29,8886
4420,光明,60,0,60,國泰-新莊,2024-04-29,8886
8033,雷虎,51,0,51,國泰-新莊,2024-04-29,8886
6168,宏齊,52,1,51,國泰-新莊,2024-04-29,8886
8096,擎亞,73,23,50,國泰-新莊,2024-04-29,8886
3714,富采,52,4,48,國泰-新莊,2024-04-29,8886
2547,日勝生,86,40,46,國泰-新莊,2024-04-29,8886
2449,京元電子,61,20,41,國泰-新莊,2024-04-29,8886
2509,全坤建,41,5,36,國泰-新莊,2024-04-29,8886
3607,谷崧,35,0,35,國泰-新莊,2024-04-29,8886
00687B,國泰20年美債,52,18,34,國泰-新莊,2024-04-29,8886
1314,中石化,114,80,34,國泰-新莊,2024-04-29,8886
2359,所羅門,48,17,31,國泰-新莊,2024-04-29,8886
00725B,國泰投資級公司債,31,0,31,國泰-新莊,2024-04-29,8886
2601,益航,30,0,30,國泰-新莊,2024-04-29,8886
00941,中信上游半導體,75,49,26,國泰-新莊,2024-04-29,8886
2855,統一證,46,20,26,國泰-新莊,2024-04-29,8886
2489,瑞軒,30,5,25,國泰-新莊,2024-04-29,8886
8110,華東,31,6,25,國泰-新莊,2024-04-29,8886
2002,中鋼,35,10,25,國泰-新莊,2024-04-29,8886
1513,中興電,39,16,23,國泰-新莊,2024-04-29,8886
2913,農林,42,19,23,國泰-新莊,2024-04-29,8886
2501,國建,96,74,22,國泰-新莊,2024-04-29,8886
5383,金利,22,0,22,國泰-新莊,2024-04-29,8886
1504,東元,33,11,22,國泰-新莊,2024-04-29,8886
2371,大同,100,79,21,國泰-新莊,2024-04-29,8886
6005,群益證,36,16,20,國泰-新莊,2024-04-29,8886
00753L,中信中國50正2,33,13,20,國泰-新莊,2024-04-29,8886
1608,華榮,46,28,18,國泰-新莊,2024-04-29,8886
2313,華通,49,32,17,國泰-新莊,2024-04-29,8886
6288,聯嘉,14,0,14,國泰-新莊,2024-04-29,8886
3171,炎洲流通,14,0,14,國泰-新莊,2024-04-29,8886
2009,第一銅,73,59,14,國泰-新莊,2024-04-29,8886
8105,凌巨,24,11,13,國泰-新莊,2024-04-29,8886
4909,新復興,16,3,13,國泰-新莊,2024-04-29,8886
6197,佳必琪,17,4,13,國泰-新莊,2024-04-29,8886
2887,台新金,15,3,12,國泰-新莊,2024-04-29,8886
2505,國揚,22,10,12,國泰-新莊,2024-04-29,8886
00937B,群益ESG投等債20,386,7,379,國泰-新莊,2024-04-30,8886
2888,新光金,377,84,293,國泰-新莊,2024-04-30,8886
1314,中石化,461,272,189,國泰-新莊,2024-04-30,8886
00940,元大台灣價值高息,164,17,147,國泰-新莊,2024-04-30,8886
2515,中工,378,236,142,國泰-新莊,2024-04-30,8886
00929,復華台灣科技優息,144,11,133,國泰-新莊,2024-04-30,8886
2501,國建,223,125,98,國泰-新莊,2024-04-30,8886
6016,康和證,80,5,75,國泰-新莊,2024-04-30,8886
00939,統一台灣高息動能,76,6,70,國泰-新莊,2024-04-30,8886
3483,力致,73,4,69,國泰-新莊,2024-04-30,8886
00632R,元大台灣50反1,65,4,61,國泰-新莊,2024-04-30,8886
2317,鴻海,91,32,59,國泰-新莊,2024-04-30,8886
0056,元大高股息,69,11,58,國泰-新莊,2024-04-30,8886
00919,群益台灣精選高息,118,65,53,國泰-新莊,2024-04-30,8886
2509,全坤建,84,37,47,國泰-新莊,2024-04-30,8886
1316,上曜,133,88,45,國泰-新莊,2024-04-30,8886
1210,大成,42,0,42,國泰-新莊,2024-04-30,8886
00715L,期街口布蘭特正2,49,11,38,國泰-新莊,2024-04-30,8886
2002,中鋼,49,14,35,國泰-新莊,2024-04-30,8886
2313,華通,50,15,35,國泰-新莊,2024-04-30,8886
2538,基泰,33,0,33,國泰-新莊,2024-04-30,8886
8105,凌巨,30,3,27,國泰-新莊,2024-04-30,8886
8926,台汽電,26,1,25,國泰-新莊,2024-04-30,8886
3231,緯創,54,29,25,國泰-新莊,2024-04-30,8886
1455,集盛,25,1,24,國泰-新莊,2024-04-30,8886
1785,光洋科,22,1,21,國泰-新莊,2024-04-30,8886
2449,京元電子,65,45,20,國泰-新莊,2024-04-30,8886
1504,東元,24,4,20,國泰-新莊,2024-04-30,8886
1609,大亞,115,97,18,國泰-新莊,2024-04-30,8886
00676R,富邦臺灣加權反1,18,0,18,國泰-新莊,2024-04-30,8886
1597,直得,18,0,18,國泰-新莊,2024-04-30,8886
00878,國泰永續高股息,80,62,18,國泰-新莊,2024-04-30,8886
1815,富喬,24,6,18,國泰-新莊,2024-04-30,8886
6290,良維,36,19,17,國泰-新莊,2024-04-30,8886
00700,富邦�琤肭磪�,15,0,15,國泰-新莊,2024-04-30,8886
2489,瑞軒,16,1,15,國泰-新莊,2024-04-30,8886
6274,台燿,25,10,15,國泰-新莊,2024-04-30,8886
1605,華新,17,3,14,國泰-新莊,2024-04-30,8886
8096,擎亞,89,75,14,國泰-新莊,2024-04-30,8886
6552,易華電,20,6,14,國泰-新莊,2024-04-30,8886
1104,環泥,15,2,13,國泰-新莊,2024-04-30,8886
2457,飛宏,21,8,13,國泰-新莊,2024-04-30,8886
2913,農林,51,38,13,國泰-新莊,2024-04-30,8886
8088,品安,17,4,13,國泰-新莊,2024-04-30,8886
1617,榮星,13,1,12,國泰-新莊,2024-04-30,8886
00926,凱基全球菁英55,12,0,12,國泰-新莊,2024-04-30,8886
00916,國泰全球品牌50,12,0,12,國泰-新莊,2024-04-30,8886
00679B,元大美債20年,12,1,11,國泰-新莊,2024-04-30,8886
5426,振發,12,1,11,國泰-新莊,2024-04-30,8886
3591,艾笛森,12,1,11,國泰-新莊,2024-04-30,8886
00687B,國泰20年美債,432,5,427,國泰-新莊,2024-05-02,8886
00878,國泰永續高股息,388,25,363,國泰-新莊,2024-05-02,8886
3481,群創,417,170,247,國泰-新莊,2024-05-02,8886
00929,復華台灣科技優息,194,13,181,國泰-新莊,2024-05-02,8886
00945B,凱基美國非投等債,100,0,100,國泰-新莊,2024-05-02,8886
1467,南緯,80,0,80,國泰-新莊,2024-05-02,8886
2363,矽統,148,71,77,國泰-新莊,2024-05-02,8886
1440,南紡,108,39,69,國泰-新莊,2024-05-02,8886
1314,中石化,282,215,67,國泰-新莊,2024-05-02,8886
00715L,期街口布蘭特正2,84,21,63,國泰-新莊,2024-05-02,8886
3715,定穎投控,115,53,62,國泰-新莊,2024-05-02,8886
2330,台積電,66,10,56,國泰-新莊,2024-05-02,8886
8064,東捷,128,73,55,國泰-新莊,2024-05-02,8886
00937B,群益ESG投等債20,90,38,52,國泰-新莊,2024-05-02,8886
2515,中工,321,274,47,國泰-新莊,2024-05-02,8886
00919,群益台灣精選高息,122,79,43,國泰-新莊,2024-05-02,8886
2353,宏��,89,49,40,國泰-新莊,2024-05-02,8886
2603,長榮,46,9,37,國泰-新莊,2024-05-02,8886
5531,鄉林,50,16,34,國泰-新莊,2024-05-02,8886
00926,凱基全球菁英55,34,0,34,國泰-新莊,2024-05-02,8886
00932,兆豐永續高息等權,30,0,30,國泰-新莊,2024-05-02,8886
2538,基泰,30,2,28,國泰-新莊,2024-05-02,8886
2401,凌陽,32,8,24,國泰-新莊,2024-05-02,8886
6244,茂迪,24,0,24,國泰-新莊,2024-05-02,8886
2356,英業達,31,8,23,國泰-新莊,2024-05-02,8886
2317,鴻海,62,39,23,國泰-新莊,2024-05-02,8886
8926,台汽電,22,0,22,國泰-新莊,2024-05-02,8886
4526,東台,27,6,21,國泰-新莊,2024-05-02,8886
00680L,元大美債20正2,22,2,20,國泰-新莊,2024-05-02,8886
1101,台泥,23,3,20,國泰-新莊,2024-05-02,8886
2371,大同,99,80,19,國泰-新莊,2024-05-02,8886
1608,華榮,40,21,19,國泰-新莊,2024-05-02,8886
4532,瑞智,20,1,19,國泰-新莊,2024-05-02,8886
2002,中鋼,22,3,19,國泰-新莊,2024-05-02,8886
6770,力積電,40,22,18,國泰-新莊,2024-05-02,8886
00770,國泰北美科技,18,0,18,國泰-新莊,2024-05-02,8886
00916,國泰全球品牌50,19,1,18,國泰-新莊,2024-05-02,8886
00885,富邦越南,18,0,18,國泰-新莊,2024-05-02,8886
00882,中信中國高股息,48,30,18,國泰-新莊,2024-05-02,8886
00720B,元大投資級公司債,18,0,18,國泰-新莊,2024-05-02,8886
2504,國產,29,12,17,國泰-新莊,2024-05-02,8886
1815,富喬,18,1,17,國泰-新莊,2024-05-02,8886
5383,金利,16,0,16,國泰-新莊,2024-05-02,8886
3607,谷崧,15,0,15,國泰-新莊,2024-05-02,8886
2101,南港,18,3,15,國泰-新莊,2024-05-02,8886
3147,大綜,17,3,14,國泰-新莊,2024-05-02,8886
3363,上詮,50,36,14,國泰-新莊,2024-05-02,8886
6290,良維,35,21,14,國泰-新莊,2024-05-02,8886
2615,萬海,31,17,14,國泰-新莊,2024-05-02,8886
00679B,元大美債20年,14,1,13,國泰-新莊,2024-05-02,8886
3481,群創,594,96,498,國泰-新莊,2024-05-03,8886
4155,訊映,352,1,351,國泰-新莊,2024-05-03,8886
00665L,富邦�琤肭磪囓�2,340,24,316,國泰-新莊,2024-05-03,8886
00937B,群益ESG投等債20,230,53,177,國泰-新莊,2024-05-03,8886
00878,國泰永續高股息,220,75,145,國泰-新莊,2024-05-03,8886
2601,益航,110,10,100,國泰-新莊,2024-05-03,8886
2323,中環,127,36,91,國泰-新莊,2024-05-03,8886
00940,元大台灣價值高息,199,110,89,國泰-新莊,2024-05-03,8886
3231,緯創,110,30,80,國泰-新莊,2024-05-03,8886
6120,達運,85,6,79,國泰-新莊,2024-05-03,8886
3033,威健,77,4,73,國泰-新莊,2024-05-03,8886
00687B,國泰20年美債,77,11,66,國泰-新莊,2024-05-03,8886
8936,國統,78,18,60,國泰-新莊,2024-05-03,8886
2101,南港,67,10,57,國泰-新莊,2024-05-03,8886
5521,工信,75,19,56,國泰-新莊,2024-05-03,8886
00637L,元大滬深300正2,65,10,55,國泰-新莊,2024-05-03,8886
2883,凱基金,55,1,54,國泰-新莊,2024-05-03,8886
8096,擎亞,381,328,53,國泰-新莊,2024-05-03,8886
00722B,群益投資級電信債,51,0,51,國泰-新莊,2024-05-03,8886
1514,亞力,83,36,47,國泰-新莊,2024-05-03,8886
2515,中工,128,82,46,國泰-新莊,2024-05-03,8886
6269,台郡,51,6,45,國泰-新莊,2024-05-03,8886
1709,和益,42,0,42,國泰-新莊,2024-05-03,8886
00679B,元大美債20年,44,3,41,國泰-新莊,2024-05-03,8886
00751B,元大AAA至A公司債,43,2,41,國泰-新莊,2024-05-03,8886
1608,華榮,69,28,41,國泰-新莊,2024-05-03,8886
2344,華邦電,40,1,39,國泰-新莊,2024-05-03,8886
6770,力積電,117,79,38,國泰-新莊,2024-05-03,8886
4420,光明,34,1,33,國泰-新莊,2024-05-03,8886
00752,中信中國50,32,0,32,國泰-新莊,2024-05-03,8886
5512,力麒,62,31,31,國泰-新莊,2024-05-03,8886
1316,上曜,294,263,31,國泰-新莊,2024-05-03,8886
5531,鄉林,205,174,31,國泰-新莊,2024-05-03,8886
1785,光洋科,33,3,30,國泰-新莊,2024-05-03,8886
6615,慧智,30,0,30,國泰-新莊,2024-05-03,8886
3025,星通,34,5,29,國泰-新莊,2024-05-03,8886
3047,訊舟,28,0,28,國泰-新莊,2024-05-03,8886
1616,億泰,36,8,28,國泰-新莊,2024-05-03,8886
9945,潤泰新,247,219,28,國泰-新莊,2024-05-03,8886
2834,臺企銀,34,7,27,國泰-新莊,2024-05-03,8886
00753L,中信中國50正2,30,4,26,國泰-新莊,2024-05-03,8886
00715L,期街口布蘭特正2,26,0,26,國泰-新莊,2024-05-03,8886
2363,矽統,207,181,26,國泰-新莊,2024-05-03,8886
2527,宏璟,45,21,24,國泰-新莊,2024-05-03,8886
00712,復華富時不動產,29,5,24,國泰-新莊,2024-05-03,8886
2548,華固,35,11,24,國泰-新莊,2024-05-03,8886
2392,正崴,45,22,23,國泰-新莊,2024-05-03,8886
6108,競國,21,0,21,國泰-新莊,2024-05-03,8886
8064,東捷,50,29,21,國泰-新莊,2024-05-03,8886
1314,中石化,66,45,21,國泰-新莊,2024-05-03,8886
00632R,元大台灣50反1,283,3,280,國泰-新莊,2024-05-06,8886
00937B,群益ESG投等債20,285,40,245,國泰-新莊,2024-05-06,8886
2610,華航,253,27,226,國泰-新莊,2024-05-06,8886
00929,復華台灣科技優息,450,311,139,國泰-新莊,2024-05-06,8886
00665L,富邦�琤肭磪囓�2,129,14,115,國泰-新莊,2024-05-06,8886
00706L,期元大S＆P日圓正2,122,10,112,國泰-新莊,2024-05-06,8886
00687B,國泰20年美債,166,61,105,國泰-新莊,2024-05-06,8886
6005,群益證,104,7,97,國泰-新莊,2024-05-06,8886
00751B,元大AAA至A公司債,98,1,97,國泰-新莊,2024-05-06,8886
1101,台泥,121,28,93,國泰-新莊,2024-05-06,8886
00679B,元大美債20年,94,5,89,國泰-新莊,2024-05-06,8886
2618,長榮航,219,132,87,國泰-新莊,2024-05-06,8886
2501,國建,210,137,73,國泰-新莊,2024-05-06,8886
2834,臺企銀,92,25,67,國泰-新莊,2024-05-06,8886
6257,矽格,62,2,60,國泰-新莊,2024-05-06,8886
4714,永捷,75,17,58,國泰-新莊,2024-05-06,8886
2538,基泰,93,39,54,國泰-新莊,2024-05-06,8886
00933B,國泰10Y+金融債,61,9,52,國泰-新莊,2024-05-06,8886
00919,群益台灣精選高息,88,36,52,國泰-新莊,2024-05-06,8886
2449,京元電子,85,34,51,國泰-新莊,2024-05-06,8886
3466,德晉,75,26,49,國泰-新莊,2024-05-06,8886
00902,中信電池及儲能,50,4,46,國泰-新莊,2024-05-06,8886
2845,遠東銀,52,7,45,國泰-新莊,2024-05-06,8886
2405,輔信,45,1,44,國泰-新莊,2024-05-06,8886
00899,FT潔淨能源,40,0,40,國泰-新莊,2024-05-06,8886
9904,寶成,40,1,39,國泰-新莊,2024-05-06,8886
00940,元大台灣價值高息,122,83,39,國泰-新莊,2024-05-06,8886
2371,大同,129,92,37,國泰-新莊,2024-05-06,8886
4960,誠美材,41,4,37,國泰-新莊,2024-05-06,8886
9933,中鼎,40,7,33,國泰-新莊,2024-05-06,8886
3224,三顧,33,0,33,國泰-新莊,2024-05-06,8886
3339,泰谷,33,0,33,國泰-新莊,2024-05-06,8886
3483,力致,43,10,33,國泰-新莊,2024-05-06,8886
1316,上曜,102,71,31,國泰-新莊,2024-05-06,8886
2409,友達,32,3,29,國泰-新莊,2024-05-06,8886
4142,國光生,41,12,29,國泰-新莊,2024-05-06,8886
00715L,期街口布蘭特正2,63,36,27,國泰-新莊,2024-05-06,8886
4303,信立,73,48,25,國泰-新莊,2024-05-06,8886
6443,元晶,34,10,24,國泰-新莊,2024-05-06,8886
1218,泰山,45,22,23,國泰-新莊,2024-05-06,8886
5521,工信,30,8,22,國泰-新莊,2024-05-06,8886
4155,訊映,22,0,22,國泰-新莊,2024-05-06,8886
5478,智冠,22,0,22,國泰-新莊,2024-05-06,8886
3564,其陽,63,42,21,國泰-新莊,2024-05-06,8886
8936,國統,26,5,21,國泰-新莊,2024-05-06,8886
4562,穎漢,20,0,20,國泰-新莊,2024-05-06,8886
4533,協易機,38,18,20,國泰-新莊,2024-05-06,8886
6219,富旺,20,0,20,國泰-新莊,2024-05-06,8886
9930,中聯資源,24,5,19,國泰-新莊,2024-05-06,8886
5512,力麒,137,119,18,國泰-新莊,2024-05-06,8886
00632R,元大台灣50反1,234,12,222,國泰-新莊,2024-05-07,8886
00878,國泰永續高股息,258,41,217,國泰-新莊,2024-05-07,8886
00937B,群益ESG投等債20,291,112,179,國泰-新莊,2024-05-07,8886
00665L,富邦�琤肭磪囓�2,182,19,163,國泰-新莊,2024-05-07,8886
3466,德晉,197,59,138,國泰-新莊,2024-05-07,8886
00942B,台新美A公司債20+,128,5,123,國泰-新莊,2024-05-07,8886
2515,中工,169,85,84,國泰-新莊,2024-05-07,8886
2888,新光金,154,83,71,國泰-新莊,2024-05-07,8886
00929,復華台灣科技優息,279,211,68,國泰-新莊,2024-05-07,8886
6285,啟��,56,2,54,國泰-新莊,2024-05-07,8886
5386,青雲,56,2,54,國泰-新莊,2024-05-07,8886
6143,振曜,69,17,52,國泰-新莊,2024-05-07,8886
8105,凌巨,50,0,50,國泰-新莊,2024-05-07,8886
2618,長榮航,331,281,50,國泰-新莊,2024-05-07,8886
00687B,國泰20年美債,171,121,50,國泰-新莊,2024-05-07,8886
2363,矽統,159,110,49,國泰-新莊,2024-05-07,8886
2405,輔信,50,2,48,國泰-新莊,2024-05-07,8886
2867,三商壽,51,8,43,國泰-新莊,2024-05-07,8886
3013,晟銘電,214,173,41,國泰-新莊,2024-05-07,8886
2527,宏璟,43,5,38,國泰-新莊,2024-05-07,8886
4714,永捷,45,8,37,國泰-新莊,2024-05-07,8886
6005,群益證,59,22,37,國泰-新莊,2024-05-07,8886
2610,華航,85,48,37,國泰-新莊,2024-05-07,8886
00795B,中信美國公債20年,42,7,35,國泰-新莊,2024-05-07,8886
2031,新光鋼,35,2,33,國泰-新莊,2024-05-07,8886
3706,神達,33,1,32,國泰-新莊,2024-05-07,8886
5871,中租-KY,34,2,32,國泰-新莊,2024-05-07,8886
4142,國光生,31,0,31,國泰-新莊,2024-05-07,8886
5864,致和證,33,2,31,國泰-新莊,2024-05-07,8886
3363,上詮,129,99,30,國泰-新莊,2024-05-07,8886
00679B,元大美債20年,49,19,30,國泰-新莊,2024-05-07,8886
2344,華邦電,38,8,30,國泰-新莊,2024-05-07,8886
00940,元大台灣價值高息,225,196,29,國泰-新莊,2024-05-07,8886
4506,崇友,29,0,29,國泰-新莊,2024-05-07,8886
4533,協易機,45,16,29,國泰-新莊,2024-05-07,8886
6125,廣運,53,25,28,國泰-新莊,2024-05-07,8886
2516,新建,27,0,27,國泰-新莊,2024-05-07,8886
00936,台新永續高息中小,26,0,26,國泰-新莊,2024-05-07,8886
2611,志信,48,23,25,國泰-新莊,2024-05-07,8886
6213,聯茂,37,13,24,國泰-新莊,2024-05-07,8886
2317,鴻海,179,157,22,國泰-新莊,2024-05-07,8886
1616,億泰,70,48,22,國泰-新莊,2024-05-07,8886
1584,精剛,22,1,21,國泰-新莊,2024-05-07,8886
2408,南亞科,27,6,21,國泰-新莊,2024-05-07,8886
8070,長華*,20,0,20,國泰-新莊,2024-05-07,8886
00899,FT潔淨能源,20,0,20,國泰-新莊,2024-05-07,8886
1304,台聚,21,1,20,國泰-新莊,2024-05-07,8886
2538,基泰,32,13,19,國泰-新莊,2024-05-07,8886
5392,能率,30,10,20,國泰-新莊,2024-05-07,8886
00753L,中信中國50正2,25,6,19,國泰-新莊,2024-05-07,8886
00940,元大台灣價值高息,357,89,268,國泰-新莊,2024-05-08,8886
00632R,元大台灣50反1,242,57,185,國泰-新莊,2024-05-08,8886
00687B,國泰20年美債,163,13,150,國泰-新莊,2024-05-08,8886
00929,復華台灣科技優息,193,66,127,國泰-新莊,2024-05-08,8886
2855,統一證,142,16,126,國泰-新莊,2024-05-08,8886
2509,全坤建,121,16,105,國泰-新莊,2024-05-08,8886
2618,長榮航,311,234,77,國泰-新莊,2024-05-08,8886
00637L,元大滬深300正2,84,11,73,國泰-新莊,2024-05-08,8886
00878,國泰永續高股息,147,75,72,國泰-新莊,2024-05-08,8886
1609,大亞,163,97,66,國泰-新莊,2024-05-08,8886
00715L,期街口布蘭特正2,58,0,58,國泰-新莊,2024-05-08,8886
5871,中租-KY,93,35,58,國泰-新莊,2024-05-08,8886
00937B,群益ESG投等債20,151,94,57,國泰-新莊,2024-05-08,8886
3583,辛耘,60,7,53,國泰-新莊,2024-05-08,8886
2352,佳世達,53,3,50,國泰-新莊,2024-05-08,8886
3376,新日興,66,20,46,國泰-新莊,2024-05-08,8886
6285,啟��,47,2,45,國泰-新莊,2024-05-08,8886
2601,益航,45,0,45,國泰-新莊,2024-05-08,8886
2515,中工,121,77,44,國泰-新莊,2024-05-08,8886
00919,群益台灣精選高息,73,30,43,國泰-新莊,2024-05-08,8886
3036,文曄,50,7,43,國泰-新莊,2024-05-08,8886
3466,德晉,51,16,35,國泰-新莊,2024-05-08,8886
4908,前鼎,37,4,33,國泰-新莊,2024-05-08,8886
2002,中鋼,39,8,31,國泰-新莊,2024-05-08,8886
00665L,富邦�琤肭磪囓�2,166,135,31,國泰-新莊,2024-05-08,8886
1616,億泰,47,16,31,國泰-新莊,2024-05-08,8886
6282,康舒,30,1,29,國泰-新莊,2024-05-08,8886
00945B,凱基美國非投等債,29,0,29,國泰-新莊,2024-05-08,8886
00753L,中信中國50正2,29,0,29,國泰-新莊,2024-05-08,8886
3481,群創,73,46,27,國泰-新莊,2024-05-08,8886
3706,神達,41,16,25,國泰-新莊,2024-05-08,8886
3356,奇偶,25,0,25,國泰-新莊,2024-05-08,8886
6596,寬宏藝術,25,1,24,國泰-新莊,2024-05-08,8886
2606,裕民,82,59,23,國泰-新莊,2024-05-08,8886
00932,兆豐永續高息等權,22,0,22,國泰-新莊,2024-05-08,8886
1409,新纖,21,0,21,國泰-新莊,2024-05-08,8886
2427,三商電,22,1,21,國泰-新莊,2024-05-08,8886
00679B,元大美債20年,49,29,20,國泰-新莊,2024-05-08,8886
6205,詮欣,20,0,20,國泰-新莊,2024-05-08,8886
4533,協易機,33,14,19,國泰-新莊,2024-05-08,8886
9105,泰金寶-DR,30,12,18,國泰-新莊,2024-05-08,8886
2442,新美齊,17,0,17,國泰-新莊,2024-05-08,8886
00720B,元大投資級公司債,20,3,17,國泰-新莊,2024-05-08,8886
1514,亞力,88,72,16,國泰-新莊,2024-05-08,8886
3013,晟銘電,74,58,16,國泰-新莊,2024-05-08,8886
00936,台新永續高息中小,15,0,15,國泰-新莊,2024-05-08,8886
4958,臻鼎-KY,16,1,15,國泰-新莊,2024-05-08,8886
5351,鈺創,20,6,14,國泰-新莊,2024-05-08,8886
00786B,元大10年IG銀行債,14,0,14,國泰-新莊,2024-05-08,8886
8070,長華*,14,1,13,國泰-新莊,2024-05-08,8886
00946,群益科技高息成長,738,11,727,國泰-新莊,2024-05-09,8886
00929,復華台灣科技優息,382,85,297,國泰-新莊,2024-05-09,8886
00940,元大台灣價值高息,516,255,261,國泰-新莊,2024-05-09,8886
00878,國泰永續高股息,328,137,191,國泰-新莊,2024-05-09,8886
00937B,群益ESG投等債20,175,41,134,國泰-新莊,2024-05-09,8886
2888,新光金,244,113,131,國泰-新莊,2024-05-09,8886
00944,野村趨勢動能高息,117,0,117,國泰-新莊,2024-05-09,8886
3376,新日興,163,50,113,國泰-新莊,2024-05-09,8886
00751B,元大AAA至A公司債,106,0,106,國泰-新莊,2024-05-09,8886
9945,潤泰新,122,16,106,國泰-新莊,2024-05-09,8886
2610,華航,161,75,86,國泰-新莊,2024-05-09,8886
2509,全坤建,80,0,80,國泰-新莊,2024-05-09,8886
00632R,元大台灣50反1,83,6,77,國泰-新莊,2024-05-09,8886
00679B,元大美債20年,71,3,68,國泰-新莊,2024-05-09,8886
2363,矽統,169,105,64,國泰-新莊,2024-05-09,8886
3231,緯創,128,66,62,國泰-新莊,2024-05-09,8886
1457,宜進,101,41,60,國泰-新莊,2024-05-09,8886
2367,燿華,277,218,59,國泰-新莊,2024-05-09,8886
2464,盟立,87,30,57,國泰-新莊,2024-05-09,8886
5871,中租-KY,60,10,50,國泰-新莊,2024-05-09,8886
2371,大同,171,125,46,國泰-新莊,2024-05-09,8886
2317,鴻海,143,99,44,國泰-新莊,2024-05-09,8886
2515,中工,80,36,44,國泰-新莊,2024-05-09,8886
1815,富喬,133,94,39,國泰-新莊,2024-05-09,8886
6182,合晶,40,2,38,國泰-新莊,2024-05-09,8886
2739,寒舍,33,0,33,國泰-新莊,2024-05-09,8886
00752,中信中國50,33,1,32,國泰-新莊,2024-05-09,8886
00919,群益台灣精選高息,70,38,32,國泰-新莊,2024-05-09,8886
3059,華晶科,41,10,31,國泰-新莊,2024-05-09,8886
2344,華邦電,42,11,31,國泰-新莊,2024-05-09,8886
00936,台新永續高息中小,30,1,29,國泰-新莊,2024-05-09,8886
2890,永豐金,30,1,29,國泰-新莊,2024-05-09,8886
6770,力積電,40,12,28,國泰-新莊,2024-05-09,8886
3036,文曄,49,22,27,國泰-新莊,2024-05-09,8886
6244,茂迪,28,3,25,國泰-新莊,2024-05-09,8886
1471,首利,31,8,23,國泰-新莊,2024-05-09,8886
6125,廣運,27,4,23,國泰-新莊,2024-05-09,8886
00891,中信關鍵半導體,22,0,22,國泰-新莊,2024-05-09,8886
00932,兆豐永續高息等權,21,0,21,國泰-新莊,2024-05-09,8886
1605,華新,30,9,21,國泰-新莊,2024-05-09,8886
6216,居易,20,0,20,國泰-新莊,2024-05-09,8886
3163,波若威,20,0,20,國泰-新莊,2024-05-09,8886
2606,裕民,72,53,19,國泰-新莊,2024-05-09,8886
3041,揚智,23,3,20,國泰-新莊,2024-05-09,8886
2201,裕隆,27,8,19,國泰-新莊,2024-05-09,8886
3188,鑫龍騰,23,4,19,國泰-新莊,2024-05-09,8886
3060,銘異,34,16,18,國泰-新莊,2024-05-09,8886
1727,中華化,18,0,18,國泰-新莊,2024-05-09,8886
1524,耿鼎,38,20,18,國泰-新莊,2024-05-09,8886
00713,元大台灣高息低波,18,0,18,國泰-新莊,2024-05-09,8886
00687B,國泰20年美債,1066,75,991,國泰-新莊,2024-05-10,8886
00937B,群益ESG投等債20,501,88,413,國泰-新莊,2024-05-10,8886
00929,復華台灣科技優息,548,139,409,國泰-新莊,2024-05-10,8886
00632R,元大台灣50反1,333,39,294,國泰-新莊,2024-05-10,8886
00878,國泰永續高股息,356,201,155,國泰-新莊,2024-05-10,8886
3706,神達,169,42,127,國泰-新莊,2024-05-10,8886
00946,群益科技高息成長,164,69,95,國泰-新莊,2024-05-10,8886
00715L,期街口布蘭特正2,101,43,58,國泰-新莊,2024-05-10,8886
2313,華通,97,42,55,國泰-新莊,2024-05-10,8886
00673R,期元大S＆P原油反1,50,0,50,國泰-新莊,2024-05-10,8886
6182,合晶,51,2,49,國泰-新莊,2024-05-10,8886
6244,茂迪,109,63,46,國泰-新莊,2024-05-10,8886
8927,北基,39,0,39,國泰-新莊,2024-05-10,8886
1314,中石化,53,14,39,國泰-新莊,2024-05-10,8886
2409,友達,40,3,37,國泰-新莊,2024-05-10,8886
00679B,元大美債20年,56,20,36,國泰-新莊,2024-05-10,8886
6282,康舒,38,3,35,國泰-新莊,2024-05-10,8886
8150,南茂,32,0,32,國泰-新莊,2024-05-10,8886
00696B,富邦美債20年,34,2,32,國泰-新莊,2024-05-10,8886
00944,野村趨勢動能高息,36,5,31,國泰-新莊,2024-05-10,8886
00932,兆豐永續高息等權,30,0,30,國泰-新莊,2024-05-10,8886
2867,三商壽,30,3,27,國泰-新莊,2024-05-10,8886
00751B,元大AAA至A公司債,28,2,26,國泰-新莊,2024-05-10,8886
2501,國建,115,89,26,國泰-新莊,2024-05-10,8886
5864,致和證,28,2,26,國泰-新莊,2024-05-10,8886
3576,聯合再生,37,13,24,國泰-新莊,2024-05-10,8886
2323,中環,48,23,25,國泰-新莊,2024-05-10,8886
9105,泰金寶-DR,69,45,24,國泰-新莊,2024-05-10,8886
00919,群益台灣精選高息,68,44,24,國泰-新莊,2024-05-10,8886
2388,威盛,37,15,22,國泰-新莊,2024-05-10,8886
1582,信錦,29,7,22,國泰-新莊,2024-05-10,8886
2201,裕隆,35,14,21,國泰-新莊,2024-05-10,8886
2211,長榮鋼,22,2,20,國泰-新莊,2024-05-10,8886
6139,亞翔,33,14,19,國泰-新莊,2024-05-10,8886
00637L,元大滬深300正2,80,61,19,國泰-新莊,2024-05-10,8886
8936,國統,50,32,18,國泰-新莊,2024-05-10,8886
2329,華泰,20,2,18,國泰-新莊,2024-05-10,8886
2367,燿華,124,106,18,國泰-新莊,2024-05-10,8886
2317,鴻海,91,73,18,國泰-新莊,2024-05-10,8886
2421,建準,22,4,18,國泰-新莊,2024-05-10,8886
00650L,復華香港正2,31,14,17,國泰-新莊,2024-05-10,8886
3071,協禧,17,0,17,國泰-新莊,2024-05-10,8886
2637,慧洋-KY,31,15,16,國泰-新莊,2024-05-10,8886
3712,永崴投控,19,3,16,國泰-新莊,2024-05-10,8886
1815,富喬,26,10,16,國泰-新莊,2024-05-10,8886
1471,首利,15,0,15,國泰-新莊,2024-05-10,8886
6108,競國,15,0,15,國泰-新莊,2024-05-10,8886
2440,太空梭,16,1,15,國泰-新莊,2024-05-10,8886
2641,正德,54,39,15,國泰-新莊,2024-05-10,8886
2486,一詮,68,53,15,國泰-新莊,2024-05-10,8886
00929,復華台灣科技優息,1021,79,942,國泰-新莊,2024-05-13,8886
00937B,群益ESG投等債20,634,124,510,國泰-新莊,2024-05-13,8886
00878,國泰永續高股息,238,75,163,國泰-新莊,2024-05-13,8886
00715L,期街口布蘭特正2,170,11,159,國泰-新莊,2024-05-13,8886
00632R,元大台灣50反1,155,8,147,國泰-新莊,2024-05-13,8886
00665L,富邦�琤肭磪囓�2,197,90,107,國泰-新莊,2024-05-13,8886
00944,野村趨勢動能高息,86,1,85,國泰-新莊,2024-05-13,8886
1714,和桐,70,1,69,國泰-新莊,2024-05-13,8886
00688L,國泰20年美債正2,63,0,63,國泰-新莊,2024-05-13,8886
2317,鴻海,136,73,63,國泰-新莊,2024-05-13,8886
3231,緯創,89,30,59,國泰-新莊,2024-05-13,8886
00795B,中信美國公債20年,61,6,55,國泰-新莊,2024-05-13,8886
8358,金居,51,1,50,國泰-新莊,2024-05-13,8886
2905,三商,51,1,50,國泰-新莊,2024-05-13,8886
00637L,元大滬深300正2,82,34,48,國泰-新莊,2024-05-13,8886
2633,台灣高鐵,50,2,48,國泰-新莊,2024-05-13,8886
2615,萬海,291,244,47,國泰-新莊,2024-05-13,8886
00664R,國泰臺灣加權反1,40,0,40,國泰-新莊,2024-05-13,8886
2606,裕民,155,115,40,國泰-新莊,2024-05-13,8886
2601,益航,44,5,39,國泰-新莊,2024-05-13,8886
00933B,國泰10Y+金融債,44,5,39,國泰-新莊,2024-05-13,8886
00932,兆豐永續高息等權,39,1,38,國泰-新莊,2024-05-13,8886
1312,國喬,41,4,37,國泰-新莊,2024-05-13,8886
5608,四維航,103,67,36,國泰-新莊,2024-05-13,8886
00946,群益科技高息成長,36,0,36,國泰-新莊,2024-05-13,8886
00752,中信中國50,35,0,35,國泰-新莊,2024-05-13,8886
3260,威剛,73,38,35,國泰-新莊,2024-05-13,8886
00679B,元大美債20年,43,9,34,國泰-新莊,2024-05-13,8886
00939,統一台灣高息動能,37,6,31,國泰-新莊,2024-05-13,8886
00936,台新永續高息中小,31,0,31,國泰-新莊,2024-05-13,8886
00919,群益台灣精選高息,97,66,31,國泰-新莊,2024-05-13,8886
00650L,復華香港正2,31,1,30,國泰-新莊,2024-05-13,8886
3703,欣陸,36,7,29,國泰-新莊,2024-05-13,8886
2241,艾姆勒,76,50,26,國泰-新莊,2024-05-13,8886
2637,慧洋-KY,86,61,25,國泰-新莊,2024-05-13,8886
2855,統一證,26,2,24,國泰-新莊,2024-05-13,8886
020020,元大台股領航N,24,0,24,國泰-新莊,2024-05-13,8886
2891,中信金,28,5,23,國泰-新莊,2024-05-13,8886
8096,擎亞,56,34,22,國泰-新莊,2024-05-13,8886
2486,一詮,88,66,22,國泰-新莊,2024-05-13,8886
4533,協易機,22,1,21,國泰-新莊,2024-05-13,8886
2542,興富發,30,9,21,國泰-新莊,2024-05-13,8886
00941,中信上游半導體,24,3,21,國泰-新莊,2024-05-13,8886
2367,燿華,201,180,21,國泰-新莊,2024-05-13,8886
2883,凱基金,126,106,20,國泰-新莊,2024-05-13,8886
00783,富邦中証500,20,0,20,國泰-新莊,2024-05-13,8886
4562,穎漢,41,23,18,國泰-新莊,2024-05-13,8886
1612,宏泰,21,3,18,國泰-新莊,2024-05-13,8886
2809,京城銀,32,14,18,國泰-新莊,2024-05-13,8886
4127,天良,17,0,17,國泰-新莊,2024-05-13,8886
00937B,群益ESG投等債20,435,31,404,國泰-新莊,2024-05-14,8886
00929,復華台灣科技優息,620,225,395,國泰-新莊,2024-05-14,8886
00632R,元大台灣50反1,281,3,278,國泰-新莊,2024-05-14,8886
00665L,富邦�琤肭磪囓�2,143,10,133,國泰-新莊,2024-05-14,8886
2615,萬海,944,832,112,國泰-新莊,2024-05-14,8886
2891,中信金,114,23,91,國泰-新莊,2024-05-14,8886
8070,長華*,114,35,79,國泰-新莊,2024-05-14,8886
2538,基泰,80,3,77,國泰-新莊,2024-05-14,8886
00637L,元大滬深300正2,98,45,53,國泰-新莊,2024-05-14,8886
00909,國泰數位支付服務,49,2,47,國泰-新莊,2024-05-14,8886
2409,友達,48,1,47,國泰-新莊,2024-05-14,8886
00882,中信中國高股息,87,46,41,國泰-新莊,2024-05-14,8886
2867,三商壽,41,3,38,國泰-新莊,2024-05-14,8886
2501,國建,58,20,38,國泰-新莊,2024-05-14,8886
00679B,元大美債20年,40,4,36,國泰-新莊,2024-05-14,8886
2883,凱基金,54,20,34,國泰-新莊,2024-05-14,8886
2605,新興,175,142,33,國泰-新莊,2024-05-14,8886
3231,緯創,51,18,33,國泰-新莊,2024-05-14,8886
2317,鴻海,122,89,33,國泰-新莊,2024-05-14,8886
3481,群創,60,30,30,國泰-新莊,2024-05-14,8886
2834,臺企銀,31,2,29,國泰-新莊,2024-05-14,8886
2609,陽明,919,892,27,國泰-新莊,2024-05-14,8886
9945,潤泰新,69,42,27,國泰-新莊,2024-05-14,8886
2374,佳能,148,123,25,國泰-新莊,2024-05-14,8886
2884,玉山金,29,4,25,國泰-新莊,2024-05-14,8886
2890,永豐金,29,4,25,國泰-新莊,2024-05-14,8886
1616,億泰,32,8,24,國泰-新莊,2024-05-14,8886
00751B,元大AAA至A公司債,23,0,23,國泰-新莊,2024-05-14,8886
00924,復華S＆P500成長,25,2,23,國泰-新莊,2024-05-14,8886
5522,遠雄,34,11,23,國泰-新莊,2024-05-14,8886
1457,宜進,23,0,23,國泰-新莊,2024-05-14,8886
00878,國泰永續高股息,337,314,23,國泰-新莊,2024-05-14,8886
00944,野村趨勢動能高息,21,0,21,國泰-新莊,2024-05-14,8886
1785,光洋科,24,3,21,國泰-新莊,2024-05-14,8886
8074,鉅橡,20,0,20,國泰-新莊,2024-05-14,8886
00676R,富邦臺灣加權反1,20,0,20,國泰-新莊,2024-05-14,8886
020020,元大台股領航N,20,0,20,國泰-新莊,2024-05-14,8886
3036,文曄,28,8,20,國泰-新莊,2024-05-14,8886
2201,裕隆,23,4,19,國泰-新莊,2024-05-14,8886
6186,新潤,21,3,18,國泰-新莊,2024-05-14,8886
8096,擎亞,50,32,18,國泰-新莊,2024-05-14,8886
2371,大同,71,53,18,國泰-新莊,2024-05-14,8886
1815,富喬,65,48,17,國泰-新莊,2024-05-14,8886
2355,敬鵬,18,1,17,國泰-新莊,2024-05-14,8886
2482,連宇,40,23,17,國泰-新莊,2024-05-14,8886
4581,光隆精密-KY,17,0,17,國泰-新莊,2024-05-14,8886
00941,中信上游半導體,33,16,17,國泰-新莊,2024-05-14,8886
00720B,元大投資級公司債,18,1,17,國泰-新莊,2024-05-14,8886
2323,中環,28,11,17,國泰-新莊,2024-05-14,8886
00933B,國泰10Y+金融債,26,10,16,國泰-新莊,2024-05-14,8886
00937B,群益ESG投等債20,379,98,281,國泰-新莊,2024-05-15,8886
00665L,富邦�琤肭磪囓�2,276,2,274,國泰-新莊,2024-05-15,8886
00632R,元大台灣50反1,402,166,236,國泰-新莊,2024-05-15,8886
00929,復華台灣科技優息,251,70,181,國泰-新莊,2024-05-15,8886
2367,燿華,730,549,181,國泰-新莊,2024-05-15,8886
2356,英業達,293,131,162,國泰-新莊,2024-05-15,8886
00919,群益台灣精選高息,213,69,144,國泰-新莊,2024-05-15,8886
1714,和桐,130,3,127,國泰-新莊,2024-05-15,8886
2888,新光金,147,40,107,國泰-新莊,2024-05-15,8886
2363,矽統,196,96,100,國泰-新莊,2024-05-15,8886
2618,長榮航,152,59,93,國泰-新莊,2024-05-15,8886
00932,兆豐永續高息等權,70,0,70,國泰-新莊,2024-05-15,8886
00878,國泰永續高股息,246,186,60,國泰-新莊,2024-05-15,8886
4113,聯上,79,20,59,國泰-新莊,2024-05-15,8886
00637L,元大滬深300正2,101,45,56,國泰-新莊,2024-05-15,8886
2486,一詮,93,41,52,國泰-新莊,2024-05-15,8886
2241,艾姆勒,55,6,49,國泰-新莊,2024-05-15,8886
020020,元大台股領航N,40,0,40,國泰-新莊,2024-05-15,8886
2603,長榮,144,107,37,國泰-新莊,2024-05-15,8886
00918,大華優利高填息30,47,11,36,國泰-新莊,2024-05-15,8886
00882,中信中國高股息,75,41,34,國泰-新莊,2024-05-15,8886
00945B,凱基美國非投等債,54,20,34,國泰-新莊,2024-05-15,8886
5392,能率,52,21,31,國泰-新莊,2024-05-15,8886
00939,統一台灣高息動能,42,14,28,國泰-新莊,2024-05-15,8886
1457,宜進,29,1,28,國泰-新莊,2024-05-15,8886
2323,中環,39,12,27,國泰-新莊,2024-05-15,8886
00688L,國泰20年美債正2,46,19,27,國泰-新莊,2024-05-15,8886
00679B,元大美債20年,59,32,27,國泰-新莊,2024-05-15,8886
00720B,元大投資級公司債,29,4,25,國泰-新莊,2024-05-15,8886
2002,中鋼,27,2,25,國泰-新莊,2024-05-15,8886
00946,群益科技高息成長,36,11,25,國泰-新莊,2024-05-15,8886
2905,三商,25,0,25,國泰-新莊,2024-05-15,8886
4414,如興,23,0,23,國泰-新莊,2024-05-15,8886
8070,長華*,59,36,23,國泰-新莊,2024-05-15,8886
00715L,期街口布蘭特正2,32,10,22,國泰-新莊,2024-05-15,8886
9103,美德醫療-DR,22,0,22,國泰-新莊,2024-05-15,8886
6125,廣運,47,27,20,國泰-新莊,2024-05-15,8886
4123,晟德,22,2,20,國泰-新莊,2024-05-15,8886
00664R,國泰臺灣加權反1,20,0,20,國泰-新莊,2024-05-15,8886
2420,新巨,20,0,20,國泰-新莊,2024-05-15,8886
2206,三陽工業,21,4,17,國泰-新莊,2024-05-15,8886
1312,國喬,24,7,17,國泰-新莊,2024-05-15,8886
00931B,統一美債20年,18,1,17,國泰-新莊,2024-05-15,8886
2536,宏普,16,0,16,國泰-新莊,2024-05-15,8886
2449,京元電子,21,5,16,國泰-新莊,2024-05-15,8886
6449,鈺邦,17,1,16,國泰-新莊,2024-05-15,8886
5512,力麒,16,1,15,國泰-新莊,2024-05-15,8886
2409,友達,64,49,15,國泰-新莊,2024-05-15,8886
5519,隆大,17,2,15,國泰-新莊,2024-05-15,8886
1591,駿吉-KY,23,8,15,國泰-新莊,2024-05-15,8886
00937B,群益ESG投等債20,740,303,437,國泰-新莊,2024-05-16,8886
2883,凱基金,358,43,315,國泰-新莊,2024-05-16,8886
00680L,元大美債20正2,178,5,173,國泰-新莊,2024-05-16,8886
020020,元大台股領航N,150,0,150,國泰-新莊,2024-05-16,8886
2867,三商壽,317,183,134,國泰-新莊,2024-05-16,8886
00929,復華台灣科技優息,423,290,133,國泰-新莊,2024-05-16,8886
3231,緯創,214,82,132,國泰-新莊,2024-05-16,8886
2101,南港,129,13,116,國泰-新莊,2024-05-16,8886
00632R,元大台灣50反1,139,24,115,國泰-新莊,2024-05-16,8886
2356,英業達,202,91,111,國泰-新莊,2024-05-16,8886
00927,群益半導體收益,120,21,99,國泰-新莊,2024-05-16,8886
00946,群益科技高息成長,107,12,95,國泰-新莊,2024-05-16,8886
2382,廣達,195,100,95,國泰-新莊,2024-05-16,8886
2515,中工,132,47,85,國泰-新莊,2024-05-16,8886
2359,所羅門,338,260,78,國泰-新莊,2024-05-16,8886
00679B,元大美債20年,181,116,65,國泰-新莊,2024-05-16,8886
8358,金居,101,39,62,國泰-新莊,2024-05-16,8886
3689,湧德,68,11,57,國泰-新莊,2024-05-16,8886
00642U,期元大S＆P石油,55,1,54,國泰-新莊,2024-05-16,8886
2365,昆盈,216,162,54,國泰-新莊,2024-05-16,8886
2511,太子,46,1,45,國泰-新莊,2024-05-16,8886
2201,裕隆,44,9,35,國泰-新莊,2024-05-16,8886
6443,元晶,36,2,34,國泰-新莊,2024-05-16,8886
2031,新光鋼,31,0,31,國泰-新莊,2024-05-16,8886
1447,力鵬,30,0,30,國泰-新莊,2024-05-16,8886
8096,擎亞,204,175,29,國泰-新莊,2024-05-16,8886
5511,德昌,25,0,25,國泰-新莊,2024-05-16,8886
1785,光洋科,35,10,25,國泰-新莊,2024-05-16,8886
2317,鴻海,133,108,25,國泰-新莊,2024-05-16,8886
5512,力麒,35,11,24,國泰-新莊,2024-05-16,8886
2451,創見,25,2,23,國泰-新莊,2024-05-16,8886
2371,大同,58,35,23,國泰-新莊,2024-05-16,8886
2362,藍天,212,191,21,國泰-新莊,2024-05-16,8886
3363,上詮,120,100,20,國泰-新莊,2024-05-16,8886
00664R,國泰臺灣加權反1,20,0,20,國泰-新莊,2024-05-16,8886
3163,波若威,34,15,19,國泰-新莊,2024-05-16,8886
00878,國泰永續高股息,345,326,19,國泰-新莊,2024-05-16,8886
3047,訊舟,71,54,17,國泰-新莊,2024-05-16,8886
4207,環泰,17,0,17,國泰-新莊,2024-05-16,8886
1303,南亞,19,2,17,國泰-新莊,2024-05-16,8886
1312,國喬,19,3,16,國泰-新莊,2024-05-16,8886
00945B,凱基美國非投等債,16,0,16,國泰-新莊,2024-05-16,8886
5371,中光電,31,15,16,國泰-新莊,2024-05-16,8886
3376,新日興,35,20,15,國泰-新莊,2024-05-16,8886
8059,凱碩,15,0,15,國泰-新莊,2024-05-16,8886
00924,復華S＆P500成長,15,0,15,國泰-新莊,2024-05-16,8886
1616,億泰,23,8,15,國泰-新莊,2024-05-16,8886
00719B,元大美債1-3,15,0,15,國泰-新莊,2024-05-16,8886
2330,台積電,31,17,14,國泰-新莊,2024-05-16,8886
6215,和椿,36,22,14,國泰-新莊,2024-05-16,8886
00929,復華台灣科技優息,682,2,680,國泰-新莊,2024-05-17,8886
00878,國泰永續高股息,558,150,408,國泰-新莊,2024-05-17,8886
2349,錸德,382,2,380,國泰-新莊,2024-05-17,8886
00687B,國泰20年美債,305,10,295,國泰-新莊,2024-05-17,8886
00632R,元大台灣50反1,275,17,258,國泰-新莊,2024-05-17,8886
00650L,復華香港正2,261,73,188,國泰-新莊,2024-05-17,8886
2317,鴻海,207,56,151,國泰-新莊,2024-05-17,8886
00679B,元大美債20年,150,24,126,國泰-新莊,2024-05-17,8886
00751B,元大AAA至A公司債,98,2,96,國泰-新莊,2024-05-17,8886
2420,新巨,60,0,60,國泰-新莊,2024-05-17,8886
9945,潤泰新,128,72,56,國泰-新莊,2024-05-17,8886
2002,中鋼,64,8,56,國泰-新莊,2024-05-17,8886
00673R,期元大S＆P原油反1,52,0,52,國泰-新莊,2024-05-17,8886
1587,吉茂,111,63,48,國泰-新莊,2024-05-17,8886
00882,中信中國高股息,52,5,47,國泰-新莊,2024-05-17,8886
3481,群創,94,47,47,國泰-新莊,2024-05-17,8886
00946,群益科技高息成長,47,4,43,國泰-新莊,2024-05-17,8886
3059,華晶科,70,28,42,國泰-新莊,2024-05-17,8886
00939,統一台灣高息動能,44,4,40,國泰-新莊,2024-05-17,8886
2409,友達,154,119,35,國泰-新莊,2024-05-17,8886
2888,新光金,40,6,34,國泰-新莊,2024-05-17,8886
2882,國泰金,46,12,34,國泰-新莊,2024-05-17,8886
3338,泰碩,32,0,32,國泰-新莊,2024-05-17,8886
2356,英業達,72,40,32,國泰-新莊,2024-05-17,8886
00713,元大台灣高息低波,31,2,29,國泰-新莊,2024-05-17,8886
2489,瑞軒,142,112,30,國泰-新莊,2024-05-17,8886
912000,晨訊科-DR,29,1,28,國泰-新莊,2024-05-17,8886
2603,長榮,98,70,28,國泰-新莊,2024-05-17,8886
2543,皇昌,35,8,27,國泰-新莊,2024-05-17,8886
2323,中環,55,28,27,國泰-新莊,2024-05-17,8886
1785,光洋科,30,3,27,國泰-新莊,2024-05-17,8886
00944,野村趨勢動能高息,26,0,26,國泰-新莊,2024-05-17,8886
2527,宏璟,27,1,26,國泰-新莊,2024-05-17,8886
2731,雄獅,29,4,25,國泰-新莊,2024-05-17,8886
020020,元大台股領航N,25,0,25,國泰-新莊,2024-05-17,8886
6770,力積電,42,19,23,國泰-新莊,2024-05-17,8886
2374,佳能,484,462,22,國泰-新莊,2024-05-17,8886
2406,國碩,33,12,21,國泰-新莊,2024-05-17,8886
2408,南亞科,20,1,19,國泰-新莊,2024-05-17,8886
3231,緯創,42,24,18,國泰-新莊,2024-05-17,8886
2417,圓剛,23,6,17,國泰-新莊,2024-05-17,8886
2515,中工,47,31,16,國泰-新莊,2024-05-17,8886
00932,兆豐永續高息等權,17,1,16,國泰-新莊,2024-05-17,8886
6177,達麗,36,20,16,國泰-新莊,2024-05-17,8886
6108,競國,16,0,16,國泰-新莊,2024-05-17,8886
3060,銘異,67,51,16,國泰-新莊,2024-05-17,8886
2867,三商壽,198,183,15,國泰-新莊,2024-05-17,8886
2352,佳世達,18,3,15,國泰-新莊,2024-05-17,8886
3234,光環,16,1,15,國泰-新莊,2024-05-17,8886
00830,國泰費城半導體,15,1,14,國泰-新莊,2024-05-17,8886
00929,復華台灣科技優息,867,350,517,國泰-新莊,2024-05-20,8886
00937B,群益ESG投等債20,498,31,467,國泰-新莊,2024-05-20,8886
00665L,富邦�琤肭磪囓�2,196,26,170,國泰-新莊,2024-05-20,8886
2618,長榮航,559,413,146,國泰-新莊,2024-05-20,8886
6005,群益證,107,5,102,國泰-新莊,2024-05-20,8886
4906,正文,104,16,88,國泰-新莊,2024-05-20,8886
2317,鴻海,152,72,80,國泰-新莊,2024-05-20,8886
2867,三商壽,210,134,76,國泰-新莊,2024-05-20,8886
00946,群益科技高息成長,79,8,71,國泰-新莊,2024-05-20,8886
2374,佳能,327,258,69,國泰-新莊,2024-05-20,8886
2367,燿華,313,246,67,國泰-新莊,2024-05-20,8886
3231,緯創,70,6,64,國泰-新莊,2024-05-20,8886
00722B,群益投資級電信債,60,0,60,國泰-新莊,2024-05-20,8886
00679B,元大美債20年,91,33,58,國泰-新莊,2024-05-20,8886
2515,中工,85,31,54,國泰-新莊,2024-05-20,8886
1409,新纖,51,0,51,國泰-新莊,2024-05-20,8886
2449,京元電子,60,11,49,國泰-新莊,2024-05-20,8886
2489,瑞軒,69,19,50,國泰-新莊,2024-05-20,8886
5864,致和證,48,1,47,國泰-新莊,2024-05-20,8886
00650L,復華香港正2,47,1,46,國泰-新莊,2024-05-20,8886
00882,中信中國高股息,90,48,42,國泰-新莊,2024-05-20,8886
2359,所羅門,405,363,42,國泰-新莊,2024-05-20,8886
00915,凱基優選高股息30,53,12,41,國泰-新莊,2024-05-20,8886
2323,中環,63,23,40,國泰-新莊,2024-05-20,8886
00673R,期元大S＆P原油反1,50,10,40,國泰-新莊,2024-05-20,8886
00878,國泰永續高股息,216,176,40,國泰-新莊,2024-05-20,8886
00918,大華優利高填息30,38,0,38,國泰-新莊,2024-05-20,8886
9945,潤泰新,68,34,34,國泰-新莊,2024-05-20,8886
00944,野村趨勢動能高息,34,0,34,國泰-新莊,2024-05-20,8886
6770,力積電,37,7,30,國泰-新莊,2024-05-20,8886
3481,群創,59,32,27,國泰-新莊,2024-05-20,8886
6443,元晶,57,30,27,國泰-新莊,2024-05-20,8886
2615,萬海,33,6,27,國泰-新莊,2024-05-20,8886
00932,兆豐永續高息等權,26,0,26,國泰-新莊,2024-05-20,8886
2537,聯上發,35,10,25,國泰-新莊,2024-05-20,8886
2509,全坤建,24,0,24,國泰-新莊,2024-05-20,8886
3689,湧德,54,30,24,國泰-新莊,2024-05-20,8886
2382,廣達,55,31,24,國泰-新莊,2024-05-20,8886
3483,力致,56,32,24,國泰-新莊,2024-05-20,8886
00753L,中信中國50正2,31,7,24,國泰-新莊,2024-05-20,8886
2603,長榮,117,93,24,國泰-新莊,2024-05-20,8886
3363,上詮,52,29,23,國泰-新莊,2024-05-20,8886
2402,毅嘉,25,2,23,國泰-新莊,2024-05-20,8886
2542,興富發,22,0,22,國泰-新莊,2024-05-20,8886
8096,擎亞,54,33,21,國泰-新莊,2024-05-20,8886
6117,迎廣,34,13,21,國泰-新莊,2024-05-20,8886
1301,台塑,20,0,20,國泰-新莊,2024-05-20,8886
5324,士開,23,3,20,國泰-新莊,2024-05-20,8886
3466,德晉,20,0,20,國泰-新莊,2024-05-20,8886
3037,欣興,21,1,20,國泰-新莊,2024-05-20,8886
00929,復華台灣科技優息,521,308,213,國泰-新莊,2024-05-21,8886
00940,元大台灣價值高息,241,36,205,國泰-新莊,2024-05-21,8886
00878,國泰永續高股息,245,89,156,國泰-新莊,2024-05-21,8886
2027,大成鋼,130,23,107,國泰-新莊,2024-05-21,8886
00919,群益台灣精選高息,105,25,80,國泰-新莊,2024-05-21,8886
1603,華電,127,47,80,國泰-新莊,2024-05-21,8886
00650L,復華香港正2,89,10,79,國泰-新莊,2024-05-21,8886
00679B,元大美債20年,79,6,73,國泰-新莊,2024-05-21,8886
9105,泰金寶-DR,99,34,65,國泰-新莊,2024-05-21,8886
2867,三商壽,129,65,64,國泰-新莊,2024-05-21,8886
2834,臺企銀,66,2,64,國泰-新莊,2024-05-21,8886
00937B,群益ESG投等債20,130,68,62,國泰-新莊,2024-05-21,8886
2007,燁興,75,16,59,國泰-新莊,2024-05-21,8886
2323,中環,69,12,57,國泰-新莊,2024-05-21,8886
00930,永豐ESG低碳高息,62,7,55,國泰-新莊,2024-05-21,8886
00882,中信中國高股息,91,38,53,國泰-新莊,2024-05-21,8886
6770,力積電,60,14,46,國泰-新莊,2024-05-21,8886
1605,華新,196,150,46,國泰-新莊,2024-05-21,8886
2618,長榮航,201,155,46,國泰-新莊,2024-05-21,8886
2489,瑞軒,79,37,42,國泰-新莊,2024-05-21,8886
2890,永豐金,40,1,39,國泰-新莊,2024-05-21,8886
2374,佳能,240,201,39,國泰-新莊,2024-05-21,8886
2515,中工,105,69,36,國泰-新莊,2024-05-21,8886
2355,敬鵬,44,10,34,國泰-新莊,2024-05-21,8886
912000,晨訊科-DR,30,0,30,國泰-新莊,2024-05-21,8886
2312,金寶,39,10,29,國泰-新莊,2024-05-21,8886
2002,中鋼,37,12,25,國泰-新莊,2024-05-21,8886
2031,新光鋼,25,0,25,國泰-新莊,2024-05-21,8886
6104,創惟,25,0,25,國泰-新莊,2024-05-21,8886
00751B,元大AAA至A公司債,23,0,23,國泰-新莊,2024-05-21,8886
00688L,國泰20年美債正2,23,0,23,國泰-新莊,2024-05-21,8886
00713,元大台灣高息低波,24,1,23,國泰-新莊,2024-05-21,8886
2891,中信金,64,43,21,國泰-新莊,2024-05-21,8886
00632R,元大台灣50反1,30,9,21,國泰-新莊,2024-05-21,8886
00923,群益台ESG低碳50,21,0,21,國泰-新莊,2024-05-21,8886
1101,台泥,26,5,21,國泰-新莊,2024-05-21,8886
2409,友達,39,19,20,國泰-新莊,2024-05-21,8886
1303,南亞,21,1,20,國泰-新莊,2024-05-21,8886
4952,凌通,38,18,20,國泰-新莊,2024-05-21,8886
00944,野村趨勢動能高息,20,0,20,國泰-新莊,2024-05-21,8886
3481,群創,53,34,19,國泰-新莊,2024-05-21,8886
00935,野村臺灣新科技50,19,1,18,國泰-新莊,2024-05-21,8886
2881,富邦金,24,7,17,國泰-新莊,2024-05-21,8886
8936,國統,24,7,17,國泰-新莊,2024-05-21,8886
3033,威健,40,23,17,國泰-新莊,2024-05-21,8886
2460,建通,25,9,16,國泰-新莊,2024-05-21,8886
1319,東陽,40,24,16,國泰-新莊,2024-05-21,8886
2023,燁輝,17,1,16,國泰-新莊,2024-05-21,8886
3689,湧德,26,10,16,國泰-新莊,2024-05-21,8886
1789,神隆,20,4,16,國泰-新莊,2024-05-21,8886
00937B,群益ESG投等債20,443,49,394,國泰-新莊,2024-05-22,8886
00632R,元大台灣50反1,176,5,171,國泰-新莊,2024-05-22,8886
2867,三商壽,217,47,170,國泰-新莊,2024-05-22,8886
2002,中鋼,224,95,129,國泰-新莊,2024-05-22,8886
2618,長榮航,316,190,126,國泰-新莊,2024-05-22,8886
2367,燿華,310,222,88,國泰-新莊,2024-05-22,8886
00946,群益科技高息成長,89,4,85,國泰-新莊,2024-05-22,8886
4533,協易機,177,96,81,國泰-新莊,2024-05-22,8886
2009,第一銅,453,378,75,國泰-新莊,2024-05-22,8886
3013,晟銘電,217,144,73,國泰-新莊,2024-05-22,8886
3689,湧德,83,13,70,國泰-新莊,2024-05-22,8886
2489,瑞軒,98,28,70,國泰-新莊,2024-05-22,8886
00642U,期元大S＆P石油,61,0,61,國泰-新莊,2024-05-22,8886
6125,廣運,247,188,59,國泰-新莊,2024-05-22,8886
00715L,期街口布蘭特正2,58,0,58,國泰-新莊,2024-05-22,8886
2883,凱基金,58,3,55,國泰-新莊,2024-05-22,8886
5864,致和證,46,0,46,國泰-新莊,2024-05-22,8886
2486,一詮,69,28,41,國泰-新莊,2024-05-22,8886
020020,元大台股領航N,40,0,40,國泰-新莊,2024-05-22,8886
00918,大華優利高填息30,43,5,38,國泰-新莊,2024-05-22,8886
8110,華東,72,36,36,國泰-新莊,2024-05-22,8886
6188,廣明,117,83,34,國泰-新莊,2024-05-22,8886
2610,華航,109,75,34,國泰-新莊,2024-05-22,8886
3047,訊舟,138,105,33,國泰-新莊,2024-05-22,8886
00930,永豐ESG低碳高息,30,0,30,國泰-新莊,2024-05-22,8886
2352,佳世達,83,53,30,國泰-新莊,2024-05-22,8886
00915,凱基優選高股息30,40,10,30,國泰-新莊,2024-05-22,8886
8096,擎亞,85,56,29,國泰-新莊,2024-05-22,8886
9955,佳龍,48,19,29,國泰-新莊,2024-05-22,8886
2884,玉山金,29,4,25,國泰-新莊,2024-05-22,8886
2323,中環,29,5,24,國泰-新莊,2024-05-22,8886
2204,中華,21,1,20,國泰-新莊,2024-05-22,8886
1584,精剛,20,0,20,國泰-新莊,2024-05-22,8886
9945,潤泰新,34,14,20,國泰-新莊,2024-05-22,8886
2241,艾姆勒,22,2,20,國泰-新莊,2024-05-22,8886
1301,台塑,19,0,19,國泰-新莊,2024-05-22,8886
8070,長華*,57,39,18,國泰-新莊,2024-05-22,8886
4111,濟生,40,22,18,國泰-新莊,2024-05-22,8886
2834,臺企銀,23,5,18,國泰-新莊,2024-05-22,8886
5392,能率,108,91,17,國泰-新莊,2024-05-22,8886
1316,上曜,23,6,17,國泰-新莊,2024-05-22,8886
00679B,元大美債20年,19,2,17,國泰-新莊,2024-05-22,8886
2467,志聖,51,35,16,國泰-新莊,2024-05-22,8886
00631L,元大台灣50正2,18,2,16,國泰-新莊,2024-05-22,8886
5230,雷笛克光學,32,16,16,國泰-新莊,2024-05-22,8886
6190,萬泰科,46,31,15,國泰-新莊,2024-05-22,8886
4543,萬在,69,54,15,國泰-新莊,2024-05-22,8886
1303,南亞,15,1,14,國泰-新莊,2024-05-22,8886
3564,其陽,25,11,14,國泰-新莊,2024-05-22,8886
2313,華通,29,15,14,國泰-新莊,2024-05-22,8886
00632R,元大台灣50反1,831,156,675,國泰-新莊,2024-05-23,8886
00937B,群益ESG投等債20,465,87,378,國泰-新莊,2024-05-23,8886
5512,力麒,245,18,227,國泰-新莊,2024-05-23,8886
3481,群創,239,132,107,國泰-新莊,2024-05-23,8886
00650L,復華香港正2,110,5,105,國泰-新莊,2024-05-23,8886
00637L,元大滬深300正2,116,13,103,國泰-新莊,2024-05-23,8886
2897,王道銀行,110,10,100,國泰-新莊,2024-05-23,8886
00929,復華台灣科技優息,297,198,99,國泰-新莊,2024-05-23,8886
1603,華電,83,0,83,國泰-新莊,2024-05-23,8886
2363,矽統,249,168,81,國泰-新莊,2024-05-23,8886
00712,復華富時不動產,103,24,79,國泰-新莊,2024-05-23,8886
2356,英業達,117,39,78,國泰-新莊,2024-05-23,8886
2002,中鋼,108,37,71,國泰-新莊,2024-05-23,8886
2353,宏��,443,387,56,國泰-新莊,2024-05-23,8886
2883,凱基金,63,11,52,國泰-新莊,2024-05-23,8886
2409,友達,73,25,48,國泰-新莊,2024-05-23,8886
3013,晟銘電,114,71,43,國泰-新莊,2024-05-23,8886
8936,國統,53,10,43,國泰-新莊,2024-05-23,8886
3706,神達,92,49,43,國泰-新莊,2024-05-23,8886
5443,均豪,69,28,41,國泰-新莊,2024-05-23,8886
2331,精英,40,0,40,國泰-新莊,2024-05-23,8886
2882,國泰金,44,4,40,國泰-新莊,2024-05-23,8886
2359,所羅門,487,447,40,國泰-新莊,2024-05-23,8886
00715L,期街口布蘭特正2,39,0,39,國泰-新莊,2024-05-23,8886
2538,基泰,40,2,38,國泰-新莊,2024-05-23,8886
1460,宏遠,42,4,38,國泰-新莊,2024-05-23,8886
2367,燿華,224,187,37,國泰-新莊,2024-05-23,8886
2324,仁寶,91,54,37,國泰-新莊,2024-05-23,8886
2464,盟立,301,268,33,國泰-新莊,2024-05-23,8886
4306,炎洲,34,0,34,國泰-新莊,2024-05-23,8886
2888,新光金,75,42,33,國泰-新莊,2024-05-23,8886
2836,高雄銀,30,0,30,國泰-新莊,2024-05-23,8886
2371,大同,62,35,27,國泰-新莊,2024-05-23,8886
6147,頎邦,32,5,27,國泰-新莊,2024-05-23,8886
4960,誠美材,27,1,26,國泰-新莊,2024-05-23,8886
2420,新巨,54,28,26,國泰-新莊,2024-05-23,8886
2009,第一銅,65,40,25,國泰-新莊,2024-05-23,8886
3059,華晶科,40,14,26,國泰-新莊,2024-05-23,8886
1102,亞泥,25,0,25,國泰-新莊,2024-05-23,8886
00646,元大S＆P500,24,0,24,國泰-新莊,2024-05-23,8886
5426,振發,39,15,24,國泰-新莊,2024-05-23,8886
2885,元大金,24,1,23,國泰-新莊,2024-05-23,8886
2915,潤泰全,25,3,22,國泰-新莊,2024-05-23,8886
2540,愛山林,28,6,22,國泰-新莊,2024-05-23,8886
2618,長榮航,145,124,21,國泰-新莊,2024-05-23,8886
2706,第一店,22,1,21,國泰-新莊,2024-05-23,8886
2897A,王道銀甲特,20,0,20,國泰-新莊,2024-05-23,8886
1316,上曜,33,13,20,國泰-新莊,2024-05-23,8886
5371,中光電,109,89,20,國泰-新莊,2024-05-23,8886
6166,凌華,52,33,19,國泰-新莊,2024-05-23,8886
00937B,群益ESG投等債20,479,53,426,國泰-新莊,2024-05-24,8886
00712,復華富時不動產,313,9,304,國泰-新莊,2024-05-24,8886
00929,復華台灣科技優息,313,47,266,國泰-新莊,2024-05-24,8886
2301,光寶科,220,64,156,國泰-新莊,2024-05-24,8886
2365,昆盈,511,358,153,國泰-新莊,2024-05-24,8886
00632R,元大台灣50反1,135,14,121,國泰-新莊,2024-05-24,8886
2913,農林,120,1,119,國泰-新莊,2024-05-24,8886
2511,太子,120,20,100,國泰-新莊,2024-05-24,8886
5512,力麒,100,1,99,國泰-新莊,2024-05-24,8886
00895,富邦未來車,93,9,84,國泰-新莊,2024-05-24,8886
00637L,元大滬深300正2,112,31,81,國泰-新莊,2024-05-24,8886
00946,群益科技高息成長,64,0,64,國泰-新莊,2024-05-24,8886
2891,中信金,65,7,58,國泰-新莊,2024-05-24,8886
2324,仁寶,92,44,48,國泰-新莊,2024-05-24,8886
2002,中鋼,60,12,48,國泰-新莊,2024-05-24,8886
00719B,元大美債1-3,47,0,47,國泰-新莊,2024-05-24,8886
6125,廣運,200,155,45,國泰-新莊,2024-05-24,8886
2486,一詮,291,247,44,國泰-新莊,2024-05-24,8886
2867,三商壽,44,6,38,國泰-新莊,2024-05-24,8886
2201,裕隆,35,0,35,國泰-新莊,2024-05-24,8886
00931B,統一美債20年,34,0,34,國泰-新莊,2024-05-24,8886
2884,玉山金,36,3,33,國泰-新莊,2024-05-24,8886
00922,國泰台灣領袖50,32,0,32,國泰-新莊,2024-05-24,8886
5426,振發,49,19,30,國泰-新莊,2024-05-24,8886
00933B,國泰10Y+金融債,29,0,29,國泰-新莊,2024-05-24,8886
1312,國喬,29,0,29,國泰-新莊,2024-05-24,8886
6234,高僑,32,3,29,國泰-新莊,2024-05-24,8886
2331,精英,31,2,29,國泰-新莊,2024-05-24,8886
2367,燿華,141,112,29,國泰-新莊,2024-05-24,8886
1785,光洋科,30,2,28,國泰-新莊,2024-05-24,8886
00665L,富邦�琤肭磪囓�2,31,3,28,國泰-新莊,2024-05-24,8886
2303,聯電,63,36,27,國泰-新莊,2024-05-24,8886
00916,國泰全球品牌50,27,0,27,國泰-新莊,2024-05-24,8886
00878,國泰永續高股息,41,16,25,國泰-新莊,2024-05-24,8886
2392,正崴,155,130,25,國泰-新莊,2024-05-24,8886
00757,統一FANG+,28,3,25,國泰-新莊,2024-05-24,8886
3338,泰碩,133,108,25,國泰-新莊,2024-05-24,8886
3455,由田,48,24,24,國泰-新莊,2024-05-24,8886
8093,保銳,25,2,23,國泰-新莊,2024-05-24,8886
2354,鴻準,66,44,22,國泰-新莊,2024-05-24,8886
2371,大同,50,29,21,國泰-新莊,2024-05-24,8886
6770,力積電,33,12,21,國泰-新莊,2024-05-24,8886
2527,宏璟,21,0,21,國泰-新莊,2024-05-24,8886
3059,華晶科,31,10,21,國泰-新莊,2024-05-24,8886
00642U,期元大S＆P石油,20,0,20,國泰-新莊,2024-05-24,8886
3576,聯合再生,19,0,19,國泰-新莊,2024-05-24,8886
2606,裕民,20,1,19,國泰-新莊,2024-05-24,8886
2609,陽明,41,23,18,國泰-新莊,2024-05-24,8886
2887,台新金,20,2,18,國泰-新莊,2024-05-24,8886
5880,合庫金,19,1,18,國泰-新莊,2024-05-24,8886
1460,宏遠,296,0,296,國泰-新莊,2024-05-27,8886
5512,力麒,294,0,294,國泰-新莊,2024-05-27,8886
00946,群益科技高息成長,269,72,197,國泰-新莊,2024-05-27,8886
00915,凱基優選高股息30,183,2,181,國泰-新莊,2024-05-27,8886
00933B,國泰10Y+金融債,198,22,176,國泰-新莊,2024-05-27,8886
2353,宏��,387,213,174,國泰-新莊,2024-05-27,8886
00712,復華富時不動產,173,1,172,國泰-新莊,2024-05-27,8886
00751B,元大AAA至A公司債,109,1,108,國泰-新莊,2024-05-27,8886
6285,啟��,108,2,106,國泰-新莊,2024-05-27,8886
3047,訊舟,325,237,88,國泰-新莊,2024-05-27,8886
2913,農林,81,0,81,國泰-新莊,2024-05-27,8886
2883,凱基金,105,26,79,國泰-新莊,2024-05-27,8886
2363,矽統,476,404,72,國泰-新莊,2024-05-27,8886
2609,陽明,116,56,60,國泰-新莊,2024-05-27,8886
00752,中信中國50,52,0,52,國泰-新莊,2024-05-27,8886
00909,國泰數位支付服務,41,0,41,國泰-新莊,2024-05-27,8886
2352,佳世達,59,21,38,國泰-新莊,2024-05-27,8886
6290,良維,34,0,34,國泰-新莊,2024-05-27,8886
00679B,元大美債20年,44,11,33,國泰-新莊,2024-05-27,8886
3312,弘憶股,69,36,33,國泰-新莊,2024-05-27,8886
3234,光環,39,8,31,國泰-新莊,2024-05-27,8886
2610,華航,74,44,30,國泰-新莊,2024-05-27,8886
6213,聯茂,41,11,30,國泰-新莊,2024-05-27,8886
00918,大華優利高填息30,45,16,29,國泰-新莊,2024-05-27,8886
2464,盟立,128,100,28,國泰-新莊,2024-05-27,8886
2489,瑞軒,219,191,28,國泰-新莊,2024-05-27,8886
3202,樺晟,38,11,27,國泰-新莊,2024-05-27,8886
3033,威健,42,15,27,國泰-新莊,2024-05-27,8886
2603,長榮,160,134,26,國泰-新莊,2024-05-27,8886
00632R,元大台灣50反1,207,183,24,國泰-新莊,2024-05-27,8886
3673,TPK-KY,24,0,24,國泰-新莊,2024-05-27,8886
2312,金寶,24,0,24,國泰-新莊,2024-05-27,8886
6117,迎廣,76,52,24,國泰-新莊,2024-05-27,8886
2344,華邦電,28,5,23,國泰-新莊,2024-05-27,8886
00662,富邦NASDAQ,27,4,23,國泰-新莊,2024-05-27,8886
00937B,群益ESG投等債20,180,157,23,國泰-新莊,2024-05-27,8886
1815,富喬,126,104,22,國泰-新莊,2024-05-27,8886
6209,今國光,37,15,22,國泰-新莊,2024-05-27,8886
2007,燁興,26,4,22,國泰-新莊,2024-05-27,8886
1513,中興電,40,18,22,國泰-新莊,2024-05-27,8886
3545,敦泰,23,3,20,國泰-新莊,2024-05-27,8886
6191,精成科,19,0,19,國泰-新莊,2024-05-27,8886
6526,達發,18,0,18,國泰-新莊,2024-05-27,8886
5522,遠雄,20,2,18,國泰-新莊,2024-05-27,8886
3060,銘異,21,3,18,國泰-新莊,2024-05-27,8886
2392,正崴,137,119,18,國泰-新莊,2024-05-27,8886
2887,台新金,43,26,17,國泰-新莊,2024-05-27,8886
3466,德晉,27,10,17,國泰-新莊,2024-05-27,8886
2351,順德,17,0,17,國泰-新莊,2024-05-27,8886
2867,三商壽,28,12,16,國泰-新莊,2024-05-27,8886
5512,力麒,323,23,300,國泰-新莊,2024-05-28,8886
00937B,群益ESG投等債20,304,18,286,國泰-新莊,2024-05-28,8886
2354,鴻準,610,449,161,國泰-新莊,2024-05-28,8886
00933B,國泰10Y+金融債,157,17,140,國泰-新莊,2024-05-28,8886
00679B,元大美債20年,127,1,126,國泰-新莊,2024-05-28,8886
00650L,復華香港正2,115,0,115,國泰-新莊,2024-05-28,8886
3231,緯創,286,171,115,國泰-新莊,2024-05-28,8886
00632R,元大台灣50反1,113,9,104,國泰-新莊,2024-05-28,8886
00753L,中信中國50正2,101,2,99,國泰-新莊,2024-05-28,8886
00712,復華富時不動產,102,16,86,國泰-新莊,2024-05-28,8886
2891,中信金,90,6,84,國泰-新莊,2024-05-28,8886
1460,宏遠,82,1,81,國泰-新莊,2024-05-28,8886
6188,廣明,165,94,71,國泰-新莊,2024-05-28,8886
6125,廣運,187,121,66,國泰-新莊,2024-05-28,8886
00946,群益科技高息成長,53,0,53,國泰-新莊,2024-05-28,8886
2609,陽明,96,46,50,國泰-新莊,2024-05-28,8886
00673R,期元大S＆P原油反1,50,0,50,國泰-新莊,2024-05-28,8886
4142,國光生,50,0,50,國泰-新莊,2024-05-28,8886
2363,矽統,190,142,48,國泰-新莊,2024-05-28,8886
3306,鼎天,68,21,47,國泰-新莊,2024-05-28,8886
00665L,富邦�琤肭磪囓�2,46,1,45,國泰-新莊,2024-05-28,8886
2486,一詮,163,121,42,國泰-新莊,2024-05-28,8886
2603,長榮,108,66,42,國泰-新莊,2024-05-28,8886
3673,TPK-KY,48,6,42,國泰-新莊,2024-05-28,8886
4543,萬在,72,34,38,國泰-新莊,2024-05-28,8886
6207,雷科,116,79,37,國泰-新莊,2024-05-28,8886
00642U,期元大S＆P石油,50,14,36,國泰-新莊,2024-05-28,8886
8064,東捷,154,120,34,國泰-新莊,2024-05-28,8886
1457,宜進,34,1,33,國泰-新莊,2024-05-28,8886
8028,昇陽半導體,45,13,32,國泰-新莊,2024-05-28,8886
2511,太子,50,20,30,國泰-新莊,2024-05-28,8886
00655L,國泰中國A50正2,30,0,30,國泰-新莊,2024-05-28,8886
6285,啟��,30,0,30,國泰-新莊,2024-05-28,8886
4906,正文,46,18,28,國泰-新莊,2024-05-28,8886
1312,國喬,27,0,27,國泰-新莊,2024-05-28,8886
2615,萬海,37,10,27,國泰-新莊,2024-05-28,8886
8096,擎亞,55,29,26,國泰-新莊,2024-05-28,8886
9105,泰金寶-DR,42,17,25,國泰-新莊,2024-05-28,8886
3312,弘憶股,45,20,25,國泰-新莊,2024-05-28,8886
00720B,元大投資級公司債,36,11,25,國泰-新莊,2024-05-28,8886
2201,裕隆,31,7,24,國泰-新莊,2024-05-28,8886
5251,天鉞電,26,3,23,國泰-新莊,2024-05-28,8886
6288,聯嘉,22,0,22,國泰-新莊,2024-05-28,8886
00713,元大台灣高息低波,24,3,21,國泰-新莊,2024-05-28,8886
3050,鈺德,21,0,21,國泰-新莊,2024-05-28,8886
2353,宏��,206,185,21,國泰-新莊,2024-05-28,8886
2002,中鋼,22,3,19,國泰-新莊,2024-05-28,8886
3060,銘異,30,11,19,國泰-新莊,2024-05-28,8886
00633L,富邦上証正2,20,1,19,國泰-新莊,2024-05-28,8886
3035,智原,43,24,19,國泰-新莊,2024-05-28,8886
00937B,群益ESG投等債20,1143,18,1125,國泰-新莊,2024-05-29,8886
00679B,元大美債20年,273,17,256,國泰-新莊,2024-05-29,8886
00688L,國泰20年美債正2,189,0,189,國泰-新莊,2024-05-29,8886
00933B,國泰10Y+金融債,152,2,150,國泰-新莊,2024-05-29,8886
00940,元大台灣價值高息,236,90,146,國泰-新莊,2024-05-29,8886
00687B,國泰20年美債,182,45,137,國泰-新莊,2024-05-29,8886
00946,群益科技高息成長,152,18,134,國泰-新莊,2024-05-29,8886
00882,中信中國高股息,128,0,128,國泰-新莊,2024-05-29,8886
3481,群創,783,661,122,國泰-新莊,2024-05-29,8886
2409,友達,126,8,118,國泰-新莊,2024-05-29,8886
1785,光洋科,227,110,117,國泰-新莊,2024-05-29,8886
00712,復華富時不動產,108,0,108,國泰-新莊,2024-05-29,8886
2317,鴻海,142,39,103,國泰-新莊,2024-05-29,8886
2897,王道銀行,100,0,100,國泰-新莊,2024-05-29,8886
1460,宏遠,94,0,94,國泰-新莊,2024-05-29,8886
2610,華航,170,77,93,國泰-新莊,2024-05-29,8886
2489,瑞軒,512,422,90,國泰-新莊,2024-05-29,8886
00680L,元大美債20正2,81,0,81,國泰-新莊,2024-05-29,8886
2515,中工,121,41,80,國泰-新莊,2024-05-29,8886
2401,凌陽,236,157,79,國泰-新莊,2024-05-29,8886
2328,廣宇,103,28,75,國泰-新莊,2024-05-29,8886
00751B,元大AAA至A公司債,78,11,67,國泰-新莊,2024-05-29,8886
2002,中鋼,67,4,63,國泰-新莊,2024-05-29,8886
2609,陽明,78,17,61,國泰-新莊,2024-05-29,8886
2891,中信金,106,46,60,國泰-新莊,2024-05-29,8886
00929,復華台灣科技優息,228,174,54,國泰-新莊,2024-05-29,8886
2201,裕隆,79,26,53,國泰-新莊,2024-05-29,8886
3002,歐格,53,1,52,國泰-新莊,2024-05-29,8886
00753L,中信中國50正2,72,20,52,國泰-新莊,2024-05-29,8886
2601,益航,60,9,51,國泰-新莊,2024-05-29,8886
00673R,期元大S＆P原油反1,50,0,50,國泰-新莊,2024-05-29,8886
2618,長榮航,212,164,48,國泰-新莊,2024-05-29,8886
2834,臺企銀,53,5,48,國泰-新莊,2024-05-29,8886
2353,宏��,319,272,47,國泰-新莊,2024-05-29,8886
3047,訊舟,214,167,47,國泰-新莊,2024-05-29,8886
5608,四維航,148,102,46,國泰-新莊,2024-05-29,8886
2886,兆豐金,46,1,45,國泰-新莊,2024-05-29,8886
3689,湧德,94,50,44,國泰-新莊,2024-05-29,8886
2881,富邦金,44,0,44,國泰-新莊,2024-05-29,8886
00918,大華優利高填息30,42,0,42,國泰-新莊,2024-05-29,8886
2887,台新金,45,3,42,國泰-新莊,2024-05-29,8886
6189,豐藝,81,40,41,國泰-新莊,2024-05-29,8886
2890,永豐金,40,0,40,國泰-新莊,2024-05-29,8886
00857B,永豐20年美公債,39,0,39,國泰-新莊,2024-05-29,8886
6117,迎廣,111,73,38,國泰-新莊,2024-05-29,8886
2324,仁寶,61,24,37,國泰-新莊,2024-05-29,8886
00731,復華富時高息低波,36,0,36,國泰-新莊,2024-05-29,8886
2884,玉山金,43,8,35,國泰-新莊,2024-05-29,8886
2367,燿華,61,27,34,國泰-新莊,2024-05-29,8886
3615,安可,41,7,34,國泰-新莊,2024-05-29,8886
00929,復華台灣科技優息,506,42,464,國泰-新莊,2024-05-30,8886
00712,復華富時不動產,232,1,231,國泰-新莊,2024-05-30,8886
00679B,元大美債20年,182,6,176,國泰-新莊,2024-05-30,8886
1785,光洋科,244,68,176,國泰-新莊,2024-05-30,8886
00915,凱基優選高股息30,150,1,149,國泰-新莊,2024-05-30,8886
00687B,國泰20年美債,132,1,131,國泰-新莊,2024-05-30,8886
1815,富喬,778,655,123,國泰-新莊,2024-05-30,8886
2897,王道銀行,110,1,109,國泰-新莊,2024-05-30,8886
2515,中工,142,34,108,國泰-新莊,2024-05-30,8886
00937B,群益ESG投等債20,317,210,107,國泰-新莊,2024-05-30,8886
00650L,復華香港正2,205,100,105,國泰-新莊,2024-05-30,8886
2317,鴻海,136,36,100,國泰-新莊,2024-05-30,8886
2867,三商壽,109,12,97,國泰-新莊,2024-05-30,8886
00946,群益科技高息成長,120,42,78,國泰-新莊,2024-05-30,8886
6285,啟��,75,1,74,國泰-新莊,2024-05-30,8886
2330,台積電,78,8,70,國泰-新莊,2024-05-30,8886
00882,中信中國高股息,95,27,68,國泰-新莊,2024-05-30,8886
2613,中櫃,112,45,67,國泰-新莊,2024-05-30,8886
00933B,國泰10Y+金融債,64,0,64,國泰-新莊,2024-05-30,8886
2354,鴻準,105,41,64,國泰-新莊,2024-05-30,8886
3231,緯創,83,21,62,國泰-新莊,2024-05-30,8886
00642U,期元大S＆P石油,60,0,60,國泰-新莊,2024-05-30,8886
2353,宏��,124,68,56,國泰-新莊,2024-05-30,8886
2891,中信金,105,51,54,國泰-新莊,2024-05-30,8886
2002,中鋼,53,2,51,國泰-新莊,2024-05-30,8886
6209,今國光,158,108,50,國泰-新莊,2024-05-30,8886
2834,臺企銀,48,0,48,國泰-新莊,2024-05-30,8886
6290,良維,84,37,47,國泰-新莊,2024-05-30,8886
00753L,中信中國50正2,44,0,44,國泰-新莊,2024-05-30,8886
1460,宏遠,40,0,40,國泰-新莊,2024-05-30,8886
2201,裕隆,44,6,38,國泰-新莊,2024-05-30,8886
6548,長科*,59,21,38,國泰-新莊,2024-05-30,8886
2886,兆豐金,37,0,37,國泰-新莊,2024-05-30,8886
1453,大將,41,5,36,國泰-新莊,2024-05-30,8886
00936,台新永續高息中小,35,0,35,國泰-新莊,2024-05-30,8886
2344,華邦電,44,10,34,國泰-新莊,2024-05-30,8886
00941,中信上游半導體,45,11,34,國泰-新莊,2024-05-30,8886
2887,台新金,52,21,31,國泰-新莊,2024-05-30,8886
2031,新光鋼,30,0,30,國泰-新莊,2024-05-30,8886
3002,歐格,31,1,30,國泰-新莊,2024-05-30,8886
4562,穎漢,68,40,28,國泰-新莊,2024-05-30,8886
8105,凌巨,53,26,27,國泰-新莊,2024-05-30,8886
5426,振發,35,9,26,國泰-新莊,2024-05-30,8886
00918,大華優利高填息30,26,0,26,國泰-新莊,2024-05-30,8886
6456,GIS-KY,26,0,26,國泰-新莊,2024-05-30,8886
00923,群益台ESG低碳50,28,3,25,國泰-新莊,2024-05-30,8886
4420,光明,30,6,24,國泰-新莊,2024-05-30,8886
2722,夏都,25,2,23,國泰-新莊,2024-05-30,8886
5880,合庫金,23,0,23,國泰-新莊,2024-05-30,8886
8096,擎亞,45,22,23,國泰-新莊,2024-05-30,8886
2609,陽明,725,420,305,國泰-新莊,2024-05-31,8886
6285,啟��,296,6,290,國泰-新莊,2024-05-31,8886
2515,中工,305,48,257,國泰-新莊,2024-05-31,8886
00929,復華台灣科技優息,481,282,199,國泰-新莊,2024-05-31,8886
00878,國泰永續高股息,214,23,191,國泰-新莊,2024-05-31,8886
00922,國泰台灣領袖50,174,0,174,國泰-新莊,2024-05-31,8886
00937B,群益ESG投等債20,287,122,165,國泰-新莊,2024-05-31,8886
2317,鴻海,167,42,125,國泰-新莊,2024-05-31,8886
00712,復華富時不動產,154,50,104,國泰-新莊,2024-05-31,8886
00680L,元大美債20正2,100,1,99,國泰-新莊,2024-05-31,8886
00679B,元大美債20年,126,36,90,國泰-新莊,2024-05-31,8886
00946,群益科技高息成長,87,8,79,國泰-新莊,2024-05-31,8886
3231,緯創,95,16,79,國泰-新莊,2024-05-31,8886
1536,和大,90,13,77,國泰-新莊,2024-05-31,8886
00715L,期街口布蘭特正2,72,1,71,國泰-新莊,2024-05-31,8886
00687B,國泰20年美債,78,19,59,國泰-新莊,2024-05-31,8886
2002,中鋼,63,6,57,國泰-新莊,2024-05-31,8886
3050,鈺德,56,0,56,國泰-新莊,2024-05-31,8886
00939,統一台灣高息動能,82,28,54,國泰-新莊,2024-05-31,8886
00795B,中信美國公債20年,53,0,53,國泰-新莊,2024-05-31,8886
00915,凱基優選高股息30,61,9,52,國泰-新莊,2024-05-31,8886
2345,智邦,51,1,50,國泰-新莊,2024-05-31,8886
2401,凌陽,98,51,47,國泰-新莊,2024-05-31,8886
00662,富邦NASDAQ,46,0,46,國泰-新莊,2024-05-31,8886
2889,國票金,40,0,40,國泰-新莊,2024-05-31,8886
5512,力麒,43,3,40,國泰-新莊,2024-05-31,8886
3002,歐格,39,0,39,國泰-新莊,2024-05-31,8886
3576,聯合再生,60,21,39,國泰-新莊,2024-05-31,8886
2382,廣達,61,23,38,國泰-新莊,2024-05-31,8886
2330,台積電,49,11,38,國泰-新莊,2024-05-31,8886
2344,華邦電,38,3,35,國泰-新莊,2024-05-31,8886
2324,仁寶,43,11,32,國泰-新莊,2024-05-31,8886
00688L,國泰20年美債正2,33,2,31,國泰-新莊,2024-05-31,8886
6152,百一,29,0,29,國泰-新莊,2024-05-31,8886
2615,萬海,35,8,27,國泰-新莊,2024-05-31,8886
6005,群益證,26,0,26,國泰-新莊,2024-05-31,8886
8064,東捷,67,42,25,國泰-新莊,2024-05-31,8886
5880,合庫金,30,5,25,國泰-新莊,2024-05-31,8886
2409,友達,29,6,23,國泰-新莊,2024-05-31,8886
3035,智原,31,8,23,國泰-新莊,2024-05-31,8886
0056,元大高股息,34,11,23,國泰-新莊,2024-05-31,8886
2303,聯電,60,38,22,國泰-新莊,2024-05-31,8886
3047,訊舟,156,134,22,國泰-新莊,2024-05-31,8886
00850,元大臺灣ESG永續,27,6,21,國泰-新莊,2024-05-31,8886
3033,威健,51,30,21,國泰-新莊,2024-05-31,8886
2812,台中銀,24,4,20,國泰-新莊,2024-05-31,8886
3702,大聯大,19,0,19,國泰-新莊,2024-05-31,8886
00719B,元大美債1-3,19,0,19,國泰-新莊,2024-05-31,8886
3450,聯鈞,29,11,18,國泰-新莊,2024-05-31,8886
2886,兆豐金,20,2,18,國泰-新莊,2024-05-31,8886
00632R,元大台灣50反1,909,45,864,國泰-新莊,2024-06-03,8886
00919,群益台灣精選高息,412,94,318,國泰-新莊,2024-06-03,8886
00918,大華優利高填息30,246,1,245,國泰-新莊,2024-06-03,8886
00929,復華台灣科技優息,291,98,193,國泰-新莊,2024-06-03,8886
2312,金寶,115,17,98,國泰-新莊,2024-06-03,8886
2618,長榮航,162,85,77,國泰-新莊,2024-06-03,8886
3576,聯合再生,81,5,76,國泰-新莊,2024-06-03,8886
2324,仁寶,96,22,74,國泰-新莊,2024-06-03,8886
2101,南港,114,43,71,國泰-新莊,2024-06-03,8886
4420,光明,66,0,66,國泰-新莊,2024-06-03,8886
00715L,期街口布蘭特正2,62,0,62,國泰-新莊,2024-06-03,8886
2353,宏��,119,57,62,國泰-新莊,2024-06-03,8886
2615,萬海,256,196,60,國泰-新莊,2024-06-03,8886
2317,鴻海,103,49,54,國泰-新莊,2024-06-03,8886
00687B,國泰20年美債,85,31,54,國泰-新莊,2024-06-03,8886
2354,鴻準,264,211,53,國泰-新莊,2024-06-03,8886
2356,英業達,99,50,49,國泰-新莊,2024-06-03,8886
6285,啟��,50,1,49,國泰-新莊,2024-06-03,8886
00946,群益科技高息成長,53,8,45,國泰-新莊,2024-06-03,8886
1536,和大,48,5,43,國泰-新莊,2024-06-03,8886
2601,益航,41,0,41,國泰-新莊,2024-06-03,8886
2610,華航,87,46,41,國泰-新莊,2024-06-03,8886
00664R,國泰臺灣加權反1,40,0,40,國泰-新莊,2024-06-03,8886
2002,中鋼,51,14,37,國泰-新莊,2024-06-03,8886
2367,燿華,51,16,35,國泰-新莊,2024-06-03,8886
1815,富喬,126,91,35,國泰-新莊,2024-06-03,8886
6120,達運,33,0,33,國泰-新莊,2024-06-03,8886
3002,歐格,32,0,32,國泰-新莊,2024-06-03,8886
00921,兆豐龍頭等權重,30,0,30,國泰-新莊,2024-06-03,8886
2867,三商壽,124,95,29,國泰-新莊,2024-06-03,8886
2313,華通,27,0,27,國泰-新莊,2024-06-03,8886
00752,中信中國50,40,14,26,國泰-新莊,2024-06-03,8886
8070,長華*,42,16,26,國泰-新莊,2024-06-03,8886
2438,翔耀,25,0,25,國泰-新莊,2024-06-03,8886
5230,雷笛克光學,44,19,25,國泰-新莊,2024-06-03,8886
5371,中光電,42,18,24,國泰-新莊,2024-06-03,8886
4533,協易機,266,242,24,國泰-新莊,2024-06-03,8886
00642U,期元大S＆P石油,23,0,23,國泰-新莊,2024-06-03,8886
3419,譁裕,25,2,23,國泰-新莊,2024-06-03,8886
3481,群創,81,59,22,國泰-新莊,2024-06-03,8886
3437,榮創,28,7,21,國泰-新莊,2024-06-03,8886
2303,聯電,63,43,20,國泰-新莊,2024-06-03,8886
8049,晶采,20,0,20,國泰-新莊,2024-06-03,8886
2488,漢平,20,0,20,國泰-新莊,2024-06-03,8886
6188,廣明,187,168,19,國泰-新莊,2024-06-03,8886
5531,鄉林,20,1,19,國泰-新莊,2024-06-03,8886
3535,晶彩科,21,2,19,國泰-新莊,2024-06-03,8886
00939,統一台灣高息動能,25,6,19,國泰-新莊,2024-06-03,8886
2329,華泰,27,9,18,國泰-新莊,2024-06-03,8886
1442,名軒,20,2,18,國泰-新莊,2024-06-03,8886
2888,新光金,936,160,776,國泰-新莊,2024-06-04,8886
00936,台新永續高息中小,461,50,411,國泰-新莊,2024-06-04,8886
00929,復華台灣科技優息,405,70,335,國泰-新莊,2024-06-04,8886
3481,群創,380,57,323,國泰-新莊,2024-06-04,8886
6125,廣運,437,265,172,國泰-新莊,2024-06-04,8886
00918,大華優利高填息30,153,6,147,國泰-新莊,2024-06-04,8886
00687B,國泰20年美債,188,44,144,國泰-新莊,2024-06-04,8886
00878,國泰永續高股息,156,41,115,國泰-新莊,2024-06-04,8886
00642U,期元大S＆P石油,90,0,90,國泰-新莊,2024-06-04,8886
2344,華邦電,107,23,84,國泰-新莊,2024-06-04,8886
2363,矽統,205,121,84,國泰-新莊,2024-06-04,8886
2367,燿華,210,132,78,國泰-新莊,2024-06-04,8886
00715L,期街口布蘭特正2,94,20,74,國泰-新莊,2024-06-04,8886
1815,富喬,218,145,73,國泰-新莊,2024-06-04,8886
3231,緯創,90,17,73,國泰-新莊,2024-06-04,8886
00713,元大台灣高息低波,56,2,54,國泰-新莊,2024-06-04,8886
6443,元晶,55,2,53,國泰-新莊,2024-06-04,8886
00922,國泰台灣領袖50,44,0,44,國泰-新莊,2024-06-04,8886
2354,鴻準,113,70,43,國泰-新莊,2024-06-04,8886
2317,鴻海,130,88,42,國泰-新莊,2024-06-04,8886
2331,精英,241,200,41,國泰-新莊,2024-06-04,8886
1802,台玻,115,73,42,國泰-新莊,2024-06-04,8886
2891,中信金,75,35,40,國泰-新莊,2024-06-04,8886
00919,群益台灣精選高息,246,206,40,國泰-新莊,2024-06-04,8886
5880,合庫金,40,0,40,國泰-新莊,2024-06-04,8886
6164,華興,42,4,38,國泰-新莊,2024-06-04,8886
2537,聯上發,136,99,37,國泰-新莊,2024-06-04,8886
2324,仁寶,64,27,37,國泰-新莊,2024-06-04,8886
006208,富邦台50,39,2,37,國泰-新莊,2024-06-04,8886
8085,福華,40,5,35,國泰-新莊,2024-06-04,8886
2330,台積電,41,7,34,國泰-新莊,2024-06-04,8886
8096,擎亞,59,25,34,國泰-新莊,2024-06-04,8886
2382,廣達,49,15,34,國泰-新莊,2024-06-04,8886
2515,中工,87,53,34,國泰-新莊,2024-06-04,8886
2486,一詮,142,110,32,國泰-新莊,2024-06-04,8886
2465,麗臺,82,51,31,國泰-新莊,2024-06-04,8886
2228,劍麟,32,1,31,國泰-新莊,2024-06-04,8886
8936,國統,47,17,30,國泰-新莊,2024-06-04,8886
2641,正德,58,28,30,國泰-新莊,2024-06-04,8886
8070,長華*,34,4,30,國泰-新莊,2024-06-04,8886
2603,長榮,45,16,29,國泰-新莊,2024-06-04,8886
2425,承啟,36,7,29,國泰-新莊,2024-06-04,8886
3376,新日興,98,70,28,國泰-新莊,2024-06-04,8886
3013,晟銘電,102,74,28,國泰-新莊,2024-06-04,8886
3047,訊舟,75,48,27,國泰-新莊,2024-06-04,8886
2427,三商電,28,2,26,國泰-新莊,2024-06-04,8886
00944,野村趨勢動能高息,31,6,25,國泰-新莊,2024-06-04,8886
1445,大宇,25,0,25,國泰-新莊,2024-06-04,8886
1402,遠東新,24,0,24,國泰-新莊,2024-06-04,8886
6005,群益證,26,3,23,國泰-新莊,2024-06-04,8886
00937B,群益ESG投等債20,868,257,611,國泰-新莊,2024-06-05,8886
00929,復華台灣科技優息,553,112,441,國泰-新莊,2024-06-05,8886
00878,國泰永續高股息,359,73,286,國泰-新莊,2024-06-05,8886
00936,台新永續高息中小,207,39,168,國泰-新莊,2024-06-05,8886
00918,大華優利高填息30,170,10,160,國泰-新莊,2024-06-05,8886
6005,群益證,123,14,109,國泰-新莊,2024-06-05,8886
00915,凱基優選高股息30,109,2,107,國泰-新莊,2024-06-05,8886
3706,神達,128,24,104,國泰-新莊,2024-06-05,8886
6285,啟��,92,2,90,國泰-新莊,2024-06-05,8886
00712,復華富時不動產,87,2,85,國泰-新莊,2024-06-05,8886
1305,華夏,80,0,80,國泰-新莊,2024-06-05,8886
00919,群益台灣精選高息,88,27,61,國泰-新莊,2024-06-05,8886
2515,中工,77,19,58,國泰-新莊,2024-06-05,8886
00688L,國泰20年美債正2,63,6,57,國泰-新莊,2024-06-05,8886
2331,精英,103,50,53,國泰-新莊,2024-06-05,8886
3048,益登,86,32,54,國泰-新莊,2024-06-05,8886
00715L,期街口布蘭特正2,53,0,53,國泰-新莊,2024-06-05,8886
0056,元大高股息,73,22,51,國泰-新莊,2024-06-05,8886
3231,緯創,68,19,49,國泰-新莊,2024-06-05,8886
6125,廣運,172,125,47,國泰-新莊,2024-06-05,8886
2867,三商壽,71,25,46,國泰-新莊,2024-06-05,8886
1316,上曜,42,1,41,國泰-新莊,2024-06-05,8886
6133,金橋,40,0,40,國泰-新莊,2024-06-05,8886
3481,群創,94,56,38,國泰-新莊,2024-06-05,8886
00632R,元大台灣50反1,57,20,37,國泰-新莊,2024-06-05,8886
2888,新光金,65,29,36,國泰-新莊,2024-06-05,8886
4303,信立,42,6,36,國泰-新莊,2024-06-05,8886
2891,中信金,89,54,35,國泰-新莊,2024-06-05,8886
2495,普安,61,26,35,國泰-新莊,2024-06-05,8886
8093,保銳,35,2,33,國泰-新莊,2024-06-05,8886
2303,聯電,76,44,32,國泰-新莊,2024-06-05,8886
2344,華邦電,35,4,31,國泰-新莊,2024-06-05,8886
2002,中鋼,31,0,31,國泰-新莊,2024-06-05,8886
3564,其陽,76,46,30,國泰-新莊,2024-06-05,8886
2324,仁寶,49,18,31,國泰-新莊,2024-06-05,8886
00664R,國泰臺灣加權反1,30,0,30,國泰-新莊,2024-06-05,8886
1442,名軒,31,1,30,國泰-新莊,2024-06-05,8886
00662,富邦NASDAQ,30,0,30,國泰-新莊,2024-06-05,8886
2317,鴻海,111,81,30,國泰-新莊,2024-06-05,8886
6112,邁達特,32,2,30,國泰-新莊,2024-06-05,8886
1785,光洋科,32,3,29,國泰-新莊,2024-06-05,8886
6166,凌華,34,6,28,國泰-新莊,2024-06-05,8886
4726,永昕,44,17,27,國泰-新莊,2024-06-05,8886
2506,太設,26,1,25,國泰-新莊,2024-06-05,8886
2605,新興,63,38,25,國泰-新莊,2024-06-05,8886
00946,群益科技高息成長,36,12,24,國泰-新莊,2024-06-05,8886
5522,遠雄,24,1,23,國泰-新莊,2024-06-05,8886
00650L,復華香港正2,33,11,22,國泰-新莊,2024-06-05,8886
1616,億泰,20,0,20,國泰-新莊,2024-06-05,8886
1597,直得,20,1,19,國泰-新莊,2024-06-05,8886
00937B,群益ESG投等債20,720,130,590,國泰-新莊,2024-06-06,8886
00632R,元大台灣50反1,399,19,380,國泰-新莊,2024-06-06,8886
00929,復華台灣科技優息,269,105,164,國泰-新莊,2024-06-06,8886
2367,燿華,350,212,138,國泰-新莊,2024-06-06,8886
00931B,統一美債20年,161,29,132,國泰-新莊,2024-06-06,8886
3706,神達,119,14,105,國泰-新莊,2024-06-06,8886
6005,群益證,135,30,105,國泰-新莊,2024-06-06,8886
00918,大華優利高填息30,99,9,90,國泰-新莊,2024-06-06,8886
1815,富喬,223,150,73,國泰-新莊,2024-06-06,8886
00882,中信中國高股息,81,10,71,國泰-新莊,2024-06-06,8886
6285,啟��,72,1,71,國泰-新莊,2024-06-06,8886
2312,金寶,211,144,67,國泰-新莊,2024-06-06,8886
4906,正文,58,3,55,國泰-新莊,2024-06-06,8886
00878,國泰永續高股息,162,110,52,國泰-新莊,2024-06-06,8886
6125,廣運,198,148,50,國泰-新莊,2024-06-06,8886
00680L,元大美債20正2,54,5,49,國泰-新莊,2024-06-06,8886
2354,鴻準,97,48,49,國泰-新莊,2024-06-06,8886
1304,台聚,46,2,44,國泰-新莊,2024-06-06,8886
3481,群創,101,64,37,國泰-新莊,2024-06-06,8886
1905,華紙,36,0,36,國泰-新莊,2024-06-06,8886
00946,群益科技高息成長,61,25,36,國泰-新莊,2024-06-06,8886
8096,擎亞,75,43,32,國泰-新莊,2024-06-06,8886
2641,正德,56,26,30,國泰-新莊,2024-06-06,8886
2323,中環,40,12,28,國泰-新莊,2024-06-06,8886
00936,台新永續高息中小,230,202,28,國泰-新莊,2024-06-06,8886
2002,中鋼,40,13,27,國泰-新莊,2024-06-06,8886
2344,華邦電,27,1,26,國泰-新莊,2024-06-06,8886
2903,遠百,26,1,25,國泰-新莊,2024-06-06,8886
1326,台化,25,1,24,國泰-新莊,2024-06-06,8886
6166,凌華,27,3,24,國泰-新莊,2024-06-06,8886
00650L,復華香港正2,22,0,22,國泰-新莊,2024-06-06,8886
2845,遠東銀,24,2,22,國泰-新莊,2024-06-06,8886
6770,力積電,23,2,21,國泰-新莊,2024-06-06,8886
1305,華夏,21,0,21,國泰-新莊,2024-06-06,8886
00881,國泰台灣5G+,75,54,21,國泰-新莊,2024-06-06,8886
00640L,富邦日本正2,21,1,20,國泰-新莊,2024-06-06,8886
2331,精英,76,56,20,國泰-新莊,2024-06-06,8886
2101,南港,101,81,20,國泰-新莊,2024-06-06,8886
3492,長盛,20,0,20,國泰-新莊,2024-06-06,8886
00664R,國泰臺灣加權反1,20,0,20,國泰-新莊,2024-06-06,8886
1303,南亞,18,1,17,國泰-新莊,2024-06-06,8886
3455,由田,17,0,17,國泰-新莊,2024-06-06,8886
8349,�矬�,17,0,17,國泰-新莊,2024-06-06,8886
3489,森寶,17,1,16,國泰-新莊,2024-06-06,8886
3048,益登,43,28,15,國泰-新莊,2024-06-06,8886
2615,萬海,372,357,15,國泰-新莊,2024-06-06,8886
00693U,期街口S＆P黃豆,15,0,15,國泰-新莊,2024-06-06,8886
2302,麗正,15,0,15,國泰-新莊,2024-06-06,8886
4967,十銓,67,52,15,國泰-新莊,2024-06-06,8886
2883B,凱基金乙特,15,0,15,國泰-新莊,2024-06-06,8886
00929,復華台灣科技優息,1029,18,1011,國泰-新莊,2024-06-07,8886
00637L,元大滬深300正2,258,5,253,國泰-新莊,2024-06-07,8886
00688L,國泰20年美債正2,218,2,216,國泰-新莊,2024-06-07,8886
00936,台新永續高息中小,198,12,186,國泰-新莊,2024-06-07,8886
2312,金寶,256,115,141,國泰-新莊,2024-06-07,8886
00878,國泰永續高股息,137,18,119,國泰-新莊,2024-06-07,8886
6285,啟��,118,2,116,國泰-新莊,2024-06-07,8886
00946,群益科技高息成長,111,0,111,國泰-新莊,2024-06-07,8886
3231,緯創,101,14,87,國泰-新莊,2024-06-07,8886
00655L,國泰中國A50正2,80,0,80,國泰-新莊,2024-06-07,8886
00918,大華優利高填息30,79,11,68,國泰-新莊,2024-06-07,8886
00753L,中信中國50正2,67,0,67,國泰-新莊,2024-06-07,8886
3048,益登,95,30,65,國泰-新莊,2024-06-07,8886
020020,元大台股領航N,65,0,65,國泰-新莊,2024-06-07,8886
3706,神達,61,6,55,國泰-新莊,2024-06-07,8886
00665L,富邦�琤肭磪囓�2,105,50,55,國泰-新莊,2024-06-07,8886
6143,振曜,53,3,50,國泰-新莊,2024-06-07,8886
2609,陽明,737,692,45,國泰-新莊,2024-06-07,8886
2330,台積電,48,4,44,國泰-新莊,2024-06-07,8886
2886,兆豐金,41,1,40,國泰-新莊,2024-06-07,8886
00937B,群益ESG投等債20,107,67,40,國泰-新莊,2024-06-07,8886
2489,瑞軒,77,38,39,國泰-新莊,2024-06-07,8886
1303,南亞,39,2,37,國泰-新莊,2024-06-07,8886
2603,長榮,46,9,37,國泰-新莊,2024-06-07,8886
2867,三商壽,46,10,36,國泰-新莊,2024-06-07,8886
00632R,元大台灣50反1,63,29,34,國泰-新莊,2024-06-07,8886
00857B,永豐20年美公債,50,16,34,國泰-新莊,2024-06-07,8886
1603,華電,48,14,34,國泰-新莊,2024-06-07,8886
00650L,復華香港正2,33,0,33,國泰-新莊,2024-06-07,8886
2371,大同,44,12,32,國泰-新莊,2024-06-07,8886
2356,英業達,50,18,32,國泰-新莊,2024-06-07,8886
0056,元大高股息,49,18,31,國泰-新莊,2024-06-07,8886
2613,中櫃,212,183,29,國泰-新莊,2024-06-07,8886
2615,萬海,301,273,28,國泰-新莊,2024-06-07,8886
4533,協易機,42,15,27,國泰-新莊,2024-06-07,8886
8033,雷虎,26,0,26,國泰-新莊,2024-06-07,8886
4114,健喬,31,6,25,國泰-新莊,2024-06-07,8886
00919,群益台灣精選高息,142,116,26,國泰-新莊,2024-06-07,8886
8011,台通,25,0,25,國泰-新莊,2024-06-07,8886
8291,尚茂,25,0,25,國泰-新莊,2024-06-07,8886
1532,勤美,25,1,24,國泰-新莊,2024-06-07,8886
1612,宏泰,47,23,24,國泰-新莊,2024-06-07,8886
00942B,台新美A公司債20+,21,0,21,國泰-新莊,2024-06-07,8886
2401,凌陽,32,11,21,國泰-新莊,2024-06-07,8886
2324,仁寶,24,4,20,國泰-新莊,2024-06-07,8886
00633L,富邦上証正2,20,0,20,國泰-新莊,2024-06-07,8886
2382,廣達,32,12,20,國泰-新莊,2024-06-07,8886
2353,宏��,34,14,20,國泰-新莊,2024-06-07,8886
3029,零壹,23,4,19,國泰-新莊,2024-06-07,8886
1582,信錦,22,3,19,國泰-新莊,2024-06-07,8886
00929,復華台灣科技優息,967,57,910,國泰-新莊,2024-06-11,8886
00918,大華優利高填息30,660,14,646,國泰-新莊,2024-06-11,8886
00937B,群益ESG投等債20,743,164,579,國泰-新莊,2024-06-11,8886
00919,群益台灣精選高息,389,35,354,國泰-新莊,2024-06-11,8886
00687B,國泰20年美債,357,5,352,國泰-新莊,2024-06-11,8886
00936,台新永續高息中小,275,15,260,國泰-新莊,2024-06-11,8886
2609,陽明,899,659,240,國泰-新莊,2024-06-11,8886
00878,國泰永續高股息,267,75,192,國泰-新莊,2024-06-11,8886
00712,復華富時不動產,284,103,181,國泰-新莊,2024-06-11,8886
3706,神達,210,50,160,國泰-新莊,2024-06-11,8886
00882,中信中國高股息,254,107,147,國泰-新莊,2024-06-11,8886
2615,萬海,244,132,112,國泰-新莊,2024-06-11,8886
3481,群創,155,44,111,國泰-新莊,2024-06-11,8886
2515,中工,152,44,108,國泰-新莊,2024-06-11,8886
1815,富喬,127,38,89,國泰-新莊,2024-06-11,8886
2636,台驊控股,92,3,89,國泰-新莊,2024-06-11,8886
00665L,富邦�琤肭磪囓�2,95,14,81,國泰-新莊,2024-06-11,8886
00941,中信上游半導體,95,20,75,國泰-新莊,2024-06-11,8886
00637L,元大滬深300正2,82,9,73,國泰-新莊,2024-06-11,8886
2002,中鋼,82,9,73,國泰-新莊,2024-06-11,8886
2324,仁寶,78,9,69,國泰-新莊,2024-06-11,8886
1316,上曜,195,130,65,國泰-新莊,2024-06-11,8886
9945,潤泰新,126,72,54,國泰-新莊,2024-06-11,8886
3321,同泰,56,3,53,國泰-新莊,2024-06-11,8886
00673R,期元大S＆P原油反1,51,0,51,國泰-新莊,2024-06-11,8886
4142,國光生,50,0,50,國泰-新莊,2024-06-11,8886
00933B,國泰10Y+金融債,53,5,48,國泰-新莊,2024-06-11,8886
8033,雷虎,48,1,47,國泰-新莊,2024-06-11,8886
2603,長榮,148,103,45,國泰-新莊,2024-06-11,8886
1514,亞力,155,110,45,國泰-新莊,2024-06-11,8886
9940,信義,45,0,45,國泰-新莊,2024-06-11,8886
1603,華電,75,30,45,國泰-新莊,2024-06-11,8886
3231,緯創,75,30,45,國泰-新莊,2024-06-11,8886
1609,大亞,113,69,44,國泰-新莊,2024-06-11,8886
00722B,群益投資級電信債,50,6,44,國泰-新莊,2024-06-11,8886
1608,華榮,104,62,42,國泰-新莊,2024-06-11,8886
3047,訊舟,308,271,37,國泰-新莊,2024-06-11,8886
00923,群益台ESG低碳50,38,3,35,國泰-新莊,2024-06-11,8886
4967,十銓,123,90,33,國泰-新莊,2024-06-11,8886
6005,群益證,36,4,32,國泰-新莊,2024-06-11,8886
00650L,復華香港正2,30,0,30,國泰-新莊,2024-06-11,8886
2905,三商,28,0,28,國泰-新莊,2024-06-11,8886
6125,廣運,69,41,28,國泰-新莊,2024-06-11,8886
00679B,元大美債20年,153,125,28,國泰-新莊,2024-06-11,8886
3059,華晶科,27,1,26,國泰-新莊,2024-06-11,8886
0056,元大高股息,44,18,26,國泰-新莊,2024-06-11,8886
00795B,中信美國公債20年,32,6,26,國泰-新莊,2024-06-11,8886
2302,麗正,26,0,26,國泰-新莊,2024-06-11,8886
00939,統一台灣高息動能,65,40,25,國泰-新莊,2024-06-11,8886
3048,益登,44,20,24,國泰-新莊,2024-06-11,8886
00712,復華富時不動產,350,0,350,國泰-新莊,2024-06-12,8886
00948B,中信優息投資級債,335,119,216,國泰-新莊,2024-06-12,8886
00680L,元大美債20正2,217,2,215,國泰-新莊,2024-06-12,8886
00632R,元大台灣50反1,209,11,198,國泰-新莊,2024-06-12,8886
2883,凱基金,252,66,186,國泰-新莊,2024-06-12,8886
3481,群創,222,55,167,國泰-新莊,2024-06-12,8886
00937B,群益ESG投等債20,188,26,162,國泰-新莊,2024-06-12,8886
00687B,國泰20年美債,136,6,130,國泰-新莊,2024-06-12,8886
00942B,台新美A公司債20+,122,0,122,國泰-新莊,2024-06-12,8886
3047,訊舟,186,77,109,國泰-新莊,2024-06-12,8886
00673R,期元大S＆P原油反1,100,0,100,國泰-新莊,2024-06-12,8886
2867,三商壽,198,104,94,國泰-新莊,2024-06-12,8886
00637L,元大滬深300正2,200,108,92,國泰-新莊,2024-06-12,8886
6108,競國,90,0,90,國泰-新莊,2024-06-12,8886
00922,國泰台灣領袖50,111,32,79,國泰-新莊,2024-06-12,8886
00878,國泰永續高股息,105,39,66,國泰-新莊,2024-06-12,8886
00919,群益台灣精選高息,136,74,62,國泰-新莊,2024-06-12,8886
2303,聯電,74,15,59,國泰-新莊,2024-06-12,8886
2897,王道銀行,56,0,56,國泰-新莊,2024-06-12,8886
00918,大華優利高填息30,178,124,54,國泰-新莊,2024-06-12,8886
00947,台新臺灣IC設計,58,10,48,國泰-新莊,2024-06-12,8886
3706,神達,53,7,46,國泰-新莊,2024-06-12,8886
6207,雷科,74,31,43,國泰-新莊,2024-06-12,8886
2881,富邦金,41,0,41,國泰-新莊,2024-06-12,8886
00936,台新永續高息中小,60,21,39,國泰-新莊,2024-06-12,8886
00882,中信中國高股息,121,82,39,國泰-新莊,2024-06-12,8886
2486,一詮,162,123,39,國泰-新莊,2024-06-12,8886
2887,台新金,49,12,37,國泰-新莊,2024-06-12,8886
2356,英業達,65,30,35,國泰-新莊,2024-06-12,8886
00933B,國泰10Y+金融債,44,10,34,國泰-新莊,2024-06-12,8886
00946,群益科技高息成長,117,85,32,國泰-新莊,2024-06-12,8886
1809,中釉,32,0,32,國泰-新莊,2024-06-12,8886
00753L,中信中國50正2,32,0,32,國泰-新莊,2024-06-12,8886
2402,毅嘉,30,0,30,國泰-新莊,2024-06-12,8886
2258,鴻華先進-創,30,0,30,國泰-新莊,2024-06-12,8886
6890,來億-KY,33,4,29,國泰-新莊,2024-06-12,8886
9945,潤泰新,136,107,29,國泰-新莊,2024-06-12,8886
1609,大亞,49,21,28,國泰-新莊,2024-06-12,8886
3013,晟銘電,56,30,26,國泰-新莊,2024-06-12,8886
2606,裕民,27,2,25,國泰-新莊,2024-06-12,8886
3010,華立,31,7,24,國泰-新莊,2024-06-12,8886
6166,凌華,23,0,23,國泰-新莊,2024-06-12,8886
2002,中鋼,34,11,23,國泰-新莊,2024-06-12,8886
00927,群益半導體收益,31,8,23,國泰-新莊,2024-06-12,8886
2845,遠東銀,31,10,21,國泰-新莊,2024-06-12,8886
2201,裕隆,36,16,20,國泰-新莊,2024-06-12,8886
1457,宜進,20,0,20,國泰-新莊,2024-06-12,8886
00655L,國泰中國A50正2,20,0,20,國泰-新莊,2024-06-12,8886
3321,同泰,21,1,20,國泰-新莊,2024-06-12,8886
00633L,富邦上証正2,20,1,19,國泰-新莊,2024-06-12,8886
2888,新光金,863,65,798,國泰-新莊,2024-06-13,8886
00937B,群益ESG投等債20,470,58,412,國泰-新莊,2024-06-13,8886
00942B,台新美A公司債20+,289,0,289,國泰-新莊,2024-06-13,8886
00948B,中信優息投資級債,310,50,260,國泰-新莊,2024-06-13,8886
00679B,元大美債20年,186,28,158,國泰-新莊,2024-06-13,8886
2618,長榮航,287,136,151,國泰-新莊,2024-06-13,8886
2867,三商壽,148,6,142,國泰-新莊,2024-06-13,8886
8096,擎亞,129,17,112,國泰-新莊,2024-06-13,8886
8086,宏捷科,108,3,105,國泰-新莊,2024-06-13,8886
2882,國泰金,103,6,97,國泰-新莊,2024-06-13,8886
00946,群益科技高息成長,125,36,89,國泰-新莊,2024-06-13,8886
00713,元大台灣高息低波,94,10,84,國泰-新莊,2024-06-13,8886
2211,長榮鋼,79,0,79,國泰-新莊,2024-06-13,8886
8110,華東,101,22,79,國泰-新莊,2024-06-13,8886
00947,台新臺灣IC設計,74,5,69,國泰-新莊,2024-06-13,8886
00918,大華優利高填息30,88,20,68,國泰-新莊,2024-06-13,8886
2317,鴻海,191,127,64,國泰-新莊,2024-06-13,8886
2609,陽明,360,298,62,國泰-新莊,2024-06-13,8886
00680L,元大美債20正2,71,12,59,國泰-新莊,2024-06-13,8886
6202,盛群,56,0,56,國泰-新莊,2024-06-13,8886
3231,緯創,86,35,51,國泰-新莊,2024-06-13,8886
00676R,富邦臺灣加權反1,50,0,50,國泰-新莊,2024-06-13,8886
00687B,國泰20年美債,69,20,49,國泰-新莊,2024-06-13,8886
00753L,中信中國50正2,47,0,47,國泰-新莊,2024-06-13,8886
2365,昆盈,163,118,45,國泰-新莊,2024-06-13,8886
2359,所羅門,203,162,41,國泰-新莊,2024-06-13,8886
2801,彰銀,40,2,38,國泰-新莊,2024-06-13,8886
2897A,王道銀甲特,38,0,38,國泰-新莊,2024-06-13,8886
00712,復華富時不動產,67,29,38,國泰-新莊,2024-06-13,8886
6147,頎邦,29,0,29,國泰-新莊,2024-06-13,8886
6190,萬泰科,29,0,29,國泰-新莊,2024-06-13,8886
2476,鉅祥,56,27,29,國泰-新莊,2024-06-13,8886
2891,中信金,37,9,28,國泰-新莊,2024-06-13,8886
2615,萬海,108,81,27,國泰-新莊,2024-06-13,8886
1617,榮星,79,52,27,國泰-新莊,2024-06-13,8886
1303,南亞,27,1,26,國泰-新莊,2024-06-13,8886
1618,合機,47,21,26,國泰-新莊,2024-06-13,8886
6116,彩晶,30,5,25,國泰-新莊,2024-06-13,8886
6689,伊雲谷,66,41,25,國泰-新莊,2024-06-13,8886
6164,華興,25,2,23,國泰-新莊,2024-06-13,8886
2883,凱基金,46,23,23,國泰-新莊,2024-06-13,8886
6207,雷科,44,22,22,國泰-新莊,2024-06-13,8886
2903,遠百,22,0,22,國泰-新莊,2024-06-13,8886
6143,振曜,27,6,21,國泰-新莊,2024-06-13,8886
2258,鴻華先進-創,21,0,21,國泰-新莊,2024-06-13,8886
5531,鄉林,21,1,20,國泰-新莊,2024-06-13,8886
00665L,富邦�琤肭磪囓�2,20,0,20,國泰-新莊,2024-06-13,8886
2002,中鋼,48,28,20,國泰-新莊,2024-06-13,8886
6443,元晶,20,1,19,國泰-新莊,2024-06-13,8886
2330,台積電,43,25,18,國泰-新莊,2024-06-13,8886
00945B,凱基美國非投等債,350,0,350,國泰-新莊,2024-06-14,8886
2897A,王道銀甲特,140,0,140,國泰-新莊,2024-06-14,8886
00937B,群益ESG投等債20,354,245,109,國泰-新莊,2024-06-14,8886
00919,群益台灣精選高息,167,59,108,國泰-新莊,2024-06-14,8886
00948B,中信優息投資級債,127,36,91,國泰-新莊,2024-06-14,8886
00942B,台新美A公司債20+,90,1,89,國泰-新莊,2024-06-14,8886
2405,輔信,93,11,82,國泰-新莊,2024-06-14,8886
2371,大同,201,128,73,國泰-新莊,2024-06-14,8886
2915,潤泰全,71,1,70,國泰-新莊,2024-06-14,8886
2363,矽統,119,60,59,國泰-新莊,2024-06-14,8886
8085,福華,69,11,58,國泰-新莊,2024-06-14,8886
00936,台新永續高息中小,79,27,52,國泰-新莊,2024-06-14,8886
6161,捷波,66,14,52,國泰-新莊,2024-06-14,8886
00664R,國泰臺灣加權反1,50,0,50,國泰-新莊,2024-06-14,8886
3706,神達,53,3,50,國泰-新莊,2024-06-14,8886
1609,大亞,189,140,49,國泰-新莊,2024-06-14,8886
00918,大華優利高填息30,104,56,48,國泰-新莊,2024-06-14,8886
2890,永豐金,52,8,44,國泰-新莊,2024-06-14,8886
3376,新日興,74,34,40,國泰-新莊,2024-06-14,8886
3048,益登,275,240,35,國泰-新莊,2024-06-14,8886
2392,正崴,152,117,35,國泰-新莊,2024-06-14,8886
3466,德晉,92,62,30,國泰-新莊,2024-06-14,8886
2610,華航,40,12,28,國泰-新莊,2024-06-14,8886
2303,聯電,72,45,27,國泰-新莊,2024-06-14,8886
6116,彩晶,26,0,26,國泰-新莊,2024-06-14,8886
2486,一詮,103,79,24,國泰-新莊,2024-06-14,8886
1314,中石化,29,5,24,國泰-新莊,2024-06-14,8886
00895,富邦未來車,23,0,23,國泰-新莊,2024-06-14,8886
2356,英業達,39,17,22,國泰-新莊,2024-06-14,8886
9103,美德醫療-DR,22,0,22,國泰-新莊,2024-06-14,8886
3374,精材,82,60,22,國泰-新莊,2024-06-14,8886
2882,國泰金,26,5,21,國泰-新莊,2024-06-14,8886
1815,富喬,46,26,20,國泰-新莊,2024-06-14,8886
4420,光明,20,0,20,國泰-新莊,2024-06-14,8886
00713,元大台灣高息低波,23,4,19,國泰-新莊,2024-06-14,8886
3037,欣興,29,10,19,國泰-新莊,2024-06-14,8886
2537,聯上發,50,31,19,國泰-新莊,2024-06-14,8886
1316,上曜,20,2,18,國泰-新莊,2024-06-14,8886
2330,台積電,35,17,18,國泰-新莊,2024-06-14,8886
3006,晶豪科,25,8,17,國泰-新莊,2024-06-14,8886
00947,台新臺灣IC設計,20,3,17,國泰-新莊,2024-06-14,8886
00917,中信特選金融,18,2,16,國泰-新莊,2024-06-14,8886
2027,大成鋼,16,1,15,國泰-新莊,2024-06-14,8886
2605,新興,28,12,16,國泰-新莊,2024-06-14,8886
3055,蔚華科,31,16,15,國泰-新莊,2024-06-14,8886
6191,精成科,16,1,15,國泰-新莊,2024-06-14,8886
2636,台驊控股,17,2,15,國泰-新莊,2024-06-14,8886
00923,群益台ESG低碳50,35,20,15,國泰-新莊,2024-06-14,8886
2344,華邦電,15,1,14,國泰-新莊,2024-06-14,8886
00688L,國泰20年美債正2,14,0,14,國泰-新莊,2024-06-14,8886
00929,復華台灣科技優息,682,216,466,國泰-新莊,2024-06-17,8886
00882,中信中國高股息,219,8,211,國泰-新莊,2024-06-17,8886
2897A,王道銀甲特,196,0,196,國泰-新莊,2024-06-17,8886
9105,泰金寶-DR,163,8,155,國泰-新莊,2024-06-17,8886
00942B,台新美A公司債20+,142,5,137,國泰-新莊,2024-06-17,8886
00680L,元大美債20正2,122,7,115,國泰-新莊,2024-06-17,8886
2897,王道銀行,110,0,110,國泰-新莊,2024-06-17,8886
2615,萬海,368,261,107,國泰-新莊,2024-06-17,8886
00919,群益台灣精選高息,190,90,100,國泰-新莊,2024-06-17,8886
911868,同方友友-DR,88,0,88,國泰-新莊,2024-06-17,8886
2405,輔信,81,7,74,國泰-新莊,2024-06-17,8886
00933B,國泰10Y+金融債,88,15,73,國泰-新莊,2024-06-17,8886
2017,官田鋼,71,12,59,國泰-新莊,2024-06-17,8886
00945B,凱基美國非投等債,55,0,55,國泰-新莊,2024-06-17,8886
2515,中工,80,25,55,國泰-新莊,2024-06-17,8886
1514,亞力,218,164,54,國泰-新莊,2024-06-17,8886
00752,中信中國50,49,0,49,國泰-新莊,2024-06-17,8886
2371,大同,233,186,47,國泰-新莊,2024-06-17,8886
00936,台新永續高息中小,246,199,47,國泰-新莊,2024-06-17,8886
00947,台新臺灣IC設計,44,1,43,國泰-新莊,2024-06-17,8886
2867,三商壽,53,12,41,國泰-新莊,2024-06-17,8886
00948B,中信優息投資級債,76,35,41,國泰-新莊,2024-06-17,8886
00713,元大台灣高息低波,48,11,37,國泰-新莊,2024-06-17,8886
1513,中興電,113,77,36,國泰-新莊,2024-06-17,8886
2025,千興,64,28,36,國泰-新莊,2024-06-17,8886
912000,晨訊科-DR,36,0,36,國泰-新莊,2024-06-17,8886
00719B,元大美債1-3,34,0,34,國泰-新莊,2024-06-17,8886
2527,宏璟,54,21,33,國泰-新莊,2024-06-17,8886
00923,群益台ESG低碳50,30,0,30,國泰-新莊,2024-06-17,8886
9945,潤泰新,33,4,29,國泰-新莊,2024-06-17,8886
4113,聯上,30,1,29,國泰-新莊,2024-06-17,8886
1503,士電,86,57,29,國泰-新莊,2024-06-17,8886
2613,中櫃,33,7,26,國泰-新莊,2024-06-17,8886
00944,野村趨勢動能高息,25,0,25,國泰-新莊,2024-06-17,8886
2641,正德,26,1,25,國泰-新莊,2024-06-17,8886
6288,聯嘉,25,2,23,國泰-新莊,2024-06-17,8886
1609,大亞,157,134,23,國泰-新莊,2024-06-17,8886
8028,昇陽半導體,128,106,22,國泰-新莊,2024-06-17,8886
00915,凱基優選高股息30,37,16,21,國泰-新莊,2024-06-17,8886
00679B,元大美債20年,68,47,21,國泰-新莊,2024-06-17,8886
2330,台積電,26,6,20,國泰-新莊,2024-06-17,8886
1605,華新,21,1,20,國泰-新莊,2024-06-17,8886
3231,緯創,28,8,20,國泰-新莊,2024-06-17,8886
1587,吉茂,33,14,19,國泰-新莊,2024-06-17,8886
6806,森崴能源,20,2,18,國泰-新莊,2024-06-17,8886
6585,鼎基,18,0,18,國泰-新莊,2024-06-17,8886
6841,長佳智能,23,5,18,國泰-新莊,2024-06-17,8886
5484,慧友,32,14,18,國泰-新莊,2024-06-17,8886
1616,億泰,76,59,17,國泰-新莊,2024-06-17,8886
2354,鴻準,32,15,17,國泰-新莊,2024-06-17,8886
00918,大華優利高填息30,389,102,287,國泰-新莊,2024-06-18,8886
00937B,群益ESG投等債20,334,54,280,國泰-新莊,2024-06-18,8886
00942B,台新美A公司債20+,198,0,198,國泰-新莊,2024-06-18,8886
00929,復華台灣科技優息,418,252,166,國泰-新莊,2024-06-18,8886
00948B,中信優息投資級債,166,29,137,國泰-新莊,2024-06-18,8886
00882,中信中國高股息,104,7,97,國泰-新莊,2024-06-18,8886
1802,台玻,282,187,95,國泰-新莊,2024-06-18,8886
2367,燿華,94,9,85,國泰-新莊,2024-06-18,8886
3576,聯合再生,77,2,75,國泰-新莊,2024-06-18,8886
00936,台新永續高息中小,216,146,70,國泰-新莊,2024-06-18,8886
00687B,國泰20年美債,110,41,69,國泰-新莊,2024-06-18,8886
9105,泰金寶-DR,101,36,65,國泰-新莊,2024-06-18,8886
2888,新光金,125,63,62,國泰-新莊,2024-06-18,8886
00881,國泰台灣5G+,78,20,58,國泰-新莊,2024-06-18,8886
00673R,期元大S＆P原油反1,50,0,50,國泰-新莊,2024-06-18,8886
00946,群益科技高息成長,58,10,48,國泰-新莊,2024-06-18,8886
2353,宏��,65,18,47,國泰-新莊,2024-06-18,8886
6213,聯茂,63,18,45,國泰-新莊,2024-06-18,8886
0056,元大高股息,62,18,44,國泰-新莊,2024-06-18,8886
3303,岱稜,49,5,44,國泰-新莊,2024-06-18,8886
00713,元大台灣高息低波,75,31,44,國泰-新莊,2024-06-18,8886
6116,彩晶,41,1,40,國泰-新莊,2024-06-18,8886
3376,新日興,84,48,36,國泰-新莊,2024-06-18,8886
2025,千興,37,2,35,國泰-新莊,2024-06-18,8886
4566,時碩工業,144,110,34,國泰-新莊,2024-06-18,8886
8064,東捷,95,65,30,國泰-新莊,2024-06-18,8886
2317,鴻海,78,49,29,國泰-新莊,2024-06-18,8886
3706,神達,50,22,28,國泰-新莊,2024-06-18,8886
4533,協易機,87,59,28,國泰-新莊,2024-06-18,8886
2371,大同,136,109,27,國泰-新莊,2024-06-18,8886
2409,友達,29,2,27,國泰-新莊,2024-06-18,8886
5522,遠雄,27,0,27,國泰-新莊,2024-06-18,8886
2538,基泰,33,6,27,國泰-新莊,2024-06-18,8886
6290,良維,58,31,27,國泰-新莊,2024-06-18,8886
5443,均豪,94,68,26,國泰-新莊,2024-06-18,8886
2385,群光,62,37,25,國泰-新莊,2024-06-18,8886
00947,台新臺灣IC設計,24,1,23,國泰-新莊,2024-06-18,8886
2312,金寶,57,34,23,國泰-新莊,2024-06-18,8886
00757,統一FANG+,23,1,22,國泰-新莊,2024-06-18,8886
6191,精成科,22,0,22,國泰-新莊,2024-06-18,8886
1815,富喬,147,125,22,國泰-新莊,2024-06-18,8886
2603,長榮,52,31,21,國泰-新莊,2024-06-18,8886
911868,同方友友-DR,26,5,21,國泰-新莊,2024-06-18,8886
4562,穎漢,118,97,21,國泰-新莊,2024-06-18,8886
3701,大眾控,20,0,20,國泰-新莊,2024-06-18,8886
2887,台新金,23,4,19,國泰-新莊,2024-06-18,8886
6199,天品,19,0,19,國泰-新莊,2024-06-18,8886
6143,振曜,21,2,19,國泰-新莊,2024-06-18,8886
1326,台化,21,3,18,國泰-新莊,2024-06-18,8886
1504,東元,23,4,19,國泰-新莊,2024-06-18,8886
00937B,群益ESG投等債20,1511,42,1469,國泰-新莊,2024-06-19,8886
00632R,元大台灣50反1,799,153,646,國泰-新莊,2024-06-19,8886
00946,群益科技高息成長,253,11,242,國泰-新莊,2024-06-19,8886
00936,台新永續高息中小,283,43,240,國泰-新莊,2024-06-19,8886
00942B,台新美A公司債20+,240,0,240,國泰-新莊,2024-06-19,8886
00687B,國泰20年美債,204,34,170,國泰-新莊,2024-06-19,8886
2365,昆盈,410,257,153,國泰-新莊,2024-06-19,8886
6770,力積電,178,29,149,國泰-新莊,2024-06-19,8886
2344,華邦電,150,29,121,國泰-新莊,2024-06-19,8886
00673R,期元大S＆P原油反1,103,0,103,國泰-新莊,2024-06-19,8886
2312,金寶,142,39,103,國泰-新莊,2024-06-19,8886
00915,凱基優選高股息30,77,0,77,國泰-新莊,2024-06-19,8886
00713,元大台灣高息低波,105,34,71,國泰-新莊,2024-06-19,8886
00637L,元大滬深300正2,116,48,68,國泰-新莊,2024-06-19,8886
1815,富喬,160,96,64,國泰-新莊,2024-06-19,8886
00929,復華台灣科技優息,441,381,60,國泰-新莊,2024-06-19,8886
2615,萬海,307,251,56,國泰-新莊,2024-06-19,8886
6116,彩晶,56,2,54,國泰-新莊,2024-06-19,8886
6560,欣普羅,54,1,53,國泰-新莊,2024-06-19,8886
00895,富邦未來車,51,2,49,國泰-新莊,2024-06-19,8886
2337,旺宏,50,2,48,國泰-新莊,2024-06-19,8886
2323,中環,59,14,45,國泰-新莊,2024-06-19,8886
1303,南亞,45,0,45,國泰-新莊,2024-06-19,8886
3376,新日興,101,58,43,國泰-新莊,2024-06-19,8886
00706L,期元大S＆P日圓正2,42,0,42,國泰-新莊,2024-06-19,8886
9105,泰金寶-DR,58,16,42,國泰-新莊,2024-06-19,8886
3062,建漢,287,248,39,國泰-新莊,2024-06-19,8886
2331,精英,46,7,39,國泰-新莊,2024-06-19,8886
2371,大同,137,102,35,國泰-新莊,2024-06-19,8886
00927,群益半導體收益,39,5,34,國泰-新莊,2024-06-19,8886
6190,萬泰科,64,34,30,國泰-新莊,2024-06-19,8886
2353,宏��,56,29,27,國泰-新莊,2024-06-19,8886
6841,長佳智能,30,3,27,國泰-新莊,2024-06-19,8886
00885,富邦越南,45,18,27,國泰-新莊,2024-06-19,8886
2354,鴻準,53,27,26,國泰-新莊,2024-06-19,8886
2610,華航,160,134,26,國泰-新莊,2024-06-19,8886
3576,聯合再生,25,0,25,國泰-新莊,2024-06-19,8886
4533,協易機,66,41,25,國泰-新莊,2024-06-19,8886
1616,億泰,25,1,24,國泰-新莊,2024-06-19,8886
2834,臺企銀,29,5,24,國泰-新莊,2024-06-19,8886
6290,良維,75,51,24,國泰-新莊,2024-06-19,8886
3312,弘憶股,23,0,23,國泰-新莊,2024-06-19,8886
2515,中工,34,13,21,國泰-新莊,2024-06-19,8886
3450,聯鈞,85,64,21,國泰-新莊,2024-06-19,8886
2408,南亞科,48,27,21,國泰-新莊,2024-06-19,8886
2609,陽明,247,227,20,國泰-新莊,2024-06-19,8886
4510,高鋒,20,0,20,國泰-新莊,2024-06-19,8886
00655L,國泰中國A50正2,20,0,20,國泰-新莊,2024-06-19,8886
2303,聯電,35,17,18,國泰-新莊,2024-06-19,8886
2355,敬鵬,23,5,18,國泰-新莊,2024-06-19,8886
00937B,群益ESG投等債20,477,34,443,國泰-新莊,2024-06-20,8886
00929,復華台灣科技優息,617,254,363,國泰-新莊,2024-06-20,8886
00942B,台新美A公司債20+,200,6,194,國泰-新莊,2024-06-20,8886
00687B,國泰20年美債,287,110,177,國泰-新莊,2024-06-20,8886
00632R,元大台灣50反1,194,21,173,國泰-新莊,2024-06-20,8886
00936,台新永續高息中小,172,20,152,國泰-新莊,2024-06-20,8886
00752,中信中國50,118,2,116,國泰-新莊,2024-06-20,8886
00933B,國泰10Y+金融債,89,0,89,國泰-新莊,2024-06-20,8886
00706L,期元大S＆P日圓正2,75,0,75,國泰-新莊,2024-06-20,8886
00915,凱基優選高股息30,74,4,70,國泰-新莊,2024-06-20,8886
2408,南亞科,119,50,69,國泰-新莊,2024-06-20,8886
1611,中電,81,13,68,國泰-新莊,2024-06-20,8886
2324,仁寶,72,7,65,國泰-新莊,2024-06-20,8886
2323,中環,67,12,55,國泰-新莊,2024-06-20,8886
00713,元大台灣高息低波,56,2,54,國泰-新莊,2024-06-20,8886
00948B,中信優息投資級債,82,30,52,國泰-新莊,2024-06-20,8886
2312,金寶,69,22,47,國泰-新莊,2024-06-20,8886
2393,億光,46,0,46,國泰-新莊,2024-06-20,8886
3583,辛耘,58,14,44,國泰-新莊,2024-06-20,8886
2330,台積電,62,18,44,國泰-新莊,2024-06-20,8886
1802,台玻,46,3,43,國泰-新莊,2024-06-20,8886
00940,元大台灣價值高息,341,299,42,國泰-新莊,2024-06-20,8886
2353,宏��,66,24,42,國泰-新莊,2024-06-20,8886
8277,商丞,42,1,41,國泰-新莊,2024-06-20,8886
1301,台塑,41,3,38,國泰-新莊,2024-06-20,8886
8096,擎亞,77,42,35,國泰-新莊,2024-06-20,8886
2002,中鋼,45,11,34,國泰-新莊,2024-06-20,8886
00946,群益科技高息成長,71,38,33,國泰-新莊,2024-06-20,8886
9105,泰金寶-DR,33,0,33,國泰-新莊,2024-06-20,8886
4533,協易機,43,11,32,國泰-新莊,2024-06-20,8886
2618,長榮航,82,50,32,國泰-新莊,2024-06-20,8886
4526,東台,218,189,29,國泰-新莊,2024-06-20,8886
6152,百一,30,1,29,國泰-新莊,2024-06-20,8886
1603,華電,33,5,28,國泰-新莊,2024-06-20,8886
2365,昆盈,189,161,28,國泰-新莊,2024-06-20,8886
00680L,元大美債20正2,27,0,27,國泰-新莊,2024-06-20,8886
00885,富邦越南,26,0,26,國泰-新莊,2024-06-20,8886
2405,輔信,60,35,25,國泰-新莊,2024-06-20,8886
00857B,永豐20年美公債,23,0,23,國泰-新莊,2024-06-20,8886
2867,三商壽,74,52,22,國泰-新莊,2024-06-20,8886
2801,彰銀,21,0,21,國泰-新莊,2024-06-20,8886
0050,元大台灣50,29,8,21,國泰-新莊,2024-06-20,8886
5531,鄉林,21,1,20,國泰-新莊,2024-06-20,8886
00907,永豐優息存股,21,1,20,國泰-新莊,2024-06-20,8886
00751B,元大AAA至A公司債,37,19,18,國泰-新莊,2024-06-20,8886
1616,億泰,22,6,16,國泰-新莊,2024-06-20,8886
00673R,期元大S＆P原油反1,16,0,16,國泰-新莊,2024-06-20,8886
5443,均豪,62,46,16,國泰-新莊,2024-06-20,8886
3024,憶聲,20,4,16,國泰-新莊,2024-06-20,8886
9945,潤泰新,20,4,16,國泰-新莊,2024-06-20,8886
00937B,群益ESG投等債20,938,92,846,國泰-新莊,2024-06-21,8886
00942B,台新美A公司債20+,321,20,301,國泰-新莊,2024-06-21,8886
00929,復華台灣科技優息,661,465,196,國泰-新莊,2024-06-21,8886
2317,鴻海,266,129,137,國泰-新莊,2024-06-21,8886
00637L,元大滬深300正2,177,43,134,國泰-新莊,2024-06-21,8886
00936,台新永續高息中小,157,34,123,國泰-新莊,2024-06-21,8886
1101,台泥,131,14,117,國泰-新莊,2024-06-21,8886
3260,威剛,107,6,101,國泰-新莊,2024-06-21,8886
2027,大成鋼,102,1,101,國泰-新莊,2024-06-21,8886
2615,萬海,385,285,100,國泰-新莊,2024-06-21,8886
00915,凱基優選高股息30,99,1,98,國泰-新莊,2024-06-21,8886
00751B,元大AAA至A公司債,95,1,94,國泰-新莊,2024-06-21,8886
00712,復華富時不動產,111,18,93,國泰-新莊,2024-06-21,8886
1312,國喬,102,15,87,國泰-新莊,2024-06-21,8886
00946,群益科技高息成長,124,42,82,國泰-新莊,2024-06-21,8886
00895,富邦未來車,72,2,70,國泰-新莊,2024-06-21,8886
4414,如興,66,0,66,國泰-新莊,2024-06-21,8886
2303,聯電,86,21,65,國泰-新莊,2024-06-21,8886
2609,陽明,317,252,65,國泰-新莊,2024-06-21,8886
00687B,國泰20年美債,71,9,62,國泰-新莊,2024-06-21,8886
00715L,期街口布蘭特正2,60,1,59,國泰-新莊,2024-06-21,8886
2409,友達,378,321,57,國泰-新莊,2024-06-21,8886
2330,台積電,70,14,56,國泰-新莊,2024-06-21,8886
6213,聯茂,63,9,54,國泰-新莊,2024-06-21,8886
00830,國泰費城半導體,56,5,51,國泰-新莊,2024-06-21,8886
1802,台玻,54,13,41,國泰-新莊,2024-06-21,8886
6770,力積電,46,5,41,國泰-新莊,2024-06-21,8886
3583,辛耘,42,4,38,國泰-新莊,2024-06-21,8886
1611,中電,45,8,37,國泰-新莊,2024-06-21,8886
00713,元大台灣高息低波,36,0,36,國泰-新莊,2024-06-21,8886
00948B,中信優息投資級債,56,21,35,國泰-新莊,2024-06-21,8886
3062,建漢,299,265,34,國泰-新莊,2024-06-21,8886
9945,潤泰新,35,2,33,國泰-新莊,2024-06-21,8886
3312,弘憶股,38,6,32,國泰-新莊,2024-06-21,8886
00757,統一FANG+,32,2,30,國泰-新莊,2024-06-21,8886
2363,矽統,53,23,30,國泰-新莊,2024-06-21,8886
3673,TPK-KY,43,15,28,國泰-新莊,2024-06-21,8886
2371,大同,41,13,28,國泰-新莊,2024-06-21,8886
2313,華通,41,13,28,國泰-新莊,2024-06-21,8886
2542,興富發,31,3,28,國泰-新莊,2024-06-21,8886
00673R,期元大S＆P原油反1,27,0,27,國泰-新莊,2024-06-21,8886
00898,國泰基因免疫革命,26,0,26,國泰-新莊,2024-06-21,8886
2356,英業達,37,12,25,國泰-新莊,2024-06-21,8886
6150,撼訊,25,0,25,國泰-新莊,2024-06-21,8886
00753L,中信中國50正2,35,10,25,國泰-新莊,2024-06-21,8886
2897A,王道銀甲特,25,0,25,國泰-新莊,2024-06-21,8886
2324,仁寶,25,1,24,國泰-新莊,2024-06-21,8886
4303,信立,24,0,24,國泰-新莊,2024-06-21,8886
2548,華固,25,1,24,國泰-新莊,2024-06-21,8886
2498,宏達電,70,46,24,國泰-新莊,2024-06-21,8886
00929,復華台灣科技優息,1246,525,721,國泰-新莊,2024-06-24,8886
00919,群益台灣精選高息,785,138,647,國泰-新莊,2024-06-24,8886
00942B,台新美A公司債20+,335,0,335,國泰-新莊,2024-06-24,8886
2888,新光金,297,86,211,國泰-新莊,2024-06-24,8886
00936,台新永續高息中小,205,24,181,國泰-新莊,2024-06-24,8886
1815,富喬,215,67,148,國泰-新莊,2024-06-24,8886
00753L,中信中國50正2,130,0,130,國泰-新莊,2024-06-24,8886
3062,建漢,669,553,116,國泰-新莊,2024-06-24,8886
2330,台積電,117,19,98,國泰-新莊,2024-06-24,8886
3419,譁裕,86,0,86,國泰-新莊,2024-06-24,8886
3481,群創,1100,1015,85,國泰-新莊,2024-06-24,8886
00946,群益科技高息成長,90,17,73,國泰-新莊,2024-06-24,8886
00937B,群益ESG投等債20,467,397,70,國泰-新莊,2024-06-24,8886
8085,福華,119,51,68,國泰-新莊,2024-06-24,8886
4956,光鋐,83,16,67,國泰-新莊,2024-06-24,8886
3047,訊舟,156,98,58,國泰-新莊,2024-06-24,8886
00706L,期元大S＆P日圓正2,55,0,55,國泰-新莊,2024-06-24,8886
3498,陽程,79,26,53,國泰-新莊,2024-06-24,8886
0056,元大高股息,64,16,48,國泰-新莊,2024-06-24,8886
006208,富邦台50,68,20,48,國泰-新莊,2024-06-24,8886
00679B,元大美債20年,70,24,46,國泰-新莊,2024-06-24,8886
3231,緯創,118,76,42,國泰-新莊,2024-06-24,8886
2867,三商壽,52,10,42,國泰-新莊,2024-06-24,8886
00915,凱基優選高股息30,52,11,41,國泰-新莊,2024-06-24,8886
2344,華邦電,40,0,40,國泰-新莊,2024-06-24,8886
6806,森崴能源,64,24,40,國泰-新莊,2024-06-24,8886
2607,榮運,41,1,40,國泰-新莊,2024-06-24,8886
00948B,中信優息投資級債,42,3,39,國泰-新莊,2024-06-24,8886
2883,凱基金,57,18,39,國泰-新莊,2024-06-24,8886
1785,光洋科,133,95,38,國泰-新莊,2024-06-24,8886
3450,聯鈞,106,68,38,國泰-新莊,2024-06-24,8886
00665L,富邦�琤肭磪囓�2,52,15,37,國泰-新莊,2024-06-24,8886
00713,元大台灣高息低波,52,18,34,國泰-新莊,2024-06-24,8886
00751B,元大AAA至A公司債,44,12,32,國泰-新莊,2024-06-24,8886
2353,宏��,40,8,32,國泰-新莊,2024-06-24,8886
00927,群益半導體收益,31,0,31,國泰-新莊,2024-06-24,8886
00633L,富邦上証正2,30,0,30,國泰-新莊,2024-06-24,8886
1304,台聚,29,0,29,國泰-新莊,2024-06-24,8886
00881,國泰台灣5G+,114,85,29,國泰-新莊,2024-06-24,8886
00905,FT臺灣Smart,29,1,28,國泰-新莊,2024-06-24,8886
9105,泰金寶-DR,43,16,27,國泰-新莊,2024-06-24,8886
5328,華容,60,33,27,國泰-新莊,2024-06-24,8886
2382,廣達,65,38,27,國泰-新莊,2024-06-24,8886
2890,永豐金,29,3,26,國泰-新莊,2024-06-24,8886
00712,復華富時不動產,158,132,26,國泰-新莊,2024-06-24,8886
4716,大立,29,4,25,國泰-新莊,2024-06-24,8886
4526,東台,73,48,25,國泰-新莊,2024-06-24,8886
1303,南亞,25,1,24,國泰-新莊,2024-06-24,8886
3005,神基,30,7,23,國泰-新莊,2024-06-24,8886
4934,太極,23,0,23,國泰-新莊,2024-06-24,8886
00929,復華台灣科技優息,549,140,409,國泰-新莊,2024-06-25,8886
00688L,國泰20年美債正2,340,32,308,國泰-新莊,2024-06-25,8886
3481,群創,822,553,269,國泰-新莊,2024-06-25,8886
00632R,元大台灣50反1,533,326,207,國泰-新莊,2024-06-25,8886
00936,台新永續高息中小,160,35,125,國泰-新莊,2024-06-25,8886
00637L,元大滬深300正2,407,302,105,國泰-新莊,2024-06-25,8886
00937B,群益ESG投等債20,182,79,103,國泰-新莊,2024-06-25,8886
00706L,期元大S＆P日圓正2,80,0,80,國泰-新莊,2024-06-25,8886
1609,大亞,129,60,69,國泰-新莊,2024-06-25,8886
3260,威剛,66,1,65,國泰-新莊,2024-06-25,8886
2303,聯電,64,4,60,國泰-新莊,2024-06-25,8886
3706,神達,61,5,56,國泰-新莊,2024-06-25,8886
2409,友達,211,158,53,國泰-新莊,2024-06-25,8886
1309,台達化,49,1,48,國泰-新莊,2024-06-25,8886
3535,晶彩科,110,63,47,國泰-新莊,2024-06-25,8886
2374,佳能,80,36,44,國泰-新莊,2024-06-25,8886
2867,三商壽,40,1,39,國泰-新莊,2024-06-25,8886
6869,雲豹能源,130,91,39,國泰-新莊,2024-06-25,8886
00830,國泰費城半導體,46,7,39,國泰-新莊,2024-06-25,8886
2312,金寶,81,46,35,國泰-新莊,2024-06-25,8886
3231,緯創,47,16,31,國泰-新莊,2024-06-25,8886
1815,富喬,107,76,31,國泰-新莊,2024-06-25,8886
1326,台化,30,0,30,國泰-新莊,2024-06-25,8886
00724B,群益投資級金融債,30,0,30,國泰-新莊,2024-06-25,8886
8110,華東,66,38,28,國泰-新莊,2024-06-25,8886
00915,凱基優選高股息30,33,5,28,國泰-新莊,2024-06-25,8886
00919,群益台灣精選高息,332,305,27,國泰-新莊,2024-06-25,8886
3230,錦明,27,0,27,國泰-新莊,2024-06-25,8886
00947,台新臺灣IC設計,28,1,27,國泰-新莊,2024-06-25,8886
4538,大詠城,42,17,25,國泰-新莊,2024-06-25,8886
3037,欣興,25,1,24,國泰-新莊,2024-06-25,8886
2542,興富發,30,6,24,國泰-新莊,2024-06-25,8886
2382,廣達,63,39,24,國泰-新莊,2024-06-25,8886
9105,泰金寶-DR,55,31,24,國泰-新莊,2024-06-25,8886
00942B,台新美A公司債20+,24,0,24,國泰-新莊,2024-06-25,8886
3663,鑫科,37,15,22,國泰-新莊,2024-06-25,8886
8096,擎亞,94,72,22,國泰-新莊,2024-06-25,8886
2002,中鋼,28,7,21,國泰-新莊,2024-06-25,8886
00713,元大台灣高息低波,22,1,21,國泰-新莊,2024-06-25,8886
6108,競國,20,0,20,國泰-新莊,2024-06-25,8886
1217,愛之味,21,2,19,國泰-新莊,2024-06-25,8886
00662,富邦NASDAQ,20,1,19,國泰-新莊,2024-06-25,8886
8105,凌巨,27,8,19,國泰-新莊,2024-06-25,8886
00933B,國泰10Y+金融債,50,32,18,國泰-新莊,2024-06-25,8886
1605,華新,22,4,18,國泰-新莊,2024-06-25,8886
2201,裕隆,30,12,18,國泰-新莊,2024-06-25,8886
2402,毅嘉,24,6,18,國泰-新莊,2024-06-25,8886
00939,統一台灣高息動能,25,7,18,國泰-新莊,2024-06-25,8886
00757,統一FANG+,18,1,17,國泰-新莊,2024-06-25,8886
00881,國泰台灣5G+,36,18,18,國泰-新莊,2024-06-25,8886
00937B,群益ESG投等債20,559,135,424,國泰-新莊,2024-06-26,8886
00942B,台新美A公司債20+,346,1,345,國泰-新莊,2024-06-26,8886
00936,台新永續高息中小,223,7,216,國泰-新莊,2024-06-26,8886
3260,威剛,114,0,114,國泰-新莊,2024-06-26,8886
9945,潤泰新,133,20,113,國泰-新莊,2024-06-26,8886
2312,金寶,141,36,105,國泰-新莊,2024-06-26,8886
2883,凱基金,113,12,101,國泰-新莊,2024-06-26,8886
00706L,期元大S＆P日圓正2,81,0,81,國泰-新莊,2024-06-26,8886
9105,泰金寶-DR,81,6,75,國泰-新莊,2024-06-26,8886
00878,國泰永續高股息,165,95,70,國泰-新莊,2024-06-26,8886
00713,元大台灣高息低波,76,10,66,國泰-新莊,2024-06-26,8886
00919,群益台灣精選高息,168,103,65,國泰-新莊,2024-06-26,8886
2515,中工,72,7,65,國泰-新莊,2024-06-26,8886
00680L,元大美債20正2,66,3,63,國泰-新莊,2024-06-26,8886
2615,萬海,276,215,61,國泰-新莊,2024-06-26,8886
2002,中鋼,94,34,60,國泰-新莊,2024-06-26,8886
1303,南亞,52,1,51,國泰-新莊,2024-06-26,8886
2409,友達,159,109,50,國泰-新莊,2024-06-26,8886
00688L,國泰20年美債正2,50,0,50,國泰-新莊,2024-06-26,8886
8072,陞泰,50,0,50,國泰-新莊,2024-06-26,8886
00637L,元大滬深300正2,202,153,49,國泰-新莊,2024-06-26,8886
2374,佳能,138,89,49,國泰-新莊,2024-06-26,8886
2609,陽明,134,89,45,國泰-新莊,2024-06-26,8886
3062,建漢,171,134,37,國泰-新莊,2024-06-26,8886
4716,大立,37,0,37,國泰-新莊,2024-06-26,8886
2449,京元電子,92,56,36,國泰-新莊,2024-06-26,8886
00687B,國泰20年美債,77,45,32,國泰-新莊,2024-06-26,8886
2401,凌陽,33,2,31,國泰-新莊,2024-06-26,8886
2834,臺企銀,40,11,29,國泰-新莊,2024-06-26,8886
1513,中興電,35,7,28,國泰-新莊,2024-06-26,8886
2308,台達電,35,7,28,國泰-新莊,2024-06-26,8886
8110,華東,79,52,27,國泰-新莊,2024-06-26,8886
1326,台化,26,0,26,國泰-新莊,2024-06-26,8886
2353,宏��,36,10,26,國泰-新莊,2024-06-26,8886
00923,群益台ESG低碳50,33,9,24,國泰-新莊,2024-06-26,8886
2603,長榮,40,17,23,國泰-新莊,2024-06-26,8886
6005,群益證,26,3,23,國泰-新莊,2024-06-26,8886
1802,台玻,25,2,23,國泰-新莊,2024-06-26,8886
2547,日勝生,22,0,22,國泰-新莊,2024-06-26,8886
2537,聯上發,26,4,22,國泰-新莊,2024-06-26,8886
2884,玉山金,23,1,22,國泰-新莊,2024-06-26,8886
2885,元大金,22,0,22,國泰-新莊,2024-06-26,8886
6153,嘉聯益,28,7,21,國泰-新莊,2024-06-26,8886
2888,新光金,166,145,21,國泰-新莊,2024-06-26,8886
00918,大華優利高填息30,28,7,21,國泰-新莊,2024-06-26,8886
1101,台泥,21,1,20,國泰-新莊,2024-06-26,8886
00664R,國泰臺灣加權反1,31,11,20,國泰-新莊,2024-06-26,8886
2882,國泰金,29,9,20,國泰-新莊,2024-06-26,8886
3483,力致,42,22,20,國泰-新莊,2024-06-26,8886
5312,寶島科,19,0,19,國泰-新莊,2024-06-26,8886
00937B,群益ESG投等債20,846,43,803,國泰-新莊,2024-06-27,8886
00929,復華台灣科技優息,395,58,337,國泰-新莊,2024-06-27,8886
8110,華東,242,44,198,國泰-新莊,2024-06-27,8886
00936,台新永續高息中小,182,6,176,國泰-新莊,2024-06-27,8886
00946,群益科技高息成長,208,34,174,國泰-新莊,2024-06-27,8886
3481,群創,533,390,143,國泰-新莊,2024-06-27,8886
00687B,國泰20年美債,197,62,135,國泰-新莊,2024-06-27,8886
00918,大華優利高填息30,115,10,105,國泰-新莊,2024-06-27,8886
00632R,元大台灣50反1,113,11,102,國泰-新莊,2024-06-27,8886
00706L,期元大S＆P日圓正2,100,0,100,國泰-新莊,2024-06-27,8886
3047,訊舟,432,339,93,國泰-新莊,2024-06-27,8886
2515,中工,96,16,80,國泰-新莊,2024-06-27,8886
00688L,國泰20年美債正2,80,5,75,國泰-新莊,2024-06-27,8886
00948B,中信優息投資級債,69,0,69,國泰-新莊,2024-06-27,8886
00679B,元大美債20年,109,44,65,國泰-新莊,2024-06-27,8886
9103,美德醫療-DR,65,0,65,國泰-新莊,2024-06-27,8886
1611,中電,70,9,61,國泰-新莊,2024-06-27,8886
2885,元大金,75,19,56,國泰-新莊,2024-06-27,8886
0056,元大高股息,71,15,56,國泰-新莊,2024-06-27,8886
1785,光洋科,104,52,52,國泰-新莊,2024-06-27,8886
912000,晨訊科-DR,49,1,48,國泰-新莊,2024-06-27,8886
2618,長榮航,199,152,47,國泰-新莊,2024-06-27,8886
00665L,富邦�琤肭磪囓�2,68,22,46,國泰-新莊,2024-06-27,8886
3576,聯合再生,138,94,44,國泰-新莊,2024-06-27,8886
1326,台化,45,2,43,國泰-新莊,2024-06-27,8886
00919,群益台灣精選高息,131,89,42,國泰-新莊,2024-06-27,8886
6806,森崴能源,201,163,38,國泰-新莊,2024-06-27,8886
8277,商丞,38,1,37,國泰-新莊,2024-06-27,8886
2201,裕隆,37,0,37,國泰-新莊,2024-06-27,8886
4938,和碩,37,0,37,國泰-新莊,2024-06-27,8886
00947,台新臺灣IC設計,38,2,36,國泰-新莊,2024-06-27,8886
00933B,國泰10Y+金融債,39,3,36,國泰-新莊,2024-06-27,8886
00673R,期元大S＆P原油反1,36,0,36,國泰-新莊,2024-06-27,8886
6108,競國,35,0,35,國泰-新莊,2024-06-27,8886
2388,威盛,47,13,34,國泰-新莊,2024-06-27,8886
2002,中鋼,34,1,33,國泰-新莊,2024-06-27,8886
4114,健喬,33,0,33,國泰-新莊,2024-06-27,8886
00882,中信中國高股息,40,8,32,國泰-新莊,2024-06-27,8886
00753L,中信中國50正2,29,0,29,國泰-新莊,2024-06-27,8886
00939,統一台灣高息動能,41,13,28,國泰-新莊,2024-06-27,8886
2867,三商壽,40,12,28,國泰-新莊,2024-06-27,8886
3297,杭特,31,6,25,國泰-新莊,2024-06-27,8886
6156,松上,25,0,25,國泰-新莊,2024-06-27,8886
00830,國泰費城半導體,25,1,24,國泰-新莊,2024-06-27,8886
2603,長榮,47,23,24,國泰-新莊,2024-06-27,8886
00942B,台新美A公司債20+,25,2,23,國泰-新莊,2024-06-27,8886
00857B,永豐20年美公債,21,0,21,國泰-新莊,2024-06-27,8886
1310,台苯,21,1,20,國泰-新莊,2024-06-27,8886
9904,寶成,22,1,21,國泰-新莊,2024-06-27,8886
3036,文曄,37,16,21,國泰-新莊,2024-06-27,8886
00929,復華台灣科技優息,455,54,401,國泰-新莊,2024-06-28,8886
00632R,元大台灣50反1,258,11,247,國泰-新莊,2024-06-28,8886
2609,陽明,289,75,214,國泰-新莊,2024-06-28,8886
3576,聯合再生,850,644,206,國泰-新莊,2024-06-28,8886
00937B,群益ESG投等債20,188,33,155,國泰-新莊,2024-06-28,8886
00712,復華富時不動產,161,22,139,國泰-新莊,2024-06-28,8886
00673R,期元大S＆P原油反1,135,0,135,國泰-新莊,2024-06-28,8886
00706L,期元大S＆P日圓正2,106,0,106,國泰-新莊,2024-06-28,8886
2349,錸德,99,7,92,國泰-新莊,2024-06-28,8886
2610,華航,161,77,84,國泰-新莊,2024-06-28,8886
2883,凱基金,84,8,76,國泰-新莊,2024-06-28,8886
00919,群益台灣精選高息,97,30,67,國泰-新莊,2024-06-28,8886
2867,三商壽,72,6,66,國泰-新莊,2024-06-28,8886
00679B,元大美債20年,76,11,65,國泰-新莊,2024-06-28,8886
2303,聯電,77,12,65,國泰-新莊,2024-06-28,8886
2317,鴻海,97,37,60,國泰-新莊,2024-06-28,8886
00687B,國泰20年美債,65,7,58,國泰-新莊,2024-06-28,8886
2618,長榮航,90,35,55,國泰-新莊,2024-06-28,8886
3481,群創,396,342,54,國泰-新莊,2024-06-28,8886
00751B,元大AAA至A公司債,51,0,51,國泰-新莊,2024-06-28,8886
00724B,群益投資級金融債,50,0,50,國泰-新莊,2024-06-28,8886
2501,國建,49,0,49,國泰-新莊,2024-06-28,8886
00881,國泰台灣5G+,47,5,42,國泰-新莊,2024-06-28,8886
00942B,台新美A公司債20+,42,1,41,國泰-新莊,2024-06-28,8886
00933B,國泰10Y+金融債,60,21,39,國泰-新莊,2024-06-28,8886
2542,興富發,40,1,39,國泰-新莊,2024-06-28,8886
2401,凌陽,44,6,38,國泰-新莊,2024-06-28,8886
3025,星通,40,3,37,國泰-新莊,2024-06-28,8886
6182,合晶,40,6,34,國泰-新莊,2024-06-28,8886
2363,矽統,46,13,33,國泰-新莊,2024-06-28,8886
6139,亞翔,56,25,31,國泰-新莊,2024-06-28,8886
2406,國碩,349,319,30,國泰-新莊,2024-06-28,8886
00753L,中信中國50正2,30,2,28,國泰-新莊,2024-06-28,8886
2324,仁寶,30,2,28,國泰-新莊,2024-06-28,8886
8105,凌巨,58,32,26,國泰-新莊,2024-06-28,8886
3024,憶聲,47,22,25,國泰-新莊,2024-06-28,8886
2002,中鋼,27,3,24,國泰-新莊,2024-06-28,8886
2301,光寶科,30,6,24,國泰-新莊,2024-06-28,8886
2371,大同,26,5,21,國泰-新莊,2024-06-28,8886
2607,榮運,22,1,21,國泰-新莊,2024-06-28,8886
1785,光洋科,52,31,21,國泰-新莊,2024-06-28,8886
00713,元大台灣高息低波,33,13,20,國泰-新莊,2024-06-28,8886
4532,瑞智,22,3,19,國泰-新莊,2024-06-28,8886
1789,神隆,21,2,19,國泰-新莊,2024-06-28,8886
02001L,富邦蘋果正二N,19,0,19,國泰-新莊,2024-06-28,8886
8277,商丞,18,0,18,國泰-新莊,2024-06-28,8886
8110,華東,22,4,18,國泰-新莊,2024-06-28,8886
9921,巨大,17,0,17,國泰-新莊,2024-06-28,8886
3663,鑫科,120,103,17,國泰-新莊,2024-06-28,8886
4716,大立,20,4,16,國泰-新莊,2024-06-28,8886
00937B,群益ESG投等債20,624,81,543,國泰-新莊,2024-07-01,8886
00680L,元大美債20正2,353,1,352,國泰-新莊,2024-07-01,8886
00929,復華台灣科技優息,376,127,249,國泰-新莊,2024-07-01,8886
00687B,國泰20年美債,285,38,247,國泰-新莊,2024-07-01,8886
00949,復華日本龍頭,235,0,235,國泰-新莊,2024-07-01,8886
00948B,中信優息投資級債,223,0,223,國泰-新莊,2024-07-01,8886
00679B,元大美債20年,239,22,217,國泰-新莊,2024-07-01,8886
00676R,富邦臺灣加權反1,200,0,200,國泰-新莊,2024-07-01,8886
00795B,中信美國公債20年,138,0,138,國泰-新莊,2024-07-01,8886
00632R,元大台灣50反1,141,13,128,國泰-新莊,2024-07-01,8886
00665L,富邦�琤肭磪囓�2,125,0,125,國泰-新莊,2024-07-01,8886
00936,台新永續高息中小,120,10,110,國泰-新莊,2024-07-01,8886
00933B,國泰10Y+金融債,102,0,102,國泰-新莊,2024-07-01,8886
00724B,群益投資級金融債,100,0,100,國泰-新莊,2024-07-01,8886
0056,元大高股息,114,25,89,國泰-新莊,2024-07-01,8886
00688L,國泰20年美債正2,85,3,82,國泰-新莊,2024-07-01,8886
2312,金寶,118,39,79,國泰-新莊,2024-07-01,8886
1802,台玻,75,2,73,國泰-新莊,2024-07-01,8886
2615,萬海,173,116,57,國泰-新莊,2024-07-01,8886
2313,華通,91,37,54,國泰-新莊,2024-07-01,8886
2374,佳能,79,27,52,國泰-新莊,2024-07-01,8886
5371,中光電,56,5,51,國泰-新莊,2024-07-01,8886
4532,瑞智,51,0,51,國泰-新莊,2024-07-01,8886
8277,商丞,49,0,49,國泰-新莊,2024-07-01,8886
00942B,台新美A公司債20+,49,2,47,國泰-新莊,2024-07-01,8886
1815,富喬,133,87,46,國泰-新莊,2024-07-01,8886
2883,凱基金,64,21,43,國泰-新莊,2024-07-01,8886
5009,榮剛,41,3,38,國泰-新莊,2024-07-01,8886
6215,和椿,69,34,35,國泰-新莊,2024-07-01,8886
2440,太空梭,30,0,30,國泰-新莊,2024-07-01,8886
00931B,統一美債20年,38,8,30,國泰-新莊,2024-07-01,8886
00857B,永豐20年美公債,29,0,29,國泰-新莊,2024-07-01,8886
6152,百一,44,17,27,國泰-新莊,2024-07-01,8886
00720B,元大投資級公司債,28,1,27,國泰-新莊,2024-07-01,8886
6443,元晶,37,11,26,國泰-新莊,2024-07-01,8886
3338,泰碩,30,4,26,國泰-新莊,2024-07-01,8886
3481,群創,273,247,26,國泰-新莊,2024-07-01,8886
2382,廣達,33,11,22,國泰-新莊,2024-07-01,8886
00751B,元大AAA至A公司債,23,0,23,國泰-新莊,2024-07-01,8886
2887,台新金,30,9,21,國泰-新莊,2024-07-01,8886
2388,威盛,22,1,21,國泰-新莊,2024-07-01,8886
5484,慧友,23,2,21,國泰-新莊,2024-07-01,8886
2337,旺宏,28,8,20,國泰-新莊,2024-07-01,8886
2359,所羅門,179,158,21,國泰-新莊,2024-07-01,8886
2354,鴻準,26,7,19,國泰-新莊,2024-07-01,8886
2882,國泰金,25,6,19,國泰-新莊,2024-07-01,8886
2409,友達,20,2,18,國泰-新莊,2024-07-01,8886
2317,鴻海,53,35,18,國泰-新莊,2024-07-01,8886
2303,聯電,52,34,18,國泰-新莊,2024-07-01,8886
6753,龍德造船,64,46,18,國泰-新莊,2024-07-01,8886
00934,中信成長高股息,802,7,795,國泰-新莊,2024-07-02,8886
00929,復華台灣科技優息,1266,867,399,國泰-新莊,2024-07-02,8886
00946,群益科技高息成長,353,5,348,國泰-新莊,2024-07-02,8886
00687B,國泰20年美債,346,16,330,國泰-新莊,2024-07-02,8886
00680L,元大美債20正2,311,0,311,國泰-新莊,2024-07-02,8886
00937B,群益ESG投等債20,257,35,222,國泰-新莊,2024-07-02,8886
2303,聯電,257,53,204,國泰-新莊,2024-07-02,8886
00679B,元大美債20年,209,10,199,國泰-新莊,2024-07-02,8886
00712,復華富時不動產,204,9,195,國泰-新莊,2024-07-02,8886
00936,台新永續高息中小,233,39,194,國泰-新莊,2024-07-02,8886
2317,鴻海,212,39,173,國泰-新莊,2024-07-02,8886
0056,元大高股息,147,16,131,國泰-新莊,2024-07-02,8886
00673R,期元大S＆P原油反1,124,0,124,國泰-新莊,2024-07-02,8886
00948B,中信優息投資級債,122,5,117,國泰-新莊,2024-07-02,8886
00688L,國泰20年美債正2,104,10,94,國泰-新莊,2024-07-02,8886
9105,泰金寶-DR,125,33,92,國泰-新莊,2024-07-02,8886
00919,群益台灣精選高息,142,55,87,國泰-新莊,2024-07-02,8886
2883,凱基金,82,1,81,國泰-新莊,2024-07-02,8886
2002,中鋼,79,12,67,國泰-新莊,2024-07-02,8886
00795B,中信美國公債20年,66,0,66,國泰-新莊,2024-07-02,8886
3048,益登,75,17,58,國泰-新莊,2024-07-02,8886
4562,穎漢,230,174,56,國泰-新莊,2024-07-02,8886
2501,國建,56,1,55,國泰-新莊,2024-07-02,8886
3481,群創,225,174,51,國泰-新莊,2024-07-02,8886
00931B,統一美債20年,55,4,51,國泰-新莊,2024-07-02,8886
6234,高僑,75,24,51,國泰-新莊,2024-07-02,8886
00905,FT臺灣Smart,45,1,44,國泰-新莊,2024-07-02,8886
00933B,國泰10Y+金融債,49,5,44,國泰-新莊,2024-07-02,8886
3013,晟銘電,46,3,43,國泰-新莊,2024-07-02,8886
00918,大華優利高填息30,65,23,42,國泰-新莊,2024-07-02,8886
00942B,台新美A公司債20+,41,0,41,國泰-新莊,2024-07-02,8886
1785,光洋科,85,44,41,國泰-新莊,2024-07-02,8886
3059,華晶科,48,8,40,國泰-新莊,2024-07-02,8886
2365,昆盈,266,229,37,國泰-新莊,2024-07-02,8886
1326,台化,38,1,37,國泰-新莊,2024-07-02,8886
2349,錸德,198,162,36,國泰-新莊,2024-07-02,8886
3376,新日興,73,38,35,國泰-新莊,2024-07-02,8886
3050,鈺德,42,7,35,國泰-新莊,2024-07-02,8886
6285,啟��,68,34,34,國泰-新莊,2024-07-02,8886
2409,友達,43,10,33,國泰-新莊,2024-07-02,8886
3583,辛耘,49,16,33,國泰-新莊,2024-07-02,8886
2515,中工,36,3,33,國泰-新莊,2024-07-02,8886
2449,京元電子,83,53,30,國泰-新莊,2024-07-02,8886
5351,鈺創,29,1,28,國泰-新莊,2024-07-02,8886
1815,富喬,51,25,26,國泰-新莊,2024-07-02,8886
6116,彩晶,27,1,26,國泰-新莊,2024-07-02,8886
8277,商丞,28,3,25,國泰-新莊,2024-07-02,8886
3498,陽程,105,80,25,國泰-新莊,2024-07-02,8886
6108,競國,25,0,25,國泰-新莊,2024-07-02,8886
6869,雲豹能源,28,3,25,國泰-新莊,2024-07-02,8886
00934,中信成長高股息,387,14,373,國泰-新莊,2024-07-03,8886
00687B,國泰20年美債,276,0,276,國泰-新莊,2024-07-03,8886
00688L,國泰20年美債正2,250,0,250,國泰-新莊,2024-07-03,8886
00946,群益科技高息成長,180,10,170,國泰-新莊,2024-07-03,8886
3576,聯合再生,360,211,149,國泰-新莊,2024-07-03,8886
00679B,元大美債20年,136,14,122,國泰-新莊,2024-07-03,8886
2884,玉山金,123,14,109,國泰-新莊,2024-07-03,8886
00686R,群益臺灣加權反1,100,0,100,國泰-新莊,2024-07-03,8886
2317,鴻海,140,41,99,國泰-新莊,2024-07-03,8886
4720,德淵,85,0,85,國泰-新莊,2024-07-03,8886
00929,復華台灣科技優息,170,88,82,國泰-新莊,2024-07-03,8886
3047,訊舟,319,243,76,國泰-新莊,2024-07-03,8886
00936,台新永續高息中小,84,14,70,國泰-新莊,2024-07-03,8886
00937B,群益ESG投等債20,70,1,69,國泰-新莊,2024-07-03,8886
2402,毅嘉,192,128,64,國泰-新莊,2024-07-03,8886
00680L,元大美債20正2,46,0,46,國泰-新莊,2024-07-03,8886
2867,三商壽,103,63,40,國泰-新莊,2024-07-03,8886
00671R,富邦NASDAQ反1,36,1,35,國泰-新莊,2024-07-03,8886
2891,中信金,49,15,34,國泰-新莊,2024-07-03,8886
2603,長榮,48,16,32,國泰-新莊,2024-07-03,8886
3481,群創,193,160,33,國泰-新莊,2024-07-03,8886
6244,茂迪,165,133,32,國泰-新莊,2024-07-03,8886
8033,雷虎,34,3,31,國泰-新莊,2024-07-03,8886
00905,FT臺灣Smart,32,1,31,國泰-新莊,2024-07-03,8886
2301,光寶科,41,11,30,國泰-新莊,2024-07-03,8886
2337,旺宏,40,11,29,國泰-新莊,2024-07-03,8886
2331,精英,31,2,29,國泰-新莊,2024-07-03,8886
2611,志信,25,0,25,國泰-新莊,2024-07-03,8886
2356,英業達,51,27,24,國泰-新莊,2024-07-03,8886
2352,佳世達,29,6,23,國泰-新莊,2024-07-03,8886
2615,萬海,142,118,24,國泰-新莊,2024-07-03,8886
5392,能率,30,7,23,國泰-新莊,2024-07-03,8886
1316,上曜,22,0,22,國泰-新莊,2024-07-03,8886
1301,台塑,25,3,22,國泰-新莊,2024-07-03,8886
2002,中鋼,28,8,20,國泰-新莊,2024-07-03,8886
3059,華晶科,24,4,20,國泰-新莊,2024-07-03,8886
5371,中光電,26,6,20,國泰-新莊,2024-07-03,8886
2537,聯上發,29,9,20,國泰-新莊,2024-07-03,8886
2637,慧洋-KY,22,2,20,國泰-新莊,2024-07-03,8886
00933B,國泰10Y+金融債,24,5,19,國泰-新莊,2024-07-03,8886
3673,TPK-KY,38,19,19,國泰-新莊,2024-07-03,8886
2836,高雄銀,20,2,18,國泰-新莊,2024-07-03,8886
2426,鼎元,18,0,18,國泰-新莊,2024-07-03,8886
2885,元大金,21,3,18,國泰-新莊,2024-07-03,8886
6213,聯茂,80,63,17,國泰-新莊,2024-07-03,8886
6163,華電網,22,5,17,國泰-新莊,2024-07-03,8886
1905,華紙,22,5,17,國泰-新莊,2024-07-03,8886
2618,長榮航,44,28,16,國泰-新莊,2024-07-03,8886
00942B,台新美A公司債20+,16,0,16,國泰-新莊,2024-07-03,8886
5443,均豪,188,172,16,國泰-新莊,2024-07-03,8886
00632R,元大台灣50反1,765,132,633,國泰-新莊,2024-07-04,8886
2349,錸德,265,28,237,國泰-新莊,2024-07-04,8886
00946,群益科技高息成長,223,3,220,國泰-新莊,2024-07-04,8886
6244,茂迪,275,59,216,國泰-新莊,2024-07-04,8886
00937B,群益ESG投等債20,258,88,170,國泰-新莊,2024-07-04,8886
2412,中華電,128,2,126,國泰-新莊,2024-07-04,8886
2883,凱基金,197,72,125,國泰-新莊,2024-07-04,8886
9105,泰金寶-DR,446,322,124,國泰-新莊,2024-07-04,8886
00934,中信成長高股息,116,5,111,國泰-新莊,2024-07-04,8886
2618,長榮航,163,53,110,國泰-新莊,2024-07-04,8886
2323,中環,126,39,87,國泰-新莊,2024-07-04,8886
3231,緯創,107,27,80,國泰-新莊,2024-07-04,8886
2409,友達,105,28,77,國泰-新莊,2024-07-04,8886
00942B,台新美A公司債20+,83,12,71,國泰-新莊,2024-07-04,8886
4976,佳凌,74,8,66,國泰-新莊,2024-07-04,8886
3047,訊舟,286,220,66,國泰-新莊,2024-07-04,8886
1785,光洋科,267,205,62,國泰-新莊,2024-07-04,8886
00929,復華台灣科技優息,200,140,60,國泰-新莊,2024-07-04,8886
2867,三商壽,186,128,58,國泰-新莊,2024-07-04,8886
00753L,中信中國50正2,55,2,53,國泰-新莊,2024-07-04,8886
2845,遠東銀,51,2,49,國泰-新莊,2024-07-04,8886
00687B,國泰20年美債,83,38,45,國泰-新莊,2024-07-04,8886
1815,富喬,83,40,43,國泰-新莊,2024-07-04,8886
00664R,國泰臺灣加權反1,41,0,41,國泰-新莊,2024-07-04,8886
00949,復華日本龍頭,38,0,38,國泰-新莊,2024-07-04,8886
6127,九豪,57,19,38,國泰-新莊,2024-07-04,8886
2302,麗正,37,0,37,國泰-新莊,2024-07-04,8886
4123,晟德,42,7,35,國泰-新莊,2024-07-04,8886
00936,台新永續高息中小,43,9,34,國泰-新莊,2024-07-04,8886
2337,旺宏,70,38,32,國泰-新莊,2024-07-04,8886
4109,加捷生醫,40,8,32,國泰-新莊,2024-07-04,8886
6698,旭暉應材,62,31,31,國泰-新莊,2024-07-04,8886
2354,鴻準,99,70,29,國泰-新莊,2024-07-04,8886
2882,國泰金,42,15,27,國泰-新莊,2024-07-04,8886
2609,陽明,106,80,26,國泰-新莊,2024-07-04,8886
00919,群益台灣精選高息,102,77,25,國泰-新莊,2024-07-04,8886
00933B,國泰10Y+金融債,26,1,25,國泰-新莊,2024-07-04,8886
2547,日勝生,26,2,24,國泰-新莊,2024-07-04,8886
4167,松瑞藥,30,6,24,國泰-新莊,2024-07-04,8886
5392,能率,45,21,24,國泰-新莊,2024-07-04,8886
3615,安可,46,23,23,國泰-新莊,2024-07-04,8886
6215,和椿,51,29,22,國泰-新莊,2024-07-04,8886
6126,信音,23,1,22,國泰-新莊,2024-07-04,8886
1301,台塑,23,1,22,國泰-新莊,2024-07-04,8886
2855,統一證,22,0,22,國泰-新莊,2024-07-04,8886
5347,世界,69,47,22,國泰-新莊,2024-07-04,8886
3189,景碩,24,2,22,國泰-新莊,2024-07-04,8886
2359,所羅門,172,150,22,國泰-新莊,2024-07-04,8886
2329,華泰,21,0,21,國泰-新莊,2024-07-04,8886
1717,長興,20,0,20,國泰-新莊,2024-07-04,8886
00934,中信成長高股息,317,64,253,國泰-新莊,2024-07-05,8886
00688L,國泰20年美債正2,163,11,152,國泰-新莊,2024-07-05,8886
00637L,元大滬深300正2,145,0,145,國泰-新莊,2024-07-05,8886
00948B,中信優息投資級債,131,3,128,國泰-新莊,2024-07-05,8886
2501,國建,99,2,97,國泰-新莊,2024-07-05,8886
00937B,群益ESG投等債20,139,45,94,國泰-新莊,2024-07-05,8886
00679B,元大美債20年,82,7,75,國泰-新莊,2024-07-05,8886
00881,國泰台灣5G+,82,10,72,國泰-新莊,2024-07-05,8886
2618,長榮航,175,109,66,國泰-新莊,2024-07-05,8886
2897,王道銀行,64,0,64,國泰-新莊,2024-07-05,8886
3689,湧德,72,9,63,國泰-新莊,2024-07-05,8886
2610,華航,194,135,59,國泰-新莊,2024-07-05,8886
3013,晟銘電,69,17,52,國泰-新莊,2024-07-05,8886
2349,錸德,65,19,46,國泰-新莊,2024-07-05,8886
0056,元大高股息,68,22,46,國泰-新莊,2024-07-05,8886
2603,長榮,52,8,44,國泰-新莊,2024-07-05,8886
2527,宏璟,51,7,44,國泰-新莊,2024-07-05,8886
00947,台新臺灣IC設計,43,0,43,國泰-新莊,2024-07-05,8886
6191,精成科,42,0,42,國泰-新莊,2024-07-05,8886
3481,群創,200,158,42,國泰-新莊,2024-07-05,8886
2867,三商壽,157,117,40,國泰-新莊,2024-07-05,8886
6443,元晶,174,134,40,國泰-新莊,2024-07-05,8886
3048,益登,125,86,39,國泰-新莊,2024-07-05,8886
2337,旺宏,102,65,37,國泰-新莊,2024-07-05,8886
00923,群益台ESG低碳50,40,3,37,國泰-新莊,2024-07-05,8886
3313,斐成,46,13,33,國泰-新莊,2024-07-05,8886
1513,中興電,102,71,31,國泰-新莊,2024-07-05,8886
5392,能率,195,165,30,國泰-新莊,2024-07-05,8886
2356,英業達,112,82,30,國泰-新莊,2024-07-05,8886
00936,台新永續高息中小,50,20,30,國泰-新莊,2024-07-05,8886
00712,復華富時不動產,33,3,30,國泰-新莊,2024-07-05,8886
2540,愛山林,31,1,30,國泰-新莊,2024-07-05,8886
00724B,群益投資級金融債,30,0,30,國泰-新莊,2024-07-05,8886
2303,聯電,39,9,30,國泰-新莊,2024-07-05,8886
5512,力麒,31,2,29,國泰-新莊,2024-07-05,8886
8096,擎亞,70,41,29,國泰-新莊,2024-07-05,8886
2609,陽明,120,92,28,國泰-新莊,2024-07-05,8886
3057,喬鼎,27,0,27,國泰-新莊,2024-07-05,8886
6209,今國光,50,23,27,國泰-新莊,2024-07-05,8886
5484,慧友,34,8,26,國泰-新莊,2024-07-05,8886
3372,典範,28,3,25,國泰-新莊,2024-07-05,8886
2486,一詮,107,83,24,國泰-新莊,2024-07-05,8886
00751B,元大AAA至A公司債,27,3,24,國泰-新莊,2024-07-05,8886
2324,仁寶,43,19,24,國泰-新莊,2024-07-05,8886
00675L,富邦臺灣加權正2,28,5,23,國泰-新莊,2024-07-05,8886
6005,群益證,26,3,23,國泰-新莊,2024-07-05,8886
00632R,元大台灣50反1,27,4,23,國泰-新莊,2024-07-05,8886
2313,華通,49,27,22,國泰-新莊,2024-07-05,8886
5608,四維航,32,10,22,國泰-新莊,2024-07-05,8886
00735,國泰臺韓科技,22,1,21,國泰-新莊,2024-07-05,8886
00937B,群益ESG投等債20,831,78,753,國泰-新莊,2024-07-08,8886
00929,復華台灣科技優息,520,52,468,國泰-新莊,2024-07-08,8886
3481,群創,771,373,398,國泰-新莊,2024-07-08,8886
00934,中信成長高股息,256,19,237,國泰-新莊,2024-07-08,8886
1785,光洋科,260,138,122,國泰-新莊,2024-07-08,8886
2618,長榮航,147,36,111,國泰-新莊,2024-07-08,8886
2501,國建,102,0,102,國泰-新莊,2024-07-08,8886
2867,三商壽,99,11,88,國泰-新莊,2024-07-08,8886
00945B,凱基美國非投等債,83,0,83,國泰-新莊,2024-07-08,8886
2363,矽統,231,163,68,國泰-新莊,2024-07-08,8886
2337,旺宏,125,57,68,國泰-新莊,2024-07-08,8886
2344,華邦電,63,2,61,國泰-新莊,2024-07-08,8886
2887,台新金,66,12,54,國泰-新莊,2024-07-08,8886
00905,FT臺灣Smart,55,1,54,國泰-新莊,2024-07-08,8886
6213,聯茂,79,25,54,國泰-新莊,2024-07-08,8886
00936,台新永續高息中小,110,57,53,國泰-新莊,2024-07-08,8886
00753L,中信中國50正2,52,0,52,國泰-新莊,2024-07-08,8886
8105,凌巨,79,28,51,國泰-新莊,2024-07-08,8886
1326,台化,55,5,50,國泰-新莊,2024-07-08,8886
2516,新建,50,0,50,國泰-新莊,2024-07-08,8886
9103,美德醫療-DR,50,0,50,國泰-新莊,2024-07-08,8886
3379,彬台,69,22,47,國泰-新莊,2024-07-08,8886
4976,佳凌,68,27,41,國泰-新莊,2024-07-08,8886
3673,TPK-KY,56,15,41,國泰-新莊,2024-07-08,8886
3048,益登,70,30,40,國泰-新莊,2024-07-08,8886
6443,元晶,73,37,36,國泰-新莊,2024-07-08,8886
2354,鴻準,84,50,34,國泰-新莊,2024-07-08,8886
00757,統一FANG+,35,0,35,國泰-新莊,2024-07-08,8886
3374,精材,99,65,34,國泰-新莊,2024-07-08,8886
8064,東捷,77,43,34,國泰-新莊,2024-07-08,8886
00665L,富邦�琤肭磪囓�2,38,5,33,國泰-新莊,2024-07-08,8886
2365,昆盈,585,553,32,國泰-新莊,2024-07-08,8886
2464,盟立,194,161,33,國泰-新莊,2024-07-08,8886
3535,晶彩科,97,65,32,國泰-新莊,2024-07-08,8886
2427,三商電,54,23,31,國泰-新莊,2024-07-08,8886
8349,�矬�,31,0,31,國泰-新莊,2024-07-08,8886
00712,復華富時不動產,75,44,31,國泰-新莊,2024-07-08,8886
9136,巨騰-DR,30,0,30,國泰-新莊,2024-07-08,8886
00722B,群益投資級電信債,30,0,30,國泰-新莊,2024-07-08,8886
5452,佶優,56,28,28,國泰-新莊,2024-07-08,8886
6505,台塑化,31,3,28,國泰-新莊,2024-07-08,8886
9958,世紀鋼,33,5,28,國泰-新莊,2024-07-08,8886
2641,正德,38,11,27,國泰-新莊,2024-07-08,8886
00928,中信上櫃ESG30,27,0,27,國泰-新莊,2024-07-08,8886
2101,南港,35,8,27,國泰-新莊,2024-07-08,8886
2356,英業達,71,45,26,國泰-新莊,2024-07-08,8886
2324,仁寶,42,17,25,國泰-新莊,2024-07-08,8886
2812,台中銀,33,7,26,國泰-新莊,2024-07-08,8886
6126,信音,44,19,25,國泰-新莊,2024-07-08,8886
2352,佳世達,41,16,25,國泰-新莊,2024-07-08,8886
2888,新光金,1452,467,985,國泰-新莊,2024-07-09,8886
00632R,元大台灣50反1,424,16,408,國泰-新莊,2024-07-09,8886
00934,中信成長高股息,468,105,363,國泰-新莊,2024-07-09,8886
3047,訊舟,636,389,247,國泰-新莊,2024-07-09,8886
2312,金寶,508,262,246,國泰-新莊,2024-07-09,8886
9105,泰金寶-DR,789,574,215,國泰-新莊,2024-07-09,8886
00936,台新永續高息中小,205,60,145,國泰-新莊,2024-07-09,8886
2367,燿華,446,313,133,國泰-新莊,2024-07-09,8886
2610,華航,178,63,115,國泰-新莊,2024-07-09,8886
2353,宏��,155,42,113,國泰-新莊,2024-07-09,8886
3230,錦明,114,4,110,國泰-新莊,2024-07-09,8886
00929,復華台灣科技優息,356,249,107,國泰-新莊,2024-07-09,8886
00688L,國泰20年美債正2,101,0,101,國泰-新莊,2024-07-09,8886
3049,精金,100,0,100,國泰-新莊,2024-07-09,8886
2349,錸德,133,38,95,國泰-新莊,2024-07-09,8886
2618,長榮航,111,16,95,國泰-新莊,2024-07-09,8886
00687B,國泰20年美債,146,58,88,國泰-新莊,2024-07-09,8886
00881,國泰台灣5G+,132,46,86,國泰-新莊,2024-07-09,8886
2317,鴻海,258,173,85,國泰-新莊,2024-07-09,8886
00927,群益半導體收益,84,4,80,國泰-新莊,2024-07-09,8886
3062,建漢,126,49,77,國泰-新莊,2024-07-09,8886
6598,ABC-KY,65,0,65,國泰-新莊,2024-07-09,8886
2337,旺宏,109,56,53,國泰-新莊,2024-07-09,8886
2867,三商壽,89,37,52,國泰-新莊,2024-07-09,8886
4960,誠美材,83,31,52,國泰-新莊,2024-07-09,8886
8277,商丞,52,3,49,國泰-新莊,2024-07-09,8886
00713,元大台灣高息低波,47,1,46,國泰-新莊,2024-07-09,8886
2834,臺企銀,83,39,44,國泰-新莊,2024-07-09,8886
1326,台化,53,10,43,國泰-新莊,2024-07-09,8886
1785,光洋科,130,87,43,國泰-新莊,2024-07-09,8886
006208,富邦台50,49,8,41,國泰-新莊,2024-07-09,8886
3231,緯創,87,46,41,國泰-新莊,2024-07-09,8886
0056,元大高股息,60,19,41,國泰-新莊,2024-07-09,8886
00724B,群益投資級金融債,40,0,40,國泰-新莊,2024-07-09,8886
4906,正文,91,53,38,國泰-新莊,2024-07-09,8886
00753L,中信中國50正2,48,11,37,國泰-新莊,2024-07-09,8886
2449,京元電子,140,104,36,國泰-新莊,2024-07-09,8886
2331,精英,40,6,34,國泰-新莊,2024-07-09,8886
2201,裕隆,34,0,34,國泰-新莊,2024-07-09,8886
00915,凱基優選高股息30,35,3,32,國泰-新莊,2024-07-09,8886
2356,英業達,67,37,30,國泰-新莊,2024-07-09,8886
2889,國票金,41,11,30,國泰-新莊,2024-07-09,8886
5351,鈺創,30,1,29,國泰-新莊,2024-07-09,8886
6213,聯茂,55,26,29,國泰-新莊,2024-07-09,8886
2324,仁寶,44,15,29,國泰-新莊,2024-07-09,8886
5276,達輝-KY,28,0,28,國泰-新莊,2024-07-09,8886
1101,台泥,32,5,27,國泰-新莊,2024-07-09,8886
2330,台積電,47,20,27,國泰-新莊,2024-07-09,8886
9955,佳龍,28,1,27,國泰-新莊,2024-07-09,8886
2527,宏璟,27,1,26,國泰-新莊,2024-07-09,8886
00934,中信成長高股息,396,12,384,國泰-新莊,2024-07-10,8886
00688L,國泰20年美債正2,338,0,338,國泰-新莊,2024-07-10,8886
2888,新光金,608,337,271,國泰-新莊,2024-07-10,8886
00929,復華台灣科技優息,327,137,190,國泰-新莊,2024-07-10,8886
00937B,群益ESG投等債20,261,103,158,國泰-新莊,2024-07-10,8886
00881,國泰台灣5G+,123,9,114,國泰-新莊,2024-07-10,8886
6152,百一,99,0,99,國泰-新莊,2024-07-10,8886
00673R,期元大S＆P原油反1,102,5,97,國泰-新莊,2024-07-10,8886
2367,燿華,188,91,97,國泰-新莊,2024-07-10,8886
00687B,國泰20年美債,86,9,77,國泰-新莊,2024-07-10,8886
00939,統一台灣高息動能,99,25,74,國泰-新莊,2024-07-10,8886
00933B,國泰10Y+金融債,84,25,59,國泰-新莊,2024-07-10,8886
0056,元大高股息,66,15,51,國泰-新莊,2024-07-10,8886
1101,台泥,57,6,51,國泰-新莊,2024-07-10,8886
00936,台新永續高息中小,62,12,50,國泰-新莊,2024-07-10,8886
3550,聯穎,46,0,46,國泰-新莊,2024-07-10,8886
00680L,元大美債20正2,46,1,45,國泰-新莊,2024-07-10,8886
3583,辛耘,48,5,43,國泰-新莊,2024-07-10,8886
00927,群益半導體收益,44,1,43,國泰-新莊,2024-07-10,8886
2392,正崴,287,246,41,國泰-新莊,2024-07-10,8886
2882,國泰金,58,18,40,國泰-新莊,2024-07-10,8886
00949,復華日本龍頭,40,2,38,國泰-新莊,2024-07-10,8886
8105,凌巨,110,72,38,國泰-新莊,2024-07-10,8886
6116,彩晶,66,28,38,國泰-新莊,2024-07-10,8886
2303,聯電,48,12,36,國泰-新莊,2024-07-10,8886
1515,力山,40,8,32,國泰-新莊,2024-07-10,8886
00679B,元大美債20年,56,24,32,國泰-新莊,2024-07-10,8886
2108,南帝,32,1,31,國泰-新莊,2024-07-10,8886
00655L,國泰中國A50正2,30,0,30,國泰-新莊,2024-07-10,8886
3481,群創,236,206,30,國泰-新莊,2024-07-10,8886
2002,中鋼,38,9,29,國泰-新莊,2024-07-10,8886
1326,台化,37,8,29,國泰-新莊,2024-07-10,8886
2412,中華電,29,0,29,國泰-新莊,2024-07-10,8886
00713,元大台灣高息低波,32,4,28,國泰-新莊,2024-07-10,8886
1618,合機,31,4,27,國泰-新莊,2024-07-10,8886
6443,元晶,70,43,27,國泰-新莊,2024-07-10,8886
3037,欣興,32,5,27,國泰-新莊,2024-07-10,8886
2317,鴻海,71,45,26,國泰-新莊,2024-07-10,8886
1608,華榮,64,37,27,國泰-新莊,2024-07-10,8886
00633L,富邦上証正2,34,10,24,國泰-新莊,2024-07-10,8886
00882,中信中國高股息,39,15,24,國泰-新莊,2024-07-10,8886
5880,合庫金,24,1,23,國泰-新莊,2024-07-10,8886
00637L,元大滬深300正2,44,21,23,國泰-新莊,2024-07-10,8886
3230,錦明,32,9,23,國泰-新莊,2024-07-10,8886
00725B,國泰投資級公司債,23,1,22,國泰-新莊,2024-07-10,8886
00946,群益科技高息成長,30,9,21,國泰-新莊,2024-07-10,8886
2836,高雄銀,21,0,21,國泰-新莊,2024-07-10,8886
00905,FT臺灣Smart,26,6,20,國泰-新莊,2024-07-10,8886
00636,國泰中國A50,20,0,20,國泰-新莊,2024-07-10,8886
4939,亞電,20,0,20,國泰-新莊,2024-07-10,8886
00632R,元大台灣50反1,594,309,285,國泰-新莊,2024-07-11,8886
2449,京元電子,262,14,248,國泰-新莊,2024-07-11,8886
00680L,元大美債20正2,253,18,235,國泰-新莊,2024-07-11,8886
00637L,元大滬深300正2,218,16,202,國泰-新莊,2024-07-11,8886
00929,復華台灣科技優息,242,80,162,國泰-新莊,2024-07-11,8886
2888,新光金,532,392,140,國泰-新莊,2024-07-11,8886
9105,泰金寶-DR,214,97,117,國泰-新莊,2024-07-11,8886
8070,長華*,115,10,105,國泰-新莊,2024-07-11,8886
00687B,國泰20年美債,109,5,104,國泰-新莊,2024-07-11,8886
2867,三商壽,147,46,101,國泰-新莊,2024-07-11,8886
2317,鴻海,138,48,90,國泰-新莊,2024-07-11,8886
4958,臻鼎-KY,113,25,88,國泰-新莊,2024-07-11,8886
2303,聯電,121,38,83,國泰-新莊,2024-07-11,8886
1785,光洋科,153,79,74,國泰-新莊,2024-07-11,8886
00927,群益半導體收益,68,5,63,國泰-新莊,2024-07-11,8886
1815,富喬,167,104,63,國泰-新莊,2024-07-11,8886
00688L,國泰20年美債正2,60,0,60,國泰-新莊,2024-07-11,8886
3049,精金,70,16,54,國泰-新莊,2024-07-11,8886
2464,盟立,183,135,48,國泰-新莊,2024-07-11,8886
2618,長榮航,71,25,46,國泰-新莊,2024-07-11,8886
3498,陽程,48,2,46,國泰-新莊,2024-07-11,8886
2511,太子,50,5,45,國泰-新莊,2024-07-11,8886
00933B,國泰10Y+金融債,49,4,45,國泰-新莊,2024-07-11,8886
00881,國泰台灣5G+,67,24,43,國泰-新莊,2024-07-11,8886
00934,中信成長高股息,141,97,44,國泰-新莊,2024-07-11,8886
1513,中興電,181,139,42,國泰-新莊,2024-07-11,8886
3372,典範,43,2,41,國泰-新莊,2024-07-11,8886
2363,矽統,135,95,40,國泰-新莊,2024-07-11,8886
3312,弘憶股,81,42,39,國泰-新莊,2024-07-11,8886
3033,威健,44,5,39,國泰-新莊,2024-07-11,8886
9907,統一實,38,0,38,國泰-新莊,2024-07-11,8886
2542,興富發,65,27,38,國泰-新莊,2024-07-11,8886
2609,陽明,42,5,37,國泰-新莊,2024-07-11,8886
2897,王道銀行,57,20,37,國泰-新莊,2024-07-11,8886
8071,能率網通,39,2,37,國泰-新莊,2024-07-11,8886
3537,堡達,49,12,37,國泰-新莊,2024-07-11,8886
6190,萬泰科,51,15,36,國泰-新莊,2024-07-11,8886
1569,濱川,74,38,36,國泰-新莊,2024-07-11,8886
00936,台新永續高息中小,80,44,36,國泰-新莊,2024-07-11,8886
2405,輔信,84,49,35,國泰-新莊,2024-07-11,8886
6477,安集,53,19,34,國泰-新莊,2024-07-11,8886
8011,台通,66,33,33,國泰-新莊,2024-07-11,8886
00905,FT臺灣Smart,43,11,32,國泰-新莊,2024-07-11,8886
3060,銘異,42,11,31,國泰-新莊,2024-07-11,8886
00720B,元大投資級公司債,31,1,30,國泰-新莊,2024-07-11,8886
1504,東元,33,3,30,國泰-新莊,2024-07-11,8886
3450,聯鈞,112,82,30,國泰-新莊,2024-07-11,8886
3481,群創,284,255,29,國泰-新莊,2024-07-11,8886
2891,中信金,44,15,29,國泰-新莊,2024-07-11,8886
6125,廣運,37,10,27,國泰-新莊,2024-07-11,8886
00929,復華台灣科技優息,1269,139,1130,國泰-新莊,2024-07-12,8886
00919,群益台灣精選高息,676,114,562,國泰-新莊,2024-07-12,8886
2888,新光金,658,118,540,國泰-新莊,2024-07-12,8886
00881,國泰台灣5G+,330,64,266,國泰-新莊,2024-07-12,8886
00934,中信成長高股息,295,50,245,國泰-新莊,2024-07-12,8886
2317,鴻海,293,78,215,國泰-新莊,2024-07-12,8886
2312,金寶,712,578,134,國泰-新莊,2024-07-12,8886
2867,三商壽,232,101,131,國泰-新莊,2024-07-12,8886
00687B,國泰20年美債,172,61,111,國泰-新莊,2024-07-12,8886
00680L,元大美債20正2,216,105,111,國泰-新莊,2024-07-12,8886
00662,富邦NASDAQ,109,0,109,國泰-新莊,2024-07-12,8886
2303,聯電,130,25,105,國泰-新莊,2024-07-12,8886
00927,群益半導體收益,104,0,104,國泰-新莊,2024-07-12,8886
2610,華航,139,38,101,國泰-新莊,2024-07-12,8886
00878,國泰永續高股息,136,39,97,國泰-新莊,2024-07-12,8886
3706,神達,166,85,81,國泰-新莊,2024-07-12,8886
00923,群益台ESG低碳50,75,1,74,國泰-新莊,2024-07-12,8886
6152,百一,70,3,67,國泰-新莊,2024-07-12,8886
0056,元大高股息,85,22,63,國泰-新莊,2024-07-12,8886
00947,台新臺灣IC設計,62,1,61,國泰-新莊,2024-07-12,8886
2330,台積電,77,22,55,國泰-新莊,2024-07-12,8886
00922,國泰台灣領袖50,61,7,54,國泰-新莊,2024-07-12,8886
2883,凱基金,93,42,51,國泰-新莊,2024-07-12,8886
00935,野村臺灣新科技50,55,4,51,國泰-新莊,2024-07-12,8886
1710,東聯,72,22,50,國泰-新莊,2024-07-12,8886
00891,中信關鍵半導體,53,3,50,國泰-新莊,2024-07-12,8886
3037,欣興,136,87,49,國泰-新莊,2024-07-12,8886
1314,中石化,54,10,44,國泰-新莊,2024-07-12,8886
3702A,大聯大甲特,44,0,44,國泰-新莊,2024-07-12,8886
1312,國喬,58,14,44,國泰-新莊,2024-07-12,8886
2897,王道銀行,48,4,44,國泰-新莊,2024-07-12,8886
2367,燿華,60,17,43,國泰-新莊,2024-07-12,8886
1905,華紙,53,10,43,國泰-新莊,2024-07-12,8886
9105,泰金寶-DR,89,46,43,國泰-新莊,2024-07-12,8886
6005,群益證,41,0,41,國泰-新莊,2024-07-12,8886
00949,復華日本龍頭,46,5,41,國泰-新莊,2024-07-12,8886
0050,元大台灣50,43,5,38,國泰-新莊,2024-07-12,8886
00937B,群益ESG投等債20,127,89,38,國泰-新莊,2024-07-12,8886
2449,京元電子,63,26,37,國泰-新莊,2024-07-12,8886
006208,富邦台50,77,41,36,國泰-新莊,2024-07-12,8886
00715L,期街口布蘭特正2,36,0,36,國泰-新莊,2024-07-12,8886
2313,華通,77,42,35,國泰-新莊,2024-07-12,8886
3540,曜越,36,1,35,國泰-新莊,2024-07-12,8886
00941,中信上游半導體,65,30,35,國泰-新莊,2024-07-12,8886
00725B,國泰投資級公司債,40,8,32,國泰-新莊,2024-07-12,8886
3231,緯創,39,8,31,國泰-新莊,2024-07-12,8886
4956,光鋐,31,0,31,國泰-新莊,2024-07-12,8886
00900,富邦特選高股息30,30,0,30,國泰-新莊,2024-07-12,8886
8054,安國,36,7,29,國泰-新莊,2024-07-12,8886
4958,臻鼎-KY,56,27,29,國泰-新莊,2024-07-12,8886
1721,三晃,362,30,332,國泰-新莊,2024-07-15,8886
00934,中信成長高股息,323,17,306,國泰-新莊,2024-07-15,8886
2883,凱基金,311,15,296,國泰-新莊,2024-07-15,8886
00929,復華台灣科技優息,418,134,284,國泰-新莊,2024-07-15,8886
0056,元大高股息,300,42,258,國泰-新莊,2024-07-15,8886
00937B,群益ESG投等債20,437,229,208,國泰-新莊,2024-07-15,8886
2891,中信金,269,66,203,國泰-新莊,2024-07-15,8886
00665L,富邦�琤肭磪囓�2,307,107,200,國泰-新莊,2024-07-15,8886
00919,群益台灣精選高息,244,97,147,國泰-新莊,2024-07-15,8886
00680L,元大美債20正2,321,179,142,國泰-新莊,2024-07-15,8886
00688L,國泰20年美債正2,170,32,138,國泰-新莊,2024-07-15,8886
00946,群益科技高息成長,132,4,128,國泰-新莊,2024-07-15,8886
2356,英業達,365,239,126,國泰-新莊,2024-07-15,8886
3706,神達,127,18,109,國泰-新莊,2024-07-15,8886
2408,南亞科,109,2,107,國泰-新莊,2024-07-15,8886
00858,永豐美國500大,100,0,100,國泰-新莊,2024-07-15,8886
2516,新建,100,5,95,國泰-新莊,2024-07-15,8886
00724B,群益投資級金融債,100,6,94,國泰-新莊,2024-07-15,8886
8105,凌巨,110,28,82,國泰-新莊,2024-07-15,8886
5386,青雲,75,1,74,國泰-新莊,2024-07-15,8886
00936,台新永續高息中小,90,16,74,國泰-新莊,2024-07-15,8886
6108,競國,70,0,70,國泰-新莊,2024-07-15,8886
2312,金寶,447,380,67,國泰-新莊,2024-07-15,8886
9105,泰金寶-DR,134,66,68,國泰-新莊,2024-07-15,8886
00882,中信中國高股息,75,8,67,國泰-新莊,2024-07-15,8886
6005,群益證,68,2,66,國泰-新莊,2024-07-15,8886
00725B,國泰投資級公司債,65,0,65,國泰-新莊,2024-07-15,8886
6770,力積電,67,5,62,國泰-新莊,2024-07-15,8886
2618,長榮航,71,11,60,國泰-新莊,2024-07-15,8886
00905,FT臺灣Smart,61,6,55,國泰-新莊,2024-07-15,8886
00735,國泰臺韓科技,53,1,52,國泰-新莊,2024-07-15,8886
1447,力鵬,50,0,50,國泰-新莊,2024-07-15,8886
3576,聯合再生,55,6,49,國泰-新莊,2024-07-15,8886
3535,晶彩科,192,143,49,國泰-新莊,2024-07-15,8886
2332,友訊,52,4,48,國泰-新莊,2024-07-15,8886
00687B,國泰20年美債,98,54,44,國泰-新莊,2024-07-15,8886
1568,倉佑,52,8,44,國泰-新莊,2024-07-15,8886
1301,台塑,45,1,44,國泰-新莊,2024-07-15,8886
2897,王道銀行,44,2,42,國泰-新莊,2024-07-15,8886
00908,富邦入息REITs+,40,0,40,國泰-新莊,2024-07-15,8886
00927,群益半導體收益,46,6,40,國泰-新莊,2024-07-15,8886
00928,中信上櫃ESG30,38,0,38,國泰-新莊,2024-07-15,8886
2409,友達,171,135,36,國泰-新莊,2024-07-15,8886
8064,東捷,54,18,36,國泰-新莊,2024-07-15,8886
4513,福裕,41,6,35,國泰-新莊,2024-07-15,8886
00679B,元大美債20年,52,17,35,國泰-新莊,2024-07-15,8886
2303,聯電,43,8,35,國泰-新莊,2024-07-15,8886
2610,華航,129,97,32,國泰-新莊,2024-07-15,8886
2641,正德,33,1,32,國泰-新莊,2024-07-15,8886
6116,彩晶,32,0,32,國泰-新莊,2024-07-15,8886
00937B,群益ESG投等債20,506,183,323,國泰-新莊,2024-07-16,8886
00905,FT臺灣Smart,314,0,314,國泰-新莊,2024-07-16,8886
00665L,富邦�琤肭磪囓�2,243,2,241,國泰-新莊,2024-07-16,8886
00919,群益台灣精選高息,286,55,231,國泰-新莊,2024-07-16,8886
00934,中信成長高股息,227,10,217,國泰-新莊,2024-07-16,8886
1460,宏遠,165,0,165,國泰-新莊,2024-07-16,8886
00929,復華台灣科技優息,261,110,151,國泰-新莊,2024-07-16,8886
00688L,國泰20年美債正2,140,1,139,國泰-新莊,2024-07-16,8886
2489,瑞軒,322,215,107,國泰-新莊,2024-07-16,8886
2888,新光金,191,89,102,國泰-新莊,2024-07-16,8886
1609,大亞,152,50,102,國泰-新莊,2024-07-16,8886
0056,元大高股息,153,54,99,國泰-新莊,2024-07-16,8886
3481,群創,473,376,97,國泰-新莊,2024-07-16,8886
00632R,元大台灣50反1,123,30,93,國泰-新莊,2024-07-16,8886
2317,鴻海,131,49,82,國泰-新莊,2024-07-16,8886
5328,華容,117,42,75,國泰-新莊,2024-07-16,8886
00948B,中信優息投資級債,91,22,69,國泰-新莊,2024-07-16,8886
2641,正德,64,0,64,國泰-新莊,2024-07-16,8886
2312,金寶,337,275,62,國泰-新莊,2024-07-16,8886
6443,元晶,81,29,52,國泰-新莊,2024-07-16,8886
1447,力鵬,52,1,51,國泰-新莊,2024-07-16,8886
2610,華航,64,14,50,國泰-新莊,2024-07-16,8886
006205,富邦上証,50,0,50,國泰-新莊,2024-07-16,8886
00636,國泰中國A50,50,0,50,國泰-新莊,2024-07-16,8886
00655L,國泰中國A50正2,50,1,49,國泰-新莊,2024-07-16,8886
00633L,富邦上証正2,50,2,48,國泰-新莊,2024-07-16,8886
00878,國泰永續高股息,82,34,48,國泰-新莊,2024-07-16,8886
1316,上曜,135,93,42,國泰-新莊,2024-07-16,8886
1721,三晃,47,5,42,國泰-新莊,2024-07-16,8886
4526,東台,61,19,42,國泰-新莊,2024-07-16,8886
00946,群益科技高息成長,41,1,40,國泰-新莊,2024-07-16,8886
00936,台新永續高息中小,43,3,40,國泰-新莊,2024-07-16,8886
00650L,復華香港正2,39,0,39,國泰-新莊,2024-07-16,8886
00927,群益半導體收益,49,11,38,國泰-新莊,2024-07-16,8886
6005,群益證,44,8,36,國泰-新莊,2024-07-16,8886
00712,復華富時不動產,87,52,35,國泰-新莊,2024-07-16,8886
1785,光洋科,159,124,35,國泰-新莊,2024-07-16,8886
2365,昆盈,153,120,33,國泰-新莊,2024-07-16,8886
8936,國統,102,69,33,國泰-新莊,2024-07-16,8886
1471,首利,34,2,32,國泰-新莊,2024-07-16,8886
00679B,元大美債20年,66,35,31,國泰-新莊,2024-07-16,8886
00882,中信中國高股息,82,50,32,國泰-新莊,2024-07-16,8886
9103,美德醫療-DR,30,0,30,國泰-新莊,2024-07-16,8886
2303,聯電,35,6,29,國泰-新莊,2024-07-16,8886
4909,新復興,66,38,28,國泰-新莊,2024-07-16,8886
2331,精英,40,12,28,國泰-新莊,2024-07-16,8886
2405,輔信,70,43,27,國泰-新莊,2024-07-16,8886
3021,鴻名,30,3,27,國泰-新莊,2024-07-16,8886
00735,國泰臺韓科技,27,1,26,國泰-新莊,2024-07-16,8886
00928,中信上櫃ESG30,26,0,26,國泰-新莊,2024-07-16,8886
00929,復華台灣科技優息,1157,134,1023,國泰-新莊,2024-07-17,8886
00919,群益台灣精選高息,481,45,436,國泰-新莊,2024-07-17,8886
00665L,富邦�琤肭磪囓�2,243,0,243,國泰-新莊,2024-07-17,8886
00937B,群益ESG投等債20,549,313,236,國泰-新莊,2024-07-17,8886
00878,國泰永續高股息,171,28,143,國泰-新莊,2024-07-17,8886
00857B,永豐20年美公債,138,0,138,國泰-新莊,2024-07-17,8886
00679B,元大美債20年,140,22,118,國泰-新莊,2024-07-17,8886
2618,長榮航,139,23,116,國泰-新莊,2024-07-17,8886
00927,群益半導體收益,98,1,97,國泰-新莊,2024-07-17,8886
3231,緯創,125,28,97,國泰-新莊,2024-07-17,8886
00942B,台新美A公司債20+,100,5,95,國泰-新莊,2024-07-17,8886
2408,南亞科,93,0,93,國泰-新莊,2024-07-17,8886
2888,新光金,129,41,88,國泰-新莊,2024-07-17,8886
00864B,中信美國公債0-1,86,0,86,國泰-新莊,2024-07-17,8886
00905,FT臺灣Smart,90,5,85,國泰-新莊,2024-07-17,8886
2312,金寶,205,121,84,國泰-新莊,2024-07-17,8886
00934,中信成長高股息,121,42,79,國泰-新莊,2024-07-17,8886
00936,台新永續高息中小,95,19,76,國泰-新莊,2024-07-17,8886
1460,宏遠,85,10,75,國泰-新莊,2024-07-17,8886
2891,中信金,93,23,70,國泰-新莊,2024-07-17,8886
2330,台積電,78,11,67,國泰-新莊,2024-07-17,8886
0056,元大高股息,96,30,66,國泰-新莊,2024-07-17,8886
4906,正文,97,32,65,國泰-新莊,2024-07-17,8886
2317,鴻海,112,50,62,國泰-新莊,2024-07-17,8886
2886,兆豐金,60,4,56,國泰-新莊,2024-07-17,8886
00881,國泰台灣5G+,55,5,50,國泰-新莊,2024-07-17,8886
00674R,期元大S＆P黃金反1,50,0,50,國泰-新莊,2024-07-17,8886
00713,元大台灣高息低波,50,1,49,國泰-新莊,2024-07-17,8886
5512,力麒,46,2,44,國泰-新莊,2024-07-17,8886
00724B,群益投資級金融債,61,17,44,國泰-新莊,2024-07-17,8886
006208,富邦台50,50,6,44,國泰-新莊,2024-07-17,8886
1608,華榮,109,66,43,國泰-新莊,2024-07-17,8886
00921,兆豐龍頭等權重,43,0,43,國泰-新莊,2024-07-17,8886
00725B,國泰投資級公司債,52,10,42,國泰-新莊,2024-07-17,8886
00949,復華日本龍頭,45,3,42,國泰-新莊,2024-07-17,8886
2363,矽統,52,11,41,國泰-新莊,2024-07-17,8886
2382,廣達,52,12,40,國泰-新莊,2024-07-17,8886
1409,新纖,69,30,39,國泰-新莊,2024-07-17,8886
00922,國泰台灣領袖50,40,0,40,國泰-新莊,2024-07-17,8886
5880,合庫金,39,0,39,國泰-新莊,2024-07-17,8886
2617,台航,41,2,39,國泰-新莊,2024-07-17,8886
8096,擎亞,63,25,38,國泰-新莊,2024-07-17,8886
2889,國票金,52,16,36,國泰-新莊,2024-07-17,8886
5328,華容,37,2,35,國泰-新莊,2024-07-17,8886
1304,台聚,50,16,34,國泰-新莊,2024-07-17,8886
1471,首利,35,1,34,國泰-新莊,2024-07-17,8886
3049,精金,83,49,34,國泰-新莊,2024-07-17,8886
5426,振發,60,27,33,國泰-新莊,2024-07-17,8886
00882,中信中國高股息,49,16,33,國泰-新莊,2024-07-17,8886
2376,技嘉,36,3,33,國泰-新莊,2024-07-17,8886
00929,復華台灣科技優息,1024,294,730,國泰-新莊,2024-07-18,8886
00937B,群益ESG投等債20,782,94,688,國泰-新莊,2024-07-18,8886
00919,群益台灣精選高息,594,122,472,國泰-新莊,2024-07-18,8886
2888,新光金,245,11,234,國泰-新莊,2024-07-18,8886
00946,群益科技高息成長,217,20,197,國泰-新莊,2024-07-18,8886
00878,國泰永續高股息,247,78,169,國泰-新莊,2024-07-18,8886
00927,群益半導體收益,158,2,156,國泰-新莊,2024-07-18,8886
2317,鴻海,216,75,141,國泰-新莊,2024-07-18,8886
00895,富邦未來車,138,10,128,國泰-新莊,2024-07-18,8886
0056,元大高股息,140,20,120,國泰-新莊,2024-07-18,8886
00934,中信成長高股息,138,18,120,國泰-新莊,2024-07-18,8886
00905,FT臺灣Smart,137,19,118,國泰-新莊,2024-07-18,8886
5512,力麒,120,10,110,國泰-新莊,2024-07-18,8886
00881,國泰台灣5G+,142,41,101,國泰-新莊,2024-07-18,8886
00680L,元大美債20正2,111,12,99,國泰-新莊,2024-07-18,8886
00662,富邦NASDAQ,96,1,95,國泰-新莊,2024-07-18,8886
3481,群創,562,468,94,國泰-新莊,2024-07-18,8886
2330,台積電,120,43,77,國泰-新莊,2024-07-18,8886
3706,神達,86,13,73,國泰-新莊,2024-07-18,8886
2867,三商壽,93,22,71,國泰-新莊,2024-07-18,8886
00941,中信上游半導體,83,14,69,國泰-新莊,2024-07-18,8886
2356,英業達,101,34,67,國泰-新莊,2024-07-18,8886
00936,台新永續高息中小,85,19,66,國泰-新莊,2024-07-18,8886
00948B,中信優息投資級債,73,9,64,國泰-新莊,2024-07-18,8886
00864B,中信美國公債0-1,64,0,64,國泰-新莊,2024-07-18,8886
1303,南亞,77,13,64,國泰-新莊,2024-07-18,8886
1304,台聚,85,22,63,國泰-新莊,2024-07-18,8886
2449,京元電子,86,24,62,國泰-新莊,2024-07-18,8886
00725B,國泰投資級公司債,61,1,60,國泰-新莊,2024-07-18,8886
4142,國光生,60,0,60,國泰-新莊,2024-07-18,8886
2891,中信金,78,18,60,國泰-新莊,2024-07-18,8886
3518,柏騰,61,8,53,國泰-新莊,2024-07-18,8886
2489,瑞軒,219,169,50,國泰-新莊,2024-07-18,8886
1608,華榮,63,13,50,國泰-新莊,2024-07-18,8886
3037,欣興,102,52,50,國泰-新莊,2024-07-18,8886
2610,華航,63,14,49,國泰-新莊,2024-07-18,8886
9945,潤泰新,86,37,49,國泰-新莊,2024-07-18,8886
2382,廣達,67,21,46,國泰-新莊,2024-07-18,8886
2367,燿華,46,5,41,國泰-新莊,2024-07-18,8886
8033,雷虎,59,18,41,國泰-新莊,2024-07-18,8886
9105,泰金寶-DR,103,62,41,國泰-新莊,2024-07-18,8886
2515,中工,55,16,39,國泰-新莊,2024-07-18,8886
6116,彩晶,46,7,39,國泰-新莊,2024-07-18,8886
1316,上曜,76,37,39,國泰-新莊,2024-07-18,8886
6005,群益證,45,7,38,國泰-新莊,2024-07-18,8886
1785,光洋科,155,119,36,國泰-新莊,2024-07-18,8886
1402,遠東新,35,0,35,國泰-新莊,2024-07-18,8886
2618,長榮航,69,34,35,國泰-新莊,2024-07-18,8886
006208,富邦台50,74,42,32,國泰-新莊,2024-07-18,8886
1815,富喬,80,48,32,國泰-新莊,2024-07-18,8886
00929,復華台灣科技優息,1077,101,976,國泰-新莊,2024-07-19,8886
00680L,元大美債20正2,595,4,591,國泰-新莊,2024-07-19,8886
00878,國泰永續高股息,511,99,412,國泰-新莊,2024-07-19,8886
00919,群益台灣精選高息,509,130,379,國泰-新莊,2024-07-19,8886
2867,三商壽,216,12,204,國泰-新莊,2024-07-19,8886
00665L,富邦�琤肭磪囓�2,173,0,173,國泰-新莊,2024-07-19,8886
00934,中信成長高股息,165,6,159,國泰-新莊,2024-07-19,8886
2883,凱基金,188,29,159,國泰-新莊,2024-07-19,8886
0056,元大高股息,206,51,155,國泰-新莊,2024-07-19,8886
1312,國喬,150,0,150,國泰-新莊,2024-07-19,8886
3481,群創,621,477,144,國泰-新莊,2024-07-19,8886
00927,群益半導體收益,130,7,123,國泰-新莊,2024-07-19,8886
2897,王道銀行,118,3,115,國泰-新莊,2024-07-19,8886
2330,台積電,157,47,110,國泰-新莊,2024-07-19,8886
00918,大華優利高填息30,107,9,98,國泰-新莊,2024-07-19,8886
2312,金寶,213,129,84,國泰-新莊,2024-07-19,8886
2365,昆盈,421,340,81,國泰-新莊,2024-07-19,8886
006208,富邦台50,90,11,79,國泰-新莊,2024-07-19,8886
00946,群益科技高息成長,121,42,79,國泰-新莊,2024-07-19,8886
00937B,群益ESG投等債20,486,407,79,國泰-新莊,2024-07-19,8886
3231,緯創,103,28,75,國泰-新莊,2024-07-19,8886
00941,中信上游半導體,88,13,75,國泰-新莊,2024-07-19,8886
00936,台新永續高息中小,90,16,74,國泰-新莊,2024-07-19,8886
9955,佳龍,74,1,73,國泰-新莊,2024-07-19,8886
6026,福邦證,65,2,63,國泰-新莊,2024-07-19,8886
2891,中信金,89,28,61,國泰-新莊,2024-07-19,8886
3689,湧德,76,16,60,國泰-新莊,2024-07-19,8886
00650L,復華香港正2,60,0,60,國泰-新莊,2024-07-19,8886
2528,皇普,60,1,59,國泰-新莊,2024-07-19,8886
4540,全球傳動,59,3,56,國泰-新莊,2024-07-19,8886
00713,元大台灣高息低波,59,4,55,國泰-新莊,2024-07-19,8886
1785,光洋科,137,85,52,國泰-新莊,2024-07-19,8886
6443,元晶,96,44,52,國泰-新莊,2024-07-19,8886
2337,旺宏,52,0,52,國泰-新莊,2024-07-19,8886
1710,東聯,50,0,50,國泰-新莊,2024-07-19,8886
00751B,元大AAA至A公司債,51,1,50,國泰-新莊,2024-07-19,8886
6117,迎廣,72,22,50,國泰-新莊,2024-07-19,8886
00654R,富邦印度反1,50,0,50,國泰-新莊,2024-07-19,8886
00633L,富邦上証正2,50,0,50,國泰-新莊,2024-07-19,8886
00655L,國泰中國A50正2,50,0,50,國泰-新莊,2024-07-19,8886
5864,致和證,51,2,49,國泰-新莊,2024-07-19,8886
00905,FT臺灣Smart,54,5,49,國泰-新莊,2024-07-19,8886
8105,凌巨,137,91,46,國泰-新莊,2024-07-19,8886
00637L,元大滬深300正2,50,5,45,國泰-新莊,2024-07-19,8886
2324,仁寶,65,22,43,國泰-新莊,2024-07-19,8886
2834,臺企銀,39,2,37,國泰-新莊,2024-07-19,8886
5871,中租-KY,39,3,36,國泰-新莊,2024-07-19,8886
2362,藍天,54,20,34,國泰-新莊,2024-07-19,8886
2419,仲琦,198,164,34,國泰-新莊,2024-07-19,8886
1101,台泥,40,6,34,國泰-新莊,2024-07-19,8886
00929,復華台灣科技優息,1593,831,762,國泰-新莊,2024-07-22,8886
00919,群益台灣精選高息,579,141,438,國泰-新莊,2024-07-22,8886
00878,國泰永續高股息,389,122,267,國泰-新莊,2024-07-22,8886
00940,元大台灣價值高息,645,384,261,國泰-新莊,2024-07-22,8886
0056,元大高股息,262,62,200,國泰-新莊,2024-07-22,8886
00934,中信成長高股息,257,84,173,國泰-新莊,2024-07-22,8886
00939,統一台灣高息動能,159,11,148,國泰-新莊,2024-07-22,8886
00795B,中信美國公債20年,153,9,144,國泰-新莊,2024-07-22,8886
00937B,群益ESG投等債20,553,423,130,國泰-新莊,2024-07-22,8886
00946,群益科技高息成長,240,114,126,國泰-新莊,2024-07-22,8886
6443,元晶,131,27,104,國泰-新莊,2024-07-22,8886
00882,中信中國高股息,135,31,104,國泰-新莊,2024-07-22,8886
2317,鴻海,211,110,101,國泰-新莊,2024-07-22,8886
3481,群創,584,491,93,國泰-新莊,2024-07-22,8886
00927,群益半導體收益,87,6,81,國泰-新莊,2024-07-22,8886
00680L,元大美債20正2,78,2,76,國泰-新莊,2024-07-22,8886
6116,彩晶,83,10,73,國泰-新莊,2024-07-22,8886
2509,全坤建,66,0,66,國泰-新莊,2024-07-22,8886
00905,FT臺灣Smart,70,13,57,國泰-新莊,2024-07-22,8886
00918,大華優利高填息30,102,47,55,國泰-新莊,2024-07-22,8886
00713,元大台灣高息低波,63,8,55,國泰-新莊,2024-07-22,8886
3706,神達,84,33,51,國泰-新莊,2024-07-22,8886
00679B,元大美債20年,77,27,50,國泰-新莊,2024-07-22,8886
6806,森崴能源,201,156,45,國泰-新莊,2024-07-22,8886
1316,上曜,63,21,42,國泰-新莊,2024-07-22,8886
00753L,中信中國50正2,63,22,41,國泰-新莊,2024-07-22,8886
00936,台新永續高息中小,57,18,39,國泰-新莊,2024-07-22,8886
006208,富邦台50,62,23,39,國泰-新莊,2024-07-22,8886
00751B,元大AAA至A公司債,50,12,38,國泰-新莊,2024-07-22,8886
3516,亞帝歐,37,0,37,國泰-新莊,2024-07-22,8886
2362,藍天,93,56,37,國泰-新莊,2024-07-22,8886
4532,瑞智,53,18,35,國泰-新莊,2024-07-22,8886
1802,台玻,36,1,35,國泰-新莊,2024-07-22,8886
6108,競國,35,0,35,國泰-新莊,2024-07-22,8886
00631L,元大台灣50正2,71,40,31,國泰-新莊,2024-07-22,8886
3231,緯創,128,96,32,國泰-新莊,2024-07-22,8886
2409,友達,68,38,30,國泰-新莊,2024-07-22,8886
3049,精金,32,2,30,國泰-新莊,2024-07-22,8886
8473,山林水,134,104,30,國泰-新莊,2024-07-22,8886
00947,台新臺灣IC設計,34,4,30,國泰-新莊,2024-07-22,8886
00881,國泰台灣5G+,75,46,29,國泰-新莊,2024-07-22,8886
2303,聯電,53,28,25,國泰-新莊,2024-07-22,8886
00935,野村臺灣新科技50,33,8,25,國泰-新莊,2024-07-22,8886
00675L,富邦臺灣加權正2,38,14,24,國泰-新莊,2024-07-22,8886
2352,佳世達,25,1,24,國泰-新莊,2024-07-22,8886
2330,台積電,76,54,22,國泰-新莊,2024-07-22,8886
00688L,國泰20年美債正2,23,1,22,國泰-新莊,2024-07-22,8886
2349,錸德,28,6,22,國泰-新莊,2024-07-22,8886
4566,時碩工業,44,22,22,國泰-新莊,2024-07-22,8886
3312,弘憶股,62,41,21,國泰-新莊,2024-07-22,8886
00632R,元大台灣50反1,1096,67,1029,國泰-新莊,2024-07-23,8886
00937B,群益ESG投等債20,631,48,583,國泰-新莊,2024-07-23,8886
00929,復華台灣科技優息,531,98,433,國泰-新莊,2024-07-23,8886
3481,群創,707,469,238,國泰-新莊,2024-07-23,8886
2888,新光金,197,15,182,國泰-新莊,2024-07-23,8886
00940,元大台灣價值高息,258,76,182,國泰-新莊,2024-07-23,8886
00637L,元大滬深300正2,100,0,100,國泰-新莊,2024-07-23,8886
00752,中信中國50,150,52,98,國泰-新莊,2024-07-23,8886
4916,事欣科,114,26,88,國泰-新莊,2024-07-23,8886
2409,友達,160,83,77,國泰-新莊,2024-07-23,8886
2867,三商壽,94,31,63,國泰-新莊,2024-07-23,8886
00680L,元大美債20正2,71,12,59,國泰-新莊,2024-07-23,8886
1608,華榮,55,0,55,國泰-新莊,2024-07-23,8886
5512,力麒,133,80,53,國泰-新莊,2024-07-23,8886
00795B,中信美國公債20年,53,2,51,國泰-新莊,2024-07-23,8886
2349,錸德,48,0,48,國泰-新莊,2024-07-23,8886
2408,南亞科,47,5,42,國泰-新莊,2024-07-23,8886
00725B,國泰投資級公司債,43,1,42,國泰-新莊,2024-07-23,8886
00712,復華富時不動產,50,8,42,國泰-新莊,2024-07-23,8886
1785,光洋科,60,19,41,國泰-新莊,2024-07-23,8886
00946,群益科技高息成長,55,14,41,國泰-新莊,2024-07-23,8886
1101,台泥,106,69,37,國泰-新莊,2024-07-23,8886
00688L,國泰20年美債正2,36,1,35,國泰-新莊,2024-07-23,8886
00919,群益台灣精選高息,274,241,33,國泰-新莊,2024-07-23,8886
00918,大華優利高填息30,38,6,32,國泰-新莊,2024-07-23,8886
2891,中信金,50,18,32,國泰-新莊,2024-07-23,8886
00636,國泰中國A50,30,0,30,國泰-新莊,2024-07-23,8886
2495,普安,30,0,30,國泰-新莊,2024-07-23,8886
2353,宏��,42,14,28,國泰-新莊,2024-07-23,8886
2344,華邦電,27,1,26,國泰-新莊,2024-07-23,8886
00927,群益半導體收益,29,3,26,國泰-新莊,2024-07-23,8886
2312,金寶,91,65,26,國泰-新莊,2024-07-23,8886
2845,遠東銀,26,0,26,國泰-新莊,2024-07-23,8886
3207,耀勝,28,3,25,國泰-新莊,2024-07-23,8886
00934,中信成長高股息,39,14,25,國泰-新莊,2024-07-23,8886
1301,台塑,39,15,24,國泰-新莊,2024-07-23,8886
3483,力致,32,9,23,國泰-新莊,2024-07-23,8886
6282,康舒,22,0,22,國泰-新莊,2024-07-23,8886
2884,玉山金,34,12,22,國泰-新莊,2024-07-23,8886
5469,瀚宇博,20,0,20,國泰-新莊,2024-07-23,8886
5515,建國,20,0,20,國泰-新莊,2024-07-23,8886
8064,東捷,79,60,19,國泰-新莊,2024-07-23,8886
8374,羅昇,73,54,19,國泰-新莊,2024-07-23,8886
3231,緯創,48,29,19,國泰-新莊,2024-07-23,8886
3686,達能,21,3,18,國泰-新莊,2024-07-23,8886
0056,元大高股息,73,55,18,國泰-新莊,2024-07-23,8886
2609,陽明,33,16,17,國泰-新莊,2024-07-23,8886
3516,亞帝歐,17,0,17,國泰-新莊,2024-07-23,8886
6177,達麗,43,26,17,國泰-新莊,2024-07-23,8886
1611,中電,31,14,17,國泰-新莊,2024-07-23,8886
00929,復華台灣科技優息,823,110,713,國泰-新莊,2024-07-26,8886
00688L,國泰20年美債正2,524,4,520,國泰-新莊,2024-07-26,8886
00637L,元大滬深300正2,462,113,349,國泰-新莊,2024-07-26,8886
00725B,國泰投資級公司債,328,1,327,國泰-新莊,2024-07-26,8886
00878,國泰永續高股息,353,94,259,國泰-新莊,2024-07-26,8886
00937B,群益ESG投等債20,423,208,215,國泰-新莊,2024-07-26,8886
00940,元大台灣價值高息,331,116,215,國泰-新莊,2024-07-26,8886
2888,新光金,194,5,189,國泰-新莊,2024-07-26,8886
0056,元大高股息,180,17,163,國泰-新莊,2024-07-26,8886
00706L,期元大S＆P日圓正2,149,0,149,國泰-新莊,2024-07-26,8886
00933B,國泰10Y+金融債,152,23,129,國泰-新莊,2024-07-26,8886
2884,玉山金,133,20,113,國泰-新莊,2024-07-26,8886
00919,群益台灣精選高息,313,206,107,國泰-新莊,2024-07-26,8886
2317,鴻海,139,33,106,國泰-新莊,2024-07-26,8886
00939,統一台灣高息動能,131,26,105,國泰-新莊,2024-07-26,8886
00654R,富邦印度反1,100,0,100,國泰-新莊,2024-07-26,8886
9902,台火,104,4,100,國泰-新莊,2024-07-26,8886
00687B,國泰20年美債,129,32,97,國泰-新莊,2024-07-26,8886
00946,群益科技高息成長,132,37,95,國泰-新莊,2024-07-26,8886
00830,國泰費城半導體,93,3,90,國泰-新莊,2024-07-26,8886
00680L,元大美債20正2,92,3,89,國泰-新莊,2024-07-26,8886
2330,台積電,103,29,74,國泰-新莊,2024-07-26,8886
00665L,富邦�琤肭磪囓�2,72,0,72,國泰-新莊,2024-07-26,8886
00881,國泰台灣5G+,73,7,66,國泰-新莊,2024-07-26,8886
00752,中信中國50,65,0,65,國泰-新莊,2024-07-26,8886
00949,復華日本龍頭,71,8,63,國泰-新莊,2024-07-26,8886
00712,復華富時不動產,75,12,63,國泰-新莊,2024-07-26,8886
00931B,統一美債20年,62,0,62,國泰-新莊,2024-07-26,8886
00934,中信成長高股息,77,15,62,國泰-新莊,2024-07-26,8886
1312,國喬,101,40,61,國泰-新莊,2024-07-26,8886
006208,富邦台50,87,26,61,國泰-新莊,2024-07-26,8886
00941,中信上游半導體,56,5,51,國泰-新莊,2024-07-26,8886
00900,富邦特選高股息30,50,0,50,國泰-新莊,2024-07-26,8886
00896,中信綠能及電動車,45,0,45,國泰-新莊,2024-07-26,8886
0050,元大台灣50,48,6,42,國泰-新莊,2024-07-26,8886
2382,廣達,53,10,43,國泰-新莊,2024-07-26,8886
2367,燿華,118,77,41,國泰-新莊,2024-07-26,8886
6175,立敦,41,0,41,國泰-新莊,2024-07-26,8886
00882,中信中國高股息,69,29,40,國泰-新莊,2024-07-26,8886
6005,群益證,39,0,39,國泰-新莊,2024-07-26,8886
2349,錸德,138,100,38,國泰-新莊,2024-07-26,8886
2891,中信金,46,7,39,國泰-新莊,2024-07-26,8886
00895,富邦未來車,40,2,38,國泰-新莊,2024-07-26,8886
2356,英業達,46,9,37,國泰-新莊,2024-07-26,8886
2002,中鋼,43,7,36,國泰-新莊,2024-07-26,8886
00918,大華優利高填息30,37,2,35,國泰-新莊,2024-07-26,8886
00916,國泰全球品牌50,35,0,35,國泰-新莊,2024-07-26,8886
2887,台新金,38,6,32,國泰-新莊,2024-07-26,8886
00927,群益半導體收益,41,11,30,國泰-新莊,2024-07-26,8886
00935,野村臺灣新科技50,35,6,29,國泰-新莊,2024-07-26,8886
00632R,元大台灣50反1,839,62,777,國泰-新莊,2024-07-29,8886
00929,復華台灣科技優息,800,159,641,國泰-新莊,2024-07-29,8886
00878,國泰永續高股息,331,116,215,國泰-新莊,2024-07-29,8886
00937B,群益ESG投等債20,306,109,197,國泰-新莊,2024-07-29,8886
00679B,元大美債20年,185,18,167,國泰-新莊,2024-07-29,8886
00919,群益台灣精選高息,207,57,150,國泰-新莊,2024-07-29,8886
00680L,元大美債20正2,151,3,148,國泰-新莊,2024-07-29,8886
0056,元大高股息,171,27,144,國泰-新莊,2024-07-29,8886
00934,中信成長高股息,136,17,119,國泰-新莊,2024-07-29,8886
00674R,期元大S＆P黃金反1,100,0,100,國泰-新莊,2024-07-29,8886
00951,台新日本半導體,95,2,93,國泰-新莊,2024-07-29,8886
6120,達運,86,1,85,國泰-新莊,2024-07-29,8886
2884,玉山金,83,9,74,國泰-新莊,2024-07-29,8886
3706,神達,80,10,70,國泰-新莊,2024-07-29,8886
2367,燿華,97,35,62,國泰-新莊,2024-07-29,8886
00900,富邦特選高股息30,56,1,55,國泰-新莊,2024-07-29,8886
5443,均豪,222,169,53,國泰-新莊,2024-07-29,8886
00637L,元大滬深300正2,51,0,51,國泰-新莊,2024-07-29,8886
3516,亞帝歐,50,0,50,國泰-新莊,2024-07-29,8886
00720B,元大投資級公司債,47,4,43,國泰-新莊,2024-07-29,8886
00940,元大台灣價值高息,164,121,43,國泰-新莊,2024-07-29,8886
3013,晟銘電,65,23,42,國泰-新莊,2024-07-29,8886
2356,英業達,64,23,41,國泰-新莊,2024-07-29,8886
00918,大華優利高填息30,44,3,41,國泰-新莊,2024-07-29,8886
8033,雷虎,41,0,41,國泰-新莊,2024-07-29,8886
3481,群創,522,482,40,國泰-新莊,2024-07-29,8886
5009,榮剛,40,0,40,國泰-新莊,2024-07-29,8886
00923,群益台ESG低碳50,47,7,40,國泰-新莊,2024-07-29,8886
2891,中信金,59,19,40,國泰-新莊,2024-07-29,8886
1314,中石化,55,15,40,國泰-新莊,2024-07-29,8886
3231,緯創,63,24,39,國泰-新莊,2024-07-29,8886
2867,三商壽,36,2,34,國泰-新莊,2024-07-29,8886
8054,安國,142,110,32,國泰-新莊,2024-07-29,8886
6116,彩晶,31,0,31,國泰-新莊,2024-07-29,8886
00936,台新永續高息中小,34,4,30,國泰-新莊,2024-07-29,8886
00688L,國泰20年美債正2,35,6,29,國泰-新莊,2024-07-29,8886
00949,復華日本龍頭,31,3,28,國泰-新莊,2024-07-29,8886
2312,金寶,54,27,27,國泰-新莊,2024-07-29,8886
00946,群益科技高息成長,60,33,27,國泰-新莊,2024-07-29,8886
00927,群益半導體收益,27,1,26,國泰-新莊,2024-07-29,8886
3293,鈊象,32,7,25,國泰-新莊,2024-07-29,8886
00915,凱基優選高股息30,25,0,25,國泰-新莊,2024-07-29,8886
1612,宏泰,25,0,25,國泰-新莊,2024-07-29,8886
2353,宏��,30,5,25,國泰-新莊,2024-07-29,8886
2324,仁寶,23,1,22,國泰-新莊,2024-07-29,8886
00751B,元大AAA至A公司債,22,0,22,國泰-新莊,2024-07-29,8886
2337,旺宏,21,0,21,國泰-新莊,2024-07-29,8886
3483,力致,32,12,20,國泰-新莊,2024-07-29,8886
6197,佳必琪,38,18,20,國泰-新莊,2024-07-29,8886
2408,南亞科,28,8,20,國泰-新莊,2024-07-29,8886
00937B,群益ESG投等債20,1278,212,1066,國泰-新莊,2024-07-30,8886
00929,復華台灣科技優息,707,164,543,國泰-新莊,2024-07-30,8886
00940,元大台灣價值高息,385,46,339,國泰-新莊,2024-07-30,8886
00637L,元大滬深300正2,316,3,313,國泰-新莊,2024-07-30,8886
00919,群益台灣精選高息,233,65,168,國泰-新莊,2024-07-30,8886
00878,國泰永續高股息,277,135,142,國泰-新莊,2024-07-30,8886
0056,元大高股息,124,8,116,國泰-新莊,2024-07-30,8886
00665L,富邦�琤肭磪囓�2,96,0,96,國泰-新莊,2024-07-30,8886
00655L,國泰中國A50正2,111,21,90,國泰-新莊,2024-07-30,8886
2801,彰銀,108,20,88,國泰-新莊,2024-07-30,8886
00687B,國泰20年美債,110,26,84,國泰-新莊,2024-07-30,8886
00946,群益科技高息成長,78,2,76,國泰-新莊,2024-07-30,8886
2888,新光金,124,51,73,國泰-新莊,2024-07-30,8886
00934,中信成長高股息,68,4,64,國泰-新莊,2024-07-30,8886
00881,國泰台灣5G+,66,8,58,國泰-新莊,2024-07-30,8886
2501,國建,59,3,56,國泰-新莊,2024-07-30,8886
5309,系統電,78,23,55,國泰-新莊,2024-07-30,8886
2891,中信金,61,11,50,國泰-新莊,2024-07-30,8886
00858,永豐美國500大,47,0,47,國泰-新莊,2024-07-30,8886
9945,潤泰新,100,54,46,國泰-新莊,2024-07-30,8886
2344,華邦電,66,22,44,國泰-新莊,2024-07-30,8886
8033,雷虎,48,5,43,國泰-新莊,2024-07-30,8886
00830,國泰費城半導體,38,2,36,國泰-新莊,2024-07-30,8886
2881,富邦金,38,2,36,國泰-新莊,2024-07-30,8886
00909,國泰數位支付服務,35,1,34,國泰-新莊,2024-07-30,8886
00713,元大台灣高息低波,39,9,30,國泰-新莊,2024-07-30,8886
6477,安集,31,2,29,國泰-新莊,2024-07-30,8886
2883,凱基金,40,11,29,國泰-新莊,2024-07-30,8886
00918,大華優利高填息30,31,4,27,國泰-新莊,2024-07-30,8886
2509,全坤建,40,13,27,國泰-新莊,2024-07-30,8886
2884,玉山金,36,10,26,國泰-新莊,2024-07-30,8886
1529,樂事綠能,29,3,26,國泰-新莊,2024-07-30,8886
1301,台塑,25,0,25,國泰-新莊,2024-07-30,8886
2409,友達,33,8,25,國泰-新莊,2024-07-30,8886
00936,台新永續高息中小,23,0,23,國泰-新莊,2024-07-30,8886
3707,漢磊,25,2,23,國泰-新莊,2024-07-30,8886
3706,神達,50,27,23,國泰-新莊,2024-07-30,8886
3689,湧德,26,3,23,國泰-新莊,2024-07-30,8886
2611,志信,24,1,23,國泰-新莊,2024-07-30,8886
1101,台泥,25,3,22,國泰-新莊,2024-07-30,8886
3321,同泰,23,1,22,國泰-新莊,2024-07-30,8886
2301,光寶科,24,3,21,國泰-新莊,2024-07-30,8886
6770,力積電,35,14,21,國泰-新莊,2024-07-30,8886
3189,景碩,43,22,21,國泰-新莊,2024-07-30,8886
1503,士電,28,10,18,國泰-新莊,2024-07-30,8886
4526,東台,37,19,18,國泰-新莊,2024-07-30,8886
2330,台積電,31,13,18,國泰-新莊,2024-07-30,8886
00715L,期街口布蘭特正2,22,5,17,國泰-新莊,2024-07-30,8886
00905,FT臺灣Smart,25,8,17,國泰-新莊,2024-07-30,8886
2845,遠東銀,23,7,16,國泰-新莊,2024-07-30,8886
00929,復華台灣科技優息,479,137,342,國泰-新莊,2024-07-31,8886
1711,永光,143,10,133,國泰-新莊,2024-07-31,8886
00919,群益台灣精選高息,175,57,118,國泰-新莊,2024-07-31,8886
00878,國泰永續高股息,142,29,113,國泰-新莊,2024-07-31,8886
3481,群創,639,530,109,國泰-新莊,2024-07-31,8886
00680L,元大美債20正2,308,201,107,國泰-新莊,2024-07-31,8886
5512,力麒,108,14,94,國泰-新莊,2024-07-31,8886
00753L,中信中國50正2,100,6,94,國泰-新莊,2024-07-31,8886
2509,全坤建,86,0,86,國泰-新莊,2024-07-31,8886
00946,群益科技高息成長,105,24,81,國泰-新莊,2024-07-31,8886
2801,彰銀,102,23,79,國泰-新莊,2024-07-31,8886
00679B,元大美債20年,105,28,77,國泰-新莊,2024-07-31,8886
00940,元大台灣價值高息,127,63,64,國泰-新莊,2024-07-31,8886
00712,復華富時不動產,91,35,56,國泰-新莊,2024-07-31,8886
00881,國泰台灣5G+,55,4,51,國泰-新莊,2024-07-31,8886
911868,同方友友-DR,50,0,50,國泰-新莊,2024-07-31,8886
00688L,國泰20年美債正2,49,0,49,國泰-新莊,2024-07-31,8886
00687B,國泰20年美債,82,35,47,國泰-新莊,2024-07-31,8886
00937B,群益ESG投等債20,157,110,47,國泰-新莊,2024-07-31,8886
2405,輔信,47,1,46,國泰-新莊,2024-07-31,8886
2543,皇昌,45,3,42,國泰-新莊,2024-07-31,8886
1310,台苯,40,0,40,國泰-新莊,2024-07-31,8886
2344,華邦電,45,7,38,國泰-新莊,2024-07-31,8886
0056,元大高股息,64,30,34,國泰-新莊,2024-07-31,8886
00706L,期元大S＆P日圓正2,45,16,29,國泰-新莊,2024-07-31,8886
2891,中信金,29,1,28,國泰-新莊,2024-07-31,8886
3037,欣興,52,24,28,國泰-新莊,2024-07-31,8886
2486,一詮,69,44,25,國泰-新莊,2024-07-31,8886
4804,大略-KY,25,0,25,國泰-新莊,2024-07-31,8886
3715,定穎投控,79,54,25,國泰-新莊,2024-07-31,8886
2409,友達,27,3,24,國泰-新莊,2024-07-31,8886
2367,燿華,40,16,24,國泰-新莊,2024-07-31,8886
3321,同泰,27,3,24,國泰-新莊,2024-07-31,8886
9945,潤泰新,47,25,22,國泰-新莊,2024-07-31,8886
3081,聯亞,21,0,21,國泰-新莊,2024-07-31,8886
5515,建國,23,2,21,國泰-新莊,2024-07-31,8886
6120,達運,20,0,20,國泰-新莊,2024-07-31,8886
1709,和益,20,0,20,國泰-新莊,2024-07-31,8886
2025,千興,21,2,19,國泰-新莊,2024-07-31,8886
1529,樂事綠能,21,2,19,國泰-新莊,2024-07-31,8886
2888,新光金,51,32,19,國泰-新莊,2024-07-31,8886
5519,隆大,22,4,18,國泰-新莊,2024-07-31,8886
4526,東台,61,43,18,國泰-新莊,2024-07-31,8886
00918,大華優利高填息30,22,5,17,國泰-新莊,2024-07-31,8886
00939,統一台灣高息動能,19,2,17,國泰-新莊,2024-07-31,8886
5522,遠雄,20,5,15,國泰-新莊,2024-07-31,8886
2312,金寶,50,36,14,國泰-新莊,2024-07-31,8886
3050,鈺德,35,21,14,國泰-新莊,2024-07-31,8886
3105,穩懋,24,10,14,國泰-新莊,2024-07-31,8886
00751B,元大AAA至A公司債,15,2,13,國泰-新莊,2024-07-31,8886
00937B,群益ESG投等債20,296,60,236,國泰-新莊,2024-08-01,8886
00878,國泰永續高股息,349,152,197,國泰-新莊,2024-08-01,8886
00637L,元大滬深300正2,188,0,188,國泰-新莊,2024-08-01,8886
00687B,國泰20年美債,185,81,104,國泰-新莊,2024-08-01,8886
2349,錸德,267,164,103,國泰-新莊,2024-08-01,8886
00881,國泰台灣5G+,115,18,97,國泰-新莊,2024-08-01,8886
00679B,元大美債20年,143,52,91,國泰-新莊,2024-08-01,8886
2337,旺宏,198,130,68,國泰-新莊,2024-08-01,8886
3481,群創,119,51,68,國泰-新莊,2024-08-01,8886
00673R,期元大S＆P原油反1,105,50,55,國泰-新莊,2024-08-01,8886
00919,群益台灣精選高息,119,67,52,國泰-新莊,2024-08-01,8886
6257,矽格,53,3,50,國泰-新莊,2024-08-01,8886
00688L,國泰20年美債正2,49,1,48,國泰-新莊,2024-08-01,8886
2888,新光金,117,71,46,國泰-新莊,2024-08-01,8886
00662,富邦NASDAQ,40,0,40,國泰-新莊,2024-08-01,8886
2409,友達,50,13,37,國泰-新莊,2024-08-01,8886
00933B,國泰10Y+金融債,43,6,37,國泰-新莊,2024-08-01,8886
00931B,統一美債20年,37,5,32,國泰-新莊,2024-08-01,8886
2363,矽統,115,85,30,國泰-新莊,2024-08-01,8886
00665L,富邦�琤肭磪囓�2,60,30,30,國泰-新莊,2024-08-01,8886
8064,東捷,166,138,28,國泰-新莊,2024-08-01,8886
00720B,元大投資級公司債,40,13,27,國泰-新莊,2024-08-01,8886
00949,復華日本龍頭,33,6,27,國泰-新莊,2024-08-01,8886
2344,華邦電,31,4,27,國泰-新莊,2024-08-01,8886
5443,均豪,220,194,26,國泰-新莊,2024-08-01,8886
00939,統一台灣高息動能,36,11,25,國泰-新莊,2024-08-01,8886
00655L,國泰中國A50正2,85,60,25,國泰-新莊,2024-08-01,8886
00923,群益台ESG低碳50,25,1,24,國泰-新莊,2024-08-01,8886
2905,三商,41,17,24,國泰-新莊,2024-08-01,8886
2883,凱基金,66,42,24,國泰-新莊,2024-08-01,8886
2884,玉山金,25,2,23,國泰-新莊,2024-08-01,8886
00857B,永豐20年美公債,20,0,20,國泰-新莊,2024-08-01,8886
00674R,期元大S＆P黃金反1,20,0,20,國泰-新莊,2024-08-01,8886
3483,力致,40,20,20,國泰-新莊,2024-08-01,8886
1216,統一,22,2,20,國泰-新莊,2024-08-01,8886
00934,中信成長高股息,27,8,19,國泰-新莊,2024-08-01,8886
3522,御嵿,31,12,19,國泰-新莊,2024-08-01,8886
3518,柏騰,23,5,18,國泰-新莊,2024-08-01,8886
6895,宏碩系統,18,0,18,國泰-新莊,2024-08-01,8886
2313,華通,41,23,18,國泰-新莊,2024-08-01,8886
2801,彰銀,19,1,18,國泰-新莊,2024-08-01,8886
00722B,群益投資級電信債,20,3,17,國泰-新莊,2024-08-01,8886
3081,聯亞,18,1,17,國泰-新莊,2024-08-01,8886
3374,精材,62,45,17,國泰-新莊,2024-08-01,8886
00936,台新永續高息中小,17,1,16,國泰-新莊,2024-08-01,8886
3663,鑫科,204,188,16,國泰-新莊,2024-08-01,8886
3535,晶彩科,73,57,16,國泰-新莊,2024-08-01,8886
1309,台達化,15,0,15,國泰-新莊,2024-08-01,8886
5531,鄉林,15,0,15,國泰-新莊,2024-08-01,8886
00945B,凱基美國非投等債,15,0,15,國泰-新莊,2024-08-01,8886
00929,復華台灣科技優息,971,75,896,國泰-新莊,2024-08-02,8886
00878,國泰永續高股息,858,140,718,國泰-新莊,2024-08-02,8886
00919,群益台灣精選高息,644,70,574,國泰-新莊,2024-08-02,8886
00940,元大台灣價值高息,472,56,416,國泰-新莊,2024-08-02,8886
2317,鴻海,341,50,291,國泰-新莊,2024-08-02,8886
00679B,元大美債20年,330,56,274,國泰-新莊,2024-08-02,8886
00881,國泰台灣5G+,268,17,251,國泰-新莊,2024-08-02,8886
00946,群益科技高息成長,195,5,190,國泰-新莊,2024-08-02,8886
00680L,元大美債20正2,242,88,154,國泰-新莊,2024-08-02,8886
0056,元大高股息,176,25,151,國泰-新莊,2024-08-02,8886
00934,中信成長高股息,141,8,133,國泰-新莊,2024-08-02,8886
00687B,國泰20年美債,173,46,127,國泰-新莊,2024-08-02,8886
00923,群益台ESG低碳50,120,3,117,國泰-新莊,2024-08-02,8886
2330,台積電,133,17,116,國泰-新莊,2024-08-02,8886
00951,台新日本半導體,107,7,100,國泰-新莊,2024-08-02,8886
006208,富邦台50,100,3,97,國泰-新莊,2024-08-02,8886
00715L,期街口布蘭特正2,119,24,95,國泰-新莊,2024-08-02,8886
2838,聯邦銀,80,0,80,國泰-新莊,2024-08-02,8886
3037,欣興,117,38,79,國泰-新莊,2024-08-02,8886
00770,國泰北美科技,78,0,78,國泰-新莊,2024-08-02,8886
00941,中信上游半導體,79,3,76,國泰-新莊,2024-08-02,8886
00949,復華日本龍頭,87,12,75,國泰-新莊,2024-08-02,8886
00937B,群益ESG投等債20,237,163,74,國泰-新莊,2024-08-02,8886
2887,台新金,108,34,74,國泰-新莊,2024-08-02,8886
00633L,富邦上証正2,70,0,70,國泰-新莊,2024-08-02,8886
00751B,元大AAA至A公司債,132,65,67,國泰-新莊,2024-08-02,8886
00637L,元大滬深300正2,76,10,66,國泰-新莊,2024-08-02,8886
00830,國泰費城半導體,71,6,65,國泰-新莊,2024-08-02,8886
0050,元大台灣50,73,8,65,國泰-新莊,2024-08-02,8886
00947,台新臺灣IC設計,63,0,63,國泰-新莊,2024-08-02,8886
00936,台新永續高息中小,68,5,63,國泰-新莊,2024-08-02,8886
00665L,富邦�琤肭磪囓�2,75,17,58,國泰-新莊,2024-08-02,8886
00918,大華優利高填息30,67,10,57,國泰-新莊,2024-08-02,8886
00935,野村臺灣新科技50,57,4,53,國泰-新莊,2024-08-02,8886
6235,華孚,62,10,52,國泰-新莊,2024-08-02,8886
00900,富邦特選高股息30,52,0,52,國泰-新莊,2024-08-02,8886
2409,友達,67,17,50,國泰-新莊,2024-08-02,8886
00654R,富邦印度反1,50,0,50,國泰-新莊,2024-08-02,8886
00674R,期元大S＆P黃金反1,50,0,50,國泰-新莊,2024-08-02,8886
2382,廣達,85,37,48,國泰-新莊,2024-08-02,8886
2891,中信金,74,27,47,國泰-新莊,2024-08-02,8886
1314,中石化,54,9,45,國泰-新莊,2024-08-02,8886
00675L,富邦臺灣加權正2,63,19,44,國泰-新莊,2024-08-02,8886
00891,中信關鍵半導體,49,7,42,國泰-新莊,2024-08-02,8886
00933B,國泰10Y+金融債,55,15,40,國泰-新莊,2024-08-02,8886
3024,憶聲,43,4,39,國泰-新莊,2024-08-02,8886
3374,精材,95,57,38,國泰-新莊,2024-08-02,8886
9105,泰金寶-DR,76,38,38,國泰-新莊,2024-08-02,8886
2834,臺企銀,67,29,38,國泰-新莊,2024-08-02,8886
00712,復華富時不動產,59,22,37,國泰-新莊,2024-08-02,8886
00929,復華台灣科技優息,2458,1186,1272,國泰-新莊,2024-08-05,8886
00940,元大台灣價值高息,1515,434,1081,國泰-新莊,2024-08-05,8886
00878,國泰永續高股息,1410,479,931,國泰-新莊,2024-08-05,8886
00688L,國泰20年美債正2,849,80,769,國泰-新莊,2024-08-05,8886
00919,群益台灣精選高息,787,251,536,國泰-新莊,2024-08-05,8886
00680L,元大美債20正2,775,298,477,國泰-新莊,2024-08-05,8886
3481,群創,718,451,267,國泰-新莊,2024-08-05,8886
0056,元大高股息,466,230,236,國泰-新莊,2024-08-05,8886
00679B,元大美債20年,420,214,206,國泰-新莊,2024-08-05,8886
00946,群益科技高息成長,375,172,203,國泰-新莊,2024-08-05,8886
1314,中石化,226,30,196,國泰-新莊,2024-08-05,8886
00715L,期街口布蘭特正2,181,10,171,國泰-新莊,2024-08-05,8886
00706L,期元大S＆P日圓正2,198,50,148,國泰-新莊,2024-08-05,8886
2834,臺企銀,159,12,147,國泰-新莊,2024-08-05,8886
2317,鴻海,274,149,125,國泰-新莊,2024-08-05,8886
2330,台積電,197,74,123,國泰-新莊,2024-08-05,8886
00675L,富邦臺灣加權正2,137,22,115,國泰-新莊,2024-08-05,8886
00936,台新永續高息中小,128,18,110,國泰-新莊,2024-08-05,8886
00941,中信上游半導體,129,21,108,國泰-新莊,2024-08-05,8886
2409,友達,154,50,104,國泰-新莊,2024-08-05,8886
00932,兆豐永續高息等權,105,1,104,國泰-新莊,2024-08-05,8886
2515,中工,134,33,101,國泰-新莊,2024-08-05,8886
00918,大華優利高填息30,104,11,93,國泰-新莊,2024-08-05,8886
006208,富邦台50,177,85,92,國泰-新莊,2024-08-05,8886
00713,元大台灣高息低波,101,14,87,國泰-新莊,2024-08-05,8886
4532,瑞智,87,1,86,國泰-新莊,2024-08-05,8886
0050,元大台灣50,106,23,83,國泰-新莊,2024-08-05,8886
6120,達運,96,15,81,國泰-新莊,2024-08-05,8886
2344,華邦電,94,15,79,國泰-新莊,2024-08-05,8886
2887,台新金,157,79,78,國泰-新莊,2024-08-05,8886
00885,富邦越南,98,21,77,國泰-新莊,2024-08-05,8886
2884,玉山金,104,28,76,國泰-新莊,2024-08-05,8886
6108,競國,75,0,75,國泰-新莊,2024-08-05,8886
00881,國泰台灣5G+,131,58,73,國泰-新莊,2024-08-05,8886
2528,皇普,100,30,70,國泰-新莊,2024-08-05,8886
00923,群益台ESG低碳50,90,21,69,國泰-新莊,2024-08-05,8886
00685L,群益臺灣加權正2,82,14,68,國泰-新莊,2024-08-05,8886
00912,中信臺灣智慧50,67,2,65,國泰-新莊,2024-08-05,8886
00687B,國泰20年美債,361,299,62,國泰-新莊,2024-08-05,8886
6741,91APP*-KY,60,0,60,國泰-新莊,2024-08-05,8886
2501,國建,65,14,51,國泰-新莊,2024-08-05,8886
00770,國泰北美科技,56,5,51,國泰-新莊,2024-08-05,8886
9924,福興,50,0,50,國泰-新莊,2024-08-05,8886
00795B,中信美國公債20年,63,14,49,國泰-新莊,2024-08-05,8886
4510,高鋒,336,287,49,國泰-新莊,2024-08-05,8886
00927,群益半導體收益,52,4,48,國泰-新莊,2024-08-05,8886
00931B,統一美債20年,72,25,47,國泰-新莊,2024-08-05,8886
2002,中鋼,78,31,47,國泰-新莊,2024-08-05,8886
00926,凱基全球菁英55,46,1,45,國泰-新莊,2024-08-05,8886
00917,中信特選金融,45,0,45,國泰-新莊,2024-08-05,8886
00632R,元大台灣50反1,1090,671,419,國泰-新莊,2024-08-06,8886
00929,復華台灣科技優息,843,534,309,國泰-新莊,2024-08-06,8886
0056,元大高股息,250,62,188,國泰-新莊,2024-08-06,8886
00878,國泰永續高股息,380,211,169,國泰-新莊,2024-08-06,8886
00676R,富邦臺灣加權反1,151,0,151,國泰-新莊,2024-08-06,8886
00637L,元大滬深300正2,143,5,138,國泰-新莊,2024-08-06,8886
00946,群益科技高息成長,132,2,130,國泰-新莊,2024-08-06,8886
2887,台新金,169,70,99,國泰-新莊,2024-08-06,8886
00940,元大台灣價值高息,436,336,100,國泰-新莊,2024-08-06,8886
2323,中環,70,0,70,國泰-新莊,2024-08-06,8886
2538,基泰,75,5,70,國泰-新莊,2024-08-06,8886
00923,群益台ESG低碳50,81,12,69,國泰-新莊,2024-08-06,8886
2362,藍天,67,2,65,國泰-新莊,2024-08-06,8886
00936,台新永續高息中小,146,85,61,國泰-新莊,2024-08-06,8886
2609,陽明,149,89,60,國泰-新莊,2024-08-06,8886
3516,亞帝歐,58,0,58,國泰-新莊,2024-08-06,8886
00900,富邦特選高股息30,60,3,57,國泰-新莊,2024-08-06,8886
5608,四維航,67,10,57,國泰-新莊,2024-08-06,8886
2509,全坤建,54,3,51,國泰-新莊,2024-08-06,8886
00948B,中信優息投資級債,64,14,50,國泰-新莊,2024-08-06,8886
3037,欣興,111,64,47,國泰-新莊,2024-08-06,8886
6108,競國,47,0,47,國泰-新莊,2024-08-06,8886
2409,友達,211,167,44,國泰-新莊,2024-08-06,8886
1540,喬福,328,283,45,國泰-新莊,2024-08-06,8886
00706L,期元大S＆P日圓正2,79,35,44,國泰-新莊,2024-08-06,8886
006208,富邦台50,93,50,43,國泰-新莊,2024-08-06,8886
00905,FT臺灣Smart,86,45,41,國泰-新莊,2024-08-06,8886
2337,旺宏,78,38,40,國泰-新莊,2024-08-06,8886
00927,群益半導體收益,43,3,40,國泰-新莊,2024-08-06,8886
00922,國泰台灣領袖50,45,5,40,國泰-新莊,2024-08-06,8886
6120,達運,87,48,39,國泰-新莊,2024-08-06,8886
2883,凱基金,105,66,39,國泰-新莊,2024-08-06,8886
00918,大華優利高填息30,43,6,37,國泰-新莊,2024-08-06,8886
3013,晟銘電,64,27,37,國泰-新莊,2024-08-06,8886
2834,臺企銀,48,16,32,國泰-新莊,2024-08-06,8886
6788,華景電,31,0,31,國泰-新莊,2024-08-06,8886
6186,新潤,33,3,30,國泰-新莊,2024-08-06,8886
6658,聯策,30,0,30,國泰-新莊,2024-08-06,8886
2002,中鋼,59,30,29,國泰-新莊,2024-08-06,8886
00655L,國泰中國A50正2,28,0,28,國泰-新莊,2024-08-06,8886
00715L,期街口布蘭特正2,73,45,28,國泰-新莊,2024-08-06,8886
2501,國建,58,30,28,國泰-新莊,2024-08-06,8886
00891,中信關鍵半導體,100,72,28,國泰-新莊,2024-08-06,8886
2201,裕隆,27,1,26,國泰-新莊,2024-08-06,8886
00951,台新日本半導體,27,2,25,國泰-新莊,2024-08-06,8886
3686,達能,28,3,25,國泰-新莊,2024-08-06,8886
3081,聯亞,25,1,24,國泰-新莊,2024-08-06,8886
0050,元大台灣50,71,48,23,國泰-新莊,2024-08-06,8886
6005,群益證,25,2,23,國泰-新莊,2024-08-06,8886
1815,富喬,83,60,23,國泰-新莊,2024-08-06,8886
00632R,元大台灣50反1,1026,688,338,國泰-新莊,2024-08-07,8886
00929,復華台灣科技優息,559,362,197,國泰-新莊,2024-08-07,8886
00679B,元大美債20年,244,92,152,國泰-新莊,2024-08-07,8886
00905,FT臺灣Smart,174,25,149,國泰-新莊,2024-08-07,8886
2882,國泰金,164,15,149,國泰-新莊,2024-08-07,8886
00724B,群益投資級金融債,87,0,87,國泰-新莊,2024-08-07,8886
6213,聯茂,121,36,85,國泰-新莊,2024-08-07,8886
00919,群益台灣精選高息,329,246,83,國泰-新莊,2024-08-07,8886
2317,鴻海,210,136,74,國泰-新莊,2024-08-07,8886
00830,國泰費城半導體,72,2,70,國泰-新莊,2024-08-07,8886
00753L,中信中國50正2,70,0,70,國泰-新莊,2024-08-07,8886
2834,臺企銀,78,8,70,國泰-新莊,2024-08-07,8886
00680L,元大美債20正2,380,314,66,國泰-新莊,2024-08-07,8886
00715L,期街口布蘭特正2,81,16,65,國泰-新莊,2024-08-07,8886
2886,兆豐金,69,12,57,國泰-新莊,2024-08-07,8886
00688L,國泰20年美債正2,105,59,46,國泰-新莊,2024-08-07,8886
2528,皇普,45,0,45,國泰-新莊,2024-08-07,8886
2887,台新金,46,1,45,國泰-新莊,2024-08-07,8886
00882,中信中國高股息,52,10,42,國泰-新莊,2024-08-07,8886
6116,彩晶,36,0,36,國泰-新莊,2024-08-07,8886
0056,元大高股息,96,62,34,國泰-新莊,2024-08-07,8886
1316,上曜,44,13,31,國泰-新莊,2024-08-07,8886
00918,大華優利高填息30,64,34,30,國泰-新莊,2024-08-07,8886
00936,台新永續高息中小,67,37,30,國泰-新莊,2024-08-07,8886
9105,泰金寶-DR,37,9,28,國泰-新莊,2024-08-07,8886
00685L,群益臺灣加權正2,33,6,27,國泰-新莊,2024-08-07,8886
2542,興富發,84,57,27,國泰-新莊,2024-08-07,8886
2382,廣達,81,55,26,國泰-新莊,2024-08-07,8886
2867,三商壽,23,0,23,國泰-新莊,2024-08-07,8886
2102,泰豐,22,0,22,國泰-新莊,2024-08-07,8886
00675L,富邦臺灣加權正2,37,15,22,國泰-新莊,2024-08-07,8886
3466,德晉,21,1,20,國泰-新莊,2024-08-07,8886
00642U,期元大S＆P石油,20,0,20,國泰-新莊,2024-08-07,8886
3049,精金,20,0,20,國泰-新莊,2024-08-07,8886
00720B,元大投資級公司債,20,0,20,國泰-新莊,2024-08-07,8886
2356,英業達,57,37,20,國泰-新莊,2024-08-07,8886
3060,銘異,20,1,19,國泰-新莊,2024-08-07,8886
2637,慧洋-KY,20,1,19,國泰-新莊,2024-08-07,8886
00713,元大台灣高息低波,22,3,19,國泰-新莊,2024-08-07,8886
3711,日月光投控,26,7,19,國泰-新莊,2024-08-07,8886
1591,駿吉-KY,18,0,18,國泰-新莊,2024-08-07,8886
00923,群益台ESG低碳50,21,3,18,國泰-新莊,2024-08-07,8886
00891,中信關鍵半導體,24,6,18,國泰-新莊,2024-08-07,8886
5880,合庫金,18,1,17,國泰-新莊,2024-08-07,8886
3081,聯亞,20,3,17,國泰-新莊,2024-08-07,8886
2884,玉山金,24,8,16,國泰-新莊,2024-08-07,8886
00915,凱基優選高股息30,21,5,16,國泰-新莊,2024-08-07,8886
2880,華南金,17,1,16,國泰-新莊,2024-08-07,8886
2362,藍天,27,11,16,國泰-新莊,2024-08-07,8886
00946,群益科技高息成長,21,5,16,國泰-新莊,2024-08-07,8886
00937B,群益ESG投等債20,463,110,353,國泰-新莊,2024-08-08,8886
00878,國泰永續高股息,371,127,244,國泰-新莊,2024-08-08,8886
00929,復華台灣科技優息,494,257,237,國泰-新莊,2024-08-08,8886
00940,元大台灣價值高息,247,21,226,國泰-新莊,2024-08-08,8886
00688L,國泰20年美債正2,196,6,190,國泰-新莊,2024-08-08,8886
2317,鴻海,179,82,97,國泰-新莊,2024-08-08,8886
00687B,國泰20年美債,131,34,97,國泰-新莊,2024-08-08,8886
00751B,元大AAA至A公司債,127,31,96,國泰-新莊,2024-08-08,8886
00919,群益台灣精選高息,182,87,95,國泰-新莊,2024-08-08,8886
00795B,中信美國公債20年,165,71,94,國泰-新莊,2024-08-08,8886
2886,兆豐金,108,23,85,國泰-新莊,2024-08-08,8886
00679B,元大美債20年,104,20,84,國泰-新莊,2024-08-08,8886
00905,FT臺灣Smart,216,150,66,國泰-新莊,2024-08-08,8886
00900,富邦特選高股息30,64,10,54,國泰-新莊,2024-08-08,8886
2834,臺企銀,70,17,53,國泰-新莊,2024-08-08,8886
3047,訊舟,160,109,51,國泰-新莊,2024-08-08,8886
2897A,王道銀甲特,50,0,50,國泰-新莊,2024-08-08,8886
2489,瑞軒,170,121,49,國泰-新莊,2024-08-08,8886
6770,力積電,83,36,47,國泰-新莊,2024-08-08,8886
3706,神達,75,28,47,國泰-新莊,2024-08-08,8886
00948B,中信優息投資級債,46,0,46,國泰-新莊,2024-08-08,8886
4906,正文,46,0,46,國泰-新莊,2024-08-08,8886
00926,凱基全球菁英55,40,0,40,國泰-新莊,2024-08-08,8886
00654R,富邦印度反1,40,0,40,國泰-新莊,2024-08-08,8886
00933B,國泰10Y+金融債,53,15,38,國泰-新莊,2024-08-08,8886
2615,萬海,127,92,35,國泰-新莊,2024-08-08,8886
2515,中工,44,9,35,國泰-新莊,2024-08-08,8886
1540,喬福,263,229,34,國泰-新莊,2024-08-08,8886
00891,中信關鍵半導體,34,1,33,國泰-新莊,2024-08-08,8886
2892,第一金,39,6,33,國泰-新莊,2024-08-08,8886
2376,技嘉,42,11,31,國泰-新莊,2024-08-08,8886
00722B,群益投資級電信債,31,0,31,國泰-新莊,2024-08-08,8886
2356,英業達,57,27,30,國泰-新莊,2024-08-08,8886
3376,新日興,60,30,30,國泰-新莊,2024-08-08,8886
2258,鴻華先進-創,30,0,30,國泰-新莊,2024-08-08,8886
00675L,富邦臺灣加權正2,37,8,29,國泰-新莊,2024-08-08,8886
6117,迎廣,29,0,29,國泰-新莊,2024-08-08,8886
00720B,元大投資級公司債,29,2,27,國泰-新莊,2024-08-08,8886
2609,陽明,41,14,27,國泰-新莊,2024-08-08,8886
00949,復華日本龍頭,27,2,25,國泰-新莊,2024-08-08,8886
00680L,元大美債20正2,187,163,24,國泰-新莊,2024-08-08,8886
2409,友達,40,17,23,國泰-新莊,2024-08-08,8886
1316,上曜,45,22,23,國泰-新莊,2024-08-08,8886
00918,大華優利高填息30,23,0,23,國泰-新莊,2024-08-08,8886
3019,亞光,60,37,23,國泰-新莊,2024-08-08,8886
00941,中信上游半導體,25,3,22,國泰-新莊,2024-08-08,8886
00671R,富邦NASDAQ反1,21,0,21,國泰-新莊,2024-08-08,8886
006208,富邦台50,32,11,21,國泰-新莊,2024-08-08,8886
00830,國泰費城半導體,42,22,20,國泰-新莊,2024-08-08,8886
00921,兆豐龍頭等權重,20,0,20,國泰-新莊,2024-08-08,8886
00632R,元大台灣50反1,1472,451,1021,國泰-新莊,2024-08-09,8886
00937B,群益ESG投等債20,436,182,254,國泰-新莊,2024-08-09,8886
00679B,元大美債20年,285,35,250,國泰-新莊,2024-08-09,8886
00687B,國泰20年美債,248,40,208,國泰-新莊,2024-08-09,8886
00795B,中信美國公債20年,213,7,206,國泰-新莊,2024-08-09,8886
00878,國泰永續高股息,449,308,141,國泰-新莊,2024-08-09,8886
00945B,凱基美國非投等債,126,0,126,國泰-新莊,2024-08-09,8886
00674R,期元大S＆P黃金反1,100,0,100,國泰-新莊,2024-08-09,8886
00933B,國泰10Y+金融債,129,35,94,國泰-新莊,2024-08-09,8886
00641R,富邦日本反1,90,0,90,國泰-新莊,2024-08-09,8886
00688L,國泰20年美債正2,91,3,88,國泰-新莊,2024-08-09,8886
2867,三商壽,78,0,78,國泰-新莊,2024-08-09,8886
00946,群益科技高息成長,79,2,77,國泰-新莊,2024-08-09,8886
00948B,中信優息投資級債,77,2,75,國泰-新莊,2024-08-09,8886
00654R,富邦印度反1,70,0,70,國泰-新莊,2024-08-09,8886
6153,嘉聯益,60,0,60,國泰-新莊,2024-08-09,8886
1312,國喬,60,1,59,國泰-新莊,2024-08-09,8886
00637L,元大滬深300正2,366,311,55,國泰-新莊,2024-08-09,8886
00676R,富邦臺灣加權反1,55,0,55,國泰-新莊,2024-08-09,8886
2887,台新金,65,10,55,國泰-新莊,2024-08-09,8886
2601,益航,52,1,51,國泰-新莊,2024-08-09,8886
8096,擎亞,134,83,51,國泰-新莊,2024-08-09,8886
2897A,王道銀甲特,50,0,50,國泰-新莊,2024-08-09,8886
00669R,國泰美國道瓊反1,50,0,50,國泰-新莊,2024-08-09,8886
3231,緯創,100,56,44,國泰-新莊,2024-08-09,8886
2489,瑞軒,215,172,43,國泰-新莊,2024-08-09,8886
2349,錸德,158,117,41,國泰-新莊,2024-08-09,8886
4566,時碩工業,68,28,40,國泰-新莊,2024-08-09,8886
00664R,國泰臺灣加權反1,40,0,40,國泰-新莊,2024-08-09,8886
00923,群益台ESG低碳50,57,20,37,國泰-新莊,2024-08-09,8886
6603,富強鑫,67,31,36,國泰-新莊,2024-08-09,8886
00919,群益台灣精選高息,197,161,36,國泰-新莊,2024-08-09,8886
2890,永豐金,82,50,32,國泰-新莊,2024-08-09,8886
2337,旺宏,56,25,31,國泰-新莊,2024-08-09,8886
00751B,元大AAA至A公司債,36,6,30,國泰-新莊,2024-08-09,8886
2838,聯邦銀,30,0,30,國泰-新莊,2024-08-09,8886
2353,宏��,35,8,27,國泰-新莊,2024-08-09,8886
2323,中環,35,8,27,國泰-新莊,2024-08-09,8886
2243,宏旭-KY,48,22,26,國泰-新莊,2024-08-09,8886
3715,定穎投控,106,80,26,國泰-新莊,2024-08-09,8886
1216,統一,31,5,26,國泰-新莊,2024-08-09,8886
2834,臺企銀,35,11,24,國泰-新莊,2024-08-09,8886
00949,復華日本龍頭,27,2,25,國泰-新莊,2024-08-09,8886
9945,潤泰新,38,14,24,國泰-新莊,2024-08-09,8886
2365,昆盈,430,407,23,國泰-新莊,2024-08-09,8886
2317,鴻海,156,134,22,國泰-新莊,2024-08-09,8886
3516,亞帝歐,22,0,22,國泰-新莊,2024-08-09,8886
00712,復華富時不動產,26,4,22,國泰-新莊,2024-08-09,8886
00722B,群益投資級電信債,21,0,21,國泰-新莊,2024-08-09,8886
2406,國碩,22,2,20,國泰-新莊,2024-08-09,8886
00632R,元大台灣50反1,1944,464,1480,國泰-新莊,2024-08-12,8886
00680L,元大美債20正2,757,29,728,國泰-新莊,2024-08-12,8886
00688L,國泰20年美債正2,529,152,377,國泰-新莊,2024-08-12,8886
00679B,元大美債20年,241,28,213,國泰-新莊,2024-08-12,8886
2312,金寶,314,145,169,國泰-新莊,2024-08-12,8886
00936,台新永續高息中小,153,1,152,國泰-新莊,2024-08-12,8886
00929,復華台灣科技優息,352,232,120,國泰-新莊,2024-08-12,8886
1442,名軒,74,0,74,國泰-新莊,2024-08-12,8886
00665L,富邦�琤肭磪囓�2,64,0,64,國泰-新莊,2024-08-12,8886
00878,國泰永續高股息,201,142,59,國泰-新莊,2024-08-12,8886
00676R,富邦臺灣加權反1,55,0,55,國泰-新莊,2024-08-12,8886
00685L,群益臺灣加權正2,53,8,45,國泰-新莊,2024-08-12,8886
2610,華航,89,47,42,國泰-新莊,2024-08-12,8886
00715L,期街口布蘭特正2,52,10,42,國泰-新莊,2024-08-12,8886
2542,興富發,51,10,41,國泰-新莊,2024-08-12,8886
6603,富強鑫,40,0,40,國泰-新莊,2024-08-12,8886
1310,台苯,40,1,39,國泰-新莊,2024-08-12,8886
2891,中信金,46,8,38,國泰-新莊,2024-08-12,8886
2883,凱基金,132,95,37,國泰-新莊,2024-08-12,8886
4562,穎漢,162,128,34,國泰-新莊,2024-08-12,8886
3663,鑫科,234,200,34,國泰-新莊,2024-08-12,8886
00919,群益台灣精選高息,73,42,31,國泰-新莊,2024-08-12,8886
2070,精湛,30,0,30,國泰-新莊,2024-08-12,8886
2905,三商,30,0,30,國泰-新莊,2024-08-12,8886
2486,一詮,57,27,30,國泰-新莊,2024-08-12,8886
2359,所羅門,140,110,30,國泰-新莊,2024-08-12,8886
00712,復華富時不動產,29,0,29,國泰-新莊,2024-08-12,8886
2409,友達,40,12,28,國泰-新莊,2024-08-12,8886
2356,英業達,47,20,27,國泰-新莊,2024-08-12,8886
00942B,台新美A公司債20+,27,0,27,國泰-新莊,2024-08-12,8886
0056,元大高股息,66,40,26,國泰-新莊,2024-08-12,8886
2515,中工,29,4,25,國泰-新莊,2024-08-12,8886
3032,偉訓,26,1,25,國泰-新莊,2024-08-12,8886
9105,泰金寶-DR,28,3,25,國泰-新莊,2024-08-12,8886
3290,東浦,25,0,25,國泰-新莊,2024-08-12,8886
00881,國泰台灣5G+,54,32,22,國泰-新莊,2024-08-12,8886
2801,彰銀,22,0,22,國泰-新莊,2024-08-12,8886
8374,羅昇,89,68,21,國泰-新莊,2024-08-12,8886
2317,鴻海,182,161,21,國泰-新莊,2024-08-12,8886
00720B,元大投資級公司債,21,0,21,國泰-新莊,2024-08-12,8886
2002,中鋼,52,31,21,國泰-新莊,2024-08-12,8886
2516,新建,20,0,20,國泰-新莊,2024-08-12,8886
1903,士紙,20,0,20,國泰-新莊,2024-08-12,8886
00740B,富邦全球投等債,30,10,20,國泰-新莊,2024-08-12,8886
3522,御嵿,24,4,20,國泰-新莊,2024-08-12,8886
6216,居易,19,0,19,國泰-新莊,2024-08-12,8886
5202,力新,22,3,19,國泰-新莊,2024-08-12,8886
1718,中纖,20,2,18,國泰-新莊,2024-08-12,8886
3535,晶彩科,25,7,18,國泰-新莊,2024-08-12,8886
3518,柏騰,25,7,18,國泰-新莊,2024-08-12,8886
00632R,元大台灣50反1,442,73,369,國泰-新莊,2024-08-13,8886
00673R,期元大S＆P原油反1,205,0,205,國泰-新莊,2024-08-13,8886
00929,復華台灣科技優息,219,67,152,國泰-新莊,2024-08-13,8886
4142,國光生,150,2,148,國泰-新莊,2024-08-13,8886
00687B,國泰20年美債,148,14,134,國泰-新莊,2024-08-13,8886
00937B,群益ESG投等債20,251,134,117,國泰-新莊,2024-08-13,8886
00895,富邦未來車,103,2,101,國泰-新莊,2024-08-13,8886
2506,太設,99,7,92,國泰-新莊,2024-08-13,8886
2880,華南金,84,2,82,國泰-新莊,2024-08-13,8886
00948B,中信優息投資級債,49,1,48,國泰-新莊,2024-08-13,8886
1609,大亞,59,12,47,國泰-新莊,2024-08-13,8886
00881,國泰台灣5G+,56,9,47,國泰-新莊,2024-08-13,8886
00712,復華富時不動產,47,2,45,國泰-新莊,2024-08-13,8886
2886,兆豐金,57,12,45,國泰-新莊,2024-08-13,8886
00795B,中信美國公債20年,52,10,42,國泰-新莊,2024-08-13,8886
1446,宏和,43,3,40,國泰-新莊,2024-08-13,8886
00642U,期元大S＆P石油,40,0,40,國泰-新莊,2024-08-13,8886
6470,宇智,36,0,36,國泰-新莊,2024-08-13,8886
2891,中信金,46,13,33,國泰-新莊,2024-08-13,8886
00907,永豐優息存股,33,0,33,國泰-新莊,2024-08-13,8886
5488,松普,31,0,31,國泰-新莊,2024-08-13,8886
6265,方土昶,30,0,30,國泰-新莊,2024-08-13,8886
00878,國泰永續高股息,93,64,29,國泰-新莊,2024-08-13,8886
2615,萬海,147,120,27,國泰-新莊,2024-08-13,8886
2070,精湛,30,3,27,國泰-新莊,2024-08-13,8886
1597,直得,54,28,26,國泰-新莊,2024-08-13,8886
2509,全坤建,26,1,25,國泰-新莊,2024-08-13,8886
1101,台泥,62,37,25,國泰-新莊,2024-08-13,8886
00905,FT臺灣Smart,68,43,25,國泰-新莊,2024-08-13,8886
2353,宏��,24,2,22,國泰-新莊,2024-08-13,8886
3013,晟銘電,144,122,22,國泰-新莊,2024-08-13,8886
2201,裕隆,21,0,21,國泰-新莊,2024-08-13,8886
2356,英業達,39,19,20,國泰-新莊,2024-08-13,8886
00674R,期元大S＆P黃金反1,20,0,20,國泰-新莊,2024-08-13,8886
00637L,元大滬深300正2,35,15,20,國泰-新莊,2024-08-13,8886
2601,益航,20,0,20,國泰-新莊,2024-08-13,8886
6245,立端,22,3,19,國泰-新莊,2024-08-13,8886
3551,世禾,18,0,18,國泰-新莊,2024-08-13,8886
00933B,國泰10Y+金融債,17,0,17,國泰-新莊,2024-08-13,8886
3663,鑫科,106,89,17,國泰-新莊,2024-08-13,8886
2881,富邦金,18,1,17,國泰-新莊,2024-08-13,8886
00679B,元大美債20年,64,48,16,國泰-新莊,2024-08-13,8886
4174,浩鼎,31,15,16,國泰-新莊,2024-08-13,8886
1314,中石化,16,0,16,國泰-新莊,2024-08-13,8886
2368,金像電,18,3,15,國泰-新莊,2024-08-13,8886
2486,一詮,35,20,15,國泰-新莊,2024-08-13,8886
2527,宏璟,16,1,15,國泰-新莊,2024-08-13,8886
2002,中鋼,15,1,14,國泰-新莊,2024-08-13,8886
1409,新纖,14,0,14,國泰-新莊,2024-08-13,8886
1321,大洋,15,1,14,國泰-新莊,2024-08-13,8886
00632R,元大台灣50反1,1036,400,636,國泰-新莊,2024-08-14,8886
2867,三商壽,400,10,390,國泰-新莊,2024-08-14,8886
00680L,元大美債20正2,384,8,376,國泰-新莊,2024-08-14,8886
00715L,期街口布蘭特正2,351,1,350,國泰-新莊,2024-08-14,8886
00679B,元大美債20年,283,20,263,國泰-新莊,2024-08-14,8886
00687B,國泰20年美債,270,23,247,國泰-新莊,2024-08-14,8886
00878,國泰永續高股息,276,93,183,國泰-新莊,2024-08-14,8886
1101,台泥,164,32,132,國泰-新莊,2024-08-14,8886
00688L,國泰20年美債正2,133,54,79,國泰-新莊,2024-08-14,8886
6108,競國,71,0,71,國泰-新莊,2024-08-14,8886
8110,華東,61,1,60,國泰-新莊,2024-08-14,8886
3450,聯鈞,80,22,58,國泰-新莊,2024-08-14,8886
00900,富邦特選高股息30,74,18,56,國泰-新莊,2024-08-14,8886
00676R,富邦臺灣加權反1,55,0,55,國泰-新莊,2024-08-14,8886
2376,技嘉,159,105,54,國泰-新莊,2024-08-14,8886
00932,兆豐永續高息等權,52,0,52,國泰-新莊,2024-08-14,8886
3048,益登,76,28,48,國泰-新莊,2024-08-14,8886
00665L,富邦�琤肭磪囓�2,51,3,48,國泰-新莊,2024-08-14,8886
1402,遠東新,50,5,45,國泰-新莊,2024-08-14,8886
3047,訊舟,74,30,44,國泰-新莊,2024-08-14,8886
2897,王道銀行,70,27,43,國泰-新莊,2024-08-14,8886
2365,昆盈,300,257,43,國泰-新莊,2024-08-14,8886
2506,太設,40,1,39,國泰-新莊,2024-08-14,8886
00795B,中信美國公債20年,39,0,39,國泰-新莊,2024-08-14,8886
00931B,統一美債20年,44,6,38,國泰-新莊,2024-08-14,8886
2409,友達,60,23,37,國泰-新莊,2024-08-14,8886
00719B,元大美債1-3,36,0,36,國泰-新莊,2024-08-14,8886
00772B,中信高評級公司債,40,6,34,國泰-新莊,2024-08-14,8886
2359,所羅門,161,128,33,國泰-新莊,2024-08-14,8886
00941,中信上游半導體,34,5,29,國泰-新莊,2024-08-14,8886
8150,南茂,40,12,28,國泰-新莊,2024-08-14,8886
2464,盟立,62,34,28,國泰-新莊,2024-08-14,8886
6177,達麗,27,1,26,國泰-新莊,2024-08-14,8886
00881,國泰台灣5G+,90,64,26,國泰-新莊,2024-08-14,8886
2356,英業達,76,53,23,國泰-新莊,2024-08-14,8886
6186,新潤,28,5,23,國泰-新莊,2024-08-14,8886
3303,岱稜,47,25,22,國泰-新莊,2024-08-14,8886
2374,佳能,43,21,22,國泰-新莊,2024-08-14,8886
3312,弘憶股,33,12,21,國泰-新莊,2024-08-14,8886
2801,彰銀,22,2,20,國泰-新莊,2024-08-14,8886
6156,松上,20,0,20,國泰-新莊,2024-08-14,8886
6288,聯嘉,26,6,20,國泰-新莊,2024-08-14,8886
2534,宏盛,20,0,20,國泰-新莊,2024-08-14,8886
4956,光鋐,20,1,19,國泰-新莊,2024-08-14,8886
6269,台郡,28,10,18,國泰-新莊,2024-08-14,8886
4555,氣立,26,10,16,國泰-新莊,2024-08-14,8886
2880,華南金,31,15,16,國泰-新莊,2024-08-14,8886
2886,兆豐金,27,11,16,國泰-新莊,2024-08-14,8886
3019,亞光,109,94,15,國泰-新莊,2024-08-14,8886
2615,萬海,105,91,14,國泰-新莊,2024-08-14,8886
00878,國泰永續高股息,573,61,512,國泰-新莊,2024-08-15,8886
00687B,國泰20年美債,416,23,393,國泰-新莊,2024-08-15,8886
00900,富邦特選高股息30,343,7,336,國泰-新莊,2024-08-15,8886
1101,台泥,368,35,333,國泰-新莊,2024-08-15,8886
00881,國泰台灣5G+,228,41,187,國泰-新莊,2024-08-15,8886
00688L,國泰20年美債正2,191,20,171,國泰-新莊,2024-08-15,8886
00937B,群益ESG投等債20,203,70,133,國泰-新莊,2024-08-15,8886
00679B,元大美債20年,291,168,123,國泰-新莊,2024-08-15,8886
2883,凱基金,108,23,85,國泰-新莊,2024-08-15,8886
00725B,國泰投資級公司債,80,1,79,國泰-新莊,2024-08-15,8886
00923,群益台ESG低碳50,64,2,62,國泰-新莊,2024-08-15,8886
9934,成霖,60,4,56,國泰-新莊,2024-08-15,8886
00795B,中信美國公債20年,66,12,54,國泰-新莊,2024-08-15,8886
00648R,元大S＆P500反1,50,0,50,國泰-新莊,2024-08-15,8886
00669R,國泰美國道瓊反1,50,0,50,國泰-新莊,2024-08-15,8886
00690,兆豐藍籌30,46,0,46,國泰-新莊,2024-08-15,8886
00720B,元大投資級公司債,50,4,46,國泰-新莊,2024-08-15,8886
2801,彰銀,44,0,44,國泰-新莊,2024-08-15,8886
00919,群益台灣精選高息,72,32,40,國泰-新莊,2024-08-15,8886
00640L,富邦日本正2,40,0,40,國泰-新莊,2024-08-15,8886
2891,中信金,44,10,34,國泰-新莊,2024-08-15,8886
8054,安國,65,32,33,國泰-新莊,2024-08-15,8886
2344,華邦電,34,2,32,國泰-新莊,2024-08-15,8886
2312,金寶,138,107,31,國泰-新莊,2024-08-15,8886
2534,宏盛,31,0,31,國泰-新莊,2024-08-15,8886
2506,太設,30,0,30,國泰-新莊,2024-08-15,8886
6108,競國,30,0,30,國泰-新莊,2024-08-15,8886
2539,櫻花建,30,1,29,國泰-新莊,2024-08-15,8886
2884,玉山金,37,9,28,國泰-新莊,2024-08-15,8886
00946,群益科技高息成長,33,6,27,國泰-新莊,2024-08-15,8886
8374,羅昇,161,134,27,國泰-新莊,2024-08-15,8886
2887,台新金,31,5,26,國泰-新莊,2024-08-15,8886
6152,百一,25,1,24,國泰-新莊,2024-08-15,8886
2886,兆豐金,37,13,24,國泰-新莊,2024-08-15,8886
1514,亞力,54,31,23,國泰-新莊,2024-08-15,8886
2903,遠百,26,3,23,國泰-新莊,2024-08-15,8886
00936,台新永續高息中小,27,5,22,國泰-新莊,2024-08-15,8886
1513,中興電,67,45,22,國泰-新莊,2024-08-15,8886
2515,中工,74,53,21,國泰-新莊,2024-08-15,8886
1313,聯成,47,26,21,國泰-新莊,2024-08-15,8886
6425,易發,22,1,21,國泰-新莊,2024-08-15,8886
1907,永豐餘,20,0,20,國泰-新莊,2024-08-15,8886
00933B,國泰10Y+金融債,32,12,20,國泰-新莊,2024-08-15,8886
2009,第一銅,21,4,17,國泰-新莊,2024-08-15,8886
2317,鴻海,112,95,17,國泰-新莊,2024-08-15,8886
3322,建舜電,17,0,17,國泰-新莊,2024-08-15,8886
9933,中鼎,17,0,17,國泰-新莊,2024-08-15,8886
00907,永豐優息存股,16,0,16,國泰-新莊,2024-08-15,8886
1449,佳和,15,0,15,國泰-新莊,2024-08-15,8886
2838,聯邦銀,14,0,14,國泰-新莊,2024-08-15,8886
00680L,元大美債20正2,476,23,453,國泰-新莊,2024-08-16,8886
00687B,國泰20年美債,469,38,431,國泰-新莊,2024-08-16,8886
00632R,元大台灣50反1,332,98,234,國泰-新莊,2024-08-16,8886
00919,群益台灣精選高息,292,67,225,國泰-新莊,2024-08-16,8886
2312,金寶,263,80,183,國泰-新莊,2024-08-16,8886
00929,復華台灣科技優息,233,104,129,國泰-新莊,2024-08-16,8886
00795B,中信美國公債20年,107,2,105,國泰-新莊,2024-08-16,8886
00688L,國泰20年美債正2,185,82,103,國泰-新莊,2024-08-16,8886
00720B,元大投資級公司債,97,0,97,國泰-新莊,2024-08-16,8886
00948B,中信優息投資級債,90,1,89,國泰-新莊,2024-08-16,8886
00878,國泰永續高股息,263,201,62,國泰-新莊,2024-08-16,8886
00900,富邦特選高股息30,58,3,55,國泰-新莊,2024-08-16,8886
00881,國泰台灣5G+,65,15,50,國泰-新莊,2024-08-16,8886
8096,擎亞,396,346,50,國泰-新莊,2024-08-16,8886
00931B,統一美債20年,50,1,49,國泰-新莊,2024-08-16,8886
2002,中鋼,48,2,46,國泰-新莊,2024-08-16,8886
2605,新興,40,0,40,國泰-新莊,2024-08-16,8886
6116,彩晶,81,46,35,國泰-新莊,2024-08-16,8886
00905,FT臺灣Smart,50,17,33,國泰-新莊,2024-08-16,8886
1310,台苯,30,0,30,國泰-新莊,2024-08-16,8886
00676R,富邦臺灣加權反1,50,20,30,國泰-新莊,2024-08-16,8886
5243,乙盛-KY,30,0,30,國泰-新莊,2024-08-16,8886
00712,復華富時不動產,41,12,29,國泰-新莊,2024-08-16,8886
2354,鴻準,30,3,27,國泰-新莊,2024-08-16,8886
2540,愛山林,31,6,25,國泰-新莊,2024-08-16,8886
2369,菱生,25,0,25,國泰-新莊,2024-08-16,8886
3663,鑫科,114,91,23,國泰-新莊,2024-08-16,8886
00719B,元大美債1-3,23,0,23,國泰-新莊,2024-08-16,8886
6603,富強鑫,24,2,22,國泰-新莊,2024-08-16,8886
2344,華邦電,35,13,22,國泰-新莊,2024-08-16,8886
2867,三商壽,30,9,21,國泰-新莊,2024-08-16,8886
2905,三商,24,3,21,國泰-新莊,2024-08-16,8886
8089,康全電訊,23,2,21,國泰-新莊,2024-08-16,8886
3048,益登,70,50,20,國泰-新莊,2024-08-16,8886
00673R,期元大S＆P原油反1,20,0,20,國泰-新莊,2024-08-16,8886
2506,太設,20,0,20,國泰-新莊,2024-08-16,8886
1785,光洋科,61,43,18,國泰-新莊,2024-08-16,8886
5522,遠雄,19,1,18,國泰-新莊,2024-08-16,8886
2897,王道銀行,20,2,18,國泰-新莊,2024-08-16,8886
4174,浩鼎,17,0,17,國泰-新莊,2024-08-16,8886
3019,亞光,88,72,16,國泰-新莊,2024-08-16,8886
2412,中華電,20,4,16,國泰-新莊,2024-08-16,8886
1513,中興電,79,64,15,國泰-新莊,2024-08-16,8886
4906,正文,18,3,15,國泰-新莊,2024-08-16,8886
4526,東台,24,10,14,國泰-新莊,2024-08-16,8886
00945B,凱基美國非投等債,14,0,14,國泰-新莊,2024-08-16,8886
2363,矽統,58,44,14,國泰-新莊,2024-08-16,8886
00907,永豐優息存股,14,0,14,國泰-新莊,2024-08-16,8886
6187,萬潤,53,40,13,國泰-新莊,2024-08-16,8886
4909,新復興,26,13,13,國泰-新莊,2024-08-16,8886
00937B,群益ESG投等債20,1506,189,1317,國泰-新莊,2024-08-19,8886
00687B,國泰20年美債,769,7,762,國泰-新莊,2024-08-19,8886
00929,復華台灣科技優息,323,117,206,國泰-新莊,2024-08-19,8886
00688L,國泰20年美債正2,192,29,163,國泰-新莊,2024-08-19,8886
00795B,中信美國公債20年,151,2,149,國泰-新莊,2024-08-19,8886
00751B,元大AAA至A公司債,125,1,124,國泰-新莊,2024-08-19,8886
00715L,期街口布蘭特正2,201,86,115,國泰-新莊,2024-08-19,8886
00679B,元大美債20年,110,4,106,國泰-新莊,2024-08-19,8886
2888,新光金,219,116,103,國泰-新莊,2024-08-19,8886
00655L,國泰中國A50正2,100,0,100,國泰-新莊,2024-08-19,8886
1718,中纖,100,2,98,國泰-新莊,2024-08-19,8886
3047,訊舟,410,325,85,國泰-新莊,2024-08-19,8886
6207,雷科,146,76,70,國泰-新莊,2024-08-19,8886
00933B,國泰10Y+金融債,70,1,69,國泰-新莊,2024-08-19,8886
00725B,國泰投資級公司債,67,0,67,國泰-新莊,2024-08-19,8886
00650L,復華香港正2,67,4,63,國泰-新莊,2024-08-19,8886
00753L,中信中國50正2,85,25,60,國泰-新莊,2024-08-19,8886
6156,松上,67,8,59,國泰-新莊,2024-08-19,8886
1444,力麗,47,0,47,國泰-新莊,2024-08-19,8886
2867,三商壽,101,59,42,國泰-新莊,2024-08-19,8886
5515,建國,41,1,40,國泰-新莊,2024-08-19,8886
2539,櫻花建,36,0,36,國泰-新莊,2024-08-19,8886
00919,群益台灣精選高息,92,57,35,國泰-新莊,2024-08-19,8886
0056,元大高股息,46,15,31,國泰-新莊,2024-08-19,8886
00948B,中信優息投資級債,41,10,31,國泰-新莊,2024-08-19,8886
5351,鈺創,33,2,31,國泰-新莊,2024-08-19,8886
3167,大量,42,12,30,國泰-新莊,2024-08-19,8886
1536,和大,31,1,30,國泰-新莊,2024-08-19,8886
2359,所羅門,122,93,29,國泰-新莊,2024-08-19,8886
00926,凱基全球菁英55,29,1,28,國泰-新莊,2024-08-19,8886
2409,友達,55,28,27,國泰-新莊,2024-08-19,8886
00719B,元大美債1-3,27,0,27,國泰-新莊,2024-08-19,8886
00770,國泰北美科技,24,0,24,國泰-新莊,2024-08-19,8886
3290,東浦,28,4,24,國泰-新莊,2024-08-19,8886
00931B,統一美債20年,24,0,24,國泰-新莊,2024-08-19,8886
4306,炎洲,23,0,23,國泰-新莊,2024-08-19,8886
2615,萬海,64,42,22,國泰-新莊,2024-08-19,8886
2002,中鋼,27,4,23,國泰-新莊,2024-08-19,8886
1101,台泥,24,1,23,國泰-新莊,2024-08-19,8886
3645,達邁,67,46,21,國泰-新莊,2024-08-19,8886
2405,輔信,32,11,21,國泰-新莊,2024-08-19,8886
00857B,永豐20年美公債,21,0,21,國泰-新莊,2024-08-19,8886
1611,中電,25,5,20,國泰-新莊,2024-08-19,8886
2367,燿華,31,11,20,國泰-新莊,2024-08-19,8886
3686,達能,20,0,20,國泰-新莊,2024-08-19,8886
8028,昇陽半導體,158,138,20,國泰-新莊,2024-08-19,8886
2515,中工,34,14,20,國泰-新莊,2024-08-19,8886
00878,國泰永續高股息,56,36,20,國泰-新莊,2024-08-19,8886
2382,廣達,25,5,20,國泰-新莊,2024-08-19,8886
5371,中光電,41,22,19,國泰-新莊,2024-08-19,8886
00929,復華台灣科技優息,521,211,310,國泰-新莊,2024-08-20,8886
00715L,期街口布蘭特正2,232,6,226,國泰-新莊,2024-08-20,8886
00919,群益台灣精選高息,236,25,211,國泰-新莊,2024-08-20,8886
00688L,國泰20年美債正2,178,5,173,國泰-新莊,2024-08-20,8886
00687B,國泰20年美債,275,120,155,國泰-新莊,2024-08-20,8886
2509,全坤建,139,1,138,國泰-新莊,2024-08-20,8886
00751B,元大AAA至A公司債,123,0,123,國泰-新莊,2024-08-20,8886
00632R,元大台灣50反1,162,77,85,國泰-新莊,2024-08-20,8886
00753L,中信中國50正2,82,0,82,國泰-新莊,2024-08-20,8886
2883,凱基金,106,34,72,國泰-新莊,2024-08-20,8886
00923,群益台ESG低碳50,99,27,72,國泰-新莊,2024-08-20,8886
3024,憶聲,70,1,69,國泰-新莊,2024-08-20,8886
2317,鴻海,131,71,60,國泰-新莊,2024-08-20,8886
00882,中信中國高股息,51,0,51,國泰-新莊,2024-08-20,8886
00676R,富邦臺灣加權反1,50,0,50,國泰-新莊,2024-08-20,8886
2365,昆盈,209,161,48,國泰-新莊,2024-08-20,8886
2489,瑞軒,82,35,47,國泰-新莊,2024-08-20,8886
00642U,期元大S＆P石油,47,0,47,國泰-新莊,2024-08-20,8886
2845,遠東銀,48,2,46,國泰-新莊,2024-08-20,8886
1785,光洋科,121,78,43,國泰-新莊,2024-08-20,8886
3312,弘憶股,74,34,40,國泰-新莊,2024-08-20,8886
3010,華立,38,0,38,國泰-新莊,2024-08-20,8886
00795B,中信美國公債20年,40,5,35,國泰-新莊,2024-08-20,8886
00936,台新永續高息中小,38,3,35,國泰-新莊,2024-08-20,8886
00945B,凱基美國非投等債,35,0,35,國泰-新莊,2024-08-20,8886
00905,FT臺灣Smart,36,2,34,國泰-新莊,2024-08-20,8886
3047,訊舟,171,139,32,國泰-新莊,2024-08-20,8886
2542,興富發,31,1,30,國泰-新莊,2024-08-20,8886
2002,中鋼,34,4,30,國泰-新莊,2024-08-20,8886
1326,台化,28,0,28,國泰-新莊,2024-08-20,8886
00665L,富邦�琤肭磪囓�2,28,1,27,國泰-新莊,2024-08-20,8886
2409,友達,51,25,26,國泰-新莊,2024-08-20,8886
2417,圓剛,41,16,25,國泰-新莊,2024-08-20,8886
2356,英業達,50,25,25,國泰-新莊,2024-08-20,8886
2903,遠百,24,0,24,國泰-新莊,2024-08-20,8886
5347,世界,31,7,24,國泰-新莊,2024-08-20,8886
2464,盟立,56,32,24,國泰-新莊,2024-08-20,8886
6278,台表科,22,0,22,國泰-新莊,2024-08-20,8886
2834,臺企銀,23,2,21,國泰-新莊,2024-08-20,8886
1784,訊聯,21,1,20,國泰-新莊,2024-08-20,8886
6125,廣運,58,38,20,國泰-新莊,2024-08-20,8886
8374,羅昇,40,21,19,國泰-新莊,2024-08-20,8886
2615,萬海,70,52,18,國泰-新莊,2024-08-20,8886
0050,元大台灣50,32,15,17,國泰-新莊,2024-08-20,8886
3056,富華新,17,0,17,國泰-新莊,2024-08-20,8886
00881,國泰台灣5G+,35,18,17,國泰-新莊,2024-08-20,8886
5515,建國,21,5,16,國泰-新莊,2024-08-20,8886
4562,穎漢,131,116,15,國泰-新莊,2024-08-20,8886
5484,慧友,24,9,15,國泰-新莊,2024-08-20,8886
2359,所羅門,56,41,15,國泰-新莊,2024-08-20,8886
2888,新光金,1660,908,752,國泰-新莊,2024-08-21,8886
2891,中信金,572,130,442,國泰-新莊,2024-08-21,8886
00953B,群益優選非投等債,204,5,199,國泰-新莊,2024-08-21,8886
00715L,期街口布蘭特正2,185,7,178,國泰-新莊,2024-08-21,8886
1460,宏遠,157,0,157,國泰-新莊,2024-08-21,8886
00878,國泰永續高股息,137,19,118,國泰-新莊,2024-08-21,8886
5905,南仁湖,286,174,112,國泰-新莊,2024-08-21,8886
2509,全坤建,109,1,108,國泰-新莊,2024-08-21,8886
4142,國光生,100,0,100,國泰-新莊,2024-08-21,8886
00923,群益台ESG低碳50,87,0,87,國泰-新莊,2024-08-21,8886
00919,群益台灣精選高息,175,90,85,國泰-新莊,2024-08-21,8886
00753L,中信中國50正2,76,0,76,國泰-新莊,2024-08-21,8886
2542,興富發,77,1,76,國泰-新莊,2024-08-21,8886
00882,中信中國高股息,69,5,64,國泰-新莊,2024-08-21,8886
6570,維田,74,15,59,國泰-新莊,2024-08-21,8886
1718,中纖,55,4,51,國泰-新莊,2024-08-21,8886
3376,新日興,60,10,50,國泰-新莊,2024-08-21,8886
00907,永豐優息存股,43,0,43,國泰-新莊,2024-08-21,8886
2356,英業達,57,15,42,國泰-新莊,2024-08-21,8886
0056,元大高股息,59,19,40,國泰-新莊,2024-08-21,8886
2506,太設,37,0,37,國泰-新莊,2024-08-21,8886
2344,華邦電,43,6,37,國泰-新莊,2024-08-21,8886
6698,旭暉應材,37,3,34,國泰-新莊,2024-08-21,8886
00752,中信中國50,32,1,31,國泰-新莊,2024-08-21,8886
3167,大量,48,17,31,國泰-新莊,2024-08-21,8886
00655L,國泰中國A50正2,30,0,30,國泰-新莊,2024-08-21,8886
2365,昆盈,76,46,30,國泰-新莊,2024-08-21,8886
2354,鴻準,63,37,26,國泰-新莊,2024-08-21,8886
00942B,台新美A公司債20+,32,6,26,國泰-新莊,2024-08-21,8886
00936,台新永續高息中小,30,5,25,國泰-新莊,2024-08-21,8886
2527,宏璟,25,0,25,國泰-新莊,2024-08-21,8886
00881,國泰台灣5G+,29,5,24,國泰-新莊,2024-08-21,8886
8054,安國,39,15,24,國泰-新莊,2024-08-21,8886
4562,穎漢,34,11,23,國泰-新莊,2024-08-21,8886
2867,三商壽,24,2,22,國泰-新莊,2024-08-21,8886
1582,信錦,23,1,22,國泰-新莊,2024-08-21,8886
6177,達麗,23,2,21,國泰-新莊,2024-08-21,8886
00712,復華富時不動產,21,0,21,國泰-新莊,2024-08-21,8886
5351,鈺創,21,0,21,國泰-新莊,2024-08-21,8886
00941,中信上游半導體,21,1,20,國泰-新莊,2024-08-21,8886
00642U,期元大S＆P石油,20,0,20,國泰-新莊,2024-08-21,8886
00650L,復華香港正2,20,0,20,國泰-新莊,2024-08-21,8886
00636,國泰中國A50,20,0,20,國泰-新莊,2024-08-21,8886
00637L,元大滬深300正2,210,190,20,國泰-新莊,2024-08-21,8886
00633L,富邦上証正2,20,0,20,國泰-新莊,2024-08-21,8886
8064,東捷,93,74,19,國泰-新莊,2024-08-21,8886
2609,陽明,49,30,19,國泰-新莊,2024-08-21,8886
00932,兆豐永續高息等權,19,0,19,國泰-新莊,2024-08-21,8886
6874,倍力,18,0,18,國泰-新莊,2024-08-21,8886
00713,元大台灣高息低波,25,7,18,國泰-新莊,2024-08-21,8886
00715L,期街口布蘭特正2,2226,1949,277,國泰-新莊,2024-08-22,8886
2349,錸德,921,713,208,國泰-新莊,2024-08-22,8886
00687B,國泰20年美債,224,83,141,國泰-新莊,2024-08-22,8886
2891,中信金,198,58,140,國泰-新莊,2024-08-22,8886
1460,宏遠,114,0,114,國泰-新莊,2024-08-22,8886
2890,永豐金,117,4,113,國泰-新莊,2024-08-22,8886
00688L,國泰20年美債正2,125,18,107,國泰-新莊,2024-08-22,8886
00953B,群益優選非投等債,143,37,106,國泰-新莊,2024-08-22,8886
8070,長華*,106,8,98,國泰-新莊,2024-08-22,8886
00919,群益台灣精選高息,273,180,93,國泰-新莊,2024-08-22,8886
8033,雷虎,95,3,92,國泰-新莊,2024-08-22,8886
00679B,元大美債20年,112,26,86,國泰-新莊,2024-08-22,8886
00929,復華台灣科技優息,183,115,68,國泰-新莊,2024-08-22,8886
8096,擎亞,319,254,65,國泰-新莊,2024-08-22,8886
3047,訊舟,268,204,64,國泰-新莊,2024-08-22,8886
00907,永豐優息存股,57,1,56,國泰-新莊,2024-08-22,8886
2317,鴻海,99,43,56,國泰-新莊,2024-08-22,8886
1718,中纖,60,10,50,國泰-新莊,2024-08-22,8886
9955,佳龍,68,19,49,國泰-新莊,2024-08-22,8886
00918,大華優利高填息30,43,1,42,國泰-新莊,2024-08-22,8886
3059,華晶科,49,11,38,國泰-新莊,2024-08-22,8886
1721,三晃,44,9,35,國泰-新莊,2024-08-22,8886
1717,長興,93,58,35,國泰-新莊,2024-08-22,8886
3374,精材,84,49,35,國泰-新莊,2024-08-22,8886
00753L,中信中國50正2,39,5,34,國泰-新莊,2024-08-22,8886
00931B,統一美債20年,36,3,33,國泰-新莊,2024-08-22,8886
1513,中興電,80,49,31,國泰-新莊,2024-08-22,8886
2455,全新,30,0,30,國泰-新莊,2024-08-22,8886
2539,櫻花建,30,0,30,國泰-新莊,2024-08-22,8886
00905,FT臺灣Smart,31,2,29,國泰-新莊,2024-08-22,8886
00878,國泰永續高股息,87,59,28,國泰-新莊,2024-08-22,8886
2885,元大金,27,0,27,國泰-新莊,2024-08-22,8886
4174,浩鼎,43,16,27,國泰-新莊,2024-08-22,8886
1409,新纖,62,36,26,國泰-新莊,2024-08-22,8886
0056,元大高股息,27,1,26,國泰-新莊,2024-08-22,8886
6274,台燿,24,0,24,國泰-新莊,2024-08-22,8886
00680L,元大美債20正2,34,11,23,國泰-新莊,2024-08-22,8886
6125,廣運,57,35,22,國泰-新莊,2024-08-22,8886
00795B,中信美國公債20年,22,0,22,國泰-新莊,2024-08-22,8886
00951,台新日本半導體,25,3,22,國泰-新莊,2024-08-22,8886
8089,康全電訊,22,1,21,國泰-新莊,2024-08-22,8886
2527,宏璟,23,2,21,國泰-新莊,2024-08-22,8886
00752,中信中國50,20,0,20,國泰-新莊,2024-08-22,8886
2208,台船,22,3,19,國泰-新莊,2024-08-22,8886
4919,新唐,26,7,19,國泰-新莊,2024-08-22,8886
00719B,元大美債1-3,20,1,19,國泰-新莊,2024-08-22,8886
6156,松上,27,8,19,國泰-新莊,2024-08-22,8886
1101,台泥,32,14,18,國泰-新莊,2024-08-22,8886
9105,泰金寶-DR,321,303,18,國泰-新莊,2024-08-22,8886
00857B,永豐20年美公債,20,2,18,國泰-新莊,2024-08-22,8886
00929,復華台灣科技優息,562,94,468,國泰-新莊,2024-08-23,8886
00937B,群益ESG投等債20,322,17,305,國泰-新莊,2024-08-23,8886
00687B,國泰20年美債,212,37,175,國泰-新莊,2024-08-23,8886
00688L,國泰20年美債正2,202,35,167,國泰-新莊,2024-08-23,8886
00679B,元大美債20年,164,18,146,國泰-新莊,2024-08-23,8886
2506,太設,137,0,137,國泰-新莊,2024-08-23,8886
2402,毅嘉,142,34,108,國泰-新莊,2024-08-23,8886
00680L,元大美債20正2,214,116,98,國泰-新莊,2024-08-23,8886
2891,中信金,176,86,90,國泰-新莊,2024-08-23,8886
00632R,元大台灣50反1,164,91,73,國泰-新莊,2024-08-23,8886
00918,大華優利高填息30,52,0,52,國泰-新莊,2024-08-23,8886
2509,全坤建,50,0,50,國泰-新莊,2024-08-23,8886
5515,建國,48,0,48,國泰-新莊,2024-08-23,8886
1737,臺鹽,45,3,42,國泰-新莊,2024-08-23,8886
2208,台船,42,6,36,國泰-新莊,2024-08-23,8886
2317,鴻海,65,30,35,國泰-新莊,2024-08-23,8886
2337,旺宏,34,3,31,國泰-新莊,2024-08-23,8886
8033,雷虎,37,7,30,國泰-新莊,2024-08-23,8886
1597,直得,32,4,28,國泰-新莊,2024-08-23,8886
00795B,中信美國公債20年,38,11,27,國泰-新莊,2024-08-23,8886
8121,越峰,28,2,26,國泰-新莊,2024-08-23,8886
3189,景碩,138,112,26,國泰-新莊,2024-08-23,8886
8071,能率網通,37,12,25,國泰-新莊,2024-08-23,8886
1708,東鹼,228,203,25,國泰-新莊,2024-08-23,8886
6446,藥華藥,25,0,25,國泰-新莊,2024-08-23,8886
2885,元大金,26,2,24,國泰-新莊,2024-08-23,8886
2349,錸德,415,391,24,國泰-新莊,2024-08-23,8886
00953B,群益優選非投等債,51,30,21,國泰-新莊,2024-08-23,8886
00881,國泰台灣5G+,26,6,20,國泰-新莊,2024-08-23,8886
00764B,群益25年美債,20,0,20,國泰-新莊,2024-08-23,8886
1314,中石化,81,61,20,國泰-新莊,2024-08-23,8886
3338,泰碩,24,4,20,國泰-新莊,2024-08-23,8886
2890,永豐金,27,7,20,國泰-新莊,2024-08-23,8886
4513,福裕,55,36,19,國泰-新莊,2024-08-23,8886
00934,中信成長高股息,21,2,19,國泰-新莊,2024-08-23,8886
00751B,元大AAA至A公司債,22,3,19,國泰-新莊,2024-08-23,8886
4716,大立,45,26,19,國泰-新莊,2024-08-23,8886
006208,富邦台50,21,2,19,國泰-新莊,2024-08-23,8886
00936,台新永續高息中小,18,0,18,國泰-新莊,2024-08-23,8886
1471,首利,18,0,18,國泰-新莊,2024-08-23,8886
00948B,中信優息投資級債,17,0,17,國泰-新莊,2024-08-23,8886
8070,長華*,18,2,16,國泰-新莊,2024-08-23,8886
00939,統一台灣高息動能,18,2,16,國泰-新莊,2024-08-23,8886
2834,臺企銀,18,3,15,國泰-新莊,2024-08-23,8886
2538,基泰,15,0,15,國泰-新莊,2024-08-23,8886
00915,凱基優選高股息30,15,0,15,國泰-新莊,2024-08-23,8886
2542,興富發,14,0,14,國泰-新莊,2024-08-23,8886
2903,遠百,15,1,14,國泰-新莊,2024-08-23,8886
3663,鑫科,38,24,14,國泰-新莊,2024-08-23,8886
9955,佳龍,30,17,13,國泰-新莊,2024-08-23,8886
00687B,國泰20年美債,486,24,462,國泰-新莊,2024-08-26,8886
00929,復華台灣科技優息,360,69,291,國泰-新莊,2024-08-26,8886
00637L,元大滬深300正2,395,130,265,國泰-新莊,2024-08-26,8886
00688L,國泰20年美債正2,293,29,264,國泰-新莊,2024-08-26,8886
00948B,中信優息投資級債,237,3,234,國泰-新莊,2024-08-26,8886
2409,友達,192,47,145,國泰-新莊,2024-08-26,8886
2888,新光金,1619,1497,122,國泰-新莊,2024-08-26,8886
00795B,中信美國公債20年,122,22,100,國泰-新莊,2024-08-26,8886
2489,瑞軒,123,26,97,國泰-新莊,2024-08-26,8886
3260,威剛,95,15,80,國泰-新莊,2024-08-26,8886
2891,中信金,110,32,78,國泰-新莊,2024-08-26,8886
00753L,中信中國50正2,80,5,75,國泰-新莊,2024-08-26,8886
1528,恩德,73,2,71,國泰-新莊,2024-08-26,8886
00680L,元大美債20正2,85,16,69,國泰-新莊,2024-08-26,8886
00919,群益台灣精選高息,247,181,66,國泰-新莊,2024-08-26,8886
2402,毅嘉,254,192,62,國泰-新莊,2024-08-26,8886
8028,昇陽半導體,227,173,54,國泰-新莊,2024-08-26,8886
2405,輔信,49,4,45,國泰-新莊,2024-08-26,8886
3047,訊舟,83,41,42,國泰-新莊,2024-08-26,8886
4142,國光生,50,9,41,國泰-新莊,2024-08-26,8886
2317,鴻海,98,59,39,國泰-新莊,2024-08-26,8886
3374,精材,62,25,37,國泰-新莊,2024-08-26,8886
2356,英業達,58,26,32,國泰-新莊,2024-08-26,8886
00953B,群益優選非投等債,53,21,32,國泰-新莊,2024-08-26,8886
1799,易威,32,0,32,國泰-新莊,2024-08-26,8886
00752,中信中國50,31,0,31,國泰-新莊,2024-08-26,8886
6143,振曜,33,3,30,國泰-新莊,2024-08-26,8886
1569,濱川,33,3,30,國泰-新莊,2024-08-26,8886
00665L,富邦�琤肭磪囓�2,30,0,30,國泰-新莊,2024-08-26,8886
5469,瀚宇博,32,2,30,國泰-新莊,2024-08-26,8886
2344,華邦電,34,5,29,國泰-新莊,2024-08-26,8886
8064,東捷,187,158,29,國泰-新莊,2024-08-26,8886
6548,長科*,28,0,28,國泰-新莊,2024-08-26,8886
00633L,富邦上証正2,25,0,25,國泰-新莊,2024-08-26,8886
3376,新日興,28,4,24,國泰-新莊,2024-08-26,8886
00764B,群益25年美債,24,0,24,國泰-新莊,2024-08-26,8886
2365,昆盈,47,24,23,國泰-新莊,2024-08-26,8886
6133,金橋,25,3,22,國泰-新莊,2024-08-26,8886
6284,佳邦,25,3,22,國泰-新莊,2024-08-26,8886
8043,蜜望實,25,4,21,國泰-新莊,2024-08-26,8886
2527,宏璟,22,1,21,國泰-新莊,2024-08-26,8886
2022,聚亨,22,1,21,國泰-新莊,2024-08-26,8886
5452,佶優,40,20,20,國泰-新莊,2024-08-26,8886
00655L,國泰中國A50正2,90,70,20,國泰-新莊,2024-08-26,8886
3049,精金,43,23,20,國泰-新莊,2024-08-26,8886
3707,漢磊,21,1,20,國泰-新莊,2024-08-26,8886
2313,華通,30,10,20,國泰-新莊,2024-08-26,8886
2303,聯電,36,16,20,國泰-新莊,2024-08-26,8886
00907,永豐優息存股,19,0,19,國泰-新莊,2024-08-26,8886
00650L,復華香港正2,20,1,19,國泰-新莊,2024-08-26,8886
00673R,期元大S＆P原油反1,443,0,443,國泰-新莊,2024-08-27,8886
3481,群創,546,234,312,國泰-新莊,2024-08-27,8886
00679B,元大美債20年,202,4,198,國泰-新莊,2024-08-27,8886
00929,復華台灣科技優息,221,29,192,國泰-新莊,2024-08-27,8886
2891,中信金,216,32,184,國泰-新莊,2024-08-27,8886
00919,群益台灣精選高息,205,32,173,國泰-新莊,2024-08-27,8886
00688L,國泰20年美債正2,148,3,145,國泰-新莊,2024-08-27,8886
2882,國泰金,129,6,123,國泰-新莊,2024-08-27,8886
00680L,元大美債20正2,120,13,107,國泰-新莊,2024-08-27,8886
2208,台船,135,46,89,國泰-新莊,2024-08-27,8886
6535,順藥,90,1,89,國泰-新莊,2024-08-27,8886
2887,台新金,83,9,74,國泰-新莊,2024-08-27,8886
00927,群益半導體收益,64,0,64,國泰-新莊,2024-08-27,8886
00687B,國泰20年美債,77,20,57,國泰-新莊,2024-08-27,8886
2883,凱基金,95,42,53,國泰-新莊,2024-08-27,8886
2501,國建,50,0,50,國泰-新莊,2024-08-27,8886
2303,聯電,52,4,48,國泰-新莊,2024-08-27,8886
6603,富強鑫,41,0,41,國泰-新莊,2024-08-27,8886
8027,鈦昇,66,28,38,國泰-新莊,2024-08-27,8886
00940,元大台灣價值高息,69,33,36,國泰-新莊,2024-08-27,8886
2609,陽明,42,6,36,國泰-新莊,2024-08-27,8886
00795B,中信美國公債20年,35,2,33,國泰-新莊,2024-08-27,8886
2610,華航,32,1,31,國泰-新莊,2024-08-27,8886
00918,大華優利高填息30,28,0,28,國泰-新莊,2024-08-27,8886
4967,十銓,92,65,27,國泰-新莊,2024-08-27,8886
2349,錸德,73,47,26,國泰-新莊,2024-08-27,8886
1417,嘉裕,25,0,25,國泰-新莊,2024-08-27,8886
2867,三商壽,33,8,25,國泰-新莊,2024-08-27,8886
6151,晉倫,61,38,23,國泰-新莊,2024-08-27,8886
1711,永光,200,178,22,國泰-新莊,2024-08-27,8886
00948B,中信優息投資級債,21,0,21,國泰-新莊,2024-08-27,8886
00752,中信中國50,21,0,21,國泰-新莊,2024-08-27,8886
00753L,中信中國50正2,26,5,21,國泰-新莊,2024-08-27,8886
00650L,復華香港正2,20,0,20,國泰-新莊,2024-08-27,8886
8110,華東,21,2,19,國泰-新莊,2024-08-27,8886
2476,鉅祥,21,2,19,國泰-新莊,2024-08-27,8886
2845,遠東銀,17,1,16,國泰-新莊,2024-08-27,8886
2405,輔信,71,55,16,國泰-新莊,2024-08-27,8886
00951,台新日本半導體,16,0,16,國泰-新莊,2024-08-27,8886
2382,廣達,21,5,16,國泰-新莊,2024-08-27,8886
2330,台積電,24,9,15,國泰-新莊,2024-08-27,8886
1409,新纖,15,0,15,國泰-新莊,2024-08-27,8886
2317,鴻海,50,35,15,國泰-新莊,2024-08-27,8886
1447,力鵬,15,0,15,國泰-新莊,2024-08-27,8886
4707,磐亞,17,2,15,國泰-新莊,2024-08-27,8886
006208,富邦台50,14,1,13,國泰-新莊,2024-08-27,8886
1784,訊聯,19,6,13,國泰-新莊,2024-08-27,8886
2880,華南金,22,10,12,國泰-新莊,2024-08-27,8886
3231,緯創,21,10,11,國泰-新莊,2024-08-27,8886
3032,偉訓,38,27,11,國泰-新莊,2024-08-27,8886
00637L,元大滬深300正2,215,35,180,國泰-新莊,2024-08-28,8886
00937B,群益ESG投等債20,151,3,148,國泰-新莊,2024-08-28,8886
6431,光麗-KY,121,0,121,國泰-新莊,2024-08-28,8886
00715L,期街口布蘭特正2,149,38,111,國泰-新莊,2024-08-28,8886
00959B,大華投等美債15Y+,107,0,107,國泰-新莊,2024-08-28,8886
4142,國光生,100,0,100,國泰-新莊,2024-08-28,8886
6598,ABC-KY,85,1,84,國泰-新莊,2024-08-28,8886
00679B,元大美債20年,105,21,84,國泰-新莊,2024-08-28,8886
00919,群益台灣精選高息,92,16,76,國泰-新莊,2024-08-28,8886
2890,永豐金,74,1,73,國泰-新莊,2024-08-28,8886
2887,台新金,82,12,70,國泰-新莊,2024-08-28,8886
00687B,國泰20年美債,87,19,68,國泰-新莊,2024-08-28,8886
6207,雷科,72,15,57,國泰-新莊,2024-08-28,8886
00923,群益台ESG低碳50,58,2,56,國泰-新莊,2024-08-28,8886
00929,復華台灣科技優息,89,44,45,國泰-新莊,2024-08-28,8886
5481,新華,63,18,45,國泰-新莊,2024-08-28,8886
4949,有成精密,43,0,43,國泰-新莊,2024-08-28,8886
3689,湧德,55,16,39,國泰-新莊,2024-08-28,8886
2891,中信金,90,54,36,國泰-新莊,2024-08-28,8886
5443,均豪,246,210,36,國泰-新莊,2024-08-28,8886
2409,友達,78,42,36,國泰-新莊,2024-08-28,8886
00878,國泰永續高股息,65,32,33,國泰-新莊,2024-08-28,8886
8096,擎亞,79,46,33,國泰-新莊,2024-08-28,8886
1711,永光,109,77,32,國泰-新莊,2024-08-28,8886
006208,富邦台50,36,10,26,國泰-新莊,2024-08-28,8886
00927,群益半導體收益,27,1,26,國泰-新莊,2024-08-28,8886
6284,佳邦,27,4,23,國泰-新莊,2024-08-28,8886
00915,凱基優選高股息30,23,0,23,國泰-新莊,2024-08-28,8886
8039,台虹,74,52,22,國泰-新莊,2024-08-28,8886
3522,御嵿,30,10,20,國泰-新莊,2024-08-28,8886
2368,金像電,21,2,19,國泰-新莊,2024-08-28,8886
3294,英濟,22,4,18,國泰-新莊,2024-08-28,8886
2867,三商壽,21,3,18,國泰-新莊,2024-08-28,8886
1314,中石化,26,9,17,國泰-新莊,2024-08-28,8886
2464,盟立,61,45,16,國泰-新莊,2024-08-28,8886
2353,宏��,17,1,16,國泰-新莊,2024-08-28,8886
2402,毅嘉,89,73,16,國泰-新莊,2024-08-28,8886
2365,昆盈,45,30,15,國泰-新莊,2024-08-28,8886
2515,中工,50,36,14,國泰-新莊,2024-08-28,8886
00680L,元大美債20正2,31,16,15,國泰-新莊,2024-08-28,8886
9105,泰金寶-DR,17,3,14,國泰-新莊,2024-08-28,8886
3535,晶彩科,51,37,14,國泰-新莊,2024-08-28,8886
3581,博磊,19,6,13,國泰-新莊,2024-08-28,8886
00953B,群益優選非投等債,13,0,13,國泰-新莊,2024-08-28,8886
00900,富邦特選高股息30,15,2,13,國泰-新莊,2024-08-28,8886
8210,勤誠,12,0,12,國泰-新莊,2024-08-28,8886
9958,世紀鋼,47,36,11,國泰-新莊,2024-08-28,8886
3033,威健,12,1,11,國泰-新莊,2024-08-28,8886
8374,羅昇,90,79,11,國泰-新莊,2024-08-28,8886
00664R,國泰臺灣加權反1,11,0,11,國泰-新莊,2024-08-28,8886
00937B,群益ESG投等債20,701,108,593,國泰-新莊,2024-08-29,8886
00919,群益台灣精選高息,548,177,371,國泰-新莊,2024-08-29,8886
2891,中信金,221,39,182,國泰-新莊,2024-08-29,8886
6431,光麗-KY,145,0,145,國泰-新莊,2024-08-29,8886
00687B,國泰20年美債,160,31,129,國泰-新莊,2024-08-29,8886
00688L,國泰20年美債正2,128,0,128,國泰-新莊,2024-08-29,8886
00795B,中信美國公債20年,122,0,122,國泰-新莊,2024-08-29,8886
5481,新華,104,2,102,國泰-新莊,2024-08-29,8886
00679B,元大美債20年,118,21,97,國泰-新莊,2024-08-29,8886
00680L,元大美債20正2,79,0,79,國泰-新莊,2024-08-29,8886
00959B,大華投等美債15Y+,78,0,78,國泰-新莊,2024-08-29,8886
2887,台新金,84,19,65,國泰-新莊,2024-08-29,8886
00881,國泰台灣5G+,88,28,60,國泰-新莊,2024-08-29,8886
1721,三晃,94,35,59,國泰-新莊,2024-08-29,8886
00948B,中信優息投資級債,61,7,54,國泰-新莊,2024-08-29,8886
00715L,期街口布蘭特正2,91,38,53,國泰-新莊,2024-08-29,8886
2515,中工,88,38,50,國泰-新莊,2024-08-29,8886
8110,華東,40,0,40,國泰-新莊,2024-08-29,8886
006208,富邦台50,40,1,39,國泰-新莊,2024-08-29,8886
2330,台積電,54,19,35,國泰-新莊,2024-08-29,8886
00719B,元大美債1-3,30,0,30,國泰-新莊,2024-08-29,8886
5905,南仁湖,34,4,30,國泰-新莊,2024-08-29,8886
1540,喬福,297,268,29,國泰-新莊,2024-08-29,8886
1314,中石化,66,38,28,國泰-新莊,2024-08-29,8886
4510,高鋒,138,111,27,國泰-新莊,2024-08-29,8886
00637L,元大滬深300正2,240,215,25,國泰-新莊,2024-08-29,8886
2880,華南金,25,0,25,國泰-新莊,2024-08-29,8886
00918,大華優利高填息30,34,10,24,國泰-新莊,2024-08-29,8886
6598,ABC-KY,23,0,23,國泰-新莊,2024-08-29,8886
00878,國泰永續高股息,68,45,23,國泰-新莊,2024-08-29,8886
1608,華榮,22,0,22,國泰-新莊,2024-08-29,8886
00830,國泰費城半導體,23,1,22,國泰-新莊,2024-08-29,8886
00923,群益台ESG低碳50,24,2,22,國泰-新莊,2024-08-29,8886
4979,華星光,34,13,21,國泰-新莊,2024-08-29,8886
00633L,富邦上証正2,21,0,21,國泰-新莊,2024-08-29,8886
2542,興富發,21,1,20,國泰-新莊,2024-08-29,8886
00650L,復華香港正2,20,0,20,國泰-新莊,2024-08-29,8886
00655L,國泰中國A50正2,20,0,20,國泰-新莊,2024-08-29,8886
00665L,富邦�琤肭磪囓�2,20,0,20,國泰-新莊,2024-08-29,8886
00753L,中信中國50正2,28,8,20,國泰-新莊,2024-08-29,8886
5443,均豪,244,224,20,國泰-新莊,2024-08-29,8886
3481,群創,203,183,20,國泰-新莊,2024-08-29,8886
3047,訊舟,152,133,19,國泰-新莊,2024-08-29,8886
3231,緯創,32,14,18,國泰-新莊,2024-08-29,8886
00953B,群益優選非投等債,20,2,18,國泰-新莊,2024-08-29,8886
00893,國泰智能電動車,24,7,17,國泰-新莊,2024-08-29,8886
3645,達邁,24,7,17,國泰-新莊,2024-08-29,8886
4513,福裕,39,23,16,國泰-新莊,2024-08-29,8886
00915,凱基優選高股息30,24,8,16,國泰-新莊,2024-08-29,8886
2340,台亞,18,2,16,國泰-新莊,2024-08-29,8886
2367,燿華,364,243,121,國泰-新莊,2024-08-30,8886
00919,群益台灣精選高息,120,18,102,國泰-新莊,2024-08-30,8886
4510,高鋒,222,138,84,國泰-新莊,2024-08-30,8886
00687B,國泰20年美債,90,8,82,國泰-新莊,2024-08-30,8886
6156,松上,88,23,65,國泰-新莊,2024-08-30,8886
00680L,元大美債20正2,69,8,61,國泰-新莊,2024-08-30,8886
00929,復華台灣科技優息,176,117,59,國泰-新莊,2024-08-30,8886
1711,永光,179,121,58,國泰-新莊,2024-08-30,8886
2891,中信金,97,44,53,國泰-新莊,2024-08-30,8886
2409,友達,72,20,52,國泰-新莊,2024-08-30,8886
2610,華航,59,8,51,國泰-新莊,2024-08-30,8886
00753L,中信中國50正2,62,15,47,國泰-新莊,2024-08-30,8886
3374,精材,73,28,45,國泰-新莊,2024-08-30,8886
2464,盟立,72,31,41,國泰-新莊,2024-08-30,8886
6213,聯茂,50,10,40,國泰-新莊,2024-08-30,8886
1314,中石化,41,5,36,國泰-新莊,2024-08-30,8886
00688L,國泰20年美債正2,36,0,36,國泰-新莊,2024-08-30,8886
3576,聯合再生,36,1,35,國泰-新莊,2024-08-30,8886
2402,毅嘉,65,30,35,國泰-新莊,2024-08-30,8886
2002,中鋼,33,0,33,國泰-新莊,2024-08-30,8886
6269,台郡,31,0,31,國泰-新莊,2024-08-30,8886
2313,華通,166,136,30,國泰-新莊,2024-08-30,8886
2618,長榮航,38,7,31,國泰-新莊,2024-08-30,8886
3290,東浦,30,0,30,國泰-新莊,2024-08-30,8886
6215,和椿,49,22,27,國泰-新莊,2024-08-30,8886
2323,中環,28,1,27,國泰-新莊,2024-08-30,8886
00679B,元大美債20年,51,24,27,國泰-新莊,2024-08-30,8886
8064,東捷,41,15,26,國泰-新莊,2024-08-30,8886
00922,國泰台灣領袖50,26,2,24,國泰-新莊,2024-08-30,8886
00959B,大華投等美債15Y+,23,0,23,國泰-新莊,2024-08-30,8886
1326,台化,24,2,22,國泰-新莊,2024-08-30,8886
4716,大立,21,0,21,國泰-新莊,2024-08-30,8886
6108,競國,20,0,20,國泰-新莊,2024-08-30,8886
6609,瀧澤科,26,6,20,國泰-新莊,2024-08-30,8886
2312,金寶,31,11,20,國泰-新莊,2024-08-30,8886
6598,ABC-KY,20,0,20,國泰-新莊,2024-08-30,8886
00953B,群益優選非投等債,20,0,20,國泰-新莊,2024-08-30,8886
3706,神達,26,7,19,國泰-新莊,2024-08-30,8886
5905,南仁湖,23,4,19,國泰-新莊,2024-08-30,8886
3663,鑫科,23,5,18,國泰-新莊,2024-08-30,8886
2801,彰銀,18,0,18,國泰-新莊,2024-08-30,8886
6753,龍德造船,17,0,17,國泰-新莊,2024-08-30,8886
4958,臻鼎-KY,22,5,17,國泰-新莊,2024-08-30,8886
00915,凱基優選高股息30,25,9,16,國泰-新莊,2024-08-30,8886
3266,昇陽,17,1,16,國泰-新莊,2024-08-30,8886
1101,台泥,21,6,15,國泰-新莊,2024-08-30,8886
8085,福華,29,14,15,國泰-新莊,2024-08-30,8886
00948B,中信優息投資級債,14,0,14,國泰-新莊,2024-08-30,8886
8033,雷虎,18,4,14,國泰-新莊,2024-08-30,8886
2537,聯上發,16,2,14,國泰-新莊,2024-08-30,8886
00637L,元大滬深300正2,625,160,465,國泰-新莊,2024-09-02,8886
00915,凱基優選高股息30,253,10,243,國泰-新莊,2024-09-02,8886
3481,群創,412,183,229,國泰-新莊,2024-09-02,8886
00688L,國泰20年美債正2,219,2,217,國泰-新莊,2024-09-02,8886
00929,復華台灣科技優息,289,75,214,國泰-新莊,2024-09-02,8886
00715L,期街口布蘭特正2,1840,1650,190,國泰-新莊,2024-09-02,8886
00687B,國泰20年美債,175,33,142,國泰-新莊,2024-09-02,8886
00919,群益台灣精選高息,155,28,127,國泰-新莊,2024-09-02,8886
2891,中信金,158,40,118,國泰-新莊,2024-09-02,8886
00655L,國泰中國A50正2,110,0,110,國泰-新莊,2024-09-02,8886
00725B,國泰投資級公司債,104,1,103,國泰-新莊,2024-09-02,8886
00753L,中信中國50正2,79,1,78,國泰-新莊,2024-09-02,8886
00959B,大華投等美債15Y+,66,0,66,國泰-新莊,2024-09-02,8886
2515,中工,131,73,58,國泰-新莊,2024-09-02,8886
5481,新華,60,3,57,國泰-新莊,2024-09-02,8886
00633L,富邦上証正2,55,0,55,國泰-新莊,2024-09-02,8886
00936,台新永續高息中小,57,2,55,國泰-新莊,2024-09-02,8886
00665L,富邦�琤肭磪囓�2,54,0,54,國泰-新莊,2024-09-02,8886
6431,光麗-KY,63,10,53,國泰-新莊,2024-09-02,8886
00650L,復華香港正2,50,0,50,國泰-新莊,2024-09-02,8886
00795B,中信美國公債20年,44,0,44,國泰-新莊,2024-09-02,8886
00679B,元大美債20年,103,59,44,國泰-新莊,2024-09-02,8886
2486,一詮,109,66,43,國泰-新莊,2024-09-02,8886
3081,聯亞,104,63,41,國泰-新莊,2024-09-02,8886
00953B,群益優選非投等債,40,0,40,國泰-新莊,2024-09-02,8886
8105,凌巨,78,42,36,國泰-新莊,2024-09-02,8886
2313,華通,84,49,35,國泰-新莊,2024-09-02,8886
8043,蜜望實,136,101,35,國泰-新莊,2024-09-02,8886
3017,奇鋐,39,4,35,國泰-新莊,2024-09-02,8886
4123,晟德,30,0,30,國泰-新莊,2024-09-02,8886
2344,華邦電,30,0,30,國泰-新莊,2024-09-02,8886
3390,旭軟,33,5,28,國泰-新莊,2024-09-02,8886
1326,台化,31,4,27,國泰-新莊,2024-09-02,8886
1101,台泥,33,7,26,國泰-新莊,2024-09-02,8886
00706L,期元大S＆P日圓正2,31,6,25,國泰-新莊,2024-09-02,8886
00923,群益台ESG低碳50,24,0,24,國泰-新莊,2024-09-02,8886
00712,復華富時不動產,36,14,22,國泰-新莊,2024-09-02,8886
00946,群益科技高息成長,23,1,22,國泰-新莊,2024-09-02,8886
1303,南亞,24,4,20,國泰-新莊,2024-09-02,8886
1711,永光,88,68,20,國泰-新莊,2024-09-02,8886
00896,中信綠能及電動車,20,0,20,國泰-新莊,2024-09-02,8886
00752,中信中國50,20,0,20,國泰-新莊,2024-09-02,8886
4168,醣聯,20,0,20,國泰-新莊,2024-09-02,8886
6120,達運,20,0,20,國泰-新莊,2024-09-02,8886
00918,大華優利高填息30,30,10,20,國泰-新莊,2024-09-02,8886
00713,元大台灣高息低波,24,4,20,國泰-新莊,2024-09-02,8886
3105,穩懋,24,5,19,國泰-新莊,2024-09-02,8886
8089,康全電訊,21,2,19,國泰-新莊,2024-09-02,8886
4510,高鋒,85,67,18,國泰-新莊,2024-09-02,8886
2317,鴻海,45,27,18,國泰-新莊,2024-09-02,8886
00919,群益台灣精選高息,850,45,805,國泰-新莊,2024-09-03,8886
00915,凱基優選高股息30,215,5,210,國泰-新莊,2024-09-03,8886
00687B,國泰20年美債,207,6,201,國泰-新莊,2024-09-03,8886
00918,大華優利高填息30,177,1,176,國泰-新莊,2024-09-03,8886
00715L,期街口布蘭特正2,233,103,130,國泰-新莊,2024-09-03,8886
3380,明泰,162,32,130,國泰-新莊,2024-09-03,8886
00882,中信中國高股息,122,0,122,國泰-新莊,2024-09-03,8886
00945B,凱基美國非投等債,111,0,111,國泰-新莊,2024-09-03,8886
00933B,國泰10Y+金融債,108,2,106,國泰-新莊,2024-09-03,8886
00878,國泰永續高股息,149,49,100,國泰-新莊,2024-09-03,8886
00948B,中信優息投資級債,97,0,97,國泰-新莊,2024-09-03,8886
00632R,元大台灣50反1,219,122,97,國泰-新莊,2024-09-03,8886
00679B,元大美債20年,114,21,93,國泰-新莊,2024-09-03,8886
00688L,國泰20年美債正2,91,0,91,國泰-新莊,2024-09-03,8886
1301,台塑,115,25,90,國泰-新莊,2024-09-03,8886
3481,群創,116,48,68,國泰-新莊,2024-09-03,8886
1101,台泥,71,4,67,國泰-新莊,2024-09-03,8886
00637L,元大滬深300正2,196,135,61,國泰-新莊,2024-09-03,8886
00940,元大台灣價值高息,83,27,56,國泰-新莊,2024-09-03,8886
1444,力麗,49,0,49,國泰-新莊,2024-09-03,8886
1711,永光,311,264,47,國泰-新莊,2024-09-03,8886
1785,光洋科,63,16,47,國泰-新莊,2024-09-03,8886
00680L,元大美債20正2,100,54,46,國泰-新莊,2024-09-03,8886
2641,正德,42,3,39,國泰-新莊,2024-09-03,8886
8096,擎亞,89,52,37,國泰-新莊,2024-09-03,8886
6770,力積電,38,1,37,國泰-新莊,2024-09-03,8886
2409,友達,54,18,36,國泰-新莊,2024-09-03,8886
3686,達能,35,0,35,國泰-新莊,2024-09-03,8886
4949,有成精密,32,0,32,國泰-新莊,2024-09-03,8886
1815,富喬,44,12,32,國泰-新莊,2024-09-03,8886
8110,華東,31,0,31,國泰-新莊,2024-09-03,8886
6431,光麗-KY,30,0,30,國泰-新莊,2024-09-03,8886
3037,欣興,40,10,30,國泰-新莊,2024-09-03,8886
2344,華邦電,30,1,29,國泰-新莊,2024-09-03,8886
2887,台新金,35,8,27,國泰-新莊,2024-09-03,8886
2449,京元電子,31,4,27,國泰-新莊,2024-09-03,8886
2408,南亞科,28,4,24,國泰-新莊,2024-09-03,8886
3095,及成,24,0,24,國泰-新莊,2024-09-03,8886
3062,建漢,61,38,23,國泰-新莊,2024-09-03,8886
3047,訊舟,149,127,22,國泰-新莊,2024-09-03,8886
2610,華航,21,0,21,國泰-新莊,2024-09-03,8886
2313,華通,68,47,21,國泰-新莊,2024-09-03,8886
006208,富邦台50,34,14,20,國泰-新莊,2024-09-03,8886
1303,南亞,35,16,19,國泰-新莊,2024-09-03,8886
4906,正文,63,45,18,國泰-新莊,2024-09-03,8886
3231,緯創,28,10,18,國泰-新莊,2024-09-03,8886
2486,一詮,43,25,18,國泰-新莊,2024-09-03,8886
6133,金橋,21,4,17,國泰-新莊,2024-09-03,8886
3450,聯鈞,85,68,17,國泰-新莊,2024-09-03,8886
2515,中工,56,40,16,國泰-新莊,2024-09-03,8886
00919,群益台灣精選高息,1149,263,886,國泰-新莊,2024-09-04,8886
00929,復華台灣科技優息,1259,426,833,國泰-新莊,2024-09-04,8886
00878,國泰永續高股息,948,130,818,國泰-新莊,2024-09-04,8886
00940,元大台灣價值高息,562,44,518,國泰-新莊,2024-09-04,8886
00715L,期街口布蘭特正2,503,240,263,國泰-新莊,2024-09-04,8886
0056,元大高股息,267,24,243,國泰-新莊,2024-09-04,8886
006208,富邦台50,235,27,208,國泰-新莊,2024-09-04,8886
00918,大華優利高填息30,210,2,208,國泰-新莊,2024-09-04,8886
2891,中信金,234,65,169,國泰-新莊,2024-09-04,8886
2362,藍天,153,3,150,國泰-新莊,2024-09-04,8886
1314,中石化,169,20,149,國泰-新莊,2024-09-04,8886
00945B,凱基美國非投等債,141,2,139,國泰-新莊,2024-09-04,8886
00915,凱基優選高股息30,127,7,120,國泰-新莊,2024-09-04,8886
00946,群益科技高息成長,118,3,115,國泰-新莊,2024-09-04,8886
4714,永捷,161,47,114,國泰-新莊,2024-09-04,8886
2330,台積電,137,28,109,國泰-新莊,2024-09-04,8886
00930,永豐ESG低碳高息,97,0,97,國泰-新莊,2024-09-04,8886
00881,國泰台灣5G+,126,30,96,國泰-新莊,2024-09-04,8886
00923,群益台ESG低碳50,98,4,94,國泰-新莊,2024-09-04,8886
00951,台新日本半導體,188,101,87,國泰-新莊,2024-09-04,8886
00713,元大台灣高息低波,103,25,78,國泰-新莊,2024-09-04,8886
0050,元大台灣50,86,13,73,國泰-新莊,2024-09-04,8886
3037,欣興,81,15,66,國泰-新莊,2024-09-04,8886
2408,南亞科,66,2,64,國泰-新莊,2024-09-04,8886
3481,群創,308,248,60,國泰-新莊,2024-09-04,8886
00943,兆豐電子高息等權,59,0,59,國泰-新莊,2024-09-04,8886
3380,明泰,59,0,59,國泰-新莊,2024-09-04,8886
00690,兆豐藍籌30,57,0,57,國泰-新莊,2024-09-04,8886
1301,台塑,67,13,54,國泰-新莊,2024-09-04,8886
00932,兆豐永續高息等權,61,8,53,國泰-新莊,2024-09-04,8886
00633L,富邦上証正2,50,0,50,國泰-新莊,2024-09-04,8886
2382,廣達,77,27,50,國泰-新莊,2024-09-04,8886
00720B,元大投資級公司債,53,3,50,國泰-新莊,2024-09-04,8886
1303,南亞,51,3,48,國泰-新莊,2024-09-04,8886
2641,正德,49,1,48,國泰-新莊,2024-09-04,8886
3231,緯創,72,26,46,國泰-新莊,2024-09-04,8886
00891,中信關鍵半導體,60,15,45,國泰-新莊,2024-09-04,8886
2317,鴻海,175,130,45,國泰-新莊,2024-09-04,8886
00907,永豐優息存股,46,1,45,國泰-新莊,2024-09-04,8886
00941,中信上游半導體,44,0,44,國泰-新莊,2024-09-04,8886
00830,國泰費城半導體,64,26,38,國泰-新莊,2024-09-04,8886
2356,英業達,44,6,38,國泰-新莊,2024-09-04,8886
00642U,期元大S＆P石油,36,0,36,國泰-新莊,2024-09-04,8886
00675L,富邦臺灣加權正2,50,14,36,國泰-新莊,2024-09-04,8886
5880,合庫金,36,0,36,國泰-新莊,2024-09-04,8886
2886,兆豐金,36,1,35,國泰-新莊,2024-09-04,8886
00637L,元大滬深300正2,175,140,35,國泰-新莊,2024-09-04,8886
2845,遠東銀,34,0,34,國泰-新莊,2024-09-04,8886
00893,國泰智能電動車,34,0,34,國泰-新莊,2024-09-04,8886
2402,毅嘉,70,37,33,國泰-新莊,2024-09-04,8886
00919,群益台灣精選高息,395,18,377,國泰-新莊,2024-09-05,8886
00929,復華台灣科技優息,379,84,295,國泰-新莊,2024-09-05,8886
00945B,凱基美國非投等債,304,10,294,國泰-新莊,2024-09-05,8886
00715L,期街口布蘭特正2,272,8,264,國泰-新莊,2024-09-05,8886
00882,中信中國高股息,215,1,214,國泰-新莊,2024-09-05,8886
00940,元大台灣價值高息,261,66,195,國泰-新莊,2024-09-05,8886
00878,國泰永續高股息,206,39,167,國泰-新莊,2024-09-05,8886
00953B,群益優選非投等債,166,0,166,國泰-新莊,2024-09-05,8886
2344,華邦電,126,3,123,國泰-新莊,2024-09-05,8886
1540,喬福,315,201,114,國泰-新莊,2024-09-05,8886
00637L,元大滬深300正2,247,140,107,國泰-新莊,2024-09-05,8886
2317,鴻海,152,59,93,國泰-新莊,2024-09-05,8886
00632R,元大台灣50反1,764,676,88,國泰-新莊,2024-09-05,8886
00918,大華優利高填息30,111,24,87,國泰-新莊,2024-09-05,8886
00952,凱基台灣AI50,81,0,81,國泰-新莊,2024-09-05,8886
1301,台塑,95,18,77,國泰-新莊,2024-09-05,8886
2495,普安,78,11,67,國泰-新莊,2024-09-05,8886
00687B,國泰20年美債,139,75,64,國泰-新莊,2024-09-05,8886
6108,競國,57,0,57,國泰-新莊,2024-09-05,8886
00951,台新日本半導體,55,0,55,國泰-新莊,2024-09-05,8886
0056,元大高股息,76,23,53,國泰-新莊,2024-09-05,8886
00915,凱基優選高股息30,59,10,49,國泰-新莊,2024-09-05,8886
5225,東科-KY,51,5,46,國泰-新莊,2024-09-05,8886
00706L,期元大S＆P日圓正2,50,5,45,國泰-新莊,2024-09-05,8886
2352,佳世達,45,1,44,國泰-新莊,2024-09-05,8886
00948B,中信優息投資級債,43,0,43,國泰-新莊,2024-09-05,8886
2408,南亞科,50,9,41,國泰-新莊,2024-09-05,8886
00642U,期元大S＆P石油,41,0,41,國泰-新莊,2024-09-05,8886
1711,永光,100,60,40,國泰-新莊,2024-09-05,8886
6431,光麗-KY,40,0,40,國泰-新莊,2024-09-05,8886
00712,復華富時不動產,57,23,34,國泰-新莊,2024-09-05,8886
1539,巨庭,168,136,32,國泰-新莊,2024-09-05,8886
1326,台化,36,4,32,國泰-新莊,2024-09-05,8886
1316,上曜,30,2,28,國泰-新莊,2024-09-05,8886
006208,富邦台50,44,16,28,國泰-新莊,2024-09-05,8886
3374,精材,51,24,27,國泰-新莊,2024-09-05,8886
00713,元大台灣高息低波,29,3,26,國泰-新莊,2024-09-05,8886
8011,台通,42,18,24,國泰-新莊,2024-09-05,8886
4510,高鋒,212,190,22,國泰-新莊,2024-09-05,8886
4906,正文,26,4,22,國泰-新莊,2024-09-05,8886
2002,中鋼,24,3,21,國泰-新莊,2024-09-05,8886
8374,羅昇,205,185,20,國泰-新莊,2024-09-05,8886
2515,中工,40,20,20,國泰-新莊,2024-09-05,8886
00740B,富邦全球投等債,20,0,20,國泰-新莊,2024-09-05,8886
6290,良維,30,10,20,國泰-新莊,2024-09-05,8886
2897A,王道銀甲特,20,0,20,國泰-新莊,2024-09-05,8886
00946,群益科技高息成長,22,3,19,國泰-新莊,2024-09-05,8886
3481,群創,136,117,19,國泰-新莊,2024-09-05,8886
3024,憶聲,20,1,19,國泰-新莊,2024-09-05,8886
00923,群益台ESG低碳50,20,1,19,國泰-新莊,2024-09-05,8886
00632R,元大台灣50反1,468,72,396,國泰-新莊,2024-09-06,8886
00715L,期街口布蘭特正2,1979,1647,332,國泰-新莊,2024-09-06,8886
00929,復華台灣科技優息,337,185,152,國泰-新莊,2024-09-06,8886
00919,群益台灣精選高息,161,32,129,國泰-新莊,2024-09-06,8886
00940,元大台灣價值高息,107,4,103,國泰-新莊,2024-09-06,8886
2349,錸德,100,23,77,國泰-新莊,2024-09-06,8886
00687B,國泰20年美債,169,95,74,國泰-新莊,2024-09-06,8886
2883,凱基金,80,6,74,國泰-新莊,2024-09-06,8886
1815,富喬,106,38,68,國泰-新莊,2024-09-06,8886
2610,華航,62,1,61,國泰-新莊,2024-09-06,8886
00945B,凱基美國非投等債,43,0,43,國泰-新莊,2024-09-06,8886
00915,凱基優選高股息30,42,0,42,國泰-新莊,2024-09-06,8886
00918,大華優利高填息30,48,9,39,國泰-新莊,2024-09-06,8886
00941,中信上游半導體,48,10,38,國泰-新莊,2024-09-06,8886
00713,元大台灣高息低波,51,14,37,國泰-新莊,2024-09-06,8886
2834,臺企銀,40,5,35,國泰-新莊,2024-09-06,8886
00952,凱基台灣AI50,33,0,33,國泰-新莊,2024-09-06,8886
2313,華通,51,20,31,國泰-新莊,2024-09-06,8886
2344,華邦電,31,2,29,國泰-新莊,2024-09-06,8886
00740B,富邦全球投等債,30,1,29,國泰-新莊,2024-09-06,8886
1217,愛之味,30,2,28,國泰-新莊,2024-09-06,8886
3481,群創,54,27,27,國泰-新莊,2024-09-06,8886
00688L,國泰20年美債正2,61,36,25,國泰-新莊,2024-09-06,8886
5905,南仁湖,36,13,23,國泰-新莊,2024-09-06,8886
8096,擎亞,56,33,23,國泰-新莊,2024-09-06,8886
2408,南亞科,27,4,23,國泰-新莊,2024-09-06,8886
6216,居易,28,5,23,國泰-新莊,2024-09-06,8886
2464,盟立,67,45,22,國泰-新莊,2024-09-06,8886
00951,台新日本半導體,35,14,21,國泰-新莊,2024-09-06,8886
00949,復華日本龍頭,21,2,19,國泰-新莊,2024-09-06,8886
2486,一詮,66,47,19,國泰-新莊,2024-09-06,8886
2537,聯上發,18,0,18,國泰-新莊,2024-09-06,8886
00712,復華富時不動產,21,3,18,國泰-新莊,2024-09-06,8886
3231,緯創,30,13,17,國泰-新莊,2024-09-06,8886
1314,中石化,55,38,17,國泰-新莊,2024-09-06,8886
1316,上曜,19,2,17,國泰-新莊,2024-09-06,8886
00948B,中信優息投資級債,16,0,16,國泰-新莊,2024-09-06,8886
2618,長榮航,44,28,16,國泰-新莊,2024-09-06,8886
00891,中信關鍵半導體,16,0,16,國泰-新莊,2024-09-06,8886
00664R,國泰臺灣加權反1,15,0,15,國泰-新莊,2024-09-06,8886
3466,德晉,15,0,15,國泰-新莊,2024-09-06,8886
00830,國泰費城半導體,33,21,12,國泰-新莊,2024-09-06,8886
1711,永光,42,30,12,國泰-新莊,2024-09-06,8886
3024,憶聲,12,0,12,國泰-新莊,2024-09-06,8886
8011,台通,17,6,11,國泰-新莊,2024-09-06,8886
6231,系微,41,30,11,國泰-新莊,2024-09-06,8886
00878,國泰永續高股息,55,44,11,國泰-新莊,2024-09-06,8886
006208,富邦台50,25,15,10,國泰-新莊,2024-09-06,8886
2002,中鋼,22,11,11,國泰-新莊,2024-09-06,8886
2489,瑞軒,12,2,10,國泰-新莊,2024-09-06,8886
00919,群益台灣精選高息,614,160,454,國泰-新莊,2024-09-09,8886
00929,復華台灣科技優息,638,222,416,國泰-新莊,2024-09-09,8886
00878,國泰永續高股息,380,18,362,國泰-新莊,2024-09-09,8886
2501,國建,165,11,154,國泰-新莊,2024-09-09,8886
00637L,元大滬深300正2,307,180,127,國泰-新莊,2024-09-09,8886
00918,大華優利高填息30,142,16,126,國泰-新莊,2024-09-09,8886
00915,凱基優選高股息30,126,1,125,國泰-新莊,2024-09-09,8886
00940,元大台灣價值高息,269,147,122,國泰-新莊,2024-09-09,8886
1101,台泥,104,11,93,國泰-新莊,2024-09-09,8886
2891,中信金,97,6,91,國泰-新莊,2024-09-09,8886
00881,國泰台灣5G+,94,6,88,國泰-新莊,2024-09-09,8886
006208,富邦台50,88,1,87,國泰-新莊,2024-09-09,8886
0056,元大高股息,73,3,70,國泰-新莊,2024-09-09,8886
8096,擎亞,77,21,56,國泰-新莊,2024-09-09,8886
00713,元大台灣高息低波,61,7,54,國泰-新莊,2024-09-09,8886
00891,中信關鍵半導體,54,1,53,國泰-新莊,2024-09-09,8886
00715L,期街口布蘭特正2,1558,1505,53,國泰-新莊,2024-09-09,8886
2317,鴻海,79,26,53,國泰-新莊,2024-09-09,8886
2881,富邦金,69,16,53,國泰-新莊,2024-09-09,8886
2618,長榮航,63,11,52,國泰-新莊,2024-09-09,8886
3481,群創,146,101,45,國泰-新莊,2024-09-09,8886
1540,喬福,220,175,45,國泰-新莊,2024-09-09,8886
00671R,富邦NASDAQ反1,38,0,38,國泰-新莊,2024-09-09,8886
6431,光麗-KY,37,0,37,國泰-新莊,2024-09-09,8886
1314,中石化,51,16,35,國泰-新莊,2024-09-09,8886
00923,群益台ESG低碳50,33,0,33,國泰-新莊,2024-09-09,8886
2330,台積電,45,12,33,國泰-新莊,2024-09-09,8886
5905,南仁湖,41,9,32,國泰-新莊,2024-09-09,8886
2885,元大金,34,4,30,國泰-新莊,2024-09-09,8886
00935,野村臺灣新科技50,30,0,30,國泰-新莊,2024-09-09,8886
00951,台新日本半導體,28,0,28,國泰-新莊,2024-09-09,8886
6603,富強鑫,30,2,28,國泰-新莊,2024-09-09,8886
00662,富邦NASDAQ,26,0,26,國泰-新莊,2024-09-09,8886
2883,凱基金,27,3,24,國泰-新莊,2024-09-09,8886
8033,雷虎,24,0,24,國泰-新莊,2024-09-09,8886
00930,永豐ESG低碳高息,23,0,23,國泰-新莊,2024-09-09,8886
00936,台新永續高息中小,27,4,23,國泰-新莊,2024-09-09,8886
00679B,元大美債20年,63,40,23,國泰-新莊,2024-09-09,8886
00675L,富邦臺灣加權正2,26,3,23,國泰-新莊,2024-09-09,8886
00952,凱基台灣AI50,22,0,22,國泰-新莊,2024-09-09,8886
2356,英業達,27,5,22,國泰-新莊,2024-09-09,8886
2382,廣達,45,23,22,國泰-新莊,2024-09-09,8886
3581,博磊,27,6,21,國泰-新莊,2024-09-09,8886
00633L,富邦上証正2,21,0,21,國泰-新莊,2024-09-09,8886
2344,華邦電,30,9,21,國泰-新莊,2024-09-09,8886
00882,中信中國高股息,20,0,20,國泰-新莊,2024-09-09,8886
2329,華泰,20,0,20,國泰-新莊,2024-09-09,8886
4950,牧東,20,0,20,國泰-新莊,2024-09-09,8886
8110,華東,25,5,20,國泰-新莊,2024-09-09,8886
00751B,元大AAA至A公司債,22,2,20,國泰-新莊,2024-09-09,8886
00929,復華台灣科技優息,795,169,626,國泰-新莊,2024-09-10,8886
00632R,元大台灣50反1,579,109,470,國泰-新莊,2024-09-10,8886
00919,群益台灣精選高息,378,72,306,國泰-新莊,2024-09-10,8886
00687B,國泰20年美債,299,49,250,國泰-新莊,2024-09-10,8886
6108,競國,200,0,200,國泰-新莊,2024-09-10,8886
0056,元大高股息,149,7,142,國泰-新莊,2024-09-10,8886
3481,群創,353,230,123,國泰-新莊,2024-09-10,8886
00940,元大台灣價值高息,146,28,118,國泰-新莊,2024-09-10,8886
2317,鴻海,128,41,87,國泰-新莊,2024-09-10,8886
00918,大華優利高填息30,80,9,71,國泰-新莊,2024-09-10,8886
2313,華通,109,43,66,國泰-新莊,2024-09-10,8886
2408,南亞科,64,6,58,國泰-新莊,2024-09-10,8886
00878,國泰永續高股息,107,54,53,國泰-新莊,2024-09-10,8886
3535,晶彩科,55,4,51,國泰-新莊,2024-09-10,8886
00715L,期街口布蘭特正2,52,1,51,國泰-新莊,2024-09-10,8886
00712,復華富時不動產,50,2,48,國泰-新莊,2024-09-10,8886
2382,廣達,64,16,48,國泰-新莊,2024-09-10,8886
2540,愛山林,48,5,43,國泰-新莊,2024-09-10,8886
8043,蜜望實,40,2,38,國泰-新莊,2024-09-10,8886
2506,太設,38,0,38,國泰-新莊,2024-09-10,8886
1785,光洋科,55,18,37,國泰-新莊,2024-09-10,8886
2881,富邦金,54,18,36,國泰-新莊,2024-09-10,8886
00688L,國泰20年美債正2,137,102,35,國泰-新莊,2024-09-10,8886
00952,凱基台灣AI50,34,0,34,國泰-新莊,2024-09-10,8886
1815,富喬,88,56,32,國泰-新莊,2024-09-10,8886
1605,華新,31,1,30,國泰-新莊,2024-09-10,8886
2344,華邦電,50,20,30,國泰-新莊,2024-09-10,8886
5488,松普,30,1,29,國泰-新莊,2024-09-10,8886
00943,兆豐電子高息等權,28,0,28,國泰-新莊,2024-09-10,8886
3149,正達,41,13,28,國泰-新莊,2024-09-10,8886
6603,富強鑫,39,12,27,國泰-新莊,2024-09-10,8886
1301,台塑,40,13,27,國泰-新莊,2024-09-10,8886
6120,達運,36,10,26,國泰-新莊,2024-09-10,8886
4538,大詠城,26,0,26,國泰-新莊,2024-09-10,8886
3047,訊舟,46,20,26,國泰-新莊,2024-09-10,8886
3231,緯創,30,8,22,國泰-新莊,2024-09-10,8886
5443,均豪,96,74,22,國泰-新莊,2024-09-10,8886
3707,漢磊,22,1,21,國泰-新莊,2024-09-10,8886
3024,憶聲,21,0,21,國泰-新莊,2024-09-10,8886
00922,國泰台灣領袖50,22,1,21,國泰-新莊,2024-09-10,8886
3037,欣興,28,8,20,國泰-新莊,2024-09-10,8886
00941,中信上游半導體,20,0,20,國泰-新莊,2024-09-10,8886
00753L,中信中國50正2,20,0,20,國泰-新莊,2024-09-10,8886
3122,笙泉,20,0,20,國泰-新莊,2024-09-10,8886
00932,兆豐永續高息等權,20,0,20,國泰-新莊,2024-09-10,8886
5871,中租-KY,24,5,19,國泰-新莊,2024-09-10,8886
006208,富邦台50,22,4,18,國泰-新莊,2024-09-10,8886
3017,奇鋐,27,9,18,國泰-新莊,2024-09-10,8886
2312,金寶,55,38,17,國泰-新莊,2024-09-10,8886
3689,湧德,22,5,17,國泰-新莊,2024-09-10,8886
6108,競國,264,0,264,國泰-新莊,2024-09-11,8886
00878,國泰永續高股息,267,6,261,國泰-新莊,2024-09-11,8886
00948B,中信優息投資級債,223,0,223,國泰-新莊,2024-09-11,8886
00715L,期街口布蘭特正2,184,11,173,國泰-新莊,2024-09-11,8886
00637L,元大滬深300正2,167,10,157,國泰-新莊,2024-09-11,8886
00945B,凱基美國非投等債,155,0,155,國泰-新莊,2024-09-11,8886
00680L,元大美債20正2,197,48,149,國泰-新莊,2024-09-11,8886
00937B,群益ESG投等債20,306,167,139,國泰-新莊,2024-09-11,8886
00929,復華台灣科技優息,264,125,139,國泰-新莊,2024-09-11,8886
00713,元大台灣高息低波,139,4,135,國泰-新莊,2024-09-11,8886
00632R,元大台灣50反1,319,186,133,國泰-新莊,2024-09-11,8886
00919,群益台灣精選高息,110,7,103,國泰-新莊,2024-09-11,8886
0056,元大高股息,95,7,88,國泰-新莊,2024-09-11,8886
00882,中信中國高股息,83,13,70,國泰-新莊,2024-09-11,8886
2891,中信金,104,34,70,國泰-新莊,2024-09-11,8886
2883,凱基金,63,4,59,國泰-新莊,2024-09-11,8886
3149,正達,55,0,55,國泰-新莊,2024-09-11,8886
00687B,國泰20年美債,275,224,51,國泰-新莊,2024-09-11,8886
00915,凱基優選高股息30,53,5,48,國泰-新莊,2024-09-11,8886
2002,中鋼,53,5,48,國泰-新莊,2024-09-11,8886
00940,元大台灣價值高息,48,10,38,國泰-新莊,2024-09-11,8886
1522,堤維西,46,8,38,國泰-新莊,2024-09-11,8886
2834,臺企銀,38,4,34,國泰-新莊,2024-09-11,8886
2892,第一金,35,1,34,國泰-新莊,2024-09-11,8886
3047,訊舟,509,477,32,國泰-新莊,2024-09-11,8886
00951,台新日本半導體,32,0,32,國泰-新莊,2024-09-11,8886
00918,大華優利高填息30,34,3,31,國泰-新莊,2024-09-11,8886
00795B,中信美國公債20年,34,4,30,國泰-新莊,2024-09-11,8886
4142,國光生,30,0,30,國泰-新莊,2024-09-11,8886
8110,華東,35,5,30,國泰-新莊,2024-09-11,8886
00943,兆豐電子高息等權,24,0,24,國泰-新莊,2024-09-11,8886
1301,台塑,35,11,24,國泰-新莊,2024-09-11,8886
2885,元大金,23,0,23,國泰-新莊,2024-09-11,8886
00953B,群益優選非投等債,22,0,22,國泰-新莊,2024-09-11,8886
00900,富邦特選高股息30,22,0,22,國泰-新莊,2024-09-11,8886
8033,雷虎,21,0,21,國泰-新莊,2024-09-11,8886
00636,國泰中國A50,20,0,20,國泰-新莊,2024-09-11,8886
00679B,元大美債20年,306,287,19,國泰-新莊,2024-09-11,8886
6215,和椿,26,8,18,國泰-新莊,2024-09-11,8886
4566,時碩工業,27,9,18,國泰-新莊,2024-09-11,8886
00930,永豐ESG低碳高息,18,0,18,國泰-新莊,2024-09-11,8886
2365,昆盈,24,6,18,國泰-新莊,2024-09-11,8886
006208,富邦台50,19,1,18,國泰-新莊,2024-09-11,8886
2426,鼎元,17,0,17,國泰-新莊,2024-09-11,8886
4979,華星光,85,69,16,國泰-新莊,2024-09-11,8886
5880,合庫金,17,1,16,國泰-新莊,2024-09-11,8886
00959B,大華投等美債15Y+,18,2,16,國泰-新莊,2024-09-11,8886
2388,威盛,35,20,15,國泰-新莊,2024-09-11,8886
1414,東和,15,0,15,國泰-新莊,2024-09-11,8886
3707,漢磊,24,9,15,國泰-新莊,2024-09-11,8886
00632R,元大台灣50反1,1886,396,1490,國泰-新莊,2024-09-12,8886
00687B,國泰20年美債,338,190,148,國泰-新莊,2024-09-12,8886
8070,長華*,128,12,116,國泰-新莊,2024-09-12,8886
00751B,元大AAA至A公司債,84,1,83,國泰-新莊,2024-09-12,8886
2891,中信金,88,6,82,國泰-新莊,2024-09-12,8886
00915,凱基優選高股息30,68,4,64,國泰-新莊,2024-09-12,8886
6108,競國,63,0,63,國泰-新莊,2024-09-12,8886
2540,愛山林,59,2,57,國泰-新莊,2024-09-12,8886
00680L,元大美債20正2,118,61,57,國泰-新莊,2024-09-12,8886
00712,復華富時不動產,46,1,45,國泰-新莊,2024-09-12,8886
00919,群益台灣精選高息,235,192,43,國泰-新莊,2024-09-12,8886
5460,同協,116,76,40,國泰-新莊,2024-09-12,8886
00933B,國泰10Y+金融債,57,19,38,國泰-新莊,2024-09-12,8886
4950,牧東,38,2,36,國泰-新莊,2024-09-12,8886
1539,巨庭,46,13,33,國泰-新莊,2024-09-12,8886
6194,育富,43,12,31,國泰-新莊,2024-09-12,8886
6133,金橋,101,70,31,國泰-新莊,2024-09-12,8886
3481,群創,158,130,28,國泰-新莊,2024-09-12,8886
00724B,群益投資級金融債,28,0,28,國泰-新莊,2024-09-12,8886
1517,利奇,21,0,21,國泰-新莊,2024-09-12,8886
00642U,期元大S＆P石油,20,0,20,國泰-新莊,2024-09-12,8886
3290,東浦,20,0,20,國泰-新莊,2024-09-12,8886
6530,創威,162,144,18,國泰-新莊,2024-09-12,8886
6431,光麗-KY,18,0,18,國泰-新莊,2024-09-12,8886
5488,松普,17,0,17,國泰-新莊,2024-09-12,8886
2002,中鋼,23,6,17,國泰-新莊,2024-09-12,8886
2489,瑞軒,38,23,15,國泰-新莊,2024-09-12,8886
2539,櫻花建,13,0,13,國泰-新莊,2024-09-12,8886
6126,信音,14,1,13,國泰-新莊,2024-09-12,8886
2887Z1,台新己特,12,0,12,國泰-新莊,2024-09-12,8886
2349,錸德,78,66,12,國泰-新莊,2024-09-12,8886
5443,均豪,192,180,12,國泰-新莊,2024-09-12,8886
00905,FT臺灣Smart,14,3,11,國泰-新莊,2024-09-12,8886
2504,國產,11,0,11,國泰-新莊,2024-09-12,8886
00713,元大台灣高息低波,23,12,11,國泰-新莊,2024-09-12,8886
2208,台船,11,0,11,國泰-新莊,2024-09-12,8886
3707,漢磊,13,3,10,國泰-新莊,2024-09-12,8886
4906,正文,10,0,10,國泰-新莊,2024-09-12,8886
00641R,富邦日本反1,10,0,10,國泰-新莊,2024-09-12,8886
00665L,富邦�琤肭磪囓�2,10,0,10,國泰-新莊,2024-09-12,8886
00654R,富邦印度反1,10,0,10,國泰-新莊,2024-09-12,8886
00956,中信日經高股息,10,0,10,國泰-新莊,2024-09-12,8886
00670L,富邦NASDAQ正2,10,0,10,國泰-新莊,2024-09-12,8886
4562,穎漢,38,28,10,國泰-新莊,2024-09-12,8886
3535,晶彩科,22,13,9,國泰-新莊,2024-09-12,8886
1709,和益,10,1,9,國泰-新莊,2024-09-12,8886
2885,元大金,8,0,8,國泰-新莊,2024-09-12,8886
00764B,群益25年美債,8,0,8,國泰-新莊,2024-09-12,8886
2031,新光鋼,8,0,8,國泰-新莊,2024-09-12,8886
2027,大成鋼,10,2,8,國泰-新莊,2024-09-12,8886
00632R,元大台灣50反1,796,302,494,國泰-新莊,2024-09-13,8886
00687B,國泰20年美債,220,21,199,國泰-新莊,2024-09-13,8886
00937B,群益ESG投等債20,230,33,197,國泰-新莊,2024-09-13,8886
00919,群益台灣精選高息,173,27,146,國泰-新莊,2024-09-13,8886
00942B,台新美A公司債20+,115,0,115,國泰-新莊,2024-09-13,8886
00918,大華優利高填息30,98,0,98,國泰-新莊,2024-09-13,8886
00679B,元大美債20年,98,17,81,國泰-新莊,2024-09-13,8886
00929,復華台灣科技優息,261,182,79,國泰-新莊,2024-09-13,8886
2344,華邦電,79,0,79,國泰-新莊,2024-09-13,8886
00915,凱基優選高股息30,79,6,73,國泰-新莊,2024-09-13,8886
00878,國泰永續高股息,74,12,62,國泰-新莊,2024-09-13,8886
4950,牧東,48,0,48,國泰-新莊,2024-09-13,8886
1711,永光,71,26,45,國泰-新莊,2024-09-13,8886
2506,太設,42,0,42,國泰-新莊,2024-09-13,8886
00959B,大華投等美債15Y+,41,0,41,國泰-新莊,2024-09-13,8886
3522,御嵿,41,4,37,國泰-新莊,2024-09-13,8886
2891,中信金,65,34,31,國泰-新莊,2024-09-13,8886
3294,英濟,31,2,29,國泰-新莊,2024-09-13,8886
2412,中華電,30,2,28,國泰-新莊,2024-09-13,8886
00882,中信中國高股息,47,20,27,國泰-新莊,2024-09-13,8886
6279,胡連,30,4,26,國泰-新莊,2024-09-13,8886
2883,凱基金,28,2,26,國泰-新莊,2024-09-13,8886
2408,南亞科,28,2,26,國泰-新莊,2024-09-13,8886
00934,中信成長高股息,25,0,25,國泰-新莊,2024-09-13,8886
1326,台化,24,0,24,國泰-新莊,2024-09-13,8886
00642U,期元大S＆P石油,23,1,22,國泰-新莊,2024-09-13,8886
6026,福邦證,21,0,21,國泰-新莊,2024-09-13,8886
3704,合勤控,24,3,21,國泰-新莊,2024-09-13,8886
2365,昆盈,30,9,21,國泰-新莊,2024-09-13,8886
3686,達能,21,0,21,國泰-新莊,2024-09-13,8886
00655L,國泰中國A50正2,61,40,21,國泰-新莊,2024-09-13,8886
2881A,富邦特,20,0,20,國泰-新莊,2024-09-13,8886
6120,達運,22,2,20,國泰-新莊,2024-09-13,8886
4510,高鋒,220,200,20,國泰-新莊,2024-09-13,8886
3450,聯鈞,27,8,19,國泰-新莊,2024-09-13,8886
00951,台新日本半導體,20,3,17,國泰-新莊,2024-09-13,8886
6218,豪勉,17,0,17,國泰-新莊,2024-09-13,8886
5905,南仁湖,20,3,17,國泰-新莊,2024-09-13,8886
6163,華電網,48,33,15,國泰-新莊,2024-09-13,8886
6246,臺龍,23,9,14,國泰-新莊,2024-09-13,8886
6431,光麗-KY,13,0,13,國泰-新莊,2024-09-13,8886
2303,聯電,19,6,13,國泰-新莊,2024-09-13,8886
4909,新復興,71,58,13,國泰-新莊,2024-09-13,8886
00933B,國泰10Y+金融債,16,3,13,國泰-新莊,2024-09-13,8886
3013,晟銘電,48,36,12,國泰-新莊,2024-09-13,8886
2477,美隆電,39,27,12,國泰-新莊,2024-09-13,8886
00633L,富邦上証正2,12,0,12,國泰-新莊,2024-09-13,8886
5443,均豪,226,214,12,國泰-新莊,2024-09-13,8886
6285,啟��,11,0,11,國泰-新莊,2024-09-13,8886
00706L,期元大S＆P日圓正2,11,0,11,國泰-新莊,2024-09-13,8886
00937B,群益ESG投等債20,348,13,335,國泰-新莊,2024-09-16,8886
00687B,國泰20年美債,328,81,247,國泰-新莊,2024-09-16,8886
6116,彩晶,215,49,166,國泰-新莊,2024-09-16,8886
00919,群益台灣精選高息,206,58,148,國泰-新莊,2024-09-16,8886
00688L,國泰20年美債正2,193,52,141,國泰-新莊,2024-09-16,8886
00632R,元大台灣50反1,213,120,93,國泰-新莊,2024-09-16,8886
2618,長榮航,104,16,88,國泰-新莊,2024-09-16,8886
2323,中環,85,3,82,國泰-新莊,2024-09-16,8886
1540,喬福,245,176,69,國泰-新莊,2024-09-16,8886
00715L,期街口布蘭特正2,74,8,66,國泰-新莊,2024-09-16,8886
00918,大華優利高填息30,72,11,61,國泰-新莊,2024-09-16,8886
2349,錸德,145,86,59,國泰-新莊,2024-09-16,8886
00713,元大台灣高息低波,111,55,56,國泰-新莊,2024-09-16,8886
00948B,中信優息投資級債,92,38,54,國泰-新莊,2024-09-16,8886
2886,兆豐金,54,2,52,國泰-新莊,2024-09-16,8886
00915,凱基優選高股息30,58,11,47,國泰-新莊,2024-09-16,8886
1710,東聯,40,0,40,國泰-新莊,2024-09-16,8886
00878,國泰永續高股息,70,32,38,國泰-新莊,2024-09-16,8886
6120,達運,32,0,32,國泰-新莊,2024-09-16,8886
00945B,凱基美國非投等債,32,0,32,國泰-新莊,2024-09-16,8886
3360,尚立,99,67,32,國泰-新莊,2024-09-16,8886
4142,國光生,30,0,30,國泰-新莊,2024-09-16,8886
00957B,兆豐US優選投等債,30,0,30,國泰-新莊,2024-09-16,8886
2881A,富邦特,30,0,30,國泰-新莊,2024-09-16,8886
00795B,中信美國公債20年,28,2,26,國泰-新莊,2024-09-16,8886
6505,台塑化,25,1,24,國泰-新莊,2024-09-16,8886
1301,台塑,30,7,23,國泰-新莊,2024-09-16,8886
9105,泰金寶-DR,23,0,23,國泰-新莊,2024-09-16,8886
4950,牧東,23,1,22,國泰-新莊,2024-09-16,8886
00953B,群益優選非投等債,22,0,22,國泰-新莊,2024-09-16,8886
2506,太設,22,0,22,國泰-新莊,2024-09-16,8886
00706L,期元大S＆P日圓正2,22,0,22,國泰-新莊,2024-09-16,8886
3380,明泰,24,3,21,國泰-新莊,2024-09-16,8886
6598,ABC-KY,21,0,21,國泰-新莊,2024-09-16,8886
2498,宏達電,23,3,20,國泰-新莊,2024-09-16,8886
00885,富邦越南,21,1,20,國泰-新莊,2024-09-16,8886
2332,友訊,20,1,19,國泰-新莊,2024-09-16,8886
00679B,元大美債20年,33,14,19,國泰-新莊,2024-09-16,8886
2351,順德,21,4,17,國泰-新莊,2024-09-16,8886
4510,高鋒,183,167,16,國泰-新莊,2024-09-16,8886
00931B,統一美債20年,17,2,15,國泰-新莊,2024-09-16,8886
5460,同協,39,24,15,國泰-新莊,2024-09-16,8886
3019,亞光,36,21,15,國泰-新莊,2024-09-16,8886
5230,雷笛克光學,48,33,15,國泰-新莊,2024-09-16,8886
6248,沛波,15,0,15,國泰-新莊,2024-09-16,8886
00947,台新臺灣IC設計,14,0,14,國泰-新莊,2024-09-16,8886
8091,翔名,15,1,14,國泰-新莊,2024-09-16,8886
1905,華紙,16,2,14,國泰-新莊,2024-09-16,8886
00891,中信關鍵半導體,14,0,14,國泰-新莊,2024-09-16,8886
00922,國泰台灣領袖50,20,7,13,國泰-新莊,2024-09-16,8886
00688L,國泰20年美債正2,725,175,550,國泰-新莊,2024-09-18,8886
00929,復華台灣科技優息,456,77,379,國泰-新莊,2024-09-18,8886
00919,群益台灣精選高息,364,65,299,國泰-新莊,2024-09-18,8886
00937B,群益ESG投等債20,430,193,237,國泰-新莊,2024-09-18,8886
00918,大華優利高填息30,223,5,218,國泰-新莊,2024-09-18,8886
00687B,國泰20年美債,225,18,207,國泰-新莊,2024-09-18,8886
00679B,元大美債20年,238,36,202,國泰-新莊,2024-09-18,8886
00632R,元大台灣50反1,243,44,199,國泰-新莊,2024-09-18,8886
00915,凱基優選高股息30,204,39,165,國泰-新莊,2024-09-18,8886
0056,元大高股息,137,1,136,國泰-新莊,2024-09-18,8886
00713,元大台灣高息低波,162,35,127,國泰-新莊,2024-09-18,8886
00706L,期元大S＆P日圓正2,109,0,109,國泰-新莊,2024-09-18,8886
00953B,群益優選非投等債,100,2,98,國泰-新莊,2024-09-18,8886
00878,國泰永續高股息,156,62,94,國泰-新莊,2024-09-18,8886
00637L,元大滬深300正2,107,18,89,國泰-新莊,2024-09-18,8886
00795B,中信美國公債20年,92,9,83,國泰-新莊,2024-09-18,8886
1413,宏洲,75,0,75,國泰-新莊,2024-09-18,8886
1718,中纖,70,0,70,國泰-新莊,2024-09-18,8886
2317,鴻海,98,32,66,國泰-新莊,2024-09-18,8886
00881,國泰台灣5G+,85,20,65,國泰-新莊,2024-09-18,8886
3481,群創,255,193,62,國泰-新莊,2024-09-18,8886
6116,彩晶,85,31,54,國泰-新莊,2024-09-18,8886
00724B,群益投資級金融債,50,1,49,國泰-新莊,2024-09-18,8886
2426,鼎元,64,18,46,國泰-新莊,2024-09-18,8886
6005,群益證,38,1,37,國泰-新莊,2024-09-18,8886
2303,聯電,37,3,34,國泰-新莊,2024-09-18,8886
2888,新光金,452,419,33,國泰-新莊,2024-09-18,8886
3550,聯穎,145,117,28,國泰-新莊,2024-09-18,8886
00934,中信成長高股息,28,1,27,國泰-新莊,2024-09-18,8886
1711,永光,280,253,27,國泰-新莊,2024-09-18,8886
2344,華邦電,27,0,27,國泰-新莊,2024-09-18,8886
9105,泰金寶-DR,40,13,27,國泰-新莊,2024-09-18,8886
6133,金橋,27,2,25,國泰-新莊,2024-09-18,8886
020020,元大台股領航N,25,0,25,國泰-新莊,2024-09-18,8886
1540,喬福,113,89,24,國泰-新莊,2024-09-18,8886
3607,谷崧,24,2,22,國泰-新莊,2024-09-18,8886
00730,富邦臺灣優質高息,21,0,21,國泰-新莊,2024-09-18,8886
5443,均豪,106,86,20,國泰-新莊,2024-09-18,8886
2881A,富邦特,20,0,20,國泰-新莊,2024-09-18,8886
6248,沛波,19,0,19,國泰-新莊,2024-09-18,8886
2412,中華電,30,11,19,國泰-新莊,2024-09-18,8886
1721,三晃,23,4,19,國泰-新莊,2024-09-18,8886
00905,FT臺灣Smart,32,13,19,國泰-新莊,2024-09-18,8886
3498,陽程,35,16,19,國泰-新莊,2024-09-18,8886
6706,惠特,43,25,18,國泰-新莊,2024-09-18,8886
00892,富邦台灣半導體,20,2,18,國泰-新莊,2024-09-18,8886
00946,群益科技高息成長,17,0,17,國泰-新莊,2024-09-18,8886
2313,華通,36,20,16,國泰-新莊,2024-09-18,8886
3149,正達,29,13,16,國泰-新莊,2024-09-18,8886
00943,兆豐電子高息等權,15,0,15,國泰-新莊,2024-09-18,8886
00632R,元大台灣50反1,587,195,392,國泰-新莊,2024-09-19,8886
00937B,群益ESG投等債20,421,145,276,國泰-新莊,2024-09-19,8886
00687B,國泰20年美債,370,100,270,國泰-新莊,2024-09-19,8886
00929,復華台灣科技優息,271,57,214,國泰-新莊,2024-09-19,8886
00915,凱基優選高股息30,197,5,192,國泰-新莊,2024-09-19,8886
00919,群益台灣精選高息,188,81,107,國泰-新莊,2024-09-19,8886
00679B,元大美債20年,166,64,102,國泰-新莊,2024-09-19,8886
00918,大華優利高填息30,108,22,86,國泰-新莊,2024-09-19,8886
00857B,永豐20年美公債,83,2,81,國泰-新莊,2024-09-19,8886
3049,精金,275,199,76,國泰-新莊,2024-09-19,8886
1413,宏洲,64,0,64,國泰-新莊,2024-09-19,8886
00706L,期元大S＆P日圓正2,59,0,59,國泰-新莊,2024-09-19,8886
00958B,永豐ESG銀行債15,56,0,56,國泰-新莊,2024-09-19,8886
00713,元大台灣高息低波,58,2,56,國泰-新莊,2024-09-19,8886
3037,欣興,58,8,50,國泰-新莊,2024-09-19,8886
8070,長華*,106,58,48,國泰-新莊,2024-09-19,8886
00795B,中信美國公債20年,45,5,40,國泰-新莊,2024-09-19,8886
6116,彩晶,41,5,36,國泰-新莊,2024-09-19,8886
2886,兆豐金,52,17,35,國泰-新莊,2024-09-19,8886
00951,台新日本半導體,33,1,32,國泰-新莊,2024-09-19,8886
6598,ABC-KY,30,0,30,國泰-新莊,2024-09-19,8886
1711,永光,150,123,27,國泰-新莊,2024-09-19,8886
2367,燿華,85,62,23,國泰-新莊,2024-09-19,8886
00655L,國泰中國A50正2,21,0,21,國泰-新莊,2024-09-19,8886
00878,國泰永續高股息,53,36,17,國泰-新莊,2024-09-19,8886
00650L,復華香港正2,20,3,17,國泰-新莊,2024-09-19,8886
4538,大詠城,16,0,16,國泰-新莊,2024-09-19,8886
00948B,中信優息投資級債,19,4,15,國泰-新莊,2024-09-19,8886
3550,聯穎,52,37,15,國泰-新莊,2024-09-19,8886
3494,誠研,15,0,15,國泰-新莊,2024-09-19,8886
00959B,大華投等美債15Y+,13,0,13,國泰-新莊,2024-09-19,8886
2801,彰銀,11,0,11,國泰-新莊,2024-09-19,8886
4566,時碩工業,13,2,11,國泰-新莊,2024-09-19,8886
4906,正文,32,21,11,國泰-新莊,2024-09-19,8886
2033,佳大,18,7,11,國泰-新莊,2024-09-19,8886
2317,鴻海,40,30,10,國泰-新莊,2024-09-19,8886
2834,臺企銀,34,24,10,國泰-新莊,2024-09-19,8886
1710,東聯,10,0,10,國泰-新莊,2024-09-19,8886
2515,中工,41,31,10,國泰-新莊,2024-09-19,8886
00953B,群益優選非投等債,10,0,10,國泰-新莊,2024-09-19,8886
00671R,富邦NASDAQ反1,10,0,10,國泰-新莊,2024-09-19,8886
1444,力麗,10,0,10,國泰-新莊,2024-09-19,8886
6248,沛波,10,0,10,國泰-新莊,2024-09-19,8886
1618,合機,10,0,10,國泰-新莊,2024-09-19,8886
6431,光麗-KY,10,0,10,國泰-新莊,2024-09-19,8886
6108,競國,10,0,10,國泰-新莊,2024-09-19,8886
6698,旭暉應材,14,4,10,國泰-新莊,2024-09-19,8886
00933B,國泰10Y+金融債,25,15,10,國泰-新莊,2024-09-19,8886
2504,國產,11,2,9,國泰-新莊,2024-09-19,8886
9105,泰金寶-DR,25,16,9,國泰-新莊,2024-09-19,8886
00919,群益台灣精選高息,730,121,609,國泰-新莊,2024-09-20,8886
00937B,群益ESG投等債20,536,58,478,國泰-新莊,2024-09-20,8886
00915,凱基優選高股息30,215,14,201,國泰-新莊,2024-09-20,8886
00688L,國泰20年美債正2,230,49,181,國泰-新莊,2024-09-20,8886
2888,新光金,250,130,120,國泰-新莊,2024-09-20,8886
00960,野村全球航運龍頭,88,0,88,國泰-新莊,2024-09-20,8886
2542,興富發,70,3,67,國泰-新莊,2024-09-20,8886
00958B,永豐ESG銀行債15,65,0,65,國泰-新莊,2024-09-20,8886
00680L,元大美債20正2,129,70,59,國泰-新莊,2024-09-20,8886
00637L,元大滬深300正2,55,0,55,國泰-新莊,2024-09-20,8886
3024,憶聲,50,0,50,國泰-新莊,2024-09-20,8886
3706,神達,67,18,49,國泰-新莊,2024-09-20,8886
2349,錸德,98,50,48,國泰-新莊,2024-09-20,8886
3062,建漢,198,151,47,國泰-新莊,2024-09-20,8886
2528,皇普,48,4,44,國泰-新莊,2024-09-20,8886
2399,映泰,538,495,43,國泰-新莊,2024-09-20,8886
00631L,元大台灣50正2,162,122,40,國泰-新莊,2024-09-20,8886
6108,競國,40,0,40,國泰-新莊,2024-09-20,8886
00878,國泰永續高股息,92,57,35,國泰-新莊,2024-09-20,8886
00945B,凱基美國非投等債,53,18,35,國泰-新莊,2024-09-20,8886
00946,群益科技高息成長,32,0,32,國泰-新莊,2024-09-20,8886
00948B,中信優息投資級債,35,6,29,國泰-新莊,2024-09-20,8886
1540,喬福,216,188,28,國泰-新莊,2024-09-20,8886
4906,正文,62,34,28,國泰-新莊,2024-09-20,8886
9945,潤泰新,37,9,28,國泰-新莊,2024-09-20,8886
1316,上曜,45,18,27,國泰-新莊,2024-09-20,8886
2101,南港,35,8,27,國泰-新莊,2024-09-20,8886
6290,良維,44,18,26,國泰-新莊,2024-09-20,8886
4526,東台,144,118,26,國泰-新莊,2024-09-20,8886
4939,亞電,39,14,25,國泰-新莊,2024-09-20,8886
2915,潤泰全,26,2,24,國泰-新莊,2024-09-20,8886
3354,律勝,35,11,24,國泰-新莊,2024-09-20,8886
8421,旭源,25,2,23,國泰-新莊,2024-09-20,8886
00795B,中信美國公債20年,35,12,23,國泰-新莊,2024-09-20,8886
4576,大銀微系統,46,24,22,國泰-新莊,2024-09-20,8886
3494,誠研,21,0,21,國泰-新莊,2024-09-20,8886
2540,愛山林,28,7,21,國泰-新莊,2024-09-20,8886
00943,兆豐電子高息等權,20,0,20,國泰-新莊,2024-09-20,8886
2527,宏璟,21,2,19,國泰-新莊,2024-09-20,8886
4538,大詠城,19,0,19,國泰-新莊,2024-09-20,8886
00951,台新日本半導體,20,1,19,國泰-新莊,2024-09-20,8886
00679B,元大美債20年,98,80,18,國泰-新莊,2024-09-20,8886
3550,聯穎,28,11,17,國泰-新莊,2024-09-20,8886
1721,三晃,57,40,17,國泰-新莊,2024-09-20,8886
2464,盟立,330,312,18,國泰-新莊,2024-09-20,8886
6177,達麗,19,2,17,國泰-新莊,2024-09-20,8886
2537,聯上發,29,12,17,國泰-新莊,2024-09-20,8886
8028,昇陽半導體,27,11,16,國泰-新莊,2024-09-20,8886
2801,彰銀,17,2,15,國泰-新莊,2024-09-20,8886
6248,沛波,15,0,15,國泰-新莊,2024-09-20,8886
00919,群益台灣精選高息,373,102,271,國泰-新莊,2024-09-23,8886
2867,三商壽,225,11,214,國泰-新莊,2024-09-23,8886
00688L,國泰20年美債正2,235,46,189,國泰-新莊,2024-09-23,8886
00937B,群益ESG投等債20,404,244,160,國泰-新莊,2024-09-23,8886
00680L,元大美債20正2,124,0,124,國泰-新莊,2024-09-23,8886
00687B,國泰20年美債,168,72,96,國泰-新莊,2024-09-23,8886
2399,映泰,344,252,92,國泰-新莊,2024-09-23,8886
1326,台化,92,0,92,國泰-新莊,2024-09-23,8886
00934,中信成長高股息,80,1,79,國泰-新莊,2024-09-23,8886
2464,盟立,378,304,74,國泰-新莊,2024-09-23,8886
2542,興富發,103,36,67,國泰-新莊,2024-09-23,8886
6224,聚鼎,66,0,66,國泰-新莊,2024-09-23,8886
4538,大詠城,61,0,61,國泰-新莊,2024-09-23,8886
00632R,元大台灣50反1,133,73,60,國泰-新莊,2024-09-23,8886
00753L,中信中國50正2,60,5,55,國泰-新莊,2024-09-23,8886
1711,永光,133,85,48,國泰-新莊,2024-09-23,8886
00655L,國泰中國A50正2,60,20,40,國泰-新莊,2024-09-23,8886
00915,凱基優選高股息30,41,2,39,國泰-新莊,2024-09-23,8886
00795B,中信美國公債20年,40,3,37,國泰-新莊,2024-09-23,8886
6005,群益證,33,0,33,國泰-新莊,2024-09-23,8886
1721,三晃,263,230,33,國泰-新莊,2024-09-23,8886
2312,金寶,35,3,32,國泰-新莊,2024-09-23,8886
6838,台新藥,30,0,30,國泰-新莊,2024-09-23,8886
00650L,復華香港正2,30,1,29,國泰-新莊,2024-09-23,8886
3710,連展投控,30,1,29,國泰-新莊,2024-09-23,8886
3048,益登,32,6,26,國泰-新莊,2024-09-23,8886
2344,華邦電,27,3,24,國泰-新莊,2024-09-23,8886
00948B,中信優息投資級債,36,15,21,國泰-新莊,2024-09-23,8886
0050,元大台灣50,32,11,21,國泰-新莊,2024-09-23,8886
0056,元大高股息,26,6,20,國泰-新莊,2024-09-23,8886
8021,尖點,19,1,18,國泰-新莊,2024-09-23,8886
006208,富邦台50,24,7,17,國泰-新莊,2024-09-23,8886
2062,橋椿,32,15,17,國泰-新莊,2024-09-23,8886
4142,國光生,17,0,17,國泰-新莊,2024-09-23,8886
00713,元大台灣高息低波,20,4,16,國泰-新莊,2024-09-23,8886
2409,友達,35,19,16,國泰-新莊,2024-09-23,8886
3481,群創,213,198,15,國泰-新莊,2024-09-23,8886
3374,精材,21,6,15,國泰-新莊,2024-09-23,8886
00958B,永豐ESG銀行債15,15,0,15,國泰-新莊,2024-09-23,8886
4526,東台,45,30,15,國泰-新莊,2024-09-23,8886
00957B,兆豐US優選投等債,15,0,15,國泰-新莊,2024-09-23,8886
00665L,富邦�琤肭磪囓�2,30,15,15,國泰-新莊,2024-09-23,8886
2477,美隆電,18,3,15,國泰-新莊,2024-09-23,8886
3624,光頡,15,0,15,國泰-新莊,2024-09-23,8886
00927,群益半導體收益,17,2,15,國泰-新莊,2024-09-23,8886
3494,誠研,14,0,14,國泰-新莊,2024-09-23,8886
00933B,國泰10Y+金融債,23,9,14,國泰-新莊,2024-09-23,8886
6177,達麗,17,4,13,國泰-新莊,2024-09-23,8886
8105,凌巨,14,1,13,國泰-新莊,2024-09-23,8886
1597,直得,13,0,13,國泰-新莊,2024-09-23,8886
00680L,元大美債20正2,295,0,295,國泰-新莊,2024-09-24,8886
00918,大華優利高填息30,190,7,183,國泰-新莊,2024-09-24,8886
00929,復華台灣科技優息,210,43,167,國泰-新莊,2024-09-24,8886
2891,中信金,426,304,122,國泰-新莊,2024-09-24,8886
00951,台新日本半導體,92,0,92,國泰-新莊,2024-09-24,8886
6156,松上,94,4,90,國泰-新莊,2024-09-24,8886
2515,中工,104,34,70,國泰-新莊,2024-09-24,8886
3149,正達,180,116,64,國泰-新莊,2024-09-24,8886
8070,長華*,96,32,64,國泰-新莊,2024-09-24,8886
6598,ABC-KY,62,0,62,國泰-新莊,2024-09-24,8886
2611,志信,61,1,60,國泰-新莊,2024-09-24,8886
2605,新興,60,8,52,國泰-新莊,2024-09-24,8886
00687B,國泰20年美債,114,65,49,國泰-新莊,2024-09-24,8886
00945B,凱基美國非投等債,46,0,46,國泰-新莊,2024-09-24,8886
00946,群益科技高息成長,46,0,46,國泰-新莊,2024-09-24,8886
0056,元大高股息,44,4,40,國泰-新莊,2024-09-24,8886
00632R,元大台灣50反1,152,117,35,國泰-新莊,2024-09-24,8886
00706L,期元大S＆P日圓正2,36,2,34,國泰-新莊,2024-09-24,8886
00960,野村全球航運龍頭,50,17,33,國泰-新莊,2024-09-24,8886
2537,聯上發,38,6,32,國泰-新莊,2024-09-24,8886
3066,李洲,35,4,31,國泰-新莊,2024-09-24,8886
6224,聚鼎,32,2,30,國泰-新莊,2024-09-24,8886
3494,誠研,26,0,26,國泰-新莊,2024-09-24,8886
2344,華邦電,29,4,25,國泰-新莊,2024-09-24,8886
2809,京城銀,24,0,24,國泰-新莊,2024-09-24,8886
2609,陽明,346,323,23,國泰-新莊,2024-09-24,8886
00915,凱基優選高股息30,60,37,23,國泰-新莊,2024-09-24,8886
00933B,國泰10Y+金融債,23,1,22,國泰-新莊,2024-09-24,8886
00948B,中信優息投資級債,22,1,21,國泰-新莊,2024-09-24,8886
6530,創威,42,21,21,國泰-新莊,2024-09-24,8886
00725B,國泰投資級公司債,21,0,21,國泰-新莊,2024-09-24,8886
00949,復華日本龍頭,21,0,21,國泰-新莊,2024-09-24,8886
1413,宏洲,21,0,21,國泰-新莊,2024-09-24,8886
2455,全新,26,6,20,國泰-新莊,2024-09-24,8886
00795B,中信美國公債20年,26,7,19,國泰-新莊,2024-09-24,8886
00715L,期街口布蘭特正2,18,0,18,國泰-新莊,2024-09-24,8886
3013,晟銘電,180,162,18,國泰-新莊,2024-09-24,8886
3360,尚立,23,6,17,國泰-新莊,2024-09-24,8886
3605,宏致,22,5,17,國泰-新莊,2024-09-24,8886
5608,四維航,16,0,16,國泰-新莊,2024-09-24,8886
3689,湧德,43,27,16,國泰-新莊,2024-09-24,8886
3607,谷崧,17,1,16,國泰-新莊,2024-09-24,8886
8021,尖點,16,0,16,國泰-新莊,2024-09-24,8886
1316,上曜,15,0,15,國泰-新莊,2024-09-24,8886
2888,新光金,61,46,15,國泰-新莊,2024-09-24,8886
3037,欣興,16,1,15,國泰-新莊,2024-09-24,8886
00931B,統一美債20年,14,0,14,國泰-新莊,2024-09-24,8886
2464,盟立,67,54,13,國泰-新莊,2024-09-24,8886
2362,藍天,13,0,13,國泰-新莊,2024-09-24,8886
4566,時碩工業,16,3,13,國泰-新莊,2024-09-24,8886
00632R,元大台灣50反1,616,56,560,國泰-新莊,2024-09-25,8886
2867,三商壽,391,17,374,國泰-新莊,2024-09-25,8886
00937B,群益ESG投等債20,383,70,313,國泰-新莊,2024-09-25,8886
00687B,國泰20年美債,230,80,150,國泰-新莊,2024-09-25,8886
00945B,凱基美國非投等債,142,1,141,國泰-新莊,2024-09-25,8886
00960,野村全球航運龍頭,217,96,121,國泰-新莊,2024-09-25,8886
2399,映泰,250,151,99,國泰-新莊,2024-09-25,8886
0056,元大高股息,127,51,76,國泰-新莊,2024-09-25,8886
00700,富邦�琤肭磪�,70,0,70,國泰-新莊,2024-09-25,8886
6431,光麗-KY,66,0,66,國泰-新莊,2024-09-25,8886
00933B,國泰10Y+金融債,66,13,53,國泰-新莊,2024-09-25,8886
3550,聯穎,291,240,51,國泰-新莊,2024-09-25,8886
8070,長華*,131,88,43,國泰-新莊,2024-09-25,8886
1301,台塑,83,43,40,國泰-新莊,2024-09-25,8886
3149,正達,58,22,36,國泰-新莊,2024-09-25,8886
00931B,統一美債20年,41,5,36,國泰-新莊,2024-09-25,8886
2356,英業達,43,8,35,國泰-新莊,2024-09-25,8886
00953B,群益優選非投等債,33,0,33,國泰-新莊,2024-09-25,8886
3047,訊舟,130,98,32,國泰-新莊,2024-09-25,8886
2349,錸德,39,8,31,國泰-新莊,2024-09-25,8886
6838,台新藥,30,0,30,國泰-新莊,2024-09-25,8886
3024,憶聲,30,0,30,國泰-新莊,2024-09-25,8886
2630,亞航,39,10,29,國泰-新莊,2024-09-25,8886
00922,國泰台灣領袖50,32,3,29,國泰-新莊,2024-09-25,8886
3481,群創,264,237,27,國泰-新莊,2024-09-25,8886
2402,毅嘉,49,23,26,國泰-新莊,2024-09-25,8886
6186,新潤,28,3,25,國泰-新莊,2024-09-25,8886
3062,建漢,82,57,25,國泰-新莊,2024-09-25,8886
00927,群益半導體收益,30,7,23,國泰-新莊,2024-09-25,8886
00688L,國泰20年美債正2,30,7,23,國泰-新莊,2024-09-25,8886
3450,聯鈞,71,48,23,國泰-新莊,2024-09-25,8886
6133,金橋,49,27,22,國泰-新莊,2024-09-25,8886
00722B,群益投資級電信債,20,0,20,國泰-新莊,2024-09-25,8886
00930,永豐ESG低碳高息,21,1,20,國泰-新莊,2024-09-25,8886
2543,皇昌,22,2,20,國泰-新莊,2024-09-25,8886
00795B,中信美國公債20年,23,4,19,國泰-新莊,2024-09-25,8886
00679B,元大美債20年,100,81,19,國泰-新莊,2024-09-25,8886
0050,元大台灣50,42,24,18,國泰-新莊,2024-09-25,8886
2365,昆盈,113,94,19,國泰-新莊,2024-09-25,8886
3622,洋華,29,11,18,國泰-新莊,2024-09-25,8886
2883,凱基金,147,129,18,國泰-新莊,2024-09-25,8886
3705,永信,18,1,17,國泰-新莊,2024-09-25,8886
2354,鴻準,18,2,16,國泰-新莊,2024-09-25,8886
1618,合機,15,0,15,國泰-新莊,2024-09-25,8886
1808,潤隆,15,0,15,國泰-新莊,2024-09-25,8886
2401,凌陽,14,1,13,國泰-新莊,2024-09-25,8886
5608,四維航,27,14,13,國泰-新莊,2024-09-25,8886
1785,光洋科,31,18,13,國泰-新莊,2024-09-25,8886
1709,和益,26,14,12,國泰-新莊,2024-09-25,8886
3305,昇貿,13,1,12,國泰-新莊,2024-09-25,8886
00937B,群益ESG投等債20,1027,185,842,國泰-新莊,2024-09-26,8886
00688L,國泰20年美債正2,330,2,328,國泰-新莊,2024-09-26,8886
00687B,國泰20年美債,391,128,263,國泰-新莊,2024-09-26,8886
00948B,中信優息投資級債,196,0,196,國泰-新莊,2024-09-26,8886
00712,復華富時不動產,159,6,153,國泰-新莊,2024-09-26,8886
00960,野村全球航運龍頭,275,164,111,國泰-新莊,2024-09-26,8886
00921,兆豐龍頭等權重,110,3,107,國泰-新莊,2024-09-26,8886
6202,盛群,103,3,100,國泰-新莊,2024-09-26,8886
00679B,元大美債20年,110,13,97,國泰-新莊,2024-09-26,8886
5392,能率,76,0,76,國泰-新莊,2024-09-26,8886
0056,元大高股息,102,29,73,國泰-新莊,2024-09-26,8886
1413,宏洲,70,0,70,國泰-新莊,2024-09-26,8886
3019,亞光,112,53,59,國泰-新莊,2024-09-26,8886
2609,陽明,643,584,59,國泰-新莊,2024-09-26,8886
00795B,中信美國公債20年,65,7,58,國泰-新莊,2024-09-26,8886
00637L,元大滬深300正2,158,107,51,國泰-新莊,2024-09-26,8886
2542,興富發,50,0,50,國泰-新莊,2024-09-26,8886
00915,凱基優選高股息30,71,21,50,國泰-新莊,2024-09-26,8886
00958B,永豐ESG銀行債15,47,0,47,國泰-新莊,2024-09-26,8886
1540,喬福,109,65,44,國泰-新莊,2024-09-26,8886
00680L,元大美債20正2,79,35,44,國泰-新莊,2024-09-26,8886
1808,潤隆,43,6,37,國泰-新莊,2024-09-26,8886
2867,三商壽,67,31,36,國泰-新莊,2024-09-26,8886
2344,華邦電,82,48,34,國泰-新莊,2024-09-26,8886
00715L,期街口布蘭特正2,38,4,34,國泰-新莊,2024-09-26,8886
2408,南亞科,50,16,34,國泰-新莊,2024-09-26,8886
6431,光麗-KY,34,0,34,國泰-新莊,2024-09-26,8886
00933B,國泰10Y+金融債,40,8,32,國泰-新莊,2024-09-26,8886
3047,訊舟,57,31,26,國泰-新莊,2024-09-26,8886
5452,佶優,49,26,23,國泰-新莊,2024-09-26,8886
3607,谷崧,22,0,22,國泰-新莊,2024-09-26,8886
00642U,期元大S＆P石油,20,0,20,國泰-新莊,2024-09-26,8886
1314,中石化,20,1,19,國泰-新莊,2024-09-26,8886
3260,威剛,31,12,19,國泰-新莊,2024-09-26,8886
3013,晟銘電,107,89,18,國泰-新莊,2024-09-26,8886
1513,中興電,56,38,18,國泰-新莊,2024-09-26,8886
1584,精剛,24,6,18,國泰-新莊,2024-09-26,8886
3360,尚立,29,12,17,國泰-新莊,2024-09-26,8886
8111,立��,66,49,17,國泰-新莊,2024-09-26,8886
3605,宏致,45,28,17,國泰-新莊,2024-09-26,8886
2367,燿華,36,20,16,國泰-新莊,2024-09-26,8886
00957B,兆豐US優選投等債,16,0,16,國泰-新莊,2024-09-26,8886
3209,全科,18,2,16,國泰-新莊,2024-09-26,8886
3376,新日興,24,9,15,國泰-新莊,2024-09-26,8886
3588,通嘉,33,18,15,國泰-新莊,2024-09-26,8886
00772B,中信高評級公司債,15,0,15,國泰-新莊,2024-09-26,8886
00676R,富邦臺灣加權反1,15,0,15,國泰-新莊,2024-09-26,8886
2363,矽統,26,12,14,國泰-新莊,2024-09-26,8886
2393,億光,14,0,14,國泰-新莊,2024-09-26,8886
2425,承啟,20,6,14,國泰-新莊,2024-09-26,8886
00688L,國泰20年美債正2,790,112,678,國泰-新莊,2024-09-27,8886
00687B,國泰20年美債,504,59,445,國泰-新莊,2024-09-27,8886
00937B,群益ESG投等債20,516,85,431,國泰-新莊,2024-09-27,8886
00680L,元大美債20正2,349,45,304,國泰-新莊,2024-09-27,8886
00637L,元大滬深300正2,531,242,289,國泰-新莊,2024-09-27,8886
00945B,凱基美國非投等債,258,0,258,國泰-新莊,2024-09-27,8886
00642U,期元大S＆P石油,208,0,208,國泰-新莊,2024-09-27,8886
6202,盛群,217,22,195,國泰-新莊,2024-09-27,8886
00753L,中信中國50正2,213,51,162,國泰-新莊,2024-09-27,8886
00960,野村全球航運龍頭,188,34,154,國泰-新莊,2024-09-27,8886
00919,群益台灣精選高息,194,64,130,國泰-新莊,2024-09-27,8886
00712,復華富時不動產,130,2,128,國泰-新莊,2024-09-27,8886
00679B,元大美債20年,115,29,86,國泰-新莊,2024-09-27,8886
00665L,富邦�琤肭磪囓�2,114,32,82,國泰-新莊,2024-09-27,8886
3483,力致,100,21,79,國泰-新莊,2024-09-27,8886
00882,中信中國高股息,387,318,69,國泰-新莊,2024-09-27,8886
00700,富邦�琤肭磪�,63,2,61,國泰-新莊,2024-09-27,8886
2371,大同,68,14,54,國泰-新莊,2024-09-27,8886
00948B,中信優息投資級債,62,8,54,國泰-新莊,2024-09-27,8886
00715L,期街口布蘭特正2,61,8,53,國泰-新莊,2024-09-27,8886
1310,台苯,60,12,48,國泰-新莊,2024-09-27,8886
00958B,永豐ESG銀行債15,42,0,42,國泰-新莊,2024-09-27,8886
2891,中信金,89,47,42,國泰-新莊,2024-09-27,8886
2618,長榮航,67,29,38,國泰-新莊,2024-09-27,8886
3363,上詮,86,49,37,國泰-新莊,2024-09-27,8886
00795B,中信美國公債20年,38,3,35,國泰-新莊,2024-09-27,8886
00957B,兆豐US優選投等債,33,0,33,國泰-新莊,2024-09-27,8886
00895,富邦未來車,33,1,32,國泰-新莊,2024-09-27,8886
6116,彩晶,93,61,32,國泰-新莊,2024-09-27,8886
00933B,國泰10Y+金融債,31,0,31,國泰-新莊,2024-09-27,8886
3163,波若威,104,74,30,國泰-新莊,2024-09-27,8886
3494,誠研,30,0,30,國泰-新莊,2024-09-27,8886
2886,兆豐金,23,0,23,國泰-新莊,2024-09-27,8886
2515,中工,24,2,22,國泰-新莊,2024-09-27,8886
5014,建錩,54,32,22,國泰-新莊,2024-09-27,8886
4542,科嶠,25,4,21,國泰-新莊,2024-09-27,8886
2388,威盛,53,32,21,國泰-新莊,2024-09-27,8886
3047,訊舟,50,30,20,國泰-新莊,2024-09-27,8886
6573,虹揚-KY,20,0,20,國泰-新莊,2024-09-27,8886
2606,裕民,25,5,20,國泰-新莊,2024-09-27,8886
2365,昆盈,136,117,19,國泰-新莊,2024-09-27,8886
2363,矽統,249,231,18,國泰-新莊,2024-09-27,8886
00725B,國泰投資級公司債,18,1,17,國泰-新莊,2024-09-27,8886
4952,凌通,34,18,16,國泰-新莊,2024-09-27,8886
4919,新唐,28,12,16,國泰-新莊,2024-09-27,8886
4979,華星光,232,217,15,國泰-新莊,2024-09-27,8886
2605,新興,76,61,15,國泰-新莊,2024-09-27,8886
3339,泰谷,15,0,15,國泰-新莊,2024-09-27,8886
6163,華電網,19,6,13,國泰-新莊,2024-09-27,8886
00942B,台新美A公司債20+,13,0,13,國泰-新莊,2024-09-27,8886
00929,復華台灣科技優息,446,59,387,國泰-新莊,2024-09-30,8886
00919,群益台灣精選高息,427,67,360,國泰-新莊,2024-09-30,8886
00687B,國泰20年美債,337,52,285,國泰-新莊,2024-09-30,8886
0056,元大高股息,207,4,203,國泰-新莊,2024-09-30,8886
00937B,群益ESG投等債20,282,105,177,國泰-新莊,2024-09-30,8886
00878,國泰永續高股息,162,33,129,國泰-新莊,2024-09-30,8886
00680L,元大美債20正2,120,25,95,國泰-新莊,2024-09-30,8886
00679B,元大美債20年,100,10,90,國泰-新莊,2024-09-30,8886
00753L,中信中國50正2,244,156,88,國泰-新莊,2024-09-30,8886
00882,中信中國高股息,230,167,63,國泰-新莊,2024-09-30,8886
00915,凱基優選高股息30,73,12,61,國泰-新莊,2024-09-30,8886
2615,萬海,168,113,55,國泰-新莊,2024-09-30,8886
2516,新建,50,0,50,國泰-新莊,2024-09-30,8886
00688L,國泰20年美債正2,47,0,47,國泰-新莊,2024-09-30,8886
3231,緯創,48,2,46,國泰-新莊,2024-09-30,8886
00905,FT臺灣Smart,54,9,45,國泰-新莊,2024-09-30,8886
00637L,元大滬深300正2,177,134,43,國泰-新莊,2024-09-30,8886
00655L,國泰中國A50正2,62,20,42,國泰-新莊,2024-09-30,8886
3149,正達,45,4,41,國泰-新莊,2024-09-30,8886
00881,國泰台灣5G+,46,5,41,國泰-新莊,2024-09-30,8886
2330,台積電,68,27,41,國泰-新莊,2024-09-30,8886
00951,台新日本半導體,44,5,39,國泰-新莊,2024-09-30,8886
00891,中信關鍵半導體,40,2,38,國泰-新莊,2024-09-30,8886
00918,大華優利高填息30,144,106,38,國泰-新莊,2024-09-30,8886
00751B,元大AAA至A公司債,37,0,37,國泰-新莊,2024-09-30,8886
2605,新興,222,186,36,國泰-新莊,2024-09-30,8886
2606,裕民,37,6,31,國泰-新莊,2024-09-30,8886
00923,群益台ESG低碳50,32,2,30,國泰-新莊,2024-09-30,8886
3711,日月光投控,32,2,30,國泰-新莊,2024-09-30,8886
1307,三芳,29,0,29,國泰-新莊,2024-09-30,8886
00945B,凱基美國非投等債,33,5,28,國泰-新莊,2024-09-30,8886
2883,凱基金,38,11,27,國泰-新莊,2024-09-30,8886
2449,京元電子,38,11,27,國泰-新莊,2024-09-30,8886
2603,長榮,40,14,26,國泰-新莊,2024-09-30,8886
00922,國泰台灣領袖50,27,1,26,國泰-新莊,2024-09-30,8886
00960,野村全球航運龍頭,41,16,25,國泰-新莊,2024-09-30,8886
2009,第一銅,29,4,25,國泰-新莊,2024-09-30,8886
00636,國泰中國A50,39,14,25,國泰-新莊,2024-09-30,8886
00957B,兆豐US優選投等債,24,0,24,國泰-新莊,2024-09-30,8886
2355,敬鵬,22,0,22,國泰-新莊,2024-09-30,8886
00712,復華富時不動產,21,0,21,國泰-新莊,2024-09-30,8886
00947,台新臺灣IC設計,21,0,21,國泰-新莊,2024-09-30,8886
6152,百一,21,0,21,國泰-新莊,2024-09-30,8886
0050,元大台灣50,42,21,21,國泰-新莊,2024-09-30,8886
2305,全友,20,0,20,國泰-新莊,2024-09-30,8886
00634R,富邦上証反1,20,0,20,國泰-新莊,2024-09-30,8886
1513,中興電,42,22,20,國泰-新莊,2024-09-30,8886
2609,陽明,156,137,19,國泰-新莊,2024-09-30,8886
2313,華通,37,19,18,國泰-新莊,2024-09-30,8886
00631L,元大台灣50正2,187,169,18,國泰-新莊,2024-09-30,8886
0056,元大高股息,208,21,187,國泰-新莊,2024-10-01,8886
00922,國泰台灣領袖50,129,0,129,國泰-新莊,2024-10-01,8886
00948B,中信優息投資級債,124,1,123,國泰-新莊,2024-10-01,8886
00919,群益台灣精選高息,166,53,113,國泰-新莊,2024-10-01,8886
00929,復華台灣科技優息,487,391,96,國泰-新莊,2024-10-01,8886
2014,中鴻,158,64,94,國泰-新莊,2024-10-01,8886
00665L,富邦�琤肭磪囓�2,104,11,93,國泰-新莊,2024-10-01,8886
00753L,中信中國50正2,137,45,92,國泰-新莊,2024-10-01,8886
2867,三商壽,101,10,91,國泰-新莊,2024-10-01,8886
00927,群益半導體收益,89,0,89,國泰-新莊,2024-10-01,8886
2888,新光金,97,15,82,國泰-新莊,2024-10-01,8886
00878,國泰永續高股息,118,40,78,國泰-新莊,2024-10-01,8886
8429,金麗-KY,109,37,72,國泰-新莊,2024-10-01,8886
2883,凱基金,136,64,72,國泰-新莊,2024-10-01,8886
6116,彩晶,74,3,71,國泰-新莊,2024-10-01,8886
00931B,統一美債20年,73,3,70,國泰-新莊,2024-10-01,8886
00882,中信中國高股息,132,65,67,國泰-新莊,2024-10-01,8886
00960,野村全球航運龍頭,125,62,63,國泰-新莊,2024-10-01,8886
00915,凱基優選高股息30,66,3,63,國泰-新莊,2024-10-01,8886
8104,錸寶,61,1,60,國泰-新莊,2024-10-01,8886
1307,三芳,59,0,59,國泰-新莊,2024-10-01,8886
00687B,國泰20年美債,123,71,52,國泰-新莊,2024-10-01,8886
6152,百一,47,0,47,國泰-新莊,2024-10-01,8886
00713,元大台灣高息低波,47,1,46,國泰-新莊,2024-10-01,8886
1802,台玻,116,72,44,國泰-新莊,2024-10-01,8886
00679B,元大美債20年,41,1,40,國泰-新莊,2024-10-01,8886
00680L,元大美債20正2,57,21,36,國泰-新莊,2024-10-01,8886
3481,群創,54,19,35,國泰-新莊,2024-10-01,8886
3576,聯合再生,40,7,33,國泰-新莊,2024-10-01,8886
00637L,元大滬深300正2,165,133,32,國泰-新莊,2024-10-01,8886
006208,富邦台50,38,8,30,國泰-新莊,2024-10-01,8886
2609,陽明,124,99,25,國泰-新莊,2024-10-01,8886
8935,邦泰,24,0,24,國泰-新莊,2024-10-01,8886
8111,立��,65,41,24,國泰-新莊,2024-10-01,8886
2365,昆盈,82,59,23,國泰-新莊,2024-10-01,8886
1504,東元,23,0,23,國泰-新莊,2024-10-01,8886
3715,定穎投控,50,29,21,國泰-新莊,2024-10-01,8886
4716,大立,26,5,21,國泰-新莊,2024-10-01,8886
6770,力積電,22,2,20,國泰-新莊,2024-10-01,8886
2515,中工,48,28,20,國泰-新莊,2024-10-01,8886
1584,精剛,22,3,19,國泰-新莊,2024-10-01,8886
2929,淘帝-KY,90,73,17,國泰-新莊,2024-10-01,8886
00881,國泰台灣5G+,24,7,17,國泰-新莊,2024-10-01,8886
00900,富邦特選高股息30,17,0,17,國泰-新莊,2024-10-01,8886
6287,元隆,18,2,16,國泰-新莊,2024-10-01,8886
5351,鈺創,22,6,16,國泰-新莊,2024-10-01,8886
00725B,國泰投資級公司債,17,1,16,國泰-新莊,2024-10-01,8886
2634,漢翔,17,1,16,國泰-新莊,2024-10-01,8886
00752,中信中國50,17,2,15,國泰-新莊,2024-10-01,8886
2344,華邦電,26,11,15,國泰-新莊,2024-10-01,8886
00919,群益台灣精選高息,603,78,525,國泰-新莊,2024-10-04,8886
00680L,元大美債20正2,520,2,518,國泰-新莊,2024-10-04,8886
00665L,富邦�琤肭磪囓�2,572,187,385,國泰-新莊,2024-10-04,8886
00882,中信中國高股息,813,489,324,國泰-新莊,2024-10-04,8886
00929,復華台灣科技優息,594,296,298,國泰-新莊,2024-10-04,8886
0056,元大高股息,247,21,226,國泰-新莊,2024-10-04,8886
00943,兆豐電子高息等權,174,2,172,國泰-新莊,2024-10-04,8886
00940,元大台灣價值高息,226,57,169,國泰-新莊,2024-10-04,8886
00637L,元大滬深300正2,1839,1674,165,國泰-新莊,2024-10-04,8886
2610,華航,164,1,163,國泰-新莊,2024-10-04,8886
00948B,中信優息投資級債,164,3,161,國泰-新莊,2024-10-04,8886
00878,國泰永續高股息,172,16,156,國泰-新莊,2024-10-04,8886
2891,中信金,177,21,156,國泰-新莊,2024-10-04,8886
00918,大華優利高填息30,142,0,142,國泰-新莊,2024-10-04,8886
00937B,群益ESG投等債20,179,39,140,國泰-新莊,2024-10-04,8886
2618,長榮航,140,13,127,國泰-新莊,2024-10-04,8886
00712,復華富時不動產,123,14,109,國泰-新莊,2024-10-04,8886
00687B,國泰20年美債,186,79,107,國泰-新莊,2024-10-04,8886
00673R,期元大S＆P原油反1,96,0,96,國泰-新莊,2024-10-04,8886
00960,野村全球航運龍頭,79,6,73,國泰-新莊,2024-10-04,8886
00915,凱基優選高股息30,69,1,68,國泰-新莊,2024-10-04,8886
00922,國泰台灣領袖50,70,6,64,國泰-新莊,2024-10-04,8886
2027,大成鋼,66,4,62,國泰-新莊,2024-10-04,8886
2609,陽明,188,127,61,國泰-新莊,2024-10-04,8886
2615,萬海,108,50,58,國泰-新莊,2024-10-04,8886
2884,玉山金,64,12,52,國泰-新莊,2024-10-04,8886
2501,國建,51,1,50,國泰-新莊,2024-10-04,8886
00679B,元大美債20年,66,18,48,國泰-新莊,2024-10-04,8886
00713,元大台灣高息低波,47,2,45,國泰-新莊,2024-10-04,8886
2867,三商壽,101,56,45,國泰-新莊,2024-10-04,8886
6116,彩晶,43,0,43,國泰-新莊,2024-10-04,8886
6431,光麗-KY,42,0,42,國泰-新莊,2024-10-04,8886
8429,金麗-KY,44,5,39,國泰-新莊,2024-10-04,8886
6248,沛波,35,0,35,國泰-新莊,2024-10-04,8886
00881,國泰台灣5G+,36,2,34,國泰-新莊,2024-10-04,8886
5014,建錩,58,25,33,國泰-新莊,2024-10-04,8886
00887,永豐中國科技50大,51,21,30,國泰-新莊,2024-10-04,8886
2303,聯電,70,40,30,國泰-新莊,2024-10-04,8886
2409,友達,61,31,30,國泰-新莊,2024-10-04,8886
3498,陽程,32,3,29,國泰-新莊,2024-10-04,8886
3591,艾笛森,30,1,29,國泰-新莊,2024-10-04,8886
00636,國泰中國A50,29,2,27,國泰-新莊,2024-10-04,8886
00795B,中信美國公債20年,29,5,24,國泰-新莊,2024-10-04,8886
8021,尖點,24,0,24,國泰-新莊,2024-10-04,8886
00706L,期元大S＆P日圓正2,26,2,24,國泰-新莊,2024-10-04,8886
2014,中鴻,45,21,24,國泰-新莊,2024-10-04,8886
2603,長榮,67,43,24,國泰-新莊,2024-10-04,8886
2308,台達電,28,5,23,國泰-新莊,2024-10-04,8886
3665,貿聯-KY,24,2,22,國泰-新莊,2024-10-04,8886
8255,朋程,22,1,21,國泰-新莊,2024-10-04,8886
00632R,元大台灣50反1,898,102,796,國泰-新莊,2024-10-07,8886
00943,兆豐電子高息等權,478,33,445,國泰-新莊,2024-10-07,8886
00948B,中信優息投資級債,435,81,354,國泰-新莊,2024-10-07,8886
00919,群益台灣精選高息,365,16,349,國泰-新莊,2024-10-07,8886
1314,中石化,261,2,259,國泰-新莊,2024-10-07,8886
0056,元大高股息,291,46,245,國泰-新莊,2024-10-07,8886
00752,中信中國50,251,17,234,國泰-新莊,2024-10-07,8886
00665L,富邦�琤肭磪囓�2,286,73,213,國泰-新莊,2024-10-07,8886
2888,新光金,213,46,167,國泰-新莊,2024-10-07,8886
00637L,元大滬深300正2,1816,1666,150,國泰-新莊,2024-10-07,8886
2867,三商壽,107,1,106,國泰-新莊,2024-10-07,8886
00673R,期元大S＆P原油反1,113,7,106,國泰-新莊,2024-10-07,8886
00687B,國泰20年美債,182,77,105,國泰-新莊,2024-10-07,8886
00730,富邦臺灣優質高息,103,0,103,國泰-新莊,2024-10-07,8886
00882,中信中國高股息,524,422,102,國泰-新莊,2024-10-07,8886
00725B,國泰投資級公司債,77,0,77,國泰-新莊,2024-10-07,8886
00931B,統一美債20年,69,0,69,國泰-新莊,2024-10-07,8886
6116,彩晶,65,2,63,國泰-新莊,2024-10-07,8886
00878,國泰永續高股息,100,38,62,國泰-新莊,2024-10-07,8886
00679B,元大美債20年,91,33,58,國泰-新莊,2024-10-07,8886
00753L,中信中國50正2,347,291,56,國泰-新莊,2024-10-07,8886
2887,台新金,76,20,56,國泰-新莊,2024-10-07,8886
00927,群益半導體收益,58,6,52,國泰-新莊,2024-10-07,8886
00650L,復華香港正2,76,24,52,國泰-新莊,2024-10-07,8886
2402,毅嘉,132,83,49,國泰-新莊,2024-10-07,8886
2897,王道銀行,50,3,47,國泰-新莊,2024-10-07,8886
2313,華通,49,2,47,國泰-新莊,2024-10-07,8886
6218,豪勉,87,42,45,國泰-新莊,2024-10-07,8886
3591,艾笛森,55,16,39,國泰-新莊,2024-10-07,8886
00915,凱基優選高股息30,44,5,39,國泰-新莊,2024-10-07,8886
00713,元大台灣高息低波,40,3,37,國泰-新莊,2024-10-07,8886
00720B,元大投資級公司債,34,0,34,國泰-新莊,2024-10-07,8886
00706L,期元大S＆P日圓正2,32,0,32,國泰-新莊,2024-10-07,8886
2426,鼎元,39,8,31,國泰-新莊,2024-10-07,8886
00795B,中信美國公債20年,40,10,30,國泰-新莊,2024-10-07,8886
5351,鈺創,35,5,30,國泰-新莊,2024-10-07,8886
2477,美隆電,31,2,29,國泰-新莊,2024-10-07,8886
006206,元大上證50,33,4,29,國泰-新莊,2024-10-07,8886
1799,易威,29,1,28,國泰-新莊,2024-10-07,8886
00881,國泰台灣5G+,82,55,27,國泰-新莊,2024-10-07,8886
2915,潤泰全,26,0,26,國泰-新莊,2024-10-07,8886
2356,英業達,30,5,25,國泰-新莊,2024-10-07,8886
8111,立��,218,195,23,國泰-新莊,2024-10-07,8886
912000,晨訊科-DR,23,0,23,國泰-新莊,2024-10-07,8886
4123,晟德,22,0,22,國泰-新莊,2024-10-07,8886
3673,TPK-KY,18,1,17,國泰-新莊,2024-10-07,8886
3025,星通,128,111,17,國泰-新莊,2024-10-07,8886
1101,台泥,25,8,17,國泰-新莊,2024-10-07,8886
00712,復華富時不動產,17,0,17,國泰-新莊,2024-10-07,8886
2425,承啟,89,73,16,國泰-新莊,2024-10-07,8886
00637L,元大滬深300正2,1952,480,1472,國泰-新莊,2024-10-08,8886
00929,復華台灣科技優息,771,73,698,國泰-新莊,2024-10-08,8886
00922,國泰台灣領袖50,298,6,292,國泰-新莊,2024-10-08,8886
0056,元大高股息,249,26,223,國泰-新莊,2024-10-08,8886
00948B,中信優息投資級債,241,53,188,國泰-新莊,2024-10-08,8886
2883,凱基金,172,1,171,國泰-新莊,2024-10-08,8886
00687B,國泰20年美債,226,68,158,國泰-新莊,2024-10-08,8886
00878,國泰永續高股息,170,36,134,國泰-新莊,2024-10-08,8886
00688L,國泰20年美債正2,117,6,111,國泰-新莊,2024-10-08,8886
1314,中石化,116,12,104,國泰-新莊,2024-10-08,8886
00919,群益台灣精選高息,340,238,102,國泰-新莊,2024-10-08,8886
00940,元大台灣價值高息,134,39,95,國泰-新莊,2024-10-08,8886
3481,群創,546,454,92,國泰-新莊,2024-10-08,8886
00712,復華富時不動產,81,1,80,國泰-新莊,2024-10-08,8886
2867,三商壽,102,26,76,國泰-新莊,2024-10-08,8886
2634,漢翔,70,1,69,國泰-新莊,2024-10-08,8886
00715L,期街口布蘭特正2,108,47,61,國泰-新莊,2024-10-08,8886
00905,FT臺灣Smart,72,12,60,國泰-新莊,2024-10-08,8886
00915,凱基優選高股息30,61,3,58,國泰-新莊,2024-10-08,8886
00713,元大台灣高息低波,50,3,47,國泰-新莊,2024-10-08,8886
3037,欣興,57,11,46,國泰-新莊,2024-10-08,8886
3024,憶聲,43,0,43,國泰-新莊,2024-10-08,8886
00679B,元大美債20年,115,72,43,國泰-新莊,2024-10-08,8886
3049,精金,215,172,43,國泰-新莊,2024-10-08,8886
1460,宏遠,40,0,40,國泰-新莊,2024-10-08,8886
00931B,統一美債20年,37,0,37,國泰-新莊,2024-10-08,8886
00673R,期元大S＆P原油反1,56,20,36,國泰-新莊,2024-10-08,8886
00918,大華優利高填息30,37,2,35,國泰-新莊,2024-10-08,8886
00751B,元大AAA至A公司債,40,5,35,國泰-新莊,2024-10-08,8886
2027,大成鋼,51,16,35,國泰-新莊,2024-10-08,8886
3149,正達,149,117,32,國泰-新莊,2024-10-08,8886
2399,映泰,328,297,31,國泰-新莊,2024-10-08,8886
6530,創威,117,86,31,國泰-新莊,2024-10-08,8886
6133,金橋,37,6,31,國泰-新莊,2024-10-08,8886
00946,群益科技高息成長,31,1,30,國泰-新莊,2024-10-08,8886
00643,群益深証中小,40,10,30,國泰-新莊,2024-10-08,8886
1815,富喬,33,6,27,國泰-新莊,2024-10-08,8886
00934,中信成長高股息,28,1,27,國泰-新莊,2024-10-08,8886
006208,富邦台50,36,9,27,國泰-新莊,2024-10-08,8886
00795B,中信美國公債20年,33,7,26,國泰-新莊,2024-10-08,8886
2014,中鴻,37,11,26,國泰-新莊,2024-10-08,8886
2880,華南金,27,2,25,國泰-新莊,2024-10-08,8886
00680L,元大美債20正2,114,90,24,國泰-新莊,2024-10-08,8886
9938,百和,25,2,23,國泰-新莊,2024-10-08,8886
00942B,台新美A公司債20+,23,0,23,國泰-新莊,2024-10-08,8886
2303,聯電,28,6,22,國泰-新莊,2024-10-08,8886
2317,鴻海,90,68,22,國泰-新莊,2024-10-08,8886
00725B,國泰投資級公司債,22,1,21,國泰-新莊,2024-10-08,8886
6026,福邦證,21,0,21,國泰-新莊,2024-10-08,8886
00943,兆豐電子高息等權,21,0,21,國泰-新莊,2024-10-08,8886
6108,競國,522,1,521,國泰-新莊,2024-10-09,8886
00632R,元大台灣50反1,522,9,513,國泰-新莊,2024-10-09,8886
00937B,群益ESG投等債20,519,202,317,國泰-新莊,2024-10-09,8886
2303,聯電,253,1,252,國泰-新莊,2024-10-09,8886
00753L,中信中國50正2,271,90,181,國泰-新莊,2024-10-09,8886
00687B,國泰20年美債,188,57,131,國泰-新莊,2024-10-09,8886
00688L,國泰20年美債正2,148,50,98,國泰-新莊,2024-10-09,8886
00919,群益台灣精選高息,177,80,97,國泰-新莊,2024-10-09,8886
00633L,富邦上証正2,91,0,91,國泰-新莊,2024-10-09,8886
00907,永豐優息存股,81,2,79,國泰-新莊,2024-10-09,8886
1314,中石化,138,58,80,國泰-新莊,2024-10-09,8886
00680L,元大美債20正2,76,2,74,國泰-新莊,2024-10-09,8886
00715L,期街口布蘭特正2,98,25,73,國泰-新莊,2024-10-09,8886
5443,均豪,126,53,73,國泰-新莊,2024-10-09,8886
00929,復華台灣科技優息,341,271,70,國泰-新莊,2024-10-09,8886
3062,建漢,169,101,68,國泰-新莊,2024-10-09,8886
3550,聯穎,226,158,68,國泰-新莊,2024-10-09,8886
00940,元大台灣價值高息,101,41,60,國泰-新莊,2024-10-09,8886
0056,元大高股息,79,20,59,國泰-新莊,2024-10-09,8886
00915,凱基優選高股息30,62,4,58,國泰-新莊,2024-10-09,8886
00927,群益半導體收益,57,2,55,國泰-新莊,2024-10-09,8886
2399,映泰,348,295,53,國泰-新莊,2024-10-09,8886
00679B,元大美債20年,78,27,51,國泰-新莊,2024-10-09,8886
00706L,期元大S＆P日圓正2,50,0,50,國泰-新莊,2024-10-09,8886
00655L,國泰中國A50正2,80,30,50,國泰-新莊,2024-10-09,8886
6116,彩晶,64,20,44,國泰-新莊,2024-10-09,8886
00740B,富邦全球投等債,41,0,41,國泰-新莊,2024-10-09,8886
00878,國泰永續高股息,79,40,39,國泰-新莊,2024-10-09,8886
1301,台塑,37,0,37,國泰-新莊,2024-10-09,8886
00795B,中信美國公債20年,34,0,34,國泰-新莊,2024-10-09,8886
1316,上曜,48,14,34,國泰-新莊,2024-10-09,8886
2486,一詮,123,90,33,國泰-新莊,2024-10-09,8886
2515,中工,67,35,32,國泰-新莊,2024-10-09,8886
3025,星通,179,148,31,國泰-新莊,2024-10-09,8886
3060,銘異,32,1,31,國泰-新莊,2024-10-09,8886
6207,雷科,142,112,30,國泰-新莊,2024-10-09,8886
006208,富邦台50,75,45,30,國泰-新莊,2024-10-09,8886
00931B,統一美債20年,36,6,30,國泰-新莊,2024-10-09,8886
2355,敬鵬,27,0,27,國泰-新莊,2024-10-09,8886
3481,群創,331,305,26,國泰-新莊,2024-10-09,8886
4919,新唐,26,0,26,國泰-新莊,2024-10-09,8886
6530,創威,116,90,26,國泰-新莊,2024-10-09,8886
2834,臺企銀,32,6,26,國泰-新莊,2024-10-09,8886
3049,精金,204,179,25,國泰-新莊,2024-10-09,8886
4123,晟德,25,0,25,國泰-新莊,2024-10-09,8886
3466,德晉,27,3,24,國泰-新莊,2024-10-09,8886
2892,第一金,23,0,23,國泰-新莊,2024-10-09,8886
00905,FT臺灣Smart,26,4,22,國泰-新莊,2024-10-09,8886
2634,漢翔,24,3,21,國泰-新莊,2024-10-09,8886
6120,達運,21,0,21,國泰-新莊,2024-10-09,8886
00937B,群益ESG投等債20,346,27,319,國泰-新莊,2024-10-11,8886
00958B,永豐ESG銀行債15,218,0,218,國泰-新莊,2024-10-11,8886
00687B,國泰20年美債,362,171,191,國泰-新莊,2024-10-11,8886
00753L,中信中國50正2,229,42,187,國泰-新莊,2024-10-11,8886
00679B,元大美債20年,222,63,159,國泰-新莊,2024-10-11,8886
00948B,中信優息投資級債,139,10,129,國泰-新莊,2024-10-11,8886
00632R,元大台灣50反1,146,34,112,國泰-新莊,2024-10-11,8886
00919,群益台灣精選高息,133,33,100,國泰-新莊,2024-10-11,8886
00923,群益台ESG低碳50,105,5,100,國泰-新莊,2024-10-11,8886
2812,台中銀,102,3,99,國泰-新莊,2024-10-11,8886
2801,彰銀,101,2,99,國泰-新莊,2024-10-11,8886
0056,元大高股息,171,75,96,國泰-新莊,2024-10-11,8886
2449,京元電子,249,169,80,國泰-新莊,2024-10-11,8886
2305,全友,80,1,79,國泰-新莊,2024-10-11,8886
00720B,元大投資級公司債,110,32,78,國泰-新莊,2024-10-11,8886
00680L,元大美債20正2,78,11,67,國泰-新莊,2024-10-11,8886
00673R,期元大S＆P原油反1,65,0,65,國泰-新莊,2024-10-11,8886
3149,正達,300,236,64,國泰-新莊,2024-10-11,8886
00915,凱基優選高股息30,71,8,63,國泰-新莊,2024-10-11,8886
00633L,富邦上証正2,60,0,60,國泰-新莊,2024-10-11,8886
00878,國泰永續高股息,98,43,55,國泰-新莊,2024-10-11,8886
2634,漢翔,55,0,55,國泰-新莊,2024-10-11,8886
2388,威盛,69,16,53,國泰-新莊,2024-10-11,8886
00943,兆豐電子高息等權,50,0,50,國泰-新莊,2024-10-11,8886
3591,艾笛森,231,184,47,國泰-新莊,2024-10-11,8886
1785,光洋科,86,41,45,國泰-新莊,2024-10-11,8886
00655L,國泰中國A50正2,45,0,45,國泰-新莊,2024-10-11,8886
2243,宏旭-KY,40,2,38,國泰-新莊,2024-10-11,8886
00725B,國泰投資級公司債,35,0,35,國泰-新莊,2024-10-11,8886
2867,三商壽,37,3,34,國泰-新莊,2024-10-11,8886
6431,光麗-KY,34,0,34,國泰-新莊,2024-10-11,8886
00713,元大台灣高息低波,34,0,34,國泰-新莊,2024-10-11,8886
3615,安可,41,8,33,國泰-新莊,2024-10-11,8886
00795B,中信美國公債20年,36,6,30,國泰-新莊,2024-10-11,8886
1584,精剛,36,6,30,國泰-新莊,2024-10-11,8886
00945B,凱基美國非投等債,30,0,30,國泰-新莊,2024-10-11,8886
6116,彩晶,47,18,29,國泰-新莊,2024-10-11,8886
5905,南仁湖,65,36,29,國泰-新莊,2024-10-11,8886
00637L,元大滬深300正2,189,161,28,國泰-新莊,2024-10-11,8886
1721,三晃,104,76,28,國泰-新莊,2024-10-11,8886
4909,新復興,70,43,27,國泰-新莊,2024-10-11,8886
00857B,永豐20年美公債,27,1,26,國泰-新莊,2024-10-11,8886
2356,英業達,33,10,23,國泰-新莊,2024-10-11,8886
1605,華新,22,0,22,國泰-新莊,2024-10-11,8886
4906,正文,21,0,21,國泰-新莊,2024-10-11,8886
3705,永信,21,0,21,國泰-新莊,2024-10-11,8886
2615,萬海,37,16,21,國泰-新莊,2024-10-11,8886
3024,憶聲,20,0,20,國泰-新莊,2024-10-11,8886
2101,南港,20,0,20,國泰-新莊,2024-10-11,8886
1219,福壽,20,0,20,國泰-新莊,2024-10-11,8886
00933B,國泰10Y+金融債,589,35,554,國泰-新莊,2024-10-14,8886
00942B,台新美A公司債20+,280,5,275,國泰-新莊,2024-10-14,8886
0056,元大高股息,304,38,266,國泰-新莊,2024-10-14,8886
00687B,國泰20年美債,211,32,179,國泰-新莊,2024-10-14,8886
00887,永豐中國科技50大,162,0,162,國泰-新莊,2024-10-14,8886
00948B,中信優息投資級債,163,3,160,國泰-新莊,2024-10-14,8886
00679B,元大美債20年,209,65,144,國泰-新莊,2024-10-14,8886
00919,群益台灣精選高息,169,38,131,國泰-新莊,2024-10-14,8886
2312,金寶,469,353,116,國泰-新莊,2024-10-14,8886
00688L,國泰20年美債正2,114,0,114,國泰-新莊,2024-10-14,8886
00922,國泰台灣領袖50,128,23,105,國泰-新莊,2024-10-14,8886
6202,盛群,97,1,96,國泰-新莊,2024-10-14,8886
3049,精金,191,96,95,國泰-新莊,2024-10-14,8886
00923,群益台ESG低碳50,112,22,90,國泰-新莊,2024-10-14,8886
00680L,元大美債20正2,59,0,59,國泰-新莊,2024-10-14,8886
00931B,統一美債20年,60,2,58,國泰-新莊,2024-10-14,8886
2014,中鴻,50,4,46,國泰-新莊,2024-10-14,8886
00715L,期街口布蘭特正2,50,4,46,國泰-新莊,2024-10-14,8886
2887,台新金,47,9,38,國泰-新莊,2024-10-14,8886
00795B,中信美國公債20年,43,6,37,國泰-新莊,2024-10-14,8886
4960,誠美材,37,0,37,國泰-新莊,2024-10-14,8886
00720B,元大投資級公司債,40,3,37,國泰-新莊,2024-10-14,8886
2888,新光金,54,17,37,國泰-新莊,2024-10-14,8886
00912,中信臺灣智慧50,35,0,35,國泰-新莊,2024-10-14,8886
00664R,國泰臺灣加權反1,35,0,35,國泰-新莊,2024-10-14,8886
4142,國光生,35,2,33,國泰-新莊,2024-10-14,8886
3714,富采,38,7,31,國泰-新莊,2024-10-14,8886
2511,太子,30,1,29,國泰-新莊,2024-10-14,8886
1785,光洋科,31,5,26,國泰-新莊,2024-10-14,8886
00725B,國泰投資級公司債,26,0,26,國泰-新莊,2024-10-14,8886
00730,富邦臺灣優質高息,26,0,26,國泰-新莊,2024-10-14,8886
2344,華邦電,27,2,25,國泰-新莊,2024-10-14,8886
1711,永光,28,3,25,國泰-新莊,2024-10-14,8886
2845,遠東銀,25,1,24,國泰-新莊,2024-10-14,8886
00713,元大台灣高息低波,23,3,20,國泰-新莊,2024-10-14,8886
6156,松上,34,15,19,國泰-新莊,2024-10-14,8886
00915,凱基優選高股息30,22,3,19,國泰-新莊,2024-10-14,8886
3689,湧德,21,3,18,國泰-新莊,2024-10-14,8886
6179,亞通,50,33,17,國泰-新莊,2024-10-14,8886
3163,波若威,49,32,17,國泰-新莊,2024-10-14,8886
6692,進能服,16,0,16,國泰-新莊,2024-10-14,8886
2425,承啟,35,19,16,國泰-新莊,2024-10-14,8886
5452,佶優,38,22,16,國泰-新莊,2024-10-14,8886
3498,陽程,56,40,16,國泰-新莊,2024-10-14,8886
006208,富邦台50,48,32,16,國泰-新莊,2024-10-14,8886
6220,岳豐,17,2,15,國泰-新莊,2024-10-14,8886
00706L,期元大S＆P日圓正2,15,0,15,國泰-新莊,2024-10-14,8886
2610,華航,22,8,14,國泰-新莊,2024-10-14,8886
5905,南仁湖,15,2,13,國泰-新莊,2024-10-14,8886
4566,時碩工業,13,0,13,國泰-新莊,2024-10-14,8886
00632R,元大台灣50反1,292,7,285,國泰-新莊,2024-10-15,8886
00919,群益台灣精選高息,275,78,197,國泰-新莊,2024-10-15,8886
00753L,中信中國50正2,171,1,170,國泰-新莊,2024-10-15,8886
00687B,國泰20年美債,176,16,160,國泰-新莊,2024-10-15,8886
00688L,國泰20年美債正2,151,0,151,國泰-新莊,2024-10-15,8886
00680L,元大美債20正2,126,0,126,國泰-新莊,2024-10-15,8886
00937B,群益ESG投等債20,182,72,110,國泰-新莊,2024-10-15,8886
1314,中石化,175,71,104,國泰-新莊,2024-10-15,8886
00642U,期元大S＆P石油,113,10,103,國泰-新莊,2024-10-15,8886
00887,永豐中國科技50大,150,47,103,國泰-新莊,2024-10-15,8886
00905,FT臺灣Smart,107,6,101,國泰-新莊,2024-10-15,8886
6202,盛群,100,0,100,國泰-新莊,2024-10-15,8886
00665L,富邦�琤肭磪囓�2,96,18,78,國泰-新莊,2024-10-15,8886
1301,台塑,68,1,67,國泰-新莊,2024-10-15,8886
00725B,國泰投資級公司債,59,3,56,國泰-新莊,2024-10-15,8886
00633L,富邦上証正2,55,0,55,國泰-新莊,2024-10-15,8886
00679B,元大美債20年,62,8,54,國泰-新莊,2024-10-15,8886
9105,泰金寶-DR,105,56,49,國泰-新莊,2024-10-15,8886
3149,正達,216,168,48,國泰-新莊,2024-10-15,8886
2610,華航,64,24,40,國泰-新莊,2024-10-15,8886
00637L,元大滬深300正2,999,960,39,國泰-新莊,2024-10-15,8886
4927,泰鼎-KY,37,1,36,國泰-新莊,2024-10-15,8886
00664R,國泰臺灣加權反1,35,0,35,國泰-新莊,2024-10-15,8886
00961,FT臺灣永續高息,37,2,35,國泰-新莊,2024-10-15,8886
00922,國泰台灣領袖50,58,24,34,國泰-新莊,2024-10-15,8886
3049,精金,73,39,34,國泰-新莊,2024-10-15,8886
00715L,期街口布蘭特正2,34,0,34,國泰-新莊,2024-10-15,8886
4956,光鋐,172,140,32,國泰-新莊,2024-10-15,8886
00795B,中信美國公債20年,32,1,31,國泰-新莊,2024-10-15,8886
6168,宏齊,37,7,30,國泰-新莊,2024-10-15,8886
00722B,群益投資級電信債,30,0,30,國泰-新莊,2024-10-15,8886
3710,連展投控,35,6,29,國泰-新莊,2024-10-15,8886
00931B,統一美債20年,28,0,28,國泰-新莊,2024-10-15,8886
2305,全友,28,0,28,國泰-新莊,2024-10-15,8886
2399,映泰,231,204,27,國泰-新莊,2024-10-15,8886
2312,金寶,122,96,26,國泰-新莊,2024-10-15,8886
9921,巨大,27,2,25,國泰-新莊,2024-10-15,8886
00948B,中信優息投資級債,26,1,25,國泰-新莊,2024-10-15,8886
2402,毅嘉,51,27,24,國泰-新莊,2024-10-15,8886
1304,台聚,23,0,23,國泰-新莊,2024-10-15,8886
2867,三商壽,25,2,23,國泰-新莊,2024-10-15,8886
6152,百一,26,3,23,國泰-新莊,2024-10-15,8886
3665,貿聯-KY,25,2,23,國泰-新莊,2024-10-15,8886
3013,晟銘電,125,103,22,國泰-新莊,2024-10-15,8886
00934,中信成長高股息,30,8,22,國泰-新莊,2024-10-15,8886
0056,元大高股息,102,81,21,國泰-新莊,2024-10-15,8886
2449,京元電子,53,32,21,國泰-新莊,2024-10-15,8886
2486,一詮,47,26,21,國泰-新莊,2024-10-15,8886
5905,南仁湖,21,2,19,國泰-新莊,2024-10-15,8886
2374,佳能,22,5,17,國泰-新莊,2024-10-15,8886
00688L,國泰20年美債正2,423,5,418,國泰-新莊,2024-10-16,8886
00948B,中信優息投資級債,411,24,387,國泰-新莊,2024-10-16,8886
0056,元大高股息,255,32,223,國泰-新莊,2024-10-16,8886
00922,國泰台灣領袖50,210,9,201,國泰-新莊,2024-10-16,8886
00878,國泰永續高股息,242,59,183,國泰-新莊,2024-10-16,8886
6168,宏齊,138,1,137,國泰-新莊,2024-10-16,8886
2888,新光金,133,10,123,國泰-新莊,2024-10-16,8886
00687B,國泰20年美債,172,52,120,國泰-新莊,2024-10-16,8886
00919,群益台灣精選高息,212,95,117,國泰-新莊,2024-10-16,8886
00937B,群益ESG投等債20,190,101,89,國泰-新莊,2024-10-16,8886
00679B,元大美債20年,89,9,80,國泰-新莊,2024-10-16,8886
00941,中信上游半導體,74,0,74,國泰-新莊,2024-10-16,8886
00680L,元大美債20正2,86,15,71,國泰-新莊,2024-10-16,8886
2354,鴻準,73,3,70,國泰-新莊,2024-10-16,8886
2303,聯電,99,36,63,國泰-新莊,2024-10-16,8886
00712,復華富時不動產,69,7,62,國泰-新莊,2024-10-16,8886
00887,永豐中國科技50大,73,23,50,國泰-新莊,2024-10-16,8886
2313,華通,51,2,49,國泰-新莊,2024-10-16,8886
2014,中鴻,130,86,44,國泰-新莊,2024-10-16,8886
00795B,中信美國公債20年,39,1,38,國泰-新莊,2024-10-16,8886
00951,台新日本半導體,38,0,38,國泰-新莊,2024-10-16,8886
1326,台化,45,8,37,國泰-新莊,2024-10-16,8886
2486,一詮,97,60,37,國泰-新莊,2024-10-16,8886
2371,大同,39,2,37,國泰-新莊,2024-10-16,8886
00706L,期元大S＆P日圓正2,37,0,37,國泰-新莊,2024-10-16,8886
00891,中信關鍵半導體,39,3,36,國泰-新莊,2024-10-16,8886
00713,元大台灣高息低波,36,1,35,國泰-新莊,2024-10-16,8886
00885,富邦越南,34,2,32,國泰-新莊,2024-10-16,8886
00725B,國泰投資級公司債,30,0,30,國泰-新莊,2024-10-16,8886
8401,白紗科,30,0,30,國泰-新莊,2024-10-16,8886
0050,元大台灣50,36,10,26,國泰-新莊,2024-10-16,8886
2330,台積電,47,21,26,國泰-新莊,2024-10-16,8886
00655L,國泰中國A50正2,131,107,24,國泰-新莊,2024-10-16,8886
8032,光菱,60,37,23,國泰-新莊,2024-10-16,8886
1314,中石化,46,24,22,國泰-新莊,2024-10-16,8886
4526,東台,57,35,22,國泰-新莊,2024-10-16,8886
2344,華邦電,34,13,21,國泰-新莊,2024-10-16,8886
2243,宏旭-KY,26,6,20,國泰-新莊,2024-10-16,8886
3163,波若威,29,10,19,國泰-新莊,2024-10-16,8886
3689,湧德,21,2,19,國泰-新莊,2024-10-16,8886
00715L,期街口布蘭特正2,19,0,19,國泰-新莊,2024-10-16,8886
3710,連展投控,37,19,18,國泰-新莊,2024-10-16,8886
00915,凱基優選高股息30,37,20,17,國泰-新莊,2024-10-16,8886
1303,南亞,21,5,16,國泰-新莊,2024-10-16,8886
3049,精金,27,11,16,國泰-新莊,2024-10-16,8886
00927,群益半導體收益,26,10,16,國泰-新莊,2024-10-16,8886
2002,中鋼,18,2,16,國泰-新莊,2024-10-16,8886
9945,潤泰新,26,11,15,國泰-新莊,2024-10-16,8886
00961,FT臺灣永續高息,17,2,15,國泰-新莊,2024-10-16,8886
00923,群益台ESG低碳50,17,2,15,國泰-新莊,2024-10-16,8886
00922,國泰台灣領袖50,203,1,202,國泰-新莊,2024-10-17,8886
0056,元大高股息,202,17,185,國泰-新莊,2024-10-17,8886
00887,永豐中國科技50大,143,2,141,國泰-新莊,2024-10-17,8886
2399,映泰,444,328,116,國泰-新莊,2024-10-17,8886
00912,中信臺灣智慧50,102,0,102,國泰-新莊,2024-10-17,8886
00941,中信上游半導體,91,1,90,國泰-新莊,2024-10-17,8886
9105,泰金寶-DR,115,33,82,國泰-新莊,2024-10-17,8886
00725B,國泰投資級公司債,83,6,77,國泰-新莊,2024-10-17,8886
2888,新光金,74,13,61,國泰-新莊,2024-10-17,8886
00937B,群益ESG投等債20,100,45,55,國泰-新莊,2024-10-17,8886
00933B,國泰10Y+金融債,56,1,55,國泰-新莊,2024-10-17,8886
00642U,期元大S＆P石油,53,0,53,國泰-新莊,2024-10-17,8886
006208,富邦台50,60,8,52,國泰-新莊,2024-10-17,8886
2421,建準,67,17,50,國泰-新莊,2024-10-17,8886
00927,群益半導體收益,45,1,44,國泰-新莊,2024-10-17,8886
5452,佶優,183,142,41,國泰-新莊,2024-10-17,8886
6546,正基,43,8,35,國泰-新莊,2024-10-17,8886
3062,建漢,140,108,32,國泰-新莊,2024-10-17,8886
00907,永豐優息存股,32,0,32,國泰-新莊,2024-10-17,8886
1785,光洋科,141,110,31,國泰-新莊,2024-10-17,8886
2305,全友,30,0,30,國泰-新莊,2024-10-17,8886
4906,正文,29,0,29,國泰-新莊,2024-10-17,8886
2312,金寶,342,313,29,國泰-新莊,2024-10-17,8886
6274,台燿,47,19,28,國泰-新莊,2024-10-17,8886
00679B,元大美債20年,30,4,26,國泰-新莊,2024-10-17,8886
00687B,國泰20年美債,44,20,24,國泰-新莊,2024-10-17,8886
8111,立��,77,54,23,國泰-新莊,2024-10-17,8886
3049,精金,42,19,23,國泰-新莊,2024-10-17,8886
00637L,元大滬深300正2,178,156,22,國泰-新莊,2024-10-17,8886
2486,一詮,62,41,21,國泰-新莊,2024-10-17,8886
00740B,富邦全球投等債,21,0,21,國泰-新莊,2024-10-17,8886
2845,遠東銀,20,0,20,國泰-新莊,2024-10-17,8886
3714,富采,41,22,19,國泰-新莊,2024-10-17,8886
00960,野村全球航運龍頭,23,4,19,國泰-新莊,2024-10-17,8886
3615,安可,46,27,19,國泰-新莊,2024-10-17,8886
3260,威剛,20,1,19,國泰-新莊,2024-10-17,8886
3265,台星科,32,13,19,國泰-新莊,2024-10-17,8886
1528,恩德,125,106,19,國泰-新莊,2024-10-17,8886
8927,北基,25,6,19,國泰-新莊,2024-10-17,8886
2365,昆盈,108,89,19,國泰-新莊,2024-10-17,8886
3149,正達,96,78,18,國泰-新莊,2024-10-17,8886
1584,精剛,18,1,17,國泰-新莊,2024-10-17,8886
2303,聯電,17,0,17,國泰-新莊,2024-10-17,8886
6215,和椿,35,18,17,國泰-新莊,2024-10-17,8886
6125,廣運,33,17,16,國泰-新莊,2024-10-17,8886
00951,台新日本半導體,16,0,16,國泰-新莊,2024-10-17,8886
1309,台達化,16,0,16,國泰-新莊,2024-10-17,8886
00921,兆豐龍頭等權重,16,0,16,國泰-新莊,2024-10-17,8886
00950B,凱基A級公司債,15,0,15,國泰-新莊,2024-10-17,8886
2426,鼎元,17,3,14,國泰-新莊,2024-10-17,8886
00664R,國泰臺灣加權反1,729,0,729,國泰-新莊,2024-10-18,8886
00632R,元大台灣50反1,1091,657,434,國泰-新莊,2024-10-18,8886
2303,聯電,433,4,429,國泰-新莊,2024-10-18,8886
00937B,群益ESG投等債20,274,16,258,國泰-新莊,2024-10-18,8886
0056,元大高股息,282,63,219,國泰-新莊,2024-10-18,8886
00687B,國泰20年美債,281,71,210,國泰-新莊,2024-10-18,8886
00948B,中信優息投資級債,183,6,177,國泰-新莊,2024-10-18,8886
00679B,元大美債20年,180,4,176,國泰-新莊,2024-10-18,8886
00680L,元大美債20正2,125,2,123,國泰-新莊,2024-10-18,8886
00725B,國泰投資級公司債,77,1,76,國泰-新莊,2024-10-18,8886
00712,復華富時不動產,73,0,73,國泰-新莊,2024-10-18,8886
00931B,統一美債20年,73,0,73,國泰-新莊,2024-10-18,8886
00922,國泰台灣領袖50,95,25,70,國泰-新莊,2024-10-18,8886
4562,穎漢,191,126,65,國泰-新莊,2024-10-18,8886
00923,群益台ESG低碳50,89,25,64,國泰-新莊,2024-10-18,8886
5347,世界,63,2,61,國泰-新莊,2024-10-18,8886
00919,群益台灣精選高息,151,91,60,國泰-新莊,2024-10-18,8886
2349,錸德,65,5,60,國泰-新莊,2024-10-18,8886
00720B,元大投資級公司債,73,17,56,國泰-新莊,2024-10-18,8886
2402,毅嘉,83,28,55,國泰-新莊,2024-10-18,8886
00959B,大華投等美債15Y+,53,0,53,國泰-新莊,2024-10-18,8886
00688L,國泰20年美債正2,65,15,50,國泰-新莊,2024-10-18,8886
00941,中信上游半導體,47,0,47,國泰-新莊,2024-10-18,8886
00753L,中信中國50正2,84,37,47,國泰-新莊,2024-10-18,8886
00751B,元大AAA至A公司債,43,0,43,國泰-新莊,2024-10-18,8886
2399,映泰,220,178,42,國泰-新莊,2024-10-18,8886
1540,喬福,233,192,41,國泰-新莊,2024-10-18,8886
2449,京元電子,102,60,42,國泰-新莊,2024-10-18,8886
3049,精金,79,38,41,國泰-新莊,2024-10-18,8886
2495,普安,45,7,38,國泰-新莊,2024-10-18,8886
1314,中石化,40,3,37,國泰-新莊,2024-10-18,8886
2374,佳能,105,68,37,國泰-新莊,2024-10-18,8886
3450,聯鈞,144,107,37,國泰-新莊,2024-10-18,8886
3149,正達,113,79,34,國泰-新莊,2024-10-18,8886
6241,易通展,32,1,31,國泰-新莊,2024-10-18,8886
2305,全友,30,0,30,國泰-新莊,2024-10-18,8886
4979,華星光,50,21,29,國泰-新莊,2024-10-18,8886
00713,元大台灣高息低波,38,11,27,國泰-新莊,2024-10-18,8886
6770,力積電,27,0,27,國泰-新莊,2024-10-18,8886
2611,志信,27,0,27,國泰-新莊,2024-10-18,8886
3060,銘異,29,3,26,國泰-新莊,2024-10-18,8886
00951,台新日本半導體,25,0,25,國泰-新莊,2024-10-18,8886
5452,佶優,102,77,25,國泰-新莊,2024-10-18,8886
2913,農林,21,0,21,國泰-新莊,2024-10-18,8886
2367,燿華,99,78,21,國泰-新莊,2024-10-18,8886
00706L,期元大S＆P日圓正2,21,0,21,國泰-新莊,2024-10-18,8886
3031,佰鴻,30,9,21,國泰-新莊,2024-10-18,8886
00900,富邦特選高股息30,24,3,21,國泰-新莊,2024-10-18,8886
6108,競國,20,0,20,國泰-新莊,2024-10-18,8886
00633L,富邦上証正2,20,0,20,國泰-新莊,2024-10-18,8886
00948B,中信優息投資級債,255,0,255,國泰-新莊,2024-10-21,8886
00887,永豐中國科技50大,278,55,223,國泰-新莊,2024-10-21,8886
00687B,國泰20年美債,236,25,211,國泰-新莊,2024-10-21,8886
2883,凱基金,208,24,184,國泰-新莊,2024-10-21,8886
00637L,元大滬深300正2,907,786,121,國泰-新莊,2024-10-21,8886
00679B,元大美債20年,127,12,115,國泰-新莊,2024-10-21,8886
00958B,永豐ESG銀行債15,110,0,110,國泰-新莊,2024-10-21,8886
00725B,國泰投資級公司債,105,1,104,國泰-新莊,2024-10-21,8886
00950B,凱基A級公司債,103,0,103,國泰-新莊,2024-10-21,8886
00715L,期街口布蘭特正2,139,50,89,國泰-新莊,2024-10-21,8886
1101,台泥,74,0,74,國泰-新莊,2024-10-21,8886
00878,國泰永續高股息,163,91,72,國泰-新莊,2024-10-21,8886
2891,中信金,91,20,71,國泰-新莊,2024-10-21,8886
00688L,國泰20年美債正2,53,2,51,國泰-新莊,2024-10-21,8886
2881,富邦金,51,0,51,國泰-新莊,2024-10-21,8886
00753L,中信中國50正2,50,0,50,國泰-新莊,2024-10-21,8886
00857B,永豐20年美公債,47,0,47,國泰-新莊,2024-10-21,8886
00665L,富邦�琤肭磪囓�2,99,54,45,國泰-新莊,2024-10-21,8886
9105,泰金寶-DR,61,16,45,國泰-新莊,2024-10-21,8886
00924,復華S＆P500成長,43,0,43,國泰-新莊,2024-10-21,8886
00676R,富邦臺灣加權反1,39,0,39,國泰-新莊,2024-10-21,8886
00922,國泰台灣領袖50,37,0,37,國泰-新莊,2024-10-21,8886
2884,玉山金,39,2,37,國泰-新莊,2024-10-21,8886
6156,松上,71,37,34,國泰-新莊,2024-10-21,8886
1326,台化,32,0,32,國泰-新莊,2024-10-21,8886
2634,漢翔,30,0,30,國泰-新莊,2024-10-21,8886
6191,精成科,28,0,28,國泰-新莊,2024-10-21,8886
2618,長榮航,33,6,27,國泰-新莊,2024-10-21,8886
00941,中信上游半導體,30,4,26,國泰-新莊,2024-10-21,8886
2882,國泰金,30,4,26,國泰-新莊,2024-10-21,8886
2886,兆豐金,25,0,25,國泰-新莊,2024-10-21,8886
1402,遠東新,23,0,23,國泰-新莊,2024-10-21,8886
00720B,元大投資級公司債,25,4,21,國泰-新莊,2024-10-21,8886
0056,元大高股息,34,14,20,國泰-新莊,2024-10-21,8886
00795B,中信美國公債20年,20,0,20,國泰-新莊,2024-10-21,8886
00724B,群益投資級金融債,20,0,20,國泰-新莊,2024-10-21,8886
00751B,元大AAA至A公司債,19,0,19,國泰-新莊,2024-10-21,8886
1303,南亞,19,0,19,國泰-新莊,2024-10-21,8886
3312,弘憶股,29,10,19,國泰-新莊,2024-10-21,8886
00927,群益半導體收益,24,5,19,國泰-新莊,2024-10-21,8886
2867,三商壽,18,0,18,國泰-新莊,2024-10-21,8886
00675L,富邦臺灣加權正2,25,6,19,國泰-新莊,2024-10-21,8886
3481,群創,53,36,17,國泰-新莊,2024-10-21,8886
2303,聯電,26,9,17,國泰-新莊,2024-10-21,8886
2349,錸德,25,8,17,國泰-新莊,2024-10-21,8886
00961,FT臺灣永續高息,17,0,17,國泰-新莊,2024-10-21,8886
00945B,凱基美國非投等債,17,0,17,國泰-新莊,2024-10-21,8886
8028,昇陽半導體,28,12,16,國泰-新莊,2024-10-21,8886
3081,聯亞,15,0,15,國泰-新莊,2024-10-21,8886
2317,鴻海,70,56,14,國泰-新莊,2024-10-21,8886
00937B,群益ESG投等債20,990,135,855,國泰-新莊,2024-10-22,8886
00687B,國泰20年美債,427,102,325,國泰-新莊,2024-10-22,8886
00948B,中信優息投資級債,259,24,235,國泰-新莊,2024-10-22,8886
00905,FT臺灣Smart,212,4,208,國泰-新莊,2024-10-22,8886
00679B,元大美債20年,288,145,143,國泰-新莊,2024-10-22,8886
00725B,國泰投資級公司債,166,30,136,國泰-新莊,2024-10-22,8886
00712,復華富時不動產,123,0,123,國泰-新莊,2024-10-22,8886
3535,晶彩科,266,174,92,國泰-新莊,2024-10-22,8886
00931B,統一美債20年,86,1,85,國泰-新莊,2024-10-22,8886
00795B,中信美國公債20年,83,5,78,國泰-新莊,2024-10-22,8886
2363,矽統,135,59,76,國泰-新莊,2024-10-22,8886
00857B,永豐20年美公債,64,0,64,國泰-新莊,2024-10-22,8886
00950B,凱基A級公司債,54,0,54,國泰-新莊,2024-10-22,8886
00751B,元大AAA至A公司債,55,2,53,國泰-新莊,2024-10-22,8886
4729,熒茂,200,151,49,國泰-新莊,2024-10-22,8886
00927,群益半導體收益,45,0,45,國泰-新莊,2024-10-22,8886
00929,復華台灣科技優息,147,105,42,國泰-新莊,2024-10-22,8886
2615,萬海,66,28,38,國泰-新莊,2024-10-22,8886
00959B,大華投等美債15Y+,39,2,37,國泰-新莊,2024-10-22,8886
2883,凱基金,66,30,36,國泰-新莊,2024-10-22,8886
2609,陽明,121,89,32,國泰-新莊,2024-10-22,8886
3354,律勝,49,18,31,國泰-新莊,2024-10-22,8886
00887,永豐中國科技50大,41,14,27,國泰-新莊,2024-10-22,8886
00933B,國泰10Y+金融債,60,33,27,國泰-新莊,2024-10-22,8886
3481,群創,68,42,26,國泰-新莊,2024-10-22,8886
1595,川寶,155,129,26,國泰-新莊,2024-10-22,8886
1605,華新,28,2,26,國泰-新莊,2024-10-22,8886
1301,台塑,35,10,25,國泰-新莊,2024-10-22,8886
00951,台新日本半導體,32,8,24,國泰-新莊,2024-10-22,8886
6763,綠界科技*,30,6,24,國泰-新莊,2024-10-22,8886
2303,聯電,25,2,23,國泰-新莊,2024-10-22,8886
1101,台泥,23,0,23,國泰-新莊,2024-10-22,8886
6609,瀧澤科,67,44,23,國泰-新莊,2024-10-22,8886
2903,遠百,24,2,22,國泰-新莊,2024-10-22,8886
1584,精剛,25,3,22,國泰-新莊,2024-10-22,8886
3615,安可,86,64,22,國泰-新莊,2024-10-22,8886
2002,中鋼,23,2,21,國泰-新莊,2024-10-22,8886
1312,國喬,21,0,21,國泰-新莊,2024-10-22,8886
00706L,期元大S＆P日圓正2,21,0,21,國泰-新莊,2024-10-22,8886
9105,泰金寶-DR,41,21,20,國泰-新莊,2024-10-22,8886
1304,台聚,20,0,20,國泰-新莊,2024-10-22,8886
00922,國泰台灣領袖50,25,5,20,國泰-新莊,2024-10-22,8886
4979,華星光,50,31,19,國泰-新莊,2024-10-22,8886
2887,台新金,27,9,18,國泰-新莊,2024-10-22,8886
00882,中信中國高股息,109,91,18,國泰-新莊,2024-10-22,8886
1303,南亞,27,10,17,國泰-新莊,2024-10-22,8886
2886,兆豐金,22,5,17,國泰-新莊,2024-10-22,8886
6425,易發,26,9,17,國泰-新莊,2024-10-22,8886
00891,中信關鍵半導體,23,6,17,國泰-新莊,2024-10-22,8886
2365,昆盈,29,12,17,國泰-新莊,2024-10-22,8886
00937B,群益ESG投等債20,579,75,504,國泰-新莊,2024-10-23,8886
00712,復華富時不動產,189,0,189,國泰-新莊,2024-10-23,8886
00878,國泰永續高股息,230,54,176,國泰-新莊,2024-10-23,8886
2867,三商壽,155,0,155,國泰-新莊,2024-10-23,8886
00673R,期元大S＆P原油反1,153,0,153,國泰-新莊,2024-10-23,8886
00929,復華台灣科技優息,196,45,151,國泰-新莊,2024-10-23,8886
6770,力積電,163,17,146,國泰-新莊,2024-10-23,8886
00948B,中信優息投資級債,145,0,145,國泰-新莊,2024-10-23,8886
00687B,國泰20年美債,198,62,136,國泰-新莊,2024-10-23,8886
2891,中信金,110,1,109,國泰-新莊,2024-10-23,8886
3481,群創,242,149,93,國泰-新莊,2024-10-23,8886
00725B,國泰投資級公司債,73,0,73,國泰-新莊,2024-10-23,8886
0056,元大高股息,83,10,73,國泰-新莊,2024-10-23,8886
2303,聯電,71,3,68,國泰-新莊,2024-10-23,8886
00680L,元大美債20正2,71,5,66,國泰-新莊,2024-10-23,8886
2501,國建,53,3,50,國泰-新莊,2024-10-23,8886
2883,凱基金,48,1,47,國泰-新莊,2024-10-23,8886
00795B,中信美國公債20年,46,2,44,國泰-新莊,2024-10-23,8886
00633L,富邦上証正2,40,0,40,國泰-新莊,2024-10-23,8886
00679B,元大美債20年,90,50,40,國泰-新莊,2024-10-23,8886
2329,華泰,194,155,39,國泰-新莊,2024-10-23,8886
1314,中石化,45,10,35,國泰-新莊,2024-10-23,8886
3535,晶彩科,90,56,34,國泰-新莊,2024-10-23,8886
006208,富邦台50,39,5,34,國泰-新莊,2024-10-23,8886
00951,台新日本半導體,32,0,32,國泰-新莊,2024-10-23,8886
6603,富強鑫,37,6,31,國泰-新莊,2024-10-23,8886
00945B,凱基美國非投等債,33,3,30,國泰-新莊,2024-10-23,8886
1815,富喬,43,14,29,國泰-新莊,2024-10-23,8886
8249,菱光,47,19,28,國泰-新莊,2024-10-23,8886
2887,台新金,29,2,27,國泰-新莊,2024-10-23,8886
00933B,國泰10Y+金融債,28,1,27,國泰-新莊,2024-10-23,8886
2834,臺企銀,27,1,26,國泰-新莊,2024-10-23,8886
1303,南亞,29,3,26,國泰-新莊,2024-10-23,8886
2426,鼎元,42,16,26,國泰-新莊,2024-10-23,8886
00713,元大台灣高息低波,26,0,26,國泰-新莊,2024-10-23,8886
00940,元大台灣價值高息,44,20,24,國泰-新莊,2024-10-23,8886
1711,永光,67,43,24,國泰-新莊,2024-10-23,8886
3031,佰鴻,24,1,23,國泰-新莊,2024-10-23,8886
3550,聯穎,34,11,23,國泰-新莊,2024-10-23,8886
2369,菱生,56,33,23,國泰-新莊,2024-10-23,8886
2890,永豐金,23,0,23,國泰-新莊,2024-10-23,8886
00938,凱基優選30,22,0,22,國泰-新莊,2024-10-23,8886
6151,晉倫,89,67,22,國泰-新莊,2024-10-23,8886
1605,華新,21,1,20,國泰-新莊,2024-10-23,8886
5905,南仁湖,22,2,20,國泰-新莊,2024-10-23,8886
3078,僑威,20,0,20,國泰-新莊,2024-10-23,8886
3372,典範,29,9,20,國泰-新莊,2024-10-23,8886
00751B,元大AAA至A公司債,25,6,19,國泰-新莊,2024-10-23,8886
00905,FT臺灣Smart,25,6,19,國泰-新莊,2024-10-23,8886
4526,東台,56,37,19,國泰-新莊,2024-10-23,8886
00637L,元大滬深300正2,2306,760,1546,國泰-新莊,2024-10-24,8886
2883,凱基金,326,13,313,國泰-新莊,2024-10-24,8886
0056,元大高股息,288,4,284,國泰-新莊,2024-10-24,8886
00937B,群益ESG投等債20,327,60,267,國泰-新莊,2024-10-24,8886
00878,國泰永續高股息,352,92,260,國泰-新莊,2024-10-24,8886
00929,復華台灣科技優息,310,54,256,國泰-新莊,2024-10-24,8886
00680L,元大美債20正2,157,3,154,國泰-新莊,2024-10-24,8886
00665L,富邦�琤肭磪囓�2,121,0,121,國泰-新莊,2024-10-24,8886
1528,恩德,283,193,90,國泰-新莊,2024-10-24,8886
00687B,國泰20年美債,111,21,90,國泰-新莊,2024-10-24,8886
2388,威盛,122,36,86,國泰-新莊,2024-10-24,8886
00953B,群益優選非投等債,64,0,64,國泰-新莊,2024-10-24,8886
00712,復華富時不動產,60,1,59,國泰-新莊,2024-10-24,8886
00907,永豐優息存股,58,0,58,國泰-新莊,2024-10-24,8886
3450,聯鈞,143,85,58,國泰-新莊,2024-10-24,8886
2887,台新金,51,0,51,國泰-新莊,2024-10-24,8886
2303,聯電,66,15,51,國泰-新莊,2024-10-24,8886
00715L,期街口布蘭特正2,59,9,50,國泰-新莊,2024-10-24,8886
2486,一詮,79,30,49,國泰-新莊,2024-10-24,8886
00945B,凱基美國非投等債,47,0,47,國泰-新莊,2024-10-24,8886
2399,映泰,138,93,45,國泰-新莊,2024-10-24,8886
2317,鴻海,93,50,43,國泰-新莊,2024-10-24,8886
00960,野村全球航運龍頭,44,1,43,國泰-新莊,2024-10-24,8886
2891,中信金,47,8,39,國泰-新莊,2024-10-24,8886
00905,FT臺灣Smart,46,7,39,國泰-新莊,2024-10-24,8886
00725B,國泰投資級公司債,38,0,38,國泰-新莊,2024-10-24,8886
6763,綠界科技*,47,14,33,國泰-新莊,2024-10-24,8886
00942B,台新美A公司債20+,73,40,33,國泰-新莊,2024-10-24,8886
2344,華邦電,44,11,33,國泰-新莊,2024-10-24,8886
2070,精湛,35,3,32,國泰-新莊,2024-10-24,8886
3049,精金,38,6,32,國泰-新莊,2024-10-24,8886
4716,大立,60,31,29,國泰-新莊,2024-10-24,8886
00922,國泰台灣領袖50,34,5,29,國泰-新莊,2024-10-24,8886
1605,華新,28,0,28,國泰-新莊,2024-10-24,8886
00950B,凱基A級公司債,30,2,28,國泰-新莊,2024-10-24,8886
2489,瑞軒,233,207,26,國泰-新莊,2024-10-24,8886
00887,永豐中國科技50大,42,17,25,國泰-新莊,2024-10-24,8886
00938,凱基優選30,25,1,24,國泰-新莊,2024-10-24,8886
2431,聯昌,31,7,24,國泰-新莊,2024-10-24,8886
3689,湧德,41,18,23,國泰-新莊,2024-10-24,8886
6138,茂達,23,1,22,國泰-新莊,2024-10-24,8886
00900,富邦特選高股息30,25,3,22,國泰-新莊,2024-10-24,8886
3013,晟銘電,89,68,21,國泰-新莊,2024-10-24,8886
00633L,富邦上証正2,20,0,20,國泰-新莊,2024-10-24,8886
00930,永豐ESG低碳高息,20,0,20,國泰-新莊,2024-10-24,8886
8093,保銳,20,0,20,國泰-新莊,2024-10-24,8886
00941,中信上游半導體,19,0,19,國泰-新莊,2024-10-24,8886
3047,訊舟,26,7,19,國泰-新莊,2024-10-24,8886
3209,全科,39,20,19,國泰-新莊,2024-10-24,8886
020020,元大台股領航N,23,4,19,國泰-新莊,2024-10-24,8886
2646,星宇航空,734,352,382,國泰-新莊,2024-10-25,8886
00632R,元大台灣50反1,379,9,370,國泰-新莊,2024-10-25,8886
00942B,台新美A公司債20+,308,0,308,國泰-新莊,2024-10-25,8886
00937B,群益ESG投等債20,265,7,258,國泰-新莊,2024-10-25,8886
911868,同方友友-DR,66,0,66,國泰-新莊,2024-10-25,8886
00687B,國泰20年美債,72,8,64,國泰-新莊,2024-10-25,8886
00753L,中信中國50正2,61,6,55,國泰-新莊,2024-10-25,8886
00679B,元大美債20年,71,16,55,國泰-新莊,2024-10-25,8886
8249,菱光,310,263,47,國泰-新莊,2024-10-25,8886
2303,聯電,58,12,46,國泰-新莊,2024-10-25,8886
2344,華邦電,72,31,41,國泰-新莊,2024-10-25,8886
00712,復華富時不動產,37,0,37,國泰-新莊,2024-10-25,8886
2374,佳能,59,23,36,國泰-新莊,2024-10-25,8886
00919,群益台灣精選高息,62,28,34,國泰-新莊,2024-10-25,8886
00680L,元大美債20正2,92,58,34,國泰-新莊,2024-10-25,8886
2495,普安,171,138,33,國泰-新莊,2024-10-25,8886
2601,益航,31,0,31,國泰-新莊,2024-10-25,8886
6770,力積電,41,12,29,國泰-新莊,2024-10-25,8886
00948B,中信優息投資級債,59,30,29,國泰-新莊,2024-10-25,8886
6246,臺龍,66,43,23,國泰-新莊,2024-10-25,8886
3149,正達,79,56,23,國泰-新莊,2024-10-25,8886
2884,玉山金,24,2,22,國泰-新莊,2024-10-25,8886
5488,松普,21,0,21,國泰-新莊,2024-10-25,8886
00960,野村全球航運龍頭,22,2,20,國泰-新莊,2024-10-25,8886
8027,鈦昇,21,2,19,國泰-新莊,2024-10-25,8886
00938,凱基優選30,19,0,19,國泰-新莊,2024-10-25,8886
6609,瀧澤科,47,30,17,國泰-新莊,2024-10-25,8886
6733,博晟生醫,17,0,17,國泰-新莊,2024-10-25,8886
2845,遠東銀,16,0,16,國泰-新莊,2024-10-25,8886
1721,三晃,27,13,14,國泰-新莊,2024-10-25,8886
3354,律勝,19,5,14,國泰-新莊,2024-10-25,8886
2464,盟立,16,3,13,國泰-新莊,2024-10-25,8886
1528,恩德,42,29,13,國泰-新莊,2024-10-25,8886
2305,全友,13,0,13,國泰-新莊,2024-10-25,8886
5263,智崴,16,3,13,國泰-新莊,2024-10-25,8886
8033,雷虎,13,0,13,國泰-新莊,2024-10-25,8886
3376,新日興,17,5,12,國泰-新莊,2024-10-25,8886
5347,世界,13,1,12,國泰-新莊,2024-10-25,8886
2388,威盛,27,15,12,國泰-新莊,2024-10-25,8886
1109,信大,11,0,11,國泰-新莊,2024-10-25,8886
2405,輔信,98,87,11,國泰-新莊,2024-10-25,8886
00655L,國泰中國A50正2,51,40,11,國泰-新莊,2024-10-25,8886
00720B,元大投資級公司債,11,0,11,國泰-新莊,2024-10-25,8886
1802,台玻,31,20,11,國泰-新莊,2024-10-25,8886
00795B,中信美國公債20年,18,8,10,國泰-新莊,2024-10-25,8886
00955,中信日本商社,10,0,10,國泰-新莊,2024-10-25,8886
2070,精湛,10,0,10,國泰-新莊,2024-10-25,8886
1413,宏洲,10,0,10,國泰-新莊,2024-10-25,8886
2453,凌群,10,0,10,國泰-新莊,2024-10-25,8886
4306,炎洲,10,0,10,國泰-新莊,2024-10-25,8886
00664R,國泰臺灣加權反1,726,0,726,國泰-新莊,2024-10-28,8886
00937B,群益ESG投等債20,438,41,397,國泰-新莊,2024-10-28,8886
00687B,國泰20年美債,268,31,237,國泰-新莊,2024-10-28,8886
00948B,中信優息投資級債,244,80,164,國泰-新莊,2024-10-28,8886
00715L,期街口布蘭特正2,141,1,140,國泰-新莊,2024-10-28,8886
00795B,中信美國公債20年,115,15,100,國泰-新莊,2024-10-28,8886
00679B,元大美債20年,130,33,97,國泰-新莊,2024-10-28,8886
00725B,國泰投資級公司債,99,6,93,國泰-新莊,2024-10-28,8886
00706L,期元大S＆P日圓正2,71,0,71,國泰-新莊,2024-10-28,8886
00878,國泰永續高股息,110,48,62,國泰-新莊,2024-10-28,8886
2303,聯電,132,70,62,國泰-新莊,2024-10-28,8886
2489,瑞軒,45,0,45,國泰-新莊,2024-10-28,8886
3231,緯創,61,16,45,國泰-新莊,2024-10-28,8886
00929,復華台灣科技優息,85,41,44,國泰-新莊,2024-10-28,8886
2486,一詮,103,61,42,國泰-新莊,2024-10-28,8886
00712,復華富時不動產,57,17,40,國泰-新莊,2024-10-28,8886
2399,映泰,141,102,39,國泰-新莊,2024-10-28,8886
00959B,大華投等美債15Y+,41,2,39,國泰-新莊,2024-10-28,8886
6770,力積電,72,34,38,國泰-新莊,2024-10-28,8886
2867,三商壽,38,3,35,國泰-新莊,2024-10-28,8886
3013,晟銘電,89,55,34,國泰-新莊,2024-10-28,8886
00931B,統一美債20年,34,0,34,國泰-新莊,2024-10-28,8886
5469,瀚宇博,32,0,32,國泰-新莊,2024-10-28,8886
5202,力新,84,55,29,國泰-新莊,2024-10-28,8886
00950B,凱基A級公司債,26,0,26,國泰-新莊,2024-10-28,8886
2330,台積電,36,11,25,國泰-新莊,2024-10-28,8886
00905,FT臺灣Smart,26,2,24,國泰-新莊,2024-10-28,8886
8489,三貝德,25,1,24,國泰-新莊,2024-10-28,8886
2354,鴻準,120,97,23,國泰-新莊,2024-10-28,8886
2891,中信金,27,7,20,國泰-新莊,2024-10-28,8886
00785B,富邦金融投等債,20,0,20,國泰-新莊,2024-10-28,8886
00753L,中信中國50正2,25,5,20,國泰-新莊,2024-10-28,8886
6288,聯嘉,357,338,19,國泰-新莊,2024-10-28,8886
1605,華新,27,8,19,國泰-新莊,2024-10-28,8886
00720B,元大投資級公司債,19,1,18,國泰-新莊,2024-10-28,8886
2498,宏達電,20,2,18,國泰-新莊,2024-10-28,8886
00918,大華優利高填息30,20,3,17,國泰-新莊,2024-10-28,8886
4123,晟德,16,0,16,國泰-新莊,2024-10-28,8886
2316,楠梓電,17,1,16,國泰-新莊,2024-10-28,8886
2477,美隆電,127,111,16,國泰-新莊,2024-10-28,8886
2884,玉山金,20,4,16,國泰-新莊,2024-10-28,8886
2442,新美齊,15,0,15,國泰-新莊,2024-10-28,8886
00943,兆豐電子高息等權,14,0,14,國泰-新莊,2024-10-28,8886
6609,瀧澤科,33,19,14,國泰-新莊,2024-10-28,8886
3234,光環,17,3,14,國泰-新莊,2024-10-28,8886
2603,長榮,26,12,14,國泰-新莊,2024-10-28,8886
5876,上海商銀,13,0,13,國泰-新莊,2024-10-28,8886
3363,上詮,36,24,12,國泰-新莊,2024-10-28,8886
00882,中信中國高股息,13,1,12,國泰-新莊,2024-10-28,8886
00633L,富邦上証正2,12,0,12,國泰-新莊,2024-10-28,8886
00929,復華台灣科技優息,820,50,770,國泰-新莊,2024-10-29,8886
00919,群益台灣精選高息,510,52,458,國泰-新莊,2024-10-29,8886
0056,元大高股息,281,5,276,國泰-新莊,2024-10-29,8886
00715L,期街口布蘭特正2,261,0,261,國泰-新莊,2024-10-29,8886
00940,元大台灣價值高息,270,21,249,國泰-新莊,2024-10-29,8886
00878,國泰永續高股息,268,46,222,國泰-新莊,2024-10-29,8886
00712,復華富時不動產,198,1,197,國泰-新莊,2024-10-29,8886
00632R,元大台灣50反1,309,144,165,國泰-新莊,2024-10-29,8886
00915,凱基優選高股息30,162,8,154,國泰-新莊,2024-10-29,8886
2303,聯電,142,9,133,國泰-新莊,2024-10-29,8886
00637L,元大滬深300正2,195,86,109,國泰-新莊,2024-10-29,8886
00918,大華優利高填息30,94,3,91,國泰-新莊,2024-10-29,8886
00887,永豐中國科技50大,127,49,78,國泰-新莊,2024-10-29,8886
2349,錸德,86,9,77,國泰-新莊,2024-10-29,8886
00713,元大台灣高息低波,65,1,64,國泰-新莊,2024-10-29,8886
00948B,中信優息投資級債,62,0,62,國泰-新莊,2024-10-29,8886
1314,中石化,63,1,62,國泰-新莊,2024-10-29,8886
00937B,群益ESG投等債20,71,11,60,國泰-新莊,2024-10-29,8886
006208,富邦台50,73,16,57,國泰-新莊,2024-10-29,8886
00953B,群益優選非投等債,64,7,57,國泰-新莊,2024-10-29,8886
6133,金橋,238,182,56,國泰-新莊,2024-10-29,8886
00949,復華日本龍頭,55,0,55,國泰-新莊,2024-10-29,8886
2317,鴻海,124,71,53,國泰-新莊,2024-10-29,8886
00753L,中信中國50正2,103,59,44,國泰-新莊,2024-10-29,8886
00675L,富邦臺灣加權正2,40,2,38,國泰-新莊,2024-10-29,8886
6770,力積電,69,33,36,國泰-新莊,2024-10-29,8886
0050,元大台灣50,40,6,34,國泰-新莊,2024-10-29,8886
00938,凱基優選30,34,1,33,國泰-新莊,2024-10-29,8886
1101,台泥,33,1,32,國泰-新莊,2024-10-29,8886
00934,中信成長高股息,37,6,31,國泰-新莊,2024-10-29,8886
2399,映泰,124,93,31,國泰-新莊,2024-10-29,8886
6213,聯茂,31,0,31,國泰-新莊,2024-10-29,8886
00642U,期元大S＆P石油,31,0,31,國泰-新莊,2024-10-29,8886
020020,元大台股領航N,31,0,31,國泰-新莊,2024-10-29,8886
00905,FT臺灣Smart,41,11,30,國泰-新莊,2024-10-29,8886
2415,錩新,30,0,30,國泰-新莊,2024-10-29,8886
2845,遠東銀,47,18,29,國泰-新莊,2024-10-29,8886
00891,中信關鍵半導體,29,1,28,國泰-新莊,2024-10-29,8886
2344,華邦電,33,6,27,國泰-新莊,2024-10-29,8886
3481,群創,92,65,27,國泰-新莊,2024-10-29,8886
8032,光菱,133,108,25,國泰-新莊,2024-10-29,8886
1605,華新,34,10,24,國泰-新莊,2024-10-29,8886
2888,新光金,33,9,24,國泰-新莊,2024-10-29,8886
2884,玉山金,29,5,24,國泰-新莊,2024-10-29,8886
00922,國泰台灣領袖50,38,15,23,國泰-新莊,2024-10-29,8886
8107,大億金茂,102,79,23,國泰-新莊,2024-10-29,8886
6505,台塑化,22,0,22,國泰-新莊,2024-10-29,8886
6283,淳安,25,3,22,國泰-新莊,2024-10-29,8886
00927,群益半導體收益,31,10,21,國泰-新莊,2024-10-29,8886
8104,錸寶,19,0,19,國泰-新莊,2024-10-29,8886
00937B,群益ESG投等債20,716,92,624,國泰-新莊,2024-10-30,8886
00919,群益台灣精選高息,360,37,323,國泰-新莊,2024-10-30,8886
00878,國泰永續高股息,236,10,226,國泰-新莊,2024-10-30,8886
00929,復華台灣科技優息,293,136,157,國泰-新莊,2024-10-30,8886
00712,復華富時不動產,155,0,155,國泰-新莊,2024-10-30,8886
00632R,元大台灣50反1,303,158,145,國泰-新莊,2024-10-30,8886
00941,中信上游半導體,127,0,127,國泰-新莊,2024-10-30,8886
00637L,元大滬深300正2,501,399,102,國泰-新莊,2024-10-30,8886
3518,柏騰,90,12,78,國泰-新莊,2024-10-30,8886
00680L,元大美債20正2,209,133,76,國泰-新莊,2024-10-30,8886
0056,元大高股息,106,31,75,國泰-新莊,2024-10-30,8886
2303,聯電,79,5,74,國泰-新莊,2024-10-30,8886
2867,三商壽,79,6,73,國泰-新莊,2024-10-30,8886
00882,中信中國高股息,88,22,66,國泰-新莊,2024-10-30,8886
2888,新光金,66,5,61,國泰-新莊,2024-10-30,8886
00665L,富邦�琤肭磪囓�2,108,51,57,國泰-新莊,2024-10-30,8886
00715L,期街口布蘭特正2,50,0,50,國泰-新莊,2024-10-30,8886
2887,台新金,49,1,48,國泰-新莊,2024-10-30,8886
1605,華新,49,3,46,國泰-新莊,2024-10-30,8886
00953B,群益優選非投等債,55,11,44,國泰-新莊,2024-10-30,8886
2388,威盛,74,31,43,國泰-新莊,2024-10-30,8886
4919,新唐,247,205,42,國泰-新莊,2024-10-30,8886
2646,星宇航空,69,31,38,國泰-新莊,2024-10-30,8886
00948B,中信優息投資級債,42,5,37,國泰-新莊,2024-10-30,8886
00753L,中信中國50正2,91,55,36,國泰-新莊,2024-10-30,8886
2884,玉山金,38,3,35,國泰-新莊,2024-10-30,8886
2477,美隆電,192,157,35,國泰-新莊,2024-10-30,8886
00923,群益台ESG低碳50,33,2,31,國泰-新莊,2024-10-30,8886
3047,訊舟,43,12,31,國泰-新莊,2024-10-30,8886
00905,FT臺灣Smart,39,14,25,國泰-新莊,2024-10-30,8886
2313,華通,27,2,25,國泰-新莊,2024-10-30,8886
1528,恩德,328,304,24,國泰-新莊,2024-10-30,8886
00915,凱基優選高股息30,23,0,23,國泰-新莊,2024-10-30,8886
2337,旺宏,73,50,23,國泰-新莊,2024-10-30,8886
1414,東和,22,0,22,國泰-新莊,2024-10-30,8886
4540,全球傳動,21,0,21,國泰-新莊,2024-10-30,8886
00946,群益科技高息成長,21,0,21,國泰-新莊,2024-10-30,8886
6770,力積電,74,54,20,國泰-新莊,2024-10-30,8886
2328,廣宇,33,13,20,國泰-新莊,2024-10-30,8886
3049,精金,36,16,20,國泰-新莊,2024-10-30,8886
00932,兆豐永續高息等權,20,0,20,國泰-新莊,2024-10-30,8886
00934,中信成長高股息,34,15,19,國泰-新莊,2024-10-30,8886
6153,嘉聯益,17,0,17,國泰-新莊,2024-10-30,8886
00922,國泰台灣領袖50,16,0,16,國泰-新莊,2024-10-30,8886
00918,大華優利高填息30,18,2,16,國泰-新莊,2024-10-30,8886
1560,中砂,17,2,15,國泰-新莊,2024-10-30,8886
00943,兆豐電子高息等權,13,0,13,國泰-新莊,2024-10-30,8886
1449,佳和,38,25,13,國泰-新莊,2024-10-30,8886
6109,亞元,16,3,13,國泰-新莊,2024-10-30,8886
2890,永豐金,13,1,12,國泰-新莊,2024-10-30,8886
00878,國泰永續高股息,387,50,337,國泰-新莊,2024-11-01,8886
00712,復華富時不動產,281,1,280,國泰-新莊,2024-11-01,8886
00929,復華台灣科技優息,320,87,233,國泰-新莊,2024-11-01,8886
00919,群益台灣精選高息,252,108,144,國泰-新莊,2024-11-01,8886
00887,永豐中國科技50大,134,36,98,國泰-新莊,2024-11-01,8886
00937B,群益ESG投等債20,143,46,97,國泰-新莊,2024-11-01,8886
0056,元大高股息,142,47,95,國泰-新莊,2024-11-01,8886
2303,聯電,162,68,94,國泰-新莊,2024-11-01,8886
00713,元大台灣高息低波,78,0,78,國泰-新莊,2024-11-01,8886
2317,鴻海,136,66,70,國泰-新莊,2024-11-01,8886
1326,台化,77,17,60,國泰-新莊,2024-11-01,8886
00673R,期元大S＆P原油反1,54,0,54,國泰-新莊,2024-11-01,8886
006208,富邦台50,53,5,48,國泰-新莊,2024-11-01,8886
00922,國泰台灣領袖50,41,1,40,國泰-新莊,2024-11-01,8886
2363,矽統,57,17,40,國泰-新莊,2024-11-01,8886
00945B,凱基美國非投等債,40,0,40,國泰-新莊,2024-11-01,8886
00662,富邦NASDAQ,40,1,39,國泰-新莊,2024-11-01,8886
2337,旺宏,49,11,38,國泰-新莊,2024-11-01,8886
2887,台新金,35,2,33,國泰-新莊,2024-11-01,8886
3481,群創,274,244,30,國泰-新莊,2024-11-01,8886
3049,精金,41,11,30,國泰-新莊,2024-11-01,8886
00948B,中信優息投資級債,72,44,28,國泰-新莊,2024-11-01,8886
00946,群益科技高息成長,28,0,28,國泰-新莊,2024-11-01,8886
5880,合庫金,27,0,27,國泰-新莊,2024-11-01,8886
1307,三芳,157,131,26,國泰-新莊,2024-11-01,8886
4142,國光生,26,0,26,國泰-新莊,2024-11-01,8886
00959B,大華投等美債15Y+,25,0,25,國泰-新莊,2024-11-01,8886
2886,兆豐金,26,1,25,國泰-新莊,2024-11-01,8886
0050,元大台灣50,31,6,25,國泰-新莊,2024-11-01,8886
2884,玉山金,30,6,24,國泰-新莊,2024-11-01,8886
2356,英業達,26,2,24,國泰-新莊,2024-11-01,8886
00941,中信上游半導體,24,0,24,國泰-新莊,2024-11-01,8886
00905,FT臺灣Smart,42,20,22,國泰-新莊,2024-11-01,8886
1528,恩德,94,73,21,國泰-新莊,2024-11-01,8886
3149,正達,37,16,21,國泰-新莊,2024-11-01,8886
00675L,富邦臺灣加權正2,27,7,20,國泰-新莊,2024-11-01,8886
3013,晟銘電,95,76,19,國泰-新莊,2024-11-01,8886
2892,第一金,19,1,18,國泰-新莊,2024-11-01,8886
4420,光明,18,0,18,國泰-新莊,2024-11-01,8886
00949,復華日本龍頭,19,1,18,國泰-新莊,2024-11-01,8886
2354,鴻準,420,402,18,國泰-新莊,2024-11-01,8886
2392,正崴,19,2,17,國泰-新莊,2024-11-01,8886
5452,佶優,26,9,17,國泰-新莊,2024-11-01,8886
2542,興富發,19,2,17,國泰-新莊,2024-11-01,8886
00891,中信關鍵半導體,69,54,15,國泰-新莊,2024-11-01,8886
00951,台新日本半導體,15,0,15,國泰-新莊,2024-11-01,8886
00757,統一FANG+,20,5,15,國泰-新莊,2024-11-01,8886
00930,永豐ESG低碳高息,14,0,14,國泰-新莊,2024-11-01,8886
6156,松上,30,16,14,國泰-新莊,2024-11-01,8886
2330,台積電,22,9,13,國泰-新莊,2024-11-01,8886
00712,復華富時不動產,411,10,401,國泰-新莊,2024-11-04,8886
00937B,群益ESG投等債20,315,59,256,國泰-新莊,2024-11-04,8886
00878,國泰永續高股息,229,23,206,國泰-新莊,2024-11-04,8886
00688L,國泰20年美債正2,185,0,185,國泰-新莊,2024-11-04,8886
00632R,元大台灣50反1,314,139,175,國泰-新莊,2024-11-04,8886
9105,泰金寶-DR,163,9,154,國泰-新莊,2024-11-04,8886
2888,新光金,119,26,93,國泰-新莊,2024-11-04,8886
6116,彩晶,101,17,84,國泰-新莊,2024-11-04,8886
00948B,中信優息投資級債,158,75,83,國泰-新莊,2024-11-04,8886
00679B,元大美債20年,85,4,81,國泰-新莊,2024-11-04,8886
00687B,國泰20年美債,106,31,75,國泰-新莊,2024-11-04,8886
2615,萬海,284,208,76,國泰-新莊,2024-11-04,8886
00680L,元大美債20正2,69,0,69,國泰-新莊,2024-11-04,8886
2303,聯電,75,11,64,國泰-新莊,2024-11-04,8886
00637L,元大滬深300正2,67,5,62,國泰-新莊,2024-11-04,8886
1605,華新,65,4,61,國泰-新莊,2024-11-04,8886
00715L,期街口布蘭特正2,81,21,60,國泰-新莊,2024-11-04,8886
00795B,中信美國公債20年,59,1,58,國泰-新莊,2024-11-04,8886
00919,群益台灣精選高息,206,147,59,國泰-新莊,2024-11-04,8886
00918,大華優利高填息30,50,6,44,國泰-新莊,2024-11-04,8886
00725B,國泰投資級公司債,47,5,42,國泰-新莊,2024-11-04,8886
2646,星宇航空,63,22,41,國泰-新莊,2024-11-04,8886
00779B,凱基美債25+,40,0,40,國泰-新莊,2024-11-04,8886
5426,振發,65,25,40,國泰-新莊,2024-11-04,8886
2408,南亞科,53,14,39,國泰-新莊,2024-11-04,8886
00887,永豐中國科技50大,44,5,39,國泰-新莊,2024-11-04,8886
00885,富邦越南,46,10,36,國泰-新莊,2024-11-04,8886
5443,均豪,67,33,34,國泰-新莊,2024-11-04,8886
00713,元大台灣高息低波,33,1,32,國泰-新莊,2024-11-04,8886
00941,中信上游半導體,31,0,31,國泰-新莊,2024-11-04,8886
00642U,期元大S＆P石油,30,0,30,國泰-新莊,2024-11-04,8886
00934,中信成長高股息,38,8,30,國泰-新莊,2024-11-04,8886
8249,菱光,188,160,28,國泰-新莊,2024-11-04,8886
00753L,中信中國50正2,27,0,27,國泰-新莊,2024-11-04,8886
00949,復華日本龍頭,26,1,25,國泰-新莊,2024-11-04,8886
2329,華泰,27,5,22,國泰-新莊,2024-11-04,8886
3631,晟楠,22,0,22,國泰-新莊,2024-11-04,8886
6153,嘉聯益,21,0,21,國泰-新莊,2024-11-04,8886
00945B,凱基美國非投等債,25,5,20,國泰-新莊,2024-11-04,8886
2337,旺宏,24,5,19,國泰-新莊,2024-11-04,8886
00953B,群益優選非投等債,19,0,19,國泰-新莊,2024-11-04,8886
00933B,國泰10Y+金融債,28,9,19,國泰-新莊,2024-11-04,8886
4919,新唐,30,12,18,國泰-新莊,2024-11-04,8886
00951,台新日本半導體,20,2,18,國泰-新莊,2024-11-04,8886
5438,東友,62,44,18,國泰-新莊,2024-11-04,8886
0056,元大高股息,45,28,17,國泰-新莊,2024-11-04,8886
5347,世界,18,1,17,國泰-新莊,2024-11-04,8886
2486,一詮,30,14,16,國泰-新莊,2024-11-04,8886
00720B,元大投資級公司債,16,0,16,國泰-新莊,2024-11-04,8886
006208,富邦台50,22,6,16,國泰-新莊,2024-11-04,8886
2303,聯電,231,19,212,國泰-新莊,2024-11-05,8886
00632R,元大台灣50反1,237,30,207,國泰-新莊,2024-11-05,8886
00905,FT臺灣Smart,190,19,171,國泰-新莊,2024-11-05,8886
00929,復華台灣科技優息,265,97,168,國泰-新莊,2024-11-05,8886
00673R,期元大S＆P原油反1,153,0,153,國泰-新莊,2024-11-05,8886
00940,元大台灣價值高息,161,21,140,國泰-新莊,2024-11-05,8886
00932,兆豐永續高息等權,127,1,126,國泰-新莊,2024-11-05,8886
00752,中信中國50,108,5,103,國泰-新莊,2024-11-05,8886
00943,兆豐電子高息等權,121,20,101,國泰-新莊,2024-11-05,8886
2601,益航,86,0,86,國泰-新莊,2024-11-05,8886
00712,復華富時不動產,59,0,59,國泰-新莊,2024-11-05,8886
00944,野村趨勢動能高息,61,4,57,國泰-新莊,2024-11-05,8886
00688L,國泰20年美債正2,57,0,57,國泰-新莊,2024-11-05,8886
00891,中信關鍵半導體,57,0,57,國泰-新莊,2024-11-05,8886
00930,永豐ESG低碳高息,40,0,40,國泰-新莊,2024-11-05,8886
00939,統一台灣高息動能,50,10,40,國泰-新莊,2024-11-05,8886
6234,高僑,34,2,32,國泰-新莊,2024-11-05,8886
6116,彩晶,31,0,31,國泰-新莊,2024-11-05,8886
3049,精金,230,200,30,國泰-新莊,2024-11-05,8886
00664R,國泰臺灣加權反1,30,0,30,國泰-新莊,2024-11-05,8886
00919,群益台灣精選高息,202,173,29,國泰-新莊,2024-11-05,8886
00915,凱基優選高股息30,28,1,27,國泰-新莊,2024-11-05,8886
2408,南亞科,34,8,26,國泰-新莊,2024-11-05,8886
0056,元大高股息,37,12,25,國泰-新莊,2024-11-05,8886
2399,映泰,44,19,25,國泰-新莊,2024-11-05,8886
00946,群益科技高息成長,25,0,25,國泰-新莊,2024-11-05,8886
1605,華新,25,2,23,國泰-新莊,2024-11-05,8886
00878,國泰永續高股息,194,171,23,國泰-新莊,2024-11-05,8886
1307,三芳,27,5,22,國泰-新莊,2024-11-05,8886
1718,中纖,20,0,20,國泰-新莊,2024-11-05,8886
2388,威盛,41,23,18,國泰-新莊,2024-11-05,8886
3289,宜特,20,3,17,國泰-新莊,2024-11-05,8886
00918,大華優利高填息30,18,2,16,國泰-新莊,2024-11-05,8886
2354,鴻準,357,343,14,國泰-新莊,2024-11-05,8886
2887,台新金,22,8,14,國泰-新莊,2024-11-05,8886
5460,同協,102,88,14,國泰-新莊,2024-11-05,8886
00948B,中信優息投資級債,15,1,14,國泰-新莊,2024-11-05,8886
4991,環宇-KY,58,45,13,國泰-新莊,2024-11-05,8886
2834,臺企銀,13,0,13,國泰-新莊,2024-11-05,8886
00830,國泰費城半導體,15,2,13,國泰-新莊,2024-11-05,8886
6274,台燿,14,1,13,國泰-新莊,2024-11-05,8886
2547,日勝生,13,0,13,國泰-新莊,2024-11-05,8886
4906,正文,13,1,12,國泰-新莊,2024-11-05,8886
020020,元大台股領航N,12,0,12,國泰-新莊,2024-11-05,8886
2371,大同,18,6,12,國泰-新莊,2024-11-05,8886
3062,建漢,31,19,12,國泰-新莊,2024-11-05,8886
3013,晟銘電,62,50,12,國泰-新莊,2024-11-05,8886
00938,凱基優選30,11,0,11,國泰-新莊,2024-11-05,8886
2344,華邦電,13,2,11,國泰-新莊,2024-11-05,8886
9921,巨大,11,0,11,國泰-新莊,2024-11-05,8886
00687B,國泰20年美債,519,34,485,國泰-新莊,2024-11-06,8886
00632R,元大台灣50反1,491,77,414,國泰-新莊,2024-11-06,8886
00688L,國泰20年美債正2,390,78,312,國泰-新莊,2024-11-06,8886
00679B,元大美債20年,297,12,285,國泰-新莊,2024-11-06,8886
00680L,元大美債20正2,421,182,239,國泰-新莊,2024-11-06,8886
00795B,中信美國公債20年,122,0,122,國泰-新莊,2024-11-06,8886
00878,國泰永續高股息,200,96,104,國泰-新莊,2024-11-06,8886
00937B,群益ESG投等債20,185,86,99,國泰-新莊,2024-11-06,8886
3049,精金,105,14,91,國泰-新莊,2024-11-06,8886
00753L,中信中國50正2,100,18,82,國泰-新莊,2024-11-06,8886
00915,凱基優選高股息30,71,1,70,國泰-新莊,2024-11-06,8886
00946,群益科技高息成長,58,3,55,國泰-新莊,2024-11-06,8886
00948B,中信優息投資級債,97,43,54,國泰-新莊,2024-11-06,8886
00933B,國泰10Y+金融債,55,2,53,國泰-新莊,2024-11-06,8886
2317,鴻海,143,90,53,國泰-新莊,2024-11-06,8886
3481,群創,73,21,52,國泰-新莊,2024-11-06,8886
00676R,富邦臺灣加權反1,50,0,50,國泰-新莊,2024-11-06,8886
2399,映泰,123,76,47,國泰-新莊,2024-11-06,8886
00713,元大台灣高息低波,45,2,43,國泰-新莊,2024-11-06,8886
00953B,群益優選非投等債,55,13,42,國泰-新莊,2024-11-06,8886
00857B,永豐20年美公債,38,0,38,國泰-新莊,2024-11-06,8886
2344,華邦電,44,7,37,國泰-新莊,2024-11-06,8886
1449,佳和,209,172,37,國泰-新莊,2024-11-06,8886
00932,兆豐永續高息等權,37,0,37,國泰-新莊,2024-11-06,8886
00929,復華台灣科技優息,240,206,34,國泰-新莊,2024-11-06,8886
4142,國光生,31,0,31,國泰-新莊,2024-11-06,8886
4526,東台,71,40,31,國泰-新莊,2024-11-06,8886
00931B,統一美債20年,30,0,30,國泰-新莊,2024-11-06,8886
2431,聯昌,110,81,29,國泰-新莊,2024-11-06,8886
2356,英業達,369,342,27,國泰-新莊,2024-11-06,8886
00751B,元大AAA至A公司債,28,2,26,國泰-新莊,2024-11-06,8886
00959B,大華投等美債15Y+,44,20,24,國泰-新莊,2024-11-06,8886
3033,威健,26,3,23,國泰-新莊,2024-11-06,8886
4956,光鋐,44,21,23,國泰-新莊,2024-11-06,8886
00930,永豐ESG低碳高息,22,0,22,國泰-新莊,2024-11-06,8886
4927,泰鼎-KY,22,0,22,國泰-新莊,2024-11-06,8886
00882,中信中國高股息,33,11,22,國泰-新莊,2024-11-06,8886
5426,振發,61,39,22,國泰-新莊,2024-11-06,8886
3011,今皓,22,1,21,國泰-新莊,2024-11-06,8886
1101,台泥,21,2,19,國泰-新莊,2024-11-06,8886
00919,群益台灣精選高息,73,54,19,國泰-新莊,2024-11-06,8886
3036,文曄,73,54,19,國泰-新莊,2024-11-06,8886
00706L,期元大S＆P日圓正2,21,5,16,國泰-新莊,2024-11-06,8886
2062,橋椿,17,2,15,國泰-新莊,2024-11-06,8886
5364,力麗店,15,0,15,國泰-新莊,2024-11-06,8886
9940,信義,15,0,15,國泰-新莊,2024-11-06,8886
00720B,元大投資級公司債,16,1,15,國泰-新莊,2024-11-06,8886
2351,順德,27,14,13,國泰-新莊,2024-11-06,8886
2883,凱基金,21,8,13,國泰-新莊,2024-11-06,8886
9945,潤泰新,13,0,13,國泰-新莊,2024-11-06,8886
00688L,國泰20年美債正2,170,67,103,國泰-新莊,2024-11-07,8886
1314,中石化,84,0,84,國泰-新莊,2024-11-07,8886
00946,群益科技高息成長,57,1,56,國泰-新莊,2024-11-07,8886
00673R,期元大S＆P原油反1,56,0,56,國泰-新莊,2024-11-07,8886
3049,精金,58,6,52,國泰-新莊,2024-11-07,8886
2312,金寶,299,251,48,國泰-新莊,2024-11-07,8886
00687B,國泰20年美債,70,22,48,國泰-新莊,2024-11-07,8886
00919,群益台灣精選高息,128,83,45,國泰-新莊,2024-11-07,8886
2888,新光金,58,16,42,國泰-新莊,2024-11-07,8886
3149,正達,60,21,39,國泰-新莊,2024-11-07,8886
2344,華邦電,87,50,37,國泰-新莊,2024-11-07,8886
00680L,元大美債20正2,65,31,34,國泰-新莊,2024-11-07,8886
00941,中信上游半導體,36,5,31,國泰-新莊,2024-11-07,8886
1446,宏和,31,1,30,國泰-新莊,2024-11-07,8886
00712,復華富時不動產,21,0,21,國泰-新莊,2024-11-07,8886
8032,光菱,64,43,21,國泰-新莊,2024-11-07,8886
020020,元大台股領航N,21,0,21,國泰-新莊,2024-11-07,8886
2615,萬海,87,66,21,國泰-新莊,2024-11-07,8886
00887,永豐中國科技50大,28,8,20,國泰-新莊,2024-11-07,8886
00751B,元大AAA至A公司債,20,1,19,國泰-新莊,2024-11-07,8886
4538,大詠城,19,0,19,國泰-新莊,2024-11-07,8886
2497,怡利電,26,7,19,國泰-新莊,2024-11-07,8886
912000,晨訊科-DR,18,0,18,國泰-新莊,2024-11-07,8886
00943,兆豐電子高息等權,20,2,18,國泰-新莊,2024-11-07,8886
2014,中鴻,86,69,17,國泰-新莊,2024-11-07,8886
00633L,富邦上証正2,18,0,18,國泰-新莊,2024-11-07,8886
2363,矽統,21,4,17,國泰-新莊,2024-11-07,8886
6116,彩晶,24,7,17,國泰-新莊,2024-11-07,8886
3060,銘異,20,4,16,國泰-新莊,2024-11-07,8886
9958,世紀鋼,19,3,16,國泰-新莊,2024-11-07,8886
2851,中再保,15,0,15,國泰-新莊,2024-11-07,8886
00674R,期元大S＆P黃金反1,15,0,15,國泰-新莊,2024-11-07,8886
00795B,中信美國公債20年,15,1,14,國泰-新莊,2024-11-07,8886
3033,威健,20,6,14,國泰-新莊,2024-11-07,8886
3230,錦明,36,22,14,國泰-新莊,2024-11-07,8886
3231,緯創,38,24,14,國泰-新莊,2024-11-07,8886
1711,永光,16,2,14,國泰-新莊,2024-11-07,8886
5386,青雲,37,25,12,國泰-新莊,2024-11-07,8886
2609,陽明,33,21,12,國泰-新莊,2024-11-07,8886
8070,長華*,22,10,12,國泰-新莊,2024-11-07,8886
6657,華安,18,6,12,國泰-新莊,2024-11-07,8886
00891,中信關鍵半導體,15,4,11,國泰-新莊,2024-11-07,8886
2328,廣宇,19,7,12,國泰-新莊,2024-11-07,8886
2646,星宇航空,24,12,12,國泰-新莊,2024-11-07,8886
4933,友輝,11,0,11,國泰-新莊,2024-11-07,8886
2027,大成鋼,42,31,11,國泰-新莊,2024-11-07,8886
00857B,永豐20年美公債,10,0,10,國泰-新莊,2024-11-07,8886
00664R,國泰臺灣加權反1,10,0,10,國泰-新莊,2024-11-07,8886
2030,彰源,10,0,10,國泰-新莊,2024-11-07,8886
4414,如興,10,0,10,國泰-新莊,2024-11-07,8886
00937B,群益ESG投等債20,961,131,830,國泰-新莊,2024-11-08,8886
00632R,元大台灣50反1,536,66,470,國泰-新莊,2024-11-08,8886
3481,群創,350,170,180,國泰-新莊,2024-11-08,8886
00919,群益台灣精選高息,245,91,154,國泰-新莊,2024-11-08,8886
00637L,元大滬深300正2,952,810,142,國泰-新莊,2024-11-08,8886
2388,威盛,98,12,86,國泰-新莊,2024-11-08,8886
3062,建漢,237,162,75,國泰-新莊,2024-11-08,8886
2353,宏��,75,3,72,國泰-新莊,2024-11-08,8886
2303,聯電,95,32,63,國泰-新莊,2024-11-08,8886
8111,立��,93,31,62,國泰-新莊,2024-11-08,8886
4142,國光生,60,0,60,國泰-新莊,2024-11-08,8886
00752,中信中國50,62,6,56,國泰-新莊,2024-11-08,8886
2354,鴻準,512,461,51,國泰-新莊,2024-11-08,8886
3149,正達,75,25,50,國泰-新莊,2024-11-08,8886
3037,欣興,85,38,47,國泰-新莊,2024-11-08,8886
3550,聯穎,47,0,47,國泰-新莊,2024-11-08,8886
00713,元大台灣高息低波,47,2,45,國泰-新莊,2024-11-08,8886
00878,國泰永續高股息,120,77,43,國泰-新莊,2024-11-08,8886
1326,台化,49,7,42,國泰-新莊,2024-11-08,8886
1605,華新,36,0,36,國泰-新莊,2024-11-08,8886
1314,中石化,37,3,34,國泰-新莊,2024-11-08,8886
5452,佶優,34,0,34,國泰-新莊,2024-11-08,8886
9105,泰金寶-DR,70,38,32,國泰-新莊,2024-11-08,8886
912000,晨訊科-DR,32,0,32,國泰-新莊,2024-11-08,8886
6134,萬旭,38,6,32,國泰-新莊,2024-11-08,8886
2634,漢翔,41,10,31,國泰-新莊,2024-11-08,8886
2392,正崴,134,104,30,國泰-新莊,2024-11-08,8886
020020,元大台股領航N,30,0,30,國泰-新莊,2024-11-08,8886
4958,臻鼎-KY,35,5,30,國泰-新莊,2024-11-08,8886
2313,華通,33,6,27,國泰-新莊,2024-11-08,8886
2929,淘帝-KY,26,0,26,國泰-新莊,2024-11-08,8886
2312,金寶,153,128,25,國泰-新莊,2024-11-08,8886
00927,群益半導體收益,25,1,24,國泰-新莊,2024-11-08,8886
2731,雄獅,28,4,24,國泰-新莊,2024-11-08,8886
6505,台塑化,29,6,23,國泰-新莊,2024-11-08,8886
2892,第一金,26,3,23,國泰-新莊,2024-11-08,8886
8021,尖點,54,32,22,國泰-新莊,2024-11-08,8886
2363,矽統,44,22,22,國泰-新莊,2024-11-08,8886
2344,華邦電,41,19,22,國泰-新莊,2024-11-08,8886
4538,大詠城,21,0,21,國泰-新莊,2024-11-08,8886
6151,晉倫,31,11,20,國泰-新莊,2024-11-08,8886
00932,兆豐永續高息等權,23,2,21,國泰-新莊,2024-11-08,8886
00664R,國泰臺灣加權反1,20,0,20,國泰-新莊,2024-11-08,8886
2356,英業達,138,118,20,國泰-新莊,2024-11-08,8886
1785,光洋科,34,15,19,國泰-新莊,2024-11-08,8886
2408,南亞科,19,0,19,國泰-新莊,2024-11-08,8886
00679B,元大美債20年,31,12,19,國泰-新莊,2024-11-08,8886
3498,陽程,21,3,18,國泰-新莊,2024-11-08,8886
9958,世紀鋼,30,12,18,國泰-新莊,2024-11-08,8886
3013,晟銘電,37,19,18,國泰-新莊,2024-11-08,8886
5009,榮剛,440,16,424,國泰-新莊,2024-11-11,8886
4979,華星光,214,51,163,國泰-新莊,2024-11-11,8886
00665L,富邦�琤肭磪囓�2,148,20,128,國泰-新莊,2024-11-11,8886
00878,國泰永續高股息,393,273,120,國泰-新莊,2024-11-11,8886
3481,群創,336,258,78,國泰-新莊,2024-11-11,8886
00632R,元大台灣50反1,160,83,77,國泰-新莊,2024-11-11,8886
1605,華新,73,3,70,國泰-新莊,2024-11-11,8886
00948B,中信優息投資級債,106,37,69,國泰-新莊,2024-11-11,8886
00713,元大台灣高息低波,71,7,64,國泰-新莊,2024-11-11,8886
0056,元大高股息,108,45,63,國泰-新莊,2024-11-11,8886
00929,復華台灣科技優息,212,151,61,國泰-新莊,2024-11-11,8886
5488,松普,61,2,59,國泰-新莊,2024-11-11,8886
6116,彩晶,64,10,54,國泰-新莊,2024-11-11,8886
2834,臺企銀,52,4,48,國泰-新莊,2024-11-11,8886
1785,光洋科,63,15,48,國泰-新莊,2024-11-11,8886
00909,國泰數位支付服務,54,11,43,國泰-新莊,2024-11-11,8886
3149,正達,79,37,42,國泰-新莊,2024-11-11,8886
3037,欣興,56,15,41,國泰-新莊,2024-11-11,8886
00715L,期街口布蘭特正2,39,0,39,國泰-新莊,2024-11-11,8886
1449,佳和,265,226,39,國泰-新莊,2024-11-11,8886
3303,岱稜,48,12,36,國泰-新莊,2024-11-11,8886
00720B,元大投資級公司債,35,0,35,國泰-新莊,2024-11-11,8886
3048,益登,34,0,34,國泰-新莊,2024-11-11,8886
2486,一詮,117,84,33,國泰-新莊,2024-11-11,8886
006208,富邦台50,36,3,33,國泰-新莊,2024-11-11,8886
2449,京元電子,68,36,32,國泰-新莊,2024-11-11,8886
2646,星宇航空,42,10,32,國泰-新莊,2024-11-11,8886
2305,全友,31,0,31,國泰-新莊,2024-11-11,8886
4916,事欣科,41,11,30,國泰-新莊,2024-11-11,8886
5876,上海商銀,30,0,30,國泰-新莊,2024-11-11,8886
00679B,元大美債20年,57,28,29,國泰-新莊,2024-11-11,8886
1326,台化,30,2,28,國泰-新莊,2024-11-11,8886
00915,凱基優選高股息30,41,14,27,國泰-新莊,2024-11-11,8886
00932,兆豐永續高息等權,24,0,24,國泰-新莊,2024-11-11,8886
2354,鴻準,212,189,23,國泰-新莊,2024-11-11,8886
00930,永豐ESG低碳高息,24,1,23,國泰-新莊,2024-11-11,8886
00922,國泰台灣領袖50,27,4,23,國泰-新莊,2024-11-11,8886
00891,中信關鍵半導體,27,4,23,國泰-新莊,2024-11-11,8886
00919,群益台灣精選高息,201,179,22,國泰-新莊,2024-11-11,8886
020020,元大台股領航N,20,0,20,國泰-新莊,2024-11-11,8886
00697B,元大美債7-10,20,0,20,國泰-新莊,2024-11-11,8886
2002,中鋼,25,6,19,國泰-新莊,2024-11-11,8886
2345,智邦,22,3,19,國泰-新莊,2024-11-11,8886
2392,正崴,111,93,18,國泰-新莊,2024-11-11,8886
4716,大立,20,2,18,國泰-新莊,2024-11-11,8886
00857B,永豐20年美公債,18,0,18,國泰-新莊,2024-11-11,8886
3520,華盈,27,10,17,國泰-新莊,2024-11-11,8886
2312,金寶,101,85,16,國泰-新莊,2024-11-11,8886
2303,聯電,40,24,16,國泰-新莊,2024-11-11,8886
3062,建漢,76,60,16,國泰-新莊,2024-11-11,8886
00878,國泰永續高股息,729,123,606,國泰-新莊,2024-11-12,8886
00715L,期街口布蘭特正2,580,0,580,國泰-新莊,2024-11-12,8886
0056,元大高股息,238,51,187,國泰-新莊,2024-11-12,8886
2356,英業達,242,61,181,國泰-新莊,2024-11-12,8886
00942B,台新美A公司債20+,160,0,160,國泰-新莊,2024-11-12,8886
00919,群益台灣精選高息,206,48,158,國泰-新莊,2024-11-12,8886
2883,凱基金,234,76,158,國泰-新莊,2024-11-12,8886
00665L,富邦�琤肭磪囓�2,256,102,154,國泰-新莊,2024-11-12,8886
00929,復華台灣科技優息,256,121,135,國泰-新莊,2024-11-12,8886
5871,中租-KY,131,11,120,國泰-新莊,2024-11-12,8886
00915,凱基優選高股息30,118,6,112,國泰-新莊,2024-11-12,8886
006208,富邦台50,102,6,96,國泰-新莊,2024-11-12,8886
00713,元大台灣高息低波,131,36,95,國泰-新莊,2024-11-12,8886
2002,中鋼,95,7,88,國泰-新莊,2024-11-12,8886
2615,萬海,179,99,80,國泰-新莊,2024-11-12,8886
2328,廣宇,88,12,76,國泰-新莊,2024-11-12,8886
2390,云辰,75,0,75,國泰-新莊,2024-11-12,8886
00637L,元大滬深300正2,951,883,68,國泰-新莊,2024-11-12,8886
1314,中石化,81,14,67,國泰-新莊,2024-11-12,8886
2882,國泰金,67,2,65,國泰-新莊,2024-11-12,8886
5443,均豪,102,41,61,國泰-新莊,2024-11-12,8886
0050,元大台灣50,61,2,59,國泰-新莊,2024-11-12,8886
00891,中信關鍵半導體,66,8,58,國泰-新莊,2024-11-12,8886
6182,合晶,53,4,49,國泰-新莊,2024-11-12,8886
2399,映泰,82,36,46,國泰-新莊,2024-11-12,8886
2892,第一金,46,0,46,國泰-新莊,2024-11-12,8886
2330,台積電,52,7,45,國泰-新莊,2024-11-12,8886
00909,國泰數位支付服務,45,2,43,國泰-新莊,2024-11-12,8886
2409,友達,69,29,40,國泰-新莊,2024-11-12,8886
6153,嘉聯益,37,0,37,國泰-新莊,2024-11-12,8886
4979,華星光,66,29,37,國泰-新莊,2024-11-12,8886
2834,臺企銀,38,3,35,國泰-新莊,2024-11-12,8886
2331,精英,37,3,34,國泰-新莊,2024-11-12,8886
3049,精金,43,9,34,國泰-新莊,2024-11-12,8886
00795B,中信美國公債20年,51,18,33,國泰-新莊,2024-11-12,8886
2884,玉山金,33,3,30,國泰-新莊,2024-11-12,8886
4303,信立,58,29,29,國泰-新莊,2024-11-12,8886
1605,華新,42,13,29,國泰-新莊,2024-11-12,8886
00930,永豐ESG低碳高息,39,11,28,國泰-新莊,2024-11-12,8886
2601,益航,27,0,27,國泰-新莊,2024-11-12,8886
2382,廣達,37,11,26,國泰-新莊,2024-11-12,8886
6116,彩晶,25,0,25,國泰-新莊,2024-11-12,8886
911868,同方友友-DR,25,0,25,國泰-新莊,2024-11-12,8886
2887,台新金,25,0,25,國泰-新莊,2024-11-12,8886
6770,力積電,25,0,25,國泰-新莊,2024-11-12,8886
8112,至上,24,0,24,國泰-新莊,2024-11-12,8886
00675L,富邦臺灣加權正2,38,14,24,國泰-新莊,2024-11-12,8886
00922,國泰台灣領袖50,52,29,23,國泰-新莊,2024-11-12,8886
2477,美隆電,24,1,23,國泰-新莊,2024-11-12,8886
00946,群益科技高息成長,22,0,22,國泰-新莊,2024-11-12,8886
00878,國泰永續高股息,542,33,509,國泰-新莊,2024-11-13,8886
00688L,國泰20年美債正2,223,0,223,國泰-新莊,2024-11-13,8886
00680L,元大美債20正2,191,2,189,國泰-新莊,2024-11-13,8886
2883,凱基金,182,3,179,國泰-新莊,2024-11-13,8886
00937B,群益ESG投等債20,263,113,150,國泰-新莊,2024-11-13,8886
0056,元大高股息,118,11,107,國泰-新莊,2024-11-13,8886
3149,正達,111,11,100,國泰-新莊,2024-11-13,8886
00919,群益台灣精選高息,155,61,94,國泰-新莊,2024-11-13,8886
4979,華星光,118,28,90,國泰-新莊,2024-11-13,8886
2882,國泰金,87,5,82,國泰-新莊,2024-11-13,8886
2349,錸德,229,150,79,國泰-新莊,2024-11-13,8886
2834,臺企銀,74,0,74,國泰-新莊,2024-11-13,8886
00915,凱基優選高股息30,80,16,64,國泰-新莊,2024-11-13,8886
3481,群創,292,228,64,國泰-新莊,2024-11-13,8886
6182,合晶,61,0,61,國泰-新莊,2024-11-13,8886
00713,元大台灣高息低波,63,3,60,國泰-新莊,2024-11-13,8886
6116,彩晶,56,0,56,國泰-新莊,2024-11-13,8886
00891,中信關鍵半導體,55,2,53,國泰-新莊,2024-11-13,8886
00795B,中信美國公債20年,59,6,53,國泰-新莊,2024-11-13,8886
2601,益航,45,0,45,國泰-新莊,2024-11-13,8886
006208,富邦台50,46,2,44,國泰-新莊,2024-11-13,8886
2330,台積電,44,6,38,國泰-新莊,2024-11-13,8886
00927,群益半導體收益,36,0,36,國泰-新莊,2024-11-13,8886
2615,萬海,76,41,35,國泰-新莊,2024-11-13,8886
00948B,中信優息投資級債,35,2,33,國泰-新莊,2024-11-13,8886
2317,鴻海,71,38,33,國泰-新莊,2024-11-13,8886
00932,兆豐永續高息等權,39,8,31,國泰-新莊,2024-11-13,8886
5009,榮剛,32,1,31,國泰-新莊,2024-11-13,8886
00933B,國泰10Y+金融債,30,0,30,國泰-新莊,2024-11-13,8886
1524,耿鼎,56,26,30,國泰-新莊,2024-11-13,8886
0050,元大台灣50,33,5,28,國泰-新莊,2024-11-13,8886
3706,神達,423,396,27,國泰-新莊,2024-11-13,8886
2353,宏��,28,2,26,國泰-新莊,2024-11-13,8886
00720B,元大投資級公司債,27,2,25,國泰-新莊,2024-11-13,8886
00637L,元大滬深300正2,190,166,24,國泰-新莊,2024-11-13,8886
2892,第一金,24,0,24,國泰-新莊,2024-11-13,8886
2388,威盛,39,16,23,國泰-新莊,2024-11-13,8886
2891,中信金,37,17,20,國泰-新莊,2024-11-13,8886
2449,京元電子,37,17,20,國泰-新莊,2024-11-13,8886
2605,新興,24,4,20,國泰-新莊,2024-11-13,8886
2356,英業達,35,15,20,國泰-新莊,2024-11-13,8886
2838,聯邦銀,20,0,20,國泰-新莊,2024-11-13,8886
3607,谷崧,19,1,18,國泰-新莊,2024-11-13,8886
3520,華盈,42,24,18,國泰-新莊,2024-11-13,8886
2887,台新金,18,2,16,國泰-新莊,2024-11-13,8886
00679B,元大美債20年,47,32,15,國泰-新莊,2024-11-13,8886
1605,華新,19,5,14,國泰-新莊,2024-11-13,8886
00930,永豐ESG低碳高息,14,0,14,國泰-新莊,2024-11-13,8886
8089,康全電訊,39,25,14,國泰-新莊,2024-11-13,8886
2344,華邦電,22,8,14,國泰-新莊,2024-11-13,8886
00878,國泰永續高股息,997,143,854,國泰-新莊,2024-11-14,8886
00919,群益台灣精選高息,480,40,440,國泰-新莊,2024-11-14,8886
00929,復華台灣科技優息,533,170,363,國泰-新莊,2024-11-14,8886
0056,元大高股息,339,6,333,國泰-新莊,2024-11-14,8886
00706L,期元大S＆P日圓正2,241,0,241,國泰-新莊,2024-11-14,8886
00683L,期元大美元指正2,130,0,130,國泰-新莊,2024-11-14,8886
00915,凱基優選高股息30,132,19,113,國泰-新莊,2024-11-14,8886
3481,群創,160,63,97,國泰-新莊,2024-11-14,8886
1326,台化,93,2,91,國泰-新莊,2024-11-14,8886
00891,中信關鍵半導體,84,0,84,國泰-新莊,2024-11-14,8886
2317,鴻海,116,38,78,國泰-新莊,2024-11-14,8886
00679B,元大美債20年,76,8,68,國泰-新莊,2024-11-14,8886
00713,元大台灣高息低波,76,8,68,國泰-新莊,2024-11-14,8886
2883,凱基金,69,6,63,國泰-新莊,2024-11-14,8886
2892,第一金,62,0,62,國泰-新莊,2024-11-14,8886
00943,兆豐電子高息等權,58,0,58,國泰-新莊,2024-11-14,8886
1301,台塑,120,64,56,國泰-新莊,2024-11-14,8886
006208,富邦台50,65,11,54,國泰-新莊,2024-11-14,8886
6770,力積電,56,3,53,國泰-新莊,2024-11-14,8886
00682U,期元大美元指數,50,0,50,國泰-新莊,2024-11-14,8886
2303,聯電,75,28,47,國泰-新莊,2024-11-14,8886
00687B,國泰20年美債,95,51,44,國泰-新莊,2024-11-14,8886
2884,玉山金,42,7,35,國泰-新莊,2024-11-14,8886
2349,錸德,60,26,34,國泰-新莊,2024-11-14,8886
6108,競國,34,0,34,國泰-新莊,2024-11-14,8886
6282,康舒,41,9,32,國泰-新莊,2024-11-14,8886
5009,榮剛,33,0,33,國泰-新莊,2024-11-14,8886
2887,台新金,34,4,30,國泰-新莊,2024-11-14,8886
1449,佳和,37,7,30,國泰-新莊,2024-11-14,8886
00932,兆豐永續高息等權,29,0,29,國泰-新莊,2024-11-14,8886
2337,旺宏,49,22,27,國泰-新莊,2024-11-14,8886
00753L,中信中國50正2,32,5,27,國泰-新莊,2024-11-14,8886
6120,達運,30,3,27,國泰-新莊,2024-11-14,8886
00951,台新日本半導體,26,0,26,國泰-新莊,2024-11-14,8886
2062,橋椿,26,0,26,國泰-新莊,2024-11-14,8886
2382,廣達,33,7,26,國泰-新莊,2024-11-14,8886
4931,新盛力,293,268,25,國泰-新莊,2024-11-14,8886
00795B,中信美國公債20年,24,0,24,國泰-新莊,2024-11-14,8886
00900,富邦特選高股息30,24,0,24,國泰-新莊,2024-11-14,8886
0050,元大台灣50,29,6,23,國泰-新莊,2024-11-14,8886
2002,中鋼,23,0,23,國泰-新莊,2024-11-14,8886
00930,永豐ESG低碳高息,23,0,23,國泰-新莊,2024-11-14,8886
2408,南亞科,38,16,22,國泰-新莊,2024-11-14,8886
2882,國泰金,24,1,23,國泰-新莊,2024-11-14,8886
4123,晟德,22,0,22,國泰-新莊,2024-11-14,8886
3231,緯創,63,42,21,國泰-新莊,2024-11-14,8886
3013,晟銘電,95,75,20,國泰-新莊,2024-11-14,8886
1536,和大,21,1,20,國泰-新莊,2024-11-14,8886
2332,友訊,30,11,19,國泰-新莊,2024-11-14,8886
00946,群益科技高息成長,24,5,19,國泰-新莊,2024-11-14,8886
00878,國泰永續高股息,1217,42,1175,國泰-新莊,2024-11-15,8886
00942B,台新美A公司債20+,328,0,328,國泰-新莊,2024-11-15,8886
2317,鴻海,183,58,125,國泰-新莊,2024-11-15,8886
00637L,元大滬深300正2,321,212,109,國泰-新莊,2024-11-15,8886
00795B,中信美國公債20年,92,0,92,國泰-新莊,2024-11-15,8886
00929,復華台灣科技優息,163,73,90,國泰-新莊,2024-11-15,8886
2382,廣達,108,22,86,國泰-新莊,2024-11-15,8886
00680L,元大美債20正2,82,6,76,國泰-新莊,2024-11-15,8886
00713,元大台灣高息低波,49,0,49,國泰-新莊,2024-11-15,8886
00946,群益科技高息成長,44,0,44,國泰-新莊,2024-11-15,8886
2324,仁寶,168,125,43,國泰-新莊,2024-11-15,8886
3706,神達,437,398,39,國泰-新莊,2024-11-15,8886
2834,臺企銀,40,5,35,國泰-新莊,2024-11-15,8886
4729,熒茂,48,13,35,國泰-新莊,2024-11-15,8886
6133,金橋,35,0,35,國泰-新莊,2024-11-15,8886
3293,鈊象,42,8,34,國泰-新莊,2024-11-15,8886
3290,東浦,33,0,33,國泰-新莊,2024-11-15,8886
0056,元大高股息,63,32,31,國泰-新莊,2024-11-15,8886
2305,全友,31,0,31,國泰-新莊,2024-11-15,8886
00932,兆豐永續高息等權,26,0,26,國泰-新莊,2024-11-15,8886
00915,凱基優選高股息30,27,2,25,國泰-新莊,2024-11-15,8886
5309,系統電,63,39,24,國泰-新莊,2024-11-15,8886
3631,晟楠,26,2,24,國泰-新莊,2024-11-15,8886
3031,佰鴻,23,0,23,國泰-新莊,2024-11-15,8886
00633L,富邦上証正2,25,2,23,國泰-新莊,2024-11-15,8886
1447,力鵬,21,0,21,國泰-新莊,2024-11-15,8886
00887,永豐中國科技50大,36,15,21,國泰-新莊,2024-11-15,8886
00706L,期元大S＆P日圓正2,21,0,21,國泰-新莊,2024-11-15,8886
3013,晟銘電,37,16,21,國泰-新莊,2024-11-15,8886
5398,慕康生醫,33,13,20,國泰-新莊,2024-11-15,8886
2887,台新金,28,9,19,國泰-新莊,2024-11-15,8886
6108,競國,19,0,19,國泰-新莊,2024-11-15,8886
4979,華星光,32,14,18,國泰-新莊,2024-11-15,8886
00930,永豐ESG低碳高息,25,7,18,國泰-新莊,2024-11-15,8886
00891,中信關鍵半導體,20,2,18,國泰-新莊,2024-11-15,8886
00934,中信成長高股息,17,0,17,國泰-新莊,2024-11-15,8886
2388,威盛,19,2,17,國泰-新莊,2024-11-15,8886
1587,吉茂,54,38,16,國泰-新莊,2024-11-15,8886
006208,富邦台50,18,3,15,國泰-新莊,2024-11-15,8886
1708,東鹼,23,8,15,國泰-新莊,2024-11-15,8886
2356,英業達,21,7,14,國泰-新莊,2024-11-15,8886
00679B,元大美債20年,22,9,13,國泰-新莊,2024-11-15,8886
5871,中租-KY,22,10,12,國泰-新莊,2024-11-15,8886
3037,欣興,18,5,13,國泰-新莊,2024-11-15,8886
1319,東陽,16,4,12,國泰-新莊,2024-11-15,8886
00951,台新日本半導體,12,0,12,國泰-新莊,2024-11-15,8886
3049,精金,18,6,12,國泰-新莊,2024-11-15,8886
2399,映泰,35,23,12,國泰-新莊,2024-11-15,8886
2486,一詮,21,10,11,國泰-新莊,2024-11-15,8886
3450,聯鈞,80,69,11,國泰-新莊,2024-11-15,8886
00878,國泰永續高股息,1112,107,1005,國泰-新莊,2024-11-18,8886
00929,復華台灣科技優息,433,148,285,國泰-新莊,2024-11-18,8886
0056,元大高股息,142,9,133,國泰-新莊,2024-11-18,8886
2312,金寶,394,269,125,國泰-新莊,2024-11-18,8886
00679B,元大美債20年,117,1,116,國泰-新莊,2024-11-18,8886
00713,元大台灣高息低波,93,4,89,國泰-新莊,2024-11-18,8886
2317,鴻海,106,25,81,國泰-新莊,2024-11-18,8886
00715L,期街口布蘭特正2,76,6,70,國泰-新莊,2024-11-18,8886
00932,兆豐永續高息等權,69,7,62,國泰-新莊,2024-11-18,8886
006208,富邦台50,58,1,57,國泰-新莊,2024-11-18,8886
3706,神達,323,270,53,國泰-新莊,2024-11-18,8886
00919,群益台灣精選高息,114,61,53,國泰-新莊,2024-11-18,8886
6753,龍德造船,56,4,52,國泰-新莊,2024-11-18,8886
00637L,元大滬深300正2,115,66,49,國泰-新莊,2024-11-18,8886
2891,中信金,53,7,46,國泰-新莊,2024-11-18,8886
2330,台積電,51,6,45,國泰-新莊,2024-11-18,8886
4979,華星光,53,11,42,國泰-新莊,2024-11-18,8886
00687B,國泰20年美債,86,44,42,國泰-新莊,2024-11-18,8886
00922,國泰台灣領袖50,36,0,36,國泰-新莊,2024-11-18,8886
2405,輔信,35,0,35,國泰-新莊,2024-11-18,8886
00930,永豐ESG低碳高息,31,0,31,國泰-新莊,2024-11-18,8886
5009,榮剛,30,1,29,國泰-新莊,2024-11-18,8886
1708,東鹼,27,0,27,國泰-新莊,2024-11-18,8886
3047,訊舟,34,8,26,國泰-新莊,2024-11-18,8886
00753L,中信中國50正2,37,12,25,國泰-新莊,2024-11-18,8886
00891,中信關鍵半導體,25,0,25,國泰-新莊,2024-11-18,8886
2603,長榮,34,9,25,國泰-新莊,2024-11-18,8886
00731,復華富時高息低波,26,1,25,國泰-新莊,2024-11-18,8886
00915,凱基優選高股息30,25,1,24,國泰-新莊,2024-11-18,8886
2380,虹光,24,0,24,國泰-新莊,2024-11-18,8886
00675L,富邦臺灣加權正2,28,5,23,國泰-新莊,2024-11-18,8886
00885,富邦越南,23,1,22,國泰-新莊,2024-11-18,8886
00642U,期元大S＆P石油,22,0,22,國泰-新莊,2024-11-18,8886
2610,華航,28,7,21,國泰-新莊,2024-11-18,8886
2356,英業達,73,52,21,國泰-新莊,2024-11-18,8886
1711,永光,20,0,20,國泰-新莊,2024-11-18,8886
6182,合晶,20,0,20,國泰-新莊,2024-11-18,8886
00943,兆豐電子高息等權,19,0,19,國泰-新莊,2024-11-18,8886
0050,元大台灣50,30,12,18,國泰-新莊,2024-11-18,8886
2382,廣達,41,23,18,國泰-新莊,2024-11-18,8886
1312,國喬,32,14,18,國泰-新莊,2024-11-18,8886
6133,金橋,24,6,18,國泰-新莊,2024-11-18,8886
5465,富驊,17,0,17,國泰-新莊,2024-11-18,8886
8234,新漢,17,0,17,國泰-新莊,2024-11-18,8886
00918,大華優利高填息30,21,4,17,國泰-新莊,2024-11-18,8886
00905,FT臺灣Smart,25,9,16,國泰-新莊,2024-11-18,8886
00692,富邦公司治理,17,0,17,國泰-新莊,2024-11-18,8886
8044,網家,60,44,16,國泰-新莊,2024-11-18,8886
00923,群益台ESG低碳50,18,2,16,國泰-新莊,2024-11-18,8886
00942B,台新美A公司債20+,15,0,15,國泰-新莊,2024-11-18,8886
00878,國泰永續高股息,223,114,109,國泰-新莊,2024-11-19,8886
00948B,中信優息投資級債,101,0,101,國泰-新莊,2024-11-19,8886
2317,鴻海,105,23,82,國泰-新莊,2024-11-19,8886
00655L,國泰中國A50正2,84,7,77,國泰-新莊,2024-11-19,8886
2890,永豐金,64,2,62,國泰-新莊,2024-11-19,8886
00933B,國泰10Y+金融債,51,0,51,國泰-新莊,2024-11-19,8886
00887,永豐中國科技50大,53,8,45,國泰-新莊,2024-11-19,8886
00932,兆豐永續高息等權,65,21,44,國泰-新莊,2024-11-19,8886
2002,中鋼,44,2,42,國泰-新莊,2024-11-19,8886
0056,元大高股息,55,13,42,國泰-新莊,2024-11-19,8886
6120,達運,40,0,40,國泰-新莊,2024-11-19,8886
00942B,台新美A公司債20+,36,0,36,國泰-新莊,2024-11-19,8886
3705,永信,35,0,35,國泰-新莊,2024-11-19,8886
5876,上海商銀,32,0,32,國泰-新莊,2024-11-19,8886
00929,復華台灣科技優息,251,219,32,國泰-新莊,2024-11-19,8886
1312,國喬,32,1,31,國泰-新莊,2024-11-19,8886
00673R,期元大S＆P原油反1,28,0,28,國泰-新莊,2024-11-19,8886
00937B,群益ESG投等債20,75,48,27,國泰-新莊,2024-11-19,8886
00881,國泰台灣5G+,37,11,26,國泰-新莊,2024-11-19,8886
4714,永捷,26,0,26,國泰-新莊,2024-11-19,8886
00951,台新日本半導體,25,0,25,國泰-新莊,2024-11-19,8886
5443,均豪,43,19,24,國泰-新莊,2024-11-19,8886
2312,金寶,430,406,24,國泰-新莊,2024-11-19,8886
2382,廣達,38,14,24,國泰-新莊,2024-11-19,8886
3024,憶聲,39,17,22,國泰-新莊,2024-11-19,8886
2332,友訊,28,6,22,國泰-新莊,2024-11-19,8886
00927,群益半導體收益,22,0,22,國泰-新莊,2024-11-19,8886
3047,訊舟,23,2,21,國泰-新莊,2024-11-19,8886
5465,富驊,53,33,20,國泰-新莊,2024-11-19,8886
2543,皇昌,21,2,19,國泰-新莊,2024-11-19,8886
00679B,元大美債20年,23,4,19,國泰-新莊,2024-11-19,8886
1314,中石化,17,0,17,國泰-新莊,2024-11-19,8886
4726,永昕,17,0,17,國泰-新莊,2024-11-19,8886
00713,元大台灣高息低波,19,2,17,國泰-新莊,2024-11-19,8886
00924,復華S＆P500成長,17,0,17,國泰-新莊,2024-11-19,8886
6133,金橋,16,0,16,國泰-新莊,2024-11-19,8886
006208,富邦台50,27,11,16,國泰-新莊,2024-11-19,8886
6821,聯寶,46,30,16,國泰-新莊,2024-11-19,8886
2431,聯昌,46,32,14,國泰-新莊,2024-11-19,8886
2881,富邦金,15,2,13,國泰-新莊,2024-11-19,8886
2303,聯電,39,27,12,國泰-新莊,2024-11-19,8886
00915,凱基優選高股息30,14,2,12,國泰-新莊,2024-11-19,8886
1528,恩德,12,0,12,國泰-新莊,2024-11-19,8886
00882,中信中國高股息,16,4,12,國泰-新莊,2024-11-19,8886
1326,台化,25,14,11,國泰-新莊,2024-11-19,8886
8044,網家,21,10,11,國泰-新莊,2024-11-19,8886
8421,旭源,14,3,11,國泰-新莊,2024-11-19,8886
1229,聯華,14,3,11,國泰-新莊,2024-11-19,8886
3231,緯創,47,37,10,國泰-新莊,2024-11-19,8886
00676R,富邦臺灣加權反1,10,0,10,國泰-新莊,2024-11-19,8886
00664R,國泰臺灣加權反1,700,0,700,國泰-新莊,2024-11-20,8886
00878,國泰永續高股息,288,62,226,國泰-新莊,2024-11-20,8886
00953B,群益優選非投等債,206,0,206,國泰-新莊,2024-11-20,8886
2354,鴻準,366,165,201,國泰-新莊,2024-11-20,8886
00927,群益半導體收益,93,4,89,國泰-新莊,2024-11-20,8886
00688L,國泰20年美債正2,72,0,72,國泰-新莊,2024-11-20,8886
00929,復華台灣科技優息,153,86,67,國泰-新莊,2024-11-20,8886
2303,聯電,64,5,59,國泰-新莊,2024-11-20,8886
2380,虹光,60,9,51,國泰-新莊,2024-11-20,8886
2392,正崴,99,52,47,國泰-新莊,2024-11-20,8886
3209,全科,46,0,46,國泰-新莊,2024-11-20,8886
1711,永光,46,2,44,國泰-新莊,2024-11-20,8886
006208,富邦台50,55,12,43,國泰-新莊,2024-11-20,8886
3037,欣興,72,31,41,國泰-新莊,2024-11-20,8886
00942B,台新美A公司債20+,47,10,37,國泰-新莊,2024-11-20,8886
2356,英業達,77,41,36,國泰-新莊,2024-11-20,8886
6558,興能高,49,16,33,國泰-新莊,2024-11-20,8886
00679B,元大美債20年,38,6,32,國泰-新莊,2024-11-20,8886
3481,群創,175,144,31,國泰-新莊,2024-11-20,8886
3363,上詮,61,31,30,國泰-新莊,2024-11-20,8886
00881,國泰台灣5G+,45,16,29,國泰-新莊,2024-11-20,8886
3511,矽瑪,145,117,28,國泰-新莊,2024-11-20,8886
00687B,國泰20年美債,56,29,27,國泰-新莊,2024-11-20,8886
2312,金寶,67,41,26,國泰-新莊,2024-11-20,8886
6770,力積電,27,4,23,國泰-新莊,2024-11-20,8886
0056,元大高股息,35,13,22,國泰-新莊,2024-11-20,8886
1605,華新,48,26,22,國泰-新莊,2024-11-20,8886
6456,GIS-KY,21,0,21,國泰-新莊,2024-11-20,8886
00713,元大台灣高息低波,21,0,21,國泰-新莊,2024-11-20,8886
5309,系統電,21,1,20,國泰-新莊,2024-11-20,8886
8033,雷虎,20,0,20,國泰-新莊,2024-11-20,8886
00959B,大華投等美債15Y+,21,1,20,國泰-新莊,2024-11-20,8886
00932,兆豐永續高息等權,20,1,19,國泰-新莊,2024-11-20,8886
3706,神達,523,504,19,國泰-新莊,2024-11-20,8886
5880,合庫金,19,1,18,國泰-新莊,2024-11-20,8886
3022,威強電,37,19,18,國泰-新莊,2024-11-20,8886
5876,上海商銀,17,0,17,國泰-新莊,2024-11-20,8886
3323,加百裕,54,38,16,國泰-新莊,2024-11-20,8886
6416,瑞祺電通,23,7,16,國泰-新莊,2024-11-20,8886
2382,廣達,24,8,16,國泰-新莊,2024-11-20,8886
00941,中信上游半導體,17,2,15,國泰-新莊,2024-11-20,8886
2330,台積電,19,4,15,國泰-新莊,2024-11-20,8886
00930,永豐ESG低碳高息,14,0,14,國泰-新莊,2024-11-20,8886
00946,群益科技高息成長,13,0,13,國泰-新莊,2024-11-20,8886
00943,兆豐電子高息等權,13,0,13,國泰-新莊,2024-11-20,8886
2329,華泰,12,0,12,國泰-新莊,2024-11-20,8886
4729,熒茂,70,58,12,國泰-新莊,2024-11-20,8886
1326,台化,12,0,12,國泰-新莊,2024-11-20,8886
00675L,富邦臺灣加權正2,27,15,12,國泰-新莊,2024-11-20,8886
6535,順藥,13,2,11,國泰-新莊,2024-11-20,8886
00878,國泰永續高股息,420,177,243,國泰-新莊,2024-11-21,8886
4142,國光生,90,2,88,國泰-新莊,2024-11-21,8886
006208,富邦台50,70,3,67,國泰-新莊,2024-11-21,8886
2303,聯電,75,12,63,國泰-新莊,2024-11-21,8886
2881,富邦金,68,7,61,國泰-新莊,2024-11-21,8886
2349,錸德,170,114,56,國泰-新莊,2024-11-21,8886
00639,富邦深100,56,0,56,國泰-新莊,2024-11-21,8886
2204,中華,185,130,55,國泰-新莊,2024-11-21,8886
00953B,群益優選非投等債,54,0,54,國泰-新莊,2024-11-21,8886
00930,永豐ESG低碳高息,43,0,43,國泰-新莊,2024-11-21,8886
9103,美德醫療-DR,40,0,40,國泰-新莊,2024-11-21,8886
1569,濱川,137,97,40,國泰-新莊,2024-11-21,8886
00919,群益台灣精選高息,50,13,37,國泰-新莊,2024-11-21,8886
2317,鴻海,52,17,35,國泰-新莊,2024-11-21,8886
0056,元大高股息,42,10,32,國泰-新莊,2024-11-21,8886
00713,元大台灣高息低波,31,0,31,國泰-新莊,2024-11-21,8886
2890,永豐金,31,3,28,國泰-新莊,2024-11-21,8886
2882,國泰金,30,4,26,國泰-新莊,2024-11-21,8886
0050,元大台灣50,29,5,24,國泰-新莊,2024-11-21,8886
2363,矽統,24,1,23,國泰-新莊,2024-11-21,8886
2305,全友,23,0,23,國泰-新莊,2024-11-21,8886
2891,中信金,38,15,23,國泰-新莊,2024-11-21,8886
2027,大成鋼,22,0,22,國泰-新莊,2024-11-21,8886
1309,台達化,22,0,22,國泰-新莊,2024-11-21,8886
8097,常珵,23,2,21,國泰-新莊,2024-11-21,8886
2330,台積電,30,9,21,國泰-新莊,2024-11-21,8886
00959B,大華投等美債15Y+,20,0,20,國泰-新莊,2024-11-21,8886
00942B,台新美A公司債20+,20,0,20,國泰-新莊,2024-11-21,8886
5876,上海商銀,19,0,19,國泰-新莊,2024-11-21,8886
3376,新日興,21,2,19,國泰-新莊,2024-11-21,8886
3062,建漢,23,4,19,國泰-新莊,2024-11-21,8886
00680L,元大美債20正2,19,0,19,國泰-新莊,2024-11-21,8886
6443,元晶,20,2,18,國泰-新莊,2024-11-21,8886
1605,華新,23,7,16,國泰-新莊,2024-11-21,8886
1447,力鵬,15,0,15,國泰-新莊,2024-11-21,8886
00918,大華優利高填息30,19,4,15,國泰-新莊,2024-11-21,8886
00692,富邦公司治理,16,1,15,國泰-新莊,2024-11-21,8886
2208,台船,16,2,14,國泰-新莊,2024-11-21,8886
8249,菱光,34,20,14,國泰-新莊,2024-11-21,8886
3231,緯創,26,13,13,國泰-新莊,2024-11-21,8886
00948B,中信優息投資級債,31,18,13,國泰-新莊,2024-11-21,8886
2348,海悅,20,7,13,國泰-新莊,2024-11-21,8886
3036,文曄,21,8,13,國泰-新莊,2024-11-21,8886
2353,宏��,23,11,12,國泰-新莊,2024-11-21,8886
3024,憶聲,13,1,12,國泰-新莊,2024-11-21,8886
2609,陽明,155,143,12,國泰-新莊,2024-11-21,8886
00715L,期街口布蘭特正2,13,2,11,國泰-新莊,2024-11-21,8886
00675L,富邦臺灣加權正2,15,4,11,國泰-新莊,2024-11-21,8886
2887,台新金,11,0,11,國泰-新莊,2024-11-21,8886
00830,國泰費城半導體,10,0,10,國泰-新莊,2024-11-21,8886
00637L,元大滬深300正2,347,107,240,國泰-新莊,2024-11-22,8886
2891,中信金,212,10,202,國泰-新莊,2024-11-22,8886
9105,泰金寶-DR,700,553,147,國泰-新莊,2024-11-22,8886
00878,國泰永續高股息,184,52,132,國泰-新莊,2024-11-22,8886
00664R,國泰臺灣加權反1,102,0,102,國泰-新莊,2024-11-22,8886
2408,南亞科,91,3,88,國泰-新莊,2024-11-22,8886
00655L,國泰中國A50正2,75,0,75,國泰-新莊,2024-11-22,8886
00937B,群益ESG投等債20,115,43,72,國泰-新莊,2024-11-22,8886
00882,中信中國高股息,71,0,71,國泰-新莊,2024-11-22,8886
2303,聯電,87,16,71,國泰-新莊,2024-11-22,8886
00753L,中信中國50正2,56,0,56,國泰-新莊,2024-11-22,8886
00688L,國泰20年美債正2,56,0,56,國泰-新莊,2024-11-22,8886
2888,新光金,88,33,55,國泰-新莊,2024-11-22,8886
00673R,期元大S＆P原油反1,46,0,46,國泰-新莊,2024-11-22,8886
00665L,富邦�琤肭磪囓�2,46,0,46,國泰-新莊,2024-11-22,8886
00930,永豐ESG低碳高息,44,0,44,國泰-新莊,2024-11-22,8886
3323,加百裕,143,104,39,國泰-新莊,2024-11-22,8886
00702,國泰標普低波高息,39,0,39,國泰-新莊,2024-11-22,8886
2615,萬海,89,54,35,國泰-新莊,2024-11-22,8886
00909,國泰數位支付服務,36,1,35,國泰-新莊,2024-11-22,8886
3706,神達,550,519,31,國泰-新莊,2024-11-22,8886
912000,晨訊科-DR,30,0,30,國泰-新莊,2024-11-22,8886
1301,台塑,89,60,29,國泰-新莊,2024-11-22,8886
8358,金居,33,4,29,國泰-新莊,2024-11-22,8886
5876,上海商銀,27,1,26,國泰-新莊,2024-11-22,8886
1314,中石化,58,32,26,國泰-新莊,2024-11-22,8886
3062,建漢,33,9,24,國泰-新莊,2024-11-22,8886
00713,元大台灣高息低波,25,1,24,國泰-新莊,2024-11-22,8886
2486,一詮,30,9,21,國泰-新莊,2024-11-22,8886
2867,三商壽,79,61,18,國泰-新莊,2024-11-22,8886
00953B,群益優選非投等債,27,10,17,國泰-新莊,2024-11-22,8886
3354,律勝,17,0,17,國泰-新莊,2024-11-22,8886
3511,矽瑪,49,33,16,國泰-新莊,2024-11-22,8886
00915,凱基優選高股息30,15,0,15,國泰-新莊,2024-11-22,8886
006208,富邦台50,22,6,16,國泰-新莊,2024-11-22,8886
2495,普安,19,4,15,國泰-新莊,2024-11-22,8886
3021,鴻名,17,2,15,國泰-新莊,2024-11-22,8886
00952,凱基台灣AI50,16,1,15,國泰-新莊,2024-11-22,8886
2317,鴻海,32,17,15,國泰-新莊,2024-11-22,8886
2442,新美齊,14,1,13,國泰-新莊,2024-11-22,8886
8028,昇陽半導體,32,19,13,國泰-新莊,2024-11-22,8886
2539,櫻花建,15,2,13,國泰-新莊,2024-11-22,8886
2367,燿華,42,30,12,國泰-新莊,2024-11-22,8886
4534,慶騰,12,0,12,國泰-新莊,2024-11-22,8886
2504,國產,12,0,12,國泰-新莊,2024-11-22,8886
2409,友達,14,2,12,國泰-新莊,2024-11-22,8886
3605,宏致,21,9,12,國泰-新莊,2024-11-22,8886
4513,福裕,33,22,11,國泰-新莊,2024-11-22,8886
6763,綠界科技*,16,5,11,國泰-新莊,2024-11-22,8886
00942B,台新美A公司債20+,11,0,11,國泰-新莊,2024-11-22,8886
00937B,群益ESG投等債20,919,72,847,國泰-新莊,2024-11-25,8886
9105,泰金寶-DR,742,217,525,國泰-新莊,2024-11-25,8886
00953B,群益優選非投等債,236,0,236,國泰-新莊,2024-11-25,8886
00637L,元大滬深300正2,289,178,111,國泰-新莊,2024-11-25,8886
2344,華邦電,121,44,77,國泰-新莊,2024-11-25,8886
2312,金寶,602,535,67,國泰-新莊,2024-11-25,8886
00887,永豐中國科技50大,59,2,57,國泰-新莊,2024-11-25,8886
00930,永豐ESG低碳高息,54,1,53,國泰-新莊,2024-11-25,8886
2449,京元電子,58,19,39,國泰-新莊,2024-11-25,8886
2615,萬海,78,44,34,國泰-新莊,2024-11-25,8886
1301,台塑,35,2,33,國泰-新莊,2024-11-25,8886
00795B,中信美國公債20年,33,1,32,國泰-新莊,2024-11-25,8886
2515,中工,62,31,31,國泰-新莊,2024-11-25,8886
00919,群益台灣精選高息,59,29,30,國泰-新莊,2024-11-25,8886
1605,華新,31,3,28,國泰-新莊,2024-11-25,8886
1815,富喬,440,414,26,國泰-新莊,2024-11-25,8886
00665L,富邦�琤肭磪囓�2,116,92,24,國泰-新莊,2024-11-25,8886
3013,晟銘電,50,29,21,國泰-新莊,2024-11-25,8886
8070,長華*,22,3,19,國泰-新莊,2024-11-25,8886
2425,承啟,21,2,19,國泰-新莊,2024-11-25,8886
2603,長榮,69,50,19,國泰-新莊,2024-11-25,8886
00673R,期元大S＆P原油反1,18,0,18,國泰-新莊,2024-11-25,8886
2330,台積電,21,3,18,國泰-新莊,2024-11-25,8886
6869,雲豹能源,22,5,17,國泰-新莊,2024-11-25,8886
00882,中信中國高股息,29,15,14,國泰-新莊,2024-11-25,8886
2305,全友,14,0,14,國泰-新莊,2024-11-25,8886
6245,立端,14,0,14,國泰-新莊,2024-11-25,8886
6016,康和證,14,0,14,國泰-新莊,2024-11-25,8886
2204,中華,28,15,13,國泰-新莊,2024-11-25,8886
1569,濱川,61,49,12,國泰-新莊,2024-11-25,8886
1809,中釉,21,9,12,國泰-新莊,2024-11-25,8886
6763,綠界科技*,20,8,12,國泰-新莊,2024-11-25,8886
912000,晨訊科-DR,42,30,12,國泰-新莊,2024-11-25,8886
0061,元大寶滬深,12,0,12,國泰-新莊,2024-11-25,8886
3036,文曄,18,6,12,國泰-新莊,2024-11-25,8886
2834,臺企銀,11,0,11,國泰-新莊,2024-11-25,8886
3374,精材,19,8,11,國泰-新莊,2024-11-25,8886
00901,永豐智能車供應鏈,11,0,11,國泰-新莊,2024-11-25,8886
3511,矽瑪,40,29,11,國泰-新莊,2024-11-25,8886
8261,富鼎,13,2,11,國泰-新莊,2024-11-25,8886
00915,凱基優選高股息30,13,2,11,國泰-新莊,2024-11-25,8886
4128,中天,10,0,10,國泰-新莊,2024-11-25,8886
00943,兆豐電子高息等權,10,0,10,國泰-新莊,2024-11-25,8886
00905,FT臺灣Smart,15,5,10,國泰-新莊,2024-11-25,8886
6139,亞翔,11,1,10,國泰-新莊,2024-11-25,8886
00633L,富邦上証正2,10,0,10,國泰-新莊,2024-11-25,8886
00671R,富邦NASDAQ反1,10,0,10,國泰-新莊,2024-11-25,8886
00652,富邦印度,10,0,10,國泰-新莊,2024-11-25,8886
1611,中電,30,20,10,國泰-新莊,2024-11-25,8886
5871,中租-KY,14,5,9,國泰-新莊,2024-11-25,8886
00953B,群益優選非投等債,306,3,303,國泰-新莊,2024-11-26,8886
00937B,群益ESG投等債20,900,601,299,國泰-新莊,2024-11-26,8886
2317,鴻海,209,20,189,國泰-新莊,2024-11-26,8886
4979,華星光,168,78,90,國泰-新莊,2024-11-26,8886
00878,國泰永續高股息,230,152,78,國泰-新莊,2024-11-26,8886
00938,凱基優選30,61,0,61,國泰-新莊,2024-11-26,8886
5426,振發,66,7,59,國泰-新莊,2024-11-26,8886
00927,群益半導體收益,55,0,55,國泰-新莊,2024-11-26,8886
006208,富邦台50,57,5,52,國泰-新莊,2024-11-26,8886
00673R,期元大S＆P原油反1,50,1,49,國泰-新莊,2024-11-26,8886
3090,日電貿,72,29,43,國泰-新莊,2024-11-26,8886
00951,台新日本半導體,42,1,41,國泰-新莊,2024-11-26,8886
1528,恩德,59,20,39,國泰-新莊,2024-11-26,8886
2883,凱基金,40,2,38,國泰-新莊,2024-11-26,8886
2312,金寶,371,335,36,國泰-新莊,2024-11-26,8886
00930,永豐ESG低碳高息,34,0,34,國泰-新莊,2024-11-26,8886
5309,系統電,188,154,34,國泰-新莊,2024-11-26,8886
2540,愛山林,33,0,33,國泰-新莊,2024-11-26,8886
2601,益航,31,0,31,國泰-新莊,2024-11-26,8886
2392,正崴,82,55,27,國泰-新莊,2024-11-26,8886
6869,雲豹能源,29,2,27,國泰-新莊,2024-11-26,8886
0056,元大高股息,68,42,26,國泰-新莊,2024-11-26,8886
6134,萬旭,33,7,26,國泰-新莊,2024-11-26,8886
00887,永豐中國科技50大,27,1,26,國泰-新莊,2024-11-26,8886
2515,中工,85,60,25,國泰-新莊,2024-11-26,8886
6213,聯茂,25,1,24,國泰-新莊,2024-11-26,8886
6005,群益證,26,2,24,國泰-新莊,2024-11-26,8886
6546,正基,55,31,24,國泰-新莊,2024-11-26,8886
2330,台積電,31,7,24,國泰-新莊,2024-11-26,8886
3293,鈊象,27,4,23,國泰-新莊,2024-11-26,8886
2371,大同,45,25,20,國泰-新莊,2024-11-26,8886
00922,國泰台灣領袖50,25,6,19,國泰-新莊,2024-11-26,8886
4755,三福化,21,2,19,國泰-新莊,2024-11-26,8886
00763U,期街口道瓊銅,19,0,19,國泰-新莊,2024-11-26,8886
00929,復華台灣科技優息,68,49,19,國泰-新莊,2024-11-26,8886
3706,神達,343,324,19,國泰-新莊,2024-11-26,8886
3231,緯創,38,21,17,國泰-新莊,2024-11-26,8886
6962,ITH-KY,26,9,17,國泰-新莊,2024-11-26,8886
3048,益登,17,0,17,國泰-新莊,2024-11-26,8886
2014,中鴻,17,1,16,國泰-新莊,2024-11-26,8886
00881,國泰台灣5G+,19,3,16,國泰-新莊,2024-11-26,8886
2408,南亞科,19,4,15,國泰-新莊,2024-11-26,8886
2305,全友,15,0,15,國泰-新莊,2024-11-26,8886
6706,惠特,15,0,15,國泰-新莊,2024-11-26,8886
1569,濱川,52,38,14,國泰-新莊,2024-11-26,8886
00637L,元大滬深300正2,526,512,14,國泰-新莊,2024-11-26,8886
2615,萬海,38,24,14,國泰-新莊,2024-11-26,8886
2542,興富發,28,13,15,國泰-新莊,2024-11-26,8886
2363,矽統,24,10,14,國泰-新莊,2024-11-26,8886
00905,FT臺灣Smart,26,12,14,國泰-新莊,2024-11-26,8886
00878,國泰永續高股息,823,116,707,國泰-新莊,2024-11-27,8886
00919,群益台灣精選高息,476,44,432,國泰-新莊,2024-11-27,8886
0056,元大高股息,273,43,230,國泰-新莊,2024-11-27,8886
2303,聯電,204,42,162,國泰-新莊,2024-11-27,8886
00929,復華台灣科技優息,182,24,158,國泰-新莊,2024-11-27,8886
00940,元大台灣價值高息,156,16,140,國泰-新莊,2024-11-27,8886
00915,凱基優選高股息30,107,0,107,國泰-新莊,2024-11-27,8886
00918,大華優利高填息30,137,48,89,國泰-新莊,2024-11-27,8886
006208,富邦台50,90,6,84,國泰-新莊,2024-11-27,8886
2867,三商壽,84,0,84,國泰-新莊,2024-11-27,8886
1536,和大,312,244,68,國泰-新莊,2024-11-27,8886
4979,華星光,192,124,68,國泰-新莊,2024-11-27,8886
2883,凱基金,70,3,67,國泰-新莊,2024-11-27,8886
3231,緯創,89,24,65,國泰-新莊,2024-11-27,8886
00959B,大華投等美債15Y+,62,0,62,國泰-新莊,2024-11-27,8886
2317,鴻海,166,104,62,國泰-新莊,2024-11-27,8886
2330,台積電,60,10,50,國泰-新莊,2024-11-27,8886
0050,元大台灣50,52,2,50,國泰-新莊,2024-11-27,8886
2615,萬海,104,56,48,國泰-新莊,2024-11-27,8886
1709,和益,45,0,45,國泰-新莊,2024-11-27,8886
3706,神達,368,327,41,國泰-新莊,2024-11-27,8886
1605,華新,40,2,38,國泰-新莊,2024-11-27,8886
3290,東浦,37,0,37,國泰-新莊,2024-11-27,8886
00943,兆豐電子高息等權,37,0,37,國泰-新莊,2024-11-27,8886
2002,中鋼,37,1,36,國泰-新莊,2024-11-27,8886
3149,正達,37,3,34,國泰-新莊,2024-11-27,8886
2881,富邦金,34,0,34,國泰-新莊,2024-11-27,8886
2603,長榮,75,43,32,國泰-新莊,2024-11-27,8886
6116,彩晶,33,2,31,國泰-新莊,2024-11-27,8886
00930,永豐ESG低碳高息,31,1,30,國泰-新莊,2024-11-27,8886
2332,友訊,116,86,30,國泰-新莊,2024-11-27,8886
00795B,中信美國公債20年,34,4,30,國泰-新莊,2024-11-27,8886
2646,星宇航空,40,13,27,國泰-新莊,2024-11-27,8886
3090,日電貿,54,29,25,國泰-新莊,2024-11-27,8886
00881,國泰台灣5G+,25,0,25,國泰-新莊,2024-11-27,8886
3047,訊舟,30,5,25,國泰-新莊,2024-11-27,8886
1528,恩德,53,28,25,國泰-新莊,2024-11-27,8886
3021,鴻名,24,0,24,國泰-新莊,2024-11-27,8886
00932,兆豐永續高息等權,26,2,24,國泰-新莊,2024-11-27,8886
3376,新日興,37,14,23,國泰-新莊,2024-11-27,8886
2382,廣達,34,11,23,國泰-新莊,2024-11-27,8886
6869,雲豹能源,26,3,23,國泰-新莊,2024-11-27,8886
00938,凱基優選30,21,1,20,國泰-新莊,2024-11-27,8886
1718,中纖,20,0,20,國泰-新莊,2024-11-27,8886
3230,錦明,27,7,20,國泰-新莊,2024-11-27,8886
00905,FT臺灣Smart,31,11,20,國泰-新莊,2024-11-27,8886
3024,憶聲,18,0,18,國泰-新莊,2024-11-27,8886
3323,加百裕,266,249,17,國泰-新莊,2024-11-27,8886
2834,臺企銀,18,1,17,國泰-新莊,2024-11-27,8886
00753L,中信中國50正2,27,10,17,國泰-新莊,2024-11-27,8886
00929,復華台灣科技優息,593,39,554,國泰-新莊,2024-11-28,8886
00878,國泰永續高股息,620,111,509,國泰-新莊,2024-11-28,8886
00919,群益台灣精選高息,484,137,347,國泰-新莊,2024-11-28,8886
0056,元大高股息,292,20,272,國泰-新莊,2024-11-28,8886
00953B,群益優選非投等債,204,0,204,國泰-新莊,2024-11-28,8886
00940,元大台灣價值高息,209,55,154,國泰-新莊,2024-11-28,8886
9105,泰金寶-DR,351,210,141,國泰-新莊,2024-11-28,8886
4510,高鋒,438,308,130,國泰-新莊,2024-11-28,8886
00922,國泰台灣領袖50,82,13,69,國泰-新莊,2024-11-28,8886
00915,凱基優選高股息30,55,0,55,國泰-新莊,2024-11-28,8886
00632R,元大台灣50反1,86,34,52,國泰-新莊,2024-11-28,8886
00713,元大台灣高息低波,55,4,51,國泰-新莊,2024-11-28,8886
4927,泰鼎-KY,78,34,44,國泰-新莊,2024-11-28,8886
4420,光明,39,0,39,國泰-新莊,2024-11-28,8886
00918,大華優利高填息30,49,12,37,國泰-新莊,2024-11-28,8886
006208,富邦台50,37,1,36,國泰-新莊,2024-11-28,8886
1570,力肯,31,0,31,國泰-新莊,2024-11-28,8886
00943,兆豐電子高息等權,26,1,25,國泰-新莊,2024-11-28,8886
00882,中信中國高股息,71,46,25,國泰-新莊,2024-11-28,8886
00946,群益科技高息成長,27,3,24,國泰-新莊,2024-11-28,8886
2002,中鋼,25,3,22,國泰-新莊,2024-11-28,8886
3090,日電貿,43,21,22,國泰-新莊,2024-11-28,8886
1815,富喬,588,567,21,國泰-新莊,2024-11-28,8886
2834,臺企銀,21,0,21,國泰-新莊,2024-11-28,8886
5210,寶碩,21,0,21,國泰-新莊,2024-11-28,8886
2408,南亞科,141,123,18,國泰-新莊,2024-11-28,8886
2889,國票金,20,2,18,國泰-新莊,2024-11-28,8886
00939,統一台灣高息動能,20,3,17,國泰-新莊,2024-11-28,8886
3701,大眾控,17,0,17,國泰-新莊,2024-11-28,8886
00905,FT臺灣Smart,21,5,16,國泰-新莊,2024-11-28,8886
2486,一詮,24,8,16,國泰-新莊,2024-11-28,8886
1337,再生-KY,16,0,16,國泰-新莊,2024-11-28,8886
3037,欣興,53,37,16,國泰-新莊,2024-11-28,8886
6770,力積電,28,12,16,國泰-新莊,2024-11-28,8886
2303,聯電,110,95,15,國泰-新莊,2024-11-28,8886
8112,至上,14,0,14,國泰-新莊,2024-11-28,8886
8404,百和興業-KY,15,1,14,國泰-新莊,2024-11-28,8886
2646,星宇航空,21,7,14,國泰-新莊,2024-11-28,8886
2392,正崴,76,62,14,國泰-新莊,2024-11-28,8886
8097,常珵,14,1,13,國泰-新莊,2024-11-28,8886
0050,元大台灣50,14,2,12,國泰-新莊,2024-11-28,8886
00715L,期街口布蘭特正2,12,0,12,國泰-新莊,2024-11-28,8886
3712,永崴投控,15,3,12,國泰-新莊,2024-11-28,8886
00731,復華富時高息低波,12,0,12,國泰-新莊,2024-11-28,8886
4991,環宇-KY,33,22,11,國泰-新莊,2024-11-28,8886
2204,中華,18,7,11,國泰-新莊,2024-11-28,8886
2313,華通,12,1,11,國泰-新莊,2024-11-28,8886
2449,京元電子,26,16,10,國泰-新莊,2024-11-28,8886
00900,富邦特選高股息30,12,2,10,國泰-新莊,2024-11-28,8886
00948B,中信優息投資級債,24,14,10,國泰-新莊,2024-11-28,8886
00953B,群益優選非投等債,306,0,306,國泰-新莊,2024-11-29,8886
00919,群益台灣精選高息,222,22,200,國泰-新莊,2024-11-29,8886
0056,元大高股息,198,45,153,國泰-新莊,2024-11-29,8886
00878,國泰永續高股息,273,127,146,國泰-新莊,2024-11-29,8886
00680L,元大美債20正2,118,1,117,國泰-新莊,2024-11-29,8886
6446,藥華藥,91,6,85,國泰-新莊,2024-11-29,8886
2002,中鋼,87,3,84,國泰-新莊,2024-11-29,8886
00664R,國泰臺灣加權反1,65,0,65,國泰-新莊,2024-11-29,8886
00712,復華富時不動產,67,4,63,國泰-新莊,2024-11-29,8886
00915,凱基優選高股息30,55,1,54,國泰-新莊,2024-11-29,8886
2882,國泰金,46,2,44,國泰-新莊,2024-11-29,8886
00882,中信中國高股息,64,21,43,國泰-新莊,2024-11-29,8886
2303,聯電,75,34,41,國泰-新莊,2024-11-29,8886
2317,鴻海,64,24,40,國泰-新莊,2024-11-29,8886
2888,新光金,34,0,34,國泰-新莊,2024-11-29,8886
00713,元大台灣高息低波,32,0,32,國泰-新莊,2024-11-29,8886
2834,臺企銀,33,1,32,國泰-新莊,2024-11-29,8886
1301,台塑,31,0,31,國泰-新莊,2024-11-29,8886
2615,萬海,49,18,31,國泰-新莊,2024-11-29,8886
6127,九豪,39,8,31,國泰-新莊,2024-11-29,8886
2618,長榮航,100,71,29,國泰-新莊,2024-11-29,8886
5880,合庫金,25,0,25,國泰-新莊,2024-11-29,8886
00946,群益科技高息成長,22,0,22,國泰-新莊,2024-11-29,8886
6505,台塑化,21,0,21,國泰-新莊,2024-11-29,8886
2881,富邦金,25,5,20,國泰-新莊,2024-11-29,8886
3339,泰谷,27,7,20,國泰-新莊,2024-11-29,8886
8404,百和興業-KY,21,1,20,國泰-新莊,2024-11-29,8886
2891,中信金,25,8,17,國泰-新莊,2024-11-29,8886
3511,矽瑪,31,14,17,國泰-新莊,2024-11-29,8886
3231,緯創,71,55,16,國泰-新莊,2024-11-29,8886
3706,神達,765,749,16,國泰-新莊,2024-11-29,8886
2330,台積電,27,11,16,國泰-新莊,2024-11-29,8886
6530,創威,47,32,15,國泰-新莊,2024-11-29,8886
00679B,元大美債20年,17,4,13,國泰-新莊,2024-11-29,8886
4564,元翎,12,0,12,國泰-新莊,2024-11-29,8886
00922,國泰台灣領袖50,13,1,12,國泰-新莊,2024-11-29,8886
2609,陽明,69,58,11,國泰-新莊,2024-11-29,8886
2634,漢翔,11,0,11,國泰-新莊,2024-11-29,8886
4526,東台,13,2,11,國泰-新莊,2024-11-29,8886
00916,國泰全球品牌50,13,3,10,國泰-新莊,2024-11-29,8886
00795B,中信美國公債20年,26,16,10,國泰-新莊,2024-11-29,8886
9958,世紀鋼,17,7,10,國泰-新莊,2024-11-29,8886
2641,正德,10,0,10,國泰-新莊,2024-11-29,8886
2504,國產,10,0,10,國泰-新莊,2024-11-29,8886
2208,台船,10,0,10,國泰-新莊,2024-11-29,8886
3689,湧德,10,0,10,國泰-新莊,2024-11-29,8886
00951,台新日本半導體,10,0,10,國泰-新莊,2024-11-29,8886
2332,友訊,16,6,10,國泰-新莊,2024-11-29,8886
8429,金麗-KY,102,92,10,國泰-新莊,2024-11-29,8886
2344,華邦電,23,14,9,國泰-新莊,2024-11-29,8886
00632R,元大台灣50反1,243,62,181,國泰-新莊,2024-12-02,8886
9105,泰金寶-DR,303,154,149,國泰-新莊,2024-12-02,8886
0056,元大高股息,170,23,147,國泰-新莊,2024-12-02,8886
2317,鴻海,139,25,114,國泰-新莊,2024-12-02,8886
2547,日勝生,101,0,101,國泰-新莊,2024-12-02,8886
4123,晟德,83,13,70,國泰-新莊,2024-12-02,8886
2312,金寶,112,57,55,國泰-新莊,2024-12-02,8886
00637L,元大滬深300正2,637,584,53,國泰-新莊,2024-12-02,8886
00953B,群益優選非投等債,48,0,48,國泰-新莊,2024-12-02,8886
3323,加百裕,402,357,45,國泰-新莊,2024-12-02,8886
00915,凱基優選高股息30,40,0,40,國泰-新莊,2024-12-02,8886
2610,華航,123,84,39,國泰-新莊,2024-12-02,8886
1301,台塑,38,2,36,國泰-新莊,2024-12-02,8886
3706,神達,359,329,30,國泰-新莊,2024-12-02,8886
2408,南亞科,49,21,28,國泰-新莊,2024-12-02,8886
2888,新光金,40,12,28,國泰-新莊,2024-12-02,8886
2354,鴻準,64,39,25,國泰-新莊,2024-12-02,8886
1570,力肯,24,0,24,國泰-新莊,2024-12-02,8886
6530,創威,42,19,23,國泰-新莊,2024-12-02,8886
00713,元大台灣高息低波,26,4,22,國泰-新莊,2024-12-02,8886
2515,中工,53,31,22,國泰-新莊,2024-12-02,8886
3040,遠見,24,2,22,國泰-新莊,2024-12-02,8886
1605,華新,82,61,21,國泰-新莊,2024-12-02,8886
00706L,期元大S＆P日圓正2,21,0,21,國泰-新莊,2024-12-02,8886
5907,大洋-KY,50,30,20,國泰-新莊,2024-12-02,8886
3516,亞帝歐,19,0,19,國泰-新莊,2024-12-02,8886
00715L,期街口布蘭特正2,22,3,19,國泰-新莊,2024-12-02,8886
5876,上海商銀,19,0,19,國泰-新莊,2024-12-02,8886
2419,仲琦,31,12,19,國泰-新莊,2024-12-02,8886
5315,光聯,33,15,18,國泰-新莊,2024-12-02,8886
5515,建國,18,0,18,國泰-新莊,2024-12-02,8886
1524,耿鼎,21,4,17,國泰-新莊,2024-12-02,8886
00918,大華優利高填息30,37,20,17,國泰-新莊,2024-12-02,8886
1314,中石化,25,9,16,國泰-新莊,2024-12-02,8886
8111,立��,20,4,16,國泰-新莊,2024-12-02,8886
3211,順達,93,78,15,國泰-新莊,2024-12-02,8886
3481,群創,35,21,14,國泰-新莊,2024-12-02,8886
4927,泰鼎-KY,17,3,14,國泰-新莊,2024-12-02,8886
2929,淘帝-KY,17,3,14,國泰-新莊,2024-12-02,8886
3625,西勝,26,12,14,國泰-新莊,2024-12-02,8886
3062,建漢,13,0,13,國泰-新莊,2024-12-02,8886
3376,新日興,22,9,13,國泰-新莊,2024-12-02,8886
6188,廣明,13,0,13,國泰-新莊,2024-12-02,8886
6117,迎廣,24,11,13,國泰-新莊,2024-12-02,8886
5328,華容,71,59,12,國泰-新莊,2024-12-02,8886
4510,高鋒,80,68,12,國泰-新莊,2024-12-02,8886
8431,匯鑽科,20,8,12,國泰-新莊,2024-12-02,8886
1591,駿吉-KY,13,1,12,國泰-新莊,2024-12-02,8886
1536,和大,68,56,12,國泰-新莊,2024-12-02,8886
5309,系統電,83,72,11,國泰-新莊,2024-12-02,8886
00919,群益台灣精選高息,613,260,353,國泰-新莊,2024-12-03,8886
00680L,元大美債20正2,136,5,131,國泰-新莊,2024-12-03,8886
006208,富邦台50,129,28,101,國泰-新莊,2024-12-03,8886
3481,群創,141,41,100,國泰-新莊,2024-12-03,8886
00900,富邦特選高股息30,91,1,90,國泰-新莊,2024-12-03,8886
4904,遠傳,73,0,73,國泰-新莊,2024-12-03,8886
2101,南港,72,0,72,國泰-新莊,2024-12-03,8886
2317,鴻海,100,50,50,國泰-新莊,2024-12-03,8886
6770,力積電,60,12,48,國泰-新莊,2024-12-03,8886
5907,大洋-KY,47,0,47,國泰-新莊,2024-12-03,8886
00953B,群益優選非投等債,35,0,35,國泰-新莊,2024-12-03,8886
4123,晟德,68,35,33,國泰-新莊,2024-12-03,8886
00725B,國泰投資級公司債,59,26,33,國泰-新莊,2024-12-03,8886
0056,元大高股息,51,21,30,國泰-新莊,2024-12-03,8886
00642U,期元大S＆P石油,30,0,30,國泰-新莊,2024-12-03,8886
1528,恩德,29,0,29,國泰-新莊,2024-12-03,8886
00891,中信關鍵半導體,33,4,29,國泰-新莊,2024-12-03,8886
00715L,期街口布蘭特正2,26,2,24,國泰-新莊,2024-12-03,8886
00664R,國泰臺灣加權反1,22,0,22,國泰-新莊,2024-12-03,8886
4168,醣聯,20,0,20,國泰-新莊,2024-12-03,8886
00706L,期元大S＆P日圓正2,20,0,20,國泰-新莊,2024-12-03,8886
3231,緯創,38,20,18,國泰-新莊,2024-12-03,8886
00713,元大台灣高息低波,57,41,16,國泰-新莊,2024-12-03,8886
2353,宏��,17,2,15,國泰-新莊,2024-12-03,8886
2312,金寶,73,58,15,國泰-新莊,2024-12-03,8886
5328,華容,37,22,15,國泰-新莊,2024-12-03,8886
2889,國票金,20,5,15,國泰-新莊,2024-12-03,8886
5706,鳳凰,15,1,14,國泰-新莊,2024-12-03,8886
1605,華新,40,26,14,國泰-新莊,2024-12-03,8886
00830,國泰費城半導體,20,7,13,國泰-新莊,2024-12-03,8886
5309,系統電,53,40,13,國泰-新莊,2024-12-03,8886
00895,富邦未來車,12,0,12,國泰-新莊,2024-12-03,8886
00946,群益科技高息成長,36,24,12,國泰-新莊,2024-12-03,8886
3466,德晉,14,2,12,國泰-新莊,2024-12-03,8886
1449,佳和,47,35,12,國泰-新莊,2024-12-03,8886
3037,欣興,13,2,11,國泰-新莊,2024-12-03,8886
00915,凱基優選高股息30,43,32,11,國泰-新莊,2024-12-03,8886
4977,眾達-KY,111,101,10,國泰-新莊,2024-12-03,8886
2230,泰茂,10,0,10,國泰-新莊,2024-12-03,8886
5481,新華,20,10,10,國泰-新莊,2024-12-03,8886
4927,泰鼎-KY,13,3,10,國泰-新莊,2024-12-03,8886
3078,僑威,10,0,10,國泰-新莊,2024-12-03,8886
4303,信立,93,83,10,國泰-新莊,2024-12-03,8886
2385,群光,9,0,9,國泰-新莊,2024-12-03,8886
4538,大詠城,9,0,9,國泰-新莊,2024-12-03,8886
00688L,國泰20年美債正2,14,5,9,國泰-新莊,2024-12-03,8886
00918,大華優利高填息30,63,54,9,國泰-新莊,2024-12-03,8886
1326,台化,23,14,9,國泰-新莊,2024-12-03,8886
2303,聯電,22,14,8,國泰-新莊,2024-12-03,8886
00753L,中信中國50正2,60,52,8,國泰-新莊,2024-12-03,8886
00919,群益台灣精選高息,231,45,186,國泰-新莊,2024-12-04,8886
00915,凱基優選高股息30,143,1,142,國泰-新莊,2024-12-04,8886
9105,泰金寶-DR,315,179,136,國泰-新莊,2024-12-04,8886
00918,大華優利高填息30,142,16,126,國泰-新莊,2024-12-04,8886
00953B,群益優選非投等債,89,5,84,國泰-新莊,2024-12-04,8886
00664R,國泰臺灣加權反1,75,0,75,國泰-新莊,2024-12-04,8886
00712,復華富時不動產,110,45,65,國泰-新莊,2024-12-04,8886
3706,神達,554,491,63,國泰-新莊,2024-12-04,8886
2610,華航,115,54,61,國泰-新莊,2024-12-04,8886
2312,金寶,80,27,53,國泰-新莊,2024-12-04,8886
2891,中信金,66,18,48,國泰-新莊,2024-12-04,8886
2449,京元電子,51,8,43,國泰-新莊,2024-12-04,8886
2888,新光金,74,31,43,國泰-新莊,2024-12-04,8886
00676R,富邦臺灣加權反1,48,8,40,國泰-新莊,2024-12-04,8886
2408,南亞科,43,7,36,國泰-新莊,2024-12-04,8886
1605,華新,73,42,31,國泰-新莊,2024-12-04,8886
4142,國光生,30,0,30,國泰-新莊,2024-12-04,8886
00930,永豐ESG低碳高息,30,1,29,國泰-新莊,2024-12-04,8886
00887,永豐中國科技50大,44,15,29,國泰-新莊,2024-12-04,8886
00850,元大臺灣ESG永續,28,0,28,國泰-新莊,2024-12-04,8886
8240,華宏,29,2,27,國泰-新莊,2024-12-04,8886
5388,中磊,27,1,26,國泰-新莊,2024-12-04,8886
8111,立��,70,45,25,國泰-新莊,2024-12-04,8886
6757,台灣虎航,93,70,23,國泰-新莊,2024-12-04,8886
00927,群益半導體收益,39,16,23,國泰-新莊,2024-12-04,8886
6505,台塑化,22,0,22,國泰-新莊,2024-12-04,8886
3019,亞光,27,7,20,國泰-新莊,2024-12-04,8886
00948B,中信優息投資級債,30,10,20,國泰-新莊,2024-12-04,8886
3689,湧德,35,15,20,國泰-新莊,2024-12-04,8886
5907,大洋-KY,20,0,20,國泰-新莊,2024-12-04,8886
9938,百和,24,5,19,國泰-新莊,2024-12-04,8886
2889,國票金,24,5,19,國泰-新莊,2024-12-04,8886
2618,長榮航,42,24,18,國泰-新莊,2024-12-04,8886
3591,艾笛森,25,8,17,國泰-新莊,2024-12-04,8886
00673R,期元大S＆P原油反1,17,0,17,國泰-新莊,2024-12-04,8886
5443,均豪,28,12,16,國泰-新莊,2024-12-04,8886
2303,聯電,25,10,15,國泰-新莊,2024-12-04,8886
6290,良維,16,1,15,國泰-新莊,2024-12-04,8886
2486,一詮,69,54,15,國泰-新莊,2024-12-04,8886
2887,台新金,15,1,14,國泰-新莊,2024-12-04,8886
6451,訊芯-KY,19,5,14,國泰-新莊,2024-12-04,8886
3003,健和興,17,3,14,國泰-新莊,2024-12-04,8886
1303,南亞,18,4,14,國泰-新莊,2024-12-04,8886
00637L,元大滬深300正2,134,121,13,國泰-新莊,2024-12-04,8886
3040,遠見,18,6,12,國泰-新莊,2024-12-04,8886
6175,立敦,18,6,12,國泰-新莊,2024-12-04,8886
4746,台耀,12,0,12,國泰-新莊,2024-12-04,8886
2354,鴻準,32,21,11,國泰-新莊,2024-12-04,8886
3511,矽瑪,33,22,11,國泰-新莊,2024-12-04,8886
1519,華城,20,9,11,國泰-新莊,2024-12-04,8886
00937B,群益ESG投等債20,1520,96,1424,國泰-新莊,2024-12-05,8886
00953B,群益優選非投等債,273,21,252,國泰-新莊,2024-12-05,8886
2312,金寶,173,27,146,國泰-新莊,2024-12-05,8886
5309,系統電,358,270,88,國泰-新莊,2024-12-05,8886
00918,大華優利高填息30,84,10,74,國泰-新莊,2024-12-05,8886
1815,富喬,554,488,66,國泰-新莊,2024-12-05,8886
00664R,國泰臺灣加權反1,85,20,65,國泰-新莊,2024-12-05,8886
2887,台新金,63,1,62,國泰-新莊,2024-12-05,8886
8171,天宇,56,1,55,國泰-新莊,2024-12-05,8886
00895,富邦未來車,54,0,54,國泰-新莊,2024-12-05,8886
00703,台新MSCI中國,53,0,53,國泰-新莊,2024-12-05,8886
00915,凱基優選高股息30,55,3,52,國泰-新莊,2024-12-05,8886
2317,鴻海,86,36,50,國泰-新莊,2024-12-05,8886
3323,加百裕,263,218,45,國泰-新莊,2024-12-05,8886
5328,華容,96,53,43,國泰-新莊,2024-12-05,8886
00715L,期街口布蘭特正2,47,5,42,國泰-新莊,2024-12-05,8886
2399,映泰,61,22,39,國泰-新莊,2024-12-05,8886
00919,群益台灣精選高息,173,136,37,國泰-新莊,2024-12-05,8886
00712,復華富時不動產,41,6,35,國泰-新莊,2024-12-05,8886
2337,旺宏,38,3,35,國泰-新莊,2024-12-05,8886
3025,星通,38,5,33,國泰-新莊,2024-12-05,8886
4931,新盛力,169,139,30,國泰-新莊,2024-12-05,8886
1528,恩德,31,1,30,國泰-新莊,2024-12-05,8886
6438,迅得,31,5,26,國泰-新莊,2024-12-05,8886
3211,順達,139,113,26,國泰-新莊,2024-12-05,8886
3450,聯鈞,154,130,24,國泰-新莊,2024-12-05,8886
00713,元大台灣高息低波,30,6,24,國泰-新莊,2024-12-05,8886
6558,興能高,162,138,24,國泰-新莊,2024-12-05,8886
2542,興富發,28,5,23,國泰-新莊,2024-12-05,8886
2305,全友,23,0,23,國泰-新莊,2024-12-05,8886
3511,矽瑪,39,17,22,國泰-新莊,2024-12-05,8886
6505,台塑化,25,3,22,國泰-新莊,2024-12-05,8886
1326,台化,21,0,21,國泰-新莊,2024-12-05,8886
3234,光環,24,3,21,國泰-新莊,2024-12-05,8886
00665L,富邦�琤肭磪囓�2,22,2,20,國泰-新莊,2024-12-05,8886
2429,銘旺科,20,0,20,國泰-新莊,2024-12-05,8886
00753L,中信中國50正2,17,0,17,國泰-新莊,2024-12-05,8886
2426,鼎元,17,0,17,國泰-新莊,2024-12-05,8886
2204,中華,38,23,15,國泰-新莊,2024-12-05,8886
2344,華邦電,37,22,15,國泰-新莊,2024-12-05,8886
8042,金山電,51,36,15,國泰-新莊,2024-12-05,8886
2617,台航,14,0,14,國泰-新莊,2024-12-05,8886
3003,健和興,37,23,14,國泰-新莊,2024-12-05,8886
1303,南亞,17,4,13,國泰-新莊,2024-12-05,8886
1471,首利,17,4,13,國泰-新莊,2024-12-05,8886
3090,日電貿,79,67,12,國泰-新莊,2024-12-05,8886
6546,正基,13,1,12,國泰-新莊,2024-12-05,8886
2436,偉詮電,13,1,12,國泰-新莊,2024-12-05,8886
00676R,富邦臺灣加權反1,14,2,12,國泰-新莊,2024-12-05,8886
5371,中光電,18,7,11,國泰-新莊,2024-12-05,8886
00919,群益台灣精選高息,381,40,341,國泰-新莊,2024-12-06,8886
00953B,群益優選非投等債,320,1,319,國泰-新莊,2024-12-06,8886
9105,泰金寶-DR,399,183,216,國泰-新莊,2024-12-06,8886
00918,大華優利高填息30,179,4,175,國泰-新莊,2024-12-06,8886
3049,精金,111,0,111,國泰-新莊,2024-12-06,8886
00715L,期街口布蘭特正2,107,2,105,國泰-新莊,2024-12-06,8886
4979,華星光,132,47,85,國泰-新莊,2024-12-06,8886
1464,得力,88,5,83,國泰-新莊,2024-12-06,8886
00712,復華富時不動產,87,6,81,國泰-新莊,2024-12-06,8886
5309,系統電,105,32,73,國泰-新莊,2024-12-06,8886
3706,神達,563,491,72,國泰-新莊,2024-12-06,8886
00688L,國泰20年美債正2,52,4,48,國泰-新莊,2024-12-06,8886
00673R,期元大S＆P原油反1,110,63,47,國泰-新莊,2024-12-06,8886
00665L,富邦�琤肭磪囓�2,40,0,40,國泰-新莊,2024-12-06,8886
2354,鴻準,380,340,40,國泰-新莊,2024-12-06,8886
1326,台化,45,5,40,國泰-新莊,2024-12-06,8886
00962,台新AI優息動能,44,5,39,國泰-新莊,2024-12-06,8886
00795B,中信美國公債20年,39,2,37,國泰-新莊,2024-12-06,8886
00675L,富邦臺灣加權正2,46,10,36,國泰-新莊,2024-12-06,8886
2618,長榮航,48,12,36,國泰-新莊,2024-12-06,8886
00664R,國泰臺灣加權反1,55,20,35,國泰-新莊,2024-12-06,8886
2337,旺宏,49,18,31,國泰-新莊,2024-12-06,8886
00930,永豐ESG低碳高息,30,0,30,國泰-新莊,2024-12-06,8886
2303,聯電,55,25,30,國泰-新莊,2024-12-06,8886
2486,一詮,33,4,29,國泰-新莊,2024-12-06,8886
3376,新日興,33,5,28,國泰-新莊,2024-12-06,8886
1815,富喬,261,234,27,國泰-新莊,2024-12-06,8886
3323,加百裕,79,52,27,國泰-新莊,2024-12-06,8886
00915,凱基優選高股息30,31,6,25,國泰-新莊,2024-12-06,8886
3202,樺晟,24,0,24,國泰-新莊,2024-12-06,8886
1528,恩德,35,12,23,國泰-新莊,2024-12-06,8886
3317,尼克森,26,6,20,國泰-新莊,2024-12-06,8886
00932,兆豐永續高息等權,20,0,20,國泰-新莊,2024-12-06,8886
00895,富邦未來車,20,0,20,國泰-新莊,2024-12-06,8886
2888,新光金,33,13,20,國泰-新莊,2024-12-06,8886
3594,磐儀,20,1,19,國泰-新莊,2024-12-06,8886
6142,友勁,19,0,19,國泰-新莊,2024-12-06,8886
00650L,復華香港正2,20,1,19,國泰-新莊,2024-12-06,8886
4743,合一,30,13,17,國泰-新莊,2024-12-06,8886
2344,華邦電,55,39,16,國泰-新莊,2024-12-06,8886
3035,智原,21,7,14,國泰-新莊,2024-12-06,8886
5355,佳總,14,0,14,國泰-新莊,2024-12-06,8886
8042,金山電,33,20,13,國泰-新莊,2024-12-06,8886
00950B,凱基A級公司債,15,2,13,國泰-新莊,2024-12-06,8886
00637L,元大滬深300正2,665,652,13,國泰-新莊,2024-12-06,8886
4909,新復興,22,9,13,國泰-新莊,2024-12-06,8886
6546,正基,15,2,13,國泰-新莊,2024-12-06,8886
3625,西勝,18,5,13,國泰-新莊,2024-12-06,8886
00909,國泰數位支付服務,13,1,12,國泰-新莊,2024-12-06,8886
2489,瑞軒,12,0,12,國泰-新莊,2024-12-06,8886
00953B,群益優選非投等債,161,0,161,國泰-新莊,2024-12-09,8886
00919,群益台灣精選高息,156,60,96,國泰-新莊,2024-12-09,8886
2317,鴻海,124,31,93,國泰-新莊,2024-12-09,8886
00918,大華優利高填息30,93,4,89,國泰-新莊,2024-12-09,8886
00753L,中信中國50正2,84,5,79,國泰-新莊,2024-12-09,8886
00878,國泰永續高股息,118,39,79,國泰-新莊,2024-12-09,8886
00915,凱基優選高股息30,81,4,77,國泰-新莊,2024-12-09,8886
00642U,期元大S＆P石油,76,0,76,國泰-新莊,2024-12-09,8886
00664R,國泰臺灣加權反1,101,30,71,國泰-新莊,2024-12-09,8886
00715L,期街口布蘭特正2,55,0,55,國泰-新莊,2024-12-09,8886
0056,元大高股息,63,11,52,國泰-新莊,2024-12-09,8886
4979,華星光,114,64,50,國泰-新莊,2024-12-09,8886
2449,京元電子,51,3,48,國泰-新莊,2024-12-09,8886
1611,中電,42,0,42,國泰-新莊,2024-12-09,8886
2408,南亞科,69,30,39,國泰-新莊,2024-12-09,8886
00926,凱基全球菁英55,37,0,37,國泰-新莊,2024-12-09,8886
00688L,國泰20年美債正2,37,0,37,國泰-新莊,2024-12-09,8886
9105,泰金寶-DR,64,29,35,國泰-新莊,2024-12-09,8886
8171,天宇,44,12,32,國泰-新莊,2024-12-09,8886
00713,元大台灣高息低波,33,1,32,國泰-新莊,2024-12-09,8886
00967B,元大優息美債,30,0,30,國泰-新莊,2024-12-09,8886
3062,建漢,27,0,27,國泰-新莊,2024-12-09,8886
2344,華邦電,28,1,27,國泰-新莊,2024-12-09,8886
2527,宏璟,38,12,26,國泰-新莊,2024-12-09,8886
00662,富邦NASDAQ,25,0,25,國泰-新莊,2024-12-09,8886
2399,映泰,334,311,23,國泰-新莊,2024-12-09,8886
3211,順達,41,19,22,國泰-新莊,2024-12-09,8886
4977,眾達-KY,111,89,22,國泰-新莊,2024-12-09,8886
9921,巨大,21,0,21,國泰-新莊,2024-12-09,8886
6443,元晶,21,0,21,國泰-新莊,2024-12-09,8886
6191,精成科,20,0,20,國泰-新莊,2024-12-09,8886
2367,燿華,24,5,19,國泰-新莊,2024-12-09,8886
00933B,國泰10Y+金融債,39,20,19,國泰-新莊,2024-12-09,8886
3323,加百裕,31,13,18,國泰-新莊,2024-12-09,8886
2915,潤泰全,18,0,18,國泰-新莊,2024-12-09,8886
1432,大魯閣,18,0,18,國泰-新莊,2024-12-09,8886
4931,新盛力,40,22,18,國泰-新莊,2024-12-09,8886
2356,英業達,19,3,16,國泰-新莊,2024-12-09,8886
2337,旺宏,22,6,16,國泰-新莊,2024-12-09,8886
6470,宇智,71,56,15,國泰-新莊,2024-12-09,8886
3032,偉訓,32,17,15,國泰-新莊,2024-12-09,8886
3043,科風,14,0,14,國泰-新莊,2024-12-09,8886
3217,優群,16,2,14,國泰-新莊,2024-12-09,8886
1303,南亞,20,6,14,國泰-新莊,2024-12-09,8886
6695,芯鼎,95,82,13,國泰-新莊,2024-12-09,8886
6139,亞翔,24,12,12,國泰-新莊,2024-12-09,8886
2305,全友,12,0,12,國泰-新莊,2024-12-09,8886
5531,鄉林,12,0,12,國泰-新莊,2024-12-09,8886
1513,中興電,13,2,11,國泰-新莊,2024-12-09,8886
1802,台玻,13,2,11,國泰-新莊,2024-12-09,8886
00918,大華優利高填息30,223,19,204,國泰-新莊,2024-12-10,8886
00919,群益台灣精選高息,282,116,166,國泰-新莊,2024-12-10,8886
00878,國泰永續高股息,212,105,107,國泰-新莊,2024-12-10,8886
00715L,期街口布蘭特正2,101,2,99,國泰-新莊,2024-12-10,8886
2408,南亞科,96,5,91,國泰-新莊,2024-12-10,8886
0056,元大高股息,115,36,79,國泰-新莊,2024-12-10,8886
3706,神達,675,601,74,國泰-新莊,2024-12-10,8886
2317,鴻海,81,13,68,國泰-新莊,2024-12-10,8886
4931,新盛力,161,105,56,國泰-新莊,2024-12-10,8886
006208,富邦台50,51,2,49,國泰-新莊,2024-12-10,8886
00655L,國泰中國A50正2,200,151,49,國泰-新莊,2024-12-10,8886
00795B,中信美國公債20年,47,0,47,國泰-新莊,2024-12-10,8886
00926,凱基全球菁英55,43,0,43,國泰-新莊,2024-12-10,8886
2601,益航,40,0,40,國泰-新莊,2024-12-10,8886
2312,金寶,44,8,36,國泰-新莊,2024-12-10,8886
2399,映泰,50,16,34,國泰-新莊,2024-12-10,8886
2609,陽明,138,105,33,國泰-新莊,2024-12-10,8886
00713,元大台灣高息低波,38,9,29,國泰-新莊,2024-12-10,8886
2337,旺宏,40,11,29,國泰-新莊,2024-12-10,8886
00753L,中信中國50正2,163,135,28,國泰-新莊,2024-12-10,8886
00687B,國泰20年美債,61,33,28,國泰-新莊,2024-12-10,8886
1449,佳和,52,26,26,國泰-新莊,2024-12-10,8886
3557,嘉威,25,0,25,國泰-新莊,2024-12-10,8886
2610,華航,33,12,21,國泰-新莊,2024-12-10,8886
00894,中信小資高價30,20,0,20,國泰-新莊,2024-12-10,8886
3202,樺晟,21,1,20,國泰-新莊,2024-12-10,8886
2344,華邦電,31,12,19,國泰-新莊,2024-12-10,8886
2527,宏璟,18,0,18,國泰-新莊,2024-12-10,8886
00900,富邦特選高股息30,17,0,17,國泰-新莊,2024-12-10,8886
9105,泰金寶-DR,51,34,17,國泰-新莊,2024-12-10,8886
2603,長榮,24,9,15,國泰-新莊,2024-12-10,8886
5202,力新,56,41,15,國泰-新莊,2024-12-10,8886
1718,中纖,15,0,15,國泰-新莊,2024-12-10,8886
4991,環宇-KY,34,19,15,國泰-新莊,2024-12-10,8886
3293,鈊象,15,1,14,國泰-新莊,2024-12-10,8886
2363,矽統,122,108,14,國泰-新莊,2024-12-10,8886
2330,台積電,22,8,14,國泰-新莊,2024-12-10,8886
2303,聯電,14,1,13,國泰-新莊,2024-12-10,8886
00909,國泰數位支付服務,33,20,13,國泰-新莊,2024-12-10,8886
3078,僑威,21,8,13,國泰-新莊,2024-12-10,8886
6442,光聖,34,21,13,國泰-新莊,2024-12-10,8886
2812,台中銀,13,0,13,國泰-新莊,2024-12-10,8886
6535,順藥,19,7,12,國泰-新莊,2024-12-10,8886
6996,力領科技,12,0,12,國泰-新莊,2024-12-10,8886
2851,中再保,12,0,12,國泰-新莊,2024-12-10,8886
2027,大成鋼,12,0,12,國泰-新莊,2024-12-10,8886
3035,智原,21,9,12,國泰-新莊,2024-12-10,8886
4540,全球傳動,12,0,12,國泰-新莊,2024-12-10,8886
2883,凱基金,20,9,11,國泰-新莊,2024-12-10,8886
00679B,元大美債20年,37,25,12,國泰-新莊,2024-12-10,8886
00919,群益台灣精選高息,763,89,674,國泰-新莊,2024-12-11,8886
0056,元大高股息,441,92,349,國泰-新莊,2024-12-11,8886
00937B,群益ESG投等債20,363,32,331,國泰-新莊,2024-12-11,8886
00878,國泰永續高股息,329,60,269,國泰-新莊,2024-12-11,8886
2408,南亞科,269,50,219,國泰-新莊,2024-12-11,8886
3062,建漢,152,6,146,國泰-新莊,2024-12-11,8886
2303,聯電,131,3,128,國泰-新莊,2024-12-11,8886
00918,大華優利高填息30,122,4,118,國泰-新莊,2024-12-11,8886
00795B,中信美國公債20年,117,0,117,國泰-新莊,2024-12-11,8886
1301,台塑,120,3,117,國泰-新莊,2024-12-11,8886
2317,鴻海,141,57,84,國泰-新莊,2024-12-11,8886
2601,益航,60,0,60,國泰-新莊,2024-12-11,8886
2002,中鋼,60,0,60,國泰-新莊,2024-12-11,8886
00915,凱基優選高股息30,146,95,51,國泰-新莊,2024-12-11,8886
00940,元大台灣價值高息,102,54,48,國泰-新莊,2024-12-11,8886
2855,統一證,44,2,42,國泰-新莊,2024-12-11,8886
3231,緯創,36,3,33,國泰-新莊,2024-12-11,8886
00637L,元大滬深300正2,89,60,29,國泰-新莊,2024-12-11,8886
2634,漢翔,40,12,28,國泰-新莊,2024-12-11,8886
6770,力積電,97,70,27,國泰-新莊,2024-12-11,8886
2884,玉山金,25,1,24,國泰-新莊,2024-12-11,8886
4303,信立,26,1,25,國泰-新莊,2024-12-11,8886
6438,迅得,26,2,24,國泰-新莊,2024-12-11,8886
00887,永豐中國科技50大,24,0,24,國泰-新莊,2024-12-11,8886
3593,力銘,25,1,24,國泰-新莊,2024-12-11,8886
6558,興能高,59,36,23,國泰-新莊,2024-12-11,8886
1605,華新,26,4,22,國泰-新莊,2024-12-11,8886
00673R,期元大S＆P原油反1,22,0,22,國泰-新莊,2024-12-11,8886
00713,元大台灣高息低波,22,1,21,國泰-新莊,2024-12-11,8886
2886,兆豐金,23,3,20,國泰-新莊,2024-12-11,8886
00882,中信中國高股息,24,4,20,國泰-新莊,2024-12-11,8886
8112,至上,20,0,20,國泰-新莊,2024-12-11,8886
00967B,元大優息美債,20,0,20,國泰-新莊,2024-12-11,8886
2429,銘旺科,22,2,20,國泰-新莊,2024-12-11,8886
4958,臻鼎-KY,20,0,20,國泰-新莊,2024-12-11,8886
3044,健鼎,21,1,20,國泰-新莊,2024-12-11,8886
8101,華冠,21,1,20,國泰-新莊,2024-12-11,8886
006208,富邦台50,23,3,20,國泰-新莊,2024-12-11,8886
00830,國泰費城半導體,19,0,19,國泰-新莊,2024-12-11,8886
2609,陽明,92,73,19,國泰-新莊,2024-12-11,8886
00757,統一FANG+,24,6,18,國泰-新莊,2024-12-11,8886
2382,廣達,26,9,17,國泰-新莊,2024-12-11,8886
2371,大同,22,5,17,國泰-新莊,2024-12-11,8886
00930,永豐ESG低碳高息,16,0,16,國泰-新莊,2024-12-11,8886
6573,虹揚-KY,16,0,16,國泰-新莊,2024-12-11,8886
00933B,國泰10Y+金融債,16,0,16,國泰-新莊,2024-12-11,8886
8110,華東,15,0,15,國泰-新莊,2024-12-11,8886
00945B,凱基美國非投等債,15,0,15,國泰-新莊,2024-12-11,8886
1326,台化,16,2,14,國泰-新莊,2024-12-11,8886
3704,合勤控,14,0,14,國泰-新莊,2024-12-11,8886
00918,大華優利高填息30,233,8,225,國泰-新莊,2024-12-12,8886
00915,凱基優選高股息30,198,11,187,國泰-新莊,2024-12-12,8886
00673R,期元大S＆P原油反1,133,0,133,國泰-新莊,2024-12-12,8886
00687B,國泰20年美債,279,161,118,國泰-新莊,2024-12-12,8886
00937B,群益ESG投等債20,133,18,115,國泰-新莊,2024-12-12,8886
2344,華邦電,134,26,108,國泰-新莊,2024-12-12,8886
00795B,中信美國公債20年,101,0,101,國泰-新莊,2024-12-12,8886
2303,聯電,107,27,80,國泰-新莊,2024-12-12,8886
00680L,元大美債20正2,77,0,77,國泰-新莊,2024-12-12,8886
00679B,元大美債20年,77,5,72,國泰-新莊,2024-12-12,8886
3029,零壹,203,132,71,國泰-新莊,2024-12-12,8886
2312,金寶,133,66,67,國泰-新莊,2024-12-12,8886
3032,偉訓,86,33,53,國泰-新莊,2024-12-12,8886
00919,群益台灣精選高息,116,70,46,國泰-新莊,2024-12-12,8886
00933B,國泰10Y+金融債,47,2,45,國泰-新莊,2024-12-12,8886
2609,陽明,81,41,40,國泰-新莊,2024-12-12,8886
00688L,國泰20年美債正2,70,31,39,國泰-新莊,2024-12-12,8886
2002,中鋼,36,2,34,國泰-新莊,2024-12-12,8886
1815,富喬,172,138,34,國泰-新莊,2024-12-12,8886
2371,大同,39,5,34,國泰-新莊,2024-12-12,8886
00953B,群益優選非投等債,35,5,30,國泰-新莊,2024-12-12,8886
2337,旺宏,37,7,30,國泰-新莊,2024-12-12,8886
2317,鴻海,74,48,26,國泰-新莊,2024-12-12,8886
00712,復華富時不動產,30,4,26,國泰-新莊,2024-12-12,8886
6005,群益證,25,0,25,國泰-新莊,2024-12-12,8886
00926,凱基全球菁英55,24,0,24,國泰-新莊,2024-12-12,8886
2471,資通,88,64,24,國泰-新莊,2024-12-12,8886
1203,味王,20,0,20,國泰-新莊,2024-12-12,8886
3706,神達,543,523,20,國泰-新莊,2024-12-12,8886
8421,旭源,20,1,19,國泰-新莊,2024-12-12,8886
2618,長榮航,51,33,18,國泰-新莊,2024-12-12,8886
6770,力積電,22,4,18,國泰-新莊,2024-12-12,8886
2468,華經,76,59,17,國泰-新莊,2024-12-12,8886
00948B,中信優息投資級債,17,0,17,國泰-新莊,2024-12-12,8886
1524,耿鼎,51,34,17,國泰-新莊,2024-12-12,8886
4977,眾達-KY,59,43,16,國泰-新莊,2024-12-12,8886
00713,元大台灣高息低波,20,4,16,國泰-新莊,2024-12-12,8886
1304,台聚,16,0,16,國泰-新莊,2024-12-12,8886
2449,京元電子,36,21,15,國泰-新莊,2024-12-12,8886
6877,鏵友益,30,16,14,國泰-新莊,2024-12-12,8886
8210,勤誠,17,4,13,國泰-新莊,2024-12-12,8886
1802,台玻,15,2,13,國泰-新莊,2024-12-12,8886
00665L,富邦�琤肭磪囓�2,74,61,13,國泰-新莊,2024-12-12,8886
6442,光聖,29,16,13,國泰-新莊,2024-12-12,8886
00857B,永豐20年美公債,12,0,12,國泰-新莊,2024-12-12,8886
1303,南亞,35,23,12,國泰-新莊,2024-12-12,8886
3376,新日興,16,4,12,國泰-新莊,2024-12-12,8886
3041,揚智,99,87,12,國泰-新莊,2024-12-12,8886
4128,中天,12,1,11,國泰-新莊,2024-12-12,8886
3234,光環,15,4,11,國泰-新莊,2024-12-12,8886
0056,元大高股息,360,25,335,國泰-新莊,2024-12-13,8886
00918,大華優利高填息30,293,10,283,國泰-新莊,2024-12-13,8886
2303,聯電,304,81,223,國泰-新莊,2024-12-13,8886
00687B,國泰20年美債,237,15,222,國泰-新莊,2024-12-13,8886
2867,三商壽,202,4,198,國泰-新莊,2024-12-13,8886
00948B,中信優息投資級債,150,1,149,國泰-新莊,2024-12-13,8886
00637L,元大滬深300正2,353,204,149,國泰-新莊,2024-12-13,8886
00919,群益台灣精選高息,376,234,142,國泰-新莊,2024-12-13,8886
00679B,元大美債20年,143,6,137,國泰-新莊,2024-12-13,8886
1314,中石化,108,1,107,國泰-新莊,2024-12-13,8886
00887,永豐中國科技50大,131,26,105,國泰-新莊,2024-12-13,8886
2408,南亞科,105,17,88,國泰-新莊,2024-12-13,8886
00915,凱基優選高股息30,82,4,78,國泰-新莊,2024-12-13,8886
00680L,元大美債20正2,81,4,77,國泰-新莊,2024-12-13,8886
2317,鴻海,129,54,75,國泰-新莊,2024-12-13,8886
00937B,群益ESG投等債20,100,33,67,國泰-新莊,2024-12-13,8886
00882,中信中國高股息,60,0,60,國泰-新莊,2024-12-13,8886
6153,嘉聯益,59,0,59,國泰-新莊,2024-12-13,8886
00753L,中信中國50正2,49,0,49,國泰-新莊,2024-12-13,8886
1785,光洋科,89,45,44,國泰-新莊,2024-12-13,8886
00933B,國泰10Y+金融債,44,1,43,國泰-新莊,2024-12-13,8886
4303,信立,41,1,40,國泰-新莊,2024-12-13,8886
00946,群益科技高息成長,68,30,38,國泰-新莊,2024-12-13,8886
3037,欣興,40,4,36,國泰-新莊,2024-12-13,8886
3049,精金,35,0,35,國泰-新莊,2024-12-13,8886
00907,永豐優息存股,36,1,35,國泰-新莊,2024-12-13,8886
2002,中鋼,35,1,34,國泰-新莊,2024-12-13,8886
00688L,國泰20年美債正2,75,42,33,國泰-新莊,2024-12-13,8886
00878,國泰永續高股息,132,99,33,國泰-新莊,2024-12-13,8886
00932,兆豐永續高息等權,32,0,32,國泰-新莊,2024-12-13,8886
2312,金寶,58,27,31,國泰-新莊,2024-12-13,8886
6505,台塑化,31,0,31,國泰-新莊,2024-12-13,8886
00795B,中信美國公債20年,29,3,26,國泰-新莊,2024-12-13,8886
3062,建漢,24,0,24,國泰-新莊,2024-12-13,8886
2201,裕隆,23,0,23,國泰-新莊,2024-12-13,8886
2486,一詮,60,37,23,國泰-新莊,2024-12-13,8886
4526,東台,23,0,23,國泰-新莊,2024-12-13,8886
2313,華通,85,63,22,國泰-新莊,2024-12-13,8886
00720B,元大投資級公司債,25,3,22,國泰-新莊,2024-12-13,8886
4540,全球傳動,204,183,21,國泰-新莊,2024-12-13,8886
5009,榮剛,24,4,20,國泰-新莊,2024-12-13,8886
2442,新美齊,20,0,20,國泰-新莊,2024-12-13,8886
2886,兆豐金,27,8,19,國泰-新莊,2024-12-13,8886
3710,連展投控,20,1,19,國泰-新莊,2024-12-13,8886
2382,廣達,23,5,18,國泰-新莊,2024-12-13,8886
3032,偉訓,35,17,18,國泰-新莊,2024-12-13,8886
2354,鴻準,67,49,18,國泰-新莊,2024-12-13,8886
3231,緯創,29,12,17,國泰-新莊,2024-12-13,8886
6449,鈺邦,18,1,17,國泰-新莊,2024-12-13,8886
00713,元大台灣高息低波,31,15,16,國泰-新莊,2024-12-13,8886
00937B,群益ESG投等債20,486,28,458,國泰-新莊,2024-12-16,8886
00918,大華優利高填息30,430,44,386,國泰-新莊,2024-12-16,8886
00919,群益台灣精選高息,358,131,227,國泰-新莊,2024-12-16,8886
00687B,國泰20年美債,226,10,216,國泰-新莊,2024-12-16,8886
00948B,中信優息投資級債,230,25,205,國泰-新莊,2024-12-16,8886
00679B,元大美債20年,187,5,182,國泰-新莊,2024-12-16,8886
0056,元大高股息,220,57,163,國泰-新莊,2024-12-16,8886
00637L,元大滬深300正2,256,97,159,國泰-新莊,2024-12-16,8886
00878,國泰永續高股息,184,52,132,國泰-新莊,2024-12-16,8886
4931,新盛力,241,128,113,國泰-新莊,2024-12-16,8886
2332,友訊,110,9,101,國泰-新莊,2024-12-16,8886
2317,鴻海,133,59,74,國泰-新莊,2024-12-16,8886
2344,華邦電,81,10,71,國泰-新莊,2024-12-16,8886
00933B,國泰10Y+金融債,55,1,54,國泰-新莊,2024-12-16,8886
00688L,國泰20年美債正2,53,0,53,國泰-新莊,2024-12-16,8886
00795B,中信美國公債20年,52,0,52,國泰-新莊,2024-12-16,8886
2002,中鋼,52,2,50,國泰-新莊,2024-12-16,8886
2609,陽明,86,39,47,國泰-新莊,2024-12-16,8886
2486,一詮,58,12,46,國泰-新莊,2024-12-16,8886
00953B,群益優選非投等債,43,0,43,國泰-新莊,2024-12-16,8886
6120,達運,30,0,30,國泰-新莊,2024-12-16,8886
2201,裕隆,34,4,30,國泰-新莊,2024-12-16,8886
2382,廣達,38,9,29,國泰-新莊,2024-12-16,8886
2376,技嘉,46,18,28,國泰-新莊,2024-12-16,8886
2881,富邦金,35,8,27,國泰-新莊,2024-12-16,8886
3032,偉訓,35,8,27,國泰-新莊,2024-12-16,8886
00900,富邦特選高股息30,27,1,26,國泰-新莊,2024-12-16,8886
00673R,期元大S＆P原油反1,26,0,26,國泰-新莊,2024-12-16,8886
5481,新華,36,11,25,國泰-新莊,2024-12-16,8886
3450,聯鈞,125,101,24,國泰-新莊,2024-12-16,8886
00712,復華富時不動產,47,23,24,國泰-新莊,2024-12-16,8886
5315,光聯,28,5,23,國泰-新莊,2024-12-16,8886
00959B,大華投等美債15Y+,22,0,22,國泰-新莊,2024-12-16,8886
2887,台新金,21,0,21,國泰-新莊,2024-12-16,8886
8047,星雲,50,29,21,國泰-新莊,2024-12-16,8886
1785,光洋科,80,59,21,國泰-新莊,2024-12-16,8886
2347,聯強,20,0,20,國泰-新莊,2024-12-16,8886
00713,元大台灣高息低波,20,0,20,國泰-新莊,2024-12-16,8886
1326,台化,26,6,20,國泰-新莊,2024-12-16,8886
1301,台塑,24,5,19,國泰-新莊,2024-12-16,8886
1314,中石化,18,0,18,國泰-新莊,2024-12-16,8886
020020,元大台股領航N,18,0,18,國泰-新莊,2024-12-16,8886
2488,漢平,17,0,17,國泰-新莊,2024-12-16,8886
4123,晟德,16,0,16,國泰-新莊,2024-12-16,8886
2449,京元電子,43,28,15,國泰-新莊,2024-12-16,8886
9105,泰金寶-DR,61,45,16,國泰-新莊,2024-12-16,8886
3037,欣興,25,11,14,國泰-新莊,2024-12-16,8886
1336,台翰,14,0,14,國泰-新莊,2024-12-16,8886
2801,彰銀,16,2,14,國泰-新莊,2024-12-16,8886
3516,亞帝歐,14,0,14,國泰-新莊,2024-12-16,8886
00937B,群益ESG投等債20,1134,3,1131,國泰-新莊,2024-12-17,8886
00918,大華優利高填息30,436,20,416,國泰-新莊,2024-12-17,8886
00915,凱基優選高股息30,257,23,234,國泰-新莊,2024-12-17,8886
00687B,國泰20年美債,227,0,227,國泰-新莊,2024-12-17,8886
0056,元大高股息,153,4,149,國泰-新莊,2024-12-17,8886
00948B,中信優息投資級債,140,2,138,國泰-新莊,2024-12-17,8886
1326,台化,135,1,134,國泰-新莊,2024-12-17,8886
00713,元大台灣高息低波,148,21,127,國泰-新莊,2024-12-17,8886
00712,復華富時不動產,125,5,120,國泰-新莊,2024-12-17,8886
2809,京城銀,75,0,75,國泰-新莊,2024-12-17,8886
2374,佳能,242,175,67,國泰-新莊,2024-12-17,8886
00632R,元大台灣50反1,63,1,62,國泰-新莊,2024-12-17,8886
2890,永豐金,62,1,61,國泰-新莊,2024-12-17,8886
2317,鴻海,91,35,56,國泰-新莊,2024-12-17,8886
00688L,國泰20年美債正2,48,1,47,國泰-新莊,2024-12-17,8886
2834,臺企銀,45,0,45,國泰-新莊,2024-12-17,8886
00881,國泰台灣5G+,53,11,42,國泰-新莊,2024-12-17,8886
6005,群益證,92,52,40,國泰-新莊,2024-12-17,8886
5009,榮剛,40,0,40,國泰-新莊,2024-12-17,8886
00959B,大華投等美債15Y+,35,0,35,國泰-新莊,2024-12-17,8886
3631,晟楠,34,0,34,國泰-新莊,2024-12-17,8886
4979,華星光,42,9,33,國泰-新莊,2024-12-17,8886
2417,圓剛,37,5,32,國泰-新莊,2024-12-17,8886
00924,復華S＆P500成長,33,1,32,國泰-新莊,2024-12-17,8886
3706,神達,165,134,31,國泰-新莊,2024-12-17,8886
00967B,元大優息美債,30,0,30,國泰-新莊,2024-12-17,8886
00933B,國泰10Y+金融債,30,1,29,國泰-新莊,2024-12-17,8886
9136,巨騰-DR,28,0,28,國泰-新莊,2024-12-17,8886
1101,台泥,28,0,28,國泰-新莊,2024-12-17,8886
2230,泰茂,28,0,28,國泰-新莊,2024-12-17,8886
8111,立��,146,120,26,國泰-新莊,2024-12-17,8886
2527,宏璟,25,0,25,國泰-新莊,2024-12-17,8886
9945,潤泰新,24,1,23,國泰-新莊,2024-12-17,8886
2845,遠東銀,24,1,23,國泰-新莊,2024-12-17,8886
2884,玉山金,24,2,22,國泰-新莊,2024-12-17,8886
3481,群創,125,104,21,國泰-新莊,2024-12-17,8886
2801,彰銀,22,1,21,國泰-新莊,2024-12-17,8886
6505,台塑化,20,0,20,國泰-新莊,2024-12-17,8886
1216,統一,21,1,20,國泰-新莊,2024-12-17,8886
2392,正崴,42,22,20,國泰-新莊,2024-12-17,8886
2442,新美齊,20,0,20,國泰-新莊,2024-12-17,8886
2063,世鎧,20,0,20,國泰-新莊,2024-12-17,8886
2002,中鋼,19,0,19,國泰-新莊,2024-12-17,8886
2881,富邦金,20,1,19,國泰-新莊,2024-12-17,8886
2303,聯電,74,55,19,國泰-新莊,2024-12-17,8886
2464,盟立,45,27,18,國泰-新莊,2024-12-17,8886
2382,廣達,21,5,16,國泰-新莊,2024-12-17,8886
8032,光菱,76,60,16,國泰-新莊,2024-12-17,8886
00857B,永豐20年美公債,16,0,16,國泰-新莊,2024-12-17,8886
2363,矽統,31,15,16,國泰-新莊,2024-12-17,8886
00918,大華優利高填息30,317,15,302,國泰-新莊,2024-12-18,8886
5309,系統電,336,198,138,國泰-新莊,2024-12-18,8886
00679B,元大美債20年,121,11,110,國泰-新莊,2024-12-18,8886
00712,復華富時不動產,115,6,109,國泰-新莊,2024-12-18,8886
9105,泰金寶-DR,516,420,96,國泰-新莊,2024-12-18,8886
00922,國泰台灣領袖50,77,1,76,國泰-新莊,2024-12-18,8886
2855,統一證,75,0,75,國泰-新莊,2024-12-18,8886
00713,元大台灣高息低波,84,20,64,國泰-新莊,2024-12-18,8886
00795B,中信美國公債20年,57,0,57,國泰-新莊,2024-12-18,8886
2344,華邦電,142,90,52,國泰-新莊,2024-12-18,8886
2501,國建,56,5,51,國泰-新莊,2024-12-18,8886
00687B,國泰20年美債,50,0,50,國泰-新莊,2024-12-18,8886
6215,和椿,73,28,45,國泰-新莊,2024-12-18,8886
1314,中石化,45,3,42,國泰-新莊,2024-12-18,8886
00915,凱基優選高股息30,53,15,38,國泰-新莊,2024-12-18,8886
00751B,元大AAA至A公司債,33,0,33,國泰-新莊,2024-12-18,8886
00959B,大華投等美債15Y+,28,0,28,國泰-新莊,2024-12-18,8886
4540,全球傳動,224,198,26,國泰-新莊,2024-12-18,8886
2363,矽統,56,33,23,國泰-新莊,2024-12-18,8886
2486,一詮,63,40,23,國泰-新莊,2024-12-18,8886
2637,慧洋-KY,22,0,22,國泰-新莊,2024-12-18,8886
2317,鴻海,60,39,21,國泰-新莊,2024-12-18,8886
8249,菱光,120,100,20,國泰-新莊,2024-12-18,8886
5484,慧友,24,4,20,國泰-新莊,2024-12-18,8886
3231,緯創,25,6,19,國泰-新莊,2024-12-18,8886
00924,復華S＆P500成長,20,1,19,國泰-新莊,2024-12-18,8886
3706,神達,158,140,18,國泰-新莊,2024-12-18,8886
00715L,期街口布蘭特正2,18,0,18,國泰-新莊,2024-12-18,8886
2845,遠東銀,18,0,18,國泰-新莊,2024-12-18,8886
2883,凱基金,32,14,18,國泰-新莊,2024-12-18,8886
0056,元大高股息,35,18,17,國泰-新莊,2024-12-18,8886
006208,富邦台50,32,14,18,國泰-新莊,2024-12-18,8886
6188,廣明,23,7,16,國泰-新莊,2024-12-18,8886
6209,今國光,15,0,15,國泰-新莊,2024-12-18,8886
5706,鳳凰,23,8,15,國泰-新莊,2024-12-18,8886
5328,華容,29,15,14,國泰-新莊,2024-12-18,8886
3631,晟楠,14,0,14,國泰-新莊,2024-12-18,8886
8059,凱碩,14,0,14,國泰-新莊,2024-12-18,8886
2880,華南金,15,1,14,國泰-新莊,2024-12-18,8886
8349,�矬�,13,0,13,國泰-新莊,2024-12-18,8886
00926,凱基全球菁英55,13,1,12,國泰-新莊,2024-12-18,8886
00933B,國泰10Y+金融債,15,3,12,國泰-新莊,2024-12-18,8886
4303,信立,30,18,12,國泰-新莊,2024-12-18,8886
9945,潤泰新,14,3,11,國泰-新莊,2024-12-18,8886
3694,海華,12,1,11,國泰-新莊,2024-12-18,8886
2881,富邦金,11,0,11,國泰-新莊,2024-12-18,8886
00757,統一FANG+,12,1,11,國泰-新莊,2024-12-18,8886
2002,中鋼,20,9,11,國泰-新莊,2024-12-18,8886
1718,中纖,10,0,10,國泰-新莊,2024-12-18,8886
1229,聯華,12,2,10,國泰-新莊,2024-12-18,8886
00937B,群益ESG投等債20,580,18,562,國泰-新莊,2024-12-19,8886
00918,大華優利高填息30,616,119,497,國泰-新莊,2024-12-19,8886
00687B,國泰20年美債,257,1,256,國泰-新莊,2024-12-19,8886
00712,復華富時不動產,254,14,240,國泰-新莊,2024-12-19,8886
2891,中信金,231,11,220,國泰-新莊,2024-12-19,8886
2883,凱基金,226,8,218,國泰-新莊,2024-12-19,8886
00878,國泰永續高股息,277,60,217,國泰-新莊,2024-12-19,8886
00795B,中信美國公債20年,159,13,146,國泰-新莊,2024-12-19,8886
00948B,中信優息投資級債,145,0,145,國泰-新莊,2024-12-19,8886
00895,富邦未來車,97,0,97,國泰-新莊,2024-12-19,8886
00679B,元大美債20年,112,17,95,國泰-新莊,2024-12-19,8886
2890,永豐金,75,0,75,國泰-新莊,2024-12-19,8886
00713,元大台灣高息低波,79,4,75,國泰-新莊,2024-12-19,8886
2303,聯電,91,18,73,國泰-新莊,2024-12-19,8886
6005,群益證,92,19,73,國泰-新莊,2024-12-19,8886
2317,鴻海,95,25,70,國泰-新莊,2024-12-19,8886
00915,凱基優選高股息30,61,0,61,國泰-新莊,2024-12-19,8886
00688L,國泰20年美債正2,190,129,61,國泰-新莊,2024-12-19,8886
020020,元大台股領航N,60,0,60,國泰-新莊,2024-12-19,8886
00958B,永豐ESG銀行債15,59,0,59,國泰-新莊,2024-12-19,8886
2845,遠東銀,58,0,58,國泰-新莊,2024-12-19,8886
00933B,國泰10Y+金融債,58,0,58,國泰-新莊,2024-12-19,8886
1314,中石化,69,12,57,國泰-新莊,2024-12-19,8886
2855,統一證,56,1,55,國泰-新莊,2024-12-19,8886
5880,合庫金,53,1,52,國泰-新莊,2024-12-19,8886
00662,富邦NASDAQ,62,10,52,國泰-新莊,2024-12-19,8886
00922,國泰台灣領袖50,51,0,51,國泰-新莊,2024-12-19,8886
00924,復華S＆P500成長,48,1,47,國泰-新莊,2024-12-19,8886
006208,富邦台50,45,4,41,國泰-新莊,2024-12-19,8886
2002,中鋼,41,4,37,國泰-新莊,2024-12-19,8886
00959B,大華投等美債15Y+,37,0,37,國泰-新莊,2024-12-19,8886
4979,華星光,65,28,37,國泰-新莊,2024-12-19,8886
00676R,富邦臺灣加權反1,47,18,29,國泰-新莊,2024-12-19,8886
2884,玉山金,27,1,26,國泰-新莊,2024-12-19,8886
6603,富強鑫,26,0,26,國泰-新莊,2024-12-19,8886
0050,元大台灣50,27,1,26,國泰-新莊,2024-12-19,8886
2371,大同,30,5,25,國泰-新莊,2024-12-19,8886
00830,國泰費城半導體,32,7,25,國泰-新莊,2024-12-19,8886
00725B,國泰投資級公司債,31,6,25,國泰-新莊,2024-12-19,8886
4931,新盛力,249,224,25,國泰-新莊,2024-12-19,8886
2609,陽明,53,30,23,國泰-新莊,2024-12-19,8886
00720B,元大投資級公司債,23,0,23,國泰-新莊,2024-12-19,8886
00909,國泰數位支付服務,26,3,23,國泰-新莊,2024-12-19,8886
2610,華航,24,2,22,國泰-新莊,2024-12-19,8886
00951,台新日本半導體,22,0,22,國泰-新莊,2024-12-19,8886
00706L,期元大S＆P日圓正2,21,0,21,國泰-新莊,2024-12-19,8886
1326,台化,44,24,20,國泰-新莊,2024-12-19,8886
00926,凱基全球菁英55,21,1,20,國泰-新莊,2024-12-19,8886
2409,友達,80,60,20,國泰-新莊,2024-12-19,8886
2382,廣達,37,18,19,國泰-新莊,2024-12-19,8886
