Ticker,Name,buy,sell,diff,Branch,Date,Branch_Code
00878,國泰永續高股息,1846,490,1356,國泰-敦南,2023-01-03,8888
00632R,元大台灣50反1,2552,1639,913,國泰-敦南,2023-01-03,8888
2317,鴻海,701,231,470,國泰-敦南,2023-01-03,8888
00637L,元大滬深300正2,527,102,425,國泰-敦南,2023-01-03,8888
1605,華新,1357,1023,334,國泰-敦南,2023-01-03,8888
00673R,期元大S＆P原油反1,301,42,259,國泰-敦南,2023-01-03,8888
2867,三商壽,295,50,245,國泰-敦南,2023-01-03,8888
00679B,元大美債20年,240,35,205,國泰-敦南,2023-01-03,8888
2609,陽明,528,350,178,國泰-敦南,2023-01-03,8888
2884,玉山金,179,47,132,國泰-敦南,2023-01-03,8888
00772B,中信高評級公司債,166,38,128,國泰-敦南,2023-01-03,8888
2615,萬海,498,374,124,國泰-敦南,2023-01-03,8888
00712,復華富時不動產,305,183,122,國泰-敦南,2023-01-03,8888
00664R,國泰臺灣加權反1,117,8,109,國泰-敦南,2023-01-03,8888
2603,長榮,318,217,101,國泰-敦南,2023-01-03,8888
2890,永豐金,120,19,101,國泰-敦南,2023-01-03,8888
00720B,元大投資級公司債,132,31,101,國泰-敦南,2023-01-03,8888
00751B,元大AAA至A公司債,126,26,100,國泰-敦南,2023-01-03,8888
2886,兆豐金,133,45,88,國泰-敦南,2023-01-03,8888
1802,台玻,137,54,83,國泰-敦南,2023-01-03,8888
0056,元大高股息,306,223,83,國泰-敦南,2023-01-03,8888
2634,漢翔,243,160,83,國泰-敦南,2023-01-03,8888
00893,國泰智能電動車,172,90,82,國泰-敦南,2023-01-03,8888
00773B,中信優先金融債,76,1,75,國泰-敦南,2023-01-03,8888
9904,寶成,83,10,73,國泰-敦南,2023-01-03,8888
00692,富邦公司治理,93,21,72,國泰-敦南,2023-01-03,8888
3479,安勤,301,233,68,國泰-敦南,2023-01-03,8888
0050,元大台灣50,152,90,62,國泰-敦南,2023-01-03,8888
1609,大亞,275,214,61,國泰-敦南,2023-01-03,8888
6133,金橋,75,20,55,國泰-敦南,2023-01-03,8888
9919,康那香,67,14,53,國泰-敦南,2023-01-03,8888
2614,東森,90,39,51,國泰-敦南,2023-01-03,8888
4167,松瑞藥,644,593,51,國泰-敦南,2023-01-03,8888
00654R,富邦印度反1,50,0,50,國泰-敦南,2023-01-03,8888
5009,榮剛,108,59,49,國泰-敦南,2023-01-03,8888
2449,京元電子,52,5,47,國泰-敦南,2023-01-03,8888
2606,裕民,101,55,46,國泰-敦南,2023-01-03,8888
00725B,國泰投資級公司債,47,0,47,國泰-敦南,2023-01-03,8888
00916,國泰全球品牌50,53,8,45,國泰-敦南,2023-01-03,8888
00675L,富邦臺灣加權正2,95,50,45,國泰-敦南,2023-01-03,8888
2889,國票金,97,53,44,國泰-敦南,2023-01-03,8888
006208,富邦台50,96,53,43,國泰-敦南,2023-01-03,8888
1342,八貫,284,242,42,國泰-敦南,2023-01-03,8888
2897,王道銀行,46,5,41,國泰-敦南,2023-01-03,8888
00902,中信電池及儲能,62,22,40,國泰-敦南,2023-01-03,8888
1752,南光,296,258,38,國泰-敦南,2023-01-03,8888
1101,台泥,83,45,38,國泰-敦南,2023-01-03,8888
6578,達邦蛋白,53,16,37,國泰-敦南,2023-01-03,8888
1506,正道,37,0,37,國泰-敦南,2023-01-03,8888
1760,寶齡富錦,276,240,36,國泰-敦南,2023-01-03,8888
00715L,期街口布蘭特正2,886,81,805,國泰-敦南,2023-01-04,8888
2317,鴻海,580,140,440,國泰-敦南,2023-01-04,8888
2884,玉山金,444,56,388,國泰-敦南,2023-01-04,8888
00632R,元大台灣50反1,533,164,369,國泰-敦南,2023-01-04,8888
00893,國泰智能電動車,395,92,303,國泰-敦南,2023-01-04,8888
2609,陽明,584,325,259,國泰-敦南,2023-01-04,8888
00902,中信電池及儲能,244,20,224,國泰-敦南,2023-01-04,8888
2014,中鴻,410,219,191,國泰-敦南,2023-01-04,8888
3037,欣興,305,134,171,國泰-敦南,2023-01-04,8888
2603,長榮,345,189,156,國泰-敦南,2023-01-04,8888
2498,宏達電,586,438,148,國泰-敦南,2023-01-04,8888
2615,萬海,422,302,120,國泰-敦南,2023-01-04,8888
00680L,元大美債20正2,134,14,120,國泰-敦南,2023-01-04,8888
2002,中鋼,242,134,108,國泰-敦南,2023-01-04,8888
8046,南電,234,131,103,國泰-敦南,2023-01-04,8888
2610,華航,367,267,100,國泰-敦南,2023-01-04,8888
0056,元大高股息,267,173,94,國泰-敦南,2023-01-04,8888
00651R,復華香港反1,88,0,88,國泰-敦南,2023-01-04,8888
00706L,期元大S＆P日圓正2,101,17,84,國泰-敦南,2023-01-04,8888
00679B,元大美債20年,109,32,77,國泰-敦南,2023-01-04,8888
9103,美德醫療-DR,102,25,77,國泰-敦南,2023-01-04,8888
6235,華孚,475,401,74,國泰-敦南,2023-01-04,8888
0050,元大台灣50,117,45,72,國泰-敦南,2023-01-04,8888
00888,永豐台灣ESG,84,12,72,國泰-敦南,2023-01-04,8888
00905,FT臺灣Smart,79,9,70,國泰-敦南,2023-01-04,8888
00900,富邦特選高股息30,98,32,66,國泰-敦南,2023-01-04,8888
00881,國泰台灣5G+,158,93,65,國泰-敦南,2023-01-04,8888
2368,金像電,144,81,63,國泰-敦南,2023-01-04,8888
00895,富邦未來車,68,6,62,國泰-敦南,2023-01-04,8888
00830,國泰費城半導體,86,27,59,國泰-敦南,2023-01-04,8888
00770,國泰北美科技,57,0,57,國泰-敦南,2023-01-04,8888
1609,大亞,416,359,57,國泰-敦南,2023-01-04,8888
4979,華星光,138,82,56,國泰-敦南,2023-01-04,8888
00725B,國泰投資級公司債,58,2,56,國泰-敦南,2023-01-04,8888
00773B,中信優先金融債,61,7,54,國泰-敦南,2023-01-04,8888
2867,三商壽,61,9,52,國泰-敦南,2023-01-04,8888
1760,寶齡富錦,212,164,48,國泰-敦南,2023-01-04,8888
2465,麗臺,474,430,44,國泰-敦南,2023-01-04,8888
3189,景碩,87,43,44,國泰-敦南,2023-01-04,8888
2886,兆豐金,79,37,42,國泰-敦南,2023-01-04,8888
1522,堤維西,59,17,42,國泰-敦南,2023-01-04,8888
8933,愛地雅,75,34,41,國泰-敦南,2023-01-04,8888
1736,喬山,61,21,40,國泰-敦南,2023-01-04,8888
8171,天宇,383,344,39,國泰-敦南,2023-01-04,8888
1447,力鵬,39,1,38,國泰-敦南,2023-01-04,8888
3454,晶睿,166,128,38,國泰-敦南,2023-01-04,8888
2449,京元電子,41,3,38,國泰-敦南,2023-01-04,8888
00642U,期元大S＆P石油,48,10,38,國泰-敦南,2023-01-04,8888
2313,華通,56,18,38,國泰-敦南,2023-01-04,8888
4743,合一,129,92,37,國泰-敦南,2023-01-04,8888
00715L,期街口布蘭特正2,682,148,534,國泰-敦南,2023-01-05,8888
2834,臺企銀,588,146,442,國泰-敦南,2023-01-05,8888
2317,鴻海,430,117,313,國泰-敦南,2023-01-05,8888
6443,元晶,290,108,182,國泰-敦南,2023-01-05,8888
00773B,中信優先金融債,184,2,182,國泰-敦南,2023-01-05,8888
2610,華航,660,489,171,國泰-敦南,2023-01-05,8888
3704,合勤控,442,284,158,國泰-敦南,2023-01-05,8888
00665L,富邦�琤肭磪囓�2,540,389,151,國泰-敦南,2023-01-05,8888
8069,元太,457,312,145,國泰-敦南,2023-01-05,8888
00772B,中信高評級公司債,131,2,129,國泰-敦南,2023-01-05,8888
00706L,期元大S＆P日圓正2,144,15,129,國泰-敦南,2023-01-05,8888
00680L,元大美債20正2,182,56,126,國泰-敦南,2023-01-05,8888
00720B,元大投資級公司債,118,7,111,國泰-敦南,2023-01-05,8888
00888,永豐台灣ESG,127,21,106,國泰-敦南,2023-01-05,8888
1513,中興電,711,613,98,國泰-敦南,2023-01-05,8888
00679B,元大美債20年,153,58,95,國泰-敦南,2023-01-05,8888
00881,國泰台灣5G+,150,58,92,國泰-敦南,2023-01-05,8888
3027,盛達,374,288,86,國泰-敦南,2023-01-05,8888
2368,金像電,171,93,78,國泰-敦南,2023-01-05,8888
00713,元大台灣高息低波,95,18,77,國泰-敦南,2023-01-05,8888
1529,樂事綠能,913,838,75,國泰-敦南,2023-01-05,8888
3712,永崴投控,139,63,76,國泰-敦南,2023-01-05,8888
3046,建��,156,83,73,國泰-敦南,2023-01-05,8888
9945,潤泰新,104,34,70,國泰-敦南,2023-01-05,8888
2313,華通,103,40,63,國泰-敦南,2023-01-05,8888
1445,大宇,63,0,63,國泰-敦南,2023-01-05,8888
4162,智擎,285,224,61,國泰-敦南,2023-01-05,8888
00905,FT臺灣Smart,75,15,60,國泰-敦南,2023-01-05,8888
1701,中化,190,131,59,國泰-敦南,2023-01-05,8888
1736,喬山,159,102,57,國泰-敦南,2023-01-05,8888
00712,復華富時不動產,154,98,56,國泰-敦南,2023-01-05,8888
4979,華星光,149,94,55,國泰-敦南,2023-01-05,8888
3576,聯合再生,75,21,54,國泰-敦南,2023-01-05,8888
5905,南仁湖,120,66,54,國泰-敦南,2023-01-05,8888
1519,華城,879,825,54,國泰-敦南,2023-01-05,8888
3047,訊舟,80,26,54,國泰-敦南,2023-01-05,8888
3035,智原,231,177,54,國泰-敦南,2023-01-05,8888
2419,仲琦,462,410,52,國泰-敦南,2023-01-05,8888
8996,高力,365,314,51,國泰-敦南,2023-01-05,8888
0056,元大高股息,245,194,51,國泰-敦南,2023-01-05,8888
1609,大亞,107,59,48,國泰-敦南,2023-01-05,8888
00900,富邦特選高股息30,73,25,48,國泰-敦南,2023-01-05,8888
00642U,期元大S＆P石油,82,36,46,國泰-敦南,2023-01-05,8888
1444,力麗,62,16,46,國泰-敦南,2023-01-05,8888
2344,華邦電,196,151,45,國泰-敦南,2023-01-05,8888
00770,國泰北美科技,48,3,45,國泰-敦南,2023-01-05,8888
3037,欣興,207,164,43,國泰-敦南,2023-01-05,8888
1605,華新,1178,1137,41,國泰-敦南,2023-01-05,8888
2308,台達電,49,8,41,國泰-敦南,2023-01-05,8888
5009,榮剛,172,132,40,國泰-敦南,2023-01-05,8888
00720B,元大投資級公司債,798,22,776,國泰-敦南,2023-01-06,8888
00632R,元大台灣50反1,1353,745,608,國泰-敦南,2023-01-06,8888
2313,華通,394,80,314,國泰-敦南,2023-01-06,8888
00676R,富邦臺灣加權反1,234,1,233,國泰-敦南,2023-01-06,8888
00715L,期街口布蘭特正2,271,115,156,國泰-敦南,2023-01-06,8888
2884,玉山金,152,17,135,國泰-敦南,2023-01-06,8888
00770,國泰北美科技,131,0,131,國泰-敦南,2023-01-06,8888
00679B,元大美債20年,157,43,114,國泰-敦南,2023-01-06,8888
00706L,期元大S＆P日圓正2,117,11,106,國泰-敦南,2023-01-06,8888
1519,華城,590,499,91,國泰-敦南,2023-01-06,8888
00773B,中信優先金融債,102,17,85,國泰-敦南,2023-01-06,8888
1467,南緯,233,157,76,國泰-敦南,2023-01-06,8888
00725B,國泰投資級公司債,76,3,73,國泰-敦南,2023-01-06,8888
1340,勝悅-KY,74,3,71,國泰-敦南,2023-01-06,8888
1810,和成,150,80,70,國泰-敦南,2023-01-06,8888
8033,雷虎,92,24,68,國泰-敦南,2023-01-06,8888
3260,威剛,78,12,66,國泰-敦南,2023-01-06,8888
2317,鴻海,158,94,64,國泰-敦南,2023-01-06,8888
1217,愛之味,65,2,63,國泰-敦南,2023-01-06,8888
2201,裕隆,882,821,61,國泰-敦南,2023-01-06,8888
00633L,富邦上証正2,76,15,61,國泰-敦南,2023-01-06,8888
4114,健喬,1113,1054,59,國泰-敦南,2023-01-06,8888
1101,台泥,122,65,57,國泰-敦南,2023-01-06,8888
4167,松瑞藥,578,521,57,國泰-敦南,2023-01-06,8888
00916,國泰全球品牌50,62,6,56,國泰-敦南,2023-01-06,8888
2609,陽明,227,172,55,國泰-敦南,2023-01-06,8888
2498,宏達電,461,407,54,國泰-敦南,2023-01-06,8888
2601,益航,61,7,54,國泰-敦南,2023-01-06,8888
911868,同方友友-DR,73,20,53,國泰-敦南,2023-01-06,8888
1701,中化,328,276,52,國泰-敦南,2023-01-06,8888
6127,九豪,53,4,49,國泰-敦南,2023-01-06,8888
2615,萬海,298,249,49,國泰-敦南,2023-01-06,8888
9955,佳龍,140,93,47,國泰-敦南,2023-01-06,8888
2480,敦陽科,47,1,46,國泰-敦南,2023-01-06,8888
3219,倚強科,81,39,42,國泰-敦南,2023-01-06,8888
5258,虹堡,99,57,42,國泰-敦南,2023-01-06,8888
2885,元大金,101,60,41,國泰-敦南,2023-01-06,8888
2208,台船,61,20,41,國泰-敦南,2023-01-06,8888
3162,精確,72,32,40,國泰-敦南,2023-01-06,8888
00830,國泰費城半導體,71,32,39,國泰-敦南,2023-01-06,8888
1506,正道,42,4,38,國泰-敦南,2023-01-06,8888
2495,普安,76,39,37,國泰-敦南,2023-01-06,8888
00757,統一FANG+,55,18,37,國泰-敦南,2023-01-06,8888
00888,永豐台灣ESG,45,9,36,國泰-敦南,2023-01-06,8888
3704,合勤控,353,320,33,國泰-敦南,2023-01-06,8888
2023,燁輝,45,13,32,國泰-敦南,2023-01-06,8888
2883B,凱基金乙特,30,0,30,國泰-敦南,2023-01-06,8888
4171,瑞基,68,38,30,國泰-敦南,2023-01-06,8888
00893,國泰智能電動車,81,51,30,國泰-敦南,2023-01-06,8888
6176,瑞儀,31,2,29,國泰-敦南,2023-01-06,8888
00720B,元大投資級公司債,457,35,422,國泰-敦南,2023-01-09,8888
00676R,富邦臺灣加權反1,280,27,253,國泰-敦南,2023-01-09,8888
2317,鴻海,304,141,163,國泰-敦南,2023-01-09,8888
2867,三商壽,293,133,160,國泰-敦南,2023-01-09,8888
00715L,期街口布蘭特正2,264,126,138,國泰-敦南,2023-01-09,8888
00680L,元大美債20正2,138,15,123,國泰-敦南,2023-01-09,8888
8069,元太,658,537,121,國泰-敦南,2023-01-09,8888
00664R,國泰臺灣加權反1,163,44,119,國泰-敦南,2023-01-09,8888
00679B,元大美債20年,201,86,115,國泰-敦南,2023-01-09,8888
2603,長榮,374,270,104,國泰-敦南,2023-01-09,8888
00905,FT臺灣Smart,226,130,96,國泰-敦南,2023-01-09,8888
00669R,國泰美國道瓊反1,223,143,80,國泰-敦南,2023-01-09,8888
3272,東碩,98,21,77,國泰-敦南,2023-01-09,8888
00885,富邦越南,434,357,77,國泰-敦南,2023-01-09,8888
1605,華新,1524,1448,76,國泰-敦南,2023-01-09,8888
00632R,元大台灣50反1,3169,3096,73,國泰-敦南,2023-01-09,8888
2338,光罩,271,201,70,國泰-敦南,2023-01-09,8888
6133,金橋,315,250,65,國泰-敦南,2023-01-09,8888
2618,長榮航,333,270,63,國泰-敦南,2023-01-09,8888
5475,德宏,73,14,59,國泰-敦南,2023-01-09,8888
6109,亞元,121,67,54,國泰-敦南,2023-01-09,8888
6182,合晶,139,86,53,國泰-敦南,2023-01-09,8888
3034,聯詠,109,56,53,國泰-敦南,2023-01-09,8888
6541,泰福-KY,52,0,52,國泰-敦南,2023-01-09,8888
3707,漢磊,116,65,51,國泰-敦南,2023-01-09,8888
00640L,富邦日本正2,51,0,51,國泰-敦南,2023-01-09,8888
2363,矽統,110,59,51,國泰-敦南,2023-01-09,8888
6270,倍微,50,1,49,國泰-敦南,2023-01-09,8888
2609,陽明,610,562,48,國泰-敦南,2023-01-09,8888
00670L,富邦NASDAQ正2,82,34,48,國泰-敦南,2023-01-09,8888
00752,中信中國50,180,133,47,國泰-敦南,2023-01-09,8888
3576,聯合再生,51,7,44,國泰-敦南,2023-01-09,8888
2359,所羅門,240,196,44,國泰-敦南,2023-01-09,8888
00895,富邦未來車,72,28,44,國泰-敦南,2023-01-09,8888
6129,普誠,228,185,43,國泰-敦南,2023-01-09,8888
4961,天鈺,512,472,40,國泰-敦南,2023-01-09,8888
3535,晶彩科,105,68,37,國泰-敦南,2023-01-09,8888
5905,南仁湖,51,15,36,國泰-敦南,2023-01-09,8888
2332,友訊,40,5,35,國泰-敦南,2023-01-09,8888
1701,中化,201,167,34,國泰-敦南,2023-01-09,8888
00725B,國泰投資級公司債,45,10,35,國泰-敦南,2023-01-09,8888
1506,正道,36,3,33,國泰-敦南,2023-01-09,8888
4968,立積,169,136,33,國泰-敦南,2023-01-09,8888
3545,敦泰,87,55,32,國泰-敦南,2023-01-09,8888
2641,正德,41,9,32,國泰-敦南,2023-01-09,8888
3022,威強電,52,20,32,國泰-敦南,2023-01-09,8888
2419,仲琦,137,105,32,國泰-敦南,2023-01-09,8888
3479,安勤,87,56,31,國泰-敦南,2023-01-09,8888
1515,力山,31,1,30,國泰-敦南,2023-01-09,8888
3141,晶宏,206,176,30,國泰-敦南,2023-01-09,8888
1701,中化,362,178,184,國泰-敦南,2023-01-10,8888
00885,富邦越南,537,360,177,國泰-敦南,2023-01-10,8888
1605,華新,1628,1462,166,國泰-敦南,2023-01-10,8888
2027,大成鋼,213,66,147,國泰-敦南,2023-01-10,8888
4114,健喬,357,213,144,國泰-敦南,2023-01-10,8888
2884,玉山金,192,73,119,國泰-敦南,2023-01-10,8888
00664R,國泰臺灣加權反1,105,15,90,國泰-敦南,2023-01-10,8888
00773B,中信優先金融債,96,9,87,國泰-敦南,2023-01-10,8888
00753L,中信中國50正2,233,146,87,國泰-敦南,2023-01-10,8888
00633L,富邦上証正2,106,20,86,國泰-敦南,2023-01-10,8888
2851,中再保,96,10,86,國泰-敦南,2023-01-10,8888
8050,廣積,96,12,84,國泰-敦南,2023-01-10,8888
00665L,富邦�琤肭磪囓�2,291,217,74,國泰-敦南,2023-01-10,8888
1708,東鹼,78,6,72,國泰-敦南,2023-01-10,8888
00715L,期街口布蘭特正2,217,145,72,國泰-敦南,2023-01-10,8888
6443,元晶,363,293,70,國泰-敦南,2023-01-10,8888
1760,寶齡富錦,223,154,69,國泰-敦南,2023-01-10,8888
2312,金寶,87,21,66,國泰-敦南,2023-01-10,8888
2867,三商壽,79,15,64,國泰-敦南,2023-01-10,8888
00642U,期元大S＆P石油,68,6,62,國泰-敦南,2023-01-10,8888
00882,中信中國高股息,180,121,59,國泰-敦南,2023-01-10,8888
4167,松瑞藥,180,122,58,國泰-敦南,2023-01-10,8888
1795,美時,173,116,57,國泰-敦南,2023-01-10,8888
1736,喬山,250,193,57,國泰-敦南,2023-01-10,8888
00725B,國泰投資級公司債,63,8,55,國泰-敦南,2023-01-10,8888
00772B,中信高評級公司債,110,55,55,國泰-敦南,2023-01-10,8888
4931,新盛力,96,41,55,國泰-敦南,2023-01-10,8888
2313,華通,118,64,54,國泰-敦南,2023-01-10,8888
6282,康舒,60,9,51,國泰-敦南,2023-01-10,8888
3454,晶睿,526,476,50,國泰-敦南,2023-01-10,8888
4743,合一,122,73,49,國泰-敦南,2023-01-10,8888
2615,萬海,279,230,49,國泰-敦南,2023-01-10,8888
00686R,群益臺灣加權反1,45,0,45,國泰-敦南,2023-01-10,8888
3707,漢磊,87,43,44,國泰-敦南,2023-01-10,8888
2929,淘帝-KY,80,37,43,國泰-敦南,2023-01-10,8888
00751B,元大AAA至A公司債,66,23,43,國泰-敦南,2023-01-10,8888
00770,國泰北美科技,57,16,41,國泰-敦南,2023-01-10,8888
00650L,復華香港正2,74,33,41,國泰-敦南,2023-01-10,8888
5425,台半,243,202,41,國泰-敦南,2023-01-10,8888
00720B,元大投資級公司債,68,29,39,國泰-敦南,2023-01-10,8888
3356,奇偶,115,76,39,國泰-敦南,2023-01-10,8888
2421,建準,52,14,38,國泰-敦南,2023-01-10,8888
6133,金橋,126,90,36,國泰-敦南,2023-01-10,8888
3027,盛達,171,135,36,國泰-敦南,2023-01-10,8888
2359,所羅門,135,100,35,國泰-敦南,2023-01-10,8888
2609,陽明,342,308,34,國泰-敦南,2023-01-10,8888
1326,台化,56,22,34,國泰-敦南,2023-01-10,8888
6541,泰福-KY,34,0,34,國泰-敦南,2023-01-10,8888
00916,國泰全球品牌50,42,8,34,國泰-敦南,2023-01-10,8888
00900,富邦特選高股息30,116,84,32,國泰-敦南,2023-01-10,8888
2884,玉山金,331,30,301,國泰-敦南,2023-01-11,8888
3704,合勤控,567,320,247,國泰-敦南,2023-01-11,8888
2888,新光金,425,213,212,國泰-敦南,2023-01-11,8888
00664R,國泰臺灣加權反1,201,0,201,國泰-敦南,2023-01-11,8888
2495,普安,175,23,152,國泰-敦南,2023-01-11,8888
4979,華星光,690,552,138,國泰-敦南,2023-01-11,8888
00905,FT臺灣Smart,176,41,135,國泰-敦南,2023-01-11,8888
2324,仁寶,151,17,134,國泰-敦南,2023-01-11,8888
00679B,元大美債20年,202,69,133,國泰-敦南,2023-01-11,8888
1529,樂事綠能,635,505,130,國泰-敦南,2023-01-11,8888
00680L,元大美債20正2,130,11,119,國泰-敦南,2023-01-11,8888
2313,華通,252,149,103,國泰-敦南,2023-01-11,8888
4904,遠傳,99,2,97,國泰-敦南,2023-01-11,8888
5258,虹堡,190,97,93,國泰-敦南,2023-01-11,8888
00713,元大台灣高息低波,99,15,84,國泰-敦南,2023-01-11,8888
8933,愛地雅,166,84,82,國泰-敦南,2023-01-11,8888
2317,鴻海,135,55,80,國泰-敦南,2023-01-11,8888
3027,盛達,262,190,72,國泰-敦南,2023-01-11,8888
2845,遠東銀,84,13,71,國泰-敦南,2023-01-11,8888
8050,廣積,123,54,69,國泰-敦南,2023-01-11,8888
00770,國泰北美科技,74,7,67,國泰-敦南,2023-01-11,8888
2812,台中銀,122,57,65,國泰-敦南,2023-01-11,8888
00773B,中信優先金融債,92,30,62,國泰-敦南,2023-01-11,8888
2883,凱基金,242,180,62,國泰-敦南,2023-01-11,8888
4943,康控-KY,92,33,59,國泰-敦南,2023-01-11,8888
00751B,元大AAA至A公司債,76,18,58,國泰-敦南,2023-01-11,8888
00669R,國泰美國道瓊反1,110,53,57,國泰-敦南,2023-01-11,8888
00687B,國泰20年美債,53,0,53,國泰-敦南,2023-01-11,8888
1102,亞泥,58,7,51,國泰-敦南,2023-01-11,8888
4113,聯上,55,5,50,國泰-敦南,2023-01-11,8888
1736,喬山,99,52,47,國泰-敦南,2023-01-11,8888
00720B,元大投資級公司債,66,19,47,國泰-敦南,2023-01-11,8888
1519,華城,162,116,46,國泰-敦南,2023-01-11,8888
2615,萬海,321,275,46,國泰-敦南,2023-01-11,8888
8069,元太,375,331,44,國泰-敦南,2023-01-11,8888
5880,合庫金,65,22,43,國泰-敦南,2023-01-11,8888
1101,台泥,187,146,41,國泰-敦南,2023-01-11,8888
6153,嘉聯益,55,14,41,國泰-敦南,2023-01-11,8888
8222,寶一,150,109,41,國泰-敦南,2023-01-11,8888
6182,合晶,74,34,40,國泰-敦南,2023-01-11,8888
3535,晶彩科,43,3,40,國泰-敦南,2023-01-11,8888
3045,台灣大,43,3,40,國泰-敦南,2023-01-11,8888
1701,中化,276,236,40,國泰-敦南,2023-01-11,8888
1560,中砂,340,302,38,國泰-敦南,2023-01-11,8888
2359,所羅門,82,46,36,國泰-敦南,2023-01-11,8888
2892,第一金,64,29,35,國泰-敦南,2023-01-11,8888
2886,兆豐金,72,38,34,國泰-敦南,2023-01-11,8888
00725B,國泰投資級公司債,50,16,34,國泰-敦南,2023-01-11,8888
4162,智擎,149,116,33,國泰-敦南,2023-01-11,8888
4114,健喬,249,218,31,國泰-敦南,2023-01-11,8888
00878,國泰永續高股息,1810,797,1013,國泰-敦南,2023-01-12,8888
00882,中信中國高股息,962,214,748,國泰-敦南,2023-01-12,8888
3481,群創,417,118,299,國泰-敦南,2023-01-12,8888
2884,玉山金,307,19,288,國泰-敦南,2023-01-12,8888
8926,台汽電,313,29,284,國泰-敦南,2023-01-12,8888
00673R,期元大S＆P原油反1,293,30,263,國泰-敦南,2023-01-12,8888
0056,元大高股息,468,206,262,國泰-敦南,2023-01-12,8888
2317,鴻海,317,76,241,國泰-敦南,2023-01-12,8888
00632R,元大台灣50反1,648,430,218,國泰-敦南,2023-01-12,8888
2618,長榮航,465,257,208,國泰-敦南,2023-01-12,8888
00753L,中信中國50正2,395,204,191,國泰-敦南,2023-01-12,8888
2892,第一金,193,35,158,國泰-敦南,2023-01-12,8888
2812,台中銀,165,16,149,國泰-敦南,2023-01-12,8888
2468,華經,494,363,131,國泰-敦南,2023-01-12,8888
2867,三商壽,144,26,118,國泰-敦南,2023-01-12,8888
00713,元大台灣高息低波,147,30,117,國泰-敦南,2023-01-12,8888
2603,長榮,304,192,112,國泰-敦南,2023-01-12,8888
00665L,富邦�琤肭磪囓�2,247,136,111,國泰-敦南,2023-01-12,8888
00905,FT臺灣Smart,133,26,107,國泰-敦南,2023-01-12,8888
00900,富邦特選高股息30,149,43,106,國泰-敦南,2023-01-12,8888
00680L,元大美債20正2,116,13,103,國泰-敦南,2023-01-12,8888
2609,陽明,281,178,103,國泰-敦南,2023-01-12,8888
00669R,國泰美國道瓊反1,157,55,102,國泰-敦南,2023-01-12,8888
2897,王道銀行,209,110,99,國泰-敦南,2023-01-12,8888
1305,華夏,152,55,97,國泰-敦南,2023-01-12,8888
2324,仁寶,140,45,95,國泰-敦南,2023-01-12,8888
3037,欣興,220,125,95,國泰-敦南,2023-01-12,8888
00770,國泰北美科技,152,59,93,國泰-敦南,2023-01-12,8888
00701,國泰股利精選30,93,11,82,國泰-敦南,2023-01-12,8888
2014,中鴻,840,759,81,國泰-敦南,2023-01-12,8888
00903,富邦元宇宙,112,35,77,國泰-敦南,2023-01-12,8888
2610,華航,502,427,75,國泰-敦南,2023-01-12,8888
4162,智擎,301,225,76,國泰-敦南,2023-01-12,8888
2891,中信金,114,40,74,國泰-敦南,2023-01-12,8888
00885,富邦越南,219,145,74,國泰-敦南,2023-01-12,8888
8050,廣積,121,49,72,國泰-敦南,2023-01-12,8888
00637L,元大滬深300正2,357,286,71,國泰-敦南,2023-01-12,8888
2887,台新金,252,182,70,國泰-敦南,2023-01-12,8888
2201,裕隆,521,453,68,國泰-敦南,2023-01-12,8888
2368,金像電,150,84,66,國泰-敦南,2023-01-12,8888
00670L,富邦NASDAQ正2,122,57,65,國泰-敦南,2023-01-12,8888
5880,合庫金,94,30,64,國泰-敦南,2023-01-12,8888
1524,耿鼎,102,39,63,國泰-敦南,2023-01-12,8888
6443,元晶,169,106,63,國泰-敦南,2023-01-12,8888
00636,國泰中國A50,61,1,60,國泰-敦南,2023-01-12,8888
2880,華南金,77,17,60,國泰-敦南,2023-01-12,8888
00671R,富邦NASDAQ反1,57,0,57,國泰-敦南,2023-01-12,8888
2409,友達,133,77,56,國泰-敦南,2023-01-12,8888
6188,廣明,86,30,56,國泰-敦南,2023-01-12,8888
8996,高力,476,421,55,國泰-敦南,2023-01-12,8888
00632R,元大台灣50反1,1079,650,429,國泰-敦南,2023-01-13,8888
00673R,期元大S＆P原油反1,337,15,322,國泰-敦南,2023-01-13,8888
00905,FT臺灣Smart,368,82,286,國泰-敦南,2023-01-13,8888
2812,台中銀,217,15,202,國泰-敦南,2023-01-13,8888
0056,元大高股息,326,162,164,國泰-敦南,2023-01-13,8888
00900,富邦特選高股息30,181,23,158,國泰-敦南,2023-01-13,8888
00664R,國泰臺灣加權反1,184,30,154,國泰-敦南,2023-01-13,8888
6443,元晶,234,91,143,國泰-敦南,2023-01-13,8888
00679B,元大美債20年,242,102,140,國泰-敦南,2023-01-13,8888
00882,中信中國高股息,283,154,129,國泰-敦南,2023-01-13,8888
2468,華經,517,393,124,國泰-敦南,2023-01-13,8888
2313,華通,176,56,120,國泰-敦南,2023-01-13,8888
00921,兆豐龍頭等權重,127,12,115,國泰-敦南,2023-01-13,8888
2312,金寶,147,34,113,國泰-敦南,2023-01-13,8888
00669R,國泰美國道瓊反1,122,11,111,國泰-敦南,2023-01-13,8888
2867,三商壽,130,36,94,國泰-敦南,2023-01-13,8888
1605,華新,637,548,89,國泰-敦南,2023-01-13,8888
00720B,元大投資級公司債,100,22,78,國泰-敦南,2023-01-13,8888
00671R,富邦NASDAQ反1,100,22,78,國泰-敦南,2023-01-13,8888
2457,飛宏,108,36,72,國泰-敦南,2023-01-13,8888
6231,系微,79,8,71,國泰-敦南,2023-01-13,8888
8050,廣積,175,109,66,國泰-敦南,2023-01-13,8888
2609,陽明,314,249,65,國泰-敦南,2023-01-13,8888
1314,中石化,102,43,59,國泰-敦南,2023-01-13,8888
00773B,中信優先金融債,102,43,59,國泰-敦南,2023-01-13,8888
2317,鴻海,156,101,55,國泰-敦南,2023-01-13,8888
2465,麗臺,420,367,53,國泰-敦南,2023-01-13,8888
2634,漢翔,73,21,52,國泰-敦南,2023-01-13,8888
1308,亞聚,109,62,47,國泰-敦南,2023-01-13,8888
00770,國泰北美科技,74,28,46,國泰-敦南,2023-01-13,8888
2641,正德,50,7,43,國泰-敦南,2023-01-13,8888
2892,第一金,95,52,43,國泰-敦南,2023-01-13,8888
00665L,富邦�琤肭磪囓�2,183,142,41,國泰-敦南,2023-01-13,8888
2367,燿華,51,12,39,國泰-敦南,2023-01-13,8888
00713,元大台灣高息低波,101,61,40,國泰-敦南,2023-01-13,8888
3576,聯合再生,53,14,39,國泰-敦南,2023-01-13,8888
4763,材料-KY,328,290,38,國泰-敦南,2023-01-13,8888
00725B,國泰投資級公司債,54,17,37,國泰-敦南,2023-01-13,8888
3714,富采,55,18,37,國泰-敦南,2023-01-13,8888
6235,華孚,51,16,35,國泰-敦南,2023-01-13,8888
8255,朋程,51,17,34,國泰-敦南,2023-01-13,8888
5340,建榮,35,1,34,國泰-敦南,2023-01-13,8888
6190,萬泰科,34,2,32,國泰-敦南,2023-01-13,8888
2801,彰銀,41,11,30,國泰-敦南,2023-01-13,8888
00885,富邦越南,137,107,30,國泰-敦南,2023-01-13,8888
2607,榮運,52,22,30,國泰-敦南,2023-01-13,8888
6770,力積電,92,63,29,國泰-敦南,2023-01-13,8888
4952,凌通,31,3,28,國泰-敦南,2023-01-13,8888
1760,寶齡富錦,136,108,28,國泰-敦南,2023-01-13,8888
3481,群創,256,229,27,國泰-敦南,2023-01-13,8888
00632R,元大台灣50反1,1095,465,630,國泰-敦南,2023-01-16,8888
00673R,期元大S＆P原油反1,552,112,440,國泰-敦南,2023-01-16,8888
00882,中信中國高股息,803,422,381,國泰-敦南,2023-01-16,8888
2317,鴻海,429,60,369,國泰-敦南,2023-01-16,8888
00720B,元大投資級公司債,279,28,251,國泰-敦南,2023-01-16,8888
6770,力積電,387,163,224,國泰-敦南,2023-01-16,8888
00679B,元大美債20年,311,99,212,國泰-敦南,2023-01-16,8888
2618,長榮航,380,182,198,國泰-敦南,2023-01-16,8888
2609,陽明,402,217,185,國泰-敦南,2023-01-16,8888
00770,國泰北美科技,238,54,184,國泰-敦南,2023-01-16,8888
00772B,中信高評級公司債,224,87,137,國泰-敦南,2023-01-16,8888
2610,華航,715,590,125,國泰-敦南,2023-01-16,8888
2206,三陽工業,102,0,102,國泰-敦南,2023-01-16,8888
2883B,凱基金乙特,106,6,100,國泰-敦南,2023-01-16,8888
00912,中信臺灣智慧50,102,3,99,國泰-敦南,2023-01-16,8888
00669R,國泰美國道瓊反1,108,17,91,國泰-敦南,2023-01-16,8888
2897,王道銀行,113,23,90,國泰-敦南,2023-01-16,8888
2349,錸德,100,15,85,國泰-敦南,2023-01-16,8888
2603,長榮,203,119,84,國泰-敦南,2023-01-16,8888
00751B,元大AAA至A公司債,90,9,81,國泰-敦南,2023-01-16,8888
5009,榮剛,98,21,77,國泰-敦南,2023-01-16,8888
1101,台泥,583,507,76,國泰-敦南,2023-01-16,8888
00905,FT臺灣Smart,101,32,69,國泰-敦南,2023-01-16,8888
00921,兆豐龍頭等權重,67,2,65,國泰-敦南,2023-01-16,8888
00900,富邦特選高股息30,173,110,63,國泰-敦南,2023-01-16,8888
6180,橘子,79,17,62,國泰-敦南,2023-01-16,8888
2338,光罩,340,279,61,國泰-敦南,2023-01-16,8888
00687B,國泰20年美債,59,0,59,國泰-敦南,2023-01-16,8888
2324,仁寶,100,47,53,國泰-敦南,2023-01-16,8888
00725B,國泰投資級公司債,58,11,47,國泰-敦南,2023-01-16,8888
2498,宏達電,316,269,47,國泰-敦南,2023-01-16,8888
00706L,期元大S＆P日圓正2,86,41,45,國泰-敦南,2023-01-16,8888
00701,國泰股利精選30,91,46,45,國泰-敦南,2023-01-16,8888
00664R,國泰臺灣加權反1,70,25,45,國泰-敦南,2023-01-16,8888
1605,華新,726,683,43,國泰-敦南,2023-01-16,8888
2034,允強,50,7,43,國泰-敦南,2023-01-16,8888
2867,三商壽,74,35,39,國泰-敦南,2023-01-16,8888
2851,中再保,45,6,39,國泰-敦南,2023-01-16,8888
00904,新光臺灣半導體30,51,13,38,國泰-敦南,2023-01-16,8888
2615,萬海,258,220,38,國泰-敦南,2023-01-16,8888
00795B,中信美國公債20年,40,2,38,國泰-敦南,2023-01-16,8888
00675L,富邦臺灣加權正2,48,10,38,國泰-敦南,2023-01-16,8888
1314,中石化,47,11,36,國泰-敦南,2023-01-16,8888
5508,永信建,34,0,34,國泰-敦南,2023-01-16,8888
00726B,國泰新興投等債,32,0,32,國泰-敦南,2023-01-16,8888
2444,兆勁,42,9,33,國泰-敦南,2023-01-16,8888
00708L,期元大S＆P黃金正2,37,5,32,國泰-敦南,2023-01-16,8888
00719B,元大美債1-3,31,1,30,國泰-敦南,2023-01-16,8888
2002,中鋼,170,140,30,國泰-敦南,2023-01-16,8888
6015,宏遠證,46,16,30,國泰-敦南,2023-01-16,8888
00882,中信中國高股息,936,220,716,國泰-敦南,2023-01-17,8888
2884,玉山金,454,39,415,國泰-敦南,2023-01-17,8888
00878,國泰永續高股息,1153,857,296,國泰-敦南,2023-01-17,8888
00637L,元大滬深300正2,433,155,278,國泰-敦南,2023-01-17,8888
2610,華航,526,284,242,國泰-敦南,2023-01-17,8888
00720B,元大投資級公司債,246,31,215,國泰-敦南,2023-01-17,8888
2812,台中銀,216,17,199,國泰-敦南,2023-01-17,8888
00772B,中信高評級公司債,265,73,192,國泰-敦南,2023-01-17,8888
1101,台泥,265,100,165,國泰-敦南,2023-01-17,8888
00673R,期元大S＆P原油反1,319,182,137,國泰-敦南,2023-01-17,8888
00770,國泰北美科技,304,178,126,國泰-敦南,2023-01-17,8888
00905,FT臺灣Smart,174,56,118,國泰-敦南,2023-01-17,8888
00633L,富邦上証正2,123,5,118,國泰-敦南,2023-01-17,8888
00664R,國泰臺灣加權反1,123,8,115,國泰-敦南,2023-01-17,8888
00888,永豐台灣ESG,161,50,111,國泰-敦南,2023-01-17,8888
2317,鴻海,234,131,103,國泰-敦南,2023-01-17,8888
2851,中再保,117,16,101,國泰-敦南,2023-01-17,8888
00701,國泰股利精選30,106,8,98,國泰-敦南,2023-01-17,8888
00679B,元大美債20年,161,74,87,國泰-敦南,2023-01-17,8888
00753L,中信中國50正2,285,199,86,國泰-敦南,2023-01-17,8888
006208,富邦台50,149,65,84,國泰-敦南,2023-01-17,8888
6121,新普,83,6,77,國泰-敦南,2023-01-17,8888
00671R,富邦NASDAQ反1,85,8,77,國泰-敦南,2023-01-17,8888
1219,福壽,225,164,61,國泰-敦南,2023-01-17,8888
00907,永豐優息存股,86,26,60,國泰-敦南,2023-01-17,8888
00725B,國泰投資級公司債,59,3,56,國泰-敦南,2023-01-17,8888
00921,兆豐龍頭等權重,52,2,50,國泰-敦南,2023-01-17,8888
2880,華南金,62,13,49,國泰-敦南,2023-01-17,8888
6547,高端疫苗,89,41,48,國泰-敦南,2023-01-17,8888
4153,鈺緯,155,108,47,國泰-敦南,2023-01-17,8888
5905,南仁湖,72,26,46,國泰-敦南,2023-01-17,8888
2615,萬海,287,243,44,國泰-敦南,2023-01-17,8888
6274,台燿,97,53,44,國泰-敦南,2023-01-17,8888
00675L,富邦臺灣加權正2,45,1,44,國泰-敦南,2023-01-17,8888
00650L,復華香港正2,57,15,42,國泰-敦南,2023-01-17,8888
00687B,國泰20年美債,42,0,42,國泰-敦南,2023-01-17,8888
2634,漢翔,56,15,41,國泰-敦南,2023-01-17,8888
6282,康舒,48,7,41,國泰-敦南,2023-01-17,8888
00795B,中信美國公債20年,41,1,40,國泰-敦南,2023-01-17,8888
2358,廷鑫,139,99,40,國泰-敦南,2023-01-17,8888
00706L,期元大S＆P日圓正2,65,25,40,國泰-敦南,2023-01-17,8888
3037,欣興,141,101,40,國泰-敦南,2023-01-17,8888
2867,三商壽,56,18,38,國泰-敦南,2023-01-17,8888
4114,健喬,327,290,37,國泰-敦南,2023-01-17,8888
6190,萬泰科,43,6,37,國泰-敦南,2023-01-17,8888
00773B,中信優先金融債,97,63,34,國泰-敦南,2023-01-17,8888
3675,德微,62,29,33,國泰-敦南,2023-01-17,8888
1304,台聚,38,5,33,國泰-敦南,2023-01-17,8888
00631L,元大台灣50正2,64,31,33,國泰-敦南,2023-01-17,8888
6741,91APP*-KY,91,59,32,國泰-敦南,2023-01-17,8888
00632R,元大台灣50反1,3566,2558,1008,國泰-敦南,2023-01-30,8888
2317,鴻海,783,128,655,國泰-敦南,2023-01-30,8888
00683L,期元大美元指正2,476,13,463,國泰-敦南,2023-01-30,8888
2867,三商壽,375,118,257,國泰-敦南,2023-01-30,8888
8069,元太,534,279,255,國泰-敦南,2023-01-30,8888
00772B,中信高評級公司債,283,36,247,國泰-敦南,2023-01-30,8888
00673R,期元大S＆P原油反1,322,81,241,國泰-敦南,2023-01-30,8888
00676R,富邦臺灣加權反1,264,23,241,國泰-敦南,2023-01-30,8888
00664R,國泰臺灣加權反1,243,16,227,國泰-敦南,2023-01-30,8888
00720B,元大投資級公司債,282,56,226,國泰-敦南,2023-01-30,8888
00905,FT臺灣Smart,296,118,178,國泰-敦南,2023-01-30,8888
2891,中信金,335,159,176,國泰-敦南,2023-01-30,8888
2609,陽明,361,189,172,國泰-敦南,2023-01-30,8888
2812,台中銀,261,93,168,國泰-敦南,2023-01-30,8888
00637L,元大滬深300正2,304,171,133,國泰-敦南,2023-01-30,8888
00679B,元大美債20年,228,101,127,國泰-敦南,2023-01-30,8888
8996,高力,624,500,124,國泰-敦南,2023-01-30,8888
00907,永豐優息存股,308,202,106,國泰-敦南,2023-01-30,8888
4114,健喬,238,137,101,國泰-敦南,2023-01-30,8888
00770,國泰北美科技,142,56,86,國泰-敦南,2023-01-30,8888
2412,中華電,84,6,78,國泰-敦南,2023-01-30,8888
00671R,富邦NASDAQ反1,76,4,72,國泰-敦南,2023-01-30,8888
00701,國泰股利精選30,126,56,70,國泰-敦南,2023-01-30,8888
1514,亞力,88,25,63,國泰-敦南,2023-01-30,8888
2603,長榮,201,143,58,國泰-敦南,2023-01-30,8888
2851,中再保,124,66,58,國泰-敦南,2023-01-30,8888
1795,美時,175,117,58,國泰-敦南,2023-01-30,8888
00719B,元大美債1-3,56,1,55,國泰-敦南,2023-01-30,8888
2368,金像電,91,37,54,國泰-敦南,2023-01-30,8888
5284,jpp-KY,121,69,52,國泰-敦南,2023-01-30,8888
2610,華航,513,462,51,國泰-敦南,2023-01-30,8888
2312,金寶,134,84,50,國泰-敦南,2023-01-30,8888
1304,台聚,86,36,50,國泰-敦南,2023-01-30,8888
9958,世紀鋼,61,15,46,國泰-敦南,2023-01-30,8888
1305,華夏,94,48,46,國泰-敦南,2023-01-30,8888
00751B,元大AAA至A公司債,68,22,46,國泰-敦南,2023-01-30,8888
1718,中纖,48,2,46,國泰-敦南,2023-01-30,8888
2748,雲品,62,17,45,國泰-敦南,2023-01-30,8888
4105,東洋,44,0,44,國泰-敦南,2023-01-30,8888
00680L,元大美債20正2,119,80,39,國泰-敦南,2023-01-30,8888
4113,聯上,76,37,39,國泰-敦南,2023-01-30,8888
2308,台達電,60,22,38,國泰-敦南,2023-01-30,8888
1701,中化,97,63,34,國泰-敦南,2023-01-30,8888
00631L,元大台灣50正2,109,75,34,國泰-敦南,2023-01-30,8888
4162,智擎,199,165,34,國泰-敦南,2023-01-30,8888
3047,訊舟,38,6,32,國泰-敦南,2023-01-30,8888
3229,晟鈦,31,0,31,國泰-敦南,2023-01-30,8888
3093,港建*,30,0,30,國泰-敦南,2023-01-30,8888
8050,廣積,55,25,30,國泰-敦南,2023-01-30,8888
2732,六角,78,49,29,國泰-敦南,2023-01-30,8888
00878,國泰永續高股息,3369,1275,2094,國泰-敦南,2023-01-31,8888
00905,FT臺灣Smart,2202,648,1554,國泰-敦南,2023-01-31,8888
00632R,元大台灣50反1,971,283,688,國泰-敦南,2023-01-31,8888
2892,第一金,543,13,530,國泰-敦南,2023-01-31,8888
00882,中信中國高股息,639,254,385,國泰-敦南,2023-01-31,8888
00720B,元大投資級公司債,347,15,332,國泰-敦南,2023-01-31,8888
00772B,中信高評級公司債,370,55,315,國泰-敦南,2023-01-31,8888
00679B,元大美債20年,359,44,315,國泰-敦南,2023-01-31,8888
2324,仁寶,327,50,277,國泰-敦南,2023-01-31,8888
2888,新光金,369,98,271,國泰-敦南,2023-01-31,8888
2891,中信金,312,55,257,國泰-敦南,2023-01-31,8888
2884,玉山金,305,63,242,國泰-敦南,2023-01-31,8888
5880,合庫金,261,26,235,國泰-敦南,2023-01-31,8888
00753L,中信中國50正2,370,145,225,國泰-敦南,2023-01-31,8888
1101,台泥,290,67,223,國泰-敦南,2023-01-31,8888
2834,臺企銀,306,86,220,國泰-敦南,2023-01-31,8888
2887,台新金,375,155,220,國泰-敦南,2023-01-31,8888
00676R,富邦臺灣加權反1,263,54,209,國泰-敦南,2023-01-31,8888
00664R,國泰臺灣加權反1,178,0,178,國泰-敦南,2023-01-31,8888
2885,元大金,209,41,168,國泰-敦南,2023-01-31,8888
4979,華星光,728,589,139,國泰-敦南,2023-01-31,8888
00665L,富邦�琤肭磪囓�2,348,215,133,國泰-敦南,2023-01-31,8888
2886,兆豐金,223,92,131,國泰-敦南,2023-01-31,8888
00671R,富邦NASDAQ反1,144,16,128,國泰-敦南,2023-01-31,8888
2330,台積電,379,254,125,國泰-敦南,2023-01-31,8888
2206,三陽工業,126,10,116,國泰-敦南,2023-01-31,8888
2890,永豐金,198,85,113,國泰-敦南,2023-01-31,8888
5871,中租-KY,125,15,110,國泰-敦南,2023-01-31,8888
00680L,元大美債20正2,177,69,108,國泰-敦南,2023-01-31,8888
2880,華南金,117,22,95,國泰-敦南,2023-01-31,8888
00751B,元大AAA至A公司債,104,11,93,國泰-敦南,2023-01-31,8888
2412,中華電,87,4,83,國泰-敦南,2023-01-31,8888
4114,健喬,219,140,79,國泰-敦南,2023-01-31,8888
0056,元大高股息,788,712,76,國泰-敦南,2023-01-31,8888
3711,日月光投控,88,14,74,國泰-敦南,2023-01-31,8888
00728,第一金工業30,117,45,72,國泰-敦南,2023-01-31,8888
00715L,期街口布蘭特正2,242,170,72,國泰-敦南,2023-01-31,8888
1612,宏泰,199,128,71,國泰-敦南,2023-01-31,8888
5347,世界,277,210,67,國泰-敦南,2023-01-31,8888
2368,金像電,146,80,66,國泰-敦南,2023-01-31,8888
3624,光頡,181,118,63,國泰-敦南,2023-01-31,8888
8478,東哥遊艇,265,204,61,國泰-敦南,2023-01-31,8888
2812,台中銀,104,46,58,國泰-敦南,2023-01-31,8888
6180,橘子,177,120,57,國泰-敦南,2023-01-31,8888
2929,淘帝-KY,256,200,56,國泰-敦南,2023-01-31,8888
3045,台灣大,54,0,54,國泰-敦南,2023-01-31,8888
2380,虹光,55,5,50,國泰-敦南,2023-01-31,8888
5014,建錩,107,60,47,國泰-敦南,2023-01-31,8888
8358,金居,234,192,42,國泰-敦南,2023-01-31,8888
1584,精剛,167,126,41,國泰-敦南,2023-01-31,8888
2891,中信金,801,60,741,國泰-敦南,2023-02-01,8888
00632R,元大台灣50反1,603,82,521,國泰-敦南,2023-02-01,8888
00905,FT臺灣Smart,684,294,390,國泰-敦南,2023-02-01,8888
00664R,國泰臺灣加權反1,401,50,351,國泰-敦南,2023-02-01,8888
2883,凱基金,382,85,297,國泰-敦南,2023-02-01,8888
00878,國泰永續高股息,1350,1056,294,國泰-敦南,2023-02-01,8888
00669R,國泰美國道瓊反1,258,10,248,國泰-敦南,2023-02-01,8888
00673R,期元大S＆P原油反1,240,30,210,國泰-敦南,2023-02-01,8888
00882,中信中國高股息,267,87,180,國泰-敦南,2023-02-01,8888
2412,中華電,186,8,178,國泰-敦南,2023-02-01,8888
8105,凌巨,255,80,175,國泰-敦南,2023-02-01,8888
2609,陽明,250,109,141,國泰-敦南,2023-02-01,8888
2887,台新金,264,126,138,國泰-敦南,2023-02-01,8888
2409,友達,282,148,134,國泰-敦南,2023-02-01,8888
2009,第一銅,1488,1354,134,國泰-敦南,2023-02-01,8888
00772B,中信高評級公司債,142,17,125,國泰-敦南,2023-02-01,8888
2881,富邦金,161,38,123,國泰-敦南,2023-02-01,8888
2892,第一金,197,78,119,國泰-敦南,2023-02-01,8888
1514,亞力,159,49,110,國泰-敦南,2023-02-01,8888
2317,鴻海,240,134,106,國泰-敦南,2023-02-01,8888
00900,富邦特選高股息30,324,217,107,國泰-敦南,2023-02-01,8888
00907,永豐優息存股,102,3,99,國泰-敦南,2023-02-01,8888
00637L,元大滬深300正2,354,256,98,國泰-敦南,2023-02-01,8888
00679B,元大美債20年,130,38,92,國泰-敦南,2023-02-01,8888
6244,茂迪,168,77,91,國泰-敦南,2023-02-01,8888
2614,東森,188,102,86,國泰-敦南,2023-02-01,8888
5351,鈺創,226,139,87,國泰-敦南,2023-02-01,8888
9907,統一實,92,7,85,國泰-敦南,2023-02-01,8888
1609,大亞,661,577,84,國泰-敦南,2023-02-01,8888
5347,世界,212,131,81,國泰-敦南,2023-02-01,8888
00720B,元大投資級公司債,83,7,76,國泰-敦南,2023-02-01,8888
2014,中鴻,328,255,73,國泰-敦南,2023-02-01,8888
00701,國泰股利精選30,74,4,70,國泰-敦南,2023-02-01,8888
1529,樂事綠能,130,60,70,國泰-敦南,2023-02-01,8888
2465,麗臺,85,17,68,國泰-敦南,2023-02-01,8888
2007,燁興,85,20,65,國泰-敦南,2023-02-01,8888
3027,盛達,334,271,63,國泰-敦南,2023-02-01,8888
5531,鄉林,62,0,62,國泰-敦南,2023-02-01,8888
8222,寶一,256,197,59,國泰-敦南,2023-02-01,8888
5880,合庫金,78,21,57,國泰-敦南,2023-02-01,8888
2884,玉山金,101,45,56,國泰-敦南,2023-02-01,8888
9904,寶成,71,16,55,國泰-敦南,2023-02-01,8888
4114,健喬,151,99,52,國泰-敦南,2023-02-01,8888
8429,金麗-KY,76,26,50,國泰-敦南,2023-02-01,8888
4743,合一,274,224,50,國泰-敦南,2023-02-01,8888
1584,精剛,395,346,49,國泰-敦南,2023-02-01,8888
00676R,富邦臺灣加權反1,51,3,48,國泰-敦南,2023-02-01,8888
1513,中興電,628,581,47,國泰-敦南,2023-02-01,8888
00692,富邦公司治理,65,18,47,國泰-敦南,2023-02-01,8888
9945,潤泰新,111,65,46,國泰-敦南,2023-02-01,8888
00878,國泰永續高股息,3280,1856,1424,國泰-敦南,2023-02-02,8888
00882,中信中國高股息,896,143,753,國泰-敦南,2023-02-02,8888
00632R,元大台灣50反1,2194,1533,661,國泰-敦南,2023-02-02,8888
2618,長榮航,1113,540,573,國泰-敦南,2023-02-02,8888
2891,中信金,634,137,497,國泰-敦南,2023-02-02,8888
00885,富邦越南,784,292,492,國泰-敦南,2023-02-02,8888
2201,裕隆,1699,1251,448,國泰-敦南,2023-02-02,8888
00715L,期街口布蘭特正2,416,88,328,國泰-敦南,2023-02-02,8888
00679B,元大美債20年,396,91,305,國泰-敦南,2023-02-02,8888
2317,鴻海,407,163,244,國泰-敦南,2023-02-02,8888
00772B,中信高評級公司債,277,38,239,國泰-敦南,2023-02-02,8888
00642U,期元大S＆P石油,248,42,206,國泰-敦南,2023-02-02,8888
00680L,元大美債20正2,302,105,197,國泰-敦南,2023-02-02,8888
1514,亞力,261,76,185,國泰-敦南,2023-02-02,8888
00907,永豐優息存股,199,16,183,國泰-敦南,2023-02-02,8888
1417,嘉裕,203,33,170,國泰-敦南,2023-02-02,8888
00720B,元大投資級公司債,216,48,168,國泰-敦南,2023-02-02,8888
2892,第一金,245,82,163,國泰-敦南,2023-02-02,8888
1605,華新,1219,1060,159,國泰-敦南,2023-02-02,8888
2834,臺企銀,308,155,153,國泰-敦南,2023-02-02,8888
1513,中興電,606,470,136,國泰-敦南,2023-02-02,8888
2014,中鴻,335,207,128,國泰-敦南,2023-02-02,8888
00751B,元大AAA至A公司債,123,9,114,國泰-敦南,2023-02-02,8888
6443,元晶,808,697,111,國泰-敦南,2023-02-02,8888
2610,華航,772,675,97,國泰-敦南,2023-02-02,8888
00665L,富邦�琤肭磪囓�2,208,112,96,國泰-敦南,2023-02-02,8888
1718,中纖,122,28,94,國泰-敦南,2023-02-02,8888
6180,橘子,142,51,91,國泰-敦南,2023-02-02,8888
00712,復華富時不動產,296,206,90,國泰-敦南,2023-02-02,8888
5009,榮剛,201,113,88,國泰-敦南,2023-02-02,8888
2468,華經,315,229,86,國泰-敦南,2023-02-02,8888
2358,廷鑫,183,98,85,國泰-敦南,2023-02-02,8888
1810,和成,272,189,83,國泰-敦南,2023-02-02,8888
8033,雷虎,146,66,80,國泰-敦南,2023-02-02,8888
2887,台新金,169,91,78,國泰-敦南,2023-02-02,8888
1519,華城,167,92,75,國泰-敦南,2023-02-02,8888
00676R,富邦臺灣加權反1,121,51,70,國泰-敦南,2023-02-02,8888
5321,美而快,173,107,66,國泰-敦南,2023-02-02,8888
1309,台達化,75,10,65,國泰-敦南,2023-02-02,8888
2329,華泰,242,179,63,國泰-敦南,2023-02-02,8888
1909,榮成,132,69,63,國泰-敦南,2023-02-02,8888
4113,聯上,64,3,61,國泰-敦南,2023-02-02,8888
2482,連宇,459,400,59,國泰-敦南,2023-02-02,8888
2614,東森,152,93,59,國泰-敦南,2023-02-02,8888
5347,世界,159,101,58,國泰-敦南,2023-02-02,8888
3045,台灣大,65,8,57,國泰-敦南,2023-02-02,8888
00669R,國泰美國道瓊反1,123,68,55,國泰-敦南,2023-02-02,8888
00701,國泰股利精選30,81,27,54,國泰-敦南,2023-02-02,8888
2002,中鋼,146,92,54,國泰-敦南,2023-02-02,8888
8932,智通*,53,3,50,國泰-敦南,2023-02-02,8888
00878,國泰永續高股息,3781,1072,2709,國泰-敦南,2023-02-03,8888
00882,中信中國高股息,1116,255,861,國泰-敦南,2023-02-03,8888
00715L,期街口布蘭特正2,897,103,794,國泰-敦南,2023-02-03,8888
00665L,富邦�琤肭磪囓�2,547,185,362,國泰-敦南,2023-02-03,8888
00679B,元大美債20年,392,84,308,國泰-敦南,2023-02-03,8888
00753L,中信中國50正2,433,134,299,國泰-敦南,2023-02-03,8888
2618,長榮航,537,254,283,國泰-敦南,2023-02-03,8888
00680L,元大美債20正2,372,91,281,國泰-敦南,2023-02-03,8888
2891,中信金,356,78,278,國泰-敦南,2023-02-03,8888
00907,永豐優息存股,280,7,273,國泰-敦南,2023-02-03,8888
2317,鴻海,329,69,260,國泰-敦南,2023-02-03,8888
00632R,元大台灣50反1,768,524,244,國泰-敦南,2023-02-03,8888
00637L,元大滬深300正2,683,443,240,國泰-敦南,2023-02-03,8888
6118,建達,973,738,235,國泰-敦南,2023-02-03,8888
3481,群創,470,241,229,國泰-敦南,2023-02-03,8888
2834,臺企銀,393,167,226,國泰-敦南,2023-02-03,8888
2610,華航,579,353,226,國泰-敦南,2023-02-03,8888
2882,國泰金,442,228,214,國泰-敦南,2023-02-03,8888
2888,新光金,519,324,195,國泰-敦南,2023-02-03,8888
00885,富邦越南,230,44,186,國泰-敦南,2023-02-03,8888
2609,陽明,1052,869,183,國泰-敦南,2023-02-03,8888
2409,友達,316,140,176,國泰-敦南,2023-02-03,8888
2498,宏達電,2733,2567,166,國泰-敦南,2023-02-03,8888
2884,玉山金,205,54,151,國泰-敦南,2023-02-03,8888
2201,裕隆,1222,1079,143,國泰-敦南,2023-02-03,8888
00671R,富邦NASDAQ反1,167,28,139,國泰-敦南,2023-02-03,8888
1216,統一,144,6,138,國泰-敦南,2023-02-03,8888
3037,欣興,387,255,132,國泰-敦南,2023-02-03,8888
6770,力積電,280,150,130,國泰-敦南,2023-02-03,8888
00642U,期元大S＆P石油,132,10,122,國泰-敦南,2023-02-03,8888
2002,中鋼,242,121,121,國泰-敦南,2023-02-03,8888
4114,健喬,222,103,119,國泰-敦南,2023-02-03,8888
5351,鈺創,1274,1155,119,國泰-敦南,2023-02-03,8888
3441,聯一光,130,13,117,國泰-敦南,2023-02-03,8888
9945,潤泰新,153,36,117,國泰-敦南,2023-02-03,8888
2014,中鴻,327,213,114,國泰-敦南,2023-02-03,8888
2892,第一金,135,22,113,國泰-敦南,2023-02-03,8888
00720B,元大投資級公司債,132,23,109,國泰-敦南,2023-02-03,8888
2484,希華,252,144,108,國泰-敦南,2023-02-03,8888
00688L,國泰20年美債正2,98,0,98,國泰-敦南,2023-02-03,8888
2388,威盛,661,565,96,國泰-敦南,2023-02-03,8888
3041,揚智,150,54,96,國泰-敦南,2023-02-03,8888
2027,大成鋼,181,87,94,國泰-敦南,2023-02-03,8888
00664R,國泰臺灣加權反1,94,2,92,國泰-敦南,2023-02-03,8888
1101,台泥,174,82,92,國泰-敦南,2023-02-03,8888
2881,富邦金,138,48,90,國泰-敦南,2023-02-03,8888
2603,長榮,364,277,87,國泰-敦南,2023-02-03,8888
5009,榮剛,266,183,83,國泰-敦南,2023-02-03,8888
2376,技嘉,91,11,80,國泰-敦南,2023-02-03,8888
00752,中信中國50,88,9,79,國泰-敦南,2023-02-03,8888
00878,國泰永續高股息,6075,723,5352,國泰-敦南,2023-02-06,8888
00882,中信中國高股息,1035,111,924,國泰-敦南,2023-02-06,8888
00715L,期街口布蘭特正2,689,190,499,國泰-敦南,2023-02-06,8888
00679B,元大美債20年,542,62,480,國泰-敦南,2023-02-06,8888
00720B,元大投資級公司債,401,18,383,國泰-敦南,2023-02-06,8888
2884,玉山金,411,82,329,國泰-敦南,2023-02-06,8888
0056,元大高股息,725,403,322,國泰-敦南,2023-02-06,8888
00637L,元大滬深300正2,460,156,304,國泰-敦南,2023-02-06,8888
00753L,中信中國50正2,377,90,287,國泰-敦南,2023-02-06,8888
2609,陽明,442,160,282,國泰-敦南,2023-02-06,8888
00772B,中信高評級公司債,406,139,267,國泰-敦南,2023-02-06,8888
2890,永豐金,334,82,252,國泰-敦南,2023-02-06,8888
2888,新光金,379,140,239,國泰-敦南,2023-02-06,8888
2603,長榮,333,108,225,國泰-敦南,2023-02-06,8888
00642U,期元大S＆P石油,220,19,201,國泰-敦南,2023-02-06,8888
1605,華新,1059,863,196,國泰-敦南,2023-02-06,8888
6133,金橋,309,130,179,國泰-敦南,2023-02-06,8888
00680L,元大美債20正2,284,109,175,國泰-敦南,2023-02-06,8888
3037,欣興,391,220,171,國泰-敦南,2023-02-06,8888
00713,元大台灣高息低波,233,69,164,國泰-敦南,2023-02-06,8888
2891,中信金,232,83,149,國泰-敦南,2023-02-06,8888
2880,華南金,161,14,147,國泰-敦南,2023-02-06,8888
00686R,群益臺灣加權反1,130,0,130,國泰-敦南,2023-02-06,8888
00751B,元大AAA至A公司債,141,11,130,國泰-敦南,2023-02-06,8888
2330,台積電,274,148,126,國泰-敦南,2023-02-06,8888
2812,台中銀,151,26,125,國泰-敦南,2023-02-06,8888
2002,中鋼,190,76,114,國泰-敦南,2023-02-06,8888
2409,友達,185,79,106,國泰-敦南,2023-02-06,8888
6104,創惟,393,288,105,國泰-敦南,2023-02-06,8888
00900,富邦特選高股息30,419,317,102,國泰-敦南,2023-02-06,8888
2887,台新金,225,124,101,國泰-敦南,2023-02-06,8888
006208,富邦台50,164,65,99,國泰-敦南,2023-02-06,8888
2892,第一金,155,56,99,國泰-敦南,2023-02-06,8888
00905,FT臺灣Smart,167,69,98,國泰-敦南,2023-02-06,8888
2201,裕隆,530,437,93,國泰-敦南,2023-02-06,8888
00671R,富邦NASDAQ反1,112,21,91,國泰-敦南,2023-02-06,8888
00881,國泰台灣5G+,219,129,90,國泰-敦南,2023-02-06,8888
2886,兆豐金,120,33,87,國泰-敦南,2023-02-06,8888
5880,合庫金,104,20,84,國泰-敦南,2023-02-06,8888
00665L,富邦�琤肭磪囓�2,312,230,82,國泰-敦南,2023-02-06,8888
0050,元大台灣50,189,107,82,國泰-敦南,2023-02-06,8888
00692,富邦公司治理,102,24,78,國泰-敦南,2023-02-06,8888
6282,康舒,785,707,78,國泰-敦南,2023-02-06,8888
2368,金像電,185,110,75,國泰-敦南,2023-02-06,8888
00706L,期元大S＆P日圓正2,90,16,74,國泰-敦南,2023-02-06,8888
2881,富邦金,118,46,72,國泰-敦南,2023-02-06,8888
00919,群益台灣精選高息,129,57,72,國泰-敦南,2023-02-06,8888
00773B,中信優先金融債,89,19,70,國泰-敦南,2023-02-06,8888
00907,永豐優息存股,97,28,69,國泰-敦南,2023-02-06,8888
00683L,期元大美元指正2,123,57,66,國泰-敦南,2023-02-06,8888
00878,國泰永續高股息,2998,507,2491,國泰-敦南,2023-02-07,8888
00679B,元大美債20年,479,49,430,國泰-敦南,2023-02-07,8888
00680L,元大美債20正2,425,10,415,國泰-敦南,2023-02-07,8888
2884,玉山金,372,29,343,國泰-敦南,2023-02-07,8888
00772B,中信高評級公司債,347,53,294,國泰-敦南,2023-02-07,8888
1605,華新,1234,958,276,國泰-敦南,2023-02-07,8888
00720B,元大投資級公司債,277,5,272,國泰-敦南,2023-02-07,8888
2610,華航,954,695,259,國泰-敦南,2023-02-07,8888
1701,中化,321,80,241,國泰-敦南,2023-02-07,8888
2317,鴻海,310,70,240,國泰-敦南,2023-02-07,8888
2498,宏達電,1080,841,239,國泰-敦南,2023-02-07,8888
2891,中信金,254,21,233,國泰-敦南,2023-02-07,8888
00882,中信中國高股息,312,96,216,國泰-敦南,2023-02-07,8888
4114,健喬,816,642,174,國泰-敦南,2023-02-07,8888
00712,復華富時不動產,596,428,168,國泰-敦南,2023-02-07,8888
6282,康舒,1543,1389,154,國泰-敦南,2023-02-07,8888
2618,長榮航,330,180,150,國泰-敦南,2023-02-07,8888
2888,新光金,272,125,147,國泰-敦南,2023-02-07,8888
2812,台中銀,154,15,139,國泰-敦南,2023-02-07,8888
2887,台新金,167,33,134,國泰-敦南,2023-02-07,8888
2834,臺企銀,271,155,116,國泰-敦南,2023-02-07,8888
1752,南光,796,680,116,國泰-敦南,2023-02-07,8888
00686R,群益臺灣加權反1,130,15,115,國泰-敦南,2023-02-07,8888
2368,金像電,197,82,115,國泰-敦南,2023-02-07,8888
1795,美時,1038,929,109,國泰-敦南,2023-02-07,8888
00688L,國泰20年美債正2,102,9,93,國泰-敦南,2023-02-07,8888
2344,華邦電,154,65,89,國泰-敦南,2023-02-07,8888
2330,台積電,167,80,87,國泰-敦南,2023-02-07,8888
00715L,期街口布蘭特正2,236,150,86,國泰-敦南,2023-02-07,8888
0056,元大高股息,345,260,85,國泰-敦南,2023-02-07,8888
3037,欣興,210,126,84,國泰-敦南,2023-02-07,8888
2867,三商壽,115,36,79,國泰-敦南,2023-02-07,8888
6104,創惟,242,167,75,國泰-敦南,2023-02-07,8888
2105,正新,74,1,73,國泰-敦南,2023-02-07,8888
00773B,中信優先金融債,74,2,72,國泰-敦南,2023-02-07,8888
1760,寶齡富錦,321,251,70,國泰-敦南,2023-02-07,8888
2324,仁寶,134,67,67,國泰-敦南,2023-02-07,8888
4747,強生,338,273,65,國泰-敦南,2023-02-07,8888
006208,富邦台50,100,36,64,國泰-敦南,2023-02-07,8888
00671R,富邦NASDAQ反1,65,2,63,國泰-敦南,2023-02-07,8888
00905,FT臺灣Smart,110,47,63,國泰-敦南,2023-02-07,8888
4162,智擎,290,228,62,國泰-敦南,2023-02-07,8888
2603,長榮,135,72,63,國泰-敦南,2023-02-07,8888
00751B,元大AAA至A公司債,86,24,62,國泰-敦南,2023-02-07,8888
6770,力積電,111,50,61,國泰-敦南,2023-02-07,8888
6116,彩晶,111,53,58,國泰-敦南,2023-02-07,8888
00706L,期元大S＆P日圓正2,68,10,58,國泰-敦南,2023-02-07,8888
00650L,復華香港正2,85,30,55,國泰-敦南,2023-02-07,8888
5258,虹堡,194,139,55,國泰-敦南,2023-02-07,8888
1432,大魯閣,141,87,54,國泰-敦南,2023-02-07,8888
00632R,元大台灣50反1,1985,276,1709,國泰-敦南,2023-02-08,8888
00878,國泰永續高股息,2359,1069,1290,國泰-敦南,2023-02-08,8888
00679B,元大美債20年,853,129,724,國泰-敦南,2023-02-08,8888
2610,華航,765,318,447,國泰-敦南,2023-02-08,8888
2884,玉山金,456,71,385,國泰-敦南,2023-02-08,8888
2618,長榮航,499,163,336,國泰-敦南,2023-02-08,8888
00720B,元大投資級公司債,340,7,333,國泰-敦南,2023-02-08,8888
2888,新光金,367,63,304,國泰-敦南,2023-02-08,8888
2890,永豐金,281,29,252,國泰-敦南,2023-02-08,8888
6116,彩晶,361,110,251,國泰-敦南,2023-02-08,8888
2867,三商壽,245,11,234,國泰-敦南,2023-02-08,8888
00712,復華富時不動產,344,116,228,國泰-敦南,2023-02-08,8888
6282,康舒,845,627,218,國泰-敦南,2023-02-08,8888
00885,富邦越南,396,213,183,國泰-敦南,2023-02-08,8888
00673R,期元大S＆P原油反1,395,213,182,國泰-敦南,2023-02-08,8888
6443,元晶,264,105,159,國泰-敦南,2023-02-08,8888
00680L,元大美債20正2,199,47,152,國泰-敦南,2023-02-08,8888
00772B,中信高評級公司債,246,99,147,國泰-敦南,2023-02-08,8888
2883,凱基金,190,47,143,國泰-敦南,2023-02-08,8888
00669R,國泰美國道瓊反1,150,8,142,國泰-敦南,2023-02-08,8888
4114,健喬,1095,957,138,國泰-敦南,2023-02-08,8888
2338,光罩,326,187,139,國泰-敦南,2023-02-08,8888
1605,華新,904,776,128,國泰-敦南,2023-02-08,8888
2886,兆豐金,172,45,127,國泰-敦南,2023-02-08,8888
00701,國泰股利精選30,142,16,126,國泰-敦南,2023-02-08,8888
2889,國票金,202,81,121,國泰-敦南,2023-02-08,8888
2887,台新金,192,73,119,國泰-敦南,2023-02-08,8888
1513,中興電,356,238,118,國泰-敦南,2023-02-08,8888
6104,創惟,371,254,117,國泰-敦南,2023-02-08,8888
00676R,富邦臺灣加權反1,145,37,108,國泰-敦南,2023-02-08,8888
00751B,元大AAA至A公司債,118,11,107,國泰-敦南,2023-02-08,8888
1584,精剛,374,272,102,國泰-敦南,2023-02-08,8888
1432,大魯閣,145,46,99,國泰-敦南,2023-02-08,8888
00665L,富邦�琤肭磪囓�2,464,370,94,國泰-敦南,2023-02-08,8888
3046,建��,372,279,93,國泰-敦南,2023-02-08,8888
2897,王道銀行,151,59,92,國泰-敦南,2023-02-08,8888
4128,中天,369,277,92,國泰-敦南,2023-02-08,8888
2891,中信金,122,33,89,國泰-敦南,2023-02-08,8888
2881,富邦金,115,26,89,國泰-敦南,2023-02-08,8888
2105,正新,93,6,87,國泰-敦南,2023-02-08,8888
3710,連展投控,124,44,80,國泰-敦南,2023-02-08,8888
00664R,國泰臺灣加權反1,79,0,79,國泰-敦南,2023-02-08,8888
2425,承啟,629,551,78,國泰-敦南,2023-02-08,8888
1752,南光,178,103,75,國泰-敦南,2023-02-08,8888
2368,金像電,189,118,71,國泰-敦南,2023-02-08,8888
6182,合晶,123,52,71,國泰-敦南,2023-02-08,8888
00753L,中信中國50正2,187,117,70,國泰-敦南,2023-02-08,8888
4931,新盛力,213,144,69,國泰-敦南,2023-02-08,8888
4102,永日,101,34,67,國泰-敦南,2023-02-08,8888
1909,榮成,73,7,66,國泰-敦南,2023-02-08,8888
00878,國泰永續高股息,3793,373,3420,國泰-敦南,2023-02-09,8888
00632R,元大台灣50反1,906,376,530,國泰-敦南,2023-02-09,8888
2344,華邦電,754,290,464,國泰-敦南,2023-02-09,8888
00679B,元大美債20年,414,30,384,國泰-敦南,2023-02-09,8888
00720B,元大投資級公司債,356,8,348,國泰-敦南,2023-02-09,8888
00673R,期元大S＆P原油反1,413,123,290,國泰-敦南,2023-02-09,8888
00671R,富邦NASDAQ反1,319,44,275,國泰-敦南,2023-02-09,8888
00772B,中信高評級公司債,284,9,275,國泰-敦南,2023-02-09,8888
2888,新光金,328,66,262,國泰-敦南,2023-02-09,8888
3710,連展投控,298,81,217,國泰-敦南,2023-02-09,8888
00712,復華富時不動產,259,59,200,國泰-敦南,2023-02-09,8888
0056,元大高股息,328,149,179,國泰-敦南,2023-02-09,8888
00637L,元大滬深300正2,378,213,165,國泰-敦南,2023-02-09,8888
00885,富邦越南,254,93,161,國泰-敦南,2023-02-09,8888
2368,金像電,295,143,152,國泰-敦南,2023-02-09,8888
4114,健喬,786,655,131,國泰-敦南,2023-02-09,8888
00751B,元大AAA至A公司債,137,7,130,國泰-敦南,2023-02-09,8888
00882,中信中國高股息,306,177,129,國泰-敦南,2023-02-09,8888
1795,美時,453,357,96,國泰-敦南,2023-02-09,8888
2891,中信金,141,45,96,國泰-敦南,2023-02-09,8888
2609,陽明,193,99,94,國泰-敦南,2023-02-09,8888
5475,德宏,132,39,93,國泰-敦南,2023-02-09,8888
2453,凌群,102,11,91,國泰-敦南,2023-02-09,8888
6770,力積電,148,59,89,國泰-敦南,2023-02-09,8888
2867,三商壽,117,29,88,國泰-敦南,2023-02-09,8888
2883,凱基金,228,144,84,國泰-敦南,2023-02-09,8888
3706,神達,99,15,84,國泰-敦南,2023-02-09,8888
3035,智原,525,442,83,國泰-敦南,2023-02-09,8888
6531,愛普*,189,107,82,國泰-敦南,2023-02-09,8888
2388,威盛,793,715,78,國泰-敦南,2023-02-09,8888
6116,彩晶,153,81,72,國泰-敦南,2023-02-09,8888
2376,技嘉,120,48,72,國泰-敦南,2023-02-09,8888
1783,和康生,142,71,71,國泰-敦南,2023-02-09,8888
2457,飛宏,144,73,71,國泰-敦南,2023-02-09,8888
00919,群益台灣精選高息,74,3,71,國泰-敦南,2023-02-09,8888
2401,凌陽,143,80,63,國泰-敦南,2023-02-09,8888
2845,遠東銀,85,22,63,國泰-敦南,2023-02-09,8888
5202,力新,62,0,62,國泰-敦南,2023-02-09,8888
2444,兆勁,77,16,61,國泰-敦南,2023-02-09,8888
00773B,中信優先金融債,67,6,61,國泰-敦南,2023-02-09,8888
2618,長榮航,222,162,60,國泰-敦南,2023-02-09,8888
5880,合庫金,67,6,61,國泰-敦南,2023-02-09,8888
4919,新唐,164,105,59,國泰-敦南,2023-02-09,8888
4164,承業醫,100,42,58,國泰-敦南,2023-02-09,8888
6441,廣錠,89,33,56,國泰-敦南,2023-02-09,8888
4128,中天,193,138,55,國泰-敦南,2023-02-09,8888
5258,虹堡,188,134,54,國泰-敦南,2023-02-09,8888
9907,統一實,57,4,53,國泰-敦南,2023-02-09,8888
00713,元大台灣高息低波,83,30,53,國泰-敦南,2023-02-09,8888
911868,同方友友-DR,73,20,53,國泰-敦南,2023-02-09,8888
00878,國泰永續高股息,5936,309,5627,國泰-敦南,2023-02-10,8888
00632R,元大台灣50反1,2474,319,2155,國泰-敦南,2023-02-10,8888
00712,復華富時不動產,1493,476,1017,國泰-敦南,2023-02-10,8888
0056,元大高股息,660,223,437,國泰-敦南,2023-02-10,8888
00679B,元大美債20年,450,34,416,國泰-敦南,2023-02-10,8888
2618,長榮航,873,484,389,國泰-敦南,2023-02-10,8888
2610,華航,761,384,377,國泰-敦南,2023-02-10,8888
6116,彩晶,476,108,368,國泰-敦南,2023-02-10,8888
00772B,中信高評級公司債,373,19,354,國泰-敦南,2023-02-10,8888
6282,康舒,802,488,314,國泰-敦南,2023-02-10,8888
2888,新光金,432,139,293,國泰-敦南,2023-02-10,8888
00720B,元大投資級公司債,310,18,292,國泰-敦南,2023-02-10,8888
2498,宏達電,826,548,278,國泰-敦南,2023-02-10,8888
2344,華邦電,410,134,276,國泰-敦南,2023-02-10,8888
2609,陽明,402,176,226,國泰-敦南,2023-02-10,8888
1605,華新,934,712,222,國泰-敦南,2023-02-10,8888
2634,漢翔,2315,2102,213,國泰-敦南,2023-02-10,8888
2867,三商壽,256,65,191,國泰-敦南,2023-02-10,8888
00751B,元大AAA至A公司債,207,17,190,國泰-敦南,2023-02-10,8888
2883,凱基金,249,60,189,國泰-敦南,2023-02-10,8888
4960,誠美材,206,26,180,國泰-敦南,2023-02-10,8888
00673R,期元大S＆P原油反1,386,211,175,國泰-敦南,2023-02-10,8888
00900,富邦特選高股息30,294,119,175,國泰-敦南,2023-02-10,8888
00753L,中信中國50正2,245,82,163,國泰-敦南,2023-02-10,8888
00713,元大台灣高息低波,177,16,161,國泰-敦南,2023-02-10,8888
00665L,富邦�琤肭磪囓�2,368,215,153,國泰-敦南,2023-02-10,8888
2409,友達,515,366,149,國泰-敦南,2023-02-10,8888
3037,欣興,242,118,124,國泰-敦南,2023-02-10,8888
2453,凌群,631,508,123,國泰-敦南,2023-02-10,8888
00773B,中信優先金融債,130,9,121,國泰-敦南,2023-02-10,8888
3207,耀勝,178,60,118,國泰-敦南,2023-02-10,8888
3481,群創,576,461,115,國泰-敦南,2023-02-10,8888
1584,精剛,1172,1057,115,國泰-敦南,2023-02-10,8888
4130,健亞,279,173,106,國泰-敦南,2023-02-10,8888
2603,長榮,342,239,103,國泰-敦南,2023-02-10,8888
2881,富邦金,124,24,100,國泰-敦南,2023-02-10,8888
2324,仁寶,162,68,94,國泰-敦南,2023-02-10,8888
2368,金像電,231,139,92,國泰-敦南,2023-02-10,8888
00905,FT臺灣Smart,107,18,89,國泰-敦南,2023-02-10,8888
1312,國喬,85,3,82,國泰-敦南,2023-02-10,8888
00637L,元大滬深300正2,153,71,82,國泰-敦南,2023-02-10,8888
6558,興能高,130,49,81,國泰-敦南,2023-02-10,8888
8996,高力,418,339,79,國泰-敦南,2023-02-10,8888
2338,光罩,167,90,77,國泰-敦南,2023-02-10,8888
00670L,富邦NASDAQ正2,139,64,75,國泰-敦南,2023-02-10,8888
00891,中信關鍵半導體,281,207,74,國泰-敦南,2023-02-10,8888
00903,富邦元宇宙,119,45,74,國泰-敦南,2023-02-10,8888
9945,潤泰新,84,12,72,國泰-敦南,2023-02-10,8888
3162,精確,145,74,71,國泰-敦南,2023-02-10,8888
1325,恆大,71,1,70,國泰-敦南,2023-02-10,8888
00878,國泰永續高股息,5740,1242,4498,國泰-敦南,2023-02-13,8888
00632R,元大台灣50反1,2815,683,2132,國泰-敦南,2023-02-13,8888
00882,中信中國高股息,2336,312,2024,國泰-敦南,2023-02-13,8888
00673R,期元大S＆P原油反1,813,64,749,國泰-敦南,2023-02-13,8888
00679B,元大美債20年,738,45,693,國泰-敦南,2023-02-13,8888
00772B,中信高評級公司債,495,57,438,國泰-敦南,2023-02-13,8888
00720B,元大投資級公司債,428,31,397,國泰-敦南,2023-02-13,8888
2409,友達,573,222,351,國泰-敦南,2023-02-13,8888
1701,中化,642,293,349,國泰-敦南,2023-02-13,8888
0056,元大高股息,547,198,349,國泰-敦南,2023-02-13,8888
2618,長榮航,655,342,313,國泰-敦南,2023-02-13,8888
2303,聯電,575,303,272,國泰-敦南,2023-02-13,8888
2610,華航,1022,764,258,國泰-敦南,2023-02-13,8888
00751B,元大AAA至A公司債,230,36,194,國泰-敦南,2023-02-13,8888
2888,新光金,297,106,191,國泰-敦南,2023-02-13,8888
00712,復華富時不動產,351,167,184,國泰-敦南,2023-02-13,8888
8033,雷虎,318,170,148,國泰-敦南,2023-02-13,8888
2201,裕隆,322,175,147,國泰-敦南,2023-02-13,8888
00885,富邦越南,223,77,146,國泰-敦南,2023-02-13,8888
2498,宏達電,501,356,145,國泰-敦南,2023-02-13,8888
2609,陽明,475,336,139,國泰-敦南,2023-02-13,8888
00773B,中信優先金融債,155,16,139,國泰-敦南,2023-02-13,8888
3481,群創,555,423,132,國泰-敦南,2023-02-13,8888
6443,元晶,231,107,124,國泰-敦南,2023-02-13,8888
6116,彩晶,175,64,111,國泰-敦南,2023-02-13,8888
2897,王道銀行,154,48,106,國泰-敦南,2023-02-13,8888
00900,富邦特選高股息30,268,165,103,國泰-敦南,2023-02-13,8888
2344,華邦電,174,72,102,國泰-敦南,2023-02-13,8888
9945,潤泰新,147,49,98,國泰-敦南,2023-02-13,8888
6235,華孚,813,716,97,國泰-敦南,2023-02-13,8888
4960,誠美材,275,180,95,國泰-敦南,2023-02-13,8888
3419,譁裕,97,2,95,國泰-敦南,2023-02-13,8888
00664R,國泰臺灣加權反1,92,1,91,國泰-敦南,2023-02-13,8888
00665L,富邦�琤肭磪囓�2,294,205,89,國泰-敦南,2023-02-13,8888
2812,台中銀,124,36,88,國泰-敦南,2023-02-13,8888
1584,精剛,353,268,85,國泰-敦南,2023-02-13,8888
4979,華星光,375,291,84,國泰-敦南,2023-02-13,8888
00919,群益台灣精選高息,116,33,83,國泰-敦南,2023-02-13,8888
6806,森崴能源,351,269,82,國泰-敦南,2023-02-13,8888
4931,新盛力,375,296,79,國泰-敦南,2023-02-13,8888
6770,力積電,123,49,74,國泰-敦南,2023-02-13,8888
6133,金橋,118,45,73,國泰-敦南,2023-02-13,8888
3289,宜特,170,102,68,國泰-敦南,2023-02-13,8888
5608,四維航,89,23,66,國泰-敦南,2023-02-13,8888
1217,愛之味,100,37,63,國泰-敦南,2023-02-13,8888
3207,耀勝,170,109,61,國泰-敦南,2023-02-13,8888
00891,中信關鍵半導體,129,72,57,國泰-敦南,2023-02-13,8888
9938,百和,78,24,54,國泰-敦南,2023-02-13,8888
2399,映泰,87,36,51,國泰-敦南,2023-02-13,8888
00780B,國泰A級金融債,51,1,50,國泰-敦南,2023-02-13,8888
00878,國泰永續高股息,3751,2445,1306,國泰-敦南,2023-02-14,8888
00632R,元大台灣50反1,1493,239,1254,國泰-敦南,2023-02-14,8888
00720B,元大投資級公司債,608,8,600,國泰-敦南,2023-02-14,8888
00673R,期元大S＆P原油反1,592,25,567,國泰-敦南,2023-02-14,8888
00679B,元大美債20年,298,24,274,國泰-敦南,2023-02-14,8888
00772B,中信高評級公司債,273,13,260,國泰-敦南,2023-02-14,8888
8222,寶一,1553,1318,235,國泰-敦南,2023-02-14,8888
2453,凌群,2012,1824,188,國泰-敦南,2023-02-14,8888
1605,華新,922,735,187,國泰-敦南,2023-02-14,8888
00669R,國泰美國道瓊反1,183,12,171,國泰-敦南,2023-02-14,8888
2884,玉山金,428,258,170,國泰-敦南,2023-02-14,8888
6235,華孚,543,380,163,國泰-敦南,2023-02-14,8888
2812,台中銀,172,20,152,國泰-敦南,2023-02-14,8888
2867,三商壽,186,38,148,國泰-敦南,2023-02-14,8888
00780B,國泰A級金融債,127,1,126,國泰-敦南,2023-02-14,8888
6282,康舒,301,188,113,國泰-敦南,2023-02-14,8888
2324,仁寶,120,12,108,國泰-敦南,2023-02-14,8888
6192,巨路,105,0,105,國泰-敦南,2023-02-14,8888
2890,永豐金,142,45,97,國泰-敦南,2023-02-14,8888
4114,健喬,903,813,90,國泰-敦南,2023-02-14,8888
8069,元太,444,355,89,國泰-敦南,2023-02-14,8888
00885,富邦越南,138,52,86,國泰-敦南,2023-02-14,8888
1402,遠東新,89,3,86,國泰-敦南,2023-02-14,8888
00676R,富邦臺灣加權反1,86,1,85,國泰-敦南,2023-02-14,8888
00665L,富邦�琤肭磪囓�2,328,245,83,國泰-敦南,2023-02-14,8888
00650L,復華香港正2,102,21,81,國泰-敦南,2023-02-14,8888
00680L,元大美債20正2,101,21,80,國泰-敦南,2023-02-14,8888
2885,元大金,112,32,80,國泰-敦南,2023-02-14,8888
00637L,元大滬深300正2,124,49,75,國泰-敦南,2023-02-14,8888
2014,中鴻,214,151,63,國泰-敦南,2023-02-14,8888
8996,高力,317,257,60,國泰-敦南,2023-02-14,8888
3029,零壹,172,113,59,國泰-敦南,2023-02-14,8888
1734,杏輝,88,32,56,國泰-敦南,2023-02-14,8888
3704,合勤控,135,79,56,國泰-敦南,2023-02-14,8888
6541,泰福-KY,95,40,55,國泰-敦南,2023-02-14,8888
6443,元晶,139,84,55,國泰-敦南,2023-02-14,8888
3479,安勤,216,163,53,國泰-敦南,2023-02-14,8888
2495,普安,105,53,52,國泰-敦南,2023-02-14,8888
00670L,富邦NASDAQ正2,68,20,48,國泰-敦南,2023-02-14,8888
2515,中工,47,2,45,國泰-敦南,2023-02-14,8888
6245,立端,163,120,43,國泰-敦南,2023-02-14,8888
2201,裕隆,277,235,42,國泰-敦南,2023-02-14,8888
2887,台新金,112,71,41,國泰-敦南,2023-02-14,8888
2413,環科,48,7,41,國泰-敦南,2023-02-14,8888
2314,台揚,72,32,40,國泰-敦南,2023-02-14,8888
4743,合一,140,101,39,國泰-敦南,2023-02-14,8888
1795,美時,449,410,39,國泰-敦南,2023-02-14,8888
4979,華星光,214,177,37,國泰-敦南,2023-02-14,8888
3022,威強電,63,25,38,國泰-敦南,2023-02-14,8888
00725B,國泰投資級公司債,37,0,37,國泰-敦南,2023-02-14,8888
00878,國泰永續高股息,10461,1851,8610,國泰-敦南,2023-02-15,8888
2618,長榮航,783,248,535,國泰-敦南,2023-02-15,8888
00905,FT臺灣Smart,520,57,463,國泰-敦南,2023-02-15,8888
0050,元大台灣50,467,106,361,國泰-敦南,2023-02-15,8888
00679B,元大美債20年,385,49,336,國泰-敦南,2023-02-15,8888
2409,友達,870,609,261,國泰-敦南,2023-02-15,8888
006208,富邦台50,343,88,255,國泰-敦南,2023-02-15,8888
00665L,富邦�琤肭磪囓�2,868,613,255,國泰-敦南,2023-02-15,8888
2884,玉山金,295,55,240,國泰-敦南,2023-02-15,8888
00753L,中信中國50正2,388,151,237,國泰-敦南,2023-02-15,8888
00780B,國泰A級金融債,226,16,210,國泰-敦南,2023-02-15,8888
6192,巨路,207,0,207,國泰-敦南,2023-02-15,8888
2330,台積電,572,370,202,國泰-敦南,2023-02-15,8888
2882,國泰金,413,241,172,國泰-敦南,2023-02-15,8888
00881,國泰台灣5G+,358,192,166,國泰-敦南,2023-02-15,8888
2891,中信金,249,84,165,國泰-敦南,2023-02-15,8888
2027,大成鋼,265,110,155,國泰-敦南,2023-02-15,8888
00882,中信中國高股息,273,125,148,國泰-敦南,2023-02-15,8888
6770,力積電,182,41,141,國泰-敦南,2023-02-15,8888
2610,華航,655,515,140,國泰-敦南,2023-02-15,8888
00692,富邦公司治理,181,43,138,國泰-敦南,2023-02-15,8888
00713,元大台灣高息低波,201,67,134,國泰-敦南,2023-02-15,8888
00907,永豐優息存股,146,16,130,國泰-敦南,2023-02-15,8888
00900,富邦特選高股息30,315,188,127,國泰-敦南,2023-02-15,8888
00772B,中信高評級公司債,183,62,121,國泰-敦南,2023-02-15,8888
2609,陽明,239,119,120,國泰-敦南,2023-02-15,8888
00720B,元大投資級公司債,174,57,117,國泰-敦南,2023-02-15,8888
2344,華邦電,170,54,116,國泰-敦南,2023-02-15,8888
5425,台半,492,377,115,國泰-敦南,2023-02-15,8888
0056,元大高股息,418,303,115,國泰-敦南,2023-02-15,8888
00891,中信關鍵半導體,512,405,107,國泰-敦南,2023-02-15,8888
2812,台中銀,112,6,106,國泰-敦南,2023-02-15,8888
2883,凱基金,191,86,105,國泰-敦南,2023-02-15,8888
5706,鳳凰,581,490,91,國泰-敦南,2023-02-15,8888
3189,景碩,152,61,91,國泰-敦南,2023-02-15,8888
2337,旺宏,161,71,90,國泰-敦南,2023-02-15,8888
2880,華南金,94,9,85,國泰-敦南,2023-02-15,8888
5347,世界,159,76,83,國泰-敦南,2023-02-15,8888
00706L,期元大S＆P日圓正2,85,3,82,國泰-敦南,2023-02-15,8888
2881,富邦金,117,42,75,國泰-敦南,2023-02-15,8888
6278,台表科,93,19,74,國泰-敦南,2023-02-15,8888
00637L,元大滬深300正2,168,97,71,國泰-敦南,2023-02-15,8888
2705,六福,83,15,68,國泰-敦南,2023-02-15,8888
3540,曜越,158,91,67,國泰-敦南,2023-02-15,8888
2471,資通,898,832,66,國泰-敦南,2023-02-15,8888
8222,寶一,529,464,65,國泰-敦南,2023-02-15,8888
00671R,富邦NASDAQ反1,72,8,64,國泰-敦南,2023-02-15,8888
2603,長榮,135,72,63,國泰-敦南,2023-02-15,8888
2887,台新金,106,42,64,國泰-敦南,2023-02-15,8888
2892,第一金,131,69,62,國泰-敦南,2023-02-15,8888
00878,國泰永續高股息,8611,1920,6691,國泰-敦南,2023-02-16,8888
00679B,元大美債20年,1536,150,1386,國泰-敦南,2023-02-16,8888
00632R,元大台灣50反1,1603,470,1133,國泰-敦南,2023-02-16,8888
00772B,中信高評級公司債,554,51,503,國泰-敦南,2023-02-16,8888
00673R,期元大S＆P原油反1,442,69,373,國泰-敦南,2023-02-16,8888
2809,京城銀,293,2,291,國泰-敦南,2023-02-16,8888
1503,士電,576,323,253,國泰-敦南,2023-02-16,8888
00720B,元大投資級公司債,335,107,228,國泰-敦南,2023-02-16,8888
1513,中興電,1083,890,193,國泰-敦南,2023-02-16,8888
00751B,元大AAA至A公司債,304,119,185,國泰-敦南,2023-02-16,8888
2812,台中銀,185,18,167,國泰-敦南,2023-02-16,8888
00706L,期元大S＆P日圓正2,133,5,128,國泰-敦南,2023-02-16,8888
4744,皇將,157,42,115,國泰-敦南,2023-02-16,8888
1591,駿吉-KY,148,37,111,國泰-敦南,2023-02-16,8888
2888,新光金,169,64,105,國泰-敦南,2023-02-16,8888
1609,大亞,518,423,95,國泰-敦南,2023-02-16,8888
3037,欣興,444,351,93,國泰-敦南,2023-02-16,8888
00773B,中信優先金融債,96,3,93,國泰-敦南,2023-02-16,8888
00795B,中信美國公債20年,87,1,86,國泰-敦南,2023-02-16,8888
1101,台泥,210,132,78,國泰-敦南,2023-02-16,8888
2501,國建,76,0,76,國泰-敦南,2023-02-16,8888
00708L,期元大S＆P黃金正2,75,1,74,國泰-敦南,2023-02-16,8888
3290,東浦,114,42,72,國泰-敦南,2023-02-16,8888
00900,富邦特選高股息30,155,86,69,國泰-敦南,2023-02-16,8888
2881,富邦金,96,29,67,國泰-敦南,2023-02-16,8888
2208,台船,76,10,66,國泰-敦南,2023-02-16,8888
2887,台新金,139,73,66,國泰-敦南,2023-02-16,8888
00687B,國泰20年美債,70,5,65,國泰-敦南,2023-02-16,8888
5328,華容,73,8,65,國泰-敦南,2023-02-16,8888
2014,中鴻,193,131,62,國泰-敦南,2023-02-16,8888
3058,立德,82,20,62,國泰-敦南,2023-02-16,8888
4915,致伸,77,16,61,國泰-敦南,2023-02-16,8888
2884,玉山金,189,129,60,國泰-敦南,2023-02-16,8888
5347,世界,78,20,58,國泰-敦南,2023-02-16,8888
2889,國票金,69,12,57,國泰-敦南,2023-02-16,8888
00688L,國泰20年美債正2,57,0,57,國泰-敦南,2023-02-16,8888
6712,長聖,87,31,56,國泰-敦南,2023-02-16,8888
6806,森崴能源,275,221,54,國泰-敦南,2023-02-16,8888
9907,統一實,54,4,50,國泰-敦南,2023-02-16,8888
3624,光頡,211,161,50,國泰-敦南,2023-02-16,8888
2337,旺宏,88,39,49,國泰-敦南,2023-02-16,8888
00713,元大台灣高息低波,100,52,48,國泰-敦南,2023-02-16,8888
3231,緯創,72,25,47,國泰-敦南,2023-02-16,8888
6005,群益證,50,6,44,國泰-敦南,2023-02-16,8888
1519,華城,261,217,44,國泰-敦南,2023-02-16,8888
9938,百和,55,13,42,國泰-敦南,2023-02-16,8888
3049,精金,46,5,41,國泰-敦南,2023-02-16,8888
5880,合庫金,48,8,40,國泰-敦南,2023-02-16,8888
8421,旭源,107,69,38,國泰-敦南,2023-02-16,8888
3105,穩懋,83,47,36,國泰-敦南,2023-02-16,8888
00878,國泰永續高股息,4755,955,3800,國泰-敦南,2023-02-17,8888
00679B,元大美債20年,1387,108,1279,國泰-敦南,2023-02-17,8888
00772B,中信高評級公司債,828,150,678,國泰-敦南,2023-02-17,8888
2618,長榮航,1446,836,610,國泰-敦南,2023-02-17,8888
2610,華航,3516,2965,551,國泰-敦南,2023-02-17,8888
00900,富邦特選高股息30,543,77,466,國泰-敦南,2023-02-17,8888
00893,國泰智能電動車,685,242,443,國泰-敦南,2023-02-17,8888
00751B,元大AAA至A公司債,389,11,378,國泰-敦南,2023-02-17,8888
00753L,中信中國50正2,445,113,332,國泰-敦南,2023-02-17,8888
00680L,元大美債20正2,481,223,258,國泰-敦南,2023-02-17,8888
0050,元大台灣50,289,39,250,國泰-敦南,2023-02-17,8888
00665L,富邦�琤肭磪囓�2,311,82,229,國泰-敦南,2023-02-17,8888
0056,元大高股息,512,288,224,國泰-敦南,2023-02-17,8888
00882,中信中國高股息,289,104,185,國泰-敦南,2023-02-17,8888
2330,台積電,302,121,181,國泰-敦南,2023-02-17,8888
00773B,中信優先金融債,226,46,180,國泰-敦南,2023-02-17,8888
006208,富邦台50,219,43,176,國泰-敦南,2023-02-17,8888
1605,華新,1284,1120,164,國泰-敦南,2023-02-17,8888
00885,富邦越南,356,206,150,國泰-敦南,2023-02-17,8888
00706L,期元大S＆P日圓正2,137,0,137,國泰-敦南,2023-02-17,8888
00902,中信電池及儲能,142,21,121,國泰-敦南,2023-02-17,8888
3024,憶聲,151,32,119,國泰-敦南,2023-02-17,8888
00632R,元大台灣50反1,1080,964,116,國泰-敦南,2023-02-17,8888
00891,中信關鍵半導體,171,62,109,國泰-敦南,2023-02-17,8888
2615,萬海,189,82,107,國泰-敦南,2023-02-17,8888
00907,永豐優息存股,106,3,103,國泰-敦南,2023-02-17,8888
2867,三商壽,147,44,103,國泰-敦南,2023-02-17,8888
2201,裕隆,566,465,101,國泰-敦南,2023-02-17,8888
2471,資通,547,447,100,國泰-敦南,2023-02-17,8888
00725B,國泰投資級公司債,105,5,100,國泰-敦南,2023-02-17,8888
6116,彩晶,340,251,89,國泰-敦南,2023-02-17,8888
2344,華邦電,562,473,89,國泰-敦南,2023-02-17,8888
4919,新唐,218,129,89,國泰-敦南,2023-02-17,8888
3711,日月光投控,89,3,86,國泰-敦南,2023-02-17,8888
2409,友達,672,591,81,國泰-敦南,2023-02-17,8888
00795B,中信美國公債20年,90,9,81,國泰-敦南,2023-02-17,8888
00715L,期街口布蘭特正2,204,126,78,國泰-敦南,2023-02-17,8888
2892,第一金,104,26,78,國泰-敦南,2023-02-17,8888
00903,富邦元宇宙,97,20,77,國泰-敦南,2023-02-17,8888
4979,華星光,205,128,77,國泰-敦南,2023-02-17,8888
2027,大成鋼,93,19,74,國泰-敦南,2023-02-17,8888
2002,中鋼,144,70,74,國泰-敦南,2023-02-17,8888
00881,國泰台灣5G+,155,88,67,國泰-敦南,2023-02-17,8888
8358,金居,145,78,67,國泰-敦南,2023-02-17,8888
00650L,復華香港正2,75,8,67,國泰-敦南,2023-02-17,8888
00688L,國泰20年美債正2,67,0,67,國泰-敦南,2023-02-17,8888
1402,遠東新,65,0,65,國泰-敦南,2023-02-17,8888
8033,雷虎,100,35,65,國泰-敦南,2023-02-17,8888
4961,天鈺,927,863,64,國泰-敦南,2023-02-17,8888
4113,聯上,68,4,64,國泰-敦南,2023-02-17,8888
00632R,元大台灣50反1,1377,484,893,國泰-敦南,2023-02-20,8888
00902,中信電池及儲能,857,325,532,國泰-敦南,2023-02-20,8888
00679B,元大美債20年,603,86,517,國泰-敦南,2023-02-20,8888
2867,三商壽,465,95,370,國泰-敦南,2023-02-20,8888
2610,華航,2098,1752,346,國泰-敦南,2023-02-20,8888
6116,彩晶,538,257,281,國泰-敦南,2023-02-20,8888
2634,漢翔,557,277,280,國泰-敦南,2023-02-20,8888
00893,國泰智能電動車,309,79,230,國泰-敦南,2023-02-20,8888
1503,士電,575,370,205,國泰-敦南,2023-02-20,8888
00772B,中信高評級公司債,214,15,199,國泰-敦南,2023-02-20,8888
00712,復華富時不動產,261,66,195,國泰-敦南,2023-02-20,8888
2317,鴻海,291,105,186,國泰-敦南,2023-02-20,8888
6235,華孚,816,633,183,國泰-敦南,2023-02-20,8888
2705,六福,273,107,166,國泰-敦南,2023-02-20,8888
1447,力鵬,169,27,142,國泰-敦南,2023-02-20,8888
3481,群創,1910,1770,140,國泰-敦南,2023-02-20,8888
6541,泰福-KY,191,60,131,國泰-敦南,2023-02-20,8888
00751B,元大AAA至A公司債,161,40,121,國泰-敦南,2023-02-20,8888
00680L,元大美債20正2,145,24,121,國泰-敦南,2023-02-20,8888
3049,精金,239,126,113,國泰-敦南,2023-02-20,8888
00665L,富邦�琤肭磪囓�2,584,472,112,國泰-敦南,2023-02-20,8888
8358,金居,241,130,111,國泰-敦南,2023-02-20,8888
8222,寶一,329,221,108,國泰-敦南,2023-02-20,8888
1795,美時,383,278,105,國泰-敦南,2023-02-20,8888
4743,合一,495,395,100,國泰-敦南,2023-02-20,8888
00715L,期街口布蘭特正2,136,37,99,國泰-敦南,2023-02-20,8888
1513,中興電,922,827,95,國泰-敦南,2023-02-20,8888
2748,雲品,685,589,96,國泰-敦南,2023-02-20,8888
2731,雄獅,254,163,91,國泰-敦南,2023-02-20,8888
00903,富邦元宇宙,89,1,88,國泰-敦南,2023-02-20,8888
00753L,中信中國50正2,298,211,87,國泰-敦南,2023-02-20,8888
3022,威強電,168,85,83,國泰-敦南,2023-02-20,8888
2883,凱基金,415,341,74,國泰-敦南,2023-02-20,8888
1701,中化,162,89,73,國泰-敦南,2023-02-20,8888
00720B,元大投資級公司債,154,83,71,國泰-敦南,2023-02-20,8888
4919,新唐,166,98,68,國泰-敦南,2023-02-20,8888
4526,東台,180,113,67,國泰-敦南,2023-02-20,8888
00882,中信中國高股息,393,328,65,國泰-敦南,2023-02-20,8888
00725B,國泰投資級公司債,71,7,64,國泰-敦南,2023-02-20,8888
1304,台聚,141,79,62,國泰-敦南,2023-02-20,8888
2883B,凱基金乙特,64,2,62,國泰-敦南,2023-02-20,8888
3013,晟銘電,127,70,57,國泰-敦南,2023-02-20,8888
00795B,中信美國公債20年,58,2,56,國泰-敦南,2023-02-20,8888
00687B,國泰20年美債,56,0,56,國泰-敦南,2023-02-20,8888
5475,德宏,114,59,55,國泰-敦南,2023-02-20,8888
2812,台中銀,121,66,55,國泰-敦南,2023-02-20,8888
2332,友訊,96,42,54,國泰-敦南,2023-02-20,8888
00670L,富邦NASDAQ正2,71,17,54,國泰-敦南,2023-02-20,8888
4164,承業醫,151,98,53,國泰-敦南,2023-02-20,8888
00921,兆豐龍頭等權重,53,0,53,國泰-敦南,2023-02-20,8888
2884,玉山金,3598,998,2600,國泰-敦南,2023-02-21,8888
2867,三商壽,1066,121,945,國泰-敦南,2023-02-21,8888
00679B,元大美債20年,862,56,806,國泰-敦南,2023-02-21,8888
2618,長榮航,1652,931,721,國泰-敦南,2023-02-21,8888
00715L,期街口布蘭特正2,620,160,460,國泰-敦南,2023-02-21,8888
8936,國統,713,285,428,國泰-敦南,2023-02-21,8888
00632R,元大台灣50反1,564,176,388,國泰-敦南,2023-02-21,8888
00772B,中信高評級公司債,305,22,283,國泰-敦南,2023-02-21,8888
2457,飛宏,1924,1647,277,國泰-敦南,2023-02-21,8888
00751B,元大AAA至A公司債,272,13,259,國泰-敦南,2023-02-21,8888
1605,華新,1003,746,257,國泰-敦南,2023-02-21,8888
00720B,元大投資級公司債,354,129,225,國泰-敦南,2023-02-21,8888
2882,國泰金,347,130,217,國泰-敦南,2023-02-21,8888
6288,聯嘉,1085,874,211,國泰-敦南,2023-02-21,8888
00885,富邦越南,490,301,189,國泰-敦南,2023-02-21,8888
2888,新光金,238,53,185,國泰-敦南,2023-02-21,8888
00882,中信中國高股息,317,153,164,國泰-敦南,2023-02-21,8888
1513,中興電,1448,1287,161,國泰-敦南,2023-02-21,8888
2610,華航,1598,1437,161,國泰-敦南,2023-02-21,8888
00753L,中信中國50正2,360,204,156,國泰-敦南,2023-02-21,8888
00725B,國泰投資級公司債,177,28,149,國泰-敦南,2023-02-21,8888
00665L,富邦�琤肭磪囓�2,606,463,143,國泰-敦南,2023-02-21,8888
3011,今皓,179,43,136,國泰-敦南,2023-02-21,8888
5512,力麒,157,34,123,國泰-敦南,2023-02-21,8888
00795B,中信美國公債20年,118,0,118,國泰-敦南,2023-02-21,8888
2748,雲品,283,166,117,國泰-敦南,2023-02-21,8888
1810,和成,426,337,89,國泰-敦南,2023-02-21,8888
2886,兆豐金,141,53,88,國泰-敦南,2023-02-21,8888
6266,泰詠,209,124,85,國泰-敦南,2023-02-21,8888
6142,友勁,94,9,85,國泰-敦南,2023-02-21,8888
5258,虹堡,508,424,84,國泰-敦南,2023-02-21,8888
3594,磐儀,908,825,83,國泰-敦南,2023-02-21,8888
3027,盛達,585,505,80,國泰-敦南,2023-02-21,8888
00878,國泰永續高股息,1362,1282,80,國泰-敦南,2023-02-21,8888
00773B,中信優先金融債,82,2,80,國泰-敦南,2023-02-21,8888
8105,凌巨,129,52,77,國泰-敦南,2023-02-21,8888
4979,華星光,334,260,74,國泰-敦南,2023-02-21,8888
3704,合勤控,113,40,73,國泰-敦南,2023-02-21,8888
3128,昇銳,210,139,71,國泰-敦南,2023-02-21,8888
1584,精剛,631,561,70,國泰-敦南,2023-02-21,8888
5701,劍湖山,123,56,67,國泰-敦南,2023-02-21,8888
9105,泰金寶-DR,71,4,67,國泰-敦南,2023-02-21,8888
2368,金像電,222,157,65,國泰-敦南,2023-02-21,8888
2317,鴻海,121,57,64,國泰-敦南,2023-02-21,8888
2208,台船,453,389,64,國泰-敦南,2023-02-21,8888
3049,精金,135,72,63,國泰-敦南,2023-02-21,8888
5452,佶優,93,32,61,國泰-敦南,2023-02-21,8888
00712,復華富時不動產,141,80,61,國泰-敦南,2023-02-21,8888
4961,天鈺,423,362,61,國泰-敦南,2023-02-21,8888
5425,台半,189,128,61,國泰-敦南,2023-02-21,8888
00878,國泰永續高股息,5279,1054,4225,國泰-敦南,2023-02-22,8888
00712,復華富時不動產,1292,480,812,國泰-敦南,2023-02-22,8888
00671R,富邦NASDAQ反1,697,37,660,國泰-敦南,2023-02-22,8888
00772B,中信高評級公司債,580,57,523,國泰-敦南,2023-02-22,8888
2618,長榮航,886,380,506,國泰-敦南,2023-02-22,8888
00720B,元大投資級公司債,477,45,432,國泰-敦南,2023-02-22,8888
00751B,元大AAA至A公司債,415,26,389,國泰-敦南,2023-02-22,8888
6282,康舒,983,656,327,國泰-敦南,2023-02-22,8888
2498,宏達電,521,195,326,國泰-敦南,2023-02-22,8888
3035,智原,686,367,319,國泰-敦南,2023-02-22,8888
00679B,元大美債20年,433,120,313,國泰-敦南,2023-02-22,8888
0056,元大高股息,578,266,312,國泰-敦南,2023-02-22,8888
00893,國泰智能電動車,487,212,275,國泰-敦南,2023-02-22,8888
4979,華星光,367,98,269,國泰-敦南,2023-02-22,8888
0050,元大台灣50,294,50,244,國泰-敦南,2023-02-22,8888
00902,中信電池及儲能,255,14,241,國泰-敦南,2023-02-22,8888
2303,聯電,364,125,239,國泰-敦南,2023-02-22,8888
00725B,國泰投資級公司債,232,7,225,國泰-敦南,2023-02-22,8888
00680L,元大美債20正2,245,22,223,國泰-敦南,2023-02-22,8888
00753L,中信中國50正2,328,115,213,國泰-敦南,2023-02-22,8888
6116,彩晶,689,483,206,國泰-敦南,2023-02-22,8888
00632R,元大台灣50反1,1042,841,201,國泰-敦南,2023-02-22,8888
2201,裕隆,378,191,187,國泰-敦南,2023-02-22,8888
2883,凱基金,294,112,182,國泰-敦南,2023-02-22,8888
2881,富邦金,224,45,179,國泰-敦南,2023-02-22,8888
2388,威盛,474,297,177,國泰-敦南,2023-02-22,8888
1513,中興電,813,646,167,國泰-敦南,2023-02-22,8888
1519,華城,1304,1143,161,國泰-敦南,2023-02-22,8888
00665L,富邦�琤肭磪囓�2,738,586,152,國泰-敦南,2023-02-22,8888
2888,新光金,233,82,151,國泰-敦南,2023-02-22,8888
3037,欣興,312,163,149,國泰-敦南,2023-02-22,8888
00773B,中信優先金融債,159,15,144,國泰-敦南,2023-02-22,8888
00905,FT臺灣Smart,234,99,135,國泰-敦南,2023-02-22,8888
2882,國泰金,311,179,132,國泰-敦南,2023-02-22,8888
00882,中信中國高股息,242,120,122,國泰-敦南,2023-02-22,8888
1524,耿鼎,182,61,121,國泰-敦南,2023-02-22,8888
00891,中信關鍵半導體,206,88,118,國泰-敦南,2023-02-22,8888
2889,國票金,183,71,112,國泰-敦南,2023-02-22,8888
2330,台積電,215,103,112,國泰-敦南,2023-02-22,8888
6770,力積電,166,60,106,國泰-敦南,2023-02-22,8888
8069,元太,424,318,106,國泰-敦南,2023-02-22,8888
00637L,元大滬深300正2,189,84,105,國泰-敦南,2023-02-22,8888
00897,富邦基因免疫生技,102,0,102,國泰-敦南,2023-02-22,8888
2317,鴻海,183,87,96,國泰-敦南,2023-02-22,8888
1101,台泥,225,130,95,國泰-敦南,2023-02-22,8888
006208,富邦台50,204,111,93,國泰-敦南,2023-02-22,8888
00830,國泰費城半導體,116,28,88,國泰-敦南,2023-02-22,8888
2867,三商壽,340,254,86,國泰-敦南,2023-02-22,8888
00664R,國泰臺灣加權反1,150,64,86,國泰-敦南,2023-02-22,8888
1795,美時,495,410,85,國泰-敦南,2023-02-22,8888
00632R,元大台灣50反1,2811,681,2130,國泰-敦南,2023-02-23,8888
00715L,期街口布蘭特正2,1553,155,1398,國泰-敦南,2023-02-23,8888
3481,群創,1841,1139,702,國泰-敦南,2023-02-23,8888
00720B,元大投資級公司債,715,53,662,國泰-敦南,2023-02-23,8888
00772B,中信高評級公司債,503,22,481,國泰-敦南,2023-02-23,8888
00712,復華富時不動產,625,148,477,國泰-敦南,2023-02-23,8888
00885,富邦越南,589,148,441,國泰-敦南,2023-02-23,8888
2409,友達,622,206,416,國泰-敦南,2023-02-23,8888
00751B,元大AAA至A公司債,351,11,340,國泰-敦南,2023-02-23,8888
00642U,期元大S＆P石油,309,25,284,國泰-敦南,2023-02-23,8888
00882,中信中國高股息,334,109,225,國泰-敦南,2023-02-23,8888
1605,華新,572,381,191,國泰-敦南,2023-02-23,8888
1514,亞力,799,609,190,國泰-敦南,2023-02-23,8888
2748,雲品,865,680,185,國泰-敦南,2023-02-23,8888
00679B,元大美債20年,299,127,172,國泰-敦南,2023-02-23,8888
00773B,中信優先金融債,196,23,173,國泰-敦南,2023-02-23,8888
00664R,國泰臺灣加權反1,203,31,172,國泰-敦南,2023-02-23,8888
2618,長榮航,429,264,165,國泰-敦南,2023-02-23,8888
00753L,中信中國50正2,250,107,143,國泰-敦南,2023-02-23,8888
2344,華邦電,253,112,141,國泰-敦南,2023-02-23,8888
2610,華航,858,732,126,國泰-敦南,2023-02-23,8888
2882,國泰金,260,136,124,國泰-敦南,2023-02-23,8888
2903,遠百,198,85,113,國泰-敦南,2023-02-23,8888
5009,榮剛,491,382,109,國泰-敦南,2023-02-23,8888
00650L,復華香港正2,159,57,102,國泰-敦南,2023-02-23,8888
6235,華孚,1060,959,101,國泰-敦南,2023-02-23,8888
00637L,元大滬深300正2,362,264,98,國泰-敦南,2023-02-23,8888
00725B,國泰投資級公司債,106,11,95,國泰-敦南,2023-02-23,8888
1506,正道,114,20,94,國泰-敦南,2023-02-23,8888
8044,網家,115,23,92,國泰-敦南,2023-02-23,8888
6116,彩晶,238,149,89,國泰-敦南,2023-02-23,8888
2457,飛宏,452,364,88,國泰-敦南,2023-02-23,8888
00670L,富邦NASDAQ正2,93,6,87,國泰-敦南,2023-02-23,8888
00669R,國泰美國道瓊反1,166,79,87,國泰-敦南,2023-02-23,8888
00676R,富邦臺灣加權反1,91,4,87,國泰-敦南,2023-02-23,8888
2834,臺企銀,522,439,83,國泰-敦南,2023-02-23,8888
2701,萬企,106,31,75,國泰-敦南,2023-02-23,8888
2482,連宇,265,192,73,國泰-敦南,2023-02-23,8888
3673,TPK-KY,159,89,70,國泰-敦南,2023-02-23,8888
3037,欣興,216,146,70,國泰-敦南,2023-02-23,8888
2323,中環,85,18,67,國泰-敦南,2023-02-23,8888
2038,海光,83,17,66,國泰-敦南,2023-02-23,8888
1219,福壽,70,5,65,國泰-敦南,2023-02-23,8888
3682,亞太電,66,2,64,國泰-敦南,2023-02-23,8888
2705,六福,348,284,64,國泰-敦南,2023-02-23,8888
00916,國泰全球品牌50,77,15,62,國泰-敦南,2023-02-23,8888
3594,磐儀,321,260,61,國泰-敦南,2023-02-23,8888
8996,高力,230,169,61,國泰-敦南,2023-02-23,8888
4979,華星光,357,297,60,國泰-敦南,2023-02-23,8888
2471,資通,310,252,58,國泰-敦南,2023-02-23,8888
00878,國泰永續高股息,2891,936,1955,國泰-敦南,2023-02-24,8888
00882,中信中國高股息,886,201,685,國泰-敦南,2023-02-24,8888
2618,長榮航,990,385,605,國泰-敦南,2023-02-24,8888
00753L,中信中國50正2,628,119,509,國泰-敦南,2023-02-24,8888
5512,力麒,794,362,432,國泰-敦南,2023-02-24,8888
3037,欣興,689,307,382,國泰-敦南,2023-02-24,8888
2317,鴻海,434,87,347,國泰-敦南,2023-02-24,8888
00637L,元大滬深300正2,536,196,340,國泰-敦南,2023-02-24,8888
2014,中鴻,431,109,322,國泰-敦南,2023-02-24,8888
00665L,富邦�琤肭磪囓�2,852,542,310,國泰-敦南,2023-02-24,8888
00712,復華富時不動產,332,53,279,國泰-敦南,2023-02-24,8888
1605,華新,826,549,277,國泰-敦南,2023-02-24,8888
2303,聯電,456,241,215,國泰-敦南,2023-02-24,8888
2363,矽統,231,25,206,國泰-敦南,2023-02-24,8888
2867,三商壽,244,68,176,國泰-敦南,2023-02-24,8888
00725B,國泰投資級公司債,193,21,172,國泰-敦南,2023-02-24,8888
1101,台泥,251,85,166,國泰-敦南,2023-02-24,8888
00679B,元大美債20年,177,23,154,國泰-敦南,2023-02-24,8888
2611,志信,394,242,152,國泰-敦南,2023-02-24,8888
2610,華航,807,665,142,國泰-敦南,2023-02-24,8888
2812,台中銀,183,45,138,國泰-敦南,2023-02-24,8888
2886,兆豐金,176,41,135,國泰-敦南,2023-02-24,8888
9105,泰金寶-DR,135,7,128,國泰-敦南,2023-02-24,8888
2887,台新金,185,58,127,國泰-敦南,2023-02-24,8888
2890,永豐金,230,104,126,國泰-敦南,2023-02-24,8888
00713,元大台灣高息低波,228,103,125,國泰-敦南,2023-02-24,8888
00680L,元大美債20正2,161,42,119,國泰-敦南,2023-02-24,8888
2399,映泰,337,221,116,國泰-敦南,2023-02-24,8888
00885,富邦越南,235,121,114,國泰-敦南,2023-02-24,8888
2002,中鋼,140,26,114,國泰-敦南,2023-02-24,8888
9945,潤泰新,124,21,103,國泰-敦南,2023-02-24,8888
5258,虹堡,644,541,103,國泰-敦南,2023-02-24,8888
2885,元大金,160,60,100,國泰-敦南,2023-02-24,8888
2613,中櫃,124,26,98,國泰-敦南,2023-02-24,8888
00720B,元大投資級公司債,152,56,96,國泰-敦南,2023-02-24,8888
00772B,中信高評級公司債,188,93,95,國泰-敦南,2023-02-24,8888
2748,雲品,490,399,91,國泰-敦南,2023-02-24,8888
00673R,期元大S＆P原油反1,270,182,88,國泰-敦南,2023-02-24,8888
006208,富邦台50,132,45,87,國泰-敦南,2023-02-24,8888
2605,新興,769,683,86,國泰-敦南,2023-02-24,8888
5009,榮剛,262,176,86,國泰-敦南,2023-02-24,8888
4919,新唐,307,223,84,國泰-敦南,2023-02-24,8888
2834,臺企銀,304,221,83,國泰-敦南,2023-02-24,8888
1584,精剛,280,199,81,國泰-敦南,2023-02-24,8888
2712,遠雄來,104,26,78,國泰-敦南,2023-02-24,8888
1108,幸福,132,53,79,國泰-敦南,2023-02-24,8888
2312,金寶,98,22,76,國泰-敦南,2023-02-24,8888
4968,立積,137,61,76,國泰-敦南,2023-02-24,8888
00664R,國泰臺灣加權反1,135,60,75,國泰-敦南,2023-02-24,8888
6443,元晶,204,129,75,國泰-敦南,2023-02-24,8888
00878,國泰永續高股息,4800,641,4159,國泰-敦南,2023-03-01,8888
1605,華新,1983,556,1427,國泰-敦南,2023-03-01,8888
00712,復華富時不動產,1509,475,1034,國泰-敦南,2023-03-01,8888
00680L,元大美債20正2,670,38,632,國泰-敦南,2023-03-01,8888
00673R,期元大S＆P原油反1,803,205,598,國泰-敦南,2023-03-01,8888
2002,中鋼,610,98,512,國泰-敦南,2023-03-01,8888
00679B,元大美債20年,532,92,440,國泰-敦南,2023-03-01,8888
2888,新光金,507,68,439,國泰-敦南,2023-03-01,8888
2882,國泰金,566,189,377,國泰-敦南,2023-03-01,8888
2885,元大金,422,52,370,國泰-敦南,2023-03-01,8888
00772B,中信高評級公司債,469,103,366,國泰-敦南,2023-03-01,8888
2344,華邦電,454,153,301,國泰-敦南,2023-03-01,8888
5608,四維航,1396,1098,298,國泰-敦南,2023-03-01,8888
2618,長榮航,658,360,298,國泰-敦南,2023-03-01,8888
1101,台泥,655,398,257,國泰-敦南,2023-03-01,8888
00773B,中信優先金融債,241,16,225,國泰-敦南,2023-03-01,8888
00885,富邦越南,288,71,217,國泰-敦南,2023-03-01,8888
2610,華航,925,721,204,國泰-敦南,2023-03-01,8888
00713,元大台灣高息低波,258,60,198,國泰-敦南,2023-03-01,8888
2884,玉山金,377,195,182,國泰-敦南,2023-03-01,8888
00720B,元大投資級公司債,229,48,181,國泰-敦南,2023-03-01,8888
5009,榮剛,273,95,178,國泰-敦南,2023-03-01,8888
6005,群益證,177,0,177,國泰-敦南,2023-03-01,8888
2617,台航,317,145,172,國泰-敦南,2023-03-01,8888
1220,台榮,239,79,160,國泰-敦南,2023-03-01,8888
2883,凱基金,310,151,159,國泰-敦南,2023-03-01,8888
2881,富邦金,166,12,154,國泰-敦南,2023-03-01,8888
2606,裕民,410,258,152,國泰-敦南,2023-03-01,8888
00751B,元大AAA至A公司債,192,48,144,國泰-敦南,2023-03-01,8888
6770,力積電,149,18,131,國泰-敦南,2023-03-01,8888
1721,三晃,131,5,126,國泰-敦南,2023-03-01,8888
2406,國碩,130,5,125,國泰-敦南,2023-03-01,8888
9945,潤泰新,274,156,118,國泰-敦南,2023-03-01,8888
1447,力鵬,125,13,112,國泰-敦南,2023-03-01,8888
6116,彩晶,389,283,106,國泰-敦南,2023-03-01,8888
2892,第一金,144,41,103,國泰-敦南,2023-03-01,8888
2845,遠東銀,125,22,103,國泰-敦南,2023-03-01,8888
5880,合庫金,154,52,102,國泰-敦南,2023-03-01,8888
1210,大成,420,318,102,國泰-敦南,2023-03-01,8888
2014,中鴻,540,447,93,國泰-敦南,2023-03-01,8888
8926,台汽電,108,16,92,國泰-敦南,2023-03-01,8888
5425,台半,243,153,90,國泰-敦南,2023-03-01,8888
2601,益航,876,791,85,國泰-敦南,2023-03-01,8888
5498,凱崴,154,70,84,國泰-敦南,2023-03-01,8888
2605,新興,1492,1409,83,國泰-敦南,2023-03-01,8888
1584,精剛,143,61,82,國泰-敦南,2023-03-01,8888
6235,華孚,283,202,81,國泰-敦南,2023-03-01,8888
3045,台灣大,82,2,80,國泰-敦南,2023-03-01,8888
2498,宏達電,797,717,80,國泰-敦南,2023-03-01,8888
3682,亞太電,100,23,77,國泰-敦南,2023-03-01,8888
00878,國泰永續高股息,5992,1062,4930,國泰-敦南,2023-03-02,8888
00712,復華富時不動產,2104,372,1732,國泰-敦南,2023-03-02,8888
00772B,中信高評級公司債,840,112,728,國泰-敦南,2023-03-02,8888
00679B,元大美債20年,593,94,499,國泰-敦南,2023-03-02,8888
2605,新興,1471,1011,460,國泰-敦南,2023-03-02,8888
2834,臺企銀,733,313,420,國泰-敦南,2023-03-02,8888
2886,兆豐金,448,36,412,國泰-敦南,2023-03-02,8888
00673R,期元大S＆P原油反1,630,252,378,國泰-敦南,2023-03-02,8888
00751B,元大AAA至A公司債,339,12,327,國泰-敦南,2023-03-02,8888
00720B,元大投資級公司債,295,10,285,國泰-敦南,2023-03-02,8888
2201,裕隆,589,337,252,國泰-敦南,2023-03-02,8888
2812,台中銀,293,55,238,國泰-敦南,2023-03-02,8888
00665L,富邦�琤肭磪囓�2,357,139,218,國泰-敦南,2023-03-02,8888
6282,康舒,470,262,208,國泰-敦南,2023-03-02,8888
00773B,中信優先金融債,231,24,207,國泰-敦南,2023-03-02,8888
00680L,元大美債20正2,326,148,178,國泰-敦南,2023-03-02,8888
00893,國泰智能電動車,220,46,174,國泰-敦南,2023-03-02,8888
2884,玉山金,322,148,174,國泰-敦南,2023-03-02,8888
1605,華新,2145,1972,173,國泰-敦南,2023-03-02,8888
2892,第一金,172,16,156,國泰-敦南,2023-03-02,8888
00725B,國泰投資級公司債,167,15,152,國泰-敦南,2023-03-02,8888
00713,元大台灣高息低波,338,187,151,國泰-敦南,2023-03-02,8888
4960,誠美材,181,35,146,國泰-敦南,2023-03-02,8888
5880,合庫金,166,21,145,國泰-敦南,2023-03-02,8888
2891,中信金,193,60,133,國泰-敦南,2023-03-02,8888
00897,富邦基因免疫生技,137,6,131,國泰-敦南,2023-03-02,8888
3027,盛達,481,354,127,國泰-敦南,2023-03-02,8888
1529,樂事綠能,207,94,113,國泰-敦南,2023-03-02,8888
3707,漢磊,132,21,111,國泰-敦南,2023-03-02,8888
2002,中鋼,183,80,103,國泰-敦南,2023-03-02,8888
2498,宏達電,617,516,101,國泰-敦南,2023-03-02,8888
00902,中信電池及儲能,103,3,100,國泰-敦南,2023-03-02,8888
3481,群創,706,611,95,國泰-敦南,2023-03-02,8888
00885,富邦越南,186,91,95,國泰-敦南,2023-03-02,8888
1101,台泥,224,132,92,國泰-敦南,2023-03-02,8888
2867,三商壽,164,72,92,國泰-敦南,2023-03-02,8888
2701,萬企,136,46,90,國泰-敦南,2023-03-02,8888
6841,長佳智能,133,44,89,國泰-敦南,2023-03-02,8888
2303,聯電,220,134,86,國泰-敦南,2023-03-02,8888
00670L,富邦NASDAQ正2,106,21,85,國泰-敦南,2023-03-02,8888
1215,卜蜂,168,90,78,國泰-敦南,2023-03-02,8888
8112,至上,267,190,77,國泰-敦南,2023-03-02,8888
6266,泰詠,173,98,75,國泰-敦南,2023-03-02,8888
2388,威盛,401,327,74,國泰-敦南,2023-03-02,8888
4915,致伸,249,175,74,國泰-敦南,2023-03-02,8888
2881,富邦金,179,108,71,國泰-敦南,2023-03-02,8888
2641,正德,280,211,69,國泰-敦南,2023-03-02,8888
00916,國泰全球品牌50,93,25,68,國泰-敦南,2023-03-02,8888
00655L,國泰中國A50正2,68,2,66,國泰-敦南,2023-03-02,8888
00907,永豐優息存股,76,11,65,國泰-敦南,2023-03-02,8888
00712,復華富時不動產,1435,320,1115,國泰-敦南,2023-03-03,8888
00679B,元大美債20年,531,51,480,國泰-敦南,2023-03-03,8888
00632R,元大台灣50反1,933,576,357,國泰-敦南,2023-03-03,8888
00751B,元大AAA至A公司債,354,11,343,國泰-敦南,2023-03-03,8888
2897,王道銀行,325,23,302,國泰-敦南,2023-03-03,8888
00713,元大台灣高息低波,438,155,283,國泰-敦南,2023-03-03,8888
1101,台泥,413,135,278,國泰-敦南,2023-03-03,8888
6235,華孚,1342,1115,227,國泰-敦南,2023-03-03,8888
2641,正德,375,148,227,國泰-敦南,2023-03-03,8888
00676R,富邦臺灣加權反1,233,16,217,國泰-敦南,2023-03-03,8888
2845,遠東銀,657,443,214,國泰-敦南,2023-03-03,8888
00772B,中信高評級公司債,362,156,206,國泰-敦南,2023-03-03,8888
00637L,元大滬深300正2,431,231,200,國泰-敦南,2023-03-03,8888
2340,台亞,246,56,190,國泰-敦南,2023-03-03,8888
2886,兆豐金,214,27,187,國泰-敦南,2023-03-03,8888
00664R,國泰臺灣加權反1,202,15,187,國泰-敦南,2023-03-03,8888
1605,華新,929,744,185,國泰-敦南,2023-03-03,8888
00673R,期元大S＆P原油反1,284,103,181,國泰-敦南,2023-03-03,8888
2834,臺企銀,662,489,173,國泰-敦南,2023-03-03,8888
2388,威盛,575,408,167,國泰-敦南,2023-03-03,8888
00885,富邦越南,281,119,162,國泰-敦南,2023-03-03,8888
3707,漢磊,297,139,158,國泰-敦南,2023-03-03,8888
2890,永豐金,168,20,148,國泰-敦南,2023-03-03,8888
2884,玉山金,308,162,146,國泰-敦南,2023-03-03,8888
6578,達邦蛋白,169,25,144,國泰-敦南,2023-03-03,8888
00720B,元大投資級公司債,160,19,141,國泰-敦南,2023-03-03,8888
2498,宏達電,561,421,140,國泰-敦南,2023-03-03,8888
2891,中信金,166,28,138,國泰-敦南,2023-03-03,8888
2867,三商壽,282,148,134,國泰-敦南,2023-03-03,8888
2887,台新金,189,61,128,國泰-敦南,2023-03-03,8888
1513,中興電,365,239,126,國泰-敦南,2023-03-03,8888
4510,高鋒,123,1,122,國泰-敦南,2023-03-03,8888
2610,華航,337,241,96,國泰-敦南,2023-03-03,8888
2201,裕隆,381,300,81,國泰-敦南,2023-03-03,8888
2449,京元電子,344,263,81,國泰-敦南,2023-03-03,8888
5701,劍湖山,83,6,77,國泰-敦南,2023-03-03,8888
2330,台積電,126,50,76,國泰-敦南,2023-03-03,8888
3162,精確,186,110,76,國泰-敦南,2023-03-03,8888
1752,南光,329,254,75,國泰-敦南,2023-03-03,8888
4915,致伸,143,69,74,國泰-敦南,2023-03-03,8888
8112,至上,296,224,72,國泰-敦南,2023-03-03,8888
4961,天鈺,278,208,70,國泰-敦南,2023-03-03,8888
6282,康舒,320,251,69,國泰-敦南,2023-03-03,8888
2442,新美齊,105,40,65,國泰-敦南,2023-03-03,8888
2883,凱基金,150,86,64,國泰-敦南,2023-03-03,8888
5009,榮剛,129,67,62,國泰-敦南,2023-03-03,8888
00671R,富邦NASDAQ反1,62,6,56,國泰-敦南,2023-03-03,8888
1314,中石化,97,42,55,國泰-敦南,2023-03-03,8888
00680L,元大美債20正2,114,59,55,國泰-敦南,2023-03-03,8888
1701,中化,123,69,54,國泰-敦南,2023-03-03,8888
00673R,期元大S＆P原油反1,1347,105,1242,國泰-敦南,2023-03-06,8888
00632R,元大台灣50反1,2388,1537,851,國泰-敦南,2023-03-06,8888
00680L,元大美債20正2,692,71,621,國泰-敦南,2023-03-06,8888
2618,長榮航,557,153,404,國泰-敦南,2023-03-06,8888
2609,陽明,796,529,267,國泰-敦南,2023-03-06,8888
00713,元大台灣高息低波,611,354,257,國泰-敦南,2023-03-06,8888
2605,新興,687,433,254,國泰-敦南,2023-03-06,8888
2344,華邦電,1374,1147,227,國泰-敦南,2023-03-06,8888
00712,復華富時不動產,637,429,208,國泰-敦南,2023-03-06,8888
8033,雷虎,446,240,206,國泰-敦南,2023-03-06,8888
00720B,元大投資級公司債,266,62,204,國泰-敦南,2023-03-06,8888
2610,華航,674,472,202,國泰-敦南,2023-03-06,8888
2891,中信金,248,52,196,國泰-敦南,2023-03-06,8888
2886,兆豐金,284,109,175,國泰-敦南,2023-03-06,8888
5608,四維航,574,402,172,國泰-敦南,2023-03-06,8888
1708,東鹼,292,135,157,國泰-敦南,2023-03-06,8888
00753L,中信中國50正2,233,79,154,國泰-敦南,2023-03-06,8888
00637L,元大滬深300正2,468,318,150,國泰-敦南,2023-03-06,8888
00885,富邦越南,301,160,141,國泰-敦南,2023-03-06,8888
00897,富邦基因免疫生技,125,3,122,國泰-敦南,2023-03-06,8888
2498,宏達電,412,314,98,國泰-敦南,2023-03-06,8888
2409,友達,589,491,98,國泰-敦南,2023-03-06,8888
00655L,國泰中國A50正2,89,0,89,國泰-敦南,2023-03-06,8888
2615,萬海,261,173,88,國泰-敦南,2023-03-06,8888
2105,正新,114,32,82,國泰-敦南,2023-03-06,8888
3006,晶豪科,163,96,67,國泰-敦南,2023-03-06,8888
3162,精確,108,41,67,國泰-敦南,2023-03-06,8888
1219,福壽,150,83,67,國泰-敦南,2023-03-06,8888
2462,良得電,98,33,65,國泰-敦南,2023-03-06,8888
1460,宏遠,75,10,65,國泰-敦南,2023-03-06,8888
4960,誠美材,99,35,64,國泰-敦南,2023-03-06,8888
1701,中化,125,61,64,國泰-敦南,2023-03-06,8888
1783,和康生,151,90,61,國泰-敦南,2023-03-06,8888
2313,華通,108,49,59,國泰-敦南,2023-03-06,8888
1220,台榮,110,51,59,國泰-敦南,2023-03-06,8888
00687B,國泰20年美債,71,13,58,國泰-敦南,2023-03-06,8888
00882,中信中國高股息,263,209,54,國泰-敦南,2023-03-06,8888
3321,同泰,73,21,52,國泰-敦南,2023-03-06,8888
2890,永豐金,85,34,51,國泰-敦南,2023-03-06,8888
3356,奇偶,709,658,51,國泰-敦南,2023-03-06,8888
00665L,富邦�琤肭磪囓�2,450,400,50,國泰-敦南,2023-03-06,8888
00675L,富邦臺灣加權正2,54,6,48,國泰-敦南,2023-03-06,8888
5512,力麒,112,64,48,國泰-敦南,2023-03-06,8888
2337,旺宏,83,36,47,國泰-敦南,2023-03-06,8888
4164,承業醫,115,70,45,國泰-敦南,2023-03-06,8888
3033,威健,55,10,45,國泰-敦南,2023-03-06,8888
3416,融程電,60,16,44,國泰-敦南,2023-03-06,8888
00650L,復華香港正2,150,106,44,國泰-敦南,2023-03-06,8888
3362,先進光,646,605,41,國泰-敦南,2023-03-06,8888
8110,華東,68,27,41,國泰-敦南,2023-03-06,8888
00673R,期元大S＆P原油反1,2166,150,2016,國泰-敦南,2023-03-07,8888
3481,群創,1824,998,826,國泰-敦南,2023-03-07,8888
2834,臺企銀,625,182,443,國泰-敦南,2023-03-07,8888
00712,復華富時不動產,621,237,384,國泰-敦南,2023-03-07,8888
9907,統一實,473,104,369,國泰-敦南,2023-03-07,8888
00772B,中信高評級公司債,288,42,246,國泰-敦南,2023-03-07,8888
1710,東聯,453,224,229,國泰-敦南,2023-03-07,8888
00679B,元大美債20年,264,36,228,國泰-敦南,2023-03-07,8888
2486,一詮,479,269,210,國泰-敦南,2023-03-07,8888
3013,晟銘電,822,622,200,國泰-敦南,2023-03-07,8888
6235,華孚,1660,1483,177,國泰-敦南,2023-03-07,8888
00720B,元大投資級公司債,182,10,172,國泰-敦南,2023-03-07,8888
6770,力積電,454,286,168,國泰-敦南,2023-03-07,8888
2344,華邦電,487,329,158,國泰-敦南,2023-03-07,8888
3019,亞光,289,137,152,國泰-敦南,2023-03-07,8888
5258,虹堡,367,236,131,國泰-敦南,2023-03-07,8888
00713,元大台灣高息低波,306,188,118,國泰-敦南,2023-03-07,8888
2618,長榮航,229,115,114,國泰-敦南,2023-03-07,8888
00885,富邦越南,316,203,113,國泰-敦南,2023-03-07,8888
2352,佳世達,195,83,112,國泰-敦南,2023-03-07,8888
1795,美時,260,157,103,國泰-敦南,2023-03-07,8888
9110,越南控-DR,103,2,101,國泰-敦南,2023-03-07,8888
6116,彩晶,372,277,95,國泰-敦南,2023-03-07,8888
1560,中砂,111,22,89,國泰-敦南,2023-03-07,8888
3037,欣興,178,89,89,國泰-敦南,2023-03-07,8888
00888,永豐台灣ESG,106,22,84,國泰-敦南,2023-03-07,8888
2610,華航,295,213,82,國泰-敦南,2023-03-07,8888
1503,士電,323,244,79,國泰-敦南,2023-03-07,8888
2482,連宇,656,577,79,國泰-敦南,2023-03-07,8888
1219,福壽,136,60,76,國泰-敦南,2023-03-07,8888
2888,新光金,111,36,75,國泰-敦南,2023-03-07,8888
6188,廣明,89,20,69,國泰-敦南,2023-03-07,8888
6234,高僑,231,166,65,國泰-敦南,2023-03-07,8888
8354,冠好,64,1,63,國泰-敦南,2023-03-07,8888
2534,宏盛,65,4,61,國泰-敦南,2023-03-07,8888
1760,寶齡富錦,220,159,61,國泰-敦南,2023-03-07,8888
4979,華星光,305,244,61,國泰-敦南,2023-03-07,8888
4167,松瑞藥,77,20,57,國泰-敦南,2023-03-07,8888
4976,佳凌,270,215,55,國泰-敦南,2023-03-07,8888
1210,大成,113,59,54,國泰-敦南,2023-03-07,8888
8478,東哥遊艇,237,183,54,國泰-敦南,2023-03-07,8888
2884,玉山金,241,188,53,國泰-敦南,2023-03-07,8888
6806,森崴能源,177,128,49,國泰-敦南,2023-03-07,8888
6104,創惟,100,51,49,國泰-敦南,2023-03-07,8888
2481,強茂,368,319,49,國泰-敦南,2023-03-07,8888
6548,長科*,176,128,48,國泰-敦南,2023-03-07,8888
00773B,中信優先金融債,87,40,47,國泰-敦南,2023-03-07,8888
1810,和成,77,31,46,國泰-敦南,2023-03-07,8888
4919,新唐,137,91,46,國泰-敦南,2023-03-07,8888
8289,泰藝,80,35,45,國泰-敦南,2023-03-07,8888
00753L,中信中國50正2,1005,263,742,國泰-敦南,2023-03-08,8888
00923,群益台ESG低碳50,612,32,580,國泰-敦南,2023-03-08,8888
00665L,富邦�琤肭磪囓�2,1131,561,570,國泰-敦南,2023-03-08,8888
00712,復華富時不動產,750,250,500,國泰-敦南,2023-03-08,8888
00882,中信中國高股息,527,68,459,國泰-敦南,2023-03-08,8888
00637L,元大滬深300正2,641,185,456,國泰-敦南,2023-03-08,8888
00713,元大台灣高息低波,501,95,406,國泰-敦南,2023-03-08,8888
00715L,期街口布蘭特正2,438,86,352,國泰-敦南,2023-03-08,8888
00772B,中信高評級公司債,442,135,307,國泰-敦南,2023-03-08,8888
2609,陽明,574,274,300,國泰-敦南,2023-03-08,8888
3013,晟銘電,689,394,295,國泰-敦南,2023-03-08,8888
1605,華新,1109,818,291,國泰-敦南,2023-03-08,8888
2498,宏達電,473,188,285,國泰-敦南,2023-03-08,8888
1101,台泥,306,49,257,國泰-敦南,2023-03-08,8888
00878,國泰永續高股息,1846,1623,223,國泰-敦南,2023-03-08,8888
0056,元大高股息,504,294,210,國泰-敦南,2023-03-08,8888
00720B,元大投資級公司債,231,22,209,國泰-敦南,2023-03-08,8888
9934,成霖,199,0,199,國泰-敦南,2023-03-08,8888
1504,東元,605,412,193,國泰-敦南,2023-03-08,8888
00706L,期元大S＆P日圓正2,190,8,182,國泰-敦南,2023-03-08,8888
2618,長榮航,321,140,181,國泰-敦南,2023-03-08,8888
2634,漢翔,1542,1364,178,國泰-敦南,2023-03-08,8888
00902,中信電池及儲能,327,151,176,國泰-敦南,2023-03-08,8888
2201,裕隆,324,153,171,國泰-敦南,2023-03-08,8888
00679B,元大美債20年,208,52,156,國泰-敦南,2023-03-08,8888
3093,港建*,411,257,154,國泰-敦南,2023-03-08,8888
1102,亞泥,194,41,153,國泰-敦南,2023-03-08,8888
5009,榮剛,952,801,151,國泰-敦南,2023-03-08,8888
2888,新光金,186,40,146,國泰-敦南,2023-03-08,8888
00650L,復華香港正2,195,49,146,國泰-敦南,2023-03-08,8888
6770,力積電,278,133,145,國泰-敦南,2023-03-08,8888
006208,富邦台50,181,38,143,國泰-敦南,2023-03-08,8888
2606,裕民,263,127,136,國泰-敦南,2023-03-08,8888
2884,玉山金,504,372,132,國泰-敦南,2023-03-08,8888
00900,富邦特選高股息30,239,109,130,國泰-敦南,2023-03-08,8888
9933,中鼎,161,37,124,國泰-敦南,2023-03-08,8888
3029,零壹,397,276,121,國泰-敦南,2023-03-08,8888
2442,新美齊,121,3,118,國泰-敦南,2023-03-08,8888
2605,新興,317,200,117,國泰-敦南,2023-03-08,8888
2883,凱基金,228,111,117,國泰-敦南,2023-03-08,8888
2603,長榮,254,140,114,國泰-敦南,2023-03-08,8888
00671R,富邦NASDAQ反1,125,16,109,國泰-敦南,2023-03-08,8888
2014,中鴻,120,19,101,國泰-敦南,2023-03-08,8888
6235,華孚,1514,1414,100,國泰-敦南,2023-03-08,8888
2344,華邦電,400,303,97,國泰-敦南,2023-03-08,8888
4976,佳凌,712,617,95,國泰-敦南,2023-03-08,8888
2615,萬海,222,129,93,國泰-敦南,2023-03-08,8888
1762,中化生,160,68,92,國泰-敦南,2023-03-08,8888
00919,群益台灣精選高息,117,28,89,國泰-敦南,2023-03-08,8888
00752,中信中國50,145,56,89,國泰-敦南,2023-03-08,8888
00878,國泰永續高股息,3917,627,3290,國泰-敦南,2023-03-09,8888
3481,群創,2515,1148,1367,國泰-敦南,2023-03-09,8888
00923,群益台ESG低碳50,783,78,705,國泰-敦南,2023-03-09,8888
00907,永豐優息存股,463,8,455,國泰-敦南,2023-03-09,8888
2359,所羅門,1720,1301,419,國泰-敦南,2023-03-09,8888
00712,復華富時不動產,513,99,414,國泰-敦南,2023-03-09,8888
9105,泰金寶-DR,567,162,405,國泰-敦南,2023-03-09,8888
2317,鴻海,531,134,397,國泰-敦南,2023-03-09,8888
1101,台泥,616,223,393,國泰-敦南,2023-03-09,8888
2884,玉山金,466,84,382,國泰-敦南,2023-03-09,8888
8222,寶一,1190,815,375,國泰-敦南,2023-03-09,8888
00772B,中信高評級公司債,380,10,370,國泰-敦南,2023-03-09,8888
2890,永豐金,377,34,343,國泰-敦南,2023-03-09,8888
2344,華邦電,692,384,308,國泰-敦南,2023-03-09,8888
6443,元晶,497,215,282,國泰-敦南,2023-03-09,8888
6282,康舒,1031,754,277,國泰-敦南,2023-03-09,8888
0056,元大高股息,489,219,270,國泰-敦南,2023-03-09,8888
1402,遠東新,410,170,240,國泰-敦南,2023-03-09,8888
5880,合庫金,256,16,240,國泰-敦南,2023-03-09,8888
6129,普誠,620,383,237,國泰-敦南,2023-03-09,8888
00713,元大台灣高息低波,336,100,236,國泰-敦南,2023-03-09,8888
2883,凱基金,272,61,211,國泰-敦南,2023-03-09,8888
2482,連宇,1037,828,209,國泰-敦南,2023-03-09,8888
2886,兆豐金,220,19,201,國泰-敦南,2023-03-09,8888
2486,一詮,777,592,185,國泰-敦南,2023-03-09,8888
00773B,中信優先金融債,190,7,183,國泰-敦南,2023-03-09,8888
1513,中興電,824,642,182,國泰-敦南,2023-03-09,8888
2368,金像電,327,146,181,國泰-敦南,2023-03-09,8888
2201,裕隆,522,345,177,國泰-敦南,2023-03-09,8888
2002,中鋼,195,18,177,國泰-敦南,2023-03-09,8888
2880,華南金,180,4,176,國泰-敦南,2023-03-09,8888
00751B,元大AAA至A公司債,174,2,172,國泰-敦南,2023-03-09,8888
1605,華新,799,628,171,國泰-敦南,2023-03-09,8888
00753L,中信中國50正2,201,31,170,國泰-敦南,2023-03-09,8888
1514,亞力,424,256,168,國泰-敦南,2023-03-09,8888
00715L,期街口布蘭特正2,209,48,161,國泰-敦南,2023-03-09,8888
00720B,元大投資級公司債,188,31,157,國泰-敦南,2023-03-09,8888
00897,富邦基因免疫生技,156,1,155,國泰-敦南,2023-03-09,8888
6290,良維,247,94,153,國泰-敦南,2023-03-09,8888
1460,宏遠,150,2,148,國泰-敦南,2023-03-09,8888
3209,全科,194,51,143,國泰-敦南,2023-03-09,8888
2457,飛宏,2012,1877,135,國泰-敦南,2023-03-09,8888
00882,中信中國高股息,197,63,134,國泰-敦南,2023-03-09,8888
1609,大亞,347,213,134,國泰-敦南,2023-03-09,8888
2812,台中銀,156,23,133,國泰-敦南,2023-03-09,8888
2891,中信金,173,41,132,國泰-敦南,2023-03-09,8888
2887,台新金,174,45,129,國泰-敦南,2023-03-09,8888
1504,東元,852,729,123,國泰-敦南,2023-03-09,8888
2881,富邦金,130,11,119,國泰-敦南,2023-03-09,8888
00905,FT臺灣Smart,192,76,116,國泰-敦南,2023-03-09,8888
00878,國泰永續高股息,8755,928,7827,國泰-敦南,2023-03-10,8888
00715L,期街口布蘭特正2,1404,32,1372,國泰-敦南,2023-03-10,8888
00923,群益台ESG低碳50,1210,42,1168,國泰-敦南,2023-03-10,8888
00713,元大台灣高息低波,1356,245,1111,國泰-敦南,2023-03-10,8888
2610,華航,2359,1393,966,國泰-敦南,2023-03-10,8888
2618,長榮航,1433,507,926,國泰-敦南,2023-03-10,8888
00882,中信中國高股息,1082,193,889,國泰-敦南,2023-03-10,8888
00712,復華富時不動產,1852,1089,763,國泰-敦南,2023-03-10,8888
2884,玉山金,872,139,733,國泰-敦南,2023-03-10,8888
00680L,元大美債20正2,824,135,689,國泰-敦南,2023-03-10,8888
8069,元太,849,183,666,國泰-敦南,2023-03-10,8888
2888,新光金,836,173,663,國泰-敦南,2023-03-10,8888
2883,凱基金,774,111,663,國泰-敦南,2023-03-10,8888
0056,元大高股息,1327,674,653,國泰-敦南,2023-03-10,8888
2882,國泰金,777,136,641,國泰-敦南,2023-03-10,8888
00632R,元大台灣50反1,2513,1962,551,國泰-敦南,2023-03-10,8888
2891,中信金,563,46,517,國泰-敦南,2023-03-10,8888
2609,陽明,4061,3570,491,國泰-敦南,2023-03-10,8888
2344,華邦電,693,222,471,國泰-敦南,2023-03-10,8888
0050,元大台灣50,463,55,408,國泰-敦南,2023-03-10,8888
00665L,富邦�琤肭磪囓�2,1227,842,385,國泰-敦南,2023-03-10,8888
2881,富邦金,463,78,385,國泰-敦南,2023-03-10,8888
2887,台新金,502,133,369,國泰-敦南,2023-03-10,8888
00907,永豐優息存股,339,17,322,國泰-敦南,2023-03-10,8888
006208,富邦台50,405,101,304,國泰-敦南,2023-03-10,8888
2867,三商壽,388,104,284,國泰-敦南,2023-03-10,8888
2885,元大金,307,25,282,國泰-敦南,2023-03-10,8888
00753L,中信中國50正2,502,232,270,國泰-敦南,2023-03-10,8888
1101,台泥,395,137,258,國泰-敦南,2023-03-10,8888
3481,群創,813,564,249,國泰-敦南,2023-03-10,8888
5880,合庫金,294,49,245,國泰-敦南,2023-03-10,8888
6116,彩晶,362,148,214,國泰-敦南,2023-03-10,8888
2812,台中銀,343,131,212,國泰-敦南,2023-03-10,8888
2890,永豐金,270,63,207,國泰-敦南,2023-03-10,8888
00752,中信中國50,238,33,205,國泰-敦南,2023-03-10,8888
00905,FT臺灣Smart,274,71,203,國泰-敦南,2023-03-10,8888
00902,中信電池及儲能,252,54,198,國泰-敦南,2023-03-10,8888
2201,裕隆,633,447,186,國泰-敦南,2023-03-10,8888
2880,華南金,196,16,180,國泰-敦南,2023-03-10,8888
00897,富邦基因免疫生技,183,5,178,國泰-敦南,2023-03-10,8888
2886,兆豐金,200,24,176,國泰-敦南,2023-03-10,8888
2453,凌群,1107,936,171,國泰-敦南,2023-03-10,8888
00650L,復華香港正2,307,137,170,國泰-敦南,2023-03-10,8888
2330,台積電,272,108,164,國泰-敦南,2023-03-10,8888
2449,京元電子,313,152,161,國泰-敦南,2023-03-10,8888
2313,華通,191,46,145,國泰-敦南,2023-03-10,8888
00692,富邦公司治理,164,31,133,國泰-敦南,2023-03-10,8888
2402,毅嘉,328,202,126,國泰-敦南,2023-03-10,8888
2317,鴻海,213,91,122,國泰-敦南,2023-03-10,8888
2014,中鴻,162,41,121,國泰-敦南,2023-03-10,8888
00878,國泰永續高股息,12702,2401,10301,國泰-敦南,2023-03-13,8888
00712,復華富時不動產,2588,977,1611,國泰-敦南,2023-03-13,8888
00713,元大台灣高息低波,1169,187,982,國泰-敦南,2023-03-13,8888
00632R,元大台灣50反1,2798,2022,776,國泰-敦南,2023-03-13,8888
00680L,元大美債20正2,864,268,596,國泰-敦南,2023-03-13,8888
2867,三商壽,608,126,482,國泰-敦南,2023-03-13,8888
00772B,中信高評級公司債,554,92,462,國泰-敦南,2023-03-13,8888
2884,玉山金,756,386,370,國泰-敦南,2023-03-13,8888
00882,中信中國高股息,417,94,323,國泰-敦南,2023-03-13,8888
2888,新光金,563,324,239,國泰-敦南,2023-03-13,8888
2609,陽明,1549,1311,238,國泰-敦南,2023-03-13,8888
2457,飛宏,1916,1719,197,國泰-敦南,2023-03-13,8888
2881,富邦金,282,96,186,國泰-敦南,2023-03-13,8888
2883,凱基金,554,374,180,國泰-敦南,2023-03-13,8888
00923,群益台ESG低碳50,271,103,168,國泰-敦南,2023-03-13,8888
00751B,元大AAA至A公司債,205,56,149,國泰-敦南,2023-03-13,8888
2891,中信金,231,84,147,國泰-敦南,2023-03-13,8888
1314,中石化,184,46,138,國泰-敦南,2023-03-13,8888
2427,三商電,421,290,131,國泰-敦南,2023-03-13,8888
00679B,元大美債20年,488,358,130,國泰-敦南,2023-03-13,8888
1514,亞力,176,51,125,國泰-敦南,2023-03-13,8888
2812,台中銀,273,153,120,國泰-敦南,2023-03-13,8888
3046,建��,899,782,117,國泰-敦南,2023-03-13,8888
00902,中信電池及儲能,120,9,111,國泰-敦南,2023-03-13,8888
2634,漢翔,343,241,102,國泰-敦南,2023-03-13,8888
00720B,元大投資級公司債,175,78,97,國泰-敦南,2023-03-13,8888
00773B,中信優先金融債,194,99,95,國泰-敦南,2023-03-13,8888
1506,正道,113,18,95,國泰-敦南,2023-03-13,8888
3704,合勤控,122,30,92,國泰-敦南,2023-03-13,8888
2498,宏達電,345,256,89,國泰-敦南,2023-03-13,8888
00669R,國泰美國道瓊反1,138,49,89,國泰-敦南,2023-03-13,8888
1762,中化生,212,124,88,國泰-敦南,2023-03-13,8888
00671R,富邦NASDAQ反1,189,102,87,國泰-敦南,2023-03-13,8888
2834,臺企銀,408,322,86,國泰-敦南,2023-03-13,8888
2880,華南金,116,32,84,國泰-敦南,2023-03-13,8888
00673R,期元大S＆P原油反1,545,463,82,國泰-敦南,2023-03-13,8888
6118,建達,102,22,80,國泰-敦南,2023-03-13,8888
6770,力積電,144,66,78,國泰-敦南,2023-03-13,8888
2892,第一金,185,107,78,國泰-敦南,2023-03-13,8888
9945,潤泰新,123,47,76,國泰-敦南,2023-03-13,8888
1218,泰山,102,30,72,國泰-敦南,2023-03-13,8888
1316,上曜,177,105,72,國泰-敦南,2023-03-13,8888
8936,國統,116,45,71,國泰-敦南,2023-03-13,8888
1101,台泥,238,171,67,國泰-敦南,2023-03-13,8888
4538,大詠城,67,0,67,國泰-敦南,2023-03-13,8888
2413,環科,487,423,64,國泰-敦南,2023-03-13,8888
4564,元翎,91,28,63,國泰-敦南,2023-03-13,8888
6122,擎邦,223,160,63,國泰-敦南,2023-03-13,8888
00908,富邦入息REITs+,68,6,62,國泰-敦南,2023-03-13,8888
2851,中再保,114,54,60,國泰-敦南,2023-03-13,8888
00878,國泰永續高股息,13883,1777,12106,國泰-敦南,2023-03-14,8888
2618,長榮航,2205,489,1716,國泰-敦南,2023-03-14,8888
00715L,期街口布蘭特正2,1833,541,1292,國泰-敦南,2023-03-14,8888
2891,中信金,1034,128,906,國泰-敦南,2023-03-14,8888
2610,華航,1560,741,819,國泰-敦南,2023-03-14,8888
00713,元大台灣高息低波,942,176,766,國泰-敦南,2023-03-14,8888
00882,中信中國高股息,791,82,709,國泰-敦南,2023-03-14,8888
2888,新光金,820,141,679,國泰-敦南,2023-03-14,8888
00712,復華富時不動產,992,317,675,國泰-敦南,2023-03-14,8888
2883,凱基金,754,216,538,國泰-敦南,2023-03-14,8888
00642U,期元大S＆P石油,555,40,515,國泰-敦南,2023-03-14,8888
2615,萬海,866,365,501,國泰-敦南,2023-03-14,8888
00893,國泰智能電動車,596,127,469,國泰-敦南,2023-03-14,8888
2303,聯電,631,208,423,國泰-敦南,2023-03-14,8888
2884,玉山金,673,268,405,國泰-敦南,2023-03-14,8888
00923,群益台ESG低碳50,390,24,366,國泰-敦南,2023-03-14,8888
2609,陽明,1359,1013,346,國泰-敦南,2023-03-14,8888
2880,華南金,356,18,338,國泰-敦南,2023-03-14,8888
2027,大成鋼,989,685,304,國泰-敦南,2023-03-14,8888
00902,中信電池及儲能,474,201,273,國泰-敦南,2023-03-14,8888
0050,元大台灣50,308,50,258,國泰-敦南,2023-03-14,8888
2892,第一金,293,39,254,國泰-敦南,2023-03-14,8888
6116,彩晶,360,112,248,國泰-敦南,2023-03-14,8888
2344,華邦電,338,101,237,國泰-敦南,2023-03-14,8888
2882,國泰金,521,290,231,國泰-敦南,2023-03-14,8888
2881,富邦金,389,160,229,國泰-敦南,2023-03-14,8888
5880,合庫金,361,133,228,國泰-敦南,2023-03-14,8888
2890,永豐金,280,69,211,國泰-敦南,2023-03-14,8888
3481,群創,762,566,196,國泰-敦南,2023-03-14,8888
0056,元大高股息,663,471,192,國泰-敦南,2023-03-14,8888
00907,永豐優息存股,204,13,191,國泰-敦南,2023-03-14,8888
2885,元大金,290,100,190,國泰-敦南,2023-03-14,8888
00706L,期元大S＆P日圓正2,205,23,182,國泰-敦南,2023-03-14,8888
00753L,中信中國50正2,288,107,181,國泰-敦南,2023-03-14,8888
1605,華新,497,323,174,國泰-敦南,2023-03-14,8888
2886,兆豐金,333,162,171,國泰-敦南,2023-03-14,8888
2834,臺企銀,539,369,170,國泰-敦南,2023-03-14,8888
006208,富邦台50,229,62,167,國泰-敦南,2023-03-14,8888
00720B,元大投資級公司債,230,64,166,國泰-敦南,2023-03-14,8888
00637L,元大滬深300正2,594,429,165,國泰-敦南,2023-03-14,8888
00751B,元大AAA至A公司債,229,67,162,國泰-敦南,2023-03-14,8888
00888,永豐台灣ESG,195,36,159,國泰-敦南,2023-03-14,8888
00665L,富邦�琤肭磪囓�2,577,424,153,國泰-敦南,2023-03-14,8888
2887,台新金,345,194,151,國泰-敦南,2023-03-14,8888
00905,FT臺灣Smart,168,24,144,國泰-敦南,2023-03-14,8888
00772B,中信高評級公司債,260,118,142,國泰-敦南,2023-03-14,8888
2317,鴻海,171,36,135,國泰-敦南,2023-03-14,8888
2867,三商壽,263,133,130,國泰-敦南,2023-03-14,8888
00773B,中信優先金融債,162,35,127,國泰-敦南,2023-03-14,8888
00885,富邦越南,290,166,124,國泰-敦南,2023-03-14,8888
00878,國泰永續高股息,4638,752,3886,國泰-敦南,2023-03-15,8888
00712,復華富時不動產,1367,133,1234,國泰-敦南,2023-03-15,8888
00715L,期街口布蘭特正2,1581,370,1211,國泰-敦南,2023-03-15,8888
2888,新光金,1206,129,1077,國泰-敦南,2023-03-15,8888
2603,長榮,2603,1669,934,國泰-敦南,2023-03-15,8888
00713,元大台灣高息低波,801,218,583,國泰-敦南,2023-03-15,8888
2891,中信金,875,406,469,國泰-敦南,2023-03-15,8888
00642U,期元大S＆P石油,495,62,433,國泰-敦南,2023-03-15,8888
2884,玉山金,435,48,387,國泰-敦南,2023-03-15,8888
5880,合庫金,399,21,378,國泰-敦南,2023-03-15,8888
00679B,元大美債20年,558,223,335,國泰-敦南,2023-03-15,8888
00772B,中信高評級公司債,383,50,333,國泰-敦南,2023-03-15,8888
2880,華南金,337,5,332,國泰-敦南,2023-03-15,8888
3481,群創,819,547,272,國泰-敦南,2023-03-15,8888
2883,凱基金,554,283,271,國泰-敦南,2023-03-15,8888
2881,富邦金,264,15,249,國泰-敦南,2023-03-15,8888
2457,飛宏,1850,1631,219,國泰-敦南,2023-03-15,8888
1314,中石化,242,27,215,國泰-敦南,2023-03-15,8888
00773B,中信優先金融債,201,4,197,國泰-敦南,2023-03-15,8888
2609,陽明,1287,1095,192,國泰-敦南,2023-03-15,8888
2887,台新金,313,134,179,國泰-敦南,2023-03-15,8888
00751B,元大AAA至A公司債,196,19,177,國泰-敦南,2023-03-15,8888
2890,永豐金,303,128,175,國泰-敦南,2023-03-15,8888
6235,華孚,900,727,173,國泰-敦南,2023-03-15,8888
00720B,元大投資級公司債,196,26,170,國泰-敦南,2023-03-15,8888
1504,東元,676,510,166,國泰-敦南,2023-03-15,8888
5425,台半,829,664,165,國泰-敦南,2023-03-15,8888
2882,國泰金,275,115,160,國泰-敦南,2023-03-15,8888
3209,全科,201,50,151,國泰-敦南,2023-03-15,8888
2542,興富發,209,66,143,國泰-敦南,2023-03-15,8888
2867,三商壽,159,16,143,國泰-敦南,2023-03-15,8888
2892,第一金,173,34,139,國泰-敦南,2023-03-15,8888
8936,國統,236,122,114,國泰-敦南,2023-03-15,8888
00671R,富邦NASDAQ反1,112,0,112,國泰-敦南,2023-03-15,8888
4906,正文,129,18,111,國泰-敦南,2023-03-15,8888
00882,中信中國高股息,229,120,109,國泰-敦南,2023-03-15,8888
2834,臺企銀,256,148,108,國泰-敦南,2023-03-15,8888
00923,群益台ESG低碳50,126,27,99,國泰-敦南,2023-03-15,8888
1721,三晃,105,6,99,國泰-敦南,2023-03-15,8888
2886,兆豐金,229,132,97,國泰-敦南,2023-03-15,8888
2312,金寶,95,1,94,國泰-敦南,2023-03-15,8888
0056,元大高股息,411,327,84,國泰-敦南,2023-03-15,8888
2313,華通,110,28,82,國泰-敦南,2023-03-15,8888
5388,中磊,141,60,81,國泰-敦南,2023-03-15,8888
1514,亞力,173,94,79,國泰-敦南,2023-03-15,8888
6741,91APP*-KY,93,18,75,國泰-敦南,2023-03-15,8888
00687B,國泰20年美債,85,12,73,國泰-敦南,2023-03-15,8888
6122,擎邦,307,236,71,國泰-敦南,2023-03-15,8888
00888,永豐台灣ESG,88,21,67,國泰-敦南,2023-03-15,8888
2409,友達,421,354,67,國泰-敦南,2023-03-15,8888
00878,國泰永續高股息,7860,1138,6722,國泰-敦南,2023-03-16,8888
2834,臺企銀,4023,1375,2648,國泰-敦南,2023-03-16,8888
00715L,期街口布蘭特正2,2658,810,1848,國泰-敦南,2023-03-16,8888
00713,元大台灣高息低波,1464,166,1298,國泰-敦南,2023-03-16,8888
2891,中信金,1446,178,1268,國泰-敦南,2023-03-16,8888
2884,玉山金,1398,173,1225,國泰-敦南,2023-03-16,8888
2888,新光金,1180,368,812,國泰-敦南,2023-03-16,8888
00712,復華富時不動產,1091,316,775,國泰-敦南,2023-03-16,8888
2882,國泰金,1169,434,735,國泰-敦南,2023-03-16,8888
2618,長榮航,1042,399,643,國泰-敦南,2023-03-16,8888
00642U,期元大S＆P石油,774,149,625,國泰-敦南,2023-03-16,8888
2867,三商壽,636,148,488,國泰-敦南,2023-03-16,8888
2881,富邦金,542,92,450,國泰-敦南,2023-03-16,8888
2812,台中銀,479,79,400,國泰-敦南,2023-03-16,8888
00664R,國泰臺灣加權反1,448,54,394,國泰-敦南,2023-03-16,8888
3056,富華新,975,592,383,國泰-敦南,2023-03-16,8888
00673R,期元大S＆P原油反1,447,93,354,國泰-敦南,2023-03-16,8888
0056,元大高股息,879,596,283,國泰-敦南,2023-03-16,8888
2883,凱基金,680,444,236,國泰-敦南,2023-03-16,8888
5009,榮剛,465,241,224,國泰-敦南,2023-03-16,8888
2880,華南金,420,206,214,國泰-敦南,2023-03-16,8888
2603,長榮,1257,1050,207,國泰-敦南,2023-03-16,8888
2887,台新金,502,296,206,國泰-敦南,2023-03-16,8888
3027,盛達,804,599,205,國泰-敦南,2023-03-16,8888
5880,合庫金,273,70,203,國泰-敦南,2023-03-16,8888
2313,華通,225,42,183,國泰-敦南,2023-03-16,8888
00902,中信電池及儲能,231,55,176,國泰-敦南,2023-03-16,8888
2890,永豐金,293,121,172,國泰-敦南,2023-03-16,8888
2615,萬海,518,354,164,國泰-敦南,2023-03-16,8888
1101,台泥,241,84,157,國泰-敦南,2023-03-16,8888
00720B,元大投資級公司債,222,67,155,國泰-敦南,2023-03-16,8888
2330,台積電,188,33,155,國泰-敦南,2023-03-16,8888
8222,寶一,233,85,148,國泰-敦南,2023-03-16,8888
1314,中石化,263,119,144,國泰-敦南,2023-03-16,8888
1584,精剛,298,154,144,國泰-敦南,2023-03-16,8888
2886,兆豐金,270,130,140,國泰-敦南,2023-03-16,8888
0050,元大台灣50,293,164,129,國泰-敦南,2023-03-16,8888
00907,永豐優息存股,141,22,119,國泰-敦南,2023-03-16,8888
00905,FT臺灣Smart,200,83,117,國泰-敦南,2023-03-16,8888
2845,遠東銀,140,28,112,國泰-敦南,2023-03-16,8888
006208,富邦台50,188,76,112,國泰-敦南,2023-03-16,8888
1312,國喬,145,40,105,國泰-敦南,2023-03-16,8888
2498,宏達電,446,341,105,國泰-敦南,2023-03-16,8888
1506,正道,127,22,105,國泰-敦南,2023-03-16,8888
2539,櫻花建,112,11,101,國泰-敦南,2023-03-16,8888
4743,合一,224,125,99,國泰-敦南,2023-03-16,8888
6282,康舒,344,248,96,國泰-敦南,2023-03-16,8888
3703,欣陸,111,19,92,國泰-敦南,2023-03-16,8888
2017,官田鋼,169,82,87,國泰-敦南,2023-03-16,8888
00923,群益台ESG低碳50,113,27,86,國泰-敦南,2023-03-16,8888
00632R,元大台灣50反1,3355,1121,2234,國泰-敦南,2023-03-17,8888
00712,復華富時不動產,1370,130,1240,國泰-敦南,2023-03-17,8888
00715L,期街口布蘭特正2,1767,549,1218,國泰-敦南,2023-03-17,8888
00878,國泰永續高股息,2210,1241,969,國泰-敦南,2023-03-17,8888
2891,中信金,1170,248,922,國泰-敦南,2023-03-17,8888
00713,元大台灣高息低波,865,167,698,國泰-敦南,2023-03-17,8888
2834,臺企銀,1307,657,650,國泰-敦南,2023-03-17,8888
2888,新光金,573,96,477,國泰-敦南,2023-03-17,8888
2867,三商壽,445,31,414,國泰-敦南,2023-03-17,8888
00679B,元大美債20年,565,222,343,國泰-敦南,2023-03-17,8888
00902,中信電池及儲能,632,324,308,國泰-敦南,2023-03-17,8888
2610,華航,550,264,286,國泰-敦南,2023-03-17,8888
2618,長榮航,515,259,256,國泰-敦南,2023-03-17,8888
3481,群創,1298,1045,253,國泰-敦南,2023-03-17,8888
2884,玉山金,343,115,228,國泰-敦南,2023-03-17,8888
2883,凱基金,407,194,213,國泰-敦南,2023-03-17,8888
2812,台中銀,226,15,211,國泰-敦南,2023-03-17,8888
2890,永豐金,287,78,209,國泰-敦南,2023-03-17,8888
00664R,國泰臺灣加權反1,271,65,206,國泰-敦南,2023-03-17,8888
00772B,中信高評級公司債,259,64,195,國泰-敦南,2023-03-17,8888
5880,合庫金,227,37,190,國泰-敦南,2023-03-17,8888
9945,潤泰新,371,192,179,國泰-敦南,2023-03-17,8888
1609,大亞,304,156,148,國泰-敦南,2023-03-17,8888
2881,富邦金,225,84,141,國泰-敦南,2023-03-17,8888
00885,富邦越南,182,45,137,國泰-敦南,2023-03-17,8888
2892,第一金,185,49,136,國泰-敦南,2023-03-17,8888
2014,中鴻,194,71,123,國泰-敦南,2023-03-17,8888
00673R,期元大S＆P原油反1,271,156,115,國泰-敦南,2023-03-17,8888
00642U,期元大S＆P石油,190,75,115,國泰-敦南,2023-03-17,8888
2427,三商電,151,40,111,國泰-敦南,2023-03-17,8888
2880,華南金,140,33,107,國泰-敦南,2023-03-17,8888
00671R,富邦NASDAQ反1,129,23,106,國泰-敦南,2023-03-17,8888
2409,友達,305,215,90,國泰-敦南,2023-03-17,8888
1402,遠東新,82,3,79,國泰-敦南,2023-03-17,8888
9904,寶成,147,71,76,國泰-敦南,2023-03-17,8888
2457,飛宏,1577,1503,74,國泰-敦南,2023-03-17,8888
2605,新興,212,140,72,國泰-敦南,2023-03-17,8888
2542,興富發,78,9,69,國泰-敦南,2023-03-17,8888
5483,中美晶,146,78,68,國泰-敦南,2023-03-17,8888
2886,兆豐金,125,58,67,國泰-敦南,2023-03-17,8888
9955,佳龍,365,301,64,國泰-敦南,2023-03-17,8888
1524,耿鼎,494,432,62,國泰-敦南,2023-03-17,8888
5515,建國,66,5,61,國泰-敦南,2023-03-17,8888
1720,生達,73,16,57,國泰-敦南,2023-03-17,8888
0056,元大高股息,347,290,57,國泰-敦南,2023-03-17,8888
4934,太極,116,60,56,國泰-敦南,2023-03-17,8888
00687B,國泰20年美債,70,16,54,國泰-敦南,2023-03-17,8888
1216,統一,60,7,53,國泰-敦南,2023-03-17,8888
3236,千如,121,69,52,國泰-敦南,2023-03-17,8888
2915,潤泰全,75,23,52,國泰-敦南,2023-03-17,8888
00878,國泰永續高股息,3769,1055,2714,國泰-敦南,2023-03-20,8888
00715L,期街口布蘭特正2,1240,428,812,國泰-敦南,2023-03-20,8888
2882,國泰金,829,198,631,國泰-敦南,2023-03-20,8888
00885,富邦越南,586,106,480,國泰-敦南,2023-03-20,8888
00902,中信電池及儲能,449,9,440,國泰-敦南,2023-03-20,8888
2891,中信金,500,133,367,國泰-敦南,2023-03-20,8888
2888,新光金,442,80,362,國泰-敦南,2023-03-20,8888
00753L,中信中國50正2,463,112,351,國泰-敦南,2023-03-20,8888
8926,台汽電,385,60,325,國泰-敦南,2023-03-20,8888
00882,中信中國高股息,362,37,325,國泰-敦南,2023-03-20,8888
2881,富邦金,304,25,279,國泰-敦南,2023-03-20,8888
00907,永豐優息存股,273,10,263,國泰-敦南,2023-03-20,8888
2884,玉山金,335,81,254,國泰-敦南,2023-03-20,8888
00637L,元大滬深300正2,565,315,250,國泰-敦南,2023-03-20,8888
1605,華新,562,320,242,國泰-敦南,2023-03-20,8888
00665L,富邦�琤肭磪囓�2,660,418,242,國泰-敦南,2023-03-20,8888
2834,臺企銀,631,412,219,國泰-敦南,2023-03-20,8888
00642U,期元大S＆P石油,307,114,193,國泰-敦南,2023-03-20,8888
3481,群創,608,431,177,國泰-敦南,2023-03-20,8888
6244,茂迪,2093,1927,166,國泰-敦南,2023-03-20,8888
2317,鴻海,200,44,156,國泰-敦南,2023-03-20,8888
00680L,元大美債20正2,283,148,135,國泰-敦南,2023-03-20,8888
00713,元大台灣高息低波,284,158,126,國泰-敦南,2023-03-20,8888
2892,第一金,160,36,124,國泰-敦南,2023-03-20,8888
5880,合庫金,163,40,123,國泰-敦南,2023-03-20,8888
00720B,元大投資級公司債,160,39,121,國泰-敦南,2023-03-20,8888
00852L,國泰美國道瓊正2,120,0,120,國泰-敦南,2023-03-20,8888
2880,華南金,248,128,120,國泰-敦南,2023-03-20,8888
3056,富華新,221,108,113,國泰-敦南,2023-03-20,8888
2014,中鴻,165,63,102,國泰-敦南,2023-03-20,8888
2812,台中銀,149,56,93,國泰-敦南,2023-03-20,8888
2603,長榮,422,332,90,國泰-敦南,2023-03-20,8888
00773B,中信優先金融債,152,65,87,國泰-敦南,2023-03-20,8888
2342,茂矽,104,17,87,國泰-敦南,2023-03-20,8888
2801,彰銀,87,6,81,國泰-敦南,2023-03-20,8888
2609,陽明,267,190,77,國泰-敦南,2023-03-20,8888
6770,力積電,180,105,75,國泰-敦南,2023-03-20,8888
6277,宏正,81,8,73,國泰-敦南,2023-03-20,8888
2409,友達,133,61,72,國泰-敦南,2023-03-20,8888
5512,力麒,159,87,72,國泰-敦南,2023-03-20,8888
4977,眾達-KY,160,90,70,國泰-敦南,2023-03-20,8888
00888,永豐台灣ESG,87,19,68,國泰-敦南,2023-03-20,8888
00714,群益道瓊美國地產,74,7,67,國泰-敦南,2023-03-20,8888
00908,富邦入息REITs+,76,12,64,國泰-敦南,2023-03-20,8888
2885,元大金,78,15,63,國泰-敦南,2023-03-20,8888
00772B,中信高評級公司債,303,241,62,國泰-敦南,2023-03-20,8888
0050,元大台灣50,119,58,61,國泰-敦南,2023-03-20,8888
1402,遠東新,67,7,60,國泰-敦南,2023-03-20,8888
3038,全台,104,49,55,國泰-敦南,2023-03-20,8888
8936,國統,279,225,54,國泰-敦南,2023-03-20,8888
2891,中信金,964,167,797,國泰-敦南,2023-03-21,8888
00712,復華富時不動產,963,362,601,國泰-敦南,2023-03-21,8888
00715L,期街口布蘭特正2,897,300,597,國泰-敦南,2023-03-21,8888
00885,富邦越南,684,157,527,國泰-敦南,2023-03-21,8888
6443,元晶,921,537,384,國泰-敦南,2023-03-21,8888
00679B,元大美債20年,508,137,371,國泰-敦南,2023-03-21,8888
00680L,元大美債20正2,304,50,254,國泰-敦南,2023-03-21,8888
2388,威盛,831,590,241,國泰-敦南,2023-03-21,8888
00772B,中信高評級公司債,239,36,203,國泰-敦南,2023-03-21,8888
2834,臺企銀,594,409,185,國泰-敦南,2023-03-21,8888
2610,華航,386,201,185,國泰-敦南,2023-03-21,8888
2884,玉山金,295,125,170,國泰-敦南,2023-03-21,8888
3481,群創,1120,964,156,國泰-敦南,2023-03-21,8888
2409,友達,768,615,153,國泰-敦南,2023-03-21,8888
00882,中信中國高股息,154,10,144,國泰-敦南,2023-03-21,8888
6191,精成科,287,143,144,國泰-敦南,2023-03-21,8888
2618,長榮航,195,63,132,國泰-敦南,2023-03-21,8888
00713,元大台灣高息低波,212,80,132,國泰-敦南,2023-03-21,8888
2881,富邦金,173,46,127,國泰-敦南,2023-03-21,8888
3027,盛達,580,457,123,國泰-敦南,2023-03-21,8888
00888,永豐台灣ESG,130,19,111,國泰-敦南,2023-03-21,8888
1609,大亞,225,114,111,國泰-敦南,2023-03-21,8888
2453,凌群,1069,960,109,國泰-敦南,2023-03-21,8888
6116,彩晶,217,109,108,國泰-敦南,2023-03-21,8888
2603,長榮,228,122,106,國泰-敦南,2023-03-21,8888
2609,陽明,230,127,103,國泰-敦南,2023-03-21,8888
1603,華電,231,131,100,國泰-敦南,2023-03-21,8888
3432,台端,155,56,99,國泰-敦南,2023-03-21,8888
3624,光頡,286,202,84,國泰-敦南,2023-03-21,8888
9945,潤泰新,441,359,82,國泰-敦南,2023-03-21,8888
6531,愛普*,423,342,81,國泰-敦南,2023-03-21,8888
6244,茂迪,1405,1327,78,國泰-敦南,2023-03-21,8888
4967,十銓,317,243,74,國泰-敦南,2023-03-21,8888
1402,遠東新,77,3,74,國泰-敦南,2023-03-21,8888
00902,中信電池及儲能,138,64,74,國泰-敦南,2023-03-21,8888
4155,訊映,103,31,72,國泰-敦南,2023-03-21,8888
5425,台半,412,344,68,國泰-敦南,2023-03-21,8888
3711,日月光投控,87,23,64,國泰-敦南,2023-03-21,8888
2303,聯電,293,233,60,國泰-敦南,2023-03-21,8888
5880,合庫金,77,16,61,國泰-敦南,2023-03-21,8888
00665L,富邦�琤肭磪囓�2,537,478,59,國泰-敦南,2023-03-21,8888
00720B,元大投資級公司債,99,40,59,國泰-敦南,2023-03-21,8888
2634,漢翔,157,99,58,國泰-敦南,2023-03-21,8888
6274,台燿,144,87,57,國泰-敦南,2023-03-21,8888
3062,建漢,62,7,55,國泰-敦南,2023-03-21,8888
9105,泰金寶-DR,67,12,55,國泰-敦南,2023-03-21,8888
2449,京元電子,157,102,55,國泰-敦南,2023-03-21,8888
00773B,中信優先金融債,75,21,54,國泰-敦南,2023-03-21,8888
00752,中信中國50,65,13,52,國泰-敦南,2023-03-21,8888
6163,華電網,490,438,52,國泰-敦南,2023-03-21,8888
00679B,元大美債20年,1130,155,975,國泰-敦南,2023-03-22,8888
00632R,元大台灣50反1,3113,2201,912,國泰-敦南,2023-03-22,8888
2457,飛宏,2023,1599,424,國泰-敦南,2023-03-22,8888
00680L,元大美債20正2,505,151,354,國泰-敦南,2023-03-22,8888
00673R,期元大S＆P原油反1,308,2,306,國泰-敦南,2023-03-22,8888
3481,群創,768,500,268,國泰-敦南,2023-03-22,8888
3013,晟銘電,627,404,223,國泰-敦南,2023-03-22,8888
6235,華孚,642,427,215,國泰-敦南,2023-03-22,8888
6443,元晶,367,171,196,國泰-敦南,2023-03-22,8888
00772B,中信高評級公司債,222,36,186,國泰-敦南,2023-03-22,8888
00715L,期街口布蘭特正2,683,503,180,國泰-敦南,2023-03-22,8888
00902,中信電池及儲能,215,44,171,國泰-敦南,2023-03-22,8888
2409,友達,284,116,168,國泰-敦南,2023-03-22,8888
00687B,國泰20年美債,164,1,163,國泰-敦南,2023-03-22,8888
00712,復華富時不動產,439,279,160,國泰-敦南,2023-03-22,8888
5258,虹堡,394,234,160,國泰-敦南,2023-03-22,8888
4306,炎洲,352,193,159,國泰-敦南,2023-03-22,8888
1529,樂事綠能,793,637,156,國泰-敦南,2023-03-22,8888
2482,連宇,1388,1233,155,國泰-敦南,2023-03-22,8888
00648R,元大S＆P500反1,152,14,138,國泰-敦南,2023-03-22,8888
00676R,富邦臺灣加權反1,174,46,128,國泰-敦南,2023-03-22,8888
2605,新興,426,303,123,國泰-敦南,2023-03-22,8888
00751B,元大AAA至A公司債,127,15,112,國泰-敦南,2023-03-22,8888
00642U,期元大S＆P石油,143,32,111,國泰-敦南,2023-03-22,8888
2834,臺企銀,330,220,110,國泰-敦南,2023-03-22,8888
2302,麗正,474,369,105,國泰-敦南,2023-03-22,8888
00795B,中信美國公債20年,125,24,101,國泰-敦南,2023-03-22,8888
2888,新光金,220,120,100,國泰-敦南,2023-03-22,8888
00706L,期元大S＆P日圓正2,132,32,100,國泰-敦南,2023-03-22,8888
2867,三商壽,180,83,97,國泰-敦南,2023-03-22,8888
3545,敦泰,145,50,95,國泰-敦南,2023-03-22,8888
00664R,國泰臺灣加權反1,404,309,95,國泰-敦南,2023-03-22,8888
1513,中興電,334,240,94,國泰-敦南,2023-03-22,8888
2498,宏達電,267,175,92,國泰-敦南,2023-03-22,8888
5009,榮剛,236,154,82,國泰-敦南,2023-03-22,8888
00720B,元大投資級公司債,124,43,81,國泰-敦南,2023-03-22,8888
00773B,中信優先金融債,115,35,80,國泰-敦南,2023-03-22,8888
6122,擎邦,369,291,78,國泰-敦南,2023-03-22,8888
6733,博晟生醫,90,13,77,國泰-敦南,2023-03-22,8888
5211,蒙恬,222,145,77,國泰-敦南,2023-03-22,8888
2881,富邦金,136,59,77,國泰-敦南,2023-03-22,8888
3432,台端,105,31,74,國泰-敦南,2023-03-22,8888
1319,東陽,117,45,72,國泰-敦南,2023-03-22,8888
6290,良維,213,143,70,國泰-敦南,2023-03-22,8888
2014,中鴻,116,46,70,國泰-敦南,2023-03-22,8888
6104,創惟,248,179,69,國泰-敦南,2023-03-22,8888
1316,上曜,113,44,69,國泰-敦南,2023-03-22,8888
00671R,富邦NASDAQ反1,80,15,65,國泰-敦南,2023-03-22,8888
3715,定穎投控,176,111,65,國泰-敦南,2023-03-22,8888
2495,普安,156,93,63,國泰-敦南,2023-03-22,8888
3481,群創,1515,614,901,國泰-敦南,2023-03-23,8888
00671R,富邦NASDAQ反1,482,33,449,國泰-敦南,2023-03-23,8888
00720B,元大投資級公司債,425,33,392,國泰-敦南,2023-03-23,8888
2402,毅嘉,3359,3002,357,國泰-敦南,2023-03-23,8888
00680L,元大美債20正2,488,148,340,國泰-敦南,2023-03-23,8888
00679B,元大美債20年,410,132,278,國泰-敦南,2023-03-23,8888
00632R,元大台灣50反1,1690,1451,239,國泰-敦南,2023-03-23,8888
00885,富邦越南,547,322,225,國泰-敦南,2023-03-23,8888
6116,彩晶,260,37,223,國泰-敦南,2023-03-23,8888
3322,建舜電,975,795,180,國泰-敦南,2023-03-23,8888
2609,陽明,376,205,171,國泰-敦南,2023-03-23,8888
00751B,元大AAA至A公司債,173,18,155,國泰-敦南,2023-03-23,8888
00664R,國泰臺灣加權反1,238,87,151,國泰-敦南,2023-03-23,8888
00772B,中信高評級公司債,270,119,151,國泰-敦南,2023-03-23,8888
3013,晟銘電,256,106,150,國泰-敦南,2023-03-23,8888
00673R,期元大S＆P原油反1,187,38,149,國泰-敦南,2023-03-23,8888
2605,新興,363,216,147,國泰-敦南,2023-03-23,8888
2603,長榮,373,228,145,國泰-敦南,2023-03-23,8888
00882,中信中國高股息,179,45,134,國泰-敦南,2023-03-23,8888
00908,富邦入息REITs+,132,8,124,國泰-敦南,2023-03-23,8888
00888,永豐台灣ESG,207,86,121,國泰-敦南,2023-03-23,8888
2610,華航,292,173,119,國泰-敦南,2023-03-23,8888
00902,中信電池及儲能,150,37,113,國泰-敦南,2023-03-23,8888
00712,復華富時不動產,698,589,109,國泰-敦南,2023-03-23,8888
00714,群益道瓊美國地產,116,9,107,國泰-敦南,2023-03-23,8888
00919,群益台灣精選高息,136,29,107,國泰-敦南,2023-03-23,8888
2303,聯電,280,178,102,國泰-敦南,2023-03-23,8888
6235,華孚,299,199,100,國泰-敦南,2023-03-23,8888
3652,精聯,553,455,98,國泰-敦南,2023-03-23,8888
5425,台半,644,551,93,國泰-敦南,2023-03-23,8888
2618,長榮航,254,164,90,國泰-敦南,2023-03-23,8888
3035,智原,326,241,85,國泰-敦南,2023-03-23,8888
6163,華電網,158,75,83,國泰-敦南,2023-03-23,8888
2637,慧洋-KY,117,35,82,國泰-敦南,2023-03-23,8888
2601,益航,98,26,72,國泰-敦南,2023-03-23,8888
00752,中信中國50,85,14,71,國泰-敦南,2023-03-23,8888
00898,國泰基因免疫革命,71,1,70,國泰-敦南,2023-03-23,8888
2313,華通,87,21,66,國泰-敦南,2023-03-23,8888
00687B,國泰20年美債,88,23,65,國泰-敦南,2023-03-23,8888
2867,三商壽,188,124,64,國泰-敦南,2023-03-23,8888
2453,凌群,408,344,64,國泰-敦南,2023-03-23,8888
6288,聯嘉,505,443,62,國泰-敦南,2023-03-23,8888
6223,旺矽,355,294,61,國泰-敦南,2023-03-23,8888
2482,連宇,363,302,61,國泰-敦南,2023-03-23,8888
1453,大將,184,125,59,國泰-敦南,2023-03-23,8888
3027,盛達,202,143,59,國泰-敦南,2023-03-23,8888
6282,康舒,395,337,58,國泰-敦南,2023-03-23,8888
2359,所羅門,129,71,58,國泰-敦南,2023-03-23,8888
1611,中電,88,31,57,國泰-敦南,2023-03-23,8888
1513,中興電,220,166,54,國泰-敦南,2023-03-23,8888
00720B,元大投資級公司債,469,6,463,國泰-敦南,2023-03-24,8888
00753L,中信中國50正2,672,292,380,國泰-敦南,2023-03-24,8888
00715L,期街口布蘭特正2,619,257,362,國泰-敦南,2023-03-24,8888
00679B,元大美債20年,447,111,336,國泰-敦南,2023-03-24,8888
00680L,元大美債20正2,364,78,286,國泰-敦南,2023-03-24,8888
6122,擎邦,801,573,228,國泰-敦南,2023-03-24,8888
00712,復華富時不動產,1109,884,225,國泰-敦南,2023-03-24,8888
6191,精成科,207,16,191,國泰-敦南,2023-03-24,8888
2618,長榮航,427,237,190,國泰-敦南,2023-03-24,8888
2303,聯電,334,144,190,國泰-敦南,2023-03-24,8888
2201,裕隆,321,148,173,國泰-敦南,2023-03-24,8888
00751B,元大AAA至A公司債,187,17,170,國泰-敦南,2023-03-24,8888
00772B,中信高評級公司債,192,26,166,國泰-敦南,2023-03-24,8888
2883,凱基金,322,173,149,國泰-敦南,2023-03-24,8888
2610,華航,333,200,133,國泰-敦南,2023-03-24,8888
00637L,元大滬深300正2,482,361,121,國泰-敦南,2023-03-24,8888
00885,富邦越南,252,132,120,國泰-敦南,2023-03-24,8888
4129A,聯合甲特,121,2,119,國泰-敦南,2023-03-24,8888
2891,中信金,223,105,118,國泰-敦南,2023-03-24,8888
2392,正崴,267,153,114,國泰-敦南,2023-03-24,8888
2867,三商壽,197,85,112,國泰-敦南,2023-03-24,8888
3481,群創,694,588,106,國泰-敦南,2023-03-24,8888
00908,富邦入息REITs+,106,3,103,國泰-敦南,2023-03-24,8888
1529,樂事綠能,318,215,103,國泰-敦南,2023-03-24,8888
00714,群益道瓊美國地產,110,10,100,國泰-敦南,2023-03-24,8888
2603,長榮,237,147,90,國泰-敦南,2023-03-24,8888
2388,威盛,887,802,85,國泰-敦南,2023-03-24,8888
00773B,中信優先金融債,95,11,84,國泰-敦南,2023-03-24,8888
2449,京元電子,124,44,80,國泰-敦南,2023-03-24,8888
6443,元晶,278,201,77,國泰-敦南,2023-03-24,8888
3432,台端,431,359,72,國泰-敦南,2023-03-24,8888
00882,中信中國高股息,130,60,70,國泰-敦南,2023-03-24,8888
4306,炎洲,79,9,70,國泰-敦南,2023-03-24,8888
5009,榮剛,170,100,70,國泰-敦南,2023-03-24,8888
3013,晟銘電,658,589,69,國泰-敦南,2023-03-24,8888
8024,佑華,110,42,68,國泰-敦南,2023-03-24,8888
2881,富邦金,98,32,66,國泰-敦南,2023-03-24,8888
2002,中鋼,165,101,64,國泰-敦南,2023-03-24,8888
4702,中美實,105,40,65,國泰-敦南,2023-03-24,8888
1513,中興電,216,152,64,國泰-敦南,2023-03-24,8888
6168,宏齊,153,90,63,國泰-敦南,2023-03-24,8888
8033,雷虎,97,34,63,國泰-敦南,2023-03-24,8888
3005,神基,125,62,63,國泰-敦南,2023-03-24,8888
2889,國票金,203,140,63,國泰-敦南,2023-03-24,8888
2882,國泰金,158,96,62,國泰-敦南,2023-03-24,8888
1444,力麗,61,2,59,國泰-敦南,2023-03-24,8888
2413,環科,99,41,58,國泰-敦南,2023-03-24,8888
4763,材料-KY,197,140,57,國泰-敦南,2023-03-24,8888
6104,創惟,373,317,56,國泰-敦南,2023-03-24,8888
2812,台中銀,71,15,56,國泰-敦南,2023-03-24,8888
00882,中信中國高股息,1399,185,1214,國泰-敦南,2023-03-27,8888
00922,國泰台灣領袖50,979,32,947,國泰-敦南,2023-03-27,8888
1605,華新,1069,419,650,國泰-敦南,2023-03-27,8888
00753L,中信中國50正2,883,256,627,國泰-敦南,2023-03-27,8888
2883B,凱基金乙特,459,17,442,國泰-敦南,2023-03-27,8888
00715L,期街口布蘭特正2,672,272,400,國泰-敦南,2023-03-27,8888
1504,東元,2331,1941,390,國泰-敦南,2023-03-27,8888
6288,聯嘉,1060,688,372,國泰-敦南,2023-03-27,8888
00712,復華富時不動產,525,217,308,國泰-敦南,2023-03-27,8888
2317,鴻海,325,47,278,國泰-敦南,2023-03-27,8888
2634,漢翔,861,613,248,國泰-敦南,2023-03-27,8888
1609,大亞,1272,1055,217,國泰-敦南,2023-03-27,8888
2201,裕隆,297,99,198,國泰-敦南,2023-03-27,8888
3481,群創,519,344,175,國泰-敦南,2023-03-27,8888
00720B,元大投資級公司債,223,49,174,國泰-敦南,2023-03-27,8888
1513,中興電,359,186,173,國泰-敦南,2023-03-27,8888
2002,中鋼,225,55,170,國泰-敦南,2023-03-27,8888
6733,博晟生醫,178,19,159,國泰-敦南,2023-03-27,8888
2461,光群雷,252,95,157,國泰-敦南,2023-03-27,8888
6770,力積電,190,52,138,國泰-敦南,2023-03-27,8888
2610,華航,315,179,136,國泰-敦南,2023-03-27,8888
2323,中環,164,30,134,國泰-敦南,2023-03-27,8888
2867,三商壽,212,88,124,國泰-敦南,2023-03-27,8888
2344,華邦電,487,368,119,國泰-敦南,2023-03-27,8888
3037,欣興,308,199,109,國泰-敦南,2023-03-27,8888
00665L,富邦�琤肭磪囓�2,948,841,107,國泰-敦南,2023-03-27,8888
00888,永豐台灣ESG,133,28,105,國泰-敦南,2023-03-27,8888
6244,茂迪,1204,1101,103,國泰-敦南,2023-03-27,8888
2476,鉅祥,207,107,100,國泰-敦南,2023-03-27,8888
2206,三陽工業,154,56,98,國泰-敦南,2023-03-27,8888
3714,富采,430,333,97,國泰-敦南,2023-03-27,8888
2834,臺企銀,397,306,91,國泰-敦南,2023-03-27,8888
00679B,元大美債20年,238,149,89,國泰-敦南,2023-03-27,8888
1612,宏泰,133,46,87,國泰-敦南,2023-03-27,8888
3035,智原,555,468,87,國泰-敦南,2023-03-27,8888
4155,訊映,105,23,82,國泰-敦南,2023-03-27,8888
5521,工信,106,32,74,國泰-敦南,2023-03-27,8888
3105,穩懋,190,121,69,國泰-敦南,2023-03-27,8888
2392,正崴,103,35,68,國泰-敦南,2023-03-27,8888
00772B,中信高評級公司債,211,143,68,國泰-敦南,2023-03-27,8888
3264,欣銓,115,49,66,國泰-敦南,2023-03-27,8888
4967,十銓,119,54,65,國泰-敦南,2023-03-27,8888
00923,群益台ESG低碳50,120,56,64,國泰-敦南,2023-03-27,8888
3594,磐儀,254,191,63,國泰-敦南,2023-03-27,8888
2409,友達,154,93,61,國泰-敦南,2023-03-27,8888
2615,萬海,89,29,60,國泰-敦南,2023-03-27,8888
00631L,元大台灣50正2,68,9,59,國泰-敦南,2023-03-27,8888
7402,邑錡,75,18,57,國泰-敦南,2023-03-27,8888
3005,神基,75,18,57,國泰-敦南,2023-03-27,8888
3294,英濟,69,13,56,國泰-敦南,2023-03-27,8888
00679B,元大美債20年,1846,61,1785,國泰-敦南,2023-03-28,8888
00922,國泰台灣領袖50,934,162,772,國泰-敦南,2023-03-28,8888
00882,中信中國高股息,877,139,738,國泰-敦南,2023-03-28,8888
00772B,中信高評級公司債,793,70,723,國泰-敦南,2023-03-28,8888
00632R,元大台灣50反1,1195,527,668,國泰-敦南,2023-03-28,8888
1101,台泥,726,142,584,國泰-敦南,2023-03-28,8888
00751B,元大AAA至A公司債,522,11,511,國泰-敦南,2023-03-28,8888
00680L,元大美債20正2,545,77,468,國泰-敦南,2023-03-28,8888
6116,彩晶,532,69,463,國泰-敦南,2023-03-28,8888
0056,元大高股息,567,168,399,國泰-敦南,2023-03-28,8888
00720B,元大投資級公司債,405,14,391,國泰-敦南,2023-03-28,8888
2409,友達,440,148,292,國泰-敦南,2023-03-28,8888
00907,永豐優息存股,291,7,284,國泰-敦南,2023-03-28,8888
00712,復華富時不動產,604,374,230,國泰-敦南,2023-03-28,8888
3037,欣興,460,240,220,國泰-敦南,2023-03-28,8888
2867,三商壽,263,44,219,國泰-敦南,2023-03-28,8888
2883B,凱基金乙特,223,7,216,國泰-敦南,2023-03-28,8888
00673R,期元大S＆P原油反1,457,243,214,國泰-敦南,2023-03-28,8888
1584,精剛,623,457,166,國泰-敦南,2023-03-28,8888
00900,富邦特選高股息30,254,89,165,國泰-敦南,2023-03-28,8888
2317,鴻海,213,58,155,國泰-敦南,2023-03-28,8888
00688L,國泰20年美債正2,156,2,154,國泰-敦南,2023-03-28,8888
00919,群益台灣精選高息,158,6,152,國泰-敦南,2023-03-28,8888
2634,漢翔,470,319,151,國泰-敦南,2023-03-28,8888
2890,永豐金,203,54,149,國泰-敦南,2023-03-28,8888
2388,威盛,634,488,146,國泰-敦南,2023-03-28,8888
00878,國泰永續高股息,1710,1564,146,國泰-敦南,2023-03-28,8888
3035,智原,678,542,136,國泰-敦南,2023-03-28,8888
2303,聯電,298,163,135,國泰-敦南,2023-03-28,8888
2206,三陽工業,161,28,133,國泰-敦南,2023-03-28,8888
00888,永豐台灣ESG,186,57,129,國泰-敦南,2023-03-28,8888
6770,力積電,266,138,128,國泰-敦南,2023-03-28,8888
3481,群創,588,461,127,國泰-敦南,2023-03-28,8888
00923,群益台ESG低碳50,153,32,121,國泰-敦南,2023-03-28,8888
00687B,國泰20年美債,130,14,116,國泰-敦南,2023-03-28,8888
3047,訊舟,248,141,107,國泰-敦南,2023-03-28,8888
4532,瑞智,117,10,107,國泰-敦南,2023-03-28,8888
1605,華新,1508,1405,103,國泰-敦南,2023-03-28,8888
3362,先進光,210,111,99,國泰-敦南,2023-03-28,8888
2498,宏達電,469,375,94,國泰-敦南,2023-03-28,8888
00881,國泰台灣5G+,166,73,93,國泰-敦南,2023-03-28,8888
3479,安勤,168,83,85,國泰-敦南,2023-03-28,8888
0050,元大台灣50,138,53,85,國泰-敦南,2023-03-28,8888
3704,合勤控,83,6,77,國泰-敦南,2023-03-28,8888
00795B,中信美國公債20年,84,6,78,國泰-敦南,2023-03-28,8888
3289,宜特,126,50,76,國泰-敦南,2023-03-28,8888
00773B,中信優先金融債,107,35,72,國泰-敦南,2023-03-28,8888
6285,啟��,202,130,72,國泰-敦南,2023-03-28,8888
3346,麗清,100,30,70,國泰-敦南,2023-03-28,8888
4934,太極,95,28,67,國泰-敦南,2023-03-28,8888
00922,國泰台灣領袖50,769,94,675,國泰-敦南,2023-03-29,8888
00679B,元大美債20年,736,94,642,國泰-敦南,2023-03-29,8888
00772B,中信高評級公司債,422,23,399,國泰-敦南,2023-03-29,8888
00688L,國泰20年美債正2,386,2,384,國泰-敦南,2023-03-29,8888
2303,聯電,551,263,288,國泰-敦南,2023-03-29,8888
00720B,元大投資級公司債,288,17,271,國泰-敦南,2023-03-29,8888
6116,彩晶,376,107,269,國泰-敦南,2023-03-29,8888
00882,中信中國高股息,350,136,214,國泰-敦南,2023-03-29,8888
00673R,期元大S＆P原油反1,240,30,210,國泰-敦南,2023-03-29,8888
6235,華孚,1074,876,198,國泰-敦南,2023-03-29,8888
5243,乙盛-KY,404,209,195,國泰-敦南,2023-03-29,8888
3035,智原,676,484,192,國泰-敦南,2023-03-29,8888
00632R,元大台灣50反1,694,506,188,國泰-敦南,2023-03-29,8888
6443,元晶,309,139,170,國泰-敦南,2023-03-29,8888
00891,中信關鍵半導體,313,150,163,國泰-敦南,2023-03-29,8888
8222,寶一,338,176,162,國泰-敦南,2023-03-29,8888
2371,大同,336,177,159,國泰-敦南,2023-03-29,8888
00713,元大台灣高息低波,220,64,156,國泰-敦南,2023-03-29,8888
00751B,元大AAA至A公司債,167,13,154,國泰-敦南,2023-03-29,8888
00680L,元大美債20正2,224,73,151,國泰-敦南,2023-03-29,8888
00910,第一金太空衛星,133,0,133,國泰-敦南,2023-03-29,8888
00712,復華富時不動產,241,121,120,國泰-敦南,2023-03-29,8888
00725B,國泰投資級公司債,124,7,117,國泰-敦南,2023-03-29,8888
2609,陽明,326,213,113,國泰-敦南,2023-03-29,8888
5425,台半,382,275,107,國泰-敦南,2023-03-29,8888
6770,力積電,205,99,106,國泰-敦南,2023-03-29,8888
00773B,中信優先金融債,107,7,100,國泰-敦南,2023-03-29,8888
2851,中再保,106,8,98,國泰-敦南,2023-03-29,8888
00908,富邦入息REITs+,91,0,91,國泰-敦南,2023-03-29,8888
2457,飛宏,481,392,89,國泰-敦南,2023-03-29,8888
2331,精英,126,44,82,國泰-敦南,2023-03-29,8888
1529,樂事綠能,116,35,81,國泰-敦南,2023-03-29,8888
2603,長榮,157,81,76,國泰-敦南,2023-03-29,8888
6121,新普,87,12,75,國泰-敦南,2023-03-29,8888
2208,台船,162,90,72,國泰-敦南,2023-03-29,8888
3715,定穎投控,1981,1911,70,國泰-敦南,2023-03-29,8888
2426,鼎元,106,38,68,國泰-敦南,2023-03-29,8888
1101,台泥,149,81,68,國泰-敦南,2023-03-29,8888
2836,高雄銀,69,3,66,國泰-敦南,2023-03-29,8888
00892,富邦台灣半導體,88,23,65,國泰-敦南,2023-03-29,8888
2328,廣宇,122,62,60,國泰-敦南,2023-03-29,8888
3105,穩懋,290,233,57,國泰-敦南,2023-03-29,8888
00919,群益台灣精選高息,68,11,57,國泰-敦南,2023-03-29,8888
4919,新唐,126,72,54,國泰-敦南,2023-03-29,8888
3594,磐儀,131,78,53,國泰-敦南,2023-03-29,8888
2542,興富發,73,20,53,國泰-敦南,2023-03-29,8888
6220,岳豐,141,89,52,國泰-敦南,2023-03-29,8888
00671R,富邦NASDAQ反1,81,29,52,國泰-敦南,2023-03-29,8888
3707,漢磊,78,26,52,國泰-敦南,2023-03-29,8888
3564,其陽,51,1,50,國泰-敦南,2023-03-29,8888
00715L,期街口布蘭特正2,1669,690,979,國泰-敦南,2023-03-30,8888
00632R,元大台灣50反1,930,243,687,國泰-敦南,2023-03-30,8888
00882,中信中國高股息,638,36,602,國泰-敦南,2023-03-30,8888
2867,三商壽,561,47,514,國泰-敦南,2023-03-30,8888
2889,國票金,519,45,474,國泰-敦南,2023-03-30,8888
00679B,元大美債20年,399,13,386,國泰-敦南,2023-03-30,8888
2409,友達,319,34,285,國泰-敦南,2023-03-30,8888
00665L,富邦�琤肭磪囓�2,1006,728,278,國泰-敦南,2023-03-30,8888
3481,群創,381,118,263,國泰-敦南,2023-03-30,8888
00680L,元大美債20正2,323,62,261,國泰-敦南,2023-03-30,8888
1504,東元,1202,964,238,國泰-敦南,2023-03-30,8888
2618,長榮航,313,113,200,國泰-敦南,2023-03-30,8888
00753L,中信中國50正2,326,135,191,國泰-敦南,2023-03-30,8888
2883,凱基金,237,46,191,國泰-敦南,2023-03-30,8888
1609,大亞,569,383,186,國泰-敦南,2023-03-30,8888
2890,永豐金,230,57,173,國泰-敦南,2023-03-30,8888
2882,國泰金,357,188,169,國泰-敦南,2023-03-30,8888
2610,華航,479,312,167,國泰-敦南,2023-03-30,8888
5475,德宏,215,52,163,國泰-敦南,2023-03-30,8888
2331,精英,282,122,160,國泰-敦南,2023-03-30,8888
1101,台泥,184,68,116,國泰-敦南,2023-03-30,8888
1605,華新,369,255,114,國泰-敦南,2023-03-30,8888
2534,宏盛,117,16,101,國泰-敦南,2023-03-30,8888
1762,中化生,184,83,101,國泰-敦南,2023-03-30,8888
1314,中石化,114,22,92,國泰-敦南,2023-03-30,8888
6282,康舒,157,65,92,國泰-敦南,2023-03-30,8888
00922,國泰台灣領袖50,178,91,87,國泰-敦南,2023-03-30,8888
1213,大飲,84,0,84,國泰-敦南,2023-03-30,8888
6770,力積電,162,87,75,國泰-敦南,2023-03-30,8888
6122,擎邦,362,298,64,國泰-敦南,2023-03-30,8888
2427,三商電,124,61,63,國泰-敦南,2023-03-30,8888
1795,美時,367,304,63,國泰-敦南,2023-03-30,8888
2609,陽明,173,110,63,國泰-敦南,2023-03-30,8888
3710,連展投控,73,11,62,國泰-敦南,2023-03-30,8888
6715,嘉基,120,59,61,國泰-敦南,2023-03-30,8888
2603,長榮,128,67,61,國泰-敦南,2023-03-30,8888
00772B,中信高評級公司債,148,90,58,國泰-敦南,2023-03-30,8888
2753,八方雲集,90,32,58,國泰-敦南,2023-03-30,8888
2836,高雄銀,57,0,57,國泰-敦南,2023-03-30,8888
2481,強茂,112,56,56,國泰-敦南,2023-03-30,8888
6244,茂迪,500,445,55,國泰-敦南,2023-03-30,8888
2887,台新金,85,32,53,國泰-敦南,2023-03-30,8888
3706,神達,52,1,51,國泰-敦南,2023-03-30,8888
2812,台中銀,77,26,51,國泰-敦南,2023-03-30,8888
2542,興富發,53,3,50,國泰-敦南,2023-03-30,8888
4967,十銓,696,647,49,國泰-敦南,2023-03-30,8888
00671R,富邦NASDAQ反1,89,41,48,國泰-敦南,2023-03-30,8888
4971,IET-KY,57,9,48,國泰-敦南,2023-03-30,8888
2881,富邦金,81,34,47,國泰-敦南,2023-03-30,8888
2359,所羅門,270,225,45,國泰-敦南,2023-03-30,8888
2867,三商壽,1236,381,855,國泰-敦南,2023-03-31,8888
00632R,元大台灣50反1,1865,1241,624,國泰-敦南,2023-03-31,8888
1605,華新,1015,425,590,國泰-敦南,2023-03-31,8888
00712,復華富時不動產,782,325,457,國泰-敦南,2023-03-31,8888
2889,國票金,283,57,226,國泰-敦南,2023-03-31,8888
6133,金橋,975,774,201,國泰-敦南,2023-03-31,8888
2498,宏達電,351,153,198,國泰-敦南,2023-03-31,8888
2457,飛宏,1341,1199,142,國泰-敦南,2023-03-31,8888
1513,中興電,285,164,121,國泰-敦南,2023-03-31,8888
00888,永豐台灣ESG,184,74,110,國泰-敦南,2023-03-31,8888
00673R,期元大S＆P原油反1,250,147,103,國泰-敦南,2023-03-31,8888
2402,毅嘉,207,107,100,國泰-敦南,2023-03-31,8888
00922,國泰台灣領袖50,264,175,89,國泰-敦南,2023-03-31,8888
1810,和成,103,15,88,國泰-敦南,2023-03-31,8888
6443,元晶,190,106,84,國泰-敦南,2023-03-31,8888
2317,鴻海,98,22,76,國泰-敦南,2023-03-31,8888
3706,神達,80,4,76,國泰-敦南,2023-03-31,8888
3346,麗清,88,17,71,國泰-敦南,2023-03-31,8888
2302,麗正,346,276,70,國泰-敦南,2023-03-31,8888
1609,大亞,177,108,69,國泰-敦南,2023-03-31,8888
00738U,期元大道瓊白銀,69,2,67,國泰-敦南,2023-03-31,8888
6121,新普,68,6,62,國泰-敦南,2023-03-31,8888
2331,精英,98,38,60,國泰-敦南,2023-03-31,8888
3088,艾訊,78,19,59,國泰-敦南,2023-03-31,8888
2634,漢翔,115,57,58,國泰-敦南,2023-03-31,8888
4128,中天,106,49,57,國泰-敦南,2023-03-31,8888
9921,巨大,74,18,56,國泰-敦南,2023-03-31,8888
2419,仲琦,97,43,54,國泰-敦南,2023-03-31,8888
2201,裕隆,177,125,52,國泰-敦南,2023-03-31,8888
00670L,富邦NASDAQ正2,63,10,53,國泰-敦南,2023-03-31,8888
2382,廣達,88,35,53,國泰-敦南,2023-03-31,8888
2610,華航,210,158,52,國泰-敦南,2023-03-31,8888
1314,中石化,76,26,50,國泰-敦南,2023-03-31,8888
2606,裕民,114,64,50,國泰-敦南,2023-03-31,8888
3664,安瑞-KY,58,9,49,國泰-敦南,2023-03-31,8888
9105,泰金寶-DR,93,46,47,國泰-敦南,2023-03-31,8888
1444,力麗,46,0,46,國泰-敦南,2023-03-31,8888
00773B,中信優先金融債,54,9,45,國泰-敦南,2023-03-31,8888
2495,普安,62,18,44,國泰-敦南,2023-03-31,8888
00720B,元大投資級公司債,95,52,43,國泰-敦南,2023-03-31,8888
5512,力麒,66,25,41,國泰-敦南,2023-03-31,8888
8277,商丞,59,18,41,國泰-敦南,2023-03-31,8888
00676R,富邦臺灣加權反1,42,1,41,國泰-敦南,2023-03-31,8888
5258,虹堡,112,71,41,國泰-敦南,2023-03-31,8888
3013,晟銘電,185,145,40,國泰-敦南,2023-03-31,8888
4953,緯軟,95,55,40,國泰-敦南,2023-03-31,8888
6278,台表科,76,37,39,國泰-敦南,2023-03-31,8888
2476,鉅祥,59,20,39,國泰-敦南,2023-03-31,8888
8222,寶一,112,74,38,國泰-敦南,2023-03-31,8888
3058,立德,99,61,38,國泰-敦南,2023-03-31,8888
00673R,期元大S＆P原油反1,2613,64,2549,國泰-敦南,2023-04-06,8888
00902,中信電池及儲能,1240,328,912,國泰-敦南,2023-04-06,8888
00881,國泰台灣5G+,1113,234,879,國泰-敦南,2023-04-06,8888
00882,中信中國高股息,720,70,650,國泰-敦南,2023-04-06,8888
00712,復華富時不動產,811,167,644,國泰-敦南,2023-04-06,8888
2344,華邦電,1041,495,546,國泰-敦南,2023-04-06,8888
00893,國泰智能電動車,675,149,526,國泰-敦南,2023-04-06,8888
00922,國泰台灣領袖50,505,34,471,國泰-敦南,2023-04-06,8888
00637L,元大滬深300正2,656,250,406,國泰-敦南,2023-04-06,8888
8069,元太,540,193,347,國泰-敦南,2023-04-06,8888
00671R,富邦NASDAQ反1,337,27,310,國泰-敦南,2023-04-06,8888
00830,國泰費城半導體,333,23,310,國泰-敦南,2023-04-06,8888
00900,富邦特選高股息30,354,70,284,國泰-敦南,2023-04-06,8888
2867,三商壽,391,111,280,國泰-敦南,2023-04-06,8888
2317,鴻海,344,67,277,國泰-敦南,2023-04-06,8888
00753L,中信中國50正2,222,49,173,國泰-敦南,2023-04-06,8888
2609,陽明,300,128,172,國泰-敦南,2023-04-06,8888
6770,力積電,272,106,166,國泰-敦南,2023-04-06,8888
2337,旺宏,227,66,161,國泰-敦南,2023-04-06,8888
3231,緯創,591,437,154,國泰-敦南,2023-04-06,8888
00888,永豐台灣ESG,255,106,149,國泰-敦南,2023-04-06,8888
2618,長榮航,295,155,140,國泰-敦南,2023-04-06,8888
2634,漢翔,272,134,138,國泰-敦南,2023-04-06,8888
3056,富華新,294,160,134,國泰-敦南,2023-04-06,8888
2615,萬海,156,26,130,國泰-敦南,2023-04-06,8888
6235,華孚,2414,2285,129,國泰-敦南,2023-04-06,8888
6548,長科*,369,255,114,國泰-敦南,2023-04-06,8888
3605,宏致,106,1,105,國泰-敦南,2023-04-06,8888
2454,聯發科,116,13,103,國泰-敦南,2023-04-06,8888
2027,大成鋼,139,41,98,國泰-敦南,2023-04-06,8888
2208,台船,526,428,98,國泰-敦南,2023-04-06,8888
6285,啟��,147,64,83,國泰-敦南,2023-04-06,8888
3006,晶豪科,147,65,82,國泰-敦南,2023-04-06,8888
00631L,元大台灣50正2,96,14,82,國泰-敦南,2023-04-06,8888
2606,裕民,265,183,82,國泰-敦南,2023-04-06,8888
3032,偉訓,227,147,80,國泰-敦南,2023-04-06,8888
2610,華航,324,245,79,國泰-敦南,2023-04-06,8888
3207,耀勝,99,23,76,國泰-敦南,2023-04-06,8888
6244,茂迪,123,49,74,國泰-敦南,2023-04-06,8888
2603,長榮,136,63,73,國泰-敦南,2023-04-06,8888
00891,中信關鍵半導體,112,39,73,國泰-敦南,2023-04-06,8888
2358,廷鑫,106,34,72,國泰-敦南,2023-04-06,8888
6116,彩晶,103,32,71,國泰-敦南,2023-04-06,8888
1217,愛之味,93,23,70,國泰-敦南,2023-04-06,8888
5381,合正,92,22,70,國泰-敦南,2023-04-06,8888
2601,益航,116,47,69,國泰-敦南,2023-04-06,8888
2542,興富發,86,18,68,國泰-敦南,2023-04-06,8888
2891,中信金,263,195,68,國泰-敦南,2023-04-06,8888
00713,元大台灣高息低波,260,193,67,國泰-敦南,2023-04-06,8888
1802,台玻,77,11,66,國泰-敦南,2023-04-06,8888
00878,國泰永續高股息,3024,1454,1570,國泰-敦南,2023-04-07,8888
00712,復華富時不動產,1558,332,1226,國泰-敦南,2023-04-07,8888
00679B,元大美債20年,651,334,317,國泰-敦南,2023-04-07,8888
2356,英業達,490,204,286,國泰-敦南,2023-04-07,8888
6235,華孚,1652,1417,235,國泰-敦南,2023-04-07,8888
2884,玉山金,354,162,192,國泰-敦南,2023-04-07,8888
0056,元大高股息,374,203,171,國泰-敦南,2023-04-07,8888
2208,台船,380,218,162,國泰-敦南,2023-04-07,8888
00888,永豐台灣ESG,192,37,155,國泰-敦南,2023-04-07,8888
3056,富華新,408,257,151,國泰-敦南,2023-04-07,8888
00902,中信電池及儲能,204,57,147,國泰-敦南,2023-04-07,8888
1529,樂事綠能,204,57,147,國泰-敦南,2023-04-07,8888
2634,漢翔,242,115,127,國泰-敦南,2023-04-07,8888
1314,中石化,132,6,126,國泰-敦南,2023-04-07,8888
00632R,元大台灣50反1,467,342,125,國泰-敦南,2023-04-07,8888
00713,元大台灣高息低波,205,80,125,國泰-敦南,2023-04-07,8888
2891,中信金,151,28,123,國泰-敦南,2023-04-07,8888
00673R,期元大S＆P原油反1,242,135,107,國泰-敦南,2023-04-07,8888
00830,國泰費城半導體,120,18,102,國泰-敦南,2023-04-07,8888
2886,兆豐金,117,15,102,國泰-敦南,2023-04-07,8888
2352,佳世達,200,109,91,國泰-敦南,2023-04-07,8888
6753,龍德造船,154,63,91,國泰-敦南,2023-04-07,8888
2436,偉詮電,199,117,82,國泰-敦南,2023-04-07,8888
2889,國票金,166,84,82,國泰-敦南,2023-04-07,8888
2317,鴻海,106,25,81,國泰-敦南,2023-04-07,8888
00912,中信臺灣智慧50,82,1,81,國泰-敦南,2023-04-07,8888
5381,合正,93,12,81,國泰-敦南,2023-04-07,8888
00669R,國泰美國道瓊反1,80,0,80,國泰-敦南,2023-04-07,8888
8222,寶一,157,79,78,國泰-敦南,2023-04-07,8888
2486,一詮,121,46,75,國泰-敦南,2023-04-07,8888
00882,中信中國高股息,141,67,74,國泰-敦南,2023-04-07,8888
4916,事欣科,103,32,71,國泰-敦南,2023-04-07,8888
00922,國泰台灣領袖50,141,71,70,國泰-敦南,2023-04-07,8888
3207,耀勝,95,27,68,國泰-敦南,2023-04-07,8888
3231,緯創,468,401,67,國泰-敦南,2023-04-07,8888
2495,普安,103,38,65,國泰-敦南,2023-04-07,8888
3017,奇鋐,241,177,64,國泰-敦南,2023-04-07,8888
2358,廷鑫,66,2,64,國泰-敦南,2023-04-07,8888
2834,臺企銀,127,65,62,國泰-敦南,2023-04-07,8888
2748,雲品,93,31,62,國泰-敦南,2023-04-07,8888
8383,千附,158,99,59,國泰-敦南,2023-04-07,8888
00720B,元大投資級公司債,275,217,58,國泰-敦南,2023-04-07,8888
2443,昶虹,65,8,57,國泰-敦南,2023-04-07,8888
3711,日月光投控,60,4,56,國泰-敦南,2023-04-07,8888
3046,建��,134,78,56,國泰-敦南,2023-04-07,8888
2014,中鴻,79,24,55,國泰-敦南,2023-04-07,8888
3025,星通,664,610,54,國泰-敦南,2023-04-07,8888
8069,元太,497,445,52,國泰-敦南,2023-04-07,8888
00715L,期街口布蘭特正2,275,225,50,國泰-敦南,2023-04-07,8888
3189,景碩,62,12,50,國泰-敦南,2023-04-07,8888
00673R,期元大S＆P原油反1,1603,290,1313,國泰-敦南,2023-04-10,8888
00679B,元大美債20年,821,107,714,國泰-敦南,2023-04-10,8888
00888,永豐台灣ESG,618,52,566,國泰-敦南,2023-04-10,8888
00720B,元大投資級公司債,409,70,339,國泰-敦南,2023-04-10,8888
00688L,國泰20年美債正2,333,3,330,國泰-敦南,2023-04-10,8888
00712,復華富時不動產,921,593,328,國泰-敦南,2023-04-10,8888
1609,大亞,508,213,295,國泰-敦南,2023-04-10,8888
1605,華新,617,368,249,國泰-敦南,2023-04-10,8888
2344,華邦電,1447,1201,246,國泰-敦南,2023-04-10,8888
00632R,元大台灣50反1,441,216,225,國泰-敦南,2023-04-10,8888
00772B,中信高評級公司債,370,170,200,國泰-敦南,2023-04-10,8888
2609,陽明,553,357,196,國泰-敦南,2023-04-10,8888
6288,聯嘉,410,240,170,國泰-敦南,2023-04-10,8888
5009,榮剛,441,282,159,國泰-敦南,2023-04-10,8888
00725B,國泰投資級公司債,200,41,159,國泰-敦南,2023-04-10,8888
2337,旺宏,178,21,157,國泰-敦南,2023-04-10,8888
6770,力積電,230,79,151,國泰-敦南,2023-04-10,8888
00773B,中信優先金融債,156,21,135,國泰-敦南,2023-04-10,8888
00751B,元大AAA至A公司債,171,39,132,國泰-敦南,2023-04-10,8888
3188,鑫龍騰,158,25,133,國泰-敦南,2023-04-10,8888
2443,昶虹,131,11,120,國泰-敦南,2023-04-10,8888
2897,王道銀行,149,33,116,國泰-敦南,2023-04-10,8888
00637L,元大滬深300正2,466,354,112,國泰-敦南,2023-04-10,8888
2610,華航,210,109,101,國泰-敦南,2023-04-10,8888
6285,啟��,216,116,100,國泰-敦南,2023-04-10,8888
00912,中信臺灣智慧50,94,3,91,國泰-敦南,2023-04-10,8888
6282,康舒,168,82,86,國泰-敦南,2023-04-10,8888
2408,南亞科,212,127,85,國泰-敦南,2023-04-10,8888
2483,百容,112,30,82,國泰-敦南,2023-04-10,8888
3006,晶豪科,185,104,81,國泰-敦南,2023-04-10,8888
00669R,國泰美國道瓊反1,83,4,79,國泰-敦南,2023-04-10,8888
4128,中天,113,35,78,國泰-敦南,2023-04-10,8888
00921,兆豐龍頭等權重,78,1,77,國泰-敦南,2023-04-10,8888
2889,國票金,154,80,74,國泰-敦南,2023-04-10,8888
00882,中信中國高股息,133,59,74,國泰-敦南,2023-04-10,8888
1519,華城,566,493,73,國泰-敦南,2023-04-10,8888
00885,富邦越南,230,158,72,國泰-敦南,2023-04-10,8888
9945,潤泰新,107,38,69,國泰-敦南,2023-04-10,8888
2606,裕民,119,53,66,國泰-敦南,2023-04-10,8888
4968,立積,556,491,65,國泰-敦南,2023-04-10,8888
00922,國泰台灣領袖50,102,37,65,國泰-敦南,2023-04-10,8888
00830,國泰費城半導體,84,21,63,國泰-敦南,2023-04-10,8888
2615,萬海,175,114,61,國泰-敦南,2023-04-10,8888
3056,富華新,185,126,59,國泰-敦南,2023-04-10,8888
9907,統一實,71,13,58,國泰-敦南,2023-04-10,8888
2476,鉅祥,118,63,55,國泰-敦南,2023-04-10,8888
2603,長榮,238,185,53,國泰-敦南,2023-04-10,8888
6461,益得,67,15,52,國泰-敦南,2023-04-10,8888
3162,精確,135,84,51,國泰-敦南,2023-04-10,8888
6829,千附精密,148,97,51,國泰-敦南,2023-04-10,8888
00632R,元大台灣50反1,1238,155,1083,國泰-敦南,2023-04-11,8888
00712,復華富時不動產,1497,579,918,國泰-敦南,2023-04-11,8888
00679B,元大美債20年,816,186,630,國泰-敦南,2023-04-11,8888
00673R,期元大S＆P原油反1,870,261,609,國泰-敦南,2023-04-11,8888
2634,漢翔,1061,661,400,國泰-敦南,2023-04-11,8888
3481,群創,1091,709,382,國泰-敦南,2023-04-11,8888
00680L,元大美債20正2,394,34,360,國泰-敦南,2023-04-11,8888
00888,永豐台灣ESG,323,35,288,國泰-敦南,2023-04-11,8888
6245,立端,283,44,239,國泰-敦南,2023-04-11,8888
2317,鴻海,242,27,215,國泰-敦南,2023-04-11,8888
2457,飛宏,1208,1019,189,國泰-敦南,2023-04-11,8888
00637L,元大滬深300正2,381,203,178,國泰-敦南,2023-04-11,8888
2443,昶虹,187,10,177,國泰-敦南,2023-04-11,8888
00687B,國泰20年美債,188,13,175,國泰-敦南,2023-04-11,8888
00720B,元大投資級公司債,249,79,170,國泰-敦南,2023-04-11,8888
2303,聯電,269,101,168,國泰-敦南,2023-04-11,8888
2330,台積電,230,64,166,國泰-敦南,2023-04-11,8888
00922,國泰台灣領袖50,268,105,163,國泰-敦南,2023-04-11,8888
00725B,國泰投資級公司債,169,9,160,國泰-敦南,2023-04-11,8888
00772B,中信高評級公司債,220,60,160,國泰-敦南,2023-04-11,8888
3432,台端,269,124,145,國泰-敦南,2023-04-11,8888
2208,台船,365,224,141,國泰-敦南,2023-04-11,8888
00912,中信臺灣智慧50,139,1,138,國泰-敦南,2023-04-11,8888
00671R,富邦NASDAQ反1,155,30,125,國泰-敦南,2023-04-11,8888
00650L,復華香港正2,125,19,106,國泰-敦南,2023-04-11,8888
2206,三陽工業,1029,927,102,國泰-敦南,2023-04-11,8888
6443,元晶,230,131,99,國泰-敦南,2023-04-11,8888
2002,中鋼,158,67,91,國泰-敦南,2023-04-11,8888
3046,建��,636,546,90,國泰-敦南,2023-04-11,8888
6163,華電網,216,126,90,國泰-敦南,2023-04-11,8888
2402,毅嘉,230,143,87,國泰-敦南,2023-04-11,8888
1504,東元,1412,1325,87,國泰-敦南,2023-04-11,8888
1503,士電,460,378,82,國泰-敦南,2023-04-11,8888
6148,驊宏資,242,164,78,國泰-敦南,2023-04-11,8888
8222,寶一,339,268,71,國泰-敦南,2023-04-11,8888
3038,全台,133,62,71,國泰-敦南,2023-04-11,8888
1609,大亞,632,562,70,國泰-敦南,2023-04-11,8888
3162,精確,163,97,66,國泰-敦南,2023-04-11,8888
3027,盛達,159,94,65,國泰-敦南,2023-04-11,8888
3037,欣興,137,72,65,國泰-敦南,2023-04-11,8888
00669R,國泰美國道瓊反1,67,2,65,國泰-敦南,2023-04-11,8888
006208,富邦台50,98,33,65,國泰-敦南,2023-04-11,8888
6266,泰詠,422,362,60,國泰-敦南,2023-04-11,8888
2471,資通,82,23,59,國泰-敦南,2023-04-11,8888
00795B,中信美國公債20年,60,3,57,國泰-敦南,2023-04-11,8888
3712,永崴投控,108,53,55,國泰-敦南,2023-04-11,8888
5353,台林,141,87,54,國泰-敦南,2023-04-11,8888
6161,捷波,68,15,53,國泰-敦南,2023-04-11,8888
4916,事欣科,76,24,52,國泰-敦南,2023-04-11,8888
3029,零壹,213,162,51,國泰-敦南,2023-04-11,8888
00673R,期元大S＆P原油反1,2645,353,2292,國泰-敦南,2023-04-12,8888
00712,復華富時不動產,2047,578,1469,國泰-敦南,2023-04-12,8888
00679B,元大美債20年,632,47,585,國泰-敦南,2023-04-12,8888
00753L,中信中國50正2,344,36,308,國泰-敦南,2023-04-12,8888
1609,大亞,1569,1309,260,國泰-敦南,2023-04-12,8888
2344,華邦電,570,378,192,國泰-敦南,2023-04-12,8888
2317,鴻海,259,82,177,國泰-敦南,2023-04-12,8888
00888,永豐台灣ESG,197,26,171,國泰-敦南,2023-04-12,8888
00720B,元大投資級公司債,217,50,167,國泰-敦南,2023-04-12,8888
2610,華航,287,122,165,國泰-敦南,2023-04-12,8888
00772B,中信高評級公司債,185,22,163,國泰-敦南,2023-04-12,8888
2618,長榮航,193,56,137,國泰-敦南,2023-04-12,8888
5425,台半,347,210,137,國泰-敦南,2023-04-12,8888
3545,敦泰,590,454,136,國泰-敦南,2023-04-12,8888
00922,國泰台灣領袖50,190,54,136,國泰-敦南,2023-04-12,8888
00637L,元大滬深300正2,277,146,131,國泰-敦南,2023-04-12,8888
3037,欣興,221,100,121,國泰-敦南,2023-04-12,8888
00680L,元大美債20正2,183,66,117,國泰-敦南,2023-04-12,8888
00713,元大台灣高息低波,214,98,116,國泰-敦南,2023-04-12,8888
4967,十銓,568,465,103,國泰-敦南,2023-04-12,8888
2812,台中銀,142,40,102,國泰-敦南,2023-04-12,8888
2427,三商電,194,92,102,國泰-敦南,2023-04-12,8888
00902,中信電池及儲能,126,25,101,國泰-敦南,2023-04-12,8888
4968,立積,424,327,97,國泰-敦南,2023-04-12,8888
2349,錸德,109,13,96,國泰-敦南,2023-04-12,8888
2498,宏達電,211,117,94,國泰-敦南,2023-04-12,8888
2867,三商壽,450,356,94,國泰-敦南,2023-04-12,8888
1513,中興電,1891,1800,91,國泰-敦南,2023-04-12,8888
2313,華通,134,51,83,國泰-敦南,2023-04-12,8888
6235,華孚,828,749,79,國泰-敦南,2023-04-12,8888
006208,富邦台50,127,54,73,國泰-敦南,2023-04-12,8888
0050,元大台灣50,132,59,73,國泰-敦南,2023-04-12,8888
00633L,富邦上証正2,73,5,68,國泰-敦南,2023-04-12,8888
00912,中信臺灣智慧50,68,0,68,國泰-敦南,2023-04-12,8888
6770,力積電,140,74,66,國泰-敦南,2023-04-12,8888
3081,聯亞,91,26,65,國泰-敦南,2023-04-12,8888
6005,群益證,74,11,63,國泰-敦南,2023-04-12,8888
1906,寶隆,61,0,61,國泰-敦南,2023-04-12,8888
4402,郡都開發,68,7,61,國泰-敦南,2023-04-12,8888
3046,建��,188,128,60,國泰-敦南,2023-04-12,8888
4114,健喬,282,224,58,國泰-敦南,2023-04-12,8888
6185,幃翔,72,14,58,國泰-敦南,2023-04-12,8888
00752,中信中國50,68,11,57,國泰-敦南,2023-04-12,8888
3231,緯創,691,635,56,國泰-敦南,2023-04-12,8888
8926,台汽電,308,252,56,國泰-敦南,2023-04-12,8888
4961,天鈺,137,82,55,國泰-敦南,2023-04-12,8888
00687B,國泰20年美債,65,11,54,國泰-敦南,2023-04-12,8888
3325,旭品,133,80,53,國泰-敦南,2023-04-12,8888
6188,廣明,189,137,52,國泰-敦南,2023-04-12,8888
9962,有益,62,11,51,國泰-敦南,2023-04-12,8888
00712,復華富時不動產,2486,501,1985,國泰-敦南,2023-04-13,8888
00673R,期元大S＆P原油反1,1734,319,1415,國泰-敦南,2023-04-13,8888
00720B,元大投資級公司債,859,35,824,國泰-敦南,2023-04-13,8888
00922,國泰台灣領袖50,756,59,697,國泰-敦南,2023-04-13,8888
2515,中工,2622,2091,531,國泰-敦南,2023-04-13,8888
00679B,元大美債20年,654,137,517,國泰-敦南,2023-04-13,8888
00888,永豐台灣ESG,536,68,468,國泰-敦南,2023-04-13,8888
1609,大亞,1483,1027,456,國泰-敦南,2023-04-13,8888
00772B,中信高評級公司債,526,72,454,國泰-敦南,2023-04-13,8888
00715L,期街口布蘭特正2,760,374,386,國泰-敦南,2023-04-13,8888
5009,榮剛,1224,872,352,國泰-敦南,2023-04-13,8888
3231,緯創,893,569,324,國泰-敦南,2023-04-13,8888
00881,國泰台灣5G+,610,291,319,國泰-敦南,2023-04-13,8888
00671R,富邦NASDAQ反1,313,10,303,國泰-敦南,2023-04-13,8888
00923,群益台ESG低碳50,302,17,285,國泰-敦南,2023-04-13,8888
2330,台積電,447,163,284,國泰-敦南,2023-04-13,8888
3711,日月光投控,328,52,276,國泰-敦南,2023-04-13,8888
1513,中興電,1236,989,247,國泰-敦南,2023-04-13,8888
6163,華電網,1005,758,247,國泰-敦南,2023-04-13,8888
1504,東元,1153,909,244,國泰-敦南,2023-04-13,8888
3494,誠研,269,29,240,國泰-敦南,2023-04-13,8888
1605,華新,647,426,221,國泰-敦南,2023-04-13,8888
2634,漢翔,1731,1512,219,國泰-敦南,2023-04-13,8888
2206,三陽工業,556,341,215,國泰-敦南,2023-04-13,8888
0050,元大台灣50,275,64,211,國泰-敦南,2023-04-13,8888
0056,元大高股息,621,413,208,國泰-敦南,2023-04-13,8888
5351,鈺創,323,136,187,國泰-敦南,2023-04-13,8888
00665L,富邦�琤肭磪囓�2,750,565,185,國泰-敦南,2023-04-13,8888
3006,晶豪科,558,377,181,國泰-敦南,2023-04-13,8888
00751B,元大AAA至A公司債,189,7,182,國泰-敦南,2023-04-13,8888
1519,華城,989,811,178,國泰-敦南,2023-04-13,8888
6443,元晶,362,185,177,國泰-敦南,2023-04-13,8888
2313,華通,208,40,168,國泰-敦南,2023-04-13,8888
00753L,中信中國50正2,512,349,163,國泰-敦南,2023-04-13,8888
00912,中信臺灣智慧50,167,6,161,國泰-敦南,2023-04-13,8888
2883B,凱基金乙特,158,0,158,國泰-敦南,2023-04-13,8888
006208,富邦台50,217,63,154,國泰-敦南,2023-04-13,8888
2344,華邦電,425,275,150,國泰-敦南,2023-04-13,8888
6122,擎邦,714,569,145,國泰-敦南,2023-04-13,8888
1503,士電,943,802,141,國泰-敦南,2023-04-13,8888
00713,元大台灣高息低波,280,143,137,國泰-敦南,2023-04-13,8888
00891,中信關鍵半導體,178,44,134,國泰-敦南,2023-04-13,8888
6167,久正,143,10,133,國泰-敦南,2023-04-13,8888
6116,彩晶,251,119,132,國泰-敦南,2023-04-13,8888
3013,晟銘電,331,203,128,國泰-敦南,2023-04-13,8888
00725B,國泰投資級公司債,136,9,127,國泰-敦南,2023-04-13,8888
3715,定穎投控,314,192,122,國泰-敦南,2023-04-13,8888
5309,系統電,362,246,116,國泰-敦南,2023-04-13,8888
3035,智原,297,188,109,國泰-敦南,2023-04-13,8888
00687B,國泰20年美債,107,2,105,國泰-敦南,2023-04-13,8888
00712,復華富時不動產,1991,115,1876,國泰-敦南,2023-04-14,8888
00679B,元大美債20年,1388,123,1265,國泰-敦南,2023-04-14,8888
2634,漢翔,3894,2772,1122,國泰-敦南,2023-04-14,8888
00720B,元大投資級公司債,1104,84,1020,國泰-敦南,2023-04-14,8888
00632R,元大台灣50反1,1509,581,928,國泰-敦南,2023-04-14,8888
2208,台船,2309,1480,829,國泰-敦南,2023-04-14,8888
00772B,中信高評級公司債,771,51,720,國泰-敦南,2023-04-14,8888
00673R,期元大S＆P原油反1,554,142,412,國泰-敦南,2023-04-14,8888
00680L,元大美債20正2,414,24,390,國泰-敦南,2023-04-14,8888
00912,中信臺灣智慧50,398,14,384,國泰-敦南,2023-04-14,8888
00687B,國泰20年美債,347,25,322,國泰-敦南,2023-04-14,8888
00773B,中信優先金融債,290,12,278,國泰-敦南,2023-04-14,8888
2002,中鋼,377,113,264,國泰-敦南,2023-04-14,8888
2610,華航,563,299,264,國泰-敦南,2023-04-14,8888
5009,榮剛,647,386,261,國泰-敦南,2023-04-14,8888
8222,寶一,1126,867,259,國泰-敦南,2023-04-14,8888
1504,東元,835,602,233,國泰-敦南,2023-04-14,8888
00888,永豐台灣ESG,243,26,217,國泰-敦南,2023-04-14,8888
2303,聯電,297,84,213,國泰-敦南,2023-04-14,8888
2382,廣達,290,79,211,國泰-敦南,2023-04-14,8888
1609,大亞,1006,837,169,國泰-敦南,2023-04-14,8888
00751B,元大AAA至A公司債,226,67,159,國泰-敦南,2023-04-14,8888
00725B,國泰投資級公司債,173,15,158,國泰-敦南,2023-04-14,8888
0056,元大高股息,401,246,155,國泰-敦南,2023-04-14,8888
3231,緯創,633,487,146,國泰-敦南,2023-04-14,8888
2023,燁輝,172,34,138,國泰-敦南,2023-04-14,8888
00688L,國泰20年美債正2,131,0,131,國泰-敦南,2023-04-14,8888
1101,台泥,223,92,131,國泰-敦南,2023-04-14,8888
00669R,國泰美國道瓊反1,130,0,130,國泰-敦南,2023-04-14,8888
00795B,中信美國公債20年,137,10,127,國泰-敦南,2023-04-14,8888
00676R,富邦臺灣加權反1,141,26,115,國泰-敦南,2023-04-14,8888
4128,中天,128,23,105,國泰-敦南,2023-04-14,8888
6547,高端疫苗,549,444,105,國泰-敦南,2023-04-14,8888
2515,中工,1314,1213,101,國泰-敦南,2023-04-14,8888
6160,欣技,159,58,101,國泰-敦南,2023-04-14,8888
6446,藥華藥,127,27,100,國泰-敦南,2023-04-14,8888
6282,康舒,195,96,99,國泰-敦南,2023-04-14,8888
1519,華城,481,390,91,國泰-敦南,2023-04-14,8888
1584,精剛,891,806,85,國泰-敦南,2023-04-14,8888
2812,台中銀,186,104,82,國泰-敦南,2023-04-14,8888
4541,晟田,275,193,82,國泰-敦南,2023-04-14,8888
2014,中鴻,97,20,77,國泰-敦南,2023-04-14,8888
5521,工信,90,13,77,國泰-敦南,2023-04-14,8888
5425,台半,188,113,75,國泰-敦南,2023-04-14,8888
1529,樂事綠能,1446,1372,74,國泰-敦南,2023-04-14,8888
6209,今國光,127,52,75,國泰-敦南,2023-04-14,8888
2457,飛宏,1397,1323,74,國泰-敦南,2023-04-14,8888
3715,定穎投控,208,134,74,國泰-敦南,2023-04-14,8888
00885,富邦越南,129,56,73,國泰-敦南,2023-04-14,8888
6120,達運,134,61,73,國泰-敦南,2023-04-14,8888
00712,復華富時不動產,3133,479,2654,國泰-敦南,2023-04-17,8888
00679B,元大美債20年,1411,90,1321,國泰-敦南,2023-04-17,8888
00673R,期元大S＆P原油反1,985,111,874,國泰-敦南,2023-04-17,8888
00878,國泰永續高股息,1945,1522,423,國泰-敦南,2023-04-17,8888
00687B,國泰20年美債,399,12,387,國泰-敦南,2023-04-17,8888
2002,中鋼,406,49,357,國泰-敦南,2023-04-17,8888
2610,華航,1070,724,346,國泰-敦南,2023-04-17,8888
6235,華孚,2378,2041,337,國泰-敦南,2023-04-17,8888
00720B,元大投資級公司債,373,53,320,國泰-敦南,2023-04-17,8888
3481,群創,915,606,309,國泰-敦南,2023-04-17,8888
00680L,元大美債20正2,542,240,302,國泰-敦南,2023-04-17,8888
2359,所羅門,897,625,272,國泰-敦南,2023-04-17,8888
00772B,中信高評級公司債,459,197,262,國泰-敦南,2023-04-17,8888
2867,三商壽,636,380,256,國泰-敦南,2023-04-17,8888
6547,高端疫苗,837,596,241,國泰-敦南,2023-04-17,8888
00888,永豐台灣ESG,335,96,239,國泰-敦南,2023-04-17,8888
1514,亞力,558,369,189,國泰-敦南,2023-04-17,8888
2449,京元電子,274,91,183,國泰-敦南,2023-04-17,8888
00912,中信臺灣智慧50,180,11,169,國泰-敦南,2023-04-17,8888
1605,華新,1170,1013,157,國泰-敦南,2023-04-17,8888
00885,富邦越南,265,114,151,國泰-敦南,2023-04-17,8888
3058,立德,248,99,149,國泰-敦南,2023-04-17,8888
1618,合機,179,42,137,國泰-敦南,2023-04-17,8888
2618,長榮航,383,252,131,國泰-敦南,2023-04-17,8888
3712,永崴投控,350,224,126,國泰-敦南,2023-04-17,8888
1717,長興,239,113,126,國泰-敦南,2023-04-17,8888
3706,神達,176,54,122,國泰-敦南,2023-04-17,8888
5258,虹堡,402,283,119,國泰-敦南,2023-04-17,8888
2382,廣達,142,25,117,國泰-敦南,2023-04-17,8888
1460,宏遠,142,30,112,國泰-敦南,2023-04-17,8888
2454,聯發科,170,58,112,國泰-敦南,2023-04-17,8888
2105,正新,140,33,107,國泰-敦南,2023-04-17,8888
8121,越峰,273,167,106,國泰-敦南,2023-04-17,8888
3682,亞太電,124,19,105,國泰-敦南,2023-04-17,8888
3207,耀勝,144,41,103,國泰-敦南,2023-04-17,8888
3032,偉訓,239,139,100,國泰-敦南,2023-04-17,8888
00751B,元大AAA至A公司債,256,156,100,國泰-敦南,2023-04-17,8888
00920,富邦ESG綠色電力,102,3,99,國泰-敦南,2023-04-17,8888
1504,東元,459,361,98,國泰-敦南,2023-04-17,8888
6142,友勁,167,72,95,國泰-敦南,2023-04-17,8888
00725B,國泰投資級公司債,99,4,95,國泰-敦南,2023-04-17,8888
5371,中光電,371,282,89,國泰-敦南,2023-04-17,8888
2812,台中銀,144,56,88,國泰-敦南,2023-04-17,8888
2313,華通,151,66,85,國泰-敦南,2023-04-17,8888
2402,毅嘉,284,200,84,國泰-敦南,2023-04-17,8888
00738U,期元大道瓊白銀,92,9,83,國泰-敦南,2023-04-17,8888
2482,連宇,102,24,78,國泰-敦南,2023-04-17,8888
2884,玉山金,176,98,78,國泰-敦南,2023-04-17,8888
6116,彩晶,133,56,77,國泰-敦南,2023-04-17,8888
1905,華紙,236,161,75,國泰-敦南,2023-04-17,8888
00679B,元大美債20年,1546,137,1409,國泰-敦南,2023-04-18,8888
00720B,元大投資級公司債,1039,13,1026,國泰-敦南,2023-04-18,8888
00712,復華富時不動產,1197,209,988,國泰-敦南,2023-04-18,8888
00772B,中信高評級公司債,867,39,828,國泰-敦南,2023-04-18,8888
00878,國泰永續高股息,1538,747,791,國泰-敦南,2023-04-18,8888
00680L,元大美債20正2,795,29,766,國泰-敦南,2023-04-18,8888
2634,漢翔,2890,2157,733,國泰-敦南,2023-04-18,8888
00687B,國泰20年美債,607,44,563,國泰-敦南,2023-04-18,8888
00888,永豐台灣ESG,600,79,521,國泰-敦南,2023-04-18,8888
2457,飛宏,3053,2620,433,國泰-敦南,2023-04-18,8888
00751B,元大AAA至A公司債,603,170,433,國泰-敦南,2023-04-18,8888
2208,台船,989,565,424,國泰-敦南,2023-04-18,8888
2897A,王道銀甲特,392,0,392,國泰-敦南,2023-04-18,8888
0056,元大高股息,590,226,364,國泰-敦南,2023-04-18,8888
1584,精剛,1129,781,348,國泰-敦南,2023-04-18,8888
1605,華新,748,406,342,國泰-敦南,2023-04-18,8888
8033,雷虎,2405,2070,335,國泰-敦南,2023-04-18,8888
2515,中工,776,466,310,國泰-敦南,2023-04-18,8888
00912,中信臺灣智慧50,573,268,305,國泰-敦南,2023-04-18,8888
1444,力麗,511,244,267,國泰-敦南,2023-04-18,8888
00922,國泰台灣領袖50,339,89,250,國泰-敦南,2023-04-18,8888
3025,星通,559,321,238,國泰-敦南,2023-04-18,8888
1101,台泥,273,51,222,國泰-敦南,2023-04-18,8888
3481,群創,566,364,202,國泰-敦南,2023-04-18,8888
3058,立德,420,221,199,國泰-敦南,2023-04-18,8888
00900,富邦特選高股息30,268,76,192,國泰-敦南,2023-04-18,8888
1529,樂事綠能,971,794,177,國泰-敦南,2023-04-18,8888
2453,凌群,739,566,173,國泰-敦南,2023-04-18,8888
3231,緯創,475,322,153,國泰-敦南,2023-04-18,8888
2409,友達,360,207,153,國泰-敦南,2023-04-18,8888
6288,聯嘉,363,212,151,國泰-敦南,2023-04-18,8888
3305,昇貿,385,234,151,國泰-敦南,2023-04-18,8888
1809,中釉,337,187,150,國泰-敦南,2023-04-18,8888
00706L,期元大S＆P日圓正2,149,1,148,國泰-敦南,2023-04-18,8888
00725B,國泰投資級公司債,149,9,140,國泰-敦南,2023-04-18,8888
2888,新光金,248,108,140,國泰-敦南,2023-04-18,8888
2002,中鋼,191,55,136,國泰-敦南,2023-04-18,8888
1471,首利,258,123,135,國泰-敦南,2023-04-18,8888
1810,和成,252,118,134,國泰-敦南,2023-04-18,8888
00773B,中信優先金融債,145,11,134,國泰-敦南,2023-04-18,8888
6235,華孚,1262,1134,128,國泰-敦南,2023-04-18,8888
9945,潤泰新,187,64,123,國泰-敦南,2023-04-18,8888
3078,僑威,281,158,123,國泰-敦南,2023-04-18,8888
2618,長榮航,237,116,121,國泰-敦南,2023-04-18,8888
2867,三商壽,412,294,118,國泰-敦南,2023-04-18,8888
00713,元大台灣高息低波,315,200,115,國泰-敦南,2023-04-18,8888
006208,富邦台50,158,43,115,國泰-敦南,2023-04-18,8888
8069,元太,178,64,114,國泰-敦南,2023-04-18,8888
3046,建��,387,276,111,國泰-敦南,2023-04-18,8888
00795B,中信美國公債20年,113,2,111,國泰-敦南,2023-04-18,8888
00712,復華富時不動產,1430,359,1071,國泰-敦南,2023-04-19,8888
00888,永豐台灣ESG,1096,106,990,國泰-敦南,2023-04-19,8888
3481,群創,2292,1548,744,國泰-敦南,2023-04-19,8888
00922,國泰台灣領袖50,713,35,678,國泰-敦南,2023-04-19,8888
00720B,元大投資級公司債,459,29,430,國泰-敦南,2023-04-19,8888
00679B,元大美債20年,436,45,391,國泰-敦南,2023-04-19,8888
1810,和成,1440,1067,373,國泰-敦南,2023-04-19,8888
00923,群益台ESG低碳50,347,11,336,國泰-敦南,2023-04-19,8888
00772B,中信高評級公司債,394,59,335,國泰-敦南,2023-04-19,8888
00687B,國泰20年美債,282,1,281,國泰-敦南,2023-04-19,8888
00912,中信臺灣智慧50,266,12,254,國泰-敦南,2023-04-19,8888
6770,力積電,506,259,247,國泰-敦南,2023-04-19,8888
0050,元大台灣50,286,41,245,國泰-敦南,2023-04-19,8888
00891,中信關鍵半導體,318,73,245,國泰-敦南,2023-04-19,8888
3047,訊舟,399,156,243,國泰-敦南,2023-04-19,8888
2002,中鋼,262,20,242,國泰-敦南,2023-04-19,8888
00680L,元大美債20正2,252,27,225,國泰-敦南,2023-04-19,8888
00665L,富邦�琤肭磪囓�2,639,414,225,國泰-敦南,2023-04-19,8888
2495,普安,611,392,219,國泰-敦南,2023-04-19,8888
00878,國泰永續高股息,1477,1260,217,國泰-敦南,2023-04-19,8888
2330,台積電,256,53,203,國泰-敦南,2023-04-19,8888
3037,欣興,312,111,201,國泰-敦南,2023-04-19,8888
006208,富邦台50,234,36,198,國泰-敦南,2023-04-19,8888
2313,華通,217,23,194,國泰-敦南,2023-04-19,8888
00637L,元大滬深300正2,343,160,183,國泰-敦南,2023-04-19,8888
2303,聯電,273,96,177,國泰-敦南,2023-04-19,8888
2884,玉山金,242,73,169,國泰-敦南,2023-04-19,8888
00900,富邦特選高股息30,225,62,163,國泰-敦南,2023-04-19,8888
1101,台泥,229,82,147,國泰-敦南,2023-04-19,8888
3673,TPK-KY,473,332,141,國泰-敦南,2023-04-19,8888
2208,台船,484,344,140,國泰-敦南,2023-04-19,8888
8222,寶一,1169,1035,134,國泰-敦南,2023-04-19,8888
2409,友達,368,235,133,國泰-敦南,2023-04-19,8888
1513,中興電,323,204,119,國泰-敦南,2023-04-19,8888
00881,國泰台灣5G+,367,250,117,國泰-敦南,2023-04-19,8888
4979,華星光,817,707,110,國泰-敦南,2023-04-19,8888
2883,凱基金,257,149,108,國泰-敦南,2023-04-19,8888
6129,普誠,317,210,107,國泰-敦南,2023-04-19,8888
00751B,元大AAA至A公司債,118,10,108,國泰-敦南,2023-04-19,8888
6470,宇智,257,162,95,國泰-敦南,2023-04-19,8888
00715L,期街口布蘭特正2,380,287,93,國泰-敦南,2023-04-19,8888
2498,宏達電,350,259,91,國泰-敦南,2023-04-19,8888
00919,群益台灣精選高息,94,8,86,國泰-敦南,2023-04-19,8888
4716,大立,98,12,86,國泰-敦南,2023-04-19,8888
2014,中鴻,152,68,84,國泰-敦南,2023-04-19,8888
3038,全台,251,167,84,國泰-敦南,2023-04-19,8888
2317,鴻海,173,90,83,國泰-敦南,2023-04-19,8888
8210,勤誠,185,103,82,國泰-敦南,2023-04-19,8888
4961,天鈺,212,131,81,國泰-敦南,2023-04-19,8888
2201,裕隆,675,594,81,國泰-敦南,2023-04-19,8888
00881,國泰台灣5G+,3279,120,3159,國泰-敦南,2023-04-20,8888
00878,國泰永續高股息,2967,1306,1661,國泰-敦南,2023-04-20,8888
00720B,元大投資級公司債,764,14,750,國泰-敦南,2023-04-20,8888
00888,永豐台灣ESG,738,110,628,國泰-敦南,2023-04-20,8888
00680L,元大美債20正2,390,17,373,國泰-敦南,2023-04-20,8888
2324,仁寶,437,81,356,國泰-敦南,2023-04-20,8888
6443,元晶,701,359,342,國泰-敦南,2023-04-20,8888
6770,力積電,589,267,322,國泰-敦南,2023-04-20,8888
00922,國泰台灣領袖50,384,72,312,國泰-敦南,2023-04-20,8888
00772B,中信高評級公司債,308,37,271,國泰-敦南,2023-04-20,8888
6282,康舒,3936,3668,268,國泰-敦南,2023-04-20,8888
00753L,中信中國50正2,424,170,254,國泰-敦南,2023-04-20,8888
2618,長榮航,387,138,249,國泰-敦南,2023-04-20,8888
00715L,期街口布蘭特正2,489,240,249,國泰-敦南,2023-04-20,8888
2457,飛宏,1138,899,239,國泰-敦南,2023-04-20,8888
3231,緯創,809,594,215,國泰-敦南,2023-04-20,8888
3078,僑威,986,782,204,國泰-敦南,2023-04-20,8888
00637L,元大滬深300正2,391,190,201,國泰-敦南,2023-04-20,8888
6244,茂迪,1608,1413,195,國泰-敦南,2023-04-20,8888
00679B,元大美債20年,406,223,183,國泰-敦南,2023-04-20,8888
3576,聯合再生,498,327,171,國泰-敦南,2023-04-20,8888
6235,華孚,971,803,168,國泰-敦南,2023-04-20,8888
2303,聯電,250,82,168,國泰-敦南,2023-04-20,8888
00912,中信臺灣智慧50,176,14,162,國泰-敦南,2023-04-20,8888
1609,大亞,302,141,161,國泰-敦南,2023-04-20,8888
1909,榮成,513,354,159,國泰-敦南,2023-04-20,8888
2610,華航,335,179,156,國泰-敦南,2023-04-20,8888
2634,漢翔,812,656,156,國泰-敦南,2023-04-20,8888
00713,元大台灣高息低波,336,182,154,國泰-敦南,2023-04-20,8888
2880,華南金,167,14,153,國泰-敦南,2023-04-20,8888
0050,元大台灣50,185,38,147,國泰-敦南,2023-04-20,8888
8222,寶一,791,657,134,國泰-敦南,2023-04-20,8888
00725B,國泰投資級公司債,137,6,131,國泰-敦南,2023-04-20,8888
00892,富邦台灣半導體,244,114,130,國泰-敦南,2023-04-20,8888
00923,群益台ESG低碳50,157,28,129,國泰-敦南,2023-04-20,8888
00920,富邦ESG綠色電力,128,4,124,國泰-敦南,2023-04-20,8888
2402,毅嘉,359,245,114,國泰-敦南,2023-04-20,8888
1504,東元,476,367,109,國泰-敦南,2023-04-20,8888
3050,鈺德,110,7,103,國泰-敦南,2023-04-20,8888
00900,富邦特選高股息30,171,69,102,國泰-敦南,2023-04-20,8888
4147,中裕,383,280,103,國泰-敦南,2023-04-20,8888
2913,農林,355,253,102,國泰-敦南,2023-04-20,8888
00751B,元大AAA至A公司債,104,3,101,國泰-敦南,2023-04-20,8888
2312,金寶,141,41,100,國泰-敦南,2023-04-20,8888
3715,定穎投控,450,355,95,國泰-敦南,2023-04-20,8888
2409,友達,169,74,95,國泰-敦南,2023-04-20,8888
4114,健喬,265,171,94,國泰-敦南,2023-04-20,8888
2498,宏達電,331,237,94,國泰-敦南,2023-04-20,8888
6160,欣技,174,80,94,國泰-敦南,2023-04-20,8888
0056,元大高股息,503,410,93,國泰-敦南,2023-04-20,8888
00878,國泰永續高股息,2146,1330,816,國泰-敦南,2023-04-21,8888
0056,元大高股息,919,293,626,國泰-敦南,2023-04-21,8888
00888,永豐台灣ESG,759,138,621,國泰-敦南,2023-04-21,8888
00720B,元大投資級公司債,613,27,586,國泰-敦南,2023-04-21,8888
00753L,中信中國50正2,552,22,530,國泰-敦南,2023-04-21,8888
00900,富邦特選高股息30,664,165,499,國泰-敦南,2023-04-21,8888
00923,群益台ESG低碳50,461,21,440,國泰-敦南,2023-04-21,8888
6770,力積電,742,346,396,國泰-敦南,2023-04-21,8888
1611,中電,1699,1322,377,國泰-敦南,2023-04-21,8888
00680L,元大美債20正2,535,181,354,國泰-敦南,2023-04-21,8888
6163,華電網,790,469,321,國泰-敦南,2023-04-21,8888
2409,友達,602,324,278,國泰-敦南,2023-04-21,8888
00922,國泰台灣領袖50,368,105,263,國泰-敦南,2023-04-21,8888
1907,永豐餘,1199,941,258,國泰-敦南,2023-04-21,8888
00919,群益台灣精選高息,283,25,258,國泰-敦南,2023-04-21,8888
2609,陽明,369,116,253,國泰-敦南,2023-04-21,8888
00891,中信關鍵半導體,333,81,252,國泰-敦南,2023-04-21,8888
2002,中鋼,303,53,250,國泰-敦南,2023-04-21,8888
00688L,國泰20年美債正2,255,25,230,國泰-敦南,2023-04-21,8888
3058,立德,532,335,197,國泰-敦南,2023-04-21,8888
00902,中信電池及儲能,359,165,194,國泰-敦南,2023-04-21,8888
00893,國泰智能電動車,242,59,183,國泰-敦南,2023-04-21,8888
1710,東聯,305,130,175,國泰-敦南,2023-04-21,8888
2913,農林,1268,1095,173,國泰-敦南,2023-04-21,8888
1314,中石化,216,52,164,國泰-敦南,2023-04-21,8888
00631L,元大台灣50正2,182,25,157,國泰-敦南,2023-04-21,8888
00772B,中信高評級公司債,198,46,152,國泰-敦南,2023-04-21,8888
00712,復華富時不動產,375,227,148,國泰-敦南,2023-04-21,8888
2206,三陽工業,717,569,148,國泰-敦南,2023-04-21,8888
2618,長榮航,270,124,146,國泰-敦南,2023-04-21,8888
2303,聯電,301,157,144,國泰-敦南,2023-04-21,8888
1909,榮成,912,771,141,國泰-敦南,2023-04-21,8888
00715L,期街口布蘭特正2,257,121,136,國泰-敦南,2023-04-21,8888
2495,普安,258,123,135,國泰-敦南,2023-04-21,8888
4402,郡都開發,139,8,131,國泰-敦南,2023-04-21,8888
2867,三商壽,250,121,129,國泰-敦南,2023-04-21,8888
2332,友訊,155,28,127,國泰-敦南,2023-04-21,8888
00671R,富邦NASDAQ反1,124,8,116,國泰-敦南,2023-04-21,8888
2615,萬海,268,155,113,國泰-敦南,2023-04-21,8888
00912,中信臺灣智慧50,151,39,112,國泰-敦南,2023-04-21,8888
2603,長榮,251,146,105,國泰-敦南,2023-04-21,8888
8926,台汽電,207,104,103,國泰-敦南,2023-04-21,8888
00725B,國泰投資級公司債,108,5,103,國泰-敦南,2023-04-21,8888
2812,台中銀,150,50,100,國泰-敦南,2023-04-21,8888
3707,漢磊,223,124,99,國泰-敦南,2023-04-21,8888
00751B,元大AAA至A公司債,111,21,90,國泰-敦南,2023-04-21,8888
0050,元大台灣50,129,43,86,國泰-敦南,2023-04-21,8888
2610,華航,355,269,86,國泰-敦南,2023-04-21,8888
4979,華星光,380,299,81,國泰-敦南,2023-04-21,8888
2834,臺企銀,145,65,80,國泰-敦南,2023-04-21,8888
00902,中信電池及儲能,1242,237,1005,國泰-敦南,2023-04-24,8888
00712,復華富時不動產,998,119,879,國泰-敦南,2023-04-24,8888
00687B,國泰20年美債,378,1,377,國泰-敦南,2023-04-24,8888
00753L,中信中國50正2,404,31,373,國泰-敦南,2023-04-24,8888
00637L,元大滬深300正2,792,431,361,國泰-敦南,2023-04-24,8888
00680L,元大美債20正2,300,28,272,國泰-敦南,2023-04-24,8888
2913,農林,2003,1736,267,國泰-敦南,2023-04-24,8888
00772B,中信高評級公司債,298,34,264,國泰-敦南,2023-04-24,8888
1905,華紙,1402,1142,260,國泰-敦南,2023-04-24,8888
00665L,富邦�琤肭磪囓�2,660,414,246,國泰-敦南,2023-04-24,8888
2313,華通,289,59,230,國泰-敦南,2023-04-24,8888
2324,仁寶,297,72,225,國泰-敦南,2023-04-24,8888
2303,聯電,339,132,207,國泰-敦南,2023-04-24,8888
3481,群創,401,205,196,國泰-敦南,2023-04-24,8888
00720B,元大投資級公司債,294,98,196,國泰-敦南,2023-04-24,8888
00888,永豐台灣ESG,282,92,190,國泰-敦南,2023-04-24,8888
00679B,元大美債20年,493,308,185,國泰-敦南,2023-04-24,8888
2330,台積電,241,61,180,國泰-敦南,2023-04-24,8888
00923,群益台ESG低碳50,239,82,157,國泰-敦南,2023-04-24,8888
2812,台中銀,192,44,148,國泰-敦南,2023-04-24,8888
006208,富邦台50,190,44,146,國泰-敦南,2023-04-24,8888
0050,元大台灣50,221,81,140,國泰-敦南,2023-04-24,8888
4960,誠美材,217,84,133,國泰-敦南,2023-04-24,8888
00671R,富邦NASDAQ反1,117,0,117,國泰-敦南,2023-04-24,8888
00688L,國泰20年美債正2,114,0,114,國泰-敦南,2023-04-24,8888
2317,鴻海,129,26,103,國泰-敦南,2023-04-24,8888
1907,永豐餘,1060,960,100,國泰-敦南,2023-04-24,8888
00900,富邦特選高股息30,227,132,95,國泰-敦南,2023-04-24,8888
00650L,復華香港正2,108,21,87,國泰-敦南,2023-04-24,8888
1108,幸福,165,78,87,國泰-敦南,2023-04-24,8888
00773B,中信優先金融債,90,4,86,國泰-敦南,2023-04-24,8888
00725B,國泰投資級公司債,99,15,84,國泰-敦南,2023-04-24,8888
00715L,期街口布蘭特正2,377,297,80,國泰-敦南,2023-04-24,8888
2618,長榮航,153,75,78,國泰-敦南,2023-04-24,8888
3078,僑威,303,229,74,國泰-敦南,2023-04-24,8888
00853B,統一美債10年Aa-,71,0,71,國泰-敦南,2023-04-24,8888
00751B,元大AAA至A公司債,88,17,71,國泰-敦南,2023-04-24,8888
2014,中鴻,123,53,70,國泰-敦南,2023-04-24,8888
1605,華新,274,207,67,國泰-敦南,2023-04-24,8888
2515,中工,144,77,67,國泰-敦南,2023-04-24,8888
6244,茂迪,405,343,62,國泰-敦南,2023-04-24,8888
00905,FT臺灣Smart,96,34,62,國泰-敦南,2023-04-24,8888
2867,三商壽,370,308,62,國泰-敦南,2023-04-24,8888
00912,中信臺灣智慧50,64,3,61,國泰-敦南,2023-04-24,8888
1611,中電,286,228,58,國泰-敦南,2023-04-24,8888
00692,富邦公司治理,69,11,58,國泰-敦南,2023-04-24,8888
6733,博晟生醫,84,29,55,國泰-敦南,2023-04-24,8888
4979,華星光,166,111,55,國泰-敦南,2023-04-24,8888
2314,台揚,74,20,54,國泰-敦南,2023-04-24,8888
6806,森崴能源,204,150,54,國泰-敦南,2023-04-24,8888
00878,國泰永續高股息,5369,1693,3676,國泰-敦南,2023-04-25,8888
0056,元大高股息,2122,435,1687,國泰-敦南,2023-04-25,8888
00902,中信電池及儲能,988,107,881,國泰-敦南,2023-04-25,8888
2610,華航,983,288,695,國泰-敦南,2023-04-25,8888
0050,元大台灣50,774,129,645,國泰-敦南,2023-04-25,8888
00713,元大台灣高息低波,735,113,622,國泰-敦南,2023-04-25,8888
00712,復華富時不動產,865,264,601,國泰-敦南,2023-04-25,8888
00753L,中信中國50正2,661,61,600,國泰-敦南,2023-04-25,8888
006208,富邦台50,706,112,594,國泰-敦南,2023-04-25,8888
00881,國泰台灣5G+,712,173,539,國泰-敦南,2023-04-25,8888
3231,緯創,1089,567,522,國泰-敦南,2023-04-25,8888
00923,群益台ESG低碳50,683,186,497,國泰-敦南,2023-04-25,8888
00900,富邦特選高股息30,580,114,466,國泰-敦南,2023-04-25,8888
2303,聯電,597,157,440,國泰-敦南,2023-04-25,8888
1905,華紙,1752,1319,433,國泰-敦南,2023-04-25,8888
1310,台苯,1927,1501,426,國泰-敦南,2023-04-25,8888
6116,彩晶,465,51,414,國泰-敦南,2023-04-25,8888
00888,永豐台灣ESG,505,102,403,國泰-敦南,2023-04-25,8888
00922,國泰台灣領袖50,653,252,401,國泰-敦南,2023-04-25,8888
6282,康舒,1796,1429,367,國泰-敦南,2023-04-25,8888
00891,中信關鍵半導體,446,141,305,國泰-敦南,2023-04-25,8888
2634,漢翔,2933,2633,300,國泰-敦南,2023-04-25,8888
1504,東元,824,533,291,國泰-敦南,2023-04-25,8888
2618,長榮航,445,155,290,國泰-敦南,2023-04-25,8888
2330,台積電,393,106,287,國泰-敦南,2023-04-25,8888
5009,榮剛,468,221,247,國泰-敦南,2023-04-25,8888
2515,中工,353,118,235,國泰-敦南,2023-04-25,8888
00905,FT臺灣Smart,404,172,232,國泰-敦南,2023-04-25,8888
2002,中鋼,300,75,225,國泰-敦南,2023-04-25,8888
00919,群益台灣精選高息,258,36,222,國泰-敦南,2023-04-25,8888
00692,富邦公司治理,203,16,187,國泰-敦南,2023-04-25,8888
2883,凱基金,358,175,183,國泰-敦南,2023-04-25,8888
2609,陽明,256,74,182,國泰-敦南,2023-04-25,8888
1605,華新,391,214,177,國泰-敦南,2023-04-25,8888
00650L,復華香港正2,262,91,171,國泰-敦南,2023-04-25,8888
00631L,元大台灣50正2,227,62,165,國泰-敦南,2023-04-25,8888
2388,威盛,226,67,159,國泰-敦南,2023-04-25,8888
2484,希華,181,27,154,國泰-敦南,2023-04-25,8888
2457,飛宏,1496,1344,152,國泰-敦南,2023-04-25,8888
2317,鴻海,232,81,151,國泰-敦南,2023-04-25,8888
2409,友達,210,59,151,國泰-敦南,2023-04-25,8888
2489,瑞軒,235,87,148,國泰-敦南,2023-04-25,8888
00912,中信臺灣智慧50,162,14,148,國泰-敦南,2023-04-25,8888
2324,仁寶,248,110,138,國泰-敦南,2023-04-25,8888
2482,連宇,1003,868,135,國泰-敦南,2023-04-25,8888
2867,三商壽,369,235,134,國泰-敦南,2023-04-25,8888
00671R,富邦NASDAQ反1,151,19,132,國泰-敦南,2023-04-25,8888
00673R,期元大S＆P原油反1,377,257,120,國泰-敦南,2023-04-25,8888
1503,士電,613,493,120,國泰-敦南,2023-04-25,8888
2913,農林,440,323,117,國泰-敦南,2023-04-25,8888
00712,復華富時不動產,3114,404,2710,國泰-敦南,2023-04-26,8888
00878,國泰永續高股息,2374,1460,914,國泰-敦南,2023-04-26,8888
006208,富邦台50,506,98,408,國泰-敦南,2023-04-26,8888
2610,華航,697,345,352,國泰-敦南,2023-04-26,8888
8222,寶一,1343,1054,289,國泰-敦南,2023-04-26,8888
0050,元大台灣50,387,123,264,國泰-敦南,2023-04-26,8888
0056,元大高股息,658,400,258,國泰-敦南,2023-04-26,8888
00888,永豐台灣ESG,317,59,258,國泰-敦南,2023-04-26,8888
00669R,國泰美國道瓊反1,263,27,236,國泰-敦南,2023-04-26,8888
00902,中信電池及儲能,291,59,232,國泰-敦南,2023-04-26,8888
00885,富邦越南,377,162,215,國泰-敦南,2023-04-26,8888
2330,台積電,317,131,186,國泰-敦南,2023-04-26,8888
00923,群益台ESG低碳50,191,23,168,國泰-敦南,2023-04-26,8888
2002,中鋼,305,144,161,國泰-敦南,2023-04-26,8888
00924,復華S＆P500成長,162,2,160,國泰-敦南,2023-04-26,8888
2618,長榮航,339,181,158,國泰-敦南,2023-04-26,8888
2303,聯電,390,237,153,國泰-敦南,2023-04-26,8888
6770,力積電,285,146,139,國泰-敦南,2023-04-26,8888
00891,中信關鍵半導體,267,132,135,國泰-敦南,2023-04-26,8888
6282,康舒,711,577,134,國泰-敦南,2023-04-26,8888
2603,長榮,201,69,132,國泰-敦南,2023-04-26,8888
00637L,元大滬深300正2,419,293,126,國泰-敦南,2023-04-26,8888
00905,FT臺灣Smart,187,61,126,國泰-敦南,2023-04-26,8888
3035,智原,513,389,124,國泰-敦南,2023-04-26,8888
2609,陽明,370,247,123,國泰-敦南,2023-04-26,8888
00664R,國泰臺灣加權反1,259,140,119,國泰-敦南,2023-04-26,8888
00676R,富邦臺灣加權反1,221,102,119,國泰-敦南,2023-04-26,8888
00919,群益台灣精選高息,134,19,115,國泰-敦南,2023-04-26,8888
00692,富邦公司治理,125,13,112,國泰-敦南,2023-04-26,8888
00830,國泰費城半導體,149,38,111,國泰-敦南,2023-04-26,8888
00686R,群益臺灣加權反1,106,0,106,國泰-敦南,2023-04-26,8888
6244,茂迪,385,285,100,國泰-敦南,2023-04-26,8888
00900,富邦特選高股息30,277,180,97,國泰-敦南,2023-04-26,8888
00715L,期街口布蘭特正2,259,174,85,國泰-敦南,2023-04-26,8888
1504,東元,338,258,80,國泰-敦南,2023-04-26,8888
00922,國泰台灣領袖50,169,90,79,國泰-敦南,2023-04-26,8888
6477,安集,228,149,79,國泰-敦南,2023-04-26,8888
4566,時碩工業,232,155,77,國泰-敦南,2023-04-26,8888
1710,東聯,228,152,76,國泰-敦南,2023-04-26,8888
00903,富邦元宇宙,80,7,73,國泰-敦南,2023-04-26,8888
2308,台達電,81,10,71,國泰-敦南,2023-04-26,8888
4121,優盛,132,68,64,國泰-敦南,2023-04-26,8888
2913,農林,413,354,59,國泰-敦南,2023-04-26,8888
2352,佳世達,162,105,57,國泰-敦南,2023-04-26,8888
2027,大成鋼,96,42,54,國泰-敦南,2023-04-26,8888
6179,亞通,105,52,53,國泰-敦南,2023-04-26,8888
00688L,國泰20年美債正2,92,41,51,國泰-敦南,2023-04-26,8888
1108,幸福,176,129,47,國泰-敦南,2023-04-26,8888
2206,三陽工業,418,376,42,國泰-敦南,2023-04-26,8888
2337,旺宏,164,122,42,國泰-敦南,2023-04-26,8888
00715L,期街口布蘭特正2,1754,105,1649,國泰-敦南,2023-04-27,8888
00712,復華富時不動產,1496,171,1325,國泰-敦南,2023-04-27,8888
00632R,元大台灣50反1,2107,1265,842,國泰-敦南,2023-04-27,8888
2002,中鋼,622,53,569,國泰-敦南,2023-04-27,8888
00772B,中信高評級公司債,516,71,445,國泰-敦南,2023-04-27,8888
1711,永光,2905,2518,387,國泰-敦南,2023-04-27,8888
00642U,期元大S＆P石油,318,9,309,國泰-敦南,2023-04-27,8888
00720B,元大投資級公司債,423,120,303,國泰-敦南,2023-04-27,8888
00878,國泰永續高股息,1258,996,262,國泰-敦南,2023-04-27,8888
006208,富邦台50,301,47,254,國泰-敦南,2023-04-27,8888
00753L,中信中國50正2,283,32,251,國泰-敦南,2023-04-27,8888
00664R,國泰臺灣加權反1,261,16,245,國泰-敦南,2023-04-27,8888
0050,元大台灣50,293,54,239,國泰-敦南,2023-04-27,8888
00751B,元大AAA至A公司債,286,57,229,國泰-敦南,2023-04-27,8888
1721,三晃,2215,1987,228,國泰-敦南,2023-04-27,8888
2884,玉山金,230,25,205,國泰-敦南,2023-04-27,8888
2409,友達,220,27,193,國泰-敦南,2023-04-27,8888
00687B,國泰20年美債,183,20,163,國泰-敦南,2023-04-27,8888
3037,欣興,339,177,162,國泰-敦南,2023-04-27,8888
2609,陽明,450,290,160,國泰-敦南,2023-04-27,8888
00905,FT臺灣Smart,186,27,159,國泰-敦南,2023-04-27,8888
1907,永豐餘,234,97,137,國泰-敦南,2023-04-27,8888
2330,台積電,198,67,131,國泰-敦南,2023-04-27,8888
00924,復華S＆P500成長,135,10,125,國泰-敦南,2023-04-27,8888
0056,元大高股息,307,190,117,國泰-敦南,2023-04-27,8888
5009,榮剛,504,399,105,國泰-敦南,2023-04-27,8888
2303,聯電,320,217,103,國泰-敦南,2023-04-27,8888
4960,誠美材,130,32,98,國泰-敦南,2023-04-27,8888
00923,群益台ESG低碳50,114,17,97,國泰-敦南,2023-04-27,8888
4123,晟德,110,15,95,國泰-敦南,2023-04-27,8888
1108,幸福,223,130,93,國泰-敦南,2023-04-27,8888
2515,中工,205,115,90,國泰-敦南,2023-04-27,8888
2603,長榮,159,76,83,國泰-敦南,2023-04-27,8888
00763U,期街口道瓊銅,81,0,81,國泰-敦南,2023-04-27,8888
3481,群創,326,245,81,國泰-敦南,2023-04-27,8888
00888,永豐台灣ESG,147,67,80,國泰-敦南,2023-04-27,8888
2801,彰銀,106,28,78,國泰-敦南,2023-04-27,8888
1905,華紙,1637,1560,77,國泰-敦南,2023-04-27,8888
2352,佳世達,196,122,74,國泰-敦南,2023-04-27,8888
00773B,中信優先金融債,83,12,71,國泰-敦南,2023-04-27,8888
6770,力積電,169,100,69,國泰-敦南,2023-04-27,8888
6244,茂迪,314,246,68,國泰-敦南,2023-04-27,8888
00902,中信電池及儲能,93,27,66,國泰-敦南,2023-04-27,8888
8227,巨有科技,424,358,66,國泰-敦南,2023-04-27,8888
3006,晶豪科,202,139,63,國泰-敦南,2023-04-27,8888
00922,國泰台灣領袖50,105,44,61,國泰-敦南,2023-04-27,8888
00919,群益台灣精選高息,76,15,61,國泰-敦南,2023-04-27,8888
1310,台苯,494,434,60,國泰-敦南,2023-04-27,8888
2886,兆豐金,82,23,59,國泰-敦南,2023-04-27,8888
1605,華新,257,199,58,國泰-敦南,2023-04-27,8888
2409,友達,2100,132,1968,國泰-敦南,2023-04-28,8888
3481,群創,1621,521,1100,國泰-敦南,2023-04-28,8888
2880,華南金,1122,391,731,國泰-敦南,2023-04-28,8888
00679B,元大美債20年,729,258,471,國泰-敦南,2023-04-28,8888
00715L,期街口布蘭特正2,873,440,433,國泰-敦南,2023-04-28,8888
00772B,中信高評級公司債,513,95,418,國泰-敦南,2023-04-28,8888
00720B,元大投資級公司債,417,27,390,國泰-敦南,2023-04-28,8888
00665L,富邦�琤肭磪囓�2,939,631,308,國泰-敦南,2023-04-28,8888
00687B,國泰20年美債,304,11,293,國泰-敦南,2023-04-28,8888
00706L,期元大S＆P日圓正2,301,17,284,國泰-敦南,2023-04-28,8888
6282,康舒,882,640,242,國泰-敦南,2023-04-28,8888
00878,國泰永續高股息,1265,1028,237,國泰-敦南,2023-04-28,8888
00680L,元大美債20正2,608,374,234,國泰-敦南,2023-04-28,8888
2344,華邦電,927,733,194,國泰-敦南,2023-04-28,8888
8222,寶一,2089,1899,190,國泰-敦南,2023-04-28,8888
00924,復華S＆P500成長,175,8,167,國泰-敦南,2023-04-28,8888
2022,聚亨,425,267,158,國泰-敦南,2023-04-28,8888
00751B,元大AAA至A公司債,168,12,156,國泰-敦南,2023-04-28,8888
6266,泰詠,342,189,153,國泰-敦南,2023-04-28,8888
0056,元大高股息,426,273,153,國泰-敦南,2023-04-28,8888
00900,富邦特選高股息30,186,59,127,國泰-敦南,2023-04-28,8888
6288,聯嘉,761,635,126,國泰-敦南,2023-04-28,8888
3032,偉訓,146,23,123,國泰-敦南,2023-04-28,8888
00688L,國泰20年美債正2,121,0,121,國泰-敦南,2023-04-28,8888
3715,定穎投控,218,102,116,國泰-敦南,2023-04-28,8888
5009,榮剛,629,514,115,國泰-敦南,2023-04-28,8888
6770,力積電,167,59,108,國泰-敦南,2023-04-28,8888
6116,彩晶,184,77,107,國泰-敦南,2023-04-28,8888
2457,飛宏,712,621,91,國泰-敦南,2023-04-28,8888
8011,台通,124,40,84,國泰-敦南,2023-04-28,8888
6829,千附精密,387,305,82,國泰-敦南,2023-04-28,8888
2201,裕隆,217,136,81,國泰-敦南,2023-04-28,8888
1810,和成,103,23,80,國泰-敦南,2023-04-28,8888
00888,永豐台灣ESG,117,40,77,國泰-敦南,2023-04-28,8888
2801,彰銀,103,27,76,國泰-敦南,2023-04-28,8888
2402,毅嘉,480,404,76,國泰-敦南,2023-04-28,8888
00631L,元大台灣50正2,103,29,74,國泰-敦南,2023-04-28,8888
0050,元大台灣50,136,63,73,國泰-敦南,2023-04-28,8888
00725B,國泰投資級公司債,77,6,71,國泰-敦南,2023-04-28,8888
00773B,中信優先金融債,104,34,70,國泰-敦南,2023-04-28,8888
8936,國統,97,28,69,國泰-敦南,2023-04-28,8888
00893,國泰智能電動車,101,32,69,國泰-敦南,2023-04-28,8888
2002,中鋼,133,66,67,國泰-敦南,2023-04-28,8888
4979,華星光,290,224,66,國泰-敦南,2023-04-28,8888
6443,元晶,112,53,59,國泰-敦南,2023-04-28,8888
1310,台苯,167,109,58,國泰-敦南,2023-04-28,8888
2368,金像電,116,59,57,國泰-敦南,2023-04-28,8888
1304,台聚,55,1,54,國泰-敦南,2023-04-28,8888
4402,郡都開發,56,4,52,國泰-敦南,2023-04-28,8888
2498,宏達電,213,162,51,國泰-敦南,2023-04-28,8888
00680L,元大美債20正2,931,63,868,國泰-敦南,2023-05-02,8888
00772B,中信高評級公司債,919,65,854,國泰-敦南,2023-05-02,8888
00687B,國泰20年美債,693,0,693,國泰-敦南,2023-05-02,8888
00720B,元大投資級公司債,648,34,614,國泰-敦南,2023-05-02,8888
00679B,元大美債20年,818,302,516,國泰-敦南,2023-05-02,8888
00751B,元大AAA至A公司債,537,60,477,國泰-敦南,2023-05-02,8888
00753L,中信中國50正2,633,185,448,國泰-敦南,2023-05-02,8888
2603,長榮,649,212,437,國泰-敦南,2023-05-02,8888
00712,復華富時不動產,545,205,340,國泰-敦南,2023-05-02,8888
2609,陽明,391,124,267,國泰-敦南,2023-05-02,8888
00632R,元大台灣50反1,1201,952,249,國泰-敦南,2023-05-02,8888
00773B,中信優先金融債,284,40,244,國泰-敦南,2023-05-02,8888
3363,上詮,704,471,233,國泰-敦南,2023-05-02,8888
00688L,國泰20年美債正2,200,4,196,國泰-敦南,2023-05-02,8888
6234,高僑,705,518,187,國泰-敦南,2023-05-02,8888
00725B,國泰投資級公司債,184,3,181,國泰-敦南,2023-05-02,8888
4121,優盛,605,424,181,國泰-敦南,2023-05-02,8888
4541,晟田,591,411,180,國泰-敦南,2023-05-02,8888
2471,資通,716,542,174,國泰-敦南,2023-05-02,8888
2634,漢翔,1480,1308,172,國泰-敦南,2023-05-02,8888
2884,玉山金,315,143,172,國泰-敦南,2023-05-02,8888
1731,美吾華,186,22,164,國泰-敦南,2023-05-02,8888
00795B,中信美國公債20年,166,5,161,國泰-敦南,2023-05-02,8888
5009,榮剛,414,254,160,國泰-敦南,2023-05-02,8888
2489,瑞軒,251,100,151,國泰-敦南,2023-05-02,8888
8222,寶一,1207,1060,147,國泰-敦南,2023-05-02,8888
2801,彰銀,156,20,136,國泰-敦南,2023-05-02,8888
2344,華邦電,357,227,130,國泰-敦南,2023-05-02,8888
2610,華航,352,229,123,國泰-敦南,2023-05-02,8888
00706L,期元大S＆P日圓正2,165,47,118,國泰-敦南,2023-05-02,8888
8085,福華,154,37,117,國泰-敦南,2023-05-02,8888
2482,連宇,400,284,116,國泰-敦南,2023-05-02,8888
00673R,期元大S＆P原油反1,470,358,112,國泰-敦南,2023-05-02,8888
00888,永豐台灣ESG,152,40,112,國泰-敦南,2023-05-02,8888
2402,毅嘉,291,182,109,國泰-敦南,2023-05-02,8888
2881,富邦金,161,53,108,國泰-敦南,2023-05-02,8888
1783,和康生,170,63,107,國泰-敦南,2023-05-02,8888
6148,驊宏資,495,392,103,國泰-敦南,2023-05-02,8888
3025,星通,166,69,97,國泰-敦南,2023-05-02,8888
1802,台玻,154,61,93,國泰-敦南,2023-05-02,8888
2002,中鋼,135,54,81,國泰-敦南,2023-05-02,8888
1310,台苯,184,109,75,國泰-敦南,2023-05-02,8888
1809,中釉,129,56,73,國泰-敦南,2023-05-02,8888
6147,頎邦,77,4,73,國泰-敦南,2023-05-02,8888
4173,久裕,92,25,67,國泰-敦南,2023-05-02,8888
1528,恩德,132,66,66,國泰-敦南,2023-05-02,8888
8403,盛弘,239,177,62,國泰-敦南,2023-05-02,8888
5222,全訊,254,193,61,國泰-敦南,2023-05-02,8888
1785,光洋科,75,14,61,國泰-敦南,2023-05-02,8888
2601,益航,75,14,61,國泰-敦南,2023-05-02,8888
00878,國泰永續高股息,6954,1002,5952,國泰-敦南,2023-05-03,8888
00712,復華富時不動產,4853,484,4369,國泰-敦南,2023-05-03,8888
00715L,期街口布蘭特正2,2574,180,2394,國泰-敦南,2023-05-03,8888
00665L,富邦�琤肭磪囓�2,1562,497,1065,國泰-敦南,2023-05-03,8888
00753L,中信中國50正2,996,75,921,國泰-敦南,2023-05-03,8888
3481,群創,870,263,607,國泰-敦南,2023-05-03,8888
00642U,期元大S＆P石油,528,3,525,國泰-敦南,2023-05-03,8888
2603,長榮,706,197,509,國泰-敦南,2023-05-03,8888
1514,亞力,948,483,465,國泰-敦南,2023-05-03,8888
1905,華紙,2352,1948,404,國泰-敦南,2023-05-03,8888
3231,緯創,811,477,334,國泰-敦南,2023-05-03,8888
2609,陽明,593,317,276,國泰-敦南,2023-05-03,8888
6282,康舒,491,233,258,國泰-敦南,2023-05-03,8888
1314,中石化,249,6,243,國泰-敦南,2023-05-03,8888
1101,台泥,555,335,220,國泰-敦南,2023-05-03,8888
00690,兆豐藍籌30,201,1,200,國泰-敦南,2023-05-03,8888
2002,中鋼,211,23,188,國泰-敦南,2023-05-03,8888
00888,永豐台灣ESG,231,64,167,國泰-敦南,2023-05-03,8888
1519,華城,673,508,165,國泰-敦南,2023-05-03,8888
6167,久正,622,460,162,國泰-敦南,2023-05-03,8888
2409,友達,230,92,138,國泰-敦南,2023-05-03,8888
3032,偉訓,306,168,138,國泰-敦南,2023-05-03,8888
2801,彰銀,139,8,131,國泰-敦南,2023-05-03,8888
2417,圓剛,183,52,131,國泰-敦南,2023-05-03,8888
0056,元大高股息,414,284,130,國泰-敦南,2023-05-03,8888
2022,聚亨,224,101,123,國泰-敦南,2023-05-03,8888
00763U,期街口道瓊銅,123,0,123,國泰-敦南,2023-05-03,8888
00720B,元大投資級公司債,178,87,91,國泰-敦南,2023-05-03,8888
1789,神隆,97,8,89,國泰-敦南,2023-05-03,8888
00751B,元大AAA至A公司債,127,39,88,國泰-敦南,2023-05-03,8888
00919,群益台灣精選高息,99,11,88,國泰-敦南,2023-05-03,8888
2344,華邦電,188,104,84,國泰-敦南,2023-05-03,8888
00752,中信中國50,88,8,80,國泰-敦南,2023-05-03,8888
3029,零壹,223,143,80,國泰-敦南,2023-05-03,8888
3006,晶豪科,120,42,78,國泰-敦南,2023-05-03,8888
5876,上海商銀,101,25,76,國泰-敦南,2023-05-03,8888
2206,三陽工業,403,327,76,國泰-敦南,2023-05-03,8888
2913,農林,380,305,75,國泰-敦南,2023-05-03,8888
0050,元大台灣50,113,39,74,國泰-敦南,2023-05-03,8888
00637L,元大滬深300正2,207,134,73,國泰-敦南,2023-05-03,8888
4968,立積,419,346,73,國泰-敦南,2023-05-03,8888
00893,國泰智能電動車,101,32,69,國泰-敦南,2023-05-03,8888
9907,統一實,75,6,69,國泰-敦南,2023-05-03,8888
00713,元大台灣高息低波,139,71,68,國泰-敦南,2023-05-03,8888
2201,裕隆,208,140,68,國泰-敦南,2023-05-03,8888
006208,富邦台50,139,71,68,國泰-敦南,2023-05-03,8888
00882,中信中國高股息,155,92,63,國泰-敦南,2023-05-03,8888
8936,國統,74,12,62,國泰-敦南,2023-05-03,8888
1611,中電,90,28,62,國泰-敦南,2023-05-03,8888
4909,新復興,120,59,61,國泰-敦南,2023-05-03,8888
00878,國泰永續高股息,4041,1060,2981,國泰-敦南,2023-05-04,8888
00715L,期街口布蘭特正2,3141,309,2832,國泰-敦南,2023-05-04,8888
00712,復華富時不動產,2502,208,2294,國泰-敦南,2023-05-04,8888
00881,國泰台灣5G+,1067,144,923,國泰-敦南,2023-05-04,8888
00642U,期元大S＆P石油,827,133,694,國泰-敦南,2023-05-04,8888
2867,三商壽,350,35,315,國泰-敦南,2023-05-04,8888
00720B,元大投資級公司債,354,77,277,國泰-敦南,2023-05-04,8888
2002,中鋼,248,16,232,國泰-敦南,2023-05-04,8888
6148,驊宏資,1179,1008,171,國泰-敦南,2023-05-04,8888
2457,飛宏,762,603,159,國泰-敦南,2023-05-04,8888
2634,漢翔,1156,1022,134,國泰-敦南,2023-05-04,8888
2208,台船,239,110,129,國泰-敦南,2023-05-04,8888
2489,瑞軒,280,152,128,國泰-敦南,2023-05-04,8888
2609,陽明,438,310,128,國泰-敦南,2023-05-04,8888
00751B,元大AAA至A公司債,216,90,126,國泰-敦南,2023-05-04,8888
2206,三陽工業,1242,1118,124,國泰-敦南,2023-05-04,8888
3419,譁裕,339,216,123,國泰-敦南,2023-05-04,8888
4541,晟田,334,214,120,國泰-敦南,2023-05-04,8888
2888,新光金,163,49,114,國泰-敦南,2023-05-04,8888
00679B,元大美債20年,529,416,113,國泰-敦南,2023-05-04,8888
00924,復華S＆P500成長,120,8,112,國泰-敦南,2023-05-04,8888
2317,鴻海,152,44,108,國泰-敦南,2023-05-04,8888
3712,永崴投控,291,184,107,國泰-敦南,2023-05-04,8888
00772B,中信高評級公司債,246,148,98,國泰-敦南,2023-05-04,8888
00632R,元大台灣50反1,467,371,96,國泰-敦南,2023-05-04,8888
6282,康舒,345,252,93,國泰-敦南,2023-05-04,8888
8222,寶一,691,600,91,國泰-敦南,2023-05-04,8888
3202,樺晟,144,55,89,國泰-敦南,2023-05-04,8888
00690,兆豐藍籌30,89,1,88,國泰-敦南,2023-05-04,8888
4121,優盛,489,402,87,國泰-敦南,2023-05-04,8888
6111,大宇資,736,652,84,國泰-敦南,2023-05-04,8888
4746,台耀,326,244,82,國泰-敦南,2023-05-04,8888
1514,亞力,376,295,81,國泰-敦南,2023-05-04,8888
3715,定穎投控,426,345,81,國泰-敦南,2023-05-04,8888
5351,鈺創,98,20,78,國泰-敦南,2023-05-04,8888
4953,緯軟,215,138,77,國泰-敦南,2023-05-04,8888
6112,邁達特,193,118,75,國泰-敦南,2023-05-04,8888
2409,友達,153,78,75,國泰-敦南,2023-05-04,8888
6179,亞通,82,10,72,國泰-敦南,2023-05-04,8888
2303,聯電,143,73,70,國泰-敦南,2023-05-04,8888
3005,神基,172,104,68,國泰-敦南,2023-05-04,8888
6167,久正,388,321,67,國泰-敦南,2023-05-04,8888
2402,毅嘉,118,52,66,國泰-敦南,2023-05-04,8888
2897,王道銀行,75,11,64,國泰-敦南,2023-05-04,8888
1307,三芳,85,21,64,國泰-敦南,2023-05-04,8888
1616,億泰,76,14,62,國泰-敦南,2023-05-04,8888
3006,晶豪科,112,51,61,國泰-敦南,2023-05-04,8888
00631L,元大台灣50正2,83,23,60,國泰-敦南,2023-05-04,8888
2353,宏��,169,109,60,國泰-敦南,2023-05-04,8888
2615,萬海,129,69,60,國泰-敦南,2023-05-04,8888
00878,國泰永續高股息,4257,1812,2445,國泰-敦南,2023-05-05,8888
00712,復華富時不動產,1849,494,1355,國泰-敦南,2023-05-05,8888
00725B,國泰投資級公司債,1090,7,1083,國泰-敦南,2023-05-05,8888
00715L,期街口布蘭特正2,1441,382,1059,國泰-敦南,2023-05-05,8888
00720B,元大投資級公司債,575,15,560,國泰-敦南,2023-05-05,8888
00772B,中信高評級公司債,604,94,510,國泰-敦南,2023-05-05,8888
00687B,國泰20年美債,517,8,509,國泰-敦南,2023-05-05,8888
00751B,元大AAA至A公司債,505,15,490,國泰-敦南,2023-05-05,8888
2353,宏��,790,340,450,國泰-敦南,2023-05-05,8888
4915,致伸,441,45,396,國泰-敦南,2023-05-05,8888
2457,飛宏,778,515,263,國泰-敦南,2023-05-05,8888
1504,東元,678,420,258,國泰-敦南,2023-05-05,8888
2352,佳世達,545,294,251,國泰-敦南,2023-05-05,8888
1905,華紙,788,545,243,國泰-敦南,2023-05-05,8888
00679B,元大美債20年,605,371,234,國泰-敦南,2023-05-05,8888
5009,榮剛,445,220,225,國泰-敦南,2023-05-05,8888
8215,明基材,314,90,224,國泰-敦南,2023-05-05,8888
1609,大亞,2223,2005,218,國泰-敦南,2023-05-05,8888
2002,中鋼,258,53,205,國泰-敦南,2023-05-05,8888
1529,樂事綠能,565,364,201,國泰-敦南,2023-05-05,8888
00680L,元大美債20正2,318,129,189,國泰-敦南,2023-05-05,8888
6244,茂迪,659,493,166,國泰-敦南,2023-05-05,8888
00773B,中信優先金融債,208,47,161,國泰-敦南,2023-05-05,8888
6443,元晶,359,204,155,國泰-敦南,2023-05-05,8888
00795B,中信美國公債20年,141,0,141,國泰-敦南,2023-05-05,8888
2634,漢翔,1162,1024,138,國泰-敦南,2023-05-05,8888
6185,幃翔,146,15,131,國泰-敦南,2023-05-05,8888
2230,泰茂,125,8,117,國泰-敦南,2023-05-05,8888
00642U,期元大S＆P石油,235,118,117,國泰-敦南,2023-05-05,8888
2845,遠東銀,119,3,116,國泰-敦南,2023-05-05,8888
00690,兆豐藍籌30,116,1,115,國泰-敦南,2023-05-05,8888
1101,台泥,213,101,112,國泰-敦南,2023-05-05,8888
00924,復華S＆P500成長,126,22,104,國泰-敦南,2023-05-05,8888
6160,欣技,447,350,97,國泰-敦南,2023-05-05,8888
00688L,國泰20年美債正2,107,13,94,國泰-敦南,2023-05-05,8888
2610,華航,279,187,92,國泰-敦南,2023-05-05,8888
00912,中信臺灣智慧50,92,1,91,國泰-敦南,2023-05-05,8888
4121,優盛,286,197,89,國泰-敦南,2023-05-05,8888
6129,普誠,189,101,88,國泰-敦南,2023-05-05,8888
2897,王道銀行,188,102,86,國泰-敦南,2023-05-05,8888
1904,正隆,212,127,85,國泰-敦南,2023-05-05,8888
00830,國泰費城半導體,87,3,84,國泰-敦南,2023-05-05,8888
5328,華容,108,24,84,國泰-敦南,2023-05-05,8888
00671R,富邦NASDAQ反1,108,26,82,國泰-敦南,2023-05-05,8888
8403,盛弘,263,182,81,國泰-敦南,2023-05-05,8888
6191,精成科,472,392,80,國泰-敦南,2023-05-05,8888
00919,群益台灣精選高息,79,2,77,國泰-敦南,2023-05-05,8888
1474,弘裕,90,14,76,國泰-敦南,2023-05-05,8888
2897A,王道銀甲特,74,0,74,國泰-敦南,2023-05-05,8888
2303,聯電,112,42,70,國泰-敦南,2023-05-05,8888
00878,國泰永續高股息,3052,1240,1812,國泰-敦南,2023-05-08,8888
1605,華新,1344,596,748,國泰-敦南,2023-05-08,8888
2883,凱基金,2016,1325,691,國泰-敦南,2023-05-08,8888
00881,國泰台灣5G+,1042,420,622,國泰-敦南,2023-05-08,8888
00680L,元大美債20正2,658,45,613,國泰-敦南,2023-05-08,8888
00715L,期街口布蘭特正2,1544,947,597,國泰-敦南,2023-05-08,8888
00751B,元大AAA至A公司債,492,45,447,國泰-敦南,2023-05-08,8888
3481,群創,700,353,347,國泰-敦南,2023-05-08,8888
00687B,國泰20年美債,354,10,344,國泰-敦南,2023-05-08,8888
00679B,元大美債20年,588,249,339,國泰-敦南,2023-05-08,8888
00720B,元大投資級公司債,437,112,325,國泰-敦南,2023-05-08,8888
2409,友達,682,393,289,國泰-敦南,2023-05-08,8888
00772B,中信高評級公司債,374,95,279,國泰-敦南,2023-05-08,8888
2887,台新金,1106,827,279,國泰-敦南,2023-05-08,8888
2889,國票金,253,36,217,國泰-敦南,2023-05-08,8888
4915,致伸,235,20,215,國泰-敦南,2023-05-08,8888
2609,陽明,288,90,198,國泰-敦南,2023-05-08,8888
3703,欣陸,251,56,195,國泰-敦南,2023-05-08,8888
9955,佳龍,352,190,162,國泰-敦南,2023-05-08,8888
00773B,中信優先金融債,136,6,130,國泰-敦南,2023-05-08,8888
6125,廣運,226,101,125,國泰-敦南,2023-05-08,8888
00665L,富邦�琤肭磪囓�2,1010,886,124,國泰-敦南,2023-05-08,8888
00888,永豐台灣ESG,177,55,122,國泰-敦南,2023-05-08,8888
3231,緯創,964,843,121,國泰-敦南,2023-05-08,8888
6443,元晶,260,142,118,國泰-敦南,2023-05-08,8888
00795B,中信美國公債20年,114,0,114,國泰-敦南,2023-05-08,8888
2888,新光金,168,66,102,國泰-敦南,2023-05-08,8888
2352,佳世達,168,66,102,國泰-敦南,2023-05-08,8888
1314,中石化,128,30,98,國泰-敦南,2023-05-08,8888
2406,國碩,123,26,97,國泰-敦南,2023-05-08,8888
5381,合正,100,5,95,國泰-敦南,2023-05-08,8888
00862B,中信投資級公司債,90,0,90,國泰-敦南,2023-05-08,8888
1101,台泥,458,368,90,國泰-敦南,2023-05-08,8888
8358,金居,141,52,89,國泰-敦南,2023-05-08,8888
2812,台中銀,178,94,84,國泰-敦南,2023-05-08,8888
9933,中鼎,100,17,83,國泰-敦南,2023-05-08,8888
5608,四維航,116,34,82,國泰-敦南,2023-05-08,8888
00902,中信電池及儲能,161,79,82,國泰-敦南,2023-05-08,8888
9958,世紀鋼,126,44,82,國泰-敦南,2023-05-08,8888
00648R,元大S＆P500反1,95,14,81,國泰-敦南,2023-05-08,8888
1218,泰山,488,408,80,國泰-敦南,2023-05-08,8888
00725B,國泰投資級公司債,78,3,75,國泰-敦南,2023-05-08,8888
2801,彰銀,120,47,73,國泰-敦南,2023-05-08,8888
00712,復華富時不動產,770,700,70,國泰-敦南,2023-05-08,8888
1529,樂事綠能,332,263,69,國泰-敦南,2023-05-08,8888
2482,連宇,341,278,63,國泰-敦南,2023-05-08,8888
2344,華邦電,126,64,62,國泰-敦南,2023-05-08,8888
1611,中電,167,110,57,國泰-敦南,2023-05-08,8888
00688L,國泰20年美債正2,63,6,57,國泰-敦南,2023-05-08,8888
4763,材料-KY,173,117,56,國泰-敦南,2023-05-08,8888
00878,國泰永續高股息,2146,801,1345,國泰-敦南,2023-05-09,8888
00725B,國泰投資級公司債,1198,4,1194,國泰-敦南,2023-05-09,8888
00680L,元大美債20正2,1187,13,1174,國泰-敦南,2023-05-09,8888
00687B,國泰20年美債,1106,12,1094,國泰-敦南,2023-05-09,8888
00720B,元大投資級公司債,873,49,824,國泰-敦南,2023-05-09,8888
00772B,中信高評級公司債,843,100,743,國泰-敦南,2023-05-09,8888
00751B,元大AAA至A公司債,675,45,630,國泰-敦南,2023-05-09,8888
00881,國泰台灣5G+,658,121,537,國泰-敦南,2023-05-09,8888
00679B,元大美債20年,828,428,400,國泰-敦南,2023-05-09,8888
3715,定穎投控,1081,701,380,國泰-敦南,2023-05-09,8888
1609,大亞,875,511,364,國泰-敦南,2023-05-09,8888
6282,康舒,637,278,359,國泰-敦南,2023-05-09,8888
1101,台泥,606,285,321,國泰-敦南,2023-05-09,8888
1513,中興電,843,527,316,國泰-敦南,2023-05-09,8888
1519,華城,1359,1093,266,國泰-敦南,2023-05-09,8888
6443,元晶,770,506,264,國泰-敦南,2023-05-09,8888
3058,立德,309,99,210,國泰-敦南,2023-05-09,8888
00688L,國泰20年美債正2,201,5,196,國泰-敦南,2023-05-09,8888
00902,中信電池及儲能,294,100,194,國泰-敦南,2023-05-09,8888
00773B,中信優先金融債,260,87,173,國泰-敦南,2023-05-09,8888
6112,邁達特,882,710,172,國泰-敦南,2023-05-09,8888
1314,中石化,241,70,171,國泰-敦南,2023-05-09,8888
00795B,中信美國公債20年,174,4,170,國泰-敦南,2023-05-09,8888
2027,大成鋼,179,13,166,國泰-敦南,2023-05-09,8888
2913,農林,362,197,165,國泰-敦南,2023-05-09,8888
3576,聯合再生,244,86,158,國泰-敦南,2023-05-09,8888
3078,僑威,243,90,153,國泰-敦南,2023-05-09,8888
2402,毅嘉,601,465,136,國泰-敦南,2023-05-09,8888
1514,亞力,382,248,134,國泰-敦南,2023-05-09,8888
3027,盛達,479,346,133,國泰-敦南,2023-05-09,8888
2891,中信金,222,94,128,國泰-敦南,2023-05-09,8888
3029,零壹,344,221,123,國泰-敦南,2023-05-09,8888
1504,東元,814,694,120,國泰-敦南,2023-05-09,8888
4919,新唐,165,48,117,國泰-敦南,2023-05-09,8888
1708,東鹼,198,82,116,國泰-敦南,2023-05-09,8888
2634,漢翔,649,536,113,國泰-敦南,2023-05-09,8888
00632R,元大台灣50反1,357,253,104,國泰-敦南,2023-05-09,8888
1605,華新,699,599,100,國泰-敦南,2023-05-09,8888
3071,協禧,394,294,100,國泰-敦南,2023-05-09,8888
2206,三陽工業,337,243,94,國泰-敦南,2023-05-09,8888
00713,元大台灣高息低波,178,87,91,國泰-敦南,2023-05-09,8888
9907,統一實,99,11,88,國泰-敦南,2023-05-09,8888
3484,崧騰,206,118,88,國泰-敦南,2023-05-09,8888
00853B,統一美債10年Aa-,86,0,86,國泰-敦南,2023-05-09,8888
2601,益航,96,11,85,國泰-敦南,2023-05-09,8888
6163,華電網,172,91,81,國泰-敦南,2023-05-09,8888
6244,茂迪,461,381,80,國泰-敦南,2023-05-09,8888
00900,富邦特選高股息30,120,40,80,國泰-敦南,2023-05-09,8888
5498,凱崴,105,26,79,國泰-敦南,2023-05-09,8888
2801,彰銀,83,5,78,國泰-敦南,2023-05-09,8888
00878,國泰永續高股息,4254,464,3790,國泰-敦南,2023-05-10,8888
00665L,富邦�琤肭磪囓�2,1658,663,995,國泰-敦南,2023-05-10,8888
00680L,元大美債20正2,1017,64,953,國泰-敦南,2023-05-10,8888
00687B,國泰20年美債,957,15,942,國泰-敦南,2023-05-10,8888
00712,復華富時不動產,753,158,595,國泰-敦南,2023-05-10,8888
00713,元大台灣高息低波,767,218,549,國泰-敦南,2023-05-10,8888
4915,致伸,547,22,525,國泰-敦南,2023-05-10,8888
3231,緯創,1032,538,494,國泰-敦南,2023-05-10,8888
00753L,中信中國50正2,512,78,434,國泰-敦南,2023-05-10,8888
00720B,元大投資級公司債,379,14,365,國泰-敦南,2023-05-10,8888
00772B,中信高評級公司債,417,62,355,國泰-敦南,2023-05-10,8888
00673R,期元大S＆P原油反1,501,170,331,國泰-敦南,2023-05-10,8888
00637L,元大滬深300正2,541,210,331,國泰-敦南,2023-05-10,8888
3013,晟銘電,436,184,252,國泰-敦南,2023-05-10,8888
0056,元大高股息,409,163,246,國泰-敦南,2023-05-10,8888
00795B,中信美國公債20年,247,4,243,國泰-敦南,2023-05-10,8888
00751B,元大AAA至A公司債,287,69,218,國泰-敦南,2023-05-10,8888
00679B,元大美債20年,504,300,204,國泰-敦南,2023-05-10,8888
6235,華孚,544,351,193,國泰-敦南,2023-05-10,8888
00882,中信中國高股息,507,315,192,國泰-敦南,2023-05-10,8888
00922,國泰台灣領袖50,199,12,187,國泰-敦南,2023-05-10,8888
00888,永豐台灣ESG,320,136,184,國泰-敦南,2023-05-10,8888
2303,聯電,250,105,145,國泰-敦南,2023-05-10,8888
00688L,國泰20年美債正2,144,1,143,國泰-敦南,2023-05-10,8888
1905,華紙,493,373,120,國泰-敦南,2023-05-10,8888
3209,全科,135,22,113,國泰-敦南,2023-05-10,8888
00664R,國泰臺灣加權反1,112,1,111,國泰-敦南,2023-05-10,8888
1519,華城,531,429,102,國泰-敦南,2023-05-10,8888
0050,元大台灣50,148,49,99,國泰-敦南,2023-05-10,8888
2882,國泰金,208,109,99,國泰-敦南,2023-05-10,8888
00690,兆豐藍籌30,99,1,98,國泰-敦南,2023-05-10,8888
1503,士電,284,188,96,國泰-敦南,2023-05-10,8888
2330,台積電,116,22,94,國泰-敦南,2023-05-10,8888
1314,中石化,128,43,85,國泰-敦南,2023-05-10,8888
00631L,元大台灣50正2,113,28,85,國泰-敦南,2023-05-10,8888
00900,富邦特選高股息30,192,110,82,國泰-敦南,2023-05-10,8888
6625,必應,174,98,76,國泰-敦南,2023-05-10,8888
00752,中信中國50,89,13,76,國泰-敦南,2023-05-10,8888
00923,群益台ESG低碳50,96,20,76,國泰-敦南,2023-05-10,8888
00891,中信關鍵半導體,148,79,69,國泰-敦南,2023-05-10,8888
9945,潤泰新,83,14,69,國泰-敦南,2023-05-10,8888
2881,富邦金,89,21,68,國泰-敦南,2023-05-10,8888
2387,精元,108,40,68,國泰-敦南,2023-05-10,8888
006208,富邦台50,159,93,66,國泰-敦南,2023-05-10,8888
4979,華星光,255,189,66,國泰-敦南,2023-05-10,8888
6160,欣技,257,192,65,國泰-敦南,2023-05-10,8888
00675L,富邦臺灣加權正2,62,2,60,國泰-敦南,2023-05-10,8888
00696B,富邦美債20年,61,4,57,國泰-敦南,2023-05-10,8888
8926,台汽電,74,18,56,國泰-敦南,2023-05-10,8888
3325,旭品,87,31,56,國泰-敦南,2023-05-10,8888
00878,國泰永續高股息,2616,991,1625,國泰-敦南,2023-05-11,8888
2610,華航,1098,432,666,國泰-敦南,2023-05-11,8888
3481,群創,1071,539,532,國泰-敦南,2023-05-11,8888
1101,台泥,625,149,476,國泰-敦南,2023-05-11,8888
9907,統一實,448,50,398,國泰-敦南,2023-05-11,8888
0056,元大高股息,500,179,321,國泰-敦南,2023-05-11,8888
2883,凱基金,482,168,314,國泰-敦南,2023-05-11,8888
2609,陽明,311,95,216,國泰-敦南,2023-05-11,8888
2812,台中銀,360,144,216,國泰-敦南,2023-05-11,8888
1609,大亞,1017,807,210,國泰-敦南,2023-05-11,8888
00687B,國泰20年美債,265,59,206,國泰-敦南,2023-05-11,8888
00713,元大台灣高息低波,289,85,204,國泰-敦南,2023-05-11,8888
1314,中石化,223,21,202,國泰-敦南,2023-05-11,8888
2634,漢翔,797,599,198,國泰-敦南,2023-05-11,8888
2867,三商壽,326,128,198,國泰-敦南,2023-05-11,8888
2022,聚亨,306,115,191,國泰-敦南,2023-05-11,8888
1905,華紙,738,552,186,國泰-敦南,2023-05-11,8888
00712,復華富時不動產,405,223,182,國泰-敦南,2023-05-11,8888
2542,興富發,852,672,180,國泰-敦南,2023-05-11,8888
8038,長園科,228,58,170,國泰-敦南,2023-05-11,8888
00720B,元大投資級公司債,187,17,170,國泰-敦南,2023-05-11,8888
2409,友達,208,50,158,國泰-敦南,2023-05-11,8888
00900,富邦特選高股息30,222,66,156,國泰-敦南,2023-05-11,8888
5009,榮剛,364,212,152,國泰-敦南,2023-05-11,8888
00888,永豐台灣ESG,189,37,152,國泰-敦南,2023-05-11,8888
5498,凱崴,355,209,146,國泰-敦南,2023-05-11,8888
1504,東元,557,414,143,國泰-敦南,2023-05-11,8888
4967,十銓,168,30,138,國泰-敦南,2023-05-11,8888
1513,中興電,291,155,136,國泰-敦南,2023-05-11,8888
2834,臺企銀,262,136,126,國泰-敦南,2023-05-11,8888
2890,永豐金,293,167,126,國泰-敦南,2023-05-11,8888
2201,裕隆,302,177,125,國泰-敦南,2023-05-11,8888
2312,金寶,167,48,119,國泰-敦南,2023-05-11,8888
6285,啟��,350,233,117,國泰-敦南,2023-05-11,8888
1514,亞力,382,265,117,國泰-敦南,2023-05-11,8888
2630,亞航,553,439,114,國泰-敦南,2023-05-11,8888
1605,華新,259,147,112,國泰-敦南,2023-05-11,8888
1802,台玻,120,9,111,國泰-敦南,2023-05-11,8888
2313,華通,149,40,109,國泰-敦南,2023-05-11,8888
6234,高僑,484,375,109,國泰-敦南,2023-05-11,8888
3576,聯合再生,163,55,108,國泰-敦南,2023-05-11,8888
4121,優盛,248,140,108,國泰-敦南,2023-05-11,8888
2897,王道銀行,111,4,107,國泰-敦南,2023-05-11,8888
2615,萬海,198,92,106,國泰-敦南,2023-05-11,8888
2601,益航,129,24,105,國泰-敦南,2023-05-11,8888
4114,健喬,147,42,105,國泰-敦南,2023-05-11,8888
5258,虹堡,264,159,105,國泰-敦南,2023-05-11,8888
00751B,元大AAA至A公司債,148,46,102,國泰-敦南,2023-05-11,8888
5288,豐祥-KY,103,1,102,國泰-敦南,2023-05-11,8888
6167,久正,301,203,98,國泰-敦南,2023-05-11,8888
00878,國泰永續高股息,3666,859,2807,國泰-敦南,2023-05-12,8888
00715L,期街口布蘭特正2,2061,1119,942,國泰-敦南,2023-05-12,8888
00632R,元大台灣50反1,1374,565,809,國泰-敦南,2023-05-12,8888
2317,鴻海,920,152,768,國泰-敦南,2023-05-12,8888
00882,中信中國高股息,671,65,606,國泰-敦南,2023-05-12,8888
2888,新光金,877,311,566,國泰-敦南,2023-05-12,8888
1101,台泥,451,114,337,國泰-敦南,2023-05-12,8888
00712,復華富時不動產,459,156,303,國泰-敦南,2023-05-12,8888
2882,國泰金,368,68,300,國泰-敦南,2023-05-12,8888
2883,凱基金,584,303,281,國泰-敦南,2023-05-12,8888
00642U,期元大S＆P石油,363,81,282,國泰-敦南,2023-05-12,8888
00888,永豐台灣ESG,345,70,275,國泰-敦南,2023-05-12,8888
3481,群創,542,292,250,國泰-敦南,2023-05-12,8888
2889,國票金,255,21,234,國泰-敦南,2023-05-12,8888
2890,永豐金,271,51,220,國泰-敦南,2023-05-12,8888
00713,元大台灣高息低波,311,138,173,國泰-敦南,2023-05-12,8888
0056,元大高股息,271,110,161,國泰-敦南,2023-05-12,8888
9907,統一實,165,21,144,國泰-敦南,2023-05-12,8888
2303,聯電,218,74,144,國泰-敦南,2023-05-12,8888
3576,聯合再生,192,49,143,國泰-敦南,2023-05-12,8888
2409,友達,233,94,139,國泰-敦南,2023-05-12,8888
2002,中鋼,161,28,133,國泰-敦南,2023-05-12,8888
00720B,元大投資級公司債,249,118,131,國泰-敦南,2023-05-12,8888
00665L,富邦�琤肭磪囓�2,810,687,123,國泰-敦南,2023-05-12,8888
2886,兆豐金,162,46,116,國泰-敦南,2023-05-12,8888
00885,富邦越南,324,208,116,國泰-敦南,2023-05-12,8888
2022,聚亨,217,101,116,國泰-敦南,2023-05-12,8888
00690,兆豐藍籌30,110,6,104,國泰-敦南,2023-05-12,8888
9945,潤泰新,140,39,101,國泰-敦南,2023-05-12,8888
2880,華南金,121,30,91,國泰-敦南,2023-05-12,8888
4979,華星光,121,33,88,國泰-敦南,2023-05-12,8888
0050,元大台灣50,111,25,86,國泰-敦南,2023-05-12,8888
5498,凱崴,131,46,85,國泰-敦南,2023-05-12,8888
2610,華航,223,139,84,國泰-敦南,2023-05-12,8888
6005,群益證,94,13,81,國泰-敦南,2023-05-12,8888
2801,彰銀,79,0,79,國泰-敦南,2023-05-12,8888
2885,元大金,96,18,78,國泰-敦南,2023-05-12,8888
00637L,元大滬深300正2,440,368,72,國泰-敦南,2023-05-12,8888
2851,中再保,89,18,71,國泰-敦南,2023-05-12,8888
2542,興富發,149,78,71,國泰-敦南,2023-05-12,8888
1605,華新,322,258,64,國泰-敦南,2023-05-12,8888
2609,陽明,316,253,63,國泰-敦南,2023-05-12,8888
00891,中信關鍵半導體,105,42,63,國泰-敦南,2023-05-12,8888
006208,富邦台50,119,57,62,國泰-敦南,2023-05-12,8888
5381,合正,81,20,61,國泰-敦南,2023-05-12,8888
1314,中石化,130,71,59,國泰-敦南,2023-05-12,8888
4114,健喬,144,85,59,國泰-敦南,2023-05-12,8888
00900,富邦特選高股息30,222,165,57,國泰-敦南,2023-05-12,8888
00905,FT臺灣Smart,90,38,52,國泰-敦南,2023-05-12,8888
2915,潤泰全,53,3,50,國泰-敦南,2023-05-12,8888
00687B,國泰20年美債,628,55,573,國泰-敦南,2023-05-15,8888
00715L,期街口布蘭特正2,1505,961,544,國泰-敦南,2023-05-15,8888
1101,台泥,703,212,491,國泰-敦南,2023-05-15,8888
00712,復華富時不動產,617,142,475,國泰-敦南,2023-05-15,8888
3231,緯創,1840,1395,445,國泰-敦南,2023-05-15,8888
00713,元大台灣高息低波,531,89,442,國泰-敦南,2023-05-15,8888
2371,大同,2264,1827,437,國泰-敦南,2023-05-15,8888
00882,中信中國高股息,472,44,428,國泰-敦南,2023-05-15,8888
00751B,元大AAA至A公司債,396,42,354,國泰-敦南,2023-05-15,8888
2303,聯電,428,79,349,國泰-敦南,2023-05-15,8888
00720B,元大投資級公司債,358,12,346,國泰-敦南,2023-05-15,8888
2317,鴻海,363,38,325,國泰-敦南,2023-05-15,8888
00680L,元大美債20正2,384,69,315,國泰-敦南,2023-05-15,8888
0056,元大高股息,665,382,283,國泰-敦南,2023-05-15,8888
00795B,中信美國公債20年,280,1,279,國泰-敦南,2023-05-15,8888
00772B,中信高評級公司債,338,93,245,國泰-敦南,2023-05-15,8888
00690,兆豐藍籌30,179,0,179,國泰-敦南,2023-05-15,8888
00642U,期元大S＆P石油,268,92,176,國泰-敦南,2023-05-15,8888
00679B,元大美債20年,377,204,173,國泰-敦南,2023-05-15,8888
1905,華紙,423,259,164,國泰-敦南,2023-05-15,8888
6122,擎邦,686,532,154,國泰-敦南,2023-05-15,8888
00673R,期元大S＆P原油反1,452,308,144,國泰-敦南,2023-05-15,8888
9945,潤泰新,187,59,128,國泰-敦南,2023-05-15,8888
2356,英業達,288,174,114,國泰-敦南,2023-05-15,8888
00888,永豐台灣ESG,235,122,113,國泰-敦南,2023-05-15,8888
3105,穩懋,176,63,113,國泰-敦南,2023-05-15,8888
00665L,富邦�琤肭磪囓�2,625,513,112,國泰-敦南,2023-05-15,8888
5871,中租-KY,132,24,108,國泰-敦南,2023-05-15,8888
00669R,國泰美國道瓊反1,104,7,97,國泰-敦南,2023-05-15,8888
4121,優盛,138,46,92,國泰-敦南,2023-05-15,8888
3712,永崴投控,134,42,92,國泰-敦南,2023-05-15,8888
6443,元晶,196,105,91,國泰-敦南,2023-05-15,8888
5511,德昌,115,26,89,國泰-敦南,2023-05-15,8888
6121,新普,89,1,88,國泰-敦南,2023-05-15,8888
2542,興富發,266,179,87,國泰-敦南,2023-05-15,8888
1731,美吾華,131,45,86,國泰-敦南,2023-05-15,8888
00891,中信關鍵半導體,113,28,85,國泰-敦南,2023-05-15,8888
5258,虹堡,384,302,82,國泰-敦南,2023-05-15,8888
6218,豪勉,269,188,81,國泰-敦南,2023-05-15,8888
00632R,元大台灣50反1,371,294,77,國泰-敦南,2023-05-15,8888
3046,建��,512,437,75,國泰-敦南,2023-05-15,8888
3202,樺晟,566,491,75,國泰-敦南,2023-05-15,8888
2201,裕隆,180,106,74,國泰-敦南,2023-05-15,8888
3224,三顧,273,200,73,國泰-敦南,2023-05-15,8888
00725B,國泰投資級公司債,76,3,73,國泰-敦南,2023-05-15,8888
4306,炎洲,125,52,73,國泰-敦南,2023-05-15,8888
6282,康舒,155,85,70,國泰-敦南,2023-05-15,8888
1608,華榮,76,13,63,國泰-敦南,2023-05-15,8888
2025,千興,62,0,62,國泰-敦南,2023-05-15,8888
1795,美時,251,189,62,國泰-敦南,2023-05-15,8888
00680L,元大美債20正2,1414,4,1410,國泰-敦南,2023-05-16,8888
00687B,國泰20年美債,1164,68,1096,國泰-敦南,2023-05-16,8888
00632R,元大台灣50反1,1397,404,993,國泰-敦南,2023-05-16,8888
00772B,中信高評級公司債,1017,98,919,國泰-敦南,2023-05-16,8888
00720B,元大投資級公司債,829,16,813,國泰-敦南,2023-05-16,8888
00751B,元大AAA至A公司債,674,21,653,國泰-敦南,2023-05-16,8888
00795B,中信美國公債20年,440,1,439,國泰-敦南,2023-05-16,8888
00679B,元大美債20年,567,160,407,國泰-敦南,2023-05-16,8888
00688L,國泰20年美債正2,288,0,288,國泰-敦南,2023-05-16,8888
2317,鴻海,351,78,273,國泰-敦南,2023-05-16,8888
2323,中環,683,451,232,國泰-敦南,2023-05-16,8888
00725B,國泰投資級公司債,224,0,224,國泰-敦南,2023-05-16,8888
00664R,國泰臺灣加權反1,210,10,200,國泰-敦南,2023-05-16,8888
5531,鄉林,281,90,191,國泰-敦南,2023-05-16,8888
00773B,中信優先金融債,167,1,166,國泰-敦南,2023-05-16,8888
2313,華通,167,15,152,國泰-敦南,2023-05-16,8888
1608,華榮,270,123,147,國泰-敦南,2023-05-16,8888
1314,中石化,173,37,136,國泰-敦南,2023-05-16,8888
2603,長榮,213,85,128,國泰-敦南,2023-05-16,8888
2609,陽明,205,78,127,國泰-敦南,2023-05-16,8888
1905,華紙,556,431,125,國泰-敦南,2023-05-16,8888
00690,兆豐藍籌30,127,8,119,國泰-敦南,2023-05-16,8888
3231,緯創,1280,1168,112,國泰-敦南,2023-05-16,8888
4967,十銓,390,281,109,國泰-敦南,2023-05-16,8888
00712,復華富時不動產,251,144,107,國泰-敦南,2023-05-16,8888
2206,三陽工業,680,576,104,國泰-敦南,2023-05-16,8888
2867,三商壽,245,144,101,國泰-敦南,2023-05-16,8888
1721,三晃,307,214,93,國泰-敦南,2023-05-16,8888
00890B,凱基ESG BBB債,84,0,84,國泰-敦南,2023-05-16,8888
1504,東元,827,745,82,國泰-敦南,2023-05-16,8888
6712,長聖,136,55,81,國泰-敦南,2023-05-16,8888
3035,智原,166,92,74,國泰-敦南,2023-05-16,8888
9110,越南控-DR,74,2,72,國泰-敦南,2023-05-16,8888
1503,士電,360,291,69,國泰-敦南,2023-05-16,8888
1101,台泥,176,107,69,國泰-敦南,2023-05-16,8888
2371,大同,874,807,67,國泰-敦南,2023-05-16,8888
2337,旺宏,92,24,68,國泰-敦南,2023-05-16,8888
2368,金像電,138,75,63,國泰-敦南,2023-05-16,8888
2409,友達,141,78,63,國泰-敦南,2023-05-16,8888
4919,新唐,105,44,61,國泰-敦南,2023-05-16,8888
00651R,復華香港反1,60,0,60,國泰-敦南,2023-05-16,8888
3673,TPK-KY,89,32,57,國泰-敦南,2023-05-16,8888
6235,華孚,777,720,57,國泰-敦南,2023-05-16,8888
5498,凱崴,90,37,53,國泰-敦南,2023-05-16,8888
3540,曜越,188,137,51,國泰-敦南,2023-05-16,8888
8936,國統,62,10,52,國泰-敦南,2023-05-16,8888
2332,友訊,226,176,50,國泰-敦南,2023-05-16,8888
1731,美吾華,67,18,49,國泰-敦南,2023-05-16,8888
00671R,富邦NASDAQ反1,64,18,46,國泰-敦南,2023-05-16,8888
3712,永崴投控,61,16,45,國泰-敦南,2023-05-16,8888
00632R,元大台灣50反1,4456,409,4047,國泰-敦南,2023-05-17,8888
00878,國泰永續高股息,5094,3400,1694,國泰-敦南,2023-05-17,8888
00712,復華富時不動產,1155,101,1054,國泰-敦南,2023-05-17,8888
00680L,元大美債20正2,938,15,923,國泰-敦南,2023-05-17,8888
00687B,國泰20年美債,813,15,798,國泰-敦南,2023-05-17,8888
00720B,元大投資級公司債,676,15,661,國泰-敦南,2023-05-17,8888
00751B,元大AAA至A公司債,629,29,600,國泰-敦南,2023-05-17,8888
00772B,中信高評級公司債,601,115,486,國泰-敦南,2023-05-17,8888
00673R,期元大S＆P原油反1,557,148,409,國泰-敦南,2023-05-17,8888
00688L,國泰20年美債正2,394,0,394,國泰-敦南,2023-05-17,8888
00664R,國泰臺灣加權反1,378,117,261,國泰-敦南,2023-05-17,8888
00679B,元大美債20年,555,298,257,國泰-敦南,2023-05-17,8888
00715L,期街口布蘭特正2,831,582,249,國泰-敦南,2023-05-17,8888
3715,定穎投控,611,379,232,國泰-敦南,2023-05-17,8888
2402,毅嘉,995,783,212,國泰-敦南,2023-05-17,8888
00665L,富邦�琤肭磪囓�2,378,167,211,國泰-敦南,2023-05-17,8888
00882,中信中國高股息,267,58,209,國泰-敦南,2023-05-17,8888
00795B,中信美國公債20年,184,0,184,國泰-敦南,2023-05-17,8888
00773B,中信優先金融債,208,24,184,國泰-敦南,2023-05-17,8888
00852L,國泰美國道瓊正2,178,0,178,國泰-敦南,2023-05-17,8888
00725B,國泰投資級公司債,162,6,156,國泰-敦南,2023-05-17,8888
00924,復華S＆P500成長,163,11,152,國泰-敦南,2023-05-17,8888
00676R,富邦臺灣加權反1,177,39,138,國泰-敦南,2023-05-17,8888
1519,華城,608,475,133,國泰-敦南,2023-05-17,8888
2457,飛宏,1262,1130,132,國泰-敦南,2023-05-17,8888
2731,雄獅,320,189,131,國泰-敦南,2023-05-17,8888
00671R,富邦NASDAQ反1,147,17,130,國泰-敦南,2023-05-17,8888
00637L,元大滬深300正2,297,169,128,國泰-敦南,2023-05-17,8888
1584,精剛,287,167,120,國泰-敦南,2023-05-17,8888
3704,合勤控,275,162,113,國泰-敦南,2023-05-17,8888
9110,越南控-DR,106,3,103,國泰-敦南,2023-05-17,8888
6285,啟��,162,59,103,國泰-敦南,2023-05-17,8888
4746,台耀,249,153,96,國泰-敦南,2023-05-17,8888
1612,宏泰,202,115,87,國泰-敦南,2023-05-17,8888
2317,鴻海,228,146,82,國泰-敦南,2023-05-17,8888
00753L,中信中國50正2,136,59,77,國泰-敦南,2023-05-17,8888
00892,富邦台灣半導體,89,23,66,國泰-敦南,2023-05-17,8888
2745,五福,109,46,63,國泰-敦南,2023-05-17,8888
2356,英業達,162,101,61,國泰-敦南,2023-05-17,8888
2313,華通,87,27,60,國泰-敦南,2023-05-17,8888
3058,立德,87,29,58,國泰-敦南,2023-05-17,8888
00696B,富邦美債20年,56,2,54,國泰-敦南,2023-05-17,8888
1605,華新,182,128,54,國泰-敦南,2023-05-17,8888
00690,兆豐藍籌30,102,53,49,國泰-敦南,2023-05-17,8888
3207,耀勝,296,249,47,國泰-敦南,2023-05-17,8888
00857B,永豐20年美公債,47,1,46,國泰-敦南,2023-05-17,8888
3034,聯詠,71,25,46,國泰-敦南,2023-05-17,8888
8076,伍豐,204,159,45,國泰-敦南,2023-05-17,8888
1609,大亞,483,438,45,國泰-敦南,2023-05-17,8888
8085,福華,80,38,42,國泰-敦南,2023-05-17,8888
00632R,元大台灣50反1,2971,1438,1533,國泰-敦南,2023-05-18,8888
00687B,國泰20年美債,1305,18,1287,國泰-敦南,2023-05-18,8888
00680L,元大美債20正2,760,42,718,國泰-敦南,2023-05-18,8888
00751B,元大AAA至A公司債,485,50,435,國泰-敦南,2023-05-18,8888
00772B,中信高評級公司債,376,11,365,國泰-敦南,2023-05-18,8888
8222,寶一,1452,1204,248,國泰-敦南,2023-05-18,8888
00690,兆豐藍籌30,284,38,246,國泰-敦南,2023-05-18,8888
00720B,元大投資級公司債,292,50,242,國泰-敦南,2023-05-18,8888
2630,亞航,609,383,226,國泰-敦南,2023-05-18,8888
00688L,國泰20年美債正2,200,0,200,國泰-敦南,2023-05-18,8888
00795B,中信美國公債20年,198,0,198,國泰-敦南,2023-05-18,8888
2634,漢翔,572,387,185,國泰-敦南,2023-05-18,8888
2491,吉祥全,238,80,158,國泰-敦南,2023-05-18,8888
00706L,期元大S＆P日圓正2,141,4,137,國泰-敦南,2023-05-18,8888
00773B,中信優先金融債,149,14,135,國泰-敦南,2023-05-18,8888
8069,元太,363,229,134,國泰-敦南,2023-05-18,8888
00882,中信中國高股息,232,98,134,國泰-敦南,2023-05-18,8888
1101,台泥,197,72,125,國泰-敦南,2023-05-18,8888
2402,毅嘉,291,175,116,國泰-敦南,2023-05-18,8888
6266,泰詠,160,45,115,國泰-敦南,2023-05-18,8888
5324,士開,130,28,102,國泰-敦南,2023-05-18,8888
00725B,國泰投資級公司債,105,3,102,國泰-敦南,2023-05-18,8888
00753L,中信中國50正2,158,60,98,國泰-敦南,2023-05-18,8888
6112,邁達特,1459,1362,97,國泰-敦南,2023-05-18,8888
2409,友達,150,54,96,國泰-敦南,2023-05-18,8888
2812,台中銀,149,58,91,國泰-敦南,2023-05-18,8888
1471,首利,114,27,87,國泰-敦南,2023-05-18,8888
00675L,富邦臺灣加權正2,109,26,83,國泰-敦南,2023-05-18,8888
3362,先進光,292,209,83,國泰-敦南,2023-05-18,8888
6509,聚和,88,11,77,國泰-敦南,2023-05-18,8888
2495,普安,159,84,75,國泰-敦南,2023-05-18,8888
2427,三商電,302,228,74,國泰-敦南,2023-05-18,8888
1319,東陽,176,103,73,國泰-敦南,2023-05-18,8888
6625,必應,286,213,73,國泰-敦南,2023-05-18,8888
5309,系統電,109,38,71,國泰-敦南,2023-05-18,8888
3673,TPK-KY,140,74,66,國泰-敦南,2023-05-18,8888
1215,卜蜂,71,6,65,國泰-敦南,2023-05-18,8888
2633,台灣高鐵,166,102,64,國泰-敦南,2023-05-18,8888
8048,德勝,130,67,63,國泰-敦南,2023-05-18,8888
3576,聯合再生,107,49,58,國泰-敦南,2023-05-18,8888
1584,精剛,325,268,57,國泰-敦南,2023-05-18,8888
00696B,富邦美債20年,56,0,56,國泰-敦南,2023-05-18,8888
2867,三商壽,149,94,55,國泰-敦南,2023-05-18,8888
2801,彰銀,86,32,54,國泰-敦南,2023-05-18,8888
6443,元晶,225,172,53,國泰-敦南,2023-05-18,8888
3006,晶豪科,246,195,51,國泰-敦南,2023-05-18,8888
2352,佳世達,200,152,48,國泰-敦南,2023-05-18,8888
3207,耀勝,125,77,48,國泰-敦南,2023-05-18,8888
2359,所羅門,92,45,47,國泰-敦南,2023-05-18,8888
2734,易飛網,213,166,47,國泰-敦南,2023-05-18,8888
00687B,國泰20年美債,1623,82,1541,國泰-敦南,2023-05-19,8888
00680L,元大美債20正2,1603,153,1450,國泰-敦南,2023-05-19,8888
00632R,元大台灣50反1,1274,456,818,國泰-敦南,2023-05-19,8888
00665L,富邦�琤肭磪囓�2,2079,1302,777,國泰-敦南,2023-05-19,8888
00753L,中信中國50正2,791,61,730,國泰-敦南,2023-05-19,8888
00882,中信中國高股息,793,147,646,國泰-敦南,2023-05-19,8888
00772B,中信高評級公司債,658,38,620,國泰-敦南,2023-05-19,8888
5009,榮剛,1006,466,540,國泰-敦南,2023-05-19,8888
00720B,元大投資級公司債,615,84,531,國泰-敦南,2023-05-19,8888
00751B,元大AAA至A公司債,502,10,492,國泰-敦南,2023-05-19,8888
2457,飛宏,1093,790,303,國泰-敦南,2023-05-19,8888
00690,兆豐藍籌30,460,169,291,國泰-敦南,2023-05-19,8888
1605,華新,438,163,275,國泰-敦南,2023-05-19,8888
00637L,元大滬深300正2,709,464,245,國泰-敦南,2023-05-19,8888
6235,華孚,1328,1090,238,國泰-敦南,2023-05-19,8888
00773B,中信優先金融債,233,7,226,國泰-敦南,2023-05-19,8888
3029,零壹,920,703,217,國泰-敦南,2023-05-19,8888
2887,台新金,339,128,211,國泰-敦南,2023-05-19,8888
2317,鴻海,272,69,203,國泰-敦南,2023-05-19,8888
00795B,中信美國公債20年,300,102,198,國泰-敦南,2023-05-19,8888
00673R,期元大S＆P原油反1,600,404,196,國泰-敦南,2023-05-19,8888
00706L,期元大S＆P日圓正2,190,9,181,國泰-敦南,2023-05-19,8888
2323,中環,786,612,174,國泰-敦南,2023-05-19,8888
2206,三陽工業,1021,859,162,國泰-敦南,2023-05-19,8888
00650L,復華香港正2,349,194,155,國泰-敦南,2023-05-19,8888
3078,僑威,615,464,151,國泰-敦南,2023-05-19,8888
00664R,國泰臺灣加權反1,163,22,141,國泰-敦南,2023-05-19,8888
00725B,國泰投資級公司債,175,34,141,國泰-敦南,2023-05-19,8888
2515,中工,163,27,136,國泰-敦南,2023-05-19,8888
2402,毅嘉,295,160,135,國泰-敦南,2023-05-19,8888
00688L,國泰20年美債正2,231,100,131,國泰-敦南,2023-05-19,8888
3058,立德,309,191,118,國泰-敦南,2023-05-19,8888
4114,健喬,137,20,117,國泰-敦南,2023-05-19,8888
3059,華晶科,115,10,105,國泰-敦南,2023-05-19,8888
3615,安可,111,10,101,國泰-敦南,2023-05-19,8888
00857B,永豐20年美公債,92,3,89,國泰-敦南,2023-05-19,8888
1101,台泥,163,75,88,國泰-敦南,2023-05-19,8888
5531,鄉林,111,24,87,國泰-敦南,2023-05-19,8888
2014,中鴻,97,11,86,國泰-敦南,2023-05-19,8888
00633L,富邦上証正2,143,59,84,國泰-敦南,2023-05-19,8888
00696B,富邦美債20年,84,0,84,國泰-敦南,2023-05-19,8888
2453,凌群,573,492,81,國泰-敦南,2023-05-19,8888
5258,虹堡,249,172,77,國泰-敦南,2023-05-19,8888
2489,瑞軒,161,85,76,國泰-敦南,2023-05-19,8888
1314,中石化,148,73,75,國泰-敦南,2023-05-19,8888
2603,長榮,148,73,75,國泰-敦南,2023-05-19,8888
4744,皇將,105,32,73,國泰-敦南,2023-05-19,8888
8076,伍豐,197,126,71,國泰-敦南,2023-05-19,8888
6112,邁達特,490,426,64,國泰-敦南,2023-05-19,8888
2705,六福,90,28,62,國泰-敦南,2023-05-19,8888
00715L,期街口布蘭特正2,1828,319,1509,國泰-敦南,2023-05-22,8888
00687B,國泰20年美債,1250,22,1228,國泰-敦南,2023-05-22,8888
2303,聯電,940,138,802,國泰-敦南,2023-05-22,8888
00680L,元大美債20正2,893,131,762,國泰-敦南,2023-05-22,8888
00751B,元大AAA至A公司債,622,55,567,國泰-敦南,2023-05-22,8888
00712,復華富時不動產,755,265,490,國泰-敦南,2023-05-22,8888
00772B,中信高評級公司債,463,59,404,國泰-敦南,2023-05-22,8888
00795B,中信美國公債20年,374,3,371,國泰-敦南,2023-05-22,8888
2801,彰銀,316,17,299,國泰-敦南,2023-05-22,8888
00720B,元大投資級公司債,317,35,282,國泰-敦南,2023-05-22,8888
00882,中信中國高股息,368,92,276,國泰-敦南,2023-05-22,8888
00690,兆豐藍籌30,323,59,264,國泰-敦南,2023-05-22,8888
3037,欣興,562,321,241,國泰-敦南,2023-05-22,8888
00773B,中信優先金融債,307,113,194,國泰-敦南,2023-05-22,8888
1504,東元,966,784,182,國泰-敦南,2023-05-22,8888
3706,神達,264,87,177,國泰-敦南,2023-05-22,8888
2356,英業達,249,94,155,國泰-敦南,2023-05-22,8888
00706L,期元大S＆P日圓正2,131,4,127,國泰-敦南,2023-05-22,8888
2368,金像電,734,612,122,國泰-敦南,2023-05-22,8888
2352,佳世達,311,193,118,國泰-敦南,2023-05-22,8888
6235,華孚,665,548,117,國泰-敦南,2023-05-22,8888
4543,萬在,153,39,114,國泰-敦南,2023-05-22,8888
2022,聚亨,139,31,108,國泰-敦南,2023-05-22,8888
3035,智原,224,118,106,國泰-敦南,2023-05-22,8888
00713,元大台灣高息低波,270,166,104,國泰-敦南,2023-05-22,8888
00725B,國泰投資級公司債,207,104,103,國泰-敦南,2023-05-22,8888
2537,聯上發,173,71,102,國泰-敦南,2023-05-22,8888
3038,全台,186,97,89,國泰-敦南,2023-05-22,8888
1605,華新,300,212,88,國泰-敦南,2023-05-22,8888
8046,南電,175,90,85,國泰-敦南,2023-05-22,8888
00642U,期元大S＆P石油,87,4,83,國泰-敦南,2023-05-22,8888
5511,德昌,122,41,81,國泰-敦南,2023-05-22,8888
1616,億泰,89,13,76,國泰-敦南,2023-05-22,8888
3231,緯創,778,705,73,國泰-敦南,2023-05-22,8888
1519,華城,872,803,69,國泰-敦南,2023-05-22,8888
2323,中環,532,463,69,國泰-敦南,2023-05-22,8888
6223,旺矽,227,161,66,國泰-敦南,2023-05-22,8888
2412,中華電,66,4,62,國泰-敦南,2023-05-22,8888
2382,廣達,205,146,59,國泰-敦南,2023-05-22,8888
2812,台中銀,80,21,59,國泰-敦南,2023-05-22,8888
2371,大同,131,72,59,國泰-敦南,2023-05-22,8888
6531,愛普*,136,78,58,國泰-敦南,2023-05-22,8888
6282,康舒,1390,1332,58,國泰-敦南,2023-05-22,8888
4979,華星光,140,83,57,國泰-敦南,2023-05-22,8888
4173,久裕,386,333,53,國泰-敦南,2023-05-22,8888
2442,新美齊,327,276,51,國泰-敦南,2023-05-22,8888
3540,曜越,108,57,51,國泰-敦南,2023-05-22,8888
5243,乙盛-KY,649,600,49,國泰-敦南,2023-05-22,8888
3058,立德,163,116,47,國泰-敦南,2023-05-22,8888
2313,華通,76,29,47,國泰-敦南,2023-05-22,8888
00687B,國泰20年美債,1471,129,1342,國泰-敦南,2023-05-23,8888
00882,中信中國高股息,779,134,645,國泰-敦南,2023-05-23,8888
00637L,元大滬深300正2,646,180,466,國泰-敦南,2023-05-23,8888
3481,群創,730,269,461,國泰-敦南,2023-05-23,8888
2409,友達,509,78,431,國泰-敦南,2023-05-23,8888
00680L,元大美債20正2,824,403,421,國泰-敦南,2023-05-23,8888
00795B,中信美國公債20年,414,12,402,國泰-敦南,2023-05-23,8888
00772B,中信高評級公司債,422,70,352,國泰-敦南,2023-05-23,8888
2634,漢翔,735,479,256,國泰-敦南,2023-05-23,8888
1504,東元,600,345,255,國泰-敦南,2023-05-23,8888
00751B,元大AAA至A公司債,268,16,252,國泰-敦南,2023-05-23,8888
1605,華新,362,123,239,國泰-敦南,2023-05-23,8888
1513,中興電,1168,948,220,國泰-敦南,2023-05-23,8888
00706L,期元大S＆P日圓正2,223,9,214,國泰-敦南,2023-05-23,8888
2303,聯電,344,151,193,國泰-敦南,2023-05-23,8888
4541,晟田,951,760,191,國泰-敦南,2023-05-23,8888
1609,大亞,502,323,179,國泰-敦南,2023-05-23,8888
00688L,國泰20年美債正2,401,226,175,國泰-敦南,2023-05-23,8888
00725B,國泰投資級公司債,149,3,146,國泰-敦南,2023-05-23,8888
2313,華通,170,24,146,國泰-敦南,2023-05-23,8888
2731,雄獅,445,313,132,國泰-敦南,2023-05-23,8888
2618,長榮航,2271,2146,125,國泰-敦南,2023-05-23,8888
00665L,富邦�琤肭磪囓�2,1100,975,125,國泰-敦南,2023-05-23,8888
00773B,中信優先金融債,183,60,123,國泰-敦南,2023-05-23,8888
2603,長榮,167,47,120,國泰-敦南,2023-05-23,8888
00673R,期元大S＆P原油反1,138,18,120,國泰-敦南,2023-05-23,8888
6689,伊雲谷,485,367,118,國泰-敦南,2023-05-23,8888
2352,佳世達,259,142,117,國泰-敦南,2023-05-23,8888
1101,台泥,231,120,111,國泰-敦南,2023-05-23,8888
2442,新美齊,799,693,106,國泰-敦南,2023-05-23,8888
2888,新光金,375,271,104,國泰-敦南,2023-05-23,8888
2801,彰銀,119,16,103,國泰-敦南,2023-05-23,8888
2368,金像電,346,243,103,國泰-敦南,2023-05-23,8888
3706,神達,174,73,101,國泰-敦南,2023-05-23,8888
2913,農林,161,65,96,國泰-敦南,2023-05-23,8888
5328,華容,99,11,88,國泰-敦南,2023-05-23,8888
00713,元大台灣高息低波,191,104,87,國泰-敦南,2023-05-23,8888
6535,順藥,104,21,83,國泰-敦南,2023-05-23,8888
00753L,中信中國50正2,286,204,82,國泰-敦南,2023-05-23,8888
2399,映泰,430,350,80,國泰-敦南,2023-05-23,8888
1529,樂事綠能,208,134,74,國泰-敦南,2023-05-23,8888
2201,裕隆,385,313,72,國泰-敦南,2023-05-23,8888
1514,亞力,500,428,72,國泰-敦南,2023-05-23,8888
9946,三發地產,72,0,72,國泰-敦南,2023-05-23,8888
2515,中工,139,73,66,國泰-敦南,2023-05-23,8888
5425,台半,145,81,64,國泰-敦南,2023-05-23,8888
2208,台船,145,83,62,國泰-敦南,2023-05-23,8888
1528,恩德,198,139,59,國泰-敦南,2023-05-23,8888
00720B,元大投資級公司債,266,210,56,國泰-敦南,2023-05-23,8888
00924,復華S＆P500成長,57,2,55,國泰-敦南,2023-05-23,8888
00882,中信中國高股息,2650,329,2321,國泰-敦南,2023-05-24,8888
00878,國泰永續高股息,2784,1685,1099,國泰-敦南,2023-05-24,8888
00665L,富邦�琤肭磪囓�2,2205,1154,1051,國泰-敦南,2023-05-24,8888
00687B,國泰20年美債,949,158,791,國泰-敦南,2023-05-24,8888
00712,復華富時不動產,811,354,457,國泰-敦南,2023-05-24,8888
00680L,元大美債20正2,506,106,400,國泰-敦南,2023-05-24,8888
00753L,中信中國50正2,473,81,392,國泰-敦南,2023-05-24,8888
00795B,中信美國公債20年,328,12,316,國泰-敦南,2023-05-24,8888
00637L,元大滬深300正2,648,356,292,國泰-敦南,2023-05-24,8888
5009,榮剛,582,329,253,國泰-敦南,2023-05-24,8888
00751B,元大AAA至A公司債,266,26,240,國泰-敦南,2023-05-24,8888
00673R,期元大S＆P原油反1,390,162,228,國泰-敦南,2023-05-24,8888
1101,台泥,319,97,222,國泰-敦南,2023-05-24,8888
00720B,元大投資級公司債,252,45,207,國泰-敦南,2023-05-24,8888
00772B,中信高評級公司債,254,58,196,國泰-敦南,2023-05-24,8888
8222,寶一,1008,823,185,國泰-敦南,2023-05-24,8888
2834,臺企銀,226,41,185,國泰-敦南,2023-05-24,8888
00713,元大台灣高息低波,317,140,177,國泰-敦南,2023-05-24,8888
2317,鴻海,195,26,169,國泰-敦南,2023-05-24,8888
2886,兆豐金,267,103,164,國泰-敦南,2023-05-24,8888
00881,國泰台灣5G+,343,183,160,國泰-敦南,2023-05-24,8888
2705,六福,705,548,157,國泰-敦南,2023-05-24,8888
1513,中興電,455,317,138,國泰-敦南,2023-05-24,8888
3078,僑威,540,413,127,國泰-敦南,2023-05-24,8888
2739,寒舍,195,74,121,國泰-敦南,2023-05-24,8888
00773B,中信優先金融債,137,27,110,國泰-敦南,2023-05-24,8888
2485,兆赫,114,5,109,國泰-敦南,2023-05-24,8888
2812,台中銀,144,38,106,國泰-敦南,2023-05-24,8888
00885,富邦越南,145,41,104,國泰-敦南,2023-05-24,8888
2457,飛宏,2447,2343,104,國泰-敦南,2023-05-24,8888
1504,東元,516,416,100,國泰-敦南,2023-05-24,8888
2633,台灣高鐵,117,19,98,國泰-敦南,2023-05-24,8888
00928,中信上櫃ESG30,97,0,97,國泰-敦南,2023-05-24,8888
8076,伍豐,286,193,93,國泰-敦南,2023-05-24,8888
1310,台苯,128,38,90,國泰-敦南,2023-05-24,8888
3325,旭品,351,262,89,國泰-敦南,2023-05-24,8888
2634,漢翔,1046,960,86,國泰-敦南,2023-05-24,8888
2399,映泰,952,868,84,國泰-敦南,2023-05-24,8888
3058,立德,243,160,83,國泰-敦南,2023-05-24,8888
3035,智原,137,54,83,國泰-敦南,2023-05-24,8888
3011,今皓,82,7,75,國泰-敦南,2023-05-24,8888
2606,裕民,83,11,72,國泰-敦南,2023-05-24,8888
00690,兆豐藍籌30,88,16,72,國泰-敦南,2023-05-24,8888
00924,復華S＆P500成長,75,5,70,國泰-敦南,2023-05-24,8888
9958,世紀鋼,80,12,68,國泰-敦南,2023-05-24,8888
6122,擎邦,244,177,67,國泰-敦南,2023-05-24,8888
00888,永豐台灣ESG,130,63,67,國泰-敦南,2023-05-24,8888
00916,國泰全球品牌50,91,24,67,國泰-敦南,2023-05-24,8888
1802,台玻,116,49,67,國泰-敦南,2023-05-24,8888
3419,譁裕,220,154,66,國泰-敦南,2023-05-24,8888
00882,中信中國高股息,3077,233,2844,國泰-敦南,2023-05-25,8888
00712,復華富時不動產,2690,332,2358,國泰-敦南,2023-05-25,8888
00687B,國泰20年美債,1162,66,1096,國泰-敦南,2023-05-25,8888
00632R,元大台灣50反1,1620,904,716,國泰-敦南,2023-05-25,8888
00753L,中信中國50正2,997,298,699,國泰-敦南,2023-05-25,8888
00680L,元大美債20正2,828,146,682,國泰-敦南,2023-05-25,8888
00673R,期元大S＆P原油反1,677,102,575,國泰-敦南,2023-05-25,8888
00751B,元大AAA至A公司債,601,51,550,國泰-敦南,2023-05-25,8888
00688L,國泰20年美債正2,378,9,369,國泰-敦南,2023-05-25,8888
00713,元大台灣高息低波,482,132,350,國泰-敦南,2023-05-25,8888
2303,聯電,435,91,344,國泰-敦南,2023-05-25,8888
2630,亞航,1575,1234,341,國泰-敦南,2023-05-25,8888
2883,凱基金,435,108,327,國泰-敦南,2023-05-25,8888
00919,群益台灣精選高息,381,78,303,國泰-敦南,2023-05-25,8888
00720B,元大投資級公司債,317,29,288,國泰-敦南,2023-05-25,8888
2317,鴻海,327,45,282,國泰-敦南,2023-05-25,8888
2881,富邦金,336,59,277,國泰-敦南,2023-05-25,8888
2888,新光金,321,55,266,國泰-敦南,2023-05-25,8888
00752,中信中國50,281,24,257,國泰-敦南,2023-05-25,8888
00706L,期元大S＆P日圓正2,243,7,236,國泰-敦南,2023-05-25,8888
3481,群創,477,246,231,國泰-敦南,2023-05-25,8888
00795B,中信美國公債20年,242,12,230,國泰-敦南,2023-05-25,8888
2002,中鋼,271,44,227,國泰-敦南,2023-05-25,8888
2349,錸德,307,87,220,國泰-敦南,2023-05-25,8888
00772B,中信高評級公司債,273,61,212,國泰-敦南,2023-05-25,8888
2603,長榮,273,72,201,國泰-敦南,2023-05-25,8888
2402,毅嘉,453,253,200,國泰-敦南,2023-05-25,8888
2882,國泰金,270,82,188,國泰-敦南,2023-05-25,8888
1314,中石化,239,63,176,國泰-敦南,2023-05-25,8888
1905,華紙,503,330,173,國泰-敦南,2023-05-25,8888
00725B,國泰投資級公司債,167,4,163,國泰-敦南,2023-05-25,8888
2809,京城銀,166,4,162,國泰-敦南,2023-05-25,8888
2890,永豐金,181,20,161,國泰-敦南,2023-05-25,8888
2887,台新金,322,165,157,國泰-敦南,2023-05-25,8888
2891,中信金,260,112,148,國泰-敦南,2023-05-25,8888
2201,裕隆,376,235,141,國泰-敦南,2023-05-25,8888
2609,陽明,173,42,131,國泰-敦南,2023-05-25,8888
2352,佳世達,232,104,128,國泰-敦南,2023-05-25,8888
1504,東元,606,481,125,國泰-敦南,2023-05-25,8888
6164,華興,223,103,120,國泰-敦南,2023-05-25,8888
2344,華邦電,402,287,115,國泰-敦南,2023-05-25,8888
2409,友達,181,69,112,國泰-敦南,2023-05-25,8888
2615,萬海,133,23,110,國泰-敦南,2023-05-25,8888
00773B,中信優先金融債,128,19,109,國泰-敦南,2023-05-25,8888
00928,中信上櫃ESG30,112,5,107,國泰-敦南,2023-05-25,8888
1605,華新,320,215,105,國泰-敦南,2023-05-25,8888
2739,寒舍,163,58,105,國泰-敦南,2023-05-25,8888
1101,台泥,218,116,102,國泰-敦南,2023-05-25,8888
2331,精英,285,185,100,國泰-敦南,2023-05-25,8888
3646,艾恩特,144,45,99,國泰-敦南,2023-05-25,8888
00712,復華富時不動產,4736,218,4518,國泰-敦南,2023-05-26,8888
00632R,元大台灣50反1,4422,2841,1581,國泰-敦南,2023-05-26,8888
00715L,期街口布蘭特正2,1730,699,1031,國泰-敦南,2023-05-26,8888
00882,中信中國高股息,1148,159,989,國泰-敦南,2023-05-26,8888
3231,緯創,5493,4631,862,國泰-敦南,2023-05-26,8888
00687B,國泰20年美債,756,84,672,國泰-敦南,2023-05-26,8888
2323,中環,2467,1800,667,國泰-敦南,2023-05-26,8888
2809,京城銀,494,4,490,國泰-敦南,2023-05-26,8888
00772B,中信高評級公司債,384,34,350,國泰-敦南,2023-05-26,8888
00688L,國泰20年美債正2,341,22,319,國泰-敦南,2023-05-26,8888
2883,凱基金,494,186,308,國泰-敦南,2023-05-26,8888
00680L,元大美債20正2,419,133,286,國泰-敦南,2023-05-26,8888
00795B,中信美國公債20年,323,59,264,國泰-敦南,2023-05-26,8888
4564,元翎,815,562,253,國泰-敦南,2023-05-26,8888
2332,友訊,387,143,244,國泰-敦南,2023-05-26,8888
00751B,元大AAA至A公司債,254,12,242,國泰-敦南,2023-05-26,8888
2356,英業達,1181,951,230,國泰-敦南,2023-05-26,8888
00679B,元大美債20年,457,261,196,國泰-敦南,2023-05-26,8888
2421,建準,1602,1411,191,國泰-敦南,2023-05-26,8888
00713,元大台灣高息低波,427,239,188,國泰-敦南,2023-05-26,8888
2317,鴻海,305,122,183,國泰-敦南,2023-05-26,8888
6288,聯嘉,237,65,172,國泰-敦南,2023-05-26,8888
3071,協禧,294,122,172,國泰-敦南,2023-05-26,8888
5706,鳳凰,905,739,166,國泰-敦南,2023-05-26,8888
00902,中信電池及儲能,305,151,154,國泰-敦南,2023-05-26,8888
00753L,中信中國50正2,303,149,154,國泰-敦南,2023-05-26,8888
2002,中鋼,190,37,153,國泰-敦南,2023-05-26,8888
2368,金像電,688,535,153,國泰-敦南,2023-05-26,8888
2867,三商壽,219,68,151,國泰-敦南,2023-05-26,8888
00725B,國泰投資級公司債,162,13,149,國泰-敦南,2023-05-26,8888
6282,康舒,589,452,137,國泰-敦南,2023-05-26,8888
00773B,中信優先金融債,139,11,128,國泰-敦南,2023-05-26,8888
2606,裕民,140,17,123,國泰-敦南,2023-05-26,8888
2376,技嘉,831,721,110,國泰-敦南,2023-05-26,8888
2022,聚亨,184,77,107,國泰-敦南,2023-05-26,8888
00764B,群益25年美債,104,0,104,國泰-敦南,2023-05-26,8888
00706L,期元大S＆P日圓正2,157,56,101,國泰-敦南,2023-05-26,8888
8222,寶一,300,201,99,國泰-敦南,2023-05-26,8888
9945,潤泰新,121,25,96,國泰-敦南,2023-05-26,8888
2382,廣達,542,446,96,國泰-敦南,2023-05-26,8888
00907,永豐優息存股,102,7,95,國泰-敦南,2023-05-26,8888
2812,台中銀,127,34,93,國泰-敦南,2023-05-26,8888
3325,旭品,201,113,88,國泰-敦南,2023-05-26,8888
2888,新光金,195,107,88,國泰-敦南,2023-05-26,8888
3078,僑威,246,160,86,國泰-敦南,2023-05-26,8888
00720B,元大投資級公司債,172,88,84,國泰-敦南,2023-05-26,8888
1605,華新,214,132,82,國泰-敦南,2023-05-26,8888
00752,中信中國50,94,14,80,國泰-敦南,2023-05-26,8888
4915,致伸,124,44,80,國泰-敦南,2023-05-26,8888
1314,中石化,130,51,79,國泰-敦南,2023-05-26,8888
0056,元大高股息,2369,1122,1247,國泰-敦南,2023-05-29,8888
00882,中信中國高股息,1012,151,861,國泰-敦南,2023-05-29,8888
00687B,國泰20年美債,835,80,755,國泰-敦南,2023-05-29,8888
00637L,元大滬深300正2,954,378,576,國泰-敦南,2023-05-29,8888
00632R,元大台灣50反1,1645,1100,545,國泰-敦南,2023-05-29,8888
00713,元大台灣高息低波,897,360,537,國泰-敦南,2023-05-29,8888
3231,緯創,5233,4743,490,國泰-敦南,2023-05-29,8888
00772B,中信高評級公司債,495,44,451,國泰-敦南,2023-05-29,8888
00680L,元大美債20正2,378,62,316,國泰-敦南,2023-05-29,8888
3163,波若威,503,188,315,國泰-敦南,2023-05-29,8888
3037,欣興,726,414,312,國泰-敦南,2023-05-29,8888
2883,凱基金,452,159,293,國泰-敦南,2023-05-29,8888
00706L,期元大S＆P日圓正2,287,0,287,國泰-敦南,2023-05-29,8888
1608,華榮,1016,741,275,國泰-敦南,2023-05-29,8888
00795B,中信美國公債20年,301,30,271,國泰-敦南,2023-05-29,8888
2002,中鋼,335,71,264,國泰-敦南,2023-05-29,8888
00751B,元大AAA至A公司債,225,25,200,國泰-敦南,2023-05-29,8888
8354,冠好,219,59,160,國泰-敦南,2023-05-29,8888
00773B,中信優先金融債,167,8,159,國泰-敦南,2023-05-29,8888
00753L,中信中國50正2,266,117,149,國泰-敦南,2023-05-29,8888
2324,仁寶,576,432,144,國泰-敦南,2023-05-29,8888
1314,中石化,189,49,140,國泰-敦南,2023-05-29,8888
00720B,元大投資級公司債,165,29,136,國泰-敦南,2023-05-29,8888
3265,台星科,506,374,132,國泰-敦南,2023-05-29,8888
2382,廣達,310,179,131,國泰-敦南,2023-05-29,8888
00688L,國泰20年美債正2,220,89,131,國泰-敦南,2023-05-29,8888
3711,日月光投控,178,53,125,國泰-敦南,2023-05-29,8888
1340,勝悅-KY,113,0,113,國泰-敦南,2023-05-29,8888
3325,旭品,157,46,111,國泰-敦南,2023-05-29,8888
00725B,國泰投資級公司債,136,26,110,國泰-敦南,2023-05-29,8888
00665L,富邦�琤肭磪囓�2,1259,1162,97,國泰-敦南,2023-05-29,8888
5706,鳳凰,380,286,94,國泰-敦南,2023-05-29,8888
8069,元太,231,142,89,國泰-敦南,2023-05-29,8888
3017,奇鋐,362,276,86,國泰-敦南,2023-05-29,8888
8996,高力,241,155,86,國泰-敦南,2023-05-29,8888
5439,高技,220,139,81,國泰-敦南,2023-05-29,8888
00738U,期元大道瓊白銀,79,0,79,國泰-敦南,2023-05-29,8888
2376,技嘉,557,488,69,國泰-敦南,2023-05-29,8888
00752,中信中國50,82,15,67,國泰-敦南,2023-05-29,8888
00675L,富邦臺灣加權正2,81,14,67,國泰-敦南,2023-05-29,8888
8150,南茂,107,41,66,國泰-敦南,2023-05-29,8888
4744,皇將,143,78,65,國泰-敦南,2023-05-29,8888
6550,北極星藥業-KY,128,68,60,國泰-敦南,2023-05-29,8888
9904,寶成,61,6,55,國泰-敦南,2023-05-29,8888
2412,中華電,63,9,54,國泰-敦南,2023-05-29,8888
00708L,期元大S＆P黃金正2,59,7,52,國泰-敦南,2023-05-29,8888
4102,永日,73,21,52,國泰-敦南,2023-05-29,8888
2323,中環,499,448,51,國泰-敦南,2023-05-29,8888
2405,輔信,72,22,50,國泰-敦南,2023-05-29,8888
2312,金寶,110,61,49,國泰-敦南,2023-05-29,8888
00882,中信中國高股息,1811,327,1484,國泰-敦南,2023-05-30,8888
2356,英業達,3769,2894,875,國泰-敦南,2023-05-30,8888
00715L,期街口布蘭特正2,1327,475,852,國泰-敦南,2023-05-30,8888
2002,中鋼,612,132,480,國泰-敦南,2023-05-30,8888
00687B,國泰20年美債,459,92,367,國泰-敦南,2023-05-30,8888
0056,元大高股息,1389,1064,325,國泰-敦南,2023-05-30,8888
00637L,元大滬深300正2,622,299,323,國泰-敦南,2023-05-30,8888
2634,漢翔,452,133,319,國泰-敦南,2023-05-30,8888
00712,復華富時不動產,463,175,288,國泰-敦南,2023-05-30,8888
2883,凱基金,448,163,285,國泰-敦南,2023-05-30,8888
3231,緯創,3966,3699,267,國泰-敦南,2023-05-30,8888
2329,華泰,370,107,263,國泰-敦南,2023-05-30,8888
00706L,期元大S＆P日圓正2,261,15,246,國泰-敦南,2023-05-30,8888
2834,臺企銀,284,50,234,國泰-敦南,2023-05-30,8888
00919,群益台灣精選高息,281,48,233,國泰-敦南,2023-05-30,8888
00795B,中信美國公債20年,275,69,206,國泰-敦南,2023-05-30,8888
2382,廣達,732,552,180,國泰-敦南,2023-05-30,8888
2888,新光金,241,66,175,國泰-敦南,2023-05-30,8888
00720B,元大投資級公司債,187,39,148,國泰-敦南,2023-05-30,8888
00665L,富邦�琤肭磪囓�2,1099,956,143,國泰-敦南,2023-05-30,8888
2206,三陽工業,645,503,142,國泰-敦南,2023-05-30,8888
3078,僑威,304,162,142,國泰-敦南,2023-05-30,8888
1513,中興電,282,142,140,國泰-敦南,2023-05-30,8888
00902,中信電池及儲能,260,132,128,國泰-敦南,2023-05-30,8888
911622,泰聚亨-DR,150,25,125,國泰-敦南,2023-05-30,8888
00725B,國泰投資級公司債,149,25,124,國泰-敦南,2023-05-30,8888
00772B,中信高評級公司債,144,32,112,國泰-敦南,2023-05-30,8888
2615,萬海,155,43,112,國泰-敦南,2023-05-30,8888
00676R,富邦臺灣加權反1,112,0,112,國泰-敦南,2023-05-30,8888
5498,凱崴,313,201,112,國泰-敦南,2023-05-30,8888
00752,中信中國50,121,11,110,國泰-敦南,2023-05-30,8888
00753L,中信中國50正2,218,110,108,國泰-敦南,2023-05-30,8888
1905,華紙,438,330,108,國泰-敦南,2023-05-30,8888
6125,廣運,244,138,106,國泰-敦南,2023-05-30,8888
2399,映泰,599,494,105,國泰-敦南,2023-05-30,8888
6235,華孚,817,715,102,國泰-敦南,2023-05-30,8888
00686R,群益臺灣加權反1,101,0,101,國泰-敦南,2023-05-30,8888
2603,長榮,180,80,100,國泰-敦南,2023-05-30,8888
5425,台半,223,126,97,國泰-敦南,2023-05-30,8888
2352,佳世達,223,126,97,國泰-敦南,2023-05-30,8888
3028,增你強,101,9,92,國泰-敦南,2023-05-30,8888
9907,統一實,96,5,91,國泰-敦南,2023-05-30,8888
2801,彰銀,128,37,91,國泰-敦南,2023-05-30,8888
1609,大亞,318,228,90,國泰-敦南,2023-05-30,8888
3704,合勤控,254,165,89,國泰-敦南,2023-05-30,8888
6166,凌華,237,148,89,國泰-敦南,2023-05-30,8888
8926,台汽電,116,29,87,國泰-敦南,2023-05-30,8888
3094,聯傑,243,155,88,國泰-敦南,2023-05-30,8888
3032,偉訓,376,289,87,國泰-敦南,2023-05-30,8888
2388,威盛,321,235,86,國泰-敦南,2023-05-30,8888
00715L,期街口布蘭特正2,3997,1123,2874,國泰-敦南,2023-05-31,8888
00882,中信中國高股息,1715,200,1515,國泰-敦南,2023-05-31,8888
00753L,中信中國50正2,1079,452,627,國泰-敦南,2023-05-31,8888
00642U,期元大S＆P石油,546,78,468,國泰-敦南,2023-05-31,8888
2356,英業達,1264,798,466,國泰-敦南,2023-05-31,8888
00919,群益台灣精選高息,373,17,356,國泰-敦南,2023-05-31,8888
00687B,國泰20年美債,587,236,351,國泰-敦南,2023-05-31,8888
1101,台泥,304,44,260,國泰-敦南,2023-05-31,8888
0056,元大高股息,908,656,252,國泰-敦南,2023-05-31,8888
3231,緯創,2858,2611,247,國泰-敦南,2023-05-31,8888
00720B,元大投資級公司債,318,74,244,國泰-敦南,2023-05-31,8888
2883,凱基金,381,140,241,國泰-敦南,2023-05-31,8888
2891,中信金,262,38,224,國泰-敦南,2023-05-31,8888
3025,星通,764,564,200,國泰-敦南,2023-05-31,8888
2457,飛宏,1388,1197,191,國泰-敦南,2023-05-31,8888
2609,陽明,257,82,175,國泰-敦南,2023-05-31,8888
00671R,富邦NASDAQ反1,188,20,168,國泰-敦南,2023-05-31,8888
2886,兆豐金,195,30,165,國泰-敦南,2023-05-31,8888
2352,佳世達,576,411,165,國泰-敦南,2023-05-31,8888
00637L,元大滬深300正2,391,230,161,國泰-敦南,2023-05-31,8888
5498,凱崴,277,124,153,國泰-敦南,2023-05-31,8888
2344,華邦電,400,251,149,國泰-敦南,2023-05-31,8888
2888,新光金,359,214,145,國泰-敦南,2023-05-31,8888
00795B,中信美國公債20年,176,31,145,國泰-敦南,2023-05-31,8888
3037,欣興,355,215,140,國泰-敦南,2023-05-31,8888
00713,元大台灣高息低波,399,267,132,國泰-敦南,2023-05-31,8888
3481,群創,341,210,131,國泰-敦南,2023-05-31,8888
2801,彰銀,143,18,125,國泰-敦南,2023-05-31,8888
2382,廣達,626,505,121,國泰-敦南,2023-05-31,8888
00752,中信中國50,167,49,118,國泰-敦南,2023-05-31,8888
2002,中鋼,169,58,111,國泰-敦南,2023-05-31,8888
2530,華建,144,35,109,國泰-敦南,2023-05-31,8888
2603,長榮,177,83,94,國泰-敦南,2023-05-31,8888
00706L,期元大S＆P日圓正2,137,43,94,國泰-敦南,2023-05-31,8888
00772B,中信高評級公司債,270,176,94,國泰-敦南,2023-05-31,8888
2882,國泰金,196,106,90,國泰-敦南,2023-05-31,8888
2330,台積電,276,189,87,國泰-敦南,2023-05-31,8888
2889,國票金,95,10,85,國泰-敦南,2023-05-31,8888
2615,萬海,116,37,79,國泰-敦南,2023-05-31,8888
2312,金寶,155,76,79,國泰-敦南,2023-05-31,8888
3624,光頡,100,23,77,國泰-敦南,2023-05-31,8888
5871,中租-KY,107,32,75,國泰-敦南,2023-05-31,8888
2887,台新金,155,80,75,國泰-敦南,2023-05-31,8888
3031,佰鴻,217,144,73,國泰-敦南,2023-05-31,8888
00725B,國泰投資級公司債,94,23,71,國泰-敦南,2023-05-31,8888
6191,精成科,105,34,71,國泰-敦南,2023-05-31,8888
6274,台燿,127,57,70,國泰-敦南,2023-05-31,8888
3363,上詮,223,154,69,國泰-敦南,2023-05-31,8888
3710,連展投控,74,7,67,國泰-敦南,2023-05-31,8888
2368,金像電,263,197,66,國泰-敦南,2023-05-31,8888
00715L,期街口布蘭特正2,2459,605,1854,國泰-敦南,2023-06-01,8888
00919,群益台灣精選高息,1318,172,1146,國泰-敦南,2023-06-01,8888
2323,中環,2054,1367,687,國泰-敦南,2023-06-01,8888
00882,中信中國高股息,779,280,499,國泰-敦南,2023-06-01,8888
2303,聯電,680,212,468,國泰-敦南,2023-06-01,8888
2888,新光金,432,21,411,國泰-敦南,2023-06-01,8888
00795B,中信美國公債20年,398,45,353,國泰-敦南,2023-06-01,8888
00642U,期元大S＆P石油,339,36,303,國泰-敦南,2023-06-01,8888
2489,瑞軒,801,502,299,國泰-敦南,2023-06-01,8888
2356,英業達,757,470,287,國泰-敦南,2023-06-01,8888
1605,華新,494,215,279,國泰-敦南,2023-06-01,8888
00720B,元大投資級公司債,283,38,245,國泰-敦南,2023-06-01,8888
00687B,國泰20年美債,479,247,232,國泰-敦南,2023-06-01,8888
3013,晟銘電,1452,1228,224,國泰-敦南,2023-06-01,8888
2609,陽明,357,142,215,國泰-敦南,2023-06-01,8888
2881,富邦金,306,94,212,國泰-敦南,2023-06-01,8888
2630,亞航,1374,1172,202,國泰-敦南,2023-06-01,8888
4564,元翎,847,653,194,國泰-敦南,2023-06-01,8888
00753L,中信中國50正2,386,196,190,國泰-敦南,2023-06-01,8888
2882,國泰金,359,169,190,國泰-敦南,2023-06-01,8888
00679B,元大美債20年,424,240,184,國泰-敦南,2023-06-01,8888
00712,復華富時不動產,366,185,181,國泰-敦南,2023-06-01,8888
1101,台泥,232,51,181,國泰-敦南,2023-06-01,8888
2892,第一金,189,20,169,國泰-敦南,2023-06-01,8888
5706,鳳凰,1131,965,166,國泰-敦南,2023-06-01,8888
00688L,國泰20年美債正2,233,69,164,國泰-敦南,2023-06-01,8888
2371,大同,527,370,157,國泰-敦南,2023-06-01,8888
6188,廣明,803,648,155,國泰-敦南,2023-06-01,8888
6282,康舒,1280,1132,148,國泰-敦南,2023-06-01,8888
2206,三陽工業,502,357,145,國泰-敦南,2023-06-01,8888
00706L,期元大S＆P日圓正2,142,3,139,國泰-敦南,2023-06-01,8888
9949,琉園,172,37,135,國泰-敦南,2023-06-01,8888
2515,中工,1395,1272,123,國泰-敦南,2023-06-01,8888
00751B,元大AAA至A公司債,179,58,121,國泰-敦南,2023-06-01,8888
3290,東浦,157,44,113,國泰-敦南,2023-06-01,8888
3260,威剛,340,229,111,國泰-敦南,2023-06-01,8888
00725B,國泰投資級公司債,126,16,110,國泰-敦南,2023-06-01,8888
00650L,復華香港正2,148,39,109,國泰-敦南,2023-06-01,8888
4552,力達-KY,114,7,107,國泰-敦南,2023-06-01,8888
3481,群創,223,125,98,國泰-敦南,2023-06-01,8888
00764B,群益25年美債,103,6,97,國泰-敦南,2023-06-01,8888
2913,農林,342,246,96,國泰-敦南,2023-06-01,8888
2615,萬海,200,107,93,國泰-敦南,2023-06-01,8888
6235,華孚,686,598,88,國泰-敦南,2023-06-01,8888
1513,中興電,226,138,88,國泰-敦南,2023-06-01,8888
2201,裕隆,838,750,88,國泰-敦南,2023-06-01,8888
2603,長榮,215,128,87,國泰-敦南,2023-06-01,8888
3706,神達,1392,1308,84,國泰-敦南,2023-06-01,8888
8234,新漢,86,2,84,國泰-敦南,2023-06-01,8888
8930,青鋼,108,27,81,國泰-敦南,2023-06-01,8888
00882,中信中國高股息,1916,451,1465,國泰-敦南,2023-06-02,8888
2610,華航,4467,3223,1244,國泰-敦南,2023-06-02,8888
00632R,元大台灣50反1,2491,1406,1085,國泰-敦南,2023-06-02,8888
00919,群益台灣精選高息,1487,543,944,國泰-敦南,2023-06-02,8888
1905,華紙,3255,2343,912,國泰-敦南,2023-06-02,8888
00679B,元大美債20年,702,158,544,國泰-敦南,2023-06-02,8888
00712,復華富時不動產,1335,808,527,國泰-敦南,2023-06-02,8888
3231,緯創,5185,4696,489,國泰-敦南,2023-06-02,8888
2371,大同,699,321,378,國泰-敦南,2023-06-02,8888
3591,艾笛森,373,81,292,國泰-敦南,2023-06-02,8888
8215,明基材,254,32,222,國泰-敦南,2023-06-02,8888
2913,農林,420,206,214,國泰-敦南,2023-06-02,8888
2337,旺宏,296,90,206,國泰-敦南,2023-06-02,8888
2603,長榮,290,93,197,國泰-敦南,2023-06-02,8888
00751B,元大AAA至A公司債,296,115,181,國泰-敦南,2023-06-02,8888
2618,長榮航,3524,3354,170,國泰-敦南,2023-06-02,8888
2489,瑞軒,955,785,170,國泰-敦南,2023-06-02,8888
00687B,國泰20年美債,295,127,168,國泰-敦南,2023-06-02,8888
00926,凱基全球菁英55,144,2,142,國泰-敦南,2023-06-02,8888
00720B,元大投資級公司債,236,118,118,國泰-敦南,2023-06-02,8888
5258,虹堡,243,128,115,國泰-敦南,2023-06-02,8888
6235,華孚,484,369,115,國泰-敦南,2023-06-02,8888
3306,鼎天,328,219,109,國泰-敦南,2023-06-02,8888
2892,第一金,134,27,107,國泰-敦南,2023-06-02,8888
00676R,富邦臺灣加權反1,117,12,105,國泰-敦南,2023-06-02,8888
2891,中信金,203,99,104,國泰-敦南,2023-06-02,8888
3305,昇貿,210,110,100,國泰-敦南,2023-06-02,8888
4979,華星光,1310,1214,96,國泰-敦南,2023-06-02,8888
6215,和椿,174,81,93,國泰-敦南,2023-06-02,8888
1904,正隆,222,132,90,國泰-敦南,2023-06-02,8888
3038,全台,199,110,89,國泰-敦南,2023-06-02,8888
2317,鴻海,325,237,88,國泰-敦南,2023-06-02,8888
1727,中華化,291,205,86,國泰-敦南,2023-06-02,8888
00673R,期元大S＆P原油反1,97,16,81,國泰-敦南,2023-06-02,8888
6185,幃翔,227,151,76,國泰-敦南,2023-06-02,8888
00921,兆豐龍頭等權重,79,4,75,國泰-敦南,2023-06-02,8888
00725B,國泰投資級公司債,93,21,72,國泰-敦南,2023-06-02,8888
3017,奇鋐,220,149,71,國泰-敦南,2023-06-02,8888
00706L,期元大S＆P日圓正2,129,59,70,國泰-敦南,2023-06-02,8888
3363,上詮,376,308,68,國泰-敦南,2023-06-02,8888
2427,三商電,130,65,65,國泰-敦南,2023-06-02,8888
3056,富華新,70,5,65,國泰-敦南,2023-06-02,8888
3013,晟銘電,733,669,64,國泰-敦南,2023-06-02,8888
2734,易飛網,156,94,62,國泰-敦南,2023-06-02,8888
00666R,富邦�琤肭磪齯�1,69,7,62,國泰-敦南,2023-06-02,8888
8038,長園科,103,41,62,國泰-敦南,2023-06-02,8888
6531,愛普*,231,169,62,國泰-敦南,2023-06-02,8888
00915,凱基優選高股息30,64,4,60,國泰-敦南,2023-06-02,8888
8277,商丞,87,28,59,國泰-敦南,2023-06-02,8888
5328,華容,76,18,58,國泰-敦南,2023-06-02,8888
00882,中信中國高股息,1511,239,1272,國泰-敦南,2023-06-05,8888
00679B,元大美債20年,1190,105,1085,國泰-敦南,2023-06-05,8888
00919,群益台灣精選高息,1159,93,1066,國泰-敦南,2023-06-05,8888
00673R,期元大S＆P原油反1,1081,18,1063,國泰-敦南,2023-06-05,8888
00632R,元大台灣50反1,1499,824,675,國泰-敦南,2023-06-05,8888
2353,宏��,1206,605,601,國泰-敦南,2023-06-05,8888
00720B,元大投資級公司債,514,46,468,國泰-敦南,2023-06-05,8888
00688L,國泰20年美債正2,517,85,432,國泰-敦南,2023-06-05,8888
00713,元大台灣高息低波,622,241,381,國泰-敦南,2023-06-05,8888
00665L,富邦�琤肭磪囓�2,1176,819,357,國泰-敦南,2023-06-05,8888
2323,中環,1442,1087,355,國泰-敦南,2023-06-05,8888
1529,樂事綠能,835,513,322,國泰-敦南,2023-06-05,8888
1514,亞力,1368,1056,312,國泰-敦南,2023-06-05,8888
2206,三陽工業,833,522,311,國泰-敦南,2023-06-05,8888
2344,華邦電,709,403,306,國泰-敦南,2023-06-05,8888
00712,復華富時不動產,1738,1442,296,國泰-敦南,2023-06-05,8888
00751B,元大AAA至A公司債,269,26,243,國泰-敦南,2023-06-05,8888
00706L,期元大S＆P日圓正2,241,1,240,國泰-敦南,2023-06-05,8888
6282,康舒,1984,1758,226,國泰-敦南,2023-06-05,8888
00795B,中信美國公債20年,276,72,204,國泰-敦南,2023-06-05,8888
1519,華城,904,708,196,國泰-敦南,2023-06-05,8888
1608,華榮,437,242,195,國泰-敦南,2023-06-05,8888
00687B,國泰20年美債,558,366,192,國泰-敦南,2023-06-05,8888
00772B,中信高評級公司債,373,182,191,國泰-敦南,2023-06-05,8888
1513,中興電,576,398,178,國泰-敦南,2023-06-05,8888
3231,緯創,3103,2928,175,國泰-敦南,2023-06-05,8888
2352,佳世達,294,134,160,國泰-敦南,2023-06-05,8888
2425,承啟,457,299,158,國泰-敦南,2023-06-05,8888
6160,欣技,396,239,157,國泰-敦南,2023-06-05,8888
6214,精誠,238,88,150,國泰-敦南,2023-06-05,8888
2201,裕隆,387,241,146,國泰-敦南,2023-06-05,8888
6185,幃翔,410,268,142,國泰-敦南,2023-06-05,8888
00648R,元大S＆P500反1,138,0,138,國泰-敦南,2023-06-05,8888
2609,陽明,210,72,138,國泰-敦南,2023-06-05,8888
5498,凱崴,160,24,136,國泰-敦南,2023-06-05,8888
2845,遠東銀,143,8,135,國泰-敦南,2023-06-05,8888
5706,鳳凰,406,281,125,國泰-敦南,2023-06-05,8888
2331,精英,348,227,121,國泰-敦南,2023-06-05,8888
4440,宜新實業,119,2,117,國泰-敦南,2023-06-05,8888
0056,元大高股息,917,800,117,國泰-敦南,2023-06-05,8888
2332,友訊,267,160,107,國泰-敦南,2023-06-05,8888
6168,宏齊,138,31,107,國泰-敦南,2023-06-05,8888
1727,中華化,352,253,99,國泰-敦南,2023-06-05,8888
00637L,元大滬深300正2,300,203,97,國泰-敦南,2023-06-05,8888
1310,台苯,128,31,97,國泰-敦南,2023-06-05,8888
00857B,永豐20年美公債,106,9,97,國泰-敦南,2023-06-05,8888
2603,長榮,241,148,93,國泰-敦南,2023-06-05,8888
1503,士電,412,321,91,國泰-敦南,2023-06-05,8888
1795,美時,283,196,87,國泰-敦南,2023-06-05,8888
3058,立德,228,142,86,國泰-敦南,2023-06-05,8888
00878,國泰永續高股息,5973,2426,3547,國泰-敦南,2023-06-06,8888
00712,復華富時不動產,1958,539,1419,國泰-敦南,2023-06-06,8888
00679B,元大美債20年,1365,62,1303,國泰-敦南,2023-06-06,8888
2888,新光金,1891,768,1123,國泰-敦南,2023-06-06,8888
1609,大亞,4915,4022,893,國泰-敦南,2023-06-06,8888
00919,群益台灣精選高息,891,96,795,國泰-敦南,2023-06-06,8888
2402,毅嘉,1593,918,675,國泰-敦南,2023-06-06,8888
2889,國票金,579,30,549,國泰-敦南,2023-06-06,8888
00713,元大台灣高息低波,691,150,541,國泰-敦南,2023-06-06,8888
1905,華紙,2091,1584,507,國泰-敦南,2023-06-06,8888
00927,群益半導體收益,571,99,472,國泰-敦南,2023-06-06,8888
2427,三商電,724,329,395,國泰-敦南,2023-06-06,8888
1815,富喬,453,91,362,國泰-敦南,2023-06-06,8888
4533,協易機,615,304,311,國泰-敦南,2023-06-06,8888
1907,永豐餘,932,636,296,國泰-敦南,2023-06-06,8888
3231,緯創,2063,1778,285,國泰-敦南,2023-06-06,8888
00720B,元大投資級公司債,341,67,274,國泰-敦南,2023-06-06,8888
6125,廣運,945,677,268,國泰-敦南,2023-06-06,8888
00687B,國泰20年美債,295,61,234,國泰-敦南,2023-06-06,8888
2399,映泰,692,460,232,國泰-敦南,2023-06-06,8888
2206,三陽工業,1393,1190,203,國泰-敦南,2023-06-06,8888
00751B,元大AAA至A公司債,240,38,202,國泰-敦南,2023-06-06,8888
00715L,期街口布蘭特正2,839,638,201,國泰-敦南,2023-06-06,8888
2457,飛宏,646,467,179,國泰-敦南,2023-06-06,8888
2867,三商壽,179,10,169,國泰-敦南,2023-06-06,8888
00632R,元大台灣50反1,597,433,164,國泰-敦南,2023-06-06,8888
2303,聯電,268,107,161,國泰-敦南,2023-06-06,8888
1514,亞力,590,429,161,國泰-敦南,2023-06-06,8888
00795B,中信美國公債20年,200,44,156,國泰-敦南,2023-06-06,8888
1605,華新,483,337,146,國泰-敦南,2023-06-06,8888
00857B,永豐20年美公債,154,7,147,國泰-敦南,2023-06-06,8888
2634,漢翔,444,298,146,國泰-敦南,2023-06-06,8888
6235,華孚,603,460,143,國泰-敦南,2023-06-06,8888
2332,友訊,215,79,136,國泰-敦南,2023-06-06,8888
2603,長榮,205,75,130,國泰-敦南,2023-06-06,8888
6290,良維,190,61,129,國泰-敦南,2023-06-06,8888
6282,康舒,1897,1769,128,國泰-敦南,2023-06-06,8888
1528,恩德,533,406,127,國泰-敦南,2023-06-06,8888
2371,大同,336,214,122,國泰-敦南,2023-06-06,8888
2353,宏��,268,147,121,國泰-敦南,2023-06-06,8888
2461,光群雷,264,145,119,國泰-敦南,2023-06-06,8888
2014,中鴻,169,51,118,國泰-敦南,2023-06-06,8888
1218,泰山,140,23,117,國泰-敦南,2023-06-06,8888
4931,新盛力,291,180,111,國泰-敦南,2023-06-06,8888
4128,中天,112,8,104,國泰-敦南,2023-06-06,8888
3363,上詮,295,193,102,國泰-敦南,2023-06-06,8888
6185,幃翔,200,98,102,國泰-敦南,2023-06-06,8888
3025,星通,395,303,92,國泰-敦南,2023-06-06,8888
2886,兆豐金,168,78,90,國泰-敦南,2023-06-06,8888
9945,潤泰新,231,143,88,國泰-敦南,2023-06-06,8888
00632R,元大台灣50反1,2552,958,1594,國泰-敦南,2023-06-07,8888
00882,中信中國高股息,1513,107,1406,國泰-敦南,2023-06-07,8888
00927,群益半導體收益,940,58,882,國泰-敦南,2023-06-07,8888
00919,群益台灣精選高息,839,150,689,國泰-敦南,2023-06-07,8888
2618,長榮航,1992,1308,684,國泰-敦南,2023-06-07,8888
00637L,元大滬深300正2,677,159,518,國泰-敦南,2023-06-07,8888
3231,緯創,2695,2275,420,國泰-敦南,2023-06-07,8888
00679B,元大美債20年,600,184,416,國泰-敦南,2023-06-07,8888
6125,廣運,1147,782,365,國泰-敦南,2023-06-07,8888
2610,華航,902,556,346,國泰-敦南,2023-06-07,8888
5706,鳳凰,1436,1107,329,國泰-敦南,2023-06-07,8888
1605,華新,469,159,310,國泰-敦南,2023-06-07,8888
2515,中工,932,662,270,國泰-敦南,2023-06-07,8888
6282,康舒,930,693,237,國泰-敦南,2023-06-07,8888
2323,中環,1499,1316,183,國泰-敦南,2023-06-07,8888
2457,飛宏,908,725,183,國泰-敦南,2023-06-07,8888
2889,國票金,208,28,180,國泰-敦南,2023-06-07,8888
2883B,凱基金乙特,169,11,158,國泰-敦南,2023-06-07,8888
2347,聯強,190,33,157,國泰-敦南,2023-06-07,8888
00751B,元大AAA至A公司債,203,64,139,國泰-敦南,2023-06-07,8888
5426,振發,160,24,136,國泰-敦南,2023-06-07,8888
3266,昇陽,160,26,134,國泰-敦南,2023-06-07,8888
3037,欣興,320,193,127,國泰-敦南,2023-06-07,8888
2706,第一店,369,242,127,國泰-敦南,2023-06-07,8888
3703,欣陸,161,42,119,國泰-敦南,2023-06-07,8888
3711,日月光投控,351,234,117,國泰-敦南,2023-06-07,8888
2881,富邦金,157,41,116,國泰-敦南,2023-06-07,8888
2014,中鴻,132,18,114,國泰-敦南,2023-06-07,8888
2399,映泰,275,167,108,國泰-敦南,2023-06-07,8888
00633L,富邦上証正2,117,10,107,國泰-敦南,2023-06-07,8888
00665L,富邦�琤肭磪囓�2,1052,947,105,國泰-敦南,2023-06-07,8888
00885,富邦越南,229,125,104,國泰-敦南,2023-06-07,8888
6244,茂迪,263,164,99,國泰-敦南,2023-06-07,8888
2443,昶虹,103,5,98,國泰-敦南,2023-06-07,8888
00720B,元大投資級公司債,163,68,95,國泰-敦南,2023-06-07,8888
00713,元大台灣高息低波,363,268,95,國泰-敦南,2023-06-07,8888
2409,友達,276,188,88,國泰-敦南,2023-06-07,8888
3028,增你強,111,24,87,國泰-敦南,2023-06-07,8888
1815,富喬,134,48,86,國泰-敦南,2023-06-07,8888
5284,jpp-KY,170,84,86,國泰-敦南,2023-06-07,8888
4121,優盛,112,28,84,國泰-敦南,2023-06-07,8888
1514,亞力,273,189,84,國泰-敦南,2023-06-07,8888
2371,大同,179,97,82,國泰-敦南,2023-06-07,8888
4931,新盛力,109,26,83,國泰-敦南,2023-06-07,8888
3058,立德,281,199,82,國泰-敦南,2023-06-07,8888
8046,南電,181,98,83,國泰-敦南,2023-06-07,8888
1460,宏遠,108,28,80,國泰-敦南,2023-06-07,8888
1905,華紙,517,438,79,國泰-敦南,2023-06-07,8888
00670L,富邦NASDAQ正2,82,11,71,國泰-敦南,2023-06-07,8888
2352,佳世達,217,148,69,國泰-敦南,2023-06-07,8888
00919,群益台灣精選高息,2333,185,2148,國泰-敦南,2023-06-08,8888
00679B,元大美債20年,1812,305,1507,國泰-敦南,2023-06-08,8888
00687B,國泰20年美債,1113,26,1087,國泰-敦南,2023-06-08,8888
1609,大亞,4851,3959,892,國泰-敦南,2023-06-08,8888
00680L,元大美債20正2,936,83,853,國泰-敦南,2023-06-08,8888
00720B,元大投資級公司債,905,61,844,國泰-敦南,2023-06-08,8888
0056,元大高股息,1484,669,815,國泰-敦南,2023-06-08,8888
00751B,元大AAA至A公司債,754,26,728,國泰-敦南,2023-06-08,8888
2888,新光金,1305,610,695,國泰-敦南,2023-06-08,8888
2882,國泰金,794,101,693,國泰-敦南,2023-06-08,8888
00673R,期元大S＆P原油反1,699,11,688,國泰-敦南,2023-06-08,8888
00713,元大台灣高息低波,852,167,685,國泰-敦南,2023-06-08,8888
00772B,中信高評級公司債,790,125,665,國泰-敦南,2023-06-08,8888
00688L,國泰20年美債正2,614,15,599,國泰-敦南,2023-06-08,8888
00927,群益半導體收益,614,36,578,國泰-敦南,2023-06-08,8888
00795B,中信美國公債20年,553,17,536,國泰-敦南,2023-06-08,8888
00712,復華富時不動產,1313,849,464,國泰-敦南,2023-06-08,8888
00878,國泰永續高股息,2818,2427,391,國泰-敦南,2023-06-08,8888
2881,富邦金,346,25,321,國泰-敦南,2023-06-08,8888
1605,華新,590,297,293,國泰-敦南,2023-06-08,8888
2344,華邦電,612,321,291,國泰-敦南,2023-06-08,8888
2457,飛宏,842,551,291,國泰-敦南,2023-06-08,8888
2734,易飛網,332,52,280,國泰-敦南,2023-06-08,8888
3037,欣興,649,376,273,國泰-敦南,2023-06-08,8888
1504,東元,551,298,253,國泰-敦南,2023-06-08,8888
00773B,中信優先金融債,256,4,252,國泰-敦南,2023-06-08,8888
1612,宏泰,833,604,229,國泰-敦南,2023-06-08,8888
1618,合機,248,66,182,國泰-敦南,2023-06-08,8888
6282,康舒,708,534,174,國泰-敦南,2023-06-08,8888
6125,廣運,638,466,172,國泰-敦南,2023-06-08,8888
2323,中環,864,701,163,國泰-敦南,2023-06-08,8888
00921,兆豐龍頭等權重,163,7,156,國泰-敦南,2023-06-08,8888
00725B,國泰投資級公司債,179,34,145,國泰-敦南,2023-06-08,8888
6187,萬潤,434,305,129,國泰-敦南,2023-06-08,8888
2712,遠雄來,141,27,114,國泰-敦南,2023-06-08,8888
6274,台燿,236,129,107,國泰-敦南,2023-06-08,8888
4123,晟德,193,87,106,國泰-敦南,2023-06-08,8888
6116,彩晶,216,113,103,國泰-敦南,2023-06-08,8888
2317,鴻海,164,61,103,國泰-敦南,2023-06-08,8888
9904,寶成,111,9,102,國泰-敦南,2023-06-08,8888
1234,黑松,105,4,101,國泰-敦南,2023-06-08,8888
1614,三洋電,102,1,101,國泰-敦南,2023-06-08,8888
2332,友訊,126,27,99,國泰-敦南,2023-06-08,8888
1539,巨庭,103,5,98,國泰-敦南,2023-06-08,8888
6285,啟��,298,203,95,國泰-敦南,2023-06-08,8888
3346,麗清,172,77,95,國泰-敦南,2023-06-08,8888
2337,旺宏,229,134,95,國泰-敦南,2023-06-08,8888
00857B,永豐20年美公債,101,8,93,國泰-敦南,2023-06-08,8888
6109,亞元,95,2,93,國泰-敦南,2023-06-08,8888
2382,廣達,306,216,90,國泰-敦南,2023-06-08,8888
00929,復華台灣科技優息,4156,449,3707,國泰-敦南,2023-06-09,8888
00715L,期街口布蘭特正2,2658,424,2234,國泰-敦南,2023-06-09,8888
2888,新光金,1825,548,1277,國泰-敦南,2023-06-09,8888
00712,復華富時不動產,1905,746,1159,國泰-敦南,2023-06-09,8888
00919,群益台灣精選高息,1157,215,942,國泰-敦南,2023-06-09,8888
2882,國泰金,606,168,438,國泰-敦南,2023-06-09,8888
1504,東元,721,314,407,國泰-敦南,2023-06-09,8888
2482,連宇,1159,907,252,國泰-敦南,2023-06-09,8888
00632R,元大台灣50反1,933,715,218,國泰-敦南,2023-06-09,8888
00664R,國泰臺灣加權反1,251,36,215,國泰-敦南,2023-06-09,8888
00642U,期元大S＆P石油,239,38,201,國泰-敦南,2023-06-09,8888
00751B,元大AAA至A公司債,233,45,188,國泰-敦南,2023-06-09,8888
00679B,元大美債20年,318,149,169,國泰-敦南,2023-06-09,8888
2331,精英,248,80,168,國泰-敦南,2023-06-09,8888
2630,亞航,1292,1125,167,國泰-敦南,2023-06-09,8888
1217,愛之味,197,32,165,國泰-敦南,2023-06-09,8888
1802,台玻,201,38,163,國泰-敦南,2023-06-09,8888
2731,雄獅,583,424,159,國泰-敦南,2023-06-09,8888
3252,海灣,430,272,158,國泰-敦南,2023-06-09,8888
2743,山富,440,286,154,國泰-敦南,2023-06-09,8888
1444,力麗,156,6,150,國泰-敦南,2023-06-09,8888
00720B,元大投資級公司債,226,76,150,國泰-敦南,2023-06-09,8888
2337,旺宏,251,115,136,國泰-敦南,2023-06-09,8888
00671R,富邦NASDAQ反1,135,0,135,國泰-敦南,2023-06-09,8888
3046,建��,864,743,121,國泰-敦南,2023-06-09,8888
2421,建準,463,347,116,國泰-敦南,2023-06-09,8888
2352,佳世達,395,284,111,國泰-敦南,2023-06-09,8888
1533,車王電,386,277,109,國泰-敦南,2023-06-09,8888
00772B,中信高評級公司債,167,59,108,國泰-敦南,2023-06-09,8888
1513,中興電,242,135,107,國泰-敦南,2023-06-09,8888
2443,昶虹,100,2,98,國泰-敦南,2023-06-09,8888
1432,大魯閣,179,81,98,國泰-敦南,2023-06-09,8888
2705,六福,384,287,97,國泰-敦南,2023-06-09,8888
1584,精剛,174,77,97,國泰-敦南,2023-06-09,8888
6188,廣明,182,95,87,國泰-敦南,2023-06-09,8888
6026,福邦證,134,49,85,國泰-敦南,2023-06-09,8888
6288,聯嘉,221,138,83,國泰-敦南,2023-06-09,8888
2611,志信,123,41,82,國泰-敦南,2023-06-09,8888
5009,榮剛,196,117,79,國泰-敦南,2023-06-09,8888
5512,力麒,148,70,78,國泰-敦南,2023-06-09,8888
00922,國泰台灣領袖50,139,62,77,國泰-敦南,2023-06-09,8888
1605,華新,220,145,75,國泰-敦南,2023-06-09,8888
3290,東浦,97,29,68,國泰-敦南,2023-06-09,8888
2427,三商電,179,111,68,國泰-敦南,2023-06-09,8888
6625,必應,563,496,67,國泰-敦南,2023-06-09,8888
1608,華榮,187,121,66,國泰-敦南,2023-06-09,8888
6517,保勝光學,110,44,66,國泰-敦南,2023-06-09,8888
1337,再生-KY,85,20,65,國泰-敦南,2023-06-09,8888
2701,萬企,113,49,64,國泰-敦南,2023-06-09,8888
2515,中工,257,194,63,國泰-敦南,2023-06-09,8888
00715L,期街口布蘭特正2,3220,487,2733,國泰-敦南,2023-06-12,8888
00929,復華台灣科技優息,3407,818,2589,國泰-敦南,2023-06-12,8888
00919,群益台灣精選高息,2741,515,2226,國泰-敦南,2023-06-12,8888
2888,新光金,4799,2854,1945,國泰-敦南,2023-06-12,8888
00712,復華富時不動產,2744,858,1886,國泰-敦南,2023-06-12,8888
3231,緯創,2829,2030,799,國泰-敦南,2023-06-12,8888
00882,中信中國高股息,1005,272,733,國泰-敦南,2023-06-12,8888
2882,國泰金,791,216,575,國泰-敦南,2023-06-12,8888
2312,金寶,905,360,545,國泰-敦南,2023-06-12,8888
00632R,元大台灣50反1,1530,1079,451,國泰-敦南,2023-06-12,8888
2883,凱基金,643,211,432,國泰-敦南,2023-06-12,8888
00713,元大台灣高息低波,730,316,414,國泰-敦南,2023-06-12,8888
2618,長榮航,2362,1950,412,國泰-敦南,2023-06-12,8888
2356,英業達,877,508,369,國泰-敦南,2023-06-12,8888
2884,玉山金,618,264,354,國泰-敦南,2023-06-12,8888
2206,三陽工業,834,492,342,國泰-敦南,2023-06-12,8888
3576,聯合再生,463,182,281,國泰-敦南,2023-06-12,8888
6125,廣運,527,254,273,國泰-敦南,2023-06-12,8888
2891,中信金,394,123,271,國泰-敦南,2023-06-12,8888
3481,群創,686,430,256,國泰-敦南,2023-06-12,8888
00642U,期元大S＆P石油,317,64,253,國泰-敦南,2023-06-12,8888
2382,廣達,996,750,246,國泰-敦南,2023-06-12,8888
00679B,元大美債20年,413,177,236,國泰-敦南,2023-06-12,8888
2352,佳世達,424,191,233,國泰-敦南,2023-06-12,8888
2705,六福,599,383,216,國泰-敦南,2023-06-12,8888
1605,華新,330,117,213,國泰-敦南,2023-06-12,8888
6122,擎邦,477,275,202,國泰-敦南,2023-06-12,8888
2376,技嘉,1088,890,198,國泰-敦南,2023-06-12,8888
2388,威盛,492,301,191,國泰-敦南,2023-06-12,8888
1609,大亞,1040,855,185,國泰-敦南,2023-06-12,8888
2421,建準,487,320,167,國泰-敦南,2023-06-12,8888
00878,國泰永續高股息,3624,3470,154,國泰-敦南,2023-06-12,8888
2402,毅嘉,277,124,153,國泰-敦南,2023-06-12,8888
00720B,元大投資級公司債,244,100,144,國泰-敦南,2023-06-12,8888
2002,中鋼,195,56,139,國泰-敦南,2023-06-12,8888
2610,華航,720,585,135,國泰-敦南,2023-06-12,8888
1101,台泥,249,120,129,國泰-敦南,2023-06-12,8888
0056,元大高股息,1034,906,128,國泰-敦南,2023-06-12,8888
5439,高技,288,161,127,國泰-敦南,2023-06-12,8888
1504,東元,339,215,124,國泰-敦南,2023-06-12,8888
5009,榮剛,261,140,121,國泰-敦南,2023-06-12,8888
2482,連宇,366,248,118,國泰-敦南,2023-06-12,8888
3374,精材,543,425,118,國泰-敦南,2023-06-12,8888
6443,元晶,268,151,117,國泰-敦南,2023-06-12,8888
9941A,裕融甲特,115,0,115,國泰-敦南,2023-06-12,8888
6245,立端,171,59,112,國泰-敦南,2023-06-12,8888
2014,中鴻,140,28,112,國泰-敦南,2023-06-12,8888
1802,台玻,157,46,111,國泰-敦南,2023-06-12,8888
5465,富驊,511,401,110,國泰-敦南,2023-06-12,8888
00751B,元大AAA至A公司債,202,97,105,國泰-敦南,2023-06-12,8888
00715L,期街口布蘭特正2,4794,1330,3464,國泰-敦南,2023-06-13,8888
00712,復華富時不動產,2891,1098,1793,國泰-敦南,2023-06-13,8888
2888,新光金,2459,1060,1399,國泰-敦南,2023-06-13,8888
00919,群益台灣精選高息,1863,494,1369,國泰-敦南,2023-06-13,8888
00632R,元大台灣50反1,3058,2291,767,國泰-敦南,2023-06-13,8888
00642U,期元大S＆P石油,701,27,674,國泰-敦南,2023-06-13,8888
00882,中信中國高股息,761,244,517,國泰-敦南,2023-06-13,8888
00929,復華台灣科技優息,783,497,286,國泰-敦南,2023-06-13,8888
00751B,元大AAA至A公司債,252,14,238,國泰-敦南,2023-06-13,8888
2882,國泰金,449,228,221,國泰-敦南,2023-06-13,8888
00687B,國泰20年美債,263,69,194,國泰-敦南,2023-06-13,8888
00679B,元大美債20年,385,207,178,國泰-敦南,2023-06-13,8888
3576,聯合再生,370,208,162,國泰-敦南,2023-06-13,8888
3024,憶聲,171,17,154,國泰-敦南,2023-06-13,8888
5871,中租-KY,160,12,148,國泰-敦南,2023-06-13,8888
2323,中環,615,470,145,國泰-敦南,2023-06-13,8888
2885,元大金,209,68,141,國泰-敦南,2023-06-13,8888
00680L,元大美債20正2,254,117,137,國泰-敦南,2023-06-13,8888
00720B,元大投資級公司債,180,49,131,國泰-敦南,2023-06-13,8888
2731,雄獅,316,194,122,國泰-敦南,2023-06-13,8888
2352,佳世達,429,307,122,國泰-敦南,2023-06-13,8888
2867,三商壽,169,54,115,國泰-敦南,2023-06-13,8888
3703,欣陸,132,20,112,國泰-敦南,2023-06-13,8888
00725B,國泰投資級公司債,119,12,107,國泰-敦南,2023-06-13,8888
2705,六福,292,188,104,國泰-敦南,2023-06-13,8888
4979,華星光,585,482,103,國泰-敦南,2023-06-13,8888
3013,晟銘電,182,79,103,國泰-敦南,2023-06-13,8888
2515,中工,267,171,96,國泰-敦南,2023-06-13,8888
2301,光寶科,212,117,95,國泰-敦南,2023-06-13,8888
00857B,永豐20年美公債,105,11,94,國泰-敦南,2023-06-13,8888
6245,立端,185,98,87,國泰-敦南,2023-06-13,8888
2605,新興,95,14,81,國泰-敦南,2023-06-13,8888
2208,台船,100,20,80,國泰-敦南,2023-06-13,8888
8358,金居,144,66,78,國泰-敦南,2023-06-13,8888
1905,華紙,325,249,76,國泰-敦南,2023-06-13,8888
2206,三陽工業,775,701,74,國泰-敦南,2023-06-13,8888
2834,臺企銀,252,180,72,國泰-敦南,2023-06-13,8888
6148,驊宏資,407,335,72,國泰-敦南,2023-06-13,8888
00669R,國泰美國道瓊反1,76,6,70,國泰-敦南,2023-06-13,8888
3356,奇偶,141,72,69,國泰-敦南,2023-06-13,8888
8050,廣積,214,146,68,國泰-敦南,2023-06-13,8888
3545,敦泰,98,31,67,國泰-敦南,2023-06-13,8888
2887,台新金,209,143,66,國泰-敦南,2023-06-13,8888
1714,和桐,67,2,65,國泰-敦南,2023-06-13,8888
5425,台半,284,219,65,國泰-敦南,2023-06-13,8888
5706,鳳凰,709,646,63,國泰-敦南,2023-06-13,8888
4968,立積,262,199,63,國泰-敦南,2023-06-13,8888
00927,群益半導體收益,119,60,59,國泰-敦南,2023-06-13,8888
2027,大成鋼,111,52,59,國泰-敦南,2023-06-13,8888
2328,廣宇,137,80,57,國泰-敦南,2023-06-13,8888
00919,群益台灣精選高息,2421,231,2190,國泰-敦南,2023-06-14,8888
00712,復華富時不動產,2183,630,1553,國泰-敦南,2023-06-14,8888
2356,英業達,3750,2892,858,國泰-敦南,2023-06-14,8888
00687B,國泰20年美債,857,72,785,國泰-敦南,2023-06-14,8888
00680L,元大美債20正2,723,62,661,國泰-敦南,2023-06-14,8888
00929,復華台灣科技優息,820,197,623,國泰-敦南,2023-06-14,8888
00679B,元大美債20年,651,128,523,國泰-敦南,2023-06-14,8888
2705,六福,957,477,480,國泰-敦南,2023-06-14,8888
00713,元大台灣高息低波,649,253,396,國泰-敦南,2023-06-14,8888
00772B,中信高評級公司債,362,24,338,國泰-敦南,2023-06-14,8888
1609,大亞,892,556,336,國泰-敦南,2023-06-14,8888
1522,堤維西,1523,1193,330,國泰-敦南,2023-06-14,8888
2352,佳世達,424,152,272,國泰-敦南,2023-06-14,8888
00751B,元大AAA至A公司債,314,45,269,國泰-敦南,2023-06-14,8888
00676R,富邦臺灣加權反1,258,14,244,國泰-敦南,2023-06-14,8888
2888,新光金,1118,884,234,國泰-敦南,2023-06-14,8888
00688L,國泰20年美債正2,261,30,231,國泰-敦南,2023-06-14,8888
2457,飛宏,641,430,211,國泰-敦南,2023-06-14,8888
4533,協易機,1198,995,203,國泰-敦南,2023-06-14,8888
00795B,中信美國公債20年,200,8,192,國泰-敦南,2023-06-14,8888
00686R,群益臺灣加權反1,178,0,178,國泰-敦南,2023-06-14,8888
2353,宏��,287,125,162,國泰-敦南,2023-06-14,8888
2376,技嘉,405,247,158,國泰-敦南,2023-06-14,8888
1802,台玻,176,31,145,國泰-敦南,2023-06-14,8888
6288,聯嘉,323,187,136,國泰-敦南,2023-06-14,8888
2409,友達,216,86,130,國泰-敦南,2023-06-14,8888
00665L,富邦�琤肭磪囓�2,525,398,127,國泰-敦南,2023-06-14,8888
2324,仁寶,230,104,126,國泰-敦南,2023-06-14,8888
2634,漢翔,290,167,123,國泰-敦南,2023-06-14,8888
00671R,富邦NASDAQ反1,134,10,124,國泰-敦南,2023-06-14,8888
00857B,永豐20年美公債,148,30,118,國泰-敦南,2023-06-14,8888
2405,輔信,269,151,118,國泰-敦南,2023-06-14,8888
1504,東元,258,142,116,國泰-敦南,2023-06-14,8888
00895,富邦未來車,335,220,115,國泰-敦南,2023-06-14,8888
2312,金寶,178,67,111,國泰-敦南,2023-06-14,8888
6122,擎邦,1009,905,104,國泰-敦南,2023-06-14,8888
2891,中信金,163,60,103,國泰-敦南,2023-06-14,8888
3576,聯合再生,160,58,102,國泰-敦南,2023-06-14,8888
5258,虹堡,912,811,101,國泰-敦南,2023-06-14,8888
00773B,中信優先金融債,110,10,100,國泰-敦南,2023-06-14,8888
2382,廣達,453,353,100,國泰-敦南,2023-06-14,8888
00882,中信中國高股息,305,205,100,國泰-敦南,2023-06-14,8888
2743,山富,429,331,98,國泰-敦南,2023-06-14,8888
6282,康舒,477,381,96,國泰-敦南,2023-06-14,8888
2449,京元電子,334,241,93,國泰-敦南,2023-06-14,8888
00685L,群益臺灣加權正2,100,16,84,國泰-敦南,2023-06-14,8888
2886,兆豐金,142,59,83,國泰-敦南,2023-06-14,8888
00720B,元大投資級公司債,245,162,83,國泰-敦南,2023-06-14,8888
4510,高鋒,215,136,79,國泰-敦南,2023-06-14,8888
2812,台中銀,108,32,76,國泰-敦南,2023-06-14,8888
00919,群益台灣精選高息,3716,560,3156,國泰-敦南,2023-06-15,8888
00712,復華富時不動產,3304,883,2421,國泰-敦南,2023-06-15,8888
2618,長榮航,9865,8746,1119,國泰-敦南,2023-06-15,8888
00632R,元大台灣50反1,1953,873,1080,國泰-敦南,2023-06-15,8888
00715L,期街口布蘭特正2,1390,435,955,國泰-敦南,2023-06-15,8888
2888,新光金,1500,545,955,國泰-敦南,2023-06-15,8888
00751B,元大AAA至A公司債,508,11,497,國泰-敦南,2023-06-15,8888
00706L,期元大S＆P日圓正2,486,65,421,國泰-敦南,2023-06-15,8888
00929,復華台灣科技優息,806,409,397,國泰-敦南,2023-06-15,8888
2317,鴻海,510,141,369,國泰-敦南,2023-06-15,8888
00772B,中信高評級公司債,481,124,357,國泰-敦南,2023-06-15,8888
00679B,元大美債20年,434,90,344,國泰-敦南,2023-06-15,8888
00882,中信中國高股息,889,568,321,國泰-敦南,2023-06-15,8888
3576,聯合再生,363,85,278,國泰-敦南,2023-06-15,8888
3231,緯創,3587,3334,253,國泰-敦南,2023-06-15,8888
2352,佳世達,415,173,242,國泰-敦南,2023-06-15,8888
8076,伍豐,831,603,228,國泰-敦南,2023-06-15,8888
2401,凌陽,1023,830,193,國泰-敦南,2023-06-15,8888
3022,威強電,479,290,189,國泰-敦南,2023-06-15,8888
1609,大亞,984,797,187,國泰-敦南,2023-06-15,8888
1806,冠軍,372,199,173,國泰-敦南,2023-06-15,8888
00687B,國泰20年美債,286,113,173,國泰-敦南,2023-06-15,8888
2331,精英,386,225,161,國泰-敦南,2023-06-15,8888
00885,富邦越南,301,168,133,國泰-敦南,2023-06-15,8888
00720B,元大投資級公司債,176,44,132,國泰-敦南,2023-06-15,8888
2457,飛宏,424,291,133,國泰-敦南,2023-06-15,8888
2409,友達,224,94,130,國泰-敦南,2023-06-15,8888
00752,中信中國50,201,71,130,國泰-敦南,2023-06-15,8888
2812,台中銀,152,23,129,國泰-敦南,2023-06-15,8888
3058,立德,241,116,125,國泰-敦南,2023-06-15,8888
3013,晟銘電,506,385,121,國泰-敦南,2023-06-15,8888
3710,連展投控,130,12,118,國泰-敦南,2023-06-15,8888
2603,長榮,323,207,116,國泰-敦南,2023-06-15,8888
8046,南電,180,66,114,國泰-敦南,2023-06-15,8888
00795B,中信美國公債20年,218,105,113,國泰-敦南,2023-06-15,8888
2867,三商壽,265,155,110,國泰-敦南,2023-06-15,8888
2443,昶虹,107,0,107,國泰-敦南,2023-06-15,8888
2882,國泰金,295,188,107,國泰-敦南,2023-06-15,8888
2421,建準,399,295,104,國泰-敦南,2023-06-15,8888
2609,陽明,388,293,95,國泰-敦南,2023-06-15,8888
2705,六福,206,117,89,國泰-敦南,2023-06-15,8888
00915,凱基優選高股息30,92,4,88,國泰-敦南,2023-06-15,8888
3032,偉訓,240,157,83,國泰-敦南,2023-06-15,8888
00895,富邦未來車,192,110,82,國泰-敦南,2023-06-15,8888
2845,遠東銀,94,11,83,國泰-敦南,2023-06-15,8888
3264,欣銓,193,116,77,國泰-敦南,2023-06-15,8888
5871,中租-KY,83,7,76,國泰-敦南,2023-06-15,8888
2399,映泰,392,319,73,國泰-敦南,2023-06-15,8888
2471,資通,359,286,73,國泰-敦南,2023-06-15,8888
2356,英業達,3701,3629,72,國泰-敦南,2023-06-15,8888
2610,華航,13163,10211,2952,國泰-敦南,2023-06-16,8888
00919,群益台灣精選高息,3277,734,2543,國泰-敦南,2023-06-16,8888
00712,復華富時不動產,2121,601,1520,國泰-敦南,2023-06-16,8888
2618,長榮航,5850,5091,759,國泰-敦南,2023-06-16,8888
2371,大同,2506,1822,684,國泰-敦南,2023-06-16,8888
00713,元大台灣高息低波,950,326,624,國泰-敦南,2023-06-16,8888
3706,神達,2049,1472,577,國泰-敦南,2023-06-16,8888
00673R,期元大S＆P原油反1,512,55,457,國泰-敦南,2023-06-16,8888
5512,力麒,485,35,450,國泰-敦南,2023-06-16,8888
2883,凱基金,596,168,428,國泰-敦南,2023-06-16,8888
1609,大亞,1893,1472,421,國泰-敦南,2023-06-16,8888
2882,國泰金,514,119,395,國泰-敦南,2023-06-16,8888
9105,泰金寶-DR,331,31,300,國泰-敦南,2023-06-16,8888
2359,所羅門,794,505,289,國泰-敦南,2023-06-16,8888
2356,英業達,2447,2163,284,國泰-敦南,2023-06-16,8888
6282,康舒,694,412,282,國泰-敦南,2023-06-16,8888
00751B,元大AAA至A公司債,390,115,275,國泰-敦南,2023-06-16,8888
2201,裕隆,369,114,255,國泰-敦南,2023-06-16,8888
2301,光寶科,445,216,229,國泰-敦南,2023-06-16,8888
00929,復華台灣科技優息,489,283,206,國泰-敦南,2023-06-16,8888
1815,富喬,460,283,177,國泰-敦南,2023-06-16,8888
2332,友訊,319,144,175,國泰-敦南,2023-06-16,8888
2542,興富發,198,23,175,國泰-敦南,2023-06-16,8888
00921,兆豐龍頭等權重,164,4,160,國泰-敦南,2023-06-16,8888
2834,臺企銀,230,73,157,國泰-敦南,2023-06-16,8888
2323,中環,876,735,141,國泰-敦南,2023-06-16,8888
2812,台中銀,159,22,137,國泰-敦南,2023-06-16,8888
3264,欣銓,235,98,137,國泰-敦南,2023-06-16,8888
6770,力積電,209,82,127,國泰-敦南,2023-06-16,8888
2385,群光,150,24,126,國泰-敦南,2023-06-16,8888
2890,永豐金,210,85,125,國泰-敦南,2023-06-16,8888
1519,華城,1083,958,125,國泰-敦南,2023-06-16,8888
6188,廣明,182,66,116,國泰-敦南,2023-06-16,8888
2886,兆豐金,294,182,112,國泰-敦南,2023-06-16,8888
00706L,期元大S＆P日圓正2,267,158,109,國泰-敦南,2023-06-16,8888
2801,彰銀,155,51,104,國泰-敦南,2023-06-16,8888
00850,元大臺灣ESG永續,115,14,101,國泰-敦南,2023-06-16,8888
4128,中天,153,55,98,國泰-敦南,2023-06-16,8888
8176,智捷,100,4,96,國泰-敦南,2023-06-16,8888
2211,長榮鋼,170,75,95,國泰-敦南,2023-06-16,8888
5426,振發,195,103,92,國泰-敦南,2023-06-16,8888
2303,聯電,497,406,91,國泰-敦南,2023-06-16,8888
4976,佳凌,95,8,87,國泰-敦南,2023-06-16,8888
1907,永豐餘,133,48,85,國泰-敦南,2023-06-16,8888
2027,大成鋼,182,97,85,國泰-敦南,2023-06-16,8888
2308,台達電,294,210,84,國泰-敦南,2023-06-16,8888
8201,無敵,108,25,83,國泰-敦南,2023-06-16,8888
5880,合庫金,121,38,83,國泰-敦南,2023-06-16,8888
4510,高鋒,174,94,80,國泰-敦南,2023-06-16,8888
3038,全台,197,118,79,國泰-敦南,2023-06-16,8888
00712,復華富時不動產,3505,2020,1485,國泰-敦南,2023-06-19,8888
00673R,期元大S＆P原油反1,1530,241,1289,國泰-敦南,2023-06-19,8888
00929,復華台灣科技優息,994,96,898,國泰-敦南,2023-06-19,8888
3231,緯創,2602,1896,706,國泰-敦南,2023-06-19,8888
00919,群益台灣精選高息,1101,464,637,國泰-敦南,2023-06-19,8888
2312,金寶,1204,569,635,國泰-敦南,2023-06-19,8888
2324,仁寶,923,386,537,國泰-敦南,2023-06-19,8888
6116,彩晶,1554,1178,376,國泰-敦南,2023-06-19,8888
2353,宏��,510,153,357,國泰-敦南,2023-06-19,8888
2104,國際中橡,562,243,319,國泰-敦南,2023-06-19,8888
2883,凱基金,550,238,312,國泰-敦南,2023-06-19,8888
2882,國泰金,427,132,295,國泰-敦南,2023-06-19,8888
6120,達運,759,466,293,國泰-敦南,2023-06-19,8888
2609,陽明,415,136,279,國泰-敦南,2023-06-19,8888
1609,大亞,872,599,273,國泰-敦南,2023-06-19,8888
3706,神達,574,309,265,國泰-敦南,2023-06-19,8888
00679B,元大美債20年,388,135,253,國泰-敦南,2023-06-19,8888
1513,中興電,1772,1523,249,國泰-敦南,2023-06-19,8888
00885,富邦越南,350,122,228,國泰-敦南,2023-06-19,8888
6282,康舒,439,229,210,國泰-敦南,2023-06-19,8888
00665L,富邦�琤肭磪囓�2,290,81,209,國泰-敦南,2023-06-19,8888
2603,長榮,388,183,205,國泰-敦南,2023-06-19,8888
2344,華邦電,329,125,204,國泰-敦南,2023-06-19,8888
00921,兆豐龍頭等權重,203,19,184,國泰-敦南,2023-06-19,8888
4967,十銓,794,613,181,國泰-敦南,2023-06-19,8888
00680L,元大美債20正2,251,73,178,國泰-敦南,2023-06-19,8888
00882,中信中國高股息,481,312,169,國泰-敦南,2023-06-19,8888
2421,建準,507,353,154,國泰-敦南,2023-06-19,8888
2610,華航,4810,4659,151,國泰-敦南,2023-06-19,8888
6148,驊宏資,729,582,147,國泰-敦南,2023-06-19,8888
1519,華城,655,510,145,國泰-敦南,2023-06-19,8888
1810,和成,406,273,133,國泰-敦南,2023-06-19,8888
3576,聯合再生,150,19,131,國泰-敦南,2023-06-19,8888
00927,群益半導體收益,152,25,127,國泰-敦南,2023-06-19,8888
3380,明泰,208,84,124,國泰-敦南,2023-06-19,8888
2027,大成鋼,150,33,117,國泰-敦南,2023-06-19,8888
2303,聯電,285,169,116,國泰-敦南,2023-06-19,8888
2014,中鴻,339,227,112,國泰-敦南,2023-06-19,8888
1907,永豐餘,196,86,110,國泰-敦南,2023-06-19,8888
1218,泰山,297,190,107,國泰-敦南,2023-06-19,8888
00671R,富邦NASDAQ反1,165,58,107,國泰-敦南,2023-06-19,8888
2498,宏達電,154,47,107,國泰-敦南,2023-06-19,8888
3058,立德,170,63,107,國泰-敦南,2023-06-19,8888
1528,恩德,589,488,101,國泰-敦南,2023-06-19,8888
2356,英業達,1343,1242,101,國泰-敦南,2023-06-19,8888
2515,中工,181,81,100,國泰-敦南,2023-06-19,8888
00713,元大台灣高息低波,629,531,98,國泰-敦南,2023-06-19,8888
1611,中電,146,47,99,國泰-敦南,2023-06-19,8888
6443,元晶,149,52,97,國泰-敦南,2023-06-19,8888
00753L,中信中國50正2,182,93,89,國泰-敦南,2023-06-19,8888
3481,群創,2731,1679,1052,國泰-敦南,2023-06-20,8888
00712,復華富時不動產,2331,1289,1042,國泰-敦南,2023-06-20,8888
00882,中信中國高股息,1098,202,896,國泰-敦南,2023-06-20,8888
2634,漢翔,3273,2786,487,國泰-敦南,2023-06-20,8888
2618,長榮航,2188,1712,476,國泰-敦南,2023-06-20,8888
00921,兆豐龍頭等權重,476,46,430,國泰-敦南,2023-06-20,8888
00929,復華台灣科技優息,704,286,418,國泰-敦南,2023-06-20,8888
00687B,國泰20年美債,469,84,385,國泰-敦南,2023-06-20,8888
00751B,元大AAA至A公司債,384,86,298,國泰-敦南,2023-06-20,8888
00673R,期元大S＆P原油反1,407,125,282,國泰-敦南,2023-06-20,8888
1528,恩德,1504,1227,277,國泰-敦南,2023-06-20,8888
2454,聯發科,338,73,265,國泰-敦南,2023-06-20,8888
2883,凱基金,401,146,255,國泰-敦南,2023-06-20,8888
1802,台玻,350,115,235,國泰-敦南,2023-06-20,8888
2337,旺宏,296,70,226,國泰-敦南,2023-06-20,8888
5009,榮剛,343,124,219,國泰-敦南,2023-06-20,8888
3038,全台,276,58,218,國泰-敦南,2023-06-20,8888
0056,元大高股息,1125,913,212,國泰-敦南,2023-06-20,8888
2427,三商電,478,268,210,國泰-敦南,2023-06-20,8888
2405,輔信,603,399,204,國泰-敦南,2023-06-20,8888
00720B,元大投資級公司債,255,52,203,國泰-敦南,2023-06-20,8888
00680L,元大美債20正2,313,112,201,國泰-敦南,2023-06-20,8888
8222,寶一,945,746,199,國泰-敦南,2023-06-20,8888
2356,英業達,1020,837,183,國泰-敦南,2023-06-20,8888
00679B,元大美債20年,271,96,175,國泰-敦南,2023-06-20,8888
1319,東陽,416,263,153,國泰-敦南,2023-06-20,8888
2323,中環,1128,977,151,國泰-敦南,2023-06-20,8888
2312,金寶,369,232,137,國泰-敦南,2023-06-20,8888
3264,欣銓,210,78,132,國泰-敦南,2023-06-20,8888
00665L,富邦�琤肭磪囓�2,459,332,127,國泰-敦南,2023-06-20,8888
2482,連宇,400,273,127,國泰-敦南,2023-06-20,8888
00706L,期元大S＆P日圓正2,128,8,120,國泰-敦南,2023-06-20,8888
2409,友達,1299,1182,117,國泰-敦南,2023-06-20,8888
2457,飛宏,305,189,116,國泰-敦南,2023-06-20,8888
2317,鴻海,217,101,116,國泰-敦南,2023-06-20,8888
2382,廣達,384,271,113,國泰-敦南,2023-06-20,8888
6266,泰詠,186,75,111,國泰-敦南,2023-06-20,8888
00676R,富邦臺灣加權反1,203,92,111,國泰-敦南,2023-06-20,8888
2504,國產,140,34,106,國泰-敦南,2023-06-20,8888
3363,上詮,277,175,102,國泰-敦南,2023-06-20,8888
2609,陽明,252,150,102,國泰-敦南,2023-06-20,8888
1612,宏泰,350,251,99,國泰-敦南,2023-06-20,8888
3325,旭品,300,201,99,國泰-敦南,2023-06-20,8888
3078,僑威,349,251,98,國泰-敦南,2023-06-20,8888
2104,國際中橡,167,80,87,國泰-敦南,2023-06-20,8888
3029,零壹,112,26,86,國泰-敦南,2023-06-20,8888
4114,健喬,120,35,85,國泰-敦南,2023-06-20,8888
7402,邑錡,232,147,85,國泰-敦南,2023-06-20,8888
00922,國泰台灣領袖50,149,65,84,國泰-敦南,2023-06-20,8888
3231,緯創,2192,2111,81,國泰-敦南,2023-06-20,8888
00919,群益台灣精選高息,1310,177,1133,國泰-敦南,2023-06-21,8888
00882,中信中國高股息,1230,328,902,國泰-敦南,2023-06-21,8888
2889,國票金,908,20,888,國泰-敦南,2023-06-21,8888
00673R,期元大S＆P原油反1,1256,453,803,國泰-敦南,2023-06-21,8888
2705,六福,2343,1753,590,國泰-敦南,2023-06-21,8888
2609,陽明,668,162,506,國泰-敦南,2023-06-21,8888
2323,中環,1599,1263,336,國泰-敦南,2023-06-21,8888
2748,雲品,1512,1188,324,國泰-敦南,2023-06-21,8888
00632R,元大台灣50反1,846,573,273,國泰-敦南,2023-06-21,8888
2603,長榮,495,244,251,國泰-敦南,2023-06-21,8888
6120,達運,951,708,243,國泰-敦南,2023-06-21,8888
00671R,富邦NASDAQ反1,223,10,213,國泰-敦南,2023-06-21,8888
4916,事欣科,1430,1252,178,國泰-敦南,2023-06-21,8888
4904,遠傳,180,6,174,國泰-敦南,2023-06-21,8888
2356,英業達,1691,1544,147,國泰-敦南,2023-06-21,8888
1727,中華化,242,96,146,國泰-敦南,2023-06-21,8888
2634,漢翔,2113,1969,144,國泰-敦南,2023-06-21,8888
00921,兆豐龍頭等權重,150,15,135,國泰-敦南,2023-06-21,8888
00665L,富邦�琤肭磪囓�2,868,747,121,國泰-敦南,2023-06-21,8888
3264,欣銓,212,92,120,國泰-敦南,2023-06-21,8888
2706,第一店,516,401,115,國泰-敦南,2023-06-21,8888
5905,南仁湖,343,229,114,國泰-敦南,2023-06-21,8888
2614,東森,178,65,113,國泰-敦南,2023-06-21,8888
2344,華邦電,437,333,104,國泰-敦南,2023-06-21,8888
2867,三商壽,163,63,100,國泰-敦南,2023-06-21,8888
1802,台玻,337,238,99,國泰-敦南,2023-06-21,8888
5704,老爺知,254,160,94,國泰-敦南,2023-06-21,8888
3013,晟銘電,653,560,93,國泰-敦南,2023-06-21,8888
3706,神達,334,242,92,國泰-敦南,2023-06-21,8888
00753L,中信中國50正2,310,218,92,國泰-敦南,2023-06-21,8888
2371,大同,1217,1129,88,國泰-敦南,2023-06-21,8888
5706,鳳凰,401,315,86,國泰-敦南,2023-06-21,8888
2618,長榮航,1620,1533,87,國泰-敦南,2023-06-21,8888
00850,元大臺灣ESG永續,115,31,84,國泰-敦南,2023-06-21,8888
5871,中租-KY,99,16,83,國泰-敦南,2023-06-21,8888
6290,良維,178,100,78,國泰-敦南,2023-06-21,8888
2388,威盛,152,74,78,國泰-敦南,2023-06-21,8888
2913,農林,284,206,78,國泰-敦南,2023-06-21,8888
2890,永豐金,130,53,77,國泰-敦南,2023-06-21,8888
2337,旺宏,111,34,77,國泰-敦南,2023-06-21,8888
1446,宏和,87,13,74,國泰-敦南,2023-06-21,8888
2201,裕隆,155,81,74,國泰-敦南,2023-06-21,8888
3006,晶豪科,164,93,71,國泰-敦南,2023-06-21,8888
1605,華新,259,189,70,國泰-敦南,2023-06-21,8888
2002,中鋼,127,60,67,國泰-敦南,2023-06-21,8888
4114,健喬,103,38,65,國泰-敦南,2023-06-21,8888
2736,富野,403,339,64,國泰-敦南,2023-06-21,8888
1795,美時,130,68,62,國泰-敦南,2023-06-21,8888
2701,萬企,75,13,62,國泰-敦南,2023-06-21,8888
3202,樺晟,132,71,61,國泰-敦南,2023-06-21,8888
00715L,期街口布蘭特正2,2655,547,2108,國泰-敦南,2023-06-26,8888
00712,復華富時不動產,1969,1110,859,國泰-敦南,2023-06-26,8888
3481,群創,1994,1176,818,國泰-敦南,2023-06-26,8888
00882,中信中國高股息,1256,499,757,國泰-敦南,2023-06-26,8888
2312,金寶,620,77,543,國泰-敦南,2023-06-26,8888
6282,康舒,864,338,526,國泰-敦南,2023-06-26,8888
6116,彩晶,596,87,509,國泰-敦南,2023-06-26,8888
00929,復華台灣科技優息,612,142,470,國泰-敦南,2023-06-26,8888
2883,凱基金,507,101,406,國泰-敦南,2023-06-26,8888
00665L,富邦�琤肭磪囓�2,556,184,372,國泰-敦南,2023-06-26,8888
00706L,期元大S＆P日圓正2,392,41,351,國泰-敦南,2023-06-26,8888
00772B,中信高評級公司債,595,244,351,國泰-敦南,2023-06-26,8888
2303,聯電,585,238,347,國泰-敦南,2023-06-26,8888
3231,緯創,2541,2203,338,國泰-敦南,2023-06-26,8888
6125,廣運,1748,1441,307,國泰-敦南,2023-06-26,8888
1504,東元,440,158,282,國泰-敦南,2023-06-26,8888
2867,三商壽,553,271,282,國泰-敦南,2023-06-26,8888
00919,群益台灣精選高息,479,207,272,國泰-敦南,2023-06-26,8888
2409,友達,539,279,260,國泰-敦南,2023-06-26,8888
1605,華新,440,199,241,國泰-敦南,2023-06-26,8888
2399,映泰,319,90,229,國泰-敦南,2023-06-26,8888
2748,雲品,395,169,226,國泰-敦南,2023-06-26,8888
00753L,中信中國50正2,302,76,226,國泰-敦南,2023-06-26,8888
2382,廣達,437,218,219,國泰-敦南,2023-06-26,8888
1460,宏遠,245,34,211,國泰-敦南,2023-06-26,8888
3032,偉訓,421,218,203,國泰-敦南,2023-06-26,8888
2882,國泰金,302,103,199,國泰-敦南,2023-06-26,8888
00642U,期元大S＆P石油,238,54,184,國泰-敦南,2023-06-26,8888
2609,陽明,352,171,181,國泰-敦南,2023-06-26,8888
2344,華邦電,459,280,179,國泰-敦南,2023-06-26,8888
2889,國票金,203,35,168,國泰-敦南,2023-06-26,8888
1802,台玻,795,629,166,國泰-敦南,2023-06-26,8888
8105,凌巨,202,38,164,國泰-敦南,2023-06-26,8888
4543,萬在,438,298,140,國泰-敦南,2023-06-26,8888
3025,星通,202,64,138,國泰-敦南,2023-06-26,8888
2356,英業達,964,826,138,國泰-敦南,2023-06-26,8888
2736,富野,460,337,123,國泰-敦南,2023-06-26,8888
2340,台亞,1208,1088,120,國泰-敦南,2023-06-26,8888
1905,華紙,1663,1544,119,國泰-敦南,2023-06-26,8888
2376,技嘉,370,254,116,國泰-敦南,2023-06-26,8888
1218,泰山,143,27,116,國泰-敦南,2023-06-26,8888
6120,達運,506,400,106,國泰-敦南,2023-06-26,8888
6770,力積電,134,34,100,國泰-敦南,2023-06-26,8888
00631L,元大台灣50正2,126,29,97,國泰-敦南,2023-06-26,8888
2457,飛宏,274,178,96,國泰-敦南,2023-06-26,8888
2412,中華電,106,11,95,國泰-敦南,2023-06-26,8888
6191,精成科,128,35,93,國泰-敦南,2023-06-26,8888
2801,彰銀,118,26,92,國泰-敦南,2023-06-26,8888
2352,佳世達,241,149,92,國泰-敦南,2023-06-26,8888
3037,欣興,204,113,91,國泰-敦南,2023-06-26,8888
0056,元大高股息,2097,914,1183,國泰-敦南,2023-06-27,8888
2303,聯電,1361,221,1140,國泰-敦南,2023-06-27,8888
2618,長榮航,3297,2500,797,國泰-敦南,2023-06-27,8888
00878,國泰永續高股息,4579,3927,652,國泰-敦南,2023-06-27,8888
2323,中環,2334,1825,509,國泰-敦南,2023-06-27,8888
3231,緯創,2898,2398,500,國泰-敦南,2023-06-27,8888
00929,復華台灣科技優息,858,416,442,國泰-敦南,2023-06-27,8888
1605,華新,859,438,421,國泰-敦南,2023-06-27,8888
00919,群益台灣精選高息,722,326,396,國泰-敦南,2023-06-27,8888
2427,三商電,1815,1446,369,國泰-敦南,2023-06-27,8888
2317,鴻海,537,181,356,國泰-敦南,2023-06-27,8888
6116,彩晶,505,169,336,國泰-敦南,2023-06-27,8888
2344,華邦電,475,185,290,國泰-敦南,2023-06-27,8888
2883,凱基金,412,136,276,國泰-敦南,2023-06-27,8888
3038,全台,1010,760,250,國泰-敦南,2023-06-27,8888
6188,廣明,660,413,247,國泰-敦南,2023-06-27,8888
1609,大亞,730,503,227,國泰-敦南,2023-06-27,8888
1301,台塑,227,8,219,國泰-敦南,2023-06-27,8888
2409,友達,912,695,217,國泰-敦南,2023-06-27,8888
1907,永豐餘,618,407,211,國泰-敦南,2023-06-27,8888
2889,國票金,277,68,209,國泰-敦南,2023-06-27,8888
2353,宏��,307,103,204,國泰-敦南,2023-06-27,8888
00679B,元大美債20年,402,206,196,國泰-敦南,2023-06-27,8888
1513,中興電,1345,1157,188,國泰-敦南,2023-06-27,8888
3706,神達,425,248,177,國泰-敦南,2023-06-27,8888
1905,華紙,788,611,177,國泰-敦南,2023-06-27,8888
00751B,元大AAA至A公司債,310,140,170,國泰-敦南,2023-06-27,8888
00671R,富邦NASDAQ反1,215,53,162,國泰-敦南,2023-06-27,8888
2867,三商壽,382,226,156,國泰-敦南,2023-06-27,8888
3356,奇偶,1286,1134,152,國泰-敦南,2023-06-27,8888
4106,雃博,322,180,142,國泰-敦南,2023-06-27,8888
2371,大同,959,827,132,國泰-敦南,2023-06-27,8888
00706L,期元大S＆P日圓正2,134,5,129,國泰-敦南,2023-06-27,8888
00637L,元大滬深300正2,374,248,126,國泰-敦南,2023-06-27,8888
1471,首利,485,367,118,國泰-敦南,2023-06-27,8888
00900,富邦特選高股息30,328,212,116,國泰-敦南,2023-06-27,8888
2332,友訊,542,434,108,國泰-敦南,2023-06-27,8888
4123,晟德,153,46,107,國泰-敦南,2023-06-27,8888
2457,飛宏,527,423,104,國泰-敦南,2023-06-27,8888
1314,中石化,167,64,103,國泰-敦南,2023-06-27,8888
2890,永豐金,122,21,101,國泰-敦南,2023-06-27,8888
5489,彩富,102,1,101,國泰-敦南,2023-06-27,8888
2412,中華電,113,14,99,國泰-敦南,2023-06-27,8888
1514,亞力,413,317,96,國泰-敦南,2023-06-27,8888
2498,宏達電,154,60,94,國泰-敦南,2023-06-27,8888
2201,裕隆,185,93,92,國泰-敦南,2023-06-27,8888
2449,京元電子,223,133,90,國泰-敦南,2023-06-27,8888
00675L,富邦臺灣加權正2,111,24,87,國泰-敦南,2023-06-27,8888
2312,金寶,210,124,86,國泰-敦南,2023-06-27,8888
6770,力積電,130,45,85,國泰-敦南,2023-06-27,8888
00715L,期街口布蘭特正2,5648,402,5246,國泰-敦南,2023-06-28,8888
00772B,中信高評級公司債,1647,230,1417,國泰-敦南,2023-06-28,8888
00642U,期元大S＆P石油,659,11,648,國泰-敦南,2023-06-28,8888
1605,華新,1321,685,636,國泰-敦南,2023-06-28,8888
3481,群創,1176,650,526,國泰-敦南,2023-06-28,8888
3231,緯創,2788,2375,413,國泰-敦南,2023-06-28,8888
00919,群益台灣精選高息,487,116,371,國泰-敦南,2023-06-28,8888
1101,台泥,431,68,363,國泰-敦南,2023-06-28,8888
2609,陽明,458,125,333,國泰-敦南,2023-06-28,8888
2889,國票金,330,15,315,國泰-敦南,2023-06-28,8888
00706L,期元大S＆P日圓正2,349,68,281,國泰-敦南,2023-06-28,8888
4121,優盛,486,234,252,國泰-敦南,2023-06-28,8888
2303,聯電,355,111,244,國泰-敦南,2023-06-28,8888
2603,長榮,535,301,234,國泰-敦南,2023-06-28,8888
2356,英業達,1001,770,231,國泰-敦南,2023-06-28,8888
2323,中環,914,686,228,國泰-敦南,2023-06-28,8888
00665L,富邦�琤肭磪囓�2,572,379,193,國泰-敦南,2023-06-28,8888
2634,漢翔,722,561,161,國泰-敦南,2023-06-28,8888
8936,國統,229,82,147,國泰-敦南,2023-06-28,8888
1301,台塑,145,4,141,國泰-敦南,2023-06-28,8888
1513,中興電,556,416,140,國泰-敦南,2023-06-28,8888
6770,力積電,151,16,135,國泰-敦南,2023-06-28,8888
6188,廣明,510,378,132,國泰-敦南,2023-06-28,8888
2885,元大金,192,68,124,國泰-敦南,2023-06-28,8888
00679B,元大美債20年,238,119,119,國泰-敦南,2023-06-28,8888
4113,聯上,154,35,119,國泰-敦南,2023-06-28,8888
2014,中鴻,154,39,115,國泰-敦南,2023-06-28,8888
1314,中石化,137,24,113,國泰-敦南,2023-06-28,8888
2705,六福,319,212,107,國泰-敦南,2023-06-28,8888
5465,富驊,238,131,107,國泰-敦南,2023-06-28,8888
2317,鴻海,272,168,104,國泰-敦南,2023-06-28,8888
2882,國泰金,429,326,103,國泰-敦南,2023-06-28,8888
3037,欣興,216,112,104,國泰-敦南,2023-06-28,8888
6111,大宇資,418,316,102,國泰-敦南,2023-06-28,8888
4563,百德,101,2,99,國泰-敦南,2023-06-28,8888
00720B,元大投資級公司債,185,87,98,國泰-敦南,2023-06-28,8888
4106,雃博,349,251,98,國泰-敦南,2023-06-28,8888
2412,中華電,122,27,95,國泰-敦南,2023-06-28,8888
2371,大同,1105,1011,94,國泰-敦南,2023-06-28,8888
2888,新光金,318,225,93,國泰-敦南,2023-06-28,8888
00671R,富邦NASDAQ反1,87,0,87,國泰-敦南,2023-06-28,8888
2913,農林,145,64,81,國泰-敦南,2023-06-28,8888
2734,易飛網,169,89,80,國泰-敦南,2023-06-28,8888
2867,三商壽,133,54,79,國泰-敦南,2023-06-28,8888
00675L,富邦臺灣加權正2,95,17,78,國泰-敦南,2023-06-28,8888
3363,上詮,203,125,78,國泰-敦南,2023-06-28,8888
4746,台耀,954,881,73,國泰-敦南,2023-06-28,8888
2352,佳世達,175,102,73,國泰-敦南,2023-06-28,8888
6282,康舒,208,136,72,國泰-敦南,2023-06-28,8888
1512,瑞利,70,0,70,國泰-敦南,2023-06-28,8888
2618,長榮航,2367,1191,1176,國泰-敦南,2023-06-29,8888
4414,如興,1057,81,976,國泰-敦南,2023-06-29,8888
00665L,富邦�琤肭磪囓�2,932,156,776,國泰-敦南,2023-06-29,8888
00919,群益台灣精選高息,790,94,696,國泰-敦南,2023-06-29,8888
2317,鴻海,816,139,677,國泰-敦南,2023-06-29,8888
1605,華新,832,241,591,國泰-敦南,2023-06-29,8888
00882,中信中國高股息,907,339,568,國泰-敦南,2023-06-29,8888
2303,聯電,746,228,518,國泰-敦南,2023-06-29,8888
00929,復華台灣科技優息,643,170,473,國泰-敦南,2023-06-29,8888
2888,新光金,539,112,427,國泰-敦南,2023-06-29,8888
2609,陽明,662,265,397,國泰-敦南,2023-06-29,8888
2419,仲琦,2251,1865,386,國泰-敦南,2023-06-29,8888
00753L,中信中國50正2,396,62,334,國泰-敦南,2023-06-29,8888
00706L,期元大S＆P日圓正2,349,21,328,國泰-敦南,2023-06-29,8888
2891,中信金,336,36,300,國泰-敦南,2023-06-29,8888
3264,欣銓,334,36,298,國泰-敦南,2023-06-29,8888
2634,漢翔,547,267,280,國泰-敦南,2023-06-29,8888
00922,國泰台灣領袖50,271,36,235,國泰-敦南,2023-06-29,8888
2603,長榮,905,674,231,國泰-敦南,2023-06-29,8888
2883,凱基金,312,84,228,國泰-敦南,2023-06-29,8888
2353,宏��,270,60,210,國泰-敦南,2023-06-29,8888
00878,國泰永續高股息,2904,2701,203,國泰-敦南,2023-06-29,8888
2867,三商壽,263,61,202,國泰-敦南,2023-06-29,8888
2882,國泰金,275,75,200,國泰-敦南,2023-06-29,8888
3005,神基,275,83,192,國泰-敦南,2023-06-29,8888
2002,中鋼,236,51,185,國泰-敦南,2023-06-29,8888
2401,凌陽,190,30,160,國泰-敦南,2023-06-29,8888
6142,友勁,210,51,159,國泰-敦南,2023-06-29,8888
2412,中華電,189,32,157,國泰-敦南,2023-06-29,8888
1528,恩德,796,644,152,國泰-敦南,2023-06-29,8888
00637L,元大滬深300正2,273,122,151,國泰-敦南,2023-06-29,8888
2885,元大金,192,52,140,國泰-敦南,2023-06-29,8888
4157,太景*-KY,374,262,112,國泰-敦南,2023-06-29,8888
5288,豐祥-KY,113,1,112,國泰-敦南,2023-06-29,8888
3038,全台,283,178,105,國泰-敦南,2023-06-29,8888
2884,玉山金,240,138,102,國泰-敦南,2023-06-29,8888
2615,萬海,141,39,102,國泰-敦南,2023-06-29,8888
6191,精成科,141,44,97,國泰-敦南,2023-06-29,8888
00902,中信電池及儲能,153,61,92,國泰-敦南,2023-06-29,8888
4746,台耀,403,316,87,國泰-敦南,2023-06-29,8888
4967,十銓,587,504,83,國泰-敦南,2023-06-29,8888
2449,京元電子,166,83,83,國泰-敦南,2023-06-29,8888
4526,東台,277,197,80,國泰-敦南,2023-06-29,8888
3711,日月光投控,151,75,76,國泰-敦南,2023-06-29,8888
8933,愛地雅,102,28,74,國泰-敦南,2023-06-29,8888
00722B,群益投資級電信債,76,2,74,國泰-敦南,2023-06-29,8888
2610,華航,1035,965,70,國泰-敦南,2023-06-29,8888
2427,三商電,263,194,69,國泰-敦南,2023-06-29,8888
2630,亞航,159,91,68,國泰-敦南,2023-06-29,8888
1303,南亞,71,3,68,國泰-敦南,2023-06-29,8888
00687B,國泰20年美債,897,89,808,國泰-敦南,2023-06-30,8888
00680L,元大美債20正2,807,59,748,國泰-敦南,2023-06-30,8888
2603,長榮,1858,1111,747,國泰-敦南,2023-06-30,8888
2883,凱基金,761,132,629,國泰-敦南,2023-06-30,8888
00688L,國泰20年美債正2,634,7,627,國泰-敦南,2023-06-30,8888
00795B,中信美國公債20年,556,30,526,國泰-敦南,2023-06-30,8888
00679B,元大美債20年,573,77,496,國泰-敦南,2023-06-30,8888
2344,華邦電,654,259,395,國泰-敦南,2023-06-30,8888
2618,長榮航,2123,1739,384,國泰-敦南,2023-06-30,8888
2002,中鋼,350,52,298,國泰-敦南,2023-06-30,8888
2317,鴻海,471,203,268,國泰-敦南,2023-06-30,8888
6153,嘉聯益,786,522,264,國泰-敦南,2023-06-30,8888
00673R,期元大S＆P原油反1,273,42,231,國泰-敦南,2023-06-30,8888
2882,國泰金,303,76,227,國泰-敦南,2023-06-30,8888
2610,華航,1659,1437,222,國泰-敦南,2023-06-30,8888
1605,華新,749,536,213,國泰-敦南,2023-06-30,8888
2303,聯電,322,110,212,國泰-敦南,2023-06-30,8888
2888,新光金,561,358,203,國泰-敦南,2023-06-30,8888
00751B,元大AAA至A公司債,225,53,172,國泰-敦南,2023-06-30,8888
2812,台中銀,302,133,169,國泰-敦南,2023-06-30,8888
3711,日月光投控,199,38,161,國泰-敦南,2023-06-30,8888
3045,台灣大,156,4,152,國泰-敦南,2023-06-30,8888
00720B,元大投資級公司債,288,142,146,國泰-敦南,2023-06-30,8888
2609,陽明,1562,1416,146,國泰-敦南,2023-06-30,8888
0050,元大台灣50,193,49,144,國泰-敦南,2023-06-30,8888
2412,中華電,153,11,142,國泰-敦南,2023-06-30,8888
2885,元大金,164,37,127,國泰-敦南,2023-06-30,8888
2409,友達,211,86,125,國泰-敦南,2023-06-30,8888
00706L,期元大S＆P日圓正2,150,25,125,國泰-敦南,2023-06-30,8888
4157,太景*-KY,287,170,117,國泰-敦南,2023-06-30,8888
2887,台新金,201,87,114,國泰-敦南,2023-06-30,8888
00907,永豐優息存股,118,7,111,國泰-敦南,2023-06-30,8888
00722B,群益投資級電信債,143,35,108,國泰-敦南,2023-06-30,8888
4155,訊映,230,125,105,國泰-敦南,2023-06-30,8888
00929,復華台灣科技優息,268,167,101,國泰-敦南,2023-06-30,8888
00738U,期元大道瓊白銀,100,1,99,國泰-敦南,2023-06-30,8888
2401,凌陽,113,17,96,國泰-敦南,2023-06-30,8888
1301,台塑,96,0,96,國泰-敦南,2023-06-30,8888
3260,威剛,219,124,95,國泰-敦南,2023-06-30,8888
6116,彩晶,123,29,94,國泰-敦南,2023-06-30,8888
2353,宏��,212,118,94,國泰-敦南,2023-06-30,8888
00922,國泰台灣領袖50,174,85,89,國泰-敦南,2023-06-30,8888
00927,群益半導體收益,113,25,88,國泰-敦南,2023-06-30,8888
00919,群益台灣精選高息,299,215,84,國泰-敦南,2023-06-30,8888
2427,三商電,488,403,85,國泰-敦南,2023-06-30,8888
00923,群益台ESG低碳50,103,21,82,國泰-敦南,2023-06-30,8888
3034,聯詠,107,25,82,國泰-敦南,2023-06-30,8888
2867,三商壽,168,88,80,國泰-敦南,2023-06-30,8888
3703,欣陸,114,35,79,國泰-敦南,2023-06-30,8888
1905,華紙,205,130,75,國泰-敦南,2023-06-30,8888
00673R,期元大S＆P原油反1,1870,257,1613,國泰-敦南,2023-07-03,8888
00881,國泰台灣5G+,2450,939,1511,國泰-敦南,2023-07-03,8888
3231,緯創,3071,2424,647,國泰-敦南,2023-07-03,8888
2303,聯電,745,179,566,國泰-敦南,2023-07-03,8888
00712,復華富時不動產,1031,519,512,國泰-敦南,2023-07-03,8888
2603,長榮,1364,921,443,國泰-敦南,2023-07-03,8888
2206,三陽工業,701,267,434,國泰-敦南,2023-07-03,8888
2317,鴻海,704,378,326,國泰-敦南,2023-07-03,8888
2867,三商壽,362,47,315,國泰-敦南,2023-07-03,8888
4532,瑞智,400,147,253,國泰-敦南,2023-07-03,8888
2409,友達,380,141,239,國泰-敦南,2023-07-03,8888
3018,隆銘綠能,232,2,230,國泰-敦南,2023-07-03,8888
00650L,復華香港正2,264,34,230,國泰-敦南,2023-07-03,8888
00895,富邦未來車,366,150,216,國泰-敦南,2023-07-03,8888
3207,耀勝,443,235,208,國泰-敦南,2023-07-03,8888
2883,凱基金,438,247,191,國泰-敦南,2023-07-03,8888
1795,美時,416,225,191,國泰-敦南,2023-07-03,8888
2615,萬海,650,469,181,國泰-敦南,2023-07-03,8888
3325,旭品,261,89,172,國泰-敦南,2023-07-03,8888
3045,台灣大,174,5,169,國泰-敦南,2023-07-03,8888
2382,廣達,750,589,161,國泰-敦南,2023-07-03,8888
3481,群創,952,795,157,國泰-敦南,2023-07-03,8888
2812,台中銀,280,137,143,國泰-敦南,2023-07-03,8888
4564,元翎,220,81,139,國泰-敦南,2023-07-03,8888
1217,愛之味,221,92,129,國泰-敦南,2023-07-03,8888
00706L,期元大S＆P日圓正2,179,66,113,國泰-敦南,2023-07-03,8888
2885,元大金,132,30,102,國泰-敦南,2023-07-03,8888
2402,毅嘉,783,683,100,國泰-敦南,2023-07-03,8888
4906,正文,498,406,92,國泰-敦南,2023-07-03,8888
2353,宏��,200,109,91,國泰-敦南,2023-07-03,8888
2412,中華電,134,45,89,國泰-敦南,2023-07-03,8888
3017,奇鋐,572,487,85,國泰-敦南,2023-07-03,8888
00929,復華台灣科技優息,444,359,85,國泰-敦南,2023-07-03,8888
2371,大同,898,813,85,國泰-敦南,2023-07-03,8888
00675L,富邦臺灣加權正2,98,15,83,國泰-敦南,2023-07-03,8888
2337,旺宏,106,23,83,國泰-敦南,2023-07-03,8888
911868,同方友友-DR,96,14,82,國泰-敦南,2023-07-03,8888
8069,元太,155,74,81,國泰-敦南,2023-07-03,8888
2340,台亞,246,167,79,國泰-敦南,2023-07-03,8888
4563,百德,111,34,77,國泰-敦南,2023-07-03,8888
8234,新漢,104,28,76,國泰-敦南,2023-07-03,8888
2485,兆赫,158,89,69,國泰-敦南,2023-07-03,8888
6276,安鈦克,267,199,68,國泰-敦南,2023-07-03,8888
6274,台燿,114,46,68,國泰-敦南,2023-07-03,8888
1301,台塑,112,46,66,國泰-敦南,2023-07-03,8888
00888,永豐台灣ESG,136,71,65,國泰-敦南,2023-07-03,8888
3031,佰鴻,68,3,65,國泰-敦南,2023-07-03,8888
3711,日月光投控,153,89,64,國泰-敦南,2023-07-03,8888
1528,恩德,1379,1316,63,國泰-敦南,2023-07-03,8888
4157,太景*-KY,107,45,62,國泰-敦南,2023-07-03,8888
00881,國泰台灣5G+,3149,1379,1770,國泰-敦南,2023-07-04,8888
2603,長榮,4683,2924,1759,國泰-敦南,2023-07-04,8888
2609,陽明,2663,1180,1483,國泰-敦南,2023-07-04,8888
0056,元大高股息,2923,1910,1013,國泰-敦南,2023-07-04,8888
2317,鴻海,1226,251,975,國泰-敦南,2023-07-04,8888
00929,復華台灣科技優息,1320,405,915,國泰-敦南,2023-07-04,8888
00712,復華富時不動產,1673,1002,671,國泰-敦南,2023-07-04,8888
2891,中信金,614,59,555,國泰-敦南,2023-07-04,8888
2888,新光金,785,235,550,國泰-敦南,2023-07-04,8888
2883,凱基金,1142,720,422,國泰-敦南,2023-07-04,8888
00715L,期街口布蘭特正2,915,631,284,國泰-敦南,2023-07-04,8888
00720B,元大投資級公司債,380,148,232,國泰-敦南,2023-07-04,8888
00679B,元大美債20年,432,202,230,國泰-敦南,2023-07-04,8888
2105,正新,241,15,226,國泰-敦南,2023-07-04,8888
2371,大同,554,344,210,國泰-敦南,2023-07-04,8888
1513,中興電,473,265,208,國泰-敦南,2023-07-04,8888
2399,映泰,647,466,181,國泰-敦南,2023-07-04,8888
6112,邁達特,376,198,178,國泰-敦南,2023-07-04,8888
2419,仲琦,832,656,176,國泰-敦南,2023-07-04,8888
00637L,元大滬深300正2,217,46,171,國泰-敦南,2023-07-04,8888
3025,星通,1061,899,162,國泰-敦南,2023-07-04,8888
1605,華新,388,237,151,國泰-敦南,2023-07-04,8888
1301,台塑,202,51,151,國泰-敦南,2023-07-04,8888
6125,廣運,226,76,150,國泰-敦南,2023-07-04,8888
2301,光寶科,755,608,147,國泰-敦南,2023-07-04,8888
5531,鄉林,129,4,125,國泰-敦南,2023-07-04,8888
4938,和碩,169,45,124,國泰-敦南,2023-07-04,8888
2885,元大金,141,20,121,國泰-敦南,2023-07-04,8888
5426,振發,429,309,120,國泰-敦南,2023-07-04,8888
9105,泰金寶-DR,150,32,118,國泰-敦南,2023-07-04,8888
2421,建準,665,555,110,國泰-敦南,2023-07-04,8888
3706,神達,879,769,110,國泰-敦南,2023-07-04,8888
2002,中鋼,146,40,106,國泰-敦南,2023-07-04,8888
2630,亞航,160,54,106,國泰-敦南,2023-07-04,8888
2706,第一店,138,34,104,國泰-敦南,2023-07-04,8888
4414,如興,145,42,103,國泰-敦南,2023-07-04,8888
8110,華東,273,173,100,國泰-敦南,2023-07-04,8888
2486,一詮,320,225,95,國泰-敦南,2023-07-04,8888
00706L,期元大S＆P日圓正2,131,36,95,國泰-敦南,2023-07-04,8888
2748,雲品,156,61,95,國泰-敦南,2023-07-04,8888
1904,正隆,172,78,94,國泰-敦南,2023-07-04,8888
5465,富驊,181,88,93,國泰-敦南,2023-07-04,8888
1218,泰山,99,11,88,國泰-敦南,2023-07-04,8888
6223,旺矽,143,57,86,國泰-敦南,2023-07-04,8888
1444,力麗,111,28,83,國泰-敦南,2023-07-04,8888
2107,厚生,83,1,82,國泰-敦南,2023-07-04,8888
2332,友訊,320,238,82,國泰-敦南,2023-07-04,8888
2329,華泰,669,587,82,國泰-敦南,2023-07-04,8888
3045,台灣大,91,10,81,國泰-敦南,2023-07-04,8888
1303,南亞,86,6,80,國泰-敦南,2023-07-04,8888
0056,元大高股息,2873,984,1889,國泰-敦南,2023-07-05,8888
00673R,期元大S＆P原油反1,1814,463,1351,國泰-敦南,2023-07-05,8888
2356,英業達,2032,815,1217,國泰-敦南,2023-07-05,8888
00929,復華台灣科技優息,1540,393,1147,國泰-敦南,2023-07-05,8888
2609,陽明,3324,2221,1103,國泰-敦南,2023-07-05,8888
4414,如興,980,199,781,國泰-敦南,2023-07-05,8888
3231,緯創,2293,1671,622,國泰-敦南,2023-07-05,8888
2317,鴻海,718,214,504,國泰-敦南,2023-07-05,8888
00665L,富邦�琤肭磪囓�2,650,155,495,國泰-敦南,2023-07-05,8888
2883,凱基金,615,191,424,國泰-敦南,2023-07-05,8888
00712,復華富時不動產,708,332,376,國泰-敦南,2023-07-05,8888
2303,聯電,402,46,356,國泰-敦南,2023-07-05,8888
2610,華航,1089,740,349,國泰-敦南,2023-07-05,8888
2618,長榮航,2552,2206,346,國泰-敦南,2023-07-05,8888
2312,金寶,651,385,266,國泰-敦南,2023-07-05,8888
00720B,元大投資級公司債,378,114,264,國泰-敦南,2023-07-05,8888
2369,菱生,599,352,247,國泰-敦南,2023-07-05,8888
1605,華新,386,162,224,國泰-敦南,2023-07-05,8888
4904,遠傳,229,6,223,國泰-敦南,2023-07-05,8888
2402,毅嘉,2081,1861,220,國泰-敦南,2023-07-05,8888
00679B,元大美債20年,314,106,208,國泰-敦南,2023-07-05,8888
9907,統一實,245,38,207,國泰-敦南,2023-07-05,8888
2427,三商電,849,648,201,國泰-敦南,2023-07-05,8888
4155,訊映,324,146,178,國泰-敦南,2023-07-05,8888
1101,台泥,247,81,166,國泰-敦南,2023-07-05,8888
00713,元大台灣高息低波,217,51,166,國泰-敦南,2023-07-05,8888
1513,中興電,273,114,159,國泰-敦南,2023-07-05,8888
2419,仲琦,555,401,154,國泰-敦南,2023-07-05,8888
2889,國票金,171,20,151,國泰-敦南,2023-07-05,8888
5347,世界,170,23,147,國泰-敦南,2023-07-05,8888
00722B,群益投資級電信債,151,6,145,國泰-敦南,2023-07-05,8888
3055,蔚華科,170,31,139,國泰-敦南,2023-07-05,8888
2867,三商壽,246,113,133,國泰-敦南,2023-07-05,8888
2022,聚亨,141,8,133,國泰-敦南,2023-07-05,8888
2880,華南金,155,26,129,國泰-敦南,2023-07-05,8888
006208,富邦台50,163,39,124,國泰-敦南,2023-07-05,8888
8088,品安,147,24,123,國泰-敦南,2023-07-05,8888
3481,群創,354,235,119,國泰-敦南,2023-07-05,8888
00888,永豐台灣ESG,165,47,118,國泰-敦南,2023-07-05,8888
3260,威剛,279,161,118,國泰-敦南,2023-07-05,8888
1504,東元,167,55,112,國泰-敦南,2023-07-05,8888
1905,華紙,334,224,110,國泰-敦南,2023-07-05,8888
00882,中信中國高股息,500,391,109,國泰-敦南,2023-07-05,8888
3071,協禧,240,132,108,國泰-敦南,2023-07-05,8888
6188,廣明,283,178,105,國泰-敦南,2023-07-05,8888
4919,新唐,289,186,103,國泰-敦南,2023-07-05,8888
00687B,國泰20年美債,191,87,104,國泰-敦南,2023-07-05,8888
2324,仁寶,203,105,98,國泰-敦南,2023-07-05,8888
3163,波若威,472,375,97,國泰-敦南,2023-07-05,8888
00637L,元大滬深300正2,228,132,96,國泰-敦南,2023-07-05,8888
00673R,期元大S＆P原油反1,2541,243,2298,國泰-敦南,2023-07-06,8888
0056,元大高股息,2939,1018,1921,國泰-敦南,2023-07-06,8888
00882,中信中國高股息,1745,323,1422,國泰-敦南,2023-07-06,8888
00929,復華台灣科技優息,1564,179,1385,國泰-敦南,2023-07-06,8888
2883,凱基金,1344,246,1098,國泰-敦南,2023-07-06,8888
00688L,國泰20年美債正2,1101,15,1086,國泰-敦南,2023-07-06,8888
00665L,富邦�琤肭磪囓�2,1274,223,1051,國泰-敦南,2023-07-06,8888
00680L,元大美債20正2,1200,211,989,國泰-敦南,2023-07-06,8888
2317,鴻海,1025,152,873,國泰-敦南,2023-07-06,8888
00687B,國泰20年美債,922,89,833,國泰-敦南,2023-07-06,8888
00720B,元大投資級公司債,948,152,796,國泰-敦南,2023-07-06,8888
2882,國泰金,863,80,783,國泰-敦南,2023-07-06,8888
00679B,元大美債20年,848,72,776,國泰-敦南,2023-07-06,8888
00671R,富邦NASDAQ反1,756,26,730,國泰-敦南,2023-07-06,8888
2002,中鋼,689,48,641,國泰-敦南,2023-07-06,8888
2891,中信金,732,136,596,國泰-敦南,2023-07-06,8888
1101,台泥,647,78,569,國泰-敦南,2023-07-06,8888
2880,華南金,519,25,494,國泰-敦南,2023-07-06,8888
3013,晟銘電,2597,2138,459,國泰-敦南,2023-07-06,8888
2888,新光金,690,280,410,國泰-敦南,2023-07-06,8888
6282,康舒,1569,1159,410,國泰-敦南,2023-07-06,8888
8215,明基材,917,520,397,國泰-敦南,2023-07-06,8888
00753L,中信中國50正2,533,138,395,國泰-敦南,2023-07-06,8888
0050,元大台灣50,471,82,389,國泰-敦南,2023-07-06,8888
2618,長榮航,2434,2104,330,國泰-敦南,2023-07-06,8888
00751B,元大AAA至A公司債,397,70,327,國泰-敦南,2023-07-06,8888
3037,欣興,511,184,327,國泰-敦南,2023-07-06,8888
00795B,中信美國公債20年,397,77,320,國泰-敦南,2023-07-06,8888
2887,台新金,614,297,317,國泰-敦南,2023-07-06,8888
2881,富邦金,329,17,312,國泰-敦南,2023-07-06,8888
5880,合庫金,307,7,300,國泰-敦南,2023-07-06,8888
006208,富邦台50,324,25,299,國泰-敦南,2023-07-06,8888
2885,元大金,327,36,291,國泰-敦南,2023-07-06,8888
2330,台積電,323,33,290,國泰-敦南,2023-07-06,8888
2329,華泰,846,581,265,國泰-敦南,2023-07-06,8888
4414,如興,360,95,265,國泰-敦南,2023-07-06,8888
2401,凌陽,308,51,257,國泰-敦南,2023-07-06,8888
2356,英業達,1668,1422,246,國泰-敦南,2023-07-06,8888
6770,力積電,303,63,240,國泰-敦南,2023-07-06,8888
9907,統一實,307,70,237,國泰-敦南,2023-07-06,8888
5009,榮剛,367,131,236,國泰-敦南,2023-07-06,8888
2892,第一金,233,7,226,國泰-敦南,2023-07-06,8888
00722B,群益投資級電信債,258,37,221,國泰-敦南,2023-07-06,8888
9904,寶成,228,8,220,國泰-敦南,2023-07-06,8888
1301,台塑,234,21,213,國泰-敦南,2023-07-06,8888
2323,中環,1004,794,210,國泰-敦南,2023-07-06,8888
00712,復華富時不動產,1473,1265,208,國泰-敦南,2023-07-06,8888
00878,國泰永續高股息,2699,2500,199,國泰-敦南,2023-07-06,8888
00922,國泰台灣領袖50,345,147,198,國泰-敦南,2023-07-06,8888
00637L,元大滬深300正2,354,159,195,國泰-敦南,2023-07-06,8888
00673R,期元大S＆P原油反1,2255,595,1660,國泰-敦南,2023-07-07,8888
0056,元大高股息,2984,1349,1635,國泰-敦南,2023-07-07,8888
00929,復華台灣科技優息,2195,591,1604,國泰-敦南,2023-07-07,8888
00632R,元大台灣50反1,2976,1515,1461,國泰-敦南,2023-07-07,8888
00679B,元大美債20年,1015,113,902,國泰-敦南,2023-07-07,8888
00720B,元大投資級公司債,957,72,885,國泰-敦南,2023-07-07,8888
00688L,國泰20年美債正2,753,47,706,國泰-敦南,2023-07-07,8888
00882,中信中國高股息,853,273,580,國泰-敦南,2023-07-07,8888
00680L,元大美債20正2,620,73,547,國泰-敦南,2023-07-07,8888
00665L,富邦�琤肭磪囓�2,858,370,488,國泰-敦南,2023-07-07,8888
00687B,國泰20年美債,518,53,465,國泰-敦南,2023-07-07,8888
00751B,元大AAA至A公司債,459,20,439,國泰-敦南,2023-07-07,8888
2344,華邦電,481,88,393,國泰-敦南,2023-07-07,8888
00676R,富邦臺灣加權反1,372,28,344,國泰-敦南,2023-07-07,8888
2882,國泰金,443,115,328,國泰-敦南,2023-07-07,8888
3231,緯創,4222,3900,322,國泰-敦南,2023-07-07,8888
2002,中鋼,456,153,303,國泰-敦南,2023-07-07,8888
4510,高鋒,636,362,274,國泰-敦南,2023-07-07,8888
2356,英業達,1199,941,258,國泰-敦南,2023-07-07,8888
3481,群創,751,496,255,國泰-敦南,2023-07-07,8888
2880,華南金,262,11,251,國泰-敦南,2023-07-07,8888
00713,元大台灣高息低波,460,210,250,國泰-敦南,2023-07-07,8888
2812,台中銀,283,37,246,國泰-敦南,2023-07-07,8888
00927,群益半導體收益,258,14,244,國泰-敦南,2023-07-07,8888
2883,凱基金,697,468,229,國泰-敦南,2023-07-07,8888
2881,富邦金,242,38,204,國泰-敦南,2023-07-07,8888
00712,復華富時不動產,1973,1770,203,國泰-敦南,2023-07-07,8888
2340,台亞,829,630,199,國泰-敦南,2023-07-07,8888
00772B,中信高評級公司債,382,185,197,國泰-敦南,2023-07-07,8888
2409,友達,394,206,188,國泰-敦南,2023-07-07,8888
00722B,群益投資級電信債,219,41,178,國泰-敦南,2023-07-07,8888
1301,台塑,193,20,173,國泰-敦南,2023-07-07,8888
2888,新光金,384,214,170,國泰-敦南,2023-07-07,8888
1608,華榮,180,15,165,國泰-敦南,2023-07-07,8888
2884,玉山金,293,130,163,國泰-敦南,2023-07-07,8888
00885,富邦越南,280,131,149,國泰-敦南,2023-07-07,8888
1314,中石化,219,73,146,國泰-敦南,2023-07-07,8888
2887,台新金,578,437,141,國泰-敦南,2023-07-07,8888
4414,如興,276,139,137,國泰-敦南,2023-07-07,8888
0050,元大台灣50,206,76,130,國泰-敦南,2023-07-07,8888
00922,國泰台灣領袖50,173,43,130,國泰-敦南,2023-07-07,8888
1101,台泥,216,87,129,國泰-敦南,2023-07-07,8888
6443,元晶,190,62,128,國泰-敦南,2023-07-07,8888
00795B,中信美國公債20年,195,69,126,國泰-敦南,2023-07-07,8888
3380,明泰,400,275,125,國泰-敦南,2023-07-07,8888
1312,國喬,126,6,120,國泰-敦南,2023-07-07,8888
00725B,國泰投資級公司債,136,21,115,國泰-敦南,2023-07-07,8888
3363,上詮,510,400,110,國泰-敦南,2023-07-07,8888
2324,仁寶,302,194,108,國泰-敦南,2023-07-07,8888
4532,瑞智,1803,1696,107,國泰-敦南,2023-07-07,8888
00673R,期元大S＆P原油反1,2196,787,1409,國泰-敦南,2023-07-10,8888
00679B,元大美債20年,1498,217,1281,國泰-敦南,2023-07-10,8888
00929,復華台灣科技優息,1289,148,1141,國泰-敦南,2023-07-10,8888
00882,中信中國高股息,1079,113,966,國泰-敦南,2023-07-10,8888
00881,國泰台灣5G+,933,246,687,國泰-敦南,2023-07-10,8888
4532,瑞智,3580,2894,686,國泰-敦南,2023-07-10,8888
00665L,富邦�琤肭磪囓�2,947,334,613,國泰-敦南,2023-07-10,8888
00687B,國泰20年美債,597,65,532,國泰-敦南,2023-07-10,8888
2618,長榮航,911,414,497,國泰-敦南,2023-07-10,8888
2609,陽明,1304,864,440,國泰-敦南,2023-07-10,8888
00688L,國泰20年美債正2,488,58,430,國泰-敦南,2023-07-10,8888
6282,康舒,1344,966,378,國泰-敦南,2023-07-10,8888
2883B,凱基金乙特,370,1,369,國泰-敦南,2023-07-10,8888
00720B,元大投資級公司債,349,37,312,國泰-敦南,2023-07-10,8888
00751B,元大AAA至A公司債,326,16,310,國泰-敦南,2023-07-10,8888
1101,台泥,426,129,297,國泰-敦南,2023-07-10,8888
2317,鴻海,340,66,274,國泰-敦南,2023-07-10,8888
00680L,元大美債20正2,653,388,265,國泰-敦南,2023-07-10,8888
00919,群益台灣精選高息,450,191,259,國泰-敦南,2023-07-10,8888
2888,新光金,375,132,243,國泰-敦南,2023-07-10,8888
2356,英業達,938,710,228,國泰-敦南,2023-07-10,8888
2884,玉山金,332,110,222,國泰-敦南,2023-07-10,8888
00664R,國泰臺灣加權反1,211,7,204,國泰-敦南,2023-07-10,8888
2886,兆豐金,252,57,195,國泰-敦南,2023-07-10,8888
2419,仲琦,1251,1058,193,國泰-敦南,2023-07-10,8888
00713,元大台灣高息低波,342,150,192,國泰-敦南,2023-07-10,8888
00772B,中信高評級公司債,275,85,190,國泰-敦南,2023-07-10,8888
4533,協易機,452,271,181,國泰-敦南,2023-07-10,8888
2303,聯電,267,87,180,國泰-敦南,2023-07-10,8888
00927,群益半導體收益,186,12,174,國泰-敦南,2023-07-10,8888
2603,長榮,427,261,166,國泰-敦南,2023-07-10,8888
3018,隆銘綠能,220,58,162,國泰-敦南,2023-07-10,8888
3191,雲嘉南,166,9,157,國泰-敦南,2023-07-10,8888
6016,康和證,355,199,156,國泰-敦南,2023-07-10,8888
4979,華星光,709,557,152,國泰-敦南,2023-07-10,8888
2845,遠東銀,161,10,151,國泰-敦南,2023-07-10,8888
2883,凱基金,886,743,143,國泰-敦南,2023-07-10,8888
2457,飛宏,365,229,136,國泰-敦南,2023-07-10,8888
1528,恩德,351,216,135,國泰-敦南,2023-07-10,8888
00722B,群益投資級電信債,140,11,129,國泰-敦南,2023-07-10,8888
006208,富邦台50,180,62,118,國泰-敦南,2023-07-10,8888
2002,中鋼,164,46,118,國泰-敦南,2023-07-10,8888
2324,仁寶,255,144,111,國泰-敦南,2023-07-10,8888
0056,元大高股息,1235,1130,105,國泰-敦南,2023-07-10,8888
1324,地球,145,40,105,國泰-敦南,2023-07-10,8888
2312,金寶,173,70,103,國泰-敦南,2023-07-10,8888
6770,力積電,148,48,100,國泰-敦南,2023-07-10,8888
2867,三商壽,208,108,100,國泰-敦南,2023-07-10,8888
2880,華南金,120,24,96,國泰-敦南,2023-07-10,8888
2812,台中銀,124,29,95,國泰-敦南,2023-07-10,8888
00688L,國泰20年美債正2,1091,68,1023,國泰-敦南,2023-07-11,8888
00881,國泰台灣5G+,1440,600,840,國泰-敦南,2023-07-11,8888
00664R,國泰臺灣加權反1,759,33,726,國泰-敦南,2023-07-11,8888
00673R,期元大S＆P原油反1,570,70,500,國泰-敦南,2023-07-11,8888
2340,台亞,2028,1588,440,國泰-敦南,2023-07-11,8888
00929,復華台灣科技優息,845,445,400,國泰-敦南,2023-07-11,8888
1101,台泥,400,54,346,國泰-敦南,2023-07-11,8888
00687B,國泰20年美債,415,80,335,國泰-敦南,2023-07-11,8888
4934,太極,1231,915,316,國泰-敦南,2023-07-11,8888
2609,陽明,862,566,296,國泰-敦南,2023-07-11,8888
00679B,元大美債20年,335,39,296,國泰-敦南,2023-07-11,8888
3191,雲嘉南,297,2,295,國泰-敦南,2023-07-11,8888
2618,長榮航,1573,1325,248,國泰-敦南,2023-07-11,8888
00720B,元大投資級公司債,329,81,248,國泰-敦南,2023-07-11,8888
2332,友訊,322,75,247,國泰-敦南,2023-07-11,8888
2457,飛宏,726,499,227,國泰-敦南,2023-07-11,8888
00882,中信中國高股息,300,96,204,國泰-敦南,2023-07-11,8888
1604,聲寶,278,89,189,國泰-敦南,2023-07-11,8888
3025,星通,1243,1086,157,國泰-敦南,2023-07-11,8888
8933,愛地雅,187,36,151,國泰-敦南,2023-07-11,8888
2303,聯電,269,122,147,國泰-敦南,2023-07-11,8888
00795B,中信美國公債20年,154,15,139,國泰-敦南,2023-07-11,8888
00680L,元大美債20正2,266,128,138,國泰-敦南,2023-07-11,8888
6288,聯嘉,309,171,138,國泰-敦南,2023-07-11,8888
4510,高鋒,527,391,136,國泰-敦南,2023-07-11,8888
3052,夆典,152,19,133,國泰-敦南,2023-07-11,8888
2883B,凱基金乙特,142,9,133,國泰-敦南,2023-07-11,8888
2002,中鋼,151,21,130,國泰-敦南,2023-07-11,8888
5475,德宏,142,20,122,國泰-敦南,2023-07-11,8888
2883,凱基金,280,165,115,國泰-敦南,2023-07-11,8888
8071,能率網通,201,92,109,國泰-敦南,2023-07-11,8888
1301,台塑,114,12,102,國泰-敦南,2023-07-11,8888
00722B,群益投資級電信債,101,0,101,國泰-敦南,2023-07-11,8888
2402,毅嘉,505,406,99,國泰-敦南,2023-07-11,8888
4707,磐亞,100,2,98,國泰-敦南,2023-07-11,8888
6282,康舒,738,644,94,國泰-敦南,2023-07-11,8888
2328,廣宇,164,72,92,國泰-敦南,2023-07-11,8888
1514,亞力,239,155,84,國泰-敦南,2023-07-11,8888
4564,元翎,127,44,83,國泰-敦南,2023-07-11,8888
4164,承業醫,120,37,83,國泰-敦南,2023-07-11,8888
2208,台船,142,58,84,國泰-敦南,2023-07-11,8888
9958,世紀鋼,206,125,81,國泰-敦南,2023-07-11,8888
3356,奇偶,196,117,79,國泰-敦南,2023-07-11,8888
3055,蔚華科,127,48,79,國泰-敦南,2023-07-11,8888
8936,國統,223,147,76,國泰-敦南,2023-07-11,8888
5465,富驊,158,83,75,國泰-敦南,2023-07-11,8888
1471,首利,142,73,69,國泰-敦南,2023-07-11,8888
00892,富邦台灣半導體,91,23,68,國泰-敦南,2023-07-11,8888
2516,新建,68,0,68,國泰-敦南,2023-07-11,8888
6234,高僑,307,240,67,國泰-敦南,2023-07-11,8888
00929,復華台灣科技優息,1680,571,1109,國泰-敦南,2023-07-12,8888
00673R,期元大S＆P原油反1,2108,1115,993,國泰-敦南,2023-07-12,8888
2303,聯電,902,173,729,國泰-敦南,2023-07-12,8888
00680L,元大美債20正2,805,127,678,國泰-敦南,2023-07-12,8888
00679B,元大美債20年,742,174,568,國泰-敦南,2023-07-12,8888
2323,中環,738,327,411,國泰-敦南,2023-07-12,8888
3191,雲嘉南,372,1,371,國泰-敦南,2023-07-12,8888
3231,緯創,4011,3681,330,國泰-敦南,2023-07-12,8888
00882,中信中國高股息,399,75,324,國泰-敦南,2023-07-12,8888
6285,啟��,714,407,307,國泰-敦南,2023-07-12,8888
00688L,國泰20年美債正2,305,16,289,國泰-敦南,2023-07-12,8888
2481,強茂,1015,746,269,國泰-敦南,2023-07-12,8888
00687B,國泰20年美債,506,255,251,國泰-敦南,2023-07-12,8888
2486,一詮,812,562,250,國泰-敦南,2023-07-12,8888
00632R,元大台灣50反1,517,268,249,國泰-敦南,2023-07-12,8888
2356,英業達,4164,3917,247,國泰-敦南,2023-07-12,8888
6005,群益證,257,26,231,國泰-敦南,2023-07-12,8888
2867,三商壽,209,33,176,國泰-敦南,2023-07-12,8888
00664R,國泰臺灣加權反1,205,30,175,國泰-敦南,2023-07-12,8888
00720B,元大投資級公司債,267,95,172,國泰-敦南,2023-07-12,8888
1314,中石化,224,52,172,國泰-敦南,2023-07-12,8888
6548,長科*,198,26,172,國泰-敦南,2023-07-12,8888
1101,台泥,209,41,168,國泰-敦南,2023-07-12,8888
3481,群創,803,636,167,國泰-敦南,2023-07-12,8888
2301,光寶科,1173,1009,164,國泰-敦南,2023-07-12,8888
9904,寶成,173,13,160,國泰-敦南,2023-07-12,8888
00905,FT臺灣Smart,195,53,142,國泰-敦南,2023-07-12,8888
2834,臺企銀,207,70,137,國泰-敦南,2023-07-12,8888
2419,仲琦,590,453,137,國泰-敦南,2023-07-12,8888
00927,群益半導體收益,163,36,127,國泰-敦南,2023-07-12,8888
2812,台中銀,137,12,125,國泰-敦南,2023-07-12,8888
1513,中興電,438,318,120,國泰-敦南,2023-07-12,8888
2609,陽明,1261,1143,118,國泰-敦南,2023-07-12,8888
6218,豪勉,283,167,116,國泰-敦南,2023-07-12,8888
2409,友達,360,244,116,國泰-敦南,2023-07-12,8888
2027,大成鋼,115,4,111,國泰-敦南,2023-07-12,8888
3037,欣興,208,102,106,國泰-敦南,2023-07-12,8888
00706L,期元大S＆P日圓正2,219,114,105,國泰-敦南,2023-07-12,8888
00891,中信關鍵半導體,283,179,104,國泰-敦南,2023-07-12,8888
00642U,期元大S＆P石油,189,85,104,國泰-敦南,2023-07-12,8888
4532,瑞智,787,687,100,國泰-敦南,2023-07-12,8888
9103,美德醫療-DR,101,1,100,國泰-敦南,2023-07-12,8888
2406,國碩,128,30,98,國泰-敦南,2023-07-12,8888
3704,合勤控,345,248,97,國泰-敦南,2023-07-12,8888
6770,力積電,129,38,91,國泰-敦南,2023-07-12,8888
5258,虹堡,499,408,91,國泰-敦南,2023-07-12,8888
2002,中鋼,147,61,86,國泰-敦南,2023-07-12,8888
00733,富邦臺灣中小,120,35,85,國泰-敦南,2023-07-12,8888
8936,國統,195,109,86,國泰-敦南,2023-07-12,8888
3025,星通,609,525,84,國泰-敦南,2023-07-12,8888
00929,復華台灣科技優息,2655,577,2078,國泰-敦南,2023-07-13,8888
00930,永豐ESG低碳高息,2019,67,1952,國泰-敦南,2023-07-13,8888
2618,長榮航,3706,2454,1252,國泰-敦南,2023-07-13,8888
3231,緯創,5209,4036,1173,國泰-敦南,2023-07-13,8888
2610,華航,2619,1705,914,國泰-敦南,2023-07-13,8888
00673R,期元大S＆P原油反1,1276,474,802,國泰-敦南,2023-07-13,8888
00680L,元大美債20正2,759,278,481,國泰-敦南,2023-07-13,8888
1609,大亞,869,421,448,國泰-敦南,2023-07-13,8888
00679B,元大美債20年,491,135,356,國泰-敦南,2023-07-13,8888
00687B,國泰20年美債,499,147,352,國泰-敦南,2023-07-13,8888
2324,仁寶,2346,2000,346,國泰-敦南,2023-07-13,8888
2352,佳世達,1180,857,323,國泰-敦南,2023-07-13,8888
2883,凱基金,421,193,228,國泰-敦南,2023-07-13,8888
2376,技嘉,1296,1074,222,國泰-敦南,2023-07-13,8888
2303,聯電,494,294,200,國泰-敦南,2023-07-13,8888
00882,中信中國高股息,443,248,195,國泰-敦南,2023-07-13,8888
00720B,元大投資級公司債,383,189,194,國泰-敦南,2023-07-13,8888
4533,協易機,876,690,186,國泰-敦南,2023-07-13,8888
8936,國統,459,282,177,國泰-敦南,2023-07-13,8888
6282,康舒,882,708,174,國泰-敦南,2023-07-13,8888
6548,長科*,307,133,174,國泰-敦南,2023-07-13,8888
2889,國票金,267,118,149,國泰-敦南,2023-07-13,8888
8050,廣積,364,222,142,國泰-敦南,2023-07-13,8888
2399,映泰,438,302,136,國泰-敦南,2023-07-13,8888
1471,首利,239,107,132,國泰-敦南,2023-07-13,8888
6120,達運,983,859,124,國泰-敦南,2023-07-13,8888
5483,中美晶,370,248,122,國泰-敦南,2023-07-13,8888
00858,永豐美國500大,136,15,121,國泰-敦南,2023-07-13,8888
00650L,復華香港正2,188,68,120,國泰-敦南,2023-07-13,8888
2317,鴻海,229,113,116,國泰-敦南,2023-07-13,8888
2353,宏��,804,691,113,國泰-敦南,2023-07-13,8888
2329,華泰,1043,937,106,國泰-敦南,2023-07-13,8888
9904,寶成,109,3,106,國泰-敦南,2023-07-13,8888
3576,聯合再生,140,34,106,國泰-敦南,2023-07-13,8888
2421,建準,698,594,104,國泰-敦南,2023-07-13,8888
2449,京元電子,542,440,102,國泰-敦南,2023-07-13,8888
6188,廣明,786,685,101,國泰-敦南,2023-07-13,8888
00632R,元大台灣50反1,1955,1855,100,國泰-敦南,2023-07-13,8888
6191,精成科,174,75,99,國泰-敦南,2023-07-13,8888
00722B,群益投資級電信債,124,27,97,國泰-敦南,2023-07-13,8888
6443,元晶,172,82,90,國泰-敦南,2023-07-13,8888
1905,華紙,343,256,87,國泰-敦南,2023-07-13,8888
6182,合晶,157,71,86,國泰-敦南,2023-07-13,8888
00669R,國泰美國道瓊反1,86,0,86,國泰-敦南,2023-07-13,8888
3372,典範,111,26,85,國泰-敦南,2023-07-13,8888
2614,東森,172,88,84,國泰-敦南,2023-07-13,8888
2882,國泰金,220,137,83,國泰-敦南,2023-07-13,8888
00907,永豐優息存股,86,5,81,國泰-敦南,2023-07-13,8888
2885,元大金,114,32,82,國泰-敦南,2023-07-13,8888
2332,友訊,145,64,81,國泰-敦南,2023-07-13,8888
00632R,元大台灣50反1,2630,889,1741,國泰-敦南,2023-07-14,8888
00929,復華台灣科技優息,2123,583,1540,國泰-敦南,2023-07-14,8888
00882,中信中國高股息,1376,87,1289,國泰-敦南,2023-07-14,8888
2618,長榮航,3845,2642,1203,國泰-敦南,2023-07-14,8888
2610,華航,3622,2594,1028,國泰-敦南,2023-07-14,8888
00753L,中信中國50正2,1232,220,1012,國泰-敦南,2023-07-14,8888
00687B,國泰20年美債,812,68,744,國泰-敦南,2023-07-14,8888
3191,雲嘉南,719,15,704,國泰-敦南,2023-07-14,8888
00673R,期元大S＆P原油反1,1580,993,587,國泰-敦南,2023-07-14,8888
00720B,元大投資級公司債,575,96,479,國泰-敦南,2023-07-14,8888
00930,永豐ESG低碳高息,576,98,478,國泰-敦南,2023-07-14,8888
00679B,元大美債20年,632,172,460,國泰-敦南,2023-07-14,8888
2382,廣達,2797,2409,388,國泰-敦南,2023-07-14,8888
00722B,群益投資級電信債,375,1,374,國泰-敦南,2023-07-14,8888
3706,神達,681,355,326,國泰-敦南,2023-07-14,8888
2371,大同,915,596,319,國泰-敦南,2023-07-14,8888
6235,華孚,900,600,300,國泰-敦南,2023-07-14,8888
2609,陽明,848,562,286,國泰-敦南,2023-07-14,8888
2419,仲琦,1477,1242,235,國泰-敦南,2023-07-14,8888
2405,輔信,246,11,235,國泰-敦南,2023-07-14,8888
00772B,中信高評級公司債,338,154,184,國泰-敦南,2023-07-14,8888
3287,廣寰科,267,87,180,國泰-敦南,2023-07-14,8888
1609,大亞,529,358,171,國泰-敦南,2023-07-14,8888
00642U,期元大S＆P石油,207,39,168,國泰-敦南,2023-07-14,8888
3380,明泰,677,513,164,國泰-敦南,2023-07-14,8888
6288,聯嘉,272,123,149,國泰-敦南,2023-07-14,8888
00725B,國泰投資級公司債,167,35,132,國泰-敦南,2023-07-14,8888
2376,技嘉,955,824,131,國泰-敦南,2023-07-14,8888
2436,偉詮電,328,210,118,國泰-敦南,2023-07-14,8888
2867,三商壽,213,94,119,國泰-敦南,2023-07-14,8888
3704,合勤控,660,549,111,國泰-敦南,2023-07-14,8888
2301,光寶科,2173,2062,111,國泰-敦南,2023-07-14,8888
2329,華泰,743,633,110,國泰-敦南,2023-07-14,8888
6530,創威,104,7,97,國泰-敦南,2023-07-14,8888
2883B,凱基金乙特,95,0,95,國泰-敦南,2023-07-14,8888
00715L,期街口布蘭特正2,390,295,95,國泰-敦南,2023-07-14,8888
4532,瑞智,442,347,95,國泰-敦南,2023-07-14,8888
3032,偉訓,265,179,86,國泰-敦南,2023-07-14,8888
2603,長榮,561,476,85,國泰-敦南,2023-07-14,8888
3363,上詮,777,692,85,國泰-敦南,2023-07-14,8888
00902,中信電池及儲能,130,47,83,國泰-敦南,2023-07-14,8888
2312,金寶,520,438,82,國泰-敦南,2023-07-14,8888
00751B,元大AAA至A公司債,184,103,81,國泰-敦南,2023-07-14,8888
6477,安集,94,14,80,國泰-敦南,2023-07-14,8888
2344,華邦電,314,240,74,國泰-敦南,2023-07-14,8888
2208,台船,99,27,72,國泰-敦南,2023-07-14,8888
2002,中鋼,172,100,72,國泰-敦南,2023-07-14,8888
2206,三陽工業,143,74,69,國泰-敦南,2023-07-14,8888
1319,東陽,111,44,67,國泰-敦南,2023-07-14,8888
4510,高鋒,148,83,65,國泰-敦南,2023-07-14,8888
00929,復華台灣科技優息,4468,807,3661,國泰-敦南,2023-07-17,8888
00882,中信中國高股息,1695,484,1211,國泰-敦南,2023-07-17,8888
00720B,元大投資級公司債,828,129,699,國泰-敦南,2023-07-17,8888
2356,英業達,2763,2098,665,國泰-敦南,2023-07-17,8888
00665L,富邦�琤肭磪囓�2,620,182,438,國泰-敦南,2023-07-17,8888
2371,大同,1162,743,419,國泰-敦南,2023-07-17,8888
00753L,中信中國50正2,442,109,333,國泰-敦南,2023-07-17,8888
2382,廣達,1325,1020,305,國泰-敦南,2023-07-17,8888
00679B,元大美債20年,480,188,292,國泰-敦南,2023-07-17,8888
2812,台中銀,423,143,280,國泰-敦南,2023-07-17,8888
3706,神達,390,126,264,國泰-敦南,2023-07-17,8888
1402,遠東新,238,1,237,國泰-敦南,2023-07-17,8888
00687B,國泰20年美債,422,187,235,國泰-敦南,2023-07-17,8888
2867,三商壽,322,91,231,國泰-敦南,2023-07-17,8888
2618,長榮航,1831,1602,229,國泰-敦南,2023-07-17,8888
3231,緯創,640,417,223,國泰-敦南,2023-07-17,8888
00725B,國泰投資級公司債,228,7,221,國泰-敦南,2023-07-17,8888
00930,永豐ESG低碳高息,423,225,198,國泰-敦南,2023-07-17,8888
1101,台泥,303,107,196,國泰-敦南,2023-07-17,8888
2352,佳世達,684,490,194,國泰-敦南,2023-07-17,8888
2402,毅嘉,459,266,193,國泰-敦南,2023-07-17,8888
6235,華孚,475,285,190,國泰-敦南,2023-07-17,8888
2801,彰銀,231,44,187,國泰-敦南,2023-07-17,8888
00673R,期元大S＆P原油反1,866,689,177,國泰-敦南,2023-07-17,8888
2301,光寶科,1735,1560,175,國泰-敦南,2023-07-17,8888
3037,欣興,547,379,168,國泰-敦南,2023-07-17,8888
8933,愛地雅,232,67,165,國泰-敦南,2023-07-17,8888
00637L,元大滬深300正2,315,154,161,國泰-敦南,2023-07-17,8888
2331,精英,336,183,153,國泰-敦南,2023-07-17,8888
6191,精成科,425,273,152,國泰-敦南,2023-07-17,8888
2515,中工,263,120,143,國泰-敦南,2023-07-17,8888
6179,亞通,347,209,138,國泰-敦南,2023-07-17,8888
2419,仲琦,837,706,131,國泰-敦南,2023-07-17,8888
00632R,元大台灣50反1,599,472,127,國泰-敦南,2023-07-17,8888
2409,友達,589,469,120,國泰-敦南,2023-07-17,8888
3058,立德,162,46,116,國泰-敦南,2023-07-17,8888
3325,旭品,237,125,112,國泰-敦南,2023-07-17,8888
2330,台積電,206,96,110,國泰-敦南,2023-07-17,8888
00927,群益半導體收益,215,108,107,國泰-敦南,2023-07-17,8888
2542,興富發,211,108,103,國泰-敦南,2023-07-17,8888
2324,仁寶,1656,1553,103,國泰-敦南,2023-07-17,8888
3540,曜越,382,285,97,國泰-敦南,2023-07-17,8888
4123,晟德,239,143,96,國泰-敦南,2023-07-17,8888
3380,明泰,664,568,96,國泰-敦南,2023-07-17,8888
3191,雲嘉南,93,2,91,國泰-敦南,2023-07-17,8888
2314,台揚,148,58,90,國泰-敦南,2023-07-17,8888
00680L,元大美債20正2,208,119,89,國泰-敦南,2023-07-17,8888
1503,士電,569,482,87,國泰-敦南,2023-07-17,8888
3306,鼎天,429,342,87,國泰-敦南,2023-07-17,8888
2388,威盛,1537,1452,85,國泰-敦南,2023-07-17,8888
00929,復華台灣科技優息,6838,1184,5654,國泰-敦南,2023-07-18,8888
00882,中信中國高股息,4258,862,3396,國泰-敦南,2023-07-18,8888
2324,仁寶,5274,2692,2582,國泰-敦南,2023-07-18,8888
3706,神達,5276,2814,2462,國泰-敦南,2023-07-18,8888
2312,金寶,4718,3187,1531,國泰-敦南,2023-07-18,8888
6282,康舒,5083,4037,1046,國泰-敦南,2023-07-18,8888
2352,佳世達,2843,1818,1025,國泰-敦南,2023-07-18,8888
2356,英業達,6456,5534,922,國泰-敦南,2023-07-18,8888
00665L,富邦�琤肭磪囓�2,1421,585,836,國泰-敦南,2023-07-18,8888
4938,和碩,1772,966,806,國泰-敦南,2023-07-18,8888
00720B,元大投資級公司債,899,184,715,國泰-敦南,2023-07-18,8888
00679B,元大美債20年,589,137,452,國泰-敦南,2023-07-18,8888
1609,大亞,1589,1172,417,國泰-敦南,2023-07-18,8888
00712,復華富時不動產,871,470,401,國泰-敦南,2023-07-18,8888
6188,廣明,1248,888,360,國泰-敦南,2023-07-18,8888
00687B,國泰20年美債,535,179,356,國泰-敦南,2023-07-18,8888
1605,華新,452,109,343,國泰-敦南,2023-07-18,8888
00907,永豐優息存股,362,19,343,國泰-敦南,2023-07-18,8888
2515,中工,356,48,308,國泰-敦南,2023-07-18,8888
1514,亞力,1038,747,291,國泰-敦南,2023-07-18,8888
2353,宏��,1934,1663,271,國泰-敦南,2023-07-18,8888
5469,瀚宇博,479,211,268,國泰-敦南,2023-07-18,8888
00930,永豐ESG低碳高息,379,123,256,國泰-敦南,2023-07-18,8888
00772B,中信高評級公司債,301,54,247,國泰-敦南,2023-07-18,8888
1513,中興電,654,425,229,國泰-敦南,2023-07-18,8888
2890,永豐金,488,266,222,國泰-敦南,2023-07-18,8888
00725B,國泰投資級公司債,265,47,218,國泰-敦南,2023-07-18,8888
1905,華紙,403,184,219,國泰-敦南,2023-07-18,8888
1313,聯成,447,235,212,國泰-敦南,2023-07-18,8888
2419,仲琦,1487,1281,206,國泰-敦南,2023-07-18,8888
2330,台積電,281,78,203,國泰-敦南,2023-07-18,8888
2897,王道銀行,235,36,199,國泰-敦南,2023-07-18,8888
1402,遠東新,226,29,197,國泰-敦南,2023-07-18,8888
2301,光寶科,1430,1236,194,國泰-敦南,2023-07-18,8888
00722B,群益投資級電信債,223,33,190,國泰-敦南,2023-07-18,8888
3481,群創,687,498,189,國泰-敦南,2023-07-18,8888
2889,國票金,189,30,159,國泰-敦南,2023-07-18,8888
3694,海華,335,182,153,國泰-敦南,2023-07-18,8888
00715L,期街口布蘭特正2,360,209,151,國泰-敦南,2023-07-18,8888
8201,無敵,176,26,150,國泰-敦南,2023-07-18,8888
00888,永豐台灣ESG,385,246,139,國泰-敦南,2023-07-18,8888
3163,波若威,727,590,137,國泰-敦南,2023-07-18,8888
2457,飛宏,457,323,134,國泰-敦南,2023-07-18,8888
6285,啟��,755,623,132,國泰-敦南,2023-07-18,8888
1101,台泥,263,134,129,國泰-敦南,2023-07-18,8888
3078,僑威,1033,903,130,國泰-敦南,2023-07-18,8888
8215,明基材,215,91,124,國泰-敦南,2023-07-18,8888
2449,京元電子,874,754,120,國泰-敦南,2023-07-18,8888
006208,富邦台50,236,116,120,國泰-敦南,2023-07-18,8888
3025,星通,353,236,117,國泰-敦南,2023-07-18,8888
00929,復華台灣科技優息,3915,1341,2574,國泰-敦南,2023-07-19,8888
00882,中信中國高股息,1526,615,911,國泰-敦南,2023-07-19,8888
00665L,富邦�琤肭磪囓�2,1421,605,816,國泰-敦南,2023-07-19,8888
9105,泰金寶-DR,1244,513,731,國泰-敦南,2023-07-19,8888
2618,長榮航,2383,1696,687,國泰-敦南,2023-07-19,8888
2324,仁寶,3246,2649,597,國泰-敦南,2023-07-19,8888
2303,聯電,695,166,529,國泰-敦南,2023-07-19,8888
00753L,中信中國50正2,653,137,516,國泰-敦南,2023-07-19,8888
2867,三商壽,477,33,444,國泰-敦南,2023-07-19,8888
2353,宏��,2064,1676,388,國泰-敦南,2023-07-19,8888
2317,鴻海,556,206,350,國泰-敦南,2023-07-19,8888
2881,富邦金,481,138,343,國泰-敦南,2023-07-19,8888
00712,復華富時不動產,1471,1135,336,國泰-敦南,2023-07-19,8888
2329,華泰,1396,1077,319,國泰-敦南,2023-07-19,8888
2363,矽統,325,63,262,國泰-敦南,2023-07-19,8888
00922,國泰台灣領袖50,271,44,227,國泰-敦南,2023-07-19,8888
4566,時碩工業,645,431,214,國泰-敦南,2023-07-19,8888
00930,永豐ESG低碳高息,480,268,212,國泰-敦南,2023-07-19,8888
1101,台泥,322,127,195,國泰-敦南,2023-07-19,8888
1402,遠東新,204,12,192,國泰-敦南,2023-07-19,8888
2801,彰銀,234,44,190,國泰-敦南,2023-07-19,8888
2609,陽明,611,422,189,國泰-敦南,2023-07-19,8888
2883,凱基金,337,161,176,國泰-敦南,2023-07-19,8888
00888,永豐台灣ESG,336,165,171,國泰-敦南,2023-07-19,8888
2312,金寶,1787,1631,156,國泰-敦南,2023-07-19,8888
6179,亞通,195,45,150,國泰-敦南,2023-07-19,8888
5009,榮剛,290,140,150,國泰-敦南,2023-07-19,8888
3037,欣興,1420,1279,141,國泰-敦南,2023-07-19,8888
3189,景碩,299,162,137,國泰-敦南,2023-07-19,8888
2002,中鋼,196,59,137,國泰-敦南,2023-07-19,8888
00664R,國泰臺灣加權反1,141,5,136,國泰-敦南,2023-07-19,8888
2834,臺企銀,207,75,132,國泰-敦南,2023-07-19,8888
00637L,元大滬深300正2,170,39,131,國泰-敦南,2023-07-19,8888
00679B,元大美債20年,421,296,125,國泰-敦南,2023-07-19,8888
2376,技嘉,790,668,122,國泰-敦南,2023-07-19,8888
00757,統一FANG+,132,14,118,國泰-敦南,2023-07-19,8888
00675L,富邦臺灣加權正2,152,40,112,國泰-敦南,2023-07-19,8888
2481,強茂,279,169,110,國泰-敦南,2023-07-19,8888
1513,中興電,174,64,110,國泰-敦南,2023-07-19,8888
2890,永豐金,279,170,109,國泰-敦南,2023-07-19,8888
4938,和碩,785,679,106,國泰-敦南,2023-07-19,8888
2201,裕隆,205,102,103,國泰-敦南,2023-07-19,8888
1907,永豐餘,174,74,100,國泰-敦南,2023-07-19,8888
2371,大同,518,418,100,國泰-敦南,2023-07-19,8888
9945,潤泰新,162,63,99,國泰-敦南,2023-07-19,8888
2206,三陽工業,258,162,96,國泰-敦南,2023-07-19,8888
6116,彩晶,335,241,94,國泰-敦南,2023-07-19,8888
3363,上詮,706,616,90,國泰-敦南,2023-07-19,8888
5288,豐祥-KY,90,1,89,國泰-敦南,2023-07-19,8888
00669R,國泰美國道瓊反1,98,10,88,國泰-敦南,2023-07-19,8888
00929,復華台灣科技優息,1971,494,1477,國泰-敦南,2023-07-20,8888
00712,復華富時不動產,2000,576,1424,國泰-敦南,2023-07-20,8888
2303,聯電,1674,338,1336,國泰-敦南,2023-07-20,8888
00679B,元大美債20年,989,288,701,國泰-敦南,2023-07-20,8888
3037,欣興,1010,513,497,國泰-敦南,2023-07-20,8888
1102,亞泥,473,66,407,國泰-敦南,2023-07-20,8888
00680L,元大美債20正2,583,192,391,國泰-敦南,2023-07-20,8888
2352,佳世達,1484,1102,382,國泰-敦南,2023-07-20,8888
00882,中信中國高股息,579,268,311,國泰-敦南,2023-07-20,8888
2206,三陽工業,865,562,303,國泰-敦南,2023-07-20,8888
3289,宜特,777,509,268,國泰-敦南,2023-07-20,8888
2515,中工,374,144,230,國泰-敦南,2023-07-20,8888
2332,友訊,259,51,208,國泰-敦南,2023-07-20,8888
6282,康舒,1634,1455,179,國泰-敦南,2023-07-20,8888
2405,輔信,871,701,170,國泰-敦南,2023-07-20,8888
2317,鴻海,254,91,163,國泰-敦南,2023-07-20,8888
1529,樂事綠能,409,255,154,國泰-敦南,2023-07-20,8888
1795,美時,310,171,139,國泰-敦南,2023-07-20,8888
00893,國泰智能電動車,338,212,126,國泰-敦南,2023-07-20,8888
4123,晟德,1472,1347,125,國泰-敦南,2023-07-20,8888
2883B,凱基金乙特,113,0,113,國泰-敦南,2023-07-20,8888
1101,台泥,139,37,102,國泰-敦南,2023-07-20,8888
2881,富邦金,178,77,101,國泰-敦南,2023-07-20,8888
00757,統一FANG+,104,4,100,國泰-敦南,2023-07-20,8888
2337,旺宏,111,13,98,國泰-敦南,2023-07-20,8888
2812,台中銀,130,33,97,國泰-敦南,2023-07-20,8888
2867,三商壽,117,26,91,國泰-敦南,2023-07-20,8888
6116,彩晶,288,196,92,國泰-敦南,2023-07-20,8888
2634,漢翔,438,359,79,國泰-敦南,2023-07-20,8888
00924,復華S＆P500成長,88,9,79,國泰-敦南,2023-07-20,8888
6188,廣明,350,274,76,國泰-敦南,2023-07-20,8888
2330,台積電,91,15,76,國泰-敦南,2023-07-20,8888
2340,台亞,159,84,75,國泰-敦南,2023-07-20,8888
3071,協禧,306,231,75,國泰-敦南,2023-07-20,8888
2023,燁輝,84,9,75,國泰-敦南,2023-07-20,8888
00927,群益半導體收益,96,24,72,國泰-敦南,2023-07-20,8888
2316,楠梓電,700,630,70,國泰-敦南,2023-07-20,8888
3346,麗清,168,99,69,國泰-敦南,2023-07-20,8888
6120,達運,311,243,68,國泰-敦南,2023-07-20,8888
1444,力麗,81,13,68,國泰-敦南,2023-07-20,8888
2374,佳能,126,59,67,國泰-敦南,2023-07-20,8888
2705,六福,156,89,67,國泰-敦南,2023-07-20,8888
2359,所羅門,147,80,67,國泰-敦南,2023-07-20,8888
6191,精成科,178,112,66,國泰-敦南,2023-07-20,8888
4746,台耀,293,227,66,國泰-敦南,2023-07-20,8888
006208,富邦台50,96,32,64,國泰-敦南,2023-07-20,8888
00888,永豐台灣ESG,162,99,63,國泰-敦南,2023-07-20,8888
8069,元太,77,13,64,國泰-敦南,2023-07-20,8888
5475,德宏,74,14,60,國泰-敦南,2023-07-20,8888
5392,能率,120,60,60,國泰-敦南,2023-07-20,8888
00929,復華台灣科技優息,2218,773,1445,國泰-敦南,2023-07-21,8888
00671R,富邦NASDAQ反1,1185,45,1140,國泰-敦南,2023-07-21,8888
1513,中興電,2234,1498,736,國泰-敦南,2023-07-21,8888
00679B,元大美債20年,902,266,636,國泰-敦南,2023-07-21,8888
2303,聯電,1051,461,590,國泰-敦南,2023-07-21,8888
1102,亞泥,456,10,446,國泰-敦南,2023-07-21,8888
2610,華航,2140,1696,444,國泰-敦南,2023-07-21,8888
1101,台泥,464,125,339,國泰-敦南,2023-07-21,8888
0050,元大台灣50,394,57,337,國泰-敦南,2023-07-21,8888
2618,長榮航,1285,952,333,國泰-敦南,2023-07-21,8888
2883B,凱基金乙特,269,4,265,國泰-敦南,2023-07-21,8888
00687B,國泰20年美債,355,95,260,國泰-敦南,2023-07-21,8888
006208,富邦台50,332,94,238,國泰-敦南,2023-07-21,8888
00888,永豐台灣ESG,347,114,233,國泰-敦南,2023-07-21,8888
00712,復華富時不動產,1041,842,199,國泰-敦南,2023-07-21,8888
00927,群益半導體收益,228,32,196,國泰-敦南,2023-07-21,8888
3051,力特,495,304,191,國泰-敦南,2023-07-21,8888
1504,東元,1147,956,191,國泰-敦南,2023-07-21,8888
1605,華新,400,211,189,國泰-敦南,2023-07-21,8888
2887,台新金,251,64,187,國泰-敦南,2023-07-21,8888
2206,三陽工業,545,369,176,國泰-敦南,2023-07-21,8888
3682,亞太電,202,30,172,國泰-敦南,2023-07-21,8888
2002,中鋼,292,121,171,國泰-敦南,2023-07-21,8888
00680L,元大美債20正2,702,533,169,國泰-敦南,2023-07-21,8888
2801,彰銀,189,23,166,國泰-敦南,2023-07-21,8888
00893,國泰智能電動車,440,276,164,國泰-敦南,2023-07-21,8888
2634,漢翔,396,237,159,國泰-敦南,2023-07-21,8888
2609,陽明,742,586,156,國泰-敦南,2023-07-21,8888
6282,康舒,657,501,156,國泰-敦南,2023-07-21,8888
3013,晟銘電,1381,1226,155,國泰-敦南,2023-07-21,8888
6443,元晶,190,35,155,國泰-敦南,2023-07-21,8888
1905,華紙,628,474,154,國泰-敦南,2023-07-21,8888
4916,事欣科,401,248,153,國泰-敦南,2023-07-21,8888
2344,華邦電,279,128,151,國泰-敦南,2023-07-21,8888
2382,廣達,2091,1941,150,國泰-敦南,2023-07-21,8888
00930,永豐ESG低碳高息,254,115,139,國泰-敦南,2023-07-21,8888
00720B,元大投資級公司債,261,125,136,國泰-敦南,2023-07-21,8888
2201,裕隆,262,129,133,國泰-敦南,2023-07-21,8888
6770,力積電,205,73,132,國泰-敦南,2023-07-21,8888
3037,欣興,688,558,130,國泰-敦南,2023-07-21,8888
6235,華孚,335,206,129,國泰-敦南,2023-07-21,8888
5425,台半,207,88,119,國泰-敦南,2023-07-21,8888
2486,一詮,256,139,117,國泰-敦南,2023-07-21,8888
2405,輔信,423,313,110,國泰-敦南,2023-07-21,8888
4953,緯軟,459,350,109,國泰-敦南,2023-07-21,8888
2883,凱基金,254,146,108,國泰-敦南,2023-07-21,8888
00772B,中信高評級公司債,165,59,106,國泰-敦南,2023-07-21,8888
2515,中工,231,127,104,國泰-敦南,2023-07-21,8888
3032,偉訓,258,155,103,國泰-敦南,2023-07-21,8888
00669R,國泰美國道瓊反1,102,6,96,國泰-敦南,2023-07-21,8888
00673R,期元大S＆P原油反1,1293,177,1116,國泰-敦南,2023-07-24,8888
00753L,中信中國50正2,1012,56,956,國泰-敦南,2023-07-24,8888
00929,復華台灣科技優息,1388,461,927,國泰-敦南,2023-07-24,8888
00665L,富邦�琤肭磪囓�2,1597,774,823,國泰-敦南,2023-07-24,8888
1609,大亞,2013,1289,724,國泰-敦南,2023-07-24,8888
00680L,元大美債20正2,660,67,593,國泰-敦南,2023-07-24,8888
2891,中信金,610,59,551,國泰-敦南,2023-07-24,8888
00712,復華富時不動產,1338,843,495,國泰-敦南,2023-07-24,8888
3013,晟銘電,1949,1492,457,國泰-敦南,2023-07-24,8888
6125,廣運,1070,733,337,國泰-敦南,2023-07-24,8888
2421,建準,1688,1366,322,國泰-敦南,2023-07-24,8888
1102,亞泥,381,65,316,國泰-敦南,2023-07-24,8888
2461,光群雷,892,583,309,國泰-敦南,2023-07-24,8888
00882,中信中國高股息,487,181,306,國泰-敦南,2023-07-24,8888
3481,群創,635,363,272,國泰-敦南,2023-07-24,8888
1513,中興電,1150,880,270,國泰-敦南,2023-07-24,8888
2887,台新金,694,430,264,國泰-敦南,2023-07-24,8888
3035,智原,1045,789,256,國泰-敦南,2023-07-24,8888
2303,聯電,486,244,242,國泰-敦南,2023-07-24,8888
00888,永豐台灣ESG,264,56,208,國泰-敦南,2023-07-24,8888
00930,永豐ESG低碳高息,264,61,203,國泰-敦南,2023-07-24,8888
2382,廣達,2302,2103,199,國泰-敦南,2023-07-24,8888
3706,神達,361,170,191,國泰-敦南,2023-07-24,8888
2352,佳世達,641,459,182,國泰-敦南,2023-07-24,8888
3231,緯創,514,333,181,國泰-敦南,2023-07-24,8888
3338,泰碩,796,624,172,國泰-敦南,2023-07-24,8888
2323,中環,427,259,168,國泰-敦南,2023-07-24,8888
00927,群益半導體收益,221,57,164,國泰-敦南,2023-07-24,8888
2889,國票金,200,36,164,國泰-敦南,2023-07-24,8888
2801,彰銀,200,37,163,國泰-敦南,2023-07-24,8888
2883B,凱基金乙特,132,0,132,國泰-敦南,2023-07-24,8888
2330,台積電,186,54,132,國泰-敦南,2023-07-24,8888
2353,宏��,1380,1252,128,國泰-敦南,2023-07-24,8888
2371,大同,357,228,129,國泰-敦南,2023-07-24,8888
2515,中工,278,150,128,國泰-敦南,2023-07-24,8888
5288,豐祥-KY,123,0,123,國泰-敦南,2023-07-24,8888
2603,長榮,246,124,122,國泰-敦南,2023-07-24,8888
2812,台中銀,200,82,118,國泰-敦南,2023-07-24,8888
5425,台半,184,69,115,國泰-敦南,2023-07-24,8888
6274,台燿,627,514,113,國泰-敦南,2023-07-24,8888
1402,遠東新,151,39,112,國泰-敦南,2023-07-24,8888
00679B,元大美債20年,653,542,111,國泰-敦南,2023-07-24,8888
2406,國碩,129,19,110,國泰-敦南,2023-07-24,8888
2615,萬海,152,47,105,國泰-敦南,2023-07-24,8888
1618,合機,185,81,104,國泰-敦南,2023-07-24,8888
2412,中華電,123,20,103,國泰-敦南,2023-07-24,8888
2349,錸德,103,4,99,國泰-敦南,2023-07-24,8888
6282,康舒,690,592,98,國泰-敦南,2023-07-24,8888
2886,兆豐金,142,45,97,國泰-敦南,2023-07-24,8888
2002,中鋼,149,53,96,國泰-敦南,2023-07-24,8888
00632R,元大台灣50反1,1143,69,1074,國泰-敦南,2023-07-25,8888
00929,復華台灣科技優息,1704,787,917,國泰-敦南,2023-07-25,8888
2382,廣達,3653,2870,783,國泰-敦南,2023-07-25,8888
00679B,元大美債20年,990,212,778,國泰-敦南,2023-07-25,8888
00712,復華富時不動產,1100,355,745,國泰-敦南,2023-07-25,8888
3231,緯創,761,268,493,國泰-敦南,2023-07-25,8888
2887,台新金,844,397,447,國泰-敦南,2023-07-25,8888
00673R,期元大S＆P原油反1,1414,970,444,國泰-敦南,2023-07-25,8888
00687B,國泰20年美債,484,101,383,國泰-敦南,2023-07-25,8888
1905,華紙,1840,1459,381,國泰-敦南,2023-07-25,8888
2301,光寶科,1530,1154,376,國泰-敦南,2023-07-25,8888
9105,泰金寶-DR,416,74,342,國泰-敦南,2023-07-25,8888
2312,金寶,818,479,339,國泰-敦南,2023-07-25,8888
3037,欣興,1265,996,269,國泰-敦南,2023-07-25,8888
3702,大聯大,312,60,252,國泰-敦南,2023-07-25,8888
00720B,元大投資級公司債,339,102,237,國泰-敦南,2023-07-25,8888
6125,廣運,952,717,235,國泰-敦南,2023-07-25,8888
00795B,中信美國公債20年,283,56,227,國泰-敦南,2023-07-25,8888
2356,英業達,716,500,216,國泰-敦南,2023-07-25,8888
2883B,凱基金乙特,204,2,202,國泰-敦南,2023-07-25,8888
2368,金像電,439,241,198,國泰-敦南,2023-07-25,8888
1102,亞泥,228,34,194,國泰-敦南,2023-07-25,8888
5452,佶優,460,276,184,國泰-敦南,2023-07-25,8888
6282,康舒,668,485,183,國泰-敦南,2023-07-25,8888
3706,神達,335,159,176,國泰-敦南,2023-07-25,8888
2353,宏��,1116,944,172,國泰-敦南,2023-07-25,8888
2610,華航,770,614,156,國泰-敦南,2023-07-25,8888
00772B,中信高評級公司債,299,146,153,國泰-敦南,2023-07-25,8888
1314,中石化,212,75,137,國泰-敦南,2023-07-25,8888
00751B,元大AAA至A公司債,183,50,133,國泰-敦南,2023-07-25,8888
2316,楠梓電,218,85,133,國泰-敦南,2023-07-25,8888
00664R,國泰臺灣加權反1,126,10,116,國泰-敦南,2023-07-25,8888
2376,技嘉,1091,976,115,國泰-敦南,2023-07-25,8888
00888,永豐台灣ESG,159,54,105,國泰-敦南,2023-07-25,8888
2002,中鋼,192,93,99,國泰-敦南,2023-07-25,8888
00930,永豐ESG低碳高息,146,50,96,國泰-敦南,2023-07-25,8888
2324,仁寶,1071,975,96,國泰-敦南,2023-07-25,8888
2303,聯電,276,181,95,國泰-敦南,2023-07-25,8888
2338,光罩,104,12,92,國泰-敦南,2023-07-25,8888
2357,華碩,384,292,92,國泰-敦南,2023-07-25,8888
6275,元山,283,192,91,國泰-敦南,2023-07-25,8888
00722B,群益投資級電信債,107,17,90,國泰-敦南,2023-07-25,8888
3013,晟銘電,863,774,89,國泰-敦南,2023-07-25,8888
00885,富邦越南,321,235,86,國泰-敦南,2023-07-25,8888
4953,緯軟,390,304,86,國泰-敦南,2023-07-25,8888
2884,玉山金,379,295,84,國泰-敦南,2023-07-25,8888
3044,健鼎,507,423,84,國泰-敦南,2023-07-25,8888
00670L,富邦NASDAQ正2,101,18,83,國泰-敦南,2023-07-25,8888
6753,龍德造船,89,9,80,國泰-敦南,2023-07-25,8888
3024,憶聲,203,124,79,國泰-敦南,2023-07-25,8888
00929,復華台灣科技優息,2920,264,2656,國泰-敦南,2023-07-26,8888
1504,東元,3998,2982,1016,國泰-敦南,2023-07-26,8888
00688L,國泰20年美債正2,822,8,814,國泰-敦南,2023-07-26,8888
00679B,元大美債20年,767,117,650,國泰-敦南,2023-07-26,8888
2329,華泰,3483,2876,607,國泰-敦南,2023-07-26,8888
00673R,期元大S＆P原油反1,1316,747,569,國泰-敦南,2023-07-26,8888
00687B,國泰20年美債,585,117,468,國泰-敦南,2023-07-26,8888
2002,中鋼,559,120,439,國泰-敦南,2023-07-26,8888
2303,聯電,477,131,346,國泰-敦南,2023-07-26,8888
00795B,中信美國公債20年,326,6,320,國泰-敦南,2023-07-26,8888
00930,永豐ESG低碳高息,363,48,315,國泰-敦南,2023-07-26,8888
00919,群益台灣精選高息,435,121,314,國泰-敦南,2023-07-26,8888
00720B,元大投資級公司債,369,62,307,國泰-敦南,2023-07-26,8888
2887,台新金,888,613,275,國泰-敦南,2023-07-26,8888
00772B,中信高評級公司債,331,56,275,國泰-敦南,2023-07-26,8888
2371,大同,519,277,242,國泰-敦南,2023-07-26,8888
6188,廣明,981,742,239,國泰-敦南,2023-07-26,8888
8358,金居,1154,916,238,國泰-敦南,2023-07-26,8888
00927,群益半導體收益,267,34,233,國泰-敦南,2023-07-26,8888
1609,大亞,566,338,228,國泰-敦南,2023-07-26,8888
3702,大聯大,246,21,225,國泰-敦南,2023-07-26,8888
2457,飛宏,460,245,215,國泰-敦南,2023-07-26,8888
6275,元山,409,197,212,國泰-敦南,2023-07-26,8888
6274,台燿,1000,799,201,國泰-敦南,2023-07-26,8888
00891,中信關鍵半導體,209,11,198,國泰-敦南,2023-07-26,8888
00680L,元大美債20正2,280,86,194,國泰-敦南,2023-07-26,8888
00725B,國泰投資級公司債,195,5,190,國泰-敦南,2023-07-26,8888
00892,富邦台灣半導體,226,39,187,國泰-敦南,2023-07-26,8888
2405,輔信,1348,1166,182,國泰-敦南,2023-07-26,8888
1513,中興電,363,192,171,國泰-敦南,2023-07-26,8888
6214,精誠,387,221,166,國泰-敦南,2023-07-26,8888
6841,長佳智能,355,190,165,國泰-敦南,2023-07-26,8888
1471,首利,271,108,163,國泰-敦南,2023-07-26,8888
6235,華孚,972,810,162,國泰-敦南,2023-07-26,8888
2344,華邦電,211,49,162,國泰-敦南,2023-07-26,8888
00751B,元大AAA至A公司債,223,64,159,國泰-敦南,2023-07-26,8888
6116,彩晶,229,85,144,國泰-敦南,2023-07-26,8888
2337,旺宏,186,43,143,國泰-敦南,2023-07-26,8888
4532,瑞智,446,303,143,國泰-敦南,2023-07-26,8888
00671R,富邦NASDAQ反1,137,1,136,國泰-敦南,2023-07-26,8888
3029,零壹,775,639,136,國泰-敦南,2023-07-26,8888
00637L,元大滬深300正2,183,55,128,國泰-敦南,2023-07-26,8888
2354,鴻準,302,193,109,國泰-敦南,2023-07-26,8888
2425,承啟,279,176,103,國泰-敦南,2023-07-26,8888
2376,技嘉,821,720,101,國泰-敦南,2023-07-26,8888
1587,吉茂,150,51,99,國泰-敦南,2023-07-26,8888
6117,迎廣,314,215,99,國泰-敦南,2023-07-26,8888
2468,華經,220,122,98,國泰-敦南,2023-07-26,8888
8409,商之器,133,35,98,國泰-敦南,2023-07-26,8888
1618,合機,561,463,98,國泰-敦南,2023-07-26,8888
00679B,元大美債20年,1787,132,1655,國泰-敦南,2023-07-27,8888
00878,國泰永續高股息,4321,3242,1079,國泰-敦南,2023-07-27,8888
00929,復華台灣科技優息,1886,916,970,國泰-敦南,2023-07-27,8888
2887,台新金,754,43,711,國泰-敦南,2023-07-27,8888
2002,中鋼,689,43,646,國泰-敦南,2023-07-27,8888
00687B,國泰20年美債,576,35,541,國泰-敦南,2023-07-27,8888
3037,欣興,1295,813,482,國泰-敦南,2023-07-27,8888
00673R,期元大S＆P原油反1,1020,542,478,國泰-敦南,2023-07-27,8888
00632R,元大台灣50反1,696,234,462,國泰-敦南,2023-07-27,8888
00680L,元大美債20正2,459,100,359,國泰-敦南,2023-07-27,8888
2884,玉山金,860,513,347,國泰-敦南,2023-07-27,8888
3231,緯創,468,163,305,國泰-敦南,2023-07-27,8888
2405,輔信,1087,845,242,國泰-敦南,2023-07-27,8888
00720B,元大投資級公司債,294,56,238,國泰-敦南,2023-07-27,8888
2324,仁寶,538,310,228,國泰-敦南,2023-07-27,8888
2353,宏��,470,242,228,國泰-敦南,2023-07-27,8888
6188,廣明,983,773,210,國泰-敦南,2023-07-27,8888
2382,廣達,2237,2037,200,國泰-敦南,2023-07-27,8888
2301,光寶科,1064,869,195,國泰-敦南,2023-07-27,8888
00902,中信電池及儲能,334,149,185,國泰-敦南,2023-07-27,8888
2356,英業達,470,290,180,國泰-敦南,2023-07-27,8888
2317,鴻海,282,102,180,國泰-敦南,2023-07-27,8888
00751B,元大AAA至A公司債,192,17,175,國泰-敦南,2023-07-27,8888
5880,合庫金,330,166,164,國泰-敦南,2023-07-27,8888
4533,協易機,1414,1254,160,國泰-敦南,2023-07-27,8888
9949,琉園,203,47,156,國泰-敦南,2023-07-27,8888
5288,豐祥-KY,142,4,138,國泰-敦南,2023-07-27,8888
00881,國泰台灣5G+,876,744,132,國泰-敦南,2023-07-27,8888
4532,瑞智,276,144,132,國泰-敦南,2023-07-27,8888
00795B,中信美國公債20年,129,8,121,國泰-敦南,2023-07-27,8888
2453,凌群,461,344,117,國泰-敦南,2023-07-27,8888
3306,鼎天,446,331,115,國泰-敦南,2023-07-27,8888
3715,定穎投控,187,72,115,國泰-敦南,2023-07-27,8888
5864,致和證,125,16,109,國泰-敦南,2023-07-27,8888
2609,陽明,341,235,106,國泰-敦南,2023-07-27,8888
8234,新漢,368,265,103,國泰-敦南,2023-07-27,8888
2883B,凱基金乙特,101,0,101,國泰-敦南,2023-07-27,8888
2359,所羅門,491,392,99,國泰-敦南,2023-07-27,8888
9105,泰金寶-DR,147,57,90,國泰-敦南,2023-07-27,8888
2891,中信金,227,141,86,國泰-敦南,2023-07-27,8888
6191,精成科,149,68,81,國泰-敦南,2023-07-27,8888
6125,廣運,1541,1460,81,國泰-敦南,2023-07-27,8888
1522,堤維西,364,284,80,國泰-敦南,2023-07-27,8888
1618,合機,332,252,80,國泰-敦南,2023-07-27,8888
2471,資通,444,365,79,國泰-敦南,2023-07-27,8888
1229,聯華,93,14,79,國泰-敦南,2023-07-27,8888
2812,台中銀,158,81,77,國泰-敦南,2023-07-27,8888
2892,第一金,188,113,75,國泰-敦南,2023-07-27,8888
00772B,中信高評級公司債,650,576,74,國泰-敦南,2023-07-27,8888
2605,新興,103,29,74,國泰-敦南,2023-07-27,8888
00679B,元大美債20年,2583,169,2414,國泰-敦南,2023-07-28,8888
00680L,元大美債20正2,2451,94,2357,國泰-敦南,2023-07-28,8888
1905,華紙,5409,3800,1609,國泰-敦南,2023-07-28,8888
00929,復華台灣科技優息,2529,1006,1523,國泰-敦南,2023-07-28,8888
00687B,國泰20年美債,1677,167,1510,國泰-敦南,2023-07-28,8888
00688L,國泰20年美債正2,1465,122,1343,國泰-敦南,2023-07-28,8888
00712,復華富時不動產,1990,802,1188,國泰-敦南,2023-07-28,8888
00881,國泰台灣5G+,1560,635,925,國泰-敦南,2023-07-28,8888
00632R,元大台灣50反1,1081,220,861,國泰-敦南,2023-07-28,8888
00720B,元大投資級公司債,930,100,830,國泰-敦南,2023-07-28,8888
00673R,期元大S＆P原油反1,1217,445,772,國泰-敦南,2023-07-28,8888
00795B,中信美國公債20年,749,7,742,國泰-敦南,2023-07-28,8888
00772B,中信高評級公司債,829,101,728,國泰-敦南,2023-07-28,8888
2610,華航,1386,672,714,國泰-敦南,2023-07-28,8888
2329,華泰,3862,3213,649,國泰-敦南,2023-07-28,8888
00751B,元大AAA至A公司債,615,18,597,國泰-敦南,2023-07-28,8888
2002,中鋼,601,71,530,國泰-敦南,2023-07-28,8888
3231,緯創,3877,3426,451,國泰-敦南,2023-07-28,8888
2913,農林,1774,1454,320,國泰-敦南,2023-07-28,8888
00764B,群益25年美債,327,15,312,國泰-敦南,2023-07-28,8888
2027,大成鋼,569,278,291,國泰-敦南,2023-07-28,8888
1907,永豐餘,607,338,269,國泰-敦南,2023-07-28,8888
2867,三商壽,276,18,258,國泰-敦南,2023-07-28,8888
2883,凱基金,452,195,257,國泰-敦南,2023-07-28,8888
1504,東元,515,261,254,國泰-敦南,2023-07-28,8888
00725B,國泰投資級公司債,265,20,245,國泰-敦南,2023-07-28,8888
00722B,群益投資級電信債,228,1,227,國泰-敦南,2023-07-28,8888
2515,中工,229,9,220,國泰-敦南,2023-07-28,8888
2369,菱生,516,297,219,國泰-敦南,2023-07-28,8888
2104,國際中橡,260,49,211,國泰-敦南,2023-07-28,8888
2891,中信金,252,49,203,國泰-敦南,2023-07-28,8888
2427,三商電,498,302,196,國泰-敦南,2023-07-28,8888
2317,鴻海,271,91,180,國泰-敦南,2023-07-28,8888
2618,長榮航,481,302,179,國泰-敦南,2023-07-28,8888
3607,谷崧,278,105,173,國泰-敦南,2023-07-28,8888
1802,台玻,684,515,169,國泰-敦南,2023-07-28,8888
2887,台新金,269,100,169,國泰-敦南,2023-07-28,8888
1609,大亞,368,205,163,國泰-敦南,2023-07-28,8888
00773B,中信優先金融債,197,49,148,國泰-敦南,2023-07-28,8888
00857B,永豐20年美公債,150,17,133,國泰-敦南,2023-07-28,8888
5880,合庫金,225,96,129,國泰-敦南,2023-07-28,8888
1904,正隆,474,348,126,國泰-敦南,2023-07-28,8888
1612,宏泰,157,33,124,國泰-敦南,2023-07-28,8888
1568,倉佑,119,0,119,國泰-敦南,2023-07-28,8888
4533,協易機,667,549,118,國泰-敦南,2023-07-28,8888
1903,士紙,270,159,111,國泰-敦南,2023-07-28,8888
1319,東陽,460,356,104,國泰-敦南,2023-07-28,8888
2606,裕民,191,92,99,國泰-敦南,2023-07-28,8888
5009,榮剛,185,86,99,國泰-敦南,2023-07-28,8888
1314,中石化,144,47,97,國泰-敦南,2023-07-28,8888
00929,復華台灣科技優息,4856,2261,2595,國泰-敦南,2023-07-31,8888
00878,國泰永續高股息,10068,7741,2327,國泰-敦南,2023-07-31,8888
3231,緯創,4168,2181,1987,國泰-敦南,2023-07-31,8888
00679B,元大美債20年,1377,145,1232,國泰-敦南,2023-07-31,8888
00673R,期元大S＆P原油反1,1826,607,1219,國泰-敦南,2023-07-31,8888
2002,中鋼,824,114,710,國泰-敦南,2023-07-31,8888
2329,華泰,3782,3124,658,國泰-敦南,2023-07-31,8888
2618,長榮航,981,407,574,國泰-敦南,2023-07-31,8888
2382,廣達,2160,1625,535,國泰-敦南,2023-07-31,8888
00881,國泰台灣5G+,1394,879,515,國泰-敦南,2023-07-31,8888
2301,光寶科,2942,2432,510,國泰-敦南,2023-07-31,8888
00687B,國泰20年美債,530,80,450,國泰-敦南,2023-07-31,8888
2610,華航,1220,773,447,國泰-敦南,2023-07-31,8888
2891,中信金,605,247,358,國泰-敦南,2023-07-31,8888
00665L,富邦�琤肭磪囓�2,1108,762,346,國泰-敦南,2023-07-31,8888
00712,復華富時不動產,1351,1076,275,國泰-敦南,2023-07-31,8888
1605,華新,364,92,272,國泰-敦南,2023-07-31,8888
00720B,元大投資級公司債,409,138,271,國泰-敦南,2023-07-31,8888
2603,長榮,544,275,269,國泰-敦南,2023-07-31,8888
4979,華星光,840,575,265,國泰-敦南,2023-07-31,8888
00919,群益台灣精選高息,707,450,257,國泰-敦南,2023-07-31,8888
3481,群創,1077,823,254,國泰-敦南,2023-07-31,8888
2867,三商壽,319,70,249,國泰-敦南,2023-07-31,8888
2887,台新金,344,96,248,國泰-敦南,2023-07-31,8888
00751B,元大AAA至A公司債,257,25,232,國泰-敦南,2023-07-31,8888
00900,富邦特選高股息30,503,276,227,國泰-敦南,2023-07-31,8888
00706L,期元大S＆P日圓正2,380,157,223,國泰-敦南,2023-07-31,8888
00795B,中信美國公債20年,224,20,204,國泰-敦南,2023-07-31,8888
2027,大成鋼,279,106,173,國泰-敦南,2023-07-31,8888
00922,國泰台灣領袖50,275,106,169,國泰-敦南,2023-07-31,8888
6188,廣明,789,624,165,國泰-敦南,2023-07-31,8888
9105,泰金寶-DR,187,24,163,國泰-敦南,2023-07-31,8888
00923,群益台ESG低碳50,234,74,160,國泰-敦南,2023-07-31,8888
2402,毅嘉,690,529,161,國泰-敦南,2023-07-31,8888
2356,英業達,727,567,160,國泰-敦南,2023-07-31,8888
2303,聯電,421,266,155,國泰-敦南,2023-07-31,8888
8358,金居,588,438,150,國泰-敦南,2023-07-31,8888
00680L,元大美債20正2,444,294,150,國泰-敦南,2023-07-31,8888
4526,東台,190,46,144,國泰-敦南,2023-07-31,8888
5515,建國,155,19,136,國泰-敦南,2023-07-31,8888
1504,東元,365,232,133,國泰-敦南,2023-07-31,8888
6244,茂迪,150,18,132,國泰-敦南,2023-07-31,8888
1319,東陽,393,263,130,國泰-敦南,2023-07-31,8888
2352,佳世達,435,306,129,國泰-敦南,2023-07-31,8888
2883B,凱基金乙特,132,5,127,國泰-敦南,2023-07-31,8888
2376,技嘉,442,324,118,國泰-敦南,2023-07-31,8888
3711,日月光投控,231,113,118,國泰-敦南,2023-07-31,8888
00688L,國泰20年美債正2,136,19,117,國泰-敦南,2023-07-31,8888
5340,建榮,348,235,113,國泰-敦南,2023-07-31,8888
5347,世界,117,7,110,國泰-敦南,2023-07-31,8888
00929,復華台灣科技優息,3672,500,3172,國泰-敦南,2023-08-01,8888
2312,金寶,1209,512,697,國泰-敦南,2023-08-01,8888
00673R,期元大S＆P原油反1,765,195,570,國泰-敦南,2023-08-01,8888
00679B,元大美債20年,817,298,519,國泰-敦南,2023-08-01,8888
00923,群益台ESG低碳50,508,17,491,國泰-敦南,2023-08-01,8888
2891,中信金,504,78,426,國泰-敦南,2023-08-01,8888
2913,農林,2674,2254,420,國泰-敦南,2023-08-01,8888
2344,華邦電,808,488,320,國泰-敦南,2023-08-01,8888
1905,華紙,1076,759,317,國泰-敦南,2023-08-01,8888
00907,永豐優息存股,351,37,314,國泰-敦南,2023-08-01,8888
2363,矽統,1023,720,303,國泰-敦南,2023-08-01,8888
00919,群益台灣精選高息,395,137,258,國泰-敦南,2023-08-01,8888
6282,康舒,1664,1414,250,國泰-敦南,2023-08-01,8888
00680L,元大美債20正2,576,332,244,國泰-敦南,2023-08-01,8888
1802,台玻,1288,1052,236,國泰-敦南,2023-08-01,8888
1513,中興電,582,393,189,國泰-敦南,2023-08-01,8888
00715L,期街口布蘭特正2,286,99,187,國泰-敦南,2023-08-01,8888
3209,全科,195,10,185,國泰-敦南,2023-08-01,8888
2890,永豐金,353,172,181,國泰-敦南,2023-08-01,8888
00664R,國泰臺灣加權反1,193,18,175,國泰-敦南,2023-08-01,8888
3105,穩懋,244,71,173,國泰-敦南,2023-08-01,8888
3583,辛耘,580,409,171,國泰-敦南,2023-08-01,8888
2801,彰銀,191,23,168,國泰-敦南,2023-08-01,8888
00706L,期元大S＆P日圓正2,156,5,151,國泰-敦南,2023-08-01,8888
00753L,中信中國50正2,250,128,122,國泰-敦南,2023-08-01,8888
5388,中磊,598,486,112,國泰-敦南,2023-08-01,8888
3029,零壹,273,162,111,國泰-敦南,2023-08-01,8888
2401,凌陽,234,122,112,國泰-敦南,2023-08-01,8888
3217,優群,244,134,110,國泰-敦南,2023-08-01,8888
9105,泰金寶-DR,115,7,108,國泰-敦南,2023-08-01,8888
5443,均豪,271,165,106,國泰-敦南,2023-08-01,8888
00637L,元大滬深300正2,209,105,104,國泰-敦南,2023-08-01,8888
3033,威健,201,97,104,國泰-敦南,2023-08-01,8888
3325,旭品,327,224,103,國泰-敦南,2023-08-01,8888
6218,豪勉,323,220,103,國泰-敦南,2023-08-01,8888
3704,合勤控,293,195,98,國泰-敦南,2023-08-01,8888
6239,力成,102,15,87,國泰-敦南,2023-08-01,8888
3264,欣銓,185,101,84,國泰-敦南,2023-08-01,8888
2332,友訊,83,2,81,國泰-敦南,2023-08-01,8888
1305,華夏,121,42,79,國泰-敦南,2023-08-01,8888
6191,精成科,156,77,79,國泰-敦南,2023-08-01,8888
2892,第一金,135,59,76,國泰-敦南,2023-08-01,8888
3051,力特,137,62,75,國泰-敦南,2023-08-01,8888
2301,光寶科,1493,1421,72,國泰-敦南,2023-08-01,8888
2002,中鋼,170,100,70,國泰-敦南,2023-08-01,8888
00892,富邦台灣半導體,103,35,68,國泰-敦南,2023-08-01,8888
8027,鈦昇,450,383,67,國泰-敦南,2023-08-01,8888
2449,京元電子,235,168,67,國泰-敦南,2023-08-01,8888
8390,金益鼎,190,124,66,國泰-敦南,2023-08-01,8888
4919,新唐,311,244,67,國泰-敦南,2023-08-01,8888
00878,國泰永續高股息,12617,6357,6260,國泰-敦南,2023-08-02,8888
00929,復華台灣科技優息,5921,877,5044,國泰-敦南,2023-08-02,8888
00900,富邦特選高股息30,2828,791,2037,國泰-敦南,2023-08-02,8888
00923,群益台ESG低碳50,1887,56,1831,國泰-敦南,2023-08-02,8888
00679B,元大美債20年,1748,301,1447,國泰-敦南,2023-08-02,8888
00687B,國泰20年美債,1416,296,1120,國泰-敦南,2023-08-02,8888
0056,元大高股息,2824,1761,1063,國泰-敦南,2023-08-02,8888
1605,華新,3927,2913,1014,國泰-敦南,2023-08-02,8888
3231,緯創,2861,2044,817,國泰-敦南,2023-08-02,8888
00688L,國泰20年美債正2,947,135,812,國泰-敦南,2023-08-02,8888
00712,復華富時不動產,2388,1598,790,國泰-敦南,2023-08-02,8888
00680L,元大美債20正2,1220,431,789,國泰-敦南,2023-08-02,8888
3481,群創,1646,864,782,國泰-敦南,2023-08-02,8888
2618,長榮航,1334,607,727,國泰-敦南,2023-08-02,8888
00720B,元大投資級公司債,789,127,662,國泰-敦南,2023-08-02,8888
2888,新光金,1249,594,655,國泰-敦南,2023-08-02,8888
2002,中鋼,779,132,647,國泰-敦南,2023-08-02,8888
00751B,元大AAA至A公司債,704,73,631,國泰-敦南,2023-08-02,8888
2301,光寶科,1522,906,616,國泰-敦南,2023-08-02,8888
2891,中信金,633,118,515,國泰-敦南,2023-08-02,8888
6282,康舒,1730,1236,494,國泰-敦南,2023-08-02,8888
00795B,中信美國公債20年,461,34,427,國泰-敦南,2023-08-02,8888
2801,彰銀,410,14,396,國泰-敦南,2023-08-02,8888
00772B,中信高評級公司債,686,362,324,國泰-敦南,2023-08-02,8888
00919,群益台灣精選高息,702,382,320,國泰-敦南,2023-08-02,8888
2887,台新金,353,47,306,國泰-敦南,2023-08-02,8888
00671R,富邦NASDAQ反1,314,14,300,國泰-敦南,2023-08-02,8888
2382,廣達,2146,1870,276,國泰-敦南,2023-08-02,8888
00881,國泰台灣5G+,684,413,271,國泰-敦南,2023-08-02,8888
00675L,富邦臺灣加權正2,322,55,267,國泰-敦南,2023-08-02,8888
5880,合庫金,366,105,261,國泰-敦南,2023-08-02,8888
2317,鴻海,324,64,260,國泰-敦南,2023-08-02,8888
2886,兆豐金,432,174,258,國泰-敦南,2023-08-02,8888
2312,金寶,660,402,258,國泰-敦南,2023-08-02,8888
00665L,富邦�琤肭磪囓�2,939,687,252,國泰-敦南,2023-08-02,8888
00722B,群益投資級電信債,249,3,246,國泰-敦南,2023-08-02,8888
00907,永豐優息存股,247,4,243,國泰-敦南,2023-08-02,8888
00922,國泰台灣領袖50,302,72,230,國泰-敦南,2023-08-02,8888
00891,中信關鍵半導體,308,85,223,國泰-敦南,2023-08-02,8888
00631L,元大台灣50正2,297,78,219,國泰-敦南,2023-08-02,8888
2402,毅嘉,1649,1433,216,國泰-敦南,2023-08-02,8888
6285,啟��,818,602,216,國泰-敦南,2023-08-02,8888
0050,元大台灣50,300,92,208,國泰-敦南,2023-08-02,8888
2884,玉山金,413,213,200,國泰-敦南,2023-08-02,8888
00764B,群益25年美債,192,5,187,國泰-敦南,2023-08-02,8888
2812,台中銀,238,54,184,國泰-敦南,2023-08-02,8888
2356,英業達,624,441,183,國泰-敦南,2023-08-02,8888
2610,華航,1013,834,179,國泰-敦南,2023-08-02,8888
006208,富邦台50,251,74,177,國泰-敦南,2023-08-02,8888
2883,凱基金,548,372,176,國泰-敦南,2023-08-02,8888
00687B,國泰20年美債,3258,243,3015,國泰-敦南,2023-08-04,8888
00680L,元大美債20正2,3248,404,2844,國泰-敦南,2023-08-04,8888
00929,復華台灣科技優息,3183,819,2364,國泰-敦南,2023-08-04,8888
00679B,元大美債20年,2882,1081,1801,國泰-敦南,2023-08-04,8888
00688L,國泰20年美債正2,1505,93,1412,國泰-敦南,2023-08-04,8888
00720B,元大投資級公司債,1562,238,1324,國泰-敦南,2023-08-04,8888
2891,中信金,1519,295,1224,國泰-敦南,2023-08-04,8888
00900,富邦特選高股息30,1378,167,1211,國泰-敦南,2023-08-04,8888
00772B,中信高評級公司債,1303,196,1107,國泰-敦南,2023-08-04,8888
00795B,中信美國公債20年,1015,60,955,國泰-敦南,2023-08-04,8888
00751B,元大AAA至A公司債,1059,148,911,國泰-敦南,2023-08-04,8888
00923,群益台ESG低碳50,770,35,735,國泰-敦南,2023-08-04,8888
00712,復華富時不動產,1413,820,593,國泰-敦南,2023-08-04,8888
2344,華邦電,924,426,498,國泰-敦南,2023-08-04,8888
00665L,富邦�琤肭磪囓�2,1056,652,404,國泰-敦南,2023-08-04,8888
2440,太空梭,429,134,295,國泰-敦南,2023-08-04,8888
00722B,群益投資級電信債,338,53,285,國泰-敦南,2023-08-04,8888
2009,第一銅,283,8,275,國泰-敦南,2023-08-04,8888
00725B,國泰投資級公司債,320,70,250,國泰-敦南,2023-08-04,8888
00907,永豐優息存股,232,2,230,國泰-敦南,2023-08-04,8888
00764B,群益25年美債,270,42,228,國泰-敦南,2023-08-04,8888
00773B,中信優先金融債,251,35,216,國泰-敦南,2023-08-04,8888
4746,台耀,390,177,213,國泰-敦南,2023-08-04,8888
2206,三陽工業,392,185,207,國泰-敦南,2023-08-04,8888
1216,統一,208,18,190,國泰-敦南,2023-08-04,8888
2363,矽統,351,163,188,國泰-敦南,2023-08-04,8888
2801,彰銀,198,11,187,國泰-敦南,2023-08-04,8888
8215,明基材,296,129,167,國泰-敦南,2023-08-04,8888
5871,中租-KY,178,12,166,國泰-敦南,2023-08-04,8888
2356,英業達,2030,1866,164,國泰-敦南,2023-08-04,8888
006208,富邦台50,195,56,139,國泰-敦南,2023-08-04,8888
2330,台積電,179,43,136,國泰-敦南,2023-08-04,8888
1605,華新,1029,896,133,國泰-敦南,2023-08-04,8888
0050,元大台灣50,222,89,133,國泰-敦南,2023-08-04,8888
00696B,富邦美債20年,133,5,128,國泰-敦南,2023-08-04,8888
2886,兆豐金,227,100,127,國泰-敦南,2023-08-04,8888
00878,國泰永續高股息,6250,6127,123,國泰-敦南,2023-08-04,8888
00857B,永豐20年美公債,190,69,121,國泰-敦南,2023-08-04,8888
00922,國泰台灣領袖50,177,58,119,國泰-敦南,2023-08-04,8888
1608,華榮,348,232,116,國泰-敦南,2023-08-04,8888
1312,國喬,144,32,112,國泰-敦南,2023-08-04,8888
2913,農林,3861,3750,111,國泰-敦南,2023-08-04,8888
00670L,富邦NASDAQ正2,114,5,109,國泰-敦南,2023-08-04,8888
00927,群益半導體收益,118,12,106,國泰-敦南,2023-08-04,8888
1727,中華化,137,31,106,國泰-敦南,2023-08-04,8888
6443,元晶,163,60,103,國泰-敦南,2023-08-04,8888
2884,玉山金,171,69,102,國泰-敦南,2023-08-04,8888
1609,大亞,1023,922,101,國泰-敦南,2023-08-04,8888
00885,富邦越南,402,301,101,國泰-敦南,2023-08-04,8888
00930,永豐ESG低碳高息,108,10,98,國泰-敦南,2023-08-04,8888
00931B,統一美債20年,2641,251,2390,國泰-敦南,2023-08-07,8888
00929,復華台灣科技優息,3337,1218,2119,國泰-敦南,2023-08-07,8888
00632R,元大台灣50反1,1274,157,1117,國泰-敦南,2023-08-07,8888
00923,群益台ESG低碳50,883,63,820,國泰-敦南,2023-08-07,8888
2913,農林,1573,806,767,國泰-敦南,2023-08-07,8888
00712,復華富時不動產,1067,449,618,國泰-敦南,2023-08-07,8888
00900,富邦特選高股息30,734,294,440,國泰-敦南,2023-08-07,8888
00795B,中信美國公債20年,427,27,400,國泰-敦南,2023-08-07,8888
00679B,元大美債20年,793,422,371,國泰-敦南,2023-08-07,8888
2409,友達,594,228,366,國泰-敦南,2023-08-07,8888
00673R,期元大S＆P原油反1,1131,766,365,國泰-敦南,2023-08-07,8888
00720B,元大投資級公司債,571,218,353,國泰-敦南,2023-08-07,8888
2352,佳世達,936,594,342,國泰-敦南,2023-08-07,8888
00882,中信中國高股息,485,145,340,國泰-敦南,2023-08-07,8888
00687B,國泰20年美債,528,203,325,國泰-敦南,2023-08-07,8888
00878,國泰永續高股息,3507,3201,306,國泰-敦南,2023-08-07,8888
2891,中信金,450,164,286,國泰-敦南,2023-08-07,8888
3706,神達,2108,1838,270,國泰-敦南,2023-08-07,8888
00772B,中信高評級公司債,305,54,251,國泰-敦南,2023-08-07,8888
2603,長榮,469,227,242,國泰-敦南,2023-08-07,8888
2618,長榮航,1420,1189,231,國泰-敦南,2023-08-07,8888
00688L,國泰20年美債正2,377,162,215,國泰-敦南,2023-08-07,8888
2405,輔信,253,59,194,國泰-敦南,2023-08-07,8888
00665L,富邦�琤肭磪囓�2,443,255,188,國泰-敦南,2023-08-07,8888
2317,鴻海,328,140,188,國泰-敦南,2023-08-07,8888
00907,永豐優息存股,222,44,178,國泰-敦南,2023-08-07,8888
00751B,元大AAA至A公司債,211,35,176,國泰-敦南,2023-08-07,8888
1102,亞泥,182,10,172,國泰-敦南,2023-08-07,8888
2610,華航,1082,915,167,國泰-敦南,2023-08-07,8888
5009,榮剛,410,245,165,國泰-敦南,2023-08-07,8888
00637L,元大滬深300正2,235,70,165,國泰-敦南,2023-08-07,8888
00924,復華S＆P500成長,165,3,162,國泰-敦南,2023-08-07,8888
00753L,中信中國50正2,263,103,160,國泰-敦南,2023-08-07,8888
2301,光寶科,1974,1822,152,國泰-敦南,2023-08-07,8888
2609,陽明,309,169,140,國泰-敦南,2023-08-07,8888
1904,正隆,212,80,132,國泰-敦南,2023-08-07,8888
2388,威盛,514,387,127,國泰-敦南,2023-08-07,8888
3715,定穎投控,235,109,126,國泰-敦南,2023-08-07,8888
00722B,群益投資級電信債,122,9,113,國泰-敦南,2023-08-07,8888
1108,幸福,154,50,104,國泰-敦南,2023-08-07,8888
00680L,元大美債20正2,651,549,102,國泰-敦南,2023-08-07,8888
6116,彩晶,140,50,90,國泰-敦南,2023-08-07,8888
5371,中光電,221,131,90,國泰-敦南,2023-08-07,8888
5871,中租-KY,113,29,84,國泰-敦南,2023-08-07,8888
00857B,永豐20年美公債,81,0,81,國泰-敦南,2023-08-07,8888
8096,擎亞,106,27,79,國泰-敦南,2023-08-07,8888
8930,青鋼,261,183,78,國泰-敦南,2023-08-07,8888
2867,三商壽,98,20,78,國泰-敦南,2023-08-07,8888
3024,憶聲,92,17,75,國泰-敦南,2023-08-07,8888
2458,義隆,151,79,72,國泰-敦南,2023-08-07,8888
00929,復華台灣科技優息,4685,387,4298,國泰-敦南,2023-08-08,8888
00878,國泰永續高股息,4960,2365,2595,國泰-敦南,2023-08-08,8888
00900,富邦特選高股息30,2000,221,1779,國泰-敦南,2023-08-08,8888
00931B,統一美債20年,1702,271,1431,國泰-敦南,2023-08-08,8888
00923,群益台ESG低碳50,1449,117,1332,國泰-敦南,2023-08-08,8888
2356,英業達,4167,2928,1239,國泰-敦南,2023-08-08,8888
3231,緯創,5591,4754,837,國泰-敦南,2023-08-08,8888
00665L,富邦�琤肭磪囓�2,1509,837,672,國泰-敦南,2023-08-08,8888
00671R,富邦NASDAQ反1,501,60,441,國泰-敦南,2023-08-08,8888
2303,聯電,537,147,390,國泰-敦南,2023-08-08,8888
2891,中信金,462,106,356,國泰-敦南,2023-08-08,8888
00795B,中信美國公債20年,406,52,354,國泰-敦南,2023-08-08,8888
2382,廣達,2529,2232,297,國泰-敦南,2023-08-08,8888
00891,中信關鍵半導體,299,23,276,國泰-敦南,2023-08-08,8888
2890,永豐金,405,134,271,國泰-敦南,2023-08-08,8888
00919,群益台灣精選高息,369,115,254,國泰-敦南,2023-08-08,8888
2887,台新金,318,71,247,國泰-敦南,2023-08-08,8888
0050,元大台灣50,314,70,244,國泰-敦南,2023-08-08,8888
00927,群益半導體收益,242,9,233,國泰-敦南,2023-08-08,8888
2352,佳世達,557,329,228,國泰-敦南,2023-08-08,8888
2888,新光金,618,392,226,國泰-敦南,2023-08-08,8888
2883,凱基金,311,93,218,國泰-敦南,2023-08-08,8888
2301,光寶科,1301,1089,212,國泰-敦南,2023-08-08,8888
00888,永豐台灣ESG,225,14,211,國泰-敦南,2023-08-08,8888
5880,合庫金,305,99,206,國泰-敦南,2023-08-08,8888
00907,永豐優息存股,212,8,204,國泰-敦南,2023-08-08,8888
3706,神達,937,735,202,國泰-敦南,2023-08-08,8888
00720B,元大投資級公司債,308,112,196,國泰-敦南,2023-08-08,8888
006208,富邦台50,231,45,186,國泰-敦南,2023-08-08,8888
6188,廣明,761,575,186,國泰-敦南,2023-08-08,8888
3163,波若威,1033,848,185,國泰-敦南,2023-08-08,8888
1101,台泥,197,32,165,國泰-敦南,2023-08-08,8888
9945,潤泰新,193,30,163,國泰-敦南,2023-08-08,8888
00687B,國泰20年美債,401,242,159,國泰-敦南,2023-08-08,8888
2002,中鋼,188,30,158,國泰-敦南,2023-08-08,8888
00751B,元大AAA至A公司債,256,102,154,國泰-敦南,2023-08-08,8888
1504,東元,236,87,149,國泰-敦南,2023-08-08,8888
2834,臺企銀,185,39,146,國泰-敦南,2023-08-08,8888
2388,威盛,394,257,137,國泰-敦南,2023-08-08,8888
00706L,期元大S＆P日圓正2,210,78,132,國泰-敦南,2023-08-08,8888
6770,力積電,160,29,131,國泰-敦南,2023-08-08,8888
2376,技嘉,754,624,130,國泰-敦南,2023-08-08,8888
00881,國泰台灣5G+,205,81,124,國泰-敦南,2023-08-08,8888
3191,雲嘉南,122,1,121,國泰-敦南,2023-08-08,8888
00850,元大臺灣ESG永續,132,12,120,國泰-敦南,2023-08-08,8888
6125,廣運,401,288,113,國泰-敦南,2023-08-08,8888
00930,永豐ESG低碳高息,147,34,113,國泰-敦南,2023-08-08,8888
2801,彰銀,193,82,111,國泰-敦南,2023-08-08,8888
2337,旺宏,129,20,109,國泰-敦南,2023-08-08,8888
00712,復華富時不動產,280,174,106,國泰-敦南,2023-08-08,8888
00929,復華台灣科技優息,3859,439,3420,國泰-敦南,2023-08-09,8888
00900,富邦特選高股息30,2403,203,2200,國泰-敦南,2023-08-09,8888
00878,國泰永續高股息,3228,1875,1353,國泰-敦南,2023-08-09,8888
00923,群益台ESG低碳50,793,144,649,國泰-敦南,2023-08-09,8888
2891,中信金,806,166,640,國泰-敦南,2023-08-09,8888
00931B,統一美債20年,748,124,624,國泰-敦南,2023-08-09,8888
3231,緯創,3679,3174,505,國泰-敦南,2023-08-09,8888
2002,中鋼,508,43,465,國泰-敦南,2023-08-09,8888
00919,群益台灣精選高息,518,92,426,國泰-敦南,2023-08-09,8888
00687B,國泰20年美債,477,68,409,國泰-敦南,2023-08-09,8888
00665L,富邦�琤肭磪囓�2,1493,1099,394,國泰-敦南,2023-08-09,8888
2890,永豐金,595,257,338,國泰-敦南,2023-08-09,8888
5880,合庫金,514,214,300,國泰-敦南,2023-08-09,8888
00907,永豐優息存股,317,27,290,國泰-敦南,2023-08-09,8888
9939,宏全,260,4,256,國泰-敦南,2023-08-09,8888
00720B,元大投資級公司債,386,130,256,國泰-敦南,2023-08-09,8888
00772B,中信高評級公司債,289,48,241,國泰-敦南,2023-08-09,8888
2344,華邦電,312,83,229,國泰-敦南,2023-08-09,8888
00751B,元大AAA至A公司債,268,46,222,國泰-敦南,2023-08-09,8888
00882,中信中國高股息,368,162,206,國泰-敦南,2023-08-09,8888
00930,永豐ESG低碳高息,195,11,184,國泰-敦南,2023-08-09,8888
2801,彰銀,285,104,181,國泰-敦南,2023-08-09,8888
00671R,富邦NASDAQ反1,235,55,180,國泰-敦南,2023-08-09,8888
6120,達運,194,16,178,國泰-敦南,2023-08-09,8888
2618,長榮航,872,696,176,國泰-敦南,2023-08-09,8888
00927,群益半導體收益,153,2,151,國泰-敦南,2023-08-09,8888
2882,國泰金,222,76,146,國泰-敦南,2023-08-09,8888
9945,潤泰新,158,19,139,國泰-敦南,2023-08-09,8888
6125,廣運,466,334,132,國泰-敦南,2023-08-09,8888
00673R,期元大S＆P原油反1,317,186,131,國泰-敦南,2023-08-09,8888
2834,臺企銀,169,43,126,國泰-敦南,2023-08-09,8888
00885,富邦越南,308,193,115,國泰-敦南,2023-08-09,8888
2867,三商壽,215,100,115,國泰-敦南,2023-08-09,8888
2605,新興,121,8,113,國泰-敦南,2023-08-09,8888
00795B,中信美國公債20年,129,25,104,國泰-敦南,2023-08-09,8888
6177,達麗,102,0,102,國泰-敦南,2023-08-09,8888
00706L,期元大S＆P日圓正2,109,8,101,國泰-敦南,2023-08-09,8888
3325,旭品,329,229,100,國泰-敦南,2023-08-09,8888
1210,大成,236,144,92,國泰-敦南,2023-08-09,8888
2027,大成鋼,121,29,92,國泰-敦南,2023-08-09,8888
00712,復華富時不動產,335,244,91,國泰-敦南,2023-08-09,8888
1514,亞力,172,83,89,國泰-敦南,2023-08-09,8888
1217,愛之味,217,129,88,國泰-敦南,2023-08-09,8888
4533,協易機,129,41,88,國泰-敦南,2023-08-09,8888
2316,楠梓電,138,53,85,國泰-敦南,2023-08-09,8888
9105,泰金寶-DR,115,35,80,國泰-敦南,2023-08-09,8888
006208,富邦台50,100,21,79,國泰-敦南,2023-08-09,8888
00688L,國泰20年美債正2,183,105,78,國泰-敦南,2023-08-09,8888
00664R,國泰臺灣加權反1,124,50,74,國泰-敦南,2023-08-09,8888
3356,奇偶,228,155,73,國泰-敦南,2023-08-09,8888
00929,復華台灣科技優息,5870,818,5052,國泰-敦南,2023-08-10,8888
00878,國泰永續高股息,7636,2800,4836,國泰-敦南,2023-08-10,8888
00900,富邦特選高股息30,2523,121,2402,國泰-敦南,2023-08-10,8888
0056,元大高股息,2277,1000,1277,國泰-敦南,2023-08-10,8888
00923,群益台ESG低碳50,1291,86,1205,國泰-敦南,2023-08-10,8888
00919,群益台灣精選高息,1229,252,977,國泰-敦南,2023-08-10,8888
2610,華航,1880,1149,731,國泰-敦南,2023-08-10,8888
2886,兆豐金,793,90,703,國泰-敦南,2023-08-10,8888
00931B,統一美債20年,775,170,605,國泰-敦南,2023-08-10,8888
6282,康舒,1684,1157,527,國泰-敦南,2023-08-10,8888
2382,廣達,1774,1257,517,國泰-敦南,2023-08-10,8888
3481,群創,1275,835,440,國泰-敦南,2023-08-10,8888
00671R,富邦NASDAQ反1,433,7,426,國泰-敦南,2023-08-10,8888
00706L,期元大S＆P日圓正2,456,66,390,國泰-敦南,2023-08-10,8888
2409,友達,541,182,359,國泰-敦南,2023-08-10,8888
00881,國泰台灣5G+,562,204,358,國泰-敦南,2023-08-10,8888
00665L,富邦�琤肭磪囓�2,939,593,346,國泰-敦南,2023-08-10,8888
2402,毅嘉,570,243,327,國泰-敦南,2023-08-10,8888
00930,永豐ESG低碳高息,322,23,299,國泰-敦南,2023-08-10,8888
00891,中信關鍵半導體,341,47,294,國泰-敦南,2023-08-10,8888
2002,中鋼,357,67,290,國泰-敦南,2023-08-10,8888
00687B,國泰20年美債,546,261,285,國泰-敦南,2023-08-10,8888
0050,元大台灣50,370,86,284,國泰-敦南,2023-08-10,8888
2376,技嘉,626,344,282,國泰-敦南,2023-08-10,8888
00751B,元大AAA至A公司債,338,58,280,國泰-敦南,2023-08-10,8888
2363,矽統,1971,1718,253,國泰-敦南,2023-08-10,8888
2312,金寶,369,122,247,國泰-敦南,2023-08-10,8888
2324,仁寶,364,119,245,國泰-敦南,2023-08-10,8888
8936,國統,251,20,231,國泰-敦南,2023-08-10,8888
2883B,凱基金乙特,234,7,227,國泰-敦南,2023-08-10,8888
006208,富邦台50,287,64,223,國泰-敦南,2023-08-10,8888
00679B,元大美債20年,359,139,220,國泰-敦南,2023-08-10,8888
1802,台玻,585,368,217,國泰-敦南,2023-08-10,8888
2323,中環,318,116,202,國泰-敦南,2023-08-10,8888
00715L,期街口布蘭特正2,458,270,188,國泰-敦南,2023-08-10,8888
3017,奇鋐,320,143,177,國泰-敦南,2023-08-10,8888
2801,彰銀,394,224,170,國泰-敦南,2023-08-10,8888
2388,威盛,534,366,168,國泰-敦南,2023-08-10,8888
00888,永豐台灣ESG,203,37,166,國泰-敦南,2023-08-10,8888
1513,中興電,417,255,162,國泰-敦南,2023-08-10,8888
3032,偉訓,266,105,161,國泰-敦南,2023-08-10,8888
2516,新建,321,161,160,國泰-敦南,2023-08-10,8888
2303,聯電,363,204,159,國泰-敦南,2023-08-10,8888
00631L,元大台灣50正2,213,55,158,國泰-敦南,2023-08-10,8888
9939,宏全,165,7,158,國泰-敦南,2023-08-10,8888
00927,群益半導體收益,158,10,148,國泰-敦南,2023-08-10,8888
8112,至上,527,394,133,國泰-敦南,2023-08-10,8888
00675L,富邦臺灣加權正2,189,61,128,國泰-敦南,2023-08-10,8888
00850,元大臺灣ESG永續,132,17,115,國泰-敦南,2023-08-10,8888
00720B,元大投資級公司債,245,132,113,國泰-敦南,2023-08-10,8888
00929,復華台灣科技優息,3057,503,2554,國泰-敦南,2023-08-11,8888
00931B,統一美債20年,1975,50,1925,國泰-敦南,2023-08-11,8888
00900,富邦特選高股息30,1316,85,1231,國泰-敦南,2023-08-11,8888
00923,群益台ESG低碳50,1363,329,1034,國泰-敦南,2023-08-11,8888
00687B,國泰20年美債,954,54,900,國泰-敦南,2023-08-11,8888
00751B,元大AAA至A公司債,753,22,731,國泰-敦南,2023-08-11,8888
2892,第一金,812,173,639,國泰-敦南,2023-08-11,8888
2002,中鋼,614,40,574,國泰-敦南,2023-08-11,8888
00795B,中信美國公債20年,545,1,544,國泰-敦南,2023-08-11,8888
3481,群創,984,458,526,國泰-敦南,2023-08-11,8888
00679B,元大美債20年,845,359,486,國泰-敦南,2023-08-11,8888
3231,緯創,3861,3379,482,國泰-敦南,2023-08-11,8888
2888,新光金,880,412,468,國泰-敦南,2023-08-11,8888
00706L,期元大S＆P日圓正2,527,67,460,國泰-敦南,2023-08-11,8888
2618,長榮航,2043,1603,440,國泰-敦南,2023-08-11,8888
00772B,中信高評級公司債,586,165,421,國泰-敦南,2023-08-11,8888
00878,國泰永續高股息,2341,1923,418,國泰-敦南,2023-08-11,8888
00680L,元大美債20正2,749,338,411,國泰-敦南,2023-08-11,8888
2409,友達,506,100,406,國泰-敦南,2023-08-11,8888
2317,鴻海,412,39,373,國泰-敦南,2023-08-11,8888
00882,中信中國高股息,561,196,365,國泰-敦南,2023-08-11,8888
6770,力積電,434,111,323,國泰-敦南,2023-08-11,8888
00688L,國泰20年美債正2,435,114,321,國泰-敦南,2023-08-11,8888
2886,兆豐金,386,91,295,國泰-敦南,2023-08-11,8888
2801,彰銀,295,20,275,國泰-敦南,2023-08-11,8888
00715L,期街口布蘭特正2,374,131,243,國泰-敦南,2023-08-11,8888
0050,元大台灣50,265,38,227,國泰-敦南,2023-08-11,8888
2356,英業達,2293,2086,207,國泰-敦南,2023-08-11,8888
00773B,中信優先金融債,184,2,182,國泰-敦南,2023-08-11,8888
00907,永豐優息存股,180,2,178,國泰-敦南,2023-08-11,8888
006208,富邦台50,219,42,177,國泰-敦南,2023-08-11,8888
00720B,元大投資級公司債,344,174,170,國泰-敦南,2023-08-11,8888
3483,力致,312,145,167,國泰-敦南,2023-08-11,8888
2880,華南金,190,28,162,國泰-敦南,2023-08-11,8888
9939,宏全,171,9,162,國泰-敦南,2023-08-11,8888
2883,凱基金,369,222,147,國泰-敦南,2023-08-11,8888
00891,中信關鍵半導體,144,4,140,國泰-敦南,2023-08-11,8888
2883B,凱基金乙特,147,20,127,國泰-敦南,2023-08-11,8888
00888,永豐台灣ESG,154,35,119,國泰-敦南,2023-08-11,8888
2330,台積電,157,43,114,國泰-敦南,2023-08-11,8888
2645,長榮航太,166,53,113,國泰-敦南,2023-08-11,8888
00722B,群益投資級電信債,124,13,111,國泰-敦南,2023-08-11,8888
1795,美時,311,201,110,國泰-敦南,2023-08-11,8888
00673R,期元大S＆P原油反1,244,137,107,國泰-敦南,2023-08-11,8888
00664R,國泰臺灣加權反1,143,43,100,國泰-敦南,2023-08-11,8888
2027,大成鋼,153,55,98,國泰-敦南,2023-08-11,8888
2206,三陽工業,219,122,97,國泰-敦南,2023-08-11,8888
00930,永豐ESG低碳高息,107,13,94,國泰-敦南,2023-08-11,8888
00712,復華富時不動產,393,301,92,國泰-敦南,2023-08-11,8888
3581,博磊,231,140,91,國泰-敦南,2023-08-11,8888
00929,復華台灣科技優息,7460,421,7039,國泰-敦南,2023-08-14,8888
00878,國泰永續高股息,7463,2437,5026,國泰-敦南,2023-08-14,8888
00900,富邦特選高股息30,3656,230,3426,國泰-敦南,2023-08-14,8888
00923,群益台ESG低碳50,2089,236,1853,國泰-敦南,2023-08-14,8888
2610,華航,1950,991,959,國泰-敦南,2023-08-14,8888
0050,元大台灣50,825,97,728,國泰-敦南,2023-08-14,8888
2618,長榮航,1816,1105,711,國泰-敦南,2023-08-14,8888
2891,中信金,932,249,683,國泰-敦南,2023-08-14,8888
00931B,統一美債20年,791,201,590,國泰-敦南,2023-08-14,8888
00665L,富邦�琤肭磪囓�2,1073,500,573,國泰-敦南,2023-08-14,8888
00907,永豐優息存股,582,29,553,國泰-敦南,2023-08-14,8888
006208,富邦台50,616,102,514,國泰-敦南,2023-08-14,8888
3231,緯創,3579,3121,458,國泰-敦南,2023-08-14,8888
2002,中鋼,492,71,421,國泰-敦南,2023-08-14,8888
00753L,中信中國50正2,771,360,411,國泰-敦南,2023-08-14,8888
2812,台中銀,440,43,397,國泰-敦南,2023-08-14,8888
00919,群益台灣精選高息,685,299,386,國泰-敦南,2023-08-14,8888
2344,華邦電,490,158,332,國泰-敦南,2023-08-14,8888
0056,元大高股息,1132,815,317,國泰-敦南,2023-08-14,8888
2887,台新金,415,113,302,國泰-敦南,2023-08-14,8888
00680L,元大美債20正2,346,58,288,國泰-敦南,2023-08-14,8888
00751B,元大AAA至A公司債,308,24,284,國泰-敦南,2023-08-14,8888
2883B,凱基金乙特,274,0,274,國泰-敦南,2023-08-14,8888
00888,永豐台灣ESG,329,58,271,國泰-敦南,2023-08-14,8888
00922,國泰台灣領袖50,375,104,271,國泰-敦南,2023-08-14,8888
9939,宏全,277,14,263,國泰-敦南,2023-08-14,8888
2883,凱基金,439,177,262,國泰-敦南,2023-08-14,8888
2892,第一金,287,32,255,國泰-敦南,2023-08-14,8888
2880,華南金,336,84,252,國泰-敦南,2023-08-14,8888
2886,兆豐金,373,121,252,國泰-敦南,2023-08-14,8888
2890,永豐金,339,88,251,國泰-敦南,2023-08-14,8888
2834,臺企銀,335,88,247,國泰-敦南,2023-08-14,8888
00706L,期元大S＆P日圓正2,246,24,222,國泰-敦南,2023-08-14,8888
2402,毅嘉,444,227,217,國泰-敦南,2023-08-14,8888
00631L,元大台灣50正2,293,81,212,國泰-敦南,2023-08-14,8888
9945,潤泰新,215,23,192,國泰-敦南,2023-08-14,8888
00850,元大臺灣ESG永續,216,31,185,國泰-敦南,2023-08-14,8888
2881,富邦金,302,123,179,國泰-敦南,2023-08-14,8888
2409,友達,292,122,170,國泰-敦南,2023-08-14,8888
2356,英業達,1982,1813,169,國泰-敦南,2023-08-14,8888
00795B,中信美國公債20年,185,19,166,國泰-敦南,2023-08-14,8888
2867,三商壽,206,41,165,國泰-敦南,2023-08-14,8888
00930,永豐ESG低碳高息,213,63,150,國泰-敦南,2023-08-14,8888
00692,富邦公司治理,186,50,136,國泰-敦南,2023-08-14,8888
00675L,富邦臺灣加權正2,208,73,135,國泰-敦南,2023-08-14,8888
2027,大成鋼,218,83,135,國泰-敦南,2023-08-14,8888
5871,中租-KY,176,41,135,國泰-敦南,2023-08-14,8888
2201,裕隆,289,155,134,國泰-敦南,2023-08-14,8888
3049,精金,171,39,132,國泰-敦南,2023-08-14,8888
2882,國泰金,393,265,128,國泰-敦南,2023-08-14,8888
00929,復華台灣科技優息,3786,875,2911,國泰-敦南,2023-08-15,8888
00923,群益台ESG低碳50,2540,297,2243,國泰-敦南,2023-08-15,8888
00900,富邦特選高股息30,2267,576,1691,國泰-敦南,2023-08-15,8888
00632R,元大台灣50反1,1887,909,978,國泰-敦南,2023-08-15,8888
00907,永豐優息存股,778,11,767,國泰-敦南,2023-08-15,8888
2317,鴻海,898,169,729,國泰-敦南,2023-08-15,8888
00679B,元大美債20年,689,89,600,國泰-敦南,2023-08-15,8888
00931B,統一美債20年,602,84,518,國泰-敦南,2023-08-15,8888
2002,中鋼,534,46,488,國泰-敦南,2023-08-15,8888
2834,臺企銀,583,99,484,國泰-敦南,2023-08-15,8888
2883,凱基金,574,97,477,國泰-敦南,2023-08-15,8888
00772B,中信高評級公司債,465,19,446,國泰-敦南,2023-08-15,8888
00706L,期元大S＆P日圓正2,452,9,443,國泰-敦南,2023-08-15,8888
2884,玉山金,452,55,397,國泰-敦南,2023-08-15,8888
00751B,元大AAA至A公司債,391,62,329,國泰-敦南,2023-08-15,8888
2892,第一金,327,11,316,國泰-敦南,2023-08-15,8888
2887,台新金,384,73,311,國泰-敦南,2023-08-15,8888
00687B,國泰20年美債,397,89,308,國泰-敦南,2023-08-15,8888
00795B,中信美國公債20年,353,49,304,國泰-敦南,2023-08-15,8888
00878,國泰永續高股息,5176,4873,303,國泰-敦南,2023-08-15,8888
00712,復華富時不動產,1043,744,299,國泰-敦南,2023-08-15,8888
2891,中信金,802,522,280,國泰-敦南,2023-08-15,8888
00680L,元大美債20正2,399,123,276,國泰-敦南,2023-08-15,8888
2883B,凱基金乙特,335,61,274,國泰-敦南,2023-08-15,8888
2890,永豐金,270,62,208,國泰-敦南,2023-08-15,8888
3231,緯創,3013,2805,208,國泰-敦南,2023-08-15,8888
00665L,富邦�琤肭磪囓�2,648,445,203,國泰-敦南,2023-08-15,8888
006208,富邦台50,237,48,189,國泰-敦南,2023-08-15,8888
00753L,中信中國50正2,298,124,174,國泰-敦南,2023-08-15,8888
2356,英業達,2016,1866,150,國泰-敦南,2023-08-15,8888
2886,兆豐金,233,91,142,國泰-敦南,2023-08-15,8888
00688L,國泰20年美債正2,179,39,140,國泰-敦南,2023-08-15,8888
2880,華南金,229,89,140,國泰-敦南,2023-08-15,8888
00850,元大臺灣ESG永續,169,33,136,國泰-敦南,2023-08-15,8888
1802,台玻,292,157,135,國泰-敦南,2023-08-15,8888
2801,彰銀,172,45,127,國泰-敦南,2023-08-15,8888
3481,群創,509,386,123,國泰-敦南,2023-08-15,8888
0050,元大台灣50,178,57,121,國泰-敦南,2023-08-15,8888
2027,大成鋼,167,51,116,國泰-敦南,2023-08-15,8888
2881,富邦金,166,53,113,國泰-敦南,2023-08-15,8888
9945,潤泰新,111,22,89,國泰-敦南,2023-08-15,8888
1101,台泥,138,52,86,國泰-敦南,2023-08-15,8888
00881,國泰台灣5G+,285,200,85,國泰-敦南,2023-08-15,8888
00764B,群益25年美債,84,0,84,國泰-敦南,2023-08-15,8888
00885,富邦越南,236,153,83,國泰-敦南,2023-08-15,8888
00637L,元大滬深300正2,200,120,80,國泰-敦南,2023-08-15,8888
00888,永豐台灣ESG,116,38,78,國泰-敦南,2023-08-15,8888
00719B,元大美債1-3,80,3,77,國泰-敦南,2023-08-15,8888
00930,永豐ESG低碳高息,113,38,75,國泰-敦南,2023-08-15,8888
6770,力積電,168,97,71,國泰-敦南,2023-08-15,8888
00929,復華台灣科技優息,4884,960,3924,國泰-敦南,2023-08-16,8888
00878,國泰永續高股息,4500,2327,2173,國泰-敦南,2023-08-16,8888
00923,群益台ESG低碳50,2165,160,2005,國泰-敦南,2023-08-16,8888
00712,復華富時不動產,2019,1059,960,國泰-敦南,2023-08-16,8888
2303,聯電,1121,166,955,國泰-敦南,2023-08-16,8888
00900,富邦特選高股息30,1175,342,833,國泰-敦南,2023-08-16,8888
2883,凱基金,908,154,754,國泰-敦南,2023-08-16,8888
2891,中信金,1034,330,704,國泰-敦南,2023-08-16,8888
00753L,中信中國50正2,993,289,704,國泰-敦南,2023-08-16,8888
00772B,中信高評級公司債,843,155,688,國泰-敦南,2023-08-16,8888
2884,玉山金,807,130,677,國泰-敦南,2023-08-16,8888
3481,群創,968,328,640,國泰-敦南,2023-08-16,8888
2610,華航,1410,836,574,國泰-敦南,2023-08-16,8888
2332,友訊,1357,794,563,國泰-敦南,2023-08-16,8888
00907,永豐優息存股,546,19,527,國泰-敦南,2023-08-16,8888
00751B,元大AAA至A公司債,534,24,510,國泰-敦南,2023-08-16,8888
00931B,統一美債20年,579,153,426,國泰-敦南,2023-08-16,8888
2002,中鋼,572,168,404,國泰-敦南,2023-08-16,8888
0050,元大台灣50,443,72,371,國泰-敦南,2023-08-16,8888
2886,兆豐金,605,239,366,國泰-敦南,2023-08-16,8888
00795B,中信美國公債20年,414,53,361,國泰-敦南,2023-08-16,8888
2890,永豐金,481,152,329,國泰-敦南,2023-08-16,8888
2317,鴻海,503,179,324,國泰-敦南,2023-08-16,8888
1101,台泥,363,48,315,國泰-敦南,2023-08-16,8888
006208,富邦台50,327,37,290,國泰-敦南,2023-08-16,8888
00919,群益台灣精選高息,400,110,290,國泰-敦南,2023-08-16,8888
00676R,富邦臺灣加權反1,307,35,272,國泰-敦南,2023-08-16,8888
00720B,元大投資級公司債,412,151,261,國泰-敦南,2023-08-16,8888
00687B,國泰20年美債,520,265,255,國泰-敦南,2023-08-16,8888
2880,華南金,315,66,249,國泰-敦南,2023-08-16,8888
2409,友達,326,77,249,國泰-敦南,2023-08-16,8888
3682,亞太電,275,33,242,國泰-敦南,2023-08-16,8888
00888,永豐台灣ESG,312,83,229,國泰-敦南,2023-08-16,8888
2887,台新金,546,331,215,國泰-敦南,2023-08-16,8888
5880,合庫金,247,39,208,國泰-敦南,2023-08-16,8888
2892,第一金,242,37,205,國泰-敦南,2023-08-16,8888
00882,中信中國高股息,643,460,183,國泰-敦南,2023-08-16,8888
00679B,元大美債20年,538,357,181,國泰-敦南,2023-08-16,8888
2889,國票金,192,19,173,國泰-敦南,2023-08-16,8888
00671R,富邦NASDAQ反1,181,9,172,國泰-敦南,2023-08-16,8888
00891,中信關鍵半導體,203,35,168,國泰-敦南,2023-08-16,8888
00722B,群益投資級電信債,187,21,166,國泰-敦南,2023-08-16,8888
2897,王道銀行,227,61,166,國泰-敦南,2023-08-16,8888
2834,臺企銀,519,357,162,國泰-敦南,2023-08-16,8888
2323,中環,346,185,161,國泰-敦南,2023-08-16,8888
2603,長榮,283,126,157,國泰-敦南,2023-08-16,8888
8069,元太,249,117,132,國泰-敦南,2023-08-16,8888
9945,潤泰新,203,75,128,國泰-敦南,2023-08-16,8888
2609,陽明,394,273,121,國泰-敦南,2023-08-16,8888
2352,佳世達,222,103,119,國泰-敦南,2023-08-16,8888
00929,復華台灣科技優息,3143,1754,1389,國泰-敦南,2023-08-17,8888
3231,緯創,5006,3947,1059,國泰-敦南,2023-08-17,8888
00687B,國泰20年美債,1125,131,994,國泰-敦南,2023-08-17,8888
00712,復華富時不動產,1521,638,883,國泰-敦南,2023-08-17,8888
00931B,統一美債20年,967,100,867,國泰-敦南,2023-08-17,8888
00772B,中信高評級公司債,919,71,848,國泰-敦南,2023-08-17,8888
00751B,元大AAA至A公司債,838,31,807,國泰-敦南,2023-08-17,8888
00882,中信中國高股息,1035,369,666,國泰-敦南,2023-08-17,8888
00679B,元大美債20年,826,402,424,國泰-敦南,2023-08-17,8888
2002,中鋼,618,208,410,國泰-敦南,2023-08-17,8888
00795B,中信美國公債20年,517,116,401,國泰-敦南,2023-08-17,8888
2891,中信金,684,287,397,國泰-敦南,2023-08-17,8888
2880,華南金,393,18,375,國泰-敦南,2023-08-17,8888
2887,台新金,613,250,363,國泰-敦南,2023-08-17,8888
00919,群益台灣精選高息,444,163,281,國泰-敦南,2023-08-17,8888
2324,仁寶,3491,3214,277,國泰-敦南,2023-08-17,8888
3056,富華新,457,184,273,國泰-敦南,2023-08-17,8888
00923,群益台ESG低碳50,571,303,268,國泰-敦南,2023-08-17,8888
00753L,中信中國50正2,620,355,265,國泰-敦南,2023-08-17,8888
2303,聯電,532,272,260,國泰-敦南,2023-08-17,8888
00722B,群益投資級電信債,279,56,223,國泰-敦南,2023-08-17,8888
2329,華泰,816,599,217,國泰-敦南,2023-08-17,8888
2885,元大金,224,30,194,國泰-敦南,2023-08-17,8888
2886,兆豐金,363,173,190,國泰-敦南,2023-08-17,8888
9945,潤泰新,299,112,187,國泰-敦南,2023-08-17,8888
1101,台泥,303,125,178,國泰-敦南,2023-08-17,8888
6770,力積電,225,64,161,國泰-敦南,2023-08-17,8888
2409,友達,323,167,156,國泰-敦南,2023-08-17,8888
006208,富邦台50,189,34,155,國泰-敦南,2023-08-17,8888
0050,元大台灣50,210,58,152,國泰-敦南,2023-08-17,8888
2892,第一金,222,73,149,國泰-敦南,2023-08-17,8888
2801,彰銀,162,13,149,國泰-敦南,2023-08-17,8888
2356,英業達,1931,1786,145,國泰-敦南,2023-08-17,8888
2014,中鴻,245,104,141,國泰-敦南,2023-08-17,8888
00665L,富邦�琤肭磪囓�2,639,498,141,國泰-敦南,2023-08-17,8888
00913,兆豐台灣晶圓製造,142,2,140,國泰-敦南,2023-08-17,8888
00720B,元大投資級公司債,607,468,139,國泰-敦南,2023-08-17,8888
4414,如興,141,5,136,國泰-敦南,2023-08-17,8888
2421,建準,1410,1282,128,國泰-敦南,2023-08-17,8888
2888,新光金,217,93,124,國泰-敦南,2023-08-17,8888
00907,永豐優息存股,189,66,123,國泰-敦南,2023-08-17,8888
5880,合庫金,169,48,121,國泰-敦南,2023-08-17,8888
00706L,期元大S＆P日圓正2,249,130,119,國泰-敦南,2023-08-17,8888
1471,首利,253,135,118,國泰-敦南,2023-08-17,8888
00725B,國泰投資級公司債,168,51,117,國泰-敦南,2023-08-17,8888
8069,元太,357,242,115,國泰-敦南,2023-08-17,8888
1301,台塑,142,29,113,國泰-敦南,2023-08-17,8888
2883B,凱基金乙特,112,3,109,國泰-敦南,2023-08-17,8888
6191,精成科,204,97,107,國泰-敦南,2023-08-17,8888
2812,台中銀,152,46,106,國泰-敦南,2023-08-17,8888
00929,復華台灣科技優息,6709,1249,5460,國泰-敦南,2023-08-18,8888
00878,國泰永續高股息,4739,2280,2459,國泰-敦南,2023-08-18,8888
3231,緯創,4991,3591,1400,國泰-敦南,2023-08-18,8888
00712,復華富時不動產,2343,1083,1260,國泰-敦南,2023-08-18,8888
2618,長榮航,1265,565,700,國泰-敦南,2023-08-18,8888
2363,矽統,4493,3832,661,國泰-敦南,2023-08-18,8888
00882,中信中國高股息,717,148,569,國泰-敦南,2023-08-18,8888
0056,元大高股息,1057,547,510,國泰-敦南,2023-08-18,8888
00923,群益台ESG低碳50,710,227,483,國泰-敦南,2023-08-18,8888
2356,英業達,1997,1567,430,國泰-敦南,2023-08-18,8888
2382,廣達,2406,2021,385,國泰-敦南,2023-08-18,8888
00900,富邦特選高股息30,567,194,373,國泰-敦南,2023-08-18,8888
00919,群益台灣精選高息,531,173,358,國泰-敦南,2023-08-18,8888
00751B,元大AAA至A公司債,397,52,345,國泰-敦南,2023-08-18,8888
3056,富華新,521,185,336,國泰-敦南,2023-08-18,8888
00687B,國泰20年美債,392,63,329,國泰-敦南,2023-08-18,8888
2610,華航,753,443,310,國泰-敦南,2023-08-18,8888
00772B,中信高評級公司債,363,54,309,國泰-敦南,2023-08-18,8888
2883,凱基金,419,128,291,國泰-敦南,2023-08-18,8888
2324,仁寶,2112,1823,289,國泰-敦南,2023-08-18,8888
2402,毅嘉,938,669,269,國泰-敦南,2023-08-18,8888
00650L,復華香港正2,306,45,261,國泰-敦南,2023-08-18,8888
00720B,元大投資級公司債,481,221,260,國泰-敦南,2023-08-18,8888
1101,台泥,386,128,258,國泰-敦南,2023-08-18,8888
2409,友達,355,113,242,國泰-敦南,2023-08-18,8888
3078,僑威,625,413,212,國泰-敦南,2023-08-18,8888
1504,東元,523,316,207,國泰-敦南,2023-08-18,8888
00922,國泰台灣領袖50,211,16,195,國泰-敦南,2023-08-18,8888
2886,兆豐金,276,88,188,國泰-敦南,2023-08-18,8888
2313,華通,214,32,182,國泰-敦南,2023-08-18,8888
00673R,期元大S＆P原油反1,535,356,179,國泰-敦南,2023-08-18,8888
0050,元大台灣50,223,46,177,國泰-敦南,2023-08-18,8888
00665L,富邦�琤肭磪囓�2,595,433,162,國泰-敦南,2023-08-18,8888
2421,建準,960,801,159,國泰-敦南,2023-08-18,8888
00888,永豐台灣ESG,208,64,144,國泰-敦南,2023-08-18,8888
2317,鴻海,210,71,139,國泰-敦南,2023-08-18,8888
00753L,中信中國50正2,311,176,135,國泰-敦南,2023-08-18,8888
6188,廣明,450,318,132,國泰-敦南,2023-08-18,8888
006208,富邦台50,177,53,124,國泰-敦南,2023-08-18,8888
3035,智原,771,647,124,國泰-敦南,2023-08-18,8888
2891,中信金,313,196,117,國泰-敦南,2023-08-18,8888
2913,農林,264,149,115,國泰-敦南,2023-08-18,8888
00795B,中信美國公債20年,151,39,112,國泰-敦南,2023-08-18,8888
9904,寶成,115,3,112,國泰-敦南,2023-08-18,8888
2352,佳世達,292,183,109,國泰-敦南,2023-08-18,8888
2312,金寶,322,213,109,國泰-敦南,2023-08-18,8888
00675L,富邦臺灣加權正2,154,51,103,國泰-敦南,2023-08-18,8888
2368,金像電,980,877,103,國泰-敦南,2023-08-18,8888
3362,先進光,684,589,95,國泰-敦南,2023-08-18,8888
2892,第一金,136,41,95,國泰-敦南,2023-08-18,8888
00929,復華台灣科技優息,2238,571,1667,國泰-敦南,2023-08-21,8888
00882,中信中國高股息,864,320,544,國泰-敦南,2023-08-21,8888
00687B,國泰20年美債,692,188,504,國泰-敦南,2023-08-21,8888
00751B,元大AAA至A公司債,481,32,449,國泰-敦南,2023-08-21,8888
2382,廣達,1621,1273,348,國泰-敦南,2023-08-21,8888
00720B,元大投資級公司債,355,14,341,國泰-敦南,2023-08-21,8888
00632R,元大台灣50反1,689,371,318,國泰-敦南,2023-08-21,8888
00712,復華富時不動產,749,447,302,國泰-敦南,2023-08-21,8888
00772B,中信高評級公司債,426,135,291,國泰-敦南,2023-08-21,8888
00919,群益台灣精選高息,418,132,286,國泰-敦南,2023-08-21,8888
2332,友訊,1009,729,280,國泰-敦南,2023-08-21,8888
00679B,元大美債20年,510,233,277,國泰-敦南,2023-08-21,8888
00931B,統一美債20年,434,179,255,國泰-敦南,2023-08-21,8888
00673R,期元大S＆P原油反1,399,182,217,國泰-敦南,2023-08-21,8888
2002,中鋼,266,58,208,國泰-敦南,2023-08-21,8888
2605,新興,471,271,200,國泰-敦南,2023-08-21,8888
00795B,中信美國公債20年,200,2,198,國泰-敦南,2023-08-21,8888
00753L,中信中國50正2,539,342,197,國泰-敦南,2023-08-21,8888
00665L,富邦�琤肭磪囓�2,743,567,176,國泰-敦南,2023-08-21,8888
4906,正文,554,379,175,國泰-敦南,2023-08-21,8888
00923,群益台ESG低碳50,337,163,174,國泰-敦南,2023-08-21,8888
0050,元大台灣50,268,98,170,國泰-敦南,2023-08-21,8888
3706,神達,567,400,167,國泰-敦南,2023-08-21,8888
5608,四維航,1072,909,163,國泰-敦南,2023-08-21,8888
2603,長榮,284,123,161,國泰-敦南,2023-08-21,8888
1504,東元,250,93,157,國泰-敦南,2023-08-21,8888
00650L,復華香港正2,390,247,143,國泰-敦南,2023-08-21,8888
2402,毅嘉,396,254,142,國泰-敦南,2023-08-21,8888
9907,統一實,185,47,138,國泰-敦南,2023-08-21,8888
2324,仁寶,1011,880,131,國泰-敦南,2023-08-21,8888
2606,裕民,429,299,130,國泰-敦南,2023-08-21,8888
2609,陽明,248,139,109,國泰-敦南,2023-08-21,8888
2883,凱基金,195,87,108,國泰-敦南,2023-08-21,8888
006208,富邦台50,160,53,107,國泰-敦南,2023-08-21,8888
2330,台積電,120,26,94,國泰-敦南,2023-08-21,8888
2610,華航,452,360,92,國泰-敦南,2023-08-21,8888
00773B,中信優先金融債,97,11,86,國泰-敦南,2023-08-21,8888
6197,佳必琪,94,9,85,國泰-敦南,2023-08-21,8888
2886,兆豐金,161,78,83,國泰-敦南,2023-08-21,8888
1218,泰山,106,23,83,國泰-敦南,2023-08-21,8888
1301,台塑,88,6,82,國泰-敦南,2023-08-21,8888
1101,台泥,125,46,79,國泰-敦南,2023-08-21,8888
00857B,永豐20年美公債,93,16,77,國泰-敦南,2023-08-21,8888
2303,聯電,198,121,77,國泰-敦南,2023-08-21,8888
2892,第一金,94,21,73,國泰-敦南,2023-08-21,8888
00725B,國泰投資級公司債,72,3,69,國泰-敦南,2023-08-21,8888
00688L,國泰20年美債正2,139,72,67,國泰-敦南,2023-08-21,8888
00722B,群益投資級電信債,103,37,66,國泰-敦南,2023-08-21,8888
2881,富邦金,116,53,63,國泰-敦南,2023-08-21,8888
2618,長榮航,482,425,57,國泰-敦南,2023-08-21,8888
00929,復華台灣科技優息,2381,1051,1330,國泰-敦南,2023-08-22,8888
2363,矽統,5384,4599,785,國泰-敦南,2023-08-22,8888
2891,中信金,595,160,435,國泰-敦南,2023-08-22,8888
2356,英業達,2024,1650,374,國泰-敦南,2023-08-22,8888
2886,兆豐金,476,112,364,國泰-敦南,2023-08-22,8888
00687B,國泰20年美債,498,146,352,國泰-敦南,2023-08-22,8888
00712,復華富時不動產,585,240,345,國泰-敦南,2023-08-22,8888
2002,中鋼,369,30,339,國泰-敦南,2023-08-22,8888
2421,建準,1233,915,318,國泰-敦南,2023-08-22,8888
00665L,富邦�琤肭磪囓�2,754,442,312,國泰-敦南,2023-08-22,8888
00795B,中信美國公債20年,330,22,308,國泰-敦南,2023-08-22,8888
2324,仁寶,1298,993,305,國泰-敦南,2023-08-22,8888
2883,凱基金,432,157,275,國泰-敦南,2023-08-22,8888
6125,廣運,1376,1131,245,國泰-敦南,2023-08-22,8888
2409,友達,301,80,221,國泰-敦南,2023-08-22,8888
3163,波若威,839,637,202,國泰-敦南,2023-08-22,8888
00751B,元大AAA至A公司債,448,250,198,國泰-敦南,2023-08-22,8888
00720B,元大投資級公司債,365,167,198,國泰-敦南,2023-08-22,8888
1513,中興電,338,140,198,國泰-敦南,2023-08-22,8888
3231,緯創,2998,2816,182,國泰-敦南,2023-08-22,8888
3051,力特,612,449,163,國泰-敦南,2023-08-22,8888
2884,玉山金,200,46,154,國泰-敦南,2023-08-22,8888
00902,中信電池及儲能,275,125,150,國泰-敦南,2023-08-22,8888
1471,首利,404,258,146,國泰-敦南,2023-08-22,8888
00673R,期元大S＆P原油反1,372,230,142,國泰-敦南,2023-08-22,8888
00931B,統一美債20年,290,151,139,國泰-敦南,2023-08-22,8888
00772B,中信高評級公司債,337,200,137,國泰-敦南,2023-08-22,8888
2332,友訊,1520,1406,114,國泰-敦南,2023-08-22,8888
2882,國泰金,164,59,105,國泰-敦南,2023-08-22,8888
3306,鼎天,646,548,98,國泰-敦南,2023-08-22,8888
6285,啟��,373,283,90,國泰-敦南,2023-08-22,8888
2353,宏��,220,130,90,國泰-敦南,2023-08-22,8888
00664R,國泰臺灣加權反1,182,98,84,國泰-敦南,2023-08-22,8888
00671R,富邦NASDAQ反1,137,54,83,國泰-敦南,2023-08-22,8888
00719B,元大美債1-3,84,4,80,國泰-敦南,2023-08-22,8888
00637L,元大滬深300正2,257,180,77,國泰-敦南,2023-08-22,8888
2402,毅嘉,227,150,77,國泰-敦南,2023-08-22,8888
2401,凌陽,218,144,74,國泰-敦南,2023-08-22,8888
00713,元大台灣高息低波,114,45,69,國泰-敦南,2023-08-22,8888
3045,台灣大,73,4,69,國泰-敦南,2023-08-22,8888
3693,營邦,247,177,70,國泰-敦南,2023-08-22,8888
4960,誠美材,164,95,69,國泰-敦南,2023-08-22,8888
6120,達運,119,50,69,國泰-敦南,2023-08-22,8888
00907,永豐優息存股,77,11,66,國泰-敦南,2023-08-22,8888
2881,富邦金,77,11,66,國泰-敦南,2023-08-22,8888
2867,三商壽,144,79,65,國泰-敦南,2023-08-22,8888
2890,永豐金,97,33,64,國泰-敦南,2023-08-22,8888
9949,琉園,96,33,63,國泰-敦南,2023-08-22,8888
2897,王道銀行,83,20,63,國泰-敦南,2023-08-22,8888
5009,榮剛,87,26,61,國泰-敦南,2023-08-22,8888
2312,金寶,899,196,703,國泰-敦南,2023-08-23,8888
2618,長榮航,1510,853,657,國泰-敦南,2023-08-23,8888
00753L,中信中國50正2,613,148,465,國泰-敦南,2023-08-23,8888
3013,晟銘電,2824,2433,391,國泰-敦南,2023-08-23,8888
00712,復華富時不動產,622,244,378,國泰-敦南,2023-08-23,8888
00919,群益台灣精選高息,376,94,282,國泰-敦南,2023-08-23,8888
2883,凱基金,382,133,249,國泰-敦南,2023-08-23,8888
6282,康舒,1051,809,242,國泰-敦南,2023-08-23,8888
2002,中鋼,326,85,241,國泰-敦南,2023-08-23,8888
3051,力特,1053,841,212,國泰-敦南,2023-08-23,8888
2610,華航,837,662,175,國泰-敦南,2023-08-23,8888
9105,泰金寶-DR,233,75,158,國泰-敦南,2023-08-23,8888
2382,廣達,1085,931,154,國泰-敦南,2023-08-23,8888
2884,玉山金,165,35,130,國泰-敦南,2023-08-23,8888
3689,湧德,225,106,119,國泰-敦南,2023-08-23,8888
00720B,元大投資級公司債,170,56,114,國泰-敦南,2023-08-23,8888
00751B,元大AAA至A公司債,185,82,103,國泰-敦南,2023-08-23,8888
2886,兆豐金,151,49,102,國泰-敦南,2023-08-23,8888
1519,華城,746,645,101,國泰-敦南,2023-08-23,8888
2880,華南金,122,22,100,國泰-敦南,2023-08-23,8888
2882,國泰金,197,101,96,國泰-敦南,2023-08-23,8888
2421,建準,562,471,91,國泰-敦南,2023-08-23,8888
2301,光寶科,496,408,88,國泰-敦南,2023-08-23,8888
2303,聯電,210,126,84,國泰-敦南,2023-08-23,8888
00632R,元大台灣50反1,894,809,85,國泰-敦南,2023-08-23,8888
2376,技嘉,417,333,84,國泰-敦南,2023-08-23,8888
2867,三商壽,102,21,81,國泰-敦南,2023-08-23,8888
00902,中信電池及儲能,106,28,78,國泰-敦南,2023-08-23,8888
2615,萬海,116,42,74,國泰-敦南,2023-08-23,8888
2609,陽明,199,126,73,國泰-敦南,2023-08-23,8888
3715,定穎投控,1239,1166,73,國泰-敦南,2023-08-23,8888
2329,華泰,684,611,73,國泰-敦南,2023-08-23,8888
5880,合庫金,81,10,71,國泰-敦南,2023-08-23,8888
6125,廣運,583,516,67,國泰-敦南,2023-08-23,8888
2383,台光電,207,143,64,國泰-敦南,2023-08-23,8888
00888,永豐台灣ESG,84,24,60,國泰-敦南,2023-08-23,8888
3071,協禧,466,408,58,國泰-敦南,2023-08-23,8888
2887,台新金,92,34,58,國泰-敦南,2023-08-23,8888
2605,新興,361,305,56,國泰-敦南,2023-08-23,8888
2014,中鴻,78,23,55,國泰-敦南,2023-08-23,8888
00931B,統一美債20年,120,65,55,國泰-敦南,2023-08-23,8888
1101,台泥,97,44,53,國泰-敦南,2023-08-23,8888
6167,久正,265,213,52,國泰-敦南,2023-08-23,8888
00773B,中信優先金融債,59,7,52,國泰-敦南,2023-08-23,8888
4960,誠美材,228,178,50,國泰-敦南,2023-08-23,8888
3094,聯傑,75,26,49,國泰-敦南,2023-08-23,8888
1402,遠東新,58,9,49,國泰-敦南,2023-08-23,8888
3163,波若威,621,574,47,國泰-敦南,2023-08-23,8888
3308,聯德,178,133,45,國泰-敦南,2023-08-23,8888
3056,富華新,68,23,45,國泰-敦南,2023-08-23,8888
3231,緯創,6860,4726,2134,國泰-敦南,2023-08-24,8888
00919,群益台灣精選高息,2138,284,1854,國泰-敦南,2023-08-24,8888
00929,復華台灣科技優息,3947,2173,1774,國泰-敦南,2023-08-24,8888
2363,矽統,7765,6948,817,國泰-敦南,2023-08-24,8888
00712,復華富時不動產,1025,557,468,國泰-敦南,2023-08-24,8888
2884,玉山金,502,41,461,國泰-敦南,2023-08-24,8888
2356,英業達,2655,2260,395,國泰-敦南,2023-08-24,8888
00882,中信中國高股息,545,156,389,國泰-敦南,2023-08-24,8888
00706L,期元大S＆P日圓正2,416,170,246,國泰-敦南,2023-08-24,8888
00720B,元大投資級公司債,339,95,244,國泰-敦南,2023-08-24,8888
00665L,富邦�琤肭磪囓�2,1065,821,244,國泰-敦南,2023-08-24,8888
2419,仲琦,1149,919,230,國泰-敦南,2023-08-24,8888
2324,仁寶,1372,1161,211,國泰-敦南,2023-08-24,8888
2002,中鋼,290,83,207,國泰-敦南,2023-08-24,8888
2883,凱基金,508,306,202,國泰-敦南,2023-08-24,8888
2449,京元電子,1704,1510,194,國泰-敦南,2023-08-24,8888
2880,華南金,223,42,181,國泰-敦南,2023-08-24,8888
00923,群益台ESG低碳50,406,228,178,國泰-敦南,2023-08-24,8888
00680L,元大美債20正2,447,274,173,國泰-敦南,2023-08-24,8888
3706,神達,735,574,161,國泰-敦南,2023-08-24,8888
00907,永豐優息存股,162,4,158,國泰-敦南,2023-08-24,8888
6167,久正,214,71,143,國泰-敦南,2023-08-24,8888
2882,國泰金,269,126,143,國泰-敦南,2023-08-24,8888
00715L,期街口布蘭特正2,247,105,142,國泰-敦南,2023-08-24,8888
2609,陽明,332,197,135,國泰-敦南,2023-08-24,8888
4906,正文,551,436,115,國泰-敦南,2023-08-24,8888
3035,智原,625,512,113,國泰-敦南,2023-08-24,8888
2834,臺企銀,174,63,111,國泰-敦南,2023-08-24,8888
2615,萬海,263,152,111,國泰-敦南,2023-08-24,8888
00686R,群益臺灣加權反1,100,0,100,國泰-敦南,2023-08-24,8888
3702,大聯大,222,126,96,國泰-敦南,2023-08-24,8888
4960,誠美材,146,50,96,國泰-敦南,2023-08-24,8888
00676R,富邦臺灣加權反1,141,56,85,國泰-敦南,2023-08-24,8888
2329,華泰,818,738,80,國泰-敦南,2023-08-24,8888
2460,建通,91,11,80,國泰-敦南,2023-08-24,8888
8027,鈦昇,299,219,80,國泰-敦南,2023-08-24,8888
3567,逸昌,104,27,77,國泰-敦南,2023-08-24,8888
1402,遠東新,84,9,75,國泰-敦南,2023-08-24,8888
2399,映泰,300,226,74,國泰-敦南,2023-08-24,8888
1324,地球,122,48,74,國泰-敦南,2023-08-24,8888
3715,定穎投控,928,856,72,國泰-敦南,2023-08-24,8888
00885,富邦越南,168,98,70,國泰-敦南,2023-08-24,8888
2388,威盛,343,273,70,國泰-敦南,2023-08-24,8888
2539,櫻花建,86,19,67,國泰-敦南,2023-08-24,8888
00713,元大台灣高息低波,201,135,66,國泰-敦南,2023-08-24,8888
00753L,中信中國50正2,278,212,66,國泰-敦南,2023-08-24,8888
3163,波若威,480,414,66,國泰-敦南,2023-08-24,8888
6168,宏齊,271,207,64,國泰-敦南,2023-08-24,8888
3056,富華新,79,17,62,國泰-敦南,2023-08-24,8888
1301,台塑,67,5,62,國泰-敦南,2023-08-24,8888
00878,國泰永續高股息,8260,950,7310,國泰-敦南,2023-08-25,8888
3231,緯創,5064,2350,2714,國泰-敦南,2023-08-25,8888
00919,群益台灣精選高息,1685,214,1471,國泰-敦南,2023-08-25,8888
00929,復華台灣科技優息,2533,1235,1298,國泰-敦南,2023-08-25,8888
0056,元大高股息,1075,415,660,國泰-敦南,2023-08-25,8888
2382,廣達,1805,1244,561,國泰-敦南,2023-08-25,8888
00671R,富邦NASDAQ反1,481,10,471,國泰-敦南,2023-08-25,8888
2891,中信金,504,45,459,國泰-敦南,2023-08-25,8888
2002,中鋼,524,80,444,國泰-敦南,2023-08-25,8888
2363,矽統,4919,4489,430,國泰-敦南,2023-08-25,8888
4906,正文,1188,843,345,國泰-敦南,2023-08-25,8888
00900,富邦特選高股息30,605,279,326,國泰-敦南,2023-08-25,8888
2634,漢翔,1289,966,323,國泰-敦南,2023-08-25,8888
00881,國泰台灣5G+,441,142,299,國泰-敦南,2023-08-25,8888
6168,宏齊,626,332,294,國泰-敦南,2023-08-25,8888
2618,長榮航,771,491,280,國泰-敦南,2023-08-25,8888
2353,宏��,396,124,272,國泰-敦南,2023-08-25,8888
2303,聯電,413,159,254,國泰-敦南,2023-08-25,8888
00893,國泰智能電動車,309,63,246,國泰-敦南,2023-08-25,8888
3094,聯傑,388,168,220,國泰-敦南,2023-08-25,8888
00923,群益台ESG低碳50,462,246,216,國泰-敦南,2023-08-25,8888
00830,國泰費城半導體,214,6,208,國泰-敦南,2023-08-25,8888
00888,永豐台灣ESG,231,23,208,國泰-敦南,2023-08-25,8888
2356,英業達,1340,1150,190,國泰-敦南,2023-08-25,8888
00753L,中信中國50正2,330,148,182,國泰-敦南,2023-08-25,8888
00922,國泰台灣領袖50,220,42,178,國泰-敦南,2023-08-25,8888
00713,元大台灣高息低波,213,35,178,國泰-敦南,2023-08-25,8888
5880,合庫金,193,16,177,國泰-敦南,2023-08-25,8888
2610,華航,991,819,172,國泰-敦南,2023-08-25,8888
2330,台積電,192,21,171,國泰-敦南,2023-08-25,8888
2880,華南金,215,46,169,國泰-敦南,2023-08-25,8888
00720B,元大投資級公司債,175,12,163,國泰-敦南,2023-08-25,8888
2332,友訊,957,797,160,國泰-敦南,2023-08-25,8888
2884,玉山金,228,69,159,國泰-敦南,2023-08-25,8888
3037,欣興,388,229,159,國泰-敦南,2023-08-25,8888
00907,永豐優息存股,194,37,157,國泰-敦南,2023-08-25,8888
00931B,統一美債20年,197,40,157,國泰-敦南,2023-08-25,8888
0050,元大台灣50,214,68,146,國泰-敦南,2023-08-25,8888
2892,第一金,144,9,135,國泰-敦南,2023-08-25,8888
1101,台泥,138,16,122,國泰-敦南,2023-08-25,8888
00772B,中信高評級公司債,146,35,111,國泰-敦南,2023-08-25,8888
9904,寶成,112,4,108,國泰-敦南,2023-08-25,8888
2486,一詮,184,78,106,國泰-敦南,2023-08-25,8888
1504,東元,202,96,106,國泰-敦南,2023-08-25,8888
006208,富邦台50,143,42,101,國泰-敦南,2023-08-25,8888
2301,光寶科,429,330,99,國泰-敦南,2023-08-25,8888
00670L,富邦NASDAQ正2,110,12,98,國泰-敦南,2023-08-25,8888
8222,寶一,1004,907,97,國泰-敦南,2023-08-25,8888
00679B,元大美債20年,176,82,94,國泰-敦南,2023-08-25,8888
00675L,富邦臺灣加權正2,126,36,90,國泰-敦南,2023-08-25,8888
00929,復華台灣科技優息,4067,609,3458,國泰-敦南,2023-08-28,8888
00878,國泰永續高股息,3797,1479,2318,國泰-敦南,2023-08-28,8888
00673R,期元大S＆P原油反1,1178,222,956,國泰-敦南,2023-08-28,8888
00919,群益台灣精選高息,1118,215,903,國泰-敦南,2023-08-28,8888
00712,復華富時不動產,819,173,646,國泰-敦南,2023-08-28,8888
2634,漢翔,1869,1441,428,國泰-敦南,2023-08-28,8888
2618,長榮航,936,529,407,國泰-敦南,2023-08-28,8888
2388,威盛,1097,749,348,國泰-敦南,2023-08-28,8888
2332,友訊,834,514,320,國泰-敦南,2023-08-28,8888
2610,華航,756,442,314,國泰-敦南,2023-08-28,8888
00671R,富邦NASDAQ反1,308,0,308,國泰-敦南,2023-08-28,8888
0056,元大高股息,785,497,288,國泰-敦南,2023-08-28,8888
1737,臺鹽,793,542,251,國泰-敦南,2023-08-28,8888
2485,兆赫,909,720,189,國泰-敦南,2023-08-28,8888
2409,友達,384,201,183,國泰-敦南,2023-08-28,8888
2363,矽統,3043,2871,172,國泰-敦南,2023-08-28,8888
2401,凌陽,264,107,157,國泰-敦南,2023-08-28,8888
00665L,富邦�琤肭磪囓�2,904,766,138,國泰-敦南,2023-08-28,8888
00877,復華中國5G,147,12,135,國泰-敦南,2023-08-28,8888
3227,原相,192,62,130,國泰-敦南,2023-08-28,8888
2323,中環,178,50,128,國泰-敦南,2023-08-28,8888
3094,聯傑,367,252,115,國泰-敦南,2023-08-28,8888
2369,菱生,436,321,115,國泰-敦南,2023-08-28,8888
2331,精英,1808,1705,103,國泰-敦南,2023-08-28,8888
00773B,中信優先金融債,103,2,101,國泰-敦南,2023-08-28,8888
020033,統一�琤肮黕篾,101,1,100,國泰-敦南,2023-08-28,8888
4908,前鼎,138,44,94,國泰-敦南,2023-08-28,8888
2371,大同,115,22,93,國泰-敦南,2023-08-28,8888
2402,毅嘉,325,235,90,國泰-敦南,2023-08-28,8888
9105,泰金寶-DR,136,49,87,國泰-敦南,2023-08-28,8888
9904,寶成,96,9,87,國泰-敦南,2023-08-28,8888
2352,佳世達,181,97,84,國泰-敦南,2023-08-28,8888
3308,聯德,598,518,80,國泰-敦南,2023-08-28,8888
00713,元大台灣高息低波,122,43,79,國泰-敦南,2023-08-28,8888
2206,三陽工業,124,48,76,國泰-敦南,2023-08-28,8888
2301,光寶科,339,264,75,國泰-敦南,2023-08-28,8888
2468,華經,181,110,71,國泰-敦南,2023-08-28,8888
1402,遠東新,79,9,70,國泰-敦南,2023-08-28,8888
2002,中鋼,119,51,68,國泰-敦南,2023-08-28,8888
00907,永豐優息存股,77,10,67,國泰-敦南,2023-08-28,8888
8112,至上,108,42,66,國泰-敦南,2023-08-28,8888
2382,廣達,1274,1208,66,國泰-敦南,2023-08-28,8888
6285,啟��,314,250,64,國泰-敦南,2023-08-28,8888
2355,敬鵬,249,186,63,國泰-敦南,2023-08-28,8888
3234,光環,100,40,60,國泰-敦南,2023-08-28,8888
3710,連展投控,84,25,59,國泰-敦南,2023-08-28,8888
4541,晟田,174,117,57,國泰-敦南,2023-08-28,8888
00637L,元大滬深300正2,363,306,57,國泰-敦南,2023-08-28,8888
3037,欣興,199,142,57,國泰-敦南,2023-08-28,8888
3715,定穎投控,614,558,56,國泰-敦南,2023-08-28,8888
00929,復華台灣科技優息,2143,1171,972,國泰-敦南,2023-08-29,8888
00919,群益台灣精選高息,697,174,523,國泰-敦南,2023-08-29,8888
2317,鴻海,601,194,407,國泰-敦南,2023-08-29,8888
2002,中鋼,598,234,364,國泰-敦南,2023-08-29,8888
1471,首利,495,138,357,國泰-敦南,2023-08-29,8888
2485,兆赫,571,277,294,國泰-敦南,2023-08-29,8888
2303,聯電,704,447,257,國泰-敦南,2023-08-29,8888
00900,富邦特選高股息30,314,116,198,國泰-敦南,2023-08-29,8888
2363,矽統,6830,6647,183,國泰-敦南,2023-08-29,8888
3231,緯創,1862,1683,179,國泰-敦南,2023-08-29,8888
00885,富邦越南,238,63,175,國泰-敦南,2023-08-29,8888
2331,精英,1360,1188,172,國泰-敦南,2023-08-29,8888
5880,合庫金,179,18,161,國泰-敦南,2023-08-29,8888
2834,臺企銀,203,52,151,國泰-敦南,2023-08-29,8888
2630,亞航,1096,953,143,國泰-敦南,2023-08-29,8888
2312,金寶,230,96,134,國泰-敦南,2023-08-29,8888
6235,華孚,903,778,125,國泰-敦南,2023-08-29,8888
00773B,中信優先金融債,149,26,123,國泰-敦南,2023-08-29,8888
00753L,中信中國50正2,269,147,122,國泰-敦南,2023-08-29,8888
6443,元晶,419,307,112,國泰-敦南,2023-08-29,8888
2504,國產,107,0,107,國泰-敦南,2023-08-29,8888
00687B,國泰20年美債,139,42,97,國泰-敦南,2023-08-29,8888
2880,華南金,110,14,96,國泰-敦南,2023-08-29,8888
6168,宏齊,178,84,94,國泰-敦南,2023-08-29,8888
8222,寶一,738,644,94,國泰-敦南,2023-08-29,8888
2881,富邦金,115,36,79,國泰-敦南,2023-08-29,8888
2634,漢翔,928,854,74,國泰-敦南,2023-08-29,8888
6167,久正,287,217,70,國泰-敦南,2023-08-29,8888
00923,群益台ESG低碳50,149,82,67,國泰-敦南,2023-08-29,8888
2324,仁寶,425,362,63,國泰-敦南,2023-08-29,8888
2353,宏��,142,82,60,國泰-敦南,2023-08-29,8888
00882,中信中國高股息,242,183,59,國泰-敦南,2023-08-29,8888
2027,大成鋼,65,8,57,國泰-敦南,2023-08-29,8888
3013,晟銘電,203,147,56,國泰-敦南,2023-08-29,8888
00679B,元大美債20年,133,79,54,國泰-敦南,2023-08-29,8888
00922,國泰台灣領袖50,70,18,52,國泰-敦南,2023-08-29,8888
2014,中鴻,105,54,51,國泰-敦南,2023-08-29,8888
2340,台亞,268,219,49,國泰-敦南,2023-08-29,8888
8150,南茂,122,73,49,國泰-敦南,2023-08-29,8888
00706L,期元大S＆P日圓正2,47,1,46,國泰-敦南,2023-08-29,8888
1441,大東,70,27,43,國泰-敦南,2023-08-29,8888
3017,奇鋐,201,160,41,國泰-敦南,2023-08-29,8888
8033,雷虎,82,42,40,國泰-敦南,2023-08-29,8888
2615,萬海,102,62,40,國泰-敦南,2023-08-29,8888
4123,晟德,39,1,38,國泰-敦南,2023-08-29,8888
1907,永豐餘,64,27,37,國泰-敦南,2023-08-29,8888
2368,金像電,191,155,36,國泰-敦南,2023-08-29,8888
4564,元翎,62,28,34,國泰-敦南,2023-08-29,8888
6285,啟��,415,381,34,國泰-敦南,2023-08-29,8888
5340,建榮,292,260,32,國泰-敦南,2023-08-29,8888
00919,群益台灣精選高息,670,184,486,國泰-敦南,2023-08-30,8888
3481,群創,628,241,387,國泰-敦南,2023-08-30,8888
00720B,元大投資級公司債,512,165,347,國泰-敦南,2023-08-30,8888
2618,長榮航,904,607,297,國泰-敦南,2023-08-30,8888
2891,中信金,340,58,282,國泰-敦南,2023-08-30,8888
00665L,富邦�琤肭磪囓�2,1390,1136,254,國泰-敦南,2023-08-30,8888
00753L,中信中國50正2,647,408,239,國泰-敦南,2023-08-30,8888
5009,榮剛,291,79,212,國泰-敦南,2023-08-30,8888
2324,仁寶,540,348,192,國泰-敦南,2023-08-30,8888
00637L,元大滬深300正2,317,126,191,國泰-敦南,2023-08-30,8888
00706L,期元大S＆P日圓正2,211,31,180,國泰-敦南,2023-08-30,8888
6282,康舒,286,120,166,國泰-敦南,2023-08-30,8888
2301,光寶科,463,326,137,國泰-敦南,2023-08-30,8888
2610,華航,351,219,132,國泰-敦南,2023-08-30,8888
2485,兆赫,915,790,125,國泰-敦南,2023-08-30,8888
00907,永豐優息存股,127,24,103,國泰-敦南,2023-08-30,8888
3715,定穎投控,1708,1607,101,國泰-敦南,2023-08-30,8888
1101,台泥,110,10,100,國泰-敦南,2023-08-30,8888
8112,至上,123,36,87,國泰-敦南,2023-08-30,8888
2332,友訊,351,266,85,國泰-敦南,2023-08-30,8888
2356,英業達,520,438,82,國泰-敦南,2023-08-30,8888
2331,精英,960,880,80,國泰-敦南,2023-08-30,8888
2903,遠百,109,28,81,國泰-敦南,2023-08-30,8888
3308,聯德,238,165,73,國泰-敦南,2023-08-30,8888
00679B,元大美債20年,191,118,73,國泰-敦南,2023-08-30,8888
5876,上海商銀,86,15,71,國泰-敦南,2023-08-30,8888
2812,台中銀,92,24,68,國泰-敦南,2023-08-30,8888
6235,華孚,639,573,66,國泰-敦南,2023-08-30,8888
2025,千興,70,9,61,國泰-敦南,2023-08-30,8888
5371,中光電,229,169,60,國泰-敦南,2023-08-30,8888
2371,大同,101,43,58,國泰-敦南,2023-08-30,8888
2867,三商壽,77,20,57,國泰-敦南,2023-08-30,8888
2886,兆豐金,128,71,57,國泰-敦南,2023-08-30,8888
5347,世界,69,13,56,國泰-敦南,2023-08-30,8888
3706,神達,187,132,55,國泰-敦南,2023-08-30,8888
2338,光罩,65,14,51,國泰-敦南,2023-08-30,8888
2457,飛宏,188,139,49,國泰-敦南,2023-08-30,8888
3037,欣興,262,213,49,國泰-敦南,2023-08-30,8888
2443,昶虹,47,0,47,國泰-敦南,2023-08-30,8888
1319,東陽,401,355,46,國泰-敦南,2023-08-30,8888
2408,南亞科,64,18,46,國泰-敦南,2023-08-30,8888
2883B,凱基金乙特,46,0,46,國泰-敦南,2023-08-30,8888
8028,昇陽半導體,62,17,45,國泰-敦南,2023-08-30,8888
2409,友達,277,232,45,國泰-敦南,2023-08-30,8888
2014,中鴻,69,26,43,國泰-敦南,2023-08-30,8888
1907,永豐餘,48,7,41,國泰-敦南,2023-08-30,8888
5871,中租-KY,49,8,41,國泰-敦南,2023-08-30,8888
1903,士紙,91,51,40,國泰-敦南,2023-08-30,8888
6116,彩晶,57,18,39,國泰-敦南,2023-08-30,8888
2344,華邦電,385,346,39,國泰-敦南,2023-08-30,8888
00929,復華台灣科技優息,2849,1357,1492,國泰-敦南,2023-08-31,8888
2337,旺宏,1901,1327,574,國泰-敦南,2023-08-31,8888
00878,國泰永續高股息,1587,1039,548,國泰-敦南,2023-08-31,8888
2834,臺企銀,507,9,498,國泰-敦南,2023-08-31,8888
2880,華南金,365,10,355,國泰-敦南,2023-08-31,8888
1802,台玻,851,500,351,國泰-敦南,2023-08-31,8888
2892,第一金,358,7,351,國泰-敦南,2023-08-31,8888
2887,台新金,380,50,330,國泰-敦南,2023-08-31,8888
2890,永豐金,316,7,309,國泰-敦南,2023-08-31,8888
00923,群益台ESG低碳50,359,55,304,國泰-敦南,2023-08-31,8888
1101,台泥,274,26,248,國泰-敦南,2023-08-31,8888
2884,玉山金,330,88,242,國泰-敦南,2023-08-31,8888
2303,聯電,601,371,230,國泰-敦南,2023-08-31,8888
00919,群益台灣精選高息,605,385,220,國泰-敦南,2023-08-31,8888
3715,定穎投控,1995,1778,217,國泰-敦南,2023-08-31,8888
5880,合庫金,217,10,207,國泰-敦南,2023-08-31,8888
2886,兆豐金,212,20,192,國泰-敦南,2023-08-31,8888
2324,仁寶,616,435,181,國泰-敦南,2023-08-31,8888
00665L,富邦�琤肭磪囓�2,675,500,175,國泰-敦南,2023-08-31,8888
2891,中信金,256,106,150,國泰-敦南,2023-08-31,8888
2888,新光金,192,61,131,國泰-敦南,2023-08-31,8888
00679B,元大美債20年,185,54,131,國泰-敦南,2023-08-31,8888
2883,凱基金,259,128,131,國泰-敦南,2023-08-31,8888
2610,華航,610,482,128,國泰-敦南,2023-08-31,8888
2881,富邦金,168,44,124,國泰-敦南,2023-08-31,8888
2633,台灣高鐵,124,2,122,國泰-敦南,2023-08-31,8888
2002,中鋼,189,69,120,國泰-敦南,2023-08-31,8888
00671R,富邦NASDAQ反1,120,0,120,國泰-敦南,2023-08-31,8888
00637L,元大滬深300正2,162,43,119,國泰-敦南,2023-08-31,8888
9904,寶成,113,8,105,國泰-敦南,2023-08-31,8888
6213,聯茂,858,754,104,國泰-敦南,2023-08-31,8888
2436,偉詮電,715,613,102,國泰-敦南,2023-08-31,8888
00888,永豐台灣ESG,123,21,102,國泰-敦南,2023-08-31,8888
2801,彰銀,132,30,102,國泰-敦南,2023-08-31,8888
00882,中信中國高股息,288,186,102,國泰-敦南,2023-08-31,8888
6282,康舒,187,86,101,國泰-敦南,2023-08-31,8888
0056,元大高股息,365,264,101,國泰-敦南,2023-08-31,8888
2376,技嘉,733,632,101,國泰-敦南,2023-08-31,8888
3045,台灣大,101,4,97,國泰-敦南,2023-08-31,8888
00713,元大台灣高息低波,121,29,92,國泰-敦南,2023-08-31,8888
3481,群創,216,125,91,國泰-敦南,2023-08-31,8888
1471,首利,285,198,87,國泰-敦南,2023-08-31,8888
1216,統一,97,10,87,國泰-敦南,2023-08-31,8888
006208,富邦台50,108,25,83,國泰-敦南,2023-08-31,8888
2027,大成鋼,141,58,83,國泰-敦南,2023-08-31,8888
2330,台積電,98,16,82,國泰-敦南,2023-08-31,8888
2390,云辰,220,138,82,國泰-敦南,2023-08-31,8888
1904,正隆,108,26,82,國泰-敦南,2023-08-31,8888
00795B,中信美國公債20年,118,39,79,國泰-敦南,2023-08-31,8888
2323,中環,148,71,77,國泰-敦南,2023-08-31,8888
00919,群益台灣精選高息,3980,178,3802,國泰-敦南,2023-09-01,8888
00932,兆豐永續高息等權,2371,9,2362,國泰-敦南,2023-09-01,8888
00929,復華台灣科技優息,3020,876,2144,國泰-敦南,2023-09-01,8888
3231,緯創,3184,2028,1156,國泰-敦南,2023-09-01,8888
00878,國泰永續高股息,1944,838,1106,國泰-敦南,2023-09-01,8888
2356,英業達,1105,583,522,國泰-敦南,2023-09-01,8888
2363,矽統,7377,6930,447,國泰-敦南,2023-09-01,8888
2402,毅嘉,4373,3966,407,國泰-敦南,2023-09-01,8888
00673R,期元大S＆P原油反1,608,213,395,國泰-敦南,2023-09-01,8888
2382,廣達,900,592,308,國泰-敦南,2023-09-01,8888
2329,華泰,757,452,305,國泰-敦南,2023-09-01,8888
4906,正文,514,238,276,國泰-敦南,2023-09-01,8888
0056,元大高股息,430,247,183,國泰-敦南,2023-09-01,8888
6282,康舒,519,349,170,國泰-敦南,2023-09-01,8888
2376,技嘉,788,622,166,國泰-敦南,2023-09-01,8888
1513,中興電,370,204,166,國泰-敦南,2023-09-01,8888
00923,群益台ESG低碳50,262,98,164,國泰-敦南,2023-09-01,8888
2891,中信金,203,50,153,國泰-敦南,2023-09-01,8888
6235,華孚,773,622,151,國泰-敦南,2023-09-01,8888
1605,華新,444,297,147,國泰-敦南,2023-09-01,8888
2887,台新金,198,53,145,國泰-敦南,2023-09-01,8888
2002,中鋼,265,126,139,國泰-敦南,2023-09-01,8888
6547,高端疫苗,815,678,137,國泰-敦南,2023-09-01,8888
3037,欣興,302,166,136,國泰-敦南,2023-09-01,8888
00773B,中信優先金融債,145,14,131,國泰-敦南,2023-09-01,8888
2645,長榮航太,249,131,118,國泰-敦南,2023-09-01,8888
3622,洋華,268,152,116,國泰-敦南,2023-09-01,8888
00751B,元大AAA至A公司債,159,51,108,國泰-敦南,2023-09-01,8888
6285,啟��,252,149,103,國泰-敦南,2023-09-01,8888
8210,勤誠,232,137,95,國泰-敦南,2023-09-01,8888
1519,華城,530,435,95,國泰-敦南,2023-09-01,8888
2368,金像電,328,248,80,國泰-敦南,2023-09-01,8888
2421,建準,211,133,78,國泰-敦南,2023-09-01,8888
00733,富邦臺灣中小,82,5,77,國泰-敦南,2023-09-01,8888
2301,光寶科,370,296,74,國泰-敦南,2023-09-01,8888
2516,新建,97,23,74,國泰-敦南,2023-09-01,8888
3011,今皓,179,105,74,國泰-敦南,2023-09-01,8888
1522,堤維西,350,278,72,國泰-敦南,2023-09-01,8888
00915,凱基優選高股息30,75,3,72,國泰-敦南,2023-09-01,8888
3308,聯德,367,300,67,國泰-敦南,2023-09-01,8888
1504,東元,83,15,68,國泰-敦南,2023-09-01,8888
1319,東陽,221,158,63,國泰-敦南,2023-09-01,8888
6274,台燿,423,362,61,國泰-敦南,2023-09-01,8888
2834,臺企銀,82,21,61,國泰-敦南,2023-09-01,8888
00921,兆豐龍頭等權重,148,89,59,國泰-敦南,2023-09-01,8888
1815,富喬,105,49,56,國泰-敦南,2023-09-01,8888
1789,神隆,56,2,54,國泰-敦南,2023-09-01,8888
2328,廣宇,55,2,53,國泰-敦南,2023-09-01,8888
3715,定穎投控,789,736,53,國泰-敦南,2023-09-01,8888
1101,台泥,106,56,50,國泰-敦南,2023-09-01,8888
00929,復華台灣科技優息,3448,1558,1890,國泰-敦南,2023-09-04,8888
00919,群益台灣精選高息,1613,499,1114,國泰-敦南,2023-09-04,8888
00632R,元大台灣50反1,883,160,723,國泰-敦南,2023-09-04,8888
00931B,統一美債20年,672,59,613,國泰-敦南,2023-09-04,8888
1802,台玻,2589,1976,613,國泰-敦南,2023-09-04,8888
00751B,元大AAA至A公司債,613,11,602,國泰-敦南,2023-09-04,8888
00687B,國泰20年美債,671,116,555,國泰-敦南,2023-09-04,8888
00915,凱基優選高股息30,466,36,430,國泰-敦南,2023-09-04,8888
2363,矽統,2849,2431,418,國泰-敦南,2023-09-04,8888
2371,大同,768,416,352,國泰-敦南,2023-09-04,8888
2485,兆赫,1745,1437,308,國泰-敦南,2023-09-04,8888
00720B,元大投資級公司債,330,24,306,國泰-敦南,2023-09-04,8888
00772B,中信高評級公司債,322,17,305,國泰-敦南,2023-09-04,8888
00680L,元大美債20正2,349,48,301,國泰-敦南,2023-09-04,8888
3481,群創,448,155,293,國泰-敦南,2023-09-04,8888
2409,友達,365,97,268,國泰-敦南,2023-09-04,8888
00932,兆豐永續高息等權,351,92,259,國泰-敦南,2023-09-04,8888
2331,精英,425,166,259,國泰-敦南,2023-09-04,8888
00713,元大台灣高息低波,336,111,225,國泰-敦南,2023-09-04,8888
00673R,期元大S＆P原油反1,447,226,221,國泰-敦南,2023-09-04,8888
00857B,永豐20年美公債,209,3,206,國泰-敦南,2023-09-04,8888
00679B,元大美債20年,265,75,190,國泰-敦南,2023-09-04,8888
2402,毅嘉,3184,3030,154,國泰-敦南,2023-09-04,8888
3622,洋華,364,220,144,國泰-敦南,2023-09-04,8888
00795B,中信美國公債20年,143,1,142,國泰-敦南,2023-09-04,8888
2201,裕隆,1184,1044,140,國泰-敦南,2023-09-04,8888
2618,長榮航,463,328,135,國泰-敦南,2023-09-04,8888
9919,康那香,422,290,132,國泰-敦南,2023-09-04,8888
00722B,群益投資級電信債,134,4,130,國泰-敦南,2023-09-04,8888
2881,富邦金,195,73,122,國泰-敦南,2023-09-04,8888
2488,漢平,177,57,120,國泰-敦南,2023-09-04,8888
2634,漢翔,366,247,119,國泰-敦南,2023-09-04,8888
1101,台泥,186,67,119,國泰-敦南,2023-09-04,8888
2376,技嘉,578,467,111,國泰-敦南,2023-09-04,8888
2324,仁寶,265,158,107,國泰-敦南,2023-09-04,8888
00688L,國泰20年美債正2,110,4,106,國泰-敦南,2023-09-04,8888
2344,華邦電,184,84,100,國泰-敦南,2023-09-04,8888
2340,台亞,159,71,88,國泰-敦南,2023-09-04,8888
00923,群益台ESG低碳50,151,72,79,國泰-敦南,2023-09-04,8888
2408,南亞科,93,17,76,國泰-敦南,2023-09-04,8888
2206,三陽工業,293,219,74,國泰-敦南,2023-09-04,8888
5009,榮剛,324,253,71,國泰-敦南,2023-09-04,8888
6173,信昌電,357,285,72,國泰-敦南,2023-09-04,8888
2885,元大金,82,12,70,國泰-敦南,2023-09-04,8888
00715L,期街口布蘭特正2,130,60,70,國泰-敦南,2023-09-04,8888
3588,通嘉,1033,968,65,國泰-敦南,2023-09-04,8888
1618,合機,150,92,58,國泰-敦南,2023-09-04,8888
1307,三芳,146,89,57,國泰-敦南,2023-09-04,8888
3081,聯亞,113,60,53,國泰-敦南,2023-09-04,8888
8034,榮群,56,6,50,國泰-敦南,2023-09-04,8888
00929,復華台灣科技優息,6867,2928,3939,國泰-敦南,2023-09-05,8888
00919,群益台灣精選高息,1694,729,965,國泰-敦南,2023-09-05,8888
00915,凱基優選高股息30,483,38,445,國泰-敦南,2023-09-05,8888
00665L,富邦�琤肭磪囓�2,605,255,350,國泰-敦南,2023-09-05,8888
00751B,元大AAA至A公司債,361,39,322,國泰-敦南,2023-09-05,8888
00720B,元大投資級公司債,328,13,315,國泰-敦南,2023-09-05,8888
2610,華航,697,385,312,國泰-敦南,2023-09-05,8888
00932,兆豐永續高息等權,403,97,306,國泰-敦南,2023-09-05,8888
00918,大華優利高填息30,306,5,301,國泰-敦南,2023-09-05,8888
00753L,中信中國50正2,390,106,284,國泰-敦南,2023-09-05,8888
2618,長榮航,471,207,264,國泰-敦南,2023-09-05,8888
00679B,元大美債20年,287,61,226,國泰-敦南,2023-09-05,8888
00857B,永豐20年美公債,235,10,225,國泰-敦南,2023-09-05,8888
2436,偉詮電,1769,1548,221,國泰-敦南,2023-09-05,8888
00931B,統一美債20年,229,30,199,國泰-敦南,2023-09-05,8888
00680L,元大美債20正2,245,72,173,國泰-敦南,2023-09-05,8888
2881,富邦金,182,16,166,國泰-敦南,2023-09-05,8888
6235,華孚,821,660,161,國泰-敦南,2023-09-05,8888
1101,台泥,183,26,157,國泰-敦南,2023-09-05,8888
2884,玉山金,206,67,139,國泰-敦南,2023-09-05,8888
2402,毅嘉,1445,1317,128,國泰-敦南,2023-09-05,8888
3231,緯創,1239,1118,121,國泰-敦南,2023-09-05,8888
00882,中信中國高股息,255,135,120,國泰-敦南,2023-09-05,8888
00706L,期元大S＆P日圓正2,200,80,120,國泰-敦南,2023-09-05,8888
00632R,元大台灣50反1,242,124,118,國泰-敦南,2023-09-05,8888
1605,華新,223,111,112,國泰-敦南,2023-09-05,8888
2891,中信金,200,94,106,國泰-敦南,2023-09-05,8888
00673R,期元大S＆P原油反1,102,1,101,國泰-敦南,2023-09-05,8888
3682,亞太電,100,3,97,國泰-敦南,2023-09-05,8888
2301,光寶科,385,288,97,國泰-敦南,2023-09-05,8888
2007,燁興,95,0,95,國泰-敦南,2023-09-05,8888
2376,技嘉,608,516,92,國泰-敦南,2023-09-05,8888
6531,愛普*,444,354,90,國泰-敦南,2023-09-05,8888
00687B,國泰20年美債,319,229,90,國泰-敦南,2023-09-05,8888
00923,群益台ESG低碳50,172,87,85,國泰-敦南,2023-09-05,8888
2324,仁寶,268,184,84,國泰-敦南,2023-09-05,8888
3545,敦泰,263,180,83,國泰-敦南,2023-09-05,8888
2886,兆豐金,107,26,81,國泰-敦南,2023-09-05,8888
2025,千興,93,12,81,國泰-敦南,2023-09-05,8888
5469,瀚宇博,210,130,80,國泰-敦南,2023-09-05,8888
2887,台新金,145,68,77,國泰-敦南,2023-09-05,8888
5880,合庫金,113,36,77,國泰-敦南,2023-09-05,8888
1609,大亞,168,93,75,國泰-敦南,2023-09-05,8888
2027,大成鋼,109,38,71,國泰-敦南,2023-09-05,8888
00794B,群益7+中國政金債,70,0,70,國泰-敦南,2023-09-05,8888
2852,第一保,119,50,69,國泰-敦南,2023-09-05,8888
5347,世界,89,21,68,國泰-敦南,2023-09-05,8888
3622,洋華,107,40,67,國泰-敦南,2023-09-05,8888
2834,臺企銀,86,19,67,國泰-敦南,2023-09-05,8888
00738U,期元大道瓊白銀,68,1,67,國泰-敦南,2023-09-05,8888
00929,復華台灣科技優息,11701,4165,7536,國泰-敦南,2023-09-06,8888
00919,群益台灣精選高息,2680,800,1880,國泰-敦南,2023-09-06,8888
00932,兆豐永續高息等權,1088,46,1042,國泰-敦南,2023-09-06,8888
2409,友達,1203,183,1020,國泰-敦南,2023-09-06,8888
3481,群創,1628,651,977,國泰-敦南,2023-09-06,8888
1101,台泥,827,75,752,國泰-敦南,2023-09-06,8888
00931B,統一美債20年,652,83,569,國泰-敦南,2023-09-06,8888
00915,凱基優選高股息30,592,143,449,國泰-敦南,2023-09-06,8888
2401,凌陽,1558,1125,433,國泰-敦南,2023-09-06,8888
00753L,中信中國50正2,483,54,429,國泰-敦南,2023-09-06,8888
00687B,國泰20年美債,481,75,406,國泰-敦南,2023-09-06,8888
2886,兆豐金,443,44,399,國泰-敦南,2023-09-06,8888
5381,合正,1921,1540,381,國泰-敦南,2023-09-06,8888
00918,大華優利高填息30,389,20,369,國泰-敦南,2023-09-06,8888
2888,新光金,451,83,368,國泰-敦南,2023-09-06,8888
2891,中信金,395,34,361,國泰-敦南,2023-09-06,8888
00720B,元大投資級公司債,328,27,301,國泰-敦南,2023-09-06,8888
00751B,元大AAA至A公司債,313,32,281,國泰-敦南,2023-09-06,8888
1802,台玻,637,369,268,國泰-敦南,2023-09-06,8888
00722B,群益投資級電信債,219,2,217,國泰-敦南,2023-09-06,8888
00665L,富邦�琤肭磪囓�2,584,383,201,國泰-敦南,2023-09-06,8888
00907,永豐優息存股,235,37,198,國泰-敦南,2023-09-06,8888
2002,中鋼,238,42,196,國泰-敦南,2023-09-06,8888
00772B,中信高評級公司債,267,83,184,國泰-敦南,2023-09-06,8888
2884,玉山金,430,247,183,國泰-敦南,2023-09-06,8888
2881,富邦金,187,5,182,國泰-敦南,2023-09-06,8888
00857B,永豐20年美公債,177,3,174,國泰-敦南,2023-09-06,8888
2801,彰銀,179,6,173,國泰-敦南,2023-09-06,8888
00671R,富邦NASDAQ反1,170,0,170,國泰-敦南,2023-09-06,8888
00706L,期元大S＆P日圓正2,222,54,168,國泰-敦南,2023-09-06,8888
00921,兆豐龍頭等權重,176,11,165,國泰-敦南,2023-09-06,8888
2880,華南金,196,31,165,國泰-敦南,2023-09-06,8888
2834,臺企銀,199,36,163,國泰-敦南,2023-09-06,8888
2887,台新金,195,33,162,國泰-敦南,2023-09-06,8888
1402,遠東新,160,3,157,國泰-敦南,2023-09-06,8888
2457,飛宏,526,373,153,國泰-敦南,2023-09-06,8888
2609,陽明,223,85,138,國泰-敦南,2023-09-06,8888
1216,統一,138,6,132,國泰-敦南,2023-09-06,8888
5880,合庫金,245,121,124,國泰-敦南,2023-09-06,8888
00715L,期街口布蘭特正2,171,51,120,國泰-敦南,2023-09-06,8888
4961,天鈺,343,229,114,國泰-敦南,2023-09-06,8888
2883,凱基金,272,158,114,國泰-敦南,2023-09-06,8888
00680L,元大美債20正2,151,42,109,國泰-敦南,2023-09-06,8888
2618,長榮航,373,268,105,國泰-敦南,2023-09-06,8888
2376,技嘉,494,389,105,國泰-敦南,2023-09-06,8888
2340,台亞,355,252,103,國泰-敦南,2023-09-06,8888
1504,東元,135,38,97,國泰-敦南,2023-09-06,8888
2317,鴻海,173,77,96,國泰-敦南,2023-09-06,8888
00882,中信中國高股息,361,269,92,國泰-敦南,2023-09-06,8888
2634,漢翔,218,127,91,國泰-敦南,2023-09-06,8888
00929,復華台灣科技優息,11263,3990,7273,國泰-敦南,2023-09-07,8888
00919,群益台灣精選高息,3822,1009,2813,國泰-敦南,2023-09-07,8888
00932,兆豐永續高息等權,922,22,900,國泰-敦南,2023-09-07,8888
00915,凱基優選高股息30,689,111,578,國泰-敦南,2023-09-07,8888
00918,大華優利高填息30,617,47,570,國泰-敦南,2023-09-07,8888
2891,中信金,675,108,567,國泰-敦南,2023-09-07,8888
00923,群益台ESG低碳50,487,80,407,國泰-敦南,2023-09-07,8888
3481,群創,683,327,356,國泰-敦南,2023-09-07,8888
00902,中信電池及儲能,511,179,332,國泰-敦南,2023-09-07,8888
2313,華通,1262,978,284,國泰-敦南,2023-09-07,8888
00720B,元大投資級公司債,316,45,271,國泰-敦南,2023-09-07,8888
3704,合勤控,956,696,260,國泰-敦南,2023-09-07,8888
2485,兆赫,2284,2041,243,國泰-敦南,2023-09-07,8888
2409,友達,562,335,227,國泰-敦南,2023-09-07,8888
2618,長榮航,420,197,223,國泰-敦南,2023-09-07,8888
8112,至上,1205,982,223,國泰-敦南,2023-09-07,8888
00665L,富邦�琤肭磪囓�2,902,685,217,國泰-敦南,2023-09-07,8888
2002,中鋼,275,65,210,國泰-敦南,2023-09-07,8888
00673R,期元大S＆P原油反1,379,176,203,國泰-敦南,2023-09-07,8888
00679B,元大美債20年,261,63,198,國泰-敦南,2023-09-07,8888
2614,東森,868,670,198,國泰-敦南,2023-09-07,8888
4906,正文,357,161,196,國泰-敦南,2023-09-07,8888
00907,永豐優息存股,204,11,193,國泰-敦南,2023-09-07,8888
2884,玉山金,391,215,176,國泰-敦南,2023-09-07,8888
00751B,元大AAA至A公司債,191,15,176,國泰-敦南,2023-09-07,8888
2330,台積電,199,27,172,國泰-敦南,2023-09-07,8888
2887,台新金,294,125,169,國泰-敦南,2023-09-07,8888
2356,英業達,433,271,162,國泰-敦南,2023-09-07,8888
2881,富邦金,177,16,161,國泰-敦南,2023-09-07,8888
00888,永豐台灣ESG,189,39,150,國泰-敦南,2023-09-07,8888
2025,千興,177,30,147,國泰-敦南,2023-09-07,8888
2303,聯電,317,176,141,國泰-敦南,2023-09-07,8888
00782B,國泰A級公用債,140,0,140,國泰-敦南,2023-09-07,8888
00772B,中信高評級公司債,163,25,138,國泰-敦南,2023-09-07,8888
00688L,國泰20年美債正2,150,14,136,國泰-敦南,2023-09-07,8888
00900,富邦特選高股息30,229,97,132,國泰-敦南,2023-09-07,8888
2358,廷鑫,757,630,127,國泰-敦南,2023-09-07,8888
00753L,中信中國50正2,285,159,126,國泰-敦南,2023-09-07,8888
2610,華航,359,233,126,國泰-敦南,2023-09-07,8888
3231,緯創,874,753,121,國泰-敦南,2023-09-07,8888
2605,新興,251,137,114,國泰-敦南,2023-09-07,8888
00713,元大台灣高息低波,179,67,112,國泰-敦南,2023-09-07,8888
0050,元大台灣50,157,47,110,國泰-敦南,2023-09-07,8888
1513,中興電,198,88,110,國泰-敦南,2023-09-07,8888
2317,鴻海,154,46,108,國泰-敦南,2023-09-07,8888
2834,臺企銀,125,19,106,國泰-敦南,2023-09-07,8888
006208,富邦台50,139,35,104,國泰-敦南,2023-09-07,8888
2324,仁寶,289,190,99,國泰-敦南,2023-09-07,8888
9904,寶成,100,3,97,國泰-敦南,2023-09-07,8888
4533,協易機,1451,1354,97,國泰-敦南,2023-09-07,8888
00919,群益台灣精選高息,5734,682,5052,國泰-敦南,2023-09-08,8888
00929,復華台灣科技優息,5937,4341,1596,國泰-敦南,2023-09-08,8888
00918,大華優利高填息30,519,49,470,國泰-敦南,2023-09-08,8888
00753L,中信中國50正2,393,40,353,國泰-敦南,2023-09-08,8888
3715,定穎投控,3403,3110,293,國泰-敦南,2023-09-08,8888
2884,玉山金,404,122,282,國泰-敦南,2023-09-08,8888
00902,中信電池及儲能,268,13,255,國泰-敦南,2023-09-08,8888
00915,凱基優選高股息30,548,308,240,國泰-敦南,2023-09-08,8888
00680L,元大美債20正2,270,34,236,國泰-敦南,2023-09-08,8888
2002,中鋼,264,42,222,國泰-敦南,2023-09-08,8888
00932,兆豐永續高息等權,334,121,213,國泰-敦南,2023-09-08,8888
2382,廣達,650,449,201,國泰-敦南,2023-09-08,8888
2376,技嘉,953,754,199,國泰-敦南,2023-09-08,8888
00882,中信中國高股息,210,17,193,國泰-敦南,2023-09-08,8888
00923,群益台ESG低碳50,229,50,179,國泰-敦南,2023-09-08,8888
6282,康舒,277,103,174,國泰-敦南,2023-09-08,8888
2402,毅嘉,1102,933,169,國泰-敦南,2023-09-08,8888
3231,緯創,1039,875,164,國泰-敦南,2023-09-08,8888
00664R,國泰臺灣加權反1,176,14,162,國泰-敦南,2023-09-08,8888
2329,華泰,293,141,152,國泰-敦南,2023-09-08,8888
0056,元大高股息,314,164,150,國泰-敦南,2023-09-08,8888
2834,臺企銀,177,30,147,國泰-敦南,2023-09-08,8888
1101,台泥,240,93,147,國泰-敦南,2023-09-08,8888
00712,復華富時不動產,449,316,133,國泰-敦南,2023-09-08,8888
00692,富邦公司治理,145,14,131,國泰-敦南,2023-09-08,8888
00857B,永豐20年美公債,145,15,130,國泰-敦南,2023-09-08,8888
2330,台積電,170,40,130,國泰-敦南,2023-09-08,8888
00665L,富邦�琤肭磪囓�2,159,39,120,國泰-敦南,2023-09-08,8888
2887,台新金,209,90,119,國泰-敦南,2023-09-08,8888
00679B,元大美債20年,199,88,111,國泰-敦南,2023-09-08,8888
3481,群創,430,320,110,國泰-敦南,2023-09-08,8888
0050,元大台灣50,148,41,107,國泰-敦南,2023-09-08,8888
00922,國泰台灣領袖50,140,36,104,國泰-敦南,2023-09-08,8888
00713,元大台灣高息低波,174,77,97,國泰-敦南,2023-09-08,8888
006208,富邦台50,140,46,94,國泰-敦南,2023-09-08,8888
2317,鴻海,143,58,85,國泰-敦南,2023-09-08,8888
00888,永豐台灣ESG,91,8,83,國泰-敦南,2023-09-08,8888
2486,一詮,578,497,81,國泰-敦南,2023-09-08,8888
2371,大同,245,164,81,國泰-敦南,2023-09-08,8888
2313,華通,632,554,78,國泰-敦南,2023-09-08,8888
00719B,元大美債1-3,82,5,77,國泰-敦南,2023-09-08,8888
2457,飛宏,145,68,77,國泰-敦南,2023-09-08,8888
8070,長華*,87,11,76,國泰-敦南,2023-09-08,8888
2356,英業達,367,291,76,國泰-敦南,2023-09-08,8888
3046,建��,831,756,75,國泰-敦南,2023-09-08,8888
00637L,元大滬深300正2,174,100,74,國泰-敦南,2023-09-08,8888
1802,台玻,260,186,74,國泰-敦南,2023-09-08,8888
2881,富邦金,137,68,69,國泰-敦南,2023-09-08,8888
2007,燁興,70,3,67,國泰-敦南,2023-09-08,8888
3622,洋華,97,35,62,國泰-敦南,2023-09-08,8888
00919,群益台灣精選高息,7573,1027,6546,國泰-敦南,2023-09-11,8888
00929,復華台灣科技優息,7641,1808,5833,國泰-敦南,2023-09-11,8888
00878,國泰永續高股息,9158,3762,5396,國泰-敦南,2023-09-11,8888
0056,元大高股息,1876,560,1316,國泰-敦南,2023-09-11,8888
00918,大華優利高填息30,1169,72,1097,國泰-敦南,2023-09-11,8888
00915,凱基優選高股息30,1121,95,1026,國泰-敦南,2023-09-11,8888
00932,兆豐永續高息等權,1056,366,690,國泰-敦南,2023-09-11,8888
00931B,統一美債20年,671,37,634,國泰-敦南,2023-09-11,8888
2363,矽統,4912,4292,620,國泰-敦南,2023-09-11,8888
00923,群益台ESG低碳50,619,117,502,國泰-敦南,2023-09-11,8888
00751B,元大AAA至A公司債,432,35,397,國泰-敦南,2023-09-11,8888
00713,元大台灣高息低波,570,192,378,國泰-敦南,2023-09-11,8888
00679B,元大美債20年,367,56,311,國泰-敦南,2023-09-11,8888
2002,中鋼,369,79,290,國泰-敦南,2023-09-11,8888
2376,技嘉,1055,788,267,國泰-敦南,2023-09-11,8888
2312,金寶,384,122,262,國泰-敦南,2023-09-11,8888
00687B,國泰20年美債,265,25,240,國泰-敦南,2023-09-11,8888
2382,廣達,1324,1088,236,國泰-敦南,2023-09-11,8888
2405,輔信,1238,1004,234,國泰-敦南,2023-09-11,8888
0050,元大台灣50,291,61,230,國泰-敦南,2023-09-11,8888
00922,國泰台灣領袖50,296,70,226,國泰-敦南,2023-09-11,8888
2352,佳世達,450,264,186,國泰-敦南,2023-09-11,8888
2359,所羅門,256,76,180,國泰-敦南,2023-09-11,8888
2105,正新,328,150,178,國泰-敦南,2023-09-11,8888
006208,富邦台50,234,60,174,國泰-敦南,2023-09-11,8888
00720B,元大投資級公司債,238,68,170,國泰-敦南,2023-09-11,8888
00857B,永豐20年美公債,155,2,153,國泰-敦南,2023-09-11,8888
00772B,中信高評級公司債,232,83,149,國泰-敦南,2023-09-11,8888
00650L,復華香港正2,191,45,146,國泰-敦南,2023-09-11,8888
00900,富邦特選高股息30,491,355,136,國泰-敦南,2023-09-11,8888
2630,亞航,873,745,128,國泰-敦南,2023-09-11,8888
2356,英業達,942,814,128,國泰-敦南,2023-09-11,8888
00921,兆豐龍頭等權重,146,22,124,國泰-敦南,2023-09-11,8888
2330,台積電,149,28,121,國泰-敦南,2023-09-11,8888
8358,金居,252,137,115,國泰-敦南,2023-09-11,8888
00631L,元大台灣50正2,164,56,108,國泰-敦南,2023-09-11,8888
2317,鴻海,187,82,105,國泰-敦南,2023-09-11,8888
1802,台玻,389,284,105,國泰-敦南,2023-09-11,8888
2371,大同,157,53,104,國泰-敦南,2023-09-11,8888
2884,玉山金,274,171,103,國泰-敦南,2023-09-11,8888
2834,臺企銀,173,70,103,國泰-敦南,2023-09-11,8888
8210,勤誠,135,33,102,國泰-敦南,2023-09-11,8888
00896,中信綠能及電動車,120,18,102,國泰-敦南,2023-09-11,8888
8088,品安,126,25,101,國泰-敦南,2023-09-11,8888
6125,廣運,263,163,100,國泰-敦南,2023-09-11,8888
1316,上曜,100,2,98,國泰-敦南,2023-09-11,8888
3715,定穎投控,1991,1894,97,國泰-敦南,2023-09-11,8888
1101,台泥,124,34,90,國泰-敦南,2023-09-11,8888
00795B,中信美國公債20年,99,10,89,國泰-敦南,2023-09-11,8888
2388,威盛,461,373,88,國泰-敦南,2023-09-11,8888
00919,群益台灣精選高息,3194,533,2661,國泰-敦南,2023-09-12,8888
00929,復華台灣科技優息,5188,4215,973,國泰-敦南,2023-09-12,8888
00632R,元大台灣50反1,1016,262,754,國泰-敦南,2023-09-12,8888
00878,國泰永續高股息,2650,1951,699,國泰-敦南,2023-09-12,8888
2538,基泰,1503,805,698,國泰-敦南,2023-09-12,8888
00918,大華優利高填息30,481,66,415,國泰-敦南,2023-09-12,8888
00679B,元大美債20年,448,42,406,國泰-敦南,2023-09-12,8888
6282,康舒,1473,1110,363,國泰-敦南,2023-09-12,8888
00915,凱基優選高股息30,401,56,345,國泰-敦南,2023-09-12,8888
3715,定穎投控,819,502,317,國泰-敦南,2023-09-12,8888
00751B,元大AAA至A公司債,325,14,311,國泰-敦南,2023-09-12,8888
2405,輔信,898,609,289,國泰-敦南,2023-09-12,8888
00753L,中信中國50正2,366,95,271,國泰-敦南,2023-09-12,8888
6120,達運,754,589,165,國泰-敦南,2023-09-12,8888
00902,中信電池及儲能,205,40,165,國泰-敦南,2023-09-12,8888
3481,群創,356,198,158,國泰-敦南,2023-09-12,8888
00932,兆豐永續高息等權,212,57,155,國泰-敦南,2023-09-12,8888
2367,燿華,169,21,148,國泰-敦南,2023-09-12,8888
5381,合正,482,340,142,國泰-敦南,2023-09-12,8888
2883,凱基金,234,93,141,國泰-敦南,2023-09-12,8888
6116,彩晶,164,27,137,國泰-敦南,2023-09-12,8888
00772B,中信高評級公司債,191,54,137,國泰-敦南,2023-09-12,8888
3035,智原,631,500,131,國泰-敦南,2023-09-12,8888
00715L,期街口布蘭特正2,151,25,126,國泰-敦南,2023-09-12,8888
00931B,統一美債20年,219,100,119,國泰-敦南,2023-09-12,8888
2427,三商電,893,775,118,國泰-敦南,2023-09-12,8888
00713,元大台灣高息低波,239,123,116,國泰-敦南,2023-09-12,8888
8069,元太,140,33,107,國泰-敦南,2023-09-12,8888
2002,中鋼,141,36,105,國泰-敦南,2023-09-12,8888
00720B,元大投資級公司債,111,6,105,國泰-敦南,2023-09-12,8888
2356,英業達,442,344,98,國泰-敦南,2023-09-12,8888
2402,毅嘉,462,376,86,國泰-敦南,2023-09-12,8888
2618,長榮航,570,484,86,國泰-敦南,2023-09-12,8888
1319,東陽,800,718,82,國泰-敦南,2023-09-12,8888
00857B,永豐20年美公債,84,1,83,國泰-敦南,2023-09-12,8888
00687B,國泰20年美債,177,100,77,國泰-敦南,2023-09-12,8888
3545,敦泰,261,185,76,國泰-敦南,2023-09-12,8888
6605,帝寶,154,78,76,國泰-敦南,2023-09-12,8888
3322,建舜電,113,40,73,國泰-敦南,2023-09-12,8888
00665L,富邦�琤肭磪囓�2,471,400,71,國泰-敦南,2023-09-12,8888
2206,三陽工業,132,64,68,國泰-敦南,2023-09-12,8888
2634,漢翔,348,282,66,國泰-敦南,2023-09-12,8888
00896,中信綠能及電動車,71,11,60,國泰-敦南,2023-09-12,8888
00676R,富邦臺灣加權反1,60,0,60,國泰-敦南,2023-09-12,8888
00673R,期元大S＆P原油反1,315,256,59,國泰-敦南,2023-09-12,8888
2417,圓剛,82,29,53,國泰-敦南,2023-09-12,8888
00664R,國泰臺灣加權反1,53,0,53,國泰-敦南,2023-09-12,8888
1524,耿鼎,866,813,53,國泰-敦南,2023-09-12,8888
2457,飛宏,111,58,53,國泰-敦南,2023-09-12,8888
3078,僑威,274,222,52,國泰-敦南,2023-09-12,8888
00929,復華台灣科技優息,7180,2698,4482,國泰-敦南,2023-09-13,8888
00919,群益台灣精選高息,3644,552,3092,國泰-敦南,2023-09-13,8888
00881,國泰台灣5G+,1360,138,1222,國泰-敦南,2023-09-13,8888
00632R,元大台灣50反1,867,227,640,國泰-敦南,2023-09-13,8888
00918,大華優利高填息30,473,11,462,國泰-敦南,2023-09-13,8888
00665L,富邦�琤肭磪囓�2,1206,791,415,國泰-敦南,2023-09-13,8888
00902,中信電池及儲能,340,44,296,國泰-敦南,2023-09-13,8888
00753L,中信中國50正2,500,206,294,國泰-敦南,2023-09-13,8888
00751B,元大AAA至A公司債,295,4,291,國泰-敦南,2023-09-13,8888
00772B,中信高評級公司債,295,23,272,國泰-敦南,2023-09-13,8888
1524,耿鼎,3223,2962,261,國泰-敦南,2023-09-13,8888
00637L,元大滬深300正2,320,75,245,國泰-敦南,2023-09-13,8888
00671R,富邦NASDAQ反1,261,31,230,國泰-敦南,2023-09-13,8888
00720B,元大投資級公司債,275,51,224,國泰-敦南,2023-09-13,8888
2634,漢翔,344,138,206,國泰-敦南,2023-09-13,8888
00680L,元大美債20正2,214,10,204,國泰-敦南,2023-09-13,8888
3481,群創,266,85,181,國泰-敦南,2023-09-13,8888
00679B,元大美債20年,307,134,173,國泰-敦南,2023-09-13,8888
00915,凱基優選高股息30,227,63,164,國泰-敦南,2023-09-13,8888
3322,建舜電,489,365,124,國泰-敦南,2023-09-13,8888
00932,兆豐永續高息等權,214,97,117,國泰-敦南,2023-09-13,8888
1515,力山,648,535,113,國泰-敦南,2023-09-13,8888
00882,中信中國高股息,166,56,110,國泰-敦南,2023-09-13,8888
2025,千興,225,121,104,國泰-敦南,2023-09-13,8888
2409,友達,157,54,103,國泰-敦南,2023-09-13,8888
00715L,期街口布蘭特正2,193,97,96,國泰-敦南,2023-09-13,8888
9904,寶成,103,7,96,國泰-敦南,2023-09-13,8888
2374,佳能,224,136,88,國泰-敦南,2023-09-13,8888
00722B,群益投資級電信債,89,6,83,國泰-敦南,2023-09-13,8888
3704,合勤控,565,485,80,國泰-敦南,2023-09-13,8888
1519,華城,242,165,77,國泰-敦南,2023-09-13,8888
2618,長榮航,385,308,77,國泰-敦南,2023-09-13,8888
2317,鴻海,124,48,76,國泰-敦南,2023-09-13,8888
2312,金寶,105,30,75,國泰-敦南,2023-09-13,8888
8429,金麗-KY,74,0,74,國泰-敦南,2023-09-13,8888
2352,佳世達,313,241,72,國泰-敦南,2023-09-13,8888
3682,亞太電,72,2,70,國泰-敦南,2023-09-13,8888
3711,日月光投控,90,27,63,國泰-敦南,2023-09-13,8888
2402,毅嘉,319,258,61,國泰-敦南,2023-09-13,8888
2887,台新金,111,51,60,國泰-敦南,2023-09-13,8888
3346,麗清,435,375,60,國泰-敦南,2023-09-13,8888
00923,群益台ESG低碳50,165,105,60,國泰-敦南,2023-09-13,8888
00922,國泰台灣領袖50,78,19,59,國泰-敦南,2023-09-13,8888
3037,欣興,183,124,59,國泰-敦南,2023-09-13,8888
2516,新建,68,13,55,國泰-敦南,2023-09-13,8888
1616,億泰,55,1,54,國泰-敦南,2023-09-13,8888
00719B,元大美債1-3,53,0,53,國泰-敦南,2023-09-13,8888
2313,華通,539,488,51,國泰-敦南,2023-09-13,8888
00830,國泰費城半導體,52,2,50,國泰-敦南,2023-09-13,8888
2801,彰銀,66,17,49,國泰-敦南,2023-09-13,8888
00929,復華台灣科技優息,9179,2687,6492,國泰-敦南,2023-09-14,8888
00919,群益台灣精選高息,3337,1527,1810,國泰-敦南,2023-09-14,8888
00632R,元大台灣50反1,1506,492,1014,國泰-敦南,2023-09-14,8888
00712,復華富時不動產,1019,512,507,國泰-敦南,2023-09-14,8888
1522,堤維西,4127,3650,477,國泰-敦南,2023-09-14,8888
2371,大同,577,249,328,國泰-敦南,2023-09-14,8888
00679B,元大美債20年,380,128,252,國泰-敦南,2023-09-14,8888
00665L,富邦�琤肭磪囓�2,639,412,227,國泰-敦南,2023-09-14,8888
00918,大華優利高填息30,525,311,214,國泰-敦南,2023-09-14,8888
00882,中信中國高股息,328,150,178,國泰-敦南,2023-09-14,8888
2402,毅嘉,463,291,172,國泰-敦南,2023-09-14,8888
00713,元大台灣高息低波,442,284,158,國泰-敦南,2023-09-14,8888
00751B,元大AAA至A公司債,256,100,156,國泰-敦南,2023-09-14,8888
00885,富邦越南,319,180,139,國泰-敦南,2023-09-14,8888
4906,正文,461,334,127,國泰-敦南,2023-09-14,8888
3715,定穎投控,1510,1383,127,國泰-敦南,2023-09-14,8888
00753L,中信中國50正2,227,104,123,國泰-敦南,2023-09-14,8888
00687B,國泰20年美債,201,80,121,國泰-敦南,2023-09-14,8888
00673R,期元大S＆P原油反1,195,79,116,國泰-敦南,2023-09-14,8888
2618,長榮航,448,334,114,國泰-敦南,2023-09-14,8888
00857B,永豐20年美公債,146,39,107,國泰-敦南,2023-09-14,8888
2606,裕民,262,155,107,國泰-敦南,2023-09-14,8888
3005,神基,196,91,105,國泰-敦南,2023-09-14,8888
00915,凱基優選高股息30,393,292,101,國泰-敦南,2023-09-14,8888
5426,振發,112,16,96,國泰-敦南,2023-09-14,8888
5210,寶碩,135,42,93,國泰-敦南,2023-09-14,8888
00931B,統一美債20年,183,91,92,國泰-敦南,2023-09-14,8888
8240,華宏,166,76,90,國泰-敦南,2023-09-14,8888
4979,華星光,663,577,86,國泰-敦南,2023-09-14,8888
00706L,期元大S＆P日圓正2,87,2,85,國泰-敦南,2023-09-14,8888
00688L,國泰20年美債正2,102,17,85,國泰-敦南,2023-09-14,8888
3682,亞太電,90,7,83,國泰-敦南,2023-09-14,8888
00795B,中信美國公債20年,154,71,83,國泰-敦南,2023-09-14,8888
1314,中石化,194,111,83,國泰-敦南,2023-09-14,8888
00773B,中信優先金融債,95,14,81,國泰-敦南,2023-09-14,8888
1802,台玻,188,110,78,國泰-敦南,2023-09-14,8888
3019,亞光,78,5,73,國泰-敦南,2023-09-14,8888
1402,遠東新,99,26,73,國泰-敦南,2023-09-14,8888
6275,元山,114,52,62,國泰-敦南,2023-09-14,8888
00637L,元大滬深300正2,149,87,62,國泰-敦南,2023-09-14,8888
2332,友訊,152,92,60,國泰-敦南,2023-09-14,8888
00719B,元大美債1-3,58,1,57,國泰-敦南,2023-09-14,8888
6245,立端,99,45,54,國泰-敦南,2023-09-14,8888
00715L,期街口布蘭特正2,115,64,51,國泰-敦南,2023-09-14,8888
2743,山富,102,53,49,國泰-敦南,2023-09-14,8888
1471,首利,179,131,48,國泰-敦南,2023-09-14,8888
5425,台半,90,42,48,國泰-敦南,2023-09-14,8888
2324,仁寶,244,199,45,國泰-敦南,2023-09-14,8888
00676R,富邦臺灣加權反1,54,9,45,國泰-敦南,2023-09-14,8888
2801,彰銀,71,27,44,國泰-敦南,2023-09-14,8888
00929,復華台灣科技優息,12999,4838,8161,國泰-敦南,2023-09-15,8888
00919,群益台灣精選高息,5369,2538,2831,國泰-敦南,2023-09-15,8888
00878,國泰永續高股息,4025,2086,1939,國泰-敦南,2023-09-15,8888
00931B,統一美債20年,624,40,584,國泰-敦南,2023-09-15,8888
00687B,國泰20年美債,610,28,582,國泰-敦南,2023-09-15,8888
00918,大華優利高填息30,784,213,571,國泰-敦南,2023-09-15,8888
00915,凱基優選高股息30,758,200,558,國泰-敦南,2023-09-15,8888
2486,一詮,1472,980,492,國泰-敦南,2023-09-15,8888
2884,玉山金,562,78,484,國泰-敦南,2023-09-15,8888
00680L,元大美債20正2,643,241,402,國泰-敦南,2023-09-15,8888
2485,兆赫,485,100,385,國泰-敦南,2023-09-15,8888
00637L,元大滬深300正2,494,140,354,國泰-敦南,2023-09-15,8888
2002,中鋼,495,145,350,國泰-敦南,2023-09-15,8888
2610,華航,505,158,347,國泰-敦南,2023-09-15,8888
00772B,中信高評級公司債,414,72,342,國泰-敦南,2023-09-15,8888
00679B,元大美債20年,541,206,335,國泰-敦南,2023-09-15,8888
00751B,元大AAA至A公司債,445,114,331,國泰-敦南,2023-09-15,8888
2618,長榮航,483,189,294,國泰-敦南,2023-09-15,8888
00857B,永豐20年美公債,287,1,286,國泰-敦南,2023-09-15,8888
2892,第一金,273,18,255,國泰-敦南,2023-09-15,8888
2801,彰銀,240,13,227,國泰-敦南,2023-09-15,8888
00885,富邦越南,360,140,220,國泰-敦南,2023-09-15,8888
2880,華南金,225,11,214,國泰-敦南,2023-09-15,8888
00715L,期街口布蘭特正2,324,112,212,國泰-敦南,2023-09-15,8888
00671R,富邦NASDAQ反1,205,5,200,國泰-敦南,2023-09-15,8888
3363,上詮,1442,1253,189,國泰-敦南,2023-09-15,8888
3163,波若威,1923,1739,184,國泰-敦南,2023-09-15,8888
2890,永豐金,250,68,182,國泰-敦南,2023-09-15,8888
2317,鴻海,255,73,182,國泰-敦南,2023-09-15,8888
2834,臺企銀,341,163,178,國泰-敦南,2023-09-15,8888
00688L,國泰20年美債正2,186,11,175,國泰-敦南,2023-09-15,8888
00932,兆豐永續高息等權,225,56,169,國泰-敦南,2023-09-15,8888
6120,達運,346,179,167,國泰-敦南,2023-09-15,8888
3035,智原,822,662,160,國泰-敦南,2023-09-15,8888
1802,台玻,398,245,153,國泰-敦南,2023-09-15,8888
3481,群創,354,212,142,國泰-敦南,2023-09-15,8888
00720B,元大投資級公司債,212,73,139,國泰-敦南,2023-09-15,8888
2891,中信金,371,257,114,國泰-敦南,2023-09-15,8888
8034,榮群,240,129,111,國泰-敦南,2023-09-15,8888
00676R,富邦臺灣加權反1,109,0,109,國泰-敦南,2023-09-15,8888
2867,三商壽,116,10,106,國泰-敦南,2023-09-15,8888
2634,漢翔,371,267,104,國泰-敦南,2023-09-15,8888
00795B,中信美國公債20年,115,12,103,國泰-敦南,2023-09-15,8888
00686R,群益臺灣加權反1,101,0,101,國泰-敦南,2023-09-15,8888
4967,十銓,245,151,94,國泰-敦南,2023-09-15,8888
3380,明泰,143,52,91,國泰-敦南,2023-09-15,8888
2538,基泰,278,190,88,國泰-敦南,2023-09-15,8888
8068,全達,307,226,81,國泰-敦南,2023-09-15,8888
2312,金寶,131,52,79,國泰-敦南,2023-09-15,8888
2542,興富發,101,23,78,國泰-敦南,2023-09-15,8888
00929,復華台灣科技優息,17366,3050,14316,國泰-敦南,2023-09-18,8888
00919,群益台灣精選高息,8206,1273,6933,國泰-敦南,2023-09-18,8888
00687B,國泰20年美債,1213,48,1165,國泰-敦南,2023-09-18,8888
2363,矽統,4232,3317,915,國泰-敦南,2023-09-18,8888
00931B,統一美債20年,1013,164,849,國泰-敦南,2023-09-18,8888
00751B,元大AAA至A公司債,954,139,815,國泰-敦南,2023-09-18,8888
00720B,元大投資級公司債,634,16,618,國泰-敦南,2023-09-18,8888
00918,大華優利高填息30,700,135,565,國泰-敦南,2023-09-18,8888
00713,元大台灣高息低波,572,38,534,國泰-敦南,2023-09-18,8888
00679B,元大美債20年,1016,510,506,國泰-敦南,2023-09-18,8888
00772B,中信高評級公司債,546,83,463,國泰-敦南,2023-09-18,8888
00915,凱基優選高股息30,534,155,379,國泰-敦南,2023-09-18,8888
0056,元大高股息,636,288,348,國泰-敦南,2023-09-18,8888
00923,群益台ESG低碳50,387,59,328,國泰-敦南,2023-09-18,8888
2838,聯邦銀,314,12,302,國泰-敦南,2023-09-18,8888
00665L,富邦�琤肭磪囓�2,1133,842,291,國泰-敦南,2023-09-18,8888
2330,台積電,334,50,284,國泰-敦南,2023-09-18,8888
3231,緯創,1107,827,280,國泰-敦南,2023-09-18,8888
00922,國泰台灣領袖50,293,21,272,國泰-敦南,2023-09-18,8888
00680L,元大美債20正2,508,248,260,國泰-敦南,2023-09-18,8888
2356,英業達,627,376,251,國泰-敦南,2023-09-18,8888
2324,仁寶,339,97,242,國泰-敦南,2023-09-18,8888
2605,新興,917,682,235,國泰-敦南,2023-09-18,8888
00888,永豐台灣ESG,309,83,226,國泰-敦南,2023-09-18,8888
00857B,永豐20年美公債,247,30,217,國泰-敦南,2023-09-18,8888
2382,廣達,556,348,208,國泰-敦南,2023-09-18,8888
2618,長榮航,522,320,202,國泰-敦南,2023-09-18,8888
6282,康舒,340,149,191,國泰-敦南,2023-09-18,8888
00795B,中信美國公債20年,228,38,190,國泰-敦南,2023-09-18,8888
00932,兆豐永續高息等權,286,121,165,國泰-敦南,2023-09-18,8888
2402,毅嘉,402,237,165,國泰-敦南,2023-09-18,8888
00921,兆豐龍頭等權重,274,119,155,國泰-敦南,2023-09-18,8888
3715,定穎投控,1769,1628,141,國泰-敦南,2023-09-18,8888
2368,金像電,226,86,140,國泰-敦南,2023-09-18,8888
00830,國泰費城半導體,142,3,139,國泰-敦南,2023-09-18,8888
2303,聯電,288,155,133,國泰-敦南,2023-09-18,8888
00753L,中信中國50正2,300,170,130,國泰-敦南,2023-09-18,8888
2027,大成鋼,284,155,129,國泰-敦南,2023-09-18,8888
8358,金居,203,76,127,國泰-敦南,2023-09-18,8888
00900,富邦特選高股息30,238,120,118,國泰-敦南,2023-09-18,8888
3037,欣興,229,117,112,國泰-敦南,2023-09-18,8888
2409,友達,202,95,107,國泰-敦南,2023-09-18,8888
00764B,群益25年美債,115,13,102,國泰-敦南,2023-09-18,8888
00885,富邦越南,209,117,92,國泰-敦南,2023-09-18,8888
4979,華星光,468,379,89,國泰-敦南,2023-09-18,8888
2344,華邦電,363,277,86,國泰-敦南,2023-09-18,8888
00896,中信綠能及電動車,91,6,85,國泰-敦南,2023-09-18,8888
2313,華通,3237,3155,82,國泰-敦南,2023-09-18,8888
2353,宏��,158,77,81,國泰-敦南,2023-09-18,8888
2332,友訊,173,91,82,國泰-敦南,2023-09-18,8888
00929,復華台灣科技優息,8816,2112,6704,國泰-敦南,2023-09-19,8888
00919,群益台灣精選高息,3402,797,2605,國泰-敦南,2023-09-19,8888
00878,國泰永續高股息,1864,940,924,國泰-敦南,2023-09-19,8888
1714,和桐,849,46,803,國泰-敦南,2023-09-19,8888
00921,兆豐龍頭等權重,711,133,578,國泰-敦南,2023-09-19,8888
00923,群益台ESG低碳50,562,131,431,國泰-敦南,2023-09-19,8888
00665L,富邦�琤肭磪囓�2,1661,1319,342,國泰-敦南,2023-09-19,8888
00932,兆豐永續高息等權,345,34,311,國泰-敦南,2023-09-19,8888
2618,長榮航,458,155,303,國泰-敦南,2023-09-19,8888
3231,緯創,1987,1695,292,國泰-敦南,2023-09-19,8888
2313,華通,4034,3772,262,國泰-敦南,2023-09-19,8888
2002,中鋼,353,95,258,國泰-敦南,2023-09-19,8888
00902,中信電池及儲能,269,11,258,國泰-敦南,2023-09-19,8888
2330,台積電,279,23,256,國泰-敦南,2023-09-19,8888
3163,波若威,749,503,246,國泰-敦南,2023-09-19,8888
00712,復華富時不動產,444,228,216,國泰-敦南,2023-09-19,8888
0056,元大高股息,591,390,201,國泰-敦南,2023-09-19,8888
00888,永豐台灣ESG,210,19,191,國泰-敦南,2023-09-19,8888
3481,群創,307,118,189,國泰-敦南,2023-09-19,8888
00893,國泰智能電動車,202,43,159,國泰-敦南,2023-09-19,8888
2388,威盛,791,632,159,國泰-敦南,2023-09-19,8888
1522,堤維西,1185,1027,158,國泰-敦南,2023-09-19,8888
4979,華星光,728,575,153,國泰-敦南,2023-09-19,8888
1101,台泥,166,19,147,國泰-敦南,2023-09-19,8888
6282,康舒,494,350,144,國泰-敦南,2023-09-19,8888
00673R,期元大S＆P原油反1,200,57,143,國泰-敦南,2023-09-19,8888
6901,鑽石投資,492,363,129,國泰-敦南,2023-09-19,8888
3058,立德,154,26,128,國泰-敦南,2023-09-19,8888
6274,台燿,601,479,122,國泰-敦南,2023-09-19,8888
00900,富邦特選高股息30,205,88,117,國泰-敦南,2023-09-19,8888
3564,其陽,116,4,112,國泰-敦南,2023-09-19,8888
3035,智原,436,345,91,國泰-敦南,2023-09-19,8888
00918,大華優利高填息30,213,124,89,國泰-敦南,2023-09-19,8888
3450,聯鈞,320,234,86,國泰-敦南,2023-09-19,8888
2338,光罩,90,6,84,國泰-敦南,2023-09-19,8888
1609,大亞,112,29,83,國泰-敦南,2023-09-19,8888
2337,旺宏,150,68,82,國泰-敦南,2023-09-19,8888
1789,神隆,83,2,81,國泰-敦南,2023-09-19,8888
00922,國泰台灣領袖50,144,63,81,國泰-敦南,2023-09-19,8888
1905,華紙,104,23,81,國泰-敦南,2023-09-19,8888
2606,裕民,318,238,80,國泰-敦南,2023-09-19,8888
00683L,期元大美元指正2,80,3,77,國泰-敦南,2023-09-19,8888
2382,廣達,532,455,77,國泰-敦南,2023-09-19,8888
00713,元大台灣高息低波,163,87,76,國泰-敦南,2023-09-19,8888
6257,矽格,376,303,73,國泰-敦南,2023-09-19,8888
2355,敬鵬,224,151,73,國泰-敦南,2023-09-19,8888
00752,中信中國50,89,17,72,國泰-敦南,2023-09-19,8888
2610,華航,267,200,67,國泰-敦南,2023-09-19,8888
2436,偉詮電,163,96,67,國泰-敦南,2023-09-19,8888
2887,台新金,107,40,67,國泰-敦南,2023-09-19,8888
00919,群益台灣精選高息,4398,640,3758,國泰-敦南,2023-09-20,8888
00929,復華台灣科技優息,14774,11552,3222,國泰-敦南,2023-09-20,8888
00878,國泰永續高股息,4463,1294,3169,國泰-敦南,2023-09-20,8888
00921,兆豐龍頭等權重,647,20,627,國泰-敦南,2023-09-20,8888
3715,定穎投控,3142,2700,442,國泰-敦南,2023-09-20,8888
00679B,元大美債20年,478,64,414,國泰-敦南,2023-09-20,8888
2367,燿華,1679,1277,402,國泰-敦南,2023-09-20,8888
00753L,中信中國50正2,548,159,389,國泰-敦南,2023-09-20,8888
00932,兆豐永續高息等權,450,107,343,國泰-敦南,2023-09-20,8888
00931B,統一美債20年,339,34,305,國泰-敦南,2023-09-20,8888
2344,華邦電,475,174,301,國泰-敦南,2023-09-20,8888
00680L,元大美債20正2,422,125,297,國泰-敦南,2023-09-20,8888
00923,群益台ESG低碳50,321,42,279,國泰-敦南,2023-09-20,8888
2883,凱基金,359,80,279,國泰-敦南,2023-09-20,8888
2330,台積電,275,13,262,國泰-敦南,2023-09-20,8888
1605,華新,603,380,223,國泰-敦南,2023-09-20,8888
00713,元大台灣高息低波,299,80,219,國泰-敦南,2023-09-20,8888
1101,台泥,216,19,197,國泰-敦南,2023-09-20,8888
2449,京元電子,1041,846,195,國泰-敦南,2023-09-20,8888
2332,友訊,428,240,188,國泰-敦南,2023-09-20,8888
3265,台星科,926,745,181,國泰-敦南,2023-09-20,8888
2354,鴻準,304,131,173,國泰-敦南,2023-09-20,8888
3276,宇環,420,248,172,國泰-敦南,2023-09-20,8888
00922,國泰台灣領袖50,280,109,171,國泰-敦南,2023-09-20,8888
2605,新興,997,827,170,國泰-敦南,2023-09-20,8888
2201,裕隆,347,178,169,國泰-敦南,2023-09-20,8888
3481,群創,391,223,168,國泰-敦南,2023-09-20,8888
0056,元大高股息,463,304,159,國泰-敦南,2023-09-20,8888
00665L,富邦�琤肭磪囓�2,1053,897,156,國泰-敦南,2023-09-20,8888
2882,國泰金,210,57,153,國泰-敦南,2023-09-20,8888
3122,笙泉,480,338,142,國泰-敦南,2023-09-20,8888
2363,矽統,1719,1580,139,國泰-敦南,2023-09-20,8888
2352,佳世達,195,60,135,國泰-敦南,2023-09-20,8888
00720B,元大投資級公司債,239,107,132,國泰-敦南,2023-09-20,8888
3037,欣興,231,101,130,國泰-敦南,2023-09-20,8888
2618,長榮航,374,245,129,國泰-敦南,2023-09-20,8888
5880,合庫金,163,35,128,國泰-敦南,2023-09-20,8888
8088,品安,384,258,126,國泰-敦南,2023-09-20,8888
00751B,元大AAA至A公司債,169,43,126,國泰-敦南,2023-09-20,8888
00902,中信電池及儲能,161,36,125,國泰-敦南,2023-09-20,8888
1802,台玻,279,158,121,國泰-敦南,2023-09-20,8888
00772B,中信高評級公司債,159,42,117,國泰-敦南,2023-09-20,8888
00687B,國泰20年美債,150,35,115,國泰-敦南,2023-09-20,8888
2317,鴻海,153,39,114,國泰-敦南,2023-09-20,8888
2801,彰銀,116,5,111,國泰-敦南,2023-09-20,8888
006208,富邦台50,140,31,109,國泰-敦南,2023-09-20,8888
3576,聯合再生,144,47,97,國泰-敦南,2023-09-20,8888
2313,華通,2135,2041,94,國泰-敦南,2023-09-20,8888
2881,富邦金,116,24,92,國泰-敦南,2023-09-20,8888
1795,美時,149,58,91,國泰-敦南,2023-09-20,8888
00929,復華台灣科技優息,10680,6213,4467,國泰-敦南,2023-09-21,8888
00919,群益台灣精選高息,3349,1427,1922,國泰-敦南,2023-09-21,8888
00878,國泰永續高股息,3433,1948,1485,國泰-敦南,2023-09-21,8888
0056,元大高股息,1471,489,982,國泰-敦南,2023-09-21,8888
00932,兆豐永續高息等權,903,54,849,國泰-敦南,2023-09-21,8888
00923,群益台ESG低碳50,822,62,760,國泰-敦南,2023-09-21,8888
0050,元大台灣50,748,59,689,國泰-敦南,2023-09-21,8888
00665L,富邦�琤肭磪囓�2,1422,774,648,國泰-敦南,2023-09-21,8888
00922,國泰台灣領袖50,655,14,641,國泰-敦南,2023-09-21,8888
2002,中鋼,725,127,598,國泰-敦南,2023-09-21,8888
2884,玉山金,671,80,591,國泰-敦南,2023-09-21,8888
5880,合庫金,680,90,590,國泰-敦南,2023-09-21,8888
00687B,國泰20年美債,649,98,551,國泰-敦南,2023-09-21,8888
00713,元大台灣高息低波,628,83,545,國泰-敦南,2023-09-21,8888
2891,中信金,699,161,538,國泰-敦南,2023-09-21,8888
1101,台泥,547,61,486,國泰-敦南,2023-09-21,8888
2882,國泰金,515,51,464,國泰-敦南,2023-09-21,8888
2887,台新金,527,83,444,國泰-敦南,2023-09-21,8888
006208,富邦台50,533,97,436,國泰-敦南,2023-09-21,8888
2883,凱基金,476,61,415,國泰-敦南,2023-09-21,8888
00900,富邦特選高股息30,560,152,408,國泰-敦南,2023-09-21,8888
2330,台積電,435,39,396,國泰-敦南,2023-09-21,8888
00753L,中信中國50正2,484,88,396,國泰-敦南,2023-09-21,8888
00679B,元大美債20年,749,377,372,國泰-敦南,2023-09-21,8888
2801,彰銀,306,8,298,國泰-敦南,2023-09-21,8888
2317,鴻海,294,25,269,國泰-敦南,2023-09-21,8888
2892,第一金,278,27,251,國泰-敦南,2023-09-21,8888
00631L,元大台灣50正2,355,108,247,國泰-敦南,2023-09-21,8888
00902,中信電池及儲能,436,193,243,國泰-敦南,2023-09-21,8888
00720B,元大投資級公司債,333,102,231,國泰-敦南,2023-09-21,8888
00751B,元大AAA至A公司債,248,26,222,國泰-敦南,2023-09-21,8888
00931B,統一美債20年,309,91,218,國泰-敦南,2023-09-21,8888
00921,兆豐龍頭等權重,218,1,217,國泰-敦南,2023-09-21,8888
00881,國泰台灣5G+,290,83,207,國泰-敦南,2023-09-21,8888
00888,永豐台灣ESG,242,35,207,國泰-敦南,2023-09-21,8888
2880,華南金,193,14,179,國泰-敦南,2023-09-21,8888
2881,富邦金,194,26,168,國泰-敦南,2023-09-21,8888
00675L,富邦臺灣加權正2,228,69,159,國泰-敦南,2023-09-21,8888
2363,矽統,1576,1420,156,國泰-敦南,2023-09-21,8888
3481,群創,378,231,147,國泰-敦南,2023-09-21,8888
2834,臺企銀,185,46,139,國泰-敦南,2023-09-21,8888
2367,燿華,662,525,137,國泰-敦南,2023-09-21,8888
2610,華航,631,497,134,國泰-敦南,2023-09-21,8888
2542,興富發,147,14,133,國泰-敦南,2023-09-21,8888
00915,凱基優選高股息30,177,46,131,國泰-敦南,2023-09-21,8888
2885,元大金,199,79,120,國泰-敦南,2023-09-21,8888
2618,長榮航,441,325,116,國泰-敦南,2023-09-21,8888
2890,永豐金,192,77,115,國泰-敦南,2023-09-21,8888
00669R,國泰美國道瓊反1,111,0,111,國泰-敦南,2023-09-21,8888
00637L,元大滬深300正2,147,40,107,國泰-敦南,2023-09-21,8888
00679B,元大美債20年,1929,192,1737,國泰-敦南,2023-09-22,8888
00929,復華台灣科技優息,5212,3630,1582,國泰-敦南,2023-09-22,8888
00712,復華富時不動產,3054,1524,1530,國泰-敦南,2023-09-22,8888
00687B,國泰20年美債,1708,225,1483,國泰-敦南,2023-09-22,8888
00931B,統一美債20年,1187,96,1091,國泰-敦南,2023-09-22,8888
00919,群益台灣精選高息,1679,652,1027,國泰-敦南,2023-09-22,8888
00720B,元大投資級公司債,1044,29,1015,國泰-敦南,2023-09-22,8888
00751B,元大AAA至A公司債,951,60,891,國泰-敦南,2023-09-22,8888
00772B,中信高評級公司債,806,49,757,國泰-敦南,2023-09-22,8888
00795B,中信美國公債20年,556,70,486,國泰-敦南,2023-09-22,8888
2891,中信金,572,95,477,國泰-敦南,2023-09-22,8888
00885,富邦越南,615,225,390,國泰-敦南,2023-09-22,8888
2883,凱基金,410,70,340,國泰-敦南,2023-09-22,8888
6116,彩晶,343,28,315,國泰-敦南,2023-09-22,8888
1101,台泥,318,36,282,國泰-敦南,2023-09-22,8888
00669R,國泰美國道瓊反1,400,144,256,國泰-敦南,2023-09-22,8888
00773B,中信優先金融債,258,15,243,國泰-敦南,2023-09-22,8888
2881,富邦金,243,23,220,國泰-敦南,2023-09-22,8888
2330,台積電,251,42,209,國泰-敦南,2023-09-22,8888
0050,元大台灣50,239,40,199,國泰-敦南,2023-09-22,8888
00764B,群益25年美債,174,0,174,國泰-敦南,2023-09-22,8888
00932,兆豐永續高息等權,224,54,170,國泰-敦南,2023-09-22,8888
00722B,群益投資級電信債,194,27,167,國泰-敦南,2023-09-22,8888
2303,聯電,242,77,165,國泰-敦南,2023-09-22,8888
2317,鴻海,179,18,161,國泰-敦南,2023-09-22,8888
2888,新光金,236,76,160,國泰-敦南,2023-09-22,8888
2882,國泰金,213,58,155,國泰-敦南,2023-09-22,8888
2367,燿華,549,395,154,國泰-敦南,2023-09-22,8888
3615,安可,203,52,151,國泰-敦南,2023-09-22,8888
006208,富邦台50,203,53,150,國泰-敦南,2023-09-22,8888
00923,群益台ESG低碳50,183,45,138,國泰-敦南,2023-09-22,8888
00680L,元大美債20正2,834,710,124,國泰-敦南,2023-09-22,8888
00902,中信電池及儲能,182,63,119,國泰-敦南,2023-09-22,8888
00864B,中信美國公債0-1,116,0,116,國泰-敦南,2023-09-22,8888
2887,台新金,188,74,114,國泰-敦南,2023-09-22,8888
00830,國泰費城半導體,127,13,114,國泰-敦南,2023-09-22,8888
2834,臺企銀,187,84,103,國泰-敦南,2023-09-22,8888
1444,力麗,377,275,102,國泰-敦南,2023-09-22,8888
00905,FT臺灣Smart,112,10,102,國泰-敦南,2023-09-22,8888
2002,中鋼,200,103,97,國泰-敦南,2023-09-22,8888
3036,文曄,736,644,92,國泰-敦南,2023-09-22,8888
00753L,中信中國50正2,215,127,88,國泰-敦南,2023-09-22,8888
00893,國泰智能電動車,201,114,87,國泰-敦南,2023-09-22,8888
5880,合庫金,121,35,86,國泰-敦南,2023-09-22,8888
00878,國泰永續高股息,1612,1527,85,國泰-敦南,2023-09-22,8888
00719B,元大美債1-3,85,0,85,國泰-敦南,2023-09-22,8888
00922,國泰台灣領袖50,128,48,80,國泰-敦南,2023-09-22,8888
00757,統一FANG+,91,12,79,國泰-敦南,2023-09-22,8888
1815,富喬,188,109,79,國泰-敦南,2023-09-22,8888
00888,永豐台灣ESG,116,42,74,國泰-敦南,2023-09-22,8888
00929,復華台灣科技優息,4058,2195,1863,國泰-敦南,2023-09-25,8888
00919,群益台灣精選高息,1645,480,1165,國泰-敦南,2023-09-25,8888
00679B,元大美債20年,1221,194,1027,國泰-敦南,2023-09-25,8888
00712,復華富時不動產,658,175,483,國泰-敦南,2023-09-25,8888
1101,台泥,566,231,335,國泰-敦南,2023-09-25,8888
00665L,富邦�琤肭磪囓�2,1434,1219,215,國泰-敦南,2023-09-25,8888
3706,神達,530,350,180,國泰-敦南,2023-09-25,8888
8110,華東,170,0,170,國泰-敦南,2023-09-25,8888
2344,華邦電,255,92,163,國泰-敦南,2023-09-25,8888
00885,富邦越南,212,58,154,國泰-敦南,2023-09-25,8888
1504,東元,579,432,147,國泰-敦南,2023-09-25,8888
2317,鴻海,163,21,142,國泰-敦南,2023-09-25,8888
00687B,國泰20年美債,272,157,115,國泰-敦南,2023-09-25,8888
00720B,元大投資級公司債,239,127,112,國泰-敦南,2023-09-25,8888
3583,辛耘,237,125,112,國泰-敦南,2023-09-25,8888
2002,中鋼,175,64,111,國泰-敦南,2023-09-25,8888
00931B,統一美債20年,332,227,105,國泰-敦南,2023-09-25,8888
3322,建舜電,454,351,103,國泰-敦南,2023-09-25,8888
3363,上詮,1551,1451,100,國泰-敦南,2023-09-25,8888
2421,建準,220,121,99,國泰-敦南,2023-09-25,8888
1522,堤維西,302,208,94,國泰-敦南,2023-09-25,8888
00632R,元大台灣50反1,925,832,93,國泰-敦南,2023-09-25,8888
00680L,元大美債20正2,247,156,91,國泰-敦南,2023-09-25,8888
00902,中信電池及儲能,184,94,90,國泰-敦南,2023-09-25,8888
2376,技嘉,606,518,88,國泰-敦南,2023-09-25,8888
00715L,期街口布蘭特正2,125,37,88,國泰-敦南,2023-09-25,8888
6168,宏齊,95,10,85,國泰-敦南,2023-09-25,8888
00888,永豐台灣ESG,98,14,84,國泰-敦南,2023-09-25,8888
2025,千興,114,35,79,國泰-敦南,2023-09-25,8888
2641,正德,118,39,79,國泰-敦南,2023-09-25,8888
3450,聯鈞,758,680,78,國泰-敦南,2023-09-25,8888
2882,國泰金,126,48,78,國泰-敦南,2023-09-25,8888
2542,興富發,156,82,74,國泰-敦南,2023-09-25,8888
00772B,中信高評級公司債,102,30,72,國泰-敦南,2023-09-25,8888
2618,長榮航,397,325,72,國泰-敦南,2023-09-25,8888
2891,中信金,209,139,70,國泰-敦南,2023-09-25,8888
2313,華通,457,387,70,國泰-敦南,2023-09-25,8888
9904,寶成,115,46,69,國泰-敦南,2023-09-25,8888
00706L,期元大S＆P日圓正2,110,41,69,國泰-敦南,2023-09-25,8888
6155,鈞寶,89,21,68,國泰-敦南,2023-09-25,8888
3615,安可,250,186,64,國泰-敦南,2023-09-25,8888
00922,國泰台灣領袖50,85,23,62,國泰-敦南,2023-09-25,8888
1316,上曜,68,9,59,國泰-敦南,2023-09-25,8888
00857B,永豐20年美公債,69,11,58,國泰-敦南,2023-09-25,8888
00893,國泰智能電動車,127,72,55,國泰-敦南,2023-09-25,8888
2230,泰茂,57,3,54,國泰-敦南,2023-09-25,8888
3548,兆利,251,204,47,國泰-敦南,2023-09-25,8888
2382,廣達,467,421,46,國泰-敦南,2023-09-25,8888
2630,亞航,100,55,45,國泰-敦南,2023-09-25,8888
2330,台積電,93,50,43,國泰-敦南,2023-09-25,8888
00929,復華台灣科技優息,5643,2552,3091,國泰-敦南,2023-09-26,8888
00919,群益台灣精選高息,2471,495,1976,國泰-敦南,2023-09-26,8888
00679B,元大美債20年,1553,323,1230,國泰-敦南,2023-09-26,8888
00878,國泰永續高股息,1585,825,760,國泰-敦南,2023-09-26,8888
00688L,國泰20年美債正2,808,57,751,國泰-敦南,2023-09-26,8888
00680L,元大美債20正2,1131,446,685,國泰-敦南,2023-09-26,8888
00720B,元大投資級公司債,734,51,683,國泰-敦南,2023-09-26,8888
00687B,國泰20年美債,876,277,599,國泰-敦南,2023-09-26,8888
00931B,統一美債20年,789,207,582,國泰-敦南,2023-09-26,8888
00772B,中信高評級公司債,593,65,528,國泰-敦南,2023-09-26,8888
5880,合庫金,535,18,517,國泰-敦南,2023-09-26,8888
2002,中鋼,629,140,489,國泰-敦南,2023-09-26,8888
00751B,元大AAA至A公司債,649,171,478,國泰-敦南,2023-09-26,8888
0056,元大高股息,788,316,472,國泰-敦南,2023-09-26,8888
00712,復華富時不動產,892,457,435,國泰-敦南,2023-09-26,8888
2317,鴻海,485,76,409,國泰-敦南,2023-09-26,8888
3715,定穎投控,3211,2818,393,國泰-敦南,2023-09-26,8888
2303,聯電,467,92,375,國泰-敦南,2023-09-26,8888
00923,群益台ESG低碳50,391,16,375,國泰-敦南,2023-09-26,8888
2363,矽統,1937,1572,365,國泰-敦南,2023-09-26,8888
00665L,富邦�琤肭磪囓�2,1605,1251,354,國泰-敦南,2023-09-26,8888
3481,群創,464,111,353,國泰-敦南,2023-09-26,8888
2882,國泰金,402,59,343,國泰-敦南,2023-09-26,8888
2881,富邦金,349,10,339,國泰-敦南,2023-09-26,8888
1815,富喬,1849,1516,333,國泰-敦南,2023-09-26,8888
0050,元大台灣50,329,30,299,國泰-敦南,2023-09-26,8888
1101,台泥,359,68,291,國泰-敦南,2023-09-26,8888
00888,永豐台灣ESG,335,46,289,國泰-敦南,2023-09-26,8888
2330,台積電,320,38,282,國泰-敦南,2023-09-26,8888
00885,富邦越南,544,265,279,國泰-敦南,2023-09-26,8888
00795B,中信美國公債20年,295,35,260,國泰-敦南,2023-09-26,8888
2542,興富發,364,109,255,國泰-敦南,2023-09-26,8888
2888,新光金,327,76,251,國泰-敦南,2023-09-26,8888
006208,富邦台50,262,37,225,國泰-敦南,2023-09-26,8888
1524,耿鼎,1254,1029,225,國泰-敦南,2023-09-26,8888
2891,中信金,261,38,223,國泰-敦南,2023-09-26,8888
00922,國泰台灣領袖50,276,54,222,國泰-敦南,2023-09-26,8888
00932,兆豐永續高息等權,243,36,207,國泰-敦南,2023-09-26,8888
2880,華南金,217,11,206,國泰-敦南,2023-09-26,8888
00722B,群益投資級電信債,214,18,196,國泰-敦南,2023-09-26,8888
00637L,元大滬深300正2,207,18,189,國泰-敦南,2023-09-26,8888
2883,凱基金,256,92,164,國泰-敦南,2023-09-26,8888
1522,堤維西,1530,1369,161,國泰-敦南,2023-09-26,8888
2892,第一金,179,25,154,國泰-敦南,2023-09-26,8888
3231,緯創,677,531,146,國泰-敦南,2023-09-26,8888
00864B,中信美國公債0-1,132,0,132,國泰-敦南,2023-09-26,8888
6770,力積電,149,18,131,國泰-敦南,2023-09-26,8888
9945,潤泰新,200,72,128,國泰-敦南,2023-09-26,8888
2388,威盛,515,389,126,國泰-敦南,2023-09-26,8888
00631L,元大台灣50正2,155,35,120,國泰-敦南,2023-09-26,8888
00929,復華台灣科技優息,5624,3638,1986,國泰-敦南,2023-09-27,8888
00919,群益台灣精選高息,1593,470,1123,國泰-敦南,2023-09-27,8888
00712,復華富時不動產,1456,688,768,國泰-敦南,2023-09-27,8888
2002,中鋼,1056,411,645,國泰-敦南,2023-09-27,8888
00679B,元大美債20年,736,102,634,國泰-敦南,2023-09-27,8888
00932,兆豐永續高息等權,613,38,575,國泰-敦南,2023-09-27,8888
00720B,元大投資級公司債,324,55,269,國泰-敦南,2023-09-27,8888
2303,聯電,331,88,243,國泰-敦南,2023-09-27,8888
00772B,中信高評級公司債,238,22,216,國泰-敦南,2023-09-27,8888
2883,凱基金,290,83,207,國泰-敦南,2023-09-27,8888
00922,國泰台灣領袖50,227,43,184,國泰-敦南,2023-09-27,8888
2542,興富發,195,26,169,國泰-敦南,2023-09-27,8888
2317,鴻海,191,49,142,國泰-敦南,2023-09-27,8888
0050,元大台灣50,175,38,137,國泰-敦南,2023-09-27,8888
5880,合庫金,142,7,135,國泰-敦南,2023-09-27,8888
1609,大亞,790,656,134,國泰-敦南,2023-09-27,8888
00751B,元大AAA至A公司債,191,58,133,國泰-敦南,2023-09-27,8888
00687B,國泰20年美債,191,62,129,國泰-敦南,2023-09-27,8888
00923,群益台ESG低碳50,185,56,129,國泰-敦南,2023-09-27,8888
00864B,中信美國公債0-1,123,0,123,國泰-敦南,2023-09-27,8888
00713,元大台灣高息低波,188,76,112,國泰-敦南,2023-09-27,8888
00888,永豐台灣ESG,155,44,111,國泰-敦南,2023-09-27,8888
9904,寶成,112,2,110,國泰-敦南,2023-09-27,8888
1101,台泥,149,41,108,國泰-敦南,2023-09-27,8888
1618,合機,937,835,102,國泰-敦南,2023-09-27,8888
2014,中鴻,234,134,100,國泰-敦南,2023-09-27,8888
2355,敬鵬,312,214,98,國泰-敦南,2023-09-27,8888
8420,明揚,535,437,98,國泰-敦南,2023-09-27,8888
0056,元大高股息,330,237,93,國泰-敦南,2023-09-27,8888
00900,富邦特選高股息30,127,37,90,國泰-敦南,2023-09-27,8888
00931B,統一美債20年,185,95,90,國泰-敦南,2023-09-27,8888
3481,群創,196,109,87,國泰-敦南,2023-09-27,8888
3363,上詮,563,478,85,國泰-敦南,2023-09-27,8888
2891,中信金,229,149,80,國泰-敦南,2023-09-27,8888
006208,富邦台50,124,45,79,國泰-敦南,2023-09-27,8888
3037,欣興,177,99,78,國泰-敦南,2023-09-27,8888
6418,詠昇,138,60,78,國泰-敦南,2023-09-27,8888
00648R,元大S＆P500反1,79,4,75,國泰-敦南,2023-09-27,8888
1605,華新,131,57,74,國泰-敦南,2023-09-27,8888
1612,宏泰,322,250,72,國泰-敦南,2023-09-27,8888
2892,第一金,87,16,71,國泰-敦南,2023-09-27,8888
1301,台塑,70,1,69,國泰-敦南,2023-09-27,8888
00885,富邦越南,205,144,61,國泰-敦南,2023-09-27,8888
6770,力積電,69,9,60,國泰-敦南,2023-09-27,8888
2515,中工,222,163,59,國泰-敦南,2023-09-27,8888
4542,科嶠,209,151,58,國泰-敦南,2023-09-27,8888
8097,常珵,65,10,55,國泰-敦南,2023-09-27,8888
00907,永豐優息存股,61,6,55,國泰-敦南,2023-09-27,8888
6442,光聖,503,450,53,國泰-敦南,2023-09-27,8888
3545,敦泰,219,167,52,國泰-敦南,2023-09-27,8888
00712,復華富時不動產,2509,206,2303,國泰-敦南,2023-09-28,8888
00929,復華台灣科技優息,2628,1524,1104,國泰-敦南,2023-09-28,8888
00720B,元大投資級公司債,851,26,825,國泰-敦南,2023-09-28,8888
3231,緯創,1779,1147,632,國泰-敦南,2023-09-28,8888
00679B,元大美債20年,895,309,586,國泰-敦南,2023-09-28,8888
00931B,統一美債20年,728,182,546,國泰-敦南,2023-09-28,8888
00772B,中信高評級公司債,689,183,506,國泰-敦南,2023-09-28,8888
2002,中鋼,617,209,408,國泰-敦南,2023-09-28,8888
00751B,元大AAA至A公司債,388,25,363,國泰-敦南,2023-09-28,8888
00665L,富邦�琤肭磪囓�2,1751,1442,309,國泰-敦南,2023-09-28,8888
2408,南亞科,376,108,268,國泰-敦南,2023-09-28,8888
00687B,國泰20年美債,561,329,232,國泰-敦南,2023-09-28,8888
00632R,元大台灣50反1,921,693,228,國泰-敦南,2023-09-28,8888
2344,華邦電,406,194,212,國泰-敦南,2023-09-28,8888
00795B,中信美國公債20年,209,16,193,國泰-敦南,2023-09-28,8888
2317,鴻海,232,43,189,國泰-敦南,2023-09-28,8888
2610,華航,401,224,177,國泰-敦南,2023-09-28,8888
2376,技嘉,795,633,162,國泰-敦南,2023-09-28,8888
00725B,國泰投資級公司債,151,0,151,國泰-敦南,2023-09-28,8888
2867,三商壽,215,71,144,國泰-敦南,2023-09-28,8888
2353,宏��,215,79,136,國泰-敦南,2023-09-28,8888
2538,基泰,376,247,129,國泰-敦南,2023-09-28,8888
00919,群益台灣精選高息,592,467,125,國泰-敦南,2023-09-28,8888
00864B,中信美國公債0-1,123,0,123,國泰-敦南,2023-09-28,8888
00719B,元大美債1-3,126,3,123,國泰-敦南,2023-09-28,8888
2542,興富發,121,1,120,國泰-敦南,2023-09-28,8888
2618,長榮航,343,226,117,國泰-敦南,2023-09-28,8888
2324,仁寶,221,118,103,國泰-敦南,2023-09-28,8888
3564,其陽,103,1,102,國泰-敦南,2023-09-28,8888
2316,楠梓電,352,250,102,國泰-敦南,2023-09-28,8888
006208,富邦台50,160,60,100,國泰-敦南,2023-09-28,8888
00688L,國泰20年美債正2,127,29,98,國泰-敦南,2023-09-28,8888
00773B,中信優先金融債,112,14,98,國泰-敦南,2023-09-28,8888
2201,裕隆,284,187,97,國泰-敦南,2023-09-28,8888
3715,定穎投控,4058,3964,94,國泰-敦南,2023-09-28,8888
2421,建準,328,234,94,國泰-敦南,2023-09-28,8888
2363,矽統,2290,2196,94,國泰-敦南,2023-09-28,8888
00753L,中信中國50正2,167,75,92,國泰-敦南,2023-09-28,8888
2449,京元電子,235,149,86,國泰-敦南,2023-09-28,8888
00722B,群益投資級電信債,83,3,80,國泰-敦南,2023-09-28,8888
1301,台塑,84,7,77,國泰-敦南,2023-09-28,8888
00670L,富邦NASDAQ正2,93,17,76,國泰-敦南,2023-09-28,8888
0050,元大台灣50,120,45,75,國泰-敦南,2023-09-28,8888
2388,威盛,439,367,72,國泰-敦南,2023-09-28,8888
00891,中信關鍵半導體,103,32,71,國泰-敦南,2023-09-28,8888
00923,群益台ESG低碳50,134,66,68,國泰-敦南,2023-09-28,8888
00673R,期元大S＆P原油反1,401,335,66,國泰-敦南,2023-09-28,8888
2892,第一金,81,15,66,國泰-敦南,2023-09-28,8888
00650L,復華香港正2,72,7,65,國泰-敦南,2023-09-28,8888
00738U,期元大道瓊白銀,66,1,65,國泰-敦南,2023-09-28,8888
00632R,元大台灣50反1,1596,555,1041,國泰-敦南,2023-10-02,8888
00929,復華台灣科技優息,2653,1802,851,國泰-敦南,2023-10-02,8888
00720B,元大投資級公司債,833,75,758,國泰-敦南,2023-10-02,8888
00772B,中信高評級公司債,744,33,711,國泰-敦南,2023-10-02,8888
00679B,元大美債20年,708,130,578,國泰-敦南,2023-10-02,8888
00931B,統一美債20年,618,147,471,國泰-敦南,2023-10-02,8888
00688L,國泰20年美債正2,414,3,411,國泰-敦南,2023-10-02,8888
3715,定穎投控,3232,2844,388,國泰-敦南,2023-10-02,8888
2363,矽統,1995,1632,363,國泰-敦南,2023-10-02,8888
2002,中鋼,538,198,340,國泰-敦南,2023-10-02,8888
00751B,元大AAA至A公司債,549,209,340,國泰-敦南,2023-10-02,8888
00687B,國泰20年美債,438,138,300,國泰-敦南,2023-10-02,8888
2618,長榮航,483,221,262,國泰-敦南,2023-10-02,8888
6122,擎邦,316,100,216,國泰-敦南,2023-10-02,8888
2409,友達,407,198,209,國泰-敦南,2023-10-02,8888
00722B,群益投資級電信債,192,9,183,國泰-敦南,2023-10-02,8888
00665L,富邦�琤肭磪囓�2,375,195,180,國泰-敦南,2023-10-02,8888
2883B,凱基金乙特,191,13,178,國泰-敦南,2023-10-02,8888
00773B,中信優先金融債,174,9,165,國泰-敦南,2023-10-02,8888
00715L,期街口布蘭特正2,185,25,160,國泰-敦南,2023-10-02,8888
4979,華星光,425,272,153,國泰-敦南,2023-10-02,8888
00725B,國泰投資級公司債,217,70,147,國泰-敦南,2023-10-02,8888
2332,友訊,271,124,147,國泰-敦南,2023-10-02,8888
2542,興富發,159,16,143,國泰-敦南,2023-10-02,8888
2882,國泰金,187,46,141,國泰-敦南,2023-10-02,8888
00795B,中信美國公債20年,158,33,125,國泰-敦南,2023-10-02,8888
2867,三商壽,171,52,119,國泰-敦南,2023-10-02,8888
2884,玉山金,194,81,113,國泰-敦南,2023-10-02,8888
2603,長榮,265,152,113,國泰-敦南,2023-10-02,8888
00712,復華富時不動產,720,608,112,國泰-敦南,2023-10-02,8888
2883,凱基金,173,65,108,國泰-敦南,2023-10-02,8888
00670L,富邦NASDAQ正2,126,19,107,國泰-敦南,2023-10-02,8888
1519,華城,311,205,106,國泰-敦南,2023-10-02,8888
2888,新光金,147,43,104,國泰-敦南,2023-10-02,8888
3481,群創,429,338,91,國泰-敦南,2023-10-02,8888
00922,國泰台灣領袖50,133,42,91,國泰-敦南,2023-10-02,8888
2605,新興,183,97,86,國泰-敦南,2023-10-02,8888
2324,仁寶,161,83,78,國泰-敦南,2023-10-02,8888
5465,富驊,380,306,74,國泰-敦南,2023-10-02,8888
2204,中華,123,51,72,國泰-敦南,2023-10-02,8888
2891,中信金,141,72,69,國泰-敦南,2023-10-02,8888
2356,英業達,1219,1150,69,國泰-敦南,2023-10-02,8888
2903,遠百,70,3,67,國泰-敦南,2023-10-02,8888
6285,啟��,126,61,65,國泰-敦南,2023-10-02,8888
2329,華泰,583,520,63,國泰-敦南,2023-10-02,8888
00674R,期元大S＆P黃金反1,70,7,63,國泰-敦南,2023-10-02,8888
00738U,期元大道瓊白銀,74,13,61,國泰-敦南,2023-10-02,8888
2208,台船,109,49,60,國泰-敦南,2023-10-02,8888
2201,裕隆,146,86,60,國泰-敦南,2023-10-02,8888
1815,富喬,1034,976,58,國泰-敦南,2023-10-02,8888
00929,復華台灣科技優息,4422,1382,3040,國泰-敦南,2023-10-03,8888
00712,復華富時不動產,2352,497,1855,國泰-敦南,2023-10-03,8888
00922,國泰台灣領袖50,1954,131,1823,國泰-敦南,2023-10-03,8888
00720B,元大投資級公司債,1875,121,1754,國泰-敦南,2023-10-03,8888
0056,元大高股息,2382,734,1648,國泰-敦南,2023-10-03,8888
00665L,富邦�琤肭磪囓�2,1992,819,1173,國泰-敦南,2023-10-03,8888
2409,友達,2405,1329,1076,國泰-敦南,2023-10-03,8888
00919,群益台灣精選高息,1392,416,976,國泰-敦南,2023-10-03,8888
00882,中信中國高股息,963,121,842,國泰-敦南,2023-10-03,8888
00753L,中信中國50正2,715,94,621,國泰-敦南,2023-10-03,8888
3231,緯創,2181,1560,621,國泰-敦南,2023-10-03,8888
00931B,統一美債20年,624,130,494,國泰-敦南,2023-10-03,8888
2002,中鋼,582,109,473,國泰-敦南,2023-10-03,8888
00673R,期元大S＆P原油反1,859,399,460,國泰-敦南,2023-10-03,8888
00772B,中信高評級公司債,509,80,429,國泰-敦南,2023-10-03,8888
2882,國泰金,408,41,367,國泰-敦南,2023-10-03,8888
2891,中信金,393,37,356,國泰-敦南,2023-10-03,8888
00751B,元大AAA至A公司債,419,63,356,國泰-敦南,2023-10-03,8888
1815,富喬,1381,1029,352,國泰-敦南,2023-10-03,8888
3481,群創,697,401,296,國泰-敦南,2023-10-03,8888
00687B,國泰20年美債,325,41,284,國泰-敦南,2023-10-03,8888
00679B,元大美債20年,544,291,253,國泰-敦南,2023-10-03,8888
1605,華新,288,45,243,國泰-敦南,2023-10-03,8888
2388,威盛,879,663,216,國泰-敦南,2023-10-03,8888
00888,永豐台灣ESG,245,30,215,國泰-敦南,2023-10-03,8888
00878,國泰永續高股息,1173,964,209,國泰-敦南,2023-10-03,8888
1522,堤維西,515,314,201,國泰-敦南,2023-10-03,8888
2402,毅嘉,504,308,196,國泰-敦南,2023-10-03,8888
2884,玉山金,297,106,191,國泰-敦南,2023-10-03,8888
00719B,元大美債1-3,194,4,190,國泰-敦南,2023-10-03,8888
00885,富邦越南,255,76,179,國泰-敦南,2023-10-03,8888
2883,凱基金,235,58,177,國泰-敦南,2023-10-03,8888
1513,中興電,288,112,176,國泰-敦南,2023-10-03,8888
2382,廣達,779,603,176,國泰-敦南,2023-10-03,8888
3325,旭品,1611,1437,174,國泰-敦南,2023-10-03,8888
00637L,元大滬深300正2,211,39,172,國泰-敦南,2023-10-03,8888
2834,臺企銀,213,43,170,國泰-敦南,2023-10-03,8888
3013,晟銘電,1026,866,160,國泰-敦南,2023-10-03,8888
2618,長榮航,640,481,159,國泰-敦南,2023-10-03,8888
00650L,復華香港正2,163,5,158,國泰-敦南,2023-10-03,8888
00907,永豐優息存股,213,61,152,國泰-敦南,2023-10-03,8888
2313,華通,434,287,147,國泰-敦南,2023-10-03,8888
2356,英業達,625,487,138,國泰-敦南,2023-10-03,8888
00795B,中信美國公債20年,148,13,135,國泰-敦南,2023-10-03,8888
2603,長榮,202,84,118,國泰-敦南,2023-10-03,8888
2885,元大金,125,8,117,國泰-敦南,2023-10-03,8888
6282,康舒,257,151,106,國泰-敦南,2023-10-03,8888
3032,偉訓,484,381,103,國泰-敦南,2023-10-03,8888
00631L,元大台灣50正2,119,17,102,國泰-敦南,2023-10-03,8888
2355,敬鵬,272,174,98,國泰-敦南,2023-10-03,8888
00712,復華富時不動產,3588,342,3246,國泰-敦南,2023-10-04,8888
00929,復華台灣科技優息,3963,1388,2575,國泰-敦南,2023-10-04,8888
00679B,元大美債20年,2232,729,1503,國泰-敦南,2023-10-04,8888
00720B,元大投資級公司債,1646,252,1394,國泰-敦南,2023-10-04,8888
00922,國泰台灣領袖50,1360,89,1271,國泰-敦南,2023-10-04,8888
00919,群益台灣精選高息,1591,397,1194,國泰-敦南,2023-10-04,8888
00687B,國泰20年美債,1366,263,1103,國泰-敦南,2023-10-04,8888
0056,元大高股息,1656,668,988,國泰-敦南,2023-10-04,8888
2891,中信金,961,64,897,國泰-敦南,2023-10-04,8888
2884,玉山金,936,113,823,國泰-敦南,2023-10-04,8888
2883,凱基金,926,144,782,國泰-敦南,2023-10-04,8888
00878,國泰永續高股息,1579,879,700,國泰-敦南,2023-10-04,8888
2303,聯電,571,59,512,國泰-敦南,2023-10-04,8888
00931B,統一美債20年,859,373,486,國泰-敦南,2023-10-04,8888
00772B,中信高評級公司債,984,499,485,國泰-敦南,2023-10-04,8888
00751B,元大AAA至A公司債,796,315,481,國泰-敦南,2023-10-04,8888
5880,合庫金,457,46,411,國泰-敦南,2023-10-04,8888
2002,中鋼,656,254,402,國泰-敦南,2023-10-04,8888
2409,友達,635,234,401,國泰-敦南,2023-10-04,8888
2888,新光金,510,126,384,國泰-敦南,2023-10-04,8888
2887,台新金,455,76,379,國泰-敦南,2023-10-04,8888
2892,第一金,395,30,365,國泰-敦南,2023-10-04,8888
0050,元大台灣50,369,30,339,國泰-敦南,2023-10-04,8888
3481,群創,571,251,320,國泰-敦南,2023-10-04,8888
2882,國泰金,382,90,292,國泰-敦南,2023-10-04,8888
00713,元大台灣高息低波,342,71,271,國泰-敦南,2023-10-04,8888
00719B,元大美債1-3,264,1,263,國泰-敦南,2023-10-04,8888
00907,永豐優息存股,327,73,254,國泰-敦南,2023-10-04,8888
3231,緯創,1109,867,242,國泰-敦南,2023-10-04,8888
2317,鴻海,281,39,242,國泰-敦南,2023-10-04,8888
00888,永豐台灣ESG,242,22,220,國泰-敦南,2023-10-04,8888
006208,富邦台50,254,43,211,國泰-敦南,2023-10-04,8888
1605,華新,314,106,208,國泰-敦南,2023-10-04,8888
2353,宏��,321,112,209,國泰-敦南,2023-10-04,8888
00795B,中信美國公債20年,292,88,204,國泰-敦南,2023-10-04,8888
2880,華南金,237,38,199,國泰-敦南,2023-10-04,8888
2538,基泰,911,714,197,國泰-敦南,2023-10-04,8888
00722B,群益投資級電信債,258,61,197,國泰-敦南,2023-10-04,8888
2330,台積電,210,16,194,國泰-敦南,2023-10-04,8888
1216,統一,202,12,190,國泰-敦南,2023-10-04,8888
2886,兆豐金,251,62,189,國泰-敦南,2023-10-04,8888
2881,富邦金,239,58,181,國泰-敦南,2023-10-04,8888
00671R,富邦NASDAQ反1,187,8,179,國泰-敦南,2023-10-04,8888
5434,崇越,180,3,177,國泰-敦南,2023-10-04,8888
00676R,富邦臺灣加權反1,175,0,175,國泰-敦南,2023-10-04,8888
00923,群益台ESG低碳50,204,31,173,國泰-敦南,2023-10-04,8888
00725B,國泰投資級公司債,181,13,168,國泰-敦南,2023-10-04,8888
3322,建舜電,416,257,159,國泰-敦南,2023-10-04,8888
3006,晶豪科,663,508,155,國泰-敦南,2023-10-04,8888
2885,元大金,191,41,150,國泰-敦南,2023-10-04,8888
00712,復華富時不動產,3926,271,3655,國泰-敦南,2023-10-05,8888
1815,富喬,2021,1333,688,國泰-敦南,2023-10-05,8888
00715L,期街口布蘭特正2,456,48,408,國泰-敦南,2023-10-05,8888
00720B,元大投資級公司債,440,65,375,國泰-敦南,2023-10-05,8888
00679B,元大美債20年,859,502,357,國泰-敦南,2023-10-05,8888
00922,國泰台灣領袖50,446,107,339,國泰-敦南,2023-10-05,8888
3715,定穎投控,3657,3344,313,國泰-敦南,2023-10-05,8888
00688L,國泰20年美債正2,333,59,274,國泰-敦南,2023-10-05,8888
00929,復華台灣科技優息,1508,1237,271,國泰-敦南,2023-10-05,8888
00882,中信中國高股息,322,60,262,國泰-敦南,2023-10-05,8888
2313,華通,554,313,241,國泰-敦南,2023-10-05,8888
2618,長榮航,1296,1070,226,國泰-敦南,2023-10-05,8888
2417,圓剛,1413,1198,215,國泰-敦南,2023-10-05,8888
00753L,中信中國50正2,383,179,204,國泰-敦南,2023-10-05,8888
0056,元大高股息,679,479,200,國泰-敦南,2023-10-05,8888
00719B,元大美債1-3,235,44,191,國泰-敦南,2023-10-05,8888
2105,正新,215,27,188,國泰-敦南,2023-10-05,8888
2888,新光金,251,66,185,國泰-敦南,2023-10-05,8888
1609,大亞,375,202,173,國泰-敦南,2023-10-05,8888
2883,凱基金,210,46,164,國泰-敦南,2023-10-05,8888
00665L,富邦�琤肭磪囓�2,1005,856,149,國泰-敦南,2023-10-05,8888
6288,聯嘉,516,380,136,國泰-敦南,2023-10-05,8888
00931B,統一美債20年,216,93,123,國泰-敦南,2023-10-05,8888
2002,中鋼,260,138,122,國泰-敦南,2023-10-05,8888
1101,台泥,200,79,121,國泰-敦南,2023-10-05,8888
2388,威盛,325,211,114,國泰-敦南,2023-10-05,8888
4979,華星光,308,194,114,國泰-敦南,2023-10-05,8888
00671R,富邦NASDAQ反1,113,0,113,國泰-敦南,2023-10-05,8888
00680L,元大美債20正2,261,150,111,國泰-敦南,2023-10-05,8888
2443,昶虹,135,26,109,國泰-敦南,2023-10-05,8888
1524,耿鼎,343,243,100,國泰-敦南,2023-10-05,8888
00756B,群益投等新興公債,94,0,94,國泰-敦南,2023-10-05,8888
1603,華電,297,205,92,國泰-敦南,2023-10-05,8888
00664R,國泰臺灣加權反1,92,2,90,國泰-敦南,2023-10-05,8888
6235,華孚,353,263,90,國泰-敦南,2023-10-05,8888
2358,廷鑫,101,17,84,國泰-敦南,2023-10-05,8888
2382,廣達,515,431,84,國泰-敦南,2023-10-05,8888
3037,欣興,110,27,83,國泰-敦南,2023-10-05,8888
3122,笙泉,794,711,83,國泰-敦南,2023-10-05,8888
00864B,中信美國公債0-1,80,0,80,國泰-敦南,2023-10-05,8888
2812,台中銀,93,13,80,國泰-敦南,2023-10-05,8888
8271,宇瞻,179,105,74,國泰-敦南,2023-10-05,8888
3013,晟銘電,942,868,74,國泰-敦南,2023-10-05,8888
6191,精成科,103,31,72,國泰-敦南,2023-10-05,8888
4564,元翎,155,85,70,國泰-敦南,2023-10-05,8888
9919,康那香,194,124,70,國泰-敦南,2023-10-05,8888
8936,國統,96,29,67,國泰-敦南,2023-10-05,8888
2538,基泰,1408,1341,67,國泰-敦南,2023-10-05,8888
3078,僑威,208,142,66,國泰-敦南,2023-10-05,8888
2911,麗嬰房,81,19,62,國泰-敦南,2023-10-05,8888
00929,復華台灣科技優息,4759,821,3938,國泰-敦南,2023-10-06,8888
00712,復華富時不動產,1829,190,1639,國泰-敦南,2023-10-06,8888
00919,群益台灣精選高息,889,227,662,國泰-敦南,2023-10-06,8888
00720B,元大投資級公司債,642,22,620,國泰-敦南,2023-10-06,8888
00922,國泰台灣領袖50,534,157,377,國泰-敦南,2023-10-06,8888
3276,宇環,593,255,338,國泰-敦南,2023-10-06,8888
2618,長榮航,651,334,317,國泰-敦南,2023-10-06,8888
3481,群創,623,326,297,國泰-敦南,2023-10-06,8888
0056,元大高股息,808,537,271,國泰-敦南,2023-10-06,8888
2409,友達,333,78,255,國泰-敦南,2023-10-06,8888
2363,矽統,1503,1249,254,國泰-敦南,2023-10-06,8888
00751B,元大AAA至A公司債,267,21,246,國泰-敦南,2023-10-06,8888
00673R,期元大S＆P原油反1,527,281,246,國泰-敦南,2023-10-06,8888
9105,泰金寶-DR,409,188,221,國泰-敦南,2023-10-06,8888
00687B,國泰20年美債,322,109,213,國泰-敦南,2023-10-06,8888
3231,緯創,1213,1006,207,國泰-敦南,2023-10-06,8888
00772B,中信高評級公司債,284,85,199,國泰-敦南,2023-10-06,8888
1815,富喬,712,540,172,國泰-敦南,2023-10-06,8888
00632R,元大台灣50反1,248,113,135,國泰-敦南,2023-10-06,8888
6122,擎邦,542,408,134,國泰-敦南,2023-10-06,8888
6191,精成科,242,117,125,國泰-敦南,2023-10-06,8888
3325,旭品,1020,901,119,國泰-敦南,2023-10-06,8888
2610,華航,339,221,118,國泰-敦南,2023-10-06,8888
2442,新美齊,353,241,112,國泰-敦南,2023-10-06,8888
00773B,中信優先金融債,109,1,108,國泰-敦南,2023-10-06,8888
00931B,統一美債20年,231,127,104,國泰-敦南,2023-10-06,8888
6451,訊芯-KY,466,362,104,國泰-敦南,2023-10-06,8888
2332,友訊,156,56,100,國泰-敦南,2023-10-06,8888
2402,毅嘉,210,118,92,國泰-敦南,2023-10-06,8888
00688L,國泰20年美債正2,107,17,90,國泰-敦南,2023-10-06,8888
2313,華通,357,267,90,國泰-敦南,2023-10-06,8888
6274,台燿,400,313,87,國泰-敦南,2023-10-06,8888
1324,地球,347,268,79,國泰-敦南,2023-10-06,8888
00725B,國泰投資級公司債,77,2,75,國泰-敦南,2023-10-06,8888
2301,光寶科,163,90,73,國泰-敦南,2023-10-06,8888
3037,欣興,117,48,69,國泰-敦南,2023-10-06,8888
2329,華泰,504,435,69,國泰-敦南,2023-10-06,8888
2002,中鋼,186,118,68,國泰-敦南,2023-10-06,8888
6139,亞翔,289,224,65,國泰-敦南,2023-10-06,8888
5258,虹堡,156,94,62,國泰-敦南,2023-10-06,8888
1616,億泰,89,27,62,國泰-敦南,2023-10-06,8888
6282,康舒,161,99,62,國泰-敦南,2023-10-06,8888
2388,威盛,174,116,58,國泰-敦南,2023-10-06,8888
6156,松上,86,29,57,國泰-敦南,2023-10-06,8888
2468,華經,599,543,56,國泰-敦南,2023-10-06,8888
3029,零壹,117,61,56,國泰-敦南,2023-10-06,8888
8046,南電,72,17,55,國泰-敦南,2023-10-06,8888
6288,聯嘉,325,271,54,國泰-敦南,2023-10-06,8888
2911,麗嬰房,62,9,53,國泰-敦南,2023-10-06,8888
2886,兆豐金,92,39,53,國泰-敦南,2023-10-06,8888
3231,緯創,3597,1533,2064,國泰-敦南,2023-10-11,8888
00919,群益台灣精選高息,2396,588,1808,國泰-敦南,2023-10-11,8888
00632R,元大台灣50反1,1894,415,1479,國泰-敦南,2023-10-11,8888
00720B,元大投資級公司債,1156,58,1098,國泰-敦南,2023-10-11,8888
0056,元大高股息,1754,1134,620,國泰-敦南,2023-10-11,8888
3715,定穎投控,3299,2745,554,國泰-敦南,2023-10-11,8888
00680L,元大美債20正2,584,92,492,國泰-敦南,2023-10-11,8888
2356,英業達,971,557,414,國泰-敦南,2023-10-11,8888
6120,達運,461,72,389,國泰-敦南,2023-10-11,8888
2618,長榮航,757,386,371,國泰-敦南,2023-10-11,8888
00712,復華富時不動產,878,517,361,國泰-敦南,2023-10-11,8888
2382,廣達,1155,853,302,國泰-敦南,2023-10-11,8888
2609,陽明,511,229,282,國泰-敦南,2023-10-11,8888
00679B,元大美債20年,373,115,258,國泰-敦南,2023-10-11,8888
2603,長榮,408,172,236,國泰-敦南,2023-10-11,8888
3325,旭品,469,243,226,國泰-敦南,2023-10-11,8888
00715L,期街口布蘭特正2,387,190,197,國泰-敦南,2023-10-11,8888
2002,中鋼,351,170,181,國泰-敦南,2023-10-11,8888
3122,笙泉,729,547,182,國泰-敦南,2023-10-11,8888
2610,華航,346,173,173,國泰-敦南,2023-10-11,8888
2340,台亞,312,148,164,國泰-敦南,2023-10-11,8888
8105,凌巨,161,0,161,國泰-敦南,2023-10-11,8888
2376,技嘉,728,591,137,國泰-敦南,2023-10-11,8888
1616,億泰,151,25,126,國泰-敦南,2023-10-11,8888
00772B,中信高評級公司債,199,74,125,國泰-敦南,2023-10-11,8888
2515,中工,159,35,124,國泰-敦南,2023-10-11,8888
00751B,元大AAA至A公司債,217,93,124,國泰-敦南,2023-10-11,8888
1815,富喬,537,418,119,國泰-敦南,2023-10-11,8888
6122,擎邦,306,190,116,國泰-敦南,2023-10-11,8888
2838,聯邦銀,109,7,102,國泰-敦南,2023-10-11,8888
00642U,期元大S＆P石油,153,51,102,國泰-敦南,2023-10-11,8888
3234,光環,142,41,101,國泰-敦南,2023-10-11,8888
6288,聯嘉,199,99,100,國泰-敦南,2023-10-11,8888
2637,慧洋-KY,121,24,97,國泰-敦南,2023-10-11,8888
00687B,國泰20年美債,132,36,96,國泰-敦南,2023-10-11,8888
1504,東元,169,73,96,國泰-敦南,2023-10-11,8888
00722B,群益投資級電信債,108,13,95,國泰-敦南,2023-10-11,8888
3051,力特,174,86,88,國泰-敦南,2023-10-11,8888
2014,中鴻,112,25,87,國泰-敦南,2023-10-11,8888
2353,宏��,259,173,86,國泰-敦南,2023-10-11,8888
2634,漢翔,371,287,84,國泰-敦南,2023-10-11,8888
2388,威盛,419,336,83,國泰-敦南,2023-10-11,8888
3706,神達,268,186,82,國泰-敦南,2023-10-11,8888
6282,康舒,230,150,80,國泰-敦南,2023-10-11,8888
3322,建舜電,145,68,77,國泰-敦南,2023-10-11,8888
3013,晟銘電,888,811,77,國泰-敦南,2023-10-11,8888
3217,優群,94,20,74,國泰-敦南,2023-10-11,8888
2605,新興,229,155,74,國泰-敦南,2023-10-11,8888
1802,台玻,127,53,74,國泰-敦南,2023-10-11,8888
8088,品安,110,37,73,國泰-敦南,2023-10-11,8888
00929,復華台灣科技優息,1918,996,922,國泰-敦南,2023-10-12,8888
00632R,元大台灣50反1,1316,576,740,國泰-敦南,2023-10-12,8888
00919,群益台灣精選高息,1043,506,537,國泰-敦南,2023-10-12,8888
00712,復華富時不動產,999,572,427,國泰-敦南,2023-10-12,8888
00720B,元大投資級公司債,441,45,396,國泰-敦南,2023-10-12,8888
00922,國泰台灣領袖50,461,202,259,國泰-敦南,2023-10-12,8888
00679B,元大美債20年,394,146,248,國泰-敦南,2023-10-12,8888
00751B,元大AAA至A公司債,301,54,247,國泰-敦南,2023-10-12,8888
2363,矽統,5183,4948,235,國泰-敦南,2023-10-12,8888
00687B,國泰20年美債,290,82,208,國泰-敦南,2023-10-12,8888
00715L,期街口布蘭特正2,337,165,172,國泰-敦南,2023-10-12,8888
2356,英業達,520,364,156,國泰-敦南,2023-10-12,8888
00676R,富邦臺灣加權反1,132,2,130,國泰-敦南,2023-10-12,8888
2382,廣達,921,795,126,國泰-敦南,2023-10-12,8888
2352,佳世達,213,100,113,國泰-敦南,2023-10-12,8888
1815,富喬,353,248,105,國泰-敦南,2023-10-12,8888
2605,新興,145,40,105,國泰-敦南,2023-10-12,8888
6274,台燿,223,119,104,國泰-敦南,2023-10-12,8888
2515,中工,112,10,102,國泰-敦南,2023-10-12,8888
2002,中鋼,190,89,101,國泰-敦南,2023-10-12,8888
0056,元大高股息,697,611,86,國泰-敦南,2023-10-12,8888
1519,華城,366,287,79,國泰-敦南,2023-10-12,8888
3322,建舜電,170,97,73,國泰-敦南,2023-10-12,8888
00772B,中信高評級公司債,133,63,70,國泰-敦南,2023-10-12,8888
1802,台玻,157,96,61,國泰-敦南,2023-10-12,8888
00671R,富邦NASDAQ反1,55,0,55,國泰-敦南,2023-10-12,8888
8088,品安,77,23,54,國泰-敦南,2023-10-12,8888
00795B,中信美國公債20年,63,10,53,國泰-敦南,2023-10-12,8888
3013,晟銘電,685,632,53,國泰-敦南,2023-10-12,8888
3056,富華新,60,13,47,國泰-敦南,2023-10-12,8888
3037,欣興,77,32,45,國泰-敦南,2023-10-12,8888
00722B,群益投資級電信債,57,13,44,國泰-敦南,2023-10-12,8888
5009,榮剛,69,25,44,國泰-敦南,2023-10-12,8888
00640L,富邦日本正2,42,0,42,國泰-敦南,2023-10-12,8888
2630,亞航,74,34,40,國泰-敦南,2023-10-12,8888
2615,萬海,62,23,39,國泰-敦南,2023-10-12,8888
5348,正能量智能,50,11,39,國泰-敦南,2023-10-12,8888
1603,華電,268,229,39,國泰-敦南,2023-10-12,8888
9105,泰金寶-DR,54,16,38,國泰-敦南,2023-10-12,8888
4714,永捷,51,13,38,國泰-敦南,2023-10-12,8888
5521,工信,68,31,37,國泰-敦南,2023-10-12,8888
2516,新建,63,28,35,國泰-敦南,2023-10-12,8888
2014,中鴻,103,68,35,國泰-敦南,2023-10-12,8888
2316,楠梓電,51,16,35,國泰-敦南,2023-10-12,8888
2324,仁寶,122,88,34,國泰-敦南,2023-10-12,8888
00905,FT臺灣Smart,80,46,34,國泰-敦南,2023-10-12,8888
2312,金寶,57,24,33,國泰-敦南,2023-10-12,8888
00653L,富邦印度正2,37,4,33,國泰-敦南,2023-10-12,8888
8093,保銳,37,4,33,國泰-敦南,2023-10-12,8888
9904,寶成,45,12,33,國泰-敦南,2023-10-12,8888
0056,元大高股息,2861,179,2682,國泰-敦南,2023-10-13,8888
00878,國泰永續高股息,2877,581,2296,國泰-敦南,2023-10-13,8888
3231,緯創,2065,974,1091,國泰-敦南,2023-10-13,8888
00919,群益台灣精選高息,1332,283,1049,國泰-敦南,2023-10-13,8888
00720B,元大投資級公司債,823,55,768,國泰-敦南,2023-10-13,8888
00680L,元大美債20正2,828,145,683,國泰-敦南,2023-10-13,8888
00712,復華富時不動產,1117,457,660,國泰-敦南,2023-10-13,8888
2382,廣達,1395,822,573,國泰-敦南,2023-10-13,8888
00751B,元大AAA至A公司債,504,54,450,國泰-敦南,2023-10-13,8888
2618,長榮航,526,97,429,國泰-敦南,2023-10-13,8888
2363,矽統,8390,7987,403,國泰-敦南,2023-10-13,8888
00931B,統一美債20年,422,39,383,國泰-敦南,2023-10-13,8888
00687B,國泰20年美債,346,7,339,國泰-敦南,2023-10-13,8888
00922,國泰台灣領袖50,684,358,326,國泰-敦南,2023-10-13,8888
00679B,元大美債20年,472,152,320,國泰-敦南,2023-10-13,8888
00637L,元大滬深300正2,340,37,303,國泰-敦南,2023-10-13,8888
00772B,中信高評級公司債,337,37,300,國泰-敦南,2023-10-13,8888
2344,華邦電,483,211,272,國泰-敦南,2023-10-13,8888
3715,定穎投控,2526,2282,244,國泰-敦南,2023-10-13,8888
2610,華航,340,104,236,國泰-敦南,2023-10-13,8888
2301,光寶科,380,154,226,國泰-敦南,2023-10-13,8888
00915,凱基優選高股息30,223,7,216,國泰-敦南,2023-10-13,8888
2324,仁寶,371,163,208,國泰-敦南,2023-10-13,8888
00795B,中信美國公債20年,193,15,178,國泰-敦南,2023-10-13,8888
2376,技嘉,536,372,164,國泰-敦南,2023-10-13,8888
00929,復華台灣科技優息,1693,1531,162,國泰-敦南,2023-10-13,8888
00688L,國泰20年美債正2,175,24,151,國泰-敦南,2023-10-13,8888
2356,英業達,758,611,147,國泰-敦南,2023-10-13,8888
1603,華電,365,219,146,國泰-敦南,2023-10-13,8888
00905,FT臺灣Smart,194,60,134,國泰-敦南,2023-10-13,8888
00882,中信中國高股息,217,89,128,國泰-敦南,2023-10-13,8888
4979,華星光,914,789,125,國泰-敦南,2023-10-13,8888
00722B,群益投資級電信債,159,35,124,國泰-敦南,2023-10-13,8888
00932,兆豐永續高息等權,148,28,120,國泰-敦南,2023-10-13,8888
1101,台泥,206,88,118,國泰-敦南,2023-10-13,8888
2881,富邦金,140,25,115,國泰-敦南,2023-10-13,8888
3481,群創,206,93,113,國泰-敦南,2023-10-13,8888
3037,欣興,175,63,112,國泰-敦南,2023-10-13,8888
00713,元大台灣高息低波,139,27,112,國泰-敦南,2023-10-13,8888
2609,陽明,198,91,107,國泰-敦南,2023-10-13,8888
9105,泰金寶-DR,137,31,106,國泰-敦南,2023-10-13,8888
1319,東陽,436,334,102,國泰-敦南,2023-10-13,8888
6284,佳邦,452,357,95,國泰-敦南,2023-10-13,8888
3025,星通,608,513,95,國泰-敦南,2023-10-13,8888
1905,華紙,311,222,89,國泰-敦南,2023-10-13,8888
2882,國泰金,160,75,85,國泰-敦南,2023-10-13,8888
8996,高力,126,41,85,國泰-敦南,2023-10-13,8888
3576,聯合再生,97,14,83,國泰-敦南,2023-10-13,8888
2002,中鋼,224,141,83,國泰-敦南,2023-10-13,8888
1605,華新,152,72,80,國泰-敦南,2023-10-13,8888
00929,復華台灣科技優息,4020,1388,2632,國泰-敦南,2023-10-16,8888
00712,復華富時不動產,2606,143,2463,國泰-敦南,2023-10-16,8888
0056,元大高股息,2505,228,2277,國泰-敦南,2023-10-16,8888
00919,群益台灣精選高息,1896,621,1275,國泰-敦南,2023-10-16,8888
00922,國泰台灣領袖50,1369,161,1208,國泰-敦南,2023-10-16,8888
2344,華邦電,1213,286,927,國泰-敦南,2023-10-16,8888
00878,國泰永續高股息,1589,718,871,國泰-敦南,2023-10-16,8888
2515,中工,3217,2391,826,國泰-敦南,2023-10-16,8888
2363,矽統,5571,4809,762,國泰-敦南,2023-10-16,8888
2618,長榮航,1300,630,670,國泰-敦南,2023-10-16,8888
1314,中石化,2181,1650,531,國泰-敦南,2023-10-16,8888
2610,華航,765,250,515,國泰-敦南,2023-10-16,8888
00720B,元大投資級公司債,447,55,392,國泰-敦南,2023-10-16,8888
00665L,富邦�琤肭磪囓�2,1303,951,352,國泰-敦南,2023-10-16,8888
2201,裕隆,902,560,342,國泰-敦南,2023-10-16,8888
2516,新建,294,54,240,國泰-敦南,2023-10-16,8888
1605,華新,419,199,220,國泰-敦南,2023-10-16,8888
3231,緯創,1407,1192,215,國泰-敦南,2023-10-16,8888
1301,台塑,216,17,199,國泰-敦南,2023-10-16,8888
3706,神達,520,336,184,國泰-敦南,2023-10-16,8888
2867,三商壽,169,8,161,國泰-敦南,2023-10-16,8888
2390,云辰,168,19,149,國泰-敦南,2023-10-16,8888
1815,富喬,492,348,144,國泰-敦南,2023-10-16,8888
2324,仁寶,254,110,144,國泰-敦南,2023-10-16,8888
00679B,元大美債20年,266,123,143,國泰-敦南,2023-10-16,8888
2206,三陽工業,190,47,143,國泰-敦南,2023-10-16,8888
2812,台中銀,228,88,140,國泰-敦南,2023-10-16,8888
4908,前鼎,1138,1007,131,國泰-敦南,2023-10-16,8888
00907,永豐優息存股,130,6,124,國泰-敦南,2023-10-16,8888
2425,承啟,277,153,124,國泰-敦南,2023-10-16,8888
9105,泰金寶-DR,171,49,122,國泰-敦南,2023-10-16,8888
4503,金雨,390,271,119,國泰-敦南,2023-10-16,8888
00905,FT臺灣Smart,132,23,109,國泰-敦南,2023-10-16,8888
3481,群創,274,167,107,國泰-敦南,2023-10-16,8888
00751B,元大AAA至A公司債,166,60,106,國泰-敦南,2023-10-16,8888
3363,上詮,574,471,103,國泰-敦南,2023-10-16,8888
8996,高力,204,105,99,國泰-敦南,2023-10-16,8888
3715,定穎投控,1839,1740,99,國泰-敦南,2023-10-16,8888
00902,中信電池及儲能,117,25,92,國泰-敦南,2023-10-16,8888
00888,永豐台灣ESG,123,33,90,國泰-敦南,2023-10-16,8888
8105,凌巨,94,12,82,國泰-敦南,2023-10-16,8888
2409,友達,131,51,80,國泰-敦南,2023-10-16,8888
1524,耿鼎,197,117,80,國泰-敦南,2023-10-16,8888
00772B,中信高評級公司債,118,42,76,國泰-敦南,2023-10-16,8888
2486,一詮,228,152,76,國泰-敦南,2023-10-16,8888
00637L,元大滬深300正2,128,53,75,國泰-敦南,2023-10-16,8888
2888,新光金,135,63,72,國泰-敦南,2023-10-16,8888
3052,夆典,72,5,67,國泰-敦南,2023-10-16,8888
5347,世界,109,42,67,國泰-敦南,2023-10-16,8888
6770,力積電,270,205,65,國泰-敦南,2023-10-16,8888
0056,元大高股息,5173,576,4597,國泰-敦南,2023-10-17,8888
00878,國泰永續高股息,3069,1077,1992,國泰-敦南,2023-10-17,8888
00687B,國泰20年美債,1607,73,1534,國泰-敦南,2023-10-17,8888
00720B,元大投資級公司債,1248,15,1233,國泰-敦南,2023-10-17,8888
00929,復華台灣科技優息,2571,1386,1185,國泰-敦南,2023-10-17,8888
00931B,統一美債20年,749,72,677,國泰-敦南,2023-10-17,8888
3715,定穎投控,2994,2348,646,國泰-敦南,2023-10-17,8888
3231,緯創,2936,2306,630,國泰-敦南,2023-10-17,8888
00922,國泰台灣領袖50,785,163,622,國泰-敦南,2023-10-17,8888
00680L,元大美債20正2,661,77,584,國泰-敦南,2023-10-17,8888
2618,長榮航,1143,598,545,國泰-敦南,2023-10-17,8888
00751B,元大AAA至A公司債,558,71,487,國泰-敦南,2023-10-17,8888
2610,華航,636,189,447,國泰-敦南,2023-10-17,8888
3481,群創,627,186,441,國泰-敦南,2023-10-17,8888
00753L,中信中國50正2,493,52,441,國泰-敦南,2023-10-17,8888
00679B,元大美債20年,524,125,399,國泰-敦南,2023-10-17,8888
00772B,中信高評級公司債,386,43,343,國泰-敦南,2023-10-17,8888
2891,中信金,434,165,269,國泰-敦南,2023-10-17,8888
00857B,永豐20年美公債,264,17,247,國泰-敦南,2023-10-17,8888
00919,群益台灣精選高息,906,660,246,國泰-敦南,2023-10-17,8888
2352,佳世達,252,70,182,國泰-敦南,2023-10-17,8888
00722B,群益投資級電信債,203,40,163,國泰-敦南,2023-10-17,8888
1815,富喬,421,283,138,國泰-敦南,2023-10-17,8888
00795B,中信美國公債20年,143,6,137,國泰-敦南,2023-10-17,8888
4306,炎洲,142,8,134,國泰-敦南,2023-10-17,8888
3576,聯合再生,153,24,129,國泰-敦南,2023-10-17,8888
1504,東元,168,42,126,國泰-敦南,2023-10-17,8888
00725B,國泰投資級公司債,130,10,120,國泰-敦南,2023-10-17,8888
00671R,富邦NASDAQ反1,169,50,119,國泰-敦南,2023-10-17,8888
2449,京元電子,584,465,119,國泰-敦南,2023-10-17,8888
5324,士開,137,20,117,國泰-敦南,2023-10-17,8888
00905,FT臺灣Smart,131,25,106,國泰-敦南,2023-10-17,8888
2888,新光金,219,114,105,國泰-敦南,2023-10-17,8888
1905,華紙,416,311,105,國泰-敦南,2023-10-17,8888
2002,中鋼,215,113,102,國泰-敦南,2023-10-17,8888
00642U,期元大S＆P石油,124,31,93,國泰-敦南,2023-10-17,8888
2201,裕隆,319,228,91,國泰-敦南,2023-10-17,8888
8054,安國,561,471,90,國泰-敦南,2023-10-17,8888
2867,三商壽,111,23,88,國泰-敦南,2023-10-17,8888
2382,廣達,689,601,88,國泰-敦南,2023-10-17,8888
3078,僑威,300,213,87,國泰-敦南,2023-10-17,8888
3363,上詮,540,460,80,國泰-敦南,2023-10-17,8888
00673R,期元大S＆P原油反1,233,154,79,國泰-敦南,2023-10-17,8888
4979,華星光,572,494,78,國泰-敦南,2023-10-17,8888
2363,矽統,8439,8365,74,國泰-敦南,2023-10-17,8888
4960,誠美材,339,266,73,國泰-敦南,2023-10-17,8888
1513,中興電,112,41,71,國泰-敦南,2023-10-17,8888
3682,亞太電,70,1,69,國泰-敦南,2023-10-17,8888
2515,中工,1790,1722,68,國泰-敦南,2023-10-17,8888
1609,大亞,141,76,65,國泰-敦南,2023-10-17,8888
00878,國泰永續高股息,7011,1584,5427,國泰-敦南,2023-10-18,8888
0056,元大高股息,6077,761,5316,國泰-敦南,2023-10-18,8888
00929,復華台灣科技優息,6278,1296,4982,國泰-敦南,2023-10-18,8888
00922,國泰台灣領袖50,4570,642,3928,國泰-敦南,2023-10-18,8888
00919,群益台灣精選高息,2619,513,2106,國泰-敦南,2023-10-18,8888
00687B,國泰20年美債,1003,43,960,國泰-敦南,2023-10-18,8888
00720B,元大投資級公司債,762,85,677,國泰-敦南,2023-10-18,8888
2002,中鋼,638,134,504,國泰-敦南,2023-10-18,8888
00931B,統一美債20年,476,39,437,國泰-敦南,2023-10-18,8888
00932,兆豐永續高息等權,446,26,420,國泰-敦南,2023-10-18,8888
1101,台泥,648,248,400,國泰-敦南,2023-10-18,8888
00679B,元大美債20年,499,132,367,國泰-敦南,2023-10-18,8888
2618,長榮航,745,403,342,國泰-敦南,2023-10-18,8888
1815,富喬,706,370,336,國泰-敦南,2023-10-18,8888
6168,宏齊,1758,1425,333,國泰-敦南,2023-10-18,8888
00751B,元大AAA至A公司債,343,32,311,國泰-敦南,2023-10-18,8888
2388,威盛,2087,1780,307,國泰-敦南,2023-10-18,8888
00712,復華富時不動產,765,464,301,國泰-敦南,2023-10-18,8888
00722B,群益投資級電信債,312,20,292,國泰-敦南,2023-10-18,8888
2344,華邦電,406,154,252,國泰-敦南,2023-10-18,8888
2382,廣達,991,761,230,國泰-敦南,2023-10-18,8888
3481,群創,325,123,202,國泰-敦南,2023-10-18,8888
2610,華航,617,423,194,國泰-敦南,2023-10-18,8888
00772B,中信高評級公司債,339,146,193,國泰-敦南,2023-10-18,8888
00888,永豐台灣ESG,227,37,190,國泰-敦南,2023-10-18,8888
00680L,元大美債20正2,225,46,179,國泰-敦南,2023-10-18,8888
1102,亞泥,232,55,177,國泰-敦南,2023-10-18,8888
00905,FT臺灣Smart,178,12,166,國泰-敦南,2023-10-18,8888
00725B,國泰投資級公司債,148,2,146,國泰-敦南,2023-10-18,8888
1471,首利,259,119,140,國泰-敦南,2023-10-18,8888
2409,友達,211,78,133,國泰-敦南,2023-10-18,8888
00631L,元大台灣50正2,150,29,121,國泰-敦南,2023-10-18,8888
00713,元大台灣高息低波,334,217,117,國泰-敦南,2023-10-18,8888
3037,欣興,203,87,116,國泰-敦南,2023-10-18,8888
3276,宇環,198,101,97,國泰-敦南,2023-10-18,8888
020039,元大加權N,95,1,94,國泰-敦南,2023-10-18,8888
00885,富邦越南,224,130,94,國泰-敦南,2023-10-18,8888
3588,通嘉,704,611,93,國泰-敦南,2023-10-18,8888
3715,定穎投控,2854,2764,90,國泰-敦南,2023-10-18,8888
2317,鴻海,146,60,86,國泰-敦南,2023-10-18,8888
0050,元大台灣50,117,31,86,國泰-敦南,2023-10-18,8888
2486,一詮,234,150,84,國泰-敦南,2023-10-18,8888
00675L,富邦臺灣加權正2,102,18,84,國泰-敦南,2023-10-18,8888
2883B,凱基金乙特,84,2,82,國泰-敦南,2023-10-18,8888
1802,台玻,142,60,82,國泰-敦南,2023-10-18,8888
3682,亞太電,84,2,82,國泰-敦南,2023-10-18,8888
3346,麗清,113,33,80,國泰-敦南,2023-10-18,8888
2401,凌陽,348,269,79,國泰-敦南,2023-10-18,8888
3094,聯傑,389,311,78,國泰-敦南,2023-10-18,8888
2405,輔信,97,21,76,國泰-敦南,2023-10-18,8888
0056,元大高股息,4318,716,3602,國泰-敦南,2023-10-19,8888
00878,國泰永續高股息,4514,1139,3375,國泰-敦南,2023-10-19,8888
00933B,國泰10Y+金融債,2915,104,2811,國泰-敦南,2023-10-19,8888
00712,復華富時不動產,1717,137,1580,國泰-敦南,2023-10-19,8888
00929,復華台灣科技優息,2641,1126,1515,國泰-敦南,2023-10-19,8888
00720B,元大投資級公司債,1428,116,1312,國泰-敦南,2023-10-19,8888
00687B,國泰20年美債,1560,286,1274,國泰-敦南,2023-10-19,8888
00922,國泰台灣領袖50,1551,486,1065,國泰-敦南,2023-10-19,8888
00665L,富邦�琤肭磪囓�2,1392,485,907,國泰-敦南,2023-10-19,8888
00751B,元大AAA至A公司債,929,61,868,國泰-敦南,2023-10-19,8888
00753L,中信中國50正2,841,191,650,國泰-敦南,2023-10-19,8888
00772B,中信高評級公司債,710,102,608,國泰-敦南,2023-10-19,8888
00931B,統一美債20年,709,129,580,國泰-敦南,2023-10-19,8888
00679B,元大美債20年,821,282,539,國泰-敦南,2023-10-19,8888
1101,台泥,649,149,500,國泰-敦南,2023-10-19,8888
2317,鴻海,503,52,451,國泰-敦南,2023-10-19,8888
00632R,元大台灣50反1,797,362,435,國泰-敦南,2023-10-19,8888
00919,群益台灣精選高息,985,658,327,國泰-敦南,2023-10-19,8888
00893,國泰智能電動車,423,109,314,國泰-敦南,2023-10-19,8888
00680L,元大美債20正2,685,395,290,國泰-敦南,2023-10-19,8888
00795B,中信美國公債20年,303,19,284,國泰-敦南,2023-10-19,8888
00902,中信電池及儲能,303,20,283,國泰-敦南,2023-10-19,8888
00637L,元大滬深300正2,520,247,273,國泰-敦南,2023-10-19,8888
00722B,群益投資級電信債,323,60,263,國泰-敦南,2023-10-19,8888
2002,中鋼,318,60,258,國泰-敦南,2023-10-19,8888
00688L,國泰20年美債正2,309,94,215,國泰-敦南,2023-10-19,8888
00725B,國泰投資級公司債,217,3,214,國泰-敦南,2023-10-19,8888
2888,新光金,280,69,211,國泰-敦南,2023-10-19,8888
3481,群創,372,176,196,國泰-敦南,2023-10-19,8888
00885,富邦越南,456,273,183,國泰-敦南,2023-10-19,8888
00882,中信中國高股息,275,108,167,國泰-敦南,2023-10-19,8888
00907,永豐優息存股,173,19,154,國泰-敦南,2023-10-19,8888
6530,創威,1239,1095,144,國泰-敦南,2023-10-19,8888
00857B,永豐20年美公債,136,1,135,國泰-敦南,2023-10-19,8888
2409,友達,200,72,128,國泰-敦南,2023-10-19,8888
00773B,中信優先金融債,137,11,126,國泰-敦南,2023-10-19,8888
00932,兆豐永續高息等權,142,17,125,國泰-敦南,2023-10-19,8888
5880,合庫金,143,18,125,國泰-敦南,2023-10-19,8888
00713,元大台灣高息低波,185,62,123,國泰-敦南,2023-10-19,8888
5521,工信,187,65,122,國泰-敦南,2023-10-19,8888
6274,台燿,300,184,116,國泰-敦南,2023-10-19,8888
2892,第一金,141,25,116,國泰-敦南,2023-10-19,8888
00830,國泰費城半導體,115,2,113,國泰-敦南,2023-10-19,8888
2885,元大金,113,12,101,國泰-敦南,2023-10-19,8888
00895,富邦未來車,100,4,96,國泰-敦南,2023-10-19,8888
4908,前鼎,1467,1376,91,國泰-敦南,2023-10-19,8888
2356,英業達,471,385,86,國泰-敦南,2023-10-19,8888
2884,玉山金,128,49,79,國泰-敦南,2023-10-19,8888
2610,華航,324,245,79,國泰-敦南,2023-10-19,8888
3588,通嘉,213,136,77,國泰-敦南,2023-10-19,8888
00712,復華富時不動產,5170,898,4272,國泰-敦南,2023-10-20,8888
00929,復華台灣科技優息,4376,1057,3319,國泰-敦南,2023-10-20,8888
00878,國泰永續高股息,5281,2716,2565,國泰-敦南,2023-10-20,8888
0056,元大高股息,2370,1296,1074,國泰-敦南,2023-10-20,8888
00919,群益台灣精選高息,1452,415,1037,國泰-敦南,2023-10-20,8888
00687B,國泰20年美債,783,141,642,國泰-敦南,2023-10-20,8888
00720B,元大投資級公司債,675,81,594,國泰-敦南,2023-10-20,8888
2888,新光金,673,98,575,國泰-敦南,2023-10-20,8888
2002,中鋼,657,96,561,國泰-敦南,2023-10-20,8888
2891,中信金,655,159,496,國泰-敦南,2023-10-20,8888
00933B,國泰10Y+金融債,763,292,471,國泰-敦南,2023-10-20,8888
2303,聯電,1996,1535,461,國泰-敦南,2023-10-20,8888
00751B,元大AAA至A公司債,511,76,435,國泰-敦南,2023-10-20,8888
00922,國泰台灣領袖50,717,312,405,國泰-敦南,2023-10-20,8888
2887,台新金,456,75,381,國泰-敦南,2023-10-20,8888
00688L,國泰20年美債正2,516,198,318,國泰-敦南,2023-10-20,8888
2883,凱基金,506,201,305,國泰-敦南,2023-10-20,8888
2618,長榮航,479,223,256,國泰-敦南,2023-10-20,8888
00882,中信中國高股息,338,92,246,國泰-敦南,2023-10-20,8888
00679B,元大美債20年,468,229,239,國泰-敦南,2023-10-20,8888
2884,玉山金,368,133,235,國泰-敦南,2023-10-20,8888
00907,永豐優息存股,252,41,211,國泰-敦南,2023-10-20,8888
2885,元大金,270,62,208,國泰-敦南,2023-10-20,8888
2886,兆豐金,269,99,170,國泰-敦南,2023-10-20,8888
00713,元大台灣高息低波,263,95,168,國泰-敦南,2023-10-20,8888
00673R,期元大S＆P原油反1,205,47,158,國泰-敦南,2023-10-20,8888
6770,力積電,323,165,158,國泰-敦南,2023-10-20,8888
2449,京元電子,1251,1099,152,國泰-敦南,2023-10-20,8888
00932,兆豐永續高息等權,156,5,151,國泰-敦南,2023-10-20,8888
5880,合庫金,168,20,148,國泰-敦南,2023-10-20,8888
6235,華孚,222,76,146,國泰-敦南,2023-10-20,8888
1324,地球,727,581,146,國泰-敦南,2023-10-20,8888
2881,富邦金,244,103,141,國泰-敦南,2023-10-20,8888
1101,台泥,188,55,133,國泰-敦南,2023-10-20,8888
5309,系統電,148,16,132,國泰-敦南,2023-10-20,8888
00795B,中信美國公債20年,150,18,132,國泰-敦南,2023-10-20,8888
3122,笙泉,1146,1021,125,國泰-敦南,2023-10-20,8888
00665L,富邦�琤肭磪囓�2,804,682,122,國泰-敦南,2023-10-20,8888
00902,中信電池及儲能,169,50,119,國泰-敦南,2023-10-20,8888
2388,威盛,724,609,115,國泰-敦南,2023-10-20,8888
2892,第一金,255,141,114,國泰-敦南,2023-10-20,8888
1605,華新,167,53,114,國泰-敦南,2023-10-20,8888
00857B,永豐20年美公債,114,2,112,國泰-敦南,2023-10-20,8888
00772B,中信高評級公司債,266,156,110,國泰-敦南,2023-10-20,8888
2882,國泰金,283,174,109,國泰-敦南,2023-10-20,8888
00722B,群益投資級電信債,128,23,105,國泰-敦南,2023-10-20,8888
2317,鴻海,180,82,98,國泰-敦南,2023-10-20,8888
00708L,期元大S＆P黃金正2,100,3,97,國泰-敦南,2023-10-20,8888
00725B,國泰投資級公司債,107,10,97,國泰-敦南,2023-10-20,8888
00662,富邦NASDAQ,95,2,93,國泰-敦南,2023-10-20,8888
00929,復華台灣科技優息,5466,933,4533,國泰-敦南,2023-10-23,8888
00712,復華富時不動產,4499,253,4246,國泰-敦南,2023-10-23,8888
00878,國泰永續高股息,3816,1547,2269,國泰-敦南,2023-10-23,8888
00919,群益台灣精選高息,1955,440,1515,國泰-敦南,2023-10-23,8888
2317,鴻海,1356,169,1187,國泰-敦南,2023-10-23,8888
00922,國泰台灣領袖50,949,131,818,國泰-敦南,2023-10-23,8888
0056,元大高股息,1607,981,626,國泰-敦南,2023-10-23,8888
00687B,國泰20年美債,796,236,560,國泰-敦南,2023-10-23,8888
00720B,元大投資級公司債,591,36,555,國泰-敦南,2023-10-23,8888
00751B,元大AAA至A公司債,656,104,552,國泰-敦南,2023-10-23,8888
00679B,元大美債20年,586,107,479,國泰-敦南,2023-10-23,8888
2891,中信金,430,52,378,國泰-敦南,2023-10-23,8888
00882,中信中國高股息,443,82,361,國泰-敦南,2023-10-23,8888
2002,中鋼,437,84,353,國泰-敦南,2023-10-23,8888
3481,群創,572,252,320,國泰-敦南,2023-10-23,8888
00753L,中信中國50正2,373,103,270,國泰-敦南,2023-10-23,8888
00933B,國泰10Y+金融債,632,365,267,國泰-敦南,2023-10-23,8888
00772B,中信高評級公司債,287,41,246,國泰-敦南,2023-10-23,8888
00902,中信電池及儲能,295,52,243,國泰-敦南,2023-10-23,8888
00900,富邦特選高股息30,279,82,197,國泰-敦南,2023-10-23,8888
00665L,富邦�琤肭磪囓�2,225,33,192,國泰-敦南,2023-10-23,8888
0050,元大台灣50,229,41,188,國泰-敦南,2023-10-23,8888
2882,國泰金,266,90,176,國泰-敦南,2023-10-23,8888
2610,華航,434,271,163,國泰-敦南,2023-10-23,8888
00888,永豐台灣ESG,206,45,161,國泰-敦南,2023-10-23,8888
2883,凱基金,320,161,159,國泰-敦南,2023-10-23,8888
5880,合庫金,170,14,156,國泰-敦南,2023-10-23,8888
00671R,富邦NASDAQ反1,216,70,146,國泰-敦南,2023-10-23,8888
00932,兆豐永續高息等權,168,22,146,國泰-敦南,2023-10-23,8888
00923,群益台ESG低碳50,204,58,146,國泰-敦南,2023-10-23,8888
6113,亞矽,415,275,140,國泰-敦南,2023-10-23,8888
006208,富邦台50,171,32,139,國泰-敦南,2023-10-23,8888
2449,京元電子,591,454,137,國泰-敦南,2023-10-23,8888
00713,元大台灣高息低波,225,88,137,國泰-敦南,2023-10-23,8888
2885,元大金,169,35,134,國泰-敦南,2023-10-23,8888
00931B,統一美債20年,320,190,130,國泰-敦南,2023-10-23,8888
1101,台泥,194,67,127,國泰-敦南,2023-10-23,8888
2881,富邦金,205,80,125,國泰-敦南,2023-10-23,8888
3051,力特,1491,1368,123,國泰-敦南,2023-10-23,8888
00680L,元大美債20正2,364,250,114,國泰-敦南,2023-10-23,8888
2402,毅嘉,640,529,111,國泰-敦南,2023-10-23,8888
2409,友達,190,91,99,國泰-敦南,2023-10-23,8888
00631L,元大台灣50正2,208,111,97,國泰-敦南,2023-10-23,8888
2892,第一金,144,47,97,國泰-敦南,2023-10-23,8888
00830,國泰費城半導體,101,4,97,國泰-敦南,2023-10-23,8888
2382,廣達,547,456,91,國泰-敦南,2023-10-23,8888
2344,華邦電,154,64,90,國泰-敦南,2023-10-23,8888
00795B,中信美國公債20年,168,80,88,國泰-敦南,2023-10-23,8888
1605,華新,147,59,88,國泰-敦南,2023-10-23,8888
6187,萬潤,459,374,85,國泰-敦南,2023-10-23,8888
00929,復華台灣科技優息,3610,1691,1919,國泰-敦南,2023-10-24,8888
2317,鴻海,2091,492,1599,國泰-敦南,2023-10-24,8888
00712,復華富時不動產,3139,1629,1510,國泰-敦南,2023-10-24,8888
00919,群益台灣精選高息,1065,235,830,國泰-敦南,2023-10-24,8888
00687B,國泰20年美債,969,167,802,國泰-敦南,2023-10-24,8888
00922,國泰台灣領袖50,599,148,451,國泰-敦南,2023-10-24,8888
2369,菱生,3438,3000,438,國泰-敦南,2023-10-24,8888
00878,國泰永續高股息,1612,1334,278,國泰-敦南,2023-10-24,8888
00664R,國泰臺灣加權反1,404,133,271,國泰-敦南,2023-10-24,8888
3682,亞太電,267,0,267,國泰-敦南,2023-10-24,8888
2002,中鋼,385,118,267,國泰-敦南,2023-10-24,8888
2303,聯電,899,705,194,國泰-敦南,2023-10-24,8888
1101,台泥,234,40,194,國泰-敦南,2023-10-24,8888
3122,笙泉,923,737,186,國泰-敦南,2023-10-24,8888
0056,元大高股息,925,739,186,國泰-敦南,2023-10-24,8888
00679B,元大美債20年,272,102,170,國泰-敦南,2023-10-24,8888
6168,宏齊,924,759,165,國泰-敦南,2023-10-24,8888
0050,元大台灣50,249,88,161,國泰-敦南,2023-10-24,8888
2883,凱基金,466,316,150,國泰-敦南,2023-10-24,8888
00715L,期街口布蘭特正2,203,58,145,國泰-敦南,2023-10-24,8888
00753L,中信中國50正2,179,37,142,國泰-敦南,2023-10-24,8888
3481,群創,376,245,131,國泰-敦南,2023-10-24,8888
4960,誠美材,519,389,130,國泰-敦南,2023-10-24,8888
00888,永豐台灣ESG,160,41,119,國泰-敦南,2023-10-24,8888
1721,三晃,652,545,107,國泰-敦南,2023-10-24,8888
9105,泰金寶-DR,136,30,106,國泰-敦南,2023-10-24,8888
2885,元大金,128,23,105,國泰-敦南,2023-10-24,8888
1568,倉佑,459,356,103,國泰-敦南,2023-10-24,8888
1789,神隆,99,2,97,國泰-敦南,2023-10-24,8888
00923,群益台ESG低碳50,137,46,91,國泰-敦南,2023-10-24,8888
1519,華城,308,220,88,國泰-敦南,2023-10-24,8888
006208,富邦台50,119,32,87,國泰-敦南,2023-10-24,8888
00670L,富邦NASDAQ正2,88,5,83,國泰-敦南,2023-10-24,8888
1301,台塑,84,3,81,國泰-敦南,2023-10-24,8888
2363,矽統,332,253,79,國泰-敦南,2023-10-24,8888
2891,中信金,178,101,77,國泰-敦南,2023-10-24,8888
3715,定穎投控,2422,2345,77,國泰-敦南,2023-10-24,8888
3037,欣興,327,256,71,國泰-敦南,2023-10-24,8888
00902,中信電池及儲能,149,80,69,國泰-敦南,2023-10-24,8888
00830,國泰費城半導體,69,2,67,國泰-敦南,2023-10-24,8888
5880,合庫金,104,38,66,國泰-敦南,2023-10-24,8888
6443,元晶,117,51,66,國泰-敦南,2023-10-24,8888
2884,玉山金,130,64,66,國泰-敦南,2023-10-24,8888
6770,力積電,124,60,64,國泰-敦南,2023-10-24,8888
2812,台中銀,76,13,63,國泰-敦南,2023-10-24,8888
3029,零壹,67,5,62,國泰-敦南,2023-10-24,8888
3041,揚智,1334,1273,61,國泰-敦南,2023-10-24,8888
2344,華邦電,103,45,58,國泰-敦南,2023-10-24,8888
2014,中鴻,94,39,55,國泰-敦南,2023-10-24,8888
1504,東元,131,78,53,國泰-敦南,2023-10-24,8888
00712,復華富時不動產,2382,197,2185,國泰-敦南,2023-10-25,8888
00929,復華台灣科技優息,2200,1289,911,國泰-敦南,2023-10-25,8888
00687B,國泰20年美債,829,168,661,國泰-敦南,2023-10-25,8888
00878,國泰永續高股息,1483,949,534,國泰-敦南,2023-10-25,8888
2317,鴻海,743,264,479,國泰-敦南,2023-10-25,8888
0056,元大高股息,767,310,457,國泰-敦南,2023-10-25,8888
1524,耿鼎,3851,3448,403,國泰-敦南,2023-10-25,8888
00931B,統一美債20年,429,26,403,國泰-敦南,2023-10-25,8888
2405,輔信,938,574,364,國泰-敦南,2023-10-25,8888
00922,國泰台灣領袖50,394,64,330,國泰-敦南,2023-10-25,8888
9105,泰金寶-DR,602,274,328,國泰-敦南,2023-10-25,8888
00679B,元大美債20年,425,103,322,國泰-敦南,2023-10-25,8888
00720B,元大投資級公司債,431,124,307,國泰-敦南,2023-10-25,8888
00902,中信電池及儲能,321,50,271,國泰-敦南,2023-10-25,8888
00933B,國泰10Y+金融債,420,152,268,國泰-敦南,2023-10-25,8888
2337,旺宏,424,164,260,國泰-敦南,2023-10-25,8888
3231,緯創,1581,1354,227,國泰-敦南,2023-10-25,8888
1603,華電,241,18,223,國泰-敦南,2023-10-25,8888
8110,華東,1220,1032,188,國泰-敦南,2023-10-25,8888
00751B,元大AAA至A公司債,284,110,174,國泰-敦南,2023-10-25,8888
00665L,富邦�琤肭磪囓�2,1307,1145,162,國泰-敦南,2023-10-25,8888
2462,良得電,237,78,159,國泰-敦南,2023-10-25,8888
00715L,期街口布蘭特正2,228,72,156,國泰-敦南,2023-10-25,8888
2886,兆豐金,234,94,140,國泰-敦南,2023-10-25,8888
3035,智原,593,454,139,國泰-敦南,2023-10-25,8888
6168,宏齊,286,165,121,國泰-敦南,2023-10-25,8888
4908,前鼎,821,707,114,國泰-敦南,2023-10-25,8888
2329,華泰,174,64,110,國泰-敦南,2023-10-25,8888
2618,長榮航,284,178,106,國泰-敦南,2023-10-25,8888
00919,群益台灣精選高息,478,373,105,國泰-敦南,2023-10-25,8888
2610,華航,204,105,99,國泰-敦南,2023-10-25,8888
3025,星通,773,678,95,國泰-敦南,2023-10-25,8888
1101,台泥,136,42,94,國泰-敦南,2023-10-25,8888
00671R,富邦NASDAQ反1,102,13,89,國泰-敦南,2023-10-25,8888
6443,元晶,114,27,87,國泰-敦南,2023-10-25,8888
2883,凱基金,231,155,76,國泰-敦南,2023-10-25,8888
1216,統一,76,2,74,國泰-敦南,2023-10-25,8888
6274,台燿,224,154,70,國泰-敦南,2023-10-25,8888
2449,京元電子,255,187,68,國泰-敦南,2023-10-25,8888
6799,來頡,71,8,63,國泰-敦南,2023-10-25,8888
2892,第一金,86,24,62,國泰-敦南,2023-10-25,8888
8176,智捷,107,48,59,國泰-敦南,2023-10-25,8888
6139,亞翔,735,676,59,國泰-敦南,2023-10-25,8888
00642U,期元大S＆P石油,70,13,57,國泰-敦南,2023-10-25,8888
3322,建舜電,93,37,56,國泰-敦南,2023-10-25,8888
4162,智擎,492,436,56,國泰-敦南,2023-10-25,8888
2356,英業達,301,247,54,國泰-敦南,2023-10-25,8888
5880,合庫金,66,14,52,國泰-敦南,2023-10-25,8888
2313,華通,210,159,51,國泰-敦南,2023-10-25,8888
2834,臺企銀,75,26,49,國泰-敦南,2023-10-25,8888
00929,復華台灣科技優息,7529,1717,5812,國泰-敦南,2023-10-26,8888
00878,國泰永續高股息,3751,679,3072,國泰-敦南,2023-10-26,8888
00919,群益台灣精選高息,2609,227,2382,國泰-敦南,2023-10-26,8888
0056,元大高股息,2330,643,1687,國泰-敦南,2023-10-26,8888
00712,復華富時不動產,3885,2258,1627,國泰-敦南,2023-10-26,8888
00922,國泰台灣領袖50,1267,81,1186,國泰-敦南,2023-10-26,8888
00687B,國泰20年美債,1062,120,942,國泰-敦南,2023-10-26,8888
2303,聯電,1529,730,799,國泰-敦南,2023-10-26,8888
2883,凱基金,913,250,663,國泰-敦南,2023-10-26,8888
0050,元大台灣50,702,46,656,國泰-敦南,2023-10-26,8888
00885,富邦越南,713,69,644,國泰-敦南,2023-10-26,8888
2317,鴻海,600,136,464,國泰-敦南,2023-10-26,8888
2888,新光金,393,41,352,國泰-敦南,2023-10-26,8888
006208,富邦台50,367,26,341,國泰-敦南,2023-10-26,8888
00751B,元大AAA至A公司債,409,85,324,國泰-敦南,2023-10-26,8888
00680L,元大美債20正2,344,25,319,國泰-敦南,2023-10-26,8888
2344,華邦電,725,422,303,國泰-敦南,2023-10-26,8888
00923,群益台ESG低碳50,331,31,300,國泰-敦南,2023-10-26,8888
00720B,元大投資級公司債,384,86,298,國泰-敦南,2023-10-26,8888
00888,永豐台灣ESG,317,32,285,國泰-敦南,2023-10-26,8888
00931B,統一美債20年,320,54,266,國泰-敦南,2023-10-26,8888
5347,世界,291,29,262,國泰-敦南,2023-10-26,8888
00902,中信電池及儲能,434,190,244,國泰-敦南,2023-10-26,8888
9105,泰金寶-DR,328,104,224,國泰-敦南,2023-10-26,8888
2816,旺旺保,1002,789,213,國泰-敦南,2023-10-26,8888
00932,兆豐永續高息等權,220,9,211,國泰-敦南,2023-10-26,8888
00631L,元大台灣50正2,340,134,206,國泰-敦南,2023-10-26,8888
1721,三晃,2305,2100,205,國泰-敦南,2023-10-26,8888
2887,台新金,232,33,199,國泰-敦南,2023-10-26,8888
00830,國泰費城半導體,217,23,194,國泰-敦南,2023-10-26,8888
2884,玉山金,246,53,193,國泰-敦南,2023-10-26,8888
2330,台積電,243,59,184,國泰-敦南,2023-10-26,8888
00893,國泰智能電動車,276,93,183,國泰-敦南,2023-10-26,8888
00881,國泰台灣5G+,259,83,176,國泰-敦南,2023-10-26,8888
2618,長榮航,661,497,164,國泰-敦南,2023-10-26,8888
00900,富邦特選高股息30,177,33,144,國泰-敦南,2023-10-26,8888
3037,欣興,336,195,141,國泰-敦南,2023-10-26,8888
00891,中信關鍵半導體,175,35,140,國泰-敦南,2023-10-26,8888
00795B,中信美國公債20年,158,19,139,國泰-敦南,2023-10-26,8888
00675L,富邦臺灣加權正2,218,80,138,國泰-敦南,2023-10-26,8888
3481,群創,389,252,137,國泰-敦南,2023-10-26,8888
5880,合庫金,173,40,133,國泰-敦南,2023-10-26,8888
2002,中鋼,235,102,133,國泰-敦南,2023-10-26,8888
1101,台泥,192,62,130,國泰-敦南,2023-10-26,8888
2515,中工,350,221,129,國泰-敦南,2023-10-26,8888
00713,元大台灣高息低波,167,46,121,國泰-敦南,2023-10-26,8888
6113,亞矽,234,116,118,國泰-敦南,2023-10-26,8888
2485,兆赫,234,122,112,國泰-敦南,2023-10-26,8888
00907,永豐優息存股,118,6,112,國泰-敦南,2023-10-26,8888
2337,旺宏,236,124,112,國泰-敦南,2023-10-26,8888
00929,復華台灣科技優息,7381,945,6436,國泰-敦南,2023-10-27,8888
00712,復華富時不動產,1560,404,1156,國泰-敦南,2023-10-27,8888
00632R,元大台灣50反1,1158,204,954,國泰-敦南,2023-10-27,8888
00919,群益台灣精選高息,1077,364,713,國泰-敦南,2023-10-27,8888
2317,鴻海,487,113,374,國泰-敦南,2023-10-27,8888
00885,富邦越南,302,70,232,國泰-敦南,2023-10-27,8888
0056,元大高股息,541,335,206,國泰-敦南,2023-10-27,8888
00751B,元大AAA至A公司債,177,46,131,國泰-敦南,2023-10-27,8888
4908,前鼎,764,638,126,國泰-敦南,2023-10-27,8888
3013,晟銘電,562,450,112,國泰-敦南,2023-10-27,8888
1799,易威,113,2,111,國泰-敦南,2023-10-27,8888
00688L,國泰20年美債正2,164,57,107,國泰-敦南,2023-10-27,8888
2368,金像電,189,83,106,國泰-敦南,2023-10-27,8888
2002,中鋼,167,65,102,國泰-敦南,2023-10-27,8888
2388,威盛,658,557,101,國泰-敦南,2023-10-27,8888
2329,華泰,301,203,98,國泰-敦南,2023-10-27,8888
2201,裕隆,165,69,96,國泰-敦南,2023-10-27,8888
2885,元大金,136,42,94,國泰-敦南,2023-10-27,8888
2883,凱基金,286,194,92,國泰-敦南,2023-10-27,8888
2409,友達,184,95,89,國泰-敦南,2023-10-27,8888
00922,國泰台灣領袖50,212,124,88,國泰-敦南,2023-10-27,8888
6442,光聖,754,668,86,國泰-敦南,2023-10-27,8888
2486,一詮,198,113,85,國泰-敦南,2023-10-27,8888
00706L,期元大S＆P日圓正2,91,7,84,國泰-敦南,2023-10-27,8888
5521,工信,163,82,81,國泰-敦南,2023-10-27,8888
00687B,國泰20年美債,380,303,77,國泰-敦南,2023-10-27,8888
2025,千興,101,25,76,國泰-敦南,2023-10-27,8888
00931B,統一美債20年,200,128,72,國泰-敦南,2023-10-27,8888
00733,富邦臺灣中小,74,5,69,國泰-敦南,2023-10-27,8888
00923,群益台ESG低碳50,118,51,67,國泰-敦南,2023-10-27,8888
9105,泰金寶-DR,220,157,63,國泰-敦南,2023-10-27,8888
3276,宇環,850,787,63,國泰-敦南,2023-10-27,8888
3322,建舜電,126,65,61,國泰-敦南,2023-10-27,8888
6282,康舒,198,141,57,國泰-敦南,2023-10-27,8888
6276,安鈦克,151,94,57,國泰-敦南,2023-10-27,8888
2303,聯電,451,395,56,國泰-敦南,2023-10-27,8888
3035,智原,451,397,54,國泰-敦南,2023-10-27,8888
00680L,元大美債20正2,160,106,54,國泰-敦南,2023-10-27,8888
6290,良維,193,139,54,國泰-敦南,2023-10-27,8888
3324,雙鴻,184,130,54,國泰-敦南,2023-10-27,8888
00720B,元大投資級公司債,220,167,53,國泰-敦南,2023-10-27,8888
1907,永豐餘,68,15,53,國泰-敦南,2023-10-27,8888
2356,英業達,270,220,50,國泰-敦南,2023-10-27,8888
2515,中工,143,94,49,國泰-敦南,2023-10-27,8888
3363,上詮,204,155,49,國泰-敦南,2023-10-27,8888
2399,映泰,85,38,47,國泰-敦南,2023-10-27,8888
1519,華城,190,145,45,國泰-敦南,2023-10-27,8888
00921,兆豐龍頭等權重,44,0,44,國泰-敦南,2023-10-27,8888
1324,地球,211,166,45,國泰-敦南,2023-10-27,8888
6244,茂迪,53,10,43,國泰-敦南,2023-10-27,8888
00878,國泰永續高股息,4477,675,3802,國泰-敦南,2023-10-30,8888
00712,復華富時不動產,1803,301,1502,國泰-敦南,2023-10-30,8888
2317,鴻海,2537,1156,1381,國泰-敦南,2023-10-30,8888
00687B,國泰20年美債,525,70,455,國泰-敦南,2023-10-30,8888
2485,兆赫,1994,1616,378,國泰-敦南,2023-10-30,8888
00922,國泰台灣領袖50,397,54,343,國泰-敦南,2023-10-30,8888
00931B,統一美債20年,376,36,340,國泰-敦南,2023-10-30,8888
6117,迎廣,1557,1219,338,國泰-敦南,2023-10-30,8888
2891,中信金,344,47,297,國泰-敦南,2023-10-30,8888
00751B,元大AAA至A公司債,308,34,274,國泰-敦南,2023-10-30,8888
00933B,國泰10Y+金融債,310,71,239,國泰-敦南,2023-10-30,8888
00720B,元大投資級公司債,286,47,239,國泰-敦南,2023-10-30,8888
00679B,元大美債20年,297,72,225,國泰-敦南,2023-10-30,8888
2887,台新金,353,133,220,國泰-敦南,2023-10-30,8888
3231,緯創,1077,877,200,國泰-敦南,2023-10-30,8888
0050,元大台灣50,232,38,194,國泰-敦南,2023-10-30,8888
2888,新光金,249,60,189,國泰-敦南,2023-10-30,8888
2618,長榮航,323,137,186,國泰-敦南,2023-10-30,8888
2885,元大金,226,44,182,國泰-敦南,2023-10-30,8888
006208,富邦台50,200,31,169,國泰-敦南,2023-10-30,8888
2356,英業達,434,270,164,國泰-敦南,2023-10-30,8888
2390,云辰,627,464,163,國泰-敦南,2023-10-30,8888
2515,中工,457,300,157,國泰-敦南,2023-10-30,8888
2882,國泰金,190,44,146,國泰-敦南,2023-10-30,8888
2883,凱基金,505,392,113,國泰-敦南,2023-10-30,8888
00885,富邦越南,180,72,108,國泰-敦南,2023-10-30,8888
5880,合庫金,121,16,105,國泰-敦南,2023-10-30,8888
00772B,中信高評級公司債,122,18,104,國泰-敦南,2023-10-30,8888
9939,宏全,104,5,99,國泰-敦南,2023-10-30,8888
00692,富邦公司治理,103,5,98,國泰-敦南,2023-10-30,8888
1314,中石化,180,87,93,國泰-敦南,2023-10-30,8888
5521,工信,152,69,83,國泰-敦南,2023-10-30,8888
2330,台積電,114,32,82,國泰-敦南,2023-10-30,8888
2337,旺宏,201,122,79,國泰-敦南,2023-10-30,8888
00795B,中信美國公債20年,83,5,78,國泰-敦南,2023-10-30,8888
3715,定穎投控,2286,2209,77,國泰-敦南,2023-10-30,8888
2880,華南金,85,13,72,國泰-敦南,2023-10-30,8888
00857B,永豐20年美公債,73,3,70,國泰-敦南,2023-10-30,8888
00881,國泰台灣5G+,147,80,67,國泰-敦南,2023-10-30,8888
5876,上海商銀,77,12,65,國泰-敦南,2023-10-30,8888
2886,兆豐金,169,108,61,國泰-敦南,2023-10-30,8888
9105,泰金寶-DR,254,193,61,國泰-敦南,2023-10-30,8888
00688L,國泰20年美債正2,64,3,61,國泰-敦南,2023-10-30,8888
1101,台泥,115,54,61,國泰-敦南,2023-10-30,8888
2884,玉山金,121,61,60,國泰-敦南,2023-10-30,8888
2610,華航,153,94,59,國泰-敦南,2023-10-30,8888
1795,美時,306,248,58,國泰-敦南,2023-10-30,8888
1303,南亞,66,9,57,國泰-敦南,2023-10-30,8888
00665L,富邦�琤肭磪囓�2,179,122,57,國泰-敦南,2023-10-30,8888
4162,智擎,568,512,56,國泰-敦南,2023-10-30,8888
00878,國泰永續高股息,4715,899,3816,國泰-敦南,2023-10-31,8888
00929,復華台灣科技優息,2854,840,2014,國泰-敦南,2023-10-31,8888
0056,元大高股息,2304,363,1941,國泰-敦南,2023-10-31,8888
00919,群益台灣精選高息,1730,129,1601,國泰-敦南,2023-10-31,8888
00712,復華富時不動產,963,301,662,國泰-敦南,2023-10-31,8888
00922,國泰台灣領袖50,756,101,655,國泰-敦南,2023-10-31,8888
2344,華邦電,903,491,412,國泰-敦南,2023-10-31,8888
0050,元大台灣50,432,65,367,國泰-敦南,2023-10-31,8888
2382,廣達,1095,754,341,國泰-敦南,2023-10-31,8888
3231,緯創,1324,986,338,國泰-敦南,2023-10-31,8888
006208,富邦台50,298,24,274,國泰-敦南,2023-10-31,8888
00687B,國泰20年美債,371,105,266,國泰-敦南,2023-10-31,8888
00713,元大台灣高息低波,262,40,222,國泰-敦南,2023-10-31,8888
2301,光寶科,560,337,223,國泰-敦南,2023-10-31,8888
3576,聯合再生,1006,797,209,國泰-敦南,2023-10-31,8888
00679B,元大美債20年,239,31,208,國泰-敦南,2023-10-31,8888
2363,矽統,286,84,202,國泰-敦南,2023-10-31,8888
00932,兆豐永續高息等權,206,12,194,國泰-敦南,2023-10-31,8888
2605,新興,265,75,190,國泰-敦南,2023-10-31,8888
00715L,期街口布蘭特正2,222,35,187,國泰-敦南,2023-10-31,8888
2317,鴻海,736,552,184,國泰-敦南,2023-10-31,8888
00665L,富邦�琤肭磪囓�2,1046,869,177,國泰-敦南,2023-10-31,8888
00924,復華S＆P500成長,169,1,168,國泰-敦南,2023-10-31,8888
3715,定穎投控,2521,2357,164,國泰-敦南,2023-10-31,8888
00795B,中信美國公債20年,164,6,158,國泰-敦南,2023-10-31,8888
6235,華孚,353,198,155,國泰-敦南,2023-10-31,8888
2887,台新金,229,81,148,國泰-敦南,2023-10-31,8888
00751B,元大AAA至A公司債,160,17,143,國泰-敦南,2023-10-31,8888
00888,永豐台灣ESG,175,39,136,國泰-敦南,2023-10-31,8888
00885,富邦越南,293,168,125,國泰-敦南,2023-10-31,8888
2485,兆赫,624,502,122,國泰-敦南,2023-10-31,8888
2891,中信金,184,63,121,國泰-敦南,2023-10-31,8888
2337,旺宏,195,78,117,國泰-敦南,2023-10-31,8888
00907,永豐優息存股,129,14,115,國泰-敦南,2023-10-31,8888
2409,友達,334,220,114,國泰-敦南,2023-10-31,8888
3035,智原,586,473,113,國泰-敦南,2023-10-31,8888
2417,圓剛,499,387,112,國泰-敦南,2023-10-31,8888
00921,兆豐龍頭等權重,112,1,111,國泰-敦南,2023-10-31,8888
00650L,復華香港正2,201,92,109,國泰-敦南,2023-10-31,8888
6443,元晶,478,369,109,國泰-敦南,2023-10-31,8888
00852L,國泰美國道瓊正2,115,8,107,國泰-敦南,2023-10-31,8888
00923,群益台ESG低碳50,172,67,105,國泰-敦南,2023-10-31,8888
1605,華新,154,49,105,國泰-敦南,2023-10-31,8888
2406,國碩,591,494,97,國泰-敦南,2023-10-31,8888
00631L,元大台灣50正2,195,99,96,國泰-敦南,2023-10-31,8888
6168,宏齊,167,72,95,國泰-敦南,2023-10-31,8888
00893,國泰智能電動車,201,107,94,國泰-敦南,2023-10-31,8888
8105,凌巨,101,7,94,國泰-敦南,2023-10-31,8888
00719B,元大美債1-3,91,5,86,國泰-敦南,2023-10-31,8888
2313,華通,618,532,86,國泰-敦南,2023-10-31,8888
00934,中信成長高股息,2538,273,2265,國泰-敦南,2023-11-01,8888
00929,復華台灣科技優息,3028,974,2054,國泰-敦南,2023-11-01,8888
00878,國泰永續高股息,2531,1153,1378,國泰-敦南,2023-11-01,8888
00712,復華富時不動產,1561,279,1282,國泰-敦南,2023-11-01,8888
00935,野村臺灣新科技50,759,4,755,國泰-敦南,2023-11-01,8888
00933B,國泰10Y+金融債,750,16,734,國泰-敦南,2023-11-01,8888
00632R,元大台灣50反1,798,163,635,國泰-敦南,2023-11-01,8888
00687B,國泰20年美債,669,39,630,國泰-敦南,2023-11-01,8888
00679B,元大美債20年,756,233,523,國泰-敦南,2023-11-01,8888
2317,鴻海,504,156,348,國泰-敦南,2023-11-01,8888
3481,群創,502,193,309,國泰-敦南,2023-11-01,8888
00885,富邦越南,352,45,307,國泰-敦南,2023-11-01,8888
00715L,期街口布蘭特正2,314,42,272,國泰-敦南,2023-11-01,8888
2485,兆赫,489,226,263,國泰-敦南,2023-11-01,8888
00751B,元大AAA至A公司債,250,5,245,國泰-敦南,2023-11-01,8888
00753L,中信中國50正2,316,78,238,國泰-敦南,2023-11-01,8888
00688L,國泰20年美債正2,242,29,213,國泰-敦南,2023-11-01,8888
00720B,元大投資級公司債,278,68,210,國泰-敦南,2023-11-01,8888
00919,群益台灣精選高息,382,184,198,國泰-敦南,2023-11-01,8888
00680L,元大美債20正2,198,27,171,國泰-敦南,2023-11-01,8888
00706L,期元大S＆P日圓正2,245,81,164,國泰-敦南,2023-11-01,8888
2409,友達,283,167,116,國泰-敦南,2023-11-01,8888
00922,國泰台灣領袖50,179,69,110,國泰-敦南,2023-11-01,8888
00932,兆豐永續高息等權,147,40,107,國泰-敦南,2023-11-01,8888
4960,誠美材,189,86,103,國泰-敦南,2023-11-01,8888
1815,富喬,373,271,102,國泰-敦南,2023-11-01,8888
00713,元大台灣高息低波,222,122,100,國泰-敦南,2023-11-01,8888
2353,宏��,145,49,96,國泰-敦南,2023-11-01,8888
0050,元大台灣50,176,81,95,國泰-敦南,2023-11-01,8888
2344,華邦電,142,49,93,國泰-敦南,2023-11-01,8888
3122,笙泉,622,529,93,國泰-敦南,2023-11-01,8888
006208,富邦台50,112,21,91,國泰-敦南,2023-11-01,8888
00650L,復華香港正2,173,83,90,國泰-敦南,2023-11-01,8888
00772B,中信高評級公司債,106,17,89,國泰-敦南,2023-11-01,8888
2408,南亞科,94,5,89,國泰-敦南,2023-11-01,8888
0056,元大高股息,525,436,89,國泰-敦南,2023-11-01,8888
00921,兆豐龍頭等權重,107,19,88,國泰-敦南,2023-11-01,8888
6191,精成科,793,710,83,國泰-敦南,2023-11-01,8888
3078,僑威,147,66,81,國泰-敦南,2023-11-01,8888
2538,基泰,82,12,70,國泰-敦南,2023-11-01,8888
5521,工信,145,76,69,國泰-敦南,2023-11-01,8888
3035,智原,552,485,67,國泰-敦南,2023-11-01,8888
1303,南亞,69,2,67,國泰-敦南,2023-11-01,8888
2105,正新,78,11,67,國泰-敦南,2023-11-01,8888
4167,松瑞藥,216,151,65,國泰-敦南,2023-11-01,8888
2886,兆豐金,106,48,58,國泰-敦南,2023-11-01,8888
2358,廷鑫,229,172,57,國泰-敦南,2023-11-01,8888
6113,亞矽,78,21,57,國泰-敦南,2023-11-01,8888
4108,懷特,80,24,56,國泰-敦南,2023-11-01,8888
00830,國泰費城半導體,93,38,55,國泰-敦南,2023-11-01,8888
00712,復華富時不動產,1899,978,921,國泰-敦南,2023-11-02,8888
00934,中信成長高股息,885,317,568,國泰-敦南,2023-11-02,8888
00687B,國泰20年美債,827,324,503,國泰-敦南,2023-11-02,8888
00715L,期街口布蘭特正2,467,51,416,國泰-敦南,2023-11-02,8888
00632R,元大台灣50反1,1429,1018,411,國泰-敦南,2023-11-02,8888
00935,野村臺灣新科技50,373,47,326,國泰-敦南,2023-11-02,8888
00720B,元大投資級公司債,353,58,295,國泰-敦南,2023-11-02,8888
00679B,元大美債20年,486,203,283,國泰-敦南,2023-11-02,8888
2367,燿華,339,140,199,國泰-敦南,2023-11-02,8888
2883,凱基金,351,155,196,國泰-敦南,2023-11-02,8888
3715,定穎投控,3481,3319,162,國泰-敦南,2023-11-02,8888
00852L,國泰美國道瓊正2,142,0,142,國泰-敦南,2023-11-02,8888
4960,誠美材,177,49,128,國泰-敦南,2023-11-02,8888
3322,建舜電,478,355,123,國泰-敦南,2023-11-02,8888
00680L,元大美債20正2,406,291,115,國泰-敦南,2023-11-02,8888
2618,長榮航,652,556,96,國泰-敦南,2023-11-02,8888
3682,亞太電,98,8,90,國泰-敦南,2023-11-02,8888
6213,聯茂,218,130,88,國泰-敦南,2023-11-02,8888
5521,工信,209,128,81,國泰-敦南,2023-11-02,8888
9105,泰金寶-DR,264,193,71,國泰-敦南,2023-11-02,8888
4915,致伸,110,44,66,國泰-敦南,2023-11-02,8888
00637L,元大滬深300正2,146,84,62,國泰-敦南,2023-11-02,8888
2356,英業達,428,367,61,國泰-敦南,2023-11-02,8888
2485,兆赫,379,319,60,國泰-敦南,2023-11-02,8888
9958,世紀鋼,119,60,59,國泰-敦南,2023-11-02,8888
1229,聯華,59,1,58,國泰-敦南,2023-11-02,8888
3260,威剛,417,362,55,國泰-敦南,2023-11-02,8888
00878,國泰永續高股息,1520,1468,52,國泰-敦南,2023-11-02,8888
6695,芯鼎,57,6,51,國泰-敦南,2023-11-02,8888
3006,晶豪科,425,378,47,國泰-敦南,2023-11-02,8888
6122,擎邦,72,28,44,國泰-敦南,2023-11-02,8888
00655L,國泰中國A50正2,47,6,41,國泰-敦南,2023-11-02,8888
1519,華城,282,244,38,國泰-敦南,2023-11-02,8888
6189,豐藝,64,26,38,國泰-敦南,2023-11-02,8888
2515,中工,141,105,36,國泰-敦南,2023-11-02,8888
3088,艾訊,38,2,36,國泰-敦南,2023-11-02,8888
8086,宏捷科,190,155,35,國泰-敦南,2023-11-02,8888
2867,三商壽,58,24,34,國泰-敦南,2023-11-02,8888
4162,智擎,212,178,34,國泰-敦南,2023-11-02,8888
00662,富邦NASDAQ,37,3,34,國泰-敦南,2023-11-02,8888
00719B,元大美債1-3,107,74,33,國泰-敦南,2023-11-02,8888
00671R,富邦NASDAQ反1,68,35,33,國泰-敦南,2023-11-02,8888
2352,佳世達,83,51,32,國泰-敦南,2023-11-02,8888
2465,麗臺,63,31,32,國泰-敦南,2023-11-02,8888
1907,永豐餘,41,11,30,國泰-敦南,2023-11-02,8888
6492,生華科,67,39,28,國泰-敦南,2023-11-02,8888
2376,技嘉,366,337,29,國泰-敦南,2023-11-02,8888
1316,上曜,40,12,28,國泰-敦南,2023-11-02,8888
1603,華電,31,3,28,國泰-敦南,2023-11-02,8888
1785,光洋科,53,25,28,國泰-敦南,2023-11-02,8888
00929,復華台灣科技優息,6447,2626,3821,國泰-敦南,2023-11-03,8888
2363,矽統,7286,5631,1655,國泰-敦南,2023-11-03,8888
00934,中信成長高股息,1367,411,956,國泰-敦南,2023-11-03,8888
00632R,元大台灣50反1,1344,522,822,國泰-敦南,2023-11-03,8888
00687B,國泰20年美債,1111,465,646,國泰-敦南,2023-11-03,8888
2317,鴻海,772,194,578,國泰-敦南,2023-11-03,8888
00935,野村臺灣新科技50,576,93,483,國泰-敦南,2023-11-03,8888
2867,三商壽,415,154,261,國泰-敦南,2023-11-03,8888
00864B,中信美國公債0-1,248,2,246,國泰-敦南,2023-11-03,8888
1524,耿鼎,928,691,237,國泰-敦南,2023-11-03,8888
3231,緯創,1221,1030,191,國泰-敦南,2023-11-03,8888
3322,建舜電,524,340,184,國泰-敦南,2023-11-03,8888
8150,南茂,315,134,181,國泰-敦南,2023-11-03,8888
5521,工信,495,317,178,國泰-敦南,2023-11-03,8888
00885,富邦越南,346,196,150,國泰-敦南,2023-11-03,8888
9105,泰金寶-DR,216,86,130,國泰-敦南,2023-11-03,8888
2458,義隆,285,158,127,國泰-敦南,2023-11-03,8888
00931B,統一美債20年,227,105,122,國泰-敦南,2023-11-03,8888
00919,群益台灣精選高息,665,545,120,國泰-敦南,2023-11-03,8888
2515,中工,180,76,104,國泰-敦南,2023-11-03,8888
00680L,元大美債20正2,693,594,99,國泰-敦南,2023-11-03,8888
00688L,國泰20年美債正2,454,355,99,國泰-敦南,2023-11-03,8888
2376,技嘉,423,326,97,國泰-敦南,2023-11-03,8888
2353,宏��,127,36,91,國泰-敦南,2023-11-03,8888
2313,華通,539,454,85,國泰-敦南,2023-11-03,8888
00795B,中信美國公債20年,115,32,83,國泰-敦南,2023-11-03,8888
2337,旺宏,138,55,83,國泰-敦南,2023-11-03,8888
00719B,元大美債1-3,88,10,78,國泰-敦南,2023-11-03,8888
00720B,元大投資級公司債,328,253,75,國泰-敦南,2023-11-03,8888
2382,廣達,528,455,73,國泰-敦南,2023-11-03,8888
00772B,中信高評級公司債,168,99,69,國泰-敦南,2023-11-03,8888
3682,亞太電,73,5,68,國泰-敦南,2023-11-03,8888
8068,全達,278,211,67,國泰-敦南,2023-11-03,8888
2324,仁寶,93,30,63,國泰-敦南,2023-11-03,8888
00669R,國泰美國道瓊反1,66,5,61,國泰-敦南,2023-11-03,8888
00924,復華S＆P500成長,65,5,60,國泰-敦南,2023-11-03,8888
1449,佳和,125,65,60,國泰-敦南,2023-11-03,8888
3694,海華,116,58,58,國泰-敦南,2023-11-03,8888
00751B,元大AAA至A公司債,178,120,58,國泰-敦南,2023-11-03,8888
6274,台燿,266,213,53,國泰-敦南,2023-11-03,8888
6139,亞翔,372,319,53,國泰-敦南,2023-11-03,8888
00664R,國泰臺灣加權反1,68,18,50,國泰-敦南,2023-11-03,8888
5347,世界,75,25,50,國泰-敦南,2023-11-03,8888
00671R,富邦NASDAQ反1,69,20,49,國泰-敦南,2023-11-03,8888
4967,十銓,968,919,49,國泰-敦南,2023-11-03,8888
2230,泰茂,106,58,48,國泰-敦南,2023-11-03,8888
8046,南電,80,32,48,國泰-敦南,2023-11-03,8888
2501,國建,48,2,46,國泰-敦南,2023-11-03,8888
3038,全台,85,39,46,國泰-敦南,2023-11-03,8888
6235,華孚,505,459,46,國泰-敦南,2023-11-03,8888
3481,群創,1064,342,722,國泰-敦南,2023-11-06,8888
00934,中信成長高股息,797,202,595,國泰-敦南,2023-11-06,8888
00712,復華富時不動產,1444,930,514,國泰-敦南,2023-11-06,8888
00715L,期街口布蘭特正2,612,116,496,國泰-敦南,2023-11-06,8888
00679B,元大美債20年,457,57,400,國泰-敦南,2023-11-06,8888
2388,威盛,2622,2226,396,國泰-敦南,2023-11-06,8888
00720B,元大投資級公司債,425,50,375,國泰-敦南,2023-11-06,8888
00935,野村臺灣新科技50,424,74,350,國泰-敦南,2023-11-06,8888
00680L,元大美債20正2,498,214,284,國泰-敦南,2023-11-06,8888
2618,長榮航,1139,870,269,國泰-敦南,2023-11-06,8888
5521,工信,378,135,243,國泰-敦南,2023-11-06,8888
00864B,中信美國公債0-1,225,5,220,國泰-敦南,2023-11-06,8888
00751B,元大AAA至A公司債,352,146,206,國泰-敦南,2023-11-06,8888
2317,鴻海,535,343,192,國泰-敦南,2023-11-06,8888
6118,建達,508,324,184,國泰-敦南,2023-11-06,8888
00687B,國泰20年美債,814,637,177,國泰-敦南,2023-11-06,8888
2486,一詮,453,281,172,國泰-敦南,2023-11-06,8888
1504,東元,207,41,166,國泰-敦南,2023-11-06,8888
00688L,國泰20年美債正2,283,129,154,國泰-敦南,2023-11-06,8888
2408,南亞科,168,41,127,國泰-敦南,2023-11-06,8888
2801,彰銀,136,15,121,國泰-敦南,2023-11-06,8888
2501,國建,119,3,116,國泰-敦南,2023-11-06,8888
2516,新建,143,35,108,國泰-敦南,2023-11-06,8888
1721,三晃,987,879,108,國泰-敦南,2023-11-06,8888
2363,矽統,3564,3458,106,國泰-敦南,2023-11-06,8888
6139,亞翔,490,387,103,國泰-敦南,2023-11-06,8888
00885,富邦越南,145,51,94,國泰-敦南,2023-11-06,8888
1101,台泥,150,57,93,國泰-敦南,2023-11-06,8888
2634,漢翔,134,47,87,國泰-敦南,2023-11-06,8888
2605,新興,102,22,80,國泰-敦南,2023-11-06,8888
00710B,復華彭博非投等債,79,0,79,國泰-敦南,2023-11-06,8888
00632R,元大台灣50反1,1257,1178,79,國泰-敦南,2023-11-06,8888
2329,華泰,299,224,75,國泰-敦南,2023-11-06,8888
2002,中鋼,498,426,72,國泰-敦南,2023-11-06,8888
3013,晟銘電,326,254,72,國泰-敦南,2023-11-06,8888
00642U,期元大S＆P石油,74,4,70,國泰-敦南,2023-11-06,8888
3376,新日興,139,70,69,國泰-敦南,2023-11-06,8888
8150,南茂,111,42,69,國泰-敦南,2023-11-06,8888
00857B,永豐20年美公債,96,28,68,國泰-敦南,2023-11-06,8888
2609,陽明,190,126,64,國泰-敦南,2023-11-06,8888
4967,十銓,615,557,58,國泰-敦南,2023-11-06,8888
2314,台揚,66,8,58,國泰-敦南,2023-11-06,8888
2427,三商電,130,73,57,國泰-敦南,2023-11-06,8888
2515,中工,159,105,54,國泰-敦南,2023-11-06,8888
3260,威剛,190,137,53,國泰-敦南,2023-11-06,8888
2376,技嘉,491,440,51,國泰-敦南,2023-11-06,8888
1303,南亞,61,11,50,國泰-敦南,2023-11-06,8888
2603,長榮,147,99,48,國泰-敦南,2023-11-06,8888
2885,元大金,90,43,47,國泰-敦南,2023-11-06,8888
6182,合晶,66,19,47,國泰-敦南,2023-11-06,8888
00878,國泰永續高股息,1975,720,1255,國泰-敦南,2023-11-07,8888
00665L,富邦�琤肭磪囓�2,1641,812,829,國泰-敦南,2023-11-07,8888
2515,中工,1113,477,636,國泰-敦南,2023-11-07,8888
00679B,元大美債20年,637,33,604,國泰-敦南,2023-11-07,8888
2317,鴻海,487,66,421,國泰-敦南,2023-11-07,8888
2363,矽統,2542,2148,394,國泰-敦南,2023-11-07,8888
00680L,元大美債20正2,446,93,353,國泰-敦南,2023-11-07,8888
2002,中鋼,412,94,318,國泰-敦南,2023-11-07,8888
00687B,國泰20年美債,491,183,308,國泰-敦南,2023-11-07,8888
00902,中信電池及儲能,319,14,305,國泰-敦南,2023-11-07,8888
00671R,富邦NASDAQ反1,290,0,290,國泰-敦南,2023-11-07,8888
00935,野村臺灣新科技50,292,50,242,國泰-敦南,2023-11-07,8888
2888,新光金,261,34,227,國泰-敦南,2023-11-07,8888
00751B,元大AAA至A公司債,261,41,220,國泰-敦南,2023-11-07,8888
6274,台燿,338,125,213,國泰-敦南,2023-11-07,8888
2883,凱基金,324,123,201,國泰-敦南,2023-11-07,8888
2409,友達,362,173,189,國泰-敦南,2023-11-07,8888
2610,華航,445,265,180,國泰-敦南,2023-11-07,8888
00931B,統一美債20年,199,28,171,國泰-敦南,2023-11-07,8888
00632R,元大台灣50反1,477,309,168,國泰-敦南,2023-11-07,8888
00715L,期街口布蘭特正2,239,88,151,國泰-敦南,2023-11-07,8888
2634,漢翔,258,121,137,國泰-敦南,2023-11-07,8888
2344,華邦電,207,70,137,國泰-敦南,2023-11-07,8888
4167,松瑞藥,623,491,132,國泰-敦南,2023-11-07,8888
6185,幃翔,142,32,110,國泰-敦南,2023-11-07,8888
00919,群益台灣精選高息,610,509,101,國泰-敦南,2023-11-07,8888
2889,國票金,158,58,100,國泰-敦南,2023-11-07,8888
2486,一詮,256,159,97,國泰-敦南,2023-11-07,8888
00753L,中信中國50正2,157,61,96,國泰-敦南,2023-11-07,8888
2439,美律,259,168,91,國泰-敦南,2023-11-07,8888
00934,中信成長高股息,435,349,86,國泰-敦南,2023-11-07,8888
00795B,中信美國公債20年,100,15,85,國泰-敦南,2023-11-07,8888
2605,新興,101,17,84,國泰-敦南,2023-11-07,8888
00772B,中信高評級公司債,101,19,82,國泰-敦南,2023-11-07,8888
2388,威盛,963,882,81,國泰-敦南,2023-11-07,8888
2421,建準,363,284,79,國泰-敦南,2023-11-07,8888
5521,工信,147,70,77,國泰-敦南,2023-11-07,8888
00688L,國泰20年美債正2,99,26,73,國泰-敦南,2023-11-07,8888
1101,台泥,156,84,72,國泰-敦南,2023-11-07,8888
8069,元太,108,40,68,國泰-敦南,2023-11-07,8888
00637L,元大滬深300正2,132,65,67,國泰-敦南,2023-11-07,8888
1519,華城,451,387,64,國泰-敦南,2023-11-07,8888
1504,東元,122,60,62,國泰-敦南,2023-11-07,8888
6235,華孚,168,109,59,國泰-敦南,2023-11-07,8888
1815,富喬,1978,1918,60,國泰-敦南,2023-11-07,8888
2736,富野,354,296,58,國泰-敦南,2023-11-07,8888
00882,中信中國高股息,92,36,56,國泰-敦南,2023-11-07,8888
3363,上詮,88,32,56,國泰-敦南,2023-11-07,8888
2498,宏達電,136,80,56,國泰-敦南,2023-11-07,8888
00706L,期元大S＆P日圓正2,81,26,55,國泰-敦南,2023-11-07,8888
00936,台新永續高息中小,3039,586,2453,國泰-敦南,2023-11-08,8888
00632R,元大台灣50反1,697,128,569,國泰-敦南,2023-11-08,8888
2363,矽統,3601,3061,540,國泰-敦南,2023-11-08,8888
1815,富喬,1348,888,460,國泰-敦南,2023-11-08,8888
2618,長榮航,1327,942,385,國泰-敦南,2023-11-08,8888
2515,中工,484,157,327,國泰-敦南,2023-11-08,8888
00680L,元大美債20正2,479,179,300,國泰-敦南,2023-11-08,8888
2390,云辰,322,49,273,國泰-敦南,2023-11-08,8888
00679B,元大美債20年,457,208,249,國泰-敦南,2023-11-08,8888
2889,國票金,218,7,211,國泰-敦南,2023-11-08,8888
00922,國泰台灣領袖50,424,218,206,國泰-敦南,2023-11-08,8888
6117,迎廣,1342,1146,196,國泰-敦南,2023-11-08,8888
00715L,期街口布蘭特正2,727,532,195,國泰-敦南,2023-11-08,8888
00929,復華台灣科技優息,2226,2035,191,國泰-敦南,2023-11-08,8888
2002,中鋼,305,115,190,國泰-敦南,2023-11-08,8888
2388,威盛,1162,972,190,國泰-敦南,2023-11-08,8888
00934,中信成長高股息,325,141,184,國泰-敦南,2023-11-08,8888
2883,凱基金,253,71,182,國泰-敦南,2023-11-08,8888
1314,中石化,195,22,173,國泰-敦南,2023-11-08,8888
00642U,期元大S＆P石油,172,19,153,國泰-敦南,2023-11-08,8888
1605,華新,195,50,145,國泰-敦南,2023-11-08,8888
00665L,富邦�琤肭磪囓�2,346,202,144,國泰-敦南,2023-11-08,8888
6901,鑽石投資,367,225,142,國泰-敦南,2023-11-08,8888
2609,陽明,170,36,134,國泰-敦南,2023-11-08,8888
5347,世界,195,71,124,國泰-敦南,2023-11-08,8888
4128,中天,848,728,120,國泰-敦南,2023-11-08,8888
00706L,期元大S＆P日圓正2,116,0,116,國泰-敦南,2023-11-08,8888
2880,華南金,129,18,111,國泰-敦南,2023-11-08,8888
00935,野村臺灣新科技50,316,206,110,國泰-敦南,2023-11-08,8888
00882,中信中國高股息,179,72,107,國泰-敦南,2023-11-08,8888
00688L,國泰20年美債正2,207,114,93,國泰-敦南,2023-11-08,8888
6243,迅杰,261,182,79,國泰-敦南,2023-11-08,8888
9904,寶成,91,16,75,國泰-敦南,2023-11-08,8888
2337,旺宏,131,56,75,國泰-敦南,2023-11-08,8888
00885,富邦越南,151,79,72,國泰-敦南,2023-11-08,8888
3041,揚智,86,16,70,國泰-敦南,2023-11-08,8888
2201,裕隆,120,50,70,國泰-敦南,2023-11-08,8888
4167,松瑞藥,381,315,66,國泰-敦南,2023-11-08,8888
3006,晶豪科,219,153,66,國泰-敦南,2023-11-08,8888
2347,聯強,101,39,62,國泰-敦南,2023-11-08,8888
00676R,富邦臺灣加權反1,62,0,62,國泰-敦南,2023-11-08,8888
2603,長榮,106,45,61,國泰-敦南,2023-11-08,8888
2421,建準,330,269,61,國泰-敦南,2023-11-08,8888
3221,台嘉碩,103,43,60,國泰-敦南,2023-11-08,8888
8110,華東,173,115,58,國泰-敦南,2023-11-08,8888
6770,力積電,119,61,58,國泰-敦南,2023-11-08,8888
2516,新建,61,7,54,國泰-敦南,2023-11-08,8888
3260,威剛,167,114,53,國泰-敦南,2023-11-08,8888
2369,菱生,158,106,52,國泰-敦南,2023-11-08,8888
2542,興富發,66,15,51,國泰-敦南,2023-11-08,8888
00936,台新永續高息中小,1758,421,1337,國泰-敦南,2023-11-09,8888
00715L,期街口布蘭特正2,1148,202,946,國泰-敦南,2023-11-09,8888
00878,國泰永續高股息,1756,822,934,國泰-敦南,2023-11-09,8888
00680L,元大美債20正2,1040,233,807,國泰-敦南,2023-11-09,8888
00679B,元大美債20年,659,234,425,國泰-敦南,2023-11-09,8888
2329,華泰,2024,1670,354,國泰-敦南,2023-11-09,8888
2867,三商壽,387,58,329,國泰-敦南,2023-11-09,8888
00864B,中信美國公債0-1,302,0,302,國泰-敦南,2023-11-09,8888
2390,云辰,353,80,273,國泰-敦南,2023-11-09,8888
5347,世界,262,52,210,國泰-敦南,2023-11-09,8888
3122,笙泉,1134,927,207,國泰-敦南,2023-11-09,8888
00929,復華台灣科技優息,2126,1930,196,國泰-敦南,2023-11-09,8888
00882,中信中國高股息,262,70,192,國泰-敦南,2023-11-09,8888
00934,中信成長高股息,331,140,191,國泰-敦南,2023-11-09,8888
1324,地球,359,178,181,國泰-敦南,2023-11-09,8888
00688L,國泰20年美債正2,285,111,174,國泰-敦南,2023-11-09,8888
2002,中鋼,244,80,164,國泰-敦南,2023-11-09,8888
00751B,元大AAA至A公司債,270,107,163,國泰-敦南,2023-11-09,8888
00720B,元大投資級公司債,312,151,161,國泰-敦南,2023-11-09,8888
2331,精英,382,222,160,國泰-敦南,2023-11-09,8888
2515,中工,298,151,147,國泰-敦南,2023-11-09,8888
1314,中石化,386,244,142,國泰-敦南,2023-11-09,8888
2313,華通,396,256,140,國泰-敦南,2023-11-09,8888
00933B,國泰10Y+金融債,303,172,131,國泰-敦南,2023-11-09,8888
2486,一詮,340,210,130,國泰-敦南,2023-11-09,8888
00935,野村臺灣新科技50,206,88,118,國泰-敦南,2023-11-09,8888
2610,華航,422,304,118,國泰-敦南,2023-11-09,8888
00725B,國泰投資級公司債,151,33,118,國泰-敦南,2023-11-09,8888
2605,新興,176,61,115,國泰-敦南,2023-11-09,8888
00687B,國泰20年美債,604,491,113,國泰-敦南,2023-11-09,8888
2356,英業達,285,177,108,國泰-敦南,2023-11-09,8888
2338,光罩,149,41,108,國泰-敦南,2023-11-09,8888
2427,三商電,305,202,103,國泰-敦南,2023-11-09,8888
8111,立��,157,61,96,國泰-敦南,2023-11-09,8888
2405,輔信,126,30,96,國泰-敦南,2023-11-09,8888
6285,啟��,319,225,94,國泰-敦南,2023-11-09,8888
2388,威盛,520,428,92,國泰-敦南,2023-11-09,8888
2025,千興,113,22,91,國泰-敦南,2023-11-09,8888
3260,威剛,217,131,86,國泰-敦南,2023-11-09,8888
00773B,中信優先金融債,171,88,83,國泰-敦南,2023-11-09,8888
3013,晟銘電,381,298,83,國泰-敦南,2023-11-09,8888
00642U,期元大S＆P石油,140,58,82,國泰-敦南,2023-11-09,8888
8034,榮群,266,186,80,國泰-敦南,2023-11-09,8888
3702,大聯大,132,53,79,國泰-敦南,2023-11-09,8888
3715,定穎投控,140,63,77,國泰-敦南,2023-11-09,8888
00706L,期元大S＆P日圓正2,109,34,75,國泰-敦南,2023-11-09,8888
5388,中磊,105,30,75,國泰-敦南,2023-11-09,8888
2317,鴻海,375,300,75,國泰-敦南,2023-11-09,8888
1522,堤維西,402,328,74,國泰-敦南,2023-11-09,8888
2399,映泰,201,129,72,國泰-敦南,2023-11-09,8888
00878,國泰永續高股息,2506,878,1628,國泰-敦南,2023-11-10,8888
00936,台新永續高息中小,1485,139,1346,國泰-敦南,2023-11-10,8888
00632R,元大台灣50反1,1007,295,712,國泰-敦南,2023-11-10,8888
00687B,國泰20年美債,838,141,697,國泰-敦南,2023-11-10,8888
00919,群益台灣精選高息,964,276,688,國泰-敦南,2023-11-10,8888
00929,復華台灣科技優息,1716,1035,681,國泰-敦南,2023-11-10,8888
00679B,元大美債20年,506,101,405,國泰-敦南,2023-11-10,8888
00934,中信成長高股息,372,64,308,國泰-敦南,2023-11-10,8888
00773B,中信優先金融債,307,3,304,國泰-敦南,2023-11-10,8888
00665L,富邦�琤肭磪囓�2,658,400,258,國泰-敦南,2023-11-10,8888
00712,復華富時不動產,1170,937,233,國泰-敦南,2023-11-10,8888
00753L,中信中國50正2,337,105,232,國泰-敦南,2023-11-10,8888
00931B,統一美債20年,365,134,231,國泰-敦南,2023-11-10,8888
00680L,元大美債20正2,567,346,221,國泰-敦南,2023-11-10,8888
3231,緯創,1838,1629,209,國泰-敦南,2023-11-10,8888
00935,野村臺灣新科技50,231,28,203,國泰-敦南,2023-11-10,8888
2317,鴻海,262,61,201,國泰-敦南,2023-11-10,8888
00850,元大臺灣ESG永續,187,5,182,國泰-敦南,2023-11-10,8888
00706L,期元大S＆P日圓正2,185,16,169,國泰-敦南,2023-11-10,8888
2883,凱基金,290,124,166,國泰-敦南,2023-11-10,8888
00882,中信中國高股息,221,65,156,國泰-敦南,2023-11-10,8888
2388,威盛,576,429,147,國泰-敦南,2023-11-10,8888
2609,陽明,229,87,142,國泰-敦南,2023-11-10,8888
2382,廣達,509,369,140,國泰-敦南,2023-11-10,8888
2486,一詮,196,64,132,國泰-敦南,2023-11-10,8888
2352,佳世達,320,203,117,國泰-敦南,2023-11-10,8888
4743,合一,865,749,116,國泰-敦南,2023-11-10,8888
00688L,國泰20年美債正2,474,363,111,國泰-敦南,2023-11-10,8888
00923,群益台ESG低碳50,196,89,107,國泰-敦南,2023-11-10,8888
00669R,國泰美國道瓊反1,111,5,106,國泰-敦南,2023-11-10,8888
00751B,元大AAA至A公司債,250,144,106,國泰-敦南,2023-11-10,8888
4162,智擎,451,348,103,國泰-敦南,2023-11-10,8888
9105,泰金寶-DR,104,8,96,國泰-敦南,2023-11-10,8888
2025,千興,122,28,94,國泰-敦南,2023-11-10,8888
00772B,中信高評級公司債,160,68,92,國泰-敦南,2023-11-10,8888
6290,良維,269,179,90,國泰-敦南,2023-11-10,8888
2201,裕隆,158,68,90,國泰-敦南,2023-11-10,8888
00692,富邦公司治理,115,27,88,國泰-敦南,2023-11-10,8888
4164,承業醫,118,32,86,國泰-敦南,2023-11-10,8888
2408,南亞科,100,15,85,國泰-敦南,2023-11-10,8888
00795B,中信美國公債20年,104,24,80,國泰-敦南,2023-11-10,8888
2204,中華,185,107,78,國泰-敦南,2023-11-10,8888
2851,中再保,88,12,76,國泰-敦南,2023-11-10,8888
2353,宏��,122,47,75,國泰-敦南,2023-11-10,8888
2002,中鋼,175,102,73,國泰-敦南,2023-11-10,8888
00664R,國泰臺灣加權反1,95,27,68,國泰-敦南,2023-11-10,8888
6016,康和證,82,16,66,國泰-敦南,2023-11-10,8888
3024,憶聲,68,5,63,國泰-敦南,2023-11-10,8888
5871,中租-KY,68,5,63,國泰-敦南,2023-11-10,8888
2618,長榮航,504,447,57,國泰-敦南,2023-11-10,8888
00878,國泰永續高股息,3821,1126,2695,國泰-敦南,2023-11-13,8888
00679B,元大美債20年,970,187,783,國泰-敦南,2023-11-13,8888
00687B,國泰20年美債,922,351,571,國泰-敦南,2023-11-13,8888
2382,廣達,982,594,388,國泰-敦南,2023-11-13,8888
00900,富邦特選高股息30,531,206,325,國泰-敦南,2023-11-13,8888
2888,新光金,451,143,308,國泰-敦南,2023-11-13,8888
00715L,期街口布蘭特正2,474,192,282,國泰-敦南,2023-11-13,8888
3481,群創,426,148,278,國泰-敦南,2023-11-13,8888
00688L,國泰20年美債正2,627,384,243,國泰-敦南,2023-11-13,8888
1522,堤維西,378,141,237,國泰-敦南,2023-11-13,8888
00712,復華富時不動產,471,236,235,國泰-敦南,2023-11-13,8888
00751B,元大AAA至A公司債,298,88,210,國泰-敦南,2023-11-13,8888
00720B,元大投資級公司債,260,52,208,國泰-敦南,2023-11-13,8888
00882,中信中國高股息,279,72,207,國泰-敦南,2023-11-13,8888
6290,良維,372,166,206,國泰-敦南,2023-11-13,8888
00931B,統一美債20年,275,70,205,國泰-敦南,2023-11-13,8888
2618,長榮航,746,561,185,國泰-敦南,2023-11-13,8888
3036,文曄,341,158,183,國泰-敦南,2023-11-13,8888
00680L,元大美債20正2,404,222,182,國泰-敦南,2023-11-13,8888
2515,中工,283,113,170,國泰-敦南,2023-11-13,8888
00706L,期元大S＆P日圓正2,166,1,165,國泰-敦南,2023-11-13,8888
00671R,富邦NASDAQ反1,159,0,159,國泰-敦南,2023-11-13,8888
00929,復華台灣科技優息,1840,1684,156,國泰-敦南,2023-11-13,8888
00665L,富邦�琤肭磪囓�2,889,751,138,國泰-敦南,2023-11-13,8888
2610,華航,288,157,131,國泰-敦南,2023-11-13,8888
00795B,中信美國公債20年,155,24,131,國泰-敦南,2023-11-13,8888
2369,菱生,451,321,130,國泰-敦南,2023-11-13,8888
2204,中華,197,77,120,國泰-敦南,2023-11-13,8888
2408,南亞科,158,38,120,國泰-敦南,2023-11-13,8888
2002,中鋼,243,127,116,國泰-敦南,2023-11-13,8888
9958,世紀鋼,355,241,114,國泰-敦南,2023-11-13,8888
00933B,國泰10Y+金融債,216,102,114,國泰-敦南,2023-11-13,8888
00772B,中信高評級公司債,142,30,112,國泰-敦南,2023-11-13,8888
3234,光環,116,4,112,國泰-敦南,2023-11-13,8888
3062,建漢,119,8,111,國泰-敦南,2023-11-13,8888
2323,中環,162,52,110,國泰-敦南,2023-11-13,8888
2352,佳世達,179,81,98,國泰-敦南,2023-11-13,8888
00891,中信關鍵半導體,499,413,86,國泰-敦南,2023-11-13,8888
3024,憶聲,88,3,85,國泰-敦南,2023-11-13,8888
2485,兆赫,161,79,82,國泰-敦南,2023-11-13,8888
3078,僑威,120,38,82,國泰-敦南,2023-11-13,8888
00676R,富邦臺灣加權反1,91,10,81,國泰-敦南,2023-11-13,8888
3105,穩懋,152,71,81,國泰-敦南,2023-11-13,8888
9105,泰金寶-DR,83,8,75,國泰-敦南,2023-11-13,8888
2376,技嘉,343,271,72,國泰-敦南,2023-11-13,8888
2462,良得電,186,116,70,國泰-敦南,2023-11-13,8888
00850,元大臺灣ESG永續,109,39,70,國泰-敦南,2023-11-13,8888
2603,長榮,154,86,68,國泰-敦南,2023-11-13,8888
3703,欣陸,79,13,66,國泰-敦南,2023-11-13,8888
5519,隆大,105,42,63,國泰-敦南,2023-11-13,8888
3231,緯創,1449,980,469,國泰-敦南,2023-11-14,8888
00679B,元大美債20年,551,104,447,國泰-敦南,2023-11-14,8888
1504,東元,495,110,385,國泰-敦南,2023-11-14,8888
00687B,國泰20年美債,514,216,298,國泰-敦南,2023-11-14,8888
6282,康舒,456,190,266,國泰-敦南,2023-11-14,8888
2402,毅嘉,1031,789,242,國泰-敦南,2023-11-14,8888
9904,寶成,217,8,209,國泰-敦南,2023-11-14,8888
00712,復華富時不動產,562,358,204,國泰-敦南,2023-11-14,8888
1101,台泥,195,35,160,國泰-敦南,2023-11-14,8888
00720B,元大投資級公司債,200,72,128,國泰-敦南,2023-11-14,8888
5521,工信,219,100,119,國泰-敦南,2023-11-14,8888
2618,長榮航,448,333,115,國泰-敦南,2023-11-14,8888
00706L,期元大S＆P日圓正2,140,30,110,國泰-敦南,2023-11-14,8888
6244,茂迪,114,6,108,國泰-敦南,2023-11-14,8888
2427,三商電,176,74,102,國泰-敦南,2023-11-14,8888
3036,文曄,520,423,97,國泰-敦南,2023-11-14,8888
6274,台燿,166,71,95,國泰-敦南,2023-11-14,8888
00688L,國泰20年美債正2,190,95,95,國泰-敦南,2023-11-14,8888
00936,台新永續高息中小,220,127,93,國泰-敦南,2023-11-14,8888
00850,元大臺灣ESG永續,115,22,93,國泰-敦南,2023-11-14,8888
4401,東隆興,105,13,92,國泰-敦南,2023-11-14,8888
00632R,元大台灣50反1,461,370,91,國泰-敦南,2023-11-14,8888
2002,中鋼,166,79,87,國泰-敦南,2023-11-14,8888
2485,兆赫,212,130,82,國泰-敦南,2023-11-14,8888
6122,擎邦,1470,1390,80,國泰-敦南,2023-11-14,8888
6129,普誠,133,55,78,國泰-敦南,2023-11-14,8888
8088,品安,180,102,78,國泰-敦南,2023-11-14,8888
00904,新光臺灣半導體30,113,38,75,國泰-敦南,2023-11-14,8888
1515,力山,775,706,69,國泰-敦南,2023-11-14,8888
2356,英業達,290,224,66,國泰-敦南,2023-11-14,8888
8110,華東,99,33,66,國泰-敦南,2023-11-14,8888
2883,凱基金,151,86,65,國泰-敦南,2023-11-14,8888
2313,華通,657,592,65,國泰-敦南,2023-11-14,8888
3006,晶豪科,362,298,64,國泰-敦南,2023-11-14,8888
1815,富喬,415,353,62,國泰-敦南,2023-11-14,8888
2601,益航,84,23,61,國泰-敦南,2023-11-14,8888
2605,新興,103,43,60,國泰-敦南,2023-11-14,8888
00692,富邦公司治理,121,61,60,國泰-敦南,2023-11-14,8888
2323,中環,91,34,57,國泰-敦南,2023-11-14,8888
1217,愛之味,70,14,56,國泰-敦南,2023-11-14,8888
00671R,富邦NASDAQ反1,53,0,53,國泰-敦南,2023-11-14,8888
2887,台新金,119,71,48,國泰-敦南,2023-11-14,8888
3047,訊舟,53,5,48,國泰-敦南,2023-11-14,8888
6111,大宇資,116,68,48,國泰-敦南,2023-11-14,8888
3306,鼎天,314,267,47,國泰-敦南,2023-11-14,8888
4707,磐亞,52,4,48,國泰-敦南,2023-11-14,8888
3037,欣興,107,60,47,國泰-敦南,2023-11-14,8888
00751B,元大AAA至A公司債,111,65,46,國泰-敦南,2023-11-14,8888
3024,憶聲,61,16,45,國泰-敦南,2023-11-14,8888
00890B,凱基ESG BBB債,46,2,44,國泰-敦南,2023-11-14,8888
00878,國泰永續高股息,5456,2805,2651,國泰-敦南,2023-11-15,8888
00679B,元大美債20年,1161,207,954,國泰-敦南,2023-11-15,8888
00929,復華台灣科技優息,3313,2627,686,國泰-敦南,2023-11-15,8888
00680L,元大美債20正2,976,410,566,國泰-敦南,2023-11-15,8888
00687B,國泰20年美債,883,332,551,國泰-敦南,2023-11-15,8888
00632R,元大台灣50反1,1334,789,545,國泰-敦南,2023-11-15,8888
00673R,期元大S＆P原油反1,377,42,335,國泰-敦南,2023-11-15,8888
5521,工信,630,311,319,國泰-敦南,2023-11-15,8888
00720B,元大投資級公司債,432,153,279,國泰-敦南,2023-11-15,8888
2867,三商壽,388,123,265,國泰-敦南,2023-11-15,8888
2317,鴻海,559,318,241,國泰-敦南,2023-11-15,8888
2883B,凱基金乙特,231,0,231,國泰-敦南,2023-11-15,8888
00933B,國泰10Y+金融債,352,145,207,國泰-敦南,2023-11-15,8888
3706,神達,398,195,203,國泰-敦南,2023-11-15,8888
2449,京元電子,640,440,200,國泰-敦南,2023-11-15,8888
4967,十銓,616,426,190,國泰-敦南,2023-11-15,8888
6139,亞翔,357,173,184,國泰-敦南,2023-11-15,8888
00751B,元大AAA至A公司債,313,130,183,國泰-敦南,2023-11-15,8888
00688L,國泰20年美債正2,621,438,183,國泰-敦南,2023-11-15,8888
2323,中環,317,139,178,國泰-敦南,2023-11-15,8888
00637L,元大滬深300正2,259,98,161,國泰-敦南,2023-11-15,8888
2353,宏��,404,249,155,國泰-敦南,2023-11-15,8888
00795B,中信美國公債20年,205,58,147,國泰-敦南,2023-11-15,8888
3035,智原,400,265,135,國泰-敦南,2023-11-15,8888
2356,英業達,414,290,124,國泰-敦南,2023-11-15,8888
2516,新建,250,128,122,國泰-敦南,2023-11-15,8888
00919,群益台灣精選高息,1236,1126,110,國泰-敦南,2023-11-15,8888
1806,冠軍,105,3,102,國泰-敦南,2023-11-15,8888
1815,富喬,461,361,100,國泰-敦南,2023-11-15,8888
2402,毅嘉,435,336,99,國泰-敦南,2023-11-15,8888
00934,中信成長高股息,259,160,99,國泰-敦南,2023-11-15,8888
00931B,統一美債20年,324,229,95,國泰-敦南,2023-11-15,8888
6187,萬潤,277,185,92,國泰-敦南,2023-11-15,8888
2486,一詮,165,85,80,國泰-敦南,2023-11-15,8888
2630,亞航,213,133,80,國泰-敦南,2023-11-15,8888
3013,晟銘電,242,162,80,國泰-敦南,2023-11-15,8888
3260,威剛,265,190,75,國泰-敦南,2023-11-15,8888
3548,兆利,382,308,74,國泰-敦南,2023-11-15,8888
00857B,永豐20年美公債,83,19,64,國泰-敦南,2023-11-15,8888
00935,野村臺灣新科技50,257,194,63,國泰-敦南,2023-11-15,8888
00722B,群益投資級電信債,88,25,63,國泰-敦南,2023-11-15,8888
2332,友訊,69,8,61,國泰-敦南,2023-11-15,8888
2606,裕民,76,18,58,國泰-敦南,2023-11-15,8888
00761B,國泰A級公司債,57,1,56,國泰-敦南,2023-11-15,8888
4908,前鼎,258,203,55,國泰-敦南,2023-11-15,8888
00715L,期街口布蘭特正2,282,229,53,國泰-敦南,2023-11-15,8888
5258,虹堡,248,195,53,國泰-敦南,2023-11-15,8888
00719B,元大美債1-3,124,73,51,國泰-敦南,2023-11-15,8888
3017,奇鋐,280,230,50,國泰-敦南,2023-11-15,8888
6191,精成科,72,22,50,國泰-敦南,2023-11-15,8888
00878,國泰永續高股息,5079,1931,3148,國泰-敦南,2023-11-16,8888
00679B,元大美債20年,1044,95,949,國泰-敦南,2023-11-16,8888
00687B,國泰20年美債,1084,206,878,國泰-敦南,2023-11-16,8888
2867,三商壽,586,22,564,國泰-敦南,2023-11-16,8888
00715L,期街口布蘭特正2,686,131,555,國泰-敦南,2023-11-16,8888
00929,復華台灣科技優息,2682,2228,454,國泰-敦南,2023-11-16,8888
00751B,元大AAA至A公司債,428,32,396,國泰-敦南,2023-11-16,8888
00632R,元大台灣50反1,705,335,370,國泰-敦南,2023-11-16,8888
2417,圓剛,2326,1976,350,國泰-敦南,2023-11-16,8888
00671R,富邦NASDAQ反1,314,2,312,國泰-敦南,2023-11-16,8888
00680L,元大美債20正2,460,166,294,國泰-敦南,2023-11-16,8888
00720B,元大投資級公司債,413,144,269,國泰-敦南,2023-11-16,8888
00935,野村臺灣新科技50,326,72,254,國泰-敦南,2023-11-16,8888
00931B,統一美債20年,373,121,252,國泰-敦南,2023-11-16,8888
00934,中信成長高股息,386,143,243,國泰-敦南,2023-11-16,8888
3231,緯創,952,726,226,國泰-敦南,2023-11-16,8888
00933B,國泰10Y+金融債,246,29,217,國泰-敦南,2023-11-16,8888
2352,佳世達,291,74,217,國泰-敦南,2023-11-16,8888
2329,華泰,2537,2321,216,國泰-敦南,2023-11-16,8888
00692,富邦公司治理,258,42,216,國泰-敦南,2023-11-16,8888
9105,泰金寶-DR,224,23,201,國泰-敦南,2023-11-16,8888
00919,群益台灣精選高息,1019,833,186,國泰-敦南,2023-11-16,8888
00795B,中信美國公債20年,179,3,176,國泰-敦南,2023-11-16,8888
00688L,國泰20年美債正2,662,491,171,國泰-敦南,2023-11-16,8888
00772B,中信高評級公司債,202,44,158,國泰-敦南,2023-11-16,8888
00673R,期元大S＆P原油反1,268,110,158,國泰-敦南,2023-11-16,8888
2380,虹光,163,9,154,國泰-敦南,2023-11-16,8888
2515,中工,168,26,142,國泰-敦南,2023-11-16,8888
9904,寶成,227,85,142,國泰-敦南,2023-11-16,8888
2027,大成鋼,268,145,123,國泰-敦南,2023-11-16,8888
2357,華碩,169,51,118,國泰-敦南,2023-11-16,8888
2883B,凱基金乙特,112,10,102,國泰-敦南,2023-11-16,8888
00885,富邦越南,153,53,100,國泰-敦南,2023-11-16,8888
1789,神隆,105,6,99,國泰-敦南,2023-11-16,8888
1504,東元,300,210,90,國泰-敦南,2023-11-16,8888
1515,力山,1378,1288,90,國泰-敦南,2023-11-16,8888
3362,先進光,220,131,89,國泰-敦南,2023-11-16,8888
3141,晶宏,95,9,86,國泰-敦南,2023-11-16,8888
6290,良維,174,92,82,國泰-敦南,2023-11-16,8888
00891,中信關鍵半導體,193,112,81,國泰-敦南,2023-11-16,8888
5512,力麒,191,112,79,國泰-敦南,2023-11-16,8888
4743,合一,198,121,77,國泰-敦南,2023-11-16,8888
3682,亞太電,135,59,76,國泰-敦南,2023-11-16,8888
1101,台泥,148,75,73,國泰-敦南,2023-11-16,8888
6456,GIS-KY,119,48,71,國泰-敦南,2023-11-16,8888
3006,晶豪科,336,266,70,國泰-敦南,2023-11-16,8888
2382,廣達,413,344,69,國泰-敦南,2023-11-16,8888
00857B,永豐20年美公債,67,2,65,國泰-敦南,2023-11-16,8888
4967,十銓,391,327,64,國泰-敦南,2023-11-16,8888
00902,中信電池及儲能,85,24,61,國泰-敦南,2023-11-16,8888
00665L,富邦�琤肭磪囓�2,1568,522,1046,國泰-敦南,2023-11-17,8888
00715L,期街口布蘭特正2,920,113,807,國泰-敦南,2023-11-17,8888
00679B,元大美債20年,717,172,545,國泰-敦南,2023-11-17,8888
00712,復華富時不動產,1546,1035,511,國泰-敦南,2023-11-17,8888
00751B,元大AAA至A公司債,425,63,362,國泰-敦南,2023-11-17,8888
00632R,元大台灣50反1,664,314,350,國泰-敦南,2023-11-17,8888
00931B,統一美債20年,457,116,341,國泰-敦南,2023-11-17,8888
2618,長榮航,2399,2062,337,國泰-敦南,2023-11-17,8888
00687B,國泰20年美債,433,106,327,國泰-敦南,2023-11-17,8888
1815,富喬,564,260,304,國泰-敦南,2023-11-17,8888
00882,中信中國高股息,361,70,291,國泰-敦南,2023-11-17,8888
00753L,中信中國50正2,356,83,273,國泰-敦南,2023-11-17,8888
3041,揚智,3151,2879,272,國泰-敦南,2023-11-17,8888
2610,華航,793,564,229,國泰-敦南,2023-11-17,8888
00933B,國泰10Y+金融債,275,57,218,國泰-敦南,2023-11-17,8888
00637L,元大滬深300正2,251,34,217,國泰-敦南,2023-11-17,8888
2516,新建,335,130,205,國泰-敦南,2023-11-17,8888
2380,虹光,226,23,203,國泰-敦南,2023-11-17,8888
00720B,元大投資級公司債,290,96,194,國泰-敦南,2023-11-17,8888
2883B,凱基金乙特,190,10,180,國泰-敦南,2023-11-17,8888
2356,英業達,378,201,177,國泰-敦南,2023-11-17,8888
3715,定穎投控,1370,1214,156,國泰-敦南,2023-11-17,8888
00935,野村臺灣新科技50,172,25,147,國泰-敦南,2023-11-17,8888
2609,陽明,215,75,140,國泰-敦南,2023-11-17,8888
00795B,中信美國公債20年,141,10,131,國泰-敦南,2023-11-17,8888
3260,威剛,203,74,129,國泰-敦南,2023-11-17,8888
2344,華邦電,415,299,116,國泰-敦南,2023-11-17,8888
00676R,富邦臺灣加權反1,106,0,106,國泰-敦南,2023-11-17,8888
3682,亞太電,143,38,105,國泰-敦南,2023-11-17,8888
2353,宏��,127,28,99,國泰-敦南,2023-11-17,8888
00688L,國泰20年美債正2,225,126,99,國泰-敦南,2023-11-17,8888
00857B,永豐20年美公債,93,0,93,國泰-敦南,2023-11-17,8888
6125,廣運,346,260,86,國泰-敦南,2023-11-17,8888
2371,大同,129,47,82,國泰-敦南,2023-11-17,8888
00642U,期元大S＆P石油,95,14,81,國泰-敦南,2023-11-17,8888
1316,上曜,169,89,80,國泰-敦南,2023-11-17,8888
00690,兆豐藍籌30,89,14,75,國泰-敦南,2023-11-17,8888
00902,中信電池及儲能,92,17,75,國泰-敦南,2023-11-17,8888
5864,致和證,83,9,74,國泰-敦南,2023-11-17,8888
6282,康舒,262,191,71,國泰-敦南,2023-11-17,8888
3036,文曄,134,67,67,國泰-敦南,2023-11-17,8888
2739,寒舍,119,52,67,國泰-敦南,2023-11-17,8888
00936,台新永續高息中小,153,87,66,國泰-敦南,2023-11-17,8888
2486,一詮,111,48,63,國泰-敦南,2023-11-17,8888
2601,益航,78,17,61,國泰-敦南,2023-11-17,8888
8936,國統,244,184,60,國泰-敦南,2023-11-17,8888
2630,亞航,113,54,59,國泰-敦南,2023-11-17,8888
1519,華城,378,323,55,國泰-敦南,2023-11-17,8888
00772B,中信高評級公司債,129,75,54,國泰-敦南,2023-11-17,8888
6186,新潤,62,8,54,國泰-敦南,2023-11-17,8888
00687B,國泰20年美債,842,310,532,國泰-敦南,2023-11-20,8888
00929,復華台灣科技優息,4067,3556,511,國泰-敦南,2023-11-20,8888
00679B,元大美債20年,767,319,448,國泰-敦南,2023-11-20,8888
2610,華航,664,227,437,國泰-敦南,2023-11-20,8888
00751B,元大AAA至A公司債,462,31,431,國泰-敦南,2023-11-20,8888
00720B,元大投資級公司債,515,114,401,國泰-敦南,2023-11-20,8888
2515,中工,371,28,343,國泰-敦南,2023-11-20,8888
00885,富邦越南,479,160,319,國泰-敦南,2023-11-20,8888
00931B,統一美債20年,422,109,313,國泰-敦南,2023-11-20,8888
00673R,期元大S＆P原油反1,331,40,291,國泰-敦南,2023-11-20,8888
2618,長榮航,1176,895,281,國泰-敦南,2023-11-20,8888
2380,虹光,296,25,271,國泰-敦南,2023-11-20,8888
00680L,元大美債20正2,374,116,258,國泰-敦南,2023-11-20,8888
2356,英業達,514,268,246,國泰-敦南,2023-11-20,8888
00933B,國泰10Y+金融債,284,55,229,國泰-敦南,2023-11-20,8888
2363,矽統,2072,1844,228,國泰-敦南,2023-11-20,8888
00878,國泰永續高股息,1439,1233,206,國泰-敦南,2023-11-20,8888
2867,三商壽,186,9,177,國泰-敦南,2023-11-20,8888
5706,鳳凰,381,226,155,國泰-敦南,2023-11-20,8888
00795B,中信美國公債20年,147,5,142,國泰-敦南,2023-11-20,8888
00934,中信成長高股息,279,140,139,國泰-敦南,2023-11-20,8888
00919,群益台灣精選高息,677,541,136,國泰-敦南,2023-11-20,8888
2344,華邦電,432,296,136,國泰-敦南,2023-11-20,8888
00690,兆豐藍籌30,167,33,134,國泰-敦南,2023-11-20,8888
8110,華東,174,40,134,國泰-敦南,2023-11-20,8888
3035,智原,687,557,130,國泰-敦南,2023-11-20,8888
2201,裕隆,221,95,126,國泰-敦南,2023-11-20,8888
00935,野村臺灣新科技50,155,35,120,國泰-敦南,2023-11-20,8888
2543,皇昌,327,217,110,國泰-敦南,2023-11-20,8888
00706L,期元大S＆P日圓正2,192,84,108,國泰-敦南,2023-11-20,8888
2317,鴻海,267,160,107,國泰-敦南,2023-11-20,8888
1314,中石化,157,50,107,國泰-敦南,2023-11-20,8888
3682,亞太電,156,54,102,國泰-敦南,2023-11-20,8888
2352,佳世達,206,105,101,國泰-敦南,2023-11-20,8888
2801,彰銀,101,7,94,國泰-敦南,2023-11-20,8888
00772B,中信高評級公司債,151,59,92,國泰-敦南,2023-11-20,8888
3701,大眾控,251,160,91,國泰-敦南,2023-11-20,8888
3047,訊舟,133,45,88,國泰-敦南,2023-11-20,8888
2312,金寶,325,244,81,國泰-敦南,2023-11-20,8888
2409,友達,214,136,78,國泰-敦南,2023-11-20,8888
2736,富野,268,193,75,國泰-敦南,2023-11-20,8888
1227,佳格,83,8,75,國泰-敦南,2023-11-20,8888
8034,榮群,223,148,75,國泰-敦南,2023-11-20,8888
6589,台康生技,78,16,62,國泰-敦南,2023-11-20,8888
9904,寶成,71,10,61,國泰-敦南,2023-11-20,8888
00857B,永豐20年美公債,62,1,61,國泰-敦南,2023-11-20,8888
00631L,元大台灣50正2,88,31,57,國泰-敦南,2023-11-20,8888
3363,上詮,172,118,54,國泰-敦南,2023-11-20,8888
3228,金麗科,86,33,53,國泰-敦南,2023-11-20,8888
4931,新盛力,156,103,53,國泰-敦南,2023-11-20,8888
00632R,元大台灣50反1,2118,348,1770,國泰-敦南,2023-11-21,8888
00712,復華富時不動產,1331,357,974,國泰-敦南,2023-11-21,8888
3041,揚智,2691,2087,604,國泰-敦南,2023-11-21,8888
5351,鈺創,1539,997,542,國泰-敦南,2023-11-21,8888
2618,長榮航,940,592,348,國泰-敦南,2023-11-21,8888
3059,華晶科,759,434,325,國泰-敦南,2023-11-21,8888
00679B,元大美債20年,467,167,300,國泰-敦南,2023-11-21,8888
00706L,期元大S＆P日圓正2,375,87,288,國泰-敦南,2023-11-21,8888
2363,矽統,1446,1206,240,國泰-敦南,2023-11-21,8888
1815,富喬,539,320,219,國泰-敦南,2023-11-21,8888
2380,虹光,382,168,214,國泰-敦南,2023-11-21,8888
3715,定穎投控,1437,1230,207,國泰-敦南,2023-11-21,8888
00680L,元大美債20正2,413,235,178,國泰-敦南,2023-11-21,8888
00885,富邦越南,333,157,176,國泰-敦南,2023-11-21,8888
00919,群益台灣精選高息,971,795,176,國泰-敦南,2023-11-21,8888
00720B,元大投資級公司債,344,207,137,國泰-敦南,2023-11-21,8888
2516,新建,323,190,133,國泰-敦南,2023-11-21,8888
2329,華泰,431,298,133,國泰-敦南,2023-11-21,8888
00676R,富邦臺灣加權反1,137,5,132,國泰-敦南,2023-11-21,8888
2355,敬鵬,1404,1273,131,國泰-敦南,2023-11-21,8888
1504,東元,252,127,125,國泰-敦南,2023-11-21,8888
00933B,國泰10Y+金融債,276,156,120,國泰-敦南,2023-11-21,8888
2367,燿華,870,756,114,國泰-敦南,2023-11-21,8888
2352,佳世達,156,47,109,國泰-敦南,2023-11-21,8888
00751B,元大AAA至A公司債,227,124,103,國泰-敦南,2023-11-21,8888
8054,安國,514,427,87,國泰-敦南,2023-11-21,8888
8936,國統,397,315,82,國泰-敦南,2023-11-21,8888
6191,精成科,232,154,78,國泰-敦南,2023-11-21,8888
2609,陽明,165,88,77,國泰-敦南,2023-11-21,8888
3006,晶豪科,167,92,75,國泰-敦南,2023-11-21,8888
6282,康舒,478,404,74,國泰-敦南,2023-11-21,8888
2313,華通,2872,2799,73,國泰-敦南,2023-11-21,8888
1324,地球,110,37,73,國泰-敦南,2023-11-21,8888
2303,聯電,587,516,71,國泰-敦南,2023-11-21,8888
4414,如興,87,20,67,國泰-敦南,2023-11-21,8888
00687B,國泰20年美債,288,221,67,國泰-敦南,2023-11-21,8888
3694,海華,195,128,67,國泰-敦南,2023-11-21,8888
2542,興富發,73,10,63,國泰-敦南,2023-11-21,8888
6158,禾昌,89,26,63,國泰-敦南,2023-11-21,8888
5258,虹堡,245,183,62,國泰-敦南,2023-11-21,8888
5533,皇鼎,144,82,62,國泰-敦南,2023-11-21,8888
3264,欣銓,116,57,59,國泰-敦南,2023-11-21,8888
6116,彩晶,75,16,59,國泰-敦南,2023-11-21,8888
3017,奇鋐,196,138,58,國泰-敦南,2023-11-21,8888
00642U,期元大S＆P石油,90,33,57,國泰-敦南,2023-11-21,8888
00715L,期街口布蘭特正2,303,247,56,國泰-敦南,2023-11-21,8888
3013,晟銘電,220,164,56,國泰-敦南,2023-11-21,8888
2401,凌陽,489,435,54,國泰-敦南,2023-11-21,8888
6237,驊訊,364,311,53,國泰-敦南,2023-11-21,8888
2486,一詮,102,50,52,國泰-敦南,2023-11-21,8888
00919,群益台灣精選高息,1874,274,1600,國泰-敦南,2023-11-22,8888
3231,緯創,2193,827,1366,國泰-敦南,2023-11-22,8888
00878,國泰永續高股息,1941,890,1051,國泰-敦南,2023-11-22,8888
2356,英業達,1197,438,759,國泰-敦南,2023-11-22,8888
0056,元大高股息,839,227,612,國泰-敦南,2023-11-22,8888
00665L,富邦�琤肭磪囓�2,818,347,471,國泰-敦南,2023-11-22,8888
00931B,統一美債20年,554,111,443,國泰-敦南,2023-11-22,8888
00687B,國泰20年美債,580,142,438,國泰-敦南,2023-11-22,8888
2353,宏��,512,89,423,國泰-敦南,2023-11-22,8888
2516,新建,705,282,423,國泰-敦南,2023-11-22,8888
2382,廣達,623,246,377,國泰-敦南,2023-11-22,8888
00680L,元大美債20正2,482,159,323,國泰-敦南,2023-11-22,8888
00751B,元大AAA至A公司債,326,26,300,國泰-敦南,2023-11-22,8888
00720B,元大投資級公司債,298,37,261,國泰-敦南,2023-11-22,8888
00637L,元大滬深300正2,378,123,255,國泰-敦南,2023-11-22,8888
00934,中信成長高股息,392,144,248,國泰-敦南,2023-11-22,8888
00679B,元大美債20年,334,98,236,國泰-敦南,2023-11-22,8888
3325,旭品,1144,926,218,國泰-敦南,2023-11-22,8888
2376,技嘉,463,254,209,國泰-敦南,2023-11-22,8888
2409,友達,269,64,205,國泰-敦南,2023-11-22,8888
00881,國泰台灣5G+,378,179,199,國泰-敦南,2023-11-22,8888
2301,光寶科,260,63,197,國泰-敦南,2023-11-22,8888
3623,富晶通,342,148,194,國泰-敦南,2023-11-22,8888
2352,佳世達,246,59,187,國泰-敦南,2023-11-22,8888
4414,如興,199,13,186,國泰-敦南,2023-11-22,8888
5533,皇鼎,437,255,182,國泰-敦南,2023-11-22,8888
6901,鑽石投資,222,54,168,國泰-敦南,2023-11-22,8888
00935,野村臺灣新科技50,228,68,160,國泰-敦南,2023-11-22,8888
2201,裕隆,164,35,129,國泰-敦南,2023-11-22,8888
2801,彰銀,138,12,126,國泰-敦南,2023-11-22,8888
2330,台積電,163,39,124,國泰-敦南,2023-11-22,8888
00688L,國泰20年美債正2,230,111,119,國泰-敦南,2023-11-22,8888
00632R,元大台灣50反1,664,549,115,國泰-敦南,2023-11-22,8888
3322,建舜電,114,3,111,國泰-敦南,2023-11-22,8888
2380,虹光,146,35,111,國泰-敦南,2023-11-22,8888
2867,三商壽,125,18,107,國泰-敦南,2023-11-22,8888
2515,中工,154,49,105,國泰-敦南,2023-11-22,8888
3706,神達,286,181,105,國泰-敦南,2023-11-22,8888
2888,新光金,314,215,99,國泰-敦南,2023-11-22,8888
2388,威盛,1625,1529,96,國泰-敦南,2023-11-22,8888
6271,同欣電,116,22,94,國泰-敦南,2023-11-22,8888
2501,國建,123,32,91,國泰-敦南,2023-11-22,8888
5864,致和證,91,4,87,國泰-敦南,2023-11-22,8888
4979,華星光,242,156,86,國泰-敦南,2023-11-22,8888
00915,凱基優選高股息30,96,10,86,國泰-敦南,2023-11-22,8888
6274,台燿,276,190,86,國泰-敦南,2023-11-22,8888
00795B,中信美國公債20年,90,5,85,國泰-敦南,2023-11-22,8888
2023,燁輝,242,159,83,國泰-敦南,2023-11-22,8888
00922,國泰台灣領袖50,225,149,76,國泰-敦南,2023-11-22,8888
2834,臺企銀,121,47,74,國泰-敦南,2023-11-22,8888
00919,群益台灣精選高息,2245,378,1867,國泰-敦南,2023-11-23,8888
00929,復華台灣科技優息,2132,1354,778,國泰-敦南,2023-11-23,8888
6282,康舒,3947,3352,595,國泰-敦南,2023-11-23,8888
00715L,期街口布蘭特正2,733,157,576,國泰-敦南,2023-11-23,8888
3231,緯創,1102,666,436,國泰-敦南,2023-11-23,8888
00878,國泰永續高股息,1706,1319,387,國泰-敦南,2023-11-23,8888
2363,矽統,1862,1502,360,國泰-敦南,2023-11-23,8888
00632R,元大台灣50反1,1049,711,338,國泰-敦南,2023-11-23,8888
5521,工信,1192,939,253,國泰-敦南,2023-11-23,8888
00637L,元大滬深300正2,335,88,247,國泰-敦南,2023-11-23,8888
00706L,期元大S＆P日圓正2,269,52,217,國泰-敦南,2023-11-23,8888
1608,華榮,221,11,210,國泰-敦南,2023-11-23,8888
3078,僑威,926,719,207,國泰-敦南,2023-11-23,8888
3035,智原,431,229,202,國泰-敦南,2023-11-23,8888
2457,飛宏,738,551,187,國泰-敦南,2023-11-23,8888
00935,野村臺灣新科技50,233,56,177,國泰-敦南,2023-11-23,8888
9904,寶成,215,47,168,國泰-敦南,2023-11-23,8888
2382,廣達,407,239,168,國泰-敦南,2023-11-23,8888
8054,安國,955,789,166,國泰-敦南,2023-11-23,8888
4968,立積,243,78,165,國泰-敦南,2023-11-23,8888
3234,光環,189,27,162,國泰-敦南,2023-11-23,8888
6530,創威,525,366,159,國泰-敦南,2023-11-23,8888
00688L,國泰20年美債正2,217,64,153,國泰-敦南,2023-11-23,8888
2332,友訊,165,14,151,國泰-敦南,2023-11-23,8888
6243,迅杰,618,474,144,國泰-敦南,2023-11-23,8888
00722B,群益投資級電信債,172,33,139,國泰-敦南,2023-11-23,8888
4960,誠美材,159,23,136,國泰-敦南,2023-11-23,8888
3041,揚智,1359,1227,132,國泰-敦南,2023-11-23,8888
3694,海華,781,651,130,國泰-敦南,2023-11-23,8888
5009,榮剛,271,144,127,國泰-敦南,2023-11-23,8888
2516,新建,343,217,126,國泰-敦南,2023-11-23,8888
6237,驊訊,846,722,124,國泰-敦南,2023-11-23,8888
2313,華通,744,625,119,國泰-敦南,2023-11-23,8888
3006,晶豪科,994,880,114,國泰-敦南,2023-11-23,8888
2476,鉅祥,411,298,113,國泰-敦南,2023-11-23,8888
2317,鴻海,195,84,111,國泰-敦南,2023-11-23,8888
3715,定穎投控,1803,1694,109,國泰-敦南,2023-11-23,8888
00934,中信成長高股息,263,154,109,國泰-敦南,2023-11-23,8888
3047,訊舟,215,108,107,國泰-敦南,2023-11-23,8888
00680L,元大美債20正2,458,351,107,國泰-敦南,2023-11-23,8888
2439,美律,164,63,101,國泰-敦南,2023-11-23,8888
00713,元大台灣高息低波,190,93,97,國泰-敦南,2023-11-23,8888
00922,國泰台灣領袖50,168,72,96,國泰-敦南,2023-11-23,8888
2891,中信金,518,422,96,國泰-敦南,2023-11-23,8888
2838,聯邦銀,108,16,92,國泰-敦南,2023-11-23,8888
5347,世界,681,590,91,國泰-敦南,2023-11-23,8888
2388,威盛,868,778,90,國泰-敦南,2023-11-23,8888
3483,力致,297,208,89,國泰-敦南,2023-11-23,8888
1324,地球,116,27,89,國泰-敦南,2023-11-23,8888
2498,宏達電,154,67,87,國泰-敦南,2023-11-23,8888
00919,群益台灣精選高息,1219,457,762,國泰-敦南,2023-11-24,8888
00931B,統一美債20年,796,46,750,國泰-敦南,2023-11-24,8888
00687B,國泰20年美債,761,29,732,國泰-敦南,2023-11-24,8888
2618,長榮航,1236,510,726,國泰-敦南,2023-11-24,8888
2610,華航,634,127,507,國泰-敦南,2023-11-24,8888
00665L,富邦�琤肭磪囓�2,1595,1125,470,國泰-敦南,2023-11-24,8888
5351,鈺創,2172,1802,370,國泰-敦南,2023-11-24,8888
00720B,元大投資級公司債,438,84,354,國泰-敦南,2023-11-24,8888
00679B,元大美債20年,381,35,346,國泰-敦南,2023-11-24,8888
00751B,元大AAA至A公司債,332,24,308,國泰-敦南,2023-11-24,8888
2515,中工,363,67,296,國泰-敦南,2023-11-24,8888
00680L,元大美債20正2,389,104,285,國泰-敦南,2023-11-24,8888
00688L,國泰20年美債正2,308,36,272,國泰-敦南,2023-11-24,8888
3234,光環,298,57,241,國泰-敦南,2023-11-24,8888
00885,富邦越南,497,259,238,國泰-敦南,2023-11-24,8888
3006,晶豪科,658,433,225,國泰-敦南,2023-11-24,8888
2382,廣達,371,179,192,國泰-敦南,2023-11-24,8888
00650L,復華香港正2,239,67,172,國泰-敦南,2023-11-24,8888
2356,英業達,424,253,171,國泰-敦南,2023-11-24,8888
1609,大亞,401,230,171,國泰-敦南,2023-11-24,8888
5425,台半,220,57,163,國泰-敦南,2023-11-24,8888
00934,中信成長高股息,261,100,161,國泰-敦南,2023-11-24,8888
00878,國泰永續高股息,1094,934,160,國泰-敦南,2023-11-24,8888
3437,榮創,834,685,149,國泰-敦南,2023-11-24,8888
6235,華孚,453,311,142,國泰-敦南,2023-11-24,8888
00933B,國泰10Y+金融債,318,191,127,國泰-敦南,2023-11-24,8888
2891,中信金,261,143,118,國泰-敦南,2023-11-24,8888
1449,佳和,174,57,117,國泰-敦南,2023-11-24,8888
00795B,中信美國公債20年,121,6,115,國泰-敦南,2023-11-24,8888
2457,飛宏,1473,1364,109,國泰-敦南,2023-11-24,8888
2344,華邦電,216,114,102,國泰-敦南,2023-11-24,8888
6578,達邦蛋白,159,58,101,國泰-敦南,2023-11-24,8888
1314,中石化,121,20,101,國泰-敦南,2023-11-24,8888
3049,精金,102,2,100,國泰-敦南,2023-11-24,8888
2363,矽統,1067,967,100,國泰-敦南,2023-11-24,8888
1815,富喬,399,309,90,國泰-敦南,2023-11-24,8888
6117,迎廣,630,541,89,國泰-敦南,2023-11-24,8888
00772B,中信高評級公司債,146,58,88,國泰-敦南,2023-11-24,8888
2317,鴻海,151,64,87,國泰-敦南,2023-11-24,8888
5347,世界,745,659,86,國泰-敦南,2023-11-24,8888
2352,佳世達,117,32,85,國泰-敦南,2023-11-24,8888
3322,建舜電,92,8,84,國泰-敦南,2023-11-24,8888
2888,新光金,838,754,84,國泰-敦南,2023-11-24,8888
3231,緯創,424,341,83,國泰-敦南,2023-11-24,8888
00936,台新永續高息中小,204,122,82,國泰-敦南,2023-11-24,8888
3706,神達,206,125,81,國泰-敦南,2023-11-24,8888
4956,光鋐,366,286,80,國泰-敦南,2023-11-24,8888
4702,中美實,98,20,78,國泰-敦南,2023-11-24,8888
5706,鳳凰,175,100,75,國泰-敦南,2023-11-24,8888
2417,圓剛,517,446,71,國泰-敦南,2023-11-24,8888
00919,群益台灣精選高息,2221,467,1754,國泰-敦南,2023-11-27,8888
00665L,富邦�琤肭磪囓�2,2421,1107,1314,國泰-敦南,2023-11-27,8888
00687B,國泰20年美債,1107,111,996,國泰-敦南,2023-11-27,8888
00931B,統一美債20年,970,79,891,國泰-敦南,2023-11-27,8888
00878,國泰永續高股息,2062,1243,819,國泰-敦南,2023-11-27,8888
2883,凱基金,1332,588,744,國泰-敦南,2023-11-27,8888
3231,緯創,1213,533,680,國泰-敦南,2023-11-27,8888
0056,元大高股息,922,280,642,國泰-敦南,2023-11-27,8888
00929,復華台灣科技優息,2172,1656,516,國泰-敦南,2023-11-27,8888
00679B,元大美債20年,621,136,485,國泰-敦南,2023-11-27,8888
2382,廣達,721,258,463,國泰-敦南,2023-11-27,8888
00715L,期街口布蘭特正2,859,400,459,國泰-敦南,2023-11-27,8888
5347,世界,835,463,372,國泰-敦南,2023-11-27,8888
2888,新光金,630,264,366,國泰-敦南,2023-11-27,8888
2356,英業達,473,170,303,國泰-敦南,2023-11-27,8888
2303,聯電,601,302,299,國泰-敦南,2023-11-27,8888
00712,復華富時不動產,582,300,282,國泰-敦南,2023-11-27,8888
00915,凱基優選高股息30,289,18,271,國泰-敦南,2023-11-27,8888
2610,華航,382,123,259,國泰-敦南,2023-11-27,8888
00720B,元大投資級公司債,360,119,241,國泰-敦南,2023-11-27,8888
00680L,元大美債20正2,296,71,225,國泰-敦南,2023-11-27,8888
00751B,元大AAA至A公司債,260,37,223,國泰-敦南,2023-11-27,8888
2317,鴻海,290,79,211,國泰-敦南,2023-11-27,8888
00935,野村臺灣新科技50,256,55,201,國泰-敦南,2023-11-27,8888
00934,中信成長高股息,345,152,193,國泰-敦南,2023-11-27,8888
00882,中信中國高股息,282,98,184,國泰-敦南,2023-11-27,8888
6578,達邦蛋白,259,80,179,國泰-敦南,2023-11-27,8888
5009,榮剛,199,32,167,國泰-敦南,2023-11-27,8888
00688L,國泰20年美債正2,321,154,167,國泰-敦南,2023-11-27,8888
00857B,永豐20年美公債,182,16,166,國泰-敦南,2023-11-27,8888
00922,國泰台灣領袖50,259,96,163,國泰-敦南,2023-11-27,8888
1514,亞力,1801,1642,159,國泰-敦南,2023-11-27,8888
2891,中信金,363,211,152,國泰-敦南,2023-11-27,8888
00637L,元大滬深300正2,354,205,149,國泰-敦南,2023-11-27,8888
2353,宏��,259,112,147,國泰-敦南,2023-11-27,8888
2630,亞航,615,475,140,國泰-敦南,2023-11-27,8888
00891,中信關鍵半導體,186,50,136,國泰-敦南,2023-11-27,8888
00900,富邦特選高股息30,290,156,134,國泰-敦南,2023-11-27,8888
3017,奇鋐,256,131,125,國泰-敦南,2023-11-27,8888
2515,中工,141,17,124,國泰-敦南,2023-11-27,8888
00753L,中信中國50正2,226,103,123,國泰-敦南,2023-11-27,8888
9945,潤泰新,133,13,120,國泰-敦南,2023-11-27,8888
1815,富喬,362,243,119,國泰-敦南,2023-11-27,8888
00923,群益台ESG低碳50,155,41,114,國泰-敦南,2023-11-27,8888
8028,昇陽半導體,105,0,105,國泰-敦南,2023-11-27,8888
8086,宏捷科,488,383,105,國泰-敦南,2023-11-27,8888
2882,國泰金,231,127,104,國泰-敦南,2023-11-27,8888
2323,中環,121,20,101,國泰-敦南,2023-11-27,8888
2634,漢翔,298,199,99,國泰-敦南,2023-11-27,8888
00902,中信電池及儲能,144,45,99,國泰-敦南,2023-11-27,8888
00632R,元大台灣50反1,1307,570,737,國泰-敦南,2023-11-28,8888
1101,台泥,1404,768,636,國泰-敦南,2023-11-28,8888
00712,復華富時不動產,1066,433,633,國泰-敦南,2023-11-28,8888
3437,榮創,810,299,511,國泰-敦南,2023-11-28,8888
5347,世界,810,323,487,國泰-敦南,2023-11-28,8888
00665L,富邦�琤肭磪囓�2,935,451,484,國泰-敦南,2023-11-28,8888
00919,群益台灣精選高息,1037,554,483,國泰-敦南,2023-11-28,8888
00885,富邦越南,427,63,364,國泰-敦南,2023-11-28,8888
00664R,國泰臺灣加權反1,326,5,321,國泰-敦南,2023-11-28,8888
3231,緯創,678,403,275,國泰-敦南,2023-11-28,8888
2367,燿華,652,415,237,國泰-敦南,2023-11-28,8888
2303,聯電,675,463,212,國泰-敦南,2023-11-28,8888
2606,裕民,911,704,207,國泰-敦南,2023-11-28,8888
4114,健喬,855,654,201,國泰-敦南,2023-11-28,8888
00687B,國泰20年美債,505,307,198,國泰-敦南,2023-11-28,8888
00933B,國泰10Y+金融債,327,150,177,國泰-敦南,2023-11-28,8888
00650L,復華香港正2,160,17,143,國泰-敦南,2023-11-28,8888
00882,中信中國高股息,289,149,140,國泰-敦南,2023-11-28,8888
1732,毛寶,426,291,135,國泰-敦南,2023-11-28,8888
2353,宏��,191,66,125,國泰-敦南,2023-11-28,8888
1701,中化,303,179,124,國泰-敦南,2023-11-28,8888
00720B,元大投資級公司債,214,93,121,國泰-敦南,2023-11-28,8888
2002,中鋼,387,266,121,國泰-敦南,2023-11-28,8888
9103,美德醫療-DR,152,35,117,國泰-敦南,2023-11-28,8888
5425,台半,119,18,101,國泰-敦南,2023-11-28,8888
2897,王道銀行,125,25,100,國泰-敦南,2023-11-28,8888
3715,定穎投控,1126,1027,99,國泰-敦南,2023-11-28,8888
6589,台康生技,125,34,91,國泰-敦南,2023-11-28,8888
00686R,群益臺灣加權反1,90,0,90,國泰-敦南,2023-11-28,8888
00680L,元大美債20正2,416,328,88,國泰-敦南,2023-11-28,8888
00637L,元大滬深300正2,100,15,85,國泰-敦南,2023-11-28,8888
00753L,中信中國50正2,219,134,85,國泰-敦南,2023-11-28,8888
4157,太景*-KY,160,76,84,國泰-敦南,2023-11-28,8888
5471,松翰,110,31,79,國泰-敦南,2023-11-28,8888
2014,中鴻,182,107,75,國泰-敦南,2023-11-28,8888
00715L,期街口布蘭特正2,475,406,69,國泰-敦南,2023-11-28,8888
6282,康舒,360,293,67,國泰-敦南,2023-11-28,8888
9105,泰金寶-DR,77,10,67,國泰-敦南,2023-11-28,8888
00692,富邦公司治理,87,22,65,國泰-敦南,2023-11-28,8888
1760,寶齡富錦,301,236,65,國泰-敦南,2023-11-28,8888
3376,新日興,174,114,60,國泰-敦南,2023-11-28,8888
2383,台光電,150,89,61,國泰-敦南,2023-11-28,8888
2382,廣達,295,235,60,國泰-敦南,2023-11-28,8888
2617,台航,201,142,59,國泰-敦南,2023-11-28,8888
00671R,富邦NASDAQ反1,60,1,59,國泰-敦南,2023-11-28,8888
1325,恆大,75,17,58,國泰-敦南,2023-11-28,8888
2405,輔信,186,130,56,國泰-敦南,2023-11-28,8888
5258,虹堡,270,214,56,國泰-敦南,2023-11-28,8888
2836,高雄銀,55,1,54,國泰-敦南,2023-11-28,8888
4113,聯上,51,2,49,國泰-敦南,2023-11-28,8888
00665L,富邦�琤肭磪囓�2,3621,1085,2536,國泰-敦南,2023-11-29,8888
00882,中信中國高股息,1595,113,1482,國泰-敦南,2023-11-29,8888
00712,復華富時不動產,1113,153,960,國泰-敦南,2023-11-29,8888
2618,長榮航,827,270,557,國泰-敦南,2023-11-29,8888
2610,華航,615,105,510,國泰-敦南,2023-11-29,8888
00720B,元大投資級公司債,572,75,497,國泰-敦南,2023-11-29,8888
00934,中信成長高股息,549,110,439,國泰-敦南,2023-11-29,8888
00632R,元大台灣50反1,496,93,403,國泰-敦南,2023-11-29,8888
00637L,元大滬深300正2,409,68,341,國泰-敦南,2023-11-29,8888
2891,中信金,396,80,316,國泰-敦南,2023-11-29,8888
00688L,國泰20年美債正2,366,68,298,國泰-敦南,2023-11-29,8888
8054,安國,1571,1294,277,國泰-敦南,2023-11-29,8888
2363,矽統,1177,921,256,國泰-敦南,2023-11-29,8888
00679B,元大美債20年,351,105,246,國泰-敦南,2023-11-29,8888
00753L,中信中國50正2,344,111,233,國泰-敦南,2023-11-29,8888
2409,友達,407,180,227,國泰-敦南,2023-11-29,8888
2401,凌陽,688,462,226,國泰-敦南,2023-11-29,8888
00933B,國泰10Y+金融債,396,176,220,國泰-敦南,2023-11-29,8888
2867,三商壽,234,15,219,國泰-敦南,2023-11-29,8888
00673R,期元大S＆P原油反1,251,40,211,國泰-敦南,2023-11-29,8888
2369,菱生,1052,882,170,國泰-敦南,2023-11-29,8888
5608,四維航,549,385,164,國泰-敦南,2023-11-29,8888
00935,野村臺灣新科技50,195,41,154,國泰-敦南,2023-11-29,8888
2801,彰銀,186,31,155,國泰-敦南,2023-11-29,8888
3481,群創,259,124,135,國泰-敦南,2023-11-29,8888
1314,中石化,157,23,134,國泰-敦南,2023-11-29,8888
00676R,富邦臺灣加權反1,131,6,125,國泰-敦南,2023-11-29,8888
1701,中化,156,35,121,國泰-敦南,2023-11-29,8888
9103,美德醫療-DR,171,52,119,國泰-敦南,2023-11-29,8888
00907,永豐優息存股,163,45,118,國泰-敦南,2023-11-29,8888
00857B,永豐20年美公債,146,29,117,國泰-敦南,2023-11-29,8888
2883B,凱基金乙特,161,46,115,國泰-敦南,2023-11-29,8888
2383,台光電,196,88,108,國泰-敦南,2023-11-29,8888
1325,恆大,303,196,107,國泰-敦南,2023-11-29,8888
00931B,統一美債20年,355,248,107,國泰-敦南,2023-11-29,8888
3545,敦泰,496,394,102,國泰-敦南,2023-11-29,8888
5351,鈺創,899,800,99,國泰-敦南,2023-11-29,8888
1101,台泥,316,220,96,國泰-敦南,2023-11-29,8888
00930,永豐ESG低碳高息,105,11,94,國泰-敦南,2023-11-29,8888
2633,台灣高鐵,95,1,94,國泰-敦南,2023-11-29,8888
1514,亞力,366,276,90,國泰-敦南,2023-11-29,8888
00680L,元大美債20正2,433,346,87,國泰-敦南,2023-11-29,8888
00650L,復華香港正2,139,54,85,國泰-敦南,2023-11-29,8888
1605,華新,175,90,85,國泰-敦南,2023-11-29,8888
6695,芯鼎,251,168,83,國泰-敦南,2023-11-29,8888
00687B,國泰20年美債,474,393,81,國泰-敦南,2023-11-29,8888
2449,京元電子,153,74,79,國泰-敦南,2023-11-29,8888
3041,揚智,323,244,79,國泰-敦南,2023-11-29,8888
2605,新興,252,174,78,國泰-敦南,2023-11-29,8888
00830,國泰費城半導體,84,9,75,國泰-敦南,2023-11-29,8888
00919,群益台灣精選高息,1796,397,1399,國泰-敦南,2023-11-30,8888
00720B,元大投資級公司債,1072,166,906,國泰-敦南,2023-11-30,8888
00680L,元大美債20正2,1133,245,888,國泰-敦南,2023-11-30,8888
00882,中信中國高股息,875,93,782,國泰-敦南,2023-11-30,8888
00933B,國泰10Y+金融債,749,84,665,國泰-敦南,2023-11-30,8888
00934,中信成長高股息,701,44,657,國泰-敦南,2023-11-30,8888
00687B,國泰20年美債,853,247,606,國泰-敦南,2023-11-30,8888
00688L,國泰20年美債正2,625,114,511,國泰-敦南,2023-11-30,8888
3231,緯創,1012,608,404,國泰-敦南,2023-11-30,8888
2329,華泰,5654,5253,401,國泰-敦南,2023-11-30,8888
00929,復華台灣科技優息,1741,1364,377,國泰-敦南,2023-11-30,8888
00751B,元大AAA至A公司債,428,95,333,國泰-敦南,2023-11-30,8888
2344,華邦電,1151,884,267,國泰-敦南,2023-11-30,8888
00679B,元大美債20年,436,180,256,國泰-敦南,2023-11-30,8888
2353,宏��,431,197,234,國泰-敦南,2023-11-30,8888
00935,野村臺灣新科技50,270,40,230,國泰-敦南,2023-11-30,8888
2609,陽明,245,37,208,國泰-敦南,2023-11-30,8888
00722B,群益投資級電信債,231,31,200,國泰-敦南,2023-11-30,8888
2618,長榮航,607,409,198,國泰-敦南,2023-11-30,8888
3481,群創,335,139,196,國泰-敦南,2023-11-30,8888
2313,華通,1216,1032,184,國泰-敦南,2023-11-30,8888
2492,華新科,468,284,184,國泰-敦南,2023-11-30,8888
00650L,復華香港正2,237,73,164,國泰-敦南,2023-11-30,8888
2888,新光金,301,145,156,國泰-敦南,2023-11-30,8888
2409,友達,173,26,147,國泰-敦南,2023-11-30,8888
2610,華航,267,126,141,國泰-敦南,2023-11-30,8888
00915,凱基優選高股息30,172,32,140,國泰-敦南,2023-11-30,8888
00753L,中信中國50正2,243,105,138,國泰-敦南,2023-11-30,8888
2201,裕隆,161,34,127,國泰-敦南,2023-11-30,8888
2317,鴻海,179,56,123,國泰-敦南,2023-11-30,8888
00857B,永豐20年美公債,131,8,123,國泰-敦南,2023-11-30,8888
00936,台新永續高息中小,223,104,119,國泰-敦南,2023-11-30,8888
2377,微星,214,111,103,國泰-敦南,2023-11-30,8888
00752,中信中國50,110,14,96,國泰-敦南,2023-11-30,8888
2516,新建,146,52,94,國泰-敦南,2023-11-30,8888
8936,國統,185,93,92,國泰-敦南,2023-11-30,8888
2002,中鋼,459,368,91,國泰-敦南,2023-11-30,8888
00764B,群益25年美債,85,4,81,國泰-敦南,2023-11-30,8888
3041,揚智,346,270,76,國泰-敦南,2023-11-30,8888
2388,威盛,668,593,75,國泰-敦南,2023-11-30,8888
00924,復華S＆P500成長,82,7,75,國泰-敦南,2023-11-30,8888
2801,彰銀,111,41,70,國泰-敦南,2023-11-30,8888
3548,兆利,251,182,69,國泰-敦南,2023-11-30,8888
5521,工信,185,117,68,國泰-敦南,2023-11-30,8888
00671R,富邦NASDAQ反1,126,59,67,國泰-敦南,2023-11-30,8888
3047,訊舟,114,49,65,國泰-敦南,2023-11-30,8888
00885,富邦越南,130,66,64,國泰-敦南,2023-11-30,8888
3682,亞太電,91,28,63,國泰-敦南,2023-11-30,8888
1314,中石化,101,40,61,國泰-敦南,2023-11-30,8888
3122,笙泉,322,262,60,國泰-敦南,2023-11-30,8888
00919,群益台灣精選高息,3448,1361,2087,國泰-敦南,2023-12-01,8888
00687B,國泰20年美債,1212,121,1091,國泰-敦南,2023-12-01,8888
00878,國泰永續高股息,1614,788,826,國泰-敦南,2023-12-01,8888
1605,華新,796,73,723,國泰-敦南,2023-12-01,8888
2888,新光金,782,71,711,國泰-敦南,2023-12-01,8888
00688L,國泰20年美債正2,711,2,709,國泰-敦南,2023-12-01,8888
2883,凱基金,1067,391,676,國泰-敦南,2023-12-01,8888
00680L,元大美債20正2,668,7,661,國泰-敦南,2023-12-01,8888
00715L,期街口布蘭特正2,786,140,646,國泰-敦南,2023-12-01,8888
00933B,國泰10Y+金融債,526,70,456,國泰-敦南,2023-12-01,8888
00665L,富邦�琤肭磪囓�2,1417,1014,403,國泰-敦南,2023-12-01,8888
2002,中鋼,552,158,394,國泰-敦南,2023-12-01,8888
1101,台泥,546,168,378,國泰-敦南,2023-12-01,8888
00679B,元大美債20年,628,259,369,國泰-敦南,2023-12-01,8888
00720B,元大投資級公司債,436,110,326,國泰-敦南,2023-12-01,8888
2886,兆豐金,456,165,291,國泰-敦南,2023-12-01,8888
2891,中信金,332,50,282,國泰-敦南,2023-12-01,8888
00915,凱基優選高股息30,354,72,282,國泰-敦南,2023-12-01,8888
00934,中信成長高股息,339,77,262,國泰-敦南,2023-12-01,8888
00713,元大台灣高息低波,362,100,262,國泰-敦南,2023-12-01,8888
00650L,復華香港正2,285,30,255,國泰-敦南,2023-12-01,8888
9103,美德醫療-DR,280,51,229,國泰-敦南,2023-12-01,8888
5347,世界,459,239,220,國泰-敦南,2023-12-01,8888
00637L,元大滬深300正2,306,90,216,國泰-敦南,2023-12-01,8888
2618,長榮航,575,391,184,國泰-敦南,2023-12-01,8888
8096,擎亞,449,266,183,國泰-敦南,2023-12-01,8888
5521,工信,213,42,171,國泰-敦南,2023-12-01,8888
5258,虹堡,405,235,170,國泰-敦南,2023-12-01,8888
00935,野村臺灣新科技50,221,55,166,國泰-敦南,2023-12-01,8888
2884,玉山金,232,68,164,國泰-敦南,2023-12-01,8888
5328,華容,1389,1230,159,國泰-敦南,2023-12-01,8888
2317,鴻海,230,83,147,國泰-敦南,2023-12-01,8888
00857B,永豐20年美公債,146,13,133,國泰-敦南,2023-12-01,8888
2887,台新金,198,67,131,國泰-敦南,2023-12-01,8888
2324,仁寶,155,23,132,國泰-敦南,2023-12-01,8888
2382,廣達,287,167,120,國泰-敦南,2023-12-01,8888
00706L,期元大S＆P日圓正2,122,4,118,國泰-敦南,2023-12-01,8888
2880,華南金,122,14,108,國泰-敦南,2023-12-01,8888
00931B,統一美債20年,421,313,108,國泰-敦南,2023-12-01,8888
3702,大聯大,173,71,102,國泰-敦南,2023-12-01,8888
00882,中信中國高股息,301,200,101,國泰-敦南,2023-12-01,8888
00753L,中信中國50正2,210,110,100,國泰-敦南,2023-12-01,8888
6191,精成科,402,304,98,國泰-敦南,2023-12-01,8888
00918,大華優利高填息30,126,30,96,國泰-敦南,2023-12-01,8888
3682,亞太電,97,4,93,國泰-敦南,2023-12-01,8888
2356,英業達,259,166,93,國泰-敦南,2023-12-01,8888
6282,康舒,433,344,89,國泰-敦南,2023-12-01,8888
00795B,中信美國公債20年,97,8,89,國泰-敦南,2023-12-01,8888
2801,彰銀,116,29,87,國泰-敦南,2023-12-01,8888
1522,堤維西,127,40,87,國泰-敦南,2023-12-01,8888
00919,群益台灣精選高息,3575,1762,1813,國泰-敦南,2023-12-04,8888
00715L,期街口布蘭特正2,1725,441,1284,國泰-敦南,2023-12-04,8888
00918,大華優利高填息30,1214,73,1141,國泰-敦南,2023-12-04,8888
00632R,元大台灣50反1,1540,437,1103,國泰-敦南,2023-12-04,8888
2883,凱基金,1113,189,924,國泰-敦南,2023-12-04,8888
9919,康那香,3771,2965,806,國泰-敦南,2023-12-04,8888
00933B,國泰10Y+金融債,901,98,803,國泰-敦南,2023-12-04,8888
00720B,元大投資級公司債,779,139,640,國泰-敦南,2023-12-04,8888
00882,中信中國高股息,825,194,631,國泰-敦南,2023-12-04,8888
3715,定穎投控,1595,1045,550,國泰-敦南,2023-12-04,8888
00687B,國泰20年美債,986,460,526,國泰-敦南,2023-12-04,8888
2329,華泰,3653,3210,443,國泰-敦南,2023-12-04,8888
00751B,元大AAA至A公司債,584,237,347,國泰-敦南,2023-12-04,8888
00753L,中信中國50正2,425,84,341,國泰-敦南,2023-12-04,8888
1504,東元,385,67,318,國泰-敦南,2023-12-04,8888
00934,中信成長高股息,574,260,314,國泰-敦南,2023-12-04,8888
00712,復華富時不動產,1569,1264,305,國泰-敦南,2023-12-04,8888
00680L,元大美債20正2,704,418,286,國泰-敦南,2023-12-04,8888
3264,欣銓,517,242,275,國泰-敦南,2023-12-04,8888
00929,復華台灣科技優息,2623,2364,259,國泰-敦南,2023-12-04,8888
3710,連展投控,290,33,257,國泰-敦南,2023-12-04,8888
00664R,國泰臺灣加權反1,241,1,240,國泰-敦南,2023-12-04,8888
2867,三商壽,272,35,237,國泰-敦南,2023-12-04,8888
3231,緯創,713,487,226,國泰-敦南,2023-12-04,8888
1605,華新,1121,906,215,國泰-敦南,2023-12-04,8888
00679B,元大美債20年,596,399,197,國泰-敦南,2023-12-04,8888
2891,中信金,329,132,197,國泰-敦南,2023-12-04,8888
00642U,期元大S＆P石油,209,22,187,國泰-敦南,2023-12-04,8888
2355,敬鵬,1507,1323,184,國泰-敦南,2023-12-04,8888
4533,協易機,683,509,174,國泰-敦南,2023-12-04,8888
2367,燿華,1069,909,160,國泰-敦南,2023-12-04,8888
4909,新復興,578,419,159,國泰-敦南,2023-12-04,8888
00935,野村臺灣新科技50,336,183,153,國泰-敦南,2023-12-04,8888
2421,建準,165,20,145,國泰-敦南,2023-12-04,8888
2515,中工,274,132,142,國泰-敦南,2023-12-04,8888
2363,矽統,817,675,142,國泰-敦南,2023-12-04,8888
6235,華孚,268,126,142,國泰-敦南,2023-12-04,8888
00675L,富邦臺灣加權正2,160,20,140,國泰-敦南,2023-12-04,8888
8210,勤誠,322,188,134,國泰-敦南,2023-12-04,8888
2402,毅嘉,269,141,128,國泰-敦南,2023-12-04,8888
6117,迎廣,992,865,127,國泰-敦南,2023-12-04,8888
4114,健喬,222,95,127,國泰-敦南,2023-12-04,8888
6276,安鈦克,165,42,123,國泰-敦南,2023-12-04,8888
2388,威盛,757,641,116,國泰-敦南,2023-12-04,8888
00857B,永豐20年美公債,162,47,115,國泰-敦南,2023-12-04,8888
3005,神基,247,137,110,國泰-敦南,2023-12-04,8888
00650L,復華香港正2,168,63,105,國泰-敦南,2023-12-04,8888
1101,台泥,281,176,105,國泰-敦南,2023-12-04,8888
3035,智原,497,398,99,國泰-敦南,2023-12-04,8888
00923,群益台ESG低碳50,258,160,98,國泰-敦南,2023-12-04,8888
00937B,群益ESG投等債20,8613,1604,7009,國泰-敦南,2023-12-05,8888
00919,群益台灣精選高息,5605,893,4712,國泰-敦南,2023-12-05,8888
00929,復華台灣科技優息,5379,3483,1896,國泰-敦南,2023-12-05,8888
00918,大華優利高填息30,1180,68,1112,國泰-敦南,2023-12-05,8888
00878,國泰永續高股息,2472,1526,946,國泰-敦南,2023-12-05,8888
00687B,國泰20年美債,1200,394,806,國泰-敦南,2023-12-05,8888
2601,益航,2036,1343,693,國泰-敦南,2023-12-05,8888
2606,裕民,3457,2831,626,國泰-敦南,2023-12-05,8888
00882,中信中國高股息,1391,817,574,國泰-敦南,2023-12-05,8888
5608,四維航,2979,2407,572,國泰-敦南,2023-12-05,8888
1605,華新,805,287,518,國泰-敦南,2023-12-05,8888
00933B,國泰10Y+金融債,612,127,485,國泰-敦南,2023-12-05,8888
5347,世界,632,146,486,國泰-敦南,2023-12-05,8888
3231,緯創,1131,649,482,國泰-敦南,2023-12-05,8888
2641,正德,1607,1192,415,國泰-敦南,2023-12-05,8888
00934,中信成長高股息,600,207,393,國泰-敦南,2023-12-05,8888
00686R,群益臺灣加權反1,380,0,380,國泰-敦南,2023-12-05,8888
2883,凱基金,544,177,367,國泰-敦南,2023-12-05,8888
2882,國泰金,405,43,362,國泰-敦南,2023-12-05,8888
2888,新光金,444,92,352,國泰-敦南,2023-12-05,8888
00680L,元大美債20正2,640,291,349,國泰-敦南,2023-12-05,8888
2356,英業達,423,81,342,國泰-敦南,2023-12-05,8888
00935,野村臺灣新科技50,412,81,331,國泰-敦南,2023-12-05,8888
00922,國泰台灣領袖50,419,96,323,國泰-敦南,2023-12-05,8888
2303,聯電,439,128,311,國泰-敦南,2023-12-05,8888
2891,中信金,389,110,279,國泰-敦南,2023-12-05,8888
0056,元大高股息,771,501,270,國泰-敦南,2023-12-05,8888
00713,元大台灣高息低波,310,53,257,國泰-敦南,2023-12-05,8888
2610,華航,391,159,232,國泰-敦南,2023-12-05,8888
00915,凱基優選高股息30,281,63,218,國泰-敦南,2023-12-05,8888
00715L,期街口布蘭特正2,428,210,218,國泰-敦南,2023-12-05,8888
2368,金像電,231,31,200,國泰-敦南,2023-12-05,8888
00679B,元大美債20年,641,441,200,國泰-敦南,2023-12-05,8888
00923,群益台ESG低碳50,268,77,191,國泰-敦南,2023-12-05,8888
2363,矽統,583,402,181,國泰-敦南,2023-12-05,8888
2887,台新金,224,49,175,國泰-敦南,2023-12-05,8888
4167,松瑞藥,1620,1447,173,國泰-敦南,2023-12-05,8888
2353,宏��,238,75,163,國泰-敦南,2023-12-05,8888
2355,敬鵬,632,471,161,國泰-敦南,2023-12-05,8888
00665L,富邦�琤肭磪囓�2,2405,2252,153,國泰-敦南,2023-12-05,8888
2617,台航,952,818,134,國泰-敦南,2023-12-05,8888
2489,瑞軒,274,149,125,國泰-敦南,2023-12-05,8888
006208,富邦台50,202,77,125,國泰-敦南,2023-12-05,8888
00830,國泰費城半導體,191,67,124,國泰-敦南,2023-12-05,8888
1513,中興電,1203,1080,123,國泰-敦南,2023-12-05,8888
9105,泰金寶-DR,187,65,122,國泰-敦南,2023-12-05,8888
4164,承業醫,132,15,117,國泰-敦南,2023-12-05,8888
2618,長榮航,384,267,117,國泰-敦南,2023-12-05,8888
2332,友訊,359,242,117,國泰-敦南,2023-12-05,8888
00857B,永豐20年美公債,105,6,99,國泰-敦南,2023-12-05,8888
00937B,群益ESG投等債20,6459,1771,4688,國泰-敦南,2023-12-06,8888
00687B,國泰20年美債,2401,390,2011,國泰-敦南,2023-12-06,8888
00919,群益台灣精選高息,2854,920,1934,國泰-敦南,2023-12-06,8888
3481,群創,1266,414,852,國泰-敦南,2023-12-06,8888
00720B,元大投資級公司債,1000,229,771,國泰-敦南,2023-12-06,8888
00688L,國泰20年美債正2,1167,408,759,國泰-敦南,2023-12-06,8888
00933B,國泰10Y+金融債,830,226,604,國泰-敦南,2023-12-06,8888
00679B,元大美債20年,878,321,557,國泰-敦南,2023-12-06,8888
00680L,元大美債20正2,1188,677,511,國泰-敦南,2023-12-06,8888
00918,大華優利高填息30,687,186,501,國泰-敦南,2023-12-06,8888
1504,東元,784,382,402,國泰-敦南,2023-12-06,8888
2303,聯電,493,92,401,國泰-敦南,2023-12-06,8888
00637L,元大滬深300正2,621,229,392,國泰-敦南,2023-12-06,8888
6117,迎廣,1251,896,355,國泰-敦南,2023-12-06,8888
00715L,期街口布蘭特正2,790,436,354,國泰-敦南,2023-12-06,8888
2329,華泰,1430,1113,317,國泰-敦南,2023-12-06,8888
00751B,元大AAA至A公司債,522,223,299,國泰-敦南,2023-12-06,8888
3710,連展投控,318,24,294,國泰-敦南,2023-12-06,8888
4533,協易機,383,132,251,國泰-敦南,2023-12-06,8888
2355,敬鵬,1417,1172,245,國泰-敦南,2023-12-06,8888
00931B,統一美債20年,483,249,234,國泰-敦南,2023-12-06,8888
00882,中信中國高股息,463,240,223,國泰-敦南,2023-12-06,8888
2409,友達,255,43,212,國泰-敦南,2023-12-06,8888
1513,中興電,959,762,197,國泰-敦南,2023-12-06,8888
2888,新光金,423,226,197,國泰-敦南,2023-12-06,8888
00669R,國泰美國道瓊反1,196,1,195,國泰-敦南,2023-12-06,8888
2419,仲琦,899,729,170,國泰-敦南,2023-12-06,8888
00753L,中信中國50正2,574,403,171,國泰-敦南,2023-12-06,8888
00857B,永豐20年美公債,180,32,148,國泰-敦南,2023-12-06,8888
2371,大同,237,93,144,國泰-敦南,2023-12-06,8888
3050,鈺德,453,309,144,國泰-敦南,2023-12-06,8888
2882,國泰金,226,89,137,國泰-敦南,2023-12-06,8888
1529,樂事綠能,791,662,129,國泰-敦南,2023-12-06,8888
4164,承業醫,139,11,128,國泰-敦南,2023-12-06,8888
00712,復華富時不動產,989,862,127,國泰-敦南,2023-12-06,8888
3712,永崴投控,152,27,125,國泰-敦南,2023-12-06,8888
2605,新興,2340,2216,124,國泰-敦南,2023-12-06,8888
00722B,群益投資級電信債,188,65,123,國泰-敦南,2023-12-06,8888
00675L,富邦臺灣加權正2,141,20,121,國泰-敦南,2023-12-06,8888
00642U,期元大S＆P石油,170,51,119,國泰-敦南,2023-12-06,8888
5347,世界,244,129,115,國泰-敦南,2023-12-06,8888
2367,燿華,646,539,107,國泰-敦南,2023-12-06,8888
2344,華邦電,247,141,106,國泰-敦南,2023-12-06,8888
1455,集盛,131,29,102,國泰-敦南,2023-12-06,8888
1514,亞力,3275,3173,102,國泰-敦南,2023-12-06,8888
2606,裕民,906,806,100,國泰-敦南,2023-12-06,8888
1605,華新,288,192,96,國泰-敦南,2023-12-06,8888
00757,統一FANG+,102,11,91,國泰-敦南,2023-12-06,8888
00934,中信成長高股息,281,192,89,國泰-敦南,2023-12-06,8888
00902,中信電池及儲能,134,45,89,國泰-敦南,2023-12-06,8888
00919,群益台灣精選高息,6431,1184,5247,國泰-敦南,2023-12-07,8888
00937B,群益ESG投等債20,7030,3281,3749,國泰-敦南,2023-12-07,8888
00687B,國泰20年美債,3291,897,2394,國泰-敦南,2023-12-07,8888
00712,復華富時不動產,2719,699,2020,國泰-敦南,2023-12-07,8888
00680L,元大美債20正2,2612,788,1824,國泰-敦南,2023-12-07,8888
00918,大華優利高填息30,1785,69,1716,國泰-敦南,2023-12-07,8888
00715L,期街口布蘭特正2,1668,379,1289,國泰-敦南,2023-12-07,8888
00929,復華台灣科技優息,2698,1432,1266,國泰-敦南,2023-12-07,8888
00933B,國泰10Y+金融債,1393,228,1165,國泰-敦南,2023-12-07,8888
00882,中信中國高股息,1273,234,1039,國泰-敦南,2023-12-07,8888
00688L,國泰20年美債正2,1947,937,1010,國泰-敦南,2023-12-07,8888
00720B,元大投資級公司債,1249,453,796,國泰-敦南,2023-12-07,8888
00931B,統一美債20年,938,397,541,國泰-敦南,2023-12-07,8888
3041,揚智,2369,1927,442,國泰-敦南,2023-12-07,8888
1324,地球,603,219,384,國泰-敦南,2023-12-07,8888
2882,國泰金,468,103,365,國泰-敦南,2023-12-07,8888
00669R,國泰美國道瓊反1,305,2,303,國泰-敦南,2023-12-07,8888
00915,凱基優選高股息30,383,107,276,國泰-敦南,2023-12-07,8888
8088,品安,502,244,258,國泰-敦南,2023-12-07,8888
00679B,元大美債20年,1443,1187,256,國泰-敦南,2023-12-07,8888
1618,合機,1303,1048,255,國泰-敦南,2023-12-07,8888
8054,安國,934,685,249,國泰-敦南,2023-12-07,8888
00753L,中信中國50正2,413,165,248,國泰-敦南,2023-12-07,8888
00935,野村臺灣新科技50,332,96,236,國泰-敦南,2023-12-07,8888
2399,映泰,1721,1490,231,國泰-敦南,2023-12-07,8888
1513,中興電,1237,1030,207,國泰-敦南,2023-12-07,8888
2369,菱生,240,35,205,國泰-敦南,2023-12-07,8888
2303,聯電,483,280,203,國泰-敦南,2023-12-07,8888
1314,中石化,266,63,203,國泰-敦南,2023-12-07,8888
00642U,期元大S＆P石油,234,49,185,國泰-敦南,2023-12-07,8888
00665L,富邦�琤肭磪囓�2,1889,1706,183,國泰-敦南,2023-12-07,8888
2888,新光金,250,77,173,國泰-敦南,2023-12-07,8888
2388,威盛,773,603,170,國泰-敦南,2023-12-07,8888
00888,永豐台灣ESG,198,31,167,國泰-敦南,2023-12-07,8888
4967,十銓,498,334,164,國泰-敦南,2023-12-07,8888
00713,元大台灣高息低波,229,68,161,國泰-敦南,2023-12-07,8888
2515,中工,166,10,156,國泰-敦南,2023-12-07,8888
00923,群益台ESG低碳50,209,58,151,國泰-敦南,2023-12-07,8888
2312,金寶,725,574,151,國泰-敦南,2023-12-07,8888
00936,台新永續高息中小,263,112,151,國泰-敦南,2023-12-07,8888
3715,定穎投控,634,485,149,國泰-敦南,2023-12-07,8888
00719B,元大美債1-3,159,11,148,國泰-敦南,2023-12-07,8888
2867,三商壽,180,37,143,國泰-敦南,2023-12-07,8888
2353,宏��,233,96,137,國泰-敦南,2023-12-07,8888
2889,國票金,143,8,135,國泰-敦南,2023-12-07,8888
6770,力積電,171,44,127,國泰-敦南,2023-12-07,8888
00934,中信成長高股息,214,89,125,國泰-敦南,2023-12-07,8888
2883B,凱基金乙特,148,24,124,國泰-敦南,2023-12-07,8888
00878,國泰永續高股息,1022,898,124,國泰-敦南,2023-12-07,8888
3481,群創,400,281,119,國泰-敦南,2023-12-07,8888
00687B,國泰20年美債,2405,222,2183,國泰-敦南,2023-12-08,8888
00919,群益台灣精選高息,3413,1242,2171,國泰-敦南,2023-12-08,8888
00937B,群益ESG投等債20,4496,2698,1798,國泰-敦南,2023-12-08,8888
00632R,元大台灣50反1,1256,72,1184,國泰-敦南,2023-12-08,8888
00680L,元大美債20正2,1262,405,857,國泰-敦南,2023-12-08,8888
00882,中信中國高股息,1219,365,854,國泰-敦南,2023-12-08,8888
00688L,國泰20年美債正2,824,66,758,國泰-敦南,2023-12-08,8888
00933B,國泰10Y+金融債,874,178,696,國泰-敦南,2023-12-08,8888
00679B,元大美債20年,818,249,569,國泰-敦南,2023-12-08,8888
00715L,期街口布蘭特正2,650,124,526,國泰-敦南,2023-12-08,8888
1514,亞力,2645,2152,493,國泰-敦南,2023-12-08,8888
00931B,統一美債20年,550,223,327,國泰-敦南,2023-12-08,8888
2329,華泰,1129,821,308,國泰-敦南,2023-12-08,8888
00751B,元大AAA至A公司債,392,86,306,國泰-敦南,2023-12-08,8888
2882,國泰金,361,70,291,國泰-敦南,2023-12-08,8888
2867,三商壽,235,22,213,國泰-敦南,2023-12-08,8888
2618,長榮航,1634,1432,202,國泰-敦南,2023-12-08,8888
3231,緯創,860,665,195,國泰-敦南,2023-12-08,8888
00857B,永豐20年美公債,197,16,181,國泰-敦南,2023-12-08,8888
2888,新光金,340,164,176,國泰-敦南,2023-12-08,8888
2409,友達,199,23,176,國泰-敦南,2023-12-08,8888
00753L,中信中國50正2,323,150,173,國泰-敦南,2023-12-08,8888
00720B,元大投資級公司債,472,326,146,國泰-敦南,2023-12-08,8888
2376,技嘉,897,755,142,國泰-敦南,2023-12-08,8888
8088,品安,256,119,137,國泰-敦南,2023-12-08,8888
00772B,中信高評級公司債,271,154,117,國泰-敦南,2023-12-08,8888
00918,大華優利高填息30,493,382,111,國泰-敦南,2023-12-08,8888
1609,大亞,648,543,105,國泰-敦南,2023-12-08,8888
2313,華通,429,327,102,國泰-敦南,2023-12-08,8888
4906,正文,326,226,100,國泰-敦南,2023-12-08,8888
2303,聯電,327,229,98,國泰-敦南,2023-12-08,8888
00795B,中信美國公債20年,143,46,97,國泰-敦南,2023-12-08,8888
00706L,期元大S＆P日圓正2,439,344,95,國泰-敦南,2023-12-08,8888
3041,揚智,1249,1155,94,國泰-敦南,2023-12-08,8888
00642U,期元大S＆P石油,111,23,88,國泰-敦南,2023-12-08,8888
00665L,富邦�琤肭磪囓�2,796,711,85,國泰-敦南,2023-12-08,8888
2897,王道銀行,90,6,84,國泰-敦南,2023-12-08,8888
00915,凱基優選高股息30,147,68,79,國泰-敦南,2023-12-08,8888
2605,新興,1788,1709,79,國泰-敦南,2023-12-08,8888
1815,富喬,210,132,78,國泰-敦南,2023-12-08,8888
00752,中信中國50,111,33,78,國泰-敦南,2023-12-08,8888
1529,樂事綠能,368,295,73,國泰-敦南,2023-12-08,8888
8996,高力,199,127,72,國泰-敦南,2023-12-08,8888
1608,華榮,285,214,71,國泰-敦南,2023-12-08,8888
2449,京元電子,215,145,70,國泰-敦南,2023-12-08,8888
3213,茂訊,238,170,68,國泰-敦南,2023-12-08,8888
1503,士電,534,466,68,國泰-敦南,2023-12-08,8888
8034,榮群,224,158,66,國泰-敦南,2023-12-08,8888
2314,台揚,258,193,65,國泰-敦南,2023-12-08,8888
5519,隆大,176,112,64,國泰-敦南,2023-12-08,8888
00919,群益台灣精選高息,5430,1444,3986,國泰-敦南,2023-12-11,8888
00687B,國泰20年美債,2167,312,1855,國泰-敦南,2023-12-11,8888
00882,中信中國高股息,2223,434,1789,國泰-敦南,2023-12-11,8888
00937B,群益ESG投等債20,2777,1519,1258,國泰-敦南,2023-12-11,8888
00688L,國泰20年美債正2,1047,429,618,國泰-敦南,2023-12-11,8888
2888,新光金,1085,528,557,國泰-敦南,2023-12-11,8888
2002,中鋼,630,90,540,國泰-敦南,2023-12-11,8888
2605,新興,1197,709,488,國泰-敦南,2023-12-11,8888
2388,威盛,1400,926,474,國泰-敦南,2023-12-11,8888
00679B,元大美債20年,850,392,458,國泰-敦南,2023-12-11,8888
00753L,中信中國50正2,618,180,438,國泰-敦南,2023-12-11,8888
00933B,國泰10Y+金融債,723,335,388,國泰-敦南,2023-12-11,8888
1524,耿鼎,3176,2840,336,國泰-敦南,2023-12-11,8888
00751B,元大AAA至A公司債,415,88,327,國泰-敦南,2023-12-11,8888
00929,復華台灣科技優息,2238,1917,321,國泰-敦南,2023-12-11,8888
2618,長榮航,637,341,296,國泰-敦南,2023-12-11,8888
00918,大華優利高填息30,781,494,287,國泰-敦南,2023-12-11,8888
00881,國泰台灣5G+,532,262,270,國泰-敦南,2023-12-11,8888
2609,陽明,477,264,213,國泰-敦南,2023-12-11,8888
2317,鴻海,289,94,195,國泰-敦南,2023-12-11,8888
00915,凱基優選高股息30,320,135,185,國泰-敦南,2023-12-11,8888
00706L,期元大S＆P日圓正2,205,52,153,國泰-敦南,2023-12-11,8888
00931B,統一美債20年,298,146,152,國泰-敦南,2023-12-11,8888
00934,中信成長高股息,253,111,142,國泰-敦南,2023-12-11,8888
4906,正文,198,59,139,國泰-敦南,2023-12-11,8888
8096,擎亞,425,292,133,國泰-敦南,2023-12-11,8888
00752,中信中國50,185,59,126,國泰-敦南,2023-12-11,8888
2025,千興,127,6,121,國泰-敦南,2023-12-11,8888
2369,菱生,183,65,118,國泰-敦南,2023-12-11,8888
6547,高端疫苗,192,74,118,國泰-敦南,2023-12-11,8888
2323,中環,171,55,116,國泰-敦南,2023-12-11,8888
3078,僑威,226,112,114,國泰-敦南,2023-12-11,8888
2368,金像電,203,92,111,國泰-敦南,2023-12-11,8888
2376,技嘉,414,306,108,國泰-敦南,2023-12-11,8888
2867,三商壽,121,17,104,國泰-敦南,2023-12-11,8888
2612,中航,149,45,104,國泰-敦南,2023-12-11,8888
3346,麗清,124,21,103,國泰-敦南,2023-12-11,8888
2538,基泰,119,20,99,國泰-敦南,2023-12-11,8888
00857B,永豐20年美公債,123,27,96,國泰-敦南,2023-12-11,8888
2883,凱基金,293,198,95,國泰-敦南,2023-12-11,8888
1616,億泰,123,33,90,國泰-敦南,2023-12-11,8888
3715,定穎投控,524,435,89,國泰-敦南,2023-12-11,8888
2882,國泰金,186,97,89,國泰-敦南,2023-12-11,8888
1316,上曜,111,31,80,國泰-敦南,2023-12-11,8888
1515,力山,238,157,81,國泰-敦南,2023-12-11,8888
8429,金麗-KY,84,4,80,國泰-敦南,2023-12-11,8888
1312,國喬,120,43,77,國泰-敦南,2023-12-11,8888
4306,炎洲,127,50,77,國泰-敦南,2023-12-11,8888
00715L,期街口布蘭特正2,751,675,76,國泰-敦南,2023-12-11,8888
2401,凌陽,227,152,75,國泰-敦南,2023-12-11,8888
00919,群益台灣精選高息,6698,1471,5227,國泰-敦南,2023-12-12,8888
00687B,國泰20年美債,3244,295,2949,國泰-敦南,2023-12-12,8888
00918,大華優利高填息30,1657,642,1015,國泰-敦南,2023-12-12,8888
00937B,群益ESG投等債20,1784,953,831,國泰-敦南,2023-12-12,8888
00881,國泰台灣5G+,1035,265,770,國泰-敦南,2023-12-12,8888
00680L,元大美債20正2,946,191,755,國泰-敦南,2023-12-12,8888
2002,中鋼,736,197,539,國泰-敦南,2023-12-12,8888
00934,中信成長高股息,678,155,523,國泰-敦南,2023-12-12,8888
00688L,國泰20年美債正2,568,62,506,國泰-敦南,2023-12-12,8888
2313,華通,1444,950,494,國泰-敦南,2023-12-12,8888
00632R,元大台灣50反1,1038,608,430,國泰-敦南,2023-12-12,8888
00933B,國泰10Y+金融債,575,146,429,國泰-敦南,2023-12-12,8888
2888,新光金,676,257,419,國泰-敦南,2023-12-12,8888
00673R,期元大S＆P原油反1,431,20,411,國泰-敦南,2023-12-12,8888
1618,合機,1973,1586,387,國泰-敦南,2023-12-12,8888
3231,緯創,739,361,378,國泰-敦南,2023-12-12,8888
00751B,元大AAA至A公司債,440,107,333,國泰-敦南,2023-12-12,8888
00712,復華富時不動產,748,418,330,國泰-敦南,2023-12-12,8888
2883,凱基金,473,164,309,國泰-敦南,2023-12-12,8888
00931B,統一美債20年,425,136,289,國泰-敦南,2023-12-12,8888
00857B,永豐20年美公債,268,15,253,國泰-敦南,2023-12-12,8888
2882,國泰金,337,84,253,國泰-敦南,2023-12-12,8888
00650L,復華香港正2,271,34,237,國泰-敦南,2023-12-12,8888
2402,毅嘉,858,621,237,國泰-敦南,2023-12-12,8888
2610,華航,407,183,224,國泰-敦南,2023-12-12,8888
2409,友達,256,46,210,國泰-敦南,2023-12-12,8888
8112,至上,1922,1714,208,國泰-敦南,2023-12-12,8888
00679B,元大美債20年,566,362,204,國泰-敦南,2023-12-12,8888
00720B,元大投資級公司債,305,113,192,國泰-敦南,2023-12-12,8888
2609,陽明,659,475,184,國泰-敦南,2023-12-12,8888
2618,長榮航,678,496,182,國泰-敦南,2023-12-12,8888
00706L,期元大S＆P日圓正2,222,57,165,國泰-敦南,2023-12-12,8888
2363,矽統,652,495,157,國泰-敦南,2023-12-12,8888
2542,興富發,162,11,151,國泰-敦南,2023-12-12,8888
2889,國票金,154,10,144,國泰-敦南,2023-12-12,8888
4908,前鼎,454,317,137,國泰-敦南,2023-12-12,8888
3037,欣興,206,73,133,國泰-敦南,2023-12-12,8888
2867,三商壽,145,16,129,國泰-敦南,2023-12-12,8888
00675L,富邦臺灣加權正2,164,38,126,國泰-敦南,2023-12-12,8888
00795B,中信美國公債20年,128,17,111,國泰-敦南,2023-12-12,8888
8096,擎亞,856,746,110,國泰-敦南,2023-12-12,8888
6282,康舒,293,185,108,國泰-敦南,2023-12-12,8888
4967,十銓,460,352,108,國泰-敦南,2023-12-12,8888
8429,金麗-KY,221,114,107,國泰-敦南,2023-12-12,8888
3481,群創,730,624,106,國泰-敦南,2023-12-12,8888
00936,台新永續高息中小,218,114,104,國泰-敦南,2023-12-12,8888
1609,大亞,546,442,104,國泰-敦南,2023-12-12,8888
1504,東元,158,55,103,國泰-敦南,2023-12-12,8888
8034,榮群,529,436,93,國泰-敦南,2023-12-12,8888
2641,正德,229,139,90,國泰-敦南,2023-12-12,8888
00919,群益台灣精選高息,6175,1895,4280,國泰-敦南,2023-12-13,8888
00918,大華優利高填息30,2109,131,1978,國泰-敦南,2023-12-13,8888
00715L,期街口布蘭特正2,2164,722,1442,國泰-敦南,2023-12-13,8888
00687B,國泰20年美債,1932,631,1301,國泰-敦南,2023-12-13,8888
00933B,國泰10Y+金融債,1592,310,1282,國泰-敦南,2023-12-13,8888
00882,中信中國高股息,1062,131,931,國泰-敦南,2023-12-13,8888
00937B,群益ESG投等債20,1396,630,766,國泰-敦南,2023-12-13,8888
2867,三商壽,984,246,738,國泰-敦南,2023-12-13,8888
00881,國泰台灣5G+,1051,508,543,國泰-敦南,2023-12-13,8888
00929,復華台灣科技優息,3899,3449,450,國泰-敦南,2023-12-13,8888
5011,久陽,552,138,414,國泰-敦南,2023-12-13,8888
00934,中信成長高股息,568,199,369,國泰-敦南,2023-12-13,8888
00637L,元大滬深300正2,556,200,356,國泰-敦南,2023-12-13,8888
2002,中鋼,605,255,350,國泰-敦南,2023-12-13,8888
00688L,國泰20年美債正2,672,327,345,國泰-敦南,2023-12-13,8888
00665L,富邦�琤肭磪囓�2,960,636,324,國泰-敦南,2023-12-13,8888
00632R,元大台灣50反1,559,248,311,國泰-敦南,2023-12-13,8888
00642U,期元大S＆P石油,375,66,309,國泰-敦南,2023-12-13,8888
2888,新光金,513,217,296,國泰-敦南,2023-12-13,8888
2882,國泰金,400,108,292,國泰-敦南,2023-12-13,8888
00720B,元大投資級公司債,348,82,266,國泰-敦南,2023-12-13,8888
4906,正文,449,193,256,國泰-敦南,2023-12-13,8888
00753L,中信中國50正2,312,69,243,國泰-敦南,2023-12-13,8888
2605,新興,703,462,241,國泰-敦南,2023-12-13,8888
00935,野村臺灣新科技50,288,58,230,國泰-敦南,2023-12-13,8888
2610,華航,404,186,218,國泰-敦南,2023-12-13,8888
2883,凱基金,353,151,202,國泰-敦南,2023-12-13,8888
2201,裕隆,297,96,201,國泰-敦南,2023-12-13,8888
00936,台新永續高息中小,262,62,200,國泰-敦南,2023-12-13,8888
2516,新建,438,244,194,國泰-敦南,2023-12-13,8888
2812,台中銀,313,139,174,國泰-敦南,2023-12-13,8888
6282,康舒,585,419,166,國泰-敦南,2023-12-13,8888
2371,大同,398,232,166,國泰-敦南,2023-12-13,8888
2634,漢翔,304,142,162,國泰-敦南,2023-12-13,8888
00907,永豐優息存股,194,38,156,國泰-敦南,2023-12-13,8888
3035,智原,669,517,152,國泰-敦南,2023-12-13,8888
3047,訊舟,264,114,150,國泰-敦南,2023-12-13,8888
00679B,元大美債20年,443,306,137,國泰-敦南,2023-12-13,8888
3481,群創,428,294,134,國泰-敦南,2023-12-13,8888
6668,中揚光,405,278,127,國泰-敦南,2023-12-13,8888
5347,世界,270,144,126,國泰-敦南,2023-12-13,8888
2618,長榮航,495,371,124,國泰-敦南,2023-12-13,8888
2889,國票金,131,15,116,國泰-敦南,2023-12-13,8888
3712,永崴投控,440,324,116,國泰-敦南,2023-12-13,8888
00751B,元大AAA至A公司債,209,94,115,國泰-敦南,2023-12-13,8888
2419,仲琦,1850,1736,114,國泰-敦南,2023-12-13,8888
2886,兆豐金,162,51,111,國泰-敦南,2023-12-13,8888
2887,台新金,182,73,109,國泰-敦南,2023-12-13,8888
00669R,國泰美國道瓊反1,114,7,107,國泰-敦南,2023-12-13,8888
1605,華新,172,76,96,國泰-敦南,2023-12-13,8888
00919,群益台灣精選高息,7680,3039,4641,國泰-敦南,2023-12-14,8888
00687B,國泰20年美債,3805,678,3127,國泰-敦南,2023-12-14,8888
00929,復華台灣科技優息,7822,5065,2757,國泰-敦南,2023-12-14,8888
00933B,國泰10Y+金融債,1856,275,1581,國泰-敦南,2023-12-14,8888
00680L,元大美債20正2,2031,875,1156,國泰-敦南,2023-12-14,8888
00937B,群益ESG投等債20,2625,1561,1064,國泰-敦南,2023-12-14,8888
00688L,國泰20年美債正2,1979,1022,957,國泰-敦南,2023-12-14,8888
00934,中信成長高股息,1187,237,950,國泰-敦南,2023-12-14,8888
00679B,元大美債20年,1370,581,789,國泰-敦南,2023-12-14,8888
00632R,元大台灣50反1,2258,1486,772,國泰-敦南,2023-12-14,8888
00751B,元大AAA至A公司債,1015,254,761,國泰-敦南,2023-12-14,8888
00918,大華優利高填息30,1492,880,612,國泰-敦南,2023-12-14,8888
00936,台新永續高息中小,713,113,600,國泰-敦南,2023-12-14,8888
5521,工信,3900,3310,590,國泰-敦南,2023-12-14,8888
2365,昆盈,1234,768,466,國泰-敦南,2023-12-14,8888
00637L,元大滬深300正2,684,290,394,國泰-敦南,2023-12-14,8888
00720B,元大投資級公司債,613,219,394,國泰-敦南,2023-12-14,8888
5426,振發,1465,1137,328,國泰-敦南,2023-12-14,8888
00931B,統一美債20年,983,687,296,國泰-敦南,2023-12-14,8888
00882,中信中國高股息,983,690,293,國泰-敦南,2023-12-14,8888
00885,富邦越南,421,161,260,國泰-敦南,2023-12-14,8888
1722,台肥,308,49,259,國泰-敦南,2023-12-14,8888
00935,野村臺灣新科技50,399,142,257,國泰-敦南,2023-12-14,8888
3481,群創,502,265,237,國泰-敦南,2023-12-14,8888
00921,兆豐龍頭等權重,290,57,233,國泰-敦南,2023-12-14,8888
8011,台通,515,304,211,國泰-敦南,2023-12-14,8888
2329,華泰,753,542,211,國泰-敦南,2023-12-14,8888
00795B,中信美國公債20年,259,56,203,國泰-敦南,2023-12-14,8888
00857B,永豐20年美公債,297,98,199,國泰-敦南,2023-12-14,8888
2313,華通,2962,2770,192,國泰-敦南,2023-12-14,8888
00715L,期街口布蘭特正2,714,534,180,國泰-敦南,2023-12-14,8888
5515,建國,494,323,171,國泰-敦南,2023-12-14,8888
00719B,元大美債1-3,175,13,162,國泰-敦南,2023-12-14,8888
2002,中鋼,302,143,159,國泰-敦南,2023-12-14,8888
2610,華航,252,104,148,國泰-敦南,2023-12-14,8888
6153,嘉聯益,175,29,146,國泰-敦南,2023-12-14,8888
3715,定穎投控,693,548,145,國泰-敦南,2023-12-14,8888
00772B,中信高評級公司債,412,269,143,國泰-敦南,2023-12-14,8888
1524,耿鼎,648,509,139,國泰-敦南,2023-12-14,8888
3005,神基,953,823,130,國泰-敦南,2023-12-14,8888
2641,正德,320,191,129,國泰-敦南,2023-12-14,8888
3051,力特,679,557,122,國泰-敦南,2023-12-14,8888
2883B,凱基金乙特,125,5,120,國泰-敦南,2023-12-14,8888
00915,凱基優選高股息30,341,222,119,國泰-敦南,2023-12-14,8888
8936,國統,324,209,115,國泰-敦南,2023-12-14,8888
2425,承啟,313,201,112,國泰-敦南,2023-12-14,8888
2387,精元,460,353,107,國泰-敦南,2023-12-14,8888
6209,今國光,210,105,105,國泰-敦南,2023-12-14,8888
1324,地球,118,21,97,國泰-敦南,2023-12-14,8888
00722B,群益投資級電信債,159,66,93,國泰-敦南,2023-12-14,8888
00919,群益台灣精選高息,11053,4603,6450,國泰-敦南,2023-12-15,8888
00929,復華台灣科技優息,9680,5212,4468,國泰-敦南,2023-12-15,8888
00687B,國泰20年美債,3981,829,3152,國泰-敦南,2023-12-15,8888
00688L,國泰20年美債正2,2896,498,2398,國泰-敦南,2023-12-15,8888
2356,英業達,7115,5548,1567,國泰-敦南,2023-12-15,8888
00918,大華優利高填息30,2247,682,1565,國泰-敦南,2023-12-15,8888
00680L,元大美債20正2,2650,1406,1244,國泰-敦南,2023-12-15,8888
2363,矽統,5691,4482,1209,國泰-敦南,2023-12-15,8888
00933B,國泰10Y+金融債,1338,432,906,國泰-敦南,2023-12-15,8888
00720B,元大投資級公司債,1170,277,893,國泰-敦南,2023-12-15,8888
00751B,元大AAA至A公司債,977,173,804,國泰-敦南,2023-12-15,8888
00915,凱基優選高股息30,956,156,800,國泰-敦南,2023-12-15,8888
00934,中信成長高股息,881,250,631,國泰-敦南,2023-12-15,8888
00679B,元大美債20年,1463,868,595,國泰-敦南,2023-12-15,8888
1722,台肥,773,212,561,國泰-敦南,2023-12-15,8888
1584,精剛,1609,1172,437,國泰-敦南,2023-12-15,8888
00937B,群益ESG投等債20,1774,1405,369,國泰-敦南,2023-12-15,8888
00673R,期元大S＆P原油反1,396,44,352,國泰-敦南,2023-12-15,8888
3231,緯創,769,463,306,國泰-敦南,2023-12-15,8888
00931B,統一美債20年,805,513,292,國泰-敦南,2023-12-15,8888
00935,野村臺灣新科技50,312,71,241,國泰-敦南,2023-12-15,8888
2887,台新金,358,150,208,國泰-敦南,2023-12-15,8888
3715,定穎投控,473,266,207,國泰-敦南,2023-12-15,8888
00885,富邦越南,262,66,196,國泰-敦南,2023-12-15,8888
00936,台新永續高息中小,403,208,195,國泰-敦南,2023-12-15,8888
2388,威盛,1006,823,183,國泰-敦南,2023-12-15,8888
3005,神基,637,457,180,國泰-敦南,2023-12-15,8888
2883B,凱基金乙特,188,10,178,國泰-敦南,2023-12-15,8888
2401,凌陽,281,114,167,國泰-敦南,2023-12-15,8888
6284,佳邦,237,73,164,國泰-敦南,2023-12-15,8888
3265,台星科,326,165,161,國泰-敦南,2023-12-15,8888
00764B,群益25年美債,199,40,159,國泰-敦南,2023-12-15,8888
00795B,中信美國公債20年,223,75,148,國泰-敦南,2023-12-15,8888
9958,世紀鋼,348,208,140,國泰-敦南,2023-12-15,8888
2412,中華電,141,3,138,國泰-敦南,2023-12-15,8888
5011,久陽,396,261,135,國泰-敦南,2023-12-15,8888
00665L,富邦�琤肭磪囓�2,1958,1832,126,國泰-敦南,2023-12-15,8888
2882,國泰金,288,165,123,國泰-敦南,2023-12-15,8888
2425,承啟,212,92,120,國泰-敦南,2023-12-15,8888
9105,泰金寶-DR,409,293,116,國泰-敦南,2023-12-15,8888
1514,亞力,946,830,116,國泰-敦南,2023-12-15,8888
2201,裕隆,182,66,116,國泰-敦南,2023-12-15,8888
2801,彰銀,147,34,113,國泰-敦南,2023-12-15,8888
4909,新復興,192,84,108,國泰-敦南,2023-12-15,8888
2402,毅嘉,233,129,104,國泰-敦南,2023-12-15,8888
00923,群益台ESG低碳50,235,132,103,國泰-敦南,2023-12-15,8888
00719B,元大美債1-3,116,16,100,國泰-敦南,2023-12-15,8888
5515,建國,215,116,99,國泰-敦南,2023-12-15,8888
5351,鈺創,349,252,97,國泰-敦南,2023-12-15,8888
2888,新光金,357,261,96,國泰-敦南,2023-12-15,8888
00919,群益台灣精選高息,7632,2349,5283,國泰-敦南,2023-12-18,8888
00881,國泰台灣5G+,2873,413,2460,國泰-敦南,2023-12-18,8888
00688L,國泰20年美債正2,2898,866,2032,國泰-敦南,2023-12-18,8888
00687B,國泰20年美債,2482,538,1944,國泰-敦南,2023-12-18,8888
00929,復華台灣科技優息,7623,6020,1603,國泰-敦南,2023-12-18,8888
00680L,元大美債20正2,2790,1195,1595,國泰-敦南,2023-12-18,8888
00933B,國泰10Y+金融債,1511,286,1225,國泰-敦南,2023-12-18,8888
00931B,統一美債20年,1248,348,900,國泰-敦南,2023-12-18,8888
5521,工信,1512,903,609,國泰-敦南,2023-12-18,8888
00937B,群益ESG投等債20,2767,2202,565,國泰-敦南,2023-12-18,8888
2610,華航,708,150,558,國泰-敦南,2023-12-18,8888
2023,燁輝,2111,1576,535,國泰-敦南,2023-12-18,8888
00720B,元大投資級公司債,663,133,530,國泰-敦南,2023-12-18,8888
2014,中鴻,3180,2716,464,國泰-敦南,2023-12-18,8888
2002,中鋼,1268,806,462,國泰-敦南,2023-12-18,8888
00918,大華優利高填息30,1167,740,427,國泰-敦南,2023-12-18,8888
00751B,元大AAA至A公司債,696,311,385,國泰-敦南,2023-12-18,8888
2618,長榮航,1334,1002,332,國泰-敦南,2023-12-18,8888
00934,中信成長高股息,482,213,269,國泰-敦南,2023-12-18,8888
00706L,期元大S＆P日圓正2,475,211,264,國泰-敦南,2023-12-18,8888
4306,炎洲,317,59,258,國泰-敦南,2023-12-18,8888
00915,凱基優選高股息30,482,227,255,國泰-敦南,2023-12-18,8888
2356,英業達,2220,1991,229,國泰-敦南,2023-12-18,8888
2801,彰銀,228,3,225,國泰-敦南,2023-12-18,8888
2883,凱基金,343,118,225,國泰-敦南,2023-12-18,8888
2515,中工,579,359,220,國泰-敦南,2023-12-18,8888
00665L,富邦�琤肭磪囓�2,649,430,219,國泰-敦南,2023-12-18,8888
00679B,元大美債20年,1046,857,189,國泰-敦南,2023-12-18,8888
3712,永崴投控,201,44,157,國泰-敦南,2023-12-18,8888
6191,精成科,249,93,156,國泰-敦南,2023-12-18,8888
2022,聚亨,455,306,149,國泰-敦南,2023-12-18,8888
00673R,期元大S＆P原油反1,178,32,146,國泰-敦南,2023-12-18,8888
00885,富邦越南,185,43,142,國泰-敦南,2023-12-18,8888
00935,野村臺灣新科技50,326,184,142,國泰-敦南,2023-12-18,8888
2882,國泰金,219,81,138,國泰-敦南,2023-12-18,8888
2388,威盛,601,469,132,國泰-敦南,2023-12-18,8888
00637L,元大滬深300正2,283,154,129,國泰-敦南,2023-12-18,8888
8112,至上,338,214,124,國泰-敦南,2023-12-18,8888
5210,寶碩,144,25,119,國泰-敦南,2023-12-18,8888
1605,華新,620,506,114,國泰-敦南,2023-12-18,8888
5608,四維航,247,133,114,國泰-敦南,2023-12-18,8888
2352,佳世達,187,76,111,國泰-敦南,2023-12-18,8888
00715L,期街口布蘭特正2,597,490,107,國泰-敦南,2023-12-18,8888
00936,台新永續高息中小,300,201,99,國泰-敦南,2023-12-18,8888
2308,台達電,100,1,99,國泰-敦南,2023-12-18,8888
2890,永豐金,146,54,92,國泰-敦南,2023-12-18,8888
5425,台半,281,189,92,國泰-敦南,2023-12-18,8888
3047,訊舟,274,183,91,國泰-敦南,2023-12-18,8888
1732,毛寶,193,105,88,國泰-敦南,2023-12-18,8888
00725B,國泰投資級公司債,135,47,88,國泰-敦南,2023-12-18,8888
00919,群益台灣精選高息,6045,2461,3584,國泰-敦南,2023-12-19,8888
00929,復華台灣科技優息,9571,6552,3019,國泰-敦南,2023-12-19,8888
00671R,富邦NASDAQ反1,945,50,895,國泰-敦南,2023-12-19,8888
00933B,國泰10Y+金融債,1154,341,813,國泰-敦南,2023-12-19,8888
00918,大華優利高填息30,1113,421,692,國泰-敦南,2023-12-19,8888
0056,元大高股息,1067,463,604,國泰-敦南,2023-12-19,8888
2618,長榮航,944,358,586,國泰-敦南,2023-12-19,8888
00937B,群益ESG投等債20,3310,2759,551,國泰-敦南,2023-12-19,8888
00688L,國泰20年美債正2,2532,2048,484,國泰-敦南,2023-12-19,8888
00934,中信成長高股息,707,224,483,國泰-敦南,2023-12-19,8888
2888,新光金,495,47,448,國泰-敦南,2023-12-19,8888
2882,國泰金,489,61,428,國泰-敦南,2023-12-19,8888
2356,英業達,1682,1259,423,國泰-敦南,2023-12-19,8888
2610,華航,648,255,393,國泰-敦南,2023-12-19,8888
00712,復華富時不動產,2650,2268,382,國泰-敦南,2023-12-19,8888
00687B,國泰20年美債,2032,1672,360,國泰-敦南,2023-12-19,8888
00713,元大台灣高息低波,444,97,347,國泰-敦南,2023-12-19,8888
2801,彰銀,311,32,279,國泰-敦南,2023-12-19,8888
00720B,元大投資級公司債,645,394,251,國泰-敦南,2023-12-19,8888
00915,凱基優選高股息30,416,166,250,國泰-敦南,2023-12-19,8888
2609,陽明,5439,5196,243,國泰-敦南,2023-12-19,8888
1312,國喬,328,86,242,國泰-敦南,2023-12-19,8888
3481,群創,511,273,238,國泰-敦南,2023-12-19,8888
00882,中信中國高股息,306,111,195,國泰-敦南,2023-12-19,8888
2887,台新金,291,97,194,國泰-敦南,2023-12-19,8888
1815,富喬,366,175,191,國泰-敦南,2023-12-19,8888
2409,友達,358,169,189,國泰-敦南,2023-12-19,8888
2324,仁寶,394,220,174,國泰-敦南,2023-12-19,8888
00881,國泰台灣5G+,381,214,167,國泰-敦南,2023-12-19,8888
00936,台新永續高息中小,397,239,158,國泰-敦南,2023-12-19,8888
2867,三商壽,276,119,157,國泰-敦南,2023-12-19,8888
00885,富邦越南,194,41,153,國泰-敦南,2023-12-19,8888
1102,亞泥,167,22,145,國泰-敦南,2023-12-19,8888
9105,泰金寶-DR,410,270,140,國泰-敦南,2023-12-19,8888
2607,榮運,438,300,138,國泰-敦南,2023-12-19,8888
6005,群益證,187,49,138,國泰-敦南,2023-12-19,8888
3006,晶豪科,544,408,136,國泰-敦南,2023-12-19,8888
2352,佳世達,251,115,136,國泰-敦南,2023-12-19,8888
00935,野村臺灣新科技50,427,292,135,國泰-敦南,2023-12-19,8888
00888,永豐台灣ESG,181,50,131,國泰-敦南,2023-12-19,8888
6116,彩晶,147,21,126,國泰-敦南,2023-12-19,8888
1616,億泰,133,22,111,國泰-敦南,2023-12-19,8888
2023,燁輝,437,327,110,國泰-敦南,2023-12-19,8888
2636,台驊控股,680,575,105,國泰-敦南,2023-12-19,8888
2891,中信金,229,129,100,國泰-敦南,2023-12-19,8888
3234,光環,99,3,96,國泰-敦南,2023-12-19,8888
5347,世界,210,116,94,國泰-敦南,2023-12-19,8888
5351,鈺創,425,331,94,國泰-敦南,2023-12-19,8888
2812,台中銀,179,88,91,國泰-敦南,2023-12-19,8888
1101,台泥,113,22,91,國泰-敦南,2023-12-19,8888
00919,群益台灣精選高息,3171,725,2446,國泰-敦南,2023-12-20,8888
00937B,群益ESG投等債20,2644,694,1950,國泰-敦南,2023-12-20,8888
00688L,國泰20年美債正2,1694,383,1311,國泰-敦南,2023-12-20,8888
00933B,國泰10Y+金融債,1541,289,1252,國泰-敦南,2023-12-20,8888
00632R,元大台灣50反1,1214,181,1033,國泰-敦南,2023-12-20,8888
00929,復華台灣科技優息,2796,1920,876,國泰-敦南,2023-12-20,8888
00680L,元大美債20正2,1017,193,824,國泰-敦南,2023-12-20,8888
2891,中信金,760,170,590,國泰-敦南,2023-12-20,8888
00753L,中信中國50正2,551,113,438,國泰-敦南,2023-12-20,8888
00679B,元大美債20年,709,344,365,國泰-敦南,2023-12-20,8888
2303,聯電,503,169,334,國泰-敦南,2023-12-20,8888
00720B,元大投資級公司債,509,188,321,國泰-敦南,2023-12-20,8888
2801,彰銀,325,8,317,國泰-敦南,2023-12-20,8888
2014,中鴻,1620,1329,291,國泰-敦南,2023-12-20,8888
00934,中信成長高股息,406,123,283,國泰-敦南,2023-12-20,8888
2867,三商壽,275,12,263,國泰-敦南,2023-12-20,8888
00687B,國泰20年美債,1170,919,251,國泰-敦南,2023-12-20,8888
2892,第一金,281,32,249,國泰-敦南,2023-12-20,8888
2882,國泰金,321,73,248,國泰-敦南,2023-12-20,8888
1905,華紙,439,236,203,國泰-敦南,2023-12-20,8888
3006,晶豪科,398,222,176,國泰-敦南,2023-12-20,8888
00936,台新永續高息中小,233,66,167,國泰-敦南,2023-12-20,8888
00673R,期元大S＆P原油反1,166,8,158,國泰-敦南,2023-12-20,8888
00637L,元大滬深300正2,186,39,147,國泰-敦南,2023-12-20,8888
2618,長榮航,530,396,134,國泰-敦南,2023-12-20,8888
00882,中信中國高股息,239,108,131,國泰-敦南,2023-12-20,8888
8085,福華,810,679,131,國泰-敦南,2023-12-20,8888
6147,頎邦,196,66,130,國泰-敦南,2023-12-20,8888
2886,兆豐金,221,91,130,國泰-敦南,2023-12-20,8888
5521,工信,726,598,128,國泰-敦南,2023-12-20,8888
2363,矽統,628,505,123,國泰-敦南,2023-12-20,8888
3035,智原,354,234,120,國泰-敦南,2023-12-20,8888
6282,康舒,319,200,119,國泰-敦南,2023-12-20,8888
2405,輔信,131,19,112,國泰-敦南,2023-12-20,8888
8011,台通,184,77,107,國泰-敦南,2023-12-20,8888
2442,新美齊,130,24,106,國泰-敦南,2023-12-20,8888
5880,合庫金,131,27,104,國泰-敦南,2023-12-20,8888
2881,富邦金,139,35,104,國泰-敦南,2023-12-20,8888
2002,中鋼,344,242,102,國泰-敦南,2023-12-20,8888
5011,久陽,139,38,101,國泰-敦南,2023-12-20,8888
2812,台中銀,130,32,98,國泰-敦南,2023-12-20,8888
4167,松瑞藥,258,164,94,國泰-敦南,2023-12-20,8888
00921,兆豐龍頭等權重,113,21,92,國泰-敦南,2023-12-20,8888
2887,台新金,164,73,91,國泰-敦南,2023-12-20,8888
1608,華榮,97,11,86,國泰-敦南,2023-12-20,8888
00935,野村臺灣新科技50,184,101,83,國泰-敦南,2023-12-20,8888
2022,聚亨,279,196,83,國泰-敦南,2023-12-20,8888
2542,興富發,102,26,76,國泰-敦南,2023-12-20,8888
2501,國建,82,7,75,國泰-敦南,2023-12-20,8888
5258,虹堡,190,118,72,國泰-敦南,2023-12-20,8888
00919,群益台灣精選高息,6149,1168,4981,國泰-敦南,2023-12-21,8888
00929,復華台灣科技優息,4765,2124,2641,國泰-敦南,2023-12-21,8888
00937B,群益ESG投等債20,3514,1174,2340,國泰-敦南,2023-12-21,8888
00688L,國泰20年美債正2,1935,1259,676,國泰-敦南,2023-12-21,8888
2324,仁寶,3357,2701,656,國泰-敦南,2023-12-21,8888
9105,泰金寶-DR,4051,3399,652,國泰-敦南,2023-12-21,8888
00881,國泰台灣5G+,652,102,550,國泰-敦南,2023-12-21,8888
0056,元大高股息,835,363,472,國泰-敦南,2023-12-21,8888
00933B,國泰10Y+金融債,846,393,453,國泰-敦南,2023-12-21,8888
00934,中信成長高股息,514,88,426,國泰-敦南,2023-12-21,8888
9919,康那香,2406,2070,336,國泰-敦南,2023-12-21,8888
2801,彰銀,329,8,321,國泰-敦南,2023-12-21,8888
00878,國泰永續高股息,1307,1010,297,國泰-敦南,2023-12-21,8888
5521,工信,711,434,277,國泰-敦南,2023-12-21,8888
2331,精英,1287,1013,274,國泰-敦南,2023-12-21,8888
2312,金寶,444,185,259,國泰-敦南,2023-12-21,8888
1504,東元,306,55,251,國泰-敦南,2023-12-21,8888
2542,興富發,257,13,244,國泰-敦南,2023-12-21,8888
2882,國泰金,285,43,242,國泰-敦南,2023-12-21,8888
2886,兆豐金,290,76,214,國泰-敦南,2023-12-21,8888
8110,華東,352,145,207,國泰-敦南,2023-12-21,8888
2303,聯電,474,281,193,國泰-敦南,2023-12-21,8888
3035,智原,484,292,192,國泰-敦南,2023-12-21,8888
00673R,期元大S＆P原油反1,221,34,187,國泰-敦南,2023-12-21,8888
00936,台新永續高息中小,225,54,171,國泰-敦南,2023-12-21,8888
00935,野村臺灣新科技50,272,101,171,國泰-敦南,2023-12-21,8888
1325,恆大,974,817,157,國泰-敦南,2023-12-21,8888
2605,新興,384,229,155,國泰-敦南,2023-12-21,8888
00753L,中信中國50正2,727,575,152,國泰-敦南,2023-12-21,8888
1732,毛寶,1512,1360,152,國泰-敦南,2023-12-21,8888
2891,中信金,274,133,141,國泰-敦南,2023-12-21,8888
00687B,國泰20年美債,836,705,131,國泰-敦南,2023-12-21,8888
2363,矽統,418,290,128,國泰-敦南,2023-12-21,8888
2603,長榮,1473,1344,129,國泰-敦南,2023-12-21,8888
6443,元晶,193,65,128,國泰-敦南,2023-12-21,8888
2201,裕隆,224,98,126,國泰-敦南,2023-12-21,8888
2330,台積電,182,59,123,國泰-敦南,2023-12-21,8888
00882,中信中國高股息,348,231,117,國泰-敦南,2023-12-21,8888
00931B,統一美債20年,348,232,116,國泰-敦南,2023-12-21,8888
4167,松瑞藥,376,260,116,國泰-敦南,2023-12-21,8888
8089,康全電訊,188,74,114,國泰-敦南,2023-12-21,8888
2887,台新金,165,57,108,國泰-敦南,2023-12-21,8888
2892,第一金,124,21,103,國泰-敦南,2023-12-21,8888
2641,正德,352,254,98,國泰-敦南,2023-12-21,8888
00923,群益台ESG低碳50,171,73,98,國泰-敦南,2023-12-21,8888
2890,永豐金,122,25,97,國泰-敦南,2023-12-21,8888
5880,合庫金,100,7,93,國泰-敦南,2023-12-21,8888
00888,永豐台灣ESG,140,49,91,國泰-敦南,2023-12-21,8888
00675L,富邦臺灣加權正2,112,20,92,國泰-敦南,2023-12-21,8888
2888,新光金,145,55,90,國泰-敦南,2023-12-21,8888
00687B,國泰20年美債,2458,880,1578,國泰-敦南,2023-12-22,8888
00919,群益台灣精選高息,2024,686,1338,國泰-敦南,2023-12-22,8888
00688L,國泰20年美債正2,1837,758,1079,國泰-敦南,2023-12-22,8888
2515,中工,2537,1694,843,國泰-敦南,2023-12-22,8888
00929,復華台灣科技優息,1578,763,815,國泰-敦南,2023-12-22,8888
00937B,群益ESG投等債20,1794,1099,695,國泰-敦南,2023-12-22,8888
00933B,國泰10Y+金融債,1299,638,661,國泰-敦南,2023-12-22,8888
00751B,元大AAA至A公司債,880,261,619,國泰-敦南,2023-12-22,8888
00720B,元大投資級公司債,887,358,529,國泰-敦南,2023-12-22,8888
2344,華邦電,2745,2258,487,國泰-敦南,2023-12-22,8888
2609,陽明,8326,7849,477,國泰-敦南,2023-12-22,8888
00665L,富邦�琤肭磪囓�2,1920,1491,429,國泰-敦南,2023-12-22,8888
1314,中石化,503,78,425,國泰-敦南,2023-12-22,8888
00713,元大台灣高息低波,429,47,382,國泰-敦南,2023-12-22,8888
00934,中信成長高股息,479,103,376,國泰-敦南,2023-12-22,8888
2323,中環,542,195,347,國泰-敦南,2023-12-22,8888
2356,英業達,2636,2297,339,國泰-敦南,2023-12-22,8888
00679B,元大美債20年,669,351,318,國泰-敦南,2023-12-22,8888
00673R,期元大S＆P原油反1,367,55,312,國泰-敦南,2023-12-22,8888
00752,中信中國50,378,68,310,國泰-敦南,2023-12-22,8888
00753L,中信中國50正2,517,212,305,國泰-敦南,2023-12-22,8888
2882,國泰金,322,25,297,國泰-敦南,2023-12-22,8888
0056,元大高股息,646,351,295,國泰-敦南,2023-12-22,8888
2324,仁寶,1051,784,267,國泰-敦南,2023-12-22,8888
9105,泰金寶-DR,1448,1210,238,國泰-敦南,2023-12-22,8888
5009,榮剛,601,399,202,國泰-敦南,2023-12-22,8888
2363,矽統,391,221,170,國泰-敦南,2023-12-22,8888
2886,兆豐金,228,60,168,國泰-敦南,2023-12-22,8888
2313,華通,572,410,162,國泰-敦南,2023-12-22,8888
00857B,永豐20年美公債,179,16,163,國泰-敦南,2023-12-22,8888
3231,緯創,657,503,154,國泰-敦南,2023-12-22,8888
00680L,元大美債20正2,1597,1444,153,國泰-敦南,2023-12-22,8888
00719B,元大美債1-3,154,3,151,國泰-敦南,2023-12-22,8888
2105,正新,208,61,147,國泰-敦南,2023-12-22,8888
2812,台中銀,203,62,141,國泰-敦南,2023-12-22,8888
2891,中信金,232,92,140,國泰-敦南,2023-12-22,8888
6005,群益證,137,5,132,國泰-敦南,2023-12-22,8888
8110,華東,316,188,128,國泰-敦南,2023-12-22,8888
2355,敬鵬,328,201,127,國泰-敦南,2023-12-22,8888
00795B,中信美國公債20年,173,49,124,國泰-敦南,2023-12-22,8888
2888,新光金,148,27,121,國泰-敦南,2023-12-22,8888
2506,太設,232,117,115,國泰-敦南,2023-12-22,8888
00936,台新永續高息中小,228,120,108,國泰-敦南,2023-12-22,8888
4979,華星光,244,146,98,國泰-敦南,2023-12-22,8888
3260,威剛,276,182,94,國泰-敦南,2023-12-22,8888
2641,正德,265,175,90,國泰-敦南,2023-12-22,8888
2443,昶虹,113,25,88,國泰-敦南,2023-12-22,8888
00918,大華優利高填息30,245,160,85,國泰-敦南,2023-12-22,8888
9910,豐泰,88,3,85,國泰-敦南,2023-12-22,8888
2887,台新金,124,42,82,國泰-敦南,2023-12-22,8888
00919,群益台灣精選高息,5719,764,4955,國泰-敦南,2023-12-25,8888
2609,陽明,5080,3561,1519,國泰-敦南,2023-12-25,8888
00929,復華台灣科技優息,2537,1059,1478,國泰-敦南,2023-12-25,8888
00881,國泰台灣5G+,2548,1094,1454,國泰-敦南,2023-12-25,8888
00937B,群益ESG投等債20,2086,997,1089,國泰-敦南,2023-12-25,8888
00632R,元大台灣50反1,1064,178,886,國泰-敦南,2023-12-25,8888
00679B,元大美債20年,795,251,544,國泰-敦南,2023-12-25,8888
00687B,國泰20年美債,1408,890,518,國泰-敦南,2023-12-25,8888
00680L,元大美債20正2,649,303,346,國泰-敦南,2023-12-25,8888
00715L,期街口布蘭特正2,520,209,311,國泰-敦南,2023-12-25,8888
9105,泰金寶-DR,1192,900,292,國泰-敦南,2023-12-25,8888
00934,中信成長高股息,582,296,286,國泰-敦南,2023-12-25,8888
6117,迎廣,1394,1137,257,國泰-敦南,2023-12-25,8888
00918,大華優利高填息30,432,203,229,國泰-敦南,2023-12-25,8888
00931B,統一美債20年,494,279,215,國泰-敦南,2023-12-25,8888
2014,中鴻,881,667,214,國泰-敦南,2023-12-25,8888
00933B,國泰10Y+金融債,929,724,205,國泰-敦南,2023-12-25,8888
00706L,期元大S＆P日圓正2,257,56,201,國泰-敦南,2023-12-25,8888
00713,元大台灣高息低波,342,146,196,國泰-敦南,2023-12-25,8888
2601,益航,269,87,182,國泰-敦南,2023-12-25,8888
2888,新光金,202,27,175,國泰-敦南,2023-12-25,8888
2353,宏��,2946,2778,168,國泰-敦南,2023-12-25,8888
2421,建準,690,527,163,國泰-敦南,2023-12-25,8888
2344,華邦電,343,192,151,國泰-敦南,2023-12-25,8888
00795B,中信美國公債20年,158,15,143,國泰-敦南,2023-12-25,8888
2606,裕民,311,170,141,國泰-敦南,2023-12-25,8888
2618,長榮航,895,756,139,國泰-敦南,2023-12-25,8888
2641,正德,296,158,138,國泰-敦南,2023-12-25,8888
2882,國泰金,199,64,135,國泰-敦南,2023-12-25,8888
2331,精英,396,261,135,國泰-敦南,2023-12-25,8888
8088,品安,794,660,134,國泰-敦南,2023-12-25,8888
1514,亞力,441,321,120,國泰-敦南,2023-12-25,8888
3051,力特,223,108,115,國泰-敦南,2023-12-25,8888
3024,憶聲,198,84,114,國泰-敦南,2023-12-25,8888
1605,華新,233,124,109,國泰-敦南,2023-12-25,8888
2605,新興,318,210,108,國泰-敦南,2023-12-25,8888
00669R,國泰美國道瓊反1,107,0,107,國泰-敦南,2023-12-25,8888
6139,亞翔,396,289,107,國泰-敦南,2023-12-25,8888
8112,至上,153,53,100,國泰-敦南,2023-12-25,8888
2363,矽統,393,294,99,國泰-敦南,2023-12-25,8888
00907,永豐優息存股,127,31,96,國泰-敦南,2023-12-25,8888
2324,仁寶,3007,2913,94,國泰-敦南,2023-12-25,8888
2637,慧洋-KY,163,74,89,國泰-敦南,2023-12-25,8888
2515,中工,1075,987,88,國泰-敦南,2023-12-25,8888
00753L,中信中國50正2,222,147,75,國泰-敦南,2023-12-25,8888
4979,華星光,140,66,74,國泰-敦南,2023-12-25,8888
1337,再生-KY,101,29,72,國泰-敦南,2023-12-25,8888
5608,四維航,202,131,71,國泰-敦南,2023-12-25,8888
6182,合晶,80,11,69,國泰-敦南,2023-12-25,8888
00637L,元大滬深300正2,131,63,68,國泰-敦南,2023-12-25,8888
00688L,國泰20年美債正2,1529,408,1121,國泰-敦南,2023-12-26,8888
00937B,群益ESG投等債20,2133,1059,1074,國泰-敦南,2023-12-26,8888
00919,群益台灣精選高息,2016,1021,995,國泰-敦南,2023-12-26,8888
00680L,元大美債20正2,906,127,779,國泰-敦南,2023-12-26,8888
00687B,國泰20年美債,908,259,649,國泰-敦南,2023-12-26,8888
00933B,國泰10Y+金融債,622,146,476,國泰-敦南,2023-12-26,8888
00720B,元大投資級公司債,389,55,334,國泰-敦南,2023-12-26,8888
2443,昶虹,310,26,284,國泰-敦南,2023-12-26,8888
2610,華航,501,233,268,國泰-敦南,2023-12-26,8888
00715L,期街口布蘭特正2,325,93,232,國泰-敦南,2023-12-26,8888
00931B,統一美債20年,318,102,216,國泰-敦南,2023-12-26,8888
2618,長榮航,346,173,173,國泰-敦南,2023-12-26,8888
2353,宏��,3519,3352,167,國泰-敦南,2023-12-26,8888
00936,台新永續高息中小,224,65,159,國泰-敦南,2023-12-26,8888
1519,華城,440,300,140,國泰-敦南,2023-12-26,8888
00915,凱基優選高股息30,190,62,128,國泰-敦南,2023-12-26,8888
00673R,期元大S＆P原油反1,177,50,127,國泰-敦南,2023-12-26,8888
00637L,元大滬深300正2,161,35,126,國泰-敦南,2023-12-26,8888
6005,群益證,114,12,102,國泰-敦南,2023-12-26,8888
00719B,元大美債1-3,90,6,84,國泰-敦南,2023-12-26,8888
00632R,元大台灣50反1,323,242,81,國泰-敦南,2023-12-26,8888
2356,英業達,1330,1258,72,國泰-敦南,2023-12-26,8888
00795B,中信美國公債20年,80,12,68,國泰-敦南,2023-12-26,8888
1582,信錦,115,46,69,國泰-敦南,2023-12-26,8888
2382,廣達,208,140,68,國泰-敦南,2023-12-26,8888
1313,聯成,80,12,68,國泰-敦南,2023-12-26,8888
2204,中華,117,50,67,國泰-敦南,2023-12-26,8888
2504,國產,73,8,65,國泰-敦南,2023-12-26,8888
00696B,富邦美債20年,63,0,63,國泰-敦南,2023-12-26,8888
1467,南緯,70,7,63,國泰-敦南,2023-12-26,8888
6616,特昇-KY,61,0,61,國泰-敦南,2023-12-26,8888
00679B,元大美債20年,258,197,61,國泰-敦南,2023-12-26,8888
1337,再生-KY,74,14,60,國泰-敦南,2023-12-26,8888
2634,漢翔,114,54,60,國泰-敦南,2023-12-26,8888
1312,國喬,232,172,60,國泰-敦南,2023-12-26,8888
3437,榮創,212,155,57,國泰-敦南,2023-12-26,8888
00708L,期元大S＆P黃金正2,68,12,56,國泰-敦南,2023-12-26,8888
00757,統一FANG+,70,14,56,國泰-敦南,2023-12-26,8888
1806,冠軍,183,131,52,國泰-敦南,2023-12-26,8888
8936,國統,163,112,51,國泰-敦南,2023-12-26,8888
8110,華東,107,57,50,國泰-敦南,2023-12-26,8888
2516,新建,64,14,50,國泰-敦南,2023-12-26,8888
2032,新鋼,186,137,49,國泰-敦南,2023-12-26,8888
00753L,中信中國50正2,84,36,48,國泰-敦南,2023-12-26,8888
2374,佳能,57,10,47,國泰-敦南,2023-12-26,8888
6120,達運,56,9,47,國泰-敦南,2023-12-26,8888
8426,紅木-KY,112,66,46,國泰-敦南,2023-12-26,8888
00725B,國泰投資級公司債,89,43,46,國泰-敦南,2023-12-26,8888
2010,春源,48,3,45,國泰-敦南,2023-12-26,8888
1513,中興電,131,86,45,國泰-敦南,2023-12-26,8888
00937B,群益ESG投等債20,7507,1621,5886,國泰-敦南,2023-12-27,8888
00919,群益台灣精選高息,2785,864,1921,國泰-敦南,2023-12-27,8888
00687B,國泰20年美債,1164,336,828,國泰-敦南,2023-12-27,8888
9105,泰金寶-DR,1105,611,494,國泰-敦南,2023-12-27,8888
00632R,元大台灣50反1,747,254,493,國泰-敦南,2023-12-27,8888
00673R,期元大S＆P原油反1,492,23,469,國泰-敦南,2023-12-27,8888
00933B,國泰10Y+金融債,843,441,402,國泰-敦南,2023-12-27,8888
2405,輔信,2419,2046,373,國泰-敦南,2023-12-27,8888
00688L,國泰20年美債正2,737,371,366,國泰-敦南,2023-12-27,8888
2515,中工,869,510,359,國泰-敦南,2023-12-27,8888
2353,宏��,4697,4344,353,國泰-敦南,2023-12-27,8888
00680L,元大美債20正2,910,615,295,國泰-敦南,2023-12-27,8888
00679B,元大美債20年,478,202,276,國泰-敦南,2023-12-27,8888
00720B,元大投資級公司債,411,194,217,國泰-敦南,2023-12-27,8888
00882,中信中國高股息,480,285,195,國泰-敦南,2023-12-27,8888
910322,康師傅-DR,190,0,190,國泰-敦南,2023-12-27,8888
2618,長榮航,556,394,162,國泰-敦南,2023-12-27,8888
8936,國統,497,340,157,國泰-敦南,2023-12-27,8888
4979,華星光,275,128,147,國泰-敦南,2023-12-27,8888
2610,華航,399,260,139,國泰-敦南,2023-12-27,8888
3049,精金,181,62,119,國泰-敦南,2023-12-27,8888
00753L,中信中國50正2,314,195,119,國泰-敦南,2023-12-27,8888
00664R,國泰臺灣加權反1,153,35,118,國泰-敦南,2023-12-27,8888
00795B,中信美國公債20年,127,10,117,國泰-敦南,2023-12-27,8888
3390,旭軟,777,661,116,國泰-敦南,2023-12-27,8888
8011,台通,136,22,114,國泰-敦南,2023-12-27,8888
3694,海華,354,246,108,國泰-敦南,2023-12-27,8888
9933,中鼎,104,1,103,國泰-敦南,2023-12-27,8888
00931B,統一美債20年,390,291,99,國泰-敦南,2023-12-27,8888
2331,精英,245,149,96,國泰-敦南,2023-12-27,8888
00751B,元大AAA至A公司債,175,79,96,國泰-敦南,2023-12-27,8888
2324,仁寶,4192,4107,85,國泰-敦南,2023-12-27,8888
9934,成霖,152,67,85,國泰-敦南,2023-12-27,8888
1504,東元,117,32,85,國泰-敦南,2023-12-27,8888
2014,中鴻,260,176,84,國泰-敦南,2023-12-27,8888
2329,華泰,178,96,82,國泰-敦南,2023-12-27,8888
00935,野村臺灣新科技50,246,167,79,國泰-敦南,2023-12-27,8888
2388,威盛,317,238,79,國泰-敦南,2023-12-27,8888
1733,五鼎,354,275,79,國泰-敦南,2023-12-27,8888
1815,富喬,124,48,76,國泰-敦南,2023-12-27,8888
5483,中美晶,112,36,76,國泰-敦南,2023-12-27,8888
6282,康舒,180,110,70,國泰-敦南,2023-12-27,8888
2101,南港,90,22,68,國泰-敦南,2023-12-27,8888
00719B,元大美債1-3,78,12,66,國泰-敦南,2023-12-27,8888
00902,中信電池及儲能,130,65,65,國泰-敦南,2023-12-27,8888
8085,福華,91,27,64,國泰-敦南,2023-12-27,8888
3437,榮創,258,196,62,國泰-敦南,2023-12-27,8888
3532,台勝科,135,75,60,國泰-敦南,2023-12-27,8888
2891,中信金,210,150,60,國泰-敦南,2023-12-27,8888
9136,巨騰-DR,59,0,59,國泰-敦南,2023-12-27,8888
00937B,群益ESG投等債20,6604,1341,5263,國泰-敦南,2023-12-28,8888
00919,群益台灣精選高息,3959,993,2966,國泰-敦南,2023-12-28,8888
00929,復華台灣科技優息,3040,2031,1009,國泰-敦南,2023-12-28,8888
2303,聯電,2701,1990,711,國泰-敦南,2023-12-28,8888
00933B,國泰10Y+金融債,951,280,671,國泰-敦南,2023-12-28,8888
1514,亞力,1774,1369,405,國泰-敦南,2023-12-28,8888
00712,復華富時不動產,968,573,395,國泰-敦南,2023-12-28,8888
00688L,國泰20年美債正2,906,541,365,國泰-敦南,2023-12-28,8888
00934,中信成長高股息,494,162,332,國泰-敦南,2023-12-28,8888
00918,大華優利高填息30,382,97,285,國泰-敦南,2023-12-28,8888
2365,昆盈,1234,976,258,國泰-敦南,2023-12-28,8888
00891,中信關鍵半導體,364,114,250,國泰-敦南,2023-12-28,8888
3231,緯創,926,678,248,國泰-敦南,2023-12-28,8888
3376,新日興,730,498,232,國泰-敦南,2023-12-28,8888
2324,仁寶,2440,2214,226,國泰-敦南,2023-12-28,8888
2353,宏��,5382,5164,218,國泰-敦南,2023-12-28,8888
00936,台新永續高息中小,285,69,216,國泰-敦南,2023-12-28,8888
00935,野村臺灣新科技50,261,54,207,國泰-敦南,2023-12-28,8888
00632R,元大台灣50反1,557,356,201,國泰-敦南,2023-12-28,8888
00679B,元大美債20年,381,185,196,國泰-敦南,2023-12-28,8888
2603,長榮,570,381,189,國泰-敦南,2023-12-28,8888
00687B,國泰20年美債,689,502,187,國泰-敦南,2023-12-28,8888
00713,元大台灣高息低波,250,73,177,國泰-敦南,2023-12-28,8888
00720B,元大投資級公司債,374,209,165,國泰-敦南,2023-12-28,8888
00715L,期街口布蘭特正2,698,533,165,國泰-敦南,2023-12-28,8888
2601,益航,194,43,151,國泰-敦南,2023-12-28,8888
2606,裕民,163,21,142,國泰-敦南,2023-12-28,8888
00719B,元大美債1-3,169,46,123,國泰-敦南,2023-12-28,8888
1616,億泰,163,46,117,國泰-敦南,2023-12-28,8888
00900,富邦特選高股息30,278,170,108,國泰-敦南,2023-12-28,8888
6005,群益證,162,55,107,國泰-敦南,2023-12-28,8888
2515,中工,351,247,104,國泰-敦南,2023-12-28,8888
2313,華通,290,189,101,國泰-敦南,2023-12-28,8888
8096,擎亞,1208,1111,97,國泰-敦南,2023-12-28,8888
3035,智原,329,235,94,國泰-敦南,2023-12-28,8888
3006,晶豪科,1093,1001,92,國泰-敦南,2023-12-28,8888
00642U,期元大S＆P石油,93,7,86,國泰-敦南,2023-12-28,8888
2436,偉詮電,424,340,84,國泰-敦南,2023-12-28,8888
00650L,復華香港正2,338,256,82,國泰-敦南,2023-12-28,8888
00915,凱基優選高股息30,150,69,81,國泰-敦南,2023-12-28,8888
6443,元晶,97,17,80,國泰-敦南,2023-12-28,8888
8936,國統,243,165,78,國泰-敦南,2023-12-28,8888
3545,敦泰,135,58,77,國泰-敦南,2023-12-28,8888
00885,富邦越南,136,60,76,國泰-敦南,2023-12-28,8888
1618,合機,296,220,76,國泰-敦南,2023-12-28,8888
2615,萬海,220,144,76,國泰-敦南,2023-12-28,8888
3325,旭品,284,211,73,國泰-敦南,2023-12-28,8888
00922,國泰台灣領袖50,302,232,70,國泰-敦南,2023-12-28,8888
3024,憶聲,276,206,70,國泰-敦南,2023-12-28,8888
2363,矽統,402,332,70,國泰-敦南,2023-12-28,8888
00937B,群益ESG投等債20,4895,1252,3643,國泰-敦南,2023-12-29,8888
00919,群益台灣精選高息,2511,790,1721,國泰-敦南,2023-12-29,8888
00929,復華台灣科技優息,2357,1476,881,國泰-敦南,2023-12-29,8888
00687B,國泰20年美債,1193,329,864,國泰-敦南,2023-12-29,8888
00715L,期街口布蘭特正2,985,123,862,國泰-敦南,2023-12-29,8888
00680L,元大美債20正2,837,172,665,國泰-敦南,2023-12-29,8888
00933B,國泰10Y+金融債,912,273,639,國泰-敦南,2023-12-29,8888
00632R,元大台灣50反1,748,220,528,國泰-敦南,2023-12-29,8888
2344,華邦電,2082,1716,366,國泰-敦南,2023-12-29,8888
00720B,元大投資級公司債,689,339,350,國泰-敦南,2023-12-29,8888
00753L,中信中國50正2,461,159,302,國泰-敦南,2023-12-29,8888
00679B,元大美債20年,503,206,297,國泰-敦南,2023-12-29,8888
00688L,國泰20年美債正2,524,240,284,國泰-敦南,2023-12-29,8888
3006,晶豪科,855,576,279,國泰-敦南,2023-12-29,8888
00931B,統一美債20年,450,201,249,國泰-敦南,2023-12-29,8888
1519,華城,847,639,208,國泰-敦南,2023-12-29,8888
00934,中信成長高股息,380,199,181,國泰-敦南,2023-12-29,8888
1513,中興電,350,178,172,國泰-敦南,2023-12-29,8888
2515,中工,1096,953,143,國泰-敦南,2023-12-29,8888
3548,兆利,259,121,138,國泰-敦南,2023-12-29,8888
00795B,中信美國公債20年,186,54,132,國泰-敦南,2023-12-29,8888
3260,威剛,442,310,132,國泰-敦南,2023-12-29,8888
3706,神達,1185,1056,129,國泰-敦南,2023-12-29,8888
00636,國泰中國A50,128,7,121,國泰-敦南,2023-12-29,8888
1503,士電,644,527,117,國泰-敦南,2023-12-29,8888
1514,亞力,831,718,113,國泰-敦南,2023-12-29,8888
9105,泰金寶-DR,351,242,109,國泰-敦南,2023-12-29,8888
00891,中信關鍵半導體,295,189,106,國泰-敦南,2023-12-29,8888
2331,精英,413,309,104,國泰-敦南,2023-12-29,8888
9934,成霖,104,5,99,國泰-敦南,2023-12-29,8888
2891,中信金,173,74,99,國泰-敦南,2023-12-29,8888
1605,華新,194,97,97,國泰-敦南,2023-12-29,8888
2412,中華電,109,13,96,國泰-敦南,2023-12-29,8888
2888,新光金,172,80,92,國泰-敦南,2023-12-29,8888
00751B,元大AAA至A公司債,170,82,88,國泰-敦南,2023-12-29,8888
6187,萬潤,213,127,86,國泰-敦南,2023-12-29,8888
00642U,期元大S＆P石油,149,67,82,國泰-敦南,2023-12-29,8888
8429,金麗-KY,91,9,82,國泰-敦南,2023-12-29,8888
2855,統一證,85,4,81,國泰-敦南,2023-12-29,8888
1603,華電,96,17,79,國泰-敦南,2023-12-29,8888
9941A,裕融甲特,78,1,77,國泰-敦南,2023-12-29,8888
6005,群益證,159,85,74,國泰-敦南,2023-12-29,8888
2323,中環,107,33,74,國泰-敦南,2023-12-29,8888
8936,國統,130,59,71,國泰-敦南,2023-12-29,8888
00902,中信電池及儲能,155,85,70,國泰-敦南,2023-12-29,8888
9945,潤泰新,109,41,68,國泰-敦南,2023-12-29,8888
8069,元太,133,67,66,國泰-敦南,2023-12-29,8888
4979,華星光,214,151,63,國泰-敦南,2023-12-29,8888
00633L,富邦上証正2,76,14,62,國泰-敦南,2023-12-29,8888
4967,十銓,149,88,61,國泰-敦南,2023-12-29,8888
00937B,群益ESG投等債20,6480,1154,5326,國泰-敦南,2024-01-02,8888
00929,復華台灣科技優息,5253,1824,3429,國泰-敦南,2024-01-02,8888
00687B,國泰20年美債,2168,314,1854,國泰-敦南,2024-01-02,8888
00919,群益台灣精選高息,2844,1059,1785,國泰-敦南,2024-01-02,8888
00688L,國泰20年美債正2,1631,263,1368,國泰-敦南,2024-01-02,8888
00712,復華富時不動產,2201,986,1215,國泰-敦南,2024-01-02,8888
00878,國泰永續高股息,2761,1636,1125,國泰-敦南,2024-01-02,8888
3231,緯創,1669,734,935,國泰-敦南,2024-01-02,8888
00933B,國泰10Y+金融債,1064,212,852,國泰-敦南,2024-01-02,8888
0056,元大高股息,1354,616,738,國泰-敦南,2024-01-02,8888
00934,中信成長高股息,786,124,662,國泰-敦南,2024-01-02,8888
00680L,元大美債20正2,1608,998,610,國泰-敦南,2024-01-02,8888
00751B,元大AAA至A公司債,545,50,495,國泰-敦南,2024-01-02,8888
00679B,元大美債20年,890,496,394,國泰-敦南,2024-01-02,8888
2609,陽明,3815,3433,382,國泰-敦南,2024-01-02,8888
00935,野村臺灣新科技50,381,39,342,國泰-敦南,2024-01-02,8888
00931B,統一美債20年,523,193,330,國泰-敦南,2024-01-02,8888
00720B,元大投資級公司債,787,461,326,國泰-敦南,2024-01-02,8888
2883,凱基金,425,122,303,國泰-敦南,2024-01-02,8888
00664R,國泰臺灣加權反1,303,1,302,國泰-敦南,2024-01-02,8888
2883B,凱基金乙特,259,0,259,國泰-敦南,2024-01-02,8888
2356,英業達,934,682,252,國泰-敦南,2024-01-02,8888
2890,永豐金,225,13,212,國泰-敦南,2024-01-02,8888
00923,群益台ESG低碳50,264,68,196,國泰-敦南,2024-01-02,8888
4806,桂田文創,188,0,188,國泰-敦南,2024-01-02,8888
2382,廣達,467,280,187,國泰-敦南,2024-01-02,8888
00795B,中信美國公債20年,241,64,177,國泰-敦南,2024-01-02,8888
5521,工信,2961,2799,162,國泰-敦南,2024-01-02,8888
9105,泰金寶-DR,356,197,159,國泰-敦南,2024-01-02,8888
00637L,元大滬深300正2,615,463,152,國泰-敦南,2024-01-02,8888
00915,凱基優選高股息30,170,27,143,國泰-敦南,2024-01-02,8888
6770,力積電,175,32,143,國泰-敦南,2024-01-02,8888
9945,潤泰新,346,209,137,國泰-敦南,2024-01-02,8888
00918,大華優利高填息30,408,273,135,國泰-敦南,2024-01-02,8888
00713,元大台灣高息低波,191,58,133,國泰-敦南,2024-01-02,8888
2363,矽統,317,185,132,國泰-敦南,2024-01-02,8888
00857B,永豐20年美公債,171,39,132,國泰-敦南,2024-01-02,8888
00650L,復華香港正2,257,130,127,國泰-敦南,2024-01-02,8888
2376,技嘉,418,293,125,國泰-敦南,2024-01-02,8888
00671R,富邦NASDAQ反1,132,11,121,國泰-敦南,2024-01-02,8888
1612,宏泰,188,69,119,國泰-敦南,2024-01-02,8888
00633L,富邦上証正2,183,64,119,國泰-敦南,2024-01-02,8888
2344,華邦電,663,545,118,國泰-敦南,2024-01-02,8888
00772B,中信高評級公司債,179,69,110,國泰-敦南,2024-01-02,8888
00888,永豐台灣ESG,161,53,108,國泰-敦南,2024-01-02,8888
00891,中信關鍵半導體,284,178,106,國泰-敦南,2024-01-02,8888
00706L,期元大S＆P日圓正2,151,46,105,國泰-敦南,2024-01-02,8888
3006,晶豪科,319,215,104,國泰-敦南,2024-01-02,8888
00669R,國泰美國道瓊反1,103,2,101,國泰-敦南,2024-01-02,8888
2352,佳世達,519,420,99,國泰-敦南,2024-01-02,8888
00929,復華台灣科技優息,8271,2972,5299,國泰-敦南,2024-01-03,8888
00919,群益台灣精選高息,4806,1097,3709,國泰-敦南,2024-01-03,8888
00937B,群益ESG投等債20,4108,1110,2998,國泰-敦南,2024-01-03,8888
0056,元大高股息,3550,1195,2355,國泰-敦南,2024-01-03,8888
00881,國泰台灣5G+,2227,163,2064,國泰-敦南,2024-01-03,8888
00878,國泰永續高股息,3804,1786,2018,國泰-敦南,2024-01-03,8888
00715L,期街口布蘭特正2,1655,49,1606,國泰-敦南,2024-01-03,8888
3481,群創,1447,316,1131,國泰-敦南,2024-01-03,8888
00918,大華優利高填息30,903,106,797,國泰-敦南,2024-01-03,8888
00934,中信成長高股息,1195,421,774,國泰-敦南,2024-01-03,8888
00720B,元大投資級公司債,829,302,527,國泰-敦南,2024-01-03,8888
00933B,國泰10Y+金融債,650,141,509,國泰-敦南,2024-01-03,8888
00687B,國泰20年美債,744,272,472,國泰-敦南,2024-01-03,8888
00935,野村臺灣新科技50,588,158,430,國泰-敦南,2024-01-03,8888
00923,群益台ESG低碳50,483,62,421,國泰-敦南,2024-01-03,8888
2618,長榮航,2041,1636,405,國泰-敦南,2024-01-03,8888
00927,群益半導體收益,386,8,378,國泰-敦南,2024-01-03,8888
2882,國泰金,438,76,362,國泰-敦南,2024-01-03,8888
00907,永豐優息存股,405,46,359,國泰-敦南,2024-01-03,8888
00882,中信中國高股息,800,459,341,國泰-敦南,2024-01-03,8888
2303,聯電,769,454,315,國泰-敦南,2024-01-03,8888
0050,元大台灣50,474,161,313,國泰-敦南,2024-01-03,8888
9934,成霖,752,441,311,國泰-敦南,2024-01-03,8888
2324,仁寶,1343,1037,306,國泰-敦南,2024-01-03,8888
2330,台積電,315,40,275,國泰-敦南,2024-01-03,8888
2610,華航,563,294,269,國泰-敦南,2024-01-03,8888
6770,力積電,297,31,266,國泰-敦南,2024-01-03,8888
00713,元大台灣高息低波,383,122,261,國泰-敦南,2024-01-03,8888
00888,永豐台灣ESG,386,134,252,國泰-敦南,2024-01-03,8888
00637L,元大滬深300正2,380,138,242,國泰-敦南,2024-01-03,8888
2883,凱基金,423,184,239,國泰-敦南,2024-01-03,8888
00770,國泰北美科技,233,3,230,國泰-敦南,2024-01-03,8888
2002,中鋼,314,94,220,國泰-敦南,2024-01-03,8888
00922,國泰台灣領袖50,437,233,204,國泰-敦南,2024-01-03,8888
2887,台新金,323,121,202,國泰-敦南,2024-01-03,8888
006208,富邦台50,268,84,184,國泰-敦南,2024-01-03,8888
3390,旭軟,1832,1653,179,國泰-敦南,2024-01-03,8888
2353,宏��,1627,1449,178,國泰-敦南,2024-01-03,8888
00915,凱基優選高股息30,249,80,169,國泰-敦南,2024-01-03,8888
2885,元大金,272,108,164,國泰-敦南,2024-01-03,8888
6695,芯鼎,859,696,163,國泰-敦南,2024-01-03,8888
00679B,元大美債20年,393,232,161,國泰-敦南,2024-01-03,8888
5426,振發,309,154,155,國泰-敦南,2024-01-03,8888
00772B,中信高評級公司債,207,52,155,國泰-敦南,2024-01-03,8888
00725B,國泰投資級公司債,236,87,149,國泰-敦南,2024-01-03,8888
00680L,元大美債20正2,594,450,144,國泰-敦南,2024-01-03,8888
00642U,期元大S＆P石油,224,87,137,國泰-敦南,2024-01-03,8888
5521,工信,2162,2029,133,國泰-敦南,2024-01-03,8888
2520,冠德,140,7,133,國泰-敦南,2024-01-03,8888
6116,彩晶,130,11,119,國泰-敦南,2024-01-03,8888
00929,復華台灣科技優息,6391,966,5425,國泰-敦南,2024-01-04,8888
00937B,群益ESG投等債20,3815,1229,2586,國泰-敦南,2024-01-04,8888
00712,復華富時不動產,1929,684,1245,國泰-敦南,2024-01-04,8888
00927,群益半導體收益,1222,26,1196,國泰-敦南,2024-01-04,8888
00720B,元大投資級公司債,1019,143,876,國泰-敦南,2024-01-04,8888
00933B,國泰10Y+金融債,918,123,795,國泰-敦南,2024-01-04,8888
00680L,元大美債20正2,1089,317,772,國泰-敦南,2024-01-04,8888
0056,元大高股息,1178,561,617,國泰-敦南,2024-01-04,8888
00632R,元大台灣50反1,939,329,610,國泰-敦南,2024-01-04,8888
00637L,元大滬深300正2,821,266,555,國泰-敦南,2024-01-04,8888
00919,群益台灣精選高息,1269,728,541,國泰-敦南,2024-01-04,8888
00686R,群益臺灣加權反1,500,0,500,國泰-敦南,2024-01-04,8888
00706L,期元大S＆P日圓正2,573,92,481,國泰-敦南,2024-01-04,8888
00687B,國泰20年美債,683,281,402,國泰-敦南,2024-01-04,8888
00665L,富邦�琤肭磪囓�2,877,494,383,國泰-敦南,2024-01-04,8888
5521,工信,1637,1265,372,國泰-敦南,2024-01-04,8888
00934,中信成長高股息,482,118,364,國泰-敦南,2024-01-04,8888
00881,國泰台灣5G+,407,77,330,國泰-敦南,2024-01-04,8888
00878,國泰永續高股息,1272,980,292,國泰-敦南,2024-01-04,8888
00725B,國泰投資級公司債,383,98,285,國泰-敦南,2024-01-04,8888
00664R,國泰臺灣加權反1,415,141,274,國泰-敦南,2024-01-04,8888
00935,野村臺灣新科技50,303,40,263,國泰-敦南,2024-01-04,8888
2303,聯電,523,260,263,國泰-敦南,2024-01-04,8888
2882,國泰金,318,57,261,國泰-敦南,2024-01-04,8888
00904,新光臺灣半導體30,216,10,206,國泰-敦南,2024-01-04,8888
00751B,元大AAA至A公司債,339,153,186,國泰-敦南,2024-01-04,8888
2014,中鴻,298,115,183,國泰-敦南,2024-01-04,8888
00770,國泰北美科技,189,7,182,國泰-敦南,2024-01-04,8888
00923,群益台ESG低碳50,231,50,181,國泰-敦南,2024-01-04,8888
9919,康那香,2428,2259,169,國泰-敦南,2024-01-04,8888
2610,華航,483,318,165,國泰-敦南,2024-01-04,8888
00673R,期元大S＆P原油反1,187,27,160,國泰-敦南,2024-01-04,8888
4906,正文,190,34,156,國泰-敦南,2024-01-04,8888
2883B,凱基金乙特,150,1,149,國泰-敦南,2024-01-04,8888
6140,訊達,685,544,141,國泰-敦南,2024-01-04,8888
00772B,中信高評級公司債,226,91,135,國泰-敦南,2024-01-04,8888
2353,宏��,1499,1365,134,國泰-敦南,2024-01-04,8888
1325,恆大,359,234,125,國泰-敦南,2024-01-04,8888
2331,精英,437,318,119,國泰-敦南,2024-01-04,8888
00753L,中信中國50正2,232,113,119,國泰-敦南,2024-01-04,8888
2883,凱基金,179,67,112,國泰-敦南,2024-01-04,8888
2206,三陽工業,298,188,110,國泰-敦南,2024-01-04,8888
00679B,元大美債20年,287,179,108,國泰-敦南,2024-01-04,8888
00713,元大台灣高息低波,180,72,108,國泰-敦南,2024-01-04,8888
0050,元大台灣50,193,88,105,國泰-敦南,2024-01-04,8888
00633L,富邦上証正2,116,13,103,國泰-敦南,2024-01-04,8888
9105,泰金寶-DR,395,295,100,國泰-敦南,2024-01-04,8888
3037,欣興,186,88,98,國泰-敦南,2024-01-04,8888
3325,旭品,249,152,97,國泰-敦南,2024-01-04,8888
1815,富喬,127,31,96,國泰-敦南,2024-01-04,8888
00929,復華台灣科技優息,7451,1600,5851,國泰-敦南,2024-01-05,8888
00919,群益台灣精選高息,3495,641,2854,國泰-敦南,2024-01-05,8888
00937B,群益ESG投等債20,3576,1136,2440,國泰-敦南,2024-01-05,8888
00687B,國泰20年美債,1846,694,1152,國泰-敦南,2024-01-05,8888
0056,元大高股息,1226,364,862,國泰-敦南,2024-01-05,8888
00712,復華富時不動產,1155,316,839,國泰-敦南,2024-01-05,8888
2618,長榮航,1553,782,771,國泰-敦南,2024-01-05,8888
00933B,國泰10Y+金融債,840,338,502,國泰-敦南,2024-01-05,8888
00679B,元大美債20年,840,371,469,國泰-敦南,2024-01-05,8888
00720B,元大投資級公司債,810,362,448,國泰-敦南,2024-01-05,8888
00927,群益半導體收益,631,273,358,國泰-敦南,2024-01-05,8888
2409,友達,1346,992,354,國泰-敦南,2024-01-05,8888
2609,陽明,5024,4694,330,國泰-敦南,2024-01-05,8888
2353,宏��,1841,1550,291,國泰-敦南,2024-01-05,8888
8096,擎亞,1658,1369,289,國泰-敦南,2024-01-05,8888
1732,毛寶,1050,784,266,國泰-敦南,2024-01-05,8888
00725B,國泰投資級公司債,302,39,263,國泰-敦南,2024-01-05,8888
00770,國泰北美科技,261,16,245,國泰-敦南,2024-01-05,8888
2607,榮運,1039,812,227,國泰-敦南,2024-01-05,8888
9105,泰金寶-DR,387,194,193,國泰-敦南,2024-01-05,8888
00934,中信成長高股息,360,168,192,國泰-敦南,2024-01-05,8888
2330,台積電,250,57,193,國泰-敦南,2024-01-05,8888
00673R,期元大S＆P原油反1,269,78,191,國泰-敦南,2024-01-05,8888
00757,統一FANG+,194,5,189,國泰-敦南,2024-01-05,8888
2344,華邦電,474,288,186,國泰-敦南,2024-01-05,8888
2324,仁寶,523,339,184,國泰-敦南,2024-01-05,8888
2368,金像電,227,57,170,國泰-敦南,2024-01-05,8888
0050,元大台灣50,212,44,168,國泰-敦南,2024-01-05,8888
2356,英業達,898,734,164,國泰-敦南,2024-01-05,8888
2610,華航,444,280,164,國泰-敦南,2024-01-05,8888
00764B,群益25年美債,168,6,162,國泰-敦南,2024-01-05,8888
2883B,凱基金乙特,160,0,160,國泰-敦南,2024-01-05,8888
00713,元大台灣高息低波,207,48,159,國泰-敦南,2024-01-05,8888
00671R,富邦NASDAQ反1,266,110,156,國泰-敦南,2024-01-05,8888
00935,野村臺灣新科技50,244,95,149,國泰-敦南,2024-01-05,8888
00918,大華優利高填息30,214,72,142,國泰-敦南,2024-01-05,8888
00795B,中信美國公債20年,188,49,139,國泰-敦南,2024-01-05,8888
00923,群益台ESG低碳50,209,76,133,國泰-敦南,2024-01-05,8888
2365,昆盈,195,63,132,國泰-敦南,2024-01-05,8888
00930,永豐ESG低碳高息,145,15,130,國泰-敦南,2024-01-05,8888
1325,恆大,412,282,130,國泰-敦南,2024-01-05,8888
2611,志信,821,702,119,國泰-敦南,2024-01-05,8888
00936,台新永續高息中小,153,38,115,國泰-敦南,2024-01-05,8888
5355,佳總,143,29,114,國泰-敦南,2024-01-05,8888
2467,志聖,151,38,113,國泰-敦南,2024-01-05,8888
2889,國票金,130,18,112,國泰-敦南,2024-01-05,8888
3037,欣興,201,90,111,國泰-敦南,2024-01-05,8888
2489,瑞軒,496,393,103,國泰-敦南,2024-01-05,8888
1605,華新,158,58,100,國泰-敦南,2024-01-05,8888
00632R,元大台灣50反1,436,336,100,國泰-敦南,2024-01-05,8888
00929,復華台灣科技優息,7083,1320,5763,國泰-敦南,2024-01-08,8888
00919,群益台灣精選高息,3098,1190,1908,國泰-敦南,2024-01-08,8888
00937B,群益ESG投等債20,3145,1411,1734,國泰-敦南,2024-01-08,8888
0056,元大高股息,2021,801,1220,國泰-敦南,2024-01-08,8888
00665L,富邦�琤肭磪囓�2,1898,834,1064,國泰-敦南,2024-01-08,8888
00933B,國泰10Y+金融債,1058,225,833,國泰-敦南,2024-01-08,8888
00632R,元大台灣50反1,856,199,657,國泰-敦南,2024-01-08,8888
6770,力積電,1358,731,627,國泰-敦南,2024-01-08,8888
00881,國泰台灣5G+,781,157,624,國泰-敦南,2024-01-08,8888
00679B,元大美債20年,1004,381,623,國泰-敦南,2024-01-08,8888
00927,群益半導體收益,615,23,592,國泰-敦南,2024-01-08,8888
2317,鴻海,645,77,568,國泰-敦南,2024-01-08,8888
2353,宏��,3391,2871,520,國泰-敦南,2024-01-08,8888
00637L,元大滬深300正2,604,124,480,國泰-敦南,2024-01-08,8888
00882,中信中國高股息,836,359,477,國泰-敦南,2024-01-08,8888
2303,聯電,724,308,416,國泰-敦南,2024-01-08,8888
2618,長榮航,786,399,387,國泰-敦南,2024-01-08,8888
00712,復華富時不動產,590,214,376,國泰-敦南,2024-01-08,8888
2609,陽明,2254,1900,354,國泰-敦南,2024-01-08,8888
00725B,國泰投資級公司債,367,26,341,國泰-敦南,2024-01-08,8888
00770,國泰北美科技,349,51,298,國泰-敦南,2024-01-08,8888
00687B,國泰20年美債,1852,1596,256,國泰-敦南,2024-01-08,8888
00931B,統一美債20年,689,493,196,國泰-敦南,2024-01-08,8888
2388,威盛,969,777,192,國泰-敦南,2024-01-08,8888
00673R,期元大S＆P原油反1,200,18,182,國泰-敦南,2024-01-08,8888
00752,中信中國50,204,24,180,國泰-敦南,2024-01-08,8888
6695,芯鼎,816,640,176,國泰-敦南,2024-01-08,8888
3017,奇鋐,288,122,166,國泰-敦南,2024-01-08,8888
00751B,元大AAA至A公司債,441,281,160,國泰-敦南,2024-01-08,8888
00772B,中信高評級公司債,306,154,152,國泰-敦南,2024-01-08,8888
2615,萬海,376,224,152,國泰-敦南,2024-01-08,8888
00795B,中信美國公債20年,222,77,145,國泰-敦南,2024-01-08,8888
00904,新光臺灣半導體30,161,18,143,國泰-敦南,2024-01-08,8888
00878,國泰永續高股息,1672,1537,135,國泰-敦南,2024-01-08,8888
3588,通嘉,893,761,132,國泰-敦南,2024-01-08,8888
2601,益航,220,92,128,國泰-敦南,2024-01-08,8888
00706L,期元大S＆P日圓正2,133,9,124,國泰-敦南,2024-01-08,8888
2344,華邦電,324,210,114,國泰-敦南,2024-01-08,8888
2607,榮運,213,100,113,國泰-敦南,2024-01-08,8888
9105,泰金寶-DR,268,164,104,國泰-敦南,2024-01-08,8888
2002,中鋼,237,134,103,國泰-敦南,2024-01-08,8888
2634,漢翔,328,242,86,國泰-敦南,2024-01-08,8888
2101,南港,124,39,85,國泰-敦南,2024-01-08,8888
00930,永豐ESG低碳高息,100,16,84,國泰-敦南,2024-01-08,8888
00633L,富邦上証正2,99,18,81,國泰-敦南,2024-01-08,8888
00655L,國泰中國A50正2,91,10,81,國泰-敦南,2024-01-08,8888
2889,國票金,116,36,80,國泰-敦南,2024-01-08,8888
1815,富喬,149,70,79,國泰-敦南,2024-01-08,8888
8096,擎亞,773,696,77,國泰-敦南,2024-01-08,8888
2610,華航,187,111,76,國泰-敦南,2024-01-08,8888
00919,群益台灣精選高息,8200,741,7459,國泰-敦南,2024-01-09,8888
00929,復華台灣科技優息,5179,1713,3466,國泰-敦南,2024-01-09,8888
00937B,群益ESG投等債20,2036,421,1615,國泰-敦南,2024-01-09,8888
00715L,期街口布蘭特正2,1384,207,1177,國泰-敦南,2024-01-09,8888
2609,陽明,3239,2140,1099,國泰-敦南,2024-01-09,8888
00933B,國泰10Y+金融債,1011,126,885,國泰-敦南,2024-01-09,8888
00680L,元大美債20正2,799,159,640,國泰-敦南,2024-01-09,8888
00671R,富邦NASDAQ反1,608,7,601,國泰-敦南,2024-01-09,8888
00918,大華優利高填息30,524,99,425,國泰-敦南,2024-01-09,8888
2353,宏��,2759,2390,369,國泰-敦南,2024-01-09,8888
2324,仁寶,1351,996,355,國泰-敦南,2024-01-09,8888
1605,華新,412,77,335,國泰-敦南,2024-01-09,8888
00881,國泰台灣5G+,467,144,323,國泰-敦南,2024-01-09,8888
00725B,國泰投資級公司債,319,41,278,國泰-敦南,2024-01-09,8888
2356,英業達,970,715,255,國泰-敦南,2024-01-09,8888
2882,國泰金,295,51,244,國泰-敦南,2024-01-09,8888
2615,萬海,516,287,229,國泰-敦南,2024-01-09,8888
2317,鴻海,263,54,209,國泰-敦南,2024-01-09,8888
2603,長榮,1047,857,190,國泰-敦南,2024-01-09,8888
2002,中鋼,333,146,187,國泰-敦南,2024-01-09,8888
00642U,期元大S＆P石油,190,11,179,國泰-敦南,2024-01-09,8888
6116,彩晶,232,55,177,國泰-敦南,2024-01-09,8888
00753L,中信中國50正2,456,279,177,國泰-敦南,2024-01-09,8888
2610,華航,347,175,172,國泰-敦南,2024-01-09,8888
3346,麗清,304,134,170,國泰-敦南,2024-01-09,8888
2888,新光金,272,118,154,國泰-敦南,2024-01-09,8888
2308,台達電,159,9,150,國泰-敦南,2024-01-09,8888
4906,正文,180,42,138,國泰-敦南,2024-01-09,8888
00770,國泰北美科技,235,104,131,國泰-敦南,2024-01-09,8888
3260,威剛,177,54,123,國泰-敦南,2024-01-09,8888
00713,元大台灣高息低波,250,127,123,國泰-敦南,2024-01-09,8888
6120,達運,418,295,123,國泰-敦南,2024-01-09,8888
00882,中信中國高股息,460,338,122,國泰-敦南,2024-01-09,8888
00930,永豐ESG低碳高息,146,25,121,國泰-敦南,2024-01-09,8888
2605,新興,231,112,119,國泰-敦南,2024-01-09,8888
00720B,元大投資級公司債,404,286,118,國泰-敦南,2024-01-09,8888
2634,漢翔,304,186,118,國泰-敦南,2024-01-09,8888
2641,正德,179,61,118,國泰-敦南,2024-01-09,8888
1603,華電,267,151,116,國泰-敦南,2024-01-09,8888
3231,緯創,1424,1311,113,國泰-敦南,2024-01-09,8888
2891,中信金,157,48,109,國泰-敦南,2024-01-09,8888
2883,凱基金,199,95,104,國泰-敦南,2024-01-09,8888
3051,力特,210,107,103,國泰-敦南,2024-01-09,8888
00935,野村臺灣新科技50,238,136,102,國泰-敦南,2024-01-09,8888
2312,金寶,122,22,100,國泰-敦南,2024-01-09,8888
00915,凱基優選高股息30,158,65,93,國泰-敦南,2024-01-09,8888
2201,裕隆,133,42,91,國泰-敦南,2024-01-09,8888
2368,金像電,227,140,87,國泰-敦南,2024-01-09,8888
2230,泰茂,116,29,87,國泰-敦南,2024-01-09,8888
6282,康舒,180,94,86,國泰-敦南,2024-01-09,8888
00929,復華台灣科技優息,4671,1129,3542,國泰-敦南,2024-01-10,8888
00937B,群益ESG投等債20,2240,464,1776,國泰-敦南,2024-01-10,8888
00933B,國泰10Y+金融債,1444,278,1166,國泰-敦南,2024-01-10,8888
00919,群益台灣精選高息,3455,2324,1131,國泰-敦南,2024-01-10,8888
00878,國泰永續高股息,1658,682,976,國泰-敦南,2024-01-10,8888
0056,元大高股息,1210,534,676,國泰-敦南,2024-01-10,8888
00720B,元大投資級公司債,769,246,523,國泰-敦南,2024-01-10,8888
00671R,富邦NASDAQ反1,439,24,415,國泰-敦南,2024-01-10,8888
00665L,富邦�琤肭磪囓�2,1305,924,381,國泰-敦南,2024-01-10,8888
00881,國泰台灣5G+,462,105,357,國泰-敦南,2024-01-10,8888
00927,群益半導體收益,449,130,319,國泰-敦南,2024-01-10,8888
2317,鴻海,350,42,308,國泰-敦南,2024-01-10,8888
2362,藍天,1203,896,307,國泰-敦南,2024-01-10,8888
2618,長榮航,746,449,297,國泰-敦南,2024-01-10,8888
2610,華航,491,199,292,國泰-敦南,2024-01-10,8888
00679B,元大美債20年,640,355,285,國泰-敦南,2024-01-10,8888
00918,大華優利高填息30,350,77,273,國泰-敦南,2024-01-10,8888
00770,國泰北美科技,284,47,237,國泰-敦南,2024-01-10,8888
00882,中信中國高股息,426,198,228,國泰-敦南,2024-01-10,8888
2356,英業達,752,545,207,國泰-敦南,2024-01-10,8888
00935,野村臺灣新科技50,255,56,199,國泰-敦南,2024-01-10,8888
00687B,國泰20年美債,547,375,172,國泰-敦南,2024-01-10,8888
2301,光寶科,306,135,171,國泰-敦南,2024-01-10,8888
2353,宏��,1347,1181,166,國泰-敦南,2024-01-10,8888
3481,群創,581,421,160,國泰-敦南,2024-01-10,8888
00923,群益台ESG低碳50,243,92,151,國泰-敦南,2024-01-10,8888
00904,新光臺灣半導體30,301,157,144,國泰-敦南,2024-01-10,8888
00725B,國泰投資級公司債,186,43,143,國泰-敦南,2024-01-10,8888
00753L,中信中國50正2,436,299,137,國泰-敦南,2024-01-10,8888
0050,元大台灣50,213,80,133,國泰-敦南,2024-01-10,8888
2882,國泰金,188,56,132,國泰-敦南,2024-01-10,8888
00675L,富邦臺灣加權正2,140,9,131,國泰-敦南,2024-01-10,8888
2303,聯電,273,147,126,國泰-敦南,2024-01-10,8888
00713,元大台灣高息低波,198,74,124,國泰-敦南,2024-01-10,8888
1802,台玻,179,58,121,國泰-敦南,2024-01-10,8888
00930,永豐ESG低碳高息,137,19,118,國泰-敦南,2024-01-10,8888
2887,台新金,188,70,118,國泰-敦南,2024-01-10,8888
5521,工信,535,424,111,國泰-敦南,2024-01-10,8888
2884,玉山金,165,55,110,國泰-敦南,2024-01-10,8888
1515,力山,154,45,109,國泰-敦南,2024-01-10,8888
1101,台泥,193,84,109,國泰-敦南,2024-01-10,8888
00673R,期元大S＆P原油反1,209,105,104,國泰-敦南,2024-01-10,8888
2498,宏達電,482,379,103,國泰-敦南,2024-01-10,8888
6139,亞翔,249,152,97,國泰-敦南,2024-01-10,8888
2312,金寶,164,70,94,國泰-敦南,2024-01-10,8888
910322,康師傅-DR,113,19,94,國泰-敦南,2024-01-10,8888
1589,永冠-KY,116,23,93,國泰-敦南,2024-01-10,8888
1605,華新,163,74,89,國泰-敦南,2024-01-10,8888
2308,台達電,107,24,83,國泰-敦南,2024-01-10,8888
2408,南亞科,114,30,84,國泰-敦南,2024-01-10,8888
00929,復華台灣科技優息,5558,742,4816,國泰-敦南,2024-01-11,8888
00919,群益台灣精選高息,2676,332,2344,國泰-敦南,2024-01-11,8888
00927,群益半導體收益,1186,48,1138,國泰-敦南,2024-01-11,8888
00687B,國泰20年美債,872,97,775,國泰-敦南,2024-01-11,8888
00937B,群益ESG投等債20,1333,573,760,國泰-敦南,2024-01-11,8888
00715L,期街口布蘭特正2,723,87,636,國泰-敦南,2024-01-11,8888
0056,元大高股息,980,354,626,國泰-敦南,2024-01-11,8888
00933B,國泰10Y+金融債,888,343,545,國泰-敦南,2024-01-11,8888
00632R,元大台灣50反1,737,232,505,國泰-敦南,2024-01-11,8888
4956,光鋐,2903,2470,433,國泰-敦南,2024-01-11,8888
00679B,元大美債20年,464,69,395,國泰-敦南,2024-01-11,8888
00770,國泰北美科技,372,26,346,國泰-敦南,2024-01-11,8888
2609,陽明,1374,1033,341,國泰-敦南,2024-01-11,8888
2317,鴻海,355,82,273,國泰-敦南,2024-01-11,8888
00720B,元大投資級公司債,370,121,249,國泰-敦南,2024-01-11,8888
2449,京元電子,450,213,237,國泰-敦南,2024-01-11,8888
2610,華航,345,115,230,國泰-敦南,2024-01-11,8888
2344,華邦電,417,208,209,國泰-敦南,2024-01-11,8888
00931B,統一美債20年,281,79,202,國泰-敦南,2024-01-11,8888
2409,友達,473,271,202,國泰-敦南,2024-01-11,8888
00904,新光臺灣半導體30,199,15,184,國泰-敦南,2024-01-11,8888
00935,野村臺灣新科技50,223,39,184,國泰-敦南,2024-01-11,8888
1301,台塑,206,24,182,國泰-敦南,2024-01-11,8888
00637L,元大滬深300正2,344,168,176,國泰-敦南,2024-01-11,8888
2882,國泰金,254,79,175,國泰-敦南,2024-01-11,8888
00706L,期元大S＆P日圓正2,184,8,176,國泰-敦南,2024-01-11,8888
2408,南亞科,347,177,170,國泰-敦南,2024-01-11,8888
00688L,國泰20年美債正2,254,92,162,國泰-敦南,2024-01-11,8888
6120,達運,2662,2516,146,國泰-敦南,2024-01-11,8888
2329,華泰,1027,886,141,國泰-敦南,2024-01-11,8888
2324,仁寶,563,423,140,國泰-敦南,2024-01-11,8888
1519,華城,616,484,132,國泰-敦南,2024-01-11,8888
2303,聯電,268,144,124,國泰-敦南,2024-01-11,8888
00882,中信中國高股息,362,238,124,國泰-敦南,2024-01-11,8888
00930,永豐ESG低碳高息,164,49,115,國泰-敦南,2024-01-11,8888
6695,芯鼎,1023,911,112,國泰-敦南,2024-01-11,8888
3287,廣寰科,861,749,112,國泰-敦南,2024-01-11,8888
2002,中鋼,189,78,111,國泰-敦南,2024-01-11,8888
9105,泰金寶-DR,241,138,103,國泰-敦南,2024-01-11,8888
2603,長榮,385,284,101,國泰-敦南,2024-01-11,8888
1514,亞力,517,419,98,國泰-敦南,2024-01-11,8888
910322,康師傅-DR,129,35,94,國泰-敦南,2024-01-11,8888
2388,威盛,476,387,89,國泰-敦南,2024-01-11,8888
00923,群益台ESG低碳50,184,98,86,國泰-敦南,2024-01-11,8888
2498,宏達電,338,256,82,國泰-敦南,2024-01-11,8888
00934,中信成長高股息,132,52,80,國泰-敦南,2024-01-11,8888
00725B,國泰投資級公司債,100,21,79,國泰-敦南,2024-01-11,8888
00918,大華優利高填息30,122,43,79,國泰-敦南,2024-01-11,8888
00671R,富邦NASDAQ反1,263,185,78,國泰-敦南,2024-01-11,8888
2481,強茂,86,10,76,國泰-敦南,2024-01-11,8888
00929,復華台灣科技優息,6672,937,5735,國泰-敦南,2024-01-12,8888
00927,群益半導體收益,1922,432,1490,國泰-敦南,2024-01-12,8888
0056,元大高股息,1383,302,1081,國泰-敦南,2024-01-12,8888
00937B,群益ESG投等債20,1432,518,914,國泰-敦南,2024-01-12,8888
00919,群益台灣精選高息,1610,787,823,國泰-敦南,2024-01-12,8888
00720B,元大投資級公司債,794,197,597,國泰-敦南,2024-01-12,8888
00878,國泰永續高股息,1148,657,491,國泰-敦南,2024-01-12,8888
00725B,國泰投資級公司債,596,113,483,國泰-敦南,2024-01-12,8888
8096,擎亞,2998,2595,403,國泰-敦南,2024-01-12,8888
00679B,元大美債20年,560,180,380,國泰-敦南,2024-01-12,8888
00632R,元大台灣50反1,939,588,351,國泰-敦南,2024-01-12,8888
00935,野村臺灣新科技50,374,28,346,國泰-敦南,2024-01-12,8888
5426,振發,2243,1903,340,國泰-敦南,2024-01-12,8888
00687B,國泰20年美債,563,223,340,國泰-敦南,2024-01-12,8888
00904,新光臺灣半導體30,295,3,292,國泰-敦南,2024-01-12,8888
3481,群創,647,359,288,國泰-敦南,2024-01-12,8888
2610,華航,398,127,271,國泰-敦南,2024-01-12,8888
00770,國泰北美科技,341,72,269,國泰-敦南,2024-01-12,8888
2890,永豐金,289,25,264,國泰-敦南,2024-01-12,8888
2882,國泰金,328,84,244,國泰-敦南,2024-01-12,8888
00673R,期元大S＆P原油反1,266,31,235,國泰-敦南,2024-01-12,8888
1528,恩德,762,539,223,國泰-敦南,2024-01-12,8888
2303,聯電,365,168,197,國泰-敦南,2024-01-12,8888
4909,新復興,1096,899,197,國泰-敦南,2024-01-12,8888
00753L,中信中國50正2,972,777,195,國泰-敦南,2024-01-12,8888
00933B,國泰10Y+金融債,541,347,194,國泰-敦南,2024-01-12,8888
00713,元大台灣高息低波,227,34,193,國泰-敦南,2024-01-12,8888
2887,台新金,291,100,191,國泰-敦南,2024-01-12,8888
00923,群益台ESG低碳50,225,41,184,國泰-敦南,2024-01-12,8888
00934,中信成長高股息,247,69,178,國泰-敦南,2024-01-12,8888
00701,國泰股利精選30,192,16,176,國泰-敦南,2024-01-12,8888
00680L,元大美債20正2,326,150,176,國泰-敦南,2024-01-12,8888
2353,宏��,1648,1473,175,國泰-敦南,2024-01-12,8888
00918,大華優利高填息30,200,44,156,國泰-敦南,2024-01-12,8888
00915,凱基優選高股息30,164,18,146,國泰-敦南,2024-01-12,8888
00930,永豐ESG低碳高息,197,51,146,國泰-敦南,2024-01-12,8888
5347,世界,195,50,145,國泰-敦南,2024-01-12,8888
2891,中信金,218,74,144,國泰-敦南,2024-01-12,8888
00881,國泰台灣5G+,381,241,140,國泰-敦南,2024-01-12,8888
00885,富邦越南,197,69,128,國泰-敦南,2024-01-12,8888
00936,台新永續高息中小,169,42,127,國泰-敦南,2024-01-12,8888
2449,京元電子,309,185,124,國泰-敦南,2024-01-12,8888
6695,芯鼎,998,876,122,國泰-敦南,2024-01-12,8888
00902,中信電池及儲能,159,43,116,國泰-敦南,2024-01-12,8888
2388,威盛,387,273,114,國泰-敦南,2024-01-12,8888
2208,台船,451,343,108,國泰-敦南,2024-01-12,8888
3706,神達,375,269,106,國泰-敦南,2024-01-12,8888
00688L,國泰20年美債正2,156,58,98,國泰-敦南,2024-01-12,8888
2329,華泰,487,390,97,國泰-敦南,2024-01-12,8888
4529,淳紳,102,11,91,國泰-敦南,2024-01-12,8888
00929,復華台灣科技優息,5614,1248,4366,國泰-敦南,2024-01-15,8888
0056,元大高股息,2134,493,1641,國泰-敦南,2024-01-15,8888
00927,群益半導體收益,1312,135,1177,國泰-敦南,2024-01-15,8888
00687B,國泰20年美債,1149,134,1015,國泰-敦南,2024-01-15,8888
00881,國泰台灣5G+,1078,191,887,國泰-敦南,2024-01-15,8888
00878,國泰永續高股息,1782,1049,733,國泰-敦南,2024-01-15,8888
00680L,元大美債20正2,770,143,627,國泰-敦南,2024-01-15,8888
2610,華航,922,429,493,國泰-敦南,2024-01-15,8888
2888,新光金,876,427,449,國泰-敦南,2024-01-15,8888
00725B,國泰投資級公司債,492,50,442,國泰-敦南,2024-01-15,8888
3231,緯創,1860,1461,399,國泰-敦南,2024-01-15,8888
2317,鴻海,334,17,317,國泰-敦南,2024-01-15,8888
2356,英業達,701,435,266,國泰-敦南,2024-01-15,8888
00688L,國泰20年美債正2,520,256,264,國泰-敦南,2024-01-15,8888
00753L,中信中國50正2,717,454,263,國泰-敦南,2024-01-15,8888
00715L,期街口布蘭特正2,312,63,249,國泰-敦南,2024-01-15,8888
00858,永豐美國500大,249,9,240,國泰-敦南,2024-01-15,8888
2882,國泰金,292,66,226,國泰-敦南,2024-01-15,8888
8222,寶一,591,365,226,國泰-敦南,2024-01-15,8888
2630,亞航,582,359,223,國泰-敦南,2024-01-15,8888
2382,廣達,519,318,201,國泰-敦南,2024-01-15,8888
2883,凱基金,342,147,195,國泰-敦南,2024-01-15,8888
2634,漢翔,731,542,189,國泰-敦南,2024-01-15,8888
00665L,富邦�琤肭磪囓�2,1064,881,183,國泰-敦南,2024-01-15,8888
2887,台新金,279,105,174,國泰-敦南,2024-01-15,8888
00770,國泰北美科技,432,265,167,國泰-敦南,2024-01-15,8888
3017,奇鋐,250,111,139,國泰-敦南,2024-01-15,8888
2801,彰銀,153,17,136,國泰-敦南,2024-01-15,8888
1101,台泥,156,29,127,國泰-敦南,2024-01-15,8888
00637L,元大滬深300正2,295,173,122,國泰-敦南,2024-01-15,8888
00701,國泰股利精選30,149,28,121,國泰-敦南,2024-01-15,8888
00904,新光臺灣半導體30,208,88,120,國泰-敦南,2024-01-15,8888
6005,群益證,121,5,116,國泰-敦南,2024-01-15,8888
5426,振發,1711,1598,113,國泰-敦南,2024-01-15,8888
3481,群創,639,529,110,國泰-敦南,2024-01-15,8888
1314,中石化,161,52,109,國泰-敦南,2024-01-15,8888
2890,永豐金,122,15,107,國泰-敦南,2024-01-15,8888
6505,台塑化,109,3,106,國泰-敦南,2024-01-15,8888
00713,元大台灣高息低波,171,68,103,國泰-敦南,2024-01-15,8888
2409,友達,333,238,95,國泰-敦南,2024-01-15,8888
6443,元晶,326,231,95,國泰-敦南,2024-01-15,8888
00882,中信中國高股息,334,251,83,國泰-敦南,2024-01-15,8888
2603,長榮,483,400,83,國泰-敦南,2024-01-15,8888
910322,康師傅-DR,96,14,82,國泰-敦南,2024-01-15,8888
3576,聯合再生,151,69,82,國泰-敦南,2024-01-15,8888
2344,華邦電,601,520,81,國泰-敦南,2024-01-15,8888
1301,台塑,94,13,81,國泰-敦南,2024-01-15,8888
2892,第一金,108,29,79,國泰-敦南,2024-01-15,8888
0050,元大台灣50,195,118,77,國泰-敦南,2024-01-15,8888
1522,堤維西,78,7,71,國泰-敦南,2024-01-15,8888
00929,復華台灣科技優息,5240,1099,4141,國泰-敦南,2024-01-16,8888
0056,元大高股息,4698,629,4069,國泰-敦南,2024-01-16,8888
00919,群益台灣精選高息,2545,746,1799,國泰-敦南,2024-01-16,8888
00878,國泰永續高股息,2412,732,1680,國泰-敦南,2024-01-16,8888
00927,群益半導體收益,1762,418,1344,國泰-敦南,2024-01-16,8888
00881,國泰台灣5G+,1389,231,1158,國泰-敦南,2024-01-16,8888
00937B,群益ESG投等債20,1642,627,1015,國泰-敦南,2024-01-16,8888
2888,新光金,1088,139,949,國泰-敦南,2024-01-16,8888
2883,凱基金,919,101,818,國泰-敦南,2024-01-16,8888
00665L,富邦�琤肭磪囓�2,1738,995,743,國泰-敦南,2024-01-16,8888
2887,台新金,931,224,707,國泰-敦南,2024-01-16,8888
2882,國泰金,816,150,666,國泰-敦南,2024-01-16,8888
00687B,國泰20年美債,873,236,637,國泰-敦南,2024-01-16,8888
2486,一詮,1662,1059,603,國泰-敦南,2024-01-16,8888
8096,擎亞,3468,2902,566,國泰-敦南,2024-01-16,8888
2610,華航,820,266,554,國泰-敦南,2024-01-16,8888
00770,國泰北美科技,871,363,508,國泰-敦南,2024-01-16,8888
00753L,中信中國50正2,1015,533,482,國泰-敦南,2024-01-16,8888
2344,華邦電,615,182,433,國泰-敦南,2024-01-16,8888
5880,合庫金,465,33,432,國泰-敦南,2024-01-16,8888
00725B,國泰投資級公司債,490,68,422,國泰-敦南,2024-01-16,8888
2002,中鋼,513,113,400,國泰-敦南,2024-01-16,8888
0050,元大台灣50,508,128,380,國泰-敦南,2024-01-16,8888
2801,彰銀,417,38,379,國泰-敦南,2024-01-16,8888
6695,芯鼎,2594,2274,320,國泰-敦南,2024-01-16,8888
1314,中石化,351,55,296,國泰-敦南,2024-01-16,8888
2892,第一金,307,11,296,國泰-敦南,2024-01-16,8888
1301,台塑,341,46,295,國泰-敦南,2024-01-16,8888
2891,中信金,372,120,252,國泰-敦南,2024-01-16,8888
2890,永豐金,300,53,247,國泰-敦南,2024-01-16,8888
2881,富邦金,273,28,245,國泰-敦南,2024-01-16,8888
2884,玉山金,454,213,241,國泰-敦南,2024-01-16,8888
2609,陽明,1342,1104,238,國泰-敦南,2024-01-16,8888
1101,台泥,367,136,231,國泰-敦南,2024-01-16,8888
00935,野村臺灣新科技50,259,28,231,國泰-敦南,2024-01-16,8888
00713,元大台灣高息低波,248,31,217,國泰-敦南,2024-01-16,8888
2317,鴻海,285,68,217,國泰-敦南,2024-01-16,8888
1326,台化,225,10,215,國泰-敦南,2024-01-16,8888
2603,長榮,589,376,213,國泰-敦南,2024-01-16,8888
2867,三商壽,230,23,207,國泰-敦南,2024-01-16,8888
2897,王道銀行,201,10,191,國泰-敦南,2024-01-16,8888
2515,中工,345,156,189,國泰-敦南,2024-01-16,8888
6443,元晶,226,50,176,國泰-敦南,2024-01-16,8888
2880,華南金,192,19,173,國泰-敦南,2024-01-16,8888
00918,大華優利高填息30,340,170,170,國泰-敦南,2024-01-16,8888
6505,台塑化,176,6,170,國泰-敦南,2024-01-16,8888
2611,志信,218,49,169,國泰-敦南,2024-01-16,8888
2885,元大金,213,50,163,國泰-敦南,2024-01-16,8888
00888,永豐台灣ESG,203,41,162,國泰-敦南,2024-01-16,8888
1312,國喬,175,14,161,國泰-敦南,2024-01-16,8888
00929,復華台灣科技優息,10148,1217,8931,國泰-敦南,2024-01-17,8888
00919,群益台灣精選高息,8470,809,7661,國泰-敦南,2024-01-17,8888
0056,元大高股息,5734,677,5057,國泰-敦南,2024-01-17,8888
00882,中信中國高股息,4842,220,4622,國泰-敦南,2024-01-17,8888
00878,國泰永續高股息,4047,1665,2382,國泰-敦南,2024-01-17,8888
00937B,群益ESG投等債20,2554,678,1876,國泰-敦南,2024-01-17,8888
00927,群益半導體收益,1614,204,1410,國泰-敦南,2024-01-17,8888
2303,聯電,1711,614,1097,國泰-敦南,2024-01-17,8888
0050,元大台灣50,1185,107,1078,國泰-敦南,2024-01-17,8888
00881,國泰台灣5G+,1142,110,1032,國泰-敦南,2024-01-17,8888
2882,國泰金,1057,53,1004,國泰-敦南,2024-01-17,8888
00679B,元大美債20年,1138,169,969,國泰-敦南,2024-01-17,8888
00665L,富邦�琤肭磪囓�2,2634,1695,939,國泰-敦南,2024-01-17,8888
00687B,國泰20年美債,951,126,825,國泰-敦南,2024-01-17,8888
2886,兆豐金,851,57,794,國泰-敦南,2024-01-17,8888
2317,鴻海,857,81,776,國泰-敦南,2024-01-17,8888
2887,台新金,958,327,631,國泰-敦南,2024-01-17,8888
2002,中鋼,654,104,550,國泰-敦南,2024-01-17,8888
5880,合庫金,575,28,547,國泰-敦南,2024-01-17,8888
2344,華邦電,919,377,542,國泰-敦南,2024-01-17,8888
2883,凱基金,674,176,498,國泰-敦南,2024-01-17,8888
2892,第一金,433,42,391,國泰-敦南,2024-01-17,8888
00770,國泰北美科技,539,160,379,國泰-敦南,2024-01-17,8888
2610,華航,536,158,378,國泰-敦南,2024-01-17,8888
00688L,國泰20年美債正2,719,344,375,國泰-敦南,2024-01-17,8888
00918,大華優利高填息30,518,170,348,國泰-敦南,2024-01-17,8888
2888,新光金,790,444,346,國泰-敦南,2024-01-17,8888
00935,野村臺灣新科技50,466,123,343,國泰-敦南,2024-01-17,8888
2801,彰銀,362,47,315,國泰-敦南,2024-01-17,8888
2881,富邦金,369,60,309,國泰-敦南,2024-01-17,8888
00713,元大台灣高息低波,396,94,302,國泰-敦南,2024-01-17,8888
2884,玉山金,496,195,301,國泰-敦南,2024-01-17,8888
6243,迅杰,1571,1283,288,國泰-敦南,2024-01-17,8888
2356,英業達,707,423,284,國泰-敦南,2024-01-17,8888
1528,恩德,1906,1623,283,國泰-敦南,2024-01-17,8888
00888,永豐台灣ESG,310,27,283,國泰-敦南,2024-01-17,8888
1314,中石化,454,189,265,國泰-敦南,2024-01-17,8888
00921,兆豐龍頭等權重,265,6,259,國泰-敦南,2024-01-17,8888
00753L,中信中國50正2,786,531,255,國泰-敦南,2024-01-17,8888
2885,元大金,280,27,253,國泰-敦南,2024-01-17,8888
00923,群益台ESG低碳50,354,104,250,國泰-敦南,2024-01-17,8888
6770,力積電,319,69,250,國泰-敦南,2024-01-17,8888
00922,國泰台灣領袖50,577,329,248,國泰-敦南,2024-01-17,8888
2609,陽明,1694,1461,233,國泰-敦南,2024-01-17,8888
2308,台達電,246,18,228,國泰-敦南,2024-01-17,8888
006208,富邦台50,287,62,225,國泰-敦南,2024-01-17,8888
1101,台泥,375,156,219,國泰-敦南,2024-01-17,8888
2371,大同,344,136,208,國泰-敦南,2024-01-17,8888
1802,台玻,265,70,195,國泰-敦南,2024-01-17,8888
8112,至上,531,340,191,國泰-敦南,2024-01-17,8888
00929,復華台灣科技優息,6959,2019,4940,國泰-敦南,2024-01-18,8888
00919,群益台灣精選高息,3878,1640,2238,國泰-敦南,2024-01-18,8888
00882,中信中國高股息,2694,498,2196,國泰-敦南,2024-01-18,8888
0056,元大高股息,1911,438,1473,國泰-敦南,2024-01-18,8888
00937B,群益ESG投等債20,1808,387,1421,國泰-敦南,2024-01-18,8888
00878,國泰永續高股息,1908,891,1017,國泰-敦南,2024-01-18,8888
4960,誠美材,901,317,584,國泰-敦南,2024-01-18,8888
00679B,元大美債20年,543,72,471,國泰-敦南,2024-01-18,8888
00687B,國泰20年美債,662,261,401,國泰-敦南,2024-01-18,8888
2303,聯電,1026,657,369,國泰-敦南,2024-01-18,8888
5426,振發,3523,3199,324,國泰-敦南,2024-01-18,8888
2887,台新金,395,95,300,國泰-敦南,2024-01-18,8888
00712,復華富時不動產,914,619,295,國泰-敦南,2024-01-18,8888
2324,仁寶,931,666,265,國泰-敦南,2024-01-18,8888
00706L,期元大S＆P日圓正2,245,2,243,國泰-敦南,2024-01-18,8888
00927,群益半導體收益,358,120,238,國泰-敦南,2024-01-18,8888
2002,中鋼,305,71,234,國泰-敦南,2024-01-18,8888
00637L,元大滬深300正2,827,614,213,國泰-敦南,2024-01-18,8888
2888,新光金,720,514,206,國泰-敦南,2024-01-18,8888
2353,宏��,1178,975,203,國泰-敦南,2024-01-18,8888
1101,台泥,240,46,194,國泰-敦南,2024-01-18,8888
00751B,元大AAA至A公司債,238,51,187,國泰-敦南,2024-01-18,8888
0050,元大台灣50,249,62,187,國泰-敦南,2024-01-18,8888
2382,廣達,419,238,181,國泰-敦南,2024-01-18,8888
2892,第一金,213,32,181,國泰-敦南,2024-01-18,8888
4979,華星光,412,240,172,國泰-敦南,2024-01-18,8888
2886,兆豐金,224,53,171,國泰-敦南,2024-01-18,8888
00935,野村臺灣新科技50,208,38,170,國泰-敦南,2024-01-18,8888
1528,恩德,1284,1118,166,國泰-敦南,2024-01-18,8888
00713,元大台灣高息低波,363,201,162,國泰-敦南,2024-01-18,8888
2882,國泰金,336,185,151,國泰-敦南,2024-01-18,8888
3576,聯合再生,179,40,139,國泰-敦南,2024-01-18,8888
00725B,國泰投資級公司債,153,14,139,國泰-敦南,2024-01-18,8888
2884,玉山金,202,64,138,國泰-敦南,2024-01-18,8888
2885,元大金,184,59,125,國泰-敦南,2024-01-18,8888
00918,大華優利高填息30,272,148,124,國泰-敦南,2024-01-18,8888
6770,力積電,171,54,117,國泰-敦南,2024-01-18,8888
00921,兆豐龍頭等權重,124,8,116,國泰-敦南,2024-01-18,8888
3321,同泰,150,38,112,國泰-敦南,2024-01-18,8888
2313,華通,343,232,111,國泰-敦南,2024-01-18,8888
3231,緯創,852,743,109,國泰-敦南,2024-01-18,8888
00633L,富邦上証正2,197,90,107,國泰-敦南,2024-01-18,8888
00936,台新永續高息中小,164,58,106,國泰-敦南,2024-01-18,8888
00915,凱基優選高股息30,155,49,106,國泰-敦南,2024-01-18,8888
1301,台塑,120,21,99,國泰-敦南,2024-01-18,8888
2633,台灣高鐵,105,11,94,國泰-敦南,2024-01-18,8888
4164,承業醫,97,3,94,國泰-敦南,2024-01-18,8888
2368,金像電,138,49,89,國泰-敦南,2024-01-18,8888
2881,富邦金,121,32,89,國泰-敦南,2024-01-18,8888
00924,復華S＆P500成長,104,15,89,國泰-敦南,2024-01-18,8888
00937B,群益ESG投等債20,3562,1171,2391,國泰-敦南,2024-01-19,8888
00687B,國泰20年美債,2629,750,1879,國泰-敦南,2024-01-19,8888
00929,復華台灣科技優息,3348,1604,1744,國泰-敦南,2024-01-19,8888
00679B,元大美債20年,1836,137,1699,國泰-敦南,2024-01-19,8888
00882,中信中國高股息,1759,329,1430,國泰-敦南,2024-01-19,8888
00933B,國泰10Y+金融債,1611,302,1309,國泰-敦南,2024-01-19,8888
00931B,統一美債20年,856,103,753,國泰-敦南,2024-01-19,8888
2610,華航,839,96,743,國泰-敦南,2024-01-19,8888
00753L,中信中國50正2,1012,357,655,國泰-敦南,2024-01-19,8888
00904,新光臺灣半導體30,687,89,598,國泰-敦南,2024-01-19,8888
00706L,期元大S＆P日圓正2,640,53,587,國泰-敦南,2024-01-19,8888
00720B,元大投資級公司債,683,148,535,國泰-敦南,2024-01-19,8888
00632R,元大台灣50反1,1921,1499,422,國泰-敦南,2024-01-19,8888
00795B,中信美國公債20年,473,60,413,國泰-敦南,2024-01-19,8888
2002,中鋼,496,86,410,國泰-敦南,2024-01-19,8888
00751B,元大AAA至A公司債,558,200,358,國泰-敦南,2024-01-19,8888
00919,群益台灣精選高息,1487,1129,358,國泰-敦南,2024-01-19,8888
00857B,永豐20年美公債,362,23,339,國泰-敦南,2024-01-19,8888
00673R,期元大S＆P原油反1,339,3,336,國泰-敦南,2024-01-19,8888
00713,元大台灣高息低波,332,66,266,國泰-敦南,2024-01-19,8888
00688L,國泰20年美債正2,885,636,249,國泰-敦南,2024-01-19,8888
00725B,國泰投資級公司債,253,35,218,國泰-敦南,2024-01-19,8888
2882,國泰金,335,149,186,國泰-敦南,2024-01-19,8888
4956,光鋐,2122,1938,184,國泰-敦南,2024-01-19,8888
00665L,富邦�琤肭磪囓�2,1043,864,179,國泰-敦南,2024-01-19,8888
00772B,中信高評級公司債,314,138,176,國泰-敦南,2024-01-19,8888
2486,一詮,584,408,176,國泰-敦南,2024-01-19,8888
00934,中信成長高股息,250,92,158,國泰-敦南,2024-01-19,8888
6285,啟��,269,114,155,國泰-敦南,2024-01-19,8888
1101,台泥,218,67,151,國泰-敦南,2024-01-19,8888
2609,陽明,1189,1049,140,國泰-敦南,2024-01-19,8888
2603,長榮,415,285,130,國泰-敦南,2024-01-19,8888
2886,兆豐金,155,36,119,國泰-敦南,2024-01-19,8888
6187,萬潤,356,238,118,國泰-敦南,2024-01-19,8888
2888,新光金,541,424,117,國泰-敦南,2024-01-19,8888
1514,亞力,320,204,116,國泰-敦南,2024-01-19,8888
6120,達運,998,883,115,國泰-敦南,2024-01-19,8888
5347,世界,227,113,114,國泰-敦南,2024-01-19,8888
00650L,復華香港正2,168,55,113,國泰-敦南,2024-01-19,8888
6117,迎廣,458,347,111,國泰-敦南,2024-01-19,8888
2887,台新金,176,68,108,國泰-敦南,2024-01-19,8888
00770,國泰北美科技,188,83,105,國泰-敦南,2024-01-19,8888
00733,富邦臺灣中小,120,17,103,國泰-敦南,2024-01-19,8888
020039,元大加權N,105,2,103,國泰-敦南,2024-01-19,8888
6770,力積電,171,71,100,國泰-敦南,2024-01-19,8888
2892,第一金,124,25,99,國泰-敦南,2024-01-19,8888
8096,擎亞,977,879,98,國泰-敦南,2024-01-19,8888
2353,宏��,886,788,98,國泰-敦南,2024-01-19,8888
2834,臺企銀,113,16,97,國泰-敦南,2024-01-19,8888
00902,中信電池及儲能,200,104,96,國泰-敦南,2024-01-19,8888
00882,中信中國高股息,3446,796,2650,國泰-敦南,2024-01-22,8888
00937B,群益ESG投等債20,3121,537,2584,國泰-敦南,2024-01-22,8888
2618,長榮航,1703,701,1002,國泰-敦南,2024-01-22,8888
00929,復華台灣科技優息,2384,1594,790,國泰-敦南,2024-01-22,8888
00933B,國泰10Y+金融債,991,363,628,國泰-敦南,2024-01-22,8888
00687B,國泰20年美債,871,271,600,國泰-敦南,2024-01-22,8888
00919,群益台灣精選高息,1693,1212,481,國泰-敦南,2024-01-22,8888
2887,台新金,487,145,342,國泰-敦南,2024-01-22,8888
00665L,富邦�琤肭磪囓�2,1660,1374,286,國泰-敦南,2024-01-22,8888
2884,玉山金,298,56,242,國泰-敦南,2024-01-22,8888
00632R,元大台灣50反1,1514,1276,238,國泰-敦南,2024-01-22,8888
2353,宏��,1414,1194,220,國泰-敦南,2024-01-22,8888
00904,新光臺灣半導體30,246,57,189,國泰-敦南,2024-01-22,8888
2609,陽明,819,634,185,國泰-敦南,2024-01-22,8888
2316,楠梓電,489,308,181,國泰-敦南,2024-01-22,8888
00688L,國泰20年美債正2,225,46,179,國泰-敦南,2024-01-22,8888
00680L,元大美債20正2,383,217,166,國泰-敦南,2024-01-22,8888
00902,中信電池及儲能,403,239,164,國泰-敦南,2024-01-22,8888
3481,群創,2195,2037,158,國泰-敦南,2024-01-22,8888
00679B,元大美債20年,342,185,157,國泰-敦南,2024-01-22,8888
2329,華泰,2557,2407,150,國泰-敦南,2024-01-22,8888
00752,中信中國50,191,43,148,國泰-敦南,2024-01-22,8888
2317,鴻海,208,68,140,國泰-敦南,2024-01-22,8888
00857B,永豐20年美公債,153,21,132,國泰-敦南,2024-01-22,8888
5426,振發,1256,1136,120,國泰-敦南,2024-01-22,8888
6120,達運,352,233,119,國泰-敦南,2024-01-22,8888
2867,三商壽,178,60,118,國泰-敦南,2024-01-22,8888
2002,中鋼,198,80,118,國泰-敦南,2024-01-22,8888
2409,友達,573,458,115,國泰-敦南,2024-01-22,8888
1314,中石化,140,28,112,國泰-敦南,2024-01-22,8888
00907,永豐優息存股,124,14,110,國泰-敦南,2024-01-22,8888
2801,彰銀,119,10,109,國泰-敦南,2024-01-22,8888
2883,凱基金,193,83,110,國泰-敦南,2024-01-22,8888
2882,國泰金,165,63,102,國泰-敦南,2024-01-22,8888
00715L,期街口布蘭特正2,183,82,101,國泰-敦南,2024-01-22,8888
1605,華新,132,32,100,國泰-敦南,2024-01-22,8888
8059,凱碩,520,423,97,國泰-敦南,2024-01-22,8888
00719B,元大美債1-3,96,2,94,國泰-敦南,2024-01-22,8888
2892,第一金,101,9,92,國泰-敦南,2024-01-22,8888
1101,台泥,182,92,90,國泰-敦南,2024-01-22,8888
6139,亞翔,143,58,85,國泰-敦南,2024-01-22,8888
5880,合庫金,126,43,83,國泰-敦南,2024-01-22,8888
00650L,復華香港正2,293,210,83,國泰-敦南,2024-01-22,8888
8210,勤誠,279,203,76,國泰-敦南,2024-01-22,8888
2443,昶虹,110,35,75,國泰-敦南,2024-01-22,8888
1301,台塑,111,36,75,國泰-敦南,2024-01-22,8888
00673R,期元大S＆P原油反1,183,110,73,國泰-敦南,2024-01-22,8888
2603,長榮,419,351,68,國泰-敦南,2024-01-22,8888
00795B,中信美國公債20年,134,66,68,國泰-敦南,2024-01-22,8888
6770,力積電,166,101,65,國泰-敦南,2024-01-22,8888
00937B,群益ESG投等債20,2452,123,2329,國泰-敦南,2024-01-23,8888
00632R,元大台灣50反1,1058,121,937,國泰-敦南,2024-01-23,8888
00673R,期元大S＆P原油反1,769,54,715,國泰-敦南,2024-01-23,8888
00687B,國泰20年美債,694,101,593,國泰-敦南,2024-01-23,8888
3481,群創,4496,3968,528,國泰-敦南,2024-01-23,8888
00679B,元大美債20年,546,170,376,國泰-敦南,2024-01-23,8888
2618,長榮航,589,284,305,國泰-敦南,2024-01-23,8888
2609,陽明,824,528,296,國泰-敦南,2024-01-23,8888
5351,鈺創,358,89,269,國泰-敦南,2024-01-23,8888
00688L,國泰20年美債正2,369,105,264,國泰-敦南,2024-01-23,8888
00933B,國泰10Y+金融債,408,167,241,國泰-敦南,2024-01-23,8888
00882,中信中國高股息,752,554,198,國泰-敦南,2024-01-23,8888
00637L,元大滬深300正2,505,317,188,國泰-敦南,2024-01-23,8888
2002,中鋼,224,41,183,國泰-敦南,2024-01-23,8888
00680L,元大美債20正2,315,152,163,國泰-敦南,2024-01-23,8888
2610,華航,267,111,156,國泰-敦南,2024-01-23,8888
2344,華邦電,719,570,149,國泰-敦南,2024-01-23,8888
3615,安可,858,721,137,國泰-敦南,2024-01-23,8888
5426,振發,1844,1707,137,國泰-敦南,2024-01-23,8888
6140,訊達,1040,912,128,國泰-敦南,2024-01-23,8888
4956,光鋐,596,476,120,國泰-敦南,2024-01-23,8888
00751B,元大AAA至A公司債,169,52,117,國泰-敦南,2024-01-23,8888
2890,永豐金,143,28,115,國泰-敦南,2024-01-23,8888
2887,台新金,222,121,101,國泰-敦南,2024-01-23,8888
1471,首利,146,48,98,國泰-敦南,2024-01-23,8888
2486,一詮,375,277,98,國泰-敦南,2024-01-23,8888
2886,兆豐金,109,17,92,國泰-敦南,2024-01-23,8888
00712,復華富時不動產,349,260,89,國泰-敦南,2024-01-23,8888
2449,京元電子,198,117,81,國泰-敦南,2024-01-23,8888
1301,台塑,87,8,79,國泰-敦南,2024-01-23,8888
3036,文曄,556,480,76,國泰-敦南,2024-01-23,8888
00857B,永豐20年美公債,115,40,75,國泰-敦南,2024-01-23,8888
910322,康師傅-DR,97,25,72,國泰-敦南,2024-01-23,8888
2355,敬鵬,115,45,70,國泰-敦南,2024-01-23,8888
3265,台星科,531,462,69,國泰-敦南,2024-01-23,8888
3005,神基,122,55,67,國泰-敦南,2024-01-23,8888
1514,亞力,884,819,65,國泰-敦南,2024-01-23,8888
1102,亞泥,67,2,65,國泰-敦南,2024-01-23,8888
2603,長榮,283,220,63,國泰-敦南,2024-01-23,8888
00924,復華S＆P500成長,96,38,58,國泰-敦南,2024-01-23,8888
00931B,統一美債20年,142,85,57,國泰-敦南,2024-01-23,8888
2331,精英,151,97,54,國泰-敦南,2024-01-23,8888
3363,上詮,185,131,54,國泰-敦南,2024-01-23,8888
00676R,富邦臺灣加權反1,54,0,54,國泰-敦南,2024-01-23,8888
8054,安國,578,525,53,國泰-敦南,2024-01-23,8888
2615,萬海,96,43,53,國泰-敦南,2024-01-23,8888
2363,矽統,372,322,50,國泰-敦南,2024-01-23,8888
2542,興富發,76,26,50,國泰-敦南,2024-01-23,8888
3058,立德,55,7,48,國泰-敦南,2024-01-23,8888
2332,友訊,146,99,47,國泰-敦南,2024-01-23,8888
00937B,群益ESG投等債20,4962,164,4798,國泰-敦南,2024-01-24,8888
00687B,國泰20年美債,1755,57,1698,國泰-敦南,2024-01-24,8888
00933B,國泰10Y+金融債,1039,65,974,國泰-敦南,2024-01-24,8888
00679B,元大美債20年,913,128,785,國泰-敦南,2024-01-24,8888
00753L,中信中國50正2,1156,427,729,國泰-敦南,2024-01-24,8888
00680L,元大美債20正2,625,63,562,國泰-敦南,2024-01-24,8888
2409,友達,1135,651,484,國泰-敦南,2024-01-24,8888
00688L,國泰20年美債正2,524,41,483,國泰-敦南,2024-01-24,8888
00882,中信中國高股息,1032,579,453,國泰-敦南,2024-01-24,8888
2324,仁寶,737,313,424,國泰-敦南,2024-01-24,8888
00637L,元大滬深300正2,933,651,282,國泰-敦南,2024-01-24,8888
00720B,元大投資級公司債,305,24,281,國泰-敦南,2024-01-24,8888
6233,旺玖,608,347,261,國泰-敦南,2024-01-24,8888
00931B,統一美債20年,307,46,261,國泰-敦南,2024-01-24,8888
2344,華邦電,696,438,258,國泰-敦南,2024-01-24,8888
00650L,復華香港正2,323,65,258,國泰-敦南,2024-01-24,8888
3231,緯創,1412,1169,243,國泰-敦南,2024-01-24,8888
00751B,元大AAA至A公司債,252,11,241,國泰-敦南,2024-01-24,8888
2884,玉山金,260,31,229,國泰-敦南,2024-01-24,8888
2353,宏��,1359,1156,203,國泰-敦南,2024-01-24,8888
2369,菱生,2390,2201,189,國泰-敦南,2024-01-24,8888
2515,中工,200,18,182,國泰-敦南,2024-01-24,8888
00665L,富邦�琤肭磪囓�2,1506,1326,180,國泰-敦南,2024-01-24,8888
3055,蔚華科,957,787,170,國泰-敦南,2024-01-24,8888
00795B,中信美國公債20年,179,21,158,國泰-敦南,2024-01-24,8888
00902,中信電池及儲能,354,203,151,國泰-敦南,2024-01-24,8888
2356,英業達,2135,1992,143,國泰-敦南,2024-01-24,8888
2891,中信金,167,27,140,國泰-敦南,2024-01-24,8888
910322,康師傅-DR,181,42,139,國泰-敦南,2024-01-24,8888
1102,亞泥,140,4,136,國泰-敦南,2024-01-24,8888
00632R,元大台灣50反1,563,430,133,國泰-敦南,2024-01-24,8888
2313,華通,564,432,132,國泰-敦南,2024-01-24,8888
3545,敦泰,256,129,127,國泰-敦南,2024-01-24,8888
2104,國際中橡,124,2,122,國泰-敦南,2024-01-24,8888
8034,榮群,343,228,115,國泰-敦南,2024-01-24,8888
9105,泰金寶-DR,461,350,111,國泰-敦南,2024-01-24,8888
00725B,國泰投資級公司債,119,13,106,國泰-敦南,2024-01-24,8888
2443,昶虹,136,32,104,國泰-敦南,2024-01-24,8888
00706L,期元大S＆P日圓正2,173,75,98,國泰-敦南,2024-01-24,8888
8089,康全電訊,279,181,98,國泰-敦南,2024-01-24,8888
00719B,元大美債1-3,105,9,96,國泰-敦南,2024-01-24,8888
00772B,中信高評級公司債,157,61,96,國泰-敦南,2024-01-24,8888
00936,台新永續高息中小,118,28,90,國泰-敦南,2024-01-24,8888
6237,驊訊,1086,1002,84,國泰-敦南,2024-01-24,8888
1514,亞力,363,280,83,國泰-敦南,2024-01-24,8888
00857B,永豐20年美公債,85,2,83,國泰-敦南,2024-01-24,8888
2201,裕隆,156,75,81,國泰-敦南,2024-01-24,8888
1314,中石化,107,28,79,國泰-敦南,2024-01-24,8888
5521,工信,102,23,79,國泰-敦南,2024-01-24,8888
2762,世界健身-KY,86,8,78,國泰-敦南,2024-01-24,8888
00937B,群益ESG投等債20,3751,538,3213,國泰-敦南,2024-01-25,8888
00687B,國泰20年美債,3476,304,3172,國泰-敦南,2024-01-25,8888
00679B,元大美債20年,1333,157,1176,國泰-敦南,2024-01-25,8888
00680L,元大美債20正2,1140,166,974,國泰-敦南,2024-01-25,8888
00688L,國泰20年美債正2,917,236,681,國泰-敦南,2024-01-25,8888
00712,復華富時不動產,810,166,644,國泰-敦南,2024-01-25,8888
00933B,國泰10Y+金融債,855,225,630,國泰-敦南,2024-01-25,8888
8096,擎亞,4105,3510,595,國泰-敦南,2024-01-25,8888
00632R,元大台灣50反1,811,313,498,國泰-敦南,2024-01-25,8888
00931B,統一美債20年,607,155,452,國泰-敦南,2024-01-25,8888
00720B,元大投資級公司債,535,100,435,國泰-敦南,2024-01-25,8888
00673R,期元大S＆P原油反1,403,25,378,國泰-敦南,2024-01-25,8888
2356,英業達,1918,1606,312,國泰-敦南,2024-01-25,8888
4909,新復興,1545,1257,288,國泰-敦南,2024-01-25,8888
2609,陽明,667,382,285,國泰-敦南,2024-01-25,8888
00795B,中信美國公債20年,284,23,261,國泰-敦南,2024-01-25,8888
00751B,元大AAA至A公司債,344,97,247,國泰-敦南,2024-01-25,8888
3622,洋華,286,66,220,國泰-敦南,2024-01-25,8888
2618,長榮航,390,185,205,國泰-敦南,2024-01-25,8888
2421,建準,513,338,175,國泰-敦南,2024-01-25,8888
00753L,中信中國50正2,1519,1352,167,國泰-敦南,2024-01-25,8888
00772B,中信高評級公司債,205,41,164,國泰-敦南,2024-01-25,8888
2353,宏��,990,827,163,國泰-敦南,2024-01-25,8888
00902,中信電池及儲能,348,190,158,國泰-敦南,2024-01-25,8888
6113,亞矽,1172,1027,145,國泰-敦南,2024-01-25,8888
2405,輔信,201,61,140,國泰-敦南,2024-01-25,8888
3231,緯創,2560,2431,129,國泰-敦南,2024-01-25,8888
2002,中鋼,158,32,126,國泰-敦南,2024-01-25,8888
00857B,永豐20年美公債,133,12,121,國泰-敦南,2024-01-25,8888
1605,華新,132,29,103,國泰-敦南,2024-01-25,8888
5478,智冠,272,170,102,國泰-敦南,2024-01-25,8888
3312,弘憶股,179,79,100,國泰-敦南,2024-01-25,8888
2486,一詮,330,233,97,國泰-敦南,2024-01-25,8888
3712,永崴投控,152,58,94,國泰-敦南,2024-01-25,8888
6111,大宇資,206,115,91,國泰-敦南,2024-01-25,8888
2884,玉山金,152,61,91,國泰-敦南,2024-01-25,8888
2615,萬海,112,24,88,國泰-敦南,2024-01-25,8888
2886,兆豐金,125,38,87,國泰-敦南,2024-01-25,8888
6239,力成,318,233,85,國泰-敦南,2024-01-25,8888
2603,長榮,259,174,85,國泰-敦南,2024-01-25,8888
2382,廣達,340,258,82,國泰-敦南,2024-01-25,8888
00696B,富邦美債20年,107,28,79,國泰-敦南,2024-01-25,8888
6167,久正,181,104,77,國泰-敦南,2024-01-25,8888
5880,合庫金,115,39,76,國泰-敦南,2024-01-25,8888
3443,創意,123,48,75,國泰-敦南,2024-01-25,8888
4956,光鋐,556,481,75,國泰-敦南,2024-01-25,8888
2515,中工,105,30,75,國泰-敦南,2024-01-25,8888
6120,達運,162,87,75,國泰-敦南,2024-01-25,8888
1615,大山,88,14,74,國泰-敦南,2024-01-25,8888
2641,正德,81,7,74,國泰-敦南,2024-01-25,8888
00929,復華台灣科技優息,4087,1155,2932,國泰-敦南,2024-01-26,8888
00878,國泰永續高股息,3070,1027,2043,國泰-敦南,2024-01-26,8888
00919,群益台灣精選高息,2845,886,1959,國泰-敦南,2024-01-26,8888
2303,聯電,2455,699,1756,國泰-敦南,2024-01-26,8888
00937B,群益ESG投等債20,1790,270,1520,國泰-敦南,2024-01-26,8888
00687B,國泰20年美債,1480,257,1223,國泰-敦南,2024-01-26,8888
0056,元大高股息,1244,367,877,國泰-敦南,2024-01-26,8888
00933B,國泰10Y+金融債,913,241,672,國泰-敦南,2024-01-26,8888
00753L,中信中國50正2,891,333,558,國泰-敦南,2024-01-26,8888
00673R,期元大S＆P原油反1,712,198,514,國泰-敦南,2024-01-26,8888
00680L,元大美債20正2,762,281,481,國泰-敦南,2024-01-26,8888
00688L,國泰20年美債正2,526,58,468,國泰-敦南,2024-01-26,8888
00881,國泰台灣5G+,681,216,465,國泰-敦南,2024-01-26,8888
00679B,元大美債20年,631,173,458,國泰-敦南,2024-01-26,8888
00665L,富邦�琤肭磪囓�2,2148,1714,434,國泰-敦南,2024-01-26,8888
00934,中信成長高股息,559,150,409,國泰-敦南,2024-01-26,8888
00918,大華優利高填息30,453,67,386,國泰-敦南,2024-01-26,8888
2324,仁寶,1150,799,351,國泰-敦南,2024-01-26,8888
00882,中信中國高股息,846,521,325,國泰-敦南,2024-01-26,8888
2365,昆盈,1677,1387,290,國泰-敦南,2024-01-26,8888
2618,長榮航,448,175,273,國泰-敦南,2024-01-26,8888
2867,三商壽,285,26,259,國泰-敦南,2024-01-26,8888
6116,彩晶,305,86,219,國泰-敦南,2024-01-26,8888
00637L,元大滬深300正2,521,319,202,國泰-敦南,2024-01-26,8888
8096,擎亞,1322,1138,184,國泰-敦南,2024-01-26,8888
3005,神基,375,218,157,國泰-敦南,2024-01-26,8888
9105,泰金寶-DR,2760,2607,153,國泰-敦南,2024-01-26,8888
2356,英業達,1071,920,151,國泰-敦南,2024-01-26,8888
00891,中信關鍵半導體,297,158,139,國泰-敦南,2024-01-26,8888
6270,倍微,1014,879,135,國泰-敦南,2024-01-26,8888
2431,聯昌,331,203,128,國泰-敦南,2024-01-26,8888
2609,陽明,480,356,124,國泰-敦南,2024-01-26,8888
00751B,元大AAA至A公司債,170,47,123,國泰-敦南,2024-01-26,8888
00795B,中信美國公債20年,136,13,123,國泰-敦南,2024-01-26,8888
5426,振發,1706,1589,117,國泰-敦南,2024-01-26,8888
00927,群益半導體收益,190,84,106,國泰-敦南,2024-01-26,8888
3360,尚立,706,611,95,國泰-敦南,2024-01-26,8888
3673,TPK-KY,128,36,92,國泰-敦南,2024-01-26,8888
3035,智原,294,203,91,國泰-敦南,2024-01-26,8888
00720B,元大投資級公司債,152,64,88,國泰-敦南,2024-01-26,8888
3623,富晶通,862,775,87,國泰-敦南,2024-01-26,8888
6265,方土昶,517,431,86,國泰-敦南,2024-01-26,8888
3055,蔚華科,171,85,86,國泰-敦南,2024-01-26,8888
3694,海華,887,805,82,國泰-敦南,2024-01-26,8888
2353,宏��,1168,1087,81,國泰-敦南,2024-01-26,8888
00650L,復華香港正2,235,156,79,國泰-敦南,2024-01-26,8888
3615,安可,252,173,79,國泰-敦南,2024-01-26,8888
3037,欣興,207,130,77,國泰-敦南,2024-01-26,8888
6237,驊訊,218,144,74,國泰-敦南,2024-01-26,8888
2486,一詮,405,337,68,國泰-敦南,2024-01-26,8888
00937B,群益ESG投等債20,3456,436,3020,國泰-敦南,2024-01-29,8888
00687B,國泰20年美債,2478,297,2181,國泰-敦南,2024-01-29,8888
00933B,國泰10Y+金融債,1469,227,1242,國泰-敦南,2024-01-29,8888
00679B,元大美債20年,959,78,881,國泰-敦南,2024-01-29,8888
00673R,期元大S＆P原油反1,822,135,687,國泰-敦南,2024-01-29,8888
00753L,中信中國50正2,713,76,637,國泰-敦南,2024-01-29,8888
00665L,富邦�琤肭磪囓�2,3053,2430,623,國泰-敦南,2024-01-29,8888
00881,國泰台灣5G+,1025,538,487,國泰-敦南,2024-01-29,8888
2303,聯電,868,392,476,國泰-敦南,2024-01-29,8888
2409,友達,690,248,442,國泰-敦南,2024-01-29,8888
00632R,元大台灣50反1,1209,782,427,國泰-敦南,2024-01-29,8888
2867,三商壽,531,132,399,國泰-敦南,2024-01-29,8888
00680L,元大美債20正2,756,372,384,國泰-敦南,2024-01-29,8888
5426,振發,1838,1481,357,國泰-敦南,2024-01-29,8888
00688L,國泰20年美債正2,416,68,348,國泰-敦南,2024-01-29,8888
9105,泰金寶-DR,837,499,338,國泰-敦南,2024-01-29,8888
2836,高雄銀,271,14,257,國泰-敦南,2024-01-29,8888
00931B,統一美債20年,304,52,252,國泰-敦南,2024-01-29,8888
00751B,元大AAA至A公司債,305,68,237,國泰-敦南,2024-01-29,8888
3360,尚立,1552,1337,215,國泰-敦南,2024-01-29,8888
00857B,永豐20年美公債,186,9,177,國泰-敦南,2024-01-29,8888
00720B,元大投資級公司債,318,167,151,國泰-敦南,2024-01-29,8888
00795B,中信美國公債20年,146,6,140,國泰-敦南,2024-01-29,8888
2337,旺宏,211,77,134,國泰-敦南,2024-01-29,8888
3535,晶彩科,474,358,116,國泰-敦南,2024-01-29,8888
00830,國泰費城半導體,130,16,114,國泰-敦南,2024-01-29,8888
00877,復華中國5G,112,1,111,國泰-敦南,2024-01-29,8888
2344,華邦電,279,174,105,國泰-敦南,2024-01-29,8888
2365,昆盈,491,387,104,國泰-敦南,2024-01-29,8888
00664R,國泰臺灣加權反1,106,7,99,國泰-敦南,2024-01-29,8888
3481,群創,1614,1518,96,國泰-敦南,2024-01-29,8888
00902,中信電池及儲能,195,102,93,國泰-敦南,2024-01-29,8888
00764B,群益25年美債,96,5,91,國泰-敦南,2024-01-29,8888
2609,陽明,401,313,88,國泰-敦南,2024-01-29,8888
4968,立積,268,184,84,國泰-敦南,2024-01-29,8888
2838,聯邦銀,94,18,76,國泰-敦南,2024-01-29,8888
6120,達運,120,44,76,國泰-敦南,2024-01-29,8888
00772B,中信高評級公司債,132,61,71,國泰-敦南,2024-01-29,8888
8064,東捷,177,107,70,國泰-敦南,2024-01-29,8888
2610,華航,775,707,68,國泰-敦南,2024-01-29,8888
3036,文曄,416,350,66,國泰-敦南,2024-01-29,8888
1101,台泥,132,71,61,國泰-敦南,2024-01-29,8888
6770,力積電,160,100,60,國泰-敦南,2024-01-29,8888
2801,彰銀,74,15,59,國泰-敦南,2024-01-29,8888
2355,敬鵬,184,125,59,國泰-敦南,2024-01-29,8888
1301,台塑,71,13,58,國泰-敦南,2024-01-29,8888
3622,洋華,227,169,58,國泰-敦南,2024-01-29,8888
00669R,國泰美國道瓊反1,54,0,54,國泰-敦南,2024-01-29,8888
3605,宏致,389,338,51,國泰-敦南,2024-01-29,8888
4532,瑞智,88,37,51,國泰-敦南,2024-01-29,8888
00937B,群益ESG投等債20,2452,208,2244,國泰-敦南,2024-01-30,8888
00687B,國泰20年美債,1578,412,1166,國泰-敦南,2024-01-30,8888
00933B,國泰10Y+金融債,977,103,874,國泰-敦南,2024-01-30,8888
00688L,國泰20年美債正2,1010,140,870,國泰-敦南,2024-01-30,8888
2867,三商壽,808,93,715,國泰-敦南,2024-01-30,8888
00878,國泰永續高股息,1905,1296,609,國泰-敦南,2024-01-30,8888
00929,復華台灣科技優息,1986,1483,503,國泰-敦南,2024-01-30,8888
3481,群創,1335,848,487,國泰-敦南,2024-01-30,8888
00882,中信中國高股息,957,488,469,國泰-敦南,2024-01-30,8888
00679B,元大美債20年,635,228,407,國泰-敦南,2024-01-30,8888
2887,台新金,401,24,377,國泰-敦南,2024-01-30,8888
1101,台泥,295,71,224,國泰-敦南,2024-01-30,8888
2409,友達,402,184,218,國泰-敦南,2024-01-30,8888
2882,國泰金,267,52,215,國泰-敦南,2024-01-30,8888
2618,長榮航,966,760,206,國泰-敦南,2024-01-30,8888
2337,旺宏,314,112,202,國泰-敦南,2024-01-30,8888
00919,群益台灣精選高息,1131,931,200,國泰-敦南,2024-01-30,8888
00637L,元大滬深300正2,863,665,198,國泰-敦南,2024-01-30,8888
2884,玉山金,248,52,196,國泰-敦南,2024-01-30,8888
00706L,期元大S＆P日圓正2,235,40,195,國泰-敦南,2024-01-30,8888
2888,新光金,288,95,193,國泰-敦南,2024-01-30,8888
9105,泰金寶-DR,477,292,185,國泰-敦南,2024-01-30,8888
00859B,群益0-1年美債,170,0,170,國泰-敦南,2024-01-30,8888
2886,兆豐金,182,18,164,國泰-敦南,2024-01-30,8888
6770,力積電,224,64,160,國泰-敦南,2024-01-30,8888
2610,華航,310,157,153,國泰-敦南,2024-01-30,8888
3081,聯亞,169,17,152,國泰-敦南,2024-01-30,8888
5871,中租-KY,172,22,150,國泰-敦南,2024-01-30,8888
6695,芯鼎,491,342,149,國泰-敦南,2024-01-30,8888
5880,合庫金,159,14,145,國泰-敦南,2024-01-30,8888
00877,復華中國5G,139,6,133,國泰-敦南,2024-01-30,8888
2421,建準,1055,923,132,國泰-敦南,2024-01-30,8888
2344,華邦電,304,176,128,國泰-敦南,2024-01-30,8888
1301,台塑,144,26,118,國泰-敦南,2024-01-30,8888
2431,聯昌,131,14,117,國泰-敦南,2024-01-30,8888
6530,創威,158,44,114,國泰-敦南,2024-01-30,8888
00633L,富邦上証正2,175,62,113,國泰-敦南,2024-01-30,8888
8064,東捷,532,422,110,國泰-敦南,2024-01-30,8888
2609,陽明,371,267,104,國泰-敦南,2024-01-30,8888
2883,凱基金,218,115,103,國泰-敦南,2024-01-30,8888
1513,中興電,160,57,103,國泰-敦南,2024-01-30,8888
2402,毅嘉,134,32,102,國泰-敦南,2024-01-30,8888
2467,志聖,296,209,87,國泰-敦南,2024-01-30,8888
6285,啟��,95,8,87,國泰-敦南,2024-01-30,8888
3694,海華,318,232,86,國泰-敦南,2024-01-30,8888
1605,華新,109,25,84,國泰-敦南,2024-01-30,8888
2002,中鋼,194,112,82,國泰-敦南,2024-01-30,8888
00915,凱基優選高股息30,138,57,81,國泰-敦南,2024-01-30,8888
3715,定穎投控,852,771,81,國泰-敦南,2024-01-30,8888
00918,大華優利高填息30,116,35,81,國泰-敦南,2024-01-30,8888
00687B,國泰20年美債,1974,283,1691,國泰-敦南,2024-01-31,8888
00688L,國泰20年美債正2,1908,220,1688,國泰-敦南,2024-01-31,8888
00937B,群益ESG投等債20,1871,659,1212,國泰-敦南,2024-01-31,8888
00929,復華台灣科技優息,2547,1829,718,國泰-敦南,2024-01-31,8888
00680L,元大美債20正2,1316,612,704,國泰-敦南,2024-01-31,8888
3231,緯創,1227,621,606,國泰-敦南,2024-01-31,8888
00665L,富邦�琤肭磪囓�2,1271,712,559,國泰-敦南,2024-01-31,8888
00753L,中信中國50正2,1081,565,516,國泰-敦南,2024-01-31,8888
2303,聯電,712,241,471,國泰-敦南,2024-01-31,8888
2618,長榮航,642,194,448,國泰-敦南,2024-01-31,8888
2867,三商壽,563,135,428,國泰-敦南,2024-01-31,8888
00679B,元大美債20年,724,324,400,國泰-敦南,2024-01-31,8888
00919,群益台灣精選高息,1236,871,365,國泰-敦南,2024-01-31,8888
2356,英業達,674,420,254,國泰-敦南,2024-01-31,8888
3481,群創,1031,779,252,國泰-敦南,2024-01-31,8888
6113,亞矽,1469,1230,239,國泰-敦南,2024-01-31,8888
2609,陽明,509,293,216,國泰-敦南,2024-01-31,8888
2888,新光金,273,70,203,國泰-敦南,2024-01-31,8888
3289,宜特,278,84,194,國泰-敦南,2024-01-31,8888
2887,台新金,228,39,189,國泰-敦南,2024-01-31,8888
2353,宏��,456,268,188,國泰-敦南,2024-01-31,8888
00922,國泰台灣領袖50,207,32,175,國泰-敦南,2024-01-31,8888
00918,大華優利高填息30,390,226,164,國泰-敦南,2024-01-31,8888
2330,台積電,327,163,164,國泰-敦南,2024-01-31,8888
00877,復華中國5G,152,2,150,國泰-敦南,2024-01-31,8888
00891,中信關鍵半導體,253,107,146,國泰-敦南,2024-01-31,8888
00637L,元大滬深300正2,499,356,143,國泰-敦南,2024-01-31,8888
3715,定穎投控,435,299,136,國泰-敦南,2024-01-31,8888
6120,達運,195,64,131,國泰-敦南,2024-01-31,8888
2515,中工,144,18,126,國泰-敦南,2024-01-31,8888
3615,安可,288,162,126,國泰-敦南,2024-01-31,8888
1101,台泥,225,103,122,國泰-敦南,2024-01-31,8888
00935,野村臺灣新科技50,192,76,116,國泰-敦南,2024-01-31,8888
00751B,元大AAA至A公司債,204,88,116,國泰-敦南,2024-01-31,8888
2382,廣達,300,186,114,國泰-敦南,2024-01-31,8888
2369,菱生,1292,1180,112,國泰-敦南,2024-01-31,8888
3360,尚立,1686,1574,112,國泰-敦南,2024-01-31,8888
2812,台中銀,186,75,111,國泰-敦南,2024-01-31,8888
3035,智原,251,142,109,國泰-敦南,2024-01-31,8888
006208,富邦台50,178,69,109,國泰-敦南,2024-01-31,8888
4303,信立,160,53,107,國泰-敦南,2024-01-31,8888
8069,元太,240,141,99,國泰-敦南,2024-01-31,8888
00923,群益台ESG低碳50,165,71,94,國泰-敦南,2024-01-31,8888
4529,淳紳,113,18,95,國泰-敦南,2024-01-31,8888
2610,華航,202,108,94,國泰-敦南,2024-01-31,8888
2308,台達電,100,7,93,國泰-敦南,2024-01-31,8888
2614,東森,98,6,92,國泰-敦南,2024-01-31,8888
00757,統一FANG+,130,37,93,國泰-敦南,2024-01-31,8888
3230,錦明,104,12,92,國泰-敦南,2024-01-31,8888
3706,神達,285,198,87,國泰-敦南,2024-01-31,8888
00712,復華富時不動產,3586,461,3125,國泰-敦南,2024-02-01,8888
00919,群益台灣精選高息,2615,784,1831,國泰-敦南,2024-02-01,8888
00934,中信成長高股息,1604,72,1532,國泰-敦南,2024-02-01,8888
00878,國泰永續高股息,2716,1242,1474,國泰-敦南,2024-02-01,8888
00915,凱基優選高股息30,1540,71,1469,國泰-敦南,2024-02-01,8888
2812,台中銀,2718,1444,1274,國泰-敦南,2024-02-01,8888
00687B,國泰20年美債,1611,950,661,國泰-敦南,2024-02-01,8888
00931B,統一美債20年,776,247,529,國泰-敦南,2024-02-01,8888
00632R,元大台灣50反1,939,608,331,國泰-敦南,2024-02-01,8888
00680L,元大美債20正2,1110,824,286,國泰-敦南,2024-02-01,8888
00933B,國泰10Y+金融債,929,693,236,國泰-敦南,2024-02-01,8888
8936,國統,1845,1618,227,國泰-敦南,2024-02-01,8888
2409,友達,871,656,215,國泰-敦南,2024-02-01,8888
00882,中信中國高股息,599,390,209,國泰-敦南,2024-02-01,8888
00927,群益半導體收益,320,115,205,國泰-敦南,2024-02-01,8888
00891,中信關鍵半導體,355,170,185,國泰-敦南,2024-02-01,8888
2303,聯電,647,464,183,國泰-敦南,2024-02-01,8888
00671R,富邦NASDAQ反1,209,33,176,國泰-敦南,2024-02-01,8888
2486,一詮,520,349,171,國泰-敦南,2024-02-01,8888
6116,彩晶,194,51,143,國泰-敦南,2024-02-01,8888
3231,緯創,666,525,141,國泰-敦南,2024-02-01,8888
6770,力積電,192,52,140,國泰-敦南,2024-02-01,8888
3481,群創,1186,1048,138,國泰-敦南,2024-02-01,8888
00679B,元大美債20年,874,739,135,國泰-敦南,2024-02-01,8888
2382,廣達,292,159,133,國泰-敦南,2024-02-01,8888
00900,富邦特選高股息30,180,51,129,國泰-敦南,2024-02-01,8888
8011,台通,238,118,120,國泰-敦南,2024-02-01,8888
3694,海華,992,890,102,國泰-敦南,2024-02-01,8888
00830,國泰費城半導體,125,31,94,國泰-敦南,2024-02-01,8888
2454,聯發科,174,83,91,國泰-敦南,2024-02-01,8888
6179,亞通,217,126,91,國泰-敦南,2024-02-01,8888
00923,群益台ESG低碳50,220,133,87,國泰-敦南,2024-02-01,8888
00642U,期元大S＆P石油,123,37,86,國泰-敦南,2024-02-01,8888
6139,亞翔,181,99,82,國泰-敦南,2024-02-01,8888
2329,華泰,664,582,82,國泰-敦南,2024-02-01,8888
6265,方土昶,598,517,81,國泰-敦南,2024-02-01,8888
8096,擎亞,680,599,81,國泰-敦南,2024-02-01,8888
4908,前鼎,630,558,72,國泰-敦南,2024-02-01,8888
3033,威健,389,318,71,國泰-敦南,2024-02-01,8888
6237,驊訊,424,352,72,國泰-敦南,2024-02-01,8888
00670L,富邦NASDAQ正2,89,20,69,國泰-敦南,2024-02-01,8888
00904,新光臺灣半導體30,81,14,67,國泰-敦南,2024-02-01,8888
3437,榮創,108,41,67,國泰-敦南,2024-02-01,8888
00757,統一FANG+,89,23,66,國泰-敦南,2024-02-01,8888
6229,研通,337,273,64,國泰-敦南,2024-02-01,8888
3035,智原,310,246,64,國泰-敦南,2024-02-01,8888
2330,台積電,174,114,60,國泰-敦南,2024-02-01,8888
3548,兆利,455,397,58,國泰-敦南,2024-02-01,8888
2313,華通,240,182,58,國泰-敦南,2024-02-01,8888
4157,太景*-KY,72,15,57,國泰-敦南,2024-02-01,8888
00929,復華台灣科技優息,3220,1095,2125,國泰-敦南,2024-02-02,8888
00712,復華富時不動產,2612,565,2047,國泰-敦南,2024-02-02,8888
00919,群益台灣精選高息,2029,552,1477,國泰-敦南,2024-02-02,8888
00933B,國泰10Y+金融債,2484,1144,1340,國泰-敦南,2024-02-02,8888
00937B,群益ESG投等債20,4293,3564,729,國泰-敦南,2024-02-02,8888
00688L,國泰20年美債正2,1017,483,534,國泰-敦南,2024-02-02,8888
00882,中信中國高股息,698,186,512,國泰-敦南,2024-02-02,8888
2303,聯電,809,301,508,國泰-敦南,2024-02-02,8888
2609,陽明,793,352,441,國泰-敦南,2024-02-02,8888
2603,長榮,569,172,397,國泰-敦南,2024-02-02,8888
3481,群創,856,495,361,國泰-敦南,2024-02-02,8888
1514,亞力,722,393,329,國泰-敦南,2024-02-02,8888
00715L,期街口布蘭特正2,718,389,329,國泰-敦南,2024-02-02,8888
00637L,元大滬深300正2,430,113,317,國泰-敦南,2024-02-02,8888
6770,力積電,384,96,288,國泰-敦南,2024-02-02,8888
2353,宏��,792,553,239,國泰-敦南,2024-02-02,8888
2313,華通,564,326,238,國泰-敦南,2024-02-02,8888
9105,泰金寶-DR,302,90,212,國泰-敦南,2024-02-02,8888
1503,士電,425,225,200,國泰-敦南,2024-02-02,8888
2891,中信金,231,31,200,國泰-敦南,2024-02-02,8888
3036,文曄,1416,1230,186,國泰-敦南,2024-02-02,8888
2812,台中銀,585,404,181,國泰-敦南,2024-02-02,8888
2887,台新金,214,34,180,國泰-敦南,2024-02-02,8888
2344,華邦電,288,122,166,國泰-敦南,2024-02-02,8888
00753L,中信中國50正2,353,189,164,國泰-敦南,2024-02-02,8888
00706L,期元大S＆P日圓正2,196,48,148,國泰-敦南,2024-02-02,8888
00907,永豐優息存股,160,18,142,國泰-敦南,2024-02-02,8888
2324,仁寶,396,253,143,國泰-敦南,2024-02-02,8888
00891,中信關鍵半導體,228,103,125,國泰-敦南,2024-02-02,8888
2317,鴻海,172,51,121,國泰-敦南,2024-02-02,8888
2408,南亞科,137,16,121,國泰-敦南,2024-02-02,8888
8096,擎亞,480,364,116,國泰-敦南,2024-02-02,8888
00795B,中信美國公債20年,191,76,115,國泰-敦南,2024-02-02,8888
2884,玉山金,181,78,103,國泰-敦南,2024-02-02,8888
3711,日月光投控,124,24,100,國泰-敦南,2024-02-02,8888
1616,億泰,199,99,100,國泰-敦南,2024-02-02,8888
00633L,富邦上証正2,111,14,97,國泰-敦南,2024-02-02,8888
00733,富邦臺灣中小,131,39,92,國泰-敦南,2024-02-02,8888
6282,康舒,310,219,91,國泰-敦南,2024-02-02,8888
2002,中鋼,163,74,89,國泰-敦南,2024-02-02,8888
00927,群益半導體收益,119,33,86,國泰-敦南,2024-02-02,8888
1609,大亞,194,109,85,國泰-敦南,2024-02-02,8888
2634,漢翔,153,68,85,國泰-敦南,2024-02-02,8888
00642U,期元大S＆P石油,128,46,82,國泰-敦南,2024-02-02,8888
2515,中工,155,74,81,國泰-敦南,2024-02-02,8888
1519,華城,555,475,80,國泰-敦南,2024-02-02,8888
00877,復華中國5G,88,11,77,國泰-敦南,2024-02-02,8888
00671R,富邦NASDAQ反1,104,31,73,國泰-敦南,2024-02-02,8888
00830,國泰費城半導體,87,14,73,國泰-敦南,2024-02-02,8888
2897,王道銀行,76,10,66,國泰-敦南,2024-02-02,8888
00929,復華台灣科技優息,3925,873,3052,國泰-敦南,2024-02-05,8888
00937B,群益ESG投等債20,5210,2345,2865,國泰-敦南,2024-02-05,8888
00687B,國泰20年美債,3689,1184,2505,國泰-敦南,2024-02-05,8888
00919,群益台灣精選高息,2774,753,2021,國泰-敦南,2024-02-05,8888
00712,復華富時不動產,2417,479,1938,國泰-敦南,2024-02-05,8888
00679B,元大美債20年,1952,391,1561,國泰-敦南,2024-02-05,8888
00933B,國泰10Y+金融債,2102,658,1444,國泰-敦南,2024-02-05,8888
00688L,國泰20年美債正2,2157,1023,1134,國泰-敦南,2024-02-05,8888
00715L,期街口布蘭特正2,1200,296,904,國泰-敦南,2024-02-05,8888
00878,國泰永續高股息,3145,2313,832,國泰-敦南,2024-02-05,8888
2884,玉山金,875,134,741,國泰-敦南,2024-02-05,8888
00882,中信中國高股息,1273,680,593,國泰-敦南,2024-02-05,8888
00706L,期元大S＆P日圓正2,608,66,542,國泰-敦南,2024-02-05,8888
00680L,元大美債20正2,1339,883,456,國泰-敦南,2024-02-05,8888
2303,聯電,701,252,449,國泰-敦南,2024-02-05,8888
1528,恩德,1664,1267,397,國泰-敦南,2024-02-05,8888
2421,建準,1746,1372,374,國泰-敦南,2024-02-05,8888
00753L,中信中國50正2,849,476,373,國泰-敦南,2024-02-05,8888
00857B,永豐20年美公債,395,36,359,國泰-敦南,2024-02-05,8888
00931B,統一美債20年,526,202,324,國泰-敦南,2024-02-05,8888
2887,台新金,426,111,315,國泰-敦南,2024-02-05,8888
2002,中鋼,383,94,289,國泰-敦南,2024-02-05,8888
00795B,中信美國公債20年,252,22,230,國泰-敦南,2024-02-05,8888
00891,中信關鍵半導體,266,55,211,國泰-敦南,2024-02-05,8888
6695,芯鼎,1072,868,204,國泰-敦南,2024-02-05,8888
00927,群益半導體收益,247,44,203,國泰-敦南,2024-02-05,8888
6684,安格,376,185,191,國泰-敦南,2024-02-05,8888
00671R,富邦NASDAQ反1,226,52,174,國泰-敦南,2024-02-05,8888
3041,揚智,266,108,158,國泰-敦南,2024-02-05,8888
00642U,期元大S＆P石油,184,28,156,國泰-敦南,2024-02-05,8888
2886,兆豐金,254,100,154,國泰-敦南,2024-02-05,8888
00764B,群益25年美債,213,59,154,國泰-敦南,2024-02-05,8888
3483,力致,442,296,146,國泰-敦南,2024-02-05,8888
2344,華邦電,249,107,142,國泰-敦南,2024-02-05,8888
2363,矽統,308,185,123,國泰-敦南,2024-02-05,8888
2883,凱基金,201,85,116,國泰-敦南,2024-02-05,8888
2388,威盛,261,148,113,國泰-敦南,2024-02-05,8888
8210,勤誠,286,178,108,國泰-敦南,2024-02-05,8888
2515,中工,157,54,103,國泰-敦南,2024-02-05,8888
3443,創意,140,40,100,國泰-敦南,2024-02-05,8888
2405,輔信,122,24,98,國泰-敦南,2024-02-05,8888
1809,中釉,105,16,89,國泰-敦南,2024-02-05,8888
1718,中纖,91,3,88,國泰-敦南,2024-02-05,8888
8054,安國,148,62,86,國泰-敦南,2024-02-05,8888
00713,元大台灣高息低波,220,134,86,國泰-敦南,2024-02-05,8888
6265,方土昶,289,206,83,國泰-敦南,2024-02-05,8888
00751B,元大AAA至A公司債,511,429,82,國泰-敦南,2024-02-05,8888
3530,晶相光,238,159,79,國泰-敦南,2024-02-05,8888
6770,力積電,154,81,73,國泰-敦南,2024-02-05,8888
1513,中興電,205,133,72,國泰-敦南,2024-02-05,8888
00937B,群益ESG投等債20,8807,2008,6799,國泰-敦南,2024-02-15,8888
00687B,國泰20年美債,5653,462,5191,國泰-敦南,2024-02-15,8888
00680L,元大美債20正2,4090,321,3769,國泰-敦南,2024-02-15,8888
00712,復華富時不動產,4981,1679,3302,國泰-敦南,2024-02-15,8888
00933B,國泰10Y+金融債,3424,1127,2297,國泰-敦南,2024-02-15,8888
00673R,期元大S＆P原油反1,2295,35,2260,國泰-敦南,2024-02-15,8888
00688L,國泰20年美債正2,2796,752,2044,國泰-敦南,2024-02-15,8888
00679B,元大美債20年,2496,508,1988,國泰-敦南,2024-02-15,8888
3481,群創,2435,1170,1265,國泰-敦南,2024-02-15,8888
00751B,元大AAA至A公司債,1491,347,1144,國泰-敦南,2024-02-15,8888
00720B,元大投資級公司債,1283,261,1022,國泰-敦南,2024-02-15,8888
00706L,期元大S＆P日圓正2,986,80,906,國泰-敦南,2024-02-15,8888
2610,華航,988,162,826,國泰-敦南,2024-02-15,8888
00795B,中信美國公債20年,919,115,804,國泰-敦南,2024-02-15,8888
2344,華邦電,990,227,763,國泰-敦南,2024-02-15,8888
2408,南亞科,800,63,737,國泰-敦南,2024-02-15,8888
2618,長榮航,922,334,588,國泰-敦南,2024-02-15,8888
00772B,中信高評級公司債,615,39,576,國泰-敦南,2024-02-15,8888
00934,中信成長高股息,723,253,470,國泰-敦南,2024-02-15,8888
00857B,永豐20年美公債,325,30,295,國泰-敦南,2024-02-15,8888
2359,所羅門,289,25,264,國泰-敦南,2024-02-15,8888
2002,中鋼,434,185,249,國泰-敦南,2024-02-15,8888
2353,宏��,549,319,230,國泰-敦南,2024-02-15,8888
00725B,國泰投資級公司債,320,91,229,國泰-敦南,2024-02-15,8888
00907,永豐優息存股,246,40,206,國泰-敦南,2024-02-15,8888
00764B,群益25年美債,233,30,203,國泰-敦南,2024-02-15,8888
2515,中工,420,222,198,國泰-敦南,2024-02-15,8888
2888,新光金,367,190,177,國泰-敦南,2024-02-15,8888
2301,光寶科,220,46,174,國泰-敦南,2024-02-15,8888
2025,千興,314,145,169,國泰-敦南,2024-02-15,8888
1101,台泥,273,108,165,國泰-敦南,2024-02-15,8888
00722B,群益投資級電信債,158,2,156,國泰-敦南,2024-02-15,8888
2603,長榮,409,262,147,國泰-敦南,2024-02-15,8888
00773B,中信優先金融債,143,0,143,國泰-敦南,2024-02-15,8888
4714,永捷,664,527,137,國泰-敦南,2024-02-15,8888
5880,合庫金,242,119,123,國泰-敦南,2024-02-15,8888
00632R,元大台灣50反1,2133,2015,118,國泰-敦南,2024-02-15,8888
5871,中租-KY,134,17,117,國泰-敦南,2024-02-15,8888
1325,恆大,156,41,115,國泰-敦南,2024-02-15,8888
00676R,富邦臺灣加權反1,411,300,111,國泰-敦南,2024-02-15,8888
2324,仁寶,397,287,110,國泰-敦南,2024-02-15,8888
5426,振發,488,381,107,國泰-敦南,2024-02-15,8888
6245,立端,146,41,105,國泰-敦南,2024-02-15,8888
00918,大華優利高填息30,242,140,102,國泰-敦南,2024-02-15,8888
6265,方土昶,252,155,97,國泰-敦南,2024-02-15,8888
2317,鴻海,193,98,95,國泰-敦南,2024-02-15,8888
6443,元晶,118,24,94,國泰-敦南,2024-02-15,8888
2308,台達電,112,22,90,國泰-敦南,2024-02-15,8888
2887,台新金,286,202,84,國泰-敦南,2024-02-15,8888
4303,信立,138,56,82,國泰-敦南,2024-02-15,8888
00881,國泰台灣5G+,5231,394,4837,國泰-敦南,2024-02-16,8888
00933B,國泰10Y+金融債,4391,542,3849,國泰-敦南,2024-02-16,8888
00687B,國泰20年美債,3307,259,3048,國泰-敦南,2024-02-16,8888
00937B,群益ESG投等債20,3149,991,2158,國泰-敦南,2024-02-16,8888
00679B,元大美債20年,1914,152,1762,國泰-敦南,2024-02-16,8888
00680L,元大美債20正2,1945,230,1715,國泰-敦南,2024-02-16,8888
00688L,國泰20年美債正2,1504,143,1361,國泰-敦南,2024-02-16,8888
00673R,期元大S＆P原油反1,1172,32,1140,國泰-敦南,2024-02-16,8888
00795B,中信美國公債20年,1159,25,1134,國泰-敦南,2024-02-16,8888
8926,台汽電,1084,52,1032,國泰-敦南,2024-02-16,8888
00931B,統一美債20年,923,70,853,國泰-敦南,2024-02-16,8888
00712,復華富時不動產,1088,609,479,國泰-敦南,2024-02-16,8888
00706L,期元大S＆P日圓正2,440,29,411,國泰-敦南,2024-02-16,8888
00751B,元大AAA至A公司債,538,135,403,國泰-敦南,2024-02-16,8888
00725B,國泰投資級公司債,442,41,401,國泰-敦南,2024-02-16,8888
00772B,中信高評級公司債,543,148,395,國泰-敦南,2024-02-16,8888
00720B,元大投資級公司債,511,135,376,國泰-敦南,2024-02-16,8888
2303,聯電,455,124,331,國泰-敦南,2024-02-16,8888
2382,廣達,1084,776,308,國泰-敦南,2024-02-16,8888
00857B,永豐20年美公債,345,47,298,國泰-敦南,2024-02-16,8888
00891,中信關鍵半導體,459,177,282,國泰-敦南,2024-02-16,8888
00764B,群益25年美債,271,5,266,國泰-敦南,2024-02-16,8888
2887,台新金,336,101,235,國泰-敦南,2024-02-16,8888
2515,中工,335,131,204,國泰-敦南,2024-02-16,8888
3231,緯創,1574,1380,194,國泰-敦南,2024-02-16,8888
2884,玉山金,260,83,177,國泰-敦南,2024-02-16,8888
1447,力鵬,189,23,166,國泰-敦南,2024-02-16,8888
2367,燿華,556,395,161,國泰-敦南,2024-02-16,8888
1101,台泥,304,146,158,國泰-敦南,2024-02-16,8888
5521,工信,451,293,158,國泰-敦南,2024-02-16,8888
2376,技嘉,876,732,144,國泰-敦南,2024-02-16,8888
2812,台中銀,250,109,141,國泰-敦南,2024-02-16,8888
2888,新光金,572,431,141,國泰-敦南,2024-02-16,8888
3036,文曄,356,223,133,國泰-敦南,2024-02-16,8888
4908,前鼎,678,550,128,國泰-敦南,2024-02-16,8888
8936,國統,888,768,120,國泰-敦南,2024-02-16,8888
3035,智原,388,268,120,國泰-敦南,2024-02-16,8888
2365,昆盈,2740,2622,118,國泰-敦南,2024-02-16,8888
2002,中鋼,264,153,111,國泰-敦南,2024-02-16,8888
00773B,中信優先金融債,121,15,106,國泰-敦南,2024-02-16,8888
5871,中租-KY,116,13,103,國泰-敦南,2024-02-16,8888
5880,合庫金,138,37,101,國泰-敦南,2024-02-16,8888
2408,南亞科,163,64,99,國泰-敦南,2024-02-16,8888
3715,定穎投控,251,159,92,國泰-敦南,2024-02-16,8888
3038,全台,298,206,92,國泰-敦南,2024-02-16,8888
9105,泰金寶-DR,316,225,91,國泰-敦南,2024-02-16,8888
2371,大同,263,173,90,國泰-敦南,2024-02-16,8888
6139,亞翔,181,96,85,國泰-敦南,2024-02-16,8888
4714,永捷,332,249,83,國泰-敦南,2024-02-16,8888
2023,燁輝,106,24,82,國泰-敦南,2024-02-16,8888
00878,國泰永續高股息,5643,1876,3767,國泰-敦南,2024-02-19,8888
00937B,群益ESG投等債20,4721,967,3754,國泰-敦南,2024-02-19,8888
00933B,國泰10Y+金融債,3178,605,2573,國泰-敦南,2024-02-19,8888
00881,國泰台灣5G+,2666,526,2140,國泰-敦南,2024-02-19,8888
00687B,國泰20年美債,2305,288,2017,國泰-敦南,2024-02-19,8888
00679B,元大美債20年,1708,197,1511,國泰-敦南,2024-02-19,8888
00919,群益台灣精選高息,2299,1117,1182,國泰-敦南,2024-02-19,8888
00712,復華富時不動產,986,214,772,國泰-敦南,2024-02-19,8888
2369,菱生,3331,2601,730,國泰-敦南,2024-02-19,8888
2365,昆盈,4074,3403,671,國泰-敦南,2024-02-19,8888
2353,宏��,1761,1137,624,國泰-敦南,2024-02-19,8888
00688L,國泰20年美債正2,879,350,529,國泰-敦南,2024-02-19,8888
00753L,中信中國50正2,676,186,490,國泰-敦南,2024-02-19,8888
00795B,中信美國公債20年,482,6,476,國泰-敦南,2024-02-19,8888
00891,中信關鍵半導體,594,160,434,國泰-敦南,2024-02-19,8888
2355,敬鵬,1116,741,375,國泰-敦南,2024-02-19,8888
2329,華泰,2437,2078,359,國泰-敦南,2024-02-19,8888
00665L,富邦�琤肭磪囓�2,1575,1225,350,國泰-敦南,2024-02-19,8888
2324,仁寶,637,332,305,國泰-敦南,2024-02-19,8888
00650L,復華香港正2,459,156,303,國泰-敦南,2024-02-19,8888
00706L,期元大S＆P日圓正2,418,142,276,國泰-敦南,2024-02-19,8888
00720B,元大投資級公司債,627,352,275,國泰-敦南,2024-02-19,8888
2356,英業達,784,516,268,國泰-敦南,2024-02-19,8888
00673R,期元大S＆P原油反1,287,21,266,國泰-敦南,2024-02-19,8888
00637L,元大滬深300正2,673,408,265,國泰-敦南,2024-02-19,8888
8096,擎亞,1242,987,255,國泰-敦南,2024-02-19,8888
3437,榮創,963,718,245,國泰-敦南,2024-02-19,8888
2382,廣達,502,262,240,國泰-敦南,2024-02-19,8888
5426,振發,1169,934,235,國泰-敦南,2024-02-19,8888
3035,智原,383,156,227,國泰-敦南,2024-02-19,8888
00751B,元大AAA至A公司債,284,76,208,國泰-敦南,2024-02-19,8888
3231,緯創,1098,904,194,國泰-敦南,2024-02-19,8888
3715,定穎投控,312,127,185,國泰-敦南,2024-02-19,8888
6117,迎廣,480,295,185,國泰-敦南,2024-02-19,8888
3047,訊舟,350,170,180,國泰-敦南,2024-02-19,8888
00680L,元大美債20正2,896,719,177,國泰-敦南,2024-02-19,8888
3706,神達,387,221,166,國泰-敦南,2024-02-19,8888
2368,金像電,289,125,164,國泰-敦南,2024-02-19,8888
8936,國統,704,541,163,國泰-敦南,2024-02-19,8888
2618,長榮航,439,282,157,國泰-敦南,2024-02-19,8888
00725B,國泰投資級公司債,199,47,152,國泰-敦南,2024-02-19,8888
6274,台燿,483,331,152,國泰-敦南,2024-02-19,8888
00929,復華台灣科技優息,3093,2944,149,國泰-敦南,2024-02-19,8888
2367,燿華,230,81,149,國泰-敦南,2024-02-19,8888
3450,聯鈞,391,248,143,國泰-敦南,2024-02-19,8888
00632R,元大台灣50反1,344,201,143,國泰-敦南,2024-02-19,8888
1316,上曜,477,338,139,國泰-敦南,2024-02-19,8888
1513,中興電,817,678,139,國泰-敦南,2024-02-19,8888
2501,國建,132,6,126,國泰-敦南,2024-02-19,8888
00931B,統一美債20年,326,200,126,國泰-敦南,2024-02-19,8888
00937B,群益ESG投等債20,3216,493,2723,國泰-敦南,2024-02-20,8888
00933B,國泰10Y+金融債,2899,311,2588,國泰-敦南,2024-02-20,8888
00679B,元大美債20年,1660,168,1492,國泰-敦南,2024-02-20,8888
00687B,國泰20年美債,1542,316,1226,國泰-敦南,2024-02-20,8888
00680L,元大美債20正2,1158,176,982,國泰-敦南,2024-02-20,8888
00878,國泰永續高股息,2912,1973,939,國泰-敦南,2024-02-20,8888
00795B,中信美國公債20年,740,8,732,國泰-敦南,2024-02-20,8888
00632R,元大台灣50反1,1021,341,680,國泰-敦南,2024-02-20,8888
00673R,期元大S＆P原油反1,607,32,575,國泰-敦南,2024-02-20,8888
00712,復華富時不動產,848,276,572,國泰-敦南,2024-02-20,8888
4714,永捷,2393,1879,514,國泰-敦南,2024-02-20,8888
3231,緯創,1191,776,415,國泰-敦南,2024-02-20,8888
00688L,國泰20年美債正2,651,256,395,國泰-敦南,2024-02-20,8888
00706L,期元大S＆P日圓正2,360,21,339,國泰-敦南,2024-02-20,8888
00931B,統一美債20年,393,61,332,國泰-敦南,2024-02-20,8888
1806,冠軍,918,585,333,國泰-敦南,2024-02-20,8888
8110,華東,1069,765,304,國泰-敦南,2024-02-20,8888
3041,揚智,2970,2686,284,國泰-敦南,2024-02-20,8888
00913,兆豐台灣晶圓製造,277,20,257,國泰-敦南,2024-02-20,8888
3035,智原,441,210,231,國泰-敦南,2024-02-20,8888
00751B,元大AAA至A公司債,274,46,228,國泰-敦南,2024-02-20,8888
00772B,中信高評級公司債,313,96,217,國泰-敦南,2024-02-20,8888
8011,台通,277,93,184,國泰-敦南,2024-02-20,8888
00753L,中信中國50正2,567,386,181,國泰-敦南,2024-02-20,8888
3437,榮創,371,192,179,國泰-敦南,2024-02-20,8888
00720B,元大投資級公司債,301,123,178,國泰-敦南,2024-02-20,8888
1455,集盛,302,146,156,國泰-敦南,2024-02-20,8888
3312,弘憶股,503,353,150,國泰-敦南,2024-02-20,8888
3221,台嘉碩,167,19,148,國泰-敦南,2024-02-20,8888
4960,誠美材,399,251,148,國泰-敦南,2024-02-20,8888
00725B,國泰投資級公司債,170,24,146,國泰-敦南,2024-02-20,8888
2884,玉山金,280,135,145,國泰-敦南,2024-02-20,8888
3321,同泰,281,136,145,國泰-敦南,2024-02-20,8888
2344,華邦電,367,225,142,國泰-敦南,2024-02-20,8888
2353,宏��,619,477,142,國泰-敦南,2024-02-20,8888
8070,長華*,195,58,137,國泰-敦南,2024-02-20,8888
2371,大同,275,139,136,國泰-敦南,2024-02-20,8888
2888,新光金,302,171,131,國泰-敦南,2024-02-20,8888
3481,群創,932,803,129,國泰-敦南,2024-02-20,8888
6126,信音,507,379,128,國泰-敦南,2024-02-20,8888
00857B,永豐20年美公債,182,57,125,國泰-敦南,2024-02-20,8888
2489,瑞軒,596,472,124,國泰-敦南,2024-02-20,8888
2705,六福,134,9,125,國泰-敦南,2024-02-20,8888
2376,技嘉,553,430,123,國泰-敦南,2024-02-20,8888
8926,台汽電,169,47,122,國泰-敦南,2024-02-20,8888
2405,輔信,1353,1235,118,國泰-敦南,2024-02-20,8888
5351,鈺創,523,406,117,國泰-敦南,2024-02-20,8888
8096,擎亞,401,289,112,國泰-敦南,2024-02-20,8888
5521,工信,293,181,112,國泰-敦南,2024-02-20,8888
6282,康舒,808,696,112,國泰-敦南,2024-02-20,8888
00937B,群益ESG投等債20,6026,467,5559,國泰-敦南,2024-02-21,8888
00878,國泰永續高股息,6648,1217,5431,國泰-敦南,2024-02-21,8888
00712,復華富時不動產,2660,378,2282,國泰-敦南,2024-02-21,8888
00933B,國泰10Y+金融債,3562,1822,1740,國泰-敦南,2024-02-21,8888
00795B,中信美國公債20年,1014,15,999,國泰-敦南,2024-02-21,8888
00679B,元大美債20年,1073,270,803,國泰-敦南,2024-02-21,8888
00680L,元大美債20正2,871,69,802,國泰-敦南,2024-02-21,8888
00687B,國泰20年美債,1002,291,711,國泰-敦南,2024-02-21,8888
2609,陽明,1273,612,661,國泰-敦南,2024-02-21,8888
00891,中信關鍵半導體,750,133,617,國泰-敦南,2024-02-21,8888
2303,聯電,697,117,580,國泰-敦南,2024-02-21,8888
3481,群創,930,364,566,國泰-敦南,2024-02-21,8888
9105,泰金寶-DR,1805,1256,549,國泰-敦南,2024-02-21,8888
3231,緯創,1302,896,406,國泰-敦南,2024-02-21,8888
00919,群益台灣精選高息,2992,2594,398,國泰-敦南,2024-02-21,8888
1316,上曜,2202,1811,391,國泰-敦南,2024-02-21,8888
6282,康舒,758,402,356,國泰-敦南,2024-02-21,8888
00688L,國泰20年美債正2,569,220,349,國泰-敦南,2024-02-21,8888
2515,中工,598,270,328,國泰-敦南,2024-02-21,8888
3047,訊舟,1562,1235,327,國泰-敦南,2024-02-21,8888
2884,玉山金,345,94,251,國泰-敦南,2024-02-21,8888
2312,金寶,632,399,233,國泰-敦南,2024-02-21,8888
3035,智原,669,451,218,國泰-敦南,2024-02-21,8888
2025,千興,330,115,215,國泰-敦南,2024-02-21,8888
00720B,元大投資級公司債,288,94,194,國泰-敦南,2024-02-21,8888
2883,凱基金,310,130,180,國泰-敦南,2024-02-21,8888
3055,蔚華科,1256,1082,174,國泰-敦南,2024-02-21,8888
2460,建通,535,365,170,國泰-敦南,2024-02-21,8888
8110,華東,478,309,169,國泰-敦南,2024-02-21,8888
00751B,元大AAA至A公司債,180,34,146,國泰-敦南,2024-02-21,8888
00772B,中信高評級公司債,334,189,145,國泰-敦南,2024-02-21,8888
2353,宏��,437,301,136,國泰-敦南,2024-02-21,8888
2382,廣達,351,215,136,國泰-敦南,2024-02-21,8888
2885,元大金,194,66,128,國泰-敦南,2024-02-21,8888
00923,群益台ESG低碳50,195,77,118,國泰-敦南,2024-02-21,8888
00931B,統一美債20年,242,124,118,國泰-敦南,2024-02-21,8888
2301,光寶科,160,44,116,國泰-敦南,2024-02-21,8888
00922,國泰台灣領袖50,178,63,115,國泰-敦南,2024-02-21,8888
2409,友達,206,95,111,國泰-敦南,2024-02-21,8888
4306,炎洲,116,6,110,國泰-敦南,2024-02-21,8888
5443,均豪,1092,984,108,國泰-敦南,2024-02-21,8888
00935,野村臺灣新科技50,152,48,104,國泰-敦南,2024-02-21,8888
2352,佳世達,210,107,103,國泰-敦南,2024-02-21,8888
4401,東隆興,102,0,102,國泰-敦南,2024-02-21,8888
6578,達邦蛋白,166,65,101,國泰-敦南,2024-02-21,8888
5604,中連,103,3,100,國泰-敦南,2024-02-21,8888
1465,偉全,102,2,100,國泰-敦南,2024-02-21,8888
1806,冠軍,254,157,97,國泰-敦南,2024-02-21,8888
3374,精材,144,48,96,國泰-敦南,2024-02-21,8888
5381,合正,391,299,92,國泰-敦南,2024-02-21,8888
00937B,群益ESG投等債20,3795,461,3334,國泰-敦南,2024-02-22,8888
00933B,國泰10Y+金融債,3047,426,2621,國泰-敦南,2024-02-22,8888
00878,國泰永續高股息,3781,1578,2203,國泰-敦南,2024-02-22,8888
00687B,國泰20年美債,2137,436,1701,國泰-敦南,2024-02-22,8888
00795B,中信美國公債20年,1174,12,1162,國泰-敦南,2024-02-22,8888
00712,復華富時不動產,1059,307,752,國泰-敦南,2024-02-22,8888
2329,華泰,4511,3766,745,國泰-敦南,2024-02-22,8888
3231,緯創,1799,1095,704,國泰-敦南,2024-02-22,8888
00679B,元大美債20年,1000,304,696,國泰-敦南,2024-02-22,8888
9105,泰金寶-DR,988,452,536,國泰-敦南,2024-02-22,8888
00934,中信成長高股息,1062,665,397,國泰-敦南,2024-02-22,8888
00673R,期元大S＆P原油反1,409,36,373,國泰-敦南,2024-02-22,8888
3047,訊舟,676,327,349,國泰-敦南,2024-02-22,8888
2884,玉山金,487,144,343,國泰-敦南,2024-02-22,8888
1316,上曜,1029,697,332,國泰-敦南,2024-02-22,8888
00931B,統一美債20年,447,117,330,國泰-敦南,2024-02-22,8888
2489,瑞軒,1487,1183,304,國泰-敦南,2024-02-22,8888
2356,英業達,1163,870,293,國泰-敦南,2024-02-22,8888
2610,華航,421,153,268,國泰-敦南,2024-02-22,8888
00665L,富邦�琤肭磪囓�2,945,686,259,國泰-敦南,2024-02-22,8888
00720B,元大投資級公司債,279,34,245,國泰-敦南,2024-02-22,8888
00751B,元大AAA至A公司債,297,56,241,國泰-敦南,2024-02-22,8888
3234,光環,281,52,229,國泰-敦南,2024-02-22,8888
00706L,期元大S＆P日圓正2,275,47,228,國泰-敦南,2024-02-22,8888
2303,聯電,390,166,224,國泰-敦南,2024-02-22,8888
00923,群益台ESG低碳50,414,191,223,國泰-敦南,2024-02-22,8888
6126,信音,945,723,222,國泰-敦南,2024-02-22,8888
2421,建準,570,377,193,國泰-敦南,2024-02-22,8888
00650L,復華香港正2,359,168,191,國泰-敦南,2024-02-22,8888
2618,長榮航,382,192,190,國泰-敦南,2024-02-22,8888
2371,大同,863,679,184,國泰-敦南,2024-02-22,8888
1514,亞力,712,531,181,國泰-敦南,2024-02-22,8888
00857B,永豐20年美公債,199,20,179,國泰-敦南,2024-02-22,8888
00686R,群益臺灣加權反1,177,0,177,國泰-敦南,2024-02-22,8888
8011,台通,234,58,176,國泰-敦南,2024-02-22,8888
2376,技嘉,669,495,174,國泰-敦南,2024-02-22,8888
3221,台嘉碩,577,418,159,國泰-敦南,2024-02-22,8888
8110,華東,318,163,155,國泰-敦南,2024-02-22,8888
2353,宏��,717,563,154,國泰-敦南,2024-02-22,8888
4534,慶騰,186,40,146,國泰-敦南,2024-02-22,8888
00752,中信中國50,162,20,142,國泰-敦南,2024-02-22,8888
00764B,群益25年美債,148,9,139,國泰-敦南,2024-02-22,8888
00772B,中信高評級公司債,293,157,136,國泰-敦南,2024-02-22,8888
2867,三商壽,146,12,134,國泰-敦南,2024-02-22,8888
2367,燿華,664,536,128,國泰-敦南,2024-02-22,8888
2486,一詮,168,43,125,國泰-敦南,2024-02-22,8888
3481,群創,588,464,124,國泰-敦南,2024-02-22,8888
8936,國統,474,355,119,國泰-敦南,2024-02-22,8888
4960,誠美材,183,65,118,國泰-敦南,2024-02-22,8888
5381,合正,433,320,113,國泰-敦南,2024-02-22,8888
00878,國泰永續高股息,6298,2802,3496,國泰-敦南,2024-02-23,8888
00937B,群益ESG投等債20,3855,814,3041,國泰-敦南,2024-02-23,8888
00919,群益台灣精選高息,5247,3003,2244,國泰-敦南,2024-02-23,8888
00933B,國泰10Y+金融債,2371,348,2023,國泰-敦南,2024-02-23,8888
00687B,國泰20年美債,1427,356,1071,國泰-敦南,2024-02-23,8888
00795B,中信美國公債20年,967,30,937,國泰-敦南,2024-02-23,8888
00679B,元大美債20年,1032,156,876,國泰-敦南,2024-02-23,8888
3231,緯創,1828,1037,791,國泰-敦南,2024-02-23,8888
2610,華航,888,199,689,國泰-敦南,2024-02-23,8888
00712,復華富時不動產,923,247,676,國泰-敦南,2024-02-23,8888
2884,玉山金,732,106,626,國泰-敦南,2024-02-23,8888
2303,聯電,780,186,594,國泰-敦南,2024-02-23,8888
2329,華泰,4613,4019,594,國泰-敦南,2024-02-23,8888
2353,宏��,872,461,411,國泰-敦南,2024-02-23,8888
2618,長榮航,662,279,383,國泰-敦南,2024-02-23,8888
00753L,中信中國50正2,761,428,333,國泰-敦南,2024-02-23,8888
00688L,國泰20年美債正2,500,175,325,國泰-敦南,2024-02-23,8888
8064,東捷,1312,988,324,國泰-敦南,2024-02-23,8888
2313,華通,2724,2410,314,國泰-敦南,2024-02-23,8888
2609,陽明,665,432,233,國泰-敦南,2024-02-23,8888
6189,豐藝,513,282,231,國泰-敦南,2024-02-23,8888
00918,大華優利高填息30,547,321,226,國泰-敦南,2024-02-23,8888
2888,新光金,349,133,216,國泰-敦南,2024-02-23,8888
1316,上曜,1624,1409,215,國泰-敦南,2024-02-23,8888
3715,定穎投控,461,249,212,國泰-敦南,2024-02-23,8888
00673R,期元大S＆P原油反1,208,9,199,國泰-敦南,2024-02-23,8888
00751B,元大AAA至A公司債,250,58,192,國泰-敦南,2024-02-23,8888
00706L,期元大S＆P日圓正2,190,7,183,國泰-敦南,2024-02-23,8888
2515,中工,305,132,173,國泰-敦南,2024-02-23,8888
00935,野村臺灣新科技50,328,165,163,國泰-敦南,2024-02-23,8888
8059,凱碩,516,355,161,國泰-敦南,2024-02-23,8888
2887,台新金,254,94,160,國泰-敦南,2024-02-23,8888
00650L,復華香港正2,484,325,159,國泰-敦南,2024-02-23,8888
2882,國泰金,270,117,153,國泰-敦南,2024-02-23,8888
6282,康舒,264,121,143,國泰-敦南,2024-02-23,8888
2421,建準,552,416,136,國泰-敦南,2024-02-23,8888
1303,南亞,149,18,131,國泰-敦南,2024-02-23,8888
6442,光聖,557,426,131,國泰-敦南,2024-02-23,8888
2002,中鋼,235,118,117,國泰-敦南,2024-02-23,8888
3017,奇鋐,254,140,114,國泰-敦南,2024-02-23,8888
3041,揚智,678,565,113,國泰-敦南,2024-02-23,8888
3081,聯亞,334,221,113,國泰-敦南,2024-02-23,8888
3013,晟銘電,243,137,106,國泰-敦南,2024-02-23,8888
6443,元晶,117,10,107,國泰-敦南,2024-02-23,8888
1536,和大,160,56,104,國泰-敦南,2024-02-23,8888
00907,永豐優息存股,243,140,103,國泰-敦南,2024-02-23,8888
3025,星通,821,718,103,國泰-敦南,2024-02-23,8888
4306,炎洲,118,16,102,國泰-敦南,2024-02-23,8888
2101,南港,116,23,93,國泰-敦南,2024-02-23,8888
2528,皇普,94,3,91,國泰-敦南,2024-02-23,8888
00878,國泰永續高股息,10844,2510,8334,國泰-敦南,2024-02-26,8888
00937B,群益ESG投等債20,4951,2191,2760,國泰-敦南,2024-02-26,8888
00933B,國泰10Y+金融債,4077,1871,2206,國泰-敦南,2024-02-26,8888
00919,群益台灣精選高息,3072,1732,1340,國泰-敦南,2024-02-26,8888
00712,復華富時不動產,1105,358,747,國泰-敦南,2024-02-26,8888
00795B,中信美國公債20年,675,116,559,國泰-敦南,2024-02-26,8888
2884,玉山金,666,167,499,國泰-敦南,2024-02-26,8888
00931B,統一美債20年,747,270,477,國泰-敦南,2024-02-26,8888
00891,中信關鍵半導體,744,292,452,國泰-敦南,2024-02-26,8888
00715L,期街口布蘭特正2,549,117,432,國泰-敦南,2024-02-26,8888
2303,聯電,538,227,311,國泰-敦南,2024-02-26,8888
1514,亞力,2545,2242,303,國泰-敦南,2024-02-26,8888
00935,野村臺灣新科技50,398,99,299,國泰-敦南,2024-02-26,8888
2329,華泰,1272,1015,257,國泰-敦南,2024-02-26,8888
2609,陽明,473,223,250,國泰-敦南,2024-02-26,8888
00687B,國泰20年美債,1482,1244,238,國泰-敦南,2024-02-26,8888
3481,群創,693,455,238,國泰-敦南,2024-02-26,8888
00650L,復華香港正2,341,104,237,國泰-敦南,2024-02-26,8888
00679B,元大美債20年,1227,998,229,國泰-敦南,2024-02-26,8888
4908,前鼎,1242,1013,229,國泰-敦南,2024-02-26,8888
4526,東台,473,257,216,國泰-敦南,2024-02-26,8888
00632R,元大台灣50反1,457,262,195,國泰-敦南,2024-02-26,8888
00885,富邦越南,355,161,194,國泰-敦南,2024-02-26,8888
2460,建通,316,139,177,國泰-敦南,2024-02-26,8888
9904,寶成,190,20,170,國泰-敦南,2024-02-26,8888
1609,大亞,565,395,170,國泰-敦南,2024-02-26,8888
1503,士電,1454,1286,168,國泰-敦南,2024-02-26,8888
9105,泰金寶-DR,383,228,155,國泰-敦南,2024-02-26,8888
3231,緯創,858,705,153,國泰-敦南,2024-02-26,8888
2887,台新金,216,78,138,國泰-敦南,2024-02-26,8888
6274,台燿,463,325,138,國泰-敦南,2024-02-26,8888
8011,台通,168,30,138,國泰-敦南,2024-02-26,8888
1815,富喬,344,222,122,國泰-敦南,2024-02-26,8888
2301,光寶科,151,29,122,國泰-敦南,2024-02-26,8888
00753L,中信中國50正2,811,691,120,國泰-敦南,2024-02-26,8888
2002,中鋼,246,138,108,國泰-敦南,2024-02-26,8888
2405,輔信,1545,1440,105,國泰-敦南,2024-02-26,8888
2409,友達,226,121,105,國泰-敦南,2024-02-26,8888
2449,京元電子,336,235,101,國泰-敦南,2024-02-26,8888
3033,威健,163,61,102,國泰-敦南,2024-02-26,8888
2882,國泰金,212,113,99,國泰-敦南,2024-02-26,8888
5381,合正,303,205,98,國泰-敦南,2024-02-26,8888
3312,弘憶股,363,267,96,國泰-敦南,2024-02-26,8888
2313,華通,572,479,93,國泰-敦南,2024-02-26,8888
00665L,富邦�琤肭磪囓�2,1029,937,92,國泰-敦南,2024-02-26,8888
2610,華航,221,130,91,國泰-敦南,2024-02-26,8888
6288,聯嘉,175,89,86,國泰-敦南,2024-02-26,8888
3545,敦泰,148,63,85,國泰-敦南,2024-02-26,8888
2495,普安,320,237,83,國泰-敦南,2024-02-26,8888
2369,菱生,311,232,79,國泰-敦南,2024-02-26,8888
00878,國泰永續高股息,12949,2031,10918,國泰-敦南,2024-02-27,8888
00937B,群益ESG投等債20,9582,695,8887,國泰-敦南,2024-02-27,8888
00919,群益台灣精選高息,6000,3423,2577,國泰-敦南,2024-02-27,8888
00933B,國泰10Y+金融債,2882,641,2241,國泰-敦南,2024-02-27,8888
00687B,國泰20年美債,2386,388,1998,國泰-敦南,2024-02-27,8888
00712,復華富時不動產,1370,223,1147,國泰-敦南,2024-02-27,8888
00679B,元大美債20年,1319,446,873,國泰-敦南,2024-02-27,8888
1316,上曜,2859,2155,704,國泰-敦南,2024-02-27,8888
2363,矽統,3259,2588,671,國泰-敦南,2024-02-27,8888
2002,中鋼,625,74,551,國泰-敦南,2024-02-27,8888
3037,欣興,905,435,470,國泰-敦南,2024-02-27,8888
00891,中信關鍵半導體,748,291,457,國泰-敦南,2024-02-27,8888
8096,擎亞,1369,951,418,國泰-敦南,2024-02-27,8888
3231,緯創,1271,887,384,國泰-敦南,2024-02-27,8888
00795B,中信美國公債20年,578,213,365,國泰-敦南,2024-02-27,8888
1711,永光,803,461,342,國泰-敦南,2024-02-27,8888
2888,新光金,502,178,324,國泰-敦南,2024-02-27,8888
6125,廣運,1391,1075,316,國泰-敦南,2024-02-27,8888
00918,大華優利高填息30,573,285,288,國泰-敦南,2024-02-27,8888
3450,聯鈞,675,391,284,國泰-敦南,2024-02-27,8888
2610,華航,433,157,276,國泰-敦南,2024-02-27,8888
00665L,富邦�琤肭磪囓�2,1070,798,272,國泰-敦南,2024-02-27,8888
00751B,元大AAA至A公司債,358,110,248,國泰-敦南,2024-02-27,8888
00923,群益台ESG低碳50,400,161,239,國泰-敦南,2024-02-27,8888
00632R,元大台灣50反1,654,437,217,國泰-敦南,2024-02-27,8888
2382,廣達,392,177,215,國泰-敦南,2024-02-27,8888
6126,信音,825,612,213,國泰-敦南,2024-02-27,8888
2618,長榮航,393,206,187,國泰-敦南,2024-02-27,8888
6113,亞矽,575,403,172,國泰-敦南,2024-02-27,8888
6770,力積電,199,46,153,國泰-敦南,2024-02-27,8888
00706L,期元大S＆P日圓正2,157,16,141,國泰-敦南,2024-02-27,8888
2609,陽明,425,289,136,國泰-敦南,2024-02-27,8888
1303,南亞,143,14,129,國泰-敦南,2024-02-27,8888
2408,南亞科,186,64,122,國泰-敦南,2024-02-27,8888
8936,國統,402,283,119,國泰-敦南,2024-02-27,8888
3521,鴻翊,117,0,117,國泰-敦南,2024-02-27,8888
00922,國泰台灣領袖50,288,174,114,國泰-敦南,2024-02-27,8888
2027,大成鋼,133,27,106,國泰-敦南,2024-02-27,8888
2438,翔耀,118,13,105,國泰-敦南,2024-02-27,8888
00927,群益半導體收益,200,96,104,國泰-敦南,2024-02-27,8888
3163,波若威,719,616,103,國泰-敦南,2024-02-27,8888
4979,華星光,352,252,100,國泰-敦南,2024-02-27,8888
6789,采鈺,148,48,100,國泰-敦南,2024-02-27,8888
3712,永崴投控,250,151,99,國泰-敦南,2024-02-27,8888
2301,光寶科,308,210,98,國泰-敦南,2024-02-27,8888
1409,新纖,121,26,95,國泰-敦南,2024-02-27,8888
2504,國產,126,32,94,國泰-敦南,2024-02-27,8888
00915,凱基優選高股息30,208,115,93,國泰-敦南,2024-02-27,8888
00690,兆豐藍籌30,104,12,92,國泰-敦南,2024-02-27,8888
9105,泰金寶-DR,601,509,92,國泰-敦南,2024-02-27,8888
00937B,群益ESG投等債20,7180,572,6608,國泰-敦南,2024-02-29,8888
00687B,國泰20年美債,2438,186,2252,國泰-敦南,2024-02-29,8888
00919,群益台灣精選高息,3370,1536,1834,國泰-敦南,2024-02-29,8888
00929,復華台灣科技優息,3524,2466,1058,國泰-敦南,2024-02-29,8888
00878,國泰永續高股息,2709,1801,908,國泰-敦南,2024-02-29,8888
00679B,元大美債20年,1042,220,822,國泰-敦南,2024-02-29,8888
00933B,國泰10Y+金融債,1608,806,802,國泰-敦南,2024-02-29,8888
00712,復華富時不動產,1176,462,714,國泰-敦南,2024-02-29,8888
00673R,期元大S＆P原油反1,701,107,594,國泰-敦南,2024-02-29,8888
6023,元大期,612,26,586,國泰-敦南,2024-02-29,8888
00680L,元大美債20正2,561,149,412,國泰-敦南,2024-02-29,8888
00795B,中信美國公債20年,456,131,325,國泰-敦南,2024-02-29,8888
00665L,富邦�琤肭磪囓�2,1680,1371,309,國泰-敦南,2024-02-29,8888
2002,中鋼,419,115,304,國泰-敦南,2024-02-29,8888
00757,統一FANG+,327,30,297,國泰-敦南,2024-02-29,8888
1101,台泥,390,122,268,國泰-敦南,2024-02-29,8888
2329,華泰,1329,1135,194,國泰-敦南,2024-02-29,8888
2605,新興,458,267,191,國泰-敦南,2024-02-29,8888
5452,佶優,510,344,166,國泰-敦南,2024-02-29,8888
2382,廣達,245,84,161,國泰-敦南,2024-02-29,8888
2353,宏��,498,339,159,國泰-敦南,2024-02-29,8888
1524,耿鼎,577,437,140,國泰-敦南,2024-02-29,8888
2324,仁寶,425,286,139,國泰-敦南,2024-02-29,8888
2511,太子,136,2,134,國泰-敦南,2024-02-29,8888
1815,富喬,1086,954,132,國泰-敦南,2024-02-29,8888
2485,兆赫,145,13,132,國泰-敦南,2024-02-29,8888
6288,聯嘉,683,557,126,國泰-敦南,2024-02-29,8888
6165,浪凡,183,58,125,國泰-敦南,2024-02-29,8888
00857B,永豐20年美公債,139,14,125,國泰-敦南,2024-02-29,8888
00859B,群益0-1年美債,117,1,116,國泰-敦南,2024-02-29,8888
00751B,元大AAA至A公司債,311,205,106,國泰-敦南,2024-02-29,8888
2888,新光金,264,160,104,國泰-敦南,2024-02-29,8888
00706L,期元大S＆P日圓正2,234,131,103,國泰-敦南,2024-02-29,8888
3715,定穎投控,233,133,100,國泰-敦南,2024-02-29,8888
4540,全球傳動,116,16,100,國泰-敦南,2024-02-29,8888
2330,台積電,158,62,96,國泰-敦南,2024-02-29,8888
2530,華建,103,7,96,國泰-敦南,2024-02-29,8888
4513,福裕,182,88,94,國泰-敦南,2024-02-29,8888
00725B,國泰投資級公司債,124,31,93,國泰-敦南,2024-02-29,8888
2303,聯電,438,346,92,國泰-敦南,2024-02-29,8888
2369,菱生,326,235,91,國泰-敦南,2024-02-29,8888
1312,國喬,93,2,91,國泰-敦南,2024-02-29,8888
3390,旭軟,454,363,91,國泰-敦南,2024-02-29,8888
8215,明基材,90,3,87,國泰-敦南,2024-02-29,8888
1785,光洋科,125,37,88,國泰-敦南,2024-02-29,8888
00664R,國泰臺灣加權反1,126,40,86,國泰-敦南,2024-02-29,8888
8059,凱碩,189,104,85,國泰-敦南,2024-02-29,8888
8926,台汽電,506,422,84,國泰-敦南,2024-02-29,8888
1314,中石化,98,14,84,國泰-敦南,2024-02-29,8888
3005,神基,249,166,83,國泰-敦南,2024-02-29,8888
00919,群益台灣精選高息,13449,2174,11275,國泰-敦南,2024-03-01,8888
00937B,群益ESG投等債20,5582,561,5021,國泰-敦南,2024-03-01,8888
00918,大華優利高填息30,2433,544,1889,國泰-敦南,2024-03-01,8888
1316,上曜,3770,2660,1110,國泰-敦南,2024-03-01,8888
00712,復華富時不動產,2205,1389,816,國泰-敦南,2024-03-01,8888
2002,中鋼,703,176,527,國泰-敦南,2024-03-01,8888
00687B,國泰20年美債,1135,653,482,國泰-敦南,2024-03-01,8888
1513,中興電,2076,1635,441,國泰-敦南,2024-03-01,8888
00933B,國泰10Y+金融債,1313,886,427,國泰-敦南,2024-03-01,8888
4303,信立,828,469,359,國泰-敦南,2024-03-01,8888
2303,聯電,577,231,346,國泰-敦南,2024-03-01,8888
00751B,元大AAA至A公司債,365,45,320,國泰-敦南,2024-03-01,8888
00673R,期元大S＆P原油反1,366,61,305,國泰-敦南,2024-03-01,8888
2409,友達,363,59,304,國泰-敦南,2024-03-01,8888
2609,陽明,600,318,282,國泰-敦南,2024-03-01,8888
2618,長榮航,458,184,274,國泰-敦南,2024-03-01,8888
3605,宏致,436,175,261,國泰-敦南,2024-03-01,8888
00922,國泰台灣領袖50,386,132,254,國泰-敦南,2024-03-01,8888
00665L,富邦�琤肭磪囓�2,2450,2198,252,國泰-敦南,2024-03-01,8888
00706L,期元大S＆P日圓正2,282,31,251,國泰-敦南,2024-03-01,8888
8085,福華,769,526,243,國泰-敦南,2024-03-01,8888
00929,復華台灣科技優息,3620,3386,234,國泰-敦南,2024-03-01,8888
00720B,元大投資級公司債,268,45,223,國泰-敦南,2024-03-01,8888
2888,新光金,348,139,209,國泰-敦南,2024-03-01,8888
2610,華航,278,72,206,國泰-敦南,2024-03-01,8888
3036,文曄,518,312,206,國泰-敦南,2024-03-01,8888
6288,聯嘉,630,439,191,國泰-敦南,2024-03-01,8888
2399,映泰,720,537,183,國泰-敦南,2024-03-01,8888
2329,華泰,879,697,182,國泰-敦南,2024-03-01,8888
1101,台泥,235,63,172,國泰-敦南,2024-03-01,8888
1815,富喬,562,407,155,國泰-敦南,2024-03-01,8888
3360,尚立,695,544,151,國泰-敦南,2024-03-01,8888
00651R,復華香港反1,150,0,150,國泰-敦南,2024-03-01,8888
2355,敬鵬,251,109,142,國泰-敦南,2024-03-01,8888
4909,新復興,938,801,137,國泰-敦南,2024-03-01,8888
2317,鴻海,177,41,136,國泰-敦南,2024-03-01,8888
6125,廣運,1800,1665,135,國泰-敦南,2024-03-01,8888
1303,南亞,135,1,134,國泰-敦南,2024-03-01,8888
8936,國統,403,272,131,國泰-敦南,2024-03-01,8888
2408,南亞科,192,65,127,國泰-敦南,2024-03-01,8888
3055,蔚華科,687,564,123,國泰-敦南,2024-03-01,8888
4960,誠美材,132,13,119,國泰-敦南,2024-03-01,8888
00650L,復華香港正2,429,313,116,國泰-敦南,2024-03-01,8888
2034,允強,116,1,115,國泰-敦南,2024-03-01,8888
8926,台汽電,262,148,114,國泰-敦南,2024-03-01,8888
1727,中華化,158,47,111,國泰-敦南,2024-03-01,8888
6127,九豪,231,122,109,國泰-敦南,2024-03-01,8888
3041,揚智,303,195,108,國泰-敦南,2024-03-01,8888
00632R,元大台灣50反1,238,131,107,國泰-敦南,2024-03-01,8888
2637,慧洋-KY,142,39,103,國泰-敦南,2024-03-01,8888
00937B,群益ESG投等債20,5885,1037,4848,國泰-敦南,2024-03-04,8888
00919,群益台灣精選高息,7332,2734,4598,國泰-敦南,2024-03-04,8888
00918,大華優利高填息30,2565,367,2198,國泰-敦南,2024-03-04,8888
00687B,國泰20年美債,1751,846,905,國泰-敦南,2024-03-04,8888
2002,中鋼,841,208,633,國泰-敦南,2024-03-04,8888
00665L,富邦�琤肭磪囓�2,1930,1313,617,國泰-敦南,2024-03-04,8888
00915,凱基優選高股息30,764,264,500,國泰-敦南,2024-03-04,8888
2888,新光金,670,186,484,國泰-敦南,2024-03-04,8888
1316,上曜,1464,1021,443,國泰-敦南,2024-03-04,8888
00673R,期元大S＆P原油反1,813,383,430,國泰-敦南,2024-03-04,8888
00679B,元大美債20年,905,481,424,國泰-敦南,2024-03-04,8888
00857B,永豐20年美公債,438,64,374,國泰-敦南,2024-03-04,8888
1513,中興電,1324,1014,310,國泰-敦南,2024-03-04,8888
3005,神基,594,339,255,國泰-敦南,2024-03-04,8888
00907,永豐優息存股,373,133,240,國泰-敦南,2024-03-04,8888
3231,緯創,1035,813,222,國泰-敦南,2024-03-04,8888
00933B,國泰10Y+金融債,1984,1773,211,國泰-敦南,2024-03-04,8888
6139,亞翔,498,293,205,國泰-敦南,2024-03-04,8888
2610,華航,361,174,187,國泰-敦南,2024-03-04,8888
4968,立積,439,254,185,國泰-敦南,2024-03-04,8888
1514,亞力,1463,1279,184,國泰-敦南,2024-03-04,8888
00664R,國泰臺灣加權反1,279,112,167,國泰-敦南,2024-03-04,8888
1301,台塑,172,11,161,國泰-敦南,2024-03-04,8888
1609,大亞,282,126,156,國泰-敦南,2024-03-04,8888
3006,晶豪科,718,579,139,國泰-敦南,2024-03-04,8888
2206,三陽工業,336,199,137,國泰-敦南,2024-03-04,8888
2014,中鴻,182,45,137,國泰-敦南,2024-03-04,8888
1314,中石化,190,58,132,國泰-敦南,2024-03-04,8888
1434,福懋,149,21,128,國泰-敦南,2024-03-04,8888
2609,陽明,623,501,122,國泰-敦南,2024-03-04,8888
2615,萬海,165,47,118,國泰-敦南,2024-03-04,8888
2892,第一金,201,84,117,國泰-敦南,2024-03-04,8888
2543,皇昌,220,109,111,國泰-敦南,2024-03-04,8888
3322,建舜電,295,189,106,國泰-敦南,2024-03-04,8888
2421,建準,335,235,100,國泰-敦南,2024-03-04,8888
8072,陞泰,135,37,98,國泰-敦南,2024-03-04,8888
2371,大同,1078,979,99,國泰-敦南,2024-03-04,8888
8936,國統,354,258,96,國泰-敦南,2024-03-04,8888
00661,元大日經225,94,0,94,國泰-敦南,2024-03-04,8888
1522,堤維西,228,136,92,國泰-敦南,2024-03-04,8888
2486,一詮,234,144,90,國泰-敦南,2024-03-04,8888
2882,國泰金,235,148,87,國泰-敦南,2024-03-04,8888
8064,東捷,276,192,84,國泰-敦南,2024-03-04,8888
2636,台驊控股,92,9,83,國泰-敦南,2024-03-04,8888
6120,達運,140,59,81,國泰-敦南,2024-03-04,8888
00757,統一FANG+,175,94,81,國泰-敦南,2024-03-04,8888
2834,臺企銀,158,77,81,國泰-敦南,2024-03-04,8888
3521,鴻翊,100,20,80,國泰-敦南,2024-03-04,8888
3356,奇偶,279,200,79,國泰-敦南,2024-03-04,8888
9105,泰金寶-DR,375,296,79,國泰-敦南,2024-03-04,8888
00919,群益台灣精選高息,7409,2315,5094,國泰-敦南,2024-03-05,8888
00937B,群益ESG投等債20,5287,630,4657,國泰-敦南,2024-03-05,8888
00712,復華富時不動產,2509,590,1919,國泰-敦南,2024-03-05,8888
00687B,國泰20年美債,1955,243,1712,國泰-敦南,2024-03-05,8888
00665L,富邦�琤肭磪囓�2,2821,1531,1290,國泰-敦南,2024-03-05,8888
00915,凱基優選高股息30,1190,180,1010,國泰-敦南,2024-03-05,8888
4906,正文,2201,1479,722,國泰-敦南,2024-03-05,8888
2367,燿華,3386,2727,659,國泰-敦南,2024-03-05,8888
00933B,國泰10Y+金融債,1514,928,586,國泰-敦南,2024-03-05,8888
00918,大華優利高填息30,1364,782,582,國泰-敦南,2024-03-05,8888
00680L,元大美債20正2,724,180,544,國泰-敦南,2024-03-05,8888
1409,新纖,974,477,497,國泰-敦南,2024-03-05,8888
00650L,復華香港正2,588,171,417,國泰-敦南,2024-03-05,8888
2888,新光金,719,326,393,國泰-敦南,2024-03-05,8888
2324,仁寶,986,609,377,國泰-敦南,2024-03-05,8888
00857B,永豐20年美公債,354,23,331,國泰-敦南,2024-03-05,8888
3372,典範,1224,895,329,國泰-敦南,2024-03-05,8888
2002,中鋼,593,294,299,國泰-敦南,2024-03-05,8888
00679B,元大美債20年,588,309,279,國泰-敦南,2024-03-05,8888
9105,泰金寶-DR,372,113,259,國泰-敦南,2024-03-05,8888
2303,聯電,406,161,245,國泰-敦南,2024-03-05,8888
3481,群創,849,608,241,國泰-敦南,2024-03-05,8888
5488,松普,560,335,225,國泰-敦南,2024-03-05,8888
8054,安國,422,199,223,國泰-敦南,2024-03-05,8888
2329,華泰,701,485,216,國泰-敦南,2024-03-05,8888
00688L,國泰20年美債正2,409,193,216,國泰-敦南,2024-03-05,8888
2355,敬鵬,334,130,204,國泰-敦南,2024-03-05,8888
00935,野村臺灣新科技50,334,159,175,國泰-敦南,2024-03-05,8888
2845,遠東銀,257,87,170,國泰-敦南,2024-03-05,8888
2409,友達,526,357,169,國泰-敦南,2024-03-05,8888
1303,南亞,181,13,168,國泰-敦南,2024-03-05,8888
00632R,元大台灣50反1,1019,853,166,國泰-敦南,2024-03-05,8888
2880,華南金,210,52,158,國泰-敦南,2024-03-05,8888
2903,遠百,163,7,156,國泰-敦南,2024-03-05,8888
1301,台塑,181,38,143,國泰-敦南,2024-03-05,8888
2892,第一金,176,36,140,國泰-敦南,2024-03-05,8888
8096,擎亞,333,194,139,國泰-敦南,2024-03-05,8888
00757,統一FANG+,166,34,132,國泰-敦南,2024-03-05,8888
5880,合庫金,233,109,124,國泰-敦南,2024-03-05,8888
1326,台化,126,12,114,國泰-敦南,2024-03-05,8888
9907,統一實,121,11,110,國泰-敦南,2024-03-05,8888
00795B,中信美國公債20年,168,58,110,國泰-敦南,2024-03-05,8888
2606,裕民,243,133,110,國泰-敦南,2024-03-05,8888
00922,國泰台灣領袖50,212,103,109,國泰-敦南,2024-03-05,8888
2405,輔信,250,143,107,國泰-敦南,2024-03-05,8888
2371,大同,703,599,104,國泰-敦南,2024-03-05,8888
6806,森崴能源,410,306,104,國泰-敦南,2024-03-05,8888
00662,富邦NASDAQ,109,5,104,國泰-敦南,2024-03-05,8888
1503,士電,712,610,102,國泰-敦南,2024-03-05,8888
00934,中信成長高股息,359,259,100,國泰-敦南,2024-03-05,8888
00919,群益台灣精選高息,8515,3197,5318,國泰-敦南,2024-03-06,8888
00937B,群益ESG投等債20,4469,1219,3250,國泰-敦南,2024-03-06,8888
00918,大華優利高填息30,2910,494,2416,國泰-敦南,2024-03-06,8888
00915,凱基優選高股息30,1041,213,828,國泰-敦南,2024-03-06,8888
00687B,國泰20年美債,1798,1026,772,國泰-敦南,2024-03-06,8888
2845,遠東銀,1325,589,736,國泰-敦南,2024-03-06,8888
8011,台通,1718,1202,516,國泰-敦南,2024-03-06,8888
3481,群創,1005,492,513,國泰-敦南,2024-03-06,8888
2002,中鋼,582,143,439,國泰-敦南,2024-03-06,8888
2610,華航,568,137,431,國泰-敦南,2024-03-06,8888
3231,緯創,972,540,432,國泰-敦南,2024-03-06,8888
00753L,中信中國50正2,854,441,413,國泰-敦南,2024-03-06,8888
00632R,元大台灣50反1,1091,715,376,國泰-敦南,2024-03-06,8888
1316,上曜,2515,2157,358,國泰-敦南,2024-03-06,8888
2515,中工,831,474,357,國泰-敦南,2024-03-06,8888
00757,統一FANG+,372,30,342,國泰-敦南,2024-03-06,8888
00935,野村臺灣新科技50,455,128,327,國泰-敦南,2024-03-06,8888
00907,永豐優息存股,371,45,326,國泰-敦南,2024-03-06,8888
2609,陽明,592,276,316,國泰-敦南,2024-03-06,8888
2882,國泰金,388,89,299,國泰-敦南,2024-03-06,8888
00712,復華富時不動產,916,629,287,國泰-敦南,2024-03-06,8888
00933B,國泰10Y+金融債,966,703,263,國泰-敦南,2024-03-06,8888
2352,佳世達,581,328,253,國泰-敦南,2024-03-06,8888
2516,新建,279,47,232,國泰-敦南,2024-03-06,8888
5521,工信,923,693,230,國泰-敦南,2024-03-06,8888
00715L,期街口布蘭特正2,273,65,208,國泰-敦南,2024-03-06,8888
9907,統一實,222,14,208,國泰-敦南,2024-03-06,8888
5388,中磊,337,132,205,國泰-敦南,2024-03-06,8888
5498,凱崴,573,370,203,國泰-敦南,2024-03-06,8888
9105,泰金寶-DR,368,177,191,國泰-敦南,2024-03-06,8888
3013,晟銘電,2631,2462,169,國泰-敦南,2024-03-06,8888
00830,國泰費城半導體,204,37,167,國泰-敦南,2024-03-06,8888
2603,長榮,395,231,164,國泰-敦南,2024-03-06,8888
4714,永捷,191,31,160,國泰-敦南,2024-03-06,8888
3037,欣興,202,49,153,國泰-敦南,2024-03-06,8888
00857B,永豐20年美公債,254,104,150,國泰-敦南,2024-03-06,8888
2615,萬海,172,32,140,國泰-敦南,2024-03-06,8888
2460,建通,145,16,129,國泰-敦南,2024-03-06,8888
6117,迎廣,1250,1128,122,國泰-敦南,2024-03-06,8888
4968,立積,296,176,120,國泰-敦南,2024-03-06,8888
8070,長華*,128,14,114,國泰-敦南,2024-03-06,8888
6163,華電網,683,570,113,國泰-敦南,2024-03-06,8888
5426,振發,1002,893,109,國泰-敦南,2024-03-06,8888
6443,元晶,172,64,108,國泰-敦南,2024-03-06,8888
6770,力積電,162,57,105,國泰-敦南,2024-03-06,8888
2408,南亞科,201,96,105,國泰-敦南,2024-03-06,8888
2618,長榮航,221,116,105,國泰-敦南,2024-03-06,8888
2329,華泰,523,422,101,國泰-敦南,2024-03-06,8888
6290,良維,337,239,98,國泰-敦南,2024-03-06,8888
3694,海華,208,111,97,國泰-敦南,2024-03-06,8888
00919,群益台灣精選高息,10219,3703,6516,國泰-敦南,2024-03-07,8888
00937B,群益ESG投等債20,5315,2378,2937,國泰-敦南,2024-03-07,8888
1316,上曜,6309,4735,1574,國泰-敦南,2024-03-07,8888
00918,大華優利高填息30,2276,814,1462,國泰-敦南,2024-03-07,8888
00687B,國泰20年美債,2419,964,1455,國泰-敦南,2024-03-07,8888
00632R,元大台灣50反1,2649,1824,825,國泰-敦南,2024-03-07,8888
1815,富喬,2801,1990,811,國泰-敦南,2024-03-07,8888
2367,燿華,3983,3237,746,國泰-敦南,2024-03-07,8888
3231,緯創,1228,502,726,國泰-敦南,2024-03-07,8888
5521,工信,1844,1182,662,國泰-敦南,2024-03-07,8888
00712,復華富時不動產,1248,729,519,國泰-敦南,2024-03-07,8888
2486,一詮,1226,798,428,國泰-敦南,2024-03-07,8888
2324,仁寶,655,292,363,國泰-敦南,2024-03-07,8888
00679B,元大美債20年,901,606,295,國泰-敦南,2024-03-07,8888
2002,中鋼,556,261,295,國泰-敦南,2024-03-07,8888
3005,神基,775,483,292,國泰-敦南,2024-03-07,8888
00680L,元大美債20正2,631,362,269,國泰-敦南,2024-03-07,8888
00751B,元大AAA至A公司債,348,93,255,國泰-敦南,2024-03-07,8888
5498,凱崴,324,73,251,國泰-敦南,2024-03-07,8888
1471,首利,294,56,238,國泰-敦南,2024-03-07,8888
2421,建準,544,324,220,國泰-敦南,2024-03-07,8888
2313,華通,963,748,215,國泰-敦南,2024-03-07,8888
00637L,元大滬深300正2,411,199,212,國泰-敦南,2024-03-07,8888
2365,昆盈,319,125,194,國泰-敦南,2024-03-07,8888
6125,廣運,1079,887,192,國泰-敦南,2024-03-07,8888
2368,金像電,409,220,189,國泰-敦南,2024-03-07,8888
3325,旭品,701,517,184,國泰-敦南,2024-03-07,8888
1513,中興電,706,524,182,國泰-敦南,2024-03-07,8888
6274,台燿,663,483,180,國泰-敦南,2024-03-07,8888
00935,野村臺灣新科技50,524,345,179,國泰-敦南,2024-03-07,8888
3346,麗清,243,66,177,國泰-敦南,2024-03-07,8888
6116,彩晶,302,129,173,國泰-敦南,2024-03-07,8888
00915,凱基優選高股息30,856,687,169,國泰-敦南,2024-03-07,8888
2356,英業達,424,255,169,國泰-敦南,2024-03-07,8888
3576,聯合再生,207,40,167,國泰-敦南,2024-03-07,8888
3450,聯鈞,454,296,158,國泰-敦南,2024-03-07,8888
2409,友達,395,238,157,國泰-敦南,2024-03-07,8888
5452,佶優,408,257,151,國泰-敦南,2024-03-07,8888
8112,至上,863,716,147,國泰-敦南,2024-03-07,8888
2610,華航,432,290,142,國泰-敦南,2024-03-07,8888
4906,正文,412,272,140,國泰-敦南,2024-03-07,8888
6117,迎廣,610,473,137,國泰-敦南,2024-03-07,8888
1416,廣豐,205,74,131,國泰-敦南,2024-03-07,8888
1609,大亞,460,336,124,國泰-敦南,2024-03-07,8888
3013,晟銘電,1747,1632,115,國泰-敦南,2024-03-07,8888
2467,志聖,338,223,115,國泰-敦南,2024-03-07,8888
5488,松普,444,330,114,國泰-敦南,2024-03-07,8888
2337,旺宏,152,40,112,國泰-敦南,2024-03-07,8888
6257,矽格,170,59,111,國泰-敦南,2024-03-07,8888
8034,榮群,343,233,110,國泰-敦南,2024-03-07,8888
00919,群益台灣精選高息,17414,9174,8240,國泰-敦南,2024-03-08,8888
00937B,群益ESG投等債20,6104,2291,3813,國泰-敦南,2024-03-08,8888
00632R,元大台灣50反1,4336,2532,1804,國泰-敦南,2024-03-08,8888
00918,大華優利高填息30,3533,1749,1784,國泰-敦南,2024-03-08,8888
00687B,國泰20年美債,2099,1018,1081,國泰-敦南,2024-03-08,8888
00915,凱基優選高股息30,1461,743,718,國泰-敦南,2024-03-08,8888
00857B,永豐20年美公債,813,106,707,國泰-敦南,2024-03-08,8888
5498,凱崴,1394,895,499,國泰-敦南,2024-03-08,8888
1815,富喬,1743,1273,470,國泰-敦南,2024-03-08,8888
00676R,富邦臺灣加權反1,462,47,415,國泰-敦南,2024-03-08,8888
00712,復華富時不動產,1128,746,382,國泰-敦南,2024-03-08,8888
00679B,元大美債20年,695,375,320,國泰-敦南,2024-03-08,8888
00795B,中信美國公債20年,448,133,315,國泰-敦南,2024-03-08,8888
2317,鴻海,533,254,279,國泰-敦南,2024-03-08,8888
3021,鴻名,424,159,265,國泰-敦南,2024-03-08,8888
00927,群益半導體收益,556,293,263,國泰-敦南,2024-03-08,8888
2344,華邦電,776,532,244,國泰-敦南,2024-03-08,8888
2449,京元電子,1607,1364,243,國泰-敦南,2024-03-08,8888
00673R,期元大S＆P原油反1,402,162,240,國泰-敦南,2024-03-08,8888
3711,日月光投控,868,640,228,國泰-敦南,2024-03-08,8888
00664R,國泰臺灣加權反1,488,262,226,國泰-敦南,2024-03-08,8888
2603,長榮,1171,948,223,國泰-敦南,2024-03-08,8888
6274,台燿,601,379,222,國泰-敦南,2024-03-08,8888
00935,野村臺灣新科技50,536,325,211,國泰-敦南,2024-03-08,8888
2365,昆盈,525,346,179,國泰-敦南,2024-03-08,8888
9941,裕融,336,161,175,國泰-敦南,2024-03-08,8888
2371,大同,387,212,175,國泰-敦南,2024-03-08,8888
2609,陽明,921,765,156,國泰-敦南,2024-03-08,8888
3163,波若威,667,516,151,國泰-敦南,2024-03-08,8888
2363,矽統,423,273,150,國泰-敦南,2024-03-08,8888
9105,泰金寶-DR,399,251,148,國泰-敦南,2024-03-08,8888
2025,千興,299,151,148,國泰-敦南,2024-03-08,8888
8011,台通,599,458,141,國泰-敦南,2024-03-08,8888
2002,中鋼,418,281,137,國泰-敦南,2024-03-08,8888
1517,利奇,648,518,130,國泰-敦南,2024-03-08,8888
3006,晶豪科,320,195,125,國泰-敦南,2024-03-08,8888
2352,佳世達,254,132,122,國泰-敦南,2024-03-08,8888
1313,聯成,175,56,119,國泰-敦南,2024-03-08,8888
00675L,富邦臺灣加權正2,209,90,119,國泰-敦南,2024-03-08,8888
00922,國泰台灣領袖50,443,325,118,國泰-敦南,2024-03-08,8888
2201,裕隆,197,79,118,國泰-敦南,2024-03-08,8888
00751B,元大AAA至A公司債,278,167,111,國泰-敦南,2024-03-08,8888
2330,台積電,597,488,109,國泰-敦南,2024-03-08,8888
2405,輔信,198,93,105,國泰-敦南,2024-03-08,8888
3710,連展投控,119,16,103,國泰-敦南,2024-03-08,8888
3702,大聯大,407,305,102,國泰-敦南,2024-03-08,8888
1314,中石化,205,104,101,國泰-敦南,2024-03-08,8888
00651R,復華香港反1,100,0,100,國泰-敦南,2024-03-08,8888
00637L,元大滬深300正2,296,196,100,國泰-敦南,2024-03-08,8888
1513,中興電,878,779,99,國泰-敦南,2024-03-08,8888
00919,群益台灣精選高息,12404,5376,7028,國泰-敦南,2024-03-11,8888
00937B,群益ESG投等債20,6343,2068,4275,國泰-敦南,2024-03-11,8888
00918,大華優利高填息30,3182,827,2355,國泰-敦南,2024-03-11,8888
00687B,國泰20年美債,2285,592,1693,國泰-敦南,2024-03-11,8888
00931B,統一美債20年,1657,236,1421,國泰-敦南,2024-03-11,8888
00933B,國泰10Y+金融債,2606,1297,1309,國泰-敦南,2024-03-11,8888
00632R,元大台灣50反1,2176,1104,1072,國泰-敦南,2024-03-11,8888
00915,凱基優選高股息30,1273,315,958,國泰-敦南,2024-03-11,8888
00857B,永豐20年美公債,872,33,839,國泰-敦南,2024-03-11,8888
00680L,元大美債20正2,669,80,589,國泰-敦南,2024-03-11,8888
0055,元大MSCI金融,585,29,556,國泰-敦南,2024-03-11,8888
2834,臺企銀,611,168,443,國泰-敦南,2024-03-11,8888
00706L,期元大S＆P日圓正2,558,114,444,國泰-敦南,2024-03-11,8888
00715L,期街口布蘭特正2,475,36,439,國泰-敦南,2024-03-11,8888
00935,野村臺灣新科技50,585,182,403,國泰-敦南,2024-03-11,8888
2367,燿華,2679,2282,397,國泰-敦南,2024-03-11,8888
00669R,國泰美國道瓊反1,300,8,292,國泰-敦南,2024-03-11,8888
00712,復華富時不動產,1222,957,265,國泰-敦南,2024-03-11,8888
2603,長榮,650,398,252,國泰-敦南,2024-03-11,8888
2330,台積電,526,276,250,國泰-敦南,2024-03-11,8888
00676R,富邦臺灣加權反1,216,0,216,國泰-敦南,2024-03-11,8888
00757,統一FANG+,251,36,215,國泰-敦南,2024-03-11,8888
5498,凱崴,619,439,180,國泰-敦南,2024-03-11,8888
4306,炎洲,204,29,175,國泰-敦南,2024-03-11,8888
2618,長榮航,697,524,173,國泰-敦南,2024-03-11,8888
2371,大同,487,317,170,國泰-敦南,2024-03-11,8888
00679B,元大美債20年,618,450,168,國泰-敦南,2024-03-11,8888
2887,台新金,407,240,167,國泰-敦南,2024-03-11,8888
9917,中保科,205,48,157,國泰-敦南,2024-03-11,8888
2303,聯電,1031,878,153,國泰-敦南,2024-03-11,8888
00929,復華台灣科技優息,4423,4291,132,國泰-敦南,2024-03-11,8888
1101,台泥,247,136,111,國泰-敦南,2024-03-11,8888
2607,榮運,143,40,103,國泰-敦南,2024-03-11,8888
2344,華邦電,318,218,100,國泰-敦南,2024-03-11,8888
9933,中鼎,128,29,99,國泰-敦南,2024-03-11,8888
2820,華票,106,9,97,國泰-敦南,2024-03-11,8888
00830,國泰費城半導體,264,169,95,國泰-敦南,2024-03-11,8888
2301,光寶科,194,101,93,國泰-敦南,2024-03-11,8888
1514,亞力,406,316,90,國泰-敦南,2024-03-11,8888
2449,京元電子,319,230,89,國泰-敦南,2024-03-11,8888
00664R,國泰臺灣加權反1,87,4,83,國泰-敦南,2024-03-11,8888
2363,矽統,264,181,83,國泰-敦南,2024-03-11,8888
2025,千興,155,74,81,國泰-敦南,2024-03-11,8888
3707,漢磊,802,720,82,國泰-敦南,2024-03-11,8888
2352,佳世達,157,77,80,國泰-敦南,2024-03-11,8888
1785,光洋科,99,21,78,國泰-敦南,2024-03-11,8888
6152,百一,75,0,75,國泰-敦南,2024-03-11,8888
1314,中石化,118,43,75,國泰-敦南,2024-03-11,8888
00922,國泰台灣領袖50,392,319,73,國泰-敦南,2024-03-11,8888
6770,力積電,103,34,69,國泰-敦南,2024-03-11,8888
00937B,群益ESG投等債20,5362,3322,2040,國泰-敦南,2024-03-12,8888
00687B,國泰20年美債,2347,759,1588,國泰-敦南,2024-03-12,8888
00706L,期元大S＆P日圓正2,979,49,930,國泰-敦南,2024-03-12,8888
00881,國泰台灣5G+,2368,1447,921,國泰-敦南,2024-03-12,8888
00857B,永豐20年美公債,586,47,539,國泰-敦南,2024-03-12,8888
00679B,元大美債20年,827,364,463,國泰-敦南,2024-03-12,8888
00919,群益台灣精選高息,5263,4868,395,國泰-敦南,2024-03-12,8888
2313,華通,2256,1872,384,國泰-敦南,2024-03-12,8888
2367,燿華,2905,2585,320,國泰-敦南,2024-03-12,8888
00830,國泰費城半導體,268,30,238,國泰-敦南,2024-03-12,8888
2352,佳世達,392,163,229,國泰-敦南,2024-03-12,8888
00751B,元大AAA至A公司債,288,65,223,國泰-敦南,2024-03-12,8888
2371,大同,490,296,194,國泰-敦南,2024-03-12,8888
00669R,國泰美國道瓊反1,203,11,192,國泰-敦南,2024-03-12,8888
1514,亞力,1150,982,168,國泰-敦南,2024-03-12,8888
6116,彩晶,253,88,165,國泰-敦南,2024-03-12,8888
4714,永捷,471,306,165,國泰-敦南,2024-03-12,8888
2376,技嘉,292,156,136,國泰-敦南,2024-03-12,8888
2329,華泰,317,183,134,國泰-敦南,2024-03-12,8888
5498,凱崴,514,390,124,國泰-敦南,2024-03-12,8888
2408,南亞科,169,60,109,國泰-敦南,2024-03-12,8888
2383,台光電,182,76,106,國泰-敦南,2024-03-12,8888
00916,國泰全球品牌50,145,39,106,國泰-敦南,2024-03-12,8888
6120,達運,617,511,106,國泰-敦南,2024-03-12,8888
3312,弘憶股,314,216,98,國泰-敦南,2024-03-12,8888
1416,廣豐,106,10,96,國泰-敦南,2024-03-12,8888
2542,興富發,144,54,90,國泰-敦南,2024-03-12,8888
5426,振發,276,192,84,國泰-敦南,2024-03-12,8888
00915,凱基優選高股息30,720,638,82,國泰-敦南,2024-03-12,8888
00795B,中信美國公債20年,266,189,77,國泰-敦南,2024-03-12,8888
4306,炎洲,121,51,70,國泰-敦南,2024-03-12,8888
3036,文曄,145,76,69,國泰-敦南,2024-03-12,8888
00655L,國泰中國A50正2,90,22,68,國泰-敦南,2024-03-12,8888
8096,擎亞,1374,1307,67,國泰-敦南,2024-03-12,8888
4960,誠美材,91,24,67,國泰-敦南,2024-03-12,8888
1605,華新,102,36,66,國泰-敦南,2024-03-12,8888
2316,楠梓電,127,64,63,國泰-敦南,2024-03-12,8888
2324,仁寶,456,395,61,國泰-敦南,2024-03-12,8888
1608,華榮,273,213,60,國泰-敦南,2024-03-12,8888
2355,敬鵬,123,65,58,國泰-敦南,2024-03-12,8888
2611,志信,103,49,54,國泰-敦南,2024-03-12,8888
2605,新興,99,46,53,國泰-敦南,2024-03-12,8888
2330,台積電,281,229,52,國泰-敦南,2024-03-12,8888
2440,太空梭,56,4,52,國泰-敦南,2024-03-12,8888
6283,淳安,51,0,51,國泰-敦南,2024-03-12,8888
2449,京元電子,270,219,51,國泰-敦南,2024-03-12,8888
8926,台汽電,189,138,51,國泰-敦南,2024-03-12,8888
1301,台塑,65,17,48,國泰-敦南,2024-03-12,8888
3362,先進光,92,44,48,國泰-敦南,2024-03-12,8888
2538,基泰,59,11,48,國泰-敦南,2024-03-12,8888
00919,群益台灣精選高息,16021,6537,9484,國泰-敦南,2024-03-13,8888
00937B,群益ESG投等債20,5234,2371,2863,國泰-敦南,2024-03-13,8888
00918,大華優利高填息30,3693,1011,2682,國泰-敦南,2024-03-13,8888
00687B,國泰20年美債,2954,877,2077,國泰-敦南,2024-03-13,8888
3231,緯創,2380,864,1516,國泰-敦南,2024-03-13,8888
00933B,國泰10Y+金融債,1852,1059,793,國泰-敦南,2024-03-13,8888
2618,長榮航,1355,574,781,國泰-敦南,2024-03-13,8888
00679B,元大美債20年,1412,705,707,國泰-敦南,2024-03-13,8888
00857B,永豐20年美公債,705,42,663,國泰-敦南,2024-03-13,8888
2344,華邦電,738,175,563,國泰-敦南,2024-03-13,8888
2603,長榮,1188,717,471,國泰-敦南,2024-03-13,8888
00680L,元大美債20正2,1412,960,452,國泰-敦南,2024-03-13,8888
8011,台通,2319,1877,442,國泰-敦南,2024-03-13,8888
2365,昆盈,1233,831,402,國泰-敦南,2024-03-13,8888
2867,三商壽,442,45,397,國泰-敦南,2024-03-13,8888
2002,中鋼,593,202,391,國泰-敦南,2024-03-13,8888
00751B,元大AAA至A公司債,543,185,358,國泰-敦南,2024-03-13,8888
00927,群益半導體收益,385,88,297,國泰-敦南,2024-03-13,8888
00935,野村臺灣新科技50,421,159,262,國泰-敦南,2024-03-13,8888
2376,技嘉,662,406,256,國泰-敦南,2024-03-13,8888
2610,華航,442,189,253,國泰-敦南,2024-03-13,8888
1514,亞力,1585,1341,244,國泰-敦南,2024-03-13,8888
00891,中信關鍵半導體,463,224,239,國泰-敦南,2024-03-13,8888
3715,定穎投控,449,211,238,國泰-敦南,2024-03-13,8888
2408,南亞科,380,148,232,國泰-敦南,2024-03-13,8888
6274,台燿,425,199,226,國泰-敦南,2024-03-13,8888
00795B,中信美國公債20年,520,301,219,國泰-敦南,2024-03-13,8888
6026,福邦證,430,239,191,國泰-敦南,2024-03-13,8888
8064,東捷,477,291,186,國泰-敦南,2024-03-13,8888
3071,協禧,529,357,172,國泰-敦南,2024-03-13,8888
6770,力積電,272,104,168,國泰-敦南,2024-03-13,8888
2845,遠東銀,208,46,162,國泰-敦南,2024-03-13,8888
2383,台光電,226,68,158,國泰-敦南,2024-03-13,8888
0056,元大高股息,959,807,152,國泰-敦南,2024-03-13,8888
00637L,元大滬深300正2,339,188,151,國泰-敦南,2024-03-13,8888
1618,合機,539,395,144,國泰-敦南,2024-03-13,8888
00922,國泰台灣領袖50,287,147,140,國泰-敦南,2024-03-13,8888
00904,新光臺灣半導體30,158,19,139,國泰-敦南,2024-03-13,8888
2421,建準,354,216,138,國泰-敦南,2024-03-13,8888
00915,凱基優選高股息30,1142,1006,136,國泰-敦南,2024-03-13,8888
3017,奇鋐,659,524,135,國泰-敦南,2024-03-13,8888
2025,千興,155,21,134,國泰-敦南,2024-03-13,8888
2323,中環,564,431,133,國泰-敦南,2024-03-13,8888
1513,中興電,2356,2224,132,國泰-敦南,2024-03-13,8888
2465,麗臺,191,59,132,國泰-敦南,2024-03-13,8888
1312,國喬,164,37,127,國泰-敦南,2024-03-13,8888
2337,旺宏,162,35,127,國泰-敦南,2024-03-13,8888
2354,鴻準,1354,1227,127,國泰-敦南,2024-03-13,8888
3564,其陽,230,109,121,國泰-敦南,2024-03-13,8888
1303,南亞,139,22,117,國泰-敦南,2024-03-13,8888
00919,群益台灣精選高息,23877,6907,16970,國泰-敦南,2024-03-14,8888
00918,大華優利高填息30,4267,1225,3042,國泰-敦南,2024-03-14,8888
00929,復華台灣科技優息,6353,3334,3019,國泰-敦南,2024-03-14,8888
00937B,群益ESG投等債20,4117,1803,2314,國泰-敦南,2024-03-14,8888
00687B,國泰20年美債,2704,734,1970,國泰-敦南,2024-03-14,8888
00881,國泰台灣5G+,2283,552,1731,國泰-敦南,2024-03-14,8888
00915,凱基優選高股息30,1988,729,1259,國泰-敦南,2024-03-14,8888
00933B,國泰10Y+金融債,1762,655,1107,國泰-敦南,2024-03-14,8888
2834,臺企銀,1674,603,1071,國泰-敦南,2024-03-14,8888
2883,凱基金,3407,2383,1024,國泰-敦南,2024-03-14,8888
2897A,王道銀甲特,1010,3,1007,國泰-敦南,2024-03-14,8888
2618,長榮航,2079,1110,969,國泰-敦南,2024-03-14,8888
00679B,元大美債20年,1169,412,757,國泰-敦南,2024-03-14,8888
00673R,期元大S＆P原油反1,885,130,755,國泰-敦南,2024-03-14,8888
2603,長榮,1346,609,737,國泰-敦南,2024-03-14,8888
6005,群益證,849,290,559,國泰-敦南,2024-03-14,8888
00857B,永豐20年美公債,554,60,494,國泰-敦南,2024-03-14,8888
00665L,富邦�琤肭磪囓�2,1210,741,469,國泰-敦南,2024-03-14,8888
3702,大聯大,579,140,439,國泰-敦南,2024-03-14,8888
00680L,元大美債20正2,749,361,388,國泰-敦南,2024-03-14,8888
00795B,中信美國公債20年,496,116,380,國泰-敦南,2024-03-14,8888
3005,神基,1109,741,368,國泰-敦南,2024-03-14,8888
00753L,中信中國50正2,1101,739,362,國泰-敦南,2024-03-14,8888
1316,上曜,2560,2199,361,國泰-敦南,2024-03-14,8888
00706L,期元大S＆P日圓正2,470,114,356,國泰-敦南,2024-03-14,8888
00688L,國泰20年美債正2,500,178,322,國泰-敦南,2024-03-14,8888
00935,野村臺灣新科技50,401,99,302,國泰-敦南,2024-03-14,8888
00931B,統一美債20年,447,193,254,國泰-敦南,2024-03-14,8888
9945,潤泰新,411,163,248,國泰-敦南,2024-03-14,8888
2354,鴻準,689,455,234,國泰-敦南,2024-03-14,8888
00751B,元大AAA至A公司債,382,154,228,國泰-敦南,2024-03-14,8888
2609,陽明,463,246,217,國泰-敦南,2024-03-14,8888
2889,國票金,1281,1066,215,國泰-敦南,2024-03-14,8888
3017,奇鋐,356,151,205,國泰-敦南,2024-03-14,8888
3231,緯創,838,634,204,國泰-敦南,2024-03-14,8888
6139,亞翔,437,236,201,國泰-敦南,2024-03-14,8888
6217,中探針,242,85,157,國泰-敦南,2024-03-14,8888
2897,王道銀行,311,164,147,國泰-敦南,2024-03-14,8888
00720B,元大投資級公司債,230,105,125,國泰-敦南,2024-03-14,8888
2885,元大金,561,438,123,國泰-敦南,2024-03-14,8888
8011,台通,449,329,120,國泰-敦南,2024-03-14,8888
2363,矽統,325,206,119,國泰-敦南,2024-03-14,8888
2615,萬海,254,136,118,國泰-敦南,2024-03-14,8888
00927,群益半導體收益,413,301,112,國泰-敦南,2024-03-14,8888
00930,永豐ESG低碳高息,151,42,109,國泰-敦南,2024-03-14,8888
9105,泰金寶-DR,227,122,105,國泰-敦南,2024-03-14,8888
00934,中信成長高股息,289,185,104,國泰-敦南,2024-03-14,8888
2382,廣達,319,216,103,國泰-敦南,2024-03-14,8888
1616,億泰,324,226,98,國泰-敦南,2024-03-14,8888
2855,統一證,119,24,95,國泰-敦南,2024-03-14,8888
00919,群益台灣精選高息,17544,4877,12667,國泰-敦南,2024-03-15,8888
00941,中信上游半導體,6682,1973,4709,國泰-敦南,2024-03-15,8888
00687B,國泰20年美債,3807,528,3279,國泰-敦南,2024-03-15,8888
00937B,群益ESG投等債20,4808,1559,3249,國泰-敦南,2024-03-15,8888
00918,大華優利高填息30,2930,1188,1742,國泰-敦南,2024-03-15,8888
00679B,元大美債20年,1522,128,1394,國泰-敦南,2024-03-15,8888
00680L,元大美債20正2,1539,171,1368,國泰-敦南,2024-03-15,8888
00665L,富邦�琤肭磪囓�2,2925,1662,1263,國泰-敦南,2024-03-15,8888
2834,臺企銀,3247,2010,1237,國泰-敦南,2024-03-15,8888
00933B,國泰10Y+金融債,1694,498,1196,國泰-敦南,2024-03-15,8888
00712,復華富時不動產,1705,532,1173,國泰-敦南,2024-03-15,8888
2603,長榮,2050,885,1165,國泰-敦南,2024-03-15,8888
00915,凱基優選高股息30,1578,514,1064,國泰-敦南,2024-03-15,8888
2412,中華電,1012,46,966,國泰-敦南,2024-03-15,8888
2610,華航,728,100,628,國泰-敦南,2024-03-15,8888
2618,長榮航,970,397,573,國泰-敦南,2024-03-15,8888
00688L,國泰20年美債正2,746,240,506,國泰-敦南,2024-03-15,8888
00857B,永豐20年美公債,589,135,454,國泰-敦南,2024-03-15,8888
00795B,中信美國公債20年,695,244,451,國泰-敦南,2024-03-15,8888
00751B,元大AAA至A公司債,425,22,403,國泰-敦南,2024-03-15,8888
00673R,期元大S＆P原油反1,406,41,365,國泰-敦南,2024-03-15,8888
2330,台積電,504,146,358,國泰-敦南,2024-03-15,8888
3005,神基,763,406,357,國泰-敦南,2024-03-15,8888
2356,英業達,578,281,297,國泰-敦南,2024-03-15,8888
1316,上曜,1658,1365,293,國泰-敦南,2024-03-15,8888
00650L,復華香港正2,520,238,282,國泰-敦南,2024-03-15,8888
2002,中鋼,389,132,257,國泰-敦南,2024-03-15,8888
1513,中興電,1221,977,244,國泰-敦南,2024-03-15,8888
00931B,統一美債20年,407,163,244,國泰-敦南,2024-03-15,8888
2615,萬海,477,247,230,國泰-敦南,2024-03-15,8888
6005,群益證,393,168,225,國泰-敦南,2024-03-15,8888
1809,中釉,370,154,216,國泰-敦南,2024-03-15,8888
1303,南亞,229,22,207,國泰-敦南,2024-03-15,8888
4714,永捷,1998,1792,206,國泰-敦南,2024-03-15,8888
2303,聯電,567,377,190,國泰-敦南,2024-03-15,8888
00720B,元大投資級公司債,377,188,189,國泰-敦南,2024-03-15,8888
2609,陽明,963,798,165,國泰-敦南,2024-03-15,8888
2542,興富發,212,49,163,國泰-敦南,2024-03-15,8888
00935,野村臺灣新科技50,269,111,158,國泰-敦南,2024-03-15,8888
3163,波若威,554,402,152,國泰-敦南,2024-03-15,8888
00641R,富邦日本反1,151,0,151,國泰-敦南,2024-03-15,8888
5347,世界,462,314,148,國泰-敦南,2024-03-15,8888
00753L,中信中國50正2,405,262,143,國泰-敦南,2024-03-15,8888
00830,國泰費城半導體,202,59,143,國泰-敦南,2024-03-15,8888
00927,群益半導體收益,219,77,142,國泰-敦南,2024-03-15,8888
2352,佳世達,268,128,140,國泰-敦南,2024-03-15,8888
2353,宏��,395,256,139,國泰-敦南,2024-03-15,8888
2344,華邦電,244,108,136,國泰-敦南,2024-03-15,8888
00740B,富邦全球投等債,127,1,126,國泰-敦南,2024-03-15,8888
3037,欣興,167,43,124,國泰-敦南,2024-03-15,8888
00919,群益台灣精選高息,11040,2650,8390,國泰-敦南,2024-03-18,8888
00878,國泰永續高股息,5780,1311,4469,國泰-敦南,2024-03-18,8888
00687B,國泰20年美債,3387,424,2963,國泰-敦南,2024-03-18,8888
00937B,群益ESG投等債20,3427,702,2725,國泰-敦南,2024-03-18,8888
00941,中信上游半導體,3422,1201,2221,國泰-敦南,2024-03-18,8888
00933B,國泰10Y+金融債,1900,423,1477,國泰-敦南,2024-03-18,8888
00679B,元大美債20年,1557,230,1327,國泰-敦南,2024-03-18,8888
00857B,永豐20年美公債,1031,46,985,國泰-敦南,2024-03-18,8888
00680L,元大美債20正2,1138,201,937,國泰-敦南,2024-03-18,8888
2834,臺企銀,1578,832,746,國泰-敦南,2024-03-18,8888
00673R,期元大S＆P原油反1,710,21,689,國泰-敦南,2024-03-18,8888
2412,中華電,715,32,683,國泰-敦南,2024-03-18,8888
00795B,中信美國公債20年,723,43,680,國泰-敦南,2024-03-18,8888
00706L,期元大S＆P日圓正2,647,23,624,國泰-敦南,2024-03-18,8888
00751B,元大AAA至A公司債,627,95,532,國泰-敦南,2024-03-18,8888
00918,大華優利高填息30,1595,1104,491,國泰-敦南,2024-03-18,8888
3211,順達,507,34,473,國泰-敦南,2024-03-18,8888
00632R,元大台灣50反1,995,555,440,國泰-敦南,2024-03-18,8888
00931B,統一美債20年,573,149,424,國泰-敦南,2024-03-18,8888
00688L,國泰20年美債正2,434,51,383,國泰-敦南,2024-03-18,8888
2002,中鋼,563,218,345,國泰-敦南,2024-03-18,8888
2408,南亞科,328,21,307,國泰-敦南,2024-03-18,8888
2888,新光金,651,347,304,國泰-敦南,2024-03-18,8888
2618,長榮航,526,250,276,國泰-敦南,2024-03-18,8888
2885,元大金,394,120,274,國泰-敦南,2024-03-18,8888
00830,國泰費城半導體,291,28,263,國泰-敦南,2024-03-18,8888
2609,陽明,686,440,246,國泰-敦南,2024-03-18,8888
00650L,復華香港正2,392,146,246,國泰-敦南,2024-03-18,8888
00712,復華富時不動產,734,492,242,國泰-敦南,2024-03-18,8888
2610,華航,345,143,202,國泰-敦南,2024-03-18,8888
2303,聯電,542,344,198,國泰-敦南,2024-03-18,8888
2867,三商壽,335,138,197,國泰-敦南,2024-03-18,8888
1101,台泥,264,72,192,國泰-敦南,2024-03-18,8888
00772B,中信高評級公司債,233,57,176,國泰-敦南,2024-03-18,8888
3294,英濟,773,609,164,國泰-敦南,2024-03-18,8888
00720B,元大投資級公司債,293,140,153,國泰-敦南,2024-03-18,8888
2836,高雄銀,242,92,150,國泰-敦南,2024-03-18,8888
2409,友達,223,74,149,國泰-敦南,2024-03-18,8888
3622,洋華,408,261,147,國泰-敦南,2024-03-18,8888
2382,廣達,671,527,144,國泰-敦南,2024-03-18,8888
00764B,群益25年美債,147,12,135,國泰-敦南,2024-03-18,8888
2812,台中銀,167,35,132,國泰-敦南,2024-03-18,8888
6005,群益證,246,119,127,國泰-敦南,2024-03-18,8888
2603,長榮,770,653,117,國泰-敦南,2024-03-18,8888
9945,潤泰新,142,38,104,國泰-敦南,2024-03-18,8888
2354,鴻準,357,254,103,國泰-敦南,2024-03-18,8888
4714,永捷,1103,1000,103,國泰-敦南,2024-03-18,8888
1416,廣豐,133,33,100,國泰-敦南,2024-03-18,8888
2449,京元電子,501,408,93,國泰-敦南,2024-03-18,8888
2890,永豐金,202,109,93,國泰-敦南,2024-03-18,8888
00687B,國泰20年美債,2762,561,2201,國泰-敦南,2024-03-19,8888
00937B,群益ESG投等債20,3019,1264,1755,國泰-敦南,2024-03-19,8888
00919,群益台灣精選高息,6545,4989,1556,國泰-敦南,2024-03-19,8888
00706L,期元大S＆P日圓正2,1433,96,1337,國泰-敦南,2024-03-19,8888
00679B,元大美債20年,1325,160,1165,國泰-敦南,2024-03-19,8888
00941,中信上游半導體,1532,520,1012,國泰-敦南,2024-03-19,8888
00857B,永豐20年美公債,936,45,891,國泰-敦南,2024-03-19,8888
00680L,元大美債20正2,991,141,850,國泰-敦南,2024-03-19,8888
00665L,富邦�琤肭磪囓�2,1858,1058,800,國泰-敦南,2024-03-19,8888
00934,中信成長高股息,1059,371,688,國泰-敦南,2024-03-19,8888
2888,新光金,806,248,558,國泰-敦南,2024-03-19,8888
00688L,國泰20年美債正2,624,130,494,國泰-敦南,2024-03-19,8888
1101,台泥,573,199,374,國泰-敦南,2024-03-19,8888
00673R,期元大S＆P原油反1,399,47,352,國泰-敦南,2024-03-19,8888
2515,中工,1288,946,342,國泰-敦南,2024-03-19,8888
00712,復華富時不動產,1205,880,325,國泰-敦南,2024-03-19,8888
3211,順達,344,59,285,國泰-敦南,2024-03-19,8888
2412,中華電,309,33,276,國泰-敦南,2024-03-19,8888
3481,群創,511,237,274,國泰-敦南,2024-03-19,8888
00830,國泰費城半導體,341,74,267,國泰-敦南,2024-03-19,8888
2353,宏��,497,243,254,國泰-敦南,2024-03-19,8888
00795B,中信美國公債20年,348,105,243,國泰-敦南,2024-03-19,8888
00751B,元大AAA至A公司債,282,60,222,國泰-敦南,2024-03-19,8888
2887,台新金,309,88,221,國泰-敦南,2024-03-19,8888
5880,合庫金,251,33,218,國泰-敦南,2024-03-19,8888
8011,台通,1061,855,206,國泰-敦南,2024-03-19,8888
2610,華航,348,143,205,國泰-敦南,2024-03-19,8888
00650L,復華香港正2,287,90,197,國泰-敦南,2024-03-19,8888
2883,凱基金,513,320,193,國泰-敦南,2024-03-19,8888
2323,中環,511,319,192,國泰-敦南,2024-03-19,8888
00935,野村臺灣新科技50,334,148,186,國泰-敦南,2024-03-19,8888
3312,弘憶股,650,468,182,國泰-敦南,2024-03-19,8888
00632R,元大台灣50反1,1384,1205,179,國泰-敦南,2024-03-19,8888
1609,大亞,587,411,176,國泰-敦南,2024-03-19,8888
1513,中興電,1419,1247,172,國泰-敦南,2024-03-19,8888
8096,擎亞,324,157,167,國泰-敦南,2024-03-19,8888
2002,中鋼,286,145,141,國泰-敦南,2024-03-19,8888
1503,士電,1687,1548,139,國泰-敦南,2024-03-19,8888
2812,台中銀,157,21,136,國泰-敦南,2024-03-19,8888
2313,華通,413,279,134,國泰-敦南,2024-03-19,8888
2611,志信,485,353,132,國泰-敦南,2024-03-19,8888
1605,華新,529,401,128,國泰-敦南,2024-03-19,8888
2618,長榮航,299,172,127,國泰-敦南,2024-03-19,8888
2208,台船,452,328,124,國泰-敦南,2024-03-19,8888
3017,奇鋐,433,311,122,國泰-敦南,2024-03-19,8888
2329,華泰,655,534,121,國泰-敦南,2024-03-19,8888
2344,華邦電,203,86,117,國泰-敦南,2024-03-19,8888
2867,三商壽,126,10,116,國泰-敦南,2024-03-19,8888
2363,矽統,210,101,109,國泰-敦南,2024-03-19,8888
6163,華電網,114,5,109,國泰-敦南,2024-03-19,8888
00939,統一台灣高息動能,26990,5781,21209,國泰-敦南,2024-03-20,8888
00919,群益台灣精選高息,20013,10840,9173,國泰-敦南,2024-03-20,8888
00937B,群益ESG投等債20,4030,1205,2825,國泰-敦南,2024-03-20,8888
00679B,元大美債20年,1126,272,854,國泰-敦南,2024-03-20,8888
2888,新光金,1131,392,739,國泰-敦南,2024-03-20,8888
2356,英業達,1199,472,727,國泰-敦南,2024-03-20,8888
00687B,國泰20年美債,1360,691,669,國泰-敦南,2024-03-20,8888
00878,國泰永續高股息,2383,1773,610,國泰-敦南,2024-03-20,8888
4938,和碩,1678,1096,582,國泰-敦南,2024-03-20,8888
2603,長榮,2190,1621,569,國泰-敦南,2024-03-20,8888
00941,中信上游半導體,1238,678,560,國泰-敦南,2024-03-20,8888
1101,台泥,739,210,529,國泰-敦南,2024-03-20,8888
2303,聯電,1620,1130,490,國泰-敦南,2024-03-20,8888
2618,長榮航,889,435,454,國泰-敦南,2024-03-20,8888
00857B,永豐20年美公債,509,133,376,國泰-敦南,2024-03-20,8888
2313,華通,890,540,350,國泰-敦南,2024-03-20,8888
00930,永豐ESG低碳高息,403,65,338,國泰-敦南,2024-03-20,8888
2344,華邦電,535,201,334,國泰-敦南,2024-03-20,8888
3231,緯創,1535,1210,325,國泰-敦南,2024-03-20,8888
2867,三商壽,323,13,310,國泰-敦南,2024-03-20,8888
00673R,期元大S＆P原油反1,355,83,272,國泰-敦南,2024-03-20,8888
00830,國泰費城半導體,272,21,251,國泰-敦南,2024-03-20,8888
2609,陽明,423,179,244,國泰-敦南,2024-03-20,8888
2002,中鋼,441,204,237,國泰-敦南,2024-03-20,8888
1815,富喬,309,97,212,國泰-敦南,2024-03-20,8888
5880,合庫金,271,63,208,國泰-敦南,2024-03-20,8888
2352,佳世達,456,255,201,國泰-敦南,2024-03-20,8888
3005,神基,1481,1285,196,國泰-敦南,2024-03-20,8888
2449,京元電子,594,410,184,國泰-敦南,2024-03-20,8888
2382,廣達,456,275,181,國泰-敦南,2024-03-20,8888
2354,鴻準,1343,1169,174,國泰-敦南,2024-03-20,8888
6176,瑞儀,385,221,164,國泰-敦南,2024-03-20,8888
2897,王道銀行,247,88,159,國泰-敦南,2024-03-20,8888
5483,中美晶,592,435,157,國泰-敦南,2024-03-20,8888
00931B,統一美債20年,348,192,156,國泰-敦南,2024-03-20,8888
1303,南亞,232,77,155,國泰-敦南,2024-03-20,8888
2891,中信金,271,118,153,國泰-敦南,2024-03-20,8888
1301,台塑,204,54,150,國泰-敦南,2024-03-20,8888
2812,台中銀,203,58,145,國泰-敦南,2024-03-20,8888
00923,群益台ESG低碳50,339,206,133,國泰-敦南,2024-03-20,8888
2376,技嘉,352,224,128,國泰-敦南,2024-03-20,8888
6005,群益證,196,71,125,國泰-敦南,2024-03-20,8888
2542,興富發,194,69,125,國泰-敦南,2024-03-20,8888
3576,聯合再生,191,67,124,國泰-敦南,2024-03-20,8888
2887,台新金,272,152,120,國泰-敦南,2024-03-20,8888
2385,群光,278,160,118,國泰-敦南,2024-03-20,8888
00795B,中信美國公債20年,259,143,116,國泰-敦南,2024-03-20,8888
6274,台燿,267,159,108,國泰-敦南,2024-03-20,8888
2610,華航,308,201,107,國泰-敦南,2024-03-20,8888
2885,元大金,174,72,102,國泰-敦南,2024-03-20,8888
00939,統一台灣高息動能,11160,2864,8296,國泰-敦南,2024-03-21,8888
00919,群益台灣精選高息,10537,5545,4992,國泰-敦南,2024-03-21,8888
00937B,群益ESG投等債20,4115,733,3382,國泰-敦南,2024-03-21,8888
00632R,元大台灣50反1,4529,1856,2673,國泰-敦南,2024-03-21,8888
00687B,國泰20年美債,2530,390,2140,國泰-敦南,2024-03-21,8888
00680L,元大美債20正2,1802,429,1373,國泰-敦南,2024-03-21,8888
00679B,元大美債20年,1522,240,1282,國泰-敦南,2024-03-21,8888
00706L,期元大S＆P日圓正2,1548,651,897,國泰-敦南,2024-03-21,8888
3005,神基,2027,1330,697,國泰-敦南,2024-03-21,8888
00795B,中信美國公債20年,618,53,565,國泰-敦南,2024-03-21,8888
2405,輔信,1316,841,475,國泰-敦南,2024-03-21,8888
3706,神達,5294,4864,430,國泰-敦南,2024-03-21,8888
00933B,國泰10Y+金融債,898,469,429,國泰-敦南,2024-03-21,8888
00720B,元大投資級公司債,466,60,406,國泰-敦南,2024-03-21,8888
00688L,國泰20年美債正2,520,139,381,國泰-敦南,2024-03-21,8888
00751B,元大AAA至A公司債,365,49,316,國泰-敦南,2024-03-21,8888
00857B,永豐20年美公債,596,284,312,國泰-敦南,2024-03-21,8888
00930,永豐ESG低碳高息,263,16,247,國泰-敦南,2024-03-21,8888
00664R,國泰臺灣加權反1,283,60,223,國泰-敦南,2024-03-21,8888
00929,復華台灣科技優息,3082,2876,206,國泰-敦南,2024-03-21,8888
2834,臺企銀,459,274,185,國泰-敦南,2024-03-21,8888
2317,鴻海,1510,1328,182,國泰-敦南,2024-03-21,8888
2603,長榮,1026,844,182,國泰-敦南,2024-03-21,8888
3058,立德,237,66,171,國泰-敦南,2024-03-21,8888
6191,精成科,465,298,167,國泰-敦南,2024-03-21,8888
4938,和碩,595,434,161,國泰-敦南,2024-03-21,8888
1101,台泥,358,221,137,國泰-敦南,2024-03-21,8888
2618,長榮航,360,224,136,國泰-敦南,2024-03-21,8888
8054,安國,322,190,132,國泰-敦南,2024-03-21,8888
2301,光寶科,673,555,118,國泰-敦南,2024-03-21,8888
2888,新光金,378,262,116,國泰-敦南,2024-03-21,8888
00715L,期街口布蘭特正2,184,72,112,國泰-敦南,2024-03-21,8888
6235,華孚,216,109,107,國泰-敦南,2024-03-21,8888
5483,中美晶,387,291,96,國泰-敦南,2024-03-21,8888
3211,順達,105,14,91,國泰-敦南,2024-03-21,8888
2376,技嘉,389,299,90,國泰-敦南,2024-03-21,8888
4306,炎洲,135,46,89,國泰-敦南,2024-03-21,8888
4127,天良,211,127,84,國泰-敦南,2024-03-21,8888
3041,揚智,791,707,84,國泰-敦南,2024-03-21,8888
020039,元大加權N,82,1,81,國泰-敦南,2024-03-21,8888
00911,兆豐洲際半導體,104,30,74,國泰-敦南,2024-03-21,8888
4303,信立,285,215,70,國泰-敦南,2024-03-21,8888
3029,零壹,104,37,67,國泰-敦南,2024-03-21,8888
8011,台通,211,143,68,國泰-敦南,2024-03-21,8888
2449,京元電子,301,235,66,國泰-敦南,2024-03-21,8888
1460,宏遠,68,4,64,國泰-敦南,2024-03-21,8888
3704,合勤控,216,153,63,國泰-敦南,2024-03-21,8888
6285,啟��,124,62,62,國泰-敦南,2024-03-21,8888
6176,瑞儀,205,143,62,國泰-敦南,2024-03-21,8888
8271,宇瞻,197,135,62,國泰-敦南,2024-03-21,8888
00919,群益台灣精選高息,12974,7759,5215,國泰-敦南,2024-03-22,8888
00939,統一台灣高息動能,6986,2967,4019,國泰-敦南,2024-03-22,8888
00937B,群益ESG投等債20,5126,2104,3022,國泰-敦南,2024-03-22,8888
00665L,富邦�琤肭磪囓�2,2755,1256,1499,國泰-敦南,2024-03-22,8888
00687B,國泰20年美債,1878,544,1334,國泰-敦南,2024-03-22,8888
00941,中信上游半導體,1960,806,1154,國泰-敦南,2024-03-22,8888
00706L,期元大S＆P日圓正2,711,77,634,國泰-敦南,2024-03-22,8888
00679B,元大美債20年,997,364,633,國泰-敦南,2024-03-22,8888
3706,神達,4363,3763,600,國泰-敦南,2024-03-22,8888
00891,中信關鍵半導體,787,195,592,國泰-敦南,2024-03-22,8888
2303,聯電,929,356,573,國泰-敦南,2024-03-22,8888
2603,長榮,1128,649,479,國泰-敦南,2024-03-22,8888
1460,宏遠,464,45,419,國泰-敦南,2024-03-22,8888
2353,宏��,2081,1714,367,國泰-敦南,2024-03-22,8888
2344,華邦電,1021,655,366,國泰-敦南,2024-03-22,8888
00650L,復華香港正2,427,111,316,國泰-敦南,2024-03-22,8888
00680L,元大美債20正2,962,688,274,國泰-敦南,2024-03-22,8888
2609,陽明,327,95,232,國泰-敦南,2024-03-22,8888
2323,中環,552,323,229,國泰-敦南,2024-03-22,8888
2834,臺企銀,429,205,224,國泰-敦南,2024-03-22,8888
00688L,國泰20年美債正2,873,652,221,國泰-敦南,2024-03-22,8888
3322,建舜電,915,698,217,國泰-敦南,2024-03-22,8888
00929,復華台灣科技優息,4079,3863,216,國泰-敦南,2024-03-22,8888
2408,南亞科,1175,964,211,國泰-敦南,2024-03-22,8888
3005,神基,679,475,204,國泰-敦南,2024-03-22,8888
00753L,中信中國50正2,770,571,199,國泰-敦南,2024-03-22,8888
1503,士電,1721,1523,198,國泰-敦南,2024-03-22,8888
2618,長榮航,408,217,191,國泰-敦南,2024-03-22,8888
2881,富邦金,282,95,187,國泰-敦南,2024-03-22,8888
1513,中興電,882,700,182,國泰-敦南,2024-03-22,8888
00637L,元大滬深300正2,405,245,160,國泰-敦南,2024-03-22,8888
1101,台泥,278,126,152,國泰-敦南,2024-03-22,8888
2883,凱基金,481,330,151,國泰-敦南,2024-03-22,8888
5469,瀚宇博,461,310,151,國泰-敦南,2024-03-22,8888
1504,東元,765,618,147,國泰-敦南,2024-03-22,8888
2371,大同,291,151,140,國泰-敦南,2024-03-22,8888
2006,東和鋼鐵,142,13,129,國泰-敦南,2024-03-22,8888
2301,光寶科,443,316,127,國泰-敦南,2024-03-22,8888
3047,訊舟,156,33,123,國泰-敦南,2024-03-22,8888
2486,一詮,1026,906,120,國泰-敦南,2024-03-22,8888
6005,群益證,145,27,118,國泰-敦南,2024-03-22,8888
8936,國統,701,586,115,國泰-敦南,2024-03-22,8888
00915,凱基優選高股息30,585,476,109,國泰-敦南,2024-03-22,8888
00713,元大台灣高息低波,331,226,105,國泰-敦南,2024-03-22,8888
2897,王道銀行,117,14,103,國泰-敦南,2024-03-22,8888
1314,中石化,132,31,101,國泰-敦南,2024-03-22,8888
00752,中信中國50,113,15,98,國泰-敦南,2024-03-22,8888
00877,復華中國5G,119,21,98,國泰-敦南,2024-03-22,8888
8070,長華*,134,38,96,國泰-敦南,2024-03-22,8888
1785,光洋科,290,196,94,國泰-敦南,2024-03-22,8888
00937B,群益ESG投等債20,5838,1126,4712,國泰-敦南,2024-03-25,8888
00919,群益台灣精選高息,6704,3338,3366,國泰-敦南,2024-03-25,8888
00939,統一台灣高息動能,5466,2194,3272,國泰-敦南,2024-03-25,8888
00941,中信上游半導體,6081,3399,2682,國泰-敦南,2024-03-25,8888
00687B,國泰20年美債,2028,720,1308,國泰-敦南,2024-03-25,8888
2356,英業達,2858,1595,1263,國泰-敦南,2024-03-25,8888
00632R,元大台灣50反1,1589,710,879,國泰-敦南,2024-03-25,8888
1609,大亞,5815,5001,814,國泰-敦南,2024-03-25,8888
00881,國泰台灣5G+,784,180,604,國泰-敦南,2024-03-25,8888
00679B,元大美債20年,972,487,485,國泰-敦南,2024-03-25,8888
00891,中信關鍵半導體,627,174,453,國泰-敦南,2024-03-25,8888
00795B,中信美國公債20年,460,34,426,國泰-敦南,2024-03-25,8888
00929,復華台灣科技優息,3198,2806,392,國泰-敦南,2024-03-25,8888
2303,聯電,719,354,365,國泰-敦南,2024-03-25,8888
3005,神基,838,519,319,國泰-敦南,2024-03-25,8888
00915,凱基優選高股息30,560,257,303,國泰-敦南,2024-03-25,8888
00720B,元大投資級公司債,405,120,285,國泰-敦南,2024-03-25,8888
3706,神達,1153,916,237,國泰-敦南,2024-03-25,8888
00688L,國泰20年美債正2,399,168,231,國泰-敦南,2024-03-25,8888
2352,佳世達,376,148,228,國泰-敦南,2024-03-25,8888
00878,國泰永續高股息,1695,1467,228,國泰-敦南,2024-03-25,8888
2367,燿華,2337,2123,214,國泰-敦南,2024-03-25,8888
3231,緯創,669,482,187,國泰-敦南,2024-03-25,8888
6770,力積電,231,53,178,國泰-敦南,2024-03-25,8888
2882,國泰金,316,145,171,國泰-敦南,2024-03-25,8888
2337,旺宏,179,16,163,國泰-敦南,2024-03-25,8888
00725B,國泰投資級公司債,177,15,162,國泰-敦南,2024-03-25,8888
2317,鴻海,1258,1100,158,國泰-敦南,2024-03-25,8888
1714,和桐,231,87,144,國泰-敦南,2024-03-25,8888
2897,王道銀行,166,23,143,國泰-敦南,2024-03-25,8888
00857B,永豐20年美公債,359,217,142,國泰-敦南,2024-03-25,8888
2025,千興,177,43,134,國泰-敦南,2024-03-25,8888
3294,英濟,546,417,129,國泰-敦南,2024-03-25,8888
2881,富邦金,158,34,124,國泰-敦南,2024-03-25,8888
6188,廣明,858,736,122,國泰-敦南,2024-03-25,8888
2891,中信金,140,25,115,國泰-敦南,2024-03-25,8888
00751B,元大AAA至A公司債,215,102,113,國泰-敦南,2024-03-25,8888
6026,福邦證,150,39,111,國泰-敦南,2024-03-25,8888
6189,豐藝,430,323,107,國泰-敦南,2024-03-25,8888
1460,宏遠,151,54,97,國泰-敦南,2024-03-25,8888
1608,華榮,358,265,93,國泰-敦南,2024-03-25,8888
00909,國泰數位支付服務,95,3,92,國泰-敦南,2024-03-25,8888
3050,鈺德,163,73,90,國泰-敦南,2024-03-25,8888
2382,廣達,237,147,90,國泰-敦南,2024-03-25,8888
2449,京元電子,275,187,88,國泰-敦南,2024-03-25,8888
2301,光寶科,282,195,87,國泰-敦南,2024-03-25,8888
6139,亞翔,775,689,86,國泰-敦南,2024-03-25,8888
6806,森崴能源,454,369,85,國泰-敦南,2024-03-25,8888
3708,上緯投控,261,176,85,國泰-敦南,2024-03-25,8888
2504,國產,107,25,82,國泰-敦南,2024-03-25,8888
00919,群益台灣精選高息,14018,7471,6547,國泰-敦南,2024-03-26,8888
00939,統一台灣高息動能,8723,2809,5914,國泰-敦南,2024-03-26,8888
00937B,群益ESG投等債20,3939,1062,2877,國泰-敦南,2024-03-26,8888
3231,緯創,1738,694,1044,國泰-敦南,2024-03-26,8888
00929,復華台灣科技優息,4860,4047,813,國泰-敦南,2024-03-26,8888
00941,中信上游半導體,3787,3002,785,國泰-敦南,2024-03-26,8888
00915,凱基優選高股息30,864,274,590,國泰-敦南,2024-03-26,8888
00679B,元大美債20年,832,285,547,國泰-敦南,2024-03-26,8888
2609,陽明,721,177,544,國泰-敦南,2024-03-26,8888
2303,聯電,931,457,474,國泰-敦南,2024-03-26,8888
2356,英業達,1882,1454,428,國泰-敦南,2024-03-26,8888
00891,中信關鍵半導體,612,200,412,國泰-敦南,2024-03-26,8888
2359,所羅門,1905,1545,360,國泰-敦南,2024-03-26,8888
6125,廣運,1684,1326,358,國泰-敦南,2024-03-26,8888
2618,長榮航,625,311,314,國泰-敦南,2024-03-26,8888
1616,億泰,583,270,313,國泰-敦南,2024-03-26,8888
3376,新日興,377,109,268,國泰-敦南,2024-03-26,8888
2603,長榮,717,470,247,國泰-敦南,2024-03-26,8888
2367,燿華,1265,1018,247,國泰-敦南,2024-03-26,8888
00687B,國泰20年美債,1196,951,245,國泰-敦南,2024-03-26,8888
3686,達能,248,12,236,國泰-敦南,2024-03-26,8888
2610,華航,335,102,233,國泰-敦南,2024-03-26,8888
00753L,中信中國50正2,424,198,226,國泰-敦南,2024-03-26,8888
1460,宏遠,227,9,218,國泰-敦南,2024-03-26,8888
00669R,國泰美國道瓊反1,310,92,218,國泰-敦南,2024-03-26,8888
6139,亞翔,450,240,210,國泰-敦南,2024-03-26,8888
3703,欣陸,296,90,206,國泰-敦南,2024-03-26,8888
3312,弘憶股,428,223,205,國泰-敦南,2024-03-26,8888
1504,東元,928,729,199,國泰-敦南,2024-03-26,8888
1513,中興電,2338,2142,196,國泰-敦南,2024-03-26,8888
6770,力積電,327,133,194,國泰-敦南,2024-03-26,8888
00720B,元大投資級公司債,308,117,191,國泰-敦南,2024-03-26,8888
2352,佳世達,312,134,178,國泰-敦南,2024-03-26,8888
4979,華星光,341,172,169,國泰-敦南,2024-03-26,8888
2417,圓剛,444,276,168,國泰-敦南,2024-03-26,8888
1608,華榮,1238,1087,151,國泰-敦南,2024-03-26,8888
4303,信立,267,117,150,國泰-敦南,2024-03-26,8888
2313,華通,489,343,146,國泰-敦南,2024-03-26,8888
3062,建漢,299,153,146,國泰-敦南,2024-03-26,8888
4938,和碩,441,296,145,國泰-敦南,2024-03-26,8888
00725B,國泰投資級公司債,158,13,145,國泰-敦南,2024-03-26,8888
1514,亞力,1227,1083,144,國泰-敦南,2024-03-26,8888
8936,國統,799,655,144,國泰-敦南,2024-03-26,8888
2834,臺企銀,366,229,137,國泰-敦南,2024-03-26,8888
00706L,期元大S＆P日圓正2,236,102,134,國泰-敦南,2024-03-26,8888
00857B,永豐20年美公債,189,56,133,國泰-敦南,2024-03-26,8888
00918,大華優利高填息30,1109,978,131,國泰-敦南,2024-03-26,8888
00680L,元大美債20正2,654,524,130,國泰-敦南,2024-03-26,8888
2388,威盛,872,747,125,國泰-敦南,2024-03-26,8888
2208,台船,162,42,120,國泰-敦南,2024-03-26,8888
00937B,群益ESG投等債20,2874,542,2332,國泰-敦南,2024-03-27,8888
00939,統一台灣高息動能,4102,2061,2041,國泰-敦南,2024-03-27,8888
2371,大同,3007,2294,713,國泰-敦南,2024-03-27,8888
2301,光寶科,608,144,464,國泰-敦南,2024-03-27,8888
2836,高雄銀,458,17,441,國泰-敦南,2024-03-27,8888
00712,復華富時不動產,764,363,401,國泰-敦南,2024-03-27,8888
6015,宏遠證,394,6,388,國泰-敦南,2024-03-27,8888
00665L,富邦�琤肭磪囓�2,1286,902,384,國泰-敦南,2024-03-27,8888
1513,中興電,1573,1203,370,國泰-敦南,2024-03-27,8888
2412,中華電,534,176,358,國泰-敦南,2024-03-27,8888
3231,緯創,653,303,350,國泰-敦南,2024-03-27,8888
00706L,期元大S＆P日圓正2,588,257,331,國泰-敦南,2024-03-27,8888
00907,永豐優息存股,346,56,290,國泰-敦南,2024-03-27,8888
00941,中信上游半導體,1532,1251,281,國泰-敦南,2024-03-27,8888
2303,聯電,432,163,269,國泰-敦南,2024-03-27,8888
1808,潤隆,661,414,247,國泰-敦南,2024-03-27,8888
3013,晟銘電,855,626,229,國泰-敦南,2024-03-27,8888
1316,上曜,587,425,162,國泰-敦南,2024-03-27,8888
1608,華榮,3085,2927,158,國泰-敦南,2024-03-27,8888
6770,力積電,402,249,153,國泰-敦南,2024-03-27,8888
2801,彰銀,212,62,150,國泰-敦南,2024-03-27,8888
00720B,元大投資級公司債,190,43,147,國泰-敦南,2024-03-27,8888
1603,華電,1323,1176,147,國泰-敦南,2024-03-27,8888
2365,昆盈,384,256,128,國泰-敦南,2024-03-27,8888
00751B,元大AAA至A公司債,195,70,125,國泰-敦南,2024-03-27,8888
6215,和椿,407,285,122,國泰-敦南,2024-03-27,8888
00680L,元大美債20正2,232,110,122,國泰-敦南,2024-03-27,8888
1101,台泥,223,107,116,國泰-敦南,2024-03-27,8888
6176,瑞儀,180,64,116,國泰-敦南,2024-03-27,8888
2486,一詮,386,272,114,國泰-敦南,2024-03-27,8888
2344,華邦電,307,194,113,國泰-敦南,2024-03-27,8888
8110,華東,130,18,112,國泰-敦南,2024-03-27,8888
1504,東元,292,182,110,國泰-敦南,2024-03-27,8888
1605,華新,232,126,106,國泰-敦南,2024-03-27,8888
8092,建暐,294,192,102,國泰-敦南,2024-03-27,8888
2884,玉山金,231,132,99,國泰-敦南,2024-03-27,8888
00857B,永豐20年美公債,143,54,89,國泰-敦南,2024-03-27,8888
3715,定穎投控,142,54,88,國泰-敦南,2024-03-27,8888
6151,晉倫,87,4,83,國泰-敦南,2024-03-27,8888
2505,國揚,101,21,80,國泰-敦南,2024-03-27,8888
8070,長華*,98,19,79,國泰-敦南,2024-03-27,8888
5371,中光電,201,122,79,國泰-敦南,2024-03-27,8888
00670L,富邦NASDAQ正2,78,1,77,國泰-敦南,2024-03-27,8888
3711,日月光投控,148,74,74,國泰-敦南,2024-03-27,8888
5488,松普,97,24,73,國泰-敦南,2024-03-27,8888
6163,華電網,297,224,73,國泰-敦南,2024-03-27,8888
6806,森崴能源,150,81,69,國泰-敦南,2024-03-27,8888
00637L,元大滬深300正2,182,114,68,國泰-敦南,2024-03-27,8888
00688L,國泰20年美債正2,111,43,68,國泰-敦南,2024-03-27,8888
1304,台聚,81,14,67,國泰-敦南,2024-03-27,8888
00937B,群益ESG投等債20,3922,870,3052,國泰-敦南,2024-03-28,8888
00939,統一台灣高息動能,3914,2455,1459,國泰-敦南,2024-03-28,8888
3706,神達,1873,761,1112,國泰-敦南,2024-03-28,8888
2883,凱基金,2515,1574,941,國泰-敦南,2024-03-28,8888
00941,中信上游半導體,1334,398,936,國泰-敦南,2024-03-28,8888
00919,群益台灣精選高息,6113,5281,832,國泰-敦南,2024-03-28,8888
00632R,元大台灣50反1,1447,754,693,國泰-敦南,2024-03-28,8888
4105,東洋,638,0,638,國泰-敦南,2024-03-28,8888
3005,神基,1178,561,617,國泰-敦南,2024-03-28,8888
2888,新光金,690,143,547,國泰-敦南,2024-03-28,8888
1316,上曜,1394,1045,349,國泰-敦南,2024-03-28,8888
2634,漢翔,925,600,325,國泰-敦南,2024-03-28,8888
00882,中信中國高股息,834,528,306,國泰-敦南,2024-03-28,8888
2301,光寶科,579,279,300,國泰-敦南,2024-03-28,8888
2834,臺企銀,484,195,289,國泰-敦南,2024-03-28,8888
2354,鴻準,2883,2598,285,國泰-敦南,2024-03-28,8888
2515,中工,1188,911,277,國泰-敦南,2024-03-28,8888
00673R,期元大S＆P原油反1,333,92,241,國泰-敦南,2024-03-28,8888
00706L,期元大S＆P日圓正2,284,48,236,國泰-敦南,2024-03-28,8888
00857B,永豐20年美公債,372,143,229,國泰-敦南,2024-03-28,8888
8033,雷虎,397,174,223,國泰-敦南,2024-03-28,8888
1608,華榮,1268,1071,197,國泰-敦南,2024-03-28,8888
2885,元大金,208,25,183,國泰-敦南,2024-03-28,8888
2884,玉山金,312,130,182,國泰-敦南,2024-03-28,8888
1609,大亞,1091,922,169,國泰-敦南,2024-03-28,8888
2887,台新金,202,36,166,國泰-敦南,2024-03-28,8888
2330,台積電,210,56,154,國泰-敦南,2024-03-28,8888
5309,系統電,550,398,152,國泰-敦南,2024-03-28,8888
2317,鴻海,2215,2071,144,國泰-敦南,2024-03-28,8888
1314,中石化,268,126,142,國泰-敦南,2024-03-28,8888
2405,輔信,189,48,141,國泰-敦南,2024-03-28,8888
2609,陽明,238,106,132,國泰-敦南,2024-03-28,8888
1603,華電,1005,873,132,國泰-敦南,2024-03-28,8888
2610,華航,316,189,127,國泰-敦南,2024-03-28,8888
2801,彰銀,263,143,120,國泰-敦南,2024-03-28,8888
2363,矽統,235,120,115,國泰-敦南,2024-03-28,8888
1101,台泥,163,50,113,國泰-敦南,2024-03-28,8888
2328,廣宇,808,695,113,國泰-敦南,2024-03-28,8888
4510,高鋒,177,70,107,國泰-敦南,2024-03-28,8888
5515,建國,627,523,104,國泰-敦南,2024-03-28,8888
2406,國碩,144,41,103,國泰-敦南,2024-03-28,8888
2002,中鋼,268,167,101,國泰-敦南,2024-03-28,8888
5521,工信,204,106,98,國泰-敦南,2024-03-28,8888
006208,富邦台50,134,37,97,國泰-敦南,2024-03-28,8888
8096,擎亞,216,119,97,國泰-敦南,2024-03-28,8888
5488,松普,109,13,96,國泰-敦南,2024-03-28,8888
1618,合機,297,203,94,國泰-敦南,2024-03-28,8888
00650L,復華香港正2,315,224,91,國泰-敦南,2024-03-28,8888
3376,新日興,281,191,90,國泰-敦南,2024-03-28,8888
8936,國統,555,466,89,國泰-敦南,2024-03-28,8888
00937B,群益ESG投等債20,3401,1480,1921,國泰-敦南,2024-03-29,8888
2317,鴻海,3632,2197,1435,國泰-敦南,2024-03-29,8888
00919,群益台灣精選高息,4957,3727,1230,國泰-敦南,2024-03-29,8888
00939,統一台灣高息動能,2328,1301,1027,國泰-敦南,2024-03-29,8888
2324,仁寶,1277,491,786,國泰-敦南,2024-03-29,8888
00941,中信上游半導體,1327,590,737,國泰-敦南,2024-03-29,8888
00929,復華台灣科技優息,2992,2529,463,國泰-敦南,2024-03-29,8888
00673R,期元大S＆P原油反1,750,325,425,國泰-敦南,2024-03-29,8888
2371,大同,1385,1070,315,國泰-敦南,2024-03-29,8888
2845,遠東銀,302,69,233,國泰-敦南,2024-03-29,8888
2301,光寶科,752,527,225,國泰-敦南,2024-03-29,8888
3013,晟銘電,2400,2211,189,國泰-敦南,2024-03-29,8888
00665L,富邦�琤肭磪囓�2,604,426,178,國泰-敦南,2024-03-29,8888
1316,上曜,429,272,157,國泰-敦南,2024-03-29,8888
2328,廣宇,393,236,157,國泰-敦南,2024-03-29,8888
2409,友達,236,85,151,國泰-敦南,2024-03-29,8888
3062,建漢,427,278,149,國泰-敦南,2024-03-29,8888
5515,建國,447,312,135,國泰-敦南,2024-03-29,8888
4306,炎洲,166,32,134,國泰-敦南,2024-03-29,8888
00662,富邦NASDAQ,134,4,130,國泰-敦南,2024-03-29,8888
3576,聯合再生,162,36,126,國泰-敦南,2024-03-29,8888
5388,中磊,146,29,117,國泰-敦南,2024-03-29,8888
5512,力麒,201,101,100,國泰-敦南,2024-03-29,8888
2537,聯上發,177,84,93,國泰-敦南,2024-03-29,8888
6443,元晶,342,249,93,國泰-敦南,2024-03-29,8888
3025,星通,302,209,93,國泰-敦南,2024-03-29,8888
00909,國泰數位支付服務,110,18,92,國泰-敦南,2024-03-29,8888
00857B,永豐20年美公債,157,67,90,國泰-敦南,2024-03-29,8888
6116,彩晶,101,11,90,國泰-敦南,2024-03-29,8888
2354,鴻準,772,684,88,國泰-敦南,2024-03-29,8888
3481,群創,361,272,89,國泰-敦南,2024-03-29,8888
00915,凱基優選高股息30,292,206,86,國泰-敦南,2024-03-29,8888
2888,新光金,274,188,86,國泰-敦南,2024-03-29,8888
00632R,元大台灣50反1,728,643,85,國泰-敦南,2024-03-29,8888
2367,燿華,1204,1121,83,國泰-敦南,2024-03-29,8888
5309,系統電,205,123,82,國泰-敦南,2024-03-29,8888
7402,邑錡,383,303,80,國泰-敦南,2024-03-29,8888
3313,斐成,101,21,80,國泰-敦南,2024-03-29,8888
2634,漢翔,273,195,78,國泰-敦南,2024-03-29,8888
00637L,元大滬深300正2,186,111,75,國泰-敦南,2024-03-29,8888
4714,永捷,284,211,73,國泰-敦南,2024-03-29,8888
2492,華新科,217,145,72,國泰-敦南,2024-03-29,8888
5498,凱崴,92,22,70,國泰-敦南,2024-03-29,8888
00633L,富邦上証正2,70,4,66,國泰-敦南,2024-03-29,8888
8112,至上,154,90,64,國泰-敦南,2024-03-29,8888
1789,神隆,106,42,64,國泰-敦南,2024-03-29,8888
3704,合勤控,118,55,63,國泰-敦南,2024-03-29,8888
1785,光洋科,186,126,60,國泰-敦南,2024-03-29,8888
2206,三陽工業,105,47,58,國泰-敦南,2024-03-29,8888
8064,東捷,70,11,59,國泰-敦南,2024-03-29,8888
00940,元大台灣價值高息,44513,17160,27353,國泰-敦南,2024-04-01,8888
00881,國泰台灣5G+,4927,247,4680,國泰-敦南,2024-04-01,8888
00919,群益台灣精選高息,5519,2245,3274,國泰-敦南,2024-04-01,8888
00937B,群益ESG投等債20,3322,1528,1794,國泰-敦南,2024-04-01,8888
00939,統一台灣高息動能,2505,1454,1051,國泰-敦南,2024-04-01,8888
00929,復華台灣科技優息,2750,1712,1038,國泰-敦南,2024-04-01,8888
2891,中信金,969,154,815,國泰-敦南,2024-04-01,8888
00632R,元大台灣50反1,1546,828,718,國泰-敦南,2024-04-01,8888
00941,中信上游半導體,1388,671,717,國泰-敦南,2024-04-01,8888
3231,緯創,1380,690,690,國泰-敦南,2024-04-01,8888
0056,元大高股息,783,349,434,國泰-敦南,2024-04-01,8888
2356,英業達,1380,1003,377,國泰-敦南,2024-04-01,8888
2382,廣達,1101,754,347,國泰-敦南,2024-04-01,8888
1504,東元,573,225,348,國泰-敦南,2024-04-01,8888
2603,長榮,768,436,332,國泰-敦南,2024-04-01,8888
3711,日月光投控,361,61,300,國泰-敦南,2024-04-01,8888
00673R,期元大S＆P原油反1,325,68,257,國泰-敦南,2024-04-01,8888
2352,佳世達,378,133,245,國泰-敦南,2024-04-01,8888
2834,臺企銀,373,166,207,國泰-敦南,2024-04-01,8888
4938,和碩,356,150,206,國泰-敦南,2024-04-01,8888
00923,群益台ESG低碳50,213,14,199,國泰-敦南,2024-04-01,8888
00720B,元大投資級公司債,257,79,178,國泰-敦南,2024-04-01,8888
2851,中再保,204,34,170,國泰-敦南,2024-04-01,8888
00927,群益半導體收益,194,44,150,國泰-敦南,2024-04-01,8888
4303,信立,928,782,146,國泰-敦南,2024-04-01,8888
00915,凱基優選高股息30,225,81,144,國泰-敦南,2024-04-01,8888
6128,上福,136,5,131,國泰-敦南,2024-04-01,8888
2301,光寶科,243,121,122,國泰-敦南,2024-04-01,8888
4540,全球傳動,131,11,120,國泰-敦南,2024-04-01,8888
00936,台新永續高息中小,131,16,115,國泰-敦南,2024-04-01,8888
5876,上海商銀,148,39,109,國泰-敦南,2024-04-01,8888
1806,冠軍,120,13,107,國泰-敦南,2024-04-01,8888
1513,中興電,490,384,106,國泰-敦南,2024-04-01,8888
6139,亞翔,715,609,106,國泰-敦南,2024-04-01,8888
00645,富邦日本,150,50,100,國泰-敦南,2024-04-01,8888
00757,統一FANG+,143,48,95,國泰-敦南,2024-04-01,8888
6282,康舒,149,55,94,國泰-敦南,2024-04-01,8888
00909,國泰數位支付服務,109,17,92,國泰-敦南,2024-04-01,8888
00674R,期元大S＆P黃金反1,94,3,91,國泰-敦南,2024-04-01,8888
2330,台積電,142,53,89,國泰-敦南,2024-04-01,8888
2317,鴻海,1034,945,89,國泰-敦南,2024-04-01,8888
3312,弘憶股,229,145,84,國泰-敦南,2024-04-01,8888
2308,台達電,170,86,84,國泰-敦南,2024-04-01,8888
2328,廣宇,166,86,80,國泰-敦南,2024-04-01,8888
6126,信音,239,160,79,國泰-敦南,2024-04-01,8888
00719B,元大美債1-3,89,12,77,國泰-敦南,2024-04-01,8888
00725B,國泰投資級公司債,96,23,73,國泰-敦南,2024-04-01,8888
8054,安國,600,529,71,國泰-敦南,2024-04-01,8888
1582,信錦,147,76,71,國泰-敦南,2024-04-01,8888
00904,新光臺灣半導體30,73,7,66,國泰-敦南,2024-04-01,8888
00929,復華台灣科技優息,10338,2753,7585,國泰-敦南,2024-04-02,8888
00940,元大台灣價值高息,11964,6404,5560,國泰-敦南,2024-04-02,8888
00937B,群益ESG投等債20,5302,1091,4211,國泰-敦南,2024-04-02,8888
00687B,國泰20年美債,3674,760,2914,國泰-敦南,2024-04-02,8888
00680L,元大美債20正2,2746,366,2380,國泰-敦南,2024-04-02,8888
00881,國泰台灣5G+,3033,754,2279,國泰-敦南,2024-04-02,8888
00933B,國泰10Y+金融債,2303,333,1970,國泰-敦南,2024-04-02,8888
00941,中信上游半導體,2043,378,1665,國泰-敦南,2024-04-02,8888
00679B,元大美債20年,2047,454,1593,國泰-敦南,2024-04-02,8888
00632R,元大台灣50反1,4265,2895,1370,國泰-敦南,2024-04-02,8888
00720B,元大投資級公司債,1182,175,1007,國泰-敦南,2024-04-02,8888
00688L,國泰20年美債正2,1129,383,746,國泰-敦南,2024-04-02,8888
00753L,中信中國50正2,972,357,615,國泰-敦南,2024-04-02,8888
00751B,元大AAA至A公司債,711,117,594,國泰-敦南,2024-04-02,8888
00795B,中信美國公債20年,593,138,455,國泰-敦南,2024-04-02,8888
00733,富邦臺灣中小,463,44,419,國泰-敦南,2024-04-02,8888
00931B,統一美債20年,516,100,416,國泰-敦南,2024-04-02,8888
00927,群益半導體收益,418,62,356,國泰-敦南,2024-04-02,8888
2888,新光金,467,152,315,國泰-敦南,2024-04-02,8888
2371,大同,1203,901,302,國泰-敦南,2024-04-02,8888
00637L,元大滬深300正2,374,80,294,國泰-敦南,2024-04-02,8888
2618,長榮航,480,206,274,國泰-敦南,2024-04-02,8888
00725B,國泰投資級公司債,286,42,244,國泰-敦南,2024-04-02,8888
2356,英業達,774,534,240,國泰-敦南,2024-04-02,8888
2344,華邦電,343,118,225,國泰-敦南,2024-04-02,8888
00857B,永豐20年美公債,437,218,219,國泰-敦南,2024-04-02,8888
2537,聯上發,1337,1164,173,國泰-敦南,2024-04-02,8888
2301,光寶科,457,290,167,國泰-敦南,2024-04-02,8888
00651R,復華香港反1,150,0,150,國泰-敦南,2024-04-02,8888
3363,上詮,386,237,149,國泰-敦南,2024-04-02,8888
6120,達運,581,436,145,國泰-敦南,2024-04-02,8888
2492,華新科,437,295,142,國泰-敦南,2024-04-02,8888
5864,致和證,156,20,136,國泰-敦南,2024-04-02,8888
3548,兆利,248,118,130,國泰-敦南,2024-04-02,8888
00909,國泰數位支付服務,144,21,123,國泰-敦南,2024-04-02,8888
00772B,中信高評級公司債,244,126,118,國泰-敦南,2024-04-02,8888
1815,富喬,569,455,114,國泰-敦南,2024-04-02,8888
6125,廣運,253,139,114,國泰-敦南,2024-04-02,8888
2603,長榮,650,538,112,國泰-敦南,2024-04-02,8888
2367,燿華,648,542,106,國泰-敦南,2024-04-02,8888
2421,建準,215,113,102,國泰-敦南,2024-04-02,8888
2352,佳世達,194,92,102,國泰-敦南,2024-04-02,8888
3673,TPK-KY,134,36,98,國泰-敦南,2024-04-02,8888
3017,奇鋐,303,208,95,國泰-敦南,2024-04-02,8888
00764B,群益25年美債,100,11,89,國泰-敦南,2024-04-02,8888
2615,萬海,123,34,89,國泰-敦南,2024-04-02,8888
2547,日勝生,161,74,87,國泰-敦南,2024-04-02,8888
00930,永豐ESG低碳高息,107,24,83,國泰-敦南,2024-04-02,8888
6177,達麗,116,35,81,國泰-敦南,2024-04-02,8888
00724B,群益投資級金融債,83,3,80,國泰-敦南,2024-04-02,8888
00940,元大台灣價值高息,9451,3476,5975,國泰-敦南,2024-04-03,8888
00929,復華台灣科技優息,6168,1132,5036,國泰-敦南,2024-04-03,8888
00937B,群益ESG投等債20,5475,782,4693,國泰-敦南,2024-04-03,8888
00687B,國泰20年美債,2783,458,2325,國泰-敦南,2024-04-03,8888
00679B,元大美債20年,2111,255,1856,國泰-敦南,2024-04-03,8888
00680L,元大美債20正2,1568,160,1408,國泰-敦南,2024-04-03,8888
00720B,元大投資級公司債,1407,60,1347,國泰-敦南,2024-04-03,8888
00688L,國泰20年美債正2,1355,117,1238,國泰-敦南,2024-04-03,8888
00941,中信上游半導體,1981,805,1176,國泰-敦南,2024-04-03,8888
00933B,國泰10Y+金融債,1288,181,1107,國泰-敦南,2024-04-03,8888
2486,一詮,4642,3855,787,國泰-敦南,2024-04-03,8888
3481,群創,883,158,725,國泰-敦南,2024-04-03,8888
00673R,期元大S＆P原油反1,745,54,691,國泰-敦南,2024-04-03,8888
00927,群益半導體收益,700,34,666,國泰-敦南,2024-04-03,8888
00795B,中信美國公債20年,695,51,644,國泰-敦南,2024-04-03,8888
00931B,統一美債20年,758,185,573,國泰-敦南,2024-04-03,8888
2515,中工,3132,2578,554,國泰-敦南,2024-04-03,8888
0056,元大高股息,776,339,437,國泰-敦南,2024-04-03,8888
2618,長榮航,467,66,401,國泰-敦南,2024-04-03,8888
2884,玉山金,497,134,363,國泰-敦南,2024-04-03,8888
2888,新光金,558,234,324,國泰-敦南,2024-04-03,8888
00665L,富邦�琤肭磪囓�2,773,463,310,國泰-敦南,2024-04-03,8888
1101,台泥,865,558,307,國泰-敦南,2024-04-03,8888
00733,富邦臺灣中小,341,48,293,國泰-敦南,2024-04-03,8888
2303,聯電,491,212,279,國泰-敦南,2024-04-03,8888
2892,第一金,291,16,275,國泰-敦南,2024-04-03,8888
6770,力積電,330,58,272,國泰-敦南,2024-04-03,8888
2409,友達,417,165,252,國泰-敦南,2024-04-03,8888
2317,鴻海,1445,1197,248,國泰-敦南,2024-04-03,8888
5443,均豪,1862,1625,237,國泰-敦南,2024-04-03,8888
2609,陽明,343,109,234,國泰-敦南,2024-04-03,8888
2610,華航,298,71,227,國泰-敦南,2024-04-03,8888
2887,台新金,270,56,214,國泰-敦南,2024-04-03,8888
2371,大同,487,297,190,國泰-敦南,2024-04-03,8888
1609,大亞,876,689,187,國泰-敦南,2024-04-03,8888
6207,雷科,694,510,184,國泰-敦南,2024-04-03,8888
00939,統一台灣高息動能,979,799,180,國泰-敦南,2024-04-03,8888
00830,國泰費城半導體,225,74,151,國泰-敦南,2024-04-03,8888
00772B,中信高評級公司債,207,58,149,國泰-敦南,2024-04-03,8888
2851,中再保,156,8,148,國泰-敦南,2024-04-03,8888
6288,聯嘉,307,159,148,國泰-敦南,2024-04-03,8888
3036,文曄,323,184,139,國泰-敦南,2024-04-03,8888
00670L,富邦NASDAQ正2,143,7,136,國泰-敦南,2024-04-03,8888
2359,所羅門,207,72,135,國泰-敦南,2024-04-03,8888
2382,廣達,548,421,127,國泰-敦南,2024-04-03,8888
00857B,永豐20年美公債,273,147,126,國泰-敦南,2024-04-03,8888
2834,臺企銀,184,58,126,國泰-敦南,2024-04-03,8888
2882,國泰金,265,143,122,國泰-敦南,2024-04-03,8888
2881,富邦金,156,35,121,國泰-敦南,2024-04-03,8888
2886,兆豐金,176,55,121,國泰-敦南,2024-04-03,8888
00929,復華台灣科技優息,6286,1127,5159,國泰-敦南,2024-04-08,8888
00940,元大台灣價值高息,8804,4942,3862,國泰-敦南,2024-04-08,8888
00937B,群益ESG投等債20,5208,1547,3661,國泰-敦南,2024-04-08,8888
00687B,國泰20年美債,4129,926,3203,國泰-敦南,2024-04-08,8888
00679B,元大美債20年,3289,512,2777,國泰-敦南,2024-04-08,8888
00919,群益台灣精選高息,3623,1797,1826,國泰-敦南,2024-04-08,8888
00881,國泰台灣5G+,1554,150,1404,國泰-敦南,2024-04-08,8888
00933B,國泰10Y+金融債,1837,626,1211,國泰-敦南,2024-04-08,8888
00680L,元大美債20正2,1465,731,734,國泰-敦南,2024-04-08,8888
00941,中信上游半導體,1377,668,709,國泰-敦南,2024-04-08,8888
00927,群益半導體收益,758,69,689,國泰-敦南,2024-04-08,8888
00795B,中信美國公債20年,954,267,687,國泰-敦南,2024-04-08,8888
00720B,元大投資級公司債,742,99,643,國泰-敦南,2024-04-08,8888
6120,達運,2638,2004,634,國泰-敦南,2024-04-08,8888
00632R,元大台灣50反1,1449,846,603,國泰-敦南,2024-04-08,8888
00751B,元大AAA至A公司債,664,90,574,國泰-敦南,2024-04-08,8888
2356,英業達,771,249,522,國泰-敦南,2024-04-08,8888
00931B,統一美債20年,566,104,462,國泰-敦南,2024-04-08,8888
2374,佳能,1326,875,451,國泰-敦南,2024-04-08,8888
2618,長榮航,462,142,320,國泰-敦南,2024-04-08,8888
2371,大同,765,446,319,國泰-敦南,2024-04-08,8888
00733,富邦臺灣中小,383,66,317,國泰-敦南,2024-04-08,8888
00665L,富邦�琤肭磪囓�2,761,446,315,國泰-敦南,2024-04-08,8888
2317,鴻海,1102,825,277,國泰-敦南,2024-04-08,8888
00857B,永豐20年美公債,315,37,278,國泰-敦南,2024-04-08,8888
2888,新光金,398,138,260,國泰-敦南,2024-04-08,8888
00673R,期元大S＆P原油反1,484,241,243,國泰-敦南,2024-04-08,8888
2324,仁寶,317,110,207,國泰-敦南,2024-04-08,8888
0056,元大高股息,784,580,204,國泰-敦南,2024-04-08,8888
00939,統一台灣高息動能,1015,818,197,國泰-敦南,2024-04-08,8888
00706L,期元大S＆P日圓正2,274,85,189,國泰-敦南,2024-04-08,8888
00909,國泰數位支付服務,229,42,187,國泰-敦南,2024-04-08,8888
6189,豐藝,341,155,186,國泰-敦南,2024-04-08,8888
00712,復華富時不動產,868,687,181,國泰-敦南,2024-04-08,8888
2359,所羅門,238,84,154,國泰-敦南,2024-04-08,8888
00764B,群益25年美債,164,11,153,國泰-敦南,2024-04-08,8888
00688L,國泰20年美債正2,824,671,153,國泰-敦南,2024-04-08,8888
2382,廣達,472,324,148,國泰-敦南,2024-04-08,8888
2014,中鴻,164,26,138,國泰-敦南,2024-04-08,8888
3050,鈺德,162,25,137,國泰-敦南,2024-04-08,8888
2353,宏��,263,126,137,國泰-敦南,2024-04-08,8888
00772B,中信高評級公司債,249,117,132,國泰-敦南,2024-04-08,8888
4746,台耀,253,123,130,國泰-敦南,2024-04-08,8888
2610,華航,254,128,126,國泰-敦南,2024-04-08,8888
3715,定穎投控,489,364,125,國泰-敦南,2024-04-08,8888
3036,文曄,217,99,118,國泰-敦南,2024-04-08,8888
2506,太設,121,11,110,國泰-敦南,2024-04-08,8888
2897,王道銀行,125,16,109,國泰-敦南,2024-04-08,8888
00637L,元大滬深300正2,166,58,108,國泰-敦南,2024-04-08,8888
3450,聯鈞,190,84,106,國泰-敦南,2024-04-08,8888
00929,復華台灣科技優息,5266,1231,4035,國泰-敦南,2024-04-09,8888
00632R,元大台灣50反1,5092,3058,2034,國泰-敦南,2024-04-09,8888
00937B,群益ESG投等債20,2206,758,1448,國泰-敦南,2024-04-09,8888
3231,緯創,2257,1086,1171,國泰-敦南,2024-04-09,8888
00679B,元大美債20年,1133,385,748,國泰-敦南,2024-04-09,8888
2515,中工,1531,867,664,國泰-敦南,2024-04-09,8888
00941,中信上游半導體,830,348,482,國泰-敦南,2024-04-09,8888
00687B,國泰20年美債,1079,629,450,國泰-敦南,2024-04-09,8888
6189,豐藝,1009,637,372,國泰-敦南,2024-04-09,8888
3013,晟銘電,1185,824,361,國泰-敦南,2024-04-09,8888
2537,聯上發,922,618,304,國泰-敦南,2024-04-09,8888
00720B,元大投資級公司債,391,92,299,國泰-敦南,2024-04-09,8888
00919,群益台灣精選高息,1692,1412,280,國泰-敦南,2024-04-09,8888
2356,英業達,613,333,280,國泰-敦南,2024-04-09,8888
00933B,國泰10Y+金融債,653,403,250,國泰-敦南,2024-04-09,8888
00795B,中信美國公債20年,304,68,236,國泰-敦南,2024-04-09,8888
00733,富邦臺灣中小,274,46,228,國泰-敦南,2024-04-09,8888
00885,富邦越南,347,125,222,國泰-敦南,2024-04-09,8888
00688L,國泰20年美債正2,393,192,201,國泰-敦南,2024-04-09,8888
6188,廣明,719,518,201,國泰-敦南,2024-04-09,8888
00637L,元大滬深300正2,308,113,195,國泰-敦南,2024-04-09,8888
2317,鴻海,1311,1117,194,國泰-敦南,2024-04-09,8888
2371,大同,951,761,190,國泰-敦南,2024-04-09,8888
00751B,元大AAA至A公司債,240,54,186,國泰-敦南,2024-04-09,8888
2486,一詮,2144,1960,184,國泰-敦南,2024-04-09,8888
2501,國建,517,346,171,國泰-敦南,2024-04-09,8888
00676R,富邦臺灣加權反1,166,0,166,國泰-敦南,2024-04-09,8888
2009,第一銅,1223,1060,163,國泰-敦南,2024-04-09,8888
2329,華泰,276,122,154,國泰-敦南,2024-04-09,8888
2382,廣達,463,314,149,國泰-敦南,2024-04-09,8888
2354,鴻準,362,220,142,國泰-敦南,2024-04-09,8888
6578,達邦蛋白,195,55,140,國泰-敦南,2024-04-09,8888
6207,雷科,1031,901,130,國泰-敦南,2024-04-09,8888
6005,群益證,356,230,126,國泰-敦南,2024-04-09,8888
2402,毅嘉,324,203,121,國泰-敦南,2024-04-09,8888
00664R,國泰臺灣加權反1,193,78,115,國泰-敦南,2024-04-09,8888
2527,宏璟,152,39,113,國泰-敦南,2024-04-09,8888
2367,燿華,655,542,113,國泰-敦南,2024-04-09,8888
2344,華邦電,421,309,112,國泰-敦南,2024-04-09,8888
8011,台通,298,189,109,國泰-敦南,2024-04-09,8888
3583,辛耘,346,237,109,國泰-敦南,2024-04-09,8888
00909,國泰數位支付服務,155,48,107,國泰-敦南,2024-04-09,8888
3312,弘憶股,194,88,106,國泰-敦南,2024-04-09,8888
3037,欣興,178,77,101,國泰-敦南,2024-04-09,8888
8085,福華,130,35,95,國泰-敦南,2024-04-09,8888
2605,新興,162,69,93,國泰-敦南,2024-04-09,8888
00719B,元大美債1-3,105,14,91,國泰-敦南,2024-04-09,8888
4716,大立,299,208,91,國泰-敦南,2024-04-09,8888
4303,信立,388,297,91,國泰-敦南,2024-04-09,8888
3548,兆利,239,151,88,國泰-敦南,2024-04-09,8888
00937B,群益ESG投等債20,3914,952,2962,國泰-敦南,2024-04-10,8888
00881,國泰台灣5G+,2251,1437,814,國泰-敦南,2024-04-10,8888
2317,鴻海,1516,803,713,國泰-敦南,2024-04-10,8888
2515,中工,2494,1872,622,國泰-敦南,2024-04-10,8888
3481,群創,1008,528,480,國泰-敦南,2024-04-10,8888
00929,復華台灣科技優息,2844,2373,471,國泰-敦南,2024-04-10,8888
00941,中信上游半導體,794,371,423,國泰-敦南,2024-04-10,8888
00909,國泰數位支付服務,439,16,423,國泰-敦南,2024-04-10,8888
1513,中興電,1350,973,377,國泰-敦南,2024-04-10,8888
1503,士電,889,549,340,國泰-敦南,2024-04-10,8888
8096,擎亞,1875,1542,333,國泰-敦南,2024-04-10,8888
00733,富邦臺灣中小,363,31,332,國泰-敦南,2024-04-10,8888
1608,華榮,1985,1665,320,國泰-敦南,2024-04-10,8888
6016,康和證,403,87,316,國泰-敦南,2024-04-10,8888
2009,第一銅,2028,1716,312,國泰-敦南,2024-04-10,8888
2382,廣達,468,188,280,國泰-敦南,2024-04-10,8888
00679B,元大美債20年,509,232,277,國泰-敦南,2024-04-10,8888
3231,緯創,1132,869,263,國泰-敦南,2024-04-10,8888
2002,中鋼,801,538,263,國泰-敦南,2024-04-10,8888
2025,千興,462,223,239,國泰-敦南,2024-04-10,8888
2376,技嘉,621,399,222,國泰-敦南,2024-04-10,8888
2537,聯上發,879,668,211,國泰-敦南,2024-04-10,8888
2014,中鴻,825,616,209,國泰-敦南,2024-04-10,8888
2882,國泰金,280,79,201,國泰-敦南,2024-04-10,8888
1101,台泥,437,237,200,國泰-敦南,2024-04-10,8888
6015,宏遠證,228,32,196,國泰-敦南,2024-04-10,8888
8033,雷虎,307,122,185,國泰-敦南,2024-04-10,8888
6117,迎廣,741,557,184,國泰-敦南,2024-04-10,8888
2464,盟立,942,759,183,國泰-敦南,2024-04-10,8888
2634,漢翔,1085,904,181,國泰-敦南,2024-04-10,8888
00923,群益台ESG低碳50,243,63,180,國泰-敦南,2024-04-10,8888
2883,凱基金,439,263,176,國泰-敦南,2024-04-10,8888
00637L,元大滬深300正2,301,127,174,國泰-敦南,2024-04-10,8888
2371,大同,552,381,171,國泰-敦南,2024-04-10,8888
6215,和椿,435,279,156,國泰-敦南,2024-04-10,8888
6026,福邦證,361,208,153,國泰-敦南,2024-04-10,8888
2383,台光電,244,95,149,國泰-敦南,2024-04-10,8888
8085,福華,244,100,144,國泰-敦南,2024-04-10,8888
4533,協易機,1176,1033,143,國泰-敦南,2024-04-10,8888
2007,燁興,367,226,141,國泰-敦南,2024-04-10,8888
00927,群益半導體收益,315,175,140,國泰-敦南,2024-04-10,8888
2885,元大金,187,49,138,國泰-敦南,2024-04-10,8888
3715,定穎投控,425,291,134,國泰-敦南,2024-04-10,8888
3294,英濟,527,395,132,國泰-敦南,2024-04-10,8888
3666,光耀,175,43,132,國泰-敦南,2024-04-10,8888
00895,富邦未來車,154,31,123,國泰-敦南,2024-04-10,8888
2609,陽明,232,112,120,國泰-敦南,2024-04-10,8888
2367,燿華,534,414,120,國泰-敦南,2024-04-10,8888
6125,廣運,249,129,120,國泰-敦南,2024-04-10,8888
2486,一詮,1022,907,115,國泰-敦南,2024-04-10,8888
00937B,群益ESG投等債20,7717,1433,6284,國泰-敦南,2024-04-11,8888
00929,復華台灣科技優息,5075,1041,4034,國泰-敦南,2024-04-11,8888
00687B,國泰20年美債,4304,717,3587,國泰-敦南,2024-04-11,8888
3481,群創,2724,388,2336,國泰-敦南,2024-04-11,8888
00679B,元大美債20年,2713,381,2332,國泰-敦南,2024-04-11,8888
00712,復華富時不動產,4174,2098,2076,國泰-敦南,2024-04-11,8888
00933B,國泰10Y+金融債,2004,443,1561,國泰-敦南,2024-04-11,8888
00680L,元大美債20正2,2182,1283,899,國泰-敦南,2024-04-11,8888
00676R,富邦臺灣加權反1,905,22,883,國泰-敦南,2024-04-11,8888
0056,元大高股息,1195,351,844,國泰-敦南,2024-04-11,8888
00795B,中信美國公債20年,793,94,699,國泰-敦南,2024-04-11,8888
00720B,元大投資級公司債,895,204,691,國泰-敦南,2024-04-11,8888
00688L,國泰20年美債正2,1098,460,638,國泰-敦南,2024-04-11,8888
00751B,元大AAA至A公司債,724,173,551,國泰-敦南,2024-04-11,8888
2317,鴻海,2278,1744,534,國泰-敦南,2024-04-11,8888
3231,緯創,1133,645,488,國泰-敦南,2024-04-11,8888
2303,聯電,656,212,444,國泰-敦南,2024-04-11,8888
00931B,統一美債20年,571,132,439,國泰-敦南,2024-04-11,8888
00927,群益半導體收益,624,243,381,國泰-敦南,2024-04-11,8888
3013,晟銘電,1858,1502,356,國泰-敦南,2024-04-11,8888
00772B,中信高評級公司債,378,58,320,國泰-敦南,2024-04-11,8888
00878,國泰永續高股息,1046,727,319,國泰-敦南,2024-04-11,8888
00733,富邦臺灣中小,382,75,307,國泰-敦南,2024-04-11,8888
00725B,國泰投資級公司債,308,26,282,國泰-敦南,2024-04-11,8888
8096,擎亞,1194,920,274,國泰-敦南,2024-04-11,8888
2344,華邦電,400,136,264,國泰-敦南,2024-04-11,8888
2888,新光金,420,170,250,國泰-敦南,2024-04-11,8888
1514,亞力,3543,3303,240,國泰-敦南,2024-04-11,8888
00673R,期元大S＆P原油反1,334,104,230,國泰-敦南,2024-04-11,8888
2501,國建,926,697,229,國泰-敦南,2024-04-11,8888
2409,友達,529,303,226,國泰-敦南,2024-04-11,8888
2630,亞航,803,586,217,國泰-敦南,2024-04-11,8888
00881,國泰台灣5G+,320,106,214,國泰-敦南,2024-04-11,8888
6770,力積電,228,27,201,國泰-敦南,2024-04-11,8888
00857B,永豐20年美公債,388,193,195,國泰-敦南,2024-04-11,8888
2881,富邦金,240,50,190,國泰-敦南,2024-04-11,8888
1503,士電,901,714,187,國泰-敦南,2024-04-11,8888
2329,華泰,1321,1135,186,國泰-敦南,2024-04-11,8888
00909,國泰數位支付服務,201,17,184,國泰-敦南,2024-04-11,8888
2605,新興,417,246,171,國泰-敦南,2024-04-11,8888
00923,群益台ESG低碳50,234,74,160,國泰-敦南,2024-04-11,8888
2406,國碩,976,818,158,國泰-敦南,2024-04-11,8888
6117,迎廣,859,704,155,國泰-敦南,2024-04-11,8888
9958,世紀鋼,221,70,151,國泰-敦南,2024-04-11,8888
3260,威剛,488,342,146,國泰-敦南,2024-04-11,8888
006208,富邦台50,241,98,143,國泰-敦南,2024-04-11,8888
3363,上詮,305,162,143,國泰-敦南,2024-04-11,8888
00939,統一台灣高息動能,922,781,141,國泰-敦南,2024-04-11,8888
3673,TPK-KY,168,28,140,國泰-敦南,2024-04-11,8888
2634,漢翔,456,319,137,國泰-敦南,2024-04-11,8888
00937B,群益ESG投等債20,5219,695,4524,國泰-敦南,2024-04-12,8888
00929,復華台灣科技優息,5238,942,4296,國泰-敦南,2024-04-12,8888
00687B,國泰20年美債,3265,693,2572,國泰-敦南,2024-04-12,8888
00933B,國泰10Y+金融債,2023,226,1797,國泰-敦南,2024-04-12,8888
00878,國泰永續高股息,2041,541,1500,國泰-敦南,2024-04-12,8888
00679B,元大美債20年,1423,282,1141,國泰-敦南,2024-04-12,8888
2353,宏��,2769,1757,1012,國泰-敦南,2024-04-12,8888
2363,矽統,9949,9075,874,國泰-敦南,2024-04-12,8888
00795B,中信美國公債20年,765,21,744,國泰-敦南,2024-04-12,8888
0056,元大高股息,969,295,674,國泰-敦南,2024-04-12,8888
00680L,元大美債20正2,1614,1000,614,國泰-敦南,2024-04-12,8888
2618,長榮航,1153,608,545,國泰-敦南,2024-04-12,8888
00720B,元大投資級公司債,623,110,513,國泰-敦南,2024-04-12,8888
00751B,元大AAA至A公司債,558,49,509,國泰-敦南,2024-04-12,8888
2382,廣達,648,192,456,國泰-敦南,2024-04-12,8888
2501,國建,1144,702,442,國泰-敦南,2024-04-12,8888
00665L,富邦�琤肭磪囓�2,1112,693,419,國泰-敦南,2024-04-12,8888
2883,凱基金,534,146,388,國泰-敦南,2024-04-12,8888
2887,台新金,418,44,374,國泰-敦南,2024-04-12,8888
3231,緯創,950,608,342,國泰-敦南,2024-04-12,8888
00725B,國泰投資級公司債,348,11,337,國泰-敦南,2024-04-12,8888
2882,國泰金,383,56,327,國泰-敦南,2024-04-12,8888
2344,華邦電,448,122,326,國泰-敦南,2024-04-12,8888
3481,群創,854,554,300,國泰-敦南,2024-04-12,8888
00688L,國泰20年美債正2,613,333,280,國泰-敦南,2024-04-12,8888
00927,群益半導體收益,484,207,277,國泰-敦南,2024-04-12,8888
00712,復華富時不動產,650,379,271,國泰-敦南,2024-04-12,8888
2352,佳世達,291,50,241,國泰-敦南,2024-04-12,8888
00941,中信上游半導體,566,330,236,國泰-敦南,2024-04-12,8888
6548,長科*,276,64,212,國泰-敦南,2024-04-12,8888
00733,富邦臺灣中小,285,73,212,國泰-敦南,2024-04-12,8888
00931B,統一美債20年,312,120,192,國泰-敦南,2024-04-12,8888
2002,中鋼,378,188,190,國泰-敦南,2024-04-12,8888
00882,中信中國高股息,561,374,187,國泰-敦南,2024-04-12,8888
6770,力積電,216,45,171,國泰-敦南,2024-04-12,8888
2356,英業達,472,303,169,國泰-敦南,2024-04-12,8888
2812,台中銀,170,11,159,國泰-敦南,2024-04-12,8888
2884,玉山金,273,114,159,國泰-敦南,2024-04-12,8888
2537,聯上發,596,440,156,國泰-敦南,2024-04-12,8888
8011,台通,512,358,154,國泰-敦南,2024-04-12,8888
2836,高雄銀,168,14,154,國泰-敦南,2024-04-12,8888
4938,和碩,195,44,151,國泰-敦南,2024-04-12,8888
2409,友達,276,128,148,國泰-敦南,2024-04-12,8888
2317,鴻海,1071,928,143,國泰-敦南,2024-04-12,8888
00637L,元大滬深300正2,222,85,137,國泰-敦南,2024-04-12,8888
2330,台積電,228,104,124,國泰-敦南,2024-04-12,8888
2301,光寶科,191,68,123,國泰-敦南,2024-04-12,8888
2881,富邦金,182,63,119,國泰-敦南,2024-04-12,8888
00764B,群益25年美債,150,33,117,國泰-敦南,2024-04-12,8888
2464,盟立,202,87,115,國泰-敦南,2024-04-12,8888
00929,復華台灣科技優息,12929,2148,10781,國泰-敦南,2024-04-15,8888
00878,國泰永續高股息,6890,1307,5583,國泰-敦南,2024-04-15,8888
00940,元大台灣價值高息,5651,2490,3161,國泰-敦南,2024-04-15,8888
0056,元大高股息,2522,650,1872,國泰-敦南,2024-04-15,8888
00927,群益半導體收益,1525,141,1384,國泰-敦南,2024-04-15,8888
00941,中信上游半導體,1433,336,1097,國泰-敦南,2024-04-15,8888
1608,華榮,3067,2087,980,國泰-敦南,2024-04-15,8888
00939,統一台灣高息動能,1738,824,914,國泰-敦南,2024-04-15,8888
00933B,國泰10Y+金融債,1147,235,912,國泰-敦南,2024-04-15,8888
2317,鴻海,1511,696,815,國泰-敦南,2024-04-15,8888
00937B,群益ESG投等債20,2468,1713,755,國泰-敦南,2024-04-15,8888
2867,三商壽,1748,1029,719,國泰-敦南,2024-04-15,8888
1513,中興電,2765,2096,669,國泰-敦南,2024-04-15,8888
4533,協易機,2522,1865,657,國泰-敦南,2024-04-15,8888
2371,大同,5387,4760,627,國泰-敦南,2024-04-15,8888
00720B,元大投資級公司債,635,72,563,國泰-敦南,2024-04-15,8888
00687B,國泰20年美債,1256,695,561,國泰-敦南,2024-04-15,8888
2367,燿華,2039,1494,545,國泰-敦南,2024-04-15,8888
1504,東元,1524,1006,518,國泰-敦南,2024-04-15,8888
00712,復華富時不動產,948,439,509,國泰-敦南,2024-04-15,8888
00679B,元大美債20年,776,296,480,國泰-敦南,2024-04-15,8888
2618,長榮航,674,225,449,國泰-敦南,2024-04-15,8888
2303,聯電,645,237,408,國泰-敦南,2024-04-15,8888
00919,群益台灣精選高息,2392,1987,405,國泰-敦南,2024-04-15,8888
1514,亞力,3492,3108,384,國泰-敦南,2024-04-15,8888
2009,第一銅,1160,782,378,國泰-敦南,2024-04-15,8888
2374,佳能,1485,1115,370,國泰-敦南,2024-04-15,8888
00923,群益台ESG低碳50,439,102,337,國泰-敦南,2024-04-15,8888
3481,群創,843,508,335,國泰-敦南,2024-04-15,8888
2634,漢翔,1916,1594,322,國泰-敦南,2024-04-15,8888
3056,富華新,375,57,318,國泰-敦南,2024-04-15,8888
00909,國泰數位支付服務,380,62,318,國泰-敦南,2024-04-15,8888
2002,中鋼,448,133,315,國泰-敦南,2024-04-15,8888
8096,擎亞,868,559,309,國泰-敦南,2024-04-15,8888
00857B,永豐20年美公債,330,31,299,國泰-敦南,2024-04-15,8888
2883,凱基金,569,296,273,國泰-敦南,2024-04-15,8888
3712,永崴投控,516,251,265,國泰-敦南,2024-04-15,8888
00751B,元大AAA至A公司債,372,109,263,國泰-敦南,2024-04-15,8888
00753L,中信中國50正2,1581,1317,264,國泰-敦南,2024-04-15,8888
00830,國泰費城半導體,271,21,250,國泰-敦南,2024-04-15,8888
00733,富邦臺灣中小,392,146,246,國泰-敦南,2024-04-15,8888
2025,千興,298,62,236,國泰-敦南,2024-04-15,8888
5512,力麒,360,138,222,國泰-敦南,2024-04-15,8888
00891,中信關鍵半導體,351,131,220,國泰-敦南,2024-04-15,8888
2356,英業達,476,260,216,國泰-敦南,2024-04-15,8888
006208,富邦台50,291,80,211,國泰-敦南,2024-04-15,8888
00922,國泰台灣領袖50,275,66,209,國泰-敦南,2024-04-15,8888
1314,中石化,630,423,207,國泰-敦南,2024-04-15,8888
3231,緯創,805,600,205,國泰-敦南,2024-04-15,8888
1503,士電,567,379,188,國泰-敦南,2024-04-15,8888
00940,元大台灣價值高息,25934,6120,19814,國泰-敦南,2024-04-16,8888
00929,復華台灣科技優息,17951,4127,13824,國泰-敦南,2024-04-16,8888
00919,群益台灣精選高息,13428,4142,9286,國泰-敦南,2024-04-16,8888
00937B,群益ESG投等債20,11221,2439,8782,國泰-敦南,2024-04-16,8888
00878,國泰永續高股息,7986,2435,5551,國泰-敦南,2024-04-16,8888
0056,元大高股息,4920,1518,3402,國泰-敦南,2024-04-16,8888
00939,統一台灣高息動能,4725,1692,3033,國泰-敦南,2024-04-16,8888
00687B,國泰20年美債,2140,824,1316,國泰-敦南,2024-04-16,8888
2867,三商壽,2670,1364,1306,國泰-敦南,2024-04-16,8888
2618,長榮航,1520,222,1298,國泰-敦南,2024-04-16,8888
1609,大亞,6606,5511,1095,國泰-敦南,2024-04-16,8888
00933B,國泰10Y+金融債,1652,644,1008,國泰-敦南,2024-04-16,8888
00712,復華富時不動產,1966,985,981,國泰-敦南,2024-04-16,8888
00934,中信成長高股息,1208,272,936,國泰-敦南,2024-04-16,8888
00720B,元大投資級公司債,1045,196,849,國泰-敦南,2024-04-16,8888
2888,新光金,879,110,769,國泰-敦南,2024-04-16,8888
00751B,元大AAA至A公司債,875,126,749,國泰-敦南,2024-04-16,8888
00679B,元大美債20年,1202,455,747,國泰-敦南,2024-04-16,8888
2344,華邦電,944,283,661,國泰-敦南,2024-04-16,8888
3481,群創,1208,571,637,國泰-敦南,2024-04-16,8888
00927,群益半導體收益,1179,596,583,國泰-敦南,2024-04-16,8888
3231,緯創,1261,719,542,國泰-敦南,2024-04-16,8888
00918,大華優利高填息30,1477,955,522,國泰-敦南,2024-04-16,8888
00885,富邦越南,664,171,493,國泰-敦南,2024-04-16,8888
2887,台新金,960,530,430,國泰-敦南,2024-04-16,8888
00941,中信上游半導體,1804,1387,417,國泰-敦南,2024-04-16,8888
00923,群益台ESG低碳50,663,303,360,國泰-敦南,2024-04-16,8888
2892,第一金,454,109,345,國泰-敦南,2024-04-16,8888
006208,富邦台50,760,424,336,國泰-敦南,2024-04-16,8888
2883,凱基金,1031,696,335,國泰-敦南,2024-04-16,8888
00795B,中信美國公債20年,446,127,319,國泰-敦南,2024-04-16,8888
00733,富邦臺灣中小,599,281,318,國泰-敦南,2024-04-16,8888
1314,中石化,444,129,315,國泰-敦南,2024-04-16,8888
2371,大同,2053,1757,296,國泰-敦南,2024-04-16,8888
2630,亞航,2225,1930,295,國泰-敦南,2024-04-16,8888
00922,國泰台灣領袖50,512,228,284,國泰-敦南,2024-04-16,8888
2897,王道銀行,295,30,265,國泰-敦南,2024-04-16,8888
2610,華航,512,248,264,國泰-敦南,2024-04-16,8888
2330,台積電,558,296,262,國泰-敦南,2024-04-16,8888
2609,陽明,382,122,260,國泰-敦南,2024-04-16,8888
2353,宏��,793,543,250,國泰-敦南,2024-04-16,8888
00631L,元大台灣50正2,382,142,240,國泰-敦南,2024-04-16,8888
5880,合庫金,317,78,239,國泰-敦南,2024-04-16,8888
2801,彰銀,363,126,237,國泰-敦南,2024-04-16,8888
00909,國泰數位支付服務,301,65,236,國泰-敦南,2024-04-16,8888
9105,泰金寶-DR,534,299,235,國泰-敦南,2024-04-16,8888
1618,合機,2979,2752,227,國泰-敦南,2024-04-16,8888
00725B,國泰投資級公司債,262,36,226,國泰-敦南,2024-04-16,8888
00931B,統一美債20年,400,181,219,國泰-敦南,2024-04-16,8888
2891,中信金,412,193,219,國泰-敦南,2024-04-16,8888
00937B,群益ESG投等債20,9000,875,8125,國泰-敦南,2024-04-17,8888
00940,元大台灣價值高息,9557,3269,6288,國泰-敦南,2024-04-17,8888
00929,復華台灣科技優息,7109,3045,4064,國泰-敦南,2024-04-17,8888
00712,復華富時不動產,3454,516,2938,國泰-敦南,2024-04-17,8888
0056,元大高股息,3495,646,2849,國泰-敦南,2024-04-17,8888
00632R,元大台灣50反1,4330,1889,2441,國泰-敦南,2024-04-17,8888
00687B,國泰20年美債,2211,598,1613,國泰-敦南,2024-04-17,8888
00933B,國泰10Y+金融債,1864,320,1544,國泰-敦南,2024-04-17,8888
00679B,元大美債20年,1847,498,1349,國泰-敦南,2024-04-17,8888
00720B,元大投資級公司債,1305,186,1119,國泰-敦南,2024-04-17,8888
00857B,永豐20年美公債,1134,56,1078,國泰-敦南,2024-04-17,8888
00878,國泰永續高股息,1856,950,906,國泰-敦南,2024-04-17,8888
00919,群益台灣精選高息,2053,1375,678,國泰-敦南,2024-04-17,8888
3231,緯創,1285,619,666,國泰-敦南,2024-04-17,8888
00941,中信上游半導體,859,266,593,國泰-敦南,2024-04-17,8888
00725B,國泰投資級公司債,603,21,582,國泰-敦南,2024-04-17,8888
2618,長榮航,703,134,569,國泰-敦南,2024-04-17,8888
00665L,富邦�琤肭磪囓�2,1336,834,502,國泰-敦南,2024-04-17,8888
3481,群創,854,402,452,國泰-敦南,2024-04-17,8888
00927,群益半導體收益,504,107,397,國泰-敦南,2024-04-17,8888
2303,聯電,637,254,383,國泰-敦南,2024-04-17,8888
1810,和成,1721,1344,377,國泰-敦南,2024-04-17,8888
6770,力積電,624,258,366,國泰-敦南,2024-04-17,8888
00753L,中信中國50正2,410,60,350,國泰-敦南,2024-04-17,8888
00909,國泰數位支付服務,363,37,326,國泰-敦南,2024-04-17,8888
00772B,中信高評級公司債,389,89,300,國泰-敦南,2024-04-17,8888
00680L,元大美債20正2,937,641,296,國泰-敦南,2024-04-17,8888
2002,中鋼,460,166,294,國泰-敦南,2024-04-17,8888
00931B,統一美債20年,368,93,275,國泰-敦南,2024-04-17,8888
00650L,復華香港正2,327,54,273,國泰-敦南,2024-04-17,8888
00918,大華優利高填息30,476,208,268,國泰-敦南,2024-04-17,8888
00751B,元大AAA至A公司債,417,166,251,國泰-敦南,2024-04-17,8888
2851,中再保,262,14,248,國泰-敦南,2024-04-17,8888
2610,華航,295,70,225,國泰-敦南,2024-04-17,8888
2353,宏��,579,356,223,國泰-敦南,2024-04-17,8888
2537,聯上發,340,130,210,國泰-敦南,2024-04-17,8888
2401,凌陽,700,493,207,國泰-敦南,2024-04-17,8888
2409,友達,307,101,206,國泰-敦南,2024-04-17,8888
00733,富邦臺灣中小,429,227,202,國泰-敦南,2024-04-17,8888
2317,鴻海,1203,1003,200,國泰-敦南,2024-04-17,8888
2897,王道銀行,201,5,196,國泰-敦南,2024-04-17,8888
00905,FT臺灣Smart,247,63,184,國泰-敦南,2024-04-17,8888
8086,宏捷科,205,22,183,國泰-敦南,2024-04-17,8888
2883,凱基金,358,175,183,國泰-敦南,2024-04-17,8888
2101,南港,338,156,182,國泰-敦南,2024-04-17,8888
2382,廣達,450,273,177,國泰-敦南,2024-04-17,8888
2884,玉山金,308,154,154,國泰-敦南,2024-04-17,8888
00795B,中信美國公債20年,408,255,153,國泰-敦南,2024-04-17,8888
2367,燿華,1429,1278,151,國泰-敦南,2024-04-17,8888
4167,松瑞藥,240,95,145,國泰-敦南,2024-04-17,8888
00929,復華台灣科技優息,5045,1047,3998,國泰-敦南,2024-04-18,8888
00937B,群益ESG投等債20,4264,694,3570,國泰-敦南,2024-04-18,8888
0056,元大高股息,2366,459,1907,國泰-敦南,2024-04-18,8888
2371,大同,8031,6550,1481,國泰-敦南,2024-04-18,8888
00941,中信上游半導體,1913,507,1406,國泰-敦南,2024-04-18,8888
1605,華新,3890,2858,1032,國泰-敦南,2024-04-18,8888
00712,復華富時不動產,1108,141,967,國泰-敦南,2024-04-18,8888
00934,中信成長高股息,1022,105,917,國泰-敦南,2024-04-18,8888
00919,群益台灣精選高息,2103,1285,818,國泰-敦南,2024-04-18,8888
00688L,國泰20年美債正2,902,111,791,國泰-敦南,2024-04-18,8888
00733,富邦臺灣中小,644,126,518,國泰-敦南,2024-04-18,8888
5512,力麒,734,329,405,國泰-敦南,2024-04-18,8888
00830,國泰費城半導體,419,16,403,國泰-敦南,2024-04-18,8888
00885,富邦越南,485,82,403,國泰-敦南,2024-04-18,8888
00927,群益半導體收益,455,81,374,國泰-敦南,2024-04-18,8888
1513,中興電,2530,2170,360,國泰-敦南,2024-04-18,8888
2374,佳能,1109,757,352,國泰-敦南,2024-04-18,8888
00933B,國泰10Y+金融債,601,261,340,國泰-敦南,2024-04-18,8888
00909,國泰數位支付服務,340,54,286,國泰-敦南,2024-04-18,8888
00687B,國泰20年美債,730,446,284,國泰-敦南,2024-04-18,8888
00680L,元大美債20正2,413,148,265,國泰-敦南,2024-04-18,8888
00720B,元大投資級公司債,381,129,252,國泰-敦南,2024-04-18,8888
2329,華泰,810,595,215,國泰-敦南,2024-04-18,8888
2501,國建,957,745,212,國泰-敦南,2024-04-18,8888
6770,力積電,438,232,206,國泰-敦南,2024-04-18,8888
00857B,永豐20年美公債,235,48,187,國泰-敦南,2024-04-18,8888
2504,國產,503,332,171,國泰-敦南,2024-04-18,8888
00632R,元大台灣50反1,960,796,164,國泰-敦南,2024-04-18,8888
8054,安國,1674,1517,157,國泰-敦南,2024-04-18,8888
00751B,元大AAA至A公司債,171,23,148,國泰-敦南,2024-04-18,8888
2367,燿華,1456,1312,144,國泰-敦南,2024-04-18,8888
00679B,元大美債20年,424,281,143,國泰-敦南,2024-04-18,8888
2061,風青,171,28,143,國泰-敦南,2024-04-18,8888
3056,富華新,163,27,136,國泰-敦南,2024-04-18,8888
2303,聯電,287,154,133,國泰-敦南,2024-04-18,8888
00918,大華優利高填息30,177,54,123,國泰-敦南,2024-04-18,8888
1609,大亞,2843,2721,122,國泰-敦南,2024-04-18,8888
1608,華榮,2631,2510,121,國泰-敦南,2024-04-18,8888
1503,士電,811,691,120,國泰-敦南,2024-04-18,8888
00725B,國泰投資級公司債,131,23,108,國泰-敦南,2024-04-18,8888
1504,東元,1262,1155,107,國泰-敦南,2024-04-18,8888
5515,建國,545,443,102,國泰-敦南,2024-04-18,8888
6120,達運,153,52,101,國泰-敦南,2024-04-18,8888
00662,富邦NASDAQ,102,2,100,國泰-敦南,2024-04-18,8888
8085,福華,119,21,98,國泰-敦南,2024-04-18,8888
6125,廣運,553,456,97,國泰-敦南,2024-04-18,8888
2406,國碩,145,50,95,國泰-敦南,2024-04-18,8888
3583,辛耘,264,169,95,國泰-敦南,2024-04-18,8888
00664R,國泰臺灣加權反1,119,28,91,國泰-敦南,2024-04-18,8888
00931B,統一美債20年,285,196,89,國泰-敦南,2024-04-18,8888
00929,復華台灣科技優息,23838,6497,17341,國泰-敦南,2024-04-19,8888
00940,元大台灣價值高息,16996,8299,8697,國泰-敦南,2024-04-19,8888
00878,國泰永續高股息,8642,1850,6792,國泰-敦南,2024-04-19,8888
00919,群益台灣精選高息,9632,4774,4858,國泰-敦南,2024-04-19,8888
0056,元大高股息,4723,1660,3063,國泰-敦南,2024-04-19,8888
00939,統一台灣高息動能,3946,1486,2460,國泰-敦南,2024-04-19,8888
1609,大亞,11684,9700,1984,國泰-敦南,2024-04-19,8888
2515,中工,7129,5451,1678,國泰-敦南,2024-04-19,8888
2330,台積電,2157,530,1627,國泰-敦南,2024-04-19,8888
00881,國泰台灣5G+,1803,215,1588,國泰-敦南,2024-04-19,8888
5512,力麒,3707,2170,1537,國泰-敦南,2024-04-19,8888
00941,中信上游半導體,2984,1690,1294,國泰-敦南,2024-04-19,8888
2303,聯電,1623,389,1234,國泰-敦南,2024-04-19,8888
006208,富邦台50,1466,315,1151,國泰-敦南,2024-04-19,8888
1608,華榮,5679,4727,952,國泰-敦南,2024-04-19,8888
2547,日勝生,1627,725,902,國泰-敦南,2024-04-19,8888
0050,元大台灣50,1136,252,884,國泰-敦南,2024-04-19,8888
2317,鴻海,1749,1047,702,國泰-敦南,2024-04-19,8888
00923,群益台ESG低碳50,887,239,648,國泰-敦南,2024-04-19,8888
00665L,富邦�琤肭磪囓�2,2026,1385,641,國泰-敦南,2024-04-19,8888
00927,群益半導體收益,906,309,597,國泰-敦南,2024-04-19,8888
00922,國泰台灣領袖50,712,193,519,國泰-敦南,2024-04-19,8888
00891,中信關鍵半導體,793,293,500,國泰-敦南,2024-04-19,8888
00937B,群益ESG投等債20,2587,2100,487,國泰-敦南,2024-04-19,8888
2887,台新金,626,140,486,國泰-敦南,2024-04-19,8888
6770,力積電,1055,574,481,國泰-敦南,2024-04-19,8888
00935,野村臺灣新科技50,660,197,463,國泰-敦南,2024-04-19,8888
1612,宏泰,1578,1120,458,國泰-敦南,2024-04-19,8888
00733,富邦臺灣中小,579,185,394,國泰-敦南,2024-04-19,8888
8936,國統,2225,1855,370,國泰-敦南,2024-04-19,8888
00631L,元大台灣50正2,551,208,343,國泰-敦南,2024-04-19,8888
2618,長榮航,793,454,339,國泰-敦南,2024-04-19,8888
2520,冠德,764,455,309,國泰-敦南,2024-04-19,8888
00675L,富邦臺灣加權正2,428,120,308,國泰-敦南,2024-04-19,8888
2834,臺企銀,480,187,293,國泰-敦南,2024-04-19,8888
3231,緯創,1124,832,292,國泰-敦南,2024-04-19,8888
2886,兆豐金,372,86,286,國泰-敦南,2024-04-19,8888
2881,富邦金,378,94,284,國泰-敦南,2024-04-19,8888
1101,台泥,433,150,283,國泰-敦南,2024-04-19,8888
2633,台灣高鐵,316,36,280,國泰-敦南,2024-04-19,8888
2892,第一金,323,47,276,國泰-敦南,2024-04-19,8888
1504,東元,1563,1312,251,國泰-敦南,2024-04-19,8888
5521,工信,2211,1961,250,國泰-敦南,2024-04-19,8888
2002,中鋼,384,138,246,國泰-敦南,2024-04-19,8888
2801,彰銀,295,53,242,國泰-敦南,2024-04-19,8888
2888,新光金,393,153,240,國泰-敦南,2024-04-19,8888
2409,友達,341,102,239,國泰-敦南,2024-04-19,8888
3481,群創,1118,886,232,國泰-敦南,2024-04-19,8888
00905,FT臺灣Smart,316,86,230,國泰-敦南,2024-04-19,8888
5880,合庫金,373,147,226,國泰-敦南,2024-04-19,8888
00929,復華台灣科技優息,16019,3256,12763,國泰-敦南,2024-04-22,8888
00937B,群益ESG投等債20,5112,632,4480,國泰-敦南,2024-04-22,8888
00940,元大台灣價值高息,7962,4588,3374,國泰-敦南,2024-04-22,8888
00919,群益台灣精選高息,6244,3641,2603,國泰-敦南,2024-04-22,8888
00939,統一台灣高息動能,3090,1099,1991,國泰-敦南,2024-04-22,8888
00878,國泰永續高股息,3131,1489,1642,國泰-敦南,2024-04-22,8888
2371,大同,7608,6444,1164,國泰-敦南,2024-04-22,8888
5512,力麒,3237,2430,807,國泰-敦南,2024-04-22,8888
2303,聯電,1083,444,639,國泰-敦南,2024-04-22,8888
2547,日勝生,1874,1289,585,國泰-敦南,2024-04-22,8888
1618,合機,1385,849,536,國泰-敦南,2024-04-22,8888
1609,大亞,4842,4313,529,國泰-敦南,2024-04-22,8888
00706L,期元大S＆P日圓正2,589,77,512,國泰-敦南,2024-04-22,8888
0056,元大高股息,1830,1345,485,國泰-敦南,2024-04-22,8888
1608,華榮,1993,1523,470,國泰-敦南,2024-04-22,8888
3231,緯創,1154,685,469,國泰-敦南,2024-04-22,8888
00933B,國泰10Y+金融債,789,377,412,國泰-敦南,2024-04-22,8888
00687B,國泰20年美債,1182,770,412,國泰-敦南,2024-04-22,8888
1617,榮星,897,512,385,國泰-敦南,2024-04-22,8888
5521,工信,1886,1519,367,國泰-敦南,2024-04-22,8888
2610,華航,1284,919,365,國泰-敦南,2024-04-22,8888
3703,欣陸,1821,1458,363,國泰-敦南,2024-04-22,8888
1616,億泰,642,326,316,國泰-敦南,2024-04-22,8888
00680L,元大美債20正2,1087,792,295,國泰-敦南,2024-04-22,8888
006208,富邦台50,459,167,292,國泰-敦南,2024-04-22,8888
2408,南亞科,333,68,265,國泰-敦南,2024-04-22,8888
2344,華邦電,420,167,253,國泰-敦南,2024-04-22,8888
00679B,元大美債20年,577,332,245,國泰-敦南,2024-04-22,8888
00676R,富邦臺灣加權反1,252,16,236,國泰-敦南,2024-04-22,8888
8473,山林水,880,679,201,國泰-敦南,2024-04-22,8888
3466,德晉,219,25,194,國泰-敦南,2024-04-22,8888
00857B,永豐20年美公債,228,35,193,國泰-敦南,2024-04-22,8888
2543,皇昌,361,190,171,國泰-敦南,2024-04-22,8888
00891,中信關鍵半導體,411,240,171,國泰-敦南,2024-04-22,8888
00720B,元大投資級公司債,297,131,166,國泰-敦南,2024-04-22,8888
8390,金益鼎,238,73,165,國泰-敦南,2024-04-22,8888
6125,廣運,971,808,163,國泰-敦南,2024-04-22,8888
2101,南港,796,635,161,國泰-敦南,2024-04-22,8888
2330,台積電,424,264,160,國泰-敦南,2024-04-22,8888
1603,華電,608,457,151,國泰-敦南,2024-04-22,8888
00923,群益台ESG低碳50,307,158,149,國泰-敦南,2024-04-22,8888
3015,全漢,368,225,143,國泰-敦南,2024-04-22,8888
3013,晟銘電,426,295,131,國泰-敦南,2024-04-22,8888
2009,第一銅,804,676,128,國泰-敦南,2024-04-22,8888
2530,華建,162,34,128,國泰-敦南,2024-04-22,8888
2501,國建,1225,1099,126,國泰-敦南,2024-04-22,8888
2520,冠德,1036,910,126,國泰-敦南,2024-04-22,8888
1513,中興電,1299,1173,126,國泰-敦南,2024-04-22,8888
4306,炎洲,423,299,124,國泰-敦南,2024-04-22,8888
2382,廣達,398,274,124,國泰-敦南,2024-04-22,8888
00929,復華台灣科技優息,6366,2354,4012,國泰-敦南,2024-04-23,8888
00940,元大台灣價值高息,3615,1942,1673,國泰-敦南,2024-04-23,8888
00937B,群益ESG投等債20,1967,925,1042,國泰-敦南,2024-04-23,8888
00878,國泰永續高股息,1746,756,990,國泰-敦南,2024-04-23,8888
00919,群益台灣精選高息,2375,1443,932,國泰-敦南,2024-04-23,8888
2515,中工,4969,4159,810,國泰-敦南,2024-04-23,8888
00706L,期元大S＆P日圓正2,635,30,605,國泰-敦南,2024-04-23,8888
00939,統一台灣高息動能,1189,633,556,國泰-敦南,2024-04-23,8888
1702,南僑,541,39,502,國泰-敦南,2024-04-23,8888
1316,上曜,1322,1001,321,國泰-敦南,2024-04-23,8888
3715,定穎投控,515,208,307,國泰-敦南,2024-04-23,8888
1440,南紡,971,710,261,國泰-敦南,2024-04-23,8888
2303,聯電,543,293,250,國泰-敦南,2024-04-23,8888
2610,華航,943,729,214,國泰-敦南,2024-04-23,8888
2317,鴻海,762,580,182,國泰-敦南,2024-04-23,8888
00891,中信關鍵半導體,221,44,177,國泰-敦南,2024-04-23,8888
0056,元大高股息,636,474,162,國泰-敦南,2024-04-23,8888
6005,群益證,372,217,155,國泰-敦南,2024-04-23,8888
6282,康舒,197,63,134,國泰-敦南,2024-04-23,8888
00941,中信上游半導體,322,190,132,國泰-敦南,2024-04-23,8888
3576,聯合再生,196,64,132,國泰-敦南,2024-04-23,8888
2506,太設,228,97,131,國泰-敦南,2024-04-23,8888
2301,光寶科,237,111,126,國泰-敦南,2024-04-23,8888
00733,富邦臺灣中小,153,37,116,國泰-敦南,2024-04-23,8888
6770,力積電,161,53,108,國泰-敦南,2024-04-23,8888
00715L,期街口布蘭特正2,201,100,101,國泰-敦南,2024-04-23,8888
5512,力麒,974,874,100,國泰-敦南,2024-04-23,8888
5706,鳳凰,229,129,100,國泰-敦南,2024-04-23,8888
1616,億泰,336,239,97,國泰-敦南,2024-04-23,8888
00688L,國泰20年美債正2,165,69,96,國泰-敦南,2024-04-23,8888
2367,燿華,286,190,96,國泰-敦南,2024-04-23,8888
1101,台泥,215,119,96,國泰-敦南,2024-04-23,8888
2603,長榮,429,334,95,國泰-敦南,2024-04-23,8888
00909,國泰數位支付服務,164,72,92,國泰-敦南,2024-04-23,8888
3708,上緯投控,526,436,90,國泰-敦南,2024-04-23,8888
2408,南亞科,158,71,87,國泰-敦南,2024-04-23,8888
3024,憶聲,166,81,85,國泰-敦南,2024-04-23,8888
2547,日勝生,981,896,85,國泰-敦南,2024-04-23,8888
2524,京城,177,94,83,國泰-敦南,2024-04-23,8888
2354,鴻準,502,420,82,國泰-敦南,2024-04-23,8888
00713,元大台灣高息低波,135,54,81,國泰-敦南,2024-04-23,8888
00738U,期元大道瓊白銀,92,11,81,國泰-敦南,2024-04-23,8888
006208,富邦台50,144,73,71,國泰-敦南,2024-04-23,8888
1532,勤美,123,54,69,國泰-敦南,2024-04-23,8888
2885,元大金,120,55,65,國泰-敦南,2024-04-23,8888
9103,美德醫療-DR,86,23,63,國泰-敦南,2024-04-23,8888
3466,德晉,68,7,61,國泰-敦南,2024-04-23,8888
2208,台船,82,21,61,國泰-敦南,2024-04-23,8888
3535,晶彩科,149,90,59,國泰-敦南,2024-04-23,8888
00662,富邦NASDAQ,64,6,58,國泰-敦南,2024-04-23,8888
00937B,群益ESG投等債20,8343,348,7995,國泰-敦南,2024-04-24,8888
3481,群創,1860,854,1006,國泰-敦南,2024-04-24,8888
00687B,國泰20年美債,1124,145,979,國泰-敦南,2024-04-24,8888
00632R,元大台灣50反1,3002,2223,779,國泰-敦南,2024-04-24,8888
00679B,元大美債20年,715,141,574,國泰-敦南,2024-04-24,8888
2886,兆豐金,560,123,437,國泰-敦南,2024-04-24,8888
00929,復華台灣科技優息,3048,2648,400,國泰-敦南,2024-04-24,8888
2851,中再保,332,30,302,國泰-敦南,2024-04-24,8888
00931B,統一美債20年,350,63,287,國泰-敦南,2024-04-24,8888
00680L,元大美債20正2,488,212,276,國泰-敦南,2024-04-24,8888
0056,元大高股息,782,513,269,國泰-敦南,2024-04-24,8888
00933B,國泰10Y+金融債,388,124,264,國泰-敦南,2024-04-24,8888
2374,佳能,1064,804,260,國泰-敦南,2024-04-24,8888
00919,群益台灣精選高息,1845,1590,255,國泰-敦南,2024-04-24,8888
00941,中信上游半導體,369,122,247,國泰-敦南,2024-04-24,8888
2634,漢翔,464,245,219,國泰-敦南,2024-04-24,8888
2409,友達,337,122,215,國泰-敦南,2024-04-24,8888
00688L,國泰20年美債正2,214,14,200,國泰-敦南,2024-04-24,8888
00637L,元大滬深300正2,277,80,197,國泰-敦南,2024-04-24,8888
00857B,永豐20年美公債,199,28,171,國泰-敦南,2024-04-24,8888
2834,臺企銀,363,199,164,國泰-敦南,2024-04-24,8888
00664R,國泰臺灣加權反1,205,42,163,國泰-敦南,2024-04-24,8888
00751B,元大AAA至A公司債,195,34,161,國泰-敦南,2024-04-24,8888
2501,國建,1788,1640,148,國泰-敦南,2024-04-24,8888
00795B,中信美國公債20年,147,4,143,國泰-敦南,2024-04-24,8888
1612,宏泰,532,391,141,國泰-敦南,2024-04-24,8888
2892,第一金,170,29,141,國泰-敦南,2024-04-24,8888
1101,台泥,192,51,141,國泰-敦南,2024-04-24,8888
2812,台中銀,165,26,139,國泰-敦南,2024-04-24,8888
3686,達能,205,70,135,國泰-敦南,2024-04-24,8888
4306,炎洲,356,222,134,國泰-敦南,2024-04-24,8888
00725B,國泰投資級公司債,139,6,133,國泰-敦南,2024-04-24,8888
2890,永豐金,144,12,132,國泰-敦南,2024-04-24,8888
1605,華新,376,251,125,國泰-敦南,2024-04-24,8888
2027,大成鋼,153,35,118,國泰-敦南,2024-04-24,8888
2504,國產,333,219,114,國泰-敦南,2024-04-24,8888
2515,中工,2658,2545,113,國泰-敦南,2024-04-24,8888
3703,欣陸,608,508,100,國泰-敦南,2024-04-24,8888
1616,億泰,207,115,92,國泰-敦南,2024-04-24,8888
2536,宏普,142,52,90,國泰-敦南,2024-04-24,8888
9902,台火,147,62,85,國泰-敦南,2024-04-24,8888
1608,華榮,1068,985,83,國泰-敦南,2024-04-24,8888
00733,富邦臺灣中小,125,43,82,國泰-敦南,2024-04-24,8888
00724B,群益投資級金融債,86,6,80,國泰-敦南,2024-04-24,8888
5508,永信建,142,64,78,國泰-敦南,2024-04-24,8888
2547,日勝生,423,350,73,國泰-敦南,2024-04-24,8888
4402,郡都開發,99,26,73,國泰-敦南,2024-04-24,8888
5351,鈺創,165,95,70,國泰-敦南,2024-04-24,8888
00738U,期元大道瓊白銀,171,103,68,國泰-敦南,2024-04-24,8888
6668,中揚光,309,245,64,國泰-敦南,2024-04-24,8888
00878,國泰永續高股息,3409,412,2997,國泰-敦南,2024-04-25,8888
00929,復華台灣科技優息,3522,1015,2507,國泰-敦南,2024-04-25,8888
00940,元大台灣價值高息,2360,1093,1267,國泰-敦南,2024-04-25,8888
00687B,國泰20年美債,1240,80,1160,國泰-敦南,2024-04-25,8888
00881,國泰台灣5G+,1294,192,1102,國泰-敦南,2024-04-25,8888
2317,鴻海,1607,932,675,國泰-敦南,2024-04-25,8888
00679B,元大美債20年,725,74,651,國泰-敦南,2024-04-25,8888
00919,群益台灣精選高息,1498,857,641,國泰-敦南,2024-04-25,8888
00680L,元大美債20正2,1102,560,542,國泰-敦南,2024-04-25,8888
00933B,國泰10Y+金融債,652,138,514,國泰-敦南,2024-04-25,8888
00939,統一台灣高息動能,808,314,494,國泰-敦南,2024-04-25,8888
00931B,統一美債20年,495,22,473,國泰-敦南,2024-04-25,8888
2888,新光金,564,116,448,國泰-敦南,2024-04-25,8888
0056,元大高股息,640,231,409,國泰-敦南,2024-04-25,8888
2610,華航,1313,905,408,國泰-敦南,2024-04-25,8888
3013,晟銘電,1840,1495,345,國泰-敦南,2024-04-25,8888
00720B,元大投資級公司債,378,37,341,國泰-敦南,2024-04-25,8888
00688L,國泰20年美債正2,433,115,318,國泰-敦南,2024-04-25,8888
00927,群益半導體收益,343,26,317,國泰-敦南,2024-04-25,8888
00751B,元大AAA至A公司債,344,32,312,國泰-敦南,2024-04-25,8888
3231,緯創,646,334,312,國泰-敦南,2024-04-25,8888
00795B,中信美國公債20年,337,38,299,國泰-敦南,2024-04-25,8888
3715,定穎投控,538,278,260,國泰-敦南,2024-04-25,8888
00891,中信關鍵半導體,324,86,238,國泰-敦南,2024-04-25,8888
2891,中信金,283,49,234,國泰-敦南,2024-04-25,8888
2303,聯電,448,217,231,國泰-敦南,2024-04-25,8888
6770,力積電,327,100,227,國泰-敦南,2024-04-25,8888
00941,中信上游半導體,326,106,220,國泰-敦南,2024-04-25,8888
2886,兆豐金,245,34,211,國泰-敦南,2024-04-25,8888
2330,台積電,286,77,209,國泰-敦南,2024-04-25,8888
2027,大成鋼,200,25,175,國泰-敦南,2024-04-25,8888
2731,雄獅,528,366,162,國泰-敦南,2024-04-25,8888
00923,群益台ESG低碳50,206,46,160,國泰-敦南,2024-04-25,8888
006208,富邦台50,202,45,157,國泰-敦南,2024-04-25,8888
2882,國泰金,220,65,155,國泰-敦南,2024-04-25,8888
6139,亞翔,249,113,136,國泰-敦南,2024-04-25,8888
2812,台中銀,160,25,135,國泰-敦南,2024-04-25,8888
2801,彰銀,139,8,131,國泰-敦南,2024-04-25,8888
00857B,永豐20年美公債,162,32,130,國泰-敦南,2024-04-25,8888
2371,大同,2400,2272,128,國泰-敦南,2024-04-25,8888
1504,東元,198,71,127,國泰-敦南,2024-04-25,8888
4714,永捷,163,43,120,國泰-敦南,2024-04-25,8888
00757,統一FANG+,140,26,114,國泰-敦南,2024-04-25,8888
0050,元大台灣50,188,75,113,國泰-敦南,2024-04-25,8888
2892,第一金,115,6,109,國泰-敦南,2024-04-25,8888
2834,臺企銀,268,160,108,國泰-敦南,2024-04-25,8888
1301,台塑,114,6,108,國泰-敦南,2024-04-25,8888
6005,群益證,253,146,107,國泰-敦南,2024-04-25,8888
2002,中鋼,181,77,104,國泰-敦南,2024-04-25,8888
2367,燿華,151,50,101,國泰-敦南,2024-04-25,8888
00937B,群益ESG投等債20,4255,760,3495,國泰-敦南,2024-04-26,8888
00687B,國泰20年美債,1564,374,1190,國泰-敦南,2024-04-26,8888
00679B,元大美債20年,1466,344,1122,國泰-敦南,2024-04-26,8888
00929,復華台灣科技優息,2627,1622,1005,國泰-敦南,2024-04-26,8888
00881,國泰台灣5G+,2763,1785,978,國泰-敦南,2024-04-26,8888
00632R,元大台灣50反1,1956,1041,915,國泰-敦南,2024-04-26,8888
2371,大同,3191,2354,837,國泰-敦南,2024-04-26,8888
00795B,中信美國公債20年,537,13,524,國泰-敦南,2024-04-26,8888
00933B,國泰10Y+金融債,844,328,516,國泰-敦南,2024-04-26,8888
00706L,期元大S＆P日圓正2,736,304,432,國泰-敦南,2024-04-26,8888
00720B,元大投資級公司債,526,105,421,國泰-敦南,2024-04-26,8888
00857B,永豐20年美公債,413,71,342,國泰-敦南,2024-04-26,8888
2359,所羅門,2470,2148,322,國泰-敦南,2024-04-26,8888
00751B,元大AAA至A公司債,307,33,274,國泰-敦南,2024-04-26,8888
00942B,台新美A公司債20+,342,73,269,國泰-敦南,2024-04-26,8888
2464,盟立,602,361,241,國泰-敦南,2024-04-26,8888
00934,中信成長高股息,301,69,232,國泰-敦南,2024-04-26,8888
9105,泰金寶-DR,322,129,193,國泰-敦南,2024-04-26,8888
2363,矽統,579,392,187,國泰-敦南,2024-04-26,8888
2241,艾姆勒,735,562,173,國泰-敦南,2024-04-26,8888
3363,上詮,748,583,165,國泰-敦南,2024-04-26,8888
00878,國泰永續高股息,2954,2797,157,國泰-敦南,2024-04-26,8888
6207,雷科,1002,856,146,國泰-敦南,2024-04-26,8888
5871,中租-KY,151,8,143,國泰-敦南,2024-04-26,8888
00772B,中信高評級公司債,187,50,137,國泰-敦南,2024-04-26,8888
3013,晟銘電,1111,978,133,國泰-敦南,2024-04-26,8888
1101,台泥,198,65,133,國泰-敦南,2024-04-26,8888
3037,欣興,310,179,131,國泰-敦南,2024-04-26,8888
3673,TPK-KY,151,22,129,國泰-敦南,2024-04-26,8888
1440,南紡,1724,1605,119,國泰-敦南,2024-04-26,8888
6425,易發,629,510,119,國泰-敦南,2024-04-26,8888
00664R,國泰臺灣加權反1,125,20,105,國泰-敦南,2024-04-26,8888
1905,華紙,132,32,100,國泰-敦南,2024-04-26,8888
3576,聯合再生,122,26,96,國泰-敦南,2024-04-26,8888
1605,華新,324,230,94,國泰-敦南,2024-04-26,8888
00733,富邦臺灣中小,141,48,93,國泰-敦南,2024-04-26,8888
1504,東元,204,112,92,國泰-敦南,2024-04-26,8888
6177,達麗,270,180,90,國泰-敦南,2024-04-26,8888
00931B,統一美債20年,210,121,89,國泰-敦南,2024-04-26,8888
2867,三商壽,383,298,85,國泰-敦南,2024-04-26,8888
2002,中鋼,136,52,84,國泰-敦南,2024-04-26,8888
2206,三陽工業,532,451,81,國泰-敦南,2024-04-26,8888
1503,士電,597,515,82,國泰-敦南,2024-04-26,8888
8096,擎亞,136,55,81,國泰-敦南,2024-04-26,8888
2511,太子,357,279,78,國泰-敦南,2024-04-26,8888
6213,聯茂,211,134,77,國泰-敦南,2024-04-26,8888
2027,大成鋼,92,15,77,國泰-敦南,2024-04-26,8888
2349,錸德,71,1,70,國泰-敦南,2024-04-26,8888
2408,南亞科,121,53,68,國泰-敦南,2024-04-26,8888
00650L,復華香港正2,259,194,65,國泰-敦南,2024-04-26,8888
2618,長榮航,4806,3054,1752,國泰-敦南,2024-04-29,8888
2363,矽統,3602,2321,1281,國泰-敦南,2024-04-29,8888
00937B,群益ESG投等債20,1994,834,1160,國泰-敦南,2024-04-29,8888
2323,中環,2410,1261,1149,國泰-敦南,2024-04-29,8888
2609,陽明,3957,3431,526,國泰-敦南,2024-04-29,8888
00665L,富邦�琤肭磪囓�2,1362,892,470,國泰-敦南,2024-04-29,8888
2515,中工,6341,5931,410,國泰-敦南,2024-04-29,8888
2101,南港,1111,784,327,國泰-敦南,2024-04-29,8888
2449,京元電子,672,384,288,國泰-敦南,2024-04-29,8888
6215,和椿,782,500,282,國泰-敦南,2024-04-29,8888
6177,達麗,666,440,226,國泰-敦南,2024-04-29,8888
2009,第一銅,748,549,199,國泰-敦南,2024-04-29,8888
00753L,中信中國50正2,477,288,189,國泰-敦南,2024-04-29,8888
2505,國揚,285,97,188,國泰-敦南,2024-04-29,8888
5864,致和證,219,37,182,國泰-敦南,2024-04-29,8888
2359,所羅門,1010,843,167,國泰-敦南,2024-04-29,8888
2547,日勝生,703,540,163,國泰-敦南,2024-04-29,8888
2511,太子,607,454,153,國泰-敦南,2024-04-29,8888
2520,冠德,767,620,147,國泰-敦南,2024-04-29,8888
5230,雷笛克光學,549,402,147,國泰-敦南,2024-04-29,8888
00941,中信上游半導體,283,148,135,國泰-敦南,2024-04-29,8888
6125,廣運,975,855,120,國泰-敦南,2024-04-29,8888
1459,聯發,130,17,113,國泰-敦南,2024-04-29,8888
2867,三商壽,329,217,112,國泰-敦南,2024-04-29,8888
00633L,富邦上証正2,124,14,110,國泰-敦南,2024-04-29,8888
1587,吉茂,909,800,109,國泰-敦南,2024-04-29,8888
1455,集盛,232,122,110,國泰-敦南,2024-04-29,8888
2509,全坤建,219,113,106,國泰-敦南,2024-04-29,8888
1609,大亞,1232,1127,105,國泰-敦南,2024-04-29,8888
6244,茂迪,112,8,104,國泰-敦南,2024-04-29,8888
8069,元太,146,42,104,國泰-敦南,2024-04-29,8888
8110,華東,379,291,88,國泰-敦南,2024-04-29,8888
6143,振曜,218,131,87,國泰-敦南,2024-04-29,8888
6806,森崴能源,187,100,87,國泰-敦南,2024-04-29,8888
2461,光群雷,116,30,86,國泰-敦南,2024-04-29,8888
2743,山富,275,188,87,國泰-敦南,2024-04-29,8888
2534,宏盛,135,53,82,國泰-敦南,2024-04-29,8888
3706,神達,183,103,80,國泰-敦南,2024-04-29,8888
00751B,元大AAA至A公司債,168,89,79,國泰-敦南,2024-04-29,8888
2615,萬海,483,410,73,國泰-敦南,2024-04-29,8888
6230,尼得科超眾,303,232,71,國泰-敦南,2024-04-29,8888
1444,力麗,85,15,70,國泰-敦南,2024-04-29,8888
4402,郡都開發,109,42,67,國泰-敦南,2024-04-29,8888
3312,弘憶股,332,265,67,國泰-敦南,2024-04-29,8888
2371,大同,1163,1101,62,國泰-敦南,2024-04-29,8888
2464,盟立,290,228,62,國泰-敦南,2024-04-29,8888
6026,福邦證,106,45,61,國泰-敦南,2024-04-29,8888
4533,協易機,78,19,59,國泰-敦南,2024-04-29,8888
5706,鳳凰,252,193,59,國泰-敦南,2024-04-29,8888
3017,奇鋐,303,245,58,國泰-敦南,2024-04-29,8888
00929,復華台灣科技優息,2746,1365,1381,國泰-敦南,2024-04-30,8888
2501,國建,4345,3117,1228,國泰-敦南,2024-04-30,8888
00937B,群益ESG投等債20,1771,595,1176,國泰-敦南,2024-04-30,8888
00919,群益台灣精選高息,1625,569,1056,國泰-敦南,2024-04-30,8888
1314,中石化,3786,3091,695,國泰-敦南,2024-04-30,8888
00940,元大台灣價值高息,2125,1535,590,國泰-敦南,2024-04-30,8888
2317,鴻海,1105,648,457,國泰-敦南,2024-04-30,8888
2515,中工,2803,2360,443,國泰-敦南,2024-04-30,8888
00878,國泰永續高股息,1066,625,441,國泰-敦南,2024-04-30,8888
1316,上曜,2195,1819,376,國泰-敦南,2024-04-30,8888
3481,群創,1104,759,345,國泰-敦南,2024-04-30,8888
2610,華航,993,664,329,國泰-敦南,2024-04-30,8888
2913,農林,646,334,312,國泰-敦南,2024-04-30,8888
2880,華南金,680,389,291,國泰-敦南,2024-04-30,8888
1605,華新,398,116,282,國泰-敦南,2024-04-30,8888
00939,統一台灣高息動能,410,184,226,國泰-敦南,2024-04-30,8888
00927,群益半導體收益,285,76,209,國泰-敦南,2024-04-30,8888
2887,台新金,402,226,176,國泰-敦南,2024-04-30,8888
00665L,富邦�琤肭磪囓�2,658,486,172,國泰-敦南,2024-04-30,8888
2888,新光金,806,653,153,國泰-敦南,2024-04-30,8888
1304,台聚,160,11,149,國泰-敦南,2024-04-30,8888
5531,鄉林,429,285,144,國泰-敦南,2024-04-30,8888
6264,富裔,184,46,138,國泰-敦南,2024-04-30,8888
2511,太子,221,91,130,國泰-敦南,2024-04-30,8888
2885,元大金,157,30,127,國泰-敦南,2024-04-30,8888
2891,中信金,736,618,118,國泰-敦南,2024-04-30,8888
00720B,元大投資級公司債,335,219,116,國泰-敦南,2024-04-30,8888
3231,緯創,301,185,116,國泰-敦南,2024-04-30,8888
3363,上詮,934,818,116,國泰-敦南,2024-04-30,8888
2547,日勝生,373,262,111,國泰-敦南,2024-04-30,8888
2449,京元電子,477,366,111,國泰-敦南,2024-04-30,8888
00650L,復華香港正2,143,35,108,國泰-敦南,2024-04-30,8888
6213,聯茂,166,57,109,國泰-敦南,2024-04-30,8888
5608,四維航,242,135,107,國泰-敦南,2024-04-30,8888
00941,中信上游半導體,196,92,104,國泰-敦南,2024-04-30,8888
1442,名軒,208,106,102,國泰-敦南,2024-04-30,8888
4306,炎洲,214,114,100,國泰-敦南,2024-04-30,8888
00892,富邦台灣半導體,100,5,95,國泰-敦南,2024-04-30,8888
2537,聯上發,511,417,94,國泰-敦南,2024-04-30,8888
6190,萬泰科,404,310,94,國泰-敦南,2024-04-30,8888
4714,永捷,148,59,89,國泰-敦南,2024-04-30,8888
8069,元太,162,76,86,國泰-敦南,2024-04-30,8888
2611,志信,840,754,86,國泰-敦南,2024-04-30,8888
2801,彰銀,106,24,82,國泰-敦南,2024-04-30,8888
5457,宣德,273,192,81,國泰-敦南,2024-04-30,8888
2206,三陽工業,290,210,80,國泰-敦南,2024-04-30,8888
2505,國揚,189,110,79,國泰-敦南,2024-04-30,8888
0056,元大高股息,244,164,80,國泰-敦南,2024-04-30,8888
6120,達運,157,78,79,國泰-敦南,2024-04-30,8888
1101,台泥,111,32,79,國泰-敦南,2024-04-30,8888
00878,國泰永續高股息,5094,841,4253,國泰-敦南,2024-05-02,8888
00937B,群益ESG投等債20,4621,1053,3568,國泰-敦南,2024-05-02,8888
3481,群創,1685,254,1431,國泰-敦南,2024-05-02,8888
00929,復華台灣科技優息,2582,1359,1223,國泰-敦南,2024-05-02,8888
00919,群益台灣精選高息,2012,1007,1005,國泰-敦南,2024-05-02,8888
00679B,元大美債20年,903,165,738,國泰-敦南,2024-05-02,8888
2363,矽統,2462,2012,450,國泰-敦南,2024-05-02,8888
8064,東捷,749,314,435,國泰-敦南,2024-05-02,8888
00715L,期街口布蘭特正2,565,136,429,國泰-敦南,2024-05-02,8888
00940,元大台灣價值高息,1787,1360,427,國泰-敦南,2024-05-02,8888
2891,中信金,554,180,374,國泰-敦南,2024-05-02,8888
1609,大亞,1403,1067,336,國泰-敦南,2024-05-02,8888
2330,台積電,423,91,332,國泰-敦南,2024-05-02,8888
2603,長榮,681,383,298,國泰-敦南,2024-05-02,8888
00932,兆豐永續高息等權,297,30,267,國泰-敦南,2024-05-02,8888
2609,陽明,1315,1052,263,國泰-敦南,2024-05-02,8888
3715,定穎投控,1168,913,255,國泰-敦南,2024-05-02,8888
2401,凌陽,362,110,252,國泰-敦南,2024-05-02,8888
00687B,國泰20年美債,652,403,249,國泰-敦南,2024-05-02,8888
00720B,元大投資級公司債,368,123,245,國泰-敦南,2024-05-02,8888
2515,中工,2828,2589,239,國泰-敦南,2024-05-02,8888
00690,兆豐藍籌30,237,1,236,國泰-敦南,2024-05-02,8888
2501,國建,4912,4681,231,國泰-敦南,2024-05-02,8888
2316,楠梓電,650,438,212,國泰-敦南,2024-05-02,8888
00885,富邦越南,288,82,206,國泰-敦南,2024-05-02,8888
00945B,凱基美國非投等債,218,26,192,國泰-敦南,2024-05-02,8888
1442,名軒,213,24,189,國泰-敦南,2024-05-02,8888
2359,所羅門,519,333,186,國泰-敦南,2024-05-02,8888
00933B,國泰10Y+金融債,399,213,186,國泰-敦南,2024-05-02,8888
2317,鴻海,763,588,175,國泰-敦南,2024-05-02,8888
1314,中石化,2198,2032,166,國泰-敦南,2024-05-02,8888
2303,聯電,370,216,154,國泰-敦南,2024-05-02,8888
00680L,元大美債20正2,198,45,153,國泰-敦南,2024-05-02,8888
00909,國泰數位支付服務,183,33,150,國泰-敦南,2024-05-02,8888
00830,國泰費城半導體,196,50,146,國泰-敦南,2024-05-02,8888
00934,中信成長高股息,235,90,145,國泰-敦南,2024-05-02,8888
2371,大同,1874,1729,145,國泰-敦南,2024-05-02,8888
2888,新光金,642,498,144,國泰-敦南,2024-05-02,8888
3576,聯合再生,152,11,141,國泰-敦南,2024-05-02,8888
006208,富邦台50,204,64,140,國泰-敦南,2024-05-02,8888
6177,達麗,982,844,138,國泰-敦南,2024-05-02,8888
3287,廣寰科,393,255,138,國泰-敦南,2024-05-02,8888
2353,宏��,233,105,128,國泰-敦南,2024-05-02,8888
00941,中信上游半導體,238,114,124,國泰-敦南,2024-05-02,8888
2324,仁寶,356,240,116,國泰-敦南,2024-05-02,8888
6207,雷科,322,209,113,國泰-敦南,2024-05-02,8888
5371,中光電,413,300,113,國泰-敦南,2024-05-02,8888
2337,旺宏,149,38,111,國泰-敦南,2024-05-02,8888
1440,南紡,530,419,111,國泰-敦南,2024-05-02,8888
4526,東台,179,80,99,國泰-敦南,2024-05-02,8888
00937B,群益ESG投等債20,5788,344,5444,國泰-敦南,2024-05-03,8888
00878,國泰永續高股息,2379,1085,1294,國泰-敦南,2024-05-03,8888
1316,上曜,5638,4370,1268,國泰-敦南,2024-05-03,8888
00679B,元大美債20年,1051,147,904,國泰-敦南,2024-05-03,8888
00632R,元大台灣50反1,1478,632,846,國泰-敦南,2024-05-03,8888
3231,緯創,863,304,559,國泰-敦南,2024-05-03,8888
6120,達運,777,290,487,國泰-敦南,2024-05-03,8888
00933B,國泰10Y+金融債,685,216,469,國泰-敦南,2024-05-03,8888
6770,力積電,1918,1474,444,國泰-敦南,2024-05-03,8888
9945,潤泰新,1744,1353,391,國泰-敦南,2024-05-03,8888
00929,復華台灣科技優息,2809,2420,389,國泰-敦南,2024-05-03,8888
5512,力麒,1170,790,380,國泰-敦南,2024-05-03,8888
1514,亞力,907,528,379,國泰-敦南,2024-05-03,8888
00857B,永豐20年美公債,413,50,363,國泰-敦南,2024-05-03,8888
2890,永豐金,433,101,332,國泰-敦南,2024-05-03,8888
00945B,凱基美國非投等債,334,6,328,國泰-敦南,2024-05-03,8888
00687B,國泰20年美債,783,469,314,國泰-敦南,2024-05-03,8888
4714,永捷,1332,1031,301,國泰-敦南,2024-05-03,8888
00650L,復華香港正2,495,194,301,國泰-敦南,2024-05-03,8888
00932,兆豐永續高息等權,296,30,266,國泰-敦南,2024-05-03,8888
00919,群益台灣精選高息,1212,995,217,國泰-敦南,2024-05-03,8888
2537,聯上發,939,723,216,國泰-敦南,2024-05-03,8888
5531,鄉林,1325,1115,210,國泰-敦南,2024-05-03,8888
3013,晟銘電,585,400,185,國泰-敦南,2024-05-03,8888
5519,隆大,326,147,179,國泰-敦南,2024-05-03,8888
00795B,中信美國公債20年,240,60,180,國泰-敦南,2024-05-03,8888
00751B,元大AAA至A公司債,191,20,171,國泰-敦南,2024-05-03,8888
1314,中石化,867,700,167,國泰-敦南,2024-05-03,8888
00665L,富邦�琤肭磪囓�2,904,748,156,國泰-敦南,2024-05-03,8888
3715,定穎投控,416,261,155,國泰-敦南,2024-05-03,8888
2504,國產,329,178,151,國泰-敦南,2024-05-03,8888
00715L,期街口布蘭特正2,184,37,147,國泰-敦南,2024-05-03,8888
8112,至上,891,744,147,國泰-敦南,2024-05-03,8888
5608,四維航,165,19,146,國泰-敦南,2024-05-03,8888
00637L,元大滬深300正2,436,307,129,國泰-敦南,2024-05-03,8888
00941,中信上游半導體,289,162,127,國泰-敦南,2024-05-03,8888
2359,所羅門,627,501,126,國泰-敦南,2024-05-03,8888
2609,陽明,815,691,124,國泰-敦南,2024-05-03,8888
00720B,元大投資級公司債,220,98,122,國泰-敦南,2024-05-03,8888
00931B,統一美債20年,162,40,122,國泰-敦南,2024-05-03,8888
00864B,中信美國公債0-1,120,0,120,國泰-敦南,2024-05-03,8888
2206,三陽工業,212,98,114,國泰-敦南,2024-05-03,8888
1614,三洋電,115,4,111,國泰-敦南,2024-05-03,8888
2834,臺企銀,294,191,103,國泰-敦南,2024-05-03,8888
4306,炎洲,158,55,103,國泰-敦南,2024-05-03,8888
00940,元大台灣價值高息,2399,2297,102,國泰-敦南,2024-05-03,8888
2449,京元電子,192,91,101,國泰-敦南,2024-05-03,8888
4533,協易機,855,755,100,國泰-敦南,2024-05-03,8888
00909,國泰數位支付服務,145,48,97,國泰-敦南,2024-05-03,8888
2603,長榮,369,272,97,國泰-敦南,2024-05-03,8888
00937B,群益ESG投等債20,3948,1348,2600,國泰-敦南,2024-05-06,8888
00929,復華台灣科技優息,3561,996,2565,國泰-敦南,2024-05-06,8888
2618,長榮航,2981,2053,928,國泰-敦南,2024-05-06,8888
00878,國泰永續高股息,2612,1968,644,國泰-敦南,2024-05-06,8888
00891,中信關鍵半導體,645,119,526,國泰-敦南,2024-05-06,8888
2449,京元電子,891,448,443,國泰-敦南,2024-05-06,8888
9933,中鼎,606,164,442,國泰-敦南,2024-05-06,8888
00679B,元大美債20年,625,226,399,國泰-敦南,2024-05-06,8888
2610,華航,889,526,363,國泰-敦南,2024-05-06,8888
2501,國建,1989,1646,343,國泰-敦南,2024-05-06,8888
00933B,國泰10Y+金融債,875,541,334,國泰-敦南,2024-05-06,8888
5512,力麒,767,461,306,國泰-敦南,2024-05-06,8888
00795B,中信美國公債20年,362,130,232,國泰-敦南,2024-05-06,8888
00936,台新永續高息中小,252,24,228,國泰-敦南,2024-05-06,8888
00665L,富邦�琤肭磪囓�2,1088,868,220,國泰-敦南,2024-05-06,8888
4303,信立,860,664,196,國泰-敦南,2024-05-06,8888
6770,力積電,822,630,192,國泰-敦南,2024-05-06,8888
00687B,國泰20年美債,562,371,191,國泰-敦南,2024-05-06,8888
5498,凱崴,312,132,180,國泰-敦南,2024-05-06,8888
1316,上曜,2052,1899,153,國泰-敦南,2024-05-06,8888
5521,工信,468,319,149,國泰-敦南,2024-05-06,8888
00715L,期街口布蘭特正2,478,332,146,國泰-敦南,2024-05-06,8888
5522,遠雄,726,582,144,國泰-敦南,2024-05-06,8888
2605,新興,201,66,135,國泰-敦南,2024-05-06,8888
00753L,中信中國50正2,258,124,134,國泰-敦南,2024-05-06,8888
4533,協易機,348,221,127,國泰-敦南,2024-05-06,8888
2101,南港,303,180,123,國泰-敦南,2024-05-06,8888
3062,建漢,209,88,121,國泰-敦南,2024-05-06,8888
2337,旺宏,176,58,118,國泰-敦南,2024-05-06,8888
6443,元晶,158,39,119,國泰-敦南,2024-05-06,8888
3313,斐成,148,30,118,國泰-敦南,2024-05-06,8888
3052,夆典,129,14,115,國泰-敦南,2024-05-06,8888
6449,鈺邦,204,91,113,國泰-敦南,2024-05-06,8888
00857B,永豐20年美公債,163,50,113,國泰-敦南,2024-05-06,8888
2539,櫻花建,134,24,110,國泰-敦南,2024-05-06,8888
00680L,元大美債20正2,414,306,108,國泰-敦南,2024-05-06,8888
2543,皇昌,267,162,105,國泰-敦南,2024-05-06,8888
2201,裕隆,264,159,105,國泰-敦南,2024-05-06,8888
1304,台聚,122,20,102,國泰-敦南,2024-05-06,8888
8070,長華*,143,44,99,國泰-敦南,2024-05-06,8888
2538,基泰,440,346,94,國泰-敦南,2024-05-06,8888
4167,松瑞藥,186,92,94,國泰-敦南,2024-05-06,8888
6269,台郡,164,73,91,國泰-敦南,2024-05-06,8888
00751B,元大AAA至A公司債,126,37,89,國泰-敦南,2024-05-06,8888
2014,中鴻,114,25,89,國泰-敦南,2024-05-06,8888
3260,威剛,575,487,88,國泰-敦南,2024-05-06,8888
1905,華紙,114,28,86,國泰-敦南,2024-05-06,8888
1605,華新,238,153,85,國泰-敦南,2024-05-06,8888
2313,華通,125,43,82,國泰-敦南,2024-05-06,8888
3312,弘憶股,658,576,82,國泰-敦南,2024-05-06,8888
00937B,群益ESG投等債20,5422,2302,3120,國泰-敦南,2024-05-07,8888
00929,復華台灣科技優息,3970,1654,2316,國泰-敦南,2024-05-07,8888
00878,國泰永續高股息,2875,2114,761,國泰-敦南,2024-05-07,8888
2486,一詮,4682,3948,734,國泰-敦南,2024-05-07,8888
2515,中工,2004,1317,687,國泰-敦南,2024-05-07,8888
2888,新光金,1305,754,551,國泰-敦南,2024-05-07,8888
3013,晟銘電,2097,1615,482,國泰-敦南,2024-05-07,8888
00940,元大台灣價值高息,2467,1986,481,國泰-敦南,2024-05-07,8888
3481,群創,782,419,363,國泰-敦南,2024-05-07,8888
00936,台新永續高息中小,313,14,299,國泰-敦南,2024-05-07,8888
6005,群益證,637,342,295,國泰-敦南,2024-05-07,8888
3033,威健,850,586,264,國泰-敦南,2024-05-07,8888
2317,鴻海,1864,1607,257,國泰-敦南,2024-05-07,8888
6282,康舒,283,69,214,國泰-敦南,2024-05-07,8888
5871,中租-KY,223,15,208,國泰-敦南,2024-05-07,8888
2344,華邦電,463,257,206,國泰-敦南,2024-05-07,8888
2101,南港,572,372,200,國泰-敦南,2024-05-07,8888
1453,大將,996,799,197,國泰-敦南,2024-05-07,8888
8096,擎亞,1897,1702,195,國泰-敦南,2024-05-07,8888
00919,群益台灣精選高息,980,797,183,國泰-敦南,2024-05-07,8888
00932,兆豐永續高息等權,177,6,171,國泰-敦南,2024-05-07,8888
1304,台聚,207,38,169,國泰-敦南,2024-05-07,8888
2618,長榮航,2113,1944,169,國泰-敦南,2024-05-07,8888
1612,宏泰,637,471,166,國泰-敦南,2024-05-07,8888
00665L,富邦�琤肭磪囓�2,1125,960,165,國泰-敦南,2024-05-07,8888
00679B,元大美債20年,498,353,145,國泰-敦南,2024-05-07,8888
00795B,中信美國公債20年,217,81,136,國泰-敦南,2024-05-07,8888
5009,榮剛,328,200,128,國泰-敦南,2024-05-07,8888
3363,上詮,1110,983,127,國泰-敦南,2024-05-07,8888
00632R,元大台灣50反1,1300,1175,125,國泰-敦南,2024-05-07,8888
2891,中信金,426,302,124,國泰-敦南,2024-05-07,8888
5512,力麒,554,435,119,國泰-敦南,2024-05-07,8888
00753L,中信中國50正2,788,671,117,國泰-敦南,2024-05-07,8888
6213,聯茂,325,209,116,國泰-敦南,2024-05-07,8888
2867,三商壽,213,97,116,國泰-敦南,2024-05-07,8888
2603,長榮,392,279,113,國泰-敦南,2024-05-07,8888
00637L,元大滬深300正2,186,74,112,國泰-敦南,2024-05-07,8888
2201,裕隆,245,134,111,國泰-敦南,2024-05-07,8888
00945B,凱基美國非投等債,144,34,110,國泰-敦南,2024-05-07,8888
1609,大亞,1518,1410,108,國泰-敦南,2024-05-07,8888
2834,臺企銀,292,186,106,國泰-敦南,2024-05-07,8888
6125,廣運,446,340,106,國泰-敦南,2024-05-07,8888
2328,廣宇,142,40,102,國泰-敦南,2024-05-07,8888
6186,新潤,243,141,102,國泰-敦南,2024-05-07,8888
3163,波若威,279,181,98,國泰-敦南,2024-05-07,8888
2440,太空梭,120,23,97,國泰-敦南,2024-05-07,8888
2367,燿華,514,418,96,國泰-敦南,2024-05-07,8888
8110,華東,107,16,91,國泰-敦南,2024-05-07,8888
00671R,富邦NASDAQ反1,95,7,88,國泰-敦南,2024-05-07,8888
00676R,富邦臺灣加權反1,108,20,88,國泰-敦南,2024-05-07,8888
00929,復華台灣科技優息,3535,2116,1419,國泰-敦南,2024-05-08,8888
00937B,群益ESG投等債20,3044,2069,975,國泰-敦南,2024-05-08,8888
00919,群益台灣精選高息,1548,644,904,國泰-敦南,2024-05-08,8888
00940,元大台灣價值高息,3184,2367,817,國泰-敦南,2024-05-08,8888
2603,長榮,1039,301,738,國泰-敦南,2024-05-08,8888
5871,中租-KY,866,139,727,國泰-敦南,2024-05-08,8888
2374,佳能,1523,907,616,國泰-敦南,2024-05-08,8888
9105,泰金寶-DR,436,40,396,國泰-敦南,2024-05-08,8888
3036,文曄,419,45,374,國泰-敦南,2024-05-08,8888
00932,兆豐永續高息等權,392,19,373,國泰-敦南,2024-05-08,8888
3481,群創,497,148,349,國泰-敦南,2024-05-08,8888
6005,群益證,700,388,312,國泰-敦南,2024-05-08,8888
00655L,國泰中國A50正2,260,5,255,國泰-敦南,2024-05-08,8888
2002,中鋼,343,113,230,國泰-敦南,2024-05-08,8888
1314,中石化,573,364,209,國泰-敦南,2024-05-08,8888
2376,技嘉,587,390,197,國泰-敦南,2024-05-08,8888
1618,合機,1585,1398,187,國泰-敦南,2024-05-08,8888
2618,長榮航,1671,1491,180,國泰-敦南,2024-05-08,8888
00795B,中信美國公債20年,215,36,179,國泰-敦南,2024-05-08,8888
2101,南港,505,333,172,國泰-敦南,2024-05-08,8888
00679B,元大美債20年,683,512,171,國泰-敦南,2024-05-08,8888
1711,永光,189,19,170,國泰-敦南,2024-05-08,8888
00933B,國泰10Y+金融債,710,542,168,國泰-敦南,2024-05-08,8888
5512,力麒,357,191,166,國泰-敦南,2024-05-08,8888
4967,十銓,1528,1374,154,國泰-敦南,2024-05-08,8888
2641,正德,678,533,145,國泰-敦南,2024-05-08,8888
00632R,元大台灣50反1,548,409,139,國泰-敦南,2024-05-08,8888
00936,台新永續高息中小,152,13,139,國泰-敦南,2024-05-08,8888
00927,群益半導體收益,205,67,138,國泰-敦南,2024-05-08,8888
00650L,復華香港正2,481,344,137,國泰-敦南,2024-05-08,8888
1612,宏泰,751,614,137,國泰-敦南,2024-05-08,8888
1605,華新,209,80,129,國泰-敦南,2024-05-08,8888
2637,慧洋-KY,627,508,119,國泰-敦南,2024-05-08,8888
2359,所羅門,1534,1417,117,國泰-敦南,2024-05-08,8888
2534,宏盛,231,121,110,國泰-敦南,2024-05-08,8888
2609,陽明,1525,1418,107,國泰-敦南,2024-05-08,8888
1504,東元,230,125,105,國泰-敦南,2024-05-08,8888
5521,工信,237,132,105,國泰-敦南,2024-05-08,8888
6282,康舒,260,155,105,國泰-敦南,2024-05-08,8888
1316,上曜,402,298,104,國泰-敦南,2024-05-08,8888
8277,商丞,135,33,102,國泰-敦南,2024-05-08,8888
2352,佳世達,209,107,102,國泰-敦南,2024-05-08,8888
1608,華榮,661,560,101,國泰-敦南,2024-05-08,8888
020033,統一�琤肮黕篾,100,0,100,國泰-敦南,2024-05-08,8888
1617,榮星,264,168,96,國泰-敦南,2024-05-08,8888
5531,鄉林,271,179,92,國泰-敦南,2024-05-08,8888
2606,裕民,1088,998,90,國泰-敦南,2024-05-08,8888
8234,新漢,574,487,87,國泰-敦南,2024-05-08,8888
1609,大亞,1671,1588,83,國泰-敦南,2024-05-08,8888
2539,櫻花建,104,23,81,國泰-敦南,2024-05-08,8888
00929,復華台灣科技優息,5479,1165,4314,國泰-敦南,2024-05-09,8888
00946,群益科技高息成長,4124,188,3936,國泰-敦南,2024-05-09,8888
00878,國泰永續高股息,4855,1186,3669,國泰-敦南,2024-05-09,8888
00937B,群益ESG投等債20,3907,867,3040,國泰-敦南,2024-05-09,8888
00944,野村趨勢動能高息,2261,176,2085,國泰-敦南,2024-05-09,8888
2618,長榮航,3117,1395,1722,國泰-敦南,2024-05-09,8888
00881,國泰台灣5G+,1061,206,855,國泰-敦南,2024-05-09,8888
00940,元大台灣價值高息,2954,2156,798,國泰-敦南,2024-05-09,8888
2367,燿華,3144,2473,671,國泰-敦南,2024-05-09,8888
00679B,元大美債20年,785,162,623,國泰-敦南,2024-05-09,8888
5871,中租-KY,674,101,573,國泰-敦南,2024-05-09,8888
3231,緯創,840,314,526,國泰-敦南,2024-05-09,8888
00932,兆豐永續高息等權,566,70,496,國泰-敦南,2024-05-09,8888
00673R,期元大S＆P原油反1,527,37,490,國泰-敦南,2024-05-09,8888
2363,矽統,1873,1391,482,國泰-敦南,2024-05-09,8888
2371,大同,1918,1461,457,國泰-敦南,2024-05-09,8888
2610,華航,644,192,452,國泰-敦南,2024-05-09,8888
2834,臺企銀,587,176,411,國泰-敦南,2024-05-09,8888
00650L,復華香港正2,550,168,382,國泰-敦南,2024-05-09,8888
8112,至上,570,197,373,國泰-敦南,2024-05-09,8888
00945B,凱基美國非投等債,369,18,351,國泰-敦南,2024-05-09,8888
2884,玉山金,457,120,337,國泰-敦南,2024-05-09,8888
6005,群益證,440,117,323,國泰-敦南,2024-05-09,8888
3036,文曄,633,343,290,國泰-敦南,2024-05-09,8888
2317,鴻海,1631,1345,286,國泰-敦南,2024-05-09,8888
1609,大亞,1262,982,280,國泰-敦南,2024-05-09,8888
3058,立德,275,20,255,國泰-敦南,2024-05-09,8888
2344,華邦電,337,95,242,國泰-敦南,2024-05-09,8888
00795B,中信美國公債20年,275,37,238,國泰-敦南,2024-05-09,8888
00680L,元大美債20正2,324,94,230,國泰-敦南,2024-05-09,8888
00733,富邦臺灣中小,222,10,212,國泰-敦南,2024-05-09,8888
1314,中石化,522,315,207,國泰-敦南,2024-05-09,8888
00915,凱基優選高股息30,316,114,202,國泰-敦南,2024-05-09,8888
00719B,元大美債1-3,246,45,201,國泰-敦南,2024-05-09,8888
2515,中工,847,666,181,國泰-敦南,2024-05-09,8888
2449,京元電子,277,101,176,國泰-敦南,2024-05-09,8888
3041,揚智,230,56,174,國泰-敦南,2024-05-09,8888
3481,群創,363,192,171,國泰-敦南,2024-05-09,8888
00936,台新永續高息中小,204,36,168,國泰-敦南,2024-05-09,8888
00713,元大台灣高息低波,215,51,164,國泰-敦南,2024-05-09,8888
5521,工信,252,89,163,國泰-敦南,2024-05-09,8888
2101,南港,361,199,162,國泰-敦南,2024-05-09,8888
2887,台新金,246,87,159,國泰-敦南,2024-05-09,8888
6581,鋼聯,160,2,158,國泰-敦南,2024-05-09,8888
6189,豐藝,241,86,155,國泰-敦南,2024-05-09,8888
1605,華新,322,177,145,國泰-敦南,2024-05-09,8888
2890,永豐金,215,72,143,國泰-敦南,2024-05-09,8888
6282,康舒,214,73,141,國泰-敦南,2024-05-09,8888
00706L,期元大S＆P日圓正2,194,54,140,國泰-敦南,2024-05-09,8888
2880,華南金,192,56,136,國泰-敦南,2024-05-09,8888
00929,復華台灣科技優息,10260,1384,8876,國泰-敦南,2024-05-10,8888
00946,群益科技高息成長,2297,452,1845,國泰-敦南,2024-05-10,8888
00937B,群益ESG投等債20,2543,1157,1386,國泰-敦南,2024-05-10,8888
00944,野村趨勢動能高息,812,62,750,國泰-敦南,2024-05-10,8888
2313,華通,917,386,531,國泰-敦南,2024-05-10,8888
00632R,元大台灣50反1,1113,678,435,國泰-敦南,2024-05-10,8888
2317,鴻海,1339,960,379,國泰-敦南,2024-05-10,8888
1101,台泥,564,197,367,國泰-敦南,2024-05-10,8888
00932,兆豐永續高息等權,410,51,359,國泰-敦南,2024-05-10,8888
00650L,復華香港正2,629,320,309,國泰-敦南,2024-05-10,8888
8112,至上,944,691,253,國泰-敦南,2024-05-10,8888
00753L,中信中國50正2,600,375,225,國泰-敦南,2024-05-10,8888
00680L,元大美債20正2,460,242,218,國泰-敦南,2024-05-10,8888
3013,晟銘電,2891,2674,217,國泰-敦南,2024-05-10,8888
3481,群創,464,247,217,國泰-敦南,2024-05-10,8888
00933B,國泰10Y+金融債,937,728,209,國泰-敦南,2024-05-10,8888
2388,威盛,372,171,201,國泰-敦南,2024-05-10,8888
8936,國統,513,319,194,國泰-敦南,2024-05-10,8888
2371,大同,1111,918,193,國泰-敦南,2024-05-10,8888
3576,聯合再生,224,32,192,國泰-敦南,2024-05-10,8888
00936,台新永續高息中小,201,37,164,國泰-敦南,2024-05-10,8888
2606,裕民,1334,1178,156,國泰-敦南,2024-05-10,8888
3356,奇偶,861,708,153,國泰-敦南,2024-05-10,8888
1587,吉茂,346,195,151,國泰-敦南,2024-05-10,8888
2409,友達,240,118,122,國泰-敦南,2024-05-10,8888
00676R,富邦臺灣加權反1,121,2,119,國泰-敦南,2024-05-10,8888
2374,佳能,436,325,111,國泰-敦南,2024-05-10,8888
2611,志信,286,177,109,國泰-敦南,2024-05-10,8888
2421,建準,182,77,105,國泰-敦南,2024-05-10,8888
00733,富邦臺灣中小,122,20,102,國泰-敦南,2024-05-10,8888
3706,神達,507,406,101,國泰-敦南,2024-05-10,8888
00939,統一台灣高息動能,499,403,96,國泰-敦南,2024-05-10,8888
00761B,國泰A級公司債,95,1,94,國泰-敦南,2024-05-10,8888
5521,工信,180,88,92,國泰-敦南,2024-05-10,8888
6120,達運,164,75,89,國泰-敦南,2024-05-10,8888
2486,一詮,890,800,90,國泰-敦南,2024-05-10,8888
00927,群益半導體收益,141,52,89,國泰-敦南,2024-05-10,8888
4967,十銓,649,565,84,國泰-敦南,2024-05-10,8888
00637L,元大滬深300正2,193,112,81,國泰-敦南,2024-05-10,8888
3036,文曄,360,282,78,國泰-敦南,2024-05-10,8888
2408,南亞科,114,37,77,國泰-敦南,2024-05-10,8888
6274,台燿,190,114,76,國泰-敦南,2024-05-10,8888
9105,泰金寶-DR,148,73,75,國泰-敦南,2024-05-10,8888
5871,中租-KY,131,56,75,國泰-敦南,2024-05-10,8888
6182,合晶,121,46,75,國泰-敦南,2024-05-10,8888
2527,宏璟,91,17,74,國泰-敦南,2024-05-10,8888
3376,新日興,390,315,75,國泰-敦南,2024-05-10,8888
2109,華豐,196,123,73,國泰-敦南,2024-05-10,8888
2328,廣宇,94,24,70,國泰-敦南,2024-05-10,8888
2382,廣達,303,233,70,國泰-敦南,2024-05-10,8888
00929,復華台灣科技優息,8450,1777,6673,國泰-敦南,2024-05-13,8888
00881,國泰台灣5G+,3580,827,2753,國泰-敦南,2024-05-13,8888
00937B,群益ESG投等債20,3231,692,2539,國泰-敦南,2024-05-13,8888
2618,長榮航,3764,2058,1706,國泰-敦南,2024-05-13,8888
00632R,元大台灣50反1,1748,208,1540,國泰-敦南,2024-05-13,8888
00919,群益台灣精選高息,1959,957,1002,國泰-敦南,2024-05-13,8888
00679B,元大美債20年,1013,185,828,國泰-敦南,2024-05-13,8888
00932,兆豐永續高息等權,800,65,735,國泰-敦南,2024-05-13,8888
2610,華航,3295,2567,728,國泰-敦南,2024-05-13,8888
00944,野村趨勢動能高息,761,87,674,國泰-敦南,2024-05-13,8888
00715L,期街口布蘭特正2,767,96,671,國泰-敦南,2024-05-13,8888
1101,台泥,854,344,510,國泰-敦南,2024-05-13,8888
2317,鴻海,1385,884,501,國泰-敦南,2024-05-13,8888
3231,緯創,687,209,478,國泰-敦南,2024-05-13,8888
1714,和桐,576,137,439,國泰-敦南,2024-05-13,8888
2615,萬海,3430,2998,432,國泰-敦南,2024-05-13,8888
00936,台新永續高息中小,443,46,397,國泰-敦南,2024-05-13,8888
00665L,富邦�琤肭磪囓�2,675,305,370,國泰-敦南,2024-05-13,8888
2891,中信金,692,326,366,國泰-敦南,2024-05-13,8888
2606,裕民,2179,1849,330,國泰-敦南,2024-05-13,8888
00891,中信關鍵半導體,511,205,306,國泰-敦南,2024-05-13,8888
2882,國泰金,713,417,296,國泰-敦南,2024-05-13,8888
2603,長榮,2913,2660,253,國泰-敦南,2024-05-13,8888
2897A,王道銀甲特,244,0,244,國泰-敦南,2024-05-13,8888
00915,凱基優選高股息30,330,109,221,國泰-敦南,2024-05-13,8888
2367,燿華,2437,2220,217,國泰-敦南,2024-05-13,8888
00650L,復華香港正2,413,196,217,國泰-敦南,2024-05-13,8888
00733,富邦臺灣中小,242,39,203,國泰-敦南,2024-05-13,8888
3260,威剛,713,511,202,國泰-敦南,2024-05-13,8888
00687B,國泰20年美債,459,285,174,國泰-敦南,2024-05-13,8888
2607,榮運,687,517,170,國泰-敦南,2024-05-13,8888
2486,一詮,798,641,157,國泰-敦南,2024-05-13,8888
00680L,元大美債20正2,259,104,155,國泰-敦南,2024-05-13,8888
2241,艾姆勒,779,632,147,國泰-敦南,2024-05-13,8888
00676R,富邦臺灣加權反1,146,0,146,國泰-敦南,2024-05-13,8888
00753L,中信中國50正2,634,490,144,國泰-敦南,2024-05-13,8888
2634,漢翔,205,61,144,國泰-敦南,2024-05-13,8888
00946,群益科技高息成長,581,438,143,國泰-敦南,2024-05-13,8888
3013,晟銘電,639,508,131,國泰-敦南,2024-05-13,8888
5392,能率,307,189,118,國泰-敦南,2024-05-13,8888
2356,英業達,550,435,115,國泰-敦南,2024-05-13,8888
2313,華通,275,161,114,國泰-敦南,2024-05-13,8888
1708,東鹼,162,54,108,國泰-敦南,2024-05-13,8888
00927,群益半導體收益,193,87,106,國泰-敦南,2024-05-13,8888
6139,亞翔,155,51,104,國泰-敦南,2024-05-13,8888
2888,新光金,599,496,103,國泰-敦南,2024-05-13,8888
2617,台航,606,503,103,國泰-敦南,2024-05-13,8888
1513,中興電,513,411,102,國泰-敦南,2024-05-13,8888
00706L,期元大S＆P日圓正2,121,21,100,國泰-敦南,2024-05-13,8888
4562,穎漢,805,706,99,國泰-敦南,2024-05-13,8888
00937B,群益ESG投等債20,3746,570,3176,國泰-敦南,2024-05-14,8888
00632R,元大台灣50反1,1865,327,1538,國泰-敦南,2024-05-14,8888
2615,萬海,10686,9190,1496,國泰-敦南,2024-05-14,8888
00929,復華台灣科技優息,2922,1969,953,國泰-敦南,2024-05-14,8888
00665L,富邦�琤肭磪囓�2,1313,570,743,國泰-敦南,2024-05-14,8888
00679B,元大美債20年,778,110,668,國泰-敦南,2024-05-14,8888
00933B,國泰10Y+金融債,663,166,497,國泰-敦南,2024-05-14,8888
2317,鴻海,1528,1185,343,國泰-敦南,2024-05-14,8888
2371,大同,1104,809,295,國泰-敦南,2024-05-14,8888
00946,群益科技高息成長,607,315,292,國泰-敦南,2024-05-14,8888
2891,中信金,825,534,291,國泰-敦南,2024-05-14,8888
00932,兆豐永續高息等權,404,114,290,國泰-敦南,2024-05-14,8888
3231,緯創,587,298,289,國泰-敦南,2024-05-14,8888
9945,潤泰新,834,562,272,國泰-敦南,2024-05-14,8888
2890,永豐金,309,53,256,國泰-敦南,2024-05-14,8888
00878,國泰永續高股息,2366,2125,241,國泰-敦南,2024-05-14,8888
2867,三商壽,386,157,229,國泰-敦南,2024-05-14,8888
00936,台新永續高息中小,280,53,227,國泰-敦南,2024-05-14,8888
00637L,元大滬深300正2,420,219,201,國泰-敦南,2024-05-14,8888
2482,連宇,604,405,199,國泰-敦南,2024-05-14,8888
1522,堤維西,1792,1600,192,國泰-敦南,2024-05-14,8888
2884,玉山金,328,137,191,國泰-敦南,2024-05-14,8888
5871,中租-KY,251,68,183,國泰-敦南,2024-05-14,8888
2461,光群雷,186,8,178,國泰-敦南,2024-05-14,8888
00944,野村趨勢動能高息,209,31,178,國泰-敦南,2024-05-14,8888
2542,興富發,234,69,165,國泰-敦南,2024-05-14,8888
2374,佳能,1872,1721,151,國泰-敦南,2024-05-14,8888
00795B,中信美國公債20年,137,4,133,國泰-敦南,2024-05-14,8888
2915,潤泰全,360,228,132,國泰-敦南,2024-05-14,8888
2836,高雄銀,239,108,131,國泰-敦南,2024-05-14,8888
3706,神達,657,530,127,國泰-敦南,2024-05-14,8888
2892,第一金,199,73,126,國泰-敦南,2024-05-14,8888
5531,鄉林,150,30,120,國泰-敦南,2024-05-14,8888
00712,復華富時不動產,841,724,117,國泰-敦南,2024-05-14,8888
00922,國泰台灣領袖50,295,183,112,國泰-敦南,2024-05-14,8888
2885,元大金,173,61,112,國泰-敦南,2024-05-14,8888
2323,中環,202,93,109,國泰-敦南,2024-05-14,8888
2834,臺企銀,245,141,104,國泰-敦南,2024-05-14,8888
6186,新潤,165,63,102,國泰-敦南,2024-05-14,8888
2636,台驊控股,354,254,100,國泰-敦南,2024-05-14,8888
2520,冠德,502,406,96,國泰-敦南,2024-05-14,8888
1524,耿鼎,284,189,95,國泰-敦南,2024-05-14,8888
00673R,期元大S＆P原油反1,93,0,93,國泰-敦南,2024-05-14,8888
2206,三陽工業,158,71,87,國泰-敦南,2024-05-14,8888
1409,新纖,111,24,87,國泰-敦南,2024-05-14,8888
1605,華新,126,40,86,國泰-敦南,2024-05-14,8888
6116,彩晶,100,18,82,國泰-敦南,2024-05-14,8888
2883B,凱基金乙特,78,0,78,國泰-敦南,2024-05-14,8888
00690,兆豐藍籌30,85,8,77,國泰-敦南,2024-05-14,8888
8299,群聯,124,48,76,國泰-敦南,2024-05-14,8888
00937B,群益ESG投等債20,7058,756,6302,國泰-敦南,2024-05-15,8888
00878,國泰永續高股息,5474,2994,2480,國泰-敦南,2024-05-15,8888
00919,群益台灣精選高息,3584,1354,2230,國泰-敦南,2024-05-15,8888
00929,復華台灣科技優息,4975,3350,1625,國泰-敦南,2024-05-15,8888
2356,英業達,2589,1030,1559,國泰-敦南,2024-05-15,8888
2367,燿華,7093,5820,1273,國泰-敦南,2024-05-15,8888
2618,長榮航,1362,631,731,國泰-敦南,2024-05-15,8888
00679B,元大美債20年,937,253,684,國泰-敦南,2024-05-15,8888
00940,元大台灣價值高息,3349,2670,679,國泰-敦南,2024-05-15,8888
00932,兆豐永續高息等權,729,109,620,國泰-敦南,2024-05-15,8888
4414,如興,746,142,604,國泰-敦南,2024-05-15,8888
00946,群益科技高息成長,669,176,493,國泰-敦南,2024-05-15,8888
00936,台新永續高息中小,583,155,428,國泰-敦南,2024-05-15,8888
2603,長榮,1685,1317,368,國泰-敦南,2024-05-15,8888
2486,一詮,853,486,367,國泰-敦南,2024-05-15,8888
00715L,期街口布蘭特正2,382,37,345,國泰-敦南,2024-05-15,8888
00933B,國泰10Y+金融債,718,402,316,國泰-敦南,2024-05-15,8888
00944,野村趨勢動能高息,404,102,302,國泰-敦南,2024-05-15,8888
00945B,凱基美國非投等債,287,13,274,國泰-敦南,2024-05-15,8888
00676R,富邦臺灣加權反1,257,26,231,國泰-敦南,2024-05-15,8888
00918,大華優利高填息30,385,157,228,國泰-敦南,2024-05-15,8888
2324,仁寶,681,465,216,國泰-敦南,2024-05-15,8888
2897A,王道銀甲特,216,5,211,國泰-敦南,2024-05-15,8888
00665L,富邦�琤肭磪囓�2,392,185,207,國泰-敦南,2024-05-15,8888
2002,中鋼,293,88,205,國泰-敦南,2024-05-15,8888
2515,中工,518,330,188,國泰-敦南,2024-05-15,8888
2363,矽統,2321,2155,166,國泰-敦南,2024-05-15,8888
3706,神達,818,657,161,國泰-敦南,2024-05-15,8888
2405,輔信,819,661,158,國泰-敦南,2024-05-15,8888
4533,協易機,976,822,154,國泰-敦南,2024-05-15,8888
2353,宏��,1313,1161,152,國泰-敦南,2024-05-15,8888
2371,大同,601,451,150,國泰-敦南,2024-05-15,8888
00795B,中信美國公債20年,166,22,144,國泰-敦南,2024-05-15,8888
3024,憶聲,188,45,143,國泰-敦南,2024-05-15,8888
6753,龍德造船,504,363,141,國泰-敦南,2024-05-15,8888
2630,亞航,421,290,131,國泰-敦南,2024-05-15,8888
4306,炎洲,134,13,121,國泰-敦南,2024-05-15,8888
2352,佳世達,189,68,121,國泰-敦南,2024-05-15,8888
2449,京元電子,248,130,118,國泰-敦南,2024-05-15,8888
2406,國碩,375,258,117,國泰-敦南,2024-05-15,8888
5608,四維航,561,451,110,國泰-敦南,2024-05-15,8888
00733,富邦臺灣中小,159,49,110,國泰-敦南,2024-05-15,8888
00713,元大台灣高息低波,185,76,109,國泰-敦南,2024-05-15,8888
2344,華邦電,259,155,104,國泰-敦南,2024-05-15,8888
6015,宏遠證,188,95,93,國泰-敦南,2024-05-15,8888
6207,雷科,227,135,92,國泰-敦南,2024-05-15,8888
2534,宏盛,93,4,89,國泰-敦南,2024-05-15,8888
00753L,中信中國50正2,160,73,87,國泰-敦南,2024-05-15,8888
00650L,復華香港正2,262,176,86,國泰-敦南,2024-05-15,8888
2337,旺宏,130,44,86,國泰-敦南,2024-05-15,8888
00878,國泰永續高股息,5541,3388,2153,國泰-敦南,2024-05-16,8888
2356,英業達,2068,811,1257,國泰-敦南,2024-05-16,8888
3231,緯創,1334,463,871,國泰-敦南,2024-05-16,8888
2382,廣達,1681,890,791,國泰-敦南,2024-05-16,8888
2359,所羅門,3225,2671,554,國泰-敦南,2024-05-16,8888
00650L,復華香港正2,899,348,551,國泰-敦南,2024-05-16,8888
00946,群益科技高息成長,723,240,483,國泰-敦南,2024-05-16,8888
00679B,元大美債20年,1290,868,422,國泰-敦南,2024-05-16,8888
00680L,元大美債20正2,858,437,421,國泰-敦南,2024-05-16,8888
9105,泰金寶-DR,623,230,393,國泰-敦南,2024-05-16,8888
2882,國泰金,661,341,320,國泰-敦南,2024-05-16,8888
2301,光寶科,358,68,290,國泰-敦南,2024-05-16,8888
3363,上詮,1395,1146,249,國泰-敦南,2024-05-16,8888
8096,擎亞,1607,1396,211,國泰-敦南,2024-05-16,8888
00688L,國泰20年美債正2,574,391,183,國泰-敦南,2024-05-16,8888
00922,國泰台灣領袖50,312,132,180,國泰-敦南,2024-05-16,8888
2317,鴻海,2192,2014,178,國泰-敦南,2024-05-16,8888
2365,昆盈,1505,1340,165,國泰-敦南,2024-05-16,8888
2371,大同,588,428,160,國泰-敦南,2024-05-16,8888
4414,如興,174,18,156,國泰-敦南,2024-05-16,8888
1532,勤美,250,101,149,國泰-敦南,2024-05-16,8888
00857B,永豐20年美公債,244,98,146,國泰-敦南,2024-05-16,8888
00937B,群益ESG投等債20,3729,3589,140,國泰-敦南,2024-05-16,8888
2362,藍天,2504,2366,138,國泰-敦南,2024-05-16,8888
1608,華榮,767,632,135,國泰-敦南,2024-05-16,8888
5009,榮剛,196,61,135,國泰-敦南,2024-05-16,8888
00944,野村趨勢動能高息,242,113,129,國泰-敦南,2024-05-16,8888
1444,力麗,145,25,120,國泰-敦南,2024-05-16,8888
9934,成霖,121,10,111,國泰-敦南,2024-05-16,8888
3706,神達,450,341,109,國泰-敦南,2024-05-16,8888
00719B,元大美債1-3,141,32,109,國泰-敦南,2024-05-16,8888
6215,和椿,520,413,107,國泰-敦南,2024-05-16,8888
8358,金居,647,549,98,國泰-敦南,2024-05-16,8888
00731,復華富時高息低波,137,42,95,國泰-敦南,2024-05-16,8888
2501,國建,534,443,91,國泰-敦南,2024-05-16,8888
5340,建榮,94,8,86,國泰-敦南,2024-05-16,8888
6177,達麗,255,171,84,國泰-敦南,2024-05-16,8888
5426,振發,94,14,80,國泰-敦南,2024-05-16,8888
1440,南紡,163,84,79,國泰-敦南,2024-05-16,8888
2331,精英,448,371,77,國泰-敦南,2024-05-16,8888
2392,正崴,119,45,74,國泰-敦南,2024-05-16,8888
00733,富邦臺灣中小,144,72,72,國泰-敦南,2024-05-16,8888
00673R,期元大S＆P原油反1,77,6,71,國泰-敦南,2024-05-16,8888
00675L,富邦臺灣加權正2,113,42,71,國泰-敦南,2024-05-16,8888
8443,阿瘦,83,16,67,國泰-敦南,2024-05-16,8888
1591,駿吉-KY,198,133,65,國泰-敦南,2024-05-16,8888
5213,亞昕,74,10,64,國泰-敦南,2024-05-16,8888
2201,裕隆,110,47,63,國泰-敦南,2024-05-16,8888
8033,雷虎,103,41,62,國泰-敦南,2024-05-16,8888
4306,炎洲,82,20,62,國泰-敦南,2024-05-16,8888
00929,復華台灣科技優息,11052,783,10269,國泰-敦南,2024-05-17,8888
00878,國泰永續高股息,7149,3348,3801,國泰-敦南,2024-05-17,8888
00934,中信成長高股息,2019,117,1902,國泰-敦南,2024-05-17,8888
00919,群益台灣精選高息,2323,1045,1278,國泰-敦南,2024-05-17,8888
00937B,群益ESG投等債20,3166,2019,1147,國泰-敦南,2024-05-17,8888
2867,三商壽,2365,1457,908,國泰-敦南,2024-05-17,8888
00946,群益科技高息成長,1055,191,864,國泰-敦南,2024-05-17,8888
00679B,元大美債20年,986,221,765,國泰-敦南,2024-05-17,8888
2317,鴻海,1555,808,747,國泰-敦南,2024-05-17,8888
2610,華航,4571,3991,580,國泰-敦南,2024-05-17,8888
2374,佳能,5704,5131,573,國泰-敦南,2024-05-17,8888
00940,元大台灣價值高息,2457,1896,561,國泰-敦南,2024-05-17,8888
3481,群創,669,123,546,國泰-敦南,2024-05-17,8888
1314,中石化,844,311,533,國泰-敦南,2024-05-17,8888
00713,元大台灣高息低波,535,41,494,國泰-敦南,2024-05-17,8888
00944,野村趨勢動能高息,486,21,465,國泰-敦南,2024-05-17,8888
5392,能率,1569,1236,333,國泰-敦南,2024-05-17,8888
00632R,元大台灣50反1,626,302,324,國泰-敦南,2024-05-17,8888
2365,昆盈,603,301,302,國泰-敦南,2024-05-17,8888
2409,友達,389,90,299,國泰-敦南,2024-05-17,8888
2349,錸德,478,184,294,國泰-敦南,2024-05-17,8888
2489,瑞軒,1577,1283,294,國泰-敦南,2024-05-17,8888
2603,長榮,1464,1177,287,國泰-敦南,2024-05-17,8888
00680L,元大美債20正2,502,228,274,國泰-敦南,2024-05-17,8888
2408,南亞科,305,44,261,國泰-敦南,2024-05-17,8888
2537,聯上發,643,396,247,國泰-敦南,2024-05-17,8888
6770,力積電,607,370,237,國泰-敦南,2024-05-17,8888
00915,凱基優選高股息30,277,44,233,國泰-敦南,2024-05-17,8888
00936,台新永續高息中小,400,174,226,國泰-敦南,2024-05-17,8888
00795B,中信美國公債20年,274,56,218,國泰-敦南,2024-05-17,8888
3231,緯創,436,219,217,國泰-敦南,2024-05-17,8888
2367,燿華,5650,5435,215,國泰-敦南,2024-05-17,8888
2324,仁寶,432,219,213,國泰-敦南,2024-05-17,8888
2417,圓剛,520,308,212,國泰-敦南,2024-05-17,8888
2609,陽明,595,403,192,國泰-敦南,2024-05-17,8888
5498,凱崴,347,170,177,國泰-敦南,2024-05-17,8888
5608,四維航,328,157,171,國泰-敦南,2024-05-17,8888
2606,裕民,290,127,163,國泰-敦南,2024-05-17,8888
00933B,國泰10Y+金融債,443,282,161,國泰-敦南,2024-05-17,8888
2356,英業達,565,405,160,國泰-敦南,2024-05-17,8888
3059,華晶科,946,788,158,國泰-敦南,2024-05-17,8888
1457,宜進,225,80,145,國泰-敦南,2024-05-17,8888
3060,銘異,1051,906,145,國泰-敦南,2024-05-17,8888
1605,華新,235,94,141,國泰-敦南,2024-05-17,8888
2739,寒舍,281,141,140,國泰-敦南,2024-05-17,8888
00731,復華富時高息低波,126,2,124,國泰-敦南,2024-05-17,8888
00676R,富邦臺灣加權反1,121,0,121,國泰-敦南,2024-05-17,8888
1587,吉茂,906,789,117,國泰-敦南,2024-05-17,8888
00673R,期元大S＆P原油反1,115,2,113,國泰-敦南,2024-05-17,8888
1815,富喬,470,359,111,國泰-敦南,2024-05-17,8888
00878,國泰永續高股息,7258,2735,4523,國泰-敦南,2024-05-20,8888
00937B,群益ESG投等債20,4042,985,3057,國泰-敦南,2024-05-20,8888
00929,復華台灣科技優息,9249,6429,2820,國泰-敦南,2024-05-20,8888
2867,三商壽,3301,1480,1821,國泰-敦南,2024-05-20,8888
2618,長榮航,3592,2103,1489,國泰-敦南,2024-05-20,8888
00679B,元大美債20年,1107,284,823,國泰-敦南,2024-05-20,8888
2317,鴻海,1553,788,765,國泰-敦南,2024-05-20,8888
00946,群益科技高息成長,849,135,714,國泰-敦南,2024-05-20,8888
00650L,復華香港正2,818,185,633,國泰-敦南,2024-05-20,8888
2367,燿華,4916,4347,569,國泰-敦南,2024-05-20,8888
2820,華票,545,16,529,國泰-敦南,2024-05-20,8888
3231,緯創,685,187,498,國泰-敦南,2024-05-20,8888
00687B,國泰20年美債,926,429,497,國泰-敦南,2024-05-20,8888
00915,凱基優選高股息30,561,82,479,國泰-敦南,2024-05-20,8888
00919,群益台灣精選高息,2321,1856,465,國泰-敦南,2024-05-20,8888
00665L,富邦�琤肭磪囓�2,789,351,438,國泰-敦南,2024-05-20,8888
00881,國泰台灣5G+,603,175,428,國泰-敦南,2024-05-20,8888
00751B,元大AAA至A公司債,465,48,417,國泰-敦南,2024-05-20,8888
2467,志聖,742,349,393,國泰-敦南,2024-05-20,8888
00753L,中信中國50正2,647,258,389,國泰-敦南,2024-05-20,8888
00713,元大台灣高息低波,461,119,342,國泰-敦南,2024-05-20,8888
2359,所羅門,3794,3461,333,國泰-敦南,2024-05-20,8888
2515,中工,698,378,320,國泰-敦南,2024-05-20,8888
00944,野村趨勢動能高息,342,29,313,國泰-敦南,2024-05-20,8888
00731,復華富時高息低波,422,145,277,國泰-敦南,2024-05-20,8888
2449,京元電子,580,339,241,國泰-敦南,2024-05-20,8888
9945,潤泰新,566,326,240,國泰-敦南,2024-05-20,8888
00632R,元大台灣50反1,1101,871,230,國泰-敦南,2024-05-20,8888
00795B,中信美國公債20年,250,44,206,國泰-敦南,2024-05-20,8888
00680L,元大美債20正2,484,312,172,國泰-敦南,2024-05-20,8888
5009,榮剛,345,173,172,國泰-敦南,2024-05-20,8888
4976,佳凌,454,283,171,國泰-敦南,2024-05-20,8888
6177,達麗,263,110,153,國泰-敦南,2024-05-20,8888
2501,國建,415,265,150,國泰-敦南,2024-05-20,8888
6770,力積電,314,165,149,國泰-敦南,2024-05-20,8888
1609,大亞,923,783,140,國泰-敦南,2024-05-20,8888
2603,長榮,1343,1204,139,國泰-敦南,2024-05-20,8888
3294,英濟,270,133,137,國泰-敦南,2024-05-20,8888
2363,矽統,2228,2094,134,國泰-敦南,2024-05-20,8888
2882,國泰金,363,230,133,國泰-敦南,2024-05-20,8888
2206,三陽工業,273,141,132,國泰-敦南,2024-05-20,8888
00733,富邦臺灣中小,175,44,131,國泰-敦南,2024-05-20,8888
2204,中華,150,26,124,國泰-敦南,2024-05-20,8888
8028,昇陽半導體,357,234,123,國泰-敦南,2024-05-20,8888
2382,廣達,338,216,122,國泰-敦南,2024-05-20,8888
00932,兆豐永續高息等權,298,177,121,國泰-敦南,2024-05-20,8888
5324,士開,195,79,116,國泰-敦南,2024-05-20,8888
00830,國泰費城半導體,187,72,115,國泰-敦南,2024-05-20,8888
3033,威健,506,393,113,國泰-敦南,2024-05-20,8888
00930,永豐ESG低碳高息,134,22,112,國泰-敦南,2024-05-20,8888
00929,復華台灣科技優息,7447,1981,5466,國泰-敦南,2024-05-21,8888
00878,國泰永續高股息,3744,1181,2563,國泰-敦南,2024-05-21,8888
00937B,群益ESG投等債20,2911,439,2472,國泰-敦南,2024-05-21,8888
00671R,富邦NASDAQ反1,1202,11,1191,國泰-敦南,2024-05-21,8888
2890,永豐金,894,120,774,國泰-敦南,2024-05-21,8888
1605,華新,2379,1783,596,國泰-敦南,2024-05-21,8888
00919,群益台灣精選高息,1427,833,594,國泰-敦南,2024-05-21,8888
2618,長榮航,2190,1617,573,國泰-敦南,2024-05-21,8888
00679B,元大美債20年,664,100,564,國泰-敦南,2024-05-21,8888
2363,矽統,1451,918,533,國泰-敦南,2024-05-21,8888
2820,華票,503,0,503,國泰-敦南,2024-05-21,8888
2888,新光金,770,326,444,國泰-敦南,2024-05-21,8888
00881,國泰台灣5G+,554,160,394,國泰-敦南,2024-05-21,8888
3481,群創,467,73,394,國泰-敦南,2024-05-21,8888
2317,鴻海,871,504,367,國泰-敦南,2024-05-21,8888
2891,中信金,537,199,338,國泰-敦南,2024-05-21,8888
00944,野村趨勢動能高息,374,47,327,國泰-敦南,2024-05-21,8888
4533,協易機,2417,2093,324,國泰-敦南,2024-05-21,8888
00687B,國泰20年美債,566,259,307,國泰-敦南,2024-05-21,8888
2610,華航,1352,1069,283,國泰-敦南,2024-05-21,8888
00688L,國泰20年美債正2,366,85,281,國泰-敦南,2024-05-21,8888
2834,臺企銀,403,127,276,國泰-敦南,2024-05-21,8888
2007,燁興,955,679,276,國泰-敦南,2024-05-21,8888
00857B,永豐20年美公債,313,42,271,國泰-敦南,2024-05-21,8888
00918,大華優利高填息30,386,119,267,國泰-敦南,2024-05-21,8888
2409,友達,356,91,265,國泰-敦南,2024-05-21,8888
1314,中石化,360,96,264,國泰-敦南,2024-05-21,8888
00915,凱基優選高股息30,317,65,252,國泰-敦南,2024-05-21,8888
2883,凱基金,522,272,250,國泰-敦南,2024-05-21,8888
00713,元大台灣高息低波,289,57,232,國泰-敦南,2024-05-21,8888
2603,長榮,805,584,221,國泰-敦南,2024-05-21,8888
00753L,中信中國50正2,1509,1292,217,國泰-敦南,2024-05-21,8888
2027,大成鋼,678,466,212,國泰-敦南,2024-05-21,8888
00946,群益科技高息成長,323,116,207,國泰-敦南,2024-05-21,8888
00751B,元大AAA至A公司債,225,20,205,國泰-敦南,2024-05-21,8888
2812,台中銀,237,38,199,國泰-敦南,2024-05-21,8888
4967,十銓,399,208,191,國泰-敦南,2024-05-21,8888
00632R,元大台灣50反1,784,593,191,國泰-敦南,2024-05-21,8888
1608,華榮,1402,1216,186,國泰-敦南,2024-05-21,8888
3033,威健,633,448,185,國泰-敦南,2024-05-21,8888
00680L,元大美債20正2,504,320,184,國泰-敦南,2024-05-21,8888
1301,台塑,203,21,182,國泰-敦南,2024-05-21,8888
2515,中工,584,404,180,國泰-敦南,2024-05-21,8888
00932,兆豐永續高息等權,219,46,173,國泰-敦南,2024-05-21,8888
2374,佳能,3107,2939,168,國泰-敦南,2024-05-21,8888
00936,台新永續高息中小,174,8,166,國泰-敦南,2024-05-21,8888
1303,南亞,186,22,164,國泰-敦南,2024-05-21,8888
2887,台新金,253,92,161,國泰-敦南,2024-05-21,8888
3702,大聯大,235,92,143,國泰-敦南,2024-05-21,8888
2881,富邦金,211,69,142,國泰-敦南,2024-05-21,8888
00937B,群益ESG投等債20,2494,912,1582,國泰-敦南,2024-05-22,8888
00632R,元大台灣50反1,3398,1854,1544,國泰-敦南,2024-05-22,8888
2009,第一銅,5515,4616,899,國泰-敦南,2024-05-22,8888
00715L,期街口布蘭特正2,893,19,874,國泰-敦南,2024-05-22,8888
00881,國泰台灣5G+,1294,445,849,國泰-敦南,2024-05-22,8888
2002,中鋼,903,90,813,國泰-敦南,2024-05-22,8888
3013,晟銘電,3837,3042,795,國泰-敦南,2024-05-22,8888
2618,長榮航,1591,822,769,國泰-敦南,2024-05-22,8888
00665L,富邦�琤肭磪囓�2,1136,409,727,國泰-敦南,2024-05-22,8888
2610,華航,1222,563,659,國泰-敦南,2024-05-22,8888
2367,燿華,3766,3253,513,國泰-敦南,2024-05-22,8888
3047,訊舟,1907,1505,402,國泰-敦南,2024-05-22,8888
2890,永豐金,479,98,381,國泰-敦南,2024-05-22,8888
4533,協易機,1633,1256,377,國泰-敦南,2024-05-22,8888
2867,三商壽,1565,1237,328,國泰-敦南,2024-05-22,8888
2884,玉山金,538,220,318,國泰-敦南,2024-05-22,8888
1303,南亞,371,64,307,國泰-敦南,2024-05-22,8888
6125,廣運,1966,1683,283,國泰-敦南,2024-05-22,8888
8064,東捷,808,547,261,國泰-敦南,2024-05-22,8888
5392,能率,1573,1318,255,國泰-敦南,2024-05-22,8888
2206,三陽工業,292,58,234,國泰-敦南,2024-05-22,8888
4543,萬在,608,374,234,國泰-敦南,2024-05-22,8888
9105,泰金寶-DR,408,186,222,國泰-敦南,2024-05-22,8888
3060,銘異,1048,828,220,國泰-敦南,2024-05-22,8888
8110,華東,404,191,213,國泰-敦南,2024-05-22,8888
2486,一詮,710,509,201,國泰-敦南,2024-05-22,8888
2897,王道銀行,235,44,191,國泰-敦南,2024-05-22,8888
9955,佳龍,453,262,191,國泰-敦南,2024-05-22,8888
00679B,元大美債20年,533,345,188,國泰-敦南,2024-05-22,8888
00664R,國泰臺灣加權反1,212,35,177,國泰-敦南,2024-05-22,8888
2489,瑞軒,644,468,176,國泰-敦南,2024-05-22,8888
2354,鴻準,517,343,174,國泰-敦南,2024-05-22,8888
8096,擎亞,928,756,172,國泰-敦南,2024-05-22,8888
1605,華新,704,532,172,國泰-敦南,2024-05-22,8888
6188,廣明,1733,1573,160,國泰-敦南,2024-05-22,8888
2312,金寶,513,358,155,國泰-敦南,2024-05-22,8888
3033,威健,392,242,150,國泰-敦南,2024-05-22,8888
2374,佳能,2092,1953,139,國泰-敦南,2024-05-22,8888
00757,統一FANG+,153,15,138,國泰-敦南,2024-05-22,8888
00943,兆豐電子高息等權,150,17,133,國泰-敦南,2024-05-22,8888
1608,華榮,648,521,127,國泰-敦南,2024-05-22,8888
4111,濟生,331,208,123,國泰-敦南,2024-05-22,8888
2027,大成鋼,301,179,122,國泰-敦南,2024-05-22,8888
3005,神基,418,296,122,國泰-敦南,2024-05-22,8888
3338,泰碩,527,412,115,國泰-敦南,2024-05-22,8888
6274,台燿,244,130,114,國泰-敦南,2024-05-22,8888
2889,國票金,148,35,113,國泰-敦南,2024-05-22,8888
2449,京元電子,229,118,111,國泰-敦南,2024-05-22,8888
00930,永豐ESG低碳高息,149,45,104,國泰-敦南,2024-05-22,8888
2332,友訊,128,27,101,國泰-敦南,2024-05-22,8888
00937B,群益ESG投等債20,4830,615,4215,國泰-敦南,2024-05-23,8888
00632R,元大台灣50反1,3108,742,2366,國泰-敦南,2024-05-23,8888
00946,群益科技高息成長,1192,251,941,國泰-敦南,2024-05-23,8888
2002,中鋼,990,166,824,國泰-敦南,2024-05-23,8888
2353,宏��,6226,5403,823,國泰-敦南,2024-05-23,8888
00665L,富邦�琤肭磪囓�2,2563,1775,788,國泰-敦南,2024-05-23,8888
2324,仁寶,2251,1469,782,國泰-敦南,2024-05-23,8888
2359,所羅門,5425,4700,725,國泰-敦南,2024-05-23,8888
00936,台新永續高息中小,735,32,703,國泰-敦南,2024-05-23,8888
2356,英業達,918,323,595,國泰-敦南,2024-05-23,8888
00944,野村趨勢動能高息,506,31,475,國泰-敦南,2024-05-23,8888
1815,富喬,4664,4208,456,國泰-敦南,2024-05-23,8888
2882,國泰金,576,145,431,國泰-敦南,2024-05-23,8888
2618,長榮航,1782,1353,429,國泰-敦南,2024-05-23,8888
2363,矽統,1074,685,389,國泰-敦南,2024-05-23,8888
2464,盟立,2449,2074,375,國泰-敦南,2024-05-23,8888
00918,大華優利高填息30,631,272,359,國泰-敦南,2024-05-23,8888
6147,頎邦,336,13,323,國泰-敦南,2024-05-23,8888
00857B,永豐20年美公債,485,184,301,國泰-敦南,2024-05-23,8888
1314,中石化,475,179,296,國泰-敦南,2024-05-23,8888
2890,永豐金,356,61,295,國泰-敦南,2024-05-23,8888
2409,友達,418,123,295,國泰-敦南,2024-05-23,8888
2009,第一銅,1412,1120,292,國泰-敦南,2024-05-23,8888
2834,臺企銀,316,41,275,國泰-敦南,2024-05-23,8888
2371,大同,867,596,271,國泰-敦南,2024-05-23,8888
00919,群益台灣精選高息,1975,1738,237,國泰-敦南,2024-05-23,8888
5443,均豪,568,332,236,國泰-敦南,2024-05-23,8888
5871,中租-KY,266,36,230,國泰-敦南,2024-05-23,8888
00715L,期街口布蘭特正2,727,501,226,國泰-敦南,2024-05-23,8888
00932,兆豐永續高息等權,269,44,225,國泰-敦南,2024-05-23,8888
5512,力麒,400,178,222,國泰-敦南,2024-05-23,8888
00712,復華富時不動產,1059,839,220,國泰-敦南,2024-05-23,8888
2812,台中銀,253,50,203,國泰-敦南,2024-05-23,8888
2891,中信金,409,207,202,國泰-敦南,2024-05-23,8888
2610,華航,1085,887,198,國泰-敦南,2024-05-23,8888
2888,新光金,536,340,196,國泰-敦南,2024-05-23,8888
6282,康舒,255,62,193,國泰-敦南,2024-05-23,8888
2101,南港,303,110,193,國泰-敦南,2024-05-23,8888
00878,國泰永續高股息,1503,1316,187,國泰-敦南,2024-05-23,8888
2887,台新金,255,83,172,國泰-敦南,2024-05-23,8888
1721,三晃,194,29,165,國泰-敦南,2024-05-23,8888
3481,群創,1076,911,165,國泰-敦南,2024-05-23,8888
2331,精英,263,114,149,國泰-敦南,2024-05-23,8888
00713,元大台灣高息低波,298,150,148,國泰-敦南,2024-05-23,8888
00733,富邦臺灣中小,178,40,138,國泰-敦南,2024-05-23,8888
1303,南亞,190,51,139,國泰-敦南,2024-05-23,8888
5531,鄉林,196,60,136,國泰-敦南,2024-05-23,8888
1905,華紙,158,22,136,國泰-敦南,2024-05-23,8888
00757,統一FANG+,156,28,128,國泰-敦南,2024-05-23,8888
6139,亞翔,215,88,127,國泰-敦南,2024-05-23,8888
00937B,群益ESG投等債20,7212,1003,6209,國泰-敦南,2024-05-24,8888
00712,復華富時不動產,3699,553,3146,國泰-敦南,2024-05-24,8888
00946,群益科技高息成長,1004,75,929,國泰-敦南,2024-05-24,8888
2486,一詮,3600,2993,607,國泰-敦南,2024-05-24,8888
2002,中鋼,673,79,594,國泰-敦南,2024-05-24,8888
2891,中信金,818,263,555,國泰-敦南,2024-05-24,8888
00679B,元大美債20年,717,198,519,國泰-敦南,2024-05-24,8888
2365,昆盈,4687,4235,452,國泰-敦南,2024-05-24,8888
00680L,元大美債20正2,501,108,393,國泰-敦南,2024-05-24,8888
2392,正崴,1313,943,370,國泰-敦南,2024-05-24,8888
00751B,元大AAA至A公司債,358,51,307,國泰-敦南,2024-05-24,8888
2303,聯電,1038,768,270,國泰-敦南,2024-05-24,8888
3481,群創,1239,975,264,國泰-敦南,2024-05-24,8888
00650L,復華香港正2,741,497,244,國泰-敦南,2024-05-24,8888
2884,玉山金,363,134,229,國泰-敦南,2024-05-24,8888
6770,力積電,380,151,229,國泰-敦南,2024-05-24,8888
00919,群益台灣精選高息,1481,1257,224,國泰-敦南,2024-05-24,8888
00944,野村趨勢動能高息,239,37,202,國泰-敦南,2024-05-24,8888
00637L,元大滬深300正2,282,91,191,國泰-敦南,2024-05-24,8888
2892,第一金,327,141,186,國泰-敦南,2024-05-24,8888
00936,台新永續高息中小,227,44,183,國泰-敦南,2024-05-24,8888
2324,仁寶,1017,836,181,國泰-敦南,2024-05-24,8888
1810,和成,1066,889,177,國泰-敦南,2024-05-24,8888
6147,頎邦,191,17,174,國泰-敦南,2024-05-24,8888
6282,康舒,310,155,155,國泰-敦南,2024-05-24,8888
00715L,期街口布蘭特正2,153,1,152,國泰-敦南,2024-05-24,8888
5880,合庫金,164,13,151,國泰-敦南,2024-05-24,8888
3706,神達,532,383,149,國泰-敦南,2024-05-24,8888
1303,南亞,189,55,134,國泰-敦南,2024-05-24,8888
6190,萬泰科,381,251,130,國泰-敦南,2024-05-24,8888
2885,元大金,154,26,128,國泰-敦南,2024-05-24,8888
6177,達麗,188,64,124,國泰-敦南,2024-05-24,8888
00933B,國泰10Y+金融債,417,295,122,國泰-敦南,2024-05-24,8888
1314,中石化,511,390,121,國泰-敦南,2024-05-24,8888
2330,台積電,215,97,118,國泰-敦南,2024-05-24,8888
9904,寶成,145,34,111,國泰-敦南,2024-05-24,8888
00857B,永豐20年美公債,160,49,111,國泰-敦南,2024-05-24,8888
00713,元大台灣高息低波,208,99,109,國泰-敦南,2024-05-24,8888
6117,迎廣,1074,966,108,國泰-敦南,2024-05-24,8888
00772B,中信高評級公司債,111,2,109,國泰-敦南,2024-05-24,8888
00706L,期元大S＆P日圓正2,121,13,108,國泰-敦南,2024-05-24,8888
3163,波若威,775,667,108,國泰-敦南,2024-05-24,8888
006208,富邦台50,190,84,106,國泰-敦南,2024-05-24,8888
2867,三商壽,437,332,105,國泰-敦南,2024-05-24,8888
00671R,富邦NASDAQ反1,105,0,105,國泰-敦南,2024-05-24,8888
00648R,元大S＆P500反1,102,0,102,國泰-敦南,2024-05-24,8888
00932,兆豐永續高息等權,130,29,101,國泰-敦南,2024-05-24,8888
5426,振發,273,174,99,國泰-敦南,2024-05-24,8888
00757,統一FANG+,118,21,97,國泰-敦南,2024-05-24,8888
2613,中櫃,269,173,96,國泰-敦南,2024-05-24,8888
00937B,群益ESG投等債20,5069,715,4354,國泰-敦南,2024-05-27,8888
00632R,元大台灣50反1,3670,1106,2564,國泰-敦南,2024-05-27,8888
00946,群益科技高息成長,2313,247,2066,國泰-敦南,2024-05-27,8888
9105,泰金寶-DR,2935,1038,1897,國泰-敦南,2024-05-27,8888
2353,宏��,4809,3212,1597,國泰-敦南,2024-05-27,8888
00712,復華富時不動產,1318,380,938,國泰-敦南,2024-05-27,8888
1815,富喬,3011,2136,875,國泰-敦南,2024-05-27,8888
2610,華航,1303,607,696,國泰-敦南,2024-05-27,8888
00665L,富邦�琤肭磪囓�2,1906,1214,692,國泰-敦南,2024-05-27,8888
2002,中鋼,795,106,689,國泰-敦南,2024-05-27,8888
00679B,元大美債20年,1047,381,666,國泰-敦南,2024-05-27,8888
2618,長榮航,1122,473,649,國泰-敦南,2024-05-27,8888
3047,訊舟,1771,1224,547,國泰-敦南,2024-05-27,8888
5498,凱崴,1492,976,516,國泰-敦南,2024-05-27,8888
2367,燿華,1685,1210,475,國泰-敦南,2024-05-27,8888
00933B,國泰10Y+金融債,792,376,416,國泰-敦南,2024-05-27,8888
2363,矽統,5374,4997,377,國泰-敦南,2024-05-27,8888
2886,兆豐金,440,74,366,國泰-敦南,2024-05-27,8888
2515,中工,590,256,334,國泰-敦南,2024-05-27,8888
3416,融程電,312,13,299,國泰-敦南,2024-05-27,8888
2609,陽明,977,696,281,國泰-敦南,2024-05-27,8888
3234,光環,377,105,272,國泰-敦南,2024-05-27,8888
2485,兆赫,237,13,224,國泰-敦南,2024-05-27,8888
00751B,元大AAA至A公司債,288,75,213,國泰-敦南,2024-05-27,8888
6125,廣運,1480,1270,210,國泰-敦南,2024-05-27,8888
2489,瑞軒,2555,2346,209,國泰-敦南,2024-05-27,8888
3033,威健,688,488,200,國泰-敦南,2024-05-27,8888
3306,鼎天,317,120,197,國泰-敦南,2024-05-27,8888
2330,台積電,253,69,184,國泰-敦南,2024-05-27,8888
00772B,中信高評級公司債,255,77,178,國泰-敦南,2024-05-27,8888
2405,輔信,917,750,167,國泰-敦南,2024-05-27,8888
3605,宏致,281,120,161,國泰-敦南,2024-05-27,8888
9904,寶成,230,75,155,國泰-敦南,2024-05-27,8888
2352,佳世達,433,281,152,國泰-敦南,2024-05-27,8888
2892,第一金,167,25,142,國泰-敦南,2024-05-27,8888
6117,迎廣,841,699,142,國泰-敦南,2024-05-27,8888
00664R,國泰臺灣加權反1,137,1,136,國泰-敦南,2024-05-27,8888
3049,精金,135,4,131,國泰-敦南,2024-05-27,8888
00885,富邦越南,304,174,130,國泰-敦南,2024-05-27,8888
2834,臺企銀,206,86,120,國泰-敦南,2024-05-27,8888
3055,蔚華科,910,799,111,國泰-敦南,2024-05-27,8888
1340,勝悅-KY,139,28,111,國泰-敦南,2024-05-27,8888
1568,倉佑,119,9,110,國泰-敦南,2024-05-27,8888
1304,台聚,136,29,107,國泰-敦南,2024-05-27,8888
1316,上曜,154,50,104,國泰-敦南,2024-05-27,8888
3060,銘異,375,275,100,國泰-敦南,2024-05-27,8888
1514,亞力,264,164,100,國泰-敦南,2024-05-27,8888
00719B,元大美債1-3,121,23,98,國泰-敦南,2024-05-27,8888
2883,凱基金,300,204,96,國泰-敦南,2024-05-27,8888
2887,台新金,264,169,95,國泰-敦南,2024-05-27,8888
00937B,群益ESG投等債20,6272,659,5613,國泰-敦南,2024-05-28,8888
2354,鴻準,5615,4207,1408,國泰-敦南,2024-05-28,8888
00946,群益科技高息成長,1530,169,1361,國泰-敦南,2024-05-28,8888
00665L,富邦�琤肭磪囓�2,1826,765,1061,國泰-敦南,2024-05-28,8888
00712,復華富時不動產,1356,353,1003,國泰-敦南,2024-05-28,8888
2891,中信金,930,68,862,國泰-敦南,2024-05-28,8888
00929,復華台灣科技優息,3884,3083,801,國泰-敦南,2024-05-28,8888
00679B,元大美債20年,979,186,793,國泰-敦南,2024-05-28,8888
2609,陽明,1281,540,741,國泰-敦南,2024-05-28,8888
2353,宏��,2496,1802,694,國泰-敦南,2024-05-28,8888
00919,群益台灣精選高息,2006,1319,687,國泰-敦南,2024-05-28,8888
2363,矽統,2952,2326,626,國泰-敦南,2024-05-28,8888
00687B,國泰20年美債,822,235,587,國泰-敦南,2024-05-28,8888
6188,廣明,1773,1244,529,國泰-敦南,2024-05-28,8888
2303,聯電,1090,578,512,國泰-敦南,2024-05-28,8888
00918,大華優利高填息30,546,162,384,國泰-敦南,2024-05-28,8888
2317,鴻海,1037,657,380,國泰-敦南,2024-05-28,8888
00882,中信中國高股息,902,525,377,國泰-敦南,2024-05-28,8888
2486,一詮,1699,1337,362,國泰-敦南,2024-05-28,8888
00632R,元大台灣50反1,1596,1245,351,國泰-敦南,2024-05-28,8888
2603,長榮,1270,939,331,國泰-敦南,2024-05-28,8888
00915,凱基優選高股息30,383,57,326,國泰-敦南,2024-05-28,8888
2464,盟立,1915,1594,321,國泰-敦南,2024-05-28,8888
00751B,元大AAA至A公司債,316,32,284,國泰-敦南,2024-05-28,8888
00933B,國泰10Y+金融債,566,302,264,國泰-敦南,2024-05-28,8888
2615,萬海,616,366,250,國泰-敦南,2024-05-28,8888
2301,光寶科,581,343,238,國泰-敦南,2024-05-28,8888
2324,仁寶,644,448,196,國泰-敦南,2024-05-28,8888
2884,玉山金,302,112,190,國泰-敦南,2024-05-28,8888
2641,正德,841,653,188,國泰-敦南,2024-05-28,8888
00921,兆豐龍頭等權重,214,26,188,國泰-敦南,2024-05-28,8888
3231,緯創,1753,1571,182,國泰-敦南,2024-05-28,8888
2886,兆豐金,212,39,173,國泰-敦南,2024-05-28,8888
00731,復華富時高息低波,185,21,164,國泰-敦南,2024-05-28,8888
8064,東捷,1327,1171,156,國泰-敦南,2024-05-28,8888
4543,萬在,722,567,155,國泰-敦南,2024-05-28,8888
3202,樺晟,355,202,153,國泰-敦南,2024-05-28,8888
6215,和椿,847,698,149,國泰-敦南,2024-05-28,8888
2409,友達,261,113,148,國泰-敦南,2024-05-28,8888
00650L,復華香港正2,297,152,145,國泰-敦南,2024-05-28,8888
00942B,台新美A公司債20+,166,24,142,國泰-敦南,2024-05-28,8888
2614,東森,261,119,142,國泰-敦南,2024-05-28,8888
00857B,永豐20年美公債,192,50,142,國泰-敦南,2024-05-28,8888
3466,德晉,349,215,134,國泰-敦南,2024-05-28,8888
2313,華通,169,37,132,國泰-敦南,2024-05-28,8888
2330,台積電,190,61,129,國泰-敦南,2024-05-28,8888
5371,中光電,502,374,128,國泰-敦南,2024-05-28,8888
2382,廣達,339,213,126,國泰-敦南,2024-05-28,8888
3712,永崴投控,875,749,126,國泰-敦南,2024-05-28,8888
2801,彰銀,152,28,124,國泰-敦南,2024-05-28,8888
00937B,群益ESG投等債20,14900,1020,13880,國泰-敦南,2024-05-29,8888
00679B,元大美債20年,3357,253,3104,國泰-敦南,2024-05-29,8888
00687B,國泰20年美債,2465,448,2017,國泰-敦南,2024-05-29,8888
00946,群益科技高息成長,2034,273,1761,國泰-敦南,2024-05-29,8888
00878,國泰永續高股息,2635,1298,1337,國泰-敦南,2024-05-29,8888
3047,訊舟,3655,2574,1081,國泰-敦南,2024-05-29,8888
2610,華航,1795,754,1041,國泰-敦南,2024-05-29,8888
2317,鴻海,1589,558,1031,國泰-敦南,2024-05-29,8888
2489,瑞軒,3912,2919,993,國泰-敦南,2024-05-29,8888
00933B,國泰10Y+金融債,1122,302,820,國泰-敦南,2024-05-29,8888
2353,宏��,2631,1818,813,國泰-敦南,2024-05-29,8888
2891,中信金,982,168,814,國泰-敦南,2024-05-29,8888
00665L,富邦�琤肭磪囓�2,1433,676,757,國泰-敦南,2024-05-29,8888
2605,新興,3473,2725,748,國泰-敦南,2024-05-29,8888
2886,兆豐金,750,53,697,國泰-敦南,2024-05-29,8888
00751B,元大AAA至A公司債,682,45,637,國泰-敦南,2024-05-29,8888
00680L,元大美債20正2,1057,424,633,國泰-敦南,2024-05-29,8888
00940,元大台灣價值高息,3076,2468,608,國泰-敦南,2024-05-29,8888
00918,大華優利高填息30,794,192,602,國泰-敦南,2024-05-29,8888
2401,凌陽,3050,2452,598,國泰-敦南,2024-05-29,8888
2618,長榮航,1898,1356,542,國泰-敦南,2024-05-29,8888
2883,凱基金,754,223,531,國泰-敦南,2024-05-29,8888
00795B,中信美國公債20年,567,54,513,國泰-敦南,2024-05-29,8888
2609,陽明,946,437,509,國泰-敦南,2024-05-29,8888
00712,復華富時不動產,834,344,490,國泰-敦南,2024-05-29,8888
00688L,國泰20年美債正2,797,336,461,國泰-敦南,2024-05-29,8888
2884,玉山金,577,119,458,國泰-敦南,2024-05-29,8888
2002,中鋼,595,179,416,國泰-敦南,2024-05-29,8888
00857B,永豐20年美公債,445,39,406,國泰-敦南,2024-05-29,8888
2834,臺企銀,460,57,403,國泰-敦南,2024-05-29,8888
00753L,中信中國50正2,674,281,393,國泰-敦南,2024-05-29,8888
6189,豐藝,1035,643,392,國泰-敦南,2024-05-29,8888
3231,緯創,806,419,387,國泰-敦南,2024-05-29,8888
00919,群益台灣精選高息,2672,2297,375,國泰-敦南,2024-05-29,8888
2409,友達,415,50,365,國泰-敦南,2024-05-29,8888
2892,第一金,387,57,330,國泰-敦南,2024-05-29,8888
2887,台新金,462,134,328,國泰-敦南,2024-05-29,8888
00720B,元大投資級公司債,471,146,325,國泰-敦南,2024-05-29,8888
00944,野村趨勢動能高息,346,23,323,國泰-敦南,2024-05-29,8888
1101,台泥,519,200,319,國泰-敦南,2024-05-29,8888
5880,合庫金,359,45,314,國泰-敦南,2024-05-29,8888
2885,元大金,338,44,294,國泰-敦南,2024-05-29,8888
00915,凱基優選高股息30,376,82,294,國泰-敦南,2024-05-29,8888
3481,群創,879,591,288,國泰-敦南,2024-05-29,8888
2614,東森,432,157,275,國泰-敦南,2024-05-29,8888
4414,如興,274,1,273,國泰-敦南,2024-05-29,8888
2890,永豐金,365,93,272,國泰-敦南,2024-05-29,8888
5353,台林,315,47,268,國泰-敦南,2024-05-29,8888
2882,國泰金,487,221,266,國泰-敦南,2024-05-29,8888
006208,富邦台50,322,58,264,國泰-敦南,2024-05-29,8888
00937B,群益ESG投等債20,6876,1258,5618,國泰-敦南,2024-05-30,8888
00929,復華台灣科技優息,5804,2535,3269,國泰-敦南,2024-05-30,8888
00712,復華富時不動產,1499,139,1360,國泰-敦南,2024-05-30,8888
00680L,元大美債20正2,1370,66,1304,國泰-敦南,2024-05-30,8888
00679B,元大美債20年,1726,431,1295,國泰-敦南,2024-05-30,8888
00878,國泰永續高股息,3407,2214,1193,國泰-敦南,2024-05-30,8888
1815,富喬,6945,5891,1054,國泰-敦南,2024-05-30,8888
00946,群益科技高息成長,1532,477,1055,國泰-敦南,2024-05-30,8888
00940,元大台灣價值高息,3023,2059,964,國泰-敦南,2024-05-30,8888
2891,中信金,1142,304,838,國泰-敦南,2024-05-30,8888
2002,中鋼,868,43,825,國泰-敦南,2024-05-30,8888
00915,凱基優選高股息30,892,126,766,國泰-敦南,2024-05-30,8888
00919,群益台灣精選高息,2446,1686,760,國泰-敦南,2024-05-30,8888
00687B,國泰20年美債,1456,735,721,國泰-敦南,2024-05-30,8888
00753L,中信中國50正2,826,110,716,國泰-敦南,2024-05-30,8888
00688L,國泰20年美債正2,839,152,687,國泰-敦南,2024-05-30,8888
00665L,富邦�琤肭磪囓�2,1254,600,654,國泰-敦南,2024-05-30,8888
2353,宏��,1737,1086,651,國泰-敦南,2024-05-30,8888
2317,鴻海,1285,698,587,國泰-敦南,2024-05-30,8888
2489,瑞軒,1816,1267,549,國泰-敦南,2024-05-30,8888
2405,輔信,1378,844,534,國泰-敦南,2024-05-30,8888
006208,富邦台50,614,102,512,國泰-敦南,2024-05-30,8888
2884,玉山金,557,90,467,國泰-敦南,2024-05-30,8888
00933B,國泰10Y+金融債,654,191,463,國泰-敦南,2024-05-30,8888
2354,鴻準,1630,1187,443,國泰-敦南,2024-05-30,8888
2886,兆豐金,481,49,432,國泰-敦南,2024-05-30,8888
2330,台積電,494,95,399,國泰-敦南,2024-05-30,8888
2834,臺企銀,483,92,391,國泰-敦南,2024-05-30,8888
4533,協易機,1610,1228,382,國泰-敦南,2024-05-30,8888
5880,合庫金,402,24,378,國泰-敦南,2024-05-30,8888
00918,大華優利高填息30,541,188,353,國泰-敦南,2024-05-30,8888
1303,南亞,398,61,337,國泰-敦南,2024-05-30,8888
2892,第一金,398,79,319,國泰-敦南,2024-05-30,8888
00944,野村趨勢動能高息,352,42,310,國泰-敦南,2024-05-30,8888
00751B,元大AAA至A公司債,393,83,310,國泰-敦南,2024-05-30,8888
2613,中櫃,1846,1554,292,國泰-敦南,2024-05-30,8888
4562,穎漢,959,670,289,國泰-敦南,2024-05-30,8888
4967,十銓,1024,752,272,國泰-敦南,2024-05-30,8888
2356,英業達,487,218,269,國泰-敦南,2024-05-30,8888
3321,同泰,298,31,267,國泰-敦南,2024-05-30,8888
2324,仁寶,428,168,260,國泰-敦南,2024-05-30,8888
0050,元大台灣50,393,137,256,國泰-敦南,2024-05-30,8888
00857B,永豐20年美公債,335,85,250,國泰-敦南,2024-05-30,8888
2363,矽統,1329,1080,249,國泰-敦南,2024-05-30,8888
2610,華航,1559,1315,244,國泰-敦南,2024-05-30,8888
6209,今國光,835,592,243,國泰-敦南,2024-05-30,8888
00795B,中信美國公債20年,418,175,243,國泰-敦南,2024-05-30,8888
00921,兆豐龍頭等權重,269,26,243,國泰-敦南,2024-05-30,8888
1471,首利,322,80,242,國泰-敦南,2024-05-30,8888
00715L,期街口布蘭特正2,381,140,241,國泰-敦南,2024-05-30,8888
00929,復華台灣科技優息,6878,1556,5322,國泰-敦南,2024-05-31,8888
00632R,元大台灣50反1,5604,1060,4544,國泰-敦南,2024-05-31,8888
2609,陽明,8318,5156,3162,國泰-敦南,2024-05-31,8888
00919,群益台灣精選高息,4440,1523,2917,國泰-敦南,2024-05-31,8888
00946,群益科技高息成長,1822,415,1407,國泰-敦南,2024-05-31,8888
2317,鴻海,1941,617,1324,國泰-敦南,2024-05-31,8888
00878,國泰永續高股息,1619,809,810,國泰-敦南,2024-05-31,8888
2002,中鋼,873,91,782,國泰-敦南,2024-05-31,8888
00715L,期街口布蘭特正2,773,26,747,國泰-敦南,2024-05-31,8888
3231,緯創,871,278,593,國泰-敦南,2024-05-31,8888
3312,弘憶股,3030,2472,558,國泰-敦南,2024-05-31,8888
1815,富喬,3208,2683,525,國泰-敦南,2024-05-31,8888
00939,統一台灣高息動能,775,270,505,國泰-敦南,2024-05-31,8888
006208,富邦台50,486,60,426,國泰-敦南,2024-05-31,8888
00679B,元大美債20年,658,288,370,國泰-敦南,2024-05-31,8888
00915,凱基優選高股息30,447,96,351,國泰-敦南,2024-05-31,8888
2382,廣達,533,184,349,國泰-敦南,2024-05-31,8888
2330,台積電,406,76,330,國泰-敦南,2024-05-31,8888
2344,華邦電,366,57,309,國泰-敦南,2024-05-31,8888
00937B,群益ESG投等債20,2497,2204,293,國泰-敦南,2024-05-31,8888
00923,群益台ESG低碳50,321,36,285,國泰-敦南,2024-05-31,8888
2515,中工,1135,873,262,國泰-敦南,2024-05-31,8888
2615,萬海,472,215,257,國泰-敦南,2024-05-31,8888
2610,華航,934,690,244,國泰-敦南,2024-05-31,8888
5880,合庫金,294,53,241,國泰-敦南,2024-05-31,8888
2889,國票金,317,88,229,國泰-敦南,2024-05-31,8888
00891,中信關鍵半導體,374,145,229,國泰-敦南,2024-05-31,8888
2356,英業達,427,200,227,國泰-敦南,2024-05-31,8888
00918,大華優利高填息30,419,194,225,國泰-敦南,2024-05-31,8888
00933B,國泰10Y+金融債,813,597,216,國泰-敦南,2024-05-31,8888
0050,元大台灣50,269,57,212,國泰-敦南,2024-05-31,8888
2353,宏��,892,693,199,國泰-敦南,2024-05-31,8888
1802,台玻,364,166,198,國泰-敦南,2024-05-31,8888
4414,如興,200,6,194,國泰-敦南,2024-05-31,8888
2303,聯電,686,493,193,國泰-敦南,2024-05-31,8888
00944,野村趨勢動能高息,218,32,186,國泰-敦南,2024-05-31,8888
6005,群益證,283,104,179,國泰-敦南,2024-05-31,8888
00881,國泰台灣5G+,305,130,175,國泰-敦南,2024-05-31,8888
00927,群益半導體收益,236,64,172,國泰-敦南,2024-05-31,8888
2409,友達,236,80,156,國泰-敦南,2024-05-31,8888
2405,輔信,413,264,149,國泰-敦南,2024-05-31,8888
00935,野村臺灣新科技50,175,31,144,國泰-敦南,2024-05-31,8888
2301,光寶科,309,172,137,國泰-敦南,2024-05-31,8888
2367,燿華,1481,1356,125,國泰-敦南,2024-05-31,8888
1301,台塑,161,38,123,國泰-敦南,2024-05-31,8888
00922,國泰台灣領袖50,179,57,122,國泰-敦南,2024-05-31,8888
00917,中信特選金融,125,6,119,國泰-敦南,2024-05-31,8888
0056,元大高股息,433,315,118,國泰-敦南,2024-05-31,8888
8070,長華*,357,239,118,國泰-敦南,2024-05-31,8888
00712,復華富時不動產,727,611,116,國泰-敦南,2024-05-31,8888
00919,群益台灣精選高息,4936,1161,3775,國泰-敦南,2024-06-03,8888
00918,大華優利高填息30,2570,180,2390,國泰-敦南,2024-06-03,8888
00937B,群益ESG投等債20,3350,2134,1216,國泰-敦南,2024-06-03,8888
00929,復華台灣科技優息,3471,2311,1160,國泰-敦南,2024-06-03,8888
2354,鴻準,2279,1555,724,國泰-敦南,2024-06-03,8888
2618,長榮航,1402,766,636,國泰-敦南,2024-06-03,8888
2353,宏��,1364,791,573,國泰-敦南,2024-06-03,8888
00715L,期街口布蘭特正2,575,47,528,國泰-敦南,2024-06-03,8888
2317,鴻海,1498,988,510,國泰-敦南,2024-06-03,8888
9105,泰金寶-DR,696,193,503,國泰-敦南,2024-06-03,8888
2867,三商壽,1303,829,474,國泰-敦南,2024-06-03,8888
00946,群益科技高息成長,1119,653,466,國泰-敦南,2024-06-03,8888
2324,仁寶,919,505,414,國泰-敦南,2024-06-03,8888
2002,中鋼,523,148,375,國泰-敦南,2024-06-03,8888
2312,金寶,593,241,352,國泰-敦南,2024-06-03,8888
5876,上海商銀,754,444,310,國泰-敦南,2024-06-03,8888
4533,協易機,2336,2061,275,國泰-敦南,2024-06-03,8888
2880,華南金,317,47,270,國泰-敦南,2024-06-03,8888
2356,英業達,1235,972,263,國泰-敦南,2024-06-03,8888
5426,振發,1118,865,253,國泰-敦南,2024-06-03,8888
2515,中工,894,644,250,國泰-敦南,2024-06-03,8888
5371,中光電,699,458,241,國泰-敦南,2024-06-03,8888
3202,樺晟,809,577,232,國泰-敦南,2024-06-03,8888
2886,兆豐金,333,105,228,國泰-敦南,2024-06-03,8888
6770,力積電,340,112,228,國泰-敦南,2024-06-03,8888
2615,萬海,2576,2361,215,國泰-敦南,2024-06-03,8888
2889,國票金,264,51,213,國泰-敦南,2024-06-03,8888
3481,群創,451,243,208,國泰-敦南,2024-06-03,8888
00830,國泰費城半導體,215,19,196,國泰-敦南,2024-06-03,8888
2401,凌陽,627,456,171,國泰-敦南,2024-06-03,8888
00713,元大台灣高息低波,241,76,165,國泰-敦南,2024-06-03,8888
6188,廣明,1743,1581,162,國泰-敦南,2024-06-03,8888
2905,三商,188,46,142,國泰-敦南,2024-06-03,8888
2608,嘉里大榮,216,76,140,國泰-敦南,2024-06-03,8888
6270,倍微,425,287,138,國泰-敦南,2024-06-03,8888
2303,聯電,637,500,137,國泰-敦南,2024-06-03,8888
00706L,期元大S＆P日圓正2,217,85,132,國泰-敦南,2024-06-03,8888
3231,緯創,702,574,128,國泰-敦南,2024-06-03,8888
00921,兆豐龍頭等權重,149,21,128,國泰-敦南,2024-06-03,8888
00679B,元大美債20年,570,449,121,國泰-敦南,2024-06-03,8888
00752,中信中國50,135,19,116,國泰-敦南,2024-06-03,8888
2547,日勝生,216,101,115,國泰-敦南,2024-06-03,8888
00753L,中信中國50正2,262,149,113,國泰-敦南,2024-06-03,8888
3706,神達,330,217,113,國泰-敦南,2024-06-03,8888
00864B,中信美國公債0-1,114,3,111,國泰-敦南,2024-06-03,8888
2349,錸德,186,78,108,國泰-敦南,2024-06-03,8888
5880,合庫金,155,51,104,國泰-敦南,2024-06-03,8888
00680L,元大美債20正2,334,237,97,國泰-敦南,2024-06-03,8888
1532,勤美,126,30,96,國泰-敦南,2024-06-03,8888
2313,華通,115,19,96,國泰-敦南,2024-06-03,8888
00929,復華台灣科技優息,7704,3066,4638,國泰-敦南,2024-06-04,8888
00919,群益台灣精選高息,5113,792,4321,國泰-敦南,2024-06-04,8888
00878,國泰永續高股息,4341,633,3708,國泰-敦南,2024-06-04,8888
00918,大華優利高填息30,3068,195,2873,國泰-敦南,2024-06-04,8888
00936,台新永續高息中小,3449,896,2553,國泰-敦南,2024-06-04,8888
00881,國泰台灣5G+,1440,96,1344,國泰-敦南,2024-06-04,8888
2888,新光金,3230,1920,1310,國泰-敦南,2024-06-04,8888
6125,廣運,3451,2246,1205,國泰-敦南,2024-06-04,8888
2317,鴻海,1669,574,1095,國泰-敦南,2024-06-04,8888
00713,元大台灣高息低波,943,97,846,國泰-敦南,2024-06-04,8888
2002,中鋼,898,62,836,國泰-敦南,2024-06-04,8888
00942B,台新美A公司債20+,914,86,828,國泰-敦南,2024-06-04,8888
2344,華邦電,928,158,770,國泰-敦南,2024-06-04,8888
00946,群益科技高息成長,959,225,734,國泰-敦南,2024-06-04,8888
2331,精英,2874,2153,721,國泰-敦南,2024-06-04,8888
00715L,期街口布蘭特正2,1319,607,712,國泰-敦南,2024-06-04,8888
2324,仁寶,1188,486,702,國泰-敦南,2024-06-04,8888
3481,群創,1030,395,635,國泰-敦南,2024-06-04,8888
2367,燿華,2241,1730,511,國泰-敦南,2024-06-04,8888
006208,富邦台50,501,73,428,國泰-敦南,2024-06-04,8888
8096,擎亞,809,389,420,國泰-敦南,2024-06-04,8888
2353,宏��,970,581,389,國泰-敦南,2024-06-04,8888
4533,協易機,1855,1504,351,國泰-敦南,2024-06-04,8888
4562,穎漢,1434,1100,334,國泰-敦南,2024-06-04,8888
6005,群益證,376,44,332,國泰-敦南,2024-06-04,8888
5426,振發,1081,753,328,國泰-敦南,2024-06-04,8888
00923,群益台ESG低碳50,347,46,301,國泰-敦南,2024-06-04,8888
5880,合庫金,335,47,288,國泰-敦南,2024-06-04,8888
2354,鴻準,1320,1033,287,國泰-敦南,2024-06-04,8888
00944,野村趨勢動能高息,371,86,285,國泰-敦南,2024-06-04,8888
2537,聯上發,3163,2880,283,國泰-敦南,2024-06-04,8888
3013,晟銘電,1254,988,266,國泰-敦南,2024-06-04,8888
2486,一詮,2041,1784,257,國泰-敦南,2024-06-04,8888
2409,友達,357,101,256,國泰-敦南,2024-06-04,8888
1313,聯成,287,36,251,國泰-敦南,2024-06-04,8888
2303,聯電,671,424,247,國泰-敦南,2024-06-04,8888
2301,光寶科,372,129,243,國泰-敦南,2024-06-04,8888
0050,元大台灣50,300,67,233,國泰-敦南,2024-06-04,8888
2891,中信金,737,519,218,國泰-敦南,2024-06-04,8888
5353,台林,471,256,215,國泰-敦南,2024-06-04,8888
3231,緯創,457,243,214,國泰-敦南,2024-06-04,8888
00915,凱基優選高股息30,341,129,212,國泰-敦南,2024-06-04,8888
2880,華南金,261,51,210,國泰-敦南,2024-06-04,8888
0056,元大高股息,596,390,206,國泰-敦南,2024-06-04,8888
2603,長榮,513,307,206,國泰-敦南,2024-06-04,8888
3260,威剛,425,224,201,國泰-敦南,2024-06-04,8888
2465,麗臺,1171,971,200,國泰-敦南,2024-06-04,8888
2356,英業達,574,377,197,國泰-敦南,2024-06-04,8888
2889,國票金,275,79,196,國泰-敦南,2024-06-04,8888
2836,高雄銀,193,1,192,國泰-敦南,2024-06-04,8888
00929,復華台灣科技優息,10570,1855,8715,國泰-敦南,2024-06-05,8888
00936,台新永續高息中小,3126,535,2591,國泰-敦南,2024-06-05,8888
00878,國泰永續高股息,5049,2966,2083,國泰-敦南,2024-06-05,8888
00918,大華優利高填息30,1792,246,1546,國泰-敦南,2024-06-05,8888
00712,復華富時不動產,1624,874,750,國泰-敦南,2024-06-05,8888
00715L,期街口布蘭特正2,649,62,587,國泰-敦南,2024-06-05,8888
0056,元大高股息,935,352,583,國泰-敦南,2024-06-05,8888
00919,群益台灣精選高息,2077,1514,563,國泰-敦南,2024-06-05,8888
3048,益登,1130,577,553,國泰-敦南,2024-06-05,8888
2344,華邦電,606,117,489,國泰-敦南,2024-06-05,8888
2002,中鋼,537,58,479,國泰-敦南,2024-06-05,8888
00676R,富邦臺灣加權反1,421,1,420,國泰-敦南,2024-06-05,8888
00942B,台新美A公司債20+,534,117,417,國泰-敦南,2024-06-05,8888
00713,元大台灣高息低波,508,93,415,國泰-敦南,2024-06-05,8888
00665L,富邦�琤肭磪囓�2,1164,814,350,國泰-敦南,2024-06-05,8888
2867,三商壽,679,337,342,國泰-敦南,2024-06-05,8888
2105,正新,417,86,331,國泰-敦南,2024-06-05,8888
2888,新光金,884,581,303,國泰-敦南,2024-06-05,8888
2417,圓剛,890,591,299,國泰-敦南,2024-06-05,8888
00687B,國泰20年美債,1972,1687,285,國泰-敦南,2024-06-05,8888
2101,南港,564,344,220,國泰-敦南,2024-06-05,8888
3231,緯創,443,228,215,國泰-敦南,2024-06-05,8888
2834,臺企銀,351,138,213,國泰-敦南,2024-06-05,8888
2486,一詮,1486,1281,205,國泰-敦南,2024-06-05,8888
2331,精英,1008,804,204,國泰-敦南,2024-06-05,8888
2324,仁寶,439,239,200,國泰-敦南,2024-06-05,8888
00946,群益科技高息成長,329,136,193,國泰-敦南,2024-06-05,8888
2891,中信金,678,493,185,國泰-敦南,2024-06-05,8888
5880,合庫金,234,52,182,國泰-敦南,2024-06-05,8888
3088,艾訊,408,248,160,國泰-敦南,2024-06-05,8888
3372,典範,391,235,156,國泰-敦南,2024-06-05,8888
3047,訊舟,687,533,154,國泰-敦南,2024-06-05,8888
2303,聯電,639,494,145,國泰-敦南,2024-06-05,8888
00943,兆豐電子高息等權,139,0,139,國泰-敦南,2024-06-05,8888
6116,彩晶,221,85,136,國泰-敦南,2024-06-05,8888
3564,其陽,589,459,130,國泰-敦南,2024-06-05,8888
2363,矽統,507,378,129,國泰-敦南,2024-06-05,8888
2356,英業達,446,318,128,國泰-敦南,2024-06-05,8888
1301,台塑,217,96,121,國泰-敦南,2024-06-05,8888
6270,倍微,449,332,117,國泰-敦南,2024-06-05,8888
00753L,中信中國50正2,320,204,116,國泰-敦南,2024-06-05,8888
8277,商丞,203,89,114,國泰-敦南,2024-06-05,8888
1304,台聚,129,16,113,國泰-敦南,2024-06-05,8888
2352,佳世達,189,79,110,國泰-敦南,2024-06-05,8888
00642U,期元大S＆P石油,118,14,104,國泰-敦南,2024-06-05,8888
4967,十銓,643,541,102,國泰-敦南,2024-06-05,8888
2449,京元電子,202,101,101,國泰-敦南,2024-06-05,8888
1312,國喬,102,4,98,國泰-敦南,2024-06-05,8888
00650L,復華香港正2,154,59,95,國泰-敦南,2024-06-05,8888
1313,聯成,183,88,95,國泰-敦南,2024-06-05,8888
00936,台新永續高息中小,3632,240,3392,國泰-敦南,2024-06-06,8888
00929,復華台灣科技優息,4026,2695,1331,國泰-敦南,2024-06-06,8888
00946,群益科技高息成長,1752,445,1307,國泰-敦南,2024-06-06,8888
00918,大華優利高填息30,1623,362,1261,國泰-敦南,2024-06-06,8888
00687B,國泰20年美債,2022,1285,737,國泰-敦南,2024-06-06,8888
2002,中鋼,767,126,641,國泰-敦南,2024-06-06,8888
2354,鴻準,1432,887,545,國泰-敦南,2024-06-06,8888
1815,富喬,2633,2210,423,國泰-敦南,2024-06-06,8888
00937B,群益ESG投等債20,3872,3478,394,國泰-敦南,2024-06-06,8888
00713,元大台灣高息低波,461,78,383,國泰-敦南,2024-06-06,8888
00942B,台新美A公司債20+,568,219,349,國泰-敦南,2024-06-06,8888
00878,國泰永續高股息,1483,1147,336,國泰-敦南,2024-06-06,8888
3481,群創,539,206,333,國泰-敦南,2024-06-06,8888
00665L,富邦�琤肭磪囓�2,1471,1149,322,國泰-敦南,2024-06-06,8888
2101,南港,659,390,269,國泰-敦南,2024-06-06,8888
3231,緯創,486,220,266,國泰-敦南,2024-06-06,8888
6116,彩晶,393,130,263,國泰-敦南,2024-06-06,8888
1455,集盛,302,47,255,國泰-敦南,2024-06-06,8888
00673R,期元大S＆P原油反1,434,188,246,國泰-敦南,2024-06-06,8888
2328,廣宇,804,574,230,國泰-敦南,2024-06-06,8888
2609,陽明,9126,8906,220,國泰-敦南,2024-06-06,8888
00935,野村臺灣新科技50,363,145,218,國泰-敦南,2024-06-06,8888
00922,國泰台灣領袖50,369,159,210,國泰-敦南,2024-06-06,8888
00664R,國泰臺灣加權反1,210,2,208,國泰-敦南,2024-06-06,8888
00650L,復華香港正2,567,364,203,國泰-敦南,2024-06-06,8888
4155,訊映,213,13,200,國泰-敦南,2024-06-06,8888
00719B,元大美債1-3,278,79,199,國泰-敦南,2024-06-06,8888
3576,聯合再生,188,13,175,國泰-敦南,2024-06-06,8888
6125,廣運,1205,1041,164,國泰-敦南,2024-06-06,8888
2801,彰銀,223,60,163,國泰-敦南,2024-06-06,8888
00933B,國泰10Y+金融債,887,736,151,國泰-敦南,2024-06-06,8888
00679B,元大美債20年,1297,1149,148,國泰-敦南,2024-06-06,8888
5302,太欣,227,79,148,國泰-敦南,2024-06-06,8888
2605,新興,597,451,146,國泰-敦南,2024-06-06,8888
8933,愛地雅,168,25,143,國泰-敦南,2024-06-06,8888
1303,南亞,193,53,140,國泰-敦南,2024-06-06,8888
00753L,中信中國50正2,288,150,138,國泰-敦南,2024-06-06,8888
00671R,富邦NASDAQ反1,188,61,127,國泰-敦南,2024-06-06,8888
2356,英業達,322,199,123,國泰-敦南,2024-06-06,8888
1313,聯成,211,88,123,國泰-敦南,2024-06-06,8888
1304,台聚,158,36,122,國泰-敦南,2024-06-06,8888
00712,復華富時不動產,580,458,122,國泰-敦南,2024-06-06,8888
3712,永崴投控,137,16,121,國泰-敦南,2024-06-06,8888
2611,志信,500,380,120,國泰-敦南,2024-06-06,8888
9904,寶成,139,23,116,國泰-敦南,2024-06-06,8888
00676R,富邦臺灣加權反1,119,4,115,國泰-敦南,2024-06-06,8888
5347,世界,1587,1474,113,國泰-敦南,2024-06-06,8888
1310,台苯,133,22,111,國泰-敦南,2024-06-06,8888
2427,三商電,524,415,109,國泰-敦南,2024-06-06,8888
6770,力積電,180,73,107,國泰-敦南,2024-06-06,8888
00929,復華台灣科技優息,6366,1760,4606,國泰-敦南,2024-06-07,8888
00936,台新永續高息中小,4077,101,3976,國泰-敦南,2024-06-07,8888
00687B,國泰20年美債,2187,769,1418,國泰-敦南,2024-06-07,8888
00937B,群益ESG投等債20,3196,1949,1247,國泰-敦南,2024-06-07,8888
2312,金寶,2486,1437,1049,國泰-敦南,2024-06-07,8888
00918,大華優利高填息30,1277,388,889,國泰-敦南,2024-06-07,8888
3231,緯創,1128,276,852,國泰-敦南,2024-06-07,8888
2615,萬海,5055,4249,806,國泰-敦南,2024-06-07,8888
00878,國泰永續高股息,1448,697,751,國泰-敦南,2024-06-07,8888
00712,復華富時不動產,1137,431,706,國泰-敦南,2024-06-07,8888
2367,燿華,1742,1298,444,國泰-敦南,2024-06-07,8888
00942B,台新美A公司債20+,347,31,316,國泰-敦南,2024-06-07,8888
00713,元大台灣高息低波,430,114,316,國泰-敦南,2024-06-07,8888
2897A,王道銀甲特,301,0,301,國泰-敦南,2024-06-07,8888
00679B,元大美債20年,846,551,295,國泰-敦南,2024-06-07,8888
00637L,元大滬深300正2,467,173,294,國泰-敦南,2024-06-07,8888
2356,英業達,517,223,294,國泰-敦南,2024-06-07,8888
2313,華通,730,460,270,國泰-敦南,2024-06-07,8888
2330,台積電,355,90,265,國泰-敦南,2024-06-07,8888
00673R,期元大S＆P原油反1,261,24,237,國泰-敦南,2024-06-07,8888
2603,長榮,632,406,226,國泰-敦南,2024-06-07,8888
2382,廣達,328,107,221,國泰-敦南,2024-06-07,8888
2609,陽明,6806,6598,208,國泰-敦南,2024-06-07,8888
00881,國泰台灣5G+,242,41,201,國泰-敦南,2024-06-07,8888
00688L,國泰20年美債正2,355,155,200,國泰-敦南,2024-06-07,8888
00915,凱基優選高股息30,233,45,188,國泰-敦南,2024-06-07,8888
00665L,富邦�琤肭磪囓�2,1145,962,183,國泰-敦南,2024-06-07,8888
2489,瑞軒,549,369,180,國泰-敦南,2024-06-07,8888
00946,群益科技高息成長,445,270,175,國泰-敦南,2024-06-07,8888
2353,宏��,593,433,160,國泰-敦南,2024-06-07,8888
1609,大亞,1026,868,158,國泰-敦南,2024-06-07,8888
2331,精英,334,181,153,國泰-敦南,2024-06-07,8888
6143,振曜,214,65,149,國泰-敦南,2024-06-07,8888
2613,中櫃,1971,1823,148,國泰-敦南,2024-06-07,8888
0056,元大高股息,389,245,144,國泰-敦南,2024-06-07,8888
2324,仁寶,358,218,140,國泰-敦南,2024-06-07,8888
00680L,元大美債20正2,850,711,139,國泰-敦南,2024-06-07,8888
006208,富邦台50,188,54,134,國泰-敦南,2024-06-07,8888
1718,中纖,158,32,126,國泰-敦南,2024-06-07,8888
2352,佳世達,239,116,123,國泰-敦南,2024-06-07,8888
3037,欣興,201,79,122,國泰-敦南,2024-06-07,8888
00935,野村臺灣新科技50,138,18,120,國泰-敦南,2024-06-07,8888
1503,士電,480,362,118,國泰-敦南,2024-06-07,8888
2886,兆豐金,277,162,115,國泰-敦南,2024-06-07,8888
8110,華東,140,28,112,國泰-敦南,2024-06-07,8888
2105,正新,147,39,108,國泰-敦南,2024-06-07,8888
00650L,復華香港正2,309,205,104,國泰-敦南,2024-06-07,8888
00753L,中信中國50正2,158,65,93,國泰-敦南,2024-06-07,8888
4157,太景*-KY,101,9,92,國泰-敦南,2024-06-07,8888
4566,時碩工業,680,590,90,國泰-敦南,2024-06-07,8888
00929,復華台灣科技優息,7821,1594,6227,國泰-敦南,2024-06-11,8888
00937B,群益ESG投等債20,8423,2332,6091,國泰-敦南,2024-06-11,8888
00918,大華優利高填息30,4698,230,4468,國泰-敦南,2024-06-11,8888
00687B,國泰20年美債,4260,576,3684,國泰-敦南,2024-06-11,8888
00919,群益台灣精選高息,5284,1762,3522,國泰-敦南,2024-06-11,8888
00936,台新永續高息中小,3841,621,3220,國泰-敦南,2024-06-11,8888
00679B,元大美債20年,2958,414,2544,國泰-敦南,2024-06-11,8888
2609,陽明,8536,6553,1983,國泰-敦南,2024-06-11,8888
00878,國泰永續高股息,2839,1054,1785,國泰-敦南,2024-06-11,8888
2603,長榮,2528,987,1541,國泰-敦南,2024-06-11,8888
00712,復華富時不動產,1364,262,1102,國泰-敦南,2024-06-11,8888
00680L,元大美債20正2,1225,155,1070,國泰-敦南,2024-06-11,8888
2002,中鋼,1332,291,1041,國泰-敦南,2024-06-11,8888
00942B,台新美A公司債20+,1038,80,958,國泰-敦南,2024-06-11,8888
00933B,國泰10Y+金融債,1350,392,958,國泰-敦南,2024-06-11,8888
2615,萬海,3581,2720,861,國泰-敦南,2024-06-11,8888
3047,訊舟,3166,2469,697,國泰-敦南,2024-06-11,8888
3481,群創,831,153,678,國泰-敦南,2024-06-11,8888
2515,中工,1558,929,629,國泰-敦南,2024-06-11,8888
1815,富喬,2285,1669,616,國泰-敦南,2024-06-11,8888
00939,統一台灣高息動能,870,275,595,國泰-敦南,2024-06-11,8888
1101,台泥,772,179,593,國泰-敦南,2024-06-11,8888
2888,新光金,1294,804,490,國泰-敦南,2024-06-11,8888
00688L,國泰20年美債正2,933,459,474,國泰-敦南,2024-06-11,8888
2374,佳能,919,523,396,國泰-敦南,2024-06-11,8888
3231,緯創,707,313,394,國泰-敦南,2024-06-11,8888
1608,華榮,872,509,363,國泰-敦南,2024-06-11,8888
00751B,元大AAA至A公司債,406,69,337,國泰-敦南,2024-06-11,8888
00713,元大台灣高息低波,430,101,329,國泰-敦南,2024-06-11,8888
2537,聯上發,1993,1685,308,國泰-敦南,2024-06-11,8888
1514,亞力,1667,1372,295,國泰-敦南,2024-06-11,8888
00795B,中信美國公債20年,350,57,293,國泰-敦南,2024-06-11,8888
0056,元大高股息,805,522,283,國泰-敦南,2024-06-11,8888
00673R,期元大S＆P原油反1,288,24,264,國泰-敦南,2024-06-11,8888
2356,英業達,591,345,246,國泰-敦南,2024-06-11,8888
1316,上曜,1848,1602,246,國泰-敦南,2024-06-11,8888
9946,三發地產,332,92,240,國泰-敦南,2024-06-11,8888
4967,十銓,1180,952,228,國泰-敦南,2024-06-11,8888
1618,合機,1395,1170,225,國泰-敦南,2024-06-11,8888
5531,鄉林,491,272,219,國泰-敦南,2024-06-11,8888
2101,南港,326,119,207,國泰-敦南,2024-06-11,8888
00632R,元大台灣50反1,1065,864,201,國泰-敦南,2024-06-11,8888
3576,聯合再生,212,12,200,國泰-敦南,2024-06-11,8888
1301,台塑,245,52,193,國泰-敦南,2024-06-11,8888
9945,潤泰新,675,499,176,國泰-敦南,2024-06-11,8888
2506,太設,226,56,170,國泰-敦南,2024-06-11,8888
00907,永豐優息存股,194,31,163,國泰-敦南,2024-06-11,8888
00944,野村趨勢動能高息,225,64,161,國泰-敦南,2024-06-11,8888
2501,國建,640,479,161,國泰-敦南,2024-06-11,8888
00764B,群益25年美債,170,9,161,國泰-敦南,2024-06-11,8888
00948B,中信優息投資級債,3515,113,3402,國泰-敦南,2024-06-12,8888
00712,復華富時不動產,2711,289,2422,國泰-敦南,2024-06-12,8888
00918,大華優利高填息30,2342,304,2038,國泰-敦南,2024-06-12,8888
00937B,群益ESG投等債20,3583,1628,1955,國泰-敦南,2024-06-12,8888
00919,群益台灣精選高息,3472,1638,1834,國泰-敦南,2024-06-12,8888
00687B,國泰20年美債,2077,802,1275,國泰-敦南,2024-06-12,8888
2883,凱基金,1496,697,799,國泰-敦南,2024-06-12,8888
2515,中工,781,215,566,國泰-敦南,2024-06-12,8888
00947,台新臺灣IC設計,612,80,532,國泰-敦南,2024-06-12,8888
3047,訊舟,1814,1316,498,國泰-敦南,2024-06-12,8888
00688L,國泰20年美債正2,632,212,420,國泰-敦南,2024-06-12,8888
2002,中鋼,549,142,407,國泰-敦南,2024-06-12,8888
3231,緯創,854,477,377,國泰-敦南,2024-06-12,8888
3481,群創,578,213,365,國泰-敦南,2024-06-12,8888
00632R,元大台灣50反1,1537,1173,364,國泰-敦南,2024-06-12,8888
00942B,台新美A公司債20+,362,33,329,國泰-敦南,2024-06-12,8888
00907,永豐優息存股,313,13,300,國泰-敦南,2024-06-12,8888
00664R,國泰臺灣加權反1,282,20,262,國泰-敦南,2024-06-12,8888
2537,聯上發,959,699,260,國泰-敦南,2024-06-12,8888
00713,元大台灣高息低波,346,91,255,國泰-敦南,2024-06-12,8888
6116,彩晶,341,95,246,國泰-敦南,2024-06-12,8888
4906,正文,373,140,233,國泰-敦南,2024-06-12,8888
00679B,元大美債20年,585,387,198,國泰-敦南,2024-06-12,8888
2324,仁寶,274,83,191,國泰-敦南,2024-06-12,8888
2887,台新金,297,110,187,國泰-敦南,2024-06-12,8888
00753L,中信中國50正2,242,58,184,國泰-敦南,2024-06-12,8888
2486,一詮,1509,1334,175,國泰-敦南,2024-06-12,8888
8110,華東,244,75,169,國泰-敦南,2024-06-12,8888
1514,亞力,780,612,168,國泰-敦南,2024-06-12,8888
9945,潤泰新,332,167,165,國泰-敦南,2024-06-12,8888
2442,新美齊,182,17,165,國泰-敦南,2024-06-12,8888
1618,合機,1092,928,164,國泰-敦南,2024-06-12,8888
1605,華新,182,19,163,國泰-敦南,2024-06-12,8888
00665L,富邦�琤肭磪囓�2,937,779,158,國泰-敦南,2024-06-12,8888
2392,正崴,294,145,149,國泰-敦南,2024-06-12,8888
5880,合庫金,183,34,149,國泰-敦南,2024-06-12,8888
00931B,統一美債20年,234,90,144,國泰-敦南,2024-06-12,8888
00671R,富邦NASDAQ反1,132,0,132,國泰-敦南,2024-06-12,8888
1101,台泥,374,251,123,國泰-敦南,2024-06-12,8888
4534,慶騰,164,41,123,國泰-敦南,2024-06-12,8888
6282,康舒,143,24,119,國泰-敦南,2024-06-12,8888
5425,台半,140,23,117,國泰-敦南,2024-06-12,8888
3048,益登,426,316,110,國泰-敦南,2024-06-12,8888
2303,聯電,259,149,110,國泰-敦南,2024-06-12,8888
2542,興富發,360,250,110,國泰-敦南,2024-06-12,8888
9904,寶成,120,12,108,國泰-敦南,2024-06-12,8888
2606,裕民,291,184,107,國泰-敦南,2024-06-12,8888
2344,華邦電,185,78,107,國泰-敦南,2024-06-12,8888
1449,佳和,107,6,101,國泰-敦南,2024-06-12,8888
5484,慧友,116,15,101,國泰-敦南,2024-06-12,8888
00948B,中信優息投資級債,2014,362,1652,國泰-敦南,2024-06-13,8888
00632R,元大台灣50反1,3175,1806,1369,國泰-敦南,2024-06-13,8888
2002,中鋼,756,156,600,國泰-敦南,2024-06-13,8888
00947,台新臺灣IC設計,660,67,593,國泰-敦南,2024-06-13,8888
00687B,國泰20年美債,1812,1242,570,國泰-敦南,2024-06-13,8888
00713,元大台灣高息低波,669,138,531,國泰-敦南,2024-06-13,8888
00936,台新永續高息中小,1730,1253,477,國泰-敦南,2024-06-13,8888
2367,燿華,1949,1498,451,國泰-敦南,2024-06-13,8888
00946,群益科技高息成長,912,466,446,國泰-敦南,2024-06-13,8888
2888,新光金,975,555,420,國泰-敦南,2024-06-13,8888
2365,昆盈,1256,849,407,國泰-敦南,2024-06-13,8888
2867,三商壽,792,386,406,國泰-敦南,2024-06-13,8888
2609,陽明,4466,4085,381,國泰-敦南,2024-06-13,8888
2618,長榮航,858,505,353,國泰-敦南,2024-06-13,8888
2330,台積電,636,308,328,國泰-敦南,2024-06-13,8888
2515,中工,518,217,301,國泰-敦南,2024-06-13,8888
00918,大華優利高填息30,1377,1082,295,國泰-敦南,2024-06-13,8888
2359,所羅門,1929,1641,288,國泰-敦南,2024-06-13,8888
1522,堤維西,527,256,271,國泰-敦南,2024-06-13,8888
2603,長榮,993,723,270,國泰-敦南,2024-06-13,8888
2615,萬海,1418,1165,253,國泰-敦南,2024-06-13,8888
2317,鴻海,1730,1476,254,國泰-敦南,2024-06-13,8888
2610,華航,923,674,249,國泰-敦南,2024-06-13,8888
1815,富喬,1666,1418,248,國泰-敦南,2024-06-13,8888
9105,泰金寶-DR,1863,1626,237,國泰-敦南,2024-06-13,8888
00942B,台新美A公司債20+,380,166,214,國泰-敦南,2024-06-13,8888
00712,復華富時不動產,986,786,200,國泰-敦南,2024-06-13,8888
1617,榮星,1279,1113,166,國泰-敦南,2024-06-13,8888
6125,廣運,616,452,164,國泰-敦南,2024-06-13,8888
2241,艾姆勒,259,109,150,國泰-敦南,2024-06-13,8888
6116,彩晶,214,64,150,國泰-敦南,2024-06-13,8888
2801,彰銀,173,31,142,國泰-敦南,2024-06-13,8888
2464,盟立,1256,1121,135,國泰-敦南,2024-06-13,8888
2889,國票金,180,44,136,國泰-敦南,2024-06-13,8888
00637L,元大滬深300正2,273,142,131,國泰-敦南,2024-06-13,8888
4967,十銓,1876,1751,125,國泰-敦南,2024-06-13,8888
6188,廣明,372,248,124,國泰-敦南,2024-06-13,8888
00673R,期元大S＆P原油反1,145,21,124,國泰-敦南,2024-06-13,8888
3481,群創,341,219,122,國泰-敦南,2024-06-13,8888
2368,金像電,161,42,119,國泰-敦南,2024-06-13,8888
00751B,元大AAA至A公司債,216,100,116,國泰-敦南,2024-06-13,8888
00664R,國泰臺灣加權反1,373,262,111,國泰-敦南,2024-06-13,8888
5608,四維航,200,89,111,國泰-敦南,2024-06-13,8888
00674R,期元大S＆P黃金反1,111,1,110,國泰-敦南,2024-06-13,8888
2606,裕民,212,103,109,國泰-敦南,2024-06-13,8888
8028,昇陽半導體,1610,1504,106,國泰-敦南,2024-06-13,8888
9946,三發地產,137,31,106,國泰-敦南,2024-06-13,8888
4909,新復興,530,427,103,國泰-敦南,2024-06-13,8888
2354,鴻準,369,269,100,國泰-敦南,2024-06-13,8888
6689,伊雲谷,164,64,100,國泰-敦南,2024-06-13,8888
00948B,中信優息投資級債,1978,313,1665,國泰-敦南,2024-06-14,8888
00919,群益台灣精選高息,3294,1802,1492,國泰-敦南,2024-06-14,8888
00942B,台新美A公司債20+,1300,47,1253,國泰-敦南,2024-06-14,8888
00936,台新永續高息中小,2461,1520,941,國泰-敦南,2024-06-14,8888
00933B,國泰10Y+金融債,1333,510,823,國泰-敦南,2024-06-14,8888
00946,群益科技高息成長,1082,306,776,國泰-敦南,2024-06-14,8888
00918,大華優利高填息30,1703,960,743,國泰-敦南,2024-06-14,8888
2371,大同,2695,1961,734,國泰-敦南,2024-06-14,8888
00929,復華台灣科技優息,3458,2864,594,國泰-敦南,2024-06-14,8888
00881,國泰台灣5G+,809,282,527,國泰-敦南,2024-06-14,8888
00947,台新臺灣IC設計,482,45,437,國泰-敦南,2024-06-14,8888
2392,正崴,1715,1309,406,國泰-敦南,2024-06-14,8888
3048,益登,2874,2477,397,國泰-敦南,2024-06-14,8888
00706L,期元大S＆P日圓正2,503,108,395,國泰-敦南,2024-06-14,8888
1785,光洋科,809,478,331,國泰-敦南,2024-06-14,8888
2002,中鋼,555,233,322,國泰-敦南,2024-06-14,8888
00687B,國泰20年美債,2192,1885,307,國泰-敦南,2024-06-14,8888
00915,凱基優選高股息30,411,113,298,國泰-敦南,2024-06-14,8888
00713,元大台灣高息低波,502,207,295,國泰-敦南,2024-06-14,8888
2486,一詮,1330,1073,257,國泰-敦南,2024-06-14,8888
2353,宏��,478,222,256,國泰-敦南,2024-06-14,8888
2363,矽統,735,484,251,國泰-敦南,2024-06-14,8888
2337,旺宏,262,15,247,國泰-敦南,2024-06-14,8888
2330,台積電,359,114,245,國泰-敦南,2024-06-14,8888
2845,遠東銀,324,82,242,國泰-敦南,2024-06-14,8888
1609,大亞,1973,1744,229,國泰-敦南,2024-06-14,8888
6116,彩晶,243,51,192,國泰-敦南,2024-06-14,8888
00917,中信特選金融,190,4,186,國泰-敦南,2024-06-14,8888
00674R,期元大S＆P黃金反1,189,5,184,國泰-敦南,2024-06-14,8888
8028,昇陽半導體,1650,1481,169,國泰-敦南,2024-06-14,8888
2609,陽明,3930,3766,164,國泰-敦南,2024-06-14,8888
2324,仁寶,219,60,159,國泰-敦南,2024-06-14,8888
00673R,期元大S＆P原油反1,228,79,149,國泰-敦南,2024-06-14,8888
2313,華通,219,91,128,國泰-敦南,2024-06-14,8888
00944,野村趨勢動能高息,195,72,123,國泰-敦南,2024-06-14,8888
00937B,群益ESG投等債20,3353,3230,123,國泰-敦南,2024-06-14,8888
5871,中租-KY,155,33,122,國泰-敦南,2024-06-14,8888
2351,順德,127,25,102,國泰-敦南,2024-06-14,8888
2537,聯上發,853,751,102,國泰-敦南,2024-06-14,8888
5347,世界,443,347,96,國泰-敦南,2024-06-14,8888
1587,吉茂,544,449,95,國泰-敦南,2024-06-14,8888
6161,捷波,259,169,90,國泰-敦南,2024-06-14,8888
2427,三商電,251,162,89,國泰-敦南,2024-06-14,8888
8277,商丞,234,147,87,國泰-敦南,2024-06-14,8888
6548,長科*,113,26,87,國泰-敦南,2024-06-14,8888
00664R,國泰臺灣加權反1,118,32,86,國泰-敦南,2024-06-14,8888
9945,潤泰新,235,150,85,國泰-敦南,2024-06-14,8888
5484,慧友,92,7,85,國泰-敦南,2024-06-14,8888
3037,欣興,164,80,84,國泰-敦南,2024-06-14,8888
2367,燿華,1000,916,84,國泰-敦南,2024-06-14,8888
00918,大華優利高填息30,4223,791,3432,國泰-敦南,2024-06-17,8888
00929,復華台灣科技優息,6678,3652,3026,國泰-敦南,2024-06-17,8888
00937B,群益ESG投等債20,4214,1869,2345,國泰-敦南,2024-06-17,8888
00948B,中信優息投資級債,2031,193,1838,國泰-敦南,2024-06-17,8888
00933B,國泰10Y+金融債,1264,280,984,國泰-敦南,2024-06-17,8888
2615,萬海,3478,2508,970,國泰-敦南,2024-06-17,8888
00713,元大台灣高息低波,1054,120,934,國泰-敦南,2024-06-17,8888
00942B,台新美A公司債20+,1071,179,892,國泰-敦南,2024-06-17,8888
9105,泰金寶-DR,1697,884,813,國泰-敦南,2024-06-17,8888
00687B,國泰20年美債,2362,1566,796,國泰-敦南,2024-06-17,8888
00712,復華富時不動產,1282,561,721,國泰-敦南,2024-06-17,8888
00632R,元大台灣50反1,1804,1119,685,國泰-敦南,2024-06-17,8888
00946,群益科技高息成長,826,217,609,國泰-敦南,2024-06-17,8888
2515,中工,953,385,568,國泰-敦南,2024-06-17,8888
5905,南仁湖,755,223,532,國泰-敦南,2024-06-17,8888
00936,台新永續高息中小,3523,3037,486,國泰-敦南,2024-06-17,8888
2609,陽明,2722,2243,479,國泰-敦南,2024-06-17,8888
2371,大同,3907,3471,436,國泰-敦南,2024-06-17,8888
00919,群益台灣精選高息,2613,2221,392,國泰-敦南,2024-06-17,8888
2867,三商壽,607,255,352,國泰-敦南,2024-06-17,8888
1618,合機,2142,1798,344,國泰-敦南,2024-06-17,8888
00947,台新臺灣IC設計,466,138,328,國泰-敦南,2024-06-17,8888
1514,亞力,2462,2160,302,國泰-敦南,2024-06-17,8888
00921,兆豐龍頭等權重,327,39,288,國泰-敦南,2024-06-17,8888
1503,士電,1007,719,288,國泰-敦南,2024-06-17,8888
00751B,元大AAA至A公司債,466,181,285,國泰-敦南,2024-06-17,8888
2888,新光金,657,373,284,國泰-敦南,2024-06-17,8888
00665L,富邦�琤肭磪囓�2,628,356,272,國泰-敦南,2024-06-17,8888
00881,國泰台灣5G+,461,195,266,國泰-敦南,2024-06-17,8888
1785,光洋科,888,624,264,國泰-敦南,2024-06-17,8888
1616,億泰,838,579,259,國泰-敦南,2024-06-17,8888
2025,千興,491,246,245,國泰-敦南,2024-06-17,8888
1513,中興電,996,761,235,國泰-敦南,2024-06-17,8888
2542,興富發,553,320,233,國泰-敦南,2024-06-17,8888
00915,凱基優選高股息30,493,275,218,國泰-敦南,2024-06-17,8888
2312,金寶,768,573,195,國泰-敦南,2024-06-17,8888
2610,華航,606,412,194,國泰-敦南,2024-06-17,8888
00917,中信特選金融,198,5,193,國泰-敦南,2024-06-17,8888
4532,瑞智,405,219,186,國泰-敦南,2024-06-17,8888
1101,台泥,284,108,176,國泰-敦南,2024-06-17,8888
00923,群益台ESG低碳50,217,43,174,國泰-敦南,2024-06-17,8888
2883,凱基金,353,197,156,國泰-敦南,2024-06-17,8888
1605,華新,303,147,156,國泰-敦南,2024-06-17,8888
1301,台塑,201,48,153,國泰-敦南,2024-06-17,8888
1609,大亞,1488,1338,150,國泰-敦南,2024-06-17,8888
2845,遠東銀,159,12,147,國泰-敦南,2024-06-17,8888
5608,四維航,189,42,147,國泰-敦南,2024-06-17,8888
1608,華榮,694,552,142,國泰-敦南,2024-06-17,8888
2101,南港,193,53,140,國泰-敦南,2024-06-17,8888
6163,華電網,168,34,134,國泰-敦南,2024-06-17,8888
00632R,元大台灣50反1,3755,1312,2443,國泰-敦南,2024-06-18,8888
00937B,群益ESG投等債20,4621,2357,2264,國泰-敦南,2024-06-18,8888
00687B,國泰20年美債,3026,973,2053,國泰-敦南,2024-06-18,8888
00918,大華優利高填息30,4123,2128,1995,國泰-敦南,2024-06-18,8888
00929,復華台灣科技優息,5529,3585,1944,國泰-敦南,2024-06-18,8888
00936,台新永續高息中小,3712,1777,1935,國泰-敦南,2024-06-18,8888
00713,元大台灣高息低波,1680,175,1505,國泰-敦南,2024-06-18,8888
00948B,中信優息投資級債,1075,177,898,國泰-敦南,2024-06-18,8888
00915,凱基優選高股息30,996,163,833,國泰-敦南,2024-06-18,8888
2353,宏��,815,186,629,國泰-敦南,2024-06-18,8888
911868,同方友友-DR,766,159,607,國泰-敦南,2024-06-18,8888
8096,擎亞,2815,2227,588,國泰-敦南,2024-06-18,8888
1802,台玻,1487,918,569,國泰-敦南,2024-06-18,8888
00673R,期元大S＆P原油反1,528,27,501,國泰-敦南,2024-06-18,8888
1504,東元,632,155,477,國泰-敦南,2024-06-18,8888
1101,台泥,517,52,465,國泰-敦南,2024-06-18,8888
00946,群益科技高息成長,751,294,457,國泰-敦南,2024-06-18,8888
2317,鴻海,1114,660,454,國泰-敦南,2024-06-18,8888
9103,美德醫療-DR,768,334,434,國泰-敦南,2024-06-18,8888
4566,時碩工業,1105,694,411,國泰-敦南,2024-06-18,8888
9105,泰金寶-DR,2092,1704,388,國泰-敦南,2024-06-18,8888
2887,台新金,552,165,387,國泰-敦南,2024-06-18,8888
00921,兆豐龍頭等權重,433,56,377,國泰-敦南,2024-06-18,8888
6770,力積電,711,387,324,國泰-敦南,2024-06-18,8888
00942B,台新美A公司債20+,342,17,325,國泰-敦南,2024-06-18,8888
2486,一詮,872,583,289,國泰-敦南,2024-06-18,8888
00947,台新臺灣IC設計,465,179,286,國泰-敦南,2024-06-18,8888
3481,群創,1613,1335,278,國泰-敦南,2024-06-18,8888
4562,穎漢,1992,1751,241,國泰-敦南,2024-06-18,8888
00933B,國泰10Y+金融債,701,475,226,國泰-敦南,2024-06-18,8888
00751B,元大AAA至A公司債,359,157,202,國泰-敦南,2024-06-18,8888
3013,晟銘電,484,283,201,國泰-敦南,2024-06-18,8888
2371,大同,1929,1731,198,國泰-敦南,2024-06-18,8888
2025,千興,423,228,195,國泰-敦南,2024-06-18,8888
00757,統一FANG+,220,27,193,國泰-敦南,2024-06-18,8888
2002,中鋼,379,186,193,國泰-敦南,2024-06-18,8888
2392,正崴,678,499,179,國泰-敦南,2024-06-18,8888
5905,南仁湖,280,124,156,國泰-敦南,2024-06-18,8888
2615,萬海,2001,1845,156,國泰-敦南,2024-06-18,8888
5608,四維航,193,42,151,國泰-敦南,2024-06-18,8888
3376,新日興,348,204,144,國泰-敦南,2024-06-18,8888
4414,如興,138,1,137,國泰-敦南,2024-06-18,8888
8064,東捷,741,608,133,國泰-敦南,2024-06-18,8888
2542,興富發,227,97,130,國泰-敦南,2024-06-18,8888
3622,洋華,807,678,129,國泰-敦南,2024-06-18,8888
00696B,富邦美債20年,134,10,124,國泰-敦南,2024-06-18,8888
8429,金麗-KY,148,24,124,國泰-敦南,2024-06-18,8888
6116,彩晶,240,120,120,國泰-敦南,2024-06-18,8888
2301,光寶科,169,53,116,國泰-敦南,2024-06-18,8888
4123,晟德,308,193,115,國泰-敦南,2024-06-18,8888
00632R,元大台灣50反1,6525,2621,3904,國泰-敦南,2024-06-19,8888
00937B,群益ESG投等債20,5165,1990,3175,國泰-敦南,2024-06-19,8888
00936,台新永續高息中小,3695,1418,2277,國泰-敦南,2024-06-19,8888
00687B,國泰20年美債,3021,883,2138,國泰-敦南,2024-06-19,8888
00946,群益科技高息成長,1934,587,1347,國泰-敦南,2024-06-19,8888
00713,元大台灣高息低波,1651,306,1345,國泰-敦南,2024-06-19,8888
00712,復華富時不動產,2270,1149,1121,國泰-敦南,2024-06-19,8888
3062,建漢,3342,2495,847,國泰-敦南,2024-06-19,8888
00915,凱基優選高股息30,1119,331,788,國泰-敦南,2024-06-19,8888
00929,復華台灣科技優息,7382,6679,703,國泰-敦南,2024-06-19,8888
00673R,期元大S＆P原油反1,660,53,607,國泰-敦南,2024-06-19,8888
00947,台新臺灣IC設計,628,83,545,國泰-敦南,2024-06-19,8888
2365,昆盈,3129,2585,544,國泰-敦南,2024-06-19,8888
00933B,國泰10Y+金融債,889,404,485,國泰-敦南,2024-06-19,8888
1785,光洋科,1280,820,460,國泰-敦南,2024-06-19,8888
00679B,元大美債20年,1144,734,410,國泰-敦南,2024-06-19,8888
2515,中工,524,217,307,國泰-敦南,2024-06-19,8888
911868,同方友友-DR,401,101,300,國泰-敦南,2024-06-19,8888
00948B,中信優息投資級債,718,430,288,國泰-敦南,2024-06-19,8888
6770,力積電,674,398,276,國泰-敦南,2024-06-19,8888
2409,友達,439,170,269,國泰-敦南,2024-06-19,8888
1815,富喬,1596,1385,211,國泰-敦南,2024-06-19,8888
00881,國泰台灣5G+,767,556,211,國泰-敦南,2024-06-19,8888
2371,大同,1127,925,202,國泰-敦南,2024-06-19,8888
2897,王道銀行,210,24,186,國泰-敦南,2024-06-19,8888
6190,萬泰科,633,452,181,國泰-敦南,2024-06-19,8888
00923,群益台ESG低碳50,348,170,178,國泰-敦南,2024-06-19,8888
6116,彩晶,289,116,173,國泰-敦南,2024-06-19,8888
3013,晟銘電,618,449,169,國泰-敦南,2024-06-19,8888
00676R,富邦臺灣加權反1,203,41,162,國泰-敦南,2024-06-19,8888
1101,台泥,456,296,160,國泰-敦南,2024-06-19,8888
3450,聯鈞,1492,1334,158,國泰-敦南,2024-06-19,8888
00675L,富邦臺灣加權正2,220,69,151,國泰-敦南,2024-06-19,8888
1303,南亞,187,38,149,國泰-敦南,2024-06-19,8888
00885,富邦越南,327,182,145,國泰-敦南,2024-06-19,8888
1301,台塑,185,51,134,國泰-敦南,2024-06-19,8888
912000,晨訊科-DR,407,277,130,國泰-敦南,2024-06-19,8888
6152,百一,227,97,130,國泰-敦南,2024-06-19,8888
3036,文曄,210,81,129,國泰-敦南,2024-06-19,8888
006208,富邦台50,414,285,129,國泰-敦南,2024-06-19,8888
2002,中鋼,418,289,129,國泰-敦南,2024-06-19,8888
1618,合機,693,565,128,國泰-敦南,2024-06-19,8888
00671R,富邦NASDAQ反1,129,4,125,國泰-敦南,2024-06-19,8888
6274,台燿,159,36,123,國泰-敦南,2024-06-19,8888
2457,飛宏,138,19,119,國泰-敦南,2024-06-19,8888
2520,冠德,147,28,119,國泰-敦南,2024-06-19,8888
00637L,元大滬深300正2,359,244,115,國泰-敦南,2024-06-19,8888
8374,羅昇,161,51,110,國泰-敦南,2024-06-19,8888
4533,協易機,299,191,108,國泰-敦南,2024-06-19,8888
3260,威剛,162,54,108,國泰-敦南,2024-06-19,8888
00937B,群益ESG投等債20,4468,1184,3284,國泰-敦南,2024-06-20,8888
00687B,國泰20年美債,4278,1407,2871,國泰-敦南,2024-06-20,8888
00632R,元大台灣50反1,4043,1514,2529,國泰-敦南,2024-06-20,8888
00936,台新永續高息中小,2969,441,2528,國泰-敦南,2024-06-20,8888
00712,復華富時不動產,1740,600,1140,國泰-敦南,2024-06-20,8888
00929,復華台灣科技優息,5259,4162,1097,國泰-敦南,2024-06-20,8888
00948B,中信優息投資級債,1102,108,994,國泰-敦南,2024-06-20,8888
00679B,元大美債20年,1650,672,978,國泰-敦南,2024-06-20,8888
00946,群益科技高息成長,1326,455,871,國泰-敦南,2024-06-20,8888
4306,炎洲,784,110,674,國泰-敦南,2024-06-20,8888
2353,宏��,914,265,649,國泰-敦南,2024-06-20,8888
00706L,期元大S＆P日圓正2,637,18,619,國泰-敦南,2024-06-20,8888
2618,長榮航,1167,556,611,國泰-敦南,2024-06-20,8888
00947,台新臺灣IC設計,799,220,579,國泰-敦南,2024-06-20,8888
00915,凱基優選高股息30,681,134,547,國泰-敦南,2024-06-20,8888
2330,台積電,698,210,488,國泰-敦南,2024-06-20,8888
00713,元大台灣高息低波,681,201,480,國泰-敦南,2024-06-20,8888
00933B,國泰10Y+金融債,1248,778,470,國泰-敦南,2024-06-20,8888
2867,三商壽,838,375,463,國泰-敦南,2024-06-20,8888
00940,元大台灣價值高息,4513,4082,431,國泰-敦南,2024-06-20,8888
4526,東台,2777,2415,362,國泰-敦南,2024-06-20,8888
8096,擎亞,1274,943,331,國泰-敦南,2024-06-20,8888
00676R,富邦臺灣加權反1,330,10,320,國泰-敦南,2024-06-20,8888
00650L,復華香港正2,516,224,292,國泰-敦南,2024-06-20,8888
8105,凌巨,836,555,281,國泰-敦南,2024-06-20,8888
00935,野村臺灣新科技50,348,82,266,國泰-敦南,2024-06-20,8888
00680L,元大美債20正2,701,447,254,國泰-敦南,2024-06-20,8888
00919,群益台灣精選高息,5811,5579,232,國泰-敦南,2024-06-20,8888
00942B,台新美A公司債20+,225,8,217,國泰-敦南,2024-06-20,8888
1605,華新,331,116,215,國泰-敦南,2024-06-20,8888
2610,華航,811,614,197,國泰-敦南,2024-06-20,8888
00751B,元大AAA至A公司債,477,304,173,國泰-敦南,2024-06-20,8888
00637L,元大滬深300正2,311,141,170,國泰-敦南,2024-06-20,8888
1785,光洋科,844,693,151,國泰-敦南,2024-06-20,8888
2887,台新金,248,98,150,國泰-敦南,2024-06-20,8888
00927,群益半導體收益,274,125,149,國泰-敦南,2024-06-20,8888
006208,富邦台50,333,186,147,國泰-敦南,2024-06-20,8888
5905,南仁湖,211,80,131,國泰-敦南,2024-06-20,8888
1514,亞力,1824,1698,126,國泰-敦南,2024-06-20,8888
2812,台中銀,155,33,122,國泰-敦南,2024-06-20,8888
1522,堤維西,326,204,122,國泰-敦南,2024-06-20,8888
4915,致伸,182,61,121,國泰-敦南,2024-06-20,8888
2323,中環,205,86,119,國泰-敦南,2024-06-20,8888
2883,凱基金,486,367,119,國泰-敦南,2024-06-20,8888
2834,臺企銀,276,165,111,國泰-敦南,2024-06-20,8888
2371,大同,770,660,110,國泰-敦南,2024-06-20,8888
6005,群益證,211,102,109,國泰-敦南,2024-06-20,8888
1513,中興電,682,575,107,國泰-敦南,2024-06-20,8888
4714,永捷,131,28,103,國泰-敦南,2024-06-20,8888
00675L,富邦臺灣加權正2,174,75,99,國泰-敦南,2024-06-20,8888
00937B,群益ESG投等債20,10515,1019,9496,國泰-敦南,2024-06-21,8888
00919,群益台灣精選高息,10982,5781,5201,國泰-敦南,2024-06-21,8888
00878,國泰永續高股息,5865,1260,4605,國泰-敦南,2024-06-21,8888
00936,台新永續高息中小,2614,633,1981,國泰-敦南,2024-06-21,8888
00929,復華台灣科技優息,5633,4005,1628,國泰-敦南,2024-06-21,8888
2317,鴻海,2439,1086,1353,國泰-敦南,2024-06-21,8888
00948B,中信優息投資級債,1437,264,1173,國泰-敦南,2024-06-21,8888
00946,群益科技高息成長,1227,185,1042,國泰-敦南,2024-06-21,8888
00933B,國泰10Y+金融債,1602,811,791,國泰-敦南,2024-06-21,8888
2609,陽明,4261,3485,776,國泰-敦南,2024-06-21,8888
00712,復華富時不動產,1030,334,696,國泰-敦南,2024-06-21,8888
00713,元大台灣高息低波,676,182,494,國泰-敦南,2024-06-21,8888
00830,國泰費城半導體,563,72,491,國泰-敦南,2024-06-21,8888
00687B,國泰20年美債,1438,969,469,國泰-敦南,2024-06-21,8888
00706L,期元大S＆P日圓正2,447,32,415,國泰-敦南,2024-06-21,8888
00753L,中信中國50正2,509,98,411,國泰-敦南,2024-06-21,8888
00751B,元大AAA至A公司債,466,89,377,國泰-敦南,2024-06-21,8888
00632R,元大台灣50反1,2156,1802,354,國泰-敦南,2024-06-21,8888
1301,台塑,466,113,353,國泰-敦南,2024-06-21,8888
2897A,王道銀甲特,348,0,348,國泰-敦南,2024-06-21,8888
00915,凱基優選高股息30,516,174,342,國泰-敦南,2024-06-21,8888
6770,力積電,543,227,316,國泰-敦南,2024-06-21,8888
00942B,台新美A公司債20+,340,26,314,國泰-敦南,2024-06-21,8888
00881,國泰台灣5G+,608,304,304,國泰-敦南,2024-06-21,8888
2603,長榮,677,389,288,國泰-敦南,2024-06-21,8888
00673R,期元大S＆P原油反1,286,3,283,國泰-敦南,2024-06-21,8888
00947,台新臺灣IC設計,415,134,281,國泰-敦南,2024-06-21,8888
2316,楠梓電,1412,1169,243,國泰-敦南,2024-06-21,8888
00679B,元大美債20年,1035,796,239,國泰-敦南,2024-06-21,8888
2548,華固,303,67,236,國泰-敦南,2024-06-21,8888
2324,仁寶,390,156,234,國泰-敦南,2024-06-21,8888
00757,統一FANG+,317,92,225,國泰-敦南,2024-06-21,8888
4956,光鋐,765,544,221,國泰-敦南,2024-06-21,8888
2330,台積電,621,402,219,國泰-敦南,2024-06-21,8888
6217,中探針,410,192,218,國泰-敦南,2024-06-21,8888
2520,冠德,303,86,217,國泰-敦南,2024-06-21,8888
00772B,中信高評級公司債,270,67,203,國泰-敦南,2024-06-21,8888
6116,彩晶,1316,1122,194,國泰-敦南,2024-06-21,8888
3211,順達,202,9,193,國泰-敦南,2024-06-21,8888
00921,兆豐龍頭等權重,225,32,193,國泰-敦南,2024-06-21,8888
2354,鴻準,556,364,192,國泰-敦南,2024-06-21,8888
4566,時碩工業,1091,905,186,國泰-敦南,2024-06-21,8888
4906,正文,227,44,183,國泰-敦南,2024-06-21,8888
2542,興富發,313,139,174,國泰-敦南,2024-06-21,8888
00665L,富邦�琤肭磪囓�2,1346,1173,173,國泰-敦南,2024-06-21,8888
2382,廣達,704,531,173,國泰-敦南,2024-06-21,8888
3715,定穎投控,339,168,171,國泰-敦南,2024-06-21,8888
00637L,元大滬深300正2,503,333,170,國泰-敦南,2024-06-21,8888
2363,矽統,464,298,166,國泰-敦南,2024-06-21,8888
00650L,復華香港正2,534,370,164,國泰-敦南,2024-06-21,8888
00929,復華台灣科技優息,11829,4214,7615,國泰-敦南,2024-06-24,8888
00919,群益台灣精選高息,10770,5224,5546,國泰-敦南,2024-06-24,8888
3481,群創,10716,6904,3812,國泰-敦南,2024-06-24,8888
00936,台新永續高息中小,3458,652,2806,國泰-敦南,2024-06-24,8888
00937B,群益ESG投等債20,3924,1151,2773,國泰-敦南,2024-06-24,8888
00713,元大台灣高息低波,1647,214,1433,國泰-敦南,2024-06-24,8888
00946,群益科技高息成長,1562,313,1249,國泰-敦南,2024-06-24,8888
3062,建漢,5080,3971,1109,國泰-敦南,2024-06-24,8888
00881,國泰台灣5G+,1405,421,984,國泰-敦南,2024-06-24,8888
00687B,國泰20年美債,1447,524,923,國泰-敦南,2024-06-24,8888
00878,國泰永續高股息,2810,1905,905,國泰-敦南,2024-06-24,8888
3047,訊舟,2603,1796,807,國泰-敦南,2024-06-24,8888
1785,光洋科,2327,1618,709,國泰-敦南,2024-06-24,8888
2330,台積電,947,303,644,國泰-敦南,2024-06-24,8888
00947,台新臺灣IC設計,726,129,597,國泰-敦南,2024-06-24,8888
2615,萬海,2424,1843,581,國泰-敦南,2024-06-24,8888
2317,鴻海,1523,944,579,國泰-敦南,2024-06-24,8888
2353,宏��,686,229,457,國泰-敦南,2024-06-24,8888
00918,大華優利高填息30,1206,751,455,國泰-敦南,2024-06-24,8888
3231,緯創,725,337,388,國泰-敦南,2024-06-24,8888
2610,華航,727,345,382,國泰-敦南,2024-06-24,8888
00907,永豐優息存股,418,38,380,國泰-敦南,2024-06-24,8888
006208,富邦台50,712,333,379,國泰-敦南,2024-06-24,8888
6770,力積電,467,104,363,國泰-敦南,2024-06-24,8888
2888,新光金,1203,840,363,國泰-敦南,2024-06-24,8888
2409,友達,887,536,351,國泰-敦南,2024-06-24,8888
1309,台達化,680,338,342,國泰-敦南,2024-06-24,8888
00665L,富邦�琤肭磪囓�2,594,262,332,國泰-敦南,2024-06-24,8888
00679B,元大美債20年,793,479,314,國泰-敦南,2024-06-24,8888
2002,中鋼,442,136,306,國泰-敦南,2024-06-24,8888
00922,國泰台灣領袖50,388,88,300,國泰-敦南,2024-06-24,8888
00923,群益台ESG低碳50,471,177,294,國泰-敦南,2024-06-24,8888
8064,東捷,1235,947,288,國泰-敦南,2024-06-24,8888
0056,元大高股息,1093,816,277,國泰-敦南,2024-06-24,8888
00753L,中信中國50正2,376,99,277,國泰-敦南,2024-06-24,8888
00857B,永豐20年美公債,355,81,274,國泰-敦南,2024-06-24,8888
00948B,中信優息投資級債,438,167,271,國泰-敦南,2024-06-24,8888
00675L,富邦臺灣加權正2,369,106,263,國泰-敦南,2024-06-24,8888
2489,瑞軒,663,404,259,國泰-敦南,2024-06-24,8888
2347,聯強,273,24,249,國泰-敦南,2024-06-24,8888
2883,凱基金,520,273,247,國泰-敦南,2024-06-24,8888
1301,台塑,307,67,240,國泰-敦南,2024-06-24,8888
5328,華容,685,449,236,國泰-敦南,2024-06-24,8888
00909,國泰數位支付服務,281,46,235,國泰-敦南,2024-06-24,8888
00915,凱基優選高股息30,845,634,211,國泰-敦南,2024-06-24,8888
0050,元大台灣50,455,249,206,國泰-敦南,2024-06-24,8888
00921,兆豐龍頭等權重,282,79,203,國泰-敦南,2024-06-24,8888
8085,福華,418,216,202,國泰-敦南,2024-06-24,8888
2323,中環,252,54,198,國泰-敦南,2024-06-24,8888
1718,中纖,227,44,183,國泰-敦南,2024-06-24,8888
00929,復華台灣科技優息,7738,2650,5088,國泰-敦南,2024-06-25,8888
3481,群創,6930,4884,2046,國泰-敦南,2024-06-25,8888
00632R,元大台灣50反1,5333,3538,1795,國泰-敦南,2024-06-25,8888
00919,群益台灣精選高息,5191,3566,1625,國泰-敦南,2024-06-25,8888
00936,台新永續高息中小,1972,577,1395,國泰-敦南,2024-06-25,8888
00946,群益科技高息成長,1189,204,985,國泰-敦南,2024-06-25,8888
00687B,國泰20年美債,1673,783,890,國泰-敦南,2024-06-25,8888
1815,富喬,1646,969,677,國泰-敦南,2024-06-25,8888
00713,元大台灣高息低波,811,221,590,國泰-敦南,2024-06-25,8888
00947,台新臺灣IC設計,561,109,452,國泰-敦南,2024-06-25,8888
00830,國泰費城半導體,457,106,351,國泰-敦南,2024-06-25,8888
2409,友達,770,420,350,國泰-敦南,2024-06-25,8888
8110,華東,1361,1016,345,國泰-敦南,2024-06-25,8888
3037,欣興,388,45,343,國泰-敦南,2024-06-25,8888
2542,興富發,484,192,292,國泰-敦南,2024-06-25,8888
6869,雲豹能源,1441,1169,272,國泰-敦南,2024-06-25,8888
00918,大華優利高填息30,738,473,265,國泰-敦南,2024-06-25,8888
00673R,期元大S＆P原油反1,317,65,252,國泰-敦南,2024-06-25,8888
2883,凱基金,608,361,247,國泰-敦南,2024-06-25,8888
00933B,國泰10Y+金融債,489,252,237,國泰-敦南,2024-06-25,8888
3663,鑫科,827,591,236,國泰-敦南,2024-06-25,8888
3231,緯創,508,274,234,國泰-敦南,2024-06-25,8888
6116,彩晶,328,101,227,國泰-敦南,2024-06-25,8888
00706L,期元大S＆P日圓正2,248,23,225,國泰-敦南,2024-06-25,8888
2002,中鋼,411,189,222,國泰-敦南,2024-06-25,8888
00891,中信關鍵半導體,342,126,216,國泰-敦南,2024-06-25,8888
00686R,群益臺灣加權反1,210,2,208,國泰-敦南,2024-06-25,8888
00915,凱基優選高股息30,424,220,204,國泰-敦南,2024-06-25,8888
2834,臺企銀,330,154,176,國泰-敦南,2024-06-25,8888
0056,元大高股息,815,640,175,國泰-敦南,2024-06-25,8888
1301,台塑,312,143,169,國泰-敦南,2024-06-25,8888
00909,國泰數位支付服務,231,61,170,國泰-敦南,2024-06-25,8888
3047,訊舟,901,755,146,國泰-敦南,2024-06-25,8888
2464,盟立,1033,888,145,國泰-敦南,2024-06-25,8888
2888,新光金,592,447,145,國泰-敦南,2024-06-25,8888
00921,兆豐龍頭等權重,148,10,138,國泰-敦南,2024-06-25,8888
2406,國碩,577,443,134,國泰-敦南,2024-06-25,8888
00907,永豐優息存股,142,14,128,國泰-敦南,2024-06-25,8888
00935,野村臺灣新科技50,210,89,121,國泰-敦南,2024-06-25,8888
5452,佶優,1136,1018,118,國泰-敦南,2024-06-25,8888
2324,仁寶,300,183,117,國泰-敦南,2024-06-25,8888
1316,上曜,184,70,114,國泰-敦南,2024-06-25,8888
00757,統一FANG+,149,37,112,國泰-敦南,2024-06-25,8888
1785,光洋科,2025,1914,111,國泰-敦南,2024-06-25,8888
3580,友威科,448,344,104,國泰-敦南,2024-06-25,8888
9105,泰金寶-DR,877,773,104,國泰-敦南,2024-06-25,8888
2312,金寶,198,94,104,國泰-敦南,2024-06-25,8888
00944,野村趨勢動能高息,174,72,102,國泰-敦南,2024-06-25,8888
3149,正達,190,90,100,國泰-敦南,2024-06-25,8888
00675L,富邦臺灣加權正2,207,110,97,國泰-敦南,2024-06-25,8888
00937B,群益ESG投等債20,3906,1245,2661,國泰-敦南,2024-06-26,8888
00929,復華台灣科技優息,4759,2188,2571,國泰-敦南,2024-06-26,8888
00936,台新永續高息中小,2470,142,2328,國泰-敦南,2024-06-26,8888
00919,群益台灣精選高息,3355,1478,1877,國泰-敦南,2024-06-26,8888
3481,群創,4611,2935,1676,國泰-敦南,2024-06-26,8888
2002,中鋼,1323,180,1143,國泰-敦南,2024-06-26,8888
00713,元大台灣高息低波,1155,154,1001,國泰-敦南,2024-06-26,8888
2317,鴻海,1851,933,918,國泰-敦南,2024-06-26,8888
00878,國泰永續高股息,1453,582,871,國泰-敦南,2024-06-26,8888
9105,泰金寶-DR,1195,358,837,國泰-敦南,2024-06-26,8888
2409,友達,931,249,682,國泰-敦南,2024-06-26,8888
00946,群益科技高息成長,833,281,552,國泰-敦南,2024-06-26,8888
2882,國泰金,559,72,487,國泰-敦南,2024-06-26,8888
1785,光洋科,1545,1064,481,國泰-敦南,2024-06-26,8888
2834,臺企銀,562,90,472,國泰-敦南,2024-06-26,8888
0056,元大高股息,967,495,472,國泰-敦南,2024-06-26,8888
2615,萬海,1992,1546,446,國泰-敦南,2024-06-26,8888
2883,凱基金,729,296,433,國泰-敦南,2024-06-26,8888
2609,陽明,1587,1165,422,國泰-敦南,2024-06-26,8888
00665L,富邦�琤肭磪囓�2,1552,1160,392,國泰-敦南,2024-06-26,8888
2515,中工,492,112,380,國泰-敦南,2024-06-26,8888
00942B,台新美A公司債20+,422,42,380,國泰-敦南,2024-06-26,8888
00680L,元大美債20正2,665,287,378,國泰-敦南,2024-06-26,8888
3535,晶彩科,736,422,314,國泰-敦南,2024-06-26,8888
2885,元大金,411,115,296,國泰-敦南,2024-06-26,8888
00679B,元大美債20年,816,522,294,國泰-敦南,2024-06-26,8888
00687B,國泰20年美債,1089,813,276,國泰-敦南,2024-06-26,8888
1303,南亞,330,69,261,國泰-敦南,2024-06-26,8888
3231,緯創,517,257,260,國泰-敦南,2024-06-26,8888
00830,國泰費城半導體,338,93,245,國泰-敦南,2024-06-26,8888
1301,台塑,385,144,241,國泰-敦南,2024-06-26,8888
2353,宏��,342,110,232,國泰-敦南,2024-06-26,8888
00712,復華富時不動產,469,256,213,國泰-敦南,2024-06-26,8888
006208,富邦台50,308,96,212,國泰-敦南,2024-06-26,8888
00634R,富邦上証反1,212,0,212,國泰-敦南,2024-06-26,8888
00918,大華優利高填息30,467,258,209,國泰-敦南,2024-06-26,8888
00907,永豐優息存股,251,44,207,國泰-敦南,2024-06-26,8888
2884,玉山金,284,87,197,國泰-敦南,2024-06-26,8888
00947,台新臺灣IC設計,285,95,190,國泰-敦南,2024-06-26,8888
2888,新光金,675,492,183,國泰-敦南,2024-06-26,8888
00881,國泰台灣5G+,409,227,182,國泰-敦南,2024-06-26,8888
1815,富喬,712,532,180,國泰-敦南,2024-06-26,8888
4909,新復興,460,288,172,國泰-敦南,2024-06-26,8888
6770,力積電,239,71,168,國泰-敦南,2024-06-26,8888
00915,凱基優選高股息30,220,55,165,國泰-敦南,2024-06-26,8888
1609,大亞,979,819,160,國泰-敦南,2024-06-26,8888
2892,第一金,159,6,153,國泰-敦南,2024-06-26,8888
5512,力麒,204,53,151,國泰-敦南,2024-06-26,8888
00933B,國泰10Y+金融債,442,292,150,國泰-敦南,2024-06-26,8888
2449,京元電子,1197,1047,150,國泰-敦南,2024-06-26,8888
00929,復華台灣科技優息,5284,1023,4261,國泰-敦南,2024-06-27,8888
00937B,群益ESG投等債20,5728,1571,4157,國泰-敦南,2024-06-27,8888
00936,台新永續高息中小,2949,91,2858,國泰-敦南,2024-06-27,8888
00687B,國泰20年美債,2505,448,2057,國泰-敦南,2024-06-27,8888
00665L,富邦�琤肭磪囓�2,2916,1155,1761,國泰-敦南,2024-06-27,8888
00948B,中信優息投資級債,1941,482,1459,國泰-敦南,2024-06-27,8888
00919,群益台灣精選高息,2871,1432,1439,國泰-敦南,2024-06-27,8888
00679B,元大美債20年,1794,477,1317,國泰-敦南,2024-06-27,8888
00878,國泰永續高股息,1762,611,1151,國泰-敦南,2024-06-27,8888
3047,訊舟,5680,4618,1062,國泰-敦南,2024-06-27,8888
3481,群創,2351,1298,1053,國泰-敦南,2024-06-27,8888
2885,元大金,1291,256,1035,國泰-敦南,2024-06-27,8888
00713,元大台灣高息低波,1103,132,971,國泰-敦南,2024-06-27,8888
00680L,元大美債20正2,1532,617,915,國泰-敦南,2024-06-27,8888
00688L,國泰20年美債正2,949,101,848,國泰-敦南,2024-06-27,8888
00933B,國泰10Y+金融債,968,126,842,國泰-敦南,2024-06-27,8888
00946,群益科技高息成長,947,119,828,國泰-敦南,2024-06-27,8888
5871,中租-KY,726,73,653,國泰-敦南,2024-06-27,8888
0056,元大高股息,738,252,486,國泰-敦南,2024-06-27,8888
00939,統一台灣高息動能,845,362,483,國泰-敦南,2024-06-27,8888
2515,中工,851,393,458,國泰-敦南,2024-06-27,8888
4167,松瑞藥,1659,1239,420,國泰-敦南,2024-06-27,8888
2002,中鋼,526,124,402,國泰-敦南,2024-06-27,8888
00720B,元大投資級公司債,459,70,389,國泰-敦南,2024-06-27,8888
00947,台新臺灣IC設計,514,126,388,國泰-敦南,2024-06-27,8888
6806,森崴能源,2480,2116,364,國泰-敦南,2024-06-27,8888
00942B,台新美A公司債20+,655,298,357,國泰-敦南,2024-06-27,8888
6869,雲豹能源,1665,1312,353,國泰-敦南,2024-06-27,8888
00753L,中信中國50正2,318,11,307,國泰-敦南,2024-06-27,8888
1709,和益,879,580,299,國泰-敦南,2024-06-27,8888
00934,中信成長高股息,349,54,295,國泰-敦南,2024-06-27,8888
4938,和碩,319,59,260,國泰-敦南,2024-06-27,8888
9904,寶成,302,62,240,國泰-敦南,2024-06-27,8888
5443,均豪,1750,1516,234,國泰-敦南,2024-06-27,8888
00915,凱基優選高股息30,274,65,209,國泰-敦南,2024-06-27,8888
00830,國泰費城半導體,353,160,193,國泰-敦南,2024-06-27,8888
2883,凱基金,539,362,177,國泰-敦南,2024-06-27,8888
8277,商丞,266,92,174,國泰-敦南,2024-06-27,8888
2409,友達,383,213,170,國泰-敦南,2024-06-27,8888
2201,裕隆,189,25,164,國泰-敦南,2024-06-27,8888
3712,永崴投控,851,695,156,國泰-敦南,2024-06-27,8888
3450,聯鈞,1093,942,151,國泰-敦南,2024-06-27,8888
2324,仁寶,232,83,149,國泰-敦南,2024-06-27,8888
8076,伍豐,860,711,149,國泰-敦南,2024-06-27,8888
00751B,元大AAA至A公司債,284,139,145,國泰-敦南,2024-06-27,8888
2312,金寶,217,72,145,國泰-敦南,2024-06-27,8888
00719B,元大美債1-3,159,14,145,國泰-敦南,2024-06-27,8888
00650L,復華香港正2,615,474,141,國泰-敦南,2024-06-27,8888
00676R,富邦臺灣加權反1,139,2,137,國泰-敦南,2024-06-27,8888
1605,華新,257,120,137,國泰-敦南,2024-06-27,8888
00937B,群益ESG投等債20,3956,953,3003,國泰-敦南,2024-06-28,8888
00929,復華台灣科技優息,3912,1196,2716,國泰-敦南,2024-06-28,8888
00936,台新永續高息中小,2791,280,2511,國泰-敦南,2024-06-28,8888
3576,聯合再生,6355,4638,1717,國泰-敦南,2024-06-28,8888
00679B,元大美債20年,1504,290,1214,國泰-敦南,2024-06-28,8888
2610,華航,1707,637,1070,國泰-敦南,2024-06-28,8888
00712,復華富時不動產,1513,453,1060,國泰-敦南,2024-06-28,8888
00688L,國泰20年美債正2,1090,71,1019,國泰-敦南,2024-06-28,8888
00687B,國泰20年美債,1724,780,944,國泰-敦南,2024-06-28,8888
2406,國碩,2682,1794,888,國泰-敦南,2024-06-28,8888
2618,長榮航,1584,701,883,國泰-敦南,2024-06-28,8888
00948B,中信優息投資級債,938,174,764,國泰-敦南,2024-06-28,8888
3481,群創,1570,850,720,國泰-敦南,2024-06-28,8888
00713,元大台灣高息低波,761,110,651,國泰-敦南,2024-06-28,8888
00673R,期元大S＆P原油反1,596,20,576,國泰-敦南,2024-06-28,8888
2303,聯電,759,267,492,國泰-敦南,2024-06-28,8888
2349,錸德,713,236,477,國泰-敦南,2024-06-28,8888
00919,群益台灣精選高息,1623,1160,463,國泰-敦南,2024-06-28,8888
00706L,期元大S＆P日圓正2,524,125,399,國泰-敦南,2024-06-28,8888
00933B,國泰10Y+金融債,579,219,360,國泰-敦南,2024-06-28,8888
2337,旺宏,341,65,276,國泰-敦南,2024-06-28,8888
2317,鴻海,861,598,263,國泰-敦南,2024-06-28,8888
00942B,台新美A公司債20+,331,68,263,國泰-敦南,2024-06-28,8888
2301,光寶科,343,85,258,國泰-敦南,2024-06-28,8888
00720B,元大投資級公司債,358,101,257,國泰-敦南,2024-06-28,8888
00680L,元大美債20正2,580,336,244,國泰-敦南,2024-06-28,8888
6244,茂迪,1835,1599,236,國泰-敦南,2024-06-28,8888
9105,泰金寶-DR,588,366,222,國泰-敦南,2024-06-28,8888
00946,群益科技高息成長,559,339,220,國泰-敦南,2024-06-28,8888
00931B,統一美債20年,341,123,218,國泰-敦南,2024-06-28,8888
00830,國泰費城半導體,335,132,203,國泰-敦南,2024-06-28,8888
6477,安集,464,266,198,國泰-敦南,2024-06-28,8888
3581,博磊,915,737,178,國泰-敦南,2024-06-28,8888
5243,乙盛-KY,502,326,176,國泰-敦南,2024-06-28,8888
2609,陽明,1078,906,172,國泰-敦南,2024-06-28,8888
2324,仁寶,243,73,170,國泰-敦南,2024-06-28,8888
2542,興富發,220,53,167,國泰-敦南,2024-06-28,8888
2537,聯上發,274,108,166,國泰-敦南,2024-06-28,8888
2405,輔信,254,108,146,國泰-敦南,2024-06-28,8888
4909,新復興,877,735,142,國泰-敦南,2024-06-28,8888
2504,國產,209,79,130,國泰-敦南,2024-06-28,8888
2201,裕隆,161,37,124,國泰-敦南,2024-06-28,8888
5371,中光電,335,211,124,國泰-敦南,2024-06-28,8888
8027,鈦昇,325,202,123,國泰-敦南,2024-06-28,8888
2352,佳世達,184,61,123,國泰-敦南,2024-06-28,8888
2603,長榮,293,173,120,國泰-敦南,2024-06-28,8888
2489,瑞軒,406,288,118,國泰-敦南,2024-06-28,8888
6182,合晶,138,23,115,國泰-敦南,2024-06-28,8888
2885,元大金,233,121,112,國泰-敦南,2024-06-28,8888
2363,矽統,191,85,106,國泰-敦南,2024-06-28,8888
00937B,群益ESG投等債20,8980,845,8135,國泰-敦南,2024-07-01,8888
00929,復華台灣科技優息,5569,1665,3904,國泰-敦南,2024-07-01,8888
00687B,國泰20年美債,4173,407,3766,國泰-敦南,2024-07-01,8888
00679B,元大美債20年,3045,279,2766,國泰-敦南,2024-07-01,8888
00948B,中信優息投資級債,3135,722,2413,國泰-敦南,2024-07-01,8888
00680L,元大美債20正2,2470,142,2328,國泰-敦南,2024-07-01,8888
0056,元大高股息,2627,489,2138,國泰-敦南,2024-07-01,8888
00933B,國泰10Y+金融債,2145,279,1866,國泰-敦南,2024-07-01,8888
00688L,國泰20年美債正2,1362,82,1280,國泰-敦南,2024-07-01,8888
00936,台新永續高息中小,2035,765,1270,國泰-敦南,2024-07-01,8888
00942B,台新美A公司債20+,1358,162,1196,國泰-敦南,2024-07-01,8888
1101,台泥,1091,101,990,國泰-敦南,2024-07-01,8888
00720B,元大投資級公司債,849,55,794,國泰-敦南,2024-07-01,8888
00931B,統一美債20年,793,46,747,國泰-敦南,2024-07-01,8888
00751B,元大AAA至A公司債,723,146,577,國泰-敦南,2024-07-01,8888
2882,國泰金,928,353,575,國泰-敦南,2024-07-01,8888
00949,復華日本龍頭,617,42,575,國泰-敦南,2024-07-01,8888
2313,華通,1112,677,435,國泰-敦南,2024-07-01,8888
00795B,中信美國公債20年,540,121,419,國泰-敦南,2024-07-01,8888
2367,燿華,964,637,327,國泰-敦南,2024-07-01,8888
6753,龍德造船,1158,841,317,國泰-敦南,2024-07-01,8888
6188,廣明,947,640,307,國泰-敦南,2024-07-01,8888
00946,群益科技高息成長,691,390,301,國泰-敦南,2024-07-01,8888
00713,元大台灣高息低波,466,211,255,國泰-敦南,2024-07-01,8888
2359,所羅門,2003,1753,250,國泰-敦南,2024-07-01,8888
2374,佳能,513,267,246,國泰-敦南,2024-07-01,8888
00947,台新臺灣IC設計,312,66,246,國泰-敦南,2024-07-01,8888
8176,智捷,262,21,241,國泰-敦南,2024-07-01,8888
00857B,永豐20年美公債,299,67,232,國泰-敦南,2024-07-01,8888
6770,力積電,554,327,227,國泰-敦南,2024-07-01,8888
2365,昆盈,5398,5175,223,國泰-敦南,2024-07-01,8888
8277,商丞,285,66,219,國泰-敦南,2024-07-01,8888
00632R,元大台灣50反1,905,692,213,國泰-敦南,2024-07-01,8888
2834,臺企銀,362,156,206,國泰-敦南,2024-07-01,8888
00892,富邦台灣半導體,216,14,202,國泰-敦南,2024-07-01,8888
2324,仁寶,333,141,192,國泰-敦南,2024-07-01,8888
2337,旺宏,284,105,179,國泰-敦南,2024-07-01,8888
2347,聯強,193,20,173,國泰-敦南,2024-07-01,8888
2349,錸德,891,726,165,國泰-敦南,2024-07-01,8888
2002,中鋼,368,209,159,國泰-敦南,2024-07-01,8888
2883B,凱基金乙特,212,53,159,國泰-敦南,2024-07-01,8888
9904,寶成,239,80,159,國泰-敦南,2024-07-01,8888
2887E,台新戊特,158,0,158,國泰-敦南,2024-07-01,8888
00764B,群益25年美債,163,7,156,國泰-敦南,2024-07-01,8888
3049,精金,161,15,146,國泰-敦南,2024-07-01,8888
2317,鴻海,821,678,143,國泰-敦南,2024-07-01,8888
00772B,中信高評級公司債,159,19,140,國泰-敦南,2024-07-01,8888
2363,矽統,239,101,138,國泰-敦南,2024-07-01,8888
2352,佳世達,366,229,137,國泰-敦南,2024-07-01,8888
1504,東元,183,51,132,國泰-敦南,2024-07-01,8888
00934,中信成長高股息,10440,819,9621,國泰-敦南,2024-07-02,8888
00929,復華台灣科技優息,12726,5092,7634,國泰-敦南,2024-07-02,8888
0056,元大高股息,3094,268,2826,國泰-敦南,2024-07-02,8888
00937B,群益ESG投等債20,3686,874,2812,國泰-敦南,2024-07-02,8888
00680L,元大美債20正2,2904,256,2648,國泰-敦南,2024-07-02,8888
00687B,國泰20年美債,2904,446,2458,國泰-敦南,2024-07-02,8888
00936,台新永續高息中小,3916,1487,2429,國泰-敦南,2024-07-02,8888
2317,鴻海,3195,772,2423,國泰-敦南,2024-07-02,8888
00679B,元大美債20年,2581,295,2286,國泰-敦南,2024-07-02,8888
2303,聯電,2352,570,1782,國泰-敦南,2024-07-02,8888
9105,泰金寶-DR,3112,1336,1776,國泰-敦南,2024-07-02,8888
2349,錸德,2822,1063,1759,國泰-敦南,2024-07-02,8888
00688L,國泰20年美債正2,1730,188,1542,國泰-敦南,2024-07-02,8888
00948B,中信優息投資級債,1879,646,1233,國泰-敦南,2024-07-02,8888
00712,復華富時不動產,1653,494,1159,國泰-敦南,2024-07-02,8888
00927,群益半導體收益,1304,251,1053,國泰-敦南,2024-07-02,8888
00942B,台新美A公司債20+,1078,46,1032,國泰-敦南,2024-07-02,8888
00673R,期元大S＆P原油反1,881,12,869,國泰-敦南,2024-07-02,8888
00946,群益科技高息成長,1144,313,831,國泰-敦南,2024-07-02,8888
00933B,國泰10Y+金融債,985,288,697,國泰-敦南,2024-07-02,8888
00949,復華日本龍頭,753,102,651,國泰-敦南,2024-07-02,8888
2002,中鋼,686,114,572,國泰-敦南,2024-07-02,8888
00795B,中信美國公債20年,522,12,510,國泰-敦南,2024-07-02,8888
00918,大華優利高填息30,749,259,490,國泰-敦南,2024-07-02,8888
8064,東捷,1694,1271,423,國泰-敦南,2024-07-02,8888
2365,昆盈,3207,2819,388,國泰-敦南,2024-07-02,8888
1815,富喬,597,239,358,國泰-敦南,2024-07-02,8888
3702,大聯大,394,45,349,國泰-敦南,2024-07-02,8888
2495,普安,983,653,330,國泰-敦南,2024-07-02,8888
00632R,元大台灣50反1,1099,796,303,國泰-敦南,2024-07-02,8888
00931B,統一美債20年,321,37,284,國泰-敦南,2024-07-02,8888
4562,穎漢,1546,1271,275,國泰-敦南,2024-07-02,8888
3535,晶彩科,1748,1476,272,國泰-敦南,2024-07-02,8888
1301,台塑,351,81,270,國泰-敦南,2024-07-02,8888
00751B,元大AAA至A公司債,366,108,258,國泰-敦南,2024-07-02,8888
6139,亞翔,845,589,256,國泰-敦南,2024-07-02,8888
00881,國泰台灣5G+,413,169,244,國泰-敦南,2024-07-02,8888
2449,京元電子,782,541,241,國泰-敦南,2024-07-02,8888
00915,凱基優選高股息30,325,90,235,國泰-敦南,2024-07-02,8888
00947,台新臺灣IC設計,468,241,227,國泰-敦南,2024-07-02,8888
2406,國碩,2298,2071,227,國泰-敦南,2024-07-02,8888
006208,富邦台50,306,80,226,國泰-敦南,2024-07-02,8888
00725B,國泰投資級公司債,220,4,216,國泰-敦南,2024-07-02,8888
1785,光洋科,819,604,215,國泰-敦南,2024-07-02,8888
2324,仁寶,392,186,206,國泰-敦南,2024-07-02,8888
2515,中工,328,128,200,國泰-敦南,2024-07-02,8888
6285,啟��,275,80,195,國泰-敦南,2024-07-02,8888
6116,彩晶,207,16,191,國泰-敦南,2024-07-02,8888
00905,FT臺灣Smart,261,74,187,國泰-敦南,2024-07-02,8888
5443,均豪,2117,1933,184,國泰-敦南,2024-07-02,8888
00934,中信成長高股息,7266,861,6405,國泰-敦南,2024-07-03,8888
3576,聯合再生,5640,3750,1890,國泰-敦南,2024-07-03,8888
00632R,元大台灣50反1,2157,763,1394,國泰-敦南,2024-07-03,8888
3047,訊舟,5139,3890,1249,國泰-敦南,2024-07-03,8888
00929,復華台灣科技優息,4077,2871,1206,國泰-敦南,2024-07-03,8888
00937B,群益ESG投等債20,2174,1021,1153,國泰-敦南,2024-07-03,8888
00687B,國泰20年美債,1420,300,1120,國泰-敦南,2024-07-03,8888
00679B,元大美債20年,1296,205,1091,國泰-敦南,2024-07-03,8888
2317,鴻海,1553,498,1055,國泰-敦南,2024-07-03,8888
00680L,元大美債20正2,1408,365,1043,國泰-敦南,2024-07-03,8888
00936,台新永續高息中小,1397,409,988,國泰-敦南,2024-07-03,8888
6443,元晶,2419,1479,940,國泰-敦南,2024-07-03,8888
00946,群益科技高息成長,1154,389,765,國泰-敦南,2024-07-03,8888
00948B,中信優息投資級債,996,239,757,國泰-敦南,2024-07-03,8888
6244,茂迪,1813,1084,729,國泰-敦南,2024-07-03,8888
2349,錸德,1243,660,583,國泰-敦南,2024-07-03,8888
1785,光洋科,1886,1381,505,國泰-敦南,2024-07-03,8888
00688L,國泰20年美債正2,504,19,485,國泰-敦南,2024-07-03,8888
4906,正文,1086,684,402,國泰-敦南,2024-07-03,8888
2402,毅嘉,1325,931,394,國泰-敦南,2024-07-03,8888
00927,群益半導體收益,533,196,337,國泰-敦南,2024-07-03,8888
00949,復華日本龍頭,334,28,306,國泰-敦南,2024-07-03,8888
9105,泰金寶-DR,2448,2152,296,國泰-敦南,2024-07-03,8888
00712,復華富時不動產,621,327,294,國泰-敦南,2024-07-03,8888
00795B,中信美國公債20年,331,55,276,國泰-敦南,2024-07-03,8888
3005,神基,663,408,255,國泰-敦南,2024-07-03,8888
5347,世界,496,263,233,國泰-敦南,2024-07-03,8888
00713,元大台灣高息低波,425,193,232,國泰-敦南,2024-07-03,8888
2303,聯電,642,426,216,國泰-敦南,2024-07-03,8888
3535,晶彩科,547,364,183,國泰-敦南,2024-07-03,8888
2897A,王道銀甲特,178,5,173,國泰-敦南,2024-07-03,8888
00664R,國泰臺灣加權反1,190,21,169,國泰-敦南,2024-07-03,8888
5443,均豪,2434,2270,164,國泰-敦南,2024-07-03,8888
00671R,富邦NASDAQ反1,168,20,148,國泰-敦南,2024-07-03,8888
6538,倉和,293,147,146,國泰-敦南,2024-07-03,8888
3062,建漢,470,329,141,國泰-敦南,2024-07-03,8888
3607,谷崧,137,0,137,國泰-敦南,2024-07-03,8888
00706L,期元大S＆P日圓正2,174,38,136,國泰-敦南,2024-07-03,8888
2301,光寶科,219,90,129,國泰-敦南,2024-07-03,8888
1905,華紙,209,82,127,國泰-敦南,2024-07-03,8888
3663,鑫科,585,461,124,國泰-敦南,2024-07-03,8888
2347,聯強,191,72,119,國泰-敦南,2024-07-03,8888
00725B,國泰投資級公司債,241,125,116,國泰-敦南,2024-07-03,8888
3455,由田,549,437,112,國泰-敦南,2024-07-03,8888
4968,立積,178,69,109,國泰-敦南,2024-07-03,8888
6282,康舒,629,521,108,國泰-敦南,2024-07-03,8888
00637L,元大滬深300正2,223,118,105,國泰-敦南,2024-07-03,8888
00905,FT臺灣Smart,158,57,101,國泰-敦南,2024-07-03,8888
5484,慧友,140,40,100,國泰-敦南,2024-07-03,8888
2412,中華電,164,64,100,國泰-敦南,2024-07-03,8888
00632R,元大台灣50反1,6330,2111,4219,國泰-敦南,2024-07-04,8888
00934,中信成長高股息,2801,666,2135,國泰-敦南,2024-07-04,8888
00687B,國泰20年美債,1693,572,1121,國泰-敦南,2024-07-04,8888
9105,泰金寶-DR,2465,1414,1051,國泰-敦南,2024-07-04,8888
2412,中華電,986,30,956,國泰-敦南,2024-07-04,8888
00937B,群益ESG投等債20,2129,1280,849,國泰-敦南,2024-07-04,8888
2349,錸德,1503,683,820,國泰-敦南,2024-07-04,8888
1785,光洋科,3279,2540,739,國泰-敦南,2024-07-04,8888
2618,長榮航,1359,653,706,國泰-敦南,2024-07-04,8888
1815,富喬,1076,454,622,國泰-敦南,2024-07-04,8888
00725B,國泰投資級公司債,631,22,609,國泰-敦南,2024-07-04,8888
3047,訊舟,3976,3390,586,國泰-敦南,2024-07-04,8888
00936,台新永續高息中小,1173,672,501,國泰-敦南,2024-07-04,8888
2882,國泰金,858,407,451,國泰-敦南,2024-07-04,8888
4109,加捷生醫,668,303,365,國泰-敦南,2024-07-04,8888
5347,世界,694,330,364,國泰-敦南,2024-07-04,8888
2324,仁寶,495,142,353,國泰-敦南,2024-07-04,8888
2609,陽明,920,584,336,國泰-敦南,2024-07-04,8888
00949,復華日本龍頭,350,21,329,國泰-敦南,2024-07-04,8888
3450,聯鈞,2124,1826,298,國泰-敦南,2024-07-04,8888
00945B,凱基美國非投等債,293,5,288,國泰-敦南,2024-07-04,8888
3189,景碩,311,28,283,國泰-敦南,2024-07-04,8888
2603,長榮,508,225,283,國泰-敦南,2024-07-04,8888
00946,群益科技高息成長,672,391,281,國泰-敦南,2024-07-04,8888
3050,鈺德,669,413,256,國泰-敦南,2024-07-04,8888
00720B,元大投資級公司債,309,58,251,國泰-敦南,2024-07-04,8888
00673R,期元大S＆P原油反1,255,10,245,國泰-敦南,2024-07-04,8888
3312,弘憶股,2307,2064,243,國泰-敦南,2024-07-04,8888
2417,圓剛,858,627,231,國泰-敦南,2024-07-04,8888
5608,四維航,253,63,190,國泰-敦南,2024-07-04,8888
3615,安可,756,568,188,國泰-敦南,2024-07-04,8888
2367,燿華,1125,945,180,國泰-敦南,2024-07-04,8888
00915,凱基優選高股息30,414,238,176,國泰-敦南,2024-07-04,8888
2883,凱基金,1653,1480,173,國泰-敦南,2024-07-04,8888
00712,復華富時不動產,497,327,170,國泰-敦南,2024-07-04,8888
6142,友勁,266,104,162,國泰-敦南,2024-07-04,8888
00676R,富邦臺灣加權反1,187,25,162,國泰-敦南,2024-07-04,8888
4414,如興,161,3,158,國泰-敦南,2024-07-04,8888
2834,臺企銀,378,225,153,國泰-敦南,2024-07-04,8888
8163,達方,158,7,151,國泰-敦南,2024-07-04,8888
2359,所羅門,1735,1587,148,國泰-敦南,2024-07-04,8888
6005,群益證,234,91,143,國泰-敦南,2024-07-04,8888
6127,九豪,402,261,141,國泰-敦南,2024-07-04,8888
00665L,富邦�琤肭磪囓�2,960,825,135,國泰-敦南,2024-07-04,8888
3323,加百裕,230,96,134,國泰-敦南,2024-07-04,8888
2606,裕民,204,75,129,國泰-敦南,2024-07-04,8888
6147,頎邦,148,23,125,國泰-敦南,2024-07-04,8888
1806,冠軍,221,97,124,國泰-敦南,2024-07-04,8888
6698,旭暉應材,674,554,120,國泰-敦南,2024-07-04,8888
3576,聯合再生,1605,1486,119,國泰-敦南,2024-07-04,8888
00934,中信成長高股息,2809,239,2570,國泰-敦南,2024-07-05,8888
2618,長榮航,1907,638,1269,國泰-敦南,2024-07-05,8888
00679B,元大美債20年,1259,475,784,國泰-敦南,2024-07-05,8888
2349,錸德,1073,312,761,國泰-敦南,2024-07-05,8888
00637L,元大滬深300正2,817,168,649,國泰-敦南,2024-07-05,8888
00936,台新永續高息中小,1028,401,627,國泰-敦南,2024-07-05,8888
00927,群益半導體收益,662,69,593,國泰-敦南,2024-07-05,8888
00687B,國泰20年美債,1043,507,536,國泰-敦南,2024-07-05,8888
0056,元大高股息,970,458,512,國泰-敦南,2024-07-05,8888
00937B,群益ESG投等債20,1402,895,507,國泰-敦南,2024-07-05,8888
00725B,國泰投資級公司債,500,46,454,國泰-敦南,2024-07-05,8888
2609,陽明,1357,950,407,國泰-敦南,2024-07-05,8888
2610,華航,1005,603,402,國泰-敦南,2024-07-05,8888
2888,新光金,1793,1403,390,國泰-敦南,2024-07-05,8888
00949,復華日本龍頭,415,38,377,國泰-敦南,2024-07-05,8888
3048,益登,1724,1355,369,國泰-敦南,2024-07-05,8888
00665L,富邦�琤肭磪囓�2,1374,1015,359,國泰-敦南,2024-07-05,8888
2883,凱基金,725,373,352,國泰-敦南,2024-07-05,8888
00948B,中信優息投資級債,388,51,337,國泰-敦南,2024-07-05,8888
2301,光寶科,451,137,314,國泰-敦南,2024-07-05,8888
00632R,元大台灣50反1,862,549,313,國泰-敦南,2024-07-05,8888
3313,斐成,660,352,308,國泰-敦南,2024-07-05,8888
00945B,凱基美國非投等債,319,22,297,國泰-敦南,2024-07-05,8888
00909,國泰數位支付服務,316,27,289,國泰-敦南,2024-07-05,8888
2312,金寶,686,404,282,國泰-敦南,2024-07-05,8888
8429,金麗-KY,324,48,276,國泰-敦南,2024-07-05,8888
2367,燿華,3297,3063,234,國泰-敦南,2024-07-05,8888
2603,長榮,592,361,231,國泰-敦南,2024-07-05,8888
00795B,中信美國公債20年,238,7,231,國泰-敦南,2024-07-05,8888
1304,台聚,395,170,225,國泰-敦南,2024-07-05,8888
2324,仁寶,508,284,224,國泰-敦南,2024-07-05,8888
00946,群益科技高息成長,502,283,219,國泰-敦南,2024-07-05,8888
3037,欣興,301,85,216,國泰-敦南,2024-07-05,8888
2303,聯電,453,249,204,國泰-敦南,2024-07-05,8888
6207,雷科,872,671,201,國泰-敦南,2024-07-05,8888
006208,富邦台50,348,151,197,國泰-敦南,2024-07-05,8888
6189,豐藝,407,223,184,國泰-敦南,2024-07-05,8888
4534,慶騰,399,220,179,國泰-敦南,2024-07-05,8888
00673R,期元大S＆P原油反1,206,30,176,國泰-敦南,2024-07-05,8888
2353,宏��,386,210,176,國泰-敦南,2024-07-05,8888
00947,台新臺灣IC設計,235,61,174,國泰-敦南,2024-07-05,8888
2344,華邦電,301,129,172,國泰-敦南,2024-07-05,8888
2352,佳世達,272,101,171,國泰-敦南,2024-07-05,8888
2347,聯強,208,38,170,國泰-敦南,2024-07-05,8888
6215,和椿,536,377,159,國泰-敦南,2024-07-05,8888
2615,萬海,1150,991,159,國泰-敦南,2024-07-05,8888
2834,臺企銀,333,176,157,國泰-敦南,2024-07-05,8888
5484,慧友,491,336,155,國泰-敦南,2024-07-05,8888
8104,錸寶,711,558,153,國泰-敦南,2024-07-05,8888
00905,FT臺灣Smart,186,35,151,國泰-敦南,2024-07-05,8888
00934,中信成長高股息,5206,441,4765,國泰-敦南,2024-07-08,8888
00929,復華台灣科技優息,5112,3200,1912,國泰-敦南,2024-07-08,8888
00665L,富邦�琤肭磪囓�2,2222,402,1820,國泰-敦南,2024-07-08,8888
2618,長榮航,2165,811,1354,國泰-敦南,2024-07-08,8888
1785,光洋科,4145,2954,1191,國泰-敦南,2024-07-08,8888
2365,昆盈,5507,4397,1110,國泰-敦南,2024-07-08,8888
00937B,群益ESG投等債20,2319,1384,935,國泰-敦南,2024-07-08,8888
00713,元大台灣高息低波,1124,326,798,國泰-敦南,2024-07-08,8888
00936,台新永續高息中小,1457,675,782,國泰-敦南,2024-07-08,8888
2464,盟立,2652,1945,707,國泰-敦南,2024-07-08,8888
0056,元大高股息,1472,880,592,國泰-敦南,2024-07-08,8888
00632R,元大台灣50反1,4201,3655,546,國泰-敦南,2024-07-08,8888
5443,均豪,1674,1134,540,國泰-敦南,2024-07-08,8888
00725B,國泰投資級公司債,616,104,512,國泰-敦南,2024-07-08,8888
2324,仁寶,670,174,496,國泰-敦南,2024-07-08,8888
00945B,凱基美國非投等債,492,6,486,國泰-敦南,2024-07-08,8888
2374,佳能,1866,1422,444,國泰-敦南,2024-07-08,8888
00928,中信上櫃ESG30,429,3,426,國泰-敦南,2024-07-08,8888
2363,矽統,2929,2539,390,國泰-敦南,2024-07-08,8888
1718,中纖,691,322,369,國泰-敦南,2024-07-08,8888
00712,復華富時不動產,669,325,344,國泰-敦南,2024-07-08,8888
4306,炎洲,480,143,337,國泰-敦南,2024-07-08,8888
3481,群創,2082,1748,334,國泰-敦南,2024-07-08,8888
00927,群益半導體收益,720,414,306,國泰-敦南,2024-07-08,8888
3048,益登,1107,802,305,國泰-敦南,2024-07-08,8888
2417,圓剛,750,449,301,國泰-敦南,2024-07-08,8888
00735,國泰臺韓科技,370,71,299,國泰-敦南,2024-07-08,8888
3535,晶彩科,966,672,294,國泰-敦南,2024-07-08,8888
2349,錸德,354,61,293,國泰-敦南,2024-07-08,8888
8064,東捷,1254,966,288,國泰-敦南,2024-07-08,8888
00680L,元大美債20正2,684,413,271,國泰-敦南,2024-07-08,8888
6217,中探針,560,305,255,國泰-敦南,2024-07-08,8888
1447,力鵬,297,49,248,國泰-敦南,2024-07-08,8888
00688L,國泰20年美債正2,460,217,243,國泰-敦南,2024-07-08,8888
3045,台灣大,356,126,230,國泰-敦南,2024-07-08,8888
2427,三商電,583,356,227,國泰-敦南,2024-07-08,8888
1815,富喬,729,503,226,國泰-敦南,2024-07-08,8888
3607,谷崧,245,22,223,國泰-敦南,2024-07-08,8888
2412,中華電,254,34,220,國泰-敦南,2024-07-08,8888
00944,野村趨勢動能高息,236,17,219,國泰-敦南,2024-07-08,8888
2352,佳世達,372,160,212,國泰-敦南,2024-07-08,8888
5452,佶優,693,484,209,國泰-敦南,2024-07-08,8888
1409,新纖,426,237,189,國泰-敦南,2024-07-08,8888
6153,嘉聯益,737,548,189,國泰-敦南,2024-07-08,8888
6443,元晶,622,437,185,國泰-敦南,2024-07-08,8888
6706,惠特,355,171,184,國泰-敦南,2024-07-08,8888
2603,長榮,1021,839,182,國泰-敦南,2024-07-08,8888
4562,穎漢,1040,861,179,國泰-敦南,2024-07-08,8888
6213,聯茂,318,141,177,國泰-敦南,2024-07-08,8888
3019,亞光,341,165,176,國泰-敦南,2024-07-08,8888
00934,中信成長高股息,4189,1228,2961,國泰-敦南,2024-07-09,8888
00936,台新永續高息中小,3260,442,2818,國泰-敦南,2024-07-09,8888
2312,金寶,6498,3808,2690,國泰-敦南,2024-07-09,8888
9105,泰金寶-DR,8762,6201,2561,國泰-敦南,2024-07-09,8888
2349,錸德,2695,1194,1501,國泰-敦南,2024-07-09,8888
00929,復華台灣科技優息,4580,3269,1311,國泰-敦南,2024-07-09,8888
3047,訊舟,5976,4712,1264,國泰-敦南,2024-07-09,8888
2367,燿華,6659,5527,1132,國泰-敦南,2024-07-09,8888
2618,長榮航,1534,503,1031,國泰-敦南,2024-07-09,8888
2317,鴻海,2808,1896,912,國泰-敦南,2024-07-09,8888
00945B,凱基美國非投等債,822,2,820,國泰-敦南,2024-07-09,8888
2405,輔信,2264,1459,805,國泰-敦南,2024-07-09,8888
2834,臺企銀,1935,1203,732,國泰-敦南,2024-07-09,8888
2353,宏��,807,170,637,國泰-敦南,2024-07-09,8888
00881,國泰台灣5G+,994,358,636,國泰-敦南,2024-07-09,8888
0056,元大高股息,1229,728,501,國泰-敦南,2024-07-09,8888
4510,高鋒,743,266,477,國泰-敦南,2024-07-09,8888
2609,陽明,1415,947,468,國泰-敦南,2024-07-09,8888
2884,玉山金,625,180,445,國泰-敦南,2024-07-09,8888
00927,群益半導體收益,870,429,441,國泰-敦南,2024-07-09,8888
00665L,富邦�琤肭磪囓�2,867,438,429,國泰-敦南,2024-07-09,8888
00713,元大台灣高息低波,1119,699,420,國泰-敦南,2024-07-09,8888
006208,富邦台50,617,198,419,國泰-敦南,2024-07-09,8888
4960,誠美材,1028,610,418,國泰-敦南,2024-07-09,8888
3062,建漢,1076,697,379,國泰-敦南,2024-07-09,8888
2449,京元電子,1836,1470,366,國泰-敦南,2024-07-09,8888
3050,鈺德,1144,783,361,國泰-敦南,2024-07-09,8888
2323,中環,471,159,312,國泰-敦南,2024-07-09,8888
2610,華航,912,602,310,國泰-敦南,2024-07-09,8888
2888,新光金,3658,3380,278,國泰-敦南,2024-07-09,8888
00905,FT臺灣Smart,334,64,270,國泰-敦南,2024-07-09,8888
2330,台積電,429,185,244,國泰-敦南,2024-07-09,8888
5302,太欣,281,42,239,國泰-敦南,2024-07-09,8888
2002,中鋼,407,169,238,國泰-敦南,2024-07-09,8888
00928,中信上櫃ESG30,263,25,238,國泰-敦南,2024-07-09,8888
3607,谷崧,252,15,237,國泰-敦南,2024-07-09,8888
00949,復華日本龍頭,299,69,230,國泰-敦南,2024-07-09,8888
6116,彩晶,348,119,229,國泰-敦南,2024-07-09,8888
2337,旺宏,456,231,225,國泰-敦南,2024-07-09,8888
1536,和大,632,439,193,國泰-敦南,2024-07-09,8888
3710,連展投控,425,235,190,國泰-敦南,2024-07-09,8888
00950B,凱基A級公司債,290,100,190,國泰-敦南,2024-07-09,8888
2515,中工,428,239,189,國泰-敦南,2024-07-09,8888
9103,美德醫療-DR,223,41,182,國泰-敦南,2024-07-09,8888
3673,TPK-KY,915,739,176,國泰-敦南,2024-07-09,8888
6005,群益證,198,22,176,國泰-敦南,2024-07-09,8888
2352,佳世達,250,78,172,國泰-敦南,2024-07-09,8888
00946,群益科技高息成長,551,383,168,國泰-敦南,2024-07-09,8888
00631L,元大台灣50正2,304,141,163,國泰-敦南,2024-07-09,8888
2344,華邦電,309,147,162,國泰-敦南,2024-07-09,8888
00937B,群益ESG投等債20,3298,1242,2056,國泰-敦南,2024-07-10,8888
00929,復華台灣科技優息,3295,1564,1731,國泰-敦南,2024-07-10,8888
00934,中信成長高股息,2851,1237,1614,國泰-敦南,2024-07-10,8888
2888,新光金,5864,4645,1219,國泰-敦南,2024-07-10,8888
9105,泰金寶-DR,2646,1728,918,國泰-敦南,2024-07-10,8888
2367,燿華,2158,1475,683,國泰-敦南,2024-07-10,8888
00725B,國泰投資級公司債,733,52,681,國泰-敦南,2024-07-10,8888
2392,正崴,2840,2203,637,國泰-敦南,2024-07-10,8888
00687B,國泰20年美債,1120,483,637,國泰-敦南,2024-07-10,8888
2317,鴻海,1302,694,608,國泰-敦南,2024-07-10,8888
00713,元大台灣高息低波,828,277,551,國泰-敦南,2024-07-10,8888
2312,金寶,2650,2108,542,國泰-敦南,2024-07-10,8888
00680L,元大美債20正2,679,186,493,國泰-敦南,2024-07-10,8888
2002,中鋼,596,129,467,國泰-敦南,2024-07-10,8888
00905,FT臺灣Smart,559,96,463,國泰-敦南,2024-07-10,8888
00688L,國泰20年美債正2,511,56,455,國泰-敦南,2024-07-10,8888
00949,復華日本龍頭,489,43,446,國泰-敦南,2024-07-10,8888
00927,群益半導體收益,601,161,440,國泰-敦南,2024-07-10,8888
00936,台新永續高息中小,757,332,425,國泰-敦南,2024-07-10,8888
00679B,元大美債20年,792,370,422,國泰-敦南,2024-07-10,8888
8105,凌巨,951,540,411,國泰-敦南,2024-07-10,8888
00950B,凱基A級公司債,404,13,391,國泰-敦南,2024-07-10,8888
2887,台新金,511,136,375,國泰-敦南,2024-07-10,8888
00881,國泰台灣5G+,689,322,367,國泰-敦南,2024-07-10,8888
00720B,元大投資級公司債,377,33,344,國泰-敦南,2024-07-10,8888
00946,群益科技高息成長,485,166,319,國泰-敦南,2024-07-10,8888
4904,遠傳,346,49,297,國泰-敦南,2024-07-10,8888
00933B,國泰10Y+金融債,485,213,272,國泰-敦南,2024-07-10,8888
2489,瑞軒,1383,1132,251,國泰-敦南,2024-07-10,8888
00942B,台新美A公司債20+,401,160,241,國泰-敦南,2024-07-10,8888
5426,振發,797,570,227,國泰-敦南,2024-07-10,8888
2353,宏��,1349,1133,216,國泰-敦南,2024-07-10,8888
006208,富邦台50,369,158,211,國泰-敦南,2024-07-10,8888
00882,中信中國高股息,278,76,202,國泰-敦南,2024-07-10,8888
2405,輔信,984,793,191,國泰-敦南,2024-07-10,8888
6443,元晶,380,197,183,國泰-敦南,2024-07-10,8888
3037,欣興,277,95,182,國泰-敦南,2024-07-10,8888
2897A,王道銀甲特,177,0,177,國泰-敦南,2024-07-10,8888
6116,彩晶,401,224,177,國泰-敦南,2024-07-10,8888
00944,野村趨勢動能高息,242,66,176,國泰-敦南,2024-07-10,8888
1528,恩德,284,113,171,國泰-敦南,2024-07-10,8888
00935,野村臺灣新科技50,242,75,167,國泰-敦南,2024-07-10,8888
2303,聯電,499,338,161,國泰-敦南,2024-07-10,8888
3673,TPK-KY,512,353,159,國泰-敦南,2024-07-10,8888
2243,宏旭-KY,169,10,159,國泰-敦南,2024-07-10,8888
00945B,凱基美國非投等債,352,193,159,國泰-敦南,2024-07-10,8888
5347,世界,313,154,159,國泰-敦南,2024-07-10,8888
5876,上海商銀,184,27,157,國泰-敦南,2024-07-10,8888
1618,合機,496,342,154,國泰-敦南,2024-07-10,8888
2845,遠東銀,225,73,152,國泰-敦南,2024-07-10,8888
00632R,元大台灣50反1,5523,1781,3742,國泰-敦南,2024-07-11,8888
2888,新光金,4852,2956,1896,國泰-敦南,2024-07-11,8888
00680L,元大美債20正2,1413,330,1083,國泰-敦南,2024-07-11,8888
2365,昆盈,3801,2991,810,國泰-敦南,2024-07-11,8888
00679B,元大美債20年,1135,329,806,國泰-敦南,2024-07-11,8888
00934,中信成長高股息,2440,1638,802,國泰-敦南,2024-07-11,8888
00725B,國泰投資級公司債,841,92,749,國泰-敦南,2024-07-11,8888
2618,長榮航,1248,595,653,國泰-敦南,2024-07-11,8888
00687B,國泰20年美債,1221,589,632,國泰-敦南,2024-07-11,8888
00936,台新永續高息中小,978,350,628,國泰-敦南,2024-07-11,8888
00945B,凱基美國非投等債,540,5,535,國泰-敦南,2024-07-11,8888
2891,中信金,829,320,509,國泰-敦南,2024-07-11,8888
2464,盟立,1820,1315,505,國泰-敦南,2024-07-11,8888
2834,臺企銀,652,174,478,國泰-敦南,2024-07-11,8888
00706L,期元大S＆P日圓正2,520,64,456,國泰-敦南,2024-07-11,8888
2303,聯電,794,368,426,國泰-敦南,2024-07-11,8888
00927,群益半導體收益,484,104,380,國泰-敦南,2024-07-11,8888
2610,華航,901,556,345,國泰-敦南,2024-07-11,8888
0056,元大高股息,995,652,343,國泰-敦南,2024-07-11,8888
00935,野村臺灣新科技50,401,62,339,國泰-敦南,2024-07-11,8888
00950B,凱基A級公司債,389,50,339,國泰-敦南,2024-07-11,8888
1447,力鵬,376,47,329,國泰-敦南,2024-07-11,8888
2002,中鋼,445,140,305,國泰-敦南,2024-07-11,8888
2362,藍天,634,333,301,國泰-敦南,2024-07-11,8888
8064,東捷,1165,864,301,國泰-敦南,2024-07-11,8888
2449,京元電子,527,262,265,國泰-敦南,2024-07-11,8888
00688L,國泰20年美債正2,595,335,260,國泰-敦南,2024-07-11,8888
1513,中興電,1829,1574,255,國泰-敦南,2024-07-11,8888
00948B,中信優息投資級債,487,236,251,國泰-敦南,2024-07-11,8888
00933B,國泰10Y+金融債,541,295,246,國泰-敦南,2024-07-11,8888
2382,廣達,414,172,242,國泰-敦南,2024-07-11,8888
3048,益登,721,481,240,國泰-敦南,2024-07-11,8888
2363,矽統,1003,765,238,國泰-敦南,2024-07-11,8888
00905,FT臺灣Smart,483,250,233,國泰-敦南,2024-07-11,8888
8028,昇陽半導體,1250,1023,227,國泰-敦南,2024-07-11,8888
3450,聯鈞,1002,788,214,國泰-敦南,2024-07-11,8888
2371,大同,436,225,211,國泰-敦南,2024-07-11,8888
2405,輔信,649,449,200,國泰-敦南,2024-07-11,8888
1514,亞力,1363,1164,199,國泰-敦南,2024-07-11,8888
2886,兆豐金,325,129,196,國泰-敦南,2024-07-11,8888
00937B,群益ESG投等債20,2821,2626,195,國泰-敦南,2024-07-11,8888
1609,大亞,442,247,195,國泰-敦南,2024-07-11,8888
00882,中信中國高股息,314,123,191,國泰-敦南,2024-07-11,8888
2316,楠梓電,450,259,191,國泰-敦南,2024-07-11,8888
00673R,期元大S＆P原油反1,213,28,185,國泰-敦南,2024-07-11,8888
5452,佶優,456,279,177,國泰-敦南,2024-07-11,8888
2317,鴻海,1156,991,165,國泰-敦南,2024-07-11,8888
00713,元大台灣高息低波,331,168,163,國泰-敦南,2024-07-11,8888
5443,均豪,653,501,152,國泰-敦南,2024-07-11,8888
2392,正崴,1701,1556,145,國泰-敦南,2024-07-11,8888
00929,復華台灣科技優息,11936,2382,9554,國泰-敦南,2024-07-12,8888
00919,群益台灣精選高息,7926,2262,5664,國泰-敦南,2024-07-12,8888
00934,中信成長高股息,6328,1349,4979,國泰-敦南,2024-07-12,8888
2317,鴻海,3097,992,2105,國泰-敦南,2024-07-12,8888
00927,群益半導體收益,2207,178,2029,國泰-敦南,2024-07-12,8888
00878,國泰永續高股息,2496,904,1592,國泰-敦南,2024-07-12,8888
00881,國泰台灣5G+,1888,306,1582,國泰-敦南,2024-07-12,8888
0056,元大高股息,2031,577,1454,國泰-敦南,2024-07-12,8888
2312,金寶,8164,6790,1374,國泰-敦南,2024-07-12,8888
00935,野村臺灣新科技50,1436,323,1113,國泰-敦南,2024-07-12,8888
2867,三商壽,3129,2032,1097,國泰-敦南,2024-07-12,8888
006208,富邦台50,1308,264,1044,國泰-敦南,2024-07-12,8888
00680L,元大美債20正2,1673,901,772,國泰-敦南,2024-07-12,8888
2303,聯電,1105,337,768,國泰-敦南,2024-07-12,8888
00928,中信上櫃ESG30,696,5,691,國泰-敦南,2024-07-12,8888
0050,元大台灣50,794,150,644,國泰-敦南,2024-07-12,8888
2330,台積電,994,358,636,國泰-敦南,2024-07-12,8888
00945B,凱基美國非投等債,645,109,536,國泰-敦南,2024-07-12,8888
00923,群益台ESG低碳50,711,196,515,國泰-敦南,2024-07-12,8888
00725B,國泰投資級公司債,762,293,469,國泰-敦南,2024-07-12,8888
00891,中信關鍵半導體,599,136,463,國泰-敦南,2024-07-12,8888
00679B,元大美債20年,1403,941,462,國泰-敦南,2024-07-12,8888
00922,國泰台灣領袖50,495,65,430,國泰-敦南,2024-07-12,8888
00687B,國泰20年美債,1632,1214,418,國泰-敦南,2024-07-12,8888
1316,上曜,1885,1485,400,國泰-敦南,2024-07-12,8888
4306,炎洲,437,58,379,國泰-敦南,2024-07-12,8888
00757,統一FANG+,475,106,369,國泰-敦南,2024-07-12,8888
00936,台新永續高息中小,1055,741,314,國泰-敦南,2024-07-12,8888
3047,訊舟,518,208,310,國泰-敦南,2024-07-12,8888
00900,富邦特選高股息30,394,91,303,國泰-敦南,2024-07-12,8888
00946,群益科技高息成長,1055,761,294,國泰-敦南,2024-07-12,8888
00905,FT臺灣Smart,509,224,285,國泰-敦南,2024-07-12,8888
2618,長榮航,589,307,282,國泰-敦南,2024-07-12,8888
00949,復華日本龍頭,374,98,276,國泰-敦南,2024-07-12,8888
2313,華通,592,320,272,國泰-敦南,2024-07-12,8888
00675L,富邦臺灣加權正2,436,163,273,國泰-敦南,2024-07-12,8888
2888,新光金,2383,2130,253,國泰-敦南,2024-07-12,8888
00692,富邦公司治理,265,25,240,國泰-敦南,2024-07-12,8888
00631L,元大台灣50正2,416,184,232,國泰-敦南,2024-07-12,8888
5498,凱崴,281,64,217,國泰-敦南,2024-07-12,8888
3711,日月光投控,409,193,216,國泰-敦南,2024-07-12,8888
2881,富邦金,429,232,197,國泰-敦南,2024-07-12,8888
1815,富喬,663,470,193,國泰-敦南,2024-07-12,8888
2915,潤泰全,452,271,181,國泰-敦南,2024-07-12,8888
6026,福邦證,193,23,170,國泰-敦南,2024-07-12,8888
6005,群益證,224,56,168,國泰-敦南,2024-07-12,8888
3050,鈺德,417,254,163,國泰-敦南,2024-07-12,8888
2883,凱基金,656,495,161,國泰-敦南,2024-07-12,8888
2243,宏旭-KY,361,204,157,國泰-敦南,2024-07-12,8888
00895,富邦未來車,264,108,156,國泰-敦南,2024-07-12,8888
00934,中信成長高股息,6105,996,5109,國泰-敦南,2024-07-15,8888
00929,復華台灣科技優息,6441,2574,3867,國泰-敦南,2024-07-15,8888
00937B,群益ESG投等債20,4613,1779,2834,國泰-敦南,2024-07-15,8888
2891,中信金,2885,569,2316,國泰-敦南,2024-07-15,8888
00680L,元大美債20正2,2822,931,1891,國泰-敦南,2024-07-15,8888
0056,元大高股息,2769,912,1857,國泰-敦南,2024-07-15,8888
2312,金寶,6087,4344,1743,國泰-敦南,2024-07-15,8888
00688L,國泰20年美債正2,1738,481,1257,國泰-敦南,2024-07-15,8888
00632R,元大台灣50反1,2007,761,1246,國泰-敦南,2024-07-15,8888
00919,群益台灣精選高息,2664,1469,1195,國泰-敦南,2024-07-15,8888
00936,台新永續高息中小,1546,457,1089,國泰-敦南,2024-07-15,8888
2356,英業達,2203,1226,977,國泰-敦南,2024-07-15,8888
00687B,國泰20年美債,1644,722,922,國泰-敦南,2024-07-15,8888
2888,新光金,2688,1798,890,國泰-敦南,2024-07-15,8888
00679B,元大美債20年,1481,687,794,國泰-敦南,2024-07-15,8888
2489,瑞軒,5044,4266,778,國泰-敦南,2024-07-15,8888
00725B,國泰投資級公司債,842,163,679,國泰-敦南,2024-07-15,8888
00665L,富邦�琤肭磪囓�2,1225,549,676,國泰-敦南,2024-07-15,8888
9105,泰金寶-DR,2321,1672,649,國泰-敦南,2024-07-15,8888
00933B,國泰10Y+金融債,1211,585,626,國泰-敦南,2024-07-15,8888
2867,三商壽,1582,1016,566,國泰-敦南,2024-07-15,8888
00878,國泰永續高股息,4742,4223,519,國泰-敦南,2024-07-15,8888
1608,華榮,1802,1293,509,國泰-敦南,2024-07-15,8888
00720B,元大投資級公司債,724,235,489,國泰-敦南,2024-07-15,8888
00946,群益科技高息成長,1031,583,448,國泰-敦南,2024-07-15,8888
2618,長榮航,998,560,438,國泰-敦南,2024-07-15,8888
2324,仁寶,561,129,432,國泰-敦南,2024-07-15,8888
00935,野村臺灣新科技50,485,86,399,國泰-敦南,2024-07-15,8888
6116,彩晶,461,69,392,國泰-敦南,2024-07-15,8888
6770,力積電,456,102,354,國泰-敦南,2024-07-15,8888
3481,群創,1317,988,329,國泰-敦南,2024-07-15,8888
2409,友達,1037,710,327,國泰-敦南,2024-07-15,8888
006208,富邦台50,485,162,323,國泰-敦南,2024-07-15,8888
6005,群益證,449,126,323,國泰-敦南,2024-07-15,8888
8105,凌巨,1465,1175,290,國泰-敦南,2024-07-15,8888
00735,國泰臺韓科技,409,133,276,國泰-敦南,2024-07-15,8888
2883,凱基金,995,728,267,國泰-敦南,2024-07-15,8888
2610,華航,910,650,260,國泰-敦南,2024-07-15,8888
00740B,富邦全球投等債,310,53,257,國泰-敦南,2024-07-15,8888
00945B,凱基美國非投等債,583,335,248,國泰-敦南,2024-07-15,8888
00795B,中信美國公債20年,336,116,220,國泰-敦南,2024-07-15,8888
3535,晶彩科,2003,1784,219,國泰-敦南,2024-07-15,8888
00918,大華優利高填息30,685,468,217,國泰-敦南,2024-07-15,8888
00949,復華日本龍頭,302,88,214,國泰-敦南,2024-07-15,8888
2834,臺企銀,266,52,214,國泰-敦南,2024-07-15,8888
2885,元大金,298,85,213,國泰-敦南,2024-07-15,8888
00882,中信中國高股息,531,326,205,國泰-敦南,2024-07-15,8888
00927,群益半導體收益,462,259,203,國泰-敦南,2024-07-15,8888
2402,毅嘉,319,119,200,國泰-敦南,2024-07-15,8888
3712,永崴投控,348,154,194,國泰-敦南,2024-07-15,8888
00919,群益台灣精選高息,4535,733,3802,國泰-敦南,2024-07-16,8888
00934,中信成長高股息,3586,564,3022,國泰-敦南,2024-07-16,8888
00929,復華台灣科技優息,4989,2126,2863,國泰-敦南,2024-07-16,8888
0056,元大高股息,3005,434,2571,國泰-敦南,2024-07-16,8888
00937B,群益ESG投等債20,3953,2033,1920,國泰-敦南,2024-07-16,8888
00905,FT臺灣Smart,1748,66,1682,國泰-敦南,2024-07-16,8888
00665L,富邦�琤肭磪囓�2,1710,392,1318,國泰-敦南,2024-07-16,8888
00878,國泰永續高股息,1809,788,1021,國泰-敦南,2024-07-16,8888
2317,鴻海,1351,449,902,國泰-敦南,2024-07-16,8888
9105,泰金寶-DR,2061,1175,886,國泰-敦南,2024-07-16,8888
2891,中信金,1233,360,873,國泰-敦南,2024-07-16,8888
00949,復華日本龍頭,785,35,750,國泰-敦南,2024-07-16,8888
00933B,國泰10Y+金融債,1276,597,679,國泰-敦南,2024-07-16,8888
00882,中信中國高股息,1026,353,673,國泰-敦南,2024-07-16,8888
00927,群益半導體收益,814,202,612,國泰-敦南,2024-07-16,8888
00948B,中信優息投資級債,674,92,582,國泰-敦南,2024-07-16,8888
2888,新光金,2691,2144,547,國泰-敦南,2024-07-16,8888
2834,臺企銀,627,111,516,國泰-敦南,2024-07-16,8888
2312,金寶,4013,3507,506,國泰-敦南,2024-07-16,8888
00946,群益科技高息成長,798,318,480,國泰-敦南,2024-07-16,8888
00936,台新永續高息中小,699,334,365,國泰-敦南,2024-07-16,8888
00632R,元大台灣50反1,1821,1478,343,國泰-敦南,2024-07-16,8888
2489,瑞軒,3232,2901,331,國泰-敦南,2024-07-16,8888
2303,聯電,712,393,319,國泰-敦南,2024-07-16,8888
4956,光鋐,1005,692,313,國泰-敦南,2024-07-16,8888
00945B,凱基美國非投等債,374,99,275,國泰-敦南,2024-07-16,8888
00950B,凱基A級公司債,281,8,273,國泰-敦南,2024-07-16,8888
006208,富邦台50,373,106,267,國泰-敦南,2024-07-16,8888
1815,富喬,610,362,248,國泰-敦南,2024-07-16,8888
2356,英業達,720,473,247,國泰-敦南,2024-07-16,8888
8021,尖點,378,135,243,國泰-敦南,2024-07-16,8888
6005,群益證,421,186,235,國泰-敦南,2024-07-16,8888
00725B,國泰投資級公司債,333,110,223,國泰-敦南,2024-07-16,8888
00713,元大台灣高息低波,319,104,215,國泰-敦南,2024-07-16,8888
2243,宏旭-KY,618,419,199,國泰-敦南,2024-07-16,8888
2897,王道銀行,216,23,193,國泰-敦南,2024-07-16,8888
2610,華航,502,312,190,國泰-敦南,2024-07-16,8888
2002,中鋼,265,78,187,國泰-敦南,2024-07-16,8888
1609,大亞,1128,948,180,國泰-敦南,2024-07-16,8888
2801,彰銀,208,41,167,國泰-敦南,2024-07-16,8888
00753L,中信中國50正2,313,154,159,國泰-敦南,2024-07-16,8888
00944,野村趨勢動能高息,179,20,159,國泰-敦南,2024-07-16,8888
2885,元大金,211,58,153,國泰-敦南,2024-07-16,8888
1513,中興電,898,746,152,國泰-敦南,2024-07-16,8888
1540,喬福,843,696,147,國泰-敦南,2024-07-16,8888
5443,均豪,552,411,141,國泰-敦南,2024-07-16,8888
6443,元晶,256,120,136,國泰-敦南,2024-07-16,8888
4526,東台,346,212,134,國泰-敦南,2024-07-16,8888
2884,玉山金,235,102,133,國泰-敦南,2024-07-16,8888
2101,南港,289,156,133,國泰-敦南,2024-07-16,8888
00929,復華台灣科技優息,11925,1240,10685,國泰-敦南,2024-07-17,8888
00937B,群益ESG投等債20,5646,1674,3972,國泰-敦南,2024-07-17,8888
00919,群益台灣精選高息,4664,1283,3381,國泰-敦南,2024-07-17,8888
00878,國泰永續高股息,2506,814,1692,國泰-敦南,2024-07-17,8888
0056,元大高股息,2114,462,1652,國泰-敦南,2024-07-17,8888
00936,台新永續高息中小,1769,441,1328,國泰-敦南,2024-07-17,8888
00679B,元大美債20年,2021,725,1296,國泰-敦南,2024-07-17,8888
00927,群益半導體收益,1325,87,1238,國泰-敦南,2024-07-17,8888
00632R,元大台灣50反1,3801,2632,1169,國泰-敦南,2024-07-17,8888
00946,群益科技高息成長,1320,200,1120,國泰-敦南,2024-07-17,8888
6770,力積電,1476,459,1017,國泰-敦南,2024-07-17,8888
00918,大華優利高填息30,1113,139,974,國泰-敦南,2024-07-17,8888
2537,聯上發,3780,2842,938,國泰-敦南,2024-07-17,8888
00665L,富邦�琤肭磪囓�2,2134,1301,833,國泰-敦南,2024-07-17,8888
006208,富邦台50,954,135,819,國泰-敦南,2024-07-17,8888
00934,中信成長高股息,1220,418,802,國泰-敦南,2024-07-17,8888
00948B,中信優息投資級債,734,94,640,國泰-敦南,2024-07-17,8888
00905,FT臺灣Smart,712,85,627,國泰-敦南,2024-07-17,8888
00931B,統一美債20年,751,163,588,國泰-敦南,2024-07-17,8888
00713,元大台灣高息低波,696,120,576,國泰-敦南,2024-07-17,8888
4906,正文,1449,907,542,國泰-敦南,2024-07-17,8888
00949,復華日本龍頭,533,28,505,國泰-敦南,2024-07-17,8888
2330,台積電,747,263,484,國泰-敦南,2024-07-17,8888
00933B,國泰10Y+金融債,792,337,455,國泰-敦南,2024-07-17,8888
1609,大亞,3579,3164,415,國泰-敦南,2024-07-17,8888
00935,野村臺灣新科技50,482,102,380,國泰-敦南,2024-07-17,8888
3231,緯創,764,396,368,國泰-敦南,2024-07-17,8888
2891,中信金,668,316,352,國泰-敦南,2024-07-17,8888
00680L,元大美債20正2,1660,1339,321,國泰-敦南,2024-07-17,8888
0050,元大台灣50,435,116,319,國泰-敦南,2024-07-17,8888
2845,遠東銀,434,115,319,國泰-敦南,2024-07-17,8888
00923,群益台ESG低碳50,393,100,293,國泰-敦南,2024-07-17,8888
3673,TPK-KY,752,469,283,國泰-敦南,2024-07-17,8888
5905,南仁湖,431,152,279,國泰-敦南,2024-07-17,8888
2317,鴻海,979,708,271,國泰-敦南,2024-07-17,8888
00950B,凱基A級公司債,266,20,246,國泰-敦南,2024-07-17,8888
00922,國泰台灣領袖50,302,62,240,國泰-敦南,2024-07-17,8888
2376,技嘉,308,93,215,國泰-敦南,2024-07-17,8888
00882,中信中國高股息,510,297,213,國泰-敦南,2024-07-17,8888
00675L,富邦臺灣加權正2,273,64,209,國泰-敦南,2024-07-17,8888
2382,廣達,296,86,210,國泰-敦南,2024-07-17,8888
5876,上海商銀,224,29,195,國泰-敦南,2024-07-17,8888
00650L,復華香港正2,569,375,194,國泰-敦南,2024-07-17,8888
6117,迎廣,1322,1130,192,國泰-敦南,2024-07-17,8888
00715L,期街口布蘭特正2,238,46,192,國泰-敦南,2024-07-17,8888
2449,京元電子,530,338,192,國泰-敦南,2024-07-17,8888
2538,基泰,518,330,188,國泰-敦南,2024-07-17,8888
1316,上曜,630,443,187,國泰-敦南,2024-07-17,8888
00688L,國泰20年美債正2,615,439,176,國泰-敦南,2024-07-17,8888
2402,毅嘉,2332,2157,175,國泰-敦南,2024-07-17,8888
00929,復華台灣科技優息,12373,3213,9160,國泰-敦南,2024-07-18,8888
00919,群益台灣精選高息,7563,2510,5053,國泰-敦南,2024-07-18,8888
00878,國泰永續高股息,4533,1319,3214,國泰-敦南,2024-07-18,8888
00937B,群益ESG投等債20,4844,2251,2593,國泰-敦南,2024-07-18,8888
00946,群益科技高息成長,2513,681,1832,國泰-敦南,2024-07-18,8888
0056,元大高股息,2388,671,1717,國泰-敦南,2024-07-18,8888
00934,中信成長高股息,2488,969,1519,國泰-敦南,2024-07-18,8888
00927,群益半導體收益,1732,247,1485,國泰-敦南,2024-07-18,8888
2317,鴻海,2550,1104,1446,國泰-敦南,2024-07-18,8888
00936,台新永續高息中小,2145,900,1245,國泰-敦南,2024-07-18,8888
00632R,元大台灣50反1,7010,5929,1081,國泰-敦南,2024-07-18,8888
00881,國泰台灣5G+,1577,748,829,國泰-敦南,2024-07-18,8888
2330,台積電,1302,510,792,國泰-敦南,2024-07-18,8888
2365,昆盈,6086,5315,771,國泰-敦南,2024-07-18,8888
00918,大華優利高填息30,1258,509,749,國泰-敦南,2024-07-18,8888
2356,英業達,907,338,569,國泰-敦南,2024-07-18,8888
1402,遠東新,574,31,543,國泰-敦南,2024-07-18,8888
8105,凌巨,2920,2379,541,國泰-敦南,2024-07-18,8888
2610,華航,788,251,537,國泰-敦南,2024-07-18,8888
00905,FT臺灣Smart,779,245,534,國泰-敦南,2024-07-18,8888
00935,野村臺灣新科技50,783,258,525,國泰-敦南,2024-07-18,8888
2891,中信金,866,354,512,國泰-敦南,2024-07-18,8888
006208,富邦台50,947,441,506,國泰-敦南,2024-07-18,8888
00891,中信關鍵半導體,669,170,499,國泰-敦南,2024-07-18,8888
00923,群益台ESG低碳50,616,204,412,國泰-敦南,2024-07-18,8888
6770,力積電,623,220,403,國泰-敦南,2024-07-18,8888
00830,國泰費城半導體,472,92,380,國泰-敦南,2024-07-18,8888
00688L,國泰20年美債正2,603,258,345,國泰-敦南,2024-07-18,8888
2382,廣達,557,228,329,國泰-敦南,2024-07-18,8888
00941,中信上游半導體,543,218,325,國泰-敦南,2024-07-18,8888
00680L,元大美債20正2,834,525,309,國泰-敦南,2024-07-18,8888
00675L,富邦臺灣加權正2,473,177,296,國泰-敦南,2024-07-18,8888
1314,中石化,593,305,288,國泰-敦南,2024-07-18,8888
00687B,國泰20年美債,1215,933,282,國泰-敦南,2024-07-18,8888
1611,中電,508,228,280,國泰-敦南,2024-07-18,8888
00949,復華日本龍頭,407,137,270,國泰-敦南,2024-07-18,8888
00947,台新臺灣IC設計,424,156,268,國泰-敦南,2024-07-18,8888
3013,晟銘電,1779,1523,256,國泰-敦南,2024-07-18,8888
2449,京元電子,609,359,250,國泰-敦南,2024-07-18,8888
2515,中工,597,354,243,國泰-敦南,2024-07-18,8888
3189,景碩,767,527,240,國泰-敦南,2024-07-18,8888
2489,瑞軒,1204,967,237,國泰-敦南,2024-07-18,8888
00679B,元大美債20年,1118,888,230,國泰-敦南,2024-07-18,8888
00673R,期元大S＆P原油反1,235,17,218,國泰-敦南,2024-07-18,8888
2881,富邦金,391,177,214,國泰-敦南,2024-07-18,8888
00933B,國泰10Y+金融債,737,523,214,國泰-敦南,2024-07-18,8888
9105,泰金寶-DR,1756,1544,212,國泰-敦南,2024-07-18,8888
00753L,中信中國50正2,295,85,210,國泰-敦南,2024-07-18,8888
0050,元大台灣50,493,286,207,國泰-敦南,2024-07-18,8888
00631L,元大台灣50正2,430,230,200,國泰-敦南,2024-07-18,8888
00929,復華台灣科技優息,11270,3032,8238,國泰-敦南,2024-07-19,8888
00919,群益台灣精選高息,7990,2084,5906,國泰-敦南,2024-07-19,8888
00878,國泰永續高股息,7451,3712,3739,國泰-敦南,2024-07-19,8888
00937B,群益ESG投等債20,5562,2098,3464,國泰-敦南,2024-07-19,8888
00665L,富邦�琤肭磪囓�2,3558,769,2789,國泰-敦南,2024-07-19,8888
0056,元大高股息,3582,1128,2454,國泰-敦南,2024-07-19,8888
00918,大華優利高填息30,1660,283,1377,國泰-敦南,2024-07-19,8888
2330,台積電,1868,556,1312,國泰-敦南,2024-07-19,8888
00946,群益科技高息成長,1790,480,1310,國泰-敦南,2024-07-19,8888
00713,元大台灣高息低波,1543,374,1169,國泰-敦南,2024-07-19,8888
00936,台新永續高息中小,2006,867,1139,國泰-敦南,2024-07-19,8888
2891,中信金,1436,351,1085,國泰-敦南,2024-07-19,8888
00934,中信成長高股息,1712,763,949,國泰-敦南,2024-07-19,8888
00632R,元大台灣50反1,5151,4422,729,國泰-敦南,2024-07-19,8888
00927,群益半導體收益,968,243,725,國泰-敦南,2024-07-19,8888
006208,富邦台50,1030,346,684,國泰-敦南,2024-07-19,8888
2365,昆盈,5150,4492,658,國泰-敦南,2024-07-19,8888
00881,國泰台灣5G+,3021,2450,571,國泰-敦南,2024-07-19,8888
2834,臺企銀,651,93,558,國泰-敦南,2024-07-19,8888
6116,彩晶,551,12,539,國泰-敦南,2024-07-19,8888
00905,FT臺灣Smart,766,230,536,國泰-敦南,2024-07-19,8888
2888,新光金,2188,1695,493,國泰-敦南,2024-07-19,8888
00679B,元大美債20年,1336,853,483,國泰-敦南,2024-07-19,8888
2867,三商壽,904,427,477,國泰-敦南,2024-07-19,8888
00915,凱基優選高股息30,567,128,439,國泰-敦南,2024-07-19,8888
0050,元大台灣50,602,204,398,國泰-敦南,2024-07-19,8888
6770,力積電,487,90,397,國泰-敦南,2024-07-19,8888
8105,凌巨,1913,1548,365,國泰-敦南,2024-07-19,8888
00753L,中信中國50正2,518,173,345,國泰-敦南,2024-07-19,8888
2618,長榮航,701,356,345,國泰-敦南,2024-07-19,8888
1785,光洋科,1058,717,341,國泰-敦南,2024-07-19,8888
2883,凱基金,1190,848,342,國泰-敦南,2024-07-19,8888
00891,中信關鍵半導體,440,118,322,國泰-敦南,2024-07-19,8888
00933B,國泰10Y+金融債,810,492,318,國泰-敦南,2024-07-19,8888
00923,群益台ESG低碳50,420,105,315,國泰-敦南,2024-07-19,8888
2408,南亞科,369,65,304,國泰-敦南,2024-07-19,8888
00947,台新臺灣IC設計,319,37,282,國泰-敦南,2024-07-19,8888
2887,台新金,487,207,280,國泰-敦南,2024-07-19,8888
00935,野村臺灣新科技50,445,169,276,國泰-敦南,2024-07-19,8888
2002,中鋼,557,286,271,國泰-敦南,2024-07-19,8888
2344,華邦電,422,151,271,國泰-敦南,2024-07-19,8888
00675L,富邦臺灣加權正2,397,135,262,國泰-敦南,2024-07-19,8888
1540,喬福,489,243,246,國泰-敦南,2024-07-19,8888
2812,台中銀,274,41,233,國泰-敦南,2024-07-19,8888
3231,緯創,453,226,227,國泰-敦南,2024-07-19,8888
00671R,富邦NASDAQ反1,226,2,224,國泰-敦南,2024-07-19,8888
2603,長榮,472,255,217,國泰-敦南,2024-07-19,8888
2303,聯電,403,186,217,國泰-敦南,2024-07-19,8888
1709,和益,1169,961,208,國泰-敦南,2024-07-19,8888
2537,聯上發,860,658,202,國泰-敦南,2024-07-19,8888
00929,復華台灣科技優息,18240,8991,9249,國泰-敦南,2024-07-22,8888
00919,群益台灣精選高息,10550,4202,6348,國泰-敦南,2024-07-22,8888
00940,元大台灣價值高息,8549,5278,3271,國泰-敦南,2024-07-22,8888
00946,群益科技高息成長,3502,719,2783,國泰-敦南,2024-07-22,8888
3481,群創,3525,1520,2005,國泰-敦南,2024-07-22,8888
00934,中信成長高股息,3087,1534,1553,國泰-敦南,2024-07-22,8888
00878,國泰永續高股息,5569,4074,1495,國泰-敦南,2024-07-22,8888
0056,元大高股息,3233,1768,1465,國泰-敦南,2024-07-22,8888
6116,彩晶,983,103,880,國泰-敦南,2024-07-22,8888
00680L,元大美債20正2,1302,542,760,國泰-敦南,2024-07-22,8888
5512,力麒,2901,2325,576,國泰-敦南,2024-07-22,8888
2317,鴻海,2464,1927,537,國泰-敦南,2024-07-22,8888
00936,台新永續高息中小,1467,946,521,國泰-敦南,2024-07-22,8888
00676R,富邦臺灣加權反1,1440,935,505,國泰-敦南,2024-07-22,8888
3211,順達,524,22,502,國泰-敦南,2024-07-22,8888
8473,山林水,1736,1253,483,國泰-敦南,2024-07-22,8888
2344,華邦電,621,143,478,國泰-敦南,2024-07-22,8888
00713,元大台灣高息低波,762,315,447,國泰-敦南,2024-07-22,8888
4566,時碩工業,817,419,398,國泰-敦南,2024-07-22,8888
00675L,富邦臺灣加權正2,577,193,384,國泰-敦南,2024-07-22,8888
006208,富邦台50,1080,756,324,國泰-敦南,2024-07-22,8888
2610,華航,858,550,308,國泰-敦南,2024-07-22,8888
00944,野村趨勢動能高息,354,62,292,國泰-敦南,2024-07-22,8888
00937B,群益ESG投等債20,3741,3453,288,國泰-敦南,2024-07-22,8888
00881,國泰台灣5G+,1101,821,280,國泰-敦南,2024-07-22,8888
00947,台新臺灣IC設計,542,271,271,國泰-敦南,2024-07-22,8888
00715L,期街口布蘭特正2,308,47,261,國泰-敦南,2024-07-22,8888
00927,群益半導體收益,832,596,236,國泰-敦南,2024-07-22,8888
00679B,元大美債20年,1504,1271,233,國泰-敦南,2024-07-22,8888
00905,FT臺灣Smart,679,450,229,國泰-敦南,2024-07-22,8888
3037,欣興,657,434,223,國泰-敦南,2024-07-22,8888
00915,凱基優選高股息30,439,216,223,國泰-敦南,2024-07-22,8888
3231,緯創,749,539,210,國泰-敦南,2024-07-22,8888
3576,聯合再生,385,186,199,國泰-敦南,2024-07-22,8888
00631L,元大台灣50正2,478,285,193,國泰-敦南,2024-07-22,8888
1611,中電,630,441,189,國泰-敦南,2024-07-22,8888
2330,台積電,928,740,188,國泰-敦南,2024-07-22,8888
2002,中鋼,356,177,179,國泰-敦南,2024-07-22,8888
1314,中石化,267,95,172,國泰-敦南,2024-07-22,8888
2356,英業達,442,275,167,國泰-敦南,2024-07-22,8888
0050,元大台灣50,584,430,154,國泰-敦南,2024-07-22,8888
1440,南紡,165,19,146,國泰-敦南,2024-07-22,8888
2489,瑞軒,945,812,133,國泰-敦南,2024-07-22,8888
00922,國泰台灣領袖50,354,223,131,國泰-敦南,2024-07-22,8888
2303,聯電,707,576,131,國泰-敦南,2024-07-22,8888
00930,永豐ESG低碳高息,181,51,130,國泰-敦南,2024-07-22,8888
00945B,凱基美國非投等債,227,99,128,國泰-敦南,2024-07-22,8888
1529,樂事綠能,1012,884,128,國泰-敦南,2024-07-22,8888
00669R,國泰美國道瓊反1,130,3,127,國泰-敦南,2024-07-22,8888
2408,南亞科,338,212,126,國泰-敦南,2024-07-22,8888
00929,復華台灣科技優息,8443,1373,7070,國泰-敦南,2024-07-23,8888
00937B,群益ESG投等債20,7603,792,6811,國泰-敦南,2024-07-23,8888
00933B,國泰10Y+金融債,3636,299,3337,國泰-敦南,2024-07-23,8888
00919,群益台灣精選高息,3870,980,2890,國泰-敦南,2024-07-23,8888
3481,群創,3288,1752,1536,國泰-敦南,2024-07-23,8888
00878,國泰永續高股息,2440,944,1496,國泰-敦南,2024-07-23,8888
00632R,元大台灣50反1,4481,3218,1263,國泰-敦南,2024-07-23,8888
00946,群益科技高息成長,1134,168,966,國泰-敦南,2024-07-23,8888
00934,中信成長高股息,1378,449,929,國泰-敦南,2024-07-23,8888
0056,元大高股息,1291,412,879,國泰-敦南,2024-07-23,8888
6116,彩晶,1167,296,871,國泰-敦南,2024-07-23,8888
2891,中信金,1014,189,825,國泰-敦南,2024-07-23,8888
2888,新光金,1478,719,759,國泰-敦南,2024-07-23,8888
00676R,富邦臺灣加權反1,716,35,681,國泰-敦南,2024-07-23,8888
00688L,國泰20年美債正2,791,185,606,國泰-敦南,2024-07-23,8888
00679B,元大美債20年,1328,729,599,國泰-敦南,2024-07-23,8888
00940,元大台灣價值高息,2394,1891,503,國泰-敦南,2024-07-23,8888
2312,金寶,1591,1097,494,國泰-敦南,2024-07-23,8888
00680L,元大美債20正2,832,343,489,國泰-敦南,2024-07-23,8888
006208,富邦台50,692,205,487,國泰-敦南,2024-07-23,8888
2812,台中銀,644,166,478,國泰-敦南,2024-07-23,8888
00948B,中信優息投資級債,519,59,460,國泰-敦南,2024-07-23,8888
00881,國泰台灣5G+,615,195,420,國泰-敦南,2024-07-23,8888
9105,泰金寶-DR,1090,693,397,國泰-敦南,2024-07-23,8888
00918,大華優利高填息30,520,145,375,國泰-敦南,2024-07-23,8888
00687B,國泰20年美債,803,434,369,國泰-敦南,2024-07-23,8888
2409,友達,598,238,360,國泰-敦南,2024-07-23,8888
00715L,期街口布蘭特正2,364,23,341,國泰-敦南,2024-07-23,8888
00905,FT臺灣Smart,453,128,325,國泰-敦南,2024-07-23,8888
2867,三商壽,449,129,320,國泰-敦南,2024-07-23,8888
00936,台新永續高息中小,672,360,312,國泰-敦南,2024-07-23,8888
2408,南亞科,388,100,288,國泰-敦南,2024-07-23,8888
00725B,國泰投資級公司債,282,24,258,國泰-敦南,2024-07-23,8888
5512,力麒,1389,1141,248,國泰-敦南,2024-07-23,8888
00795B,中信美國公債20年,285,39,246,國泰-敦南,2024-07-23,8888
3522,御嵿,285,54,231,國泰-敦南,2024-07-23,8888
8105,凌巨,612,415,197,國泰-敦南,2024-07-23,8888
2349,錸德,219,28,191,國泰-敦南,2024-07-23,8888
00928,中信上櫃ESG30,183,4,179,國泰-敦南,2024-07-23,8888
00858,永豐美國500大,192,13,179,國泰-敦南,2024-07-23,8888
3231,緯創,355,178,177,國泰-敦南,2024-07-23,8888
00713,元大台灣高息低波,298,122,176,國泰-敦南,2024-07-23,8888
00720B,元大投資級公司債,269,94,175,國泰-敦南,2024-07-23,8888
3580,友威科,1174,1006,168,國泰-敦南,2024-07-23,8888
2609,陽明,802,635,167,國泰-敦南,2024-07-23,8888
6869,雲豹能源,269,107,162,國泰-敦南,2024-07-23,8888
8440,綠電,893,736,157,國泰-敦南,2024-07-23,8888
1314,中石化,294,139,155,國泰-敦南,2024-07-23,8888
00942B,台新美A公司債20+,229,74,155,國泰-敦南,2024-07-23,8888
3663,鑫科,455,302,153,國泰-敦南,2024-07-23,8888
00929,復華台灣科技優息,9788,2235,7553,國泰-敦南,2024-07-26,8888
00878,國泰永續高股息,6241,1147,5094,國泰-敦南,2024-07-26,8888
00919,群益台灣精選高息,5894,1586,4308,國泰-敦南,2024-07-26,8888
00940,元大台灣價值高息,5085,2397,2688,國泰-敦南,2024-07-26,8888
00946,群益科技高息成長,2660,317,2343,國泰-敦南,2024-07-26,8888
00937B,群益ESG投等債20,7654,5442,2212,國泰-敦南,2024-07-26,8888
0056,元大高股息,2744,596,2148,國泰-敦南,2024-07-26,8888
2884,玉山金,1817,566,1251,國泰-敦南,2024-07-26,8888
2317,鴻海,1751,755,996,國泰-敦南,2024-07-26,8888
00951,台新日本半導體,1077,88,989,國泰-敦南,2024-07-26,8888
00687B,國泰20年美債,1550,602,948,國泰-敦南,2024-07-26,8888
2330,台積電,1266,321,945,國泰-敦南,2024-07-26,8888
006208,富邦台50,1141,269,872,國泰-敦南,2024-07-26,8888
00680L,元大美債20正2,1720,861,859,國泰-敦南,2024-07-26,8888
00688L,國泰20年美債正2,996,166,830,國泰-敦南,2024-07-26,8888
00713,元大台灣高息低波,972,207,765,國泰-敦南,2024-07-26,8888
0050,元大台灣50,920,164,756,國泰-敦南,2024-07-26,8888
2897,王道銀行,821,66,755,國泰-敦南,2024-07-26,8888
00934,中信成長高股息,1412,792,620,國泰-敦南,2024-07-26,8888
00881,國泰台灣5G+,852,252,600,國泰-敦南,2024-07-26,8888
00679B,元大美債20年,1297,762,535,國泰-敦南,2024-07-26,8888
2891,中信金,614,121,493,國泰-敦南,2024-07-26,8888
00949,復華日本龍頭,607,117,490,國泰-敦南,2024-07-26,8888
3711,日月光投控,531,42,489,國泰-敦南,2024-07-26,8888
00941,中信上游半導體,686,219,467,國泰-敦南,2024-07-26,8888
00753L,中信中國50正2,652,192,460,國泰-敦南,2024-07-26,8888
2349,錸德,1495,1036,459,國泰-敦南,2024-07-26,8888
2002,中鋼,650,200,450,國泰-敦南,2024-07-26,8888
00905,FT臺灣Smart,643,198,445,國泰-敦南,2024-07-26,8888
00675L,富邦臺灣加權正2,558,114,444,國泰-敦南,2024-07-26,8888
2888,新光金,824,403,421,國泰-敦南,2024-07-26,8888
00927,群益半導體收益,531,166,365,國泰-敦南,2024-07-26,8888
00830,國泰費城半導體,438,75,363,國泰-敦南,2024-07-26,8888
00923,群益台ESG低碳50,509,168,341,國泰-敦南,2024-07-26,8888
2885,元大金,365,34,331,國泰-敦南,2024-07-26,8888
00725B,國泰投資級公司債,480,163,317,國泰-敦南,2024-07-26,8888
2382,廣達,420,110,310,國泰-敦南,2024-07-26,8888
00918,大華優利高填息30,784,483,301,國泰-敦南,2024-07-26,8888
00715L,期街口布蘭特正2,343,42,301,國泰-敦南,2024-07-26,8888
00942B,台新美A公司債20+,400,109,291,國泰-敦南,2024-07-26,8888
2834,臺企銀,364,77,287,國泰-敦南,2024-07-26,8888
2356,英業達,493,209,284,國泰-敦南,2024-07-26,8888
2408,南亞科,389,106,283,國泰-敦南,2024-07-26,8888
2352,佳世達,371,89,282,國泰-敦南,2024-07-26,8888
00665L,富邦�琤肭磪囓�2,2352,2071,281,國泰-敦南,2024-07-26,8888
00891,中信關鍵半導體,372,112,260,國泰-敦南,2024-07-26,8888
00882,中信中國高股息,598,338,260,國泰-敦南,2024-07-26,8888
00935,野村臺灣新科技50,407,160,247,國泰-敦南,2024-07-26,8888
00631L,元大台灣50正2,447,202,245,國泰-敦南,2024-07-26,8888
2303,聯電,442,200,242,國泰-敦南,2024-07-26,8888
00929,復華台灣科技優息,11038,2123,8915,國泰-敦南,2024-07-29,8888
00878,國泰永續高股息,6678,2074,4604,國泰-敦南,2024-07-29,8888
00632R,元大台灣50反1,4915,1871,3044,國泰-敦南,2024-07-29,8888
00919,群益台灣精選高息,3857,1039,2818,國泰-敦南,2024-07-29,8888
0056,元大高股息,2814,667,2147,國泰-敦南,2024-07-29,8888
00940,元大台灣價值高息,3136,1498,1638,國泰-敦南,2024-07-29,8888
00934,中信成長高股息,1665,350,1315,國泰-敦南,2024-07-29,8888
2884,玉山金,1428,273,1155,國泰-敦南,2024-07-29,8888
00688L,國泰20年美債正2,1423,327,1096,國泰-敦南,2024-07-29,8888
00881,國泰台灣5G+,1352,328,1024,國泰-敦南,2024-07-29,8888
00946,群益科技高息成長,1292,393,899,國泰-敦南,2024-07-29,8888
00680L,元大美債20正2,1312,505,807,國泰-敦南,2024-07-29,8888
00918,大華優利高填息30,770,142,628,國泰-敦南,2024-07-29,8888
2883,凱基金,814,243,571,國泰-敦南,2024-07-29,8888
00927,群益半導體收益,565,65,500,國泰-敦南,2024-07-29,8888
00713,元大台灣高息低波,621,131,490,國泰-敦南,2024-07-29,8888
00936,台新永續高息中小,699,219,480,國泰-敦南,2024-07-29,8888
9105,泰金寶-DR,1363,973,390,國泰-敦南,2024-07-29,8888
3481,群創,1409,1044,365,國泰-敦南,2024-07-29,8888
00905,FT臺灣Smart,413,59,354,國泰-敦南,2024-07-29,8888
9945,潤泰新,1601,1256,345,國泰-敦南,2024-07-29,8888
00676R,富邦臺灣加權反1,392,50,342,國泰-敦南,2024-07-29,8888
2367,燿華,837,512,325,國泰-敦南,2024-07-29,8888
00715L,期街口布蘭特正2,355,33,322,國泰-敦南,2024-07-29,8888
00915,凱基優選高股息30,464,168,296,國泰-敦南,2024-07-29,8888
6116,彩晶,363,85,278,國泰-敦南,2024-07-29,8888
00933B,國泰10Y+金融債,589,325,264,國泰-敦南,2024-07-29,8888
2891,中信金,505,261,244,國泰-敦南,2024-07-29,8888
2324,仁寶,360,137,223,國泰-敦南,2024-07-29,8888
2356,英業達,734,521,213,國泰-敦南,2024-07-29,8888
2515,中工,1127,918,209,國泰-敦南,2024-07-29,8888
2915,潤泰全,257,52,205,國泰-敦南,2024-07-29,8888
00947,台新臺灣IC設計,219,16,203,國泰-敦南,2024-07-29,8888
3013,晟銘電,474,273,201,國泰-敦南,2024-07-29,8888
3293,鈊象,278,83,195,國泰-敦南,2024-07-29,8888
3231,緯創,436,248,188,國泰-敦南,2024-07-29,8888
3035,智原,388,208,180,國泰-敦南,2024-07-29,8888
2537,聯上發,833,657,176,國泰-敦南,2024-07-29,8888
00733,富邦臺灣中小,196,21,175,國泰-敦南,2024-07-29,8888
2409,友達,264,99,165,國泰-敦南,2024-07-29,8888
8936,國統,307,143,164,國泰-敦南,2024-07-29,8888
00706L,期元大S＆P日圓正2,343,184,159,國泰-敦南,2024-07-29,8888
1449,佳和,1406,1263,143,國泰-敦南,2024-07-29,8888
6462,神盾,335,192,143,國泰-敦南,2024-07-29,8888
00928,中信上櫃ESG30,173,31,142,國泰-敦南,2024-07-29,8888
3037,欣興,398,267,131,國泰-敦南,2024-07-29,8888
2605,新興,159,28,131,國泰-敦南,2024-07-29,8888
00795B,中信美國公債20年,221,93,128,國泰-敦南,2024-07-29,8888
8096,擎亞,394,267,127,國泰-敦南,2024-07-29,8888
4128,中天,278,152,126,國泰-敦南,2024-07-29,8888
00929,復華台灣科技優息,9629,4929,4700,國泰-敦南,2024-07-30,8888
00940,元大台灣價值高息,5594,1786,3808,國泰-敦南,2024-07-30,8888
00878,國泰永續高股息,5800,2372,3428,國泰-敦南,2024-07-30,8888
00946,群益科技高息成長,2175,411,1764,國泰-敦南,2024-07-30,8888
0056,元大高股息,2148,916,1232,國泰-敦南,2024-07-30,8888
2891,中信金,1490,350,1140,國泰-敦南,2024-07-30,8888
00937B,群益ESG投等債20,2921,1938,983,國泰-敦南,2024-07-30,8888
00934,中信成長高股息,1511,668,843,國泰-敦南,2024-07-30,8888
2349,錸德,5835,5111,724,國泰-敦南,2024-07-30,8888
00919,群益台灣精選高息,2870,2159,711,國泰-敦南,2024-07-30,8888
00753L,中信中國50正2,726,86,640,國泰-敦南,2024-07-30,8888
00713,元大台灣高息低波,939,357,582,國泰-敦南,2024-07-30,8888
00936,台新永續高息中小,860,301,559,國泰-敦南,2024-07-30,8888
00933B,國泰10Y+金融債,719,195,524,國泰-敦南,2024-07-30,8888
00687B,國泰20年美債,1094,597,497,國泰-敦南,2024-07-30,8888
00665L,富邦�琤肭磪囓�2,1396,929,467,國泰-敦南,2024-07-30,8888
2884,玉山金,877,476,401,國泰-敦南,2024-07-30,8888
00679B,元大美債20年,1118,751,367,國泰-敦南,2024-07-30,8888
2834,臺企銀,436,82,354,國泰-敦南,2024-07-30,8888
2344,華邦電,535,205,330,國泰-敦南,2024-07-30,8888
2409,友達,411,100,311,國泰-敦南,2024-07-30,8888
00948B,中信優息投資級債,499,215,284,國泰-敦南,2024-07-30,8888
6116,彩晶,335,76,259,國泰-敦南,2024-07-30,8888
00715L,期街口布蘭特正2,464,243,221,國泰-敦南,2024-07-30,8888
00688L,國泰20年美債正2,546,339,207,國泰-敦南,2024-07-30,8888
00926,凱基全球菁英55,203,1,202,國泰-敦南,2024-07-30,8888
00922,國泰台灣領袖50,313,120,193,國泰-敦南,2024-07-30,8888
00915,凱基優選高股息30,454,263,191,國泰-敦南,2024-07-30,8888
2882,國泰金,411,223,188,國泰-敦南,2024-07-30,8888
3189,景碩,626,445,181,國泰-敦南,2024-07-30,8888
00928,中信上櫃ESG30,205,30,175,國泰-敦南,2024-07-30,8888
2303,聯電,421,252,169,國泰-敦南,2024-07-30,8888
00671R,富邦NASDAQ反1,198,31,167,國泰-敦南,2024-07-30,8888
2845,遠東銀,174,7,167,國泰-敦南,2024-07-30,8888
00951,台新日本半導體,195,31,164,國泰-敦南,2024-07-30,8888
00905,FT臺灣Smart,347,187,160,國泰-敦南,2024-07-30,8888
2337,旺宏,807,658,149,國泰-敦南,2024-07-30,8888
00632R,元大台灣50反1,4509,4368,141,國泰-敦南,2024-07-30,8888
3631,晟楠,150,11,139,國泰-敦南,2024-07-30,8888
1314,中石化,246,109,137,國泰-敦南,2024-07-30,8888
6177,達麗,255,118,137,國泰-敦南,2024-07-30,8888
00918,大華優利高填息30,509,374,135,國泰-敦南,2024-07-30,8888
00927,群益半導體收益,304,170,134,國泰-敦南,2024-07-30,8888
00637L,元大滬深300正2,233,110,123,國泰-敦南,2024-07-30,8888
00857B,永豐20年美公債,178,62,116,國泰-敦南,2024-07-30,8888
00891,中信關鍵半導體,179,64,115,國泰-敦南,2024-07-30,8888
2812,台中銀,210,97,113,國泰-敦南,2024-07-30,8888
2442,新美齊,621,509,112,國泰-敦南,2024-07-30,8888
00650L,復華香港正2,189,79,110,國泰-敦南,2024-07-30,8888
006208,富邦台50,380,275,105,國泰-敦南,2024-07-30,8888
00929,復華台灣科技優息,4446,1480,2966,國泰-敦南,2024-07-31,8888
00878,國泰永續高股息,2160,715,1445,國泰-敦南,2024-07-31,8888
00937B,群益ESG投等債20,2745,1457,1288,國泰-敦南,2024-07-31,8888
3481,群創,3985,2820,1165,國泰-敦南,2024-07-31,8888
00946,群益科技高息成長,1342,234,1108,國泰-敦南,2024-07-31,8888
00919,群益台灣精選高息,1772,733,1039,國泰-敦南,2024-07-31,8888
00940,元大台灣價值高息,2343,1494,849,國泰-敦南,2024-07-31,8888
00679B,元大美債20年,1210,450,760,國泰-敦南,2024-07-31,8888
00934,中信成長高股息,894,310,584,國泰-敦南,2024-07-31,8888
00688L,國泰20年美債正2,839,359,480,國泰-敦南,2024-07-31,8888
3047,訊舟,3679,3238,441,國泰-敦南,2024-07-31,8888
0056,元大高股息,773,370,403,國泰-敦南,2024-07-31,8888
00687B,國泰20年美債,1035,636,399,國泰-敦南,2024-07-31,8888
00945B,凱基美國非投等債,405,28,377,國泰-敦南,2024-07-31,8888
00933B,國泰10Y+金融債,623,264,359,國泰-敦南,2024-07-31,8888
2845,遠東銀,373,28,345,國泰-敦南,2024-07-31,8888
00715L,期街口布蘭特正2,391,59,332,國泰-敦南,2024-07-31,8888
2409,友達,357,100,257,國泰-敦南,2024-07-31,8888
00795B,中信美國公債20年,334,105,229,國泰-敦南,2024-07-31,8888
3037,欣興,556,333,223,國泰-敦南,2024-07-31,8888
00948B,中信優息投資級債,279,58,221,國泰-敦南,2024-07-31,8888
2356,英業達,406,186,220,國泰-敦南,2024-07-31,8888
2365,昆盈,1185,977,208,國泰-敦南,2024-07-31,8888
00927,群益半導體收益,322,115,207,國泰-敦南,2024-07-31,8888
1314,中石化,242,49,193,國泰-敦南,2024-07-31,8888
00676R,富邦臺灣加權反1,223,32,191,國泰-敦南,2024-07-31,8888
2537,聯上發,643,454,189,國泰-敦南,2024-07-31,8888
3105,穩懋,299,121,178,國泰-敦南,2024-07-31,8888
00713,元大台灣高息低波,348,181,167,國泰-敦南,2024-07-31,8888
2312,金寶,849,686,163,國泰-敦南,2024-07-31,8888
00905,FT臺灣Smart,220,76,144,國泰-敦南,2024-07-31,8888
3715,定穎投控,864,726,138,國泰-敦南,2024-07-31,8888
2486,一詮,682,549,133,國泰-敦南,2024-07-31,8888
00675L,富邦臺灣加權正2,256,123,133,國泰-敦南,2024-07-31,8888
4526,東台,420,289,131,國泰-敦南,2024-07-31,8888
00830,國泰費城半導體,164,37,127,國泰-敦南,2024-07-31,8888
6116,彩晶,173,49,124,國泰-敦南,2024-07-31,8888
2442,新美齊,263,139,124,國泰-敦南,2024-07-31,8888
6133,金橋,127,4,123,國泰-敦南,2024-07-31,8888
00918,大華優利高填息30,241,126,115,國泰-敦南,2024-07-31,8888
2330,台積電,265,155,110,國泰-敦南,2024-07-31,8888
2884,玉山金,254,145,109,國泰-敦南,2024-07-31,8888
2349,錸德,3741,3632,109,國泰-敦南,2024-07-31,8888
3711,日月光投控,167,60,107,國泰-敦南,2024-07-31,8888
8028,昇陽半導體,1183,1081,102,國泰-敦南,2024-07-31,8888
00664R,國泰臺灣加權反1,145,44,101,國泰-敦南,2024-07-31,8888
006208,富邦台50,252,152,100,國泰-敦南,2024-07-31,8888
2812,台中銀,128,29,99,國泰-敦南,2024-07-31,8888
3167,大量,398,307,91,國泰-敦南,2024-07-31,8888
2204,中華,170,81,89,國泰-敦南,2024-07-31,8888
00878,國泰永續高股息,4025,790,3235,國泰-敦南,2024-08-01,8888
00937B,群益ESG投等債20,3105,1984,1121,國泰-敦南,2024-08-01,8888
00929,復華台灣科技優息,3516,2569,947,國泰-敦南,2024-08-01,8888
00679B,元大美債20年,2958,2040,918,國泰-敦南,2024-08-01,8888
00688L,國泰20年美債正2,1962,1052,910,國泰-敦南,2024-08-01,8888
2337,旺宏,3443,2760,683,國泰-敦南,2024-08-01,8888
2349,錸德,4889,4243,646,國泰-敦南,2024-08-01,8888
00687B,國泰20年美債,1878,1361,517,國泰-敦南,2024-08-01,8888
00881,國泰台灣5G+,763,277,486,國泰-敦南,2024-08-01,8888
2363,矽統,2197,1764,433,國泰-敦南,2024-08-01,8888
00919,群益台灣精選高息,1414,990,424,國泰-敦南,2024-08-01,8888
00637L,元大滬深300正2,463,53,410,國泰-敦南,2024-08-01,8888
2489,瑞軒,883,489,394,國泰-敦南,2024-08-01,8888
2888,新光金,836,454,382,國泰-敦南,2024-08-01,8888
00933B,國泰10Y+金融債,624,248,376,國泰-敦南,2024-08-01,8888
00932,兆豐永續高息等權,350,15,335,國泰-敦南,2024-08-01,8888
2884,玉山金,455,123,332,國泰-敦南,2024-08-01,8888
00712,復華富時不動產,783,458,325,國泰-敦南,2024-08-01,8888
00949,復華日本龍頭,425,149,276,國泰-敦南,2024-08-01,8888
00665L,富邦�琤肭磪囓�2,697,421,276,國泰-敦南,2024-08-01,8888
00713,元大台灣高息低波,429,167,262,國泰-敦南,2024-08-01,8888
3663,鑫科,2083,1822,261,國泰-敦南,2024-08-01,8888
2344,華邦電,437,192,245,國泰-敦南,2024-08-01,8888
00951,台新日本半導體,415,172,243,國泰-敦南,2024-08-01,8888
00673R,期元大S＆P原油反1,263,20,243,國泰-敦南,2024-08-01,8888
3047,訊舟,1738,1498,240,國泰-敦南,2024-08-01,8888
00934,中信成長高股息,600,385,215,國泰-敦南,2024-08-01,8888
2891,中信金,368,157,211,國泰-敦南,2024-08-01,8888
00923,群益台ESG低碳50,356,158,198,國泰-敦南,2024-08-01,8888
1216,統一,257,67,190,國泰-敦南,2024-08-01,8888
00945B,凱基美國非投等債,298,116,182,國泰-敦南,2024-08-01,8888
006208,富邦台50,338,169,169,國泰-敦南,2024-08-01,8888
00948B,中信優息投資級債,380,216,164,國泰-敦南,2024-08-01,8888
2887,台新金,340,179,161,國泰-敦南,2024-08-01,8888
3535,晶彩科,1444,1287,157,國泰-敦南,2024-08-01,8888
5443,均豪,1527,1374,153,國泰-敦南,2024-08-01,8888
00706L,期元大S＆P日圓正2,707,557,150,國泰-敦南,2024-08-01,8888
00927,群益半導體收益,214,69,145,國泰-敦南,2024-08-01,8888
2409,友達,305,161,144,國泰-敦南,2024-08-01,8888
8028,昇陽半導體,1189,1051,138,國泰-敦南,2024-08-01,8888
00631L,元大台灣50正2,298,174,124,國泰-敦南,2024-08-01,8888
3518,柏騰,346,222,124,國泰-敦南,2024-08-01,8888
2454,聯發科,191,73,118,國泰-敦南,2024-08-01,8888
00655L,國泰中國A50正2,112,0,112,國泰-敦南,2024-08-01,8888
00830,國泰費城半導體,229,117,112,國泰-敦南,2024-08-01,8888
00650L,復華香港正2,157,47,110,國泰-敦南,2024-08-01,8888
2610,華航,256,146,110,國泰-敦南,2024-08-01,8888
0056,元大高股息,691,582,109,國泰-敦南,2024-08-01,8888
2313,華通,218,110,108,國泰-敦南,2024-08-01,8888
6239,力成,139,35,104,國泰-敦南,2024-08-01,8888
00878,國泰永續高股息,12444,1209,11235,國泰-敦南,2024-08-02,8888
00929,復華台灣科技優息,12622,1795,10827,國泰-敦南,2024-08-02,8888
00940,元大台灣價值高息,7873,1802,6071,國泰-敦南,2024-08-02,8888
00919,群益台灣精選高息,7297,1306,5991,國泰-敦南,2024-08-02,8888
2317,鴻海,3847,1080,2767,國泰-敦南,2024-08-02,8888
00881,國泰台灣5G+,2731,292,2439,國泰-敦南,2024-08-02,8888
0056,元大高股息,2882,525,2357,國泰-敦南,2024-08-02,8888
00679B,元大美債20年,3713,1787,1926,國泰-敦南,2024-08-02,8888
00688L,國泰20年美債正2,3299,1428,1871,國泰-敦南,2024-08-02,8888
00946,群益科技高息成長,2062,359,1703,國泰-敦南,2024-08-02,8888
00687B,國泰20年美債,3073,1377,1696,國泰-敦南,2024-08-02,8888
2891,中信金,1888,351,1537,國泰-敦南,2024-08-02,8888
006208,富邦台50,1650,197,1453,國泰-敦南,2024-08-02,8888
00934,中信成長高股息,2498,1059,1439,國泰-敦南,2024-08-02,8888
00923,群益台ESG低碳50,1525,141,1384,國泰-敦南,2024-08-02,8888
00900,富邦特選高股息30,1286,27,1259,國泰-敦南,2024-08-02,8888
00936,台新永續高息中小,1695,460,1235,國泰-敦南,2024-08-02,8888
2330,台積電,1561,341,1220,國泰-敦南,2024-08-02,8888
00951,台新日本半導體,1583,376,1207,國泰-敦南,2024-08-02,8888
00948B,中信優息投資級債,1355,167,1188,國泰-敦南,2024-08-02,8888
00927,群益半導體收益,1176,123,1053,國泰-敦南,2024-08-02,8888
00680L,元大美債20正2,3424,2428,996,國泰-敦南,2024-08-02,8888
00949,復華日本龍頭,1033,99,934,國泰-敦南,2024-08-02,8888
0050,元大台灣50,976,149,827,國泰-敦南,2024-08-02,8888
2834,臺企銀,1071,302,769,國泰-敦南,2024-08-02,8888
2515,中工,1674,926,748,國泰-敦南,2024-08-02,8888
00935,野村臺灣新科技50,931,222,709,國泰-敦南,2024-08-02,8888
00891,中信關鍵半導體,829,184,645,國泰-敦南,2024-08-02,8888
00941,中信上游半導體,825,184,641,國泰-敦南,2024-08-02,8888
00795B,中信美國公債20年,829,196,633,國泰-敦南,2024-08-02,8888
00937B,群益ESG投等債20,4269,3638,631,國泰-敦南,2024-08-02,8888
00905,FT臺灣Smart,732,135,597,國泰-敦南,2024-08-02,8888
3037,欣興,1022,434,588,國泰-敦南,2024-08-02,8888
00713,元大台灣高息低波,789,206,583,國泰-敦南,2024-08-02,8888
00932,兆豐永續高息等權,588,29,559,國泰-敦南,2024-08-02,8888
00675L,富邦臺灣加權正2,829,278,551,國泰-敦南,2024-08-02,8888
00947,台新臺灣IC設計,590,49,541,國泰-敦南,2024-08-02,8888
00830,國泰費城半導體,658,128,530,國泰-敦南,2024-08-02,8888
00922,國泰台灣領袖50,577,80,497,國泰-敦南,2024-08-02,8888
00712,復華富時不動產,1368,878,490,國泰-敦南,2024-08-02,8888
2382,廣達,574,177,397,國泰-敦南,2024-08-02,8888
2885,元大金,454,57,397,國泰-敦南,2024-08-02,8888
2610,華航,533,162,371,國泰-敦南,2024-08-02,8888
9945,潤泰新,876,512,364,國泰-敦南,2024-08-02,8888
00931B,統一美債20年,510,151,359,國泰-敦南,2024-08-02,8888
00915,凱基優選高股息30,491,143,348,國泰-敦南,2024-08-02,8888
00631L,元大台灣50正2,579,244,335,國泰-敦南,2024-08-02,8888
2409,友達,461,130,331,國泰-敦南,2024-08-02,8888
00939,統一台灣高息動能,540,242,298,國泰-敦南,2024-08-02,8888
5512,力麒,574,278,296,國泰-敦南,2024-08-02,8888
00929,復華台灣科技優息,30017,8370,21647,國泰-敦南,2024-08-05,8888
00940,元大台灣價值高息,22670,5408,17262,國泰-敦南,2024-08-05,8888
00878,國泰永續高股息,20721,5267,15454,國泰-敦南,2024-08-05,8888
00919,群益台灣精選高息,12410,5763,6647,國泰-敦南,2024-08-05,8888
00680L,元大美債20正2,8409,3461,4948,國泰-敦南,2024-08-05,8888
0056,元大高股息,6494,2451,4043,國泰-敦南,2024-08-05,8888
00688L,國泰20年美債正2,5781,2349,3432,國泰-敦南,2024-08-05,8888
00679B,元大美債20年,6823,3619,3204,國泰-敦南,2024-08-05,8888
00946,群益科技高息成長,3870,993,2877,國泰-敦南,2024-08-05,8888
006208,富邦台50,3477,1068,2409,國泰-敦南,2024-08-05,8888
2317,鴻海,3817,1565,2252,國泰-敦南,2024-08-05,8888
00936,台新永續高息中小,2753,836,1917,國泰-敦南,2024-08-05,8888
00632R,元大台灣50反1,13089,11397,1692,國泰-敦南,2024-08-05,8888
00715L,期街口布蘭特正2,1630,76,1554,國泰-敦南,2024-08-05,8888
00676R,富邦臺灣加權反1,2032,505,1527,國泰-敦南,2024-08-05,8888
3481,群創,3475,1971,1504,國泰-敦南,2024-08-05,8888
00675L,富邦臺灣加權正2,1849,513,1336,國泰-敦南,2024-08-05,8888
00881,國泰台灣5G+,2277,1043,1234,國泰-敦南,2024-08-05,8888
2330,台積電,2081,913,1168,國泰-敦南,2024-08-05,8888
2834,臺企銀,2161,1016,1145,國泰-敦南,2024-08-05,8888
0050,元大台灣50,1907,842,1065,國泰-敦南,2024-08-05,8888
2409,友達,1494,484,1010,國泰-敦南,2024-08-05,8888
00923,群益台ESG低碳50,1484,482,1002,國泰-敦南,2024-08-05,8888
00891,中信關鍵半導體,1264,420,844,國泰-敦南,2024-08-05,8888
00687B,國泰20年美債,5903,5068,835,國泰-敦南,2024-08-05,8888
9105,泰金寶-DR,1478,648,830,國泰-敦南,2024-08-05,8888
2891,中信金,1671,847,824,國泰-敦南,2024-08-05,8888
6116,彩晶,974,214,760,國泰-敦南,2024-08-05,8888
00795B,中信美國公債20年,1353,639,714,國泰-敦南,2024-08-05,8888
00933B,國泰10Y+金融債,1915,1216,699,國泰-敦南,2024-08-05,8888
00671R,富邦NASDAQ反1,750,53,697,國泰-敦南,2024-08-05,8888
00927,群益半導體收益,1242,551,691,國泰-敦南,2024-08-05,8888
2897,王道銀行,744,61,683,國泰-敦南,2024-08-05,8888
2515,中工,1415,821,594,國泰-敦南,2024-08-05,8888
00713,元大台灣高息低波,1798,1209,589,國泰-敦南,2024-08-05,8888
2887,台新金,1216,629,587,國泰-敦南,2024-08-05,8888
2801,彰銀,763,185,578,國泰-敦南,2024-08-05,8888
00631L,元大台灣50正2,1061,518,543,國泰-敦南,2024-08-05,8888
00900,富邦特選高股息30,814,278,536,國泰-敦南,2024-08-05,8888
00915,凱基優選高股息30,1171,636,535,國泰-敦南,2024-08-05,8888
2323,中環,608,78,530,國泰-敦南,2024-08-05,8888
00922,國泰台灣領袖50,920,425,495,國泰-敦南,2024-08-05,8888
4510,高鋒,3230,2776,454,國泰-敦南,2024-08-05,8888
00948B,中信優息投資級債,1054,603,451,國泰-敦南,2024-08-05,8888
2812,台中銀,620,174,446,國泰-敦南,2024-08-05,8888
1314,中石化,858,422,436,國泰-敦南,2024-08-05,8888
2897A,王道銀甲特,457,38,419,國泰-敦南,2024-08-05,8888
00830,國泰費城半導體,697,299,398,國泰-敦南,2024-08-05,8888
00949,復華日本龍頭,720,343,377,國泰-敦南,2024-08-05,8888
2002,中鋼,1048,672,376,國泰-敦南,2024-08-05,8888
00632R,元大台灣50反1,21305,15834,5471,國泰-敦南,2024-08-06,8888
00929,復華台灣科技優息,10429,6523,3906,國泰-敦南,2024-08-06,8888
00878,國泰永續高股息,8475,5063,3412,國泰-敦南,2024-08-06,8888
00940,元大台灣價值高息,8176,5913,2263,國泰-敦南,2024-08-06,8888
0056,元大高股息,2873,1524,1349,國泰-敦南,2024-08-06,8888
2887,台新金,1652,379,1273,國泰-敦南,2024-08-06,8888
2317,鴻海,4720,3828,892,國泰-敦南,2024-08-06,8888
00948B,中信優息投資級債,1121,293,828,國泰-敦南,2024-08-06,8888
00946,群益科技高息成長,1401,581,820,國泰-敦南,2024-08-06,8888
00936,台新永續高息中小,1428,816,612,國泰-敦南,2024-08-06,8888
006208,富邦台50,1395,840,555,國泰-敦南,2024-08-06,8888
00715L,期街口布蘭特正2,600,65,535,國泰-敦南,2024-08-06,8888
2834,臺企銀,1186,655,531,國泰-敦南,2024-08-06,8888
00676R,富邦臺灣加權反1,973,442,531,國泰-敦南,2024-08-06,8888
2409,友達,846,399,447,國泰-敦南,2024-08-06,8888
00919,群益台灣精選高息,3710,3275,435,國泰-敦南,2024-08-06,8888
0050,元大台灣50,1433,1052,381,國泰-敦南,2024-08-06,8888
00900,富邦特選高股息30,565,239,326,國泰-敦南,2024-08-06,8888
3481,群創,2317,2049,268,國泰-敦南,2024-08-06,8888
00923,群益台ESG低碳50,607,364,243,國泰-敦南,2024-08-06,8888
00932,兆豐永續高息等權,279,40,239,國泰-敦南,2024-08-06,8888
3037,欣興,812,595,217,國泰-敦南,2024-08-06,8888
2888,新光金,1730,1530,200,國泰-敦南,2024-08-06,8888
00675L,富邦臺灣加權正2,840,650,190,國泰-敦南,2024-08-06,8888
2312,金寶,1124,945,179,國泰-敦南,2024-08-06,8888
00664R,國泰臺灣加權反1,554,375,179,國泰-敦南,2024-08-06,8888
2542,興富發,840,664,176,國泰-敦南,2024-08-06,8888
00712,復華富時不動產,1775,1608,167,國泰-敦南,2024-08-06,8888
2867,三商壽,412,245,167,國泰-敦南,2024-08-06,8888
2812,台中銀,395,232,163,國泰-敦南,2024-08-06,8888
00733,富邦臺灣中小,228,69,159,國泰-敦南,2024-08-06,8888
2884,玉山金,528,370,158,國泰-敦南,2024-08-06,8888
2002,中鋼,473,332,141,國泰-敦南,2024-08-06,8888
3189,景碩,523,388,135,國泰-敦南,2024-08-06,8888
00927,群益半導體收益,399,270,129,國泰-敦南,2024-08-06,8888
3024,憶聲,223,94,129,國泰-敦南,2024-08-06,8888
2892,第一金,302,188,114,國泰-敦南,2024-08-06,8888
2356,英業達,543,430,113,國泰-敦南,2024-08-06,8888
1802,台玻,150,43,107,國泰-敦南,2024-08-06,8888
8064,東捷,425,325,100,國泰-敦南,2024-08-06,8888
2365,昆盈,2098,1998,100,國泰-敦南,2024-08-06,8888
3227,原相,119,23,96,國泰-敦南,2024-08-06,8888
6698,旭暉應材,110,15,95,國泰-敦南,2024-08-06,8888
4306,炎洲,330,236,94,國泰-敦南,2024-08-06,8888
1805,寶徠,101,7,94,國泰-敦南,2024-08-06,8888
00850,元大臺灣ESG永續,147,56,91,國泰-敦南,2024-08-06,8888
1808,潤隆,150,60,90,國泰-敦南,2024-08-06,8888
6104,創惟,105,15,90,國泰-敦南,2024-08-06,8888
6219,富旺,155,66,89,國泰-敦南,2024-08-06,8888
9946,三發地產,157,69,88,國泰-敦南,2024-08-06,8888
00929,復華台灣科技優息,8003,4092,3911,國泰-敦南,2024-08-07,8888
00878,國泰永續高股息,5250,2575,2675,國泰-敦南,2024-08-07,8888
00679B,元大美債20年,3421,1955,1466,國泰-敦南,2024-08-07,8888
00919,群益台灣精選高息,2712,1490,1222,國泰-敦南,2024-08-07,8888
2834,臺企銀,1444,444,1000,國泰-敦南,2024-08-07,8888
2317,鴻海,2871,1995,876,國泰-敦南,2024-08-07,8888
00715L,期街口布蘭特正2,760,130,630,國泰-敦南,2024-08-07,8888
0056,元大高股息,1378,763,615,國泰-敦南,2024-08-07,8888
00940,元大台灣價值高息,3995,3408,587,國泰-敦南,2024-08-07,8888
2887,台新金,652,165,487,國泰-敦南,2024-08-07,8888
00948B,中信優息投資級債,640,164,476,國泰-敦南,2024-08-07,8888
00915,凱基優選高股息30,504,72,432,國泰-敦南,2024-08-07,8888
2409,友達,996,620,376,國泰-敦南,2024-08-07,8888
2312,金寶,1061,704,357,國泰-敦南,2024-08-07,8888
00891,中信關鍵半導體,490,164,326,國泰-敦南,2024-08-07,8888
00927,群益半導體收益,546,224,322,國泰-敦南,2024-08-07,8888
00881,國泰台灣5G+,976,662,314,國泰-敦南,2024-08-07,8888
00900,富邦特選高股息30,470,165,305,國泰-敦南,2024-08-07,8888
00676R,富邦臺灣加權反1,402,105,297,國泰-敦南,2024-08-07,8888
00830,國泰費城半導體,360,67,293,國泰-敦南,2024-08-07,8888
00942B,台新美A公司債20+,338,48,290,國泰-敦南,2024-08-07,8888
2886,兆豐金,466,220,246,國泰-敦南,2024-08-07,8888
6213,聯茂,454,221,233,國泰-敦南,2024-08-07,8888
1314,中石化,389,162,227,國泰-敦南,2024-08-07,8888
00945B,凱基美國非投等債,285,63,222,國泰-敦南,2024-08-07,8888
1785,光洋科,645,433,212,國泰-敦南,2024-08-07,8888
00936,台新永續高息中小,784,573,211,國泰-敦南,2024-08-07,8888
00712,復華富時不動產,758,553,205,國泰-敦南,2024-08-07,8888
00713,元大台灣高息低波,429,229,200,國泰-敦南,2024-08-07,8888
2408,南亞科,484,286,198,國泰-敦南,2024-08-07,8888
2382,廣達,817,629,188,國泰-敦南,2024-08-07,8888
3481,群創,1037,856,181,國泰-敦南,2024-08-07,8888
00905,FT臺灣Smart,328,151,177,國泰-敦南,2024-08-07,8888
1301,台塑,282,113,169,國泰-敦南,2024-08-07,8888
1540,喬福,3158,3015,143,國泰-敦南,2024-08-07,8888
00949,復華日本龍頭,372,230,142,國泰-敦南,2024-08-07,8888
00733,富邦臺灣中小,225,88,137,國泰-敦南,2024-08-07,8888
00918,大華優利高填息30,301,169,132,國泰-敦南,2024-08-07,8888
00631L,元大台灣50正2,456,330,126,國泰-敦南,2024-08-07,8888
00935,野村臺灣新科技50,332,209,123,國泰-敦南,2024-08-07,8888
5880,合庫金,197,87,110,國泰-敦南,2024-08-07,8888
00947,台新臺灣IC設計,154,48,106,國泰-敦南,2024-08-07,8888
6274,台燿,289,189,100,國泰-敦南,2024-08-07,8888
3019,亞光,900,806,94,國泰-敦南,2024-08-07,8888
9105,泰金寶-DR,920,827,93,國泰-敦南,2024-08-07,8888
00757,統一FANG+,138,47,91,國泰-敦南,2024-08-07,8888
6581,鋼聯,91,1,90,國泰-敦南,2024-08-07,8888
2501,國建,242,152,90,國泰-敦南,2024-08-07,8888
6431,光麗-KY,92,3,89,國泰-敦南,2024-08-07,8888
2337,旺宏,473,386,87,國泰-敦南,2024-08-07,8888
00929,復華台灣科技優息,7733,2260,5473,國泰-敦南,2024-08-08,8888
00878,國泰永續高股息,5597,944,4653,國泰-敦南,2024-08-08,8888
00937B,群益ESG投等債20,5749,3045,2704,國泰-敦南,2024-08-08,8888
00632R,元大台灣50反1,10411,8642,1769,國泰-敦南,2024-08-08,8888
2834,臺企銀,1881,137,1744,國泰-敦南,2024-08-08,8888
00679B,元大美債20年,2487,989,1498,國泰-敦南,2024-08-08,8888
00688L,國泰20年美債正2,1908,411,1497,國泰-敦南,2024-08-08,8888
2886,兆豐金,1494,167,1327,國泰-敦南,2024-08-08,8888
2317,鴻海,2763,1450,1313,國泰-敦南,2024-08-08,8888
00919,群益台灣精選高息,2213,977,1236,國泰-敦南,2024-08-08,8888
00940,元大台灣價值高息,2132,1058,1074,國泰-敦南,2024-08-08,8888
00680L,元大美債20正2,1949,930,1019,國泰-敦南,2024-08-08,8888
00795B,中信美國公債20年,878,95,783,國泰-敦南,2024-08-08,8888
0056,元大高股息,1308,543,765,國泰-敦南,2024-08-08,8888
2892,第一金,758,16,742,國泰-敦南,2024-08-08,8888
00933B,國泰10Y+金融債,839,152,687,國泰-敦南,2024-08-08,8888
00881,國泰台灣5G+,1222,546,676,國泰-敦南,2024-08-08,8888
00946,群益科技高息成長,808,185,623,國泰-敦南,2024-08-08,8888
2615,萬海,1558,1097,461,國泰-敦南,2024-08-08,8888
006208,富邦台50,638,223,415,國泰-敦南,2024-08-08,8888
2382,廣達,781,391,390,國泰-敦南,2024-08-08,8888
00830,國泰費城半導體,445,67,378,國泰-敦南,2024-08-08,8888
2515,中工,535,174,361,國泰-敦南,2024-08-08,8888
00720B,元大投資級公司債,439,85,354,國泰-敦南,2024-08-08,8888
00936,台新永續高息中小,688,335,353,國泰-敦南,2024-08-08,8888
2349,錸德,1849,1506,343,國泰-敦南,2024-08-08,8888
00915,凱基優選高股息30,404,61,343,國泰-敦南,2024-08-08,8888
2609,陽明,783,443,340,國泰-敦南,2024-08-08,8888
4510,高鋒,2637,2300,337,國泰-敦南,2024-08-08,8888
2618,長榮航,471,139,332,國泰-敦南,2024-08-08,8888
00900,富邦特選高股息30,345,23,322,國泰-敦南,2024-08-08,8888
00941,中信上游半導體,373,52,321,國泰-敦南,2024-08-08,8888
6770,力積電,353,39,314,國泰-敦南,2024-08-08,8888
00948B,中信優息投資級債,418,107,311,國泰-敦南,2024-08-08,8888
0050,元大台灣50,566,265,301,國泰-敦南,2024-08-08,8888
00923,群益台ESG低碳50,393,106,287,國泰-敦南,2024-08-08,8888
00932,兆豐永續高息等權,306,47,259,國泰-敦南,2024-08-08,8888
00951,台新日本半導體,320,91,229,國泰-敦南,2024-08-08,8888
2330,台積電,488,264,224,國泰-敦南,2024-08-08,8888
2365,昆盈,4872,4649,223,國泰-敦南,2024-08-08,8888
00675L,富邦臺灣加權正2,503,298,205,國泰-敦南,2024-08-08,8888
00927,群益半導體收益,265,62,203,國泰-敦南,2024-08-08,8888
2888,新光金,814,611,203,國泰-敦南,2024-08-08,8888
00687B,國泰20年美債,1917,1726,191,國泰-敦南,2024-08-08,8888
00631L,元大台灣50正2,475,294,181,國泰-敦南,2024-08-08,8888
2489,瑞軒,1091,923,168,國泰-敦南,2024-08-08,8888
00918,大華優利高填息30,232,65,167,國泰-敦南,2024-08-08,8888
1540,喬福,2412,2248,164,國泰-敦南,2024-08-08,8888
3231,緯創,666,504,162,國泰-敦南,2024-08-08,8888
2897A,王道銀甲特,159,0,159,國泰-敦南,2024-08-08,8888
00937B,群益ESG投等債20,8979,2905,6074,國泰-敦南,2024-08-09,8888
00929,復華台灣科技優息,7293,3976,3317,國泰-敦南,2024-08-09,8888
00679B,元大美債20年,3306,1276,2030,國泰-敦南,2024-08-09,8888
00948B,中信優息投資級債,2209,185,2024,國泰-敦南,2024-08-09,8888
00795B,中信美國公債20年,1416,58,1358,國泰-敦南,2024-08-09,8888
00680L,元大美債20正2,2322,1133,1189,國泰-敦南,2024-08-09,8888
00951,台新日本半導體,1082,96,986,國泰-敦南,2024-08-09,8888
00933B,國泰10Y+金融債,1146,298,848,國泰-敦南,2024-08-09,8888
00688L,國泰20年美債正2,1537,1031,506,國泰-敦南,2024-08-09,8888
2834,臺企銀,719,215,504,國泰-敦南,2024-08-09,8888
00936,台新永續高息中小,766,278,488,國泰-敦南,2024-08-09,8888
2515,中工,788,308,480,國泰-敦南,2024-08-09,8888
2489,瑞軒,1971,1550,421,國泰-敦南,2024-08-09,8888
00900,富邦特選高股息30,586,180,406,國泰-敦南,2024-08-09,8888
00878,國泰永續高股息,3014,2641,373,國泰-敦南,2024-08-09,8888
2365,昆盈,5581,5235,346,國泰-敦南,2024-08-09,8888
00725B,國泰投資級公司債,426,87,339,國泰-敦南,2024-08-09,8888
00664R,國泰臺灣加權反1,418,137,281,國泰-敦南,2024-08-09,8888
00720B,元大投資級公司債,391,111,280,國泰-敦南,2024-08-09,8888
00932,兆豐永續高息等權,285,34,251,國泰-敦南,2024-08-09,8888
00945B,凱基美國非投等債,273,25,248,國泰-敦南,2024-08-09,8888
2353,宏��,532,304,228,國泰-敦南,2024-08-09,8888
6603,富強鑫,754,532,222,國泰-敦南,2024-08-09,8888
3715,定穎投控,1288,1070,218,國泰-敦南,2024-08-09,8888
2486,一詮,565,353,212,國泰-敦南,2024-08-09,8888
3522,御嵿,362,166,196,國泰-敦南,2024-08-09,8888
2349,錸德,1545,1364,181,國泰-敦南,2024-08-09,8888
00772B,中信高評級公司債,194,20,174,國泰-敦南,2024-08-09,8888
00949,復華日本龍頭,252,79,173,國泰-敦南,2024-08-09,8888
8096,擎亞,734,562,172,國泰-敦南,2024-08-09,8888
2880,華南金,230,61,169,國泰-敦南,2024-08-09,8888
3450,聯鈞,1031,863,168,國泰-敦南,2024-08-09,8888
2897A,王道銀甲特,161,0,161,國泰-敦南,2024-08-09,8888
00931B,統一美債20年,334,183,151,國泰-敦南,2024-08-09,8888
2356,英業達,572,423,149,國泰-敦南,2024-08-09,8888
00665L,富邦�琤肭磪囓�2,1300,1153,147,國泰-敦南,2024-08-09,8888
2313,華通,348,202,146,國泰-敦南,2024-08-09,8888
2892,第一金,195,52,143,國泰-敦南,2024-08-09,8888
3189,景碩,462,330,132,國泰-敦南,2024-08-09,8888
00713,元大台灣高息低波,315,184,131,國泰-敦南,2024-08-09,8888
4174,浩鼎,402,276,126,國泰-敦南,2024-08-09,8888
4909,新復興,601,476,125,國泰-敦南,2024-08-09,8888
3037,欣興,604,480,124,國泰-敦南,2024-08-09,8888
2464,盟立,1310,1192,118,國泰-敦南,2024-08-09,8888
2609,陽明,966,848,118,國泰-敦南,2024-08-09,8888
5443,均豪,1187,1074,113,國泰-敦南,2024-08-09,8888
1536,和大,323,213,110,國泰-敦南,2024-08-09,8888
00642U,期元大S＆P石油,145,36,109,國泰-敦南,2024-08-09,8888
2886,兆豐金,309,202,107,國泰-敦南,2024-08-09,8888
3044,健鼎,171,69,102,國泰-敦南,2024-08-09,8888
00679B,元大美債20年,3140,578,2562,國泰-敦南,2024-08-12,8888
00632R,元大台灣50反1,8927,6637,2290,國泰-敦南,2024-08-12,8888
00878,國泰永續高股息,3802,2025,1777,國泰-敦南,2024-08-12,8888
00929,復華台灣科技優息,3759,2431,1328,國泰-敦南,2024-08-12,8888
00795B,中信美國公債20年,1319,54,1265,國泰-敦南,2024-08-12,8888
00688L,國泰20年美債正2,1617,370,1247,國泰-敦南,2024-08-12,8888
00680L,元大美債20正2,2255,1143,1112,國泰-敦南,2024-08-12,8888
00937B,群益ESG投等債20,3085,2029,1056,國泰-敦南,2024-08-12,8888
2312,金寶,3845,2830,1015,國泰-敦南,2024-08-12,8888
00687B,國泰20年美債,2261,1398,863,國泰-敦南,2024-08-12,8888
00900,富邦特選高股息30,1063,204,859,國泰-敦南,2024-08-12,8888
2891,中信金,963,181,782,國泰-敦南,2024-08-12,8888
00948B,中信優息投資級債,812,159,653,國泰-敦南,2024-08-12,8888
1101,台泥,566,61,505,國泰-敦南,2024-08-12,8888
00936,台新永續高息中小,858,396,462,國泰-敦南,2024-08-12,8888
00933B,國泰10Y+金融債,788,348,440,國泰-敦南,2024-08-12,8888
2812,台中銀,362,60,302,國泰-敦南,2024-08-12,8888
2359,所羅門,1563,1266,297,國泰-敦南,2024-08-12,8888
3535,晶彩科,520,227,293,國泰-敦南,2024-08-12,8888
00945B,凱基美國非投等債,343,61,282,國泰-敦南,2024-08-12,8888
8374,羅昇,1101,848,253,國泰-敦南,2024-08-12,8888
4562,穎漢,1801,1556,245,國泰-敦南,2024-08-12,8888
00909,國泰數位支付服務,235,10,225,國泰-敦南,2024-08-12,8888
4513,福裕,720,497,223,國泰-敦南,2024-08-12,8888
00881,國泰台灣5G+,934,722,212,國泰-敦南,2024-08-12,8888
2883B,凱基金乙特,202,0,202,國泰-敦南,2024-08-12,8888
00907,永豐優息存股,232,29,203,國泰-敦南,2024-08-12,8888
6215,和椿,708,514,194,國泰-敦南,2024-08-12,8888
1597,直得,808,616,192,國泰-敦南,2024-08-12,8888
00932,兆豐永續高息等權,264,81,183,國泰-敦南,2024-08-12,8888
1513,中興電,849,670,179,國泰-敦南,2024-08-12,8888
00650L,復華香港正2,266,95,171,國泰-敦南,2024-08-12,8888
3663,鑫科,1712,1546,166,國泰-敦南,2024-08-12,8888
00902,中信電池及儲能,179,15,164,國泰-敦南,2024-08-12,8888
2880,華南金,232,69,163,國泰-敦南,2024-08-12,8888
00706L,期元大S＆P日圓正2,179,17,162,國泰-敦南,2024-08-12,8888
00664R,國泰臺灣加權反1,175,24,151,國泰-敦南,2024-08-12,8888
4303,信立,280,131,149,國泰-敦南,2024-08-12,8888
9105,泰金寶-DR,916,785,131,國泰-敦南,2024-08-12,8888
3047,訊舟,635,514,121,國泰-敦南,2024-08-12,8888
4533,協易機,543,424,119,國泰-敦南,2024-08-12,8888
3024,憶聲,387,269,118,國泰-敦南,2024-08-12,8888
1608,華榮,279,162,117,國泰-敦南,2024-08-12,8888
2409,友達,270,156,114,國泰-敦南,2024-08-12,8888
2834,臺企銀,206,95,111,國泰-敦南,2024-08-12,8888
2883,凱基金,417,310,107,國泰-敦南,2024-08-12,8888
00923,群益台ESG低碳50,255,149,106,國泰-敦南,2024-08-12,8888
1314,中石化,160,60,100,國泰-敦南,2024-08-12,8888
2885,元大金,129,33,96,國泰-敦南,2024-08-12,8888
5880,合庫金,140,44,96,國泰-敦南,2024-08-12,8888
00632R,元大台灣50反1,6454,3208,3246,國泰-敦南,2024-08-13,8888
00929,復華台灣科技優息,4472,1763,2709,國泰-敦南,2024-08-13,8888
00878,國泰永續高股息,3609,1181,2428,國泰-敦南,2024-08-13,8888
00679B,元大美債20年,2283,438,1845,國泰-敦南,2024-08-13,8888
00948B,中信優息投資級債,2028,254,1774,國泰-敦南,2024-08-13,8888
2880,華南金,1554,160,1394,國泰-敦南,2024-08-13,8888
00795B,中信美國公債20年,1293,71,1222,國泰-敦南,2024-08-13,8888
00881,國泰台灣5G+,1636,451,1185,國泰-敦南,2024-08-13,8888
00687B,國泰20年美債,1971,815,1156,國泰-敦南,2024-08-13,8888
00712,復華富時不動產,1404,320,1084,國泰-敦南,2024-08-13,8888
00688L,國泰20年美債正2,1392,313,1079,國泰-敦南,2024-08-13,8888
00937B,群益ESG投等債20,3340,2275,1065,國泰-敦南,2024-08-13,8888
00680L,元大美債20正2,1474,510,964,國泰-敦南,2024-08-13,8888
00919,群益台灣精選高息,1409,587,822,國泰-敦南,2024-08-13,8888
2615,萬海,1956,1211,745,國泰-敦南,2024-08-13,8888
00936,台新永續高息中小,719,83,636,國泰-敦南,2024-08-13,8888
00673R,期元大S＆P原油反1,615,5,610,國泰-敦南,2024-08-13,8888
00900,富邦特選高股息30,756,164,592,國泰-敦南,2024-08-13,8888
2886,兆豐金,596,32,564,國泰-敦南,2024-08-13,8888
2891,中信金,678,254,424,國泰-敦南,2024-08-13,8888
2834,臺企銀,469,45,424,國泰-敦南,2024-08-13,8888
2609,陽明,1201,802,399,國泰-敦南,2024-08-13,8888
1513,中興電,889,581,308,國泰-敦南,2024-08-13,8888
3013,晟銘電,2010,1704,306,國泰-敦南,2024-08-13,8888
00664R,國泰臺灣加權反1,502,252,250,國泰-敦南,2024-08-13,8888
3481,群創,826,577,249,國泰-敦南,2024-08-13,8888
0056,元大高股息,571,348,223,國泰-敦南,2024-08-13,8888
00932,兆豐永續高息等權,293,72,221,國泰-敦南,2024-08-13,8888
2486,一詮,576,356,220,國泰-敦南,2024-08-13,8888
1314,中石化,311,93,218,國泰-敦南,2024-08-13,8888
2812,台中銀,221,19,202,國泰-敦南,2024-08-13,8888
3062,建漢,1527,1328,199,國泰-敦南,2024-08-13,8888
4566,時碩工業,725,556,169,國泰-敦南,2024-08-13,8888
1301,台塑,245,78,167,國泰-敦南,2024-08-13,8888
00933B,國泰10Y+金融債,626,461,165,國泰-敦南,2024-08-13,8888
00907,永豐優息存股,198,35,163,國泰-敦南,2024-08-13,8888
2610,華航,393,234,159,國泰-敦南,2024-08-13,8888
2382,廣達,481,324,157,國泰-敦南,2024-08-13,8888
3231,緯創,545,388,157,國泰-敦南,2024-08-13,8888
2892,第一金,177,24,153,國泰-敦南,2024-08-13,8888
6505,台塑化,189,38,151,國泰-敦南,2024-08-13,8888
1316,上曜,255,107,148,國泰-敦南,2024-08-13,8888
00946,群益科技高息成長,480,334,146,國泰-敦南,2024-08-13,8888
2884,玉山金,203,65,138,國泰-敦南,2024-08-13,8888
2356,英業達,455,319,136,國泰-敦南,2024-08-13,8888
2359,所羅門,1506,1371,135,國泰-敦南,2024-08-13,8888
00706L,期元大S＆P日圓正2,238,113,125,國泰-敦南,2024-08-13,8888
00665L,富邦�琤肭磪囓�2,506,389,117,國泰-敦南,2024-08-13,8888
00713,元大台灣高息低波,236,120,116,國泰-敦南,2024-08-13,8888
9945,潤泰新,277,175,102,國泰-敦南,2024-08-13,8888
00687B,國泰20年美債,3705,831,2874,國泰-敦南,2024-08-14,8888
00679B,元大美債20年,2554,636,1918,國泰-敦南,2024-08-14,8888
00680L,元大美債20正2,2615,699,1916,國泰-敦南,2024-08-14,8888
00929,復華台灣科技優息,4599,2840,1759,國泰-敦南,2024-08-14,8888
00632R,元大台灣50反1,7014,5445,1569,國泰-敦南,2024-08-14,8888
00878,國泰永續高股息,3392,1841,1551,國泰-敦南,2024-08-14,8888
00948B,中信優息投資級債,1735,440,1295,國泰-敦南,2024-08-14,8888
00688L,國泰20年美債正2,2284,1162,1122,國泰-敦南,2024-08-14,8888
00795B,中信美國公債20年,1002,135,867,國泰-敦南,2024-08-14,8888
00936,台新永續高息中小,1281,458,823,國泰-敦南,2024-08-14,8888
00881,國泰台灣5G+,1411,596,815,國泰-敦南,2024-08-14,8888
00900,富邦特選高股息30,1107,363,744,國泰-敦南,2024-08-14,8888
8096,擎亞,2997,2397,600,國泰-敦南,2024-08-14,8888
3481,群創,1320,901,419,國泰-敦南,2024-08-14,8888
00715L,期街口布蘭特正2,666,299,367,國泰-敦南,2024-08-14,8888
1101,台泥,702,413,289,國泰-敦南,2024-08-14,8888
2356,英業達,895,613,282,國泰-敦南,2024-08-14,8888
2888,新光金,1216,938,278,國泰-敦南,2024-08-14,8888
00712,復華富時不動產,439,183,256,國泰-敦南,2024-08-14,8888
4562,穎漢,2282,2041,241,國泰-敦南,2024-08-14,8888
2615,萬海,1159,942,217,國泰-敦南,2024-08-14,8888
4958,臻鼎-KY,331,114,217,國泰-敦南,2024-08-14,8888
00945B,凱基美國非投等債,228,18,210,國泰-敦南,2024-08-14,8888
00664R,國泰臺灣加權反1,410,202,208,國泰-敦南,2024-08-14,8888
2515,中工,381,180,201,國泰-敦南,2024-08-14,8888
00882,中信中國高股息,400,203,197,國泰-敦南,2024-08-14,8888
2464,盟立,854,668,186,國泰-敦南,2024-08-14,8888
2801,彰銀,227,41,186,國泰-敦南,2024-08-14,8888
4513,福裕,1059,880,179,國泰-敦南,2024-08-14,8888
1584,精剛,284,117,167,國泰-敦南,2024-08-14,8888
4526,東台,410,244,166,國泰-敦南,2024-08-14,8888
3048,益登,388,224,164,國泰-敦南,2024-08-14,8888
3019,亞光,1421,1259,162,國泰-敦南,2024-08-14,8888
5880,合庫金,315,159,156,國泰-敦南,2024-08-14,8888
8043,蜜望實,709,556,153,國泰-敦南,2024-08-14,8888
2427,三商電,215,65,150,國泰-敦南,2024-08-14,8888
2349,錸德,832,702,130,國泰-敦南,2024-08-14,8888
00719B,元大美債1-3,141,13,128,國泰-敦南,2024-08-14,8888
8071,能率網通,443,325,118,國泰-敦南,2024-08-14,8888
00933B,國泰10Y+金融債,397,284,113,國泰-敦南,2024-08-14,8888
00675L,富邦臺灣加權正2,440,328,112,國泰-敦南,2024-08-14,8888
6215,和椿,1179,1067,112,國泰-敦南,2024-08-14,8888
2408,南亞科,197,85,112,國泰-敦南,2024-08-14,8888
1321,大洋,125,18,107,國泰-敦南,2024-08-14,8888
00947,台新臺灣IC設計,170,63,107,國泰-敦南,2024-08-14,8888
3450,聯鈞,568,467,101,國泰-敦南,2024-08-14,8888
3303,岱稜,563,462,101,國泰-敦南,2024-08-14,8888
4716,大立,135,40,95,國泰-敦南,2024-08-14,8888
2243,宏旭-KY,232,138,94,國泰-敦南,2024-08-14,8888
00857B,永豐20年美公債,130,37,93,國泰-敦南,2024-08-14,8888
00687B,國泰20年美債,7632,852,6780,國泰-敦南,2024-08-15,8888
00878,國泰永續高股息,7420,1930,5490,國泰-敦南,2024-08-15,8888
00679B,元大美債20年,5007,1245,3762,國泰-敦南,2024-08-15,8888
00900,富邦特選高股息30,3827,403,3424,國泰-敦南,2024-08-15,8888
00688L,國泰20年美債正2,3400,896,2504,國泰-敦南,2024-08-15,8888
00795B,中信美國公債20年,2329,314,2015,國泰-敦南,2024-08-15,8888
00929,復華台灣科技優息,4704,2943,1761,國泰-敦南,2024-08-15,8888
00881,國泰台灣5G+,2391,644,1747,國泰-敦南,2024-08-15,8888
00632R,元大台灣50反1,5250,3587,1663,國泰-敦南,2024-08-15,8888
00948B,中信優息投資級債,2122,534,1588,國泰-敦南,2024-08-15,8888
2801,彰銀,969,43,926,國泰-敦南,2024-08-15,8888
9105,泰金寶-DR,1466,636,830,國泰-敦南,2024-08-15,8888
00680L,元大美債20正2,2630,1952,678,國泰-敦南,2024-08-15,8888
00936,台新永續高息中小,753,276,477,國泰-敦南,2024-08-15,8888
00945B,凱基美國非投等債,478,11,467,國泰-敦南,2024-08-15,8888
00933B,國泰10Y+金融債,717,274,443,國泰-敦南,2024-08-15,8888
2886,兆豐金,530,88,442,國泰-敦南,2024-08-15,8888
1101,台泥,637,220,417,國泰-敦南,2024-08-15,8888
2002,中鋼,391,67,324,國泰-敦南,2024-08-15,8888
2891,中信金,506,210,296,國泰-敦南,2024-08-15,8888
00923,群益台ESG低碳50,391,115,276,國泰-敦南,2024-08-15,8888
3663,鑫科,1758,1483,275,國泰-敦南,2024-08-15,8888
00932,兆豐永續高息等權,320,49,271,國泰-敦南,2024-08-15,8888
8374,羅昇,1648,1386,262,國泰-敦南,2024-08-15,8888
2892,第一金,301,40,261,國泰-敦南,2024-08-15,8888
4562,穎漢,1660,1425,235,國泰-敦南,2024-08-15,8888
4540,全球傳動,1331,1108,223,國泰-敦南,2024-08-15,8888
2884,玉山金,285,86,199,國泰-敦南,2024-08-15,8888
2317,鴻海,1599,1405,194,國泰-敦南,2024-08-15,8888
5880,合庫金,395,207,188,國泰-敦南,2024-08-15,8888
2312,金寶,1118,934,184,國泰-敦南,2024-08-15,8888
2885,元大金,189,31,158,國泰-敦南,2024-08-15,8888
2834,臺企銀,374,220,154,國泰-敦南,2024-08-15,8888
00891,中信關鍵半導體,287,135,152,國泰-敦南,2024-08-15,8888
2887,台新金,226,79,147,國泰-敦南,2024-08-15,8888
00673R,期元大S＆P原油反1,219,78,141,國泰-敦南,2024-08-15,8888
4566,時碩工業,778,640,138,國泰-敦南,2024-08-15,8888
00671R,富邦NASDAQ反1,140,2,138,國泰-敦南,2024-08-15,8888
00731,復華富時高息低波,155,23,132,國泰-敦南,2024-08-15,8888
4555,氣立,212,81,131,國泰-敦南,2024-08-15,8888
1301,台塑,160,38,122,國泰-敦南,2024-08-15,8888
2365,昆盈,1685,1568,117,國泰-敦南,2024-08-15,8888
00915,凱基優選高股息30,239,122,117,國泰-敦南,2024-08-15,8888
00676R,富邦臺灣加權反1,222,105,117,國泰-敦南,2024-08-15,8888
9945,潤泰新,450,336,114,國泰-敦南,2024-08-15,8888
2352,佳世達,262,149,113,國泰-敦南,2024-08-15,8888
1321,大洋,204,96,108,國泰-敦南,2024-08-15,8888
2208,台船,163,56,107,國泰-敦南,2024-08-15,8888
6152,百一,115,10,105,國泰-敦南,2024-08-15,8888
00931B,統一美債20年,278,176,102,國泰-敦南,2024-08-15,8888
00687B,國泰20年美債,6931,1532,5399,國泰-敦南,2024-08-16,8888
00878,國泰永續高股息,4658,2514,2144,國泰-敦南,2024-08-16,8888
00929,復華台灣科技優息,4146,2258,1888,國泰-敦南,2024-08-16,8888
00688L,國泰20年美債正2,2246,768,1478,國泰-敦南,2024-08-16,8888
00795B,中信美國公債20年,1883,556,1327,國泰-敦南,2024-08-16,8888
00679B,元大美債20年,3137,1901,1236,國泰-敦南,2024-08-16,8888
00680L,元大美債20正2,2238,1080,1158,國泰-敦南,2024-08-16,8888
2489,瑞軒,1421,865,556,國泰-敦南,2024-08-16,8888
8096,擎亞,3412,2915,497,國泰-敦南,2024-08-16,8888
00948B,中信優息投資級債,806,357,449,國泰-敦南,2024-08-16,8888
00936,台新永續高息中小,746,317,429,國泰-敦南,2024-08-16,8888
00900,富邦特選高股息30,946,588,358,國泰-敦南,2024-08-16,8888
1785,光洋科,1035,694,341,國泰-敦南,2024-08-16,8888
3211,順達,333,41,292,國泰-敦南,2024-08-16,8888
00772B,中信高評級公司債,364,73,291,國泰-敦南,2024-08-16,8888
2867,三商壽,542,265,277,國泰-敦南,2024-08-16,8888
2845,遠東銀,329,59,270,國泰-敦南,2024-08-16,8888
00881,國泰台灣5G+,1242,987,255,國泰-敦南,2024-08-16,8888
00945B,凱基美國非投等債,257,11,246,國泰-敦南,2024-08-16,8888
2323,中環,1543,1307,236,國泰-敦南,2024-08-16,8888
5905,南仁湖,453,221,232,國泰-敦南,2024-08-16,8888
3663,鑫科,1049,830,219,國泰-敦南,2024-08-16,8888
00942B,台新美A公司債20+,237,20,217,國泰-敦南,2024-08-16,8888
00932,兆豐永續高息等權,252,47,205,國泰-敦南,2024-08-16,8888
00931B,統一美債20年,435,249,186,國泰-敦南,2024-08-16,8888
00706L,期元大S＆P日圓正2,425,251,174,國泰-敦南,2024-08-16,8888
1609,大亞,325,160,165,國泰-敦南,2024-08-16,8888
8043,蜜望實,607,444,163,國泰-敦南,2024-08-16,8888
2002,中鋼,390,237,153,國泰-敦南,2024-08-16,8888
00857B,永豐20年美公債,229,76,153,國泰-敦南,2024-08-16,8888
00676R,富邦臺灣加權反1,264,113,151,國泰-敦南,2024-08-16,8888
2062,橋椿,1090,939,151,國泰-敦南,2024-08-16,8888
00773B,中信優先金融債,143,1,142,國泰-敦南,2024-08-16,8888
00673R,期元大S＆P原油反1,146,5,141,國泰-敦南,2024-08-16,8888
2208,台船,176,56,120,國泰-敦南,2024-08-16,8888
4716,大立,138,22,116,國泰-敦南,2024-08-16,8888
00933B,國泰10Y+金融債,503,388,115,國泰-敦南,2024-08-16,8888
2069,運錩,133,20,113,國泰-敦南,2024-08-16,8888
6187,萬潤,701,590,111,國泰-敦南,2024-08-16,8888
00915,凱基優選高股息30,196,85,111,國泰-敦南,2024-08-16,8888
4555,氣立,216,105,111,國泰-敦南,2024-08-16,8888
6442,光聖,234,131,103,國泰-敦南,2024-08-16,8888
00731,復華富時高息低波,130,27,103,國泰-敦南,2024-08-16,8888
6133,金橋,115,19,96,國泰-敦南,2024-08-16,8888
00951,台新日本半導體,320,228,92,國泰-敦南,2024-08-16,8888
00713,元大台灣高息低波,210,118,92,國泰-敦南,2024-08-16,8888
1326,台化,116,28,88,國泰-敦南,2024-08-16,8888
8936,國統,122,36,86,國泰-敦南,2024-08-16,8888
1301,台塑,215,130,85,國泰-敦南,2024-08-16,8888
00764B,群益25年美債,106,24,82,國泰-敦南,2024-08-16,8888
00687B,國泰20年美債,6727,950,5777,國泰-敦南,2024-08-19,8888
00929,復華台灣科技優息,6388,3065,3323,國泰-敦南,2024-08-19,8888
00937B,群益ESG投等債20,4465,1695,2770,國泰-敦南,2024-08-19,8888
00795B,中信美國公債20年,1399,236,1163,國泰-敦南,2024-08-19,8888
2888,新光金,2243,1301,942,國泰-敦南,2024-08-19,8888
5905,南仁湖,1541,731,810,國泰-敦南,2024-08-19,8888
3047,訊舟,3840,3039,801,國泰-敦南,2024-08-19,8888
00679B,元大美債20年,2113,1331,782,國泰-敦南,2024-08-19,8888
00948B,中信優息投資級債,1278,543,735,國泰-敦南,2024-08-19,8888
00650L,復華香港正2,796,80,716,國泰-敦南,2024-08-19,8888
00882,中信中國高股息,866,194,672,國泰-敦南,2024-08-19,8888
00688L,國泰20年美債正2,1258,646,612,國泰-敦南,2024-08-19,8888
00706L,期元大S＆P日圓正2,795,193,602,國泰-敦南,2024-08-19,8888
00933B,國泰10Y+金融債,931,352,579,國泰-敦南,2024-08-19,8888
00715L,期街口布蘭特正2,651,170,481,國泰-敦南,2024-08-19,8888
8028,昇陽半導體,1782,1334,448,國泰-敦南,2024-08-19,8888
00936,台新永續高息中小,621,212,409,國泰-敦南,2024-08-19,8888
00665L,富邦�琤肭磪囓�2,1105,730,375,國泰-敦南,2024-08-19,8888
2359,所羅門,2226,1858,368,國泰-敦南,2024-08-19,8888
2002,中鋼,597,241,356,國泰-敦南,2024-08-19,8888
00923,群益台ESG低碳50,547,218,329,國泰-敦南,2024-08-19,8888
00712,復華富時不動產,552,252,300,國泰-敦南,2024-08-19,8888
00900,富邦特選高股息30,588,295,293,國泰-敦南,2024-08-19,8888
00680L,元大美債20正2,1304,1017,287,國泰-敦南,2024-08-19,8888
2881,富邦金,305,75,230,國泰-敦南,2024-08-19,8888
00753L,中信中國50正2,384,157,227,國泰-敦南,2024-08-19,8888
00945B,凱基美國非投等債,421,200,221,國泰-敦南,2024-08-19,8888
00907,永豐優息存股,282,65,217,國泰-敦南,2024-08-19,8888
6188,廣明,699,494,205,國泰-敦南,2024-08-19,8888
00731,復華富時高息低波,233,29,204,國泰-敦南,2024-08-19,8888
5452,佶優,536,336,200,國泰-敦南,2024-08-19,8888
2062,橋椿,830,636,194,國泰-敦南,2024-08-19,8888
2354,鴻準,468,300,168,國泰-敦南,2024-08-19,8888
2845,遠東銀,179,11,168,國泰-敦南,2024-08-19,8888
8096,擎亞,1256,1092,164,國泰-敦南,2024-08-19,8888
2886,兆豐金,210,47,163,國泰-敦南,2024-08-19,8888
3019,亞光,1271,1116,155,國泰-敦南,2024-08-19,8888
2883,凱基金,378,224,154,國泰-敦南,2024-08-19,8888
00713,元大台灣高息低波,319,166,153,國泰-敦南,2024-08-19,8888
2405,輔信,426,277,149,國泰-敦南,2024-08-19,8888
6207,雷科,634,486,148,國泰-敦南,2024-08-19,8888
5484,慧友,290,143,147,國泰-敦南,2024-08-19,8888
9904,寶成,169,26,143,國泰-敦南,2024-08-19,8888
1101,台泥,198,55,143,國泰-敦南,2024-08-19,8888
1463,強盛新,145,3,142,國泰-敦南,2024-08-19,8888
5371,中光電,339,201,138,國泰-敦南,2024-08-19,8888
00915,凱基優選高股息30,197,63,134,國泰-敦南,2024-08-19,8888
3013,晟銘電,1098,964,134,國泰-敦南,2024-08-19,8888
00675L,富邦臺灣加權正2,268,149,119,國泰-敦南,2024-08-19,8888
00864B,中信美國公債0-1,355,239,116,國泰-敦南,2024-08-19,8888
00687B,國泰20年美債,4560,782,3778,國泰-敦南,2024-08-20,8888
00937B,群益ESG投等債20,4279,2006,2273,國泰-敦南,2024-08-20,8888
00929,復華台灣科技優息,4239,2174,2065,國泰-敦南,2024-08-20,8888
00715L,期街口布蘭特正2,1904,242,1662,國泰-敦南,2024-08-20,8888
00680L,元大美債20正2,2113,1068,1045,國泰-敦南,2024-08-20,8888
00919,群益台灣精選高息,1901,880,1021,國泰-敦南,2024-08-20,8888
00679B,元大美債20年,1922,967,955,國泰-敦南,2024-08-20,8888
00923,群益台ESG低碳50,978,201,777,國泰-敦南,2024-08-20,8888
2317,鴻海,1571,854,717,國泰-敦南,2024-08-20,8888
00933B,國泰10Y+金融債,1090,383,707,國泰-敦南,2024-08-20,8888
00688L,國泰20年美債正2,1135,434,701,國泰-敦南,2024-08-20,8888
00665L,富邦�琤肭磪囓�2,1446,865,581,國泰-敦南,2024-08-20,8888
00795B,中信美國公債20年,708,128,580,國泰-敦南,2024-08-20,8888
00948B,中信優息投資級債,835,313,522,國泰-敦南,2024-08-20,8888
00650L,復華香港正2,584,84,500,國泰-敦南,2024-08-20,8888
2891,中信金,611,146,465,國泰-敦南,2024-08-20,8888
2374,佳能,1488,1046,442,國泰-敦南,2024-08-20,8888
00936,台新永續高息中小,712,277,435,國泰-敦南,2024-08-20,8888
3312,弘憶股,1264,861,403,國泰-敦南,2024-08-20,8888
00706L,期元大S＆P日圓正2,472,106,366,國泰-敦南,2024-08-20,8888
2356,英業達,981,617,364,國泰-敦南,2024-08-20,8888
2365,昆盈,2240,1950,290,國泰-敦南,2024-08-20,8888
00907,永豐優息存股,311,27,284,國泰-敦南,2024-08-20,8888
00642U,期元大S＆P石油,245,5,240,國泰-敦南,2024-08-20,8888
00945B,凱基美國非投等債,266,30,236,國泰-敦南,2024-08-20,8888
2537,聯上發,455,226,229,國泰-敦南,2024-08-20,8888
5392,能率,598,372,226,國泰-敦南,2024-08-20,8888
00878,國泰永續高股息,1388,1186,202,國泰-敦南,2024-08-20,8888
2520,冠德,430,237,193,國泰-敦南,2024-08-20,8888
2417,圓剛,591,403,188,國泰-敦南,2024-08-20,8888
2882,國泰金,339,153,186,國泰-敦南,2024-08-20,8888
2409,友達,367,189,178,國泰-敦南,2024-08-20,8888
2515,中工,687,520,167,國泰-敦南,2024-08-20,8888
00954,中信日本半導體,197,31,166,國泰-敦南,2024-08-20,8888
3580,友威科,814,656,158,國泰-敦南,2024-08-20,8888
5905,南仁湖,1116,960,156,國泰-敦南,2024-08-20,8888
00731,復華富時高息低波,204,56,148,國泰-敦南,2024-08-20,8888
5484,慧友,376,230,146,國泰-敦南,2024-08-20,8888
00915,凱基優選高股息30,226,84,142,國泰-敦南,2024-08-20,8888
4174,浩鼎,472,332,140,國泰-敦南,2024-08-20,8888
4513,福裕,344,204,140,國泰-敦南,2024-08-20,8888
00753L,中信中國50正2,229,94,135,國泰-敦南,2024-08-20,8888
8064,東捷,1267,1133,134,國泰-敦南,2024-08-20,8888
2881,富邦金,270,142,128,國泰-敦南,2024-08-20,8888
3663,鑫科,971,847,124,國泰-敦南,2024-08-20,8888
00955,中信日本商社,128,9,119,國泰-敦南,2024-08-20,8888
2368,金像電,192,77,115,國泰-敦南,2024-08-20,8888
2883,凱基金,264,150,114,國泰-敦南,2024-08-20,8888
3047,訊舟,1715,1607,108,國泰-敦南,2024-08-20,8888
00675L,富邦臺灣加權正2,320,212,108,國泰-敦南,2024-08-20,8888
2888,新光金,15969,8142,7827,國泰-敦南,2024-08-21,8888
2891,中信金,6602,608,5994,國泰-敦南,2024-08-21,8888
00919,群益台灣精選高息,3335,1041,2294,國泰-敦南,2024-08-21,8888
00715L,期街口布蘭特正2,1150,38,1112,國泰-敦南,2024-08-21,8888
5905,南仁湖,5314,4287,1027,國泰-敦南,2024-08-21,8888
00953B,群益優選非投等債,979,33,946,國泰-敦南,2024-08-21,8888
00929,復華台灣科技優息,3588,2733,855,國泰-敦南,2024-08-21,8888
2888B,新光金乙特,807,9,798,國泰-敦南,2024-08-21,8888
00948B,中信優息投資級債,1086,377,709,國泰-敦南,2024-08-21,8888
00923,群益台ESG低碳50,895,199,696,國泰-敦南,2024-08-21,8888
2317,鴻海,1107,476,631,國泰-敦南,2024-08-21,8888
00679B,元大美債20年,1584,970,614,國泰-敦南,2024-08-21,8888
00687B,國泰20年美債,2555,2067,488,國泰-敦南,2024-08-21,8888
00878,國泰永續高股息,2127,1661,466,國泰-敦南,2024-08-21,8888
00940,元大台灣價值高息,1430,1029,401,國泰-敦南,2024-08-21,8888
00881,國泰台灣5G+,738,338,400,國泰-敦南,2024-08-21,8888
8064,東捷,1092,792,300,國泰-敦南,2024-08-21,8888
9105,泰金寶-DR,992,722,270,國泰-敦南,2024-08-21,8888
3535,晶彩科,1949,1687,262,國泰-敦南,2024-08-21,8888
00915,凱基優選高股息30,377,139,238,國泰-敦南,2024-08-21,8888
8054,安國,531,297,234,國泰-敦南,2024-08-21,8888
6869,雲豹能源,1072,840,232,國泰-敦南,2024-08-21,8888
00907,永豐優息存股,281,77,204,國泰-敦南,2024-08-21,8888
2888A,新光金甲特,213,22,191,國泰-敦南,2024-08-21,8888
00713,元大台灣高息低波,251,64,187,國泰-敦南,2024-08-21,8888
00954,中信日本半導體,195,15,180,國泰-敦南,2024-08-21,8888
00882,中信中國高股息,300,121,179,國泰-敦南,2024-08-21,8888
2356,英業達,611,441,170,國泰-敦南,2024-08-21,8888
2330,台積電,380,213,167,國泰-敦南,2024-08-21,8888
00918,大華優利高填息30,353,189,164,國泰-敦南,2024-08-21,8888
3607,谷崧,171,24,147,國泰-敦南,2024-08-21,8888
0056,元大高股息,642,501,141,國泰-敦南,2024-08-21,8888
3037,欣興,285,144,141,國泰-敦南,2024-08-21,8888
3663,鑫科,495,356,139,國泰-敦南,2024-08-21,8888
4174,浩鼎,483,347,136,國泰-敦南,2024-08-21,8888
2538,基泰,145,10,135,國泰-敦南,2024-08-21,8888
2886,兆豐金,211,77,134,國泰-敦南,2024-08-21,8888
6462,神盾,267,135,132,國泰-敦南,2024-08-21,8888
2312,金寶,834,702,132,國泰-敦南,2024-08-21,8888
2542,興富發,510,380,130,國泰-敦南,2024-08-21,8888
8104,錸寶,375,245,130,國泰-敦南,2024-08-21,8888
00900,富邦特選高股息30,368,242,126,國泰-敦南,2024-08-21,8888
3163,波若威,909,786,123,國泰-敦南,2024-08-21,8888
2890,永豐金,239,119,120,國泰-敦南,2024-08-21,8888
2610,華航,284,165,119,國泰-敦南,2024-08-21,8888
1609,大亞,471,354,117,國泰-敦南,2024-08-21,8888
2409,友達,250,137,113,國泰-敦南,2024-08-21,8888
00753L,中信中國50正2,227,117,110,國泰-敦南,2024-08-21,8888
3686,達能,167,64,103,國泰-敦南,2024-08-21,8888
0050,元大台灣50,203,100,103,國泰-敦南,2024-08-21,8888
00929,復華台灣科技優息,3653,1324,2329,國泰-敦南,2024-08-22,8888
2349,錸德,9863,7874,1989,國泰-敦南,2024-08-22,8888
2891,中信金,2871,932,1939,國泰-敦南,2024-08-22,8888
00687B,國泰20年美債,2377,891,1486,國泰-敦南,2024-08-22,8888
00715L,期街口布蘭特正2,1380,183,1197,國泰-敦南,2024-08-22,8888
00878,國泰永續高股息,2014,910,1104,國泰-敦南,2024-08-22,8888
2890,永豐金,1022,57,965,國泰-敦南,2024-08-22,8888
00953B,群益優選非投等債,1006,95,911,國泰-敦南,2024-08-22,8888
00680L,元大美債20正2,1512,626,886,國泰-敦南,2024-08-22,8888
00919,群益台灣精選高息,1535,650,885,國泰-敦南,2024-08-22,8888
2317,鴻海,1479,785,694,國泰-敦南,2024-08-22,8888
00753L,中信中國50正2,993,392,601,國泰-敦南,2024-08-22,8888
00907,永豐優息存股,593,32,561,國泰-敦南,2024-08-22,8888
00688L,國泰20年美債正2,1224,675,549,國泰-敦南,2024-08-22,8888
00940,元大台灣價值高息,1287,823,464,國泰-敦南,2024-08-22,8888
3047,訊舟,3181,2735,446,國泰-敦南,2024-08-22,8888
00918,大華優利高填息30,337,48,289,國泰-敦南,2024-08-22,8888
00936,台新永續高息中小,352,79,273,國泰-敦南,2024-08-22,8888
5443,均豪,1759,1492,267,國泰-敦南,2024-08-22,8888
00713,元大台灣高息低波,338,87,251,國泰-敦南,2024-08-22,8888
00650L,復華香港正2,535,287,248,國泰-敦南,2024-08-22,8888
00923,群益台ESG低碳50,347,101,246,國泰-敦南,2024-08-22,8888
00948B,中信優息投資級債,329,109,220,國泰-敦南,2024-08-22,8888
1513,中興電,660,457,203,國泰-敦南,2024-08-22,8888
00915,凱基優選高股息30,231,29,202,國泰-敦南,2024-08-22,8888
2610,華航,257,62,195,國泰-敦南,2024-08-22,8888
00665L,富邦�琤肭磪囓�2,526,337,189,國泰-敦南,2024-08-22,8888
00664R,國泰臺灣加權反1,197,8,189,國泰-敦南,2024-08-22,8888
2362,藍天,313,124,189,國泰-敦南,2024-08-22,8888
8028,昇陽半導體,867,680,187,國泰-敦南,2024-08-22,8888
8096,擎亞,2367,2185,182,國泰-敦南,2024-08-22,8888
00933B,國泰10Y+金融債,496,318,178,國泰-敦南,2024-08-22,8888
2867,三商壽,227,56,171,國泰-敦南,2024-08-22,8888
00642U,期元大S＆P石油,183,22,161,國泰-敦南,2024-08-22,8888
8390,金益鼎,176,18,158,國泰-敦南,2024-08-22,8888
1514,亞力,1198,1044,154,國泰-敦南,2024-08-22,8888
00671R,富邦NASDAQ反1,155,4,151,國泰-敦南,2024-08-22,8888
4716,大立,975,828,147,國泰-敦南,2024-08-22,8888
00882,中信中國高股息,212,67,145,國泰-敦南,2024-08-22,8888
9955,佳龍,652,508,144,國泰-敦南,2024-08-22,8888
2542,興富發,465,322,143,國泰-敦南,2024-08-22,8888
2885,元大金,166,34,132,國泰-敦南,2024-08-22,8888
2881,富邦金,188,55,133,國泰-敦南,2024-08-22,8888
0056,元大高股息,334,203,131,國泰-敦南,2024-08-22,8888
2442,新美齊,141,13,128,國泰-敦南,2024-08-22,8888
3607,谷崧,151,23,128,國泰-敦南,2024-08-22,8888
3019,亞光,766,640,126,國泰-敦南,2024-08-22,8888
8043,蜜望實,781,660,121,國泰-敦南,2024-08-22,8888
1569,濱川,137,18,119,國泰-敦南,2024-08-22,8888
00881,國泰台灣5G+,493,382,111,國泰-敦南,2024-08-22,8888
00680L,元大美債20正2,2832,367,2465,國泰-敦南,2024-08-23,8888
00688L,國泰20年美債正2,2783,743,2040,國泰-敦南,2024-08-23,8888
2891,中信金,2247,325,1922,國泰-敦南,2024-08-23,8888
00687B,國泰20年美債,2943,1301,1642,國泰-敦南,2024-08-23,8888
00919,群益台灣精選高息,2063,750,1313,國泰-敦南,2024-08-23,8888
00929,復華台灣科技優息,3520,2220,1300,國泰-敦南,2024-08-23,8888
00878,國泰永續高股息,2980,2241,739,國泰-敦南,2024-08-23,8888
1314,中石化,1536,961,575,國泰-敦南,2024-08-23,8888
2888B,新光金乙特,530,9,521,國泰-敦南,2024-08-23,8888
00679B,元大美債20年,930,499,431,國泰-敦南,2024-08-23,8888
1711,永光,3869,3514,355,國泰-敦南,2024-08-23,8888
00795B,中信美國公債20年,509,175,334,國泰-敦南,2024-08-23,8888
1301,台塑,389,63,326,國泰-敦南,2024-08-23,8888
00936,台新永續高息中小,578,253,325,國泰-敦南,2024-08-23,8888
3189,景碩,1019,735,284,國泰-敦南,2024-08-23,8888
2887,台新金,1550,1275,275,國泰-敦南,2024-08-23,8888
4513,福裕,1072,805,267,國泰-敦南,2024-08-23,8888
2885,元大金,349,107,242,國泰-敦南,2024-08-23,8888
1721,三晃,1598,1406,192,國泰-敦南,2024-08-23,8888
2542,興富發,278,89,189,國泰-敦南,2024-08-23,8888
1708,東鹼,899,712,187,國泰-敦南,2024-08-23,8888
1727,中華化,686,501,185,國泰-敦南,2024-08-23,8888
00676R,富邦臺灣加權反1,200,16,184,國泰-敦南,2024-08-23,8888
0056,元大高股息,556,377,179,國泰-敦南,2024-08-23,8888
00923,群益台ESG低碳50,237,62,175,國泰-敦南,2024-08-23,8888
00931B,統一美債20年,198,26,172,國泰-敦南,2024-08-23,8888
8071,能率網通,529,358,171,國泰-敦南,2024-08-23,8888
1409,新纖,276,114,162,國泰-敦南,2024-08-23,8888
1570,力肯,311,151,160,國泰-敦南,2024-08-23,8888
00720B,元大投資級公司債,180,33,147,國泰-敦南,2024-08-23,8888
3663,鑫科,771,626,145,國泰-敦南,2024-08-23,8888
00830,國泰費城半導體,189,44,145,國泰-敦南,2024-08-23,8888
00751B,元大AAA至A公司債,167,23,144,國泰-敦南,2024-08-23,8888
00951,台新日本半導體,162,18,144,國泰-敦南,2024-08-23,8888
3052,夆典,187,47,140,國泰-敦南,2024-08-23,8888
00915,凱基優選高股息30,204,65,139,國泰-敦南,2024-08-23,8888
00857B,永豐20年美公債,151,16,135,國泰-敦南,2024-08-23,8888
00907,永豐優息存股,158,25,133,國泰-敦南,2024-08-23,8888
5309,系統電,323,195,128,國泰-敦南,2024-08-23,8888
6133,金橋,447,322,125,國泰-敦南,2024-08-23,8888
3188,鑫龍騰,193,69,124,國泰-敦南,2024-08-23,8888
3607,谷崧,136,13,123,國泰-敦南,2024-08-23,8888
5452,佶優,330,208,122,國泰-敦南,2024-08-23,8888
2890,永豐金,220,112,108,國泰-敦南,2024-08-23,8888
00715L,期街口布蘭特正2,492,385,107,國泰-敦南,2024-08-23,8888
5905,南仁湖,357,262,95,國泰-敦南,2024-08-23,8888
6151,晉倫,157,68,89,國泰-敦南,2024-08-23,8888
00713,元大台灣高息低波,247,160,87,國泰-敦南,2024-08-23,8888
00933B,國泰10Y+金融債,320,234,86,國泰-敦南,2024-08-23,8888
00761B,國泰A級公司債,80,0,80,國泰-敦南,2024-08-23,8888
2888,新光金,16500,12069,4431,國泰-敦南,2024-08-26,8888
00687B,國泰20年美債,3352,730,2622,國泰-敦南,2024-08-26,8888
00929,復華台灣科技優息,3878,2208,1670,國泰-敦南,2024-08-26,8888
2891,中信金,1535,830,705,國泰-敦南,2024-08-26,8888
00948B,中信優息投資級債,1103,411,692,國泰-敦南,2024-08-26,8888
2402,毅嘉,2629,1990,639,國泰-敦南,2024-08-26,8888
00919,群益台灣精選高息,1654,1182,472,國泰-敦南,2024-08-26,8888
2409,友達,1064,652,412,國泰-敦南,2024-08-26,8888
8028,昇陽半導體,2159,1798,361,國泰-敦南,2024-08-26,8888
00706L,期元大S＆P日圓正2,620,275,345,國泰-敦南,2024-08-26,8888
00953B,群益優選非投等債,467,139,328,國泰-敦南,2024-08-26,8888
5443,均豪,3414,3097,317,國泰-敦南,2024-08-26,8888
00712,復華富時不動產,707,420,287,國泰-敦南,2024-08-26,8888
00673R,期元大S＆P原油反1,277,24,253,國泰-敦南,2024-08-26,8888
9105,泰金寶-DR,722,470,252,國泰-敦南,2024-08-26,8888
00945B,凱基美國非投等債,258,31,227,國泰-敦南,2024-08-26,8888
00795B,中信美國公債20年,325,111,214,國泰-敦南,2024-08-26,8888
2365,昆盈,873,674,199,國泰-敦南,2024-08-26,8888
3450,聯鈞,409,210,199,國泰-敦南,2024-08-26,8888
1711,永光,1378,1185,193,國泰-敦南,2024-08-26,8888
2542,興富發,271,82,189,國泰-敦南,2024-08-26,8888
2331,精英,385,204,181,國泰-敦南,2024-08-26,8888
1316,上曜,254,74,180,國泰-敦南,2024-08-26,8888
00951,台新日本半導體,258,79,179,國泰-敦南,2024-08-26,8888
2349,錸德,1804,1632,172,國泰-敦南,2024-08-26,8888
00637L,元大滬深300正2,199,37,162,國泰-敦南,2024-08-26,8888
4513,福裕,884,724,160,國泰-敦南,2024-08-26,8888
5905,南仁湖,371,212,159,國泰-敦南,2024-08-26,8888
2890,永豐金,195,40,155,國泰-敦南,2024-08-26,8888
2330,台積電,233,91,142,國泰-敦南,2024-08-26,8888
3645,達邁,342,202,140,國泰-敦南,2024-08-26,8888
00713,元大台灣高息低波,331,193,138,國泰-敦南,2024-08-26,8888
00942B,台新美A公司債20+,173,39,134,國泰-敦南,2024-08-26,8888
5452,佶優,383,251,132,國泰-敦南,2024-08-26,8888
2313,華通,257,129,128,國泰-敦南,2024-08-26,8888
4564,元翎,295,174,121,國泰-敦南,2024-08-26,8888
6133,金橋,307,189,118,國泰-敦南,2024-08-26,8888
2317,鴻海,726,609,117,國泰-敦南,2024-08-26,8888
00931B,統一美債20年,235,120,115,國泰-敦南,2024-08-26,8888
3583,辛耘,276,165,111,國泰-敦南,2024-08-26,8888
2363,矽統,221,111,110,國泰-敦南,2024-08-26,8888
00881,國泰台灣5G+,321,212,109,國泰-敦南,2024-08-26,8888
00936,台新永續高息中小,455,346,109,國泰-敦南,2024-08-26,8888
2464,盟立,307,199,108,國泰-敦南,2024-08-26,8888
00954,中信日本半導體,111,6,105,國泰-敦南,2024-08-26,8888
6442,光聖,281,180,101,國泰-敦南,2024-08-26,8888
2537,聯上發,169,71,98,國泰-敦南,2024-08-26,8888
3615,安可,933,836,97,國泰-敦南,2024-08-26,8888
8039,台虹,621,529,92,國泰-敦南,2024-08-26,8888
3047,訊舟,1030,940,90,國泰-敦南,2024-08-26,8888
2891,中信金,2969,574,2395,國泰-敦南,2024-08-27,8888
00919,群益台灣精選高息,2800,513,2287,國泰-敦南,2024-08-27,8888
00929,復華台灣科技優息,3268,1000,2268,國泰-敦南,2024-08-27,8888
00680L,元大美債20正2,2139,355,1784,國泰-敦南,2024-08-27,8888
00687B,國泰20年美債,2280,533,1747,國泰-敦南,2024-08-27,8888
00937B,群益ESG投等債20,2182,767,1415,國泰-敦南,2024-08-27,8888
3481,群創,3952,2784,1168,國泰-敦南,2024-08-27,8888
00878,國泰永續高股息,1498,738,760,國泰-敦南,2024-08-27,8888
00673R,期元大S＆P原油反1,700,16,684,國泰-敦南,2024-08-27,8888
00679B,元大美債20年,886,258,628,國泰-敦南,2024-08-27,8888
00688L,國泰20年美債正2,862,307,555,國泰-敦南,2024-08-27,8888
00936,台新永續高息中小,732,201,531,國泰-敦南,2024-08-27,8888
3550,聯穎,584,120,464,國泰-敦南,2024-08-27,8888
2515,中工,801,364,437,國泰-敦南,2024-08-27,8888
2887,台新金,763,333,430,國泰-敦南,2024-08-27,8888
2609,陽明,780,375,405,國泰-敦南,2024-08-27,8888
00948B,中信優息投資級債,386,39,347,國泰-敦南,2024-08-27,8888
00918,大華優利高填息30,375,68,307,國泰-敦南,2024-08-27,8888
2610,華航,430,128,302,國泰-敦南,2024-08-27,8888
00933B,國泰10Y+金融債,487,189,298,國泰-敦南,2024-08-27,8888
2615,萬海,732,439,293,國泰-敦南,2024-08-27,8888
0056,元大高股息,518,244,274,國泰-敦南,2024-08-27,8888
00706L,期元大S＆P日圓正2,476,204,272,國泰-敦南,2024-08-27,8888
00953B,群益優選非投等債,306,40,266,國泰-敦南,2024-08-27,8888
2317,鴻海,554,320,234,國泰-敦南,2024-08-27,8888
00951,台新日本半導體,301,69,232,國泰-敦南,2024-08-27,8888
00830,國泰費城半導體,236,18,218,國泰-敦南,2024-08-27,8888
00753L,中信中國50正2,362,159,203,國泰-敦南,2024-08-27,8888
2603,長榮,456,254,202,國泰-敦南,2024-08-27,8888
2845,遠東銀,230,34,196,國泰-敦南,2024-08-27,8888
2303,聯電,337,154,183,國泰-敦南,2024-08-27,8888
2880,華南金,189,10,179,國泰-敦南,2024-08-27,8888
2867,三商壽,331,166,165,國泰-敦南,2024-08-27,8888
2399,映泰,1914,1762,152,國泰-敦南,2024-08-27,8888
8028,昇陽半導體,1713,1566,147,國泰-敦南,2024-08-27,8888
2883,凱基金,341,199,142,國泰-敦南,2024-08-27,8888
4967,十銓,943,811,132,國泰-敦南,2024-08-27,8888
2882,國泰金,217,91,126,國泰-敦南,2024-08-27,8888
3149,正達,634,511,123,國泰-敦南,2024-08-27,8888
00923,群益台ESG低碳50,176,54,122,國泰-敦南,2024-08-27,8888
00751B,元大AAA至A公司債,143,25,118,國泰-敦南,2024-08-27,8888
00915,凱基優選高股息30,174,57,117,國泰-敦南,2024-08-27,8888
00646,元大S＆P500,118,3,115,國泰-敦南,2024-08-27,8888
2330,台積電,155,44,111,國泰-敦南,2024-08-27,8888
8027,鈦昇,371,262,109,國泰-敦南,2024-08-27,8888
6005,群益證,109,7,102,國泰-敦南,2024-08-27,8888
1584,精剛,144,63,81,國泰-敦南,2024-08-27,8888
3033,威健,333,253,80,國泰-敦南,2024-08-27,8888
00713,元大台灣高息低波,218,139,79,國泰-敦南,2024-08-27,8888
2449,京元電子,194,115,79,國泰-敦南,2024-08-27,8888
00632R,元大台灣50反1,4084,2158,1926,國泰-敦南,2024-08-28,8888
2891,中信金,1799,503,1296,國泰-敦南,2024-08-28,8888
00959B,大華投等美債15Y+,982,1,981,國泰-敦南,2024-08-28,8888
00687B,國泰20年美債,1255,411,844,國泰-敦南,2024-08-28,8888
00919,群益台灣精選高息,1548,989,559,國泰-敦南,2024-08-28,8888
00937B,群益ESG投等債20,1270,776,494,國泰-敦南,2024-08-28,8888
00936,台新永續高息中小,587,173,414,國泰-敦南,2024-08-28,8888
00679B,元大美債20年,800,435,365,國泰-敦南,2024-08-28,8888
8039,台虹,1362,1018,344,國泰-敦南,2024-08-28,8888
00929,復華台灣科技優息,1786,1450,336,國泰-敦南,2024-08-28,8888
8064,東捷,1251,924,327,國泰-敦南,2024-08-28,8888
00715L,期街口布蘭特正2,728,407,321,國泰-敦南,2024-08-28,8888
9105,泰金寶-DR,383,62,321,國泰-敦南,2024-08-28,8888
2890,永豐金,387,86,301,國泰-敦南,2024-08-28,8888
2867,三商壽,472,178,294,國泰-敦南,2024-08-28,8888
2402,毅嘉,1360,1106,254,國泰-敦南,2024-08-28,8888
2367,燿華,1107,871,236,國泰-敦南,2024-08-28,8888
5443,均豪,3259,3025,234,國泰-敦南,2024-08-28,8888
00915,凱基優選高股息30,303,76,227,國泰-敦南,2024-08-28,8888
00948B,中信優息投資級債,642,428,214,國泰-敦南,2024-08-28,8888
00900,富邦特選高股息30,254,41,213,國泰-敦南,2024-08-28,8888
00665L,富邦�琤肭磪囓�2,491,283,208,國泰-敦南,2024-08-28,8888
2880,華南金,239,32,207,國泰-敦南,2024-08-28,8888
3522,御嵿,321,126,195,國泰-敦南,2024-08-28,8888
2515,中工,433,240,193,國泰-敦南,2024-08-28,8888
2365,昆盈,774,582,192,國泰-敦南,2024-08-28,8888
6505,台塑化,182,11,171,國泰-敦南,2024-08-28,8888
2464,盟立,710,540,170,國泰-敦南,2024-08-28,8888
4540,全球傳動,1020,851,169,國泰-敦南,2024-08-28,8888
00946,群益科技高息成長,379,211,168,國泰-敦南,2024-08-28,8888
1314,中石化,219,54,165,國泰-敦南,2024-08-28,8888
2845,遠東銀,173,13,160,國泰-敦南,2024-08-28,8888
5452,佶優,428,269,159,國泰-敦南,2024-08-28,8888
2501,國建,200,42,158,國泰-敦南,2024-08-28,8888
2409,友達,474,316,158,國泰-敦南,2024-08-28,8888
2405,輔信,331,176,155,國泰-敦南,2024-08-28,8888
2108,南帝,174,20,154,國泰-敦南,2024-08-28,8888
3019,亞光,439,300,139,國泰-敦南,2024-08-28,8888
2897A,王道銀甲特,139,0,139,國泰-敦南,2024-08-28,8888
4562,穎漢,569,432,137,國泰-敦南,2024-08-28,8888
3615,安可,314,177,137,國泰-敦南,2024-08-28,8888
00713,元大台灣高息低波,295,160,135,國泰-敦南,2024-08-28,8888
2886,兆豐金,171,39,132,國泰-敦南,2024-08-28,8888
00688L,國泰20年美債正2,814,682,132,國泰-敦南,2024-08-28,8888
2887,台新金,470,338,132,國泰-敦南,2024-08-28,8888
00664R,國泰臺灣加權反1,235,104,131,國泰-敦南,2024-08-28,8888
8070,長華*,357,231,126,國泰-敦南,2024-08-28,8888
3689,湧德,370,244,126,國泰-敦南,2024-08-28,8888
3498,陽程,372,248,124,國泰-敦南,2024-08-28,8888
8096,擎亞,754,631,123,國泰-敦南,2024-08-28,8888
00937B,群益ESG投等債20,3896,482,3414,國泰-敦南,2024-08-29,8888
00687B,國泰20年美債,3026,783,2243,國泰-敦南,2024-08-29,8888
2891,中信金,2495,341,2154,國泰-敦南,2024-08-29,8888
00948B,中信優息投資級債,2378,444,1934,國泰-敦南,2024-08-29,8888
00929,復華台灣科技優息,3329,2062,1267,國泰-敦南,2024-08-29,8888
00679B,元大美債20年,2018,754,1264,國泰-敦南,2024-08-29,8888
00680L,元大美債20正2,1632,689,943,國泰-敦南,2024-08-29,8888
00919,群益台灣精選高息,1637,920,717,國泰-敦南,2024-08-29,8888
00688L,國泰20年美債正2,1876,1178,698,國泰-敦南,2024-08-29,8888
1540,喬福,3702,3020,682,國泰-敦南,2024-08-29,8888
00878,國泰永續高股息,1243,646,597,國泰-敦南,2024-08-29,8888
00959B,大華投等美債15Y+,600,18,582,國泰-敦南,2024-08-29,8888
1314,中石化,769,228,541,國泰-敦南,2024-08-29,8888
3550,聯穎,1904,1384,520,國泰-敦南,2024-08-29,8888
4510,高鋒,2560,2046,514,國泰-敦南,2024-08-29,8888
00715L,期街口布蘭特正2,649,150,499,國泰-敦南,2024-08-29,8888
2515,中工,897,445,452,國泰-敦南,2024-08-29,8888
00881,國泰台灣5G+,622,265,357,國泰-敦南,2024-08-29,8888
00933B,國泰10Y+金融債,353,38,315,國泰-敦南,2024-08-29,8888
00936,台新永續高息中小,532,221,311,國泰-敦南,2024-08-29,8888
00830,國泰費城半導體,412,101,311,國泰-敦南,2024-08-29,8888
00918,大華優利高填息30,362,68,294,國泰-敦南,2024-08-29,8888
00753L,中信中國50正2,397,104,293,國泰-敦南,2024-08-29,8888
00795B,中信美國公債20年,415,137,278,國泰-敦南,2024-08-29,8888
2883B,凱基金乙特,285,21,264,國泰-敦南,2024-08-29,8888
2330,台積電,424,161,263,國泰-敦南,2024-08-29,8888
00915,凱基優選高股息30,301,39,262,國泰-敦南,2024-08-29,8888
5443,均豪,2999,2737,262,國泰-敦南,2024-08-29,8888
006208,富邦台50,355,105,250,國泰-敦南,2024-08-29,8888
00713,元大台灣高息低波,349,126,223,國泰-敦南,2024-08-29,8888
2317,鴻海,1063,851,212,國泰-敦南,2024-08-29,8888
00751B,元大AAA至A公司債,200,11,189,國泰-敦南,2024-08-29,8888
3481,群創,799,613,186,國泰-敦南,2024-08-29,8888
0050,元大台灣50,256,72,184,國泰-敦南,2024-08-29,8888
2890,永豐金,236,55,181,國泰-敦南,2024-08-29,8888
2356,英業達,377,197,180,國泰-敦南,2024-08-29,8888
2887,台新金,413,237,176,國泰-敦南,2024-08-29,8888
00942B,台新美A公司債20+,210,37,173,國泰-敦南,2024-08-29,8888
00665L,富邦�琤肭磪囓�2,990,830,160,國泰-敦南,2024-08-29,8888
00757,統一FANG+,171,14,157,國泰-敦南,2024-08-29,8888
4513,福裕,737,589,148,國泰-敦南,2024-08-29,8888
00907,永豐優息存股,152,4,148,國泰-敦南,2024-08-29,8888
2382,廣達,306,159,147,國泰-敦南,2024-08-29,8888
3149,正達,592,446,146,國泰-敦南,2024-08-29,8888
2303,聯電,225,80,145,國泰-敦南,2024-08-29,8888
00720B,元大投資級公司債,193,51,142,國泰-敦南,2024-08-29,8888
2610,華航,187,55,132,國泰-敦南,2024-08-29,8888
00953B,群益優選非投等債,169,40,129,國泰-敦南,2024-08-29,8888
1708,東鹼,289,168,121,國泰-敦南,2024-08-29,8888
00719B,元大美債1-3,130,21,109,國泰-敦南,2024-08-29,8888
00937B,群益ESG投等債20,3367,406,2961,國泰-敦南,2024-08-30,8888
00687B,國泰20年美債,2422,924,1498,國泰-敦南,2024-08-30,8888
00680L,元大美債20正2,1503,381,1122,國泰-敦南,2024-08-30,8888
1711,永光,3140,2213,927,國泰-敦南,2024-08-30,8888
1314,中石化,1035,161,874,國泰-敦南,2024-08-30,8888
00679B,元大美債20年,1262,420,842,國泰-敦南,2024-08-30,8888
00688L,國泰20年美債正2,1064,254,810,國泰-敦南,2024-08-30,8888
00959B,大華投等美債15Y+,858,57,801,國泰-敦南,2024-08-30,8888
2891,中信金,1079,311,768,國泰-敦南,2024-08-30,8888
4526,東台,5479,4803,676,國泰-敦南,2024-08-30,8888
00933B,國泰10Y+金融債,747,141,606,國泰-敦南,2024-08-30,8888
4906,正文,617,91,526,國泰-敦南,2024-08-30,8888
00948B,中信優息投資級債,739,226,513,國泰-敦南,2024-08-30,8888
3481,群創,1182,704,478,國泰-敦南,2024-08-30,8888
2367,燿華,2619,2236,383,國泰-敦南,2024-08-30,8888
3062,建漢,1401,1054,347,國泰-敦南,2024-08-30,8888
2313,華通,1454,1136,318,國泰-敦南,2024-08-30,8888
2425,承啟,1276,1008,268,國泰-敦南,2024-08-30,8888
2312,金寶,748,488,260,國泰-敦南,2024-08-30,8888
6213,聯茂,543,291,252,國泰-敦南,2024-08-30,8888
2409,友達,349,99,250,國泰-敦南,2024-08-30,8888
00673R,期元大S＆P原油反1,255,9,246,國泰-敦南,2024-08-30,8888
2323,中環,339,95,244,國泰-敦南,2024-08-30,8888
6156,松上,574,339,235,國泰-敦南,2024-08-30,8888
00795B,中信美國公債20年,311,82,229,國泰-敦南,2024-08-30,8888
3189,景碩,834,637,197,國泰-敦南,2024-08-30,8888
2883B,凱基金乙特,194,0,194,國泰-敦南,2024-08-30,8888
2887,台新金,298,108,190,國泰-敦南,2024-08-30,8888
2618,長榮航,464,278,186,國泰-敦南,2024-08-30,8888
3019,亞光,575,391,184,國泰-敦南,2024-08-30,8888
8064,東捷,565,384,181,國泰-敦南,2024-08-30,8888
6603,富強鑫,331,151,180,國泰-敦南,2024-08-30,8888
00713,元大台灣高息低波,259,93,166,國泰-敦南,2024-08-30,8888
1303,南亞,169,6,163,國泰-敦南,2024-08-30,8888
2610,華航,201,55,146,國泰-敦南,2024-08-30,8888
8086,宏捷科,391,251,140,國泰-敦南,2024-08-30,8888
2851,中再保,265,130,135,國泰-敦南,2024-08-30,8888
2365,昆盈,405,274,131,國泰-敦南,2024-08-30,8888
4958,臻鼎-KY,229,101,128,國泰-敦南,2024-08-30,8888
3663,鑫科,320,192,128,國泰-敦南,2024-08-30,8888
3645,達邁,458,331,127,國泰-敦南,2024-08-30,8888
00919,群益台灣精選高息,1179,1053,126,國泰-敦南,2024-08-30,8888
2464,盟立,487,362,125,國泰-敦南,2024-08-30,8888
00915,凱基優選高股息30,226,105,121,國泰-敦南,2024-08-30,8888
2392,正崴,477,357,120,國泰-敦南,2024-08-30,8888
2402,毅嘉,592,477,115,國泰-敦南,2024-08-30,8888
4513,福裕,764,651,113,國泰-敦南,2024-08-30,8888
3580,友威科,264,152,112,國泰-敦南,2024-08-30,8888
3715,定穎投控,203,92,111,國泰-敦南,2024-08-30,8888
6215,和椿,819,710,109,國泰-敦南,2024-08-30,8888
00680L,元大美債20正2,3061,394,2667,國泰-敦南,2024-09-02,8888
00715L,期街口布蘭特正2,2521,139,2382,國泰-敦南,2024-09-02,8888
00687B,國泰20年美債,2861,522,2339,國泰-敦南,2024-09-02,8888
00688L,國泰20年美債正2,2413,350,2063,國泰-敦南,2024-09-02,8888
00919,群益台灣精選高息,2592,694,1898,國泰-敦南,2024-09-02,8888
00915,凱基優選高股息30,1323,184,1139,國泰-敦南,2024-09-02,8888
00959B,大華投等美債15Y+,855,11,844,國泰-敦南,2024-09-02,8888
00679B,元大美債20年,1404,564,840,國泰-敦南,2024-09-02,8888
00918,大華優利高填息30,835,126,709,國泰-敦南,2024-09-02,8888
00713,元大台灣高息低波,682,129,553,國泰-敦南,2024-09-02,8888
00795B,中信美國公債20年,476,39,437,國泰-敦南,2024-09-02,8888
1314,中石化,675,271,404,國泰-敦南,2024-09-02,8888
3481,群創,941,550,391,國泰-敦南,2024-09-02,8888
2609,陽明,555,173,382,國泰-敦南,2024-09-02,8888
00637L,元大滬深300正2,442,103,339,國泰-敦南,2024-09-02,8888
00948B,中信優息投資級債,470,140,330,國泰-敦南,2024-09-02,8888
00934,中信成長高股息,436,116,320,國泰-敦南,2024-09-02,8888
2313,華通,643,336,307,國泰-敦南,2024-09-02,8888
2603,長榮,370,86,284,國泰-敦南,2024-09-02,8888
6505,台塑化,315,38,277,國泰-敦南,2024-09-02,8888
00933B,國泰10Y+金融債,342,68,274,國泰-敦南,2024-09-02,8888
2312,金寶,510,242,268,國泰-敦南,2024-09-02,8888
00945B,凱基美國非投等債,274,20,254,國泰-敦南,2024-09-02,8888
00937B,群益ESG投等債20,2745,2497,248,國泰-敦南,2024-09-02,8888
00882,中信中國高股息,271,28,243,國泰-敦南,2024-09-02,8888
2537,聯上發,554,346,208,國泰-敦南,2024-09-02,8888
00931B,統一美債20年,432,224,208,國泰-敦南,2024-09-02,8888
8105,凌巨,1212,1006,206,國泰-敦南,2024-09-02,8888
8043,蜜望實,930,724,206,國泰-敦南,2024-09-02,8888
00936,台新永續高息中小,380,191,189,國泰-敦南,2024-09-02,8888
2515,中工,633,449,184,國泰-敦南,2024-09-02,8888
1301,台塑,232,55,177,國泰-敦南,2024-09-02,8888
00753L,中信中國50正2,339,171,168,國泰-敦南,2024-09-02,8888
2317,鴻海,590,429,161,國泰-敦南,2024-09-02,8888
00887,永豐中國科技50大,159,1,158,國泰-敦南,2024-09-02,8888
2402,毅嘉,659,504,155,國泰-敦南,2024-09-02,8888
00923,群益台ESG低碳50,203,56,147,國泰-敦南,2024-09-02,8888
1326,台化,184,40,144,國泰-敦南,2024-09-02,8888
5443,均豪,1369,1225,144,國泰-敦南,2024-09-02,8888
00881,國泰台灣5G+,278,135,143,國泰-敦南,2024-09-02,8888
00706L,期元大S＆P日圓正2,238,98,140,國泰-敦南,2024-09-02,8888
2615,萬海,715,576,139,國泰-敦南,2024-09-02,8888
2352,佳世達,522,387,135,國泰-敦南,2024-09-02,8888
0050,元大台灣50,215,81,134,國泰-敦南,2024-09-02,8888
1785,光洋科,1693,1564,129,國泰-敦南,2024-09-02,8888
3231,緯創,237,111,126,國泰-敦南,2024-09-02,8888
00922,國泰台灣領袖50,184,59,125,國泰-敦南,2024-09-02,8888
2455,全新,287,162,125,國泰-敦南,2024-09-02,8888
6770,力積電,149,25,124,國泰-敦南,2024-09-02,8888
1708,東鹼,153,32,121,國泰-敦南,2024-09-02,8888
00919,群益台灣精選高息,5202,1036,4166,國泰-敦南,2024-09-03,8888
00687B,國泰20年美債,2897,381,2516,國泰-敦南,2024-09-03,8888
00937B,群益ESG投等債20,2754,641,2113,國泰-敦南,2024-09-03,8888
00878,國泰永續高股息,2556,668,1888,國泰-敦南,2024-09-03,8888
00680L,元大美債20正2,2048,177,1871,國泰-敦南,2024-09-03,8888
00948B,中信優息投資級債,1502,73,1429,國泰-敦南,2024-09-03,8888
00918,大華優利高填息30,1490,196,1294,國泰-敦南,2024-09-03,8888
00688L,國泰20年美債正2,1003,82,921,國泰-敦南,2024-09-03,8888
00915,凱基優選高股息30,958,105,853,國泰-敦南,2024-09-03,8888
00679B,元大美債20年,1097,309,788,國泰-敦南,2024-09-03,8888
1314,中石化,712,132,580,國泰-敦南,2024-09-03,8888
00713,元大台灣高息低波,647,92,555,國泰-敦南,2024-09-03,8888
2323,中環,607,78,529,國泰-敦南,2024-09-03,8888
00930,永豐ESG低碳高息,502,5,497,國泰-敦南,2024-09-03,8888
2885,元大金,540,94,446,國泰-敦南,2024-09-03,8888
1815,富喬,844,412,432,國泰-敦南,2024-09-03,8888
3047,訊舟,2190,1764,426,國泰-敦南,2024-09-03,8888
00921,兆豐龍頭等權重,448,83,365,國泰-敦南,2024-09-03,8888
2495,普安,552,198,354,國泰-敦南,2024-09-03,8888
2486,一詮,1145,815,330,國泰-敦南,2024-09-03,8888
00943,兆豐電子高息等權,347,23,324,國泰-敦南,2024-09-03,8888
1101,台泥,380,59,321,國泰-敦南,2024-09-03,8888
00706L,期元大S＆P日圓正2,432,118,314,國泰-敦南,2024-09-03,8888
00795B,中信美國公債20年,311,19,292,國泰-敦南,2024-09-03,8888
2002,中鋼,361,88,273,國泰-敦南,2024-09-03,8888
0056,元大高股息,517,248,269,國泰-敦南,2024-09-03,8888
8064,東捷,535,280,255,國泰-敦南,2024-09-03,8888
3037,欣興,362,109,253,國泰-敦南,2024-09-03,8888
00933B,國泰10Y+金融債,365,122,243,國泰-敦南,2024-09-03,8888
00882,中信中國高股息,333,99,234,國泰-敦南,2024-09-03,8888
00945B,凱基美國非投等債,250,18,232,國泰-敦南,2024-09-03,8888
2515,中工,412,198,214,國泰-敦南,2024-09-03,8888
2449,京元電子,358,167,191,國泰-敦南,2024-09-03,8888
1303,南亞,233,45,188,國泰-敦南,2024-09-03,8888
5443,均豪,1814,1633,181,國泰-敦南,2024-09-03,8888
00951,台新日本半導體,204,36,168,國泰-敦南,2024-09-03,8888
2356,英業達,237,70,167,國泰-敦南,2024-09-03,8888
00637L,元大滬深300正2,259,95,164,國泰-敦南,2024-09-03,8888
2887,台新金,399,236,163,國泰-敦南,2024-09-03,8888
6213,聯茂,1029,868,161,國泰-敦南,2024-09-03,8888
2891,中信金,530,375,155,國泰-敦南,2024-09-03,8888
3062,建漢,1004,850,154,國泰-敦南,2024-09-03,8888
1301,台塑,310,161,149,國泰-敦南,2024-09-03,8888
00959B,大華投等美債15Y+,206,60,146,國泰-敦南,2024-09-03,8888
2882,國泰金,238,100,138,國泰-敦南,2024-09-03,8888
3231,緯創,419,288,131,國泰-敦南,2024-09-03,8888
2344,華邦電,175,47,128,國泰-敦南,2024-09-03,8888
5880,合庫金,162,41,121,國泰-敦南,2024-09-03,8888
6449,鈺邦,265,146,119,國泰-敦南,2024-09-03,8888
2851,中再保,123,5,118,國泰-敦南,2024-09-03,8888
00919,群益台灣精選高息,11583,1529,10054,國泰-敦南,2024-09-04,8888
00878,國泰永續高股息,10960,1715,9245,國泰-敦南,2024-09-04,8888
00929,復華台灣科技優息,12865,5543,7322,國泰-敦南,2024-09-04,8888
00940,元大台灣價值高息,6988,1711,5277,國泰-敦南,2024-09-04,8888
00918,大華優利高填息30,4243,357,3886,國泰-敦南,2024-09-04,8888
0056,元大高股息,3755,1006,2749,國泰-敦南,2024-09-04,8888
00715L,期街口布蘭特正2,2685,451,2234,國泰-敦南,2024-09-04,8888
00915,凱基優選高股息30,2441,257,2184,國泰-敦南,2024-09-04,8888
006208,富邦台50,2342,246,2096,國泰-敦南,2024-09-04,8888
00713,元大台灣高息低波,2076,148,1928,國泰-敦南,2024-09-04,8888
2891,中信金,2730,820,1910,國泰-敦南,2024-09-04,8888
2330,台積電,1709,292,1417,國泰-敦南,2024-09-04,8888
00881,國泰台灣5G+,1637,467,1170,國泰-敦南,2024-09-04,8888
0050,元大台灣50,1310,294,1016,國泰-敦南,2024-09-04,8888
00632R,元大台灣50反1,12411,11446,965,國泰-敦南,2024-09-04,8888
00923,群益台ESG低碳50,1073,189,884,國泰-敦南,2024-09-04,8888
00951,台新日本半導體,995,134,861,國泰-敦南,2024-09-04,8888
2002,中鋼,1006,160,846,國泰-敦南,2024-09-04,8888
6116,彩晶,771,14,757,國泰-敦南,2024-09-04,8888
00935,野村臺灣新科技50,739,62,677,國泰-敦南,2024-09-04,8888
00830,國泰費城半導體,811,149,662,國泰-敦南,2024-09-04,8888
00941,中信上游半導體,728,73,655,國泰-敦南,2024-09-04,8888
00946,群益科技高息成長,1157,586,571,國泰-敦南,2024-09-04,8888
2382,廣達,788,238,550,國泰-敦南,2024-09-04,8888
00687B,國泰20年美債,3857,3311,546,國泰-敦南,2024-09-04,8888
00930,永豐ESG低碳高息,576,34,542,國泰-敦南,2024-09-04,8888
00675L,富邦臺灣加權正2,933,393,540,國泰-敦南,2024-09-04,8888
00927,群益半導體收益,685,166,519,國泰-敦南,2024-09-04,8888
2317,鴻海,1855,1344,511,國泰-敦南,2024-09-04,8888
3037,欣興,684,175,509,國泰-敦南,2024-09-04,8888
00922,國泰台灣領袖50,542,48,494,國泰-敦南,2024-09-04,8888
3481,群創,1329,871,458,國泰-敦南,2024-09-04,8888
1314,中石化,857,423,434,國泰-敦南,2024-09-04,8888
2886,兆豐金,509,77,432,國泰-敦南,2024-09-04,8888
2344,華邦電,534,128,406,國泰-敦南,2024-09-04,8888
2610,華航,569,166,403,國泰-敦南,2024-09-04,8888
00891,中信關鍵半導體,449,65,384,國泰-敦南,2024-09-04,8888
4510,高鋒,4195,3812,383,國泰-敦南,2024-09-04,8888
00954,中信日本半導體,376,9,367,國泰-敦南,2024-09-04,8888
00932,兆豐永續高息等權,368,5,363,國泰-敦南,2024-09-04,8888
2834,臺企銀,642,282,360,國泰-敦南,2024-09-04,8888
5880,合庫金,385,61,324,國泰-敦南,2024-09-04,8888
00631L,元大台灣50正2,674,355,319,國泰-敦南,2024-09-04,8888
00905,FT臺灣Smart,357,42,315,國泰-敦南,2024-09-04,8888
2801,彰銀,365,58,307,國泰-敦南,2024-09-04,8888
6770,力積電,496,189,307,國泰-敦南,2024-09-04,8888
00757,統一FANG+,340,36,304,國泰-敦南,2024-09-04,8888
1303,南亞,395,104,291,國泰-敦南,2024-09-04,8888
00921,兆豐龍頭等權重,292,8,284,國泰-敦南,2024-09-04,8888
00642U,期元大S＆P石油,311,31,280,國泰-敦南,2024-09-04,8888
00919,群益台灣精選高息,6635,1075,5560,國泰-敦南,2024-09-05,8888
00929,復華台灣科技優息,5857,2088,3769,國泰-敦南,2024-09-05,8888
00715L,期街口布蘭特正2,3635,133,3502,國泰-敦南,2024-09-05,8888
00632R,元大台灣50反1,6710,4040,2670,國泰-敦南,2024-09-05,8888
00878,國泰永續高股息,3511,1544,1967,國泰-敦南,2024-09-05,8888
00940,元大台灣價值高息,3071,1260,1811,國泰-敦南,2024-09-05,8888
00687B,國泰20年美債,3474,1833,1641,國泰-敦南,2024-09-05,8888
00918,大華優利高填息30,1689,386,1303,國泰-敦南,2024-09-05,8888
00952,凱基台灣AI50,1296,90,1206,國泰-敦南,2024-09-05,8888
2317,鴻海,1887,718,1169,國泰-敦南,2024-09-05,8888
00915,凱基優選高股息30,1169,205,964,國泰-敦南,2024-09-05,8888
00713,元大台灣高息低波,1114,173,941,國泰-敦南,2024-09-05,8888
00951,台新日本半導體,793,56,737,國泰-敦南,2024-09-05,8888
0056,元大高股息,1201,465,736,國泰-敦南,2024-09-05,8888
00946,群益科技高息成長,884,148,736,國泰-敦南,2024-09-05,8888
00665L,富邦�琤肭磪囓�2,941,416,525,國泰-敦南,2024-09-05,8888
00712,復華富時不動產,742,276,466,國泰-敦南,2024-09-05,8888
2344,華邦電,684,244,440,國泰-敦南,2024-09-05,8888
2408,南亞科,525,99,426,國泰-敦南,2024-09-05,8888
00881,國泰台灣5G+,590,188,402,國泰-敦南,2024-09-05,8888
00930,永豐ESG低碳高息,398,12,386,國泰-敦南,2024-09-05,8888
00642U,期元大S＆P石油,316,19,297,國泰-敦南,2024-09-05,8888
00676R,富邦臺灣加權反1,346,66,280,國泰-敦南,2024-09-05,8888
006208,富邦台50,419,144,275,國泰-敦南,2024-09-05,8888
1314,中石化,446,179,267,國泰-敦南,2024-09-05,8888
2002,中鋼,410,154,256,國泰-敦南,2024-09-05,8888
00941,中信上游半導體,387,134,253,國泰-敦南,2024-09-05,8888
5905,南仁湖,372,124,248,國泰-敦南,2024-09-05,8888
00954,中信日本半導體,245,13,232,國泰-敦南,2024-09-05,8888
00753L,中信中國50正2,297,112,185,國泰-敦南,2024-09-05,8888
2486,一詮,635,459,176,國泰-敦南,2024-09-05,8888
1711,永光,681,507,174,國泰-敦南,2024-09-05,8888
00927,群益半導體收益,201,31,170,國泰-敦南,2024-09-05,8888
2367,燿華,512,342,170,國泰-敦南,2024-09-05,8888
00932,兆豐永續高息等權,185,16,169,國泰-敦南,2024-09-05,8888
5443,均豪,1263,1097,166,國泰-敦南,2024-09-05,8888
00923,群益台ESG低碳50,236,77,159,國泰-敦南,2024-09-05,8888
1316,上曜,307,156,151,國泰-敦南,2024-09-05,8888
3481,群創,600,465,135,國泰-敦南,2024-09-05,8888
3374,精材,425,294,131,國泰-敦南,2024-09-05,8888
1101,台泥,176,47,129,國泰-敦南,2024-09-05,8888
2382,廣達,327,198,129,國泰-敦南,2024-09-05,8888
2537,聯上發,186,57,129,國泰-敦南,2024-09-05,8888
3019,亞光,752,626,126,國泰-敦南,2024-09-05,8888
00935,野村臺灣新科技50,204,79,125,國泰-敦南,2024-09-05,8888
00648R,元大S＆P500反1,121,0,121,國泰-敦南,2024-09-05,8888
4510,高鋒,3136,3017,119,國泰-敦南,2024-09-05,8888
1301,台塑,194,76,118,國泰-敦南,2024-09-05,8888
00945B,凱基美國非投等債,145,31,114,國泰-敦南,2024-09-05,8888
00752,中信中國50,133,19,114,國泰-敦南,2024-09-05,8888
00687B,國泰20年美債,4672,1379,3293,國泰-敦南,2024-09-06,8888
00632R,元大台灣50反1,6746,3746,3000,國泰-敦南,2024-09-06,8888
00919,群益台灣精選高息,2818,720,2098,國泰-敦南,2024-09-06,8888
00715L,期街口布蘭特正2,1255,115,1140,國泰-敦南,2024-09-06,8888
00929,復華台灣科技優息,3110,1984,1126,國泰-敦南,2024-09-06,8888
00940,元大台灣價值高息,1734,934,800,國泰-敦南,2024-09-06,8888
00945B,凱基美國非投等債,632,12,620,國泰-敦南,2024-09-06,8888
00918,大華優利高填息30,810,394,416,國泰-敦南,2024-09-06,8888
00951,台新日本半導體,441,94,347,國泰-敦南,2024-09-06,8888
00941,中信上游半導體,402,59,343,國泰-敦南,2024-09-06,8888
1815,富喬,1341,1018,323,國泰-敦南,2024-09-06,8888
1314,中石化,554,247,307,國泰-敦南,2024-09-06,8888
00857B,永豐20年美公債,491,209,282,國泰-敦南,2024-09-06,8888
2002,中鋼,371,117,254,國泰-敦南,2024-09-06,8888
5905,南仁湖,1265,1018,247,國泰-敦南,2024-09-06,8888
2891,中信金,831,592,239,國泰-敦南,2024-09-06,8888
00830,國泰費城半導體,247,20,227,國泰-敦南,2024-09-06,8888
2344,華邦電,329,105,224,國泰-敦南,2024-09-06,8888
2464,盟立,955,740,215,國泰-敦南,2024-09-06,8888
3481,群創,375,198,177,國泰-敦南,2024-09-06,8888
00937B,群益ESG投等債20,1990,1816,174,國泰-敦南,2024-09-06,8888
00664R,國泰臺灣加權反1,180,12,168,國泰-敦南,2024-09-06,8888
00642U,期元大S＆P石油,196,28,168,國泰-敦南,2024-09-06,8888
6770,力積電,280,113,167,國泰-敦南,2024-09-06,8888
4566,時碩工業,333,170,163,國泰-敦南,2024-09-06,8888
00713,元大台灣高息低波,419,256,163,國泰-敦南,2024-09-06,8888
5340,建榮,238,79,159,國泰-敦南,2024-09-06,8888
2349,錸德,341,186,155,國泰-敦南,2024-09-06,8888
00930,永豐ESG低碳高息,212,58,154,國泰-敦南,2024-09-06,8888
2888,新光金,715,576,139,國泰-敦南,2024-09-06,8888
2610,華航,207,73,134,國泰-敦南,2024-09-06,8888
0056,元大高股息,522,398,124,國泰-敦南,2024-09-06,8888
00909,國泰數位支付服務,121,4,117,國泰-敦南,2024-09-06,8888
2313,華通,445,330,115,國泰-敦南,2024-09-06,8888
8374,羅昇,1022,913,109,國泰-敦南,2024-09-06,8888
2883,凱基金,370,264,106,國泰-敦南,2024-09-06,8888
2883B,凱基金乙特,112,9,103,國泰-敦南,2024-09-06,8888
3019,亞光,554,455,99,國泰-敦南,2024-09-06,8888
6405,悅城,1104,1005,99,國泰-敦南,2024-09-06,8888
00779B,凱基美債25+,94,0,94,國泰-敦南,2024-09-06,8888
3581,博磊,678,584,94,國泰-敦南,2024-09-06,8888
1316,上曜,155,64,91,國泰-敦南,2024-09-06,8888
4306,炎洲,171,83,88,國泰-敦南,2024-09-06,8888
2337,旺宏,155,72,83,國泰-敦南,2024-09-06,8888
00915,凱基優選高股息30,501,419,82,國泰-敦南,2024-09-06,8888
6186,新潤,113,36,77,國泰-敦南,2024-09-06,8888
2367,燿華,259,183,76,國泰-敦南,2024-09-06,8888
1711,永光,597,523,74,國泰-敦南,2024-09-06,8888
00952,凱基台灣AI50,189,116,73,國泰-敦南,2024-09-06,8888
2497,怡利電,932,864,68,國泰-敦南,2024-09-06,8888
00919,群益台灣精選高息,7863,1430,6433,國泰-敦南,2024-09-09,8888
00929,復華台灣科技優息,6811,2538,4273,國泰-敦南,2024-09-09,8888
00878,國泰永續高股息,4812,975,3837,國泰-敦南,2024-09-09,8888
00632R,元大台灣50反1,7573,5661,1912,國泰-敦南,2024-09-09,8888
00918,大華優利高填息30,1549,222,1327,國泰-敦南,2024-09-09,8888
0056,元大高股息,1761,488,1273,國泰-敦南,2024-09-09,8888
00915,凱基優選高股息30,1404,184,1220,國泰-敦南,2024-09-09,8888
00715L,期街口布蘭特正2,1190,134,1056,國泰-敦南,2024-09-09,8888
2891,中信金,1174,256,918,國泰-敦南,2024-09-09,8888
00664R,國泰臺灣加權反1,1094,297,797,國泰-敦南,2024-09-09,8888
006208,富邦台50,921,152,769,國泰-敦南,2024-09-09,8888
00687B,國泰20年美債,2902,2139,763,國泰-敦南,2024-09-09,8888
2317,鴻海,1241,519,722,國泰-敦南,2024-09-09,8888
2885,元大金,887,165,722,國泰-敦南,2024-09-09,8888
2881,富邦金,743,87,656,國泰-敦南,2024-09-09,8888
00713,元大台灣高息低波,792,151,641,國泰-敦南,2024-09-09,8888
00881,國泰台灣5G+,684,157,527,國泰-敦南,2024-09-09,8888
00671R,富邦NASDAQ反1,503,22,481,國泰-敦南,2024-09-09,8888
00940,元大台灣價值高息,2161,1715,446,國泰-敦南,2024-09-09,8888
2330,台積電,477,118,359,國泰-敦南,2024-09-09,8888
00951,台新日本半導體,454,97,357,國泰-敦南,2024-09-09,8888
00923,群益台ESG低碳50,449,122,327,國泰-敦南,2024-09-09,8888
00830,國泰費城半導體,366,49,317,國泰-敦南,2024-09-09,8888
00952,凱基台灣AI50,347,33,314,國泰-敦南,2024-09-09,8888
2002,中鋼,451,148,303,國泰-敦南,2024-09-09,8888
00943,兆豐電子高息等權,320,18,302,國泰-敦南,2024-09-09,8888
00665L,富邦�琤肭磪囓�2,463,177,286,國泰-敦南,2024-09-09,8888
00930,永豐ESG低碳高息,302,18,284,國泰-敦南,2024-09-09,8888
00946,群益科技高息成長,547,271,276,國泰-敦南,2024-09-09,8888
00935,野村臺灣新科技50,346,71,275,國泰-敦南,2024-09-09,8888
2382,廣達,493,235,258,國泰-敦南,2024-09-09,8888
1540,喬福,1320,1088,232,國泰-敦南,2024-09-09,8888
00642U,期元大S＆P石油,230,5,225,國泰-敦南,2024-09-09,8888
0050,元大台灣50,433,219,214,國泰-敦南,2024-09-09,8888
00688L,國泰20年美債正2,1293,1080,213,國泰-敦南,2024-09-09,8888
00753L,中信中國50正2,483,286,197,國泰-敦南,2024-09-09,8888
6505,台塑化,229,33,196,國泰-敦南,2024-09-09,8888
00751B,元大AAA至A公司債,210,23,187,國泰-敦南,2024-09-09,8888
00675L,富邦臺灣加權正2,421,235,186,國泰-敦南,2024-09-09,8888
00891,中信關鍵半導體,206,28,178,國泰-敦南,2024-09-09,8888
2618,長榮航,298,128,170,國泰-敦南,2024-09-09,8888
00631L,元大台灣50正2,389,224,165,國泰-敦南,2024-09-09,8888
1314,中石化,521,357,164,國泰-敦南,2024-09-09,8888
2356,英業達,353,190,163,國泰-敦南,2024-09-09,8888
4306,炎洲,195,36,159,國泰-敦南,2024-09-09,8888
00927,群益半導體收益,224,69,155,國泰-敦南,2024-09-09,8888
00882,中信中國高股息,688,534,154,國泰-敦南,2024-09-09,8888
2882,國泰金,364,215,149,國泰-敦南,2024-09-09,8888
2615,萬海,377,241,136,國泰-敦南,2024-09-09,8888
2883,凱基金,272,140,132,國泰-敦南,2024-09-09,8888
00919,群益台灣精選高息,6517,1079,5438,國泰-敦南,2024-09-10,8888
00929,復華台灣科技優息,6851,1694,5157,國泰-敦南,2024-09-10,8888
00878,國泰永續高股息,3233,1165,2068,國泰-敦南,2024-09-10,8888
0056,元大高股息,2078,310,1768,國泰-敦南,2024-09-10,8888
00918,大華優利高填息30,1910,217,1693,國泰-敦南,2024-09-10,8888
00940,元大台灣價值高息,2754,1328,1426,國泰-敦南,2024-09-10,8888
00948B,中信優息投資級債,1016,148,868,國泰-敦南,2024-09-10,8888
2317,鴻海,1744,886,858,國泰-敦南,2024-09-10,8888
00687B,國泰20年美債,2824,1981,843,國泰-敦南,2024-09-10,8888
00946,群益科技高息成長,955,236,719,國泰-敦南,2024-09-10,8888
00915,凱基優選高股息30,883,165,718,國泰-敦南,2024-09-10,8888
00632R,元大台灣50反1,6606,5995,611,國泰-敦南,2024-09-10,8888
00715L,期街口布蘭特正2,969,404,565,國泰-敦南,2024-09-10,8888
00671R,富邦NASDAQ反1,562,0,562,國泰-敦南,2024-09-10,8888
00713,元大台灣高息低波,673,144,529,國泰-敦南,2024-09-10,8888
2382,廣達,891,376,515,國泰-敦南,2024-09-10,8888
00943,兆豐電子高息等權,513,11,502,國泰-敦南,2024-09-10,8888
3481,群創,853,396,457,國泰-敦南,2024-09-10,8888
1316,上曜,471,102,369,國泰-敦南,2024-09-10,8888
3047,訊舟,1660,1313,347,國泰-敦南,2024-09-10,8888
8249,菱光,2071,1760,311,國泰-敦南,2024-09-10,8888
00934,中信成長高股息,463,214,249,國泰-敦南,2024-09-10,8888
5460,同協,1140,898,242,國泰-敦南,2024-09-10,8888
2337,旺宏,322,86,236,國泰-敦南,2024-09-10,8888
2002,中鋼,379,155,224,國泰-敦南,2024-09-10,8888
00881,國泰台灣5G+,602,382,220,國泰-敦南,2024-09-10,8888
3535,晶彩科,452,235,217,國泰-敦南,2024-09-10,8888
00932,兆豐永續高息等權,236,39,197,國泰-敦南,2024-09-10,8888
00930,永豐ESG低碳高息,255,62,193,國泰-敦南,2024-09-10,8888
00882,中信中國高股息,265,79,186,國泰-敦南,2024-09-10,8888
5443,均豪,1120,939,181,國泰-敦南,2024-09-10,8888
00952,凱基台灣AI50,408,235,173,國泰-敦南,2024-09-10,8888
4956,光鋐,515,344,171,國泰-敦南,2024-09-10,8888
00927,群益半導體收益,202,35,167,國泰-敦南,2024-09-10,8888
5871,中租-KY,192,28,164,國泰-敦南,2024-09-10,8888
2365,昆盈,598,440,158,國泰-敦南,2024-09-10,8888
00935,野村臺灣新科技50,236,80,156,國泰-敦南,2024-09-10,8888
2349,錸德,376,230,146,國泰-敦南,2024-09-10,8888
2408,南亞科,198,52,146,國泰-敦南,2024-09-10,8888
006208,富邦台50,287,143,144,國泰-敦南,2024-09-10,8888
8150,南茂,154,16,138,國泰-敦南,2024-09-10,8888
2891,中信金,604,469,135,國泰-敦南,2024-09-10,8888
1301,台塑,224,93,131,國泰-敦南,2024-09-10,8888
2883,凱基金,299,174,125,國泰-敦南,2024-09-10,8888
00905,FT臺灣Smart,191,68,123,國泰-敦南,2024-09-10,8888
00936,台新永續高息中小,365,244,121,國泰-敦南,2024-09-10,8888
00642U,期元大S＆P石油,133,14,119,國泰-敦南,2024-09-10,8888
0050,元大台灣50,236,118,118,國泰-敦南,2024-09-10,8888
2313,華通,527,412,115,國泰-敦南,2024-09-10,8888
2402,毅嘉,467,355,112,國泰-敦南,2024-09-10,8888
00687B,國泰20年美債,5005,2068,2937,國泰-敦南,2024-09-11,8888
00632R,元大台灣50反1,4595,1720,2875,國泰-敦南,2024-09-11,8888
00929,復華台灣科技優息,4176,1560,2616,國泰-敦南,2024-09-11,8888
00715L,期街口布蘭特正2,2803,462,2341,國泰-敦南,2024-09-11,8888
00878,國泰永續高股息,2790,744,2046,國泰-敦南,2024-09-11,8888
00688L,國泰20年美債正2,3706,1666,2040,國泰-敦南,2024-09-11,8888
00919,群益台灣精選高息,2570,1214,1356,國泰-敦南,2024-09-11,8888
00948B,中信優息投資級債,1534,369,1165,國泰-敦南,2024-09-11,8888
2891,中信金,1205,170,1035,國泰-敦南,2024-09-11,8888
00915,凱基優選高股息30,1004,76,928,國泰-敦南,2024-09-11,8888
00940,元大台灣價值高息,1778,1032,746,國泰-敦南,2024-09-11,8888
0056,元大高股息,910,244,666,國泰-敦南,2024-09-11,8888
00713,元大台灣高息低波,689,71,618,國泰-敦南,2024-09-11,8888
00671R,富邦NASDAQ反1,640,26,614,國泰-敦南,2024-09-11,8888
00918,大華優利高填息30,696,117,579,國泰-敦南,2024-09-11,8888
00664R,國泰臺灣加權反1,473,31,442,國泰-敦南,2024-09-11,8888
00882,中信中國高股息,629,211,418,國泰-敦南,2024-09-11,8888
9105,泰金寶-DR,670,295,375,國泰-敦南,2024-09-11,8888
2883,凱基金,431,89,342,國泰-敦南,2024-09-11,8888
00642U,期元大S＆P石油,352,10,342,國泰-敦南,2024-09-11,8888
00679B,元大美債20年,1713,1377,336,國泰-敦南,2024-09-11,8888
00934,中信成長高股息,494,175,319,國泰-敦南,2024-09-11,8888
00946,群益科技高息成長,418,168,250,國泰-敦南,2024-09-11,8888
1522,堤維西,579,335,244,國泰-敦南,2024-09-11,8888
2834,臺企銀,324,82,242,國泰-敦南,2024-09-11,8888
00712,復華富時不動產,505,272,233,國泰-敦南,2024-09-11,8888
00943,兆豐電子高息等權,247,30,217,國泰-敦南,2024-09-11,8888
2002,中鋼,433,230,203,國泰-敦南,2024-09-11,8888
1316,上曜,236,52,184,國泰-敦南,2024-09-11,8888
006208,富邦台50,289,106,183,國泰-敦南,2024-09-11,8888
00941,中信上游半導體,251,70,181,國泰-敦南,2024-09-11,8888
1718,中纖,236,57,179,國泰-敦南,2024-09-11,8888
00680L,元大美債20正2,2310,2134,176,國泰-敦南,2024-09-11,8888
2881,富邦金,229,55,174,國泰-敦南,2024-09-11,8888
00881,國泰台灣5G+,276,114,162,國泰-敦南,2024-09-11,8888
00959B,大華投等美債15Y+,195,33,162,國泰-敦南,2024-09-11,8888
00719B,元大美債1-3,226,69,157,國泰-敦南,2024-09-11,8888
00930,永豐ESG低碳高息,156,1,155,國泰-敦南,2024-09-11,8888
00945B,凱基美國非投等債,200,46,154,國泰-敦南,2024-09-11,8888
00753L,中信中國50正2,272,123,149,國泰-敦南,2024-09-11,8888
00936,台新永續高息中小,432,286,146,國泰-敦南,2024-09-11,8888
00665L,富邦�琤肭磪囓�2,789,647,142,國泰-敦南,2024-09-11,8888
5215,科嘉-KY,139,1,138,國泰-敦南,2024-09-11,8888
3511,矽瑪,244,108,136,國泰-敦南,2024-09-11,8888
00935,野村臺灣新科技50,168,35,133,國泰-敦南,2024-09-11,8888
3715,定穎投控,339,210,129,國泰-敦南,2024-09-11,8888
2542,興富發,279,150,129,國泰-敦南,2024-09-11,8888
00720B,元大投資級公司債,225,98,127,國泰-敦南,2024-09-11,8888
4566,時碩工業,400,279,121,國泰-敦南,2024-09-11,8888
00650L,復華香港正2,377,257,120,國泰-敦南,2024-09-11,8888
00632R,元大台灣50反1,9463,3281,6182,國泰-敦南,2024-09-12,8888
00687B,國泰20年美債,4561,2049,2512,國泰-敦南,2024-09-12,8888
00919,群益台灣精選高息,2160,1025,1135,國泰-敦南,2024-09-12,8888
2891,中信金,1352,272,1080,國泰-敦南,2024-09-12,8888
00688L,國泰20年美債正2,2577,1519,1058,國泰-敦南,2024-09-12,8888
00937B,群益ESG投等債20,3006,2193,813,國泰-敦南,2024-09-12,8888
00715L,期街口布蘭特正2,1231,542,689,國泰-敦南,2024-09-12,8888
2881,富邦金,636,92,544,國泰-敦南,2024-09-12,8888
00915,凱基優選高股息30,733,265,468,國泰-敦南,2024-09-12,8888
00959B,大華投等美債15Y+,458,17,441,國泰-敦南,2024-09-12,8888
00676R,富邦臺灣加權反1,413,22,391,國泰-敦南,2024-09-12,8888
00918,大華優利高填息30,1029,722,307,國泰-敦南,2024-09-12,8888
00712,復華富時不動產,498,246,252,國泰-敦南,2024-09-12,8888
00926,凱基全球菁英55,205,6,199,國泰-敦南,2024-09-12,8888
00945B,凱基美國非投等債,265,73,192,國泰-敦南,2024-09-12,8888
00664R,國泰臺灣加權反1,461,289,172,國泰-敦南,2024-09-12,8888
4153,鈺緯,181,11,170,國泰-敦南,2024-09-12,8888
00931B,統一美債20年,279,114,165,國泰-敦南,2024-09-12,8888
00713,元大台灣高息低波,338,174,164,國泰-敦南,2024-09-12,8888
6133,金橋,700,538,162,國泰-敦南,2024-09-12,8888
00943,兆豐電子高息等權,221,60,161,國泰-敦南,2024-09-12,8888
00857B,永豐20年美公債,185,36,149,國泰-敦南,2024-09-12,8888
5460,同協,963,819,144,國泰-敦南,2024-09-12,8888
2540,愛山林,193,50,143,國泰-敦南,2024-09-12,8888
6530,創威,1589,1466,123,國泰-敦南,2024-09-12,8888
3303,岱稜,832,715,117,國泰-敦南,2024-09-12,8888
1314,中石化,236,123,113,國泰-敦南,2024-09-12,8888
2497,怡利電,1166,1064,102,國泰-敦南,2024-09-12,8888
6134,萬旭,447,346,101,國泰-敦南,2024-09-12,8888
3312,弘憶股,397,297,100,國泰-敦南,2024-09-12,8888
2467,志聖,381,282,99,國泰-敦南,2024-09-12,8888
3481,群創,422,328,94,國泰-敦南,2024-09-12,8888
2349,錸德,326,238,88,國泰-敦南,2024-09-12,8888
00930,永豐ESG低碳高息,110,23,87,國泰-敦南,2024-09-12,8888
00921,兆豐龍頭等權重,134,53,81,國泰-敦南,2024-09-12,8888
2887,台新金,681,613,68,國泰-敦南,2024-09-12,8888
00753L,中信中國50正2,215,148,67,國泰-敦南,2024-09-12,8888
5347,世界,166,101,65,國泰-敦南,2024-09-12,8888
5381,合正,118,56,62,國泰-敦南,2024-09-12,8888
6194,育富,488,428,60,國泰-敦南,2024-09-12,8888
2364,倫飛,125,66,59,國泰-敦南,2024-09-12,8888
8096,擎亞,211,155,56,國泰-敦南,2024-09-12,8888
8032,光菱,124,69,55,國泰-敦南,2024-09-12,8888
8473,山林水,58,6,52,國泰-敦南,2024-09-12,8888
00719B,元大美債1-3,87,36,51,國泰-敦南,2024-09-12,8888
3707,漢磊,111,60,51,國泰-敦南,2024-09-12,8888
1617,榮星,51,1,50,國泰-敦南,2024-09-12,8888
2313,華通,246,198,48,國泰-敦南,2024-09-12,8888
1323,永裕,47,0,47,國泰-敦南,2024-09-12,8888
2371,大同,615,568,47,國泰-敦南,2024-09-12,8888
00687B,國泰20年美債,5017,1845,3172,國泰-敦南,2024-09-13,8888
00919,群益台灣精選高息,3494,788,2706,國泰-敦南,2024-09-13,8888
00929,復華台灣科技優息,3926,1281,2645,國泰-敦南,2024-09-13,8888
00918,大華優利高填息30,1748,274,1474,國泰-敦南,2024-09-13,8888
00712,復華富時不動產,1686,430,1256,國泰-敦南,2024-09-13,8888
00937B,群益ESG投等債20,1911,970,941,國泰-敦南,2024-09-13,8888
00945B,凱基美國非投等債,799,127,672,國泰-敦南,2024-09-13,8888
00680L,元大美債20正2,2154,1490,664,國泰-敦南,2024-09-13,8888
00679B,元大美債20年,1184,625,559,國泰-敦南,2024-09-13,8888
00878,國泰永續高股息,1057,546,511,國泰-敦南,2024-09-13,8888
00933B,國泰10Y+金融債,629,137,492,國泰-敦南,2024-09-13,8888
00915,凱基優選高股息30,536,134,402,國泰-敦南,2024-09-13,8888
00688L,國泰20年美債正2,921,563,358,國泰-敦南,2024-09-13,8888
1540,喬福,3206,2866,340,國泰-敦南,2024-09-13,8888
4510,高鋒,1420,1104,316,國泰-敦南,2024-09-13,8888
00719B,元大美債1-3,236,9,227,國泰-敦南,2024-09-13,8888
2317,鴻海,525,298,227,國泰-敦南,2024-09-13,8888
00713,元大台灣高息低波,335,146,189,國泰-敦南,2024-09-13,8888
00934,中信成長高股息,253,75,178,國泰-敦南,2024-09-13,8888
00946,群益科技高息成長,208,34,174,國泰-敦南,2024-09-13,8888
00864B,中信美國公債0-1,172,0,172,國泰-敦南,2024-09-13,8888
3013,晟銘電,686,516,170,國泰-敦南,2024-09-13,8888
0056,元大高股息,394,233,161,國泰-敦南,2024-09-13,8888
2883,凱基金,327,183,144,國泰-敦南,2024-09-13,8888
8039,台虹,748,623,125,國泰-敦南,2024-09-13,8888
00857B,永豐20年美公債,195,73,122,國泰-敦南,2024-09-13,8888
00950B,凱基A級公司債,126,4,122,國泰-敦南,2024-09-13,8888
8064,東捷,439,321,118,國泰-敦南,2024-09-13,8888
3511,矽瑪,160,45,115,國泰-敦南,2024-09-13,8888
00927,群益半導體收益,156,44,112,國泰-敦南,2024-09-13,8888
00664R,國泰臺灣加權反1,132,27,105,國泰-敦南,2024-09-13,8888
2501,國建,105,4,101,國泰-敦南,2024-09-13,8888
4979,華星光,1030,930,100,國泰-敦南,2024-09-13,8888
2449,京元電子,187,95,92,國泰-敦南,2024-09-13,8888
4950,牧東,96,7,89,國泰-敦南,2024-09-13,8888
00942B,台新美A公司債20+,90,3,87,國泰-敦南,2024-09-13,8888
2883B,凱基金乙特,94,10,84,國泰-敦南,2024-09-13,8888
00637L,元大滬深300正2,161,78,83,國泰-敦南,2024-09-13,8888
1711,永光,468,385,83,國泰-敦南,2024-09-13,8888
00795B,中信美國公債20年,334,258,76,國泰-敦南,2024-09-13,8888
00930,永豐ESG低碳高息,83,8,75,國泰-敦南,2024-09-13,8888
2402,毅嘉,189,118,71,國泰-敦南,2024-09-13,8888
2890,永豐金,86,15,71,國泰-敦南,2024-09-13,8888
4909,新復興,1593,1522,71,國泰-敦南,2024-09-13,8888
3663,鑫科,592,523,69,國泰-敦南,2024-09-13,8888
5347,世界,125,59,66,國泰-敦南,2024-09-13,8888
00921,兆豐龍頭等權重,127,62,65,國泰-敦南,2024-09-13,8888
00673R,期元大S＆P原油反1,246,181,65,國泰-敦南,2024-09-13,8888
3363,上詮,190,126,64,國泰-敦南,2024-09-13,8888
00751B,元大AAA至A公司債,185,122,63,國泰-敦南,2024-09-13,8888
00687B,國泰20年美債,7252,981,6271,國泰-敦南,2024-09-16,8888
00919,群益台灣精選高息,3014,543,2471,國泰-敦南,2024-09-16,8888
00948B,中信優息投資級債,1909,54,1855,國泰-敦南,2024-09-16,8888
00937B,群益ESG投等債20,2561,1001,1560,國泰-敦南,2024-09-16,8888
00688L,國泰20年美債正2,1968,639,1329,國泰-敦南,2024-09-16,8888
00713,元大台灣高息低波,1409,84,1325,國泰-敦南,2024-09-16,8888
00918,大華優利高填息30,1597,490,1107,國泰-敦南,2024-09-16,8888
00915,凱基優選高股息30,1261,219,1042,國泰-敦南,2024-09-16,8888
00679B,元大美債20年,1912,1175,737,國泰-敦南,2024-09-16,8888
00632R,元大台灣50反1,1433,917,516,國泰-敦南,2024-09-16,8888
00673R,期元大S＆P原油反1,530,55,475,國泰-敦南,2024-09-16,8888
00933B,國泰10Y+金融債,721,335,386,國泰-敦南,2024-09-16,8888
00878,國泰永續高股息,1203,830,373,國泰-敦南,2024-09-16,8888
3360,尚立,796,450,346,國泰-敦南,2024-09-16,8888
00751B,元大AAA至A公司債,418,81,337,國泰-敦南,2024-09-16,8888
00795B,中信美國公債20年,507,210,297,國泰-敦南,2024-09-16,8888
2349,錸德,2431,2160,271,國泰-敦南,2024-09-16,8888
00945B,凱基美國非投等債,395,140,255,國泰-敦南,2024-09-16,8888
2888,新光金,827,628,199,國泰-敦南,2024-09-16,8888
00882,中信中國高股息,274,91,183,國泰-敦南,2024-09-16,8888
3019,亞光,440,260,180,國泰-敦南,2024-09-16,8888
1540,喬福,1685,1514,171,國泰-敦南,2024-09-16,8888
00715L,期街口布蘭特正2,632,461,171,國泰-敦南,2024-09-16,8888
00953B,群益優選非投等債,180,14,166,國泰-敦南,2024-09-16,8888
00943,兆豐電子高息等權,230,72,158,國泰-敦南,2024-09-16,8888
5210,寶碩,164,6,158,國泰-敦南,2024-09-16,8888
5230,雷笛克光學,735,580,155,國泰-敦南,2024-09-16,8888
00719B,元大美債1-3,195,42,153,國泰-敦南,2024-09-16,8888
00942B,台新美A公司債20+,150,9,141,國泰-敦南,2024-09-16,8888
2883B,凱基金乙特,142,3,139,國泰-敦南,2024-09-16,8888
2332,友訊,223,85,138,國泰-敦南,2024-09-16,8888
1711,永光,1407,1273,134,國泰-敦南,2024-09-16,8888
00857B,永豐20年美公債,257,125,132,國泰-敦南,2024-09-16,8888
00706L,期元大S＆P日圓正2,387,258,129,國泰-敦南,2024-09-16,8888
00921,兆豐龍頭等權重,165,51,114,國泰-敦南,2024-09-16,8888
9105,泰金寶-DR,299,188,111,國泰-敦南,2024-09-16,8888
00664R,國泰臺灣加權反1,213,106,107,國泰-敦南,2024-09-16,8888
00934,中信成長高股息,171,65,106,國泰-敦南,2024-09-16,8888
5460,同協,322,216,106,國泰-敦南,2024-09-16,8888
00740B,富邦全球投等債,106,1,105,國泰-敦南,2024-09-16,8888
3033,威健,137,33,104,國泰-敦南,2024-09-16,8888
1301,台塑,418,317,101,國泰-敦南,2024-09-16,8888
00946,群益科技高息成長,219,122,97,國泰-敦南,2024-09-16,8888
1528,恩德,123,28,95,國泰-敦南,2024-09-16,8888
3021,鴻名,184,90,94,國泰-敦南,2024-09-16,8888
6187,萬潤,830,739,91,國泰-敦南,2024-09-16,8888
1815,富喬,298,209,89,國泰-敦南,2024-09-16,8888
2431,聯昌,153,74,79,國泰-敦南,2024-09-16,8888
1102,亞泥,95,17,78,國泰-敦南,2024-09-16,8888
911608,明輝-DR,78,0,78,國泰-敦南,2024-09-16,8888
00929,復華台灣科技優息,8682,1691,6991,國泰-敦南,2024-09-18,8888
00919,群益台灣精選高息,5164,1561,3603,國泰-敦南,2024-09-18,8888
00918,大華優利高填息30,2765,554,2211,國泰-敦南,2024-09-18,8888
00878,國泰永續高股息,2524,845,1679,國泰-敦南,2024-09-18,8888
00713,元大台灣高息低波,2029,398,1631,國泰-敦南,2024-09-18,8888
00687B,國泰20年美債,4307,2837,1470,國泰-敦南,2024-09-18,8888
00915,凱基優選高股息30,1550,386,1164,國泰-敦南,2024-09-18,8888
2317,鴻海,1490,451,1039,國泰-敦南,2024-09-18,8888
0056,元大高股息,1184,197,987,國泰-敦南,2024-09-18,8888
00706L,期元大S＆P日圓正2,1118,152,966,國泰-敦南,2024-09-18,8888
5905,南仁湖,1906,1227,679,國泰-敦南,2024-09-18,8888
00948B,中信優息投資級債,1095,424,671,國泰-敦南,2024-09-18,8888
00881,國泰台灣5G+,777,146,631,國泰-敦南,2024-09-18,8888
00679B,元大美債20年,1772,1193,579,國泰-敦南,2024-09-18,8888
00946,群益科技高息成長,777,291,486,國泰-敦南,2024-09-18,8888
00958B,永豐ESG銀行債15,475,15,460,國泰-敦南,2024-09-18,8888
00935,野村臺灣新科技50,501,66,435,國泰-敦南,2024-09-18,8888
2887,台新金,664,281,383,國泰-敦南,2024-09-18,8888
3481,群創,925,555,370,國泰-敦南,2024-09-18,8888
00945B,凱基美國非投等債,375,19,356,國泰-敦南,2024-09-18,8888
9105,泰金寶-DR,739,420,319,國泰-敦南,2024-09-18,8888
2867,三商壽,715,399,316,國泰-敦南,2024-09-18,8888
00934,中信成長高股息,511,215,296,國泰-敦南,2024-09-18,8888
00930,永豐ESG低碳高息,313,32,281,國泰-敦南,2024-09-18,8888
2313,華通,419,145,274,國泰-敦南,2024-09-18,8888
3062,建漢,1961,1708,253,國泰-敦南,2024-09-18,8888
00927,群益半導體收益,273,24,249,國泰-敦南,2024-09-18,8888
006208,富邦台50,336,117,219,國泰-敦南,2024-09-18,8888
00764B,群益25年美債,231,14,217,國泰-敦南,2024-09-18,8888
00685L,群益臺灣加權正2,227,16,211,國泰-敦南,2024-09-18,8888
00688L,國泰20年美債正2,2186,1975,211,國泰-敦南,2024-09-18,8888
2344,華邦電,295,88,207,國泰-敦南,2024-09-18,8888
00891,中信關鍵半導體,214,29,185,國泰-敦南,2024-09-18,8888
4538,大詠城,188,14,174,國泰-敦南,2024-09-18,8888
00779B,凱基美債25+,162,0,162,國泰-敦南,2024-09-18,8888
00943,兆豐電子高息等權,208,52,156,國泰-敦南,2024-09-18,8888
3550,聯穎,2018,1864,154,國泰-敦南,2024-09-18,8888
00673R,期元大S＆P原油反1,268,115,153,國泰-敦南,2024-09-18,8888
00954,中信日本半導體,158,5,153,國泰-敦南,2024-09-18,8888
00959B,大華投等美債15Y+,181,29,152,國泰-敦南,2024-09-18,8888
00922,國泰台灣領袖50,152,8,144,國泰-敦南,2024-09-18,8888
6609,瀧澤科,965,831,134,國泰-敦南,2024-09-18,8888
2889,國票金,197,66,131,國泰-敦南,2024-09-18,8888
1711,永光,2573,2443,130,國泰-敦南,2024-09-18,8888
2449,京元電子,250,124,126,國泰-敦南,2024-09-18,8888
2426,鼎元,459,334,125,國泰-敦南,2024-09-18,8888
00905,FT臺灣Smart,168,45,123,國泰-敦南,2024-09-18,8888
2515,中工,272,152,120,國泰-敦南,2024-09-18,8888
2070,精湛,544,425,119,國泰-敦南,2024-09-18,8888
1727,中華化,754,640,114,國泰-敦南,2024-09-18,8888
00929,復華台灣科技優息,5708,1102,4606,國泰-敦南,2024-09-19,8888
00919,群益台灣精選高息,4441,1386,3055,國泰-敦南,2024-09-19,8888
00687B,國泰20年美債,5442,3534,1908,國泰-敦南,2024-09-19,8888
00679B,元大美債20年,2697,949,1748,國泰-敦南,2024-09-19,8888
00915,凱基優選高股息30,1759,148,1611,國泰-敦南,2024-09-19,8888
00937B,群益ESG投等債20,3570,2066,1504,國泰-敦南,2024-09-19,8888
00680L,元大美債20正2,5117,3728,1389,國泰-敦南,2024-09-19,8888
00706L,期元大S＆P日圓正2,1445,227,1218,國泰-敦南,2024-09-19,8888
00948B,中信優息投資級債,1365,342,1023,國泰-敦南,2024-09-19,8888
00958B,永豐ESG銀行債15,880,12,868,國泰-敦南,2024-09-19,8888
3049,精金,4249,3432,817,國泰-敦南,2024-09-19,8888
00857B,永豐20年美公債,770,172,598,國泰-敦南,2024-09-19,8888
00918,大華優利高填息30,1173,642,531,國泰-敦南,2024-09-19,8888
00713,元大台灣高息低波,651,163,488,國泰-敦南,2024-09-19,8888
00931B,統一美債20年,592,242,350,國泰-敦南,2024-09-19,8888
00795B,中信美國公債20年,645,313,332,國泰-敦南,2024-09-19,8888
2243,宏旭-KY,779,469,310,國泰-敦南,2024-09-19,8888
00930,永豐ESG低碳高息,372,69,303,國泰-敦南,2024-09-19,8888
2891,中信金,774,533,241,國泰-敦南,2024-09-19,8888
00637L,元大滬深300正2,425,244,181,國泰-敦南,2024-09-19,8888
00764B,群益25年美債,262,86,176,國泰-敦南,2024-09-19,8888
2399,映泰,4137,3967,170,國泰-敦南,2024-09-19,8888
4513,福裕,1243,1083,160,國泰-敦南,2024-09-19,8888
00949,復華日本龍頭,192,38,154,國泰-敦南,2024-09-19,8888
00945B,凱基美國非投等債,306,161,145,國泰-敦南,2024-09-19,8888
00957B,兆豐US優選投等債,147,10,137,國泰-敦南,2024-09-19,8888
00676R,富邦臺灣加權反1,134,0,134,國泰-敦南,2024-09-19,8888
00933B,國泰10Y+金融債,510,377,133,國泰-敦南,2024-09-19,8888
1721,三晃,183,51,132,國泰-敦南,2024-09-19,8888
00751B,元大AAA至A公司債,219,90,129,國泰-敦南,2024-09-19,8888
2344,華邦電,269,144,125,國泰-敦南,2024-09-19,8888
4401,東隆興,176,59,117,國泰-敦南,2024-09-19,8888
00942B,台新美A公司債20+,321,206,115,國泰-敦南,2024-09-19,8888
5905,南仁湖,1260,1146,114,國泰-敦南,2024-09-19,8888
6151,晉倫,328,215,113,國泰-敦南,2024-09-19,8888
6830,汎銓,281,175,106,國泰-敦南,2024-09-19,8888
00740B,富邦全球投等債,103,1,102,國泰-敦南,2024-09-19,8888
2449,京元電子,233,139,94,國泰-敦南,2024-09-19,8888
4714,永捷,188,96,92,國泰-敦南,2024-09-19,8888
8011,台通,222,130,92,國泰-敦南,2024-09-19,8888
00671R,富邦NASDAQ反1,88,0,88,國泰-敦南,2024-09-19,8888
2002,中鋼,164,76,88,國泰-敦南,2024-09-19,8888
4153,鈺緯,98,12,86,國泰-敦南,2024-09-19,8888
6492,生華科,116,31,85,國泰-敦南,2024-09-19,8888
3583,辛耘,558,473,85,國泰-敦南,2024-09-19,8888
1609,大亞,118,38,80,國泰-敦南,2024-09-19,8888
2504,國產,134,62,72,國泰-敦南,2024-09-19,8888
6869,雲豹能源,381,309,72,國泰-敦南,2024-09-19,8888
3581,博磊,446,377,69,國泰-敦南,2024-09-19,8888
00696B,富邦美債20年,75,7,68,國泰-敦南,2024-09-19,8888
00919,群益台灣精選高息,8232,1515,6717,國泰-敦南,2024-09-20,8888
00915,凱基優選高股息30,2246,434,1812,國泰-敦南,2024-09-20,8888
00937B,群益ESG投等債20,4702,3154,1548,國泰-敦南,2024-09-20,8888
2888,新光金,4657,3263,1394,國泰-敦南,2024-09-20,8888
2399,映泰,5528,4784,744,國泰-敦南,2024-09-20,8888
00958B,永豐ESG銀行債15,731,54,677,國泰-敦南,2024-09-20,8888
00948B,中信優息投資級債,1174,516,658,國泰-敦南,2024-09-20,8888
1721,三晃,990,370,620,國泰-敦南,2024-09-20,8888
2542,興富發,1189,636,553,國泰-敦南,2024-09-20,8888
00960,野村全球航運龍頭,663,111,552,國泰-敦南,2024-09-20,8888
00929,復華台灣科技優息,2640,2131,509,國泰-敦南,2024-09-20,8888
00945B,凱基美國非投等債,452,7,445,國泰-敦南,2024-09-20,8888
2887,台新金,971,573,398,國泰-敦南,2024-09-20,8888
00713,元大台灣高息低波,673,282,391,國泰-敦南,2024-09-20,8888
00712,復華富時不動產,1085,749,336,國泰-敦南,2024-09-20,8888
00679B,元大美債20年,1453,1132,321,國泰-敦南,2024-09-20,8888
2867,三商壽,892,573,319,國泰-敦南,2024-09-20,8888
9105,泰金寶-DR,460,153,307,國泰-敦南,2024-09-20,8888
00673R,期元大S＆P原油反1,787,485,302,國泰-敦南,2024-09-20,8888
00637L,元大滬深300正2,520,222,298,國泰-敦南,2024-09-20,8888
4526,東台,1582,1322,260,國泰-敦南,2024-09-20,8888
3049,精金,1951,1712,239,國泰-敦南,2024-09-20,8888
2515,中工,620,383,237,國泰-敦南,2024-09-20,8888
4306,炎洲,412,176,236,國泰-敦南,2024-09-20,8888
4939,亞電,433,200,233,國泰-敦南,2024-09-20,8888
2464,盟立,3228,3012,216,國泰-敦南,2024-09-20,8888
00676R,富邦臺灣加權反1,244,28,216,國泰-敦南,2024-09-20,8888
1314,中石化,356,142,214,國泰-敦南,2024-09-20,8888
1316,上曜,603,408,195,國泰-敦南,2024-09-20,8888
5512,力麒,295,106,189,國泰-敦南,2024-09-20,8888
00944,野村趨勢動能高息,226,40,186,國泰-敦南,2024-09-20,8888
00764B,群益25年美債,185,12,173,國泰-敦南,2024-09-20,8888
2442,新美齊,186,15,171,國泰-敦南,2024-09-20,8888
4538,大詠城,161,10,151,國泰-敦南,2024-09-20,8888
00931B,統一美債20年,405,254,151,國泰-敦南,2024-09-20,8888
1808,潤隆,223,73,150,國泰-敦南,2024-09-20,8888
00952,凱基台灣AI50,192,49,143,國泰-敦南,2024-09-20,8888
5905,南仁湖,1370,1228,142,國泰-敦南,2024-09-20,8888
3062,建漢,2473,2334,139,國泰-敦南,2024-09-20,8888
2101,南港,176,49,127,國泰-敦南,2024-09-20,8888
8028,昇陽半導體,403,276,127,國泰-敦南,2024-09-20,8888
00947,台新臺灣IC設計,143,17,126,國泰-敦南,2024-09-20,8888
1714,和桐,133,17,116,國泰-敦南,2024-09-20,8888
4714,永捷,389,282,107,國泰-敦南,2024-09-20,8888
8064,東捷,649,544,105,國泰-敦南,2024-09-20,8888
3230,錦明,492,388,104,國泰-敦南,2024-09-20,8888
3047,訊舟,322,218,104,國泰-敦南,2024-09-20,8888
3550,聯穎,460,356,104,國泰-敦南,2024-09-20,8888
6177,達麗,204,101,103,國泰-敦南,2024-09-20,8888
4729,熒茂,462,359,103,國泰-敦南,2024-09-20,8888
00919,群益台灣精選高息,6047,1748,4299,國泰-敦南,2024-09-23,8888
00937B,群益ESG投等債20,5604,1726,3878,國泰-敦南,2024-09-23,8888
00632R,元大台灣50反1,1569,264,1305,國泰-敦南,2024-09-23,8888
00929,復華台灣科技優息,2535,1521,1014,國泰-敦南,2024-09-23,8888
00679B,元大美債20年,1548,913,635,國泰-敦南,2024-09-23,8888
00706L,期元大S＆P日圓正2,600,83,517,國泰-敦南,2024-09-23,8888
00948B,中信優息投資級債,836,371,465,國泰-敦南,2024-09-23,8888
00915,凱基優選高股息30,593,172,421,國泰-敦南,2024-09-23,8888
1711,永光,1848,1471,377,國泰-敦南,2024-09-23,8888
00945B,凱基美國非投等債,550,203,347,國泰-敦南,2024-09-23,8888
1314,中石化,368,54,314,國泰-敦南,2024-09-23,8888
2464,盟立,939,651,288,國泰-敦南,2024-09-23,8888
00958B,永豐ESG銀行債15,254,12,242,國泰-敦南,2024-09-23,8888
2495,普安,716,497,219,國泰-敦南,2024-09-23,8888
0056,元大高股息,583,378,205,國泰-敦南,2024-09-23,8888
2867,三商壽,424,235,189,國泰-敦南,2024-09-23,8888
1785,光洋科,843,655,188,國泰-敦南,2024-09-23,8888
1727,中華化,992,809,183,國泰-敦南,2024-09-23,8888
1776,展宇,414,241,173,國泰-敦南,2024-09-23,8888
00960,野村全球航運龍頭,231,60,171,國泰-敦南,2024-09-23,8888
00713,元大台灣高息低波,499,330,169,國泰-敦南,2024-09-23,8888
8473,山林水,257,94,163,國泰-敦南,2024-09-23,8888
3615,安可,761,598,163,國泰-敦南,2024-09-23,8888
2449,京元電子,335,175,160,國泰-敦南,2024-09-23,8888
00952,凱基台灣AI50,207,62,145,國泰-敦南,2024-09-23,8888
00795B,中信美國公債20年,419,274,145,國泰-敦南,2024-09-23,8888
2344,華邦電,219,83,136,國泰-敦南,2024-09-23,8888
00857B,永豐20年美公債,155,24,131,國泰-敦南,2024-09-23,8888
00764B,群益25年美債,138,7,131,國泰-敦南,2024-09-23,8888
00687B,國泰20年美債,2678,2555,123,國泰-敦南,2024-09-23,8888
00673R,期元大S＆P原油反1,201,80,121,國泰-敦南,2024-09-23,8888
2070,精湛,821,706,115,國泰-敦南,2024-09-23,8888
2425,承啟,648,533,115,國泰-敦南,2024-09-23,8888
2537,聯上發,332,218,114,國泰-敦南,2024-09-23,8888
1304,台聚,139,25,114,國泰-敦南,2024-09-23,8888
2409,友達,227,119,108,國泰-敦南,2024-09-23,8888
00934,中信成長高股息,306,200,106,國泰-敦南,2024-09-23,8888
4526,東台,302,198,104,國泰-敦南,2024-09-23,8888
4707,磐亞,353,254,99,國泰-敦南,2024-09-23,8888
2542,興富發,534,435,99,國泰-敦南,2024-09-23,8888
4716,大立,1147,1050,97,國泰-敦南,2024-09-23,8888
6606,建德工業,114,17,97,國泰-敦南,2024-09-23,8888
3374,精材,237,142,95,國泰-敦南,2024-09-23,8888
4720,德淵,165,73,92,國泰-敦南,2024-09-23,8888
2399,映泰,1981,1889,92,國泰-敦南,2024-09-23,8888
1532,勤美,108,23,85,國泰-敦南,2024-09-23,8888
2353,宏��,105,23,82,國泰-敦南,2024-09-23,8888
2388,威盛,317,236,81,國泰-敦南,2024-09-23,8888
6218,豪勉,137,56,81,國泰-敦南,2024-09-23,8888
8074,鉅橡,116,38,78,國泰-敦南,2024-09-23,8888
00680L,元大美債20正2,4176,1104,3072,國泰-敦南,2024-09-24,8888
00937B,群益ESG投等債20,3589,1301,2288,國泰-敦南,2024-09-24,8888
00929,復華台灣科技優息,3018,1178,1840,國泰-敦南,2024-09-24,8888
00687B,國泰20年美債,2491,851,1640,國泰-敦南,2024-09-24,8888
00919,群益台灣精選高息,2755,1681,1074,國泰-敦南,2024-09-24,8888
00948B,中信優息投資級債,1142,188,954,國泰-敦南,2024-09-24,8888
00679B,元大美債20年,1466,573,893,國泰-敦南,2024-09-24,8888
00688L,國泰20年美債正2,1438,557,881,國泰-敦南,2024-09-24,8888
2891,中信金,1237,580,657,國泰-敦南,2024-09-24,8888
00960,野村全球航運龍頭,768,247,521,國泰-敦南,2024-09-24,8888
00632R,元大台灣50反1,3306,2787,519,國泰-敦南,2024-09-24,8888
00712,復華富時不動產,1182,670,512,國泰-敦南,2024-09-24,8888
00945B,凱基美國非投等債,465,4,461,國泰-敦南,2024-09-24,8888
0056,元大高股息,750,342,408,國泰-敦南,2024-09-24,8888
3715,定穎投控,3841,3481,360,國泰-敦南,2024-09-24,8888
00915,凱基優選高股息30,492,151,341,國泰-敦南,2024-09-24,8888
3149,正達,2748,2442,306,國泰-敦南,2024-09-24,8888
2349,錸德,1211,912,299,國泰-敦南,2024-09-24,8888
00944,野村趨勢動能高息,343,55,288,國泰-敦南,2024-09-24,8888
3013,晟銘電,2440,2181,259,國泰-敦南,2024-09-24,8888
00706L,期元大S＆P日圓正2,387,136,251,國泰-敦南,2024-09-24,8888
2609,陽明,3071,2829,242,國泰-敦南,2024-09-24,8888
1314,中石化,315,79,236,國泰-敦南,2024-09-24,8888
00922,國泰台灣領袖50,468,233,235,國泰-敦南,2024-09-24,8888
00946,群益科技高息成長,406,171,235,國泰-敦南,2024-09-24,8888
2890,永豐金,288,86,202,國泰-敦南,2024-09-24,8888
2888,新光金,910,709,201,國泰-敦南,2024-09-24,8888
6405,悅城,589,388,201,國泰-敦南,2024-09-24,8888
3605,宏致,446,251,195,國泰-敦南,2024-09-24,8888
00958B,永豐ESG銀行債15,259,66,193,國泰-敦南,2024-09-24,8888
00953B,群益優選非投等債,228,39,189,國泰-敦南,2024-09-24,8888
1539,巨庭,431,249,182,國泰-敦南,2024-09-24,8888
4716,大立,618,444,174,國泰-敦南,2024-09-24,8888
6177,達麗,330,162,168,國泰-敦南,2024-09-24,8888
2344,華邦電,282,136,146,國泰-敦南,2024-09-24,8888
3374,精材,418,276,142,國泰-敦南,2024-09-24,8888
3037,欣興,233,96,137,國泰-敦南,2024-09-24,8888
00720B,元大投資級公司債,163,34,129,國泰-敦南,2024-09-24,8888
00957B,兆豐US優選投等債,133,4,129,國泰-敦南,2024-09-24,8888
00636,國泰中國A50,140,27,113,國泰-敦南,2024-09-24,8888
2388,威盛,416,307,109,國泰-敦南,2024-09-24,8888
00952,凱基台灣AI50,142,33,109,國泰-敦南,2024-09-24,8888
6506,雙邦,169,62,107,國泰-敦南,2024-09-24,8888
00795B,中信美國公債20年,316,214,102,國泰-敦南,2024-09-24,8888
2313,華通,238,138,100,國泰-敦南,2024-09-24,8888
00954,中信日本半導體,120,23,97,國泰-敦南,2024-09-24,8888
1815,富喬,209,113,96,國泰-敦南,2024-09-24,8888
2481,強茂,371,276,95,國泰-敦南,2024-09-24,8888
3581,博磊,450,357,93,國泰-敦南,2024-09-24,8888
3167,大量,1232,1142,90,國泰-敦南,2024-09-24,8888
00922,國泰台灣領袖50,2742,135,2607,國泰-敦南,2024-09-25,8888
00650L,復華香港正2,2130,776,1354,國泰-敦南,2024-09-25,8888
00687B,國泰20年美債,3082,1734,1348,國泰-敦南,2024-09-25,8888
3550,聯穎,4836,3781,1055,國泰-敦南,2024-09-25,8888
00679B,元大美債20年,1719,673,1046,國泰-敦南,2024-09-25,8888
00937B,群益ESG投等債20,2778,1965,813,國泰-敦南,2024-09-25,8888
00948B,中信優息投資級債,1179,381,798,國泰-敦南,2024-09-25,8888
6015,宏遠證,806,14,792,國泰-敦南,2024-09-25,8888
00960,野村全球航運龍頭,2989,2212,777,國泰-敦南,2024-09-25,8888
00945B,凱基美國非投等債,547,7,540,國泰-敦南,2024-09-25,8888
00795B,中信美國公債20年,493,30,463,國泰-敦南,2024-09-25,8888
1711,永光,971,512,459,國泰-敦南,2024-09-25,8888
3149,正達,1258,846,412,國泰-敦南,2024-09-25,8888
00673R,期元大S＆P原油反1,467,92,375,國泰-敦南,2024-09-25,8888
00637L,元大滬深300正2,1407,1075,332,國泰-敦南,2024-09-25,8888
8070,長華*,928,615,313,國泰-敦南,2024-09-25,8888
2888,新光金,907,604,303,國泰-敦南,2024-09-25,8888
3062,建漢,957,684,273,國泰-敦南,2024-09-25,8888
2890,永豐金,263,28,235,國泰-敦南,2024-09-25,8888
1316,上曜,342,111,231,國泰-敦南,2024-09-25,8888
2399,映泰,1615,1385,230,國泰-敦南,2024-09-25,8888
2402,毅嘉,667,438,229,國泰-敦南,2024-09-25,8888
1584,精剛,429,223,206,國泰-敦南,2024-09-25,8888
00753L,中信中國50正2,1125,927,198,國泰-敦南,2024-09-25,8888
00953B,群益優選非投等債,285,110,175,國泰-敦南,2024-09-25,8888
00665L,富邦�琤肭磪囓�2,1575,1434,141,國泰-敦南,2024-09-25,8888
2867,三商壽,259,119,140,國泰-敦南,2024-09-25,8888
2891,中信金,756,617,139,國泰-敦南,2024-09-25,8888
00712,復華富時不動產,461,323,138,國泰-敦南,2024-09-25,8888
1808,潤隆,215,78,137,國泰-敦南,2024-09-25,8888
00864B,中信美國公債0-1,136,1,135,國泰-敦南,2024-09-25,8888
00857B,永豐20年美公債,185,69,116,國泰-敦南,2024-09-25,8888
4977,眾達-KY,328,213,115,國泰-敦南,2024-09-25,8888
9958,世紀鋼,299,186,113,國泰-敦南,2024-09-25,8888
3363,上詮,555,450,105,國泰-敦南,2024-09-25,8888
4526,東台,418,313,105,國泰-敦南,2024-09-25,8888
1717,長興,130,26,104,國泰-敦南,2024-09-25,8888
2388,威盛,284,182,102,國泰-敦南,2024-09-25,8888
9935,慶豐富,148,47,101,國泰-敦南,2024-09-25,8888
00932,兆豐永續高息等權,143,47,96,國泰-敦南,2024-09-25,8888
6706,惠特,249,155,94,國泰-敦南,2024-09-25,8888
00958B,永豐ESG銀行債15,114,22,92,國泰-敦南,2024-09-25,8888
00713,元大台灣高息低波,445,355,90,國泰-敦南,2024-09-25,8888
6116,彩晶,114,26,88,國泰-敦南,2024-09-25,8888
3580,友威科,214,130,84,國泰-敦南,2024-09-25,8888
00633L,富邦上証正2,206,123,83,國泰-敦南,2024-09-25,8888
6548,長科*,285,205,80,國泰-敦南,2024-09-25,8888
5243,乙盛-KY,113,36,77,國泰-敦南,2024-09-25,8888
00655L,國泰中國A50正2,89,14,75,國泰-敦南,2024-09-25,8888
4904,遠傳,76,3,73,國泰-敦南,2024-09-25,8888
00960,野村全球航運龍頭,5411,3010,2401,國泰-敦南,2024-09-26,8888
00948B,中信優息投資級債,2759,591,2168,國泰-敦南,2024-09-26,8888
00687B,國泰20年美債,4588,2673,1915,國泰-敦南,2024-09-26,8888
00680L,元大美債20正2,2851,1253,1598,國泰-敦南,2024-09-26,8888
00679B,元大美債20年,2387,1158,1229,國泰-敦南,2024-09-26,8888
3019,亞光,1698,747,951,國泰-敦南,2024-09-26,8888
00715L,期街口布蘭特正2,1741,945,796,國泰-敦南,2024-09-26,8888
00795B,中信美國公債20年,891,217,674,國泰-敦南,2024-09-26,8888
00915,凱基優選高股息30,901,259,642,國泰-敦南,2024-09-26,8888
0056,元大高股息,1011,472,539,國泰-敦南,2024-09-26,8888
1314,中石化,602,87,515,國泰-敦南,2024-09-26,8888
00712,復華富時不動產,1757,1257,500,國泰-敦南,2024-09-26,8888
2542,興富發,528,63,465,國泰-敦南,2024-09-26,8888
00720B,元大投資級公司債,501,137,364,國泰-敦南,2024-09-26,8888
1540,喬福,1446,1086,360,國泰-敦南,2024-09-26,8888
00934,中信成長高股息,720,376,344,國泰-敦南,2024-09-26,8888
00922,國泰台灣領袖50,529,188,341,國泰-敦南,2024-09-26,8888
00958B,永豐ESG銀行債15,355,20,335,國泰-敦南,2024-09-26,8888
1808,潤隆,443,146,297,國泰-敦南,2024-09-26,8888
00945B,凱基美國非投等債,289,14,275,國泰-敦南,2024-09-26,8888
00706L,期元大S＆P日圓正2,296,27,269,國泰-敦南,2024-09-26,8888
00919,群益台灣精選高息,2344,2076,268,國泰-敦南,2024-09-26,8888
00943,兆豐電子高息等權,280,44,236,國泰-敦南,2024-09-26,8888
2609,陽明,5147,4914,233,國泰-敦南,2024-09-26,8888
2365,昆盈,641,412,229,國泰-敦南,2024-09-26,8888
2613,中櫃,900,691,209,國泰-敦南,2024-09-26,8888
9105,泰金寶-DR,511,304,207,國泰-敦南,2024-09-26,8888
2408,南亞科,371,170,201,國泰-敦南,2024-09-26,8888
3710,連展投控,377,180,197,國泰-敦南,2024-09-26,8888
8111,立��,1081,892,189,國泰-敦南,2024-09-26,8888
2312,金寶,979,790,189,國泰-敦南,2024-09-26,8888
00918,大華優利高填息30,571,394,177,國泰-敦南,2024-09-26,8888
6104,創惟,1262,1087,175,國泰-敦南,2024-09-26,8888
00881,國泰台灣5G+,799,631,168,國泰-敦南,2024-09-26,8888
2362,藍天,536,382,154,國泰-敦南,2024-09-26,8888
3260,威剛,267,113,154,國泰-敦南,2024-09-26,8888
00725B,國泰投資級公司債,254,102,152,國泰-敦南,2024-09-26,8888
2867,三商壽,237,86,151,國泰-敦南,2024-09-26,8888
2344,華邦電,479,330,149,國泰-敦南,2024-09-26,8888
2367,燿華,356,209,147,國泰-敦南,2024-09-26,8888
00664R,國泰臺灣加權反1,215,80,135,國泰-敦南,2024-09-26,8888
5202,力新,299,167,132,國泰-敦南,2024-09-26,8888
6188,廣明,515,386,129,國泰-敦南,2024-09-26,8888
00946,群益科技高息成長,361,234,127,國泰-敦南,2024-09-26,8888
00676R,富邦臺灣加權反1,126,2,124,國泰-敦南,2024-09-26,8888
4562,穎漢,539,421,118,國泰-敦南,2024-09-26,8888
3013,晟銘電,1306,1189,117,國泰-敦南,2024-09-26,8888
00751B,元大AAA至A公司債,231,124,107,國泰-敦南,2024-09-26,8888
5905,南仁湖,322,216,106,國泰-敦南,2024-09-26,8888
2313,華通,202,100,102,國泰-敦南,2024-09-26,8888
00687B,國泰20年美債,4907,1137,3770,國泰-敦南,2024-09-27,8888
00937B,群益ESG投等債20,4542,2616,1926,國泰-敦南,2024-09-27,8888
00679B,元大美債20年,2453,859,1594,國泰-敦南,2024-09-27,8888
00960,野村全球航運龍頭,2461,1130,1331,國泰-敦南,2024-09-27,8888
2891,中信金,1788,550,1238,國泰-敦南,2024-09-27,8888
00715L,期街口布蘭特正2,1239,116,1123,國泰-敦南,2024-09-27,8888
00948B,中信優息投資級債,1496,472,1024,國泰-敦南,2024-09-27,8888
00712,復華富時不動產,1282,433,849,國泰-敦南,2024-09-27,8888
00680L,元大美債20正2,1905,1069,836,國泰-敦南,2024-09-27,8888
00795B,中信美國公債20年,815,59,756,國泰-敦南,2024-09-27,8888
00915,凱基優選高股息30,824,180,644,國泰-敦南,2024-09-27,8888
00919,群益台灣精選高息,2083,1446,637,國泰-敦南,2024-09-27,8888
00706L,期元大S＆P日圓正2,769,182,587,國泰-敦南,2024-09-27,8888
00945B,凱基美國非投等債,618,36,582,國泰-敦南,2024-09-27,8888
00725B,國泰投資級公司債,482,28,454,國泰-敦南,2024-09-27,8888
00953B,群益優選非投等債,446,38,408,國泰-敦南,2024-09-27,8888
2363,矽統,2729,2325,404,國泰-敦南,2024-09-27,8888
00881,國泰台灣5G+,862,478,384,國泰-敦南,2024-09-27,8888
2495,普安,553,213,340,國泰-敦南,2024-09-27,8888
00720B,元大投資級公司債,532,218,314,國泰-敦南,2024-09-27,8888
00934,中信成長高股息,517,220,297,國泰-敦南,2024-09-27,8888
2388,威盛,760,465,295,國泰-敦南,2024-09-27,8888
8277,商丞,343,60,283,國泰-敦南,2024-09-27,8888
00958B,永豐ESG銀行債15,291,12,279,國泰-敦南,2024-09-27,8888
00931B,統一美債20年,379,102,277,國泰-敦南,2024-09-27,8888
00713,元大台灣高息低波,417,159,258,國泰-敦南,2024-09-27,8888
6127,九豪,306,84,222,國泰-敦南,2024-09-27,8888
9105,泰金寶-DR,456,234,222,國泰-敦南,2024-09-27,8888
1540,喬福,1334,1116,218,國泰-敦南,2024-09-27,8888
3363,上詮,735,537,198,國泰-敦南,2024-09-27,8888
00642U,期元大S＆P石油,214,16,198,國泰-敦南,2024-09-27,8888
6116,彩晶,303,116,187,國泰-敦南,2024-09-27,8888
00751B,元大AAA至A公司債,367,183,184,國泰-敦南,2024-09-27,8888
4979,華星光,1654,1477,177,國泰-敦南,2024-09-27,8888
2886,兆豐金,229,55,174,國泰-敦南,2024-09-27,8888
2867,三商壽,418,246,172,國泰-敦南,2024-09-27,8888
00633L,富邦上証正2,431,266,165,國泰-敦南,2024-09-27,8888
1785,光洋科,576,416,160,國泰-敦南,2024-09-27,8888
00688L,國泰20年美債正2,1647,1499,148,國泰-敦南,2024-09-27,8888
3149,正達,1656,1517,139,國泰-敦南,2024-09-27,8888
2371,大同,393,266,127,國泰-敦南,2024-09-27,8888
00636,國泰中國A50,226,100,126,國泰-敦南,2024-09-27,8888
3013,晟銘電,1077,952,125,國泰-敦南,2024-09-27,8888
00632R,元大台灣50反1,4715,4590,125,國泰-敦南,2024-09-27,8888
3605,宏致,297,173,124,國泰-敦南,2024-09-27,8888
00676R,富邦臺灣加權反1,142,21,121,國泰-敦南,2024-09-27,8888
00933B,國泰10Y+金融債,745,629,116,國泰-敦南,2024-09-27,8888
4967,十銓,166,53,113,國泰-敦南,2024-09-27,8888
00772B,中信高評級公司債,161,51,110,國泰-敦南,2024-09-27,8888
00929,復華台灣科技優息,1938,1831,107,國泰-敦南,2024-09-27,8888
00919,群益台灣精選高息,8133,1495,6638,國泰-敦南,2024-09-30,8888
00929,復華台灣科技優息,6839,1683,5156,國泰-敦南,2024-09-30,8888
00948B,中信優息投資級債,2830,426,2404,國泰-敦南,2024-09-30,8888
0056,元大高股息,1970,376,1594,國泰-敦南,2024-09-30,8888
00878,國泰永續高股息,2513,1063,1450,國泰-敦南,2024-09-30,8888
00687B,國泰20年美債,2679,1432,1247,國泰-敦南,2024-09-30,8888
00679B,元大美債20年,1752,556,1196,國泰-敦南,2024-09-30,8888
00958B,永豐ESG銀行債15,1135,13,1122,國泰-敦南,2024-09-30,8888
00937B,群益ESG投等債20,2772,1762,1010,國泰-敦南,2024-09-30,8888
00680L,元大美債20正2,1484,695,789,國泰-敦南,2024-09-30,8888
00881,國泰台灣5G+,1129,340,789,國泰-敦南,2024-09-30,8888
2615,萬海,2440,1800,640,國泰-敦南,2024-09-30,8888
2605,新興,2541,1947,594,國泰-敦南,2024-09-30,8888
00918,大華優利高填息30,928,357,571,國泰-敦南,2024-09-30,8888
2344,華邦電,896,328,568,國泰-敦南,2024-09-30,8888
00688L,國泰20年美債正2,1765,1201,564,國泰-敦南,2024-09-30,8888
00637L,元大滬深300正2,3287,2746,541,國泰-敦南,2024-09-30,8888
2330,台積電,747,219,528,國泰-敦南,2024-09-30,8888
00927,群益半導體收益,592,67,525,國泰-敦南,2024-09-30,8888
2609,陽明,2491,1974,517,國泰-敦南,2024-09-30,8888
00946,群益科技高息成長,612,108,504,國泰-敦南,2024-09-30,8888
006208,富邦台50,784,290,494,國泰-敦南,2024-09-30,8888
2014,中鴻,3123,2688,435,國泰-敦南,2024-09-30,8888
00915,凱基優選高股息30,788,362,426,國泰-敦南,2024-09-30,8888
00945B,凱基美國非投等債,417,41,376,國泰-敦南,2024-09-30,8888
00923,群益台ESG低碳50,457,106,351,國泰-敦南,2024-09-30,8888
2009,第一銅,864,540,324,國泰-敦南,2024-09-30,8888
00940,元大台灣價值高息,2028,1707,321,國泰-敦南,2024-09-30,8888
00795B,中信美國公債20年,412,96,316,國泰-敦南,2024-09-30,8888
00933B,國泰10Y+金融債,529,219,310,國泰-敦南,2024-09-30,8888
0061,元大寶滬深,381,80,301,國泰-敦南,2024-09-30,8888
00887,永豐中國科技50大,431,142,289,國泰-敦南,2024-09-30,8888
00891,中信關鍵半導體,310,40,270,國泰-敦南,2024-09-30,8888
00650L,復華香港正2,1493,1228,265,國泰-敦南,2024-09-30,8888
00631L,元大台灣50正2,462,205,257,國泰-敦南,2024-09-30,8888
00713,元大台灣高息低波,467,211,256,國泰-敦南,2024-09-30,8888
00952,凱基台灣AI50,318,62,256,國泰-敦南,2024-09-30,8888
00953B,群益優選非投等債,276,35,241,國泰-敦南,2024-09-30,8888
2313,華通,375,140,235,國泰-敦南,2024-09-30,8888
1309,台達化,826,591,235,國泰-敦南,2024-09-30,8888
00951,台新日本半導體,293,63,230,國泰-敦南,2024-09-30,8888
2030,彰源,454,224,230,國泰-敦南,2024-09-30,8888
00935,野村臺灣新科技50,327,99,228,國泰-敦南,2024-09-30,8888
2888,新光金,615,388,227,國泰-敦南,2024-09-30,8888
0050,元大台灣50,394,170,224,國泰-敦南,2024-09-30,8888
00643,群益深証中小,254,30,224,國泰-敦南,2024-09-30,8888
00655L,國泰中國A50正2,423,205,218,國泰-敦南,2024-09-30,8888
00720B,元大投資級公司債,328,115,213,國泰-敦南,2024-09-30,8888
3037,欣興,303,116,187,國泰-敦南,2024-09-30,8888
00725B,國泰投資級公司債,255,69,186,國泰-敦南,2024-09-30,8888
00929,復華台灣科技優息,5984,968,5016,國泰-敦南,2024-10-01,8888
00922,國泰台灣領袖50,3059,55,3004,國泰-敦南,2024-10-01,8888
0056,元大高股息,3154,674,2480,國泰-敦南,2024-10-01,8888
00919,群益台灣精選高息,2400,891,1509,國泰-敦南,2024-10-01,8888
00878,國泰永續高股息,2307,830,1477,國泰-敦南,2024-10-01,8888
00713,元大台灣高息低波,1249,231,1018,國泰-敦南,2024-10-01,8888
2888,新光金,963,169,794,國泰-敦南,2024-10-01,8888
00915,凱基優選高股息30,872,184,688,國泰-敦南,2024-10-01,8888
00665L,富邦�琤肭磪囓�2,1185,526,659,國泰-敦南,2024-10-01,8888
00650L,復華香港正2,1283,630,653,國泰-敦南,2024-10-01,8888
00715L,期街口布蘭特正2,738,141,597,國泰-敦南,2024-10-01,8888
00753L,中信中國50正2,2554,2009,545,國泰-敦南,2024-10-01,8888
00706L,期元大S＆P日圓正2,579,72,507,國泰-敦南,2024-10-01,8888
00687B,國泰20年美債,1280,912,368,國泰-敦南,2024-10-01,8888
00632R,元大台灣50反1,1792,1427,365,國泰-敦南,2024-10-01,8888
00679B,元大美債20年,917,623,294,國泰-敦南,2024-10-01,8888
00712,復華富時不動產,448,190,258,國泰-敦南,2024-10-01,8888
00918,大華優利高填息30,423,175,248,國泰-敦南,2024-10-01,8888
2867,三商壽,505,271,234,國泰-敦南,2024-10-01,8888
006208,富邦台50,399,169,230,國泰-敦南,2024-10-01,8888
00927,群益半導體收益,277,67,210,國泰-敦南,2024-10-01,8888
00725B,國泰投資級公司債,201,7,194,國泰-敦南,2024-10-01,8888
00720B,元大投資級公司債,301,108,193,國泰-敦南,2024-10-01,8888
2344,華邦電,343,159,184,國泰-敦南,2024-10-01,8888
2354,鴻準,204,23,181,國泰-敦南,2024-10-01,8888
00680L,元大美債20正2,956,798,158,國泰-敦南,2024-10-01,8888
00633L,富邦上証正2,184,31,153,國泰-敦南,2024-10-01,8888
2890,永豐金,209,57,152,國泰-敦南,2024-10-01,8888
2883,凱基金,201,53,148,國泰-敦南,2024-10-01,8888
4909,新復興,977,830,147,國泰-敦南,2024-10-01,8888
2801,彰銀,158,20,138,國泰-敦南,2024-10-01,8888
2317,鴻海,644,509,135,國泰-敦南,2024-10-01,8888
0061,元大寶滬深,165,31,134,國泰-敦南,2024-10-01,8888
3013,晟銘電,626,501,125,國泰-敦南,2024-10-01,8888
2542,興富發,164,43,121,國泰-敦南,2024-10-01,8888
2845,遠東銀,127,11,116,國泰-敦南,2024-10-01,8888
3511,矽瑪,644,531,113,國泰-敦南,2024-10-01,8888
3430,奇鈦科,924,812,112,國泰-敦南,2024-10-01,8888
2316,楠梓電,282,174,108,國泰-敦南,2024-10-01,8888
00943,兆豐電子高息等權,124,22,102,國泰-敦南,2024-10-01,8888
00948B,中信優息投資級債,2984,2890,94,國泰-敦南,2024-10-01,8888
00795B,中信美國公債20年,202,110,92,國泰-敦南,2024-10-01,8888
00946,群益科技高息成長,236,145,91,國泰-敦南,2024-10-01,8888
6770,力積電,147,56,91,國泰-敦南,2024-10-01,8888
3576,聯合再生,365,278,87,國泰-敦南,2024-10-01,8888
1417,嘉裕,94,7,87,國泰-敦南,2024-10-01,8888
2363,矽統,751,666,85,國泰-敦南,2024-10-01,8888
0050,元大台灣50,179,94,85,國泰-敦南,2024-10-01,8888
2371,大同,167,87,80,國泰-敦南,2024-10-01,8888
00881,國泰台灣5G+,250,170,80,國泰-敦南,2024-10-01,8888
00919,群益台灣精選高息,9015,1307,7708,國泰-敦南,2024-10-04,8888
0056,元大高股息,3939,683,3256,國泰-敦南,2024-10-04,8888
00937B,群益ESG投等債20,4901,1992,2909,國泰-敦南,2024-10-04,8888
00929,復華台灣科技優息,6349,3649,2700,國泰-敦南,2024-10-04,8888
00878,國泰永續高股息,2670,899,1771,國泰-敦南,2024-10-04,8888
00637L,元大滬深300正2,4371,2636,1735,國泰-敦南,2024-10-04,8888
00940,元大台灣價值高息,2821,1324,1497,國泰-敦南,2024-10-04,8888
00933B,國泰10Y+金融債,1757,317,1440,國泰-敦南,2024-10-04,8888
00687B,國泰20年美債,2396,1090,1306,國泰-敦南,2024-10-04,8888
00918,大華優利高填息30,1370,149,1221,國泰-敦南,2024-10-04,8888
00688L,國泰20年美債正2,2279,1091,1188,國泰-敦南,2024-10-04,8888
00712,復華富時不動產,1273,231,1042,國泰-敦南,2024-10-04,8888
2618,長榮航,1324,332,992,國泰-敦南,2024-10-04,8888
00679B,元大美債20年,1653,736,917,國泰-敦南,2024-10-04,8888
00922,國泰台灣領袖50,1019,117,902,國泰-敦南,2024-10-04,8888
2615,萬海,1538,680,858,國泰-敦南,2024-10-04,8888
00680L,元大美債20正2,2517,1674,843,國泰-敦南,2024-10-04,8888
00673R,期元大S＆P原油反1,1061,236,825,國泰-敦南,2024-10-04,8888
00639,富邦深100,895,243,652,國泰-敦南,2024-10-04,8888
2610,華航,764,126,638,國泰-敦南,2024-10-04,8888
00713,元大台灣高息低波,905,274,631,國泰-敦南,2024-10-04,8888
00948B,中信優息投資級債,1138,547,591,國泰-敦南,2024-10-04,8888
00706L,期元大S＆P日圓正2,818,277,541,國泰-敦南,2024-10-04,8888
00946,群益科技高息成長,701,190,511,國泰-敦南,2024-10-04,8888
2603,長榮,758,286,472,國泰-敦南,2024-10-04,8888
00915,凱基優選高股息30,616,217,399,國泰-敦南,2024-10-04,8888
00943,兆豐電子高息等權,462,77,385,國泰-敦南,2024-10-04,8888
1314,中石化,490,113,377,國泰-敦南,2024-10-04,8888
00753L,中信中國50正2,4256,3900,356,國泰-敦南,2024-10-04,8888
2303,聯電,441,92,349,國泰-敦南,2024-10-04,8888
00650L,復華香港正2,1591,1245,346,國泰-敦南,2024-10-04,8888
00634R,富邦上証反1,382,60,322,國泰-敦南,2024-10-04,8888
2498,宏達電,2521,2210,311,國泰-敦南,2024-10-04,8888
2609,陽明,1711,1403,308,國泰-敦南,2024-10-04,8888
00655L,國泰中國A50正2,590,292,298,國泰-敦南,2024-10-04,8888
00960,野村全球航運龍頭,819,543,276,國泰-敦南,2024-10-04,8888
00907,永豐優息存股,269,26,243,國泰-敦南,2024-10-04,8888
00905,FT臺灣Smart,305,73,232,國泰-敦南,2024-10-04,8888
00927,群益半導體收益,306,76,230,國泰-敦南,2024-10-04,8888
00725B,國泰投資級公司債,243,27,216,國泰-敦南,2024-10-04,8888
2834,臺企銀,311,106,205,國泰-敦南,2024-10-04,8888
00664R,國泰臺灣加權反1,204,6,198,國泰-敦南,2024-10-04,8888
2308,台達電,255,66,189,國泰-敦南,2024-10-04,8888
2887,台新金,347,164,183,國泰-敦南,2024-10-04,8888
2368,金像電,208,32,176,國泰-敦南,2024-10-04,8888
006208,富邦台50,336,163,173,國泰-敦南,2024-10-04,8888
00952,凱基台灣AI50,194,22,172,國泰-敦南,2024-10-04,8888
2449,京元電子,288,123,165,國泰-敦南,2024-10-04,8888
00730,富邦臺灣優質高息,162,1,161,國泰-敦南,2024-10-04,8888
8039,台虹,452,292,160,國泰-敦南,2024-10-04,8888
00919,群益台灣精選高息,4121,960,3161,國泰-敦南,2024-10-07,8888
00753L,中信中國50正2,6768,3845,2923,國泰-敦南,2024-10-07,8888
00665L,富邦�琤肭磪囓�2,3594,1745,1849,國泰-敦南,2024-10-07,8888
00637L,元大滬深300正2,5706,3917,1789,國泰-敦南,2024-10-07,8888
0056,元大高股息,1919,624,1295,國泰-敦南,2024-10-07,8888
1314,中石化,1809,584,1225,國泰-敦南,2024-10-07,8888
00922,國泰台灣領袖50,1307,160,1147,國泰-敦南,2024-10-07,8888
00948B,中信優息投資級債,1410,271,1139,國泰-敦南,2024-10-07,8888
00882,中信中國高股息,6188,5069,1119,國泰-敦南,2024-10-07,8888
00715L,期街口布蘭特正2,1709,756,953,國泰-敦南,2024-10-07,8888
00688L,國泰20年美債正2,2565,1677,888,國泰-敦南,2024-10-07,8888
00725B,國泰投資級公司債,787,104,683,國泰-敦南,2024-10-07,8888
00887,永豐中國科技50大,4796,4188,608,國泰-敦南,2024-10-07,8888
00933B,國泰10Y+金融債,723,194,529,國泰-敦南,2024-10-07,8888
00752,中信中國50,1038,559,479,國泰-敦南,2024-10-07,8888
00706L,期元大S＆P日圓正2,785,316,469,國泰-敦南,2024-10-07,8888
2317,鴻海,1276,823,453,國泰-敦南,2024-10-07,8888
8111,立��,2936,2551,385,國泰-敦南,2024-10-07,8888
00712,復華富時不動產,613,232,381,國泰-敦南,2024-10-07,8888
00679B,元大美債20年,1812,1436,376,國泰-敦南,2024-10-07,8888
00650L,復華香港正2,1591,1237,354,國泰-敦南,2024-10-07,8888
00655L,國泰中國A50正2,448,155,293,國泰-敦南,2024-10-07,8888
2356,英業達,516,262,254,國泰-敦南,2024-10-07,8888
00915,凱基優選高股息30,423,176,247,國泰-敦南,2024-10-07,8888
00943,兆豐電子高息等權,341,108,233,國泰-敦南,2024-10-07,8888
3025,星通,1633,1405,228,國泰-敦南,2024-10-07,8888
2887,台新金,317,98,219,國泰-敦南,2024-10-07,8888
3591,艾笛森,545,329,216,國泰-敦南,2024-10-07,8888
2515,中工,862,649,213,國泰-敦南,2024-10-07,8888
0061,元大寶滬深,471,276,195,國泰-敦南,2024-10-07,8888
1301,台塑,293,104,189,國泰-敦南,2024-10-07,8888
2316,楠梓電,1314,1125,189,國泰-敦南,2024-10-07,8888
00795B,中信美國公債20年,557,379,178,國泰-敦南,2024-10-07,8888
6118,建達,297,132,165,國泰-敦南,2024-10-07,8888
00700,富邦�琤肭磪�,199,38,161,國泰-敦南,2024-10-07,8888
2313,華通,364,211,153,國泰-敦南,2024-10-07,8888
00878,國泰永續高股息,1685,1540,145,國泰-敦南,2024-10-07,8888
00713,元大台灣高息低波,412,280,132,國泰-敦南,2024-10-07,8888
00738U,期元大道瓊白銀,146,16,130,國泰-敦南,2024-10-07,8888
00675L,富邦臺灣加權正2,290,168,122,國泰-敦南,2024-10-07,8888
2353,宏��,224,104,120,國泰-敦南,2024-10-07,8888
2929,淘帝-KY,340,221,119,國泰-敦南,2024-10-07,8888
3037,欣興,200,82,118,國泰-敦南,2024-10-07,8888
2408,南亞科,155,38,117,國泰-敦南,2024-10-07,8888
00643,群益深証中小,172,56,116,國泰-敦南,2024-10-07,8888
2633,台灣高鐵,117,2,115,國泰-敦南,2024-10-07,8888
020033,統一�琤肮黕篾,140,30,110,國泰-敦南,2024-10-07,8888
2892,第一金,125,16,109,國泰-敦南,2024-10-07,8888
3062,建漢,391,284,107,國泰-敦南,2024-10-07,8888
2303,聯電,258,153,105,國泰-敦南,2024-10-07,8888
00948B,中信優息投資級債,4877,337,4540,國泰-敦南,2024-10-08,8888
00919,群益台灣精選高息,4515,869,3646,國泰-敦南,2024-10-08,8888
00929,復華台灣科技優息,5441,2142,3299,國泰-敦南,2024-10-08,8888
0056,元大高股息,3250,473,2777,國泰-敦南,2024-10-08,8888
00878,國泰永續高股息,2962,859,2103,國泰-敦南,2024-10-08,8888
1314,中石化,1966,317,1649,國泰-敦南,2024-10-08,8888
00937B,群益ESG投等債20,3551,1930,1621,國泰-敦南,2024-10-08,8888
00679B,元大美債20年,2180,699,1481,國泰-敦南,2024-10-08,8888
00887,永豐中國科技50大,5397,4099,1298,國泰-敦南,2024-10-08,8888
00922,國泰台灣領袖50,1419,151,1268,國泰-敦南,2024-10-08,8888
00637L,元大滬深300正2,8518,7437,1081,國泰-敦南,2024-10-08,8888
00688L,國泰20年美債正2,1748,721,1027,國泰-敦南,2024-10-08,8888
00713,元大台灣高息低波,1087,88,999,國泰-敦南,2024-10-08,8888
00687B,國泰20年美債,3585,2609,976,國泰-敦南,2024-10-08,8888
00673R,期元大S＆P原油反1,1038,82,956,國泰-敦南,2024-10-08,8888
00940,元大台灣價值高息,1884,956,928,國泰-敦南,2024-10-08,8888
2399,映泰,5626,4838,788,國泰-敦南,2024-10-08,8888
3049,精金,2195,1419,776,國泰-敦南,2024-10-08,8888
00915,凱基優選高股息30,822,123,699,國泰-敦南,2024-10-08,8888
00725B,國泰投資級公司債,785,102,683,國泰-敦南,2024-10-08,8888
00795B,中信美國公債20年,858,179,679,國泰-敦南,2024-10-08,8888
00712,復華富時不動產,1189,541,648,國泰-敦南,2024-10-08,8888
00918,大華優利高填息30,664,154,510,國泰-敦南,2024-10-08,8888
00946,群益科技高息成長,533,124,409,國泰-敦南,2024-10-08,8888
00943,兆豐電子高息等權,415,35,380,國泰-敦南,2024-10-08,8888
00933B,國泰10Y+金融債,650,312,338,國泰-敦南,2024-10-08,8888
00639,富邦深100,1177,853,324,國泰-敦南,2024-10-08,8888
00656R,國泰中國A50反1,462,158,304,國泰-敦南,2024-10-08,8888
00720B,元大投資級公司債,426,129,297,國泰-敦南,2024-10-08,8888
2887,台新金,379,102,277,國泰-敦南,2024-10-08,8888
00636,國泰中國A50,569,299,270,國泰-敦南,2024-10-08,8888
2498,宏達電,643,377,266,國泰-敦南,2024-10-08,8888
00931B,統一美債20年,442,184,258,國泰-敦南,2024-10-08,8888
2356,英業達,402,147,255,國泰-敦南,2024-10-08,8888
3037,欣興,337,86,251,國泰-敦南,2024-10-08,8888
3481,群創,469,219,250,國泰-敦南,2024-10-08,8888
00945B,凱基美國非投等債,497,268,229,國泰-敦南,2024-10-08,8888
00665L,富邦�琤肭磪囓�2,4103,3875,228,國泰-敦南,2024-10-08,8888
912000,晨訊科-DR,253,38,215,國泰-敦南,2024-10-08,8888
00680L,元大美債20正2,2432,2217,215,國泰-敦南,2024-10-08,8888
2317,鴻海,871,664,207,國泰-敦南,2024-10-08,8888
2362,藍天,1381,1175,206,國泰-敦南,2024-10-08,8888
1815,富喬,573,367,206,國泰-敦南,2024-10-08,8888
00651R,復華香港反1,589,389,200,國泰-敦南,2024-10-08,8888
00927,群益半導體收益,237,40,197,國泰-敦南,2024-10-08,8888
2883,凱基金,285,90,195,國泰-敦南,2024-10-08,8888
2344,華邦電,296,114,182,國泰-敦南,2024-10-08,8888
5443,均豪,1360,1179,181,國泰-敦南,2024-10-08,8888
2801,彰銀,216,40,176,國泰-敦南,2024-10-08,8888
00923,群益台ESG低碳50,239,68,171,國泰-敦南,2024-10-08,8888
00687B,國泰20年美債,3540,936,2604,國泰-敦南,2024-10-09,8888
00937B,群益ESG投等債20,4186,1790,2396,國泰-敦南,2024-10-09,8888
00948B,中信優息投資級債,2579,325,2254,國泰-敦南,2024-10-09,8888
1314,中石化,2489,450,2039,國泰-敦南,2024-10-09,8888
00688L,國泰20年美債正2,1687,315,1372,國泰-敦南,2024-10-09,8888
0056,元大高股息,1763,554,1209,國泰-敦南,2024-10-09,8888
00679B,元大美債20年,1825,636,1189,國泰-敦南,2024-10-09,8888
00919,群益台灣精選高息,2139,964,1175,國泰-敦南,2024-10-09,8888
00680L,元大美債20正2,2204,1052,1152,國泰-敦南,2024-10-09,8888
00915,凱基優選高股息30,989,137,852,國泰-敦南,2024-10-09,8888
00725B,國泰投資級公司債,853,73,780,國泰-敦南,2024-10-09,8888
00712,復華富時不動產,956,214,742,國泰-敦南,2024-10-09,8888
2888,新光金,1107,554,553,國泰-敦南,2024-10-09,8888
00665L,富邦�琤肭磪囓�2,3730,3208,522,國泰-敦南,2024-10-09,8888
5443,均豪,1123,710,413,國泰-敦南,2024-10-09,8888
2363,矽統,5188,4809,379,國泰-敦南,2024-10-09,8888
00795B,中信美國公債20年,456,86,370,國泰-敦南,2024-10-09,8888
00713,元大台灣高息低波,634,265,369,國泰-敦南,2024-10-09,8888
2890,永豐金,384,15,369,國泰-敦南,2024-10-09,8888
00933B,國泰10Y+金融債,439,121,318,國泰-敦南,2024-10-09,8888
8028,昇陽半導體,1412,1118,294,國泰-敦南,2024-10-09,8888
5880,合庫金,301,20,281,國泰-敦南,2024-10-09,8888
00922,國泰台灣領袖50,757,483,274,國泰-敦南,2024-10-09,8888
00720B,元大投資級公司債,352,86,266,國泰-敦南,2024-10-09,8888
00943,兆豐電子高息等權,370,116,254,國泰-敦南,2024-10-09,8888
00945B,凱基美國非投等債,276,26,250,國泰-敦南,2024-10-09,8888
4414,如興,234,0,234,國泰-敦南,2024-10-09,8888
2867,三商壽,392,160,232,國泰-敦南,2024-10-09,8888
2892,第一金,241,9,232,國泰-敦南,2024-10-09,8888
00715L,期街口布蘭特正2,1054,827,227,國泰-敦南,2024-10-09,8888
3025,星通,2267,2044,223,國泰-敦南,2024-10-09,8888
00882,中信中國高股息,4421,4199,222,國泰-敦南,2024-10-09,8888
2603,長榮,312,94,218,國泰-敦南,2024-10-09,8888
00643,群益深証中小,352,134,218,國泰-敦南,2024-10-09,8888
00931B,統一美債20年,402,187,215,國泰-敦南,2024-10-09,8888
00960,野村全球航運龍頭,388,175,213,國泰-敦南,2024-10-09,8888
2303,聯電,464,258,206,國泰-敦南,2024-10-09,8888
3481,群創,558,353,205,國泰-敦南,2024-10-09,8888
9105,泰金寶-DR,382,180,202,國泰-敦南,2024-10-09,8888
2897,王道銀行,192,13,179,國泰-敦南,2024-10-09,8888
1785,光洋科,276,97,179,國泰-敦南,2024-10-09,8888
6152,百一,222,53,169,國泰-敦南,2024-10-09,8888
6116,彩晶,194,30,164,國泰-敦南,2024-10-09,8888
2344,華邦電,237,76,161,國泰-敦南,2024-10-09,8888
00907,永豐優息存股,212,57,155,國泰-敦南,2024-10-09,8888
3049,精金,1106,957,149,國泰-敦南,2024-10-09,8888
2002,中鋼,461,321,140,國泰-敦南,2024-10-09,8888
6187,萬潤,374,235,139,國泰-敦南,2024-10-09,8888
00934,中信成長高股息,335,199,136,國泰-敦南,2024-10-09,8888
3209,全科,618,494,124,國泰-敦南,2024-10-09,8888
00679B,元大美債20年,3253,1026,2227,國泰-敦南,2024-10-11,8888
00948B,中信優息投資級債,2353,340,2013,國泰-敦南,2024-10-11,8888
00637L,元大滬深300正2,3246,1728,1518,國泰-敦南,2024-10-11,8888
0056,元大高股息,2315,881,1434,國泰-敦南,2024-10-11,8888
00953B,群益優選非投等債,1179,18,1161,國泰-敦南,2024-10-11,8888
00632R,元大台灣50反1,4498,3369,1129,國泰-敦南,2024-10-11,8888
00931B,統一美債20年,1401,388,1013,國泰-敦南,2024-10-11,8888
00753L,中信中國50正2,2679,1780,899,國泰-敦南,2024-10-11,8888
00915,凱基優選高股息30,964,168,796,國泰-敦南,2024-10-11,8888
00687B,國泰20年美債,3534,2743,791,國泰-敦南,2024-10-11,8888
2449,京元電子,2341,1578,763,國泰-敦南,2024-10-11,8888
00922,國泰台灣領袖50,1490,736,754,國泰-敦南,2024-10-11,8888
00725B,國泰投資級公司債,811,116,695,國泰-敦南,2024-10-11,8888
2887,台新金,829,162,667,國泰-敦南,2024-10-11,8888
00673R,期元大S＆P原油反1,625,42,583,國泰-敦南,2024-10-11,8888
00713,元大台灣高息低波,675,101,574,國泰-敦南,2024-10-11,8888
00680L,元大美債20正2,3208,2649,559,國泰-敦南,2024-10-11,8888
3149,正達,3946,3415,531,國泰-敦南,2024-10-11,8888
00688L,國泰20年美債正2,1900,1372,528,國泰-敦南,2024-10-11,8888
2867,三商壽,518,108,410,國泰-敦南,2024-10-11,8888
1314,中石化,856,476,380,國泰-敦南,2024-10-11,8888
1721,三晃,800,449,351,國泰-敦南,2024-10-11,8888
3710,連展投控,622,279,343,國泰-敦南,2024-10-11,8888
00919,群益台灣精選高息,1618,1286,332,國泰-敦南,2024-10-11,8888
2356,英業達,648,316,332,國泰-敦南,2024-10-11,8888
2388,威盛,841,535,306,國泰-敦南,2024-10-11,8888
00937B,群益ESG投等債20,1801,1517,284,國泰-敦南,2024-10-11,8888
4956,光鋐,1399,1136,263,國泰-敦南,2024-10-11,8888
8111,立��,1708,1467,241,國泰-敦南,2024-10-11,8888
2834,臺企銀,264,34,230,國泰-敦南,2024-10-11,8888
00720B,元大投資級公司債,298,77,221,國泰-敦南,2024-10-11,8888
00639,富邦深100,338,140,198,國泰-敦南,2024-10-11,8888
00650L,復華香港正2,402,228,174,國泰-敦南,2024-10-11,8888
2303,聯電,200,29,171,國泰-敦南,2024-10-11,8888
2344,華邦電,310,143,167,國泰-敦南,2024-10-11,8888
00912,中信臺灣智慧50,174,18,156,國泰-敦南,2024-10-11,8888
4909,新復興,407,251,156,國泰-敦南,2024-10-11,8888
3209,全科,384,230,154,國泰-敦南,2024-10-11,8888
3450,聯鈞,940,787,153,國泰-敦南,2024-10-11,8888
5876,上海商銀,165,13,152,國泰-敦南,2024-10-11,8888
8032,光菱,693,542,151,國泰-敦南,2024-10-11,8888
2897,王道銀行,218,74,144,國泰-敦南,2024-10-11,8888
00772B,中信高評級公司債,219,76,143,國泰-敦南,2024-10-11,8888
1815,富喬,410,270,140,國泰-敦南,2024-10-11,8888
6241,易通展,161,27,134,國泰-敦南,2024-10-11,8888
2890,永豐金,171,49,122,國泰-敦南,2024-10-11,8888
3591,艾笛森,349,228,121,國泰-敦南,2024-10-11,8888
00907,永豐優息存股,201,81,120,國泰-敦南,2024-10-11,8888
00706L,期元大S＆P日圓正2,170,52,118,國泰-敦南,2024-10-11,8888
6152,百一,147,34,113,國泰-敦南,2024-10-11,8888
00887,永豐中國科技50大,3104,124,2980,國泰-敦南,2024-10-14,8888
00948B,中信優息投資級債,2693,160,2533,國泰-敦南,2024-10-14,8888
00632R,元大台灣50反1,2912,1014,1898,國泰-敦南,2024-10-14,8888
00679B,元大美債20年,2411,804,1607,國泰-敦南,2024-10-14,8888
00687B,國泰20年美債,3514,2200,1314,國泰-敦南,2024-10-14,8888
00922,國泰台灣領袖50,1476,187,1289,國泰-敦南,2024-10-14,8888
0056,元大高股息,2011,960,1051,國泰-敦南,2024-10-14,8888
00937B,群益ESG投等債20,3740,2690,1050,國泰-敦南,2024-10-14,8888
2312,金寶,4018,3020,998,國泰-敦南,2024-10-14,8888
00725B,國泰投資級公司債,961,56,905,國泰-敦南,2024-10-14,8888
2426,鼎元,1375,658,717,國泰-敦南,2024-10-14,8888
00795B,中信美國公債20年,744,111,633,國泰-敦南,2024-10-14,8888
00712,復華富時不動產,797,170,627,國泰-敦南,2024-10-14,8888
2888,新光金,1137,592,545,國泰-敦南,2024-10-14,8888
00680L,元大美債20正2,1906,1373,533,國泰-敦南,2024-10-14,8888
2887,台新金,852,397,455,國泰-敦南,2024-10-14,8888
00912,中信臺灣智慧50,381,37,344,國泰-敦南,2024-10-14,8888
00688L,國泰20年美債正2,1330,991,339,國泰-敦南,2024-10-14,8888
00915,凱基優選高股息30,475,161,314,國泰-敦南,2024-10-14,8888
9105,泰金寶-DR,2090,1795,295,國泰-敦南,2024-10-14,8888
00706L,期元大S＆P日圓正2,359,76,283,國泰-敦南,2024-10-14,8888
00713,元大台灣高息低波,498,250,248,國泰-敦南,2024-10-14,8888
1314,中石化,321,107,214,國泰-敦南,2024-10-14,8888
2421,建準,488,276,212,國泰-敦南,2024-10-14,8888
00945B,凱基美國非投等債,274,69,205,國泰-敦南,2024-10-14,8888
2002,中鋼,290,90,200,國泰-敦南,2024-10-14,8888
00639,富邦深100,370,182,188,國泰-敦南,2024-10-14,8888
00720B,元大投資級公司債,448,264,184,國泰-敦南,2024-10-14,8888
2317,鴻海,601,435,166,國泰-敦南,2024-10-14,8888
00905,FT臺灣Smart,237,88,149,國泰-敦南,2024-10-14,8888
6290,良維,161,13,148,國泰-敦南,2024-10-14,8888
2498,宏達電,188,79,109,國泰-敦南,2024-10-14,8888
00907,永豐優息存股,119,12,107,國泰-敦南,2024-10-14,8888
3163,波若威,536,430,106,國泰-敦南,2024-10-14,8888
6152,百一,120,18,102,國泰-敦南,2024-10-14,8888
00730,富邦臺灣優質高息,209,110,99,國泰-敦南,2024-10-14,8888
1326,台化,113,18,95,國泰-敦南,2024-10-14,8888
4303,信立,234,140,94,國泰-敦南,2024-10-14,8888
00958B,永豐ESG銀行債15,157,64,93,國泰-敦南,2024-10-14,8888
3231,緯創,473,380,93,國泰-敦南,2024-10-14,8888
2313,華通,224,132,92,國泰-敦南,2024-10-14,8888
9935,慶豐富,94,7,87,國泰-敦南,2024-10-14,8888
6288,聯嘉,90,9,81,國泰-敦南,2024-10-14,8888
1785,光洋科,206,126,80,國泰-敦南,2024-10-14,8888
00656R,國泰中國A50反1,114,36,78,國泰-敦南,2024-10-14,8888
2363,矽統,816,739,77,國泰-敦南,2024-10-14,8888
2467,志聖,310,233,77,國泰-敦南,2024-10-14,8888
3227,原相,169,95,74,國泰-敦南,2024-10-14,8888
1464,得力,175,100,75,國泰-敦南,2024-10-14,8888
5210,寶碩,81,7,74,國泰-敦南,2024-10-14,8888
00687B,國泰20年美債,3049,739,2310,國泰-敦南,2024-10-15,8888
00688L,國泰20年美債正2,1816,162,1654,國泰-敦南,2024-10-15,8888
00680L,元大美債20正2,1955,382,1573,國泰-敦南,2024-10-15,8888
00632R,元大台灣50反1,3092,1691,1401,國泰-敦南,2024-10-15,8888
00665L,富邦�琤肭磪囓�2,2574,1351,1223,國泰-敦南,2024-10-15,8888
00753L,中信中國50正2,2705,1524,1181,國泰-敦南,2024-10-15,8888
00948B,中信優息投資級債,1282,182,1100,國泰-敦南,2024-10-15,8888
00637L,元大滬深300正2,1720,934,786,國泰-敦南,2024-10-15,8888
00887,永豐中國科技50大,1428,702,726,國泰-敦南,2024-10-15,8888
00679B,元大美債20年,1388,671,717,國泰-敦南,2024-10-15,8888
0056,元大高股息,1930,1229,701,國泰-敦南,2024-10-15,8888
00922,國泰台灣領袖50,1443,754,689,國泰-敦南,2024-10-15,8888
00725B,國泰投資級公司債,917,265,652,國泰-敦南,2024-10-15,8888
1314,中石化,2584,1949,635,國泰-敦南,2024-10-15,8888
5452,佶優,2385,1751,634,國泰-敦南,2024-10-15,8888
3149,正達,2996,2370,626,國泰-敦南,2024-10-15,8888
2888,新光金,1403,931,472,國泰-敦南,2024-10-15,8888
00961,FT臺灣永續高息,866,403,463,國泰-敦南,2024-10-15,8888
00730,富邦臺灣優質高息,478,25,453,國泰-敦南,2024-10-15,8888
00960,野村全球航運龍頭,494,134,360,國泰-敦南,2024-10-15,8888
00715L,期街口布蘭特正2,1369,1027,342,國泰-敦南,2024-10-15,8888
2399,映泰,2451,2145,306,國泰-敦南,2024-10-15,8888
00795B,中信美國公債20年,397,117,280,國泰-敦南,2024-10-15,8888
3013,晟銘電,1662,1383,279,國泰-敦南,2024-10-15,8888
4956,光鋐,3425,3172,253,國泰-敦南,2024-10-15,8888
00943,兆豐電子高息等權,328,95,233,國泰-敦南,2024-10-15,8888
00912,中信臺灣智慧50,358,126,232,國泰-敦南,2024-10-15,8888
3710,連展投控,465,243,222,國泰-敦南,2024-10-15,8888
1301,台塑,244,61,183,國泰-敦南,2024-10-15,8888
00712,復華富時不動產,391,227,164,國泰-敦南,2024-10-15,8888
8111,立��,1094,936,158,國泰-敦南,2024-10-15,8888
2887,台新金,779,633,146,國泰-敦南,2024-10-15,8888
00752,中信中國50,244,110,134,國泰-敦南,2024-10-15,8888
3049,精金,459,327,132,國泰-敦南,2024-10-15,8888
00655L,國泰中國A50正2,263,132,131,國泰-敦南,2024-10-15,8888
2486,一詮,1026,900,126,國泰-敦南,2024-10-15,8888
00882,中信中國高股息,1153,1027,126,國泰-敦南,2024-10-15,8888
6530,創威,709,586,123,國泰-敦南,2024-10-15,8888
2498,宏達電,340,221,119,國泰-敦南,2024-10-15,8888
6152,百一,156,37,119,國泰-敦南,2024-10-15,8888
6442,光聖,477,358,119,國泰-敦南,2024-10-15,8888
2388,威盛,345,227,118,國泰-敦南,2024-10-15,8888
3231,緯創,684,567,117,國泰-敦南,2024-10-15,8888
2615,萬海,376,259,117,國泰-敦南,2024-10-15,8888
8028,昇陽半導體,680,568,112,國泰-敦南,2024-10-15,8888
00706L,期元大S＆P日圓正2,116,5,111,國泰-敦南,2024-10-15,8888
2371,大同,144,38,106,國泰-敦南,2024-10-15,8888
2402,毅嘉,343,242,101,國泰-敦南,2024-10-15,8888
3498,陽程,1200,1102,98,國泰-敦南,2024-10-15,8888
3047,訊舟,186,94,92,國泰-敦南,2024-10-15,8888
0056,元大高股息,5256,1075,4181,國泰-敦南,2024-10-16,8888
00922,國泰台灣領袖50,3522,374,3148,國泰-敦南,2024-10-16,8888
00680L,元大美債20正2,3004,631,2373,國泰-敦南,2024-10-16,8888
00948B,中信優息投資級債,2666,518,2148,國泰-敦南,2024-10-16,8888
00687B,國泰20年美債,2593,980,1613,國泰-敦南,2024-10-16,8888
00937B,群益ESG投等債20,2652,1102,1550,國泰-敦南,2024-10-16,8888
00887,永豐中國科技50大,1745,470,1275,國泰-敦南,2024-10-16,8888
00688L,國泰20年美債正2,1634,601,1033,國泰-敦南,2024-10-16,8888
00713,元大台灣高息低波,1060,150,910,國泰-敦南,2024-10-16,8888
00919,群益台灣精選高息,1856,982,874,國泰-敦南,2024-10-16,8888
00679B,元大美債20年,1282,548,734,國泰-敦南,2024-10-16,8888
00878,國泰永續高股息,1676,970,706,國泰-敦南,2024-10-16,8888
00715L,期街口布蘭特正2,656,47,609,國泰-敦南,2024-10-16,8888
006208,富邦台50,774,233,541,國泰-敦南,2024-10-16,8888
2888,新光金,1032,564,468,國泰-敦南,2024-10-16,8888
00830,國泰費城半導體,538,73,465,國泰-敦南,2024-10-16,8888
00725B,國泰投資級公司債,656,201,455,國泰-敦南,2024-10-16,8888
00905,FT臺灣Smart,625,182,443,國泰-敦南,2024-10-16,8888
00730,富邦臺灣優質高息,452,40,412,國泰-敦南,2024-10-16,8888
00915,凱基優選高股息30,581,172,409,國泰-敦南,2024-10-16,8888
00953B,群益優選非投等債,393,5,388,國泰-敦南,2024-10-16,8888
2883,凱基金,661,294,367,國泰-敦南,2024-10-16,8888
00720B,元大投資級公司債,416,55,361,國泰-敦南,2024-10-16,8888
00941,中信上游半導體,397,74,323,國泰-敦南,2024-10-16,8888
00795B,中信美國公債20年,556,253,303,國泰-敦南,2024-10-16,8888
1314,中石化,662,360,302,國泰-敦南,2024-10-16,8888
00961,FT臺灣永續高息,317,17,300,國泰-敦南,2024-10-16,8888
2801,彰銀,302,13,289,國泰-敦南,2024-10-16,8888
2887,台新金,448,173,275,國泰-敦南,2024-10-16,8888
00912,中信臺灣智慧50,431,166,265,國泰-敦南,2024-10-16,8888
00931B,統一美債20年,415,165,250,國泰-敦南,2024-10-16,8888
00943,兆豐電子高息等權,373,140,233,國泰-敦南,2024-10-16,8888
00706L,期元大S＆P日圓正2,250,25,225,國泰-敦南,2024-10-16,8888
00960,野村全球航運龍頭,376,153,223,國泰-敦南,2024-10-16,8888
00951,台新日本半導體,250,29,221,國泰-敦南,2024-10-16,8888
00637L,元大滬深300正2,1733,1517,216,國泰-敦南,2024-10-16,8888
2344,華邦電,266,69,197,國泰-敦南,2024-10-16,8888
00633L,富邦上証正2,276,84,192,國泰-敦南,2024-10-16,8888
2881,富邦金,236,47,189,國泰-敦南,2024-10-16,8888
00631L,元大台灣50正2,350,162,188,國泰-敦南,2024-10-16,8888
2313,華通,249,66,183,國泰-敦南,2024-10-16,8888
6770,力積電,240,59,181,國泰-敦南,2024-10-16,8888
2365,昆盈,1063,889,174,國泰-敦南,2024-10-16,8888
2303,聯電,240,67,173,國泰-敦南,2024-10-16,8888
2002,中鋼,265,93,172,國泰-敦南,2024-10-16,8888
8429,金麗-KY,344,176,168,國泰-敦南,2024-10-16,8888
5880,合庫金,218,54,164,國泰-敦南,2024-10-16,8888
2886,兆豐金,216,52,164,國泰-敦南,2024-10-16,8888
0050,元大台灣50,363,202,161,國泰-敦南,2024-10-16,8888
00945B,凱基美國非投等債,232,81,151,國泰-敦南,2024-10-16,8888
0056,元大高股息,3627,518,3109,國泰-敦南,2024-10-17,8888
00922,國泰台灣領袖50,3017,498,2519,國泰-敦南,2024-10-17,8888
00887,永豐中國科技50大,1897,240,1657,國泰-敦南,2024-10-17,8888
00665L,富邦�琤肭磪囓�2,2113,997,1116,國泰-敦南,2024-10-17,8888
00937B,群益ESG投等債20,2231,1220,1011,國泰-敦南,2024-10-17,8888
2399,映泰,4127,3123,1004,國泰-敦南,2024-10-17,8888
00637L,元大滬深300正2,1470,587,883,國泰-敦南,2024-10-17,8888
00753L,中信中國50正2,1998,1248,750,國泰-敦南,2024-10-17,8888
9105,泰金寶-DR,2725,2061,664,國泰-敦南,2024-10-17,8888
00941,中信上游半導體,656,72,584,國泰-敦南,2024-10-17,8888
00882,中信中國高股息,1125,576,549,國泰-敦南,2024-10-17,8888
00905,FT臺灣Smart,614,70,544,國泰-敦南,2024-10-17,8888
00948B,中信優息投資級債,996,611,385,國泰-敦南,2024-10-17,8888
006208,富邦台50,528,145,383,國泰-敦南,2024-10-17,8888
00959B,大華投等美債15Y+,383,8,375,國泰-敦南,2024-10-17,8888
00931B,統一美債20年,440,106,334,國泰-敦南,2024-10-17,8888
3062,建漢,1905,1579,326,國泰-敦南,2024-10-17,8888
1528,恩德,2467,2163,304,國泰-敦南,2024-10-17,8888
00687B,國泰20年美債,1151,854,297,國泰-敦南,2024-10-17,8888
00725B,國泰投資級公司債,384,106,278,國泰-敦南,2024-10-17,8888
00830,國泰費城半導體,287,23,264,國泰-敦南,2024-10-17,8888
00679B,元大美債20年,705,446,259,國泰-敦南,2024-10-17,8888
00927,群益半導體收益,339,87,252,國泰-敦南,2024-10-17,8888
2330,台積電,395,170,225,國泰-敦南,2024-10-17,8888
00912,中信臺灣智慧50,266,42,224,國泰-敦南,2024-10-17,8888
2890,永豐金,242,29,213,國泰-敦南,2024-10-17,8888
00715L,期街口布蘭特正2,279,68,211,國泰-敦南,2024-10-17,8888
00706L,期元大S＆P日圓正2,280,80,200,國泰-敦南,2024-10-17,8888
00720B,元大投資級公司債,412,216,196,國泰-敦南,2024-10-17,8888
00688L,國泰20年美債正2,592,398,194,國泰-敦南,2024-10-17,8888
3209,全科,713,522,191,國泰-敦南,2024-10-17,8888
3710,連展投控,362,179,183,國泰-敦南,2024-10-17,8888
8111,立��,1206,1029,177,國泰-敦南,2024-10-17,8888
1711,永光,465,291,174,國泰-敦南,2024-10-17,8888
8374,羅昇,1087,920,167,國泰-敦南,2024-10-17,8888
8064,東捷,502,339,163,國泰-敦南,2024-10-17,8888
00950B,凱基A級公司債,169,6,163,國泰-敦南,2024-10-17,8888
00650L,復華香港正2,505,343,162,國泰-敦南,2024-10-17,8888
00951,台新日本半導體,180,26,154,國泰-敦南,2024-10-17,8888
2388,威盛,289,138,151,國泰-敦南,2024-10-17,8888
2449,京元電子,1090,941,149,國泰-敦南,2024-10-17,8888
00954,中信日本半導體,149,0,149,國泰-敦南,2024-10-17,8888
00907,永豐優息存股,169,33,136,國泰-敦南,2024-10-17,8888
5452,佶優,1227,1096,131,國泰-敦南,2024-10-17,8888
4956,光鋐,226,96,130,國泰-敦南,2024-10-17,8888
4979,華星光,402,272,130,國泰-敦南,2024-10-17,8888
2421,建準,535,412,123,國泰-敦南,2024-10-17,8888
2303,聯電,210,88,122,國泰-敦南,2024-10-17,8888
3498,陽程,597,479,118,國泰-敦南,2024-10-17,8888
00933B,國泰10Y+金融債,185,70,115,國泰-敦南,2024-10-17,8888
00937B,群益ESG投等債20,5102,703,4399,國泰-敦南,2024-10-18,8888
00948B,中信優息投資級債,4194,478,3716,國泰-敦南,2024-10-18,8888
00687B,國泰20年美債,4201,731,3470,國泰-敦南,2024-10-18,8888
00679B,元大美債20年,2691,377,2314,國泰-敦南,2024-10-18,8888
0056,元大高股息,3020,793,2227,國泰-敦南,2024-10-18,8888
00680L,元大美債20正2,2329,995,1334,國泰-敦南,2024-10-18,8888
2303,聯電,1439,195,1244,國泰-敦南,2024-10-18,8888
00795B,中信美國公債20年,1278,253,1025,國泰-敦南,2024-10-18,8888
00688L,國泰20年美債正2,2459,1625,834,國泰-敦南,2024-10-18,8888
00887,永豐中國科技50大,894,321,573,國泰-敦南,2024-10-18,8888
2867,三商壽,715,185,530,國泰-敦南,2024-10-18,8888
00751B,元大AAA至A公司債,562,47,515,國泰-敦南,2024-10-18,8888
2402,毅嘉,878,407,471,國泰-敦南,2024-10-18,8888
00933B,國泰10Y+金融債,670,241,429,國泰-敦南,2024-10-18,8888
00725B,國泰投資級公司債,664,248,416,國泰-敦南,2024-10-18,8888
00945B,凱基美國非投等債,446,41,405,國泰-敦南,2024-10-18,8888
00720B,元大投資級公司債,503,118,385,國泰-敦南,2024-10-18,8888
00753L,中信中國50正2,2729,2382,347,國泰-敦南,2024-10-18,8888
2449,京元電子,1059,717,342,國泰-敦南,2024-10-18,8888
00919,群益台灣精選高息,1863,1533,330,國泰-敦南,2024-10-18,8888
00942B,台新美A公司債20+,311,8,303,國泰-敦南,2024-10-18,8888
5347,世界,410,113,297,國泰-敦南,2024-10-18,8888
8028,昇陽半導體,2179,1901,278,國泰-敦南,2024-10-18,8888
3450,聯鈞,1522,1249,273,國泰-敦南,2024-10-18,8888
00931B,統一美債20年,470,198,272,國泰-敦南,2024-10-18,8888
6763,綠界科技*,969,746,223,國泰-敦南,2024-10-18,8888
8374,羅昇,602,395,207,國泰-敦南,2024-10-18,8888
00665L,富邦�琤肭磪囓�2,1087,882,205,國泰-敦南,2024-10-18,8888
00946,群益科技高息成長,399,203,196,國泰-敦南,2024-10-18,8888
00637L,元大滬深300正2,1434,1239,195,國泰-敦南,2024-10-18,8888
1314,中石化,396,201,195,國泰-敦南,2024-10-18,8888
3037,欣興,375,186,189,國泰-敦南,2024-10-18,8888
1540,喬福,2347,2161,186,國泰-敦南,2024-10-18,8888
00941,中信上游半導體,311,129,182,國泰-敦南,2024-10-18,8888
1616,億泰,271,89,182,國泰-敦南,2024-10-18,8888
1785,光洋科,598,428,170,國泰-敦南,2024-10-18,8888
2374,佳能,705,536,169,國泰-敦南,2024-10-18,8888
2313,華通,290,122,168,國泰-敦南,2024-10-18,8888
3374,精材,480,316,164,國泰-敦南,2024-10-18,8888
3031,佰鴻,653,490,163,國泰-敦南,2024-10-18,8888
2365,昆盈,470,314,156,國泰-敦南,2024-10-18,8888
00959B,大華投等美債15Y+,156,2,154,國泰-敦南,2024-10-18,8888
4510,高鋒,2113,1967,146,國泰-敦南,2024-10-18,8888
2615,萬海,637,506,131,國泰-敦南,2024-10-18,8888
4562,穎漢,1939,1813,126,國泰-敦南,2024-10-18,8888
2367,燿華,354,230,124,國泰-敦南,2024-10-18,8888
00960,野村全球航運龍頭,187,67,120,國泰-敦南,2024-10-18,8888
4566,時碩工業,1005,888,117,國泰-敦南,2024-10-18,8888
2349,錸德,248,138,110,國泰-敦南,2024-10-18,8888
00932,兆豐永續高息等權,140,32,108,國泰-敦南,2024-10-18,8888
00937B,群益ESG投等債20,7080,1759,5321,國泰-敦南,2024-10-21,8888
00948B,中信優息投資級債,3918,657,3261,國泰-敦南,2024-10-21,8888
00687B,國泰20年美債,3148,837,2311,國泰-敦南,2024-10-21,8888
00679B,元大美債20年,2404,599,1805,國泰-敦南,2024-10-21,8888
00753L,中信中國50正2,3081,1966,1115,國泰-敦南,2024-10-21,8888
00715L,期街口布蘭特正2,1067,23,1044,國泰-敦南,2024-10-21,8888
00887,永豐中國科技50大,1594,664,930,國泰-敦南,2024-10-21,8888
00665L,富邦�琤肭磪囓�2,1855,1105,750,國泰-敦南,2024-10-21,8888
00637L,元大滬深300正2,2502,1790,712,國泰-敦南,2024-10-21,8888
2891,中信金,1166,481,685,國泰-敦南,2024-10-21,8888
2883,凱基金,1038,363,675,國泰-敦南,2024-10-21,8888
00795B,中信美國公債20年,671,58,613,國泰-敦南,2024-10-21,8888
00725B,國泰投資級公司債,699,114,585,國泰-敦南,2024-10-21,8888
00945B,凱基美國非投等債,646,143,503,國泰-敦南,2024-10-21,8888
00905,FT臺灣Smart,980,516,464,國泰-敦南,2024-10-21,8888
2884,玉山金,477,48,429,國泰-敦南,2024-10-21,8888
2303,聯電,590,175,415,國泰-敦南,2024-10-21,8888
2312,金寶,1893,1495,398,國泰-敦南,2024-10-21,8888
00959B,大華投等美債15Y+,414,23,391,國泰-敦南,2024-10-21,8888
2881,富邦金,390,20,370,國泰-敦南,2024-10-21,8888
00712,復華富時不動產,603,250,353,國泰-敦南,2024-10-21,8888
00907,永豐優息存股,366,31,335,國泰-敦南,2024-10-21,8888
00680L,元大美債20正2,586,259,327,國泰-敦南,2024-10-21,8888
3013,晟銘電,1704,1424,280,國泰-敦南,2024-10-21,8888
00953B,群益優選非投等債,543,266,277,國泰-敦南,2024-10-21,8888
1314,中石化,477,202,275,國泰-敦南,2024-10-21,8888
2882,國泰金,361,95,266,國泰-敦南,2024-10-21,8888
00751B,元大AAA至A公司債,407,155,252,國泰-敦南,2024-10-21,8888
00830,國泰費城半導體,295,54,241,國泰-敦南,2024-10-21,8888
1301,台塑,287,47,240,國泰-敦南,2024-10-21,8888
2890,永豐金,273,66,207,國泰-敦南,2024-10-21,8888
006208,富邦台50,524,324,200,國泰-敦南,2024-10-21,8888
00950B,凱基A級公司債,190,0,190,國泰-敦南,2024-10-21,8888
00958B,永豐ESG銀行債15,182,0,182,國泰-敦南,2024-10-21,8888
00720B,元大投資級公司債,473,292,181,國泰-敦南,2024-10-21,8888
00882,中信中國高股息,715,538,177,國泰-敦南,2024-10-21,8888
2867,三商壽,243,67,176,國泰-敦南,2024-10-21,8888
1326,台化,193,20,173,國泰-敦南,2024-10-21,8888
2885,元大金,227,54,173,國泰-敦南,2024-10-21,8888
00706L,期元大S＆P日圓正2,203,31,172,國泰-敦南,2024-10-21,8888
00927,群益半導體收益,446,290,156,國泰-敦南,2024-10-21,8888
3450,聯鈞,1224,1069,155,國泰-敦南,2024-10-21,8888
00639,富邦深100,168,16,152,國泰-敦南,2024-10-21,8888
00922,國泰台灣領袖50,648,501,147,國泰-敦南,2024-10-21,8888
00740B,富邦全球投等債,148,1,147,國泰-敦南,2024-10-21,8888
2402,毅嘉,335,192,143,國泰-敦南,2024-10-21,8888
00688L,國泰20年美債正2,359,217,142,國泰-敦南,2024-10-21,8888
4526,東台,934,794,140,國泰-敦南,2024-10-21,8888
3481,群創,700,561,139,國泰-敦南,2024-10-21,8888
1721,三晃,436,296,140,國泰-敦南,2024-10-21,8888
00937B,群益ESG投等債20,13517,3809,9708,國泰-敦南,2024-10-22,8888
00948B,中信優息投資級債,6425,457,5968,國泰-敦南,2024-10-22,8888
00687B,國泰20年美債,7217,2442,4775,國泰-敦南,2024-10-22,8888
00679B,元大美債20年,4884,979,3905,國泰-敦南,2024-10-22,8888
00680L,元大美債20正2,5047,2451,2596,國泰-敦南,2024-10-22,8888
00795B,中信美國公債20年,1572,196,1376,國泰-敦南,2024-10-22,8888
00688L,國泰20年美債正2,3310,2055,1255,國泰-敦南,2024-10-22,8888
00905,FT臺灣Smart,1243,99,1144,國泰-敦南,2024-10-22,8888
00712,復華富時不動產,1581,455,1126,國泰-敦南,2024-10-22,8888
00959B,大華投等美債15Y+,1105,36,1069,國泰-敦南,2024-10-22,8888
00725B,國泰投資級公司債,1019,105,914,國泰-敦南,2024-10-22,8888
00632R,元大台灣50反1,3191,2348,843,國泰-敦南,2024-10-22,8888
00929,復華台灣科技優息,2715,2022,693,國泰-敦南,2024-10-22,8888
00751B,元大AAA至A公司債,726,99,627,國泰-敦南,2024-10-22,8888
006208,富邦台50,725,187,538,國泰-敦南,2024-10-22,8888
4729,熒茂,1178,737,441,國泰-敦南,2024-10-22,8888
2363,矽統,1546,1122,424,國泰-敦南,2024-10-22,8888
00933B,國泰10Y+金融債,1713,1313,400,國泰-敦南,2024-10-22,8888
00941,中信上游半導體,452,64,388,國泰-敦南,2024-10-22,8888
00907,永豐優息存股,411,57,354,國泰-敦南,2024-10-22,8888
00720B,元大投資級公司債,1157,809,348,國泰-敦南,2024-10-22,8888
00715L,期街口布蘭特正2,468,128,340,國泰-敦南,2024-10-22,8888
3615,安可,1886,1551,335,國泰-敦南,2024-10-22,8888
0056,元大高股息,854,559,295,國泰-敦南,2024-10-22,8888
00950B,凱基A級公司債,373,87,286,國泰-敦南,2024-10-22,8888
2303,聯電,421,135,286,國泰-敦南,2024-10-22,8888
1301,台塑,361,78,283,國泰-敦南,2024-10-22,8888
2615,萬海,1190,918,272,國泰-敦南,2024-10-22,8888
2312,金寶,1062,811,251,國泰-敦南,2024-10-22,8888
1595,川寶,1750,1509,241,國泰-敦南,2024-10-22,8888
3049,精金,1489,1257,232,國泰-敦南,2024-10-22,8888
2543,皇昌,286,74,212,國泰-敦南,2024-10-22,8888
00945B,凱基美國非投等債,251,51,200,國泰-敦南,2024-10-22,8888
00887,永豐中國科技50大,395,204,191,國泰-敦南,2024-10-22,8888
2388,威盛,490,303,187,國泰-敦南,2024-10-22,8888
6134,萬旭,323,144,179,國泰-敦南,2024-10-22,8888
00919,群益台灣精選高息,1133,961,172,國泰-敦南,2024-10-22,8888
0050,元大台灣50,256,94,162,國泰-敦南,2024-10-22,8888
00706L,期元大S＆P日圓正2,314,154,160,國泰-敦南,2024-10-22,8888
00665L,富邦�琤肭磪囓�2,879,722,157,國泰-敦南,2024-10-22,8888
3710,連展投控,186,28,158,國泰-敦南,2024-10-22,8888
00857B,永豐20年美公債,240,83,157,國泰-敦南,2024-10-22,8888
2330,台積電,309,153,156,國泰-敦南,2024-10-22,8888
1597,直得,891,737,154,國泰-敦南,2024-10-22,8888
6609,瀧澤科,719,570,149,國泰-敦南,2024-10-22,8888
3715,定穎投控,557,408,149,國泰-敦南,2024-10-22,8888
3354,律勝,408,261,147,國泰-敦南,2024-10-22,8888
2867,三商壽,199,56,143,國泰-敦南,2024-10-22,8888
5315,光聯,407,268,139,國泰-敦南,2024-10-22,8888
3535,晶彩科,881,743,138,國泰-敦南,2024-10-22,8888
00937B,群益ESG投等債20,6393,1449,4944,國泰-敦南,2024-10-23,8888
00948B,中信優息投資級債,2402,333,2069,國泰-敦南,2024-10-23,8888
00687B,國泰20年美債,2732,843,1889,國泰-敦南,2024-10-23,8888
00878,國泰永續高股息,2129,606,1523,國泰-敦南,2024-10-23,8888
00712,復華富時不動產,1605,127,1478,國泰-敦南,2024-10-23,8888
0056,元大高股息,1527,237,1290,國泰-敦南,2024-10-23,8888
00929,復華台灣科技優息,2561,1430,1131,國泰-敦南,2024-10-23,8888
00679B,元大美債20年,1228,326,902,國泰-敦南,2024-10-23,8888
00959B,大華投等美債15Y+,929,64,865,國泰-敦南,2024-10-23,8888
00907,永豐優息存股,783,15,768,國泰-敦南,2024-10-23,8888
00632R,元大台灣50反1,1769,1071,698,國泰-敦南,2024-10-23,8888
2303,聯電,817,164,653,國泰-敦南,2024-10-23,8888
00933B,國泰10Y+金融債,938,307,631,國泰-敦南,2024-10-23,8888
00688L,國泰20年美債正2,1266,710,556,國泰-敦南,2024-10-23,8888
2891,中信金,633,107,526,國泰-敦南,2024-10-23,8888
00919,群益台灣精選高息,1210,686,524,國泰-敦南,2024-10-23,8888
006208,富邦台50,556,129,427,國泰-敦南,2024-10-23,8888
00720B,元大投資級公司債,573,150,423,國泰-敦南,2024-10-23,8888
00938,凱基優選30,462,54,408,國泰-敦南,2024-10-23,8888
2329,華泰,1725,1349,376,國泰-敦南,2024-10-23,8888
00713,元大台灣高息低波,437,83,354,國泰-敦南,2024-10-23,8888
1314,中石化,579,259,320,國泰-敦南,2024-10-23,8888
2884,玉山金,323,23,300,國泰-敦南,2024-10-23,8888
6151,晉倫,2195,1902,293,國泰-敦南,2024-10-23,8888
6405,悅城,2045,1758,287,國泰-敦南,2024-10-23,8888
9105,泰金寶-DR,705,424,281,國泰-敦南,2024-10-23,8888
00922,國泰台灣領袖50,521,243,278,國泰-敦南,2024-10-23,8888
2542,興富發,324,54,270,國泰-敦南,2024-10-23,8888
2880,華南金,286,18,268,國泰-敦南,2024-10-23,8888
2887,台新金,419,156,263,國泰-敦南,2024-10-23,8888
00680L,元大美債20正2,1147,888,259,國泰-敦南,2024-10-23,8888
00795B,中信美國公債20年,388,143,245,國泰-敦南,2024-10-23,8888
00931B,統一美債20年,259,29,230,國泰-敦南,2024-10-23,8888
00887,永豐中國科技50大,484,269,215,國泰-敦南,2024-10-23,8888
00751B,元大AAA至A公司債,315,108,207,國泰-敦南,2024-10-23,8888
00950B,凱基A級公司債,246,39,207,國泰-敦南,2024-10-23,8888
2369,菱生,964,758,206,國泰-敦南,2024-10-23,8888
2313,華通,371,182,189,國泰-敦南,2024-10-23,8888
2317,鴻海,700,513,187,國泰-敦南,2024-10-23,8888
3481,群創,1074,890,184,國泰-敦南,2024-10-23,8888
00934,中信成長高股息,256,82,174,國泰-敦南,2024-10-23,8888
2412,中華電,179,8,171,國泰-敦南,2024-10-23,8888
00951,台新日本半導體,224,55,169,國泰-敦南,2024-10-23,8888
00943,兆豐電子高息等權,387,223,164,國泰-敦南,2024-10-23,8888
00900,富邦特選高股息30,196,37,159,國泰-敦南,2024-10-23,8888
6167,久正,210,53,157,國泰-敦南,2024-10-23,8888
2890,永豐金,170,15,155,國泰-敦南,2024-10-23,8888
3013,晟銘電,1340,1185,155,國泰-敦南,2024-10-23,8888
2883,凱基金,215,60,155,國泰-敦南,2024-10-23,8888
00927,群益半導體收益,208,59,149,國泰-敦南,2024-10-23,8888
0056,元大高股息,3635,498,3137,國泰-敦南,2024-10-24,8888
00929,復華台灣科技優息,3613,1414,2199,國泰-敦南,2024-10-24,8888
00878,國泰永續高股息,2615,986,1629,國泰-敦南,2024-10-24,8888
00937B,群益ESG投等債20,2497,1093,1404,國泰-敦南,2024-10-24,8888
00919,群益台灣精選高息,2163,761,1402,國泰-敦南,2024-10-24,8888
1528,恩德,7383,6004,1379,國泰-敦南,2024-10-24,8888
00881,國泰台灣5G+,1418,192,1226,國泰-敦南,2024-10-24,8888
00953B,群益優選非投等債,1108,7,1101,國泰-敦南,2024-10-24,8888
00931B,統一美債20年,1130,48,1082,國泰-敦南,2024-10-24,8888
00934,中信成長高股息,1233,246,987,國泰-敦南,2024-10-24,8888
00915,凱基優選高股息30,1261,300,961,國泰-敦南,2024-10-24,8888
00632R,元大台灣50反1,1948,993,955,國泰-敦南,2024-10-24,8888
00753L,中信中國50正2,2231,1359,872,國泰-敦南,2024-10-24,8888
00948B,中信優息投資級債,1055,190,865,國泰-敦南,2024-10-24,8888
00712,復華富時不動產,957,130,827,國泰-敦南,2024-10-24,8888
00665L,富邦�琤肭磪囓�2,1552,758,794,國泰-敦南,2024-10-24,8888
00922,國泰台灣領袖50,1106,372,734,國泰-敦南,2024-10-24,8888
2317,鴻海,1482,802,680,國泰-敦南,2024-10-24,8888
2303,聯電,772,111,661,國泰-敦南,2024-10-24,8888
00637L,元大滬深300正2,929,280,649,國泰-敦南,2024-10-24,8888
2489,瑞軒,1455,969,486,國泰-敦南,2024-10-24,8888
00960,野村全球航運龍頭,706,222,484,國泰-敦南,2024-10-24,8888
1721,三晃,3175,2728,447,國泰-敦南,2024-10-24,8888
006208,富邦台50,534,101,433,國泰-敦南,2024-10-24,8888
00679B,元大美債20年,962,543,419,國泰-敦南,2024-10-24,8888
2891,中信金,646,237,409,國泰-敦南,2024-10-24,8888
2388,威盛,731,372,359,國泰-敦南,2024-10-24,8888
00938,凱基優選30,374,15,359,國泰-敦南,2024-10-24,8888
3450,聯鈞,1288,933,355,國泰-敦南,2024-10-24,8888
2399,映泰,1738,1392,346,國泰-敦南,2024-10-24,8888
00680L,元大美債20正2,906,592,314,國泰-敦南,2024-10-24,8888
3167,大量,859,551,308,國泰-敦南,2024-10-24,8888
00959B,大華投等美債15Y+,304,5,299,國泰-敦南,2024-10-24,8888
2887,台新金,322,27,295,國泰-敦南,2024-10-24,8888
6763,綠界科技*,518,234,284,國泰-敦南,2024-10-24,8888
00946,群益科技高息成長,360,98,262,國泰-敦南,2024-10-24,8888
00905,FT臺灣Smart,343,83,260,國泰-敦南,2024-10-24,8888
2382,廣達,609,353,256,國泰-敦南,2024-10-24,8888
00945B,凱基美國非投等債,402,149,253,國泰-敦南,2024-10-24,8888
00688L,國泰20年美債正2,718,473,245,國泰-敦南,2024-10-24,8888
2344,華邦電,302,74,228,國泰-敦南,2024-10-24,8888
00687B,國泰20年美債,949,734,215,國泰-敦南,2024-10-24,8888
00673R,期元大S＆P原油反1,192,0,192,國泰-敦南,2024-10-24,8888
6609,瀧澤科,1274,1089,185,國泰-敦南,2024-10-24,8888
2867,三商壽,266,87,179,國泰-敦南,2024-10-24,8888
00943,兆豐電子高息等權,218,40,178,國泰-敦南,2024-10-24,8888
6104,創惟,404,229,175,國泰-敦南,2024-10-24,8888
4716,大立,1031,868,163,國泰-敦南,2024-10-24,8888
6770,力積電,278,117,161,國泰-敦南,2024-10-24,8888
00882,中信中國高股息,350,189,161,國泰-敦南,2024-10-24,8888
2646,星宇航空,10839,5174,5665,國泰-敦南,2024-10-25,8888
00632R,元大台灣50反1,3941,1487,2454,國泰-敦南,2024-10-25,8888
00937B,群益ESG投等債20,3472,1274,2198,國泰-敦南,2024-10-25,8888
00951,台新日本半導體,774,31,743,國泰-敦南,2024-10-25,8888
00959B,大華投等美債15Y+,648,27,621,國泰-敦南,2024-10-25,8888
00680L,元大美債20正2,1031,414,617,國泰-敦南,2024-10-25,8888
00948B,中信優息投資級債,911,341,570,國泰-敦南,2024-10-25,8888
2303,聯電,661,100,561,國泰-敦南,2024-10-25,8888
00687B,國泰20年美債,1254,698,556,國泰-敦南,2024-10-25,8888
00958B,永豐ESG銀行債15,504,9,495,國泰-敦南,2024-10-25,8888
2495,普安,4061,3586,475,國泰-敦南,2024-10-25,8888
00713,元大台灣高息低波,480,100,380,國泰-敦南,2024-10-25,8888
8249,菱光,3186,2854,332,國泰-敦南,2024-10-25,8888
00688L,國泰20年美債正2,665,341,324,國泰-敦南,2024-10-25,8888
00795B,中信美國公債20年,380,62,318,國泰-敦南,2024-10-25,8888
00679B,元大美債20年,1010,704,306,國泰-敦南,2024-10-25,8888
00933B,國泰10Y+金融債,510,243,267,國泰-敦南,2024-10-25,8888
00919,群益台灣精選高息,760,510,250,國泰-敦南,2024-10-25,8888
00715L,期街口布蘭特正2,336,86,250,國泰-敦南,2024-10-25,8888
00938,凱基優選30,276,41,235,國泰-敦南,2024-10-25,8888
2884,玉山金,284,51,233,國泰-敦南,2024-10-25,8888
00712,復華富時不動產,342,112,230,國泰-敦南,2024-10-25,8888
6770,力積電,368,171,197,國泰-敦南,2024-10-25,8888
00915,凱基優選高股息30,340,148,192,國泰-敦南,2024-10-25,8888
2344,華邦電,509,335,174,國泰-敦南,2024-10-25,8888
8043,蜜望實,677,505,172,國泰-敦南,2024-10-25,8888
00953B,群益優選非投等債,494,321,173,國泰-敦南,2024-10-25,8888
00950B,凱基A級公司債,381,213,168,國泰-敦南,2024-10-25,8888
00941,中信上游半導體,187,26,161,國泰-敦南,2024-10-25,8888
0056,元大高股息,607,446,161,國泰-敦南,2024-10-25,8888
00954,中信日本半導體,153,1,152,國泰-敦南,2024-10-25,8888
3029,零壹,377,225,152,國泰-敦南,2024-10-25,8888
1528,恩德,1804,1652,152,國泰-敦南,2024-10-25,8888
5202,力新,878,729,149,國泰-敦南,2024-10-25,8888
3704,合勤控,224,75,149,國泰-敦南,2024-10-25,8888
00960,野村全球航運龍頭,370,248,122,國泰-敦南,2024-10-25,8888
00931B,統一美債20年,236,116,120,國泰-敦南,2024-10-25,8888
4545,銘鈺,604,490,114,國泰-敦南,2024-10-25,8888
3060,銘異,172,61,111,國泰-敦南,2024-10-25,8888
2388,威盛,378,270,108,國泰-敦南,2024-10-25,8888
3372,典範,115,16,99,國泰-敦南,2024-10-25,8888
3710,連展投控,314,216,98,國泰-敦南,2024-10-25,8888
00706L,期元大S＆P日圓正2,107,10,97,國泰-敦南,2024-10-25,8888
2329,華泰,319,223,96,國泰-敦南,2024-10-25,8888
2890,永豐金,110,19,91,國泰-敦南,2024-10-25,8888
5243,乙盛-KY,234,143,91,國泰-敦南,2024-10-25,8888
1524,耿鼎,299,210,89,國泰-敦南,2024-10-25,8888
6133,金橋,302,219,83,國泰-敦南,2024-10-25,8888
00740B,富邦全球投等債,88,7,81,國泰-敦南,2024-10-25,8888
6218,豪勉,146,66,80,國泰-敦南,2024-10-25,8888
00937B,群益ESG投等債20,5107,1947,3160,國泰-敦南,2024-10-28,8888
00948B,中信優息投資級債,2457,309,2148,國泰-敦南,2024-10-28,8888
00687B,國泰20年美債,3086,1033,2053,國泰-敦南,2024-10-28,8888
00715L,期街口布蘭特正2,2179,383,1796,國泰-敦南,2024-10-28,8888
00679B,元大美債20年,2117,742,1375,國泰-敦南,2024-10-28,8888
00712,復華富時不動產,1450,122,1328,國泰-敦南,2024-10-28,8888
00680L,元大美債20正2,1785,570,1215,國泰-敦南,2024-10-28,8888
00959B,大華投等美債15Y+,1093,54,1039,國泰-敦南,2024-10-28,8888
1802,台玻,2135,1277,858,國泰-敦南,2024-10-28,8888
2646,星宇航空,3732,2992,740,國泰-敦南,2024-10-28,8888
2303,聯電,824,142,682,國泰-敦南,2024-10-28,8888
2354,鴻準,2424,1824,600,國泰-敦南,2024-10-28,8888
00919,群益台灣精選高息,1402,838,564,國泰-敦南,2024-10-28,8888
00795B,中信美國公債20年,718,204,514,國泰-敦南,2024-10-28,8888
0056,元大高股息,1025,547,478,國泰-敦南,2024-10-28,8888
3231,緯創,858,421,437,國泰-敦南,2024-10-28,8888
00706L,期元大S＆P日圓正2,545,113,432,國泰-敦南,2024-10-28,8888
2633,台灣高鐵,346,12,334,國泰-敦南,2024-10-28,8888
00952,凱基台灣AI50,333,19,314,國泰-敦南,2024-10-28,8888
6288,聯嘉,2136,1826,310,國泰-敦南,2024-10-28,8888
00725B,國泰投資級公司債,372,118,254,國泰-敦南,2024-10-28,8888
00958B,永豐ESG銀行債15,248,2,246,國泰-敦南,2024-10-28,8888
00943,兆豐電子高息等權,244,7,237,國泰-敦南,2024-10-28,8888
00931B,統一美債20年,395,159,236,國泰-敦南,2024-10-28,8888
00720B,元大投資級公司債,380,174,206,國泰-敦南,2024-10-28,8888
2867,三商壽,295,94,201,國泰-敦南,2024-10-28,8888
00753L,中信中國50正2,1004,808,196,國泰-敦南,2024-10-28,8888
6770,力積電,555,360,195,國泰-敦南,2024-10-28,8888
00938,凱基優選30,232,39,193,國泰-敦南,2024-10-28,8888
2302,麗正,754,567,187,國泰-敦南,2024-10-28,8888
2477,美隆電,2216,2034,182,國泰-敦南,2024-10-28,8888
00950B,凱基A級公司債,201,20,181,國泰-敦南,2024-10-28,8888
6530,創威,369,195,174,國泰-敦南,2024-10-28,8888
00905,FT臺灣Smart,275,102,173,國泰-敦南,2024-10-28,8888
2399,映泰,1053,883,170,國泰-敦南,2024-10-28,8888
2615,萬海,1008,853,155,國泰-敦南,2024-10-28,8888
2884,玉山金,266,114,152,國泰-敦南,2024-10-28,8888
1314,中石化,323,175,148,國泰-敦南,2024-10-28,8888
00637L,元大滬深300正2,1179,1038,141,國泰-敦南,2024-10-28,8888
2330,台積電,266,126,140,國泰-敦南,2024-10-28,8888
3481,群創,392,253,139,國泰-敦南,2024-10-28,8888
00922,國泰台灣領袖50,572,434,138,國泰-敦南,2024-10-28,8888
2356,英業達,275,138,137,國泰-敦南,2024-10-28,8888
3049,精金,466,330,136,國泰-敦南,2024-10-28,8888
00932,兆豐永續高息等權,131,2,129,國泰-敦南,2024-10-28,8888
3013,晟銘電,938,816,122,國泰-敦南,2024-10-28,8888
00927,群益半導體收益,264,149,115,國泰-敦南,2024-10-28,8888
006208,富邦台50,366,252,114,國泰-敦南,2024-10-28,8888
00945B,凱基美國非投等債,127,14,113,國泰-敦南,2024-10-28,8888
3081,聯亞,202,89,113,國泰-敦南,2024-10-28,8888
00929,復華台灣科技優息,8067,1512,6555,國泰-敦南,2024-10-29,8888
00919,群益台灣精選高息,7177,722,6455,國泰-敦南,2024-10-29,8888
00878,國泰永續高股息,5437,955,4482,國泰-敦南,2024-10-29,8888
0056,元大高股息,3674,553,3121,國泰-敦南,2024-10-29,8888
00715L,期街口布蘭特正2,2196,54,2142,國泰-敦南,2024-10-29,8888
00712,復華富時不動產,1547,65,1482,國泰-敦南,2024-10-29,8888
00922,國泰台灣領袖50,1466,179,1287,國泰-敦南,2024-10-29,8888
00940,元大台灣價值高息,2567,1292,1275,國泰-敦南,2024-10-29,8888
00948B,中信優息投資級債,1471,244,1227,國泰-敦南,2024-10-29,8888
006208,富邦台50,1487,263,1224,國泰-敦南,2024-10-29,8888
00713,元大台灣高息低波,1265,129,1136,國泰-敦南,2024-10-29,8888
2303,聯電,1247,222,1025,國泰-敦南,2024-10-29,8888
00934,中信成長高股息,852,150,702,國泰-敦南,2024-10-29,8888
00915,凱基優選高股息30,836,155,681,國泰-敦南,2024-10-29,8888
2883,凱基金,862,267,595,國泰-敦南,2024-10-29,8888
00905,FT臺灣Smart,727,154,573,國泰-敦南,2024-10-29,8888
00946,群益科技高息成長,841,329,512,國泰-敦南,2024-10-29,8888
00927,群益半導體收益,621,126,495,國泰-敦南,2024-10-29,8888
00881,國泰台灣5G+,617,158,459,國泰-敦南,2024-10-29,8888
0050,元大台灣50,637,183,454,國泰-敦南,2024-10-29,8888
00688L,國泰20年美債正2,632,183,449,國泰-敦南,2024-10-29,8888
00932,兆豐永續高息等權,449,29,420,國泰-敦南,2024-10-29,8888
2897,王道銀行,559,166,393,國泰-敦南,2024-10-29,8888
5880,合庫金,389,23,366,國泰-敦南,2024-10-29,8888
00918,大華優利高填息30,710,372,338,國泰-敦南,2024-10-29,8888
8107,大億金茂,1309,989,320,國泰-敦南,2024-10-29,8888
2884,玉山金,355,40,315,國泰-敦南,2024-10-29,8888
00945B,凱基美國非投等債,428,116,312,國泰-敦南,2024-10-29,8888
6133,金橋,2684,2373,311,國泰-敦南,2024-10-29,8888
2344,華邦電,422,129,293,國泰-敦南,2024-10-29,8888
00631L,元大台灣50正2,510,217,293,國泰-敦南,2024-10-29,8888
00959B,大華投等美債15Y+,592,308,284,國泰-敦南,2024-10-29,8888
8064,東捷,656,373,283,國泰-敦南,2024-10-29,8888
00675L,富邦臺灣加權正2,536,255,281,國泰-敦南,2024-10-29,8888
2477,美隆電,726,446,280,國泰-敦南,2024-10-29,8888
1314,中石化,382,114,268,國泰-敦南,2024-10-29,8888
2317,鴻海,1659,1403,256,國泰-敦南,2024-10-29,8888
6770,力積電,388,133,255,國泰-敦南,2024-10-29,8888
00641R,富邦日本反1,245,10,235,國泰-敦南,2024-10-29,8888
00943,兆豐電子高息等權,389,163,226,國泰-敦南,2024-10-29,8888
00930,永豐ESG低碳高息,253,30,223,國泰-敦南,2024-10-29,8888
00912,中信臺灣智慧50,220,12,208,國泰-敦南,2024-10-29,8888
2887,台新金,272,74,198,國泰-敦南,2024-10-29,8888
6156,松上,639,446,193,國泰-敦南,2024-10-29,8888
1605,華新,218,31,187,國泰-敦南,2024-10-29,8888
00891,中信關鍵半導體,297,112,185,國泰-敦南,2024-10-29,8888
5521,工信,197,16,181,國泰-敦南,2024-10-29,8888
00887,永豐中國科技50大,570,390,180,國泰-敦南,2024-10-29,8888
00642U,期元大S＆P石油,175,0,175,國泰-敦南,2024-10-29,8888
2330,台積電,352,189,163,國泰-敦南,2024-10-29,8888
00919,群益台灣精選高息,3777,672,3105,國泰-敦南,2024-10-30,8888
00929,復華台灣科技優息,3190,1507,1683,國泰-敦南,2024-10-30,8888
00712,復華富時不動產,1704,227,1477,國泰-敦南,2024-10-30,8888
0056,元大高股息,1788,492,1296,國泰-敦南,2024-10-30,8888
00953B,群益優選非投等債,1188,15,1173,國泰-敦南,2024-10-30,8888
00948B,中信優息投資級債,1210,108,1102,國泰-敦南,2024-10-30,8888
00878,國泰永續高股息,2164,1104,1060,國泰-敦南,2024-10-30,8888
00715L,期街口布蘭特正2,797,35,762,國泰-敦南,2024-10-30,8888
2303,聯電,856,127,729,國泰-敦南,2024-10-30,8888
00637L,元大滬深300正2,1232,524,708,國泰-敦南,2024-10-30,8888
3481,群創,1661,1088,573,國泰-敦南,2024-10-30,8888
00950B,凱基A級公司債,611,89,522,國泰-敦南,2024-10-30,8888
00959B,大華投等美債15Y+,553,97,456,國泰-敦南,2024-10-30,8888
00882,中信中國高股息,1208,778,430,國泰-敦南,2024-10-30,8888
00915,凱基優選高股息30,494,71,423,國泰-敦南,2024-10-30,8888
00946,群益科技高息成長,536,132,404,國泰-敦南,2024-10-30,8888
4919,新唐,1982,1594,388,國泰-敦南,2024-10-30,8888
6770,力積電,616,242,374,國泰-敦南,2024-10-30,8888
006208,富邦台50,592,234,358,國泰-敦南,2024-10-30,8888
00940,元大台灣價值高息,1405,1069,336,國泰-敦南,2024-10-30,8888
00934,中信成長高股息,412,79,333,國泰-敦南,2024-10-30,8888
00665L,富邦�琤肭磪囓�2,2554,2225,329,國泰-敦南,2024-10-30,8888
2337,旺宏,473,174,299,國泰-敦南,2024-10-30,8888
1528,恩德,5968,5683,285,國泰-敦南,2024-10-30,8888
2887,台新金,400,129,271,國泰-敦南,2024-10-30,8888
00687B,國泰20年美債,869,603,266,國泰-敦南,2024-10-30,8888
00679B,元大美債20年,834,580,254,國泰-敦南,2024-10-30,8888
2477,美隆電,2231,1983,248,國泰-敦南,2024-10-30,8888
00930,永豐ESG低碳高息,243,6,237,國泰-敦南,2024-10-30,8888
00918,大華優利高填息30,465,242,223,國泰-敦南,2024-10-30,8888
2881,富邦金,250,36,214,國泰-敦南,2024-10-30,8888
00795B,中信美國公債20年,252,41,211,國泰-敦南,2024-10-30,8888
2409,友達,217,31,186,國泰-敦南,2024-10-30,8888
6133,金橋,891,706,185,國泰-敦南,2024-10-30,8888
00713,元大台灣高息低波,378,194,184,國泰-敦南,2024-10-30,8888
5880,合庫金,224,52,172,國泰-敦南,2024-10-30,8888
2449,京元電子,387,217,170,國泰-敦南,2024-10-30,8888
1314,中石化,298,133,165,國泰-敦南,2024-10-30,8888
1605,華新,209,48,161,國泰-敦南,2024-10-30,8888
1568,倉佑,265,128,137,國泰-敦南,2024-10-30,8888
5438,東友,342,208,134,國泰-敦南,2024-10-30,8888
00912,中信臺灣智慧50,133,7,126,國泰-敦南,2024-10-30,8888
00932,兆豐永續高息等權,196,76,120,國泰-敦南,2024-10-30,8888
3325,旭品,317,201,116,國泰-敦南,2024-10-30,8888
00945B,凱基美國非投等債,127,18,109,國泰-敦南,2024-10-30,8888
6257,矽格,143,35,108,國泰-敦南,2024-10-30,8888
00927,群益半導體收益,225,118,107,國泰-敦南,2024-10-30,8888
00662,富邦NASDAQ,115,11,104,國泰-敦南,2024-10-30,8888
8404,百和興業-KY,145,41,104,國泰-敦南,2024-10-30,8888
00641R,富邦日本反1,92,2,90,國泰-敦南,2024-10-30,8888
00878,國泰永續高股息,4995,968,4027,國泰-敦南,2024-11-01,8888
00919,群益台灣精選高息,3922,1284,2638,國泰-敦南,2024-11-01,8888
00948B,中信優息投資級債,2368,177,2191,國泰-敦南,2024-11-01,8888
00929,復華台灣科技優息,4377,2240,2137,國泰-敦南,2024-11-01,8888
00712,復華富時不動產,1971,143,1828,國泰-敦南,2024-11-01,8888
0056,元大高股息,2388,796,1592,國泰-敦南,2024-11-01,8888
2303,聯電,1755,401,1354,國泰-敦南,2024-11-01,8888
00953B,群益優選非投等債,1074,14,1060,國泰-敦南,2024-11-01,8888
2317,鴻海,1712,865,847,國泰-敦南,2024-11-01,8888
00713,元大台灣高息低波,888,91,797,國泰-敦南,2024-11-01,8888
006208,富邦台50,967,225,742,國泰-敦南,2024-11-01,8888
00959B,大華投等美債15Y+,757,16,741,國泰-敦南,2024-11-01,8888
00830,國泰費城半導體,683,18,665,國泰-敦南,2024-11-01,8888
00915,凱基優選高股息30,862,229,633,國泰-敦南,2024-11-01,8888
00922,國泰台灣領袖50,759,143,616,國泰-敦南,2024-11-01,8888
00673R,期元大S＆P原油反1,603,17,586,國泰-敦南,2024-11-01,8888
2354,鴻準,5620,5111,509,國泰-敦南,2024-11-01,8888
00918,大華優利高填息30,754,246,508,國泰-敦南,2024-11-01,8888
00941,中信上游半導體,499,49,450,國泰-敦南,2024-11-01,8888
00927,群益半導體收益,643,208,435,國泰-敦南,2024-11-01,8888
00905,FT臺灣Smart,636,249,387,國泰-敦南,2024-11-01,8888
00945B,凱基美國非投等債,394,17,377,國泰-敦南,2024-11-01,8888
2884,玉山金,417,59,358,國泰-敦南,2024-11-01,8888
0050,元大台灣50,463,106,357,國泰-敦南,2024-11-01,8888
2891,中信金,677,338,339,國泰-敦南,2024-11-01,8888
3481,群創,1149,849,300,國泰-敦南,2024-11-01,8888
00934,中信成長高股息,336,58,278,國泰-敦南,2024-11-01,8888
00675L,富邦臺灣加權正2,392,147,245,國泰-敦南,2024-11-01,8888
00757,統一FANG+,264,37,227,國泰-敦南,2024-11-01,8888
00933B,國泰10Y+金融債,561,335,226,國泰-敦南,2024-11-01,8888
2887,台新金,347,123,224,國泰-敦南,2024-11-01,8888
5880,合庫金,244,34,210,國泰-敦南,2024-11-01,8888
00639,富邦深100,219,20,199,國泰-敦南,2024-11-01,8888
2337,旺宏,331,144,187,國泰-敦南,2024-11-01,8888
00662,富邦NASDAQ,215,30,185,國泰-敦南,2024-11-01,8888
00930,永豐ESG低碳高息,195,12,183,國泰-敦南,2024-11-01,8888
2330,台積電,350,173,177,國泰-敦南,2024-11-01,8888
00943,兆豐電子高息等權,257,82,175,國泰-敦南,2024-11-01,8888
00670L,富邦NASDAQ正2,171,4,167,國泰-敦南,2024-11-01,8888
00881,國泰台灣5G+,313,151,162,國泰-敦南,2024-11-01,8888
00949,復華日本龍頭,211,62,149,國泰-敦南,2024-11-01,8888
3013,晟銘電,821,676,145,國泰-敦南,2024-11-01,8888
00950B,凱基A級公司債,181,44,137,國泰-敦南,2024-11-01,8888
1595,川寶,154,22,132,國泰-敦南,2024-11-01,8888
00912,中信臺灣智慧50,161,47,114,國泰-敦南,2024-11-01,8888
00923,群益台ESG低碳50,207,93,114,國泰-敦南,2024-11-01,8888
3062,建漢,764,652,112,國泰-敦南,2024-11-01,8888
2353,宏��,208,96,112,國泰-敦南,2024-11-01,8888
00952,凱基台灣AI50,119,8,111,國泰-敦南,2024-11-01,8888
6274,台燿,219,113,106,國泰-敦南,2024-11-01,8888
00937B,群益ESG投等債20,5550,1260,4290,國泰-敦南,2024-11-04,8888
00878,國泰永續高股息,5200,931,4269,國泰-敦南,2024-11-04,8888
00919,群益台灣精選高息,4052,820,3232,國泰-敦南,2024-11-04,8888
00712,復華富時不動產,3211,332,2879,國泰-敦南,2024-11-04,8888
00948B,中信優息投資級債,2707,280,2427,國泰-敦南,2024-11-04,8888
00679B,元大美債20年,2285,462,1823,國泰-敦南,2024-11-04,8888
00687B,國泰20年美債,2590,1178,1412,國泰-敦南,2024-11-04,8888
00931B,統一美債20年,1171,79,1092,國泰-敦南,2024-11-04,8888
2615,萬海,4718,3865,853,國泰-敦南,2024-11-04,8888
00713,元大台灣高息低波,749,74,675,國泰-敦南,2024-11-04,8888
2303,聯電,849,183,666,國泰-敦南,2024-11-04,8888
00795B,中信美國公債20年,660,14,646,國泰-敦南,2024-11-04,8888
00943,兆豐電子高息等權,687,83,604,國泰-敦南,2024-11-04,8888
00930,永豐ESG低碳高息,566,17,549,國泰-敦南,2024-11-04,8888
00680L,元大美債20正2,1046,544,502,國泰-敦南,2024-11-04,8888
0056,元大高股息,1084,614,470,國泰-敦南,2024-11-04,8888
00932,兆豐永續高息等權,436,5,431,國泰-敦南,2024-11-04,8888
00720B,元大投資級公司債,447,66,381,國泰-敦南,2024-11-04,8888
00688L,國泰20年美債正2,1338,962,376,國泰-敦南,2024-11-04,8888
2609,陽明,1166,799,367,國泰-敦南,2024-11-04,8888
00933B,國泰10Y+金融債,713,370,343,國泰-敦南,2024-11-04,8888
8249,菱光,1537,1204,333,國泰-敦南,2024-11-04,8888
00751B,元大AAA至A公司債,453,122,331,國泰-敦南,2024-11-04,8888
00725B,國泰投資級公司債,426,103,323,國泰-敦南,2024-11-04,8888
00959B,大華投等美債15Y+,375,62,313,國泰-敦南,2024-11-04,8888
2337,旺宏,393,106,287,國泰-敦南,2024-11-04,8888
00927,群益半導體收益,348,116,232,國泰-敦南,2024-11-04,8888
6133,金橋,1073,860,213,國泰-敦南,2024-11-04,8888
00673R,期元大S＆P原油反1,222,23,199,國泰-敦南,2024-11-04,8888
00915,凱基優選高股息30,367,172,195,國泰-敦南,2024-11-04,8888
00633L,富邦上証正2,192,6,186,國泰-敦南,2024-11-04,8888
1815,富喬,514,332,182,國泰-敦南,2024-11-04,8888
00891,中信關鍵半導體,236,61,175,國泰-敦南,2024-11-04,8888
00637L,元大滬深300正2,484,309,175,國泰-敦南,2024-11-04,8888
00665L,富邦�琤肭磪囓�2,321,162,159,國泰-敦南,2024-11-04,8888
3037,欣興,424,267,157,國泰-敦南,2024-11-04,8888
2431,聯昌,1197,1048,149,國泰-敦南,2024-11-04,8888
6197,佳必琪,212,73,139,國泰-敦南,2024-11-04,8888
2613,中櫃,775,635,140,國泰-敦南,2024-11-04,8888
3481,群創,332,194,138,國泰-敦南,2024-11-04,8888
1711,永光,170,33,137,國泰-敦南,2024-11-04,8888
00918,大華優利高填息30,372,237,135,國泰-敦南,2024-11-04,8888
3019,亞光,428,293,135,國泰-敦南,2024-11-04,8888
2409,友達,169,42,127,國泰-敦南,2024-11-04,8888
00960,野村全球航運龍頭,177,52,125,國泰-敦南,2024-11-04,8888
8032,光菱,1226,1101,125,國泰-敦南,2024-11-04,8888
2542,興富發,250,127,123,國泰-敦南,2024-11-04,8888
6658,聯策,621,499,122,國泰-敦南,2024-11-04,8888
6134,萬旭,576,462,114,國泰-敦南,2024-11-04,8888
006208,富邦台50,339,227,112,國泰-敦南,2024-11-04,8888
00679B,元大美債20年,2861,242,2619,國泰-敦南,2024-11-05,8888
00919,群益台灣精選高息,3289,751,2538,國泰-敦南,2024-11-05,8888
00878,國泰永續高股息,3216,1214,2002,國泰-敦南,2024-11-05,8888
00948B,中信優息投資級債,1866,191,1675,國泰-敦南,2024-11-05,8888
2303,聯電,1572,501,1071,國泰-敦南,2024-11-05,8888
2354,鴻準,6002,5267,735,國泰-敦南,2024-11-05,8888
00712,復華富時不動產,992,300,692,國泰-敦南,2024-11-05,8888
00930,永豐ESG低碳高息,655,14,641,國泰-敦南,2024-11-05,8888
3049,精金,2829,2188,641,國泰-敦南,2024-11-05,8888
00688L,國泰20年美債正2,1136,603,533,國泰-敦南,2024-11-05,8888
00953B,群益優選非投等債,443,20,423,國泰-敦南,2024-11-05,8888
00937B,群益ESG投等債20,1523,1108,415,國泰-敦南,2024-11-05,8888
00932,兆豐永續高息等權,329,13,316,國泰-敦南,2024-11-05,8888
00687B,國泰20年美債,1068,755,313,國泰-敦南,2024-11-05,8888
00943,兆豐電子高息等權,325,18,307,國泰-敦南,2024-11-05,8888
3013,晟銘電,1068,807,261,國泰-敦南,2024-11-05,8888
00725B,國泰投資級公司債,298,46,252,國泰-敦南,2024-11-05,8888
00637L,元大滬深300正2,1576,1344,232,國泰-敦南,2024-11-05,8888
00891,中信關鍵半導體,227,10,217,國泰-敦南,2024-11-05,8888
00795B,中信美國公債20年,270,57,213,國泰-敦南,2024-11-05,8888
6530,創威,1564,1355,209,國泰-敦南,2024-11-05,8888
00673R,期元大S＆P原油反1,186,0,186,國泰-敦南,2024-11-05,8888
00915,凱基優選高股息30,387,216,171,國泰-敦南,2024-11-05,8888
00713,元大台灣高息低波,363,203,160,國泰-敦南,2024-11-05,8888
3062,建漢,853,698,155,國泰-敦南,2024-11-05,8888
006208,富邦台50,331,185,146,國泰-敦南,2024-11-05,8888
00830,國泰費城半導體,172,31,141,國泰-敦南,2024-11-05,8888
3711,日月光投控,182,56,126,國泰-敦南,2024-11-05,8888
00738U,期元大道瓊白銀,128,9,119,國泰-敦南,2024-11-05,8888
3490,單井,769,651,118,國泰-敦南,2024-11-05,8888
4956,光鋐,534,427,107,國泰-敦南,2024-11-05,8888
2344,華邦電,208,109,99,國泰-敦南,2024-11-05,8888
5876,上海商銀,134,36,98,國泰-敦南,2024-11-05,8888
5315,光聯,716,619,97,國泰-敦南,2024-11-05,8888
2834,臺企銀,148,52,96,國泰-敦南,2024-11-05,8888
2867,三商壽,142,47,95,國泰-敦南,2024-11-05,8888
2380,虹光,96,3,93,國泰-敦南,2024-11-05,8888
6770,力積電,162,75,87,國泰-敦南,2024-11-05,8888
8064,東捷,382,299,83,國泰-敦南,2024-11-05,8888
00893,國泰智能電動車,91,9,82,國泰-敦南,2024-11-05,8888
4903,聯光通,478,398,80,國泰-敦南,2024-11-05,8888
8047,星雲,262,182,80,國泰-敦南,2024-11-05,8888
00950B,凱基A級公司債,79,2,77,國泰-敦南,2024-11-05,8888
00959B,大華投等美債15Y+,114,38,76,國泰-敦南,2024-11-05,8888
00757,統一FANG+,90,15,75,國泰-敦南,2024-11-05,8888
2351,順德,87,12,75,國泰-敦南,2024-11-05,8888
00945B,凱基美國非投等債,87,12,75,國泰-敦南,2024-11-05,8888
1301,台塑,202,128,74,國泰-敦南,2024-11-05,8888
1595,川寶,428,354,74,國泰-敦南,2024-11-05,8888
00933B,國泰10Y+金融債,254,182,72,國泰-敦南,2024-11-05,8888
00687B,國泰20年美債,8263,1945,6318,國泰-敦南,2024-11-06,8888
00679B,元大美債20年,4594,666,3928,國泰-敦南,2024-11-06,8888
00680L,元大美債20正2,4280,1028,3252,國泰-敦南,2024-11-06,8888
00937B,群益ESG投等債20,5950,3329,2621,國泰-敦南,2024-11-06,8888
00933B,國泰10Y+金融債,2613,386,2227,國泰-敦南,2024-11-06,8888
00688L,國泰20年美債正2,4341,2598,1743,國泰-敦南,2024-11-06,8888
00878,國泰永續高股息,3374,1832,1542,國泰-敦南,2024-11-06,8888
00795B,中信美國公債20年,1397,96,1301,國泰-敦南,2024-11-06,8888
00637L,元大滬深300正2,1902,1054,848,國泰-敦南,2024-11-06,8888
00959B,大華投等美債15Y+,989,154,835,國泰-敦南,2024-11-06,8888
00915,凱基優選高股息30,876,195,681,國泰-敦南,2024-11-06,8888
00713,元大台灣高息低波,745,127,618,國泰-敦南,2024-11-06,8888
00948B,中信優息投資級債,1300,693,607,國泰-敦南,2024-11-06,8888
00753L,中信中國50正2,2197,1811,386,國泰-敦南,2024-11-06,8888
00945B,凱基美國非投等債,649,281,368,國泰-敦南,2024-11-06,8888
00946,群益科技高息成長,657,298,359,國泰-敦南,2024-11-06,8888
00650L,復華香港正2,796,445,351,國泰-敦南,2024-11-06,8888
2431,聯昌,2790,2443,347,國泰-敦南,2024-11-06,8888
00641R,富邦日本反1,290,2,288,國泰-敦南,2024-11-06,8888
00930,永豐ESG低碳高息,354,79,275,國泰-敦南,2024-11-06,8888
00919,群益台灣精選高息,1338,1066,272,國泰-敦南,2024-11-06,8888
6156,松上,391,125,266,國泰-敦南,2024-11-06,8888
2613,中櫃,485,237,248,國泰-敦南,2024-11-06,8888
2399,映泰,908,668,240,國泰-敦南,2024-11-06,8888
00953B,群益優選非投等債,331,100,231,國泰-敦南,2024-11-06,8888
1528,恩德,1187,959,228,國泰-敦南,2024-11-06,8888
2303,聯電,880,655,225,國泰-敦南,2024-11-06,8888
00857B,永豐20年美公債,253,29,224,國泰-敦南,2024-11-06,8888
00931B,統一美債20年,393,173,220,國泰-敦南,2024-11-06,8888
2887,台新金,289,73,216,國泰-敦南,2024-11-06,8888
8261,富鼎,894,686,208,國泰-敦南,2024-11-06,8888
00720B,元大投資級公司債,330,125,205,國泰-敦南,2024-11-06,8888
00706L,期元大S＆P日圓正2,302,97,205,國泰-敦南,2024-11-06,8888
8032,光菱,1587,1389,198,國泰-敦南,2024-11-06,8888
2615,萬海,1159,971,188,國泰-敦南,2024-11-06,8888
00665L,富邦�琤肭磪囓�2,2299,2111,188,國泰-敦南,2024-11-06,8888
00751B,元大AAA至A公司債,366,186,180,國泰-敦南,2024-11-06,8888
2641,正德,185,20,165,國泰-敦南,2024-11-06,8888
4919,新唐,450,291,159,國泰-敦南,2024-11-06,8888
8064,東捷,314,162,152,國泰-敦南,2024-11-06,8888
3710,連展投控,166,22,144,國泰-敦南,2024-11-06,8888
2351,順德,246,103,143,國泰-敦南,2024-11-06,8888
00725B,國泰投資級公司債,274,132,142,國泰-敦南,2024-11-06,8888
8249,菱光,1821,1681,140,國泰-敦南,2024-11-06,8888
00932,兆豐永續高息等權,224,84,140,國泰-敦南,2024-11-06,8888
3149,正達,565,431,134,國泰-敦南,2024-11-06,8888
2031,新光鋼,141,9,132,國泰-敦南,2024-11-06,8888
00942B,台新美A公司債20+,180,50,130,國泰-敦南,2024-11-06,8888
2867,三商壽,174,53,121,國泰-敦南,2024-11-06,8888
2486,一詮,410,290,120,國泰-敦南,2024-11-06,8888
9105,泰金寶-DR,6149,4667,1482,國泰-敦南,2024-11-07,8888
00688L,國泰20年美債正2,2029,620,1409,國泰-敦南,2024-11-07,8888
00680L,元大美債20正2,1858,811,1047,國泰-敦南,2024-11-07,8888
00687B,國泰20年美債,1824,917,907,國泰-敦南,2024-11-07,8888
00706L,期元大S＆P日圓正2,720,90,630,國泰-敦南,2024-11-07,8888
2303,聯電,1360,750,610,國泰-敦南,2024-11-07,8888
00679B,元大美債20年,1134,527,607,國泰-敦南,2024-11-07,8888
00713,元大台灣高息低波,777,187,590,國泰-敦南,2024-11-07,8888
00878,國泰永續高股息,2600,2143,457,國泰-敦南,2024-11-07,8888
00915,凱基優選高股息30,571,129,442,國泰-敦南,2024-11-07,8888
00887,永豐中國科技50大,966,565,401,國泰-敦南,2024-11-07,8888
00712,復華富時不動產,593,212,381,國泰-敦南,2024-11-07,8888
6288,聯嘉,1770,1427,343,國泰-敦南,2024-11-07,8888
2867,三商壽,349,60,289,國泰-敦南,2024-11-07,8888
2892,第一金,321,38,283,國泰-敦南,2024-11-07,8888
00932,兆豐永續高息等權,414,132,282,國泰-敦南,2024-11-07,8888
2014,中鴻,796,531,265,國泰-敦南,2024-11-07,8888
00753L,中信中國50正2,861,614,247,國泰-敦南,2024-11-07,8888
00673R,期元大S＆P原油反1,276,33,243,國泰-敦南,2024-11-07,8888
00919,群益台灣精選高息,1331,1103,228,國泰-敦南,2024-11-07,8888
00725B,國泰投資級公司債,278,68,210,國泰-敦南,2024-11-07,8888
020020,元大台股領航N,200,1,199,國泰-敦南,2024-11-07,8888
5438,東友,591,414,177,國泰-敦南,2024-11-07,8888
2615,萬海,972,803,169,國泰-敦南,2024-11-07,8888
00795B,中信美國公債20年,432,272,160,國泰-敦南,2024-11-07,8888
2347,聯強,162,3,159,國泰-敦南,2024-11-07,8888
2399,映泰,1092,958,134,國泰-敦南,2024-11-07,8888
00690,兆豐藍籌30,158,25,133,國泰-敦南,2024-11-07,8888
2897,王道銀行,128,4,124,國泰-敦南,2024-11-07,8888
3047,訊舟,371,249,122,國泰-敦南,2024-11-07,8888
2497,怡利電,200,93,107,國泰-敦南,2024-11-07,8888
00641R,富邦日本反1,98,0,98,國泰-敦南,2024-11-07,8888
9958,世紀鋼,155,59,96,國泰-敦南,2024-11-07,8888
2634,漢翔,186,96,90,國泰-敦南,2024-11-07,8888
3450,聯鈞,906,822,84,國泰-敦南,2024-11-07,8888
8044,網家,127,42,85,國泰-敦南,2024-11-07,8888
4909,新復興,231,151,80,國泰-敦南,2024-11-07,8888
2425,承啟,323,244,79,國泰-敦南,2024-11-07,8888
00708L,期元大S＆P黃金正2,111,33,78,國泰-敦南,2024-11-07,8888
6443,元晶,91,13,78,國泰-敦南,2024-11-07,8888
8070,長華*,225,154,71,國泰-敦南,2024-11-07,8888
2603,長榮,384,314,70,國泰-敦南,2024-11-07,8888
5386,青雲,660,590,70,國泰-敦南,2024-11-07,8888
00924,復華S＆P500成長,106,36,70,國泰-敦南,2024-11-07,8888
2851,中再保,109,42,67,國泰-敦南,2024-11-07,8888
6869,雲豹能源,217,151,66,國泰-敦南,2024-11-07,8888
2889,國票金,113,48,65,國泰-敦南,2024-11-07,8888
00911,兆豐洲際半導體,89,27,62,國泰-敦南,2024-11-07,8888
3413,京鼎,102,42,60,國泰-敦南,2024-11-07,8888
2351,順德,154,94,60,國泰-敦南,2024-11-07,8888
00878,國泰永續高股息,3646,1571,2075,國泰-敦南,2024-11-08,8888
9105,泰金寶-DR,3789,2638,1151,國泰-敦南,2024-11-08,8888
3062,建漢,4010,2882,1128,國泰-敦南,2024-11-08,8888
2354,鴻準,6357,5382,975,國泰-敦南,2024-11-08,8888
00637L,元大滬深300正2,2858,1899,959,國泰-敦南,2024-11-08,8888
00919,群益台灣精選高息,2178,1412,766,國泰-敦南,2024-11-08,8888
2303,聯電,1161,521,640,國泰-敦南,2024-11-08,8888
00915,凱基優選高股息30,806,215,591,國泰-敦南,2024-11-08,8888
00953B,群益優選非投等債,1050,461,589,國泰-敦南,2024-11-08,8888
00929,復華台灣科技優息,3071,2498,573,國泰-敦南,2024-11-08,8888
00713,元大台灣高息低波,750,236,514,國泰-敦南,2024-11-08,8888
00932,兆豐永續高息等權,500,29,471,國泰-敦南,2024-11-08,8888
00943,兆豐電子高息等權,598,128,470,國泰-敦南,2024-11-08,8888
00679B,元大美債20年,949,502,447,國泰-敦南,2024-11-08,8888
00665L,富邦�琤肭磪囓�2,3249,2830,419,國泰-敦南,2024-11-08,8888
3037,欣興,795,449,346,國泰-敦南,2024-11-08,8888
1314,中石化,418,82,336,國泰-敦南,2024-11-08,8888
2353,宏��,426,100,326,國泰-敦南,2024-11-08,8888
00945B,凱基美國非投等債,448,132,316,國泰-敦南,2024-11-08,8888
2332,友訊,415,115,300,國泰-敦南,2024-11-08,8888
020020,元大台股領航N,300,1,299,國泰-敦南,2024-11-08,8888
2610,華航,684,385,299,國泰-敦南,2024-11-08,8888
2388,威盛,601,303,298,國泰-敦南,2024-11-08,8888
3481,群創,618,327,291,國泰-敦南,2024-11-08,8888
8096,擎亞,1189,903,286,國泰-敦南,2024-11-08,8888
2356,英業達,1494,1234,260,國泰-敦南,2024-11-08,8888
00882,中信中國高股息,942,685,257,國泰-敦南,2024-11-08,8888
1531,高林股,788,542,246,國泰-敦南,2024-11-08,8888
3013,晟銘電,730,486,244,國泰-敦南,2024-11-08,8888
00930,永豐ESG低碳高息,287,47,240,國泰-敦南,2024-11-08,8888
6505,台塑化,271,37,234,國泰-敦南,2024-11-08,8888
00687B,國泰20年美債,1285,1054,231,國泰-敦南,2024-11-08,8888
2313,華通,411,190,221,國泰-敦南,2024-11-08,8888
2392,正崴,1588,1375,213,國泰-敦南,2024-11-08,8888
00673R,期元大S＆P原油反1,209,5,204,國泰-敦南,2024-11-08,8888
2731,雄獅,268,98,170,國泰-敦南,2024-11-08,8888
3149,正達,332,162,170,國泰-敦南,2024-11-08,8888
1528,恩德,860,691,169,國泰-敦南,2024-11-08,8888
3689,湧德,382,215,167,國泰-敦南,2024-11-08,8888
2515,中工,207,43,164,國泰-敦南,2024-11-08,8888
2344,華邦電,425,262,163,國泰-敦南,2024-11-08,8888
4417,金洲,151,1,150,國泰-敦南,2024-11-08,8888
2409,友達,215,73,142,國泰-敦南,2024-11-08,8888
2314,台揚,292,151,141,國泰-敦南,2024-11-08,8888
912000,晨訊科-DR,168,33,135,國泰-敦南,2024-11-08,8888
2368,金像電,202,68,134,國泰-敦南,2024-11-08,8888
2489,瑞軒,229,96,133,國泰-敦南,2024-11-08,8888
00938,凱基優選30,139,20,119,國泰-敦南,2024-11-08,8888
8070,長華*,176,60,116,國泰-敦南,2024-11-08,8888
00891,中信關鍵半導體,182,68,114,國泰-敦南,2024-11-08,8888
00878,國泰永續高股息,5941,1590,4351,國泰-敦南,2024-11-11,8888
00919,群益台灣精選高息,2177,898,1279,國泰-敦南,2024-11-11,8888
00953B,群益優選非投等債,1096,62,1034,國泰-敦南,2024-11-11,8888
00713,元大台灣高息低波,1160,208,952,國泰-敦南,2024-11-11,8888
00753L,中信中國50正2,1908,1044,864,國泰-敦南,2024-11-11,8888
00665L,富邦�琤肭磪囓�2,2068,1346,722,國泰-敦南,2024-11-11,8888
00915,凱基優選高股息30,855,134,721,國泰-敦南,2024-11-11,8888
00930,永豐ESG低碳高息,585,5,580,國泰-敦南,2024-11-11,8888
3231,緯創,977,502,475,國泰-敦南,2024-11-11,8888
1605,華新,517,59,458,國泰-敦南,2024-11-11,8888
0056,元大高股息,1143,697,446,國泰-敦南,2024-11-11,8888
006208,富邦台50,725,334,391,國泰-敦南,2024-11-11,8888
00932,兆豐永續高息等權,474,88,386,國泰-敦南,2024-11-11,8888
1449,佳和,2061,1680,381,國泰-敦南,2024-11-11,8888
2615,萬海,1726,1362,364,國泰-敦南,2024-11-11,8888
2646,星宇航空,554,202,352,國泰-敦南,2024-11-11,8888
2354,鴻準,2432,2121,311,國泰-敦南,2024-11-11,8888
00943,兆豐電子高息等權,428,129,299,國泰-敦南,2024-11-11,8888
2353,宏��,391,127,264,國泰-敦南,2024-11-11,8888
2609,陽明,957,698,259,國泰-敦南,2024-11-11,8888
020020,元大台股領航N,251,0,251,國泰-敦南,2024-11-11,8888
00715L,期街口布蘭特正2,298,48,250,國泰-敦南,2024-11-11,8888
2882,國泰金,300,62,238,國泰-敦南,2024-11-11,8888
2303,聯電,534,321,213,國泰-敦南,2024-11-11,8888
3303,岱稜,694,483,211,國泰-敦南,2024-11-11,8888
3481,群創,467,269,198,國泰-敦南,2024-11-11,8888
2486,一詮,559,378,181,國泰-敦南,2024-11-11,8888
2834,臺企銀,296,116,180,國泰-敦南,2024-11-11,8888
6763,綠界科技*,799,620,179,國泰-敦南,2024-11-11,8888
2867,三商壽,214,37,177,國泰-敦南,2024-11-11,8888
2313,華通,272,104,168,國泰-敦南,2024-11-11,8888
3037,欣興,314,147,167,國泰-敦南,2024-11-11,8888
2449,京元電子,848,684,164,國泰-敦南,2024-11-11,8888
00637L,元大滬深300正2,896,745,151,國泰-敦南,2024-11-11,8888
00671R,富邦NASDAQ反1,151,0,151,國泰-敦南,2024-11-11,8888
4979,華星光,637,489,148,國泰-敦南,2024-11-11,8888
2409,友達,187,43,144,國泰-敦南,2024-11-11,8888
2881,富邦金,223,79,144,國泰-敦南,2024-11-11,8888
00934,中信成長高股息,306,162,144,國泰-敦南,2024-11-11,8888
00679B,元大美債20年,991,848,143,國泰-敦南,2024-11-11,8888
00946,群益科技高息成長,250,107,143,國泰-敦南,2024-11-11,8888
8936,國統,226,87,139,國泰-敦南,2024-11-11,8888
00650L,復華香港正2,433,295,138,國泰-敦南,2024-11-11,8888
8011,台通,267,138,129,國泰-敦南,2024-11-11,8888
00891,中信關鍵半導體,178,49,129,國泰-敦南,2024-11-11,8888
3047,訊舟,433,306,127,國泰-敦南,2024-11-11,8888
3450,聯鈞,1166,1044,122,國泰-敦南,2024-11-11,8888
00795B,中信美國公債20年,241,126,115,國泰-敦南,2024-11-11,8888
00882,中信中國高股息,564,453,111,國泰-敦南,2024-11-11,8888
3062,建漢,867,757,110,國泰-敦南,2024-11-11,8888
00878,國泰永續高股息,12460,1253,11207,國泰-敦南,2024-11-12,8888
0056,元大高股息,3443,484,2959,國泰-敦南,2024-11-12,8888
00915,凱基優選高股息30,2162,181,1981,國泰-敦南,2024-11-12,8888
00715L,期街口布蘭特正2,2378,491,1887,國泰-敦南,2024-11-12,8888
00919,群益台灣精選高息,2872,1003,1869,國泰-敦南,2024-11-12,8888
006208,富邦台50,1752,286,1466,國泰-敦南,2024-11-12,8888
00665L,富邦�琤肭磪囓�2,2498,1104,1394,國泰-敦南,2024-11-12,8888
00713,元大台灣高息低波,1459,269,1190,國泰-敦南,2024-11-12,8888
1314,中石化,1392,204,1188,國泰-敦南,2024-11-12,8888
00922,國泰台灣領袖50,1259,120,1139,國泰-敦南,2024-11-12,8888
5871,中租-KY,1037,98,939,國泰-敦南,2024-11-12,8888
2356,英業達,1891,1033,858,國泰-敦南,2024-11-12,8888
00953B,群益優選非投等債,1020,187,833,國泰-敦南,2024-11-12,8888
00930,永豐ESG低碳高息,817,53,764,國泰-敦南,2024-11-12,8888
00881,國泰台灣5G+,788,90,698,國泰-敦南,2024-11-12,8888
00932,兆豐永續高息等權,746,76,670,國泰-敦南,2024-11-12,8888
0050,元大台灣50,772,153,619,國泰-敦南,2024-11-12,8888
00943,兆豐電子高息等權,737,141,596,國泰-敦南,2024-11-12,8888
2801,彰銀,573,2,571,國泰-敦南,2024-11-12,8888
3481,群創,738,187,551,國泰-敦南,2024-11-12,8888
00887,永豐中國科技50大,1148,605,543,國泰-敦南,2024-11-12,8888
2882,國泰金,589,64,525,國泰-敦南,2024-11-12,8888
2317,鴻海,1303,781,522,國泰-敦南,2024-11-12,8888
2892,第一金,457,9,448,國泰-敦南,2024-11-12,8888
00675L,富邦臺灣加權正2,628,181,447,國泰-敦南,2024-11-12,8888
2883,凱基金,607,172,435,國泰-敦南,2024-11-12,8888
2002,中鋼,512,97,415,國泰-敦南,2024-11-12,8888
2834,臺企銀,506,98,408,國泰-敦南,2024-11-12,8888
2330,台積電,557,154,403,國泰-敦南,2024-11-12,8888
2884,玉山金,432,38,394,國泰-敦南,2024-11-12,8888
2887,台新金,540,191,349,國泰-敦南,2024-11-12,8888
00934,中信成長高股息,665,319,346,國泰-敦南,2024-11-12,8888
2344,華邦電,407,80,327,國泰-敦南,2024-11-12,8888
00631L,元大台灣50正2,542,225,317,國泰-敦南,2024-11-12,8888
00891,中信關鍵半導體,325,30,295,國泰-敦南,2024-11-12,8888
2615,萬海,1915,1622,293,國泰-敦南,2024-11-12,8888
00909,國泰數位支付服務,481,190,291,國泰-敦南,2024-11-12,8888
2353,宏��,385,118,267,國泰-敦南,2024-11-12,8888
00948B,中信優息投資級債,941,674,267,國泰-敦南,2024-11-12,8888
00927,群益半導體收益,371,109,262,國泰-敦南,2024-11-12,8888
00753L,中信中國50正2,1758,1503,255,國泰-敦南,2024-11-12,8888
00905,FT臺灣Smart,417,163,254,國泰-敦南,2024-11-12,8888
00921,兆豐龍頭等權重,265,16,249,國泰-敦南,2024-11-12,8888
00935,野村臺灣新科技50,349,100,249,國泰-敦南,2024-11-12,8888
6770,力積電,312,70,242,國泰-敦南,2024-11-12,8888
6763,綠界科技*,632,396,236,國泰-敦南,2024-11-12,8888
3231,緯創,804,578,226,國泰-敦南,2024-11-12,8888
2303,聯電,539,318,221,國泰-敦南,2024-11-12,8888
4303,信立,491,272,219,國泰-敦南,2024-11-12,8888
1605,華新,322,120,202,國泰-敦南,2024-11-12,8888
00878,國泰永續高股息,9688,909,8779,國泰-敦南,2024-11-13,8888
0056,元大高股息,1758,561,1197,國泰-敦南,2024-11-13,8888
00919,群益台灣精選高息,1775,587,1188,國泰-敦南,2024-11-13,8888
00937B,群益ESG投等債20,2472,1467,1005,國泰-敦南,2024-11-13,8888
00915,凱基優選高股息30,1141,243,898,國泰-敦南,2024-11-13,8888
00679B,元大美債20年,1393,593,800,國泰-敦南,2024-11-13,8888
006208,富邦台50,812,164,648,國泰-敦南,2024-11-13,8888
00713,元大台灣高息低波,715,205,510,國泰-敦南,2024-11-13,8888
00891,中信關鍵半導體,520,23,497,國泰-敦南,2024-11-13,8888
00795B,中信美國公債20年,558,73,485,國泰-敦南,2024-11-13,8888
00932,兆豐永續高息等權,537,61,476,國泰-敦南,2024-11-13,8888
2801,彰銀,486,28,458,國泰-敦南,2024-11-13,8888
2882,國泰金,539,118,421,國泰-敦南,2024-11-13,8888
00688L,國泰20年美債正2,1276,858,418,國泰-敦南,2024-11-13,8888
3013,晟銘電,2022,1622,400,國泰-敦南,2024-11-13,8888
00712,復華富時不動產,898,529,369,國泰-敦南,2024-11-13,8888
00933B,國泰10Y+金融債,525,196,329,國泰-敦南,2024-11-13,8888
2317,鴻海,797,477,320,國泰-敦南,2024-11-13,8888
2330,台積電,394,79,315,國泰-敦南,2024-11-13,8888
2834,臺企銀,588,285,303,國泰-敦南,2024-11-13,8888
2883,凱基金,605,305,300,國泰-敦南,2024-11-13,8888
00665L,富邦�琤肭磪囓�2,1366,1076,290,國泰-敦南,2024-11-13,8888
2891,中信金,462,177,285,國泰-敦南,2024-11-13,8888
00943,兆豐電子高息等權,410,127,283,國泰-敦南,2024-11-13,8888
2349,錸德,3258,2988,270,國泰-敦南,2024-11-13,8888
2344,華邦電,460,207,253,國泰-敦南,2024-11-13,8888
2881,富邦金,271,25,246,國泰-敦南,2024-11-13,8888
00905,FT臺灣Smart,317,75,242,國泰-敦南,2024-11-13,8888
00706L,期元大S＆P日圓正2,329,95,234,國泰-敦南,2024-11-13,8888
00687B,國泰20年美債,1261,1028,233,國泰-敦南,2024-11-13,8888
00715L,期街口布蘭特正2,710,478,232,國泰-敦南,2024-11-13,8888
2449,京元電子,419,201,218,國泰-敦南,2024-11-13,8888
00930,永豐ESG低碳高息,263,46,217,國泰-敦南,2024-11-13,8888
00922,國泰台灣領袖50,345,141,204,國泰-敦南,2024-11-13,8888
3189,景碩,368,173,195,國泰-敦南,2024-11-13,8888
3706,神達,6383,6193,190,國泰-敦南,2024-11-13,8888
4979,華星光,591,410,181,國泰-敦南,2024-11-13,8888
00882,中信中國高股息,705,529,176,國泰-敦南,2024-11-13,8888
5871,中租-KY,373,198,175,國泰-敦南,2024-11-13,8888
8150,南茂,181,7,174,國泰-敦南,2024-11-13,8888
3450,聯鈞,943,790,153,國泰-敦南,2024-11-13,8888
2303,聯電,600,447,153,國泰-敦南,2024-11-13,8888
5488,松普,440,288,152,國泰-敦南,2024-11-13,8888
1605,華新,226,77,149,國泰-敦南,2024-11-13,8888
3062,建漢,373,231,142,國泰-敦南,2024-11-13,8888
0050,元大台灣50,260,121,139,國泰-敦南,2024-11-13,8888
1301,台塑,190,56,134,國泰-敦南,2024-11-13,8888
00631L,元大台灣50正2,260,126,134,國泰-敦南,2024-11-13,8888
00731,復華富時高息低波,141,9,132,國泰-敦南,2024-11-13,8888
1815,富喬,397,268,129,國泰-敦南,2024-11-13,8888
00878,國泰永續高股息,17688,789,16899,國泰-敦南,2024-11-14,8888
00929,復華台灣科技優息,5155,1687,3468,國泰-敦南,2024-11-14,8888
0056,元大高股息,3889,596,3293,國泰-敦南,2024-11-14,8888
00919,群益台灣精選高息,3427,572,2855,國泰-敦南,2024-11-14,8888
00688L,國泰20年美債正2,1943,512,1431,國泰-敦南,2024-11-14,8888
00915,凱基優選高股息30,1617,260,1357,國泰-敦南,2024-11-14,8888
00953B,群益優選非投等債,1491,252,1239,國泰-敦南,2024-11-14,8888
1314,中石化,1397,158,1239,國泰-敦南,2024-11-14,8888
00680L,元大美債20正2,1796,665,1131,國泰-敦南,2024-11-14,8888
00713,元大台灣高息低波,1212,134,1078,國泰-敦南,2024-11-14,8888
00937B,群益ESG投等債20,2348,1292,1056,國泰-敦南,2024-11-14,8888
00679B,元大美債20年,1436,491,945,國泰-敦南,2024-11-14,8888
006208,富邦台50,986,157,829,國泰-敦南,2024-11-14,8888
2303,聯電,1247,425,822,國泰-敦南,2024-11-14,8888
00943,兆豐電子高息等權,661,46,615,國泰-敦南,2024-11-14,8888
00930,永豐ESG低碳高息,607,33,574,國泰-敦南,2024-11-14,8888
00891,中信關鍵半導體,646,83,563,國泰-敦南,2024-11-14,8888
00932,兆豐永續高息等權,549,6,543,國泰-敦南,2024-11-14,8888
00946,群益科技高息成長,633,114,519,國泰-敦南,2024-11-14,8888
3481,群創,785,291,494,國泰-敦南,2024-11-14,8888
00795B,中信美國公債20年,590,110,480,國泰-敦南,2024-11-14,8888
00922,國泰台灣領袖50,674,208,466,國泰-敦南,2024-11-14,8888
2317,鴻海,1243,809,434,國泰-敦南,2024-11-14,8888
00927,群益半導體收益,531,111,420,國泰-敦南,2024-11-14,8888
2884,玉山金,446,36,410,國泰-敦南,2024-11-14,8888
2887,台新金,455,56,399,國泰-敦南,2024-11-14,8888
2892,第一金,380,26,354,國泰-敦南,2024-11-14,8888
2382,廣達,580,235,345,國泰-敦南,2024-11-14,8888
1301,台塑,454,124,330,國泰-敦南,2024-11-14,8888
00951,台新日本半導體,323,3,320,國泰-敦南,2024-11-14,8888
4931,新盛力,3662,3348,314,國泰-敦南,2024-11-14,8888
00952,凱基台灣AI50,296,6,290,國泰-敦南,2024-11-14,8888
00905,FT臺灣Smart,374,89,285,國泰-敦南,2024-11-14,8888
2312,金寶,1381,1128,253,國泰-敦南,2024-11-14,8888
2344,華邦電,410,158,252,國泰-敦南,2024-11-14,8888
0050,元大台灣50,333,82,251,國泰-敦南,2024-11-14,8888
2646,星宇航空,540,308,232,國泰-敦南,2024-11-14,8888
3231,緯創,604,388,216,國泰-敦南,2024-11-14,8888
00715L,期街口布蘭特正2,339,125,214,國泰-敦南,2024-11-14,8888
5871,中租-KY,273,74,199,國泰-敦南,2024-11-14,8888
5880,合庫金,229,35,194,國泰-敦南,2024-11-14,8888
2449,京元電子,488,299,189,國泰-敦南,2024-11-14,8888
2883,凱基金,269,85,184,國泰-敦南,2024-11-14,8888
00881,國泰台灣5G+,347,169,178,國泰-敦南,2024-11-14,8888
00675L,富邦臺灣加權正2,482,307,175,國泰-敦南,2024-11-14,8888
2409,友達,228,57,171,國泰-敦南,2024-11-14,8888
00954,中信日本半導體,174,6,168,國泰-敦南,2024-11-14,8888
00731,復華富時高息低波,182,23,159,國泰-敦南,2024-11-14,8888
3049,精金,295,137,158,國泰-敦南,2024-11-14,8888
00753L,中信中國50正2,1034,876,158,國泰-敦南,2024-11-14,8888
00878,國泰永續高股息,14612,1065,13547,國泰-敦南,2024-11-15,8888
2317,鴻海,2318,1225,1093,國泰-敦南,2024-11-15,8888
2382,廣達,1583,769,814,國泰-敦南,2024-11-15,8888
00937B,群益ESG投等債20,1645,1013,632,國泰-敦南,2024-11-15,8888
3706,神達,6962,6358,604,國泰-敦南,2024-11-15,8888
00933B,國泰10Y+金融債,747,159,588,國泰-敦南,2024-11-15,8888
0056,元大高股息,1138,634,504,國泰-敦南,2024-11-15,8888
00713,元大台灣高息低波,551,121,430,國泰-敦南,2024-11-15,8888
006208,富邦台50,533,140,393,國泰-敦南,2024-11-15,8888
00679B,元大美債20年,789,403,386,國泰-敦南,2024-11-15,8888
00915,凱基優選高股息30,569,191,378,國泰-敦南,2024-11-15,8888
00948B,中信優息投資級債,718,405,313,國泰-敦南,2024-11-15,8888
00706L,期元大S＆P日圓正2,344,44,300,國泰-敦南,2024-11-15,8888
3013,晟銘電,1017,761,256,國泰-敦南,2024-11-15,8888
00932,兆豐永續高息等權,264,13,251,國泰-敦南,2024-11-15,8888
00673R,期元大S＆P原油反1,259,13,246,國泰-敦南,2024-11-15,8888
00943,兆豐電子高息等權,529,294,235,國泰-敦南,2024-11-15,8888
00830,國泰費城半導體,237,32,205,國泰-敦南,2024-11-15,8888
00905,FT臺灣Smart,246,42,204,國泰-敦南,2024-11-15,8888
2002,中鋼,243,47,196,國泰-敦南,2024-11-15,8888
3231,緯創,637,453,184,國泰-敦南,2024-11-15,8888
2324,仁寶,660,477,183,國泰-敦南,2024-11-15,8888
00930,永豐ESG低碳高息,236,54,182,國泰-敦南,2024-11-15,8888
3293,鈊象,262,87,175,國泰-敦南,2024-11-15,8888
00887,永豐中國科技50大,818,653,165,國泰-敦南,2024-11-15,8888
3576,聯合再生,146,24,122,國泰-敦南,2024-11-15,8888
5871,中租-KY,217,95,122,國泰-敦南,2024-11-15,8888
00670L,富邦NASDAQ正2,138,16,122,國泰-敦南,2024-11-15,8888
3017,奇鋐,346,230,116,國泰-敦南,2024-11-15,8888
00712,復華富時不動產,178,72,106,國泰-敦南,2024-11-15,8888
4417,金洲,106,0,106,國泰-敦南,2024-11-15,8888
6405,悅城,431,328,103,國泰-敦南,2024-11-15,8888
00945B,凱基美國非投等債,817,717,100,國泰-敦南,2024-11-15,8888
2449,京元電子,287,189,98,國泰-敦南,2024-11-15,8888
4979,華星光,339,244,95,國泰-敦南,2024-11-15,8888
3045,台灣大,116,21,95,國泰-敦南,2024-11-15,8888
3090,日電貿,745,663,82,國泰-敦南,2024-11-15,8888
2405,輔信,179,99,80,國泰-敦南,2024-11-15,8888
00877,復華中國5G,104,27,77,國泰-敦南,2024-11-15,8888
00881,國泰台灣5G+,191,114,77,國泰-敦南,2024-11-15,8888
00924,復華S＆P500成長,99,24,75,國泰-敦南,2024-11-15,8888
00761B,國泰A級公司債,74,1,73,國泰-敦南,2024-11-15,8888
3324,雙鴻,231,158,73,國泰-敦南,2024-11-15,8888
3450,聯鈞,910,838,72,國泰-敦南,2024-11-15,8888
5309,系統電,500,430,70,國泰-敦南,2024-11-15,8888
1611,中電,170,101,69,國泰-敦南,2024-11-15,8888
4729,熒茂,362,293,69,國泰-敦南,2024-11-15,8888
6153,嘉聯益,84,15,69,國泰-敦南,2024-11-15,8888
2431,聯昌,140,71,69,國泰-敦南,2024-11-15,8888
00891,中信關鍵半導體,140,72,68,國泰-敦南,2024-11-15,8888
00878,國泰永續高股息,15720,1697,14023,國泰-敦南,2024-11-18,8888
0056,元大高股息,2246,454,1792,國泰-敦南,2024-11-18,8888
00929,復華台灣科技優息,4609,2972,1637,國泰-敦南,2024-11-18,8888
00713,元大台灣高息低波,1078,157,921,國泰-敦南,2024-11-18,8888
006208,富邦台50,1068,192,876,國泰-敦南,2024-11-18,8888
2312,金寶,4903,4041,862,國泰-敦南,2024-11-18,8888
9105,泰金寶-DR,3329,2568,761,國泰-敦南,2024-11-18,8888
00715L,期街口布蘭特正2,1012,326,686,國泰-敦南,2024-11-18,8888
2354,鴻準,3730,3059,671,國泰-敦南,2024-11-18,8888
00943,兆豐電子高息等權,804,153,651,國泰-敦南,2024-11-18,8888
00679B,元大美債20年,1165,573,592,國泰-敦南,2024-11-18,8888
00915,凱基優選高股息30,860,317,543,國泰-敦南,2024-11-18,8888
00919,群益台灣精選高息,1221,704,517,國泰-敦南,2024-11-18,8888
2883,凱基金,596,122,474,國泰-敦南,2024-11-18,8888
2881,富邦金,520,71,449,國泰-敦南,2024-11-18,8888
00706L,期元大S＆P日圓正2,730,311,419,國泰-敦南,2024-11-18,8888
00930,永豐ESG低碳高息,417,9,408,國泰-敦南,2024-11-18,8888
00891,中信關鍵半導體,476,73,403,國泰-敦南,2024-11-18,8888
00905,FT臺灣Smart,509,117,392,國泰-敦南,2024-11-18,8888
00937B,群益ESG投等債20,1274,896,378,國泰-敦南,2024-11-18,8888
00887,永豐中國科技50大,885,549,336,國泰-敦南,2024-11-18,8888
00676R,富邦臺灣加權反1,369,36,333,國泰-敦南,2024-11-18,8888
00932,兆豐永續高息等權,456,125,331,國泰-敦南,2024-11-18,8888
0050,元大台灣50,423,102,321,國泰-敦南,2024-11-18,8888
00948B,中信優息投資級債,439,121,318,國泰-敦南,2024-11-18,8888
00922,國泰台灣領袖50,487,210,277,國泰-敦南,2024-11-18,8888
00881,國泰台灣5G+,342,71,271,國泰-敦南,2024-11-18,8888
8044,網家,1394,1123,271,國泰-敦南,2024-11-18,8888
00664R,國泰臺灣加權反1,479,212,267,國泰-敦南,2024-11-18,8888
00918,大華優利高填息30,398,133,265,國泰-敦南,2024-11-18,8888
2380,虹光,333,94,239,國泰-敦南,2024-11-18,8888
00712,復華富時不動產,377,139,238,國泰-敦南,2024-11-18,8888
2317,鴻海,1084,868,216,國泰-敦南,2024-11-18,8888
3706,神達,4354,4145,209,國泰-敦南,2024-11-18,8888
00946,群益科技高息成長,288,99,189,國泰-敦南,2024-11-18,8888
00953B,群益優選非投等債,334,157,177,國泰-敦南,2024-11-18,8888
00795B,中信美國公債20年,207,33,174,國泰-敦南,2024-11-18,8888
1785,光洋科,331,163,168,國泰-敦南,2024-11-18,8888
8028,昇陽半導體,266,101,165,國泰-敦南,2024-11-18,8888
00642U,期元大S＆P石油,189,28,161,國泰-敦南,2024-11-18,8888
00927,群益半導體收益,193,37,156,國泰-敦南,2024-11-18,8888
2330,台積電,221,66,155,國泰-敦南,2024-11-18,8888
2646,星宇航空,285,133,152,國泰-敦南,2024-11-18,8888
3037,欣興,335,183,152,國泰-敦南,2024-11-18,8888
00631L,元大台灣50正2,242,94,148,國泰-敦南,2024-11-18,8888
00643,群益深証中小,163,20,143,國泰-敦南,2024-11-18,8888
00731,復華富時高息低波,157,14,143,國泰-敦南,2024-11-18,8888
00733,富邦臺灣中小,148,10,138,國泰-敦南,2024-11-18,8888
2382,廣達,473,340,133,國泰-敦南,2024-11-18,8888
3374,精材,292,170,122,國泰-敦南,2024-11-18,8888
00878,國泰永續高股息,3802,1245,2557,國泰-敦南,2024-11-19,8888
2349,錸德,3580,2899,681,國泰-敦南,2024-11-19,8888
00937B,群益ESG投等債20,1293,623,670,國泰-敦南,2024-11-19,8888
00930,永豐ESG低碳高息,716,65,651,國泰-敦南,2024-11-19,8888
00637L,元大滬深300正2,1416,838,578,國泰-敦南,2024-11-19,8888
00706L,期元大S＆P日圓正2,577,26,551,國泰-敦南,2024-11-19,8888
00713,元大台灣高息低波,591,110,481,國泰-敦南,2024-11-19,8888
2317,鴻海,995,589,406,國泰-敦南,2024-11-19,8888
00665L,富邦�琤肭磪囓�2,526,169,357,國泰-敦南,2024-11-19,8888
00953B,群益優選非投等債,441,91,350,國泰-敦南,2024-11-19,8888
0056,元大高股息,756,414,342,國泰-敦南,2024-11-19,8888
3481,群創,558,218,340,國泰-敦南,2024-11-19,8888
006208,富邦台50,383,84,299,國泰-敦南,2024-11-19,8888
2382,廣達,705,409,296,國泰-敦南,2024-11-19,8888
2884,玉山金,376,82,294,國泰-敦南,2024-11-19,8888
00673R,期元大S＆P原油反1,275,1,274,國泰-敦南,2024-11-19,8888
00932,兆豐永續高息等權,377,126,251,國泰-敦南,2024-11-19,8888
2883,凱基金,352,108,244,國泰-敦南,2024-11-19,8888
00915,凱基優選高股息30,446,224,222,國泰-敦南,2024-11-19,8888
00679B,元大美債20年,505,286,219,國泰-敦南,2024-11-19,8888
2324,仁寶,563,359,204,國泰-敦南,2024-11-19,8888
00918,大華優利高填息30,314,110,204,國泰-敦南,2024-11-19,8888
00830,國泰費城半導體,210,15,195,國泰-敦南,2024-11-19,8888
2303,聯電,444,255,189,國泰-敦南,2024-11-19,8888
00664R,國泰臺灣加權反1,233,59,174,國泰-敦南,2024-11-19,8888
3231,緯創,564,396,168,國泰-敦南,2024-11-19,8888
00948B,中信優息投資級債,310,145,165,國泰-敦南,2024-11-19,8888
2431,聯昌,972,810,162,國泰-敦南,2024-11-19,8888
5309,系統電,778,616,162,國泰-敦南,2024-11-19,8888
4157,太景*-KY,144,2,142,國泰-敦南,2024-11-19,8888
1301,台塑,198,58,140,國泰-敦南,2024-11-19,8888
2027,大成鋼,173,35,138,國泰-敦南,2024-11-19,8888
2890,永豐金,146,12,134,國泰-敦南,2024-11-19,8888
00632R,元大台灣50反1,1446,1314,132,國泰-敦南,2024-11-19,8888
00757,統一FANG+,138,22,116,國泰-敦南,2024-11-19,8888
4558,寶緯,141,33,108,國泰-敦南,2024-11-19,8888
5381,合正,104,5,99,國泰-敦南,2024-11-19,8888
4577,達航科技,191,99,92,國泰-敦南,2024-11-19,8888
8104,錸寶,586,495,91,國泰-敦南,2024-11-19,8888
00731,復華富時高息低波,117,26,91,國泰-敦南,2024-11-19,8888
3032,偉訓,1120,1035,85,國泰-敦南,2024-11-19,8888
2812,台中銀,127,45,82,國泰-敦南,2024-11-19,8888
00924,復華S＆P500成長,79,8,71,國泰-敦南,2024-11-19,8888
00905,FT臺灣Smart,138,68,70,國泰-敦南,2024-11-19,8888
2356,英業達,384,315,69,國泰-敦南,2024-11-19,8888
9105,泰金寶-DR,3602,3537,65,國泰-敦南,2024-11-19,8888
5460,同協,74,10,64,國泰-敦南,2024-11-19,8888
2618,長榮航,487,425,62,國泰-敦南,2024-11-19,8888
2208,台船,65,5,60,國泰-敦南,2024-11-19,8888
2380,虹光,115,56,59,國泰-敦南,2024-11-19,8888
00878,國泰永續高股息,3831,965,2866,國泰-敦南,2024-11-20,8888
2354,鴻準,5015,2502,2513,國泰-敦南,2024-11-20,8888
00929,復華台灣科技優息,2946,1680,1266,國泰-敦南,2024-11-20,8888
3706,神達,7915,7148,767,國泰-敦南,2024-11-20,8888
006208,富邦台50,774,113,661,國泰-敦南,2024-11-20,8888
00950B,凱基A級公司債,589,43,546,國泰-敦南,2024-11-20,8888
0056,元大高股息,920,469,451,國泰-敦南,2024-11-20,8888
00930,永豐ESG低碳高息,463,66,397,國泰-敦南,2024-11-20,8888
00919,群益台灣精選高息,1350,960,390,國泰-敦南,2024-11-20,8888
00706L,期元大S＆P日圓正2,399,23,376,國泰-敦南,2024-11-20,8888
00937B,群益ESG投等債20,1849,1493,356,國泰-敦南,2024-11-20,8888
3447,展達,752,405,347,國泰-敦南,2024-11-20,8888
00713,元大台灣高息低波,404,67,337,國泰-敦南,2024-11-20,8888
00948B,中信優息投資級債,432,117,315,國泰-敦南,2024-11-20,8888
3511,矽瑪,1869,1555,314,國泰-敦南,2024-11-20,8888
2380,虹光,368,63,305,國泰-敦南,2024-11-20,8888
2356,英業達,929,625,304,國泰-敦南,2024-11-20,8888
2303,聯電,534,257,277,國泰-敦南,2024-11-20,8888
2312,金寶,1220,967,253,國泰-敦南,2024-11-20,8888
00905,FT臺灣Smart,352,99,253,國泰-敦南,2024-11-20,8888
00943,兆豐電子高息等權,301,49,252,國泰-敦南,2024-11-20,8888
2330,台積電,312,68,244,國泰-敦南,2024-11-20,8888
00927,群益半導體收益,249,38,211,國泰-敦南,2024-11-20,8888
5443,均豪,320,110,210,國泰-敦南,2024-11-20,8888
2603,長榮,748,550,198,國泰-敦南,2024-11-20,8888
3323,加百裕,536,346,190,國泰-敦南,2024-11-20,8888
2317,鴻海,658,469,189,國泰-敦南,2024-11-20,8888
0050,元大台灣50,256,67,189,國泰-敦南,2024-11-20,8888
00953B,群益優選非投等債,189,16,173,國泰-敦南,2024-11-20,8888
1449,佳和,385,211,174,國泰-敦南,2024-11-20,8888
2449,京元電子,370,199,171,國泰-敦南,2024-11-20,8888
2884,玉山金,359,194,165,國泰-敦南,2024-11-20,8888
4956,光鋐,792,628,164,國泰-敦南,2024-11-20,8888
00901,永豐智能車供應鏈,162,0,162,國泰-敦南,2024-11-20,8888
2332,友訊,698,547,151,國泰-敦南,2024-11-20,8888
3481,群創,299,149,150,國泰-敦南,2024-11-20,8888
00631L,元大台灣50正2,253,109,144,國泰-敦南,2024-11-20,8888
00679B,元大美債20年,564,421,143,國泰-敦南,2024-11-20,8888
3005,神基,150,16,134,國泰-敦南,2024-11-20,8888
3231,緯創,382,251,131,國泰-敦南,2024-11-20,8888
5426,振發,452,322,130,國泰-敦南,2024-11-20,8888
3625,西勝,171,46,125,國泰-敦南,2024-11-20,8888
2392,正崴,416,295,121,國泰-敦南,2024-11-20,8888
3450,聯鈞,1300,1186,114,國泰-敦南,2024-11-20,8888
2344,華邦電,185,77,108,國泰-敦南,2024-11-20,8888
00932,兆豐永續高息等權,176,69,107,國泰-敦南,2024-11-20,8888
2882,國泰金,141,35,106,國泰-敦南,2024-11-20,8888
2881,富邦金,140,35,105,國泰-敦南,2024-11-20,8888
6443,元晶,127,22,105,國泰-敦南,2024-11-20,8888
00922,國泰台灣領袖50,183,81,102,國泰-敦南,2024-11-20,8888
00878,國泰永續高股息,4088,783,3305,國泰-敦南,2024-11-21,8888
00919,群益台灣精選高息,1353,464,889,國泰-敦南,2024-11-21,8888
006208,富邦台50,964,140,824,國泰-敦南,2024-11-21,8888
00715L,期街口布蘭特正2,870,204,666,國泰-敦南,2024-11-21,8888
0056,元大高股息,1034,391,643,國泰-敦南,2024-11-21,8888
2317,鴻海,938,364,574,國泰-敦南,2024-11-21,8888
00959B,大華投等美債15Y+,578,12,566,國泰-敦南,2024-11-21,8888
00953B,群益優選非投等債,645,173,472,國泰-敦南,2024-11-21,8888
2303,聯電,771,308,463,國泰-敦南,2024-11-21,8888
2204,中華,2170,1765,405,國泰-敦南,2024-11-21,8888
0050,元大台灣50,437,66,371,國泰-敦南,2024-11-21,8888
00713,元大台灣高息低波,497,135,362,國泰-敦南,2024-11-21,8888
00915,凱基優選高股息30,409,73,336,國泰-敦南,2024-11-21,8888
2890,永豐金,432,113,319,國泰-敦南,2024-11-21,8888
2881,富邦金,348,36,312,國泰-敦南,2024-11-21,8888
2882,國泰金,352,40,312,國泰-敦南,2024-11-21,8888
00930,永豐ESG低碳高息,311,39,272,國泰-敦南,2024-11-21,8888
00675L,富邦臺灣加權正2,353,107,246,國泰-敦南,2024-11-21,8888
2330,台積電,344,103,241,國泰-敦南,2024-11-21,8888
00706L,期元大S＆P日圓正2,283,93,190,國泰-敦南,2024-11-21,8888
00918,大華優利高填息30,231,45,186,國泰-敦南,2024-11-21,8888
00830,國泰費城半導體,205,40,165,國泰-敦南,2024-11-21,8888
2867,三商壽,198,47,151,國泰-敦南,2024-11-21,8888
8104,錸寶,2257,2129,128,國泰-敦南,2024-11-21,8888
3013,晟銘電,544,419,125,國泰-敦南,2024-11-21,8888
2380,虹光,195,79,116,國泰-敦南,2024-11-21,8888
6770,力積電,196,94,102,國泰-敦南,2024-11-21,8888
1569,濱川,1837,1738,99,國泰-敦南,2024-11-21,8888
6416,瑞祺電通,131,33,98,國泰-敦南,2024-11-21,8888
2431,聯昌,290,200,90,國泰-敦南,2024-11-21,8888
2886,兆豐金,123,33,90,國泰-敦南,2024-11-21,8888
3062,建漢,155,70,85,國泰-敦南,2024-11-21,8888
1303,南亞,91,7,84,國泰-敦南,2024-11-21,8888
4956,光鋐,421,337,84,國泰-敦南,2024-11-21,8888
2027,大成鋼,111,28,83,國泰-敦南,2024-11-21,8888
1301,台塑,144,63,81,國泰-敦南,2024-11-21,8888
00631L,元大台灣50正2,187,107,80,國泰-敦南,2024-11-21,8888
2353,宏��,142,66,76,國泰-敦南,2024-11-21,8888
5876,上海商銀,88,16,72,國泰-敦南,2024-11-21,8888
00951,台新日本半導體,77,5,72,國泰-敦南,2024-11-21,8888
2002,中鋼,123,53,70,國泰-敦南,2024-11-21,8888
2618,長榮航,547,478,69,國泰-敦南,2024-11-21,8888
2613,中櫃,155,87,68,國泰-敦南,2024-11-21,8888
2646,星宇航空,191,124,67,國泰-敦南,2024-11-21,8888
2344,華邦電,218,152,66,國泰-敦南,2024-11-21,8888
00671R,富邦NASDAQ反1,66,0,66,國泰-敦南,2024-11-21,8888
00891,中信關鍵半導體,160,95,65,國泰-敦南,2024-11-21,8888
2349,錸德,2025,1961,64,國泰-敦南,2024-11-21,8888
00881,國泰台灣5G+,185,121,64,國泰-敦南,2024-11-21,8888
8038,長園科,112,48,64,國泰-敦南,2024-11-21,8888
00959B,大華投等美債15Y+,1036,7,1029,國泰-敦南,2024-11-22,8888
3706,神達,7975,7258,717,國泰-敦南,2024-11-22,8888
00637L,元大滬深300正2,1552,843,709,國泰-敦南,2024-11-22,8888
00632R,元大台灣50反1,1804,1103,701,國泰-敦南,2024-11-22,8888
00953B,群益優選非投等債,682,57,625,國泰-敦南,2024-11-22,8888
00933B,國泰10Y+金融債,664,50,614,國泰-敦南,2024-11-22,8888
00882,中信中國高股息,678,211,467,國泰-敦南,2024-11-22,8888
00915,凱基優選高股息30,434,40,394,國泰-敦南,2024-11-22,8888
2356,英業達,948,623,325,國泰-敦南,2024-11-22,8888
00934,中信成長高股息,527,224,303,國泰-敦南,2024-11-22,8888
9105,泰金寶-DR,8437,8153,284,國泰-敦南,2024-11-22,8888
00878,國泰永續高股息,1692,1420,272,國泰-敦南,2024-11-22,8888
00673R,期元大S＆P原油反1,275,20,255,國泰-敦南,2024-11-22,8888
00665L,富邦�琤肭磪囓�2,950,697,253,國泰-敦南,2024-11-22,8888
00753L,中信中國50正2,1346,1097,249,國泰-敦南,2024-11-22,8888
2615,萬海,941,697,244,國泰-敦南,2024-11-22,8888
00909,國泰數位支付服務,378,141,237,國泰-敦南,2024-11-22,8888
3511,矽瑪,840,610,230,國泰-敦南,2024-11-22,8888
5876,上海商銀,263,33,230,國泰-敦南,2024-11-22,8888
00950B,凱基A級公司債,237,8,229,國泰-敦南,2024-11-22,8888
2349,錸德,1047,827,220,國泰-敦南,2024-11-22,8888
00713,元大台灣高息低波,296,83,213,國泰-敦南,2024-11-22,8888
00664R,國泰臺灣加權反1,230,25,205,國泰-敦南,2024-11-22,8888
2609,陽明,1281,1078,203,國泰-敦南,2024-11-22,8888
2303,聯電,408,206,202,國泰-敦南,2024-11-22,8888
2317,鴻海,519,318,201,國泰-敦南,2024-11-22,8888
00948B,中信優息投資級債,670,472,198,國泰-敦南,2024-11-22,8888
3323,加百裕,1306,1115,191,國泰-敦南,2024-11-22,8888
00930,永豐ESG低碳高息,327,137,190,國泰-敦南,2024-11-22,8888
2204,中華,731,560,171,國泰-敦南,2024-11-22,8888
8171,天宇,413,249,164,國泰-敦南,2024-11-22,8888
8163,達方,294,136,158,國泰-敦南,2024-11-22,8888
2543,皇昌,165,15,150,國泰-敦南,2024-11-22,8888
00676R,富邦臺灣加權反1,160,10,150,國泰-敦南,2024-11-22,8888
6134,萬旭,269,122,147,國泰-敦南,2024-11-22,8888
8104,錸寶,1110,965,145,國泰-敦南,2024-11-22,8888
00945B,凱基美國非投等債,147,4,143,國泰-敦南,2024-11-22,8888
6770,力積電,238,102,136,國泰-敦南,2024-11-22,8888
6558,興能高,899,765,134,國泰-敦南,2024-11-22,8888
2486,一詮,431,302,129,國泰-敦南,2024-11-22,8888
2605,新興,156,33,123,國泰-敦南,2024-11-22,8888
00725B,國泰投資級公司債,122,6,116,國泰-敦南,2024-11-22,8888
00687B,國泰20年美債,335,219,116,國泰-敦南,2024-11-22,8888
1616,億泰,187,75,112,國泰-敦南,2024-11-22,8888
2881,富邦金,213,103,110,國泰-敦南,2024-11-22,8888
4513,福裕,373,266,107,國泰-敦南,2024-11-22,8888
006208,富邦台50,307,203,104,國泰-敦南,2024-11-22,8888
00671R,富邦NASDAQ反1,104,0,104,國泰-敦南,2024-11-22,8888
8038,長園科,129,31,98,國泰-敦南,2024-11-22,8888
2891,中信金,257,163,94,國泰-敦南,2024-11-22,8888
9105,泰金寶-DR,8705,6630,2075,國泰-敦南,2024-11-25,8888
2312,金寶,9651,8204,1447,國泰-敦南,2024-11-25,8888
00919,群益台灣精選高息,2271,847,1424,國泰-敦南,2024-11-25,8888
00922,國泰台灣領袖50,1148,223,925,國泰-敦南,2024-11-25,8888
00673R,期元大S＆P原油反1,698,3,695,國泰-敦南,2024-11-25,8888
00950B,凱基A級公司債,685,52,633,國泰-敦南,2024-11-25,8888
1815,富喬,5744,5158,586,國泰-敦南,2024-11-25,8888
00887,永豐中國科技50大,824,278,546,國泰-敦南,2024-11-25,8888
00930,永豐ESG低碳高息,673,169,504,國泰-敦南,2024-11-25,8888
00953B,群益優選非投等債,498,127,371,國泰-敦南,2024-11-25,8888
2603,長榮,836,474,362,國泰-敦南,2024-11-25,8888
00934,中信成長高股息,528,167,361,國泰-敦南,2024-11-25,8888
2371,大同,871,539,332,國泰-敦南,2024-11-25,8888
00882,中信中國高股息,732,435,297,國泰-敦南,2024-11-25,8888
2449,京元電子,691,417,274,國泰-敦南,2024-11-25,8888
912000,晨訊科-DR,250,28,222,國泰-敦南,2024-11-25,8888
00632R,元大台灣50反1,1213,1019,194,國泰-敦南,2024-11-25,8888
00753L,中信中國50正2,1562,1370,192,國泰-敦南,2024-11-25,8888
2615,萬海,718,526,192,國泰-敦南,2024-11-25,8888
2344,華邦電,293,106,187,國泰-敦南,2024-11-25,8888
5876,上海商銀,263,96,167,國泰-敦南,2024-11-25,8888
00918,大華優利高填息30,271,110,161,國泰-敦南,2024-11-25,8888
00945B,凱基美國非投等債,207,57,150,國泰-敦南,2024-11-25,8888
006208,富邦台50,311,171,140,國泰-敦南,2024-11-25,8888
2618,長榮航,744,604,140,國泰-敦南,2024-11-25,8888
00795B,中信美國公債20年,184,45,139,國泰-敦南,2024-11-25,8888
00905,FT臺灣Smart,213,77,136,國泰-敦南,2024-11-25,8888
00917,中信特選金融,131,2,129,國泰-敦南,2024-11-25,8888
2330,台積電,202,75,127,國泰-敦南,2024-11-25,8888
00915,凱基優選高股息30,329,202,127,國泰-敦南,2024-11-25,8888
00713,元大台灣高息低波,263,141,122,國泰-敦南,2024-11-25,8888
00633L,富邦上証正2,178,58,120,國泰-敦南,2024-11-25,8888
6005,群益證,114,1,113,國泰-敦南,2024-11-25,8888
5465,富驊,447,337,110,國泰-敦南,2024-11-25,8888
00674R,期元大S＆P黃金反1,110,2,108,國泰-敦南,2024-11-25,8888
00901,永豐智能車供應鏈,195,99,96,國泰-敦南,2024-11-25,8888
3374,精材,217,124,93,國泰-敦南,2024-11-25,8888
00959B,大華投等美債15Y+,100,8,92,國泰-敦南,2024-11-25,8888
2356,英業達,465,375,90,國泰-敦南,2024-11-25,8888
5347,世界,112,24,88,國泰-敦南,2024-11-25,8888
3013,晟銘電,340,254,86,國泰-敦南,2024-11-25,8888
5426,振發,474,394,80,國泰-敦南,2024-11-25,8888
6546,正基,210,132,78,國泰-敦南,2024-11-25,8888
1563,巧新,161,84,77,國泰-敦南,2024-11-25,8888
4576,大銀微系統,188,111,77,國泰-敦南,2024-11-25,8888
1402,遠東新,107,32,75,國泰-敦南,2024-11-25,8888
3027,盛達,236,164,72,國泰-敦南,2024-11-25,8888
00935,野村臺灣新科技50,114,44,70,國泰-敦南,2024-11-25,8888
3032,偉訓,481,413,68,國泰-敦南,2024-11-25,8888
2421,建準,114,48,66,國泰-敦南,2024-11-25,8888
00878,國泰永續高股息,3173,943,2230,國泰-敦南,2024-11-26,8888
2317,鴻海,2062,593,1469,國泰-敦南,2024-11-26,8888
00953B,群益優選非投等債,1181,27,1154,國泰-敦南,2024-11-26,8888
006208,富邦台50,938,68,870,國泰-敦南,2024-11-26,8888
00706L,期元大S＆P日圓正2,898,164,734,國泰-敦南,2024-11-26,8888
00919,群益台灣精選高息,1263,625,638,國泰-敦南,2024-11-26,8888
5309,系統電,2608,2017,591,國泰-敦南,2024-11-26,8888
0056,元大高股息,762,241,521,國泰-敦南,2024-11-26,8888
00715L,期街口布蘭特正2,945,454,491,國泰-敦南,2024-11-26,8888
00951,台新日本半導體,475,16,459,國泰-敦南,2024-11-26,8888
00930,永豐ESG低碳高息,569,116,453,國泰-敦南,2024-11-26,8888
2887,台新金,492,42,450,國泰-敦南,2024-11-26,8888
00915,凱基優選高股息30,431,54,377,國泰-敦南,2024-11-26,8888
00922,國泰台灣領袖50,424,63,361,國泰-敦南,2024-11-26,8888
3706,神達,3770,3444,326,國泰-敦南,2024-11-26,8888
9105,泰金寶-DR,4885,4562,323,國泰-敦南,2024-11-26,8888
2344,華邦電,398,78,320,國泰-敦南,2024-11-26,8888
00669R,國泰美國道瓊反1,320,2,318,國泰-敦南,2024-11-26,8888
2312,金寶,5362,5061,301,國泰-敦南,2024-11-26,8888
00713,元大台灣高息低波,403,106,297,國泰-敦南,2024-11-26,8888
3323,加百裕,2641,2346,295,國泰-敦南,2024-11-26,8888
2330,台積電,358,65,293,國泰-敦南,2024-11-26,8888
0050,元大台灣50,375,114,261,國泰-敦南,2024-11-26,8888
2890,永豐金,278,30,248,國泰-敦南,2024-11-26,8888
3231,緯創,915,690,225,國泰-敦南,2024-11-26,8888
2515,中工,283,65,218,國泰-敦南,2024-11-26,8888
2371,大同,522,330,192,國泰-敦南,2024-11-26,8888
00965,元大航太防衛科技,205,15,190,國泰-敦南,2024-11-26,8888
6962,ITH-KY,387,198,189,國泰-敦南,2024-11-26,8888
00943,兆豐電子高息等權,210,44,166,國泰-敦南,2024-11-26,8888
00881,國泰台灣5G+,243,95,148,國泰-敦南,2024-11-26,8888
1802,台玻,449,302,147,國泰-敦南,2024-11-26,8888
00918,大華優利高填息30,239,93,146,國泰-敦南,2024-11-26,8888
00938,凱基優選30,147,2,145,國泰-敦南,2024-11-26,8888
00887,永豐中國科技50大,315,173,142,國泰-敦南,2024-11-26,8888
2419,仲琦,670,531,139,國泰-敦南,2024-11-26,8888
2426,鼎元,496,359,137,國泰-敦南,2024-11-26,8888
3293,鈊象,232,95,137,國泰-敦南,2024-11-26,8888
00960,野村全球航運龍頭,184,55,129,國泰-敦南,2024-11-26,8888
2615,萬海,693,566,127,國泰-敦南,2024-11-26,8888
00891,中信關鍵半導體,132,6,126,國泰-敦南,2024-11-26,8888
6558,興能高,1033,911,122,國泰-敦南,2024-11-26,8888
00927,群益半導體收益,173,53,120,國泰-敦南,2024-11-26,8888
5452,佶優,238,120,118,國泰-敦南,2024-11-26,8888
00631L,元大台灣50正2,245,133,112,國泰-敦南,2024-11-26,8888
5876,上海商銀,228,120,108,國泰-敦南,2024-11-26,8888
1432,大魯閣,140,35,105,國泰-敦南,2024-11-26,8888
4956,光鋐,403,302,101,國泰-敦南,2024-11-26,8888
00954,中信日本半導體,103,3,100,國泰-敦南,2024-11-26,8888
2834,臺企銀,147,48,99,國泰-敦南,2024-11-26,8888
00878,國泰永續高股息,10130,1133,8997,國泰-敦南,2024-11-27,8888
00919,群益台灣精選高息,6121,412,5709,國泰-敦南,2024-11-27,8888
0056,元大高股息,5168,373,4795,國泰-敦南,2024-11-27,8888
00929,復華台灣科技優息,2921,1372,1549,國泰-敦南,2024-11-27,8888
00918,大華優利高填息30,1319,38,1281,國泰-敦南,2024-11-27,8888
2303,聯電,1685,514,1171,國泰-敦南,2024-11-27,8888
006208,富邦台50,1208,139,1069,國泰-敦南,2024-11-27,8888
2317,鴻海,1944,902,1042,國泰-敦南,2024-11-27,8888
00940,元大台灣價值高息,2183,1252,931,國泰-敦南,2024-11-27,8888
00922,國泰台灣領袖50,995,189,806,國泰-敦南,2024-11-27,8888
3231,緯創,1396,626,770,國泰-敦南,2024-11-27,8888
00915,凱基優選高股息30,901,161,740,國泰-敦南,2024-11-27,8888
2603,長榮,1314,681,633,國泰-敦南,2024-11-27,8888
2344,華邦電,827,250,577,國泰-敦南,2024-11-27,8888
00930,永豐ESG低碳高息,628,67,561,國泰-敦南,2024-11-27,8888
0050,元大台灣50,585,72,513,國泰-敦南,2024-11-27,8888
00715L,期街口布蘭特正2,650,161,489,國泰-敦南,2024-11-27,8888
00953B,群益優選非投等債,512,40,472,國泰-敦南,2024-11-27,8888
2330,台積電,549,81,468,國泰-敦南,2024-11-27,8888
00881,國泰台灣5G+,516,121,395,國泰-敦南,2024-11-27,8888
6770,力積電,457,110,347,國泰-敦南,2024-11-27,8888
00675L,富邦臺灣加權正2,449,103,346,國泰-敦南,2024-11-27,8888
2609,陽明,1278,937,341,國泰-敦南,2024-11-27,8888
2002,中鋼,393,52,341,國泰-敦南,2024-11-27,8888
00950B,凱基A級公司債,407,88,319,國泰-敦南,2024-11-27,8888
00891,中信關鍵半導體,333,34,299,國泰-敦南,2024-11-27,8888
00946,群益科技高息成長,428,131,297,國泰-敦南,2024-11-27,8888
2615,萬海,1302,1006,296,國泰-敦南,2024-11-27,8888
3323,加百裕,2212,1920,292,國泰-敦南,2024-11-27,8888
00943,兆豐電子高息等權,352,63,289,國泰-敦南,2024-11-27,8888
2881,富邦金,337,65,272,國泰-敦南,2024-11-27,8888
00927,群益半導體收益,351,85,266,國泰-敦南,2024-11-27,8888
2382,廣達,404,140,264,國泰-敦南,2024-11-27,8888
1536,和大,2382,2127,255,國泰-敦南,2024-11-27,8888
3037,欣興,417,165,252,國泰-敦南,2024-11-27,8888
2392,正崴,1990,1752,238,國泰-敦南,2024-11-27,8888
4562,穎漢,1590,1354,236,國泰-敦南,2024-11-27,8888
00932,兆豐永續高息等權,265,29,236,國泰-敦南,2024-11-27,8888
2204,中華,708,473,235,國泰-敦南,2024-11-27,8888
00905,FT臺灣Smart,321,100,221,國泰-敦南,2024-11-27,8888
1605,華新,247,32,215,國泰-敦南,2024-11-27,8888
00960,野村全球航運龍頭,256,63,193,國泰-敦南,2024-11-27,8888
2883,凱基金,310,125,185,國泰-敦南,2024-11-27,8888
6962,ITH-KY,225,42,183,國泰-敦南,2024-11-27,8888
00631L,元大台灣50正2,421,239,182,國泰-敦南,2024-11-27,8888
3013,晟銘電,532,354,178,國泰-敦南,2024-11-27,8888
2887,台新金,341,163,178,國泰-敦南,2024-11-27,8888
1314,中石化,275,109,166,國泰-敦南,2024-11-27,8888
2356,英業達,502,337,165,國泰-敦南,2024-11-27,8888
00713,元大台灣高息低波,365,209,156,國泰-敦南,2024-11-27,8888
00878,國泰永續高股息,9284,1784,7500,國泰-敦南,2024-11-28,8888
00919,群益台灣精選高息,5317,840,4477,國泰-敦南,2024-11-28,8888
0056,元大高股息,3012,587,2425,國泰-敦南,2024-11-28,8888
00632R,元大台灣50反1,4171,1891,2280,國泰-敦南,2024-11-28,8888
2312,金寶,3646,2728,918,國泰-敦南,2024-11-28,8888
00940,元大台灣價值高息,1970,1093,877,國泰-敦南,2024-11-28,8888
00915,凱基優選高股息30,1057,214,843,國泰-敦南,2024-11-28,8888
4510,高鋒,4624,3845,779,國泰-敦南,2024-11-28,8888
00918,大華優利高填息30,924,177,747,國泰-敦南,2024-11-28,8888
00929,復華台灣科技優息,3761,3082,679,國泰-敦南,2024-11-28,8888
006208,富邦台50,855,317,538,國泰-敦南,2024-11-28,8888
00953B,群益優選非投等債,697,196,501,國泰-敦南,2024-11-28,8888
00713,元大台灣高息低波,706,342,364,國泰-敦南,2024-11-28,8888
00922,國泰台灣領袖50,762,406,356,國泰-敦南,2024-11-28,8888
2317,鴻海,1277,959,318,國泰-敦南,2024-11-28,8888
9105,泰金寶-DR,4455,4162,293,國泰-敦南,2024-11-28,8888
00946,群益科技高息成長,487,208,279,國泰-敦南,2024-11-28,8888
2332,友訊,1826,1603,223,國泰-敦南,2024-11-28,8888
00930,永豐ESG低碳高息,458,239,219,國泰-敦南,2024-11-28,8888
0050,元大台灣50,356,137,219,國泰-敦南,2024-11-28,8888
00950B,凱基A級公司債,263,55,208,國泰-敦南,2024-11-28,8888
00715L,期街口布蘭特正2,537,332,205,國泰-敦南,2024-11-28,8888
00943,兆豐電子高息等權,367,169,198,國泰-敦南,2024-11-28,8888
2344,華邦電,732,542,190,國泰-敦南,2024-11-28,8888
1815,富喬,4511,4323,188,國泰-敦南,2024-11-28,8888
00891,中信關鍵半導體,408,224,184,國泰-敦南,2024-11-28,8888
2070,精湛,1305,1124,181,國泰-敦南,2024-11-28,8888
8171,天宇,302,130,172,國泰-敦南,2024-11-28,8888
00664R,國泰臺灣加權反1,494,329,165,國泰-敦南,2024-11-28,8888
2204,中華,487,324,163,國泰-敦南,2024-11-28,8888
2330,台積電,319,163,156,國泰-敦南,2024-11-28,8888
3481,群創,341,190,151,國泰-敦南,2024-11-28,8888
3450,聯鈞,1220,1077,143,國泰-敦南,2024-11-28,8888
1802,台玻,546,408,138,國泰-敦南,2024-11-28,8888
6116,彩晶,159,32,127,國泰-敦南,2024-11-28,8888
1605,華新,219,94,125,國泰-敦南,2024-11-28,8888
00680L,元大美債20正2,939,819,120,國泰-敦南,2024-11-28,8888
3591,艾笛森,509,390,119,國泰-敦南,2024-11-28,8888
00927,群益半導體收益,218,105,113,國泰-敦南,2024-11-28,8888
8240,華宏,252,140,112,國泰-敦南,2024-11-28,8888
4991,環宇-KY,291,179,112,國泰-敦南,2024-11-28,8888
2371,大同,232,122,110,國泰-敦南,2024-11-28,8888
1301,台塑,155,45,110,國泰-敦南,2024-11-28,8888
00952,凱基台灣AI50,118,13,105,國泰-敦南,2024-11-28,8888
2867,三商壽,162,56,106,國泰-敦南,2024-11-28,8888
00932,兆豐永續高息等權,189,85,104,國泰-敦南,2024-11-28,8888
00923,群益台ESG低碳50,136,38,98,國泰-敦南,2024-11-28,8888
6117,迎廣,364,278,86,國泰-敦南,2024-11-28,8888
00959B,大華投等美債15Y+,164,80,84,國泰-敦南,2024-11-28,8888
2408,南亞科,222,139,83,國泰-敦南,2024-11-28,8888
00680L,元大美債20正2,3911,1232,2679,國泰-敦南,2024-11-29,8888
00878,國泰永續高股息,3683,1298,2385,國泰-敦南,2024-11-29,8888
00632R,元大台灣50反1,3162,1340,1822,國泰-敦南,2024-11-29,8888
00919,群益台灣精選高息,2375,709,1666,國泰-敦南,2024-11-29,8888
00953B,群益優選非投等債,1028,16,1012,國泰-敦南,2024-11-29,8888
0056,元大高股息,1391,517,874,國泰-敦南,2024-11-29,8888
00915,凱基優選高股息30,690,66,624,國泰-敦南,2024-11-29,8888
00950B,凱基A級公司債,551,100,451,國泰-敦南,2024-11-29,8888
1301,台塑,505,66,439,國泰-敦南,2024-11-29,8888
2002,中鋼,452,44,408,國泰-敦南,2024-11-29,8888
006208,富邦台50,549,189,360,國泰-敦南,2024-11-29,8888
00713,元大台灣高息低波,452,102,350,國泰-敦南,2024-11-29,8888
00918,大華優利高填息30,348,70,278,國泰-敦南,2024-11-29,8888
2317,鴻海,749,475,274,國泰-敦南,2024-11-29,8888
2312,金寶,3191,2920,271,國泰-敦南,2024-11-29,8888
2887,台新金,439,191,248,國泰-敦南,2024-11-29,8888
2834,臺企銀,293,62,231,國泰-敦南,2024-11-29,8888
2303,聯電,679,453,226,國泰-敦南,2024-11-29,8888
3090,日電貿,656,440,216,國泰-敦南,2024-11-29,8888
2881,富邦金,238,38,200,國泰-敦南,2024-11-29,8888
2330,台積電,317,131,186,國泰-敦南,2024-11-29,8888
2882,國泰金,250,91,159,國泰-敦南,2024-11-29,8888
2884,玉山金,226,78,148,國泰-敦南,2024-11-29,8888
2891,中信金,373,233,140,國泰-敦南,2024-11-29,8888
2609,陽明,986,848,138,國泰-敦南,2024-11-29,8888
00959B,大華投等美債15Y+,225,93,132,國泰-敦南,2024-11-29,8888
5880,合庫金,257,126,131,國泰-敦南,2024-11-29,8888
2615,萬海,790,660,130,國泰-敦南,2024-11-29,8888
2888,新光金,175,53,122,國泰-敦南,2024-11-29,8888
2392,正崴,1222,1106,116,國泰-敦南,2024-11-29,8888
5871,中租-KY,168,54,114,國泰-敦南,2024-11-29,8888
00930,永豐ESG低碳高息,157,44,113,國泰-敦南,2024-11-29,8888
6530,創威,547,434,113,國泰-敦南,2024-11-29,8888
00960,野村全球航運龍頭,192,81,111,國泰-敦南,2024-11-29,8888
6505,台塑化,139,29,110,國泰-敦南,2024-11-29,8888
0050,元大台灣50,200,95,105,國泰-敦南,2024-11-29,8888
1402,遠東新,129,24,105,國泰-敦南,2024-11-29,8888
2204,中華,314,211,103,國泰-敦南,2024-11-29,8888
00664R,國泰臺灣加權反1,421,325,96,國泰-敦南,2024-11-29,8888
1605,華新,285,195,90,國泰-敦南,2024-11-29,8888
6962,ITH-KY,119,34,85,國泰-敦南,2024-11-29,8888
00631L,元大台灣50正2,227,155,72,國泰-敦南,2024-11-29,8888
00924,復華S＆P500成長,100,30,70,國泰-敦南,2024-11-29,8888
00905,FT臺灣Smart,94,28,66,國泰-敦南,2024-11-29,8888
9939,宏全,129,63,66,國泰-敦南,2024-11-29,8888
1303,南亞,115,51,64,國泰-敦南,2024-11-29,8888
00757,統一FANG+,79,17,62,國泰-敦南,2024-11-29,8888
3231,緯創,497,436,61,國泰-敦南,2024-11-29,8888
6127,九豪,597,536,61,國泰-敦南,2024-11-29,8888
2603,長榮,404,346,58,國泰-敦南,2024-11-29,8888
00632R,元大台灣50反1,2930,553,2377,國泰-敦南,2024-12-02,8888
00712,復華富時不動產,1560,392,1168,國泰-敦南,2024-12-02,8888
00950B,凱基A級公司債,1164,13,1151,國泰-敦南,2024-12-02,8888
00637L,元大滬深300正2,1194,455,739,國泰-敦南,2024-12-02,8888
00918,大華優利高填息30,895,194,701,國泰-敦南,2024-12-02,8888
00953B,群益優選非投等債,923,300,623,國泰-敦南,2024-12-02,8888
2317,鴻海,880,303,577,國泰-敦南,2024-12-02,8888
1815,富喬,2062,1571,491,國泰-敦南,2024-12-02,8888
00715L,期街口布蘭特正2,810,358,452,國泰-敦南,2024-12-02,8888
2354,鴻準,1357,999,358,國泰-敦南,2024-12-02,8888
3706,神達,3631,3292,339,國泰-敦南,2024-12-02,8888
1605,華新,466,148,318,國泰-敦南,2024-12-02,8888
00915,凱基優選高股息30,392,110,282,國泰-敦南,2024-12-02,8888
2337,旺宏,332,57,275,國泰-敦南,2024-12-02,8888
00959B,大華投等美債15Y+,344,77,267,國泰-敦南,2024-12-02,8888
5309,系統電,1479,1221,258,國泰-敦南,2024-12-02,8888
00665L,富邦�琤肭磪囓�2,1150,908,242,國泰-敦南,2024-12-02,8888
3323,加百裕,3961,3727,234,國泰-敦南,2024-12-02,8888
4123,晟德,493,265,228,國泰-敦南,2024-12-02,8888
0056,元大高股息,813,599,214,國泰-敦南,2024-12-02,8888
6558,興能高,2516,2304,212,國泰-敦南,2024-12-02,8888
1301,台塑,364,163,201,國泰-敦南,2024-12-02,8888
6127,九豪,370,171,199,國泰-敦南,2024-12-02,8888
2344,華邦電,344,155,189,國泰-敦南,2024-12-02,8888
2332,友訊,474,298,176,國泰-敦南,2024-12-02,8888
2312,金寶,2066,1908,158,國泰-敦南,2024-12-02,8888
5328,華容,780,630,150,國泰-敦南,2024-12-02,8888
2356,英業達,322,184,138,國泰-敦南,2024-12-02,8888
4510,高鋒,944,812,132,國泰-敦南,2024-12-02,8888
2002,中鋼,208,78,130,國泰-敦南,2024-12-02,8888
00713,元大台灣高息低波,276,149,127,國泰-敦南,2024-12-02,8888
2929,淘帝-KY,315,189,126,國泰-敦南,2024-12-02,8888
00676R,富邦臺灣加權反1,126,0,126,國泰-敦南,2024-12-02,8888
00933B,國泰10Y+金融債,651,536,115,國泰-敦南,2024-12-02,8888
1314,中石化,185,69,116,國泰-敦南,2024-12-02,8888
00943,兆豐電子高息等權,163,50,113,國泰-敦南,2024-12-02,8888
1101,台泥,166,59,107,國泰-敦南,2024-12-02,8888
2606,裕民,110,12,98,國泰-敦南,2024-12-02,8888
2886,兆豐金,155,61,94,國泰-敦南,2024-12-02,8888
3211,順達,1549,1459,90,國泰-敦南,2024-12-02,8888
6153,嘉聯益,92,6,86,國泰-敦南,2024-12-02,8888
2408,南亞科,112,26,86,國泰-敦南,2024-12-02,8888
00664R,國泰臺灣加權反1,188,106,82,國泰-敦南,2024-12-02,8888
3481,群創,177,96,81,國泰-敦南,2024-12-02,8888
1522,堤維西,142,65,77,國泰-敦南,2024-12-02,8888
00650L,復華香港正2,127,53,74,國泰-敦南,2024-12-02,8888
1536,和大,1019,947,72,國泰-敦南,2024-12-02,8888
3231,緯創,357,286,71,國泰-敦南,2024-12-02,8888
3090,日電貿,327,256,71,國泰-敦南,2024-12-02,8888
00642U,期元大S＆P石油,83,14,69,國泰-敦南,2024-12-02,8888
00919,群益台灣精選高息,7242,2062,5180,國泰-敦南,2024-12-03,8888
00918,大華優利高填息30,2662,380,2282,國泰-敦南,2024-12-03,8888
00948B,中信優息投資級債,3058,1885,1173,國泰-敦南,2024-12-03,8888
00715L,期街口布蘭特正2,1118,18,1100,國泰-敦南,2024-12-03,8888
00953B,群益優選非投等債,1115,163,952,國泰-敦南,2024-12-03,8888
00915,凱基優選高股息30,1074,253,821,國泰-敦南,2024-12-03,8888
00713,元大台灣高息低波,873,141,732,國泰-敦南,2024-12-03,8888
2317,鴻海,953,401,552,國泰-敦南,2024-12-03,8888
00878,國泰永續高股息,3138,2654,484,國泰-敦南,2024-12-03,8888
0056,元大高股息,956,523,433,國泰-敦南,2024-12-03,8888
00959B,大華投等美債15Y+,469,48,421,國泰-敦南,2024-12-03,8888
4303,信立,1911,1554,357,國泰-敦南,2024-12-03,8888
2344,華邦電,352,96,256,國泰-敦南,2024-12-03,8888
2303,聯電,620,366,254,國泰-敦南,2024-12-03,8888
8028,昇陽半導體,504,262,242,國泰-敦南,2024-12-03,8888
00686R,群益臺灣加權反1,283,41,242,國泰-敦南,2024-12-03,8888
00753L,中信中國50正2,682,530,152,國泰-敦南,2024-12-03,8888
2419,仲琦,370,246,124,國泰-敦南,2024-12-03,8888
2312,金寶,1238,1116,122,國泰-敦南,2024-12-03,8888
00676R,富邦臺灣加權反1,116,5,111,國泰-敦南,2024-12-03,8888
3511,矽瑪,259,154,105,國泰-敦南,2024-12-03,8888
2385,群光,117,14,103,國泰-敦南,2024-12-03,8888
1531,高林股,126,25,101,國泰-敦南,2024-12-03,8888
3045,台灣大,113,12,101,國泰-敦南,2024-12-03,8888
00642U,期元大S＆P石油,94,0,94,國泰-敦南,2024-12-03,8888
00927,群益半導體收益,270,176,94,國泰-敦南,2024-12-03,8888
00909,國泰數位支付服務,123,33,90,國泰-敦南,2024-12-03,8888
00930,永豐ESG低碳高息,153,64,89,國泰-敦南,2024-12-03,8888
1528,恩德,319,232,87,國泰-敦南,2024-12-03,8888
00900,富邦特選高股息30,170,84,86,國泰-敦南,2024-12-03,8888
00926,凱基全球菁英55,85,3,82,國泰-敦南,2024-12-03,8888
00671R,富邦NASDAQ反1,79,0,79,國泰-敦南,2024-12-03,8888
00933B,國泰10Y+金融債,437,362,75,國泰-敦南,2024-12-03,8888
1402,遠東新,127,52,75,國泰-敦南,2024-12-03,8888
2867,三商壽,116,42,74,國泰-敦南,2024-12-03,8888
1802,台玻,202,129,73,國泰-敦南,2024-12-03,8888
00662,富邦NASDAQ,83,10,73,國泰-敦南,2024-12-03,8888
2834,臺企銀,183,110,73,國泰-敦南,2024-12-03,8888
6558,興能高,1121,1050,71,國泰-敦南,2024-12-03,8888
00911,兆豐洲際半導體,85,14,71,國泰-敦南,2024-12-03,8888
00905,FT臺灣Smart,367,300,67,國泰-敦南,2024-12-03,8888
00646,元大S＆P500,82,16,66,國泰-敦南,2024-12-03,8888
2314,台揚,78,13,65,國泰-敦南,2024-12-03,8888
3037,欣興,204,139,65,國泰-敦南,2024-12-03,8888
3231,緯創,381,316,65,國泰-敦南,2024-12-03,8888
8429,金麗-KY,116,55,61,國泰-敦南,2024-12-03,8888
1569,濱川,74,15,59,國泰-敦南,2024-12-03,8888
3024,憶聲,225,166,59,國泰-敦南,2024-12-03,8888
2023,燁輝,112,55,57,國泰-敦南,2024-12-03,8888
4534,慶騰,90,34,56,國泰-敦南,2024-12-03,8888
00918,大華優利高填息30,2376,361,2015,國泰-敦南,2024-12-04,8888
00953B,群益優選非投等債,2126,280,1846,國泰-敦南,2024-12-04,8888
9105,泰金寶-DR,4568,2946,1622,國泰-敦南,2024-12-04,8888
00919,群益台灣精選高息,3063,1722,1341,國泰-敦南,2024-12-04,8888
00948B,中信優息投資級債,1671,483,1188,國泰-敦南,2024-12-04,8888
00673R,期元大S＆P原油反1,978,15,963,國泰-敦南,2024-12-04,8888
00915,凱基優選高股息30,939,195,744,國泰-敦南,2024-12-04,8888
00713,元大台灣高息低波,832,108,724,國泰-敦南,2024-12-04,8888
00664R,國泰臺灣加權反1,774,76,698,國泰-敦南,2024-12-04,8888
00712,復華富時不動產,1944,1317,627,國泰-敦南,2024-12-04,8888
00959B,大華投等美債15Y+,625,88,537,國泰-敦南,2024-12-04,8888
0056,元大高股息,774,404,370,國泰-敦南,2024-12-04,8888
3706,神達,5774,5410,364,國泰-敦南,2024-12-04,8888
00725B,國泰投資級公司債,411,95,316,國泰-敦南,2024-12-04,8888
00945B,凱基美國非投等債,433,139,294,國泰-敦南,2024-12-04,8888
2891,中信金,469,191,278,國泰-敦南,2024-12-04,8888
00933B,國泰10Y+金融債,622,352,270,國泰-敦南,2024-12-04,8888
00751B,元大AAA至A公司債,371,123,248,國泰-敦南,2024-12-04,8888
00926,凱基全球菁英55,263,25,238,國泰-敦南,2024-12-04,8888
2303,聯電,601,373,228,國泰-敦南,2024-12-04,8888
2337,旺宏,460,247,213,國泰-敦南,2024-12-04,8888
2887,台新金,254,44,210,國泰-敦南,2024-12-04,8888
2610,華航,2002,1796,206,國泰-敦南,2024-12-04,8888
1605,華新,252,52,200,國泰-敦南,2024-12-04,8888
2312,金寶,945,773,172,國泰-敦南,2024-12-04,8888
2449,京元電子,335,184,151,國泰-敦南,2024-12-04,8888
2344,華邦電,289,144,145,國泰-敦南,2024-12-04,8888
00676R,富邦臺灣加權反1,131,0,131,國泰-敦南,2024-12-04,8888
00646,元大S＆P500,135,8,127,國泰-敦南,2024-12-04,8888
6757,台灣虎航,735,615,120,國泰-敦南,2024-12-04,8888
2486,一詮,555,441,114,國泰-敦南,2024-12-04,8888
5244,弘凱,640,534,106,國泰-敦南,2024-12-04,8888
1303,南亞,116,12,104,國泰-敦南,2024-12-04,8888
00686R,群益臺灣加權反1,130,26,104,國泰-敦南,2024-12-04,8888
8176,智捷,138,37,101,國泰-敦南,2024-12-04,8888
2382,廣達,348,249,99,國泰-敦南,2024-12-04,8888
2332,友訊,283,187,96,國泰-敦南,2024-12-04,8888
2646,星宇航空,260,168,92,國泰-敦南,2024-12-04,8888
1522,堤維西,147,58,89,國泰-敦南,2024-12-04,8888
5871,中租-KY,122,32,90,國泰-敦南,2024-12-04,8888
2426,鼎元,249,161,88,國泰-敦南,2024-12-04,8888
1449,佳和,357,272,85,國泰-敦南,2024-12-04,8888
00887,永豐中國科技50大,168,83,85,國泰-敦南,2024-12-04,8888
8374,羅昇,229,145,84,國泰-敦南,2024-12-04,8888
00706L,期元大S＆P日圓正2,218,134,84,國泰-敦南,2024-12-04,8888
1402,遠東新,87,3,84,國泰-敦南,2024-12-04,8888
2834,臺企銀,136,53,83,國泰-敦南,2024-12-04,8888
00878,國泰永續高股息,1641,1560,81,國泰-敦南,2024-12-04,8888
3694,海華,750,670,80,國泰-敦南,2024-12-04,8888
3062,建漢,174,99,75,國泰-敦南,2024-12-04,8888
00953B,群益優選非投等債,3487,179,3308,國泰-敦南,2024-12-05,8888
00715L,期街口布蘭特正2,1379,95,1284,國泰-敦南,2024-12-05,8888
1815,富喬,6638,5429,1209,國泰-敦南,2024-12-05,8888
00918,大華優利高填息30,1396,220,1176,國泰-敦南,2024-12-05,8888
00919,群益台灣精選高息,2595,1456,1139,國泰-敦南,2024-12-05,8888
00712,復華富時不動產,878,173,705,國泰-敦南,2024-12-05,8888
00665L,富邦�琤肭磪囓�2,1138,467,671,國泰-敦南,2024-12-05,8888
2303,聯電,954,282,672,國泰-敦南,2024-12-05,8888
2317,鴻海,921,358,563,國泰-敦南,2024-12-05,8888
3323,加百裕,2514,2031,483,國泰-敦南,2024-12-05,8888
00915,凱基優選高股息30,648,205,443,國泰-敦南,2024-12-05,8888
00887,永豐中國科技50大,518,84,434,國泰-敦南,2024-12-05,8888
3090,日電貿,1418,1050,368,國泰-敦南,2024-12-05,8888
3211,順達,1723,1356,367,國泰-敦南,2024-12-05,8888
6558,興能高,2567,2235,332,國泰-敦南,2024-12-05,8888
00713,元大台灣高息低波,506,209,297,國泰-敦南,2024-12-05,8888
2204,中華,406,143,263,國泰-敦南,2024-12-05,8888
3450,聯鈞,1481,1224,257,國泰-敦南,2024-12-05,8888
5328,華容,2031,1781,250,國泰-敦南,2024-12-05,8888
4931,新盛力,2218,1981,237,國泰-敦南,2024-12-05,8888
2002,中鋼,247,12,235,國泰-敦南,2024-12-05,8888
6127,九豪,936,716,220,國泰-敦南,2024-12-05,8888
2382,廣達,299,86,213,國泰-敦南,2024-12-05,8888
3481,群創,384,172,212,國泰-敦南,2024-12-05,8888
6505,台塑化,247,39,208,國泰-敦南,2024-12-05,8888
2375,凱美,1091,888,203,國泰-敦南,2024-12-05,8888
2615,萬海,323,122,201,國泰-敦南,2024-12-05,8888
1303,南亞,235,34,201,國泰-敦南,2024-12-05,8888
2365,昆盈,313,113,200,國泰-敦南,2024-12-05,8888
2392,正崴,805,618,187,國泰-敦南,2024-12-05,8888
00753L,中信中國50正2,705,531,174,國泰-敦南,2024-12-05,8888
00926,凱基全球菁英55,178,20,158,國泰-敦南,2024-12-05,8888
2312,金寶,1370,1219,151,國泰-敦南,2024-12-05,8888
1802,台玻,365,218,147,國泰-敦南,2024-12-05,8888
6757,台灣虎航,299,152,147,國泰-敦南,2024-12-05,8888
2337,旺宏,300,153,147,國泰-敦南,2024-12-05,8888
6770,力積電,203,59,144,國泰-敦南,2024-12-05,8888
1301,台塑,280,141,139,國泰-敦南,2024-12-05,8888
8042,金山電,394,259,135,國泰-敦南,2024-12-05,8888
1447,力鵬,187,69,118,國泰-敦南,2024-12-05,8888
1304,台聚,151,34,117,國泰-敦南,2024-12-05,8888
5465,富驊,222,106,116,國泰-敦南,2024-12-05,8888
5460,同協,112,3,109,國泰-敦南,2024-12-05,8888
2431,聯昌,203,97,106,國泰-敦南,2024-12-05,8888
2472,立隆電,389,284,105,國泰-敦南,2024-12-05,8888
3712,永崴投控,188,83,105,國泰-敦南,2024-12-05,8888
3015,全漢,432,329,103,國泰-敦南,2024-12-05,8888
3013,晟銘電,232,129,103,國泰-敦南,2024-12-05,8888
3078,僑威,224,122,102,國泰-敦南,2024-12-05,8888
00676R,富邦臺灣加權反1,117,20,97,國泰-敦南,2024-12-05,8888
00953B,群益優選非投等債,2715,180,2535,國泰-敦南,2024-12-06,8888
00715L,期街口布蘭特正2,1709,414,1295,國泰-敦南,2024-12-06,8888
00919,群益台灣精選高息,2555,1316,1239,國泰-敦南,2024-12-06,8888
00918,大華優利高填息30,1350,279,1071,國泰-敦南,2024-12-06,8888
00915,凱基優選高股息30,1063,122,941,國泰-敦南,2024-12-06,8888
00712,復華富時不動產,889,174,715,國泰-敦南,2024-12-06,8888
3706,神達,6500,5840,660,國泰-敦南,2024-12-06,8888
2354,鴻準,5576,4993,583,國泰-敦南,2024-12-06,8888
00962,台新AI優息動能,561,29,532,國泰-敦南,2024-12-06,8888
1301,台塑,511,89,422,國泰-敦南,2024-12-06,8888
00713,元大台灣高息低波,514,114,400,國泰-敦南,2024-12-06,8888
00909,國泰數位支付服務,483,92,391,國泰-敦南,2024-12-06,8888
9105,泰金寶-DR,2076,1817,259,國泰-敦南,2024-12-06,8888
00922,國泰台灣領袖50,458,206,252,國泰-敦南,2024-12-06,8888
1815,富喬,1686,1456,230,國泰-敦南,2024-12-06,8888
2886,兆豐金,286,60,226,國泰-敦南,2024-12-06,8888
2332,友訊,313,96,217,國泰-敦南,2024-12-06,8888
00945B,凱基美國非投等債,268,58,210,國泰-敦南,2024-12-06,8888
1326,台化,250,48,202,國泰-敦南,2024-12-06,8888
00948B,中信優息投資級債,340,139,201,國泰-敦南,2024-12-06,8888
2317,鴻海,623,432,191,國泰-敦南,2024-12-06,8888
6024,群益期,200,14,186,國泰-敦南,2024-12-06,8888
2002,中鋼,205,33,172,國泰-敦南,2024-12-06,8888
00941,中信上游半導體,193,25,168,國泰-敦南,2024-12-06,8888
5309,系統電,459,295,164,國泰-敦南,2024-12-06,8888
6757,台灣虎航,236,76,160,國泰-敦南,2024-12-06,8888
00830,國泰費城半導體,198,41,157,國泰-敦南,2024-12-06,8888
4919,新唐,711,573,138,國泰-敦南,2024-12-06,8888
8069,元太,188,60,128,國泰-敦南,2024-12-06,8888
00905,FT臺灣Smart,198,73,125,國泰-敦南,2024-12-06,8888
3450,聯鈞,847,723,124,國泰-敦南,2024-12-06,8888
1605,華新,722,604,118,國泰-敦南,2024-12-06,8888
0056,元大高股息,768,650,118,國泰-敦南,2024-12-06,8888
00960,野村全球航運龍頭,209,93,116,國泰-敦南,2024-12-06,8888
1460,宏遠,115,0,115,國泰-敦南,2024-12-06,8888
6416,瑞祺電通,136,21,115,國泰-敦南,2024-12-06,8888
2312,金寶,1098,985,113,國泰-敦南,2024-12-06,8888
1455,集盛,112,0,112,國泰-敦南,2024-12-06,8888
2337,旺宏,639,532,107,國泰-敦南,2024-12-06,8888
6505,台塑化,129,24,105,國泰-敦南,2024-12-06,8888
8028,昇陽半導體,341,246,95,國泰-敦南,2024-12-06,8888
3202,樺晟,102,7,95,國泰-敦南,2024-12-06,8888
00864B,中信美國公債0-1,97,2,95,國泰-敦南,2024-12-06,8888
00926,凱基全球菁英55,102,8,94,國泰-敦南,2024-12-06,8888
2615,萬海,221,131,90,國泰-敦南,2024-12-06,8888
2486,一詮,233,143,90,國泰-敦南,2024-12-06,8888
2303,聯電,398,312,86,國泰-敦南,2024-12-06,8888
5386,青雲,139,53,86,國泰-敦南,2024-12-06,8888
2363,矽統,222,136,86,國泰-敦南,2024-12-06,8888
8011,台通,91,9,82,國泰-敦南,2024-12-06,8888
00915,凱基優選高股息30,1854,71,1783,國泰-敦南,2024-12-09,8888
00715L,期街口布蘭特正2,1714,99,1615,國泰-敦南,2024-12-09,8888
00918,大華優利高填息30,1302,273,1029,國泰-敦南,2024-12-09,8888
0056,元大高股息,1429,652,777,國泰-敦南,2024-12-09,8888
2317,鴻海,1001,263,738,國泰-敦南,2024-12-09,8888
00953B,群益優選非投等債,1691,1115,576,國泰-敦南,2024-12-09,8888
2399,映泰,2229,1697,532,國泰-敦南,2024-12-09,8888
2344,華邦電,553,63,490,國泰-敦南,2024-12-09,8888
3024,憶聲,496,77,419,國泰-敦南,2024-12-09,8888
00919,群益台灣精選高息,2207,1802,405,國泰-敦南,2024-12-09,8888
2449,京元電子,679,287,392,國泰-敦南,2024-12-09,8888
2354,鴻準,2977,2658,319,國泰-敦南,2024-12-09,8888
00713,元大台灣高息低波,493,197,296,國泰-敦南,2024-12-09,8888
00637L,元大滬深300正2,644,350,294,國泰-敦南,2024-12-09,8888
00948B,中信優息投資級債,778,486,292,國泰-敦南,2024-12-09,8888
00878,國泰永續高股息,1736,1480,256,國泰-敦南,2024-12-09,8888
3706,神達,2943,2704,239,國泰-敦南,2024-12-09,8888
4931,新盛力,522,284,238,國泰-敦南,2024-12-09,8888
3211,順達,825,605,220,國泰-敦南,2024-12-09,8888
9105,泰金寶-DR,941,723,218,國泰-敦南,2024-12-09,8888
00664R,國泰臺灣加權反1,218,0,218,國泰-敦南,2024-12-09,8888
00662,富邦NASDAQ,221,8,213,國泰-敦南,2024-12-09,8888
00642U,期元大S＆P石油,209,7,202,國泰-敦南,2024-12-09,8888
00909,國泰數位支付服務,314,125,189,國泰-敦南,2024-12-09,8888
2382,廣達,363,182,181,國泰-敦南,2024-12-09,8888
2881,富邦金,211,47,164,國泰-敦南,2024-12-09,8888
2337,旺宏,368,204,164,國泰-敦南,2024-12-09,8888
2002,中鋼,228,66,162,國泰-敦南,2024-12-09,8888
2615,萬海,1822,1662,160,國泰-敦南,2024-12-09,8888
2542,興富發,261,103,158,國泰-敦南,2024-12-09,8888
2891,中信金,294,143,151,國泰-敦南,2024-12-09,8888
6962,ITH-KY,173,32,141,國泰-敦南,2024-12-09,8888
00962,台新AI優息動能,159,20,139,國泰-敦南,2024-12-09,8888
2405,輔信,269,148,121,國泰-敦南,2024-12-09,8888
00930,永豐ESG低碳高息,176,57,119,國泰-敦南,2024-12-09,8888
2489,瑞軒,126,18,108,國泰-敦南,2024-12-09,8888
1710,東聯,110,2,108,國泰-敦南,2024-12-09,8888
00960,野村全球航運龍頭,183,75,108,國泰-敦南,2024-12-09,8888
006208,富邦台50,368,261,107,國泰-敦南,2024-12-09,8888
2883,凱基金,480,377,103,國泰-敦南,2024-12-09,8888
2495,普安,208,104,104,國泰-敦南,2024-12-09,8888
6558,興能高,450,347,103,國泰-敦南,2024-12-09,8888
6695,芯鼎,671,570,101,國泰-敦南,2024-12-09,8888
1402,遠東新,146,47,99,國泰-敦南,2024-12-09,8888
2409,友達,147,49,98,國泰-敦南,2024-12-09,8888
00924,復華S＆P500成長,127,29,98,國泰-敦南,2024-12-09,8888
00753L,中信中國50正2,711,617,94,國泰-敦南,2024-12-09,8888
6770,力積電,182,91,91,國泰-敦南,2024-12-09,8888
1304,台聚,114,23,91,國泰-敦南,2024-12-09,8888
3481,群創,208,119,89,國泰-敦南,2024-12-09,8888
00918,大華優利高填息30,3117,223,2894,國泰-敦南,2024-12-10,8888
0056,元大高股息,2023,341,1682,國泰-敦南,2024-12-10,8888
00919,群益台灣精選高息,2748,1332,1416,國泰-敦南,2024-12-10,8888
2317,鴻海,1468,547,921,國泰-敦南,2024-12-10,8888
00887,永豐中國科技50大,1818,1017,801,國泰-敦南,2024-12-10,8888
00878,國泰永續高股息,1862,1070,792,國泰-敦南,2024-12-10,8888
00915,凱基優選高股息30,907,147,760,國泰-敦南,2024-12-10,8888
3706,神達,6147,5463,684,國泰-敦南,2024-12-10,8888
2618,長榮航,1473,814,659,國泰-敦南,2024-12-10,8888
00945B,凱基美國非投等債,672,61,611,國泰-敦南,2024-12-10,8888
00687B,國泰20年美債,1288,688,600,國泰-敦南,2024-12-10,8888
00948B,中信優息投資級債,1183,596,587,國泰-敦南,2024-12-10,8888
00909,國泰數位支付服務,615,28,587,國泰-敦南,2024-12-10,8888
2609,陽明,2625,2046,579,國泰-敦南,2024-12-10,8888
1449,佳和,1044,498,546,國泰-敦南,2024-12-10,8888
00713,元大台灣高息低波,638,133,505,國泰-敦南,2024-12-10,8888
00926,凱基全球菁英55,286,8,278,國泰-敦南,2024-12-10,8888
00937B,群益ESG投等債20,1071,810,261,國泰-敦南,2024-12-10,8888
00924,復華S＆P500成長,278,26,252,國泰-敦南,2024-12-10,8888
1815,富喬,1908,1659,249,國泰-敦南,2024-12-10,8888
00953B,群益優選非投等債,1459,1216,243,國泰-敦南,2024-12-10,8888
00968B,元大優息投等債,237,2,235,國泰-敦南,2024-12-10,8888
00751B,元大AAA至A公司債,256,35,221,國泰-敦南,2024-12-10,8888
00922,國泰台灣領袖50,358,154,204,國泰-敦南,2024-12-10,8888
4991,環宇-KY,330,137,193,國泰-敦南,2024-12-10,8888
2449,京元電子,490,297,193,國泰-敦南,2024-12-10,8888
2002,中鋼,268,79,189,國泰-敦南,2024-12-10,8888
00753L,中信中國50正2,2994,2811,183,國泰-敦南,2024-12-10,8888
2356,英業達,324,149,175,國泰-敦南,2024-12-10,8888
2363,矽統,1435,1264,171,國泰-敦南,2024-12-10,8888
00664R,國泰臺灣加權反1,371,210,161,國泰-敦南,2024-12-10,8888
00662,富邦NASDAQ,157,1,156,國泰-敦南,2024-12-10,8888
006208,富邦台50,355,200,155,國泰-敦南,2024-12-10,8888
2603,長榮,326,176,150,國泰-敦南,2024-12-10,8888
5202,力新,589,450,139,國泰-敦南,2024-12-10,8888
2303,聯電,347,210,137,國泰-敦南,2024-12-10,8888
00633L,富邦上証正2,261,127,134,國泰-敦南,2024-12-10,8888
00676R,富邦臺灣加權反1,148,16,132,國泰-敦南,2024-12-10,8888
2353,宏��,332,201,131,國泰-敦南,2024-12-10,8888
00905,FT臺灣Smart,195,66,129,國泰-敦南,2024-12-10,8888
00962,台新AI優息動能,128,7,121,國泰-敦南,2024-12-10,8888
00881,國泰台灣5G+,622,503,119,國泰-敦南,2024-12-10,8888
2382,廣達,233,114,119,國泰-敦南,2024-12-10,8888
2301,光寶科,142,24,118,國泰-敦南,2024-12-10,8888
1303,南亞,154,38,116,國泰-敦南,2024-12-10,8888
2354,鴻準,1232,1120,112,國泰-敦南,2024-12-10,8888
1101,台泥,140,31,109,國泰-敦南,2024-12-10,8888
00715L,期街口布蘭特正2,444,339,105,國泰-敦南,2024-12-10,8888
2888,新光金,354,249,105,國泰-敦南,2024-12-10,8888
0061,元大寶滬深,110,7,103,國泰-敦南,2024-12-10,8888
00919,群益台灣精選高息,4153,762,3391,國泰-敦南,2024-12-11,8888
00918,大華優利高填息30,3765,385,3380,國泰-敦南,2024-12-11,8888
00878,國泰永續高股息,2452,921,1531,國泰-敦南,2024-12-11,8888
2344,華邦電,1867,470,1397,國泰-敦南,2024-12-11,8888
0056,元大高股息,1665,451,1214,國泰-敦南,2024-12-11,8888
00915,凱基優選高股息30,1219,98,1121,國泰-敦南,2024-12-11,8888
2317,鴻海,1652,735,917,國泰-敦南,2024-12-11,8888
00673R,期元大S＆P原油反1,705,5,700,國泰-敦南,2024-12-11,8888
00687B,國泰20年美債,1220,544,676,國泰-敦南,2024-12-11,8888
6770,力積電,677,167,510,國泰-敦南,2024-12-11,8888
2303,聯電,644,187,457,國泰-敦南,2024-12-11,8888
006208,富邦台50,565,141,424,國泰-敦南,2024-12-11,8888
00922,國泰台灣領袖50,491,90,401,國泰-敦南,2024-12-11,8888
00948B,中信優息投資級債,750,365,385,國泰-敦南,2024-12-11,8888
00713,元大台灣高息低波,500,159,341,國泰-敦南,2024-12-11,8888
2002,中鋼,438,161,277,國泰-敦南,2024-12-11,8888
00676R,富邦臺灣加權反1,295,26,269,國泰-敦南,2024-12-11,8888
2887,台新金,425,159,266,國泰-敦南,2024-12-11,8888
2382,廣達,499,244,255,國泰-敦南,2024-12-11,8888
2609,陽明,1651,1433,218,國泰-敦南,2024-12-11,8888
3231,緯創,389,177,212,國泰-敦南,2024-12-11,8888
00900,富邦特選高股息30,269,71,198,國泰-敦南,2024-12-11,8888
1455,集盛,192,1,191,國泰-敦南,2024-12-11,8888
00909,國泰數位支付服務,272,83,189,國泰-敦南,2024-12-11,8888
00830,國泰費城半導體,201,31,170,國泰-敦南,2024-12-11,8888
3234,光環,244,84,160,國泰-敦南,2024-12-11,8888
2337,旺宏,240,82,158,國泰-敦南,2024-12-11,8888
2330,台積電,215,59,156,國泰-敦南,2024-12-11,8888
00637L,元大滬深300正2,1142,992,150,國泰-敦南,2024-12-11,8888
1326,台化,200,51,149,國泰-敦南,2024-12-11,8888
2886,兆豐金,180,42,138,國泰-敦南,2024-12-11,8888
1301,台塑,190,54,136,國泰-敦南,2024-12-11,8888
6443,元晶,173,44,129,國泰-敦南,2024-12-11,8888
2201,裕隆,169,48,121,國泰-敦南,2024-12-11,8888
6695,芯鼎,759,642,117,國泰-敦南,2024-12-11,8888
00795B,中信美國公債20年,175,59,116,國泰-敦南,2024-12-11,8888
00907,永豐優息存股,157,44,113,國泰-敦南,2024-12-11,8888
00926,凱基全球菁英55,115,3,112,國泰-敦南,2024-12-11,8888
00905,FT臺灣Smart,184,80,104,國泰-敦南,2024-12-11,8888
1447,力鵬,137,35,102,國泰-敦南,2024-12-11,8888
2618,長榮航,664,567,97,國泰-敦南,2024-12-11,8888
1303,南亞,155,60,95,國泰-敦南,2024-12-11,8888
4931,新盛力,732,638,94,國泰-敦南,2024-12-11,8888
00911,兆豐洲際半導體,93,1,92,國泰-敦南,2024-12-11,8888
00632R,元大台灣50反1,363,273,90,國泰-敦南,2024-12-11,8888
5880,合庫金,125,38,87,國泰-敦南,2024-12-11,8888
1314,中石化,203,116,87,國泰-敦南,2024-12-11,8888
00633L,富邦上証正2,141,53,88,國泰-敦南,2024-12-11,8888
0050,元大台灣50,173,88,85,國泰-敦南,2024-12-11,8888
1605,華新,179,95,84,國泰-敦南,2024-12-11,8888
00687B,國泰20年美債,3128,392,2736,國泰-敦南,2024-12-12,8888
00953B,群益優選非投等債,2351,96,2255,國泰-敦南,2024-12-12,8888
00918,大華優利高填息30,2123,116,2007,國泰-敦南,2024-12-12,8888
00937B,群益ESG投等債20,1820,481,1339,國泰-敦南,2024-12-12,8888
00948B,中信優息投資級債,1231,227,1004,國泰-敦南,2024-12-12,8888
00679B,元大美債20年,1215,278,937,國泰-敦南,2024-12-12,8888
00919,群益台灣精選高息,1588,832,756,國泰-敦南,2024-12-12,8888
3029,零壹,2442,1710,732,國泰-敦南,2024-12-12,8888
2303,聯電,1230,501,729,國泰-敦南,2024-12-12,8888
00673R,期元大S＆P原油反1,720,18,702,國泰-敦南,2024-12-12,8888
00915,凱基優選高股息30,877,184,693,國泰-敦南,2024-12-12,8888
2317,鴻海,1178,568,610,國泰-敦南,2024-12-12,8888
2312,金寶,1676,1133,543,國泰-敦南,2024-12-12,8888
00680L,元大美債20正2,953,432,521,國泰-敦南,2024-12-12,8888
00795B,中信美國公債20年,578,72,506,國泰-敦南,2024-12-12,8888
00688L,國泰20年美債正2,763,325,438,國泰-敦南,2024-12-12,8888
1301,台塑,552,131,421,國泰-敦南,2024-12-12,8888
1303,南亞,471,80,391,國泰-敦南,2024-12-12,8888
00926,凱基全球菁英55,404,16,388,國泰-敦南,2024-12-12,8888
00713,元大台灣高息低波,442,70,372,國泰-敦南,2024-12-12,8888
00725B,國泰投資級公司債,434,81,353,國泰-敦南,2024-12-12,8888
00751B,元大AAA至A公司債,394,64,330,國泰-敦南,2024-12-12,8888
00945B,凱基美國非投等債,335,23,312,國泰-敦南,2024-12-12,8888
2609,陽明,1124,825,299,國泰-敦南,2024-12-12,8888
2354,鴻準,1503,1210,293,國泰-敦南,2024-12-12,8888
2002,中鋼,496,217,279,國泰-敦南,2024-12-12,8888
00878,國泰永續高股息,1229,1002,227,國泰-敦南,2024-12-12,8888
1802,台玻,317,99,218,國泰-敦南,2024-12-12,8888
2344,華邦電,445,246,199,國泰-敦南,2024-12-12,8888
2328,廣宇,457,268,189,國泰-敦南,2024-12-12,8888
2890,永豐金,224,36,188,國泰-敦南,2024-12-12,8888
00931B,統一美債20年,260,74,186,國泰-敦南,2024-12-12,8888
00933B,國泰10Y+金融債,325,147,178,國泰-敦南,2024-12-12,8888
00950B,凱基A級公司債,178,3,175,國泰-敦南,2024-12-12,8888
00857B,永豐20年美公債,207,41,166,國泰-敦南,2024-12-12,8888
3231,緯創,349,185,164,國泰-敦南,2024-12-12,8888
00959B,大華投等美債15Y+,201,39,162,國泰-敦南,2024-12-12,8888
00960,野村全球航運龍頭,194,35,159,國泰-敦南,2024-12-12,8888
8111,立��,427,272,155,國泰-敦南,2024-12-12,8888
00638R,元大滬深300反1,153,0,153,國泰-敦南,2024-12-12,8888
1326,台化,207,75,132,國泰-敦南,2024-12-12,8888
2615,萬海,516,384,132,國泰-敦南,2024-12-12,8888
2515,中工,204,83,121,國泰-敦南,2024-12-12,8888
00968B,元大優息投等債,123,3,120,國泰-敦南,2024-12-12,8888
2337,旺宏,210,91,119,國泰-敦南,2024-12-12,8888
6770,力積電,379,260,119,國泰-敦南,2024-12-12,8888
2342,茂矽,227,111,116,國泰-敦南,2024-12-12,8888
2382,廣達,347,233,114,國泰-敦南,2024-12-12,8888
3013,晟銘電,809,696,113,國泰-敦南,2024-12-12,8888
4977,眾達-KY,682,575,107,國泰-敦南,2024-12-12,8888
00918,大華優利高填息30,3106,166,2940,國泰-敦南,2024-12-13,8888
00919,群益台灣精選高息,3809,892,2917,國泰-敦南,2024-12-13,8888
00687B,國泰20年美債,2425,453,1972,國泰-敦南,2024-12-13,8888
0056,元大高股息,2285,346,1939,國泰-敦南,2024-12-13,8888
00937B,群益ESG投等債20,3881,2028,1853,國泰-敦南,2024-12-13,8888
2344,華邦電,2174,362,1812,國泰-敦南,2024-12-13,8888
00915,凱基優選高股息30,1665,155,1510,國泰-敦南,2024-12-13,8888
00712,復華富時不動產,1416,266,1150,國泰-敦南,2024-12-13,8888
00948B,中信優息投資級債,1292,226,1066,國泰-敦南,2024-12-13,8888
00878,國泰永續高股息,2069,1101,968,國泰-敦南,2024-12-13,8888
2317,鴻海,1299,463,836,國泰-敦南,2024-12-13,8888
00713,元大台灣高息低波,714,44,670,國泰-敦南,2024-12-13,8888
00665L,富邦�琤肭磪囓�2,910,257,653,國泰-敦南,2024-12-13,8888
2303,聯電,1662,1045,617,國泰-敦南,2024-12-13,8888
00637L,元大滬深300正2,1075,487,588,國泰-敦南,2024-12-13,8888
00680L,元大美債20正2,823,297,526,國泰-敦南,2024-12-13,8888
3706,神達,3332,2876,456,國泰-敦南,2024-12-13,8888
00753L,中信中國50正2,1211,804,407,國泰-敦南,2024-12-13,8888
3037,欣興,477,144,333,國泰-敦南,2024-12-13,8888
2883,凱基金,483,158,325,國泰-敦南,2024-12-13,8888
2002,中鋼,481,174,307,國泰-敦南,2024-12-13,8888
2353,宏��,414,112,302,國泰-敦南,2024-12-13,8888
3231,緯創,452,166,286,國泰-敦南,2024-12-13,8888
00706L,期元大S＆P日圓正2,872,587,285,國泰-敦南,2024-12-13,8888
00725B,國泰投資級公司債,260,26,234,國泰-敦南,2024-12-13,8888
1314,中石化,466,233,233,國泰-敦南,2024-12-13,8888
2515,中工,350,128,222,國泰-敦南,2024-12-13,8888
9939,宏全,214,3,211,國泰-敦南,2024-12-13,8888
2887,台新金,298,103,195,國泰-敦南,2024-12-13,8888
00945B,凱基美國非投等債,238,49,189,國泰-敦南,2024-12-13,8888
00882,中信中國高股息,543,360,183,國泰-敦南,2024-12-13,8888
2313,華通,965,785,180,國泰-敦南,2024-12-13,8888
00932,兆豐永續高息等權,215,37,178,國泰-敦南,2024-12-13,8888
00751B,元大AAA至A公司債,253,88,165,國泰-敦南,2024-12-13,8888
00926,凱基全球菁英55,184,28,156,國泰-敦南,2024-12-13,8888
2371,大同,312,157,155,國泰-敦南,2024-12-13,8888
6116,彩晶,234,80,154,國泰-敦南,2024-12-13,8888
00650L,復華香港正2,547,397,150,國泰-敦南,2024-12-13,8888
00933B,國泰10Y+金融債,1290,1143,147,國泰-敦南,2024-12-13,8888
00959B,大華投等美債15Y+,292,146,146,國泰-敦南,2024-12-13,8888
2342,茂矽,145,2,143,國泰-敦南,2024-12-13,8888
2356,英業達,295,153,142,國泰-敦南,2024-12-13,8888
5278,尚凡*,181,40,141,國泰-敦南,2024-12-13,8888
00900,富邦特選高股息30,175,36,139,國泰-敦南,2024-12-13,8888
1710,東聯,144,5,139,國泰-敦南,2024-12-13,8888
5880,合庫金,147,11,136,國泰-敦南,2024-12-13,8888
1316,上曜,247,111,136,國泰-敦南,2024-12-13,8888
00924,復華S＆P500成長,155,22,133,國泰-敦南,2024-12-13,8888
00673R,期元大S＆P原油反1,167,36,131,國泰-敦南,2024-12-13,8888
00679B,元大美債20年,860,738,122,國泰-敦南,2024-12-13,8888
00918,大華優利高填息30,4761,333,4428,國泰-敦南,2024-12-16,8888
00919,群益台灣精選高息,4534,1252,3282,國泰-敦南,2024-12-16,8888
00937B,群益ESG投等債20,3251,659,2592,國泰-敦南,2024-12-16,8888
0056,元大高股息,2966,526,2440,國泰-敦南,2024-12-16,8888
00687B,國泰20年美債,2838,447,2391,國泰-敦南,2024-12-16,8888
00688L,國泰20年美債正2,2212,600,1612,國泰-敦南,2024-12-16,8888
00948B,中信優息投資級債,2135,653,1482,國泰-敦南,2024-12-16,8888
00680L,元大美債20正2,1726,428,1298,國泰-敦南,2024-12-16,8888
2317,鴻海,1783,659,1124,國泰-敦南,2024-12-16,8888
00915,凱基優選高股息30,1375,388,987,國泰-敦南,2024-12-16,8888
00878,國泰永續高股息,2521,1584,937,國泰-敦南,2024-12-16,8888
00673R,期元大S＆P原油反1,942,14,928,國泰-敦南,2024-12-16,8888
00679B,元大美債20年,1185,521,664,國泰-敦南,2024-12-16,8888
2609,陽明,1874,1316,558,國泰-敦南,2024-12-16,8888
2002,中鋼,665,180,485,國泰-敦南,2024-12-16,8888
3231,緯創,811,328,483,國泰-敦南,2024-12-16,8888
9105,泰金寶-DR,2750,2268,482,國泰-敦南,2024-12-16,8888
00946,群益科技高息成長,676,196,480,國泰-敦南,2024-12-16,8888
00751B,元大AAA至A公司債,477,26,451,國泰-敦南,2024-12-16,8888
2344,華邦電,780,355,425,國泰-敦南,2024-12-16,8888
00713,元大台灣高息低波,747,323,424,國泰-敦南,2024-12-16,8888
2382,廣達,835,436,399,國泰-敦南,2024-12-16,8888
00933B,國泰10Y+金融債,502,131,371,國泰-敦南,2024-12-16,8888
00926,凱基全球菁英55,669,371,298,國泰-敦南,2024-12-16,8888
00959B,大華投等美債15Y+,332,39,293,國泰-敦南,2024-12-16,8888
2486,一詮,409,147,262,國泰-敦南,2024-12-16,8888
2449,京元電子,491,244,247,國泰-敦南,2024-12-16,8888
1304,台聚,253,20,233,國泰-敦南,2024-12-16,8888
00922,國泰台灣領袖50,384,162,222,國泰-敦南,2024-12-16,8888
00930,永豐ESG低碳高息,267,45,222,國泰-敦南,2024-12-16,8888
2354,鴻準,698,491,207,國泰-敦南,2024-12-16,8888
00725B,國泰投資級公司債,312,106,206,國泰-敦南,2024-12-16,8888
3037,欣興,354,149,205,國泰-敦南,2024-12-16,8888
00664R,國泰臺灣加權反1,318,116,202,國泰-敦南,2024-12-16,8888
3450,聯鈞,1431,1238,193,國泰-敦南,2024-12-16,8888
00795B,中信美國公債20年,281,89,192,國泰-敦南,2024-12-16,8888
00900,富邦特選高股息30,266,80,186,國泰-敦南,2024-12-16,8888
00683L,期元大美元指正2,174,0,174,國泰-敦南,2024-12-16,8888
4540,全球傳動,2059,1892,167,國泰-敦南,2024-12-16,8888
2615,萬海,475,311,164,國泰-敦南,2024-12-16,8888
3017,奇鋐,280,130,150,國泰-敦南,2024-12-16,8888
2890,永豐金,168,29,139,國泰-敦南,2024-12-16,8888
00950B,凱基A級公司債,184,50,134,國泰-敦南,2024-12-16,8888
6558,興能高,643,515,128,國泰-敦南,2024-12-16,8888
2603,長榮,288,162,126,國泰-敦南,2024-12-16,8888
1313,聯成,166,41,125,國泰-敦南,2024-12-16,8888
00719B,元大美債1-3,126,3,123,國泰-敦南,2024-12-16,8888
00907,永豐優息存股,145,22,123,國泰-敦南,2024-12-16,8888
6443,元晶,156,35,121,國泰-敦南,2024-12-16,8888
00733,富邦臺灣中小,184,67,117,國泰-敦南,2024-12-16,8888
00937B,群益ESG投等債20,5594,647,4947,國泰-敦南,2024-12-17,8888
00918,大華優利高填息30,3473,397,3076,國泰-敦南,2024-12-17,8888
00915,凱基優選高股息30,3379,691,2688,國泰-敦南,2024-12-17,8888
00713,元大台灣高息低波,2412,211,2201,國泰-敦南,2024-12-17,8888
00948B,中信優息投資級債,2102,49,2053,國泰-敦南,2024-12-17,8888
0056,元大高股息,2281,340,1941,國泰-敦南,2024-12-17,8888
00687B,國泰20年美債,2194,441,1753,國泰-敦南,2024-12-17,8888
00680L,元大美債20正2,1503,170,1333,國泰-敦南,2024-12-17,8888
00679B,元大美債20年,1367,312,1055,國泰-敦南,2024-12-17,8888
3481,群創,712,79,633,國泰-敦南,2024-12-17,8888
00953B,群益優選非投等債,906,297,609,國泰-敦南,2024-12-17,8888
00688L,國泰20年美債正2,956,352,604,國泰-敦南,2024-12-17,8888
2317,鴻海,1085,560,525,國泰-敦南,2024-12-17,8888
2834,臺企銀,564,42,522,國泰-敦南,2024-12-17,8888
2883,凱基金,772,270,502,國泰-敦南,2024-12-17,8888
00706L,期元大S＆P日圓正2,489,6,483,國泰-敦南,2024-12-17,8888
00933B,國泰10Y+金融債,594,144,450,國泰-敦南,2024-12-17,8888
1304,台聚,524,88,436,國泰-敦南,2024-12-17,8888
00665L,富邦�琤肭磪囓�2,1140,721,419,國泰-敦南,2024-12-17,8888
00878,國泰永續高股息,1434,1019,415,國泰-敦南,2024-12-17,8888
5880,合庫金,439,29,410,國泰-敦南,2024-12-17,8888
2409,友達,469,85,384,國泰-敦南,2024-12-17,8888
00950B,凱基A級公司債,389,9,380,國泰-敦南,2024-12-17,8888
00795B,中信美國公債20年,382,10,372,國泰-敦南,2024-12-17,8888
1314,中石化,447,91,356,國泰-敦南,2024-12-17,8888
2002,中鋼,371,58,313,國泰-敦南,2024-12-17,8888
00959B,大華投等美債15Y+,289,14,275,國泰-敦南,2024-12-17,8888
00751B,元大AAA至A公司債,278,12,266,國泰-敦南,2024-12-17,8888
1402,遠東新,272,15,257,國泰-敦南,2024-12-17,8888
00725B,國泰投資級公司債,329,78,251,國泰-敦南,2024-12-17,8888
2449,京元電子,511,271,240,國泰-敦南,2024-12-17,8888
00757,統一FANG+,279,50,229,國泰-敦南,2024-12-17,8888
2374,佳能,3366,3137,229,國泰-敦南,2024-12-17,8888
00662,富邦NASDAQ,224,8,216,國泰-敦南,2024-12-17,8888
00945B,凱基美國非投等債,246,36,210,國泰-敦南,2024-12-17,8888
00632R,元大台灣50反1,243,49,194,國泰-敦南,2024-12-17,8888
2882,國泰金,227,39,188,國泰-敦南,2024-12-17,8888
00910,第一金太空衛星,205,17,188,國泰-敦南,2024-12-17,8888
2382,廣達,441,259,182,國泰-敦南,2024-12-17,8888
00924,復華S＆P500成長,198,19,179,國泰-敦南,2024-12-17,8888
8111,立��,524,349,175,國泰-敦南,2024-12-17,8888
00951,台新日本半導體,173,14,159,國泰-敦南,2024-12-17,8888
2303,聯電,1436,1278,158,國泰-敦南,2024-12-17,8888
3706,神達,2183,2026,157,國泰-敦南,2024-12-17,8888
2886,兆豐金,176,22,154,國泰-敦南,2024-12-17,8888
2890,永豐金,190,46,144,國泰-敦南,2024-12-17,8888
8249,菱光,714,598,116,國泰-敦南,2024-12-17,8888
00926,凱基全球菁英55,195,81,114,國泰-敦南,2024-12-17,8888
2929,淘帝-KY,128,16,112,國泰-敦南,2024-12-17,8888
00673R,期元大S＆P原油反1,197,91,106,國泰-敦南,2024-12-17,8888
00918,大華優利高填息30,4368,368,4000,國泰-敦南,2024-12-18,8888
00937B,群益ESG投等債20,3266,281,2985,國泰-敦南,2024-12-18,8888
00953B,群益優選非投等債,1464,127,1337,國泰-敦南,2024-12-18,8888
00712,復華富時不動產,2179,1481,698,國泰-敦南,2024-12-18,8888
00915,凱基優選高股息30,759,160,599,國泰-敦南,2024-12-18,8888
00713,元大台灣高息低波,687,172,515,國泰-敦南,2024-12-18,8888
00926,凱基全球菁英55,498,11,487,國泰-敦南,2024-12-18,8888
00687B,國泰20年美債,862,413,449,國泰-敦南,2024-12-18,8888
9105,泰金寶-DR,4855,4420,435,國泰-敦南,2024-12-18,8888
00933B,國泰10Y+金融債,445,65,380,國泰-敦南,2024-12-18,8888
00882,中信中國高股息,413,74,339,國泰-敦南,2024-12-18,8888
2892,第一金,289,3,286,國泰-敦南,2024-12-18,8888
00679B,元大美債20年,488,217,271,國泰-敦南,2024-12-18,8888
00688L,國泰20年美債正2,466,229,237,國泰-敦南,2024-12-18,8888
00757,統一FANG+,228,22,206,國泰-敦南,2024-12-18,8888
3231,緯創,372,169,203,國泰-敦南,2024-12-18,8888
00706L,期元大S＆P日圓正2,263,67,196,國泰-敦南,2024-12-18,8888
2884,玉山金,228,33,195,國泰-敦南,2024-12-18,8888
2317,鴻海,598,403,195,國泰-敦南,2024-12-18,8888
00959B,大華投等美債15Y+,230,37,193,國泰-敦南,2024-12-18,8888
2408,南亞科,535,350,185,國泰-敦南,2024-12-18,8888
2312,金寶,661,480,181,國泰-敦南,2024-12-18,8888
2886,兆豐金,205,27,178,國泰-敦南,2024-12-18,8888
00673R,期元大S＆P原油反1,289,121,168,國泰-敦南,2024-12-18,8888
00887,永豐中國科技50大,243,83,160,國泰-敦南,2024-12-18,8888
4540,全球傳動,2038,1884,154,國泰-敦南,2024-12-18,8888
00909,國泰數位支付服務,231,79,152,國泰-敦南,2024-12-18,8888
2359,所羅門,1127,981,146,國泰-敦南,2024-12-18,8888
00950B,凱基A級公司債,166,19,147,國泰-敦南,2024-12-18,8888
5371,中光電,384,244,140,國泰-敦南,2024-12-18,8888
2002,中鋼,246,108,138,國泰-敦南,2024-12-18,8888
1314,中石化,358,225,133,國泰-敦南,2024-12-18,8888
00948B,中信優息投資級債,360,230,130,國泰-敦南,2024-12-18,8888
2801,彰銀,129,9,120,國泰-敦南,2024-12-18,8888
00917,中信特選金融,119,1,118,國泰-敦南,2024-12-18,8888
00945B,凱基美國非投等債,198,81,117,國泰-敦南,2024-12-18,8888
2354,鴻準,428,313,115,國泰-敦南,2024-12-18,8888
00715L,期街口布蘭特正2,174,62,112,國泰-敦南,2024-12-18,8888
5880,合庫金,134,25,109,國泰-敦南,2024-12-18,8888
00719B,元大美債1-3,118,8,110,國泰-敦南,2024-12-18,8888
3211,順達,755,658,97,國泰-敦南,2024-12-18,8888
00725B,國泰投資級公司債,138,41,97,國泰-敦南,2024-12-18,8888
00942B,台新美A公司債20+,149,52,97,國泰-敦南,2024-12-18,8888
2812,台中銀,112,17,95,國泰-敦南,2024-12-18,8888
00830,國泰費城半導體,136,42,94,國泰-敦南,2024-12-18,8888
6116,彩晶,120,28,92,國泰-敦南,2024-12-18,8888
1303,南亞,156,67,89,國泰-敦南,2024-12-18,8888
8249,菱光,1298,1212,86,國泰-敦南,2024-12-18,8888
1605,華新,181,95,86,國泰-敦南,2024-12-18,8888
00662,富邦NASDAQ,95,10,85,國泰-敦南,2024-12-18,8888
00918,大華優利高填息30,4766,541,4225,國泰-敦南,2024-12-19,8888
00937B,群益ESG投等債20,5282,1631,3651,國泰-敦南,2024-12-19,8888
00878,國泰永續高股息,4052,806,3246,國泰-敦南,2024-12-19,8888
00712,復華富時不動產,3080,428,2652,國泰-敦南,2024-12-19,8888
00687B,國泰20年美債,3455,835,2620,國泰-敦南,2024-12-19,8888
00680L,元大美債20正2,2599,1014,1585,國泰-敦南,2024-12-19,8888
0056,元大高股息,1592,376,1216,國泰-敦南,2024-12-19,8888
00688L,國泰20年美債正2,1847,695,1152,國泰-敦南,2024-12-19,8888
00948B,中信優息投資級債,1474,376,1098,國泰-敦南,2024-12-19,8888
2883,凱基金,1156,192,964,國泰-敦南,2024-12-19,8888
00915,凱基優選高股息30,1253,326,927,國泰-敦南,2024-12-19,8888
00679B,元大美債20年,2278,1363,915,國泰-敦南,2024-12-19,8888
2317,鴻海,1242,352,890,國泰-敦南,2024-12-19,8888
006208,富邦台50,1072,221,851,國泰-敦南,2024-12-19,8888
00933B,國泰10Y+金融債,1095,306,789,國泰-敦南,2024-12-19,8888
00950B,凱基A級公司債,778,69,709,國泰-敦南,2024-12-19,8888
00795B,中信美國公債20年,784,126,658,國泰-敦南,2024-12-19,8888
00922,國泰台灣領袖50,790,144,646,國泰-敦南,2024-12-19,8888
5880,合庫金,605,20,585,國泰-敦南,2024-12-19,8888
2887,台新金,602,90,512,國泰-敦南,2024-12-19,8888
00959B,大華投等美債15Y+,596,107,489,國泰-敦南,2024-12-19,8888
00909,國泰數位支付服務,539,114,425,國泰-敦南,2024-12-19,8888
2002,中鋼,559,135,424,國泰-敦南,2024-12-19,8888
00830,國泰費城半導體,491,77,414,國泰-敦南,2024-12-19,8888
2884,玉山金,462,50,412,國泰-敦南,2024-12-19,8888
00924,復華S＆P500成長,429,43,386,國泰-敦南,2024-12-19,8888
00953B,群益優選非投等債,1809,1430,379,國泰-敦南,2024-12-19,8888
00671R,富邦NASDAQ反1,495,124,371,國泰-敦南,2024-12-19,8888
00713,元大台灣高息低波,857,516,341,國泰-敦南,2024-12-19,8888
2303,聯電,954,616,338,國泰-敦南,2024-12-19,8888
00720B,元大投資級公司債,408,76,332,國泰-敦南,2024-12-19,8888
3481,群創,503,193,310,國泰-敦南,2024-12-19,8888
0050,元大台灣50,380,71,309,國泰-敦南,2024-12-19,8888
00926,凱基全球菁英55,301,13,288,國泰-敦南,2024-12-19,8888
00941,中信上游半導體,369,100,269,國泰-敦南,2024-12-19,8888
00945B,凱基美國非投等債,391,129,262,國泰-敦南,2024-12-19,8888
00725B,國泰投資級公司債,338,80,258,國泰-敦南,2024-12-19,8888
6116,彩晶,271,18,253,國泰-敦南,2024-12-19,8888
2882,國泰金,336,88,248,國泰-敦南,2024-12-19,8888
00670L,富邦NASDAQ正2,244,5,239,國泰-敦南,2024-12-19,8888
2845,遠東銀,243,15,228,國泰-敦南,2024-12-19,8888
00857B,永豐20年美公債,328,104,224,國泰-敦南,2024-12-19,8888
2409,友達,279,59,220,國泰-敦南,2024-12-19,8888
2834,臺企銀,253,34,219,國泰-敦南,2024-12-19,8888
00751B,元大AAA至A公司債,455,243,212,國泰-敦南,2024-12-19,8888
00706L,期元大S＆P日圓正2,443,232,211,國泰-敦南,2024-12-19,8888
2881,富邦金,246,35,211,國泰-敦南,2024-12-19,8888
00905,FT臺灣Smart,330,121,209,國泰-敦南,2024-12-19,8888
2347,聯強,209,0,209,國泰-敦南,2024-12-19,8888
2801,彰銀,236,28,208,國泰-敦南,2024-12-19,8888
