Ticker,Name,buy,sell,diff,Branch,Date,Branch_Code
2880,華南金,3401,0,3401,群益金鼎,2023-01-03,9100
00715L,期街口布蘭特正2,2769,4,2765,群益金鼎,2023-01-03,9100
00632R,元大台灣50反1,1697,5,1692,群益金鼎,2023-01-03,9100
00665L,富邦�琤肭磪囓�2,5264,3874,1390,群益金鼎,2023-01-03,9100
3481,群創,1104,2,1102,群益金鼎,2023-01-03,9100
00642U,期元大S＆P石油,941,0,941,群益金鼎,2023-01-03,9100
2002,中鋼,527,10,517,群益金鼎,2023-01-03,9100
00882,中信中國高股息,506,0,506,群益金鼎,2023-01-03,9100
00706L,期元大S＆P日圓正2,490,12,478,群益金鼎,2023-01-03,9100
2882,國泰金,432,10,422,群益金鼎,2023-01-03,9100
6712,長聖,300,0,300,群益金鼎,2023-01-03,9100
1513,中興電,383,102,281,群益金鼎,2023-01-03,9100
8069,元太,255,26,229,群益金鼎,2023-01-03,9100
4162,智擎,209,7,202,群益金鼎,2023-01-03,9100
1319,東陽,229,29,200,群益金鼎,2023-01-03,9100
9907,統一實,200,0,200,群益金鼎,2023-01-03,9100
00643,群益深証中小,193,6,187,群益金鼎,2023-01-03,9100
00876,元大全球5G,207,31,176,群益金鼎,2023-01-03,9100
8436,大江,156,0,156,群益金鼎,2023-01-03,9100
00917,中信特選金融,253,111,142,群益金鼎,2023-01-03,9100
6143,振曜,155,14,141,群益金鼎,2023-01-03,9100
00830,國泰費城半導體,150,10,140,群益金鼎,2023-01-03,9100
8044,網家,138,0,138,群益金鼎,2023-01-03,9100
00650L,復華香港正2,772,654,118,群益金鼎,2023-01-03,9100
2618,長榮航,200,86,114,群益金鼎,2023-01-03,9100
3406,玉晶光,116,6,110,群益金鼎,2023-01-03,9100
2337,旺宏,111,1,110,群益金鼎,2023-01-03,9100
00633L,富邦上証正2,225,115,110,群益金鼎,2023-01-03,9100
00895,富邦未來車,233,129,104,群益金鼎,2023-01-03,9100
2308,台達電,103,1,102,群益金鼎,2023-01-03,9100
6782,視陽,100,0,100,群益金鼎,2023-01-03,9100
2731,雄獅,100,0,100,群益金鼎,2023-01-03,9100
00687B,國泰20年美債,100,0,100,群益金鼎,2023-01-03,9100
6741,91APP*-KY,106,7,99,群益金鼎,2023-01-03,9100
3443,創意,98,0,98,群益金鼎,2023-01-03,9100
00638R,元大滬深300反1,96,0,96,群益金鼎,2023-01-03,9100
00714,群益道瓊美國地產,108,15,93,群益金鼎,2023-01-03,9100
00683L,期元大美元指正2,101,10,91,群益金鼎,2023-01-03,9100
6531,愛普*,90,4,86,群益金鼎,2023-01-03,9100
2338,光罩,112,29,83,群益金鼎,2023-01-03,9100
3711,日月光投控,90,9,81,群益金鼎,2023-01-03,9100
6472,保瑞,145,65,80,群益金鼎,2023-01-03,9100
8454,富邦媒,83,4,79,群益金鼎,2023-01-03,9100
3545,敦泰,80,5,75,群益金鼎,2023-01-03,9100
4137,麗豐-KY,75,1,74,群益金鼎,2023-01-03,9100
2454,聯發科,89,15,74,群益金鼎,2023-01-03,9100
00861,元大全球未來通訊,73,0,73,群益金鼎,2023-01-03,9100
4171,瑞基,76,16,60,群益金鼎,2023-01-03,9100
1605,華新,126,68,58,群益金鼎,2023-01-03,9100
9105,泰金寶-DR,57,0,57,群益金鼎,2023-01-03,9100
00632R,元大台灣50反1,4192,5,4187,群益金鼎,2023-01-04,9100
00665L,富邦�琤肭磪囓�2,2674,5,2669,群益金鼎,2023-01-04,9100
00650L,復華香港正2,1564,55,1509,群益金鼎,2023-01-04,9100
00637L,元大滬深300正2,1506,0,1506,群益金鼎,2023-01-04,9100
0050,元大台灣50,1018,10,1008,群益金鼎,2023-01-04,9100
00882,中信中國高股息,943,0,943,群益金鼎,2023-01-04,9100
00673R,期元大S＆P原油反1,1065,244,821,群益金鼎,2023-01-04,9100
1909,榮成,794,0,794,群益金鼎,2023-01-04,9100
00664R,國泰臺灣加權反1,448,0,448,群益金鼎,2023-01-04,9100
2618,長榮航,513,81,432,群益金鼎,2023-01-04,9100
2002,中鋼,400,0,400,群益金鼎,2023-01-04,9100
00903,富邦元宇宙,361,50,311,群益金鼎,2023-01-04,9100
2882,國泰金,307,2,305,群益金鼎,2023-01-04,9100
00712,復華富時不動產,356,56,300,群益金鼎,2023-01-04,9100
00909,國泰數位支付服務,296,1,295,群益金鼎,2023-01-04,9100
00917,中信特選金融,604,354,250,群益金鼎,2023-01-04,9100
00655L,國泰中國A50正2,431,226,205,群益金鼎,2023-01-04,9100
8436,大江,184,7,177,群益金鼎,2023-01-04,9100
1605,華新,374,215,159,群益金鼎,2023-01-04,9100
2201,裕隆,172,23,149,群益金鼎,2023-01-04,9100
6233,旺玖,144,0,144,群益金鼎,2023-01-04,9100
2634,漢翔,180,36,144,群益金鼎,2023-01-04,9100
00852L,國泰美國道瓊正2,138,0,138,群益金鼎,2023-01-04,9100
8044,網家,154,17,137,群益金鼎,2023-01-04,9100
2338,光罩,173,38,135,群益金鼎,2023-01-04,9100
00892,富邦台灣半導體,130,0,130,群益金鼎,2023-01-04,9100
00753L,中信中國50正2,155,26,129,群益金鼎,2023-01-04,9100
5425,台半,129,4,125,群益金鼎,2023-01-04,9100
5876,上海商銀,125,1,124,群益金鼎,2023-01-04,9100
006207,復華滬深,116,0,116,群益金鼎,2023-01-04,9100
00881,國泰台灣5G+,115,0,115,群益金鼎,2023-01-04,9100
2301,光寶科,110,2,108,群益金鼎,2023-01-04,9100
1215,卜蜂,106,0,106,群益金鼎,2023-01-04,9100
00897,富邦基因免疫生技,100,0,100,群益金鼎,2023-01-04,9100
00683L,期元大美元指正2,91,0,91,群益金鼎,2023-01-04,9100
3037,欣興,116,26,90,群益金鼎,2023-01-04,9100
3272,東碩,89,0,89,群益金鼎,2023-01-04,9100
00636,國泰中國A50,90,7,83,群益金鼎,2023-01-04,9100
6806,森崴能源,120,42,78,群益金鼎,2023-01-04,9100
1815,富喬,86,12,74,群益金鼎,2023-01-04,9100
4162,智擎,107,38,69,群益金鼎,2023-01-04,9100
2014,中鴻,104,40,64,群益金鼎,2023-01-04,9100
00783,富邦中証500,62,0,62,群益金鼎,2023-01-04,9100
3708,上緯投控,142,80,62,群益金鼎,2023-01-04,9100
00635U,期元大S＆P黃金,60,0,60,群益金鼎,2023-01-04,9100
00722B,群益投資級電信債,57,0,57,群益金鼎,2023-01-04,9100
6443,元晶,80,24,56,群益金鼎,2023-01-04,9100
3004,豐達科,59,4,55,群益金鼎,2023-01-04,9100
6143,振曜,100,47,53,群益金鼎,2023-01-04,9100
2345,智邦,51,0,51,群益金鼎,2023-01-04,9100
00673R,期元大S＆P原油反1,11499,0,11499,群益金鼎,2023-01-05,9100
00632R,元大台灣50反1,9248,0,9248,群益金鼎,2023-01-05,9100
00637L,元大滬深300正2,7933,1340,6593,群益金鼎,2023-01-05,9100
00664R,國泰臺灣加權反1,2880,0,2880,群益金鼎,2023-01-05,9100
00665L,富邦�琤肭磪囓�2,2355,799,1556,群益金鼎,2023-01-05,9100
00633L,富邦上証正2,1672,125,1547,群益金鼎,2023-01-05,9100
00712,復華富時不動產,1216,0,1216,群益金鼎,2023-01-05,9100
00878,國泰永續高股息,1161,2,1159,群益金鼎,2023-01-05,9100
00650L,復華香港正2,1138,0,1138,群益金鼎,2023-01-05,9100
2344,華邦電,972,16,956,群益金鼎,2023-01-05,9100
00830,國泰費城半導體,855,53,802,群益金鼎,2023-01-05,9100
4915,致伸,661,7,654,群益金鼎,2023-01-05,9100
0050,元大台灣50,536,3,533,群益金鼎,2023-01-05,9100
3034,聯詠,466,21,445,群益金鼎,2023-01-05,9100
00917,中信特選金融,418,0,418,群益金鼎,2023-01-05,9100
00909,國泰數位支付服務,316,0,316,群益金鼎,2023-01-05,9100
00919,群益台灣精選高息,329,18,311,群益金鼎,2023-01-05,9100
00912,中信臺灣智慧50,257,0,257,群益金鼎,2023-01-05,9100
2618,長榮航,262,12,250,群益金鼎,2023-01-05,9100
00892,富邦台灣半導體,225,0,225,群益金鼎,2023-01-05,9100
1101,台泥,229,11,218,群益金鼎,2023-01-05,9100
00714,群益道瓊美國地產,243,27,216,群益金鼎,2023-01-05,9100
2204,中華,213,1,212,群益金鼎,2023-01-05,9100
2748,雲品,232,28,204,群益金鼎,2023-01-05,9100
6456,GIS-KY,187,0,187,群益金鼎,2023-01-05,9100
8171,天宇,205,28,177,群益金鼎,2023-01-05,9100
6770,力積電,167,0,167,群益金鼎,2023-01-05,9100
2882,國泰金,173,10,163,群益金鼎,2023-01-05,9100
00674R,期元大S＆P黃金反1,160,0,160,群益金鼎,2023-01-05,9100
00881,國泰台灣5G+,241,119,122,群益金鼎,2023-01-05,9100
00678,群益那斯達克生技,120,0,120,群益金鼎,2023-01-05,9100
2031,新光鋼,125,11,114,群益金鼎,2023-01-05,9100
00636,國泰中國A50,172,60,112,群益金鼎,2023-01-05,9100
006208,富邦台50,132,21,111,群益金鼎,2023-01-05,9100
00893,國泰智能電動車,184,81,103,群益金鼎,2023-01-05,9100
00687B,國泰20年美債,100,0,100,群益金鼎,2023-01-05,9100
00692,富邦公司治理,119,19,100,群益金鼎,2023-01-05,9100
00640L,富邦日本正2,103,4,99,群益金鼎,2023-01-05,9100
00907,永豐優息存股,109,11,98,群益金鼎,2023-01-05,9100
1215,卜蜂,94,0,94,群益金鼎,2023-01-05,9100
4968,立積,112,23,89,群益金鼎,2023-01-05,9100
00861,元大全球未來通訊,84,0,84,群益金鼎,2023-01-05,9100
4961,天鈺,87,4,83,群益金鼎,2023-01-05,9100
1513,中興電,107,28,79,群益金鼎,2023-01-05,9100
4137,麗豐-KY,84,9,75,群益金鼎,2023-01-05,9100
3260,威剛,72,1,71,群益金鼎,2023-01-05,9100
0056,元大高股息,116,45,71,群益金鼎,2023-01-05,9100
2723,美食-KY,76,6,70,群益金鼎,2023-01-05,9100
00733,富邦臺灣中小,68,1,67,群益金鼎,2023-01-05,9100
8358,金居,113,46,67,群益金鼎,2023-01-05,9100
00632R,元大台灣50反1,10433,804,9629,群益金鼎,2023-01-06,9100
00637L,元大滬深300正2,5657,170,5487,群益金鼎,2023-01-06,9100
00673R,期元大S＆P原油反1,2401,603,1798,群益金鼎,2023-01-06,9100
00669R,國泰美國道瓊反1,1720,0,1720,群益金鼎,2023-01-06,9100
2409,友達,1553,53,1500,群益金鼎,2023-01-06,9100
00664R,國泰臺灣加權反1,1068,0,1068,群益金鼎,2023-01-06,9100
2382,廣達,913,1,912,群益金鼎,2023-01-06,9100
00633L,富邦上証正2,979,108,871,群益金鼎,2023-01-06,9100
3545,敦泰,733,58,675,群益金鼎,2023-01-06,9100
00650L,復華香港正2,568,0,568,群益金鼎,2023-01-06,9100
00893,國泰智能電動車,757,252,505,群益金鼎,2023-01-06,9100
2303,聯電,556,52,504,群益金鼎,2023-01-06,9100
1101,台泥,507,23,484,群益金鼎,2023-01-06,9100
00631L,元大台灣50正2,342,0,342,群益金鼎,2023-01-06,9100
3481,群創,341,10,331,群益金鼎,2023-01-06,9100
1504,東元,314,0,314,群益金鼎,2023-01-06,9100
1326,台化,300,1,299,群益金鼎,2023-01-06,9100
2891,中信金,800,501,299,群益金鼎,2023-01-06,9100
1605,華新,551,276,275,群益金鼎,2023-01-06,9100
6770,力積電,271,34,237,群益金鼎,2023-01-06,9100
2204,中華,222,1,221,群益金鼎,2023-01-06,9100
1303,南亞,212,1,211,群益金鼎,2023-01-06,9100
00665L,富邦�琤肭磪囓�2,938,745,193,群益金鼎,2023-01-06,9100
00909,國泰數位支付服務,188,0,188,群益金鼎,2023-01-06,9100
3704,合勤控,248,68,180,群益金鼎,2023-01-06,9100
6274,台燿,181,16,165,群益金鼎,2023-01-06,9100
00881,國泰台灣5G+,215,50,165,群益金鼎,2023-01-06,9100
2603,長榮,161,11,150,群益金鼎,2023-01-06,9100
2301,光寶科,150,1,149,群益金鼎,2023-01-06,9100
2458,義隆,163,16,147,群益金鼎,2023-01-06,9100
2308,台達電,146,3,143,群益金鼎,2023-01-06,9100
2408,南亞科,133,2,131,群益金鼎,2023-01-06,9100
2330,台積電,116,2,114,群益金鼎,2023-01-06,9100
00635U,期元大S＆P黃金,97,0,97,群益金鼎,2023-01-06,9100
00683L,期元大美元指正2,94,0,94,群益金鼎,2023-01-06,9100
3406,玉晶光,98,8,90,群益金鼎,2023-01-06,9100
2748,雲品,92,5,87,群益金鼎,2023-01-06,9100
2345,智邦,119,34,85,群益金鼎,2023-01-06,9100
6719,力智,89,4,85,群益金鼎,2023-01-06,9100
6443,元晶,112,41,71,群益金鼎,2023-01-06,9100
3034,聯詠,94,25,69,群益金鼎,2023-01-06,9100
2385,群光,70,1,69,群益金鼎,2023-01-06,9100
2882,國泰金,127,59,68,群益金鼎,2023-01-06,9100
3374,精材,68,1,67,群益金鼎,2023-01-06,9100
1210,大成,66,1,65,群益金鼎,2023-01-06,9100
006207,復華滬深,71,10,61,群益金鼎,2023-01-06,9100
6245,立端,69,8,61,群益金鼎,2023-01-06,9100
2368,金像電,60,0,60,群益金鼎,2023-01-06,9100
3707,漢磊,91,32,59,群益金鼎,2023-01-06,9100
2014,中鴻,56,0,56,群益金鼎,2023-01-06,9100
00632R,元大台灣50反1,16991,65,16926,群益金鼎,2023-01-09,9100
00673R,期元大S＆P原油反1,6467,501,5966,群益金鼎,2023-01-09,9100
00878,國泰永續高股息,5684,4,5680,群益金鼎,2023-01-09,9100
00902,中信電池及儲能,2267,347,1920,群益金鼎,2023-01-09,9100
00830,國泰費城半導體,1860,451,1409,群益金鼎,2023-01-09,9100
2303,聯電,2058,1204,854,群益金鼎,2023-01-09,9100
00706L,期元大S＆P日圓正2,644,0,644,群益金鼎,2023-01-09,9100
00648R,元大S＆P500反1,812,193,619,群益金鼎,2023-01-09,9100
00861,元大全球未來通訊,574,0,574,群益金鼎,2023-01-09,9100
00917,中信特選金融,581,9,572,群益金鼎,2023-01-09,9100
00893,國泰智能電動車,738,202,536,群益金鼎,2023-01-09,9100
2201,裕隆,611,103,508,群益金鼎,2023-01-09,9100
00881,國泰台灣5G+,506,2,504,群益金鼎,2023-01-09,9100
00671R,富邦NASDAQ反1,499,0,499,群益金鼎,2023-01-09,9100
2882,國泰金,494,18,476,群益金鼎,2023-01-09,9100
00664R,國泰臺灣加權反1,450,14,436,群益金鼎,2023-01-09,9100
00895,富邦未來車,492,125,367,群益金鼎,2023-01-09,9100
00876,元大全球5G,311,0,311,群益金鼎,2023-01-09,9100
2301,光寶科,302,38,264,群益金鼎,2023-01-09,9100
3035,智原,262,41,221,群益金鼎,2023-01-09,9100
00920,富邦ESG綠色電力,253,37,216,群益金鼎,2023-01-09,9100
00903,富邦元宇宙,256,50,206,群益金鼎,2023-01-09,9100
00891,中信關鍵半導體,205,10,195,群益金鼎,2023-01-09,9100
3260,威剛,184,8,176,群益金鼎,2023-01-09,9100
00910,第一金太空衛星,228,56,172,群益金鼎,2023-01-09,9100
5483,中美晶,189,18,171,群益金鼎,2023-01-09,9100
6443,元晶,216,46,170,群益金鼎,2023-01-09,9100
00909,國泰數位支付服務,169,0,169,群益金鼎,2023-01-09,9100
00714,群益道瓊美國地產,156,0,156,群益金鼎,2023-01-09,9100
00888,永豐台灣ESG,258,107,151,群益金鼎,2023-01-09,9100
2344,華邦電,153,2,151,群益金鼎,2023-01-09,9100
6770,力積電,237,98,139,群益金鼎,2023-01-09,9100
2327,國巨,141,3,138,群益金鼎,2023-01-09,9100
2014,中鴻,158,21,137,群益金鼎,2023-01-09,9100
4919,新唐,138,5,133,群益金鼎,2023-01-09,9100
00919,群益台灣精選高息,257,127,130,群益金鼎,2023-01-09,9100
2204,中華,135,6,129,群益金鼎,2023-01-09,9100
6274,台燿,162,41,121,群益金鼎,2023-01-09,9100
2379,瑞昱,136,28,108,群益金鼎,2023-01-09,9100
2337,旺宏,108,1,107,群益金鼎,2023-01-09,9100
1305,華夏,90,0,90,群益金鼎,2023-01-09,9100
2606,裕民,101,12,89,群益金鼎,2023-01-09,9100
00635U,期元大S＆P黃金,77,0,77,群益金鼎,2023-01-09,9100
00852L,國泰美國道瓊正2,146,71,75,群益金鼎,2023-01-09,9100
6153,嘉聯益,78,3,75,群益金鼎,2023-01-09,9100
00708L,期元大S＆P黃金正2,72,1,71,群益金鼎,2023-01-09,9100
2408,南亞科,73,3,70,群益金鼎,2023-01-09,9100
2345,智邦,123,56,67,群益金鼎,2023-01-09,9100
2368,金像電,77,10,67,群益金鼎,2023-01-09,9100
2409,友達,68,1,67,群益金鼎,2023-01-09,9100
00673R,期元大S＆P原油反1,3008,0,3008,群益金鼎,2023-01-10,9100
00878,國泰永續高股息,2870,7,2863,群益金鼎,2023-01-10,9100
00669R,國泰美國道瓊反1,2504,0,2504,群益金鼎,2023-01-10,9100
00893,國泰智能電動車,2453,152,2301,群益金鼎,2023-01-10,9100
00830,國泰費城半導體,1853,297,1556,群益金鼎,2023-01-10,9100
1305,華夏,1412,35,1377,群益金鼎,2023-01-10,9100
2891,中信金,1050,2,1048,群益金鼎,2023-01-10,9100
00679B,元大美債20年,1053,124,929,群益金鼎,2023-01-10,9100
3708,上緯投控,963,57,906,群益金鼎,2023-01-10,9100
00881,國泰台灣5G+,969,95,874,群益金鼎,2023-01-10,9100
00895,富邦未來車,906,101,805,群益金鼎,2023-01-10,9100
00892,富邦台灣半導體,727,111,616,群益金鼎,2023-01-10,9100
8358,金居,805,284,521,群益金鼎,2023-01-10,9100
00903,富邦元宇宙,560,58,502,群益金鼎,2023-01-10,9100
00891,中信關鍵半導體,480,7,473,群益金鼎,2023-01-10,9100
0050,元大台灣50,584,120,464,群益金鼎,2023-01-10,9100
00712,復華富時不動產,408,33,375,群益金鼎,2023-01-10,9100
00902,中信電池及儲能,1101,754,347,群益金鼎,2023-01-10,9100
00633L,富邦上証正2,354,55,299,群益金鼎,2023-01-10,9100
4977,眾達-KY,306,9,297,群益金鼎,2023-01-10,9100
3711,日月光投控,300,5,295,群益金鼎,2023-01-10,9100
3704,合勤控,291,13,278,群益金鼎,2023-01-10,9100
00636,國泰中國A50,317,41,276,群益金鼎,2023-01-10,9100
2014,中鴻,253,17,236,群益金鼎,2023-01-10,9100
00876,元大全球5G,284,52,232,群益金鼎,2023-01-10,9100
00641R,富邦日本反1,228,0,228,群益金鼎,2023-01-10,9100
4919,新唐,215,10,205,群益金鼎,2023-01-10,9100
00692,富邦公司治理,197,1,196,群益金鼎,2023-01-10,9100
006208,富邦台50,221,30,191,群益金鼎,2023-01-10,9100
1102,亞泥,169,1,168,群益金鼎,2023-01-10,9100
5871,中租-KY,264,98,166,群益金鼎,2023-01-10,9100
2383,台光電,166,0,166,群益金鼎,2023-01-10,9100
2867,三商壽,150,0,150,群益金鼎,2023-01-10,9100
00852L,國泰美國道瓊正2,150,0,150,群益金鼎,2023-01-10,9100
6719,力智,168,18,150,群益金鼎,2023-01-10,9100
00919,群益台灣精選高息,133,1,132,群益金鼎,2023-01-10,9100
6148,驊宏資,115,0,115,群益金鼎,2023-01-10,9100
2382,廣達,112,2,110,群益金鼎,2023-01-10,9100
2351,順德,109,1,108,群益金鼎,2023-01-10,9100
00920,富邦ESG綠色電力,300,199,101,群益金鼎,2023-01-10,9100
2201,裕隆,187,86,101,群益金鼎,2023-01-10,9100
00897,富邦基因免疫生技,100,0,100,群益金鼎,2023-01-10,9100
3042,晶技,95,0,95,群益金鼎,2023-01-10,9100
00917,中信特選金融,518,426,92,群益金鼎,2023-01-10,9100
6146,耕興,87,1,86,群益金鼎,2023-01-10,9100
4961,天鈺,93,16,77,群益金鼎,2023-01-10,9100
3714,富采,63,3,60,群益金鼎,2023-01-10,9100
6129,普誠,63,3,60,群益金鼎,2023-01-10,9100
3105,穩懋,72,18,54,群益金鼎,2023-01-10,9100
00682U,期元大美元指數,53,0,53,群益金鼎,2023-01-10,9100
00673R,期元大S＆P原油反1,3271,0,3271,群益金鼎,2023-01-11,9100
00665L,富邦�琤肭磪囓�2,2269,0,2269,群益金鼎,2023-01-11,9100
00637L,元大滬深300正2,3212,1073,2139,群益金鼎,2023-01-11,9100
00830,國泰費城半導體,2099,5,2094,群益金鼎,2023-01-11,9100
3481,群創,1690,0,1690,群益金鼎,2023-01-11,9100
00893,國泰智能電動車,1397,3,1394,群益金鼎,2023-01-11,9100
3708,上緯投控,1088,21,1067,群益金鼎,2023-01-11,9100
2014,中鴻,727,1,726,群益金鼎,2023-01-11,9100
00669R,國泰美國道瓊反1,810,180,630,群益金鼎,2023-01-11,9100
6245,立端,622,5,617,群益金鼎,2023-01-11,9100
1305,華夏,614,0,614,群益金鼎,2023-01-11,9100
00902,中信電池及儲能,788,183,605,群益金鼎,2023-01-11,9100
00650L,復華香港正2,669,105,564,群益金鼎,2023-01-11,9100
00919,群益台灣精選高息,533,1,532,群益金鼎,2023-01-11,9100
00641R,富邦日本反1,531,0,531,群益金鼎,2023-01-11,9100
00891,中信關鍵半導體,531,2,529,群益金鼎,2023-01-11,9100
00671R,富邦NASDAQ反1,463,0,463,群益金鼎,2023-01-11,9100
3037,欣興,465,2,463,群益金鼎,2023-01-11,9100
00852L,國泰美國道瓊正2,400,47,353,群益金鼎,2023-01-11,9100
00633L,富邦上証正2,452,100,352,群益金鼎,2023-01-11,9100
00917,中信特選金融,570,250,320,群益金鼎,2023-01-11,9100
00916,國泰全球品牌50,265,0,265,群益金鼎,2023-01-11,9100
00712,復華富時不動產,447,200,247,群益金鼎,2023-01-11,9100
0050,元大台灣50,219,0,219,群益金鼎,2023-01-11,9100
00894,中信小資高價30,198,0,198,群益金鼎,2023-01-11,9100
2301,光寶科,192,5,187,群益金鼎,2023-01-11,9100
00876,元大全球5G,180,0,180,群益金鼎,2023-01-11,9100
2731,雄獅,169,0,169,群益金鼎,2023-01-11,9100
2610,華航,243,83,160,群益金鼎,2023-01-11,9100
00640L,富邦日本正2,157,0,157,群益金鼎,2023-01-11,9100
6719,力智,157,4,153,群益金鼎,2023-01-11,9100
00664R,國泰臺灣加權反1,141,0,141,群益金鼎,2023-01-11,9100
2027,大成鋼,142,5,137,群益金鼎,2023-01-11,9100
00903,富邦元宇宙,274,160,114,群益金鼎,2023-01-11,9100
6146,耕興,113,0,113,群益金鼎,2023-01-11,9100
00910,第一金太空衛星,108,0,108,群益金鼎,2023-01-11,9100
00687B,國泰20年美債,100,3,97,群益金鼎,2023-01-11,9100
3704,合勤控,126,30,96,群益金鼎,2023-01-11,9100
2338,光罩,116,22,94,群益金鼎,2023-01-11,9100
2327,國巨,91,0,91,群益金鼎,2023-01-11,9100
2408,南亞科,103,13,90,群益金鼎,2023-01-11,9100
5009,榮剛,114,32,82,群益金鼎,2023-01-11,9100
2376,技嘉,200,120,80,群益金鼎,2023-01-11,9100
006208,富邦台50,120,40,80,群益金鼎,2023-01-11,9100
5347,世界,77,0,77,群益金鼎,2023-01-11,9100
6531,愛普*,80,4,76,群益金鼎,2023-01-11,9100
2409,友達,75,0,75,群益金鼎,2023-01-11,9100
00683L,期元大美元指正2,73,2,71,群益金鼎,2023-01-11,9100
00881,國泰台灣5G+,75,5,70,群益金鼎,2023-01-11,9100
9958,世紀鋼,71,1,70,群益金鼎,2023-01-11,9100
00632R,元大台灣50反1,11539,104,11435,群益金鼎,2023-01-12,9100
2014,中鴻,3022,43,2979,群益金鼎,2023-01-12,9100
00679B,元大美債20年,2945,0,2945,群益金鼎,2023-01-12,9100
00715L,期街口布蘭特正2,2646,80,2566,群益金鼎,2023-01-12,9100
00830,國泰費城半導體,1983,51,1932,群益金鼎,2023-01-12,9100
00893,國泰智能電動車,1845,257,1588,群益金鼎,2023-01-12,9100
1216,統一,1500,4,1496,群益金鼎,2023-01-12,9100
00902,中信電池及儲能,1448,103,1345,群益金鼎,2023-01-12,9100
2606,裕民,1294,4,1290,群益金鼎,2023-01-12,9100
00642U,期元大S＆P石油,1261,0,1261,群益金鼎,2023-01-12,9100
00712,復華富時不動產,1003,6,997,群益金鼎,2023-01-12,9100
00720B,元大投資級公司債,991,0,991,群益金鼎,2023-01-12,9100
2027,大成鋼,893,2,891,群益金鼎,2023-01-12,9100
2303,聯電,1045,167,878,群益金鼎,2023-01-12,9100
00891,中信關鍵半導體,801,0,801,群益金鼎,2023-01-12,9100
00917,中信特選金融,785,0,785,群益金鼎,2023-01-12,9100
2206,三陽工業,693,5,688,群益金鼎,2023-01-12,9100
1909,榮成,666,6,660,群益金鼎,2023-01-12,9100
1218,泰山,511,5,506,群益金鼎,2023-01-12,9100
6285,啟��,501,5,496,群益金鼎,2023-01-12,9100
5522,遠雄,489,0,489,群益金鼎,2023-01-12,9100
3708,上緯投控,477,35,442,群益金鼎,2023-01-12,9100
00714,群益道瓊美國地產,389,0,389,群益金鼎,2023-01-12,9100
00876,元大全球5G,356,0,356,群益金鼎,2023-01-12,9100
2002,中鋼,387,41,346,群益金鼎,2023-01-12,9100
00772B,中信高評級公司債,401,77,324,群益金鼎,2023-01-12,9100
3704,合勤控,332,23,309,群益金鼎,2023-01-12,9100
2881,富邦金,300,8,292,群益金鼎,2023-01-12,9100
00670L,富邦NASDAQ正2,273,1,272,群益金鼎,2023-01-12,9100
00916,國泰全球品牌50,253,0,253,群益金鼎,2023-01-12,9100
3624,光頡,287,42,245,群益金鼎,2023-01-12,9100
00861,元大全球未來通訊,243,0,243,群益金鼎,2023-01-12,9100
00910,第一金太空衛星,233,0,233,群益金鼎,2023-01-12,9100
00751B,元大AAA至A公司債,257,38,219,群益金鼎,2023-01-12,9100
2454,聯發科,213,8,205,群益金鼎,2023-01-12,9100
00892,富邦台灣半導體,199,3,196,群益金鼎,2023-01-12,9100
3711,日月光投控,200,11,189,群益金鼎,2023-01-12,9100
1605,華新,352,175,177,群益金鼎,2023-01-12,9100
00643,群益深証中小,351,176,175,群益金鼎,2023-01-12,9100
00920,富邦ESG綠色電力,160,0,160,群益金鼎,2023-01-12,9100
6245,立端,164,16,148,群益金鼎,2023-01-12,9100
00692,富邦公司治理,157,11,146,群益金鼎,2023-01-12,9100
2330,台積電,169,27,142,群益金鼎,2023-01-12,9100
00885,富邦越南,142,0,142,群益金鼎,2023-01-12,9100
2707,晶華,141,3,138,群益金鼎,2023-01-12,9100
3141,晶宏,216,80,136,群益金鼎,2023-01-12,9100
3707,漢磊,136,14,122,群益金鼎,2023-01-12,9100
00862B,中信投資級公司債,186,75,111,群益金鼎,2023-01-12,9100
00762,元大全球AI,109,0,109,群益金鼎,2023-01-12,9100
2344,華邦電,102,0,102,群益金鼎,2023-01-12,9100
00637L,元大滬深300正2,8388,339,8049,群益金鼎,2023-01-13,9100
00893,國泰智能電動車,4453,8,4445,群益金鼎,2023-01-13,9100
00830,國泰費城半導體,2665,116,2549,群益金鼎,2023-01-13,9100
2014,中鴻,2210,162,2048,群益金鼎,2023-01-13,9100
00715L,期街口布蘭特正2,1991,2,1989,群益金鼎,2023-01-13,9100
00633L,富邦上証正2,1874,150,1724,群益金鼎,2023-01-13,9100
00902,中信電池及儲能,2278,762,1516,群益金鼎,2023-01-13,9100
1101,台泥,1341,10,1331,群益金鼎,2023-01-13,9100
00665L,富邦�琤肭磪囓�2,1442,252,1190,群益金鼎,2023-01-13,9100
00712,復華富時不動產,939,0,939,群益金鼎,2023-01-13,9100
00895,富邦未來車,754,0,754,群益金鼎,2023-01-13,9100
00917,中信特選金融,663,2,661,群益金鼎,2023-01-13,9100
8358,金居,740,79,661,群益金鼎,2023-01-13,9100
4919,新唐,615,15,600,群益金鼎,2023-01-13,9100
4746,台耀,610,12,598,群益金鼎,2023-01-13,9100
00683L,期元大美元指正2,563,0,563,群益金鼎,2023-01-13,9100
1802,台玻,559,7,552,群益金鼎,2023-01-13,9100
2409,友達,450,7,443,群益金鼎,2023-01-13,9100
3624,光頡,408,9,399,群益金鼎,2023-01-13,9100
00878,國泰永續高股息,354,0,354,群益金鼎,2023-01-13,9100
2330,台積電,415,114,301,群益金鼎,2023-01-13,9100
00892,富邦台灣半導體,370,82,288,群益金鼎,2023-01-13,9100
00692,富邦公司治理,431,151,280,群益金鼎,2023-01-13,9100
2344,華邦電,360,100,260,群益金鼎,2023-01-13,9100
00714,群益道瓊美國地產,224,0,224,群益金鼎,2023-01-13,9100
0050,元大台灣50,224,1,223,群益金鼎,2023-01-13,9100
6274,台燿,201,27,174,群益金鼎,2023-01-13,9100
00896,中信綠能及電動車,155,0,155,群益金鼎,2023-01-13,9100
2383,台光電,154,5,149,群益金鼎,2023-01-13,9100
00643,群益深証中小,370,239,131,群益金鼎,2023-01-13,9100
1305,華夏,127,0,127,群益金鼎,2023-01-13,9100
00910,第一金太空衛星,121,0,121,群益金鼎,2023-01-13,9100
4915,致伸,120,0,120,群益金鼎,2023-01-13,9100
6176,瑞儀,120,0,120,群益金鼎,2023-01-13,9100
00679B,元大美債20年,124,6,118,群益金鼎,2023-01-13,9100
00655L,國泰中國A50正2,116,5,111,群益金鼎,2023-01-13,9100
00891,中信關鍵半導體,108,0,108,群益金鼎,2023-01-13,9100
00650L,復華香港正2,125,18,107,群益金鼎,2023-01-13,9100
00907,永豐優息存股,150,50,100,群益金鼎,2023-01-13,9100
006208,富邦台50,102,6,96,群益金鼎,2023-01-13,9100
00897,富邦基因免疫生技,83,0,83,群益金鼎,2023-01-13,9100
5299,杰力,80,0,80,群益金鼎,2023-01-13,9100
00762,元大全球AI,91,11,80,群益金鼎,2023-01-13,9100
1909,榮成,77,0,77,群益金鼎,2023-01-13,9100
4953,緯軟,73,0,73,群益金鼎,2023-01-13,9100
3661,世芯-KY,73,2,71,群益金鼎,2023-01-13,9100
5388,中磊,69,0,69,群益金鼎,2023-01-13,9100
00631L,元大台灣50正2,66,0,66,群益金鼎,2023-01-13,9100
00706L,期元大S＆P日圓正2,185,120,65,群益金鼎,2023-01-13,9100
00783,富邦中証500,61,0,61,群益金鼎,2023-01-13,9100
00637L,元大滬深300正2,9305,1207,8098,群益金鼎,2023-01-16,9100
00715L,期街口布蘭特正2,3808,0,3808,群益金鼎,2023-01-16,9100
00921,兆豐龍頭等權重,3055,55,3000,群益金鼎,2023-01-16,9100
00902,中信電池及儲能,2110,29,2081,群益金鼎,2023-01-16,9100
00891,中信關鍵半導體,1878,0,1878,群益金鼎,2023-01-16,9100
00665L,富邦�琤肭磪囓�2,2702,1157,1545,群益金鼎,2023-01-16,9100
00893,國泰智能電動車,1423,52,1371,群益金鼎,2023-01-16,9100
00642U,期元大S＆P石油,947,0,947,群益金鼎,2023-01-16,9100
00830,國泰費城半導體,931,5,926,群益金鼎,2023-01-16,9100
00917,中信特選金融,857,57,800,群益金鼎,2023-01-16,9100
00878,國泰永續高股息,741,54,687,群益金鼎,2023-01-16,9100
2303,聯電,717,101,616,群益金鼎,2023-01-16,9100
00650L,復華香港正2,612,20,592,群益金鼎,2023-01-16,9100
2376,技嘉,402,0,402,群益金鼎,2023-01-16,9100
00706L,期元大S＆P日圓正2,382,0,382,群益金鼎,2023-01-16,9100
00916,國泰全球品牌50,336,0,336,群益金鼎,2023-01-16,9100
00908,富邦入息REITs+,473,150,323,群益金鼎,2023-01-16,9100
00895,富邦未來車,484,182,302,群益金鼎,2023-01-16,9100
00881,國泰台灣5G+,266,0,266,群益金鼎,2023-01-16,9100
00692,富邦公司治理,293,49,244,群益金鼎,2023-01-16,9100
00648R,元大S＆P500反1,236,0,236,群益金鼎,2023-01-16,9100
00670L,富邦NASDAQ正2,250,20,230,群益金鼎,2023-01-16,9100
2313,華通,212,0,212,群益金鼎,2023-01-16,9100
2454,聯發科,201,2,199,群益金鼎,2023-01-16,9100
2201,裕隆,196,25,171,群益金鼎,2023-01-16,9100
00907,永豐優息存股,191,21,170,群益金鼎,2023-01-16,9100
2014,中鴻,203,33,170,群益金鼎,2023-01-16,9100
00894,中信小資高價30,170,1,169,群益金鼎,2023-01-16,9100
1101,台泥,158,23,135,群益金鼎,2023-01-16,9100
00738U,期元大道瓊白銀,134,0,134,群益金鼎,2023-01-16,9100
00852L,國泰美國道瓊正2,122,1,121,群益金鼎,2023-01-16,9100
3218,大學光,136,40,96,群益金鼎,2023-01-16,9100
4960,誠美材,85,2,83,群益金鼎,2023-01-16,9100
0056,元大高股息,95,12,83,群益金鼎,2023-01-16,9100
2884,玉山金,80,0,80,群益金鼎,2023-01-16,9100
00903,富邦元宇宙,151,80,71,群益金鼎,2023-01-16,9100
00896,中信綠能及電動車,68,0,68,群益金鼎,2023-01-16,9100
00635U,期元大S＆P黃金,75,13,62,群益金鼎,2023-01-16,9100
4743,合一,72,11,61,群益金鼎,2023-01-16,9100
00919,群益台灣精選高息,70,11,59,群益金鼎,2023-01-16,9100
2377,微星,57,0,57,群益金鼎,2023-01-16,9100
3141,晶宏,55,1,54,群益金鼎,2023-01-16,9100
00655L,國泰中國A50正2,62,10,52,群益金鼎,2023-01-16,9100
2301,光寶科,51,0,51,群益金鼎,2023-01-16,9100
1476,儒鴻,52,2,50,群益金鼎,2023-01-16,9100
3406,玉晶光,48,2,46,群益金鼎,2023-01-16,9100
2520,冠德,44,2,42,群益金鼎,2023-01-16,9100
2337,旺宏,40,0,40,群益金鼎,2023-01-16,9100
6138,茂達,40,0,40,群益金鼎,2023-01-16,9100
00753L,中信中國50正2,37,1,36,群益金鼎,2023-01-16,9100
00642U,期元大S＆P石油,1177,28,1149,群益金鼎,2023-01-17,9100
00715L,期街口布蘭特正2,1097,2,1095,群益金鼎,2023-01-17,9100
00893,國泰智能電動車,1129,61,1068,群益金鼎,2023-01-17,9100
2408,南亞科,1148,105,1043,群益金鼎,2023-01-17,9100
00712,復華富時不動產,776,0,776,群益金鼎,2023-01-17,9100
2344,華邦電,700,37,663,群益金鼎,2023-01-17,9100
8069,元太,639,26,613,群益金鼎,2023-01-17,9100
00891,中信關鍵半導體,534,0,534,群益金鼎,2023-01-17,9100
00917,中信特選金融,482,0,482,群益金鼎,2023-01-17,9100
3037,欣興,486,21,465,群益金鼎,2023-01-17,9100
2006,東和鋼鐵,450,6,444,群益金鼎,2023-01-17,9100
4958,臻鼎-KY,405,15,390,群益金鼎,2023-01-17,9100
2201,裕隆,517,146,371,群益金鼎,2023-01-17,9100
00919,群益台灣精選高息,453,101,352,群益金鼎,2023-01-17,9100
00892,富邦台灣半導體,405,65,340,群益金鼎,2023-01-17,9100
00894,中信小資高價30,313,0,313,群益金鼎,2023-01-17,9100
1101,台泥,304,23,281,群益金鼎,2023-01-17,9100
1305,華夏,350,89,261,群益金鼎,2023-01-17,9100
00912,中信臺灣智慧50,256,0,256,群益金鼎,2023-01-17,9100
00631L,元大台灣50正2,222,0,222,群益金鼎,2023-01-17,9100
00683L,期元大美元指正2,214,0,214,群益金鼎,2023-01-17,9100
2103,台橡,200,0,200,群益金鼎,2023-01-17,9100
00885,富邦越南,200,0,200,群益金鼎,2023-01-17,9100
3374,精材,200,1,199,群益金鼎,2023-01-17,9100
1904,正隆,159,0,159,群益金鼎,2023-01-17,9100
1513,中興電,179,33,146,群益金鼎,2023-01-17,9100
1102,亞泥,100,4,96,群益金鼎,2023-01-17,9100
00708L,期元大S＆P黃金正2,120,31,89,群益金鼎,2023-01-17,9100
006205,富邦上証,174,87,87,群益金鼎,2023-01-17,9100
00638R,元大滬深300反1,84,0,84,群益金鼎,2023-01-17,9100
006207,復華滬深,179,101,78,群益金鼎,2023-01-17,9100
2049,上銀,103,32,71,群益金鼎,2023-01-17,9100
00907,永豐優息存股,178,112,66,群益金鼎,2023-01-17,9100
6282,康舒,77,12,65,群益金鼎,2023-01-17,9100
3533,嘉澤,55,2,53,群益金鼎,2023-01-17,9100
3141,晶宏,63,11,52,群益金鼎,2023-01-17,9100
00764B,群益25年美債,50,0,50,群益金鼎,2023-01-17,9100
5347,世界,57,8,49,群益金鼎,2023-01-17,9100
2204,中華,47,0,47,群益金鼎,2023-01-17,9100
4961,天鈺,56,11,45,群益金鼎,2023-01-17,9100
6491,晶碩,44,4,40,群益金鼎,2023-01-17,9100
2882,國泰金,53,16,37,群益金鼎,2023-01-17,9100
5425,台半,37,4,33,群益金鼎,2023-01-17,9100
00714,群益道瓊美國地產,29,0,29,群益金鼎,2023-01-17,9100
6139,亞翔,30,1,29,群益金鼎,2023-01-17,9100
3491,昇達科,26,1,25,群益金鼎,2023-01-17,9100
00908,富邦入息REITs+,197,172,25,群益金鼎,2023-01-17,9100
6550,北極星藥業-KY,29,4,25,群益金鼎,2023-01-17,9100
2308,台達電,25,0,25,群益金鼎,2023-01-17,9100
2409,友達,27,3,24,群益金鼎,2023-01-17,9100
00881,國泰台灣5G+,3531,2,3529,群益金鼎,2023-01-30,9100
00665L,富邦�琤肭磪囓�2,2952,10,2942,群益金鼎,2023-01-30,9100
00891,中信關鍵半導體,2733,3,2730,群益金鼎,2023-01-30,9100
00917,中信特選金融,2766,51,2715,群益金鼎,2023-01-30,9100
00637L,元大滬深300正2,2473,61,2412,群益金鼎,2023-01-30,9100
00900,富邦特選高股息30,2361,1,2360,群益金鼎,2023-01-30,9100
00902,中信電池及儲能,3343,1516,1827,群益金鼎,2023-01-30,9100
2303,聯電,2335,622,1713,群益金鼎,2023-01-30,9100
00715L,期街口布蘭特正2,1431,3,1428,群益金鼎,2023-01-30,9100
00878,國泰永續高股息,2101,760,1341,群益金鼎,2023-01-30,9100
00896,中信綠能及電動車,1094,30,1064,群益金鼎,2023-01-30,9100
1605,華新,1467,442,1025,群益金鼎,2023-01-30,9100
00919,群益台灣精選高息,1025,7,1018,群益金鼎,2023-01-30,9100
2002,中鋼,1019,15,1004,群益金鼎,2023-01-30,9100
00669R,國泰美國道瓊反1,955,0,955,群益金鼎,2023-01-30,9100
00830,國泰費城半導體,1403,543,860,群益金鼎,2023-01-30,9100
00894,中信小資高價30,751,1,750,群益金鼎,2023-01-30,9100
00916,國泰全球品牌50,689,0,689,群益金鼎,2023-01-30,9100
00892,富邦台灣半導體,624,1,623,群益金鼎,2023-01-30,9100
00651R,復華香港反1,765,150,615,群益金鼎,2023-01-30,9100
00893,國泰智能電動車,5616,5001,615,群益金鼎,2023-01-30,9100
00895,富邦未來車,778,200,578,群益金鼎,2023-01-30,9100
2884,玉山金,575,23,552,群益金鼎,2023-01-30,9100
00862B,中信投資級公司債,589,75,514,群益金鼎,2023-01-30,9100
5425,台半,467,25,442,群益金鼎,2023-01-30,9100
1560,中砂,353,2,351,群益金鼎,2023-01-30,9100
00888,永豐台灣ESG,463,121,342,群益金鼎,2023-01-30,9100
00920,富邦ESG綠色電力,301,0,301,群益金鼎,2023-01-30,9100
00636,國泰中國A50,297,15,282,群益金鼎,2023-01-30,9100
2454,聯發科,286,14,272,群益金鼎,2023-01-30,9100
2201,裕隆,290,33,257,群益金鼎,2023-01-30,9100
00762,元大全球AI,248,0,248,群益金鼎,2023-01-30,9100
00631L,元大台灣50正2,245,2,243,群益金鼎,2023-01-30,9100
4114,健喬,231,16,215,群益金鼎,2023-01-30,9100
00903,富邦元宇宙,260,51,209,群益金鼎,2023-01-30,9100
6531,愛普*,210,2,208,群益金鼎,2023-01-30,9100
4979,華星光,249,51,198,群益金鼎,2023-01-30,9100
00670L,富邦NASDAQ正2,346,162,184,群益金鼎,2023-01-30,9100
3035,智原,184,11,173,群益金鼎,2023-01-30,9100
00650L,復華香港正2,174,1,173,群益金鼎,2023-01-30,9100
2482,連宇,258,100,158,群益金鼎,2023-01-30,9100
6116,彩晶,142,2,140,群益金鼎,2023-01-30,9100
3481,群創,142,6,136,群益金鼎,2023-01-30,9100
00751B,元大AAA至A公司債,475,350,125,群益金鼎,2023-01-30,9100
2344,華邦電,135,11,124,群益金鼎,2023-01-30,9100
00638R,元大滬深300反1,124,0,124,群益金鼎,2023-01-30,9100
3006,晶豪科,136,14,122,群益金鼎,2023-01-30,9100
00692,富邦公司治理,277,163,114,群益金鼎,2023-01-30,9100
006207,復華滬深,176,63,113,群益金鼎,2023-01-30,9100
2338,光罩,118,5,113,群益金鼎,2023-01-30,9100
00893,國泰智能電動車,4239,6,4233,群益金鼎,2023-01-31,9100
2892,第一金,3001,0,3001,群益金鼎,2023-01-31,9100
00902,中信電池及儲能,3059,359,2700,群益金鼎,2023-01-31,9100
2884,玉山金,2503,1,2502,群益金鼎,2023-01-31,9100
00892,富邦台灣半導體,740,71,669,群益金鼎,2023-01-31,9100
00686R,群益臺灣加權反1,1094,470,624,群益金鼎,2023-01-31,9100
2376,技嘉,586,17,569,群益金鼎,2023-01-31,9100
00881,國泰台灣5G+,697,195,502,群益金鼎,2023-01-31,9100
00891,中信關鍵半導體,494,4,490,群益金鼎,2023-01-31,9100
0050,元大台灣50,458,30,428,群益金鼎,2023-01-31,9100
2610,華航,405,2,403,群益金鼎,2023-01-31,9100
2201,裕隆,592,236,356,群益金鼎,2023-01-31,9100
3481,群創,452,100,352,群益金鼎,2023-01-31,9100
2317,鴻海,392,67,325,群益金鼎,2023-01-31,9100
8105,凌巨,318,2,316,群益金鼎,2023-01-31,9100
5388,中磊,317,4,313,群益金鼎,2023-01-31,9100
6282,康舒,513,206,307,群益金鼎,2023-01-31,9100
2498,宏達電,323,21,302,群益金鼎,2023-01-31,9100
2540,愛山林,296,0,296,群益金鼎,2023-01-31,9100
00669R,國泰美國道瓊反1,283,0,283,群益金鼎,2023-01-31,9100
4128,中天,270,9,261,群益金鼎,2023-01-31,9100
00636,國泰中國A50,370,127,243,群益金鼎,2023-01-31,9100
00651R,復華香港反1,223,0,223,群益金鼎,2023-01-31,9100
00895,富邦未來車,214,2,212,群益金鼎,2023-01-31,9100
00919,群益台灣精選高息,200,6,194,群益金鼎,2023-01-31,9100
1605,華新,375,208,167,群益金鼎,2023-01-31,9100
00909,國泰數位支付服務,166,1,165,群益金鼎,2023-01-31,9100
00762,元大全球AI,155,3,152,群益金鼎,2023-01-31,9100
006207,復華滬深,150,0,150,群益金鼎,2023-01-31,9100
2330,台積電,150,20,130,群益金鼎,2023-01-31,9100
8016,矽創,150,23,127,群益金鼎,2023-01-31,9100
6285,啟��,139,14,125,群益金鼎,2023-01-31,9100
6443,元晶,132,9,123,群益金鼎,2023-01-31,9100
00852L,國泰美國道瓊正2,300,178,122,群益金鼎,2023-01-31,9100
2338,光罩,123,2,121,群益金鼎,2023-01-31,9100
6116,彩晶,110,0,110,群益金鼎,2023-01-31,9100
00885,富邦越南,109,0,109,群益金鼎,2023-01-31,9100
3707,漢磊,92,1,91,群益金鼎,2023-01-31,9100
6205,詮欣,94,4,90,群益金鼎,2023-01-31,9100
6213,聯茂,99,9,90,群益金鼎,2023-01-31,9100
5009,榮剛,115,28,87,群益金鼎,2023-01-31,9100
3006,晶豪科,88,2,86,群益金鼎,2023-01-31,9100
00907,永豐優息存股,121,37,84,群益金鼎,2023-01-31,9100
2481,強茂,112,39,73,群益金鼎,2023-01-31,9100
2850,新產,73,0,73,群益金鼎,2023-01-31,9100
00916,國泰全球品牌50,104,32,72,群益金鼎,2023-01-31,9100
2340,台亞,70,1,69,群益金鼎,2023-01-31,9100
00645,富邦日本,69,6,63,群益金鼎,2023-01-31,9100
6175,立敦,60,0,60,群益金鼎,2023-01-31,9100
00908,富邦入息REITs+,206,150,56,群益金鼎,2023-01-31,9100
00632R,元大台灣50反1,5753,1315,4438,群益金鼎,2023-02-01,9100
00893,國泰智能電動車,1667,0,1667,群益金鼎,2023-02-01,9100
00902,中信電池及儲能,1855,446,1409,群益金鼎,2023-02-01,9100
00665L,富邦�琤肭磪囓�2,1476,219,1257,群益金鼎,2023-02-01,9100
00895,富邦未來車,923,0,923,群益金鼎,2023-02-01,9100
00830,國泰費城半導體,991,214,777,群益金鼎,2023-02-01,9100
00892,富邦台灣半導體,669,0,669,群益金鼎,2023-02-01,9100
00881,國泰台灣5G+,629,0,629,群益金鼎,2023-02-01,9100
1589,永冠-KY,604,0,604,群益金鼎,2023-02-01,9100
00919,群益台灣精選高息,512,2,510,群益金鼎,2023-02-01,9100
00751B,元大AAA至A公司債,657,250,407,群益金鼎,2023-02-01,9100
2481,強茂,413,28,385,群益金鼎,2023-02-01,9100
00633L,富邦上証正2,703,336,367,群益金鼎,2023-02-01,9100
00891,中信關鍵半導體,362,0,362,群益金鼎,2023-02-01,9100
00916,國泰全球品牌50,280,0,280,群益金鼎,2023-02-01,9100
2409,友達,332,76,256,群益金鼎,2023-02-01,9100
3034,聯詠,254,3,251,群益金鼎,2023-02-01,9100
00643,群益深証中小,262,13,249,群益金鼎,2023-02-01,9100
00909,國泰數位支付服務,234,0,234,群益金鼎,2023-02-01,9100
6770,力積電,220,0,220,群益金鼎,2023-02-01,9100
2492,華新科,216,12,204,群益金鼎,2023-02-01,9100
6239,力成,202,2,200,群益金鼎,2023-02-01,9100
00921,兆豐龍頭等權重,200,0,200,群益金鼎,2023-02-01,9100
4746,台耀,203,3,200,群益金鼎,2023-02-01,9100
00687B,國泰20年美債,203,4,199,群益金鼎,2023-02-01,9100
8044,網家,231,34,197,群益金鼎,2023-02-01,9100
00715L,期街口布蘭特正2,184,0,184,群益金鼎,2023-02-01,9100
00917,中信特選金融,165,0,165,群益金鼎,2023-02-01,9100
00638R,元大滬深300反1,159,0,159,群益金鼎,2023-02-01,9100
00888,永豐台灣ESG,155,0,155,群益金鼎,2023-02-01,9100
00714,群益道瓊美國地產,169,15,154,群益金鼎,2023-02-01,9100
00852L,國泰美國道瓊正2,155,1,154,群益金鼎,2023-02-01,9100
6205,詮欣,159,5,154,群益金鼎,2023-02-01,9100
2330,台積電,156,5,151,群益金鼎,2023-02-01,9100
2014,中鴻,139,12,127,群益金鼎,2023-02-01,9100
2454,聯發科,124,2,122,群益金鼎,2023-02-01,9100
2027,大成鋼,125,4,121,群益金鼎,2023-02-01,9100
3707,漢磊,117,0,117,群益金鼎,2023-02-01,9100
2748,雲品,120,5,115,群益金鼎,2023-02-01,9100
00912,中信臺灣智慧50,108,0,108,群益金鼎,2023-02-01,9100
1783,和康生,100,0,100,群益金鼎,2023-02-01,9100
2723,美食-KY,100,6,94,群益金鼎,2023-02-01,9100
3019,亞光,93,2,91,群益金鼎,2023-02-01,9100
2369,菱生,87,0,87,群益金鼎,2023-02-01,9100
6116,彩晶,76,0,76,群益金鼎,2023-02-01,9100
0052,富邦科技,114,42,72,群益金鼎,2023-02-01,9100
4953,緯軟,71,0,71,群益金鼎,2023-02-01,9100
2729,瓦城,69,0,69,群益金鼎,2023-02-01,9100
2850,新產,68,0,68,群益金鼎,2023-02-01,9100
6245,立端,76,8,68,群益金鼎,2023-02-01,9100
00893,國泰智能電動車,4404,475,3929,群益金鼎,2023-02-02,9100
00891,中信關鍵半導體,2193,21,2172,群益金鼎,2023-02-02,9100
2890,永豐金,2100,0,2100,群益金鼎,2023-02-02,9100
2618,長榮航,2388,607,1781,群益金鼎,2023-02-02,9100
00902,中信電池及儲能,1776,2,1774,群益金鼎,2023-02-02,9100
00900,富邦特選高股息30,1028,2,1026,群益金鼎,2023-02-02,9100
00651R,復華香港反1,955,95,860,群益金鼎,2023-02-02,9100
00892,富邦台灣半導體,781,0,781,群益金鼎,2023-02-02,9100
00903,富邦元宇宙,825,142,683,群益金鼎,2023-02-02,9100
00895,富邦未來車,785,110,675,群益金鼎,2023-02-02,9100
00881,國泰台灣5G+,1000,400,600,群益金鼎,2023-02-02,9100
00916,國泰全球品牌50,597,0,597,群益金鼎,2023-02-02,9100
00894,中信小資高價30,554,0,554,群益金鼎,2023-02-02,9100
1717,長興,505,0,505,群益金鼎,2023-02-02,9100
1722,台肥,505,2,503,群益金鼎,2023-02-02,9100
00921,兆豐龍頭等權重,467,0,467,群益金鼎,2023-02-02,9100
00706L,期元大S＆P日圓正2,360,0,360,群益金鼎,2023-02-02,9100
00876,元大全球5G,373,15,358,群益金鼎,2023-02-02,9100
6138,茂達,359,3,356,群益金鼎,2023-02-02,9100
00753L,中信中國50正2,352,2,350,群益金鼎,2023-02-02,9100
6239,力成,350,0,350,群益金鼎,2023-02-02,9100
2337,旺宏,331,9,322,群益金鼎,2023-02-02,9100
00762,元大全球AI,284,0,284,群益金鼎,2023-02-02,9100
4919,新唐,390,121,269,群益金鼎,2023-02-02,9100
00861,元大全球未來通訊,267,0,267,群益金鼎,2023-02-02,9100
00738U,期元大道瓊白銀,264,0,264,群益金鼎,2023-02-02,9100
00918,大華優利高填息30,241,0,241,群益金鼎,2023-02-02,9100
00683L,期元大美元指正2,376,138,238,群益金鼎,2023-02-02,9100
3041,揚智,226,0,226,群益金鼎,2023-02-02,9100
8044,網家,224,3,221,群益金鼎,2023-02-02,9100
3035,智原,245,28,217,群益金鼎,2023-02-02,9100
2376,技嘉,201,0,201,群益金鼎,2023-02-02,9100
3217,優群,200,1,199,群益金鼎,2023-02-02,9100
00830,國泰費城半導體,811,617,194,群益金鼎,2023-02-02,9100
4915,致伸,170,2,168,群益金鼎,2023-02-02,9100
2317,鴻海,175,8,167,群益金鼎,2023-02-02,9100
6205,詮欣,191,24,167,群益金鼎,2023-02-02,9100
2498,宏達電,204,52,152,群益金鼎,2023-02-02,9100
1512,瑞利,150,0,150,群益金鼎,2023-02-02,9100
3006,晶豪科,188,39,149,群益金鼎,2023-02-02,9100
4979,華星光,189,44,145,群益金鼎,2023-02-02,9100
00643,群益深証中小,179,36,143,群益金鼎,2023-02-02,9100
8171,天宇,135,1,134,群益金鼎,2023-02-02,9100
2458,義隆,153,26,127,群益金鼎,2023-02-02,9100
00896,中信綠能及電動車,117,0,117,群益金鼎,2023-02-02,9100
2330,台積電,144,32,112,群益金鼎,2023-02-02,9100
8069,元太,240,132,108,群益金鼎,2023-02-02,9100
00692,富邦公司治理,113,7,106,群益金鼎,2023-02-02,9100
3260,威剛,144,38,106,群益金鼎,2023-02-02,9100
006208,富邦台50,116,12,104,群益金鼎,2023-02-02,9100
00673R,期元大S＆P原油反1,9145,0,9145,群益金鼎,2023-02-03,9100
00891,中信關鍵半導體,4059,2,4057,群益金鼎,2023-02-03,9100
00893,國泰智能電動車,4474,578,3896,群益金鼎,2023-02-03,9100
00830,國泰費城半導體,3121,424,2697,群益金鼎,2023-02-03,9100
00900,富邦特選高股息30,2779,325,2454,群益金鼎,2023-02-03,9100
00895,富邦未來車,1941,0,1941,群益金鼎,2023-02-03,9100
2303,聯電,2236,635,1601,群益金鼎,2023-02-03,9100
00670L,富邦NASDAQ正2,1533,21,1512,群益金鼎,2023-02-03,9100
00916,國泰全球品牌50,1055,0,1055,群益金鼎,2023-02-03,9100
00651R,復華香港反1,1025,1,1024,群益金鼎,2023-02-03,9100
00892,富邦台灣半導體,855,0,855,群益金鼎,2023-02-03,9100
00881,國泰台灣5G+,579,39,540,群益金鼎,2023-02-03,9100
3481,群創,500,0,500,群益金鼎,2023-02-03,9100
00852L,國泰美國道瓊正2,417,0,417,群益金鼎,2023-02-03,9100
00686R,群益臺灣加權反1,400,11,389,群益金鼎,2023-02-03,9100
00876,元大全球5G,384,0,384,群益金鼎,2023-02-03,9100
00894,中信小資高價30,319,0,319,群益金鼎,2023-02-03,9100
2498,宏達電,427,110,317,群益金鼎,2023-02-03,9100
00903,富邦元宇宙,300,0,300,群益金鼎,2023-02-03,9100
00666R,富邦�琤肭磪齯�1,309,20,289,群益金鼎,2023-02-03,9100
00662,富邦NASDAQ,271,0,271,群益金鼎,2023-02-03,9100
00896,中信綠能及電動車,259,0,259,群益金鼎,2023-02-03,9100
00668,國泰美國道瓊,226,0,226,群益金鼎,2023-02-03,9100
00762,元大全球AI,207,0,207,群益金鼎,2023-02-03,9100
8016,矽創,202,0,202,群益金鼎,2023-02-03,9100
8069,元太,527,343,184,群益金鼎,2023-02-03,9100
9105,泰金寶-DR,156,5,151,群益金鼎,2023-02-03,9100
00888,永豐台灣ESG,156,6,150,群益金鼎,2023-02-03,9100
00912,中信臺灣智慧50,142,0,142,群益金鼎,2023-02-03,9100
2610,華航,301,173,128,群益金鼎,2023-02-03,9100
00714,群益道瓊美國地產,120,0,120,群益金鼎,2023-02-03,9100
2376,技嘉,109,7,102,群益金鼎,2023-02-03,9100
2891,中信金,100,0,100,群益金鼎,2023-02-03,9100
00905,FT臺灣Smart,100,0,100,群益金鼎,2023-02-03,9100
00720B,元大投資級公司債,200,102,98,群益金鼎,2023-02-03,9100
00692,富邦公司治理,98,0,98,群益金鼎,2023-02-03,9100
2330,台積電,160,63,97,群益金鼎,2023-02-03,9100
00897,富邦基因免疫生技,87,0,87,群益金鼎,2023-02-03,9100
00909,國泰數位支付服務,107,20,87,群益金鼎,2023-02-03,9100
1584,精剛,182,97,85,群益金鼎,2023-02-03,9100
5009,榮剛,134,53,81,群益金鼎,2023-02-03,9100
6712,長聖,80,0,80,群益金鼎,2023-02-03,9100
8436,大江,76,2,74,群益金鼎,2023-02-03,9100
6138,茂達,127,55,72,群益金鼎,2023-02-03,9100
4915,致伸,75,3,72,群益金鼎,2023-02-03,9100
00919,群益台灣精選高息,110,39,71,群益金鼎,2023-02-03,9100
00917,中信特選金融,70,0,70,群益金鼎,2023-02-03,9100
00638R,元大滬深300反1,164,95,69,群益金鼎,2023-02-03,9100
3059,華晶科,110,42,68,群益金鼎,2023-02-03,9100
0050,元大台灣50,182,117,65,群益金鼎,2023-02-03,9100
00673R,期元大S＆P原油反1,10269,0,10269,群益金鼎,2023-02-06,9100
00669R,國泰美國道瓊反1,1997,116,1881,群益金鼎,2023-02-06,9100
00893,國泰智能電動車,1677,50,1627,群益金鼎,2023-02-06,9100
00895,富邦未來車,1245,0,1245,群益金鼎,2023-02-06,9100
00712,復華富時不動產,773,0,773,群益金鼎,2023-02-06,9100
2498,宏達電,752,39,713,群益金鼎,2023-02-06,9100
00902,中信電池及儲能,982,321,661,群益金鼎,2023-02-06,9100
00892,富邦台灣半導體,683,52,631,群益金鼎,2023-02-06,9100
00830,國泰費城半導體,874,299,575,群益金鼎,2023-02-06,9100
3017,奇鋐,557,7,550,群益金鼎,2023-02-06,9100
00881,國泰台灣5G+,612,111,501,群益金鼎,2023-02-06,9100
00894,中信小資高價30,480,0,480,群益金鼎,2023-02-06,9100
00852L,國泰美國道瓊正2,403,10,393,群益金鼎,2023-02-06,9100
00916,國泰全球品牌50,561,215,346,群益金鼎,2023-02-06,9100
00891,中信關鍵半導體,346,15,331,群益金鼎,2023-02-06,9100
00903,富邦元宇宙,513,205,308,群益金鼎,2023-02-06,9100
3680,家登,224,0,224,群益金鼎,2023-02-06,9100
00651R,復華香港反1,182,0,182,群益金鼎,2023-02-06,9100
00714,群益道瓊美國地產,186,20,166,群益金鼎,2023-02-06,9100
00666R,富邦�琤肭磪齯�1,165,0,165,群益金鼎,2023-02-06,9100
3034,聯詠,162,13,149,群益金鼎,2023-02-06,9100
6282,康舒,154,12,142,群益金鼎,2023-02-06,9100
00920,富邦ESG綠色電力,200,74,126,群益金鼎,2023-02-06,9100
8086,宏捷科,126,2,124,群益金鼎,2023-02-06,9100
2006,東和鋼鐵,121,2,119,群益金鼎,2023-02-06,9100
1605,華新,128,13,115,群益金鼎,2023-02-06,9100
2897,王道銀行,204,90,114,群益金鼎,2023-02-06,9100
6274,台燿,120,10,110,群益金鼎,2023-02-06,9100
2344,華邦電,129,20,109,群益金鼎,2023-02-06,9100
0056,元大高股息,117,12,105,群益金鼎,2023-02-06,9100
9958,世紀鋼,109,5,104,群益金鼎,2023-02-06,9100
2388,威盛,130,29,101,群益金鼎,2023-02-06,9100
00897,富邦基因免疫生技,100,0,100,群益金鼎,2023-02-06,9100
3037,欣興,123,27,96,群益金鼎,2023-02-06,9100
6441,廣錠,75,0,75,群益金鼎,2023-02-06,9100
3163,波若威,86,15,71,群益金鼎,2023-02-06,9100
6712,長聖,92,29,63,群益金鼎,2023-02-06,9100
1336,台翰,66,4,62,群益金鼎,2023-02-06,9100
00657,國泰日經225,110,50,60,群益金鼎,2023-02-06,9100
6176,瑞儀,57,0,57,群益金鼎,2023-02-06,9100
00670L,富邦NASDAQ正2,140,87,53,群益金鼎,2023-02-06,9100
00907,永豐優息存股,203,151,52,群益金鼎,2023-02-06,9100
2324,仁寶,51,1,50,群益金鼎,2023-02-06,9100
1102,亞泥,50,1,49,群益金鼎,2023-02-06,9100
00921,兆豐龍頭等權重,49,0,49,群益金鼎,2023-02-06,9100
006207,復華滬深,47,0,47,群益金鼎,2023-02-06,9100
4743,合一,63,19,44,群益金鼎,2023-02-06,9100
2707,晶華,46,3,43,群益金鼎,2023-02-06,9100
1301,台塑,42,0,42,群益金鼎,2023-02-06,9100
00917,中信特選金融,151,109,42,群益金鼎,2023-02-06,9100
00673R,期元大S＆P原油反1,3658,101,3557,群益金鼎,2023-02-07,9100
2002,中鋼,1540,2,1538,群益金鼎,2023-02-07,9100
00671R,富邦NASDAQ反1,1200,0,1200,群益金鼎,2023-02-07,9100
00895,富邦未來車,1019,1,1018,群益金鼎,2023-02-07,9100
2610,華航,705,0,705,群益金鼎,2023-02-07,9100
00893,國泰智能電動車,660,50,610,群益金鼎,2023-02-07,9100
00903,富邦元宇宙,570,0,570,群益金鼎,2023-02-07,9100
4768,晶呈科技,556,4,552,群益金鼎,2023-02-07,9100
00665L,富邦�琤肭磪囓�2,836,335,501,群益金鼎,2023-02-07,9100
2303,聯電,512,47,465,群益金鼎,2023-02-07,9100
00632R,元大台灣50反1,511,142,369,群益金鼎,2023-02-07,9100
2409,友達,347,4,343,群益金鼎,2023-02-07,9100
2345,智邦,339,9,330,群益金鼎,2023-02-07,9100
00902,中信電池及儲能,893,598,295,群益金鼎,2023-02-07,9100
6282,康舒,368,102,266,群益金鼎,2023-02-07,9100
00917,中信特選金融,259,0,259,群益金鼎,2023-02-07,9100
5483,中美晶,250,11,239,群益金鼎,2023-02-07,9100
6116,彩晶,217,0,217,群益金鼎,2023-02-07,9100
2498,宏達電,343,134,209,群益金鼎,2023-02-07,9100
1313,聯成,200,0,200,群益金鼎,2023-02-07,9100
1609,大亞,198,3,195,群益金鼎,2023-02-07,9100
00916,國泰全球品牌50,169,0,169,群益金鼎,2023-02-07,9100
6589,台康生技,145,17,128,群益金鼎,2023-02-07,9100
8069,元太,133,5,128,群益金鼎,2023-02-07,9100
00909,國泰數位支付服務,122,0,122,群益金鼎,2023-02-07,9100
3443,創意,125,4,121,群益金鼎,2023-02-07,9100
3034,聯詠,127,14,113,群益金鼎,2023-02-07,9100
00876,元大全球5G,113,1,112,群益金鼎,2023-02-07,9100
00669R,國泰美國道瓊反1,100,0,100,群益金鼎,2023-02-07,9100
3046,建��,97,4,93,群益金鼎,2023-02-07,9100
6146,耕興,101,9,92,群益金鼎,2023-02-07,9100
2034,允強,90,0,90,群益金鼎,2023-02-07,9100
1584,精剛,95,6,89,群益金鼎,2023-02-07,9100
4142,國光生,93,17,76,群益金鼎,2023-02-07,9100
2014,中鴻,81,8,73,群益金鼎,2023-02-07,9100
00896,中信綠能及電動車,69,1,68,群益金鼎,2023-02-07,9100
2419,仲琦,68,0,68,群益金鼎,2023-02-07,9100
2609,陽明,66,1,65,群益金鼎,2023-02-07,9100
2388,威盛,73,8,65,群益金鼎,2023-02-07,9100
3481,群創,62,2,60,群益金鼎,2023-02-07,9100
6547,高端疫苗,63,5,58,群益金鼎,2023-02-07,9100
6182,合晶,62,8,54,群益金鼎,2023-02-07,9100
3081,聯亞,55,1,54,群益金鼎,2023-02-07,9100
00640L,富邦日本正2,56,3,53,群益金鼎,2023-02-07,9100
4743,合一,71,19,52,群益金鼎,2023-02-07,9100
8171,天宇,54,4,50,群益金鼎,2023-02-07,9100
3260,威剛,49,1,48,群益金鼎,2023-02-07,9100
4721,美琪瑪,49,2,47,群益金鼎,2023-02-07,9100
4961,天鈺,54,11,43,群益金鼎,2023-02-07,9100
3624,光頡,54,13,41,群益金鼎,2023-02-07,9100
00891,中信關鍵半導體,4073,2,4071,群益金鼎,2023-02-08,9100
00715L,期街口布蘭特正2,2516,0,2516,群益金鼎,2023-02-08,9100
00830,國泰費城半導體,2102,300,1802,群益金鼎,2023-02-08,9100
00902,中信電池及儲能,1861,158,1703,群益金鼎,2023-02-08,9100
00881,國泰台灣5G+,1540,0,1540,群益金鼎,2023-02-08,9100
00893,國泰智能電動車,1035,40,995,群益金鼎,2023-02-08,9100
2303,聯電,1278,297,981,群益金鼎,2023-02-08,9100
00894,中信小資高價30,691,0,691,群益金鼎,2023-02-08,9100
2409,友達,580,10,570,群益金鼎,2023-02-08,9100
3481,群創,1069,525,544,群益金鼎,2023-02-08,9100
2637,慧洋-KY,457,11,446,群益金鼎,2023-02-08,9100
00917,中信特選金融,422,0,422,群益金鼎,2023-02-08,9100
1313,聯成,400,0,400,群益金鼎,2023-02-08,9100
00916,國泰全球品牌50,469,81,388,群益金鼎,2023-02-08,9100
2363,矽統,324,0,324,群益金鼎,2023-02-08,9100
00876,元大全球5G,381,94,287,群益金鼎,2023-02-08,9100
00912,中信臺灣智慧50,235,0,235,群益金鼎,2023-02-08,9100
00683L,期元大美元指正2,233,0,233,群益金鼎,2023-02-08,9100
00905,FT臺灣Smart,202,0,202,群益金鼎,2023-02-08,9100
00895,富邦未來車,202,0,202,群益金鼎,2023-02-08,9100
00888,永豐台灣ESG,191,0,191,群益金鼎,2023-02-08,9100
2345,智邦,202,12,190,群益金鼎,2023-02-08,9100
2351,順德,185,22,163,群益金鼎,2023-02-08,9100
2883,凱基金,160,4,156,群益金鼎,2023-02-08,9100
00692,富邦公司治理,179,25,154,群益金鼎,2023-02-08,9100
006208,富邦台50,153,0,153,群益金鼎,2023-02-08,9100
00896,中信綠能及電動車,150,0,150,群益金鼎,2023-02-08,9100
1560,中砂,143,0,143,群益金鼎,2023-02-08,9100
2408,南亞科,134,2,132,群益金鼎,2023-02-08,9100
5347,世界,131,0,131,群益金鼎,2023-02-08,9100
2006,東和鋼鐵,125,0,125,群益金鼎,2023-02-08,9100
3035,智原,258,133,125,群益金鼎,2023-02-08,9100
00670L,富邦NASDAQ正2,147,26,121,群益金鼎,2023-02-08,9100
3231,緯創,121,0,121,群益金鼎,2023-02-08,9100
4919,新唐,120,10,110,群益金鼎,2023-02-08,9100
2382,廣達,108,0,108,群益金鼎,2023-02-08,9100
00706L,期元大S＆P日圓正2,131,24,107,群益金鼎,2023-02-08,9100
2609,陽明,105,2,103,群益金鼎,2023-02-08,9100
1722,台肥,102,0,102,群益金鼎,2023-02-08,9100
00638R,元大滬深300反1,106,6,100,群益金鼎,2023-02-08,9100
00852L,國泰美國道瓊正2,135,35,100,群益金鼎,2023-02-08,9100
00909,國泰數位支付服務,100,0,100,群益金鼎,2023-02-08,9100
00897,富邦基因免疫生技,100,0,100,群益金鼎,2023-02-08,9100
0050,元大台灣50,199,103,96,群益金鼎,2023-02-08,9100
6625,必應,94,0,94,群益金鼎,2023-02-08,9100
2454,聯發科,95,2,93,群益金鼎,2023-02-08,9100
2882,國泰金,94,3,91,群益金鼎,2023-02-08,9100
8046,南電,94,5,89,群益金鼎,2023-02-08,9100
1609,大亞,85,0,85,群益金鼎,2023-02-08,9100
4979,華星光,134,52,82,群益金鼎,2023-02-08,9100
00715L,期街口布蘭特正2,4002,145,3857,群益金鼎,2023-02-09,9100
00892,富邦台灣半導體,2574,592,1982,群益金鼎,2023-02-09,9100
00895,富邦未來車,1127,1,1126,群益金鼎,2023-02-09,9100
00891,中信關鍵半導體,953,3,950,群益金鼎,2023-02-09,9100
00664R,國泰臺灣加權反1,887,0,887,群益金鼎,2023-02-09,9100
00893,國泰智能電動車,660,12,648,群益金鼎,2023-02-09,9100
00686R,群益臺灣加權反1,400,0,400,群益金鼎,2023-02-09,9100
2634,漢翔,302,49,253,群益金鼎,2023-02-09,9100
00643,群益深証中小,236,3,233,群益金鼎,2023-02-09,9100
3017,奇鋐,230,1,229,群益金鼎,2023-02-09,9100
2891,中信金,220,1,219,群益金鼎,2023-02-09,9100
1904,正隆,210,0,210,群益金鼎,2023-02-09,9100
2388,威盛,253,46,207,群益金鼎,2023-02-09,9100
1605,華新,290,93,197,群益金鼎,2023-02-09,9100
00905,FT臺灣Smart,191,0,191,群益金鼎,2023-02-09,9100
1304,台聚,190,0,190,群益金鼎,2023-02-09,9100
00665L,富邦�琤肭磪囓�2,345,159,186,群益金鼎,2023-02-09,9100
00648R,元大S＆P500反1,178,4,174,群益金鼎,2023-02-09,9100
8069,元太,195,28,167,群益金鼎,2023-02-09,9100
2027,大成鋼,249,92,157,群益金鼎,2023-02-09,9100
00896,中信綠能及電動車,112,1,111,群益金鼎,2023-02-09,9100
00830,國泰費城半導體,187,78,109,群益金鼎,2023-02-09,9100
00888,永豐台灣ESG,115,10,105,群益金鼎,2023-02-09,9100
3037,欣興,116,16,100,群益金鼎,2023-02-09,9100
6190,萬泰科,93,0,93,群益金鼎,2023-02-09,9100
2484,希華,97,5,92,群益金鼎,2023-02-09,9100
3260,威剛,78,0,78,群益金鼎,2023-02-09,9100
5309,系統電,82,6,76,群益金鼎,2023-02-09,9100
2330,台積電,81,8,73,群益金鼎,2023-02-09,9100
1909,榮成,71,0,71,群益金鼎,2023-02-09,9100
00642U,期元大S＆P石油,167,100,67,群益金鼎,2023-02-09,9100
2455,全新,70,4,66,群益金鼎,2023-02-09,9100
00920,富邦ESG綠色電力,164,100,64,群益金鼎,2023-02-09,9100
4958,臻鼎-KY,62,0,62,群益金鼎,2023-02-09,9100
6781,AES-KY,63,1,62,群益金鼎,2023-02-09,9100
3231,緯創,61,1,60,群益金鼎,2023-02-09,9100
2409,友達,64,6,58,群益金鼎,2023-02-09,9100
1477,聚陽,57,2,55,群益金鼎,2023-02-09,9100
4726,永昕,56,1,55,群益金鼎,2023-02-09,9100
5439,高技,55,2,53,群益金鼎,2023-02-09,9100
00670L,富邦NASDAQ正2,51,0,51,群益金鼎,2023-02-09,9100
6213,聯茂,58,7,51,群益金鼎,2023-02-09,9100
00881,國泰台灣5G+,56,5,51,群益金鼎,2023-02-09,9100
1513,中興電,102,52,50,群益金鼎,2023-02-09,9100
00912,中信臺灣智慧50,50,1,49,群益金鼎,2023-02-09,9100
2603,長榮,52,3,49,群益金鼎,2023-02-09,9100
4968,立積,59,10,49,群益金鼎,2023-02-09,9100
00640L,富邦日本正2,54,7,47,群益金鼎,2023-02-09,9100
2231,為升,50,4,46,群益金鼎,2023-02-09,9100
3624,光頡,91,45,46,群益金鼎,2023-02-09,9100
00893,國泰智能電動車,2490,2,2488,群益金鼎,2023-02-10,9100
00664R,國泰臺灣加權反1,2041,0,2041,群益金鼎,2023-02-10,9100
00830,國泰費城半導體,1455,0,1455,群益金鼎,2023-02-10,9100
00895,富邦未來車,1308,300,1008,群益金鼎,2023-02-10,9100
00669R,國泰美國道瓊反1,1226,418,808,群益金鼎,2023-02-10,9100
00881,國泰台灣5G+,545,2,543,群益金鼎,2023-02-10,9100
00876,元大全球5G,534,0,534,群益金鼎,2023-02-10,9100
00642U,期元大S＆P石油,548,15,533,群益金鼎,2023-02-10,9100
00715L,期街口布蘭特正2,1088,627,461,群益金鼎,2023-02-10,9100
00648R,元大S＆P500反1,324,6,318,群益金鼎,2023-02-10,9100
00670L,富邦NASDAQ正2,274,25,249,群益金鼎,2023-02-10,9100
2101,南港,246,0,246,群益金鼎,2023-02-10,9100
00751B,元大AAA至A公司債,715,473,242,群益金鼎,2023-02-10,9100
1216,統一,240,0,240,群益金鼎,2023-02-10,9100
00920,富邦ESG綠色電力,200,0,200,群益金鼎,2023-02-10,9100
8069,元太,263,65,198,群益金鼎,2023-02-10,9100
4979,華星光,238,57,181,群益金鼎,2023-02-10,9100
00892,富邦台灣半導體,249,103,146,群益金鼎,2023-02-10,9100
00862B,中信投資級公司債,242,102,140,群益金鼎,2023-02-10,9100
2201,裕隆,157,27,130,群益金鼎,2023-02-10,9100
006205,富邦上証,200,81,119,群益金鼎,2023-02-10,9100
3217,優群,118,2,116,群益金鼎,2023-02-10,9100
2368,金像電,115,6,109,群益金鼎,2023-02-10,9100
4128,中天,107,0,107,群益金鼎,2023-02-10,9100
00896,中信綠能及電動車,106,0,106,群益金鼎,2023-02-10,9100
2881,富邦金,105,0,105,群益金鼎,2023-02-10,9100
6770,力積電,120,19,101,群益金鼎,2023-02-10,9100
1313,聯成,100,0,100,群益金鼎,2023-02-10,9100
0052,富邦科技,97,5,92,群益金鼎,2023-02-10,9100
00773B,中信優先金融債,234,152,82,群益金鼎,2023-02-10,9100
4155,訊映,80,0,80,群益金鼎,2023-02-10,9100
2006,東和鋼鐵,80,3,77,群益金鼎,2023-02-10,9100
6274,台燿,84,14,70,群益金鼎,2023-02-10,9100
4123,晟德,68,0,68,群益金鼎,2023-02-10,9100
2204,中華,69,2,67,群益金鼎,2023-02-10,9100
00905,FT臺灣Smart,66,0,66,群益金鼎,2023-02-10,9100
2615,萬海,65,1,64,群益金鼎,2023-02-10,9100
1476,儒鴻,63,1,62,群益金鼎,2023-02-10,9100
3545,敦泰,61,1,60,群益金鼎,2023-02-10,9100
3231,緯創,66,6,60,群益金鼎,2023-02-10,9100
2330,台積電,107,47,60,群益金鼎,2023-02-10,9100
5483,中美晶,58,0,58,群益金鼎,2023-02-10,9100
6213,聯茂,56,3,53,群益金鼎,2023-02-10,9100
2383,台光電,188,135,53,群益金鼎,2023-02-10,9100
00640L,富邦日本正2,53,0,53,群益金鼎,2023-02-10,9100
006208,富邦台50,57,5,52,群益金鼎,2023-02-10,9100
2324,仁寶,55,3,52,群益金鼎,2023-02-10,9100
00650L,復華香港正2,51,0,51,群益金鼎,2023-02-10,9100
00662,富邦NASDAQ,51,0,51,群益金鼎,2023-02-10,9100
5439,高技,53,3,50,群益金鼎,2023-02-10,9100
00637L,元大滬深300正2,4340,1499,2841,群益金鼎,2023-02-13,9100
00715L,期街口布蘭特正2,2534,2,2532,群益金鼎,2023-02-13,9100
2303,聯電,2346,95,2251,群益金鼎,2023-02-13,9100
00642U,期元大S＆P石油,1232,0,1232,群益金鼎,2023-02-13,9100
00664R,國泰臺灣加權反1,1099,0,1099,群益金鼎,2023-02-13,9100
2886,兆豐金,920,7,913,群益金鼎,2023-02-13,9100
2634,漢翔,528,25,503,群益金鼎,2023-02-13,9100
00891,中信關鍵半導體,464,0,464,群益金鼎,2023-02-13,9100
00892,富邦台灣半導體,658,206,452,群益金鼎,2023-02-13,9100
00903,富邦元宇宙,424,0,424,群益金鼎,2023-02-13,9100
00919,群益台灣精選高息,412,14,398,群益金鼎,2023-02-13,9100
6142,友勁,408,18,390,群益金鼎,2023-02-13,9100
2881,富邦金,276,21,255,群益金鼎,2023-02-13,9100
00917,中信特選金融,241,10,231,群益金鼎,2023-02-13,9100
00895,富邦未來車,469,240,229,群益金鼎,2023-02-13,9100
2409,友達,274,45,229,群益金鼎,2023-02-13,9100
00751B,元大AAA至A公司債,339,123,216,群益金鼎,2023-02-13,9100
00773B,中信優先金融債,279,69,210,群益金鼎,2023-02-13,9100
00636,國泰中國A50,277,68,209,群益金鼎,2023-02-13,9100
2332,友訊,204,2,202,群益金鼎,2023-02-13,9100
3289,宜特,205,16,189,群益金鼎,2023-02-13,9100
00633L,富邦上証正2,338,150,188,群益金鼎,2023-02-13,9100
00714,群益道瓊美國地產,180,0,180,群益金鼎,2023-02-13,9100
8069,元太,152,5,147,群益金鼎,2023-02-13,9100
2102,泰豐,143,0,143,群益金鼎,2023-02-13,9100
6806,森崴能源,184,42,142,群益金鼎,2023-02-13,9100
2615,萬海,163,25,138,群益金鼎,2023-02-13,9100
00852L,國泰美國道瓊正2,130,0,130,群益金鼎,2023-02-13,9100
5425,台半,138,16,122,群益金鼎,2023-02-13,9100
00651R,復華香港反1,112,0,112,群益金鼎,2023-02-13,9100
00687B,國泰20年美債,100,0,100,群益金鼎,2023-02-13,9100
2006,東和鋼鐵,101,5,96,群益金鼎,2023-02-13,9100
6712,長聖,99,6,93,群益金鼎,2023-02-13,9100
2101,南港,90,0,90,群益金鼎,2023-02-13,9100
6290,良維,93,5,88,群益金鼎,2023-02-13,9100
6770,力積電,121,40,81,群益金鼎,2023-02-13,9100
00640L,富邦日本正2,177,106,71,群益金鼎,2023-02-13,9100
3528,安馳,70,0,70,群益金鼎,2023-02-13,9100
6139,亞翔,70,0,70,群益金鼎,2023-02-13,9100
00692,富邦公司治理,242,173,69,群益金鼎,2023-02-13,9100
00909,國泰數位支付服務,81,13,68,群益金鼎,2023-02-13,9100
6278,台表科,72,4,68,群益金鼎,2023-02-13,9100
00862B,中信投資級公司債,156,89,67,群益金鼎,2023-02-13,9100
5309,系統電,61,3,58,群益金鼎,2023-02-13,9100
3035,智原,83,25,58,群益金鼎,2023-02-13,9100
6509,聚和,58,0,58,群益金鼎,2023-02-13,9100
9945,潤泰新,70,12,58,群益金鼎,2023-02-13,9100
6213,聯茂,61,6,55,群益金鼎,2023-02-13,9100
00708L,期元大S＆P黃金正2,54,0,54,群益金鼎,2023-02-13,9100
00881,國泰台灣5G+,121,69,52,群益金鼎,2023-02-13,9100
00664R,國泰臺灣加權反1,4141,0,4141,群益金鼎,2023-02-14,9100
00715L,期街口布蘭特正2,2108,0,2108,群益金鼎,2023-02-14,9100
3711,日月光投控,730,1,729,群益金鼎,2023-02-14,9100
00918,大華優利高填息30,612,8,604,群益金鼎,2023-02-14,9100
00881,國泰台灣5G+,483,1,482,群益金鼎,2023-02-14,9100
00905,FT臺灣Smart,415,0,415,群益金鼎,2023-02-14,9100
00902,中信電池及儲能,390,0,390,群益金鼎,2023-02-14,9100
00893,國泰智能電動車,339,0,339,群益金鼎,2023-02-14,9100
00916,國泰全球品牌50,316,0,316,群益金鼎,2023-02-14,9100
2014,中鴻,335,79,256,群益金鼎,2023-02-14,9100
00830,國泰費城半導體,295,47,248,群益金鼎,2023-02-14,9100
00642U,期元大S＆P石油,243,2,241,群益金鼎,2023-02-14,9100
00896,中信綠能及電動車,223,0,223,群益金鼎,2023-02-14,9100
2610,華航,279,56,223,群益金鼎,2023-02-14,9100
00876,元大全球5G,219,3,216,群益金鼎,2023-02-14,9100
2049,上銀,216,9,207,群益金鼎,2023-02-14,9100
2492,華新科,206,7,199,群益金鼎,2023-02-14,9100
00679B,元大美債20年,318,120,198,群益金鼎,2023-02-14,9100
6770,力積電,153,4,149,群益金鼎,2023-02-14,9100
2356,英業達,121,0,121,群益金鼎,2023-02-14,9100
1909,榮成,123,4,119,群益金鼎,2023-02-14,9100
2006,東和鋼鐵,128,12,116,群益金鼎,2023-02-14,9100
3624,光頡,112,0,112,群益金鼎,2023-02-14,9100
1305,華夏,112,0,112,群益金鼎,2023-02-14,9100
1605,華新,172,61,111,群益金鼎,2023-02-14,9100
3105,穩懋,118,11,107,群益金鼎,2023-02-14,9100
1802,台玻,106,4,102,群益金鼎,2023-02-14,9100
00895,富邦未來車,301,200,101,群益金鼎,2023-02-14,9100
3260,威剛,103,3,100,群益金鼎,2023-02-14,9100
2409,友達,139,46,93,群益金鼎,2023-02-14,9100
00651R,復華香港反1,93,0,93,群益金鼎,2023-02-14,9100
2376,技嘉,91,4,87,群益金鼎,2023-02-14,9100
2330,台積電,105,21,84,群益金鼎,2023-02-14,9100
00917,中信特選金融,208,124,84,群益金鼎,2023-02-14,9100
3406,玉晶光,97,17,80,群益金鼎,2023-02-14,9100
6274,台燿,88,9,79,群益金鼎,2023-02-14,9100
2027,大成鋼,77,0,77,群益金鼎,2023-02-14,9100
3707,漢磊,79,9,70,群益金鼎,2023-02-14,9100
2897,王道銀行,63,0,63,群益金鼎,2023-02-14,9100
2609,陽明,69,8,61,群益金鼎,2023-02-14,9100
00633L,富邦上証正2,101,41,60,群益金鼎,2023-02-14,9100
2881,富邦金,90,33,57,群益金鼎,2023-02-14,9100
0052,富邦科技,54,0,54,群益金鼎,2023-02-14,9100
1101,台泥,64,10,54,群益金鼎,2023-02-14,9100
00888,永豐台灣ESG,53,0,53,群益金鼎,2023-02-14,9100
00897,富邦基因免疫生技,100,48,52,群益金鼎,2023-02-14,9100
8121,越峰,50,0,50,群益金鼎,2023-02-14,9100
00903,富邦元宇宙,50,0,50,群益金鼎,2023-02-14,9100
006208,富邦台50,51,4,47,群益金鼎,2023-02-14,9100
6213,聯茂,50,3,47,群益金鼎,2023-02-14,9100
00632R,元大台灣50反1,13789,545,13244,群益金鼎,2023-02-15,9100
00664R,國泰臺灣加權反1,3229,0,3229,群益金鼎,2023-02-15,9100
00893,國泰智能電動車,3152,802,2350,群益金鼎,2023-02-15,9100
00720B,元大投資級公司債,1327,0,1327,群益金鼎,2023-02-15,9100
00830,國泰費城半導體,1548,412,1136,群益金鼎,2023-02-15,9100
3481,群創,1142,34,1108,群益金鼎,2023-02-15,9100
6182,合晶,996,4,992,群益金鼎,2023-02-15,9100
00715L,期街口布蘭特正2,1057,80,977,群益金鼎,2023-02-15,9100
2886,兆豐金,911,4,907,群益金鼎,2023-02-15,9100
00919,群益台灣精選高息,1430,525,905,群益金鼎,2023-02-15,9100
00917,中信特選金融,828,20,808,群益金鼎,2023-02-15,9100
00670L,富邦NASDAQ正2,779,31,748,群益金鼎,2023-02-15,9100
5425,台半,622,59,563,群益金鼎,2023-02-15,9100
3260,威剛,516,1,515,群益金鼎,2023-02-15,9100
00895,富邦未來車,406,1,405,群益金鼎,2023-02-15,9100
2618,長榮航,1086,703,383,群益金鼎,2023-02-15,9100
1605,華新,468,117,351,群益金鼎,2023-02-15,9100
2610,華航,362,22,340,群益金鼎,2023-02-15,9100
006205,富邦上証,524,187,337,群益金鼎,2023-02-15,9100
00669R,國泰美國道瓊反1,351,22,329,群益金鼎,2023-02-15,9100
00852L,國泰美國道瓊正2,309,0,309,群益金鼎,2023-02-15,9100
3035,智原,324,30,294,群益金鼎,2023-02-15,9100
6143,振曜,289,1,288,群益金鼎,2023-02-15,9100
2615,萬海,287,3,284,群益金鼎,2023-02-15,9100
2409,友達,311,42,269,群益金鼎,2023-02-15,9100
2353,宏��,260,0,260,群益金鼎,2023-02-15,9100
2356,英業達,254,0,254,群益金鼎,2023-02-15,9100
2337,旺宏,238,7,231,群益金鼎,2023-02-15,9100
00892,富邦台灣半導體,472,243,229,群益金鼎,2023-02-15,9100
3105,穩懋,235,7,228,群益金鼎,2023-02-15,9100
6770,力積電,247,21,226,群益金鼎,2023-02-15,9100
00662,富邦NASDAQ,204,0,204,群益金鼎,2023-02-15,9100
00751B,元大AAA至A公司債,522,321,201,群益金鼎,2023-02-15,9100
1717,長興,172,5,167,群益金鼎,2023-02-15,9100
00912,中信臺灣智慧50,159,0,159,群益金鼎,2023-02-15,9100
3006,晶豪科,159,3,156,群益金鼎,2023-02-15,9100
00916,國泰全球品牌50,156,0,156,群益金鼎,2023-02-15,9100
5285,界霖,150,2,148,群益金鼎,2023-02-15,9100
1909,榮成,147,1,146,群益金鼎,2023-02-15,9100
00888,永豐台灣ESG,246,102,144,群益金鼎,2023-02-15,9100
2637,慧洋-KY,132,0,132,群益金鼎,2023-02-15,9100
8171,天宇,127,2,125,群益金鼎,2023-02-15,9100
3017,奇鋐,143,23,120,群益金鼎,2023-02-15,9100
6290,良維,168,49,119,群益金鼎,2023-02-15,9100
1802,台玻,121,2,119,群益金鼎,2023-02-15,9100
2609,陽明,121,5,116,群益金鼎,2023-02-15,9100
3711,日月光投控,109,12,97,群益金鼎,2023-02-15,9100
0056,元大高股息,109,12,97,群益金鼎,2023-02-15,9100
1440,南紡,95,1,94,群益金鼎,2023-02-15,9100
2330,台積電,175,84,91,群益金鼎,2023-02-15,9100
00665L,富邦�琤肭磪囓�2,3906,780,3126,群益金鼎,2023-02-16,9100
00637L,元大滬深300正2,2630,1400,1230,群益金鼎,2023-02-16,9100
2455,全新,1005,59,946,群益金鼎,2023-02-16,9100
2610,華航,721,36,685,群益金鼎,2023-02-16,9100
00916,國泰全球品牌50,602,16,586,群益金鼎,2023-02-16,9100
00830,國泰費城半導體,606,63,543,群益金鼎,2023-02-16,9100
2707,晶華,545,2,543,群益金鼎,2023-02-16,9100
00715L,期街口布蘭特正2,513,2,511,群益金鼎,2023-02-16,9100
1605,華新,670,199,471,群益金鼎,2023-02-16,9100
00893,國泰智能電動車,713,247,466,群益金鼎,2023-02-16,9100
2377,微星,393,7,386,群益金鼎,2023-02-16,9100
00895,富邦未來車,432,101,331,群益金鼎,2023-02-16,9100
3481,群創,377,46,331,群益金鼎,2023-02-16,9100
2609,陽明,284,20,264,群益金鼎,2023-02-16,9100
8358,金居,242,1,241,群益金鼎,2023-02-16,9100
2492,華新科,223,4,219,群益金鼎,2023-02-16,9100
1513,中興電,204,17,187,群益金鼎,2023-02-16,9100
2201,裕隆,368,191,177,群益金鼎,2023-02-16,9100
2330,台積電,195,26,169,群益金鼎,2023-02-16,9100
00636,國泰中國A50,161,1,160,群益金鼎,2023-02-16,9100
2748,雲品,167,11,156,群益金鼎,2023-02-16,9100
3017,奇鋐,139,2,137,群益金鼎,2023-02-16,9100
4915,致伸,138,2,136,群益金鼎,2023-02-16,9100
2888,新光金,131,0,131,群益金鼎,2023-02-16,9100
3058,立德,117,1,116,群益金鼎,2023-02-16,9100
8155,博智,115,0,115,群益金鼎,2023-02-16,9100
2327,國巨,126,11,115,群益金鼎,2023-02-16,9100
2498,宏達電,121,15,106,群益金鼎,2023-02-16,9100
2329,華泰,104,3,101,群益金鼎,2023-02-16,9100
00897,富邦基因免疫生技,100,0,100,群益金鼎,2023-02-16,9100
3413,京鼎,100,0,100,群益金鼎,2023-02-16,9100
2883,凱基金,129,31,98,群益金鼎,2023-02-16,9100
6290,良維,102,8,94,群益金鼎,2023-02-16,9100
2634,漢翔,106,12,94,群益金鼎,2023-02-16,9100
4128,中天,95,1,94,群益金鼎,2023-02-16,9100
3704,合勤控,104,11,93,群益金鼎,2023-02-16,9100
8069,元太,260,169,91,群益金鼎,2023-02-16,9100
2885,元大金,92,1,91,群益金鼎,2023-02-16,9100
6104,創惟,120,29,91,群益金鼎,2023-02-16,9100
2890,永豐金,89,0,89,群益金鼎,2023-02-16,9100
6279,胡連,97,9,88,群益金鼎,2023-02-16,9100
3034,聯詠,88,1,87,群益金鼎,2023-02-16,9100
2328,廣宇,88,3,85,群益金鼎,2023-02-16,9100
00643,群益深証中小,82,2,80,群益金鼎,2023-02-16,9100
4155,訊映,80,0,80,群益金鼎,2023-02-16,9100
00909,國泰數位支付服務,199,121,78,群益金鼎,2023-02-16,9100
3617,碩天,110,33,77,群益金鼎,2023-02-16,9100
2881,富邦金,75,1,74,群益金鼎,2023-02-16,9100
6770,力積電,76,2,74,群益金鼎,2023-02-16,9100
00651R,復華香港反1,154,84,70,群益金鼎,2023-02-16,9100
00632R,元大台灣50反1,15401,10,15391,群益金鼎,2023-02-17,9100
00893,國泰智能電動車,5007,1678,3329,群益金鼎,2023-02-17,9100
1605,華新,2880,178,2702,群益金鼎,2023-02-17,9100
00669R,國泰美國道瓊反1,2285,0,2285,群益金鼎,2023-02-17,9100
00892,富邦台灣半導體,1924,227,1697,群益金鼎,2023-02-17,9100
00664R,國泰臺灣加權反1,1106,0,1106,群益金鼎,2023-02-17,9100
2409,友達,1077,17,1060,群益金鼎,2023-02-17,9100
2303,聯電,1018,23,995,群益金鼎,2023-02-17,9100
00686R,群益臺灣加權反1,800,0,800,群益金鼎,2023-02-17,9100
00673R,期元大S＆P原油反1,630,0,630,群益金鼎,2023-02-17,9100
00671R,富邦NASDAQ反1,550,111,439,群益金鼎,2023-02-17,9100
8069,元太,685,312,373,群益金鼎,2023-02-17,9100
6104,創惟,390,45,345,群益金鼎,2023-02-17,9100
00862B,中信投資級公司債,446,138,308,群益金鼎,2023-02-17,9100
6770,力積電,262,0,262,群益金鼎,2023-02-17,9100
3264,欣銓,257,1,256,群益金鼎,2023-02-17,9100
9939,宏全,282,27,255,群益金鼎,2023-02-17,9100
5258,虹堡,268,14,254,群益金鼎,2023-02-17,9100
00919,群益台灣精選高息,296,50,246,群益金鼎,2023-02-17,9100
00638R,元大滬深300反1,230,0,230,群益金鼎,2023-02-17,9100
6282,康舒,223,4,219,群益金鼎,2023-02-17,9100
9910,豐泰,146,0,146,群益金鼎,2023-02-17,9100
2206,三陽工業,138,8,130,群益金鼎,2023-02-17,9100
6274,台燿,127,1,126,群益金鼎,2023-02-17,9100
00888,永豐台灣ESG,143,24,119,群益金鼎,2023-02-17,9100
4915,致伸,120,3,117,群益金鼎,2023-02-17,9100
2027,大成鋼,117,1,116,群益金鼎,2023-02-17,9100
00674R,期元大S＆P黃金反1,113,0,113,群益金鼎,2023-02-17,9100
00687B,國泰20年美債,111,0,111,群益金鼎,2023-02-17,9100
3217,優群,102,1,101,群益金鼎,2023-02-17,9100
00692,富邦公司治理,151,51,100,群益金鼎,2023-02-17,9100
2882,國泰金,130,35,95,群益金鼎,2023-02-17,9100
2327,國巨,91,5,86,群益金鼎,2023-02-17,9100
3022,威強電,100,17,83,群益金鼎,2023-02-17,9100
4961,天鈺,155,80,75,群益金鼎,2023-02-17,9100
4128,中天,67,0,67,群益金鼎,2023-02-17,9100
4148,全宇生技-KY,64,0,64,群益金鼎,2023-02-17,9100
00921,兆豐龍頭等權重,62,0,62,群益金鼎,2023-02-17,9100
2707,晶華,65,8,57,群益金鼎,2023-02-17,9100
1513,中興電,202,146,56,群益金鼎,2023-02-17,9100
006205,富邦上証,194,139,55,群益金鼎,2023-02-17,9100
2618,長榮航,1550,1495,55,群益金鼎,2023-02-17,9100
2634,漢翔,188,134,54,群益金鼎,2023-02-17,9100
6488,環球晶,53,0,53,群益金鼎,2023-02-17,9100
9938,百和,52,0,52,群益金鼎,2023-02-17,9100
3443,創意,73,22,51,群益金鼎,2023-02-17,9100
2376,技嘉,57,7,50,群益金鼎,2023-02-17,9100
00733,富邦臺灣中小,46,0,46,群益金鼎,2023-02-17,9100
00863B,中信全球電信債,88,43,45,群益金鼎,2023-02-17,9100
00912,中信臺灣智慧50,45,0,45,群益金鼎,2023-02-17,9100
00671R,富邦NASDAQ反1,3505,0,3505,群益金鼎,2023-02-20,9100
00673R,期元大S＆P原油反1,2721,150,2571,群益金鼎,2023-02-20,9100
2409,友達,1153,44,1109,群益金鼎,2023-02-20,9100
2303,聯電,1038,8,1030,群益金鼎,2023-02-20,9100
00881,國泰台灣5G+,707,12,695,群益金鼎,2023-02-20,9100
00919,群益台灣精選高息,477,69,408,群益金鼎,2023-02-20,9100
00895,富邦未來車,513,152,361,群益金鼎,2023-02-20,9100
3481,群創,473,156,317,群益金鼎,2023-02-20,9100
2492,華新科,241,12,229,群益金鼎,2023-02-20,9100
00708L,期元大S＆P黃金正2,224,0,224,群益金鼎,2023-02-20,9100
0052,富邦科技,220,1,219,群益金鼎,2023-02-20,9100
5009,榮剛,261,46,215,群益金鼎,2023-02-20,9100
00892,富邦台灣半導體,414,217,197,群益金鼎,2023-02-20,9100
00638R,元大滬深300反1,186,0,186,群益金鼎,2023-02-20,9100
2609,陽明,186,2,184,群益金鼎,2023-02-20,9100
00891,中信關鍵半導體,172,0,172,群益金鼎,2023-02-20,9100
6116,彩晶,174,12,162,群益金鼎,2023-02-20,9100
1519,華城,194,42,152,群益金鼎,2023-02-20,9100
2881,富邦金,161,11,150,群益金鼎,2023-02-20,9100
8086,宏捷科,167,19,148,群益金鼎,2023-02-20,9100
3346,麗清,144,3,141,群益金鼎,2023-02-20,9100
5258,虹堡,159,25,134,群益金鼎,2023-02-20,9100
6770,力積電,132,2,130,群益金鼎,2023-02-20,9100
2312,金寶,125,0,125,群益金鼎,2023-02-20,9100
6443,元晶,144,19,125,群益金鼎,2023-02-20,9100
00917,中信特選金融,433,309,124,群益金鼎,2023-02-20,9100
6274,台燿,122,4,118,群益金鼎,2023-02-20,9100
2201,裕隆,157,39,118,群益金鼎,2023-02-20,9100
4128,中天,124,9,115,群益金鼎,2023-02-20,9100
00907,永豐優息存股,103,1,102,群益金鼎,2023-02-20,9100
00903,富邦元宇宙,100,0,100,群益金鼎,2023-02-20,9100
3390,旭軟,100,0,100,群益金鼎,2023-02-20,9100
5388,中磊,106,8,98,群益金鼎,2023-02-20,9100
3260,威剛,98,0,98,群益金鼎,2023-02-20,9100
5285,界霖,95,3,92,群益金鼎,2023-02-20,9100
3006,晶豪科,102,16,86,群益金鼎,2023-02-20,9100
3264,欣銓,103,17,86,群益金鼎,2023-02-20,9100
00878,國泰永續高股息,685,606,79,群益金鼎,2023-02-20,9100
8016,矽創,77,2,75,群益金鼎,2023-02-20,9100
8044,網家,82,10,72,群益金鼎,2023-02-20,9100
00645,富邦日本,72,0,72,群益金鼎,2023-02-20,9100
6245,立端,145,75,70,群益金鼎,2023-02-20,9100
2006,東和鋼鐵,70,0,70,群益金鼎,2023-02-20,9100
1609,大亞,79,10,69,群益金鼎,2023-02-20,9100
8069,元太,72,8,64,群益金鼎,2023-02-20,9100
5483,中美晶,71,8,63,群益金鼎,2023-02-20,9100
00894,中信小資高價30,61,0,61,群益金鼎,2023-02-20,9100
6213,聯茂,60,0,60,群益金鼎,2023-02-20,9100
3545,敦泰,59,4,55,群益金鼎,2023-02-20,9100
8027,鈦昇,56,1,55,群益金鼎,2023-02-20,9100
3481,群創,8911,273,8638,群益金鼎,2023-02-21,9100
00632R,元大台灣50反1,6423,0,6423,群益金鼎,2023-02-21,9100
00673R,期元大S＆P原油反1,3911,5,3906,群益金鼎,2023-02-21,9100
2002,中鋼,2000,8,1992,群益金鼎,2023-02-21,9100
00669R,國泰美國道瓊反1,1756,0,1756,群益金鼎,2023-02-21,9100
00637L,元大滬深300正2,1373,6,1367,群益金鼎,2023-02-21,9100
2618,長榮航,1440,286,1154,群益金鼎,2023-02-21,9100
1102,亞泥,1000,1,999,群益金鼎,2023-02-21,9100
00882,中信中國高股息,686,35,651,群益金鼎,2023-02-21,9100
6282,康舒,747,200,547,群益金鼎,2023-02-21,9100
2303,聯電,543,3,540,群益金鼎,2023-02-21,9100
00671R,富邦NASDAQ反1,482,0,482,群益金鼎,2023-02-21,9100
5009,榮剛,665,188,477,群益金鼎,2023-02-21,9100
00664R,國泰臺灣加權反1,450,0,450,群益金鼎,2023-02-21,9100
00686R,群益臺灣加權反1,400,0,400,群益金鼎,2023-02-21,9100
00891,中信關鍵半導體,337,0,337,群益金鼎,2023-02-21,9100
2409,友達,361,112,249,群益金鼎,2023-02-21,9100
1402,遠東新,240,1,239,群益金鼎,2023-02-21,9100
2388,威盛,287,54,233,群益金鼎,2023-02-21,9100
00636,國泰中國A50,265,43,222,群益金鼎,2023-02-21,9100
1504,東元,198,0,198,群益金鼎,2023-02-21,9100
00894,中信小資高價30,198,1,197,群益金鼎,2023-02-21,9100
00905,FT臺灣Smart,194,0,194,群益金鼎,2023-02-21,9100
3217,優群,190,3,187,群益金鼎,2023-02-21,9100
00633L,富邦上証正2,172,0,172,群益金鼎,2023-02-21,9100
00643,群益深証中小,259,111,148,群益金鼎,2023-02-21,9100
3527,聚積,132,0,132,群益金鼎,2023-02-21,9100
00892,富邦台灣半導體,155,26,129,群益金鼎,2023-02-21,9100
6274,台燿,130,2,128,群益金鼎,2023-02-21,9100
3276,宇環,125,0,125,群益金鼎,2023-02-21,9100
00919,群益台灣精選高息,136,12,124,群益金鼎,2023-02-21,9100
2615,萬海,136,12,124,群益金鼎,2023-02-21,9100
2393,億光,120,3,117,群益金鼎,2023-02-21,9100
2609,陽明,130,14,116,群益金鼎,2023-02-21,9100
00895,富邦未來車,114,0,114,群益金鼎,2023-02-21,9100
2201,裕隆,127,17,110,群益金鼎,2023-02-21,9100
2457,飛宏,335,231,104,群益金鼎,2023-02-21,9100
3231,緯創,101,1,100,群益金鼎,2023-02-21,9100
00876,元大全球5G,101,1,100,群益金鼎,2023-02-21,9100
00668,國泰美國道瓊,100,0,100,群益金鼎,2023-02-21,9100
6472,保瑞,100,0,100,群益金鼎,2023-02-21,9100
6138,茂達,112,12,100,群益金鼎,2023-02-21,9100
1722,台肥,100,1,99,群益金鼎,2023-02-21,9100
5285,界霖,93,0,93,群益金鼎,2023-02-21,9100
4915,致伸,82,1,81,群益金鼎,2023-02-21,9100
1597,直得,76,0,76,群益金鼎,2023-02-21,9100
2344,華邦電,72,0,72,群益金鼎,2023-02-21,9100
1723,中碳,70,0,70,群益金鼎,2023-02-21,9100
4551,智伸科,70,0,70,群益金鼎,2023-02-21,9100
2603,長榮,79,13,66,群益金鼎,2023-02-21,9100
00673R,期元大S＆P原油反1,3929,205,3724,群益金鼎,2023-02-22,9100
00669R,國泰美國道瓊反1,3395,0,3395,群益金鼎,2023-02-22,9100
01002T,土銀國泰R1,1000,0,1000,群益金鼎,2023-02-22,9100
00632R,元大台灣50反1,851,7,844,群益金鼎,2023-02-22,9100
00671R,富邦NASDAQ反1,658,0,658,群益金鼎,2023-02-22,9100
00715L,期街口布蘭特正2,617,0,617,群益金鼎,2023-02-22,9100
2605,新興,414,3,411,群益金鼎,2023-02-22,9100
00637L,元大滬深300正2,708,326,382,群益金鼎,2023-02-22,9100
3035,智原,535,171,364,群益金鼎,2023-02-22,9100
1218,泰山,265,0,265,群益金鼎,2023-02-22,9100
1783,和康生,256,5,251,群益金鼎,2023-02-22,9100
00638R,元大滬深300反1,245,0,245,群益金鼎,2023-02-22,9100
4746,台耀,242,0,242,群益金鼎,2023-02-22,9100
00917,中信特選金融,262,50,212,群益金鼎,2023-02-22,9100
00891,中信關鍵半導體,216,5,211,群益金鼎,2023-02-22,9100
2707,晶華,256,54,202,群益金鼎,2023-02-22,9100
1301,台塑,215,20,195,群益金鼎,2023-02-22,9100
00896,中信綠能及電動車,194,0,194,群益金鼎,2023-02-22,9100
4919,新唐,175,12,163,群益金鼎,2023-02-22,9100
6026,福邦證,163,0,163,群益金鼎,2023-02-22,9100
3624,光頡,163,5,158,群益金鼎,2023-02-22,9100
3081,聯亞,152,0,152,群益金鼎,2023-02-22,9100
6679,鈺太,136,0,136,群益金鼎,2023-02-22,9100
2748,雲品,148,14,134,群益金鼎,2023-02-22,9100
1434,福懋,120,0,120,群益金鼎,2023-02-22,9100
8016,矽創,135,18,117,群益金鼎,2023-02-22,9100
0052,富邦科技,116,0,116,群益金鼎,2023-02-22,9100
1440,南紡,113,0,113,群益金鼎,2023-02-22,9100
00643,群益深証中小,168,59,109,群益金鼎,2023-02-22,9100
6245,立端,125,18,107,群益金鼎,2023-02-22,9100
00907,永豐優息存股,101,1,100,群益金鼎,2023-02-22,9100
2344,華邦電,93,3,90,群益金鼎,2023-02-22,9100
2382,廣達,87,0,87,群益金鼎,2023-02-22,9100
00773B,中信優先金融債,373,294,79,群益金鼎,2023-02-22,9100
8940,新天地,79,0,79,群益金鼎,2023-02-22,9100
2457,飛宏,95,16,79,群益金鼎,2023-02-22,9100
8163,達方,75,0,75,群益金鼎,2023-02-22,9100
2615,萬海,112,38,74,群益金鼎,2023-02-22,9100
1210,大成,77,3,74,群益金鼎,2023-02-22,9100
6274,台燿,74,2,72,群益金鼎,2023-02-22,9100
2006,東和鋼鐵,71,0,71,群益金鼎,2023-02-22,9100
3217,優群,69,3,66,群益金鼎,2023-02-22,9100
2312,金寶,65,0,65,群益金鼎,2023-02-22,9100
8121,越峰,61,0,61,群益金鼎,2023-02-22,9100
3011,今皓,60,0,60,群益金鼎,2023-02-22,9100
2201,裕隆,105,46,59,群益金鼎,2023-02-22,9100
2409,友達,104,46,58,群益金鼎,2023-02-22,9100
00633L,富邦上証正2,107,50,57,群益金鼎,2023-02-22,9100
00692,富邦公司治理,106,51,55,群益金鼎,2023-02-22,9100
00903,富邦元宇宙,100,46,54,群益金鼎,2023-02-22,9100
00673R,期元大S＆P原油反1,6016,10,6006,群益金鼎,2023-02-23,9100
00669R,國泰美國道瓊反1,3229,1150,2079,群益金鼎,2023-02-23,9100
00671R,富邦NASDAQ反1,1796,47,1749,群益金鼎,2023-02-23,9100
00878,國泰永續高股息,1572,10,1562,群益金鼎,2023-02-23,9100
00900,富邦特選高股息30,1229,5,1224,群益金鼎,2023-02-23,9100
2409,友達,880,28,852,群益金鼎,2023-02-23,9100
2885,元大金,770,0,770,群益金鼎,2023-02-23,9100
00903,富邦元宇宙,750,50,700,群益金鼎,2023-02-23,9100
00891,中信關鍵半導體,666,0,666,群益金鼎,2023-02-23,9100
3624,光頡,600,4,596,群益金鼎,2023-02-23,9100
8069,元太,437,23,414,群益金鼎,2023-02-23,9100
00895,富邦未來車,645,241,404,群益金鼎,2023-02-23,9100
2707,晶華,453,51,402,群益金鼎,2023-02-23,9100
1218,泰山,381,0,381,群益金鼎,2023-02-23,9100
1102,亞泥,351,9,342,群益金鼎,2023-02-23,9100
00881,國泰台灣5G+,331,1,330,群益金鼎,2023-02-23,9100
00713,元大台灣高息低波,541,217,324,群益金鼎,2023-02-23,9100
3037,欣興,368,51,317,群益金鼎,2023-02-23,9100
3708,上緯投控,393,109,284,群益金鼎,2023-02-23,9100
00892,富邦台灣半導體,347,110,237,群益金鼎,2023-02-23,9100
9939,宏全,258,29,229,群益金鼎,2023-02-23,9100
00894,中信小資高價30,190,0,190,群益金鼎,2023-02-23,9100
00720B,元大投資級公司債,343,155,188,群益金鼎,2023-02-23,9100
1305,華夏,170,0,170,群益金鼎,2023-02-23,9100
00708L,期元大S＆P黃金正2,279,110,169,群益金鼎,2023-02-23,9100
2006,東和鋼鐵,167,2,165,群益金鼎,2023-02-23,9100
5258,虹堡,499,341,158,群益金鼎,2023-02-23,9100
00631L,元大台灣50正2,153,2,151,群益金鼎,2023-02-23,9100
00651R,復華香港反1,150,0,150,群益金鼎,2023-02-23,9100
1717,長興,138,0,138,群益金鼎,2023-02-23,9100
2014,中鴻,147,12,135,群益金鼎,2023-02-23,9100
2606,裕民,146,17,129,群益金鼎,2023-02-23,9100
00918,大華優利高填息30,156,31,125,群益金鼎,2023-02-23,9100
2603,長榮,164,42,122,群益金鼎,2023-02-23,9100
00683L,期元大美元指正2,113,0,113,群益金鼎,2023-02-23,9100
2634,漢翔,110,1,109,群益金鼎,2023-02-23,9100
1477,聚陽,110,1,109,群益金鼎,2023-02-23,9100
6732,昇佳電子,109,2,107,群益金鼎,2023-02-23,9100
2412,中華電,102,1,101,群益金鼎,2023-02-23,9100
5608,四維航,113,13,100,群益金鼎,2023-02-23,9100
1707,葡萄王,96,0,96,群益金鼎,2023-02-23,9100
3675,德微,99,5,94,群益金鼎,2023-02-23,9100
0052,富邦科技,92,0,92,群益金鼎,2023-02-23,9100
3006,晶豪科,104,12,92,群益金鼎,2023-02-23,9100
8210,勤誠,84,0,84,群益金鼎,2023-02-23,9100
4958,臻鼎-KY,137,53,84,群益金鼎,2023-02-23,9100
2637,慧洋-KY,118,45,73,群益金鼎,2023-02-23,9100
2206,三陽工業,73,0,73,群益金鼎,2023-02-23,9100
3652,精聯,70,0,70,群益金鼎,2023-02-23,9100
6719,力智,69,1,68,群益金鼎,2023-02-23,9100
00715L,期街口布蘭特正2,4240,407,3833,群益金鼎,2023-02-24,9100
00669R,國泰美國道瓊反1,3801,601,3200,群益金鼎,2023-02-24,9100
00671R,富邦NASDAQ反1,2131,0,2131,群益金鼎,2023-02-24,9100
00673R,期元大S＆P原油反1,2114,0,2114,群益金鼎,2023-02-24,9100
1504,東元,2000,0,2000,群益金鼎,2023-02-24,9100
1216,統一,1780,0,1780,群益金鼎,2023-02-24,9100
00686R,群益臺灣加權反1,1196,0,1196,群益金鼎,2023-02-24,9100
2637,慧洋-KY,1368,222,1146,群益金鼎,2023-02-24,9100
00891,中信關鍵半導體,1005,0,1005,群益金鼎,2023-02-24,9100
2606,裕民,983,111,872,群益金鼎,2023-02-24,9100
00830,國泰費城半導體,797,1,796,群益金鼎,2023-02-24,9100
00893,國泰智能電動車,795,0,795,群益金鼎,2023-02-24,9100
1101,台泥,2119,1356,763,群益金鼎,2023-02-24,9100
3037,欣興,750,109,641,群益金鼎,2023-02-24,9100
00670L,富邦NASDAQ正2,627,5,622,群益金鼎,2023-02-24,9100
3017,奇鋐,618,128,490,群益金鼎,2023-02-24,9100
2891,中信金,473,10,463,群益金鼎,2023-02-24,9100
00917,中信特選金融,526,67,459,群益金鼎,2023-02-24,9100
5608,四維航,539,166,373,群益金鼎,2023-02-24,9100
00896,中信綠能及電動車,322,0,322,群益金鼎,2023-02-24,9100
00894,中信小資高價30,306,0,306,群益金鼎,2023-02-24,9100
006205,富邦上証,374,87,287,群益金鼎,2023-02-24,9100
00895,富邦未來車,250,0,250,群益金鼎,2023-02-24,9100
00900,富邦特選高股息30,238,0,238,群益金鼎,2023-02-24,9100
2634,漢翔,205,3,202,群益金鼎,2023-02-24,9100
2409,友達,207,15,192,群益金鼎,2023-02-24,9100
8289,泰藝,193,6,187,群益金鼎,2023-02-24,9100
2303,聯電,217,43,174,群益金鼎,2023-02-24,9100
00852L,國泰美國道瓊正2,158,0,158,群益金鼎,2023-02-24,9100
4746,台耀,156,0,156,群益金鼎,2023-02-24,9100
00916,國泰全球品牌50,163,12,151,群益金鼎,2023-02-24,9100
1783,和康生,151,1,150,群益金鼎,2023-02-24,9100
5258,虹堡,164,15,149,群益金鼎,2023-02-24,9100
6282,康舒,165,16,149,群益金鼎,2023-02-24,9100
00651R,復華香港反1,127,0,127,群益金鼎,2023-02-24,9100
5009,榮剛,161,40,121,群益金鼎,2023-02-24,9100
00683L,期元大美元指正2,122,5,117,群益金鼎,2023-02-24,9100
6719,力智,128,22,106,群益金鼎,2023-02-24,9100
1215,卜蜂,101,0,101,群益金鼎,2023-02-24,9100
00903,富邦元宇宙,200,100,100,群益金鼎,2023-02-24,9100
00909,國泰數位支付服務,91,0,91,群益金鼎,2023-02-24,9100
1605,華新,102,19,83,群益金鼎,2023-02-24,9100
1210,大成,82,0,82,群益金鼎,2023-02-24,9100
4915,致伸,98,19,79,群益金鼎,2023-02-24,9100
2610,華航,152,78,74,群益金鼎,2023-02-24,9100
00642U,期元大S＆P石油,122,50,72,群益金鼎,2023-02-24,9100
2014,中鴻,83,12,71,群益金鼎,2023-02-24,9100
2317,鴻海,70,0,70,群益金鼎,2023-02-24,9100
2382,廣達,72,2,70,群益金鼎,2023-02-24,9100
8069,元太,87,18,69,群益金鼎,2023-02-24,9100
00632R,元大台灣50反1,6058,31,6027,群益金鼎,2023-03-01,9100
00891,中信關鍵半導體,5205,1,5204,群益金鼎,2023-03-01,9100
00669R,國泰美國道瓊反1,4621,477,4144,群益金鼎,2023-03-01,9100
00671R,富邦NASDAQ反1,2503,30,2473,群益金鼎,2023-03-01,9100
00637L,元大滬深300正2,2762,463,2299,群益金鼎,2023-03-01,9100
00715L,期街口布蘭特正2,2165,0,2165,群益金鼎,2023-03-01,9100
00892,富邦台灣半導體,1873,19,1854,群益金鼎,2023-03-01,9100
3481,群創,2013,175,1838,群益金鼎,2023-03-01,9100
00893,國泰智能電動車,1504,120,1384,群益金鼎,2023-03-01,9100
00881,國泰台灣5G+,1344,0,1344,群益金鼎,2023-03-01,9100
2637,慧洋-KY,753,21,732,群益金鼎,2023-03-01,9100
00642U,期元大S＆P石油,708,39,669,群益金鼎,2023-03-01,9100
00917,中信特選金融,838,177,661,群益金鼎,2023-03-01,9100
2368,金像電,612,0,612,群益金鼎,2023-03-01,9100
00894,中信小資高價30,519,0,519,群益金鼎,2023-03-01,9100
00648R,元大S＆P500反1,506,0,506,群益金鼎,2023-03-01,9100
00636,國泰中國A50,358,9,349,群益金鼎,2023-03-01,9100
00895,富邦未來車,454,106,348,群益金鼎,2023-03-01,9100
00896,中信綠能及電動車,272,0,272,群益金鼎,2023-03-01,9100
9939,宏全,250,12,238,群益金鼎,2023-03-01,9100
00682U,期元大美元指數,238,0,238,群益金鼎,2023-03-01,9100
2606,裕民,245,44,201,群益金鼎,2023-03-01,9100
2912,統一超,201,0,201,群益金鼎,2023-03-01,9100
006208,富邦台50,304,106,198,群益金鼎,2023-03-01,9100
3260,威剛,202,5,197,群益金鼎,2023-03-01,9100
2332,友訊,203,6,197,群益金鼎,2023-03-01,9100
2002,中鋼,341,167,174,群益金鼎,2023-03-01,9100
8069,元太,185,16,169,群益金鼎,2023-03-01,9100
3037,欣興,184,16,168,群益金鼎,2023-03-01,9100
1722,台肥,160,2,158,群益金鼎,2023-03-01,9100
00897,富邦基因免疫生技,190,34,156,群益金鼎,2023-03-01,9100
4746,台耀,155,5,150,群益金鼎,2023-03-01,9100
8436,大江,150,0,150,群益金鼎,2023-03-01,9100
1783,和康生,150,2,148,群益金鼎,2023-03-01,9100
1504,東元,161,20,141,群益金鼎,2023-03-01,9100
5608,四維航,250,110,140,群益金鼎,2023-03-01,9100
6139,亞翔,131,0,131,群益金鼎,2023-03-01,9100
2601,益航,160,33,127,群益金鼎,2023-03-01,9100
5425,台半,231,118,113,群益金鼎,2023-03-01,9100
00692,富邦公司治理,409,296,113,群益金鼎,2023-03-01,9100
00920,富邦ESG綠色電力,212,100,112,群益金鼎,2023-03-01,9100
00888,永豐台灣ESG,131,24,107,群益金鼎,2023-03-01,9100
2412,中華電,103,0,103,群益金鼎,2023-03-01,9100
2633,台灣高鐵,102,0,102,群益金鼎,2023-03-01,9100
2312,金寶,100,0,100,群益金鼎,2023-03-01,9100
2707,晶華,102,6,96,群益金鼎,2023-03-01,9100
2881,富邦金,94,4,90,群益金鼎,2023-03-01,9100
2641,正德,158,70,88,群益金鼎,2023-03-01,9100
2454,聯發科,105,24,81,群益金鼎,2023-03-01,9100
00683L,期元大美元指正2,165,86,79,群益金鼎,2023-03-01,9100
00671R,富邦NASDAQ反1,5833,0,5833,群益金鼎,2023-03-02,9100
00715L,期街口布蘭特正2,2203,0,2203,群益金鼎,2023-03-02,9100
3711,日月光投控,2000,7,1993,群益金鼎,2023-03-02,9100
00642U,期元大S＆P石油,1868,81,1787,群益金鼎,2023-03-02,9100
00900,富邦特選高股息30,1752,1,1751,群益金鼎,2023-03-02,9100
1504,東元,1000,11,989,群益金鼎,2023-03-02,9100
2606,裕民,847,39,808,群益金鼎,2023-03-02,9100
1605,華新,958,189,769,群益金鼎,2023-03-02,9100
1216,統一,647,1,646,群益金鼎,2023-03-02,9100
00648R,元大S＆P500反1,590,4,586,群益金鼎,2023-03-02,9100
00903,富邦元宇宙,700,142,558,群益金鼎,2023-03-02,9100
00664R,國泰臺灣加權反1,490,0,490,群益金鼎,2023-03-02,9100
2332,友訊,365,13,352,群益金鼎,2023-03-02,9100
3260,威剛,303,2,301,群益金鼎,2023-03-02,9100
2377,微星,282,21,261,群益金鼎,2023-03-02,9100
00881,國泰台灣5G+,247,1,246,群益金鼎,2023-03-02,9100
1514,亞力,221,0,221,群益金鼎,2023-03-02,9100
2419,仲琦,240,33,207,群益金鼎,2023-03-02,9100
00896,中信綠能及電動車,200,1,199,群益金鼎,2023-03-02,9100
2641,正德,351,173,178,群益金鼎,2023-03-02,9100
00891,中信關鍵半導體,160,1,159,群益金鼎,2023-03-02,9100
00919,群益台灣精選高息,206,49,157,群益金鼎,2023-03-02,9100
3162,精確,155,2,153,群益金鼎,2023-03-02,9100
4119,旭富,152,0,152,群益金鼎,2023-03-02,9100
4961,天鈺,134,4,130,群益金鼎,2023-03-02,9100
00895,富邦未來車,300,173,127,群益金鼎,2023-03-02,9100
4915,致伸,110,4,106,群益金鼎,2023-03-02,9100
1702,南僑,100,0,100,群益金鼎,2023-03-02,9100
1708,東鹼,96,0,96,群益金鼎,2023-03-02,9100
3231,緯創,94,5,89,群益金鼎,2023-03-02,9100
3362,先進光,132,49,83,群益金鼎,2023-03-02,9100
00692,富邦公司治理,124,46,78,群益金鼎,2023-03-02,9100
00888,永豐台灣ESG,206,133,73,群益金鼎,2023-03-02,9100
5608,四維航,142,70,72,群益金鼎,2023-03-02,9100
6799,來頡,80,9,71,群益金鼎,2023-03-02,9100
3704,合勤控,74,4,70,群益金鼎,2023-03-02,9100
4726,永昕,88,20,68,群益金鼎,2023-03-02,9100
00636,國泰中國A50,110,46,64,群益金鼎,2023-03-02,9100
8046,南電,61,7,54,群益金鼎,2023-03-02,9100
6719,力智,51,0,51,群益金鼎,2023-03-02,9100
1785,光洋科,51,0,51,群益金鼎,2023-03-02,9100
6213,聯茂,51,0,51,群益金鼎,2023-03-02,9100
2636,台驊控股,50,0,50,群益金鼎,2023-03-02,9100
00857B,永豐20年美公債,50,0,50,群益金鼎,2023-03-02,9100
2207,和泰車,50,0,50,群益金鼎,2023-03-02,9100
6781,AES-KY,50,1,49,群益金鼎,2023-03-02,9100
01003T,兆豐新光R1,48,0,48,群益金鼎,2023-03-02,9100
8069,元太,65,19,46,群益金鼎,2023-03-02,9100
2330,台積電,56,13,43,群益金鼎,2023-03-02,9100
00683L,期元大美元指正2,46,4,42,群益金鼎,2023-03-02,9100
00715L,期街口布蘭特正2,2897,103,2794,群益金鼎,2023-03-03,9100
00642U,期元大S＆P石油,2201,0,2201,群益金鼎,2023-03-03,9100
6770,力積電,1679,44,1635,群益金鼎,2023-03-03,9100
2891,中信金,1428,0,1428,群益金鼎,2023-03-03,9100
2883,凱基金,1021,1,1020,群益金鼎,2023-03-03,9100
2888,新光金,940,0,940,群益金鼎,2023-03-03,9100
2884,玉山金,887,24,863,群益金鼎,2023-03-03,9100
2885,元大金,751,3,748,群益金鼎,2023-03-03,9100
2887,台新金,722,0,722,群益金鼎,2023-03-03,9100
2890,永豐金,700,0,700,群益金鼎,2023-03-03,9100
2892,第一金,687,0,687,群益金鼎,2023-03-03,9100
3711,日月光投控,682,0,682,群益金鼎,2023-03-03,9100
2880,華南金,647,0,647,群益金鼎,2023-03-03,9100
6116,彩晶,632,4,628,群益金鼎,2023-03-03,9100
2882,國泰金,606,0,606,群益金鼎,2023-03-03,9100
2881,富邦金,558,5,553,群益金鼎,2023-03-03,9100
8215,明基材,502,0,502,群益金鼎,2023-03-03,9100
2637,慧洋-KY,461,17,444,群益金鼎,2023-03-03,9100
2834,臺企銀,383,21,362,群益金鼎,2023-03-03,9100
00919,群益台灣精選高息,486,153,333,群益金鼎,2023-03-03,9100
2412,中華電,320,8,312,群益金鼎,2023-03-03,9100
1605,華新,329,20,309,群益金鼎,2023-03-03,9100
5876,上海商銀,277,0,277,群益金鼎,2023-03-03,9100
2609,陽明,271,22,249,群益金鼎,2023-03-03,9100
00903,富邦元宇宙,438,200,238,群益金鼎,2023-03-03,9100
3481,群創,785,570,215,群益金鼎,2023-03-03,9100
00830,國泰費城半導體,246,36,210,群益金鼎,2023-03-03,9100
9939,宏全,211,3,208,群益金鼎,2023-03-03,9100
5258,虹堡,248,43,205,群益金鼎,2023-03-03,9100
3034,聯詠,193,1,192,群益金鼎,2023-03-03,9100
00895,富邦未來車,184,0,184,群益金鼎,2023-03-03,9100
3231,緯創,172,2,170,群益金鼎,2023-03-03,9100
2723,美食-KY,160,0,160,群益金鼎,2023-03-03,9100
2332,友訊,157,0,157,群益金鼎,2023-03-03,9100
6670,復盛應用,154,0,154,群益金鼎,2023-03-03,9100
00664R,國泰臺灣加權反1,150,2,148,群益金鼎,2023-03-03,9100
4904,遠傳,138,0,138,群益金鼎,2023-03-03,9100
4938,和碩,132,0,132,群益金鼎,2023-03-03,9100
2610,華航,136,8,128,群益金鼎,2023-03-03,9100
2454,聯發科,172,45,127,群益金鼎,2023-03-03,9100
3045,台灣大,127,0,127,群益金鼎,2023-03-03,9100
2542,興富發,126,0,126,群益金鼎,2023-03-03,9100
2409,友達,129,4,125,群益金鼎,2023-03-03,9100
2393,億光,120,0,120,群益金鼎,2023-03-03,9100
00891,中信關鍵半導體,109,1,108,群益金鼎,2023-03-03,9100
00793B,群益AAA-A醫療債,198,100,98,群益金鼎,2023-03-03,9100
00881,國泰台灣5G+,102,4,98,群益金鼎,2023-03-03,9100
8341,日友,100,3,97,群益金鼎,2023-03-03,9100
1102,亞泥,100,4,96,群益金鼎,2023-03-03,9100
3008,大立光,92,3,89,群益金鼎,2023-03-03,9100
00715L,期街口布蘭特正2,2152,4,2148,群益金鼎,2023-03-06,9100
00632R,元大台灣50反1,6241,4252,1989,群益金鼎,2023-03-06,9100
00642U,期元大S＆P石油,1431,0,1431,群益金鼎,2023-03-06,9100
1301,台塑,1101,3,1098,群益金鼎,2023-03-06,9100
00671R,富邦NASDAQ反1,900,0,900,群益金鼎,2023-03-06,9100
4919,新唐,807,4,803,群益金鼎,2023-03-06,9100
00830,國泰費城半導體,804,40,764,群益金鼎,2023-03-06,9100
00902,中信電池及儲能,859,335,524,群益金鼎,2023-03-06,9100
0050,元大台灣50,524,7,517,群益金鼎,2023-03-06,9100
00895,富邦未來車,558,125,433,群益金鼎,2023-03-06,9100
2457,飛宏,481,58,423,群益金鼎,2023-03-06,9100
6235,華孚,504,83,421,群益金鼎,2023-03-06,9100
00892,富邦台灣半導體,403,4,399,群益金鼎,2023-03-06,9100
00917,中信特選金融,384,0,384,群益金鼎,2023-03-06,9100
6116,彩晶,380,13,367,群益金鼎,2023-03-06,9100
2881,富邦金,303,2,301,群益金鼎,2023-03-06,9100
00891,中信關鍵半導體,313,13,300,群益金鼎,2023-03-06,9100
00683L,期元大美元指正2,320,22,298,群益金鼎,2023-03-06,9100
00920,富邦ESG綠色電力,379,100,279,群益金鼎,2023-03-06,9100
00648R,元大S＆P500反1,219,1,218,群益金鼎,2023-03-06,9100
2388,威盛,326,125,201,群益金鼎,2023-03-06,9100
3481,群創,213,23,190,群益金鼎,2023-03-06,9100
00896,中信綠能及電動車,184,0,184,群益金鼎,2023-03-06,9100
00751B,元大AAA至A公司債,473,294,179,群益金鼎,2023-03-06,9100
3017,奇鋐,185,7,178,群益金鼎,2023-03-06,9100
8069,元太,216,53,163,群益金鼎,2023-03-06,9100
0052,富邦科技,158,19,139,群益金鼎,2023-03-06,9100
3673,TPK-KY,145,9,136,群益金鼎,2023-03-06,9100
00669R,國泰美國道瓊反1,490,372,118,群益金鼎,2023-03-06,9100
3019,亞光,122,4,118,群益金鼎,2023-03-06,9100
2027,大成鋼,103,1,102,群益金鼎,2023-03-06,9100
2486,一詮,100,0,100,群益金鼎,2023-03-06,9100
6443,元晶,111,12,99,群益金鼎,2023-03-06,9100
3013,晟銘電,286,201,85,群益金鼎,2023-03-06,9100
01003T,兆豐新光R1,84,0,84,群益金鼎,2023-03-06,9100
5483,中美晶,85,1,84,群益金鼎,2023-03-06,9100
2449,京元電子,172,88,84,群益金鼎,2023-03-06,9100
00680L,元大美債20正2,80,0,80,群益金鼎,2023-03-06,9100
2328,廣宇,75,1,74,群益金鼎,2023-03-06,9100
006205,富邦上証,187,114,73,群益金鼎,2023-03-06,9100
1229,聯華,72,0,72,群益金鼎,2023-03-06,9100
00643,群益深証中小,246,175,71,群益金鼎,2023-03-06,9100
2344,華邦電,131,60,71,群益金鼎,2023-03-06,9100
2535,達欣工,70,0,70,群益金鼎,2023-03-06,9100
00876,元大全球5G,79,11,68,群益金鼎,2023-03-06,9100
1760,寶齡富錦,139,71,68,群益金鼎,2023-03-06,9100
00916,國泰全球品牌50,67,0,67,群益金鼎,2023-03-06,9100
2340,台亞,70,3,67,群益金鼎,2023-03-06,9100
2206,三陽工業,67,0,67,群益金鼎,2023-03-06,9100
5009,榮剛,68,1,67,群益金鼎,2023-03-06,9100
2303,聯電,1686,8,1678,群益金鼎,2023-03-07,9100
00632R,元大台灣50反1,1508,0,1508,群益金鼎,2023-03-07,9100
6770,力積電,1450,9,1441,群益金鼎,2023-03-07,9100
00715L,期街口布蘭特正2,1625,311,1314,群益金鼎,2023-03-07,9100
00665L,富邦�琤肭磪囓�2,1512,447,1065,群益金鼎,2023-03-07,9100
1605,華新,1051,118,933,群益金鼎,2023-03-07,9100
00686R,群益臺灣加權反1,931,0,931,群益金鼎,2023-03-07,9100
2330,台積電,909,90,819,群益金鼎,2023-03-07,9100
00772B,中信高評級公司債,806,75,731,群益金鼎,2023-03-07,9100
2884,玉山金,702,28,674,群益金鼎,2023-03-07,9100
3711,日月光投控,654,1,653,群益金鼎,2023-03-07,9100
4904,遠傳,582,1,581,群益金鼎,2023-03-07,9100
2049,上銀,596,20,576,群益金鼎,2023-03-07,9100
2886,兆豐金,552,1,551,群益金鼎,2023-03-07,9100
2885,元大金,552,5,547,群益金鼎,2023-03-07,9100
2888,新光金,542,20,522,群益金鼎,2023-03-07,9100
2892,第一金,502,0,502,群益金鼎,2023-03-07,9100
8215,明基材,500,1,499,群益金鼎,2023-03-07,9100
2891,中信金,1042,592,450,群益金鼎,2023-03-07,9100
00893,國泰智能電動車,450,1,449,群益金鼎,2023-03-07,9100
3044,健鼎,441,4,437,群益金鼎,2023-03-07,9100
00683L,期元大美元指正2,460,23,437,群益金鼎,2023-03-07,9100
2887,台新金,422,1,421,群益金鼎,2023-03-07,9100
2890,永豐金,414,1,413,群益金鼎,2023-03-07,9100
2385,群光,400,4,396,群益金鼎,2023-03-07,9100
3231,緯創,292,1,291,群益金鼎,2023-03-07,9100
1304,台聚,250,0,250,群益金鼎,2023-03-07,9100
00642U,期元大S＆P石油,247,0,247,群益金鼎,2023-03-07,9100
00917,中信特選金融,245,0,245,群益金鼎,2023-03-07,9100
2809,京城銀,240,1,239,群益金鼎,2023-03-07,9100
00902,中信電池及儲能,719,493,226,群益金鼎,2023-03-07,9100
1504,東元,532,312,220,群益金鼎,2023-03-07,9100
00920,富邦ESG綠色電力,318,100,218,群益金鼎,2023-03-07,9100
2027,大成鋼,221,22,199,群益金鼎,2023-03-07,9100
5876,上海商銀,177,1,176,群益金鼎,2023-03-07,9100
00692,富邦公司治理,210,38,172,群益金鼎,2023-03-07,9100
3034,聯詠,184,21,163,群益金鼎,2023-03-07,9100
4164,承業醫,191,33,158,群益金鼎,2023-03-07,9100
00670L,富邦NASDAQ正2,157,1,156,群益金鼎,2023-03-07,9100
8069,元太,227,72,155,群益金鼎,2023-03-07,9100
00664R,國泰臺灣加權反1,166,15,151,群益金鼎,2023-03-07,9100
00916,國泰全球品牌50,151,0,151,群益金鼎,2023-03-07,9100
2313,華通,133,14,119,群益金鼎,2023-03-07,9100
00892,富邦台灣半導體,138,22,116,群益金鼎,2023-03-07,9100
00751B,元大AAA至A公司債,450,336,114,群益金鼎,2023-03-07,9100
6290,良維,111,1,110,群益金鼎,2023-03-07,9100
00852L,國泰美國道瓊正2,109,0,109,群益金鼎,2023-03-07,9100
0052,富邦科技,140,31,109,群益金鼎,2023-03-07,9100
1477,聚陽,124,22,102,群益金鼎,2023-03-07,9100
006208,富邦台50,141,40,101,群益金鼎,2023-03-07,9100
00632R,元大台灣50反1,4806,499,4307,群益金鼎,2023-03-08,9100
2412,中華電,1572,143,1429,群益金鼎,2023-03-08,9100
00673R,期元大S＆P原油反1,1260,0,1260,群益金鼎,2023-03-08,9100
00686R,群益臺灣加權反1,1100,0,1100,群益金鼎,2023-03-08,9100
00669R,國泰美國道瓊反1,1099,100,999,群益金鼎,2023-03-08,9100
00648R,元大S＆P500反1,872,0,872,群益金鼎,2023-03-08,9100
00891,中信關鍵半導體,668,3,665,群益金鼎,2023-03-08,9100
0050,元大台灣50,584,17,567,群益金鼎,2023-03-08,9100
00751B,元大AAA至A公司債,863,299,564,群益金鼎,2023-03-08,9100
00773B,中信優先金融債,844,286,558,群益金鼎,2023-03-08,9100
00670L,富邦NASDAQ正2,558,10,548,群益金鼎,2023-03-08,9100
3624,光頡,396,2,394,群益金鼎,2023-03-08,9100
00862B,中信投資級公司債,453,75,378,群益金鼎,2023-03-08,9100
00772B,中信高評級公司債,456,97,359,群益金鼎,2023-03-08,9100
3264,欣銓,328,15,313,群益金鼎,2023-03-08,9100
00892,富邦台灣半導體,349,65,284,群益金鼎,2023-03-08,9100
01003T,兆豐新光R1,244,0,244,群益金鼎,2023-03-08,9100
2809,京城銀,240,0,240,群益金鼎,2023-03-08,9100
00638R,元大滬深300反1,239,0,239,群益金鼎,2023-03-08,9100
00896,中信綠能及電動車,238,0,238,群益金鼎,2023-03-08,9100
2345,智邦,237,3,234,群益金鼎,2023-03-08,9100
6770,力積電,230,1,229,群益金鼎,2023-03-08,9100
00683L,期元大美元指正2,282,60,222,群益金鼎,2023-03-08,9100
3059,華晶科,225,5,220,群益金鼎,2023-03-08,9100
4164,承業醫,232,12,220,群益金鼎,2023-03-08,9100
2634,漢翔,269,50,219,群益金鼎,2023-03-08,9100
2891,中信金,213,0,213,群益金鼎,2023-03-08,9100
2637,慧洋-KY,205,1,204,群益金鼎,2023-03-08,9100
00895,富邦未來車,200,0,200,群益金鼎,2023-03-08,9100
2408,南亞科,200,4,196,群益金鼎,2023-03-08,9100
5009,榮剛,335,161,174,群益金鼎,2023-03-08,9100
006208,富邦台50,181,19,162,群益金鼎,2023-03-08,9100
00923,群益台ESG低碳50,1034,876,158,群益金鼎,2023-03-08,9100
2301,光寶科,154,1,153,群益金鼎,2023-03-08,9100
2886,兆豐金,153,2,151,群益金鼎,2023-03-08,9100
2892,第一金,146,2,144,群益金鼎,2023-03-08,9100
006205,富邦上証,269,125,144,群益金鼎,2023-03-08,9100
00692,富邦公司治理,229,89,140,群益金鼎,2023-03-08,9100
2888,新光金,137,0,137,群益金鼎,2023-03-08,9100
2880,華南金,136,0,136,群益金鼎,2023-03-08,9100
2317,鴻海,136,0,136,群益金鼎,2023-03-08,9100
3652,精聯,170,36,134,群益金鼎,2023-03-08,9100
9933,中鼎,131,13,118,群益金鼎,2023-03-08,9100
3013,晟銘電,139,22,117,群益金鼎,2023-03-08,9100
00830,國泰費城半導體,225,109,116,群益金鼎,2023-03-08,9100
2330,台積電,198,83,115,群益金鼎,2023-03-08,9100
2885,元大金,115,0,115,群益金鼎,2023-03-08,9100
3711,日月光投控,113,4,109,群益金鼎,2023-03-08,9100
2887,台新金,109,0,109,群益金鼎,2023-03-08,9100
4906,正文,105,0,105,群益金鼎,2023-03-08,9100
00891,中信關鍵半導體,1706,4,1702,群益金鼎,2023-03-09,9100
00830,國泰費城半導體,1132,50,1082,群益金鼎,2023-03-09,9100
00669R,國泰美國道瓊反1,957,0,957,群益金鼎,2023-03-09,9100
00892,富邦台灣半導體,903,1,902,群益金鼎,2023-03-09,9100
00673R,期元大S＆P原油反1,662,0,662,群益金鼎,2023-03-09,9100
8046,南電,663,44,619,群益金鼎,2023-03-09,9100
3481,群創,553,49,504,群益金鼎,2023-03-09,9100
2610,華航,528,54,474,群益金鼎,2023-03-09,9100
6116,彩晶,452,0,452,群益金鼎,2023-03-09,9100
00923,群益台ESG低碳50,2069,1622,447,群益金鼎,2023-03-09,9100
00896,中信綠能及電動車,415,0,415,群益金鼎,2023-03-09,9100
00862B,中信投資級公司債,460,75,385,群益金鼎,2023-03-09,9100
2312,金寶,362,0,362,群益金鼎,2023-03-09,9100
3624,光頡,440,101,339,群益金鼎,2023-03-09,9100
00894,中信小資高價30,297,0,297,群益金鼎,2023-03-09,9100
3034,聯詠,294,8,286,群益金鼎,2023-03-09,9100
3260,威剛,300,24,276,群益金鼎,2023-03-09,9100
8069,元太,296,35,261,群益金鼎,2023-03-09,9100
2301,光寶科,237,1,236,群益金鼎,2023-03-09,9100
5309,系統電,220,21,199,群益金鼎,2023-03-09,9100
00902,中信電池及儲能,352,156,196,群益金鼎,2023-03-09,9100
00895,富邦未來車,243,50,193,群益金鼎,2023-03-09,9100
9910,豐泰,171,5,166,群益金鼎,2023-03-09,9100
00636,國泰中國A50,200,39,161,群益金鼎,2023-03-09,9100
2368,金像電,147,5,142,群益金鼎,2023-03-09,9100
3289,宜特,217,82,135,群益金鼎,2023-03-09,9100
0052,富邦科技,132,0,132,群益金鼎,2023-03-09,9100
4142,國光生,140,11,129,群益金鼎,2023-03-09,9100
2641,正德,219,91,128,群益金鼎,2023-03-09,9100
2601,益航,114,0,114,群益金鼎,2023-03-09,9100
00912,中信臺灣智慧50,104,1,103,群益金鼎,2023-03-09,9100
00908,富邦入息REITs+,101,0,101,群益金鼎,2023-03-09,9100
6535,順藥,104,3,101,群益金鼎,2023-03-09,9100
3231,緯創,110,10,100,群益金鼎,2023-03-09,9100
4938,和碩,100,1,99,群益金鼎,2023-03-09,9100
6488,環球晶,100,2,98,群益金鼎,2023-03-09,9100
3707,漢磊,99,3,96,群益金鼎,2023-03-09,9100
8076,伍豐,96,0,96,群益金鼎,2023-03-09,9100
2413,環科,93,0,93,群益金鼎,2023-03-09,9100
00909,國泰數位支付服務,92,0,92,群益金鼎,2023-03-09,9100
00920,富邦ESG綠色電力,190,101,89,群益金鼎,2023-03-09,9100
1907,永豐餘,95,8,87,群益金鼎,2023-03-09,9100
3046,建��,89,13,76,群益金鼎,2023-03-09,9100
00861,元大全球未來通訊,72,0,72,群益金鼎,2023-03-09,9100
4919,新唐,76,11,65,群益金鼎,2023-03-09,9100
6679,鈺太,62,0,62,群益金鼎,2023-03-09,9100
00905,FT臺灣Smart,60,0,60,群益金鼎,2023-03-09,9100
00893,國泰智能電動車,72,13,59,群益金鼎,2023-03-09,9100
2915,潤泰全,60,1,59,群益金鼎,2023-03-09,9100
00762,元大全球AI,56,0,56,群益金鼎,2023-03-09,9100
00673R,期元大S＆P原油反1,12491,500,11991,群益金鼎,2023-03-10,9100
00772B,中信高評級公司債,4434,93,4341,群益金鼎,2023-03-10,9100
00773B,中信優先金融債,3338,21,3317,群益金鼎,2023-03-10,9100
00679B,元大美債20年,2206,0,2206,群益金鼎,2023-03-10,9100
00891,中信關鍵半導體,1494,1,1493,群益金鼎,2023-03-10,9100
00751B,元大AAA至A公司債,1687,250,1437,群益金鼎,2023-03-10,9100
00632R,元大台灣50反1,1461,82,1379,群益金鼎,2023-03-10,9100
00671R,富邦NASDAQ反1,1357,0,1357,群益金鼎,2023-03-10,9100
2303,聯電,1539,213,1326,群益金鼎,2023-03-10,9100
3711,日月光投控,912,3,909,群益金鼎,2023-03-10,9100
00664R,國泰臺灣加權反1,895,0,895,群益金鼎,2023-03-10,9100
00830,國泰費城半導體,762,2,760,群益金鼎,2023-03-10,9100
00862B,中信投資級公司債,603,75,528,群益金鼎,2023-03-10,9100
2357,華碩,518,66,452,群益金鼎,2023-03-10,9100
00795B,中信美國公債20年,697,275,422,群益金鼎,2023-03-10,9100
2891,中信金,366,0,366,群益金鼎,2023-03-10,9100
1722,台肥,350,2,348,群益金鼎,2023-03-10,9100
6770,力積電,365,38,327,群益金鼎,2023-03-10,9100
00669R,國泰美國道瓊反1,2679,2355,324,群益金鼎,2023-03-10,9100
6147,頎邦,311,12,299,群益金鼎,2023-03-10,9100
00720B,元大投資級公司債,300,17,283,群益金鼎,2023-03-10,9100
00706L,期元大S＆P日圓正2,282,0,282,群益金鼎,2023-03-10,9100
2883,凱基金,257,0,257,群益金鼎,2023-03-10,9100
2330,台積電,220,1,219,群益金鼎,2023-03-10,9100
2888,新光金,213,2,211,群益金鼎,2023-03-10,9100
2884,玉山金,206,0,206,群益金鼎,2023-03-10,9100
2885,元大金,204,2,202,群益金鼎,2023-03-10,9100
2890,永豐金,205,5,200,群益金鼎,2023-03-10,9100
00708L,期元大S＆P黃金正2,195,0,195,群益金鼎,2023-03-10,9100
1101,台泥,200,11,189,群益金鼎,2023-03-10,9100
2317,鴻海,185,2,183,群益金鼎,2023-03-10,9100
2331,精英,197,18,179,群益金鼎,2023-03-10,9100
2882,國泰金,197,21,176,群益金鼎,2023-03-10,9100
00908,富邦入息REITs+,173,4,169,群益金鼎,2023-03-10,9100
2881,富邦金,181,15,166,群益金鼎,2023-03-10,9100
2887,台新金,163,0,163,群益金鼎,2023-03-10,9100
3231,緯創,158,0,158,群益金鼎,2023-03-10,9100
00919,群益台灣精選高息,469,312,157,群益金鼎,2023-03-10,9100
2886,兆豐金,157,3,154,群益金鼎,2023-03-10,9100
00863B,中信全球電信債,171,25,146,群益金鼎,2023-03-10,9100
2892,第一金,149,4,145,群益金鼎,2023-03-10,9100
2880,華南金,142,0,142,群益金鼎,2023-03-10,9100
6679,鈺太,145,6,139,群益金鼎,2023-03-10,9100
9933,中鼎,131,0,131,群益金鼎,2023-03-10,9100
00793B,群益AAA-A醫療債,118,0,118,群益金鼎,2023-03-10,9100
4164,承業醫,138,20,118,群益金鼎,2023-03-10,9100
00733,富邦臺灣中小,110,0,110,群益金鼎,2023-03-10,9100
2409,友達,142,36,106,群益金鼎,2023-03-10,9100
0052,富邦科技,120,15,105,群益金鼎,2023-03-10,9100
00792B,群益A級公司債,103,0,103,群益金鼎,2023-03-10,9100
00673R,期元大S＆P原油反1,5586,0,5586,群益金鼎,2023-03-13,9100
2603,長榮,3883,216,3667,群益金鼎,2023-03-13,9100
2892,第一金,1803,1,1802,群益金鼎,2023-03-13,9100
00891,中信關鍵半導體,1449,5,1444,群益金鼎,2023-03-13,9100
00665L,富邦�琤肭磪囓�2,1257,20,1237,群益金鼎,2023-03-13,9100
00895,富邦未來車,1385,410,975,群益金鼎,2023-03-13,9100
00830,國泰費城半導體,1005,38,967,群益金鼎,2023-03-13,9100
1402,遠東新,705,4,701,群益金鼎,2023-03-13,9100
00893,國泰智能電動車,1626,944,682,群益金鼎,2023-03-13,9100
00903,富邦元宇宙,607,0,607,群益金鼎,2023-03-13,9100
00664R,國泰臺灣加權反1,746,152,594,群益金鼎,2023-03-13,9100
00916,國泰全球品牌50,460,1,459,群益金鼎,2023-03-13,9100
2368,金像電,372,12,360,群益金鼎,2023-03-13,9100
00708L,期元大S＆P黃金正2,365,25,340,群益金鼎,2023-03-13,9100
00897,富邦基因免疫生技,755,450,305,群益金鼎,2023-03-13,9100
006208,富邦台50,528,228,300,群益金鼎,2023-03-13,9100
2637,慧洋-KY,304,10,294,群益金鼎,2023-03-13,9100
1477,聚陽,304,11,293,群益金鼎,2023-03-13,9100
8069,元太,400,117,283,群益金鼎,2023-03-13,9100
2888,新光金,276,1,275,群益金鼎,2023-03-13,9100
2883,凱基金,281,10,271,群益金鼎,2023-03-13,9100
00738U,期元大道瓊白銀,249,0,249,群益金鼎,2023-03-13,9100
00909,國泰數位支付服務,431,205,226,群益金鼎,2023-03-13,9100
00692,富邦公司治理,292,67,225,群益金鼎,2023-03-13,9100
2027,大成鋼,208,1,207,群益金鼎,2023-03-13,9100
00892,富邦台灣半導體,600,395,205,群益金鼎,2023-03-13,9100
2308,台達電,208,7,201,群益金鼎,2023-03-13,9100
2890,永豐金,178,0,178,群益金鼎,2023-03-13,9100
2408,南亞科,200,23,177,群益金鼎,2023-03-13,9100
3037,欣興,189,19,170,群益金鼎,2023-03-13,9100
00633L,富邦上証正2,164,0,164,群益金鼎,2023-03-13,9100
2885,元大金,180,20,160,群益金鼎,2023-03-13,9100
1504,東元,250,93,157,群益金鼎,2023-03-13,9100
2887,台新金,174,18,156,群益金鼎,2023-03-13,9100
2330,台積電,172,23,149,群益金鼎,2023-03-13,9100
2891,中信金,178,30,148,群益金鼎,2023-03-13,9100
2606,裕民,155,9,146,群益金鼎,2023-03-13,9100
00636,國泰中國A50,144,5,139,群益金鼎,2023-03-13,9100
00783,富邦中証500,139,1,138,群益金鼎,2023-03-13,9100
2409,友達,144,15,129,群益金鼎,2023-03-13,9100
3034,聯詠,246,118,128,群益金鼎,2023-03-13,9100
00919,群益台灣精選高息,333,208,125,群益金鼎,2023-03-13,9100
2457,飛宏,206,83,123,群益金鼎,2023-03-13,9100
00894,中信小資高價30,120,0,120,群益金鼎,2023-03-13,9100
6535,順藥,118,0,118,群益金鼎,2023-03-13,9100
5009,榮剛,162,47,115,群益金鼎,2023-03-13,9100
00706L,期元大S＆P日圓正2,113,0,113,群益金鼎,2023-03-13,9100
00682U,期元大美元指數,113,0,113,群益金鼎,2023-03-13,9100
3708,上緯投控,191,80,111,群益金鼎,2023-03-13,9100
2880,華南金,110,0,110,群益金鼎,2023-03-13,9100
00673R,期元大S＆P原油反1,21151,4,21147,群益金鼎,2023-03-14,9100
00632R,元大台灣50反1,14525,41,14484,群益金鼎,2023-03-14,9100
00891,中信關鍵半導體,4883,0,4883,群益金鼎,2023-03-14,9100
00671R,富邦NASDAQ反1,4744,0,4744,群益金鼎,2023-03-14,9100
2603,長榮,3128,57,3071,群益金鼎,2023-03-14,9100
00669R,國泰美國道瓊反1,2699,0,2699,群益金鼎,2023-03-14,9100
00897,富邦基因免疫生技,1118,306,812,群益金鼎,2023-03-14,9100
00738U,期元大道瓊白銀,632,0,632,群益金鼎,2023-03-14,9100
00680L,元大美債20正2,534,52,482,群益金鼎,2023-03-14,9100
3264,欣銓,446,16,430,群益金鼎,2023-03-14,9100
00676R,富邦臺灣加權反1,412,0,412,群益金鼎,2023-03-14,9100
00683L,期元大美元指正2,374,18,356,群益金鼎,2023-03-14,9100
2605,新興,354,2,352,群益金鼎,2023-03-14,9100
00920,富邦ESG綠色電力,350,0,350,群益金鼎,2023-03-14,9100
00909,國泰數位支付服務,694,367,327,群益金鼎,2023-03-14,9100
00795B,中信美國公債20年,599,276,323,群益金鼎,2023-03-14,9100
2303,聯電,310,20,290,群益金鼎,2023-03-14,9100
00917,中信特選金融,620,334,286,群益金鼎,2023-03-14,9100
2301,光寶科,253,1,252,群益金鼎,2023-03-14,9100
6244,茂迪,257,55,202,群益金鼎,2023-03-14,9100
2606,裕民,208,18,190,群益金鼎,2023-03-14,9100
0050,元大台灣50,210,20,190,群益金鼎,2023-03-14,9100
2609,陽明,369,209,160,群益金鼎,2023-03-14,9100
00892,富邦台灣半導體,219,67,152,群益金鼎,2023-03-14,9100
00633L,富邦上証正2,151,0,151,群益金鼎,2023-03-14,9100
3044,健鼎,140,0,140,群益金鼎,2023-03-14,9100
00636,國泰中國A50,201,71,130,群益金鼎,2023-03-14,9100
0056,元大高股息,245,127,118,群益金鼎,2023-03-14,9100
00916,國泰全球品牌50,301,193,108,群益金鼎,2023-03-14,9100
2049,上銀,116,9,107,群益金鼎,2023-03-14,9100
2457,飛宏,208,103,105,群益金鼎,2023-03-14,9100
3017,奇鋐,121,16,105,群益金鼎,2023-03-14,9100
2618,長榮航,140,36,104,群益金鼎,2023-03-14,9100
5289,宜鼎,102,0,102,群益金鼎,2023-03-14,9100
3051,力特,100,1,99,群益金鼎,2023-03-14,9100
3481,群創,133,45,88,群益金鼎,2023-03-14,9100
2377,微星,93,9,84,群益金鼎,2023-03-14,9100
1760,寶齡富錦,80,0,80,群益金鼎,2023-03-14,9100
2880,華南金,73,0,73,群益金鼎,2023-03-14,9100
00783,富邦中証500,120,50,70,群益金鼎,2023-03-14,9100
2201,裕隆,74,4,70,群益金鼎,2023-03-14,9100
6535,順藥,68,0,68,群益金鼎,2023-03-14,9100
00708L,期元大S＆P黃金正2,291,223,68,群益金鼎,2023-03-14,9100
3034,聯詠,103,35,68,群益金鼎,2023-03-14,9100
3231,緯創,60,0,60,群益金鼎,2023-03-14,9100
00682U,期元大美元指數,59,0,59,群益金鼎,2023-03-14,9100
2881,富邦金,72,16,56,群益金鼎,2023-03-14,9100
6213,聯茂,50,0,50,群益金鼎,2023-03-14,9100
2897,王道銀行,50,0,50,群益金鼎,2023-03-14,9100
00912,中信臺灣智慧50,50,0,50,群益金鼎,2023-03-14,9100
00673R,期元大S＆P原油反1,10801,250,10551,群益金鼎,2023-03-15,9100
00893,國泰智能電動車,2754,2,2752,群益金鼎,2023-03-15,9100
00891,中信關鍵半導體,2081,0,2081,群益金鼎,2023-03-15,9100
00900,富邦特選高股息30,1508,25,1483,群益金鼎,2023-03-15,9100
00897,富邦基因免疫生技,1135,0,1135,群益金鼎,2023-03-15,9100
00830,國泰費城半導體,983,15,968,群益金鼎,2023-03-15,9100
00637L,元大滬深300正2,624,6,618,群益金鼎,2023-03-15,9100
2610,華航,759,166,593,群益金鼎,2023-03-15,9100
00895,富邦未來車,580,0,580,群益金鼎,2023-03-15,9100
1504,東元,691,159,532,群益金鼎,2023-03-15,9100
4938,和碩,513,0,513,群益金鼎,2023-03-15,9100
00917,中信特選金融,502,0,502,群益金鼎,2023-03-15,9100
00670L,富邦NASDAQ正2,445,20,425,群益金鼎,2023-03-15,9100
6244,茂迪,453,135,318,群益金鼎,2023-03-15,9100
00894,中信小資高價30,306,0,306,群益金鼎,2023-03-15,9100
00908,富邦入息REITs+,391,101,290,群益金鼎,2023-03-15,9100
6182,合晶,285,9,276,群益金鼎,2023-03-15,9100
00916,國泰全球品牌50,262,0,262,群益金鼎,2023-03-15,9100
6443,元晶,284,37,247,群益金鼎,2023-03-15,9100
4164,承業醫,241,2,239,群益金鼎,2023-03-15,9100
00665L,富邦�琤肭磪囓�2,370,131,239,群益金鼎,2023-03-15,9100
00669R,國泰美國道瓊反1,479,250,229,群益金鼎,2023-03-15,9100
3017,奇鋐,267,40,227,群益金鼎,2023-03-15,9100
6163,華電網,223,1,222,群益金鼎,2023-03-15,9100
2891,中信金,236,15,221,群益金鼎,2023-03-15,9100
5388,中磊,286,69,217,群益金鼎,2023-03-15,9100
8046,南電,265,52,213,群益金鼎,2023-03-15,9100
00738U,期元大道瓊白銀,208,0,208,群益金鼎,2023-03-15,9100
3044,健鼎,200,0,200,群益金鼎,2023-03-15,9100
2376,技嘉,236,42,194,群益金鼎,2023-03-15,9100
00852L,國泰美國道瓊正2,157,0,157,群益金鼎,2023-03-15,9100
00640L,富邦日本正2,155,0,155,群益金鼎,2023-03-15,9100
00683L,期元大美元指正2,200,47,153,群益金鼎,2023-03-15,9100
3406,玉晶光,154,6,148,群益金鼎,2023-03-15,9100
5009,榮剛,223,75,148,群益金鼎,2023-03-15,9100
3037,欣興,184,43,141,群益金鼎,2023-03-15,9100
5289,宜鼎,140,8,132,群益金鼎,2023-03-15,9100
00676R,富邦臺灣加權反1,128,0,128,群益金鼎,2023-03-15,9100
5876,上海商銀,122,0,122,群益金鼎,2023-03-15,9100
6235,華孚,138,17,121,群益金鼎,2023-03-15,9100
006208,富邦台50,137,20,117,群益金鼎,2023-03-15,9100
2912,統一超,106,0,106,群益金鼎,2023-03-15,9100
00923,群益台ESG低碳50,132,37,95,群益金鼎,2023-03-15,9100
00692,富邦公司治理,180,91,89,群益金鼎,2023-03-15,9100
00733,富邦臺灣中小,120,34,86,群益金鼎,2023-03-15,9100
00635U,期元大S＆P黃金,85,0,85,群益金鼎,2023-03-15,9100
5340,建榮,82,0,82,群益金鼎,2023-03-15,9100
00719B,元大美債1-3,80,0,80,群益金鼎,2023-03-15,9100
6153,嘉聯益,85,8,77,群益金鼎,2023-03-15,9100
9955,佳龍,81,4,77,群益金鼎,2023-03-15,9100
00673R,期元大S＆P原油反1,15020,2,15018,群益金鼎,2023-03-16,9100
00632R,元大台灣50反1,9210,218,8992,群益金鼎,2023-03-16,9100
00891,中信關鍵半導體,2243,2,2241,群益金鼎,2023-03-16,9100
4164,承業醫,1924,129,1795,群益金鼎,2023-03-16,9100
00669R,國泰美國道瓊反1,1900,200,1700,群益金鼎,2023-03-16,9100
00676R,富邦臺灣加權反1,1605,0,1605,群益金鼎,2023-03-16,9100
00680L,元大美債20正2,1267,15,1252,群益金鼎,2023-03-16,9100
00665L,富邦�琤肭磪囓�2,1161,386,775,群益金鼎,2023-03-16,9100
00830,國泰費城半導體,720,184,536,群益金鼎,2023-03-16,9100
3044,健鼎,280,0,280,群益金鼎,2023-03-16,9100
00683L,期元大美元指正2,226,0,226,群益金鼎,2023-03-16,9100
00706L,期元大S＆P日圓正2,223,0,223,群益金鼎,2023-03-16,9100
6271,同欣電,223,13,210,群益金鼎,2023-03-16,9100
9945,潤泰新,245,38,207,群益金鼎,2023-03-16,9100
3217,優群,252,49,203,群益金鼎,2023-03-16,9100
2368,金像電,210,9,201,群益金鼎,2023-03-16,9100
00910,第一金太空衛星,200,0,200,群益金鼎,2023-03-16,9100
2449,京元電子,180,11,169,群益金鼎,2023-03-16,9100
2603,長榮,227,60,167,群益金鼎,2023-03-16,9100
1477,聚陽,160,0,160,群益金鼎,2023-03-16,9100
5876,上海商銀,161,8,153,群益金鼎,2023-03-16,9100
2308,台達電,153,22,131,群益金鼎,2023-03-16,9100
00670L,富邦NASDAQ正2,128,1,127,群益金鼎,2023-03-16,9100
00635U,期元大S＆P黃金,119,1,118,群益金鼎,2023-03-16,9100
00895,富邦未來車,159,41,118,群益金鼎,2023-03-16,9100
0056,元大高股息,149,44,105,群益金鼎,2023-03-16,9100
6235,華孚,130,29,101,群益金鼎,2023-03-16,9100
2031,新光鋼,94,0,94,群益金鼎,2023-03-16,9100
1440,南紡,90,0,90,群益金鼎,2023-03-16,9100
2615,萬海,103,17,86,群益金鼎,2023-03-16,9100
6182,合晶,96,11,85,群益金鼎,2023-03-16,9100
2486,一詮,87,7,80,群益金鼎,2023-03-16,9100
00697B,元大美債7-10,80,0,80,群益金鼎,2023-03-16,9100
2338,光罩,81,2,79,群益金鼎,2023-03-16,9100
00919,群益台灣精選高息,114,36,78,群益金鼎,2023-03-16,9100
2327,國巨,152,75,77,群益金鼎,2023-03-16,9100
2301,光寶科,400,331,69,群益金鼎,2023-03-16,9100
6679,鈺太,96,28,68,群益金鼎,2023-03-16,9100
3005,神基,70,4,66,群益金鼎,2023-03-16,9100
00681R,元大美債20反1,60,0,60,群益金鼎,2023-03-16,9100
00892,富邦台灣半導體,260,205,55,群益金鼎,2023-03-16,9100
00738U,期元大道瓊白銀,53,0,53,群益金鼎,2023-03-16,9100
6213,聯茂,51,0,51,群益金鼎,2023-03-16,9100
3051,力特,50,0,50,群益金鼎,2023-03-16,9100
00708L,期元大S＆P黃金正2,163,113,50,群益金鼎,2023-03-16,9100
1802,台玻,50,0,50,群益金鼎,2023-03-16,9100
3545,敦泰,51,1,50,群益金鼎,2023-03-16,9100
9910,豐泰,50,0,50,群益金鼎,2023-03-16,9100
00882,中信中國高股息,50,1,49,群益金鼎,2023-03-16,9100
4743,合一,60,12,48,群益金鼎,2023-03-16,9100
00673R,期元大S＆P原油反1,6694,0,6694,群益金鼎,2023-03-17,9100
00891,中信關鍵半導體,2726,1,2725,群益金鼎,2023-03-17,9100
00830,國泰費城半導體,2853,184,2669,群益金鼎,2023-03-17,9100
2883,凱基金,2594,0,2594,群益金鼎,2023-03-17,9100
00893,國泰智能電動車,1276,2,1274,群益金鼎,2023-03-17,9100
00923,群益台ESG低碳50,1189,1,1188,群益金鼎,2023-03-17,9100
00665L,富邦�琤肭磪囓�2,2032,892,1140,群益金鼎,2023-03-17,9100
00669R,國泰美國道瓊反1,1217,200,1017,群益金鼎,2023-03-17,9100
00895,富邦未來車,707,0,707,群益金鼎,2023-03-17,9100
00916,國泰全球品牌50,618,0,618,群益金鼎,2023-03-17,9100
00708L,期元大S＆P黃金正2,676,108,568,群益金鼎,2023-03-17,9100
2303,聯電,640,135,505,群益金鼎,2023-03-17,9100
00892,富邦台灣半導體,637,189,448,群益金鼎,2023-03-17,9100
2317,鴻海,432,45,387,群益金鼎,2023-03-17,9100
3044,健鼎,300,18,282,群益金鼎,2023-03-17,9100
6244,茂迪,503,245,258,群益金鼎,2023-03-17,9100
00917,中信特選金融,236,0,236,群益金鼎,2023-03-17,9100
00882,中信中國高股息,229,0,229,群益金鼎,2023-03-17,9100
2409,友達,237,8,229,群益金鼎,2023-03-17,9100
2383,台光電,226,0,226,群益金鼎,2023-03-17,9100
006208,富邦台50,230,13,217,群益金鼎,2023-03-17,9100
00919,群益台灣精選高息,219,2,217,群益金鼎,2023-03-17,9100
3481,群創,219,14,205,群益金鼎,2023-03-17,9100
2449,京元電子,220,17,203,群益金鼎,2023-03-17,9100
00636,國泰中國A50,213,10,203,群益金鼎,2023-03-17,9100
00881,國泰台灣5G+,221,30,191,群益金鼎,2023-03-17,9100
00706L,期元大S＆P日圓正2,265,75,190,群益金鼎,2023-03-17,9100
00640L,富邦日本正2,168,0,168,群益金鼎,2023-03-17,9100
00852L,國泰美國道瓊正2,167,0,167,群益金鼎,2023-03-17,9100
6505,台塑化,153,1,152,群益金鼎,2023-03-17,9100
00738U,期元大道瓊白銀,147,0,147,群益金鼎,2023-03-17,9100
3264,欣銓,157,22,135,群益金鼎,2023-03-17,9100
4961,天鈺,128,2,126,群益金鼎,2023-03-17,9100
00894,中信小資高價30,123,0,123,群益金鼎,2023-03-17,9100
00643,群益深証中小,155,35,120,群益金鼎,2023-03-17,9100
00792B,群益A級公司債,109,0,109,群益金鼎,2023-03-17,9100
8210,勤誠,103,0,103,群益金鼎,2023-03-17,9100
2476,鉅祥,112,11,101,群益金鼎,2023-03-17,9100
5425,台半,131,31,100,群益金鼎,2023-03-17,9100
00857B,永豐20年美公債,100,0,100,群益金鼎,2023-03-17,9100
6143,振曜,110,11,99,群益金鼎,2023-03-17,9100
00670L,富邦NASDAQ正2,110,13,97,群益金鼎,2023-03-17,9100
5009,榮剛,226,136,90,群益金鼎,2023-03-17,9100
6125,廣運,100,12,88,群益金鼎,2023-03-17,9100
0056,元大高股息,117,29,88,群益金鼎,2023-03-17,9100
00714,群益道瓊美國地產,86,0,86,群益金鼎,2023-03-17,9100
00762,元大全球AI,79,0,79,群益金鼎,2023-03-17,9100
2377,微星,89,12,77,群益金鼎,2023-03-17,9100
2353,宏��,85,10,75,群益金鼎,2023-03-17,9100
6173,信昌電,71,0,71,群益金鼎,2023-03-17,9100
00673R,期元大S＆P原油反1,6179,0,6179,群益金鼎,2023-03-20,9100
00891,中信關鍵半導體,3311,10,3301,群益金鼎,2023-03-20,9100
00773B,中信優先金融債,2605,59,2546,群益金鼎,2023-03-20,9100
2889,國票金,1709,2,1707,群益金鼎,2023-03-20,9100
00679B,元大美債20年,1006,0,1006,群益金鼎,2023-03-20,9100
2603,長榮,1037,37,1000,群益金鼎,2023-03-20,9100
00669R,國泰美國道瓊反1,938,0,938,群益金鼎,2023-03-20,9100
00830,國泰費城半導體,823,0,823,群益金鼎,2023-03-20,9100
2303,聯電,582,72,510,群益金鼎,2023-03-20,9100
2002,中鋼,506,3,503,群益金鼎,2023-03-20,9100
00751B,元大AAA至A公司債,1012,600,412,群益金鼎,2023-03-20,9100
2368,金像電,400,1,399,群益金鼎,2023-03-20,9100
00894,中信小資高價30,394,0,394,群益金鼎,2023-03-20,9100
1101,台泥,302,6,296,群益金鼎,2023-03-20,9100
00919,群益台灣精選高息,273,10,263,群益金鼎,2023-03-20,9100
00651R,復華香港反1,251,0,251,群益金鼎,2023-03-20,9100
00670L,富邦NASDAQ正2,256,5,251,群益金鼎,2023-03-20,9100
5876,上海商銀,237,0,237,群益金鼎,2023-03-20,9100
00881,國泰台灣5G+,235,10,225,群益金鼎,2023-03-20,9100
00708L,期元大S＆P黃金正2,304,123,181,群益金鼎,2023-03-20,9100
00631L,元大台灣50正2,180,2,178,群益金鼎,2023-03-20,9100
2455,全新,222,56,166,群益金鼎,2023-03-20,9100
2615,萬海,174,9,165,群益金鼎,2023-03-20,9100
00893,國泰智能電動車,156,0,156,群益金鼎,2023-03-20,9100
00907,永豐優息存股,243,91,152,群益金鼎,2023-03-20,9100
00900,富邦特選高股息30,150,0,150,群益金鼎,2023-03-20,9100
2338,光罩,213,64,149,群益金鼎,2023-03-20,9100
00792B,群益A級公司債,145,0,145,群益金鼎,2023-03-20,9100
9945,潤泰新,152,18,134,群益金鼎,2023-03-20,9100
2892,第一金,133,1,132,群益金鼎,2023-03-20,9100
2324,仁寶,114,2,112,群益金鼎,2023-03-20,9100
3324,雙鴻,111,3,108,群益金鼎,2023-03-20,9100
00738U,期元大道瓊白銀,103,0,103,群益金鼎,2023-03-20,9100
1522,堤維西,105,3,102,群益金鼎,2023-03-20,9100
1210,大成,101,0,101,群益金鼎,2023-03-20,9100
3006,晶豪科,116,16,100,群益金鼎,2023-03-20,9100
2476,鉅祥,99,3,96,群益金鼎,2023-03-20,9100
006205,富邦上証,220,125,95,群益金鼎,2023-03-20,9100
2486,一詮,95,4,91,群益金鼎,2023-03-20,9100
00648R,元大S＆P500反1,90,0,90,群益金鼎,2023-03-20,9100
2609,陽明,102,13,89,群益金鼎,2023-03-20,9100
3545,敦泰,94,14,80,群益金鼎,2023-03-20,9100
5425,台半,94,14,80,群益金鼎,2023-03-20,9100
2388,威盛,104,26,78,群益金鼎,2023-03-20,9100
6138,茂達,77,0,77,群益金鼎,2023-03-20,9100
00876,元大全球5G,90,13,77,群益金鼎,2023-03-20,9100
2404,漢唐,77,1,76,群益金鼎,2023-03-20,9100
8210,勤誠,73,0,73,群益金鼎,2023-03-20,9100
2330,台積電,73,2,71,群益金鼎,2023-03-20,9100
00862B,中信投資級公司債,161,96,65,群益金鼎,2023-03-20,9100
00632R,元大台灣50反1,7003,0,7003,群益金鼎,2023-03-21,9100
00891,中信關鍵半導體,1423,1,1422,群益金鼎,2023-03-21,9100
2889,國票金,1351,54,1297,群益金鼎,2023-03-21,9100
00893,國泰智能電動車,1190,0,1190,群益金鼎,2023-03-21,9100
5009,榮剛,1091,53,1038,群益金鼎,2023-03-21,9100
00830,國泰費城半導體,1080,53,1027,群益金鼎,2023-03-21,9100
00773B,中信優先金融債,563,75,488,群益金鼎,2023-03-21,9100
2101,南港,454,17,437,群益金鼎,2023-03-21,9100
00671R,富邦NASDAQ反1,364,0,364,群益金鼎,2023-03-21,9100
00651R,復華香港反1,355,0,355,群益金鼎,2023-03-21,9100
2368,金像電,350,10,340,群益金鼎,2023-03-21,9100
00895,富邦未來車,315,0,315,群益金鼎,2023-03-21,9100
2356,英業達,300,11,289,群益金鼎,2023-03-21,9100
2201,裕隆,278,5,273,群益金鼎,2023-03-21,9100
00916,國泰全球品牌50,227,0,227,群益金鼎,2023-03-21,9100
2383,台光電,205,0,205,群益金鼎,2023-03-21,9100
2379,瑞昱,165,1,164,群益金鼎,2023-03-21,9100
6782,視陽,150,0,150,群益金鼎,2023-03-21,9100
2345,智邦,179,39,140,群益金鼎,2023-03-21,9100
6104,創惟,132,1,131,群益金鼎,2023-03-21,9100
1101,台泥,133,7,126,群益金鼎,2023-03-21,9100
2204,中華,125,0,125,群益金鼎,2023-03-21,9100
00683L,期元大美元指正2,196,76,120,群益金鼎,2023-03-21,9100
3217,優群,120,2,118,群益金鼎,2023-03-21,9100
3231,緯創,187,70,117,群益金鼎,2023-03-21,9100
2605,新興,122,5,117,群益金鼎,2023-03-21,9100
00908,富邦入息REITs+,484,369,115,群益金鼎,2023-03-21,9100
8210,勤誠,115,0,115,群益金鼎,2023-03-21,9100
00888,永豐台灣ESG,114,1,113,群益金鼎,2023-03-21,9100
2471,資通,184,72,112,群益金鼎,2023-03-21,9100
2455,全新,177,67,110,群益金鼎,2023-03-21,9100
00697B,元大美債7-10,107,0,107,群益金鼎,2023-03-21,9100
00917,中信特選金融,352,247,105,群益金鼎,2023-03-21,9100
3322,建舜電,104,2,102,群益金鼎,2023-03-21,9100
6026,福邦證,100,0,100,群益金鼎,2023-03-21,9100
1210,大成,100,1,99,群益金鼎,2023-03-21,9100
5351,鈺創,96,0,96,群益金鼎,2023-03-21,9100
4128,中天,95,0,95,群益金鼎,2023-03-21,9100
6223,旺矽,93,1,92,群益金鼎,2023-03-21,9100
006205,富邦上証,217,126,91,群益金鼎,2023-03-21,9100
3324,雙鴻,99,10,89,群益金鼎,2023-03-21,9100
1504,東元,98,12,86,群益金鼎,2023-03-21,9100
2892,第一金,100,15,85,群益金鼎,2023-03-21,9100
6491,晶碩,84,0,84,群益金鼎,2023-03-21,9100
2634,漢翔,92,12,80,群益金鼎,2023-03-21,9100
2303,聯電,117,39,78,群益金鼎,2023-03-21,9100
6756,威鋒電子,78,1,77,群益金鼎,2023-03-21,9100
5353,台林,110,34,76,群益金鼎,2023-03-21,9100
00894,中信小資高價30,71,0,71,群益金鼎,2023-03-21,9100
9914,美利達,70,0,70,群益金鼎,2023-03-21,9100
00665L,富邦�琤肭磪囓�2,3049,114,2935,群益金鼎,2023-03-22,9100
00893,國泰智能電動車,2757,52,2705,群益金鼎,2023-03-22,9100
2889,國票金,2265,25,2240,群益金鼎,2023-03-22,9100
00891,中信關鍵半導體,2158,0,2158,群益金鼎,2023-03-22,9100
00923,群益台ESG低碳50,1499,44,1455,群益金鼎,2023-03-22,9100
00895,富邦未來車,1374,0,1374,群益金鼎,2023-03-22,9100
2637,慧洋-KY,1000,1,999,群益金鼎,2023-03-22,9100
00669R,國泰美國道瓊反1,1565,700,865,群益金鼎,2023-03-22,9100
00916,國泰全球品牌50,580,1,579,群益金鼎,2023-03-22,9100
0050,元大台灣50,579,27,552,群益金鼎,2023-03-22,9100
3260,威剛,555,3,552,群益金鼎,2023-03-22,9100
2301,光寶科,724,200,524,群益金鼎,2023-03-22,9100
00881,國泰台灣5G+,502,14,488,群益金鼎,2023-03-22,9100
00650L,復華香港正2,473,0,473,群益金鼎,2023-03-22,9100
2002,中鋼,400,0,400,群益金鼎,2023-03-22,9100
00631L,元大台灣50正2,401,4,397,群益金鼎,2023-03-22,9100
00673R,期元大S＆P原油反1,449,63,386,群益金鼎,2023-03-22,9100
2881,富邦金,343,0,343,群益金鼎,2023-03-22,9100
2368,金像電,557,255,302,群益金鼎,2023-03-22,9100
00852L,國泰美國道瓊正2,301,0,301,群益金鼎,2023-03-22,9100
9939,宏全,300,5,295,群益金鼎,2023-03-22,9100
00637L,元大滬深300正2,241,0,241,群益金鼎,2023-03-22,9100
2383,台光電,240,0,240,群益金鼎,2023-03-22,9100
006208,富邦台50,231,0,231,群益金鼎,2023-03-22,9100
00715L,期街口布蘭特正2,208,0,208,群益金鼎,2023-03-22,9100
00857B,永豐20年美公債,200,0,200,群益金鼎,2023-03-22,9100
2330,台積電,228,31,197,群益金鼎,2023-03-22,9100
00894,中信小資高價30,195,0,195,群益金鼎,2023-03-22,9100
0056,元大高股息,201,10,191,群益金鼎,2023-03-22,9100
00888,永豐台灣ESG,255,78,177,群益金鼎,2023-03-22,9100
00692,富邦公司治理,162,0,162,群益金鼎,2023-03-22,9100
8084,巨虹,148,3,145,群益金鼎,2023-03-22,9100
3231,緯創,170,43,127,群益金鼎,2023-03-22,9100
2102,泰豐,110,0,110,群益金鼎,2023-03-22,9100
3338,泰碩,103,0,103,群益金鼎,2023-03-22,9100
3059,華晶科,102,0,102,群益金鼎,2023-03-22,9100
2105,正新,100,0,100,群益金鼎,2023-03-22,9100
4503,金雨,99,0,99,群益金鼎,2023-03-22,9100
00648R,元大S＆P500反1,196,100,96,群益金鼎,2023-03-22,9100
6799,來頡,98,4,94,群益金鼎,2023-03-22,9100
3037,欣興,106,12,94,群益金鼎,2023-03-22,9100
00762,元大全球AI,85,0,85,群益金鼎,2023-03-22,9100
00919,群益台灣精選高息,90,6,84,群益金鼎,2023-03-22,9100
006205,富邦上証,205,126,79,群益金鼎,2023-03-22,9100
3521,鴻翊,70,0,70,群益金鼎,2023-03-22,9100
00666R,富邦�琤肭磪齯�1,81,12,69,群益金鼎,2023-03-22,9100
3479,安勤,81,12,69,群益金鼎,2023-03-22,9100
2915,潤泰全,64,0,64,群益金鼎,2023-03-22,9100
3702,大聯大,64,2,62,群益金鼎,2023-03-22,9100
3515,華擎,61,0,61,群益金鼎,2023-03-22,9100
00923,群益台ESG低碳50,3295,14,3281,群益金鼎,2023-03-23,9100
00878,國泰永續高股息,2914,38,2876,群益金鼎,2023-03-23,9100
00642U,期元大S＆P石油,1673,0,1673,群益金鼎,2023-03-23,9100
00900,富邦特選高股息30,1250,1,1249,群益金鼎,2023-03-23,9100
00772B,中信高評級公司債,1255,75,1180,群益金鼎,2023-03-23,9100
2889,國票金,1123,45,1078,群益金鼎,2023-03-23,9100
00715L,期街口布蘭特正2,1073,0,1073,群益金鼎,2023-03-23,9100
00673R,期元大S＆P原油反1,1029,0,1029,群益金鼎,2023-03-23,9100
00773B,中信優先金融債,682,75,607,群益金鼎,2023-03-23,9100
00892,富邦台灣半導體,635,53,582,群益金鼎,2023-03-23,9100
00905,FT臺灣Smart,545,14,531,群益金鼎,2023-03-23,9100
2610,華航,351,7,344,群益金鼎,2023-03-23,9100
9939,宏全,300,0,300,群益金鼎,2023-03-23,9100
00862B,中信投資級公司債,397,99,298,群益金鼎,2023-03-23,9100
2344,華邦電,290,5,285,群益金鼎,2023-03-23,9100
3231,緯創,460,208,252,群益金鼎,2023-03-23,9100
4919,新唐,256,21,235,群益金鼎,2023-03-23,9100
00708L,期元大S＆P黃金正2,355,126,229,群益金鼎,2023-03-23,9100
2408,南亞科,231,3,228,群益金鼎,2023-03-23,9100
00683L,期元大美元指正2,330,120,210,群益金鼎,2023-03-23,9100
00903,富邦元宇宙,204,0,204,群益金鼎,2023-03-23,9100
00917,中信特選金融,259,57,202,群益金鼎,2023-03-23,9100
3362,先進光,181,1,180,群益金鼎,2023-03-23,9100
00830,國泰費城半導體,192,19,173,群益金鼎,2023-03-23,9100
2892,第一金,200,31,169,群益金鼎,2023-03-23,9100
00881,國泰台灣5G+,153,1,152,群益金鼎,2023-03-23,9100
6239,力成,147,0,147,群益金鼎,2023-03-23,9100
00897,富邦基因免疫生技,406,259,147,群益金鼎,2023-03-23,9100
2301,光寶科,166,21,145,群益金鼎,2023-03-23,9100
3432,台端,142,0,142,群益金鼎,2023-03-23,9100
2313,華通,152,11,141,群益金鼎,2023-03-23,9100
3260,威剛,149,12,137,群益金鼎,2023-03-23,9100
3264,欣銓,131,1,130,群益金鼎,2023-03-23,9100
3491,昇達科,168,40,128,群益金鼎,2023-03-23,9100
5258,虹堡,128,2,126,群益金鼎,2023-03-23,9100
006208,富邦台50,151,38,113,群益金鼎,2023-03-23,9100
2329,華泰,115,2,113,群益金鼎,2023-03-23,9100
5534,長虹,110,0,110,群益金鼎,2023-03-23,9100
2002,中鋼,105,1,104,群益金鼎,2023-03-23,9100
00648R,元大S＆P500反1,102,0,102,群益金鼎,2023-03-23,9100
2727,王品,107,6,101,群益金鼎,2023-03-23,9100
2634,漢翔,103,2,101,群益金鼎,2023-03-23,9100
00909,國泰數位支付服務,100,0,100,群益金鼎,2023-03-23,9100
00636,國泰中國A50,153,53,100,群益金鼎,2023-03-23,9100
6443,元晶,132,35,97,群益金鼎,2023-03-23,9100
1319,東陽,107,12,95,群益金鼎,2023-03-23,9100
00894,中信小資高價30,94,0,94,群益金鼎,2023-03-23,9100
8234,新漢,94,0,94,群益金鼎,2023-03-23,9100
6196,帆宣,91,0,91,群益金鼎,2023-03-23,9100
00643,群益深証中小,400,324,76,群益金鼎,2023-03-23,9100
00673R,期元大S＆P原油反1,4491,0,4491,群益金鼎,2023-03-24,9100
00878,國泰永續高股息,3389,15,3374,群益金鼎,2023-03-24,9100
00923,群益台ESG低碳50,2729,22,2707,群益金鼎,2023-03-24,9100
00893,國泰智能電動車,1667,61,1606,群益金鼎,2023-03-24,9100
00830,國泰費城半導體,1270,10,1260,群益金鼎,2023-03-24,9100
2344,華邦電,1095,11,1084,群益金鼎,2023-03-24,9100
00905,FT臺灣Smart,1049,0,1049,群益金鼎,2023-03-24,9100
00916,國泰全球品牌50,976,12,964,群益金鼎,2023-03-24,9100
00881,國泰台灣5G+,779,3,776,群益金鼎,2023-03-24,9100
3481,群創,652,21,631,群益金鼎,2023-03-24,9100
00891,中信關鍵半導體,570,4,566,群益金鼎,2023-03-24,9100
00712,復華富時不動產,4515,4010,505,群益金鼎,2023-03-24,9100
00650L,復華香港正2,468,0,468,群益金鼎,2023-03-24,9100
00669R,國泰美國道瓊反1,414,0,414,群益金鼎,2023-03-24,9100
2313,華通,403,0,403,群益金鼎,2023-03-24,9100
00670L,富邦NASDAQ正2,357,0,357,群益金鼎,2023-03-24,9100
2408,南亞科,355,24,331,群益金鼎,2023-03-24,9100
8171,天宇,303,6,297,群益金鼎,2023-03-24,9100
3714,富采,321,39,282,群益金鼎,2023-03-24,9100
00892,富邦台灣半導體,229,6,223,群益金鼎,2023-03-24,9100
3017,奇鋐,262,42,220,群益金鼎,2023-03-24,9100
00715L,期街口布蘭特正2,205,13,192,群益金鼎,2023-03-24,9100
4919,新唐,211,22,189,群益金鼎,2023-03-24,9100
4128,中天,200,16,184,群益金鼎,2023-03-24,9100
4979,華星光,166,6,160,群益金鼎,2023-03-24,9100
00636,國泰中國A50,156,0,156,群益金鼎,2023-03-24,9100
2351,順德,194,43,151,群益金鼎,2023-03-24,9100
00876,元大全球5G,148,1,147,群益金鼎,2023-03-24,9100
1305,華夏,135,0,135,群益金鼎,2023-03-24,9100
00692,富邦公司治理,153,30,123,群益金鼎,2023-03-24,9100
8121,越峰,123,2,121,群益金鼎,2023-03-24,9100
2634,漢翔,122,11,111,群益金鼎,2023-03-24,9100
00895,富邦未來車,105,0,105,群益金鼎,2023-03-24,9100
5284,jpp-KY,115,13,102,群益金鼎,2023-03-24,9100
00907,永豐優息存股,100,1,99,群益金鼎,2023-03-24,9100
5222,全訊,113,15,98,群益金鼎,2023-03-24,9100
3224,三顧,93,0,93,群益金鼎,2023-03-24,9100
00666R,富邦�琤肭磪齯�1,87,0,87,群益金鼎,2023-03-24,9100
00888,永豐台灣ESG,100,14,86,群益金鼎,2023-03-24,9100
1609,大亞,175,90,85,群益金鼎,2023-03-24,9100
8289,泰藝,107,26,81,群益金鼎,2023-03-24,9100
3035,智原,208,131,77,群益金鼎,2023-03-24,9100
2412,中華電,100,26,74,群益金鼎,2023-03-24,9100
2059,川湖,67,0,67,群益金鼎,2023-03-24,9100
4958,臻鼎-KY,71,5,66,群益金鼎,2023-03-24,9100
00633L,富邦上証正2,110,50,60,群益金鼎,2023-03-24,9100
2385,群光,60,0,60,群益金鼎,2023-03-24,9100
6712,長聖,65,5,60,群益金鼎,2023-03-24,9100
8916,光隆,59,0,59,群益金鼎,2023-03-24,9100
3447,展達,60,2,58,群益金鼎,2023-03-24,9100
00922,國泰台灣領袖50,2360,0,2360,群益金鼎,2023-03-27,9100
00892,富邦台灣半導體,1354,64,1290,群益金鼎,2023-03-27,9100
00900,富邦特選高股息30,1254,0,1254,群益金鼎,2023-03-27,9100
2332,友訊,707,7,700,群益金鼎,2023-03-27,9100
00878,國泰永續高股息,609,13,596,群益金鼎,2023-03-27,9100
00923,群益台ESG低碳50,689,166,523,群益金鼎,2023-03-27,9100
00916,國泰全球品牌50,357,0,357,群益金鼎,2023-03-27,9100
2368,金像電,342,8,334,群益金鼎,2023-03-27,9100
2356,英業達,304,0,304,群益金鼎,2023-03-27,9100
2723,美食-KY,257,0,257,群益金鼎,2023-03-27,9100
00671R,富邦NASDAQ反1,254,0,254,群益金鼎,2023-03-27,9100
6235,華孚,269,18,251,群益金鼎,2023-03-27,9100
3624,光頡,241,3,238,群益金鼎,2023-03-27,9100
2634,漢翔,260,29,231,群益金鼎,2023-03-27,9100
00919,群益台灣精選高息,305,76,229,群益金鼎,2023-03-27,9100
00895,富邦未來車,234,9,225,群益金鼎,2023-03-27,9100
00894,中信小資高價30,225,0,225,群益金鼎,2023-03-27,9100
3231,緯創,287,65,222,群益金鼎,2023-03-27,9100
5309,系統電,202,0,202,群益金鼎,2023-03-27,9100
00680L,元大美債20正2,207,22,185,群益金鼎,2023-03-27,9100
00830,國泰費城半導體,176,9,167,群益金鼎,2023-03-27,9100
8028,昇陽半導體,158,0,158,群益金鼎,2023-03-27,9100
5011,久陽,155,1,154,群益金鼎,2023-03-27,9100
8996,高力,163,22,141,群益金鼎,2023-03-27,9100
3714,富采,279,140,139,群益金鼎,2023-03-27,9100
6285,啟��,150,12,138,群益金鼎,2023-03-27,9100
1609,大亞,332,210,122,群益金鼎,2023-03-27,9100
00714,群益道瓊美國地產,110,1,109,群益金鼎,2023-03-27,9100
2313,華通,108,0,108,群益金鼎,2023-03-27,9100
00907,永豐優息存股,106,0,106,群益金鼎,2023-03-27,9100
2889,國票金,103,0,103,群益金鼎,2023-03-27,9100
00670L,富邦NASDAQ正2,102,0,102,群益金鼎,2023-03-27,9100
00917,中信特選金融,180,79,101,群益金鼎,2023-03-27,9100
2317,鴻海,115,18,97,群益金鼎,2023-03-27,9100
6288,聯嘉,118,22,96,群益金鼎,2023-03-27,9100
6245,立端,85,4,81,群益金鼎,2023-03-27,9100
2002,中鋼,104,25,79,群益金鼎,2023-03-27,9100
0056,元大高股息,91,12,79,群益金鼎,2023-03-27,9100
8155,博智,91,15,76,群益金鼎,2023-03-27,9100
00666R,富邦�琤肭磪齯�1,96,25,71,群益金鼎,2023-03-27,9100
2338,光罩,69,1,68,群益金鼎,2023-03-27,9100
3447,展達,65,0,65,群益金鼎,2023-03-27,9100
2351,順德,81,17,64,群益金鼎,2023-03-27,9100
8222,寶一,171,113,58,群益金鼎,2023-03-27,9100
6152,百一,56,0,56,群益金鼎,2023-03-27,9100
2731,雄獅,54,0,54,群益金鼎,2023-03-27,9100
2382,廣達,352,300,52,群益金鼎,2023-03-27,9100
3289,宜特,80,28,52,群益金鼎,2023-03-27,9100
2352,佳世達,60,9,51,群益金鼎,2023-03-27,9100
2888,新光金,50,0,50,群益金鼎,2023-03-27,9100
00715L,期街口布蘭特正2,5919,0,5919,群益金鼎,2023-03-28,9100
00893,國泰智能電動車,1026,3,1023,群益金鼎,2023-03-28,9100
00669R,國泰美國道瓊反1,939,73,866,群益金鼎,2023-03-28,9100
00891,中信關鍵半導體,716,4,712,群益金鼎,2023-03-28,9100
2891,中信金,1004,509,495,群益金鼎,2023-03-28,9100
00878,國泰永續高股息,478,39,439,群益金鼎,2023-03-28,9100
4979,華星光,434,99,335,群益金鼎,2023-03-28,9100
00852L,國泰美國道瓊正2,305,3,302,群益金鼎,2023-03-28,9100
00923,群益台ESG低碳50,422,146,276,群益金鼎,2023-03-28,9100
00671R,富邦NASDAQ反1,276,10,266,群益金鼎,2023-03-28,9100
00881,國泰台灣5G+,253,0,253,群益金鼎,2023-03-28,9100
2889,國票金,251,2,249,群益金鼎,2023-03-28,9100
1504,東元,278,37,241,群益金鼎,2023-03-28,9100
1216,統一,301,86,215,群益金鼎,2023-03-28,9100
4938,和碩,201,1,200,群益金鼎,2023-03-28,9100
3034,聯詠,200,9,191,群益金鼎,2023-03-28,9100
1101,台泥,206,17,189,群益金鼎,2023-03-28,9100
00664R,國泰臺灣加權反1,178,0,178,群益金鼎,2023-03-28,9100
00895,富邦未來車,176,1,175,群益金鼎,2023-03-28,9100
3624,光頡,184,23,161,群益金鼎,2023-03-28,9100
00850,元大臺灣ESG永續,157,0,157,群益金鼎,2023-03-28,9100
8121,越峰,154,31,123,群益金鼎,2023-03-28,9100
00894,中信小資高價30,121,0,121,群益金鼎,2023-03-28,9100
006208,富邦台50,153,48,105,群益金鼎,2023-03-28,9100
2303,聯電,127,24,103,群益金鼎,2023-03-28,9100
1313,聯成,100,0,100,群益金鼎,2023-03-28,9100
00897,富邦基因免疫生技,100,0,100,群益金鼎,2023-03-28,9100
00674R,期元大S＆P黃金反1,100,0,100,群益金鼎,2023-03-28,9100
00917,中信特選金融,176,77,99,群益金鼎,2023-03-28,9100
00896,中信綠能及電動車,98,0,98,群益金鼎,2023-03-28,9100
1102,亞泥,80,3,77,群益金鼎,2023-03-28,9100
2455,全新,89,16,73,群益金鼎,2023-03-28,9100
2313,華通,94,22,72,群益金鼎,2023-03-28,9100
3231,緯創,159,88,71,群益金鼎,2023-03-28,9100
1303,南亞,71,1,70,群益金鼎,2023-03-28,9100
00733,富邦臺灣中小,70,0,70,群益金鼎,2023-03-28,9100
00636,國泰中國A50,201,138,63,群益金鼎,2023-03-28,9100
4105,東洋,60,0,60,群益金鼎,2023-03-28,9100
4726,永昕,56,0,56,群益金鼎,2023-03-28,9100
5258,虹堡,71,16,55,群益金鼎,2023-03-28,9100
2342,茂矽,302,249,53,群益金鼎,2023-03-28,9100
8916,光隆,50,0,50,群益金鼎,2023-03-28,9100
8478,東哥遊艇,49,0,49,群益金鼎,2023-03-28,9100
3521,鴻翊,72,27,45,群益金鼎,2023-03-28,9100
1301,台塑,51,7,44,群益金鼎,2023-03-28,9100
00888,永豐台灣ESG,43,1,42,群益金鼎,2023-03-28,9100
6223,旺矽,58,18,40,群益金鼎,2023-03-28,9100
4915,致伸,50,10,40,群益金鼎,2023-03-28,9100
4503,金雨,40,0,40,群益金鼎,2023-03-28,9100
2338,光罩,51,11,40,群益金鼎,2023-03-28,9100
00715L,期街口布蘭特正2,4241,7,4234,群益金鼎,2023-03-29,9100
00665L,富邦�琤肭磪囓�2,3707,1032,2675,群益金鼎,2023-03-29,9100
00878,國泰永續高股息,2526,11,2515,群益金鼎,2023-03-29,9100
00637L,元大滬深300正2,2157,31,2126,群益金鼎,2023-03-29,9100
2891,中信金,1200,10,1190,群益金鼎,2023-03-29,9100
00891,中信關鍵半導體,916,3,913,群益金鼎,2023-03-29,9100
00671R,富邦NASDAQ反1,842,0,842,群益金鼎,2023-03-29,9100
00650L,復華香港正2,537,0,537,群益金鼎,2023-03-29,9100
2889,國票金,481,2,479,群益金鼎,2023-03-29,9100
00712,復華富時不動產,405,1,404,群益金鼎,2023-03-29,9100
3034,聯詠,437,62,375,群益金鼎,2023-03-29,9100
0050,元大台灣50,356,4,352,群益金鼎,2023-03-29,9100
00895,富邦未來車,333,1,332,群益金鼎,2023-03-29,9100
00916,國泰全球品牌50,285,0,285,群益金鼎,2023-03-29,9100
2409,友達,304,25,279,群益金鼎,2023-03-29,9100
2457,飛宏,327,81,246,群益金鼎,2023-03-29,9100
2313,華通,238,8,230,群益金鼎,2023-03-29,9100
2353,宏��,166,10,156,群益金鼎,2023-03-29,9100
4938,和碩,150,1,149,群益金鼎,2023-03-29,9100
5243,乙盛-KY,183,49,134,群益金鼎,2023-03-29,9100
5309,系統電,122,1,121,群益金鼎,2023-03-29,9100
1522,堤維西,112,0,112,群益金鼎,2023-03-29,9100
00902,中信電池及儲能,102,1,101,群益金鼎,2023-03-29,9100
3324,雙鴻,125,36,89,群益金鼎,2023-03-29,9100
00861,元大全球未來通訊,86,0,86,群益金鼎,2023-03-29,9100
2201,裕隆,85,0,85,群益金鼎,2023-03-29,9100
3715,定穎投控,155,78,77,群益金鼎,2023-03-29,9100
2408,南亞科,101,25,76,群益金鼎,2023-03-29,9100
00664R,國泰臺灣加權反1,67,0,67,群益金鼎,2023-03-29,9100
00910,第一金太空衛星,87,22,65,群益金鼎,2023-03-29,9100
6239,力成,52,0,52,群益金鼎,2023-03-29,9100
00919,群益台灣精選高息,108,56,52,群益金鼎,2023-03-29,9100
00642U,期元大S＆P石油,51,0,51,群益金鼎,2023-03-29,9100
00888,永豐台灣ESG,63,12,51,群益金鼎,2023-03-29,9100
5347,世界,55,5,50,群益金鼎,2023-03-29,9100
0052,富邦科技,49,1,48,群益金鼎,2023-03-29,9100
2368,金像電,58,11,47,群益金鼎,2023-03-29,9100
6274,台燿,63,17,46,群益金鼎,2023-03-29,9100
5222,全訊,48,2,46,群益金鼎,2023-03-29,9100
00862B,中信投資級公司債,123,77,46,群益金鼎,2023-03-29,9100
3152,璟德,41,0,41,群益金鼎,2023-03-29,9100
2834,臺企銀,50,10,40,群益金鼎,2023-03-29,9100
2610,華航,103,63,40,群益金鼎,2023-03-29,9100
00897,富邦基因免疫生技,176,136,40,群益金鼎,2023-03-29,9100
2892,第一金,36,1,35,群益金鼎,2023-03-29,9100
2382,廣達,38,8,30,群益金鼎,2023-03-29,9100
3653,健策,44,14,30,群益金鼎,2023-03-29,9100
3289,宜特,33,3,30,群益金鼎,2023-03-29,9100
5607,遠雄港,30,0,30,群益金鼎,2023-03-29,9100
2458,義隆,30,1,29,群益金鼎,2023-03-29,9100
00669R,國泰美國道瓊反1,3440,0,3440,群益金鼎,2023-03-30,9100
00715L,期街口布蘭特正2,3051,0,3051,群益金鼎,2023-03-30,9100
00893,國泰智能電動車,2476,4,2472,群益金鼎,2023-03-30,9100
2313,華通,2450,59,2391,群益金鼎,2023-03-30,9100
00878,國泰永續高股息,2546,374,2172,群益金鼎,2023-03-30,9100
00830,國泰費城半導體,1640,50,1590,群益金鼎,2023-03-30,9100
00891,中信關鍵半導體,1386,5,1381,群益金鼎,2023-03-30,9100
00713,元大台灣高息低波,1296,0,1296,群益金鼎,2023-03-30,9100
0050,元大台灣50,1225,614,611,群益金鼎,2023-03-30,9100
00892,富邦台灣半導體,571,0,571,群益金鼎,2023-03-30,9100
00876,元大全球5G,552,0,552,群益金鼎,2023-03-30,9100
00881,國泰台灣5G+,437,0,437,群益金鼎,2023-03-30,9100
2891,中信金,407,0,407,群益金鼎,2023-03-30,9100
00708L,期元大S＆P黃金正2,403,0,403,群益金鼎,2023-03-30,9100
1101,台泥,401,0,401,群益金鼎,2023-03-30,9100
2352,佳世達,374,2,372,群益金鼎,2023-03-30,9100
00852L,國泰美國道瓊正2,354,0,354,群益金鼎,2023-03-30,9100
2419,仲琦,298,0,298,群益金鼎,2023-03-30,9100
2601,益航,275,0,275,群益金鼎,2023-03-30,9100
1409,新纖,253,0,253,群益金鼎,2023-03-30,9100
8155,博智,240,0,240,群益金鼎,2023-03-30,9100
2408,南亞科,388,167,221,群益金鼎,2023-03-30,9100
00888,永豐台灣ESG,220,0,220,群益金鼎,2023-03-30,9100
1513,中興電,216,14,202,群益金鼎,2023-03-30,9100
00861,元大全球未來通訊,175,0,175,群益金鼎,2023-03-30,9100
006208,富邦台50,329,179,150,群益金鼎,2023-03-30,9100
3443,創意,155,5,150,群益金鼎,2023-03-30,9100
4938,和碩,150,15,135,群益金鼎,2023-03-30,9100
01003T,兆豐新光R1,124,0,124,群益金鼎,2023-03-30,9100
4306,炎洲,120,0,120,群益金鼎,2023-03-30,9100
2201,裕隆,114,2,112,群益金鼎,2023-03-30,9100
2457,飛宏,113,1,112,群益金鼎,2023-03-30,9100
1522,堤維西,107,0,107,群益金鼎,2023-03-30,9100
3653,健策,108,14,94,群益金鼎,2023-03-30,9100
00895,富邦未來車,82,0,82,群益金鼎,2023-03-30,9100
8050,廣積,170,91,79,群益金鼎,2023-03-30,9100
00714,群益道瓊美國地產,66,0,66,群益金鼎,2023-03-30,9100
00897,富邦基因免疫生技,266,200,66,群益金鼎,2023-03-30,9100
2049,上銀,65,0,65,群益金鼎,2023-03-30,9100
4123,晟德,64,0,64,群益金鼎,2023-03-30,9100
006207,復華滬深,60,1,59,群益金鼎,2023-03-30,9100
2723,美食-KY,58,3,55,群益金鼎,2023-03-30,9100
00648R,元大S＆P500反1,54,0,54,群益金鼎,2023-03-30,9100
2105,正新,54,1,53,群益金鼎,2023-03-30,9100
3045,台灣大,65,15,50,群益金鼎,2023-03-30,9100
00642U,期元大S＆P石油,50,0,50,群益金鼎,2023-03-30,9100
6213,聯茂,49,0,49,群益金鼎,2023-03-30,9100
00783,富邦中証500,60,11,49,群益金鼎,2023-03-30,9100
00650L,復華香港正2,49,0,49,群益金鼎,2023-03-30,9100
6285,啟��,197,149,48,群益金鼎,2023-03-30,9100
00715L,期街口布蘭特正2,7349,0,7349,群益金鼎,2023-03-31,9100
00878,國泰永續高股息,4511,95,4416,群益金鼎,2023-03-31,9100
00637L,元大滬深300正2,3707,409,3298,群益金鼎,2023-03-31,9100
00893,國泰智能電動車,3186,53,3133,群益金鼎,2023-03-31,9100
00922,國泰台灣領袖50,2201,77,2124,群益金鼎,2023-03-31,9100
3711,日月光投控,2007,150,1857,群益金鼎,2023-03-31,9100
00830,國泰費城半導體,1620,159,1461,群益金鼎,2023-03-31,9100
00923,群益台ESG低碳50,985,28,957,群益金鼎,2023-03-31,9100
00713,元大台灣高息低波,940,0,940,群益金鼎,2023-03-31,9100
00642U,期元大S＆P石油,882,11,871,群益金鼎,2023-03-31,9100
3231,緯創,873,97,776,群益金鼎,2023-03-31,9100
00665L,富邦�琤肭磪囓�2,2176,1438,738,群益金鼎,2023-03-31,9100
2408,南亞科,626,82,544,群益金鼎,2023-03-31,9100
00891,中信關鍵半導體,501,0,501,群益金鼎,2023-03-31,9100
00895,富邦未來車,520,22,498,群益金鼎,2023-03-31,9100
00650L,復華香港正2,402,5,397,群益金鼎,2023-03-31,9100
00669R,國泰美國道瓊反1,392,6,386,群益金鼎,2023-03-31,9100
5309,系統電,506,138,368,群益金鼎,2023-03-31,9100
3006,晶豪科,420,109,311,群益金鼎,2023-03-31,9100
00783,富邦中証500,310,0,310,群益金鼎,2023-03-31,9100
2347,聯強,304,0,304,群益金鼎,2023-03-31,9100
1216,統一,300,0,300,群益金鼎,2023-03-31,9100
0050,元大台灣50,256,0,256,群益金鼎,2023-03-31,9100
4919,新唐,257,5,252,群益金鼎,2023-03-31,9100
1409,新纖,229,0,229,群益金鼎,2023-03-31,9100
00773B,中信優先金融債,291,86,205,群益金鼎,2023-03-31,9100
00631L,元大台灣50正2,183,0,183,群益金鼎,2023-03-31,9100
8358,金居,165,3,162,群益金鼎,2023-03-31,9100
00897,富邦基因免疫生技,365,203,162,群益金鼎,2023-03-31,9100
2344,華邦電,192,34,158,群益金鼎,2023-03-31,9100
2337,旺宏,156,5,151,群益金鼎,2023-03-31,9100
1313,聯成,133,0,133,群益金鼎,2023-03-31,9100
00903,富邦元宇宙,118,0,118,群益金鼎,2023-03-31,9100
00852L,國泰美國道瓊正2,116,0,116,群益金鼎,2023-03-31,9100
00645,富邦日本,113,0,113,群益金鼎,2023-03-31,9100
6548,長科*,120,7,113,群益金鼎,2023-03-31,9100
5534,長虹,102,0,102,群益金鼎,2023-03-31,9100
5351,鈺創,160,58,102,群益金鼎,2023-03-31,9100
8150,南茂,106,5,101,群益金鼎,2023-03-31,9100
1210,大成,101,1,100,群益金鼎,2023-03-31,9100
2301,光寶科,100,0,100,群益金鼎,2023-03-31,9100
00687B,國泰20年美債,100,0,100,群益金鼎,2023-03-31,9100
1102,亞泥,100,1,99,群益金鼎,2023-03-31,9100
2376,技嘉,102,4,98,群益金鼎,2023-03-31,9100
1522,堤維西,97,0,97,群益金鼎,2023-03-31,9100
3680,家登,98,7,91,群益金鼎,2023-03-31,9100
00916,國泰全球品牌50,91,1,90,群益金鼎,2023-03-31,9100
00861,元大全球未來通訊,87,0,87,群益金鼎,2023-03-31,9100
3209,全科,75,1,74,群益金鼎,2023-03-31,9100
00881,國泰台灣5G+,70,0,70,群益金鼎,2023-03-31,9100
00715L,期街口布蘭特正2,7973,40,7933,群益金鼎,2023-04-06,9100
00642U,期元大S＆P石油,7472,11,7461,群益金鼎,2023-04-06,9100
00632R,元大台灣50反1,5703,60,5643,群益金鼎,2023-04-06,9100
00772B,中信高評級公司債,4664,85,4579,群益金鼎,2023-04-06,9100
00720B,元大投資級公司債,2789,0,2789,群益金鼎,2023-04-06,9100
00773B,中信優先金融債,2694,72,2622,群益金鼎,2023-04-06,9100
00680L,元大美債20正2,2344,35,2309,群益金鼎,2023-04-06,9100
00752,中信中國50,2003,0,2003,群益金鼎,2023-04-06,9100
00751B,元大AAA至A公司債,1440,2,1438,群益金鼎,2023-04-06,9100
00878,國泰永續高股息,821,50,771,群益金鼎,2023-04-06,9100
00892,富邦台灣半導體,770,7,763,群益金鼎,2023-04-06,9100
00697B,元大美債7-10,762,0,762,群益金鼎,2023-04-06,9100
00852L,國泰美國道瓊正2,720,1,719,群益金鼎,2023-04-06,9100
00891,中信關鍵半導體,646,0,646,群益金鼎,2023-04-06,9100
2891,中信金,451,15,436,群益金鼎,2023-04-06,9100
00679B,元大美債20年,2519,2088,431,群益金鼎,2023-04-06,9100
2337,旺宏,370,4,366,群益金鼎,2023-04-06,9100
00862B,中信投資級公司債,311,75,236,群益金鼎,2023-04-06,9100
2606,裕民,236,11,225,群益金鼎,2023-04-06,9100
4164,承業醫,226,3,223,群益金鼎,2023-04-06,9100
5483,中美晶,207,8,199,群益金鼎,2023-04-06,9100
00643,群益深証中小,302,109,193,群益金鼎,2023-04-06,9100
1605,華新,201,22,179,群益金鼎,2023-04-06,9100
00917,中信特選金融,182,3,179,群益金鼎,2023-04-06,9100
8121,越峰,167,0,167,群益金鼎,2023-04-06,9100
3045,台灣大,151,2,149,群益金鼎,2023-04-06,9100
00795B,中信美國公債20年,229,83,146,群益金鼎,2023-04-06,9100
00724B,群益投資級金融債,152,6,146,群益金鼎,2023-04-06,9100
1519,華城,149,4,145,群益金鼎,2023-04-06,9100
6271,同欣電,153,18,135,群益金鼎,2023-04-06,9100
00722B,群益投資級電信債,126,0,126,群益金鼎,2023-04-06,9100
8028,昇陽半導體,130,6,124,群益金鼎,2023-04-06,9100
5309,系統電,167,48,119,群益金鼎,2023-04-06,9100
1210,大成,123,4,119,群益金鼎,2023-04-06,9100
2332,友訊,122,5,117,群益金鼎,2023-04-06,9100
00909,國泰數位支付服務,195,80,115,群益金鼎,2023-04-06,9100
2313,華通,112,12,100,群益金鼎,2023-04-06,9100
1409,新纖,100,0,100,群益金鼎,2023-04-06,9100
2476,鉅祥,100,2,98,群益金鼎,2023-04-06,9100
2049,上銀,100,4,96,群益金鼎,2023-04-06,9100
3056,富華新,94,0,94,群益金鼎,2023-04-06,9100
00861,元大全球未來通訊,101,8,93,群益金鼎,2023-04-06,9100
2382,廣達,85,0,85,群益金鼎,2023-04-06,9100
0056,元大高股息,112,29,83,群益金鼎,2023-04-06,9100
2308,台達電,145,62,83,群益金鼎,2023-04-06,9100
3035,智原,84,7,77,群益金鼎,2023-04-06,9100
00708L,期元大S＆P黃金正2,128,61,67,群益金鼎,2023-04-06,9100
2748,雲品,62,1,61,群益金鼎,2023-04-06,9100
8086,宏捷科,61,1,60,群益金鼎,2023-04-06,9100
1762,中化生,61,3,58,群益金鼎,2023-04-06,9100
00642U,期元大S＆P石油,10574,600,9974,群益金鼎,2023-04-07,9100
00637L,元大滬深300正2,2823,32,2791,群益金鼎,2023-04-07,9100
00891,中信關鍵半導體,1059,0,1059,群益金鼎,2023-04-07,9100
00922,國泰台灣領袖50,248,3,245,群益金鼎,2023-04-07,9100
2352,佳世達,255,43,212,群益金鼎,2023-04-07,9100
2382,廣達,203,1,202,群益金鼎,2023-04-07,9100
00909,國泰數位支付服務,207,20,187,群益金鼎,2023-04-07,9100
2356,英業達,225,47,178,群益金鼎,2023-04-07,9100
00636,國泰中國A50,162,2,160,群益金鼎,2023-04-07,9100
2408,南亞科,337,183,154,群益金鼎,2023-04-07,9100
00897,富邦基因免疫生技,199,48,151,群益金鼎,2023-04-07,9100
5284,jpp-KY,172,27,145,群益金鼎,2023-04-07,9100
00916,國泰全球品牌50,125,0,125,群益金鼎,2023-04-07,9100
00683L,期元大美元指正2,110,9,101,群益金鼎,2023-04-07,9100
1409,新纖,100,0,100,群益金鼎,2023-04-07,9100
1313,聯成,100,0,100,群益金鼎,2023-04-07,9100
2882A,國泰特,95,0,95,群益金鼎,2023-04-07,9100
3006,晶豪科,134,51,83,群益金鼎,2023-04-07,9100
8050,廣積,79,4,75,群益金鼎,2023-04-07,9100
00665L,富邦�琤肭磪囓�2,904,834,70,群益金鼎,2023-04-07,9100
2633,台灣高鐵,70,0,70,群益金鼎,2023-04-07,9100
1304,台聚,68,0,68,群益金鼎,2023-04-07,9100
3257,虹冠電,67,2,65,群益金鼎,2023-04-07,9100
2601,益航,63,0,63,群益金鼎,2023-04-07,9100
1702,南僑,62,0,62,群益金鼎,2023-04-07,9100
2330,台積電,67,8,59,群益金鼎,2023-04-07,9100
6282,康舒,60,1,59,群益金鼎,2023-04-07,9100
00635U,期元大S＆P黃金,58,0,58,群益金鼎,2023-04-07,9100
00687B,國泰20年美債,200,147,53,群益金鼎,2023-04-07,9100
2105,正新,50,0,50,群益金鼎,2023-04-07,9100
4306,炎洲,50,0,50,群益金鼎,2023-04-07,9100
3032,偉訓,50,0,50,群益金鼎,2023-04-07,9100
00640L,富邦日本正2,50,1,49,群益金鼎,2023-04-07,9100
2204,中華,48,1,47,群益金鼎,2023-04-07,9100
2345,智邦,53,10,43,群益金鼎,2023-04-07,9100
8027,鈦昇,60,17,43,群益金鼎,2023-04-07,9100
4572,駐龍,40,0,40,群益金鼎,2023-04-07,9100
3231,緯創,71,35,36,群益金鼎,2023-04-07,9100
3324,雙鴻,86,50,36,群益金鼎,2023-04-07,9100
1609,大亞,93,58,35,群益金鼎,2023-04-07,9100
2748,雲品,34,4,30,群益金鼎,2023-04-07,9100
9914,美利達,30,0,30,群益金鼎,2023-04-07,9100
8086,宏捷科,53,23,30,群益金鼎,2023-04-07,9100
2834,臺企銀,30,1,29,群益金鼎,2023-04-07,9100
2201,裕隆,33,4,29,群益金鼎,2023-04-07,9100
6244,茂迪,38,9,29,群益金鼎,2023-04-07,9100
6104,創惟,28,0,28,群益金鼎,2023-04-07,9100
00728,第一金工業30,149,121,28,群益金鼎,2023-04-07,9100
3622,洋華,26,0,26,群益金鼎,2023-04-07,9100
6488,環球晶,25,0,25,群益金鼎,2023-04-07,9100
00715L,期街口布蘭特正2,6262,13,6249,群益金鼎,2023-04-10,9100
00632R,元大台灣50反1,3180,12,3168,群益金鼎,2023-04-10,9100
2344,華邦電,1946,17,1929,群益金鼎,2023-04-10,9100
00878,國泰永續高股息,1124,43,1081,群益金鼎,2023-04-10,9100
3231,緯創,1090,14,1076,群益金鼎,2023-04-10,9100
2408,南亞科,939,5,934,群益金鼎,2023-04-10,9100
2352,佳世達,752,6,746,群益金鼎,2023-04-10,9100
00642U,期元大S＆P石油,781,121,660,群益金鼎,2023-04-10,9100
00713,元大台灣高息低波,456,11,445,群益金鼎,2023-04-10,9100
00891,中信關鍵半導體,387,0,387,群益金鼎,2023-04-10,9100
00714,群益道瓊美國地產,321,0,321,群益金鼎,2023-04-10,9100
4979,華星光,322,17,305,群益金鼎,2023-04-10,9100
1503,士電,207,1,206,群益金鼎,2023-04-10,9100
00881,國泰台灣5G+,205,0,205,群益金鼎,2023-04-10,9100
00857B,永豐20年美公債,200,0,200,群益金鼎,2023-04-10,9100
6285,啟��,222,34,188,群益金鼎,2023-04-10,9100
9958,世紀鋼,179,10,169,群益金鼎,2023-04-10,9100
3034,聯詠,161,3,158,群益金鼎,2023-04-10,9100
2882A,國泰特,155,0,155,群益金鼎,2023-04-10,9100
00923,群益台ESG低碳50,163,13,150,群益金鼎,2023-04-10,9100
2455,全新,174,28,146,群益金鼎,2023-04-10,9100
3481,群創,125,2,123,群益金鼎,2023-04-10,9100
2634,漢翔,136,24,112,群益金鼎,2023-04-10,9100
2308,台達電,111,0,111,群益金鼎,2023-04-10,9100
6125,廣運,110,1,109,群益金鼎,2023-04-10,9100
00680L,元大美債20正2,106,0,106,群益金鼎,2023-04-10,9100
00633L,富邦上証正2,150,50,100,群益金鼎,2023-04-10,9100
1409,新纖,100,0,100,群益金鼎,2023-04-10,9100
00783,富邦中証500,84,0,84,群益金鼎,2023-04-10,9100
2886,兆豐金,84,2,82,群益金鼎,2023-04-10,9100
3592,瑞鼎,80,0,80,群益金鼎,2023-04-10,9100
3324,雙鴻,97,21,76,群益金鼎,2023-04-10,9100
00861,元大全球未來通訊,73,0,73,群益金鼎,2023-04-10,9100
2890,永豐金,77,5,72,群益金鼎,2023-04-10,9100
5299,杰力,68,0,68,群益金鼎,2023-04-10,9100
0056,元大高股息,103,38,65,群益金鼎,2023-04-10,9100
6290,良維,64,0,64,群益金鼎,2023-04-10,9100
00909,國泰數位支付服務,100,40,60,群益金鼎,2023-04-10,9100
2354,鴻準,60,0,60,群益金鼎,2023-04-10,9100
8401,白紗科,55,0,55,群益金鼎,2023-04-10,9100
3017,奇鋐,116,63,53,群益金鼎,2023-04-10,9100
006205,富邦上証,52,0,52,群益金鼎,2023-04-10,9100
00664R,國泰臺灣加權反1,51,0,51,群益金鼎,2023-04-10,9100
2492,華新科,55,9,46,群益金鼎,2023-04-10,9100
00894,中信小資高價30,45,0,45,群益金鼎,2023-04-10,9100
6488,環球晶,52,9,43,群益金鼎,2023-04-10,9100
1513,中興電,123,80,43,群益金鼎,2023-04-10,9100
2356,英業達,40,1,39,群益金鼎,2023-04-10,9100
2457,飛宏,118,81,37,群益金鼎,2023-04-10,9100
2233,宇隆,36,0,36,群益金鼎,2023-04-10,9100
00878,國泰永續高股息,2033,16,2017,群益金鼎,2023-04-11,9100
00715L,期街口布蘭特正2,1230,25,1205,群益金鼎,2023-04-11,9100
3481,群創,760,31,729,群益金鼎,2023-04-11,9100
00669R,國泰美國道瓊反1,855,203,652,群益金鼎,2023-04-11,9100
00922,國泰台灣領袖50,508,0,508,群益金鼎,2023-04-11,9100
2890,永豐金,500,6,494,群益金鼎,2023-04-11,9100
00830,國泰費城半導體,486,0,486,群益金鼎,2023-04-11,9100
00891,中信關鍵半導體,403,1,402,群益金鼎,2023-04-11,9100
4979,華星光,329,4,325,群益金鼎,2023-04-11,9100
2344,華邦電,320,9,311,群益金鼎,2023-04-11,9100
1319,東陽,304,0,304,群益金鼎,2023-04-11,9100
1216,統一,303,4,299,群益金鼎,2023-04-11,9100
00895,富邦未來車,319,33,286,群益金鼎,2023-04-11,9100
00909,國泰數位支付服務,308,30,278,群益金鼎,2023-04-11,9100
00876,元大全球5G,280,3,277,群益金鼎,2023-04-11,9100
00919,群益台灣精選高息,549,285,264,群益金鼎,2023-04-11,9100
00852L,國泰美國道瓊正2,241,0,241,群益金鼎,2023-04-11,9100
00697B,元大美債7-10,214,0,214,群益金鼎,2023-04-11,9100
1102,亞泥,206,2,204,群益金鼎,2023-04-11,9100
6179,亞通,192,0,192,群益金鼎,2023-04-11,9100
2383,台光電,204,13,191,群益金鼎,2023-04-11,9100
3006,晶豪科,451,273,178,群益金鼎,2023-04-11,9100
5351,鈺創,183,8,175,群益金鼎,2023-04-11,9100
9907,統一實,169,0,169,群益金鼎,2023-04-11,9100
00897,富邦基因免疫生技,475,312,163,群益金鼎,2023-04-11,9100
00907,永豐優息存股,155,0,155,群益金鼎,2023-04-11,9100
00637L,元大滬深300正2,301,148,153,群益金鼎,2023-04-11,9100
3702,大聯大,148,5,143,群益金鼎,2023-04-11,9100
00643,群益深証中小,161,25,136,群益金鼎,2023-04-11,9100
2882A,國泰特,180,48,132,群益金鼎,2023-04-11,9100
2385,群光,130,0,130,群益金鼎,2023-04-11,9100
2409,友達,120,1,119,群益金鼎,2023-04-11,9100
6695,芯鼎,118,0,118,群益金鼎,2023-04-11,9100
6116,彩晶,116,0,116,群益金鼎,2023-04-11,9100
2748,雲品,110,0,110,群益金鼎,2023-04-11,9100
2303,聯電,109,6,103,群益金鼎,2023-04-11,9100
1101,台泥,105,3,102,群益金鼎,2023-04-11,9100
00857B,永豐20年美公債,100,0,100,群益金鼎,2023-04-11,9100
1313,聯成,100,0,100,群益金鼎,2023-04-11,9100
3545,敦泰,112,16,96,群益金鼎,2023-04-11,9100
8086,宏捷科,144,51,93,群益金鼎,2023-04-11,9100
3264,欣銓,93,2,91,群益金鼎,2023-04-11,9100
00762,元大全球AI,90,0,90,群益金鼎,2023-04-11,9100
6770,力積電,89,3,86,群益金鼎,2023-04-11,9100
2382,廣達,84,1,83,群益金鼎,2023-04-11,9100
1720,生達,80,0,80,群益金鼎,2023-04-11,9100
2535,達欣工,91,14,77,群益金鼎,2023-04-11,9100
1514,亞力,116,45,71,群益金鼎,2023-04-11,9100
6129,普誠,66,0,66,群益金鼎,2023-04-11,9100
00920,富邦ESG綠色電力,216,150,66,群益金鼎,2023-04-11,9100
2368,金像電,1891,23,1868,群益金鼎,2023-04-12,9100
2382,廣達,1486,0,1486,群益金鼎,2023-04-12,9100
1319,東陽,902,0,902,群益金鼎,2023-04-12,9100
00715L,期街口布蘭特正2,778,5,773,群益金鼎,2023-04-12,9100
00642U,期元大S＆P石油,749,100,649,群益金鼎,2023-04-12,9100
00900,富邦特選高股息30,501,0,501,群益金鼎,2023-04-12,9100
00650L,復華香港正2,694,271,423,群益金鼎,2023-04-12,9100
5009,榮剛,764,342,422,群益金鼎,2023-04-12,9100
00878,國泰永續高股息,428,12,416,群益金鼎,2023-04-12,9100
2634,漢翔,793,414,379,群益金鼎,2023-04-12,9100
00714,群益道瓊美國地產,375,34,341,群益金鼎,2023-04-12,9100
00688L,國泰20年美債正2,328,0,328,群益金鼎,2023-04-12,9100
4938,和碩,300,1,299,群益金鼎,2023-04-12,9100
9907,統一實,300,10,290,群益金鼎,2023-04-12,9100
3481,群創,297,10,287,群益金鼎,2023-04-12,9100
00891,中信關鍵半導體,277,3,274,群益金鼎,2023-04-12,9100
3260,威剛,270,16,254,群益金鼎,2023-04-12,9100
2313,華通,262,10,252,群益金鼎,2023-04-12,9100
3231,緯創,279,29,250,群益金鼎,2023-04-12,9100
00881,國泰台灣5G+,225,0,225,群益金鼎,2023-04-12,9100
00852L,國泰美國道瓊正2,218,1,217,群益金鼎,2023-04-12,9100
00696B,富邦美債20年,207,0,207,群益金鼎,2023-04-12,9100
1519,華城,203,3,200,群益金鼎,2023-04-12,9100
4979,華星光,286,88,198,群益金鼎,2023-04-12,9100
3034,聯詠,200,3,197,群益金鼎,2023-04-12,9100
00916,國泰全球品牌50,196,17,179,群益金鼎,2023-04-12,9100
5284,jpp-KY,207,32,175,群益金鼎,2023-04-12,9100
1303,南亞,160,0,160,群益金鼎,2023-04-12,9100
1609,大亞,265,108,157,群益金鼎,2023-04-12,9100
2834,臺企銀,181,30,151,群益金鼎,2023-04-12,9100
3363,上詮,147,11,136,群益金鼎,2023-04-12,9100
3081,聯亞,183,58,125,群益金鼎,2023-04-12,9100
00910,第一金太空衛星,117,0,117,群益金鼎,2023-04-12,9100
2492,華新科,130,13,117,群益金鼎,2023-04-12,9100
2515,中工,130,14,116,群益金鼎,2023-04-12,9100
6188,廣明,115,0,115,群益金鼎,2023-04-12,9100
2206,三陽工業,173,60,113,群益金鼎,2023-04-12,9100
3594,磐儀,148,39,109,群益金鼎,2023-04-12,9100
6104,創惟,106,0,106,群益金鼎,2023-04-12,9100
01003T,兆豐新光R1,104,0,104,群益金鼎,2023-04-12,9100
6244,茂迪,143,39,104,群益金鼎,2023-04-12,9100
8933,愛地雅,101,0,101,群益金鼎,2023-04-12,9100
0050,元大台灣50,105,5,100,群益金鼎,2023-04-12,9100
00876,元大全球5G,97,0,97,群益金鼎,2023-04-12,9100
2603,長榮,108,16,92,群益金鼎,2023-04-12,9100
3624,光頡,122,41,81,群益金鼎,2023-04-12,9100
00888,永豐台灣ESG,102,21,81,群益金鼎,2023-04-12,9100
3006,晶豪科,444,364,80,群益金鼎,2023-04-12,9100
00701,國泰股利精選30,80,0,80,群益金鼎,2023-04-12,9100
6548,長科*,80,0,80,群益金鼎,2023-04-12,9100
00715L,期街口布蘭特正2,1501,8,1493,群益金鼎,2023-04-13,9100
2812,台中銀,880,0,880,群益金鼎,2023-04-13,9100
00891,中信關鍵半導體,780,0,780,群益金鼎,2023-04-13,9100
2382,廣達,1180,402,778,群益金鼎,2023-04-13,9100
00665L,富邦�琤肭磪囓�2,1311,643,668,群益金鼎,2023-04-13,9100
00650L,復華香港正2,889,233,656,群益金鼎,2023-04-13,9100
5381,合正,600,0,600,群益金鼎,2023-04-13,9100
1301,台塑,504,20,484,群益金鼎,2023-04-13,9100
00642U,期元大S＆P石油,637,202,435,群益金鼎,2023-04-13,9100
1722,台肥,351,0,351,群益金鼎,2023-04-13,9100
4164,承業醫,385,37,348,群益金鼎,2023-04-13,9100
2201,裕隆,441,99,342,群益金鼎,2023-04-13,9100
9907,統一實,348,12,336,群益金鼎,2023-04-13,9100
00862B,中信投資級公司債,384,79,305,群益金鼎,2023-04-13,9100
2408,南亞科,305,43,262,群益金鼎,2023-04-13,9100
4147,中裕,274,13,261,群益金鼎,2023-04-13,9100
00728,第一金工業30,259,0,259,群益金鼎,2023-04-13,9100
1589,永冠-KY,251,18,233,群益金鼎,2023-04-13,9100
3594,磐儀,224,3,221,群益金鼎,2023-04-13,9100
2301,光寶科,200,0,200,群益金鼎,2023-04-13,9100
1314,中石化,187,1,186,群益金鼎,2023-04-13,9100
00878,國泰永續高股息,211,41,170,群益金鼎,2023-04-13,9100
2344,華邦電,201,48,153,群益金鼎,2023-04-13,9100
2327,國巨,150,1,149,群益金鼎,2023-04-13,9100
4979,華星光,290,141,149,群益金鼎,2023-04-13,9100
00773B,中信優先金融債,145,0,145,群益金鼎,2023-04-13,9100
00701,國泰股利精選30,141,0,141,群益金鼎,2023-04-13,9100
6179,亞通,142,2,140,群益金鼎,2023-04-13,9100
00909,國泰數位支付服務,157,20,137,群益金鼎,2023-04-13,9100
6116,彩晶,131,1,130,群益金鼎,2023-04-13,9100
2379,瑞昱,114,0,114,群益金鼎,2023-04-13,9100
00852L,國泰美國道瓊正2,113,0,113,群益金鼎,2023-04-13,9100
00636,國泰中國A50,111,0,111,群益金鼎,2023-04-13,9100
8155,博智,112,2,110,群益金鼎,2023-04-13,9100
5289,宜鼎,110,0,110,群益金鼎,2023-04-13,9100
2707,晶華,111,3,108,群益金鼎,2023-04-13,9100
1215,卜蜂,105,0,105,群益金鼎,2023-04-13,9100
1210,大成,103,1,102,群益金鼎,2023-04-13,9100
3034,聯詠,102,1,101,群益金鼎,2023-04-13,9100
4128,中天,106,6,100,群益金鼎,2023-04-13,9100
00910,第一金太空衛星,109,9,100,群益金鼎,2023-04-13,9100
1707,葡萄王,110,10,100,群益金鼎,2023-04-13,9100
3711,日月光投控,197,99,98,群益金鼎,2023-04-13,9100
3481,群創,329,232,97,群益金鼎,2023-04-13,9100
4123,晟德,98,1,97,群益金鼎,2023-04-13,9100
00907,永豐優息存股,101,16,85,群益金鼎,2023-04-13,9100
3231,緯創,126,43,83,群益金鼎,2023-04-13,9100
2317,鴻海,102,23,79,群益金鼎,2023-04-13,9100
2748,雲品,248,175,73,群益金鼎,2023-04-13,9100
6754,匯僑設計,71,0,71,群益金鼎,2023-04-13,9100
00902,中信電池及儲能,2442,0,2442,群益金鼎,2023-04-14,9100
00637L,元大滬深300正2,2602,582,2020,群益金鼎,2023-04-14,9100
3481,群創,1229,6,1223,群益金鼎,2023-04-14,9100
2515,中工,1021,99,922,群益金鼎,2023-04-14,9100
00878,國泰永續高股息,853,47,806,群益金鼎,2023-04-14,9100
00638R,元大滬深300反1,687,0,687,群益金鼎,2023-04-14,9100
1301,台塑,573,0,573,群益金鼎,2023-04-14,9100
2409,友達,583,42,541,群益金鼎,2023-04-14,9100
00923,群益台ESG低碳50,660,127,533,群益金鼎,2023-04-14,9100
00696B,富邦美債20年,493,0,493,群益金鼎,2023-04-14,9100
3032,偉訓,351,8,343,群益金鼎,2023-04-14,9100
2344,華邦電,339,12,327,群益金鼎,2023-04-14,9100
1722,台肥,314,0,314,群益金鼎,2023-04-14,9100
00895,富邦未來車,311,0,311,群益金鼎,2023-04-14,9100
00922,國泰台灣領袖50,295,0,295,群益金鼎,2023-04-14,9100
2201,裕隆,318,46,272,群益金鼎,2023-04-14,9100
2331,精英,268,14,254,群益金鼎,2023-04-14,9100
00642U,期元大S＆P石油,343,100,243,群益金鼎,2023-04-14,9100
00728,第一金工業30,249,6,243,群益金鼎,2023-04-14,9100
6116,彩晶,234,1,233,群益金鼎,2023-04-14,9100
2880,華南金,219,0,219,群益金鼎,2023-04-14,9100
6285,啟��,235,16,219,群益金鼎,2023-04-14,9100
5371,中光電,223,8,215,群益金鼎,2023-04-14,9100
00665L,富邦�琤肭磪囓�2,563,353,210,群益金鼎,2023-04-14,9100
00636,國泰中國A50,215,15,200,群益金鼎,2023-04-14,9100
00903,富邦元宇宙,203,3,200,群益金鼎,2023-04-14,9100
3049,精金,212,15,197,群益金鼎,2023-04-14,9100
2891,中信金,185,0,185,群益金鼎,2023-04-14,9100
3058,立德,268,87,181,群益金鼎,2023-04-14,9100
2801,彰銀,176,10,166,群益金鼎,2023-04-14,9100
00650L,復華香港正2,209,49,160,群益金鼎,2023-04-14,9100
2002,中鋼,160,12,148,群益金鼎,2023-04-14,9100
00897,富邦基因免疫生技,831,684,147,群益金鼎,2023-04-14,9100
6005,群益證,148,5,143,群益金鼎,2023-04-14,9100
1605,華新,189,50,139,群益金鼎,2023-04-14,9100
6274,台燿,146,10,136,群益金鼎,2023-04-14,9100
2883,凱基金,311,180,131,群益金鼎,2023-04-14,9100
00783,富邦中証500,130,0,130,群益金鼎,2023-04-14,9100
2884,玉山金,125,2,123,群益金鼎,2023-04-14,9100
2885,元大金,124,1,123,群益金鼎,2023-04-14,9100
00893,國泰智能電動車,559,438,121,群益金鼎,2023-04-14,9100
2892,第一金,117,0,117,群益金鼎,2023-04-14,9100
2882,國泰金,123,9,114,群益金鼎,2023-04-14,9100
2324,仁寶,122,10,112,群益金鼎,2023-04-14,9100
00861,元大全球未來通訊,108,0,108,群益金鼎,2023-04-14,9100
5381,合正,107,0,107,群益金鼎,2023-04-14,9100
6223,旺矽,195,90,105,群益金鼎,2023-04-14,9100
5880,合庫金,108,4,104,群益金鼎,2023-04-14,9100
00633L,富邦上証正2,252,150,102,群益金鼎,2023-04-14,9100
2408,南亞科,111,12,99,群益金鼎,2023-04-14,9100
00637L,元大滬深300正2,5435,1444,3991,群益金鼎,2023-04-17,9100
00665L,富邦�琤肭磪囓�2,1322,250,1072,群益金鼎,2023-04-17,9100
1319,東陽,952,12,940,群益金鼎,2023-04-17,9100
00892,富邦台灣半導體,806,206,600,群益金鼎,2023-04-17,9100
3015,全漢,400,0,400,群益金鼎,2023-04-17,9100
5371,中光電,500,163,337,群益金鼎,2023-04-17,9100
6282,康舒,383,52,331,群益金鼎,2023-04-17,9100
00650L,復華香港正2,312,0,312,群益金鼎,2023-04-17,9100
1722,台肥,301,0,301,群益金鼎,2023-04-17,9100
2412,中華電,297,1,296,群益金鼎,2023-04-17,9100
00642U,期元大S＆P石油,364,100,264,群益金鼎,2023-04-17,9100
8069,元太,506,263,243,群益金鼎,2023-04-17,9100
00909,國泰數位支付服務,242,10,232,群益金鼎,2023-04-17,9100
3037,欣興,223,1,222,群益金鼎,2023-04-17,9100
1101,台泥,216,0,216,群益金鼎,2023-04-17,9100
2201,裕隆,258,47,211,群益金鼎,2023-04-17,9100
6741,91APP*-KY,201,0,201,群益金鼎,2023-04-17,9100
9907,統一實,183,0,183,群益金鼎,2023-04-17,9100
3217,優群,167,0,167,群益金鼎,2023-04-17,9100
6719,力智,174,16,158,群益金鼎,2023-04-17,9100
2515,中工,250,102,148,群益金鼎,2023-04-17,9100
00728,第一金工業30,300,158,142,群益金鼎,2023-04-17,9100
4147,中裕,143,3,140,群益金鼎,2023-04-17,9100
3624,光頡,141,9,132,群益金鼎,2023-04-17,9100
6234,高僑,148,16,132,群益金鼎,2023-04-17,9100
5465,富驊,133,6,127,群益金鼎,2023-04-17,9100
4968,立積,177,65,112,群益金鼎,2023-04-17,9100
00923,群益台ESG低碳50,204,97,107,群益金鼎,2023-04-17,9100
00715L,期街口布蘭特正2,100,2,98,群益金鼎,2023-04-17,9100
3293,鈊象,100,3,97,群益金鼎,2023-04-17,9100
4953,緯軟,103,13,90,群益金鼎,2023-04-17,9100
00636,國泰中國A50,90,0,90,群益金鼎,2023-04-17,9100
4906,正文,91,1,90,群益金鼎,2023-04-17,9100
3078,僑威,151,62,89,群益金鼎,2023-04-17,9100
1909,榮成,88,2,86,群益金鼎,2023-04-17,9100
3712,永崴投控,154,71,83,群益金鼎,2023-04-17,9100
6799,來頡,88,7,81,群益金鼎,2023-04-17,9100
1789,神隆,79,0,79,群益金鼎,2023-04-17,9100
8261,富鼎,80,1,79,群益金鼎,2023-04-17,9100
0056,元大高股息,90,13,77,群益金鼎,2023-04-17,9100
4979,華星光,79,6,73,群益金鼎,2023-04-17,9100
3406,玉晶光,70,2,68,群益金鼎,2023-04-17,9100
1762,中化生,88,23,65,群益金鼎,2023-04-17,9100
6284,佳邦,65,0,65,群益金鼎,2023-04-17,9100
3224,三顧,62,1,61,群益金鼎,2023-04-17,9100
0050,元大台灣50,78,21,57,群益金鼎,2023-04-17,9100
2867,三商壽,57,0,57,群益金鼎,2023-04-17,9100
00882,中信中國高股息,56,0,56,群益金鼎,2023-04-17,9100
2481,強茂,70,14,56,群益金鼎,2023-04-17,9100
3693,營邦,89,35,54,群益金鼎,2023-04-17,9100
00637L,元大滬深300正2,4242,26,4216,群益金鼎,2023-04-18,9100
00893,國泰智能電動車,1702,64,1638,群益金鼎,2023-04-18,9100
00902,中信電池及儲能,1566,1,1565,群益金鼎,2023-04-18,9100
00861,元大全球未來通訊,1063,1,1062,群益金鼎,2023-04-18,9100
00665L,富邦�琤肭磪囓�2,1051,24,1027,群益金鼎,2023-04-18,9100
00650L,復華香港正2,864,2,862,群益金鼎,2023-04-18,9100
00895,富邦未來車,571,12,559,群益金鼎,2023-04-18,9100
00715L,期街口布蘭特正2,400,13,387,群益金鼎,2023-04-18,9100
00882,中信中國高股息,345,13,332,群益金鼎,2023-04-18,9100
00728,第一金工業30,316,0,316,群益金鼎,2023-04-18,9100
00696B,富邦美債20年,300,0,300,群益金鼎,2023-04-18,9100
00878,國泰永續高股息,271,3,268,群益金鼎,2023-04-18,9100
00633L,富邦上証正2,264,0,264,群益金鼎,2023-04-18,9100
2601,益航,242,0,242,群益金鼎,2023-04-18,9100
00714,群益道瓊美國地產,288,51,237,群益金鼎,2023-04-18,9100
1522,堤維西,205,6,199,群益金鼎,2023-04-18,9100
00922,國泰台灣領袖50,189,0,189,群益金鼎,2023-04-18,9100
4938,和碩,201,27,174,群益金鼎,2023-04-18,9100
2412,中華電,198,26,172,群益金鼎,2023-04-18,9100
6244,茂迪,186,15,171,群益金鼎,2023-04-18,9100
9907,統一實,167,0,167,群益金鼎,2023-04-18,9100
00636,國泰中國A50,184,18,166,群益金鼎,2023-04-18,9100
006205,富邦上証,387,226,161,群益金鼎,2023-04-18,9100
00897,富邦基因免疫生技,167,7,160,群益金鼎,2023-04-18,9100
3591,艾笛森,169,11,158,群益金鼎,2023-04-18,9100
5009,榮剛,327,188,139,群益金鼎,2023-04-18,9100
00916,國泰全球品牌50,199,62,137,群益金鼎,2023-04-18,9100
4919,新唐,139,3,136,群益金鼎,2023-04-18,9100
6129,普誠,133,13,120,群益金鼎,2023-04-18,9100
8409,商之器,113,0,113,群益金鼎,2023-04-18,9100
4968,立積,171,61,110,群益金鼎,2023-04-18,9100
2105,正新,106,0,106,群益金鼎,2023-04-18,9100
3034,聯詠,107,3,104,群益金鼎,2023-04-18,9100
4977,眾達-KY,101,1,100,群益金鼎,2023-04-18,9100
00909,國泰數位支付服務,100,0,100,群益金鼎,2023-04-18,9100
3022,威強電,94,4,90,群益金鼎,2023-04-18,9100
00682U,期元大美元指數,91,2,89,群益金鼎,2023-04-18,9100
2314,台揚,90,3,87,群益金鼎,2023-04-18,9100
6741,91APP*-KY,85,4,81,群益金鼎,2023-04-18,9100
00697B,元大美債7-10,80,4,76,群益金鼎,2023-04-18,9100
8261,富鼎,75,0,75,群益金鼎,2023-04-18,9100
6606,建德工業,75,1,74,群益金鼎,2023-04-18,9100
3224,三顧,74,0,74,群益金鼎,2023-04-18,9100
4114,健喬,74,1,73,群益金鼎,2023-04-18,9100
3624,光頡,90,26,64,群益金鼎,2023-04-18,9100
4979,華星光,89,28,61,群益金鼎,2023-04-18,9100
5465,富驊,75,16,59,群益金鼎,2023-04-18,9100
4572,駐龍,61,3,58,群益金鼎,2023-04-18,9100
3675,德微,63,5,58,群益金鼎,2023-04-18,9100
1519,華城,82,25,57,群益金鼎,2023-04-18,9100
00893,國泰智能電動車,2115,0,2115,群益金鼎,2023-04-19,9100
00632R,元大台灣50反1,2058,0,2058,群益金鼎,2023-04-19,9100
00882,中信中國高股息,1393,21,1372,群益金鼎,2023-04-19,9100
3481,群創,1695,380,1315,群益金鼎,2023-04-19,9100
1102,亞泥,601,1,600,群益金鼎,2023-04-19,9100
00752,中信中國50,502,0,502,群益金鼎,2023-04-19,9100
1319,東陽,508,44,464,群益金鼎,2023-04-19,9100
1215,卜蜂,429,5,424,群益金鼎,2023-04-19,9100
1783,和康生,456,38,418,群益金鼎,2023-04-19,9100
6176,瑞儀,400,4,396,群益金鼎,2023-04-19,9100
5381,合正,299,0,299,群益金鼎,2023-04-19,9100
8155,博智,277,8,269,群益金鼎,2023-04-19,9100
6282,康舒,595,338,257,群益金鼎,2023-04-19,9100
00636,國泰中國A50,447,198,249,群益金鼎,2023-04-19,9100
00917,中信特選金融,280,38,242,群益金鼎,2023-04-19,9100
00902,中信電池及儲能,237,1,236,群益金鼎,2023-04-19,9100
4147,中裕,238,11,227,群益金鼎,2023-04-19,9100
8436,大江,245,22,223,群益金鼎,2023-04-19,9100
3673,TPK-KY,284,104,180,群益金鼎,2023-04-19,9100
00795B,中信美國公債20年,748,574,174,群益金鼎,2023-04-19,9100
2383,台光電,174,2,172,群益金鼎,2023-04-19,9100
4938,和碩,163,1,162,群益金鼎,2023-04-19,9100
2882A,國泰特,159,0,159,群益金鼎,2023-04-19,9100
2368,金像電,161,12,149,群益金鼎,2023-04-19,9100
9907,統一實,147,0,147,群益金鼎,2023-04-19,9100
2324,仁寶,173,26,147,群益金鼎,2023-04-19,9100
00892,富邦台灣半導體,157,18,139,群益金鼎,2023-04-19,9100
00916,國泰全球品牌50,136,0,136,群益金鼎,2023-04-19,9100
6477,安集,183,52,131,群益金鼎,2023-04-19,9100
6160,欣技,137,10,127,群益金鼎,2023-04-19,9100
3576,聯合再生,152,27,125,群益金鼎,2023-04-19,9100
00895,富邦未來車,124,0,124,群益金鼎,2023-04-19,9100
6443,元晶,202,79,123,群益金鼎,2023-04-19,9100
2303,聯電,125,2,123,群益金鼎,2023-04-19,9100
00861,元大全球未來通訊,120,0,120,群益金鼎,2023-04-19,9100
2707,晶華,122,2,120,群益金鼎,2023-04-19,9100
6005,群益證,115,1,114,群益金鼎,2023-04-19,9100
3092,鴻碩,114,0,114,群益金鼎,2023-04-19,9100
2603,長榮,131,18,113,群益金鼎,2023-04-19,9100
00637L,元大滬深300正2,175,65,110,群益金鼎,2023-04-19,9100
3032,偉訓,156,52,104,群益金鼎,2023-04-19,9100
2515,中工,153,49,104,群益金鼎,2023-04-19,9100
00728,第一金工業30,109,6,103,群益金鼎,2023-04-19,9100
00852L,國泰美國道瓊正2,156,56,100,群益金鼎,2023-04-19,9100
5534,長虹,100,0,100,群益金鼎,2023-04-19,9100
2618,長榮航,125,28,97,群益金鼎,2023-04-19,9100
2009,第一銅,107,10,97,群益金鼎,2023-04-19,9100
4510,高鋒,95,5,90,群益金鼎,2023-04-19,9100
2376,技嘉,90,2,88,群益金鼎,2023-04-19,9100
2457,飛宏,160,74,86,群益金鼎,2023-04-19,9100
00632R,元大台灣50反1,18403,5,18398,群益金鼎,2023-04-20,9100
00892,富邦台灣半導體,1625,133,1492,群益金鼎,2023-04-20,9100
2204,中華,1751,293,1458,群益金鼎,2023-04-20,9100
6282,康舒,2212,982,1230,群益金鼎,2023-04-20,9100
2382,廣達,882,3,879,群益金鼎,2023-04-20,9100
2412,中華電,783,2,781,群益金鼎,2023-04-20,9100
00773B,中信優先金融債,561,75,486,群益金鼎,2023-04-20,9100
00888,永豐台灣ESG,611,147,464,群益金鼎,2023-04-20,9100
00895,富邦未來車,363,0,363,群益金鼎,2023-04-20,9100
00893,國泰智能電動車,360,2,358,群益金鼎,2023-04-20,9100
00909,國泰數位支付服務,483,133,350,群益金鼎,2023-04-20,9100
00664R,國泰臺灣加權反1,515,167,348,群益金鼎,2023-04-20,9100
00922,國泰台灣領袖50,400,121,279,群益金鼎,2023-04-20,9100
3045,台灣大,263,0,263,群益金鼎,2023-04-20,9100
00852L,國泰美國道瓊正2,252,0,252,群益金鼎,2023-04-20,9100
006205,富邦上証,388,141,247,群益金鼎,2023-04-20,9100
00897,富邦基因免疫生技,492,262,230,群益金鼎,2023-04-20,9100
00712,復華富時不動產,424,200,224,群益金鼎,2023-04-20,9100
2455,全新,220,9,211,群益金鼎,2023-04-20,9100
8436,大江,226,20,206,群益金鼎,2023-04-20,9100
3149,正達,201,0,201,群益金鼎,2023-04-20,9100
2881B,富邦金乙特,200,0,200,群益金鼎,2023-04-20,9100
00916,國泰全球品牌50,191,0,191,群益金鼎,2023-04-20,9100
9907,統一實,147,0,147,群益金鼎,2023-04-20,9100
2882A,國泰特,141,0,141,群益金鼎,2023-04-20,9100
2342,茂矽,165,27,138,群益金鼎,2023-04-20,9100
2515,中工,154,19,135,群益金鼎,2023-04-20,9100
3675,德微,165,45,120,群益金鼎,2023-04-20,9100
3710,連展投控,120,0,120,群益金鼎,2023-04-20,9100
3231,緯創,127,12,115,群益金鼎,2023-04-20,9100
00670L,富邦NASDAQ正2,115,1,114,群益金鼎,2023-04-20,9100
0050,元大台灣50,161,49,112,群益金鼎,2023-04-20,9100
00665L,富邦�琤肭磪囓�2,268,164,104,群益金鼎,2023-04-20,9100
1215,卜蜂,102,0,102,群益金鼎,2023-04-20,9100
5302,太欣,100,0,100,群益金鼎,2023-04-20,9100
2883,凱基金,100,1,99,群益金鼎,2023-04-20,9100
1907,永豐餘,128,32,96,群益金鼎,2023-04-20,9100
00861,元大全球未來通訊,93,0,93,群益金鼎,2023-04-20,9100
00714,群益道瓊美國地產,282,190,92,群益金鼎,2023-04-20,9100
8210,勤誠,89,3,86,群益金鼎,2023-04-20,9100
1522,堤維西,85,0,85,群益金鼎,2023-04-20,9100
2357,華碩,83,0,83,群益金鼎,2023-04-20,9100
1802,台玻,74,2,72,群益金鼎,2023-04-20,9100
00910,第一金太空衛星,200,130,70,群益金鼎,2023-04-20,9100
4123,晟德,222,153,69,群益金鼎,2023-04-20,9100
00876,元大全球5G,67,1,66,群益金鼎,2023-04-20,9100
00713,元大台灣高息低波,195,133,62,群益金鼎,2023-04-20,9100
6443,元晶,127,66,61,群益金鼎,2023-04-20,9100
3704,合勤控,80,24,56,群益金鼎,2023-04-20,9100
2535,達欣工,55,0,55,群益金鼎,2023-04-20,9100
3231,緯創,1765,237,1528,群益金鼎,2023-04-21,9100
00892,富邦台灣半導體,1770,484,1286,群益金鼎,2023-04-21,9100
2887,台新金,1104,0,1104,群益金鼎,2023-04-21,9100
2201,裕隆,967,23,944,群益金鼎,2023-04-21,9100
3035,智原,809,56,753,群益金鼎,2023-04-21,9100
2204,中華,994,420,574,群益金鼎,2023-04-21,9100
00909,國泰數位支付服務,552,70,482,群益金鼎,2023-04-21,9100
00888,永豐台灣ESG,531,61,470,群益金鼎,2023-04-21,9100
2886,兆豐金,405,16,389,群益金鼎,2023-04-21,9100
00714,群益道瓊美國地產,450,114,336,群益金鼎,2023-04-21,9100
00893,國泰智能電動車,297,0,297,群益金鼎,2023-04-21,9100
2412,中華電,253,0,253,群益金鼎,2023-04-21,9100
1101,台泥,465,220,245,群益金鼎,2023-04-21,9100
00917,中信特選金融,212,0,212,群益金鼎,2023-04-21,9100
2890,永豐金,208,0,208,群益金鼎,2023-04-21,9100
2884,玉山金,185,1,184,群益金鼎,2023-04-21,9100
00895,富邦未來車,177,1,176,群益金鼎,2023-04-21,9100
2330,台積電,184,23,161,群益金鼎,2023-04-21,9100
2105,正新,151,0,151,群益金鼎,2023-04-21,9100
3017,奇鋐,199,49,150,群益金鼎,2023-04-21,9100
2409,友達,147,3,144,群益金鼎,2023-04-21,9100
01002T,土銀國泰R1,138,0,138,群益金鼎,2023-04-21,9100
0056,元大高股息,201,74,127,群益金鼎,2023-04-21,9100
1907,永豐餘,135,26,109,群益金鼎,2023-04-21,9100
2031,新光鋼,123,31,92,群益金鼎,2023-04-21,9100
00650L,復華香港正2,235,151,84,群益金鼎,2023-04-21,9100
2303,聯電,110,30,80,群益金鼎,2023-04-21,9100
00706L,期元大S＆P日圓正2,77,0,77,群益金鼎,2023-04-21,9100
3047,訊舟,83,10,73,群益金鼎,2023-04-21,9100
3149,正達,71,0,71,群益金鼎,2023-04-21,9100
00916,國泰全球品牌50,68,0,68,群益金鼎,2023-04-21,9100
2492,華新科,91,25,66,群益金鼎,2023-04-21,9100
6443,元晶,79,13,66,群益金鼎,2023-04-21,9100
3005,神基,63,0,63,群益金鼎,2023-04-21,9100
2455,全新,97,36,61,群益金鼎,2023-04-21,9100
00922,國泰台灣領袖50,159,100,59,群益金鼎,2023-04-21,9100
9907,統一實,57,0,57,群益金鼎,2023-04-21,9100
3680,家登,60,4,56,群益金鼎,2023-04-21,9100
4147,中裕,71,15,56,群益金鼎,2023-04-21,9100
006205,富邦上証,205,152,53,群益金鼎,2023-04-21,9100
006207,復華滬深,54,1,53,群益金鼎,2023-04-21,9100
6213,聯茂,54,3,51,群益金鼎,2023-04-21,9100
0052,富邦科技,51,5,46,群益金鼎,2023-04-21,9100
3260,威剛,66,20,46,群益金鼎,2023-04-21,9100
2352,佳世達,46,0,46,群益金鼎,2023-04-21,9100
00925,新光標普電動車,44,0,44,群益金鼎,2023-04-21,9100
5371,中光電,50,7,43,群益金鼎,2023-04-21,9100
2891,中信金,42,0,42,群益金鼎,2023-04-21,9100
00640L,富邦日本正2,42,0,42,群益金鼎,2023-04-21,9100
00636,國泰中國A50,100,59,41,群益金鼎,2023-04-21,9100
00632R,元大台灣50反1,3579,2,3577,群益金鼎,2023-04-24,9100
00712,復華富時不動產,890,0,890,群益金鼎,2023-04-24,9100
1216,統一,623,2,621,群益金鼎,2023-04-24,9100
1101,台泥,679,240,439,群益金鼎,2023-04-24,9100
2515,中工,342,8,334,群益金鼎,2023-04-24,9100
6282,康舒,404,139,265,群益金鼎,2023-04-24,9100
00891,中信關鍵半導體,293,30,263,群益金鼎,2023-04-24,9100
00894,中信小資高價30,250,2,248,群益金鼎,2023-04-24,9100
00643,群益深証中小,386,144,242,群益金鼎,2023-04-24,9100
4938,和碩,197,0,197,群益金鼎,2023-04-24,9100
00688L,國泰20年美債正2,170,0,170,群益金鼎,2023-04-24,9100
00664R,國泰臺灣加權反1,168,0,168,群益金鼎,2023-04-24,9100
00897,富邦基因免疫生技,459,294,165,群益金鼎,2023-04-24,9100
1905,華紙,212,54,158,群益金鼎,2023-04-24,9100
2634,漢翔,401,253,148,群益金鼎,2023-04-24,9100
00636,國泰中國A50,127,0,127,群益金鼎,2023-04-24,9100
1503,士電,151,27,124,群益金鼎,2023-04-24,9100
1514,亞力,128,4,124,群益金鼎,2023-04-24,9100
4904,遠傳,121,1,120,群益金鼎,2023-04-24,9100
00907,永豐優息存股,112,0,112,群益金鼎,2023-04-24,9100
3224,三顧,108,1,107,群益金鼎,2023-04-24,9100
00678,群益那斯達克生技,103,0,103,群益金鼎,2023-04-24,9100
00696B,富邦美債20年,100,0,100,群益金鼎,2023-04-24,9100
3702,大聯大,101,3,98,群益金鼎,2023-04-24,9100
2360,致茂,92,0,92,群益金鼎,2023-04-24,9100
2303,聯電,149,58,91,群益金鼎,2023-04-24,9100
2344,華邦電,92,1,91,群益金鼎,2023-04-24,9100
6770,力積電,112,27,85,群益金鼎,2023-04-24,9100
2891,中信金,91,6,85,群益金鼎,2023-04-24,9100
3078,僑威,110,25,85,群益金鼎,2023-04-24,9100
2885,元大金,84,0,84,群益金鼎,2023-04-24,9100
2883,凱基金,99,22,77,群益金鼎,2023-04-24,9100
3624,光頡,83,8,75,群益金鼎,2023-04-24,9100
2609,陽明,81,7,74,群益金鼎,2023-04-24,9100
6244,茂迪,101,29,72,群益金鼎,2023-04-24,9100
2330,台積電,73,2,71,群益金鼎,2023-04-24,9100
2888,新光金,70,1,69,群益金鼎,2023-04-24,9100
2884,玉山金,71,4,67,群益金鼎,2023-04-24,9100
5347,世界,77,14,63,群益金鼎,2023-04-24,9100
3289,宜特,80,18,62,群益金鼎,2023-04-24,9100
00697B,元大美債7-10,60,0,60,群益金鼎,2023-04-24,9100
00673R,期元大S＆P原油反1,64,8,56,群益金鼎,2023-04-24,9100
2890,永豐金,56,0,56,群益金鼎,2023-04-24,9100
4160,訊聯基因,55,0,55,群益金鼎,2023-04-24,9100
2886,兆豐金,52,0,52,群益金鼎,2023-04-24,9100
2317,鴻海,83,31,52,群益金鼎,2023-04-24,9100
2887,台新金,54,2,52,群益金鼎,2023-04-24,9100
3362,先進光,51,0,51,群益金鼎,2023-04-24,9100
2892,第一金,51,0,51,群益金鼎,2023-04-24,9100
0056,元大高股息,70,20,50,群益金鼎,2023-04-24,9100
00632R,元大台灣50反1,25578,50,25528,群益金鼎,2023-04-25,9100
00673R,期元大S＆P原油反1,4324,0,4324,群益金鼎,2023-04-25,9100
00664R,國泰臺灣加權反1,1816,62,1754,群益金鼎,2023-04-25,9100
00688L,國泰20年美債正2,758,0,758,群益金鼎,2023-04-25,9100
4147,中裕,856,139,717,群益金鼎,2023-04-25,9100
1210,大成,693,108,585,群益金鼎,2023-04-25,9100
1101,台泥,597,210,387,群益金鼎,2023-04-25,9100
00893,國泰智能電動車,688,376,312,群益金鼎,2023-04-25,9100
1216,統一,783,478,305,群益金鼎,2023-04-25,9100
00897,富邦基因免疫生技,397,105,292,群益金鼎,2023-04-25,9100
0056,元大高股息,300,22,278,群益金鼎,2023-04-25,9100
00773B,中信優先金融債,348,75,273,群益金鼎,2023-04-25,9100
2609,陽明,263,3,260,群益金鼎,2023-04-25,9100
2891,中信金,256,3,253,群益金鼎,2023-04-25,9100
3294,英濟,218,0,218,群益金鼎,2023-04-25,9100
00894,中信小資高價30,210,0,210,群益金鼎,2023-04-25,9100
1605,華新,263,62,201,群益金鼎,2023-04-25,9100
8069,元太,222,34,188,群益金鼎,2023-04-25,9100
2890,永豐金,181,0,181,群益金鼎,2023-04-25,9100
00795B,中信美國公債20年,680,500,180,群益金鼎,2023-04-25,9100
3443,創意,189,13,176,群益金鼎,2023-04-25,9100
00687B,國泰20年美債,171,2,169,群益金鼎,2023-04-25,9100
00715L,期街口布蘭特正2,192,27,165,群益金鼎,2023-04-25,9100
2610,華航,363,204,159,群益金鼎,2023-04-25,9100
6770,力積電,158,4,154,群益金鼎,2023-04-25,9100
00651R,復華香港反1,150,0,150,群益金鼎,2023-04-25,9100
6282,康舒,239,101,138,群益金鼎,2023-04-25,9100
00712,復華富時不動產,138,10,128,群益金鼎,2023-04-25,9100
1102,亞泥,152,25,127,群益金鼎,2023-04-25,9100
00636,國泰中國A50,124,6,118,群益金鼎,2023-04-25,9100
2330,台積電,120,9,111,群益金鼎,2023-04-25,9100
6461,益得,112,2,110,群益金鼎,2023-04-25,9100
2884,玉山金,106,0,106,群益金鼎,2023-04-25,9100
2888,新光金,102,0,102,群益金鼎,2023-04-25,9100
00696B,富邦美債20年,101,0,101,群益金鼎,2023-04-25,9100
3042,晶技,110,10,100,群益金鼎,2023-04-25,9100
4979,華星光,128,28,100,群益金鼎,2023-04-25,9100
00922,國泰台灣領袖50,218,119,99,群益金鼎,2023-04-25,9100
1409,新纖,100,1,99,群益金鼎,2023-04-25,9100
3289,宜特,120,21,99,群益金鼎,2023-04-25,9100
6443,元晶,116,20,96,群益金鼎,2023-04-25,9100
1904,正隆,119,29,90,群益金鼎,2023-04-25,9100
5478,智冠,85,0,85,群益金鼎,2023-04-25,9100
2885,元大金,84,0,84,群益金鼎,2023-04-25,9100
2515,中工,108,26,82,群益金鼎,2023-04-25,9100
2454,聯發科,83,2,81,群益金鼎,2023-04-25,9100
2887,台新金,82,2,80,群益金鼎,2023-04-25,9100
00925,新光標普電動車,78,0,78,群益金鼎,2023-04-25,9100
2880,華南金,72,0,72,群益金鼎,2023-04-25,9100
3711,日月光投控,69,0,69,群益金鼎,2023-04-25,9100
00632R,元大台灣50反1,26423,185,26238,群益金鼎,2023-04-26,9100
00664R,國泰臺灣加權反1,4123,47,4076,群益金鼎,2023-04-26,9100
00673R,期元大S＆P原油反1,3135,0,3135,群益金鼎,2023-04-26,9100
00687B,國泰20年美債,2813,100,2713,群益金鼎,2023-04-26,9100
00651R,復華香港反1,1231,15,1216,群益金鼎,2023-04-26,9100
00891,中信關鍵半導體,1197,0,1197,群益金鼎,2023-04-26,9100
00680L,元大美債20正2,600,8,592,群益金鼎,2023-04-26,9100
00888,永豐台灣ESG,595,8,587,群益金鼎,2023-04-26,9100
1503,士電,422,4,418,群益金鼎,2023-04-26,9100
00665L,富邦�琤肭磪囓�2,408,2,406,群益金鼎,2023-04-26,9100
00892,富邦台灣半導體,358,25,333,群益金鼎,2023-04-26,9100
00637L,元大滬深300正2,305,7,298,群益金鼎,2023-04-26,9100
0050,元大台灣50,338,46,292,群益金鼎,2023-04-26,9100
00692,富邦公司治理,273,1,272,群益金鼎,2023-04-26,9100
00924,復華S＆P500成長,209,1,208,群益金鼎,2023-04-26,9100
00686R,群益臺灣加權反1,182,4,178,群益金鼎,2023-04-26,9100
3711,日月光投控,171,1,170,群益金鼎,2023-04-26,9100
00917,中信特選金融,167,0,167,群益金鼎,2023-04-26,9100
2887E,台新戊特,160,0,160,群益金鼎,2023-04-26,9100
1514,亞力,162,5,157,群益金鼎,2023-04-26,9100
006208,富邦台50,368,220,148,群益金鼎,2023-04-26,9100
8086,宏捷科,143,1,142,群益金鼎,2023-04-26,9100
1762,中化生,124,0,124,群益金鼎,2023-04-26,9100
2327,國巨,109,1,108,群益金鼎,2023-04-26,9100
3149,正達,106,0,106,群益金鼎,2023-04-26,9100
2515,中工,127,21,106,群益金鼎,2023-04-26,9100
6146,耕興,102,0,102,群益金鼎,2023-04-26,9100
1409,新纖,100,0,100,群益金鼎,2023-04-26,9100
00922,國泰台灣領袖50,149,49,100,群益金鼎,2023-04-26,9100
2308,台達電,105,8,97,群益金鼎,2023-04-26,9100
2368,金像電,151,54,97,群益金鼎,2023-04-26,9100
00773B,中信優先金融債,190,96,94,群益金鼎,2023-04-26,9100
2408,南亞科,92,6,86,群益金鼎,2023-04-26,9100
00920,富邦ESG綠色電力,265,182,83,群益金鼎,2023-04-26,9100
00795B,中信美國公債20年,481,400,81,群益金鼎,2023-04-26,9100
00682U,期元大美元指數,75,0,75,群益金鼎,2023-04-26,9100
4979,華星光,99,26,73,群益金鼎,2023-04-26,9100
6182,合晶,72,0,72,群益金鼎,2023-04-26,9100
00712,復華富時不動產,70,0,70,群益金鼎,2023-04-26,9100
3289,宜特,84,17,67,群益金鼎,2023-04-26,9100
00655L,國泰中國A50正2,66,0,66,群益金鼎,2023-04-26,9100
00910,第一金太空衛星,340,274,66,群益金鼎,2023-04-26,9100
3078,僑威,67,2,65,群益金鼎,2023-04-26,9100
5347,世界,61,2,59,群益金鼎,2023-04-26,9100
00706L,期元大S＆P日圓正2,57,0,57,群益金鼎,2023-04-26,9100
00676R,富邦臺灣加權反1,50,0,50,群益金鼎,2023-04-26,9100
3362,先進光,50,0,50,群益金鼎,2023-04-26,9100
2105,正新,50,0,50,群益金鼎,2023-04-26,9100
6213,聯茂,50,2,48,群益金鼎,2023-04-26,9100
6754,匯僑設計,46,0,46,群益金鼎,2023-04-26,9100
00632R,元大台灣50反1,14574,10,14564,群益金鼎,2023-04-27,9100
00673R,期元大S＆P原油反1,7747,0,7747,群益金鼎,2023-04-27,9100
00924,復華S＆P500成長,2459,0,2459,群益金鼎,2023-04-27,9100
00688L,國泰20年美債正2,1219,20,1199,群益金鼎,2023-04-27,9100
00669R,國泰美國道瓊反1,1802,926,876,群益金鼎,2023-04-27,9100
00902,中信電池及儲能,656,18,638,群益金鼎,2023-04-27,9100
00664R,國泰臺灣加權反1,598,0,598,群益金鼎,2023-04-27,9100
1605,華新,539,29,510,群益金鼎,2023-04-27,9100
00895,富邦未來車,495,0,495,群益金鼎,2023-04-27,9100
00648R,元大S＆P500反1,464,0,464,群益金鼎,2023-04-27,9100
00713,元大台灣高息低波,465,11,454,群益金鼎,2023-04-27,9100
2885,元大金,440,0,440,群益金鼎,2023-04-27,9100
00919,群益台灣精選高息,1157,763,394,群益金鼎,2023-04-27,9100
00651R,復華香港反1,357,0,357,群益金鼎,2023-04-27,9100
00892,富邦台灣半導體,403,114,289,群益金鼎,2023-04-27,9100
00643,群益深証中小,444,160,284,群益金鼎,2023-04-27,9100
2356,英業達,302,24,278,群益金鼎,2023-04-27,9100
1589,永冠-KY,274,0,274,群益金鼎,2023-04-27,9100
2891,中信金,262,0,262,群益金鼎,2023-04-27,9100
00636,國泰中國A50,258,1,257,群益金鼎,2023-04-27,9100
00922,國泰台灣領袖50,305,102,203,群益金鼎,2023-04-27,9100
00910,第一金太空衛星,200,0,200,群益金鼎,2023-04-27,9100
00655L,國泰中國A50正2,177,0,177,群益金鼎,2023-04-27,9100
3078,僑威,176,2,174,群益金鼎,2023-04-27,9100
3363,上詮,179,7,172,群益金鼎,2023-04-27,9100
2887E,台新戊特,159,0,159,群益金鼎,2023-04-27,9100
1102,亞泥,151,0,151,群益金鼎,2023-04-27,9100
2337,旺宏,146,6,140,群益金鼎,2023-04-27,9100
2301,光寶科,139,2,137,群益金鼎,2023-04-27,9100
2609,陽明,133,0,133,群益金鼎,2023-04-27,9100
4572,駐龍,150,18,132,群益金鼎,2023-04-27,9100
00706L,期元大S＆P日圓正2,126,0,126,群益金鼎,2023-04-27,9100
2637,慧洋-KY,124,0,124,群益金鼎,2023-04-27,9100
00642U,期元大S＆P石油,120,0,120,群益金鼎,2023-04-27,9100
6799,來頡,125,8,117,群益金鼎,2023-04-27,9100
8069,元太,166,53,113,群益金鼎,2023-04-27,9100
00876,元大全球5G,118,5,113,群益金鼎,2023-04-27,9100
00733,富邦臺灣中小,106,0,106,群益金鼎,2023-04-27,9100
3017,奇鋐,146,45,101,群益金鼎,2023-04-27,9100
00897,富邦基因免疫生技,100,0,100,群益金鼎,2023-04-27,9100
3675,德微,102,4,98,群益金鼎,2023-04-27,9100
2634,漢翔,357,260,97,群益金鼎,2023-04-27,9100
00907,永豐優息存股,100,7,93,群益金鼎,2023-04-27,9100
6213,聯茂,85,1,84,群益金鼎,2023-04-27,9100
9802,鈺齊-KY,91,8,83,群益金鼎,2023-04-27,9100
1514,亞力,109,26,83,群益金鼎,2023-04-27,9100
2201,裕隆,99,18,81,群益金鼎,2023-04-27,9100
3289,宜特,81,0,81,群益金鼎,2023-04-27,9100
2360,致茂,80,0,80,群益金鼎,2023-04-27,9100
2317,鴻海,79,1,78,群益金鼎,2023-04-27,9100
00671R,富邦NASDAQ反1,9500,1252,8248,群益金鼎,2023-04-28,9100
00632R,元大台灣50反1,8132,5,8127,群益金鼎,2023-04-28,9100
00673R,期元大S＆P原油反1,5738,0,5738,群益金鼎,2023-04-28,9100
00637L,元大滬深300正2,5421,1016,4405,群益金鼎,2023-04-28,9100
00669R,國泰美國道瓊反1,6000,1912,4088,群益金鼎,2023-04-28,9100
00648R,元大S＆P500反1,4827,929,3898,群益金鼎,2023-04-28,9100
00924,復華S＆P500成長,2564,0,2564,群益金鼎,2023-04-28,9100
00893,國泰智能電動車,1502,0,1502,群益金鼎,2023-04-28,9100
00664R,國泰臺灣加權反1,1085,0,1085,群益金鼎,2023-04-28,9100
00665L,富邦�琤肭磪囓�2,983,339,644,群益金鼎,2023-04-28,9100
00912,中信臺灣智慧50,624,0,624,群益金鼎,2023-04-28,9100
2412,中華電,544,0,544,群益金鼎,2023-04-28,9100
3231,緯創,406,4,402,群益金鼎,2023-04-28,9100
00650L,復華香港正2,459,70,389,群益金鼎,2023-04-28,9100
3078,僑威,421,70,351,群益金鼎,2023-04-28,9100
1589,永冠-KY,200,0,200,群益金鼎,2023-04-28,9100
00773B,中信優先金融債,409,209,200,群益金鼎,2023-04-28,9100
00919,群益台灣精選高息,444,270,174,群益金鼎,2023-04-28,9100
00783,富邦中証500,168,0,168,群益金鼎,2023-04-28,9100
00655L,國泰中國A50正2,163,0,163,群益金鼎,2023-04-28,9100
8086,宏捷科,160,1,159,群益金鼎,2023-04-28,9100
3032,偉訓,168,27,141,群益金鼎,2023-04-28,9100
00892,富邦台灣半導體,126,0,126,群益金鼎,2023-04-28,9100
00633L,富邦上証正2,223,101,122,群益金鼎,2023-04-28,9100
00852L,國泰美國道瓊正2,121,0,121,群益金鼎,2023-04-28,9100
2303,聯電,147,28,119,群益金鼎,2023-04-28,9100
00915,凱基優選高股息30,106,0,106,群益金鼎,2023-04-28,9100
2887E,台新戊特,104,0,104,群益金鼎,2023-04-28,9100
00922,國泰台灣領袖50,104,1,103,群益金鼎,2023-04-28,9100
00657,國泰日經225,150,50,100,群益金鼎,2023-04-28,9100
2883B,凱基金乙特,100,0,100,群益金鼎,2023-04-28,9100
3289,宜特,114,21,93,群益金鼎,2023-04-28,9100
4142,國光生,92,0,92,群益金鼎,2023-04-28,9100
9945,潤泰新,96,4,92,群益金鼎,2023-04-28,9100
3034,聯詠,88,0,88,群益金鼎,2023-04-28,9100
2801,彰銀,101,15,86,群益金鼎,2023-04-28,9100
6112,邁達特,88,4,84,群益金鼎,2023-04-28,9100
006205,富邦上証,387,305,82,群益金鼎,2023-04-28,9100
3105,穩懋,110,30,80,群益金鼎,2023-04-28,9100
2331,精英,80,1,79,群益金鼎,2023-04-28,9100
1727,中華化,135,56,79,群益金鼎,2023-04-28,9100
6125,廣運,73,0,73,群益金鼎,2023-04-28,9100
00666R,富邦�琤肭磪齯�1,73,0,73,群益金鼎,2023-04-28,9100
006207,復華滬深,73,3,70,群益金鼎,2023-04-28,9100
00764B,群益25年美債,78,10,68,群益金鼎,2023-04-28,9100
1514,亞力,82,16,66,群益金鼎,2023-04-28,9100
2201,裕隆,84,18,66,群益金鼎,2023-04-28,9100
00642U,期元大S＆P石油,60,0,60,群益金鼎,2023-04-28,9100
8046,南電,98,39,59,群益金鼎,2023-04-28,9100
00733,富邦臺灣中小,60,2,58,群益金鼎,2023-04-28,9100
00924,復華S＆P500成長,2802,0,2802,群益金鼎,2023-05-02,9100
00637L,元大滬深300正2,2550,80,2470,群益金鼎,2023-05-02,9100
00893,國泰智能電動車,1764,1,1763,群益金鼎,2023-05-02,9100
2603,長榮,552,15,537,群益金鼎,2023-05-02,9100
00673R,期元大S＆P原油反1,534,0,534,群益金鼎,2023-05-02,9100
00916,國泰全球品牌50,480,0,480,群益金鼎,2023-05-02,9100
4979,華星光,501,39,462,群益金鼎,2023-05-02,9100
3711,日月光投控,453,1,452,群益金鼎,2023-05-02,9100
2317,鴻海,403,46,357,群益金鼎,2023-05-02,9100
8085,福華,352,0,352,群益金鼎,2023-05-02,9100
3017,奇鋐,380,28,352,群益金鼎,2023-05-02,9100
3037,欣興,349,49,300,群益金鼎,2023-05-02,9100
8069,元太,295,27,268,群益金鼎,2023-05-02,9100
5347,世界,250,1,249,群益金鼎,2023-05-02,9100
00895,富邦未來車,951,703,248,群益金鼎,2023-05-02,9100
3078,僑威,453,208,245,群益金鼎,2023-05-02,9100
3481,群創,287,76,211,群益金鼎,2023-05-02,9100
00783,富邦中証500,260,61,199,群益金鼎,2023-05-02,9100
00902,中信電池及儲能,389,191,198,群益金鼎,2023-05-02,9100
2308,台達電,191,3,188,群益金鼎,2023-05-02,9100
1514,亞力,230,59,171,群益金鼎,2023-05-02,9100
2377,微星,166,3,163,群益金鼎,2023-05-02,9100
00862B,中信投資級公司債,235,83,152,群益金鼎,2023-05-02,9100
00692,富邦公司治理,160,11,149,群益金鼎,2023-05-02,9100
4142,國光生,140,0,140,群益金鼎,2023-05-02,9100
00925,新光標普電動車,130,0,130,群益金鼎,2023-05-02,9100
6167,久正,109,2,107,群益金鼎,2023-05-02,9100
3231,緯創,225,120,105,群益金鼎,2023-05-02,9100
3419,譁裕,107,3,104,群益金鼎,2023-05-02,9100
00920,富邦ESG綠色電力,174,75,99,群益金鼎,2023-05-02,9100
6112,邁達特,102,4,98,群益金鼎,2023-05-02,9100
00728,第一金工業30,126,28,98,群益金鼎,2023-05-02,9100
00876,元大全球5G,95,0,95,群益金鼎,2023-05-02,9100
1609,大亞,173,79,94,群益金鼎,2023-05-02,9100
3032,偉訓,106,16,90,群益金鼎,2023-05-02,9100
2601,益航,86,0,86,群益金鼎,2023-05-02,9100
00714,群益道瓊美國地產,110,26,84,群益金鼎,2023-05-02,9100
2002,中鋼,103,22,81,群益金鼎,2023-05-02,9100
2887E,台新戊特,80,0,80,群益金鼎,2023-05-02,9100
00642U,期元大S＆P石油,100,20,80,群益金鼎,2023-05-02,9100
3289,宜特,83,3,80,群益金鼎,2023-05-02,9100
1519,華城,111,36,75,群益金鼎,2023-05-02,9100
00733,富邦臺灣中小,77,2,75,群益金鼎,2023-05-02,9100
2352,佳世達,78,4,74,群益金鼎,2023-05-02,9100
00917,中信特選金融,71,0,71,群益金鼎,2023-05-02,9100
2402,毅嘉,106,37,69,群益金鼎,2023-05-02,9100
00674R,期元大S＆P黃金反1,62,0,62,群益金鼎,2023-05-02,9100
00861,元大全球未來通訊,60,0,60,群益金鼎,2023-05-02,9100
2206,三陽工業,123,65,58,群益金鼎,2023-05-02,9100
006207,復華滬深,96,44,52,群益金鼎,2023-05-02,9100
00673R,期元大S＆P原油反1,11671,2,11669,群益金鼎,2023-05-03,9100
00687B,國泰20年美債,3022,200,2822,群益金鼎,2023-05-03,9100
3231,緯創,2294,29,2265,群益金鼎,2023-05-03,9100
00900,富邦特選高股息30,1568,0,1568,群益金鼎,2023-05-03,9100
00680L,元大美債20正2,1081,30,1051,群益金鼎,2023-05-03,9100
00637L,元大滬深300正2,667,15,652,群益金鼎,2023-05-03,9100
00893,國泰智能電動車,650,0,650,群益金鼎,2023-05-03,9100
00923,群益台ESG低碳50,507,15,492,群益金鼎,2023-05-03,9100
00773B,中信優先金融債,449,127,322,群益金鼎,2023-05-03,9100
00891,中信關鍵半導體,322,10,312,群益金鼎,2023-05-03,9100
2368,金像電,301,0,301,群益金鼎,2023-05-03,9100
00643,群益深証中小,397,102,295,群益金鼎,2023-05-03,9100
00892,富邦台灣半導體,237,0,237,群益金鼎,2023-05-03,9100
00881,國泰台灣5G+,201,0,201,群益金鼎,2023-05-03,9100
2412,中華電,200,0,200,群益金鼎,2023-05-03,9100
00640L,富邦日本正2,197,0,197,群益金鼎,2023-05-03,9100
00895,富邦未來車,394,200,194,群益金鼎,2023-05-03,9100
00783,富邦中証500,180,0,180,群益金鼎,2023-05-03,9100
006205,富邦上証,288,125,163,群益金鼎,2023-05-03,9100
5475,德宏,156,0,156,群益金鼎,2023-05-03,9100
2345,智邦,158,5,153,群益金鼎,2023-05-03,9100
6271,同欣電,150,3,147,群益金鼎,2023-05-03,9100
00733,富邦臺灣中小,262,125,137,群益金鼎,2023-05-03,9100
00907,永豐優息存股,134,0,134,群益金鼎,2023-05-03,9100
00692,富邦公司治理,249,119,130,群益金鼎,2023-05-03,9100
00712,復華富時不動產,126,0,126,群益金鼎,2023-05-03,9100
6589,台康生技,137,25,112,群益金鼎,2023-05-03,9100
1313,聯成,100,0,100,群益金鼎,2023-05-03,9100
00882,中信中國高股息,100,0,100,群益金鼎,2023-05-03,9100
00922,國泰台灣領袖50,100,1,99,群益金鼎,2023-05-03,9100
1905,華紙,229,136,93,群益金鼎,2023-05-03,9100
1101,台泥,89,6,83,群益金鼎,2023-05-03,9100
5009,榮剛,129,47,82,群益金鼎,2023-05-03,9100
9958,世紀鋼,80,0,80,群益金鼎,2023-05-03,9100
3289,宜特,84,5,79,群益金鼎,2023-05-03,9100
2382,廣達,130,55,75,群益金鼎,2023-05-03,9100
3034,聯詠,75,0,75,群益金鼎,2023-05-03,9100
00915,凱基優選高股息30,116,44,72,群益金鼎,2023-05-03,9100
0056,元大高股息,112,43,69,群益金鼎,2023-05-03,9100
1319,東陽,67,0,67,群益金鼎,2023-05-03,9100
4971,IET-KY,68,2,66,群益金鼎,2023-05-03,9100
9907,統一實,67,2,65,群益金鼎,2023-05-03,9100
3712,永崴投控,91,28,63,群益金鼎,2023-05-03,9100
6438,迅得,63,1,62,群益金鼎,2023-05-03,9100
3576,聯合再生,58,0,58,群益金鼎,2023-05-03,9100
1776,展宇,57,0,57,群益金鼎,2023-05-03,9100
3362,先進光,51,0,51,群益金鼎,2023-05-03,9100
2454,聯發科,55,4,51,群益金鼎,2023-05-03,9100
2328,廣宇,50,0,50,群益金鼎,2023-05-03,9100
00920,富邦ESG綠色電力,124,75,49,群益金鼎,2023-05-03,9100
00673R,期元大S＆P原油反1,10707,0,10707,群益金鼎,2023-05-04,9100
00637L,元大滬深300正2,6670,149,6521,群益金鼎,2023-05-04,9100
00680L,元大美債20正2,4699,74,4625,群益金鼎,2023-05-04,9100
00772B,中信高評級公司債,2196,100,2096,群益金鼎,2023-05-04,9100
2382,廣達,1300,8,1292,群益金鼎,2023-05-04,9100
00665L,富邦�琤肭磪囓�2,1378,440,938,群益金鼎,2023-05-04,9100
00902,中信電池及儲能,907,116,791,群益金鼎,2023-05-04,9100
00923,群益台ESG低碳50,760,225,535,群益金鼎,2023-05-04,9100
00917,中信特選金融,732,200,532,群益金鼎,2023-05-04,9100
00900,富邦特選高股息30,539,30,509,群益金鼎,2023-05-04,9100
3037,欣興,479,67,412,群益金鼎,2023-05-04,9100
00773B,中信優先金融債,542,130,412,群益金鼎,2023-05-04,9100
00862B,中信投資級公司債,478,75,403,群益金鼎,2023-05-04,9100
2368,金像電,405,4,401,群益金鼎,2023-05-04,9100
00893,國泰智能電動車,897,557,340,群益金鼎,2023-05-04,9100
00892,富邦台灣半導體,438,115,323,群益金鼎,2023-05-04,9100
00795B,中信美國公債20年,808,502,306,群益金鼎,2023-05-04,9100
00895,富邦未來車,311,5,306,群益金鼎,2023-05-04,9100
1504,東元,328,25,303,群益金鼎,2023-05-04,9100
2912,統一超,301,0,301,群益金鼎,2023-05-04,9100
00669R,國泰美國道瓊反1,248,0,248,群益金鼎,2023-05-04,9100
1589,永冠-KY,250,10,240,群益金鼎,2023-05-04,9100
1609,大亞,750,535,215,群益金鼎,2023-05-04,9100
1605,華新,252,41,211,群益金鼎,2023-05-04,9100
00907,永豐優息存股,206,0,206,群益金鼎,2023-05-04,9100
00733,富邦臺灣中小,317,155,162,群益金鼎,2023-05-04,9100
9907,統一實,150,0,150,群益金鼎,2023-05-04,9100
3362,先進光,149,2,147,群益金鼎,2023-05-04,9100
1210,大成,153,7,146,群益金鼎,2023-05-04,9100
00909,國泰數位支付服務,120,7,113,群益金鼎,2023-05-04,9100
00650L,復華香港正2,127,19,108,群益金鼎,2023-05-04,9100
2515,中工,104,0,104,群益金鼎,2023-05-04,9100
3231,緯創,192,89,103,群益金鼎,2023-05-04,9100
00924,復華S＆P500成長,210,109,101,群益金鼎,2023-05-04,9100
00920,富邦ESG綠色電力,176,75,101,群益金鼎,2023-05-04,9100
2206,三陽工業,489,391,98,群益金鼎,2023-05-04,9100
00888,永豐台灣ESG,308,216,92,群益金鼎,2023-05-04,9100
2707,晶華,82,1,81,群益金鼎,2023-05-04,9100
3289,宜特,84,4,80,群益金鼎,2023-05-04,9100
2308,台達電,150,70,80,群益金鼎,2023-05-04,9100
3715,定穎投控,107,29,78,群益金鼎,2023-05-04,9100
2331,精英,76,8,68,群益金鼎,2023-05-04,9100
2881,富邦金,66,2,64,群益金鼎,2023-05-04,9100
2330,台積電,67,5,62,群益金鼎,2023-05-04,9100
6244,茂迪,103,43,60,群益金鼎,2023-05-04,9100
2603,長榮,61,2,59,群益金鼎,2023-05-04,9100
2313,華通,59,1,58,群益金鼎,2023-05-04,9100
00861,元大全球未來通訊,73,17,56,群益金鼎,2023-05-04,9100
00728,第一金工業30,55,0,55,群益金鼎,2023-05-04,9100
3090,日電貿,55,0,55,群益金鼎,2023-05-04,9100
00673R,期元大S＆P原油反1,5998,0,5998,群益金鼎,2023-05-05,9100
00669R,國泰美國道瓊反1,2606,0,2606,群益金鼎,2023-05-05,9100
00882,中信中國高股息,2472,5,2467,群益金鼎,2023-05-05,9100
00665L,富邦�琤肭磪囓�2,2222,452,1770,群益金鼎,2023-05-05,9100
00637L,元大滬深300正2,1476,55,1421,群益金鼎,2023-05-05,9100
3037,欣興,1014,15,999,群益金鼎,2023-05-05,9100
1904,正隆,1007,46,961,群益金鼎,2023-05-05,9100
00650L,復華香港正2,1006,179,827,群益金鼎,2023-05-05,9100
6589,台康生技,686,20,666,群益金鼎,2023-05-05,9100
2515,中工,535,100,435,群益金鼎,2023-05-05,9100
5222,全訊,405,32,373,群益金鼎,2023-05-05,9100
2301,光寶科,313,0,313,群益金鼎,2023-05-05,9100
6245,立端,296,10,286,群益金鼎,2023-05-05,9100
006205,富邦上証,786,516,270,群益金鼎,2023-05-05,9100
8930,青鋼,224,2,222,群益金鼎,2023-05-05,9100
1301,台塑,201,7,194,群益金鼎,2023-05-05,9100
00633L,富邦上証正2,186,0,186,群益金鼎,2023-05-05,9100
00922,國泰台灣領袖50,172,0,172,群益金鼎,2023-05-05,9100
00636,國泰中國A50,158,0,158,群益金鼎,2023-05-05,9100
00733,富邦臺灣中小,236,90,146,群益金鼎,2023-05-05,9100
00910,第一金太空衛星,133,0,133,群益金鼎,2023-05-05,9100
6274,台燿,135,7,128,群益金鼎,2023-05-05,9100
00651R,復華香港反1,124,0,124,群益金鼎,2023-05-05,9100
00631L,元大台灣50正2,111,0,111,群益金鼎,2023-05-05,9100
00643,群益深証中小,218,115,103,群益金鼎,2023-05-05,9100
3090,日電貿,100,0,100,群益金鼎,2023-05-05,9100
1210,大成,104,5,99,群益金鼎,2023-05-05,9100
00861,元大全球未來通訊,99,2,97,群益金鼎,2023-05-05,9100
3231,緯創,126,29,97,群益金鼎,2023-05-05,9100
2601,益航,90,1,89,群益金鼎,2023-05-05,9100
00708L,期元大S＆P黃金正2,83,0,83,群益金鼎,2023-05-05,9100
8076,伍豐,83,0,83,群益金鼎,2023-05-05,9100
0056,元大高股息,82,5,77,群益金鼎,2023-05-05,9100
00915,凱基優選高股息30,264,200,64,群益金鼎,2023-05-05,9100
3071,協禧,74,12,62,群益金鼎,2023-05-05,9100
5009,榮剛,122,63,59,群益金鼎,2023-05-05,9100
1313,聯成,57,0,57,群益金鼎,2023-05-05,9100
2388,威盛,57,1,56,群益金鼎,2023-05-05,9100
4968,立積,63,7,56,群益金鼎,2023-05-05,9100
8069,元太,57,6,51,群益金鼎,2023-05-05,9100
3702,大聯大,51,0,51,群益金鼎,2023-05-05,9100
3289,宜特,54,4,50,群益金鼎,2023-05-05,9100
8099,大世科,75,27,48,群益金鼎,2023-05-05,9100
1609,大亞,278,231,47,群益金鼎,2023-05-05,9100
8046,南電,49,3,46,群益金鼎,2023-05-05,9100
8403,盛弘,82,36,46,群益金鼎,2023-05-05,9100
3078,僑威,69,26,43,群益金鼎,2023-05-05,9100
2881,富邦金,41,0,41,群益金鼎,2023-05-05,9100
2409,友達,41,0,41,群益金鼎,2023-05-05,9100
2204,中華,40,0,40,群益金鼎,2023-05-05,9100
00637L,元大滬深300正2,8530,20,8510,群益金鼎,2023-05-08,9100
00673R,期元大S＆P原油反1,3611,0,3611,群益金鼎,2023-05-08,9100
00882,中信中國高股息,2769,5,2764,群益金鼎,2023-05-08,9100
1504,東元,2245,39,2206,群益金鼎,2023-05-08,9100
00665L,富邦�琤肭磪囓�2,1518,140,1378,群益金鼎,2023-05-08,9100
00893,國泰智能電動車,1080,0,1080,群益金鼎,2023-05-08,9100
3037,欣興,1054,84,970,群益金鼎,2023-05-08,9100
00895,富邦未來車,480,0,480,群益金鼎,2023-05-08,9100
00636,國泰中國A50,437,8,429,群益金鼎,2023-05-08,9100
00830,國泰費城半導體,696,368,328,群益金鼎,2023-05-08,9100
3231,緯創,534,210,324,群益金鼎,2023-05-08,9100
00923,群益台ESG低碳50,388,87,301,群益金鼎,2023-05-08,9100
6214,精誠,311,13,298,群益金鼎,2023-05-08,9100
00917,中信特選金融,284,0,284,群益金鼎,2023-05-08,9100
3481,群創,272,2,270,群益金鼎,2023-05-08,9100
00852L,國泰美國道瓊正2,256,0,256,群益金鼎,2023-05-08,9100
00900,富邦特選高股息30,256,11,245,群益金鼎,2023-05-08,9100
1519,華城,247,24,223,群益金鼎,2023-05-08,9100
00862B,中信投資級公司債,302,85,217,群益金鼎,2023-05-08,9100
2408,南亞科,203,33,170,群益金鼎,2023-05-08,9100
00714,群益道瓊美國地產,173,16,157,群益金鼎,2023-05-08,9100
00683L,期元大美元指正2,150,8,142,群益金鼎,2023-05-08,9100
6589,台康生技,331,194,137,群益金鼎,2023-05-08,9100
00650L,復華香港正2,541,404,137,群益金鼎,2023-05-08,9100
2887E,台新戊特,133,0,133,群益金鼎,2023-05-08,9100
3029,零壹,152,21,131,群益金鼎,2023-05-08,9100
2883,凱基金,171,49,122,群益金鼎,2023-05-08,9100
2371,大同,121,0,121,群益金鼎,2023-05-08,9100
6274,台燿,140,20,120,群益金鼎,2023-05-08,9100
9939,宏全,110,0,110,群益金鼎,2023-05-08,9100
3715,定穎投控,215,107,108,群益金鼎,2023-05-08,9100
2732,六角,122,14,108,群益金鼎,2023-05-08,9100
00715L,期街口布蘭特正2,108,4,104,群益金鼎,2023-05-08,9100
00642U,期元大S＆P石油,124,20,104,群益金鼎,2023-05-08,9100
3090,日電貿,103,0,103,群益金鼎,2023-05-08,9100
6243,迅杰,103,0,103,群益金鼎,2023-05-08,9100
1210,大成,107,5,102,群益金鼎,2023-05-08,9100
8085,福華,102,11,91,群益金鼎,2023-05-08,9100
2421,建準,112,27,85,群益金鼎,2023-05-08,9100
1514,亞力,114,33,81,群益金鼎,2023-05-08,9100
6245,立端,96,16,80,群益金鼎,2023-05-08,9100
3005,神基,98,20,78,群益金鼎,2023-05-08,9100
2317,鴻海,71,0,71,群益金鼎,2023-05-08,9100
2383,台光電,70,1,69,群益金鼎,2023-05-08,9100
3484,崧騰,68,0,68,群益金鼎,2023-05-08,9100
0056,元大高股息,71,7,64,群益金鼎,2023-05-08,9100
2605,新興,61,1,60,群益金鼎,2023-05-08,9100
9933,中鼎,58,2,56,群益金鼎,2023-05-08,9100
9910,豐泰,100,45,55,群益金鼎,2023-05-08,9100
2402,毅嘉,56,1,55,群益金鼎,2023-05-08,9100
00637L,元大滬深300正2,11053,90,10963,群益金鼎,2023-05-09,9100
00882,中信中國高股息,5774,1,5773,群益金鼎,2023-05-09,9100
00893,國泰智能電動車,2996,1,2995,群益金鼎,2023-05-09,9100
00895,富邦未來車,1310,1,1309,群益金鼎,2023-05-09,9100
00665L,富邦�琤肭磪囓�2,1060,53,1007,群益金鼎,2023-05-09,9100
3037,欣興,1038,47,991,群益金鼎,2023-05-09,9100
3231,緯創,1030,86,944,群益金鼎,2023-05-09,9100
00830,國泰費城半導體,816,84,732,群益金鼎,2023-05-09,9100
3596,智易,500,8,492,群益金鼎,2023-05-09,9100
1605,華新,530,52,478,群益金鼎,2023-05-09,9100
00923,群益台ESG低碳50,605,136,469,群益金鼎,2023-05-09,9100
006205,富邦上証,876,440,436,群益金鼎,2023-05-09,9100
00903,富邦元宇宙,375,0,375,群益金鼎,2023-05-09,9100
00633L,富邦上証正2,407,50,357,群益金鼎,2023-05-09,9100
8215,明基材,340,0,340,群益金鼎,2023-05-09,9100
00631L,元大台灣50正2,300,21,279,群益金鼎,2023-05-09,9100
00917,中信特選金融,433,176,257,群益金鼎,2023-05-09,9100
2887E,台新戊特,250,0,250,群益金鼎,2023-05-09,9100
006207,復華滬深,329,91,238,群益金鼎,2023-05-09,9100
1102,亞泥,237,1,236,群益金鼎,2023-05-09,9100
00881,國泰台灣5G+,203,0,203,群益金鼎,2023-05-09,9100
1589,永冠-KY,201,7,194,群益金鼎,2023-05-09,9100
2409,友達,210,23,187,群益金鼎,2023-05-09,9100
3005,神基,186,19,167,群益金鼎,2023-05-09,9100
00728,第一金工業30,139,0,139,群益金鼎,2023-05-09,9100
1504,東元,208,72,136,群益金鼎,2023-05-09,9100
6741,91APP*-KY,131,8,123,群益金鼎,2023-05-09,9100
2371,大同,125,3,122,群益金鼎,2023-05-09,9100
6176,瑞儀,120,1,119,群益金鼎,2023-05-09,9100
3034,聯詠,122,3,119,群益金鼎,2023-05-09,9100
9907,統一實,120,2,118,群益金鼎,2023-05-09,9100
00636,國泰中國A50,109,0,109,群益金鼎,2023-05-09,9100
3090,日電貿,100,0,100,群益金鼎,2023-05-09,9100
00655L,國泰中國A50正2,96,0,96,群益金鼎,2023-05-09,9100
00762,元大全球AI,96,0,96,群益金鼎,2023-05-09,9100
00738U,期元大道瓊白銀,94,0,94,群益金鼎,2023-05-09,9100
1229,聯華,91,1,90,群益金鼎,2023-05-09,9100
00642U,期元大S＆P石油,100,10,90,群益金鼎,2023-05-09,9100
4979,華星光,86,4,82,群益金鼎,2023-05-09,9100
3675,德微,82,0,82,群益金鼎,2023-05-09,9100
00715L,期街口布蘭特正2,87,7,80,群益金鼎,2023-05-09,9100
1503,士電,112,41,71,群益金鼎,2023-05-09,9100
00876,元大全球5G,81,15,66,群益金鼎,2023-05-09,9100
6589,台康生技,67,3,64,群益金鼎,2023-05-09,9100
00925,新光標普電動車,62,0,62,群益金鼎,2023-05-09,9100
00733,富邦臺灣中小,62,3,59,群益金鼎,2023-05-09,9100
1210,大成,59,3,56,群益金鼎,2023-05-09,9100
6179,亞通,129,73,56,群益金鼎,2023-05-09,9100
9105,泰金寶-DR,55,0,55,群益金鼎,2023-05-09,9100
8996,高力,65,11,54,群益金鼎,2023-05-09,9100
00893,國泰智能電動車,2095,0,2095,群益金鼎,2023-05-10,9100
2303,聯電,1037,16,1021,群益金鼎,2023-05-10,9100
6245,立端,1053,81,972,群益金鼎,2023-05-10,9100
00715L,期街口布蘭特正2,901,4,897,群益金鼎,2023-05-10,9100
2408,南亞科,644,0,644,群益金鼎,2023-05-10,9100
00895,富邦未來車,517,0,517,群益金鼎,2023-05-10,9100
1301,台塑,500,2,498,群益金鼎,2023-05-10,9100
2605,新興,387,2,385,群益金鼎,2023-05-10,9100
2449,京元電子,311,2,309,群益金鼎,2023-05-10,9100
3045,台灣大,300,0,300,群益金鼎,2023-05-10,9100
00882,中信中國高股息,298,0,298,群益金鼎,2023-05-10,9100
2313,華通,292,22,270,群益金鼎,2023-05-10,9100
3264,欣銓,284,25,259,群益金鼎,2023-05-10,9100
2610,華航,260,15,245,群益金鼎,2023-05-10,9100
00728,第一金工業30,240,0,240,群益金鼎,2023-05-10,9100
2421,建準,200,14,186,群益金鼎,2023-05-10,9100
00918,大華優利高填息30,160,0,160,群益金鼎,2023-05-10,9100
2609,陽明,151,9,142,群益金鼎,2023-05-10,9100
4938,和碩,136,0,136,群益金鼎,2023-05-10,9100
00916,國泰全球品牌50,127,0,127,群益金鼎,2023-05-10,9100
00638R,元大滬深300反1,140,18,122,群益金鼎,2023-05-10,9100
6176,瑞儀,120,0,120,群益金鼎,2023-05-10,9100
9939,宏全,138,20,118,群益金鼎,2023-05-10,9100
00900,富邦特選高股息30,122,10,112,群益金鼎,2023-05-10,9100
3624,光頡,100,0,100,群益金鼎,2023-05-10,9100
1584,精剛,101,1,100,群益金鼎,2023-05-10,9100
00915,凱基優選高股息30,130,31,99,群益金鼎,2023-05-10,9100
6111,大宇資,100,2,98,群益金鼎,2023-05-10,9100
1215,卜蜂,100,5,95,群益金鼎,2023-05-10,9100
2382,廣達,202,108,94,群益金鼎,2023-05-10,9100
1514,亞力,111,19,92,群益金鼎,2023-05-10,9100
00922,國泰台灣領袖50,117,26,91,群益金鼎,2023-05-10,9100
00642U,期元大S＆P石油,101,20,81,群益金鼎,2023-05-10,9100
3591,艾笛森,80,0,80,群益金鼎,2023-05-10,9100
6139,亞翔,82,3,79,群益金鼎,2023-05-10,9100
4746,台耀,82,7,75,群益金鼎,2023-05-10,9100
8046,南電,127,53,74,群益金鼎,2023-05-10,9100
2887E,台新戊特,70,0,70,群益金鼎,2023-05-10,9100
2201,裕隆,192,125,67,群益金鼎,2023-05-10,9100
00651R,復華香港反1,65,0,65,群益金鼎,2023-05-10,9100
00666R,富邦�琤肭磪齯�1,56,0,56,群益金鼎,2023-05-10,9100
006205,富邦上証,540,488,52,群益金鼎,2023-05-10,9100
2884,玉山金,60,9,51,群益金鼎,2023-05-10,9100
3289,宜特,51,0,51,群益金鼎,2023-05-10,9100
6589,台康生技,52,2,50,群益金鼎,2023-05-10,9100
00640L,富邦日本正2,60,10,50,群益金鼎,2023-05-10,9100
3362,先進光,50,3,47,群益金鼎,2023-05-10,9100
3661,世芯-KY,82,36,46,群益金鼎,2023-05-10,9100
9907,統一實,45,0,45,群益金鼎,2023-05-10,9100
00830,國泰費城半導體,458,414,44,群益金鼎,2023-05-10,9100
00893,國泰智能電動車,4875,6,4869,群益金鼎,2023-05-11,9100
00895,富邦未來車,668,0,668,群益金鼎,2023-05-11,9100
00830,國泰費城半導體,1262,600,662,群益金鼎,2023-05-11,9100
00902,中信電池及儲能,894,249,645,群益金鼎,2023-05-11,9100
00673R,期元大S＆P原油反1,333,3,330,群益金鼎,2023-05-11,9100
00915,凱基優選高股息30,357,40,317,群益金鼎,2023-05-11,9100
3231,緯創,354,93,261,群益金鼎,2023-05-11,9100
1605,華新,243,3,240,群益金鼎,2023-05-11,9100
2409,友達,206,2,204,群益金鼎,2023-05-11,9100
3006,晶豪科,329,127,202,群益金鼎,2023-05-11,9100
00876,元大全球5G,202,0,202,群益金鼎,2023-05-11,9100
2420,新巨,198,1,197,群益金鼎,2023-05-11,9100
00918,大華優利高填息30,206,12,194,群益金鼎,2023-05-11,9100
00907,永豐優息存股,207,37,170,群益金鼎,2023-05-11,9100
2388,威盛,176,12,164,群益金鼎,2023-05-11,9100
00892,富邦台灣半導體,152,0,152,群益金鼎,2023-05-11,9100
2368,金像電,149,6,143,群益金鼎,2023-05-11,9100
6139,亞翔,245,111,134,群益金鼎,2023-05-11,9100
00631L,元大台灣50正2,117,0,117,群益金鼎,2023-05-11,9100
6589,台康生技,108,1,107,群益金鼎,2023-05-11,9100
6515,穎崴,102,4,98,群益金鼎,2023-05-11,9100
9907,統一實,96,1,95,群益金鼎,2023-05-11,9100
6274,台燿,221,135,86,群益金鼎,2023-05-11,9100
00714,群益道瓊美國地產,93,8,85,群益金鼎,2023-05-11,9100
8215,明基材,80,0,80,群益金鼎,2023-05-11,9100
00642U,期元大S＆P石油,100,20,80,群益金鼎,2023-05-11,9100
00861,元大全球未來通訊,78,0,78,群益金鼎,2023-05-11,9100
6179,亞通,73,0,73,群益金鼎,2023-05-11,9100
5483,中美晶,67,0,67,群益金鼎,2023-05-11,9100
6213,聯茂,84,20,64,群益金鼎,2023-05-11,9100
00668,國泰美國道瓊,61,2,59,群益金鼎,2023-05-11,9100
00643,群益深証中小,76,18,58,群益金鼎,2023-05-11,9100
6488,環球晶,54,0,54,群益金鼎,2023-05-11,9100
2801,彰銀,50,0,50,群益金鼎,2023-05-11,9100
00682U,期元大美元指數,50,0,50,群益金鼎,2023-05-11,9100
3289,宜特,51,1,50,群益金鼎,2023-05-11,9100
3362,先進光,51,1,50,群益金鼎,2023-05-11,9100
00909,國泰數位支付服務,50,0,50,群益金鼎,2023-05-11,9100
00733,富邦臺灣中小,58,10,48,群益金鼎,2023-05-11,9100
2754,亞洲藏壽司,47,0,47,群益金鼎,2023-05-11,9100
00666R,富邦�琤肭磪齯�1,43,0,43,群益金鼎,2023-05-11,9100
1909,榮成,50,8,42,群益金鼎,2023-05-11,9100
2883,凱基金,41,0,41,群益金鼎,2023-05-11,9100
1215,卜蜂,40,0,40,群益金鼎,2023-05-11,9100
00908,富邦入息REITs+,190,150,40,群益金鼎,2023-05-11,9100
2609,陽明,39,0,39,群益金鼎,2023-05-11,9100
3675,德微,39,1,38,群益金鼎,2023-05-11,9100
5009,榮剛,48,11,37,群益金鼎,2023-05-11,9100
2455,全新,36,1,35,群益金鼎,2023-05-11,9100
2615,萬海,35,2,33,群益金鼎,2023-05-11,9100
00632R,元大台灣50反1,1959,0,1959,群益金鼎,2023-05-12,9100
00680L,元大美債20正2,1724,122,1602,群益金鼎,2023-05-12,9100
00679B,元大美債20年,1381,12,1369,群益金鼎,2023-05-12,9100
00893,國泰智能電動車,1290,176,1114,群益金鼎,2023-05-12,9100
00642U,期元大S＆P石油,913,0,913,群益金鼎,2023-05-12,9100
00895,富邦未來車,753,0,753,群益金鼎,2023-05-12,9100
00687B,國泰20年美債,1756,1025,731,群益金鼎,2023-05-12,9100
00673R,期元大S＆P原油反1,703,0,703,群益金鼎,2023-05-12,9100
00772B,中信高評級公司債,667,159,508,群益金鼎,2023-05-12,9100
00665L,富邦�琤肭磪囓�2,349,8,341,群益金鼎,2023-05-12,9100
3363,上詮,308,7,301,群益金鼎,2023-05-12,9100
2371,大同,331,42,289,群益金鼎,2023-05-12,9100
8011,台通,256,0,256,群益金鼎,2023-05-12,9100
00892,富邦台灣半導體,250,0,250,群益金鼎,2023-05-12,9100
00795B,中信美國公債20年,928,700,228,群益金鼎,2023-05-12,9100
6285,啟��,224,21,203,群益金鼎,2023-05-12,9100
00925,新光標普電動車,200,0,200,群益金鼎,2023-05-12,9100
2421,建準,187,29,158,群益金鼎,2023-05-12,9100
2303,聯電,193,37,156,群益金鼎,2023-05-12,9100
5258,虹堡,175,30,145,群益金鼎,2023-05-12,9100
3017,奇鋐,158,20,138,群益金鼎,2023-05-12,9100
00915,凱基優選高股息30,134,0,134,群益金鼎,2023-05-12,9100
00640L,富邦日本正2,328,205,123,群益金鼎,2023-05-12,9100
00664R,國泰臺灣加權反1,300,181,119,群益金鼎,2023-05-12,9100
4904,遠傳,110,2,108,群益金鼎,2023-05-12,9100
5351,鈺創,110,2,108,群益金鼎,2023-05-12,9100
2409,友達,122,20,102,群益金鼎,2023-05-12,9100
2353,宏��,108,7,101,群益金鼎,2023-05-12,9100
4938,和碩,101,0,101,群益金鼎,2023-05-12,9100
5269,祥碩,101,2,99,群益金鼎,2023-05-12,9100
00910,第一金太空衛星,125,31,94,群益金鼎,2023-05-12,9100
3540,曜越,95,1,94,群益金鼎,2023-05-12,9100
2002,中鋼,92,0,92,群益金鼎,2023-05-12,9100
6491,晶碩,102,17,85,群益金鼎,2023-05-12,9100
1513,中興電,95,12,83,群益金鼎,2023-05-12,9100
6139,亞翔,113,33,80,群益金鼎,2023-05-12,9100
00783,富邦中証500,80,1,79,群益金鼎,2023-05-12,9100
00733,富邦臺灣中小,78,0,78,群益金鼎,2023-05-12,9100
2330,台積電,167,90,77,群益金鼎,2023-05-12,9100
6245,立端,98,22,76,群益金鼎,2023-05-12,9100
00773B,中信優先金融債,196,125,71,群益金鼎,2023-05-12,9100
2454,聯發科,67,2,65,群益金鼎,2023-05-12,9100
2301,光寶科,63,0,63,群益金鼎,2023-05-12,9100
9907,統一實,62,0,62,群益金鼎,2023-05-12,9100
2317,鴻海,62,2,60,群益金鼎,2023-05-12,9100
2368,金像電,61,3,58,群益金鼎,2023-05-12,9100
8046,南電,93,37,56,群益金鼎,2023-05-12,9100
6589,台康生技,64,9,55,群益金鼎,2023-05-12,9100
4128,中天,56,2,54,群益金鼎,2023-05-12,9100
00909,國泰數位支付服務,52,0,52,群益金鼎,2023-05-12,9100
00632R,元大台灣50反1,799,0,799,群益金鼎,2023-05-15,9100
2356,英業達,766,21,745,群益金鼎,2023-05-15,9100
00895,富邦未來車,512,7,505,群益金鼎,2023-05-15,9100
1605,華新,471,6,465,群益金鼎,2023-05-15,9100
00665L,富邦�琤肭磪囓�2,911,500,411,群益金鼎,2023-05-15,9100
00664R,國泰臺灣加權反1,378,0,378,群益金鼎,2023-05-15,9100
2313,華通,350,3,347,群益金鼎,2023-05-15,9100
2633,台灣高鐵,284,0,284,群益金鼎,2023-05-15,9100
3231,緯創,278,26,252,群益金鼎,2023-05-15,9100
2427,三商電,203,11,192,群益金鼎,2023-05-15,9100
00902,中信電池及儲能,393,212,181,群益金鼎,2023-05-15,9100
00728,第一金工業30,171,0,171,群益金鼎,2023-05-15,9100
2409,友達,167,4,163,群益金鼎,2023-05-15,9100
00893,國泰智能電動車,761,600,161,群益金鼎,2023-05-15,9100
00924,復華S＆P500成長,155,1,154,群益金鼎,2023-05-15,9100
6005,群益證,168,27,141,群益金鼎,2023-05-15,9100
1504,東元,331,197,134,群益金鼎,2023-05-15,9100
2743,山富,136,11,125,群益金鼎,2023-05-15,9100
00920,富邦ESG綠色電力,184,65,119,群益金鼎,2023-05-15,9100
2609,陽明,134,17,117,群益金鼎,2023-05-15,9100
2884,玉山金,109,0,109,群益金鼎,2023-05-15,9100
00915,凱基優選高股息30,99,0,99,群益金鼎,2023-05-15,9100
0056,元大高股息,175,87,88,群益金鼎,2023-05-15,9100
8076,伍豐,95,8,87,群益金鼎,2023-05-15,9100
2201,裕隆,109,34,75,群益金鼎,2023-05-15,9100
3363,上詮,248,175,73,群益金鼎,2023-05-15,9100
00666R,富邦�琤肭磪齯�1,90,20,70,群益金鼎,2023-05-15,9100
2388,威盛,78,9,69,群益金鼎,2023-05-15,9100
2353,宏��,65,0,65,群益金鼎,2023-05-15,9100
8069,元太,135,73,62,群益金鼎,2023-05-15,9100
00910,第一金太空衛星,132,70,62,群益金鼎,2023-05-15,9100
9939,宏全,103,45,58,群益金鼎,2023-05-15,9100
00909,國泰數位支付服務,52,0,52,群益金鼎,2023-05-15,9100
00733,富邦臺灣中小,56,4,52,群益金鼎,2023-05-15,9100
5269,祥碩,52,1,51,群益金鼎,2023-05-15,9100
1909,榮成,51,0,51,群益金鼎,2023-05-15,9100
4162,智擎,62,12,50,群益金鼎,2023-05-15,9100
3289,宜特,50,0,50,群益金鼎,2023-05-15,9100
3362,先進光,50,0,50,群益金鼎,2023-05-15,9100
1802,台玻,50,0,50,群益金鼎,2023-05-15,9100
00650L,復華香港正2,197,149,48,群益金鼎,2023-05-15,9100
00762,元大全球AI,45,0,45,群益金鼎,2023-05-15,9100
6235,華孚,82,39,43,群益金鼎,2023-05-15,9100
6213,聯茂,50,7,43,群益金鼎,2023-05-15,9100
00917,中信特選金融,293,250,43,群益金鼎,2023-05-15,9100
00685L,群益臺灣加權正2,250,210,40,群益金鼎,2023-05-15,9100
2880,華南金,39,0,39,群益金鼎,2023-05-15,9100
00881,國泰台灣5G+,40,2,38,群益金鼎,2023-05-15,9100
00651R,復華香港反1,35,0,35,群益金鼎,2023-05-15,9100
00861,元大全球未來通訊,33,0,33,群益金鼎,2023-05-15,9100
00637L,元大滬深300正2,2701,0,2701,群益金鼎,2023-05-16,9100
00665L,富邦�琤肭磪囓�2,2118,12,2106,群益金鼎,2023-05-16,9100
00893,國泰智能電動車,1639,328,1311,群益金鼎,2023-05-16,9100
2301,光寶科,1004,1,1003,群益金鼎,2023-05-16,9100
2376,技嘉,823,15,808,群益金鼎,2023-05-16,9100
00902,中信電池及儲能,681,10,671,群益金鼎,2023-05-16,9100
00650L,復華香港正2,740,243,497,群益金鼎,2023-05-16,9100
00664R,國泰臺灣加權反1,788,314,474,群益金鼎,2023-05-16,9100
3037,欣興,602,163,439,群益金鼎,2023-05-16,9100
00830,國泰費城半導體,735,319,416,群益金鼎,2023-05-16,9100
3715,定穎投控,466,86,380,群益金鼎,2023-05-16,9100
00915,凱基優選高股息30,365,0,365,群益金鼎,2023-05-16,9100
00882,中信中國高股息,400,53,347,群益金鼎,2023-05-16,9100
00895,富邦未來車,344,0,344,群益金鼎,2023-05-16,9100
00862B,中信投資級公司債,391,81,310,群益金鼎,2023-05-16,9100
9907,統一實,262,1,261,群益金鼎,2023-05-16,9100
2388,威盛,247,5,242,群益金鼎,2023-05-16,9100
8076,伍豐,287,55,232,群益金鼎,2023-05-16,9100
00907,永豐優息存股,333,113,220,群益金鼎,2023-05-16,9100
2421,建準,298,82,216,群益金鼎,2023-05-16,9100
00922,國泰台灣領袖50,212,0,212,群益金鼎,2023-05-16,9100
00712,復華富時不動產,201,0,201,群益金鼎,2023-05-16,9100
5258,虹堡,204,18,186,群益金鼎,2023-05-16,9100
2201,裕隆,267,81,186,群益金鼎,2023-05-16,9100
00876,元大全球5G,165,0,165,群益金鼎,2023-05-16,9100
00881,國泰台灣5G+,162,0,162,群益金鼎,2023-05-16,9100
3231,緯創,212,53,159,群益金鼎,2023-05-16,9100
2409,友達,143,1,142,群益金鼎,2023-05-16,9100
2356,英業達,146,8,138,群益金鼎,2023-05-16,9100
1102,亞泥,154,20,134,群益金鼎,2023-05-16,9100
1402,遠東新,117,1,116,群益金鼎,2023-05-16,9100
8048,德勝,112,0,112,群益金鼎,2023-05-16,9100
2615,萬海,111,1,110,群益金鼎,2023-05-16,9100
8046,南電,117,15,102,群益金鼎,2023-05-16,9100
00924,復華S＆P500成長,100,0,100,群益金鼎,2023-05-16,9100
00642U,期元大S＆P石油,100,0,100,群益金鼎,2023-05-16,9100
00909,國泰數位支付服務,150,51,99,群益金鼎,2023-05-16,9100
1711,永光,107,8,99,群益金鼎,2023-05-16,9100
1216,統一,100,4,96,群益金鼎,2023-05-16,9100
00920,富邦ESG綠色電力,296,202,94,群益金鼎,2023-05-16,9100
2353,宏��,95,5,90,群益金鼎,2023-05-16,9100
00714,群益道瓊美國地產,89,1,88,群益金鼎,2023-05-16,9100
2367,燿華,80,0,80,群益金鼎,2023-05-16,9100
3443,創意,81,3,78,群益金鼎,2023-05-16,9100
2317,鴻海,77,5,72,群益金鼎,2023-05-16,9100
8069,元太,118,47,71,群益金鼎,2023-05-16,9100
00666R,富邦�琤肭磪齯�1,63,0,63,群益金鼎,2023-05-16,9100
3022,威強電,103,43,60,群益金鼎,2023-05-16,9100
8933,愛地雅,60,0,60,群益金鼎,2023-05-16,9100
00723B,群益投資級科技債,60,1,59,群益金鼎,2023-05-16,9100
2891,中信金,2811,66,2745,群益金鼎,2023-05-17,9100
00923,群益台ESG低碳50,2242,6,2236,群益金鼎,2023-05-17,9100
00895,富邦未來車,1418,200,1218,群益金鼎,2023-05-17,9100
2884,玉山金,1201,1,1200,群益金鼎,2023-05-17,9100
00905,FT臺灣Smart,1066,12,1054,群益金鼎,2023-05-17,9100
00878,國泰永續高股息,3488,2819,669,群益金鼎,2023-05-17,9100
00888,永豐台灣ESG,647,35,612,群益金鼎,2023-05-17,9100
00893,國泰智能電動車,1581,974,607,群益金鼎,2023-05-17,9100
00669R,國泰美國道瓊反1,534,0,534,群益金鼎,2023-05-17,9100
00900,富邦特選高股息30,530,0,530,群益金鼎,2023-05-17,9100
00907,永豐優息存股,512,50,462,群益金鼎,2023-05-17,9100
00902,中信電池及儲能,425,6,419,群益金鼎,2023-05-17,9100
00892,富邦台灣半導體,404,46,358,群益金鼎,2023-05-17,9100
00881,國泰台灣5G+,378,25,353,群益金鼎,2023-05-17,9100
2377,微星,349,22,327,群益金鼎,2023-05-17,9100
2201,裕隆,377,120,257,群益金鼎,2023-05-17,9100
1504,東元,274,48,226,群益金鼎,2023-05-17,9100
2376,技嘉,270,66,204,群益金鼎,2023-05-17,9100
3673,TPK-KY,246,56,190,群益金鼎,2023-05-17,9100
8046,南電,192,5,187,群益金鼎,2023-05-17,9100
006208,富邦台50,184,0,184,群益金鼎,2023-05-17,9100
6116,彩晶,168,0,168,群益金鼎,2023-05-17,9100
2409,友達,336,180,156,群益金鼎,2023-05-17,9100
00876,元大全球5G,167,11,156,群益金鼎,2023-05-17,9100
2530,華建,141,0,141,群益金鼎,2023-05-17,9100
6770,力積電,136,1,135,群益金鼎,2023-05-17,9100
5340,建榮,123,1,122,群益金鼎,2023-05-17,9100
00915,凱基優選高股息30,122,0,122,群益金鼎,2023-05-17,9100
00642U,期元大S＆P石油,101,0,101,群益金鼎,2023-05-17,9100
00861,元大全球未來通訊,91,0,91,群益金鼎,2023-05-17,9100
00728,第一金工業30,90,0,90,群益金鼎,2023-05-17,9100
00733,富邦臺灣中小,84,0,84,群益金鼎,2023-05-17,9100
2382,廣達,86,3,83,群益金鼎,2023-05-17,9100
2368,金像電,107,26,81,群益金鼎,2023-05-17,9100
2845,遠東銀,80,0,80,群益金鼎,2023-05-17,9100
00631L,元大台灣50正2,83,6,77,群益金鼎,2023-05-17,9100
6139,亞翔,84,10,74,群益金鼎,2023-05-17,9100
00924,復華S＆P500成長,74,1,73,群益金鼎,2023-05-17,9100
00922,國泰台灣領袖50,242,170,72,群益金鼎,2023-05-17,9100
3289,宜特,69,0,69,群益金鼎,2023-05-17,9100
1319,東陽,72,4,68,群益金鼎,2023-05-17,9100
2881,富邦金,67,1,66,群益金鼎,2023-05-17,9100
6414,樺漢,70,6,64,群益金鼎,2023-05-17,9100
5347,世界,63,0,63,群益金鼎,2023-05-17,9100
5328,華容,61,0,61,群益金鼎,2023-05-17,9100
3035,智原,63,3,60,群益金鼎,2023-05-17,9100
2743,山富,121,64,57,群益金鼎,2023-05-17,9100
00719B,元大美債1-3,55,0,55,群益金鼎,2023-05-17,9100
1216,統一,54,0,54,群益金鼎,2023-05-17,9100
2327,國巨,52,0,52,群益金鼎,2023-05-17,9100
00878,國泰永續高股息,5131,253,4878,群益金鼎,2023-05-18,9100
00715L,期街口布蘭特正2,4229,20,4209,群益金鼎,2023-05-18,9100
00893,國泰智能電動車,3339,1680,1659,群益金鼎,2023-05-18,9100
1216,統一,1002,0,1002,群益金鼎,2023-05-18,9100
00923,群益台ESG低碳50,829,43,786,群益金鼎,2023-05-18,9100
00861,元大全球未來通訊,786,0,786,群益金鼎,2023-05-18,9100
00895,富邦未來車,1827,1153,674,群益金鼎,2023-05-18,9100
00665L,富邦�琤肭磪囓�2,1096,466,630,群益金鼎,2023-05-18,9100
2890,永豐金,601,0,601,群益金鼎,2023-05-18,9100
00888,永豐台灣ESG,697,101,596,群益金鼎,2023-05-18,9100
00664R,國泰臺灣加權反1,674,265,409,群益金鼎,2023-05-18,9100
9907,統一實,368,0,368,群益金鼎,2023-05-18,9100
00728,第一金工業30,357,0,357,群益金鼎,2023-05-18,9100
00924,復華S＆P500成長,350,0,350,群益金鼎,2023-05-18,9100
00907,永豐優息存股,328,0,328,群益金鼎,2023-05-18,9100
00905,FT臺灣Smart,320,0,320,群益金鼎,2023-05-18,9100
2383,台光電,416,101,315,群益金鼎,2023-05-18,9100
00692,富邦公司治理,538,223,315,群益金鼎,2023-05-18,9100
00852L,國泰美國道瓊正2,306,0,306,群益金鼎,2023-05-18,9100
00876,元大全球5G,400,101,299,群益金鼎,2023-05-18,9100
00903,富邦元宇宙,572,274,298,群益金鼎,2023-05-18,9100
3037,欣興,390,115,275,群益金鼎,2023-05-18,9100
1210,大成,264,0,264,群益金鼎,2023-05-18,9100
1504,東元,405,141,264,群益金鼎,2023-05-18,9100
00915,凱基優選高股息30,356,97,259,群益金鼎,2023-05-18,9100
2344,華邦電,240,30,210,群益金鼎,2023-05-18,9100
4977,眾達-KY,200,3,197,群益金鼎,2023-05-18,9100
4906,正文,196,0,196,群益金鼎,2023-05-18,9100
0050,元大台灣50,260,72,188,群益金鼎,2023-05-18,9100
3017,奇鋐,281,93,188,群益金鼎,2023-05-18,9100
00918,大華優利高填息30,187,0,187,群益金鼎,2023-05-18,9100
5439,高技,163,0,163,群益金鼎,2023-05-18,9100
1519,華城,178,28,150,群益金鼎,2023-05-18,9100
6245,立端,146,13,133,群益金鼎,2023-05-18,9100
00632R,元大台灣50反1,2554,2428,126,群益金鼎,2023-05-18,9100
8076,伍豐,139,14,125,群益金鼎,2023-05-18,9100
00642U,期元大S＆P石油,230,115,115,群益金鼎,2023-05-18,9100
4904,遠傳,111,2,109,群益金鼎,2023-05-18,9100
3260,威剛,107,2,105,群益金鼎,2023-05-18,9100
00685L,群益臺灣加權正2,104,0,104,群益金鼎,2023-05-18,9100
2743,山富,101,0,101,群益金鼎,2023-05-18,9100
2634,漢翔,126,31,95,群益金鼎,2023-05-18,9100
2454,聯發科,82,0,82,群益金鼎,2023-05-18,9100
1802,台玻,79,0,79,群益金鼎,2023-05-18,9100
5258,虹堡,105,28,77,群益金鼎,2023-05-18,9100
006208,富邦台50,76,2,74,群益金鼎,2023-05-18,9100
3035,智原,88,20,68,群益金鼎,2023-05-18,9100
00733,富邦臺灣中小,65,0,65,群益金鼎,2023-05-18,9100
5009,榮剛,75,11,64,群益金鼎,2023-05-18,9100
2388,威盛,66,4,62,群益金鼎,2023-05-18,9100
00878,國泰永續高股息,7817,19,7798,群益金鼎,2023-05-19,9100
00923,群益台ESG低碳50,4666,835,3831,群益金鼎,2023-05-19,9100
00895,富邦未來車,1937,0,1937,群益金鼎,2023-05-19,9100
006208,富邦台50,1281,15,1266,群益金鼎,2023-05-19,9100
00830,國泰費城半導體,977,221,756,群益金鼎,2023-05-19,9100
00900,富邦特選高股息30,637,26,611,群益金鼎,2023-05-19,9100
00902,中信電池及儲能,617,158,459,群益金鼎,2023-05-19,9100
00888,永豐台灣ESG,485,45,440,群益金鼎,2023-05-19,9100
00893,國泰智能電動車,2274,1904,370,群益金鼎,2023-05-19,9100
00861,元大全球未來通訊,326,0,326,群益金鼎,2023-05-19,9100
00692,富邦公司治理,439,122,317,群益金鼎,2023-05-19,9100
00903,富邦元宇宙,671,365,306,群益金鼎,2023-05-19,9100
00669R,國泰美國道瓊反1,300,0,300,群益金鼎,2023-05-19,9100
1503,士電,316,17,299,群益金鼎,2023-05-19,9100
2421,建準,390,98,292,群益金鼎,2023-05-19,9100
00686R,群益臺灣加權反1,460,200,260,群益金鼎,2023-05-19,9100
00876,元大全球5G,265,23,242,群益金鼎,2023-05-19,9100
2442,新美齊,247,10,237,群益金鼎,2023-05-19,9100
2204,中華,235,4,231,群益金鼎,2023-05-19,9100
00907,永豐優息存股,214,0,214,群益金鼎,2023-05-19,9100
00733,富邦臺灣中小,212,1,211,群益金鼎,2023-05-19,9100
00915,凱基優選高股息30,212,4,208,群益金鼎,2023-05-19,9100
3231,緯創,316,116,200,群益金鼎,2023-05-19,9100
8046,南電,200,6,194,群益金鼎,2023-05-19,9100
00922,國泰台灣領袖50,202,20,182,群益金鼎,2023-05-19,9100
00896,中信綠能及電動車,180,0,180,群益金鼎,2023-05-19,9100
00892,富邦台灣半導體,192,15,177,群益金鼎,2023-05-19,9100
2748,雲品,179,4,175,群益金鼎,2023-05-19,9100
2313,華通,177,3,174,群益金鼎,2023-05-19,9100
3035,智原,181,10,171,群益金鼎,2023-05-19,9100
00640L,富邦日本正2,370,202,168,群益金鼎,2023-05-19,9100
00852L,國泰美國道瓊正2,206,42,164,群益金鼎,2023-05-19,9100
2332,友訊,155,0,155,群益金鼎,2023-05-19,9100
6160,欣技,160,14,146,群益金鼎,2023-05-19,9100
9907,統一實,144,4,140,群益金鼎,2023-05-19,9100
00910,第一金太空衛星,138,0,138,群益金鼎,2023-05-19,9100
3706,神達,210,75,135,群益金鼎,2023-05-19,9100
2383,台光電,190,58,132,群益金鼎,2023-05-19,9100
1303,南亞,185,62,123,群益金鼎,2023-05-19,9100
1905,華紙,132,14,118,群益金鼎,2023-05-19,9100
6754,匯僑設計,125,15,110,群益金鼎,2023-05-19,9100
3017,奇鋐,144,39,105,群益金鼎,2023-05-19,9100
00643,群益深証中小,391,288,103,群益金鼎,2023-05-19,9100
2323,中環,118,23,95,群益金鼎,2023-05-19,9100
2454,聯發科,83,7,76,群益金鼎,2023-05-19,9100
3362,先進光,81,5,76,群益金鼎,2023-05-19,9100
2382,廣達,96,23,73,群益金鼎,2023-05-19,9100
2330,台積電,116,43,73,群益金鼎,2023-05-19,9100
6190,萬泰科,75,3,72,群益金鼎,2023-05-19,9100
4979,華星光,73,3,70,群益金鼎,2023-05-19,9100
00637L,元大滬深300正2,7184,135,7049,群益金鼎,2023-05-22,9100
00648R,元大S＆P500反1,2028,0,2028,群益金鼎,2023-05-22,9100
00830,國泰費城半導體,2221,337,1884,群益金鼎,2023-05-22,9100
00893,國泰智能電動車,2429,751,1678,群益金鼎,2023-05-22,9100
2897,王道銀行,1000,0,1000,群益金鼎,2023-05-22,9100
3481,群創,666,5,661,群益金鼎,2023-05-22,9100
00902,中信電池及儲能,695,38,657,群益金鼎,2023-05-22,9100
2201,裕隆,591,19,572,群益金鼎,2023-05-22,9100
00923,群益台ESG低碳50,624,120,504,群益金鼎,2023-05-22,9100
8069,元太,493,4,489,群益金鼎,2023-05-22,9100
3163,波若威,470,4,466,群益金鼎,2023-05-22,9100
00924,復華S＆P500成長,439,40,399,群益金鼎,2023-05-22,9100
00664R,國泰臺灣加權反1,362,0,362,群益金鼎,2023-05-22,9100
00895,富邦未來車,322,4,318,群益金鼎,2023-05-22,9100
00696B,富邦美債20年,300,0,300,群益金鼎,2023-05-22,9100
2603,長榮,286,5,281,群益金鼎,2023-05-22,9100
4130,健亞,260,0,260,群益金鼎,2023-05-22,9100
00917,中信特選金融,249,0,249,群益金鼎,2023-05-22,9100
00633L,富邦上証正2,225,1,224,群益金鼎,2023-05-22,9100
00910,第一金太空衛星,217,0,217,群益金鼎,2023-05-22,9100
00673R,期元大S＆P原油反1,206,0,206,群益金鼎,2023-05-22,9100
3363,上詮,214,13,201,群益金鼎,2023-05-22,9100
00857B,永豐20年美公債,200,0,200,群益金鼎,2023-05-22,9100
00915,凱基優選高股息30,201,12,189,群益金鼎,2023-05-22,9100
1513,中興電,275,88,187,群益金鼎,2023-05-22,9100
00905,FT臺灣Smart,186,0,186,群益金鼎,2023-05-22,9100
2912,統一超,180,0,180,群益金鼎,2023-05-22,9100
00861,元大全球未來通訊,178,0,178,群益金鼎,2023-05-22,9100
5243,乙盛-KY,230,55,175,群益金鼎,2023-05-22,9100
0050,元大台灣50,610,470,140,群益金鼎,2023-05-22,9100
2634,漢翔,173,45,128,群益金鼎,2023-05-22,9100
00669R,國泰美國道瓊反1,253,127,126,群益金鼎,2023-05-22,9100
5388,中磊,126,0,126,群益金鼎,2023-05-22,9100
8059,凱碩,120,6,114,群益金鼎,2023-05-22,9100
2331,精英,113,15,98,群益金鼎,2023-05-22,9100
3178,公準,98,4,94,群益金鼎,2023-05-22,9100
00876,元大全球5G,92,0,92,群益金鼎,2023-05-22,9100
2382,廣達,97,12,85,群益金鼎,2023-05-22,9100
00762,元大全球AI,80,0,80,群益金鼎,2023-05-22,9100
2888,新光金,144,67,77,群益金鼎,2023-05-22,9100
2515,中工,101,24,77,群益金鼎,2023-05-22,9100
1609,大亞,135,61,74,群益金鼎,2023-05-22,9100
2609,陽明,76,3,73,群益金鼎,2023-05-22,9100
8996,高力,89,22,67,群益金鼎,2023-05-22,9100
00896,中信綠能及電動車,61,0,61,群益金鼎,2023-05-22,9100
006207,復華滬深,62,1,61,群益金鼎,2023-05-22,9100
2376,技嘉,61,2,59,群益金鼎,2023-05-22,9100
8935,邦泰,56,0,56,群益金鼎,2023-05-22,9100
4906,正文,54,0,54,群益金鼎,2023-05-22,9100
3045,台灣大,53,0,53,群益金鼎,2023-05-22,9100
00893,國泰智能電動車,3556,845,2711,群益金鼎,2023-05-23,9100
00715L,期街口布蘭特正2,2267,8,2259,群益金鼎,2023-05-23,9100
00895,富邦未來車,1102,0,1102,群益金鼎,2023-05-23,9100
00632R,元大台灣50反1,1031,1,1030,群益金鼎,2023-05-23,9100
00878,國泰永續高股息,1648,782,866,群益金鼎,2023-05-23,9100
00861,元大全球未來通訊,553,0,553,群益金鼎,2023-05-23,9100
00923,群益台ESG低碳50,506,34,472,群益金鼎,2023-05-23,9100
0050,元大台灣50,448,18,430,群益金鼎,2023-05-23,9100
1101,台泥,439,10,429,群益金鼎,2023-05-23,9100
2603,長榮,410,7,403,群益金鼎,2023-05-23,9100
2338,光罩,341,0,341,群益金鼎,2023-05-23,9100
2382,廣達,408,109,299,群益金鼎,2023-05-23,9100
1216,統一,300,3,297,群益金鼎,2023-05-23,9100
00902,中信電池及儲能,746,450,296,群益金鼎,2023-05-23,9100
2748,雲品,289,33,256,群益金鼎,2023-05-23,9100
3264,欣銓,251,1,250,群益金鼎,2023-05-23,9100
00903,富邦元宇宙,246,0,246,群益金鼎,2023-05-23,9100
1102,亞泥,236,1,235,群益金鼎,2023-05-23,9100
00925,新光標普電動車,224,0,224,群益金鼎,2023-05-23,9100
00669R,國泰美國道瓊反1,192,0,192,群益金鼎,2023-05-23,9100
00640L,富邦日本正2,378,190,188,群益金鼎,2023-05-23,9100
3078,僑威,277,97,180,群益金鼎,2023-05-23,9100
3231,緯創,212,34,178,群益金鼎,2023-05-23,9100
00892,富邦台灣半導體,175,0,175,群益金鼎,2023-05-23,9100
8940,新天地,156,4,152,群益金鼎,2023-05-23,9100
5269,祥碩,151,10,141,群益金鼎,2023-05-23,9100
6509,聚和,142,1,141,群益金鼎,2023-05-23,9100
5388,中磊,174,38,136,群益金鼎,2023-05-23,9100
0056,元大高股息,158,38,120,群益金鼎,2023-05-23,9100
006205,富邦上証,637,518,119,群益金鼎,2023-05-23,9100
2376,技嘉,118,0,118,群益金鼎,2023-05-23,9100
00896,中信綠能及電動車,110,0,110,群益金鼎,2023-05-23,9100
2201,裕隆,143,34,109,群益金鼎,2023-05-23,9100
6754,匯僑設計,138,31,107,群益金鼎,2023-05-23,9100
2002,中鋼,101,0,101,群益金鼎,2023-05-23,9100
00728,第一金工業30,100,0,100,群益金鼎,2023-05-23,9100
00897,富邦基因免疫生技,100,0,100,群益金鼎,2023-05-23,9100
3594,磐儀,95,3,92,群益金鼎,2023-05-23,9100
6274,台燿,166,79,87,群益金鼎,2023-05-23,9100
2352,佳世達,85,1,84,群益金鼎,2023-05-23,9100
3044,健鼎,89,6,83,群益金鼎,2023-05-23,9100
3017,奇鋐,85,4,81,群益金鼎,2023-05-23,9100
2634,漢翔,185,107,78,群益金鼎,2023-05-23,9100
4979,華星光,75,3,72,群益金鼎,2023-05-23,9100
00907,永豐優息存股,72,0,72,群益金鼎,2023-05-23,9100
2457,飛宏,89,18,71,群益金鼎,2023-05-23,9100
00664R,國泰臺灣加權反1,141,74,67,群益金鼎,2023-05-23,9100
3252,海灣,70,3,67,群益金鼎,2023-05-23,9100
2609,陽明,68,2,66,群益金鼎,2023-05-23,9100
1513,中興電,100,39,61,群益金鼎,2023-05-23,9100
00715L,期街口布蘭特正2,3347,17,3330,群益金鼎,2023-05-24,9100
00893,國泰智能電動車,2908,136,2772,群益金鼎,2023-05-24,9100
00928,中信上櫃ESG30,1988,1,1987,群益金鼎,2023-05-24,9100
00878,國泰永續高股息,1423,388,1035,群益金鼎,2023-05-24,9100
00632R,元大台灣50反1,1000,2,998,群益金鼎,2023-05-24,9100
00669R,國泰美國道瓊反1,967,30,937,群益金鼎,2023-05-24,9100
00891,中信關鍵半導體,925,0,925,群益金鼎,2023-05-24,9100
00642U,期元大S＆P石油,753,0,753,群益金鼎,2023-05-24,9100
00895,富邦未來車,689,0,689,群益金鼎,2023-05-24,9100
00686R,群益臺灣加權反1,600,1,599,群益金鼎,2023-05-24,9100
00902,中信電池及儲能,654,134,520,群益金鼎,2023-05-24,9100
2324,仁寶,489,7,482,群益金鼎,2023-05-24,9100
00896,中信綠能及電動車,401,0,401,群益金鼎,2023-05-24,9100
00900,富邦特選高股息30,406,45,361,群益金鼎,2023-05-24,9100
00892,富邦台灣半導體,436,112,324,群益金鼎,2023-05-24,9100
00643,群益深証中小,504,252,252,群益金鼎,2023-05-24,9100
00664R,國泰臺灣加權反1,243,0,243,群益金鼎,2023-05-24,9100
00920,富邦ESG綠色電力,571,329,242,群益金鼎,2023-05-24,9100
8069,元太,238,9,229,群益金鼎,2023-05-24,9100
00915,凱基優選高股息30,217,0,217,群益金鼎,2023-05-24,9100
6799,來頡,210,0,210,群益金鼎,2023-05-24,9100
1710,東聯,198,1,197,群益金鼎,2023-05-24,9100
2317,鴻海,201,9,192,群益金鼎,2023-05-24,9100
00692,富邦公司治理,290,99,191,群益金鼎,2023-05-24,9100
4746,台耀,211,21,190,群益金鼎,2023-05-24,9100
1589,永冠-KY,205,19,186,群益金鼎,2023-05-24,9100
1301,台塑,161,0,161,群益金鼎,2023-05-24,9100
00830,國泰費城半導體,148,0,148,群益金鼎,2023-05-24,9100
00881,國泰台灣5G+,133,0,133,群益金鼎,2023-05-24,9100
2457,飛宏,245,124,121,群益金鼎,2023-05-24,9100
00638R,元大滬深300反1,118,0,118,群益金鼎,2023-05-24,9100
00650L,復華香港正2,122,5,117,群益金鼎,2023-05-24,9100
6416,瑞祺電通,98,2,96,群益金鼎,2023-05-24,9100
8436,大江,90,0,90,群益金鼎,2023-05-24,9100
006207,復華滬深,86,2,84,群益金鼎,2023-05-24,9100
6274,台燿,112,41,71,群益金鼎,2023-05-24,9100
2376,技嘉,78,9,69,群益金鼎,2023-05-24,9100
2201,裕隆,80,16,64,群益金鼎,2023-05-24,9100
2385,群光,63,1,62,群益金鼎,2023-05-24,9100
00733,富邦臺灣中小,62,0,62,群益金鼎,2023-05-24,9100
00861,元大全球未來通訊,57,0,57,群益金鼎,2023-05-24,9100
0052,富邦科技,57,2,55,群益金鼎,2023-05-24,9100
2458,義隆,53,2,51,群益金鼎,2023-05-24,9100
4938,和碩,50,1,49,群益金鼎,2023-05-24,9100
3591,艾笛森,63,15,48,群益金鼎,2023-05-24,9100
0050,元大台灣50,55,11,44,群益金鼎,2023-05-24,9100
2340,台亞,44,0,44,群益金鼎,2023-05-24,9100
00755B,群益投資級公用債,44,0,44,群益金鼎,2023-05-24,9100
3038,全台,52,9,43,群益金鼎,2023-05-24,9100
3022,威強電,45,2,43,群益金鼎,2023-05-24,9100
00715L,期街口布蘭特正2,4738,13,4725,群益金鼎,2023-05-25,9100
00923,群益台ESG低碳50,4425,225,4200,群益金鼎,2023-05-25,9100
00830,國泰費城半導體,2559,194,2365,群益金鼎,2023-05-25,9100
00893,國泰智能電動車,4417,3050,1367,群益金鼎,2023-05-25,9100
00669R,國泰美國道瓊反1,1288,1,1287,群益金鼎,2023-05-25,9100
00878,國泰永續高股息,1836,673,1163,群益金鼎,2023-05-25,9100
00881,國泰台灣5G+,1006,11,995,群益金鼎,2023-05-25,9100
00900,富邦特選高股息30,793,30,763,群益金鼎,2023-05-25,9100
00902,中信電池及儲能,800,252,548,群益金鼎,2023-05-25,9100
2618,長榮航,611,82,529,群益金鼎,2023-05-25,9100
00891,中信關鍵半導體,478,0,478,群益金鼎,2023-05-25,9100
00876,元大全球5G,455,0,455,群益金鼎,2023-05-25,9100
00925,新光標普電動車,449,0,449,群益金鼎,2023-05-25,9100
2002,中鋼,415,0,415,群益金鼎,2023-05-25,9100
00896,中信綠能及電動車,402,0,402,群益金鼎,2023-05-25,9100
2356,英業達,414,20,394,群益金鼎,2023-05-25,9100
2383,台光電,384,26,358,群益金鼎,2023-05-25,9100
2204,中華,370,14,356,群益金鼎,2023-05-25,9100
2630,亞航,336,8,328,群益金鼎,2023-05-25,9100
00903,富邦元宇宙,274,1,273,群益金鼎,2023-05-25,9100
2371,大同,287,35,252,群益金鼎,2023-05-25,9100
2331,精英,235,26,209,群益金鼎,2023-05-25,9100
8210,勤誠,208,7,201,群益金鼎,2023-05-25,9100
2834,臺企銀,204,21,183,群益金鼎,2023-05-25,9100
3038,全台,207,32,175,群益金鼎,2023-05-25,9100
3231,緯創,659,491,168,群益金鼎,2023-05-25,9100
006205,富邦上証,398,232,166,群益金鼎,2023-05-25,9100
00918,大華優利高填息30,162,0,162,群益金鼎,2023-05-25,9100
1301,台塑,162,0,162,群益金鼎,2023-05-25,9100
0050,元大台灣50,206,52,154,群益金鼎,2023-05-25,9100
5301,寶得利,143,0,143,群益金鼎,2023-05-25,9100
3017,奇鋐,177,36,141,群益金鼎,2023-05-25,9100
00692,富邦公司治理,136,0,136,群益金鼎,2023-05-25,9100
00861,元大全球未來通訊,125,0,125,群益金鼎,2023-05-25,9100
00892,富邦台灣半導體,122,0,122,群益金鼎,2023-05-25,9100
00685L,群益臺灣加權正2,112,0,112,群益金鼎,2023-05-25,9100
00888,永豐台灣ESG,319,212,107,群益金鼎,2023-05-25,9100
3587,閎康,103,5,98,群益金鼎,2023-05-25,9100
00650L,復華香港正2,474,378,96,群益金鼎,2023-05-25,9100
8436,大江,85,0,85,群益金鼎,2023-05-25,9100
00894,中信小資高價30,85,0,85,群益金鼎,2023-05-25,9100
3037,欣興,167,84,83,群益金鼎,2023-05-25,9100
1609,大亞,100,31,69,群益金鼎,2023-05-25,9100
6167,久正,60,0,60,群益金鼎,2023-05-25,9100
2408,南亞科,84,24,60,群益金鼎,2023-05-25,9100
6515,穎崴,70,11,59,群益金鼎,2023-05-25,9100
2206,三陽工業,72,14,58,群益金鼎,2023-05-25,9100
2328,廣宇,59,5,54,群益金鼎,2023-05-25,9100
0056,元大高股息,125,71,54,群益金鼎,2023-05-25,9100
2354,鴻準,51,0,51,群益金鼎,2023-05-25,9100
00893,國泰智能電動車,6651,14,6637,群益金鼎,2023-05-26,9100
00923,群益台ESG低碳50,4304,317,3987,群益金鼎,2023-05-26,9100
00669R,國泰美國道瓊反1,2895,0,2895,群益金鼎,2023-05-26,9100
2885,元大金,1775,63,1712,群益金鼎,2023-05-26,9100
00632R,元大台灣50反1,1531,7,1524,群益金鼎,2023-05-26,9100
00673R,期元大S＆P原油反1,1329,0,1329,群益金鼎,2023-05-26,9100
00876,元大全球5G,1180,4,1176,群益金鼎,2023-05-26,9100
00878,國泰永續高股息,1344,240,1104,群益金鼎,2023-05-26,9100
00830,國泰費城半導體,1351,280,1071,群益金鼎,2023-05-26,9100
00928,中信上櫃ESG30,967,0,967,群益金鼎,2023-05-26,9100
00895,富邦未來車,939,12,927,群益金鼎,2023-05-26,9100
2891,中信金,1004,107,897,群益金鼎,2023-05-26,9100
3711,日月光投控,799,96,703,群益金鼎,2023-05-26,9100
00664R,國泰臺灣加權反1,673,0,673,群益金鼎,2023-05-26,9100
2886,兆豐金,721,65,656,群益金鼎,2023-05-26,9100
1605,華新,602,20,582,群益金鼎,2023-05-26,9100
00861,元大全球未來通訊,576,0,576,群益金鼎,2023-05-26,9100
2618,長榮航,641,101,540,群益金鼎,2023-05-26,9100
2002,中鋼,507,1,506,群益金鼎,2023-05-26,9100
00881,國泰台灣5G+,450,36,414,群益金鼎,2023-05-26,9100
00638R,元大滬深300反1,367,0,367,群益金鼎,2023-05-26,9100
0050,元大台灣50,398,80,318,群益金鼎,2023-05-26,9100
00917,中信特選金融,300,0,300,群益金鼎,2023-05-26,9100
2704,國賓,265,0,265,群益金鼎,2023-05-26,9100
00850,元大臺灣ESG永續,250,0,250,群益金鼎,2023-05-26,9100
8210,勤誠,235,10,225,群益金鼎,2023-05-26,9100
8059,凱碩,215,0,215,群益金鼎,2023-05-26,9100
00665L,富邦�琤肭磪囓�2,283,80,203,群益金鼎,2023-05-26,9100
2313,華通,272,74,198,群益金鼎,2023-05-26,9100
2308,台達電,338,140,198,群益金鼎,2023-05-26,9100
8996,高力,218,33,185,群益金鼎,2023-05-26,9100
2356,英業達,358,181,177,群益金鼎,2023-05-26,9100
00896,中信綠能及電動車,171,1,170,群益金鼎,2023-05-26,9100
1301,台塑,161,1,160,群益金鼎,2023-05-26,9100
8069,元太,187,31,156,群益金鼎,2023-05-26,9100
2377,微星,182,29,153,群益金鼎,2023-05-26,9100
00640L,富邦日本正2,310,158,152,群益金鼎,2023-05-26,9100
00643,群益深証中小,207,58,149,群益金鼎,2023-05-26,9100
1102,亞泥,151,2,149,群益金鼎,2023-05-26,9100
00668,國泰美國道瓊,156,12,144,群益金鼎,2023-05-26,9100
00888,永豐台灣ESG,335,201,134,群益金鼎,2023-05-26,9100
00918,大華優利高填息30,142,21,121,群益金鼎,2023-05-26,9100
00922,國泰台灣領袖50,584,464,120,群益金鼎,2023-05-26,9100
2408,南亞科,150,33,117,群益金鼎,2023-05-26,9100
3380,明泰,127,11,116,群益金鼎,2023-05-26,9100
00655L,國泰中國A50正2,108,0,108,群益金鼎,2023-05-26,9100
1402,遠東新,122,21,101,群益金鼎,2023-05-26,9100
3706,神達,104,4,100,群益金鼎,2023-05-26,9100
00920,富邦ESG綠色電力,280,181,99,群益金鼎,2023-05-26,9100
4979,華星光,113,15,98,群益金鼎,2023-05-26,9100
00632R,元大台灣50反1,34566,38,34528,群益金鼎,2023-05-29,9100
4979,華星光,1945,144,1801,群益金鼎,2023-05-29,9100
00923,群益台ESG低碳50,1673,19,1654,群益金鼎,2023-05-29,9100
00893,國泰智能電動車,1755,225,1530,群益金鼎,2023-05-29,9100
00715L,期街口布蘭特正2,1396,104,1292,群益金鼎,2023-05-29,9100
2382,廣達,1035,16,1019,群益金鼎,2023-05-29,9100
00664R,國泰臺灣加權反1,1023,150,873,群益金鼎,2023-05-29,9100
1314,中石化,698,0,698,群益金鼎,2023-05-29,9100
2888,新光金,565,10,555,群益金鼎,2023-05-29,9100
2368,金像電,556,17,539,群益金鼎,2023-05-29,9100
006208,富邦台50,920,413,507,群益金鼎,2023-05-29,9100
1101,台泥,505,1,504,群益金鼎,2023-05-29,9100
00669R,國泰美國道瓊反1,500,0,500,群益金鼎,2023-05-29,9100
00895,富邦未來車,451,15,436,群益金鼎,2023-05-29,9100
3481,群創,450,14,436,群益金鼎,2023-05-29,9100
00922,國泰台灣領袖50,574,158,416,群益金鼎,2023-05-29,9100
00905,FT臺灣Smart,393,0,393,群益金鼎,2023-05-29,9100
2498,宏達電,396,25,371,群益金鼎,2023-05-29,9100
00912,中信臺灣智慧50,390,20,370,群益金鼎,2023-05-29,9100
2388,威盛,358,10,348,群益金鼎,2023-05-29,9100
2637,慧洋-KY,373,40,333,群益金鼎,2023-05-29,9100
2317,鴻海,391,89,302,群益金鼎,2023-05-29,9100
0050,元大台灣50,273,3,270,群益金鼎,2023-05-29,9100
00900,富邦特選高股息30,238,12,226,群益金鼎,2023-05-29,9100
00692,富邦公司治理,664,438,226,群益金鼎,2023-05-29,9100
00881,國泰台灣5G+,224,7,217,群益金鼎,2023-05-29,9100
2383,台光電,240,28,212,群益金鼎,2023-05-29,9100
4906,正文,211,2,209,群益金鼎,2023-05-29,9100
00670L,富邦NASDAQ正2,200,0,200,群益金鼎,2023-05-29,9100
9958,世紀鋼,211,26,185,群益金鼎,2023-05-29,9100
00891,中信關鍵半導體,187,4,183,群益金鼎,2023-05-29,9100
6799,來頡,190,7,183,群益金鼎,2023-05-29,9100
00861,元大全球未來通訊,154,0,154,群益金鼎,2023-05-29,9100
00674R,期元大S＆P黃金反1,150,0,150,群益金鼎,2023-05-29,9100
3078,僑威,158,13,145,群益金鼎,2023-05-29,9100
00916,國泰全球品牌50,152,24,128,群益金鼎,2023-05-29,9100
3594,磐儀,143,20,123,群益金鼎,2023-05-29,9100
00888,永豐台灣ESG,276,154,122,群益金鼎,2023-05-29,9100
3029,零壹,122,9,113,群益金鼎,2023-05-29,9100
4904,遠傳,111,1,110,群益金鼎,2023-05-29,9100
00683L,期元大美元指正2,110,0,110,群益金鼎,2023-05-29,9100
2313,華通,110,1,109,群益金鼎,2023-05-29,9100
4919,新唐,113,8,105,群益金鼎,2023-05-29,9100
5234,達興材料,100,0,100,群益金鼎,2023-05-29,9100
2344,華邦電,366,269,97,群益金鼎,2023-05-29,9100
2360,致茂,109,13,96,群益金鼎,2023-05-29,9100
3706,神達,226,133,93,群益金鼎,2023-05-29,9100
00636,國泰中國A50,154,70,84,群益金鼎,2023-05-29,9100
00894,中信小資高價30,83,0,83,群益金鼎,2023-05-29,9100
3406,玉晶光,94,12,82,群益金鼎,2023-05-29,9100
2303,聯電,3007,97,2910,群益金鼎,2023-05-30,9100
00891,中信關鍵半導體,2229,1,2228,群益金鼎,2023-05-30,9100
00923,群益台ESG低碳50,1940,13,1927,群益金鼎,2023-05-30,9100
00671R,富邦NASDAQ反1,1961,998,963,群益金鼎,2023-05-30,9100
00878,國泰永續高股息,1745,784,961,群益金鼎,2023-05-30,9100
00638R,元大滬深300反1,694,0,694,群益金鼎,2023-05-30,9100
00830,國泰費城半導體,673,6,667,群益金鼎,2023-05-30,9100
3711,日月光投控,677,28,649,群益金鼎,2023-05-30,9100
00773B,中信優先金融債,714,85,629,群益金鼎,2023-05-30,9100
6282,康舒,808,218,590,群益金鼎,2023-05-30,9100
00924,復華S＆P500成長,567,0,567,群益金鼎,2023-05-30,9100
00896,中信綠能及電動車,424,1,423,群益金鼎,2023-05-30,9100
2201,裕隆,634,251,383,群益金鼎,2023-05-30,9100
4979,華星光,518,148,370,群益金鼎,2023-05-30,9100
00881,國泰台灣5G+,328,4,324,群益金鼎,2023-05-30,9100
00893,國泰智能電動車,315,11,304,群益金鼎,2023-05-30,9100
00903,富邦元宇宙,289,0,289,群益金鼎,2023-05-30,9100
3105,穩懋,284,2,282,群益金鼎,2023-05-30,9100
2301,光寶科,507,230,277,群益金鼎,2023-05-30,9100
00861,元大全球未來通訊,276,0,276,群益金鼎,2023-05-30,9100
2610,華航,438,177,261,群益金鼎,2023-05-30,9100
1301,台塑,261,1,260,群益金鼎,2023-05-30,9100
3031,佰鴻,249,3,246,群益金鼎,2023-05-30,9100
2371,大同,431,213,218,群益金鼎,2023-05-30,9100
8210,勤誠,300,90,210,群益金鼎,2023-05-30,9100
3714,富采,207,2,205,群益金鼎,2023-05-30,9100
00928,中信上櫃ESG30,200,0,200,群益金鼎,2023-05-30,9100
1216,統一,208,15,193,群益金鼎,2023-05-30,9100
00876,元大全球5G,189,0,189,群益金鼎,2023-05-30,9100
00712,復華富時不動產,276,95,181,群益金鼎,2023-05-30,9100
1102,亞泥,183,3,180,群益金鼎,2023-05-30,9100
00906,大華元宇宙科技50,226,50,176,群益金鼎,2023-05-30,9100
00900,富邦特選高股息30,171,1,170,群益金鼎,2023-05-30,9100
6121,新普,159,0,159,群益金鼎,2023-05-30,9100
6176,瑞儀,155,1,154,群益金鼎,2023-05-30,9100
00692,富邦公司治理,318,166,152,群益金鼎,2023-05-30,9100
00907,永豐優息存股,144,1,143,群益金鼎,2023-05-30,9100
00674R,期元大S＆P黃金反1,134,0,134,群益金鼎,2023-05-30,9100
5607,遠雄港,135,1,134,群益金鼎,2023-05-30,9100
2888,新光金,183,62,121,群益金鼎,2023-05-30,9100
3532,台勝科,138,18,120,群益金鼎,2023-05-30,9100
00640L,富邦日本正2,310,191,119,群益金鼎,2023-05-30,9100
00733,富邦臺灣中小,118,0,118,群益金鼎,2023-05-30,9100
3704,合勤控,184,74,110,群益金鼎,2023-05-30,9100
9938,百和,109,0,109,群益金鼎,2023-05-30,9100
2344,華邦電,173,66,107,群益金鼎,2023-05-30,9100
00910,第一金太空衛星,125,23,102,群益金鼎,2023-05-30,9100
3017,奇鋐,114,14,100,群益金鼎,2023-05-30,9100
3706,神達,129,38,91,群益金鼎,2023-05-30,9100
6456,GIS-KY,83,0,83,群益金鼎,2023-05-30,9100
00632R,元大台灣50反1,6493,7,6486,群益金鼎,2023-05-31,9100
00893,國泰智能電動車,4815,42,4773,群益金鼎,2023-05-31,9100
00673R,期元大S＆P原油反1,4706,10,4696,群益金鼎,2023-05-31,9100
00895,富邦未來車,1814,2,1812,群益金鼎,2023-05-31,9100
00712,復華富時不動產,902,1,901,群益金鼎,2023-05-31,9100
00773B,中信優先金融債,955,75,880,群益金鼎,2023-05-31,9100
00924,復華S＆P500成長,1230,418,812,群益金鼎,2023-05-31,9100
00830,國泰費城半導體,1013,246,767,群益金鼎,2023-05-31,9100
00772B,中信高評級公司債,752,2,750,群益金鼎,2023-05-31,9100
2303,聯電,783,56,727,群益金鼎,2023-05-31,9100
00917,中信特選金融,622,0,622,群益金鼎,2023-05-31,9100
00669R,國泰美國道瓊反1,508,0,508,群益金鼎,2023-05-31,9100
3264,欣銓,402,8,394,群益金鼎,2023-05-31,9100
006205,富邦上証,976,589,387,群益金鼎,2023-05-31,9100
00861,元大全球未來通訊,403,50,353,群益金鼎,2023-05-31,9100
3044,健鼎,384,62,322,群益金鼎,2023-05-31,9100
2385,群光,289,1,288,群益金鼎,2023-05-31,9100
00638R,元大滬深300反1,248,1,247,群益金鼎,2023-05-31,9100
2383,台光電,238,21,217,群益金鼎,2023-05-31,9100
00651R,復華香港反1,213,0,213,群益金鼎,2023-05-31,9100
2356,英業達,347,138,209,群益金鼎,2023-05-31,9100
00888,永豐台灣ESG,239,36,203,群益金鼎,2023-05-31,9100
00650L,復華香港正2,460,260,200,群益金鼎,2023-05-31,9100
00764B,群益25年美債,185,0,185,群益金鼎,2023-05-31,9100
2609,陽明,187,14,173,群益金鼎,2023-05-31,9100
00674R,期元大S＆P黃金反1,171,0,171,群益金鼎,2023-05-31,9100
00876,元大全球5G,169,0,169,群益金鼎,2023-05-31,9100
00923,群益台ESG低碳50,210,50,160,群益金鼎,2023-05-31,9100
1301,台塑,160,1,159,群益金鼎,2023-05-31,9100
00664R,國泰臺灣加權反1,154,0,154,群益金鼎,2023-05-31,9100
00852L,國泰美國道瓊正2,153,0,153,群益金鼎,2023-05-31,9100
00670L,富邦NASDAQ正2,144,0,144,群益金鼎,2023-05-31,9100
2330,台積電,212,92,120,群益金鼎,2023-05-31,9100
2328,廣宇,126,7,119,群益金鼎,2023-05-31,9100
1905,華紙,118,2,116,群益金鼎,2023-05-31,9100
2404,漢唐,118,6,112,群益金鼎,2023-05-31,9100
2201,裕隆,195,84,111,群益金鼎,2023-05-31,9100
00916,國泰全球品牌50,123,14,109,群益金鼎,2023-05-31,9100
2603,長榮,106,0,106,群益金鼎,2023-05-31,9100
00892,富邦台灣半導體,390,286,104,群益金鼎,2023-05-31,9100
2610,華航,254,151,103,群益金鼎,2023-05-31,9100
00725B,國泰投資級公司債,104,1,103,群益金鼎,2023-05-31,9100
4979,華星光,159,57,102,群益金鼎,2023-05-31,9100
6282,康舒,512,415,97,群益金鼎,2023-05-31,9100
5289,宜鼎,109,19,90,群益金鼎,2023-05-31,9100
2376,技嘉,112,27,85,群益金鼎,2023-05-31,9100
3252,海灣,90,7,83,群益金鼎,2023-05-31,9100
6781,AES-KY,76,1,75,群益金鼎,2023-05-31,9100
3006,晶豪科,122,53,69,群益金鼎,2023-05-31,9100
2345,智邦,76,8,68,群益金鼎,2023-05-31,9100
00632R,元大台灣50反1,13091,4,13087,群益金鼎,2023-06-01,9100
2303,聯電,5622,1439,4183,群益金鼎,2023-06-01,9100
00673R,期元大S＆P原油反1,3465,4,3461,群益金鼎,2023-06-01,9100
00923,群益台ESG低碳50,1157,133,1024,群益金鼎,2023-06-01,9100
00830,國泰費城半導體,1174,186,988,群益金鼎,2023-06-01,9100
00900,富邦特選高股息30,942,0,942,群益金鼎,2023-06-01,9100
00686R,群益臺灣加權反1,643,6,637,群益金鼎,2023-06-01,9100
6282,康舒,982,450,532,群益金鼎,2023-06-01,9100
6180,橘子,507,8,499,群益金鼎,2023-06-01,9100
2344,華邦電,526,38,488,群益金鼎,2023-06-01,9100
00916,國泰全球品牌50,557,92,465,群益金鼎,2023-06-01,9100
00878,國泰永續高股息,480,21,459,群益金鼎,2023-06-01,9100
006205,富邦上証,637,180,457,群益金鼎,2023-06-01,9100
2337,旺宏,378,0,378,群益金鼎,2023-06-01,9100
2603,長榮,369,2,367,群益金鼎,2023-06-01,9100
2376,技嘉,376,31,345,群益金鼎,2023-06-01,9100
2444,兆勁,315,5,310,群益金鼎,2023-06-01,9100
3003,健和興,325,21,304,群益金鼎,2023-06-01,9100
2408,南亞科,269,4,265,群益金鼎,2023-06-01,9100
00893,國泰智能電動車,266,6,260,群益金鼎,2023-06-01,9100
00876,元大全球5G,241,0,241,群益金鼎,2023-06-01,9100
00924,復華S＆P500成長,676,437,239,群益金鼎,2023-06-01,9100
2449,京元電子,307,88,219,群益金鼎,2023-06-01,9100
00861,元大全球未來通訊,214,0,214,群益金鼎,2023-06-01,9100
2328,廣宇,253,46,207,群益金鼎,2023-06-01,9100
2610,華航,377,204,173,群益金鼎,2023-06-01,9100
2330,台積電,206,42,164,群益金鼎,2023-06-01,9100
2331,精英,214,57,157,群益金鼎,2023-06-01,9100
2486,一詮,177,21,156,群益金鼎,2023-06-01,9100
1301,台塑,162,10,152,群益金鼎,2023-06-01,9100
2457,飛宏,188,38,150,群益金鼎,2023-06-01,9100
00670L,富邦NASDAQ正2,150,4,146,群益金鼎,2023-06-01,9100
2379,瑞昱,140,3,137,群益金鼎,2023-06-01,9100
00922,國泰台灣領袖50,140,6,134,群益金鼎,2023-06-01,9100
9802,鈺齊-KY,167,45,122,群益金鼎,2023-06-01,9100
2308,台達電,124,9,115,群益金鼎,2023-06-01,9100
2455,全新,143,30,113,群益金鼎,2023-06-01,9100
5465,富驊,112,0,112,群益金鼎,2023-06-01,9100
5258,虹堡,111,7,104,群益金鼎,2023-06-01,9100
00664R,國泰臺灣加權反1,101,0,101,群益金鼎,2023-06-01,9100
3017,奇鋐,104,9,95,群益金鼎,2023-06-01,9100
1560,中砂,100,7,93,群益金鼎,2023-06-01,9100
00650L,復華香港正2,247,156,91,群益金鼎,2023-06-01,9100
3617,碩天,98,15,83,群益金鼎,2023-06-01,9100
8097,常珵,80,0,80,群益金鼎,2023-06-01,9100
3019,亞光,90,15,75,群益金鼎,2023-06-01,9100
2201,裕隆,217,142,75,群益金鼎,2023-06-01,9100
6781,AES-KY,76,3,73,群益金鼎,2023-06-01,9100
2399,映泰,75,3,72,群益金鼎,2023-06-01,9100
3231,緯創,181,113,68,群益金鼎,2023-06-01,9100
00632R,元大台灣50反1,20982,3,20979,群益金鼎,2023-06-02,9100
00878,國泰永續高股息,4192,1781,2411,群益金鼎,2023-06-02,9100
00715L,期街口布蘭特正2,1703,154,1549,群益金鼎,2023-06-02,9100
2344,華邦電,1508,56,1452,群益金鼎,2023-06-02,9100
00665L,富邦�琤肭磪囓�2,2328,924,1404,群益金鼎,2023-06-02,9100
00900,富邦特選高股息30,1592,325,1267,群益金鼎,2023-06-02,9100
3264,欣銓,1271,13,1258,群益金鼎,2023-06-02,9100
00926,凱基全球菁英55,1154,0,1154,群益金鼎,2023-06-02,9100
2002,中鋼,1006,2,1004,群益金鼎,2023-06-02,9100
00895,富邦未來車,1353,363,990,群益金鼎,2023-06-02,9100
00907,永豐優息存股,797,0,797,群益金鼎,2023-06-02,9100
00642U,期元大S＆P石油,793,0,793,群益金鼎,2023-06-02,9100
00893,國泰智能電動車,1239,539,700,群益金鼎,2023-06-02,9100
00638R,元大滬深300反1,708,51,657,群益金鼎,2023-06-02,9100
00683L,期元大美元指正2,656,6,650,群益金鼎,2023-06-02,9100
2332,友訊,526,0,526,群益金鼎,2023-06-02,9100
2881,富邦金,551,39,512,群益金鼎,2023-06-02,9100
6239,力成,464,0,464,群益金鼎,2023-06-02,9100
6282,康舒,836,401,435,群益金鼎,2023-06-02,9100
3711,日月光投控,430,68,362,群益金鼎,2023-06-02,9100
6770,力積電,458,98,360,群益金鼎,2023-06-02,9100
00669R,國泰美國道瓊反1,355,0,355,群益金鼎,2023-06-02,9100
2356,英業達,395,44,351,群益金鼎,2023-06-02,9100
00650L,復華香港正2,332,10,322,群益金鼎,2023-06-02,9100
1605,華新,365,55,310,群益金鼎,2023-06-02,9100
006205,富邦上証,452,186,266,群益金鼎,2023-06-02,9100
2603,長榮,276,12,264,群益金鼎,2023-06-02,9100
00876,元大全球5G,263,0,263,群益金鼎,2023-06-02,9100
2317,鴻海,421,159,262,群益金鼎,2023-06-02,9100
00917,中信特選金融,300,40,260,群益金鼎,2023-06-02,9100
006208,富邦台50,438,181,257,群益金鼎,2023-06-02,9100
00664R,國泰臺灣加權反1,669,414,255,群益金鼎,2023-06-02,9100
00692,富邦公司治理,464,212,252,群益金鼎,2023-06-02,9100
3044,健鼎,286,39,247,群益金鼎,2023-06-02,9100
3231,緯創,561,315,246,群益金鼎,2023-06-02,9100
2313,華通,242,2,240,群益金鼎,2023-06-02,9100
2388,威盛,246,12,234,群益金鼎,2023-06-02,9100
8150,南茂,235,4,231,群益金鼎,2023-06-02,9100
3189,景碩,209,3,206,群益金鼎,2023-06-02,9100
5347,世界,204,0,204,群益金鼎,2023-06-02,9100
3592,瑞鼎,190,0,190,群益金鼎,2023-06-02,9100
6182,合晶,188,3,185,群益金鼎,2023-06-02,9100
8086,宏捷科,192,11,181,群益金鼎,2023-06-02,9100
9802,鈺齊-KY,187,8,179,群益金鼎,2023-06-02,9100
2382,廣達,228,49,179,群益金鼎,2023-06-02,9100
8016,矽創,174,0,174,群益金鼎,2023-06-02,9100
1301,台塑,160,0,160,群益金鼎,2023-06-02,9100
00888,永豐台灣ESG,158,0,158,群益金鼎,2023-06-02,9100
00928,中信上櫃ESG30,151,0,151,群益金鼎,2023-06-02,9100
2353,宏��,251,101,150,群益金鼎,2023-06-02,9100
00632R,元大台灣50反1,22943,3564,19379,群益金鼎,2023-06-05,9100
00715L,期街口布蘭特正2,5982,20,5962,群益金鼎,2023-06-05,9100
2303,聯電,2953,403,2550,群益金鼎,2023-06-05,9100
00642U,期元大S＆P石油,1629,100,1529,群益金鼎,2023-06-05,9100
00878,國泰永續高股息,1507,132,1375,群益金鼎,2023-06-05,9100
2409,友達,1171,23,1148,群益金鼎,2023-06-05,9100
00900,富邦特選高股息30,1389,300,1089,群益金鼎,2023-06-05,9100
00669R,國泰美國道瓊反1,1406,359,1047,群益金鼎,2023-06-05,9100
00926,凱基全球菁英55,859,0,859,群益金鼎,2023-06-05,9100
6116,彩晶,853,17,836,群益金鼎,2023-06-05,9100
3264,欣銓,794,0,794,群益金鼎,2023-06-05,9100
00665L,富邦�琤肭磪囓�2,862,175,687,群益金鼎,2023-06-05,9100
00923,群益台ESG低碳50,671,15,656,群益金鼎,2023-06-05,9100
00687B,國泰20年美債,1283,782,501,群益金鼎,2023-06-05,9100
00912,中信臺灣智慧50,495,0,495,群益金鼎,2023-06-05,9100
6770,力積電,426,2,424,群益金鼎,2023-06-05,9100
00918,大華優利高填息30,425,18,407,群益金鼎,2023-06-05,9100
00896,中信綠能及電動車,404,0,404,群益金鼎,2023-06-05,9100
2329,華泰,445,54,391,群益金鼎,2023-06-05,9100
00881,國泰台灣5G+,879,500,379,群益金鼎,2023-06-05,9100
00916,國泰全球品牌50,366,0,366,群益金鼎,2023-06-05,9100
00852L,國泰美國道瓊正2,431,113,318,群益金鼎,2023-06-05,9100
00906,大華元宇宙科技50,302,0,302,群益金鼎,2023-06-05,9100
00888,永豐台灣ESG,304,11,293,群益金鼎,2023-06-05,9100
2498,宏達電,291,23,268,群益金鼎,2023-06-05,9100
5009,榮剛,314,49,265,群益金鼎,2023-06-05,9100
006205,富邦上証,527,267,260,群益金鼎,2023-06-05,9100
00861,元大全球未來通訊,257,1,256,群益金鼎,2023-06-05,9100
8255,朋程,243,0,243,群益金鼎,2023-06-05,9100
00928,中信上櫃ESG30,234,0,234,群益金鼎,2023-06-05,9100
8150,南茂,213,7,206,群益金鼎,2023-06-05,9100
6548,長科*,213,9,204,群益金鼎,2023-06-05,9100
00907,永豐優息存股,200,0,200,群益金鼎,2023-06-05,9100
6182,合晶,202,5,197,群益金鼎,2023-06-05,9100
00892,富邦台灣半導體,196,1,195,群益金鼎,2023-06-05,9100
00922,國泰台灣領袖50,191,0,191,群益金鼎,2023-06-05,9100
00876,元大全球5G,191,0,191,群益金鼎,2023-06-05,9100
6147,頎邦,194,4,190,群益金鼎,2023-06-05,9100
3711,日月光投控,481,292,189,群益金鼎,2023-06-05,9100
5347,世界,188,2,186,群益金鼎,2023-06-05,9100
3231,緯創,199,16,183,群益金鼎,2023-06-05,9100
00894,中信小資高價30,171,0,171,群益金鼎,2023-06-05,9100
1605,華新,406,236,170,群益金鼎,2023-06-05,9100
2027,大成鋼,180,17,163,群益金鼎,2023-06-05,9100
3712,永崴投控,161,0,161,群益金鼎,2023-06-05,9100
1301,台塑,160,0,160,群益金鼎,2023-06-05,9100
2382,廣達,174,14,160,群益金鼎,2023-06-05,9100
00657,國泰日經225,160,2,158,群益金鼎,2023-06-05,9100
6239,力成,153,0,153,群益金鼎,2023-06-05,9100
00643,群益深証中小,294,142,152,群益金鼎,2023-06-05,9100
00665L,富邦�琤肭磪囓�2,2894,167,2727,群益金鼎,2023-06-06,9100
00893,國泰智能電動車,2124,13,2111,群益金鼎,2023-06-06,9100
00637L,元大滬深300正2,2725,818,1907,群益金鼎,2023-06-06,9100
00632R,元大台灣50反1,1108,5,1103,群益金鼎,2023-06-06,9100
00926,凱基全球菁英55,1000,0,1000,群益金鼎,2023-06-06,9100
00895,富邦未來車,1137,302,835,群益金鼎,2023-06-06,9100
00715L,期街口布蘭特正2,794,0,794,群益金鼎,2023-06-06,9100
00650L,復華香港正2,871,111,760,群益金鼎,2023-06-06,9100
2382,廣達,728,3,725,群益金鼎,2023-06-06,9100
00882,中信中國高股息,586,0,586,群益金鼎,2023-06-06,9100
2618,長榮航,604,73,531,群益金鼎,2023-06-06,9100
8112,至上,429,0,429,群益金鼎,2023-06-06,9100
00900,富邦特選高股息30,407,34,373,群益金鼎,2023-06-06,9100
006205,富邦上証,567,211,356,群益金鼎,2023-06-06,9100
00643,群益深証中小,391,109,282,群益金鼎,2023-06-06,9100
2645,長榮航太,270,0,270,群益金鼎,2023-06-06,9100
1301,台塑,265,5,260,群益金鼎,2023-06-06,9100
2748,雲品,242,10,232,群益金鼎,2023-06-06,9100
3078,僑威,281,60,221,群益金鼎,2023-06-06,9100
00907,永豐優息存股,214,0,214,群益金鼎,2023-06-06,9100
3264,欣銓,199,0,199,群益金鼎,2023-06-06,9100
6282,康舒,1093,898,195,群益金鼎,2023-06-06,9100
2888,新光金,238,47,191,群益金鼎,2023-06-06,9100
00687B,國泰20年美債,1148,983,165,群益金鼎,2023-06-06,9100
1444,力麗,201,40,161,群益金鼎,2023-06-06,9100
2707,晶華,151,3,148,群益金鼎,2023-06-06,9100
1504,東元,165,24,141,群益金鼎,2023-06-06,9100
6279,胡連,128,4,124,群益金鼎,2023-06-06,9100
2603,長榮,137,14,123,群益金鼎,2023-06-06,9100
00876,元大全球5G,119,0,119,群益金鼎,2023-06-06,9100
00636,國泰中國A50,119,1,118,群益金鼎,2023-06-06,9100
00830,國泰費城半導體,115,0,115,群益金鼎,2023-06-06,9100
3711,日月光投控,175,61,114,群益金鼎,2023-06-06,9100
3673,TPK-KY,123,10,113,群益金鼎,2023-06-06,9100
00912,中信臺灣智慧50,113,0,113,群益金鼎,2023-06-06,9100
3017,奇鋐,128,17,111,群益金鼎,2023-06-06,9100
00725B,國泰投資級公司債,100,0,100,群益金鼎,2023-06-06,9100
8932,智通*,91,0,91,群益金鼎,2023-06-06,9100
00909,國泰數位支付服務,80,0,80,群益金鼎,2023-06-06,9100
2887E,台新戊特,80,0,80,群益金鼎,2023-06-06,9100
6548,長科*,80,1,79,群益金鼎,2023-06-06,9100
00708L,期元大S＆P黃金正2,74,0,74,群益金鼎,2023-06-06,9100
2231,為升,74,0,74,群益金鼎,2023-06-06,9100
8016,矽創,78,5,73,群益金鼎,2023-06-06,9100
3346,麗清,72,0,72,群益金鼎,2023-06-06,9100
2337,旺宏,82,10,72,群益金鼎,2023-06-06,9100
3189,景碩,76,6,70,群益金鼎,2023-06-06,9100
2753,八方雲集,72,2,70,群益金鼎,2023-06-06,9100
2402,毅嘉,108,39,69,群益金鼎,2023-06-06,9100
6781,AES-KY,70,1,69,群益金鼎,2023-06-06,9100
00632R,元大台灣50反1,6205,4,6201,群益金鼎,2023-06-07,9100
00687B,國泰20年美債,2456,0,2456,群益金鼎,2023-06-07,9100
00665L,富邦�琤肭磪囓�2,2422,355,2067,群益金鼎,2023-06-07,9100
2382,廣達,2010,925,1085,群益金鼎,2023-06-07,9100
00893,國泰智能電動車,1260,429,831,群益金鼎,2023-06-07,9100
2303,聯電,729,32,697,群益金鼎,2023-06-07,9100
00795B,中信美國公債20年,673,0,673,群益金鼎,2023-06-07,9100
00773B,中信優先金融債,729,95,634,群益金鼎,2023-06-07,9100
00772B,中信高評級公司債,601,0,601,群益金鼎,2023-06-07,9100
2344,華邦電,659,62,597,群益金鼎,2023-06-07,9100
2888,新光金,904,312,592,群益金鼎,2023-06-07,9100
00650L,復華香港正2,468,28,440,群益金鼎,2023-06-07,9100
00751B,元大AAA至A公司債,438,0,438,群益金鼎,2023-06-07,9100
00640L,富邦日本正2,1272,881,391,群益金鼎,2023-06-07,9100
6182,合晶,354,12,342,群益金鼎,2023-06-07,9100
00713,元大台灣高息低波,346,27,319,群益金鼎,2023-06-07,9100
00669R,國泰美國道瓊反1,300,12,288,群益金鼎,2023-06-07,9100
4979,華星光,300,26,274,群益金鼎,2023-06-07,9100
1301,台塑,277,3,274,群益金鼎,2023-06-07,9100
00923,群益台ESG低碳50,301,31,270,群益金鼎,2023-06-07,9100
006208,富邦台50,377,113,264,群益金鼎,2023-06-07,9100
00881,國泰台灣5G+,558,305,253,群益金鼎,2023-06-07,9100
00712,復華富時不動產,728,500,228,群益金鼎,2023-06-07,9100
00907,永豐優息存股,223,0,223,群益金鼎,2023-06-07,9100
2308,台達電,268,51,217,群益金鼎,2023-06-07,9100
3533,嘉澤,203,6,197,群益金鼎,2023-06-07,9100
00900,富邦特選高股息30,210,19,191,群益金鼎,2023-06-07,9100
00876,元大全球5G,182,0,182,群益金鼎,2023-06-07,9100
2603,長榮,283,103,180,群益金鼎,2023-06-07,9100
2605,新興,169,1,168,群益金鼎,2023-06-07,9100
00920,富邦ESG綠色電力,225,75,150,群益金鼎,2023-06-07,9100
00892,富邦台灣半導體,366,219,147,群益金鼎,2023-06-07,9100
3483,力致,148,11,137,群益金鼎,2023-06-07,9100
006205,富邦上証,534,400,134,群益金鼎,2023-06-07,9100
2449,京元電子,190,62,128,群益金鼎,2023-06-07,9100
5353,台林,127,1,126,群益金鼎,2023-06-07,9100
6743,安普新,128,3,125,群益金鼎,2023-06-07,9100
3231,緯創,183,59,124,群益金鼎,2023-06-07,9100
2421,建準,137,17,120,群益金鼎,2023-06-07,9100
8210,勤誠,117,2,115,群益金鼎,2023-06-07,9100
6548,長科*,114,0,114,群益金鼎,2023-06-07,9100
3003,健和興,134,22,112,群益金鼎,2023-06-07,9100
2337,旺宏,111,0,111,群益金鼎,2023-06-07,9100
6770,力積電,128,17,111,群益金鼎,2023-06-07,9100
00896,中信綠能及電動車,110,0,110,群益金鼎,2023-06-07,9100
4904,遠傳,110,2,108,群益金鼎,2023-06-07,9100
6147,頎邦,107,1,106,群益金鼎,2023-06-07,9100
2887E,台新戊特,101,0,101,群益金鼎,2023-06-07,9100
00657,國泰日經225,240,139,101,群益金鼎,2023-06-07,9100
3189,景碩,104,3,101,群益金鼎,2023-06-07,9100
00642U,期元大S＆P石油,1720,100,1620,群益金鼎,2023-06-08,9100
00715L,期街口布蘭特正2,1583,4,1579,群益金鼎,2023-06-08,9100
00665L,富邦�琤肭磪囓�2,1188,440,748,群益金鼎,2023-06-08,9100
00632R,元大台灣50反1,811,63,748,群益金鼎,2023-06-08,9100
00891,中信關鍵半導體,710,0,710,群益金鼎,2023-06-08,9100
2344,華邦電,643,33,610,群益金鼎,2023-06-08,9100
00881,國泰台灣5G+,1085,504,581,群益金鼎,2023-06-08,9100
00903,富邦元宇宙,661,122,539,群益金鼎,2023-06-08,9100
2615,萬海,526,4,522,群益金鼎,2023-06-08,9100
6770,力積電,490,27,463,群益金鼎,2023-06-08,9100
00830,國泰費城半導體,567,105,462,群益金鼎,2023-06-08,9100
00893,國泰智能電動車,847,404,443,群益金鼎,2023-06-08,9100
2603,長榮,486,63,423,群益金鼎,2023-06-08,9100
2610,華航,416,21,395,群益金鼎,2023-06-08,9100
4961,天鈺,389,1,388,群益金鼎,2023-06-08,9100
00902,中信電池及儲能,508,120,388,群益金鼎,2023-06-08,9100
00917,中信特選金融,356,0,356,群益金鼎,2023-06-08,9100
00668,國泰美國道瓊,355,1,354,群益金鼎,2023-06-08,9100
00882,中信中國高股息,315,0,315,群益金鼎,2023-06-08,9100
00900,富邦特選高股息30,357,57,300,群益金鼎,2023-06-08,9100
00894,中信小資高價30,274,0,274,群益金鼎,2023-06-08,9100
00918,大華優利高填息30,277,14,263,群益金鼎,2023-06-08,9100
00640L,富邦日本正2,350,102,248,群益金鼎,2023-06-08,9100
00896,中信綠能及電動車,239,0,239,群益金鼎,2023-06-08,9100
1301,台塑,269,38,231,群益金鼎,2023-06-08,9100
00892,富邦台灣半導體,265,35,230,群益金鼎,2023-06-08,9100
3105,穩懋,282,62,220,群益金鼎,2023-06-08,9100
4958,臻鼎-KY,201,0,201,群益金鼎,2023-06-08,9100
00928,中信上櫃ESG30,200,0,200,群益金鼎,2023-06-08,9100
2409,友達,305,107,198,群益金鼎,2023-06-08,9100
00714,群益道瓊美國地產,209,15,194,群益金鼎,2023-06-08,9100
2401,凌陽,200,16,184,群益金鼎,2023-06-08,9100
2338,光罩,179,9,170,群益金鼎,2023-06-08,9100
3374,精材,192,31,161,群益金鼎,2023-06-08,9100
2329,華泰,165,5,160,群益金鼎,2023-06-08,9100
2308,台達電,178,28,150,群益金鼎,2023-06-08,9100
00895,富邦未來車,150,0,150,群益金鼎,2023-06-08,9100
00852L,國泰美國道瓊正2,145,0,145,群益金鼎,2023-06-08,9100
00671R,富邦NASDAQ反1,638,494,144,群益金鼎,2023-06-08,9100
4968,立積,141,2,139,群益金鼎,2023-06-08,9100
2605,新興,133,0,133,群益金鼎,2023-06-08,9100
2332,友訊,151,18,133,群益金鼎,2023-06-08,9100
8086,宏捷科,159,26,133,群益金鼎,2023-06-08,9100
2383,台光電,335,212,123,群益金鼎,2023-06-08,9100
5289,宜鼎,120,0,120,群益金鼎,2023-06-08,9100
2887E,台新戊特,120,0,120,群益金鼎,2023-06-08,9100
2379,瑞昱,114,3,111,群益金鼎,2023-06-08,9100
3592,瑞鼎,114,5,109,群益金鼎,2023-06-08,9100
00728,第一金工業30,105,0,105,群益金鼎,2023-06-08,9100
3338,泰碩,102,2,100,群益金鼎,2023-06-08,9100
00637L,元大滬深300正2,4652,0,4652,群益金鼎,2023-06-09,9100
00673R,期元大S＆P原油反1,3819,0,3819,群益金鼎,2023-06-09,9100
00632R,元大台灣50反1,3211,12,3199,群益金鼎,2023-06-09,9100
2303,聯電,2815,34,2781,群益金鼎,2023-06-09,9100
00893,國泰智能電動車,2424,30,2394,群益金鼎,2023-06-09,9100
00878,國泰永續高股息,4335,2090,2245,群益金鼎,2023-06-09,9100
00900,富邦特選高股息30,1993,0,1993,群益金鼎,2023-06-09,9100
00665L,富邦�琤肭磪囓�2,2528,953,1575,群益金鼎,2023-06-09,9100
2603,長榮,997,79,918,群益金鼎,2023-06-09,9100
00687B,國泰20年美債,841,0,841,群益金鼎,2023-06-09,9100
00902,中信電池及儲能,757,0,757,群益金鼎,2023-06-09,9100
00830,國泰費城半導體,632,1,631,群益金鼎,2023-06-09,9100
00715L,期街口布蘭特正2,602,0,602,群益金鼎,2023-06-09,9100
2376,技嘉,667,68,599,群益金鼎,2023-06-09,9100
00895,富邦未來車,603,7,596,群益金鼎,2023-06-09,9100
2317,鴻海,597,26,571,群益金鼎,2023-06-09,9100
1301,台塑,562,1,561,群益金鼎,2023-06-09,9100
3711,日月光投控,572,69,503,群益金鼎,2023-06-09,9100
00669R,國泰美國道瓊反1,500,0,500,群益金鼎,2023-06-09,9100
2352,佳世達,526,41,485,群益金鼎,2023-06-09,9100
1722,台肥,441,3,438,群益金鼎,2023-06-09,9100
2344,華邦電,406,36,370,群益金鼎,2023-06-09,9100
1609,大亞,458,91,367,群益金鼎,2023-06-09,9100
00909,國泰數位支付服務,580,213,367,群益金鼎,2023-06-09,9100
2206,三陽工業,346,26,320,群益金鼎,2023-06-09,9100
2610,華航,332,15,317,群益金鼎,2023-06-09,9100
3264,欣銓,297,5,292,群益金鼎,2023-06-09,9100
5425,台半,321,49,272,群益金鼎,2023-06-09,9100
2449,京元電子,320,51,269,群益金鼎,2023-06-09,9100
00876,元大全球5G,277,11,266,群益金鼎,2023-06-09,9100
2301,光寶科,266,11,255,群益金鼎,2023-06-09,9100
4967,十銓,534,288,246,群益金鼎,2023-06-09,9100
00928,中信上櫃ESG30,210,0,210,群益金鼎,2023-06-09,9100
00725B,國泰投資級公司債,201,0,201,群益金鼎,2023-06-09,9100
1513,中興電,210,14,196,群益金鼎,2023-06-09,9100
00922,國泰台灣領袖50,194,0,194,群益金鼎,2023-06-09,9100
2379,瑞昱,182,19,163,群益金鼎,2023-06-09,9100
2330,台積電,176,15,161,群益金鼎,2023-06-09,9100
2881,富邦金,166,5,161,群益金鼎,2023-06-09,9100
2388,威盛,172,18,154,群益金鼎,2023-06-09,9100
00722B,群益投資級電信債,151,1,150,群益金鼎,2023-06-09,9100
4979,華星光,247,104,143,群益金鼎,2023-06-09,9100
2454,聯發科,145,2,143,群益金鼎,2023-06-09,9100
00861,元大全球未來通訊,137,0,137,群益金鼎,2023-06-09,9100
2337,旺宏,152,21,131,群益金鼎,2023-06-09,9100
3062,建漢,135,5,130,群益金鼎,2023-06-09,9100
5880,合庫金,130,0,130,群益金鼎,2023-06-09,9100
00917,中信特選金融,129,0,129,群益金鼎,2023-06-09,9100
6279,胡連,234,113,121,群益金鼎,2023-06-09,9100
00862B,中信投資級公司債,393,276,117,群益金鼎,2023-06-09,9100
00637L,元大滬深300正2,10481,407,10074,群益金鼎,2023-06-12,9100
00673R,期元大S＆P原油反1,3288,0,3288,群益金鼎,2023-06-12,9100
00878,國泰永續高股息,3515,565,2950,群益金鼎,2023-06-12,9100
2609,陽明,2186,18,2168,群益金鼎,2023-06-12,9100
00665L,富邦�琤肭磪囓�2,1972,282,1690,群益金鼎,2023-06-12,9100
00876,元大全球5G,753,0,753,群益金鼎,2023-06-12,9100
2618,長榮航,1134,405,729,群益金鼎,2023-06-12,9100
2603,長榮,939,216,723,群益金鼎,2023-06-12,9100
00881,國泰台灣5G+,654,1,653,群益金鼎,2023-06-12,9100
00633L,富邦上証正2,679,56,623,群益金鼎,2023-06-12,9100
2382,廣達,1088,582,506,群益金鼎,2023-06-12,9100
2206,三陽工業,563,63,500,群益金鼎,2023-06-12,9100
00923,群益台ESG低碳50,596,110,486,群益金鼎,2023-06-12,9100
00650L,復華香港正2,658,228,430,群益金鼎,2023-06-12,9100
00900,富邦特選高股息30,693,264,429,群益金鼎,2023-06-12,9100
3260,威剛,1254,827,427,群益金鼎,2023-06-12,9100
2317,鴻海,552,168,384,群益金鼎,2023-06-12,9100
00902,中信電池及儲能,492,116,376,群益金鼎,2023-06-12,9100
2351,順德,372,3,369,群益金鼎,2023-06-12,9100
2449,京元電子,400,55,345,群益金鼎,2023-06-12,9100
5425,台半,408,73,335,群益金鼎,2023-06-12,9100
2352,佳世達,346,75,271,群益金鼎,2023-06-12,9100
1301,台塑,266,0,266,群益金鼎,2023-06-12,9100
00895,富邦未來車,949,686,263,群益金鼎,2023-06-12,9100
00852L,國泰美國道瓊正2,260,0,260,群益金鼎,2023-06-12,9100
00894,中信小資高價30,240,0,240,群益金鼎,2023-06-12,9100
00917,中信特選金融,322,100,222,群益金鼎,2023-06-12,9100
2383,台光電,225,9,216,群益金鼎,2023-06-12,9100
00891,中信關鍵半導體,197,1,196,群益金鼎,2023-06-12,9100
2439,美律,206,15,191,群益金鼎,2023-06-12,9100
2379,瑞昱,174,10,164,群益金鼎,2023-06-12,9100
00636,國泰中國A50,190,34,156,群益金鼎,2023-06-12,9100
00657,國泰日經225,221,69,152,群益金鼎,2023-06-12,9100
2402,毅嘉,150,0,150,群益金鼎,2023-06-12,9100
6278,台表科,152,7,145,群益金鼎,2023-06-12,9100
00861,元大全球未來通訊,141,0,141,群益金鼎,2023-06-12,9100
2371,大同,307,171,136,群益金鼎,2023-06-12,9100
3711,日月光投控,174,44,130,群益金鼎,2023-06-12,9100
2436,偉詮電,182,54,128,群益金鼎,2023-06-12,9100
2615,萬海,126,0,126,群益金鼎,2023-06-12,9100
2916,滿心,94,0,94,群益金鼎,2023-06-12,9100
4979,華星光,278,186,92,群益金鼎,2023-06-12,9100
8932,智通*,91,0,91,群益金鼎,2023-06-12,9100
00728,第一金工業30,90,0,90,群益金鼎,2023-06-12,9100
3014,聯陽,94,5,89,群益金鼎,2023-06-12,9100
00927,群益半導體收益,93,5,88,群益金鼎,2023-06-12,9100
00899,FT潔淨能源,85,0,85,群益金鼎,2023-06-12,9100
2425,承啟,115,33,82,群益金鼎,2023-06-12,9100
6670,復盛應用,81,0,81,群益金鼎,2023-06-12,9100
1522,堤維西,80,1,79,群益金鼎,2023-06-12,9100
00673R,期元大S＆P原油反1,6816,1,6815,群益金鼎,2023-06-13,9100
00878,國泰永續高股息,4723,60,4663,群益金鼎,2023-06-13,9100
00632R,元大台灣50反1,4017,11,4006,群益金鼎,2023-06-13,9100
00929,復華台灣科技優息,2583,2,2581,群益金鼎,2023-06-13,9100
2303,聯電,2191,49,2142,群益金鼎,2023-06-13,9100
2609,陽明,1747,42,1705,群益金鼎,2023-06-13,9100
00830,國泰費城半導體,1414,102,1312,群益金鼎,2023-06-13,9100
00893,國泰智能電動車,1373,127,1246,群益金鼎,2023-06-13,9100
00665L,富邦�琤肭磪囓�2,1595,520,1075,群益金鼎,2023-06-13,9100
3711,日月光投控,1033,35,998,群益金鼎,2023-06-13,9100
2888,新光金,1319,339,980,群益金鼎,2023-06-13,9100
2356,英業達,1161,331,830,群益金鼎,2023-06-13,9100
2603,長榮,778,43,735,群益金鼎,2023-06-13,9100
1216,統一,636,1,635,群益金鼎,2023-06-13,9100
00895,富邦未來車,625,20,605,群益金鼎,2023-06-13,9100
00876,元大全球5G,604,3,601,群益金鼎,2023-06-13,9100
00891,中信關鍵半導體,531,2,529,群益金鼎,2023-06-13,9100
00902,中信電池及儲能,512,48,464,群益金鼎,2023-06-13,9100
00669R,國泰美國道瓊反1,718,300,418,群益金鼎,2023-06-13,9100
00881,國泰台灣5G+,553,141,412,群益金鼎,2023-06-13,9100
3231,緯創,1114,742,372,群益金鼎,2023-06-13,9100
00900,富邦特選高股息30,746,414,332,群益金鼎,2023-06-13,9100
1301,台塑,311,2,309,群益金鼎,2023-06-13,9100
00713,元大台灣高息低波,418,110,308,群益金鼎,2023-06-13,9100
00923,群益台ESG低碳50,311,4,307,群益金鼎,2023-06-13,9100
00861,元大全球未來通訊,274,0,274,群益金鼎,2023-06-13,9100
4938,和碩,308,40,268,群益金鼎,2023-06-13,9100
00922,國泰台灣領袖50,260,2,258,群益金鼎,2023-06-13,9100
2368,金像電,273,18,255,群益金鼎,2023-06-13,9100
00907,永豐優息存股,245,2,243,群益金鼎,2023-06-13,9100
006207,復華滬深,226,2,224,群益金鼎,2023-06-13,9100
2317,鴻海,238,35,203,群益金鼎,2023-06-13,9100
00636,國泰中國A50,206,5,201,群益金鼎,2023-06-13,9100
00888,永豐台灣ESG,199,0,199,群益金鼎,2023-06-13,9100
2881,富邦金,198,0,198,群益金鼎,2023-06-13,9100
3017,奇鋐,272,78,194,群益金鼎,2023-06-13,9100
4763,材料-KY,197,6,191,群益金鼎,2023-06-13,9100
006205,富邦上証,215,41,174,群益金鼎,2023-06-13,9100
1210,大成,169,0,169,群益金鼎,2023-06-13,9100
2351,順德,190,25,165,群益金鼎,2023-06-13,9100
2308,台達電,354,189,165,群益金鼎,2023-06-13,9100
2027,大成鋼,173,17,156,群益金鼎,2023-06-13,9100
2330,台積電,218,67,151,群益金鼎,2023-06-13,9100
8050,廣積,186,38,148,群益金鼎,2023-06-13,9100
5880,合庫金,171,25,146,群益金鼎,2023-06-13,9100
3652,精聯,146,4,142,群益金鼎,2023-06-13,9100
00899,FT潔淨能源,130,0,130,群益金鼎,2023-06-13,9100
2882,國泰金,134,7,127,群益金鼎,2023-06-13,9100
00643,群益深証中小,387,260,127,群益金鼎,2023-06-13,9100
2337,旺宏,134,10,124,群益金鼎,2023-06-13,9100
00637L,元大滬深300正2,10895,11,10884,群益金鼎,2023-06-14,9100
00878,國泰永續高股息,5148,54,5094,群益金鼎,2023-06-14,9100
00715L,期街口布蘭特正2,2058,16,2042,群益金鼎,2023-06-14,9100
2618,長榮航,2240,331,1909,群益金鼎,2023-06-14,9100
00893,國泰智能電動車,1251,10,1241,群益金鼎,2023-06-14,9100
00665L,富邦�琤肭磪囓�2,1349,201,1148,群益金鼎,2023-06-14,9100
2610,華航,1466,420,1046,群益金鼎,2023-06-14,9100
2603,長榮,1107,64,1043,群益金鼎,2023-06-14,9100
3231,緯創,1315,334,981,群益金鼎,2023-06-14,9100
00895,富邦未來車,931,1,930,群益金鼎,2023-06-14,9100
00923,群益台ESG低碳50,917,5,912,群益金鼎,2023-06-14,9100
00830,國泰費城半導體,1008,248,760,群益金鼎,2023-06-14,9100
00881,國泰台灣5G+,979,294,685,群益金鼎,2023-06-14,9100
00892,富邦台灣半導體,673,0,673,群益金鼎,2023-06-14,9100
00633L,富邦上証正2,650,0,650,群益金鼎,2023-06-14,9100
00900,富邦特選高股息30,609,1,608,群益金鼎,2023-06-14,9100
00876,元大全球5G,607,1,606,群益金鼎,2023-06-14,9100
2356,英業達,1230,632,598,群益金鼎,2023-06-14,9100
1216,統一,585,0,585,群益金鼎,2023-06-14,9100
00713,元大台灣高息低波,824,278,546,群益金鼎,2023-06-14,9100
3264,欣銓,541,3,538,群益金鼎,2023-06-14,9100
00907,永豐優息存股,517,0,517,群益金鼎,2023-06-14,9100
00896,中信綠能及電動車,437,0,437,群益金鼎,2023-06-14,9100
6282,康舒,390,10,380,群益金鼎,2023-06-14,9100
6176,瑞儀,356,1,355,群益金鼎,2023-06-14,9100
00894,中信小資高價30,342,0,342,群益金鼎,2023-06-14,9100
1605,華新,326,1,325,群益金鼎,2023-06-14,9100
00888,永豐台灣ESG,300,1,299,群益金鼎,2023-06-14,9100
00917,中信特選金融,266,0,266,群益金鼎,2023-06-14,9100
00916,國泰全球品牌50,260,0,260,群益金鼎,2023-06-14,9100
2376,技嘉,252,22,230,群益金鼎,2023-06-14,9100
00852L,國泰美國道瓊正2,279,49,230,群益金鼎,2023-06-14,9100
1301,台塑,212,0,212,群益金鼎,2023-06-14,9100
2888,新光金,412,203,209,群益金鼎,2023-06-14,9100
00692,富邦公司治理,284,84,200,群益金鼎,2023-06-14,9100
2609,陽明,218,19,199,群益金鼎,2023-06-14,9100
00918,大華優利高填息30,207,22,185,群益金鼎,2023-06-14,9100
8016,矽創,185,0,185,群益金鼎,2023-06-14,9100
00683L,期元大美元指正2,199,20,179,群益金鼎,2023-06-14,9100
8076,伍豐,183,6,177,群益金鼎,2023-06-14,9100
3037,欣興,202,38,164,群益金鼎,2023-06-14,9100
4938,和碩,154,1,153,群益金鼎,2023-06-14,9100
00674R,期元大S＆P黃金反1,150,0,150,群益金鼎,2023-06-14,9100
3592,瑞鼎,144,0,144,群益金鼎,2023-06-14,9100
00655L,國泰中國A50正2,153,18,135,群益金鼎,2023-06-14,9100
00850,元大臺灣ESG永續,386,254,132,群益金鼎,2023-06-14,9100
00861,元大全球未來通訊,128,0,128,群益金鼎,2023-06-14,9100
00673R,期元大S＆P原油反1,126,0,126,群益金鼎,2023-06-14,9100
3702,大聯大,209,91,118,群益金鼎,2023-06-14,9100
3105,穩懋,110,6,104,群益金鼎,2023-06-14,9100
00878,國泰永續高股息,8198,543,7655,群益金鼎,2023-06-15,9100
00632R,元大台灣50反1,8085,599,7486,群益金鼎,2023-06-15,9100
00637L,元大滬深300正2,4786,7,4779,群益金鼎,2023-06-15,9100
00900,富邦特選高股息30,3376,555,2821,群益金鼎,2023-06-15,9100
00881,國泰台灣5G+,2961,202,2759,群益金鼎,2023-06-15,9100
00891,中信關鍵半導體,1849,0,1849,群益金鼎,2023-06-15,9100
00830,國泰費城半導體,1672,1,1671,群益金鼎,2023-06-15,9100
00665L,富邦�琤肭磪囓�2,2689,1053,1636,群益金鼎,2023-06-15,9100
00893,國泰智能電動車,1516,19,1497,群益金鼎,2023-06-15,9100
00902,中信電池及儲能,1246,15,1231,群益金鼎,2023-06-15,9100
2610,華航,1723,556,1167,群益金鼎,2023-06-15,9100
00894,中信小資高價30,1063,0,1063,群益金鼎,2023-06-15,9100
2618,長榮航,2113,1211,902,群益金鼎,2023-06-15,9100
3231,緯創,1471,784,687,群益金鼎,2023-06-15,9100
00923,群益台ESG低碳50,575,2,573,群益金鼎,2023-06-15,9100
00633L,富邦上証正2,595,50,545,群益金鼎,2023-06-15,9100
00892,富邦台灣半導體,499,0,499,群益金鼎,2023-06-15,9100
2615,萬海,495,1,494,群益金鼎,2023-06-15,9100
3264,欣銓,479,27,452,群益金鼎,2023-06-15,9100
00888,永豐台灣ESG,386,0,386,群益金鼎,2023-06-15,9100
00905,FT臺灣Smart,364,0,364,群益金鼎,2023-06-15,9100
2360,致茂,314,5,309,群益金鼎,2023-06-15,9100
00896,中信綠能及電動車,306,0,306,群益金鼎,2023-06-15,9100
3017,奇鋐,339,43,296,群益金鼎,2023-06-15,9100
4128,中天,268,2,266,群益金鼎,2023-06-15,9100
2356,英業達,757,496,261,群益金鼎,2023-06-15,9100
00876,元大全球5G,246,1,245,群益金鼎,2023-06-15,9100
2027,大成鋼,222,5,217,群益金鼎,2023-06-15,9100
1301,台塑,213,0,213,群益金鼎,2023-06-15,9100
00668,國泰美國道瓊,205,0,205,群益金鼎,2023-06-15,9100
3706,神達,272,84,188,群益金鼎,2023-06-15,9100
00908,富邦入息REITs+,247,60,187,群益金鼎,2023-06-15,9100
4961,天鈺,184,12,172,群益金鼎,2023-06-15,9100
2301,光寶科,312,159,153,群益金鼎,2023-06-15,9100
00669R,國泰美國道瓊反1,517,365,152,群益金鼎,2023-06-15,9100
2402,毅嘉,146,0,146,群益金鼎,2023-06-15,9100
4743,合一,144,0,144,群益金鼎,2023-06-15,9100
00895,富邦未來車,223,86,137,群益金鼎,2023-06-15,9100
3044,健鼎,139,4,135,群益金鼎,2023-06-15,9100
00926,凱基全球菁英55,134,0,134,群益金鼎,2023-06-15,9100
3702,大聯大,167,40,127,群益金鼎,2023-06-15,9100
2401,凌陽,321,197,124,群益金鼎,2023-06-15,9100
5905,南仁湖,122,0,122,群益金鼎,2023-06-15,9100
3592,瑞鼎,121,0,121,群益金鼎,2023-06-15,9100
4306,炎洲,120,0,120,群益金鼎,2023-06-15,9100
2049,上銀,123,4,119,群益金鼎,2023-06-15,9100
2455,全新,132,15,117,群益金鼎,2023-06-15,9100
4968,立積,124,10,114,群益金鼎,2023-06-15,9100
4533,協易機,136,25,111,群益金鼎,2023-06-15,9100
2382,廣達,734,625,109,群益金鼎,2023-06-15,9100
00715L,期街口布蘭特正2,11233,19,11214,群益金鼎,2023-06-16,9100
00893,國泰智能電動車,7701,20,7681,群益金鼎,2023-06-16,9100
00642U,期元大S＆P石油,7199,130,7069,群益金鼎,2023-06-16,9100
00878,國泰永續高股息,7193,125,7068,群益金鼎,2023-06-16,9100
00637L,元大滬深300正2,6258,166,6092,群益金鼎,2023-06-16,9100
00665L,富邦�琤肭磪囓�2,4543,116,4427,群益金鼎,2023-06-16,9100
00902,中信電池及儲能,3288,1,3287,群益金鼎,2023-06-16,9100
3481,群創,2020,38,1982,群益金鼎,2023-06-16,9100
3264,欣銓,1883,37,1846,群益金鼎,2023-06-16,9100
00881,國泰台灣5G+,1758,159,1599,群益金鼎,2023-06-16,9100
00895,富邦未來車,1352,0,1352,群益金鼎,2023-06-16,9100
00650L,復華香港正2,1228,3,1225,群益金鼎,2023-06-16,9100
00917,中信特選金融,1120,0,1120,群益金鼎,2023-06-16,9100
3231,緯創,1186,243,943,群益金鼎,2023-06-16,9100
00830,國泰費城半導體,815,0,815,群益金鼎,2023-06-16,9100
3711,日月光投控,773,2,771,群益金鼎,2023-06-16,9100
00891,中信關鍵半導體,681,1,680,群益金鼎,2023-06-16,9100
2603,長榮,705,32,673,群益金鼎,2023-06-16,9100
2892,第一金,610,1,609,群益金鼎,2023-06-16,9100
00894,中信小資高價30,601,1,600,群益金鼎,2023-06-16,9100
2409,友達,551,1,550,群益金鼎,2023-06-16,9100
00882,中信中國高股息,510,0,510,群益金鼎,2023-06-16,9100
6214,精誠,510,10,500,群益金鼎,2023-06-16,9100
1605,華新,535,112,423,群益金鼎,2023-06-16,9100
00876,元大全球5G,412,1,411,群益金鼎,2023-06-16,9100
00633L,富邦上証正2,438,50,388,群益金鼎,2023-06-16,9100
00687B,國泰20年美債,385,0,385,群益金鼎,2023-06-16,9100
2312,金寶,398,15,383,群益金鼎,2023-06-16,9100
4938,和碩,353,9,344,群益金鼎,2023-06-16,9100
00896,中信綠能及電動車,343,1,342,群益金鼎,2023-06-16,9100
1522,堤維西,351,36,315,群益金鼎,2023-06-16,9100
00926,凱基全球菁英55,311,0,311,群益金鼎,2023-06-16,9100
4961,天鈺,323,14,309,群益金鼎,2023-06-16,9100
2301,光寶科,450,148,302,群益金鼎,2023-06-16,9100
00903,富邦元宇宙,393,100,293,群益金鼎,2023-06-16,9100
3702,大聯大,293,1,292,群益金鼎,2023-06-16,9100
2353,宏��,348,62,286,群益金鼎,2023-06-16,9100
5880,合庫金,276,1,275,群益金鼎,2023-06-16,9100
00852L,國泰美國道瓊正2,263,0,263,群益金鼎,2023-06-16,9100
00657,國泰日經225,479,219,260,群益金鼎,2023-06-16,9100
1301,台塑,250,1,249,群益金鼎,2023-06-16,9100
9907,統一實,271,23,248,群益金鼎,2023-06-16,9100
2356,英業達,680,435,245,群益金鼎,2023-06-16,9100
2388,威盛,511,267,244,群益金鼎,2023-06-16,9100
00728,第一金工業30,216,4,212,群益金鼎,2023-06-16,9100
1609,大亞,292,87,205,群益金鼎,2023-06-16,9100
1504,東元,276,83,193,群益金鼎,2023-06-16,9100
3592,瑞鼎,194,5,189,群益金鼎,2023-06-16,9100
00668,國泰美國道瓊,188,0,188,群益金鼎,2023-06-16,9100
3034,聯詠,157,9,148,群益金鼎,2023-06-16,9100
00878,國泰永續高股息,9975,481,9494,群益金鼎,2023-06-19,9100
00632R,元大台灣50反1,8851,2,8849,群益金鼎,2023-06-19,9100
00715L,期街口布蘭特正2,6522,2,6520,群益金鼎,2023-06-19,9100
00642U,期元大S＆P石油,5183,98,5085,群益金鼎,2023-06-19,9100
00900,富邦特選高股息30,3320,267,3053,群益金鼎,2023-06-19,9100
00687B,國泰20年美債,2777,0,2777,群益金鼎,2023-06-19,9100
00919,群益台灣精選高息,2724,222,2502,群益金鼎,2023-06-19,9100
00665L,富邦�琤肭磪囓�2,2405,107,2298,群益金鼎,2023-06-19,9100
3481,群創,2347,123,2224,群益金鼎,2023-06-19,9100
00893,國泰智能電動車,1473,101,1372,群益金鼎,2023-06-19,9100
00881,國泰台灣5G+,1361,1,1360,群益金鼎,2023-06-19,9100
00637L,元大滬深300正2,1325,5,1320,群益金鼎,2023-06-19,9100
00891,中信關鍵半導體,1131,0,1131,群益金鼎,2023-06-19,9100
00894,中信小資高價30,1109,0,1109,群益金鼎,2023-06-19,9100
00923,群益台ESG低碳50,1030,13,1017,群益金鼎,2023-06-19,9100
00903,富邦元宇宙,899,40,859,群益金鼎,2023-06-19,9100
00892,富邦台灣半導體,799,0,799,群益金鼎,2023-06-19,9100
2337,旺宏,798,0,798,群益金鼎,2023-06-19,9100
2409,友達,767,78,689,群益金鼎,2023-06-19,9100
00895,富邦未來車,683,0,683,群益金鼎,2023-06-19,9100
6116,彩晶,654,1,653,群益金鼎,2023-06-19,9100
3231,緯創,713,123,590,群益金鼎,2023-06-19,9100
00645,富邦日本,1450,870,580,群益金鼎,2023-06-19,9100
00902,中信電池及儲能,536,0,536,群益金鼎,2023-06-19,9100
00888,永豐台灣ESG,488,0,488,群益金鼎,2023-06-19,9100
00650L,復華香港正2,671,250,421,群益金鼎,2023-06-19,9100
00830,國泰費城半導體,606,195,411,群益金鼎,2023-06-19,9100
2454,聯發科,421,39,382,群益金鼎,2023-06-19,9100
00876,元大全球5G,380,0,380,群益金鼎,2023-06-19,9100
00686R,群益臺灣加權反1,365,0,365,群益金鼎,2023-06-19,9100
00905,FT臺灣Smart,362,0,362,群益金鼎,2023-06-19,9100
00852L,國泰美國道瓊正2,355,0,355,群益金鼎,2023-06-19,9100
00910,第一金太空衛星,351,0,351,群益金鼎,2023-06-19,9100
00728,第一金工業30,350,0,350,群益金鼎,2023-06-19,9100
00926,凱基全球菁英55,308,0,308,群益金鼎,2023-06-19,9100
006207,復華滬深,274,2,272,群益金鼎,2023-06-19,9100
00907,永豐優息存股,241,0,241,群益金鼎,2023-06-19,9100
2455,全新,252,29,223,群益金鼎,2023-06-19,9100
00692,富邦公司治理,231,17,214,群益金鼎,2023-06-19,9100
2312,金寶,354,158,196,群益金鼎,2023-06-19,9100
1301,台塑,179,0,179,群益金鼎,2023-06-19,9100
00861,元大全球未來通訊,179,0,179,群益金鼎,2023-06-19,9100
00751B,元大AAA至A公司債,153,0,153,群益金鼎,2023-06-19,9100
6182,合晶,154,3,151,群益金鼎,2023-06-19,9100
6266,泰詠,146,0,146,群益金鼎,2023-06-19,9100
1802,台玻,212,68,144,群益金鼎,2023-06-19,9100
3011,今皓,153,19,134,群益金鼎,2023-06-19,9100
00896,中信綠能及電動車,133,0,133,群益金鼎,2023-06-19,9100
3680,家登,124,3,121,群益金鼎,2023-06-19,9100
0056,元大高股息,140,21,119,群益金鼎,2023-06-19,9100
00878,國泰永續高股息,10389,75,10314,群益金鼎,2023-06-20,9100
00715L,期街口布蘭特正2,4244,8,4236,群益金鼎,2023-06-20,9100
00900,富邦特選高股息30,3232,1,3231,群益金鼎,2023-06-20,9100
00891,中信關鍵半導體,2292,3,2289,群益金鼎,2023-06-20,9100
00893,國泰智能電動車,2256,2,2254,群益金鼎,2023-06-20,9100
00642U,期元大S＆P石油,2222,23,2199,群益金鼎,2023-06-20,9100
00919,群益台灣精選高息,1471,225,1246,群益金鼎,2023-06-20,9100
00892,富邦台灣半導體,1242,1,1241,群益金鼎,2023-06-20,9100
00713,元大台灣高息低波,1291,169,1122,群益金鼎,2023-06-20,9100
00881,國泰台灣5G+,1120,5,1115,群益金鼎,2023-06-20,9100
00876,元大全球5G,698,1,697,群益金鼎,2023-06-20,9100
00923,群益台ESG低碳50,941,467,474,群益金鼎,2023-06-20,9100
4938,和碩,403,3,400,群益金鼎,2023-06-20,9100
00905,FT臺灣Smart,342,0,342,群益金鼎,2023-06-20,9100
2618,長榮航,601,288,313,群益金鼎,2023-06-20,9100
00924,復華S＆P500成長,245,0,245,群益金鼎,2023-06-20,9100
2634,漢翔,318,89,229,群益金鼎,2023-06-20,9100
2887,台新金,224,1,223,群益金鼎,2023-06-20,9100
00902,中信電池及儲能,215,1,214,群益金鼎,2023-06-20,9100
00903,富邦元宇宙,209,1,208,群益金鼎,2023-06-20,9100
6244,茂迪,193,6,187,群益金鼎,2023-06-20,9100
00915,凱基優選高股息30,198,15,183,群益金鼎,2023-06-20,9100
2884,玉山金,154,1,153,群益金鼎,2023-06-20,9100
6217,中探針,159,10,149,群益金鼎,2023-06-20,9100
00917,中信特選金融,137,4,133,群益金鼎,2023-06-20,9100
00909,國泰數位支付服務,284,152,132,群益金鼎,2023-06-20,9100
00852L,國泰美國道瓊正2,128,0,128,群益金鼎,2023-06-20,9100
00697B,元大美債7-10,116,0,116,群益金鼎,2023-06-20,9100
00920,富邦ESG綠色電力,164,50,114,群益金鼎,2023-06-20,9100
00714,群益道瓊美國地產,123,11,112,群益金鼎,2023-06-20,9100
00888,永豐台灣ESG,200,93,107,群益金鼎,2023-06-20,9100
1301,台塑,108,1,107,群益金鼎,2023-06-20,9100
00632R,元大台灣50反1,107,0,107,群益金鼎,2023-06-20,9100
2498,宏達電,141,35,106,群益金鼎,2023-06-20,9100
00733,富邦臺灣中小,106,5,101,群益金鼎,2023-06-20,9100
8942,森鉅,90,0,90,群益金鼎,2023-06-20,9100
00668,國泰美國道瓊,87,0,87,群益金鼎,2023-06-20,9100
2615,萬海,89,4,85,群益金鼎,2023-06-20,9100
00926,凱基全球菁英55,85,7,78,群益金鼎,2023-06-20,9100
2888,新光金,141,64,77,群益金鼎,2023-06-20,9100
006205,富邦上証,246,170,76,群益金鼎,2023-06-20,9100
6290,良維,75,6,69,群益金鼎,2023-06-20,9100
00762,元大全球AI,96,29,67,群益金鼎,2023-06-20,9100
2027,大成鋼,88,21,67,群益金鼎,2023-06-20,9100
006208,富邦台50,160,94,66,群益金鼎,2023-06-20,9100
3011,今皓,61,0,61,群益金鼎,2023-06-20,9100
2340,台亞,79,18,61,群益金鼎,2023-06-20,9100
00918,大華優利高填息30,115,56,59,群益金鼎,2023-06-20,9100
00685L,群益臺灣加權正2,57,0,57,群益金鼎,2023-06-20,9100
00894,中信小資高價30,56,0,56,群益金鼎,2023-06-20,9100
00715L,期街口布蘭特正2,7333,5,7328,群益金鼎,2023-06-21,9100
00878,國泰永續高股息,5846,683,5163,群益金鼎,2023-06-21,9100
00632R,元大台灣50反1,4013,300,3713,群益金鼎,2023-06-21,9100
00687B,國泰20年美債,3571,1,3570,群益金鼎,2023-06-21,9100
00642U,期元大S＆P石油,3252,1,3251,群益金鼎,2023-06-21,9100
00680L,元大美債20正2,1671,0,1671,群益金鼎,2023-06-21,9100
00891,中信關鍵半導體,1621,11,1610,群益金鼎,2023-06-21,9100
00923,群益台ESG低碳50,1844,327,1517,群益金鼎,2023-06-21,9100
3231,緯創,1534,128,1406,群益金鼎,2023-06-21,9100
00751B,元大AAA至A公司債,1327,0,1327,群益金鼎,2023-06-21,9100
00881,國泰台灣5G+,1101,5,1096,群益金鼎,2023-06-21,9100
3481,群創,1673,646,1027,群益金鼎,2023-06-21,9100
00893,國泰智能電動車,986,102,884,群益金鼎,2023-06-21,9100
00905,FT臺灣Smart,710,0,710,群益金鼎,2023-06-21,9100
00892,富邦台灣半導體,669,0,669,群益金鼎,2023-06-21,9100
00894,中信小資高價30,612,0,612,群益金鼎,2023-06-21,9100
00902,中信電池及儲能,519,2,517,群益金鼎,2023-06-21,9100
00888,永豐台灣ESG,505,10,495,群益金鼎,2023-06-21,9100
00692,富邦公司治理,487,0,487,群益金鼎,2023-06-21,9100
00686R,群益臺灣加權反1,484,0,484,群益金鼎,2023-06-21,9100
1301,台塑,502,30,472,群益金鼎,2023-06-21,9100
00772B,中信高評級公司債,628,156,472,群益金鼎,2023-06-21,9100
00895,富邦未來車,479,12,467,群益金鼎,2023-06-21,9100
2303,聯電,487,67,420,群益金鼎,2023-06-21,9100
00679B,元大美債20年,407,6,401,群益金鼎,2023-06-21,9100
00830,國泰費城半導體,641,307,334,群益金鼎,2023-06-21,9100
00907,永豐優息存股,367,51,316,群益金鼎,2023-06-21,9100
00926,凱基全球菁英55,310,0,310,群益金鼎,2023-06-21,9100
00795B,中信美國公債20年,300,0,300,群益金鼎,2023-06-21,9100
00688L,國泰20年美債正2,297,0,297,群益金鼎,2023-06-21,9100
2371,大同,367,72,295,群益金鼎,2023-06-21,9100
1471,首利,298,13,285,群益金鼎,2023-06-21,9100
00918,大華優利高填息30,260,0,260,群益金鼎,2023-06-21,9100
00924,復華S＆P500成長,289,34,255,群益金鼎,2023-06-21,9100
5425,台半,412,169,243,群益金鼎,2023-06-21,9100
00900,富邦特選高股息30,2758,2527,231,群益金鼎,2023-06-21,9100
2323,中環,262,33,229,群益金鼎,2023-06-21,9100
00917,中信特選金融,228,0,228,群益金鼎,2023-06-21,9100
1319,東陽,228,1,227,群益金鼎,2023-06-21,9100
0050,元大台灣50,352,147,205,群益金鼎,2023-06-21,9100
00929,復華台灣科技優息,255,51,204,群益金鼎,2023-06-21,9100
4904,遠傳,201,6,195,群益金鼎,2023-06-21,9100
00640L,富邦日本正2,266,78,188,群益金鼎,2023-06-21,9100
2344,華邦電,208,23,185,群益金鼎,2023-06-21,9100
3706,神達,221,40,181,群益金鼎,2023-06-21,9100
01003T,兆豐新光R1,161,0,161,群益金鼎,2023-06-21,9100
2330,台積電,222,61,161,群益金鼎,2023-06-21,9100
1102,亞泥,150,1,149,群益金鼎,2023-06-21,9100
2312,金寶,149,4,145,群益金鼎,2023-06-21,9100
00728,第一金工業30,141,0,141,群益金鼎,2023-06-21,9100
00632R,元大台灣50反1,8992,0,8992,群益金鼎,2023-06-26,9100
00680L,元大美債20正2,8698,7,8691,群益金鼎,2023-06-26,9100
00673R,期元大S＆P原油反1,3042,12,3030,群益金鼎,2023-06-26,9100
00895,富邦未來車,2091,37,2054,群益金鼎,2023-06-26,9100
00893,國泰智能電動車,1773,3,1770,群益金鼎,2023-06-26,9100
00669R,國泰美國道瓊反1,1797,101,1696,群益金鼎,2023-06-26,9100
00878,國泰永續高股息,1559,79,1480,群益金鼎,2023-06-26,9100
2303,聯電,1218,46,1172,群益金鼎,2023-06-26,9100
00923,群益台ESG低碳50,1159,153,1006,群益金鼎,2023-06-26,9100
00687B,國泰20年美債,901,12,889,群益金鼎,2023-06-26,9100
00751B,元大AAA至A公司債,845,35,810,群益金鼎,2023-06-26,9100
00795B,中信美國公債20年,876,194,682,群益金鼎,2023-06-26,9100
00891,中信關鍵半導體,650,5,645,群益金鼎,2023-06-26,9100
00772B,中信高評級公司債,642,0,642,群益金鼎,2023-06-26,9100
2344,華邦電,644,96,548,群益金鼎,2023-06-26,9100
00881,國泰台灣5G+,544,24,520,群益金鼎,2023-06-26,9100
2360,致茂,485,0,485,群益金鼎,2023-06-26,9100
3481,群創,697,257,440,群益金鼎,2023-06-26,9100
4938,和碩,431,0,431,群益金鼎,2023-06-26,9100
4147,中裕,400,0,400,群益金鼎,2023-06-26,9100
9907,統一實,390,0,390,群益金鼎,2023-06-26,9100
2312,金寶,334,0,334,群益金鼎,2023-06-26,9100
2603,長榮,840,514,326,群益金鼎,2023-06-26,9100
2340,台亞,404,95,309,群益金鼎,2023-06-26,9100
6176,瑞儀,281,2,279,群益金鼎,2023-06-26,9100
00671R,富邦NASDAQ反1,276,0,276,群益金鼎,2023-06-26,9100
2618,長榮航,329,56,273,群益金鼎,2023-06-26,9100
00928,中信上櫃ESG30,249,0,249,群益金鼎,2023-06-26,9100
9802,鈺齊-KY,255,27,228,群益金鼎,2023-06-26,9100
3231,緯創,347,121,226,群益金鼎,2023-06-26,9100
01003T,兆豐新光R1,225,0,225,群益金鼎,2023-06-26,9100
9939,宏全,213,0,213,群益金鼎,2023-06-26,9100
006205,富邦上証,992,805,187,群益金鼎,2023-06-26,9100
00894,中信小資高價30,159,2,157,群益金鼎,2023-06-26,9100
006207,復華滬深,158,4,154,群益金鼎,2023-06-26,9100
00915,凱基優選高股息30,152,2,150,群益金鼎,2023-06-26,9100
3035,智原,168,22,146,群益金鼎,2023-06-26,9100
00666R,富邦�琤肭磪齯�1,144,0,144,群益金鼎,2023-06-26,9100
00926,凱基全球菁英55,134,0,134,群益金鼎,2023-06-26,9100
2308,台達電,133,0,133,群益金鼎,2023-06-26,9100
00688L,國泰20年美債正2,129,0,129,群益金鼎,2023-06-26,9100
2371,大同,310,184,126,群益金鼎,2023-06-26,9100
3680,家登,112,1,111,群益金鼎,2023-06-26,9100
5876,上海商銀,101,0,101,群益金鼎,2023-06-26,9100
6546,正基,140,43,97,群益金鼎,2023-06-26,9100
0052,富邦科技,89,0,89,群益金鼎,2023-06-26,9100
5009,榮剛,106,18,88,群益金鼎,2023-06-26,9100
3325,旭品,91,4,87,群益金鼎,2023-06-26,9100
3163,波若威,90,5,85,群益金鼎,2023-06-26,9100
2409,友達,115,31,84,群益金鼎,2023-06-26,9100
00893,國泰智能電動車,9687,174,9513,群益金鼎,2023-06-27,9100
00673R,期元大S＆P原油反1,3131,0,3131,群益金鼎,2023-06-27,9100
00632R,元大台灣50反1,3125,6,3119,群益金鼎,2023-06-27,9100
00923,群益台ESG低碳50,2596,8,2588,群益金鼎,2023-06-27,9100
00687B,國泰20年美債,2399,3,2396,群益金鼎,2023-06-27,9100
00895,富邦未來車,2359,2,2357,群益金鼎,2023-06-27,9100
00680L,元大美債20正2,1726,0,1726,群益金鼎,2023-06-27,9100
00900,富邦特選高股息30,1586,1,1585,群益金鼎,2023-06-27,9100
00881,國泰台灣5G+,1532,0,1532,群益金鼎,2023-06-27,9100
3481,群創,1779,366,1413,群益金鼎,2023-06-27,9100
2603,長榮,1394,67,1327,群益金鼎,2023-06-27,9100
2409,友達,750,50,700,群益金鼎,2023-06-27,9100
00924,復華S＆P500成長,755,100,655,群益金鼎,2023-06-27,9100
2002,中鋼,600,4,596,群益金鼎,2023-06-27,9100
00772B,中信高評級公司債,556,0,556,群益金鼎,2023-06-27,9100
00894,中信小資高價30,536,0,536,群益金鼎,2023-06-27,9100
00891,中信關鍵半導體,530,1,529,群益金鼎,2023-06-27,9100
2371,大同,543,24,519,群益金鼎,2023-06-27,9100
2344,華邦電,531,22,509,群益金鼎,2023-06-27,9100
00795B,中信美國公債20年,499,0,499,群益金鼎,2023-06-27,9100
00892,富邦台灣半導體,492,0,492,群益金鼎,2023-06-27,9100
00645,富邦日本,749,281,468,群益金鼎,2023-06-27,9100
00633L,富邦上証正2,438,0,438,群益金鼎,2023-06-27,9100
00896,中信綠能及電動車,414,0,414,群益金鼎,2023-06-27,9100
6282,康舒,398,5,393,群益金鼎,2023-06-27,9100
00640L,富邦日本正2,513,134,379,群益金鼎,2023-06-27,9100
01003T,兆豐新光R1,1995,1650,345,群益金鼎,2023-06-27,9100
2301,光寶科,416,92,324,群益金鼎,2023-06-27,9100
2323,中環,470,168,302,群益金鼎,2023-06-27,9100
00861,元大全球未來通訊,209,1,208,群益金鼎,2023-06-27,9100
00669R,國泰美國道瓊反1,500,300,200,群益金鼎,2023-06-27,9100
1102,亞泥,196,2,194,群益金鼎,2023-06-27,9100
00908,富邦入息REITs+,182,0,182,群益金鼎,2023-06-27,9100
8210,勤誠,177,7,170,群益金鼎,2023-06-27,9100
00714,群益道瓊美國地產,184,16,168,群益金鼎,2023-06-27,9100
00903,富邦元宇宙,155,1,154,群益金鼎,2023-06-27,9100
00928,中信上櫃ESG30,150,0,150,群益金鼎,2023-06-27,9100
006208,富邦台50,153,4,149,群益金鼎,2023-06-27,9100
00926,凱基全球菁英55,147,0,147,群益金鼎,2023-06-27,9100
00728,第一金工業30,131,0,131,群益金鼎,2023-06-27,9100
3434,哲固,141,12,129,群益金鼎,2023-06-27,9100
2329,華泰,111,0,111,群益金鼎,2023-06-27,9100
0056,元大高股息,182,71,111,群益金鼎,2023-06-27,9100
00922,國泰台灣領袖50,106,0,106,群益金鼎,2023-06-27,9100
00876,元大全球5G,117,14,103,群益金鼎,2023-06-27,9100
3680,家登,136,33,103,群益金鼎,2023-06-27,9100
00918,大華優利高填息30,101,0,101,群益金鼎,2023-06-27,9100
4128,中天,100,2,98,群益金鼎,2023-06-27,9100
3374,精材,106,9,97,群益金鼎,2023-06-27,9100
6182,合晶,117,22,95,群益金鼎,2023-06-27,9100
00632R,元大台灣50反1,8621,0,8621,群益金鼎,2023-06-28,9100
00673R,期元大S＆P原油反1,6353,0,6353,群益金鼎,2023-06-28,9100
2891,中信金,3501,83,3418,群益金鼎,2023-06-28,9100
2603,長榮,3272,68,3204,群益金鼎,2023-06-28,9100
00878,國泰永續高股息,1470,45,1425,群益金鼎,2023-06-28,9100
00712,復華富時不動產,1011,111,900,群益金鼎,2023-06-28,9100
3260,威剛,818,21,797,群益金鼎,2023-06-28,9100
2329,華泰,716,0,716,群益金鼎,2023-06-28,9100
3481,群創,728,142,586,群益金鼎,2023-06-28,9100
00924,復華S＆P500成長,554,0,554,群益金鼎,2023-06-28,9100
00900,富邦特選高股息30,635,101,534,群益金鼎,2023-06-28,9100
00665L,富邦�琤肭磪囓�2,1086,655,431,群益金鼎,2023-06-28,9100
6239,力成,367,4,363,群益金鼎,2023-06-28,9100
5876,上海商銀,361,3,358,群益金鼎,2023-06-28,9100
00926,凱基全球菁英55,320,0,320,群益金鼎,2023-06-28,9100
00903,富邦元宇宙,315,0,315,群益金鼎,2023-06-28,9100
00669R,國泰美國道瓊反1,500,200,300,群益金鼎,2023-06-28,9100
4967,十銓,328,31,297,群益金鼎,2023-06-28,9100
00893,國泰智能電動車,593,324,269,群益金鼎,2023-06-28,9100
00680L,元大美債20正2,250,0,250,群益金鼎,2023-06-28,9100
00881,國泰台灣5G+,247,0,247,群益金鼎,2023-06-28,9100
00894,中信小資高價30,224,0,224,群益金鼎,2023-06-28,9100
00876,元大全球5G,204,0,204,群益金鼎,2023-06-28,9100
00925,新光標普電動車,202,0,202,群益金鼎,2023-06-28,9100
3287,廣寰科,201,3,198,群益金鼎,2023-06-28,9100
6285,啟��,264,76,188,群益金鼎,2023-06-28,9100
3711,日月光投控,204,28,176,群益金鼎,2023-06-28,9100
6451,訊芯-KY,174,0,174,群益金鼎,2023-06-28,9100
00908,富邦入息REITs+,320,150,170,群益金鼎,2023-06-28,9100
006205,富邦上証,212,70,142,群益金鼎,2023-06-28,9100
00714,群益道瓊美國地產,134,0,134,群益金鼎,2023-06-28,9100
00917,中信特選金融,120,0,120,群益金鼎,2023-06-28,9100
8210,勤誠,129,13,116,群益金鼎,2023-06-28,9100
1101,台泥,114,5,109,群益金鼎,2023-06-28,9100
00648R,元大S＆P500反1,103,0,103,群益金鼎,2023-06-28,9100
2515,中工,100,2,98,群益金鼎,2023-06-28,9100
3289,宜特,119,21,98,群益金鼎,2023-06-28,9100
2313,華通,103,7,96,群益金鼎,2023-06-28,9100
3013,晟銘電,101,6,95,群益金鼎,2023-06-28,9100
3592,瑞鼎,95,0,95,群益金鼎,2023-06-28,9100
3563,牧德,102,10,92,群益金鼎,2023-06-28,9100
5388,中磊,110,20,90,群益金鼎,2023-06-28,9100
00650L,復華香港正2,98,9,89,群益金鼎,2023-06-28,9100
2634,漢翔,128,42,86,群益金鼎,2023-06-28,9100
6282,康舒,215,129,86,群益金鼎,2023-06-28,9100
4175,杏一,87,1,86,群益金鼎,2023-06-28,9100
2610,華航,326,241,85,群益金鼎,2023-06-28,9100
0056,元大高股息,92,9,83,群益金鼎,2023-06-28,9100
2408,南亞科,81,5,76,群益金鼎,2023-06-28,9100
2014,中鴻,75,0,75,群益金鼎,2023-06-28,9100
2603,長榮,14210,95,14115,群益金鼎,2023-06-29,9100
00900,富邦特選高股息30,1489,1,1488,群益金鼎,2023-06-29,9100
00893,國泰智能電動車,1847,461,1386,群益金鼎,2023-06-29,9100
00896,中信綠能及電動車,1109,0,1109,群益金鼎,2023-06-29,9100
2301,光寶科,1047,7,1040,群益金鼎,2023-06-29,9100
2886,兆豐金,1000,30,970,群益金鼎,2023-06-29,9100
5388,中磊,895,48,847,群益金鼎,2023-06-29,9100
00680L,元大美債20正2,794,0,794,群益金鼎,2023-06-29,9100
00632R,元大台灣50反1,744,52,692,群益金鼎,2023-06-29,9100
00915,凱基優選高股息30,672,7,665,群益金鼎,2023-06-29,9100
00895,富邦未來車,1039,414,625,群益金鼎,2023-06-29,9100
1216,統一,600,8,592,群益金鼎,2023-06-29,9100
00881,國泰台灣5G+,602,102,500,群益金鼎,2023-06-29,9100
00903,富邦元宇宙,540,41,499,群益金鼎,2023-06-29,9100
00633L,富邦上証正2,416,0,416,群益金鼎,2023-06-29,9100
6239,力成,361,5,356,群益金鼎,2023-06-29,9100
00637L,元大滬深300正2,605,252,353,群益金鼎,2023-06-29,9100
00894,中信小資高價30,339,0,339,群益金鼎,2023-06-29,9100
00922,國泰台灣領袖50,426,102,324,群益金鼎,2023-06-29,9100
1795,美時,340,16,324,群益金鼎,2023-06-29,9100
3231,緯創,491,183,308,群益金鼎,2023-06-29,9100
00728,第一金工業30,470,163,307,群益金鼎,2023-06-29,9100
00712,復華富時不動產,300,0,300,群益金鼎,2023-06-29,9100
2888,新光金,282,22,260,群益金鼎,2023-06-29,9100
00669R,國泰美國道瓊反1,575,320,255,群益金鼎,2023-06-29,9100
00927,群益半導體收益,216,14,202,群益金鼎,2023-06-29,9100
9907,統一實,300,101,199,群益金鼎,2023-06-29,9100
00876,元大全球5G,187,0,187,群益金鼎,2023-06-29,9100
2360,致茂,175,0,175,群益金鼎,2023-06-29,9100
1210,大成,170,3,167,群益金鼎,2023-06-29,9100
9958,世紀鋼,196,31,165,群益金鼎,2023-06-29,9100
3207,耀勝,188,27,161,群益金鼎,2023-06-29,9100
00648R,元大S＆P500反1,156,3,153,群益金鼎,2023-06-29,9100
00685L,群益臺灣加權正2,403,250,153,群益金鼎,2023-06-29,9100
2313,華通,166,18,148,群益金鼎,2023-06-29,9100
00655L,國泰中國A50正2,153,7,146,群益金鼎,2023-06-29,9100
4906,正文,179,43,136,群益金鼎,2023-06-29,9100
2609,陽明,156,34,122,群益金鼎,2023-06-29,9100
00897,富邦基因免疫生技,101,0,101,群益金鼎,2023-06-29,9100
2354,鴻準,100,0,100,群益金鼎,2023-06-29,9100
3380,明泰,277,179,98,群益金鼎,2023-06-29,9100
00714,群益道瓊美國地產,110,16,94,群益金鼎,2023-06-29,9100
4572,駐龍,94,1,93,群益金鼎,2023-06-29,9100
00864B,中信美國公債0-1,116,25,91,群益金鼎,2023-06-29,9100
00878,國泰永續高股息,241,152,89,群益金鼎,2023-06-29,9100
2408,南亞科,110,28,82,群益金鼎,2023-06-29,9100
3515,華擎,67,5,62,群益金鼎,2023-06-29,9100
6282,康舒,74,13,61,群益金鼎,2023-06-29,9100
2915,潤泰全,60,0,60,群益金鼎,2023-06-29,9100
9904,寶成,60,5,55,群益金鼎,2023-06-29,9100
00715L,期街口布蘭特正2,2105,38,2067,群益金鼎,2023-06-30,9100
00637L,元大滬深300正2,1982,18,1964,群益金鼎,2023-06-30,9100
2609,陽明,1834,36,1798,群益金鼎,2023-06-30,9100
4904,遠傳,1569,3,1566,群益金鼎,2023-06-30,9100
00632R,元大台灣50反1,1379,5,1374,群益金鼎,2023-06-30,9100
2891,中信金,766,0,766,群益金鼎,2023-06-30,9100
00642U,期元大S＆P石油,800,52,748,群益金鼎,2023-06-30,9100
3481,群創,812,98,714,群益金鼎,2023-06-30,9100
00633L,富邦上証正2,712,50,662,群益金鼎,2023-06-30,9100
00893,國泰智能電動車,1045,510,535,群益金鼎,2023-06-30,9100
00878,國泰永續高股息,487,33,454,群益金鼎,2023-06-30,9100
00894,中信小資高價30,452,0,452,群益金鼎,2023-06-30,9100
00895,富邦未來車,621,200,421,群益金鼎,2023-06-30,9100
00900,富邦特選高股息30,353,0,353,群益金鼎,2023-06-30,9100
2615,萬海,359,13,346,群益金鼎,2023-06-30,9100
2892,第一金,307,1,306,群益金鼎,2023-06-30,9100
9910,豐泰,305,0,305,群益金鼎,2023-06-30,9100
00876,元大全球5G,259,0,259,群益金鼎,2023-06-30,9100
00645,富邦日本,537,285,252,群益金鼎,2023-06-30,9100
2702,華園,251,0,251,群益金鼎,2023-06-30,9100
8050,廣積,322,99,223,群益金鼎,2023-06-30,9100
00655L,國泰中國A50正2,221,4,217,群益金鼎,2023-06-30,9100
00728,第一金工業30,212,0,212,群益金鼎,2023-06-30,9100
00907,永豐優息存股,305,100,205,群益金鼎,2023-06-30,9100
6451,訊芯-KY,184,2,182,群益金鼎,2023-06-30,9100
00902,中信電池及儲能,302,131,171,群益金鼎,2023-06-30,9100
2888,新光金,176,8,168,群益金鼎,2023-06-30,9100
1477,聚陽,169,5,164,群益金鼎,2023-06-30,9100
00881,國泰台灣5G+,200,50,150,群益金鼎,2023-06-30,9100
1536,和大,139,0,139,群益金鼎,2023-06-30,9100
5347,世界,155,17,138,群益金鼎,2023-06-30,9100
00861,元大全球未來通訊,133,0,133,群益金鼎,2023-06-30,9100
3017,奇鋐,136,8,128,群益金鼎,2023-06-30,9100
00714,群益道瓊美國地產,125,0,125,群益金鼎,2023-06-30,9100
00830,國泰費城半導體,109,0,109,群益金鼎,2023-06-30,9100
2368,金像電,202,95,107,群益金鼎,2023-06-30,9100
6271,同欣電,102,0,102,群益金鼎,2023-06-30,9100
00636,國泰中國A50,102,0,102,群益金鼎,2023-06-30,9100
2748,雲品,100,0,100,群益金鼎,2023-06-30,9100
5351,鈺創,99,0,99,群益金鼎,2023-06-30,9100
00669R,國泰美國道瓊反1,298,200,98,群益金鼎,2023-06-30,9100
8210,勤誠,121,25,96,群益金鼎,2023-06-30,9100
00733,富邦臺灣中小,94,0,94,群益金鼎,2023-06-30,9100
00670L,富邦NASDAQ正2,90,0,90,群益金鼎,2023-06-30,9100
3665,貿聯-KY,106,20,86,群益金鼎,2023-06-30,9100
2328,廣宇,79,0,79,群益金鼎,2023-06-30,9100
1605,華新,115,37,78,群益金鼎,2023-06-30,9100
2338,光罩,80,6,74,群益金鼎,2023-06-30,9100
2301,光寶科,103,29,74,群益金鼎,2023-06-30,9100
2915,潤泰全,70,0,70,群益金鼎,2023-06-30,9100
2609,陽明,11395,162,11233,群益金鼎,2023-07-03,9100
00637L,元大滬深300正2,7694,929,6765,群益金鼎,2023-07-03,9100
00715L,期街口布蘭特正2,4014,10,4004,群益金鼎,2023-07-03,9100
00878,國泰永續高股息,3226,35,3191,群益金鼎,2023-07-03,9100
00902,中信電池及儲能,2957,0,2957,群益金鼎,2023-07-03,9100
00642U,期元大S＆P石油,2668,0,2668,群益金鼎,2023-07-03,9100
2618,長榮航,2009,124,1885,群益金鼎,2023-07-03,9100
00900,富邦特選高股息30,1384,4,1380,群益金鼎,2023-07-03,9100
00687B,國泰20年美債,1070,0,1070,群益金鼎,2023-07-03,9100
00919,群益台灣精選高息,2028,1118,910,群益金鼎,2023-07-03,9100
2317,鴻海,627,17,610,群益金鼎,2023-07-03,9100
00632R,元大台灣50反1,698,100,598,群益金鼎,2023-07-03,9100
00861,元大全球未來通訊,594,0,594,群益金鼎,2023-07-03,9100
2301,光寶科,737,322,415,群益金鼎,2023-07-03,9100
00650L,復華香港正2,486,80,406,群益金鼎,2023-07-03,9100
00665L,富邦�琤肭磪囓�2,365,5,360,群益金鼎,2023-07-03,9100
3231,緯創,742,392,350,群益金鼎,2023-07-03,9100
00830,國泰費城半導體,401,60,341,群益金鼎,2023-07-03,9100
00633L,富邦上証正2,487,153,334,群益金鼎,2023-07-03,9100
2356,英業達,320,15,305,群益金鼎,2023-07-03,9100
00876,元大全球5G,300,0,300,群益金鼎,2023-07-03,9100
2634,漢翔,405,113,292,群益金鼎,2023-07-03,9100
00881,國泰台灣5G+,401,111,290,群益金鼎,2023-07-03,9100
9907,統一實,270,0,270,群益金鼎,2023-07-03,9100
00917,中信特選金融,500,232,268,群益金鼎,2023-07-03,9100
6285,啟��,377,126,251,群益金鼎,2023-07-03,9100
4417,金洲,229,0,229,群益金鼎,2023-07-03,9100
3704,合勤控,281,71,210,群益金鼎,2023-07-03,9100
00899,FT潔淨能源,202,0,202,群益金鼎,2023-07-03,9100
00896,中信綠能及電動車,188,0,188,群益金鼎,2023-07-03,9100
1605,華新,212,31,181,群益金鼎,2023-07-03,9100
00636,國泰中國A50,338,161,177,群益金鼎,2023-07-03,9100
3289,宜特,183,20,163,群益金鼎,2023-07-03,9100
00772B,中信高評級公司債,155,1,154,群益金鼎,2023-07-03,9100
3017,奇鋐,160,18,142,群益金鼎,2023-07-03,9100
2345,智邦,167,25,142,群益金鼎,2023-07-03,9100
00645,富邦日本,1225,1088,137,群益金鼎,2023-07-03,9100
3035,智原,205,71,134,群益金鼎,2023-07-03,9100
00903,富邦元宇宙,127,0,127,群益金鼎,2023-07-03,9100
2419,仲琦,129,13,116,群益金鼎,2023-07-03,9100
2382,廣達,179,65,114,群益金鼎,2023-07-03,9100
2409,友達,124,20,104,群益金鼎,2023-07-03,9100
3481,群創,106,3,103,群益金鼎,2023-07-03,9100
00751B,元大AAA至A公司債,100,0,100,群益金鼎,2023-07-03,9100
1477,聚陽,99,7,92,群益金鼎,2023-07-03,9100
3169,亞信,98,7,91,群益金鼎,2023-07-03,9100
00909,國泰數位支付服務,90,0,90,群益金鼎,2023-07-03,9100
8155,博智,90,0,90,群益金鼎,2023-07-03,9100
2376,技嘉,104,23,81,群益金鼎,2023-07-03,9100
6515,穎崴,85,6,79,群益金鼎,2023-07-03,9100
00878,國泰永續高股息,11501,104,11397,群益金鼎,2023-07-04,9100
00919,群益台灣精選高息,9930,32,9898,群益金鼎,2023-07-04,9100
00881,國泰台灣5G+,3632,101,3531,群益金鼎,2023-07-04,9100
00637L,元大滬深300正2,2965,14,2951,群益金鼎,2023-07-04,9100
2890,永豐金,2000,1,1999,群益金鼎,2023-07-04,9100
00923,群益台ESG低碳50,1882,3,1879,群益金鼎,2023-07-04,9100
2409,友達,1800,5,1795,群益金鼎,2023-07-04,9100
00900,富邦特選高股息30,1608,10,1598,群益金鼎,2023-07-04,9100
2891,中信金,1500,212,1288,群益金鼎,2023-07-04,9100
00680L,元大美債20正2,1283,3,1280,群益金鼎,2023-07-04,9100
00902,中信電池及儲能,956,0,956,群益金鼎,2023-07-04,9100
2382,廣達,1016,99,917,群益金鼎,2023-07-04,9100
00772B,中信高評級公司債,842,1,841,群益金鼎,2023-07-04,9100
00892,富邦台灣半導體,889,112,777,群益金鼎,2023-07-04,9100
00894,中信小資高價30,766,0,766,群益金鼎,2023-07-04,9100
00830,國泰費城半導體,728,0,728,群益金鼎,2023-07-04,9100
00642U,期元大S＆P石油,621,0,621,群益金鼎,2023-07-04,9100
3044,健鼎,602,2,600,群益金鼎,2023-07-04,9100
1402,遠東新,601,4,597,群益金鼎,2023-07-04,9100
2385,群光,680,117,563,群益金鼎,2023-07-04,9100
3706,神達,634,109,525,群益金鼎,2023-07-04,9100
00922,國泰台灣領袖50,513,0,513,群益金鼎,2023-07-04,9100
00632R,元大台灣50反1,499,0,499,群益金鼎,2023-07-04,9100
6239,力成,494,3,491,群益金鼎,2023-07-04,9100
2002,中鋼,541,51,490,群益金鼎,2023-07-04,9100
00665L,富邦�琤肭磪囓�2,499,30,469,群益金鼎,2023-07-04,9100
2356,英業達,561,100,461,群益金鼎,2023-07-04,9100
2347,聯強,466,7,459,群益金鼎,2023-07-04,9100
00876,元大全球5G,426,3,423,群益金鼎,2023-07-04,9100
5876,上海商銀,400,0,400,群益金鼎,2023-07-04,9100
3231,緯創,462,79,383,群益金鼎,2023-07-04,9100
2312,金寶,602,256,346,群益金鼎,2023-07-04,9100
2368,金像電,376,34,342,群益金鼎,2023-07-04,9100
00891,中信關鍵半導體,312,0,312,群益金鼎,2023-07-04,9100
6282,康舒,723,415,308,群益金鼎,2023-07-04,9100
00715L,期街口布蘭特正2,307,0,307,群益金鼎,2023-07-04,9100
4968,立積,309,5,304,群益金鼎,2023-07-04,9100
00896,中信綠能及電動車,277,2,275,群益金鼎,2023-07-04,9100
2006,東和鋼鐵,279,6,273,群益金鼎,2023-07-04,9100
2313,華通,262,3,259,群益金鼎,2023-07-04,9100
00645,富邦日本,1277,1033,244,群益金鼎,2023-07-04,9100
1326,台化,254,13,241,群益金鼎,2023-07-04,9100
2888,新光金,256,20,236,群益金鼎,2023-07-04,9100
00895,富邦未來車,330,100,230,群益金鼎,2023-07-04,9100
2351,順德,222,1,221,群益金鼎,2023-07-04,9100
2376,技嘉,259,48,211,群益金鼎,2023-07-04,9100
3260,威剛,224,22,202,群益金鼎,2023-07-04,9100
00908,富邦入息REITs+,191,0,191,群益金鼎,2023-07-04,9100
00728,第一金工業30,161,0,161,群益金鼎,2023-07-04,9100
00714,群益道瓊美國地產,252,94,158,群益金鼎,2023-07-04,9100
00715L,期街口布蘭特正2,6174,0,6174,群益金鼎,2023-07-05,9100
2891,中信金,3993,94,3899,群益金鼎,2023-07-05,9100
2421,建準,2563,2,2561,群益金鼎,2023-07-05,9100
00902,中信電池及儲能,1848,0,1848,群益金鼎,2023-07-05,9100
00919,群益台灣精選高息,1735,5,1730,群益金鼎,2023-07-05,9100
00642U,期元大S＆P石油,1526,0,1526,群益金鼎,2023-07-05,9100
1304,台聚,1200,16,1184,群益金鼎,2023-07-05,9100
00878,國泰永續高股息,972,100,872,群益金鼎,2023-07-05,9100
2618,長榮航,1845,1001,844,群益金鼎,2023-07-05,9100
00900,富邦特選高股息30,842,19,823,群益金鼎,2023-07-05,9100
1402,遠東新,815,10,805,群益金鼎,2023-07-05,9100
00680L,元大美債20正2,754,6,748,群益金鼎,2023-07-05,9100
00881,國泰台灣5G+,736,8,728,群益金鼎,2023-07-05,9100
00637L,元大滬深300正2,702,4,698,群益金鼎,2023-07-05,9100
2890,永豐金,684,0,684,群益金鼎,2023-07-05,9100
2409,友達,672,19,653,群益金鼎,2023-07-05,9100
00830,國泰費城半導體,614,0,614,群益金鼎,2023-07-05,9100
00893,國泰智能電動車,774,177,597,群益金鼎,2023-07-05,9100
00892,富邦台灣半導體,582,21,561,群益金鼎,2023-07-05,9100
00895,富邦未來車,486,0,486,群益金鼎,2023-07-05,9100
2344,華邦電,456,35,421,群益金鼎,2023-07-05,9100
2313,華通,418,9,409,群益金鼎,2023-07-05,9100
00891,中信關鍵半導體,409,0,409,群益金鼎,2023-07-05,9100
3217,優群,384,4,380,群益金鼎,2023-07-05,9100
2383,台光電,417,39,378,群益金鼎,2023-07-05,9100
2606,裕民,355,13,342,群益金鼎,2023-07-05,9100
00903,富邦元宇宙,310,0,310,群益金鼎,2023-07-05,9100
3289,宜特,411,116,295,群益金鼎,2023-07-05,9100
00915,凱基優選高股息30,340,50,290,群益金鼎,2023-07-05,9100
1102,亞泥,271,9,262,群益金鼎,2023-07-05,9100
00908,富邦入息REITs+,229,0,229,群益金鼎,2023-07-05,9100
00894,中信小資高價30,221,0,221,群益金鼎,2023-07-05,9100
2634,漢翔,269,75,194,群益金鼎,2023-07-05,9100
4130,健亞,184,0,184,群益金鼎,2023-07-05,9100
00896,中信綠能及電動車,177,0,177,群益金鼎,2023-07-05,9100
9933,中鼎,205,38,167,群益金鼎,2023-07-05,9100
2885,元大金,200,41,159,群益金鼎,2023-07-05,9100
0052,富邦科技,157,3,154,群益金鼎,2023-07-05,9100
6274,台燿,241,88,153,群益金鼎,2023-07-05,9100
9921,巨大,158,6,152,群益金鼎,2023-07-05,9100
2419,仲琦,193,45,148,群益金鼎,2023-07-05,9100
00668,國泰美國道瓊,148,0,148,群益金鼎,2023-07-05,9100
2376,技嘉,202,57,145,群益金鼎,2023-07-05,9100
00670L,富邦NASDAQ正2,143,0,143,群益金鼎,2023-07-05,9100
3035,智原,226,83,143,群益金鼎,2023-07-05,9100
00633L,富邦上証正2,136,0,136,群益金鼎,2023-07-05,9100
0056,元大高股息,303,174,129,群益金鼎,2023-07-05,9100
00714,群益道瓊美國地產,120,0,120,群益金鼎,2023-07-05,9100
2303,聯電,152,33,119,群益金鼎,2023-07-05,9100
3213,茂訊,110,0,110,群益金鼎,2023-07-05,9100
00642U,期元大S＆P石油,4601,50,4551,群益金鼎,2023-07-06,9100
00715L,期街口布蘭特正2,4046,0,4046,群益金鼎,2023-07-06,9100
3481,群創,3418,188,3230,群益金鼎,2023-07-06,9100
00893,國泰智能電動車,3073,214,2859,群益金鼎,2023-07-06,9100
00919,群益台灣精選高息,2402,1,2401,群益金鼎,2023-07-06,9100
5876,上海商銀,1796,88,1708,群益金鼎,2023-07-06,9100
00712,復華富時不動產,1659,63,1596,群益金鼎,2023-07-06,9100
00878,國泰永續高股息,1775,273,1502,群益金鼎,2023-07-06,9100
00895,富邦未來車,1292,101,1191,群益金鼎,2023-07-06,9100
00923,群益台ESG低碳50,1060,49,1011,群益金鼎,2023-07-06,9100
00892,富邦台灣半導體,1415,464,951,群益金鼎,2023-07-06,9100
00881,國泰台灣5G+,888,1,887,群益金鼎,2023-07-06,9100
6282,康舒,875,161,714,群益金鼎,2023-07-06,9100
00922,國泰台灣領袖50,649,0,649,群益金鼎,2023-07-06,9100
9907,統一實,745,97,648,群益金鼎,2023-07-06,9100
00915,凱基優選高股息30,636,19,617,群益金鼎,2023-07-06,9100
2383,台光電,623,32,591,群益金鼎,2023-07-06,9100
00668,國泰美國道瓊,569,43,526,群益金鼎,2023-07-06,9100
00830,國泰費城半導體,1040,517,523,群益金鼎,2023-07-06,9100
2392,正崴,437,27,410,群益金鼎,2023-07-06,9100
00903,富邦元宇宙,581,214,367,群益金鼎,2023-07-06,9100
00632R,元大台灣50反1,499,147,352,群益金鼎,2023-07-06,9100
2388,威盛,416,83,333,群益金鼎,2023-07-06,9100
00926,凱基全球菁英55,331,0,331,群益金鼎,2023-07-06,9100
1216,統一,417,92,325,群益金鼎,2023-07-06,9100
4958,臻鼎-KY,338,30,308,群益金鼎,2023-07-06,9100
9939,宏全,325,18,307,群益金鼎,2023-07-06,9100
00918,大華優利高填息30,306,0,306,群益金鼎,2023-07-06,9100
6182,合晶,368,87,281,群益金鼎,2023-07-06,9100
00900,富邦特選高股息30,276,0,276,群益金鼎,2023-07-06,9100
2449,京元電子,407,134,273,群益金鼎,2023-07-06,9100
5371,中光電,276,8,268,群益金鼎,2023-07-06,9100
00670L,富邦NASDAQ正2,267,0,267,群益金鼎,2023-07-06,9100
6116,彩晶,309,52,257,群益金鼎,2023-07-06,9100
00714,群益道瓊美國地產,284,31,253,群益金鼎,2023-07-06,9100
3596,智易,256,6,250,群益金鼎,2023-07-06,9100
00894,中信小資高價30,244,1,243,群益金鼎,2023-07-06,9100
8050,廣積,265,30,235,群益金鼎,2023-07-06,9100
5347,世界,246,15,231,群益金鼎,2023-07-06,9100
00896,中信綠能及電動車,231,1,230,群益金鼎,2023-07-06,9100
2380,虹光,213,0,213,群益金鼎,2023-07-06,9100
00917,中信特選金融,257,50,207,群益金鼎,2023-07-06,9100
1710,東聯,500,300,200,群益金鼎,2023-07-06,9100
6203,海韻電,200,4,196,群益金鼎,2023-07-06,9100
2498,宏達電,228,35,193,群益金鼎,2023-07-06,9100
1722,台肥,201,17,184,群益金鼎,2023-07-06,9100
6190,萬泰科,171,0,171,群益金鼎,2023-07-06,9100
2404,漢唐,175,4,171,群益金鼎,2023-07-06,9100
2340,台亞,294,125,169,群益金鼎,2023-07-06,9100
3264,欣銓,168,4,164,群益金鼎,2023-07-06,9100
00715L,期街口布蘭特正2,3336,100,3236,群益金鼎,2023-07-07,9100
2301,光寶科,1887,67,1820,群益金鼎,2023-07-07,9100
00878,國泰永續高股息,1892,191,1701,群益金鼎,2023-07-07,9100
00902,中信電池及儲能,1348,3,1345,群益金鼎,2023-07-07,9100
5876,上海商銀,852,0,852,群益金鼎,2023-07-07,9100
00919,群益台灣精選高息,821,20,801,群益金鼎,2023-07-07,9100
00895,富邦未來車,759,2,757,群益金鼎,2023-07-07,9100
00893,國泰智能電動車,830,224,606,群益金鼎,2023-07-07,9100
6282,康舒,658,88,570,群益金鼎,2023-07-07,9100
00881,國泰台灣5G+,548,2,546,群益金鼎,2023-07-07,9100
00891,中信關鍵半導體,538,5,533,群益金鼎,2023-07-07,9100
00632R,元大台灣50反1,346,11,335,群益金鼎,2023-07-07,9100
1605,華新,425,108,317,群益金鼎,2023-07-07,9100
00917,中信特選金融,312,0,312,群益金鼎,2023-07-07,9100
2888,新光金,457,145,312,群益金鼎,2023-07-07,9100
00668,國泰美國道瓊,657,346,311,群益金鼎,2023-07-07,9100
1102,亞泥,302,2,300,群益金鼎,2023-07-07,9100
00915,凱基優選高股息30,267,1,266,群益金鼎,2023-07-07,9100
2882,國泰金,282,43,239,群益金鼎,2023-07-07,9100
1301,台塑,237,0,237,群益金鼎,2023-07-07,9100
00896,中信綠能及電動車,248,14,234,群益金鼎,2023-07-07,9100
2610,華航,238,8,230,群益金鼎,2023-07-07,9100
00725B,國泰投資級公司債,206,0,206,群益金鼎,2023-07-07,9100
00773B,中信優先金融債,200,0,200,群益金鼎,2023-07-07,9100
00645,富邦日本,864,678,186,群益金鼎,2023-07-07,9100
00697B,元大美債7-10,170,0,170,群益金鼎,2023-07-07,9100
3666,光耀,165,0,165,群益金鼎,2023-07-07,9100
00631L,元大台灣50正2,163,0,163,群益金鼎,2023-07-07,9100
00686R,群益臺灣加權反1,161,0,161,群益金鼎,2023-07-07,9100
00657,國泰日經225,630,473,157,群益金鼎,2023-07-07,9100
4979,華星光,220,71,149,群益金鼎,2023-07-07,9100
3231,緯創,927,784,143,群益金鼎,2023-07-07,9100
006205,富邦上証,140,0,140,群益金鼎,2023-07-07,9100
00642U,期元大S＆P石油,358,220,138,群益金鼎,2023-07-07,9100
2312,金寶,237,107,130,群益金鼎,2023-07-07,9100
3515,華擎,125,0,125,群益金鼎,2023-07-07,9100
2383,台光電,123,3,120,群益金鼎,2023-07-07,9100
6220,岳豐,148,30,118,群益金鼎,2023-07-07,9100
6213,聯茂,106,13,93,群益金鼎,2023-07-07,9100
00636,國泰中國A50,90,2,88,群益金鼎,2023-07-07,9100
6510,精測,90,6,84,群益金鼎,2023-07-07,9100
2633,台灣高鐵,81,0,81,群益金鼎,2023-07-07,9100
2365,昆盈,79,0,79,群益金鼎,2023-07-07,9100
00918,大華優利高填息30,79,6,73,群益金鼎,2023-07-07,9100
3380,明泰,206,134,72,群益金鼎,2023-07-07,9100
00892,富邦台灣半導體,71,0,71,群益金鼎,2023-07-07,9100
4162,智擎,72,2,70,群益金鼎,2023-07-07,9100
6426,統新,69,0,69,群益金鼎,2023-07-07,9100
00909,國泰數位支付服務,67,0,67,群益金鼎,2023-07-07,9100
00728,第一金工業30,83,19,64,群益金鼎,2023-07-07,9100
00637L,元大滬深300正2,8369,4,8365,群益金鼎,2023-07-10,9100
00715L,期街口布蘭特正2,5362,66,5296,群益金鼎,2023-07-10,9100
00642U,期元大S＆P石油,2534,300,2234,群益金鼎,2023-07-10,9100
00893,國泰智能電動車,1940,151,1789,群益金鼎,2023-07-10,9100
00902,中信電池及儲能,1663,222,1441,群益金鼎,2023-07-10,9100
00923,群益台ESG低碳50,1179,9,1170,群益金鼎,2023-07-10,9100
00878,國泰永續高股息,1118,214,904,群益金鼎,2023-07-10,9100
00633L,富邦上証正2,690,0,690,群益金鼎,2023-07-10,9100
00919,群益台灣精選高息,893,211,682,群益金鼎,2023-07-10,9100
00632R,元大台灣50反1,1579,913,666,群益金鼎,2023-07-10,9100
00725B,國泰投資級公司債,613,0,613,群益金鼎,2023-07-10,9100
00733,富邦臺灣中小,420,0,420,群益金鼎,2023-07-10,9100
4934,太極,359,26,333,群益金鼎,2023-07-10,9100
00915,凱基優選高股息30,293,3,290,群益金鼎,2023-07-10,9100
6282,康舒,321,54,267,群益金鼎,2023-07-10,9100
00631L,元大台灣50正2,259,0,259,群益金鼎,2023-07-10,9100
2408,南亞科,251,5,246,群益金鼎,2023-07-10,9100
00892,富邦台灣半導體,212,0,212,群益金鼎,2023-07-10,9100
00900,富邦特選高股息30,203,0,203,群益金鼎,2023-07-10,9100
00697B,元大美債7-10,201,0,201,群益金鼎,2023-07-10,9100
3622,洋華,200,0,200,群益金鼎,2023-07-10,9100
2383,台光電,220,20,200,群益金鼎,2023-07-10,9100
00917,中信特選金融,300,100,200,群益金鼎,2023-07-10,9100
1514,亞力,274,76,198,群益金鼎,2023-07-10,9100
00891,中信關鍵半導體,179,0,179,群益金鼎,2023-07-10,9100
00830,國泰費城半導體,177,5,172,群益金鼎,2023-07-10,9100
5876,上海商銀,172,0,172,群益金鼎,2023-07-10,9100
00908,富邦入息REITs+,166,0,166,群益金鼎,2023-07-10,9100
2382,廣達,196,34,162,群益金鼎,2023-07-10,9100
4906,正文,182,34,148,群益金鼎,2023-07-10,9100
006205,富邦上証,154,13,141,群益金鼎,2023-07-10,9100
3234,光環,168,29,139,群益金鼎,2023-07-10,9100
8454,富邦媒,140,4,136,群益金鼎,2023-07-10,9100
00909,國泰數位支付服務,185,54,131,群益金鼎,2023-07-10,9100
00897,富邦基因免疫生技,200,87,113,群益金鼎,2023-07-10,9100
3231,緯創,603,499,104,群益金鼎,2023-07-10,9100
2376,技嘉,109,13,96,群益金鼎,2023-07-10,9100
0056,元大高股息,160,74,86,群益金鼎,2023-07-10,9100
2481,強茂,105,25,80,群益金鼎,2023-07-10,9100
00714,群益道瓊美國地產,73,0,73,群益金鼎,2023-07-10,9100
00876,元大全球5G,73,0,73,群益金鼎,2023-07-10,9100
3034,聯詠,73,2,71,群益金鼎,2023-07-10,9100
1802,台玻,68,2,66,群益金鼎,2023-07-10,9100
3141,晶宏,67,1,66,群益金鼎,2023-07-10,9100
00719B,元大美債1-3,66,0,66,群益金鼎,2023-07-10,9100
2388,威盛,64,4,60,群益金鼎,2023-07-10,9100
3576,聯合再生,57,0,57,群益金鼎,2023-07-10,9100
4979,華星光,85,30,55,群益金鼎,2023-07-10,9100
6285,啟��,148,94,54,群益金鼎,2023-07-10,9100
2618,長榮航,57,6,51,群益金鼎,2023-07-10,9100
00878,國泰永續高股息,7463,32,7431,群益金鼎,2023-07-11,9100
00637L,元大滬深300正2,4319,7,4312,群益金鼎,2023-07-11,9100
00876,元大全球5G,1707,2,1705,群益金鼎,2023-07-11,9100
00715L,期街口布蘭特正2,1517,10,1507,群益金鼎,2023-07-11,9100
00632R,元大台灣50反1,1498,0,1498,群益金鼎,2023-07-11,9100
00902,中信電池及儲能,1536,101,1435,群益金鼎,2023-07-11,9100
00881,國泰台灣5G+,1227,100,1127,群益金鼎,2023-07-11,9100
00830,國泰費城半導體,1026,0,1026,群益金鼎,2023-07-11,9100
00900,富邦特選高股息30,970,1,969,群益金鼎,2023-07-11,9100
00861,元大全球未來通訊,629,1,628,群益金鼎,2023-07-11,9100
00633L,富邦上証正2,619,0,619,群益金鼎,2023-07-11,9100
00893,國泰智能電動車,619,0,619,群益金鼎,2023-07-11,9100
2368,金像電,564,33,531,群益金鼎,2023-07-11,9100
00923,群益台ESG低碳50,505,0,505,群益金鼎,2023-07-11,9100
2498,宏達電,502,9,493,群益金鼎,2023-07-11,9100
00642U,期元大S＆P石油,977,501,476,群益金鼎,2023-07-11,9100
00669R,國泰美國道瓊反1,775,300,475,群益金鼎,2023-07-11,9100
00919,群益台灣精選高息,472,8,464,群益金鼎,2023-07-11,9100
2388,威盛,589,135,454,群益金鼎,2023-07-11,9100
1519,華城,379,21,358,群益金鼎,2023-07-11,9100
00903,富邦元宇宙,324,1,323,群益金鼎,2023-07-11,9100
00928,中信上櫃ESG30,315,0,315,群益金鼎,2023-07-11,9100
00650L,復華香港正2,326,13,313,群益金鼎,2023-07-11,9100
2610,華航,544,281,263,群益金鼎,2023-07-11,9100
3231,緯創,696,444,252,群益金鼎,2023-07-11,9100
2481,強茂,298,53,245,群益金鼎,2023-07-11,9100
00908,富邦入息REITs+,235,0,235,群益金鼎,2023-07-11,9100
3217,優群,246,11,235,群益金鼎,2023-07-11,9100
00648R,元大S＆P500反1,267,34,233,群益金鼎,2023-07-11,9100
2419,仲琦,248,45,203,群益金鼎,2023-07-11,9100
2882,國泰金,201,18,183,群益金鼎,2023-07-11,9100
00631L,元大台灣50正2,163,0,163,群益金鼎,2023-07-11,9100
6741,91APP*-KY,150,11,139,群益金鼎,2023-07-11,9100
6605,帝寶,123,1,122,群益金鼎,2023-07-11,9100
6182,合晶,129,19,110,群益金鼎,2023-07-11,9100
1101,台泥,166,62,104,群益金鼎,2023-07-11,9100
5425,台半,175,83,92,群益金鼎,2023-07-11,9100
2382,廣達,195,106,89,群益金鼎,2023-07-11,9100
6417,韋僑,101,15,86,群益金鼎,2023-07-11,9100
3037,欣興,86,1,85,群益金鼎,2023-07-11,9100
2408,南亞科,104,22,82,群益金鼎,2023-07-11,9100
5371,中光電,84,2,82,群益金鼎,2023-07-11,9100
00706L,期元大S＆P日圓正2,78,2,76,群益金鼎,2023-07-11,9100
00891,中信關鍵半導體,71,1,70,群益金鼎,2023-07-11,9100
2881,富邦金,71,2,69,群益金鼎,2023-07-11,9100
3025,星通,376,308,68,群益金鼎,2023-07-11,9100
6282,康舒,162,97,65,群益金鼎,2023-07-11,9100
2455,全新,67,4,63,群益金鼎,2023-07-11,9100
2888,新光金,132,69,63,群益金鼎,2023-07-11,9100
4306,炎洲,60,0,60,群益金鼎,2023-07-11,9100
00878,國泰永續高股息,16469,120,16349,群益金鼎,2023-07-12,9100
2890,永豐金,3100,0,3100,群益金鼎,2023-07-12,9100
00881,國泰台灣5G+,2975,4,2971,群益金鼎,2023-07-12,9100
00642U,期元大S＆P石油,2744,196,2548,群益金鼎,2023-07-12,9100
00637L,元大滬深300正2,1777,6,1771,群益金鼎,2023-07-12,9100
00712,復華富時不動產,2014,523,1491,群益金鼎,2023-07-12,9100
2301,光寶科,1860,394,1466,群益金鼎,2023-07-12,9100
00715L,期街口布蘭特正2,1375,2,1373,群益金鼎,2023-07-12,9100
00632R,元大台灣50反1,1200,50,1150,群益金鼎,2023-07-12,9100
2610,華航,1129,279,850,群益金鼎,2023-07-12,9100
3231,緯創,1208,375,833,群益金鼎,2023-07-12,9100
00919,群益台灣精選高息,828,6,822,群益金鼎,2023-07-12,9100
00903,富邦元宇宙,803,0,803,群益金鼎,2023-07-12,9100
00923,群益台ESG低碳50,916,246,670,群益金鼎,2023-07-12,9100
00900,富邦特選高股息30,621,29,592,群益金鼎,2023-07-12,9100
00892,富邦台灣半導體,589,73,516,群益金鼎,2023-07-12,9100
00927,群益半導體收益,908,411,497,群益金鼎,2023-07-12,9100
3706,神達,643,160,483,群益金鼎,2023-07-12,9100
00896,中信綠能及電動車,419,0,419,群益金鼎,2023-07-12,9100
006208,富邦台50,339,0,339,群益金鼎,2023-07-12,9100
2486,一詮,358,29,329,群益金鼎,2023-07-12,9100
00902,中信電池及儲能,1118,816,302,群益金鼎,2023-07-12,9100
6592,和潤企業,315,21,294,群益金鼎,2023-07-12,9100
00894,中信小資高價30,266,0,266,群益金鼎,2023-07-12,9100
2382,廣達,868,618,250,群益金鼎,2023-07-12,9100
2455,全新,314,68,246,群益金鼎,2023-07-12,9100
00928,中信上櫃ESG30,217,0,217,群益金鼎,2023-07-12,9100
00633L,富邦上証正2,211,0,211,群益金鼎,2023-07-12,9100
1402,遠東新,200,1,199,群益金鼎,2023-07-12,9100
1603,華電,198,0,198,群益金鼎,2023-07-12,9100
2368,金像電,214,20,194,群益金鼎,2023-07-12,9100
1605,華新,208,19,189,群益金鼎,2023-07-12,9100
2618,長榮航,487,298,189,群益金鼎,2023-07-12,9100
1326,台化,176,0,176,群益金鼎,2023-07-12,9100
00733,富邦臺灣中小,198,35,163,群益金鼎,2023-07-12,9100
00674R,期元大S＆P黃金反1,158,0,158,群益金鼎,2023-07-12,9100
00636,國泰中國A50,169,15,154,群益金鼎,2023-07-12,9100
00714,群益道瓊美國地產,151,0,151,群益金鼎,2023-07-12,9100
5289,宜鼎,152,1,151,群益金鼎,2023-07-12,9100
9910,豐泰,150,0,150,群益金鼎,2023-07-12,9100
9904,寶成,163,14,149,群益金鼎,2023-07-12,9100
8210,勤誠,233,85,148,群益金鼎,2023-07-12,9100
3515,華擎,191,48,143,群益金鼎,2023-07-12,9100
3037,欣興,162,23,139,群益金鼎,2023-07-12,9100
6188,廣明,145,16,129,群益金鼎,2023-07-12,9100
2388,威盛,207,94,113,群益金鼎,2023-07-12,9100
2345,智邦,124,12,112,群益金鼎,2023-07-12,9100
2204,中華,124,19,105,群益金鼎,2023-07-12,9100
00665L,富邦�琤肭磪囓�2,108,5,103,群益金鼎,2023-07-12,9100
6182,合晶,116,17,99,群益金鼎,2023-07-12,9100
00637L,元大滬深300正2,13304,17,13287,群益金鼎,2023-07-13,9100
00715L,期街口布蘭特正2,10155,92,10063,群益金鼎,2023-07-13,9100
00893,國泰智能電動車,3877,0,3877,群益金鼎,2023-07-13,9100
00881,國泰台灣5G+,3680,12,3668,群益金鼎,2023-07-13,9100
00900,富邦特選高股息30,3302,260,3042,群益金鼎,2023-07-13,9100
00902,中信電池及儲能,2685,352,2333,群益金鼎,2023-07-13,9100
00919,群益台灣精選高息,2729,529,2200,群益金鼎,2023-07-13,9100
00923,群益台ESG低碳50,2169,63,2106,群益金鼎,2023-07-13,9100
00713,元大台灣高息低波,2115,37,2078,群益金鼎,2023-07-13,9100
00665L,富邦�琤肭磪囓�2,1371,18,1353,群益金鼎,2023-07-13,9100
00894,中信小資高價30,1323,0,1323,群益金鼎,2023-07-13,9100
00878,國泰永續高股息,5755,4438,1317,群益金鼎,2023-07-13,9100
2368,金像電,1268,94,1174,群益金鼎,2023-07-13,9100
00891,中信關鍵半導體,969,5,964,群益金鼎,2023-07-13,9100
00642U,期元大S＆P石油,1005,102,903,群益金鼎,2023-07-13,9100
00633L,富邦上証正2,836,100,736,群益金鼎,2023-07-13,9100
00895,富邦未來車,853,119,734,群益金鼎,2023-07-13,9100
00922,國泰台灣領袖50,851,229,622,群益金鼎,2023-07-13,9100
00896,中信綠能及電動車,556,0,556,群益金鼎,2023-07-13,9100
3481,群創,1209,655,554,群益金鼎,2023-07-13,9100
00687B,國泰20年美債,903,370,533,群益金鼎,2023-07-13,9100
00916,國泰全球品牌50,490,0,490,群益金鼎,2023-07-13,9100
00674R,期元大S＆P黃金反1,402,0,402,群益金鼎,2023-07-13,9100
1402,遠東新,400,0,400,群益金鼎,2023-07-13,9100
00892,富邦台灣半導體,505,117,388,群益金鼎,2023-07-13,9100
00648R,元大S＆P500反1,392,22,370,群益金鼎,2023-07-13,9100
00830,國泰費城半導體,448,100,348,群益金鼎,2023-07-13,9100
3231,緯創,1229,893,336,群益金鼎,2023-07-13,9100
2329,華泰,373,52,321,群益金鼎,2023-07-13,9100
00876,元大全球5G,311,0,311,群益金鼎,2023-07-13,9100
00903,富邦元宇宙,565,259,306,群益金鼎,2023-07-13,9100
00918,大華優利高填息30,306,51,255,群益金鼎,2023-07-13,9100
3260,威剛,262,9,253,群益金鼎,2023-07-13,9100
1519,華城,250,5,245,群益金鼎,2023-07-13,9100
00728,第一金工業30,235,0,235,群益金鼎,2023-07-13,9100
00915,凱基優選高股息30,723,498,225,群益金鼎,2023-07-13,9100
00692,富邦公司治理,425,214,211,群益金鼎,2023-07-13,9100
2486,一詮,191,3,188,群益金鼎,2023-07-13,9100
006208,富邦台50,190,10,180,群益金鼎,2023-07-13,9100
00928,中信上櫃ESG30,173,0,173,群益金鼎,2023-07-13,9100
00651R,復華香港反1,164,0,164,群益金鼎,2023-07-13,9100
2301,光寶科,583,425,158,群益金鼎,2023-07-13,9100
00631L,元大台灣50正2,164,9,155,群益金鼎,2023-07-13,9100
1513,中興電,151,1,150,群益金鼎,2023-07-13,9100
9910,豐泰,150,0,150,群益金鼎,2023-07-13,9100
00908,富邦入息REITs+,138,0,138,群益金鼎,2023-07-13,9100
00685L,群益臺灣加權正2,151,20,131,群益金鼎,2023-07-13,9100
3704,合勤控,149,23,126,群益金鼎,2023-07-13,9100
8114,振樺電,128,2,126,群益金鼎,2023-07-13,9100
2353,宏��,140,21,119,群益金鼎,2023-07-13,9100
00878,國泰永續高股息,21822,189,21633,群益金鼎,2023-07-14,9100
00919,群益台灣精選高息,8328,10,8318,群益金鼎,2023-07-14,9100
00900,富邦特選高股息30,5913,14,5899,群益金鼎,2023-07-14,9100
3231,緯創,4527,97,4430,群益金鼎,2023-07-14,9100
00881,國泰台灣5G+,3975,9,3966,群益金鼎,2023-07-14,9100
00687B,國泰20年美債,3872,3,3869,群益金鼎,2023-07-14,9100
2356,英業達,2811,381,2430,群益金鼎,2023-07-14,9100
2886,兆豐金,2210,175,2035,群益金鼎,2023-07-14,9100
00665L,富邦�琤肭磪囓�2,1758,0,1758,群益金鼎,2023-07-14,9100
00715L,期街口布蘭特正2,1472,2,1470,群益金鼎,2023-07-14,9100
00896,中信綠能及電動車,1343,1,1342,群益金鼎,2023-07-14,9100
4904,遠傳,1352,14,1338,群益金鼎,2023-07-14,9100
00927,群益半導體收益,1479,186,1293,群益金鼎,2023-07-14,9100
00894,中信小資高價30,1268,0,1268,群益金鼎,2023-07-14,9100
00772B,中信高評級公司債,1268,12,1256,群益金鼎,2023-07-14,9100
00893,國泰智能電動車,1205,10,1195,群益金鼎,2023-07-14,9100
00642U,期元大S＆P石油,1175,0,1175,群益金鼎,2023-07-14,9100
00632R,元大台灣50反1,1087,82,1005,群益金鼎,2023-07-14,9100
00830,國泰費城半導體,903,0,903,群益金鼎,2023-07-14,9100
00902,中信電池及儲能,973,100,873,群益金鼎,2023-07-14,9100
00683L,期元大美元指正2,827,0,827,群益金鼎,2023-07-14,9100
00903,富邦元宇宙,801,98,703,群益金鼎,2023-07-14,9100
00669R,國泰美國道瓊反1,1400,700,700,群益金鼎,2023-07-14,9100
00895,富邦未來車,690,2,688,群益金鼎,2023-07-14,9100
00923,群益台ESG低碳50,737,108,629,群益金鼎,2023-07-14,9100
3481,群創,1011,433,578,群益金鼎,2023-07-14,9100
00713,元大台灣高息低波,523,26,497,群益金鼎,2023-07-14,9100
00891,中信關鍵半導體,386,1,385,群益金鼎,2023-07-14,9100
9939,宏全,252,5,247,群益金鼎,2023-07-14,9100
00915,凱基優選高股息30,340,100,240,群益金鼎,2023-07-14,9100
00773B,中信優先金融債,299,75,224,群益金鼎,2023-07-14,9100
00728,第一金工業30,216,0,216,群益金鼎,2023-07-14,9100
00692,富邦公司治理,213,0,213,群益金鼎,2023-07-14,9100
2329,華泰,323,111,212,群益金鼎,2023-07-14,9100
2301,光寶科,905,699,206,群益金鼎,2023-07-14,9100
00645,富邦日本,1202,1001,201,群益金鼎,2023-07-14,9100
00674R,期元大S＆P黃金反1,200,0,200,群益金鼎,2023-07-14,9100
00648R,元大S＆P500反1,199,0,199,群益金鼎,2023-07-14,9100
00795B,中信美國公債20年,275,79,196,群益金鼎,2023-07-14,9100
1503,士電,199,23,176,群益金鼎,2023-07-14,9100
00714,群益道瓊美國地產,162,0,162,群益金鼎,2023-07-14,9100
3380,明泰,328,170,158,群益金鼎,2023-07-14,9100
00912,中信臺灣智慧50,147,0,147,群益金鼎,2023-07-14,9100
2371,大同,216,72,144,群益金鼎,2023-07-14,9100
6239,力成,132,3,129,群益金鼎,2023-07-14,9100
00876,元大全球5G,264,136,128,群益金鼎,2023-07-14,9100
1560,中砂,122,3,119,群益金鼎,2023-07-14,9100
00650L,復華香港正2,271,161,110,群益金鼎,2023-07-14,9100
8027,鈦昇,109,1,108,群益金鼎,2023-07-14,9100
3443,創意,110,2,108,群益金鼎,2023-07-14,9100
00878,國泰永續高股息,8796,31,8765,群益金鼎,2023-07-17,9100
00715L,期街口布蘭特正2,2207,7,2200,群益金鼎,2023-07-17,9100
00919,群益台灣精選高息,2043,11,2032,群益金鼎,2023-07-17,9100
00900,富邦特選高股息30,1769,7,1762,群益金鼎,2023-07-17,9100
00712,復華富時不動產,1203,10,1193,群益金鼎,2023-07-17,9100
00713,元大台灣高息低波,1180,28,1152,群益金鼎,2023-07-17,9100
00893,國泰智能電動車,1059,0,1059,群益金鼎,2023-07-17,9100
00665L,富邦�琤肭磪囓�2,900,30,870,群益金鼎,2023-07-17,9100
6285,啟��,911,59,852,群益金鼎,2023-07-17,9100
00896,中信綠能及電動車,775,0,775,群益金鼎,2023-07-17,9100
00881,國泰台灣5G+,771,13,758,群益金鼎,2023-07-17,9100
00687B,國泰20年美債,694,1,693,群益金鼎,2023-07-17,9100
00637L,元大滬深300正2,800,150,650,群益金鼎,2023-07-17,9100
00669R,國泰美國道瓊反1,972,375,597,群益金鼎,2023-07-17,9100
00642U,期元大S＆P石油,541,0,541,群益金鼎,2023-07-17,9100
00772B,中信高評級公司債,512,2,510,群益金鼎,2023-07-17,9100
2313,華通,507,41,466,群益金鼎,2023-07-17,9100
00902,中信電池及儲能,438,0,438,群益金鼎,2023-07-17,9100
00679B,元大美債20年,418,0,418,群益金鼎,2023-07-17,9100
00923,群益台ESG低碳50,494,148,346,群益金鼎,2023-07-17,9100
00852L,國泰美國道瓊正2,342,0,342,群益金鼎,2023-07-17,9100
00632R,元大台灣50反1,340,0,340,群益金鼎,2023-07-17,9100
0056,元大高股息,529,198,331,群益金鼎,2023-07-17,9100
00773B,中信優先金融債,416,87,329,群益金鼎,2023-07-17,9100
3483,力致,267,0,267,群益金鼎,2023-07-17,9100
8215,明基材,268,11,257,群益金鼎,2023-07-17,9100
00891,中信關鍵半導體,249,0,249,群益金鼎,2023-07-17,9100
00903,富邦元宇宙,278,39,239,群益金鼎,2023-07-17,9100
3481,群創,238,11,227,群益金鼎,2023-07-17,9100
5469,瀚宇博,232,9,223,群益金鼎,2023-07-17,9100
2312,金寶,240,19,221,群益金鼎,2023-07-17,9100
2481,強茂,260,41,219,群益金鼎,2023-07-17,9100
00895,富邦未來車,304,91,213,群益金鼎,2023-07-17,9100
00670L,富邦NASDAQ正2,203,0,203,群益金鼎,2023-07-17,9100
00918,大華優利高填息30,233,32,201,群益金鼎,2023-07-17,9100
2618,長榮航,271,74,197,群益金鼎,2023-07-17,9100
006205,富邦上証,216,20,196,群益金鼎,2023-07-17,9100
5425,台半,201,6,195,群益金鼎,2023-07-17,9100
2301,光寶科,356,197,159,群益金鼎,2023-07-17,9100
4763,材料-KY,173,15,158,群益金鼎,2023-07-17,9100
00714,群益道瓊美國地產,152,0,152,群益金鼎,2023-07-17,9100
00894,中信小資高價30,142,0,142,群益金鼎,2023-07-17,9100
00892,富邦台灣半導體,141,0,141,群益金鼎,2023-07-17,9100
00927,群益半導體收益,308,171,137,群益金鼎,2023-07-17,9100
00862B,中信投資級公司債,408,280,128,群益金鼎,2023-07-17,9100
00909,國泰數位支付服務,177,50,127,群益金鼎,2023-07-17,9100
1590,亞德客-KY,124,0,124,群益金鼎,2023-07-17,9100
00636,國泰中國A50,173,49,124,群益金鼎,2023-07-17,9100
00738U,期元大道瓊白銀,115,0,115,群益金鼎,2023-07-17,9100
8027,鈦昇,116,1,115,群益金鼎,2023-07-17,9100
00919,群益台灣精選高息,4402,466,3936,群益金鼎,2023-07-18,9100
00830,國泰費城半導體,2915,60,2855,群益金鼎,2023-07-18,9100
00878,國泰永續高股息,4729,2005,2724,群益金鼎,2023-07-18,9100
00885,富邦越南,1522,0,1522,群益金鼎,2023-07-18,9100
6191,精成科,1459,20,1439,群益金鼎,2023-07-18,9100
00902,中信電池及儲能,1678,301,1377,群益金鼎,2023-07-18,9100
00876,元大全球5G,1370,1,1369,群益金鼎,2023-07-18,9100
2347,聯強,1374,36,1338,群益金鼎,2023-07-18,9100
6182,合晶,1341,4,1337,群益金鼎,2023-07-18,9100
2449,京元電子,1312,276,1036,群益金鼎,2023-07-18,9100
1402,遠東新,1009,1,1008,群益金鼎,2023-07-18,9100
00900,富邦特選高股息30,2433,1516,917,群益金鼎,2023-07-18,9100
6187,萬潤,828,40,788,群益金鼎,2023-07-18,9100
00713,元大台灣高息低波,650,16,634,群益金鼎,2023-07-18,9100
00895,富邦未來車,632,0,632,群益金鼎,2023-07-18,9100
2492,華新科,531,1,530,群益金鼎,2023-07-18,9100
00881,國泰台灣5G+,513,3,510,群益金鼎,2023-07-18,9100
00671R,富邦NASDAQ反1,499,0,499,群益金鼎,2023-07-18,9100
00923,群益台ESG低碳50,493,25,468,群益金鼎,2023-07-18,9100
00893,國泰智能電動車,495,42,453,群益金鼎,2023-07-18,9100
2891,中信金,370,2,368,群益金鼎,2023-07-18,9100
2324,仁寶,567,200,367,群益金鼎,2023-07-18,9100
2707,晶華,367,0,367,群益金鼎,2023-07-18,9100
3231,緯創,444,123,321,群益金鼎,2023-07-18,9100
1722,台肥,301,1,300,群益金鼎,2023-07-18,9100
00908,富邦入息REITs+,300,0,300,群益金鼎,2023-07-18,9100
2353,宏��,625,363,262,群益金鼎,2023-07-18,9100
2317,鴻海,301,40,261,群益金鼎,2023-07-18,9100
2376,技嘉,451,193,258,群益金鼎,2023-07-18,9100
3022,威強電,243,6,237,群益金鼎,2023-07-18,9100
8201,無敵,236,0,236,群益金鼎,2023-07-18,9100
9939,宏全,211,2,209,群益金鼎,2023-07-18,9100
00903,富邦元宇宙,203,1,202,群益金鼎,2023-07-18,9100
00915,凱基優選高股息30,342,165,177,群益金鼎,2023-07-18,9100
00669R,國泰美國道瓊反1,500,348,152,群益金鼎,2023-07-18,9100
00650L,復華香港正2,364,215,149,群益金鼎,2023-07-18,9100
2881,富邦金,165,16,149,群益金鼎,2023-07-18,9100
00926,凱基全球菁英55,144,0,144,群益金鼎,2023-07-18,9100
3033,威健,176,51,125,群益金鼎,2023-07-18,9100
2610,華航,159,40,119,群益金鼎,2023-07-18,9100
3037,欣興,212,93,119,群益金鼎,2023-07-18,9100
6161,捷波,122,7,115,群益金鼎,2023-07-18,9100
00909,國泰數位支付服務,108,1,107,群益金鼎,2023-07-18,9100
4768,晶呈科技,102,1,101,群益金鼎,2023-07-18,9100
3596,智易,102,2,100,群益金鼎,2023-07-18,9100
6279,胡連,92,4,88,群益金鼎,2023-07-18,9100
3189,景碩,100,13,87,群益金鼎,2023-07-18,9100
00697B,元大美債7-10,80,2,78,群益金鼎,2023-07-18,9100
1905,華紙,73,1,72,群益金鼎,2023-07-18,9100
2458,義隆,71,0,71,群益金鼎,2023-07-18,9100
00878,國泰永續高股息,12788,564,12224,群益金鼎,2023-07-19,9100
00919,群益台灣精選高息,2257,277,1980,群益金鼎,2023-07-19,9100
00881,國泰台灣5G+,1429,1,1428,群益金鼎,2023-07-19,9100
2886,兆豐金,1001,1,1000,群益金鼎,2023-07-19,9100
00927,群益半導體收益,1009,35,974,群益金鼎,2023-07-19,9100
00902,中信電池及儲能,1177,209,968,群益金鼎,2023-07-19,9100
00900,富邦特選高股息30,965,1,964,群益金鼎,2023-07-19,9100
00830,國泰費城半導體,968,120,848,群益金鼎,2023-07-19,9100
00876,元大全球5G,641,1,640,群益金鼎,2023-07-19,9100
3706,神達,1008,406,602,群益金鼎,2023-07-19,9100
00903,富邦元宇宙,554,0,554,群益金鼎,2023-07-19,9100
00896,中信綠能及電動車,533,4,529,群益金鼎,2023-07-19,9100
00907,永豐優息存股,504,1,503,群益金鼎,2023-07-19,9100
00671R,富邦NASDAQ反1,499,0,499,群益金鼎,2023-07-19,9100
00915,凱基優選高股息30,529,102,427,群益金鼎,2023-07-19,9100
00891,中信關鍵半導體,442,32,410,群益金鼎,2023-07-19,9100
00772B,中信高評級公司債,407,1,406,群益金鼎,2023-07-19,9100
00728,第一金工業30,387,0,387,群益金鼎,2023-07-19,9100
2421,建準,465,81,384,群益金鼎,2023-07-19,9100
00692,富邦公司治理,420,39,381,群益金鼎,2023-07-19,9100
00713,元大台灣高息低波,498,150,348,群益金鼎,2023-07-19,9100
00923,群益台ESG低碳50,671,326,345,群益金鼎,2023-07-19,9100
2371,大同,391,62,329,群益金鼎,2023-07-19,9100
006208,富邦台50,300,0,300,群益金鼎,2023-07-19,9100
4768,晶呈科技,288,2,286,群益金鼎,2023-07-19,9100
3037,欣興,532,286,246,群益金鼎,2023-07-19,9100
00635U,期元大S＆P黃金,238,0,238,群益金鼎,2023-07-19,9100
2301,光寶科,258,47,211,群益金鼎,2023-07-19,9100
00657,國泰日經225,518,312,206,群益金鼎,2023-07-19,9100
1326,台化,200,1,199,群益金鼎,2023-07-19,9100
2352,佳世達,243,52,191,群益金鼎,2023-07-19,9100
00715L,期街口布蘭特正2,193,15,178,群益金鼎,2023-07-19,9100
5457,宣德,265,88,177,群益金鼎,2023-07-19,9100
00733,富邦臺灣中小,220,47,173,群益金鼎,2023-07-19,9100
5009,榮剛,178,16,162,群益金鼎,2023-07-19,9100
1905,華紙,142,1,141,群益金鼎,2023-07-19,9100
0050,元大台灣50,175,38,137,群益金鼎,2023-07-19,9100
2027,大成鋼,137,0,137,群益金鼎,2023-07-19,9100
00892,富邦台灣半導體,132,0,132,群益金鼎,2023-07-19,9100
2376,技嘉,242,114,128,群益金鼎,2023-07-19,9100
1210,大成,115,4,111,群益金鼎,2023-07-19,9100
2324,仁寶,172,64,108,群益金鼎,2023-07-19,9100
2377,微星,127,27,100,群益金鼎,2023-07-19,9100
00687B,國泰20年美債,96,3,93,群益金鼎,2023-07-19,9100
4175,杏一,90,2,88,群益金鼎,2023-07-19,9100
00764B,群益25年美債,337,251,86,群益金鼎,2023-07-19,9100
00645,富邦日本,670,586,84,群益金鼎,2023-07-19,9100
3105,穩懋,95,12,83,群益金鼎,2023-07-19,9100
00639,富邦深100,151,71,80,群益金鼎,2023-07-19,9100
00864B,中信美國公債0-1,105,25,80,群益金鼎,2023-07-19,9100
00878,國泰永續高股息,3013,128,2885,群益金鼎,2023-07-20,9100
00923,群益台ESG低碳50,2897,605,2292,群益金鼎,2023-07-20,9100
00902,中信電池及儲能,1618,0,1618,群益金鼎,2023-07-20,9100
00687B,國泰20年美債,1620,12,1608,群益金鼎,2023-07-20,9100
3044,健鼎,1269,49,1220,群益金鼎,2023-07-20,9100
00665L,富邦�琤肭磪囓�2,1075,115,960,群益金鼎,2023-07-20,9100
00772B,中信高評級公司債,870,0,870,群益金鼎,2023-07-20,9100
00795B,中信美國公債20年,906,150,756,群益金鼎,2023-07-20,9100
00881,國泰台灣5G+,675,0,675,群益金鼎,2023-07-20,9100
6285,啟��,673,30,643,群益金鼎,2023-07-20,9100
2356,英業達,668,29,639,群益金鼎,2023-07-20,9100
00669R,國泰美國道瓊反1,1000,562,438,群益金鼎,2023-07-20,9100
3706,神達,434,22,412,群益金鼎,2023-07-20,9100
00686R,群益臺灣加權反1,400,0,400,群益金鼎,2023-07-20,9100
3231,緯創,469,131,338,群益金鼎,2023-07-20,9100
00893,國泰智能電動車,1135,800,335,群益金鼎,2023-07-20,9100
00896,中信綠能及電動車,330,0,330,群益金鼎,2023-07-20,9100
00876,元大全球5G,330,3,327,群益金鼎,2023-07-20,9100
00908,富邦入息REITs+,383,61,322,群益金鼎,2023-07-20,9100
1326,台化,300,0,300,群益金鼎,2023-07-20,9100
1795,美時,314,17,297,群益金鼎,2023-07-20,9100
2323,中環,285,0,285,群益金鼎,2023-07-20,9100
1503,士電,295,11,284,群益金鼎,2023-07-20,9100
00728,第一金工業30,275,0,275,群益金鼎,2023-07-20,9100
00692,富邦公司治理,270,0,270,群益金鼎,2023-07-20,9100
00639,富邦深100,260,20,240,群益金鼎,2023-07-20,9100
00927,群益半導體收益,238,28,210,群益金鼎,2023-07-20,9100
00688L,國泰20年美債正2,208,3,205,群益金鼎,2023-07-20,9100
2634,漢翔,208,4,204,群益金鼎,2023-07-20,9100
2206,三陽工業,210,9,201,群益金鼎,2023-07-20,9100
3141,晶宏,201,14,187,群益金鼎,2023-07-20,9100
5457,宣德,151,8,143,群益金鼎,2023-07-20,9100
00891,中信關鍵半導體,140,0,140,群益金鼎,2023-07-20,9100
1210,大成,144,5,139,群益金鼎,2023-07-20,9100
8210,勤誠,150,22,128,群益金鼎,2023-07-20,9100
00915,凱基優選高股息30,165,49,116,群益金鼎,2023-07-20,9100
6227,茂綸,114,0,114,群益金鼎,2023-07-20,9100
1514,亞力,122,11,111,群益金鼎,2023-07-20,9100
00892,富邦台灣半導體,111,0,111,群益金鼎,2023-07-20,9100
8358,金居,106,1,105,群益金鼎,2023-07-20,9100
2388,威盛,112,13,99,群益金鼎,2023-07-20,9100
4953,緯軟,99,1,98,群益金鼎,2023-07-20,9100
6112,邁達特,105,10,95,群益金鼎,2023-07-20,9100
00930,永豐ESG低碳高息,109,14,95,群益金鼎,2023-07-20,9100
00900,富邦特選高股息30,93,0,93,群益金鼎,2023-07-20,9100
00713,元大台灣高息低波,141,48,93,群益金鼎,2023-07-20,9100
8086,宏捷科,90,4,86,群益金鼎,2023-07-20,9100
5351,鈺創,105,21,84,群益金鼎,2023-07-20,9100
2312,金寶,201,123,78,群益金鼎,2023-07-20,9100
00899,FT潔淨能源,86,10,76,群益金鼎,2023-07-20,9100
00878,國泰永續高股息,6261,1027,5234,群益金鼎,2023-07-21,9100
00632R,元大台灣50反1,4806,52,4754,群益金鼎,2023-07-21,9100
00637L,元大滬深300正2,3283,72,3211,群益金鼎,2023-07-21,9100
3231,緯創,2021,21,2000,群益金鼎,2023-07-21,9100
00642U,期元大S＆P石油,1567,0,1567,群益金鼎,2023-07-21,9100
00881,國泰台灣5G+,1331,0,1331,群益金鼎,2023-07-21,9100
00876,元大全球5G,1187,9,1178,群益金鼎,2023-07-21,9100
00715L,期街口布蘭特正2,777,1,776,群益金鼎,2023-07-21,9100
00712,復華富時不動產,699,2,697,群益金鼎,2023-07-21,9100
00713,元大台灣高息低波,599,36,563,群益金鼎,2023-07-21,9100
2376,技嘉,585,85,500,群益金鼎,2023-07-21,9100
1102,亞泥,416,2,414,群益金鼎,2023-07-21,9100
2329,華泰,597,207,390,群益金鼎,2023-07-21,9100
2301,光寶科,641,294,347,群益金鼎,2023-07-21,9100
2344,華邦電,345,8,337,群益金鼎,2023-07-21,9100
3017,奇鋐,355,54,301,群益金鼎,2023-07-21,9100
2382,廣達,429,132,297,群益金鼎,2023-07-21,9100
00919,群益台灣精選高息,606,328,278,群益金鼎,2023-07-21,9100
2330,台積電,279,21,258,群益金鼎,2023-07-21,9100
1605,華新,312,60,252,群益金鼎,2023-07-21,9100
2618,長榮航,323,72,251,群益金鼎,2023-07-21,9100
00892,富邦台灣半導體,236,0,236,群益金鼎,2023-07-21,9100
3706,神達,292,58,234,群益金鼎,2023-07-21,9100
00728,第一金工業30,232,0,232,群益金鼎,2023-07-21,9100
2356,英業達,403,173,230,群益金鼎,2023-07-21,9100
9938,百和,230,0,230,群益金鼎,2023-07-21,9100
00923,群益台ESG低碳50,312,92,220,群益金鼎,2023-07-21,9100
6770,力積電,221,11,210,群益金鼎,2023-07-21,9100
2412,中華電,200,0,200,群益金鼎,2023-07-21,9100
1326,台化,200,0,200,群益金鼎,2023-07-21,9100
1722,台肥,191,1,190,群益金鼎,2023-07-21,9100
00687B,國泰20年美債,187,0,187,群益金鼎,2023-07-21,9100
00900,富邦特選高股息30,192,5,187,群益金鼎,2023-07-21,9100
2421,建準,257,72,185,群益金鼎,2023-07-21,9100
00925,新光標普電動車,165,0,165,群益金鼎,2023-07-21,9100
1210,大成,165,13,152,群益金鼎,2023-07-21,9100
00725B,國泰投資級公司債,200,50,150,群益金鼎,2023-07-21,9100
2388,威盛,175,26,149,群益金鼎,2023-07-21,9100
2419,仲琦,154,6,148,群益金鼎,2023-07-21,9100
1504,東元,197,51,146,群益金鼎,2023-07-21,9100
3324,雙鴻,169,36,133,群益金鼎,2023-07-21,9100
3035,智原,360,230,130,群益金鼎,2023-07-21,9100
00773B,中信優先金融債,206,80,126,群益金鼎,2023-07-21,9100
00896,中信綠能及電動車,125,0,125,群益金鼎,2023-07-21,9100
00922,國泰台灣領袖50,554,434,120,群益金鼎,2023-07-21,9100
00893,國泰智能電動車,1083,971,112,群益金鼎,2023-07-21,9100
9951,皇田,110,0,110,群益金鼎,2023-07-21,9100
00733,富邦臺灣中小,150,43,107,群益金鼎,2023-07-21,9100
5340,建榮,117,12,105,群益金鼎,2023-07-21,9100
4915,致伸,114,10,104,群益金鼎,2023-07-21,9100
00878,國泰永續高股息,11919,416,11503,群益金鼎,2023-07-24,9100
00632R,元大台灣50反1,7708,35,7673,群益金鼎,2023-07-24,9100
00881,國泰台灣5G+,1331,0,1331,群益金鼎,2023-07-24,9100
00900,富邦特選高股息30,1216,5,1211,群益金鼎,2023-07-24,9100
00893,國泰智能電動車,1392,508,884,群益金鼎,2023-07-24,9100
2301,光寶科,987,156,831,群益金鼎,2023-07-24,9100
00902,中信電池及儲能,822,25,797,群益金鼎,2023-07-24,9100
3231,緯創,801,55,746,群益金鼎,2023-07-24,9100
00642U,期元大S＆P石油,490,0,490,群益金鼎,2023-07-24,9100
00876,元大全球5G,565,79,486,群益金鼎,2023-07-24,9100
00671R,富邦NASDAQ反1,465,0,465,群益金鼎,2023-07-24,9100
00923,群益台ESG低碳50,801,347,454,群益金鼎,2023-07-24,9100
00919,群益台灣精選高息,1923,1486,437,群益金鼎,2023-07-24,9100
00715L,期街口布蘭特正2,411,17,394,群益金鼎,2023-07-24,9100
00713,元大台灣高息低波,437,54,383,群益金鼎,2023-07-24,9100
2887,台新金,390,25,365,群益金鼎,2023-07-24,9100
3037,欣興,403,51,352,群益金鼎,2023-07-24,9100
00894,中信小資高價30,339,0,339,群益金鼎,2023-07-24,9100
00895,富邦未來車,623,308,315,群益金鼎,2023-07-24,9100
00922,國泰台灣領袖50,307,0,307,群益金鼎,2023-07-24,9100
2376,技嘉,476,170,306,群益金鼎,2023-07-24,9100
00830,國泰費城半導體,362,74,288,群益金鼎,2023-07-24,9100
2368,金像電,343,85,258,群益金鼎,2023-07-24,9100
2382,廣達,494,245,249,群益金鼎,2023-07-24,9100
00852L,國泰美國道瓊正2,248,2,246,群益金鼎,2023-07-24,9100
6282,康舒,316,73,243,群益金鼎,2023-07-24,9100
5452,佶優,245,8,237,群益金鼎,2023-07-24,9100
3035,智原,612,383,229,群益金鼎,2023-07-24,9100
2371,大同,243,36,207,群益金鼎,2023-07-24,9100
00896,中信綠能及電動車,202,0,202,群益金鼎,2023-07-24,9100
2303,聯電,232,42,190,群益金鼎,2023-07-24,9100
00714,群益道瓊美國地產,181,0,181,群益金鼎,2023-07-24,9100
5009,榮剛,236,57,179,群益金鼎,2023-07-24,9100
6274,台燿,873,710,163,群益金鼎,2023-07-24,9100
2421,建準,319,162,157,群益金鼎,2023-07-24,9100
00643,群益深証中小,157,0,157,群益金鼎,2023-07-24,9100
2353,宏��,273,119,154,群益金鼎,2023-07-24,9100
3017,奇鋐,217,66,151,群益金鼎,2023-07-24,9100
2357,華碩,208,62,146,群益金鼎,2023-07-24,9100
5457,宣德,178,33,145,群益金鼎,2023-07-24,9100
00917,中信特選金融,539,402,137,群益金鼎,2023-07-24,9100
2313,華通,140,7,133,群益金鼎,2023-07-24,9100
2455,全新,217,92,125,群益金鼎,2023-07-24,9100
3324,雙鴻,338,218,120,群益金鼎,2023-07-24,9100
6179,亞通,113,2,111,群益金鼎,2023-07-24,9100
00899,FT潔淨能源,103,0,103,群益金鼎,2023-07-24,9100
9910,豐泰,122,22,100,群益金鼎,2023-07-24,9100
00926,凱基全球菁英55,100,0,100,群益金鼎,2023-07-24,9100
4906,正文,130,40,90,群益金鼎,2023-07-24,9100
00912,中信臺灣智慧50,89,0,89,群益金鼎,2023-07-24,9100
00637L,元大滬深300正2,19830,126,19704,群益金鼎,2023-07-25,9100
00902,中信電池及儲能,3743,0,3743,群益金鼎,2023-07-25,9100
00632R,元大台灣50反1,2781,0,2781,群益金鼎,2023-07-25,9100
00665L,富邦�琤肭磪囓�2,2272,20,2252,群益金鼎,2023-07-25,9100
00881,國泰台灣5G+,1971,6,1965,群益金鼎,2023-07-25,9100
00715L,期街口布蘭特正2,1800,0,1800,群益金鼎,2023-07-25,9100
00633L,富邦上証正2,1756,100,1656,群益金鼎,2023-07-25,9100
00642U,期元大S＆P石油,909,0,909,群益金鼎,2023-07-25,9100
2887,台新金,808,0,808,群益金鼎,2023-07-25,9100
00669R,國泰美國道瓊反1,759,3,756,群益金鼎,2023-07-25,9100
3056,富華新,710,0,710,群益金鼎,2023-07-25,9100
00893,國泰智能電動車,676,0,676,群益金鼎,2023-07-25,9100
00636,國泰中國A50,780,158,622,群益金鼎,2023-07-25,9100
2317,鴻海,648,72,576,群益金鼎,2023-07-25,9100
1504,東元,545,63,482,群益金鼎,2023-07-25,9100
2312,金寶,481,16,465,群益金鼎,2023-07-25,9100
00773B,中信優先金融債,499,76,423,群益金鼎,2023-07-25,9100
2360,致茂,381,21,360,群益金鼎,2023-07-25,9100
00905,FT臺灣Smart,358,0,358,群益金鼎,2023-07-25,9100
00923,群益台ESG低碳50,488,141,347,群益金鼎,2023-07-25,9100
00908,富邦入息REITs+,355,8,347,群益金鼎,2023-07-25,9100
00917,中信特選金融,305,0,305,群益金鼎,2023-07-25,9100
00651R,復華香港反1,300,2,298,群益金鼎,2023-07-25,9100
00900,富邦特選高股息30,289,10,279,群益金鼎,2023-07-25,9100
3231,緯創,941,668,273,群益金鼎,2023-07-25,9100
00861,元大全球未來通訊,255,0,255,群益金鼎,2023-07-25,9100
3035,智原,259,17,242,群益金鼎,2023-07-25,9100
2884,玉山金,240,11,229,群益金鼎,2023-07-25,9100
00926,凱基全球菁英55,200,0,200,群益金鼎,2023-07-25,9100
2383,台光電,212,25,187,群益金鼎,2023-07-25,9100
00876,元大全球5G,175,0,175,群益金鼎,2023-07-25,9100
00714,群益道瓊美國地產,298,127,171,群益金鼎,2023-07-25,9100
2408,南亞科,158,4,154,群益金鼎,2023-07-25,9100
0056,元大高股息,307,173,134,群益金鼎,2023-07-25,9100
8358,金居,214,80,134,群益金鼎,2023-07-25,9100
00657,國泰日經225,226,106,120,群益金鼎,2023-07-25,9100
1560,中砂,139,23,116,群益金鼎,2023-07-25,9100
00697B,元大美債7-10,111,0,111,群益金鼎,2023-07-25,9100
00640L,富邦日本正2,109,0,109,群益金鼎,2023-07-25,9100
00896,中信綠能及電動車,107,0,107,群益金鼎,2023-07-25,9100
5425,台半,142,39,103,群益金鼎,2023-07-25,9100
00903,富邦元宇宙,200,100,100,群益金鼎,2023-07-25,9100
0052,富邦科技,148,51,97,群益金鼎,2023-07-25,9100
4306,炎洲,90,0,90,群益金鼎,2023-07-25,9100
2392,正崴,90,0,90,群益金鼎,2023-07-25,9100
00668,國泰美國道瓊,87,0,87,群益金鼎,2023-07-25,9100
00895,富邦未來車,74,0,74,群益金鼎,2023-07-25,9100
00639,富邦深100,71,0,71,群益金鼎,2023-07-25,9100
3059,華晶科,67,0,67,群益金鼎,2023-07-25,9100
00762,元大全球AI,64,0,64,群益金鼎,2023-07-25,9100
00902,中信電池及儲能,8153,805,7348,群益金鼎,2023-07-26,9100
00878,國泰永續高股息,5863,213,5650,群益金鼎,2023-07-26,9100
00715L,期街口布蘭特正2,3075,10,3065,群益金鼎,2023-07-26,9100
00637L,元大滬深300正2,1586,50,1536,群益金鼎,2023-07-26,9100
2888,新光金,1501,315,1186,群益金鼎,2023-07-26,9100
00665L,富邦�琤肭磪囓�2,1166,11,1155,群益金鼎,2023-07-26,9100
00893,國泰智能電動車,1079,0,1079,群益金鼎,2023-07-26,9100
00642U,期元大S＆P石油,750,0,750,群益金鼎,2023-07-26,9100
6538,倉和,696,3,693,群益金鼎,2023-07-26,9100
2303,聯電,562,13,549,群益金鼎,2023-07-26,9100
00881,國泰台灣5G+,522,8,514,群益金鼎,2023-07-26,9100
2886,兆豐金,500,4,496,群益金鼎,2023-07-26,9100
00830,國泰費城半導體,809,320,489,群益金鼎,2023-07-26,9100
6282,康舒,500,43,457,群益金鼎,2023-07-26,9100
2609,陽明,442,13,429,群益金鼎,2023-07-26,9100
00773B,中信優先金融債,480,90,390,群益金鼎,2023-07-26,9100
3231,緯創,812,427,385,群益金鼎,2023-07-26,9100
00896,中信綠能及電動車,316,1,315,群益金鼎,2023-07-26,9100
3056,富華新,301,0,301,群益金鼎,2023-07-26,9100
00650L,復華香港正2,578,280,298,群益金鼎,2023-07-26,9100
00908,富邦入息REITs+,240,0,240,群益金鼎,2023-07-26,9100
6112,邁達特,268,29,239,群益金鼎,2023-07-26,9100
2385,群光,260,23,237,群益金鼎,2023-07-26,9100
00686R,群益臺灣加權反1,231,0,231,群益金鼎,2023-07-26,9100
00633L,富邦上証正2,213,1,212,群益金鼎,2023-07-26,9100
5351,鈺創,197,2,195,群益金鼎,2023-07-26,9100
8390,金益鼎,195,19,176,群益金鼎,2023-07-26,9100
00683L,期元大美元指正2,167,0,167,群益金鼎,2023-07-26,9100
00636,國泰中國A50,285,118,167,群益金鼎,2023-07-26,9100
2603,長榮,209,43,166,群益金鼎,2023-07-26,9100
8028,昇陽半導體,185,22,163,群益金鼎,2023-07-26,9100
00918,大華優利高填息30,166,6,160,群益金鼎,2023-07-26,9100
3029,零壹,177,21,156,群益金鼎,2023-07-26,9100
00910,第一金太空衛星,165,10,155,群益金鼎,2023-07-26,9100
00666R,富邦�琤肭磪齯�1,150,0,150,群益金鼎,2023-07-26,9100
3481,群創,119,5,114,群益金鼎,2023-07-26,9100
3059,華晶科,130,19,111,群益金鼎,2023-07-26,9100
3666,光耀,106,0,106,群益金鼎,2023-07-26,9100
1560,中砂,127,25,102,群益金鼎,2023-07-26,9100
00640L,富邦日本正2,100,0,100,群益金鼎,2023-07-26,9100
00892,富邦台灣半導體,100,0,100,群益金鼎,2023-07-26,9100
2471,資通,98,1,97,群益金鼎,2023-07-26,9100
00900,富邦特選高股息30,98,2,96,群益金鼎,2023-07-26,9100
2515,中工,100,4,96,群益金鼎,2023-07-26,9100
2376,技嘉,391,302,89,群益金鼎,2023-07-26,9100
8069,元太,85,2,83,群益金鼎,2023-07-26,9100
2388,威盛,118,36,82,群益金鼎,2023-07-26,9100
2453,凌群,85,4,81,群益金鼎,2023-07-26,9100
6213,聯茂,308,227,81,群益金鼎,2023-07-26,9100
00753L,中信中國50正2,75,0,75,群益金鼎,2023-07-26,9100
00637L,元大滬深300正2,5013,23,4990,群益金鼎,2023-07-27,9100
00665L,富邦�琤肭磪囓�2,3628,27,3601,群益金鼎,2023-07-27,9100
2888,新光金,1757,749,1008,群益金鼎,2023-07-27,9100
3481,群創,969,121,848,群益金鼎,2023-07-27,9100
00636,國泰中國A50,1032,266,766,群益金鼎,2023-07-27,9100
2609,陽明,743,6,737,群益金鼎,2023-07-27,9100
00632R,元大台灣50反1,605,1,604,群益金鼎,2023-07-27,9100
6282,康舒,972,418,554,群益金鼎,2023-07-27,9100
2027,大成鋼,518,11,507,群益金鼎,2023-07-27,9100
00671R,富邦NASDAQ反1,499,0,499,群益金鼎,2023-07-27,9100
2748,雲品,410,3,407,群益金鼎,2023-07-27,9100
6116,彩晶,451,66,385,群益金鼎,2023-07-27,9100
1802,台玻,667,323,344,群益金鼎,2023-07-27,9100
00881,國泰台灣5G+,667,350,317,群益金鼎,2023-07-27,9100
00876,元大全球5G,310,2,308,群益金鼎,2023-07-27,9100
00893,國泰智能電動車,401,100,301,群益金鼎,2023-07-27,9100
1319,東陽,277,8,269,群益金鼎,2023-07-27,9100
00642U,期元大S＆P石油,261,0,261,群益金鼎,2023-07-27,9100
6112,邁達特,234,3,231,群益金鼎,2023-07-27,9100
2606,裕民,251,23,228,群益金鼎,2023-07-27,9100
3163,波若威,271,66,205,群益金鼎,2023-07-27,9100
00633L,富邦上証正2,202,0,202,群益金鼎,2023-07-27,9100
00861,元大全球未來通訊,193,0,193,群益金鼎,2023-07-27,9100
3056,富華新,176,0,176,群益金鼎,2023-07-27,9100
2498,宏達電,186,20,166,群益金鼎,2023-07-27,9100
2610,華航,212,48,164,群益金鼎,2023-07-27,9100
00650L,復華香港正2,157,3,154,群益金鼎,2023-07-27,9100
00683L,期元大美元指正2,150,0,150,群益金鼎,2023-07-27,9100
2618,長榮航,192,45,147,群益金鼎,2023-07-27,9100
8358,金居,443,305,138,群益金鼎,2023-07-27,9100
00648R,元大S＆P500反1,135,0,135,群益金鼎,2023-07-27,9100
9938,百和,132,0,132,群益金鼎,2023-07-27,9100
3014,聯陽,134,4,130,群益金鼎,2023-07-27,9100
00657,國泰日經225,298,169,129,群益金鼎,2023-07-27,9100
2312,金寶,142,14,128,群益金鼎,2023-07-27,9100
6133,金橋,125,0,125,群益金鼎,2023-07-27,9100
3029,零壹,227,107,120,群益金鼎,2023-07-27,9100
2330,台積電,116,2,114,群益金鼎,2023-07-27,9100
1905,華紙,171,57,114,群益金鼎,2023-07-27,9100
1519,華城,108,0,108,群益金鼎,2023-07-27,9100
2881,富邦金,109,3,106,群益金鼎,2023-07-27,9100
1904,正隆,131,25,106,群益金鼎,2023-07-27,9100
00909,國泰數位支付服務,108,5,103,群益金鼎,2023-07-27,9100
00651R,復華香港反1,97,0,97,群益金鼎,2023-07-27,9100
2329,華泰,103,15,88,群益金鼎,2023-07-27,9100
8069,元太,90,3,87,群益金鼎,2023-07-27,9100
3006,晶豪科,86,8,78,群益金鼎,2023-07-27,9100
2481,強茂,76,2,74,群益金鼎,2023-07-27,9100
2382,廣達,472,402,70,群益金鼎,2023-07-27,9100
4746,台耀,77,7,70,群益金鼎,2023-07-27,9100
00878,國泰永續高股息,8679,90,8589,群益金鼎,2023-07-28,9100
00830,國泰費城半導體,5188,672,4516,群益金鼎,2023-07-28,9100
00637L,元大滬深300正2,4580,71,4509,群益金鼎,2023-07-28,9100
00882,中信中國高股息,3204,0,3204,群益金鼎,2023-07-28,9100
00893,國泰智能電動車,2039,100,1939,群益金鼎,2023-07-28,9100
00648R,元大S＆P500反1,1889,0,1889,群益金鼎,2023-07-28,9100
00665L,富邦�琤肭磪囓�2,1600,24,1576,群益金鼎,2023-07-28,9100
00881,國泰台灣5G+,1566,0,1566,群益金鼎,2023-07-28,9100
2301,光寶科,2180,747,1433,群益金鼎,2023-07-28,9100
00671R,富邦NASDAQ反1,1010,0,1010,群益金鼎,2023-07-28,9100
2886,兆豐金,856,2,854,群益金鼎,2023-07-28,9100
00683L,期元大美元指正2,695,150,545,群益金鼎,2023-07-28,9100
00650L,復華香港正2,649,150,499,群益金鼎,2023-07-28,9100
00633L,富邦上証正2,613,141,472,群益金鼎,2023-07-28,9100
00903,富邦元宇宙,471,0,471,群益金鼎,2023-07-28,9100
00891,中信關鍵半導體,427,2,425,群益金鼎,2023-07-28,9100
00895,富邦未來車,530,109,421,群益金鼎,2023-07-28,9100
2748,雲品,413,37,376,群益金鼎,2023-07-28,9100
00917,中信特選金融,420,100,320,群益金鼎,2023-07-28,9100
2330,台積電,311,2,309,群益金鼎,2023-07-28,9100
1305,華夏,301,0,301,群益金鼎,2023-07-28,9100
00762,元大全球AI,289,0,289,群益金鼎,2023-07-28,9100
2382,廣達,469,185,284,群益金鼎,2023-07-28,9100
00852L,國泰美國道瓊正2,361,80,281,群益金鼎,2023-07-28,9100
00636,國泰中國A50,299,32,267,群益金鼎,2023-07-28,9100
00657,國泰日經225,665,403,262,群益金鼎,2023-07-28,9100
3231,緯創,1375,1116,259,群益金鼎,2023-07-28,9100
2371,大同,267,17,250,群益金鼎,2023-07-28,9100
00876,元大全球5G,345,100,245,群益金鼎,2023-07-28,9100
2913,農林,290,61,229,群益金鼎,2023-07-28,9100
3056,富華新,216,1,215,群益金鼎,2023-07-28,9100
4977,眾達-KY,202,1,201,群益金鼎,2023-07-28,9100
00651R,復華香港反1,196,0,196,群益金鼎,2023-07-28,9100
8358,金居,213,23,190,群益金鼎,2023-07-28,9100
00861,元大全球未來通訊,220,31,189,群益金鼎,2023-07-28,9100
00642U,期元大S＆P石油,171,0,171,群益金鼎,2023-07-28,9100
00697B,元大美債7-10,201,33,168,群益金鼎,2023-07-28,9100
2408,南亞科,190,26,164,群益金鼎,2023-07-28,9100
1210,大成,163,4,159,群益金鼎,2023-07-28,9100
3163,波若威,188,35,153,群益金鼎,2023-07-28,9100
2603,長榮,186,37,149,群益金鼎,2023-07-28,9100
3581,博磊,151,8,143,群益金鼎,2023-07-28,9100
9938,百和,137,2,135,群益金鼎,2023-07-28,9100
3092,鴻碩,133,1,132,群益金鼎,2023-07-28,9100
1102,亞泥,123,4,119,群益金鼎,2023-07-28,9100
3260,威剛,148,29,119,群益金鼎,2023-07-28,9100
3035,智原,159,42,117,群益金鼎,2023-07-28,9100
00631L,元大台灣50正2,115,0,115,群益金鼎,2023-07-28,9100
00682U,期元大美元指數,106,0,106,群益金鼎,2023-07-28,9100
00923,群益台ESG低碳50,172,71,101,群益金鼎,2023-07-28,9100
00637L,元大滬深300正2,8910,40,8870,群益金鼎,2023-07-31,9100
00632R,元大台灣50反1,8884,836,8048,群益金鼎,2023-07-31,9100
00882,中信中國高股息,7148,5,7143,群益金鼎,2023-07-31,9100
00893,國泰智能電動車,2729,101,2628,群益金鼎,2023-07-31,9100
00665L,富邦�琤肭磪囓�2,2367,9,2358,群益金鼎,2023-07-31,9100
00902,中信電池及儲能,1243,96,1147,群益金鼎,2023-07-31,9100
00830,國泰費城半導體,1074,71,1003,群益金鼎,2023-07-31,9100
00881,國泰台灣5G+,871,74,797,群益金鼎,2023-07-31,9100
00669R,國泰美國道瓊反1,787,56,731,群益金鼎,2023-07-31,9100
5388,中磊,608,38,570,群益金鼎,2023-07-31,9100
2312,金寶,1040,555,485,群益金鼎,2023-07-31,9100
00917,中信特選金融,563,87,476,群益金鼎,2023-07-31,9100
00633L,富邦上証正2,591,139,452,群益金鼎,2023-07-31,9100
00640L,富邦日本正2,411,3,408,群益金鼎,2023-07-31,9100
00645,富邦日本,999,621,378,群益金鼎,2023-07-31,9100
2371,大同,431,68,363,群益金鼎,2023-07-31,9100
1802,台玻,470,127,343,群益金鼎,2023-07-31,9100
00892,富邦台灣半導體,311,30,281,群益金鼎,2023-07-31,9100
3163,波若威,551,271,280,群益金鼎,2023-07-31,9100
2485,兆赫,259,9,250,群益金鼎,2023-07-31,9100
2606,裕民,251,24,227,群益金鼎,2023-07-31,9100
00648R,元大S＆P500反1,214,0,214,群益金鼎,2023-07-31,9100
6538,倉和,210,6,204,群益金鼎,2023-07-31,9100
00668,國泰美國道瓊,253,50,203,群益金鼎,2023-07-31,9100
00895,富邦未來車,209,7,202,群益金鼎,2023-07-31,9100
1514,亞力,202,1,201,群益金鼎,2023-07-31,9100
00773B,中信優先金融債,200,12,188,群益金鼎,2023-07-31,9100
2401,凌陽,186,7,179,群益金鼎,2023-07-31,9100
2201,裕隆,216,39,177,群益金鼎,2023-07-31,9100
00927,群益半導體收益,285,111,174,群益金鼎,2023-07-31,9100
00642U,期元大S＆P石油,169,1,168,群益金鼎,2023-07-31,9100
00733,富邦臺灣中小,329,170,159,群益金鼎,2023-07-31,9100
2379,瑞昱,161,5,156,群益金鼎,2023-07-31,9100
1210,大成,165,12,153,群益金鼎,2023-07-31,9100
00916,國泰全球品牌50,156,4,152,群益金鼎,2023-07-31,9100
00655L,國泰中國A50正2,155,7,148,群益金鼎,2023-07-31,9100
00762,元大全球AI,138,3,135,群益金鼎,2023-07-31,9100
8027,鈦昇,144,10,134,群益金鼎,2023-07-31,9100
3260,威剛,131,1,130,群益金鼎,2023-07-31,9100
1904,正隆,144,14,130,群益金鼎,2023-07-31,9100
00636,國泰中國A50,361,233,128,群益金鼎,2023-07-31,9100
2360,致茂,132,6,126,群益金鼎,2023-07-31,9100
3324,雙鴻,456,332,124,群益金鼎,2023-07-31,9100
0056,元大高股息,541,430,111,群益金鼎,2023-07-31,9100
00876,元大全球5G,158,49,109,群益金鼎,2023-07-31,9100
2308,台達電,203,100,103,群益金鼎,2023-07-31,9100
2458,義隆,104,2,102,群益金鼎,2023-07-31,9100
1102,亞泥,105,3,102,群益金鼎,2023-07-31,9100
5457,宣德,134,33,101,群益金鼎,2023-07-31,9100
3596,智易,109,9,100,群益金鼎,2023-07-31,9100
00878,國泰永續高股息,3351,201,3150,群益金鼎,2023-08-01,9100
00893,國泰智能電動車,1718,333,1385,群益金鼎,2023-08-01,9100
00881,國泰台灣5G+,1011,0,1011,群益金鼎,2023-08-01,9100
00669R,國泰美國道瓊反1,1256,252,1004,群益金鼎,2023-08-01,9100
00671R,富邦NASDAQ反1,908,0,908,群益金鼎,2023-08-01,9100
00903,富邦元宇宙,894,101,793,群益金鼎,2023-08-01,9100
00895,富邦未來車,777,29,748,群益金鼎,2023-08-01,9100
00891,中信關鍵半導體,639,0,639,群益金鼎,2023-08-01,9100
00919,群益台灣精選高息,637,59,578,群益金鼎,2023-08-01,9100
00648R,元大S＆P500反1,499,0,499,群益金鼎,2023-08-01,9100
00927,群益半導體收益,544,108,436,群益金鼎,2023-08-01,9100
4919,新唐,418,39,379,群益金鼎,2023-08-01,9100
00733,富邦臺灣中小,359,62,297,群益金鼎,2023-08-01,9100
00772B,中信高評級公司債,269,0,269,群益金鼎,2023-08-01,9100
00861,元大全球未來通訊,267,5,262,群益金鼎,2023-08-01,9100
00876,元大全球5G,280,31,249,群益金鼎,2023-08-01,9100
00908,富邦入息REITs+,252,3,249,群益金鼎,2023-08-01,9100
0056,元大高股息,324,88,236,群益金鼎,2023-08-01,9100
2371,大同,236,3,233,群益金鼎,2023-08-01,9100
3189,景碩,230,4,226,群益金鼎,2023-08-01,9100
2352,佳世達,244,20,224,群益金鼎,2023-08-01,9100
2388,威盛,326,103,223,群益金鼎,2023-08-01,9100
00896,中信綠能及電動車,200,0,200,群益金鼎,2023-08-01,9100
00642U,期元大S＆P石油,200,5,195,群益金鼎,2023-08-01,9100
9938,百和,182,0,182,群益金鼎,2023-08-01,9100
2618,長榮航,218,47,171,群益金鼎,2023-08-01,9100
2913,農林,522,362,160,群益金鼎,2023-08-01,9100
00632R,元大台灣50反1,156,0,156,群益金鼎,2023-08-01,9100
1102,亞泥,145,0,145,群益金鼎,2023-08-01,9100
3033,威健,143,0,143,群益金鼎,2023-08-01,9100
8215,明基材,129,0,129,群益金鼎,2023-08-01,9100
2345,智邦,187,65,122,群益金鼎,2023-08-01,9100
2731,雄獅,123,3,120,群益金鼎,2023-08-01,9100
2308,台達電,175,57,118,群益金鼎,2023-08-01,9100
00925,新光標普電動車,189,72,117,群益金鼎,2023-08-01,9100
2383,台光電,157,47,110,群益金鼎,2023-08-01,9100
2357,華碩,126,19,107,群益金鼎,2023-08-01,9100
00852L,國泰美國道瓊正2,104,0,104,群益金鼎,2023-08-01,9100
1308,亞聚,100,0,100,群益金鼎,2023-08-01,9100
6285,啟��,174,80,94,群益金鼎,2023-08-01,9100
2363,矽統,118,26,92,群益金鼎,2023-08-01,9100
00638R,元大滬深300反1,84,0,84,群益金鼎,2023-08-01,9100
3714,富采,83,3,80,群益金鼎,2023-08-01,9100
4938,和碩,73,0,73,群益金鼎,2023-08-01,9100
3693,營邦,73,3,70,群益金鼎,2023-08-01,9100
4977,眾達-KY,76,7,69,群益金鼎,2023-08-01,9100
00714,群益道瓊美國地產,65,0,65,群益金鼎,2023-08-01,9100
3406,玉晶光,69,4,65,群益金鼎,2023-08-01,9100
00665L,富邦�琤肭磪囓�2,68,7,61,群益金鼎,2023-08-01,9100
2312,金寶,139,78,61,群益金鼎,2023-08-01,9100
00632R,元大台灣50反1,13913,256,13657,群益金鼎,2023-08-02,9100
00893,國泰智能電動車,6798,54,6744,群益金鼎,2023-08-02,9100
00881,國泰台灣5G+,1046,0,1046,群益金鼎,2023-08-02,9100
6274,台燿,1213,177,1036,群益金鼎,2023-08-02,9100
00664R,國泰臺灣加權反1,989,1,988,群益金鼎,2023-08-02,9100
2014,中鴻,1015,140,875,群益金鼎,2023-08-02,9100
00637L,元大滬深300正2,800,0,800,群益金鼎,2023-08-02,9100
00773B,中信優先金融債,711,75,636,群益金鼎,2023-08-02,9100
00830,國泰費城半導體,1005,387,618,群益金鼎,2023-08-02,9100
00891,中信關鍵半導體,591,10,581,群益金鼎,2023-08-02,9100
3481,群創,1016,447,569,群益金鼎,2023-08-02,9100
6112,邁達特,562,3,559,群益金鼎,2023-08-02,9100
00895,富邦未來車,529,2,527,群益金鼎,2023-08-02,9100
00918,大華優利高填息30,440,0,440,群益金鼎,2023-08-02,9100
1519,華城,479,82,397,群益金鼎,2023-08-02,9100
2610,華航,451,75,376,群益金鼎,2023-08-02,9100
00922,國泰台灣領袖50,366,0,366,群益金鼎,2023-08-02,9100
00728,第一金工業30,455,132,323,群益金鼎,2023-08-02,9100
2312,金寶,357,62,295,群益金鼎,2023-08-02,9100
2031,新光鋼,344,55,289,群益金鼎,2023-08-02,9100
3019,亞光,265,6,259,群益金鼎,2023-08-02,9100
1605,華新,341,91,250,群益金鼎,2023-08-02,9100
00640L,富邦日本正2,208,0,208,群益金鼎,2023-08-02,9100
1102,亞泥,202,1,201,群益金鼎,2023-08-02,9100
00910,第一金太空衛星,500,303,197,群益金鼎,2023-08-02,9100
3017,奇鋐,376,202,174,群益金鼎,2023-08-02,9100
00670L,富邦NASDAQ正2,166,0,166,群益金鼎,2023-08-02,9100
9938,百和,156,0,156,群益金鼎,2023-08-02,9100
4942,嘉彰,149,0,149,群益金鼎,2023-08-02,9100
00668,國泰美國道瓊,263,121,142,群益金鼎,2023-08-02,9100
00862B,中信投資級公司債,413,275,138,群益金鼎,2023-08-02,9100
3711,日月光投控,132,18,114,群益金鼎,2023-08-02,9100
00896,中信綠能及電動車,121,15,106,群益金鼎,2023-08-02,9100
00657,國泰日經225,123,17,106,群益金鼎,2023-08-02,9100
00642U,期元大S＆P石油,105,0,105,群益金鼎,2023-08-02,9100
2105,正新,104,2,102,群益金鼎,2023-08-02,9100
5371,中光電,286,185,101,群益金鼎,2023-08-02,9100
2363,矽統,115,20,95,群益金鼎,2023-08-02,9100
0052,富邦科技,92,0,92,群益金鼎,2023-08-02,9100
2801,彰銀,85,0,85,群益金鼎,2023-08-02,9100
00909,國泰數位支付服務,85,0,85,群益金鼎,2023-08-02,9100
00714,群益道瓊美國地產,84,0,84,群益金鼎,2023-08-02,9100
00762,元大全球AI,83,0,83,群益金鼎,2023-08-02,9100
5457,宣德,81,4,77,群益金鼎,2023-08-02,9100
0056,元大高股息,719,642,77,群益金鼎,2023-08-02,9100
6143,振曜,76,0,76,群益金鼎,2023-08-02,9100
2371,大同,99,23,76,群益金鼎,2023-08-02,9100
00674R,期元大S＆P黃金反1,73,0,73,群益金鼎,2023-08-02,9100
9958,世紀鋼,96,26,70,群益金鼎,2023-08-02,9100
00733,富邦臺灣中小,214,144,70,群益金鼎,2023-08-02,9100
00632R,元大台灣50反1,11809,124,11685,群益金鼎,2023-08-04,9100
00637L,元大滬深300正2,8481,90,8391,群益金鼎,2023-08-04,9100
00664R,國泰臺灣加權反1,2178,10,2168,群益金鼎,2023-08-04,9100
00712,復華富時不動產,1796,0,1796,群益金鼎,2023-08-04,9100
00893,國泰智能電動車,1228,0,1228,群益金鼎,2023-08-04,9100
00671R,富邦NASDAQ反1,1072,0,1072,群益金鼎,2023-08-04,9100
00669R,國泰美國道瓊反1,2284,1299,985,群益金鼎,2023-08-04,9100
00895,富邦未來車,980,0,980,群益金鼎,2023-08-04,9100
2401,凌陽,500,16,484,群益金鼎,2023-08-04,9100
00876,元大全球5G,480,0,480,群益金鼎,2023-08-04,9100
2382,廣達,499,79,420,群益金鼎,2023-08-04,9100
00903,富邦元宇宙,420,0,420,群益金鼎,2023-08-04,9100
2883,凱基金,398,4,394,群益金鼎,2023-08-04,9100
2014,中鴻,413,23,390,群益金鼎,2023-08-04,9100
00633L,富邦上証正2,384,14,370,群益金鼎,2023-08-04,9100
3711,日月光投控,358,2,356,群益金鼎,2023-08-04,9100
00888,永豐台灣ESG,310,0,310,群益金鼎,2023-08-04,9100
3044,健鼎,319,29,290,群益金鼎,2023-08-04,9100
2303,聯電,291,1,290,群益金鼎,2023-08-04,9100
00642U,期元大S＆P石油,282,0,282,群益金鼎,2023-08-04,9100
8086,宏捷科,325,45,280,群益金鼎,2023-08-04,9100
2881,富邦金,279,2,277,群益金鼎,2023-08-04,9100
00908,富邦入息REITs+,293,30,263,群益金鼎,2023-08-04,9100
3189,景碩,270,20,250,群益金鼎,2023-08-04,9100
1802,台玻,373,124,249,群益金鼎,2023-08-04,9100
00896,中信綠能及電動車,248,0,248,群益金鼎,2023-08-04,9100
2344,華邦電,257,10,247,群益金鼎,2023-08-04,9100
00648R,元大S＆P500反1,244,1,243,群益金鼎,2023-08-04,9100
4958,臻鼎-KY,269,40,229,群益金鼎,2023-08-04,9100
5483,中美晶,229,5,224,群益金鼎,2023-08-04,9100
00640L,富邦日本正2,272,50,222,群益金鼎,2023-08-04,9100
2609,陽明,232,28,204,群益金鼎,2023-08-04,9100
2880,華南金,170,0,170,群益金鼎,2023-08-04,9100
00674R,期元大S＆P黃金反1,165,0,165,群益金鼎,2023-08-04,9100
00666R,富邦�琤肭磪齯�1,297,133,164,群益金鼎,2023-08-04,9100
2462,良得電,156,0,156,群益金鼎,2023-08-04,9100
00916,國泰全球品牌50,223,69,154,群益金鼎,2023-08-04,9100
00922,國泰台灣領袖50,153,0,153,群益金鼎,2023-08-04,9100
2371,大同,198,48,150,群益金鼎,2023-08-04,9100
3017,奇鋐,206,60,146,群益金鼎,2023-08-04,9100
2884,玉山金,143,3,140,群益金鼎,2023-08-04,9100
00902,中信電池及儲能,352,217,135,群益金鼎,2023-08-04,9100
3034,聯詠,133,1,132,群益金鼎,2023-08-04,9100
2603,長榮,153,21,132,群益金鼎,2023-08-04,9100
2383,台光電,163,40,123,群益金鼎,2023-08-04,9100
5009,榮剛,149,31,118,群益金鼎,2023-08-04,9100
00650L,復華香港正2,150,50,100,群益金鼎,2023-08-04,9100
00910,第一金太空衛星,100,0,100,群益金鼎,2023-08-04,9100
2368,金像電,153,56,97,群益金鼎,2023-08-04,9100
2329,華泰,135,40,95,群益金鼎,2023-08-04,9100
00893,國泰智能電動車,2397,0,2397,群益金鼎,2023-08-07,9100
00632R,元大台灣50反1,657,0,657,群益金鼎,2023-08-07,9100
1802,台玻,589,50,539,群益金鼎,2023-08-07,9100
3044,健鼎,420,29,391,群益金鼎,2023-08-07,9100
2317,鴻海,358,9,349,群益金鼎,2023-08-07,9100
2913,農林,533,198,335,群益金鼎,2023-08-07,9100
00881,國泰台灣5G+,315,0,315,群益金鼎,2023-08-07,9100
2313,華通,354,42,312,群益金鼎,2023-08-07,9100
00896,中信綠能及電動車,269,0,269,群益金鼎,2023-08-07,9100
2371,大同,242,19,223,群益金鼎,2023-08-07,9100
2388,威盛,241,24,217,群益金鼎,2023-08-07,9100
00631L,元大台灣50正2,211,3,208,群益金鼎,2023-08-07,9100
6217,中探針,197,0,197,群益金鼎,2023-08-07,9100
4114,健喬,185,0,185,群益金鼎,2023-08-07,9100
2634,漢翔,167,3,164,群益金鼎,2023-08-07,9100
6282,康舒,205,54,151,群益金鼎,2023-08-07,9100
3017,奇鋐,259,118,141,群益金鼎,2023-08-07,9100
00728,第一金工業30,251,113,138,群益金鼎,2023-08-07,9100
2408,南亞科,136,1,135,群益金鼎,2023-08-07,9100
3324,雙鴻,191,61,130,群益金鼎,2023-08-07,9100
1102,亞泥,130,1,129,群益金鼎,2023-08-07,9100
3163,波若威,168,42,126,群益金鼎,2023-08-07,9100
00878,國泰永續高股息,221,100,121,群益金鼎,2023-08-07,9100
6274,台燿,225,105,120,群益金鼎,2023-08-07,9100
8927,北基,112,0,112,群益金鼎,2023-08-07,9100
00762,元大全球AI,170,69,101,群益金鼎,2023-08-07,9100
00674R,期元大S＆P黃金反1,98,0,98,群益金鼎,2023-08-07,9100
1210,大成,116,18,98,群益金鼎,2023-08-07,9100
8358,金居,126,32,94,群益金鼎,2023-08-07,9100
00638R,元大滬深300反1,84,0,84,群益金鼎,2023-08-07,9100
00916,國泰全球品牌50,151,69,82,群益金鼎,2023-08-07,9100
2352,佳世達,135,54,81,群益金鼎,2023-08-07,9100
1722,台肥,81,0,81,群益金鼎,2023-08-07,9100
1609,大亞,95,15,80,群益金鼎,2023-08-07,9100
00664R,國泰臺灣加權反1,78,0,78,群益金鼎,2023-08-07,9100
3587,閎康,72,0,72,群益金鼎,2023-08-07,9100
2368,金像電,134,67,67,群益金鼎,2023-08-07,9100
4968,立積,71,4,67,群益金鼎,2023-08-07,9100
2329,華泰,101,34,67,群益金鼎,2023-08-07,9100
3033,威健,61,0,61,群益金鼎,2023-08-07,9100
2891,中信金,64,4,60,群益金鼎,2023-08-07,9100
00908,富邦入息REITs+,158,100,58,群益金鼎,2023-08-07,9100
2233,宇隆,57,0,57,群益金鼎,2023-08-07,9100
6799,來頡,56,0,56,群益金鼎,2023-08-07,9100
00682U,期元大美元指數,55,0,55,群益金鼎,2023-08-07,9100
00657,國泰日經225,62,9,53,群益金鼎,2023-08-07,9100
8299,群聯,62,12,50,群益金鼎,2023-08-07,9100
2105,正新,50,0,50,群益金鼎,2023-08-07,9100
1909,榮成,50,0,50,群益金鼎,2023-08-07,9100
2308,台達電,50,1,49,群益金鼎,2023-08-07,9100
00664R,國泰臺灣加權反1,2146,0,2146,群益金鼎,2023-08-08,9100
00893,國泰智能電動車,1014,2,1012,群益金鼎,2023-08-08,9100
2382,廣達,898,274,624,群益金鼎,2023-08-08,9100
00902,中信電池及儲能,804,226,578,群益金鼎,2023-08-08,9100
00715L,期街口布蘭特正2,559,0,559,群益金鼎,2023-08-08,9100
00891,中信關鍵半導體,556,1,555,群益金鼎,2023-08-08,9100
00903,富邦元宇宙,507,0,507,群益金鼎,2023-08-08,9100
1722,台肥,352,0,352,群益金鼎,2023-08-08,9100
00712,復華富時不動產,672,322,350,群益金鼎,2023-08-08,9100
1102,亞泥,326,1,325,群益金鼎,2023-08-08,9100
4934,太極,306,2,304,群益金鼎,2023-08-08,9100
00922,國泰台灣領袖50,264,2,262,群益金鼎,2023-08-08,9100
2337,旺宏,242,0,242,群益金鼎,2023-08-08,9100
00651R,復華香港反1,244,4,240,群益金鼎,2023-08-08,9100
00773B,中信優先金融債,297,76,221,群益金鼎,2023-08-08,9100
2206,三陽工業,218,14,204,群益金鼎,2023-08-08,9100
6548,長科*,202,2,200,群益金鼎,2023-08-08,9100
00725B,國泰投資級公司債,200,1,199,群益金鼎,2023-08-08,9100
2610,華航,406,207,199,群益金鼎,2023-08-08,9100
2634,漢翔,226,33,193,群益金鼎,2023-08-08,9100
00912,中信臺灣智慧50,191,0,191,群益金鼎,2023-08-08,9100
2408,南亞科,177,1,176,群益金鼎,2023-08-08,9100
3711,日月光投控,173,6,167,群益金鼎,2023-08-08,9100
6285,啟��,237,73,164,群益金鼎,2023-08-08,9100
1584,精剛,162,15,147,群益金鼎,2023-08-08,9100
3163,波若威,519,380,139,群益金鼎,2023-08-08,9100
6271,同欣電,153,14,139,群益金鼎,2023-08-08,9100
00888,永豐台灣ESG,131,1,130,群益金鼎,2023-08-08,9100
2303,聯電,149,22,127,群益金鼎,2023-08-08,9100
1802,台玻,218,91,127,群益金鼎,2023-08-08,9100
3036,文曄,120,1,119,群益金鼎,2023-08-08,9100
00728,第一金工業30,118,0,118,群益金鼎,2023-08-08,9100
6282,康舒,159,43,116,群益金鼎,2023-08-08,9100
3033,威健,116,0,116,群益金鼎,2023-08-08,9100
2371,大同,126,14,112,群益金鼎,2023-08-08,9100
3264,欣銓,109,1,108,群益金鼎,2023-08-08,9100
00918,大華優利高填息30,103,0,103,群益金鼎,2023-08-08,9100
2376,技嘉,359,257,102,群益金鼎,2023-08-08,9100
2890,永豐金,103,1,102,群益金鼎,2023-08-08,9100
1301,台塑,103,3,100,群益金鼎,2023-08-08,9100
2515,中工,100,0,100,群益金鼎,2023-08-08,9100
00733,富邦臺灣中小,122,23,99,群益金鼎,2023-08-08,9100
3044,健鼎,165,69,96,群益金鼎,2023-08-08,9100
2913,農林,133,40,93,群益金鼎,2023-08-08,9100
00697B,元大美債7-10,93,1,92,群益金鼎,2023-08-08,9100
00878,國泰永續高股息,211,121,90,群益金鼎,2023-08-08,9100
6138,茂達,85,0,85,群益金鼎,2023-08-08,9100
2344,華邦電,87,6,81,群益金鼎,2023-08-08,9100
9910,豐泰,77,2,75,群益金鼎,2023-08-08,9100
4979,華星光,74,0,74,群益金鼎,2023-08-08,9100
00687B,國泰20年美債,2860,36,2824,群益金鼎,2023-08-09,9100
00715L,期街口布蘭特正2,1488,0,1488,群益金鼎,2023-08-09,9100
00903,富邦元宇宙,842,36,806,群益金鼎,2023-08-09,9100
00773B,中信優先金融債,541,76,465,群益金鼎,2023-08-09,9100
00720B,元大投資級公司債,667,216,451,群益金鼎,2023-08-09,9100
2412,中華電,400,1,399,群益金鼎,2023-08-09,9100
2371,大同,340,21,319,群益金鼎,2023-08-09,9100
00902,中信電池及儲能,310,2,308,群益金鼎,2023-08-09,9100
00795B,中信美國公債20年,315,79,236,群益金鼎,2023-08-09,9100
6285,啟��,217,2,215,群益金鼎,2023-08-09,9100
2357,華碩,256,57,199,群益金鼎,2023-08-09,9100
00725B,國泰投資級公司債,200,2,198,群益金鼎,2023-08-09,9100
00643,群益深証中小,384,227,157,群益金鼎,2023-08-09,9100
2618,長榮航,181,28,153,群益金鼎,2023-08-09,9100
006208,富邦台50,151,6,145,群益金鼎,2023-08-09,9100
1102,亞泥,131,1,130,群益金鼎,2023-08-09,9100
3533,嘉澤,121,2,119,群益金鼎,2023-08-09,9100
9910,豐泰,104,4,100,群益金鼎,2023-08-09,9100
1519,華城,105,8,97,群益金鼎,2023-08-09,9100
00764B,群益25年美債,616,521,95,群益金鼎,2023-08-09,9100
00631L,元大台灣50正2,84,0,84,群益金鼎,2023-08-09,9100
2606,裕民,100,30,70,群益金鼎,2023-08-09,9100
00861,元大全球未來通訊,68,0,68,群益金鼎,2023-08-09,9100
2388,威盛,144,81,63,群益金鼎,2023-08-09,9100
00651R,復華香港反1,62,0,62,群益金鼎,2023-08-09,9100
3653,健策,56,1,55,群益金鼎,2023-08-09,9100
2105,正新,50,0,50,群益金鼎,2023-08-09,9100
3483,力致,77,32,45,群益金鼎,2023-08-09,9100
00926,凱基全球菁英55,44,0,44,群益金鼎,2023-08-09,9100
00674R,期元大S＆P黃金反1,43,0,43,群益金鼎,2023-08-09,9100
2834,臺企銀,52,9,43,群益金鼎,2023-08-09,9100
2402,毅嘉,44,2,42,群益金鼎,2023-08-09,9100
3163,波若威,46,4,42,群益金鼎,2023-08-09,9100
00682U,期元大美元指數,40,0,40,群益金鼎,2023-08-09,9100
2881,富邦金,39,1,38,群益金鼎,2023-08-09,9100
6605,帝寶,42,5,37,群益金鼎,2023-08-09,9100
2317,鴻海,49,12,37,群益金鼎,2023-08-09,9100
8299,群聯,39,3,36,群益金鼎,2023-08-09,9100
2891,中信金,39,5,34,群益金鼎,2023-08-09,9100
2421,建準,38,5,33,群益金鼎,2023-08-09,9100
00714,群益道瓊美國地產,32,0,32,群益金鼎,2023-08-09,9100
3529,力旺,31,0,31,群益金鼎,2023-08-09,9100
00931B,統一美債20年,31,1,30,群益金鼎,2023-08-09,9100
6138,茂達,29,1,28,群益金鼎,2023-08-09,9100
3701,大眾控,48,21,27,群益金鼎,2023-08-09,9100
9958,世紀鋼,53,26,27,群益金鼎,2023-08-09,9100
00669R,國泰美國道瓊反1,104,78,26,群益金鼎,2023-08-09,9100
8930,青鋼,44,18,26,群益金鼎,2023-08-09,9100
3189,景碩,26,0,26,群益金鼎,2023-08-09,9100
2515,中工,26,0,26,群益金鼎,2023-08-09,9100
00893,國泰智能電動車,1958,0,1958,群益金鼎,2023-08-10,9100
00895,富邦未來車,1251,0,1251,群益金鼎,2023-08-10,9100
00669R,國泰美國道瓊反1,1350,317,1033,群益金鼎,2023-08-10,9100
00903,富邦元宇宙,967,270,697,群益金鼎,2023-08-10,9100
00642U,期元大S＆P石油,581,0,581,群益金鼎,2023-08-10,9100
00757,統一FANG+,526,16,510,群益金鼎,2023-08-10,9100
00830,國泰費城半導體,607,114,493,群益金鼎,2023-08-10,9100
3483,力致,493,159,334,群益金鼎,2023-08-10,9100
2618,長榮航,309,74,235,群益金鼎,2023-08-10,9100
2615,萬海,239,8,231,群益金鼎,2023-08-10,9100
2801,彰銀,217,0,217,群益金鼎,2023-08-10,9100
3711,日月光投控,246,32,214,群益金鼎,2023-08-10,9100
2002,中鋼,212,1,211,群益金鼎,2023-08-10,9100
3264,欣銓,231,69,162,群益金鼎,2023-08-10,9100
1609,大亞,195,37,158,群益金鼎,2023-08-10,9100
00686R,群益臺灣加權反1,150,0,150,群益金鼎,2023-08-10,9100
00916,國泰全球品牌50,162,25,137,群益金鼎,2023-08-10,9100
00891,中信關鍵半導體,128,0,128,群益金鼎,2023-08-10,9100
1102,亞泥,122,1,121,群益金鼎,2023-08-10,9100
00920,富邦ESG綠色電力,105,1,104,群益金鼎,2023-08-10,9100
3044,健鼎,319,216,103,群益金鼎,2023-08-10,9100
00674R,期元大S＆P黃金反1,101,0,101,群益金鼎,2023-08-10,9100
4572,駐龍,101,1,100,群益金鼎,2023-08-10,9100
8097,常珵,93,0,93,群益金鼎,2023-08-10,9100
6220,岳豐,91,0,91,群益金鼎,2023-08-10,9100
00917,中信特選金融,186,100,86,群益金鼎,2023-08-10,9100
00643,群益深証中小,353,276,77,群益金鼎,2023-08-10,9100
00902,中信電池及儲能,502,426,76,群益金鼎,2023-08-10,9100
00682U,期元大美元指數,75,0,75,群益金鼎,2023-08-10,9100
00859B,群益0-1年美債,83,8,75,群益金鼎,2023-08-10,9100
6147,頎邦,67,2,65,群益金鼎,2023-08-10,9100
2885,元大金,70,6,64,群益金鼎,2023-08-10,9100
00762,元大全球AI,61,0,61,群益金鼎,2023-08-10,9100
3592,瑞鼎,58,0,58,群益金鼎,2023-08-10,9100
3217,優群,74,18,56,群益金鼎,2023-08-10,9100
2606,裕民,84,31,53,群益金鼎,2023-08-10,9100
4123,晟德,53,0,53,群益金鼎,2023-08-10,9100
2630,亞航,52,0,52,群益金鼎,2023-08-10,9100
2915,潤泰全,59,8,51,群益金鼎,2023-08-10,9100
2105,正新,50,0,50,群益金鼎,2023-08-10,9100
9910,豐泰,70,20,50,群益金鼎,2023-08-10,9100
00728,第一金工業30,54,4,50,群益金鼎,2023-08-10,9100
1909,榮成,50,2,48,群益金鼎,2023-08-10,9100
2344,華邦電,47,0,47,群益金鼎,2023-08-10,9100
2402,毅嘉,47,0,47,群益金鼎,2023-08-10,9100
1513,中興電,61,17,44,群益金鼎,2023-08-10,9100
1101,台泥,73,30,43,群益金鼎,2023-08-10,9100
0052,富邦科技,42,0,42,群益金鼎,2023-08-10,9100
3701,大眾控,41,0,41,群益金鼎,2023-08-10,9100
00882,中信中國高股息,40,0,40,群益金鼎,2023-08-10,9100
00632R,元大台灣50反1,1547,74,1473,群益金鼎,2023-08-11,9100
00893,國泰智能電動車,958,0,958,群益金鼎,2023-08-11,9100
1802,台玻,880,94,786,群益金鼎,2023-08-11,9100
00895,富邦未來車,721,28,693,群益金鼎,2023-08-11,9100
00671R,富邦NASDAQ反1,613,0,613,群益金鼎,2023-08-11,9100
00669R,國泰美國道瓊反1,517,0,517,群益金鼎,2023-08-11,9100
00896,中信綠能及電動車,484,0,484,群益金鼎,2023-08-11,9100
6235,華孚,436,38,398,群益金鼎,2023-08-11,9100
6285,啟��,454,77,377,群益金鼎,2023-08-11,9100
3044,健鼎,473,111,362,群益金鼎,2023-08-11,9100
2401,凌陽,359,0,359,群益金鼎,2023-08-11,9100
2382,廣達,512,155,357,群益金鼎,2023-08-11,9100
1319,東陽,334,1,333,群益金鼎,2023-08-11,9100
3481,群創,394,159,235,群益金鼎,2023-08-11,9100
2748,雲品,200,0,200,群益金鼎,2023-08-11,9100
2303,聯電,204,4,200,群益金鼎,2023-08-11,9100
5425,台半,182,6,176,群益金鼎,2023-08-11,9100
00633L,富邦上証正2,401,228,173,群益金鼎,2023-08-11,9100
2610,華航,252,85,167,群益金鼎,2023-08-11,9100
6770,力積電,173,13,160,群益金鼎,2023-08-11,9100
2883,凱基金,154,2,152,群益金鼎,2023-08-11,9100
00650L,復華香港正2,152,4,148,群益金鼎,2023-08-11,9100
00680L,元大美債20正2,140,0,140,群益金鼎,2023-08-11,9100
6592,和潤企業,140,0,140,群益金鼎,2023-08-11,9100
0056,元大高股息,341,202,139,群益金鼎,2023-08-11,9100
9910,豐泰,140,6,134,群益金鼎,2023-08-11,9100
6414,樺漢,129,7,122,群益金鼎,2023-08-11,9100
00664R,國泰臺灣加權反1,161,42,119,群益金鼎,2023-08-11,9100
2887,台新金,119,0,119,群益金鼎,2023-08-11,9100
00917,中信特選金融,120,2,118,群益金鼎,2023-08-11,9100
6143,振曜,116,0,116,群益金鼎,2023-08-11,9100
4919,新唐,111,2,109,群益金鼎,2023-08-11,9100
00852L,國泰美國道瓊正2,111,3,108,群益金鼎,2023-08-11,9100
2330,台積電,108,1,107,群益金鼎,2023-08-11,9100
00931B,統一美債20年,102,0,102,群益金鼎,2023-08-11,9100
6443,元晶,102,3,99,群益金鼎,2023-08-11,9100
2404,漢唐,98,2,96,群益金鼎,2023-08-11,9100
3711,日月光投控,95,2,93,群益金鼎,2023-08-11,9100
00915,凱基優選高股息30,109,16,93,群益金鼎,2023-08-11,9100
2892,第一金,92,0,92,群益金鼎,2023-08-11,9100
2886,兆豐金,88,0,88,群益金鼎,2023-08-11,9100
00643,群益深証中小,299,211,88,群益金鼎,2023-08-11,9100
6121,新普,91,3,88,群益金鼎,2023-08-11,9100
2884,玉山金,86,0,86,群益金鼎,2023-08-11,9100
6239,力成,84,0,84,群益金鼎,2023-08-11,9100
8081,致新,82,0,82,群益金鼎,2023-08-11,9100
00640L,富邦日本正2,82,0,82,群益金鼎,2023-08-11,9100
2317,鴻海,82,2,80,群益金鼎,2023-08-11,9100
2105,正新,80,0,80,群益金鼎,2023-08-11,9100
2371,大同,244,166,78,群益金鼎,2023-08-11,9100
00632R,元大台灣50反1,8194,609,7585,群益金鼎,2023-08-14,9100
00664R,國泰臺灣加權反1,2050,5,2045,群益金鼎,2023-08-14,9100
00712,復華富時不動產,2236,300,1936,群益金鼎,2023-08-14,9100
6770,力積電,1144,1,1143,群益金鼎,2023-08-14,9100
1722,台肥,801,0,801,群益金鼎,2023-08-14,9100
3711,日月光投控,724,27,697,群益金鼎,2023-08-14,9100
2330,台積電,617,3,614,群益金鼎,2023-08-14,9100
00671R,富邦NASDAQ反1,525,0,525,群益金鼎,2023-08-14,9100
00665L,富邦�琤肭磪囓�2,530,20,510,群益金鼎,2023-08-14,9100
5871,中租-KY,489,0,489,群益金鼎,2023-08-14,9100
8358,金居,441,1,440,群益金鼎,2023-08-14,9100
2303,聯電,429,1,428,群益金鼎,2023-08-14,9100
00715L,期街口布蘭特正2,401,10,391,群益金鼎,2023-08-14,9100
3481,群創,372,50,322,群益金鼎,2023-08-14,9100
6282,康舒,439,125,314,群益金鼎,2023-08-14,9100
2352,佳世達,323,19,304,群益金鼎,2023-08-14,9100
6285,啟��,328,28,300,群益金鼎,2023-08-14,9100
00670L,富邦NASDAQ正2,296,0,296,群益金鼎,2023-08-14,9100
00651R,復華香港反1,300,5,295,群益金鼎,2023-08-14,9100
2609,陽明,293,0,293,群益金鼎,2023-08-14,9100
6147,頎邦,287,3,284,群益金鼎,2023-08-14,9100
5483,中美晶,280,0,280,群益金鼎,2023-08-14,9100
2382,廣達,595,348,247,群益金鼎,2023-08-14,9100
00650L,復華香港正2,222,0,222,群益金鼎,2023-08-14,9100
0056,元大高股息,477,263,214,群益金鼎,2023-08-14,9100
4958,臻鼎-KY,219,10,209,群益金鼎,2023-08-14,9100
4904,遠傳,205,0,205,群益金鼎,2023-08-14,9100
3702,大聯大,181,2,179,群益金鼎,2023-08-14,9100
2383,台光電,234,56,178,群益金鼎,2023-08-14,9100
8069,元太,192,15,177,群益金鼎,2023-08-14,9100
2324,仁寶,212,35,177,群益金鼎,2023-08-14,9100
5876,上海商銀,176,0,176,群益金鼎,2023-08-14,9100
2454,聯發科,173,7,166,群益金鼎,2023-08-14,9100
3078,僑威,354,198,156,群益金鼎,2023-08-14,9100
00706L,期元大S＆P日圓正2,156,0,156,群益金鼎,2023-08-14,9100
00728,第一金工業30,206,52,154,群益金鼎,2023-08-14,9100
2356,英業達,193,39,154,群益金鼎,2023-08-14,9100
6129,普誠,151,0,151,群益金鼎,2023-08-14,9100
3622,洋華,154,4,150,群益金鼎,2023-08-14,9100
3231,緯創,998,851,147,群益金鼎,2023-08-14,9100
2368,金像電,172,27,145,群益金鼎,2023-08-14,9100
3324,雙鴻,166,31,135,群益金鼎,2023-08-14,9100
5371,中光電,272,142,130,群益金鼎,2023-08-14,9100
2317,鴻海,161,43,118,群益金鼎,2023-08-14,9100
8150,南茂,125,11,114,群益金鼎,2023-08-14,9100
00640L,富邦日本正2,110,0,110,群益金鼎,2023-08-14,9100
2379,瑞昱,111,3,108,群益金鼎,2023-08-14,9100
9904,寶成,104,0,104,群益金鼎,2023-08-14,9100
3587,閎康,111,12,99,群益金鼎,2023-08-14,9100
2449,京元電子,91,0,91,群益金鼎,2023-08-14,9100
2324,仁寶,1560,263,1297,群益金鼎,2023-08-15,9100
2303,聯電,1202,0,1202,群益金鼎,2023-08-15,9100
2886,兆豐金,1141,5,1136,群益金鼎,2023-08-15,9100
6770,力積電,856,1,855,群益金鼎,2023-08-15,9100
00893,國泰智能電動車,1030,339,691,群益金鼎,2023-08-15,9100
1722,台肥,600,0,600,群益金鼎,2023-08-15,9100
00830,國泰費城半導體,742,145,597,群益金鼎,2023-08-15,9100
2891,中信金,581,1,580,群益金鼎,2023-08-15,9100
2883,凱基金,533,0,533,群益金鼎,2023-08-15,9100
2884,玉山金,473,0,473,群益金鼎,2023-08-15,9100
2330,台積電,439,0,439,群益金鼎,2023-08-15,9100
2317,鴻海,524,112,412,群益金鼎,2023-08-15,9100
00706L,期元大S＆P日圓正2,390,0,390,群益金鼎,2023-08-15,9100
2881,富邦金,374,4,370,群益金鼎,2023-08-15,9100
2885,元大金,362,0,362,群益金鼎,2023-08-15,9100
2887,台新金,361,0,361,群益金鼎,2023-08-15,9100
00895,富邦未來車,453,100,353,群益金鼎,2023-08-15,9100
2892,第一金,341,2,339,群益金鼎,2023-08-15,9100
2609,陽明,327,11,316,群益金鼎,2023-08-15,9100
2345,智邦,318,3,315,群益金鼎,2023-08-15,9100
2880,華南金,310,0,310,群益金鼎,2023-08-15,9100
006205,富邦上証,303,1,302,群益金鼎,2023-08-15,9100
3711,日月光投控,401,104,297,群益金鼎,2023-08-15,9100
2332,友訊,308,19,289,群益金鼎,2023-08-15,9100
00931B,統一美債20年,283,0,283,群益金鼎,2023-08-15,9100
2882,國泰金,284,8,276,群益金鼎,2023-08-15,9100
3231,緯創,605,339,266,群益金鼎,2023-08-15,9100
2301,光寶科,405,147,258,群益金鼎,2023-08-15,9100
3483,力致,272,20,252,群益金鼎,2023-08-15,9100
8358,金居,291,83,208,群益金鼎,2023-08-15,9100
00903,富邦元宇宙,196,0,196,群益金鼎,2023-08-15,9100
006207,復華滬深,192,0,192,群益金鼎,2023-08-15,9100
2377,微星,181,2,179,群益金鼎,2023-08-15,9100
006208,富邦台50,170,5,165,群益金鼎,2023-08-15,9100
2412,中華電,151,0,151,群益金鼎,2023-08-15,9100
2392,正崴,175,29,146,群益金鼎,2023-08-15,9100
00669R,國泰美國道瓊反1,791,647,144,群益金鼎,2023-08-15,9100
1216,統一,143,0,143,群益金鼎,2023-08-15,9100
5876,上海商銀,131,0,131,群益金鼎,2023-08-15,9100
3043,科風,118,1,117,群益金鼎,2023-08-15,9100
1402,遠東新,115,5,110,群益金鼎,2023-08-15,9100
4909,新復興,100,1,99,群益金鼎,2023-08-15,9100
3056,富華新,95,0,95,群益金鼎,2023-08-15,9100
3264,欣銓,111,20,91,群益金鼎,2023-08-15,9100
2449,京元電子,97,8,89,群益金鼎,2023-08-15,9100
2603,長榮,98,11,87,群益金鼎,2023-08-15,9100
3034,聯詠,89,3,86,群益金鼎,2023-08-15,9100
2408,南亞科,92,7,85,群益金鼎,2023-08-15,9100
2615,萬海,84,1,83,群益金鼎,2023-08-15,9100
00909,國泰數位支付服務,131,50,81,群益金鼎,2023-08-15,9100
00632R,元大台灣50反1,2722,1198,1524,群益金鼎,2023-08-16,9100
00637L,元大滬深300正2,1071,20,1051,群益金鼎,2023-08-16,9100
6770,力積電,923,5,918,群益金鼎,2023-08-16,9100
2303,聯電,953,47,906,群益金鼎,2023-08-16,9100
2891,中信金,699,5,694,群益金鼎,2023-08-16,9100
1722,台肥,650,0,650,群益金鼎,2023-08-16,9100
4904,遠傳,586,1,585,群益金鼎,2023-08-16,9100
2382,廣達,764,187,577,群益金鼎,2023-08-16,9100
2883,凱基金,554,1,553,群益金鼎,2023-08-16,9100
2884,玉山金,508,0,508,群益金鼎,2023-08-16,9100
3231,緯創,962,472,490,群益金鼎,2023-08-16,9100
2317,鴻海,510,28,482,群益金鼎,2023-08-16,9100
2330,台積電,473,32,441,群益金鼎,2023-08-16,9100
00669R,國泰美國道瓊反1,456,21,435,群益金鼎,2023-08-16,9100
6282,康舒,428,12,416,群益金鼎,2023-08-16,9100
2890,永豐金,397,1,396,群益金鼎,2023-08-16,9100
2885,元大金,397,5,392,群益金鼎,2023-08-16,9100
3056,富華新,382,2,380,群益金鼎,2023-08-16,9100
00902,中信電池及儲能,503,123,380,群益金鼎,2023-08-16,9100
2324,仁寶,449,75,374,群益金鼎,2023-08-16,9100
2886,兆豐金,390,18,372,群益金鼎,2023-08-16,9100
2892,第一金,423,55,368,群益金鼎,2023-08-16,9100
2376,技嘉,405,41,364,群益金鼎,2023-08-16,9100
2880,華南金,335,1,334,群益金鼎,2023-08-16,9100
8358,金居,418,87,331,群益金鼎,2023-08-16,9100
2881,富邦金,332,8,324,群益金鼎,2023-08-16,9100
00706L,期元大S＆P日圓正2,323,0,323,群益金鼎,2023-08-16,9100
2882,國泰金,332,11,321,群益金鼎,2023-08-16,9100
00922,國泰台灣領袖50,1335,1014,321,群益金鼎,2023-08-16,9100
3711,日月光投控,318,1,317,群益金鼎,2023-08-16,9100
2344,華邦電,317,6,311,群益金鼎,2023-08-16,9100
00773B,中信優先金融債,327,75,252,群益金鼎,2023-08-16,9100
2329,華泰,382,158,224,群益金鼎,2023-08-16,9100
00657,國泰日經225,264,48,216,群益金鼎,2023-08-16,9100
00881,國泰台灣5G+,204,1,203,群益金鼎,2023-08-16,9100
2301,光寶科,251,50,201,群益金鼎,2023-08-16,9100
2368,金像電,222,21,201,群益金鼎,2023-08-16,9100
00728,第一金工業30,204,4,200,群益金鼎,2023-08-16,9100
2377,微星,195,4,191,群益金鼎,2023-08-16,9100
3051,力特,194,10,184,群益金鼎,2023-08-16,9100
3035,智原,328,155,173,群益金鼎,2023-08-16,9100
2412,中華電,165,1,164,群益金鼎,2023-08-16,9100
2887,台新金,392,235,157,群益金鼎,2023-08-16,9100
00905,FT臺灣Smart,153,0,153,群益金鼎,2023-08-16,9100
00666R,富邦�琤肭磪齯�1,151,0,151,群益金鼎,2023-08-16,9100
1101,台泥,152,3,149,群益金鼎,2023-08-16,9100
1402,遠東新,146,2,144,群益金鼎,2023-08-16,9100
5876,上海商銀,144,1,143,群益金鼎,2023-08-16,9100
00633L,富邦上証正2,143,0,143,群益金鼎,2023-08-16,9100
9904,寶成,139,1,138,群益金鼎,2023-08-16,9100
00632R,元大台灣50反1,12546,57,12489,群益金鼎,2023-08-17,9100
00715L,期街口布蘭特正2,1504,38,1466,群益金鼎,2023-08-17,9100
00669R,國泰美國道瓊反1,1233,0,1233,群益金鼎,2023-08-17,9100
00895,富邦未來車,1124,201,923,群益金鼎,2023-08-17,9100
00648R,元大S＆P500反1,825,2,823,群益金鼎,2023-08-17,9100
2344,華邦電,787,18,769,群益金鼎,2023-08-17,9100
00671R,富邦NASDAQ反1,746,1,745,群益金鼎,2023-08-17,9100
00905,FT臺灣Smart,714,0,714,群益金鼎,2023-08-17,9100
1722,台肥,601,0,601,群益金鼎,2023-08-17,9100
00923,群益台ESG低碳50,549,124,425,群益金鼎,2023-08-17,9100
3231,緯創,1123,735,388,群益金鼎,2023-08-17,9100
2317,鴻海,397,11,386,群益金鼎,2023-08-17,9100
3706,神達,413,39,374,群益金鼎,2023-08-17,9100
6285,啟��,323,19,304,群益金鼎,2023-08-17,9100
00686R,群益臺灣加權反1,300,5,295,群益金鼎,2023-08-17,9100
3017,奇鋐,369,108,261,群益金鼎,2023-08-17,9100
00908,富邦入息REITs+,277,23,254,群益金鼎,2023-08-17,9100
00900,富邦特選高股息30,243,0,243,群益金鼎,2023-08-17,9100
006207,復華滬深,255,16,239,群益金鼎,2023-08-17,9100
2412,中華電,238,0,238,群益金鼎,2023-08-17,9100
2610,華航,490,271,219,群益金鼎,2023-08-17,9100
00903,富邦元宇宙,215,1,214,群益金鼎,2023-08-17,9100
00697B,元大美債7-10,200,5,195,群益金鼎,2023-08-17,9100
2330,台積電,193,46,147,群益金鼎,2023-08-17,9100
3704,合勤控,146,1,145,群益金鼎,2023-08-17,9100
00931B,統一美債20年,143,0,143,群益金鼎,2023-08-17,9100
00685L,群益臺灣加權正2,150,7,143,群益金鼎,2023-08-17,9100
2201,裕隆,174,39,135,群益金鼎,2023-08-17,9100
9910,豐泰,132,0,132,群益金鼎,2023-08-17,9100
2891,中信金,138,6,132,群益金鼎,2023-08-17,9100
2377,微星,120,1,119,群益金鼎,2023-08-17,9100
2329,華泰,131,14,117,群益金鼎,2023-08-17,9100
00876,元大全球5G,128,11,117,群益金鼎,2023-08-17,9100
00643,群益深証中小,147,30,117,群益金鼎,2023-08-17,9100
2352,佳世達,145,28,117,群益金鼎,2023-08-17,9100
9904,寶成,110,0,110,群益金鼎,2023-08-17,9100
3163,波若威,155,45,110,群益金鼎,2023-08-17,9100
6188,廣明,123,14,109,群益金鼎,2023-08-17,9100
2881,富邦金,108,0,108,群益金鼎,2023-08-17,9100
2303,聯電,176,68,108,群益金鼎,2023-08-17,9100
00728,第一金工業30,105,0,105,群益金鼎,2023-08-17,9100
00892,富邦台灣半導體,110,5,105,群益金鼎,2023-08-17,9100
00638R,元大滬深300反1,104,0,104,群益金鼎,2023-08-17,9100
6643,M31,103,0,103,群益金鼎,2023-08-17,9100
3035,智原,493,390,103,群益金鼎,2023-08-17,9100
2401,凌陽,187,85,102,群益金鼎,2023-08-17,9100
00852L,國泰美國道瓊正2,100,0,100,群益金鼎,2023-08-17,9100
1402,遠東新,105,7,98,群益金鼎,2023-08-17,9100
00919,群益台灣精選高息,153,59,94,群益金鼎,2023-08-17,9100
1319,東陽,142,53,89,群益金鼎,2023-08-17,9100
00637L,元大滬深300正2,1947,60,1887,群益金鼎,2023-08-18,9100
00893,國泰智能電動車,2302,645,1657,群益金鼎,2023-08-18,9100
8358,金居,1259,169,1090,群益金鼎,2023-08-18,9100
2368,金像電,1348,479,869,群益金鼎,2023-08-18,9100
00669R,國泰美國道瓊反1,478,27,451,群益金鼎,2023-08-18,9100
00916,國泰全球品牌50,506,64,442,群益金鼎,2023-08-18,9100
5340,建榮,454,22,432,群益金鼎,2023-08-18,9100
00725B,國泰投資級公司債,406,4,402,群益金鼎,2023-08-18,9100
2344,華邦電,400,34,366,群益金鼎,2023-08-18,9100
00876,元大全球5G,542,180,362,群益金鼎,2023-08-18,9100
3711,日月光投控,349,24,325,群益金鼎,2023-08-18,9100
00772B,中信高評級公司債,1598,1276,322,群益金鼎,2023-08-18,9100
00908,富邦入息REITs+,312,0,312,群益金鼎,2023-08-18,9100
4147,中裕,303,1,302,群益金鼎,2023-08-18,9100
00636,國泰中國A50,316,20,296,群益金鼎,2023-08-18,9100
00651R,復華香港反1,400,133,267,群益金鼎,2023-08-18,9100
00850,元大臺灣ESG永續,559,312,247,群益金鼎,2023-08-18,9100
6282,康舒,283,45,238,群益金鼎,2023-08-18,9100
2606,裕民,508,301,207,群益金鼎,2023-08-18,9100
00895,富邦未來車,204,0,204,群益金鼎,2023-08-18,9100
5371,中光電,238,36,202,群益金鼎,2023-08-18,9100
0056,元大高股息,426,230,196,群益金鼎,2023-08-18,9100
00773B,中信優先金融債,591,400,191,群益金鼎,2023-08-18,9100
00706L,期元大S＆P日圓正2,175,0,175,群益金鼎,2023-08-18,9100
2603,長榮,185,18,167,群益金鼎,2023-08-18,9100
00862B,中信投資級公司債,437,275,162,群益金鼎,2023-08-18,9100
2637,慧洋-KY,152,0,152,群益金鼎,2023-08-18,9100
2363,矽統,274,129,145,群益金鼎,2023-08-18,9100
00917,中信特選金融,141,0,141,群益金鼎,2023-08-18,9100
2421,建準,213,73,140,群益金鼎,2023-08-18,9100
3533,嘉澤,140,2,138,群益金鼎,2023-08-18,9100
00688L,國泰20年美債正2,136,0,136,群益金鼎,2023-08-18,9100
00892,富邦台灣半導體,184,50,134,群益金鼎,2023-08-18,9100
3308,聯德,121,2,119,群益金鼎,2023-08-18,9100
00668,國泰美國道瓊,117,2,115,群益金鼎,2023-08-18,9100
2303,聯電,124,9,115,群益金鼎,2023-08-18,9100
2886,兆豐金,115,0,115,群益金鼎,2023-08-18,9100
3234,光環,110,0,110,群益金鼎,2023-08-18,9100
00640L,富邦日本正2,111,2,109,群益金鼎,2023-08-18,9100
00896,中信綠能及電動車,106,0,106,群益金鼎,2023-08-18,9100
2377,微星,118,13,105,群益金鼎,2023-08-18,9100
3515,華擎,122,18,104,群益金鼎,2023-08-18,9100
006205,富邦上証,94,0,94,群益金鼎,2023-08-18,9100
1810,和成,92,0,92,群益金鼎,2023-08-18,9100
2457,飛宏,93,3,90,群益金鼎,2023-08-18,9100
5388,中磊,90,4,86,群益金鼎,2023-08-18,9100
3680,家登,102,17,85,群益金鼎,2023-08-18,9100
9904,寶成,81,0,81,群益金鼎,2023-08-18,9100
3306,鼎天,78,0,78,群益金鼎,2023-08-18,9100
6414,樺漢,113,37,76,群益金鼎,2023-08-18,9100
2344,華邦電,906,0,906,群益金鼎,2023-08-21,9100
00895,富邦未來車,839,199,640,群益金鼎,2023-08-21,9100
00671R,富邦NASDAQ反1,499,0,499,群益金鼎,2023-08-21,9100
1519,華城,443,22,421,群益金鼎,2023-08-21,9100
00926,凱基全球菁英55,402,0,402,群益金鼎,2023-08-21,9100
2609,陽明,428,94,334,群益金鼎,2023-08-21,9100
6108,競國,226,0,226,群益金鼎,2023-08-21,9100
00638R,元大滬深300反1,210,0,210,群益金鼎,2023-08-21,9100
0056,元大高股息,255,60,195,群益金鼎,2023-08-21,9100
00657,國泰日經225,252,63,189,群益金鼎,2023-08-21,9100
6213,聯茂,231,50,181,群益金鼎,2023-08-21,9100
00668,國泰美國道瓊,305,150,155,群益金鼎,2023-08-21,9100
00903,富邦元宇宙,261,117,144,群益金鼎,2023-08-21,9100
2615,萬海,146,12,134,群益金鼎,2023-08-21,9100
2603,長榮,164,31,133,群益金鼎,2023-08-21,9100
4938,和碩,131,4,127,群益金鼎,2023-08-21,9100
6770,力積電,123,1,122,群益金鼎,2023-08-21,9100
3689,湧德,131,9,122,群益金鼎,2023-08-21,9100
2383,台光電,169,60,109,群益金鼎,2023-08-21,9100
2886,兆豐金,109,0,109,群益金鼎,2023-08-21,9100
00631L,元大台灣50正2,107,0,107,群益金鼎,2023-08-21,9100
2345,智邦,119,17,102,群益金鼎,2023-08-21,9100
4934,太極,100,0,100,群益金鼎,2023-08-21,9100
2884,玉山金,96,0,96,群益金鼎,2023-08-21,9100
2891,中信金,98,3,95,群益金鼎,2023-08-21,9100
2031,新光鋼,103,10,93,群益金鼎,2023-08-21,9100
2303,聯電,112,21,91,群益金鼎,2023-08-21,9100
5457,宣德,90,1,89,群益金鼎,2023-08-21,9100
2332,友訊,127,39,88,群益金鼎,2023-08-21,9100
2883,凱基金,90,7,83,群益金鼎,2023-08-21,9100
2401,凌陽,91,10,81,群益金鼎,2023-08-21,9100
9904,寶成,81,1,80,群益金鼎,2023-08-21,9100
4961,天鈺,75,0,75,群益金鼎,2023-08-21,9100
2449,京元電子,81,7,74,群益金鼎,2023-08-21,9100
3443,創意,77,5,72,群益金鼎,2023-08-21,9100
6285,啟��,109,39,70,群益金鼎,2023-08-21,9100
6235,華孚,220,152,68,群益金鼎,2023-08-21,9100
5009,榮剛,66,3,63,群益金鼎,2023-08-21,9100
1795,美時,62,2,60,群益金鼎,2023-08-21,9100
00876,元大全球5G,64,6,58,群益金鼎,2023-08-21,9100
00719B,元大美債1-3,181,125,56,群益金鼎,2023-08-21,9100
00900,富邦特選高股息30,55,1,54,群益金鼎,2023-08-21,9100
8069,元太,55,2,53,群益金鼎,2023-08-21,9100
2377,微星,61,9,52,群益金鼎,2023-08-21,9100
2331,精英,75,23,52,群益金鼎,2023-08-21,9100
00909,國泰數位支付服務,103,52,51,群益金鼎,2023-08-21,9100
2890,永豐金,51,0,51,群益金鼎,2023-08-21,9100
2892,第一金,51,0,51,群益金鼎,2023-08-21,9100
2885,元大金,51,1,50,群益金鼎,2023-08-21,9100
3231,緯創,388,339,49,群益金鼎,2023-08-21,9100
00648R,元大S＆P500反1,1059,0,1059,群益金鼎,2023-08-22,9100
2344,華邦電,1011,66,945,群益金鼎,2023-08-22,9100
00893,國泰智能電動車,850,11,839,群益金鼎,2023-08-22,9100
8358,金居,420,90,330,群益金鼎,2023-08-22,9100
2881,富邦金,300,2,298,群益金鼎,2023-08-22,9100
00830,國泰費城半導體,300,31,269,群益金鼎,2023-08-22,9100
1319,東陽,303,44,259,群益金鼎,2023-08-22,9100
00680L,元大美債20正2,253,0,253,群益金鼎,2023-08-22,9100
00924,復華S＆P500成長,200,0,200,群益金鼎,2023-08-22,9100
6235,華孚,206,37,169,群益金鼎,2023-08-22,9100
4763,材料-KY,175,13,162,群益金鼎,2023-08-22,9100
1560,中砂,155,1,154,群益金鼎,2023-08-22,9100
2606,裕民,351,197,154,群益金鼎,2023-08-22,9100
00926,凱基全球菁英55,149,0,149,群益金鼎,2023-08-22,9100
2371,大同,150,7,143,群益金鼎,2023-08-22,9100
00669R,國泰美國道瓊反1,140,0,140,群益金鼎,2023-08-22,9100
00668,國泰美國道瓊,130,2,128,群益金鼎,2023-08-22,9100
00915,凱基優選高股息30,1477,1350,127,群益金鼎,2023-08-22,9100
3231,緯創,286,170,116,群益金鼎,2023-08-22,9100
2449,京元電子,125,12,113,群益金鼎,2023-08-22,9100
00892,富邦台灣半導體,101,0,101,群益金鼎,2023-08-22,9100
00903,富邦元宇宙,100,0,100,群益金鼎,2023-08-22,9100
006207,復華滬深,102,2,100,群益金鼎,2023-08-22,9100
6170,統振,122,29,93,群益金鼎,2023-08-22,9100
2308,台達電,108,17,91,群益金鼎,2023-08-22,9100
2357,華碩,98,7,91,群益金鼎,2023-08-22,9100
2345,智邦,190,101,89,群益金鼎,2023-08-22,9100
6643,M31,90,4,86,群益金鼎,2023-08-22,9100
2329,華泰,112,39,73,群益金鼎,2023-08-22,9100
1414,東和,70,0,70,群益金鼎,2023-08-22,9100
00895,富邦未來車,195,126,69,群益金鼎,2023-08-22,9100
8932,智通*,169,100,69,群益金鼎,2023-08-22,9100
4946,辣椒,68,0,68,群益金鼎,2023-08-22,9100
00876,元大全球5G,65,1,64,群益金鼎,2023-08-22,9100
00631L,元大台灣50正2,63,7,56,群益金鼎,2023-08-22,9100
9802,鈺齊-KY,56,1,55,群益金鼎,2023-08-22,9100
8046,南電,59,5,54,群益金鼎,2023-08-22,9100
1305,華夏,50,0,50,群益金鼎,2023-08-22,9100
00666R,富邦�琤肭磪齯�1,50,0,50,群益金鼎,2023-08-22,9100
9904,寶成,50,0,50,群益金鼎,2023-08-22,9100
6592,和潤企業,54,4,50,群益金鼎,2023-08-22,9100
2031,新光鋼,55,8,47,群益金鼎,2023-08-22,9100
5457,宣德,50,4,46,群益金鼎,2023-08-22,9100
2609,陽明,49,3,46,群益金鼎,2023-08-22,9100
5222,全訊,43,0,43,群益金鼎,2023-08-22,9100
2201,裕隆,40,2,38,群益金鼎,2023-08-22,9100
2233,宇隆,60,22,38,群益金鼎,2023-08-22,9100
5210,寶碩,35,0,35,群益金鼎,2023-08-22,9100
5452,佶優,44,9,35,群益金鼎,2023-08-22,9100
2377,微星,56,21,35,群益金鼎,2023-08-22,9100
2303,聯電,645,3,642,群益金鼎,2023-08-23,9100
00772B,中信高評級公司債,489,0,489,群益金鼎,2023-08-23,9100
00903,富邦元宇宙,477,0,477,群益金鼎,2023-08-23,9100
00669R,國泰美國道瓊反1,422,0,422,群益金鼎,2023-08-23,9100
2885,元大金,407,1,406,群益金鼎,2023-08-23,9100
00648R,元大S＆P500反1,345,7,338,群益金鼎,2023-08-23,9100
2634,漢翔,529,192,337,群益金鼎,2023-08-23,9100
1477,聚陽,342,24,318,群益金鼎,2023-08-23,9100
00680L,元大美債20正2,306,0,306,群益金鼎,2023-08-23,9100
2402,毅嘉,293,43,250,群益金鼎,2023-08-23,9100
2401,凌陽,279,33,246,群益金鼎,2023-08-23,9100
2376,技嘉,427,186,241,群益金鼎,2023-08-23,9100
00908,富邦入息REITs+,206,0,206,群益金鼎,2023-08-23,9100
2344,華邦電,204,0,204,群益金鼎,2023-08-23,9100
00651R,復華香港反1,200,0,200,群益金鼎,2023-08-23,9100
00643,群益深証中小,256,75,181,群益金鼎,2023-08-23,9100
00632R,元大台灣50反1,177,1,176,群益金鼎,2023-08-23,9100
2891,中信金,147,0,147,群益金鼎,2023-08-23,9100
6285,啟��,184,43,141,群益金鼎,2023-08-23,9100
4938,和碩,141,11,130,群益金鼎,2023-08-23,9100
00895,富邦未來車,170,44,126,群益金鼎,2023-08-23,9100
00720B,元大投資級公司債,118,0,118,群益金鼎,2023-08-23,9100
2383,台光電,214,96,118,群益金鼎,2023-08-23,9100
3317,尼克森,116,0,116,群益金鼎,2023-08-23,9100
2002,中鋼,113,0,113,群益金鼎,2023-08-23,9100
4147,中裕,111,0,111,群益金鼎,2023-08-23,9100
8033,雷虎,107,0,107,群益金鼎,2023-08-23,9100
2436,偉詮電,102,0,102,群益金鼎,2023-08-23,9100
00650L,復華香港正2,201,100,101,群益金鼎,2023-08-23,9100
3013,晟銘電,252,155,97,群益金鼎,2023-08-23,9100
3675,德微,110,16,94,群益金鼎,2023-08-23,9100
00631L,元大台灣50正2,98,6,92,群益金鼎,2023-08-23,9100
6282,康舒,233,143,90,群益金鼎,2023-08-23,9100
2317,鴻海,90,0,90,群益金鼎,2023-08-23,9100
2345,智邦,87,3,84,群益金鼎,2023-08-23,9100
00688L,國泰20年美債正2,81,0,81,群益金鼎,2023-08-23,9100
1216,統一,80,0,80,群益金鼎,2023-08-23,9100
2332,友訊,101,22,79,群益金鼎,2023-08-23,9100
00751B,元大AAA至A公司債,73,0,73,群益金鼎,2023-08-23,9100
9904,寶成,71,0,71,群益金鼎,2023-08-23,9100
3311,閎暉,65,0,65,群益金鼎,2023-08-23,9100
3078,僑威,77,13,64,群益金鼎,2023-08-23,9100
3037,欣興,67,5,62,群益金鼎,2023-08-23,9100
2903,遠百,61,0,61,群益金鼎,2023-08-23,9100
8027,鈦昇,59,2,57,群益金鼎,2023-08-23,9100
8069,元太,71,14,57,群益金鼎,2023-08-23,9100
2352,佳世達,55,0,55,群益金鼎,2023-08-23,9100
006207,復華滬深,53,0,53,群益金鼎,2023-08-23,9100
00633L,富邦上証正2,50,0,50,群益金鼎,2023-08-23,9100
2515,中工,50,2,48,群益金鼎,2023-08-23,9100
00923,群益台ESG低碳50,1192,0,1192,群益金鼎,2023-08-24,9100
2376,技嘉,1391,212,1179,群益金鼎,2023-08-24,9100
00665L,富邦�琤肭磪囓�2,1830,755,1075,群益金鼎,2023-08-24,9100
00687B,國泰20年美債,1013,0,1013,群益金鼎,2023-08-24,9100
2890,永豐金,800,0,800,群益金鼎,2023-08-24,9100
2303,聯電,657,95,562,群益金鼎,2023-08-24,9100
00751B,元大AAA至A公司債,482,0,482,群益金鼎,2023-08-24,9100
2382,廣達,1042,578,464,群益金鼎,2023-08-24,9100
00631L,元大台灣50正2,444,6,438,群益金鼎,2023-08-24,9100
00669R,國泰美國道瓊反1,420,0,420,群益金鼎,2023-08-24,9100
3264,欣銓,493,110,383,群益金鼎,2023-08-24,9100
2301,光寶科,540,167,373,群益金鼎,2023-08-24,9100
5515,建國,350,0,350,群益金鼎,2023-08-24,9100
00926,凱基全球菁英55,345,0,345,群益金鼎,2023-08-24,9100
00881,國泰台灣5G+,338,2,336,群益金鼎,2023-08-24,9100
00643,群益深証中小,812,503,309,群益金鼎,2023-08-24,9100
2449,京元電子,599,315,284,群益金鼎,2023-08-24,9100
00908,富邦入息REITs+,249,0,249,群益金鼎,2023-08-24,9100
2352,佳世達,221,5,216,群益金鼎,2023-08-24,9100
8150,南茂,214,7,207,群益金鼎,2023-08-24,9100
00924,復華S＆P500成長,204,0,204,群益金鼎,2023-08-24,9100
2328,廣宇,202,0,202,群益金鼎,2023-08-24,9100
5381,合正,191,16,175,群益金鼎,2023-08-24,9100
00830,國泰費城半導體,476,309,167,群益金鼎,2023-08-24,9100
00762,元大全球AI,155,0,155,群益金鼎,2023-08-24,9100
00650L,復華香港正2,164,10,154,群益金鼎,2023-08-24,9100
3017,奇鋐,332,186,146,群益金鼎,2023-08-24,9100
00876,元大全球5G,141,0,141,群益金鼎,2023-08-24,9100
2379,瑞昱,144,3,141,群益金鼎,2023-08-24,9100
2331,精英,298,174,124,群益金鼎,2023-08-24,9100
3037,欣興,179,60,119,群益金鼎,2023-08-24,9100
2388,威盛,201,86,115,群益金鼎,2023-08-24,9100
2371,大同,112,0,112,群益金鼎,2023-08-24,9100
6198,瑞築,112,0,112,群益金鼎,2023-08-24,9100
2031,新光鋼,112,4,108,群益金鼎,2023-08-24,9100
00893,國泰智能電動車,1133,1026,107,群益金鼎,2023-08-24,9100
006205,富邦上証,100,0,100,群益金鼎,2023-08-24,9100
1210,大成,100,0,100,群益金鼎,2023-08-24,9100
1605,華新,111,12,99,群益金鼎,2023-08-24,9100
1102,亞泥,99,0,99,群益金鼎,2023-08-24,9100
2412,中華電,100,2,98,群益金鼎,2023-08-24,9100
3289,宜特,100,4,96,群益金鼎,2023-08-24,9100
2353,宏��,107,14,93,群益金鼎,2023-08-24,9100
00909,國泰數位支付服務,150,58,92,群益金鼎,2023-08-24,9100
2605,新興,93,3,90,群益金鼎,2023-08-24,9100
6829,千附精密,99,10,89,群益金鼎,2023-08-24,9100
00733,富邦臺灣中小,107,28,79,群益金鼎,2023-08-24,9100
3324,雙鴻,126,47,79,群益金鼎,2023-08-24,9100
4123,晟德,69,3,66,群益金鼎,2023-08-24,9100
9924,福興,62,0,62,群益金鼎,2023-08-24,9100
2886,兆豐金,3177,5,3172,群益金鼎,2023-08-25,9100
00669R,國泰美國道瓊反1,1053,0,1053,群益金鼎,2023-08-25,9100
2609,陽明,1033,7,1026,群益金鼎,2023-08-25,9100
2634,漢翔,718,112,606,群益金鼎,2023-08-25,9100
2748,雲品,557,4,553,群益金鼎,2023-08-25,9100
00712,復華富時不動產,526,0,526,群益金鼎,2023-08-25,9100
00687B,國泰20年美債,411,0,411,群益金鼎,2023-08-25,9100
2603,長榮,416,10,406,群益金鼎,2023-08-25,9100
00915,凱基優選高股息30,598,239,359,群益金鼎,2023-08-25,9100
00728,第一金工業30,346,0,346,群益金鼎,2023-08-25,9100
00671R,富邦NASDAQ反1,801,499,302,群益金鼎,2023-08-25,9100
00680L,元大美債20正2,301,0,301,群益金鼎,2023-08-25,9100
00917,中信特選金融,265,0,265,群益金鼎,2023-08-25,9100
2645,長榮航太,261,4,257,群益金鼎,2023-08-25,9100
00930,永豐ESG低碳高息,246,0,246,群益金鼎,2023-08-25,9100
2409,友達,301,59,242,群益金鼎,2023-08-25,9100
2363,矽統,683,465,218,群益金鼎,2023-08-25,9100
2344,華邦電,200,1,199,群益金鼎,2023-08-25,9100
00918,大華優利高填息30,203,8,195,群益金鼎,2023-08-25,9100
2382,廣達,541,357,184,群益金鼎,2023-08-25,9100
6829,千附精密,173,1,172,群益金鼎,2023-08-25,9100
1102,亞泥,158,0,158,群益金鼎,2023-08-25,9100
00638R,元大滬深300反1,157,0,157,群益金鼎,2023-08-25,9100
00772B,中信高評級公司債,439,287,152,群益金鼎,2023-08-25,9100
00920,富邦ESG綠色電力,195,54,141,群益金鼎,2023-08-25,9100
2383,台光電,222,87,135,群益金鼎,2023-08-25,9100
00733,富邦臺灣中小,173,49,124,群益金鼎,2023-08-25,9100
00910,第一金太空衛星,110,0,110,群益金鼎,2023-08-25,9100
00881,國泰台灣5G+,106,0,106,群益金鼎,2023-08-25,9100
1301,台塑,106,2,104,群益金鼎,2023-08-25,9100
0052,富邦科技,157,55,102,群益金鼎,2023-08-25,9100
2345,智邦,100,2,98,群益金鼎,2023-08-25,9100
00657,國泰日經225,178,81,97,群益金鼎,2023-08-25,9100
4130,健亞,97,0,97,群益金鼎,2023-08-25,9100
2404,漢唐,90,0,90,群益金鼎,2023-08-25,9100
2201,裕隆,75,0,75,群益金鼎,2023-08-25,9100
00632R,元大台灣50反1,201,132,69,群益金鼎,2023-08-25,9100
2206,三陽工業,70,6,64,群益金鼎,2023-08-25,9100
0056,元大高股息,63,2,61,群益金鼎,2023-08-25,9100
2515,中工,60,0,60,群益金鼎,2023-08-25,9100
6168,宏齊,61,6,55,群益金鼎,2023-08-25,9100
9904,寶成,51,0,51,群益金鼎,2023-08-25,9100
2605,新興,50,0,50,群益金鼎,2023-08-25,9100
2457,飛宏,49,0,49,群益金鼎,2023-08-25,9100
3289,宜特,52,4,48,群益金鼎,2023-08-25,9100
2368,金像電,72,27,45,群益金鼎,2023-08-25,9100
8076,伍豐,45,0,45,群益金鼎,2023-08-25,9100
00650L,復華香港正2,43,0,43,群益金鼎,2023-08-25,9100
5381,合正,243,200,43,群益金鼎,2023-08-25,9100
5515,建國,42,0,42,群益金鼎,2023-08-25,9100
00637L,元大滬深300正2,7322,12,7310,群益金鼎,2023-08-28,9100
2303,聯電,1417,62,1355,群益金鼎,2023-08-28,9100
2609,陽明,963,48,915,群益金鼎,2023-08-28,9100
00772B,中信高評級公司債,650,1,649,群益金鼎,2023-08-28,9100
3715,定穎投控,741,178,563,群益金鼎,2023-08-28,9100
00633L,富邦上証正2,544,176,368,群益金鼎,2023-08-28,9100
2603,長榮,385,27,358,群益金鼎,2023-08-28,9100
00715L,期街口布蘭特正2,354,0,354,群益金鼎,2023-08-28,9100
1584,精剛,304,3,301,群益金鼎,2023-08-28,9100
2382,廣達,487,225,262,群益金鼎,2023-08-28,9100
2201,裕隆,269,29,240,群益金鼎,2023-08-28,9100
2449,京元電子,402,168,234,群益金鼎,2023-08-28,9100
00687B,國泰20年美債,231,2,229,群益金鼎,2023-08-28,9100
00917,中信特選金融,224,0,224,群益金鼎,2023-08-28,9100
3481,群創,205,3,202,群益金鼎,2023-08-28,9100
00830,國泰費城半導體,531,338,193,群益金鼎,2023-08-28,9100
00908,富邦入息REITs+,169,0,169,群益金鼎,2023-08-28,9100
00897,富邦基因免疫生技,161,0,161,群益金鼎,2023-08-28,9100
2301,光寶科,195,54,141,群益金鼎,2023-08-28,9100
2312,金寶,154,14,140,群益金鼎,2023-08-28,9100
6235,華孚,400,267,133,群益金鼎,2023-08-28,9100
00909,國泰數位支付服務,176,45,131,群益金鼎,2023-08-28,9100
8150,南茂,132,2,130,群益金鼎,2023-08-28,9100
00671R,富邦NASDAQ反1,125,0,125,群益金鼎,2023-08-28,9100
2409,友達,151,40,111,群益金鼎,2023-08-28,9100
00657,國泰日經225,110,9,101,群益金鼎,2023-08-28,9100
00795B,中信美國公債20年,176,76,100,群益金鼎,2023-08-28,9100
2404,漢唐,89,5,84,群益金鼎,2023-08-28,9100
3289,宜特,93,10,83,群益金鼎,2023-08-28,9100
2352,佳世達,187,107,80,群益金鼎,2023-08-28,9100
2105,正新,77,1,76,群益金鼎,2023-08-28,9100
2887,台新金,74,1,73,群益金鼎,2023-08-28,9100
3227,原相,99,27,72,群益金鼎,2023-08-28,9100
2454,聯發科,78,12,66,群益金鼎,2023-08-28,9100
00920,富邦ESG綠色電力,117,53,64,群益金鼎,2023-08-28,9100
00859B,群益0-1年美債,61,0,61,群益金鼎,2023-08-28,9100
6198,瑞築,60,0,60,群益金鼎,2023-08-28,9100
9904,寶成,57,1,56,群益金鼎,2023-08-28,9100
2385,群光,57,1,56,群益金鼎,2023-08-28,9100
4906,正文,243,188,55,群益金鼎,2023-08-28,9100
6279,胡連,68,14,54,群益金鼎,2023-08-28,9100
6592,和潤企業,51,1,50,群益金鼎,2023-08-28,9100
2880,華南金,49,0,49,群益金鼎,2023-08-28,9100
6282,康舒,73,26,47,群益金鼎,2023-08-28,9100
3653,健策,48,3,45,群益金鼎,2023-08-28,9100
3033,威健,44,0,44,群益金鼎,2023-08-28,9100
00643,群益深証中小,283,243,40,群益金鼎,2023-08-28,9100
2610,華航,98,61,37,群益金鼎,2023-08-28,9100
2630,亞航,39,6,33,群益金鼎,2023-08-28,9100
6168,宏齊,61,30,31,群益金鼎,2023-08-28,9100
00665L,富邦�琤肭磪囓�2,846,146,700,群益金鼎,2023-08-29,9100
00772B,中信高評級公司債,1265,607,658,群益金鼎,2023-08-29,9100
00633L,富邦上証正2,522,0,522,群益金鼎,2023-08-29,9100
00632R,元大台灣50反1,475,0,475,群益金鼎,2023-08-29,9100
2303,聯電,431,14,417,群益金鼎,2023-08-29,9100
00878,國泰永續高股息,417,55,362,群益金鼎,2023-08-29,9100
1319,東陽,352,11,341,群益金鼎,2023-08-29,9100
6757,台灣虎航,319,0,319,群益金鼎,2023-08-29,9100
00650L,復華香港正2,300,13,287,群益金鼎,2023-08-29,9100
00861,元大全球未來通訊,285,0,285,群益金鼎,2023-08-29,9100
3711,日月光投控,250,1,249,群益金鼎,2023-08-29,9100
2891,中信金,281,50,231,群益金鼎,2023-08-29,9100
2436,偉詮電,278,54,224,群益金鼎,2023-08-29,9100
3037,欣興,277,65,212,群益金鼎,2023-08-29,9100
00655L,國泰中國A50正2,209,0,209,群益金鼎,2023-08-29,9100
00773B,中信優先金融債,283,75,208,群益金鼎,2023-08-29,9100
00645,富邦日本,672,464,208,群益金鼎,2023-08-29,9100
2455,全新,186,4,182,群益金鼎,2023-08-29,9100
2609,陽明,181,1,180,群益金鼎,2023-08-29,9100
2201,裕隆,183,12,171,群益金鼎,2023-08-29,9100
00885,富邦越南,157,0,157,群益金鼎,2023-08-29,9100
2317,鴻海,221,68,153,群益金鼎,2023-08-29,9100
00638R,元大滬深300反1,137,2,135,群益金鼎,2023-08-29,9100
2903,遠百,129,0,129,群益金鼎,2023-08-29,9100
8927,北基,112,1,111,群益金鼎,2023-08-29,9100
2458,義隆,112,2,110,群益金鼎,2023-08-29,9100
00795B,中信美國公債20年,108,1,107,群益金鼎,2023-08-29,9100
00925,新光標普電動車,105,0,105,群益金鼎,2023-08-29,9100
2324,仁寶,106,2,104,群益金鼎,2023-08-29,9100
1216,統一,102,1,101,群益金鼎,2023-08-29,9100
00864B,中信美國公債0-1,125,26,99,群益金鼎,2023-08-29,9100
2330,台積電,117,24,93,群益金鼎,2023-08-29,9100
6176,瑞儀,93,1,92,群益金鼎,2023-08-29,9100
9945,潤泰新,94,4,90,群益金鼎,2023-08-29,9100
5222,全訊,130,41,89,群益金鼎,2023-08-29,9100
00714,群益道瓊美國地產,97,11,86,群益金鼎,2023-08-29,9100
9958,世紀鋼,144,65,79,群益金鼎,2023-08-29,9100
00762,元大全球AI,75,0,75,群益金鼎,2023-08-29,9100
2412,中華電,72,1,71,群益金鼎,2023-08-29,9100
6285,啟��,85,15,70,群益金鼎,2023-08-29,9100
2645,長榮航太,72,2,70,群益金鼎,2023-08-29,9100
1584,精剛,89,19,70,群益金鼎,2023-08-29,9100
2603,長榮,72,4,68,群益金鼎,2023-08-29,9100
2615,萬海,86,18,68,群益金鼎,2023-08-29,9100
2340,台亞,69,5,64,群益金鼎,2023-08-29,9100
5457,宣德,70,6,64,群益金鼎,2023-08-29,9100
00926,凱基全球菁英55,95,32,63,群益金鼎,2023-08-29,9100
6829,千附精密,63,2,61,群益金鼎,2023-08-29,9100
3715,定穎投控,90,33,57,群益金鼎,2023-08-29,9100
4961,天鈺,59,2,57,群益金鼎,2023-08-29,9100
00878,國泰永續高股息,1519,30,1489,群益金鼎,2023-08-30,9100
00648R,元大S＆P500反1,1399,0,1399,群益金鼎,2023-08-30,9100
00712,復華富時不動產,1237,2,1235,群益金鼎,2023-08-30,9100
00893,國泰智能電動車,1787,746,1041,群益金鼎,2023-08-30,9100
00795B,中信美國公債20年,781,75,706,群益金鼎,2023-08-30,9100
00927,群益半導體收益,693,5,688,群益金鼎,2023-08-30,9100
8358,金居,711,54,657,群益金鼎,2023-08-30,9100
3260,威剛,603,28,575,群益金鼎,2023-08-30,9100
3715,定穎投控,661,143,518,群益金鼎,2023-08-30,9100
00687B,國泰20年美債,479,0,479,群益金鼎,2023-08-30,9100
1308,亞聚,440,0,440,群益金鼎,2023-08-30,9100
6213,聯茂,633,249,384,群益金鼎,2023-08-30,9100
2201,裕隆,545,162,383,群益金鼎,2023-08-30,9100
2337,旺宏,428,50,378,群益金鼎,2023-08-30,9100
00715L,期街口布蘭特正2,324,0,324,群益金鼎,2023-08-30,9100
00680L,元大美債20正2,288,0,288,群益金鼎,2023-08-30,9100
2376,技嘉,405,138,267,群益金鼎,2023-08-30,9100
2303,聯電,367,102,265,群益金鼎,2023-08-30,9100
3035,智原,350,126,224,群益金鼎,2023-08-30,9100
2609,陽明,221,2,219,群益金鼎,2023-08-30,9100
3014,聯陽,168,1,167,群益金鼎,2023-08-30,9100
2390,云辰,166,0,166,群益金鼎,2023-08-30,9100
8044,網家,164,0,164,群益金鼎,2023-08-30,9100
00895,富邦未來車,156,0,156,群益金鼎,2023-08-30,9100
1802,台玻,157,4,153,群益金鼎,2023-08-30,9100
1722,台肥,150,1,149,群益金鼎,2023-08-30,9100
2382,廣達,333,186,147,群益金鼎,2023-08-30,9100
2383,台光電,231,86,145,群益金鼎,2023-08-30,9100
00885,富邦越南,141,0,141,群益金鼎,2023-08-30,9100
00638R,元大滬深300反1,139,0,139,群益金鼎,2023-08-30,9100
00926,凱基全球菁英55,136,0,136,群益金鼎,2023-08-30,9100
3078,僑威,137,4,133,群益金鼎,2023-08-30,9100
2301,光寶科,225,95,130,群益金鼎,2023-08-30,9100
00924,復華S＆P500成長,130,1,129,群益金鼎,2023-08-30,9100
5425,台半,145,26,119,群益金鼎,2023-08-30,9100
2408,南亞科,125,6,119,群益金鼎,2023-08-30,9100
00861,元大全球未來通訊,103,0,103,群益金鼎,2023-08-30,9100
00631L,元大台灣50正2,110,8,102,群益金鼎,2023-08-30,9100
00670L,富邦NASDAQ正2,105,5,100,群益金鼎,2023-08-30,9100
2368,金像電,105,8,97,群益金鼎,2023-08-30,9100
6235,華孚,254,160,94,群益金鼎,2023-08-30,9100
8299,群聯,107,16,91,群益金鼎,2023-08-30,9100
6285,啟��,168,81,87,群益金鼎,2023-08-30,9100
3217,優群,187,103,84,群益金鼎,2023-08-30,9100
00916,國泰全球品牌50,81,0,81,群益金鼎,2023-08-30,9100
2634,漢翔,129,49,80,群益金鼎,2023-08-30,9100
00909,國泰數位支付服務,80,0,80,群益金鼎,2023-08-30,9100
2059,川湖,107,27,80,群益金鼎,2023-08-30,9100
3701,大眾控,78,1,77,群益金鼎,2023-08-30,9100
3006,晶豪科,89,12,77,群益金鼎,2023-08-30,9100
00687B,國泰20年美債,2004,0,2004,群益金鼎,2023-08-31,9100
2105,正新,1210,30,1180,群益金鼎,2023-08-31,9100
00680L,元大美債20正2,1000,0,1000,群益金鼎,2023-08-31,9100
00878,國泰永續高股息,954,1,953,群益金鼎,2023-08-31,9100
00772B,中信高評級公司債,827,50,777,群益金鼎,2023-08-31,9100
3231,緯創,1062,317,745,群益金鼎,2023-08-31,9100
00795B,中信美國公債20年,724,0,724,群益金鼎,2023-08-31,9100
00632R,元大台灣50反1,699,0,699,群益金鼎,2023-08-31,9100
00751B,元大AAA至A公司債,846,200,646,群益金鼎,2023-08-31,9100
3260,威剛,641,30,611,群益金鼎,2023-08-31,9100
00895,富邦未來車,554,0,554,群益金鼎,2023-08-31,9100
2002,中鋼,499,0,499,群益金鼎,2023-08-31,9100
1319,東陽,371,67,304,群益金鼎,2023-08-31,9100
6285,啟��,379,77,302,群益金鼎,2023-08-31,9100
00764B,群益25年美債,1103,854,249,群益金鼎,2023-08-31,9100
2454,聯發科,224,7,217,群益金鼎,2023-08-31,9100
2383,台光電,404,194,210,群益金鼎,2023-08-31,9100
2634,漢翔,301,91,210,群益金鼎,2023-08-31,9100
2609,陽明,186,2,184,群益金鼎,2023-08-31,9100
2337,旺宏,430,250,180,群益金鼎,2023-08-31,9100
3545,敦泰,177,0,177,群益金鼎,2023-08-31,9100
00762,元大全球AI,173,0,173,群益金鼎,2023-08-31,9100
2345,智邦,165,7,158,群益金鼎,2023-08-31,9100
00773B,中信優先金融債,229,75,154,群益金鼎,2023-08-31,9100
2329,華泰,174,31,143,群益金鼎,2023-08-31,9100
6122,擎邦,139,4,135,群益金鼎,2023-08-31,9100
6806,森崴能源,125,0,125,群益金鼎,2023-08-31,9100
6213,聯茂,443,318,125,群益金鼎,2023-08-31,9100
006207,復華滬深,115,4,111,群益金鼎,2023-08-31,9100
2352,佳世達,125,16,109,群益金鼎,2023-08-31,9100
1522,堤維西,114,6,108,群益金鼎,2023-08-31,9100
00738U,期元大道瓊白銀,100,0,100,群益金鼎,2023-08-31,9100
00688L,國泰20年美債正2,100,0,100,群益金鼎,2023-08-31,9100
1584,精剛,98,1,97,群益金鼎,2023-08-31,9100
3227,原相,106,10,96,群益金鼎,2023-08-31,9100
00670L,富邦NASDAQ正2,104,10,94,群益金鼎,2023-08-31,9100
2331,精英,144,51,93,群益金鼎,2023-08-31,9100
2382,廣達,483,396,87,群益金鼎,2023-08-31,9100
2449,京元電子,92,6,86,群益金鼎,2023-08-31,9100
5351,鈺創,83,0,83,群益金鼎,2023-08-31,9100
3596,智易,69,1,68,群益金鼎,2023-08-31,9100
1210,大成,67,2,65,群益金鼎,2023-08-31,9100
00891,中信關鍵半導體,64,0,64,群益金鼎,2023-08-31,9100
4147,中裕,76,13,63,群益金鼎,2023-08-31,9100
00725B,國泰投資級公司債,71,9,62,群益金鼎,2023-08-31,9100
5457,宣德,60,0,60,群益金鼎,2023-08-31,9100
6605,帝寶,60,1,59,群益金鼎,2023-08-31,9100
3037,欣興,64,6,58,群益金鼎,2023-08-31,9100
2485,兆赫,167,112,55,群益金鼎,2023-08-31,9100
2610,華航,75,21,54,群益金鼎,2023-08-31,9100
2408,南亞科,1517,1,1516,群益金鼎,2023-09-01,9100
00715L,期街口布蘭特正2,960,2,958,群益金鼎,2023-09-01,9100
00772B,中信高評級公司債,976,225,751,群益金鼎,2023-09-01,9100
1802,台玻,964,219,745,群益金鼎,2023-09-01,9100
3548,兆利,497,20,477,群益金鼎,2023-09-01,9100
00642U,期元大S＆P石油,472,0,472,群益金鼎,2023-09-01,9100
2201,裕隆,455,81,374,群益金鼎,2023-09-01,9100
00893,國泰智能電動車,574,201,373,群益金鼎,2023-09-01,9100
2331,精英,424,112,312,群益金鼎,2023-09-01,9100
6719,力智,301,0,301,群益金鼎,2023-09-01,9100
2105,正新,308,18,290,群益金鼎,2023-09-01,9100
2312,金寶,271,17,254,群益金鼎,2023-09-01,9100
00895,富邦未來車,253,0,253,群益金鼎,2023-09-01,9100
00637L,元大滬深300正2,244,10,234,群益金鼎,2023-09-01,9100
3715,定穎投控,234,32,202,群益金鼎,2023-09-01,9100
3596,智易,305,127,178,群益金鼎,2023-09-01,9100
2492,華新科,161,15,146,群益金鼎,2023-09-01,9100
6285,啟��,157,31,126,群益金鼎,2023-09-01,9100
2388,威盛,132,11,121,群益金鼎,2023-09-01,9100
2204,中華,114,1,113,群益金鼎,2023-09-01,9100
2402,毅嘉,243,140,103,群益金鼎,2023-09-01,9100
1519,華城,122,20,102,群益金鼎,2023-09-01,9100
2340,台亞,105,4,101,群益金鼎,2023-09-01,9100
00861,元大全球未來通訊,100,0,100,群益金鼎,2023-09-01,9100
2645,長榮航太,104,5,99,群益金鼎,2023-09-01,9100
3588,通嘉,102,8,94,群益金鼎,2023-09-01,9100
5457,宣德,91,0,91,群益金鼎,2023-09-01,9100
00916,國泰全球品牌50,90,0,90,群益金鼎,2023-09-01,9100
00643,群益深証中小,86,0,86,群益金鼎,2023-09-01,9100
00773B,中信優先金融債,392,311,81,群益金鼎,2023-09-01,9100
00762,元大全球AI,80,0,80,群益金鼎,2023-09-01,9100
6412,群電,75,1,74,群益金鼎,2023-09-01,9100
3217,優群,92,19,73,群益金鼎,2023-09-01,9100
2377,微星,111,43,68,群益金鼎,2023-09-01,9100
00682U,期元大美元指數,65,0,65,群益金鼎,2023-09-01,9100
00670L,富邦NASDAQ正2,64,0,64,群益金鼎,2023-09-01,9100
00752,中信中國50,62,0,62,群益金鼎,2023-09-01,9100
6732,昇佳電子,61,1,60,群益金鼎,2023-09-01,9100
3035,智原,303,243,60,群益金鼎,2023-09-01,9100
6213,聯茂,421,363,58,群益金鼎,2023-09-01,9100
4967,十銓,103,45,58,群益金鼎,2023-09-01,9100
2356,英業達,91,37,54,群益金鼎,2023-09-01,9100
6274,台燿,121,68,53,群益金鼎,2023-09-01,9100
00631L,元大台灣50正2,57,5,52,群益金鼎,2023-09-01,9100
2330,台積電,51,0,51,群益金鼎,2023-09-01,9100
6175,立敦,50,0,50,群益金鼎,2023-09-01,9100
5009,榮剛,102,53,49,群益金鼎,2023-09-01,9100
2618,長榮航,79,31,48,群益金鼎,2023-09-01,9100
2206,三陽工業,54,7,47,群益金鼎,2023-09-01,9100
00684R,期元大美元指反1,46,0,46,群益金鼎,2023-09-01,9100
00637L,元大滬深300正2,18212,60,18152,群益金鼎,2023-09-04,9100
00665L,富邦�琤肭磪囓�2,1441,146,1295,群益金鼎,2023-09-04,9100
00893,國泰智能電動車,1142,12,1130,群益金鼎,2023-09-04,9100
00712,復華富時不動產,901,9,892,群益金鼎,2023-09-04,9100
2303,聯電,706,6,700,群益金鼎,2023-09-04,9100
00633L,富邦上証正2,665,0,665,群益金鼎,2023-09-04,9100
2371,大同,742,143,599,群益金鼎,2023-09-04,9100
3231,緯創,911,330,581,群益金鼎,2023-09-04,9100
2603,長榮,628,72,556,群益金鼎,2023-09-04,9100
00927,群益半導體收益,420,3,417,群益金鼎,2023-09-04,9100
3264,欣銓,425,9,416,群益金鼎,2023-09-04,9100
2382,廣達,433,29,404,群益金鼎,2023-09-04,9100
00671R,富邦NASDAQ反1,401,0,401,群益金鼎,2023-09-04,9100
2352,佳世達,403,6,397,群益金鼎,2023-09-04,9100
00881,國泰台灣5G+,392,0,392,群益金鼎,2023-09-04,9100
2347,聯強,392,18,374,群益金鼎,2023-09-04,9100
6176,瑞儀,351,0,351,群益金鼎,2023-09-04,9100
4915,致伸,350,0,350,群益金鼎,2023-09-04,9100
5469,瀚宇博,349,0,349,群益金鼎,2023-09-04,9100
8050,廣積,313,0,313,群益金鼎,2023-09-04,9100
6147,頎邦,313,7,306,群益金鼎,2023-09-04,9100
2409,友達,322,50,272,群益金鼎,2023-09-04,9100
2605,新興,251,0,251,群益金鼎,2023-09-04,9100
00891,中信關鍵半導體,244,0,244,群益金鼎,2023-09-04,9100
5371,中光電,329,98,231,群益金鼎,2023-09-04,9100
2458,義隆,271,53,218,群益金鼎,2023-09-04,9100
2609,陽明,205,0,205,群益金鼎,2023-09-04,9100
1301,台塑,200,4,196,群益金鼎,2023-09-04,9100
2204,中華,223,29,194,群益金鼎,2023-09-04,9100
00631L,元大台灣50正2,210,18,192,群益金鼎,2023-09-04,9100
5351,鈺創,191,12,179,群益金鼎,2023-09-04,9100
4919,新唐,159,0,159,群益金鼎,2023-09-04,9100
8086,宏捷科,163,8,155,群益金鼎,2023-09-04,9100
00923,群益台ESG低碳50,152,0,152,群益金鼎,2023-09-04,9100
00664R,國泰臺灣加權反1,150,0,150,群益金鼎,2023-09-04,9100
6282,康舒,225,79,146,群益金鼎,2023-09-04,9100
5483,中美晶,151,11,140,群益金鼎,2023-09-04,9100
1308,亞聚,136,0,136,群益金鼎,2023-09-04,9100
8016,矽創,170,38,132,群益金鼎,2023-09-04,9100
3711,日月光投控,177,47,130,群益金鼎,2023-09-04,9100
2404,漢唐,127,0,127,群益金鼎,2023-09-04,9100
6235,華孚,134,7,127,群益金鼎,2023-09-04,9100
2368,金像電,166,42,124,群益金鼎,2023-09-04,9100
00878,國泰永續高股息,131,8,123,群益金鼎,2023-09-04,9100
00917,中信特選金融,118,0,118,群益金鼎,2023-09-04,9100
00682U,期元大美元指數,109,0,109,群益金鼎,2023-09-04,9100
00651R,復華香港反1,107,0,107,群益金鼎,2023-09-04,9100
3014,聯陽,111,4,107,群益金鼎,2023-09-04,9100
4906,正文,143,39,104,群益金鼎,2023-09-04,9100
2474,可成,103,0,103,群益金鼎,2023-09-04,9100
2303,聯電,1698,4,1694,群益金鼎,2023-09-05,9100
2609,陽明,1620,1,1619,群益金鼎,2023-09-05,9100
00891,中信關鍵半導體,1576,0,1576,群益金鼎,2023-09-05,9100
00927,群益半導體收益,1239,23,1216,群益金鼎,2023-09-05,9100
2890,永豐金,774,0,774,群益金鼎,2023-09-05,9100
00893,國泰智能電動車,852,103,749,群益金鼎,2023-09-05,9100
00637L,元大滬深300正2,673,0,673,群益金鼎,2023-09-05,9100
00881,國泰台灣5G+,633,0,633,群益金鼎,2023-09-05,9100
2615,萬海,596,30,566,群益金鼎,2023-09-05,9100
00902,中信電池及儲能,544,122,422,群益金鼎,2023-09-05,9100
2352,佳世達,407,1,406,群益金鼎,2023-09-05,9100
2449,京元電子,479,86,393,群益金鼎,2023-09-05,9100
2376,技嘉,402,28,374,群益金鼎,2023-09-05,9100
2455,全新,381,58,323,群益金鼎,2023-09-05,9100
2379,瑞昱,340,18,322,群益金鼎,2023-09-05,9100
1319,東陽,344,27,317,群益金鼎,2023-09-05,9100
6122,擎邦,508,202,306,群益金鼎,2023-09-05,9100
00930,永豐ESG低碳高息,278,0,278,群益金鼎,2023-09-05,9100
3044,健鼎,357,82,275,群益金鼎,2023-09-05,9100
3704,合勤控,260,3,257,群益金鼎,2023-09-05,9100
8358,金居,537,296,241,群益金鼎,2023-09-05,9100
5258,虹堡,240,1,239,群益金鼎,2023-09-05,9100
2368,金像電,308,79,229,群益金鼎,2023-09-05,9100
00926,凱基全球菁英55,227,0,227,群益金鼎,2023-09-05,9100
2382,廣達,339,144,195,群益金鼎,2023-09-05,9100
3715,定穎投控,244,51,193,群益金鼎,2023-09-05,9100
00920,富邦ESG綠色電力,187,0,187,群益金鼎,2023-09-05,9100
4148,全宇生技-KY,159,0,159,群益金鼎,2023-09-05,9100
00715L,期街口布蘭特正2,157,0,157,群益金鼎,2023-09-05,9100
00728,第一金工業30,152,0,152,群益金鼎,2023-09-05,9100
00664R,國泰臺灣加權反1,150,2,148,群益金鼎,2023-09-05,9100
2404,漢唐,149,7,142,群益金鼎,2023-09-05,9100
2605,新興,441,302,139,群益金鼎,2023-09-05,9100
2603,長榮,151,18,133,群益金鼎,2023-09-05,9100
2340,台亞,123,5,118,群益金鼎,2023-09-05,9100
3035,智原,172,55,117,群益金鼎,2023-09-05,9100
2331,精英,172,57,115,群益金鼎,2023-09-05,9100
00878,國泰永續高股息,159,48,111,群益金鼎,2023-09-05,9100
1314,中石化,108,0,108,群益金鼎,2023-09-05,9100
5425,台半,125,23,102,群益金鼎,2023-09-05,9100
2887E,台新戊特,98,0,98,群益金鼎,2023-09-05,9100
6235,華孚,124,28,96,群益金鼎,2023-09-05,9100
2385,群光,96,2,94,群益金鼎,2023-09-05,9100
2204,中華,144,61,83,群益金鼎,2023-09-05,9100
2402,毅嘉,129,46,83,群益金鼎,2023-09-05,9100
006205,富邦上証,82,0,82,群益金鼎,2023-09-05,9100
3034,聯詠,87,6,81,群益金鼎,2023-09-05,9100
2371,大同,143,67,76,群益金鼎,2023-09-05,9100
2313,華通,100,24,76,群益金鼎,2023-09-05,9100
2377,微星,129,54,75,群益金鼎,2023-09-05,9100
00927,群益半導體收益,1603,29,1574,群益金鼎,2023-09-06,9100
2609,陽明,1420,3,1417,群益金鼎,2023-09-06,9100
00881,國泰台灣5G+,893,1,892,群益金鼎,2023-09-06,9100
3596,智易,841,2,839,群益金鼎,2023-09-06,9100
4961,天鈺,777,10,767,群益金鼎,2023-09-06,9100
00923,群益台ESG低碳50,590,18,572,群益金鼎,2023-09-06,9100
2409,友達,527,3,524,群益金鼎,2023-09-06,9100
00715L,期街口布蘭特正2,513,0,513,群益金鼎,2023-09-06,9100
00712,復華富時不動產,513,1,512,群益金鼎,2023-09-06,9100
00637L,元大滬深300正2,511,3,508,群益金鼎,2023-09-06,9100
8358,金居,566,66,500,群益金鼎,2023-09-06,9100
00903,富邦元宇宙,470,8,462,群益金鼎,2023-09-06,9100
2313,華通,622,195,427,群益金鼎,2023-09-06,9100
00830,國泰費城半導體,405,1,404,群益金鼎,2023-09-06,9100
00891,中信關鍵半導體,394,4,390,群益金鼎,2023-09-06,9100
00900,富邦特選高股息30,419,30,389,群益金鼎,2023-09-06,9100
2615,萬海,403,40,363,群益金鼎,2023-09-06,9100
00905,FT臺灣Smart,352,0,352,群益金鼎,2023-09-06,9100
9802,鈺齊-KY,308,0,308,群益金鼎,2023-09-06,9100
00895,富邦未來車,306,0,306,群益金鼎,2023-09-06,9100
00878,國泰永續高股息,422,125,297,群益金鼎,2023-09-06,9100
6176,瑞儀,300,3,297,群益金鼎,2023-09-06,9100
00764B,群益25年美債,1733,1458,275,群益金鼎,2023-09-06,9100
3711,日月光投控,265,7,258,群益金鼎,2023-09-06,9100
3704,合勤控,258,5,253,群益金鼎,2023-09-06,9100
3044,健鼎,314,62,252,群益金鼎,2023-09-06,9100
00893,國泰智能電動車,253,3,250,群益金鼎,2023-09-06,9100
6274,台燿,266,43,223,群益金鼎,2023-09-06,9100
2002,中鋼,216,3,213,群益金鼎,2023-09-06,9100
00633L,富邦上証正2,203,0,203,群益金鼎,2023-09-06,9100
3481,群創,316,116,200,群益金鼎,2023-09-06,9100
00636,國泰中國A50,238,51,187,群益金鼎,2023-09-06,9100
4123,晟德,186,4,182,群益金鼎,2023-09-06,9100
00892,富邦台灣半導體,183,1,182,群益金鼎,2023-09-06,9100
00924,復華S＆P500成長,181,0,181,群益金鼎,2023-09-06,9100
00728,第一金工業30,169,1,168,群益金鼎,2023-09-06,9100
4966,譜瑞-KY,175,7,168,群益金鼎,2023-09-06,9100
6147,頎邦,192,26,166,群益金鼎,2023-09-06,9100
6282,康舒,190,30,160,群益金鼎,2023-09-06,9100
3035,智原,185,26,159,群益金鼎,2023-09-06,9100
1477,聚陽,162,8,154,群益金鼎,2023-09-06,9100
3702,大聯大,148,1,147,群益金鼎,2023-09-06,9100
1308,亞聚,145,0,145,群益金鼎,2023-09-06,9100
00882,中信中國高股息,134,0,134,群益金鼎,2023-09-06,9100
00638R,元大滬深300反1,124,0,124,群益金鼎,2023-09-06,9100
8112,至上,337,215,122,群益金鼎,2023-09-06,9100
8046,南電,160,39,121,群益金鼎,2023-09-06,9100
00631L,元大台灣50正2,111,0,111,群益金鼎,2023-09-06,9100
8016,矽創,119,10,109,群益金鼎,2023-09-06,9100
3587,閎康,101,1,100,群益金鼎,2023-09-06,9100
2303,聯電,1722,14,1708,群益金鼎,2023-09-07,9100
00927,群益半導體收益,1642,46,1596,群益金鼎,2023-09-07,9100
00900,富邦特選高股息30,1441,0,1441,群益金鼎,2023-09-07,9100
2313,華通,1563,460,1103,群益金鼎,2023-09-07,9100
00893,國泰智能電動車,1107,17,1090,群益金鼎,2023-09-07,9100
2337,旺宏,896,27,869,群益金鼎,2023-09-07,9100
6182,合晶,781,12,769,群益金鼎,2023-09-07,9100
2603,長榮,750,0,750,群益金鼎,2023-09-07,9100
3702,大聯大,682,6,676,群益金鼎,2023-09-07,9100
6191,精成科,773,153,620,群益金鼎,2023-09-07,9100
3715,定穎投控,677,59,618,群益金鼎,2023-09-07,9100
2353,宏��,624,29,595,群益金鼎,2023-09-07,9100
00903,富邦元宇宙,602,16,586,群益金鼎,2023-09-07,9100
2449,京元電子,689,115,574,群益金鼎,2023-09-07,9100
8112,至上,688,138,550,群益金鼎,2023-09-07,9100
6147,頎邦,553,5,548,群益金鼎,2023-09-07,9100
2347,聯強,514,4,510,群益金鼎,2023-09-07,9100
3264,欣銓,591,130,461,群益金鼎,2023-09-07,9100
00669R,國泰美國道瓊反1,378,0,378,群益金鼎,2023-09-07,9100
3231,緯創,603,295,308,群益金鼎,2023-09-07,9100
3704,合勤控,716,414,302,群益金鼎,2023-09-07,9100
4123,晟德,315,28,287,群益金鼎,2023-09-07,9100
6274,台燿,314,31,283,群益金鼎,2023-09-07,9100
8034,榮群,280,0,280,群益金鼎,2023-09-07,9100
3034,聯詠,317,51,266,群益金鼎,2023-09-07,9100
00725B,國泰投資級公司債,251,0,251,群益金鼎,2023-09-07,9100
2609,陽明,249,0,249,群益金鼎,2023-09-07,9100
3548,兆利,582,363,219,群益金鼎,2023-09-07,9100
3260,威剛,230,20,210,群益金鼎,2023-09-07,9100
6285,啟��,261,60,201,群益金鼎,2023-09-07,9100
00728,第一金工業30,165,0,165,群益金鼎,2023-09-07,9100
2352,佳世達,159,8,151,群益金鼎,2023-09-07,9100
3317,尼克森,138,0,138,群益金鼎,2023-09-07,9100
6485,點序,142,8,134,群益金鼎,2023-09-07,9100
00908,富邦入息REITs+,183,50,133,群益金鼎,2023-09-07,9100
2634,漢翔,134,6,128,群益金鼎,2023-09-07,9100
8155,博智,123,1,122,群益金鼎,2023-09-07,9100
2368,金像電,146,24,122,群益金鼎,2023-09-07,9100
00926,凱基全球菁英55,116,0,116,群益金鼎,2023-09-07,9100
2317,鴻海,107,1,106,群益金鼎,2023-09-07,9100
00881,國泰台灣5G+,104,0,104,群益金鼎,2023-09-07,9100
3680,家登,112,10,102,群益金鼎,2023-09-07,9100
6257,矽格,103,2,101,群益金鼎,2023-09-07,9100
00645,富邦日本,560,459,101,群益金鼎,2023-09-07,9100
8069,元太,129,29,100,群益金鼎,2023-09-07,9100
00772B,中信高評級公司債,116,17,99,群益金鼎,2023-09-07,9100
2886,兆豐金,92,0,92,群益金鼎,2023-09-07,9100
3324,雙鴻,152,60,92,群益金鼎,2023-09-07,9100
2301,光寶科,137,45,92,群益金鼎,2023-09-07,9100
1216,統一,101,10,91,群益金鼎,2023-09-07,9100
9910,豐泰,1320,10,1310,群益金鼎,2023-09-08,9100
3704,合勤控,907,26,881,群益金鼎,2023-09-08,9100
00772B,中信高評級公司債,623,0,623,群益金鼎,2023-09-08,9100
00773B,中信優先金融債,685,75,610,群益金鼎,2023-09-08,9100
8050,廣積,1804,1220,584,群益金鼎,2023-09-08,9100
3702,大聯大,510,1,509,群益金鼎,2023-09-08,9100
00642U,期元大S＆P石油,407,6,401,群益金鼎,2023-09-08,9100
00757,統一FANG+,400,0,400,群益金鼎,2023-09-08,9100
2405,輔信,399,2,397,群益金鼎,2023-09-08,9100
3231,緯創,397,52,345,群益金鼎,2023-09-08,9100
3044,健鼎,332,6,326,群益金鼎,2023-09-08,9100
00671R,富邦NASDAQ反1,322,0,322,群益金鼎,2023-09-08,9100
2313,華通,449,132,317,群益金鼎,2023-09-08,9100
2379,瑞昱,384,95,289,群益金鼎,2023-09-08,9100
3014,聯陽,309,25,284,群益金鼎,2023-09-08,9100
3715,定穎投控,409,133,276,群益金鼎,2023-09-08,9100
4938,和碩,268,1,267,群益金鼎,2023-09-08,9100
6182,合晶,267,10,257,群益金鼎,2023-09-08,9100
00751B,元大AAA至A公司債,245,0,245,群益金鼎,2023-09-08,9100
00645,富邦日本,788,568,220,群益金鼎,2023-09-08,9100
9958,世紀鋼,241,33,208,群益金鼎,2023-09-08,9100
8112,至上,288,83,205,群益金鼎,2023-09-08,9100
3035,智原,458,253,205,群益金鼎,2023-09-08,9100
8016,矽創,199,0,199,群益金鼎,2023-09-08,9100
2352,佳世達,233,36,197,群益金鼎,2023-09-08,9100
00903,富邦元宇宙,193,0,193,群益金鼎,2023-09-08,9100
6285,啟��,270,81,189,群益金鼎,2023-09-08,9100
6191,精成科,252,82,170,群益金鼎,2023-09-08,9100
2382,廣達,291,123,168,群益金鼎,2023-09-08,9100
00669R,國泰美國道瓊反1,171,11,160,群益金鼎,2023-09-08,9100
5371,中光電,202,44,158,群益金鼎,2023-09-08,9100
3217,優群,153,0,153,群益金鼎,2023-09-08,9100
00728,第一金工業30,154,2,152,群益金鼎,2023-09-08,9100
00686R,群益臺灣加權反1,150,0,150,群益金鼎,2023-09-08,9100
3264,欣銓,201,85,116,群益金鼎,2023-09-08,9100
00764B,群益25年美債,960,850,110,群益金鼎,2023-09-08,9100
1477,聚陽,118,14,104,群益金鼎,2023-09-08,9100
00926,凱基全球菁英55,101,0,101,群益金鼎,2023-09-08,9100
00857B,永豐20年美公債,210,109,101,群益金鼎,2023-09-08,9100
6235,華孚,101,1,100,群益金鼎,2023-09-08,9100
9930,中聯資源,90,1,89,群益金鼎,2023-09-08,9100
00725B,國泰投資級公司債,88,0,88,群益金鼎,2023-09-08,9100
6282,康舒,156,70,86,群益金鼎,2023-09-08,9100
3131,弘塑,80,0,80,群益金鼎,2023-09-08,9100
8086,宏捷科,81,2,79,群益金鼎,2023-09-08,9100
00657,國泰日經225,77,0,77,群益金鼎,2023-09-08,9100
3596,智易,99,23,76,群益金鼎,2023-09-08,9100
2303,聯電,81,6,75,群益金鼎,2023-09-08,9100
3081,聯亞,74,2,72,群益金鼎,2023-09-08,9100
1802,台玻,81,16,65,群益金鼎,2023-09-08,9100
00637L,元大滬深300正2,5297,3,5294,群益金鼎,2023-09-11,9100
2603,長榮,2326,81,2245,群益金鼎,2023-09-11,9100
3231,緯創,2416,1422,994,群益金鼎,2023-09-11,9100
6788,華景電,891,106,785,群益金鼎,2023-09-11,9100
2324,仁寶,715,102,613,群益金鼎,2023-09-11,9100
2540,愛山林,610,0,610,群益金鼎,2023-09-11,9100
2344,華邦電,681,81,600,群益金鼎,2023-09-11,9100
00632R,元大台灣50反1,577,1,576,群益金鼎,2023-09-11,9100
3711,日月光投控,680,117,563,群益金鼎,2023-09-11,9100
00715L,期街口布蘭特正2,537,0,537,群益金鼎,2023-09-11,9100
00926,凱基全球菁英55,507,0,507,群益金鼎,2023-09-11,9100
3702,大聯大,438,14,424,群益金鼎,2023-09-11,9100
00927,群益半導體收益,342,1,341,群益金鼎,2023-09-11,9100
1101,台泥,341,33,308,群益金鼎,2023-09-11,9100
3592,瑞鼎,302,3,299,群益金鼎,2023-09-11,9100
00892,富邦台灣半導體,277,0,277,群益金鼎,2023-09-11,9100
9958,世紀鋼,307,57,250,群益金鼎,2023-09-11,9100
3704,合勤控,284,55,229,群益金鼎,2023-09-11,9100
00636,國泰中國A50,307,87,220,群益金鼎,2023-09-11,9100
6121,新普,205,0,205,群益金鼎,2023-09-11,9100
6147,頎邦,224,37,187,群益金鼎,2023-09-11,9100
00728,第一金工業30,178,2,176,群益金鼎,2023-09-11,9100
4915,致伸,186,14,172,群益金鼎,2023-09-11,9100
8016,矽創,171,11,160,群益金鼎,2023-09-11,9100
1319,東陽,265,107,158,群益金鼎,2023-09-11,9100
8927,北基,155,0,155,群益金鼎,2023-09-11,9100
6235,華孚,149,18,131,群益金鼎,2023-09-11,9100
2383,台光電,267,145,122,群益金鼎,2023-09-11,9100
8155,博智,129,9,120,群益金鼎,2023-09-11,9100
6282,康舒,286,167,119,群益金鼎,2023-09-11,9100
2312,金寶,191,80,111,群益金鼎,2023-09-11,9100
2308,台達電,174,70,104,群益金鼎,2023-09-11,9100
00651R,復華香港反1,291,191,100,群益金鼎,2023-09-11,9100
00908,富邦入息REITs+,97,0,97,群益金鼎,2023-09-11,9100
00861,元大全球未來通訊,88,0,88,群益金鼎,2023-09-11,9100
00757,統一FANG+,80,1,79,群益金鼎,2023-09-11,9100
2377,微星,124,45,79,群益金鼎,2023-09-11,9100
3260,威剛,113,34,79,群益金鼎,2023-09-11,9100
00922,國泰台灣領袖50,81,3,78,群益金鼎,2023-09-11,9100
00640L,富邦日本正2,76,0,76,群益金鼎,2023-09-11,9100
6139,亞翔,104,31,73,群益金鼎,2023-09-11,9100
6670,復盛應用,75,2,73,群益金鼎,2023-09-11,9100
9930,中聯資源,70,0,70,群益金鼎,2023-09-11,9100
8222,寶一,145,77,68,群益金鼎,2023-09-11,9100
00642U,期元大S＆P石油,66,0,66,群益金鼎,2023-09-11,9100
00895,富邦未來車,66,0,66,群益金鼎,2023-09-11,9100
00645,富邦日本,430,365,65,群益金鼎,2023-09-11,9100
5243,乙盛-KY,64,0,64,群益金鼎,2023-09-11,9100
1795,美時,96,33,63,群益金鼎,2023-09-11,9100
3653,健策,71,9,62,群益金鼎,2023-09-11,9100
2540,愛山林,1859,6,1853,群益金鼎,2023-09-12,9100
3704,合勤控,985,25,960,群益金鼎,2023-09-12,9100
00632R,元大台灣50反1,499,0,499,群益金鼎,2023-09-12,9100
00642U,期元大S＆P石油,426,0,426,群益金鼎,2023-09-12,9100
00927,群益半導體收益,395,24,371,群益金鼎,2023-09-12,9100
6788,華景電,564,209,355,群益金鼎,2023-09-12,9100
2313,華通,699,361,338,群益金鼎,2023-09-12,9100
00665L,富邦�琤肭磪囓�2,888,561,327,群益金鼎,2023-09-12,9100
00864B,中信美國公債0-1,331,8,323,群益金鼎,2023-09-12,9100
00773B,中信優先金融債,316,0,316,群益金鼎,2023-09-12,9100
00907,永豐優息存股,249,0,249,群益金鼎,2023-09-12,9100
4147,中裕,262,22,240,群益金鼎,2023-09-12,9100
00772B,中信高評級公司債,387,160,227,群益金鼎,2023-09-12,9100
2303,聯電,252,30,222,群益金鼎,2023-09-12,9100
00687B,國泰20年美債,310,103,207,群益金鼎,2023-09-12,9100
3231,緯創,483,285,198,群益金鼎,2023-09-12,9100
5388,中磊,198,31,167,群益金鼎,2023-09-12,9100
00678,群益那斯達克生技,165,1,164,群益金鼎,2023-09-12,9100
8927,北基,156,0,156,群益金鼎,2023-09-12,9100
1522,堤維西,213,62,151,群益金鼎,2023-09-12,9100
2371,大同,206,56,150,群益金鼎,2023-09-12,9100
2105,正新,149,2,147,群益金鼎,2023-09-12,9100
1560,中砂,148,9,139,群益金鼎,2023-09-12,9100
2382,廣達,222,91,131,群益金鼎,2023-09-12,9100
00651R,復華香港反1,131,0,131,群益金鼎,2023-09-12,9100
2376,技嘉,318,189,129,群益金鼎,2023-09-12,9100
3624,光頡,146,17,129,群益金鼎,2023-09-12,9100
6147,頎邦,136,10,126,群益金鼎,2023-09-12,9100
2352,佳世達,138,14,124,群益金鼎,2023-09-12,9100
2377,微星,138,15,123,群益金鼎,2023-09-12,9100
8046,南電,154,33,121,群益金鼎,2023-09-12,9100
2515,中工,111,0,111,群益金鼎,2023-09-12,9100
2308,台達電,119,9,110,群益金鼎,2023-09-12,9100
00931B,統一美債20年,103,0,103,群益金鼎,2023-09-12,9100
00862B,中信投資級公司債,375,282,93,群益金鼎,2023-09-12,9100
6284,佳邦,95,5,90,群益金鼎,2023-09-12,9100
2458,義隆,104,17,87,群益金鼎,2023-09-12,9100
00908,富邦入息REITs+,84,0,84,群益金鼎,2023-09-12,9100
5425,台半,111,27,84,群益金鼎,2023-09-12,9100
8086,宏捷科,127,45,82,群益金鼎,2023-09-12,9100
2059,川湖,83,1,82,群益金鼎,2023-09-12,9100
2887,台新金,81,0,81,群益金鼎,2023-09-12,9100
2340,台亞,89,11,78,群益金鼎,2023-09-12,9100
2312,金寶,156,78,78,群益金鼎,2023-09-12,9100
2379,瑞昱,81,5,76,群益金鼎,2023-09-12,9100
3037,欣興,149,73,76,群益金鼎,2023-09-12,9100
8299,群聯,104,30,74,群益金鼎,2023-09-12,9100
3005,神基,80,10,70,群益金鼎,2023-09-12,9100
6120,達運,117,47,70,群益金鼎,2023-09-12,9100
3264,欣銓,91,24,67,群益金鼎,2023-09-12,9100
2603,長榮,1084,35,1049,群益金鼎,2023-09-13,9100
2303,聯電,830,128,702,群益金鼎,2023-09-13,9100
2382,廣達,746,119,627,群益金鼎,2023-09-13,9100
3711,日月光投控,750,161,589,群益金鼎,2023-09-13,9100
3231,緯創,691,104,587,群益金鼎,2023-09-13,9100
00773B,中信優先金融債,515,0,515,群益金鼎,2023-09-13,9100
00923,群益台ESG低碳50,507,25,482,群益金鼎,2023-09-13,9100
2324,仁寶,452,6,446,群益金鼎,2023-09-13,9100
00645,富邦日本,734,301,433,群益金鼎,2023-09-13,9100
9802,鈺齊-KY,376,94,282,群益金鼎,2023-09-13,9100
6217,中探針,275,0,275,群益金鼎,2023-09-13,9100
6592,和潤企業,242,3,239,群益金鼎,2023-09-13,9100
3005,神基,251,15,236,群益金鼎,2023-09-13,9100
3163,波若威,224,25,199,群益金鼎,2023-09-13,9100
2609,陽明,241,44,197,群益金鼎,2023-09-13,9100
3034,聯詠,181,6,175,群益金鼎,2023-09-13,9100
3715,定穎投控,380,209,171,群益金鼎,2023-09-13,9100
00772B,中信高評級公司債,701,535,166,群益金鼎,2023-09-13,9100
1305,華夏,172,12,160,群益金鼎,2023-09-13,9100
3704,合勤控,315,160,155,群益金鼎,2023-09-13,9100
1319,東陽,317,178,139,群益金鼎,2023-09-13,9100
00922,國泰台灣領袖50,132,0,132,群益金鼎,2023-09-13,9100
4147,中裕,152,22,130,群益金鼎,2023-09-13,9100
3317,尼克森,127,1,126,群益金鼎,2023-09-13,9100
3324,雙鴻,149,27,122,群益金鼎,2023-09-13,9100
2897,王道銀行,120,0,120,群益金鼎,2023-09-13,9100
2392,正崴,133,15,118,群益金鼎,2023-09-13,9100
2903,遠百,116,0,116,群益金鼎,2023-09-13,9100
6121,新普,130,14,116,群益金鼎,2023-09-13,9100
00927,群益半導體收益,114,0,114,群益金鼎,2023-09-13,9100
5425,台半,124,13,111,群益金鼎,2023-09-13,9100
2317,鴻海,118,10,108,群益金鼎,2023-09-13,9100
6284,佳邦,131,25,106,群益金鼎,2023-09-13,9100
2605,新興,110,11,99,群益金鼎,2023-09-13,9100
6231,系微,89,1,88,群益金鼎,2023-09-13,9100
2515,中工,86,0,86,群益金鼎,2023-09-13,9100
3264,欣銓,145,63,82,群益金鼎,2023-09-13,9100
2352,佳世達,273,192,81,群益金鼎,2023-09-13,9100
1504,東元,123,42,81,群益金鼎,2023-09-13,9100
2454,聯發科,121,43,78,群益金鼎,2023-09-13,9100
2882A,國泰特,78,0,78,群益金鼎,2023-09-13,9100
3017,奇鋐,188,113,75,群益金鼎,2023-09-13,9100
2615,萬海,106,34,72,群益金鼎,2023-09-13,9100
00878,國泰永續高股息,75,4,71,群益金鼎,2023-09-13,9100
2201,裕隆,83,15,68,群益金鼎,2023-09-13,9100
6176,瑞儀,82,15,67,群益金鼎,2023-09-13,9100
9938,百和,102,36,66,群益金鼎,2023-09-13,9100
2387,精元,68,8,60,群益金鼎,2023-09-13,9100
00916,國泰全球品牌50,120,61,59,群益金鼎,2023-09-13,9100
2357,華碩,69,12,57,群益金鼎,2023-09-13,9100
00891,中信關鍵半導體,4689,64,4625,群益金鼎,2023-09-14,9100
00927,群益半導體收益,1685,60,1625,群益金鼎,2023-09-14,9100
3481,群創,1160,59,1101,群益金鼎,2023-09-14,9100
2603,長榮,1152,127,1025,群益金鼎,2023-09-14,9100
3231,緯創,1240,313,927,群益金鼎,2023-09-14,9100
2344,華邦電,806,49,757,群益金鼎,2023-09-14,9100
00895,富邦未來車,814,80,734,群益金鼎,2023-09-14,9100
2382,廣達,792,63,729,群益金鼎,2023-09-14,9100
2303,聯電,714,74,640,群益金鼎,2023-09-14,9100
2377,微星,596,9,587,群益金鼎,2023-09-14,9100
3711,日月光投控,624,56,568,群益金鼎,2023-09-14,9100
00893,國泰智能電動車,547,0,547,群益金鼎,2023-09-14,9100
00669R,國泰美國道瓊反1,538,0,538,群益金鼎,2023-09-14,9100
00923,群益台ESG低碳50,532,0,532,群益金鼎,2023-09-14,9100
2891,中信金,616,106,510,群益金鼎,2023-09-14,9100
6274,台燿,499,79,420,群益金鼎,2023-09-14,9100
2609,陽明,397,11,386,群益金鼎,2023-09-14,9100
2401,凌陽,374,21,353,群益金鼎,2023-09-14,9100
2006,東和鋼鐵,352,1,351,群益金鼎,2023-09-14,9100
3042,晶技,357,9,348,群益金鼎,2023-09-14,9100
00728,第一金工業30,311,0,311,群益金鼎,2023-09-14,9100
6285,啟��,359,60,299,群益金鼎,2023-09-14,9100
3450,聯鈞,314,20,294,群益金鼎,2023-09-14,9100
3044,健鼎,283,19,264,群益金鼎,2023-09-14,9100
3260,威剛,299,54,245,群益金鼎,2023-09-14,9100
2454,聯發科,256,17,239,群益金鼎,2023-09-14,9100
2340,台亞,258,21,237,群益金鼎,2023-09-14,9100
00773B,中信優先金融債,301,75,226,群益金鼎,2023-09-14,9100
1215,卜蜂,201,1,200,群益金鼎,2023-09-14,9100
3035,智原,482,284,198,群益金鼎,2023-09-14,9100
2313,華通,592,402,190,群益金鼎,2023-09-14,9100
8358,金居,223,38,185,群益金鼎,2023-09-14,9100
6121,新普,179,0,179,群益金鼎,2023-09-14,9100
2486,一詮,406,238,168,群益金鼎,2023-09-14,9100
2376,技嘉,191,29,162,群益金鼎,2023-09-14,9100
00926,凱基全球菁英55,160,0,160,群益金鼎,2023-09-14,9100
3006,晶豪科,182,26,156,群益金鼎,2023-09-14,9100
00632R,元大台灣50反1,153,0,153,群益金鼎,2023-09-14,9100
00900,富邦特選高股息30,162,12,150,群益金鼎,2023-09-14,9100
4147,中裕,180,30,150,群益金鼎,2023-09-14,9100
00664R,國泰臺灣加權反1,150,0,150,群益金鼎,2023-09-14,9100
2615,萬海,169,25,144,群益金鼎,2023-09-14,9100
2363,矽統,217,89,128,群益金鼎,2023-09-14,9100
2903,遠百,127,0,127,群益金鼎,2023-09-14,9100
2408,南亞科,171,44,127,群益金鼎,2023-09-14,9100
2388,威盛,171,48,123,群益金鼎,2023-09-14,9100
1319,東陽,224,109,115,群益金鼎,2023-09-14,9100
3682,亞太電,105,0,105,群益金鼎,2023-09-14,9100
2449,京元電子,146,44,102,群益金鼎,2023-09-14,9100
00725B,國泰投資級公司債,100,0,100,群益金鼎,2023-09-14,9100
00919,群益台灣精選高息,4784,2075,2709,群益金鼎,2023-09-15,9100
2344,華邦電,1681,32,1649,群益金鼎,2023-09-15,9100
00632R,元大台灣50反1,1584,41,1543,群益金鼎,2023-09-15,9100
2886,兆豐金,1009,1,1008,群益金鼎,2023-09-15,9100
00891,中信關鍵半導體,967,1,966,群益金鼎,2023-09-15,9100
00665L,富邦�琤肭磪囓�2,944,89,855,群益金鼎,2023-09-15,9100
00881,國泰台灣5G+,850,1,849,群益金鼎,2023-09-15,9100
2891,中信金,973,159,814,群益金鼎,2023-09-15,9100
00728,第一金工業30,740,0,740,群益金鼎,2023-09-15,9100
00895,富邦未來車,738,0,738,群益金鼎,2023-09-15,9100
1402,遠東新,715,65,650,群益金鼎,2023-09-15,9100
6176,瑞儀,642,8,634,群益金鼎,2023-09-15,9100
00664R,國泰臺灣加權反1,611,0,611,群益金鼎,2023-09-15,9100
2603,長榮,850,249,601,群益金鼎,2023-09-15,9100
00900,富邦特選高股息30,554,5,549,群益金鼎,2023-09-15,9100
3715,定穎投控,506,36,470,群益金鼎,2023-09-15,9100
8046,南電,475,33,442,群益金鼎,2023-09-15,9100
2609,陽明,603,195,408,群益金鼎,2023-09-15,9100
00713,元大台灣高息低波,407,5,402,群益金鼎,2023-09-15,9100
2356,英業達,919,567,352,群益金鼎,2023-09-15,9100
8016,矽創,352,7,345,群益金鼎,2023-09-15,9100
2540,愛山林,320,0,320,群益金鼎,2023-09-15,9100
00916,國泰全球品牌50,315,0,315,群益金鼎,2023-09-15,9100
3034,聯詠,332,52,280,群益金鼎,2023-09-15,9100
8112,至上,346,101,245,群益金鼎,2023-09-15,9100
6147,頎邦,271,32,239,群益金鼎,2023-09-15,9100
00927,群益半導體收益,311,75,236,群益金鼎,2023-09-15,9100
3037,欣興,262,30,232,群益金鼎,2023-09-15,9100
00773B,中信優先金融債,300,75,225,群益金鼎,2023-09-15,9100
00645,富邦日本,691,471,220,群益金鼎,2023-09-15,9100
00650L,復華香港正2,415,201,214,群益金鼎,2023-09-15,9100
00917,中信特選金融,210,0,210,群益金鼎,2023-09-15,9100
6278,台表科,213,4,209,群益金鼎,2023-09-15,9100
3260,威剛,252,46,206,群益金鼎,2023-09-15,9100
2313,華通,626,425,201,群益金鼎,2023-09-15,9100
00892,富邦台灣半導體,194,0,194,群益金鼎,2023-09-15,9100
3062,建漢,203,11,192,群益金鼎,2023-09-15,9100
2606,裕民,323,133,190,群益金鼎,2023-09-15,9100
00859B,群益0-1年美債,190,0,190,群益金鼎,2023-09-15,9100
6719,力智,182,1,181,群益金鼎,2023-09-15,9100
00638R,元大滬深300反1,179,0,179,群益金鼎,2023-09-15,9100
6235,華孚,186,8,178,群益金鼎,2023-09-15,9100
8927,北基,192,19,173,群益金鼎,2023-09-15,9100
3711,日月光投控,268,108,160,群益金鼎,2023-09-15,9100
3481,群創,340,189,151,群益金鼎,2023-09-15,9100
3033,威健,140,0,140,群益金鼎,2023-09-15,9100
00714,群益道瓊美國地產,139,0,139,群益金鼎,2023-09-15,9100
00725B,國泰投資級公司債,131,0,131,群益金鼎,2023-09-15,9100
2017,官田鋼,120,0,120,群益金鼎,2023-09-15,9100
2409,友達,261,149,112,群益金鼎,2023-09-15,9100
00632R,元大台灣50反1,4464,42,4422,群益金鼎,2023-09-18,9100
00671R,富邦NASDAQ反1,1910,0,1910,群益金鼎,2023-09-18,9100
00891,中信關鍵半導體,1228,12,1216,群益金鼎,2023-09-18,9100
00664R,國泰臺灣加權反1,1179,1,1178,群益金鼎,2023-09-18,9100
00927,群益半導體收益,1069,7,1062,群益金鼎,2023-09-18,9100
00669R,國泰美國道瓊反1,866,0,866,群益金鼎,2023-09-18,9100
3231,緯創,1222,589,633,群益金鼎,2023-09-18,9100
2886,兆豐金,507,1,506,群益金鼎,2023-09-18,9100
00712,復華富時不動產,513,61,452,群益金鼎,2023-09-18,9100
2367,燿華,458,16,442,群益金鼎,2023-09-18,9100
00859B,群益0-1年美債,432,1,431,群益金鼎,2023-09-18,9100
3711,日月光投控,428,62,366,群益金鼎,2023-09-18,9100
00885,富邦越南,324,0,324,群益金鼎,2023-09-18,9100
2540,愛山林,320,0,320,群益金鼎,2023-09-18,9100
8155,博智,319,15,304,群益金鼎,2023-09-18,9100
3033,威健,292,0,292,群益金鼎,2023-09-18,9100
00651R,復華香港反1,270,0,270,群益金鼎,2023-09-18,9100
00910,第一金太空衛星,300,101,199,群益金鼎,2023-09-18,9100
1522,堤維西,229,33,196,群益金鼎,2023-09-18,9100
2436,偉詮電,201,10,191,群益金鼎,2023-09-18,9100
2455,全新,179,1,178,群益金鼎,2023-09-18,9100
2363,矽統,1140,963,177,群益金鼎,2023-09-18,9100
00728,第一金工業30,174,0,174,群益金鼎,2023-09-18,9100
00900,富邦特選高股息30,171,1,170,群益金鼎,2023-09-18,9100
00922,國泰台灣領袖50,162,6,156,群益金鼎,2023-09-18,9100
00881,國泰台灣5G+,140,0,140,群益金鼎,2023-09-18,9100
0050,元大台灣50,125,0,125,群益金鼎,2023-09-18,9100
00636,國泰中國A50,130,6,124,群益金鼎,2023-09-18,9100
2313,華通,826,708,118,群益金鼎,2023-09-18,9100
6235,華孚,123,13,110,群益金鼎,2023-09-18,9100
2385,群光,113,7,106,群益金鼎,2023-09-18,9100
2377,微星,94,8,86,群益金鼎,2023-09-18,9100
3138,耀登,85,0,85,群益金鼎,2023-09-18,9100
4105,東洋,82,0,82,群益金鼎,2023-09-18,9100
8927,北基,207,126,81,群益金鼎,2023-09-18,9100
2344,華邦電,298,218,80,群益金鼎,2023-09-18,9100
4147,中裕,95,15,80,群益金鼎,2023-09-18,9100
3450,聯鈞,171,94,77,群益金鼎,2023-09-18,9100
3045,台灣大,76,1,75,群益金鼎,2023-09-18,9100
6191,精成科,85,12,73,群益金鼎,2023-09-18,9100
6282,康舒,159,86,73,群益金鼎,2023-09-18,9100
3324,雙鴻,278,208,70,群益金鼎,2023-09-18,9100
00909,國泰數位支付服務,69,0,69,群益金鼎,2023-09-18,9100
2330,台積電,154,87,67,群益金鼎,2023-09-18,9100
3264,欣銓,118,51,67,群益金鼎,2023-09-18,9100
2615,萬海,107,43,64,群益金鼎,2023-09-18,9100
6150,撼訊,59,2,57,群益金鼎,2023-09-18,9100
8046,南電,84,29,55,群益金鼎,2023-09-18,9100
8069,元太,92,37,55,群益金鼎,2023-09-18,9100
2356,英業達,183,131,52,群益金鼎,2023-09-18,9100
00931B,統一美債20年,2323,20,2303,群益金鼎,2023-09-19,9100
00687B,國泰20年美債,1703,1,1702,群益金鼎,2023-09-19,9100
00795B,中信美國公債20年,1480,76,1404,群益金鼎,2023-09-19,9100
3264,欣銓,1139,17,1122,群益金鼎,2023-09-19,9100
00772B,中信高評級公司債,1028,0,1028,群益金鼎,2023-09-19,9100
2344,華邦電,828,36,792,群益金鼎,2023-09-19,9100
3711,日月光投控,908,167,741,群益金鼎,2023-09-19,9100
2885,元大金,687,14,673,群益金鼎,2023-09-19,9100
1319,東陽,604,71,533,群益金鼎,2023-09-19,9100
3702,大聯大,679,186,493,群益金鼎,2023-09-19,9100
00922,國泰台灣領袖50,432,0,432,群益金鼎,2023-09-19,9100
2337,旺宏,553,145,408,群益金鼎,2023-09-19,9100
2606,裕民,457,111,346,群益金鼎,2023-09-19,9100
3715,定穎投控,396,63,333,群益金鼎,2023-09-19,9100
2540,愛山林,325,5,320,群益金鼎,2023-09-19,9100
6147,頎邦,349,30,319,群益金鼎,2023-09-19,9100
6182,合晶,357,40,317,群益金鼎,2023-09-19,9100
6285,啟��,339,35,304,群益金鼎,2023-09-19,9100
00725B,國泰投資級公司債,279,1,278,群益金鼎,2023-09-19,9100
6191,精成科,308,37,271,群益金鼎,2023-09-19,9100
00927,群益半導體收益,270,1,269,群益金鼎,2023-09-19,9100
2605,新興,359,110,249,群益金鼎,2023-09-19,9100
2347,聯強,241,1,240,群益金鼎,2023-09-19,9100
2395,研華,235,1,234,群益金鼎,2023-09-19,9100
5469,瀚宇博,227,4,223,群益金鼎,2023-09-19,9100
3592,瑞鼎,218,1,217,群益金鼎,2023-09-19,9100
4915,致伸,231,14,217,群益金鼎,2023-09-19,9100
8112,至上,364,156,208,群益金鼎,2023-09-19,9100
3005,神基,243,38,205,群益金鼎,2023-09-19,9100
5371,中光電,217,18,199,群益金鼎,2023-09-19,9100
8016,矽創,220,22,198,群益金鼎,2023-09-19,9100
2356,英業達,282,88,194,群益金鼎,2023-09-19,9100
00651R,復華香港反1,192,0,192,群益金鼎,2023-09-19,9100
8027,鈦昇,185,5,180,群益金鼎,2023-09-19,9100
00915,凱基優選高股息30,242,64,178,群益金鼎,2023-09-19,9100
2303,聯電,478,309,169,群益金鼎,2023-09-19,9100
00891,中信關鍵半導體,168,0,168,群益金鼎,2023-09-19,9100
6239,力成,180,14,166,群益金鼎,2023-09-19,9100
2385,群光,181,17,164,群益金鼎,2023-09-19,9100
6176,瑞儀,163,9,154,群益金鼎,2023-09-19,9100
3042,晶技,182,28,154,群益金鼎,2023-09-19,9100
6781,AES-KY,151,1,150,群益金鼎,2023-09-19,9100
8081,致新,150,0,150,群益金鼎,2023-09-19,9100
3044,健鼎,184,37,147,群益金鼎,2023-09-19,9100
00903,富邦元宇宙,205,63,142,群益金鼎,2023-09-19,9100
2206,三陽工業,212,73,139,群益金鼎,2023-09-19,9100
2367,燿華,141,4,137,群益金鼎,2023-09-19,9100
2352,佳世達,240,106,134,群益金鼎,2023-09-19,9100
2204,中華,165,36,129,群益金鼎,2023-09-19,9100
3260,威剛,198,70,128,群益金鼎,2023-09-19,9100
00632R,元大台灣50反1,2110,220,1890,群益金鼎,2023-09-20,9100
00664R,國泰臺灣加權反1,1278,0,1278,群益金鼎,2023-09-20,9100
2603,長榮,796,106,690,群益金鼎,2023-09-20,9100
00715L,期街口布蘭特正2,607,0,607,群益金鼎,2023-09-20,9100
3711,日月光投控,586,51,535,群益金鼎,2023-09-20,9100
00927,群益半導體收益,492,2,490,群益金鼎,2023-09-20,9100
3231,緯創,598,151,447,群益金鼎,2023-09-20,9100
3706,神達,576,147,429,群益金鼎,2023-09-20,9100
2606,裕民,463,62,401,群益金鼎,2023-09-20,9100
00891,中信關鍵半導體,349,0,349,群益金鼎,2023-09-20,9100
2540,愛山林,320,0,320,群益金鼎,2023-09-20,9100
2641,正德,345,77,268,群益金鼎,2023-09-20,9100
1584,精剛,354,89,265,群益金鼎,2023-09-20,9100
00903,富邦元宇宙,260,0,260,群益金鼎,2023-09-20,9100
00900,富邦特選高股息30,241,0,241,群益金鼎,2023-09-20,9100
6176,瑞儀,236,3,233,群益金鼎,2023-09-20,9100
3044,健鼎,289,65,224,群益金鼎,2023-09-20,9100
00926,凱基全球菁英55,224,0,224,群益金鼎,2023-09-20,9100
2449,京元電子,388,178,210,群益金鼎,2023-09-20,9100
00908,富邦入息REITs+,200,0,200,群益金鼎,2023-09-20,9100
8086,宏捷科,185,28,157,群益金鼎,2023-09-20,9100
00651R,復華香港反1,150,0,150,群益金鼎,2023-09-20,9100
00905,FT臺灣Smart,139,0,139,群益金鼎,2023-09-20,9100
2367,燿華,609,484,125,群益金鼎,2023-09-20,9100
2351,順德,122,0,122,群益金鼎,2023-09-20,9100
4906,正文,162,56,106,群益金鼎,2023-09-20,9100
1477,聚陽,107,4,103,群益金鼎,2023-09-20,9100
2211,長榮鋼,112,11,101,群益金鼎,2023-09-20,9100
2383,台光電,149,61,88,群益金鼎,2023-09-20,9100
00918,大華優利高填息30,87,0,87,群益金鼎,2023-09-20,9100
2615,萬海,115,29,86,群益金鼎,2023-09-20,9100
2634,漢翔,100,22,78,群益金鼎,2023-09-20,9100
00915,凱基優選高股息30,74,0,74,群益金鼎,2023-09-20,9100
6531,愛普*,137,64,73,群益金鼎,2023-09-20,9100
3264,欣銓,125,56,69,群益金鼎,2023-09-20,9100
5243,乙盛-KY,68,0,68,群益金鼎,2023-09-20,9100
6235,華孚,98,33,65,群益金鼎,2023-09-20,9100
00642U,期元大S＆P石油,61,0,61,群益金鼎,2023-09-20,9100
2637,慧洋-KY,146,89,57,群益金鼎,2023-09-20,9100
8464,億豐,57,0,57,群益金鼎,2023-09-20,9100
00864B,中信美國公債0-1,57,0,57,群益金鼎,2023-09-20,9100
2885,元大金,146,90,56,群益金鼎,2023-09-20,9100
6182,合晶,84,29,55,群益金鼎,2023-09-20,9100
6443,元晶,80,25,55,群益金鼎,2023-09-20,9100
3017,奇鋐,131,78,53,群益金鼎,2023-09-20,9100
2382,廣達,123,72,51,群益金鼎,2023-09-20,9100
2504,國產,50,0,50,群益金鼎,2023-09-20,9100
00910,第一金太空衛星,200,150,50,群益金鼎,2023-09-20,9100
8046,南電,97,49,48,群益金鼎,2023-09-20,9100
3042,晶技,88,40,48,群益金鼎,2023-09-20,9100
00632R,元大台灣50反1,7294,1,7293,群益金鼎,2023-09-21,9100
00664R,國泰臺灣加權反1,3682,0,3682,群益金鼎,2023-09-21,9100
00719B,元大美債1-3,2203,0,2203,群益金鼎,2023-09-21,9100
2002,中鋼,1277,113,1164,群益金鼎,2023-09-21,9100
1326,台化,1086,1,1085,群益金鼎,2023-09-21,9100
00927,群益半導體收益,961,5,956,群益金鼎,2023-09-21,9100
2313,華通,1124,337,787,群益金鼎,2023-09-21,9100
2408,南亞科,594,19,575,群益金鼎,2023-09-21,9100
00687B,國泰20年美債,626,100,526,群益金鼎,2023-09-21,9100
00930,永豐ESG低碳高息,507,0,507,群益金鼎,2023-09-21,9100
0056,元大高股息,466,3,463,群益金鼎,2023-09-21,9100
2104,國際中橡,450,0,450,群益金鼎,2023-09-21,9100
3450,聯鈞,461,37,424,群益金鼎,2023-09-21,9100
2303,聯電,444,77,367,群益金鼎,2023-09-21,9100
1584,精剛,453,99,354,群益金鼎,2023-09-21,9100
00903,富邦元宇宙,332,9,323,群益金鼎,2023-09-21,9100
2540,愛山林,323,3,320,群益金鼎,2023-09-21,9100
2317,鴻海,257,0,257,群益金鼎,2023-09-21,9100
2891,中信金,388,152,236,群益金鼎,2023-09-21,9100
00728,第一金工業30,207,3,204,群益金鼎,2023-09-21,9100
3706,神達,380,183,197,群益金鼎,2023-09-21,9100
8086,宏捷科,219,27,192,群益金鼎,2023-09-21,9100
2884,玉山金,257,71,186,群益金鼎,2023-09-21,9100
4979,華星光,362,179,183,群益金鼎,2023-09-21,9100
00642U,期元大S＆P石油,172,0,172,群益金鼎,2023-09-21,9100
3231,緯創,440,288,152,群益金鼎,2023-09-21,9100
00686R,群益臺灣加權反1,152,0,152,群益金鼎,2023-09-21,9100
2367,燿華,293,146,147,群益金鼎,2023-09-21,9100
2330,台積電,143,0,143,群益金鼎,2023-09-21,9100
2890,永豐金,143,0,143,群益金鼎,2023-09-21,9100
2892,第一金,140,0,140,群益金鼎,2023-09-21,9100
00636,國泰中國A50,213,75,138,群益金鼎,2023-09-21,9100
2883,凱基金,132,0,132,群益金鼎,2023-09-21,9100
2388,威盛,297,169,128,群益金鼎,2023-09-21,9100
2882,國泰金,196,70,126,群益金鼎,2023-09-21,9100
6901,鑽石投資,123,1,122,群益金鼎,2023-09-21,9100
2308,台達電,155,34,121,群益金鼎,2023-09-21,9100
2356,英業達,176,63,113,群益金鼎,2023-09-21,9100
00651R,復華香港反1,106,0,106,群益金鼎,2023-09-21,9100
3711,日月光投控,176,77,99,群益金鼎,2023-09-21,9100
2887,台新金,140,42,98,群益金鼎,2023-09-21,9100
00738U,期元大道瓊白銀,97,0,97,群益金鼎,2023-09-21,9100
2885,元大金,199,104,95,群益金鼎,2023-09-21,9100
3014,聯陽,177,85,92,群益金鼎,2023-09-21,9100
3017,奇鋐,164,72,92,群益金鼎,2023-09-21,9100
2886,兆豐金,90,1,89,群益金鼎,2023-09-21,9100
00640L,富邦日本正2,104,15,89,群益金鼎,2023-09-21,9100
00916,國泰全球品牌50,250,163,87,群益金鼎,2023-09-21,9100
00714,群益道瓊美國地產,76,0,76,群益金鼎,2023-09-21,9100
2383,台光電,109,39,70,群益金鼎,2023-09-21,9100
00632R,元大台灣50反1,3056,6,3050,群益金鼎,2023-09-22,9100
00671R,富邦NASDAQ反1,998,2,996,群益金鼎,2023-09-22,9100
00664R,國泰臺灣加權反1,750,0,750,群益金鼎,2023-09-22,9100
2313,華通,876,313,563,群益金鼎,2023-09-22,9100
2104,國際中橡,550,0,550,群益金鼎,2023-09-22,9100
00669R,國泰美國道瓊反1,459,1,458,群益金鼎,2023-09-22,9100
00650L,復華香港正2,458,7,451,群益金鼎,2023-09-22,9100
00862B,中信投資級公司債,725,275,450,群益金鼎,2023-09-22,9100
00676R,富邦臺灣加權反1,400,0,400,群益金鼎,2023-09-22,9100
6274,台燿,427,84,343,群益金鼎,2023-09-22,9100
2540,愛山林,323,3,320,群益金鼎,2023-09-22,9100
3163,波若威,303,46,257,群益金鼎,2023-09-22,9100
2637,慧洋-KY,257,7,250,群益金鼎,2023-09-22,9100
3017,奇鋐,386,151,235,群益金鼎,2023-09-22,9100
00665L,富邦�琤肭磪囓�2,280,70,210,群益金鼎,2023-09-22,9100
2376,技嘉,310,123,187,群益金鼎,2023-09-22,9100
0050,元大台灣50,196,34,162,群益金鼎,2023-09-22,9100
3715,定穎投控,205,62,143,群益金鼎,2023-09-22,9100
3706,神達,208,76,132,群益金鼎,2023-09-22,9100
8046,南電,134,25,109,群益金鼎,2023-09-22,9100
00830,國泰費城半導體,108,0,108,群益金鼎,2023-09-22,9100
2388,威盛,204,98,106,群益金鼎,2023-09-22,9100
8210,勤誠,103,3,100,群益金鼎,2023-09-22,9100
00896,中信綠能及電動車,100,0,100,群益金鼎,2023-09-22,9100
6213,聯茂,235,136,99,群益金鼎,2023-09-22,9100
2356,英業達,99,2,97,群益金鼎,2023-09-22,9100
00636,國泰中國A50,108,13,95,群益金鼎,2023-09-22,9100
3036,文曄,305,212,93,群益金鼎,2023-09-22,9100
6187,萬潤,93,1,92,群益金鼎,2023-09-22,9100
00712,復華富時不動產,92,0,92,群益金鼎,2023-09-22,9100
6282,康舒,90,2,88,群益金鼎,2023-09-22,9100
6901,鑽石投資,84,0,84,群益金鼎,2023-09-22,9100
3363,上詮,146,67,79,群益金鼎,2023-09-22,9100
2345,智邦,126,47,79,群益金鼎,2023-09-22,9100
00916,國泰全球品牌50,255,177,78,群益金鼎,2023-09-22,9100
2201,裕隆,83,9,74,群益金鼎,2023-09-22,9100
8027,鈦昇,73,0,73,群益金鼎,2023-09-22,9100
00728,第一金工業30,63,1,62,群益金鼎,2023-09-22,9100
8932,智通*,61,0,61,群益金鼎,2023-09-22,9100
1560,中砂,80,19,61,群益金鼎,2023-09-22,9100
2367,燿華,147,88,59,群益金鼎,2023-09-22,9100
1319,東陽,92,35,57,群益金鼎,2023-09-22,9100
3005,神基,62,5,57,群益金鼎,2023-09-22,9100
00651R,復華香港反1,54,0,54,群益金鼎,2023-09-22,9100
00881,國泰台灣5G+,54,0,54,群益金鼎,2023-09-22,9100
8155,博智,57,4,53,群益金鼎,2023-09-22,9100
0056,元大高股息,53,0,53,群益金鼎,2023-09-22,9100
2352,佳世達,64,12,52,群益金鼎,2023-09-22,9100
00696B,富邦美債20年,50,0,50,群益金鼎,2023-09-22,9100
2454,聯發科,82,32,50,群益金鼎,2023-09-22,9100
00632R,元大台灣50反1,1996,0,1996,群益金鼎,2023-09-25,9100
00687B,國泰20年美債,1707,100,1607,群益金鼎,2023-09-25,9100
1815,富喬,1286,113,1173,群益金鼎,2023-09-25,9100
2104,國際中橡,440,0,440,群益金鼎,2023-09-25,9100
00772B,中信高評級公司債,411,2,409,群益金鼎,2023-09-25,9100
00637L,元大滬深300正2,442,110,332,群益金鼎,2023-09-25,9100
2540,愛山林,322,2,320,群益金鼎,2023-09-25,9100
8046,南電,256,8,248,群益金鼎,2023-09-25,9100
00642U,期元大S＆P石油,231,0,231,群益金鼎,2023-09-25,9100
00631L,元大台灣50正2,241,24,217,群益金鼎,2023-09-25,9100
2454,聯發科,278,71,207,群益金鼎,2023-09-25,9100
00927,群益半導體收益,214,13,201,群益金鼎,2023-09-25,9100
2313,華通,371,179,192,群益金鼎,2023-09-25,9100
2330,台積電,184,1,183,群益金鼎,2023-09-25,9100
00665L,富邦�琤肭磪囓�2,188,8,180,群益金鼎,2023-09-25,9100
2382,廣達,321,142,179,群益金鼎,2023-09-25,9100
3711,日月光投控,230,74,156,群益金鼎,2023-09-25,9100
00686R,群益臺灣加權反1,151,0,151,群益金鼎,2023-09-25,9100
3379,彬台,151,0,151,群益金鼎,2023-09-25,9100
2645,長榮航太,150,0,150,群益金鼎,2023-09-25,9100
3036A,文曄甲特,135,1,134,群益金鼎,2023-09-25,9100
00895,富邦未來車,301,168,133,群益金鼎,2023-09-25,9100
2376,技嘉,428,303,125,群益金鼎,2023-09-25,9100
8927,北基,117,4,113,群益金鼎,2023-09-25,9100
4763,材料-KY,114,4,110,群益金鼎,2023-09-25,9100
00900,富邦特選高股息30,106,0,106,群益金鼎,2023-09-25,9100
6235,華孚,136,34,102,群益金鼎,2023-09-25,9100
2206,三陽工業,124,31,93,群益金鼎,2023-09-25,9100
6139,亞翔,124,32,92,群益金鼎,2023-09-25,9100
6282,康舒,98,17,81,群益金鼎,2023-09-25,9100
2388,威盛,156,77,79,群益金鼎,2023-09-25,9100
2515,中工,87,9,78,群益金鼎,2023-09-25,9100
6405,悅城,70,1,69,群益金鼎,2023-09-25,9100
2408,南亞科,112,44,68,群益金鼎,2023-09-25,9100
1210,大成,69,1,68,群益金鼎,2023-09-25,9100
9958,世紀鋼,160,93,67,群益金鼎,2023-09-25,9100
00917,中信特選金融,66,0,66,群益金鼎,2023-09-25,9100
6605,帝寶,74,12,62,群益金鼎,2023-09-25,9100
3163,波若威,163,103,60,群益金鼎,2023-09-25,9100
5425,台半,71,16,55,群益金鼎,2023-09-25,9100
2368,金像電,80,26,54,群益金鼎,2023-09-25,9100
00728,第一金工業30,53,0,53,群益金鼎,2023-09-25,9100
3081,聯亞,57,5,52,群益金鼎,2023-09-25,9100
00920,富邦ESG綠色電力,50,0,50,群益金鼎,2023-09-25,9100
1513,中興電,76,26,50,群益金鼎,2023-09-25,9100
6274,台燿,181,132,49,群益金鼎,2023-09-25,9100
00931B,統一美債20年,49,0,49,群益金鼎,2023-09-25,9100
6191,精成科,52,3,49,群益金鼎,2023-09-25,9100
2353,宏��,66,18,48,群益金鼎,2023-09-25,9100
5274,信驊,52,5,47,群益金鼎,2023-09-25,9100
00922,國泰台灣領袖50,784,1,783,群益金鼎,2023-09-26,9100
2886,兆豐金,501,0,501,群益金鼎,2023-09-26,9100
00642U,期元大S＆P石油,392,0,392,群益金鼎,2023-09-26,9100
00773B,中信優先金融債,443,97,346,群益金鼎,2023-09-26,9100
2540,愛山林,320,0,320,群益金鼎,2023-09-26,9100
8927,北基,339,95,244,群益金鼎,2023-09-26,9100
00728,第一金工業30,249,15,234,群益金鼎,2023-09-26,9100
00830,國泰費城半導體,420,201,219,群益金鼎,2023-09-26,9100
00881,國泰台灣5G+,200,0,200,群益金鼎,2023-09-26,9100
2421,建準,260,67,193,群益金鼎,2023-09-26,9100
00864B,中信美國公債0-1,193,0,193,群益金鼎,2023-09-26,9100
00926,凱基全球菁英55,192,0,192,群益金鼎,2023-09-26,9100
3548,兆利,403,226,177,群益金鼎,2023-09-26,9100
2382,廣達,605,431,174,群益金鼎,2023-09-26,9100
00671R,富邦NASDAQ反1,173,0,173,群益金鼎,2023-09-26,9100
00903,富邦元宇宙,406,240,166,群益金鼎,2023-09-26,9100
00927,群益半導體收益,256,99,157,群益金鼎,2023-09-26,9100
00892,富邦台灣半導體,136,0,136,群益金鼎,2023-09-26,9100
9914,美利達,130,0,130,群益金鼎,2023-09-26,9100
00878,國泰永續高股息,127,3,124,群益金鼎,2023-09-26,9100
3711,日月光投控,191,71,120,群益金鼎,2023-09-26,9100
6235,華孚,128,9,119,群益金鼎,2023-09-26,9100
1609,大亞,154,36,118,群益金鼎,2023-09-26,9100
8938,明安,141,28,113,群益金鼎,2023-09-26,9100
00645,富邦日本,511,400,111,群益金鼎,2023-09-26,9100
3036,文曄,188,81,107,群益金鼎,2023-09-26,9100
5324,士開,101,0,101,群益金鼎,2023-09-26,9100
8086,宏捷科,107,7,100,群益金鼎,2023-09-26,9100
2882A,國泰特,90,0,90,群益金鼎,2023-09-26,9100
1402,遠東新,113,24,89,群益金鼎,2023-09-26,9100
6282,康舒,109,24,85,群益金鼎,2023-09-26,9100
2368,金像電,148,64,84,群益金鼎,2023-09-26,9100
8046,南電,178,96,82,群益金鼎,2023-09-26,9100
6781,AES-KY,81,2,79,群益金鼎,2023-09-26,9100
2408,南亞科,145,70,75,群益金鼎,2023-09-26,9100
0056,元大高股息,101,31,70,群益金鼎,2023-09-26,9100
00682U,期元大美元指數,70,0,70,群益金鼎,2023-09-26,9100
2330,台積電,68,1,67,群益金鼎,2023-09-26,9100
2486,一詮,67,4,63,群益金鼎,2023-09-26,9100
6548,長科*,60,0,60,群益金鼎,2023-09-26,9100
2308,台達電,92,34,58,群益金鼎,2023-09-26,9100
2204,中華,67,9,58,群益金鼎,2023-09-26,9100
00910,第一金太空衛星,102,52,50,群益金鼎,2023-09-26,9100
006205,富邦上証,51,1,50,群益金鼎,2023-09-26,9100
1303,南亞,50,1,49,群益金鼎,2023-09-26,9100
00713,元大台灣高息低波,127,78,49,群益金鼎,2023-09-26,9100
2609,陽明,65,16,49,群益金鼎,2023-09-26,9100
2301,光寶科,204,155,49,群益金鼎,2023-09-26,9100
00909,國泰數位支付服務,49,0,49,群益金鼎,2023-09-26,9100
3675,德微,46,1,45,群益金鼎,2023-09-26,9100
00931B,統一美債20年,1930,45,1885,群益金鼎,2023-09-27,9100
00687B,國泰20年美債,1764,20,1744,群益金鼎,2023-09-27,9100
00795B,中信美國公債20年,1626,150,1476,群益金鼎,2023-09-27,9100
00772B,中信高評級公司債,1099,0,1099,群益金鼎,2023-09-27,9100
2303,聯電,1159,216,943,群益金鼎,2023-09-27,9100
2606,裕民,874,91,783,群益金鼎,2023-09-27,9100
00669R,國泰美國道瓊反1,1009,245,764,群益金鼎,2023-09-27,9100
2609,陽明,800,62,738,群益金鼎,2023-09-27,9100
00665L,富邦�琤肭磪囓�2,801,106,695,群益金鼎,2023-09-27,9100
2408,南亞科,608,40,568,群益金鼎,2023-09-27,9100
00857B,永豐20年美公債,485,0,485,群益金鼎,2023-09-27,9100
00715L,期街口布蘭特正2,477,0,477,群益金鼎,2023-09-27,9100
2104,國際中橡,459,0,459,群益金鼎,2023-09-27,9100
00650L,復華香港正2,545,100,445,群益金鼎,2023-09-27,9100
00764B,群益25年美債,1276,863,413,群益金鼎,2023-09-27,9100
00773B,中信優先金融債,475,75,400,群益金鼎,2023-09-27,9100
00908,富邦入息REITs+,443,108,335,群益金鼎,2023-09-27,9100
2540,愛山林,320,0,320,群益金鼎,2023-09-27,9100
2603,長榮,374,82,292,群益金鼎,2023-09-27,9100
00900,富邦特選高股息30,277,1,276,群益金鼎,2023-09-27,9100
2615,萬海,288,21,267,群益金鼎,2023-09-27,9100
3711,日月光投控,310,46,264,群益金鼎,2023-09-27,9100
3105,穩懋,255,5,250,群益金鼎,2023-09-27,9100
0056,元大高股息,241,1,240,群益金鼎,2023-09-27,9100
00864B,中信美國公債0-1,238,6,232,群益金鼎,2023-09-27,9100
3264,欣銓,241,10,231,群益金鼎,2023-09-27,9100
2912,統一超,230,0,230,群益金鼎,2023-09-27,9100
2468,華經,227,2,225,群益金鼎,2023-09-27,9100
00697B,元大美債7-10,201,0,201,群益金鼎,2023-09-27,9100
2515,中工,229,33,196,群益金鼎,2023-09-27,9100
3260,威剛,172,5,167,群益金鼎,2023-09-27,9100
9910,豐泰,186,37,149,群益金鼎,2023-09-27,9100
6176,瑞儀,145,0,145,群益金鼎,2023-09-27,9100
2449,京元電子,179,47,132,群益金鼎,2023-09-27,9100
3231,緯創,542,411,131,群益金鼎,2023-09-27,9100
2382,廣達,251,124,127,群益金鼎,2023-09-27,9100
4953,緯軟,125,0,125,群益金鼎,2023-09-27,9100
2308,台達電,179,62,117,群益金鼎,2023-09-27,9100
8046,南電,138,28,110,群益金鼎,2023-09-27,9100
3017,奇鋐,156,51,105,群益金鼎,2023-09-27,9100
8086,宏捷科,101,1,100,群益金鼎,2023-09-27,9100
6719,力智,98,0,98,群益金鼎,2023-09-27,9100
2352,佳世達,102,8,94,群益金鼎,2023-09-27,9100
9958,世紀鋼,111,21,90,群益金鼎,2023-09-27,9100
5388,中磊,128,39,89,群益金鼎,2023-09-27,9100
3702,大聯大,109,21,88,群益金鼎,2023-09-27,9100
2634,漢翔,172,86,86,群益金鼎,2023-09-27,9100
2882A,國泰特,81,0,81,群益金鼎,2023-09-27,9100
6235,華孚,126,50,76,群益金鼎,2023-09-27,9100
8016,矽創,85,15,70,群益金鼎,2023-09-27,9100
00669R,國泰美國道瓊反1,825,0,825,群益金鼎,2023-09-28,9100
00715L,期街口布蘭特正2,752,0,752,群益金鼎,2023-09-28,9100
1101,台泥,606,48,558,群益金鼎,2023-09-28,9100
00915,凱基優選高股息30,507,1,506,群益金鼎,2023-09-28,9100
00671R,富邦NASDAQ反1,499,0,499,群益金鼎,2023-09-28,9100
2540,愛山林,320,0,320,群益金鼎,2023-09-28,9100
00918,大華優利高填息30,315,0,315,群益金鼎,2023-09-28,9100
00903,富邦元宇宙,307,4,303,群益金鼎,2023-09-28,9100
2888,新光金,412,125,287,群益金鼎,2023-09-28,9100
00857B,永豐20年美公債,283,0,283,群益金鼎,2023-09-28,9100
2645,長榮航太,286,7,279,群益金鼎,2023-09-28,9100
2382,廣達,1012,790,222,群益金鼎,2023-09-28,9100
4979,華星光,307,102,205,群益金鼎,2023-09-28,9100
00895,富邦未來車,202,0,202,群益金鼎,2023-09-28,9100
3324,雙鴻,262,67,195,群益金鼎,2023-09-28,9100
2376,技嘉,377,220,157,群益金鼎,2023-09-28,9100
00686R,群益臺灣加權反1,150,0,150,群益金鼎,2023-09-28,9100
3017,奇鋐,244,97,147,群益金鼎,2023-09-28,9100
2345,智邦,162,23,139,群益金鼎,2023-09-28,9100
1609,大亞,217,84,133,群益金鼎,2023-09-28,9100
3715,定穎投控,588,465,123,群益金鼎,2023-09-28,9100
2313,華通,226,106,120,群益金鼎,2023-09-28,9100
5439,高技,118,17,101,群益金鼎,2023-09-28,9100
00651R,復華香港反1,100,0,100,群益金鼎,2023-09-28,9100
00893,國泰智能電動車,105,10,95,群益金鼎,2023-09-28,9100
00733,富邦臺灣中小,94,1,93,群益金鼎,2023-09-28,9100
2637,慧洋-KY,98,5,93,群益金鼎,2023-09-28,9100
8996,高力,119,30,89,群益金鼎,2023-09-28,9100
00900,富邦特選高股息30,90,1,89,群益金鼎,2023-09-28,9100
2634,漢翔,102,15,87,群益金鼎,2023-09-28,9100
1522,堤維西,88,3,85,群益金鼎,2023-09-28,9100
1815,富喬,207,122,85,群益金鼎,2023-09-28,9100
1477,聚陽,128,44,84,群益金鼎,2023-09-28,9100
00650L,復華香港正2,82,3,79,群益金鼎,2023-09-28,9100
00931B,統一美債20年,75,0,75,群益金鼎,2023-09-28,9100
2606,裕民,109,36,73,群益金鼎,2023-09-28,9100
00861,元大全球未來通訊,127,54,73,群益金鼎,2023-09-28,9100
1476,儒鴻,73,1,72,群益金鼎,2023-09-28,9100
2368,金像電,115,46,69,群益金鼎,2023-09-28,9100
1519,華城,461,399,62,群益金鼎,2023-09-28,9100
4944,兆遠,60,0,60,群益金鼎,2023-09-28,9100
5222,全訊,55,0,55,群益金鼎,2023-09-28,9100
2017,官田鋼,56,2,54,群益金鼎,2023-09-28,9100
1319,東陽,87,35,52,群益金鼎,2023-09-28,9100
9904,寶成,69,18,51,群益金鼎,2023-09-28,9100
6274,台燿,263,216,47,群益金鼎,2023-09-28,9100
6510,精測,50,5,45,群益金鼎,2023-09-28,9100
8422,可寧衛,44,0,44,群益金鼎,2023-09-28,9100
2206,三陽工業,55,14,41,群益金鼎,2023-09-28,9100
4306,炎洲,40,0,40,群益金鼎,2023-09-28,9100
00637L,元大滬深300正2,2579,5,2574,群益金鼎,2023-10-02,9100
00669R,國泰美國道瓊反1,2033,53,1980,群益金鼎,2023-10-02,9100
00671R,富邦NASDAQ反1,1348,499,849,群益金鼎,2023-10-02,9100
00642U,期元大S＆P石油,752,0,752,群益金鼎,2023-10-02,9100
1301,台塑,620,0,620,群益金鼎,2023-10-02,9100
00862B,中信投資級公司債,902,286,616,群益金鼎,2023-10-02,9100
3231,緯創,733,136,597,群益金鼎,2023-10-02,9100
3260,威剛,620,33,587,群益金鼎,2023-10-02,9100
6235,華孚,581,81,500,群益金鼎,2023-10-02,9100
8358,金居,533,37,496,群益金鼎,2023-10-02,9100
2603,長榮,622,148,474,群益金鼎,2023-10-02,9100
2356,英業達,599,154,445,群益金鼎,2023-10-02,9100
4961,天鈺,365,27,338,群益金鼎,2023-10-02,9100
00900,富邦特選高股息30,334,1,333,群益金鼎,2023-10-02,9100
2303,聯電,446,152,294,群益金鼎,2023-10-02,9100
2376,技嘉,395,102,293,群益金鼎,2023-10-02,9100
8210,勤誠,295,7,288,群益金鼎,2023-10-02,9100
2382,廣達,826,551,275,群益金鼎,2023-10-02,9100
00915,凱基優選高股息30,223,0,223,群益金鼎,2023-10-02,9100
3234,光環,217,0,217,群益金鼎,2023-10-02,9100
00924,復華S＆P500成長,200,0,200,群益金鼎,2023-10-02,9100
2308,台達電,337,154,183,群益金鼎,2023-10-02,9100
00895,富邦未來車,177,0,177,群益金鼎,2023-10-02,9100
2301,光寶科,394,219,175,群益金鼎,2023-10-02,9100
8069,元太,192,18,174,群益金鼎,2023-10-02,9100
3017,奇鋐,244,71,173,群益金鼎,2023-10-02,9100
2313,華通,423,261,162,群益金鼎,2023-10-02,9100
3706,神達,214,61,153,群益金鼎,2023-10-02,9100
6282,康舒,185,34,151,群益金鼎,2023-10-02,9100
2104,國際中橡,151,0,151,群益金鼎,2023-10-02,9100
6213,聯茂,194,45,149,群益金鼎,2023-10-02,9100
1471,首利,150,8,142,群益金鼎,2023-10-02,9100
2388,威盛,278,144,134,群益金鼎,2023-10-02,9100
3324,雙鴻,124,4,120,群益金鼎,2023-10-02,9100
00861,元大全球未來通訊,117,0,117,群益金鼎,2023-10-02,9100
5439,高技,132,17,115,群益金鼎,2023-10-02,9100
00643,群益深証中小,114,7,107,群益金鼎,2023-10-02,9100
6274,台燿,176,70,106,群益金鼎,2023-10-02,9100
00903,富邦元宇宙,101,0,101,群益金鼎,2023-10-02,9100
1815,富喬,400,304,96,群益金鼎,2023-10-02,9100
3138,耀登,95,0,95,群益金鼎,2023-10-02,9100
1609,大亞,221,128,93,群益金鼎,2023-10-02,9100
00665L,富邦�琤肭磪囓�2,90,0,90,群益金鼎,2023-10-02,9100
3653,健策,95,13,82,群益金鼎,2023-10-02,9100
00772B,中信高評級公司債,591,509,82,群益金鼎,2023-10-02,9100
00631L,元大台灣50正2,148,67,81,群益金鼎,2023-10-02,9100
00636,國泰中國A50,80,0,80,群益金鼎,2023-10-02,9100
00682U,期元大美元指數,79,0,79,群益金鼎,2023-10-02,9100
3701,大眾控,79,2,77,群益金鼎,2023-10-02,9100
00883B,中信ESG投資級債,155,79,76,群益金鼎,2023-10-02,9100
00927,群益半導體收益,1209,0,1209,群益金鼎,2023-10-03,9100
00881,國泰台灣5G+,841,0,841,群益金鼎,2023-10-03,9100
2104,國際中橡,507,0,507,群益金鼎,2023-10-03,9100
00900,富邦特選高股息30,515,13,502,群益金鼎,2023-10-03,9100
00642U,期元大S＆P石油,490,0,490,群益金鼎,2023-10-03,9100
1815,富喬,725,253,472,群益金鼎,2023-10-03,9100
2382,廣達,628,162,466,群益金鼎,2023-10-03,9100
00891,中信關鍵半導體,417,0,417,群益金鼎,2023-10-03,9100
00894,中信小資高價30,353,0,353,群益金鼎,2023-10-03,9100
00922,國泰台灣領袖50,309,34,275,群益金鼎,2023-10-03,9100
00830,國泰費城半導體,464,223,241,群益金鼎,2023-10-03,9100
6274,台燿,419,192,227,群益金鼎,2023-10-03,9100
0056,元大高股息,296,72,224,群益金鼎,2023-10-03,9100
00915,凱基優選高股息30,565,345,220,群益金鼎,2023-10-03,9100
00728,第一金工業30,222,6,216,群益金鼎,2023-10-03,9100
3006,晶豪科,236,24,212,群益金鼎,2023-10-03,9100
00857B,永豐20年美公債,202,0,202,群益金鼎,2023-10-03,9100
2436,偉詮電,220,42,178,群益金鼎,2023-10-03,9100
00892,富邦台灣半導體,191,26,165,群益金鼎,2023-10-03,9100
2401,凌陽,159,9,150,群益金鼎,2023-10-03,9100
3217,優群,135,3,132,群益金鼎,2023-10-03,9100
5351,鈺創,129,6,123,群益金鼎,2023-10-03,9100
3231,緯創,877,762,115,群益金鼎,2023-10-03,9100
2388,威盛,332,238,94,群益金鼎,2023-10-03,9100
2497,怡利電,82,0,82,群益金鼎,2023-10-03,9100
6741,91APP*-KY,82,1,81,群益金鼎,2023-10-03,9100
3014,聯陽,108,29,79,群益金鼎,2023-10-03,9100
2454,聯發科,89,20,69,群益金鼎,2023-10-03,9100
2610,華航,235,170,65,群益金鼎,2023-10-03,9100
4968,立積,64,0,64,群益金鼎,2023-10-03,9100
6139,亞翔,128,65,63,群益金鼎,2023-10-03,9100
3701,大眾控,68,7,61,群益金鼎,2023-10-03,9100
2329,華泰,152,94,58,群益金鼎,2023-10-03,9100
2882A,國泰特,60,5,55,群益金鼎,2023-10-03,9100
3036,文曄,112,58,54,群益金鼎,2023-10-03,9100
00918,大華優利高填息30,53,0,53,群益金鼎,2023-10-03,9100
00638R,元大滬深300反1,52,0,52,群益金鼎,2023-10-03,9100
00657,國泰日經225,67,15,52,群益金鼎,2023-10-03,9100
8358,金居,155,105,50,群益金鼎,2023-10-03,9100
9904,寶成,70,20,50,群益金鼎,2023-10-03,9100
2355,敬鵬,122,75,47,群益金鼎,2023-10-03,9100
2409,友達,326,279,47,群益金鼎,2023-10-03,9100
3680,家登,50,5,45,群益金鼎,2023-10-03,9100
8069,元太,59,14,45,群益金鼎,2023-10-03,9100
006205,富邦上証,40,0,40,群益金鼎,2023-10-03,9100
6732,昇佳電子,38,0,38,群益金鼎,2023-10-03,9100
6531,愛普*,68,31,37,群益金鼎,2023-10-03,9100
2345,智邦,54,18,36,群益金鼎,2023-10-03,9100
8924,大田,36,0,36,群益金鼎,2023-10-03,9100
8050,廣積,53,21,32,群益金鼎,2023-10-03,9100
00671R,富邦NASDAQ反1,1076,0,1076,群益金鼎,2023-10-04,9100
3231,緯創,1378,402,976,群益金鼎,2023-10-04,9100
00669R,國泰美國道瓊反1,873,200,673,群益金鼎,2023-10-04,9100
00919,群益台灣精選高息,861,311,550,群益金鼎,2023-10-04,9100
3122,笙泉,1053,537,516,群益金鼎,2023-10-04,9100
6176,瑞儀,460,0,460,群益金鼎,2023-10-04,9100
8046,南電,352,3,349,群益金鼎,2023-10-04,9100
6121,新普,289,0,289,群益金鼎,2023-10-04,9100
4958,臻鼎-KY,294,8,286,群益金鼎,2023-10-04,9100
3669,圓展,311,25,286,群益金鼎,2023-10-04,9100
8016,矽創,257,0,257,群益金鼎,2023-10-04,9100
4919,新唐,238,6,232,群益金鼎,2023-10-04,9100
2382,廣達,262,39,223,群益金鼎,2023-10-04,9100
4961,天鈺,231,14,217,群益金鼎,2023-10-04,9100
2104,國際中橡,209,0,209,群益金鼎,2023-10-04,9100
5483,中美晶,219,16,203,群益金鼎,2023-10-04,9100
00917,中信特選金融,200,0,200,群益金鼎,2023-10-04,9100
3005,神基,217,18,199,群益金鼎,2023-10-04,9100
0050,元大台灣50,198,12,186,群益金鼎,2023-10-04,9100
00642U,期元大S＆P石油,173,0,173,群益金鼎,2023-10-04,9100
006205,富邦上証,170,0,170,群益金鼎,2023-10-04,9100
6147,頎邦,147,7,140,群益金鼎,2023-10-04,9100
8081,致新,138,1,137,群益金鼎,2023-10-04,9100
00857B,永豐20年美公債,129,0,129,群益金鼎,2023-10-04,9100
2888,新光金,418,289,129,群益金鼎,2023-10-04,9100
2376,技嘉,137,12,125,群益金鼎,2023-10-04,9100
00892,富邦台灣半導體,123,0,123,群益金鼎,2023-10-04,9100
6741,91APP*-KY,126,6,120,群益金鼎,2023-10-04,9100
1519,華城,125,7,118,群益金鼎,2023-10-04,9100
5009,榮剛,153,39,114,群益金鼎,2023-10-04,9100
2634,漢翔,148,35,113,群益金鼎,2023-10-04,9100
00666R,富邦�琤肭磪齯�1,110,0,110,群益金鼎,2023-10-04,9100
3530,晶相光,116,7,109,群益金鼎,2023-10-04,9100
00900,富邦特選高股息30,106,4,102,群益金鼎,2023-10-04,9100
00881,國泰台灣5G+,99,0,99,群益金鼎,2023-10-04,9100
8358,金居,198,101,97,群益金鼎,2023-10-04,9100
3715,定穎投控,326,229,97,群益金鼎,2023-10-04,9100
00894,中信小資高價30,96,0,96,群益金鼎,2023-10-04,9100
8210,勤誠,109,14,95,群益金鼎,2023-10-04,9100
00728,第一金工業30,86,0,86,群益金鼎,2023-10-04,9100
2637,慧洋-KY,121,37,84,群益金鼎,2023-10-04,9100
4906,正文,113,30,83,群益金鼎,2023-10-04,9100
2345,智邦,123,47,76,群益金鼎,2023-10-04,9100
4563,百德,81,7,74,群益金鼎,2023-10-04,9100
2107,厚生,65,0,65,群益金鼎,2023-10-04,9100
6491,晶碩,69,4,65,群益金鼎,2023-10-04,9100
9914,美利達,62,0,62,群益金鼎,2023-10-04,9100
2330,台積電,91,30,61,群益金鼎,2023-10-04,9100
2486,一詮,71,12,59,群益金鼎,2023-10-04,9100
2881,富邦金,103,46,57,群益金鼎,2023-10-04,9100
00632R,元大台灣50反1,4097,0,4097,群益金鼎,2023-10-05,9100
00657,國泰日經225,1146,141,1005,群益金鼎,2023-10-05,9100
00772B,中信高評級公司債,1157,290,867,群益金鼎,2023-10-05,9100
2344,華邦電,507,24,483,群益金鼎,2023-10-05,9100
00673R,期元大S＆P原油反1,450,0,450,群益金鼎,2023-10-05,9100
00795B,中信美國公債20年,513,75,438,群益金鼎,2023-10-05,9100
1815,富喬,769,395,374,群益金鼎,2023-10-05,9100
2888,新光金,408,52,356,群益金鼎,2023-10-05,9100
00878,國泰永續高股息,359,11,348,群益金鼎,2023-10-05,9100
00696B,富邦美債20年,287,0,287,群益金鼎,2023-10-05,9100
3530,晶相光,362,111,251,群益金鼎,2023-10-05,9100
3276,宇環,247,1,246,群益金鼎,2023-10-05,9100
00928,中信上櫃ESG30,201,0,201,群益金鼎,2023-10-05,9100
00719B,元大美債1-3,250,58,192,群益金鼎,2023-10-05,9100
2354,鴻準,176,0,176,群益金鼎,2023-10-05,9100
6122,擎邦,185,10,175,群益金鼎,2023-10-05,9100
2486,一詮,469,295,174,群益金鼎,2023-10-05,9100
6220,岳豐,174,0,174,群益金鼎,2023-10-05,9100
4958,臻鼎-KY,178,10,168,群益金鼎,2023-10-05,9100
1514,亞力,194,48,146,群益金鼎,2023-10-05,9100
4919,新唐,146,3,143,群益金鼎,2023-10-05,9100
2313,華通,252,122,130,群益金鼎,2023-10-05,9100
3036,文曄,332,209,123,群益金鼎,2023-10-05,9100
5483,中美晶,126,4,122,群益金鼎,2023-10-05,9100
2454,聯發科,126,6,120,群益金鼎,2023-10-05,9100
2382,廣達,219,118,101,群益金鼎,2023-10-05,9100
00926,凱基全球菁英55,100,0,100,群益金鼎,2023-10-05,9100
00894,中信小資高價30,96,0,96,群益金鼎,2023-10-05,9100
00893,國泰智能電動車,93,2,91,群益金鼎,2023-10-05,9100
3531,先益,89,0,89,群益金鼎,2023-10-05,9100
2330,台積電,101,12,89,群益金鼎,2023-10-05,9100
6121,新普,90,2,88,群益金鼎,2023-10-05,9100
6204,艾華,87,0,87,群益金鼎,2023-10-05,9100
00638R,元大滬深300反1,85,0,85,群益金鼎,2023-10-05,9100
8081,致新,86,2,84,群益金鼎,2023-10-05,9100
8936,國統,88,9,79,群益金鼎,2023-10-05,9100
0056,元大高股息,93,15,78,群益金鼎,2023-10-05,9100
2301,光寶科,168,91,77,群益金鼎,2023-10-05,9100
00631L,元大台灣50正2,81,5,76,群益金鼎,2023-10-05,9100
00682U,期元大美元指數,74,0,74,群益金鼎,2023-10-05,9100
00915,凱基優選高股息30,73,0,73,群益金鼎,2023-10-05,9100
2376,技嘉,120,47,73,群益金鼎,2023-10-05,9100
9958,世紀鋼,131,64,67,群益金鼎,2023-10-05,9100
00876,元大全球5G,67,1,66,群益金鼎,2023-10-05,9100
6187,萬潤,92,28,64,群益金鼎,2023-10-05,9100
2605,新興,71,8,63,群益金鼎,2023-10-05,9100
2388,威盛,184,123,61,群益金鼎,2023-10-05,9100
4105,東洋,60,0,60,群益金鼎,2023-10-05,9100
5469,瀚宇博,62,2,60,群益金鼎,2023-10-05,9100
2363,矽統,69,11,58,群益金鼎,2023-10-05,9100
00669R,國泰美國道瓊反1,1607,0,1607,群益金鼎,2023-10-06,9100
0056,元大高股息,1213,27,1186,群益金鼎,2023-10-06,9100
6530,創威,780,6,774,群益金鼎,2023-10-06,9100
3701,大眾控,519,2,517,群益金鼎,2023-10-06,9100
3260,威剛,541,91,450,群益金鼎,2023-10-06,9100
00764B,群益25年美債,1252,850,402,群益金鼎,2023-10-06,9100
00673R,期元大S＆P原油反1,400,0,400,群益金鼎,2023-10-06,9100
8227,巨有科技,397,10,387,群益金鼎,2023-10-06,9100
00665L,富邦�琤肭磪囓�2,360,0,360,群益金鼎,2023-10-06,9100
00902,中信電池及儲能,419,78,341,群益金鼎,2023-10-06,9100
9958,世紀鋼,408,77,331,群益金鼎,2023-10-06,9100
1339,昭輝,317,1,316,群益金鼎,2023-10-06,9100
3231,緯創,837,525,312,群益金鼎,2023-10-06,9100
6189,豐藝,279,1,278,群益金鼎,2023-10-06,9100
00650L,復華香港正2,266,0,266,群益金鼎,2023-10-06,9100
3006,晶豪科,313,56,257,群益金鼎,2023-10-06,9100
5351,鈺創,253,1,252,群益金鼎,2023-10-06,9100
00859B,群益0-1年美債,253,1,252,群益金鼎,2023-10-06,9100
2382,廣達,717,469,248,群益金鼎,2023-10-06,9100
3715,定穎投控,605,375,230,群益金鼎,2023-10-06,9100
1795,美時,220,7,213,群益金鼎,2023-10-06,9100
00696B,富邦美債20年,213,0,213,群益金鼎,2023-10-06,9100
2317,鴻海,220,8,212,群益金鼎,2023-10-06,9100
00631L,元大台灣50正2,210,0,210,群益金鼎,2023-10-06,9100
2383,台光電,242,50,192,群益金鼎,2023-10-06,9100
00900,富邦特選高股息30,183,0,183,群益金鼎,2023-10-06,9100
6122,擎邦,217,49,168,群益金鼎,2023-10-06,9100
2605,新興,210,45,165,群益金鼎,2023-10-06,9100
00668,國泰美國道瓊,167,3,164,群益金鼎,2023-10-06,9100
5439,高技,192,40,152,群益金鼎,2023-10-06,9100
8069,元太,160,43,117,群益金鼎,2023-10-06,9100
6111,大宇資,118,1,117,群益金鼎,2023-10-06,9100
00917,中信特選金融,310,199,111,群益金鼎,2023-10-06,9100
00903,富邦元宇宙,212,105,107,群益金鼎,2023-10-06,9100
3014,聯陽,116,22,94,群益金鼎,2023-10-06,9100
1605,華新,139,48,91,群益金鼎,2023-10-06,9100
2606,裕民,95,4,91,群益金鼎,2023-10-06,9100
2731,雄獅,88,0,88,群益金鼎,2023-10-06,9100
00657,國泰日經225,101,16,85,群益金鼎,2023-10-06,9100
3035,智原,174,91,83,群益金鼎,2023-10-06,9100
2329,華泰,249,169,80,群益金鼎,2023-10-06,9100
00926,凱基全球菁英55,85,7,78,群益金鼎,2023-10-06,9100
4958,臻鼎-KY,80,4,76,群益金鼎,2023-10-06,9100
9914,美利達,70,0,70,群益金鼎,2023-10-06,9100
1477,聚陽,76,9,67,群益金鼎,2023-10-06,9100
00683L,期元大美元指正2,67,0,67,群益金鼎,2023-10-06,9100
2615,萬海,75,9,66,群益金鼎,2023-10-06,9100
5340,建榮,65,1,64,群益金鼎,2023-10-06,9100
00892,富邦台灣半導體,67,3,64,群益金鼎,2023-10-06,9100
1815,富喬,308,246,62,群益金鼎,2023-10-06,9100
00931B,統一美債20年,6102,0,6102,群益金鼎,2023-10-11,9100
00665L,富邦�琤肭磪囓�2,3574,0,3574,群益金鼎,2023-10-11,9100
00891,中信關鍵半導體,3301,40,3261,群益金鼎,2023-10-11,9100
00764B,群益25年美債,2716,899,1817,群益金鼎,2023-10-11,9100
00632R,元大台灣50反1,2505,797,1708,群益金鼎,2023-10-11,9100
00893,國泰智能電動車,885,3,882,群益金鼎,2023-10-11,9100
00895,富邦未來車,1074,200,874,群益金鼎,2023-10-11,9100
2408,南亞科,750,38,712,群益金鼎,2023-10-11,9100
00900,富邦特選高股息30,709,0,709,群益金鼎,2023-10-11,9100
00687B,國泰20年美債,674,14,660,群益金鼎,2023-10-11,9100
00923,群益台ESG低碳50,696,42,654,群益金鼎,2023-10-11,9100
3005,神基,634,24,610,群益金鼎,2023-10-11,9100
3035,智原,911,312,599,群益金鼎,2023-10-11,9100
00927,群益半導體收益,354,5,349,群益金鼎,2023-10-11,9100
3715,定穎投控,837,503,334,群益金鼎,2023-10-11,9100
2540,愛山林,320,0,320,群益金鼎,2023-10-11,9100
2354,鴻準,322,4,318,群益金鼎,2023-10-11,9100
00664R,國泰臺灣加權反1,251,0,251,群益金鼎,2023-10-11,9100
00902,中信電池及儲能,337,89,248,群益金鼎,2023-10-11,9100
00650L,復華香港正2,226,0,226,群益金鼎,2023-10-11,9100
00696B,富邦美債20年,225,0,225,群益金鼎,2023-10-11,9100
00631L,元大台灣50正2,214,7,207,群益金鼎,2023-10-11,9100
00674R,期元大S＆P黃金反1,200,0,200,群益金鼎,2023-10-11,9100
00903,富邦元宇宙,200,0,200,群益金鼎,2023-10-11,9100
6158,禾昌,173,2,171,群益金鼎,2023-10-11,9100
00648R,元大S＆P500反1,163,0,163,群益金鼎,2023-10-11,9100
2454,聯發科,174,15,159,群益金鼎,2023-10-11,9100
00926,凱基全球菁英55,341,190,151,群益金鼎,2023-10-11,9100
00636,國泰中國A50,270,121,149,群益金鼎,2023-10-11,9100
8996,高力,157,10,147,群益金鼎,2023-10-11,9100
00861,元大全球未來通訊,144,0,144,群益金鼎,2023-10-11,9100
00762,元大全球AI,123,0,123,群益金鼎,2023-10-11,9100
1795,美時,139,17,122,群益金鼎,2023-10-11,9100
2329,華泰,210,90,120,群益金鼎,2023-10-11,9100
00859B,群益0-1年美債,184,71,113,群益金鼎,2023-10-11,9100
00876,元大全球5G,107,0,107,群益金鼎,2023-10-11,9100
2610,華航,263,158,105,群益金鼎,2023-10-11,9100
6220,岳豐,104,0,104,群益金鼎,2023-10-11,9100
00666R,富邦�琤肭磪齯�1,101,0,101,群益金鼎,2023-10-11,9100
0050,元大台灣50,114,14,100,群益金鼎,2023-10-11,9100
00910,第一金太空衛星,149,50,99,群益金鼎,2023-10-11,9100
5425,台半,100,2,98,群益金鼎,2023-10-11,9100
3701,大眾控,98,2,96,群益金鼎,2023-10-11,9100
8050,廣積,126,31,95,群益金鼎,2023-10-11,9100
6274,台燿,212,118,94,群益金鼎,2023-10-11,9100
8436,大江,87,0,87,群益金鼎,2023-10-11,9100
2344,華邦電,130,44,86,群益金鼎,2023-10-11,9100
2301,光寶科,341,256,85,群益金鼎,2023-10-11,9100
6741,91APP*-KY,85,2,83,群益金鼎,2023-10-11,9100
6284,佳邦,120,40,80,群益金鼎,2023-10-11,9100
00637L,元大滬深300正2,3116,3,3113,群益金鼎,2023-10-12,9100
00893,國泰智能電動車,2822,208,2614,群益金鼎,2023-10-12,9100
00772B,中信高評級公司債,2202,1,2201,群益金鼎,2023-10-12,9100
00891,中信關鍵半導體,2115,2,2113,群益金鼎,2023-10-12,9100
00665L,富邦�琤肭磪囓�2,1714,0,1714,群益金鼎,2023-10-12,9100
00687B,國泰20年美債,1186,0,1186,群益金鼎,2023-10-12,9100
00927,群益半導體收益,1028,12,1016,群益金鼎,2023-10-12,9100
00923,群益台ESG低碳50,937,8,929,群益金鼎,2023-10-12,9100
2363,矽統,937,137,800,群益金鼎,2023-10-12,9100
1319,東陽,802,116,686,群益金鼎,2023-10-12,9100
00795B,中信美國公債20年,648,1,647,群益金鼎,2023-10-12,9100
2313,華通,706,89,617,群益金鼎,2023-10-12,9100
00931B,統一美債20年,567,1,566,群益金鼎,2023-10-12,9100
00900,富邦特選高股息30,514,5,509,群益金鼎,2023-10-12,9100
3715,定穎投控,571,67,504,群益金鼎,2023-10-12,9100
6284,佳邦,486,10,476,群益金鼎,2023-10-12,9100
00669R,國泰美國道瓊反1,450,3,447,群益金鼎,2023-10-12,9100
1314,中石化,420,9,411,群益金鼎,2023-10-12,9100
00917,中信特選金融,402,0,402,群益金鼎,2023-10-12,9100
8227,巨有科技,396,3,393,群益金鼎,2023-10-12,9100
5388,中磊,369,5,364,群益金鼎,2023-10-12,9100
00881,國泰台灣5G+,370,7,363,群益金鼎,2023-10-12,9100
00773B,中信優先金融債,439,79,360,群益金鼎,2023-10-12,9100
2540,愛山林,320,0,320,群益金鼎,2023-10-12,9100
00852L,國泰美國道瓊正2,310,0,310,群益金鼎,2023-10-12,9100
00876,元大全球5G,307,0,307,群益金鼎,2023-10-12,9100
00909,國泰數位支付服務,384,78,306,群益金鼎,2023-10-12,9100
3006,晶豪科,609,311,298,群益金鼎,2023-10-12,9100
00895,富邦未來車,476,201,275,群益金鼎,2023-10-12,9100
2201,裕隆,443,168,275,群益金鼎,2023-10-12,9100
6220,岳豐,240,0,240,群益金鼎,2023-10-12,9100
00719B,元大美債1-3,236,1,235,群益金鼎,2023-10-12,9100
2353,宏��,267,36,231,群益金鼎,2023-10-12,9100
00830,國泰費城半導體,556,341,215,群益金鼎,2023-10-12,9100
6223,旺矽,218,7,211,群益金鼎,2023-10-12,9100
00762,元大全球AI,198,0,198,群益金鼎,2023-10-12,9100
00924,復華S＆P500成長,232,36,196,群益金鼎,2023-10-12,9100
4904,遠傳,200,6,194,群益金鼎,2023-10-12,9100
2301,光寶科,270,82,188,群益金鼎,2023-10-12,9100
2645,長榮航太,216,30,186,群益金鼎,2023-10-12,9100
6290,良維,199,19,180,群益金鼎,2023-10-12,9100
00670L,富邦NASDAQ正2,165,5,160,群益金鼎,2023-10-12,9100
2308,台達電,179,21,158,群益金鼎,2023-10-12,9100
2382,廣達,498,344,154,群益金鼎,2023-10-12,9100
2330,台積電,283,136,147,群益金鼎,2023-10-12,9100
3443,創意,190,45,145,群益金鼎,2023-10-12,9100
4906,正文,186,55,131,群益金鼎,2023-10-12,9100
3260,威剛,285,154,131,群益金鼎,2023-10-12,9100
00903,富邦元宇宙,141,12,129,群益金鼎,2023-10-12,9100
2486,一詮,376,247,129,群益金鼎,2023-10-12,9100
00927,群益半導體收益,2526,744,1782,群益金鼎,2023-10-13,9100
1314,中石化,1266,102,1164,群益金鼎,2023-10-13,9100
00923,群益台ESG低碳50,844,90,754,群益金鼎,2023-10-13,9100
00892,富邦台灣半導體,753,0,753,群益金鼎,2023-10-13,9100
4503,金雨,593,7,586,群益金鼎,2023-10-13,9100
00876,元大全球5G,566,10,556,群益金鼎,2023-10-13,9100
00864B,中信美國公債0-1,521,26,495,群益金鼎,2023-10-13,9100
00881,國泰台灣5G+,450,0,450,群益金鼎,2023-10-13,9100
00665L,富邦�琤肭磪囓�2,442,14,428,群益金鼎,2023-10-13,9100
00728,第一金工業30,347,0,347,群益金鼎,2023-10-13,9100
2540,愛山林,321,0,321,群益金鼎,2023-10-13,9100
1815,富喬,329,38,291,群益金鼎,2023-10-13,9100
00891,中信關鍵半導體,280,0,280,群益金鼎,2023-10-13,9100
6530,創威,282,3,279,群益金鼎,2023-10-13,9100
2363,矽統,1092,814,278,群益金鼎,2023-10-13,9100
00924,復華S＆P500成長,200,0,200,群益金鼎,2023-10-13,9100
2912,統一超,197,0,197,群益金鼎,2023-10-13,9100
2412,中華電,193,0,193,群益金鼎,2023-10-13,9100
6274,台燿,204,45,159,群益金鼎,2023-10-13,9100
6104,創惟,157,8,149,群益金鼎,2023-10-13,9100
2201,裕隆,1270,1127,143,群益金鼎,2023-10-13,9100
00648R,元大S＆P500反1,133,0,133,群益金鼎,2023-10-13,9100
00657,國泰日經225,118,0,118,群益金鼎,2023-10-13,9100
1319,東陽,224,108,116,群益金鼎,2023-10-13,9100
00907,永豐優息存股,110,0,110,群益金鼎,2023-10-13,9100
00651R,復華香港反1,102,0,102,群益金鼎,2023-10-13,9100
006205,富邦上証,101,1,100,群益金鼎,2023-10-13,9100
00645,富邦日本,161,63,98,群益金鼎,2023-10-13,9100
2615,萬海,148,54,94,群益金鼎,2023-10-13,9100
3008,大立光,103,10,93,群益金鼎,2023-10-13,9100
00918,大華優利高填息30,100,15,85,群益金鼎,2023-10-13,9100
5215,科嘉-KY,90,6,84,群益金鼎,2023-10-13,9100
00916,國泰全球品牌50,96,13,83,群益金鼎,2023-10-13,9100
3013,晟銘電,114,34,80,群益金鼎,2023-10-13,9100
6120,達運,80,0,80,群益金鼎,2023-10-13,9100
00668,國泰美國道瓊,81,2,79,群益金鼎,2023-10-13,9100
3078,僑威,137,58,79,群益金鼎,2023-10-13,9100
5258,虹堡,94,17,77,群益金鼎,2023-10-13,9100
2449,京元電子,197,127,70,群益金鼎,2023-10-13,9100
6271,同欣電,73,7,66,群益金鼎,2023-10-13,9100
3680,家登,67,2,65,群益金鼎,2023-10-13,9100
00900,富邦特選高股息30,60,0,60,群益金鼎,2023-10-13,9100
00894,中信小資高價30,55,0,55,群益金鼎,2023-10-13,9100
3406,玉晶光,68,14,54,群益金鼎,2023-10-13,9100
8358,金居,140,90,50,群益金鼎,2023-10-13,9100
9904,寶成,90,40,50,群益金鼎,2023-10-13,9100
1101,台泥,60,11,49,群益金鼎,2023-10-13,9100
00682U,期元大美元指數,48,0,48,群益金鼎,2023-10-13,9100
3548,兆利,441,394,47,群益金鼎,2023-10-13,9100
8050,廣積,53,6,47,群益金鼎,2023-10-13,9100
00885,富邦越南,3026,0,3026,群益金鼎,2023-10-16,9100
00893,國泰智能電動車,2183,0,2183,群益金鼎,2023-10-16,9100
00687B,國泰20年美債,1312,0,1312,群益金鼎,2023-10-16,9100
1314,中石化,1538,416,1122,群益金鼎,2023-10-16,9100
2303,聯電,1072,64,1008,群益金鼎,2023-10-16,9100
00669R,國泰美國道瓊反1,999,0,999,群益金鼎,2023-10-16,9100
2515,中工,1072,100,972,群益金鼎,2023-10-16,9100
00881,國泰台灣5G+,840,0,840,群益金鼎,2023-10-16,9100
00923,群益台ESG低碳50,675,113,562,群益金鼎,2023-10-16,9100
8054,安國,547,6,541,群益金鼎,2023-10-16,9100
00922,國泰台灣領袖50,443,17,426,群益金鼎,2023-10-16,9100
2540,愛山林,421,0,421,群益金鼎,2023-10-16,9100
2603,長榮,438,21,417,群益金鼎,2023-10-16,9100
3711,日月光投控,440,29,411,群益金鼎,2023-10-16,9100
4979,華星光,429,36,393,群益金鼎,2023-10-16,9100
00892,富邦台灣半導體,572,181,391,群益金鼎,2023-10-16,9100
2886,兆豐金,356,4,352,群益金鼎,2023-10-16,9100
5880,合庫金,332,0,332,群益金鼎,2023-10-16,9100
6530,創威,502,177,325,群益金鼎,2023-10-16,9100
00715L,期街口布蘭特正2,511,204,307,群益金鼎,2023-10-16,9100
00852L,國泰美國道瓊正2,304,0,304,群益金鼎,2023-10-16,9100
2882,國泰金,294,12,282,群益金鼎,2023-10-16,9100
3044,健鼎,346,85,261,群益金鼎,2023-10-16,9100
0056,元大高股息,240,1,239,群益金鼎,2023-10-16,9100
2609,陽明,273,42,231,群益金鼎,2023-10-16,9100
00876,元大全球5G,223,2,221,群益金鼎,2023-10-16,9100
2382,廣達,613,433,180,群益金鼎,2023-10-16,9100
00636,國泰中國A50,157,0,157,群益金鼎,2023-10-16,9100
6139,亞翔,151,22,129,群益金鼎,2023-10-16,9100
3035,智原,345,221,124,群益金鼎,2023-10-16,9100
1101,台泥,128,24,104,群益金鼎,2023-10-16,9100
4130,健亞,102,0,102,群益金鼎,2023-10-16,9100
00682U,期元大美元指數,99,0,99,群益金鼎,2023-10-16,9100
2376,技嘉,305,206,99,群益金鼎,2023-10-16,9100
00864B,中信美國公債0-1,159,63,96,群益金鼎,2023-10-16,9100
3305,昇貿,93,0,93,群益金鼎,2023-10-16,9100
3176,基亞,95,5,90,群益金鼎,2023-10-16,9100
00918,大華優利高填息30,191,102,89,群益金鼎,2023-10-16,9100
9958,世紀鋼,151,62,89,群益金鼎,2023-10-16,9100
00927,群益半導體收益,293,206,87,群益金鼎,2023-10-16,9100
2344,華邦電,256,169,87,群益金鼎,2023-10-16,9100
00638R,元大滬深300反1,84,3,81,群益金鼎,2023-10-16,9100
2201,裕隆,329,254,75,群益金鼎,2023-10-16,9100
2607,榮運,89,14,75,群益金鼎,2023-10-16,9100
2753,八方雲集,71,0,71,群益金鼎,2023-10-16,9100
3264,欣銓,74,5,69,群益金鼎,2023-10-16,9100
5439,高技,102,35,67,群益金鼎,2023-10-16,9100
006205,富邦上証,67,3,64,群益金鼎,2023-10-16,9100
2454,聯發科,72,11,61,群益金鼎,2023-10-16,9100
00900,富邦特選高股息30,127,68,59,群益金鼎,2023-10-16,9100
4938,和碩,1736,67,1669,群益金鼎,2023-10-17,9100
00891,中信關鍵半導體,1048,1,1047,群益金鼎,2023-10-17,9100
2515,中工,1210,333,877,群益金鼎,2023-10-17,9100
6168,宏齊,969,117,852,群益金鼎,2023-10-17,9100
00927,群益半導體收益,843,0,843,群益金鼎,2023-10-17,9100
3588,通嘉,502,0,502,群益金鼎,2023-10-17,9100
00892,富邦台灣半導體,506,20,486,群益金鼎,2023-10-17,9100
2540,愛山林,421,0,421,群益金鼎,2023-10-17,9100
00773B,中信優先金融債,376,1,375,群益金鼎,2023-10-17,9100
2412,中華電,300,18,282,群益金鼎,2023-10-17,9100
8176,智捷,253,0,253,群益金鼎,2023-10-17,9100
00903,富邦元宇宙,237,1,236,群益金鼎,2023-10-17,9100
00916,國泰全球品牌50,233,0,233,群益金鼎,2023-10-17,9100
2303,聯電,359,148,211,群益金鼎,2023-10-17,9100
00712,復華富時不動產,200,1,199,群益金鼎,2023-10-17,9100
00900,富邦特選高股息30,198,5,193,群益金鼎,2023-10-17,9100
2104,國際中橡,235,43,192,群益金鼎,2023-10-17,9100
5347,世界,190,46,144,群益金鼎,2023-10-17,9100
00924,復華S＆P500成長,132,1,131,群益金鼎,2023-10-17,9100
6284,佳邦,150,23,127,群益金鼎,2023-10-17,9100
2344,華邦電,152,27,125,群益金鼎,2023-10-17,9100
00909,國泰數位支付服務,123,0,123,群益金鼎,2023-10-17,9100
3704,合勤控,176,65,111,群益金鼎,2023-10-17,9100
5258,虹堡,108,0,108,群益金鼎,2023-10-17,9100
6114,久威,108,5,103,群益金鼎,2023-10-17,9100
2002,中鋼,283,182,101,群益金鼎,2023-10-17,9100
1102,亞泥,128,29,99,群益金鼎,2023-10-17,9100
00862B,中信投資級公司債,400,303,97,群益金鼎,2023-10-17,9100
00931B,統一美債20年,99,21,78,群益金鼎,2023-10-17,9100
1314,中石化,343,276,67,群益金鼎,2023-10-17,9100
6138,茂達,75,9,66,群益金鼎,2023-10-17,9100
00636,國泰中國A50,73,11,62,群益金鼎,2023-10-17,9100
6290,良維,107,45,62,群益金鼎,2023-10-17,9100
00861,元大全球未來通訊,59,0,59,群益金鼎,2023-10-17,9100
6770,力積電,109,52,57,群益金鼎,2023-10-17,9100
00668,國泰美國道瓊,56,0,56,群益金鼎,2023-10-17,9100
2753,八方雲集,55,0,55,群益金鼎,2023-10-17,9100
00915,凱基優選高股息30,62,8,54,群益金鼎,2023-10-17,9100
00910,第一金太空衛星,104,51,53,群益金鼎,2023-10-17,9100
3006,晶豪科,125,73,52,群益金鼎,2023-10-17,9100
2504,國產,50,0,50,群益金鼎,2023-10-17,9100
4763,材料-KY,70,24,46,群益金鼎,2023-10-17,9100
8050,廣積,68,23,45,群益金鼎,2023-10-17,9100
3362,先進光,53,9,44,群益金鼎,2023-10-17,9100
3545,敦泰,45,3,42,群益金鼎,2023-10-17,9100
3036A,文曄甲特,40,0,40,群益金鼎,2023-10-17,9100
3138,耀登,39,0,39,群益金鼎,2023-10-17,9100
2615,萬海,45,7,38,群益金鼎,2023-10-17,9100
00899,FT潔淨能源,36,0,36,群益金鼎,2023-10-17,9100
2368,金像電,108,73,35,群益金鼎,2023-10-17,9100
00931B,統一美債20年,4461,10,4451,群益金鼎,2023-10-18,9100
00632R,元大台灣50反1,2558,0,2558,群益金鼎,2023-10-18,9100
2303,聯電,2459,245,2214,群益金鼎,2023-10-18,9100
1101,台泥,2251,221,2030,群益金鼎,2023-10-18,9100
00772B,中信高評級公司債,1891,0,1891,群益金鼎,2023-10-18,9100
2609,陽明,1796,71,1725,群益金鼎,2023-10-18,9100
00927,群益半導體收益,1346,11,1335,群益金鼎,2023-10-18,9100
00891,中信關鍵半導體,1331,0,1331,群益金鼎,2023-10-18,9100
00773B,中信優先金融債,1338,75,1263,群益金鼎,2023-10-18,9100
00862B,中信投資級公司債,1048,283,765,群益金鼎,2023-10-18,9100
6530,創威,718,14,704,群益金鼎,2023-10-18,9100
2615,萬海,641,47,594,群益金鼎,2023-10-18,9100
00892,富邦台灣半導體,683,107,576,群益金鼎,2023-10-18,9100
2540,愛山林,422,0,422,群益金鼎,2023-10-18,9100
00738U,期元大道瓊白銀,361,0,361,群益金鼎,2023-10-18,9100
00924,復華S＆P500成長,549,200,349,群益金鼎,2023-10-18,9100
3041,揚智,332,24,308,群益金鼎,2023-10-18,9100
2449,京元電子,446,145,301,群益金鼎,2023-10-18,9100
0050,元大台灣50,308,26,282,群益金鼎,2023-10-18,9100
00650L,復華香港正2,421,151,270,群益金鼎,2023-10-18,9100
5457,宣德,250,0,250,群益金鼎,2023-10-18,9100
3260,威剛,687,440,247,群益金鼎,2023-10-18,9100
2382,廣達,714,469,245,群益金鼎,2023-10-18,9100
1609,大亞,321,78,243,群益金鼎,2023-10-18,9100
2352,佳世達,315,108,207,群益金鼎,2023-10-18,9100
00668,國泰美國道瓊,191,1,190,群益金鼎,2023-10-18,9100
00908,富邦入息REITs+,174,0,174,群益金鼎,2023-10-18,9100
2603,長榮,325,154,171,群益金鼎,2023-10-18,9100
00916,國泰全球品牌50,158,0,158,群益金鼎,2023-10-18,9100
2404,漢唐,151,0,151,群益金鼎,2023-10-18,9100
00876,元大全球5G,142,0,142,群益金鼎,2023-10-18,9100
2401,凌陽,181,48,133,群益金鼎,2023-10-18,9100
00751B,元大AAA至A公司債,290,165,125,群益金鼎,2023-10-18,9100
6741,91APP*-KY,132,8,124,群益金鼎,2023-10-18,9100
2884,玉山金,157,33,124,群益金鼎,2023-10-18,9100
00909,國泰數位支付服務,270,148,122,群益金鼎,2023-10-18,9100
3044,健鼎,241,120,121,群益金鼎,2023-10-18,9100
00903,富邦元宇宙,108,0,108,群益金鼎,2023-10-18,9100
3035,智原,295,188,107,群益金鼎,2023-10-18,9100
5880,合庫金,105,0,105,群益金鼎,2023-10-18,9100
2885,元大金,113,12,101,群益金鼎,2023-10-18,9100
00926,凱基全球菁英55,102,2,100,群益金鼎,2023-10-18,9100
6284,佳邦,107,7,100,群益金鼎,2023-10-18,9100
00678,群益那斯達克生技,200,100,100,群益金鼎,2023-10-18,9100
2385,群光,108,9,99,群益金鼎,2023-10-18,9100
6113,亞矽,97,2,95,群益金鼎,2023-10-18,9100
00852L,國泰美國道瓊正2,304,211,93,群益金鼎,2023-10-18,9100
2880,華南金,93,0,93,群益金鼎,2023-10-18,9100
2330,台積電,96,3,93,群益金鼎,2023-10-18,9100
00696B,富邦美債20年,91,0,91,群益金鼎,2023-10-18,9100
3041,揚智,3531,373,3158,群益金鼎,2023-10-19,9100
00669R,國泰美國道瓊反1,3365,300,3065,群益金鼎,2023-10-19,9100
2303,聯電,1969,226,1743,群益金鼎,2023-10-19,9100
00892,富邦台灣半導體,977,101,876,群益金鼎,2023-10-19,9100
3122,笙泉,853,4,849,群益金鼎,2023-10-19,9100
2330,台積電,811,38,773,群益金鼎,2023-10-19,9100
1314,中石化,836,71,765,群益金鼎,2023-10-19,9100
00908,富邦入息REITs+,528,5,523,群益金鼎,2023-10-19,9100
2515,中工,525,24,501,群益金鼎,2023-10-19,9100
00927,群益半導體收益,806,371,435,群益金鼎,2023-10-19,9100
00881,國泰台灣5G+,430,0,430,群益金鼎,2023-10-19,9100
2540,愛山林,421,0,421,群益金鼎,2023-10-19,9100
2606,裕民,410,56,354,群益金鼎,2023-10-19,9100
00638R,元大滬深300反1,390,51,339,群益金鼎,2023-10-19,9100
00891,中信關鍵半導體,338,12,326,群益金鼎,2023-10-19,9100
2363,矽統,323,8,315,群益金鼎,2023-10-19,9100
006205,富邦上証,391,81,310,群益金鼎,2023-10-19,9100
3017,奇鋐,515,239,276,群益金鼎,2023-10-19,9100
1101,台泥,406,162,244,群益金鼎,2023-10-19,9100
3260,威剛,330,99,231,群益金鼎,2023-10-19,9100
4967,十銓,283,58,225,群益金鼎,2023-10-19,9100
3037,欣興,304,79,225,群益金鼎,2023-10-19,9100
2609,陽明,216,3,213,群益金鼎,2023-10-19,9100
00673R,期元大S＆P原油反1,200,0,200,群益金鼎,2023-10-19,9100
0056,元大高股息,223,24,199,群益金鼎,2023-10-19,9100
2345,智邦,245,76,169,群益金鼎,2023-10-19,9100
00636,國泰中國A50,228,62,166,群益金鼎,2023-10-19,9100
6158,禾昌,163,9,154,群益金鼎,2023-10-19,9100
00861,元大全球未來通訊,127,0,127,群益金鼎,2023-10-19,9100
00740B,富邦全球投等債,120,0,120,群益金鼎,2023-10-19,9100
2449,京元電子,245,131,114,群益金鼎,2023-10-19,9100
6274,台燿,259,145,114,群益金鼎,2023-10-19,9100
00657,國泰日經225,133,20,113,群益金鼎,2023-10-19,9100
00715L,期街口布蘭特正2,111,3,108,群益金鼎,2023-10-19,9100
2603,長榮,121,22,99,群益金鼎,2023-10-19,9100
2615,萬海,106,14,92,群益金鼎,2023-10-19,9100
3176,基亞,90,0,90,群益金鼎,2023-10-19,9100
3374,精材,111,23,88,群益金鼎,2023-10-19,9100
0052,富邦科技,113,31,82,群益金鼎,2023-10-19,9100
00643,群益深証中小,129,60,69,群益金鼎,2023-10-19,9100
6643,M31,72,5,67,群益金鼎,2023-10-19,9100
3711,日月光投控,230,166,64,群益金鼎,2023-10-19,9100
3264,欣銓,72,11,61,群益金鼎,2023-10-19,9100
3305,昇貿,57,0,57,群益金鼎,2023-10-19,9100
4128,中天,72,18,54,群益金鼎,2023-10-19,9100
6491,晶碩,51,0,51,群益金鼎,2023-10-19,9100
3362,先進光,58,7,51,群益金鼎,2023-10-19,9100
2707,晶華,50,0,50,群益金鼎,2023-10-19,9100
3014,聯陽,50,6,44,群益金鼎,2023-10-19,9100
00876,元大全球5G,46,3,43,群益金鼎,2023-10-19,9100
2369,菱生,4977,74,4903,群益金鼎,2023-10-20,9100
1101,台泥,4051,128,3923,群益金鼎,2023-10-20,9100
00773B,中信優先金融債,2123,29,2094,群益金鼎,2023-10-20,9100
2303,聯電,1864,355,1509,群益金鼎,2023-10-20,9100
00632R,元大台灣50反1,1502,0,1502,群益金鼎,2023-10-20,9100
00891,中信關鍵半導體,1368,0,1368,群益金鼎,2023-10-20,9100
3481,群創,1876,511,1365,群益金鼎,2023-10-20,9100
00893,國泰智能電動車,1339,0,1339,群益金鼎,2023-10-20,9100
00923,群益台ESG低碳50,1740,722,1018,群益金鼎,2023-10-20,9100
00895,富邦未來車,761,0,761,群益金鼎,2023-10-20,9100
3041,揚智,4268,3531,737,群益金鼎,2023-10-20,9100
00638R,元大滬深300反1,665,0,665,群益金鼎,2023-10-20,9100
5215,科嘉-KY,582,1,581,群益金鼎,2023-10-20,9100
00662,富邦NASDAQ,500,0,500,群益金鼎,2023-10-20,9100
00862B,中信投資級公司債,775,277,498,群益金鼎,2023-10-20,9100
00757,統一FANG+,477,0,477,群益金鼎,2023-10-20,9100
00637L,元大滬深300正2,472,1,471,群益金鼎,2023-10-20,9100
00881,國泰台灣5G+,433,0,433,群益金鼎,2023-10-20,9100
00908,富邦入息REITs+,426,0,426,群益金鼎,2023-10-20,9100
2540,愛山林,421,0,421,群益金鼎,2023-10-20,9100
2449,京元電子,778,379,399,群益金鼎,2023-10-20,9100
9933,中鼎,305,0,305,群益金鼎,2023-10-20,9100
2330,台積電,336,44,292,群益金鼎,2023-10-20,9100
1216,統一,248,0,248,群益金鼎,2023-10-20,9100
00859B,群益0-1年美債,493,274,219,群益金鼎,2023-10-20,9100
0056,元大高股息,264,49,215,群益金鼎,2023-10-20,9100
5457,宣德,211,8,203,群益金鼎,2023-10-20,9100
5871,中租-KY,209,20,189,群益金鼎,2023-10-20,9100
6274,台燿,325,138,187,群益金鼎,2023-10-20,9100
3006,晶豪科,343,166,177,群益金鼎,2023-10-20,9100
00636,國泰中國A50,204,29,175,群益金鼎,2023-10-20,9100
00772B,中信高評級公司債,583,412,171,群益金鼎,2023-10-20,9100
1102,亞泥,189,30,159,群益金鼎,2023-10-20,9100
3005,神基,168,17,151,群益金鼎,2023-10-20,9100
00920,富邦ESG綠色電力,150,0,150,群益金鼎,2023-10-20,9100
3035,智原,267,118,149,群益金鼎,2023-10-20,9100
2376,技嘉,674,533,141,群益金鼎,2023-10-20,9100
3260,威剛,286,160,126,群益金鼎,2023-10-20,9100
2753,八方雲集,122,0,122,群益金鼎,2023-10-20,9100
3017,奇鋐,124,13,111,群益金鼎,2023-10-20,9100
2345,智邦,121,11,110,群益金鼎,2023-10-20,9100
6213,聯茂,154,45,109,群益金鼎,2023-10-20,9100
8024,佑華,105,1,104,群益金鼎,2023-10-20,9100
3264,欣銓,115,11,104,群益金鼎,2023-10-20,9100
00909,國泰數位支付服務,100,0,100,群益金鼎,2023-10-20,9100
9958,世紀鋼,146,49,97,群益金鼎,2023-10-20,9100
2104,國際中橡,135,40,95,群益金鼎,2023-10-20,9100
3231,緯創,614,520,94,群益金鼎,2023-10-20,9100
5516,雙喜,90,0,90,群益金鼎,2023-10-20,9100
00927,群益半導體收益,393,305,88,群益金鼎,2023-10-20,9100
2369,菱生,7980,2441,5539,群益金鼎,2023-10-23,9100
8110,華東,6531,1390,5141,群益金鼎,2023-10-23,9100
00637L,元大滬深300正2,3380,60,3320,群益金鼎,2023-10-23,9100
3122,笙泉,2279,43,2236,群益金鼎,2023-10-23,9100
6113,亞矽,999,31,968,群益金鼎,2023-10-23,9100
2449,京元電子,859,126,733,群益金鼎,2023-10-23,9100
00664R,國泰臺灣加權反1,675,0,675,群益金鼎,2023-10-23,9100
2363,矽統,459,5,454,群益金鼎,2023-10-23,9100
2540,愛山林,421,0,421,群益金鼎,2023-10-23,9100
6129,普誠,419,2,417,群益金鼎,2023-10-23,9100
2883,凱基金,413,20,393,群益金鼎,2023-10-23,9100
2515,中工,437,96,341,群益金鼎,2023-10-23,9100
00915,凱基優選高股息30,411,100,311,群益金鼎,2023-10-23,9100
1216,統一,261,1,260,群益金鼎,2023-10-23,9100
00830,國泰費城半導體,485,238,247,群益金鼎,2023-10-23,9100
2887,台新金,258,18,240,群益金鼎,2023-10-23,9100
2401,凌陽,315,75,240,群益金鼎,2023-10-23,9100
1314,中石化,241,6,235,群益金鼎,2023-10-23,9100
00892,富邦台灣半導體,419,211,208,群益金鼎,2023-10-23,9100
8069,元太,276,72,204,群益金鼎,2023-10-23,9100
00920,富邦ESG綠色電力,300,100,200,群益金鼎,2023-10-23,9100
00671R,富邦NASDAQ反1,198,0,198,群益金鼎,2023-10-23,9100
3017,奇鋐,275,78,197,群益金鼎,2023-10-23,9100
3051,力特,261,79,182,群益金鼎,2023-10-23,9100
6274,台燿,218,45,173,群益金鼎,2023-10-23,9100
3715,定穎投控,226,63,163,群益金鼎,2023-10-23,9100
9958,世紀鋼,192,49,143,群益金鼎,2023-10-23,9100
0050,元大台灣50,161,30,131,群益金鼎,2023-10-23,9100
6695,芯鼎,129,4,125,群益金鼎,2023-10-23,9100
6271,同欣電,137,20,117,群益金鼎,2023-10-23,9100
3374,精材,123,16,107,群益金鼎,2023-10-23,9100
3014,聯陽,116,12,104,群益金鼎,2023-10-23,9100
2881,富邦金,160,59,101,群益金鼎,2023-10-23,9100
00909,國泰數位支付服務,100,2,98,群益金鼎,2023-10-23,9100
2303,聯電,361,265,96,群益金鼎,2023-10-23,9100
4915,致伸,108,12,96,群益金鼎,2023-10-23,9100
6139,亞翔,246,150,96,群益金鼎,2023-10-23,9100
00631L,元大台灣50正2,101,5,96,群益金鼎,2023-10-23,9100
3450,聯鈞,97,3,94,群益金鼎,2023-10-23,9100
00715L,期街口布蘭特正2,103,10,93,群益金鼎,2023-10-23,9100
9914,美利達,70,0,70,群益金鼎,2023-10-23,9100
00657,國泰日經225,107,37,70,群益金鼎,2023-10-23,9100
3005,神基,75,6,69,群益金鼎,2023-10-23,9100
00862B,中信投資級公司債,342,282,60,群益金鼎,2023-10-23,9100
6176,瑞儀,68,8,60,群益金鼎,2023-10-23,9100
2109,華豐,58,0,58,群益金鼎,2023-10-23,9100
8390,金益鼎,57,0,57,群益金鼎,2023-10-23,9100
00882,中信中國高股息,54,0,54,群益金鼎,2023-10-23,9100
5258,虹堡,64,12,52,群益金鼎,2023-10-23,9100
2368,金像電,73,23,50,群益金鼎,2023-10-23,9100
00632R,元大台灣50反1,7893,1044,6849,群益金鼎,2023-10-24,9100
8110,華東,3012,146,2866,群益金鼎,2023-10-24,9100
00931B,統一美債20年,1086,20,1066,群益金鼎,2023-10-24,9100
3231,緯創,1162,390,772,群益金鼎,2023-10-24,9100
00772B,中信高評級公司債,735,0,735,群益金鼎,2023-10-24,9100
00664R,國泰臺灣加權反1,583,0,583,群益金鼎,2023-10-24,9100
1101,台泥,686,133,553,群益金鼎,2023-10-24,9100
2540,愛山林,421,0,421,群益金鼎,2023-10-24,9100
00857B,永豐20年美公債,421,0,421,群益金鼎,2023-10-24,9100
2363,矽統,401,11,390,群益金鼎,2023-10-24,9100
2603,長榮,385,26,359,群益金鼎,2023-10-24,9100
3711,日月光投控,389,62,327,群益金鼎,2023-10-24,9100
4915,致伸,338,15,323,群益金鼎,2023-10-24,9100
2303,聯電,686,365,321,群益金鼎,2023-10-24,9100
6589,台康生技,301,1,300,群益金鼎,2023-10-24,9100
2609,陽明,289,31,258,群益金鼎,2023-10-24,9100
2317,鴻海,249,12,237,群益金鼎,2023-10-24,9100
2890,永豐金,231,0,231,群益金鼎,2023-10-24,9100
00892,富邦台灣半導體,223,6,217,群益金鼎,2023-10-24,9100
3044,健鼎,234,29,205,群益金鼎,2023-10-24,9100
00917,中信特選金融,202,0,202,群益金鼎,2023-10-24,9100
6239,力成,206,7,199,群益金鼎,2023-10-24,9100
6168,宏齊,275,86,189,群益金鼎,2023-10-24,9100
00876,元大全球5G,326,145,181,群益金鼎,2023-10-24,9100
2368,金像電,202,30,172,群益金鼎,2023-10-24,9100
2618,長榮航,250,88,162,群益金鼎,2023-10-24,9100
2801,彰銀,157,0,157,群益金鼎,2023-10-24,9100
00891,中信關鍵半導體,153,1,152,群益金鼎,2023-10-24,9100
2731,雄獅,150,0,150,群益金鼎,2023-10-24,9100
2441,超豐,150,1,149,群益金鼎,2023-10-24,9100
3035,智原,427,279,148,群益金鼎,2023-10-24,9100
006205,富邦上証,125,5,120,群益金鼎,2023-10-24,9100
2834,臺企銀,126,19,107,群益金鼎,2023-10-24,9100
2883,凱基金,106,0,106,群益金鼎,2023-10-24,9100
1560,中砂,114,9,105,群益金鼎,2023-10-24,9100
2455,全新,107,4,103,群益金鼎,2023-10-24,9100
2615,萬海,108,8,100,群益金鼎,2023-10-24,9100
00915,凱基優選高股息30,100,0,100,群益金鼎,2023-10-24,9100
6274,台燿,202,104,98,群益金鼎,2023-10-24,9100
00683L,期元大美元指正2,100,5,95,群益金鼎,2023-10-24,9100
6669,緯穎,104,11,93,群益金鼎,2023-10-24,9100
2345,智邦,116,27,89,群益金鼎,2023-10-24,9100
3207,耀勝,86,0,86,群益金鼎,2023-10-24,9100
00643,群益深証中小,227,142,85,群益金鼎,2023-10-24,9100
4162,智擎,114,29,85,群益金鼎,2023-10-24,9100
1795,美時,116,34,82,群益金鼎,2023-10-24,9100
2383,台光電,154,73,81,群益金鼎,2023-10-24,9100
00697B,元大美債7-10,79,0,79,群益金鼎,2023-10-24,9100
0050,元大台灣50,93,16,77,群益金鼎,2023-10-24,9100
00719B,元大美債1-3,75,0,75,群益金鼎,2023-10-24,9100
8110,華東,8628,896,7732,群益金鼎,2023-10-25,9100
2891,中信金,3762,17,3745,群益金鼎,2023-10-25,9100
00751B,元大AAA至A公司債,2397,25,2372,群益金鼎,2023-10-25,9100
5439,高技,1977,72,1905,群益金鼎,2023-10-25,9100
00665L,富邦�琤肭磪囓�2,1661,0,1661,群益金鼎,2023-10-25,9100
6243,迅杰,1598,5,1593,群益金鼎,2023-10-25,9100
00671R,富邦NASDAQ反1,1308,0,1308,群益金鼎,2023-10-25,9100
00687B,國泰20年美債,921,6,915,群益金鼎,2023-10-25,9100
1815,富喬,835,17,818,群益金鼎,2023-10-25,9100
00673R,期元大S＆P原油反1,810,1,809,群益金鼎,2023-10-25,9100
00795B,中信美國公債20年,739,75,664,群益金鼎,2023-10-25,9100
00772B,中信高評級公司債,656,0,656,群益金鼎,2023-10-25,9100
00909,國泰數位支付服務,746,118,628,群益金鼎,2023-10-25,9100
00864B,中信美國公債0-1,552,52,500,群益金鼎,2023-10-25,9100
2888,新光金,598,141,457,群益金鼎,2023-10-25,9100
00773B,中信優先金融債,500,75,425,群益金鼎,2023-10-25,9100
6684,安格,427,12,415,群益金鼎,2023-10-25,9100
1314,中石化,484,84,400,群益金鼎,2023-10-25,9100
00903,富邦元宇宙,386,0,386,群益金鼎,2023-10-25,9100
00922,國泰台灣領袖50,328,0,328,群益金鼎,2023-10-25,9100
2603,長榮,326,6,320,群益金鼎,2023-10-25,9100
1319,東陽,304,5,299,群益金鼎,2023-10-25,9100
3005,神基,302,4,298,群益金鼎,2023-10-25,9100
2303,聯電,444,157,287,群益金鼎,2023-10-25,9100
3711,日月光投控,367,90,277,群益金鼎,2023-10-25,9100
2382,廣達,395,123,272,群益金鼎,2023-10-25,9100
2515,中工,344,93,251,群益金鼎,2023-10-25,9100
00764B,群益25年美債,1195,954,241,群益金鼎,2023-10-25,9100
2609,陽明,229,14,215,群益金鼎,2023-10-25,9100
2731,雄獅,150,0,150,群益金鼎,2023-10-25,9100
8044,網家,152,7,145,群益金鼎,2023-10-25,9100
00637L,元大滬深300正2,1061,917,144,群益金鼎,2023-10-25,9100
3450,聯鈞,121,8,113,群益金鼎,2023-10-25,9100
2233,宇隆,125,13,112,群益金鼎,2023-10-25,9100
00638R,元大滬深300反1,111,0,111,群益金鼎,2023-10-25,9100
006205,富邦上証,112,1,111,群益金鼎,2023-10-25,9100
6284,佳邦,132,24,108,群益金鼎,2023-10-25,9100
3044,健鼎,198,90,108,群益金鼎,2023-10-25,9100
00927,群益半導體收益,105,0,105,群益金鼎,2023-10-25,9100
3231,緯創,516,418,98,群益金鼎,2023-10-25,9100
00657,國泰日經225,100,2,98,群益金鼎,2023-10-25,9100
00915,凱基優選高股息30,102,8,94,群益金鼎,2023-10-25,9100
2369,菱生,174,80,94,群益金鼎,2023-10-25,9100
00719B,元大美債1-3,91,0,91,群益金鼎,2023-10-25,9100
6285,啟��,107,18,89,群益金鼎,2023-10-25,9100
2383,台光電,121,33,88,群益金鼎,2023-10-25,9100
8996,高力,96,10,86,群益金鼎,2023-10-25,9100
2313,華通,119,34,85,群益金鼎,2023-10-25,9100
3481,群創,201,119,82,群益金鼎,2023-10-25,9100
2615,萬海,82,3,79,群益金鼎,2023-10-25,9100
00632R,元大台灣50反1,11859,402,11457,群益金鼎,2023-10-26,9100
6442,光聖,2590,33,2557,群益金鼎,2023-10-26,9100
2891,中信金,2303,83,2220,群益金鼎,2023-10-26,9100
00664R,國泰臺灣加權反1,1835,0,1835,群益金鼎,2023-10-26,9100
8110,華東,1334,153,1181,群益金鼎,2023-10-26,9100
00692,富邦公司治理,920,101,819,群益金鼎,2023-10-26,9100
4960,誠美材,2076,1276,800,群益金鼎,2023-10-26,9100
00895,富邦未來車,1000,282,718,群益金鼎,2023-10-26,9100
00757,統一FANG+,721,36,685,群益金鼎,2023-10-26,9100
2233,宇隆,667,12,655,群益金鼎,2023-10-26,9100
2892,第一金,545,1,544,群益金鼎,2023-10-26,9100
00922,國泰台灣領袖50,583,86,497,群益金鼎,2023-10-26,9100
3037,欣興,509,94,415,群益金鼎,2023-10-26,9100
00662,富邦NASDAQ,400,0,400,群益金鼎,2023-10-26,9100
00881,國泰台灣5G+,380,1,379,群益金鼎,2023-10-26,9100
00892,富邦台灣半導體,340,17,323,群益金鼎,2023-10-26,9100
6290,良維,424,105,319,群益金鼎,2023-10-26,9100
00926,凱基全球菁英55,320,5,315,群益金鼎,2023-10-26,9100
00661,元大日經225,302,0,302,群益金鼎,2023-10-26,9100
3450,聯鈞,340,38,302,群益金鼎,2023-10-26,9100
5258,虹堡,326,63,263,群益金鼎,2023-10-26,9100
3491,昇達科,272,26,246,群益金鼎,2023-10-26,9100
1795,美時,256,26,230,群益金鼎,2023-10-26,9100
00669R,國泰美國道瓊反1,808,594,214,群益金鼎,2023-10-26,9100
00893,國泰智能電動車,2105,1900,205,群益金鼎,2023-10-26,9100
00917,中信特選金融,203,0,203,群益金鼎,2023-10-26,9100
00907,永豐優息存股,205,13,192,群益金鼎,2023-10-26,9100
00645,富邦日本,301,115,186,群益金鼎,2023-10-26,9100
2308,台達電,204,37,167,群益金鼎,2023-10-26,9100
2317,鴻海,158,1,157,群益金鼎,2023-10-26,9100
3036,文曄,161,11,150,群益金鼎,2023-10-26,9100
6143,振曜,166,23,143,群益金鼎,2023-10-26,9100
00728,第一金工業30,155,14,141,群益金鼎,2023-10-26,9100
0050,元大台灣50,145,13,132,群益金鼎,2023-10-26,9100
1210,大成,130,1,129,群益金鼎,2023-10-26,9100
00670L,富邦NASDAQ正2,217,100,117,群益金鼎,2023-10-26,9100
2367,燿華,129,15,114,群益金鼎,2023-10-26,9100
00852L,國泰美國道瓊正2,254,146,108,群益金鼎,2023-10-26,9100
6284,佳邦,121,21,100,群益金鼎,2023-10-26,9100
1402,遠東新,120,23,97,群益金鼎,2023-10-26,9100
00696B,富邦美債20年,92,1,91,群益金鼎,2023-10-26,9100
5269,祥碩,106,21,85,群益金鼎,2023-10-26,9100
4130,健亞,80,0,80,群益金鼎,2023-10-26,9100
2330,台積電,79,2,77,群益金鼎,2023-10-26,9100
0052,富邦科技,97,22,75,群益金鼎,2023-10-26,9100
6187,萬潤,82,8,74,群益金鼎,2023-10-26,9100
00927,群益半導體收益,509,438,71,群益金鼎,2023-10-26,9100
00713,元大台灣高息低波,200,131,69,群益金鼎,2023-10-26,9100
4770,上品,65,0,65,群益金鼎,2023-10-26,9100
00671R,富邦NASDAQ反1,167,102,65,群益金鼎,2023-10-26,9100
00673R,期元大S＆P原油反1,3800,0,3800,群益金鼎,2023-10-27,9100
00637L,元大滬深300正2,2634,0,2634,群益金鼎,2023-10-27,9100
2303,聯電,1255,105,1150,群益金鼎,2023-10-27,9100
6216,居易,1117,1,1116,群益金鼎,2023-10-27,9100
00876,元大全球5G,682,0,682,群益金鼎,2023-10-27,9100
3231,緯創,1335,654,681,群益金鼎,2023-10-27,9100
00830,國泰費城半導體,644,0,644,群益金鼎,2023-10-27,9100
2890,永豐金,617,0,617,群益金鼎,2023-10-27,9100
00648R,元大S＆P500反1,499,0,499,群益金鼎,2023-10-27,9100
2885,元大金,525,42,483,群益金鼎,2023-10-27,9100
3014,聯陽,521,63,458,群益金鼎,2023-10-27,9100
2891,中信金,548,114,434,群益金鼎,2023-10-27,9100
00917,中信特選金融,419,0,419,群益金鼎,2023-10-27,9100
2390,云辰,413,9,404,群益金鼎,2023-10-27,9100
00631L,元大台灣50正2,371,14,357,群益金鼎,2023-10-27,9100
2421,建準,316,11,305,群益金鼎,2023-10-27,9100
2882,國泰金,305,12,293,群益金鼎,2023-10-27,9100
2886,兆豐金,275,0,275,群益金鼎,2023-10-27,9100
00650L,復華香港正2,199,0,199,群益金鼎,2023-10-27,9100
3704,合勤控,265,67,198,群益金鼎,2023-10-27,9100
00897,富邦基因免疫生技,188,0,188,群益金鼎,2023-10-27,9100
2881,富邦金,180,0,180,群益金鼎,2023-10-27,9100
2382,廣達,285,106,179,群益金鼎,2023-10-27,9100
6285,啟��,220,64,156,群益金鼎,2023-10-27,9100
00664R,國泰臺灣加權反1,150,22,128,群益金鼎,2023-10-27,9100
1795,美時,254,134,120,群益金鼎,2023-10-27,9100
00861,元大全球未來通訊,104,0,104,群益金鼎,2023-10-27,9100
3034,聯詠,102,0,102,群益金鼎,2023-10-27,9100
00908,富邦入息REITs+,100,0,100,群益金鼎,2023-10-27,9100
2731,雄獅,95,3,92,群益金鼎,2023-10-27,9100
3033,威健,90,0,90,群益金鼎,2023-10-27,9100
4164,承業醫,118,30,88,群益金鼎,2023-10-27,9100
3138,耀登,82,0,82,群益金鼎,2023-10-27,9100
00927,群益半導體收益,104,29,75,群益金鼎,2023-10-27,9100
8054,安國,114,41,73,群益金鼎,2023-10-27,9100
3443,創意,74,6,68,群益金鼎,2023-10-27,9100
2474,可成,67,1,66,群益金鼎,2023-10-27,9100
3078,僑威,139,73,66,群益金鼎,2023-10-27,9100
2308,台達電,95,32,63,群益金鼎,2023-10-27,9100
3481,群創,58,0,58,群益金鼎,2023-10-27,9100
3035,智原,252,195,57,群益金鼎,2023-10-27,9100
2485,兆赫,61,6,55,群益金鼎,2023-10-27,9100
8255,朋程,54,0,54,群益金鼎,2023-10-27,9100
3032,偉訓,75,25,50,群益金鼎,2023-10-27,9100
3287,廣寰科,50,0,50,群益金鼎,2023-10-27,9100
00632R,元大台灣50反1,50,1,49,群益金鼎,2023-10-27,9100
6669,緯穎,48,2,46,群益金鼎,2023-10-27,9100
6121,新普,45,0,45,群益金鼎,2023-10-27,9100
3013,晟銘電,91,51,40,群益金鼎,2023-10-27,9100
006205,富邦上証,39,0,39,群益金鼎,2023-10-27,9100
00632R,元大台灣50反1,2526,0,2526,群益金鼎,2023-10-30,9100
00669R,國泰美國道瓊反1,1497,0,1497,群益金鼎,2023-10-30,9100
00637L,元大滬深300正2,1338,10,1328,群益金鼎,2023-10-30,9100
3105,穩懋,840,9,831,群益金鼎,2023-10-30,9100
1815,富喬,681,43,638,群益金鼎,2023-10-30,9100
6589,台康生技,650,23,627,群益金鼎,2023-10-30,9100
1319,東陽,580,31,549,群益金鼎,2023-10-30,9100
00919,群益台灣精選高息,469,2,467,群益金鼎,2023-10-30,9100
3576,聯合再生,439,2,437,群益金鼎,2023-10-30,9100
2303,聯電,564,238,326,群益金鼎,2023-10-30,9100
4938,和碩,289,22,267,群益金鼎,2023-10-30,9100
2317,鴻海,386,121,265,群益金鼎,2023-10-30,9100
2363,矽統,230,0,230,群益金鼎,2023-10-30,9100
2330,台積電,220,0,220,群益金鼎,2023-10-30,9100
6147,頎邦,224,9,215,群益金鼎,2023-10-30,9100
2609,陽明,252,43,209,群益金鼎,2023-10-30,9100
00908,富邦入息REITs+,200,0,200,群益金鼎,2023-10-30,9100
6443,元晶,222,58,164,群益金鼎,2023-10-30,9100
00830,國泰費城半導體,150,0,150,群益金鼎,2023-10-30,9100
8054,安國,238,92,146,群益金鼎,2023-10-30,9100
00714,群益道瓊美國地產,329,184,145,群益金鼎,2023-10-30,9100
4967,十銓,175,31,144,群益金鼎,2023-10-30,9100
5347,世界,170,32,138,群益金鼎,2023-10-30,9100
8040,九暘,138,1,137,群益金鼎,2023-10-30,9100
00876,元大全球5G,176,44,132,群益金鼎,2023-10-30,9100
4979,華星光,165,39,126,群益金鼎,2023-10-30,9100
00636,國泰中國A50,122,0,122,群益金鼎,2023-10-30,9100
3260,威剛,155,36,119,群益金鼎,2023-10-30,9100
00633L,富邦上証正2,117,1,116,群益金鼎,2023-10-30,9100
6117,迎廣,347,235,112,群益金鼎,2023-10-30,9100
00923,群益台ESG低碳50,415,310,105,群益金鼎,2023-10-30,9100
2883,凱基金,105,0,105,群益金鼎,2023-10-30,9100
2393,億光,104,0,104,群益金鼎,2023-10-30,9100
00643,群益深証中小,135,33,102,群益金鼎,2023-10-30,9100
00909,國泰數位支付服務,103,1,102,群益金鼎,2023-10-30,9100
1326,台化,101,0,101,群益金鼎,2023-10-30,9100
00917,中信特選金融,100,0,100,群益金鼎,2023-10-30,9100
2645,長榮航太,112,18,94,群益金鼎,2023-10-30,9100
00708L,期元大S＆P黃金正2,86,0,86,群益金鼎,2023-10-30,9100
3036A,文曄甲特,76,0,76,群益金鼎,2023-10-30,9100
8086,宏捷科,115,39,76,群益金鼎,2023-10-30,9100
00648R,元大S＆P500反1,69,0,69,群益金鼎,2023-10-30,9100
3264,欣銓,77,9,68,群益金鼎,2023-10-30,9100
2603,長榮,137,70,67,群益金鼎,2023-10-30,9100
2476,鉅祥,66,0,66,群益金鼎,2023-10-30,9100
3712,永崴投控,64,0,64,群益金鼎,2023-10-30,9100
2449,京元電子,71,7,64,群益金鼎,2023-10-30,9100
2313,華通,193,130,63,群益金鼎,2023-10-30,9100
00671R,富邦NASDAQ反1,113,50,63,群益金鼎,2023-10-30,9100
00738U,期元大道瓊白銀,59,0,59,群益金鼎,2023-10-30,9100
00772B,中信高評級公司債,2685,1,2684,群益金鼎,2023-10-31,9100
8086,宏捷科,1938,131,1807,群益金鼎,2023-10-31,9100
00664R,國泰臺灣加權反1,1065,0,1065,群益金鼎,2023-10-31,9100
00862B,中信投資級公司債,1048,5,1043,群益金鼎,2023-10-31,9100
00637L,元大滬深300正2,950,13,937,群益金鼎,2023-10-31,9100
00795B,中信美國公債20年,700,1,699,群益金鼎,2023-10-31,9100
00907,永豐優息存股,600,1,599,群益金鼎,2023-10-31,9100
00751B,元大AAA至A公司債,677,259,418,群益金鼎,2023-10-31,9100
3034,聯詠,419,9,410,群益金鼎,2023-10-31,9100
00773B,中信優先金融債,392,1,391,群益金鼎,2023-10-31,9100
6147,頎邦,365,1,364,群益金鼎,2023-10-31,9100
00922,國泰台灣領袖50,676,313,363,群益金鼎,2023-10-31,9100
00738U,期元大道瓊白銀,290,0,290,群益金鼎,2023-10-31,9100
8112,至上,457,167,290,群益金鼎,2023-10-31,9100
6176,瑞儀,284,8,276,群益金鼎,2023-10-31,9100
3704,合勤控,299,84,215,群益金鼎,2023-10-31,9100
9910,豐泰,210,1,209,群益金鼎,2023-10-31,9100
00713,元大台灣高息低波,301,99,202,群益金鼎,2023-10-31,9100
00892,富邦台灣半導體,200,1,199,群益金鼎,2023-10-31,9100
00903,富邦元宇宙,188,0,188,群益金鼎,2023-10-31,9100
2324,仁寶,277,90,187,群益金鼎,2023-10-31,9100
2409,友達,418,242,176,群益金鼎,2023-10-31,9100
8046,南電,203,29,174,群益金鼎,2023-10-31,9100
2421,建準,200,29,171,群益金鼎,2023-10-31,9100
00852L,國泰美國道瓊正2,250,82,168,群益金鼎,2023-10-31,9100
1815,富喬,321,159,162,群益金鼎,2023-10-31,9100
00633L,富邦上証正2,180,30,150,群益金鼎,2023-10-31,9100
00908,富邦入息REITs+,136,0,136,群益金鼎,2023-10-31,9100
00701,國泰股利精選30,132,0,132,群益金鼎,2023-10-31,9100
00918,大華優利高填息30,131,2,129,群益金鼎,2023-10-31,9100
6290,良維,165,40,125,群益金鼎,2023-10-31,9100
6548,長科*,123,0,123,群益金鼎,2023-10-31,9100
6806,森崴能源,136,13,123,群益金鼎,2023-10-31,9100
8054,安國,217,100,117,群益金鼎,2023-10-31,9100
00670L,富邦NASDAQ正2,131,17,114,群益金鼎,2023-10-31,9100
8016,矽創,108,1,107,群益金鼎,2023-10-31,9100
00635U,期元大S＆P黃金,102,0,102,群益金鼎,2023-10-31,9100
00925,新光標普電動車,100,0,100,群益金鼎,2023-10-31,9100
00910,第一金太空衛星,150,50,100,群益金鼎,2023-10-31,9100
00882,中信中國高股息,100,0,100,群益金鼎,2023-10-31,9100
2303,聯電,155,63,92,群益金鼎,2023-10-31,9100
4979,華星光,223,131,92,群益金鼎,2023-10-31,9100
3035,智原,287,203,84,群益金鼎,2023-10-31,9100
2455,全新,85,14,71,群益金鼎,2023-10-31,9100
3013,晟銘電,111,41,70,群益金鼎,2023-10-31,9100
00668,國泰美國道瓊,86,18,68,群益金鼎,2023-10-31,9100
2731,雄獅,67,0,67,群益金鼎,2023-10-31,9100
6412,群電,63,0,63,群益金鼎,2023-10-31,9100
3094,聯傑,139,77,62,群益金鼎,2023-10-31,9100
01002T,土銀國泰R1,60,0,60,群益金鼎,2023-10-31,9100
00637L,元大滬深300正2,14447,5,14442,群益金鼎,2023-11-01,9100
00664R,國泰臺灣加權反1,1565,0,1565,群益金鼎,2023-11-01,9100
3481,群創,1404,477,927,群益金鼎,2023-11-01,9100
00751B,元大AAA至A公司債,1394,490,904,群益金鼎,2023-11-01,9100
1815,富喬,778,174,604,群益金鼎,2023-11-01,9100
00897,富邦基因免疫生技,478,0,478,群益金鼎,2023-11-01,9100
00687B,國泰20年美債,459,0,459,群益金鼎,2023-11-01,9100
2618,長榮航,705,275,430,群益金鼎,2023-11-01,9100
00665L,富邦�琤肭磪囓�2,370,0,370,群益金鼎,2023-11-01,9100
00633L,富邦上証正2,324,0,324,群益金鼎,2023-11-01,9100
00916,國泰全球品牌50,253,0,253,群益金鼎,2023-11-01,9100
00636,國泰中國A50,281,50,231,群益金鼎,2023-11-01,9100
3034,聯詠,237,15,222,群益金鼎,2023-11-01,9100
00917,中信特選金融,220,0,220,群益金鼎,2023-11-01,9100
00900,富邦特選高股息30,213,0,213,群益金鼎,2023-11-01,9100
00671R,富邦NASDAQ反1,211,0,211,群益金鼎,2023-11-01,9100
00638R,元大滬深300反1,203,0,203,群益金鼎,2023-11-01,9100
2324,仁寶,200,0,200,群益金鼎,2023-11-01,9100
3548,兆利,230,33,197,群益金鼎,2023-11-01,9100
2317,鴻海,159,3,156,群益金鼎,2023-11-01,9100
00892,富邦台灣半導體,166,11,155,群益金鼎,2023-11-01,9100
00640L,富邦日本正2,144,6,138,群益金鼎,2023-11-01,9100
3105,穩懋,225,104,121,群益金鼎,2023-11-01,9100
6770,力積電,135,17,118,群益金鼎,2023-11-01,9100
00899,FT潔淨能源,108,0,108,群益金鼎,2023-11-01,9100
00728,第一金工業30,204,100,104,群益金鼎,2023-11-01,9100
3231,緯創,223,120,103,群益金鼎,2023-11-01,9100
00683L,期元大美元指正2,102,0,102,群益金鼎,2023-11-01,9100
4763,材料-KY,127,37,90,群益金鼎,2023-11-01,9100
00861,元大全球未來通訊,90,1,89,群益金鼎,2023-11-01,9100
00876,元大全球5G,89,0,89,群益金鼎,2023-11-01,9100
00764B,群益25年美債,1002,913,89,群益金鼎,2023-11-01,9100
2421,建準,85,0,85,群益金鼎,2023-11-01,9100
2303,聯電,91,6,85,群益金鼎,2023-11-01,9100
3260,威剛,285,201,84,群益金鼎,2023-11-01,9100
4915,致伸,92,9,83,群益金鼎,2023-11-01,9100
3138,耀登,80,0,80,群益金鼎,2023-11-01,9100
6488,環球晶,111,34,77,群益金鼎,2023-11-01,9100
8054,安國,121,45,76,群益金鼎,2023-11-01,9100
2368,金像電,122,53,69,群益金鼎,2023-11-01,9100
00714,群益道瓊美國地產,165,101,64,群益金鼎,2023-11-01,9100
3406,玉晶光,66,3,63,群益金鼎,2023-11-01,9100
2610,華航,189,129,60,群益金鼎,2023-11-01,9100
2308,台達電,152,93,59,群益金鼎,2023-11-01,9100
2388,威盛,148,89,59,群益金鼎,2023-11-01,9100
6191,精成科,125,68,57,群益金鼎,2023-11-01,9100
3533,嘉澤,62,5,57,群益金鼎,2023-11-01,9100
6854,錼創科技-KY創,55,0,55,群益金鼎,2023-11-01,9100
6235,華孚,135,83,52,群益金鼎,2023-11-01,9100
3704,合勤控,298,247,51,群益金鼎,2023-11-01,9100
00637L,元大滬深300正2,5791,0,5791,群益金鼎,2023-11-02,9100
00795B,中信美國公債20年,3735,61,3674,群益金鼎,2023-11-02,9100
00919,群益台灣精選高息,2620,114,2506,群益金鼎,2023-11-02,9100
00687B,國泰20年美債,3104,611,2493,群益金鼎,2023-11-02,9100
4906,正文,2397,118,2279,群益金鼎,2023-11-02,9100
2492,華新科,1935,214,1721,群益金鼎,2023-11-02,9100
00669R,國泰美國道瓊反1,1724,322,1402,群益金鼎,2023-11-02,9100
00764B,群益25年美債,1950,655,1295,群益金鼎,2023-11-02,9100
4958,臻鼎-KY,934,12,922,群益金鼎,2023-11-02,9100
1815,富喬,973,107,866,群益金鼎,2023-11-02,9100
2301,光寶科,971,181,790,群益金鼎,2023-11-02,9100
00773B,中信優先金融債,786,110,676,群益金鼎,2023-11-02,9100
00902,中信電池及儲能,823,169,654,群益金鼎,2023-11-02,9100
5258,虹堡,684,34,650,群益金鼎,2023-11-02,9100
00719B,元大美債1-3,613,0,613,群益金鼎,2023-11-02,9100
00664R,國泰臺灣加權反1,594,0,594,群益金鼎,2023-11-02,9100
00935,野村臺灣新科技50,504,45,459,群益金鼎,2023-11-02,9100
6732,昇佳電子,416,1,415,群益金鼎,2023-11-02,9100
5880,合庫金,399,0,399,群益金鼎,2023-11-02,9100
00632R,元大台灣50反1,332,0,332,群益金鼎,2023-11-02,9100
0056,元大高股息,356,31,325,群益金鼎,2023-11-02,9100
00924,復華S＆P500成長,296,0,296,群益金鼎,2023-11-02,9100
3715,定穎投控,718,427,291,群益金鼎,2023-11-02,9100
2610,華航,370,86,284,群益金鼎,2023-11-02,9100
00922,國泰台灣領袖50,253,1,252,群益金鼎,2023-11-02,9100
00631L,元大台灣50正2,257,16,241,群益金鼎,2023-11-02,9100
00751B,元大AAA至A公司債,1113,886,227,群益金鼎,2023-11-02,9100
3711,日月光投控,229,6,223,群益金鼎,2023-11-02,9100
00923,群益台ESG低碳50,434,218,216,群益金鼎,2023-11-02,9100
3017,奇鋐,308,103,205,群益金鼎,2023-11-02,9100
00876,元大全球5G,200,0,200,群益金鼎,2023-11-02,9100
6279,胡連,200,3,197,群益金鼎,2023-11-02,9100
8210,勤誠,239,49,190,群益金鼎,2023-11-02,9100
2358,廷鑫,187,3,184,群益金鼎,2023-11-02,9100
8227,巨有科技,186,3,183,群益金鼎,2023-11-02,9100
1477,聚陽,172,3,169,群益金鼎,2023-11-02,9100
00650L,復華香港正2,165,0,165,群益金鼎,2023-11-02,9100
00633L,富邦上証正2,158,0,158,群益金鼎,2023-11-02,9100
2603,長榮,142,0,142,群益金鼎,2023-11-02,9100
5439,高技,142,1,141,群益金鼎,2023-11-02,9100
6111,大宇資,134,1,133,群益金鼎,2023-11-02,9100
00640L,富邦日本正2,130,0,130,群益金鼎,2023-11-02,9100
00931B,統一美債20年,327,201,126,群益金鼎,2023-11-02,9100
01002T,土銀國泰R1,123,0,123,群益金鼎,2023-11-02,9100
5289,宜鼎,126,3,123,群益金鼎,2023-11-02,9100
2731,雄獅,120,0,120,群益金鼎,2023-11-02,9100
3037,欣興,163,55,108,群益金鼎,2023-11-02,9100
3036,文曄,119,17,102,群益金鼎,2023-11-02,9100
00903,富邦元宇宙,100,1,99,群益金鼎,2023-11-02,9100
9958,世紀鋼,168,69,99,群益金鼎,2023-11-02,9100
00665L,富邦�琤肭磪囓�2,3020,10,3010,群益金鼎,2023-11-03,9100
00637L,元大滬深300正2,2841,780,2061,群益金鼎,2023-11-03,9100
00715L,期街口布蘭特正2,1250,1,1249,群益金鼎,2023-11-03,9100
2303,聯電,987,131,856,群益金鼎,2023-11-03,9100
00830,國泰費城半導體,657,82,575,群益金鼎,2023-11-03,9100
2618,長榮航,748,191,557,群益金鼎,2023-11-03,9100
00903,富邦元宇宙,457,0,457,群益金鼎,2023-11-03,9100
00669R,國泰美國道瓊反1,499,85,414,群益金鼎,2023-11-03,9100
00907,永豐優息存股,408,0,408,群益金鼎,2023-11-03,9100
00852L,國泰美國道瓊正2,636,235,401,群益金鼎,2023-11-03,9100
6585,鼎基,378,0,378,群益金鼎,2023-11-03,9100
00650L,復華香港正2,335,0,335,群益金鼎,2023-11-03,9100
00935,野村臺灣新科技50,434,100,334,群益金鼎,2023-11-03,9100
2748,雲品,315,0,315,群益金鼎,2023-11-03,9100
00923,群益台ESG低碳50,315,7,308,群益金鼎,2023-11-03,9100
00772B,中信高評級公司債,307,1,306,群益金鼎,2023-11-03,9100
1519,華城,309,8,301,群益金鼎,2023-11-03,9100
3711,日月光投控,255,9,246,群益金鼎,2023-11-03,9100
4960,誠美材,273,28,245,群益金鼎,2023-11-03,9100
00917,中信特選金融,231,0,231,群益金鼎,2023-11-03,9100
2486,一詮,360,131,229,群益金鼎,2023-11-03,9100
2308,台達電,449,236,213,群益金鼎,2023-11-03,9100
2492,華新科,309,97,212,群益金鼎,2023-11-03,9100
8054,安國,222,15,207,群益金鼎,2023-11-03,9100
3005,神基,200,0,200,群益金鼎,2023-11-03,9100
2727,王品,190,0,190,群益金鼎,2023-11-03,9100
2313,華通,461,274,187,群益金鼎,2023-11-03,9100
00927,群益半導體收益,163,0,163,群益金鼎,2023-11-03,9100
00919,群益台灣精選高息,157,4,153,群益金鼎,2023-11-03,9100
5439,高技,172,22,150,群益金鼎,2023-11-03,9100
1319,東陽,194,45,149,群益金鼎,2023-11-03,9100
8210,勤誠,163,19,144,群益金鼎,2023-11-03,9100
3037,欣興,196,54,142,群益金鼎,2023-11-03,9100
3017,奇鋐,178,40,138,群益金鼎,2023-11-03,9100
3376,新日興,141,6,135,群益金鼎,2023-11-03,9100
2610,華航,455,333,122,群益金鼎,2023-11-03,9100
8112,至上,147,25,122,群益金鼎,2023-11-03,9100
4904,遠傳,500,382,118,群益金鼎,2023-11-03,9100
6147,頎邦,126,11,115,群益金鼎,2023-11-03,9100
00670L,富邦NASDAQ正2,118,10,108,群益金鼎,2023-11-03,9100
00926,凱基全球菁英55,100,0,100,群益金鼎,2023-11-03,9100
00687B,國泰20年美債,103,6,97,群益金鼎,2023-11-03,9100
00668,國泰美國道瓊,93,1,92,群益金鼎,2023-11-03,9100
6271,同欣電,95,5,90,群益金鼎,2023-11-03,9100
5347,世界,133,46,87,群益金鼎,2023-11-03,9100
00933B,國泰10Y+金融債,600,517,83,群益金鼎,2023-11-03,9100
6133,金橋,80,1,79,群益金鼎,2023-11-03,9100
2317,鴻海,79,5,74,群益金鼎,2023-11-03,9100
3680,家登,106,34,72,群益金鼎,2023-11-03,9100
2421,建準,98,27,71,群益金鼎,2023-11-03,9100
1815,富喬,6125,879,5246,群益金鼎,2023-11-06,9100
00680L,元大美債20正2,4041,20,4021,群益金鼎,2023-11-06,9100
00665L,富邦�琤肭磪囓�2,3555,8,3547,群益金鼎,2023-11-06,9100
00637L,元大滬深300正2,4726,2218,2508,群益金鼎,2023-11-06,9100
00902,中信電池及儲能,2529,190,2339,群益金鼎,2023-11-06,9100
00893,國泰智能電動車,1795,5,1790,群益金鼎,2023-11-06,9100
00919,群益台灣精選高息,1585,91,1494,群益金鼎,2023-11-06,9100
00891,中信關鍵半導體,1434,1,1433,群益金鼎,2023-11-06,9100
00927,群益半導體收益,1250,0,1250,群益金鼎,2023-11-06,9100
00895,富邦未來車,1060,0,1060,群益金鼎,2023-11-06,9100
00664R,國泰臺灣加權反1,765,0,765,群益金鼎,2023-11-06,9100
00773B,中信優先金融債,733,11,722,群益金鼎,2023-11-06,9100
3548,兆利,522,9,513,群益金鼎,2023-11-06,9100
8086,宏捷科,421,14,407,群益金鼎,2023-11-06,9100
00772B,中信高評級公司債,840,445,395,群益金鼎,2023-11-06,9100
3715,定穎投控,399,8,391,群益金鼎,2023-11-06,9100
00830,國泰費城半導體,487,101,386,群益金鼎,2023-11-06,9100
00683L,期元大美元指正2,373,0,373,群益金鼎,2023-11-06,9100
00894,中信小資高價30,341,0,341,群益金鼎,2023-11-06,9100
00852L,國泰美國道瓊正2,327,15,312,群益金鼎,2023-11-06,9100
00655L,國泰中國A50正2,295,0,295,群益金鼎,2023-11-06,9100
1319,東陽,295,9,286,群益金鼎,2023-11-06,9100
00650L,復華香港正2,276,0,276,群益金鼎,2023-11-06,9100
00876,元大全球5G,261,0,261,群益金鼎,2023-11-06,9100
2449,京元電子,299,47,252,群益金鼎,2023-11-06,9100
00764B,群益25年美債,1199,948,251,群益金鼎,2023-11-06,9100
00861,元大全球未來通訊,248,0,248,群益金鼎,2023-11-06,9100
5351,鈺創,238,1,237,群益金鼎,2023-11-06,9100
00922,國泰台灣領袖50,252,16,236,群益金鼎,2023-11-06,9100
8936,國統,294,66,228,群益金鼎,2023-11-06,9100
00915,凱基優選高股息30,233,22,211,群益金鼎,2023-11-06,9100
3221,台嘉碩,188,0,188,群益金鼎,2023-11-06,9100
00631L,元大台灣50正2,180,0,180,群益金鼎,2023-11-06,9100
0056,元大高股息,196,16,180,群益金鼎,2023-11-06,9100
00878,國泰永續高股息,224,48,176,群益金鼎,2023-11-06,9100
8176,智捷,170,0,170,群益金鼎,2023-11-06,9100
00713,元大台灣高息低波,220,51,169,群益金鼎,2023-11-06,9100
00668,國泰美國道瓊,220,52,168,群益金鼎,2023-11-06,9100
00643,群益深証中小,189,35,154,群益金鼎,2023-11-06,9100
2330,台積電,211,57,154,群益金鼎,2023-11-06,9100
00697B,元大美債7-10,149,0,149,群益金鼎,2023-11-06,9100
00916,國泰全球品牌50,147,0,147,群益金鼎,2023-11-06,9100
00864B,中信美國公債0-1,673,528,145,群益金鼎,2023-11-06,9100
00923,群益台ESG低碳50,238,94,144,群益金鼎,2023-11-06,9100
00753L,中信中國50正2,153,10,143,群益金鼎,2023-11-06,9100
00929,復華台灣科技優息,254,113,141,群益金鼎,2023-11-06,9100
2301,光寶科,120,0,120,群益金鼎,2023-11-06,9100
8054,安國,180,63,117,群益金鼎,2023-11-06,9100
3324,雙鴻,177,61,116,群益金鼎,2023-11-06,9100
8069,元太,202,87,115,群益金鼎,2023-11-06,9100
00772B,中信高評級公司債,4834,1,4833,群益金鼎,2023-11-07,9100
00773B,中信優先金融債,2466,16,2450,群益金鼎,2023-11-07,9100
00795B,中信美國公債20年,2225,95,2130,群益金鼎,2023-11-07,9100
6117,迎廣,1526,29,1497,群益金鼎,2023-11-07,9100
00637L,元大滬深300正2,3119,1645,1474,群益金鼎,2023-11-07,9100
00893,國泰智能電動車,1577,310,1267,群益金鼎,2023-11-07,9100
3217,優群,1108,78,1030,群益金鼎,2023-11-07,9100
00830,國泰費城半導體,917,3,914,群益金鼎,2023-11-07,9100
00862B,中信投資級公司債,802,0,802,群益金鼎,2023-11-07,9100
00864B,中信美國公債0-1,583,0,583,群益金鼎,2023-11-07,9100
00927,群益半導體收益,583,9,574,群益金鼎,2023-11-07,9100
00687B,國泰20年美債,506,1,505,群益金鼎,2023-11-07,9100
2488,漢平,503,2,501,群益金鼎,2023-11-07,9100
00902,中信電池及儲能,461,34,427,群益金鼎,2023-11-07,9100
00764B,群益25年美債,1301,883,418,群益金鼎,2023-11-07,9100
00688L,國泰20年美債正2,405,0,405,群益金鼎,2023-11-07,9100
6290,良維,508,118,390,群益金鼎,2023-11-07,9100
1519,華城,403,35,368,群益金鼎,2023-11-07,9100
00722B,群益投資級電信債,1588,1229,359,群益金鼎,2023-11-07,9100
00933B,國泰10Y+金融債,357,0,357,群益金鼎,2023-11-07,9100
00916,國泰全球品牌50,354,1,353,群益金鼎,2023-11-07,9100
2385,群光,333,10,323,群益金鼎,2023-11-07,9100
00895,富邦未來車,308,0,308,群益金鼎,2023-11-07,9100
1810,和成,303,0,303,群益金鼎,2023-11-07,9100
3444,利機,304,4,300,群益金鼎,2023-11-07,9100
00670L,富邦NASDAQ正2,303,5,298,群益金鼎,2023-11-07,9100
00751B,元大AAA至A公司債,280,1,279,群益金鼎,2023-11-07,9100
00671R,富邦NASDAQ反1,775,499,276,群益金鼎,2023-11-07,9100
00757,統一FANG+,274,1,273,群益金鼎,2023-11-07,9100
2476,鉅祥,264,35,229,群益金鼎,2023-11-07,9100
00903,富邦元宇宙,237,9,228,群益金鼎,2023-11-07,9100
8086,宏捷科,244,37,207,群益金鼎,2023-11-07,9100
00881,國泰台灣5G+,200,1,199,群益金鼎,2023-11-07,9100
3231,緯創,580,403,177,群益金鼎,2023-11-07,9100
00891,中信關鍵半導體,174,1,173,群益金鼎,2023-11-07,9100
3034,聯詠,196,26,170,群益金鼎,2023-11-07,9100
00665L,富邦�琤肭磪囓�2,162,0,162,群益金鼎,2023-11-07,9100
00680L,元大美債20正2,156,4,152,群益金鼎,2023-11-07,9100
2748,雲品,150,0,150,群益金鼎,2023-11-07,9100
00662,富邦NASDAQ,149,0,149,群益金鼎,2023-11-07,9100
00852L,國泰美國道瓊正2,137,1,136,群益金鼎,2023-11-07,9100
9938,百和,126,4,122,群益金鼎,2023-11-07,9100
1319,東陽,129,8,121,群益金鼎,2023-11-07,9100
01002T,土銀國泰R1,119,0,119,群益金鼎,2023-11-07,9100
2727,王品,116,0,116,群益金鼎,2023-11-07,9100
2317,鴻海,120,9,111,群益金鼎,2023-11-07,9100
6491,晶碩,111,1,110,群益金鼎,2023-11-07,9100
00924,復華S＆P500成長,105,0,105,群益金鼎,2023-11-07,9100
00917,中信特選金融,103,0,103,群益金鼎,2023-11-07,9100
3023,信邦,100,0,100,群益金鼎,2023-11-07,9100
00893,國泰智能電動車,4385,6,4379,群益金鼎,2023-11-08,9100
00673R,期元大S＆P原油反1,2095,4,2091,群益金鼎,2023-11-08,9100
3122,笙泉,1927,28,1899,群益金鼎,2023-11-08,9100
00915,凱基優選高股息30,943,0,943,群益金鼎,2023-11-08,9100
2891,中信金,927,161,766,群益金鼎,2023-11-08,9100
00900,富邦特選高股息30,740,5,735,群益金鼎,2023-11-08,9100
00687B,國泰20年美債,973,255,718,群益金鼎,2023-11-08,9100
00751B,元大AAA至A公司債,611,2,609,群益金鼎,2023-11-08,9100
00923,群益台ESG低碳50,620,19,601,群益金鼎,2023-11-08,9100
3231,緯創,1206,674,532,群益金鼎,2023-11-08,9100
2886,兆豐金,529,0,529,群益金鼎,2023-11-08,9100
2329,華泰,880,353,527,群益金鼎,2023-11-08,9100
2376,技嘉,562,73,489,群益金鼎,2023-11-08,9100
00830,國泰費城半導體,382,0,382,群益金鼎,2023-11-08,9100
1305,華夏,350,0,350,群益金鼎,2023-11-08,9100
00895,富邦未來車,320,0,320,群益金鼎,2023-11-08,9100
00916,國泰全球品牌50,312,2,310,群益金鼎,2023-11-08,9100
00929,復華台灣科技優息,306,7,299,群益金鼎,2023-11-08,9100
00897,富邦基因免疫生技,296,0,296,群益金鼎,2023-11-08,9100
00876,元大全球5G,289,0,289,群益金鼎,2023-11-08,9100
00892,富邦台灣半導體,276,0,276,群益金鼎,2023-11-08,9100
00772B,中信高評級公司債,267,0,267,群益金鼎,2023-11-08,9100
00891,中信關鍵半導體,248,1,247,群益金鼎,2023-11-08,9100
2610,華航,371,131,240,群益金鼎,2023-11-08,9100
1319,東陽,304,69,235,群益金鼎,2023-11-08,9100
00861,元大全球未來通訊,211,0,211,群益金鼎,2023-11-08,9100
00881,國泰台灣5G+,203,0,203,群益金鼎,2023-11-08,9100
2382,廣達,244,72,172,群益金鼎,2023-11-08,9100
5388,中磊,180,13,167,群益金鼎,2023-11-08,9100
00903,富邦元宇宙,169,9,160,群益金鼎,2023-11-08,9100
9958,世紀鋼,185,26,159,群益金鼎,2023-11-08,9100
3035,智原,192,36,156,群益金鼎,2023-11-08,9100
2388,威盛,441,291,150,群益金鼎,2023-11-08,9100
0056,元大高股息,230,82,148,群益金鼎,2023-11-08,9100
00927,群益半導體收益,120,0,120,群益金鼎,2023-11-08,9100
4551,智伸科,117,0,117,群益金鼎,2023-11-08,9100
3260,威剛,253,136,117,群益金鼎,2023-11-08,9100
1326,台化,111,0,111,群益金鼎,2023-11-08,9100
00714,群益道瓊美國地產,211,102,109,群益金鼎,2023-11-08,9100
6282,康舒,122,16,106,群益金鼎,2023-11-08,9100
9938,百和,213,108,105,群益金鼎,2023-11-08,9100
3526,凡甲,101,0,101,群益金鼎,2023-11-08,9100
00668,國泰美國道瓊,101,0,101,群益金鼎,2023-11-08,9100
2356,英業達,158,58,100,群益金鼎,2023-11-08,9100
4743,合一,178,78,100,群益金鼎,2023-11-08,9100
00859B,群益0-1年美債,145,50,95,群益金鼎,2023-11-08,9100
8093,保銳,85,0,85,群益金鼎,2023-11-08,9100
3013,晟銘電,127,43,84,群益金鼎,2023-11-08,9100
2002,中鋼,190,106,84,群益金鼎,2023-11-08,9100
3533,嘉澤,85,2,83,群益金鼎,2023-11-08,9100
00893,國泰智能電動車,2378,7,2371,群益金鼎,2023-11-09,9100
00772B,中信高評級公司債,2357,0,2357,群益金鼎,2023-11-09,9100
00673R,期元大S＆P原油反1,1699,0,1699,群益金鼎,2023-11-09,9100
00795B,中信美國公債20年,1244,18,1226,群益金鼎,2023-11-09,9100
5347,世界,1084,62,1022,群益金鼎,2023-11-09,9100
00722B,群益投資級電信債,1796,976,820,群益金鼎,2023-11-09,9100
00895,富邦未來車,808,0,808,群益金鼎,2023-11-09,9100
00637L,元大滬深300正2,964,177,787,群益金鼎,2023-11-09,9100
3231,緯創,1533,781,752,群益金鼎,2023-11-09,9100
00751B,元大AAA至A公司債,595,25,570,群益金鼎,2023-11-09,9100
00757,統一FANG+,509,0,509,群益金鼎,2023-11-09,9100
4915,致伸,535,29,506,群益金鼎,2023-11-09,9100
00669R,國泰美國道瓊反1,499,0,499,群益金鼎,2023-11-09,9100
00931B,統一美債20年,532,42,490,群益金鼎,2023-11-09,9100
3711,日月光投控,500,15,485,群益金鼎,2023-11-09,9100
00924,復華S＆P500成長,443,0,443,群益金鼎,2023-11-09,9100
1305,華夏,401,0,401,群益金鼎,2023-11-09,9100
00861,元大全球未來通訊,395,0,395,群益金鼎,2023-11-09,9100
3622,洋華,381,0,381,群益金鼎,2023-11-09,9100
00885,富邦越南,317,27,290,群益金鼎,2023-11-09,9100
2385,群光,331,44,287,群益金鼎,2023-11-09,9100
00923,群益台ESG低碳50,260,9,251,群益金鼎,2023-11-09,9100
2345,智邦,264,16,248,群益金鼎,2023-11-09,9100
00876,元大全球5G,241,1,240,群益金鼎,2023-11-09,9100
00725B,國泰投資級公司債,222,1,221,群益金鼎,2023-11-09,9100
00830,國泰費城半導體,209,1,208,群益金鼎,2023-11-09,9100
00857B,永豐20年美公債,199,0,199,群益金鼎,2023-11-09,9100
8155,博智,188,0,188,群益金鼎,2023-11-09,9100
00929,復華台灣科技優息,183,23,160,群益金鼎,2023-11-09,9100
00927,群益半導體收益,131,0,131,群益金鼎,2023-11-09,9100
00916,國泰全球品牌50,129,1,128,群益金鼎,2023-11-09,9100
00862B,中信投資級公司債,402,275,127,群益金鼎,2023-11-09,9100
00902,中信電池及儲能,291,164,127,群益金鼎,2023-11-09,9100
00674R,期元大S＆P黃金反1,123,0,123,群益金鼎,2023-11-09,9100
6754,匯僑設計,118,0,118,群益金鼎,2023-11-09,9100
2352,佳世達,147,31,116,群益金鼎,2023-11-09,9100
5386,青雲,119,7,112,群益金鼎,2023-11-09,9100
9958,世紀鋼,189,79,110,群益金鼎,2023-11-09,9100
1584,精剛,107,0,107,群益金鼎,2023-11-09,9100
3581,博磊,106,1,105,群益金鼎,2023-11-09,9100
4130,健亞,104,0,104,群益金鼎,2023-11-09,9100
00909,國泰數位支付服務,101,0,101,群益金鼎,2023-11-09,9100
2707,晶華,100,0,100,群益金鼎,2023-11-09,9100
2303,聯電,200,101,99,群益金鼎,2023-11-09,9100
3005,神基,118,19,99,群益金鼎,2023-11-09,9100
00692,富邦公司治理,100,2,98,群益金鼎,2023-11-09,9100
2368,金像電,169,74,95,群益金鼎,2023-11-09,9100
6290,良維,108,13,95,群益金鼎,2023-11-09,9100
00764B,群益25年美債,900,810,90,群益金鼎,2023-11-09,9100
6412,群電,96,6,90,群益金鼎,2023-11-09,9100
2303,聯電,2109,196,1913,群益金鼎,2023-11-10,9100
00751B,元大AAA至A公司債,1625,27,1598,群益金鼎,2023-11-10,9100
00830,國泰費城半導體,1258,0,1258,群益金鼎,2023-11-10,9100
00927,群益半導體收益,741,3,738,群益金鼎,2023-11-10,9100
00893,國泰智能電動車,737,4,733,群益金鼎,2023-11-10,9100
4128,中天,814,133,681,群益金鼎,2023-11-10,9100
00673R,期元大S＆P原油反1,654,10,644,群益金鼎,2023-11-10,9100
00881,國泰台灣5G+,595,0,595,群益金鼎,2023-11-10,9100
00923,群益台ESG低碳50,516,2,514,群益金鼎,2023-11-10,9100
00712,復華富時不動產,504,1,503,群益金鼎,2023-11-10,9100
00892,富邦台灣半導體,501,0,501,群益金鼎,2023-11-10,9100
00895,富邦未來車,461,0,461,群益金鼎,2023-11-10,9100
00773B,中信優先金融債,535,82,453,群益金鼎,2023-11-10,9100
5347,世界,448,10,438,群益金鼎,2023-11-10,9100
00864B,中信美國公債0-1,590,196,394,群益金鼎,2023-11-10,9100
00885,富邦越南,400,28,372,群益金鼎,2023-11-10,9100
00719B,元大美債1-3,354,0,354,群益金鼎,2023-11-10,9100
00757,統一FANG+,350,0,350,群益金鼎,2023-11-10,9100
2313,華通,609,283,326,群益金鼎,2023-11-10,9100
2382,廣達,590,267,323,群益金鼎,2023-11-10,9100
00637L,元大滬深300正2,635,363,272,群益金鼎,2023-11-10,9100
00651R,復華香港反1,307,76,231,群益金鼎,2023-11-10,9100
3044,健鼎,353,130,223,群益金鼎,2023-11-10,9100
00670L,富邦NASDAQ正2,206,0,206,群益金鼎,2023-11-10,9100
6239,力成,201,0,201,群益金鼎,2023-11-10,9100
00924,復華S＆P500成長,196,0,196,群益金鼎,2023-11-10,9100
00908,富邦入息REITs+,195,0,195,群益金鼎,2023-11-10,9100
9958,世紀鋼,363,171,192,群益金鼎,2023-11-10,9100
00916,國泰全球品牌50,195,4,191,群益金鼎,2023-11-10,9100
00692,富邦公司治理,528,338,190,群益金鼎,2023-11-10,9100
00936,台新永續高息中小,1165,998,167,群益金鼎,2023-11-10,9100
00861,元大全球未來通訊,163,0,163,群益金鼎,2023-11-10,9100
3622,洋華,162,0,162,群益金鼎,2023-11-10,9100
00756B,群益投等新興公債,153,0,153,群益金鼎,2023-11-10,9100
3715,定穎投控,149,3,146,群益金鼎,2023-11-10,9100
00674R,期元大S＆P黃金反1,120,0,120,群益金鼎,2023-11-10,9100
1515,力山,128,27,101,群益金鼎,2023-11-10,9100
00935,野村臺灣新科技50,102,2,100,群益金鼎,2023-11-10,9100
6290,良維,157,57,100,群益金鼎,2023-11-10,9100
2388,威盛,271,172,99,群益金鼎,2023-11-10,9100
00917,中信特選金融,100,1,99,群益金鼎,2023-11-10,9100
2449,京元電子,105,10,95,群益金鼎,2023-11-10,9100
8358,金居,121,28,93,群益金鼎,2023-11-10,9100
00728,第一金工業30,88,2,86,群益金鼎,2023-11-10,9100
00918,大華優利高填息30,94,10,84,群益金鼎,2023-11-10,9100
3701,大眾控,83,0,83,群益金鼎,2023-11-10,9100
8054,安國,100,19,81,群益金鼎,2023-11-10,9100
3324,雙鴻,102,22,80,群益金鼎,2023-11-10,9100
3036A,文曄甲特,68,0,68,群益金鼎,2023-11-10,9100
5258,虹堡,167,100,67,群益金鼎,2023-11-10,9100
00680L,元大美債20正2,4271,9,4262,群益金鼎,2023-11-13,9100
00893,國泰智能電動車,4230,1,4229,群益金鼎,2023-11-13,9100
00688L,國泰20年美債正2,2546,0,2546,群益金鼎,2023-11-13,9100
00895,富邦未來車,2468,0,2468,群益金鼎,2023-11-13,9100
00923,群益台ESG低碳50,2004,2,2002,群益金鼎,2023-11-13,9100
00927,群益半導體收益,1953,108,1845,群益金鼎,2023-11-13,9100
2402,毅嘉,2058,234,1824,群益金鼎,2023-11-13,9100
00919,群益台灣精選高息,789,36,753,群益金鼎,2023-11-13,9100
00669R,國泰美國道瓊反1,1008,333,675,群益金鼎,2023-11-13,9100
00891,中信關鍵半導體,642,9,633,群益金鼎,2023-11-13,9100
00715L,期街口布蘭特正2,570,0,570,群益金鼎,2023-11-13,9100
2540,愛山林,421,0,421,群益金鼎,2023-11-13,9100
00892,富邦台灣半導體,418,2,416,群益金鼎,2023-11-13,9100
00673R,期元大S＆P原油反1,411,0,411,群益金鼎,2023-11-13,9100
00924,復華S＆P500成長,352,0,352,群益金鼎,2023-11-13,9100
00830,國泰費城半導體,342,2,340,群益金鼎,2023-11-13,9100
00861,元大全球未來通訊,321,0,321,群益金鼎,2023-11-13,9100
00935,野村臺灣新科技50,309,3,306,群益金鼎,2023-11-13,9100
5258,虹堡,317,14,303,群益金鼎,2023-11-13,9100
00757,統一FANG+,302,0,302,群益金鼎,2023-11-13,9100
00916,國泰全球品牌50,300,0,300,群益金鼎,2023-11-13,9100
00876,元大全球5G,386,96,290,群益金鼎,2023-11-13,9100
00852L,國泰美國道瓊正2,356,71,285,群益金鼎,2023-11-13,9100
2606,裕民,365,151,214,群益金鼎,2023-11-13,9100
00926,凱基全球菁英55,213,0,213,群益金鼎,2023-11-13,9100
00881,國泰台灣5G+,190,1,189,群益金鼎,2023-11-13,9100
6122,擎邦,194,30,164,群益金鼎,2023-11-13,9100
2313,華通,822,682,140,群益金鼎,2023-11-13,9100
00662,富邦NASDAQ,135,0,135,群益金鼎,2023-11-13,9100
00894,中信小資高價30,133,0,133,群益金鼎,2023-11-13,9100
3228,金麗科,140,7,133,群益金鼎,2023-11-13,9100
5871,中租-KY,144,12,132,群益金鼎,2023-11-13,9100
00668,國泰美國道瓊,105,1,104,群益金鼎,2023-11-13,9100
2383,台光電,281,180,101,群益金鼎,2023-11-13,9100
4979,華星光,101,1,100,群益金鼎,2023-11-13,9100
6412,群電,92,1,91,群益金鼎,2023-11-13,9100
2543,皇昌,92,3,89,群益金鼎,2023-11-13,9100
00865B,國泰US短期公債,85,0,85,群益金鼎,2023-11-13,9100
00638R,元大滬深300反1,84,0,84,群益金鼎,2023-11-13,9100
00888,永豐台灣ESG,83,0,83,群益金鼎,2023-11-13,9100
3147,大綜,82,2,80,群益金鼎,2023-11-13,9100
00708L,期元大S＆P黃金正2,76,0,76,群益金鼎,2023-11-13,9100
1519,華城,85,10,75,群益金鼎,2023-11-13,9100
9945,潤泰新,78,3,75,群益金鼎,2023-11-13,9100
00922,國泰台灣領袖50,73,0,73,群益金鼎,2023-11-13,9100
2385,群光,84,13,71,群益金鼎,2023-11-13,9100
8034,榮群,103,34,69,群益金鼎,2023-11-13,9100
00859B,群益0-1年美債,118,50,68,群益金鼎,2023-11-13,9100
2345,智邦,110,45,65,群益金鼎,2023-11-13,9100
6213,聯茂,89,26,63,群益金鼎,2023-11-13,9100
00679B,元大美債20年,3203,615,2588,群益金鼎,2023-11-14,9100
00895,富邦未來車,2478,4,2474,群益金鼎,2023-11-14,9100
00893,國泰智能電動車,2494,47,2447,群益金鼎,2023-11-14,9100
2301,光寶科,2460,28,2432,群益金鼎,2023-11-14,9100
3276,宇環,1504,10,1494,群益金鼎,2023-11-14,9100
00892,富邦台灣半導體,776,28,748,群益金鼎,2023-11-14,9100
2540,愛山林,421,1,420,群益金鼎,2023-11-14,9100
00637L,元大滬深300正2,428,30,398,群益金鼎,2023-11-14,9100
00934,中信成長高股息,400,18,382,群益金鼎,2023-11-14,9100
00830,國泰費城半導體,364,0,364,群益金鼎,2023-11-14,9100
2317,鴻海,388,41,347,群益金鼎,2023-11-14,9100
3006,晶豪科,637,303,334,群益金鼎,2023-11-14,9100
00715L,期街口布蘭特正2,322,0,322,群益金鼎,2023-11-14,9100
6187,萬潤,317,52,265,群益金鼎,2023-11-14,9100
2376,技嘉,297,43,254,群益金鼎,2023-11-14,9100
00923,群益台ESG低碳50,467,221,246,群益金鼎,2023-11-14,9100
5388,中磊,407,162,245,群益金鼎,2023-11-14,9100
00881,國泰台灣5G+,243,1,242,群益金鼎,2023-11-14,9100
00916,國泰全球品牌50,238,0,238,群益金鼎,2023-11-14,9100
00757,統一FANG+,225,0,225,群益金鼎,2023-11-14,9100
1515,力山,330,111,219,群益金鼎,2023-11-14,9100
6116,彩晶,222,22,200,群益金鼎,2023-11-14,9100
00927,群益半導體收益,205,5,200,群益金鼎,2023-11-14,9100
2891,中信金,348,164,184,群益金鼎,2023-11-14,9100
00924,復華S＆P500成長,165,0,165,群益金鼎,2023-11-14,9100
00865B,國泰US短期公債,163,0,163,群益金鼎,2023-11-14,9100
3715,定穎投控,152,6,146,群益金鼎,2023-11-14,9100
00650L,復華香港正2,155,14,141,群益金鼎,2023-11-14,9100
00915,凱基優選高股息30,139,0,139,群益金鼎,2023-11-14,9100
9914,美利達,138,0,138,群益金鼎,2023-11-14,9100
00643,群益深証中小,182,67,115,群益金鼎,2023-11-14,9100
2607,榮運,127,13,114,群益金鼎,2023-11-14,9100
2344,華邦電,293,186,107,群益金鼎,2023-11-14,9100
00852L,國泰美國道瓊正2,115,13,102,群益金鼎,2023-11-14,9100
00680L,元大美債20正2,107,5,102,群益金鼎,2023-11-14,9100
2485,兆赫,111,10,101,群益金鼎,2023-11-14,9100
00857B,永豐20年美公債,101,0,101,群益金鼎,2023-11-14,9100
3005,神基,115,16,99,群益金鼎,2023-11-14,9100
2201,裕隆,134,37,97,群益金鼎,2023-11-14,9100
2357,華碩,114,17,97,群益金鼎,2023-11-14,9100
1519,華城,173,79,94,群益金鼎,2023-11-14,9100
6415,矽力*-KY,118,26,92,群益金鼎,2023-11-14,9100
3704,合勤控,92,3,89,群益金鼎,2023-11-14,9100
3228,金麗科,99,11,88,群益金鼎,2023-11-14,9100
00903,富邦元宇宙,100,13,87,群益金鼎,2023-11-14,9100
8996,高力,101,16,85,群益金鼎,2023-11-14,9100
00876,元大全球5G,93,11,82,群益金鼎,2023-11-14,9100
2603,長榮,203,129,74,群益金鼎,2023-11-14,9100
00861,元大全球未來通訊,70,0,70,群益金鼎,2023-11-14,9100
4763,材料-KY,71,2,69,群益金鼎,2023-11-14,9100
00893,國泰智能電動車,9834,3,9831,群益金鼎,2023-11-15,9100
00687B,國泰20年美債,6928,16,6912,群益金鼎,2023-11-15,9100
00931B,統一美債20年,6158,10,6148,群益金鼎,2023-11-15,9100
00795B,中信美國公債20年,3988,10,3978,群益金鼎,2023-11-15,9100
00895,富邦未來車,3548,1,3547,群益金鼎,2023-11-15,9100
00772B,中信高評級公司債,3320,0,3320,群益金鼎,2023-11-15,9100
00637L,元大滬深300正2,3280,147,3133,群益金鼎,2023-11-15,9100
00830,國泰費城半導體,2832,60,2772,群益金鼎,2023-11-15,9100
00773B,中信優先金融債,2365,0,2365,群益金鼎,2023-11-15,9100
00665L,富邦�琤肭磪囓�2,2216,0,2216,群益金鼎,2023-11-15,9100
00764B,群益25年美債,2587,939,1648,群益金鼎,2023-11-15,9100
00903,富邦元宇宙,1231,97,1134,群益金鼎,2023-11-15,9100
00861,元大全球未來通訊,1047,0,1047,群益金鼎,2023-11-15,9100
00751B,元大AAA至A公司債,1034,91,943,群益金鼎,2023-11-15,9100
00902,中信電池及儲能,950,23,927,群益金鼎,2023-11-15,9100
00719B,元大美債1-3,866,0,866,群益金鼎,2023-11-15,9100
00900,富邦特選高股息30,788,9,779,群益金鼎,2023-11-15,9100
6667,信紘科,755,4,751,群益金鼎,2023-11-15,9100
00722B,群益投資級電信債,1937,1239,698,群益金鼎,2023-11-15,9100
2408,南亞科,665,20,645,群益金鼎,2023-11-15,9100
2363,矽統,1400,755,645,群益金鼎,2023-11-15,9100
00876,元大全球5G,579,0,579,群益金鼎,2023-11-15,9100
00917,中信特選金融,534,0,534,群益金鼎,2023-11-15,9100
00888,永豐台灣ESG,533,0,533,群益金鼎,2023-11-15,9100
00757,統一FANG+,515,0,515,群益金鼎,2023-11-15,9100
00715L,期街口布蘭特正2,502,2,500,群益金鼎,2023-11-15,9100
2543,皇昌,511,11,500,群益金鼎,2023-11-15,9100
00862B,中信投資級公司債,729,275,454,群益金鼎,2023-11-15,9100
00916,國泰全球品牌50,453,0,453,群益金鼎,2023-11-15,9100
0050,元大台灣50,633,190,443,群益金鼎,2023-11-15,9100
2618,長榮航,836,406,430,群益金鼎,2023-11-15,9100
2540,愛山林,422,0,422,群益金鼎,2023-11-15,9100
3444,利機,403,13,390,群益金鼎,2023-11-15,9100
1519,華城,411,40,371,群益金鼎,2023-11-15,9100
00714,群益道瓊美國地產,533,171,362,群益金鼎,2023-11-15,9100
00933B,國泰10Y+金融債,350,0,350,群益金鼎,2023-11-15,9100
3231,緯創,725,393,332,群益金鼎,2023-11-15,9100
00650L,復華香港正2,315,0,315,群益金鼎,2023-11-15,9100
00674R,期元大S＆P黃金反1,274,0,274,群益金鼎,2023-11-15,9100
2377,微星,274,5,269,群益金鼎,2023-11-15,9100
00852L,國泰美國道瓊正2,319,55,264,群益金鼎,2023-11-15,9100
00725B,國泰投資級公司債,235,0,235,群益金鼎,2023-11-15,9100
00881,國泰台灣5G+,235,3,232,群益金鼎,2023-11-15,9100
00762,元大全球AI,231,2,229,群益金鼎,2023-11-15,9100
00697B,元大美債7-10,216,0,216,群益金鼎,2023-11-15,9100
00909,國泰數位支付服務,327,113,214,群益金鼎,2023-11-15,9100
6274,台燿,282,74,208,群益金鼎,2023-11-15,9100
00897,富邦基因免疫生技,200,0,200,群益金鼎,2023-11-15,9100
1319,東陽,238,45,193,群益金鼎,2023-11-15,9100
1515,力山,229,40,189,群益金鼎,2023-11-15,9100
00669R,國泰美國道瓊反1,4291,149,4142,群益金鼎,2023-11-16,9100
2313,華通,1496,30,1466,群益金鼎,2023-11-16,9100
2618,長榮航,1988,562,1426,群益金鼎,2023-11-16,9100
00665L,富邦�琤肭磪囓�2,1084,4,1080,群益金鼎,2023-11-16,9100
3481,群創,1307,301,1006,群益金鼎,2023-11-16,9100
00895,富邦未來車,937,0,937,群益金鼎,2023-11-16,9100
00893,國泰智能電動車,739,5,734,群益金鼎,2023-11-16,9100
00773B,中信優先金融債,781,78,703,群益金鼎,2023-11-16,9100
00864B,中信美國公債0-1,928,322,606,群益金鼎,2023-11-16,9100
00830,國泰費城半導體,694,123,571,群益金鼎,2023-11-16,9100
00673R,期元大S＆P原油反1,568,1,567,群益金鼎,2023-11-16,9100
4919,新唐,506,7,499,群益金鼎,2023-11-16,9100
3264,欣銓,501,4,497,群益金鼎,2023-11-16,9100
2603,長榮,539,69,470,群益金鼎,2023-11-16,9100
2371,大同,479,23,456,群益金鼎,2023-11-16,9100
3711,日月光投控,451,28,423,群益金鼎,2023-11-16,9100
5009,榮剛,374,24,350,群益金鼎,2023-11-16,9100
006205,富邦上証,326,8,318,群益金鼎,2023-11-16,9100
3645,達邁,300,0,300,群益金鼎,2023-11-16,9100
6274,台燿,386,87,299,群益金鼎,2023-11-16,9100
2317,鴻海,304,20,284,群益金鼎,2023-11-16,9100
2401,凌陽,240,12,228,群益金鼎,2023-11-16,9100
2748,雲品,226,3,223,群益金鼎,2023-11-16,9100
2368,金像電,261,40,221,群益金鼎,2023-11-16,9100
3376,新日興,256,50,206,群益金鼎,2023-11-16,9100
00738U,期元大道瓊白銀,204,0,204,群益金鼎,2023-11-16,9100
00923,群益台ESG低碳50,213,13,200,群益金鼎,2023-11-16,9100
3588,通嘉,221,31,190,群益金鼎,2023-11-16,9100
00876,元大全球5G,188,4,184,群益金鼎,2023-11-16,9100
1815,富喬,185,5,180,群益金鼎,2023-11-16,9100
00865B,國泰US短期公債,175,0,175,群益金鼎,2023-11-16,9100
3231,緯創,194,31,163,群益金鼎,2023-11-16,9100
2363,矽統,344,197,147,群益金鼎,2023-11-16,9100
00852L,國泰美國道瓊正2,297,151,146,群益金鼎,2023-11-16,9100
8054,安國,191,53,138,群益金鼎,2023-11-16,9100
00755B,群益投資級公用債,191,55,136,群益金鼎,2023-11-16,9100
00909,國泰數位支付服務,212,80,132,群益金鼎,2023-11-16,9100
6415,矽力*-KY,135,5,130,群益金鼎,2023-11-16,9100
2884,玉山金,128,1,127,群益金鼎,2023-11-16,9100
6276,安鈦克,124,3,121,群益金鼎,2023-11-16,9100
00861,元大全球未來通訊,227,107,120,群益金鼎,2023-11-16,9100
2355,敬鵬,143,25,118,群益金鼎,2023-11-16,9100
00881,國泰台灣5G+,118,1,117,群益金鼎,2023-11-16,9100
9910,豐泰,130,14,116,群益金鼎,2023-11-16,9100
6805,富世達,118,4,114,群益金鼎,2023-11-16,9100
8358,金居,117,5,112,群益金鼎,2023-11-16,9100
6416,瑞祺電通,110,0,110,群益金鼎,2023-11-16,9100
6282,康舒,140,30,110,群益金鼎,2023-11-16,9100
00645,富邦日本,105,0,105,群益金鼎,2023-11-16,9100
00903,富邦元宇宙,117,13,104,群益金鼎,2023-11-16,9100
00673R,期元大S＆P原油反1,3621,0,3621,群益金鼎,2023-11-17,9100
00895,富邦未來車,1855,0,1855,群益金鼎,2023-11-17,9100
2882,國泰金,1594,121,1473,群益金鼎,2023-11-17,9100
00923,群益台ESG低碳50,1172,53,1119,群益金鼎,2023-11-17,9100
00876,元大全球5G,875,0,875,群益金鼎,2023-11-17,9100
00878,國泰永續高股息,1006,200,806,群益金鼎,2023-11-17,9100
00900,富邦特選高股息30,783,1,782,群益金鼎,2023-11-17,9100
00934,中信成長高股息,777,0,777,群益金鼎,2023-11-17,9100
2543,皇昌,782,105,677,群益金鼎,2023-11-17,9100
3715,定穎投控,817,227,590,群益金鼎,2023-11-17,9100
00864B,中信美國公債0-1,730,219,511,群益金鼎,2023-11-17,9100
2355,敬鵬,652,147,505,群益金鼎,2023-11-17,9100
2736,富野,504,7,497,群益金鼎,2023-11-17,9100
2383,台光電,511,31,480,群益金鼎,2023-11-17,9100
00916,國泰全球品牌50,425,0,425,群益金鼎,2023-11-17,9100
00927,群益半導體收益,525,100,425,群益金鼎,2023-11-17,9100
00638R,元大滬深300反1,421,0,421,群益金鼎,2023-11-17,9100
2618,長榮航,1173,790,383,群益金鼎,2023-11-17,9100
00719B,元大美債1-3,364,0,364,群益金鼎,2023-11-17,9100
00905,FT臺灣Smart,336,0,336,群益金鼎,2023-11-17,9100
3576,聯合再生,328,0,328,群益金鼎,2023-11-17,9100
2812,台中銀,322,0,322,群益金鼎,2023-11-17,9100
2457,飛宏,334,32,302,群益金鼎,2023-11-17,9100
2103,台橡,300,0,300,群益金鼎,2023-11-17,9100
00893,國泰智能電動車,1236,948,288,群益金鼎,2023-11-17,9100
8996,高力,304,29,275,群益金鼎,2023-11-17,9100
3005,神基,284,18,266,群益金鼎,2023-11-17,9100
1710,東聯,241,0,241,群益金鼎,2023-11-17,9100
00919,群益台灣精選高息,292,56,236,群益金鼎,2023-11-17,9100
00713,元大台灣高息低波,222,7,215,群益金鼎,2023-11-17,9100
2880,華南金,210,0,210,群益金鼎,2023-11-17,9100
2892,第一金,199,0,199,群益金鼎,2023-11-17,9100
00728,第一金工業30,211,39,172,群益金鼎,2023-11-17,9100
1717,長興,165,4,161,群益金鼎,2023-11-17,9100
3217,優群,203,45,158,群益金鼎,2023-11-17,9100
5243,乙盛-KY,150,1,149,群益金鼎,2023-11-17,9100
00891,中信關鍵半導體,148,0,148,群益金鼎,2023-11-17,9100
3035,智原,395,252,143,群益金鼎,2023-11-17,9100
3041,揚智,693,552,141,群益金鼎,2023-11-17,9100
5880,合庫金,139,0,139,群益金鼎,2023-11-17,9100
2884,玉山金,140,3,137,群益金鼎,2023-11-17,9100
00918,大華優利高填息30,136,0,136,群益金鼎,2023-11-17,9100
1604,聲寶,123,0,123,群益金鼎,2023-11-17,9100
1503,士電,121,0,121,群益金鼎,2023-11-17,9100
6235,華孚,162,46,116,群益金鼎,2023-11-17,9100
00861,元大全球未來通訊,113,0,113,群益金鼎,2023-11-17,9100
00910,第一金太空衛星,160,50,110,群益金鼎,2023-11-17,9100
9921,巨大,108,0,108,群益金鼎,2023-11-17,9100
00862B,中信投資級公司債,219,113,106,群益金鼎,2023-11-17,9100
6274,台燿,131,26,105,群益金鼎,2023-11-17,9100
00715L,期街口布蘭特正2,11123,1,11122,群益金鼎,2023-11-20,9100
00637L,元大滬深300正2,12257,10352,1905,群益金鼎,2023-11-20,9100
00642U,期元大S＆P石油,1794,0,1794,群益金鼎,2023-11-20,9100
2355,敬鵬,2434,821,1613,群益金鼎,2023-11-20,9100
6237,驊訊,1387,39,1348,群益金鼎,2023-11-20,9100
6233,旺玖,1287,8,1279,群益金鼎,2023-11-20,9100
00719B,元大美債1-3,1061,0,1061,群益金鼎,2023-11-20,9100
6127,九豪,884,8,876,群益金鼎,2023-11-20,9100
3005,神基,891,60,831,群益金鼎,2023-11-20,9100
3548,兆利,804,22,782,群益金鼎,2023-11-20,9100
00665L,富邦�琤肭磪囓�2,640,4,636,群益金鼎,2023-11-20,9100
00862B,中信投資級公司債,825,284,541,群益金鼎,2023-11-20,9100
2313,華通,699,172,527,群益金鼎,2023-11-20,9100
00895,富邦未來車,464,0,464,群益金鼎,2023-11-20,9100
2401,凌陽,747,292,455,群益金鼎,2023-11-20,9100
00881,國泰台灣5G+,429,0,429,群益金鼎,2023-11-20,9100
2540,愛山林,421,1,420,群益金鼎,2023-11-20,9100
00893,國泰智能電動車,406,1,405,群益金鼎,2023-11-20,9100
00902,中信電池及儲能,690,286,404,群益金鼎,2023-11-20,9100
2301,光寶科,415,22,393,群益金鼎,2023-11-20,9100
00892,富邦台灣半導體,390,0,390,群益金鼎,2023-11-20,9100
2618,長榮航,703,319,384,群益金鼎,2023-11-20,9100
00633L,富邦上証正2,939,562,377,群益金鼎,2023-11-20,9100
2363,矽統,816,480,336,群益金鼎,2023-11-20,9100
00876,元大全球5G,210,0,210,群益金鼎,2023-11-20,9100
00917,中信特選金融,198,0,198,群益金鼎,2023-11-20,9100
5306,桂盟,197,1,196,群益金鼎,2023-11-20,9100
3044,健鼎,189,1,188,群益金鼎,2023-11-20,9100
5351,鈺創,267,89,178,群益金鼎,2023-11-20,9100
2436,偉詮電,202,26,176,群益金鼎,2023-11-20,9100
6158,禾昌,171,0,171,群益金鼎,2023-11-20,9100
00891,中信關鍵半導體,176,5,171,群益金鼎,2023-11-20,9100
00905,FT臺灣Smart,167,0,167,群益金鼎,2023-11-20,9100
3017,奇鋐,195,33,162,群益金鼎,2023-11-20,9100
2457,飛宏,160,1,159,群益金鼎,2023-11-20,9100
1515,力山,168,9,159,群益金鼎,2023-11-20,9100
2408,南亞科,161,6,155,群益金鼎,2023-11-20,9100
00696B,富邦美債20年,313,160,153,群益金鼎,2023-11-20,9100
3324,雙鴻,190,52,138,群益金鼎,2023-11-20,9100
8467,波力-KY,138,0,138,群益金鼎,2023-11-20,9100
00673R,期元大S＆P原油反1,143,6,137,群益金鼎,2023-11-20,9100
2449,京元電子,132,1,131,群益金鼎,2023-11-20,9100
3231,緯創,330,199,131,群益金鼎,2023-11-20,9100
00857B,永豐20年美公債,477,347,130,群益金鼎,2023-11-20,9100
00916,國泰全球品牌50,141,12,129,群益金鼎,2023-11-20,9100
3149,正達,145,28,117,群益金鼎,2023-11-20,9100
3035,智原,291,175,116,群益金鼎,2023-11-20,9100
8261,富鼎,138,25,113,群益金鼎,2023-11-20,9100
3706,神達,137,24,113,群益金鼎,2023-11-20,9100
2383,台光電,132,28,104,群益金鼎,2023-11-20,9100
00772B,中信高評級公司債,8438,0,8438,群益金鼎,2023-11-21,9100
00931B,統一美債20年,7552,1,7551,群益金鼎,2023-11-21,9100
00893,國泰智能電動車,6557,5,6552,群益金鼎,2023-11-21,9100
00773B,中信優先金融債,4854,201,4653,群益金鼎,2023-11-21,9100
00637L,元大滬深300正2,5035,473,4562,群益金鼎,2023-11-21,9100
00795B,中信美國公債20年,4064,0,4064,群益金鼎,2023-11-21,9100
00933B,國泰10Y+金融債,3306,100,3206,群益金鼎,2023-11-21,9100
00687B,國泰20年美債,3071,11,3060,群益金鼎,2023-11-21,9100
00830,國泰費城半導體,2355,1,2354,群益金鼎,2023-11-21,9100
00751B,元大AAA至A公司債,3053,887,2166,群益金鼎,2023-11-21,9100
00722B,群益投資級電信債,2581,450,2131,群益金鼎,2023-11-21,9100
00715L,期街口布蘭特正2,2120,2,2118,群益金鼎,2023-11-21,9100
00764B,群益25年美債,3116,1103,2013,群益金鼎,2023-11-21,9100
00862B,中信投資級公司債,1258,54,1204,群益金鼎,2023-11-21,9100
00895,富邦未來車,1190,0,1190,群益金鼎,2023-11-21,9100
00719B,元大美債1-3,1039,0,1039,群益金鼎,2023-11-21,9100
00900,富邦特選高股息30,975,0,975,群益金鼎,2023-11-21,9100
00902,中信電池及儲能,1001,42,959,群益金鼎,2023-11-21,9100
00642U,期元大S＆P石油,945,42,903,群益金鼎,2023-11-21,9100
00725B,國泰投資級公司債,789,1,788,群益金鼎,2023-11-21,9100
00876,元大全球5G,628,1,627,群益金鼎,2023-11-21,9100
00724B,群益投資級金融債,2270,1671,599,群益金鼎,2023-11-21,9100
00923,群益台ESG低碳50,505,18,487,群益金鼎,2023-11-21,9100
5483,中美晶,498,42,456,群益金鼎,2023-11-21,9100
2540,愛山林,422,0,422,群益金鼎,2023-11-21,9100
00916,國泰全球品牌50,486,117,369,群益金鼎,2023-11-21,9100
00881,國泰台灣5G+,369,3,366,群益金鼎,2023-11-21,9100
00905,FT臺灣Smart,362,1,361,群益金鼎,2023-11-21,9100
3583,辛耘,371,27,344,群益金鼎,2023-11-21,9100
00909,國泰數位支付服務,311,0,311,群益金鼎,2023-11-21,9100
2610,華航,341,55,286,群益金鼎,2023-11-21,9100
2376,技嘉,414,131,283,群益金鼎,2023-11-21,9100
3022,威強電,281,0,281,群益金鼎,2023-11-21,9100
00907,永豐優息存股,271,0,271,群益金鼎,2023-11-21,9100
00861,元大全球未來通訊,265,0,265,群益金鼎,2023-11-21,9100
00864B,中信美國公債0-1,493,257,236,群益金鼎,2023-11-21,9100
2367,燿華,497,291,206,群益金鼎,2023-11-21,9100
00903,富邦元宇宙,205,0,205,群益金鼎,2023-11-21,9100
3325,旭品,190,8,182,群益金鼎,2023-11-21,9100
00888,永豐台灣ESG,179,1,178,群益金鼎,2023-11-21,9100
3483,力致,221,50,171,群益金鼎,2023-11-21,9100
00892,富邦台灣半導體,165,2,163,群益金鼎,2023-11-21,9100
00908,富邦入息REITs+,161,0,161,群益金鼎,2023-11-21,9100
3231,緯創,739,591,148,群益金鼎,2023-11-21,9100
8996,高力,156,18,138,群益金鼎,2023-11-21,9100
3437,榮創,139,2,137,群益金鼎,2023-11-21,9100
4707,磐亞,136,0,136,群益金鼎,2023-11-21,9100
2412,中華電,200,68,132,群益金鼎,2023-11-21,9100
5347,世界,237,108,129,群益金鼎,2023-11-21,9100
5351,鈺創,305,185,120,群益金鼎,2023-11-21,9100
6282,康舒,7232,378,6854,群益金鼎,2023-11-22,9100
00927,群益半導體收益,1459,4,1455,群益金鼎,2023-11-22,9100
00632R,元大台灣50反1,1360,509,851,群益金鼎,2023-11-22,9100
6243,迅杰,601,1,600,群益金鼎,2023-11-22,9100
2603,長榮,603,3,600,群益金鼎,2023-11-22,9100
3694,海華,601,9,592,群益金鼎,2023-11-22,9100
2303,聯電,575,41,534,群益金鼎,2023-11-22,9100
2618,長榮航,607,89,518,群益金鼎,2023-11-22,9100
3711,日月光投控,492,0,492,群益金鼎,2023-11-22,9100
00892,富邦台灣半導體,560,104,456,群益金鼎,2023-11-22,9100
00895,富邦未來車,436,0,436,群益金鼎,2023-11-22,9100
2540,愛山林,421,0,421,群益金鼎,2023-11-22,9100
3715,定穎投控,462,59,403,群益金鼎,2023-11-22,9100
00715L,期街口布蘭特正2,392,1,391,群益金鼎,2023-11-22,9100
5009,榮剛,401,13,388,群益金鼎,2023-11-22,9100
00671R,富邦NASDAQ反1,278,0,278,群益金鼎,2023-11-22,9100
2313,華通,398,130,268,群益金鼎,2023-11-22,9100
3362,先進光,515,263,252,群益金鼎,2023-11-22,9100
00864B,中信美國公債0-1,437,189,248,群益金鼎,2023-11-22,9100
2609,陽明,218,0,218,群益金鼎,2023-11-22,9100
2401,凌陽,382,174,208,群益金鼎,2023-11-22,9100
2454,聯發科,199,8,191,群益金鼎,2023-11-22,9100
00648R,元大S＆P500反1,189,0,189,群益金鼎,2023-11-22,9100
5351,鈺創,349,165,184,群益金鼎,2023-11-22,9100
00638R,元大滬深300反1,172,0,172,群益金鼎,2023-11-22,9100
3037,欣興,204,35,169,群益金鼎,2023-11-22,9100
3059,華晶科,194,26,168,群益金鼎,2023-11-22,9100
3587,閎康,145,1,144,群益金鼎,2023-11-22,9100
6104,創惟,147,7,140,群益金鼎,2023-11-22,9100
00670L,富邦NASDAQ正2,124,0,124,群益金鼎,2023-11-22,9100
00936,台新永續高息中小,119,0,119,群益金鼎,2023-11-22,9100
2383,台光電,186,72,114,群益金鼎,2023-11-22,9100
0052,富邦科技,119,10,109,群益金鼎,2023-11-22,9100
3078,僑威,139,31,108,群益金鼎,2023-11-22,9100
2367,燿華,151,46,105,群益金鼎,2023-11-22,9100
2615,萬海,103,2,101,群益金鼎,2023-11-22,9100
2363,矽統,168,68,100,群益金鼎,2023-11-22,9100
3231,緯創,644,552,92,群益金鼎,2023-11-22,9100
2492,華新科,130,40,90,群益金鼎,2023-11-22,9100
8210,勤誠,82,1,81,群益金鼎,2023-11-22,9100
00642U,期元大S＆P石油,80,0,80,群益金鼎,2023-11-22,9100
3406,玉晶光,96,17,79,群益金鼎,2023-11-22,9100
8996,高力,83,5,78,群益金鼎,2023-11-22,9100
2393,億光,75,0,75,群益金鼎,2023-11-22,9100
2449,京元電子,89,18,71,群益金鼎,2023-11-22,9100
5483,中美晶,81,14,67,群益金鼎,2023-11-22,9100
3504,揚明光,66,1,65,群益金鼎,2023-11-22,9100
3264,欣銓,76,11,65,群益金鼎,2023-11-22,9100
3522,御嵿,65,0,65,群益金鼎,2023-11-22,9100
6411,晶焱,67,2,65,群益金鼎,2023-11-22,9100
5876,上海商銀,2728,0,2728,群益金鼎,2023-11-23,9100
2303,聯電,2941,274,2667,群益金鼎,2023-11-23,9100
4904,遠傳,1994,0,1994,群益金鼎,2023-11-23,9100
3045,台灣大,1704,0,1704,群益金鼎,2023-11-23,9100
00673R,期元大S＆P原油反1,1409,0,1409,群益金鼎,2023-11-23,9100
00864B,中信美國公債0-1,1332,25,1307,群益金鼎,2023-11-23,9100
3711,日月光投控,1041,17,1024,群益金鼎,2023-11-23,9100
2603,長榮,569,31,538,群益金鼎,2023-11-23,9100
5009,榮剛,551,52,499,群益金鼎,2023-11-23,9100
3530,晶相光,525,51,474,群益金鼎,2023-11-23,9100
5347,世界,612,144,468,群益金鼎,2023-11-23,9100
5258,虹堡,567,101,466,群益金鼎,2023-11-23,9100
2540,愛山林,422,0,422,群益金鼎,2023-11-23,9100
00927,群益半導體收益,463,155,308,群益金鼎,2023-11-23,9100
00922,國泰台灣領袖50,300,0,300,群益金鼎,2023-11-23,9100
00892,富邦台灣半導體,257,1,256,群益金鼎,2023-11-23,9100
3437,榮創,235,5,230,群益金鼎,2023-11-23,9100
00713,元大台灣高息低波,222,22,200,群益金鼎,2023-11-23,9100
2382,廣達,818,628,190,群益金鼎,2023-11-23,9100
3005,神基,236,48,188,群益金鼎,2023-11-23,9100
3037,欣興,361,181,180,群益金鼎,2023-11-23,9100
8054,安國,418,253,165,群益金鼎,2023-11-23,9100
00773B,中信優先金融債,258,100,158,群益金鼎,2023-11-23,9100
8086,宏捷科,192,37,155,群益金鼎,2023-11-23,9100
0052,富邦科技,257,105,152,群益金鼎,2023-11-23,9100
00924,復華S＆P500成長,150,0,150,群益金鼎,2023-11-23,9100
00910,第一金太空衛星,350,201,149,群益金鼎,2023-11-23,9100
00852L,國泰美國道瓊正2,144,10,134,群益金鼎,2023-11-23,9100
3006,晶豪科,352,221,131,群益金鼎,2023-11-23,9100
2618,長榮航,447,319,128,群益金鼎,2023-11-23,9100
3019,亞光,116,3,113,群益金鼎,2023-11-23,9100
4956,光鋐,112,0,112,群益金鼎,2023-11-23,9100
2363,矽統,504,394,110,群益金鼎,2023-11-23,9100
6245,立端,192,83,109,群益金鼎,2023-11-23,9100
00881,國泰台灣5G+,113,10,103,群益金鼎,2023-11-23,9100
00907,永豐優息存股,102,0,102,群益金鼎,2023-11-23,9100
00638R,元大滬深300反1,99,0,99,群益金鼎,2023-11-23,9100
3078,僑威,300,206,94,群益金鼎,2023-11-23,9100
1513,中興電,136,49,87,群益金鼎,2023-11-23,9100
00903,富邦元宇宙,82,0,82,群益金鼎,2023-11-23,9100
2748,雲品,90,13,77,群益金鼎,2023-11-23,9100
1216,統一,279,205,74,群益金鼎,2023-11-23,9100
3217,優群,77,6,71,群益金鼎,2023-11-23,9100
3623,富晶通,140,70,70,群益金鼎,2023-11-23,9100
3406,玉晶光,95,26,69,群益金鼎,2023-11-23,9100
3260,威剛,107,39,68,群益金鼎,2023-11-23,9100
3044,健鼎,120,52,68,群益金鼎,2023-11-23,9100
6005,群益證,67,0,67,群益金鼎,2023-11-23,9100
6125,廣運,138,72,66,群益金鼎,2023-11-23,9100
006205,富邦上証,65,0,65,群益金鼎,2023-11-23,9100
00632R,元大台灣50反1,1545,0,1545,群益金鼎,2023-11-24,9100
1513,中興電,1167,55,1112,群益金鼎,2023-11-24,9100
2457,飛宏,1556,457,1099,群益金鼎,2023-11-24,9100
8086,宏捷科,1263,353,910,群益金鼎,2023-11-24,9100
2303,聯電,995,156,839,群益金鼎,2023-11-24,9100
00929,復華台灣科技優息,686,4,682,群益金鼎,2023-11-24,9100
6116,彩晶,530,0,530,群益金鼎,2023-11-24,9100
00648R,元大S＆P500反1,499,0,499,群益金鼎,2023-11-24,9100
2634,漢翔,538,46,492,群益金鼎,2023-11-24,9100
2540,愛山林,422,0,422,群益金鼎,2023-11-24,9100
3374,精材,426,52,374,群益金鼎,2023-11-24,9100
2455,全新,480,115,365,群益金鼎,2023-11-24,9100
6271,同欣電,383,48,335,群益金鼎,2023-11-24,9100
00878,國泰永續高股息,333,27,306,群益金鼎,2023-11-24,9100
2603,長榮,272,31,241,群益金鼎,2023-11-24,9100
2883,凱基金,214,1,213,群益金鼎,2023-11-24,9100
2609,陽明,285,73,212,群益金鼎,2023-11-24,9100
00936,台新永續高息中小,205,0,205,群益金鼎,2023-11-24,9100
00830,國泰費城半導體,211,9,202,群益金鼎,2023-11-24,9100
00900,富邦特選高股息30,200,0,200,群益金鼎,2023-11-24,9100
8996,高力,199,10,189,群益金鼎,2023-11-24,9100
3005,神基,389,221,168,群益金鼎,2023-11-24,9100
3711,日月光投控,206,41,165,群益金鼎,2023-11-24,9100
2371,大同,184,27,157,群益金鼎,2023-11-24,9100
1514,亞力,208,52,156,群益金鼎,2023-11-24,9100
00876,元大全球5G,149,0,149,群益金鼎,2023-11-24,9100
3231,緯創,183,43,140,群益金鼎,2023-11-24,9100
00891,中信關鍵半導體,139,0,139,群益金鼎,2023-11-24,9100
00916,國泰全球品牌50,125,0,125,群益金鼎,2023-11-24,9100
8046,南電,136,16,120,群益金鼎,2023-11-24,9100
6179,亞通,116,0,116,群益金鼎,2023-11-24,9100
6138,茂達,185,72,113,群益金鼎,2023-11-24,9100
2308,台達電,133,23,110,群益金鼎,2023-11-24,9100
1477,聚陽,114,6,108,群益金鼎,2023-11-24,9100
00902,中信電池及儲能,108,0,108,群益金鼎,2023-11-24,9100
00918,大華優利高填息30,107,0,107,群益金鼎,2023-11-24,9100
00917,中信特選金融,106,0,106,群益金鼎,2023-11-24,9100
006205,富邦上証,91,2,89,群益金鼎,2023-11-24,9100
2615,萬海,108,20,88,群益金鼎,2023-11-24,9100
00892,富邦台灣半導體,84,0,84,群益金鼎,2023-11-24,9100
1609,大亞,119,36,83,群益金鼎,2023-11-24,9100
00861,元大全球未來通訊,78,0,78,群益金鼎,2023-11-24,9100
4968,立積,93,17,76,群益金鼎,2023-11-24,9100
5258,虹堡,116,43,73,群益金鼎,2023-11-24,9100
2408,南亞科,149,78,71,群益金鼎,2023-11-24,9100
5439,高技,84,15,69,群益金鼎,2023-11-24,9100
2401,凌陽,103,36,67,群益金鼎,2023-11-24,9100
00881,國泰台灣5G+,67,0,67,群益金鼎,2023-11-24,9100
2353,宏��,233,167,66,群益金鼎,2023-11-24,9100
3324,雙鴻,149,84,65,群益金鼎,2023-11-24,9100
00673R,期元大S＆P原油反1,2252,0,2252,群益金鼎,2023-11-27,9100
00632R,元大台灣50反1,2109,1148,961,群益金鼎,2023-11-27,9100
00893,國泰智能電動車,937,0,937,群益金鼎,2023-11-27,9100
3217,優群,854,63,791,群益金鼎,2023-11-27,9100
4919,新唐,683,25,658,群益金鼎,2023-11-27,9100
3034,聯詠,536,16,520,群益金鼎,2023-11-27,9100
4746,台耀,488,28,460,群益金鼎,2023-11-27,9100
2540,愛山林,423,0,423,群益金鼎,2023-11-27,9100
00864B,中信美國公債0-1,404,39,365,群益金鼎,2023-11-27,9100
1477,聚陽,382,37,345,群益金鼎,2023-11-27,9100
2385,群光,351,25,326,群益金鼎,2023-11-27,9100
006205,富邦上証,371,50,321,群益金鼎,2023-11-27,9100
00929,復華台灣科技優息,1129,817,312,群益金鼎,2023-11-27,9100
1722,台肥,302,0,302,群益金鼎,2023-11-27,9100
3005,神基,334,32,302,群益金鼎,2023-11-27,9100
5258,虹堡,415,149,266,群益金鼎,2023-11-27,9100
2412,中華電,253,12,241,群益金鼎,2023-11-27,9100
00865B,國泰US短期公債,213,0,213,群益金鼎,2023-11-27,9100
8996,高力,246,46,200,群益金鼎,2023-11-27,9100
4968,立積,267,73,194,群益金鼎,2023-11-27,9100
1514,亞力,425,243,182,群益金鼎,2023-11-27,9100
4961,天鈺,172,0,172,群益金鼎,2023-11-27,9100
2313,華通,1241,1085,156,群益金鼎,2023-11-27,9100
2883,凱基金,150,0,150,群益金鼎,2023-11-27,9100
6235,華孚,205,76,129,群益金鼎,2023-11-27,9100
2376,技嘉,215,89,126,群益金鼎,2023-11-27,9100
2317,鴻海,115,0,115,群益金鼎,2023-11-27,9100
00714,群益道瓊美國地產,199,85,114,群益金鼎,2023-11-27,9100
00859B,群益0-1年美債,158,50,108,群益金鼎,2023-11-27,9100
00892,富邦台灣半導體,107,0,107,群益金鼎,2023-11-27,9100
00645,富邦日本,103,0,103,群益金鼎,2023-11-27,9100
00897,富邦基因免疫生技,101,0,101,群益金鼎,2023-11-27,9100
2323,中環,136,39,97,群益金鼎,2023-11-27,9100
00895,富邦未來車,223,126,97,群益金鼎,2023-11-27,9100
2368,金像電,121,25,96,群益金鼎,2023-11-27,9100
00916,國泰全球品牌50,156,60,96,群益金鼎,2023-11-27,9100
2606,裕民,155,64,91,群益金鼎,2023-11-27,9100
006208,富邦台50,100,11,89,群益金鼎,2023-11-27,9100
4157,太景*-KY,85,3,82,群益金鼎,2023-11-27,9100
1795,美時,140,60,80,群益金鼎,2023-11-27,9100
1513,中興電,273,196,77,群益金鼎,2023-11-27,9100
00922,國泰台灣領袖50,77,1,76,群益金鼎,2023-11-27,9100
3094,聯傑,120,51,69,群益金鼎,2023-11-27,9100
4945,陞達科技,71,2,69,群益金鼎,2023-11-27,9100
00852L,國泰美國道瓊正2,64,0,64,群益金鼎,2023-11-27,9100
2520,冠德,114,52,62,群益金鼎,2023-11-27,9100
00909,國泰數位支付服務,60,0,60,群益金鼎,2023-11-27,9100
3023,信邦,54,0,54,群益金鼎,2023-11-27,9100
2327,國巨,71,17,54,群益金鼎,2023-11-27,9100
00876,元大全球5G,110,57,53,群益金鼎,2023-11-27,9100
00632R,元大台灣50反1,4658,0,4658,群益金鼎,2023-11-28,9100
1101,台泥,3053,125,2928,群益金鼎,2023-11-28,9100
00929,復華台灣科技優息,692,17,675,群益金鼎,2023-11-28,9100
5608,四維航,700,52,648,群益金鼎,2023-11-28,9100
00891,中信關鍵半導體,618,5,613,群益金鼎,2023-11-28,9100
3122,笙泉,559,24,535,群益金鼎,2023-11-28,9100
00928,中信上櫃ESG30,501,1,500,群益金鼎,2023-11-28,9100
2603,長榮,529,29,500,群益金鼎,2023-11-28,9100
2303,聯電,896,433,463,群益金鼎,2023-11-28,9100
2540,愛山林,421,0,421,群益金鼎,2023-11-28,9100
00669R,國泰美國道瓊反1,500,82,418,群益金鼎,2023-11-28,9100
00673R,期元大S＆P原油反1,400,0,400,群益金鼎,2023-11-28,9100
00900,富邦特選高股息30,381,0,381,群益金鼎,2023-11-28,9100
3711,日月光投控,458,79,379,群益金鼎,2023-11-28,9100
2313,華通,833,461,372,群益金鼎,2023-11-28,9100
1513,中興電,448,77,371,群益金鼎,2023-11-28,9100
2367,燿華,547,183,364,群益金鼎,2023-11-28,9100
2385,群光,368,5,363,群益金鼎,2023-11-28,9100
6494,九齊,368,25,343,群益金鼎,2023-11-28,9100
00830,國泰費城半導體,341,5,336,群益金鼎,2023-11-28,9100
00687B,國泰20年美債,346,11,335,群益金鼎,2023-11-28,9100
2344,華邦電,362,54,308,群益金鼎,2023-11-28,9100
2637,慧洋-KY,354,46,308,群益金鼎,2023-11-28,9100
2883,凱基金,297,13,284,群益金鼎,2023-11-28,9100
2609,陽明,266,33,233,群益金鼎,2023-11-28,9100
6257,矽格,235,4,231,群益金鼎,2023-11-28,9100
9919,康那香,275,50,225,群益金鼎,2023-11-28,9100
2329,華泰,400,181,219,群益金鼎,2023-11-28,9100
4746,台耀,394,182,212,群益金鼎,2023-11-28,9100
6276,安鈦克,239,32,207,群益金鼎,2023-11-28,9100
00876,元大全球5G,203,8,195,群益金鼎,2023-11-28,9100
6116,彩晶,192,0,192,群益金鼎,2023-11-28,9100
9802,鈺齊-KY,192,3,189,群益金鼎,2023-11-28,9100
1795,美時,239,60,179,群益金鼎,2023-11-28,9100
3545,敦泰,200,28,172,群益金鼎,2023-11-28,9100
3689,湧德,159,0,159,群益金鼎,2023-11-28,9100
3037,欣興,277,120,157,群益金鼎,2023-11-28,9100
00631L,元大台灣50正2,147,0,147,群益金鼎,2023-11-28,9100
5351,鈺創,306,161,145,群益金鼎,2023-11-28,9100
3217,優群,293,156,137,群益金鼎,2023-11-28,9100
6781,AES-KY,135,0,135,群益金鼎,2023-11-28,9100
6111,大宇資,135,5,130,群益金鼎,2023-11-28,9100
00936,台新永續高息中小,134,8,126,群益金鼎,2023-11-28,9100
4945,陞達科技,204,80,124,群益金鼎,2023-11-28,9100
00636,國泰中國A50,150,27,123,群益金鼎,2023-11-28,9100
8210,勤誠,121,0,121,群益金鼎,2023-11-28,9100
3227,原相,116,10,106,群益金鼎,2023-11-28,9100
3094,聯傑,107,1,106,群益金鼎,2023-11-28,9100
2376,技嘉,130,28,102,群益金鼎,2023-11-28,9100
1773,勝一,100,0,100,群益金鼎,2023-11-28,9100
00900,富邦特選高股息30,2906,3,2903,群益金鼎,2023-11-29,9100
00891,中信關鍵半導體,2641,1,2640,群益金鼎,2023-11-29,9100
00715L,期街口布蘭特正2,2408,0,2408,群益金鼎,2023-11-29,9100
2408,南亞科,1392,220,1172,群益金鼎,2023-11-29,9100
00632R,元大台灣50反1,1008,0,1008,群益金鼎,2023-11-29,9100
00878,國泰永續高股息,965,43,922,群益金鼎,2023-11-29,9100
1722,台肥,907,7,900,群益金鼎,2023-11-29,9100
00895,富邦未來車,881,0,881,群益金鼎,2023-11-29,9100
00892,富邦台灣半導體,816,0,816,群益金鼎,2023-11-29,9100
00881,國泰台灣5G+,903,112,791,群益金鼎,2023-11-29,9100
3231,緯創,746,39,707,群益金鼎,2023-11-29,9100
00927,群益半導體收益,550,2,548,群益金鼎,2023-11-29,9100
9919,康那香,794,251,543,群益金鼎,2023-11-29,9100
00893,國泰智能電動車,538,3,535,群益金鼎,2023-11-29,9100
2540,愛山林,426,0,426,群益金鼎,2023-11-29,9100
2376,技嘉,439,55,384,群益金鼎,2023-11-29,9100
00929,復華台灣科技優息,407,24,383,群益金鼎,2023-11-29,9100
6117,迎廣,374,6,368,群益金鼎,2023-11-29,9100
3715,定穎投控,452,100,352,群益金鼎,2023-11-29,9100
00918,大華優利高填息30,329,0,329,群益金鼎,2023-11-29,9100
2329,華泰,525,196,329,群益金鼎,2023-11-29,9100
8261,富鼎,305,15,290,群益金鼎,2023-11-29,9100
3217,優群,458,173,285,群益金鼎,2023-11-29,9100
006205,富邦上証,288,6,282,群益金鼎,2023-11-29,9100
00865B,國泰US短期公債,266,0,266,群益金鼎,2023-11-29,9100
9802,鈺齊-KY,241,0,241,群益金鼎,2023-11-29,9100
1584,精剛,248,23,225,群益金鼎,2023-11-29,9100
5425,台半,232,14,218,群益金鼎,2023-11-29,9100
6138,茂達,221,12,209,群益金鼎,2023-11-29,9100
00668,國泰美國道瓊,207,0,207,群益金鼎,2023-11-29,9100
3373,熱映,201,0,201,群益金鼎,2023-11-29,9100
2204,中華,226,25,201,群益金鼎,2023-11-29,9100
00916,國泰全球品牌50,201,1,200,群益金鼎,2023-11-29,9100
00902,中信電池及儲能,445,246,199,群益金鼎,2023-11-29,9100
00876,元大全球5G,245,50,195,群益金鼎,2023-11-29,9100
3035,智原,639,453,186,群益金鼎,2023-11-29,9100
6485,點序,200,16,184,群益金鼎,2023-11-29,9100
2382,廣達,314,139,175,群益金鼎,2023-11-29,9100
00915,凱基優選高股息30,506,340,166,群益金鼎,2023-11-29,9100
6781,AES-KY,165,4,161,群益金鼎,2023-11-29,9100
6126,信音,155,0,155,群益金鼎,2023-11-29,9100
00669R,國泰美國道瓊反1,204,56,148,群益金鼎,2023-11-29,9100
00645,富邦日本,161,13,148,群益金鼎,2023-11-29,9100
3227,原相,180,36,144,群益金鼎,2023-11-29,9100
3704,合勤控,165,28,137,群益金鼎,2023-11-29,9100
8054,安國,329,206,123,群益金鼎,2023-11-29,9100
2388,威盛,256,134,122,群益金鼎,2023-11-29,9100
5432,新門,119,0,119,群益金鼎,2023-11-29,9100
00738U,期元大道瓊白銀,116,0,116,群益金鼎,2023-11-29,9100
00861,元大全球未來通訊,114,0,114,群益金鼎,2023-11-29,9100
2892,第一金,4160,5,4155,群益金鼎,2023-11-30,9100
00715L,期街口布蘭特正2,3316,0,3316,群益金鼎,2023-11-30,9100
00878,國泰永續高股息,3758,502,3256,群益金鼎,2023-11-30,9100
5876,上海商銀,2366,0,2366,群益金鼎,2023-11-30,9100
00830,國泰費城半導體,2115,0,2115,群益金鼎,2023-11-30,9100
2886,兆豐金,2053,502,1551,群益金鼎,2023-11-30,9100
00632R,元大台灣50反1,1508,0,1508,群益金鼎,2023-11-30,9100
00637L,元大滬深300正2,1377,0,1377,群益金鼎,2023-11-30,9100
2890,永豐金,1478,349,1129,群益金鼎,2023-11-30,9100
2474,可成,1038,3,1035,群益金鼎,2023-11-30,9100
2891,中信金,1608,633,975,群益金鼎,2023-11-30,9100
00642U,期元大S＆P石油,968,0,968,群益金鼎,2023-11-30,9100
1582,信錦,990,54,936,群益金鼎,2023-11-30,9100
6117,迎廣,1225,370,855,群益金鼎,2023-11-30,9100
00687B,國泰20年美債,777,20,757,群益金鼎,2023-11-30,9100
2368,金像電,773,30,743,群益金鼎,2023-11-30,9100
2383,台光電,599,72,527,群益金鼎,2023-11-30,9100
6282,康舒,547,37,510,群益金鼎,2023-11-30,9100
00772B,中信高評級公司債,818,334,484,群益金鼎,2023-11-30,9100
2540,愛山林,421,0,421,群益金鼎,2023-11-30,9100
2303,聯電,467,105,362,群益金鼎,2023-11-30,9100
3035,智原,554,192,362,群益金鼎,2023-11-30,9100
00720B,元大投資級公司債,672,312,360,群益金鼎,2023-11-30,9100
00891,中信關鍵半導體,319,0,319,群益金鼎,2023-11-30,9100
00893,國泰智能電動車,315,1,314,群益金鼎,2023-11-30,9100
00917,中信特選金融,281,0,281,群益金鼎,2023-11-30,9100
00876,元大全球5G,226,0,226,群益金鼎,2023-11-30,9100
00714,群益道瓊美國地產,313,100,213,群益金鼎,2023-11-30,9100
00900,富邦特選高股息30,199,0,199,群益金鼎,2023-11-30,9100
2615,萬海,203,5,198,群益金鼎,2023-11-30,9100
2605,新興,245,50,195,群益金鼎,2023-11-30,9100
6901,鑽石投資,175,0,175,群益金鼎,2023-11-30,9100
5009,榮剛,201,35,166,群益金鼎,2023-11-30,9100
00636,國泰中國A50,165,0,165,群益金鼎,2023-11-30,9100
2441,超豐,151,0,151,群益金鼎,2023-11-30,9100
2376,技嘉,324,182,142,群益金鼎,2023-11-30,9100
1101,台泥,141,0,141,群益金鼎,2023-11-30,9100
00881,國泰台灣5G+,140,0,140,群益金鼎,2023-11-30,9100
8261,富鼎,210,70,140,群益金鼎,2023-11-30,9100
2338,光罩,241,119,122,群益金鼎,2023-11-30,9100
2347,聯強,111,0,111,群益金鼎,2023-11-30,9100
3217,優群,126,18,108,群益金鼎,2023-11-30,9100
4128,中天,176,70,106,群益金鼎,2023-11-30,9100
2408,南亞科,279,173,106,群益金鼎,2023-11-30,9100
6693,廣閎科,105,0,105,群益金鼎,2023-11-30,9100
3006,晶豪科,228,124,104,群益金鼎,2023-11-30,9100
2883,凱基金,518,417,101,群益金鼎,2023-11-30,9100
3043,科風,100,0,100,群益金鼎,2023-11-30,9100
3022,威強電,99,0,99,群益金鼎,2023-11-30,9100
3094,聯傑,150,57,93,群益金鼎,2023-11-30,9100
00673R,期元大S＆P原油反1,2057,0,2057,群益金鼎,2023-12-01,9100
2641,正德,2073,141,1932,群益金鼎,2023-12-01,9100
2883,凱基金,1631,5,1626,群益金鼎,2023-12-01,9100
4909,新復興,1094,35,1059,群益金鼎,2023-12-01,9100
5439,高技,1025,27,998,群益金鼎,2023-12-01,9100
2303,聯電,1505,644,861,群益金鼎,2023-12-01,9100
2002,中鋼,1055,256,799,群益金鼎,2023-12-01,9100
00712,復華富時不動產,767,2,765,群益金鼎,2023-12-01,9100
2449,京元電子,671,70,601,群益金鼎,2023-12-01,9100
2353,宏��,749,224,525,群益金鼎,2023-12-01,9100
00929,復華台灣科技優息,501,2,499,群益金鼎,2023-12-01,9100
6117,迎廣,1918,1426,492,群益金鼎,2023-12-01,9100
2352,佳世達,510,44,466,群益金鼎,2023-12-01,9100
6276,安鈦克,469,11,458,群益金鼎,2023-12-01,9100
00864B,中信美國公債0-1,426,25,401,群益金鼎,2023-12-01,9100
00852L,國泰美國道瓊正2,427,39,388,群益金鼎,2023-12-01,9100
00888,永豐台灣ESG,385,0,385,群益金鼎,2023-12-01,9100
2492,華新科,423,72,351,群益金鼎,2023-12-01,9100
2393,億光,330,0,330,群益金鼎,2023-12-01,9100
3034,聯詠,330,21,309,群益金鼎,2023-12-01,9100
3044,健鼎,327,23,304,群益金鼎,2023-12-01,9100
2408,南亞科,479,183,296,群益金鼎,2023-12-01,9100
2313,華通,1017,733,284,群益金鼎,2023-12-01,9100
2404,漢唐,308,29,279,群益金鼎,2023-12-01,9100
2377,微星,349,78,271,群益金鼎,2023-12-01,9100
00632R,元大台灣50反1,265,0,265,群益金鼎,2023-12-01,9100
2609,陽明,265,13,252,群益金鼎,2023-12-01,9100
00923,群益台ESG低碳50,252,6,246,群益金鼎,2023-12-01,9100
6271,同欣電,287,50,237,群益金鼎,2023-12-01,9100
00917,中信特選金融,217,0,217,群益金鼎,2023-12-01,9100
2515,中工,249,49,200,群益金鼎,2023-12-01,9100
2606,裕民,521,322,199,群益金鼎,2023-12-01,9100
2385,群光,207,16,191,群益金鼎,2023-12-01,9100
00900,富邦特選高股息30,189,0,189,群益金鼎,2023-12-01,9100
00719B,元大美債1-3,184,0,184,群益金鼎,2023-12-01,9100
2355,敬鵬,236,56,180,群益金鼎,2023-12-01,9100
00865B,國泰US短期公債,176,0,176,群益金鼎,2023-12-01,9100
00892,富邦台灣半導體,173,0,173,群益金鼎,2023-12-01,9100
00662,富邦NASDAQ,205,33,172,群益金鼎,2023-12-01,9100
00651R,復華香港反1,154,0,154,群益金鼎,2023-12-01,9100
00920,富邦ESG綠色電力,151,0,151,群益金鼎,2023-12-01,9100
2379,瑞昱,161,11,150,群益金鼎,2023-12-01,9100
00773B,中信優先金融債,222,75,147,群益金鼎,2023-12-01,9100
1477,聚陽,141,1,140,群益金鼎,2023-12-01,9100
00859B,群益0-1年美債,273,134,139,群益金鼎,2023-12-01,9100
6143,振曜,214,84,130,群益金鼎,2023-12-01,9100
2382,廣達,650,522,128,群益金鼎,2023-12-01,9100
8299,群聯,123,3,120,群益金鼎,2023-12-01,9100
00881,國泰台灣5G+,120,0,120,群益金鼎,2023-12-01,9100
2476,鉅祥,128,14,114,群益金鼎,2023-12-01,9100
00632R,元大台灣50反1,14320,163,14157,群益金鼎,2023-12-04,9100
00673R,期元大S＆P原油反1,10858,0,10858,群益金鼎,2023-12-04,9100
2605,新興,4707,154,4553,群益金鼎,2023-12-04,9100
00900,富邦特選高股息30,3852,0,3852,群益金鼎,2023-12-04,9100
2641,正德,2981,1193,1788,群益金鼎,2023-12-04,9100
3481,群創,1807,95,1712,群益金鼎,2023-12-04,9100
00671R,富邦NASDAQ反1,1497,192,1305,群益金鼎,2023-12-04,9100
2612,中航,1207,4,1203,群益金鼎,2023-12-04,9100
2886,兆豐金,1002,1,1001,群益金鼎,2023-12-04,9100
00830,國泰費城半導體,957,0,957,群益金鼎,2023-12-04,9100
00864B,中信美國公債0-1,1086,172,914,群益金鼎,2023-12-04,9100
00895,富邦未來車,777,0,777,群益金鼎,2023-12-04,9100
6143,振曜,806,69,737,群益金鼎,2023-12-04,9100
2617,台航,740,12,728,群益金鼎,2023-12-04,9100
2601,益航,501,24,477,群益金鼎,2023-12-04,9100
6194,育富,471,1,470,群益金鼎,2023-12-04,9100
6176,瑞儀,410,9,401,群益金鼎,2023-12-04,9100
8046,南電,407,50,357,群益金鼎,2023-12-04,9100
00907,永豐優息存股,344,0,344,群益金鼎,2023-12-04,9100
2367,燿華,500,199,301,群益金鼎,2023-12-04,9100
00891,中信關鍵半導體,352,60,292,群益金鼎,2023-12-04,9100
6125,廣運,342,74,268,群益金鼎,2023-12-04,9100
3390,旭軟,267,2,265,群益金鼎,2023-12-04,9100
00893,國泰智能電動車,256,0,256,群益金鼎,2023-12-04,9100
8016,矽創,227,3,224,群益金鼎,2023-12-04,9100
00908,富邦入息REITs+,218,0,218,群益金鼎,2023-12-04,9100
1605,華新,466,251,215,群益金鼎,2023-12-04,9100
00662,富邦NASDAQ,200,0,200,群益金鼎,2023-12-04,9100
00772B,中信高評級公司債,200,0,200,群益金鼎,2023-12-04,9100
00714,群益道瓊美國地產,260,110,150,群益金鼎,2023-12-04,9100
6526,達發,150,1,149,群益金鼎,2023-12-04,9100
1210,大成,150,10,140,群益金鼎,2023-12-04,9100
00738U,期元大道瓊白銀,140,1,139,群益金鼎,2023-12-04,9100
3033,威健,150,15,135,群益金鼎,2023-12-04,9100
00865B,國泰US短期公債,127,0,127,群益金鼎,2023-12-04,9100
9919,康那香,244,117,127,群益金鼎,2023-12-04,9100
2105,正新,269,143,126,群益金鼎,2023-12-04,9100
6278,台表科,177,53,124,群益金鼎,2023-12-04,9100
2731,雄獅,124,0,124,群益金鼎,2023-12-04,9100
3264,欣銓,197,74,123,群益金鼎,2023-12-04,9100
2408,南亞科,164,41,123,群益金鼎,2023-12-04,9100
2606,裕民,278,169,109,群益金鼎,2023-12-04,9100
2363,矽統,215,106,109,群益金鼎,2023-12-04,9100
2884,玉山金,125,20,105,群益金鼎,2023-12-04,9100
00903,富邦元宇宙,102,0,102,群益金鼎,2023-12-04,9100
6126,信音,103,1,102,群益金鼎,2023-12-04,9100
00897,富邦基因免疫生技,101,0,101,群益金鼎,2023-12-04,9100
00635U,期元大S＆P黃金,100,0,100,群益金鼎,2023-12-04,9100
6284,佳邦,117,17,100,群益金鼎,2023-12-04,9100
6485,點序,111,13,98,群益金鼎,2023-12-04,9100
1514,亞力,2823,228,2595,群益金鼎,2023-12-05,9100
6117,迎廣,2007,82,1925,群益金鼎,2023-12-05,9100
2303,聯電,1629,310,1319,群益金鼎,2023-12-05,9100
00673R,期元大S＆P原油反1,1213,0,1213,群益金鼎,2023-12-05,9100
00773B,中信優先金融債,866,0,866,群益金鼎,2023-12-05,9100
00712,復華富時不動產,808,7,801,群益金鼎,2023-12-05,9100
00772B,中信高評級公司債,657,0,657,群益金鼎,2023-12-05,9100
2382,廣達,854,227,627,群益金鼎,2023-12-05,9100
2603,長榮,737,201,536,群益金鼎,2023-12-05,9100
1503,士電,555,29,526,群益金鼎,2023-12-05,9100
2367,燿華,702,194,508,群益金鼎,2023-12-05,9100
00648R,元大S＆P500反1,499,0,499,群益金鼎,2023-12-05,9100
2330,台積電,413,2,411,群益金鼎,2023-12-05,9100
5347,世界,460,76,384,群益金鼎,2023-12-05,9100
00662,富邦NASDAQ,341,0,341,群益金鼎,2023-12-05,9100
3050,鈺德,346,5,341,群益金鼎,2023-12-05,9100
2606,裕民,937,630,307,群益金鼎,2023-12-05,9100
1513,中興電,465,168,297,群益金鼎,2023-12-05,9100
1319,東陽,360,73,287,群益金鼎,2023-12-05,9100
1216,統一,267,11,256,群益金鼎,2023-12-05,9100
00830,國泰費城半導體,214,0,214,群益金鼎,2023-12-05,9100
2609,陽明,326,113,213,群益金鼎,2023-12-05,9100
1795,美時,317,108,209,群益金鼎,2023-12-05,9100
1522,堤維西,199,14,185,群益金鼎,2023-12-05,9100
6285,啟��,232,52,180,群益金鼎,2023-12-05,9100
4958,臻鼎-KY,172,5,167,群益金鼎,2023-12-05,9100
00714,群益道瓊美國地產,261,100,161,群益金鼎,2023-12-05,9100
6112,邁達特,124,1,123,群益金鼎,2023-12-05,9100
00922,國泰台灣領袖50,122,0,122,群益金鼎,2023-12-05,9100
00852L,國泰美國道瓊正2,119,0,119,群益金鼎,2023-12-05,9100
5386,青雲,121,3,118,群益金鼎,2023-12-05,9100
2474,可成,130,14,116,群益金鼎,2023-12-05,9100
8086,宏捷科,198,83,115,群益金鼎,2023-12-05,9100
2454,聯發科,129,20,109,群益金鼎,2023-12-05,9100
5483,中美晶,137,30,107,群益金鼎,2023-12-05,9100
00897,富邦基因免疫生技,105,0,105,群益金鼎,2023-12-05,9100
3023,信邦,100,0,100,群益金鼎,2023-12-05,9100
2601,益航,357,257,100,群益金鼎,2023-12-05,9100
00645,富邦日本,101,1,100,群益金鼎,2023-12-05,9100
1591,駿吉-KY,114,16,98,群益金鼎,2023-12-05,9100
3703,欣陸,95,0,95,群益金鼎,2023-12-05,9100
00900,富邦特選高股息30,93,0,93,群益金鼎,2023-12-05,9100
2615,萬海,142,51,91,群益金鼎,2023-12-05,9100
2457,飛宏,104,14,90,群益金鼎,2023-12-05,9100
2637,慧洋-KY,388,303,85,群益金鼎,2023-12-05,9100
3264,欣銓,162,77,85,群益金鼎,2023-12-05,9100
6274,台燿,139,54,85,群益金鼎,2023-12-05,9100
1210,大成,85,0,85,群益金鼎,2023-12-05,9100
0056,元大高股息,95,11,84,群益金鼎,2023-12-05,9100
4157,太景*-KY,97,16,81,群益金鼎,2023-12-05,9100
00632R,元大台灣50反1,20156,0,20156,群益金鼎,2023-12-06,9100
00673R,期元大S＆P原油反1,6684,0,6684,群益金鼎,2023-12-06,9100
00772B,中信高評級公司債,1713,52,1661,群益金鼎,2023-12-06,9100
8054,安國,1681,30,1651,群益金鼎,2023-12-06,9100
6233,旺玖,1477,19,1458,群益金鼎,2023-12-06,9100
3264,欣銓,1411,169,1242,群益金鼎,2023-12-06,9100
3041,揚智,1107,119,988,群益金鼎,2023-12-06,9100
6243,迅杰,903,1,902,群益金鼎,2023-12-06,9100
00830,國泰費城半導體,843,0,843,群益金鼎,2023-12-06,9100
00929,復華台灣科技優息,857,50,807,群益金鼎,2023-12-06,9100
8046,南電,618,51,567,群益金鼎,2023-12-06,9100
6684,安格,502,7,495,群益金鼎,2023-12-06,9100
00773B,中信優先金融債,552,76,476,群益金鼎,2023-12-06,9100
6278,台表科,527,53,474,群益金鼎,2023-12-06,9100
2376,技嘉,481,20,461,群益金鼎,2023-12-06,9100
8016,矽創,444,4,440,群益金鼎,2023-12-06,9100
6462,神盾,402,3,399,群益金鼎,2023-12-06,9100
6695,芯鼎,407,16,391,群益金鼎,2023-12-06,9100
5386,青雲,508,125,383,群益金鼎,2023-12-06,9100
4961,天鈺,382,9,373,群益金鼎,2023-12-06,9100
4561,健椿,400,35,365,群益金鼎,2023-12-06,9100
00895,富邦未來車,329,0,329,群益金鼎,2023-12-06,9100
3711,日月光投控,306,17,289,群益金鼎,2023-12-06,9100
6220,岳豐,284,0,284,群益金鼎,2023-12-06,9100
2303,聯電,530,260,270,群益金鼎,2023-12-06,9100
2399,映泰,257,18,239,群益金鼎,2023-12-06,9100
6121,新普,242,6,236,群益金鼎,2023-12-06,9100
00900,富邦特選高股息30,237,2,235,群益金鼎,2023-12-06,9100
00876,元大全球5G,180,1,179,群益金鼎,2023-12-06,9100
1210,大成,170,2,168,群益金鼎,2023-12-06,9100
1522,堤維西,200,38,162,群益金鼎,2023-12-06,9100
5388,中磊,192,39,153,群益金鼎,2023-12-06,9100
4953,緯軟,208,56,152,群益金鼎,2023-12-06,9100
4157,太景*-KY,158,7,151,群益金鼎,2023-12-06,9100
00686R,群益臺灣加權反1,150,0,150,群益金鼎,2023-12-06,9100
1612,宏泰,130,1,129,群益金鼎,2023-12-06,9100
6129,普誠,120,0,120,群益金鼎,2023-12-06,9100
3450,聯鈞,156,52,104,群益金鼎,2023-12-06,9100
0050,元大台灣50,100,1,99,群益金鼎,2023-12-06,9100
6485,點序,106,6,100,群益金鼎,2023-12-06,9100
00924,復華S＆P500成長,100,1,99,群益金鼎,2023-12-06,9100
1326,台化,100,1,99,群益金鼎,2023-12-06,9100
00888,永豐台灣ESG,97,1,96,群益金鼎,2023-12-06,9100
6150,撼訊,128,36,92,群益金鼎,2023-12-06,9100
3044,健鼎,129,38,91,群益金鼎,2023-12-06,9100
2888,新光金,268,179,89,群益金鼎,2023-12-06,9100
6143,振曜,208,120,88,群益金鼎,2023-12-06,9100
5608,四維航,100,14,86,群益金鼎,2023-12-06,9100
00878,國泰永續高股息,635,551,84,群益金鼎,2023-12-06,9100
3006,晶豪科,87,12,75,群益金鼎,2023-12-06,9100
00632R,元大台灣50反1,8754,60,8694,群益金鼎,2023-12-07,9100
00772B,中信高評級公司債,6365,175,6190,群益金鼎,2023-12-07,9100
00673R,期元大S＆P原油反1,6036,0,6036,群益金鼎,2023-12-07,9100
00900,富邦特選高股息30,2303,30,2273,群益金鼎,2023-12-07,9100
2303,聯電,1497,347,1150,群益金鼎,2023-12-07,9100
2618,長榮航,1358,535,823,群益金鼎,2023-12-07,9100
00662,富邦NASDAQ,723,50,673,群益金鼎,2023-12-07,9100
00893,國泰智能電動車,628,0,628,群益金鼎,2023-12-07,9100
00773B,中信優先金融債,695,77,618,群益金鼎,2023-12-07,9100
2376,技嘉,729,155,574,群益金鼎,2023-12-07,9100
3005,神基,567,24,543,群益金鼎,2023-12-07,9100
1609,大亞,479,91,388,群益金鼎,2023-12-07,9100
2603,長榮,441,61,380,群益金鼎,2023-12-07,9100
4939,亞電,309,0,309,群益金鼎,2023-12-07,9100
2605,新興,580,279,301,群益金鼎,2023-12-07,9100
3711,日月光投控,372,80,292,群益金鼎,2023-12-07,9100
3231,緯創,446,190,256,群益金鼎,2023-12-07,9100
00927,群益半導體收益,394,142,252,群益金鼎,2023-12-07,9100
2382,廣達,377,130,247,群益金鼎,2023-12-07,9100
2330,台積電,413,168,245,群益金鼎,2023-12-07,9100
2609,陽明,315,88,227,群益金鼎,2023-12-07,9100
8996,高力,225,23,202,群益金鼎,2023-12-07,9100
00908,富邦入息REITs+,200,0,200,群益金鼎,2023-12-07,9100
2204,中華,252,54,198,群益金鼎,2023-12-07,9100
1503,士電,295,134,161,群益金鼎,2023-12-07,9100
00892,富邦台灣半導體,161,0,161,群益金鼎,2023-12-07,9100
1210,大成,160,1,159,群益金鼎,2023-12-07,9100
2387,精元,167,10,157,群益金鼎,2023-12-07,9100
00878,國泰永續高股息,371,223,148,群益金鼎,2023-12-07,9100
2314,台揚,162,32,130,群益金鼎,2023-12-07,9100
5483,中美晶,135,6,129,群益金鼎,2023-12-07,9100
3450,聯鈞,323,195,128,群益金鼎,2023-12-07,9100
6239,力成,121,6,115,群益金鼎,2023-12-07,9100
3324,雙鴻,112,11,101,群益金鼎,2023-12-07,9100
00897,富邦基因免疫生技,100,0,100,群益金鼎,2023-12-07,9100
00714,群益道瓊美國地產,260,160,100,群益金鼎,2023-12-07,9100
00852L,國泰美國道瓊正2,98,1,97,群益金鼎,2023-12-07,9100
4129,聯合,98,1,97,群益金鼎,2023-12-07,9100
00891,中信關鍵半導體,95,0,95,群益金鼎,2023-12-07,9100
1795,美時,97,8,89,群益金鼎,2023-12-07,9100
2312,金寶,92,9,83,群益金鼎,2023-12-07,9100
2615,萬海,105,24,81,群益金鼎,2023-12-07,9100
00903,富邦元宇宙,82,4,78,群益金鼎,2023-12-07,9100
3515,華擎,85,9,76,群益金鼎,2023-12-07,9100
00633L,富邦上証正2,422,348,74,群益金鼎,2023-12-07,9100
3026,禾伸堂,74,0,74,群益金鼎,2023-12-07,9100
2379,瑞昱,95,23,72,群益金鼎,2023-12-07,9100
2449,京元電子,138,68,70,群益金鼎,2023-12-07,9100
4533,協易機,115,46,69,群益金鼎,2023-12-07,9100
8467,波力-KY,66,1,65,群益金鼎,2023-12-07,9100
00830,國泰費城半導體,3981,60,3921,群益金鼎,2023-12-08,9100
00772B,中信高評級公司債,3910,419,3491,群益金鼎,2023-12-08,9100
00795B,中信美國公債20年,4336,1032,3304,群益金鼎,2023-12-08,9100
00891,中信關鍵半導體,2678,2,2676,群益金鼎,2023-12-08,9100
00900,富邦特選高股息30,1582,0,1582,群益金鼎,2023-12-08,9100
2618,長榮航,2120,809,1311,群益金鼎,2023-12-08,9100
00893,國泰智能電動車,1347,115,1232,群益金鼎,2023-12-08,9100
2303,聯電,1396,197,1199,群益金鼎,2023-12-08,9100
00773B,中信優先金融債,1370,206,1164,群益金鼎,2023-12-08,9100
2105,正新,848,12,836,群益金鼎,2023-12-08,9100
00895,富邦未來車,743,0,743,群益金鼎,2023-12-08,9100
00673R,期元大S＆P原油反1,740,0,740,群益金鼎,2023-12-08,9100
1618,合機,657,27,630,群益金鼎,2023-12-08,9100
00892,富邦台灣半導體,564,0,564,群益金鼎,2023-12-08,9100
00669R,國泰美國道瓊反1,1285,734,551,群益金鼎,2023-12-08,9100
3264,欣銓,501,8,493,群益金鼎,2023-12-08,9100
6462,神盾,507,72,435,群益金鼎,2023-12-08,9100
6684,安格,601,212,389,群益金鼎,2023-12-08,9100
00902,中信電池及儲能,642,291,351,群益金鼎,2023-12-08,9100
6515,穎崴,244,10,234,群益金鼎,2023-12-08,9100
3044,健鼎,210,16,194,群益金鼎,2023-12-08,9100
2356,英業達,348,158,190,群益金鼎,2023-12-08,9100
00876,元大全球5G,312,150,162,群益金鼎,2023-12-08,9100
00881,國泰台灣5G+,172,18,154,群益金鼎,2023-12-08,9100
00927,群益半導體收益,155,3,152,群益金鼎,2023-12-08,9100
6668,中揚光,152,3,149,群益金鼎,2023-12-08,9100
2368,金像電,222,79,143,群益金鼎,2023-12-08,9100
2331,精英,159,18,141,群益金鼎,2023-12-08,9100
2388,威盛,220,80,140,群益金鼎,2023-12-08,9100
2327,國巨,158,22,136,群益金鼎,2023-12-08,9100
2882,國泰金,262,133,129,群益金鼎,2023-12-08,9100
1560,中砂,142,14,128,群益金鼎,2023-12-08,9100
2383,台光電,154,42,112,群益金鼎,2023-12-08,9100
00926,凱基全球菁英55,112,0,112,群益金鼎,2023-12-08,9100
00864B,中信美國公債0-1,178,66,112,群益金鼎,2023-12-08,9100
00903,富邦元宇宙,108,0,108,群益金鼎,2023-12-08,9100
00888,永豐台灣ESG,107,0,107,群益金鼎,2023-12-08,9100
3231,緯創,655,553,102,群益金鼎,2023-12-08,9100
00923,群益台ESG低碳50,135,37,98,群益金鼎,2023-12-08,9100
00696B,富邦美債20年,92,0,92,群益金鼎,2023-12-08,9100
2357,華碩,94,3,91,群益金鼎,2023-12-08,9100
4919,新唐,90,7,83,群益金鼎,2023-12-08,9100
3527,聚積,86,4,82,群益金鼎,2023-12-08,9100
00929,復華台灣科技優息,526,445,81,群益金鼎,2023-12-08,9100
00907,永豐優息存股,78,0,78,群益金鼎,2023-12-08,9100
5351,鈺創,124,47,77,群益金鼎,2023-12-08,9100
00708L,期元大S＆P黃金正2,75,0,75,群益金鼎,2023-12-08,9100
00894,中信小資高價30,74,0,74,群益金鼎,2023-12-08,9100
6285,啟��,128,57,71,群益金鼎,2023-12-08,9100
00697B,元大美債7-10,78,8,70,群益金鼎,2023-12-08,9100
00632R,元大台灣50反1,3810,0,3810,群益金鼎,2023-12-11,9100
00900,富邦特選高股息30,2687,0,2687,群益金鼎,2023-12-11,9100
5521,工信,2713,29,2684,群益金鼎,2023-12-11,9100
00830,國泰費城半導體,2657,196,2461,群益金鼎,2023-12-11,9100
2303,聯電,1377,98,1279,群益金鼎,2023-12-11,9100
8112,至上,1653,490,1163,群益金鼎,2023-12-11,9100
00891,中信關鍵半導體,1005,2,1003,群益金鼎,2023-12-11,9100
00893,國泰智能電動車,750,0,750,群益金鼎,2023-12-11,9100
00852L,國泰美國道瓊正2,715,100,615,群益金鼎,2023-12-11,9100
2603,長榮,707,105,602,群益金鼎,2023-12-11,9100
6290,良維,607,14,593,群益金鼎,2023-12-11,9100
2605,新興,984,417,567,群益金鼎,2023-12-11,9100
00903,富邦元宇宙,537,1,536,群益金鼎,2023-12-11,9100
00673R,期元大S＆P原油反1,507,0,507,群益金鼎,2023-12-11,9100
2330,台積電,480,13,467,群益金鼎,2023-12-11,9100
2540,愛山林,451,0,451,群益金鼎,2023-12-11,9100
00859B,群益0-1年美債,504,63,441,群益金鼎,2023-12-11,9100
00927,群益半導體收益,421,8,413,群益金鼎,2023-12-11,9100
5426,振發,450,37,413,群益金鼎,2023-12-11,9100
2382,廣達,562,187,375,群益金鼎,2023-12-11,9100
3287,廣寰科,379,7,372,群益金鼎,2023-12-11,9100
6668,中揚光,515,157,358,群益金鼎,2023-12-11,9100
00929,復華台灣科技優息,359,3,356,群益金鼎,2023-12-11,9100
00878,國泰永續高股息,514,173,341,群益金鼎,2023-12-11,9100
00895,富邦未來車,332,0,332,群益金鼎,2023-12-11,9100
00651R,復華香港反1,317,0,317,群益金鼎,2023-12-11,9100
00916,國泰全球品牌50,313,1,312,群益金鼎,2023-12-11,9100
006205,富邦上証,264,29,235,群益金鼎,2023-12-11,9100
00923,群益台ESG低碳50,232,4,228,群益金鼎,2023-12-11,9100
00662,富邦NASDAQ,200,1,199,群益金鼎,2023-12-11,9100
00909,國泰數位支付服務,183,0,183,群益金鼎,2023-12-11,9100
1609,大亞,250,69,181,群益金鼎,2023-12-11,9100
2476,鉅祥,163,6,157,群益金鼎,2023-12-11,9100
9958,世紀鋼,191,35,156,群益金鼎,2023-12-11,9100
00892,富邦台灣半導體,156,0,156,群益金鼎,2023-12-11,9100
1513,中興電,311,158,153,群益金鼎,2023-12-11,9100
00924,復華S＆P500成長,153,0,153,群益金鼎,2023-12-11,9100
1612,宏泰,164,13,151,群益金鼎,2023-12-11,9100
00678,群益那斯達克生技,251,100,151,群益金鼎,2023-12-11,9100
00714,群益道瓊美國地產,243,101,142,群益金鼎,2023-12-11,9100
2888,新光金,269,147,122,群益金鼎,2023-12-11,9100
2327,國巨,130,9,121,群益金鼎,2023-12-11,9100
4966,譜瑞-KY,120,1,119,群益金鼎,2023-12-11,9100
4906,正文,188,75,113,群益金鼎,2023-12-11,9100
00926,凱基全球菁英55,109,0,109,群益金鼎,2023-12-11,9100
00631L,元大台灣50正2,104,0,104,群益金鼎,2023-12-11,9100
3324,雙鴻,108,7,101,群益金鼎,2023-12-11,9100
00666R,富邦�琤肭磪齯�1,97,0,97,群益金鼎,2023-12-11,9100
3035,智原,229,133,96,群益金鼎,2023-12-11,9100
2313,華通,216,121,95,群益金鼎,2023-12-11,9100
00637L,元大滬深300正2,10260,0,10260,群益金鼎,2023-12-12,9100
00830,國泰費城半導體,5640,378,5262,群益金鼎,2023-12-12,9100
00893,國泰智能電動車,3999,258,3741,群益金鼎,2023-12-12,9100
00900,富邦特選高股息30,2111,13,2098,群益金鼎,2023-12-12,9100
00753L,中信中國50正2,2061,0,2061,群益金鼎,2023-12-12,9100
2449,京元電子,1835,1,1834,群益金鼎,2023-12-12,9100
2303,聯電,1869,63,1806,群益金鼎,2023-12-12,9100
4915,致伸,1658,4,1654,群益金鼎,2023-12-12,9100
00891,中信關鍵半導體,1551,0,1551,群益金鼎,2023-12-12,9100
2344,華邦電,1418,72,1346,群益金鼎,2023-12-12,9100
2603,長榮,1466,256,1210,群益金鼎,2023-12-12,9100
3712,永崴投控,1079,22,1057,群益金鼎,2023-12-12,9100
6239,力成,1008,53,955,群益金鼎,2023-12-12,9100
1560,中砂,755,7,748,群益金鼎,2023-12-12,9100
00632R,元大台灣50反1,1311,700,611,群益金鼎,2023-12-12,9100
2324,仁寶,648,89,559,群益金鼎,2023-12-12,9100
00876,元大全球5G,635,121,514,群益金鼎,2023-12-12,9100
00861,元大全球未來通訊,507,0,507,群益金鼎,2023-12-12,9100
00878,國泰永續高股息,523,84,439,群益金鼎,2023-12-12,9100
2540,愛山林,421,0,421,群益金鼎,2023-12-12,9100
00895,富邦未來車,413,0,413,群益金鼎,2023-12-12,9100
00929,復華台灣科技優息,778,368,410,群益金鼎,2023-12-12,9100
00715L,期街口布蘭特正2,628,223,405,群益金鼎,2023-12-12,9100
3005,神基,436,104,332,群益金鼎,2023-12-12,9100
3287,廣寰科,1085,799,286,群益金鼎,2023-12-12,9100
2313,華通,838,558,280,群益金鼎,2023-12-12,9100
3217,優群,299,36,263,群益金鼎,2023-12-12,9100
5425,台半,286,46,240,群益金鼎,2023-12-12,9100
2439,美律,305,68,237,群益金鼎,2023-12-12,9100
1584,精剛,343,107,236,群益金鼎,2023-12-12,9100
00645,富邦日本,231,26,205,群益金鼎,2023-12-12,9100
00674R,期元大S＆P黃金反1,181,0,181,群益金鼎,2023-12-12,9100
2634,漢翔,198,22,176,群益金鼎,2023-12-12,9100
5483,中美晶,182,6,176,群益金鼎,2023-12-12,9100
8261,富鼎,226,53,173,群益金鼎,2023-12-12,9100
00636,國泰中國A50,167,0,167,群益金鼎,2023-12-12,9100
1795,美時,170,12,158,群益金鼎,2023-12-12,9100
2516,新建,155,0,155,群益金鼎,2023-12-12,9100
2454,聯發科,163,10,153,群益金鼎,2023-12-12,9100
00927,群益半導體收益,171,19,152,群益金鼎,2023-12-12,9100
3622,洋華,166,16,150,群益金鼎,2023-12-12,9100
6462,神盾,248,99,149,群益金鼎,2023-12-12,9100
2327,國巨,159,16,143,群益金鼎,2023-12-12,9100
00865B,國泰US短期公債,143,0,143,群益金鼎,2023-12-12,9100
8096,擎亞,324,182,142,群益金鼎,2023-12-12,9100
00633L,富邦上証正2,188,50,138,群益金鼎,2023-12-12,9100
6153,嘉聯益,136,0,136,群益金鼎,2023-12-12,9100
8089,康全電訊,145,10,135,群益金鼎,2023-12-12,9100
3624,光頡,140,5,135,群益金鼎,2023-12-12,9100
4909,新復興,167,34,133,群益金鼎,2023-12-12,9100
2303,聯電,6082,145,5937,群益金鼎,2023-12-13,9100
00673R,期元大S＆P原油反1,3004,0,3004,群益金鼎,2023-12-13,9100
2603,長榮,2697,178,2519,群益金鼎,2023-12-13,9100
00632R,元大台灣50反1,2408,0,2408,群益金鼎,2023-12-13,9100
6239,力成,2483,95,2388,群益金鼎,2023-12-13,9100
2885,元大金,2042,41,2001,群益金鼎,2023-12-13,9100
00893,國泰智能電動車,1938,29,1909,群益金鼎,2023-12-13,9100
00878,國泰永續高股息,2037,134,1903,群益金鼎,2023-12-13,9100
3044,健鼎,1575,15,1560,群益金鼎,2023-12-13,9100
00927,群益半導體收益,1266,115,1151,群益金鼎,2023-12-13,9100
2365,昆盈,905,6,899,群益金鼎,2023-12-13,9100
3034,聯詠,862,22,840,群益金鼎,2023-12-13,9100
00830,國泰費城半導體,813,0,813,群益金鼎,2023-12-13,9100
6546,正基,814,10,804,群益金鼎,2023-12-13,9100
2492,華新科,802,36,766,群益金鼎,2023-12-13,9100
2387,精元,779,46,733,群益金鼎,2023-12-13,9100
00929,復華台灣科技優息,1062,414,648,群益金鼎,2023-12-13,9100
3390,旭軟,595,9,586,群益金鼎,2023-12-13,9100
3005,神基,626,68,558,群益金鼎,2023-12-13,9100
00895,富邦未來車,570,47,523,群益金鼎,2023-12-13,9100
00881,國泰台灣5G+,474,0,474,群益金鼎,2023-12-13,9100
00688L,國泰20年美債正2,660,200,460,群益金鼎,2023-12-13,9100
8068,全達,453,3,450,群益金鼎,2023-12-13,9100
2540,愛山林,421,0,421,群益金鼎,2023-12-13,9100
2330,台積電,534,133,401,群益金鼎,2023-12-13,9100
3293,鈊象,430,51,379,群益金鼎,2023-12-13,9100
00900,富邦特選高股息30,359,0,359,群益金鼎,2023-12-13,9100
2637,慧洋-KY,368,18,350,群益金鼎,2023-12-13,9100
5426,振發,1266,936,330,群益金鼎,2023-12-13,9100
2454,聯發科,313,4,309,群益金鼎,2023-12-13,9100
00904,新光臺灣半導體30,300,0,300,群益金鼎,2023-12-13,9100
00888,永豐台灣ESG,274,0,274,群益金鼎,2023-12-13,9100
00876,元大全球5G,273,4,269,群益金鼎,2023-12-13,9100
2313,華通,615,390,225,群益金鼎,2023-12-13,9100
8112,至上,466,244,222,群益金鼎,2023-12-13,9100
2344,華邦電,544,339,205,群益金鼎,2023-12-13,9100
6147,頎邦,230,28,202,群益金鼎,2023-12-13,9100
00850,元大臺灣ESG永續,444,250,194,群益金鼎,2023-12-13,9100
00903,富邦元宇宙,150,0,150,群益金鼎,2023-12-13,9100
00892,富邦台灣半導體,206,65,141,群益金鼎,2023-12-13,9100
8155,博智,153,15,138,群益金鼎,2023-12-13,9100
3712,永崴投控,829,701,128,群益金鼎,2023-12-13,9100
2425,承啟,138,11,127,群益金鼎,2023-12-13,9100
3551,世禾,106,0,106,群益金鼎,2023-12-13,9100
3025,星通,132,26,106,群益金鼎,2023-12-13,9100
6285,啟��,191,92,99,群益金鼎,2023-12-13,9100
2605,新興,295,197,98,群益金鼎,2023-12-13,9100
00640L,富邦日本正2,93,0,93,群益金鼎,2023-12-13,9100
6153,嘉聯益,84,4,80,群益金鼎,2023-12-13,9100
00891,中信關鍵半導體,76,0,76,群益金鼎,2023-12-13,9100
00632R,元大台灣50反1,19986,1758,18228,群益金鼎,2023-12-14,9100
00900,富邦特選高股息30,9329,1,9328,群益金鼎,2023-12-14,9100
2891,中信金,7424,196,7228,群益金鼎,2023-12-14,9100
2886,兆豐金,3610,25,3585,群益金鼎,2023-12-14,9100
2603,長榮,3713,192,3521,群益金鼎,2023-12-14,9100
00795B,中信美國公債20年,5204,1875,3329,群益金鼎,2023-12-14,9100
2303,聯電,3372,145,3227,群益金鼎,2023-12-14,9100
00878,國泰永續高股息,3153,31,3122,群益金鼎,2023-12-14,9100
00719B,元大美債1-3,3110,0,3110,群益金鼎,2023-12-14,9100
00764B,群益25年美債,3885,878,3007,群益金鼎,2023-12-14,9100
4915,致伸,3027,21,3006,群益金鼎,2023-12-14,9100
00893,國泰智能電動車,3449,880,2569,群益金鼎,2023-12-14,9100
00881,國泰台灣5G+,2200,2,2198,群益金鼎,2023-12-14,9100
00712,復華富時不動產,2042,123,1919,群益金鼎,2023-12-14,9100
5483,中美晶,1875,30,1845,群益金鼎,2023-12-14,9100
00895,富邦未來車,1692,0,1692,群益金鼎,2023-12-14,9100
1504,東元,2890,1320,1570,群益金鼎,2023-12-14,9100
6147,頎邦,1894,378,1516,群益金鼎,2023-12-14,9100
3044,健鼎,1519,39,1480,群益金鼎,2023-12-14,9100
00772B,中信高評級公司債,1704,234,1470,群益金鼎,2023-12-14,9100
00715L,期街口布蘭特正2,1458,0,1458,群益金鼎,2023-12-14,9100
00864B,中信美國公債0-1,1260,25,1235,群益金鼎,2023-12-14,9100
2385,群光,1215,8,1207,群益金鼎,2023-12-14,9100
2353,宏��,1097,99,998,群益金鼎,2023-12-14,9100
00830,國泰費城半導體,819,20,799,群益金鼎,2023-12-14,9100
00673R,期元大S＆P原油反1,607,0,607,群益金鼎,2023-12-14,9100
2882,國泰金,692,186,506,群益金鼎,2023-12-14,9100
5498,凱崴,443,12,431,群益金鼎,2023-12-14,9100
00714,群益道瓊美國地產,506,80,426,群益金鼎,2023-12-14,9100
3706,神達,641,215,426,群益金鼎,2023-12-14,9100
00773B,中信優先金融債,505,82,423,群益金鼎,2023-12-14,9100
2540,愛山林,421,0,421,群益金鼎,2023-12-14,9100
00865B,國泰US短期公債,421,0,421,群益金鼎,2023-12-14,9100
00903,富邦元宇宙,611,210,401,群益金鼎,2023-12-14,9100
00725B,國泰投資級公司債,401,6,395,群益金鼎,2023-12-14,9100
2324,仁寶,504,127,377,群益金鼎,2023-12-14,9100
00696B,富邦美債20年,367,2,365,群益金鼎,2023-12-14,9100
00876,元大全球5G,368,5,363,群益金鼎,2023-12-14,9100
00888,永豐台灣ESG,359,0,359,群益金鼎,2023-12-14,9100
2888,新光金,443,88,355,群益金鼎,2023-12-14,9100
00757,統一FANG+,350,0,350,群益金鼎,2023-12-14,9100
2881,富邦金,658,332,326,群益金鼎,2023-12-14,9100
3293,鈊象,386,69,317,群益金鼎,2023-12-14,9100
00706L,期元大S＆P日圓正2,315,0,315,群益金鼎,2023-12-14,9100
00661,元大日經225,307,0,307,群益金鼎,2023-12-14,9100
00861,元大全球未來通訊,297,0,297,群益金鼎,2023-12-14,9100
2498,宏達電,322,30,292,群益金鼎,2023-12-14,9100
3005,神基,391,105,286,群益金鼎,2023-12-14,9100
2618,長榮航,380,98,282,群益金鼎,2023-12-14,9100
5515,建國,311,29,282,群益金鼎,2023-12-14,9100
00715L,期街口布蘭特正2,14600,20,14580,群益金鼎,2023-12-15,9100
6239,力成,4743,876,3867,群益金鼎,2023-12-15,9100
00893,國泰智能電動車,3334,86,3248,群益金鼎,2023-12-15,9100
00900,富邦特選高股息30,2325,50,2275,群益金鼎,2023-12-15,9100
5483,中美晶,2001,29,1972,群益金鼎,2023-12-15,9100
2890,永豐金,1867,5,1862,群益金鼎,2023-12-15,9100
00931B,統一美債20年,2003,187,1816,群益金鼎,2023-12-15,9100
00772B,中信高評級公司債,1621,1,1620,群益金鼎,2023-12-15,9100
6257,矽格,1589,103,1486,群益金鼎,2023-12-15,9100
3044,健鼎,1574,147,1427,群益金鼎,2023-12-15,9100
00712,復華富時不動產,1329,10,1319,群益金鼎,2023-12-15,9100
2031,新光鋼,1638,425,1213,群益金鼎,2023-12-15,9100
00895,富邦未來車,1147,0,1147,群益金鼎,2023-12-15,9100
2356,英業達,1748,604,1144,群益金鼎,2023-12-15,9100
00725B,國泰投資級公司債,1047,0,1047,群益金鼎,2023-12-15,9100
2449,京元電子,1140,103,1037,群益金鼎,2023-12-15,9100
00773B,中信優先金融債,868,0,868,群益金鼎,2023-12-15,9100
00891,中信關鍵半導體,896,95,801,群益金鼎,2023-12-15,9100
00664R,國泰臺灣加權反1,691,0,691,群益金鼎,2023-12-15,9100
00665L,富邦�琤肭磪囓�2,1560,887,673,群益金鼎,2023-12-15,9100
3293,鈊象,698,63,635,群益金鼎,2023-12-15,9100
00881,國泰台灣5G+,618,1,617,群益金鼎,2023-12-15,9100
00643,群益深証中小,770,156,614,群益金鼎,2023-12-15,9100
00902,中信電池及儲能,723,130,593,群益金鼎,2023-12-15,9100
00830,國泰費城半導體,623,39,584,群益金鼎,2023-12-15,9100
00650L,復華香港正2,524,12,512,群益金鼎,2023-12-15,9100
00917,中信特選金融,453,0,453,群益金鼎,2023-12-15,9100
00876,元大全球5G,423,0,423,群益金鼎,2023-12-15,9100
00878,國泰永續高股息,437,16,421,群益金鼎,2023-12-15,9100
2540,愛山林,421,0,421,群益金鼎,2023-12-15,9100
00795B,中信美國公債20年,507,105,402,群益金鼎,2023-12-15,9100
2030,彰源,392,6,386,群益金鼎,2023-12-15,9100
1504,東元,500,133,367,群益金鼎,2023-12-15,9100
4938,和碩,404,56,348,群益金鼎,2023-12-15,9100
2515,中工,509,193,316,群益金鼎,2023-12-15,9100
00714,群益道瓊美國地產,473,159,314,群益金鼎,2023-12-15,9100
00923,群益台ESG低碳50,344,33,311,群益金鼎,2023-12-15,9100
5347,世界,371,61,310,群益金鼎,2023-12-15,9100
3532,台勝科,333,26,307,群益金鼎,2023-12-15,9100
00903,富邦元宇宙,307,0,307,群益金鼎,2023-12-15,9100
00636,國泰中國A50,364,61,303,群益金鼎,2023-12-15,9100
2439,美律,314,21,293,群益金鼎,2023-12-15,9100
00894,中信小資高價30,291,0,291,群益金鼎,2023-12-15,9100
00850,元大臺灣ESG永續,540,255,285,群益金鼎,2023-12-15,9100
8112,至上,339,96,243,群益金鼎,2023-12-15,9100
00683L,期元大美元指正2,263,24,239,群益金鼎,2023-12-15,9100
3217,優群,289,79,210,群益金鼎,2023-12-15,9100
00908,富邦入息REITs+,205,0,205,群益金鼎,2023-12-15,9100
6182,合晶,252,49,203,群益金鼎,2023-12-15,9100
2382,廣達,471,279,192,群益金鼎,2023-12-15,9100
2891,中信金,14270,100,14170,群益金鼎,2023-12-18,9100
2303,聯電,7046,623,6423,群益金鼎,2023-12-18,9100
00632R,元大台灣50反1,5151,0,5151,群益金鼎,2023-12-18,9100
5483,中美晶,3636,45,3591,群益金鼎,2023-12-18,9100
2317,鴻海,3333,10,3323,群益金鼎,2023-12-18,9100
00900,富邦特選高股息30,3305,3,3302,群益金鼎,2023-12-18,9100
00715L,期街口布蘭特正2,2322,0,2322,群益金鼎,2023-12-18,9100
00772B,中信高評級公司債,2187,0,2187,群益金鼎,2023-12-18,9100
00878,國泰永續高股息,2194,46,2148,群益金鼎,2023-12-18,9100
2006,東和鋼鐵,1722,2,1720,群益金鼎,2023-12-18,9100
2637,慧洋-KY,1466,203,1263,群益金鼎,2023-12-18,9100
2347,聯強,1153,4,1149,群益金鼎,2023-12-18,9100
00751B,元大AAA至A公司債,1109,35,1074,群益金鼎,2023-12-18,9100
00893,國泰智能電動車,998,7,991,群益金鼎,2023-12-18,9100
00773B,中信優先金融債,925,75,850,群益金鼎,2023-12-18,9100
00881,國泰台灣5G+,812,1,811,群益金鼎,2023-12-18,9100
2324,仁寶,931,187,744,群益金鼎,2023-12-18,9100
00725B,國泰投資級公司債,707,2,705,群益金鼎,2023-12-18,9100
00895,富邦未來車,652,1,651,群益金鼎,2023-12-18,9100
4958,臻鼎-KY,635,32,603,群益金鼎,2023-12-18,9100
3006,晶豪科,690,259,431,群益金鼎,2023-12-18,9100
2356,英業達,1071,642,429,群益金鼎,2023-12-18,9100
2540,愛山林,421,1,420,群益金鼎,2023-12-18,9100
006208,富邦台50,454,58,396,群益金鼎,2023-12-18,9100
00636,國泰中國A50,413,104,309,群益金鼎,2023-12-18,9100
2439,美律,321,13,308,群益金鼎,2023-12-18,9100
8054,安國,327,22,305,群益金鼎,2023-12-18,9100
2353,宏��,406,122,284,群益金鼎,2023-12-18,9100
00864B,中信美國公債0-1,301,26,275,群益金鼎,2023-12-18,9100
00902,中信電池及儲能,368,131,237,群益金鼎,2023-12-18,9100
2458,義隆,223,1,222,群益金鼎,2023-12-18,9100
2617,台航,250,36,214,群益金鼎,2023-12-18,9100
00903,富邦元宇宙,205,1,204,群益金鼎,2023-12-18,9100
00674R,期元大S＆P黃金反1,200,0,200,群益金鼎,2023-12-18,9100
00643,群益深証中小,281,93,188,群益金鼎,2023-12-18,9100
2338,光罩,194,18,176,群益金鼎,2023-12-18,9100
2606,裕民,351,184,167,群益金鼎,2023-12-18,9100
006205,富邦上証,208,44,164,群益金鼎,2023-12-18,9100
00907,永豐優息存股,160,3,157,群益金鼎,2023-12-18,9100
3037,欣興,323,172,151,群益金鼎,2023-12-18,9100
00862B,中信投資級公司債,194,43,151,群益金鼎,2023-12-18,9100
2634,漢翔,153,8,145,群益金鼎,2023-12-18,9100
00905,FT臺灣Smart,144,0,144,群益金鼎,2023-12-18,9100
00894,中信小資高價30,136,1,135,群益金鼎,2023-12-18,9100
2357,華碩,138,6,132,群益金鼎,2023-12-18,9100
9958,世紀鋼,222,96,126,群益金鼎,2023-12-18,9100
6546,正基,125,5,120,群益金鼎,2023-12-18,9100
8016,矽創,120,1,119,群益金鼎,2023-12-18,9100
1795,美時,131,13,118,群益金鼎,2023-12-18,9100
00922,國泰台灣領袖50,139,22,117,群益金鼎,2023-12-18,9100
5483,中美晶,3920,32,3888,群益金鼎,2023-12-19,9100
2317,鴻海,3296,46,3250,群益金鼎,2023-12-19,9100
00893,國泰智能電動車,3169,0,3169,群益金鼎,2023-12-19,9100
00772B,中信高評級公司債,3033,1,3032,群益金鼎,2023-12-19,9100
00715L,期街口布蘭特正2,2857,0,2857,群益金鼎,2023-12-19,9100
2603,長榮,3132,359,2773,群益金鼎,2023-12-19,9100
2886,兆豐金,2413,0,2413,群益金鼎,2023-12-19,9100
00900,富邦特選高股息30,2393,16,2377,群益金鼎,2023-12-19,9100
00632R,元大台灣50反1,2333,101,2232,群益金鼎,2023-12-19,9100
00773B,中信優先金融債,1890,154,1736,群益金鼎,2023-12-19,9100
1732,毛寶,1699,8,1691,群益金鼎,2023-12-19,9100
00891,中信關鍵半導體,1620,4,1616,群益金鼎,2023-12-19,9100
00751B,元大AAA至A公司債,1621,106,1515,群益金鼎,2023-12-19,9100
00725B,國泰投資級公司債,1376,1,1375,群益金鼎,2023-12-19,9100
00936,台新永續高息中小,1276,13,1263,群益金鼎,2023-12-19,9100
00680L,元大美債20正2,1036,25,1011,群益金鼎,2023-12-19,9100
00673R,期元大S＆P原油反1,990,0,990,群益金鼎,2023-12-19,9100
00895,富邦未來車,921,14,907,群益金鼎,2023-12-19,9100
1325,恆大,600,0,600,群益金鼎,2023-12-19,9100
00722B,群益投資級電信債,1224,705,519,群益金鼎,2023-12-19,9100
00881,國泰台灣5G+,476,0,476,群益金鼎,2023-12-19,9100
2540,愛山林,422,1,421,群益金鼎,2023-12-19,9100
2014,中鴻,735,378,357,群益金鼎,2023-12-19,9100
2515,中工,512,157,355,群益金鼎,2023-12-19,9100
00903,富邦元宇宙,300,1,299,群益金鼎,2023-12-19,9100
2353,宏��,761,472,289,群益金鼎,2023-12-19,9100
00642U,期元大S＆P石油,226,0,226,群益金鼎,2023-12-19,9100
3231,緯創,337,120,217,群益金鼎,2023-12-19,9100
00892,富邦台灣半導體,212,8,204,群益金鼎,2023-12-19,9100
00862B,中信投資級公司債,463,262,201,群益金鼎,2023-12-19,9100
00830,國泰費城半導體,506,307,199,群益金鼎,2023-12-19,9100
00714,群益道瓊美國地產,271,81,190,群益金鼎,2023-12-19,9100
00907,永豐優息存股,188,0,188,群益金鼎,2023-12-19,9100
00728,第一金工業30,185,0,185,群益金鼎,2023-12-19,9100
8054,安國,242,71,171,群益金鼎,2023-12-19,9100
00897,富邦基因免疫生技,165,0,165,群益金鼎,2023-12-19,9100
6485,點序,185,22,163,群益金鼎,2023-12-19,9100
00686R,群益臺灣加權反1,150,0,150,群益金鼎,2023-12-19,9100
2449,京元電子,238,94,144,群益金鼎,2023-12-19,9100
2888,新光金,300,160,140,群益金鼎,2023-12-19,9100
00922,國泰台灣領袖50,169,30,139,群益金鼎,2023-12-19,9100
00669R,國泰美國道瓊反1,398,273,125,群益金鼎,2023-12-19,9100
00902,中信電池及儲能,124,0,124,群益金鼎,2023-12-19,9100
00926,凱基全球菁英55,121,0,121,群益金鼎,2023-12-19,9100
00657,國泰日經225,392,271,121,群益金鼎,2023-12-19,9100
2031,新光鋼,134,17,117,群益金鼎,2023-12-19,9100
00908,富邦入息REITs+,108,0,108,群益金鼎,2023-12-19,9100
2330,台積電,541,433,108,群益金鼎,2023-12-19,9100
5425,台半,185,80,105,群益金鼎,2023-12-19,9100
00643,群益深証中小,219,118,101,群益金鼎,2023-12-19,9100
2409,友達,12546,33,12513,群益金鼎,2023-12-20,9100
00632R,元大台灣50反1,3543,0,3543,群益金鼎,2023-12-20,9100
00893,國泰智能電動車,3083,10,3073,群益金鼎,2023-12-20,9100
2603,長榮,3272,334,2938,群益金鼎,2023-12-20,9100
00881,國泰台灣5G+,2706,6,2700,群益金鼎,2023-12-20,9100
00715L,期街口布蘭特正2,2673,0,2673,群益金鼎,2023-12-20,9100
2324,仁寶,2371,826,1545,群益金鼎,2023-12-20,9100
2331,精英,1565,42,1523,群益金鼎,2023-12-20,9100
2515,中工,2271,851,1420,群益金鼎,2023-12-20,9100
2637,慧洋-KY,1381,81,1300,群益金鼎,2023-12-20,9100
2404,漢唐,1255,2,1253,群益金鼎,2023-12-20,9100
00772B,中信高評級公司債,1208,0,1208,群益金鼎,2023-12-20,9100
5483,中美晶,1152,45,1107,群益金鼎,2023-12-20,9100
4958,臻鼎-KY,1091,32,1059,群益金鼎,2023-12-20,9100
00895,富邦未來車,834,0,834,群益金鼎,2023-12-20,9100
00688L,國泰20年美債正2,912,105,807,群益金鼎,2023-12-20,9100
2353,宏��,1019,316,703,群益金鼎,2023-12-20,9100
00751B,元大AAA至A公司債,651,0,651,群益金鼎,2023-12-20,9100
00902,中信電池及儲能,681,93,588,群益金鼎,2023-12-20,9100
00642U,期元大S＆P石油,496,0,496,群益金鼎,2023-12-20,9100
5425,台半,513,74,439,群益金鼎,2023-12-20,9100
2458,義隆,448,11,437,群益金鼎,2023-12-20,9100
2540,愛山林,421,0,421,群益金鼎,2023-12-20,9100
00903,富邦元宇宙,400,15,385,群益金鼎,2023-12-20,9100
00910,第一金太空衛星,432,50,382,群益金鼎,2023-12-20,9100
2474,可成,1389,1019,370,群益金鼎,2023-12-20,9100
00725B,國泰投資級公司債,367,0,367,群益金鼎,2023-12-20,9100
2344,華邦電,428,105,323,群益金鼎,2023-12-20,9100
2884,玉山金,345,24,321,群益金鼎,2023-12-20,9100
2033,佳大,315,0,315,群益金鼎,2023-12-20,9100
3034,聯詠,322,14,308,群益金鼎,2023-12-20,9100
00897,富邦基因免疫生技,273,0,273,群益金鼎,2023-12-20,9100
6278,台表科,283,26,257,群益金鼎,2023-12-20,9100
00900,富邦特選高股息30,250,10,240,群益金鼎,2023-12-20,9100
00643,群益深証中小,310,78,232,群益金鼎,2023-12-20,9100
2369,菱生,256,28,228,群益金鼎,2023-12-20,9100
00773B,中信優先金融債,296,75,221,群益金鼎,2023-12-20,9100
2371,大同,237,16,221,群益金鼎,2023-12-20,9100
00664R,國泰臺灣加權反1,221,0,221,群益金鼎,2023-12-20,9100
2379,瑞昱,1208,1001,207,群益金鼎,2023-12-20,9100
3026,禾伸堂,197,0,197,群益金鼎,2023-12-20,9100
6443,元晶,247,51,196,群益金鼎,2023-12-20,9100
00697B,元大美債7-10,195,0,195,群益金鼎,2023-12-20,9100
5439,高技,225,31,194,群益金鼎,2023-12-20,9100
3706,神達,213,19,194,群益金鼎,2023-12-20,9100
5347,世界,189,8,181,群益金鼎,2023-12-20,9100
2455,全新,190,11,179,群益金鼎,2023-12-20,9100
00674R,期元大S＆P黃金反1,152,0,152,群益金鼎,2023-12-20,9100
00908,富邦入息REITs+,150,0,150,群益金鼎,2023-12-20,9100
00714,群益道瓊美國地產,146,0,146,群益金鼎,2023-12-20,9100
00632R,元大台灣50反1,9853,0,9853,群益金鼎,2023-12-21,9100
2303,聯電,6625,32,6593,群益金鼎,2023-12-21,9100
2609,陽明,4345,597,3748,群益金鼎,2023-12-21,9100
2317,鴻海,3211,0,3211,群益金鼎,2023-12-21,9100
00712,復華富時不動產,2318,86,2232,群益金鼎,2023-12-21,9100
5483,中美晶,2003,4,1999,群益金鼎,2023-12-21,9100
00900,富邦特選高股息30,1427,3,1424,群益金鼎,2023-12-21,9100
00687B,國泰20年美債,1342,5,1337,群益金鼎,2023-12-21,9100
00715L,期街口布蘭特正2,1142,41,1101,群益金鼎,2023-12-21,9100
00881,國泰台灣5G+,1092,1,1091,群益金鼎,2023-12-21,9100
1314,中石化,1152,62,1090,群益金鼎,2023-12-21,9100
2324,仁寶,1302,399,903,群益金鼎,2023-12-21,9100
00751B,元大AAA至A公司債,888,0,888,群益金鼎,2023-12-21,9100
6274,台燿,746,16,730,群益金鼎,2023-12-21,9100
00636,國泰中國A50,744,25,719,群益金鼎,2023-12-21,9100
00931B,統一美債20年,673,6,667,群益金鼎,2023-12-21,9100
00907,永豐優息存股,559,0,559,群益金鼎,2023-12-21,9100
2540,愛山林,423,2,421,群益金鼎,2023-12-21,9100
3481,群創,414,5,409,群益金鼎,2023-12-21,9100
00772B,中信高評級公司債,411,6,405,群益金鼎,2023-12-21,9100
6257,矽格,500,101,399,群益金鼎,2023-12-21,9100
00664R,國泰臺灣加權反1,380,0,380,群益金鼎,2023-12-21,9100
2515,中工,458,114,344,群益金鼎,2023-12-21,9100
2641,正德,374,53,321,群益金鼎,2023-12-21,9100
00936,台新永續高息中小,279,0,279,群益金鼎,2023-12-21,9100
6546,正基,274,12,262,群益金鼎,2023-12-21,9100
00903,富邦元宇宙,250,16,234,群益金鼎,2023-12-21,9100
00665L,富邦�琤肭磪囓�2,627,400,227,群益金鼎,2023-12-21,9100
2412,中華電,207,0,207,群益金鼎,2023-12-21,9100
00674R,期元大S＆P黃金反1,204,0,204,群益金鼎,2023-12-21,9100
3006,晶豪科,244,40,204,群益金鼎,2023-12-21,9100
2883,凱基金,200,0,200,群益金鼎,2023-12-21,9100
00640L,富邦日本正2,338,150,188,群益金鼎,2023-12-21,9100
2636,台驊控股,201,21,180,群益金鼎,2023-12-21,9100
2337,旺宏,180,3,177,群益金鼎,2023-12-21,9100
006205,富邦上証,197,33,164,群益金鼎,2023-12-21,9100
2313,華通,179,21,158,群益金鼎,2023-12-21,9100
2892,第一金,200,43,157,群益金鼎,2023-12-21,9100
00892,富邦台灣半導體,141,2,139,群益金鼎,2023-12-21,9100
2881,富邦金,154,30,124,群益金鼎,2023-12-21,9100
2603,長榮,439,320,119,群益金鼎,2023-12-21,9100
4979,華星光,351,234,117,群益金鼎,2023-12-21,9100
2637,慧洋-KY,168,52,116,群益金鼎,2023-12-21,9100
2353,宏��,356,240,116,群益金鼎,2023-12-21,9100
00878,國泰永續高股息,138,24,114,群益金鼎,2023-12-21,9100
2355,敬鵬,116,7,109,群益金鼎,2023-12-21,9100
4968,立積,163,55,108,群益金鼎,2023-12-21,9100
00728,第一金工業30,110,3,107,群益金鼎,2023-12-21,9100
3260,威剛,131,24,107,群益金鼎,2023-12-21,9100
00692,富邦公司治理,115,10,105,群益金鼎,2023-12-21,9100
00881,國泰台灣5G+,3663,0,3663,群益金鼎,2023-12-22,9100
2421,建準,3489,516,2973,群益金鼎,2023-12-22,9100
00715L,期街口布蘭特正2,1409,39,1370,群益金鼎,2023-12-22,9100
6117,迎廣,1367,3,1364,群益金鼎,2023-12-22,9100
2637,慧洋-KY,1361,11,1350,群益金鼎,2023-12-22,9100
00643,群益深証中小,1489,154,1335,群益金鼎,2023-12-22,9100
2404,漢唐,1236,0,1236,群益金鼎,2023-12-22,9100
8088,品安,1203,0,1203,群益金鼎,2023-12-22,9100
00878,國泰永續高股息,1169,5,1164,群益金鼎,2023-12-22,9100
5483,中美晶,1175,59,1116,群益金鼎,2023-12-22,9100
00642U,期元大S＆P石油,1041,0,1041,群益金鼎,2023-12-22,9100
00931B,統一美債20年,1026,0,1026,群益金鼎,2023-12-22,9100
00712,復華富時不動產,1339,328,1011,群益金鼎,2023-12-22,9100
2610,華航,1252,380,872,群益金鼎,2023-12-22,9100
3481,群創,1167,329,838,群益金鼎,2023-12-22,9100
2886,兆豐金,705,1,704,群益金鼎,2023-12-22,9100
2330,台積電,524,30,494,群益金鼎,2023-12-22,9100
2458,義隆,459,26,433,群益金鼎,2023-12-22,9100
2540,愛山林,421,0,421,群益金鼎,2023-12-22,9100
6138,茂達,517,166,351,群益金鼎,2023-12-22,9100
2618,長榮航,562,244,318,群益金鼎,2023-12-22,9100
8069,元太,479,169,310,群益金鼎,2023-12-22,9100
00893,國泰智能電動車,302,0,302,群益金鼎,2023-12-22,9100
00903,富邦元宇宙,320,31,289,群益金鼎,2023-12-22,9100
8086,宏捷科,294,15,279,群益金鼎,2023-12-22,9100
5009,榮剛,309,56,253,群益金鼎,2023-12-22,9100
3017,奇鋐,328,91,237,群益金鼎,2023-12-22,9100
8059,凱碩,242,14,228,群益金鼎,2023-12-22,9100
00719B,元大美債1-3,219,9,210,群益金鼎,2023-12-22,9100
2882,國泰金,298,90,208,群益金鼎,2023-12-22,9100
00907,永豐優息存股,206,0,206,群益金鼎,2023-12-22,9100
3305,昇貿,210,5,205,群益金鼎,2023-12-22,9100
00900,富邦特選高股息30,214,10,204,群益金鼎,2023-12-22,9100
00850,元大臺灣ESG永續,451,250,201,群益金鼎,2023-12-22,9100
006208,富邦台50,192,0,192,群益金鼎,2023-12-22,9100
00902,中信電池及儲能,359,167,192,群益金鼎,2023-12-22,9100
00864B,中信美國公債0-1,187,0,187,群益金鼎,2023-12-22,9100
2408,南亞科,605,423,182,群益金鼎,2023-12-22,9100
00636,國泰中國A50,285,111,174,群益金鼎,2023-12-22,9100
006205,富邦上証,207,37,170,群益金鼎,2023-12-22,9100
00857B,永豐20年美公債,160,0,160,群益金鼎,2023-12-22,9100
00692,富邦公司治理,156,0,156,群益金鼎,2023-12-22,9100
00664R,國泰臺灣加權反1,154,0,154,群益金鼎,2023-12-22,9100
00926,凱基全球菁英55,152,0,152,群益金鼎,2023-12-22,9100
00852L,國泰美國道瓊正2,162,11,151,群益金鼎,2023-12-22,9100
6799,來頡,167,17,150,群益金鼎,2023-12-22,9100
5388,中磊,253,103,150,群益金鼎,2023-12-22,9100
00895,富邦未來車,143,1,142,群益金鼎,2023-12-22,9100
00714,群益道瓊美國地產,173,50,123,群益金鼎,2023-12-22,9100
3023,信邦,121,0,121,群益金鼎,2023-12-22,9100
00687B,國泰20年美債,2022,0,2022,群益金鼎,2023-12-25,9100
00878,國泰永續高股息,1426,78,1348,群益金鼎,2023-12-25,9100
00881,國泰台灣5G+,1302,11,1291,群益金鼎,2023-12-25,9100
00772B,中信高評級公司債,940,0,940,群益金鼎,2023-12-25,9100
3231,緯創,791,200,591,群益金鼎,2023-12-25,9100
2540,愛山林,421,0,421,群益金鼎,2023-12-25,9100
00923,群益台ESG低碳50,486,72,414,群益金鼎,2023-12-25,9100
00764B,群益25年美債,2536,2125,411,群益金鼎,2023-12-25,9100
2324,仁寶,1080,746,334,群益金鼎,2023-12-25,9100
00636,國泰中國A50,324,0,324,群益金鼎,2023-12-25,9100
2618,長榮航,559,263,296,群益金鼎,2023-12-25,9100
8086,宏捷科,279,1,278,群益金鼎,2023-12-25,9100
006205,富邦上証,291,19,272,群益金鼎,2023-12-25,9100
00862B,中信投資級公司債,434,187,247,群益金鼎,2023-12-25,9100
5009,榮剛,324,83,241,群益金鼎,2023-12-25,9100
00645,富邦日本,206,4,202,群益金鼎,2023-12-25,9100
00670L,富邦NASDAQ正2,200,1,199,群益金鼎,2023-12-25,9100
00888,永豐台灣ESG,189,10,179,群益金鼎,2023-12-25,9100
5388,中磊,209,35,174,群益金鼎,2023-12-25,9100
6187,萬潤,178,12,166,群益金鼎,2023-12-25,9100
00773B,中信優先金融債,176,18,158,群益金鼎,2023-12-25,9100
1519,華城,200,46,154,群益金鼎,2023-12-25,9100
3019,亞光,158,4,154,群益金鼎,2023-12-25,9100
00900,富邦特選高股息30,146,0,146,群益金鼎,2023-12-25,9100
2458,義隆,152,7,145,群益金鼎,2023-12-25,9100
5425,台半,506,374,132,群益金鼎,2023-12-25,9100
00633L,富邦上証正2,132,1,131,群益金鼎,2023-12-25,9100
2449,京元電子,208,80,128,群益金鼎,2023-12-25,9100
2603,長榮,174,57,117,群益金鼎,2023-12-25,9100
2634,漢翔,170,56,114,群益金鼎,2023-12-25,9100
6679,鈺太,116,5,111,群益金鼎,2023-12-25,9100
2357,華碩,136,27,109,群益金鼎,2023-12-25,9100
00903,富邦元宇宙,184,75,109,群益金鼎,2023-12-25,9100
00864B,中信美國公債0-1,131,25,106,群益金鼎,2023-12-25,9100
3706,神達,153,49,104,群益金鼎,2023-12-25,9100
00665L,富邦�琤肭磪囓�2,99,0,99,群益金鼎,2023-12-25,9100
3036,文曄,109,10,99,群益金鼎,2023-12-25,9100
2409,友達,232,136,96,群益金鼎,2023-12-25,9100
6284,佳邦,106,11,95,群益金鼎,2023-12-25,9100
00666R,富邦�琤肭磪齯�1,92,0,92,群益金鼎,2023-12-25,9100
2330,台積電,249,159,90,群益金鼎,2023-12-25,9100
00907,永豐優息存股,105,15,90,群益金鼎,2023-12-25,9100
8932,智通*,89,0,89,群益金鼎,2023-12-25,9100
3317,尼克森,88,0,88,群益金鼎,2023-12-25,9100
00893,國泰智能電動車,189,101,88,群益金鼎,2023-12-25,9100
2387,精元,90,11,79,群益金鼎,2023-12-25,9100
8112,至上,125,47,78,群益金鼎,2023-12-25,9100
00655L,國泰中國A50正2,72,0,72,群益金鼎,2023-12-25,9100
2382,廣達,135,67,68,群益金鼎,2023-12-25,9100
2498,宏達電,216,151,65,群益金鼎,2023-12-25,9100
2324,仁寶,2983,640,2343,群益金鼎,2023-12-26,9100
00878,國泰永續高股息,1922,24,1898,群益金鼎,2023-12-26,9100
00772B,中信高評級公司債,1493,0,1493,群益金鼎,2023-12-26,9100
00764B,群益25年美債,3986,2560,1426,群益金鼎,2023-12-26,9100
3481,群創,1357,17,1340,群益金鼎,2023-12-26,9100
1733,五鼎,1201,4,1197,群益金鼎,2023-12-26,9100
2637,慧洋-KY,1165,22,1143,群益金鼎,2023-12-26,9100
00900,富邦特選高股息30,1044,1,1043,群益金鼎,2023-12-26,9100
0056,元大高股息,936,17,919,群益金鼎,2023-12-26,9100
00773B,中信優先金融債,850,24,826,群益金鼎,2023-12-26,9100
6667,信紘科,761,2,759,群益金鼎,2023-12-26,9100
00864B,中信美國公債0-1,700,110,590,群益金鼎,2023-12-26,9100
00715L,期街口布蘭特正2,740,201,539,群益金鼎,2023-12-26,9100
2353,宏��,775,325,450,群益金鼎,2023-12-26,9100
2540,愛山林,421,1,420,群益金鼎,2023-12-26,9100
2409,友達,425,34,391,群益金鼎,2023-12-26,9100
8059,凱碩,380,22,358,群益金鼎,2023-12-26,9100
3390,旭軟,801,490,311,群益金鼎,2023-12-26,9100
2402,毅嘉,314,10,304,群益金鼎,2023-12-26,9100
006205,富邦上証,290,1,289,群益金鼎,2023-12-26,9100
00881,國泰台灣5G+,275,12,263,群益金鼎,2023-12-26,9100
00895,富邦未來車,203,0,203,群益金鼎,2023-12-26,9100
00850,元大臺灣ESG永續,455,257,198,群益金鼎,2023-12-26,9100
2882,國泰金,269,73,196,群益金鼎,2023-12-26,9100
6116,彩晶,189,0,189,群益金鼎,2023-12-26,9100
5009,榮剛,235,52,183,群益金鼎,2023-12-26,9100
00908,富邦入息REITs+,168,0,168,群益金鼎,2023-12-26,9100
00642U,期元大S＆P石油,166,0,166,群益金鼎,2023-12-26,9100
3231,緯創,207,41,166,群益金鼎,2023-12-26,9100
8085,福華,188,23,165,群益金鼎,2023-12-26,9100
2603,長榮,183,23,160,群益金鼎,2023-12-26,9100
00893,國泰智能電動車,155,0,155,群益金鼎,2023-12-26,9100
5483,中美晶,168,23,145,群益金鼎,2023-12-26,9100
00643,群益深証中小,213,74,139,群益金鼎,2023-12-26,9100
2441,超豐,138,1,137,群益金鼎,2023-12-26,9100
2015,豐興,131,0,131,群益金鼎,2023-12-26,9100
2408,南亞科,145,19,126,群益金鼎,2023-12-26,9100
2606,裕民,128,4,124,群益金鼎,2023-12-26,9100
2368,金像電,123,4,119,群益金鼎,2023-12-26,9100
2031,新光鋼,120,3,117,群益金鼎,2023-12-26,9100
6129,普誠,113,1,112,群益金鼎,2023-12-26,9100
00903,富邦元宇宙,110,1,109,群益金鼎,2023-12-26,9100
00674R,期元大S＆P黃金反1,100,0,100,群益金鼎,2023-12-26,9100
2377,微星,187,89,98,群益金鼎,2023-12-26,9100
00636,國泰中國A50,254,160,94,群益金鼎,2023-12-26,9100
2355,敬鵬,113,21,92,群益金鼎,2023-12-26,9100
5388,中磊,105,16,89,群益金鼎,2023-12-26,9100
2449,京元電子,108,23,85,群益金鼎,2023-12-26,9100
00793B,群益AAA-A醫療債,131,50,81,群益金鼎,2023-12-26,9100
00668,國泰美國道瓊,80,0,80,群益金鼎,2023-12-26,9100
00715L,期街口布蘭特正2,8839,145,8694,群益金鼎,2023-12-27,9100
00878,國泰永續高股息,5665,101,5564,群益金鼎,2023-12-27,9100
00795B,中信美國公債20年,4970,0,4970,群益金鼎,2023-12-27,9100
00712,復華富時不動產,3000,0,3000,群益金鼎,2023-12-27,9100
00900,富邦特選高股息30,2731,0,2731,群益金鼎,2023-12-27,9100
00751B,元大AAA至A公司債,2727,26,2701,群益金鼎,2023-12-27,9100
00642U,期元大S＆P石油,2006,0,2006,群益金鼎,2023-12-27,9100
00931B,統一美債20年,1870,1,1869,群益金鼎,2023-12-27,9100
00881,國泰台灣5G+,1841,46,1795,群益金鼎,2023-12-27,9100
2885,元大金,1751,21,1730,群益金鼎,2023-12-27,9100
00772B,中信高評級公司債,2019,334,1685,群益金鼎,2023-12-27,9100
00893,國泰智能電動車,1352,0,1352,群益金鼎,2023-12-27,9100
2324,仁寶,1948,765,1183,群益金鼎,2023-12-27,9100
00773B,中信優先金融債,1209,120,1089,群益金鼎,2023-12-27,9100
2637,慧洋-KY,1113,27,1086,群益金鼎,2023-12-27,9100
00895,富邦未來車,889,0,889,群益金鼎,2023-12-27,9100
1402,遠東新,782,12,770,群益金鼎,2023-12-27,9100
00725B,國泰投資級公司債,753,0,753,群益金鼎,2023-12-27,9100
2303,聯電,908,204,704,群益金鼎,2023-12-27,9100
00720B,元大投資級公司債,1159,513,646,群益金鼎,2023-12-27,9100
00927,群益半導體收益,645,4,641,群益金鼎,2023-12-27,9100
00864B,中信美國公債0-1,709,128,581,群益金鼎,2023-12-27,9100
00888,永豐台灣ESG,568,23,545,群益金鼎,2023-12-27,9100
3260,威剛,494,41,453,群益金鼎,2023-12-27,9100
00894,中信小資高價30,429,0,429,群益金鼎,2023-12-27,9100
00650L,復華香港正2,423,0,423,群益金鼎,2023-12-27,9100
2540,愛山林,421,0,421,群益金鼎,2023-12-27,9100
00905,FT臺灣Smart,417,0,417,群益金鼎,2023-12-27,9100
00728,第一金工業30,377,0,377,群益金鼎,2023-12-27,9100
00923,群益台ESG低碳50,348,0,348,群益金鼎,2023-12-27,9100
00907,永豐優息存股,317,0,317,群益金鼎,2023-12-27,9100
00903,富邦元宇宙,302,20,282,群益金鼎,2023-12-27,9100
00902,中信電池及儲能,476,199,277,群益金鼎,2023-12-27,9100
00918,大華優利高填息30,249,0,249,群益金鼎,2023-12-27,9100
00892,富邦台灣半導體,234,0,234,群益金鼎,2023-12-27,9100
00850,元大臺灣ESG永續,392,161,231,群益金鼎,2023-12-27,9100
2356,英業達,284,60,224,群益金鼎,2023-12-27,9100
00929,復華台灣科技優息,274,54,220,群益金鼎,2023-12-27,9100
2609,陽明,329,119,210,群益金鼎,2023-12-27,9100
2101,南港,181,1,180,群益金鼎,2023-12-27,9100
2603,長榮,217,37,180,群益金鼎,2023-12-27,9100
6179,亞通,250,72,178,群益金鼎,2023-12-27,9100
3305,昇貿,162,0,162,群益金鼎,2023-12-27,9100
2355,敬鵬,174,23,151,群益金鼎,2023-12-27,9100
006208,富邦台50,152,3,149,群益金鼎,2023-12-27,9100
2882,國泰金,150,7,143,群益金鼎,2023-12-27,9100
0056,元大高股息,196,60,136,群益金鼎,2023-12-27,9100
8016,矽創,142,8,134,群益金鼎,2023-12-27,9100
00922,國泰台灣領袖50,168,41,127,群益金鼎,2023-12-27,9100
00643,群益深証中小,213,94,119,群益金鼎,2023-12-27,9100
00637L,元大滬深300正2,18562,1282,17280,群益金鼎,2023-12-28,9100
2891,中信金,5403,37,5366,群益金鼎,2023-12-28,9100
00665L,富邦�琤肭磪囓�2,3202,0,3202,群益金鼎,2023-12-28,9100
00878,國泰永續高股息,2255,41,2214,群益金鼎,2023-12-28,9100
00893,國泰智能電動車,2194,197,1997,群益金鼎,2023-12-28,9100
00688L,國泰20年美債正2,1977,21,1956,群益金鼎,2023-12-28,9100
00764B,群益25年美債,3725,2357,1368,群益金鼎,2023-12-28,9100
00633L,富邦上証正2,1361,60,1301,群益金鼎,2023-12-28,9100
00931B,統一美債20年,1214,5,1209,群益金鼎,2023-12-28,9100
1503,士電,1179,13,1166,群益金鼎,2023-12-28,9100
0056,元大高股息,1101,20,1081,群益金鼎,2023-12-28,9100
00881,國泰台灣5G+,1025,0,1025,群益金鼎,2023-12-28,9100
00795B,中信美國公債20年,1362,475,887,群益金鼎,2023-12-28,9100
00680L,元大美債20正2,891,5,886,群益金鼎,2023-12-28,9100
00895,富邦未來車,706,0,706,群益金鼎,2023-12-28,9100
00636,國泰中國A50,717,121,596,群益金鼎,2023-12-28,9100
00864B,中信美國公債0-1,887,316,571,群益金鼎,2023-12-28,9100
00892,富邦台灣半導體,551,0,551,群益金鼎,2023-12-28,9100
3706,神達,726,203,523,群益金鼎,2023-12-28,9100
00923,群益台ESG低碳50,481,0,481,群益金鼎,2023-12-28,9100
2540,愛山林,421,0,421,群益金鼎,2023-12-28,9100
00902,中信電池及儲能,423,20,403,群益金鼎,2023-12-28,9100
00728,第一金工業30,398,0,398,群益金鼎,2023-12-28,9100
6176,瑞儀,377,3,374,群益金鼎,2023-12-28,9100
8163,達方,285,0,285,群益金鼎,2023-12-28,9100
3711,日月光投控,284,12,272,群益金鼎,2023-12-28,9100
5351,鈺創,290,23,267,群益金鼎,2023-12-28,9100
00903,富邦元宇宙,265,0,265,群益金鼎,2023-12-28,9100
2356,英業達,455,208,247,群益金鼎,2023-12-28,9100
00865B,國泰US短期公債,238,5,233,群益金鼎,2023-12-28,9100
00692,富邦公司治理,208,0,208,群益金鼎,2023-12-28,9100
00722B,群益投資級電信債,1621,1415,206,群益金鼎,2023-12-28,9100
00643,群益深証中小,413,213,200,群益金鼎,2023-12-28,9100
00706L,期元大S＆P日圓正2,196,1,195,群益金鼎,2023-12-28,9100
00719B,元大美債1-3,733,539,194,群益金鼎,2023-12-28,9100
2344,華邦電,336,143,193,群益金鼎,2023-12-28,9100
3548,兆利,233,42,191,群益金鼎,2023-12-28,9100
3296,勝德,192,3,189,群益金鼎,2023-12-28,9100
00909,國泰數位支付服務,308,125,183,群益金鼎,2023-12-28,9100
2801,彰銀,212,32,180,群益金鼎,2023-12-28,9100
00876,元大全球5G,167,0,167,群益金鼎,2023-12-28,9100
6284,佳邦,166,0,166,群益金鼎,2023-12-28,9100
2365,昆盈,187,41,146,群益金鼎,2023-12-28,9100
00635U,期元大S＆P黃金,142,0,142,群益金鼎,2023-12-28,9100
6196,帆宣,130,0,130,群益金鼎,2023-12-28,9100
00897,富邦基因免疫生技,115,0,115,群益金鼎,2023-12-28,9100
2303,聯電,283,170,113,群益金鼎,2023-12-28,9100
3026,禾伸堂,110,0,110,群益金鼎,2023-12-28,9100
6214,精誠,110,4,106,群益金鼎,2023-12-28,9100
6187,萬潤,184,80,104,群益金鼎,2023-12-28,9100
00878,國泰永續高股息,5226,21,5205,群益金鼎,2023-12-29,9100
00673R,期元大S＆P原油反1,4046,2,4044,群益金鼎,2023-12-29,9100
3481,群創,2695,357,2338,群益金鼎,2023-12-29,9100
00665L,富邦�琤肭磪囓�2,1162,44,1118,群益金鼎,2023-12-29,9100
00881,國泰台灣5G+,1084,1,1083,群益金鼎,2023-12-29,9100
00680L,元大美債20正2,1040,5,1035,群益金鼎,2023-12-29,9100
00923,群益台ESG低碳50,801,10,791,群益金鼎,2023-12-29,9100
2211,長榮鋼,654,1,653,群益金鼎,2023-12-29,9100
00900,富邦特選高股息30,636,0,636,群益金鼎,2023-12-29,9100
00864B,中信美國公債0-1,880,341,539,群益金鼎,2023-12-29,9100
2382,廣達,674,159,515,群益金鼎,2023-12-29,9100
1102,亞泥,500,2,498,群益金鼎,2023-12-29,9100
00893,國泰智能電動車,549,115,434,群益金鼎,2023-12-29,9100
2540,愛山林,421,0,421,群益金鼎,2023-12-29,9100
00916,國泰全球品牌50,377,1,376,群益金鼎,2023-12-29,9100
00917,中信特選金融,366,0,366,群益金鼎,2023-12-29,9100
6113,亞矽,408,49,359,群益金鼎,2023-12-29,9100
00850,元大臺灣ESG永續,614,256,358,群益金鼎,2023-12-29,9100
00925,新光標普電動車,329,0,329,群益金鼎,2023-12-29,9100
2324,仁寶,499,178,321,群益金鼎,2023-12-29,9100
00671R,富邦NASDAQ反1,284,0,284,群益金鼎,2023-12-29,9100
00670L,富邦NASDAQ正2,271,0,271,群益金鼎,2023-12-29,9100
00865B,國泰US短期公債,268,0,268,群益金鼎,2023-12-29,9100
2882,國泰金,375,108,267,群益金鼎,2023-12-29,9100
00852L,國泰美國道瓊正2,201,0,201,群益金鼎,2023-12-29,9100
1560,中砂,203,9,194,群益金鼎,2023-12-29,9100
6202,盛群,190,2,188,群益金鼎,2023-12-29,9100
00714,群益道瓊美國地產,288,109,179,群益金鼎,2023-12-29,9100
0056,元大高股息,182,11,171,群益金鼎,2023-12-29,9100
2303,聯電,195,27,168,群益金鼎,2023-12-29,9100
00692,富邦公司治理,166,0,166,群益金鼎,2023-12-29,9100
2352,佳世達,259,95,164,群益金鼎,2023-12-29,9100
00674R,期元大S＆P黃金反1,200,50,150,群益金鼎,2023-12-29,9100
8299,群聯,149,1,148,群益金鼎,2023-12-29,9100
3005,神基,140,2,138,群益金鼎,2023-12-29,9100
3715,定穎投控,160,25,135,群益金鼎,2023-12-29,9100
6689,伊雲谷,136,6,130,群益金鼎,2023-12-29,9100
00903,富邦元宇宙,131,1,130,群益金鼎,2023-12-29,9100
3008,大立光,133,5,128,群益金鼎,2023-12-29,9100
00631L,元大台灣50正2,127,0,127,群益金鼎,2023-12-29,9100
6024,群益期,120,0,120,群益金鼎,2023-12-29,9100
6213,聯茂,113,1,112,群益金鼎,2023-12-29,9100
2347,聯強,110,1,109,群益金鼎,2023-12-29,9100
3376,新日興,149,41,108,群益金鼎,2023-12-29,9100
2377,微星,121,16,105,群益金鼎,2023-12-29,9100
00888,永豐台灣ESG,103,0,103,群益金鼎,2023-12-29,9100
1402,遠東新,104,2,102,群益金鼎,2023-12-29,9100
00892,富邦台灣半導體,94,1,93,群益金鼎,2023-12-29,9100
0052,富邦科技,80,0,80,群益金鼎,2023-12-29,9100
6412,群電,81,3,78,群益金鼎,2023-12-29,9100
2891,中信金,18570,762,17808,群益金鼎,2024-01-02,9100
00715L,期街口布蘭特正2,2067,5,2062,群益金鼎,2024-01-02,9100
2618,長榮航,1858,290,1568,群益金鼎,2024-01-02,9100
6176,瑞儀,1550,0,1550,群益金鼎,2024-01-02,9100
00893,國泰智能電動車,1510,324,1186,群益金鼎,2024-01-02,9100
3390,旭軟,1198,35,1163,群益金鼎,2024-01-02,9100
2501,國建,1106,5,1101,群益金鼎,2024-01-02,9100
2382,廣達,1335,250,1085,群益金鼎,2024-01-02,9100
3402,漢科,1017,0,1017,群益金鼎,2024-01-02,9100
9934,成霖,1015,5,1010,群益金鼎,2024-01-02,9100
3481,群創,1058,121,937,群益金鼎,2024-01-02,9100
6108,競國,850,0,850,群益金鼎,2024-01-02,9100
2610,華航,971,176,795,群益金鼎,2024-01-02,9100
00830,國泰費城半導體,997,255,742,群益金鼎,2024-01-02,9100
2201,裕隆,656,14,642,群益金鼎,2024-01-02,9100
3045,台灣大,592,1,591,群益金鼎,2024-01-02,9100
3708,上緯投控,609,50,559,群益金鼎,2024-01-02,9100
6214,精誠,567,20,547,群益金鼎,2024-01-02,9100
2809,京城銀,504,4,500,群益金鼎,2024-01-02,9100
00900,富邦特選高股息30,450,1,449,群益金鼎,2024-01-02,9100
00878,國泰永續高股息,483,40,443,群益金鼎,2024-01-02,9100
2344,華邦電,618,180,438,群益金鼎,2024-01-02,9100
6290,良維,412,38,374,群益金鼎,2024-01-02,9100
5234,達興材料,308,3,305,群益金鼎,2024-01-02,9100
00923,群益台ESG低碳50,437,136,301,群益金鼎,2024-01-02,9100
6163,華電網,328,30,298,群益金鼎,2024-01-02,9100
5483,中美晶,339,44,295,群益金鼎,2024-01-02,9100
5871,中租-KY,333,39,294,群益金鼎,2024-01-02,9100
3711,日月光投控,352,60,292,群益金鼎,2024-01-02,9100
3231,緯創,706,420,286,群益金鼎,2024-01-02,9100
00651R,復華香港反1,282,0,282,群益金鼎,2024-01-02,9100
00907,永豐優息存股,282,0,282,群益金鼎,2024-01-02,9100
2355,敬鵬,306,41,265,群益金鼎,2024-01-02,9100
6147,頎邦,274,10,264,群益金鼎,2024-01-02,9100
00925,新光標普電動車,253,0,253,群益金鼎,2024-01-02,9100
2486,一詮,366,114,252,群益金鼎,2024-01-02,9100
5515,建國,248,0,248,群益金鼎,2024-01-02,9100
00631L,元大台灣50正2,245,0,245,群益金鼎,2024-01-02,9100
5533,皇鼎,240,0,240,群益金鼎,2024-01-02,9100
2387,精元,235,0,235,群益金鼎,2024-01-02,9100
6202,盛群,220,0,220,群益金鼎,2024-01-02,9100
2912,統一超,218,0,218,群益金鼎,2024-01-02,9100
00935,野村臺灣新科技50,201,0,201,群益金鼎,2024-01-02,9100
2368,金像電,257,63,194,群益金鼎,2024-01-02,9100
3035,智原,290,97,193,群益金鼎,2024-01-02,9100
1560,中砂,183,12,171,群益金鼎,2024-01-02,9100
2886,兆豐金,205,35,170,群益金鼎,2024-01-02,9100
00764B,群益25年美債,2482,2314,168,群益金鼎,2024-01-02,9100
2330,台積電,245,83,162,群益金鼎,2024-01-02,9100
00665L,富邦�琤肭磪囓�2,581,425,156,群益金鼎,2024-01-02,9100
00632R,元大台灣50反1,45540,120,45420,群益金鼎,2024-01-03,9100
00664R,國泰臺灣加權反1,4163,1,4162,群益金鼎,2024-01-03,9100
00893,國泰智能電動車,1911,10,1901,群益金鼎,2024-01-03,9100
00751B,元大AAA至A公司債,1575,0,1575,群益金鼎,2024-01-03,9100
00673R,期元大S＆P原油反1,1558,0,1558,群益金鼎,2024-01-03,9100
00772B,中信高評級公司債,1700,218,1482,群益金鼎,2024-01-03,9100
9919,康那香,1002,9,993,群益金鼎,2024-01-03,9100
2303,聯電,1255,357,898,群益金鼎,2024-01-03,9100
2449,京元電子,765,12,753,群益金鼎,2024-01-03,9100
6140,訊達,794,49,745,群益金鼎,2024-01-03,9100
6113,亞矽,748,27,721,群益金鼎,2024-01-03,9100
2891,中信金,798,212,586,群益金鼎,2024-01-03,9100
00773B,中信優先金融債,605,41,564,群益金鼎,2024-01-03,9100
1325,恆大,499,1,498,群益金鼎,2024-01-03,9100
2618,長榮航,1063,592,471,群益金鼎,2024-01-03,9100
00722B,群益投資級電信債,1713,1265,448,群益金鼎,2024-01-03,9100
00933B,國泰10Y+金融債,417,0,417,群益金鼎,2024-01-03,9100
2641,正德,472,88,384,群益金鼎,2024-01-03,9100
5483,中美晶,421,38,383,群益金鼎,2024-01-03,9100
0050,元大台灣50,377,15,362,群益金鼎,2024-01-03,9100
3042,晶技,362,0,362,群益金鼎,2024-01-03,9100
2609,陽明,760,449,311,群益金鼎,2024-01-03,9100
00892,富邦台灣半導體,302,0,302,群益金鼎,2024-01-03,9100
2520,冠德,309,37,272,群益金鼎,2024-01-03,9100
00897,富邦基因免疫生技,255,0,255,群益金鼎,2024-01-03,9100
1732,毛寶,240,2,238,群益金鼎,2024-01-03,9100
00864B,中信美國公債0-1,335,104,231,群益金鼎,2024-01-03,9100
3231,緯創,246,24,222,群益金鼎,2024-01-03,9100
3406,玉晶光,213,6,207,群益金鼎,2024-01-03,9100
2886,兆豐金,218,11,207,群益金鼎,2024-01-03,9100
00909,國泰數位支付服務,194,13,181,群益金鼎,2024-01-03,9100
2603,長榮,436,257,179,群益金鼎,2024-01-03,9100
2353,宏��,622,450,172,群益金鼎,2024-01-03,9100
3217,優群,220,50,170,群益金鼎,2024-01-03,9100
00852L,國泰美國道瓊正2,169,0,169,群益金鼎,2024-01-03,9100
3045,台灣大,166,0,166,群益金鼎,2024-01-03,9100
6129,普誠,160,0,160,群益金鼎,2024-01-03,9100
6278,台表科,159,0,159,群益金鼎,2024-01-03,9100
00683L,期元大美元指正2,205,49,156,群益金鼎,2024-01-03,9100
2890,永豐金,141,0,141,群益金鼎,2024-01-03,9100
00764B,群益25年美債,2176,2035,141,群益金鼎,2024-01-03,9100
00908,富邦入息REITs+,136,0,136,群益金鼎,2024-01-03,9100
00924,復華S＆P500成長,133,0,133,群益金鼎,2024-01-03,9100
00881,國泰台灣5G+,502,371,131,群益金鼎,2024-01-03,9100
2331,精英,219,90,129,群益金鼎,2024-01-03,9100
2330,台積電,159,32,127,群益金鼎,2024-01-03,9100
00922,國泰台灣領袖50,121,0,121,群益金鼎,2024-01-03,9100
2486,一詮,280,160,120,群益金鼎,2024-01-03,9100
1519,華城,168,56,112,群益金鼎,2024-01-03,9100
00900,富邦特選高股息30,205,101,104,群益金鼎,2024-01-03,9100
00715L,期街口布蘭特正2,10842,31,10811,群益金鼎,2024-01-04,9100
00642U,期元大S＆P石油,2709,0,2709,群益金鼎,2024-01-04,9100
2609,陽明,2491,317,2174,群益金鼎,2024-01-04,9100
00673R,期元大S＆P原油反1,2056,0,2056,群益金鼎,2024-01-04,9100
2891,中信金,1769,30,1739,群益金鼎,2024-01-04,9100
2611,志信,1227,2,1225,群益金鼎,2024-01-04,9100
1732,毛寶,1480,258,1222,群益金鼎,2024-01-04,9100
00664R,國泰臺灣加權反1,1200,0,1200,群益金鼎,2024-01-04,9100
00931B,統一美債20年,1201,20,1181,群益金鼎,2024-01-04,9100
2603,長榮,1543,386,1157,群益金鼎,2024-01-04,9100
00687B,國泰20年美債,1046,0,1046,群益金鼎,2024-01-04,9100
2408,南亞科,1045,104,941,群益金鼎,2024-01-04,9100
2886,兆豐金,835,35,800,群益金鼎,2024-01-04,9100
1102,亞泥,592,2,590,群益金鼎,2024-01-04,9100
00795B,中信美國公債20年,588,0,588,群益金鼎,2024-01-04,9100
2353,宏��,1225,655,570,群益金鼎,2024-01-04,9100
00907,永豐優息存股,519,0,519,群益金鼎,2024-01-04,9100
00680L,元大美債20正2,511,5,506,群益金鼎,2024-01-04,9100
4532,瑞智,482,0,482,群益金鼎,2024-01-04,9100
6290,良維,505,80,425,群益金鼎,2024-01-04,9100
6269,台郡,400,2,398,群益金鼎,2024-01-04,9100
5483,中美晶,426,44,382,群益金鼎,2024-01-04,9100
2520,冠德,369,11,358,群益金鼎,2024-01-04,9100
00671R,富邦NASDAQ反1,326,0,326,群益金鼎,2024-01-04,9100
00900,富邦特選高股息30,309,0,309,群益金鼎,2024-01-04,9100
00882,中信中國高股息,304,0,304,群益金鼎,2024-01-04,9100
2385,群光,299,3,296,群益金鼎,2024-01-04,9100
2606,裕民,295,10,285,群益金鼎,2024-01-04,9100
3034,聯詠,295,35,260,群益金鼎,2024-01-04,9100
2404,漢唐,239,1,238,群益金鼎,2024-01-04,9100
00772B,中信高評級公司債,700,468,232,群益金鼎,2024-01-04,9100
2211,長榮鋼,231,1,230,群益金鼎,2024-01-04,9100
0050,元大台灣50,242,15,227,群益金鼎,2024-01-04,9100
00903,富邦元宇宙,255,40,215,群益金鼎,2024-01-04,9100
00631L,元大台灣50正2,215,0,215,群益金鼎,2024-01-04,9100
00725B,國泰投資級公司債,206,0,206,群益金鼎,2024-01-04,9100
4979,華星光,243,41,202,群益金鼎,2024-01-04,9100
00686R,群益臺灣加權反1,200,0,200,群益金鼎,2024-01-04,9100
2409,友達,232,51,181,群益金鼎,2024-01-04,9100
00764B,群益25年美債,2082,1902,180,群益金鼎,2024-01-04,9100
00722B,群益投資級電信債,1201,1023,178,群益金鼎,2024-01-04,9100
2303,聯電,395,220,175,群益金鼎,2024-01-04,9100
2352,佳世達,345,184,161,群益金鼎,2024-01-04,9100
00657,國泰日經225,161,1,160,群益金鼎,2024-01-04,9100
1325,恆大,658,500,158,群益金鼎,2024-01-04,9100
00640L,富邦日本正2,522,365,157,群益金鼎,2024-01-04,9100
2379,瑞昱,155,3,152,群益金鼎,2024-01-04,9100
00683L,期元大美元指正2,150,0,150,群益金鼎,2024-01-04,9100
00893,國泰智能電動車,698,550,148,群益金鼎,2024-01-04,9100
00908,富邦入息REITs+,140,0,140,群益金鼎,2024-01-04,9100
3481,群創,3304,295,3009,群益金鼎,2024-01-05,9100
00770,國泰北美科技,1505,0,1505,群益金鼎,2024-01-05,9100
6113,亞矽,2282,1380,902,群益金鼎,2024-01-05,9100
00688L,國泰20年美債正2,897,30,867,群益金鼎,2024-01-05,9100
00895,富邦未來車,743,0,743,群益金鼎,2024-01-05,9100
00896,中信綠能及電動車,624,0,624,群益金鼎,2024-01-05,9100
00900,富邦特選高股息30,611,0,611,群益金鼎,2024-01-05,9100
00671R,富邦NASDAQ反1,579,0,579,群益金鼎,2024-01-05,9100
2353,宏��,1167,630,537,群益金鼎,2024-01-05,9100
00764B,群益25年美債,3231,2755,476,群益金鼎,2024-01-05,9100
00664R,國泰臺灣加權反1,470,0,470,群益金鼎,2024-01-05,9100
2634,漢翔,462,35,427,群益金鼎,2024-01-05,9100
2409,友達,692,273,419,群益金鼎,2024-01-05,9100
00893,國泰智能電動車,951,557,394,群益金鼎,2024-01-05,9100
00881,國泰台灣5G+,528,160,368,群益金鼎,2024-01-05,9100
00905,FT臺灣Smart,238,0,238,群益金鼎,2024-01-05,9100
00637L,元大滬深300正2,2795,2568,227,群益金鼎,2024-01-05,9100
1312,國喬,200,2,198,群益金鼎,2024-01-05,9100
2105,正新,276,100,176,群益金鼎,2024-01-05,9100
4532,瑞智,167,0,167,群益金鼎,2024-01-05,9100
2890,永豐金,173,6,167,群益金鼎,2024-01-05,9100
00631L,元大台灣50正2,164,0,164,群益金鼎,2024-01-05,9100
2609,陽明,1731,1568,163,群益金鼎,2024-01-05,9100
00876,元大全球5G,389,227,162,群益金鼎,2024-01-05,9100
2881,富邦金,203,54,149,群益金鼎,2024-01-05,9100
2387,精元,147,4,143,群益金鼎,2024-01-05,9100
2436,偉詮電,140,1,139,群益金鼎,2024-01-05,9100
00924,復華S＆P500成長,139,5,134,群益金鼎,2024-01-05,9100
8085,福華,137,16,121,群益金鼎,2024-01-05,9100
2891,中信金,171,52,119,群益金鼎,2024-01-05,9100
00878,國泰永續高股息,167,51,116,群益金鼎,2024-01-05,9100
00903,富邦元宇宙,115,0,115,群益金鼎,2024-01-05,9100
00917,中信特選金融,110,0,110,群益金鼎,2024-01-05,9100
00908,富邦入息REITs+,103,0,103,群益金鼎,2024-01-05,9100
1402,遠東新,111,10,101,群益金鼎,2024-01-05,9100
00875,國泰網路資安,100,0,100,群益金鼎,2024-01-05,9100
0050,元大台灣50,101,9,92,群益金鼎,2024-01-05,9100
1102,亞泥,99,7,92,群益金鼎,2024-01-05,9100
00934,中信成長高股息,85,0,85,群益金鼎,2024-01-05,9100
3376,新日興,87,2,85,群益金鼎,2024-01-05,9100
2885,元大金,204,121,83,群益金鼎,2024-01-05,9100
2886,兆豐金,94,11,83,群益金鼎,2024-01-05,9100
1605,華新,113,35,78,群益金鼎,2024-01-05,9100
2603,長榮,425,348,77,群益金鼎,2024-01-05,9100
00920,富邦ESG綠色電力,77,0,77,群益金鼎,2024-01-05,9100
4162,智擎,96,22,74,群益金鼎,2024-01-05,9100
2345,智邦,77,5,72,群益金鼎,2024-01-05,9100
00728,第一金工業30,102,30,72,群益金鼎,2024-01-05,9100
00645,富邦日本,70,0,70,群益金鼎,2024-01-05,9100
00636,國泰中國A50,118,49,69,群益金鼎,2024-01-05,9100
3481,群創,3584,1088,2496,群益金鼎,2024-01-08,9100
00715L,期街口布蘭特正2,2273,26,2247,群益金鼎,2024-01-08,9100
00770,國泰北美科技,1500,3,1497,群益金鼎,2024-01-08,9100
4956,光鋐,1200,4,1196,群益金鼎,2024-01-08,9100
2618,長榮航,1353,574,779,群益金鼎,2024-01-08,9100
3287,廣寰科,737,36,701,群益金鼎,2024-01-08,9100
00688L,國泰20年美債正2,667,0,667,群益金鼎,2024-01-08,9100
00903,富邦元宇宙,587,1,586,群益金鼎,2024-01-08,9100
00680L,元大美債20正2,576,1,575,群益金鼎,2024-01-08,9100
00671R,富邦NASDAQ反1,566,0,566,群益金鼎,2024-01-08,9100
00669R,國泰美國道瓊反1,1242,800,442,群益金鼎,2024-01-08,9100
3035,智原,437,67,370,群益金鼎,2024-01-08,9100
00923,群益台ESG低碳50,373,9,364,群益金鼎,2024-01-08,9100
00865B,國泰US短期公債,364,0,364,群益金鼎,2024-01-08,9100
3046,建��,365,6,359,群益金鼎,2024-01-08,9100
00895,富邦未來車,285,0,285,群益金鼎,2024-01-08,9100
1402,遠東新,266,15,251,群益金鼎,2024-01-08,9100
00876,元大全球5G,351,121,230,群益金鼎,2024-01-08,9100
2324,仁寶,311,92,219,群益金鼎,2024-01-08,9100
3034,聯詠,219,8,211,群益金鼎,2024-01-08,9100
00905,FT臺灣Smart,205,1,204,群益金鼎,2024-01-08,9100
2883,凱基金,204,0,204,群益金鼎,2024-01-08,9100
00888,永豐台灣ESG,204,1,203,群益金鼎,2024-01-08,9100
2353,宏��,1095,909,186,群益金鼎,2024-01-08,9100
3260,威剛,227,50,177,群益金鼎,2024-01-08,9100
2520,冠德,230,59,171,群益金鼎,2024-01-08,9100
6116,彩晶,223,54,169,群益金鼎,2024-01-08,9100
00697B,元大美債7-10,188,20,168,群益金鼎,2024-01-08,9100
00696B,富邦美債20年,161,0,161,群益金鼎,2024-01-08,9100
2885,元大金,178,24,154,群益金鼎,2024-01-08,9100
00631L,元大台灣50正2,150,0,150,群益金鼎,2024-01-08,9100
2891,中信金,202,58,144,群益金鼎,2024-01-08,9100
3702,大聯大,218,82,136,群益金鼎,2024-01-08,9100
8069,元太,152,23,129,群益金鼎,2024-01-08,9100
1101,台泥,160,35,125,群益金鼎,2024-01-08,9100
00861,元大全球未來通訊,123,0,123,群益金鼎,2024-01-08,9100
2486,一詮,212,95,117,群益金鼎,2024-01-08,9100
0050,元大台灣50,118,2,116,群益金鼎,2024-01-08,9100
9904,寶成,180,65,115,群益金鼎,2024-01-08,9100
2371,大同,112,4,108,群益金鼎,2024-01-08,9100
3587,閎康,101,0,101,群益金鼎,2024-01-08,9100
1102,亞泥,104,4,100,群益金鼎,2024-01-08,9100
1504,東元,107,7,100,群益金鼎,2024-01-08,9100
00897,富邦基因免疫生技,100,0,100,群益金鼎,2024-01-08,9100
00875,國泰網路資安,100,0,100,群益金鼎,2024-01-08,9100
3376,新日興,111,13,98,群益金鼎,2024-01-08,9100
00636,國泰中國A50,205,112,93,群益金鼎,2024-01-08,9100
1605,華新,131,39,92,群益金鼎,2024-01-08,9100
6112,邁達特,100,9,91,群益金鼎,2024-01-08,9100
3032,偉訓,157,72,85,群益金鼎,2024-01-08,9100
00893,國泰智能電動車,4114,0,4114,群益金鼎,2024-01-09,9100
00795B,中信美國公債20年,2098,1,2097,群益金鼎,2024-01-09,9100
2618,長榮航,2057,351,1706,群益金鼎,2024-01-09,9100
00673R,期元大S＆P原油反1,1518,0,1518,群益金鼎,2024-01-09,9100
00876,元大全球5G,1469,9,1460,群益金鼎,2024-01-09,9100
00637L,元大滬深300正2,2654,1194,1460,群益金鼎,2024-01-09,9100
4956,光鋐,3910,2708,1202,群益金鼎,2024-01-09,9100
00895,富邦未來車,1173,0,1173,群益金鼎,2024-01-09,9100
2344,華邦電,1295,151,1144,群益金鼎,2024-01-09,9100
00632R,元大台灣50反1,1072,0,1072,群益金鼎,2024-01-09,9100
00687B,國泰20年美債,1067,8,1059,群益金鼎,2024-01-09,9100
00891,中信關鍵半導體,1073,46,1027,群益金鼎,2024-01-09,9100
00679B,元大美債20年,815,6,809,群益金鼎,2024-01-09,9100
00936,台新永續高息中小,573,0,573,群益金鼎,2024-01-09,9100
3711,日月光投控,565,39,526,群益金鼎,2024-01-09,9100
3264,欣銓,537,26,511,群益金鼎,2024-01-09,9100
00903,富邦元宇宙,507,1,506,群益金鼎,2024-01-09,9100
00764B,群益25年美債,5158,4654,504,群益金鼎,2024-01-09,9100
3287,廣寰科,2062,1565,497,群益金鼎,2024-01-09,9100
4958,臻鼎-KY,498,28,470,群益金鼎,2024-01-09,9100
00669R,國泰美國道瓊反1,800,400,400,群益金鼎,2024-01-09,9100
00696B,富邦美債20年,379,0,379,群益金鼎,2024-01-09,9100
6176,瑞儀,337,8,329,群益金鼎,2024-01-09,9100
5371,中光電,298,0,298,群益金鼎,2024-01-09,9100
3189,景碩,294,2,292,群益金鼎,2024-01-09,9100
2455,全新,306,20,286,群益金鼎,2024-01-09,9100
2352,佳世達,421,145,276,群益金鼎,2024-01-09,9100
5469,瀚宇博,290,20,270,群益金鼎,2024-01-09,9100
00905,FT臺灣Smart,266,1,265,群益金鼎,2024-01-09,9100
2474,可成,280,16,264,群益金鼎,2024-01-09,9100
00728,第一金工業30,315,87,228,群益金鼎,2024-01-09,9100
1519,華城,327,102,225,群益金鼎,2024-01-09,9100
00697B,元大美債7-10,224,1,223,群益金鼎,2024-01-09,9100
00865B,國泰US短期公債,222,0,222,群益金鼎,2024-01-09,9100
2330,台積電,234,27,207,群益金鼎,2024-01-09,9100
5426,振發,212,10,202,群益金鼎,2024-01-09,9100
00924,復華S＆P500成長,201,0,201,群益金鼎,2024-01-09,9100
5452,佶優,200,0,200,群益金鼎,2024-01-09,9100
00719B,元大美債1-3,198,1,197,群益金鼎,2024-01-09,9100
8112,至上,229,32,197,群益金鼎,2024-01-09,9100
6285,啟��,245,58,187,群益金鼎,2024-01-09,9100
6182,合晶,214,32,182,群益金鼎,2024-01-09,9100
2303,聯電,506,336,170,群益金鼎,2024-01-09,9100
2347,聯強,177,8,169,群益金鼎,2024-01-09,9100
6191,精成科,174,5,169,群益金鼎,2024-01-09,9100
3034,聯詠,177,24,153,群益金鼎,2024-01-09,9100
00897,富邦基因免疫生技,151,0,151,群益金鼎,2024-01-09,9100
00861,元大全球未來通訊,150,0,150,群益金鼎,2024-01-09,9100
2888,新光金,286,137,149,群益金鼎,2024-01-09,9100
8050,廣積,141,0,141,群益金鼎,2024-01-09,9100
00632R,元大台灣50反1,9914,20,9894,群益金鼎,2024-01-10,9100
00715L,期街口布蘭特正2,2682,0,2682,群益金鼎,2024-01-10,9100
8096,擎亞,2778,284,2494,群益金鼎,2024-01-10,9100
6140,訊達,2123,125,1998,群益金鼎,2024-01-10,9100
2344,華邦電,2044,181,1863,群益金鼎,2024-01-10,9100
2303,聯電,1946,276,1670,群益金鼎,2024-01-10,9100
00891,中信關鍵半導體,1553,0,1553,群益金鼎,2024-01-10,9100
2892,第一金,1251,0,1251,群益金鼎,2024-01-10,9100
00876,元大全球5G,1241,7,1234,群益金鼎,2024-01-10,9100
5876,上海商銀,1000,0,1000,群益金鼎,2024-01-10,9100
00712,復華富時不動產,901,3,898,群益金鼎,2024-01-10,9100
00637L,元大滬深300正2,886,0,886,群益金鼎,2024-01-10,9100
00673R,期元大S＆P原油反1,876,0,876,群益金鼎,2024-01-10,9100
2313,華通,965,98,867,群益金鼎,2024-01-10,9100
00893,國泰智能電動車,845,12,833,群益金鼎,2024-01-10,9100
3711,日月光投控,753,26,727,群益金鼎,2024-01-10,9100
4938,和碩,689,41,648,群益金鼎,2024-01-10,9100
2382,廣達,621,10,611,群益金鼎,2024-01-10,9100
2385,群光,608,8,600,群益金鼎,2024-01-10,9100
00896,中信綠能及電動車,535,0,535,群益金鼎,2024-01-10,9100
3499,環天科,499,0,499,群益金鼎,2024-01-10,9100
00934,中信成長高股息,503,21,482,群益金鼎,2024-01-10,9100
00900,富邦特選高股息30,443,10,433,群益金鼎,2024-01-10,9100
00905,FT臺灣Smart,418,0,418,群益金鼎,2024-01-10,9100
6191,精成科,435,33,402,群益金鼎,2024-01-10,9100
1532,勤美,400,0,400,群益金鼎,2024-01-10,9100
2371,大同,544,145,399,群益金鼎,2024-01-10,9100
00897,富邦基因免疫生技,399,0,399,群益金鼎,2024-01-10,9100
00895,富邦未來車,374,0,374,群益金鼎,2024-01-10,9100
3189,景碩,337,27,310,群益金鼎,2024-01-10,9100
1402,遠東新,333,33,300,群益金鼎,2024-01-10,9100
2353,宏��,1102,820,282,群益金鼎,2024-01-10,9100
8155,博智,277,5,272,群益金鼎,2024-01-10,9100
2329,華泰,411,145,266,群益金鼎,2024-01-10,9100
00728,第一金工業30,218,0,218,群益金鼎,2024-01-10,9100
2347,聯強,214,2,212,群益金鼎,2024-01-10,9100
00937B,群益ESG投等債20,9769,9558,211,群益金鼎,2024-01-10,9100
1504,東元,162,12,150,群益金鼎,2024-01-10,9100
00668,國泰美國道瓊,165,23,142,群益金鼎,2024-01-10,9100
2886,兆豐金,145,10,135,群益金鼎,2024-01-10,9100
00936,台新永續高息中小,131,0,131,群益金鼎,2024-01-10,9100
6285,啟��,231,111,120,群益金鼎,2024-01-10,9100
2002,中鋼,173,54,119,群益金鼎,2024-01-10,9100
00903,富邦元宇宙,138,19,119,群益金鼎,2024-01-10,9100
00642U,期元大S＆P石油,117,0,117,群益金鼎,2024-01-10,9100
6223,旺矽,133,18,115,群益金鼎,2024-01-10,9100
00888,永豐台灣ESG,113,0,113,群益金鼎,2024-01-10,9100
00640L,富邦日本正2,213,103,110,群益金鼎,2024-01-10,9100
9958,世紀鋼,275,165,110,群益金鼎,2024-01-10,9100
00674R,期元大S＆P黃金反1,109,0,109,群益金鼎,2024-01-10,9100
00632R,元大台灣50反1,2629,0,2629,群益金鼎,2024-01-11,9100
4909,新復興,2069,61,2008,群益金鼎,2024-01-11,9100
00893,國泰智能電動車,1814,108,1706,群益金鼎,2024-01-11,9100
00895,富邦未來車,1736,100,1636,群益金鼎,2024-01-11,9100
00876,元大全球5G,1103,1,1102,群益金鼎,2024-01-11,9100
2330,台積電,905,26,879,群益金鼎,2024-01-11,9100
00662,富邦NASDAQ,754,1,753,群益金鼎,2024-01-11,9100
00891,中信關鍵半導體,712,0,712,群益金鼎,2024-01-11,9100
00637L,元大滬深300正2,1846,1171,675,群益金鼎,2024-01-11,9100
00664R,國泰臺灣加權反1,625,0,625,群益金鼎,2024-01-11,9100
2353,宏��,617,50,567,群益金鼎,2024-01-11,9100
00902,中信電池及儲能,566,16,550,群益金鼎,2024-01-11,9100
2376,技嘉,533,15,518,群益金鼎,2024-01-11,9100
00903,富邦元宇宙,473,0,473,群益金鼎,2024-01-11,9100
2540,愛山林,421,0,421,群益金鼎,2024-01-11,9100
2401,凌陽,414,25,389,群益金鼎,2024-01-11,9100
3033,威健,302,6,296,群益金鼎,2024-01-11,9100
00881,國泰台灣5G+,434,141,293,群益金鼎,2024-01-11,9100
00905,FT臺灣Smart,288,0,288,群益金鼎,2024-01-11,9100
8150,南茂,285,4,281,群益金鼎,2024-01-11,9100
00655L,國泰中國A50正2,272,0,272,群益金鼎,2024-01-11,9100
00773B,中信優先金融債,677,407,270,群益金鼎,2024-01-11,9100
5351,鈺創,348,85,263,群益金鼎,2024-01-11,9100
00665L,富邦�琤肭磪囓�2,467,214,253,群益金鼎,2024-01-11,9100
00673R,期元大S＆P原油反1,239,0,239,群益金鼎,2024-01-11,9100
3217,優群,259,35,224,群益金鼎,2024-01-11,9100
3673,TPK-KY,218,1,217,群益金鼎,2024-01-11,9100
1710,東聯,201,0,201,群益金鼎,2024-01-11,9100
4532,瑞智,201,1,200,群益金鼎,2024-01-11,9100
5258,虹堡,217,27,190,群益金鼎,2024-01-11,9100
00861,元大全球未來通訊,188,0,188,群益金鼎,2024-01-11,9100
00909,國泰數位支付服務,188,0,188,群益金鼎,2024-01-11,9100
2888,新光金,281,100,181,群益金鼎,2024-01-11,9100
00636,國泰中國A50,177,1,176,群益金鼎,2024-01-11,9100
2382,廣達,226,58,168,群益金鼎,2024-01-11,9100
00937B,群益ESG投等債20,3489,3330,159,群益金鼎,2024-01-11,9100
3017,奇鋐,268,108,160,群益金鼎,2024-01-11,9100
2371,大同,488,329,159,群益金鼎,2024-01-11,9100
1504,東元,205,54,151,群益金鼎,2024-01-11,9100
00772B,中信高評級公司債,149,0,149,群益金鼎,2024-01-11,9100
2634,漢翔,234,102,132,群益金鼎,2024-01-11,9100
00757,統一FANG+,130,0,130,群益金鼎,2024-01-11,9100
9958,世紀鋼,167,43,124,群益金鼎,2024-01-11,9100
00908,富邦入息REITs+,120,0,120,群益金鼎,2024-01-11,9100
2368,金像電,152,35,117,群益金鼎,2024-01-11,9100
00719B,元大美債1-3,115,0,115,群益金鼎,2024-01-11,9100
00920,富邦ESG綠色電力,107,0,107,群益金鼎,2024-01-11,9100
4763,材料-KY,107,1,106,群益金鼎,2024-01-11,9100
00857B,永豐20年美公債,100,0,100,群益金鼎,2024-01-11,9100
3055,蔚華科,130,35,95,群益金鼎,2024-01-11,9100
00715L,期街口布蘭特正2,8346,165,8181,群益金鼎,2024-01-12,9100
00680L,元大美債20正2,3314,135,3179,群益金鼎,2024-01-12,9100
00642U,期元大S＆P石油,2752,0,2752,群益金鼎,2024-01-12,9100
00893,國泰智能電動車,1161,0,1161,群益金鼎,2024-01-12,9100
3231,緯創,1408,381,1027,群益金鼎,2024-01-12,9100
6140,訊達,1353,516,837,群益金鼎,2024-01-12,9100
00900,富邦特選高股息30,795,1,794,群益金鼎,2024-01-12,9100
00688L,國泰20年美債正2,758,0,758,群益金鼎,2024-01-12,9100
00905,FT臺灣Smart,694,0,694,群益金鼎,2024-01-12,9100
2382,廣達,571,52,519,群益金鼎,2024-01-12,9100
00751B,元大AAA至A公司債,2546,2080,466,群益金鼎,2024-01-12,9100
2324,仁寶,621,183,438,群益金鼎,2024-01-12,9100
2540,愛山林,421,0,421,群益金鼎,2024-01-12,9100
2888,新光金,524,129,395,群益金鼎,2024-01-12,9100
00876,元大全球5G,361,0,361,群益金鼎,2024-01-12,9100
3036,文曄,643,299,344,群益金鼎,2024-01-12,9100
2344,華邦電,333,42,291,群益金鼎,2024-01-12,9100
3035,智原,691,427,264,群益金鼎,2024-01-12,9100
00907,永豐優息存股,254,0,254,群益金鼎,2024-01-12,9100
00772B,中信高評級公司債,243,0,243,群益金鼎,2024-01-12,9100
2486,一詮,594,367,227,群益金鼎,2024-01-12,9100
3033,威健,214,0,214,群益金鼎,2024-01-12,9100
2357,華碩,367,164,203,群益金鼎,2024-01-12,9100
2634,漢翔,219,25,194,群益金鼎,2024-01-12,9100
00637L,元大滬深300正2,768,583,185,群益金鼎,2024-01-12,9100
1504,東元,158,7,151,群益金鼎,2024-01-12,9100
00650L,復華香港正2,151,2,149,群益金鼎,2024-01-12,9100
2208,台船,140,5,135,群益金鼎,2024-01-12,9100
00924,復華S＆P500成長,132,0,132,群益金鼎,2024-01-12,9100
00908,富邦入息REITs+,123,0,123,群益金鼎,2024-01-12,9100
1216,統一,111,0,111,群益金鼎,2024-01-12,9100
5388,中磊,128,17,111,群益金鼎,2024-01-12,9100
6698,旭暉應材,117,6,111,群益金鼎,2024-01-12,9100
8932,智通*,120,10,110,群益金鼎,2024-01-12,9100
00633L,富邦上証正2,415,309,106,群益金鼎,2024-01-12,9100
2303,聯電,317,212,105,群益金鼎,2024-01-12,9100
00896,中信綠能及電動車,104,0,104,群益金鼎,2024-01-12,9100
5347,世界,138,42,96,群益金鼎,2024-01-12,9100
00640L,富邦日本正2,94,0,94,群益金鼎,2024-01-12,9100
5426,振發,237,151,86,群益金鼎,2024-01-12,9100
00657,國泰日經225,81,0,81,群益金鼎,2024-01-12,9100
2376,技嘉,116,35,81,群益金鼎,2024-01-12,9100
1513,中興電,123,46,77,群益金鼎,2024-01-12,9100
3479,安勤,81,5,76,群益金鼎,2024-01-12,9100
3711,日月光投控,92,24,68,群益金鼎,2024-01-12,9100
2449,京元電子,176,109,67,群益金鼎,2024-01-12,9100
6279,胡連,65,0,65,群益金鼎,2024-01-12,9100
006205,富邦上証,64,1,63,群益金鼎,2024-01-12,9100
6213,聯茂,75,19,56,群益金鼎,2024-01-12,9100
6916,華凌,55,0,55,群益金鼎,2024-01-12,9100
00637L,元大滬深300正2,14142,4087,10055,群益金鼎,2024-01-15,9100
8096,擎亞,2090,105,1985,群益金鼎,2024-01-15,9100
00673R,期元大S＆P原油反1,1737,0,1737,群益金鼎,2024-01-15,9100
00900,富邦特選高股息30,1532,0,1532,群益金鼎,2024-01-15,9100
6243,迅杰,1057,78,979,群益金鼎,2024-01-15,9100
00893,國泰智能電動車,1261,442,819,群益金鼎,2024-01-15,9100
4909,新復興,844,30,814,群益金鼎,2024-01-15,9100
1528,恩德,613,15,598,群益金鼎,2024-01-15,9100
00895,富邦未來車,691,100,591,群益金鼎,2024-01-15,9100
5351,鈺創,666,121,545,群益金鼎,2024-01-15,9100
3694,海華,566,22,544,群益金鼎,2024-01-15,9100
3376,新日興,437,8,429,群益金鼎,2024-01-15,9100
2540,愛山林,421,0,421,群益金鼎,2024-01-15,9100
00662,富邦NASDAQ,413,0,413,群益金鼎,2024-01-15,9100
6245,立端,342,7,335,群益金鼎,2024-01-15,9100
1609,大亞,552,280,272,群益金鼎,2024-01-15,9100
6698,旭暉應材,391,121,270,群益金鼎,2024-01-15,9100
2313,華通,296,44,252,群益金鼎,2024-01-15,9100
2409,友達,431,213,218,群益金鼎,2024-01-15,9100
2353,宏��,589,390,199,群益金鼎,2024-01-15,9100
1102,亞泥,192,11,181,群益金鼎,2024-01-15,9100
2368,金像電,198,32,166,群益金鼎,2024-01-15,9100
2382,廣達,586,421,165,群益金鼎,2024-01-15,9100
8086,宏捷科,163,3,160,群益金鼎,2024-01-15,9100
2383,台光電,173,22,151,群益金鼎,2024-01-15,9100
2890,永豐金,145,0,145,群益金鼎,2024-01-15,9100
9958,世紀鋼,360,232,128,群益金鼎,2024-01-15,9100
2436,偉詮電,128,0,128,群益金鼎,2024-01-15,9100
3260,威剛,148,22,126,群益金鼎,2024-01-15,9100
006205,富邦上証,133,8,125,群益金鼎,2024-01-15,9100
2885,元大金,163,38,125,群益金鼎,2024-01-15,9100
8926,台汽電,121,0,121,群益金鼎,2024-01-15,9100
3034,聯詠,151,33,118,群益金鼎,2024-01-15,9100
00878,國泰永續高股息,167,53,114,群益金鼎,2024-01-15,9100
00670L,富邦NASDAQ正2,113,0,113,群益金鼎,2024-01-15,9100
2891,中信金,141,28,113,群益金鼎,2024-01-15,9100
1504,東元,115,2,113,群益金鼎,2024-01-15,9100
6274,台燿,139,28,111,群益金鼎,2024-01-15,9100
00926,凱基全球菁英55,108,0,108,群益金鼎,2024-01-15,9100
00892,富邦台灣半導體,108,2,106,群益金鼎,2024-01-15,9100
00657,國泰日經225,189,83,106,群益金鼎,2024-01-15,9100
3149,正達,105,0,105,群益金鼎,2024-01-15,9100
2705,六福,103,0,103,群益金鼎,2024-01-15,9100
00922,國泰台灣領袖50,103,1,102,群益金鼎,2024-01-15,9100
00631L,元大台灣50正2,102,0,102,群益金鼎,2024-01-15,9100
00924,復華S＆P500成長,102,0,102,群益金鼎,2024-01-15,9100
3035,智原,498,396,102,群益金鼎,2024-01-15,9100
2303,聯電,174,79,95,群益金鼎,2024-01-15,9100
3005,神基,92,0,92,群益金鼎,2024-01-15,9100
3006,晶豪科,103,12,91,群益金鼎,2024-01-15,9100
00632R,元大台灣50反1,9587,0,9587,群益金鼎,2024-01-16,9100
00637L,元大滬深300正2,11634,4467,7167,群益金鼎,2024-01-16,9100
3481,群創,2728,491,2237,群益金鼎,2024-01-16,9100
2301,光寶科,2146,76,2070,群益金鼎,2024-01-16,9100
2409,友達,2097,48,2049,群益金鼎,2024-01-16,9100
00715L,期街口布蘭特正2,2703,878,1825,群益金鼎,2024-01-16,9100
00664R,國泰臺灣加權反1,1613,0,1613,群益金鼎,2024-01-16,9100
1528,恩德,2019,635,1384,群益金鼎,2024-01-16,9100
6243,迅杰,2520,1505,1015,群益金鼎,2024-01-16,9100
00712,復華富時不動產,854,1,853,群益金鼎,2024-01-16,9100
00893,國泰智能電動車,820,9,811,群益金鼎,2024-01-16,9100
00671R,富邦NASDAQ反1,798,0,798,群益金鼎,2024-01-16,9100
00892,富邦台灣半導體,708,7,701,群益金鼎,2024-01-16,9100
2329,華泰,878,186,692,群益金鼎,2024-01-16,9100
2317,鴻海,725,53,672,群益金鼎,2024-01-16,9100
00882,中信中國高股息,881,276,605,群益金鼎,2024-01-16,9100
2540,愛山林,597,0,597,群益金鼎,2024-01-16,9100
00876,元大全球5G,648,125,523,群益金鼎,2024-01-16,9100
00830,國泰費城半導體,403,34,369,群益金鼎,2024-01-16,9100
2313,華通,411,84,327,群益金鼎,2024-01-16,9100
2104,國際中橡,307,0,307,群益金鼎,2024-01-16,9100
0050,元大台灣50,350,54,296,群益金鼎,2024-01-16,9100
2377,微星,347,56,291,群益金鼎,2024-01-16,9100
5876,上海商銀,250,1,249,群益金鼎,2024-01-16,9100
1504,東元,265,58,207,群益金鼎,2024-01-16,9100
00852L,國泰美國道瓊正2,302,100,202,群益金鼎,2024-01-16,9100
00670L,富邦NASDAQ正2,200,0,200,群益金鼎,2024-01-16,9100
6129,普誠,192,0,192,群益金鼎,2024-01-16,9100
3105,穩懋,207,18,189,群益金鼎,2024-01-16,9100
2360,致茂,179,1,178,群益金鼎,2024-01-16,9100
00665L,富邦�琤肭磪囓�2,1203,1034,169,群益金鼎,2024-01-16,9100
3376,新日興,187,18,169,群益金鼎,2024-01-16,9100
3017,奇鋐,204,38,166,群益金鼎,2024-01-16,9100
1795,美時,217,57,160,群益金鼎,2024-01-16,9100
5488,松普,151,0,151,群益金鼎,2024-01-16,9100
2486,一詮,209,65,144,群益金鼎,2024-01-16,9100
00909,國泰數位支付服務,143,0,143,群益金鼎,2024-01-16,9100
00655L,國泰中國A50正2,205,68,137,群益金鼎,2024-01-16,9100
2303,聯電,532,398,134,群益金鼎,2024-01-16,9100
1402,遠東新,161,34,127,群益金鼎,2024-01-16,9100
2881,富邦金,192,71,121,群益金鼎,2024-01-16,9100
2353,宏��,422,302,120,群益金鼎,2024-01-16,9100
1102,亞泥,165,49,116,群益金鼎,2024-01-16,9100
8050,廣積,123,14,109,群益金鼎,2024-01-16,9100
00925,新光標普電動車,108,0,108,群益金鼎,2024-01-16,9100
00926,凱基全球菁英55,106,0,106,群益金鼎,2024-01-16,9100
2605,新興,208,103,105,群益金鼎,2024-01-16,9100
00686R,群益臺灣加權反1,101,0,101,群益金鼎,2024-01-16,9100
6214,精誠,100,0,100,群益金鼎,2024-01-16,9100
00685L,群益臺灣加權正2,100,0,100,群益金鼎,2024-01-16,9100
00632R,元大台灣50反1,18318,1232,17086,群益金鼎,2024-01-17,9100
00933B,國泰10Y+金融債,9074,3503,5571,群益金鼎,2024-01-17,9100
00664R,國泰臺灣加權反1,3653,0,3653,群益金鼎,2024-01-17,9100
5426,振發,3239,79,3160,群益金鼎,2024-01-17,9100
00891,中信關鍵半導體,2494,0,2494,群益金鼎,2024-01-17,9100
2618,長榮航,3229,860,2369,群益金鼎,2024-01-17,9100
00893,國泰智能電動車,2083,52,2031,群益金鼎,2024-01-17,9100
00895,富邦未來車,1597,0,1597,群益金鼎,2024-01-17,9100
3036,文曄,1485,60,1425,群益金鼎,2024-01-17,9100
0050,元大台灣50,1533,127,1406,群益金鼎,2024-01-17,9100
3231,緯創,1640,346,1294,群益金鼎,2024-01-17,9100
00725B,國泰投資級公司債,1285,0,1285,群益金鼎,2024-01-17,9100
00673R,期元大S＆P原油反1,1084,0,1084,群益金鼎,2024-01-17,9100
2344,華邦電,1235,410,825,群益金鼎,2024-01-17,9100
00876,元大全球5G,856,99,757,群益金鼎,2024-01-17,9100
2330,台積電,712,2,710,群益金鼎,2024-01-17,9100
2889,國票金,701,1,700,群益金鼎,2024-01-17,9100
2449,京元電子,700,130,570,群益金鼎,2024-01-17,9100
2540,愛山林,421,1,420,群益金鼎,2024-01-17,9100
3324,雙鴻,466,48,418,群益金鼎,2024-01-17,9100
5488,松普,534,158,376,群益金鼎,2024-01-17,9100
3017,奇鋐,474,110,364,群益金鼎,2024-01-17,9100
3481,群創,1074,722,352,群益金鼎,2024-01-17,9100
2606,裕民,408,59,349,群益金鼎,2024-01-17,9100
00686R,群益臺灣加權反1,326,0,326,群益金鼎,2024-01-17,9100
2408,南亞科,432,115,317,群益金鼎,2024-01-17,9100
00916,國泰全球品牌50,304,2,302,群益金鼎,2024-01-17,9100
9933,中鼎,262,0,262,群益金鼎,2024-01-17,9100
00662,富邦NASDAQ,249,0,249,群益金鼎,2024-01-17,9100
2891,中信金,474,230,244,群益金鼎,2024-01-17,9100
00751B,元大AAA至A公司債,1741,1499,242,群益金鼎,2024-01-17,9100
2353,宏��,449,224,225,群益金鼎,2024-01-17,9100
2888,新光金,393,170,223,群益金鼎,2024-01-17,9100
4909,新復興,382,160,222,群益金鼎,2024-01-17,9100
2603,長榮,490,280,210,群益金鼎,2024-01-17,9100
1504,東元,254,60,194,群益金鼎,2024-01-17,9100
2609,陽明,346,172,174,群益金鼎,2024-01-17,9100
3006,晶豪科,187,19,168,群益金鼎,2024-01-17,9100
00892,富邦台灣半導體,215,47,168,群益金鼎,2024-01-17,9100
6111,大宇資,172,5,167,群益金鼎,2024-01-17,9100
2317,鴻海,167,1,166,群益金鼎,2024-01-17,9100
2371,大同,289,138,151,群益金鼎,2024-01-17,9100
3042,晶技,150,0,150,群益金鼎,2024-01-17,9100
2368,金像電,190,40,150,群益金鼎,2024-01-17,9100
3694,海華,817,669,148,群益金鼎,2024-01-17,9100
8354,冠好,140,0,140,群益金鼎,2024-01-17,9100
6278,台表科,142,2,140,群益金鼎,2024-01-17,9100
2382,廣達,316,179,137,群益金鼎,2024-01-17,9100
00848B,中信新興亞洲債,233,100,133,群益金鼎,2024-01-17,9100
00924,復華S＆P500成長,115,2,113,群益金鼎,2024-01-17,9100
00891,中信關鍵半導體,5140,118,5022,群益金鼎,2024-01-18,9100
00632R,元大台灣50反1,2495,499,1996,群益金鼎,2024-01-18,9100
00895,富邦未來車,1574,0,1574,群益金鼎,2024-01-18,9100
2890,永豐金,1522,0,1522,群益金鼎,2024-01-18,9100
2891,中信金,1126,48,1078,群益金鼎,2024-01-18,9100
00715L,期街口布蘭特正2,1073,0,1073,群益金鼎,2024-01-18,9100
00664R,國泰臺灣加權反1,982,4,978,群益金鼎,2024-01-18,9100
6155,鈞寶,1025,58,967,群益金鼎,2024-01-18,9100
00900,富邦特選高股息30,1256,361,895,群益金鼎,2024-01-18,9100
2892,第一金,870,0,870,群益金鼎,2024-01-18,9100
2357,華碩,790,48,742,群益金鼎,2024-01-18,9100
00924,復華S＆P500成長,488,3,485,群益金鼎,2024-01-18,9100
5876,上海商銀,481,1,480,群益金鼎,2024-01-18,9100
2330,台積電,472,12,460,群益金鼎,2024-01-18,9100
5347,世界,509,55,454,群益金鼎,2024-01-18,9100
3045,台灣大,399,0,399,群益金鼎,2024-01-18,9100
4904,遠傳,382,2,380,群益金鼎,2024-01-18,9100
3231,緯創,944,596,348,群益金鼎,2024-01-18,9100
00830,國泰費城半導體,370,58,312,群益金鼎,2024-01-18,9100
3711,日月光投控,339,34,305,群益金鼎,2024-01-18,9100
006205,富邦上証,303,0,303,群益金鼎,2024-01-18,9100
00638R,元大滬深300反1,298,5,293,群益金鼎,2024-01-18,9100
2303,聯電,918,660,258,群益金鼎,2024-01-18,9100
2883,凱基金,251,0,251,群益金鼎,2024-01-18,9100
2308,台達電,294,44,250,群益金鼎,2024-01-18,9100
00916,國泰全球品牌50,243,0,243,群益金鼎,2024-01-18,9100
2603,長榮,357,121,236,群益金鼎,2024-01-18,9100
2409,友達,561,341,220,群益金鼎,2024-01-18,9100
2474,可成,216,4,212,群益金鼎,2024-01-18,9100
2888,新光金,406,210,196,群益金鼎,2024-01-18,9100
2884,玉山金,254,61,193,群益金鼎,2024-01-18,9100
3673,TPK-KY,181,7,174,群益金鼎,2024-01-18,9100
00897,富邦基因免疫生技,171,0,171,群益金鼎,2024-01-18,9100
00936,台新永續高息中小,168,0,168,群益金鼎,2024-01-18,9100
00662,富邦NASDAQ,159,0,159,群益金鼎,2024-01-18,9100
00861,元大全球未來通訊,151,0,151,群益金鼎,2024-01-18,9100
2637,慧洋-KY,145,0,145,群益金鼎,2024-01-18,9100
00772B,中信高評級公司債,130,0,130,群益金鼎,2024-01-18,9100
00773B,中信優先金融債,126,0,126,群益金鼎,2024-01-18,9100
00920,富邦ESG綠色電力,125,0,125,群益金鼎,2024-01-18,9100
2353,宏��,432,310,122,群益金鼎,2024-01-18,9100
5425,台半,168,48,120,群益金鼎,2024-01-18,9100
1477,聚陽,204,85,119,群益金鼎,2024-01-18,9100
2454,聯發科,330,229,101,群益金鼎,2024-01-18,9100
00852L,國泰美國道瓊正2,100,0,100,群益金鼎,2024-01-18,9100
1795,美時,125,27,98,群益金鼎,2024-01-18,9100
2412,中華電,95,0,95,群益金鼎,2024-01-18,9100
2485,兆赫,156,61,95,群益金鼎,2024-01-18,9100
2371,大同,319,225,94,群益金鼎,2024-01-18,9100
3481,群創,1459,1370,89,群益金鼎,2024-01-18,9100
00637L,元大滬深300正2,11854,13,11841,群益金鼎,2024-01-19,9100
3231,緯創,3421,866,2555,群益金鼎,2024-01-19,9100
00895,富邦未來車,2415,51,2364,群益金鼎,2024-01-19,9100
00715L,期街口布蘭特正2,2051,3,2048,群益金鼎,2024-01-19,9100
2885,元大金,2010,11,1999,群益金鼎,2024-01-19,9100
00893,國泰智能電動車,1536,0,1536,群益金鼎,2024-01-19,9100
00632R,元大台灣50反1,2567,1199,1368,群益金鼎,2024-01-19,9100
00830,國泰費城半導體,1390,202,1188,群益金鼎,2024-01-19,9100
3623,富晶通,1144,3,1141,群益金鼎,2024-01-19,9100
00905,FT臺灣Smart,995,1,994,群益金鼎,2024-01-19,9100
2301,光寶科,1047,63,984,群益金鼎,2024-01-19,9100
00633L,富邦上証正2,1017,50,967,群益金鼎,2024-01-19,9100
00669R,國泰美國道瓊反1,1009,224,785,群益金鼎,2024-01-19,9100
3706,神達,735,97,638,群益金鼎,2024-01-19,9100
3481,群創,1459,949,510,群益金鼎,2024-01-19,9100
6140,訊達,501,1,500,群益金鼎,2024-01-19,9100
00878,國泰永續高股息,1534,1034,500,群益金鼎,2024-01-19,9100
00928,中信上櫃ESG30,500,1,499,群益金鼎,2024-01-19,9100
2376,技嘉,564,96,468,群益金鼎,2024-01-19,9100
00900,富邦特選高股息30,470,1,469,群益金鼎,2024-01-19,9100
00881,國泰台灣5G+,470,6,464,群益金鼎,2024-01-19,9100
2382,廣達,900,439,461,群益金鼎,2024-01-19,9100
00861,元大全球未來通訊,433,0,433,群益金鼎,2024-01-19,9100
3044,健鼎,357,37,320,群益金鼎,2024-01-19,9100
00631L,元大台灣50正2,300,5,295,群益金鼎,2024-01-19,9100
00643,群益深証中小,373,134,239,群益金鼎,2024-01-19,9100
4956,光鋐,450,214,236,群益金鼎,2024-01-19,9100
00892,富邦台灣半導體,232,0,232,群益金鼎,2024-01-19,9100
00935,野村臺灣新科技50,227,2,225,群益金鼎,2024-01-19,9100
00927,群益半導體收益,388,168,220,群益金鼎,2024-01-19,9100
00936,台新永續高息中小,252,45,207,群益金鼎,2024-01-19,9100
2329,華泰,663,456,207,群益金鼎,2024-01-19,9100
6239,力成,211,11,200,群益金鼎,2024-01-19,9100
3036,文曄,356,158,198,群益金鼎,2024-01-19,9100
2408,南亞科,201,6,195,群益金鼎,2024-01-19,9100
00657,國泰日經225,199,5,194,群益金鼎,2024-01-19,9100
4958,臻鼎-KY,197,15,182,群益金鼎,2024-01-19,9100
2891,中信金,288,111,177,群益金鼎,2024-01-19,9100
00651R,復華香港反1,166,0,166,群益金鼎,2024-01-19,9100
00636,國泰中國A50,253,91,162,群益金鼎,2024-01-19,9100
2353,宏��,247,96,151,群益金鼎,2024-01-19,9100
2313,華通,147,1,146,群益金鼎,2024-01-19,9100
6274,台燿,189,48,141,群益金鼎,2024-01-19,9100
00655L,國泰中國A50正2,107,0,107,群益金鼎,2024-01-19,9100
006205,富邦上証,109,9,100,群益金鼎,2024-01-19,9100
00852L,國泰美國道瓊正2,100,0,100,群益金鼎,2024-01-19,9100
2884,玉山金,120,23,97,群益金鼎,2024-01-19,9100
6111,大宇資,101,4,97,群益金鼎,2024-01-19,9100
3533,嘉澤,105,9,96,群益金鼎,2024-01-19,9100
6187,萬潤,143,51,92,群益金鼎,2024-01-19,9100
00637L,元大滬深300正2,12874,326,12548,群益金鼎,2024-01-22,9100
00893,國泰智能電動車,6018,125,5893,群益金鼎,2024-01-22,9100
00900,富邦特選高股息30,4231,40,4191,群益金鼎,2024-01-22,9100
00795B,中信美國公債20年,3461,0,3461,群益金鼎,2024-01-22,9100
3231,緯創,3926,606,3320,群益金鼎,2024-01-22,9100
00673R,期元大S＆P原油反1,2810,0,2810,群益金鼎,2024-01-22,9100
00632R,元大台灣50反1,2810,0,2810,群益金鼎,2024-01-22,9100
00687B,國泰20年美債,4261,1836,2425,群益金鼎,2024-01-22,9100
00830,國泰費城半導體,2338,1,2337,群益金鼎,2024-01-22,9100
00895,富邦未來車,1681,0,1681,群益金鼎,2024-01-22,9100
00919,群益台灣精選高息,1669,182,1487,群益金鼎,2024-01-22,9100
00633L,富邦上証正2,1404,50,1354,群益金鼎,2024-01-22,9100
00751B,元大AAA至A公司債,1325,24,1301,群益金鼎,2024-01-22,9100
2356,英業達,2394,1098,1296,群益金鼎,2024-01-22,9100
6237,驊訊,1280,27,1253,群益金鼎,2024-01-22,9100
2376,技嘉,1717,520,1197,群益金鼎,2024-01-22,9100
3615,安可,1100,8,1092,群益金鼎,2024-01-22,9100
00881,國泰台灣5G+,1026,5,1021,群益金鼎,2024-01-22,9100
00894,中信小資高價30,860,1,859,群益金鼎,2024-01-22,9100
6140,訊達,1344,599,745,群益金鼎,2024-01-22,9100
00931B,統一美債20年,662,3,659,群益金鼎,2024-01-22,9100
5351,鈺創,625,6,619,群益金鼎,2024-01-22,9100
00773B,中信優先金融債,635,24,611,群益金鼎,2024-01-22,9100
2540,愛山林,583,0,583,群益金鼎,2024-01-22,9100
00722B,群益投資級電信債,1715,1151,564,群益金鼎,2024-01-22,9100
00903,富邦元宇宙,551,0,551,群益金鼎,2024-01-22,9100
00927,群益半導體收益,694,200,494,群益金鼎,2024-01-22,9100
00655L,國泰中國A50正2,466,0,466,群益金鼎,2024-01-22,9100
00929,復華台灣科技優息,2395,1962,433,群益金鼎,2024-01-22,9100
00715L,期街口布蘭特正2,454,30,424,群益金鼎,2024-01-22,9100
00891,中信關鍵半導體,404,5,399,群益金鼎,2024-01-22,9100
00864B,中信美國公債0-1,607,227,380,群益金鼎,2024-01-22,9100
00669R,國泰美國道瓊反1,1075,700,375,群益金鼎,2024-01-22,9100
2401,凌陽,393,38,355,群益金鼎,2024-01-22,9100
00764B,群益25年美債,5233,4922,311,群益金鼎,2024-01-22,9100
00923,群益台ESG低碳50,301,5,296,群益金鼎,2024-01-22,9100
00876,元大全球5G,354,62,292,群益金鼎,2024-01-22,9100
00713,元大台灣高息低波,288,3,285,群益金鼎,2024-01-22,9100
00636,國泰中國A50,330,56,274,群益金鼎,2024-01-22,9100
00720B,元大投資級公司債,273,1,272,群益金鼎,2024-01-22,9100
3706,神達,475,220,255,群益金鼎,2024-01-22,9100
1101,台泥,276,22,254,群益金鼎,2024-01-22,9100
00862B,中信投資級公司債,322,101,221,群益金鼎,2024-01-22,9100
3035,智原,340,136,204,群益金鼎,2024-01-22,9100
2889,國票金,200,0,200,群益金鼎,2024-01-22,9100
00905,FT臺灣Smart,190,0,190,群益金鼎,2024-01-22,9100
00916,國泰全球品牌50,301,115,186,群益金鼎,2024-01-22,9100
00892,富邦台灣半導體,211,28,183,群益金鼎,2024-01-22,9100
00934,中信成長高股息,173,0,173,群益金鼎,2024-01-22,9100
8996,高力,174,2,172,群益金鼎,2024-01-22,9100
00715L,期街口布蘭特正2,4983,482,4501,群益金鼎,2024-01-23,9100
00719B,元大美債1-3,3065,0,3065,群益金鼎,2024-01-23,9100
00665L,富邦�琤肭磪囓�2,5104,2314,2790,群益金鼎,2024-01-23,9100
2371,大同,1511,78,1433,群益金鼎,2024-01-23,9100
00900,富邦特選高股息30,1400,198,1202,群益金鼎,2024-01-23,9100
4909,新復興,1001,1,1000,群益金鼎,2024-01-23,9100
2337,旺宏,806,6,800,群益金鼎,2024-01-23,9100
5347,世界,813,64,749,群益金鼎,2024-01-23,9100
00764B,群益25年美債,1773,1111,662,群益金鼎,2024-01-23,9100
00669R,國泰美國道瓊反1,667,89,578,群益金鼎,2024-01-23,9100
00638R,元大滬深300反1,576,0,576,群益金鼎,2024-01-23,9100
00895,富邦未來車,542,0,542,群益金鼎,2024-01-23,9100
9958,世紀鋼,565,49,516,群益金鼎,2024-01-23,9100
3055,蔚華科,510,8,502,群益金鼎,2024-01-23,9100
00896,中信綠能及電動車,461,2,459,群益金鼎,2024-01-23,9100
00903,富邦元宇宙,452,0,452,群益金鼎,2024-01-23,9100
00642U,期元大S＆P石油,420,0,420,群益金鼎,2024-01-23,9100
2540,愛山林,381,0,381,群益金鼎,2024-01-23,9100
00864B,中信美國公債0-1,508,154,354,群益金鼎,2024-01-23,9100
00631L,元大台灣50正2,309,3,306,群益金鼎,2024-01-23,9100
2313,華通,349,75,274,群益金鼎,2024-01-23,9100
6116,彩晶,284,30,254,群益金鼎,2024-01-23,9100
2344,華邦電,690,443,247,群益金鼎,2024-01-23,9100
00891,中信關鍵半導體,224,0,224,群益金鼎,2024-01-23,9100
00893,國泰智能電動車,673,463,210,群益金鼎,2024-01-23,9100
3105,穩懋,218,9,209,群益金鼎,2024-01-23,9100
2360,致茂,200,0,200,群益金鼎,2024-01-23,9100
00713,元大台灣高息低波,254,55,199,群益金鼎,2024-01-23,9100
00697B,元大美債7-10,196,0,196,群益金鼎,2024-01-23,9100
00924,復華S＆P500成長,194,0,194,群益金鼎,2024-01-23,9100
2460,建通,198,5,193,群益金鼎,2024-01-23,9100
2383,台光電,232,47,185,群益金鼎,2024-01-23,9100
2376,技嘉,352,182,170,群益金鼎,2024-01-23,9100
00915,凱基優選高股息30,219,51,168,群益金鼎,2024-01-23,9100
00894,中信小資高價30,163,0,163,群益金鼎,2024-01-23,9100
00907,永豐優息存股,165,4,161,群益金鼎,2024-01-23,9100
2618,長榮航,754,593,161,群益金鼎,2024-01-23,9100
2369,菱生,534,385,149,群益金鼎,2024-01-23,9100
3545,敦泰,202,56,146,群益金鼎,2024-01-23,9100
5452,佶優,141,0,141,群益金鼎,2024-01-23,9100
3324,雙鴻,162,33,129,群益金鼎,2024-01-23,9100
2368,金像電,168,45,123,群益金鼎,2024-01-23,9100
00643,群益深証中小,234,111,123,群益金鼎,2024-01-23,9100
3035,智原,205,84,121,群益金鼎,2024-01-23,9100
00927,群益半導體收益,120,0,120,群益金鼎,2024-01-23,9100
00862B,中信投資級公司債,216,100,116,群益金鼎,2024-01-23,9100
00636,國泰中國A50,240,125,115,群益金鼎,2024-01-23,9100
3265,台星科,138,24,114,群益金鼎,2024-01-23,9100
00651R,復華香港反1,152,39,113,群益金鼎,2024-01-23,9100
00728,第一金工業30,109,0,109,群益金鼎,2024-01-23,9100
00893,國泰智能電動車,1819,0,1819,群益金鼎,2024-01-24,9100
00881,國泰台灣5G+,1376,16,1360,群益金鼎,2024-01-24,9100
00864B,中信美國公債0-1,1058,285,773,群益金鼎,2024-01-24,9100
4909,新復興,2665,2030,635,群益金鼎,2024-01-24,9100
00665L,富邦�琤肭磪囓�2,671,134,537,群益金鼎,2024-01-24,9100
00878,國泰永續高股息,650,119,531,群益金鼎,2024-01-24,9100
00903,富邦元宇宙,468,0,468,群益金鼎,2024-01-24,9100
2409,友達,827,394,433,群益金鼎,2024-01-24,9100
00900,富邦特選高股息30,426,0,426,群益金鼎,2024-01-24,9100
2540,愛山林,421,0,421,群益金鼎,2024-01-24,9100
00923,群益台ESG低碳50,422,18,404,群益金鼎,2024-01-24,9100
3045,台灣大,300,0,300,群益金鼎,2024-01-24,9100
2313,華通,468,173,295,群益金鼎,2024-01-24,9100
6257,矽格,308,21,287,群益金鼎,2024-01-24,9100
3005,神基,303,31,272,群益金鼎,2024-01-24,9100
00861,元大全球未來通訊,241,0,241,群益金鼎,2024-01-24,9100
2408,南亞科,292,54,238,群益金鼎,2024-01-24,9100
00891,中信關鍵半導體,187,7,180,群益金鼎,2024-01-24,9100
3605,宏致,181,2,179,群益金鼎,2024-01-24,9100
3450,聯鈞,256,79,177,群益金鼎,2024-01-24,9100
3483,力致,187,16,171,群益金鼎,2024-01-24,9100
6265,方土昶,170,2,168,群益金鼎,2024-01-24,9100
5009,榮剛,165,9,156,群益金鼎,2024-01-24,9100
00862B,中信投資級公司債,250,100,150,群益金鼎,2024-01-24,9100
00927,群益半導體收益,148,6,142,群益金鼎,2024-01-24,9100
2618,長榮航,157,20,137,群益金鼎,2024-01-24,9100
2888,新光金,234,103,131,群益金鼎,2024-01-24,9100
3036,文曄,223,99,124,群益金鼎,2024-01-24,9100
6550,北極星藥業-KY,117,0,117,群益金鼎,2024-01-24,9100
00919,群益台灣精選高息,1161,1049,112,群益金鼎,2024-01-24,9100
9910,豐泰,100,0,100,群益金鼎,2024-01-24,9100
00852L,國泰美國道瓊正2,101,3,98,群益金鼎,2024-01-24,9100
3694,海華,106,12,94,群益金鼎,2024-01-24,9100
2369,菱生,505,413,92,群益金鼎,2024-01-24,9100
2484,希華,98,6,92,群益金鼎,2024-01-24,9100
3376,新日興,97,6,91,群益金鼎,2024-01-24,9100
00859B,群益0-1年美債,241,150,91,群益金鼎,2024-01-24,9100
3324,雙鴻,109,24,85,群益金鼎,2024-01-24,9100
00895,富邦未來車,81,0,81,群益金鼎,2024-01-24,9100
1319,東陽,109,29,80,群益金鼎,2024-01-24,9100
00865B,國泰US短期公債,79,0,79,群益金鼎,2024-01-24,9100
6187,萬潤,78,2,76,群益金鼎,2024-01-24,9100
2317,鴻海,72,2,70,群益金鼎,2024-01-24,9100
00848B,中信新興亞洲債,170,100,70,群益金鼎,2024-01-24,9100
2382,廣達,145,76,69,群益金鼎,2024-01-24,9100
5234,達興材料,90,22,68,群益金鼎,2024-01-24,9100
3035,智原,268,201,67,群益金鼎,2024-01-24,9100
00713,元大台灣高息低波,102,35,67,群益金鼎,2024-01-24,9100
006205,富邦上証,68,4,64,群益金鼎,2024-01-24,9100
8085,福華,68,4,64,群益金鼎,2024-01-24,9100
00637L,元大滬深300正2,4224,407,3817,群益金鼎,2024-01-25,9100
00891,中信關鍵半導體,3563,19,3544,群益金鼎,2024-01-25,9100
00715L,期街口布蘭特正2,3158,0,3158,群益金鼎,2024-01-25,9100
00881,國泰台灣5G+,1838,26,1812,群益金鼎,2024-01-25,9100
00900,富邦特選高股息30,1724,100,1624,群益金鼎,2024-01-25,9100
00665L,富邦�琤肭磪囓�2,2528,980,1548,群益金鼎,2024-01-25,9100
00895,富邦未來車,1455,0,1455,群益金鼎,2024-01-25,9100
3694,海華,1389,147,1242,群益金鼎,2024-01-25,9100
3623,富晶通,877,6,871,群益金鼎,2024-01-25,9100
00642U,期元大S＆P石油,852,0,852,群益金鼎,2024-01-25,9100
2376,技嘉,1197,443,754,群益金鼎,2024-01-25,9100
2303,聯電,1346,601,745,群益金鼎,2024-01-25,9100
2540,愛山林,738,0,738,群益金鼎,2024-01-25,9100
00888,永豐台灣ESG,717,0,717,群益金鼎,2024-01-25,9100
00643,群益深証中小,1224,560,664,群益金鼎,2024-01-25,9100
00927,群益半導體收益,659,11,648,群益金鼎,2024-01-25,9100
00650L,復華香港正2,966,369,597,群益金鼎,2024-01-25,9100
3376,新日興,576,28,548,群益金鼎,2024-01-25,9100
2408,南亞科,565,41,524,群益金鼎,2024-01-25,9100
1319,東陽,600,101,499,群益金鼎,2024-01-25,9100
00636,國泰中國A50,772,309,463,群益金鼎,2024-01-25,9100
00903,富邦元宇宙,352,0,352,群益金鼎,2024-01-25,9100
00893,國泰智能電動車,442,109,333,群益金鼎,2024-01-25,9100
00923,群益台ESG低碳50,291,18,273,群益金鼎,2024-01-25,9100
00924,復華S＆P500成長,256,2,254,群益金鼎,2024-01-25,9100
00936,台新永續高息中小,243,0,243,群益金鼎,2024-01-25,9100
00935,野村臺灣新科技50,230,2,228,群益金鼎,2024-01-25,9100
00692,富邦公司治理,338,122,216,群益金鼎,2024-01-25,9100
6239,力成,252,41,211,群益金鼎,2024-01-25,9100
00850,元大臺灣ESG永續,204,0,204,群益金鼎,2024-01-25,9100
00725B,國泰投資級公司債,225,48,177,群益金鼎,2024-01-25,9100
00878,國泰永續高股息,163,11,152,群益金鼎,2024-01-25,9100
2458,義隆,152,3,149,群益金鼎,2024-01-25,9100
00738U,期元大道瓊白銀,143,0,143,群益金鼎,2024-01-25,9100
00905,FT臺灣Smart,133,0,133,群益金鼎,2024-01-25,9100
1312,國喬,131,1,130,群益金鼎,2024-01-25,9100
00876,元大全球5G,117,0,117,群益金鼎,2024-01-25,9100
2002,中鋼,116,0,116,群益金鼎,2024-01-25,9100
00848B,中信新興亞洲債,214,103,111,群益金鼎,2024-01-25,9100
2431,聯昌,110,0,110,群益金鼎,2024-01-25,9100
00894,中信小資高價30,102,0,102,群益金鼎,2024-01-25,9100
6679,鈺太,110,15,95,群益金鼎,2024-01-25,9100
00861,元大全球未來通訊,87,0,87,群益金鼎,2024-01-25,9100
2301,光寶科,181,98,83,群益金鼎,2024-01-25,9100
0056,元大高股息,72,0,72,群益金鼎,2024-01-25,9100
3036,文曄,148,77,71,群益金鼎,2024-01-25,9100
3005,神基,123,53,70,群益金鼎,2024-01-25,9100
00830,國泰費城半導體,225,161,64,群益金鼎,2024-01-25,9100
00657,國泰日經225,78,15,63,群益金鼎,2024-01-25,9100
2890,永豐金,105,42,63,群益金鼎,2024-01-25,9100
00715L,期街口布蘭特正2,1561,4,1557,群益金鼎,2024-01-26,9100
00935,野村臺灣新科技50,1329,21,1308,群益金鼎,2024-01-26,9100
3481,群創,2897,2005,892,群益金鼎,2024-01-26,9100
00893,國泰智能電動車,867,1,866,群益金鼎,2024-01-26,9100
2886,兆豐金,571,8,563,群益金鼎,2024-01-26,9100
2540,愛山林,535,0,535,群益金鼎,2024-01-26,9100
00671R,富邦NASDAQ反1,500,0,500,群益金鼎,2024-01-26,9100
00937B,群益ESG投等債20,852,414,438,群益金鼎,2024-01-26,9100
00631L,元大台灣50正2,405,1,404,群益金鼎,2024-01-26,9100
00891,中信關鍵半導體,315,0,315,群益金鼎,2024-01-26,9100
00905,FT臺灣Smart,307,1,306,群益金鼎,2024-01-26,9100
00642U,期元大S＆P石油,306,0,306,群益金鼎,2024-01-26,9100
00650L,復華香港正2,280,0,280,群益金鼎,2024-01-26,9100
00923,群益台ESG低碳50,278,10,268,群益金鼎,2024-01-26,9100
00725B,國泰投資級公司債,256,1,255,群益金鼎,2024-01-26,9100
00927,群益半導體收益,237,8,229,群益金鼎,2024-01-26,9100
2337,旺宏,179,0,179,群益金鼎,2024-01-26,9100
00903,富邦元宇宙,167,1,166,群益金鼎,2024-01-26,9100
2317,鴻海,166,8,158,群益金鼎,2024-01-26,9100
9910,豐泰,140,0,140,群益金鼎,2024-01-26,9100
6546,正基,148,19,129,群益金鼎,2024-01-26,9100
8069,元太,340,216,124,群益金鼎,2024-01-26,9100
2440,太空梭,122,2,120,群益金鼎,2024-01-26,9100
00895,富邦未來車,111,1,110,群益金鼎,2024-01-26,9100
3402,漢科,110,2,108,群益金鼎,2024-01-26,9100
3037,欣興,194,87,107,群益金鼎,2024-01-26,9100
2421,建準,171,69,102,群益金鼎,2024-01-26,9100
2354,鴻準,100,1,99,群益金鼎,2024-01-26,9100
5203,訊連,96,0,96,群益金鼎,2024-01-26,9100
3005,神基,209,118,91,群益金鼎,2024-01-26,9100
00751B,元大AAA至A公司債,90,1,89,群益金鼎,2024-01-26,9100
00894,中信小資高價30,83,1,82,群益金鼎,2024-01-26,9100
006205,富邦上証,84,4,80,群益金鼎,2024-01-26,9100
6270,倍微,421,341,80,群益金鼎,2024-01-26,9100
00876,元大全球5G,95,16,79,群益金鼎,2024-01-26,9100
00668,國泰美國道瓊,79,0,79,群益金鼎,2024-01-26,9100
4968,立積,82,11,71,群益金鼎,2024-01-26,9100
00692,富邦公司治理,73,6,67,群益金鼎,2024-01-26,9100
00640L,富邦日本正2,64,0,64,群益金鼎,2024-01-26,9100
00896,中信綠能及電動車,60,0,60,群益金鼎,2024-01-26,9100
00900,富邦特選高股息30,81,21,60,群益金鼎,2024-01-26,9100
5469,瀚宇博,67,10,57,群益金鼎,2024-01-26,9100
00764B,群益25年美債,3147,3094,53,群益金鼎,2024-01-26,9100
00762,元大全球AI,60,7,53,群益金鼎,2024-01-26,9100
2520,冠德,66,14,52,群益金鼎,2024-01-26,9100
3014,聯陽,54,3,51,群益金鼎,2024-01-26,9100
4746,台耀,123,72,51,群益金鼎,2024-01-26,9100
1513,中興電,64,13,51,群益金鼎,2024-01-26,9100
3297,杭特,50,0,50,群益金鼎,2024-01-26,9100
00753L,中信中國50正2,59,10,49,群益金鼎,2024-01-26,9100
00637L,元大滬深300正2,5587,245,5342,群益金鼎,2024-01-29,9100
00715L,期街口布蘭特正2,4413,4,4409,群益金鼎,2024-01-29,9100
00900,富邦特選高股息30,1608,0,1608,群益金鼎,2024-01-29,9100
00895,富邦未來車,1052,0,1052,群益金鼎,2024-01-29,9100
3481,群創,1600,670,930,群益金鼎,2024-01-29,9100
00891,中信關鍵半導體,862,26,836,群益金鼎,2024-01-29,9100
4960,誠美材,816,9,807,群益金鼎,2024-01-29,9100
00923,群益台ESG低碳50,615,1,614,群益金鼎,2024-01-29,9100
00927,群益半導體收益,619,8,611,群益金鼎,2024-01-29,9100
00893,國泰智能電動車,1014,482,532,群益金鼎,2024-01-29,9100
2467,志聖,530,6,524,群益金鼎,2024-01-29,9100
6113,亞矽,507,15,492,群益金鼎,2024-01-29,9100
2421,建準,578,115,463,群益金鼎,2024-01-29,9100
2540,愛山林,450,0,450,群益金鼎,2024-01-29,9100
00642U,期元大S＆P石油,438,0,438,群益金鼎,2024-01-29,9100
3694,海華,1593,1171,422,群益金鼎,2024-01-29,9100
00881,國泰台灣5G+,522,110,412,群益金鼎,2024-01-29,9100
00894,中信小資高價30,406,0,406,群益金鼎,2024-01-29,9100
00896,中信綠能及電動車,403,0,403,群益金鼎,2024-01-29,9100
00903,富邦元宇宙,299,0,299,群益金鼎,2024-01-29,9100
8044,網家,303,7,296,群益金鼎,2024-01-29,9100
00650L,復華香港正2,407,150,257,群益金鼎,2024-01-29,9100
2313,華通,372,123,249,群益金鼎,2024-01-29,9100
006205,富邦上証,255,15,240,群益金鼎,2024-01-29,9100
00924,復華S＆P500成長,220,0,220,群益金鼎,2024-01-29,9100
3231,緯創,262,51,211,群益金鼎,2024-01-29,9100
00908,富邦入息REITs+,200,0,200,群益金鼎,2024-01-29,9100
2303,聯電,385,187,198,群益金鼎,2024-01-29,9100
2618,長榮航,1022,824,198,群益金鼎,2024-01-29,9100
8040,九暘,194,4,190,群益金鼎,2024-01-29,9100
00919,群益台灣精選高息,245,71,174,群益金鼎,2024-01-29,9100
3036,文曄,221,68,153,群益金鼎,2024-01-29,9100
3376,新日興,264,135,129,群益金鼎,2024-01-29,9100
2330,台積電,134,15,119,群益金鼎,2024-01-29,9100
00909,國泰數位支付服務,118,0,118,群益金鼎,2024-01-29,9100
00861,元大全球未來通訊,117,0,117,群益金鼎,2024-01-29,9100
3673,TPK-KY,124,8,116,群益金鼎,2024-01-29,9100
1795,美時,106,2,104,群益金鼎,2024-01-29,9100
6546,正基,124,23,101,群益金鼎,2024-01-29,9100
3037,欣興,142,42,100,群益金鼎,2024-01-29,9100
2206,三陽工業,88,0,88,群益金鼎,2024-01-29,9100
2355,敬鵬,141,58,83,群益金鼎,2024-01-29,9100
00633L,富邦上証正2,192,109,83,群益金鼎,2024-01-29,9100
2101,南港,77,0,77,群益金鼎,2024-01-29,9100
4736,泰博,76,0,76,群益金鼎,2024-01-29,9100
6191,精成科,77,5,72,群益金鼎,2024-01-29,9100
6414,樺漢,70,0,70,群益金鼎,2024-01-29,9100
00631L,元大台灣50正2,67,0,67,群益金鼎,2024-01-29,9100
2409,友達,348,281,67,群益金鼎,2024-01-29,9100
1560,中砂,74,8,66,群益金鼎,2024-01-29,9100
00937B,群益ESG投等債20,7617,2259,5358,群益金鼎,2024-01-30,9100
00671R,富邦NASDAQ反1,3800,0,3800,群益金鼎,2024-01-30,9100
00772B,中信高評級公司債,2065,4,2061,群益金鼎,2024-01-30,9100
00893,國泰智能電動車,1804,91,1713,群益金鼎,2024-01-30,9100
00632R,元大台灣50反1,1996,499,1497,群益金鼎,2024-01-30,9100
00881,國泰台灣5G+,1376,15,1361,群益金鼎,2024-01-30,9100
00725B,國泰投資級公司債,992,1,991,群益金鼎,2024-01-30,9100
00900,富邦特選高股息30,1001,11,990,群益金鼎,2024-01-30,9100
00773B,中信優先金融債,927,1,926,群益金鼎,2024-01-30,9100
00751B,元大AAA至A公司債,811,1,810,群益金鼎,2024-01-30,9100
00722B,群益投資級電信債,2185,1476,709,群益金鼎,2024-01-30,9100
00888,永豐台灣ESG,628,0,628,群益金鼎,2024-01-30,9100
00933B,國泰10Y+金融債,2720,2118,602,群益金鼎,2024-01-30,9100
2412,中華電,612,34,578,群益金鼎,2024-01-30,9100
00891,中信關鍵半導體,538,16,522,群益金鼎,2024-01-30,9100
3324,雙鴻,759,248,511,群益金鼎,2024-01-30,9100
00924,復華S＆P500成長,500,1,499,群益金鼎,2024-01-30,9100
3055,蔚華科,518,23,495,群益金鼎,2024-01-30,9100
00903,富邦元宇宙,458,1,457,群益金鼎,2024-01-30,9100
00926,凱基全球菁英55,430,0,430,群益金鼎,2024-01-30,9100
2540,愛山林,421,0,421,群益金鼎,2024-01-30,9100
006205,富邦上証,410,0,410,群益金鼎,2024-01-30,9100
2369,菱生,716,376,340,群益金鼎,2024-01-30,9100
00917,中信特選金融,338,0,338,群益金鼎,2024-01-30,9100
00929,復華台灣科技優息,894,575,319,群益金鼎,2024-01-30,9100
2449,京元電子,457,148,309,群益金鼎,2024-01-30,9100
00895,富邦未來車,306,1,305,群益金鼎,2024-01-30,9100
3264,欣銓,300,0,300,群益金鼎,2024-01-30,9100
00720B,元大投資級公司債,400,103,297,群益金鼎,2024-01-30,9100
2376,技嘉,439,145,294,群益金鼎,2024-01-30,9100
00923,群益台ESG低碳50,299,20,279,群益金鼎,2024-01-30,9100
8069,元太,278,37,241,群益金鼎,2024-01-30,9100
00673R,期元大S＆P原油反1,227,0,227,群益金鼎,2024-01-30,9100
00862B,中信投資級公司債,326,103,223,群益金鼎,2024-01-30,9100
3231,緯創,1292,1076,216,群益金鼎,2024-01-30,9100
00915,凱基優選高股息30,383,167,216,群益金鼎,2024-01-30,9100
3037,欣興,301,89,212,群益金鼎,2024-01-30,9100
00894,中信小資高價30,210,1,209,群益金鼎,2024-01-30,9100
00738U,期元大道瓊白銀,195,0,195,群益金鼎,2024-01-30,9100
00892,富邦台灣半導體,160,1,159,群益金鼎,2024-01-30,9100
2329,華泰,238,86,152,群益金鼎,2024-01-30,9100
3017,奇鋐,366,218,148,群益金鼎,2024-01-30,9100
3376,新日興,240,114,126,群益金鼎,2024-01-30,9100
00757,統一FANG+,123,0,123,群益金鼎,2024-01-30,9100
2454,聯發科,146,28,118,群益金鼎,2024-01-30,9100
00715L,期街口布蘭特正2,800,682,118,群益金鼎,2024-01-30,9100
00878,國泰永續高股息,242,141,101,群益金鼎,2024-01-30,9100
00639,富邦深100,100,0,100,群益金鼎,2024-01-30,9100
00728,第一金工業30,95,1,94,群益金鼎,2024-01-30,9100
00927,群益半導體收益,156,67,89,群益金鼎,2024-01-30,9100
2890,永豐金,3000,0,3000,群益金鼎,2024-01-31,9100
2892,第一金,2500,0,2500,群益金鼎,2024-01-31,9100
00770,國泰北美科技,1400,0,1400,群益金鼎,2024-01-31,9100
6530,創威,1016,19,997,群益金鼎,2024-01-31,9100
00662,富邦NASDAQ,1000,5,995,群益金鼎,2024-01-31,9100
2886,兆豐金,720,5,715,群益金鼎,2024-01-31,9100
6442,光聖,721,8,713,群益金鼎,2024-01-31,9100
6274,台燿,875,207,668,群益金鼎,2024-01-31,9100
00891,中信關鍵半導體,626,0,626,群益金鼎,2024-01-31,9100
5876,上海商銀,500,0,500,群益金鼎,2024-01-31,9100
6684,安格,543,46,497,群益金鼎,2024-01-31,9100
00919,群益台灣精選高息,491,31,460,群益金鼎,2024-01-31,9100
00888,永豐台灣ESG,449,0,449,群益金鼎,2024-01-31,9100
00929,復華台灣科技優息,1765,1317,448,群益金鼎,2024-01-31,9100
5251,天鉞電,426,6,420,群益金鼎,2024-01-31,9100
2540,愛山林,421,2,419,群益金鼎,2024-01-31,9100
00715L,期街口布蘭特正2,400,0,400,群益金鼎,2024-01-31,9100
00876,元大全球5G,381,0,381,群益金鼎,2024-01-31,9100
00772B,中信高評級公司債,340,1,339,群益金鼎,2024-01-31,9100
6282,康舒,350,14,336,群益金鼎,2024-01-31,9100
2409,友達,481,166,315,群益金鼎,2024-01-31,9100
006205,富邦上証,281,12,269,群益金鼎,2024-01-31,9100
3017,奇鋐,349,122,227,群益金鼎,2024-01-31,9100
00671R,富邦NASDAQ反1,221,0,221,群益金鼎,2024-01-31,9100
2303,聯電,602,391,211,群益金鼎,2024-01-31,9100
00686R,群益臺灣加權反1,200,0,200,群益金鼎,2024-01-31,9100
00751B,元大AAA至A公司債,1196,998,198,群益金鼎,2024-01-31,9100
2330,台積電,455,283,172,群益金鼎,2024-01-31,9100
3044,健鼎,186,20,166,群益金鼎,2024-01-31,9100
3376,新日興,217,84,133,群益金鼎,2024-01-31,9100
00638R,元大滬深300反1,121,0,121,群益金鼎,2024-01-31,9100
3036,文曄,191,77,114,群益金鼎,2024-01-31,9100
2324,仁寶,218,107,111,群益金鼎,2024-01-31,9100
00640L,富邦日本正2,120,10,110,群益金鼎,2024-01-31,9100
00915,凱基優選高股息30,465,357,108,群益金鼎,2024-01-31,9100
3360,尚立,215,118,97,群益金鼎,2024-01-31,9100
4938,和碩,121,25,96,群益金鼎,2024-01-31,9100
6113,亞矽,307,215,92,群益金鼎,2024-01-31,9100
2454,聯發科,203,114,89,群益金鼎,2024-01-31,9100
00728,第一金工業30,90,1,89,群益金鼎,2024-01-31,9100
00632R,元大台灣50反1,101,15,86,群益金鼎,2024-01-31,9100
00881,國泰台灣5G+,80,0,80,群益金鼎,2024-01-31,9100
8086,宏捷科,95,15,80,群益金鼎,2024-01-31,9100
3450,聯鈞,95,23,72,群益金鼎,2024-01-31,9100
00738U,期元大道瓊白銀,59,0,59,群益金鼎,2024-01-31,9100
3033,威健,78,23,55,群益金鼎,2024-01-31,9100
9904,寶成,112,57,55,群益金鼎,2024-01-31,9100
9914,美利達,50,0,50,群益金鼎,2024-01-31,9100
9907,統一實,50,0,50,群益金鼎,2024-01-31,9100
1504,東元,55,8,47,群益金鼎,2024-01-31,9100
00632R,元大台灣50反1,9888,1,9887,群益金鼎,2024-02-01,9100
00720B,元大投資級公司債,5883,1,5882,群益金鼎,2024-02-01,9100
00772B,中信高評級公司債,4722,1,4721,群益金鼎,2024-02-01,9100
00751B,元大AAA至A公司債,3595,0,3595,群益金鼎,2024-02-01,9100
00773B,中信優先金融債,2242,0,2242,群益金鼎,2024-02-01,9100
00688L,國泰20年美債正2,1877,5,1872,群益金鼎,2024-02-01,9100
00830,國泰費城半導體,1725,183,1542,群益金鼎,2024-02-01,9100
3376,新日興,1575,83,1492,群益金鼎,2024-02-01,9100
00893,國泰智能電動車,1643,459,1184,群益金鼎,2024-02-01,9100
00722B,群益投資級電信債,2265,1252,1013,群益金鼎,2024-02-01,9100
00876,元大全球5G,861,0,861,群益金鼎,2024-02-01,9100
2886,兆豐金,827,2,825,群益金鼎,2024-02-01,9100
00895,富邦未來車,606,0,606,群益金鼎,2024-02-01,9100
3481,群創,1636,1046,590,群益金鼎,2024-02-01,9100
00864B,中信美國公債0-1,653,100,553,群益金鼎,2024-02-01,9100
00671R,富邦NASDAQ反1,499,0,499,群益金鼎,2024-02-01,9100
1503,士電,522,35,487,群益金鼎,2024-02-01,9100
2881,富邦金,522,89,433,群益金鼎,2024-02-01,9100
2330,台積電,426,15,411,群益金鼎,2024-02-01,9100
00757,統一FANG+,440,50,390,群益金鼎,2024-02-01,9100
00896,中信綠能及電動車,355,0,355,群益金鼎,2024-02-01,9100
3622,洋華,354,2,352,群益金鼎,2024-02-01,9100
00862B,中信投資級公司債,430,100,330,群益金鼎,2024-02-01,9100
00902,中信電池及儲能,451,161,290,群益金鼎,2024-02-01,9100
2371,大同,277,4,273,群益金鼎,2024-02-01,9100
6282,康舒,317,64,253,群益金鼎,2024-02-01,9100
00723B,群益投資級科技債,280,50,230,群益金鼎,2024-02-01,9100
00907,永豐優息存股,214,0,214,群益金鼎,2024-02-01,9100
00931B,統一美債20年,287,85,202,群益金鼎,2024-02-01,9100
00922,國泰台灣領袖50,201,0,201,群益金鼎,2024-02-01,9100
00676R,富邦臺灣加權反1,200,0,200,群益金鼎,2024-02-01,9100
2376,技嘉,388,194,194,群益金鼎,2024-02-01,9100
00755B,群益投資級公用債,217,49,168,群益金鼎,2024-02-01,9100
5258,虹堡,169,4,165,群益金鼎,2024-02-01,9100
00724B,群益投資級金融債,339,175,164,群益金鼎,2024-02-01,9100
00636,國泰中國A50,158,0,158,群益金鼎,2024-02-01,9100
6277,宏正,152,0,152,群益金鼎,2024-02-01,9100
00738U,期元大道瓊白銀,141,0,141,群益金鼎,2024-02-01,9100
3131,弘塑,141,1,140,群益金鼎,2024-02-01,9100
2303,聯電,589,458,131,群益金鼎,2024-02-01,9100
00719B,元大美債1-3,130,0,130,群益金鼎,2024-02-01,9100
00754B,群益AAA-AA公司,178,50,128,群益金鼎,2024-02-01,9100
0050,元大台灣50,130,6,124,群益金鼎,2024-02-01,9100
00892,富邦台灣半導體,122,0,122,群益金鼎,2024-02-01,9100
2421,建準,181,68,113,群益金鼎,2024-02-01,9100
3032,偉訓,239,128,111,群益金鼎,2024-02-01,9100
00926,凱基全球菁英55,102,1,101,群益金鼎,2024-02-01,9100
3533,嘉澤,101,0,101,群益金鼎,2024-02-01,9100
00934,中信成長高股息,100,0,100,群益金鼎,2024-02-01,9100
0051,元大中型100,100,0,100,群益金鼎,2024-02-01,9100
00673R,期元大S＆P原油反1,6478,3,6475,群益金鼎,2024-02-02,9100
00893,國泰智能電動車,3402,0,3402,群益金鼎,2024-02-02,9100
00632R,元大台灣50反1,2560,0,2560,群益金鼎,2024-02-02,9100
00679B,元大美債20年,1878,33,1845,群益金鼎,2024-02-02,9100
00934,中信成長高股息,1500,15,1485,群益金鼎,2024-02-02,9100
00720B,元大投資級公司債,1280,0,1280,群益金鼎,2024-02-02,9100
00931B,統一美債20年,1234,24,1210,群益金鼎,2024-02-02,9100
00895,富邦未來車,1206,0,1206,群益金鼎,2024-02-02,9100
3530,晶相光,1166,22,1144,群益金鼎,2024-02-02,9100
00933B,國泰10Y+金融債,950,0,950,群益金鼎,2024-02-02,9100
00772B,中信高評級公司債,910,0,910,群益金鼎,2024-02-02,9100
00757,統一FANG+,838,0,838,群益金鼎,2024-02-02,9100
2421,建準,939,156,783,群益金鼎,2024-02-02,9100
00876,元大全球5G,733,0,733,群益金鼎,2024-02-02,9100
2357,華碩,570,6,564,群益金鼎,2024-02-02,9100
00645,富邦日本,534,15,519,群益金鼎,2024-02-02,9100
3268,海德威,520,10,510,群益金鼎,2024-02-02,9100
00864B,中信美國公債0-1,872,387,485,群益金鼎,2024-02-02,9100
00907,永豐優息存股,502,40,462,群益金鼎,2024-02-02,9100
6530,創威,1614,1157,457,群益金鼎,2024-02-02,9100
00892,富邦台灣半導體,429,0,429,群益金鼎,2024-02-02,9100
2376,技嘉,667,259,408,群益金鼎,2024-02-02,9100
00706L,期元大S＆P日圓正2,400,0,400,群益金鼎,2024-02-02,9100
0050,元大台灣50,457,117,340,群益金鼎,2024-02-02,9100
3481,群創,963,623,340,群益金鼎,2024-02-02,9100
2365,昆盈,356,17,339,群益金鼎,2024-02-02,9100
00665L,富邦�琤肭磪囓�2,230,0,230,群益金鼎,2024-02-02,9100
00738U,期元大道瓊白銀,209,0,209,群益金鼎,2024-02-02,9100
00861,元大全球未來通訊,200,0,200,群益金鼎,2024-02-02,9100
00657,國泰日經225,192,0,192,群益金鼎,2024-02-02,9100
00638R,元大滬深300反1,169,0,169,群益金鼎,2024-02-02,9100
2438,翔耀,161,4,157,群益金鼎,2024-02-02,9100
5258,虹堡,172,30,142,群益金鼎,2024-02-02,9100
00881,國泰台灣5G+,200,60,140,群益金鼎,2024-02-02,9100
00692,富邦公司治理,124,0,124,群益金鼎,2024-02-02,9100
00903,富邦元宇宙,111,0,111,群益金鼎,2024-02-02,9100
00926,凱基全球菁英55,109,0,109,群益金鼎,2024-02-02,9100
2891,中信金,179,75,104,群益金鼎,2024-02-02,9100
00925,新光標普電動車,103,0,103,群益金鼎,2024-02-02,9100
00713,元大台灣高息低波,101,0,101,群益金鼎,2024-02-02,9100
2308,台達電,112,11,101,群益金鼎,2024-02-02,9100
00924,復華S＆P500成長,101,0,101,群益金鼎,2024-02-02,9100
2371,大同,151,51,100,群益金鼎,2024-02-02,9100
2006,東和鋼鐵,100,0,100,群益金鼎,2024-02-02,9100
00668,國泰美國道瓊,99,0,99,群益金鼎,2024-02-02,9100
2329,華泰,311,217,94,群益金鼎,2024-02-02,9100
00859B,群益0-1年美債,144,51,93,群益金鼎,2024-02-02,9100
00722B,群益投資級電信債,1346,1257,89,群益金鼎,2024-02-02,9100
2379,瑞昱,107,22,85,群益金鼎,2024-02-02,9100
3034,聯詠,87,6,81,群益金鼎,2024-02-02,9100
00637L,元大滬深300正2,26835,8075,18760,群益金鼎,2024-02-05,9100
00673R,期元大S＆P原油反1,9374,0,9374,群益金鼎,2024-02-05,9100
00893,國泰智能電動車,6666,13,6653,群益金鼎,2024-02-05,9100
00881,國泰台灣5G+,1983,2,1981,群益金鼎,2024-02-05,9100
00633L,富邦上証正2,2845,1420,1425,群益金鼎,2024-02-05,9100
00923,群益台ESG低碳50,1099,25,1074,群益金鼎,2024-02-05,9100
00895,富邦未來車,1226,155,1071,群益金鼎,2024-02-05,9100
00671R,富邦NASDAQ反1,999,0,999,群益金鼎,2024-02-05,9100
00878,國泰永續高股息,1465,531,934,群益金鼎,2024-02-05,9100
00934,中信成長高股息,1113,212,901,群益金鼎,2024-02-05,9100
00864B,中信美國公債0-1,939,135,804,群益金鼎,2024-02-05,9100
00664R,國泰臺灣加權反1,793,0,793,群益金鼎,2024-02-05,9100
00650L,復華香港正2,931,215,716,群益金鼎,2024-02-05,9100
2408,南亞科,778,273,505,群益金鼎,2024-02-05,9100
00896,中信綠能及電動車,371,0,371,群益金鼎,2024-02-05,9100
2603,長榮,410,40,370,群益金鼎,2024-02-05,9100
2105,正新,352,0,352,群益金鼎,2024-02-05,9100
00902,中信電池及儲能,543,211,332,群益金鼎,2024-02-05,9100
00903,富邦元宇宙,308,0,308,群益金鼎,2024-02-05,9100
00636,國泰中國A50,420,200,220,群益金鼎,2024-02-05,9100
00646,元大S＆P500,204,0,204,群益金鼎,2024-02-05,9100
00674R,期元大S＆P黃金反1,210,9,201,群益金鼎,2024-02-05,9100
2455,全新,213,13,200,群益金鼎,2024-02-05,9100
2365,昆盈,572,380,192,群益金鼎,2024-02-05,9100
00692,富邦公司治理,255,66,189,群益金鼎,2024-02-05,9100
00719B,元大美債1-3,170,0,170,群益金鼎,2024-02-05,9100
5347,世界,541,387,154,群益金鼎,2024-02-05,9100
00915,凱基優選高股息30,563,415,148,群益金鼎,2024-02-05,9100
5434,崇越,150,10,140,群益金鼎,2024-02-05,9100
00900,富邦特選高股息30,139,0,139,群益金鼎,2024-02-05,9100
00728,第一金工業30,137,0,137,群益金鼎,2024-02-05,9100
8112,至上,150,18,132,群益金鼎,2024-02-05,9100
00857B,永豐20年美公債,126,0,126,群益金鼎,2024-02-05,9100
00918,大華優利高填息30,126,0,126,群益金鼎,2024-02-05,9100
5490,同亨,116,1,115,群益金鼎,2024-02-05,9100
00632R,元大台灣50反1,110,0,110,群益金鼎,2024-02-05,9100
8085,福華,120,13,107,群益金鼎,2024-02-05,9100
0056,元大高股息,108,3,105,群益金鼎,2024-02-05,9100
00655L,國泰中國A50正2,101,0,101,群益金鼎,2024-02-05,9100
00852L,國泰美國道瓊正2,101,0,101,群益金鼎,2024-02-05,9100
6121,新普,100,1,99,群益金鼎,2024-02-05,9100
6282,康舒,193,101,92,群益金鼎,2024-02-05,9100
2727,王品,88,0,88,群益金鼎,2024-02-05,9100
3450,聯鈞,91,6,85,群益金鼎,2024-02-05,9100
00916,國泰全球品牌50,76,0,76,群益金鼎,2024-02-05,9100
00662,富邦NASDAQ,143,70,73,群益金鼎,2024-02-05,9100
2889,國票金,64,2,62,群益金鼎,2024-02-05,9100
3038,全台,60,1,59,群益金鼎,2024-02-05,9100
3105,穩懋,73,15,58,群益金鼎,2024-02-05,9100
00714,群益道瓊美國地產,158,101,57,群益金鼎,2024-02-05,9100
00637L,元大滬深300正2,13742,7,13735,群益金鼎,2024-02-15,9100
00715L,期街口布蘭特正2,9130,4,9126,群益金鼎,2024-02-15,9100
00893,國泰智能電動車,6747,159,6588,群益金鼎,2024-02-15,9100
00643,群益深証中小,2775,135,2640,群益金鼎,2024-02-15,9100
2365,昆盈,3844,1349,2495,群益金鼎,2024-02-15,9100
00927,群益半導體收益,2019,22,1997,群益金鼎,2024-02-15,9100
4714,永捷,2004,8,1996,群益金鼎,2024-02-15,9100
00881,國泰台灣5G+,2077,106,1971,群益金鼎,2024-02-15,9100
00665L,富邦�琤肭磪囓�2,1574,80,1494,群益金鼎,2024-02-15,9100
00891,中信關鍵半導體,1453,10,1443,群益金鼎,2024-02-15,9100
00923,群益台ESG低碳50,1450,16,1434,群益金鼎,2024-02-15,9100
00900,富邦特選高股息30,1425,17,1408,群益金鼎,2024-02-15,9100
00830,國泰費城半導體,1340,142,1198,群益金鼎,2024-02-15,9100
00633L,富邦上証正2,1187,0,1187,群益金鼎,2024-02-15,9100
4908,前鼎,1009,51,958,群益金鼎,2024-02-15,9100
00895,富邦未來車,1014,150,864,群益金鼎,2024-02-15,9100
00876,元大全球5G,840,2,838,群益金鼎,2024-02-15,9100
00902,中信電池及儲能,852,18,834,群益金鼎,2024-02-15,9100
00642U,期元大S＆P石油,826,2,824,群益金鼎,2024-02-15,9100
2353,宏��,800,9,791,群益金鼎,2024-02-15,9100
00655L,國泰中國A50正2,644,23,621,群益金鼎,2024-02-15,9100
00671R,富邦NASDAQ反1,500,0,500,群益金鼎,2024-02-15,9100
00903,富邦元宇宙,486,1,485,群益金鼎,2024-02-15,9100
00773B,中信優先金融債,635,150,485,群益金鼎,2024-02-15,9100
1319,東陽,482,10,472,群益金鼎,2024-02-15,9100
4909,新復興,499,68,431,群益金鼎,2024-02-15,9100
2540,愛山林,421,5,416,群益金鼎,2024-02-15,9100
2301,光寶科,453,45,408,群益金鼎,2024-02-15,9100
00888,永豐台灣ESG,408,3,405,群益金鼎,2024-02-15,9100
00892,富邦台灣半導體,396,3,393,群益金鼎,2024-02-15,9100
2891,中信金,386,1,385,群益金鼎,2024-02-15,9100
00722B,群益投資級電信債,880,527,353,群益金鼎,2024-02-15,9100
2886,兆豐金,348,10,338,群益金鼎,2024-02-15,9100
2204,中華,313,0,313,群益金鼎,2024-02-15,9100
6442,光聖,284,1,283,群益金鼎,2024-02-15,9100
2330,台積電,368,94,274,群益金鼎,2024-02-15,9100
0050,元大台灣50,372,106,266,群益金鼎,2024-02-15,9100
00724B,群益投資級金融債,352,141,211,群益金鼎,2024-02-15,9100
00850,元大臺灣ESG永續,211,0,211,群益金鼎,2024-02-15,9100
00728,第一金工業30,208,1,207,群益金鼎,2024-02-15,9100
2883,凱基金,216,11,205,群益金鼎,2024-02-15,9100
00676R,富邦臺灣加權反1,200,0,200,群益金鼎,2024-02-15,9100
2882,國泰金,217,18,199,群益金鼎,2024-02-15,9100
00915,凱基優選高股息30,402,214,188,群益金鼎,2024-02-15,9100
00669R,國泰美國道瓊反1,583,400,183,群益金鼎,2024-02-15,9100
00897,富邦基因免疫生技,170,0,170,群益金鼎,2024-02-15,9100
3443,創意,218,49,169,群益金鼎,2024-02-15,9100
00905,FT臺灣Smart,170,1,169,群益金鼎,2024-02-15,9100
3450,聯鈞,181,14,167,群益金鼎,2024-02-15,9100
00720B,元大投資級公司債,165,1,164,群益金鼎,2024-02-15,9100
2369,菱生,4956,97,4859,群益金鼎,2024-02-16,9100
00715L,期街口布蘭特正2,4008,0,4008,群益金鼎,2024-02-16,9100
00637L,元大滬深300正2,3268,10,3258,群益金鼎,2024-02-16,9100
00665L,富邦�琤肭磪囓�2,2795,670,2125,群益金鼎,2024-02-16,9100
00830,國泰費城半導體,1829,0,1829,群益金鼎,2024-02-16,9100
00893,國泰智能電動車,1894,437,1457,群益金鼎,2024-02-16,9100
4909,新復興,1303,3,1300,群益金鼎,2024-02-16,9100
4714,永捷,2096,879,1217,群益金鼎,2024-02-16,9100
00633L,富邦上証正2,1078,0,1078,群益金鼎,2024-02-16,9100
2353,宏��,1355,289,1066,群益金鼎,2024-02-16,9100
00900,富邦特選高股息30,901,85,816,群益金鼎,2024-02-16,9100
2330,台積電,766,116,650,群益金鼎,2024-02-16,9100
3363,上詮,646,91,555,群益金鼎,2024-02-16,9100
1513,中興電,564,94,470,群益金鼎,2024-02-16,9100
00923,群益台ESG低碳50,516,66,450,群益金鼎,2024-02-16,9100
00934,中信成長高股息,435,11,424,群益金鼎,2024-02-16,9100
2540,愛山林,421,0,421,群益金鼎,2024-02-16,9100
2324,仁寶,566,192,374,群益金鼎,2024-02-16,9100
1815,富喬,377,56,321,群益金鼎,2024-02-16,9100
00917,中信特選金融,325,5,320,群益金鼎,2024-02-16,9100
2367,燿華,325,19,306,群益金鼎,2024-02-16,9100
8358,金居,371,70,301,群益金鼎,2024-02-16,9100
2355,敬鵬,342,57,285,群益金鼎,2024-02-16,9100
8064,東捷,274,4,270,群益金鼎,2024-02-16,9100
6425,易發,269,2,267,群益金鼎,2024-02-16,9100
3481,群創,655,392,263,群益金鼎,2024-02-16,9100
3036,文曄,346,84,262,群益金鼎,2024-02-16,9100
3017,奇鋐,302,76,226,群益金鼎,2024-02-16,9100
1809,中釉,229,3,226,群益金鼎,2024-02-16,9100
8086,宏捷科,262,46,216,群益金鼎,2024-02-16,9100
2883,凱基金,213,7,206,群益金鼎,2024-02-16,9100
00636,國泰中國A50,395,196,199,群益金鼎,2024-02-16,9100
00915,凱基優選高股息30,351,155,196,群益金鼎,2024-02-16,9100
6265,方土昶,205,11,194,群益金鼎,2024-02-16,9100
2363,矽統,260,71,189,群益金鼎,2024-02-16,9100
6125,廣運,239,54,185,群益金鼎,2024-02-16,9100
6282,康舒,271,95,176,群益金鼎,2024-02-16,9100
6129,普誠,174,0,174,群益金鼎,2024-02-16,9100
8996,高力,201,32,169,群益金鼎,2024-02-16,9100
2368,金像電,358,193,165,群益金鼎,2024-02-16,9100
2388,威盛,210,47,163,群益金鼎,2024-02-16,9100
3479,安勤,144,0,144,群益金鼎,2024-02-16,9100
00655L,國泰中國A50正2,140,0,140,群益金鼎,2024-02-16,9100
3607,谷崧,134,0,134,群益金鼎,2024-02-16,9100
00862B,中信投資級公司債,260,131,129,群益金鼎,2024-02-16,9100
1609,大亞,126,15,111,群益金鼎,2024-02-16,9100
6111,大宇資,116,5,111,群益金鼎,2024-02-16,9100
6719,力智,111,1,110,群益金鼎,2024-02-16,9100
6277,宏正,110,0,110,群益金鼎,2024-02-16,9100
9914,美利達,118,10,108,群益金鼎,2024-02-16,9100
00637L,元大滬深300正2,14548,0,14548,群益金鼎,2024-02-19,9100
00900,富邦特選高股息30,4974,0,4974,群益金鼎,2024-02-19,9100
00715L,期街口布蘭特正2,4194,0,4194,群益金鼎,2024-02-19,9100
00633L,富邦上証正2,3730,0,3730,群益金鼎,2024-02-19,9100
00632R,元大台灣50反1,3241,998,2243,群益金鼎,2024-02-19,9100
00680L,元大美債20正2,4371,2289,2082,群益金鼎,2024-02-19,9100
3481,群創,2181,241,1940,群益金鼎,2024-02-19,9100
00893,國泰智能電動車,1366,1,1365,群益金鼎,2024-02-19,9100
2353,宏��,1526,424,1102,群益金鼎,2024-02-19,9100
00720B,元大投資級公司債,1019,0,1019,群益金鼎,2024-02-19,9100
6164,華興,921,12,909,群益金鼎,2024-02-19,9100
3312,弘憶股,922,21,901,群益金鼎,2024-02-19,9100
2355,敬鵬,938,138,800,群益金鼎,2024-02-19,9100
00665L,富邦�琤肭磪囓�2,733,35,698,群益金鼎,2024-02-19,9100
00643,群益深証中小,723,96,627,群益金鼎,2024-02-19,9100
6285,啟��,639,17,622,群益金鼎,2024-02-19,9100
00642U,期元大S＆P石油,581,0,581,群益金鼎,2024-02-19,9100
1513,中興電,760,187,573,群益金鼎,2024-02-19,9100
8086,宏捷科,540,30,510,群益金鼎,2024-02-19,9100
2313,華通,671,175,496,群益金鼎,2024-02-19,9100
2303,聯電,547,69,478,群益金鼎,2024-02-19,9100
006205,富邦上証,481,25,456,群益金鼎,2024-02-19,9100
2330,台積電,498,82,416,群益金鼎,2024-02-19,9100
6282,康舒,500,109,391,群益金鼎,2024-02-19,9100
2489,瑞軒,396,33,363,群益金鼎,2024-02-19,9100
2455,全新,423,77,346,群益金鼎,2024-02-19,9100
1319,東陽,403,71,332,群益金鼎,2024-02-19,9100
00876,元大全球5G,343,32,311,群益金鼎,2024-02-19,9100
00753L,中信中國50正2,326,20,306,群益金鼎,2024-02-19,9100
2337,旺宏,315,10,305,群益金鼎,2024-02-19,9100
3260,威剛,331,39,292,群益金鼎,2024-02-19,9100
2457,飛宏,329,40,289,群益金鼎,2024-02-19,9100
00892,富邦台灣半導體,231,0,231,群益金鼎,2024-02-19,9100
00862B,中信投資級公司債,329,100,229,群益金鼎,2024-02-19,9100
5483,中美晶,249,22,227,群益金鼎,2024-02-19,9100
1815,富喬,254,51,203,群益金鼎,2024-02-19,9100
8110,華東,219,19,200,群益金鼎,2024-02-19,9100
2347,聯強,204,5,199,群益金鼎,2024-02-19,9100
3006,晶豪科,227,30,197,群益金鼎,2024-02-19,9100
00655L,國泰中國A50正2,191,0,191,群益金鼎,2024-02-19,9100
2891,中信金,185,0,185,群益金鼎,2024-02-19,9100
1809,中釉,199,15,184,群益金鼎,2024-02-19,9100
3264,欣銓,206,23,183,群益金鼎,2024-02-19,9100
2449,京元電子,299,123,176,群益金鼎,2024-02-19,9100
00909,國泰數位支付服務,190,20,170,群益金鼎,2024-02-19,9100
3034,聯詠,175,6,169,群益金鼎,2024-02-19,9100
00927,群益半導體收益,183,15,168,群益金鼎,2024-02-19,9100
3045,台灣大,211,50,161,群益金鼎,2024-02-19,9100
2352,佳世達,267,108,159,群益金鼎,2024-02-19,9100
6239,力成,200,45,155,群益金鼎,2024-02-19,9100
00637L,元大滬深300正2,14742,0,14742,群益金鼎,2024-02-20,9100
00900,富邦特選高股息30,4726,2,4724,群益金鼎,2024-02-20,9100
00715L,期街口布蘭特正2,3739,0,3739,群益金鼎,2024-02-20,9100
1316,上曜,3582,81,3501,群益金鼎,2024-02-20,9100
00885,富邦越南,2016,10,2006,群益金鼎,2024-02-20,9100
00893,國泰智能電動車,1764,29,1735,群益金鼎,2024-02-20,9100
00633L,富邦上証正2,1725,50,1675,群益金鼎,2024-02-20,9100
00934,中信成長高股息,1659,79,1580,群益金鼎,2024-02-20,9100
3055,蔚華科,1168,169,999,群益金鼎,2024-02-20,9100
00919,群益台灣精選高息,3824,2846,978,群益金鼎,2024-02-20,9100
00936,台新永續高息中小,794,11,783,群益金鼎,2024-02-20,9100
006205,富邦上証,780,60,720,群益金鼎,2024-02-20,9100
6164,華興,1250,623,627,群益金鼎,2024-02-20,9100
00927,群益半導體收益,640,61,579,群益金鼎,2024-02-20,9100
00876,元大全球5G,623,51,572,群益金鼎,2024-02-20,9100
2025,千興,558,3,555,群益金鼎,2024-02-20,9100
4729,熒茂,506,7,499,群益金鼎,2024-02-20,9100
6425,易發,502,3,499,群益金鼎,2024-02-20,9100
2606,裕民,511,13,498,群益金鼎,2024-02-20,9100
00903,富邦元宇宙,479,0,479,群益金鼎,2024-02-20,9100
4945,陞達科技,525,50,475,群益金鼎,2024-02-20,9100
2401,凌陽,480,25,455,群益金鼎,2024-02-20,9100
00923,群益台ESG低碳50,691,252,439,群益金鼎,2024-02-20,9100
2324,仁寶,462,33,429,群益金鼎,2024-02-20,9100
00929,復華台灣科技優息,1824,1436,388,群益金鼎,2024-02-20,9100
00882,中信中國高股息,379,11,368,群益金鼎,2024-02-20,9100
00902,中信電池及儲能,358,10,348,群益金鼎,2024-02-20,9100
5284,jpp-KY,355,8,347,群益金鼎,2024-02-20,9100
00881,國泰台灣5G+,447,101,346,群益金鼎,2024-02-20,9100
00895,富邦未來車,345,0,345,群益金鼎,2024-02-20,9100
1560,中砂,353,18,335,群益金鼎,2024-02-20,9100
2408,南亞科,364,37,327,群益金鼎,2024-02-20,9100
00922,國泰台灣領袖50,310,0,310,群益金鼎,2024-02-20,9100
3321,同泰,305,1,304,群益金鼎,2024-02-20,9100
1712,興農,300,0,300,群益金鼎,2024-02-20,9100
00665L,富邦�琤肭磪囓�2,1203,936,267,群益金鼎,2024-02-20,9100
00888,永豐台灣ESG,264,1,263,群益金鼎,2024-02-20,9100
2367,燿華,265,16,249,群益金鼎,2024-02-20,9100
3017,奇鋐,320,83,237,群益金鼎,2024-02-20,9100
00722B,群益投資級電信債,1837,1606,231,群益金鼎,2024-02-20,9100
3545,敦泰,250,24,226,群益金鼎,2024-02-20,9100
00896,中信綠能及電動車,208,0,208,群益金鼎,2024-02-20,9100
00897,富邦基因免疫生技,201,0,201,群益金鼎,2024-02-20,9100
00864B,中信美國公債0-1,293,100,193,群益金鼎,2024-02-20,9100
2421,建準,308,135,173,群益金鼎,2024-02-20,9100
00928,中信上櫃ESG30,171,1,170,群益金鼎,2024-02-20,9100
4953,緯軟,159,2,157,群益金鼎,2024-02-20,9100
2612,中航,151,0,151,群益金鼎,2024-02-20,9100
00640L,富邦日本正2,148,0,148,群益金鼎,2024-02-20,9100
1609,大亞,261,115,146,群益金鼎,2024-02-20,9100
00637L,元大滬深300正2,15374,55,15319,群益金鼎,2024-02-21,9100
00882,中信中國高股息,7874,13,7861,群益金鼎,2024-02-21,9100
00665L,富邦�琤肭磪囓�2,7949,907,7042,群益金鼎,2024-02-21,9100
00633L,富邦上証正2,3044,349,2695,群益金鼎,2024-02-21,9100
00900,富邦特選高股息30,2049,31,2018,群益金鼎,2024-02-21,9100
6126,信音,1796,162,1634,群益金鼎,2024-02-21,9100
00650L,復華香港正2,1547,38,1509,群益金鼎,2024-02-21,9100
3025,星通,1384,95,1289,群益金鼎,2024-02-21,9100
1316,上曜,4293,3083,1210,群益金鼎,2024-02-21,9100
00864B,中信美國公債0-1,1176,100,1076,群益金鼎,2024-02-21,9100
2543,皇昌,1017,29,988,群益金鼎,2024-02-21,9100
00715L,期街口布蘭特正2,735,2,733,群益金鼎,2024-02-21,9100
00655L,國泰中國A50正2,699,0,699,群益金鼎,2024-02-21,9100
4909,新復興,619,4,615,群益金鼎,2024-02-21,9100
00902,中信電池及儲能,534,3,531,群益金鼎,2024-02-21,9100
1809,中釉,506,28,478,群益金鼎,2024-02-21,9100
1513,中興電,503,72,431,群益金鼎,2024-02-21,9100
00632R,元大台灣50反1,2226,1808,418,群益金鼎,2024-02-21,9100
8046,南電,402,6,396,群益金鼎,2024-02-21,9100
1609,大亞,428,37,391,群益金鼎,2024-02-21,9100
00934,中信成長高股息,390,0,390,群益金鼎,2024-02-21,9100
00915,凱基優選高股息30,410,31,379,群益金鼎,2024-02-21,9100
00773B,中信優先金融債,330,0,330,群益金鼎,2024-02-21,9100
00876,元大全球5G,316,2,314,群益金鼎,2024-02-21,9100
00917,中信特選金融,419,105,314,群益金鼎,2024-02-21,9100
00645,富邦日本,313,10,303,群益金鼎,2024-02-21,9100
1712,興農,300,0,300,群益金鼎,2024-02-21,9100
5488,松普,313,23,290,群益金鼎,2024-02-21,9100
8086,宏捷科,318,52,266,群益金鼎,2024-02-21,9100
00918,大華優利高填息30,226,0,226,群益金鼎,2024-02-21,9100
2603,長榮,255,29,226,群益金鼎,2024-02-21,9100
3017,奇鋐,274,49,225,群益金鼎,2024-02-21,9100
2455,全新,294,87,207,群益金鼎,2024-02-21,9100
00903,富邦元宇宙,202,0,202,群益金鼎,2024-02-21,9100
2324,仁寶,326,130,196,群益金鼎,2024-02-21,9100
2371,大同,189,0,189,群益金鼎,2024-02-21,9100
2612,中航,174,0,174,群益金鼎,2024-02-21,9100
2308,台達電,203,33,170,群益金鼎,2024-02-21,9100
2360,致茂,169,10,159,群益金鼎,2024-02-21,9100
00893,國泰智能電動車,161,3,158,群益金鼎,2024-02-21,9100
2379,瑞昱,202,49,153,群益金鼎,2024-02-21,9100
2385,群光,177,31,146,群益金鼎,2024-02-21,9100
1504,東元,142,6,136,群益金鼎,2024-02-21,9100
00648R,元大S＆P500反1,136,0,136,群益金鼎,2024-02-21,9100
3551,世禾,130,1,129,群益金鼎,2024-02-21,9100
2412,中華電,126,0,126,群益金鼎,2024-02-21,9100
00720B,元大投資級公司債,692,566,126,群益金鼎,2024-02-21,9100
8147,正淩,128,3,125,群益金鼎,2024-02-21,9100
8464,億豐,125,0,125,群益金鼎,2024-02-21,9100
2383,台光電,139,17,122,群益金鼎,2024-02-21,9100
00882,中信中國高股息,3010,3,3007,群益金鼎,2024-02-22,9100
00715L,期街口布蘭特正2,1997,0,1997,群益金鼎,2024-02-22,9100
2313,華通,2082,307,1775,群益金鼎,2024-02-22,9100
00900,富邦特選高股息30,1518,5,1513,群益金鼎,2024-02-22,9100
2890,永豐金,1175,10,1165,群益金鼎,2024-02-22,9100
00688L,國泰20年美債正2,1510,404,1106,群益金鼎,2024-02-22,9100
00929,復華台灣科技優息,2018,938,1080,群益金鼎,2024-02-22,9100
2891,中信金,1036,0,1036,群益金鼎,2024-02-22,9100
00876,元大全球5G,1048,50,998,群益金鼎,2024-02-22,9100
2885,元大金,848,2,846,群益金鼎,2024-02-22,9100
00919,群益台灣精選高息,1492,665,827,群益金鼎,2024-02-22,9100
2886,兆豐金,790,0,790,群益金鼎,2024-02-22,9100
00893,國泰智能電動車,1154,418,736,群益金鼎,2024-02-22,9100
00934,中信成長高股息,719,24,695,群益金鼎,2024-02-22,9100
00773B,中信優先金融債,625,0,625,群益金鼎,2024-02-22,9100
2884,玉山金,650,40,610,群益金鼎,2024-02-22,9100
5880,合庫金,580,4,576,群益金鼎,2024-02-22,9100
8059,凱碩,575,24,551,群益金鼎,2024-02-22,9100
2371,大同,1475,943,532,群益金鼎,2024-02-22,9100
2637,慧洋-KY,535,19,516,群益金鼎,2024-02-22,9100
2882,國泰金,546,38,508,群益金鼎,2024-02-22,9100
00881,國泰台灣5G+,476,15,461,群益金鼎,2024-02-22,9100
00757,統一FANG+,480,43,437,群益金鼎,2024-02-22,9100
6285,啟��,548,127,421,群益金鼎,2024-02-22,9100
3005,神基,424,50,374,群益金鼎,2024-02-22,9100
00861,元大全球未來通訊,369,0,369,群益金鼎,2024-02-22,9100
00917,中信特選金融,385,55,330,群益金鼎,2024-02-22,9100
00903,富邦元宇宙,321,0,321,群益金鼎,2024-02-22,9100
00896,中信綠能及電動車,317,0,317,群益金鼎,2024-02-22,9100
00916,國泰全球品牌50,305,0,305,群益金鼎,2024-02-22,9100
00892,富邦台灣半導體,367,62,305,群益金鼎,2024-02-22,9100
2324,仁寶,343,41,302,群益金鼎,2024-02-22,9100
1712,興農,300,0,300,群益金鼎,2024-02-22,9100
3147,大綜,278,10,268,群益金鼎,2024-02-22,9100
00728,第一金工業30,254,0,254,群益金鼎,2024-02-22,9100
3706,神達,388,146,242,群益金鼎,2024-02-22,9100
00864B,中信美國公債0-1,495,258,237,群益金鼎,2024-02-22,9100
2883,凱基金,246,10,236,群益金鼎,2024-02-22,9100
00927,群益半導體收益,235,1,234,群益金鼎,2024-02-22,9100
00936,台新永續高息中小,248,25,223,群益金鼎,2024-02-22,9100
2606,裕民,323,110,213,群益金鼎,2024-02-22,9100
2474,可成,213,1,212,群益金鼎,2024-02-22,9100
00907,永豐優息存股,200,0,200,群益金鼎,2024-02-22,9100
00669R,國泰美國道瓊反1,275,78,197,群益金鼎,2024-02-22,9100
00902,中信電池及儲能,209,16,193,群益金鼎,2024-02-22,9100
3034,聯詠,232,40,192,群益金鼎,2024-02-22,9100
1815,富喬,305,116,189,群益金鼎,2024-02-22,9100
3221,台嘉碩,191,3,188,群益金鼎,2024-02-22,9100
3689,湧德,202,15,187,群益金鼎,2024-02-22,9100
8210,勤誠,196,27,169,群益金鼎,2024-02-22,9100
00881,國泰台灣5G+,2720,32,2688,群益金鼎,2024-02-23,9100
00929,復華台灣科技優息,3617,1171,2446,群益金鼎,2024-02-23,9100
00900,富邦特選高股息30,2014,8,2006,群益金鼎,2024-02-23,9100
00893,國泰智能電動車,1743,3,1740,群益金鼎,2024-02-23,9100
00715L,期街口布蘭特正2,1699,0,1699,群益金鼎,2024-02-23,9100
00830,國泰費城半導體,2241,652,1589,群益金鼎,2024-02-23,9100
00662,富邦NASDAQ,1387,0,1387,群益金鼎,2024-02-23,9100
00882,中信中國高股息,1709,403,1306,群益金鼎,2024-02-23,9100
3312,弘憶股,1091,11,1080,群益金鼎,2024-02-23,9100
00722B,群益投資級電信債,1141,100,1041,群益金鼎,2024-02-23,9100
4908,前鼎,1023,23,1000,群益金鼎,2024-02-23,9100
00772B,中信高評級公司債,1054,70,984,群益金鼎,2024-02-23,9100
00720B,元大投資級公司債,1228,294,934,群益金鼎,2024-02-23,9100
2313,華通,1788,876,912,群益金鼎,2024-02-23,9100
3450,聯鈞,1129,242,887,群益金鼎,2024-02-23,9100
00934,中信成長高股息,861,10,851,群益金鼎,2024-02-23,9100
00903,富邦元宇宙,605,0,605,群益金鼎,2024-02-23,9100
2885,元大金,622,18,604,群益金鼎,2024-02-23,9100
00669R,國泰美國道瓊反1,600,15,585,群益金鼎,2024-02-23,9100
6274,台燿,627,186,441,群益金鼎,2024-02-23,9100
2371,大同,581,201,380,群益金鼎,2024-02-23,9100
6292,迅德,380,5,375,群益金鼎,2024-02-23,9100
00633L,富邦上証正2,608,266,342,群益金鼎,2024-02-23,9100
00728,第一金工業30,323,0,323,群益金鼎,2024-02-23,9100
3711,日月光投控,412,101,311,群益金鼎,2024-02-23,9100
00915,凱基優選高股息30,516,206,310,群益金鼎,2024-02-23,9100
3689,湧德,315,11,304,群益金鼎,2024-02-23,9100
00876,元大全球5G,308,8,300,群益金鼎,2024-02-23,9100
2357,華碩,327,29,298,群益金鼎,2024-02-23,9100
00931B,統一美債20年,778,488,290,群益金鼎,2024-02-23,9100
00888,永豐台灣ESG,256,3,253,群益金鼎,2024-02-23,9100
00916,國泰全球品牌50,249,0,249,群益金鼎,2024-02-23,9100
1815,富喬,493,247,246,群益金鼎,2024-02-23,9100
5388,中磊,265,46,219,群益金鼎,2024-02-23,9100
00637L,元大滬深300正2,3586,3369,217,群益金鼎,2024-02-23,9100
00924,復華S＆P500成長,216,0,216,群益金鼎,2024-02-23,9100
1504,東元,241,28,213,群益金鼎,2024-02-23,9100
4909,新復興,214,3,211,群益金鼎,2024-02-23,9100
00917,中信特選金融,209,0,209,群益金鼎,2024-02-23,9100
00925,新光標普電動車,202,0,202,群益金鼎,2024-02-23,9100
2331,精英,228,27,201,群益金鼎,2024-02-23,9100
4938,和碩,214,18,196,群益金鼎,2024-02-23,9100
00862B,中信投資級公司債,246,50,196,群益金鼎,2024-02-23,9100
2379,瑞昱,235,40,195,群益金鼎,2024-02-23,9100
00902,中信電池及儲能,221,30,191,群益金鼎,2024-02-23,9100
00894,中信小資高價30,190,0,190,群益金鼎,2024-02-23,9100
3390,旭軟,212,22,190,群益金鼎,2024-02-23,9100
00773B,中信優先金融債,182,0,182,群益金鼎,2024-02-23,9100
4979,華星光,221,39,182,群益金鼎,2024-02-23,9100
1514,亞力,417,238,179,群益金鼎,2024-02-23,9100
00900,富邦特選高股息30,2509,58,2451,群益金鼎,2024-02-26,9100
00882,中信中國高股息,1829,150,1679,群益金鼎,2024-02-26,9100
00706L,期元大S＆P日圓正2,997,0,997,群益金鼎,2024-02-26,9100
4909,新復興,2285,1418,867,群益金鼎,2024-02-26,9100
6532,瑞耘,680,5,675,群益金鼎,2024-02-26,9100
00725B,國泰投資級公司債,615,1,614,群益金鼎,2024-02-26,9100
00632R,元大台灣50反1,554,0,554,群益金鼎,2024-02-26,9100
00772B,中信高評級公司債,512,0,512,群益金鼎,2024-02-26,9100
00751B,元大AAA至A公司債,586,106,480,群益金鼎,2024-02-26,9100
00669R,國泰美國道瓊反1,499,24,475,群益金鼎,2024-02-26,9100
00673R,期元大S＆P原油反1,510,50,460,群益金鼎,2024-02-26,9100
00902,中信電池及儲能,544,99,445,群益金鼎,2024-02-26,9100
2354,鴻準,416,5,411,群益金鼎,2024-02-26,9100
2303,聯電,556,195,361,群益金鼎,2024-02-26,9100
6237,驊訊,372,14,358,群益金鼎,2024-02-26,9100
3037,欣興,390,69,321,群益金鼎,2024-02-26,9100
1504,東元,365,55,310,群益金鼎,2024-02-26,9100
1513,中興電,521,226,295,群益金鼎,2024-02-26,9100
2371,大同,533,238,295,群益金鼎,2024-02-26,9100
2891,中信金,309,15,294,群益金鼎,2024-02-26,9100
0056,元大高股息,314,24,290,群益金鼎,2024-02-26,9100
2606,裕民,314,27,287,群益金鼎,2024-02-26,9100
00915,凱基優選高股息30,539,264,275,群益金鼎,2024-02-26,9100
00643,群益深証中小,321,50,271,群益金鼎,2024-02-26,9100
00773B,中信優先金融債,260,0,260,群益金鼎,2024-02-26,9100
2355,敬鵬,269,29,240,群益金鼎,2024-02-26,9100
00916,國泰全球品牌50,248,11,237,群益金鼎,2024-02-26,9100
2367,燿華,316,88,228,群益金鼎,2024-02-26,9100
6290,良維,284,61,223,群益金鼎,2024-02-26,9100
3035,智原,232,50,182,群益金鼎,2024-02-26,9100
00862B,中信投資級公司債,327,149,178,群益金鼎,2024-02-26,9100
6274,台燿,334,157,177,群益金鼎,2024-02-26,9100
3588,通嘉,178,2,176,群益金鼎,2024-02-26,9100
00638R,元大滬深300反1,167,0,167,群益金鼎,2024-02-26,9100
4979,華星光,192,26,166,群益金鼎,2024-02-26,9100
6125,廣運,203,39,164,群益金鼎,2024-02-26,9100
00724B,群益投資級金融債,2506,2347,159,群益金鼎,2024-02-26,9100
00651R,復華香港反1,150,0,150,群益金鼎,2024-02-26,9100
1609,大亞,315,171,144,群益金鼎,2024-02-26,9100
3689,湧德,168,32,136,群益金鼎,2024-02-26,9100
6579,研揚,145,11,134,群益金鼎,2024-02-26,9100
2412,中華電,124,0,124,群益金鼎,2024-02-26,9100
3227,原相,198,76,122,群益金鼎,2024-02-26,9100
3036,文曄,207,87,120,群益金鼎,2024-02-26,9100
00633L,富邦上証正2,469,352,117,群益金鼎,2024-02-26,9100
00692,富邦公司治理,112,1,111,群益金鼎,2024-02-26,9100
00728,第一金工業30,109,0,109,群益金鼎,2024-02-26,9100
00688L,國泰20年美債正2,122,20,102,群益金鼎,2024-02-26,9100
00897,富邦基因免疫生技,100,0,100,群益金鼎,2024-02-26,9100
5457,宣德,134,39,95,群益金鼎,2024-02-26,9100
00882,中信中國高股息,6575,1,6574,群益金鼎,2024-02-27,9100
00931B,統一美債20年,3809,570,3239,群益金鼎,2024-02-27,9100
00900,富邦特選高股息30,3206,145,3061,群益金鼎,2024-02-27,9100
00715L,期街口布蘭特正2,2144,0,2144,群益金鼎,2024-02-27,9100
00881,國泰台灣5G+,1644,248,1396,群益金鼎,2024-02-27,9100
00934,中信成長高股息,878,0,878,群益金鼎,2024-02-27,9100
00877,復華中國5G,781,0,781,群益金鼎,2024-02-27,9100
00936,台新永續高息中小,728,1,727,群益金鼎,2024-02-27,9100
1402,遠東新,706,8,698,群益金鼎,2024-02-27,9100
00864B,中信美國公債0-1,981,303,678,群益金鼎,2024-02-27,9100
00892,富邦台灣半導體,727,91,636,群益金鼎,2024-02-27,9100
00902,中信電池及儲能,630,0,630,群益金鼎,2024-02-27,9100
3481,群創,669,178,491,群益金鼎,2024-02-27,9100
00728,第一金工業30,391,1,390,群益金鼎,2024-02-27,9100
9904,寶成,468,97,371,群益金鼎,2024-02-27,9100
1513,中興電,703,343,360,群益金鼎,2024-02-27,9100
00893,國泰智能電動車,580,222,358,群益金鼎,2024-02-27,9100
00722B,群益投資級電信債,1877,1574,303,群益金鼎,2024-02-27,9100
3372,典範,288,11,277,群益金鼎,2024-02-27,9100
00915,凱基優選高股息30,440,185,255,群益金鼎,2024-02-27,9100
00916,國泰全球品牌50,260,12,248,群益金鼎,2024-02-27,9100
2363,矽統,461,221,240,群益金鼎,2024-02-27,9100
00894,中信小資高價30,230,3,227,群益金鼎,2024-02-27,9100
00923,群益台ESG低碳50,438,220,218,群益金鼎,2024-02-27,9100
00927,群益半導體收益,623,424,199,群益金鼎,2024-02-27,9100
3045,台灣大,201,3,198,群益金鼎,2024-02-27,9100
00706L,期元大S＆P日圓正2,191,0,191,群益金鼎,2024-02-27,9100
00895,富邦未來車,191,0,191,群益金鼎,2024-02-27,9100
00862B,中信投資級公司債,301,114,187,群益金鼎,2024-02-27,9100
6214,精誠,169,0,169,群益金鼎,2024-02-27,9100
3689,湧德,196,44,152,群益金鼎,2024-02-27,9100
6139,亞翔,258,107,151,群益金鼎,2024-02-27,9100
8092,建暐,150,0,150,群益金鼎,2024-02-27,9100
2412,中華電,145,1,144,群益金鼎,2024-02-27,9100
2301,光寶科,263,121,142,群益金鼎,2024-02-27,9100
3339,泰谷,142,6,136,群益金鼎,2024-02-27,9100
5371,中光電,142,8,134,群益金鼎,2024-02-27,9100
8069,元太,165,32,133,群益金鼎,2024-02-27,9100
2345,智邦,156,26,130,群益金鼎,2024-02-27,9100
00896,中信綠能及電動車,121,1,120,群益金鼎,2024-02-27,9100
00733,富邦臺灣中小,121,2,119,群益金鼎,2024-02-27,9100
6125,廣運,417,298,119,群益金鼎,2024-02-27,9100
4909,新復興,2134,2016,118,群益金鼎,2024-02-27,9100
00897,富邦基因免疫生技,110,0,110,群益金鼎,2024-02-27,9100
00669R,國泰美國道瓊反1,155,45,110,群益金鼎,2024-02-27,9100
2882,國泰金,252,143,109,群益金鼎,2024-02-27,9100
1319,東陽,237,129,108,群益金鼎,2024-02-27,9100
00918,大華優利高填息30,156,49,107,群益金鼎,2024-02-27,9100
3023,信邦,107,1,106,群益金鼎,2024-02-27,9100
00640L,富邦日本正2,102,0,102,群益金鼎,2024-02-27,9100
00637L,元大滬深300正2,6385,10,6375,群益金鼎,2024-02-29,9100
00893,國泰智能電動車,6566,771,5795,群益金鼎,2024-02-29,9100
00830,國泰費城半導體,6230,1808,4422,群益金鼎,2024-02-29,9100
00772B,中信高評級公司債,3424,70,3354,群益金鼎,2024-02-29,9100
2882,國泰金,2792,119,2673,群益金鼎,2024-02-29,9100
00900,富邦特選高股息30,2202,32,2170,群益金鼎,2024-02-29,9100
00773B,中信優先金融債,1988,0,1988,群益金鼎,2024-02-29,9100
00725B,國泰投資級公司債,1530,0,1530,群益金鼎,2024-02-29,9100
00902,中信電池及儲能,1478,59,1419,群益金鼎,2024-02-29,9100
00936,台新永續高息中小,1193,0,1193,群益金鼎,2024-02-29,9100
00896,中信綠能及電動車,1074,0,1074,群益金鼎,2024-02-29,9100
00882,中信中國高股息,933,16,917,群益金鼎,2024-02-29,9100
00917,中信特選金融,855,0,855,群益金鼎,2024-02-29,9100
00720B,元大投資級公司債,1627,838,789,群益金鼎,2024-02-29,9100
00633L,富邦上証正2,768,0,768,群益金鼎,2024-02-29,9100
4303,信立,767,15,752,群益金鼎,2024-02-29,9100
00722B,群益投資級電信債,2201,1470,731,群益金鼎,2024-02-29,9100
1402,遠東新,710,14,696,群益金鼎,2024-02-29,9100
3360,尚立,702,96,606,群益金鼎,2024-02-29,9100
00862B,中信投資級公司債,594,100,494,群益金鼎,2024-02-29,9100
00876,元大全球5G,675,204,471,群益金鼎,2024-02-29,9100
00923,群益台ESG低碳50,622,166,456,群益金鼎,2024-02-29,9100
2303,聯電,477,24,453,群益金鼎,2024-02-29,9100
9904,寶成,506,71,435,群益金鼎,2024-02-29,9100
3481,群創,592,171,421,群益金鼎,2024-02-29,9100
1815,富喬,543,124,419,群益金鼎,2024-02-29,9100
8069,元太,726,338,388,群益金鼎,2024-02-29,9100
1609,大亞,416,37,379,群益金鼎,2024-02-29,9100
2357,華碩,540,170,370,群益金鼎,2024-02-29,9100
00892,富邦台灣半導體,347,2,345,群益金鼎,2024-02-29,9100
00877,復華中國5G,343,0,343,群益金鼎,2024-02-29,9100
00642U,期元大S＆P石油,332,0,332,群益金鼎,2024-02-29,9100
00909,國泰數位支付服務,381,75,306,群益金鼎,2024-02-29,9100
00861,元大全球未來通訊,426,140,286,群益金鼎,2024-02-29,9100
00724B,群益投資級金融債,2545,2270,275,群益金鼎,2024-02-29,9100
00636,國泰中國A50,269,5,264,群益金鼎,2024-02-29,9100
00645,富邦日本,346,90,256,群益金鼎,2024-02-29,9100
00915,凱基優選高股息30,602,360,242,群益金鼎,2024-02-29,9100
1503,士電,314,76,238,群益金鼎,2024-02-29,9100
6125,廣運,348,113,235,群益金鼎,2024-02-29,9100
00673R,期元大S＆P原油反1,232,0,232,群益金鼎,2024-02-29,9100
00665L,富邦�琤肭磪囓�2,297,71,226,群益金鼎,2024-02-29,9100
6282,康舒,241,18,223,群益金鼎,2024-02-29,9100
2330,台積電,493,273,220,群益金鼎,2024-02-29,9100
00728,第一金工業30,217,0,217,群益金鼎,2024-02-29,9100
6141,柏承,227,11,216,群益金鼎,2024-02-29,9100
00912,中信臺灣智慧50,214,0,214,群益金鼎,2024-02-29,9100
00903,富邦元宇宙,211,0,211,群益金鼎,2024-02-29,9100
7402,邑錡,215,5,210,群益金鼎,2024-02-29,9100
00894,中信小資高價30,207,0,207,群益金鼎,2024-02-29,9100
00882,中信中國高股息,2772,12,2760,群益金鼎,2024-03-01,9100
00795B,中信美國公債20年,2458,301,2157,群益金鼎,2024-03-01,9100
00931B,統一美債20年,2420,403,2017,群益金鼎,2024-03-01,9100
00900,富邦特選高股息30,2003,7,1996,群益金鼎,2024-03-01,9100
00687B,國泰20年美債,1777,17,1760,群益金鼎,2024-03-01,9100
3372,典範,1676,28,1648,群益金鼎,2024-03-01,9100
00764B,群益25年美債,3686,2537,1149,群益金鼎,2024-03-01,9100
2317,鴻海,1077,4,1073,群益金鼎,2024-03-01,9100
2105,正新,1000,2,998,群益金鼎,2024-03-01,9100
00857B,永豐20年美公債,1000,183,817,群益金鼎,2024-03-01,9100
1402,遠東新,735,21,714,群益金鼎,2024-03-01,9100
00757,統一FANG+,700,1,699,群益金鼎,2024-03-01,9100
2206,三陽工業,699,46,653,群益金鼎,2024-03-01,9100
6176,瑞儀,661,13,648,群益金鼎,2024-03-01,9100
00772B,中信高評級公司債,777,155,622,群益金鼎,2024-03-01,9100
00902,中信電池及儲能,823,214,609,群益金鼎,2024-03-01,9100
1584,精剛,609,30,579,群益金鼎,2024-03-01,9100
00893,國泰智能電動車,2328,1775,553,群益金鼎,2024-03-01,9100
7402,邑錡,527,6,521,群益金鼎,2024-03-01,9100
2241,艾姆勒,500,0,500,群益金鼎,2024-03-01,9100
00915,凱基優選高股息30,1098,609,489,群益金鼎,2024-03-01,9100
00881,國泰台灣5G+,1004,592,412,群益金鼎,2024-03-01,9100
8044,網家,400,0,400,群益金鼎,2024-03-01,9100
6126,信音,462,69,393,群益金鼎,2024-03-01,9100
9904,寶成,473,87,386,群益金鼎,2024-03-01,9100
00715L,期街口布蘭特正2,379,1,378,群益金鼎,2024-03-01,9100
00830,國泰費城半導體,1595,1289,306,群益金鼎,2024-03-01,9100
4958,臻鼎-KY,302,9,293,群益金鼎,2024-03-01,9100
5483,中美晶,394,112,282,群益金鼎,2024-03-01,9100
00903,富邦元宇宙,546,268,278,群益金鼎,2024-03-01,9100
3450,聯鈞,317,41,276,群益金鼎,2024-03-01,9100
00738U,期元大道瓊白銀,273,0,273,群益金鼎,2024-03-01,9100
6125,廣運,518,271,247,群益金鼎,2024-03-01,9100
2409,友達,390,143,247,群益金鼎,2024-03-01,9100
2376,技嘉,313,74,239,群益金鼎,2024-03-01,9100
00722B,群益投資級電信債,1728,1502,226,群益金鼎,2024-03-01,9100
00891,中信關鍵半導體,222,3,219,群益金鼎,2024-03-01,9100
2881,富邦金,281,62,219,群益金鼎,2024-03-01,9100
2412,中華電,219,2,217,群益金鼎,2024-03-01,9100
00933B,國泰10Y+金融債,207,0,207,群益金鼎,2024-03-01,9100
6257,矽格,254,57,197,群益金鼎,2024-03-01,9100
2882,國泰金,281,92,189,群益金鼎,2024-03-01,9100
2486,一詮,233,50,183,群益金鼎,2024-03-01,9100
3481,群創,334,153,181,群益金鼎,2024-03-01,9100
00728,第一金工業30,179,1,178,群益金鼎,2024-03-01,9100
5371,中光電,151,0,151,群益金鼎,2024-03-01,9100
006208,富邦台50,300,155,145,群益金鼎,2024-03-01,9100
9933,中鼎,136,5,131,群益金鼎,2024-03-01,9100
3006,晶豪科,288,157,131,群益金鼎,2024-03-01,9100
00892,富邦台灣半導體,127,1,126,群益金鼎,2024-03-01,9100
2317,鴻海,5135,51,5084,群益金鼎,2024-03-04,9100
00900,富邦特選高股息30,5005,0,5005,群益金鼎,2024-03-04,9100
00830,國泰費城半導體,5440,997,4443,群益金鼎,2024-03-04,9100
4906,正文,3712,485,3227,群益金鼎,2024-03-04,9100
00715L,期街口布蘭特正2,2543,11,2532,群益金鼎,2024-03-04,9100
2303,聯電,2840,562,2278,群益金鼎,2024-03-04,9100
00757,統一FANG+,2600,478,2122,群益金鼎,2024-03-04,9100
3372,典範,1603,3,1600,群益金鼎,2024-03-04,9100
00795B,中信美國公債20年,1496,4,1492,群益金鼎,2024-03-04,9100
2485,兆赫,1498,6,1492,群益金鼎,2024-03-04,9100
2324,仁寶,1440,147,1293,群益金鼎,2024-03-04,9100
00929,復華台灣科技優息,3404,2145,1259,群益金鼎,2024-03-04,9100
00902,中信電池及儲能,1361,120,1241,群益金鼎,2024-03-04,9100
00931B,統一美債20年,1200,1,1199,群益金鼎,2024-03-04,9100
00636,國泰中國A50,1068,78,990,群益金鼎,2024-03-04,9100
00669R,國泰美國道瓊反1,910,39,871,群益金鼎,2024-03-04,9100
2313,華通,959,220,739,群益金鼎,2024-03-04,9100
0056,元大高股息,635,23,612,群益金鼎,2024-03-04,9100
00936,台新永續高息中小,607,3,604,群益金鼎,2024-03-04,9100
2886,兆豐金,580,1,579,群益金鼎,2024-03-04,9100
00927,群益半導體收益,527,0,527,群益金鼎,2024-03-04,9100
00877,復華中國5G,653,150,503,群益金鼎,2024-03-04,9100
2241,艾姆勒,500,0,500,群益金鼎,2024-03-04,9100
00773B,中信優先金融債,488,0,488,群益金鼎,2024-03-04,9100
2419,仲琦,499,20,479,群益金鼎,2024-03-04,9100
00934,中信成長高股息,536,100,436,群益金鼎,2024-03-04,9100
2353,宏��,536,127,409,群益金鼎,2024-03-04,9100
1725,元禎,400,0,400,群益金鼎,2024-03-04,9100
8044,網家,400,0,400,群益金鼎,2024-03-04,9100
2367,燿華,518,126,392,群益金鼎,2024-03-04,9100
00903,富邦元宇宙,386,6,380,群益金鼎,2024-03-04,9100
6239,力成,517,154,363,群益金鼎,2024-03-04,9100
00895,富邦未來車,461,100,361,群益金鼎,2024-03-04,9100
00892,富邦台灣半導體,353,0,353,群益金鼎,2024-03-04,9100
00738U,期元大道瓊白銀,351,0,351,群益金鼎,2024-03-04,9100
00714,群益道瓊美國地產,418,80,338,群益金鼎,2024-03-04,9100
00891,中信關鍵半導體,340,22,318,群益金鼎,2024-03-04,9100
6285,啟��,350,36,314,群益金鼎,2024-03-04,9100
00648R,元大S＆P500反1,300,0,300,群益金鼎,2024-03-04,9100
5251,天鉞電,302,2,300,群益金鼎,2024-03-04,9100
3481,群創,499,213,286,群益金鼎,2024-03-04,9100
00888,永豐台灣ESG,267,4,263,群益金鼎,2024-03-04,9100
8016,矽創,308,56,252,群益金鼎,2024-03-04,9100
2412,中華電,247,0,247,群益金鼎,2024-03-04,9100
00907,永豐優息存股,249,4,245,群益金鼎,2024-03-04,9100
2883,凱基金,242,0,242,群益金鼎,2024-03-04,9100
2211,長榮鋼,243,1,242,群益金鼎,2024-03-04,9100
3297,杭特,245,5,240,群益金鼎,2024-03-04,9100
00893,國泰智能電動車,967,738,229,群益金鼎,2024-03-04,9100
3005,神基,647,418,229,群益金鼎,2024-03-04,9100
2317,鴻海,6188,425,5763,群益金鼎,2024-03-05,9100
00900,富邦特選高股息30,5375,0,5375,群益金鼎,2024-03-05,9100
00893,國泰智能電動車,2743,173,2570,群益金鼎,2024-03-05,9100
00902,中信電池及儲能,2497,0,2497,群益金鼎,2024-03-05,9100
00881,國泰台灣5G+,2451,8,2443,群益金鼎,2024-03-05,9100
00830,國泰費城半導體,2908,769,2139,群益金鼎,2024-03-05,9100
00637L,元大滬深300正2,2807,1020,1787,群益金鼎,2024-03-05,9100
6163,華電網,1787,5,1782,群益金鼎,2024-03-05,9100
00929,復華台灣科技優息,1602,34,1568,群益金鼎,2024-03-05,9100
4915,致伸,1553,10,1543,群益金鼎,2024-03-05,9100
1316,上曜,1478,66,1412,群益金鼎,2024-03-05,9100
2618,長榮航,1401,42,1359,群益金鼎,2024-03-05,9100
00934,中信成長高股息,1343,0,1343,群益金鼎,2024-03-05,9100
2409,友達,1804,513,1291,群益金鼎,2024-03-05,9100
00936,台新永續高息中小,1092,2,1090,群益金鼎,2024-03-05,9100
00891,中信關鍵半導體,1095,6,1089,群益金鼎,2024-03-05,9100
00662,富邦NASDAQ,1085,23,1062,群益金鼎,2024-03-05,9100
00633L,富邦上証正2,1136,103,1033,群益金鼎,2024-03-05,9100
00933B,國泰10Y+金融債,1011,0,1011,群益金鼎,2024-03-05,9100
1815,富喬,982,97,885,群益金鼎,2024-03-05,9100
00882,中信中國高股息,811,0,811,群益金鼎,2024-03-05,9100
00772B,中信高評級公司債,956,174,782,群益金鼎,2024-03-05,9100
00757,統一FANG+,1807,1057,750,群益金鼎,2024-03-05,9100
6176,瑞儀,756,34,722,群益金鼎,2024-03-05,9100
1402,遠東新,703,2,701,群益金鼎,2024-03-05,9100
00892,富邦台灣半導體,664,1,663,群益金鼎,2024-03-05,9100
6275,元山,653,22,631,群益金鼎,2024-03-05,9100
00917,中信特選金融,517,0,517,群益金鼎,2024-03-05,9100
3711,日月光投控,571,56,515,群益金鼎,2024-03-05,9100
00850,元大臺灣ESG永續,705,230,475,群益金鼎,2024-03-05,9100
00728,第一金工業30,466,3,463,群益金鼎,2024-03-05,9100
2412,中華電,448,0,448,群益金鼎,2024-03-05,9100
8112,至上,509,62,447,群益金鼎,2024-03-05,9100
3231,緯創,693,276,417,群益金鼎,2024-03-05,9100
00896,中信綠能及電動車,403,0,403,群益金鼎,2024-03-05,9100
00719B,元大美債1-3,400,0,400,群益金鼎,2024-03-05,9100
00888,永豐台灣ESG,398,5,393,群益金鼎,2024-03-05,9100
00931B,統一美債20年,412,21,391,群益金鼎,2024-03-05,9100
00706L,期元大S＆P日圓正2,382,0,382,群益金鼎,2024-03-05,9100
5488,松普,358,6,352,群益金鼎,2024-03-05,9100
2356,英業達,344,6,338,群益金鼎,2024-03-05,9100
00688L,國泰20年美債正2,333,1,332,群益金鼎,2024-03-05,9100
00648R,元大S＆P500反1,329,0,329,群益金鼎,2024-03-05,9100
9904,寶成,429,105,324,群益金鼎,2024-03-05,9100
6202,盛群,310,0,310,群益金鼎,2024-03-05,9100
00738U,期元大道瓊白銀,306,0,306,群益金鼎,2024-03-05,9100
2887,台新金,308,38,270,群益金鼎,2024-03-05,9100
00725B,國泰投資級公司債,267,0,267,群益金鼎,2024-03-05,9100
3363,上詮,262,0,262,群益金鼎,2024-03-05,9100
00680L,元大美債20正2,423,166,257,群益金鼎,2024-03-05,9100
1815,富喬,5282,158,5124,群益金鼎,2024-03-06,9100
00900,富邦特選高股息30,4068,2,4066,群益金鼎,2024-03-06,9100
2886,兆豐金,3202,1,3201,群益金鼎,2024-03-06,9100
00665L,富邦�琤肭磪囓�2,4629,1688,2941,群益金鼎,2024-03-06,9100
00671R,富邦NASDAQ反1,2118,0,2118,群益金鼎,2024-03-06,9100
00637L,元大滬深300正2,1982,10,1972,群益金鼎,2024-03-06,9100
00891,中信關鍵半導體,1687,9,1678,群益金鼎,2024-03-06,9100
00757,統一FANG+,2802,1720,1082,群益金鼎,2024-03-06,9100
00795B,中信美國公債20年,1272,204,1068,群益金鼎,2024-03-06,9100
00933B,國泰10Y+金融債,1006,0,1006,群益金鼎,2024-03-06,9100
00931B,統一美債20年,759,14,745,群益金鼎,2024-03-06,9100
00772B,中信高評級公司債,805,60,745,群益金鼎,2024-03-06,9100
00936,台新永續高息中小,617,1,616,群益金鼎,2024-03-06,9100
00719B,元大美債1-3,580,1,579,群益金鼎,2024-03-06,9100
00881,國泰台灣5G+,559,2,557,群益金鼎,2024-03-06,9100
6179,亞通,536,10,526,群益金鼎,2024-03-06,9100
00893,國泰智能電動車,1587,1075,512,群益金鼎,2024-03-06,9100
00864B,中信美國公債0-1,651,176,475,群益金鼎,2024-03-06,9100
6125,廣運,544,75,469,群益金鼎,2024-03-06,9100
00888,永豐台灣ESG,448,0,448,群益金鼎,2024-03-06,9100
00892,富邦台灣半導體,433,11,422,群益金鼎,2024-03-06,9100
00878,國泰永續高股息,421,16,405,群益金鼎,2024-03-06,9100
00929,復華台灣科技優息,2374,1972,402,群益金鼎,2024-03-06,9100
00728,第一金工業30,374,1,373,群益金鼎,2024-03-06,9100
00895,富邦未來車,571,205,366,群益金鼎,2024-03-06,9100
00927,群益半導體收益,367,27,340,群益金鼎,2024-03-06,9100
00894,中信小資高價30,327,1,326,群益金鼎,2024-03-06,9100
00882,中信中國高股息,324,1,323,群益金鼎,2024-03-06,9100
2301,光寶科,420,114,306,群益金鼎,2024-03-06,9100
00850,元大臺灣ESG永續,305,1,304,群益金鼎,2024-03-06,9100
00661,元大日經225,300,0,300,群益金鼎,2024-03-06,9100
9921,巨大,323,25,298,群益金鼎,2024-03-06,9100
2409,友達,320,25,295,群益金鼎,2024-03-06,9100
1609,大亞,520,232,288,群益金鼎,2024-03-06,9100
00633L,富邦上証正2,414,130,284,群益金鼎,2024-03-06,9100
3702,大聯大,369,104,265,群益金鼎,2024-03-06,9100
1504,東元,288,31,257,群益金鼎,2024-03-06,9100
2887,台新金,285,36,249,群益金鼎,2024-03-06,9100
2330,台積電,361,114,247,群益金鼎,2024-03-06,9100
2412,中華電,246,0,246,群益金鼎,2024-03-06,9100
2515,中工,263,23,240,群益金鼎,2024-03-06,9100
00903,富邦元宇宙,251,15,236,群益金鼎,2024-03-06,9100
4906,正文,838,605,233,群益金鼎,2024-03-06,9100
00655L,國泰中國A50正2,229,3,226,群益金鼎,2024-03-06,9100
1513,中興電,372,154,218,群益金鼎,2024-03-06,9100
00650L,復華香港正2,612,428,184,群益金鼎,2024-03-06,9100
2891,中信金,294,112,182,群益金鼎,2024-03-06,9100
2385,群光,221,42,179,群益金鼎,2024-03-06,9100
3017,奇鋐,249,75,174,群益金鼎,2024-03-06,9100
3540,曜越,171,1,170,群益金鼎,2024-03-06,9100
00900,富邦特選高股息30,13706,20,13686,群益金鼎,2024-03-07,9100
00637L,元大滬深300正2,4284,0,4284,群益金鼎,2024-03-07,9100
00929,復華台灣科技優息,5651,1657,3994,群益金鼎,2024-03-07,9100
00882,中信中國高股息,3633,2,3631,群益金鼎,2024-03-07,9100
00893,國泰智能電動車,3075,10,3065,群益金鼎,2024-03-07,9100
00757,統一FANG+,2503,500,2003,群益金鼎,2024-03-07,9100
00850,元大臺灣ESG永續,1607,5,1602,群益金鼎,2024-03-07,9100
00892,富邦台灣半導體,1406,2,1404,群益金鼎,2024-03-07,9100
00830,國泰費城半導體,2330,1128,1202,群益金鼎,2024-03-07,9100
00633L,富邦上証正2,1076,50,1026,群益金鼎,2024-03-07,9100
00917,中信特選金融,1023,100,923,群益金鼎,2024-03-07,9100
00878,國泰永續高股息,1346,511,835,群益金鼎,2024-03-07,9100
2883,凱基金,828,23,805,群益金鼎,2024-03-07,9100
00687B,國泰20年美債,1871,1085,786,群益金鼎,2024-03-07,9100
00933B,國泰10Y+金融債,634,15,619,群益金鼎,2024-03-07,9100
00715L,期街口布蘭特正2,582,3,579,群益金鼎,2024-03-07,9100
00936,台新永續高息中小,627,82,545,群益金鼎,2024-03-07,9100
6274,台燿,1117,630,487,群益金鼎,2024-03-07,9100
00881,國泰台灣5G+,472,3,469,群益金鼎,2024-03-07,9100
00897,富邦基因免疫生技,467,0,467,群益金鼎,2024-03-07,9100
00669R,國泰美國道瓊反1,1660,1199,461,群益金鼎,2024-03-07,9100
00764B,群益25年美債,2793,2375,418,群益金鼎,2024-03-07,9100
00772B,中信高評級公司債,846,432,414,群益金鼎,2024-03-07,9100
00650L,復華香港正2,430,30,400,群益金鼎,2024-03-07,9100
2303,聯電,1067,670,397,群益金鼎,2024-03-07,9100
00864B,中信美國公債0-1,476,106,370,群益金鼎,2024-03-07,9100
3540,曜越,563,206,357,群益金鼎,2024-03-07,9100
8112,至上,440,89,351,群益金鼎,2024-03-07,9100
00738U,期元大道瓊白銀,338,0,338,群益金鼎,2024-03-07,9100
00643,群益深証中小,505,179,326,群益金鼎,2024-03-07,9100
4906,正文,440,128,312,群益金鼎,2024-03-07,9100
00907,永豐優息存股,304,0,304,群益金鼎,2024-03-07,9100
6176,瑞儀,352,48,304,群益金鼎,2024-03-07,9100
00728,第一金工業30,292,0,292,群益金鼎,2024-03-07,9100
2388,威盛,350,77,273,群益金鼎,2024-03-07,9100
00642U,期元大S＆P石油,259,0,259,群益金鼎,2024-03-07,9100
2344,華邦電,326,68,258,群益金鼎,2024-03-07,9100
00888,永豐台灣ESG,260,3,257,群益金鼎,2024-03-07,9100
6121,新普,259,9,250,群益金鼎,2024-03-07,9100
2412,中華電,247,0,247,群益金鼎,2024-03-07,9100
00903,富邦元宇宙,242,0,242,群益金鼎,2024-03-07,9100
00876,元大全球5G,337,97,240,群益金鼎,2024-03-07,9100
00902,中信電池及儲能,228,10,218,群益金鼎,2024-03-07,9100
5439,高技,308,90,218,群益金鼎,2024-03-07,9100
2887,台新金,261,50,211,群益金鼎,2024-03-07,9100
1802,台玻,216,8,208,群益金鼎,2024-03-07,9100
3044,健鼎,320,113,207,群益金鼎,2024-03-07,9100
00795B,中信美國公債20年,530,327,203,群益金鼎,2024-03-07,9100
6180,橘子,202,0,202,群益金鼎,2024-03-07,9100
3045,台灣大,201,2,199,群益金鼎,2024-03-07,9100
00878,國泰永續高股息,14786,440,14346,群益金鼎,2024-03-08,9100
00900,富邦特選高股息30,14524,1201,13323,群益金鼎,2024-03-08,9100
00882,中信中國高股息,5007,4,5003,群益金鼎,2024-03-08,9100
00891,中信關鍵半導體,4289,5,4284,群益金鼎,2024-03-08,9100
00830,國泰費城半導體,3277,63,3214,群益金鼎,2024-03-08,9100
00931B,統一美債20年,2885,30,2855,群益金鼎,2024-03-08,9100
00715L,期街口布蘭特正2,1668,0,1668,群益金鼎,2024-03-08,9100
00893,國泰智能電動車,2419,1003,1416,群益金鼎,2024-03-08,9100
3264,欣銓,1366,134,1232,群益金鼎,2024-03-08,9100
3707,漢磊,920,4,916,群益金鼎,2024-03-08,9100
00706L,期元大S＆P日圓正2,900,0,900,群益金鼎,2024-03-08,9100
00680L,元大美債20正2,662,0,662,群益金鼎,2024-03-08,9100
00912,中信臺灣智慧50,602,0,602,群益金鼎,2024-03-08,9100
00764B,群益25年美債,2098,1519,579,群益金鼎,2024-03-08,9100
00903,富邦元宇宙,671,107,564,群益金鼎,2024-03-08,9100
2358,廷鑫,560,23,537,群益金鼎,2024-03-08,9100
2618,長榮航,785,273,512,群益金鼎,2024-03-08,9100
00665L,富邦�琤肭磪囓�2,500,0,500,群益金鼎,2024-03-08,9100
00864B,中信美國公債0-1,625,137,488,群益金鼎,2024-03-08,9100
00637L,元大滬深300正2,516,41,475,群益金鼎,2024-03-08,9100
2610,華航,485,78,407,群益金鼎,2024-03-08,9100
00757,統一FANG+,406,0,406,群益金鼎,2024-03-08,9100
3481,群創,1390,992,398,群益金鼎,2024-03-08,9100
00650L,復華香港正2,380,0,380,群益金鼎,2024-03-08,9100
00936,台新永續高息中小,568,200,368,群益金鼎,2024-03-08,9100
0056,元大高股息,382,51,331,群益金鼎,2024-03-08,9100
00633L,富邦上証正2,320,10,310,群益金鼎,2024-03-08,9100
3548,兆利,396,93,303,群益金鼎,2024-03-08,9100
00888,永豐台灣ESG,999,698,301,群益金鼎,2024-03-08,9100
2609,陽明,458,160,298,群益金鼎,2024-03-08,9100
2603,長榮,706,423,283,群益金鼎,2024-03-08,9100
00923,群益台ESG低碳50,480,199,281,群益金鼎,2024-03-08,9100
00902,中信電池及儲能,343,77,266,群益金鼎,2024-03-08,9100
2027,大成鋼,272,22,250,群益金鼎,2024-03-08,9100
00894,中信小資高價30,240,0,240,群益金鼎,2024-03-08,9100
00670L,富邦NASDAQ正2,235,0,235,群益金鼎,2024-03-08,9100
00728,第一金工業30,332,100,232,群益金鼎,2024-03-08,9100
00643,群益深証中小,285,63,222,群益金鼎,2024-03-08,9100
00926,凱基全球菁英55,220,0,220,群益金鼎,2024-03-08,9100
2356,英業達,332,116,216,群益金鼎,2024-03-08,9100
3171,炎洲流通,198,0,198,群益金鼎,2024-03-08,9100
3033,威健,184,10,174,群益金鼎,2024-03-08,9100
3540,曜越,988,822,166,群益金鼎,2024-03-08,9100
6546,正基,160,4,156,群益金鼎,2024-03-08,9100
2385,群光,443,293,150,群益金鼎,2024-03-08,9100
5347,世界,192,58,134,群益金鼎,2024-03-08,9100
00877,復華中國5G,192,61,131,群益金鼎,2024-03-08,9100
2504,國產,169,49,120,群益金鼎,2024-03-08,9100
00662,富邦NASDAQ,116,0,116,群益金鼎,2024-03-08,9100
00899,FT潔淨能源,114,0,114,群益金鼎,2024-03-08,9100
00637L,元大滬深300正2,12461,40,12421,群益金鼎,2024-03-11,9100
00933B,國泰10Y+金融債,4607,0,4607,群益金鼎,2024-03-11,9100
00679B,元大美債20年,5828,2001,3827,群益金鼎,2024-03-11,9100
00878,國泰永續高股息,3373,181,3192,群益金鼎,2024-03-11,9100
00671R,富邦NASDAQ反1,2792,0,2792,群益金鼎,2024-03-11,9100
2883,凱基金,2563,6,2557,群益金鼎,2024-03-11,9100
00893,國泰智能電動車,2503,12,2491,群益金鼎,2024-03-11,9100
2886,兆豐金,2007,73,1934,群益金鼎,2024-03-11,9100
00665L,富邦�琤肭磪囓�2,1771,109,1662,群益金鼎,2024-03-11,9100
00900,富邦特選高股息30,2934,1395,1539,群益金鼎,2024-03-11,9100
00902,中信電池及儲能,1593,100,1493,群益金鼎,2024-03-11,9100
00633L,富邦上証正2,1366,70,1296,群益金鼎,2024-03-11,9100
3016,嘉晶,1226,1,1225,群益金鼎,2024-03-11,9100
3481,群創,1247,71,1176,群益金鼎,2024-03-11,9100
00673R,期元大S＆P原油反1,1067,0,1067,群益金鼎,2024-03-11,9100
2313,華通,1871,1080,791,群益金鼎,2024-03-11,9100
00891,中信關鍵半導體,726,1,725,群益金鼎,2024-03-11,9100
2406,國碩,715,2,713,群益金鼎,2024-03-11,9100
00720B,元大投資級公司債,1363,716,647,群益金鼎,2024-03-11,9100
00772B,中信高評級公司債,509,3,506,群益金鼎,2024-03-11,9100
00903,富邦元宇宙,500,0,500,群益金鼎,2024-03-11,9100
3231,緯創,1109,619,490,群益金鼎,2024-03-11,9100
8069,元太,504,23,481,群益金鼎,2024-03-11,9100
6274,台燿,643,166,477,群益金鼎,2024-03-11,9100
00650L,復華香港正2,462,0,462,群益金鼎,2024-03-11,9100
00773B,中信優先金融債,447,1,446,群益金鼎,2024-03-11,9100
00923,群益台ESG低碳50,933,533,400,群益金鼎,2024-03-11,9100
00864B,中信美國公債0-1,591,200,391,群益金鼎,2024-03-11,9100
6120,達運,378,1,377,群益金鼎,2024-03-11,9100
2317,鴻海,440,66,374,群益金鼎,2024-03-11,9100
00861,元大全球未來通訊,375,1,374,群益金鼎,2024-03-11,9100
2603,長榮,670,308,362,群益金鼎,2024-03-11,9100
5347,世界,318,46,272,群益金鼎,2024-03-11,9100
6176,瑞儀,292,24,268,群益金鼎,2024-03-11,9100
2610,華航,410,144,266,群益金鼎,2024-03-11,9100
00795B,中信美國公債20年,264,0,264,群益金鼎,2024-03-11,9100
00862B,中信投資級公司債,395,150,245,群益金鼎,2024-03-11,9100
2618,長榮航,1144,937,207,群益金鼎,2024-03-11,9100
00882,中信中國高股息,208,2,206,群益金鼎,2024-03-11,9100
6147,頎邦,207,5,202,群益金鼎,2024-03-11,9100
2504,國產,236,34,202,群益金鼎,2024-03-11,9100
00708L,期元大S＆P黃金正2,200,0,200,群益金鼎,2024-03-11,9100
3017,奇鋐,239,44,195,群益金鼎,2024-03-11,9100
2382,廣達,301,110,191,群益金鼎,2024-03-11,9100
00714,群益道瓊美國地產,291,108,183,群益金鼎,2024-03-11,9100
00640L,富邦日本正2,279,98,181,群益金鼎,2024-03-11,9100
3034,聯詠,372,201,171,群益金鼎,2024-03-11,9100
00892,富邦台灣半導體,180,9,171,群益金鼎,2024-03-11,9100
8059,凱碩,170,5,165,群益金鼎,2024-03-11,9100
3033,威健,199,36,163,群益金鼎,2024-03-11,9100
00637L,元大滬深300正2,14117,2,14115,群益金鼎,2024-03-12,9100
00665L,富邦�琤肭磪囓�2,6478,25,6453,群益金鼎,2024-03-12,9100
00878,國泰永續高股息,5812,10,5802,群益金鼎,2024-03-12,9100
00933B,國泰10Y+金融債,4160,0,4160,群益金鼎,2024-03-12,9100
2317,鴻海,3506,586,2920,群益金鼎,2024-03-12,9100
00715L,期街口布蘭特正2,2316,0,2316,群益金鼎,2024-03-12,9100
00680L,元大美債20正2,1926,0,1926,群益金鼎,2024-03-12,9100
00900,富邦特選高股息30,1911,4,1907,群益金鼎,2024-03-12,9100
00633L,富邦上証正2,1701,0,1701,群益金鼎,2024-03-12,9100
00929,復華台灣科技優息,3015,1592,1423,群益金鼎,2024-03-12,9100
00861,元大全球未來通訊,1391,0,1391,群益金鼎,2024-03-12,9100
00650L,復華香港正2,1323,219,1104,群益金鼎,2024-03-12,9100
00655L,國泰中國A50正2,983,18,965,群益金鼎,2024-03-12,9100
9904,寶成,1061,102,959,群益金鼎,2024-03-12,9100
2882,國泰金,1078,156,922,群益金鼎,2024-03-12,9100
3231,緯創,1136,368,768,群益金鼎,2024-03-12,9100
1402,遠東新,713,11,702,群益金鼎,2024-03-12,9100
00902,中信電池及儲能,921,259,662,群益金鼎,2024-03-12,9100
00907,永豐優息存股,622,37,585,群益金鼎,2024-03-12,9100
6605,帝寶,524,4,520,群益金鼎,2024-03-12,9100
2603,長榮,796,278,518,群益金鼎,2024-03-12,9100
2382,廣達,723,210,513,群益金鼎,2024-03-12,9100
1319,東陽,621,109,512,群益金鼎,2024-03-12,9100
00864B,中信美國公債0-1,711,231,480,群益金鼎,2024-03-12,9100
6233,旺玖,423,0,423,群益金鼎,2024-03-12,9100
00662,富邦NASDAQ,392,0,392,群益金鼎,2024-03-12,9100
6274,台燿,548,158,390,群益金鼎,2024-03-12,9100
2836,高雄銀,400,20,380,群益金鼎,2024-03-12,9100
00669R,國泰美國道瓊反1,499,150,349,群益金鼎,2024-03-12,9100
00891,中信關鍵半導體,323,0,323,群益金鼎,2024-03-12,9100
3706,神達,316,3,313,群益金鼎,2024-03-12,9100
00903,富邦元宇宙,306,0,306,群益金鼎,2024-03-12,9100
00830,國泰費城半導體,761,470,291,群益金鼎,2024-03-12,9100
00706L,期元大S＆P日圓正2,506,218,288,群益金鼎,2024-03-12,9100
2354,鴻準,271,7,264,群益金鼎,2024-03-12,9100
1519,華城,271,9,262,群益金鼎,2024-03-12,9100
1513,中興電,457,197,260,群益金鼎,2024-03-12,9100
3037,欣興,286,49,237,群益金鼎,2024-03-12,9100
5876,上海商銀,231,1,230,群益金鼎,2024-03-12,9100
9921,巨大,240,27,213,群益金鼎,2024-03-12,9100
1455,集盛,1028,815,213,群益金鼎,2024-03-12,9100
5234,達興材料,243,31,212,群益金鼎,2024-03-12,9100
3017,奇鋐,240,29,211,群益金鼎,2024-03-12,9100
5469,瀚宇博,225,26,199,群益金鼎,2024-03-12,9100
2404,漢唐,194,1,193,群益金鼎,2024-03-12,9100
5371,中光電,202,9,193,群益金鼎,2024-03-12,9100
2308,台達電,311,119,192,群益金鼎,2024-03-12,9100
00936,台新永續高息中小,238,49,189,群益金鼎,2024-03-12,9100
2303,聯電,230,52,178,群益金鼎,2024-03-12,9100
00642U,期元大S＆P石油,177,0,177,群益金鼎,2024-03-12,9100
00680L,元大美債20正2,9684,5,9679,群益金鼎,2024-03-13,9100
00882,中信中國高股息,7986,0,7986,群益金鼎,2024-03-13,9100
00878,國泰永續高股息,7440,309,7131,群益金鼎,2024-03-13,9100
00900,富邦特選高股息30,4137,966,3171,群益金鼎,2024-03-13,9100
3702,大聯大,3276,301,2975,群益金鼎,2024-03-13,9100
00933B,國泰10Y+金融債,2802,0,2802,群益金鼎,2024-03-13,9100
00665L,富邦�琤肭磪囓�2,2443,0,2443,群益金鼎,2024-03-13,9100
6239,力成,1385,107,1278,群益金鼎,2024-03-13,9100
00650L,復華香港正2,1384,114,1270,群益金鼎,2024-03-13,9100
4938,和碩,1289,26,1263,群益金鼎,2024-03-13,9100
2891,中信金,1408,185,1223,群益金鼎,2024-03-13,9100
00688L,國泰20年美債正2,1184,0,1184,群益金鼎,2024-03-13,9100
2354,鴻準,1263,138,1125,群益金鼎,2024-03-13,9100
3711,日月光投控,1197,114,1083,群益金鼎,2024-03-13,9100
6176,瑞儀,1127,58,1069,群益金鼎,2024-03-13,9100
00929,復華台灣科技優息,1825,812,1013,群益金鼎,2024-03-13,9100
2603,長榮,1305,306,999,群益金鼎,2024-03-13,9100
2317,鴻海,1783,847,936,群益金鼎,2024-03-13,9100
00902,中信電池及儲能,924,3,921,群益金鼎,2024-03-13,9100
00923,群益台ESG低碳50,1294,464,830,群益金鼎,2024-03-13,9100
00893,國泰智能電動車,794,3,791,群益金鼎,2024-03-13,9100
1504,東元,699,20,679,群益金鼎,2024-03-13,9100
4958,臻鼎-KY,522,56,466,群益金鼎,2024-03-13,9100
00917,中信特選金融,800,346,454,群益金鼎,2024-03-13,9100
00891,中信關鍵半導體,441,2,439,群益金鼎,2024-03-13,9100
006208,富邦台50,605,191,414,群益金鼎,2024-03-13,9100
2404,漢唐,394,0,394,群益金鼎,2024-03-13,9100
2474,可成,392,2,390,群益金鼎,2024-03-13,9100
00715L,期街口布蘭特正2,570,200,370,群益金鼎,2024-03-13,9100
00934,中信成長高股息,367,0,367,群益金鼎,2024-03-13,9100
00885,富邦越南,351,0,351,群益金鼎,2024-03-13,9100
2883,凱基金,611,293,318,群益金鼎,2024-03-13,9100
00669R,國泰美國道瓊反1,888,572,316,群益金鼎,2024-03-13,9100
00903,富邦元宇宙,311,0,311,群益金鼎,2024-03-13,9100
9904,寶成,431,136,295,群益金鼎,2024-03-13,9100
00733,富邦臺灣中小,387,93,294,群益金鼎,2024-03-13,9100
5483,中美晶,318,32,286,群益金鼎,2024-03-13,9100
2486,一詮,358,86,272,群益金鼎,2024-03-13,9100
6147,頎邦,323,52,271,群益金鼎,2024-03-13,9100
1216,統一,267,1,266,群益金鼎,2024-03-13,9100
00850,元大臺灣ESG永續,234,0,234,群益金鼎,2024-03-13,9100
00907,永豐優息存股,209,0,209,群益金鼎,2024-03-13,9100
3044,健鼎,240,41,199,群益金鼎,2024-03-13,9100
3293,鈊象,190,4,186,群益金鼎,2024-03-13,9100
2204,中華,194,12,182,群益金鼎,2024-03-13,9100
2455,全新,186,14,172,群益金鼎,2024-03-13,9100
00895,富邦未來車,478,311,167,群益金鼎,2024-03-13,9100
00910,第一金太空衛星,201,36,165,群益金鼎,2024-03-13,9100
1460,宏遠,162,0,162,群益金鼎,2024-03-13,9100
3045,台灣大,200,41,159,群益金鼎,2024-03-13,9100
00715L,期街口布蘭特正2,5758,110,5648,群益金鼎,2024-03-14,9100
00680L,元大美債20正2,5485,0,5485,群益金鼎,2024-03-14,9100
00900,富邦特選高股息30,5129,164,4965,群益金鼎,2024-03-14,9100
00878,國泰永續高股息,4005,7,3998,群益金鼎,2024-03-14,9100
00891,中信關鍵半導體,1807,1,1806,群益金鼎,2024-03-14,9100
00712,復華富時不動產,1536,190,1346,群益金鼎,2024-03-14,9100
00882,中信中國高股息,1226,0,1226,群益金鼎,2024-03-14,9100
00881,國泰台灣5G+,1106,3,1103,群益金鼎,2024-03-14,9100
2891,中信金,1579,573,1006,群益金鼎,2024-03-14,9100
4714,永捷,1002,5,997,群益金鼎,2024-03-14,9100
00902,中信電池及儲能,900,0,900,群益金鼎,2024-03-14,9100
3042,晶技,813,40,773,群益金鼎,2024-03-14,9100
00861,元大全球未來通訊,622,0,622,群益金鼎,2024-03-14,9100
00888,永豐台灣ESG,964,371,593,群益金鼎,2024-03-14,9100
00637L,元大滬深300正2,562,0,562,群益金鼎,2024-03-14,9100
00923,群益台ESG低碳50,728,175,553,群益金鼎,2024-03-14,9100
00885,富邦越南,523,3,520,群益金鼎,2024-03-14,9100
00892,富邦台灣半導體,479,5,474,群益金鼎,2024-03-14,9100
1319,東陽,952,487,465,群益金鼎,2024-03-14,9100
00934,中信成長高股息,448,1,447,群益金鼎,2024-03-14,9100
00905,FT臺灣Smart,445,0,445,群益金鼎,2024-03-14,9100
00850,元大臺灣ESG永續,403,1,402,群益金鼎,2024-03-14,9100
2603,長榮,1018,621,397,群益金鼎,2024-03-14,9100
00642U,期元大S＆P石油,451,64,387,群益金鼎,2024-03-14,9100
00916,國泰全球品牌50,338,0,338,群益金鼎,2024-03-14,9100
2884,玉山金,367,81,286,群益金鼎,2024-03-14,9100
1216,統一,389,105,284,群益金鼎,2024-03-14,9100
00936,台新永續高息中小,276,0,276,群益金鼎,2024-03-14,9100
2486,一詮,321,93,228,群益金鼎,2024-03-14,9100
00903,富邦元宇宙,221,0,221,群益金鼎,2024-03-14,9100
00895,富邦未來車,206,0,206,群益金鼎,2024-03-14,9100
1460,宏遠,196,0,196,群益金鼎,2024-03-14,9100
00728,第一金工業30,183,1,182,群益金鼎,2024-03-14,9100
3035,智原,206,31,175,群益金鼎,2024-03-14,9100
6121,新普,190,21,169,群益金鼎,2024-03-14,9100
5388,中磊,171,11,160,群益金鼎,2024-03-14,9100
2330,台積電,249,92,157,群益金鼎,2024-03-14,9100
6265,方土昶,182,29,153,群益金鼎,2024-03-14,9100
00757,統一FANG+,150,0,150,群益金鼎,2024-03-14,9100
1609,大亞,320,170,150,群益金鼎,2024-03-14,9100
006208,富邦台50,321,176,145,群益金鼎,2024-03-14,9100
6190,萬泰科,151,7,144,群益金鼎,2024-03-14,9100
00683L,期元大美元指正2,136,0,136,群益金鼎,2024-03-14,9100
00897,富邦基因免疫生技,134,0,134,群益金鼎,2024-03-14,9100
5234,達興材料,170,40,130,群益金鼎,2024-03-14,9100
2883,凱基金,173,48,125,群益金鼎,2024-03-14,9100
3006,晶豪科,205,85,120,群益金鼎,2024-03-14,9100
2634,漢翔,129,17,112,群益金鼎,2024-03-14,9100
2368,金像電,165,54,111,群益金鼎,2024-03-14,9100
2356,英業達,352,245,107,群益金鼎,2024-03-14,9100
00881,國泰台灣5G+,3027,6,3021,群益金鼎,2024-03-15,9100
00715L,期街口布蘭特正2,3278,319,2959,群益金鼎,2024-03-15,9100
00900,富邦特選高股息30,4036,1106,2930,群益金鼎,2024-03-15,9100
00637L,元大滬深300正2,3201,680,2521,群益金鼎,2024-03-15,9100
00772B,中信高評級公司債,2498,3,2495,群益金鼎,2024-03-15,9100
00882,中信中國高股息,2379,7,2372,群益金鼎,2024-03-15,9100
00878,國泰永續高股息,2466,172,2294,群益金鼎,2024-03-15,9100
00632R,元大台灣50反1,2495,212,2283,群益金鼎,2024-03-15,9100
3481,群創,2179,364,1815,群益金鼎,2024-03-15,9100
2449,京元電子,1721,38,1683,群益金鼎,2024-03-15,9100
00891,中信關鍵半導體,1131,0,1131,群益金鼎,2024-03-15,9100
00933B,國泰10Y+金融債,1097,0,1097,群益金鼎,2024-03-15,9100
00876,元大全球5G,1086,1,1085,群益金鼎,2024-03-15,9100
3706,神達,1161,94,1067,群益金鼎,2024-03-15,9100
3702,大聯大,1224,186,1038,群益金鼎,2024-03-15,9100
4906,正文,990,121,869,群益金鼎,2024-03-15,9100
4938,和碩,927,61,866,群益金鼎,2024-03-15,9100
2885,元大金,1310,476,834,群益金鼎,2024-03-15,9100
2882,國泰金,1247,428,819,群益金鼎,2024-03-15,9100
2317,鴻海,1321,597,724,群益金鼎,2024-03-15,9100
00929,復華台灣科技優息,3584,2879,705,群益金鼎,2024-03-15,9100
2382,廣達,856,227,629,群益金鼎,2024-03-15,9100
6285,啟��,822,217,605,群益金鼎,2024-03-15,9100
1216,統一,598,1,597,群益金鼎,2024-03-15,9100
2352,佳世達,582,65,517,群益金鼎,2024-03-15,9100
5876,上海商銀,464,1,463,群益金鼎,2024-03-15,9100
00713,元大台灣高息低波,482,25,457,群益金鼎,2024-03-15,9100
2031,新光鋼,453,8,445,群益金鼎,2024-03-15,9100
00934,中信成長高股息,431,0,431,群益金鼎,2024-03-15,9100
00896,中信綠能及電動車,428,0,428,群益金鼎,2024-03-15,9100
00888,永豐台灣ESG,423,0,423,群益金鼎,2024-03-15,9100
00892,富邦台灣半導體,426,11,415,群益金鼎,2024-03-15,9100
00923,群益台ESG低碳50,461,57,404,群益金鼎,2024-03-15,9100
3711,日月光投控,622,218,404,群益金鼎,2024-03-15,9100
2379,瑞昱,364,32,332,群益金鼎,2024-03-15,9100
3479,安勤,326,9,317,群益金鼎,2024-03-15,9100
5371,中光電,307,0,307,群益金鼎,2024-03-15,9100
2641,正德,295,0,295,群益金鼎,2024-03-15,9100
1319,東陽,1061,771,290,群益金鼎,2024-03-15,9100
00631L,元大台灣50正2,300,15,285,群益金鼎,2024-03-15,9100
3036,文曄,329,50,279,群益金鼎,2024-03-15,9100
1460,宏遠,280,7,273,群益金鼎,2024-03-15,9100
6274,台燿,342,71,271,群益金鼎,2024-03-15,9100
00862B,中信投資級公司債,386,121,265,群益金鼎,2024-03-15,9100
5347,世界,436,174,262,群益金鼎,2024-03-15,9100
3045,台灣大,239,5,234,群益金鼎,2024-03-15,9100
6239,力成,348,128,220,群益金鼎,2024-03-15,9100
1301,台塑,218,0,218,群益金鼎,2024-03-15,9100
00670L,富邦NASDAQ正2,206,0,206,群益金鼎,2024-03-15,9100
00773B,中信優先金融債,202,0,202,群益金鼎,2024-03-15,9100
00882,中信中國高股息,10168,1,10167,群益金鼎,2024-03-18,9100
00637L,元大滬深300正2,4276,10,4266,群益金鼎,2024-03-18,9100
00929,復華台灣科技優息,3208,110,3098,群益金鼎,2024-03-18,9100
00891,中信關鍵半導體,2443,30,2413,群益金鼎,2024-03-18,9100
00900,富邦特選高股息30,2504,242,2262,群益金鼎,2024-03-18,9100
3702,大聯大,2323,139,2184,群益金鼎,2024-03-18,9100
3037,欣興,2093,95,1998,群益金鼎,2024-03-18,9100
00671R,富邦NASDAQ反1,1573,0,1573,群益金鼎,2024-03-18,9100
00902,中信電池及儲能,1458,30,1428,群益金鼎,2024-03-18,9100
00881,國泰台灣5G+,1497,104,1393,群益金鼎,2024-03-18,9100
00665L,富邦�琤肭磪囓�2,1266,0,1266,群益金鼎,2024-03-18,9100
00715L,期街口布蘭特正2,1543,460,1083,群益金鼎,2024-03-18,9100
00893,國泰智能電動車,1149,457,692,群益金鼎,2024-03-18,9100
2379,瑞昱,573,3,570,群益金鼎,2024-03-18,9100
3207,耀勝,528,16,512,群益金鼎,2024-03-18,9100
3189,景碩,505,1,504,群益金鼎,2024-03-18,9100
00669R,國泰美國道瓊反1,699,200,499,群益金鼎,2024-03-18,9100
00895,富邦未來車,473,0,473,群益金鼎,2024-03-18,9100
2883,凱基金,466,0,466,群益金鼎,2024-03-18,9100
00696B,富邦美債20年,416,3,413,群益金鼎,2024-03-18,9100
00934,中信成長高股息,409,1,408,群益金鼎,2024-03-18,9100
1216,統一,390,1,389,群益金鼎,2024-03-18,9100
00850,元大臺灣ESG永續,408,29,379,群益金鼎,2024-03-18,9100
2031,新光鋼,376,0,376,群益金鼎,2024-03-18,9100
00918,大華優利高填息30,676,302,374,群益金鼎,2024-03-18,9100
00712,復華富時不動產,444,94,350,群益金鼎,2024-03-18,9100
00633L,富邦上証正2,342,0,342,群益金鼎,2024-03-18,9100
00648R,元大S＆P500反1,413,77,336,群益金鼎,2024-03-18,9100
00894,中信小資高價30,312,1,311,群益金鼎,2024-03-18,9100
1609,大亞,355,48,307,群益金鼎,2024-03-18,9100
00635U,期元大S＆P黃金,302,5,297,群益金鼎,2024-03-18,9100
00936,台新永續高息中小,300,4,296,群益金鼎,2024-03-18,9100
3005,神基,375,85,290,群益金鼎,2024-03-18,9100
4906,正文,251,1,250,群益金鼎,2024-03-18,9100
2404,漢唐,268,24,244,群益金鼎,2024-03-18,9100
1460,宏遠,240,0,240,群益金鼎,2024-03-18,9100
00878,國泰永續高股息,885,653,232,群益金鼎,2024-03-18,9100
2323,中環,322,97,225,群益金鼎,2024-03-18,9100
00674R,期元大S＆P黃金反1,219,1,218,群益金鼎,2024-03-18,9100
00907,永豐優息存股,197,1,196,群益金鼎,2024-03-18,9100
00892,富邦台灣半導體,189,2,187,群益金鼎,2024-03-18,9100
00728,第一金工業30,182,1,181,群益金鼎,2024-03-18,9100
00905,FT臺灣Smart,171,1,170,群益金鼎,2024-03-18,9100
00926,凱基全球菁英55,269,103,166,群益金鼎,2024-03-18,9100
00903,富邦元宇宙,168,11,157,群益金鼎,2024-03-18,9100
1809,中釉,153,0,153,群益金鼎,2024-03-18,9100
3036,文曄,180,27,153,群益金鼎,2024-03-18,9100
3033,威健,151,2,149,群益金鼎,2024-03-18,9100
1513,中興電,367,237,130,群益金鼎,2024-03-18,9100
00643,群益深証中小,185,56,129,群益金鼎,2024-03-18,9100
00637L,元大滬深300正2,6656,338,6318,群益金鼎,2024-03-19,9100
00878,國泰永續高股息,5158,129,5029,群益金鼎,2024-03-19,9100
00900,富邦特選高股息30,5183,506,4677,群益金鼎,2024-03-19,9100
2603,長榮,4622,93,4529,群益金鼎,2024-03-19,9100
2356,英業達,4385,166,4219,群益金鼎,2024-03-19,9100
6239,力成,3072,225,2847,群益金鼎,2024-03-19,9100
3005,神基,2643,61,2582,群益金鼎,2024-03-19,9100
2352,佳世達,2502,187,2315,群益金鼎,2024-03-19,9100
00715L,期街口布蘭特正2,2240,0,2240,群益金鼎,2024-03-19,9100
3036,文曄,2121,31,2090,群益金鼎,2024-03-19,9100
00933B,國泰10Y+金融債,1991,1,1990,群益金鼎,2024-03-19,9100
00772B,中信高評級公司債,1860,1,1859,群益金鼎,2024-03-19,9100
3711,日月光投控,1752,125,1627,群益金鼎,2024-03-19,9100
3702,大聯大,1508,57,1451,群益金鼎,2024-03-19,9100
4938,和碩,1509,83,1426,群益金鼎,2024-03-19,9100
2385,群光,1401,15,1386,群益金鼎,2024-03-19,9100
00773B,中信優先金融債,1211,1,1210,群益金鼎,2024-03-19,9100
2449,京元電子,1214,46,1168,群益金鼎,2024-03-19,9100
2404,漢唐,1140,31,1109,群益金鼎,2024-03-19,9100
5347,世界,1214,133,1081,群益金鼎,2024-03-19,9100
6285,啟��,1092,54,1038,群益金鼎,2024-03-19,9100
1319,東陽,1452,478,974,群益金鼎,2024-03-19,9100
00881,國泰台灣5G+,915,14,901,群益金鼎,2024-03-19,9100
6176,瑞儀,1023,164,859,群益金鼎,2024-03-19,9100
00885,富邦越南,802,0,802,群益金鼎,2024-03-19,9100
2303,聯電,1022,246,776,群益金鼎,2024-03-19,9100
00725B,國泰投資級公司債,706,1,705,群益金鼎,2024-03-19,9100
00722B,群益投資級電信債,2059,1400,659,群益金鼎,2024-03-19,9100
00936,台新永續高息中小,641,6,635,群益金鼎,2024-03-19,9100
3037,欣興,705,106,599,群益金鼎,2024-03-19,9100
00850,元大臺灣ESG永續,578,0,578,群益金鼎,2024-03-19,9100
2454,聯發科,535,10,525,群益金鼎,2024-03-19,9100
00862B,中信投資級公司債,548,100,448,群益金鼎,2024-03-19,9100
3706,神達,622,174,448,群益金鼎,2024-03-19,9100
4915,致伸,447,9,438,群益金鼎,2024-03-19,9100
2540,愛山林,421,4,417,群益金鼎,2024-03-19,9100
00892,富邦台灣半導體,522,106,416,群益金鼎,2024-03-19,9100
1216,統一,397,13,384,群益金鼎,2024-03-19,9100
00864B,中信美國公債0-1,419,50,369,群益金鼎,2024-03-19,9100
2344,華邦電,370,3,367,群益金鼎,2024-03-19,9100
00927,群益半導體收益,748,390,358,群益金鼎,2024-03-19,9100
00719B,元大美債1-3,361,21,340,群益金鼎,2024-03-19,9100
9904,寶成,458,119,339,群益金鼎,2024-03-19,9100
00713,元大台灣高息低波,340,2,338,群益金鼎,2024-03-19,9100
6605,帝寶,349,11,338,群益金鼎,2024-03-19,9100
00934,中信成長高股息,308,1,307,群益金鼎,2024-03-19,9100
00902,中信電池及儲能,301,0,301,群益金鼎,2024-03-19,9100
8016,矽創,296,3,293,群益金鼎,2024-03-19,9100
00896,中信綠能及電動車,270,1,269,群益金鼎,2024-03-19,9100
00633L,富邦上証正2,314,51,263,群益金鼎,2024-03-19,9100
2303,聯電,3114,809,2305,群益金鼎,2024-03-20,9100
00715L,期街口布蘭特正2,2260,0,2260,群益金鼎,2024-03-20,9100
2353,宏��,2145,160,1985,群益金鼎,2024-03-20,9100
00637L,元大滬深300正2,2012,66,1946,群益金鼎,2024-03-20,9100
00915,凱基優選高股息30,2735,828,1907,群益金鼎,2024-03-20,9100
00878,國泰永續高股息,2144,244,1900,群益金鼎,2024-03-20,9100
2352,佳世達,2041,177,1864,群益金鼎,2024-03-20,9100
00882,中信中國高股息,1742,1,1741,群益金鼎,2024-03-20,9100
3706,神達,3925,2747,1178,群益金鼎,2024-03-20,9100
00720B,元大投資級公司債,1242,68,1174,群益金鼎,2024-03-20,9100
8358,金居,801,2,799,群益金鼎,2024-03-20,9100
00891,中信關鍵半導體,745,6,739,群益金鼎,2024-03-20,9100
00773B,中信優先金融債,630,0,630,群益金鼎,2024-03-20,9100
2301,光寶科,785,182,603,群益金鼎,2024-03-20,9100
00933B,國泰10Y+金融債,606,5,601,群益金鼎,2024-03-20,9100
00795B,中信美國公債20年,505,0,505,群益金鼎,2024-03-20,9100
00830,國泰費城半導體,1602,1109,493,群益金鼎,2024-03-20,9100
00902,中信電池及儲能,465,0,465,群益金鼎,2024-03-20,9100
2481,強茂,437,4,433,群益金鼎,2024-03-20,9100
00772B,中信高評級公司債,408,0,408,群益金鼎,2024-03-20,9100
1216,統一,396,0,396,群益金鼎,2024-03-20,9100
2371,大同,415,21,394,群益金鼎,2024-03-20,9100
1609,大亞,522,132,390,群益金鼎,2024-03-20,9100
2388,威盛,396,16,380,群益金鼎,2024-03-20,9100
3078,僑威,357,1,356,群益金鼎,2024-03-20,9100
00893,國泰智能電動車,363,10,353,群益金鼎,2024-03-20,9100
00722B,群益投資級電信債,1705,1401,304,群益金鼎,2024-03-20,9100
00645,富邦日本,501,208,293,群益金鼎,2024-03-20,9100
00917,中信特選金融,393,100,293,群益金鼎,2024-03-20,9100
2317,鴻海,804,523,281,群益金鼎,2024-03-20,9100
2009,第一銅,293,20,273,群益金鼎,2024-03-20,9100
00633L,富邦上証正2,322,71,251,群益金鼎,2024-03-20,9100
00850,元大臺灣ESG永續,228,0,228,群益金鼎,2024-03-20,9100
8046,南電,215,3,212,群益金鼎,2024-03-20,9100
00864B,中信美國公債0-1,307,98,209,群益金鼎,2024-03-20,9100
2347,聯強,230,21,209,群益金鼎,2024-03-20,9100
2354,鴻準,505,304,201,群益金鼎,2024-03-20,9100
8996,高力,208,13,195,群益金鼎,2024-03-20,9100
2498,宏達電,198,5,193,群益金鼎,2024-03-20,9100
6443,元晶,202,12,190,群益金鼎,2024-03-20,9100
3380,明泰,178,5,173,群益金鼎,2024-03-20,9100
3033,威健,172,0,172,群益金鼎,2024-03-20,9100
3264,欣銓,207,35,172,群益金鼎,2024-03-20,9100
00751B,元大AAA至A公司債,171,0,171,群益金鼎,2024-03-20,9100
2504,國產,202,37,165,群益金鼎,2024-03-20,9100
00903,富邦元宇宙,162,0,162,群益金鼎,2024-03-20,9100
6219,富旺,160,0,160,群益金鼎,2024-03-20,9100
1460,宏遠,160,0,160,群益金鼎,2024-03-20,9100
2606,裕民,185,27,158,群益金鼎,2024-03-20,9100
1605,華新,213,58,155,群益金鼎,2024-03-20,9100
00669R,國泰美國道瓊反1,4358,100,4258,群益金鼎,2024-03-21,9100
00882,中信中國高股息,4146,1,4145,群益金鼎,2024-03-21,9100
00878,國泰永續高股息,3313,69,3244,群益金鼎,2024-03-21,9100
2317,鴻海,2550,1127,1423,群益金鼎,2024-03-21,9100
2301,光寶科,1397,261,1136,群益金鼎,2024-03-21,9100
1503,士電,1138,70,1068,群益金鼎,2024-03-21,9100
00665L,富邦�琤肭磪囓�2,1066,0,1066,群益金鼎,2024-03-21,9100
6257,矽格,1113,176,937,群益金鼎,2024-03-21,9100
00918,大華優利高填息30,910,13,897,群益金鼎,2024-03-21,9100
3481,群創,1232,403,829,群益金鼎,2024-03-21,9100
2882,國泰金,994,190,804,群益金鼎,2024-03-21,9100
00650L,復華香港正2,789,26,763,群益金鼎,2024-03-21,9100
00891,中信關鍵半導體,649,0,649,群益金鼎,2024-03-21,9100
2344,華邦電,745,140,605,群益金鼎,2024-03-21,9100
00900,富邦特選高股息30,712,133,579,群益金鼎,2024-03-21,9100
00929,復華台灣科技優息,1718,1175,543,群益金鼎,2024-03-21,9100
3708,上緯投控,505,2,503,群益金鼎,2024-03-21,9100
00645,富邦日本,500,2,498,群益金鼎,2024-03-21,9100
00715L,期街口布蘭特正2,837,343,494,群益金鼎,2024-03-21,9100
00903,富邦元宇宙,688,200,488,群益金鼎,2024-03-21,9100
00719B,元大美債1-3,446,0,446,群益金鼎,2024-03-21,9100
2409,友達,447,27,420,群益金鼎,2024-03-21,9100
6443,元晶,434,34,400,群益金鼎,2024-03-21,9100
1216,統一,392,2,390,群益金鼎,2024-03-21,9100
2241,艾姆勒,378,0,378,群益金鼎,2024-03-21,9100
2027,大成鋼,441,73,368,群益金鼎,2024-03-21,9100
00902,中信電池及儲能,481,116,365,群益金鼎,2024-03-21,9100
2383,台光電,422,57,365,群益金鼎,2024-03-21,9100
2308,台達電,461,126,335,群益金鼎,2024-03-21,9100
2408,南亞科,503,173,330,群益金鼎,2024-03-21,9100
00895,富邦未來車,604,289,315,群益金鼎,2024-03-21,9100
1722,台肥,283,0,283,群益金鼎,2024-03-21,9100
2618,長榮航,550,276,274,群益金鼎,2024-03-21,9100
00852L,國泰美國道瓊正2,304,37,267,群益金鼎,2024-03-21,9100
00915,凱基優選高股息30,806,549,257,群益金鼎,2024-03-21,9100
2313,華通,337,81,256,群益金鼎,2024-03-21,9100
3450,聯鈞,289,63,226,群益金鼎,2024-03-21,9100
00757,統一FANG+,204,0,204,群益金鼎,2024-03-21,9100
3264,欣銓,250,58,192,群益金鼎,2024-03-21,9100
1504,東元,220,31,189,群益金鼎,2024-03-21,9100
2486,一詮,385,201,184,群益金鼎,2024-03-21,9100
3260,威剛,204,39,165,群益金鼎,2024-03-21,9100
2204,中華,164,1,163,群益金鼎,2024-03-21,9100
2883,凱基金,159,1,158,群益金鼎,2024-03-21,9100
5434,崇越,270,120,150,群益金鼎,2024-03-21,9100
00916,國泰全球品牌50,150,0,150,群益金鼎,2024-03-21,9100
1460,宏遠,150,0,150,群益金鼎,2024-03-21,9100
2357,華碩,148,6,142,群益金鼎,2024-03-21,9100
5388,中磊,186,46,140,群益金鼎,2024-03-21,9100
6213,聯茂,146,9,137,群益金鼎,2024-03-21,9100
00830,國泰費城半導體,4275,93,4182,群益金鼎,2024-03-22,9100
00900,富邦特選高股息30,3984,0,3984,群益金鼎,2024-03-22,9100
00878,國泰永續高股息,3394,18,3376,群益金鼎,2024-03-22,9100
00929,復華台灣科技優息,3225,506,2719,群益金鼎,2024-03-22,9100
3481,群創,2716,392,2324,群益金鼎,2024-03-22,9100
00933B,國泰10Y+金融債,2000,5,1995,群益金鼎,2024-03-22,9100
00934,中信成長高股息,1269,0,1269,群益金鼎,2024-03-22,9100
00902,中信電池及儲能,1155,12,1143,群益金鼎,2024-03-22,9100
00918,大華優利高填息30,1076,24,1052,群益金鼎,2024-03-22,9100
00876,元大全球5G,1179,160,1019,群益金鼎,2024-03-22,9100
00915,凱基優選高股息30,1028,22,1006,群益金鼎,2024-03-22,9100
2412,中華電,1000,21,979,群益金鼎,2024-03-22,9100
1609,大亞,1061,96,965,群益金鼎,2024-03-22,9100
00725B,國泰投資級公司債,905,0,905,群益金鼎,2024-03-22,9100
00633L,富邦上証正2,946,52,894,群益金鼎,2024-03-22,9100
2353,宏��,1162,285,877,群益金鼎,2024-03-22,9100
00645,富邦日本,1308,468,840,群益金鼎,2024-03-22,9100
00850,元大臺灣ESG永續,796,0,796,群益金鼎,2024-03-22,9100
2382,廣達,909,288,621,群益金鼎,2024-03-22,9100
2356,英業達,1128,524,604,群益金鼎,2024-03-22,9100
00881,國泰台灣5G+,604,2,602,群益金鼎,2024-03-22,9100
8996,高力,537,35,502,群益金鼎,2024-03-22,9100
00712,復華富時不動產,743,250,493,群益金鼎,2024-03-22,9100
2241,艾姆勒,466,0,466,群益金鼎,2024-03-22,9100
00719B,元大美債1-3,450,0,450,群益金鼎,2024-03-22,9100
00773B,中信優先金融債,441,0,441,群益金鼎,2024-03-22,9100
1460,宏遠,442,2,440,群益金鼎,2024-03-22,9100
2540,愛山林,421,0,421,群益金鼎,2024-03-22,9100
2603,長榮,689,301,388,群益金鼎,2024-03-22,9100
1216,統一,398,34,364,群益金鼎,2024-03-22,9100
00907,永豐優息存股,376,25,351,群益金鼎,2024-03-22,9100
00891,中信關鍵半導體,347,0,347,群益金鼎,2024-03-22,9100
00923,群益台ESG低碳50,304,19,285,群益金鼎,2024-03-22,9100
00852L,國泰美國道瓊正2,270,7,263,群益金鼎,2024-03-22,9100
6669,緯穎,265,12,253,群益金鼎,2024-03-22,9100
00655L,國泰中國A50正2,245,0,245,群益金鼎,2024-03-22,9100
2324,仁寶,282,44,238,群益金鼎,2024-03-22,9100
00631L,元大台灣50正2,243,7,236,群益金鼎,2024-03-22,9100
00927,群益半導體收益,604,371,233,群益金鼎,2024-03-22,9100
006208,富邦台50,228,5,223,群益金鼎,2024-03-22,9100
2330,台積電,261,38,223,群益金鼎,2024-03-22,9100
3062,建漢,232,14,218,群益金鼎,2024-03-22,9100
00714,群益道瓊美國地產,418,200,218,群益金鼎,2024-03-22,9100
3036,文曄,306,97,209,群益金鼎,2024-03-22,9100
5425,台半,205,0,205,群益金鼎,2024-03-22,9100
2637,慧洋-KY,211,6,205,群益金鼎,2024-03-22,9100
2317,鴻海,513,314,199,群益金鼎,2024-03-22,9100
00895,富邦未來車,194,1,193,群益金鼎,2024-03-22,9100
00896,中信綠能及電動車,185,0,185,群益金鼎,2024-03-22,9100
0050,元大台灣50,185,2,183,群益金鼎,2024-03-22,9100
2885,元大金,5033,33,5000,群益金鼎,2024-03-25,9100
00933B,國泰10Y+金融債,4659,657,4002,群益金鼎,2024-03-25,9100
00830,國泰費城半導體,2697,572,2125,群益金鼎,2024-03-25,9100
00900,富邦特選高股息30,1712,0,1712,群益金鼎,2024-03-25,9100
00665L,富邦�琤肭磪囓�2,1337,0,1337,群益金鼎,2024-03-25,9100
00882,中信中國高股息,1223,30,1193,群益金鼎,2024-03-25,9100
00795B,中信美國公債20年,1142,0,1142,群益金鼎,2024-03-25,9100
00918,大華優利高填息30,1410,416,994,群益金鼎,2024-03-25,9100
2317,鴻海,980,198,782,群益金鼎,2024-03-25,9100
00772B,中信高評級公司債,1037,325,712,群益金鼎,2024-03-25,9100
00917,中信特選金融,1190,530,660,群益金鼎,2024-03-25,9100
00902,中信電池及儲能,654,0,654,群益金鼎,2024-03-25,9100
00934,中信成長高股息,635,20,615,群益金鼎,2024-03-25,9100
00936,台新永續高息中小,612,0,612,群益金鼎,2024-03-25,9100
00864B,中信美國公債0-1,644,107,537,群益金鼎,2024-03-25,9100
00715L,期街口布蘭特正2,538,10,528,群益金鼎,2024-03-25,9100
00645,富邦日本,604,131,473,群益金鼎,2024-03-25,9100
00896,中信綠能及電動車,482,15,467,群益金鼎,2024-03-25,9100
00929,復華台灣科技優息,3951,3492,459,群益金鼎,2024-03-25,9100
2049,上銀,467,11,456,群益金鼎,2024-03-25,9100
6284,佳邦,549,93,456,群益金鼎,2024-03-25,9100
00712,復華富時不動產,518,62,456,群益金鼎,2024-03-25,9100
00923,群益台ESG低碳50,492,47,445,群益金鼎,2024-03-25,9100
2371,大同,475,50,425,群益金鼎,2024-03-25,9100
00728,第一金工業30,403,0,403,群益金鼎,2024-03-25,9100
00915,凱基優選高股息30,1123,791,332,群益金鼎,2024-03-25,9100
00757,統一FANG+,309,0,309,群益金鼎,2024-03-25,9100
1216,統一,269,0,269,群益金鼎,2024-03-25,9100
6125,廣運,449,187,262,群益金鼎,2024-03-25,9100
2890,永豐金,262,0,262,群益金鼎,2024-03-25,9100
00646,元大S＆P500,259,0,259,群益金鼎,2024-03-25,9100
1460,宏遠,258,0,258,群益金鼎,2024-03-25,9100
2313,華通,271,16,255,群益金鼎,2024-03-25,9100
1609,大亞,8827,8572,255,群益金鼎,2024-03-25,9100
00648R,元大S＆P500反1,267,21,246,群益金鼎,2024-03-25,9100
00850,元大臺灣ESG永續,239,0,239,群益金鼎,2024-03-25,9100
6197,佳必琪,229,12,217,群益金鼎,2024-03-25,9100
00903,富邦元宇宙,210,0,210,群益金鼎,2024-03-25,9100
6806,森崴能源,252,57,195,群益金鼎,2024-03-25,9100
00930,永豐ESG低碳高息,183,0,183,群益金鼎,2024-03-25,9100
6290,良維,182,21,161,群益金鼎,2024-03-25,9100
00895,富邦未來車,157,0,157,群益金鼎,2024-03-25,9100
8112,至上,183,29,154,群益金鼎,2024-03-25,9100
00650L,復華香港正2,167,15,152,群益金鼎,2024-03-25,9100
00636,國泰中國A50,282,130,152,群益金鼎,2024-03-25,9100
00888,永豐台灣ESG,146,0,146,群益金鼎,2024-03-25,9100
3390,旭軟,153,9,144,群益金鼎,2024-03-25,9100
1605,華新,235,102,133,群益金鼎,2024-03-25,9100
3479,安勤,144,13,131,群益金鼎,2024-03-25,9100
00892,富邦台灣半導體,127,0,127,群益金鼎,2024-03-25,9100
00637L,元大滬深300正2,6593,200,6393,群益金鼎,2024-03-26,9100
00900,富邦特選高股息30,2764,221,2543,群益金鼎,2024-03-26,9100
00712,復華富時不動產,2401,3,2398,群益金鼎,2024-03-26,9100
00929,復華台灣科技優息,8620,6285,2335,群益金鼎,2024-03-26,9100
00772B,中信高評級公司債,2311,2,2309,群益金鼎,2024-03-26,9100
2301,光寶科,2191,62,2129,群益金鼎,2024-03-26,9100
00830,國泰費城半導體,2510,561,1949,群益金鼎,2024-03-26,9100
00933B,國泰10Y+金融債,1870,39,1831,群益金鼎,2024-03-26,9100
00918,大華優利高填息30,3494,1739,1755,群益金鼎,2024-03-26,9100
00915,凱基優選高股息30,2830,1221,1609,群益金鼎,2024-03-26,9100
3702,大聯大,1601,24,1577,群益金鼎,2024-03-26,9100
00919,群益台灣精選高息,10329,8838,1491,群益金鼎,2024-03-26,9100
00645,富邦日本,1399,193,1206,群益金鼎,2024-03-26,9100
00931B,統一美債20年,1027,0,1027,群益金鼎,2024-03-26,9100
00757,統一FANG+,989,1,988,群益金鼎,2024-03-26,9100
00936,台新永續高息中小,1184,201,983,群益金鼎,2024-03-26,9100
00878,國泰永續高股息,1210,272,938,群益金鼎,2024-03-26,9100
00893,國泰智能電動車,936,1,935,群益金鼎,2024-03-26,9100
00715L,期街口布蘭特正2,1317,403,914,群益金鼎,2024-03-26,9100
00902,中信電池及儲能,850,17,833,群益金鼎,2024-03-26,9100
00935,野村臺灣新科技50,1168,363,805,群益金鼎,2024-03-26,9100
4938,和碩,896,138,758,群益金鼎,2024-03-26,9100
1605,華新,870,129,741,群益金鼎,2024-03-26,9100
1608,華榮,798,80,718,群益金鼎,2024-03-26,9100
2515,中工,708,5,703,群益金鼎,2024-03-26,9100
2371,大同,1455,759,696,群益金鼎,2024-03-26,9100
6239,力成,752,68,684,群益金鼎,2024-03-26,9100
1319,東陽,723,76,647,群益金鼎,2024-03-26,9100
3711,日月光投控,830,222,608,群益金鼎,2024-03-26,9100
00633L,富邦上証正2,616,61,555,群益金鼎,2024-03-26,9100
00934,中信成長高股息,555,1,554,群益金鼎,2024-03-26,9100
00895,富邦未來車,709,156,553,群益金鼎,2024-03-26,9100
5388,中磊,580,56,524,群益金鼎,2024-03-26,9100
00795B,中信美國公債20年,498,0,498,群益金鼎,2024-03-26,9100
2603,長榮,553,68,485,群益金鼎,2024-03-26,9100
00648R,元大S＆P500反1,400,0,400,群益金鼎,2024-03-26,9100
00923,群益台ESG低碳50,866,492,374,群益金鼎,2024-03-26,9100
2540,愛山林,360,0,360,群益金鼎,2024-03-26,9100
6285,啟��,483,143,340,群益金鼎,2024-03-26,9100
6284,佳邦,403,73,330,群益金鼎,2024-03-26,9100
00917,中信特選金融,501,190,311,群益金鼎,2024-03-26,9100
00892,富邦台灣半導體,402,102,300,群益金鼎,2024-03-26,9100
1460,宏遠,300,0,300,群益金鼎,2024-03-26,9100
00881,國泰台灣5G+,412,138,274,群益金鼎,2024-03-26,9100
00773B,中信優先金融債,474,201,273,群益金鼎,2024-03-26,9100
00722B,群益投資級電信債,1038,780,258,群益金鼎,2024-03-26,9100
00655L,國泰中國A50正2,250,0,250,群益金鼎,2024-03-26,9100
00725B,國泰投資級公司債,241,2,239,群益金鼎,2024-03-26,9100
00903,富邦元宇宙,216,1,215,群益金鼎,2024-03-26,9100
3665,貿聯-KY,207,5,202,群益金鼎,2024-03-26,9100
00919,群益台灣精選高息,12133,5145,6988,群益金鼎,2024-03-27,9100
3005,神基,2466,50,2416,群益金鼎,2024-03-27,9100
00878,國泰永續高股息,2252,128,2124,群益金鼎,2024-03-27,9100
2303,聯電,1957,19,1938,群益金鼎,2024-03-27,9100
00637L,元大滬深300正2,1772,15,1757,群益金鼎,2024-03-27,9100
1504,東元,1717,37,1680,群益金鼎,2024-03-27,9100
5347,世界,1200,24,1176,群益金鼎,2024-03-27,9100
2515,中工,1064,14,1050,群益金鼎,2024-03-27,9100
00900,富邦特選高股息30,1150,125,1025,群益金鼎,2024-03-27,9100
00772B,中信高評級公司債,1014,1,1013,群益金鼎,2024-03-27,9100
00915,凱基優選高股息30,1473,482,991,群益金鼎,2024-03-27,9100
2634,漢翔,986,30,956,群益金鼎,2024-03-27,9100
00907,永豐優息存股,914,0,914,群益金鼎,2024-03-27,9100
00764B,群益25年美債,3042,2275,767,群益金鼎,2024-03-27,9100
00918,大華優利高填息30,806,66,740,群益金鼎,2024-03-27,9100
00881,國泰台灣5G+,738,2,736,群益金鼎,2024-03-27,9100
2352,佳世達,694,17,677,群益金鼎,2024-03-27,9100
2317,鴻海,1206,542,664,群益金鼎,2024-03-27,9100
2603,長榮,1090,465,625,群益金鼎,2024-03-27,9100
6239,力成,627,26,601,群益金鼎,2024-03-27,9100
00753L,中信中國50正2,536,0,536,群益金鼎,2024-03-27,9100
00935,野村臺灣新科技50,735,205,530,群益金鼎,2024-03-27,9100
00929,復華台灣科技優息,5235,4741,494,群益金鼎,2024-03-27,9100
00633L,富邦上証正2,502,12,490,群益金鼎,2024-03-27,9100
00902,中信電池及儲能,488,0,488,群益金鼎,2024-03-27,9100
1603,華電,581,100,481,群益金鼎,2024-03-27,9100
00646,元大S＆P500,455,0,455,群益金鼎,2024-03-27,9100
6139,亞翔,519,93,426,群益金鼎,2024-03-27,9100
00650L,復華香港正2,854,464,390,群益金鼎,2024-03-27,9100
3034,聯詠,360,3,357,群益金鼎,2024-03-27,9100
6284,佳邦,394,41,353,群益金鼎,2024-03-27,9100
2891,中信金,561,214,347,群益金鼎,2024-03-27,9100
2354,鴻準,532,188,344,群益金鼎,2024-03-27,9100
00936,台新永續高息中小,475,156,319,群益金鼎,2024-03-27,9100
1785,光洋科,321,13,308,群益金鼎,2024-03-27,9100
3339,泰谷,313,5,308,群益金鼎,2024-03-27,9100
2385,群光,335,28,307,群益金鼎,2024-03-27,9100
00655L,國泰中國A50正2,300,0,300,群益金鼎,2024-03-27,9100
00934,中信成長高股息,298,0,298,群益金鼎,2024-03-27,9100
6217,中探針,302,9,293,群益金鼎,2024-03-27,9100
2883,凱基金,398,123,275,群益金鼎,2024-03-27,9100
1460,宏遠,270,0,270,群益金鼎,2024-03-27,9100
4938,和碩,304,42,262,群益金鼎,2024-03-27,9100
00876,元大全球5G,248,6,242,群益金鼎,2024-03-27,9100
1584,精剛,239,4,235,群益金鼎,2024-03-27,9100
2886,兆豐金,240,9,231,群益金鼎,2024-03-27,9100
6121,新普,254,45,209,群益金鼎,2024-03-27,9100
8150,南茂,211,7,204,群益金鼎,2024-03-27,9100
00670L,富邦NASDAQ正2,201,0,201,群益金鼎,2024-03-27,9100
00632R,元大台灣50反1,200,1,199,群益金鼎,2024-03-27,9100
00665L,富邦�琤肭磪囓�2,4530,518,4012,群益金鼎,2024-03-28,9100
6239,力成,3371,326,3045,群益金鼎,2024-03-28,9100
00931B,統一美債20年,1781,5,1776,群益金鼎,2024-03-28,9100
00900,富邦特選高股息30,1666,51,1615,群益金鼎,2024-03-28,9100
6605,帝寶,1645,37,1608,群益金鼎,2024-03-28,9100
00918,大華優利高填息30,1613,98,1515,群益金鼎,2024-03-28,9100
00935,野村臺灣新科技50,1509,584,925,群益金鼎,2024-03-28,9100
00934,中信成長高股息,854,26,828,群益金鼎,2024-03-28,9100
2634,漢翔,917,90,827,群益金鼎,2024-03-28,9100
00878,國泰永續高股息,1096,492,604,群益金鼎,2024-03-28,9100
5483,中美晶,691,114,577,群益金鼎,2024-03-28,9100
2317,鴻海,1337,801,536,群益金鼎,2024-03-28,9100
00902,中信電池及儲能,529,37,492,群益金鼎,2024-03-28,9100
2412,中華電,488,27,461,群益金鼎,2024-03-28,9100
00915,凱基優選高股息30,1314,890,424,群益金鼎,2024-03-28,9100
00896,中信綠能及電動車,424,6,418,群益金鼎,2024-03-28,9100
1795,美時,417,11,406,群益金鼎,2024-03-28,9100
3013,晟銘電,371,26,345,群益金鼎,2024-03-28,9100
2354,鴻準,665,326,339,群益金鼎,2024-03-28,9100
2382,廣達,486,153,333,群益金鼎,2024-03-28,9100
00714,群益道瓊美國地產,483,156,327,群益金鼎,2024-03-28,9100
1460,宏遠,300,0,300,群益金鼎,2024-03-28,9100
6278,台表科,302,3,299,群益金鼎,2024-03-28,9100
00864B,中信美國公債0-1,457,167,290,群益金鼎,2024-03-28,9100
00671R,富邦NASDAQ反1,276,0,276,群益金鼎,2024-03-28,9100
2330,台積電,465,221,244,群益金鼎,2024-03-28,9100
4958,臻鼎-KY,510,267,243,群益金鼎,2024-03-28,9100
00772B,中信高評級公司債,238,0,238,群益金鼎,2024-03-28,9100
6829,千附精密,211,1,210,群益金鼎,2024-03-28,9100
00892,富邦台灣半導體,208,0,208,群益金鼎,2024-03-28,9100
1608,華榮,520,317,203,群益金鼎,2024-03-28,9100
4572,駐龍,202,2,200,群益金鼎,2024-03-28,9100
6472,保瑞,200,4,196,群益金鼎,2024-03-28,9100
00881,國泰台灣5G+,323,133,190,群益金鼎,2024-03-28,9100
00648R,元大S＆P500反1,183,0,183,群益金鼎,2024-03-28,9100
00909,國泰數位支付服務,1184,1001,183,群益金鼎,2024-03-28,9100
3324,雙鴻,302,119,183,群益金鼎,2024-03-28,9100
8121,越峰,173,1,172,群益金鼎,2024-03-28,9100
00908,富邦入息REITs+,290,119,171,群益金鼎,2024-03-28,9100
2630,亞航,174,24,150,群益金鼎,2024-03-28,9100
4746,台耀,161,12,149,群益金鼎,2024-03-28,9100
2331,精英,155,9,146,群益金鼎,2024-03-28,9100
8150,南茂,177,38,139,群益金鼎,2024-03-28,9100
00722B,群益投資級電信債,986,856,130,群益金鼎,2024-03-28,9100
2356,英業達,137,10,127,群益金鼎,2024-03-28,9100
00633L,富邦上証正2,745,621,124,群益金鼎,2024-03-28,9100
00728,第一金工業30,121,0,121,群益金鼎,2024-03-28,9100
3293,鈊象,129,11,118,群益金鼎,2024-03-28,9100
1477,聚陽,169,53,116,群益金鼎,2024-03-28,9100
00715L,期街口布蘭特正2,112,0,112,群益金鼎,2024-03-28,9100
9904,寶成,12929,565,12364,群益金鼎,2024-03-29,9100
00878,國泰永續高股息,5596,62,5534,群益金鼎,2024-03-29,9100
3711,日月光投控,5251,637,4614,群益金鼎,2024-03-29,9100
1216,統一,4096,19,4077,群益金鼎,2024-03-29,9100
1785,光洋科,3932,1,3931,群益金鼎,2024-03-29,9100
5469,瀚宇博,2608,10,2598,群益金鼎,2024-03-29,9100
2027,大成鋼,2633,95,2538,群益金鼎,2024-03-29,9100
6285,啟��,2485,221,2264,群益金鼎,2024-03-29,9100
8150,南茂,2118,173,1945,群益金鼎,2024-03-29,9100
00751B,元大AAA至A公司債,1924,0,1924,群益金鼎,2024-03-29,9100
00900,富邦特選高股息30,1779,27,1752,群益金鼎,2024-03-29,9100
2356,英業達,2105,673,1432,群益金鼎,2024-03-29,9100
00881,國泰台灣5G+,1290,2,1288,群益金鼎,2024-03-29,9100
00720B,元大投資級公司債,1289,101,1188,群益金鼎,2024-03-29,9100
6191,精成科,1162,4,1158,群益金鼎,2024-03-29,9100
3014,聯陽,1224,67,1157,群益金鼎,2024-03-29,9100
00923,群益台ESG低碳50,1173,107,1066,群益金鼎,2024-03-29,9100
2382,廣達,1580,568,1012,群益金鼎,2024-03-29,9100
3231,緯創,1420,466,954,群益金鼎,2024-03-29,9100
00772B,中信高評級公司債,860,20,840,群益金鼎,2024-03-29,9100
00927,群益半導體收益,649,1,648,群益金鼎,2024-03-29,9100
00934,中信成長高股息,615,0,615,群益金鼎,2024-03-29,9100
00893,國泰智能電動車,591,0,591,群益金鼎,2024-03-29,9100
6176,瑞儀,718,178,540,群益金鼎,2024-03-29,9100
00933B,國泰10Y+金融債,542,10,532,群益金鼎,2024-03-29,9100
00936,台新永續高息中小,528,0,528,群益金鼎,2024-03-29,9100
8016,矽創,577,72,505,群益金鼎,2024-03-29,9100
1723,中碳,492,0,492,群益金鼎,2024-03-29,9100
2308,台達電,524,74,450,群益金鼎,2024-03-29,9100
2540,愛山林,424,3,421,群益金鼎,2024-03-29,9100
00902,中信電池及儲能,396,0,396,群益金鼎,2024-03-29,9100
00894,中信小資高價30,306,0,306,群益金鼎,2024-03-29,9100
3704,合勤控,304,2,302,群益金鼎,2024-03-29,9100
3013,晟銘電,591,344,247,群益金鼎,2024-03-29,9100
00912,中信臺灣智慧50,224,1,223,群益金鼎,2024-03-29,9100
2376,技嘉,271,57,214,群益金鼎,2024-03-29,9100
00922,國泰台灣領袖50,197,1,196,群益金鼎,2024-03-29,9100
5371,中光電,225,69,156,群益金鼎,2024-03-29,9100
00895,富邦未來車,162,10,152,群益金鼎,2024-03-29,9100
1477,聚陽,160,12,148,群益金鼎,2024-03-29,9100
00692,富邦公司治理,229,83,146,群益金鼎,2024-03-29,9100
3033,威健,144,2,142,群益金鼎,2024-03-29,9100
00640L,富邦日本正2,251,117,134,群益金鼎,2024-03-29,9100
00876,元大全球5G,128,1,127,群益金鼎,2024-03-29,9100
6213,聯茂,279,153,126,群益金鼎,2024-03-29,9100
00680L,元大美債20正2,121,0,121,群益金鼎,2024-03-29,9100
2409,友達,118,5,113,群益金鼎,2024-03-29,9100
3032,偉訓,114,2,112,群益金鼎,2024-03-29,9100
6146,耕興,106,5,101,群益金鼎,2024-03-29,9100
3530,晶相光,101,0,101,群益金鼎,2024-03-29,9100
00637L,元大滬深300正2,6911,42,6869,群益金鼎,2024-04-01,9100
00830,國泰費城半導體,4300,460,3840,群益金鼎,2024-04-01,9100
00893,國泰智能電動車,1869,1,1868,群益金鼎,2024-04-01,9100
00902,中信電池及儲能,1347,0,1347,群益金鼎,2024-04-01,9100
00757,統一FANG+,1276,0,1276,群益金鼎,2024-04-01,9100
00764B,群益25年美債,3368,2293,1075,群益金鼎,2024-04-01,9100
3231,緯創,1475,526,949,群益金鼎,2024-04-01,9100
00881,國泰台灣5G+,1132,203,929,群益金鼎,2024-04-01,9100
2382,廣達,1304,376,928,群益金鼎,2024-04-01,9100
00864B,中信美國公債0-1,887,108,779,群益金鼎,2024-04-01,9100
00895,富邦未來車,803,27,776,群益金鼎,2024-04-01,9100
3596,智易,755,15,740,群益金鼎,2024-04-01,9100
00878,國泰永續高股息,695,11,684,群益金鼎,2024-04-01,9100
4909,新復興,500,2,498,群益金鼎,2024-04-01,9100
2330,台積電,495,0,495,群益金鼎,2024-04-01,9100
00892,富邦台灣半導體,477,0,477,群益金鼎,2024-04-01,9100
00633L,富邦上証正2,474,50,424,群益金鼎,2024-04-01,9100
00773B,中信優先金融債,417,0,417,群益金鼎,2024-04-01,9100
00636,國泰中國A50,424,10,414,群益金鼎,2024-04-01,9100
2515,中工,395,1,394,群益金鼎,2024-04-01,9100
3037,欣興,376,6,370,群益金鼎,2024-04-01,9100
00931B,統一美債20年,304,2,302,群益金鼎,2024-04-01,9100
00661,元大日經225,300,0,300,群益金鼎,2024-04-01,9100
00715L,期街口布蘭特正2,298,4,294,群益金鼎,2024-04-01,9100
00638R,元大滬深300反1,293,0,293,群益金鼎,2024-04-01,9100
2327,國巨,307,18,289,群益金鼎,2024-04-01,9100
3689,湧德,289,6,283,群益金鼎,2024-04-01,9100
3715,定穎投控,279,10,269,群益金鼎,2024-04-01,9100
00648R,元大S＆P500反1,218,0,218,群益金鼎,2024-04-01,9100
2492,華新科,234,22,212,群益金鼎,2024-04-01,9100
2371,大同,207,9,198,群益金鼎,2024-04-01,9100
2388,威盛,201,13,188,群益金鼎,2024-04-01,9100
00915,凱基優選高股息30,589,408,181,群益金鼎,2024-04-01,9100
2408,南亞科,180,10,170,群益金鼎,2024-04-01,9100
4958,臻鼎-KY,276,111,165,群益金鼎,2024-04-01,9100
2801,彰銀,160,0,160,群益金鼎,2024-04-01,9100
6277,宏正,151,0,151,群益金鼎,2024-04-01,9100
00643,群益深証中小,194,43,151,群益金鼎,2024-04-01,9100
00651R,復華香港反1,150,0,150,群益金鼎,2024-04-01,9100
00697B,元大美債7-10,147,0,147,群益金鼎,2024-04-01,9100
00922,國泰台灣領袖50,141,5,136,群益金鼎,2024-04-01,9100
2409,友達,156,21,135,群益金鼎,2024-04-01,9100
2387,精元,133,5,128,群益金鼎,2024-04-01,9100
00925,新光標普電動車,125,0,125,群益金鼎,2024-04-01,9100
8358,金居,131,8,123,群益金鼎,2024-04-01,9100
6213,聯茂,460,341,119,群益金鼎,2024-04-01,9100
6414,樺漢,197,84,113,群益金鼎,2024-04-01,9100
00891,中信關鍵半導體,112,0,112,群益金鼎,2024-04-01,9100
4960,誠美材,103,0,103,群益金鼎,2024-04-01,9100
6126,信音,108,7,101,群益金鼎,2024-04-01,9100
2317,鴻海,1828,361,1467,群益金鼎,2024-04-02,9100
00878,國泰永續高股息,1199,51,1148,群益金鼎,2024-04-02,9100
00715L,期街口布蘭特正2,1119,2,1117,群益金鼎,2024-04-02,9100
2301,光寶科,1124,102,1022,群益金鼎,2024-04-02,9100
00830,國泰費城半導體,1009,0,1009,群益金鼎,2024-04-02,9100
00665L,富邦�琤肭磪囓�2,1210,243,967,群益金鼎,2024-04-02,9100
00671R,富邦NASDAQ反1,946,0,946,群益金鼎,2024-04-02,9100
00669R,國泰美國道瓊反1,1008,95,913,群益金鼎,2024-04-02,9100
2515,中工,1152,297,855,群益金鼎,2024-04-02,9100
2374,佳能,833,14,819,群益金鼎,2024-04-02,9100
00915,凱基優選高股息30,814,2,812,群益金鼎,2024-04-02,9100
5443,均豪,844,37,807,群益金鼎,2024-04-02,9100
00893,國泰智能電動車,843,94,749,群益金鼎,2024-04-02,9100
00888,永豐台灣ESG,711,0,711,群益金鼎,2024-04-02,9100
00891,中信關鍵半導體,688,1,687,群益金鼎,2024-04-02,9100
2356,英業達,762,154,608,群益金鼎,2024-04-02,9100
7402,邑錡,635,82,553,群益金鼎,2024-04-02,9100
2353,宏��,570,31,539,群益金鼎,2024-04-02,9100
6213,聯茂,830,309,521,群益金鼎,2024-04-02,9100
2324,仁寶,904,388,516,群益金鼎,2024-04-02,9100
00661,元大日經225,500,0,500,群益金鼎,2024-04-02,9100
2540,愛山林,426,3,423,群益金鼎,2024-04-02,9100
00900,富邦特選高股息30,429,10,419,群益金鼎,2024-04-02,9100
00924,復華S＆P500成長,404,0,404,群益金鼎,2024-04-02,9100
00902,中信電池及儲能,401,0,401,群益金鼎,2024-04-02,9100
00918,大華優利高填息30,501,100,401,群益金鼎,2024-04-02,9100
2377,微星,397,7,390,群益金鼎,2024-04-02,9100
00923,群益台ESG低碳50,421,38,383,群益金鼎,2024-04-02,9100
6180,橘子,410,50,360,群益金鼎,2024-04-02,9100
00909,國泰數位支付服務,318,0,318,群益金鼎,2024-04-02,9100
00712,復華富時不動產,400,100,300,群益金鼎,2024-04-02,9100
2352,佳世達,350,82,268,群益金鼎,2024-04-02,9100
3010,華立,442,205,237,群益金鼎,2024-04-02,9100
00939,統一台灣高息動能,753,517,236,群益金鼎,2024-04-02,9100
5347,世界,233,7,226,群益金鼎,2024-04-02,9100
4958,臻鼎-KY,313,92,221,群益金鼎,2024-04-02,9100
00935,野村臺灣新科技50,218,5,213,群益金鼎,2024-04-02,9100
1604,聲寶,200,0,200,群益金鼎,2024-04-02,9100
1316,上曜,213,13,200,群益金鼎,2024-04-02,9100
00657,國泰日經225,196,1,195,群益金鼎,2024-04-02,9100
00894,中信小資高價30,180,0,180,群益金鼎,2024-04-02,9100
8422,可寧衛,174,2,172,群益金鼎,2024-04-02,9100
00861,元大全球未來通訊,158,0,158,群益金鼎,2024-04-02,9100
00896,中信綠能及電動車,154,0,154,群益金鼎,2024-04-02,9100
2393,億光,159,5,154,群益金鼎,2024-04-02,9100
1460,宏遠,151,0,151,群益金鼎,2024-04-02,9100
2371,大同,483,339,144,群益金鼎,2024-04-02,9100
9933,中鼎,156,19,137,群益金鼎,2024-04-02,9100
00934,中信成長高股息,137,0,137,群益金鼎,2024-04-02,9100
00643,群益深証中小,564,431,133,群益金鼎,2024-04-02,9100
2886,兆豐金,5002,37,4965,群益金鼎,2024-04-03,9100
00830,國泰費城半導體,4500,893,3607,群益金鼎,2024-04-03,9100
2890,永豐金,3005,0,3005,群益金鼎,2024-04-03,9100
00893,國泰智能電動車,3312,1517,1795,群益金鼎,2024-04-03,9100
2382,廣達,1773,85,1688,群益金鼎,2024-04-03,9100
00715L,期街口布蘭特正2,1601,0,1601,群益金鼎,2024-04-03,9100
00939,統一台灣高息動能,2536,1297,1239,群益金鼎,2024-04-03,9100
00891,中信關鍵半導體,1158,0,1158,群益金鼎,2024-04-03,9100
00941,中信上游半導體,3370,2405,965,群益金鼎,2024-04-03,9100
00915,凱基優選高股息30,1437,502,935,群益金鼎,2024-04-03,9100
00706L,期元大S＆P日圓正2,856,0,856,群益金鼎,2024-04-03,9100
00934,中信成長高股息,852,0,852,群益金鼎,2024-04-03,9100
2303,聯電,925,125,800,群益金鼎,2024-04-03,9100
00894,中信小資高價30,754,0,754,群益金鼎,2024-04-03,9100
00661,元大日經225,750,0,750,群益金鼎,2024-04-03,9100
2363,矽統,600,5,595,群益金鼎,2024-04-03,9100
6117,迎廣,596,33,563,群益金鼎,2024-04-03,9100
1216,統一,501,2,499,群益金鼎,2024-04-03,9100
00918,大華優利高填息30,1145,652,493,群益金鼎,2024-04-03,9100
00757,統一FANG+,660,179,481,群益金鼎,2024-04-03,9100
00923,群益台ESG低碳50,517,76,441,群益金鼎,2024-04-03,9100
00669R,國泰美國道瓊反1,426,0,426,群益金鼎,2024-04-03,9100
00935,野村臺灣新科技50,454,32,422,群益金鼎,2024-04-03,9100
00881,國泰台灣5G+,383,1,382,群益金鼎,2024-04-03,9100
8478,東哥遊艇,373,1,372,群益金鼎,2024-04-03,9100
3013,晟銘電,485,185,300,群益金鼎,2024-04-03,9100
00645,富邦日本,540,241,299,群益金鼎,2024-04-03,9100
00713,元大台灣高息低波,293,0,293,群益金鼎,2024-04-03,9100
6197,佳必琪,272,4,268,群益金鼎,2024-04-03,9100
00895,富邦未來車,249,0,249,群益金鼎,2024-04-03,9100
00728,第一金工業30,239,0,239,群益金鼎,2024-04-03,9100
4958,臻鼎-KY,280,42,238,群益金鼎,2024-04-03,9100
00900,富邦特選高股息30,520,290,230,群益金鼎,2024-04-03,9100
2515,中工,259,36,223,群益金鼎,2024-04-03,9100
2371,大同,222,7,215,群益金鼎,2024-04-03,9100
00922,國泰台灣領袖50,195,1,194,群益金鼎,2024-04-03,9100
6668,中揚光,247,55,192,群益金鼎,2024-04-03,9100
2066,世德,250,60,190,群益金鼎,2024-04-03,9100
4763,材料-KY,209,31,178,群益金鼎,2024-04-03,9100
1707,葡萄王,163,0,163,群益金鼎,2024-04-03,9100
3231,緯創,518,357,161,群益金鼎,2024-04-03,9100
6120,達運,224,66,158,群益金鼎,2024-04-03,9100
8064,東捷,289,132,157,群益金鼎,2024-04-03,9100
00655L,國泰中國A50正2,151,0,151,群益金鼎,2024-04-03,9100
9933,中鼎,151,1,150,群益金鼎,2024-04-03,9100
2809,京城銀,150,2,148,群益金鼎,2024-04-03,9100
4746,台耀,154,7,147,群益金鼎,2024-04-03,9100
2409,友達,183,41,142,群益金鼎,2024-04-03,9100
2313,華通,150,10,140,群益金鼎,2024-04-03,9100
2376,技嘉,145,17,128,群益金鼎,2024-04-03,9100
00939,統一台灣高息動能,2173,61,2112,群益金鼎,2024-04-08,9100
00830,國泰費城半導體,2160,409,1751,群益金鼎,2024-04-08,9100
00715L,期街口布蘭特正2,1415,15,1400,群益金鼎,2024-04-08,9100
2313,華通,1450,230,1220,群益金鼎,2024-04-08,9100
2603,長榮,1196,55,1141,群益金鼎,2024-04-08,9100
2303,聯電,1388,257,1131,群益金鼎,2024-04-08,9100
00902,中信電池及儲能,1103,0,1103,群益金鼎,2024-04-08,9100
1216,統一,1002,140,862,群益金鼎,2024-04-08,9100
00900,富邦特選高股息30,781,0,781,群益金鼎,2024-04-08,9100
2515,中工,948,210,738,群益金鼎,2024-04-08,9100
00876,元大全球5G,1301,600,701,群益金鼎,2024-04-08,9100
1514,亞力,695,47,648,群益金鼎,2024-04-08,9100
00935,野村臺灣新科技50,641,0,641,群益金鼎,2024-04-08,9100
00918,大華優利高填息30,670,82,588,群益金鼎,2024-04-08,9100
6578,達邦蛋白,593,9,584,群益金鼎,2024-04-08,9100
2409,友達,618,46,572,群益金鼎,2024-04-08,9100
00888,永豐台灣ESG,575,10,565,群益金鼎,2024-04-08,9100
2382,廣達,838,288,550,群益金鼎,2024-04-08,9100
00669R,國泰美國道瓊反1,508,0,508,群益金鼎,2024-04-08,9100
6191,精成科,421,10,411,群益金鼎,2024-04-08,9100
00648R,元大S＆P500反1,644,235,409,群益金鼎,2024-04-08,9100
2383,台光電,464,68,396,群益金鼎,2024-04-08,9100
8112,至上,677,307,370,群益金鼎,2024-04-08,9100
1605,華新,385,17,368,群益金鼎,2024-04-08,9100
2474,可成,372,15,357,群益金鼎,2024-04-08,9100
2352,佳世達,366,45,321,群益金鼎,2024-04-08,9100
3711,日月光投控,364,50,314,群益金鼎,2024-04-08,9100
00713,元大台灣高息低波,313,0,313,群益金鼎,2024-04-08,9100
00662,富邦NASDAQ,258,0,258,群益金鼎,2024-04-08,9100
4958,臻鼎-KY,404,157,247,群益金鼎,2024-04-08,9100
00893,國泰智能電動車,1011,765,246,群益金鼎,2024-04-08,9100
1612,宏泰,246,12,234,群益金鼎,2024-04-08,9100
5469,瀚宇博,293,74,219,群益金鼎,2024-04-08,9100
2504,國產,224,20,204,群益金鼎,2024-04-08,9100
8096,擎亞,208,10,198,群益金鼎,2024-04-08,9100
6285,啟��,200,12,188,群益金鼎,2024-04-08,9100
2454,聯發科,199,15,184,群益金鼎,2024-04-08,9100
1609,大亞,199,15,184,群益金鼎,2024-04-08,9100
6189,豐藝,229,46,183,群益金鼎,2024-04-08,9100
4915,致伸,179,0,179,群益金鼎,2024-04-08,9100
2402,毅嘉,202,25,177,群益金鼎,2024-04-08,9100
3264,欣銓,175,5,170,群益金鼎,2024-04-08,9100
1460,宏遠,159,0,159,群益金鼎,2024-04-08,9100
6182,合晶,164,5,159,群益金鼎,2024-04-08,9100
00862B,中信投資級公司債,253,100,153,群益金鼎,2024-04-08,9100
3189,景碩,180,27,153,群益金鼎,2024-04-08,9100
5371,中光電,184,33,151,群益金鼎,2024-04-08,9100
6143,振曜,148,2,146,群益金鼎,2024-04-08,9100
3044,健鼎,158,16,142,群益金鼎,2024-04-08,9100
3645,達邁,140,0,140,群益金鼎,2024-04-08,9100
3481,群創,2764,380,2384,群益金鼎,2024-04-09,9100
00665L,富邦�琤肭磪囓�2,2001,0,2001,群益金鼎,2024-04-09,9100
00902,中信電池及儲能,1989,0,1989,群益金鼎,2024-04-09,9100
00933B,國泰10Y+金融債,1815,1,1814,群益金鼎,2024-04-09,9100
2376,技嘉,2001,237,1764,群益金鼎,2024-04-09,9100
1605,華新,1503,75,1428,群益金鼎,2024-04-09,9100
4533,協易機,1329,108,1221,群益金鼎,2024-04-09,9100
2409,友達,1237,108,1129,群益金鼎,2024-04-09,9100
1216,統一,1000,6,994,群益金鼎,2024-04-09,9100
00941,中信上游半導體,1155,356,799,群益金鼎,2024-04-09,9100
00891,中信關鍵半導體,780,11,769,群益金鼎,2024-04-09,9100
2382,廣達,830,133,697,群益金鼎,2024-04-09,9100
00669R,國泰美國道瓊反1,700,11,689,群益金鼎,2024-04-09,9100
00650L,復華香港正2,679,3,676,群益金鼎,2024-04-09,9100
00900,富邦特選高股息30,643,6,637,群益金鼎,2024-04-09,9100
1609,大亞,791,156,635,群益金鼎,2024-04-09,9100
2634,漢翔,700,67,633,群益金鼎,2024-04-09,9100
00935,野村臺灣新科技50,811,184,627,群益金鼎,2024-04-09,9100
00662,富邦NASDAQ,606,0,606,群益金鼎,2024-04-09,9100
1608,華榮,657,74,583,群益金鼎,2024-04-09,9100
3045,台灣大,600,29,571,群益金鼎,2024-04-09,9100
00715L,期街口布蘭特正2,564,0,564,群益金鼎,2024-04-09,9100
00893,國泰智能電動車,560,0,560,群益金鼎,2024-04-09,9100
00915,凱基優選高股息30,562,11,551,群益金鼎,2024-04-09,9100
00931B,統一美債20年,526,1,525,群益金鼎,2024-04-09,9100
00764B,群益25年美債,4001,3489,512,群益金鼎,2024-04-09,9100
6425,易發,513,13,500,群益金鼎,2024-04-09,9100
2540,愛山林,430,1,429,群益金鼎,2024-04-09,9100
00918,大華優利高填息30,406,0,406,群益金鼎,2024-04-09,9100
2330,台積電,437,49,388,群益金鼎,2024-04-09,9100
2883,凱基金,400,33,367,群益金鼎,2024-04-09,9100
00888,永豐台灣ESG,377,11,366,群益金鼎,2024-04-09,9100
3715,定穎投控,417,82,335,群益金鼎,2024-04-09,9100
00876,元大全球5G,319,2,317,群益金鼎,2024-04-09,9100
1513,中興電,527,218,309,群益金鼎,2024-04-09,9100
00903,富邦元宇宙,302,1,301,群益金鼎,2024-04-09,9100
00692,富邦公司治理,352,101,251,群益金鼎,2024-04-09,9100
2363,矽統,1221,974,247,群益金鼎,2024-04-09,9100
00676R,富邦臺灣加權反1,237,0,237,群益金鼎,2024-04-09,9100
00862B,中信投資級公司債,321,100,221,群益金鼎,2024-04-09,9100
1104,環泥,211,3,208,群益金鼎,2024-04-09,9100
2504,國產,245,45,200,群益金鼎,2024-04-09,9100
5009,榮剛,211,12,199,群益金鼎,2024-04-09,9100
6227,茂綸,222,23,199,群益金鼎,2024-04-09,9100
3060,銘異,240,42,198,群益金鼎,2024-04-09,9100
9933,中鼎,202,5,197,群益金鼎,2024-04-09,9100
00728,第一金工業30,192,1,191,群益金鼎,2024-04-09,9100
00892,富邦台灣半導體,196,5,191,群益金鼎,2024-04-09,9100
2371,大同,652,475,177,群益金鼎,2024-04-09,9100
00773B,中信優先金融債,171,0,171,群益金鼎,2024-04-09,9100
00665L,富邦�琤肭磪囓�2,8202,5,8197,群益金鼎,2024-04-10,9100
00650L,復華香港正2,2738,39,2699,群益金鼎,2024-04-10,9100
00632R,元大台灣50反1,1996,0,1996,群益金鼎,2024-04-10,9100
00830,國泰費城半導體,1546,0,1546,群益金鼎,2024-04-10,9100
00900,富邦特選高股息30,1513,11,1502,群益金鼎,2024-04-10,9100
00891,中信關鍵半導體,1511,12,1499,群益金鼎,2024-04-10,9100
00939,統一台灣高息動能,2636,1283,1353,群益金鼎,2024-04-10,9100
1216,統一,1000,0,1000,群益金鼎,2024-04-10,9100
2603,長榮,1026,71,955,群益金鼎,2024-04-10,9100
2344,華邦電,1024,118,906,群益金鼎,2024-04-10,9100
00646,元大S＆P500,904,0,904,群益金鼎,2024-04-10,9100
00915,凱基優選高股息30,907,198,709,群益金鼎,2024-04-10,9100
3260,威剛,797,95,702,群益金鼎,2024-04-10,9100
00757,統一FANG+,700,70,630,群益金鼎,2024-04-10,9100
00751B,元大AAA至A公司債,622,0,622,群益金鼎,2024-04-10,9100
00933B,國泰10Y+金融債,617,0,617,群益金鼎,2024-04-10,9100
00918,大華優利高填息30,617,23,594,群益金鼎,2024-04-10,9100
00864B,中信美國公債0-1,729,136,593,群益金鼎,2024-04-10,9100
2303,聯電,659,137,522,群益金鼎,2024-04-10,9100
00907,永豐優息存股,418,0,418,群益金鼎,2024-04-10,9100
1609,大亞,931,550,381,群益金鼎,2024-04-10,9100
5009,榮剛,667,295,372,群益金鼎,2024-04-10,9100
00773B,中信優先金融債,344,1,343,群益金鼎,2024-04-10,9100
00929,復華台灣科技優息,2925,2594,331,群益金鼎,2024-04-10,9100
00764B,群益25年美債,3583,3261,322,群益金鼎,2024-04-10,9100
2382,廣達,354,47,307,群益金鼎,2024-04-10,9100
00882,中信中國高股息,304,0,304,群益金鼎,2024-04-10,9100
4960,誠美材,301,1,300,群益金鼎,2024-04-10,9100
2353,宏��,419,121,298,群益金鼎,2024-04-10,9100
00903,富邦元宇宙,278,0,278,群益金鼎,2024-04-10,9100
00738U,期元大道瓊白銀,275,0,275,群益金鼎,2024-04-10,9100
5371,中光電,387,160,227,群益金鼎,2024-04-10,9100
2330,台積電,258,33,225,群益金鼎,2024-04-10,9100
3167,大量,498,294,204,群益金鼎,2024-04-10,9100
2885,元大金,248,45,203,群益金鼎,2024-04-10,9100
00936,台新永續高息中小,200,0,200,群益金鼎,2024-04-10,9100
2313,華通,313,129,184,群益金鼎,2024-04-10,9100
4979,華星光,173,8,165,群益金鼎,2024-04-10,9100
9933,中鼎,177,19,158,群益金鼎,2024-04-10,9100
00722B,群益投資級電信債,1612,1455,157,群益金鼎,2024-04-10,9100
2634,漢翔,454,315,139,群益金鼎,2024-04-10,9100
2408,南亞科,214,76,138,群益金鼎,2024-04-10,9100
00892,富邦台灣半導體,345,208,137,群益金鼎,2024-04-10,9100
1806,冠軍,132,0,132,群益金鼎,2024-04-10,9100
6223,旺矽,137,6,131,群益金鼎,2024-04-10,9100
2329,華泰,177,46,131,群益金鼎,2024-04-10,9100
006207,復華滬深,155,26,129,群益金鼎,2024-04-10,9100
2388,威盛,134,14,120,群益金鼎,2024-04-10,9100
8059,凱碩,116,1,115,群益金鼎,2024-04-10,9100
00862B,中信投資級公司債,208,99,109,群益金鼎,2024-04-10,9100
00632R,元大台灣50反1,7884,0,7884,群益金鼎,2024-04-11,9100
00940,元大台灣價值高息,6940,2227,4713,群益金鼎,2024-04-11,9100
00650L,復華香港正2,3004,0,3004,群益金鼎,2024-04-11,9100
00882,中信中國高股息,2330,4,2326,群益金鼎,2024-04-11,9100
00919,群益台灣精選高息,2270,383,1887,群益金鼎,2024-04-11,9100
00939,統一台灣高息動能,2836,1081,1755,群益金鼎,2024-04-11,9100
00878,國泰永續高股息,1727,52,1675,群益金鼎,2024-04-11,9100
00671R,富邦NASDAQ反1,1446,0,1446,群益金鼎,2024-04-11,9100
00715L,期街口布蘭特正2,1417,0,1417,群益金鼎,2024-04-11,9100
00669R,國泰美國道瓊反1,1410,0,1410,群益金鼎,2024-04-11,9100
3036,文曄,1464,100,1364,群益金鼎,2024-04-11,9100
3312,弘憶股,1202,28,1174,群益金鼎,2024-04-11,9100
00646,元大S＆P500,1007,0,1007,群益金鼎,2024-04-11,9100
2353,宏��,1096,158,938,群益金鼎,2024-04-11,9100
00757,統一FANG+,852,18,834,群益金鼎,2024-04-11,9100
00929,復華台灣科技優息,1495,679,816,群益金鼎,2024-04-11,9100
00902,中信電池及儲能,791,6,785,群益金鼎,2024-04-11,9100
00895,富邦未來車,823,76,747,群益金鼎,2024-04-11,9100
00830,國泰費城半導體,1807,1063,744,群益金鼎,2024-04-11,9100
00861,元大全球未來通訊,605,1,604,群益金鼎,2024-04-11,9100
00665L,富邦�琤肭磪囓�2,963,404,559,群益金鼎,2024-04-11,9100
3402,漢科,453,1,452,群益金鼎,2024-04-11,9100
00918,大華優利高填息30,438,8,430,群益金鼎,2024-04-11,9100
4960,誠美材,409,7,402,群益金鼎,2024-04-11,9100
2363,矽統,768,375,393,群益金鼎,2024-04-11,9100
2382,廣達,689,308,381,群益金鼎,2024-04-11,9100
3702,大聯大,386,27,359,群益金鼎,2024-04-11,9100
00909,國泰數位支付服務,466,126,340,群益金鼎,2024-04-11,9100
2204,中華,330,5,325,群益金鼎,2024-04-11,9100
5371,中光電,496,178,318,群益金鼎,2024-04-11,9100
00862B,中信投資級公司債,438,150,288,群益金鼎,2024-04-11,9100
5009,榮剛,359,78,281,群益金鼎,2024-04-11,9100
6285,啟��,277,2,275,群益金鼎,2024-04-11,9100
00892,富邦台灣半導體,607,333,274,群益金鼎,2024-04-11,9100
6147,頎邦,267,8,259,群益金鼎,2024-04-11,9100
8016,矽創,250,0,250,群益金鼎,2024-04-11,9100
00773B,中信優先金融債,250,0,250,群益金鼎,2024-04-11,9100
6239,力成,272,34,238,群益金鼎,2024-04-11,9100
2330,台積電,250,20,230,群益金鼎,2024-04-11,9100
00893,國泰智能電動車,1008,781,227,群益金鼎,2024-04-11,9100
00753L,中信中國50正2,216,0,216,群益金鼎,2024-04-11,9100
00664R,國泰臺灣加權反1,476,264,212,群益金鼎,2024-04-11,9100
3034,聯詠,218,16,202,群益金鼎,2024-04-11,9100
2337,旺宏,241,41,200,群益金鼎,2024-04-11,9100
3044,健鼎,217,26,191,群益金鼎,2024-04-11,9100
2352,佳世達,232,47,185,群益金鼎,2024-04-11,9100
00648R,元大S＆P500反1,594,409,185,群益金鼎,2024-04-11,9100
00881,國泰台灣5G+,182,0,182,群益金鼎,2024-04-11,9100
2474,可成,189,9,180,群益金鼎,2024-04-11,9100
2885,元大金,277,97,180,群益金鼎,2024-04-11,9100
00632R,元大台灣50反1,23627,0,23627,群益金鼎,2024-04-12,9100
1609,大亞,3586,231,3355,群益金鼎,2024-04-12,9100
00900,富邦特選高股息30,3089,15,3074,群益金鼎,2024-04-12,9100
00830,國泰費城半導體,2619,0,2619,群益金鼎,2024-04-12,9100
00893,國泰智能電動車,2267,0,2267,群益金鼎,2024-04-12,9100
00939,統一台灣高息動能,2894,735,2159,群益金鼎,2024-04-12,9100
00881,國泰台灣5G+,1912,115,1797,群益金鼎,2024-04-12,9100
00902,中信電池及儲能,1129,0,1129,群益金鼎,2024-04-12,9100
00664R,國泰臺灣加權反1,928,0,928,群益金鼎,2024-04-12,9100
2618,長榮航,1314,590,724,群益金鼎,2024-04-12,9100
00862B,中信投資級公司債,863,150,713,群益金鼎,2024-04-12,9100
4960,誠美材,717,21,696,群益金鼎,2024-04-12,9100
3060,銘異,865,184,681,群益金鼎,2024-04-12,9100
00876,元大全球5G,651,0,651,群益金鼎,2024-04-12,9100
00917,中信特選金融,629,0,629,群益金鼎,2024-04-12,9100
00706L,期元大S＆P日圓正2,543,0,543,群益金鼎,2024-04-12,9100
2374,佳能,763,247,516,群益金鼎,2024-04-12,9100
2367,燿華,578,70,508,群益金鼎,2024-04-12,9100
00933B,國泰10Y+金融債,462,0,462,群益金鼎,2024-04-12,9100
00903,富邦元宇宙,527,100,427,群益金鼎,2024-04-12,9100
00928,中信上櫃ESG30,421,0,421,群益金鼎,2024-04-12,9100
00895,富邦未來車,410,0,410,群益金鼎,2024-04-12,9100
5009,榮剛,440,47,393,群益金鼎,2024-04-12,9100
00935,野村臺灣新科技50,374,0,374,群益金鼎,2024-04-12,9100
00725B,國泰投資級公司債,453,115,338,群益金鼎,2024-04-12,9100
00719B,元大美債1-3,318,0,318,群益金鼎,2024-04-12,9100
00919,群益台灣精選高息,1391,1100,291,群益金鼎,2024-04-12,9100
8110,華東,299,18,281,群益金鼎,2024-04-12,9100
00918,大華優利高填息30,464,183,281,群益金鼎,2024-04-12,9100
00638R,元大滬深300反1,252,0,252,群益金鼎,2024-04-12,9100
00915,凱基優選高股息30,345,106,239,群益金鼎,2024-04-12,9100
00924,復華S＆P500成長,254,18,236,群益金鼎,2024-04-12,9100
8096,擎亞,281,62,219,群益金鼎,2024-04-12,9100
2603,長榮,363,148,215,群益金鼎,2024-04-12,9100
1504,東元,278,67,211,群益金鼎,2024-04-12,9100
00916,國泰全球品牌50,211,0,211,群益金鼎,2024-04-12,9100
00857B,永豐20年美公債,211,0,211,群益金鼎,2024-04-12,9100
00907,永豐優息存股,201,0,201,群益金鼎,2024-04-12,9100
2885,元大金,220,20,200,群益金鼎,2024-04-12,9100
2867,三商壽,200,3,197,群益金鼎,2024-04-12,9100
00864B,中信美國公債0-1,518,322,196,群益金鼎,2024-04-12,9100
00636,國泰中國A50,193,0,193,群益金鼎,2024-04-12,9100
8358,金居,239,50,189,群益金鼎,2024-04-12,9100
00892,富邦台灣半導體,508,323,185,群益金鼎,2024-04-12,9100
00904,新光臺灣半導體30,163,0,163,群益金鼎,2024-04-12,9100
3017,奇鋐,177,21,156,群益金鼎,2024-04-12,9100
3036,文曄,264,111,153,群益金鼎,2024-04-12,9100
1604,聲寶,150,0,150,群益金鼎,2024-04-12,9100
8299,群聯,182,40,142,群益金鼎,2024-04-12,9100
2344,華邦電,242,106,136,群益金鼎,2024-04-12,9100
00632R,元大台灣50反1,52481,5,52476,群益金鼎,2024-04-15,9100
00637L,元大滬深300正2,11008,1243,9765,群益金鼎,2024-04-15,9100
00893,國泰智能電動車,2577,705,1872,群益金鼎,2024-04-15,9100
00882,中信中國高股息,1734,0,1734,群益金鼎,2024-04-15,9100
5371,中光電,1264,112,1152,群益金鼎,2024-04-15,9100
00706L,期元大S＆P日圓正2,1352,379,973,群益金鼎,2024-04-15,9100
0056,元大高股息,865,1,864,群益金鼎,2024-04-15,9100
00902,中信電池及儲能,755,13,742,群益金鼎,2024-04-15,9100
2388,威盛,866,130,736,群益金鼎,2024-04-15,9100
3707,漢磊,698,9,689,群益金鼎,2024-04-15,9100
00633L,富邦上証正2,995,329,666,群益金鼎,2024-04-15,9100
00861,元大全球未來通訊,614,1,613,群益金鼎,2024-04-15,9100
00655L,國泰中國A50正2,559,0,559,群益金鼎,2024-04-15,9100
00646,元大S＆P500,475,0,475,群益金鼎,2024-04-15,9100
00878,國泰永續高股息,757,324,433,群益金鼎,2024-04-15,9100
00662,富邦NASDAQ,424,0,424,群益金鼎,2024-04-15,9100
1608,華榮,790,393,397,群益金鼎,2024-04-15,9100
6290,良維,422,45,377,群益金鼎,2024-04-15,9100
00933B,國泰10Y+金融債,370,2,368,群益金鼎,2024-04-15,9100
00664R,國泰臺灣加權反1,321,0,321,群益金鼎,2024-04-15,9100
00636,國泰中國A50,471,150,321,群益金鼎,2024-04-15,9100
5347,世界,279,25,254,群益金鼎,2024-04-15,9100
00895,富邦未來車,350,106,244,群益金鼎,2024-04-15,9100
00917,中信特選金融,238,0,238,群益金鼎,2024-04-15,9100
00907,永豐優息存股,222,0,222,群益金鼎,2024-04-15,9100
2634,漢翔,537,315,222,群益金鼎,2024-04-15,9100
00651R,復華香港反1,345,150,195,群益金鼎,2024-04-15,9100
2645,長榮航太,198,18,180,群益金鼎,2024-04-15,9100
3260,威剛,254,76,178,群益金鼎,2024-04-15,9100
6274,台燿,181,4,177,群益金鼎,2024-04-15,9100
2330,台積電,169,7,162,群益金鼎,2024-04-15,9100
2912,統一超,151,1,150,群益金鼎,2024-04-15,9100
00924,復華S＆P500成長,152,8,144,群益金鼎,2024-04-15,9100
00918,大華優利高填息30,318,177,141,群益金鼎,2024-04-15,9100
3666,光耀,146,7,139,群益金鼎,2024-04-15,9100
00900,富邦特選高股息30,132,0,132,群益金鼎,2024-04-15,9100
8150,南茂,125,4,121,群益金鼎,2024-04-15,9100
00864B,中信美國公債0-1,617,498,119,群益金鼎,2024-04-15,9100
00697B,元大美債7-10,110,0,110,群益金鼎,2024-04-15,9100
6244,茂迪,105,3,102,群益金鼎,2024-04-15,9100
2630,亞航,116,18,98,群益金鼎,2024-04-15,9100
3704,合勤控,83,2,81,群益金鼎,2024-04-15,9100
3036,文曄,296,221,75,群益金鼎,2024-04-15,9100
00830,國泰費城半導體,991,918,73,群益金鼎,2024-04-15,9100
8033,雷虎,72,2,70,群益金鼎,2024-04-15,9100
00719B,元大美債1-3,65,0,65,群益金鼎,2024-04-15,9100
2345,智邦,82,20,62,群益金鼎,2024-04-15,9100
6472,保瑞,59,10,49,群益金鼎,2024-04-15,9100
3131,弘塑,48,1,47,群益金鼎,2024-04-15,9100
00680L,元大美債20正2,160,115,45,群益金鼎,2024-04-15,9100
00632R,元大台灣50反1,58364,2681,55683,群益金鼎,2024-04-16,9100
00637L,元大滬深300正2,10677,35,10642,群益金鼎,2024-04-16,9100
00772B,中信高評級公司債,5719,72,5647,群益金鼎,2024-04-16,9100
00664R,國泰臺灣加權反1,5136,0,5136,群益金鼎,2024-04-16,9100
00933B,國泰10Y+金融債,4883,2,4881,群益金鼎,2024-04-16,9100
00893,國泰智能電動車,3243,81,3162,群益金鼎,2024-04-16,9100
00706L,期元大S＆P日圓正2,2995,10,2985,群益金鼎,2024-04-16,9100
2889,國票金,1720,21,1699,群益金鼎,2024-04-16,9100
00900,富邦特選高股息30,1500,18,1482,群益金鼎,2024-04-16,9100
00902,中信電池及儲能,1320,10,1310,群益金鼎,2024-04-16,9100
1216,統一,1208,58,1150,群益金鼎,2024-04-16,9100
00633L,富邦上証正2,1119,57,1062,群益金鼎,2024-04-16,9100
00881,國泰台灣5G+,1609,662,947,群益金鼎,2024-04-16,9100
2412,中華電,624,1,623,群益金鼎,2024-04-16,9100
00773B,中信優先金融債,601,1,600,群益金鼎,2024-04-16,9100
00646,元大S＆P500,600,1,599,群益金鼎,2024-04-16,9100
00679B,元大美債20年,1950,1368,582,群益金鼎,2024-04-16,9100
00715L,期街口布蘭特正2,662,128,534,群益金鼎,2024-04-16,9100
00931B,統一美債20年,538,7,531,群益金鼎,2024-04-16,9100
00892,富邦台灣半導體,619,115,504,群益金鼎,2024-04-16,9100
00764B,群益25年美債,2566,2063,503,群益金鼎,2024-04-16,9100
4960,誠美材,511,9,502,群益金鼎,2024-04-16,9100
00852L,國泰美國道瓊正2,639,145,494,群益金鼎,2024-04-16,9100
00935,野村臺灣新科技50,500,26,474,群益金鼎,2024-04-16,9100
3702,大聯大,625,156,469,群益金鼎,2024-04-16,9100
00922,國泰台灣領袖50,485,36,449,群益金鼎,2024-04-16,9100
00862B,中信投資級公司債,1017,580,437,群益金鼎,2024-04-16,9100
00713,元大台灣高息低波,409,1,408,群益金鼎,2024-04-16,9100
00686R,群益臺灣加權反1,404,0,404,群益金鼎,2024-04-16,9100
00648R,元大S＆P500反1,882,482,400,群益金鼎,2024-04-16,9100
00645,富邦日本,595,216,379,群益金鼎,2024-04-16,9100
9958,世紀鋼,414,80,334,群益金鼎,2024-04-16,9100
00636,國泰中國A50,360,59,301,群益金鼎,2024-04-16,9100
2204,中華,314,24,290,群益金鼎,2024-04-16,9100
00725B,國泰投資級公司債,701,425,276,群益金鼎,2024-04-16,9100
6743,安普新,260,0,260,群益金鼎,2024-04-16,9100
3711,日月光投控,452,193,259,群益金鼎,2024-04-16,9100
4938,和碩,537,278,259,群益金鼎,2024-04-16,9100
00662,富邦NASDAQ,257,1,256,群益金鼎,2024-04-16,9100
00895,富邦未來車,253,14,239,群益金鼎,2024-04-16,9100
00926,凱基全球菁英55,236,1,235,群益金鼎,2024-04-16,9100
00722B,群益投資級電信債,1630,1400,230,群益金鼎,2024-04-16,9100
6239,力成,372,153,219,群益金鼎,2024-04-16,9100
00643,群益深証中小,1138,942,196,群益金鼎,2024-04-16,9100
5434,崇越,179,6,173,群益金鼎,2024-04-16,9100
00670L,富邦NASDAQ正2,151,0,151,群益金鼎,2024-04-16,9100
1604,聲寶,150,0,150,群益金鼎,2024-04-16,9100
2885,元大金,448,299,149,群益金鼎,2024-04-16,9100
5347,世界,304,155,149,群益金鼎,2024-04-16,9100
00888,永豐台灣ESG,150,5,145,群益金鼎,2024-04-16,9100
1609,大亞,8874,329,8545,群益金鼎,2024-04-17,9100
00900,富邦特選高股息30,2955,98,2857,群益金鼎,2024-04-17,9100
2374,佳能,2113,13,2100,群益金鼎,2024-04-17,9100
00830,國泰費城半導體,2187,358,1829,群益金鼎,2024-04-17,9100
00881,國泰台灣5G+,1531,8,1523,群益金鼎,2024-04-17,9100
1608,華榮,1419,10,1409,群益金鼎,2024-04-17,9100
00939,統一台灣高息動能,2707,1376,1331,群益金鼎,2024-04-17,9100
00706L,期元大S＆P日圓正2,1298,62,1236,群益金鼎,2024-04-17,9100
00882,中信中國高股息,1132,0,1132,群益金鼎,2024-04-17,9100
1617,榮星,1057,15,1042,群益金鼎,2024-04-17,9100
00637L,元大滬深300正2,1032,5,1027,群益金鼎,2024-04-17,9100
00862B,中信投資級公司債,994,80,914,群益金鼎,2024-04-17,9100
00934,中信成長高股息,800,0,800,群益金鼎,2024-04-17,9100
1605,華新,879,136,743,群益金鼎,2024-04-17,9100
00892,富邦台灣半導體,723,0,723,群益金鼎,2024-04-17,9100
00918,大華優利高填息30,528,2,526,群益金鼎,2024-04-17,9100
2301,光寶科,665,166,499,群益金鼎,2024-04-17,9100
00903,富邦元宇宙,463,0,463,群益金鼎,2024-04-17,9100
4958,臻鼎-KY,563,106,457,群益金鼎,2024-04-17,9100
00895,富邦未來車,614,158,456,群益金鼎,2024-04-17,9100
00719B,元大美債1-3,400,0,400,群益金鼎,2024-04-17,9100
2889,國票金,406,6,400,群益金鼎,2024-04-17,9100
00669R,國泰美國道瓊反1,942,568,374,群益金鼎,2024-04-17,9100
3017,奇鋐,487,132,355,群益金鼎,2024-04-17,9100
2385,群光,361,39,322,群益金鼎,2024-04-17,9100
00641R,富邦日本反1,417,100,317,群益金鼎,2024-04-17,9100
00636,國泰中國A50,388,75,313,群益金鼎,2024-04-17,9100
00696B,富邦美債20年,303,0,303,群益金鼎,2024-04-17,9100
6239,力成,380,78,302,群益金鼎,2024-04-17,9100
3548,兆利,306,8,298,群益金鼎,2024-04-17,9100
00915,凱基優選高股息30,303,18,285,群益金鼎,2024-04-17,9100
2317,鴻海,475,197,278,群益金鼎,2024-04-17,9100
00631L,元大台灣50正2,275,1,274,群益金鼎,2024-04-17,9100
1532,勤美,275,4,271,群益金鼎,2024-04-17,9100
2377,微星,302,43,259,群益金鼎,2024-04-17,9100
00936,台新永續高息中小,256,6,250,群益金鼎,2024-04-17,9100
00922,國泰台灣領袖50,259,11,248,群益金鼎,2024-04-17,9100
00933B,國泰10Y+金融債,228,1,227,群益金鼎,2024-04-17,9100
2412,中華電,240,13,227,群益金鼎,2024-04-17,9100
00888,永豐台灣ESG,226,0,226,群益金鼎,2024-04-17,9100
5347,世界,248,31,217,群益金鼎,2024-04-17,9100
00688L,國泰20年美債正2,190,0,190,群益金鼎,2024-04-17,9100
2449,京元電子,265,81,184,群益金鼎,2024-04-17,9100
00860B,群益1-5Y投資級債,250,73,177,群益金鼎,2024-04-17,9100
6274,台燿,221,48,173,群益金鼎,2024-04-17,9100
0056,元大高股息,201,37,164,群益金鼎,2024-04-17,9100
3312,弘憶股,154,2,152,群益金鼎,2024-04-17,9100
00859B,群益0-1年美債,199,50,149,群益金鼎,2024-04-17,9100
00876,元大全球5G,261,112,149,群益金鼎,2024-04-17,9100
2376,技嘉,226,92,134,群益金鼎,2024-04-17,9100
2885,元大金,9936,24,9912,群益金鼎,2024-04-18,9100
00942B,台新美A公司債20+,10035,144,9891,群益金鼎,2024-04-18,9100
00637L,元大滬深300正2,7232,0,7232,群益金鼎,2024-04-18,9100
2809,京城銀,5517,24,5493,群益金鼎,2024-04-18,9100
2504,國產,4651,59,4592,群益金鼎,2024-04-18,9100
2889,國票金,4140,39,4101,群益金鼎,2024-04-18,9100
00902,中信電池及儲能,1660,208,1452,群益金鼎,2024-04-18,9100
2330,台積電,1417,171,1246,群益金鼎,2024-04-18,9100
2606,裕民,1267,23,1244,群益金鼎,2024-04-18,9100
2354,鴻準,1159,3,1156,群益金鼎,2024-04-18,9100
00893,國泰智能電動車,966,0,966,群益金鼎,2024-04-18,9100
00895,富邦未來車,947,0,947,群益金鼎,2024-04-18,9100
00772B,中信高評級公司債,827,0,827,群益金鼎,2024-04-18,9100
3264,欣銓,772,0,772,群益金鼎,2024-04-18,9100
3481,群創,937,211,726,群益金鼎,2024-04-18,9100
00927,群益半導體收益,1063,424,639,群益金鼎,2024-04-18,9100
00931B,統一美債20年,614,0,614,群益金鼎,2024-04-18,9100
2515,中工,668,80,588,群益金鼎,2024-04-18,9100
00923,群益台ESG低碳50,815,284,531,群益金鼎,2024-04-18,9100
00645,富邦日本,602,84,518,群益金鼎,2024-04-18,9100
00722B,群益投資級電信債,1989,1472,517,群益金鼎,2024-04-18,9100
2520,冠德,556,40,516,群益金鼎,2024-04-18,9100
00882,中信中國高股息,509,0,509,群益金鼎,2024-04-18,9100
2103,台橡,500,0,500,群益金鼎,2024-04-18,9100
00900,富邦特選高股息30,461,3,458,群益金鼎,2024-04-18,9100
00892,富邦台灣半導體,438,0,438,群益金鼎,2024-04-18,9100
2385,群光,419,0,419,群益金鼎,2024-04-18,9100
3231,緯創,761,348,413,群益金鼎,2024-04-18,9100
00713,元大台灣高息低波,414,1,413,群益金鼎,2024-04-18,9100
00692,富邦公司治理,418,6,412,群益金鼎,2024-04-18,9100
00864B,中信美國公債0-1,622,211,411,群益金鼎,2024-04-18,9100
1605,華新,747,338,409,群益金鼎,2024-04-18,9100
4960,誠美材,423,22,401,群益金鼎,2024-04-18,9100
1532,勤美,387,8,379,群益金鼎,2024-04-18,9100
2851,中再保,377,0,377,群益金鼎,2024-04-18,9100
00862B,中信投資級公司債,485,114,371,群益金鼎,2024-04-18,9100
00648R,元大S＆P500反1,390,34,356,群益金鼎,2024-04-18,9100
00724B,群益投資級金融債,2642,2292,350,群益金鼎,2024-04-18,9100
2101,南港,447,107,340,群益金鼎,2024-04-18,9100
00662,富邦NASDAQ,302,0,302,群益金鼎,2024-04-18,9100
00631L,元大台灣50正2,287,0,287,群益金鼎,2024-04-18,9100
8054,安國,472,188,284,群益金鼎,2024-04-18,9100
00935,野村臺灣新科技50,279,0,279,群益金鼎,2024-04-18,9100
00646,元大S＆P500,275,0,275,群益金鼎,2024-04-18,9100
2539,櫻花建,255,0,255,群益金鼎,2024-04-18,9100
2371,大同,1444,1191,253,群益金鼎,2024-04-18,9100
2412,中華電,244,1,243,群益金鼎,2024-04-18,9100
00636,國泰中國A50,286,54,232,群益金鼎,2024-04-18,9100
00773B,中信優先金融債,229,0,229,群益金鼎,2024-04-18,9100
2356,英業達,260,35,225,群益金鼎,2024-04-18,9100
00632R,元大台灣50反1,62159,38,62121,群益金鼎,2024-04-19,9100
00664R,國泰臺灣加權反1,11369,750,10619,群益金鼎,2024-04-19,9100
00720B,元大投資級公司債,10190,3,10187,群益金鼎,2024-04-19,9100
00942B,台新美A公司債20+,11419,1395,10024,群益金鼎,2024-04-19,9100
2885,元大金,9709,107,9602,群益金鼎,2024-04-19,9100
00687B,國泰20年美債,11744,3558,8186,群益金鼎,2024-04-19,9100
00772B,中信高評級公司債,7004,0,7004,群益金鼎,2024-04-19,9100
00933B,國泰10Y+金融債,6381,467,5914,群益金鼎,2024-04-19,9100
00751B,元大AAA至A公司債,5225,1,5224,群益金鼎,2024-04-19,9100
00773B,中信優先金融債,5151,1,5150,群益金鼎,2024-04-19,9100
00725B,國泰投資級公司債,5065,0,5065,群益金鼎,2024-04-19,9100
00882,中信中國高股息,4576,1,4575,群益金鼎,2024-04-19,9100
2809,京城銀,4558,5,4553,群益金鼎,2024-04-19,9100
2504,國產,4480,31,4449,群益金鼎,2024-04-19,9100
00795B,中信美國公債20年,4280,317,3963,群益金鼎,2024-04-19,9100
00893,國泰智能電動車,3392,319,3073,群益金鼎,2024-04-19,9100
00671R,富邦NASDAQ反1,2988,0,2988,群益金鼎,2024-04-19,9100
00679B,元大美債20年,2160,15,2145,群益金鼎,2024-04-19,9100
00862B,中信投資級公司債,2147,150,1997,群益金鼎,2024-04-19,9100
00857B,永豐20年美公債,2287,480,1807,群益金鼎,2024-04-19,9100
00724B,群益投資級金融債,3954,2307,1647,群益金鼎,2024-04-19,9100
00764B,群益25年美債,4956,3326,1630,群益金鼎,2024-04-19,9100
2889,國票金,1685,62,1623,群益金鼎,2024-04-19,9100
2606,裕民,1619,157,1462,群益金鼎,2024-04-19,9100
00895,富邦未來車,1520,96,1424,群益金鼎,2024-04-19,9100
00909,國泰數位支付服務,1778,436,1342,群益金鼎,2024-04-19,9100
00902,中信電池及儲能,1699,374,1325,群益金鼎,2024-04-19,9100
00722B,群益投資級電信債,1704,451,1253,群益金鼎,2024-04-19,9100
2634,漢翔,1372,279,1093,群益金鼎,2024-04-19,9100
2845,遠東銀,908,1,907,群益金鼎,2024-04-19,9100
5009,榮剛,1131,246,885,群益金鼎,2024-04-19,9100
2603,長榮,1826,1039,787,群益金鼎,2024-04-19,9100
1504,東元,1172,398,774,群益金鼎,2024-04-19,9100
00830,國泰費城半導體,4145,3372,773,群益金鼎,2024-04-19,9100
3264,欣銓,823,59,764,群益金鼎,2024-04-19,9100
00673R,期元大S＆P原油反1,739,0,739,群益金鼎,2024-04-19,9100
00894,中信小資高價30,706,0,706,群益金鼎,2024-04-19,9100
00696B,富邦美債20年,1287,599,688,群益金鼎,2024-04-19,9100
2515,中工,2643,2084,559,群益金鼎,2024-04-19,9100
2520,冠德,688,167,521,群益金鼎,2024-04-19,9100
4904,遠傳,510,3,507,群益金鼎,2024-04-19,9100
3045,台灣大,493,2,491,群益金鼎,2024-04-19,9100
00706L,期元大S＆P日圓正2,450,0,450,群益金鼎,2024-04-19,9100
00922,國泰台灣領袖50,545,125,420,群益金鼎,2024-04-19,9100
2449,京元電子,546,150,396,群益金鼎,2024-04-19,9100
00900,富邦特選高股息30,648,279,369,群益金鼎,2024-04-19,9100
00925,新光標普電動車,355,0,355,群益金鼎,2024-04-19,9100
2356,英業達,831,484,347,群益金鼎,2024-04-19,9100
00633L,富邦上証正2,346,0,346,群益金鼎,2024-04-19,9100
00756B,群益投等新興公債,411,69,342,群益金鼎,2024-04-19,9100
2834,臺企銀,5338,2,5336,群益金鼎,2024-04-22,9100
2809,京城銀,5254,6,5248,群益金鼎,2024-04-22,9100
00673R,期元大S＆P原油反1,4139,0,4139,群益金鼎,2024-04-22,9100
2845,遠東銀,3929,17,3912,群益金鼎,2024-04-22,9100
00665L,富邦�琤肭磪囓�2,3552,0,3552,群益金鼎,2024-04-22,9100
2504,國產,4324,862,3462,群益金鼎,2024-04-22,9100
2885,元大金,3138,106,3032,群益金鼎,2024-04-22,9100
2511,太子,2927,26,2901,群益金鼎,2024-04-22,9100
00637L,元大滬深300正2,2724,0,2724,群益金鼎,2024-04-22,9100
2412,中華電,2410,0,2410,群益金鼎,2024-04-22,9100
9904,寶成,2408,169,2239,群益金鼎,2024-04-22,9100
2606,裕民,1260,48,1212,群益金鼎,2024-04-22,9100
00882,中信中國高股息,1192,1,1191,群益金鼎,2024-04-22,9100
3703,欣陸,1396,222,1174,群益金鼎,2024-04-22,9100
2501,國建,1194,32,1162,群益金鼎,2024-04-22,9100
2903,遠百,1113,21,1092,群益金鼎,2024-04-22,9100
00941,中信上游半導體,1134,100,1034,群益金鼎,2024-04-22,9100
2855,統一證,793,0,793,群益金鼎,2024-04-22,9100
00719B,元大美債1-3,605,0,605,群益金鼎,2024-04-22,9100
4306,炎洲,565,12,553,群益金鼎,2024-04-22,9100
2637,慧洋-KY,550,57,493,群益金鼎,2024-04-22,9100
2368,金像電,626,145,481,群益金鼎,2024-04-22,9100
1314,中石化,571,129,442,群益金鼎,2024-04-22,9100
00631L,元大台灣50正2,637,201,436,群益金鼎,2024-04-22,9100
2344,華邦電,618,197,421,群益金鼎,2024-04-22,9100
00772B,中信高評級公司債,567,150,417,群益金鼎,2024-04-22,9100
4915,致伸,404,13,391,群益金鼎,2024-04-22,9100
3264,欣銓,408,48,360,群益金鼎,2024-04-22,9100
6005,群益證,371,47,324,群益金鼎,2024-04-22,9100
2436,偉詮電,310,0,310,群益金鼎,2024-04-22,9100
00633L,富邦上証正2,403,100,303,群益金鼎,2024-04-22,9100
5521,工信,310,10,300,群益金鼎,2024-04-22,9100
3231,緯創,659,364,295,群益金鼎,2024-04-22,9100
00902,中信電池及儲能,284,0,284,群益金鼎,2024-04-22,9100
00893,國泰智能電動車,283,0,283,群益金鼎,2024-04-22,9100
2449,京元電子,377,99,278,群益金鼎,2024-04-22,9100
00895,富邦未來車,542,267,275,群益金鼎,2024-04-22,9100
5324,士開,269,0,269,群益金鼎,2024-04-22,9100
5483,中美晶,289,35,254,群益金鼎,2024-04-22,9100
3706,神達,302,70,232,群益金鼎,2024-04-22,9100
6177,達麗,339,119,220,群益金鼎,2024-04-22,9100
2609,陽明,340,123,217,群益金鼎,2024-04-22,9100
6257,矽格,258,42,216,群益金鼎,2024-04-22,9100
6278,台表科,220,8,212,群益金鼎,2024-04-22,9100
6264,富裔,210,0,210,群益金鼎,2024-04-22,9100
8150,南茂,224,17,207,群益金鼎,2024-04-22,9100
2889,國票金,213,13,200,群益金鼎,2024-04-22,9100
2634,漢翔,412,216,196,群益金鼎,2024-04-22,9100
2317,鴻海,246,62,184,群益金鼎,2024-04-22,9100
6239,力成,193,18,175,群益金鼎,2024-04-22,9100
2885,元大金,9103,118,8985,群益金鼎,2024-04-23,9100
00937B,群益ESG投等債20,9292,815,8477,群益金鼎,2024-04-23,9100
00665L,富邦�琤肭磪囓�2,7201,0,7201,群益金鼎,2024-04-23,9100
2809,京城銀,4266,12,4254,群益金鼎,2024-04-23,9100
00942B,台新美A公司債20+,3617,0,3617,群益金鼎,2024-04-23,9100
00720B,元大投資級公司債,2728,0,2728,群益金鼎,2024-04-23,9100
00650L,復華香港正2,1555,40,1515,群益金鼎,2024-04-23,9100
00637L,元大滬深300正2,1420,0,1420,群益金鼎,2024-04-23,9100
3044,健鼎,1042,23,1019,群益金鼎,2024-04-23,9100
00830,國泰費城半導體,1500,660,840,群益金鼎,2024-04-23,9100
00648R,元大S＆P500反1,763,0,763,群益金鼎,2024-04-23,9100
00892,富邦台灣半導體,979,284,695,群益金鼎,2024-04-23,9100
00900,富邦特選高股息30,680,0,680,群益金鼎,2024-04-23,9100
00645,富邦日本,652,14,638,群益金鼎,2024-04-23,9100
2618,長榮航,639,56,583,群益金鼎,2024-04-23,9100
2520,冠德,859,283,576,群益金鼎,2024-04-23,9100
00927,群益半導體收益,603,136,467,群益金鼎,2024-04-23,9100
00795B,中信美國公債20年,853,404,449,群益金鼎,2024-04-23,9100
00893,國泰智能電動車,553,112,441,群益金鼎,2024-04-23,9100
2890,永豐金,575,205,370,群益金鼎,2024-04-23,9100
2317,鴻海,370,12,358,群益金鼎,2024-04-23,9100
2409,友達,479,141,338,群益金鼎,2024-04-23,9100
2354,鴻準,375,38,337,群益金鼎,2024-04-23,9100
00757,統一FANG+,400,96,304,群益金鼎,2024-04-23,9100
2371,大同,960,659,301,群益金鼎,2024-04-23,9100
2206,三陽工業,325,24,301,群益金鼎,2024-04-23,9100
2515,中工,1130,832,298,群益金鼎,2024-04-23,9100
00772B,中信高評級公司債,281,0,281,群益金鼎,2024-04-23,9100
3006,晶豪科,302,47,255,群益金鼎,2024-04-23,9100
2880,華南金,255,0,255,群益金鼎,2024-04-23,9100
2376,技嘉,248,26,222,群益金鼎,2024-04-23,9100
6223,旺矽,205,4,201,群益金鼎,2024-04-23,9100
00635U,期元大S＆P黃金,225,29,196,群益金鼎,2024-04-23,9100
00897,富邦基因免疫生技,195,0,195,群益金鼎,2024-04-23,9100
2489,瑞軒,190,6,184,群益金鼎,2024-04-23,9100
1604,聲寶,150,0,150,群益金鼎,2024-04-23,9100
00708L,期元大S＆P黃金正2,143,6,137,群益金鼎,2024-04-23,9100
6274,台燿,301,181,120,群益金鼎,2024-04-23,9100
2436,偉詮電,118,0,118,群益金鼎,2024-04-23,9100
00683L,期元大美元指正2,116,0,116,群益金鼎,2024-04-23,9100
2634,漢翔,210,99,111,群益金鼎,2024-04-23,9100
00926,凱基全球菁英55,112,2,110,群益金鼎,2024-04-23,9100
3045,台灣大,208,101,107,群益金鼎,2024-04-23,9100
4938,和碩,115,16,99,群益金鼎,2024-04-23,9100
00751B,元大AAA至A公司債,100,2,98,群益金鼎,2024-04-23,9100
00631L,元大台灣50正2,100,5,95,群益金鼎,2024-04-23,9100
1440,南紡,153,60,93,群益金鼎,2024-04-23,9100
2605,新興,140,48,92,群益金鼎,2024-04-23,9100
9914,美利達,86,3,83,群益金鼎,2024-04-23,9100
6192,巨路,81,0,81,群益金鼎,2024-04-23,9100
2885,元大金,9035,85,8950,群益金鼎,2024-04-24,9100
00665L,富邦�琤肭磪囓�2,7772,34,7738,群益金鼎,2024-04-24,9100
00650L,復華香港正2,7410,50,7360,群益金鼎,2024-04-24,9100
2809,京城銀,4272,23,4249,群益金鼎,2024-04-24,9100
00940,元大台灣價值高息,4025,556,3469,群益金鼎,2024-04-24,9100
2618,長榮航,3010,1186,1824,群益金鼎,2024-04-24,9100
6548,長科*,1140,10,1130,群益金鼎,2024-04-24,9100
00830,國泰費城半導體,1296,169,1127,群益金鼎,2024-04-24,9100
2606,裕民,1163,48,1115,群益金鼎,2024-04-24,9100
4303,信立,773,10,763,群益金鼎,2024-04-24,9100
00918,大華優利高填息30,744,6,738,群益金鼎,2024-04-24,9100
3264,欣銓,728,3,725,群益金鼎,2024-04-24,9100
5230,雷笛克光學,722,14,708,群益金鼎,2024-04-24,9100
2515,中工,783,99,684,群益金鼎,2024-04-24,9100
00648R,元大S＆P500反1,731,58,673,群益金鼎,2024-04-24,9100
00881,國泰台灣5G+,692,21,671,群益金鼎,2024-04-24,9100
00936,台新永續高息中小,652,3,649,群益金鼎,2024-04-24,9100
00878,國泰永續高股息,534,31,503,群益金鼎,2024-04-24,9100
00915,凱基優選高股息30,608,137,471,群益金鼎,2024-04-24,9100
00645,富邦日本,457,20,437,群益金鼎,2024-04-24,9100
00764B,群益25年美債,3681,3279,402,群益金鼎,2024-04-24,9100
00892,富邦台灣半導體,847,501,346,群益金鼎,2024-04-24,9100
00712,復華富時不動產,334,24,310,群益金鼎,2024-04-24,9100
2345,智邦,327,20,307,群益金鼎,2024-04-24,9100
2884,玉山金,407,105,302,群益金鼎,2024-04-24,9100
3006,晶豪科,326,29,297,群益金鼎,2024-04-24,9100
3481,群創,994,709,285,群益金鼎,2024-04-24,9100
00939,統一台灣高息動能,1201,923,278,群益金鼎,2024-04-24,9100
00662,富邦NASDAQ,523,255,268,群益金鼎,2024-04-24,9100
00646,元大S＆P500,378,116,262,群益金鼎,2024-04-24,9100
00941,中信上游半導體,1182,921,261,群益金鼎,2024-04-24,9100
2303,聯電,285,42,243,群益金鼎,2024-04-24,9100
00882,中信中國高股息,236,0,236,群益金鼎,2024-04-24,9100
2317,鴻海,533,298,235,群益金鼎,2024-04-24,9100
1504,東元,332,107,225,群益金鼎,2024-04-24,9100
3312,弘憶股,202,0,202,群益金鼎,2024-04-24,9100
6290,良維,206,4,202,群益金鼎,2024-04-24,9100
00903,富邦元宇宙,200,0,200,群益金鼎,2024-04-24,9100
00637L,元大滬深300正2,210,10,200,群益金鼎,2024-04-24,9100
3028,增你強,186,0,186,群益金鼎,2024-04-24,9100
2610,華航,385,200,185,群益金鼎,2024-04-24,9100
00908,富邦入息REITs+,182,0,182,群益金鼎,2024-04-24,9100
3045,台灣大,200,22,178,群益金鼎,2024-04-24,9100
00928,中信上櫃ESG30,151,0,151,群益金鼎,2024-04-24,9100
2912,統一超,150,0,150,群益金鼎,2024-04-24,9100
00924,復華S＆P500成長,200,50,150,群益金鼎,2024-04-24,9100
00633L,富邦上証正2,200,50,150,群益金鼎,2024-04-24,9100
00724B,群益投資級金融債,2195,2045,150,群益金鼎,2024-04-24,9100
5347,世界,162,21,141,群益金鼎,2024-04-24,9100
00715L,期街口布蘭特正2,136,0,136,群益金鼎,2024-04-24,9100
00632R,元大台灣50反1,19275,501,18774,群益金鼎,2024-04-25,9100
00882,中信中國高股息,8341,0,8341,群益金鼎,2024-04-25,9100
00665L,富邦�琤肭磪囓�2,7465,7,7458,群益金鼎,2024-04-25,9100
00650L,復華香港正2,3669,176,3493,群益金鼎,2024-04-25,9100
00637L,元大滬深300正2,3052,15,3037,群益金鼎,2024-04-25,9100
00830,國泰費城半導體,2959,150,2809,群益金鼎,2024-04-25,9100
00900,富邦特選高股息30,2686,1,2685,群益金鼎,2024-04-25,9100
1440,南紡,2563,240,2323,群益金鼎,2024-04-25,9100
00648R,元大S＆P500反1,1813,766,1047,群益金鼎,2024-04-25,9100
00923,群益台ESG低碳50,1262,327,935,群益金鼎,2024-04-25,9100
2515,中工,1271,363,908,群益金鼎,2024-04-25,9100
00715L,期街口布蘭特正2,751,0,751,群益金鼎,2024-04-25,9100
00934,中信成長高股息,637,0,637,群益金鼎,2024-04-25,9100
00902,中信電池及儲能,686,138,548,群益金鼎,2024-04-25,9100
4904,遠傳,507,0,507,群益金鼎,2024-04-25,9100
00706L,期元大S＆P日圓正2,1027,534,493,群益金鼎,2024-04-25,9100
00673R,期元大S＆P原油反1,480,0,480,群益金鼎,2024-04-25,9100
00919,群益台灣精選高息,1136,692,444,群益金鼎,2024-04-25,9100
00881,國泰台灣5G+,885,444,441,群益金鼎,2024-04-25,9100
00936,台新永續高息中小,438,0,438,群益金鼎,2024-04-25,9100
6770,力積電,530,118,412,群益金鼎,2024-04-25,9100
3711,日月光投控,404,9,395,群益金鼎,2024-04-25,9100
1725,元禎,356,5,351,群益金鼎,2024-04-25,9100
00909,國泰數位支付服務,337,0,337,群益金鼎,2024-04-25,9100
2501,國建,457,132,325,群益金鼎,2024-04-25,9100
5347,世界,326,15,311,群益金鼎,2024-04-25,9100
2731,雄獅,337,35,302,群益金鼎,2024-04-25,9100
2352,佳世達,312,12,300,群益金鼎,2024-04-25,9100
1609,大亞,543,251,292,群益金鼎,2024-04-25,9100
00633L,富邦上証正2,289,0,289,群益金鼎,2024-04-25,9100
00893,國泰智能電動車,375,110,265,群益金鼎,2024-04-25,9100
00895,富邦未來車,261,0,261,群益金鼎,2024-04-25,9100
6449,鈺邦,467,220,247,群益金鼎,2024-04-25,9100
00692,富邦公司治理,237,3,234,群益金鼎,2024-04-25,9100
3028,增你強,233,0,233,群益金鼎,2024-04-25,9100
00773B,中信優先金融債,231,0,231,群益金鼎,2024-04-25,9100
00907,永豐優息存股,225,5,220,群益金鼎,2024-04-25,9100
00908,富邦入息REITs+,198,0,198,群益金鼎,2024-04-25,9100
00738U,期元大道瓊白銀,176,0,176,群益金鼎,2024-04-25,9100
2317,鴻海,215,55,160,群益金鼎,2024-04-25,9100
00891,中信關鍵半導體,157,0,157,群益金鼎,2024-04-25,9100
3042,晶技,165,10,155,群益金鼎,2024-04-25,9100
2371,大同,421,267,154,群益金鼎,2024-04-25,9100
3090,日電貿,150,0,150,群益金鼎,2024-04-25,9100
1604,聲寶,150,0,150,群益金鼎,2024-04-25,9100
4938,和碩,156,6,150,群益金鼎,2024-04-25,9100
00655L,國泰中國A50正2,149,0,149,群益金鼎,2024-04-25,9100
2201,裕隆,175,26,149,群益金鼎,2024-04-25,9100
9933,中鼎,150,2,148,群益金鼎,2024-04-25,9100
00927,群益半導體收益,277,130,147,群益金鼎,2024-04-25,9100
00665L,富邦�琤肭磪囓�2,5748,1202,4546,群益金鼎,2024-04-26,9100
00637L,元大滬深300正2,4572,130,4442,群益金鼎,2024-04-26,9100
2609,陽明,8513,4152,4361,群益金鼎,2024-04-26,9100
00882,中信中國高股息,4356,7,4349,群益金鼎,2024-04-26,9100
00941,中信上游半導體,3658,436,3222,群益金鼎,2024-04-26,9100
2890,永豐金,3005,1,3004,群益金鼎,2024-04-26,9100
2891,中信金,3002,0,3002,群益金鼎,2024-04-26,9100
00933B,國泰10Y+金融債,3110,1041,2069,群益金鼎,2024-04-26,9100
00830,國泰費城半導體,2496,735,1761,群益金鼎,2024-04-26,9100
00715L,期街口布蘭特正2,1687,0,1687,群益金鼎,2024-04-26,9100
2618,長榮航,2231,679,1552,群益金鼎,2024-04-26,9100
00646,元大S＆P500,1853,511,1342,群益金鼎,2024-04-26,9100
6215,和椿,1342,13,1329,群益金鼎,2024-04-26,9100
2501,國建,1325,230,1095,群益金鼎,2024-04-26,9100
5531,鄉林,1082,0,1082,群益金鼎,2024-04-26,9100
00881,國泰台灣5G+,1126,104,1022,群益金鼎,2024-04-26,9100
00662,富邦NASDAQ,1000,0,1000,群益金鼎,2024-04-26,9100
00876,元大全球5G,1074,111,963,群益金鼎,2024-04-26,9100
2610,華航,1497,602,895,群益金鼎,2024-04-26,9100
00893,國泰智能電動車,1379,555,824,群益金鼎,2024-04-26,9100
00706L,期元大S＆P日圓正2,837,15,822,群益金鼎,2024-04-26,9100
00852L,國泰美國道瓊正2,1059,293,766,群益金鼎,2024-04-26,9100
00650L,復華香港正2,1002,265,737,群益金鼎,2024-04-26,9100
1587,吉茂,658,18,640,群益金鼎,2024-04-26,9100
00923,群益台ESG低碳50,1599,966,633,群益金鼎,2024-04-26,9100
00633L,富邦上証正2,667,60,607,群益金鼎,2024-04-26,9100
00900,富邦特選高股息30,803,271,532,群益金鼎,2024-04-26,9100
00940,元大台灣價值高息,515,19,496,群益金鼎,2024-04-26,9100
00896,中信綠能及電動車,458,0,458,群益金鼎,2024-04-26,9100
00757,統一FANG+,623,171,452,群益金鼎,2024-04-26,9100
00924,復華S＆P500成長,420,0,420,群益金鼎,2024-04-26,9100
00894,中信小資高價30,400,0,400,群益金鼎,2024-04-26,9100
00905,FT臺灣Smart,400,0,400,群益金鼎,2024-04-26,9100
00888,永豐台灣ESG,398,1,397,群益金鼎,2024-04-26,9100
00912,中信臺灣智慧50,400,3,397,群益金鼎,2024-04-26,9100
00903,富邦元宇宙,393,0,393,群益金鼎,2024-04-26,9100
00631L,元大台灣50正2,386,4,382,群益金鼎,2024-04-26,9100
5371,中光電,395,33,362,群益金鼎,2024-04-26,9100
2323,中環,400,49,351,群益金鼎,2024-04-26,9100
2313,華通,400,90,310,群益金鼎,2024-04-26,9100
2520,冠德,598,291,307,群益金鼎,2024-04-26,9100
6269,台郡,300,0,300,群益金鼎,2024-04-26,9100
1314,中石化,480,183,297,群益金鼎,2024-04-26,9100
9945,潤泰新,289,16,273,群益金鼎,2024-04-26,9100
00902,中信電池及儲能,265,0,265,群益金鼎,2024-04-26,9100
00895,富邦未來車,253,1,252,群益金鼎,2024-04-26,9100
2206,三陽工業,251,18,233,群益金鼎,2024-04-26,9100
00878,國泰永續高股息,517,287,230,群益金鼎,2024-04-26,9100
00918,大華優利高填息30,243,13,230,群益金鼎,2024-04-26,9100
3028,增你強,233,5,228,群益金鼎,2024-04-26,9100
00882,中信中國高股息,4689,2,4687,群益金鼎,2024-04-29,9100
00933B,國泰10Y+金融債,3530,30,3500,群益金鼎,2024-04-29,9100
00637L,元大滬深300正2,3703,461,3242,群益金鼎,2024-04-29,9100
2609,陽明,2012,363,1649,群益金鼎,2024-04-29,9100
00931B,統一美債20年,1501,1,1500,群益金鼎,2024-04-29,9100
00902,中信電池及儲能,1384,2,1382,群益金鼎,2024-04-29,9100
00773B,中信優先金融債,1122,0,1122,群益金鼎,2024-04-29,9100
3264,欣銓,837,28,809,群益金鼎,2024-04-29,9100
00830,國泰費城半導體,1292,524,768,群益金鼎,2024-04-29,9100
00917,中信特選金融,752,0,752,群益金鼎,2024-04-29,9100
00669R,國泰美國道瓊反1,725,0,725,群益金鼎,2024-04-29,9100
2888,新光金,1175,496,679,群益金鼎,2024-04-29,9100
00715L,期街口布蘭特正2,674,2,672,群益金鼎,2024-04-29,9100
2527,宏璟,570,0,570,群益金鼎,2024-04-29,9100
00633L,富邦上証正2,637,70,567,群益金鼎,2024-04-29,9100
00665L,富邦�琤肭磪囓�2,2650,2090,560,群益金鼎,2024-04-29,9100
2891,中信金,599,39,560,群益金鼎,2024-04-29,9100
2615,萬海,517,55,462,群益金鼎,2024-04-29,9100
00679B,元大美債20年,419,1,418,群益金鼎,2024-04-29,9100
00942B,台新美A公司債20+,509,102,407,群益金鼎,2024-04-29,9100
00892,富邦台灣半導體,381,0,381,群益金鼎,2024-04-29,9100
2610,華航,802,432,370,群益金鼎,2024-04-29,9100
2515,中工,1174,804,370,群益金鼎,2024-04-29,9100
6552,易華電,364,0,364,群益金鼎,2024-04-29,9100
00939,統一台灣高息動能,508,204,304,群益金鼎,2024-04-29,9100
00909,國泰數位支付服務,302,0,302,群益金鼎,2024-04-29,9100
00864B,中信美國公債0-1,427,127,300,群益金鼎,2024-04-29,9100
00683L,期元大美元指正2,364,105,259,群益金鼎,2024-04-29,9100
6274,台燿,264,16,248,群益金鼎,2024-04-29,9100
2880,華南金,260,13,247,群益金鼎,2024-04-29,9100
00900,富邦特選高股息30,230,1,229,群益金鼎,2024-04-29,9100
2009,第一銅,297,69,228,群益金鼎,2024-04-29,9100
6120,達運,220,1,219,群益金鼎,2024-04-29,9100
00655L,國泰中國A50正2,211,2,209,群益金鼎,2024-04-29,9100
3266,昇陽,207,0,207,群益金鼎,2024-04-29,9100
00643,群益深証中小,394,194,200,群益金鼎,2024-04-29,9100
2317,鴻海,480,284,196,群益金鼎,2024-04-29,9100
00751B,元大AAA至A公司債,595,401,194,群益金鼎,2024-04-29,9100
2376,技嘉,245,54,191,群益金鼎,2024-04-29,9100
2731,雄獅,210,20,190,群益金鼎,2024-04-29,9100
2603,長榮,473,291,182,群益金鼎,2024-04-29,9100
00708L,期元大S＆P黃金正2,346,166,180,群益金鼎,2024-04-29,9100
2885,元大金,241,63,178,群益金鼎,2024-04-29,9100
2634,漢翔,236,63,173,群益金鼎,2024-04-29,9100
00645,富邦日本,171,0,171,群益金鼎,2024-04-29,9100
4919,新唐,189,23,166,群益金鼎,2024-04-29,9100
00903,富邦元宇宙,165,0,165,群益金鼎,2024-04-29,9100
9945,潤泰新,213,58,155,群益金鼎,2024-04-29,9100
2412,中華電,154,0,154,群益金鼎,2024-04-29,9100
2353,宏��,224,78,146,群益金鼎,2024-04-29,9100
00942B,台新美A公司債20+,5028,400,4628,群益金鼎,2024-04-30,9100
00720B,元大投資級公司債,3029,1,3028,群益金鼎,2024-04-30,9100
00893,國泰智能電動車,1807,5,1802,群益金鼎,2024-04-30,9100
00687B,國泰20年美債,1393,67,1326,群益金鼎,2024-04-30,9100
00902,中信電池及儲能,1141,0,1141,群益金鼎,2024-04-30,9100
00751B,元大AAA至A公司債,1057,1,1056,群益金鼎,2024-04-30,9100
00895,富邦未來車,995,1,994,群益金鼎,2024-04-30,9100
00882,中信中國高股息,1156,187,969,群益金鼎,2024-04-30,9100
00772B,中信高評級公司債,801,1,800,群益金鼎,2024-04-30,9100
00773B,中信優先金融債,800,1,799,群益金鼎,2024-04-30,9100
00939,統一台灣高息動能,694,14,680,群益金鼎,2024-04-30,9100
4915,致伸,617,5,612,群益金鼎,2024-04-30,9100
00892,富邦台灣半導體,644,110,534,群益金鼎,2024-04-30,9100
00881,國泰台灣5G+,487,0,487,群益金鼎,2024-04-30,9100
6605,帝寶,726,312,414,群益金鼎,2024-04-30,9100
4127,天良,519,117,402,群益金鼎,2024-04-30,9100
00725B,國泰投資級公司債,400,1,399,群益金鼎,2024-04-30,9100
3715,定穎投控,453,80,373,群益金鼎,2024-04-30,9100
00861,元大全球未來通訊,600,234,366,群益金鼎,2024-04-30,9100
00907,永豐優息存股,292,1,291,群益金鼎,2024-04-30,9100
00701,國泰股利精選30,290,0,290,群益金鼎,2024-04-30,9100
2401,凌陽,331,52,279,群益金鼎,2024-04-30,9100
00936,台新永續高息中小,278,1,277,群益金鼎,2024-04-30,9100
6239,力成,293,16,277,群益金鼎,2024-04-30,9100
00933B,國泰10Y+金融債,1240,965,275,群益金鼎,2024-04-30,9100
00935,野村臺灣新科技50,265,10,255,群益金鼎,2024-04-30,9100
00636,國泰中國A50,380,126,254,群益金鼎,2024-04-30,9100
00922,國泰台灣領袖50,254,2,252,群益金鼎,2024-04-30,9100
00923,群益台ESG低碳50,252,3,249,群益金鼎,2024-04-30,9100
00877,復華中國5G,246,0,246,群益金鼎,2024-04-30,9100
5009,榮剛,393,159,234,群益金鼎,2024-04-30,9100
6187,萬潤,387,168,219,群益金鼎,2024-04-30,9100
00918,大華優利高填息30,223,7,216,群益金鼎,2024-04-30,9100
1725,元禎,205,5,200,群益金鼎,2024-04-30,9100
00929,復華台灣科技優息,1294,1095,199,群益金鼎,2024-04-30,9100
00926,凱基全球菁英55,203,8,195,群益金鼎,2024-04-30,9100
2801,彰銀,193,1,192,群益金鼎,2024-04-30,9100
00924,復華S＆P500成長,195,8,187,群益金鼎,2024-04-30,9100
3466,德晉,207,23,184,群益金鼎,2024-04-30,9100
00669R,國泰美國道瓊反1,185,2,183,群益金鼎,2024-04-30,9100
00715L,期街口布蘭特正2,218,41,177,群益金鼎,2024-04-30,9100
00864B,中信美國公債0-1,527,352,175,群益金鼎,2024-04-30,9100
2027,大成鋼,210,36,174,群益金鼎,2024-04-30,9100
2330,台積電,214,40,174,群益金鼎,2024-04-30,9100
3090,日電貿,170,0,170,群益金鼎,2024-04-30,9100
00757,統一FANG+,171,3,168,群益金鼎,2024-04-30,9100
00722B,群益投資級電信債,623,465,158,群益金鼎,2024-04-30,9100
00657,國泰日經225,155,6,149,群益金鼎,2024-04-30,9100
2888,新光金,398,250,148,群益金鼎,2024-04-30,9100
6113,亞矽,146,7,139,群益金鼎,2024-04-30,9100
00673R,期元大S＆P原油反1,10972,0,10972,群益金鼎,2024-05-02,9100
00665L,富邦�琤肭磪囓�2,4088,21,4067,群益金鼎,2024-05-02,9100
00941,中信上游半導體,4323,1142,3181,群益金鼎,2024-05-02,9100
2886,兆豐金,3000,0,3000,群益金鼎,2024-05-02,9100
5531,鄉林,1998,2,1996,群益金鼎,2024-05-02,9100
00637L,元大滬深300正2,1244,0,1244,群益金鼎,2024-05-02,9100
5519,隆大,1186,2,1184,群益金鼎,2024-05-02,9100
1532,勤美,1086,35,1051,群益金鼎,2024-05-02,9100
00945B,凱基美國非投等債,1207,200,1007,群益金鼎,2024-05-02,9100
00830,國泰費城半導體,3811,2905,906,群益金鼎,2024-05-02,9100
00881,國泰台灣5G+,854,1,853,群益金鼎,2024-05-02,9100
00648R,元大S＆P500反1,832,22,810,群益金鼎,2024-05-02,9100
00773B,中信優先金融債,797,0,797,群益金鼎,2024-05-02,9100
2520,冠德,947,160,787,群益金鼎,2024-05-02,9100
2885,元大金,813,55,758,群益金鼎,2024-05-02,9100
2303,聯電,791,55,736,群益金鼎,2024-05-02,9100
00650L,復華香港正2,977,245,732,群益金鼎,2024-05-02,9100
00757,統一FANG+,670,10,660,群益金鼎,2024-05-02,9100
00895,富邦未來車,674,62,612,群益金鼎,2024-05-02,9100
2890,永豐金,598,0,598,群益金鼎,2024-05-02,9100
2618,長榮航,1085,512,573,群益金鼎,2024-05-02,9100
8112,至上,624,63,561,群益金鼎,2024-05-02,9100
00662,富邦NASDAQ,600,50,550,群益金鼎,2024-05-02,9100
9945,潤泰新,577,56,521,群益金鼎,2024-05-02,9100
6239,力成,549,33,516,群益金鼎,2024-05-02,9100
00940,元大台灣價值高息,1577,1066,511,群益金鼎,2024-05-02,9100
3266,昇陽,501,8,493,群益金鼎,2024-05-02,9100
00645,富邦日本,631,160,471,群益金鼎,2024-05-02,9100
5009,榮剛,594,136,458,群益金鼎,2024-05-02,9100
2347,聯強,415,0,415,群益金鼎,2024-05-02,9100
3711,日月光投控,430,39,391,群益金鼎,2024-05-02,9100
2809,京城銀,357,6,351,群益金鼎,2024-05-02,9100
00916,國泰全球品牌50,366,20,346,群益金鼎,2024-05-02,9100
00925,新光標普電動車,330,0,330,群益金鼎,2024-05-02,9100
00633L,富邦上証正2,319,0,319,群益金鼎,2024-05-02,9100
6605,帝寶,301,1,300,群益金鼎,2024-05-02,9100
00852L,國泰美國道瓊正2,300,1,299,群益金鼎,2024-05-02,9100
00915,凱基優選高股息30,495,204,291,群益金鼎,2024-05-02,9100
00632R,元大台灣50反1,280,0,280,群益金鼎,2024-05-02,9100
3702,大聯大,465,186,279,群益金鼎,2024-05-02,9100
2743,山富,287,17,270,群益金鼎,2024-05-02,9100
00935,野村臺灣新科技50,260,0,260,群益金鼎,2024-05-02,9100
00939,統一台灣高息動能,1053,814,239,群益金鼎,2024-05-02,9100
4904,遠傳,240,2,238,群益金鼎,2024-05-02,9100
00882,中信中國高股息,234,0,234,群益金鼎,2024-05-02,9100
2385,群光,224,5,219,群益金鼎,2024-05-02,9100
4938,和碩,298,82,216,群益金鼎,2024-05-02,9100
3045,台灣大,219,4,215,群益金鼎,2024-05-02,9100
00862B,中信投資級公司債,364,150,214,群益金鼎,2024-05-02,9100
1314,中石化,588,388,200,群益金鼎,2024-05-02,9100
00706L,期元大S＆P日圓正2,2834,1,2833,群益金鼎,2024-05-03,9100
4938,和碩,2198,17,2181,群益金鼎,2024-05-03,9100
2618,長榮航,5329,3390,1939,群益金鼎,2024-05-03,9100
2303,聯電,1802,249,1553,群益金鼎,2024-05-03,9100
2891,中信金,1640,91,1549,群益金鼎,2024-05-03,9100
00882,中信中國高股息,1450,20,1430,群益金鼎,2024-05-03,9100
00673R,期元大S＆P原油反1,1376,0,1376,群益金鼎,2024-05-03,9100
2201,裕隆,977,62,915,群益金鼎,2024-05-03,9100
00918,大華優利高填息30,945,169,776,群益金鼎,2024-05-03,9100
00902,中信電池及儲能,709,0,709,群益金鼎,2024-05-03,9100
00876,元大全球5G,729,50,679,群益金鼎,2024-05-03,9100
00637L,元大滬深300正2,542,0,542,群益金鼎,2024-05-03,9100
00861,元大全球未來通訊,542,0,542,群益金鼎,2024-05-03,9100
00927,群益半導體收益,869,345,524,群益金鼎,2024-05-03,9100
00941,中信上游半導體,925,412,513,群益金鼎,2024-05-03,9100
00772B,中信高評級公司債,500,52,448,群益金鼎,2024-05-03,9100
2317,鴻海,526,108,418,群益金鼎,2024-05-03,9100
00633L,富邦上証正2,464,50,414,群益金鼎,2024-05-03,9100
4127,天良,410,11,399,群益金鼎,2024-05-03,9100
9945,潤泰新,721,323,398,群益金鼎,2024-05-03,9100
00715L,期街口布蘭特正2,373,0,373,群益金鼎,2024-05-03,9100
00900,富邦特選高股息30,366,0,366,群益金鼎,2024-05-03,9100
3617,碩天,344,20,324,群益金鼎,2024-05-03,9100
3045,台灣大,300,4,296,群益金鼎,2024-05-03,9100
00893,國泰智能電動車,542,250,292,群益金鼎,2024-05-03,9100
2368,金像電,305,32,273,群益金鼎,2024-05-03,9100
6187,萬潤,276,6,270,群益金鼎,2024-05-03,9100
00903,富邦元宇宙,236,0,236,群益金鼎,2024-05-03,9100
00674R,期元大S＆P黃金反1,213,0,213,群益金鼎,2024-05-03,9100
2542,興富發,286,81,205,群益金鼎,2024-05-03,9100
6605,帝寶,200,0,200,群益金鼎,2024-05-03,9100
00923,群益台ESG低碳50,345,154,191,群益金鼎,2024-05-03,9100
00892,富邦台灣半導體,271,110,161,群益金鼎,2024-05-03,9100
00924,復華S＆P500成長,160,0,160,群益金鼎,2024-05-03,9100
00895,富邦未來車,301,146,155,群益金鼎,2024-05-03,9100
2345,智邦,187,34,153,群益金鼎,2024-05-03,9100
3260,威剛,155,23,132,群益金鼎,2024-05-03,9100
2301,光寶科,162,41,121,群益金鼎,2024-05-03,9100
3512,皇龍,121,0,121,群益金鼎,2024-05-03,9100
2105,正新,120,0,120,群益金鼎,2024-05-03,9100
00907,永豐優息存股,120,0,120,群益金鼎,2024-05-03,9100
5347,世界,208,93,115,群益金鼎,2024-05-03,9100
3056,富華新,186,71,115,群益金鼎,2024-05-03,9100
9914,美利達,116,2,114,群益金鼎,2024-05-03,9100
00899,FT潔淨能源,110,0,110,群益金鼎,2024-05-03,9100
00635U,期元大S＆P黃金,105,0,105,群益金鼎,2024-05-03,9100
8906,花王,105,0,105,群益金鼎,2024-05-03,9100
2347,聯強,116,16,100,群益金鼎,2024-05-03,9100
3010,華立,102,4,98,群益金鼎,2024-05-03,9100
2449,京元電子,182,85,97,群益金鼎,2024-05-03,9100
00673R,期元大S＆P原油反1,3270,0,3270,群益金鼎,2024-05-06,9100
2888,新光金,3696,624,3072,群益金鼎,2024-05-06,9100
00945B,凱基美國非投等債,2661,0,2661,群益金鼎,2024-05-06,9100
00706L,期元大S＆P日圓正2,2616,0,2616,群益金鼎,2024-05-06,9100
00830,國泰費城半導體,1629,125,1504,群益金鼎,2024-05-06,9100
2317,鴻海,1790,709,1081,群益金鼎,2024-05-06,9100
2881,富邦金,1111,79,1032,群益金鼎,2024-05-06,9100
3013,晟銘電,1028,30,998,群益金鼎,2024-05-06,9100
00900,富邦特選高股息30,972,14,958,群益金鼎,2024-05-06,9100
00687B,國泰20年美債,907,42,865,群益金鼎,2024-05-06,9100
2353,宏��,909,70,839,群益金鼎,2024-05-06,9100
00882,中信中國高股息,811,1,810,群益金鼎,2024-05-06,9100
00902,中信電池及儲能,737,0,737,群益金鼎,2024-05-06,9100
00918,大華優利高填息30,648,20,628,群益金鼎,2024-05-06,9100
00915,凱基優選高股息30,602,0,602,群益金鼎,2024-05-06,9100
00648R,元大S＆P500反1,622,22,600,群益金鼎,2024-05-06,9100
2889,國票金,548,44,504,群益金鼎,2024-05-06,9100
00669R,國泰美國道瓊反1,499,0,499,群益金鼎,2024-05-06,9100
00861,元大全球未來通訊,400,0,400,群益金鼎,2024-05-06,9100
7402,邑錡,393,8,385,群益金鼎,2024-05-06,9100
00923,群益台ESG低碳50,406,53,353,群益金鼎,2024-05-06,9100
2880,華南金,338,1,337,群益金鼎,2024-05-06,9100
00939,統一台灣高息動能,552,237,315,群益金鼎,2024-05-06,9100
00892,富邦台灣半導體,485,201,284,群益金鼎,2024-05-06,9100
00903,富邦元宇宙,280,0,280,群益金鼎,2024-05-06,9100
2449,京元電子,289,33,256,群益金鼎,2024-05-06,9100
00662,富邦NASDAQ,303,50,253,群益金鼎,2024-05-06,9100
2542,興富發,351,104,247,群益金鼎,2024-05-06,9100
00907,永豐優息存股,245,0,245,群益金鼎,2024-05-06,9100
00934,中信成長高股息,239,7,232,群益金鼎,2024-05-06,9100
00927,群益半導體收益,354,128,226,群益金鼎,2024-05-06,9100
00942B,台新美A公司債20+,1328,1103,225,群益金鼎,2024-05-06,9100
1532,勤美,413,192,221,群益金鼎,2024-05-06,9100
00720B,元大投資級公司債,209,2,207,群益金鼎,2024-05-06,9100
2618,長榮航,1691,1486,205,群益金鼎,2024-05-06,9100
2546,根基,189,3,186,群益金鼎,2024-05-06,9100
3042,晶技,194,18,176,群益金鼎,2024-05-06,9100
2330,台積電,326,154,172,群益金鼎,2024-05-06,9100
5508,永信建,190,29,161,群益金鼎,2024-05-06,9100
4127,天良,164,9,155,群益金鼎,2024-05-06,9100
4961,天鈺,158,7,151,群益金鼎,2024-05-06,9100
3708,上緯投控,148,8,140,群益金鼎,2024-05-06,9100
3583,辛耘,173,36,137,群益金鼎,2024-05-06,9100
00852L,國泰美國道瓊正2,141,6,135,群益金鼎,2024-05-06,9100
2376,技嘉,151,25,126,群益金鼎,2024-05-06,9100
00683L,期元大美元指正2,120,0,120,群益金鼎,2024-05-06,9100
3032,偉訓,116,0,116,群益金鼎,2024-05-06,9100
006208,富邦台50,130,15,115,群益金鼎,2024-05-06,9100
00917,中信特選金融,113,0,113,群益金鼎,2024-05-06,9100
00722B,群益投資級電信債,1511,1400,111,群益金鼎,2024-05-06,9100
2891,中信金,7503,1387,6116,群益金鼎,2024-05-07,9100
00650L,復華香港正2,4597,525,4072,群益金鼎,2024-05-07,9100
2883,凱基金,3300,1,3299,群益金鼎,2024-05-07,9100
00902,中信電池及儲能,3258,1,3257,群益金鼎,2024-05-07,9100
2884,玉山金,3205,75,3130,群益金鼎,2024-05-07,9100
00637L,元大滬深300正2,2780,0,2780,群益金鼎,2024-05-07,9100
2303,聯電,3028,313,2715,群益金鼎,2024-05-07,9100
00673R,期元大S＆P原油反1,2632,0,2632,群益金鼎,2024-05-07,9100
00772B,中信高評級公司債,2521,0,2521,群益金鼎,2024-05-07,9100
00893,國泰智能電動車,2413,13,2400,群益金鼎,2024-05-07,9100
00882,中信中國高股息,2343,1,2342,群益金鼎,2024-05-07,9100
00687B,國泰20年美債,2340,85,2255,群益金鼎,2024-05-07,9100
00720B,元大投資級公司債,2037,0,2037,群益金鼎,2024-05-07,9100
8234,新漢,1757,7,1750,群益金鼎,2024-05-07,9100
00945B,凱基美國非投等債,1721,0,1721,群益金鼎,2024-05-07,9100
00900,富邦特選高股息30,1741,24,1717,群益金鼎,2024-05-07,9100
2317,鴻海,1671,262,1409,群益金鼎,2024-05-07,9100
00939,統一台灣高息動能,1824,547,1277,群益金鼎,2024-05-07,9100
00895,富邦未來車,1658,550,1108,群益金鼎,2024-05-07,9100
00878,國泰永續高股息,5008,4185,823,群益金鼎,2024-05-07,9100
00927,群益半導體收益,867,64,803,群益金鼎,2024-05-07,9100
4958,臻鼎-KY,827,33,794,群益金鼎,2024-05-07,9100
00941,中信上游半導體,815,39,776,群益金鼎,2024-05-07,9100
6215,和椿,720,23,697,群益金鼎,2024-05-07,9100
00669R,國泰美國道瓊反1,698,8,690,群益金鼎,2024-05-07,9100
00773B,中信優先金融債,664,6,658,群益金鼎,2024-05-07,9100
3260,威剛,788,153,635,群益金鼎,2024-05-07,9100
00751B,元大AAA至A公司債,635,1,634,群益金鼎,2024-05-07,9100
5230,雷笛克光學,615,13,602,群益金鼎,2024-05-07,9100
00935,野村臺灣新科技50,597,1,596,群益金鼎,2024-05-07,9100
2609,陽明,730,141,589,群益金鼎,2024-05-07,9100
00662,富邦NASDAQ,553,0,553,群益金鼎,2024-05-07,9100
2313,華通,732,183,549,群益金鼎,2024-05-07,9100
00679B,元大美債20年,561,19,542,群益金鼎,2024-05-07,9100
00903,富邦元宇宙,538,1,537,群益金鼎,2024-05-07,9100
00933B,國泰10Y+金融債,519,0,519,群益金鼎,2024-05-07,9100
00646,元大S＆P500,1000,498,502,群益金鼎,2024-05-07,9100
3711,日月光投控,537,36,501,群益金鼎,2024-05-07,9100
2353,宏��,612,185,427,群益金鼎,2024-05-07,9100
4909,新復興,431,6,425,群益金鼎,2024-05-07,9100
2337,旺宏,446,31,415,群益金鼎,2024-05-07,9100
2385,群光,438,26,412,群益金鼎,2024-05-07,9100
2301,光寶科,537,134,403,群益金鼎,2024-05-07,9100
2603,長榮,752,351,401,群益金鼎,2024-05-07,9100
2352,佳世達,477,81,396,群益金鼎,2024-05-07,9100
2347,聯強,422,45,377,群益金鼎,2024-05-07,9100
6143,振曜,390,15,375,群益金鼎,2024-05-07,9100
3702,大聯大,363,1,362,群益金鼎,2024-05-07,9100
6239,力成,373,13,360,群益金鼎,2024-05-07,9100
2379,瑞昱,378,19,359,群益金鼎,2024-05-07,9100
00673R,期元大S＆P原油反1,4580,0,4580,群益金鼎,2024-05-08,9100
2303,聯電,2496,452,2044,群益金鼎,2024-05-08,9100
00687B,國泰20年美債,1181,15,1166,群益金鼎,2024-05-08,9100
3711,日月光投控,1219,68,1151,群益金鼎,2024-05-08,9100
00650L,復華香港正2,1175,50,1125,群益金鼎,2024-05-08,9100
2317,鴻海,1256,298,958,群益金鼎,2024-05-08,9100
00902,中信電池及儲能,752,0,752,群益金鼎,2024-05-08,9100
00720B,元大投資級公司債,673,60,613,群益金鼎,2024-05-08,9100
2606,裕民,624,27,597,群益金鼎,2024-05-08,9100
00927,群益半導體收益,706,125,581,群益金鼎,2024-05-08,9100
00893,國泰智能電動車,552,70,482,群益金鼎,2024-05-08,9100
1815,富喬,452,21,431,群益金鼎,2024-05-08,9100
00648R,元大S＆P500反1,589,200,389,群益金鼎,2024-05-08,9100
3037,欣興,407,31,376,群益金鼎,2024-05-08,9100
2367,燿華,458,115,343,群益金鼎,2024-05-08,9100
1515,力山,292,3,289,群益金鼎,2024-05-08,9100
2330,台積電,304,26,278,群益金鼎,2024-05-08,9100
6143,振曜,275,4,271,群益金鼎,2024-05-08,9100
2605,新興,368,98,270,群益金鼎,2024-05-08,9100
2371,大同,591,322,269,群益金鼎,2024-05-08,9100
00945B,凱基美國非投等債,305,37,268,群益金鼎,2024-05-08,9100
2441,超豐,259,1,258,群益金鼎,2024-05-08,9100
2520,冠德,358,129,229,群益金鼎,2024-05-08,9100
00939,統一台灣高息動能,220,5,215,群益金鼎,2024-05-08,9100
00772B,中信高評級公司債,563,354,209,群益金鼎,2024-05-08,9100
00773B,中信優先金融債,201,0,201,群益金鼎,2024-05-08,9100
2204,中華,200,0,200,群益金鼎,2024-05-08,9100
2363,矽統,265,67,198,群益金鼎,2024-05-08,9100
00900,富邦特選高股息30,746,556,190,群益金鼎,2024-05-08,9100
00934,中信成長高股息,199,12,187,群益金鼎,2024-05-08,9100
2474,可成,196,13,183,群益金鼎,2024-05-08,9100
4979,華星光,214,36,178,群益金鼎,2024-05-08,9100
2379,瑞昱,195,20,175,群益金鼎,2024-05-08,9100
2615,萬海,245,82,163,群益金鼎,2024-05-08,9100
6239,力成,186,31,155,群益金鼎,2024-05-08,9100
00899,FT潔淨能源,143,0,143,群益金鼎,2024-05-08,9100
3042,晶技,147,8,139,群益金鼎,2024-05-08,9100
00657,國泰日經225,152,14,138,群益金鼎,2024-05-08,9100
00751B,元大AAA至A公司債,377,240,137,群益金鼎,2024-05-08,9100
2393,億光,164,27,137,群益金鼎,2024-05-08,9100
2454,聯發科,182,45,137,群益金鼎,2024-05-08,9100
6285,啟��,202,67,135,群益金鼎,2024-05-08,9100
2385,群光,142,11,131,群益金鼎,2024-05-08,9100
2404,漢唐,138,8,130,群益金鼎,2024-05-08,9100
00714,群益道瓊美國地產,174,50,124,群益金鼎,2024-05-08,9100
00903,富邦元宇宙,117,0,117,群益金鼎,2024-05-08,9100
9958,世紀鋼,189,85,104,群益金鼎,2024-05-08,9100
6449,鈺邦,111,9,102,群益金鼎,2024-05-08,9100
2603,長榮,364,269,95,群益金鼎,2024-05-08,9100
6269,台郡,124,32,92,群益金鼎,2024-05-08,9100
00946,群益科技高息成長,18285,7834,10451,群益金鼎,2024-05-09,9100
00882,中信中國高股息,4805,1,4804,群益金鼎,2024-05-09,9100
00902,中信電池及儲能,2580,0,2580,群益金鼎,2024-05-09,9100
00650L,復華香港正2,2775,543,2232,群益金鼎,2024-05-09,9100
00917,中信特選金融,903,5,898,群益金鼎,2024-05-09,9100
00665L,富邦�琤肭磪囓�2,882,0,882,群益金鼎,2024-05-09,9100
00637L,元大滬深300正2,894,116,778,群益金鼎,2024-05-09,9100
00673R,期元大S＆P原油反1,778,0,778,群益金鼎,2024-05-09,9100
3037,欣興,805,184,621,群益金鼎,2024-05-09,9100
8234,新漢,756,218,538,群益金鼎,2024-05-09,9100
00830,國泰費城半導體,530,5,525,群益金鼎,2024-05-09,9100
00715L,期街口布蘭特正2,522,0,522,群益金鼎,2024-05-09,9100
00900,富邦特選高股息30,530,34,496,群益金鼎,2024-05-09,9100
4909,新復興,505,62,443,群益金鼎,2024-05-09,9100
2317,鴻海,788,357,431,群益金鼎,2024-05-09,9100
2105,正新,400,4,396,群益金鼎,2024-05-09,9100
2330,台積電,377,25,352,群益金鼎,2024-05-09,9100
1815,富喬,392,62,330,群益金鼎,2024-05-09,9100
2489,瑞軒,330,8,322,群益金鼎,2024-05-09,9100
2610,華航,472,201,271,群益金鼎,2024-05-09,9100
00893,國泰智能電動車,1307,1061,246,群益金鼎,2024-05-09,9100
1446,宏和,246,12,234,群益金鼎,2024-05-09,9100
00934,中信成長高股息,513,290,223,群益金鼎,2024-05-09,9100
2376,技嘉,394,191,203,群益金鼎,2024-05-09,9100
00881,國泰台灣5G+,475,279,196,群益金鼎,2024-05-09,9100
00927,群益半導體收益,614,420,194,群益金鼎,2024-05-09,9100
3036,文曄,313,131,182,群益金鼎,2024-05-09,9100
00903,富邦元宇宙,182,0,182,群益金鼎,2024-05-09,9100
2605,新興,250,70,180,群益金鼎,2024-05-09,9100
2345,智邦,196,23,173,群益金鼎,2024-05-09,9100
2520,冠德,331,158,173,群益金鼎,2024-05-09,9100
00939,統一台灣高息動能,549,377,172,群益金鼎,2024-05-09,9100
00692,富邦公司治理,172,3,169,群益金鼎,2024-05-09,9100
00687B,國泰20年美債,925,763,162,群益金鼎,2024-05-09,9100
4938,和碩,168,21,147,群益金鼎,2024-05-09,9100
1584,精剛,147,0,147,群益金鼎,2024-05-09,9100
00897,富邦基因免疫生技,140,2,138,群益金鼎,2024-05-09,9100
9933,中鼎,146,9,137,群益金鼎,2024-05-09,9100
3090,日電貿,148,11,137,群益金鼎,2024-05-09,9100
2324,仁寶,136,8,128,群益金鼎,2024-05-09,9100
6147,頎邦,150,27,123,群益金鼎,2024-05-09,9100
2347,聯強,126,9,117,群益金鼎,2024-05-09,9100
00861,元大全球未來通訊,113,0,113,群益金鼎,2024-05-09,9100
00915,凱基優選高股息30,220,110,110,群益金鼎,2024-05-09,9100
6285,啟��,144,35,109,群益金鼎,2024-05-09,9100
2241,艾姆勒,104,0,104,群益金鼎,2024-05-09,9100
00896,中信綠能及電動車,103,1,102,群益金鼎,2024-05-09,9100
4961,天鈺,108,8,100,群益金鼎,2024-05-09,9100
2204,中華,113,14,99,群益金鼎,2024-05-09,9100
9914,美利達,100,1,99,群益金鼎,2024-05-09,9100
00882,中信中國高股息,13694,273,13421,群益金鼎,2024-05-10,9100
00720B,元大投資級公司債,3308,0,3308,群益金鼎,2024-05-10,9100
00940,元大台灣價值高息,3190,100,3090,群益金鼎,2024-05-10,9100
00673R,期元大S＆P原油反1,2664,0,2664,群益金鼎,2024-05-10,9100
2610,華航,2718,349,2369,群益金鼎,2024-05-10,9100
00772B,中信高評級公司債,3206,1142,2064,群益金鼎,2024-05-10,9100
3481,群創,1398,187,1211,群益金鼎,2024-05-10,9100
3037,欣興,1228,76,1152,群益金鼎,2024-05-10,9100
00715L,期街口布蘭特正2,1060,13,1047,群益金鼎,2024-05-10,9100
00939,統一台灣高息動能,3133,2093,1040,群益金鼎,2024-05-10,9100
2603,長榮,1408,557,851,群益金鼎,2024-05-10,9100
00751B,元大AAA至A公司債,789,0,789,群益金鼎,2024-05-10,9100
2609,陽明,1662,884,778,群益金鼎,2024-05-10,9100
2607,榮運,775,11,764,群益金鼎,2024-05-10,9100
00830,國泰費城半導體,704,0,704,群益金鼎,2024-05-10,9100
2882,國泰金,1181,503,678,群益金鼎,2024-05-10,9100
1102,亞泥,898,337,561,群益金鼎,2024-05-10,9100
00900,富邦特選高股息30,535,12,523,群益金鼎,2024-05-10,9100
00919,群益台灣精選高息,2832,2314,518,群益金鼎,2024-05-10,9100
6283,淳安,499,0,499,群益金鼎,2024-05-10,9100
3033,威健,526,69,457,群益金鼎,2024-05-10,9100
00902,中信電池及儲能,444,0,444,群益金鼎,2024-05-10,9100
2356,英業達,649,206,443,群益金鼎,2024-05-10,9100
00934,中信成長高股息,440,1,439,群益金鼎,2024-05-10,9100
00918,大華優利高填息30,396,0,396,群益金鼎,2024-05-10,9100
1604,聲寶,390,0,390,群益金鼎,2024-05-10,9100
00893,國泰智能電動車,386,5,381,群益金鼎,2024-05-10,9100
00773B,中信優先金融債,322,0,322,群益金鼎,2024-05-10,9100
00909,國泰數位支付服務,309,0,309,群益金鼎,2024-05-10,9100
00722B,群益投資級電信債,2231,1923,308,群益金鼎,2024-05-10,9100
3045,台灣大,306,4,302,群益金鼎,2024-05-10,9100
2606,裕民,520,230,290,群益金鼎,2024-05-10,9100
3260,威剛,354,70,284,群益金鼎,2024-05-10,9100
00927,群益半導體收益,373,99,274,群益金鼎,2024-05-10,9100
2641,正德,401,127,274,群益金鼎,2024-05-10,9100
1446,宏和,247,14,233,群益金鼎,2024-05-10,9100
00725B,國泰投資級公司債,201,0,201,群益金鼎,2024-05-10,9100
3006,晶豪科,265,67,198,群益金鼎,2024-05-10,9100
00714,群益道瓊美國地產,231,50,181,群益金鼎,2024-05-10,9100
2440,太空梭,170,0,170,群益金鼎,2024-05-10,9100
1216,統一,168,1,167,群益金鼎,2024-05-10,9100
2344,華邦電,331,164,167,群益金鼎,2024-05-10,9100
00631L,元大台灣50正2,174,18,156,群益金鼎,2024-05-10,9100
00923,群益台ESG低碳50,153,13,140,群益金鼎,2024-05-10,9100
00692,富邦公司治理,181,49,132,群益金鼎,2024-05-10,9100
3376,新日興,296,168,128,群益金鼎,2024-05-10,9100
2880,華南金,151,27,124,群益金鼎,2024-05-10,9100
00637L,元大滬深300正2,1206,1085,121,群益金鼎,2024-05-10,9100
9958,世紀鋼,247,128,119,群益金鼎,2024-05-10,9100
00764B,群益25年美債,2148,2033,115,群益金鼎,2024-05-10,9100
00673R,期元大S＆P原油反1,9390,0,9390,群益金鼎,2024-05-13,9100
00882,中信中國高股息,7039,1062,5977,群益金鼎,2024-05-13,9100
00941,中信上游半導體,3279,0,3279,群益金鼎,2024-05-13,9100
2374,佳能,1598,33,1565,群益金鼎,2024-05-13,9100
00830,國泰費城半導體,1093,176,917,群益金鼎,2024-05-13,9100
00900,富邦特選高股息30,773,7,766,群益金鼎,2024-05-13,9100
2002,中鋼,723,26,697,群益金鼎,2024-05-13,9100
1522,堤維西,629,36,593,群益金鼎,2024-05-13,9100
00893,國泰智能電動車,560,7,553,群益金鼎,2024-05-13,9100
2609,陽明,1736,1287,449,群益金鼎,2024-05-13,9100
2376,技嘉,472,26,446,群益金鼎,2024-05-13,9100
9945,潤泰新,467,44,423,群益金鼎,2024-05-13,9100
00902,中信電池及儲能,669,263,406,群益金鼎,2024-05-13,9100
00944,野村趨勢動能高息,656,339,317,群益金鼎,2024-05-13,9100
2605,新興,525,219,306,群益金鼎,2024-05-13,9100
2845,遠東銀,325,23,302,群益金鼎,2024-05-13,9100
2883,凱基金,309,8,301,群益金鼎,2024-05-13,9100
6213,聯茂,357,73,284,群益金鼎,2024-05-13,9100
2323,中環,262,2,260,群益金鼎,2024-05-13,9100
00923,群益台ESG低碳50,265,9,256,群益金鼎,2024-05-13,9100
1455,集盛,251,0,251,群益金鼎,2024-05-13,9100
2610,華航,873,657,216,群益金鼎,2024-05-13,9100
2890,永豐金,267,52,215,群益金鼎,2024-05-13,9100
1314,中石化,281,73,208,群益金鼎,2024-05-13,9100
00861,元大全球未來通訊,206,0,206,群益金鼎,2024-05-13,9100
6605,帝寶,232,32,200,群益金鼎,2024-05-13,9100
3005,神基,251,79,172,群益金鼎,2024-05-13,9100
00645,富邦日本,175,5,170,群益金鼎,2024-05-13,9100
3260,威剛,368,207,161,群益金鼎,2024-05-13,9100
8112,至上,251,94,157,群益金鼎,2024-05-13,9100
2383,台光電,180,28,152,群益金鼎,2024-05-13,9100
2308,台達電,199,48,151,群益金鼎,2024-05-13,9100
00945B,凱基美國非投等債,693,548,145,群益金鼎,2024-05-13,9100
3060,銘異,181,42,139,群益金鼎,2024-05-13,9100
00940,元大台灣價值高息,2012,1874,138,群益金鼎,2024-05-13,9100
2731,雄獅,145,14,131,群益金鼎,2024-05-13,9100
2347,聯強,135,5,130,群益金鼎,2024-05-13,9100
00657,國泰日經225,127,7,120,群益金鼎,2024-05-13,9100
2520,冠德,236,117,119,群益金鼎,2024-05-13,9100
2489,瑞軒,159,42,117,群益金鼎,2024-05-13,9100
6125,廣運,155,39,116,群益金鼎,2024-05-13,9100
2354,鴻準,153,37,116,群益金鼎,2024-05-13,9100
2367,燿華,415,302,113,群益金鼎,2024-05-13,9100
1504,東元,116,4,112,群益金鼎,2024-05-13,9100
3512,皇龍,106,0,106,群益金鼎,2024-05-13,9100
1446,宏和,109,4,105,群益金鼎,2024-05-13,9100
3605,宏致,109,4,105,群益金鼎,2024-05-13,9100
00753L,中信中國50正2,105,0,105,群益金鼎,2024-05-13,9100
3234,光環,113,11,102,群益金鼎,2024-05-13,9100
2884,玉山金,160,59,101,群益金鼎,2024-05-13,9100
00940,元大台灣價值高息,19550,915,18635,群益金鼎,2024-05-14,9100
2891,中信金,14584,345,14239,群益金鼎,2024-05-14,9100
2367,燿華,7235,385,6850,群益金鼎,2024-05-14,9100
00919,群益台灣精選高息,6208,2136,4072,群益金鼎,2024-05-14,9100
00882,中信中國高股息,4178,1304,2874,群益金鼎,2024-05-14,9100
2002,中鋼,2840,15,2825,群益金鼎,2024-05-14,9100
00893,國泰智能電動車,2969,501,2468,群益金鼎,2024-05-14,9100
00900,富邦特選高股息30,2384,5,2379,群益金鼎,2024-05-14,9100
00830,國泰費城半導體,2604,393,2211,群益金鼎,2024-05-14,9100
00664R,國泰臺灣加權反1,2099,0,2099,群益金鼎,2024-05-14,9100
00939,統一台灣高息動能,2293,1240,1053,群益金鼎,2024-05-14,9100
00715L,期街口布蘭特正2,1014,5,1009,群益金鼎,2024-05-14,9100
00895,富邦未來車,906,1,905,群益金鼎,2024-05-14,9100
2356,英業達,823,86,737,群益金鼎,2024-05-14,9100
2603,長榮,1356,659,697,群益金鼎,2024-05-14,9100
2211,長榮鋼,694,2,692,群益金鼎,2024-05-14,9100
3706,神達,689,162,527,群益金鼎,2024-05-14,9100
00897,富邦基因免疫生技,500,0,500,群益金鼎,2024-05-14,9100
00752,中信中國50,571,74,497,群益金鼎,2024-05-14,9100
6125,廣運,568,114,454,群益金鼎,2024-05-14,9100
2382,廣達,485,49,436,群益金鼎,2024-05-14,9100
2454,聯發科,428,25,403,群益金鼎,2024-05-14,9100
2897,王道銀行,431,70,361,群益金鼎,2024-05-14,9100
2605,新興,586,261,325,群益金鼎,2024-05-14,9100
00881,國泰台灣5G+,358,34,324,群益金鼎,2024-05-14,9100
00861,元大全球未來通訊,322,0,322,群益金鼎,2024-05-14,9100
00892,富邦台灣半導體,267,12,255,群益金鼎,2024-05-14,9100
1455,集盛,239,0,239,群益金鼎,2024-05-14,9100
00650L,復華香港正2,633,401,232,群益金鼎,2024-05-14,9100
00645,富邦日本,215,0,215,群益金鼎,2024-05-14,9100
9958,世紀鋼,321,109,212,群益金鼎,2024-05-14,9100
00907,永豐優息存股,876,667,209,群益金鼎,2024-05-14,9100
00903,富邦元宇宙,207,0,207,群益金鼎,2024-05-14,9100
00753L,中信中國50正2,205,0,205,群益金鼎,2024-05-14,9100
00923,群益台ESG低碳50,269,64,205,群益金鼎,2024-05-14,9100
00688L,國泰20年美債正2,200,0,200,群益金鼎,2024-05-14,9100
2412,中華電,449,260,189,群益金鼎,2024-05-14,9100
00885,富邦越南,201,21,180,群益金鼎,2024-05-14,9100
6770,力積電,245,82,163,群益金鼎,2024-05-14,9100
3324,雙鴻,203,40,163,群益金鼎,2024-05-14,9100
2371,大同,582,424,158,群益金鼎,2024-05-14,9100
1815,富喬,237,81,156,群益金鼎,2024-05-14,9100
00877,復華中國5G,200,50,150,群益金鼎,2024-05-14,9100
9933,中鼎,168,22,146,群益金鼎,2024-05-14,9100
8046,南電,175,30,145,群益金鼎,2024-05-14,9100
3376,新日興,181,38,143,群益金鼎,2024-05-14,9100
4958,臻鼎-KY,171,30,141,群益金鼎,2024-05-14,9100
00902,中信電池及儲能,154,16,138,群益金鼎,2024-05-14,9100
3230,錦明,138,0,138,群益金鼎,2024-05-14,9100
00757,統一FANG+,455,320,135,群益金鼎,2024-05-14,9100
00664R,國泰臺灣加權反1,11667,15,11652,群益金鼎,2024-05-15,9100
00772B,中信高評級公司債,3949,10,3939,群益金鼎,2024-05-15,9100
00940,元大台灣價值高息,4108,408,3700,群益金鼎,2024-05-15,9100
2881,富邦金,3246,373,2873,群益金鼎,2024-05-15,9100
00720B,元大投資級公司債,2733,0,2733,群益金鼎,2024-05-15,9100
00687B,國泰20年美債,2676,0,2676,群益金鼎,2024-05-15,9100
00637L,元大滬深300正2,2691,426,2265,群益金鼎,2024-05-15,9100
2374,佳能,2197,35,2162,群益金鼎,2024-05-15,9100
00680L,元大美債20正2,2000,1,1999,群益金鼎,2024-05-15,9100
5392,能率,2015,22,1993,群益金鼎,2024-05-15,9100
2882,國泰金,1746,683,1063,群益金鼎,2024-05-15,9100
00902,中信電池及儲能,1059,0,1059,群益金鼎,2024-05-15,9100
2331,精英,5301,4319,982,群益金鼎,2024-05-15,9100
00688L,國泰20年美債正2,882,0,882,群益金鼎,2024-05-15,9100
00648R,元大S＆P500反1,721,0,721,群益金鼎,2024-05-15,9100
2891,中信金,2010,1313,697,群益金鼎,2024-05-15,9100
00900,富邦特選高股息30,704,46,658,群益金鼎,2024-05-15,9100
6770,力積電,702,67,635,群益金鼎,2024-05-15,9100
00722B,群益投資級電信債,2033,1400,633,群益金鼎,2024-05-15,9100
2603,長榮,1034,412,622,群益金鼎,2024-05-15,9100
00903,富邦元宇宙,584,0,584,群益金鼎,2024-05-15,9100
00636,國泰中國A50,1167,630,537,群益金鼎,2024-05-15,9100
00893,國泰智能電動車,1527,1001,526,群益金鼎,2024-05-15,9100
00751B,元大AAA至A公司債,514,0,514,群益金鼎,2024-05-15,9100
00897,富邦基因免疫生技,500,0,500,群益金鼎,2024-05-15,9100
3030,德律,500,7,493,群益金鼎,2024-05-15,9100
00679B,元大美債20年,1417,956,461,群益金鼎,2024-05-15,9100
00935,野村臺灣新科技50,726,272,454,群益金鼎,2024-05-15,9100
00773B,中信優先金融債,448,0,448,群益金鼎,2024-05-15,9100
00712,復華富時不動產,493,49,444,群益金鼎,2024-05-15,9100
2382,廣達,517,100,417,群益金鼎,2024-05-15,9100
00725B,國泰投資級公司債,445,47,398,群益金鼎,2024-05-15,9100
2371,大同,753,360,393,群益金鼎,2024-05-15,9100
00795B,中信美國公債20年,389,0,389,群益金鼎,2024-05-15,9100
2409,友達,547,162,385,群益金鼎,2024-05-15,9100
6605,帝寶,404,20,384,群益金鼎,2024-05-15,9100
00715L,期街口布蘭特正2,471,121,350,群益金鼎,2024-05-15,9100
2330,台積電,371,24,347,群益金鼎,2024-05-15,9100
00633L,富邦上証正2,383,65,318,群益金鼎,2024-05-15,9100
00888,永豐台灣ESG,306,1,305,群益金鼎,2024-05-15,9100
2105,正新,265,2,263,群益金鼎,2024-05-15,9100
006208,富邦台50,259,3,256,群益金鼎,2024-05-15,9100
4549,桓達,249,0,249,群益金鼎,2024-05-15,9100
2886,兆豐金,409,166,243,群益金鼎,2024-05-15,9100
00692,富邦公司治理,399,163,236,群益金鼎,2024-05-15,9100
00907,永豐優息存股,221,0,221,群益金鼎,2024-05-15,9100
00895,富邦未來車,218,1,217,群益金鼎,2024-05-15,9100
00922,國泰台灣領袖50,209,2,207,群益金鼎,2024-05-15,9100
00764B,群益25年美債,2479,2275,204,群益金鼎,2024-05-15,9100
00926,凱基全球菁英55,200,0,200,群益金鼎,2024-05-15,9100
00882,中信中國高股息,13581,653,12928,群益金鼎,2024-05-16,9100
00940,元大台灣價值高息,6222,27,6195,群益金鼎,2024-05-16,9100
00679B,元大美債20年,4910,5,4905,群益金鼎,2024-05-16,9100
00937B,群益ESG投等債20,9334,4448,4886,群益金鼎,2024-05-16,9100
00687B,國泰20年美債,4802,27,4775,群益金鼎,2024-05-16,9100
00941,中信上游半導體,4494,64,4430,群益金鼎,2024-05-16,9100
00919,群益台灣精選高息,4380,1455,2925,群益金鼎,2024-05-16,9100
00900,富邦特選高股息30,2819,11,2808,群益金鼎,2024-05-16,9100
00664R,國泰臺灣加權反1,2742,0,2742,群益金鼎,2024-05-16,9100
00902,中信電池及儲能,2697,1,2696,群益金鼎,2024-05-16,9100
00795B,中信美國公債20年,2127,0,2127,群益金鼎,2024-05-16,9100
00720B,元大投資級公司債,2051,2,2049,群益金鼎,2024-05-16,9100
1587,吉茂,1448,14,1434,群益金鼎,2024-05-16,9100
2367,燿華,1667,317,1350,群益金鼎,2024-05-16,9100
00764B,群益25年美債,4527,3276,1251,群益金鼎,2024-05-16,9100
2610,華航,1268,73,1195,群益金鼎,2024-05-16,9100
00830,國泰費城半導體,1318,261,1057,群益金鼎,2024-05-16,9100
2618,長榮航,1131,86,1045,群益金鼎,2024-05-16,9100
00751B,元大AAA至A公司債,991,38,953,群益金鼎,2024-05-16,9100
00738U,期元大道瓊白銀,907,0,907,群益金鼎,2024-05-16,9100
00895,富邦未來車,835,1,834,群益金鼎,2024-05-16,9100
00665L,富邦�琤肭磪囓�2,2560,1741,819,群益金鼎,2024-05-16,9100
00772B,中信高評級公司債,801,13,788,群益金鼎,2024-05-16,9100
00876,元大全球5G,865,106,759,群益金鼎,2024-05-16,9100
8071,能率網通,834,168,666,群益金鼎,2024-05-16,9100
00773B,中信優先金融債,635,0,635,群益金鼎,2024-05-16,9100
00939,統一台灣高息動能,741,225,516,群益金鼎,2024-05-16,9100
00903,富邦元宇宙,506,1,505,群益金鼎,2024-05-16,9100
2743,山富,484,3,481,群益金鼎,2024-05-16,9100
00725B,國泰投資級公司債,478,1,477,群益金鼎,2024-05-16,9100
00917,中信特選金融,460,0,460,群益金鼎,2024-05-16,9100
1455,集盛,460,2,458,群益金鼎,2024-05-16,9100
00918,大華優利高填息30,659,248,411,群益金鼎,2024-05-16,9100
2374,佳能,2523,2124,399,群益金鼎,2024-05-16,9100
00892,富邦台灣半導體,471,79,392,群益金鼎,2024-05-16,9100
00686R,群益臺灣加權反1,499,117,382,群益金鼎,2024-05-16,9100
2745,五福,380,0,380,群益金鼎,2024-05-16,9100
00923,群益台ESG低碳50,676,300,376,群益金鼎,2024-05-16,9100
2412,中華電,516,151,365,群益金鼎,2024-05-16,9100
2609,陽明,894,537,357,群益金鼎,2024-05-16,9100
2520,冠德,358,11,347,群益金鼎,2024-05-16,9100
2886,兆豐金,324,1,323,群益金鼎,2024-05-16,9100
2540,愛山林,305,5,300,群益金鼎,2024-05-16,9100
00897,富邦基因免疫生技,261,0,261,群益金鼎,2024-05-16,9100
2392,正崴,255,0,255,群益金鼎,2024-05-16,9100
00708L,期元大S＆P黃金正2,258,3,255,群益金鼎,2024-05-16,9100
00909,國泰數位支付服務,248,1,247,群益金鼎,2024-05-16,9100
3450,聯鈞,309,74,235,群益金鼎,2024-05-16,9100
00722B,群益投資級電信債,1553,1325,228,群益金鼎,2024-05-16,9100
2641,正德,220,4,216,群益金鼎,2024-05-16,9100
00940,元大台灣價值高息,9136,13,9123,群益金鼎,2024-05-17,9100
00900,富邦特選高股息30,7260,12,7248,群益金鼎,2024-05-17,9100
00882,中信中國高股息,6797,2005,4792,群益金鼎,2024-05-17,9100
00939,統一台灣高息動能,3219,431,2788,群益金鼎,2024-05-17,9100
00941,中信上游半導體,1409,393,1016,群益金鼎,2024-05-17,9100
00715L,期街口布蘭特正2,946,0,946,群益金鼎,2024-05-17,9100
2610,華航,1725,821,904,群益金鼎,2024-05-17,9100
00893,國泰智能電動車,791,22,769,群益金鼎,2024-05-17,9100
00946,群益科技高息成長,1458,689,769,群益金鼎,2024-05-17,9100
00650L,復華香港正2,835,190,645,群益金鼎,2024-05-17,9100
3036,文曄,634,14,620,群益金鼎,2024-05-17,9100
00936,台新永續高息中小,519,0,519,群益金鼎,2024-05-17,9100
00903,富邦元宇宙,482,0,482,群益金鼎,2024-05-17,9100
00923,群益台ESG低碳50,532,53,479,群益金鼎,2024-05-17,9100
00916,國泰全球品牌50,457,0,457,群益金鼎,2024-05-17,9100
00671R,富邦NASDAQ反1,451,0,451,群益金鼎,2024-05-17,9100
00895,富邦未來車,424,0,424,群益金鼎,2024-05-17,9100
00881,國泰台灣5G+,415,0,415,群益金鼎,2024-05-17,9100
00934,中信成長高股息,1291,893,398,群益金鼎,2024-05-17,9100
00662,富邦NASDAQ,403,49,354,群益金鼎,2024-05-17,9100
2392,正崴,371,19,352,群益金鼎,2024-05-17,9100
2376,技嘉,641,294,347,群益金鼎,2024-05-17,9100
00762,元大全球AI,334,0,334,群益金鼎,2024-05-17,9100
2206,三陽工業,342,8,334,群益金鼎,2024-05-17,9100
2603,長榮,692,372,320,群益金鼎,2024-05-17,9100
9958,世紀鋼,390,90,300,群益金鼎,2024-05-17,9100
00918,大華優利高填息30,291,0,291,群益金鼎,2024-05-17,9100
2618,長榮航,364,76,288,群益金鼎,2024-05-17,9100
00927,群益半導體收益,487,213,274,群益金鼎,2024-05-17,9100
00897,富邦基因免疫生技,249,0,249,群益金鼎,2024-05-17,9100
8358,金居,279,33,246,群益金鼎,2024-05-17,9100
2408,南亞科,311,89,222,群益金鼎,2024-05-17,9100
5388,中磊,257,48,209,群益金鼎,2024-05-17,9100
2331,精英,256,70,186,群益金鼎,2024-05-17,9100
00670L,富邦NASDAQ正2,208,26,182,群益金鼎,2024-05-17,9100
8044,網家,175,3,172,群益金鼎,2024-05-17,9100
2105,正新,180,12,168,群益金鼎,2024-05-17,9100
2383,台光電,190,24,166,群益金鼎,2024-05-17,9100
00922,國泰台灣領袖50,156,0,156,群益金鼎,2024-05-17,9100
6257,矽格,214,64,150,群益金鼎,2024-05-17,9100
00885,富邦越南,150,0,150,群益金鼎,2024-05-17,9100
2352,佳世達,212,63,149,群益金鼎,2024-05-17,9100
2897,王道銀行,207,60,147,群益金鼎,2024-05-17,9100
00924,復華S＆P500成長,143,0,143,群益金鼎,2024-05-17,9100
8028,昇陽半導體,161,21,140,群益金鼎,2024-05-17,9100
3686,達能,135,0,135,群益金鼎,2024-05-17,9100
2449,京元電子,247,117,130,群益金鼎,2024-05-17,9100
6278,台表科,139,13,126,群益金鼎,2024-05-17,9100
6213,聯茂,151,25,126,群益金鼎,2024-05-17,9100
00633L,富邦上証正2,173,50,123,群益金鼎,2024-05-17,9100
00940,元大台灣價值高息,10722,1522,9200,群益金鼎,2024-05-20,9100
00882,中信中國高股息,6189,1808,4381,群益金鼎,2024-05-20,9100
00939,統一台灣高息動能,3654,646,3008,群益金鼎,2024-05-20,9100
00900,富邦特選高股息30,2767,0,2767,群益金鼎,2024-05-20,9100
00941,中信上游半導體,2177,0,2177,群益金鼎,2024-05-20,9100
00715L,期街口布蘭特正2,1398,0,1398,群益金鼎,2024-05-20,9100
4533,協易機,1358,127,1231,群益金鼎,2024-05-20,9100
00934,中信成長高股息,1055,4,1051,群益金鼎,2024-05-20,9100
5534,長虹,977,41,936,群益金鼎,2024-05-20,9100
3711,日月光投控,1047,262,785,群益金鼎,2024-05-20,9100
3376,新日興,830,125,705,群益金鼎,2024-05-20,9100
6278,台表科,824,141,683,群益金鼎,2024-05-20,9100
2367,燿華,1183,560,623,群益金鼎,2024-05-20,9100
2891,中信金,657,50,607,群益金鼎,2024-05-20,9100
00892,富邦台灣半導體,695,98,597,群益金鼎,2024-05-20,9100
00893,國泰智能電動車,643,51,592,群益金鼎,2024-05-20,9100
1605,華新,675,123,552,群益金鼎,2024-05-20,9100
2352,佳世達,684,167,517,群益金鼎,2024-05-20,9100
2374,佳能,629,140,489,群益金鼎,2024-05-20,9100
00909,國泰數位支付服務,474,0,474,群益金鼎,2024-05-20,9100
00637L,元大滬深300正2,457,5,452,群益金鼎,2024-05-20,9100
00903,富邦元宇宙,448,0,448,群益金鼎,2024-05-20,9100
00946,群益科技高息成長,2020,1597,423,群益金鼎,2024-05-20,9100
2371,大同,530,110,420,群益金鼎,2024-05-20,9100
2540,愛山林,460,45,415,群益金鼎,2024-05-20,9100
00881,國泰台灣5G+,409,4,405,群益金鼎,2024-05-20,9100
00902,中信電池及儲能,396,0,396,群益金鼎,2024-05-20,9100
00876,元大全球5G,530,146,384,群益金鼎,2024-05-20,9100
2007,燁興,374,1,373,群益金鼎,2024-05-20,9100
8070,長華*,439,66,373,群益金鼎,2024-05-20,9100
2392,正崴,405,61,344,群益金鼎,2024-05-20,9100
00907,永豐優息存股,446,114,332,群益金鼎,2024-05-20,9100
2002,中鋼,375,52,323,群益金鼎,2024-05-20,9100
00944,野村趨勢動能高息,608,315,293,群益金鼎,2024-05-20,9100
2301,光寶科,397,117,280,群益金鼎,2024-05-20,9100
6125,廣運,411,142,269,群益金鼎,2024-05-20,9100
3450,聯鈞,301,49,252,群益金鼎,2024-05-20,9100
00687B,國泰20年美債,250,5,245,群益金鼎,2024-05-20,9100
2354,鴻準,259,33,226,群益金鼎,2024-05-20,9100
4938,和碩,249,24,225,群益金鼎,2024-05-20,9100
8358,金居,265,46,219,群益金鼎,2024-05-20,9100
8050,廣積,209,3,206,群益金鼎,2024-05-20,9100
2014,中鴻,221,19,202,群益金鼎,2024-05-20,9100
00861,元大全球未來通訊,201,0,201,群益金鼎,2024-05-20,9100
4904,遠傳,212,14,198,群益金鼎,2024-05-20,9100
00918,大華優利高填息30,573,380,193,群益金鼎,2024-05-20,9100
2027,大成鋼,327,134,193,群益金鼎,2024-05-20,9100
6805,富世達,218,26,192,群益金鼎,2024-05-20,9100
2809,京城銀,202,12,190,群益金鼎,2024-05-20,9100
00643,群益深証中小,218,62,156,群益金鼎,2024-05-20,9100
2891,中信金,22464,428,22036,群益金鼎,2024-05-21,9100
2303,聯電,17178,177,17001,群益金鼎,2024-05-21,9100
00882,中信中國高股息,9020,1901,7119,群益金鼎,2024-05-21,9100
00632R,元大台灣50反1,5519,152,5367,群益金鼎,2024-05-21,9100
2009,第一銅,3051,11,3040,群益金鼎,2024-05-21,9100
00673R,期元大S＆P原油反1,2848,0,2848,群益金鼎,2024-05-21,9100
00946,群益科技高息成長,3350,1135,2215,群益金鼎,2024-05-21,9100
4533,協易機,3862,2224,1638,群益金鼎,2024-05-21,9100
00919,群益台灣精選高息,3057,1442,1615,群益金鼎,2024-05-21,9100
00893,國泰智能電動車,1988,401,1587,群益金鼎,2024-05-21,9100
00941,中信上游半導體,1588,8,1580,群益金鼎,2024-05-21,9100
00939,統一台灣高息動能,1525,23,1502,群益金鼎,2024-05-21,9100
2354,鴻準,1613,159,1454,群益金鼎,2024-05-21,9100
1815,富喬,1296,70,1226,群益金鼎,2024-05-21,9100
2367,燿華,1472,419,1053,群益金鼎,2024-05-21,9100
6117,迎廣,1002,26,976,群益金鼎,2024-05-21,9100
00935,野村臺灣新科技50,1002,76,926,群益金鼎,2024-05-21,9100
3013,晟銘電,1575,661,914,群益金鼎,2024-05-21,9100
00909,國泰數位支付服務,1616,703,913,群益金鼎,2024-05-21,9100
00900,富邦特選高股息30,920,9,911,群益金鼎,2024-05-21,9100
00830,國泰費城半導體,948,159,789,群益金鼎,2024-05-21,9100
00881,國泰台灣5G+,728,1,727,群益金鼎,2024-05-21,9100
1722,台肥,671,21,650,群益金鼎,2024-05-21,9100
00917,中信特選金融,590,0,590,群益金鼎,2024-05-21,9100
00940,元大台灣價值高息,1277,730,547,群益金鼎,2024-05-21,9100
1402,遠東新,556,48,508,群益金鼎,2024-05-21,9100
4543,萬在,515,16,499,群益金鼎,2024-05-21,9100
4904,遠傳,501,12,489,群益金鼎,2024-05-21,9100
00942B,台新美A公司債20+,472,0,472,群益金鼎,2024-05-21,9100
00637L,元大滬深300正2,527,100,427,群益金鼎,2024-05-21,9100
5230,雷笛克光學,516,128,388,群益金鼎,2024-05-21,9100
00687B,國泰20年美債,1021,667,354,群益金鼎,2024-05-21,9100
00902,中信電池及儲能,312,0,312,群益金鼎,2024-05-21,9100
00757,統一FANG+,600,294,306,群益金鼎,2024-05-21,9100
3706,神達,335,59,276,群益金鼎,2024-05-21,9100
5871,中租-KY,266,15,251,群益金鼎,2024-05-21,9100
00927,群益半導體收益,330,91,239,群益金鼎,2024-05-21,9100
00892,富邦台灣半導體,243,6,237,群益金鼎,2024-05-21,9100
0050,元大台灣50,234,1,233,群益金鼎,2024-05-21,9100
8110,華東,239,11,228,群益金鼎,2024-05-21,9100
00895,富邦未來車,228,1,227,群益金鼎,2024-05-21,9100
00903,富邦元宇宙,227,0,227,群益金鼎,2024-05-21,9100
00643,群益深証中小,275,52,223,群益金鼎,2024-05-21,9100
00633L,富邦上証正2,206,0,206,群益金鼎,2024-05-21,9100
2486,一詮,273,67,206,群益金鼎,2024-05-21,9100
00945B,凱基美國非投等債,420,214,206,群益金鼎,2024-05-21,9100
00661,元大日經225,200,1,199,群益金鼎,2024-05-21,9100
00669R,國泰美國道瓊反1,256,63,193,群益金鼎,2024-05-21,9100
4958,臻鼎-KY,236,58,178,群益金鼎,2024-05-21,9100
3034,聯詠,198,24,174,群益金鼎,2024-05-21,9100
00673R,期元大S＆P原油反1,5066,0,5066,群益金鼎,2024-05-22,9100
3481,群創,5385,428,4957,群益金鼎,2024-05-22,9100
00882,中信中國高股息,4647,0,4647,群益金鼎,2024-05-22,9100
00919,群益台灣精選高息,5458,1630,3828,群益金鼎,2024-05-22,9100
2365,昆盈,3897,95,3802,群益金鼎,2024-05-22,9100
00940,元大台灣價值高息,3314,275,3039,群益金鼎,2024-05-22,9100
5371,中光電,1940,242,1698,群益金鼎,2024-05-22,9100
1722,台肥,1324,10,1314,群益金鼎,2024-05-22,9100
2324,仁寶,1682,408,1274,群益金鼎,2024-05-22,9100
00929,復華台灣科技優息,2228,976,1252,群益金鼎,2024-05-22,9100
3363,上詮,1170,8,1162,群益金鼎,2024-05-22,9100
00939,統一台灣高息動能,1309,231,1078,群益金鼎,2024-05-22,9100
00637L,元大滬深300正2,1051,3,1048,群益金鼎,2024-05-22,9100
00941,中信上游半導體,875,41,834,群益金鼎,2024-05-22,9100
2392,正崴,1042,227,815,群益金鼎,2024-05-22,9100
00902,中信電池及儲能,740,0,740,群益金鼎,2024-05-22,9100
00934,中信成長高股息,683,0,683,群益金鼎,2024-05-22,9100
00878,國泰永續高股息,701,35,666,群益金鼎,2024-05-22,9100
00646,元大S＆P500,900,265,635,群益金鼎,2024-05-22,9100
8040,九暘,631,0,631,群益金鼎,2024-05-22,9100
00891,中信關鍵半導體,469,0,469,群益金鼎,2024-05-22,9100
00665L,富邦�琤肭磪囓�2,493,40,453,群益金鼎,2024-05-22,9100
00895,富邦未來車,469,41,428,群益金鼎,2024-05-22,9100
1815,富喬,872,523,349,群益金鼎,2024-05-22,9100
00927,群益半導體收益,812,478,334,群益金鼎,2024-05-22,9100
00631L,元大台灣50正2,313,0,313,群益金鼎,2024-05-22,9100
00724B,群益投資級金融債,2807,2504,303,群益金鼎,2024-05-22,9100
00876,元大全球5G,284,1,283,群益金鼎,2024-05-22,9100
00888,永豐台灣ESG,264,0,264,群益金鼎,2024-05-22,9100
2303,聯電,491,242,249,群益金鼎,2024-05-22,9100
00926,凱基全球菁英55,244,0,244,群益金鼎,2024-05-22,9100
1101,台泥,344,112,232,群益金鼎,2024-05-22,9100
6117,迎廣,1267,1035,232,群益金鼎,2024-05-22,9100
2353,宏��,565,339,226,群益金鼎,2024-05-22,9100
00881,國泰台灣5G+,220,0,220,群益金鼎,2024-05-22,9100
6190,萬泰科,262,44,218,群益金鼎,2024-05-22,9100
00903,富邦元宇宙,215,0,215,群益金鼎,2024-05-22,9100
00935,野村臺灣新科技50,332,118,214,群益金鼎,2024-05-22,9100
00900,富邦特選高股息30,198,10,188,群益金鼎,2024-05-22,9100
2347,聯強,205,31,174,群益金鼎,2024-05-22,9100
00928,中信上櫃ESG30,172,0,172,群益金鼎,2024-05-22,9100
2495,普安,176,9,167,群益金鼎,2024-05-22,9100
9958,世紀鋼,382,218,164,群益金鼎,2024-05-22,9100
6770,力積電,282,118,164,群益金鼎,2024-05-22,9100
00643,群益深証中小,270,118,152,群益金鼎,2024-05-22,9100
00725B,國泰投資級公司債,152,0,152,群益金鼎,2024-05-22,9100
00651R,復華香港反1,150,0,150,群益金鼎,2024-05-22,9100
9933,中鼎,146,2,144,群益金鼎,2024-05-22,9100
00922,國泰台灣領袖50,239,100,139,群益金鼎,2024-05-22,9100
00915,凱基優選高股息30,250,113,137,群益金鼎,2024-05-22,9100
00673R,期元大S＆P原油反1,5562,0,5562,群益金鼎,2024-05-23,9100
00893,國泰智能電動車,3950,12,3938,群益金鼎,2024-05-23,9100
00882,中信中國高股息,4154,636,3518,群益金鼎,2024-05-23,9100
00927,群益半導體收益,3435,4,3431,群益金鼎,2024-05-23,9100
00940,元大台灣價值高息,3359,897,2462,群益金鼎,2024-05-23,9100
2392,正崴,2149,187,1962,群益金鼎,2024-05-23,9100
00941,中信上游半導體,1725,5,1720,群益金鼎,2024-05-23,9100
00939,統一台灣高息動能,1987,357,1630,群益金鼎,2024-05-23,9100
2412,中華電,1500,2,1498,群益金鼎,2024-05-23,9100
00891,中信關鍵半導體,1058,6,1052,群益金鼎,2024-05-23,9100
2365,昆盈,2658,1611,1047,群益金鼎,2024-05-23,9100
00881,國泰台灣5G+,1015,0,1015,群益金鼎,2024-05-23,9100
00885,富邦越南,965,0,965,群益金鼎,2024-05-23,9100
2354,鴻準,1298,364,934,群益金鼎,2024-05-23,9100
2486,一詮,893,9,884,群益金鼎,2024-05-23,9100
00902,中信電池及儲能,866,0,866,群益金鼎,2024-05-23,9100
2377,微星,914,51,863,群益金鼎,2024-05-23,9100
1722,台肥,808,15,793,群益金鼎,2024-05-23,9100
2367,燿華,850,136,714,群益金鼎,2024-05-23,9100
00757,統一FANG+,1065,392,673,群益金鼎,2024-05-23,9100
2301,光寶科,862,247,615,群益金鼎,2024-05-23,9100
00688L,國泰20年美債正2,604,0,604,群益金鼎,2024-05-23,9100
2540,愛山林,473,16,457,群益金鼎,2024-05-23,9100
00795B,中信美國公債20年,440,3,437,群益金鼎,2024-05-23,9100
00646,元大S＆P500,492,100,392,群益金鼎,2024-05-23,9100
00637L,元大滬深300正2,403,41,362,群益金鼎,2024-05-23,9100
00894,中信小資高價30,359,0,359,群益金鼎,2024-05-23,9100
00897,富邦基因免疫生技,342,0,342,群益金鼎,2024-05-23,9100
8081,致新,333,5,328,群益金鼎,2024-05-23,9100
2353,宏��,1331,1007,324,群益金鼎,2024-05-23,9100
6125,廣運,418,127,291,群益金鼎,2024-05-23,9100
9958,世紀鋼,320,92,228,群益金鼎,2024-05-23,9100
2449,京元電子,353,129,224,群益金鼎,2024-05-23,9100
00922,國泰台灣領袖50,293,72,221,群益金鼎,2024-05-23,9100
2330,台積電,330,123,207,群益金鼎,2024-05-23,9100
3596,智易,199,9,190,群益金鼎,2024-05-23,9100
2313,華通,421,234,187,群益金鼎,2024-05-23,9100
3037,欣興,267,85,182,群益金鼎,2024-05-23,9100
00636,國泰中國A50,202,38,164,群益金鼎,2024-05-23,9100
6234,高僑,162,6,156,群益金鼎,2024-05-23,9100
9933,中鼎,183,35,148,群益金鼎,2024-05-23,9100
4979,華星光,192,49,143,群益金鼎,2024-05-23,9100
3260,威剛,249,108,141,群益金鼎,2024-05-23,9100
00899,FT潔淨能源,195,57,138,群益金鼎,2024-05-23,9100
00662,富邦NASDAQ,293,161,132,群益金鼎,2024-05-23,9100
3711,日月光投控,163,33,130,群益金鼎,2024-05-23,9100
3090,日電貿,147,19,128,群益金鼎,2024-05-23,9100
1303,南亞,147,20,127,群益金鼎,2024-05-23,9100
1736,喬山,126,4,122,群益金鼎,2024-05-23,9100
00917,中信特選金融,353,231,122,群益金鼎,2024-05-23,9100
3047,訊舟,3289,30,3259,群益金鼎,2024-05-24,9100
00673R,期元大S＆P原油反1,2548,0,2548,群益金鼎,2024-05-24,9100
00940,元大台灣價值高息,2430,36,2394,群益金鼎,2024-05-24,9100
00939,統一台灣高息動能,1943,5,1938,群益金鼎,2024-05-24,9100
00830,國泰費城半導體,2044,383,1661,群益金鼎,2024-05-24,9100
00900,富邦特選高股息30,1419,11,1408,群益金鼎,2024-05-24,9100
00919,群益台灣精選高息,2715,1409,1306,群益金鼎,2024-05-24,9100
00946,群益科技高息成長,3547,2333,1214,群益金鼎,2024-05-24,9100
3450,聯鈞,1164,14,1150,群益金鼎,2024-05-24,9100
2412,中華電,1200,80,1120,群益金鼎,2024-05-24,9100
00945B,凱基美國非投等債,1782,664,1118,群益金鼎,2024-05-24,9100
2301,光寶科,1320,237,1083,群益金鼎,2024-05-24,9100
1216,統一,1000,74,926,群益金鼎,2024-05-24,9100
00893,國泰智能電動車,1000,160,840,群益金鼎,2024-05-24,9100
00941,中信上游半導體,821,3,818,群益金鼎,2024-05-24,9100
00637L,元大滬深300正2,759,2,757,群益金鼎,2024-05-24,9100
3466,德晉,751,73,678,群益金鼎,2024-05-24,9100
1722,台肥,606,20,586,群益金鼎,2024-05-24,9100
6235,華孚,566,2,564,群益金鼎,2024-05-24,9100
1303,南亞,565,14,551,群益金鼎,2024-05-24,9100
00757,統一FANG+,549,0,549,群益金鼎,2024-05-24,9100
3006,晶豪科,564,20,544,群益金鼎,2024-05-24,9100
2353,宏��,1283,753,530,群益金鼎,2024-05-24,9100
2610,華航,598,69,529,群益金鼎,2024-05-24,9100
00929,復華台灣科技優息,1153,629,524,群益金鼎,2024-05-24,9100
00934,中信成長高股息,504,0,504,群益金鼎,2024-05-24,9100
00662,富邦NASDAQ,555,105,450,群益金鼎,2024-05-24,9100
3234,光環,479,30,449,群益金鼎,2024-05-24,9100
00646,元大S＆P500,1406,995,411,群益金鼎,2024-05-24,9100
2603,長榮,705,305,400,群益金鼎,2024-05-24,9100
3055,蔚華科,485,94,391,群益金鼎,2024-05-24,9100
00720B,元大投資級公司債,407,37,370,群益金鼎,2024-05-24,9100
2354,鴻準,506,155,351,群益金鼎,2024-05-24,9100
9958,世紀鋼,378,36,342,群益金鼎,2024-05-24,9100
6274,台燿,437,97,340,群益金鼎,2024-05-24,9100
00915,凱基優選高股息30,277,0,277,群益金鼎,2024-05-24,9100
00936,台新永續高息中小,254,0,254,群益金鼎,2024-05-24,9100
3363,上詮,342,113,229,群益金鼎,2024-05-24,9100
00892,富邦台灣半導體,601,374,227,群益金鼎,2024-05-24,9100
00643,群益深証中小,227,1,226,群益金鼎,2024-05-24,9100
00651R,復華香港反1,214,0,214,群益金鼎,2024-05-24,9100
00927,群益半導體收益,627,423,204,群益金鼎,2024-05-24,9100
2313,華通,557,384,173,群益金鼎,2024-05-24,9100
2489,瑞軒,257,104,153,群益金鼎,2024-05-24,9100
00935,野村臺灣新科技50,130,0,130,群益金鼎,2024-05-24,9100
2371,大同,306,178,128,群益金鼎,2024-05-24,9100
1503,士電,138,16,122,群益金鼎,2024-05-24,9100
6190,萬泰科,225,105,120,群益金鼎,2024-05-24,9100
1815,富喬,1293,1175,118,群益金鼎,2024-05-24,9100
3231,緯創,306,195,111,群益金鼎,2024-05-24,9100
2891,中信金,16111,66,16045,群益金鼎,2024-05-27,9100
00940,元大台灣價值高息,9159,1981,7178,群益金鼎,2024-05-27,9100
00939,統一台灣高息動能,5794,28,5766,群益金鼎,2024-05-27,9100
2884,玉山金,4809,33,4776,群益金鼎,2024-05-27,9100
0056,元大高股息,2602,11,2591,群益金鼎,2024-05-27,9100
00632R,元大台灣50反1,2020,0,2020,群益金鼎,2024-05-27,9100
2486,一詮,2443,520,1923,群益金鼎,2024-05-27,9100
3202,樺晟,1914,13,1901,群益金鼎,2024-05-27,9100
2365,昆盈,1503,3,1500,群益金鼎,2024-05-27,9100
00878,國泰永續高股息,1275,20,1255,群益金鼎,2024-05-27,9100
4543,萬在,1221,14,1207,群益金鼎,2024-05-27,9100
2412,中華電,1204,7,1197,群益金鼎,2024-05-27,9100
1722,台肥,1004,5,999,群益金鼎,2024-05-27,9100
3535,晶彩科,1000,2,998,群益金鼎,2024-05-27,9100
4952,凌通,952,2,950,群益金鼎,2024-05-27,9100
00927,群益半導體收益,1365,427,938,群益金鼎,2024-05-27,9100
00941,中信上游半導體,867,8,859,群益金鼎,2024-05-27,9100
5426,振發,857,4,853,群益金鼎,2024-05-27,9100
00715L,期街口布蘭特正2,791,0,791,群益金鼎,2024-05-27,9100
2504,國產,815,33,782,群益金鼎,2024-05-27,9100
2809,京城銀,799,31,768,群益金鼎,2024-05-27,9100
2303,聯電,969,213,756,群益金鼎,2024-05-27,9100
2634,漢翔,764,19,745,群益金鼎,2024-05-27,9100
00918,大華優利高填息30,853,162,691,群益金鼎,2024-05-27,9100
00893,國泰智能電動車,746,142,604,群益金鼎,2024-05-27,9100
2354,鴻準,610,74,536,群益金鼎,2024-05-27,9100
3711,日月光投控,548,40,508,群益金鼎,2024-05-27,9100
00686R,群益臺灣加權反1,499,3,496,群益金鼎,2024-05-27,9100
3306,鼎天,510,16,494,群益金鼎,2024-05-27,9100
00720B,元大投資級公司債,584,103,481,群益金鼎,2024-05-27,9100
3042,晶技,484,7,477,群益金鼎,2024-05-27,9100
2317,鴻海,618,232,386,群益金鼎,2024-05-27,9100
6161,捷波,385,2,383,群益金鼎,2024-05-27,9100
00891,中信關鍵半導體,383,8,375,群益金鼎,2024-05-27,9100
00946,群益科技高息成長,4033,3681,352,群益金鼎,2024-05-27,9100
3466,德晉,1123,815,308,群益金鼎,2024-05-27,9100
2377,微星,346,51,295,群益金鼎,2024-05-27,9100
6125,廣運,432,160,272,群益金鼎,2024-05-27,9100
2609,陽明,293,30,263,群益金鼎,2024-05-27,9100
00830,國泰費城半導體,621,362,259,群益金鼎,2024-05-27,9100
2353,宏��,1190,938,252,群益金鼎,2024-05-27,9100
00648R,元大S＆P500反1,307,59,248,群益金鼎,2024-05-27,9100
2105,正新,355,123,232,群益金鼎,2024-05-27,9100
00935,野村臺灣新科技50,235,9,226,群益金鼎,2024-05-27,9100
00902,中信電池及儲能,251,32,219,群益金鼎,2024-05-27,9100
3587,閎康,212,0,212,群益金鼎,2024-05-27,9100
00910,第一金太空衛星,260,50,210,群益金鼎,2024-05-27,9100
2534,宏盛,210,15,195,群益金鼎,2024-05-27,9100
2605,新興,277,93,184,群益金鼎,2024-05-27,9100
2548,華固,211,28,183,群益金鼎,2024-05-27,9100
2105,正新,8199,202,7997,群益金鼎,2024-05-28,9100
00939,統一台灣高息動能,3420,96,3324,群益金鼎,2024-05-28,9100
2303,聯電,3518,669,2849,群益金鼎,2024-05-28,9100
00946,群益科技高息成長,2529,20,2509,群益金鼎,2024-05-28,9100
00715L,期街口布蘭特正2,2175,3,2172,群益金鼎,2024-05-28,9100
3047,訊舟,2173,16,2157,群益金鼎,2024-05-28,9100
00632R,元大台灣50反1,3182,1048,2134,群益金鼎,2024-05-28,9100
6117,迎廣,2019,110,1909,群益金鼎,2024-05-28,9100
2809,京城銀,1523,64,1459,群益金鼎,2024-05-28,9100
2890,永豐金,1346,1,1345,群益金鼎,2024-05-28,9100
2412,中華電,1205,4,1201,群益金鼎,2024-05-28,9100
00941,中信上游半導體,1182,0,1182,群益金鼎,2024-05-28,9100
2884,玉山金,1183,47,1136,群益金鼎,2024-05-28,9100
00878,國泰永續高股息,1476,474,1002,群益金鼎,2024-05-28,9100
2377,微星,1088,119,969,群益金鼎,2024-05-28,9100
2891,中信金,1052,104,948,群益金鼎,2024-05-28,9100
2641,正德,1074,147,927,群益金鼎,2024-05-28,9100
2889,國票金,863,19,844,群益金鼎,2024-05-28,9100
2301,光寶科,1304,562,742,群益金鼎,2024-05-28,9100
00882,中信中國高股息,1718,998,720,群益金鼎,2024-05-28,9100
1216,統一,722,2,720,群益金鼎,2024-05-28,9100
00918,大華優利高填息30,1035,342,693,群益金鼎,2024-05-28,9100
00942B,台新美A公司債20+,572,0,572,群益金鼎,2024-05-28,9100
00927,群益半導體收益,813,248,565,群益金鼎,2024-05-28,9100
1101,台泥,586,65,521,群益金鼎,2024-05-28,9100
2610,華航,1015,508,507,群益金鼎,2024-05-28,9100
6239,力成,472,6,466,群益金鼎,2024-05-28,9100
2606,裕民,475,25,450,群益金鼎,2024-05-28,9100
3231,緯創,1058,621,437,群益金鼎,2024-05-28,9100
00830,國泰費城半導體,1286,864,422,群益金鼎,2024-05-28,9100
2365,昆盈,502,105,397,群益金鼎,2024-05-28,9100
5425,台半,334,20,314,群益金鼎,2024-05-28,9100
2401,凌陽,491,182,309,群益金鼎,2024-05-28,9100
2605,新興,378,102,276,群益金鼎,2024-05-28,9100
3006,晶豪科,343,72,271,群益金鼎,2024-05-28,9100
2408,南亞科,311,44,267,群益金鼎,2024-05-28,9100
2515,中工,374,118,256,群益金鼎,2024-05-28,9100
2332,友訊,255,1,254,群益金鼎,2024-05-28,9100
00902,中信電池及儲能,250,0,250,群益金鼎,2024-05-28,9100
3035,智原,361,129,232,群益金鼎,2024-05-28,9100
8081,致新,212,3,209,群益金鼎,2024-05-28,9100
4904,遠傳,206,1,205,群益金鼎,2024-05-28,9100
00892,富邦台灣半導體,313,111,202,群益金鼎,2024-05-28,9100
9958,世紀鋼,216,16,200,群益金鼎,2024-05-28,9100
9933,中鼎,198,5,193,群益金鼎,2024-05-28,9100
4938,和碩,251,63,188,群益金鼎,2024-05-28,9100
2376,技嘉,218,31,187,群益金鼎,2024-05-28,9100
3374,精材,213,28,185,群益金鼎,2024-05-28,9100
00909,國泰數位支付服務,176,0,176,群益金鼎,2024-05-28,9100
00738U,期元大道瓊白銀,180,7,173,群益金鼎,2024-05-28,9100
00939,統一台灣高息動能,6415,42,6373,群益金鼎,2024-05-29,9100
00715L,期街口布蘭特正2,3807,10,3797,群益金鼎,2024-05-29,9100
00632R,元大台灣50反1,4100,1007,3093,群益金鼎,2024-05-29,9100
00940,元大台灣價值高息,4238,1482,2756,群益金鼎,2024-05-29,9100
00637L,元大滬深300正2,2568,0,2568,群益金鼎,2024-05-29,9100
4533,協易機,1649,222,1427,群益金鼎,2024-05-29,9100
00882,中信中國高股息,1272,1,1271,群益金鼎,2024-05-29,9100
2618,長榮航,1752,543,1209,群益金鼎,2024-05-29,9100
2412,中華電,1214,5,1209,群益金鼎,2024-05-29,9100
00929,復華台灣科技優息,2875,1757,1118,群益金鼎,2024-05-29,9100
00941,中信上游半導體,1302,200,1102,群益金鼎,2024-05-29,9100
00669R,國泰美國道瓊反1,983,6,977,群益金鼎,2024-05-29,9100
2882,國泰金,1233,319,914,群益金鼎,2024-05-29,9100
5230,雷笛克光學,844,51,793,群益金鼎,2024-05-29,9100
8054,安國,843,75,768,群益金鼎,2024-05-29,9100
00919,群益台灣精選高息,2958,2366,592,群益金鼎,2024-05-29,9100
1216,統一,561,1,560,群益金鼎,2024-05-29,9100
2354,鴻準,973,446,527,群益金鼎,2024-05-29,9100
00633L,富邦上証正2,508,0,508,群益金鼎,2024-05-29,9100
2613,中櫃,530,29,501,群益金鼎,2024-05-29,9100
00893,國泰智能電動車,626,153,473,群益金鼎,2024-05-29,9100
00891,中信關鍵半導體,451,0,451,群益金鼎,2024-05-29,9100
00885,富邦越南,440,1,439,群益金鼎,2024-05-29,9100
2409,友達,626,225,401,群益金鼎,2024-05-29,9100
2105,正新,429,50,379,群益金鼎,2024-05-29,9100
00934,中信成長高股息,504,155,349,群益金鼎,2024-05-29,9100
1702,南僑,300,0,300,群益金鼎,2024-05-29,9100
00733,富邦臺灣中小,282,1,281,群益金鼎,2024-05-29,9100
3037,欣興,396,132,264,群益金鼎,2024-05-29,9100
0050,元大台灣50,309,45,264,群益金鼎,2024-05-29,9100
8069,元太,329,75,254,群益金鼎,2024-05-29,9100
00903,富邦元宇宙,244,1,243,群益金鼎,2024-05-29,9100
00738U,期元大道瓊白銀,244,5,239,群益金鼎,2024-05-29,9100
6757,台灣虎航,235,0,235,群益金鼎,2024-05-29,9100
00927,群益半導體收益,436,218,218,群益金鼎,2024-05-29,9100
3045,台灣大,214,1,213,群益金鼎,2024-05-29,9100
00899,FT潔淨能源,200,0,200,群益金鼎,2024-05-29,9100
6125,廣運,553,354,199,群益金鼎,2024-05-29,9100
00728,第一金工業30,200,4,196,群益金鼎,2024-05-29,9100
6462,神盾,218,26,192,群益金鼎,2024-05-29,9100
00636,國泰中國A50,315,130,185,群益金鼎,2024-05-29,9100
2489,瑞軒,562,385,177,群益金鼎,2024-05-29,9100
3059,華晶科,166,8,158,群益金鼎,2024-05-29,9100
3260,威剛,328,192,136,群益金鼎,2024-05-29,9100
5347,世界,268,135,133,群益金鼎,2024-05-29,9100
6233,旺玖,129,0,129,群益金鼎,2024-05-29,9100
3040,遠見,125,1,124,群益金鼎,2024-05-29,9100
2408,南亞科,151,29,122,群益金鼎,2024-05-29,9100
00900,富邦特選高股息30,431,310,121,群益金鼎,2024-05-29,9100
2615,萬海,190,72,118,群益金鼎,2024-05-29,9100
00632R,元大台灣50反1,25998,240,25758,群益金鼎,2024-05-30,9100
8070,長華*,4004,6,3998,群益金鼎,2024-05-30,9100
00669R,國泰美國道瓊反1,3004,76,2928,群益金鼎,2024-05-30,9100
00893,國泰智能電動車,2755,865,1890,群益金鼎,2024-05-30,9100
00720B,元大投資級公司債,1527,10,1517,群益金鼎,2024-05-30,9100
00891,中信關鍵半導體,1511,0,1511,群益金鼎,2024-05-30,9100
00664R,國泰臺灣加權反1,1437,0,1437,群益金鼎,2024-05-30,9100
2618,長榮航,2192,785,1407,群益金鼎,2024-05-30,9100
00927,群益半導體收益,1338,98,1240,群益金鼎,2024-05-30,9100
2889,國票金,1394,192,1202,群益金鼎,2024-05-30,9100
00941,中信上游半導體,1167,244,923,群益金鼎,2024-05-30,9100
00919,群益台灣精選高息,2575,1673,902,群益金鼎,2024-05-30,9100
00900,富邦特選高股息30,764,0,764,群益金鼎,2024-05-30,9100
00830,國泰費城半導體,2297,1608,689,群益金鼎,2024-05-30,9100
00934,中信成長高股息,685,2,683,群益金鼎,2024-05-30,9100
5347,世界,1030,359,671,群益金鼎,2024-05-30,9100
00935,野村臺灣新科技50,866,217,649,群益金鼎,2024-05-30,9100
00882,中信中國高股息,631,0,631,群益金鼎,2024-05-30,9100
00686R,群益臺灣加權反1,563,0,563,群益金鼎,2024-05-30,9100
00940,元大台灣價值高息,1366,826,540,群益金鼎,2024-05-30,9100
00772B,中信高評級公司債,519,2,517,群益金鼎,2024-05-30,9100
1722,台肥,613,106,507,群益金鼎,2024-05-30,9100
00939,統一台灣高息動能,987,518,469,群益金鼎,2024-05-30,9100
3596,智易,468,0,468,群益金鼎,2024-05-30,9100
00722B,群益投資級電信債,1887,1425,462,群益金鼎,2024-05-30,9100
2540,愛山林,452,11,441,群益金鼎,2024-05-30,9100
3014,聯陽,442,4,438,群益金鼎,2024-05-30,9100
00725B,國泰投資級公司債,858,445,413,群益金鼎,2024-05-30,9100
2809,京城銀,408,5,403,群益金鼎,2024-05-30,9100
00773B,中信優先金融債,397,0,397,群益金鼎,2024-05-30,9100
00673R,期元大S＆P原油反1,361,0,361,群益金鼎,2024-05-30,9100
4938,和碩,383,41,342,群益金鼎,2024-05-30,9100
8112,至上,346,15,331,群益金鼎,2024-05-30,9100
00724B,群益投資級金融債,2371,2067,304,群益金鼎,2024-05-30,9100
8150,南茂,327,26,301,群益金鼎,2024-05-30,9100
2451,創見,283,28,255,群益金鼎,2024-05-30,9100
4915,致伸,243,1,242,群益金鼎,2024-05-30,9100
00916,國泰全球品牌50,224,20,204,群益金鼎,2024-05-30,9100
00696B,富邦美債20年,201,0,201,群益金鼎,2024-05-30,9100
3702,大聯大,223,27,196,群益金鼎,2024-05-30,9100
00648R,元大S＆P500反1,182,0,182,群益金鼎,2024-05-30,9100
00892,富邦台灣半導體,186,4,182,群益金鼎,2024-05-30,9100
4904,遠傳,181,2,179,群益金鼎,2024-05-30,9100
2409,友達,285,107,178,群益金鼎,2024-05-30,9100
2504,國產,218,44,174,群益金鼎,2024-05-30,9100
3022,威強電,177,6,171,群益金鼎,2024-05-30,9100
4303,信立,174,4,170,群益金鼎,2024-05-30,9100
3055,蔚華科,173,17,156,群益金鼎,2024-05-30,9100
00903,富邦元宇宙,155,0,155,群益金鼎,2024-05-30,9100
00683L,期元大美元指正2,154,0,154,群益金鼎,2024-05-30,9100
00632R,元大台灣50反1,18747,640,18107,群益金鼎,2024-05-31,9100
2884,玉山金,12627,1,12626,群益金鼎,2024-05-31,9100
2105,正新,10243,65,10178,群益金鼎,2024-05-31,9100
2618,長榮航,9965,47,9918,群益金鼎,2024-05-31,9100
2303,聯電,7250,484,6766,群益金鼎,2024-05-31,9100
5876,上海商銀,6422,19,6403,群益金鼎,2024-05-31,9100
2412,中華電,6309,3,6306,群益金鼎,2024-05-31,9100
1216,統一,6246,10,6236,群益金鼎,2024-05-31,9100
00673R,期元大S＆P原油反1,6115,450,5665,群益金鼎,2024-05-31,9100
2504,國產,5049,34,5015,群益金鼎,2024-05-31,9100
2891,中信金,5455,1328,4127,群益金鼎,2024-05-31,9100
2451,創見,3655,18,3637,群益金鼎,2024-05-31,9100
5347,世界,3819,188,3631,群益金鼎,2024-05-31,9100
3045,台灣大,3077,4,3073,群益金鼎,2024-05-31,9100
1402,遠東新,2539,38,2501,群益金鼎,2024-05-31,9100
2323,中環,2199,79,2120,群益金鼎,2024-05-31,9100
4904,遠傳,2032,3,2029,群益金鼎,2024-05-31,9100
00893,國泰智能電動車,2022,217,1805,群益金鼎,2024-05-31,9100
2888,新光金,2232,760,1472,群益金鼎,2024-05-31,9100
5871,中租-KY,1386,51,1335,群益金鼎,2024-05-31,9100
2548,華固,1335,7,1328,群益金鼎,2024-05-31,9100
2347,聯強,1209,59,1150,群益金鼎,2024-05-31,9100
2204,中華,1065,22,1043,群益金鼎,2024-05-31,9100
3202,樺晟,1013,16,997,群益金鼎,2024-05-31,9100
00665L,富邦�琤肭磪囓�2,1028,104,924,群益金鼎,2024-05-31,9100
00669R,國泰美國道瓊反1,959,104,855,群益金鼎,2024-05-31,9100
00882,中信中國高股息,848,1,847,群益金鼎,2024-05-31,9100
00795B,中信美國公債20年,836,0,836,群益金鼎,2024-05-31,9100
2537,聯上發,713,1,712,群益金鼎,2024-05-31,9100
00907,永豐優息存股,1050,342,708,群益金鼎,2024-05-31,9100
1582,信錦,761,58,703,群益金鼎,2024-05-31,9100
2637,慧洋-KY,698,34,664,群益金鼎,2024-05-31,9100
8112,至上,739,80,659,群益金鼎,2024-05-31,9100
2367,燿華,737,82,655,群益金鼎,2024-05-31,9100
4938,和碩,661,32,629,群益金鼎,2024-05-31,9100
00706L,期元大S＆P日圓正2,600,0,600,群益金鼎,2024-05-31,9100
00897,富邦基因免疫生技,579,0,579,群益金鼎,2024-05-31,9100
00927,群益半導體收益,1075,549,526,群益金鼎,2024-05-31,9100
3042,晶技,508,12,496,群益金鼎,2024-05-31,9100
00892,富邦台灣半導體,682,220,462,群益金鼎,2024-05-31,9100
4566,時碩工業,514,79,435,群益金鼎,2024-05-31,9100
00773B,中信優先金融債,428,0,428,群益金鼎,2024-05-31,9100
00696B,富邦美債20年,421,0,421,群益金鼎,2024-05-31,9100
00719B,元大美債1-3,417,0,417,群益金鼎,2024-05-31,9100
00902,中信電池及儲能,409,0,409,群益金鼎,2024-05-31,9100
6757,台灣虎航,352,1,351,群益金鼎,2024-05-31,9100
2211,長榮鋼,337,9,328,群益金鼎,2024-05-31,9100
00685L,群益臺灣加權正2,499,172,327,群益金鼎,2024-05-31,9100
2313,華通,395,100,295,群益金鼎,2024-05-31,9100
3596,智易,317,31,286,群益金鼎,2024-05-31,9100
2888,新光金,14931,1043,13888,群益金鼎,2024-06-03,9100
00940,元大台灣價值高息,13844,557,13287,群益金鼎,2024-06-03,9100
00632R,元大台灣50反1,10774,2500,8274,群益金鼎,2024-06-03,9100
2412,中華電,6724,0,6724,群益金鼎,2024-06-03,9100
00673R,期元大S＆P原油反1,6137,49,6088,群益金鼎,2024-06-03,9100
2537,聯上發,5851,3838,2013,群益金鼎,2024-06-03,9100
2892,第一金,1725,2,1723,群益金鼎,2024-06-03,9100
4967,十銓,1666,35,1631,群益金鼎,2024-06-03,9100
2886,兆豐金,1621,4,1617,群益金鼎,2024-06-03,9100
00665L,富邦�琤肭磪囓�2,1380,7,1373,群益金鼎,2024-06-03,9100
2880,華南金,1323,5,1318,群益金鼎,2024-06-03,9100
2486,一詮,1009,13,996,群益金鼎,2024-06-03,9100
00882,中信中國高股息,1305,372,933,群益金鼎,2024-06-03,9100
2211,長榮鋼,842,42,800,群益金鼎,2024-06-03,9100
1815,富喬,826,56,770,群益金鼎,2024-06-03,9100
2317,鴻海,742,31,711,群益金鼎,2024-06-03,9100
00664R,國泰臺灣加權反1,1665,1013,652,群益金鼎,2024-06-03,9100
4113,聯上,730,91,639,群益金鼎,2024-06-03,9100
00892,富邦台灣半導體,491,0,491,群益金鼎,2024-06-03,9100
00915,凱基優選高股息30,466,46,420,群益金鼎,2024-06-03,9100
2881,富邦金,425,13,412,群益金鼎,2024-06-03,9100
00934,中信成長高股息,402,6,396,群益金鼎,2024-06-03,9100
2615,萬海,925,534,391,群益金鼎,2024-06-03,9100
00939,統一台灣高息動能,386,8,378,群益金鼎,2024-06-03,9100
00893,國泰智能電動車,493,184,309,群益金鼎,2024-06-03,9100
00900,富邦特選高股息30,410,105,305,群益金鼎,2024-06-03,9100
8112,至上,417,127,290,群益金鼎,2024-06-03,9100
2454,聯發科,310,35,275,群益金鼎,2024-06-03,9100
2330,台積電,290,34,256,群益金鼎,2024-06-03,9100
2609,陽明,1297,1049,248,群益金鼎,2024-06-03,9100
4915,致伸,270,53,217,群益金鼎,2024-06-03,9100
3088,艾訊,219,3,216,群益金鼎,2024-06-03,9100
00645,富邦日本,211,0,211,群益金鼎,2024-06-03,9100
2524,京城,210,1,209,群益金鼎,2024-06-03,9100
00648R,元大S＆P500反1,209,9,200,群益金鼎,2024-06-03,9100
2489,瑞軒,425,230,195,群益金鼎,2024-06-03,9100
2474,可成,212,20,192,群益金鼎,2024-06-03,9100
00773B,中信優先金融債,360,173,187,群益金鼎,2024-06-03,9100
2105,正新,205,21,184,群益金鼎,2024-06-03,9100
00902,中信電池及儲能,180,0,180,群益金鼎,2024-06-03,9100
00633L,富邦上証正2,729,553,176,群益金鼎,2024-06-03,9100
2332,友訊,170,4,166,群益金鼎,2024-06-03,9100
00936,台新永續高息中小,151,0,151,群益金鼎,2024-06-03,9100
00651R,復華香港反1,150,0,150,群益金鼎,2024-06-03,9100
3289,宜特,151,1,150,群益金鼎,2024-06-03,9100
2882,國泰金,177,33,144,群益金鼎,2024-06-03,9100
00674R,期元大S＆P黃金反1,144,0,144,群益金鼎,2024-06-03,9100
2402,毅嘉,148,9,139,群益金鼎,2024-06-03,9100
4979,華星光,135,2,133,群益金鼎,2024-06-03,9100
00903,富邦元宇宙,133,0,133,群益金鼎,2024-06-03,9100
00632R,元大台灣50反1,49523,4893,44630,群益金鼎,2024-06-04,9100
2884,玉山金,5275,41,5234,群益金鼎,2024-06-04,9100
2105,正新,4736,46,4690,群益金鼎,2024-06-04,9100
00687B,國泰20年美債,4804,246,4558,群益金鼎,2024-06-04,9100
00679B,元大美債20年,6809,3073,3736,群益金鼎,2024-06-04,9100
00673R,期元大S＆P原油反1,3090,0,3090,群益金鼎,2024-06-04,9100
00900,富邦特選高股息30,2936,2,2934,群益金鼎,2024-06-04,9100
2303,聯電,5205,2535,2670,群益金鼎,2024-06-04,9100
1216,統一,2516,31,2485,群益金鼎,2024-06-04,9100
00882,中信中國高股息,2388,1,2387,群益金鼎,2024-06-04,9100
00937B,群益ESG投等債20,2271,25,2246,群益金鼎,2024-06-04,9100
5876,上海商銀,2240,2,2238,群益金鼎,2024-06-04,9100
1402,遠東新,2103,22,2081,群益金鼎,2024-06-04,9100
00720B,元大投資級公司債,1988,10,1978,群益金鼎,2024-06-04,9100
00893,國泰智能電動車,1974,0,1974,群益金鼎,2024-06-04,9100
00940,元大台灣價值高息,2365,394,1971,群益金鼎,2024-06-04,9100
00680L,元大美債20正2,2411,650,1761,群益金鼎,2024-06-04,9100
00637L,元大滬深300正2,1745,2,1743,群益金鼎,2024-06-04,9100
4904,遠傳,1648,4,1644,群益金鼎,2024-06-04,9100
00927,群益半導體收益,1934,320,1614,群益金鼎,2024-06-04,9100
00706L,期元大S＆P日圓正2,1348,0,1348,群益金鼎,2024-06-04,9100
00941,中信上游半導體,1364,22,1342,群益金鼎,2024-06-04,9100
00857B,永豐20年美公債,1700,444,1256,群益金鼎,2024-06-04,9100
3045,台灣大,1219,2,1217,群益金鼎,2024-06-04,9100
3264,欣銓,1171,5,1166,群益金鼎,2024-06-04,9100
3088,艾訊,1155,62,1093,群益金鼎,2024-06-04,9100
2301,光寶科,1589,521,1068,群益金鼎,2024-06-04,9100
00946,群益科技高息成長,1204,238,966,群益金鼎,2024-06-04,9100
4915,致伸,977,25,952,群益金鼎,2024-06-04,9100
00892,富邦台灣半導體,708,1,707,群益金鼎,2024-06-04,9100
00650L,復華香港正2,803,119,684,群益金鼎,2024-06-04,9100
2449,京元電子,684,7,677,群益金鼎,2024-06-04,9100
00651R,復華香港反1,609,0,609,群益金鼎,2024-06-04,9100
2880,華南金,603,0,603,群益金鼎,2024-06-04,9100
00902,中信電池及儲能,575,0,575,群益金鼎,2024-06-04,9100
00881,國泰台灣5G+,831,275,556,群益金鼎,2024-06-04,9100
1101,台泥,709,164,545,群益金鼎,2024-06-04,9100
3564,其陽,578,46,532,群益金鼎,2024-06-04,9100
00895,富邦未來車,500,5,495,群益金鼎,2024-06-04,9100
00795B,中信美國公債20年,441,0,441,群益金鼎,2024-06-04,9100
00772B,中信高評級公司債,402,38,364,群益金鼎,2024-06-04,9100
5347,世界,400,90,310,群益金鼎,2024-06-04,9100
00864B,中信美國公債0-1,465,158,307,群益金鼎,2024-06-04,9100
8112,至上,348,53,295,群益金鼎,2024-06-04,9100
00939,統一台灣高息動能,877,592,285,群益金鼎,2024-06-04,9100
4938,和碩,361,83,278,群益金鼎,2024-06-04,9100
00931B,統一美債20年,300,30,270,群益金鼎,2024-06-04,9100
00908,富邦入息REITs+,267,0,267,群益金鼎,2024-06-04,9100
00643,群益深証中小,446,183,263,群益金鼎,2024-06-04,9100
2211,長榮鋼,262,25,237,群益金鼎,2024-06-04,9100
00679B,元大美債20年,13475,100,13375,群益金鼎,2024-06-05,9100
00937B,群益ESG投等債20,9750,87,9663,群益金鼎,2024-06-05,9100
00632R,元大台灣50反1,4793,140,4653,群益金鼎,2024-06-05,9100
00931B,統一美債20年,3211,26,3185,群益金鼎,2024-06-05,9100
00900,富邦特選高股息30,2727,203,2524,群益金鼎,2024-06-05,9100
00720B,元大投資級公司債,2499,0,2499,群益金鼎,2024-06-05,9100
00940,元大台灣價值高息,2304,112,2192,群益金鼎,2024-06-05,9100
00637L,元大滬深300正2,2140,0,2140,群益金鼎,2024-06-05,9100
00893,國泰智能電動車,1945,0,1945,群益金鼎,2024-06-05,9100
00688L,國泰20年美債正2,1758,3,1755,群益金鼎,2024-06-05,9100
00939,統一台灣高息動能,1561,1,1560,群益金鼎,2024-06-05,9100
2609,陽明,2413,878,1535,群益金鼎,2024-06-05,9100
00902,中信電池及儲能,1466,0,1466,群益金鼎,2024-06-05,9100
00857B,永豐20年美公債,1471,40,1431,群益金鼎,2024-06-05,9100
00882,中信中國高股息,1144,0,1144,群益金鼎,2024-06-05,9100
00795B,中信美國公債20年,1133,1,1132,群益金鼎,2024-06-05,9100
1815,富喬,1173,131,1042,群益金鼎,2024-06-05,9100
00673R,期元大S＆P原油反1,1034,2,1032,群益金鼎,2024-06-05,9100
2482,連宇,1068,72,996,群益金鼎,2024-06-05,9100
00706L,期元大S＆P日圓正2,968,0,968,群益金鼎,2024-06-05,9100
00927,群益半導體收益,1442,506,936,群益金鼎,2024-06-05,9100
00680L,元大美債20正2,1791,930,861,群益金鼎,2024-06-05,9100
00751B,元大AAA至A公司債,658,0,658,群益金鼎,2024-06-05,9100
00941,中信上游半導體,614,19,595,群益金鼎,2024-06-05,9100
00946,群益科技高息成長,929,364,565,群益金鼎,2024-06-05,9100
00773B,中信優先金融債,430,0,430,群益金鼎,2024-06-05,9100
5608,四維航,414,20,394,群益金鼎,2024-06-05,9100
00633L,富邦上証正2,429,50,379,群益金鼎,2024-06-05,9100
00915,凱基優選高股息30,848,471,377,群益金鼎,2024-06-05,9100
00738U,期元大道瓊白銀,567,193,374,群益金鼎,2024-06-05,9100
00917,中信特選金融,337,0,337,群益金鼎,2024-06-05,9100
00892,富邦台灣半導體,287,0,287,群益金鼎,2024-06-05,9100
006208,富邦台50,328,43,285,群益金鼎,2024-06-05,9100
2641,正德,301,25,276,群益金鼎,2024-06-05,9100
00885,富邦越南,306,42,264,群益金鼎,2024-06-05,9100
00864B,中信美國公債0-1,656,405,251,群益金鼎,2024-06-05,9100
00945B,凱基美國非投等債,535,300,235,群益金鼎,2024-06-05,9100
00923,群益台ESG低碳50,552,320,232,群益金鼎,2024-06-05,9100
00692,富邦公司治理,397,169,228,群益金鼎,2024-06-05,9100
2313,華通,437,217,220,群益金鼎,2024-06-05,9100
8085,福華,194,4,190,群益金鼎,2024-06-05,9100
3708,上緯投控,280,99,181,群益金鼎,2024-06-05,9100
00674R,期元大S＆P黃金反1,173,0,173,群益金鼎,2024-06-05,9100
00631L,元大台灣50正2,171,0,171,群益金鼎,2024-06-05,9100
00909,國泰數位支付服務,163,0,163,群益金鼎,2024-06-05,9100
2605,新興,271,115,156,群益金鼎,2024-06-05,9100
00733,富邦臺灣中小,156,0,156,群益金鼎,2024-06-05,9100
00943,兆豐電子高息等權,153,0,153,群益金鼎,2024-06-05,9100
8112,至上,238,88,150,群益金鼎,2024-06-05,9100
1522,堤維西,171,25,146,群益金鼎,2024-06-05,9100
00940,元大台灣價值高息,20473,655,19818,群益金鼎,2024-06-06,9100
00637L,元大滬深300正2,6201,0,6201,群益金鼎,2024-06-06,9100
2504,國產,5622,34,5588,群益金鼎,2024-06-06,9100
00941,中信上游半導體,5278,23,5255,群益金鼎,2024-06-06,9100
00919,群益台灣精選高息,3642,372,3270,群益金鼎,2024-06-06,9100
00679B,元大美債20年,2900,164,2736,群益金鼎,2024-06-06,9100
2353,宏��,3035,334,2701,群益金鼎,2024-06-06,9100
2027,大成鋼,2522,12,2510,群益金鼎,2024-06-06,9100
2337,旺宏,2287,28,2259,群益金鼎,2024-06-06,9100
00893,國泰智能電動車,2587,388,2199,群益金鼎,2024-06-06,9100
4566,時碩工業,2145,23,2122,群益金鼎,2024-06-06,9100
00900,富邦特選高股息30,2146,55,2091,群益金鼎,2024-06-06,9100
2451,創見,2009,9,2000,群益金鼎,2024-06-06,9100
00673R,期元大S＆P原油反1,1939,0,1939,群益金鼎,2024-06-06,9100
3264,欣銓,1433,21,1412,群益金鼎,2024-06-06,9100
2548,華固,1418,48,1370,群益金鼎,2024-06-06,9100
2303,聯電,1694,362,1332,群益金鼎,2024-06-06,9100
0050,元大台灣50,1552,365,1187,群益金鼎,2024-06-06,9100
2882,國泰金,1237,89,1148,群益金鼎,2024-06-06,9100
2347,聯強,1091,1,1090,群益金鼎,2024-06-06,9100
00937B,群益ESG投等債20,1095,23,1072,群益金鼎,2024-06-06,9100
00633L,富邦上証正2,932,50,882,群益金鼎,2024-06-06,9100
00876,元大全球5G,946,107,839,群益金鼎,2024-06-06,9100
3711,日月光投控,980,150,830,群益金鼎,2024-06-06,9100
6147,頎邦,824,42,782,群益金鼎,2024-06-06,9100
2385,群光,805,45,760,群益金鼎,2024-06-06,9100
00720B,元大投資級公司債,755,5,750,群益金鼎,2024-06-06,9100
3702,大聯大,720,1,719,群益金鼎,2024-06-06,9100
00891,中信關鍵半導體,719,14,705,群益金鼎,2024-06-06,9100
2312,金寶,801,136,665,群益金鼎,2024-06-06,9100
00773B,中信優先金融債,735,88,647,群益金鼎,2024-06-06,9100
00631L,元大台灣50正2,592,3,589,群益金鼎,2024-06-06,9100
2324,仁寶,689,103,586,群益金鼎,2024-06-06,9100
00857B,永豐20年美公債,636,76,560,群益金鼎,2024-06-06,9100
00915,凱基優選高股息30,553,16,537,群益金鼎,2024-06-06,9100
2809,京城銀,549,15,534,群益金鼎,2024-06-06,9100
00934,中信成長高股息,513,0,513,群益金鼎,2024-06-06,9100
00882,中信中國高股息,1533,1026,507,群益金鼎,2024-06-06,9100
00680L,元大美債20正2,531,33,498,群益金鼎,2024-06-06,9100
00646,元大S＆P500,1500,1020,480,群益金鼎,2024-06-06,9100
00927,群益半導體收益,738,262,476,群益金鼎,2024-06-06,9100
2618,長榮航,630,159,471,群益金鼎,2024-06-06,9100
5483,中美晶,450,18,432,群益金鼎,2024-06-06,9100
00636,國泰中國A50,417,1,416,群益金鼎,2024-06-06,9100
00931B,統一美債20年,350,1,349,群益金鼎,2024-06-06,9100
2474,可成,349,6,343,群益金鼎,2024-06-06,9100
6191,精成科,323,21,302,群益金鼎,2024-06-06,9100
00917,中信特選金融,298,0,298,群益金鼎,2024-06-06,9100
00648R,元大S＆P500反1,360,65,295,群益金鼎,2024-06-06,9100
6285,啟��,331,45,286,群益金鼎,2024-06-06,9100
00715L,期街口布蘭特正2,4940,13,4927,群益金鼎,2024-06-07,9100
00893,國泰智能電動車,3632,7,3625,群益金鼎,2024-06-07,9100
2537,聯上發,3264,16,3248,群益金鼎,2024-06-07,9100
00665L,富邦�琤肭磪囓�2,4427,1956,2471,群益金鼎,2024-06-07,9100
00679B,元大美債20年,2633,213,2420,群益金鼎,2024-06-07,9100
00940,元大台灣價值高息,2271,94,2177,群益金鼎,2024-06-07,9100
00720B,元大投資級公司債,2031,0,2031,群益金鼎,2024-06-07,9100
9946,三發地產,1890,0,1890,群益金鼎,2024-06-07,9100
00900,富邦特選高股息30,1807,2,1805,群益金鼎,2024-06-07,9100
00632R,元大台灣50反1,1688,0,1688,群益金鼎,2024-06-07,9100
00882,中信中國高股息,2690,1111,1579,群益金鼎,2024-06-07,9100
00650L,復華香港正2,1272,0,1272,群益金鼎,2024-06-07,9100
5531,鄉林,1243,0,1243,群益金鼎,2024-06-07,9100
2883,凱基金,1307,82,1225,群益金鼎,2024-06-07,9100
5880,合庫金,1202,0,1202,群益金鼎,2024-06-07,9100
00706L,期元大S＆P日圓正2,1093,0,1093,群益金鼎,2024-06-07,9100
1314,中石化,1068,87,981,群益金鼎,2024-06-07,9100
00927,群益半導體收益,839,15,824,群益金鼎,2024-06-07,9100
00941,中信上游半導體,805,0,805,群益金鼎,2024-06-07,9100
2892,第一金,670,1,669,群益金鼎,2024-06-07,9100
2887,台新金,676,16,660,群益金鼎,2024-06-07,9100
2313,華通,859,273,586,群益金鼎,2024-06-07,9100
00931B,統一美債20年,525,0,525,群益金鼎,2024-06-07,9100
00676R,富邦臺灣加權反1,499,0,499,群益金鼎,2024-06-07,9100
00923,群益台ESG低碳50,489,50,439,群益金鼎,2024-06-07,9100
00852L,國泰美國道瓊正2,433,0,433,群益金鼎,2024-06-07,9100
6770,力積電,410,0,410,群益金鼎,2024-06-07,9100
00725B,國泰投資級公司債,397,0,397,群益金鼎,2024-06-07,9100
2884,玉山金,402,21,381,群益金鼎,2024-06-07,9100
1609,大亞,429,66,363,群益金鼎,2024-06-07,9100
2886,兆豐金,349,0,349,群益金鼎,2024-06-07,9100
00772B,中信高評級公司債,328,0,328,群益金鼎,2024-06-07,9100
4123,晟德,364,39,325,群益金鼎,2024-06-07,9100
2610,華航,597,317,280,群益金鼎,2024-06-07,9100
00646,元大S＆P500,940,682,258,群益金鼎,2024-06-07,9100
1503,士電,328,75,253,群益金鼎,2024-06-07,9100
00738U,期元大道瓊白銀,521,280,241,群益金鼎,2024-06-07,9100
1513,中興電,362,129,233,群益金鼎,2024-06-07,9100
1455,集盛,235,17,218,群益金鼎,2024-06-07,9100
2385,群光,221,21,200,群益金鼎,2024-06-07,9100
2615,萬海,720,550,170,群益金鼎,2024-06-07,9100
00916,國泰全球品牌50,157,0,157,群益金鼎,2024-06-07,9100
3708,上緯投控,162,6,156,群益金鼎,2024-06-07,9100
00937B,群益ESG投等債20,232,79,153,群益金鼎,2024-06-07,9100
00670L,富邦NASDAQ正2,144,0,144,群益金鼎,2024-06-07,9100
4306,炎洲,145,3,142,群益金鼎,2024-06-07,9100
9945,潤泰新,256,116,140,群益金鼎,2024-06-07,9100
2371,大同,211,73,138,群益金鼎,2024-06-07,9100
00926,凱基全球菁英55,245,110,135,群益金鼎,2024-06-07,9100
2607,榮運,125,0,125,群益金鼎,2024-06-07,9100
2891,中信金,11118,258,10860,群益金鼎,2024-06-11,9100
5347,世界,4098,74,4024,群益金鼎,2024-06-11,9100
00715L,期街口布蘭特正2,4137,172,3965,群益金鼎,2024-06-11,9100
00830,國泰費城半導體,2761,789,1972,群益金鼎,2024-06-11,9100
1617,榮星,1845,3,1842,群益金鼎,2024-06-11,9100
00882,中信中國高股息,1856,20,1836,群益金鼎,2024-06-11,9100
00650L,復華香港正2,1731,5,1726,群益金鼎,2024-06-11,9100
2027,大成鋼,1669,98,1571,群益金鼎,2024-06-11,9100
1504,東元,1261,95,1166,群益金鼎,2024-06-11,9100
00940,元大台灣價值高息,1620,576,1044,群益金鼎,2024-06-11,9100
00642U,期元大S＆P石油,944,10,934,群益金鼎,2024-06-11,9100
00757,統一FANG+,1051,210,841,群益金鼎,2024-06-11,9100
2303,聯電,1219,391,828,群益金鼎,2024-06-11,9100
00931B,統一美債20年,2207,1389,818,群益金鼎,2024-06-11,9100
00909,國泰數位支付服務,793,0,793,群益金鼎,2024-06-11,9100
00900,富邦特選高股息30,827,156,671,群益金鼎,2024-06-11,9100
2449,京元電子,829,177,652,群益金鼎,2024-06-11,9100
6706,惠特,587,11,576,群益金鼎,2024-06-11,9100
2884,玉山金,744,170,574,群益金鼎,2024-06-11,9100
00893,國泰智能電動車,833,290,543,群益金鼎,2024-06-11,9100
2409,友達,804,280,524,群益金鼎,2024-06-11,9100
2337,旺宏,583,61,522,群益金鼎,2024-06-11,9100
2353,宏��,786,301,485,群益金鼎,2024-06-11,9100
2347,聯強,501,18,483,群益金鼎,2024-06-11,9100
3703,欣陸,520,48,472,群益金鼎,2024-06-11,9100
00857B,永豐20年美公債,510,73,437,群益金鼎,2024-06-11,9100
4938,和碩,440,32,408,群益金鼎,2024-06-11,9100
3702,大聯大,389,18,371,群益金鼎,2024-06-11,9100
2385,群光,418,48,370,群益金鼎,2024-06-11,9100
2308,台達電,461,95,366,群益金鼎,2024-06-11,9100
00946,群益科技高息成長,483,131,352,群益金鼎,2024-06-11,9100
1513,中興電,646,301,345,群益金鼎,2024-06-11,9100
006205,富邦上証,315,4,311,群益金鼎,2024-06-11,9100
8112,至上,325,33,292,群益金鼎,2024-06-11,9100
9910,豐泰,300,12,288,群益金鼎,2024-06-11,9100
4979,華星光,310,27,283,群益金鼎,2024-06-11,9100
2618,長榮航,1068,812,256,群益金鼎,2024-06-11,9100
00669R,國泰美國道瓊反1,252,0,252,群益金鼎,2024-06-11,9100
00927,群益半導體收益,306,64,242,群益金鼎,2024-06-11,9100
3014,聯陽,237,0,237,群益金鼎,2024-06-11,9100
6282,康舒,342,105,237,群益金鼎,2024-06-11,9100
4915,致伸,322,93,229,群益金鼎,2024-06-11,9100
00864B,中信美國公債0-1,339,111,228,群益金鼎,2024-06-11,9100
5483,中美晶,248,37,211,群益金鼎,2024-06-11,9100
1802,台玻,391,180,211,群益金鼎,2024-06-11,9100
00894,中信小資高價30,208,0,208,群益金鼎,2024-06-11,9100
00936,台新永續高息中小,347,145,202,群益金鼎,2024-06-11,9100
2020,美亞,198,0,198,群益金鼎,2024-06-11,9100
00923,群益台ESG低碳50,331,133,198,群益金鼎,2024-06-11,9100
00670L,富邦NASDAQ正2,202,6,196,群益金鼎,2024-06-11,9100
5347,世界,10464,57,10407,群益金鼎,2024-06-12,9100
00940,元大台灣價值高息,3373,38,3335,群益金鼎,2024-06-12,9100
00941,中信上游半導體,2755,225,2530,群益金鼎,2024-06-12,9100
00893,國泰智能電動車,3200,731,2469,群益金鼎,2024-06-12,9100
00900,富邦特選高股息30,1929,9,1920,群益金鼎,2024-06-12,9100
4967,十銓,1714,77,1637,群益金鼎,2024-06-12,9100
00715L,期街口布蘭特正2,1557,321,1236,群益金鼎,2024-06-12,9100
2303,聯電,1376,208,1168,群益金鼎,2024-06-12,9100
00861,元大全球未來通訊,1358,288,1070,群益金鼎,2024-06-12,9100
00679B,元大美債20年,1085,21,1064,群益金鼎,2024-06-12,9100
00650L,復華香港正2,1416,363,1053,群益金鼎,2024-06-12,9100
00891,中信關鍵半導體,1031,8,1023,群益金鼎,2024-06-12,9100
00642U,期元大S＆P石油,994,0,994,群益金鼎,2024-06-12,9100
1617,榮星,1001,20,981,群益金鼎,2024-06-12,9100
00927,群益半導體收益,897,14,883,群益金鼎,2024-06-12,9100
8070,長華*,904,30,874,群益金鼎,2024-06-12,9100
2885,元大金,950,109,841,群益金鼎,2024-06-12,9100
00939,統一台灣高息動能,1050,213,837,群益金鼎,2024-06-12,9100
1402,遠東新,830,8,822,群益金鼎,2024-06-12,9100
00894,中信小資高價30,770,0,770,群益金鼎,2024-06-12,9100
00772B,中信高評級公司債,1002,258,744,群益金鼎,2024-06-12,9100
1101,台泥,830,116,714,群益金鼎,2024-06-12,9100
00724B,群益投資級金融債,2559,1909,650,群益金鼎,2024-06-12,9100
00902,中信電池及儲能,602,0,602,群益金鼎,2024-06-12,9100
00882,中信中國高股息,1029,461,568,群益金鼎,2024-06-12,9100
00915,凱基優選高股息30,570,51,519,群益金鼎,2024-06-12,9100
6147,頎邦,509,2,507,群益金鼎,2024-06-12,9100
2385,群光,507,25,482,群益金鼎,2024-06-12,9100
2377,微星,488,7,481,群益金鼎,2024-06-12,9100
2344,華邦電,585,130,455,群益金鼎,2024-06-12,9100
2540,愛山林,451,6,445,群益金鼎,2024-06-12,9100
00916,國泰全球品牌50,434,1,433,群益金鼎,2024-06-12,9100
6216,居易,604,188,416,群益金鼎,2024-06-12,9100
1301,台塑,416,1,415,群益金鼎,2024-06-12,9100
00773B,中信優先金融債,409,1,408,群益金鼎,2024-06-12,9100
2412,中華電,405,3,402,群益金鼎,2024-06-12,9100
6278,台表科,403,1,402,群益金鼎,2024-06-12,9100
2881,富邦金,489,124,365,群益金鼎,2024-06-12,9100
00923,群益台ESG低碳50,570,206,364,群益金鼎,2024-06-12,9100
4979,華星光,427,72,355,群益金鼎,2024-06-12,9100
3703,欣陸,362,9,353,群益金鼎,2024-06-12,9100
1216,統一,343,2,341,群益金鼎,2024-06-12,9100
2382,廣達,387,54,333,群益金鼎,2024-06-12,9100
00944,野村趨勢動能高息,328,1,327,群益金鼎,2024-06-12,9100
00929,復華台灣科技優息,1154,828,326,群益金鼎,2024-06-12,9100
2301,光寶科,437,112,325,群益金鼎,2024-06-12,9100
6505,台塑化,348,28,320,群益金鼎,2024-06-12,9100
00720B,元大投資級公司債,349,31,318,群益金鼎,2024-06-12,9100
00937B,群益ESG投等債20,909,601,308,群益金鼎,2024-06-12,9100
2317,鴻海,446,152,294,群益金鼎,2024-06-12,9100
00940,元大台灣價值高息,32079,316,31763,群益金鼎,2024-06-13,9100
00893,國泰智能電動車,8736,2796,5940,群益金鼎,2024-06-13,9100
00688L,國泰20年美債正2,4332,5,4327,群益金鼎,2024-06-13,9100
00941,中信上游半導體,2546,3,2543,群益金鼎,2024-06-13,9100
00662,富邦NASDAQ,2450,50,2400,群益金鼎,2024-06-13,9100
2392,正崴,2068,78,1990,群益金鼎,2024-06-13,9100
00830,國泰費城半導體,2929,1200,1729,群益金鼎,2024-06-13,9100
00720B,元大投資級公司債,1510,8,1502,群益金鼎,2024-06-13,9100
00937B,群益ESG投等債20,5276,3822,1454,群益金鼎,2024-06-13,9100
2486,一詮,1549,99,1450,群益金鼎,2024-06-13,9100
00891,中信關鍵半導體,1529,112,1417,群益金鼎,2024-06-13,9100
00895,富邦未來車,1663,523,1140,群益金鼎,2024-06-13,9100
00931B,統一美債20年,1108,0,1108,群益金鼎,2024-06-13,9100
2303,聯電,1732,721,1011,群益金鼎,2024-06-13,9100
00680L,元大美債20正2,2416,1537,879,群益金鼎,2024-06-13,9100
00715L,期街口布蘭特正2,895,25,870,群益金鼎,2024-06-13,9100
2887,台新金,763,26,737,群益金鼎,2024-06-13,9100
00939,統一台灣高息動能,883,160,723,群益金鼎,2024-06-13,9100
4562,穎漢,744,41,703,群益金鼎,2024-06-13,9100
5880,合庫金,702,2,700,群益金鼎,2024-06-13,9100
2892,第一金,670,10,660,群益金鼎,2024-06-13,9100
1722,台肥,646,15,631,群益金鼎,2024-06-13,9100
00900,富邦特選高股息30,619,21,598,群益金鼎,2024-06-13,9100
6239,力成,645,49,596,群益金鼎,2024-06-13,9100
00919,群益台灣精選高息,1645,1058,587,群益金鼎,2024-06-13,9100
00751B,元大AAA至A公司債,541,0,541,群益金鼎,2024-06-13,9100
2890,永豐金,533,16,517,群益金鼎,2024-06-13,9100
00687B,國泰20年美債,1566,1076,490,群益金鼎,2024-06-13,9100
00712,復華富時不動產,490,6,484,群益金鼎,2024-06-13,9100
00876,元大全球5G,476,0,476,群益金鼎,2024-06-13,9100
00902,中信電池及儲能,461,23,438,群益金鼎,2024-06-13,9100
6770,力積電,734,298,436,群益金鼎,2024-06-13,9100
2449,京元電子,331,36,295,群益金鼎,2024-06-13,9100
00722B,群益投資級電信債,1719,1426,293,群益金鼎,2024-06-13,9100
00738U,期元大道瓊白銀,250,0,250,群益金鼎,2024-06-13,9100
1101,台泥,327,87,240,群益金鼎,2024-06-13,9100
5876,上海商銀,236,0,236,群益金鼎,2024-06-13,9100
6451,訊芯-KY,239,7,232,群益金鼎,2024-06-13,9100
6284,佳邦,232,1,231,群益金鼎,2024-06-13,9100
00885,富邦越南,222,0,222,群益金鼎,2024-06-13,9100
00857B,永豐20年美公債,318,100,218,群益金鼎,2024-06-13,9100
3665,貿聯-KY,287,71,216,群益金鼎,2024-06-13,9100
00859B,群益0-1年美債,263,50,213,群益金鼎,2024-06-13,9100
1504,東元,210,2,208,群益金鼎,2024-06-13,9100
8028,昇陽半導體,357,162,195,群益金鼎,2024-06-13,9100
00907,永豐優息存股,187,0,187,群益金鼎,2024-06-13,9100
2888,新光金,724,538,186,群益金鼎,2024-06-13,9100
2851,中再保,180,0,180,群益金鼎,2024-06-13,9100
3048,益登,351,179,172,群益金鼎,2024-06-13,9100
1503,士電,181,11,170,群益金鼎,2024-06-13,9100
00940,元大台灣價值高息,18142,82,18060,群益金鼎,2024-06-14,9100
00632R,元大台灣50反1,8173,10,8163,群益金鼎,2024-06-14,9100
00687B,國泰20年美債,2679,111,2568,群益金鼎,2024-06-14,9100
00757,統一FANG+,3200,1006,2194,群益金鼎,2024-06-14,9100
00679B,元大美債20年,2456,433,2023,群益金鼎,2024-06-14,9100
00720B,元大投資級公司債,3388,1714,1674,群益金鼎,2024-06-14,9100
00680L,元大美債20正2,1606,59,1547,群益金鼎,2024-06-14,9100
1618,合機,1555,16,1539,群益金鼎,2024-06-14,9100
00937B,群益ESG投等債20,4440,3314,1126,群益金鼎,2024-06-14,9100
1514,亞力,1082,41,1041,群益金鼎,2024-06-14,9100
00878,國泰永續高股息,987,19,968,群益金鼎,2024-06-14,9100
00941,中信上游半導體,913,15,898,群益金鼎,2024-06-14,9100
4566,時碩工業,891,15,876,群益金鼎,2024-06-14,9100
4562,穎漢,884,41,843,群益金鼎,2024-06-14,9100
00715L,期街口布蘭特正2,604,0,604,群益金鼎,2024-06-14,9100
00885,富邦越南,500,4,496,群益金鼎,2024-06-14,9100
00939,統一台灣高息動能,571,75,496,群益金鼎,2024-06-14,9100
1504,東元,490,6,484,群益金鼎,2024-06-14,9100
00907,永豐優息存股,469,10,459,群益金鼎,2024-06-14,9100
00751B,元大AAA至A公司債,434,0,434,群益金鼎,2024-06-14,9100
00929,復華台灣科技優息,656,243,413,群益金鼎,2024-06-14,9100
00900,富邦特選高股息30,410,0,410,群益金鼎,2024-06-14,9100
1584,精剛,395,0,395,群益金鼎,2024-06-14,9100
00706L,期元大S＆P日圓正2,383,0,383,群益金鼎,2024-06-14,9100
2615,萬海,896,517,379,群益金鼎,2024-06-14,9100
1609,大亞,554,177,377,群益金鼎,2024-06-14,9100
00927,群益半導體收益,335,38,297,群益金鼎,2024-06-14,9100
2301,光寶科,305,25,280,群益金鼎,2024-06-14,9100
00662,富邦NASDAQ,263,0,263,群益金鼎,2024-06-14,9100
2392,正崴,587,336,251,群益金鼎,2024-06-14,9100
00923,群益台ESG低碳50,256,9,247,群益金鼎,2024-06-14,9100
4402,郡都開發,240,0,240,群益金鼎,2024-06-14,9100
4979,華星光,233,9,224,群益金鼎,2024-06-14,9100
2382,廣達,284,72,212,群益金鼎,2024-06-14,9100
9105,泰金寶-DR,231,24,207,群益金鼎,2024-06-14,9100
00861,元大全球未來通訊,204,0,204,群益金鼎,2024-06-14,9100
2449,京元電子,308,121,187,群益金鼎,2024-06-14,9100
2486,一詮,430,252,178,群益金鼎,2024-06-14,9100
2455,全新,233,55,178,群益金鼎,2024-06-14,9100
5490,同亨,189,18,171,群益金鼎,2024-06-14,9100
1513,中興電,655,489,166,群益金鼎,2024-06-14,9100
2363,矽統,216,53,163,群益金鼎,2024-06-14,9100
00916,國泰全球品牌50,158,0,158,群益金鼎,2024-06-14,9100
4123,晟德,308,152,156,群益金鼎,2024-06-14,9100
3006,晶豪科,223,70,153,群益金鼎,2024-06-14,9100
00688L,國泰20年美債正2,185,35,150,群益金鼎,2024-06-14,9100
00651R,復華香港反1,150,0,150,群益金鼎,2024-06-14,9100
00903,富邦元宇宙,150,0,150,群益金鼎,2024-06-14,9100
00636,國泰中國A50,146,4,142,群益金鼎,2024-06-14,9100
2354,鴻準,152,11,141,群益金鼎,2024-06-14,9100
00940,元大台灣價值高息,15035,261,14774,群益金鼎,2024-06-17,9100
00939,統一台灣高息動能,5824,27,5797,群益金鼎,2024-06-17,9100
00680L,元大美債20正2,3329,179,3150,群益金鼎,2024-06-17,9100
00688L,國泰20年美債正2,2879,5,2874,群益金鼎,2024-06-17,9100
2891,中信金,2235,197,2038,群益金鼎,2024-06-17,9100
8096,擎亞,1606,42,1564,群益金鼎,2024-06-17,9100
00715L,期街口布蘭特正2,1376,0,1376,群益金鼎,2024-06-17,9100
3481,群創,2060,709,1351,群益金鼎,2024-06-17,9100
00900,富邦特選高股息30,1184,11,1173,群益金鼎,2024-06-17,9100
2412,中華電,1102,10,1092,群益金鼎,2024-06-17,9100
00662,富邦NASDAQ,922,50,872,群益金鼎,2024-06-17,9100
2371,大同,1216,383,833,群益金鼎,2024-06-17,9100
2385,群光,799,63,736,群益金鼎,2024-06-17,9100
4562,穎漢,800,82,718,群益金鼎,2024-06-17,9100
00665L,富邦�琤肭磪囓�2,1953,1399,554,群益金鼎,2024-06-17,9100
6706,惠特,566,17,549,群益金鼎,2024-06-17,9100
2308,台達電,618,99,519,群益金鼎,2024-06-17,9100
1802,台玻,776,270,506,群益金鼎,2024-06-17,9100
2330,台積電,506,74,432,群益金鼎,2024-06-17,9100
2206,三陽工業,472,48,424,群益金鼎,2024-06-17,9100
00795B,中信美國公債20年,430,8,422,群益金鼎,2024-06-17,9100
2540,愛山林,457,39,418,群益金鼎,2024-06-17,9100
2303,聯電,721,329,392,群益金鼎,2024-06-17,9100
00857B,永豐20年美公債,381,1,380,群益金鼎,2024-06-17,9100
0056,元大高股息,350,0,350,群益金鼎,2024-06-17,9100
6770,力積電,489,139,350,群益金鼎,2024-06-17,9100
6834,天二科技,320,0,320,群益金鼎,2024-06-17,9100
3622,洋華,364,65,299,群益金鼎,2024-06-17,9100
00888,永豐台灣ESG,261,0,261,群益金鼎,2024-06-17,9100
00876,元大全球5G,501,248,253,群益金鼎,2024-06-17,9100
9958,世紀鋼,325,78,247,群益金鼎,2024-06-17,9100
5425,台半,252,12,240,群益金鼎,2024-06-17,9100
3376,新日興,265,39,226,群益金鼎,2024-06-17,9100
2890,永豐金,252,33,219,群益金鼎,2024-06-17,9100
00878,國泰永續高股息,218,4,214,群益金鼎,2024-06-17,9100
00643,群益深証中小,810,606,204,群益金鼎,2024-06-17,9100
5439,高技,202,13,189,群益金鼎,2024-06-17,9100
00646,元大S＆P500,903,720,183,群益金鼎,2024-06-17,9100
5871,中租-KY,205,26,179,群益金鼎,2024-06-17,9100
2344,華邦電,257,78,179,群益金鼎,2024-06-17,9100
3665,貿聯-KY,181,6,175,群益金鼎,2024-06-17,9100
3035,智原,219,47,172,群益金鼎,2024-06-17,9100
5880,合庫金,203,32,171,群益金鼎,2024-06-17,9100
8996,高力,200,34,166,群益金鼎,2024-06-17,9100
4766,南寶,147,0,147,群益金鼎,2024-06-17,9100
2439,美律,142,2,140,群益金鼎,2024-06-17,9100
3008,大立光,143,15,128,群益金鼎,2024-06-17,9100
2360,致茂,141,15,126,群益金鼎,2024-06-17,9100
00885,富邦越南,115,0,115,群益金鼎,2024-06-17,9100
00679B,元大美債20年,202,87,115,群益金鼎,2024-06-17,9100
00940,元大台灣價值高息,17498,142,17356,群益金鼎,2024-06-18,9100
00715L,期街口布蘭特正2,3876,28,3848,群益金鼎,2024-06-18,9100
00632R,元大台灣50反1,3738,11,3727,群益金鼎,2024-06-18,9100
00720B,元大投資級公司債,2441,275,2166,群益金鼎,2024-06-18,9100
00757,統一FANG+,3062,1413,1649,群益金鼎,2024-06-18,9100
00688L,國泰20年美債正2,1150,0,1150,群益金鼎,2024-06-18,9100
00893,國泰智能電動車,1162,13,1149,群益金鼎,2024-06-18,9100
00939,統一台灣高息動能,1026,7,1019,群益金鼎,2024-06-18,9100
00642U,期元大S＆P石油,985,0,985,群益金鼎,2024-06-18,9100
2891,中信金,996,137,859,群益金鼎,2024-06-18,9100
00941,中信上游半導體,667,0,667,群益金鼎,2024-06-18,9100
2344,華邦電,1700,1253,447,群益金鼎,2024-06-18,9100
2408,南亞科,528,81,447,群益金鼎,2024-06-18,9100
00917,中信特選金融,453,13,440,群益金鼎,2024-06-18,9100
00680L,元大美債20正2,413,5,408,群益金鼎,2024-06-18,9100
00885,富邦越南,404,0,404,群益金鼎,2024-06-18,9100
00662,富邦NASDAQ,654,254,400,群益金鼎,2024-06-18,9100
1802,台玻,555,227,328,群益金鼎,2024-06-18,9100
3163,波若威,342,28,314,群益金鼎,2024-06-18,9100
00900,富邦特選高股息30,296,0,296,群益金鼎,2024-06-18,9100
2317,鴻海,444,167,277,群益金鼎,2024-06-18,9100
9105,泰金寶-DR,294,38,256,群益金鼎,2024-06-18,9100
4967,十銓,272,24,248,群益金鼎,2024-06-18,9100
5871,中租-KY,286,38,248,群益金鼎,2024-06-18,9100
00909,國泰數位支付服務,245,0,245,群益金鼎,2024-06-18,9100
2211,長榮鋼,277,34,243,群益金鼎,2024-06-18,9100
5876,上海商銀,222,1,221,群益金鼎,2024-06-18,9100
00725B,國泰投資級公司債,221,3,218,群益金鼎,2024-06-18,9100
4915,致伸,266,54,212,群益金鼎,2024-06-18,9100
00795B,中信美國公債20年,206,4,202,群益金鼎,2024-06-18,9100
3374,精材,218,17,201,群益金鼎,2024-06-18,9100
3081,聯亞,212,11,201,群益金鼎,2024-06-18,9100
2603,長榮,288,96,192,群益金鼎,2024-06-18,9100
1402,遠東新,211,22,189,群益金鼎,2024-06-18,9100
3260,威剛,194,6,188,群益金鼎,2024-06-18,9100
9934,成霖,185,1,184,群益金鼎,2024-06-18,9100
00902,中信電池及儲能,203,21,182,群益金鼎,2024-06-18,9100
6770,力積電,534,359,175,群益金鼎,2024-06-18,9100
3006,晶豪科,244,72,172,群益金鼎,2024-06-18,9100
00722B,群益投資級電信債,1594,1426,168,群益金鼎,2024-06-18,9100
6282,康舒,222,62,160,群益金鼎,2024-06-18,9100
4904,遠傳,156,1,155,群益金鼎,2024-06-18,9100
00643,群益深証中小,199,44,155,群益金鼎,2024-06-18,9100
3609,三一東林,197,43,154,群益金鼎,2024-06-18,9100
00916,國泰全球品牌50,151,2,149,群益金鼎,2024-06-18,9100
3711,日月光投控,173,31,142,群益金鼎,2024-06-18,9100
2609,陽明,393,255,138,群益金鼎,2024-06-18,9100
5457,宣德,192,54,138,群益金鼎,2024-06-18,9100
1513,中興電,316,178,138,群益金鼎,2024-06-18,9100
9958,世紀鋼,292,157,135,群益金鼎,2024-06-18,9100
2888,新光金,15522,592,14930,群益金鼎,2024-06-19,9100
00939,統一台灣高息動能,7016,560,6456,群益金鼎,2024-06-19,9100
2880,華南金,4120,0,4120,群益金鼎,2024-06-19,9100
2618,長榮航,4408,824,3584,群益金鼎,2024-06-19,9100
2603,長榮,1897,29,1868,群益金鼎,2024-06-19,9100
2882,國泰金,1602,163,1439,群益金鼎,2024-06-19,9100
00665L,富邦�琤肭磪囓�2,1280,3,1277,群益金鼎,2024-06-19,9100
00878,國泰永續高股息,1306,38,1268,群益金鼎,2024-06-19,9100
2884,玉山金,1360,117,1243,群益金鼎,2024-06-19,9100
00715L,期街口布蘭特正2,1229,2,1227,群益金鼎,2024-06-19,9100
2206,三陽工業,1238,247,991,群益金鼎,2024-06-19,9100
2801,彰銀,747,1,746,群益金鼎,2024-06-19,9100
1802,台玻,917,259,658,群益金鼎,2024-06-19,9100
2609,陽明,809,198,611,群益金鼎,2024-06-19,9100
2303,聯電,714,127,587,群益金鼎,2024-06-19,9100
2834,臺企銀,725,166,559,群益金鼎,2024-06-19,9100
2356,英業達,630,79,551,群益金鼎,2024-06-19,9100
00948B,中信優息投資級債,529,1,528,群益金鼎,2024-06-19,9100
00857B,永豐20年美公債,500,1,499,群益金鼎,2024-06-19,9100
4909,新復興,502,5,497,群益金鼎,2024-06-19,9100
2313,華通,555,66,489,群益金鼎,2024-06-19,9100
2542,興富發,586,102,484,群益金鼎,2024-06-19,9100
00885,富邦越南,501,21,480,群益金鼎,2024-06-19,9100
6147,頎邦,561,101,460,群益金鼎,2024-06-19,9100
2408,南亞科,587,144,443,群益金鼎,2024-06-19,9100
00937B,群益ESG投等債20,489,47,442,群益金鼎,2024-06-19,9100
3231,緯創,560,164,396,群益金鼎,2024-06-19,9100
3665,貿聯-KY,425,70,355,群益金鼎,2024-06-19,9100
2449,京元電子,477,134,343,群益金鼎,2024-06-19,9100
2520,冠德,484,157,327,群益金鼎,2024-06-19,9100
2881,富邦金,494,175,319,群益金鼎,2024-06-19,9100
00893,國泰智能電動車,288,1,287,群益金鼎,2024-06-19,9100
00650L,復華香港正2,279,3,276,群益金鼎,2024-06-19,9100
00679B,元大美債20年,338,66,272,群益金鼎,2024-06-19,9100
3019,亞光,273,2,271,群益金鼎,2024-06-19,9100
1513,中興電,413,154,259,群益金鼎,2024-06-19,9100
3044,健鼎,279,22,257,群益金鼎,2024-06-19,9100
00929,復華台灣科技優息,423,192,231,群益金鼎,2024-06-19,9100
3324,雙鴻,232,38,194,群益金鼎,2024-06-19,9100
00941,中信上游半導體,254,63,191,群益金鼎,2024-06-19,9100
00631L,元大台灣50正2,239,57,182,群益金鼎,2024-06-19,9100
3033,威健,259,84,175,群益金鼎,2024-06-19,9100
2855,統一證,193,27,166,群益金鼎,2024-06-19,9100
2347,聯強,179,16,163,群益金鼎,2024-06-19,9100
4306,炎洲,173,11,162,群益金鼎,2024-06-19,9100
2353,宏��,301,144,157,群益金鼎,2024-06-19,9100
00903,富邦元宇宙,150,0,150,群益金鼎,2024-06-19,9100
2385,群光,176,28,148,群益金鼎,2024-06-19,9100
2308,台達電,238,90,148,群益金鼎,2024-06-19,9100
0052,富邦科技,164,19,145,群益金鼎,2024-06-19,9100
00919,群益台灣精選高息,2480,240,2240,群益金鼎,2024-06-20,9100
00941,中信上游半導體,2006,1,2005,群益金鼎,2024-06-20,9100
3163,波若威,1735,192,1543,群益金鼎,2024-06-20,9100
2618,長榮航,1992,623,1369,群益金鼎,2024-06-20,9100
3374,精材,1048,38,1010,群益金鼎,2024-06-20,9100
2609,陽明,1024,40,984,群益金鼎,2024-06-20,9100
2354,鴻準,1077,94,983,群益金鼎,2024-06-20,9100
2903,遠百,1033,116,917,群益金鼎,2024-06-20,9100
00715L,期街口布蘭特正2,819,17,802,群益金鼎,2024-06-20,9100
2809,京城銀,863,95,768,群益金鼎,2024-06-20,9100
2855,統一證,721,108,613,群益金鼎,2024-06-20,9100
2501,國建,605,77,528,群益金鼎,2024-06-20,9100
4562,穎漢,561,61,500,群益金鼎,2024-06-20,9100
00931B,統一美債20年,508,26,482,群益金鼎,2024-06-20,9100
00686R,群益臺灣加權反1,450,0,450,群益金鼎,2024-06-20,9100
2540,愛山林,453,7,446,群益金鼎,2024-06-20,9100
3006,晶豪科,507,62,445,群益金鼎,2024-06-20,9100
2303,聯電,883,444,439,群益金鼎,2024-06-20,9100
2885,元大金,562,129,433,群益金鼎,2024-06-20,9100
00665L,富邦�琤肭磪囓�2,428,2,426,群益金鼎,2024-06-20,9100
2606,裕民,401,5,396,群益金鼎,2024-06-20,9100
4123,晟德,709,334,375,群益金鼎,2024-06-20,9100
1707,葡萄王,373,0,373,群益金鼎,2024-06-20,9100
2603,長榮,431,60,371,群益金鼎,2024-06-20,9100
2382,廣達,1427,1064,363,群益金鼎,2024-06-20,9100
2886,兆豐金,343,1,342,群益金鼎,2024-06-20,9100
2891,中信金,345,37,308,群益金鼎,2024-06-20,9100
2330,台積電,787,499,288,群益金鼎,2024-06-20,9100
2317,鴻海,389,112,277,群益金鼎,2024-06-20,9100
2884,玉山金,339,74,265,群益金鼎,2024-06-20,9100
1712,興農,281,28,253,群益金鼎,2024-06-20,9100
2338,光罩,272,21,251,群益金鼎,2024-06-20,9100
2880,華南金,248,1,247,群益金鼎,2024-06-20,9100
1513,中興電,372,129,243,群益金鼎,2024-06-20,9100
2881,富邦金,274,32,242,群益金鼎,2024-06-20,9100
2615,萬海,675,434,241,群益金鼎,2024-06-20,9100
2801,彰銀,239,0,239,群益金鼎,2024-06-20,9100
6770,力積電,242,13,229,群益金鼎,2024-06-20,9100
5880,合庫金,229,2,227,群益金鼎,2024-06-20,9100
2887,台新金,263,39,224,群益金鼎,2024-06-20,9100
2301,光寶科,281,59,222,群益金鼎,2024-06-20,9100
00924,復華S＆P500成長,210,0,210,群益金鼎,2024-06-20,9100
9914,美利達,209,0,209,群益金鼎,2024-06-20,9100
2385,群光,385,176,209,群益金鼎,2024-06-20,9100
2892,第一金,207,0,207,群益金鼎,2024-06-20,9100
2356,英業達,624,420,204,群益金鼎,2024-06-20,9100
2376,技嘉,307,106,201,群益金鼎,2024-06-20,9100
2883,凱基金,227,28,199,群益金鼎,2024-06-20,9100
5009,榮剛,197,3,194,群益金鼎,2024-06-20,9100
00929,復華台灣科技優息,251,59,192,群益金鼎,2024-06-20,9100
2303,聯電,3320,131,3189,群益金鼎,2024-06-21,9100
3062,建漢,3291,157,3134,群益金鼎,2024-06-21,9100
3481,群創,2875,57,2818,群益金鼎,2024-06-21,9100
00720B,元大投資級公司債,2671,0,2671,群益金鼎,2024-06-21,9100
3231,緯創,2613,108,2505,群益金鼎,2024-06-21,9100
00939,統一台灣高息動能,2381,16,2365,群益金鼎,2024-06-21,9100
3047,訊舟,2085,114,1971,群益金鼎,2024-06-21,9100
00715L,期街口布蘭特正2,1801,22,1779,群益金鼎,2024-06-21,9100
2206,三陽工業,1730,56,1674,群益金鼎,2024-06-21,9100
00891,中信關鍵半導體,1505,3,1502,群益金鼎,2024-06-21,9100
00893,國泰智能電動車,1582,290,1292,群益金鼎,2024-06-21,9100
00646,元大S＆P500,2610,1390,1220,群益金鼎,2024-06-21,9100
00876,元大全球5G,1202,139,1063,群益金鼎,2024-06-21,9100
3535,晶彩科,989,10,979,群益金鼎,2024-06-21,9100
2489,瑞軒,933,111,822,群益金鼎,2024-06-21,9100
00861,元大全球未來通訊,947,172,775,群益金鼎,2024-06-21,9100
00671R,富邦NASDAQ反1,1000,268,732,群益金鼎,2024-06-21,9100
1722,台肥,710,1,709,群益金鼎,2024-06-21,9100
1101,台泥,785,82,703,群益金鼎,2024-06-21,9100
3580,友威科,741,47,694,群益金鼎,2024-06-21,9100
3264,欣銓,654,72,582,群益金鼎,2024-06-21,9100
00772B,中信高評級公司債,569,0,569,群益金鼎,2024-06-21,9100
00885,富邦越南,565,0,565,群益金鼎,2024-06-21,9100
1402,遠東新,528,0,528,群益金鼎,2024-06-21,9100
00679B,元大美債20年,614,136,478,群益金鼎,2024-06-21,9100
2385,群光,637,193,444,群益金鼎,2024-06-21,9100
6530,創威,434,10,424,群益金鼎,2024-06-21,9100
2888,新光金,833,426,407,群益金鼎,2024-06-21,9100
3017,奇鋐,441,81,360,群益金鼎,2024-06-21,9100
00688L,國泰20年美債正2,355,0,355,群益金鼎,2024-06-21,9100
6278,台表科,372,21,351,群益金鼎,2024-06-21,9100
00795B,中信美國公債20年,350,3,347,群益金鼎,2024-06-21,9100
6269,台郡,361,25,336,群益金鼎,2024-06-21,9100
2609,陽明,1688,1362,326,群益金鼎,2024-06-21,9100
2885,元大金,424,108,316,群益金鼎,2024-06-21,9100
4768,晶呈科技,298,1,297,群益金鼎,2024-06-21,9100
00941,中信上游半導體,500,206,294,群益金鼎,2024-06-21,9100
2892,第一金,294,1,293,群益金鼎,2024-06-21,9100
2409,友達,859,575,284,群益金鼎,2024-06-21,9100
00926,凱基全球菁英55,263,9,254,群益金鼎,2024-06-21,9100
4977,眾達-KY,254,31,223,群益金鼎,2024-06-21,9100
6560,欣普羅,220,0,220,群益金鼎,2024-06-21,9100
2337,旺宏,212,2,210,群益金鼎,2024-06-21,9100
2379,瑞昱,321,114,207,群益金鼎,2024-06-21,9100
00864B,中信美國公債0-1,458,252,206,群益金鼎,2024-06-21,9100
3297,杭特,202,3,199,群益金鼎,2024-06-21,9100
2492,華新科,218,25,193,群益金鼎,2024-06-21,9100
6834,天二科技,202,10,192,群益金鼎,2024-06-21,9100
5388,中磊,195,5,190,群益金鼎,2024-06-21,9100
3376,新日興,227,38,189,群益金鼎,2024-06-21,9100
00632R,元大台灣50反1,23499,6504,16995,群益金鼎,2024-06-24,9100
1402,遠東新,10170,28,10142,群益金鼎,2024-06-24,9100
00637L,元大滬深300正2,7884,2522,5362,群益金鼎,2024-06-24,9100
2890,永豐金,4288,140,4148,群益金鼎,2024-06-24,9100
00646,元大S＆P500,3789,773,3016,群益金鼎,2024-06-24,9100
2618,長榮航,3783,808,2975,群益金鼎,2024-06-24,9100
2105,正新,2691,20,2671,群益金鼎,2024-06-24,9100
00893,國泰智能電動車,2511,10,2501,群益金鼎,2024-06-24,9100
00662,富邦NASDAQ,4023,1561,2462,群益金鼎,2024-06-24,9100
00830,國泰費城半導體,2382,288,2094,群益金鼎,2024-06-24,9100
00939,統一台灣高息動能,2079,22,2057,群益金鼎,2024-06-24,9100
00723B,群益投資級科技債,2086,45,2041,群益金鼎,2024-06-24,9100
00724B,群益投資級金融債,3879,2369,1510,群益金鼎,2024-06-24,9100
2383,台光電,1469,22,1447,群益金鼎,2024-06-24,9100
2885,元大金,1401,137,1264,群益金鼎,2024-06-24,9100
3580,友威科,2951,1721,1230,群益金鼎,2024-06-24,9100
00895,富邦未來車,1308,106,1202,群益金鼎,2024-06-24,9100
00940,元大台灣價值高息,1197,4,1193,群益金鼎,2024-06-24,9100
00909,國泰數位支付服務,1295,150,1145,群益金鼎,2024-06-24,9100
00633L,富邦上証正2,1064,2,1062,群益金鼎,2024-06-24,9100
3481,群創,10466,9463,1003,群益金鼎,2024-06-24,9100
00664R,國泰臺灣加權反1,803,0,803,群益金鼎,2024-06-24,9100
00941,中信上游半導體,1078,288,790,群益金鼎,2024-06-24,9100
00665L,富邦�琤肭磪囓�2,2145,1535,610,群益金鼎,2024-06-24,9100
3264,欣銓,614,34,580,群益金鼎,2024-06-24,9100
00715L,期街口布蘭特正2,559,4,555,群益金鼎,2024-06-24,9100
00900,富邦特選高股息30,545,2,543,群益金鼎,2024-06-24,9100
4915,致伸,563,41,522,群益金鼎,2024-06-24,9100
2385,群光,517,11,506,群益金鼎,2024-06-24,9100
1216,統一,502,1,501,群益金鼎,2024-06-24,9100
00725B,國泰投資級公司債,464,6,458,群益金鼎,2024-06-24,9100
2540,愛山林,451,18,433,群益金鼎,2024-06-24,9100
8064,東捷,450,24,426,群益金鼎,2024-06-24,9100
2301,光寶科,435,35,400,群益金鼎,2024-06-24,9100
00772B,中信高評級公司債,482,100,382,群益金鼎,2024-06-24,9100
0050,元大台灣50,467,102,365,群益金鼎,2024-06-24,9100
00643,群益深証中小,615,257,358,群益金鼎,2024-06-24,9100
00925,新光標普電動車,300,3,297,群益金鼎,2024-06-24,9100
1314,中石化,468,174,294,群益金鼎,2024-06-24,9100
2449,京元電子,507,218,289,群益金鼎,2024-06-24,9100
00922,國泰台灣領袖50,268,7,261,群益金鼎,2024-06-24,9100
2542,興富發,249,4,245,群益金鼎,2024-06-24,9100
00903,富邦元宇宙,250,9,241,群益金鼎,2024-06-24,9100
00645,富邦日本,240,0,240,群益金鼎,2024-06-24,9100
00679B,元大美債20年,317,90,227,群益金鼎,2024-06-24,9100
1802,台玻,415,197,218,群益金鼎,2024-06-24,9100
2313,華通,266,59,207,群益金鼎,2024-06-24,9100
00923,群益台ESG低碳50,264,66,198,群益金鼎,2024-06-24,9100
5388,中磊,238,41,197,群益金鼎,2024-06-24,9100
2913,農林,207,14,193,群益金鼎,2024-06-24,9100
00632R,元大台灣50反1,20133,0,20133,群益金鼎,2024-06-25,9100
1319,東陽,5767,11,5756,群益金鼎,2024-06-25,9100
00948B,中信優息投資級債,4303,46,4257,群益金鼎,2024-06-25,9100
00725B,國泰投資級公司債,3438,1,3437,群益金鼎,2024-06-25,9100
4938,和碩,3449,71,3378,群益金鼎,2024-06-25,9100
00893,國泰智能電動車,3469,250,3219,群益金鼎,2024-06-25,9100
00723B,群益投資級科技債,3482,320,3162,群益金鼎,2024-06-25,9100
00720B,元大投資級公司債,2799,0,2799,群益金鼎,2024-06-25,9100
00936,台新永續高息中小,2800,11,2789,群益金鼎,2024-06-25,9100
00637L,元大滬深300正2,1867,0,1867,群益金鼎,2024-06-25,9100
00941,中信上游半導體,1882,17,1865,群益金鼎,2024-06-25,9100
00671R,富邦NASDAQ反1,1761,2,1759,群益金鼎,2024-06-25,9100
00665L,富邦�琤肭磪囓�2,1700,0,1700,群益金鼎,2024-06-25,9100
00662,富邦NASDAQ,1503,4,1499,群益金鼎,2024-06-25,9100
00937B,群益ESG投等債20,3973,2480,1493,群益金鼎,2024-06-25,9100
6285,啟��,1474,199,1275,群益金鼎,2024-06-25,9100
00646,元大S＆P500,2197,977,1220,群益金鼎,2024-06-25,9100
3264,欣銓,1204,14,1190,群益金鼎,2024-06-25,9100
3702,大聯大,1109,7,1102,群益金鼎,2024-06-25,9100
8112,至上,1312,217,1095,群益金鼎,2024-06-25,9100
00751B,元大AAA至A公司債,1087,40,1047,群益金鼎,2024-06-25,9100
00939,統一台灣高息動能,1105,101,1004,群益金鼎,2024-06-25,9100
2891,中信金,972,3,969,群益金鼎,2024-06-25,9100
2303,聯電,894,11,883,群益金鼎,2024-06-25,9100
00772B,中信高評級公司債,850,11,839,群益金鼎,2024-06-25,9100
00712,復華富時不動產,832,0,832,群益金鼎,2024-06-25,9100
00664R,國泰臺灣加權反1,803,0,803,群益金鼎,2024-06-25,9100
6239,力成,842,80,762,群益金鼎,2024-06-25,9100
00724B,群益投資級金融債,1584,876,708,群益金鼎,2024-06-25,9100
6147,頎邦,703,10,693,群益金鼎,2024-06-25,9100
00862B,中信投資級公司債,720,100,620,群益金鼎,2024-06-25,9100
00722B,群益投資級電信債,2700,2095,605,群益金鼎,2024-06-25,9100
6191,精成科,595,0,595,群益金鼎,2024-06-25,9100
00917,中信特選金融,586,0,586,群益金鼎,2024-06-25,9100
00764B,群益25年美債,3448,2901,547,群益金鼎,2024-06-25,9100
3044,健鼎,818,282,536,群益金鼎,2024-06-25,9100
2401,凌陽,567,35,532,群益金鼎,2024-06-25,9100
0050,元大台灣50,568,57,511,群益金鼎,2024-06-25,9100
3289,宜特,505,21,484,群益金鼎,2024-06-25,9100
00940,元大台灣價值高息,476,56,420,群益金鼎,2024-06-25,9100
6176,瑞儀,432,21,411,群益金鼎,2024-06-25,9100
00773B,中信優先金融債,411,1,410,群益金鼎,2024-06-25,9100
00674R,期元大S＆P黃金反1,380,0,380,群益金鼎,2024-06-25,9100
2603,長榮,594,243,351,群益金鼎,2024-06-25,9100
9921,巨大,355,12,343,群益金鼎,2024-06-25,9100
00633L,富邦上証正2,342,0,342,群益金鼎,2024-06-25,9100
2317,鴻海,379,43,336,群益金鼎,2024-06-25,9100
00895,富邦未來車,436,102,334,群益金鼎,2024-06-25,9100
1609,大亞,329,20,309,群益金鼎,2024-06-25,9100
00942B,台新美A公司債20+,310,1,309,群益金鼎,2024-06-25,9100
00632R,元大台灣50反1,12844,1,12843,群益金鼎,2024-06-26,9100
00646,元大S＆P500,6450,917,5533,群益金鼎,2024-06-26,9100
3047,訊舟,5040,156,4884,群益金鼎,2024-06-26,9100
2888,新光金,3607,1,3606,群益金鼎,2024-06-26,9100
00664R,國泰臺灣加權反1,3465,0,3465,群益金鼎,2024-06-26,9100
8064,東捷,1534,4,1530,群益金鼎,2024-06-26,9100
3450,聯鈞,1631,141,1490,群益金鼎,2024-06-26,9100
00900,富邦特選高股息30,1397,6,1391,群益金鼎,2024-06-26,9100
00940,元大台灣價值高息,1126,189,937,群益金鼎,2024-06-26,9100
4938,和碩,924,1,923,群益金鼎,2024-06-26,9100
1722,台肥,901,4,897,群益金鼎,2024-06-26,9100
00939,統一台灣高息動能,831,3,828,群益金鼎,2024-06-26,9100
00917,中信特選金融,809,0,809,群益金鼎,2024-06-26,9100
00925,新光標普電動車,804,0,804,群益金鼎,2024-06-26,9100
2303,聯電,958,257,701,群益金鼎,2024-06-26,9100
00645,富邦日本,702,2,700,群益金鼎,2024-06-26,9100
1314,中石化,628,12,616,群益金鼎,2024-06-26,9100
3581,博磊,718,119,599,群益金鼎,2024-06-26,9100
4561,健椿,536,26,510,群益金鼎,2024-06-26,9100
00937B,群益ESG投等債20,464,1,463,群益金鼎,2024-06-26,9100
2540,愛山林,447,0,447,群益金鼎,2024-06-26,9100
00679B,元大美債20年,505,84,421,群益金鼎,2024-06-26,9100
00909,國泰數位支付服務,568,150,418,群益金鼎,2024-06-26,9100
00892,富邦台灣半導體,504,101,403,群益金鼎,2024-06-26,9100
00715L,期街口布蘭特正2,402,0,402,群益金鼎,2024-06-26,9100
00643,群益深証中小,780,399,381,群益金鼎,2024-06-26,9100
2385,群光,371,2,369,群益金鼎,2024-06-26,9100
00897,富邦基因免疫生技,360,3,357,群益金鼎,2024-06-26,9100
00902,中信電池及儲能,396,40,356,群益金鼎,2024-06-26,9100
4532,瑞智,355,6,349,群益金鼎,2024-06-26,9100
00888,永豐台灣ESG,348,2,346,群益金鼎,2024-06-26,9100
00927,群益半導體收益,362,22,340,群益金鼎,2024-06-26,9100
00636,國泰中國A50,344,40,304,群益金鼎,2024-06-26,9100
00881,國泰台灣5G+,311,11,300,群益金鼎,2024-06-26,9100
6928,攸泰科技,300,0,300,群益金鼎,2024-06-26,9100
2880,華南金,300,3,297,群益金鼎,2024-06-26,9100
00637L,元大滬深300正2,473,179,294,群益金鼎,2024-06-26,9100
3666,光耀,280,6,274,群益金鼎,2024-06-26,9100
00946,群益科技高息成長,1065,815,250,群益金鼎,2024-06-26,9100
00934,中信成長高股息,249,0,249,群益金鼎,2024-06-26,9100
2884,玉山金,247,0,247,群益金鼎,2024-06-26,9100
2367,燿華,230,0,230,群益金鼎,2024-06-26,9100
00893,國泰智能電動車,630,400,230,群益金鼎,2024-06-26,9100
2317,鴻海,398,184,214,群益金鼎,2024-06-26,9100
00923,群益台ESG低碳50,334,122,212,群益金鼎,2024-06-26,9100
00885,富邦越南,207,0,207,群益金鼎,2024-06-26,9100
00650L,復華香港正2,1370,1164,206,群益金鼎,2024-06-26,9100
00903,富邦元宇宙,202,0,202,群益金鼎,2024-06-26,9100
00947,台新臺灣IC設計,201,3,198,群益金鼎,2024-06-26,9100
2882,國泰金,243,55,188,群益金鼎,2024-06-26,9100
00637L,元大滬深300正2,13641,530,13111,群益金鼎,2024-06-27,9100
00940,元大台灣價值高息,10527,1222,9305,群益金鼎,2024-06-27,9100
2303,聯電,2728,118,2610,群益金鼎,2024-06-27,9100
00632R,元大台灣50反1,2497,16,2481,群益金鼎,2024-06-27,9100
3260,威剛,2474,94,2380,群益金鼎,2024-06-27,9100
3702,大聯大,2000,10,1990,群益金鼎,2024-06-27,9100
00671R,富邦NASDAQ反1,1886,30,1856,群益金鼎,2024-06-27,9100
2605,新興,1783,23,1760,群益金鼎,2024-06-27,9100
6244,茂迪,1770,166,1604,群益金鼎,2024-06-27,9100
00664R,國泰臺灣加權反1,1158,0,1158,群益金鼎,2024-06-27,9100
2882,國泰金,1145,12,1133,群益金鼎,2024-06-27,9100
2406,國碩,1063,64,999,群益金鼎,2024-06-27,9100
4909,新復興,1007,8,999,群益金鼎,2024-06-27,9100
00795B,中信美國公債20年,984,0,984,群益金鼎,2024-06-27,9100
2610,華航,1082,196,886,群益金鼎,2024-06-27,9100
3581,博磊,920,36,884,群益金鼎,2024-06-27,9100
00662,富邦NASDAQ,865,0,865,群益金鼎,2024-06-27,9100
00645,富邦日本,800,0,800,群益金鼎,2024-06-27,9100
3711,日月光投控,792,2,790,群益金鼎,2024-06-27,9100
3481,群創,664,39,625,群益金鼎,2024-06-27,9100
00772B,中信高評級公司債,613,14,599,群益金鼎,2024-06-27,9100
00941,中信上游半導體,537,1,536,群益金鼎,2024-06-27,9100
00931B,統一美債20年,519,0,519,群益金鼎,2024-06-27,9100
2520,冠德,507,7,500,群益金鼎,2024-06-27,9100
2324,仁寶,515,17,498,群益金鼎,2024-06-27,9100
2317,鴻海,606,109,497,群益金鼎,2024-06-27,9100
00893,國泰智能電動車,427,2,425,群益金鼎,2024-06-27,9100
2618,長榮航,613,210,403,群益金鼎,2024-06-27,9100
2606,裕民,393,4,389,群益金鼎,2024-06-27,9100
00917,中信特選金融,375,0,375,群益金鼎,2024-06-27,9100
2609,陽明,400,36,364,群益金鼎,2024-06-27,9100
00636,國泰中國A50,442,115,327,群益金鼎,2024-06-27,9100
4402,郡都開發,310,0,310,群益金鼎,2024-06-27,9100
3376,新日興,366,78,288,群益金鼎,2024-06-27,9100
5347,世界,282,4,278,群益金鼎,2024-06-27,9100
2371,大同,359,85,274,群益金鼎,2024-06-27,9100
1216,統一,264,3,261,群益金鼎,2024-06-27,9100
6443,元晶,299,38,261,群益金鼎,2024-06-27,9100
00915,凱基優選高股息30,281,25,256,群益金鼎,2024-06-27,9100
2377,微星,250,5,245,群益金鼎,2024-06-27,9100
4958,臻鼎-KY,313,71,242,群益金鼎,2024-06-27,9100
8299,群聯,235,0,235,群益金鼎,2024-06-27,9100
2330,台積電,375,150,225,群益金鼎,2024-06-27,9100
4167,松瑞藥,396,173,223,群益金鼎,2024-06-27,9100
3035,智原,239,17,222,群益金鼎,2024-06-27,9100
00903,富邦元宇宙,216,0,216,群益金鼎,2024-06-27,9100
1795,美時,214,7,207,群益金鼎,2024-06-27,9100
00945B,凱基美國非投等債,200,0,200,群益金鼎,2024-06-27,9100
2353,宏��,198,5,193,群益金鼎,2024-06-27,9100
00719B,元大美債1-3,301,113,188,群益金鼎,2024-06-27,9100
3045,台灣大,9251,16,9235,群益金鼎,2024-06-28,9100
00940,元大台灣價值高息,9661,1032,8629,群益金鼎,2024-06-28,9100
5347,世界,6961,707,6254,群益金鼎,2024-06-28,9100
2891,中信金,5232,33,5199,群益金鼎,2024-06-28,9100
4904,遠傳,4943,9,4934,群益金鼎,2024-06-28,9100
00637L,元大滬深300正2,3861,20,3841,群益金鼎,2024-06-28,9100
2889,國票金,2736,8,2728,群益金鼎,2024-06-28,9100
8112,至上,4433,1827,2606,群益金鼎,2024-06-28,9100
00665L,富邦�琤肭磪囓�2,2826,260,2566,群益金鼎,2024-06-28,9100
3535,晶彩科,1501,14,1487,群益金鼎,2024-06-28,9100
2303,聯電,1526,54,1472,群益金鼎,2024-06-28,9100
2393,億光,1279,8,1271,群益金鼎,2024-06-28,9100
6117,迎廣,1228,7,1221,群益金鼎,2024-06-28,9100
2881,富邦金,1008,39,969,群益金鼎,2024-06-28,9100
00893,國泰智能電動車,1285,542,743,群益金鼎,2024-06-28,9100
3296,勝德,717,14,703,群益金鼎,2024-06-28,9100
00878,國泰永續高股息,766,137,629,群益金鼎,2024-06-28,9100
3005,神基,736,151,585,群益金鼎,2024-06-28,9100
00715L,期街口布蘭特正2,575,0,575,群益金鼎,2024-06-28,9100
00830,國泰費城半導體,699,126,573,群益金鼎,2024-06-28,9100
2882,國泰金,521,18,503,群益金鼎,2024-06-28,9100
2317,鴻海,908,410,498,群益金鼎,2024-06-28,9100
00919,群益台灣精選高息,1786,1315,471,群益金鼎,2024-06-28,9100
3481,群創,562,105,457,群益金鼎,2024-06-28,9100
2540,愛山林,455,2,453,群益金鼎,2024-06-28,9100
4961,天鈺,458,6,452,群益金鼎,2024-06-28,9100
00664R,國泰臺灣加權反1,422,0,422,群益金鼎,2024-06-28,9100
00945B,凱基美國非投等債,401,0,401,群益金鼎,2024-06-28,9100
00882,中信中國高股息,357,5,352,群益金鼎,2024-06-28,9100
00900,富邦特選高股息30,747,446,301,群益金鼎,2024-06-28,9100
2377,微星,300,2,298,群益金鼎,2024-06-28,9100
6895,宏碩系統,287,1,286,群益金鼎,2024-06-28,9100
00924,復華S＆P500成長,264,0,264,群益金鼎,2024-06-28,9100
00902,中信電池及儲能,324,76,248,群益金鼎,2024-06-28,9100
00876,元大全球5G,246,0,246,群益金鼎,2024-06-28,9100
2371,大同,356,121,235,群益金鼎,2024-06-28,9100
00669R,國泰美國道瓊反1,231,4,227,群益金鼎,2024-06-28,9100
2609,陽明,266,46,220,群益金鼎,2024-06-28,9100
2352,佳世達,330,116,214,群益金鼎,2024-06-28,9100
2353,宏��,206,2,204,群益金鼎,2024-06-28,9100
00946,群益科技高息成長,936,738,198,群益金鼎,2024-06-28,9100
2323,中環,190,4,186,群益金鼎,2024-06-28,9100
00633L,富邦上証正2,179,0,179,群益金鼎,2024-06-28,9100
2495,普安,183,5,178,群益金鼎,2024-06-28,9100
4977,眾達-KY,226,50,176,群益金鼎,2024-06-28,9100
00645,富邦日本,280,112,168,群益金鼎,2024-06-28,9100
2455,全新,213,48,165,群益金鼎,2024-06-28,9100
4967,十銓,158,6,152,群益金鼎,2024-06-28,9100
00764B,群益25年美債,3539,3400,139,群益金鼎,2024-06-28,9100
3587,閎康,158,20,138,群益金鼎,2024-06-28,9100
00940,元大台灣價值高息,14897,625,14272,群益金鼎,2024-07-01,9100
5347,世界,10732,453,10279,群益金鼎,2024-07-01,9100
2888,新光金,10045,392,9653,群益金鼎,2024-07-01,9100
2303,聯電,9128,1086,8042,群益金鼎,2024-07-01,9100
3045,台灣大,7709,2,7707,群益金鼎,2024-07-01,9100
3047,訊舟,3998,17,3981,群益金鼎,2024-07-01,9100
4904,遠傳,3791,20,3771,群益金鼎,2024-07-01,9100
2301,光寶科,3620,70,3550,群益金鼎,2024-07-01,9100
00939,統一台灣高息動能,3935,474,3461,群益金鼎,2024-07-01,9100
3535,晶彩科,1628,125,1503,群益金鼎,2024-07-01,9100
00671R,富邦NASDAQ反1,1065,4,1061,群益金鼎,2024-07-01,9100
8112,至上,1178,131,1047,群益金鼎,2024-07-01,9100
8064,東捷,1077,31,1046,群益金鼎,2024-07-01,9100
00664R,國泰臺灣加權反1,772,0,772,群益金鼎,2024-07-01,9100
00917,中信特選金融,625,1,624,群益金鼎,2024-07-01,9100
00715L,期街口布蘭特正2,545,0,545,群益金鼎,2024-07-01,9100
1612,宏泰,545,2,543,群益金鼎,2024-07-01,9100
5871,中租-KY,501,10,491,群益金鼎,2024-07-01,9100
00637L,元大滬深300正2,656,181,475,群益金鼎,2024-07-01,9100
00773B,中信優先金融債,573,101,472,群益金鼎,2024-07-01,9100
00927,群益半導體收益,1025,554,471,群益金鼎,2024-07-01,9100
00645,富邦日本,414,0,414,群益金鼎,2024-07-01,9100
00662,富邦NASDAQ,441,51,390,群益金鼎,2024-07-01,9100
6770,力積電,366,18,348,群益金鼎,2024-07-01,9100
6117,迎廣,853,506,347,群益金鼎,2024-07-01,9100
2354,鴻準,330,27,303,群益金鼎,2024-07-01,9100
00946,群益科技高息成長,1144,873,271,群益金鼎,2024-07-01,9100
00902,中信電池及儲能,247,0,247,群益金鼎,2024-07-01,9100
00943,兆豐電子高息等權,237,0,237,群益金鼎,2024-07-01,9100
2352,佳世達,251,32,219,群益金鼎,2024-07-01,9100
2890,永豐金,223,5,218,群益金鼎,2024-07-01,9100
6928,攸泰科技,338,121,217,群益金鼎,2024-07-01,9100
6790,永豐實,200,0,200,群益金鼎,2024-07-01,9100
00650L,復華香港正2,299,106,193,群益金鼎,2024-07-01,9100
00878,國泰永續高股息,194,4,190,群益金鼎,2024-07-01,9100
6269,台郡,209,21,188,群益金鼎,2024-07-01,9100
00876,元大全球5G,441,257,184,群益金鼎,2024-07-01,9100
2331,精英,167,0,167,群益金鼎,2024-07-01,9100
6698,旭暉應材,169,7,162,群益金鼎,2024-07-01,9100
1584,精剛,164,6,158,群益金鼎,2024-07-01,9100
1806,冠軍,160,3,157,群益金鼎,2024-07-01,9100
6285,啟��,147,10,137,群益金鼎,2024-07-01,9100
00725B,國泰投資級公司債,339,210,129,群益金鼎,2024-07-01,9100
2317,鴻海,512,384,128,群益金鼎,2024-07-01,9100
00635U,期元大S＆P黃金,149,25,124,群益金鼎,2024-07-01,9100
00714,群益道瓊美國地產,290,172,118,群益金鼎,2024-07-01,9100
2368,金像電,113,5,108,群益金鼎,2024-07-01,9100
5876,上海商銀,104,1,103,群益金鼎,2024-07-01,9100
2371,大同,123,21,102,群益金鼎,2024-07-01,9100
2543,皇昌,128,28,100,群益金鼎,2024-07-01,9100
2303,聯電,10726,1834,8892,群益金鼎,2024-07-02,9100
4904,遠傳,7969,82,7887,群益金鼎,2024-07-02,9100
00940,元大台灣價值高息,5775,23,5752,群益金鼎,2024-07-02,9100
3047,訊舟,5680,7,5673,群益金鼎,2024-07-02,9100
00637L,元大滬深300正2,5300,0,5300,群益金鼎,2024-07-02,9100
3045,台灣大,4765,63,4702,群益金鼎,2024-07-02,9100
00665L,富邦�琤肭磪囓�2,4465,0,4465,群益金鼎,2024-07-02,9100
3005,神基,3157,42,3115,群益金鼎,2024-07-02,9100
2349,錸德,3034,36,2998,群益金鼎,2024-07-02,9100
4938,和碩,3601,783,2818,群益金鼎,2024-07-02,9100
2301,光寶科,2394,46,2348,群益金鼎,2024-07-02,9100
0056,元大高股息,2067,11,2056,群益金鼎,2024-07-02,9100
00715L,期街口布蘭特正2,1979,0,1979,群益金鼎,2024-07-02,9100
2891,中信金,1832,0,1832,群益金鼎,2024-07-02,9100
2353,宏��,1536,28,1508,群益金鼎,2024-07-02,9100
00650L,復華香港正2,2138,814,1324,群益金鼎,2024-07-02,9100
00720B,元大投資級公司債,1227,0,1227,群益金鼎,2024-07-02,9100
2467,志聖,1255,37,1218,群益金鼎,2024-07-02,9100
00939,統一台灣高息動能,1791,580,1211,群益金鼎,2024-07-02,9100
2881,富邦金,1225,16,1209,群益金鼎,2024-07-02,9100
5876,上海商銀,1115,0,1115,群益金鼎,2024-07-02,9100
2474,可成,1095,15,1080,群益金鼎,2024-07-02,9100
00900,富邦特選高股息30,1074,0,1074,群益金鼎,2024-07-02,9100
00773B,中信優先金融債,864,0,864,群益金鼎,2024-07-02,9100
00772B,中信高評級公司債,845,0,845,群益金鼎,2024-07-02,9100
6278,台表科,842,9,833,群益金鼎,2024-07-02,9100
00917,中信特選金融,829,0,829,群益金鼎,2024-07-02,9100
4961,天鈺,810,4,806,群益金鼎,2024-07-02,9100
00645,富邦日本,813,63,750,群益金鼎,2024-07-02,9100
00941,中信上游半導體,726,0,726,群益金鼎,2024-07-02,9100
00893,國泰智能電動車,741,68,673,群益金鼎,2024-07-02,9100
00882,中信中國高股息,621,5,616,群益金鼎,2024-07-02,9100
2402,毅嘉,660,107,553,群益金鼎,2024-07-02,9100
00885,富邦越南,549,0,549,群益金鼎,2024-07-02,9100
00643,群益深証中小,916,368,548,群益金鼎,2024-07-02,9100
00725B,國泰投資級公司債,737,203,534,群益金鼎,2024-07-02,9100
006208,富邦台50,676,146,530,群益金鼎,2024-07-02,9100
6443,元晶,653,139,514,群益金鼎,2024-07-02,9100
00918,大華優利高填息30,887,380,507,群益金鼎,2024-07-02,9100
00633L,富邦上証正2,444,0,444,群益金鼎,2024-07-02,9100
6189,豐藝,533,108,425,群益金鼎,2024-07-02,9100
00830,國泰費城半導體,457,64,393,群益金鼎,2024-07-02,9100
00862B,中信投資級公司債,535,150,385,群益金鼎,2024-07-02,9100
2344,華邦電,406,23,383,群益金鼎,2024-07-02,9100
3035,智原,421,39,382,群益金鼎,2024-07-02,9100
00664R,國泰臺灣加權反1,390,51,339,群益金鼎,2024-07-02,9100
00948B,中信優息投資級債,332,0,332,群益金鼎,2024-07-02,9100
00696B,富邦美債20年,522,201,321,群益金鼎,2024-07-02,9100
1314,中石化,312,0,312,群益金鼎,2024-07-02,9100
2368,金像電,429,118,311,群益金鼎,2024-07-02,9100
4904,遠傳,10234,4,10230,群益金鼎,2024-07-03,9100
3045,台灣大,9012,0,9012,群益金鼎,2024-07-03,9100
2303,聯電,7977,118,7859,群益金鼎,2024-07-03,9100
00893,國泰智能電動車,3466,63,3403,群益金鼎,2024-07-03,9100
00665L,富邦�琤肭磪囓�2,2595,20,2575,群益金鼎,2024-07-03,9100
2393,億光,2412,60,2352,群益金鼎,2024-07-03,9100
2891,中信金,2397,55,2342,群益金鼎,2024-07-03,9100
5347,世界,2402,215,2187,群益金鼎,2024-07-03,9100
00882,中信中國高股息,2099,47,2052,群益金鼎,2024-07-03,9100
2301,光寶科,1968,8,1960,群益金鼎,2024-07-03,9100
8112,至上,2017,169,1848,群益金鼎,2024-07-03,9100
4938,和碩,1873,100,1773,群益金鼎,2024-07-03,9100
00940,元大台灣價值高息,1779,83,1696,群益金鼎,2024-07-03,9100
2353,宏��,1686,7,1679,群益金鼎,2024-07-03,9100
2881,富邦金,1637,34,1603,群益金鼎,2024-07-03,9100
00941,中信上游半導體,1851,437,1414,群益金鼎,2024-07-03,9100
00830,國泰費城半導體,1450,455,995,群益金鼎,2024-07-03,9100
4961,天鈺,1016,34,982,群益金鼎,2024-07-03,9100
00917,中信特選金融,917,0,917,群益金鼎,2024-07-03,9100
6285,啟��,905,11,894,群益金鼎,2024-07-03,9100
00864B,中信美國公債0-1,1095,225,870,群益金鼎,2024-07-03,9100
4958,臻鼎-KY,837,130,707,群益金鼎,2024-07-03,9100
5388,中磊,660,1,659,群益金鼎,2024-07-03,9100
00933B,國泰10Y+金融債,718,75,643,群益金鼎,2024-07-03,9100
2449,京元電子,615,26,589,群益金鼎,2024-07-03,9100
1314,中石化,590,1,589,群益金鼎,2024-07-03,9100
00895,富邦未來車,615,40,575,群益金鼎,2024-07-03,9100
00903,富邦元宇宙,547,0,547,群益金鼎,2024-07-03,9100
00915,凱基優選高股息30,599,62,537,群益金鼎,2024-07-03,9100
00892,富邦台灣半導體,535,8,527,群益金鼎,2024-07-03,9100
3017,奇鋐,597,88,509,群益金鼎,2024-07-03,9100
006208,富邦台50,503,1,502,群益金鼎,2024-07-03,9100
8464,億豐,500,3,497,群益金鼎,2024-07-03,9100
00878,國泰永續高股息,607,121,486,群益金鼎,2024-07-03,9100
3005,神基,474,7,467,群益金鼎,2024-07-03,9100
2451,創見,449,1,448,群益金鼎,2024-07-03,9100
2609,陽明,532,92,440,群益金鼎,2024-07-03,9100
00715L,期街口布蘭特正2,514,96,418,群益金鼎,2024-07-03,9100
2481,強茂,449,34,415,群益金鼎,2024-07-03,9100
00939,統一台灣高息動能,399,13,386,群益金鼎,2024-07-03,9100
00757,統一FANG+,683,305,378,群益金鼎,2024-07-03,9100
3006,晶豪科,385,13,372,群益金鼎,2024-07-03,9100
5243,乙盛-KY,472,103,369,群益金鼎,2024-07-03,9100
00662,富邦NASDAQ,539,191,348,群益金鼎,2024-07-03,9100
3376,新日興,345,11,334,群益金鼎,2024-07-03,9100
8271,宇瞻,326,0,326,群益金鼎,2024-07-03,9100
2641,正德,355,73,282,群益金鼎,2024-07-03,9100
00900,富邦特選高股息30,321,44,277,群益金鼎,2024-07-03,9100
2323,中環,341,67,274,群益金鼎,2024-07-03,9100
00751B,元大AAA至A公司債,283,14,269,群益金鼎,2024-07-03,9100
00940,元大台灣價值高息,14055,191,13864,群益金鼎,2024-07-04,9100
2891,中信金,7658,2,7656,群益金鼎,2024-07-04,9100
00939,統一台灣高息動能,4534,34,4500,群益金鼎,2024-07-04,9100
3535,晶彩科,2868,8,2860,群益金鼎,2024-07-04,9100
4938,和碩,2413,3,2410,群益金鼎,2024-07-04,9100
6176,瑞儀,2392,22,2370,群益金鼎,2024-07-04,9100
3005,神基,2269,36,2233,群益金鼎,2024-07-04,9100
0056,元大高股息,2025,0,2025,群益金鼎,2024-07-04,9100
00900,富邦特選高股息30,1808,0,1808,群益金鼎,2024-07-04,9100
3481,群創,1741,367,1374,群益金鼎,2024-07-04,9100
5347,世界,2824,1456,1368,群益金鼎,2024-07-04,9100
00941,中信上游半導體,1314,0,1314,群益金鼎,2024-07-04,9100
00715L,期街口布蘭特正2,1173,0,1173,群益金鼎,2024-07-04,9100
2324,仁寶,1023,12,1011,群益金鼎,2024-07-04,9100
2633,台灣高鐵,784,12,772,群益金鼎,2024-07-04,9100
00662,富邦NASDAQ,797,101,696,群益金鼎,2024-07-04,9100
4562,穎漢,685,1,684,群益金鼎,2024-07-04,9100
00946,群益科技高息成長,858,198,660,群益金鼎,2024-07-04,9100
00882,中信中國高股息,653,5,648,群益金鼎,2024-07-04,9100
00646,元大S＆P500,1073,427,646,群益金鼎,2024-07-04,9100
1314,中石化,694,75,619,群益金鼎,2024-07-04,9100
5871,中租-KY,610,5,605,群益金鼎,2024-07-04,9100
6207,雷科,615,18,597,群益金鼎,2024-07-04,9100
00929,復華台灣科技優息,738,154,584,群益金鼎,2024-07-04,9100
00888,永豐台灣ESG,606,29,577,群益金鼎,2024-07-04,9100
00927,群益半導體收益,553,1,552,群益金鼎,2024-07-04,9100
00892,富邦台灣半導體,633,83,550,群益金鼎,2024-07-04,9100
6189,豐藝,573,41,532,群益金鼎,2024-07-04,9100
00885,富邦越南,500,0,500,群益金鼎,2024-07-04,9100
2365,昆盈,561,68,493,群益金鼎,2024-07-04,9100
00857B,永豐20年美公債,518,50,468,群益金鼎,2024-07-04,9100
4904,遠傳,1501,1056,445,群益金鼎,2024-07-04,9100
00757,統一FANG+,657,214,443,群益金鼎,2024-07-04,9100
2889,國票金,446,3,443,群益金鼎,2024-07-04,9100
1102,亞泥,418,2,416,群益金鼎,2024-07-04,9100
00876,元大全球5G,405,3,402,群益金鼎,2024-07-04,9100
00893,國泰智能電動車,2486,2102,384,群益金鼎,2024-07-04,9100
00665L,富邦�琤肭磪囓�2,369,1,368,群益金鼎,2024-07-04,9100
2618,長榮航,545,180,365,群益金鼎,2024-07-04,9100
4961,天鈺,339,2,337,群益金鼎,2024-07-04,9100
3264,欣銓,323,0,323,群益金鼎,2024-07-04,9100
00923,群益台ESG低碳50,671,351,320,群益金鼎,2024-07-04,9100
00933B,國泰10Y+金融債,319,2,317,群益金鼎,2024-07-04,9100
00861,元大全球未來通訊,472,158,314,群益金鼎,2024-07-04,9100
00631L,元大台灣50正2,301,0,301,群益金鼎,2024-07-04,9100
00917,中信特選金融,300,0,300,群益金鼎,2024-07-04,9100
6658,聯策,291,0,291,群益金鼎,2024-07-04,9100
2542,興富發,322,32,290,群益金鼎,2024-07-04,9100
00909,國泰數位支付服務,495,209,286,群益金鼎,2024-07-04,9100
2449,京元電子,303,21,282,群益金鼎,2024-07-04,9100
00939,統一台灣高息動能,8983,255,8728,群益金鼎,2024-07-05,9100
3047,訊舟,7859,65,7794,群益金鼎,2024-07-05,9100
00940,元大台灣價值高息,6231,109,6122,群益金鼎,2024-07-05,9100
8064,東捷,2532,51,2481,群益金鼎,2024-07-05,9100
0056,元大高股息,2162,16,2146,群益金鼎,2024-07-05,9100
00941,中信上游半導體,1628,9,1619,群益金鼎,2024-07-05,9100
3498,陽程,2085,568,1517,群益金鼎,2024-07-05,9100
2543,皇昌,1838,533,1305,群益金鼎,2024-07-05,9100
4562,穎漢,2504,1264,1240,群益金鼎,2024-07-05,9100
00909,國泰數位支付服務,1464,232,1232,群益金鼎,2024-07-05,9100
2881,富邦金,1041,3,1038,群益金鼎,2024-07-05,9100
2882,國泰金,1057,49,1008,群益金鼎,2024-07-05,9100
4904,遠傳,1008,8,1000,群益金鼎,2024-07-05,9100
00882,中信中國高股息,996,0,996,群益金鼎,2024-07-05,9100
4960,誠美材,1075,301,774,群益金鼎,2024-07-05,9100
00942B,台新美A公司債20+,1262,493,769,群益金鼎,2024-07-05,9100
00900,富邦特選高股息30,751,0,751,群益金鼎,2024-07-05,9100
00830,國泰費城半導體,1689,1030,659,群益金鼎,2024-07-05,9100
6160,欣技,649,7,642,群益金鼎,2024-07-05,9100
00646,元大S＆P500,1637,1000,637,群益金鼎,2024-07-05,9100
00917,中信特選金融,544,0,544,群益金鼎,2024-07-05,9100
2891,中信金,538,16,522,群益金鼎,2024-07-05,9100
00664R,國泰臺灣加權反1,724,205,519,群益金鼎,2024-07-05,9100
00902,中信電池及儲能,513,0,513,群益金鼎,2024-07-05,9100
1536,和大,529,51,478,群益金鼎,2024-07-05,9100
00757,統一FANG+,664,207,457,群益金鼎,2024-07-05,9100
4545,銘鈺,429,0,429,群益金鼎,2024-07-05,9100
2618,長榮航,618,263,355,群益金鼎,2024-07-05,9100
2449,京元電子,329,33,296,群益金鼎,2024-07-05,9100
6233,旺玖,291,0,291,群益金鼎,2024-07-05,9100
6805,富世達,256,0,256,群益金鼎,2024-07-05,9100
2489,瑞軒,257,40,217,群益金鼎,2024-07-05,9100
2451,創見,210,0,210,群益金鼎,2024-07-05,9100
1447,力鵬,197,5,192,群益金鼎,2024-07-05,9100
2330,台積電,223,33,190,群益金鼎,2024-07-05,9100
2641,正德,187,0,187,群益金鼎,2024-07-05,9100
2027,大成鋼,196,9,187,群益金鼎,2024-07-05,9100
3227,原相,202,22,180,群益金鼎,2024-07-05,9100
3535,晶彩科,2502,2325,177,群益金鼎,2024-07-05,9100
00636,國泰中國A50,159,0,159,群益金鼎,2024-07-05,9100
2427,三商電,195,39,156,群益金鼎,2024-07-05,9100
2392,正崴,178,37,141,群益金鼎,2024-07-05,9100
8110,華東,136,5,131,群益金鼎,2024-07-05,9100
006207,復華滬深,128,0,128,群益金鼎,2024-07-05,9100
8076,伍豐,130,3,127,群益金鼎,2024-07-05,9100
1314,中石化,122,0,122,群益金鼎,2024-07-05,9100
1815,富喬,127,15,112,群益金鼎,2024-07-05,9100
1802,台玻,215,106,109,群益金鼎,2024-07-05,9100
00903,富邦元宇宙,106,0,106,群益金鼎,2024-07-05,9100
00876,元大全球5G,106,0,106,群益金鼎,2024-07-05,9100
00940,元大台灣價值高息,14054,129,13925,群益金鼎,2024-07-08,9100
2367,燿華,4364,454,3910,群益金鼎,2024-07-08,9100
2891,中信金,2023,124,1899,群益金鼎,2024-07-08,9100
00680L,元大美債20正2,1323,5,1318,群益金鼎,2024-07-08,9100
00688L,國泰20年美債正2,1061,0,1061,群益金鼎,2024-07-08,9100
1536,和大,1461,471,990,群益金鼎,2024-07-08,9100
4958,臻鼎-KY,954,74,880,群益金鼎,2024-07-08,9100
00902,中信電池及儲能,789,0,789,群益金鼎,2024-07-08,9100
00893,國泰智能電動車,717,115,602,群益金鼎,2024-07-08,9100
2888,新光金,624,66,558,群益金鼎,2024-07-08,9100
00941,中信上游半導體,660,111,549,群益金鼎,2024-07-08,9100
00948B,中信優息投資級債,527,0,527,群益金鼎,2024-07-08,9100
6190,萬泰科,523,13,510,群益金鼎,2024-07-08,9100
1314,中石化,520,37,483,群益金鼎,2024-07-08,9100
3481,群創,654,222,432,群益金鼎,2024-07-08,9100
00942B,台新美A公司債20+,427,1,426,群益金鼎,2024-07-08,9100
2455,全新,416,12,404,群益金鼎,2024-07-08,9100
2363,矽統,603,248,355,群益金鼎,2024-07-08,9100
00929,復華台灣科技優息,1152,825,327,群益金鼎,2024-07-08,9100
2344,華邦電,314,4,310,群益金鼎,2024-07-08,9100
00900,富邦特選高股息30,497,216,281,群益金鼎,2024-07-08,9100
2303,聯電,326,45,281,群益金鼎,2024-07-08,9100
00751B,元大AAA至A公司債,265,8,257,群益金鼎,2024-07-08,9100
006208,富邦台50,290,42,248,群益金鼎,2024-07-08,9100
00915,凱基優選高股息30,653,413,240,群益金鼎,2024-07-08,9100
2330,台積電,591,351,240,群益金鼎,2024-07-08,9100
3062,建漢,353,126,227,群益金鼎,2024-07-08,9100
3227,原相,248,22,226,群益金鼎,2024-07-08,9100
4906,正文,245,27,218,群益金鼎,2024-07-08,9100
2633,台灣高鐵,204,2,202,群益金鼎,2024-07-08,9100
00903,富邦元宇宙,298,101,197,群益金鼎,2024-07-08,9100
3313,斐成,184,2,182,群益金鼎,2024-07-08,9100
8358,金居,178,4,174,群益金鼎,2024-07-08,9100
00852L,國泰美國道瓊正2,172,0,172,群益金鼎,2024-07-08,9100
2607,榮運,169,0,169,群益金鼎,2024-07-08,9100
3094,聯傑,162,1,161,群益金鼎,2024-07-08,9100
00923,群益台ESG低碳50,347,187,160,群益金鼎,2024-07-08,9100
4174,浩鼎,161,2,159,群益金鼎,2024-07-08,9100
2317,鴻海,321,168,153,群益金鼎,2024-07-08,9100
00650L,復華香港正2,1495,1344,151,群益金鼎,2024-07-08,9100
2801,彰銀,155,11,144,群益金鼎,2024-07-08,9100
2449,京元電子,165,36,129,群益金鼎,2024-07-08,9100
00692,富邦公司治理,584,456,128,群益金鼎,2024-07-08,9100
00715L,期街口布蘭特正2,147,32,115,群益金鼎,2024-07-08,9100
2392,正崴,382,277,105,群益金鼎,2024-07-08,9100
00877,復華中國5G,105,0,105,群益金鼎,2024-07-08,9100
0056,元大高股息,112,11,101,群益金鼎,2024-07-08,9100
00728,第一金工業30,102,2,100,群益金鼎,2024-07-08,9100
00722B,群益投資級電信債,1526,1434,92,群益金鼎,2024-07-08,9100
00648R,元大S＆P500反1,91,0,91,群益金鼎,2024-07-08,9100
00940,元大台灣價值高息,26189,600,25589,群益金鼎,2024-07-09,9100
2891,中信金,8909,92,8817,群益金鼎,2024-07-09,9100
00937B,群益ESG投等債20,6572,948,5624,群益金鼎,2024-07-09,9100
00632R,元大台灣50反1,7462,2629,4833,群益金鼎,2024-07-09,9100
00950B,凱基A級公司債,2239,220,2019,群益金鼎,2024-07-09,9100
5347,世界,2060,106,1954,群益金鼎,2024-07-09,9100
1608,華榮,1716,11,1705,群益金鼎,2024-07-09,9100
8112,至上,1256,181,1075,群益金鼎,2024-07-09,9100
5426,振發,1055,16,1039,群益金鼎,2024-07-09,9100
8105,凌巨,1060,25,1035,群益金鼎,2024-07-09,9100
00637L,元大滬深300正2,1339,305,1034,群益金鼎,2024-07-09,9100
00688L,國泰20年美債正2,889,0,889,群益金鼎,2024-07-09,9100
006208,富邦台50,1205,345,860,群益金鼎,2024-07-09,9100
00891,中信關鍵半導體,777,7,770,群益金鼎,2024-07-09,9100
2317,鴻海,1003,315,688,群益金鼎,2024-07-09,9100
2454,聯發科,722,36,686,群益金鼎,2024-07-09,9100
00948B,中信優息投資級債,633,0,633,群益金鼎,2024-07-09,9100
1513,中興電,640,25,615,群益金鼎,2024-07-09,9100
00650L,復華香港正2,581,0,581,群益金鼎,2024-07-09,9100
00900,富邦特選高股息30,886,307,579,群益金鼎,2024-07-09,9100
5871,中租-KY,531,3,528,群益金鼎,2024-07-09,9100
4904,遠傳,493,3,490,群益金鼎,2024-07-09,9100
2301,光寶科,509,28,481,群益金鼎,2024-07-09,9100
00939,統一台灣高息動能,1811,1361,450,群益金鼎,2024-07-09,9100
00942B,台新美A公司債20+,413,0,413,群益金鼎,2024-07-09,9100
00892,富邦台灣半導體,1405,994,411,群益金鼎,2024-07-09,9100
00907,永豐優息存股,397,3,394,群益金鼎,2024-07-09,9100
00915,凱基優選高股息30,599,210,389,群益金鼎,2024-07-09,9100
00680L,元大美債20正2,444,60,384,群益金鼎,2024-07-09,9100
00751B,元大AAA至A公司債,381,2,379,群益金鼎,2024-07-09,9100
00687B,國泰20年美債,405,37,368,群益金鼎,2024-07-09,9100
3029,零壹,371,5,366,群益金鼎,2024-07-09,9100
00725B,國泰投資級公司債,350,16,334,群益金鼎,2024-07-09,9100
00715L,期街口布蘭特正2,326,0,326,群益金鼎,2024-07-09,9100
2883,凱基金,343,29,314,群益金鼎,2024-07-09,9100
3014,聯陽,316,3,313,群益金鼎,2024-07-09,9100
2313,華通,425,116,309,群益金鼎,2024-07-09,9100
00633L,富邦上証正2,333,50,283,群益金鼎,2024-07-09,9100
00902,中信電池及儲能,288,11,277,群益金鼎,2024-07-09,9100
2308,台達電,497,238,259,群益金鼎,2024-07-09,9100
2887,台新金,267,14,253,群益金鼎,2024-07-09,9100
2542,興富發,317,66,251,群益金鼎,2024-07-09,9100
2801,彰銀,254,4,250,群益金鼎,2024-07-09,9100
4958,臻鼎-KY,433,183,250,群益金鼎,2024-07-09,9100
2885,元大金,265,19,246,群益金鼎,2024-07-09,9100
2890,永豐金,250,10,240,群益金鼎,2024-07-09,9100
00894,中信小資高價30,232,0,232,群益金鼎,2024-07-09,9100
5880,合庫金,230,1,229,群益金鼎,2024-07-09,9100
00922,國泰台灣領袖50,574,349,225,群益金鼎,2024-07-09,9100
2886,兆豐金,255,33,222,群益金鼎,2024-07-09,9100
00940,元大台灣價值高息,31858,86,31772,群益金鼎,2024-07-10,9100
2365,昆盈,3302,17,3285,群益金鼎,2024-07-10,9100
8064,東捷,3009,449,2560,群益金鼎,2024-07-10,9100
3312,弘憶股,2482,129,2353,群益金鼎,2024-07-10,9100
00637L,元大滬深300正2,2187,0,2187,群益金鼎,2024-07-10,9100
0056,元大高股息,2004,7,1997,群益金鼎,2024-07-10,9100
3450,聯鈞,2014,32,1982,群益金鼎,2024-07-10,9100
00665L,富邦�琤肭磪囓�2,2517,1318,1199,群益金鼎,2024-07-10,9100
00650L,復華香港正2,1054,118,936,群益金鼎,2024-07-10,9100
2882,國泰金,868,40,828,群益金鼎,2024-07-10,9100
00900,富邦特選高股息30,750,1,749,群益金鼎,2024-07-10,9100
1513,中興電,794,82,712,群益金鼎,2024-07-10,9100
00918,大華優利高填息30,991,344,647,群益金鼎,2024-07-10,9100
2542,興富發,770,144,626,群益金鼎,2024-07-10,9100
2330,台積電,692,88,604,群益金鼎,2024-07-10,9100
2881,富邦金,626,36,590,群益金鼎,2024-07-10,9100
00885,富邦越南,528,0,528,群益金鼎,2024-07-10,9100
2356,英業達,539,13,526,群益金鼎,2024-07-10,9100
3535,晶彩科,499,2,497,群益金鼎,2024-07-10,9100
3715,定穎投控,488,7,481,群益金鼎,2024-07-10,9100
2610,華航,519,75,444,群益金鼎,2024-07-10,9100
00706L,期元大S＆P日圓正2,443,0,443,群益金鼎,2024-07-10,9100
9910,豐泰,435,0,435,群益金鼎,2024-07-10,9100
00862B,中信投資級公司債,504,100,404,群益金鼎,2024-07-10,9100
00893,國泰智能電動車,419,29,390,群益金鼎,2024-07-10,9100
00922,國泰台灣領袖50,762,406,356,群益金鼎,2024-07-10,9100
00902,中信電池及儲能,307,0,307,群益金鼎,2024-07-10,9100
8110,華東,300,0,300,群益金鼎,2024-07-10,9100
00923,群益台ESG低碳50,305,15,290,群益金鼎,2024-07-10,9100
00638R,元大滬深300反1,252,0,252,群益金鼎,2024-07-10,9100
00946,群益科技高息成長,698,447,251,群益金鼎,2024-07-10,9100
00864B,中信美國公債0-1,285,50,235,群益金鼎,2024-07-10,9100
3711,日月光投控,234,2,232,群益金鼎,2024-07-10,9100
3673,TPK-KY,249,21,228,群益金鼎,2024-07-10,9100
2392,正崴,883,659,224,群益金鼎,2024-07-10,9100
4979,華星光,228,10,218,群益金鼎,2024-07-10,9100
3532,台勝科,210,0,210,群益金鼎,2024-07-10,9100
1536,和大,266,64,202,群益金鼎,2024-07-10,9100
00917,中信特選金融,197,0,197,群益金鼎,2024-07-10,9100
2243,宏旭-KY,195,0,195,群益金鼎,2024-07-10,9100
4958,臻鼎-KY,208,13,195,群益金鼎,2024-07-10,9100
00903,富邦元宇宙,192,0,192,群益金鼎,2024-07-10,9100
00861,元大全球未來通訊,184,0,184,群益金鼎,2024-07-10,9100
1314,中石化,197,20,177,群益金鼎,2024-07-10,9100
2344,華邦電,250,78,172,群益金鼎,2024-07-10,9100
2371,大同,202,32,170,群益金鼎,2024-07-10,9100
00651R,復華香港反1,155,0,155,群益金鼎,2024-07-10,9100
00927,群益半導體收益,323,175,148,群益金鼎,2024-07-10,9100
1514,亞力,199,54,145,群益金鼎,2024-07-10,9100
1307,三芳,148,6,142,群益金鼎,2024-07-10,9100
00940,元大台灣價值高息,20746,37,20709,群益金鼎,2024-07-11,9100
00939,統一台灣高息動能,7199,47,7152,群益金鼎,2024-07-11,9100
00637L,元大滬深300正2,2559,0,2559,群益金鼎,2024-07-11,9100
2891,中信金,2416,180,2236,群益金鼎,2024-07-11,9100
1402,遠東新,1853,4,1849,群益金鼎,2024-07-11,9100
3379,彬台,1727,31,1696,群益金鼎,2024-07-11,9100
5876,上海商銀,1425,4,1421,群益金鼎,2024-07-11,9100
2356,英業達,1838,428,1410,群益金鼎,2024-07-11,9100
00902,中信電池及儲能,1290,0,1290,群益金鼎,2024-07-11,9100
00900,富邦特選高股息30,1529,369,1160,群益金鼎,2024-07-11,9100
2313,華通,1366,466,900,群益金鼎,2024-07-11,9100
2303,聯電,956,94,862,群益金鼎,2024-07-11,9100
00665L,富邦�琤肭磪囓�2,1426,574,852,群益金鼎,2024-07-11,9100
3711,日月光投控,768,2,766,群益金鼎,2024-07-11,9100
00643,群益深証中小,701,5,696,群益金鼎,2024-07-11,9100
5202,力新,499,0,499,群益金鼎,2024-07-11,9100
4566,時碩工業,501,4,497,群益金鼎,2024-07-11,9100
4958,臻鼎-KY,744,248,496,群益金鼎,2024-07-11,9100
2881,富邦金,623,128,495,群益金鼎,2024-07-11,9100
2330,台積電,588,95,493,群益金鼎,2024-07-11,9100
2540,愛山林,451,2,449,群益金鼎,2024-07-11,9100
3189,景碩,450,20,430,群益金鼎,2024-07-11,9100
2885,元大金,424,3,421,群益金鼎,2024-07-11,9100
00941,中信上游半導體,683,264,419,群益金鼎,2024-07-11,9100
3037,欣興,568,154,414,群益金鼎,2024-07-11,9100
3363,上詮,529,116,413,群益金鼎,2024-07-11,9100
00891,中信關鍵半導體,409,0,409,群益金鼎,2024-07-11,9100
00877,復華中國5G,500,100,400,群益金鼎,2024-07-11,9100
5347,世界,394,18,376,群益金鼎,2024-07-11,9100
6570,維田,361,13,348,群益金鼎,2024-07-11,9100
00830,國泰費城半導體,432,90,342,群益金鼎,2024-07-11,9100
8069,元太,398,58,340,群益金鼎,2024-07-11,9100
2455,全新,355,34,321,群益金鼎,2024-07-11,9100
00650L,復華香港正2,1362,1067,295,群益金鼎,2024-07-11,9100
6176,瑞儀,293,0,293,群益金鼎,2024-07-11,9100
00918,大華優利高填息30,398,112,286,群益金鼎,2024-07-11,9100
1815,富喬,396,133,263,群益金鼎,2024-07-11,9100
00669R,國泰美國道瓊反1,440,200,240,群益金鼎,2024-07-11,9100
3624,光頡,234,0,234,群益金鼎,2024-07-11,9100
2489,瑞軒,353,135,218,群益金鼎,2024-07-11,9100
2388,威盛,243,40,203,群益金鼎,2024-07-11,9100
5483,中美晶,204,5,199,群益金鼎,2024-07-11,9100
2368,金像電,246,53,193,群益金鼎,2024-07-11,9100
2633,台灣高鐵,190,1,189,群益金鼎,2024-07-11,9100
3013,晟銘電,301,116,185,群益金鼎,2024-07-11,9100
2392,正崴,400,216,184,群益金鼎,2024-07-11,9100
00733,富邦臺灣中小,179,0,179,群益金鼎,2024-07-11,9100
00662,富邦NASDAQ,635,456,179,群益金鼎,2024-07-11,9100
3059,華晶科,181,2,179,群益金鼎,2024-07-11,9100
0050,元大台灣50,199,25,174,群益金鼎,2024-07-11,9100
2489,瑞軒,12031,71,11960,群益金鼎,2024-07-12,9100
00940,元大台灣價值高息,8354,53,8301,群益金鼎,2024-07-12,9100
00665L,富邦�琤肭磪囓�2,4923,2,4921,群益金鼎,2024-07-12,9100
00637L,元大滬深300正2,3624,0,3624,群益金鼎,2024-07-12,9100
2303,聯電,5191,2108,3083,群益金鼎,2024-07-12,9100
3481,群創,2744,59,2685,群益金鼎,2024-07-12,9100
00893,國泰智能電動車,2308,5,2303,群益金鼎,2024-07-12,9100
00632R,元大台灣50反1,3928,1798,2130,群益金鼎,2024-07-12,9100
00650L,復華香港正2,2115,2,2113,群益金鼎,2024-07-12,9100
2312,金寶,2052,614,1438,群益金鼎,2024-07-12,9100
2882,國泰金,1421,63,1358,群益金鼎,2024-07-12,9100
1597,直得,1270,5,1265,群益金鼎,2024-07-12,9100
00664R,國泰臺灣加權反1,1443,239,1204,群益金鼎,2024-07-12,9100
3037,欣興,1346,149,1197,群益金鼎,2024-07-12,9100
3022,威強電,1053,1,1052,群益金鼎,2024-07-12,9100
00712,復華富時不動產,1124,76,1048,群益金鼎,2024-07-12,9100
2603,長榮,1082,111,971,群益金鼎,2024-07-12,9100
8103,瀚荃,845,0,845,群益金鼎,2024-07-12,9100
00633L,富邦上証正2,746,20,726,群益金鼎,2024-07-12,9100
2481,強茂,667,34,633,群益金鼎,2024-07-12,9100
00646,元大S＆P500,658,28,630,群益金鼎,2024-07-12,9100
2356,英業達,986,369,617,群益金鼎,2024-07-12,9100
3535,晶彩科,1003,414,589,群益金鼎,2024-07-12,9100
9904,寶成,650,64,586,群益金鼎,2024-07-12,9100
00751B,元大AAA至A公司債,608,129,479,群益金鼎,2024-07-12,9100
00882,中信中國高股息,715,257,458,群益金鼎,2024-07-12,9100
2330,台積電,478,31,447,群益金鼎,2024-07-12,9100
00917,中信特選金融,409,1,408,群益金鼎,2024-07-12,9100
00852L,國泰美國道瓊正2,407,0,407,群益金鼎,2024-07-12,9100
00896,中信綠能及電動車,401,0,401,群益金鼎,2024-07-12,9100
2915,潤泰全,415,24,391,群益金鼎,2024-07-12,9100
5347,世界,422,41,381,群益金鼎,2024-07-12,9100
00892,富邦台灣半導體,764,402,362,群益金鼎,2024-07-12,9100
9945,潤泰新,382,21,361,群益金鼎,2024-07-12,9100
2313,華通,427,77,350,群益金鼎,2024-07-12,9100
00895,富邦未來車,547,207,340,群益金鼎,2024-07-12,9100
8105,凌巨,334,20,314,群益金鼎,2024-07-12,9100
00902,中信電池及儲能,347,45,302,群益金鼎,2024-07-12,9100
00918,大華優利高填息30,330,40,290,群益金鼎,2024-07-12,9100
00662,富邦NASDAQ,398,124,274,群益金鼎,2024-07-12,9100
9910,豐泰,260,5,255,群益金鼎,2024-07-12,9100
6239,力成,273,26,247,群益金鼎,2024-07-12,9100
00706L,期元大S＆P日圓正2,230,0,230,群益金鼎,2024-07-12,9100
00714,群益道瓊美國地產,317,100,217,群益金鼎,2024-07-12,9100
00728,第一金工業30,205,0,205,群益金鼎,2024-07-12,9100
00941,中信上游半導體,202,1,201,群益金鼎,2024-07-12,9100
3013,晟銘電,383,188,195,群益金鼎,2024-07-12,9100
00915,凱基優選高股息30,220,36,184,群益金鼎,2024-07-12,9100
2838,聯邦銀,181,0,181,群益金鼎,2024-07-12,9100
00950B,凱基A級公司債,174,0,174,群益金鼎,2024-07-12,9100
00940,元大台灣價值高息,7372,456,6916,群益金鼎,2024-07-15,9100
00637L,元大滬深300正2,6127,0,6127,群益金鼎,2024-07-15,9100
2303,聯電,3250,3,3247,群益金鼎,2024-07-15,9100
006208,富邦台50,3037,412,2625,群益金鼎,2024-07-15,9100
0056,元大高股息,2145,12,2133,群益金鼎,2024-07-15,9100
00941,中信上游半導體,1884,12,1872,群益金鼎,2024-07-15,9100
5876,上海商銀,1483,27,1456,群益金鼎,2024-07-15,9100
00830,國泰費城半導體,1401,119,1282,群益金鼎,2024-07-15,9100
00665L,富邦�琤肭磪囓�2,1278,0,1278,群益金鼎,2024-07-15,9100
00632R,元大台灣50反1,1265,0,1265,群益金鼎,2024-07-15,9100
00664R,國泰臺灣加權反1,1343,130,1213,群益金鼎,2024-07-15,9100
2885,元大金,1020,6,1014,群益金鼎,2024-07-15,9100
2211,長榮鋼,704,0,704,群益金鼎,2024-07-15,9100
00900,富邦特選高股息30,647,0,647,群益金鼎,2024-07-15,9100
2888,新光金,720,100,620,群益金鼎,2024-07-15,9100
00939,統一台灣高息動能,945,411,534,群益金鼎,2024-07-15,9100
1609,大亞,709,209,500,群益金鼎,2024-07-15,9100
00688L,國泰20年美債正2,499,0,499,群益金鼎,2024-07-15,9100
1582,信錦,509,23,486,群益金鼎,2024-07-15,9100
2351,順德,635,152,483,群益金鼎,2024-07-15,9100
2481,強茂,538,117,421,群益金鼎,2024-07-15,9100
5871,中租-KY,415,2,413,群益金鼎,2024-07-15,9100
2603,長榮,427,24,403,群益金鼎,2024-07-15,9100
00650L,復華香港正2,400,0,400,群益金鼎,2024-07-15,9100
00915,凱基優選高股息30,384,16,368,群益金鼎,2024-07-15,9100
00674R,期元大S＆P黃金反1,400,41,359,群益金鼎,2024-07-15,9100
00902,中信電池及儲能,349,0,349,群益金鼎,2024-07-15,9100
00708L,期元大S＆P黃金正2,374,59,315,群益金鼎,2024-07-15,9100
00918,大華優利高填息30,344,36,308,群益金鼎,2024-07-15,9100
00917,中信特選金融,307,0,307,群益金鼎,2024-07-15,9100
00919,群益台灣精選高息,611,311,300,群益金鼎,2024-07-15,9100
00907,永豐優息存股,305,14,291,群益金鼎,2024-07-15,9100
5347,世界,270,22,248,群益金鼎,2024-07-15,9100
2408,南亞科,307,61,246,群益金鼎,2024-07-15,9100
1216,統一,241,1,240,群益金鼎,2024-07-15,9100
00903,富邦元宇宙,237,0,237,群益金鼎,2024-07-15,9100
9945,潤泰新,285,50,235,群益金鼎,2024-07-15,9100
00706L,期元大S＆P日圓正2,228,0,228,群益金鼎,2024-07-15,9100
6177,達麗,214,3,211,群益金鼎,2024-07-15,9100
00669R,國泰美國道瓊反1,200,0,200,群益金鼎,2024-07-15,9100
6811,宏�硌穈T,195,0,195,群益金鼎,2024-07-15,9100
00714,群益道瓊美國地產,264,79,185,群益金鼎,2024-07-15,9100
1447,力鵬,165,0,165,群益金鼎,2024-07-15,9100
6176,瑞儀,168,10,158,群益金鼎,2024-07-15,9100
00683L,期元大美元指正2,462,311,151,群益金鼎,2024-07-15,9100
3189,景碩,219,70,149,群益金鼎,2024-07-15,9100
4123,晟德,180,36,144,群益金鼎,2024-07-15,9100
1513,中興電,683,540,143,群益金鼎,2024-07-15,9100
00633L,富邦上証正2,238,100,138,群益金鼎,2024-07-15,9100
00861,元大全球未來通訊,135,0,135,群益金鼎,2024-07-15,9100
1402,遠東新,5551,485,5066,群益金鼎,2024-07-16,9100
00637L,元大滬深300正2,4096,0,4096,群益金鼎,2024-07-16,9100
2027,大成鋼,3303,10,3293,群益金鼎,2024-07-16,9100
1102,亞泥,3434,189,3245,群益金鼎,2024-07-16,9100
00948B,中信優息投資級債,3022,0,3022,群益金鼎,2024-07-16,9100
2537,聯上發,4164,1159,3005,群益金鼎,2024-07-16,9100
8105,凌巨,2998,10,2988,群益金鼎,2024-07-16,9100
2301,光寶科,2559,40,2519,群益金鼎,2024-07-16,9100
2352,佳世達,2558,80,2478,群益金鼎,2024-07-16,9100
3013,晟銘電,2090,19,2071,群益金鼎,2024-07-16,9100
6117,迎廣,2015,18,1997,群益金鼎,2024-07-16,9100
2888,新光金,2048,172,1876,群益金鼎,2024-07-16,9100
4566,時碩工業,1514,17,1497,群益金鼎,2024-07-16,9100
2204,中華,1211,33,1178,群益金鼎,2024-07-16,9100
00725B,國泰投資級公司債,1038,22,1016,群益金鼎,2024-07-16,9100
00751B,元大AAA至A公司債,879,0,879,群益金鼎,2024-07-16,9100
2211,長榮鋼,880,3,877,群益金鼎,2024-07-16,9100
00772B,中信高評級公司債,829,5,824,群益金鼎,2024-07-16,9100
00940,元大台灣價值高息,870,51,819,群益金鼎,2024-07-16,9100
3231,緯創,812,101,711,群益金鼎,2024-07-16,9100
9941,裕融,702,2,700,群益金鼎,2024-07-16,9100
00864B,中信美國公債0-1,755,101,654,群益金鼎,2024-07-16,9100
2201,裕隆,592,5,587,群益金鼎,2024-07-16,9100
00937B,群益ESG投等債20,550,3,547,群益金鼎,2024-07-16,9100
00933B,國泰10Y+金融債,518,11,507,群益金鼎,2024-07-16,9100
6005,群益證,514,15,499,群益金鼎,2024-07-16,9100
3379,彬台,503,26,477,群益金鼎,2024-07-16,9100
2313,華通,658,229,429,群益金鼎,2024-07-16,9100
3035,智原,512,96,416,群益金鼎,2024-07-16,9100
00773B,中信優先金融債,445,33,412,群益金鼎,2024-07-16,9100
00917,中信特選金融,403,0,403,群益金鼎,2024-07-16,9100
2731,雄獅,403,3,400,群益金鼎,2024-07-16,9100
00687B,國泰20年美債,1034,670,364,群益金鼎,2024-07-16,9100
3105,穩懋,364,2,362,群益金鼎,2024-07-16,9100
00708L,期元大S＆P黃金正2,386,45,341,群益金鼎,2024-07-16,9100
00915,凱基優選高股息30,580,262,318,群益金鼎,2024-07-16,9100
2548,華固,337,25,312,群益金鼎,2024-07-16,9100
2376,技嘉,315,7,308,群益金鼎,2024-07-16,9100
6189,豐藝,306,4,302,群益金鼎,2024-07-16,9100
00720B,元大投資級公司債,296,1,295,群益金鼎,2024-07-16,9100
6579,研揚,280,0,280,群益金鼎,2024-07-16,9100
6449,鈺邦,312,62,250,群益金鼎,2024-07-16,9100
2371,大同,259,20,239,群益金鼎,2024-07-16,9100
3624,光頡,237,5,232,群益金鼎,2024-07-16,9100
00862B,中信投資級公司債,326,100,226,群益金鼎,2024-07-16,9100
00706L,期元大S＆P日圓正2,218,0,218,群益金鼎,2024-07-16,9100
4906,正文,358,144,214,群益金鼎,2024-07-16,9100
00722B,群益投資級電信債,1328,1122,206,群益金鼎,2024-07-16,9100
5213,亞昕,202,0,202,群益金鼎,2024-07-16,9100
00633L,富邦上証正2,251,50,201,群益金鼎,2024-07-16,9100
00632R,元大台灣50反1,46845,7439,39406,群益金鼎,2024-07-17,9100
00940,元大台灣價值高息,6533,186,6347,群益金鼎,2024-07-17,9100
00637L,元大滬深300正2,6142,20,6122,群益金鼎,2024-07-17,9100
1402,遠東新,5303,238,5065,群益金鼎,2024-07-17,9100
1102,亞泥,3331,2,3329,群益金鼎,2024-07-17,9100
2027,大成鋼,3206,17,3189,群益金鼎,2024-07-17,9100
1216,統一,3183,30,3153,群益金鼎,2024-07-17,9100
2301,光寶科,2238,139,2099,群益金鼎,2024-07-17,9100
8105,凌巨,5094,3120,1974,群益金鼎,2024-07-17,9100
3481,群創,3978,2187,1791,群益金鼎,2024-07-17,9100
4909,新復興,1550,18,1532,群益金鼎,2024-07-17,9100
0056,元大高股息,1527,1,1526,群益金鼎,2024-07-17,9100
2365,昆盈,1528,38,1490,群益金鼎,2024-07-17,9100
2449,京元電子,1461,15,1446,群益金鼎,2024-07-17,9100
2489,瑞軒,2471,1161,1310,群益金鼎,2024-07-17,9100
2206,三陽工業,1249,1,1248,群益金鼎,2024-07-17,9100
00633L,富邦上証正2,1044,50,994,群益金鼎,2024-07-17,9100
2520,冠德,1081,94,987,群益金鼎,2024-07-17,9100
00937B,群益ESG投等債20,936,16,920,群益金鼎,2024-07-17,9100
2204,中華,891,8,883,群益金鼎,2024-07-17,9100
4958,臻鼎-KY,841,27,814,群益金鼎,2024-07-17,9100
00664R,國泰臺灣加權反1,706,0,706,群益金鼎,2024-07-17,9100
5347,世界,709,41,668,群益金鼎,2024-07-17,9100
00725B,國泰投資級公司債,633,0,633,群益金鼎,2024-07-17,9100
00687B,國泰20年美債,583,16,567,群益金鼎,2024-07-17,9100
2313,華通,660,100,560,群益金鼎,2024-07-17,9100
00655L,國泰中國A50正2,549,0,549,群益金鼎,2024-07-17,9100
1522,堤維西,518,0,518,群益金鼎,2024-07-17,9100
2855,統一證,489,0,489,群益金鼎,2024-07-17,9100
2881,富邦金,503,22,481,群益金鼎,2024-07-17,9100
00902,中信電池及儲能,450,0,450,群益金鼎,2024-07-17,9100
8215,明基材,432,2,430,群益金鼎,2024-07-17,9100
3450,聯鈞,509,96,413,群益金鼎,2024-07-17,9100
3037,欣興,485,80,405,群益金鼎,2024-07-17,9100
00669R,國泰美國道瓊反1,400,0,400,群益金鼎,2024-07-17,9100
00830,國泰費城半導體,461,90,371,群益金鼎,2024-07-17,9100
3010,華立,315,0,315,群益金鼎,2024-07-17,9100
2312,金寶,767,462,305,群益金鼎,2024-07-17,9100
00643,群益深証中小,452,170,282,群益金鼎,2024-07-17,9100
00751B,元大AAA至A公司債,277,0,277,群益金鼎,2024-07-17,9100
3013,晟銘電,2322,2060,262,群益金鼎,2024-07-17,9100
3712,永崴投控,255,1,254,群益金鼎,2024-07-17,9100
3048,益登,247,1,246,群益金鼎,2024-07-17,9100
2633,台灣高鐵,240,0,240,群益金鼎,2024-07-17,9100
3105,穩懋,258,30,228,群益金鼎,2024-07-17,9100
2882,國泰金,507,280,227,群益金鼎,2024-07-17,9100
2376,技嘉,295,72,223,群益金鼎,2024-07-17,9100
4968,立積,214,1,213,群益金鼎,2024-07-17,9100
6605,帝寶,208,0,208,群益金鼎,2024-07-17,9100
00931B,統一美債20年,236,31,205,群益金鼎,2024-07-17,9100
00632R,元大台灣50反1,51314,2020,49294,群益金鼎,2024-07-18,9100
00940,元大台灣價值高息,9010,277,8733,群益金鼎,2024-07-18,9100
00637L,元大滬深300正2,5608,30,5578,群益金鼎,2024-07-18,9100
1402,遠東新,6259,1114,5145,群益金鼎,2024-07-18,9100
1102,亞泥,4001,238,3763,群益金鼎,2024-07-18,9100
2344,華邦電,3800,60,3740,群益金鼎,2024-07-18,9100
1216,統一,3312,18,3294,群益金鼎,2024-07-18,9100
2027,大成鋼,3139,13,3126,群益金鼎,2024-07-18,9100
00664R,國泰臺灣加權反1,2664,0,2664,群益金鼎,2024-07-18,9100
2881,富邦金,3146,569,2577,群益金鼎,2024-07-18,9100
2352,佳世達,2445,28,2417,群益金鼎,2024-07-18,9100
2301,光寶科,2149,28,2121,群益金鼎,2024-07-18,9100
2330,台積電,1974,85,1889,群益金鼎,2024-07-18,9100
2449,京元電子,1689,68,1621,群益金鼎,2024-07-18,9100
2313,華通,1553,84,1469,群益金鼎,2024-07-18,9100
5483,中美晶,1461,112,1349,群益金鼎,2024-07-18,9100
2520,冠德,1404,157,1247,群益金鼎,2024-07-18,9100
8112,至上,1223,0,1223,群益金鼎,2024-07-18,9100
2206,三陽工業,1224,17,1207,群益金鼎,2024-07-18,9100
6285,啟��,1176,15,1161,群益金鼎,2024-07-18,9100
00633L,富邦上証正2,1158,50,1108,群益金鼎,2024-07-18,9100
3034,聯詠,1107,15,1092,群益金鼎,2024-07-18,9100
00712,復華富時不動產,1055,5,1050,群益金鼎,2024-07-18,9100
00939,統一台灣高息動能,1648,645,1003,群益金鼎,2024-07-18,9100
2204,中華,886,9,877,群益金鼎,2024-07-18,9100
00655L,國泰中國A50正2,754,0,754,群益金鼎,2024-07-18,9100
00864B,中信美國公債0-1,940,240,700,群益金鼎,2024-07-18,9100
00650L,復華香港正2,1278,712,566,群益金鼎,2024-07-18,9100
2360,致茂,548,3,545,群益金鼎,2024-07-18,9100
3037,欣興,759,225,534,群益金鼎,2024-07-18,9100
3010,華立,523,0,523,群益金鼎,2024-07-18,9100
00643,群益深証中小,512,19,493,群益金鼎,2024-07-18,9100
1326,台化,508,17,491,群益金鼎,2024-07-18,9100
2855,統一證,490,0,490,群益金鼎,2024-07-18,9100
5347,世界,552,64,488,群益金鼎,2024-07-18,9100
2404,漢唐,484,4,480,群益金鼎,2024-07-18,9100
00950B,凱基A級公司債,524,53,471,群益金鼎,2024-07-18,9100
2882,國泰金,499,71,428,群益金鼎,2024-07-18,9100
6191,精成科,416,0,416,群益金鼎,2024-07-18,9100
3264,欣銓,450,36,414,群益金鼎,2024-07-18,9100
2454,聯發科,420,31,389,群益金鼎,2024-07-18,9100
2884,玉山金,537,149,388,群益金鼎,2024-07-18,9100
2385,群光,343,1,342,群益金鼎,2024-07-18,9100
6005,群益證,335,3,332,群益金鼎,2024-07-18,9100
2888,新光金,342,18,324,群益金鼎,2024-07-18,9100
00679B,元大美債20年,842,563,279,群益金鼎,2024-07-18,9100
00877,復華中國5G,350,80,270,群益金鼎,2024-07-18,9100
00907,永豐優息存股,263,1,262,群益金鼎,2024-07-18,9100
2476,鉅祥,241,3,238,群益金鼎,2024-07-18,9100
6269,台郡,240,4,236,群益金鼎,2024-07-18,9100
00632R,元大台灣50反1,17435,6232,11203,群益金鼎,2024-07-19,9100
00637L,元大滬深300正2,8318,0,8318,群益金鼎,2024-07-19,9100
2891,中信金,10060,4421,5639,群益金鼎,2024-07-19,9100
00664R,國泰臺灣加權反1,4979,310,4669,群益金鼎,2024-07-19,9100
2352,佳世達,2372,28,2344,群益金鼎,2024-07-19,9100
00830,國泰費城半導體,1779,104,1675,群益金鼎,2024-07-19,9100
00633L,富邦上証正2,1363,0,1363,群益金鼎,2024-07-19,9100
00937B,群益ESG投等債20,1670,401,1269,群益金鼎,2024-07-19,9100
00671R,富邦NASDAQ反1,1000,0,1000,群益金鼎,2024-07-19,9100
00719B,元大美債1-3,833,8,825,群益金鼎,2024-07-19,9100
1216,統一,832,28,804,群益金鼎,2024-07-19,9100
2889,國票金,731,0,731,群益金鼎,2024-07-19,9100
1584,精剛,686,1,685,群益金鼎,2024-07-19,9100
00864B,中信美國公債0-1,787,125,662,群益金鼎,2024-07-19,9100
00902,中信電池及儲能,655,0,655,群益金鼎,2024-07-19,9100
2303,聯電,673,116,557,群益金鼎,2024-07-19,9100
2880,華南金,518,0,518,群益金鼎,2024-07-19,9100
4566,時碩工業,522,8,514,群益金鼎,2024-07-19,9100
2540,愛山林,451,9,442,群益金鼎,2024-07-19,9100
2006,東和鋼鐵,491,72,419,群益金鼎,2024-07-19,9100
2474,可成,1157,766,391,群益金鼎,2024-07-19,9100
00923,群益台ESG低碳50,617,259,358,群益金鼎,2024-07-19,9100
00918,大華優利高填息30,558,210,348,群益金鼎,2024-07-19,9100
2458,義隆,342,1,341,群益金鼎,2024-07-19,9100
5534,長虹,417,88,329,群益金鼎,2024-07-19,9100
00915,凱基優選高股息30,894,590,304,群益金鼎,2024-07-19,9100
00881,國泰台灣5G+,307,79,228,群益金鼎,2024-07-19,9100
2002,中鋼,272,59,213,群益金鼎,2024-07-19,9100
5508,永信建,206,5,201,群益金鼎,2024-07-19,9100
00852L,國泰美國道瓊正2,196,2,194,群益金鼎,2024-07-19,9100
00876,元大全球5G,189,1,188,群益金鼎,2024-07-19,9100
6462,神盾,217,36,181,群益金鼎,2024-07-19,9100
2371,大同,174,4,170,群益金鼎,2024-07-19,9100
3597,映興,181,11,170,群益金鼎,2024-07-19,9100
00909,國泰數位支付服務,182,16,166,群益金鼎,2024-07-19,9100
00900,富邦特選高股息30,179,19,160,群益金鼎,2024-07-19,9100
1618,合機,154,6,148,群益金鼎,2024-07-19,9100
006207,復華滬深,146,1,145,群益金鼎,2024-07-19,9100
4127,天良,140,0,140,群益金鼎,2024-07-19,9100
5347,世界,213,82,131,群益金鼎,2024-07-19,9100
5483,中美晶,146,15,131,群益金鼎,2024-07-19,9100
00943,兆豐電子高息等權,122,0,122,群益金鼎,2024-07-19,9100
00907,永豐優息存股,138,17,121,群益金鼎,2024-07-19,9100
1102,亞泥,131,12,119,群益金鼎,2024-07-19,9100
00643,群益深証中小,205,89,116,群益金鼎,2024-07-19,9100
00683L,期元大美元指正2,250,135,115,群益金鼎,2024-07-19,9100
00692,富邦公司治理,154,51,103,群益金鼎,2024-07-19,9100
00772B,中信高評級公司債,100,1,99,群益金鼎,2024-07-19,9100
2884,玉山金,90,2,88,群益金鼎,2024-07-19,9100
4958,臻鼎-KY,162,75,87,群益金鼎,2024-07-19,9100
00632R,元大台灣50反1,42526,3360,39166,群益金鼎,2024-07-22,9100
00673R,期元大S＆P原油反1,9175,0,9175,群益金鼎,2024-07-22,9100
00664R,國泰臺灣加權反1,4998,73,4925,群益金鼎,2024-07-22,9100
00937B,群益ESG投等債20,6418,3020,3398,群益金鼎,2024-07-22,9100
00687B,國泰20年美債,2855,109,2746,群益金鼎,2024-07-22,9100
00665L,富邦�琤肭磪囓�2,3142,444,2698,群益金鼎,2024-07-22,9100
00948B,中信優息投資級債,2322,21,2301,群益金鼎,2024-07-22,9100
00751B,元大AAA至A公司債,2140,2,2138,群益金鼎,2024-07-22,9100
00650L,復華香港正2,1611,34,1577,群益金鼎,2024-07-22,9100
00637L,元大滬深300正2,1836,260,1576,群益金鼎,2024-07-22,9100
00902,中信電池及儲能,1551,10,1541,群益金鼎,2024-07-22,9100
00941,中信上游半導體,1314,150,1164,群益金鼎,2024-07-22,9100
2474,可成,1031,35,996,群益金鼎,2024-07-22,9100
00772B,中信高評級公司債,833,31,802,群益金鼎,2024-07-22,9100
00895,富邦未來車,796,25,771,群益金鼎,2024-07-22,9100
3227,原相,754,25,729,群益金鼎,2024-07-22,9100
00720B,元大投資級公司債,1255,542,713,群益金鼎,2024-07-22,9100
00940,元大台灣價值高息,1457,759,698,群益金鼎,2024-07-22,9100
4566,時碩工業,771,128,643,群益金鼎,2024-07-22,9100
2888,新光金,1281,682,599,群益金鼎,2024-07-22,9100
2812,台中銀,756,163,593,群益金鼎,2024-07-22,9100
00633L,富邦上証正2,717,131,586,群益金鼎,2024-07-22,9100
00646,元大S＆P500,3003,2512,491,群益金鼎,2024-07-22,9100
00907,永豐優息存股,468,0,468,群益金鼎,2024-07-22,9100
00676R,富邦臺灣加權反1,450,0,450,群益金鼎,2024-07-22,9100
2880,華南金,418,4,414,群益金鼎,2024-07-22,9100
2884,玉山金,372,9,363,群益金鼎,2024-07-22,9100
00950B,凱基A級公司債,362,0,362,群益金鼎,2024-07-22,9100
2609,陽明,474,113,361,群益金鼎,2024-07-22,9100
2458,義隆,370,11,359,群益金鼎,2024-07-22,9100
00643,群益深証中小,353,0,353,群益金鼎,2024-07-22,9100
00725B,國泰投資級公司債,758,423,335,群益金鼎,2024-07-22,9100
00662,富邦NASDAQ,313,0,313,群益金鼎,2024-07-22,9100
00655L,國泰中國A50正2,308,0,308,群益金鼎,2024-07-22,9100
6284,佳邦,341,33,308,群益金鼎,2024-07-22,9100
2330,台積電,364,63,301,群益金鼎,2024-07-22,9100
2313,華通,313,19,294,群益金鼎,2024-07-22,9100
8476,台境*,243,0,243,群益金鼎,2024-07-22,9100
00679B,元大美債20年,261,29,232,群益金鼎,2024-07-22,9100
00713,元大台灣高息低波,233,4,229,群益金鼎,2024-07-22,9100
00773B,中信優先金融債,222,3,219,群益金鼎,2024-07-22,9100
00893,國泰智能電動車,554,339,215,群益金鼎,2024-07-22,9100
00918,大華優利高填息30,699,491,208,群益金鼎,2024-07-22,9100
5483,中美晶,278,76,202,群益金鼎,2024-07-22,9100
2454,聯發科,213,22,191,群益金鼎,2024-07-22,9100
2371,大同,239,51,188,群益金鼎,2024-07-22,9100
00925,新光標普電動車,185,0,185,群益金鼎,2024-07-22,9100
4127,天良,180,0,180,群益金鼎,2024-07-22,9100
00876,元大全球5G,174,0,174,群益金鼎,2024-07-22,9100
3034,聯詠,218,47,171,群益金鼎,2024-07-22,9100
00673R,期元大S＆P原油反1,5827,7,5820,群益金鼎,2024-07-23,9100
00676R,富邦臺灣加權反1,3047,0,3047,群益金鼎,2024-07-23,9100
00637L,元大滬深300正2,1634,154,1480,群益金鼎,2024-07-23,9100
2323,中環,1171,14,1157,群益金鼎,2024-07-23,9100
00665L,富邦�琤肭磪囓�2,877,0,877,群益金鼎,2024-07-23,9100
00650L,復華香港正2,800,0,800,群益金鼎,2024-07-23,9100
00902,中信電池及儲能,676,5,671,群益金鼎,2024-07-23,9100
2303,聯電,654,24,630,群益金鼎,2024-07-23,9100
3711,日月光投控,622,27,595,群益金鼎,2024-07-23,9100
00917,中信特選金融,524,0,524,群益金鼎,2024-07-23,9100
2520,冠德,733,220,513,群益金鼎,2024-07-23,9100
6177,達麗,533,39,494,群益金鼎,2024-07-23,9100
2449,京元電子,574,88,486,群益金鼎,2024-07-23,9100
2884,玉山金,599,143,456,群益金鼎,2024-07-23,9100
1301,台塑,454,3,451,群益金鼎,2024-07-23,9100
2548,華固,417,0,417,群益金鼎,2024-07-23,9100
00909,國泰數位支付服務,383,0,383,群益金鼎,2024-07-23,9100
00862B,中信投資級公司債,455,100,355,群益金鼎,2024-07-23,9100
9906,欣巴巴,313,1,312,群益金鼎,2024-07-23,9100
9945,潤泰新,335,25,310,群益金鼎,2024-07-23,9100
4306,炎洲,312,3,309,群益金鼎,2024-07-23,9100
2610,華航,460,170,290,群益金鼎,2024-07-23,9100
00893,國泰智能電動車,270,0,270,群益金鼎,2024-07-23,9100
8046,南電,261,1,260,群益金鼎,2024-07-23,9100
3189,景碩,285,31,254,群益金鼎,2024-07-23,9100
00643,群益深証中小,299,49,250,群益金鼎,2024-07-23,9100
2540,愛山林,442,198,244,群益金鼎,2024-07-23,9100
00903,富邦元宇宙,233,0,233,群益金鼎,2024-07-23,9100
3665,貿聯-KY,274,45,229,群益金鼎,2024-07-23,9100
2393,億光,209,2,207,群益金鼎,2024-07-23,9100
2382,廣達,224,17,207,群益金鼎,2024-07-23,9100
4127,天良,200,0,200,群益金鼎,2024-07-23,9100
00876,元大全球5G,198,14,184,群益金鼎,2024-07-23,9100
4128,中天,240,60,180,群益金鼎,2024-07-23,9100
2603,長榮,219,53,166,群益金鼎,2024-07-23,9100
00895,富邦未來車,700,535,165,群益金鼎,2024-07-23,9100
1477,聚陽,162,1,161,群益金鼎,2024-07-23,9100
3044,健鼎,160,5,155,群益金鼎,2024-07-23,9100
2515,中工,200,45,155,群益金鼎,2024-07-23,9100
3010,華立,179,36,143,群益金鼎,2024-07-23,9100
2330,台積電,212,72,140,群益金鼎,2024-07-23,9100
5534,長虹,131,5,126,群益金鼎,2024-07-23,9100
6239,力成,148,26,122,群益金鼎,2024-07-23,9100
2441,超豐,132,10,122,群益金鼎,2024-07-23,9100
006205,富邦上証,120,0,120,群益金鼎,2024-07-23,9100
00764B,群益25年美債,1867,1750,117,群益金鼎,2024-07-23,9100
00927,群益半導體收益,454,337,117,群益金鼎,2024-07-23,9100
2402,毅嘉,129,12,117,群益金鼎,2024-07-23,9100
2892,第一金,119,7,112,群益金鼎,2024-07-23,9100
2308,台達電,117,8,109,群益金鼎,2024-07-23,9100
2303,聯電,7489,826,6663,群益金鼎,2024-07-26,9100
00949,復華日本龍頭,5009,1,5008,群益金鼎,2024-07-26,9100
00632R,元大台灣50反1,5508,1167,4341,群益金鼎,2024-07-26,9100
00941,中信上游半導體,5018,1472,3546,群益金鼎,2024-07-26,9100
00673R,期元大S＆P原油反1,3273,0,3273,群益金鼎,2024-07-26,9100
00725B,國泰投資級公司債,2037,0,2037,群益金鼎,2024-07-26,9100
00720B,元大投資級公司債,2020,0,2020,群益金鼎,2024-07-26,9100
2323,中環,1800,16,1784,群益金鼎,2024-07-26,9100
00772B,中信高評級公司債,1713,2,1711,群益金鼎,2024-07-26,9100
00751B,元大AAA至A公司債,1645,0,1645,群益金鼎,2024-07-26,9100
3481,群創,1665,648,1017,群益金鼎,2024-07-26,9100
00687B,國泰20年美債,989,31,958,群益金鼎,2024-07-26,9100
2449,京元電子,849,20,829,群益金鼎,2024-07-26,9100
00948B,中信優息投資級債,814,0,814,群益金鼎,2024-07-26,9100
00650L,復華香港正2,1759,1001,758,群益金鼎,2024-07-26,9100
00945B,凱基美國非投等債,752,0,752,群益金鼎,2024-07-26,9100
2330,台積電,834,136,698,群益金鼎,2024-07-26,9100
3702,大聯大,712,68,644,群益金鼎,2024-07-26,9100
00902,中信電池及儲能,632,27,605,群益金鼎,2024-07-26,9100
2382,廣達,700,99,601,群益金鼎,2024-07-26,9100
00922,國泰台灣領袖50,558,5,553,群益金鼎,2024-07-26,9100
2881,富邦金,532,1,531,群益金鼎,2024-07-26,9100
3231,緯創,578,48,530,群益金鼎,2024-07-26,9100
00917,中信特選金融,517,0,517,群益金鼎,2024-07-26,9100
2377,微星,512,1,511,群益金鼎,2024-07-26,9100
2888,新光金,486,3,483,群益金鼎,2024-07-26,9100
00900,富邦特選高股息30,474,1,473,群益金鼎,2024-07-26,9100
00892,富邦台灣半導體,539,74,465,群益金鼎,2024-07-26,9100
2520,冠德,658,219,439,群益金鼎,2024-07-26,9100
00679B,元大美債20年,436,4,432,群益金鼎,2024-07-26,9100
9945,潤泰新,438,36,402,群益金鼎,2024-07-26,9100
00651R,復華香港反1,400,0,400,群益金鼎,2024-07-26,9100
4532,瑞智,392,3,389,群益金鼎,2024-07-26,9100
3034,聯詠,445,59,386,群益金鼎,2024-07-26,9100
00862B,中信投資級公司債,448,100,348,群益金鼎,2024-07-26,9100
00937B,群益ESG投等債20,556,215,341,群益金鼎,2024-07-26,9100
00950B,凱基A級公司債,330,0,330,群益金鼎,2024-07-26,9100
2441,超豐,321,0,321,群益金鼎,2024-07-26,9100
00907,永豐優息存股,314,7,307,群益金鼎,2024-07-26,9100
2393,億光,304,15,289,群益金鼎,2024-07-26,9100
2458,義隆,293,6,287,群益金鼎,2024-07-26,9100
00927,群益半導體收益,768,509,259,群益金鼎,2024-07-26,9100
2610,華航,386,130,256,群益金鼎,2024-07-26,9100
2376,技嘉,272,42,230,群益金鼎,2024-07-26,9100
1477,聚陽,229,12,217,群益金鼎,2024-07-26,9100
00773B,中信優先金融債,210,0,210,群益金鼎,2024-07-26,9100
00857B,永豐20年美公債,202,0,202,群益金鼎,2024-07-26,9100
6451,訊芯-KY,202,10,192,群益金鼎,2024-07-26,9100
00728,第一金工業30,183,0,183,群益金鼎,2024-07-26,9100
2344,華邦電,266,97,169,群益金鼎,2024-07-26,9100
00706L,期元大S＆P日圓正2,3383,0,3383,群益金鼎,2024-07-29,9100
2442,新美齊,3774,1507,2267,群益金鼎,2024-07-29,9100
00673R,期元大S＆P原油反1,1897,0,1897,群益金鼎,2024-07-29,9100
00665L,富邦�琤肭磪囓�2,1807,0,1807,群益金鼎,2024-07-29,9100
00664R,國泰臺灣加權反1,1141,0,1141,群益金鼎,2024-07-29,9100
00650L,復華香港正2,1335,300,1035,群益金鼎,2024-07-29,9100
3188,鑫龍騰,964,30,934,群益金鼎,2024-07-29,9100
2449,京元電子,861,16,845,群益金鼎,2024-07-29,9100
00941,中信上游半導體,636,1,635,群益金鼎,2024-07-29,9100
2002,中鋼,630,3,627,群益金鼎,2024-07-29,9100
2881,富邦金,612,3,609,群益金鼎,2024-07-29,9100
2504,國產,608,5,603,群益金鼎,2024-07-29,9100
00902,中信電池及儲能,509,0,509,群益金鼎,2024-07-29,9100
8070,長華*,502,0,502,群益金鼎,2024-07-29,9100
4915,致伸,524,24,500,群益金鼎,2024-07-29,9100
00917,中信特選金融,499,1,498,群益金鼎,2024-07-29,9100
3048,益登,437,0,437,群益金鼎,2024-07-29,9100
00676R,富邦臺灣加權反1,415,0,415,群益金鼎,2024-07-29,9100
8112,至上,407,4,403,群益金鼎,2024-07-29,9100
2303,聯電,730,378,352,群益金鼎,2024-07-29,9100
2317,鴻海,736,395,341,群益金鼎,2024-07-29,9100
00692,富邦公司治理,345,4,341,群益金鼎,2024-07-29,9100
2330,台積電,342,26,316,群益金鼎,2024-07-29,9100
2211,長榮鋼,300,1,299,群益金鼎,2024-07-29,9100
6176,瑞儀,316,26,290,群益金鼎,2024-07-29,9100
6219,富旺,287,0,287,群益金鼎,2024-07-29,9100
2912,統一超,279,1,278,群益金鼎,2024-07-29,9100
2596,綠意,262,0,262,群益金鼎,2024-07-29,9100
2542,興富發,413,168,245,群益金鼎,2024-07-29,9100
6269,台郡,301,71,230,群益金鼎,2024-07-29,9100
1303,南亞,228,11,217,群益金鼎,2024-07-29,9100
0056,元大高股息,215,1,214,群益金鼎,2024-07-29,9100
00933B,國泰10Y+金融債,202,0,202,群益金鼎,2024-07-29,9100
2618,長榮航,188,6,182,群益金鼎,2024-07-29,9100
00728,第一金工業30,194,15,179,群益金鼎,2024-07-29,9100
2412,中華電,177,3,174,群益金鼎,2024-07-29,9100
2834,臺企銀,165,0,165,群益金鼎,2024-07-29,9100
00876,元大全球5G,160,1,159,群益金鼎,2024-07-29,9100
00669R,國泰美國道瓊反1,158,0,158,群益金鼎,2024-07-29,9100
1301,台塑,160,2,158,群益金鼎,2024-07-29,9100
1216,統一,217,64,153,群益金鼎,2024-07-29,9100
00651R,復華香港反1,150,0,150,群益金鼎,2024-07-29,9100
3033,威健,159,12,147,群益金鼎,2024-07-29,9100
1326,台化,148,16,132,群益金鼎,2024-07-29,9100
2633,台灣高鐵,131,1,130,群益金鼎,2024-07-29,9100
1477,聚陽,155,35,120,群益金鼎,2024-07-29,9100
2059,川湖,120,0,120,群益金鼎,2024-07-29,9100
00949,復華日本龍頭,113,6,107,群益金鼎,2024-07-29,9100
1590,亞德客-KY,107,1,106,群益金鼎,2024-07-29,9100
00942B,台新美A公司債20+,102,0,102,群益金鼎,2024-07-29,9100
00673R,期元大S＆P原油反1,3702,0,3702,群益金鼎,2024-07-30,9100
3047,訊舟,2481,30,2451,群益金鼎,2024-07-30,9100
3663,鑫科,2379,57,2322,群益金鼎,2024-07-30,9100
2324,仁寶,2255,17,2238,群益金鼎,2024-07-30,9100
00706L,期元大S＆P日圓正2,2035,0,2035,群益金鼎,2024-07-30,9100
3374,精材,1295,50,1245,群益金鼎,2024-07-30,9100
00648R,元大S＆P500反1,1340,136,1204,群益金鼎,2024-07-30,9100
00671R,富邦NASDAQ反1,1154,0,1154,群益金鼎,2024-07-30,9100
6005,群益證,1020,4,1016,群益金鼎,2024-07-30,9100
8112,至上,892,1,891,群益金鼎,2024-07-30,9100
2449,京元電子,895,12,883,群益金鼎,2024-07-30,9100
00664R,國泰臺灣加權反1,721,0,721,群益金鼎,2024-07-30,9100
6239,力成,739,32,707,群益金鼎,2024-07-30,9100
2881,富邦金,751,60,691,群益金鼎,2024-07-30,9100
0050,元大台灣50,568,12,556,群益金鼎,2024-07-30,9100
2385,群光,581,26,555,群益金鼎,2024-07-30,9100
2376,技嘉,513,33,480,群益金鼎,2024-07-30,9100
2474,可成,525,50,475,群益金鼎,2024-07-30,9100
2377,微星,438,2,436,群益金鼎,2024-07-30,9100
6176,瑞儀,436,37,399,群益金鼎,2024-07-30,9100
2317,鴻海,440,55,385,群益金鼎,2024-07-30,9100
2412,中華電,1126,750,376,群益金鼎,2024-07-30,9100
8070,長華*,321,0,321,群益金鼎,2024-07-30,9100
00893,國泰智能電動車,330,12,318,群益金鼎,2024-07-30,9100
2368,金像電,320,8,312,群益金鼎,2024-07-30,9100
2393,億光,319,9,310,群益金鼎,2024-07-30,9100
1504,東元,312,4,308,群益金鼎,2024-07-30,9100
2337,旺宏,351,52,299,群益金鼎,2024-07-30,9100
00903,富邦元宇宙,296,0,296,群益金鼎,2024-07-30,9100
3702,大聯大,317,30,287,群益金鼎,2024-07-30,9100
3188,鑫龍騰,270,1,269,群益金鼎,2024-07-30,9100
2880,華南金,269,12,257,群益金鼎,2024-07-30,9100
1103,嘉泥,251,0,251,群益金鼎,2024-07-30,9100
3005,神基,243,0,243,群益金鼎,2024-07-30,9100
2891,中信金,263,41,222,群益金鼎,2024-07-30,9100
5483,中美晶,293,79,214,群益金鼎,2024-07-30,9100
00686R,群益臺灣加權反1,206,0,206,群益金鼎,2024-07-30,9100
6278,台表科,223,27,196,群益金鼎,2024-07-30,9100
3450,聯鈞,213,17,196,群益金鼎,2024-07-30,9100
3017,奇鋐,293,106,187,群益金鼎,2024-07-30,9100
2379,瑞昱,186,13,173,群益金鼎,2024-07-30,9100
2633,台灣高鐵,171,3,168,群益金鼎,2024-07-30,9100
3014,聯陽,165,0,165,群益金鼎,2024-07-30,9100
6187,萬潤,235,70,165,群益金鼎,2024-07-30,9100
2615,萬海,188,26,162,群益金鼎,2024-07-30,9100
4915,致伸,205,43,162,群益金鼎,2024-07-30,9100
3706,神達,190,29,161,群益金鼎,2024-07-30,9100
2002,中鋼,161,2,159,群益金鼎,2024-07-30,9100
00909,國泰數位支付服務,192,39,153,群益金鼎,2024-07-30,9100
1314,中石化,156,3,153,群益金鼎,2024-07-30,9100
00673R,期元大S＆P原油反1,11801,0,11801,群益金鼎,2024-07-31,9100
00637L,元大滬深300正2,8396,0,8396,群益金鼎,2024-07-31,9100
00671R,富邦NASDAQ反1,4063,0,4063,群益金鼎,2024-07-31,9100
00665L,富邦�琤肭磪囓�2,2585,0,2585,群益金鼎,2024-07-31,9100
2504,國產,2052,37,2015,群益金鼎,2024-07-31,9100
00650L,復華香港正2,1574,0,1574,群益金鼎,2024-07-31,9100
0050,元大台灣50,1152,11,1141,群益金鼎,2024-07-31,9100
4915,致伸,1032,10,1022,群益金鼎,2024-07-31,9100
00706L,期元大S＆P日圓正2,2212,1513,699,群益金鼎,2024-07-31,9100
00633L,富邦上証正2,742,120,622,群益金鼎,2024-07-31,9100
00924,復華S＆P500成長,611,8,603,群益金鼎,2024-07-31,9100
00922,國泰台灣領袖50,649,55,594,群益金鼎,2024-07-31,9100
6278,台表科,572,2,570,群益金鼎,2024-07-31,9100
2451,創見,501,0,501,群益金鼎,2024-07-31,9100
2404,漢唐,461,12,449,群益金鼎,2024-07-31,9100
00876,元大全球5G,420,1,419,群益金鼎,2024-07-31,9100
00651R,復華香港反1,700,300,400,群益金鼎,2024-07-31,9100
00655L,國泰中國A50正2,384,0,384,群益金鼎,2024-07-31,9100
00900,富邦特選高股息30,386,3,383,群益金鼎,2024-07-31,9100
00902,中信電池及儲能,378,0,378,群益金鼎,2024-07-31,9100
1504,東元,366,8,358,群益金鼎,2024-07-31,9100
00643,群益深証中小,358,0,358,群益金鼎,2024-07-31,9100
1216,統一,350,0,350,群益金鼎,2024-07-31,9100
2303,聯電,401,60,341,群益金鼎,2024-07-31,9100
00950B,凱基A級公司債,340,0,340,群益金鼎,2024-07-31,9100
00945B,凱基美國非投等債,689,359,330,群益金鼎,2024-07-31,9100
00830,國泰費城半導體,2155,1828,327,群益金鼎,2024-07-31,9100
00917,中信特選金融,324,0,324,群益金鼎,2024-07-31,9100
6005,群益證,321,0,321,群益金鼎,2024-07-31,9100
00918,大華優利高填息30,377,58,319,群益金鼎,2024-07-31,9100
3014,聯陽,314,0,314,群益金鼎,2024-07-31,9100
2353,宏��,315,2,313,群益金鼎,2024-07-31,9100
8016,矽創,284,0,284,群益金鼎,2024-07-31,9100
2449,京元電子,292,19,273,群益金鼎,2024-07-31,9100
00701,國泰股利精選30,255,0,255,群益金鼎,2024-07-31,9100
00907,永豐優息存股,330,100,230,群益金鼎,2024-07-31,9100
2382,廣達,317,91,226,群益金鼎,2024-07-31,9100
00719B,元大美債1-3,235,10,225,群益金鼎,2024-07-31,9100
00669R,國泰美國道瓊反1,200,0,200,群益金鼎,2024-07-31,9100
3707,漢磊,201,2,199,群益金鼎,2024-07-31,9100
2610,華航,308,109,199,群益金鼎,2024-07-31,9100
9921,巨大,219,25,194,群益金鼎,2024-07-31,9100
2388,威盛,209,18,191,群益金鼎,2024-07-31,9100
4532,瑞智,191,0,191,群益金鼎,2024-07-31,9100
1314,中石化,190,1,189,群益金鼎,2024-07-31,9100
2845,遠東銀,175,0,175,群益金鼎,2024-07-31,9100
00944,野村趨勢動能高息,160,4,156,群益金鼎,2024-07-31,9100
2385,群光,159,5,154,群益金鼎,2024-07-31,9100
2317,鴻海,242,96,146,群益金鼎,2024-07-31,9100
2637,慧洋-KY,137,0,137,群益金鼎,2024-07-31,9100
00948B,中信優息投資級債,6598,601,5997,群益金鼎,2024-08-01,9100
00764B,群益25年美債,7166,3255,3911,群益金鼎,2024-08-01,9100
2890,永豐金,2588,29,2559,群益金鼎,2024-08-01,9100
2301,光寶科,2891,519,2372,群益金鼎,2024-08-01,9100
00751B,元大AAA至A公司債,2338,3,2335,群益金鼎,2024-08-01,9100
2885,元大金,2228,22,2206,群益金鼎,2024-08-01,9100
00937B,群益ESG投等債20,3019,857,2162,群益金鼎,2024-08-01,9100
00720B,元大投資級公司債,1928,1,1927,群益金鼎,2024-08-01,9100
2892,第一金,1837,21,1816,群益金鼎,2024-08-01,9100
00772B,中信高評級公司債,1530,3,1527,群益金鼎,2024-08-01,9100
2886,兆豐金,1538,21,1517,群益金鼎,2024-08-01,9100
00940,元大台灣價值高息,1505,1,1504,群益金鼎,2024-08-01,9100
2882,國泰金,1343,67,1276,群益金鼎,2024-08-01,9100
00706L,期元大S＆P日圓正2,1899,726,1173,群益金鼎,2024-08-01,9100
1314,中石化,1183,57,1126,群益金鼎,2024-08-01,9100
00719B,元大美債1-3,1122,0,1122,群益金鼎,2024-08-01,9100
00773B,中信優先金融債,1117,1,1116,群益金鼎,2024-08-01,9100
2891,中信金,1166,67,1099,群益金鼎,2024-08-01,9100
00795B,中信美國公債20年,1100,3,1097,群益金鼎,2024-08-01,9100
00862B,中信投資級公司債,1138,100,1038,群益金鼎,2024-08-01,9100
00757,統一FANG+,1290,305,985,群益金鼎,2024-08-01,9100
8054,安國,1305,383,922,群益金鼎,2024-08-01,9100
00725B,國泰投資級公司債,807,0,807,群益金鼎,2024-08-01,9100
00650L,復華香港正2,787,0,787,群益金鼎,2024-08-01,9100
00931B,統一美債20年,764,42,722,群益金鼎,2024-08-01,9100
00680L,元大美債20正2,604,58,546,群益金鼎,2024-08-01,9100
00722B,群益投資級電信債,2073,1579,494,群益金鼎,2024-08-01,9100
00942B,台新美A公司債20+,450,0,450,群益金鼎,2024-08-01,9100
2303,聯電,499,77,422,群益金鼎,2024-08-01,9100
00929,復華台灣科技優息,1365,951,414,群益金鼎,2024-08-01,9100
0050,元大台灣50,467,86,381,群益金鼎,2024-08-01,9100
00950B,凱基A級公司債,370,1,369,群益金鼎,2024-08-01,9100
2474,可成,391,52,339,群益金鼎,2024-08-01,9100
00939,統一台灣高息動能,1070,749,321,群益金鼎,2024-08-01,9100
5512,力麒,336,40,296,群益金鼎,2024-08-01,9100
00876,元大全球5G,295,0,295,群益金鼎,2024-08-01,9100
00864B,中信美國公債0-1,330,77,253,群益金鼎,2024-08-01,9100
2330,台積電,378,130,248,群益金鼎,2024-08-01,9100
00884B,中信低碳新興債,338,100,238,群益金鼎,2024-08-01,9100
00755B,群益投資級公用債,290,52,238,群益金鼎,2024-08-01,9100
3673,TPK-KY,240,22,218,群益金鼎,2024-08-01,9100
006207,復華滬深,210,0,210,群益金鼎,2024-08-01,9100
2897,王道銀行,237,29,208,群益金鼎,2024-08-01,9100
00669R,國泰美國道瓊反1,201,0,201,群益金鼎,2024-08-01,9100
9904,寶成,307,111,196,群益金鼎,2024-08-01,9100
2481,強茂,200,7,193,群益金鼎,2024-08-01,9100
2801,彰銀,204,17,187,群益金鼎,2024-08-01,9100
9907,統一實,191,7,184,群益金鼎,2024-08-01,9100
2371,大同,193,12,181,群益金鼎,2024-08-01,9100
2880,華南金,203,30,173,群益金鼎,2024-08-01,9100
2891,中信金,13412,156,13256,群益金鼎,2024-08-02,9100
2888,新光金,11827,108,11719,群益金鼎,2024-08-02,9100
00937B,群益ESG投等債20,8048,787,7261,群益金鼎,2024-08-02,9100
00720B,元大投資級公司債,7116,15,7101,群益金鼎,2024-08-02,9100
00671R,富邦NASDAQ反1,6428,0,6428,群益金鼎,2024-08-02,9100
00751B,元大AAA至A公司債,5688,6,5682,群益金鼎,2024-08-02,9100
00725B,國泰投資級公司債,3285,10,3275,群益金鼎,2024-08-02,9100
4562,穎漢,2671,12,2659,群益金鼎,2024-08-02,9100
3264,欣銓,1397,0,1397,群益金鼎,2024-08-02,9100
8112,至上,1340,17,1323,群益金鼎,2024-08-02,9100
00772B,中信高評級公司債,1290,11,1279,群益金鼎,2024-08-02,9100
4510,高鋒,1233,47,1186,群益金鼎,2024-08-02,9100
2070,精湛,1057,2,1055,群益金鼎,2024-08-02,9100
00680L,元大美債20正2,1700,714,986,群益金鼎,2024-08-02,9100
3231,緯創,901,56,845,群益金鼎,2024-08-02,9100
00648R,元大S＆P500反1,1045,483,562,群益金鼎,2024-08-02,9100
00939,統一台灣高息動能,593,52,541,群益金鼎,2024-08-02,9100
6176,瑞儀,561,25,536,群益金鼎,2024-08-02,9100
00944,野村趨勢動能高息,510,0,510,群益金鼎,2024-08-02,9100
00651R,復華香港反1,500,0,500,群益金鼎,2024-08-02,9100
00942B,台新美A公司債20+,500,0,500,群益金鼎,2024-08-02,9100
00934,中信成長高股息,1126,644,482,群益金鼎,2024-08-02,9100
8374,羅昇,479,2,477,群益金鼎,2024-08-02,9100
00852L,國泰美國道瓊正2,428,0,428,群益金鼎,2024-08-02,9100
6239,力成,434,41,393,群益金鼎,2024-08-02,9100
00917,中信特選金融,387,0,387,群益金鼎,2024-08-02,9100
00950B,凱基A級公司債,374,0,374,群益金鼎,2024-08-02,9100
00697B,元大美債7-10,365,0,365,群益金鼎,2024-08-02,9100
00773B,中信優先金融債,435,87,348,群益金鼎,2024-08-02,9100
3036,文曄,335,3,332,群益金鼎,2024-08-02,9100
00864B,中信美國公債0-1,480,150,330,群益金鼎,2024-08-02,9100
00897,富邦基因免疫生技,330,0,330,群益金鼎,2024-08-02,9100
00907,永豐優息存股,324,32,292,群益金鼎,2024-08-02,9100
00903,富邦元宇宙,318,35,283,群益金鼎,2024-08-02,9100
3045,台灣大,340,59,281,群益金鼎,2024-08-02,9100
9939,宏全,276,3,273,群益金鼎,2024-08-02,9100
2603,長榮,418,158,260,群益金鼎,2024-08-02,9100
5880,合庫金,263,24,239,群益金鼎,2024-08-02,9100
2836,高雄銀,236,0,236,群益金鼎,2024-08-02,9100
4904,遠傳,389,161,228,群益金鼎,2024-08-02,9100
00637L,元大滬深300正2,402,183,219,群益金鼎,2024-08-02,9100
3711,日月光投控,273,60,213,群益金鼎,2024-08-02,9100
00722B,群益投資級電信債,1622,1420,202,群益金鼎,2024-08-02,9100
2303,聯電,789,588,201,群益金鼎,2024-08-02,9100
2633,台灣高鐵,200,0,200,群益金鼎,2024-08-02,9100
00664R,國泰臺灣加權反1,200,0,200,群益金鼎,2024-08-02,9100
4977,眾達-KY,200,0,200,群益金鼎,2024-08-02,9100
00724B,群益投資級金融債,1485,1300,185,群益金鼎,2024-08-02,9100
2356,英業達,287,104,183,群益金鼎,2024-08-02,9100
00926,凱基全球菁英55,206,31,175,群益金鼎,2024-08-02,9100
00937B,群益ESG投等債20,29368,2064,27304,群益金鼎,2024-08-05,9100
00673R,期元大S＆P原油反1,9017,300,8717,群益金鼎,2024-08-05,9100
2891,中信金,8258,237,8021,群益金鼎,2024-08-05,9100
00637L,元大滬深300正2,7866,217,7649,群益金鼎,2024-08-05,9100
00720B,元大投資級公司債,7515,17,7498,群益金鼎,2024-08-05,9100
00725B,國泰投資級公司債,4915,20,4895,群益金鼎,2024-08-05,9100
00751B,元大AAA至A公司債,4759,44,4715,群益金鼎,2024-08-05,9100
00893,國泰智能電動車,5455,942,4513,群益金鼎,2024-08-05,9100
2618,長榮航,4734,581,4153,群益金鼎,2024-08-05,9100
1101,台泥,3622,20,3602,群益金鼎,2024-08-05,9100
00772B,中信高評級公司債,3449,0,3449,群益金鼎,2024-08-05,9100
1402,遠東新,3436,129,3307,群益金鼎,2024-08-05,9100
2303,聯電,4731,1441,3290,群益金鼎,2024-08-05,9100
00934,中信成長高股息,4139,851,3288,群益金鼎,2024-08-05,9100
00951,台新日本半導體,5021,1800,3221,群益金鼎,2024-08-05,9100
00949,復華日本龍頭,3013,59,2954,群益金鼎,2024-08-05,9100
2880,華南金,2908,58,2850,群益金鼎,2024-08-05,9100
00942B,台新美A公司債20+,2801,0,2801,群益金鼎,2024-08-05,9100
00706L,期元大S＆P日圓正2,4691,2123,2568,群益金鼎,2024-08-05,9100
00948B,中信優息投資級債,2579,35,2544,群益金鼎,2024-08-05,9100
00664R,國泰臺灣加權反1,2644,200,2444,群益金鼎,2024-08-05,9100
00687B,國泰20年美債,4471,2270,2201,群益金鼎,2024-08-05,9100
00680L,元大美債20正2,4043,2045,1998,群益金鼎,2024-08-05,9100
2105,正新,1902,94,1808,群益金鼎,2024-08-05,9100
00650L,復華香港正2,2539,805,1734,群益金鼎,2024-08-05,9100
00902,中信電池及儲能,1693,108,1585,群益金鼎,2024-08-05,9100
00773B,中信優先金融債,1276,4,1272,群益金鼎,2024-08-05,9100
00895,富邦未來車,1297,84,1213,群益金鼎,2024-08-05,9100
00757,統一FANG+,3417,2204,1213,群益金鼎,2024-08-05,9100
00686R,群益臺灣加權反1,1150,0,1150,群益金鼎,2024-08-05,9100
00909,國泰數位支付服務,1996,891,1105,群益金鼎,2024-08-05,9100
00676R,富邦臺灣加權反1,1044,0,1044,群益金鼎,2024-08-05,9100
00945B,凱基美國非投等債,1011,0,1011,群益金鼎,2024-08-05,9100
00665L,富邦�琤肭磪囓�2,2002,999,1003,群益金鼎,2024-08-05,9100
00882,中信中國高股息,1159,158,1001,群益金鼎,2024-08-05,9100
00939,統一台灣高息動能,1713,741,972,群益金鼎,2024-08-05,9100
00724B,群益投資級金融債,2335,1375,960,群益金鼎,2024-08-05,9100
4938,和碩,996,91,905,群益金鼎,2024-08-05,9100
5347,世界,1204,329,875,群益金鼎,2024-08-05,9100
2313,華通,1677,845,832,群益金鼎,2024-08-05,9100
00864B,中信美國公債0-1,847,70,777,群益金鼎,2024-08-05,9100
00646,元大S＆P500,788,41,747,群益金鼎,2024-08-05,9100
00722B,群益投資級電信債,1745,999,746,群益金鼎,2024-08-05,9100
00633L,富邦上証正2,793,50,743,群益金鼎,2024-08-05,9100
6278,台表科,750,13,737,群益金鼎,2024-08-05,9100
00830,國泰費城半導體,5436,4699,737,群益金鼎,2024-08-05,9100
00950B,凱基A級公司債,735,0,735,群益金鼎,2024-08-05,9100
00933B,國泰10Y+金融債,623,25,598,群益金鼎,2024-08-05,9100
00688L,國泰20年美債正2,698,119,579,群益金鼎,2024-08-05,9100
2412,中華電,628,56,572,群益金鼎,2024-08-05,9100
00679B,元大美債20年,12629,279,12350,群益金鼎,2024-08-06,9100
00688L,國泰20年美債正2,12072,24,12048,群益金鼎,2024-08-06,9100
00687B,國泰20年美債,12606,1635,10971,群益金鼎,2024-08-06,9100
00680L,元大美債20正2,8127,56,8071,群益金鼎,2024-08-06,9100
00671R,富邦NASDAQ反1,5071,0,5071,群益金鼎,2024-08-06,9100
00632R,元大台灣50反1,5109,42,5067,群益金鼎,2024-08-06,9100
00706L,期元大S＆P日圓正2,5042,0,5042,群益金鼎,2024-08-06,9100
2303,聯電,3112,100,3012,群益金鼎,2024-08-06,9100
2891,中信金,2443,268,2175,群益金鼎,2024-08-06,9100
00648R,元大S＆P500反1,2046,0,2046,群益金鼎,2024-08-06,9100
00941,中信上游半導體,2408,407,2001,群益金鼎,2024-08-06,9100
2883,凱基金,1935,55,1880,群益金鼎,2024-08-06,9100
2884,玉山金,2246,452,1794,群益金鼎,2024-08-06,9100
2887,台新金,1509,68,1441,群益金鼎,2024-08-06,9100
00673R,期元大S＆P原油反1,1440,0,1440,群益金鼎,2024-08-06,9100
00795B,中信美國公債20年,1413,0,1413,群益金鼎,2024-08-06,9100
2890,永豐金,1466,85,1381,群益金鼎,2024-08-06,9100
2886,兆豐金,1420,66,1354,群益金鼎,2024-08-06,9100
5880,合庫金,1296,0,1296,群益金鼎,2024-08-06,9100
00931B,統一美債20年,1251,44,1207,群益金鼎,2024-08-06,9100
00669R,國泰美國道瓊反1,1405,200,1205,群益金鼎,2024-08-06,9100
2892,第一金,1318,114,1204,群益金鼎,2024-08-06,9100
00902,中信電池及儲能,911,0,911,群益金鼎,2024-08-06,9100
00764B,群益25年美債,4792,3905,887,群益金鼎,2024-08-06,9100
2885,元大金,1629,749,880,群益金鼎,2024-08-06,9100
00751B,元大AAA至A公司債,885,122,763,群益金鼎,2024-08-06,9100
00937B,群益ESG投等債20,2740,2122,618,群益金鼎,2024-08-06,9100
00650L,復華香港正2,1149,605,544,群益金鼎,2024-08-06,9100
2313,華通,681,146,535,群益金鼎,2024-08-06,9100
5347,世界,651,118,533,群益金鼎,2024-08-06,9100
00646,元大S＆P500,491,1,490,群益金鼎,2024-08-06,9100
00917,中信特選金融,487,0,487,群益金鼎,2024-08-06,9100
5876,上海商銀,460,9,451,群益金鼎,2024-08-06,9100
3033,威健,472,22,450,群益金鼎,2024-08-06,9100
0050,元大台灣50,1654,1218,436,群益金鼎,2024-08-06,9100
8478,東哥遊艇,432,3,429,群益金鼎,2024-08-06,9100
2880,華南金,417,34,383,群益金鼎,2024-08-06,9100
6284,佳邦,394,38,356,群益金鼎,2024-08-06,9100
00676R,富邦臺灣加權反1,444,100,344,群益金鼎,2024-08-06,9100
4402,郡都開發,343,0,343,群益金鼎,2024-08-06,9100
1103,嘉泥,335,0,335,群益金鼎,2024-08-06,9100
3711,日月光投控,475,157,318,群益金鼎,2024-08-06,9100
1522,堤維西,325,29,296,群益金鼎,2024-08-06,9100
3037,欣興,562,272,290,群益金鼎,2024-08-06,9100
3231,緯創,525,242,283,群益金鼎,2024-08-06,9100
1532,勤美,318,35,283,群益金鼎,2024-08-06,9100
00651R,復華香港反1,279,0,279,群益金鼎,2024-08-06,9100
2412,中華電,286,16,270,群益金鼎,2024-08-06,9100
00719B,元大美債1-3,253,1,252,群益金鼎,2024-08-06,9100
00640L,富邦日本正2,311,74,237,群益金鼎,2024-08-06,9100
2886,兆豐金,6211,120,6091,群益金鼎,2024-08-07,9100
00671R,富邦NASDAQ反1,4356,0,4356,群益金鼎,2024-08-07,9100
00673R,期元大S＆P原油反1,4096,0,4096,群益金鼎,2024-08-07,9100
00706L,期元大S＆P日圓正2,5240,1158,4082,群益金鼎,2024-08-07,9100
00687B,國泰20年美債,2811,86,2725,群益金鼎,2024-08-07,9100
00895,富邦未來車,2807,291,2516,群益金鼎,2024-08-07,9100
2887,台新金,2003,3,2000,群益金鼎,2024-08-07,9100
2365,昆盈,1969,14,1955,群益金鼎,2024-08-07,9100
3663,鑫科,1961,17,1944,群益金鼎,2024-08-07,9100
4510,高鋒,1930,124,1806,群益金鼎,2024-08-07,9100
00664R,國泰臺灣加權反1,2499,726,1773,群益金鼎,2024-08-07,9100
00676R,富邦臺灣加權反1,2401,749,1652,群益金鼎,2024-08-07,9100
00893,國泰智能電動車,3767,2155,1612,群益金鼎,2024-08-07,9100
0050,元大台灣50,1707,209,1498,群益金鼎,2024-08-07,9100
3047,訊舟,1360,1,1359,群益金鼎,2024-08-07,9100
2324,仁寶,1172,20,1152,群益金鼎,2024-08-07,9100
00720B,元大投資級公司債,1099,2,1097,群益金鼎,2024-08-07,9100
00632R,元大台灣50反1,2119,1098,1021,群益金鼎,2024-08-07,9100
00751B,元大AAA至A公司債,1005,9,996,群益金鼎,2024-08-07,9100
2520,冠德,990,3,987,群益金鼎,2024-08-07,9100
1402,遠東新,1032,74,958,群益金鼎,2024-08-07,9100
3034,聯詠,1002,48,954,群益金鼎,2024-08-07,9100
2449,京元電子,963,66,897,群益金鼎,2024-08-07,9100
4566,時碩工業,893,5,888,群益金鼎,2024-08-07,9100
1101,台泥,978,110,868,群益金鼎,2024-08-07,9100
2303,聯電,909,85,824,群益金鼎,2024-08-07,9100
00885,富邦越南,817,0,817,群益金鼎,2024-08-07,9100
3535,晶彩科,734,0,734,群益金鼎,2024-08-07,9100
00917,中信特選金融,730,0,730,群益金鼎,2024-08-07,9100
00648R,元大S＆P500反1,720,0,720,群益金鼎,2024-08-07,9100
00937B,群益ESG投等債20,5177,4465,712,群益金鼎,2024-08-07,9100
00719B,元大美債1-3,702,5,697,群益金鼎,2024-08-07,9100
2356,英業達,768,107,661,群益金鼎,2024-08-07,9100
2882,國泰金,654,11,643,群益金鼎,2024-08-07,9100
6869,雲豹能源,629,5,624,群益金鼎,2024-08-07,9100
00637L,元大滬深300正2,600,0,600,群益金鼎,2024-08-07,9100
1103,嘉泥,560,0,560,群益金鼎,2024-08-07,9100
5483,中美晶,567,24,543,群益金鼎,2024-08-07,9100
2474,可成,539,8,531,群益金鼎,2024-08-07,9100
00950B,凱基A級公司債,514,0,514,群益金鼎,2024-08-07,9100
2105,正新,509,4,505,群益金鼎,2024-08-07,9100
00772B,中信高評級公司債,505,10,495,群益金鼎,2024-08-07,9100
2885,元大金,1107,652,455,群益金鼎,2024-08-07,9100
00919,群益台灣精選高息,719,293,426,群益金鼎,2024-08-07,9100
2301,光寶科,438,14,424,群益金鼎,2024-08-07,9100
00773B,中信優先金融債,417,0,417,群益金鼎,2024-08-07,9100
00882,中信中國高股息,413,0,413,群益金鼎,2024-08-07,9100
00876,元大全球5G,727,318,409,群益金鼎,2024-08-07,9100
00941,中信上游半導體,418,20,398,群益金鼎,2024-08-07,9100
1216,統一,379,4,375,群益金鼎,2024-08-07,9100
00937B,群益ESG投等債20,6491,78,6413,群益金鼎,2024-08-08,9100
2303,聯電,5335,385,4950,群益金鼎,2024-08-08,9100
00941,中信上游半導體,3011,502,2509,群益金鼎,2024-08-08,9100
00715L,期街口布蘭特正2,4326,2169,2157,群益金鼎,2024-08-08,9100
00948B,中信優息投資級債,2138,23,2115,群益金鼎,2024-08-08,9100
00706L,期元大S＆P日圓正2,1944,6,1938,群益金鼎,2024-08-08,9100
3663,鑫科,3968,2081,1887,群益金鼎,2024-08-08,9100
00893,國泰智能電動車,1656,41,1615,群益金鼎,2024-08-08,9100
00671R,富邦NASDAQ反1,2242,714,1528,群益金鼎,2024-08-08,9100
2353,宏��,1763,311,1452,群益金鼎,2024-08-08,9100
00720B,元大投資級公司債,1470,40,1430,群益金鼎,2024-08-08,9100
2301,光寶科,1560,152,1408,群益金鼎,2024-08-08,9100
3450,聯鈞,1279,144,1135,群益金鼎,2024-08-08,9100
00751B,元大AAA至A公司債,1104,20,1084,群益金鼎,2024-08-08,9100
4938,和碩,1056,7,1049,群益金鼎,2024-08-08,9100
00935,野村臺灣新科技50,1008,0,1008,群益金鼎,2024-08-08,9100
3045,台灣大,1397,476,921,群益金鼎,2024-08-08,9100
5347,世界,942,36,906,群益金鼎,2024-08-08,9100
00725B,國泰投資級公司債,817,41,776,群益金鼎,2024-08-08,9100
3711,日月光投控,779,36,743,群益金鼎,2024-08-08,9100
3037,欣興,886,145,741,群益金鼎,2024-08-08,9100
00665L,富邦�琤肭磪囓�2,694,0,694,群益金鼎,2024-08-08,9100
00773B,中信優先金融債,658,0,658,群益金鼎,2024-08-08,9100
2880,華南金,633,37,596,群益金鼎,2024-08-08,9100
2313,華通,603,46,557,群益金鼎,2024-08-08,9100
8374,羅昇,571,49,522,群益金鼎,2024-08-08,9100
00687B,國泰20年美債,492,19,473,群益金鼎,2024-08-08,9100
00939,統一台灣高息動能,806,366,440,群益金鼎,2024-08-08,9100
2368,金像電,530,116,414,群益金鼎,2024-08-08,9100
00942B,台新美A公司債20+,517,135,382,群益金鼎,2024-08-08,9100
2317,鴻海,887,548,339,群益金鼎,2024-08-08,9100
00902,中信電池及儲能,421,112,309,群益金鼎,2024-08-08,9100
00934,中信成長高股息,306,4,302,群益金鼎,2024-08-08,9100
00722B,群益投資級電信債,1342,1042,300,群益金鼎,2024-08-08,9100
9914,美利達,301,2,299,群益金鼎,2024-08-08,9100
3005,神基,298,6,292,群益金鼎,2024-08-08,9100
2393,億光,296,15,281,群益金鼎,2024-08-08,9100
5483,中美晶,290,12,278,群益金鼎,2024-08-08,9100
3034,聯詠,279,2,277,群益金鼎,2024-08-08,9100
00692,富邦公司治理,301,29,272,群益金鼎,2024-08-08,9100
3376,新日興,426,161,265,群益金鼎,2024-08-08,9100
8112,至上,270,15,255,群益金鼎,2024-08-08,9100
3044,健鼎,273,25,248,群益金鼎,2024-08-08,9100
00924,復華S＆P500成長,712,474,238,群益金鼎,2024-08-08,9100
3264,欣銓,235,0,235,群益金鼎,2024-08-08,9100
6191,精成科,233,10,223,群益金鼎,2024-08-08,9100
6176,瑞儀,230,14,216,群益金鼎,2024-08-08,9100
00857B,永豐20年美公債,201,2,199,群益金鼎,2024-08-08,9100
6285,啟��,265,80,185,群益金鼎,2024-08-08,9100
3231,緯創,722,543,179,群益金鼎,2024-08-08,9100
00637L,元大滬深300正2,6712,0,6712,群益金鼎,2024-08-09,9100
00715L,期街口布蘭特正2,3830,0,3830,群益金鼎,2024-08-09,9100
00665L,富邦�琤肭磪囓�2,2250,0,2250,群益金鼎,2024-08-09,9100
00773B,中信優先金融債,1835,1,1834,群益金鼎,2024-08-09,9100
00687B,國泰20年美債,1730,39,1691,群益金鼎,2024-08-09,9100
00673R,期元大S＆P原油反1,1589,0,1589,群益金鼎,2024-08-09,9100
00719B,元大美債1-3,1386,1,1385,群益金鼎,2024-08-09,9100
2359,所羅門,1434,57,1377,群益金鼎,2024-08-09,9100
00706L,期元大S＆P日圓正2,1384,133,1251,群益金鼎,2024-08-09,9100
3535,晶彩科,1010,34,976,群益金鼎,2024-08-09,9100
1597,直得,961,8,953,群益金鼎,2024-08-09,9100
00724B,群益投資級金融債,3216,2304,912,群益金鼎,2024-08-09,9100
00648R,元大S＆P500反1,883,39,844,群益金鼎,2024-08-09,9100
00720B,元大投資級公司債,812,2,810,群益金鼎,2024-08-09,9100
0056,元大高股息,764,3,761,群益金鼎,2024-08-09,9100
00950B,凱基A級公司債,724,0,724,群益金鼎,2024-08-09,9100
00864B,中信美國公債0-1,1065,350,715,群益金鼎,2024-08-09,9100
00895,富邦未來車,676,0,676,群益金鼎,2024-08-09,9100
3663,鑫科,615,0,615,群益金鼎,2024-08-09,9100
00897,富邦基因免疫生技,538,0,538,群益金鼎,2024-08-09,9100
00633L,富邦上証正2,586,50,536,群益金鼎,2024-08-09,9100
4562,穎漢,511,3,508,群益金鼎,2024-08-09,9100
2345,智邦,540,34,506,群益金鼎,2024-08-09,9100
00942B,台新美A公司債20+,902,405,497,群益金鼎,2024-08-09,9100
00764B,群益25年美債,3783,3291,492,群益金鼎,2024-08-09,9100
8374,羅昇,1020,548,472,群益金鼎,2024-08-09,9100
00772B,中信高評級公司債,441,0,441,群益金鼎,2024-08-09,9100
00671R,富邦NASDAQ反1,586,152,434,群益金鼎,2024-08-09,9100
00923,群益台ESG低碳50,430,2,428,群益金鼎,2024-08-09,9100
2888,新光金,1095,669,426,群益金鼎,2024-08-09,9100
00905,FT臺灣Smart,379,1,378,群益金鼎,2024-08-09,9100
4402,郡都開發,350,0,350,群益金鼎,2024-08-09,9100
00754B,群益AAA-AA公司,438,99,339,群益金鼎,2024-08-09,9100
00657,國泰日經225,325,0,325,群益金鼎,2024-08-09,9100
2436,偉詮電,330,9,321,群益金鼎,2024-08-09,9100
00757,統一FANG+,291,1,290,群益金鼎,2024-08-09,9100
00915,凱基優選高股息30,326,41,285,群益金鼎,2024-08-09,9100
1103,嘉泥,278,0,278,群益金鼎,2024-08-09,9100
00900,富邦特選高股息30,297,20,277,群益金鼎,2024-08-09,9100
3711,日月光投控,374,112,262,群益金鼎,2024-08-09,9100
00903,富邦元宇宙,249,0,249,群益金鼎,2024-08-09,9100
00670L,富邦NASDAQ正2,306,90,216,群益金鼎,2024-08-09,9100
3034,聯詠,222,16,206,群益金鼎,2024-08-09,9100
2357,華碩,318,134,184,群益金鼎,2024-08-09,9100
2344,華邦電,354,174,180,群益金鼎,2024-08-09,9100
0050,元大台灣50,215,42,173,群益金鼎,2024-08-09,9100
00725B,國泰投資級公司債,192,33,159,群益金鼎,2024-08-09,9100
00632R,元大台灣50反1,1655,1497,158,群益金鼎,2024-08-09,9100
00683L,期元大美元指正2,155,0,155,群益金鼎,2024-08-09,9100
00678,群益那斯達克生技,274,126,148,群益金鼎,2024-08-09,9100
2891,中信金,11136,165,10971,群益金鼎,2024-08-12,9100
00935,野村臺灣新科技50,1308,8,1300,群益金鼎,2024-08-12,9100
00715L,期街口布蘭特正2,1022,1,1021,群益金鼎,2024-08-12,9100
2889,國票金,1008,0,1008,群益金鼎,2024-08-12,9100
2887,台新金,739,32,707,群益金鼎,2024-08-12,9100
2455,全新,708,8,700,群益金鼎,2024-08-12,9100
3034,聯詠,606,12,594,群益金鼎,2024-08-12,9100
2376,技嘉,613,70,543,群益金鼎,2024-08-12,9100
00720B,元大投資級公司債,617,102,515,群益金鼎,2024-08-12,9100
6176,瑞儀,506,6,500,群益金鼎,2024-08-12,9100
00751B,元大AAA至A公司債,492,0,492,群益金鼎,2024-08-12,9100
00892,富邦台灣半導體,477,32,445,群益金鼎,2024-08-12,9100
00940,元大台灣價值高息,1147,739,408,群益金鼎,2024-08-12,9100
2449,京元電子,438,41,397,群益金鼎,2024-08-12,9100
2886,兆豐金,384,0,384,群益金鼎,2024-08-12,9100
00722B,群益投資級電信債,1757,1436,321,群益金鼎,2024-08-12,9100
00927,群益半導體收益,920,607,313,群益金鼎,2024-08-12,9100
2615,萬海,351,39,312,群益金鼎,2024-08-12,9100
2809,京城銀,303,3,300,群益金鼎,2024-08-12,9100
5876,上海商銀,298,0,298,群益金鼎,2024-08-12,9100
1519,華城,274,18,256,群益金鼎,2024-08-12,9100
2883,凱基金,251,0,251,群益金鼎,2024-08-12,9100
00946,群益科技高息成長,645,400,245,群益金鼎,2024-08-12,9100
6196,帆宣,227,0,227,群益金鼎,2024-08-12,9100
2436,偉詮電,212,5,207,群益金鼎,2024-08-12,9100
3037,欣興,237,33,204,群益金鼎,2024-08-12,9100
5536,聖暉*,202,1,201,群益金鼎,2024-08-12,9100
0050,元大台灣50,311,132,179,群益金鼎,2024-08-12,9100
3711,日月光投控,244,67,177,群益金鼎,2024-08-12,9100
00683L,期元大美元指正2,172,0,172,群益金鼎,2024-08-12,9100
00733,富邦臺灣中小,202,31,171,群益金鼎,2024-08-12,9100
3230,錦明,169,0,169,群益金鼎,2024-08-12,9100
1808,潤隆,148,4,144,群益金鼎,2024-08-12,9100
2603,長榮,236,92,144,群益金鼎,2024-08-12,9100
00773B,中信優先金融債,129,0,129,群益金鼎,2024-08-12,9100
00926,凱基全球菁英55,124,0,124,群益金鼎,2024-08-12,9100
2609,陽明,306,188,118,群益金鼎,2024-08-12,9100
2890,永豐金,118,0,118,群益金鼎,2024-08-12,9100
2211,長榮鋼,100,0,100,群益金鼎,2024-08-12,9100
3702,大聯大,134,34,100,群益金鼎,2024-08-12,9100
6274,台燿,138,38,100,群益金鼎,2024-08-12,9100
5871,中租-KY,120,29,91,群益金鼎,2024-08-12,9100
2382,廣達,186,96,90,群益金鼎,2024-08-12,9100
4746,台耀,89,2,87,群益金鼎,2024-08-12,9100
9938,百和,89,4,85,群益金鼎,2024-08-12,9100
0052,富邦科技,95,11,84,群益金鼎,2024-08-12,9100
00891,中信關鍵半導體,104,25,79,群益金鼎,2024-08-12,9100
3284,太普高,78,0,78,群益金鼎,2024-08-12,9100
00635U,期元大S＆P黃金,76,0,76,群益金鼎,2024-08-12,9100
2368,金像電,87,19,68,群益金鼎,2024-08-12,9100
2891,中信金,10464,3325,7139,群益金鼎,2024-08-13,9100
00715L,期街口布蘭特正2,5759,460,5299,群益金鼎,2024-08-13,9100
3019,亞光,1636,45,1591,群益金鼎,2024-08-13,9100
2889,國票金,1001,8,993,群益金鼎,2024-08-13,9100
8374,羅昇,967,60,907,群益金鼎,2024-08-13,9100
8043,蜜望實,894,10,884,群益金鼎,2024-08-13,9100
00900,富邦特選高股息30,2004,1123,881,群益金鼎,2024-08-13,9100
00676R,富邦臺灣加權反1,816,11,805,群益金鼎,2024-08-13,9100
00706L,期元大S＆P日圓正2,708,1,707,群益金鼎,2024-08-13,9100
4938,和碩,631,23,608,群益金鼎,2024-08-13,9100
00650L,復華香港正2,649,50,599,群益金鼎,2024-08-13,9100
2504,國產,534,34,500,群益金鼎,2024-08-13,9100
3303,岱稜,477,11,466,群益金鼎,2024-08-13,9100
3062,建漢,610,160,450,群益金鼎,2024-08-13,9100
2880,華南金,450,23,427,群益金鼎,2024-08-13,9100
2540,愛山林,467,91,376,群益金鼎,2024-08-13,9100
00931B,統一美債20年,363,3,360,群益金鼎,2024-08-13,9100
00882,中信中國高股息,300,0,300,群益金鼎,2024-08-13,9100
00665L,富邦�琤肭磪囓�2,595,300,295,群益金鼎,2024-08-13,9100
00946,群益科技高息成長,735,443,292,群益金鼎,2024-08-13,9100
00927,群益半導體收益,264,20,244,群益金鼎,2024-08-13,9100
2382,廣達,372,130,242,群益金鼎,2024-08-13,9100
9904,寶成,236,0,236,群益金鼎,2024-08-13,9100
00907,永豐優息存股,435,210,225,群益金鼎,2024-08-13,9100
2330,台積電,207,4,203,群益金鼎,2024-08-13,9100
00926,凱基全球菁英55,200,0,200,群益金鼎,2024-08-13,9100
2211,長榮鋼,200,0,200,群益金鼎,2024-08-13,9100
6121,新普,200,0,200,群益金鼎,2024-08-13,9100
8070,長華*,200,0,200,群益金鼎,2024-08-13,9100
2436,偉詮電,188,2,186,群益金鼎,2024-08-13,9100
00720B,元大投資級公司債,202,17,185,群益金鼎,2024-08-13,9100
2308,台達電,213,35,178,群益金鼎,2024-08-13,9100
3030,德律,162,13,149,群益金鼎,2024-08-13,9100
5876,上海商銀,142,0,142,群益金鼎,2024-08-13,9100
2317,鴻海,243,120,123,群益金鼎,2024-08-13,9100
1584,精剛,131,15,116,群益金鼎,2024-08-13,9100
00923,群益台ESG低碳50,184,77,107,群益金鼎,2024-08-13,9100
5904,寶雅,106,0,106,群益金鼎,2024-08-13,9100
00708L,期元大S＆P黃金正2,103,0,103,群益金鼎,2024-08-13,9100
3711,日月光投控,99,11,88,群益金鼎,2024-08-13,9100
00942B,台新美A公司債20+,79,0,79,群益金鼎,2024-08-13,9100
2408,南亞科,115,37,78,群益金鼎,2024-08-13,9100
3376,新日興,115,40,75,群益金鼎,2024-08-13,9100
2834,臺企銀,290,217,73,群益金鼎,2024-08-13,9100
6757,台灣虎航,73,0,73,群益金鼎,2024-08-13,9100
00666R,富邦�琤肭磪齯�1,71,0,71,群益金鼎,2024-08-13,9100
3624,光頡,65,2,63,群益金鼎,2024-08-13,9100
6239,力成,68,6,62,群益金鼎,2024-08-13,9100
8076,伍豐,60,0,60,群益金鼎,2024-08-13,9100
3260,威剛,66,6,60,群益金鼎,2024-08-13,9100
006208,富邦台50,3006,8,2998,群益金鼎,2024-08-14,9100
00939,統一台灣高息動能,1452,1,1451,群益金鼎,2024-08-14,9100
3045,台灣大,1241,5,1236,群益金鼎,2024-08-14,9100
3663,鑫科,1216,34,1182,群益金鼎,2024-08-14,9100
4904,遠傳,1126,3,1123,群益金鼎,2024-08-14,9100
2301,光寶科,1023,16,1007,群益金鼎,2024-08-14,9100
2303,聯電,1253,642,611,群益金鼎,2024-08-14,9100
4938,和碩,561,27,534,群益金鼎,2024-08-14,9100
00946,群益科技高息成長,402,0,402,群益金鼎,2024-08-14,9100
00919,群益台灣精選高息,417,22,395,群益金鼎,2024-08-14,9100
2377,微星,369,16,353,群益金鼎,2024-08-14,9100
00934,中信成長高股息,341,0,341,群益金鼎,2024-08-14,9100
00895,富邦未來車,343,2,341,群益金鼎,2024-08-14,9100
00881,國泰台灣5G+,320,34,286,群益金鼎,2024-08-14,9100
00924,復華S＆P500成長,274,18,256,群益金鼎,2024-08-14,9100
00905,FT臺灣Smart,245,0,245,群益金鼎,2024-08-14,9100
00927,群益半導體收益,258,14,244,群益金鼎,2024-08-14,9100
3034,聯詠,236,6,230,群益金鼎,2024-08-14,9100
00933B,國泰10Y+金融債,215,0,215,群益金鼎,2024-08-14,9100
00715L,期街口布蘭特正2,987,782,205,群益金鼎,2024-08-14,9100
6414,樺漢,227,29,198,群益金鼎,2024-08-14,9100
5347,世界,228,31,197,群益金鼎,2024-08-14,9100
00902,中信電池及儲能,182,0,182,群益金鼎,2024-08-14,9100
3231,緯創,470,298,172,群益金鼎,2024-08-14,9100
00635U,期元大S＆P黃金,193,24,169,群益金鼎,2024-08-14,9100
8011,台通,168,0,168,群益金鼎,2024-08-14,9100
6152,百一,160,0,160,群益金鼎,2024-08-14,9100
3013,晟銘電,180,26,154,群益金鼎,2024-08-14,9100
2610,華航,286,133,153,群益金鼎,2024-08-14,9100
00668,國泰美國道瓊,152,1,151,群益金鼎,2024-08-14,9100
3037,欣興,183,35,148,群益金鼎,2024-08-14,9100
00893,國泰智能電動車,144,0,144,群益金鼎,2024-08-14,9100
8374,羅昇,142,6,136,群益金鼎,2024-08-14,9100
3374,精材,195,60,135,群益金鼎,2024-08-14,9100
00892,富邦台灣半導體,143,8,135,群益金鼎,2024-08-14,9100
00903,富邦元宇宙,134,0,134,群益金鼎,2024-08-14,9100
3376,新日興,189,60,129,群益金鼎,2024-08-14,9100
00708L,期元大S＆P黃金正2,113,0,113,群益金鼎,2024-08-14,9100
4513,福裕,279,173,106,群益金鼎,2024-08-14,9100
2330,台積電,428,323,105,群益金鼎,2024-08-14,9100
3702,大聯大,112,8,104,群益金鼎,2024-08-14,9100
00917,中信特選金融,104,0,104,群益金鼎,2024-08-14,9100
1477,聚陽,100,0,100,群益金鼎,2024-08-14,9100
6176,瑞儀,108,11,97,群益金鼎,2024-08-14,9100
2454,聯發科,131,48,83,群益金鼎,2024-08-14,9100
00640L,富邦日本正2,163,82,81,群益金鼎,2024-08-14,9100
3056,富華新,159,78,81,群益金鼎,2024-08-14,9100
2312,金寶,220,144,76,群益金鼎,2024-08-14,9100
2436,偉詮電,75,1,74,群益金鼎,2024-08-14,9100
6239,力成,74,1,73,群益金鼎,2024-08-14,9100
8096,擎亞,4680,1086,3594,群益金鼎,2024-08-15,9100
00637L,元大滬深300正2,2143,0,2143,群益金鼎,2024-08-15,9100
00715L,期街口布蘭特正2,2027,34,1993,群益金鼎,2024-08-15,9100
00665L,富邦�琤肭磪囓�2,959,211,748,群益金鼎,2024-08-15,9100
00937B,群益ESG投等債20,2890,2160,730,群益金鼎,2024-08-15,9100
0050,元大台灣50,601,111,490,群益金鼎,2024-08-15,9100
2540,愛山林,470,4,466,群益金鼎,2024-08-15,9100
00720B,元大投資級公司債,660,221,439,群益金鼎,2024-08-15,9100
1504,東元,437,25,412,群益金鼎,2024-08-15,9100
2436,偉詮電,395,5,390,群益金鼎,2024-08-15,9100
00650L,復華香港正2,651,277,374,群益金鼎,2024-08-15,9100
00893,國泰智能電動車,325,0,325,群益金鼎,2024-08-15,9100
2323,中環,328,17,311,群益金鼎,2024-08-15,9100
00892,富邦台灣半導體,307,0,307,群益金鼎,2024-08-15,9100
3711,日月光投控,384,83,301,群益金鼎,2024-08-15,9100
00670L,富邦NASDAQ正2,346,51,295,群益金鼎,2024-08-15,9100
3663,鑫科,503,230,273,群益金鼎,2024-08-15,9100
2618,長榮航,440,168,272,群益金鼎,2024-08-15,9100
2615,萬海,433,186,247,群益金鼎,2024-08-15,9100
00862B,中信投資級公司債,324,100,224,群益金鼎,2024-08-15,9100
00751B,元大AAA至A公司債,222,2,220,群益金鼎,2024-08-15,9100
00903,富邦元宇宙,205,0,205,群益金鼎,2024-08-15,9100
9939,宏全,200,2,198,群益金鼎,2024-08-15,9100
00633L,富邦上証正2,298,100,198,群益金鼎,2024-08-15,9100
3034,聯詠,249,66,183,群益金鼎,2024-08-15,9100
00918,大華優利高填息30,257,82,175,群益金鼎,2024-08-15,9100
00662,富邦NASDAQ,252,84,168,群益金鼎,2024-08-15,9100
00928,中信上櫃ESG30,170,6,164,群益金鼎,2024-08-15,9100
00895,富邦未來車,162,0,162,群益金鼎,2024-08-15,9100
5871,中租-KY,165,7,158,群益金鼎,2024-08-15,9100
00733,富邦臺灣中小,146,11,135,群益金鼎,2024-08-15,9100
3056,富華新,133,1,132,群益金鼎,2024-08-15,9100
00905,FT臺灣Smart,124,0,124,群益金鼎,2024-08-15,9100
00757,統一FANG+,118,6,112,群益金鼎,2024-08-15,9100
00924,復華S＆P500成長,109,0,109,群益金鼎,2024-08-15,9100
0056,元大高股息,158,54,104,群益金鼎,2024-08-15,9100
00941,中信上游半導體,105,5,100,群益金鼎,2024-08-15,9100
2332,友訊,90,0,90,群益金鼎,2024-08-15,9100
00725B,國泰投資級公司債,89,0,89,群益金鼎,2024-08-15,9100
2603,長榮,130,43,87,群益金鼎,2024-08-15,9100
2388,威盛,91,9,82,群益金鼎,2024-08-15,9100
2609,陽明,171,95,76,群益金鼎,2024-08-15,9100
2070,精湛,79,3,76,群益金鼎,2024-08-15,9100
00942B,台新美A公司債20+,272,200,72,群益金鼎,2024-08-15,9100
3583,辛耘,90,19,71,群益金鼎,2024-08-15,9100
4906,正文,70,0,70,群益金鼎,2024-08-15,9100
00919,群益台灣精選高息,119,49,70,群益金鼎,2024-08-15,9100
6177,達麗,77,8,69,群益金鼎,2024-08-15,9100
2312,金寶,233,167,66,群益金鼎,2024-08-15,9100
1442,名軒,68,2,66,群益金鼎,2024-08-15,9100
2883,凱基金,7305,2,7303,群益金鼎,2024-08-16,9100
00632R,元大台灣50反1,4232,300,3932,群益金鼎,2024-08-16,9100
2618,長榮航,3918,118,3800,群益金鼎,2024-08-16,9100
2301,光寶科,3294,713,2581,群益金鼎,2024-08-16,9100
00637L,元大滬深300正2,2343,0,2343,群益金鼎,2024-08-16,9100
00665L,富邦�琤肭磪囓�2,2037,0,2037,群益金鼎,2024-08-16,9100
00650L,復華香港正2,1997,197,1800,群益金鼎,2024-08-16,9100
3047,訊舟,2943,1723,1220,群益金鼎,2024-08-16,9100
2368,金像電,1032,33,999,群益金鼎,2024-08-16,9100
3645,達邁,1004,17,987,群益金鼎,2024-08-16,9100
6177,達麗,1183,233,950,群益金鼎,2024-08-16,9100
2881,富邦金,1137,215,922,群益金鼎,2024-08-16,9100
00715L,期街口布蘭特正2,839,3,836,群益金鼎,2024-08-16,9100
2330,台積電,809,67,742,群益金鼎,2024-08-16,9100
00934,中信成長高股息,624,7,617,群益金鼎,2024-08-16,9100
2376,技嘉,665,125,540,群益金鼎,2024-08-16,9100
2324,仁寶,562,29,533,群益金鼎,2024-08-16,9100
00830,國泰費城半導體,847,340,507,群益金鼎,2024-08-16,9100
3062,建漢,547,70,477,群益金鼎,2024-08-16,9100
3374,精材,535,60,475,群益金鼎,2024-08-16,9100
1402,遠東新,511,41,470,群益金鼎,2024-08-16,9100
2303,聯電,645,192,453,群益金鼎,2024-08-16,9100
00712,復華富時不動產,400,9,391,群益金鼎,2024-08-16,9100
1101,台泥,430,45,385,群益金鼎,2024-08-16,9100
2385,群光,346,30,316,群益金鼎,2024-08-16,9100
2356,英業達,332,29,303,群益金鼎,2024-08-16,9100
00941,中信上游半導體,271,1,270,群益金鼎,2024-08-16,9100
00669R,國泰美國道瓊反1,270,0,270,群益金鼎,2024-08-16,9100
00893,國泰智能電動車,446,183,263,群益金鼎,2024-08-16,9100
00937B,群益ESG投等債20,1223,965,258,群益金鼎,2024-08-16,9100
2313,華通,344,91,253,群益金鼎,2024-08-16,9100
00942B,台新美A公司債20+,241,1,240,群益金鼎,2024-08-16,9100
00903,富邦元宇宙,239,0,239,群益金鼎,2024-08-16,9100
0050,元大台灣50,357,125,232,群益金鼎,2024-08-16,9100
2105,正新,233,7,226,群益金鼎,2024-08-16,9100
2388,威盛,251,37,214,群益金鼎,2024-08-16,9100
6239,力成,231,20,211,群益金鼎,2024-08-16,9100
3376,新日興,222,15,207,群益金鼎,2024-08-16,9100
3665,貿聯-KY,255,49,206,群益金鼎,2024-08-16,9100
3013,晟銘電,387,182,205,群益金鼎,2024-08-16,9100
00864B,中信美國公債0-1,308,111,197,群益金鼎,2024-08-16,9100
3017,奇鋐,228,36,192,群益金鼎,2024-08-16,9100
2409,友達,191,2,189,群益金鼎,2024-08-16,9100
1216,統一,180,1,179,群益金鼎,2024-08-16,9100
2603,長榮,331,172,159,群益金鼎,2024-08-16,9100
6274,台燿,188,36,152,群益金鼎,2024-08-16,9100
00891,中信關鍵半導體,149,2,147,群益金鼎,2024-08-16,9100
2610,華航,318,175,143,群益金鼎,2024-08-16,9100
3035,智原,145,19,126,群益金鼎,2024-08-16,9100
2243,宏旭-KY,125,5,120,群益金鼎,2024-08-16,9100
00934,中信成長高股息,1790,0,1790,群益金鼎,2024-08-19,9100
00772B,中信高評級公司債,1905,230,1675,群益金鼎,2024-08-19,9100
00939,統一台灣高息動能,1773,109,1664,群益金鼎,2024-08-19,9100
2618,長榮航,1901,369,1532,群益金鼎,2024-08-19,9100
00940,元大台灣價值高息,1514,3,1511,群益金鼎,2024-08-19,9100
00905,FT臺灣Smart,1363,14,1349,群益金鼎,2024-08-19,9100
3062,建漢,1016,140,876,群益金鼎,2024-08-19,9100
2882,國泰金,1130,259,871,群益金鼎,2024-08-19,9100
2891,中信金,1124,299,825,群益金鼎,2024-08-19,9100
3663,鑫科,777,66,711,群益金鼎,2024-08-19,9100
00946,群益科技高息成長,643,34,609,群益金鼎,2024-08-19,9100
4909,新復興,606,6,600,群益金鼎,2024-08-19,9100
2889,國票金,500,10,490,群益金鼎,2024-08-19,9100
3535,晶彩科,555,93,462,群益金鼎,2024-08-19,9100
00892,富邦台灣半導體,442,4,438,群益金鼎,2024-08-19,9100
3702,大聯大,504,78,426,群益金鼎,2024-08-19,9100
2449,京元電子,497,75,422,群益金鼎,2024-08-19,9100
00891,中信關鍵半導體,382,3,379,群益金鼎,2024-08-19,9100
2881,富邦金,738,359,379,群益金鼎,2024-08-19,9100
3037,欣興,550,175,375,群益金鼎,2024-08-19,9100
00944,野村趨勢動能高息,351,0,351,群益金鼎,2024-08-19,9100
3455,由田,315,17,298,群益金鼎,2024-08-19,9100
2303,聯電,506,218,288,群益金鼎,2024-08-19,9100
00640L,富邦日本正2,303,20,283,群益金鼎,2024-08-19,9100
3034,聯詠,275,10,265,群益金鼎,2024-08-19,9100
00878,國泰永續高股息,264,1,263,群益金鼎,2024-08-19,9100
2454,聯發科,317,70,247,群益金鼎,2024-08-19,9100
00881,國泰台灣5G+,301,55,246,群益金鼎,2024-08-19,9100
6239,力成,257,12,245,群益金鼎,2024-08-19,9100
00773B,中信優先金融債,647,419,228,群益金鼎,2024-08-19,9100
00941,中信上游半導體,218,0,218,群益金鼎,2024-08-19,9100
5347,世界,254,37,217,群益金鼎,2024-08-19,9100
00909,國泰數位支付服務,233,19,214,群益金鼎,2024-08-19,9100
00681R,元大美債20反1,200,0,200,群益金鼎,2024-08-19,9100
00757,統一FANG+,241,44,197,群益金鼎,2024-08-19,9100
2330,台積電,424,238,186,群益金鼎,2024-08-19,9100
00929,復華台灣科技優息,501,333,168,群益金鼎,2024-08-19,9100
3665,貿聯-KY,173,11,162,群益金鼎,2024-08-19,9100
00722B,群益投資級電信債,2031,1872,159,群益金鼎,2024-08-19,9100
00669R,國泰美國道瓊反1,156,0,156,群益金鼎,2024-08-19,9100
00668,國泰美國道瓊,150,0,150,群益金鼎,2024-08-19,9100
2439,美律,155,9,146,群益金鼎,2024-08-19,9100
2368,金像電,199,58,141,群益金鼎,2024-08-19,9100
8107,大億金茂,140,0,140,群益金鼎,2024-08-19,9100
5481,新華,137,0,137,群益金鼎,2024-08-19,9100
8464,億豐,132,2,130,群益金鼎,2024-08-19,9100
2897,王道銀行,139,15,124,群益金鼎,2024-08-19,9100
00917,中信特選金融,115,0,115,群益金鼎,2024-08-19,9100
00708L,期元大S＆P黃金正2,116,1,115,群益金鼎,2024-08-19,9100
5263,智崴,142,30,112,群益金鼎,2024-08-19,9100
2618,長榮航,6969,133,6836,群益金鼎,2024-08-20,9100
00673R,期元大S＆P原油反1,5081,0,5081,群益金鼎,2024-08-20,9100
2890,永豐金,3005,291,2714,群益金鼎,2024-08-20,9100
00956,中信日經高股息,1450,330,1120,群益金鼎,2024-08-20,9100
00954,中信日本半導體,2206,1220,986,群益金鼎,2024-08-20,9100
00905,FT臺灣Smart,984,1,983,群益金鼎,2024-08-20,9100
00955,中信日本商社,1273,296,977,群益金鼎,2024-08-20,9100
3167,大量,729,17,712,群益金鼎,2024-08-20,9100
2313,華通,747,36,711,群益金鼎,2024-08-20,9100
00757,統一FANG+,609,31,578,群益金鼎,2024-08-20,9100
00830,國泰費城半導體,525,7,518,群益金鼎,2024-08-20,9100
00751B,元大AAA至A公司債,454,7,447,群益金鼎,2024-08-20,9100
00662,富邦NASDAQ,442,0,442,群益金鼎,2024-08-20,9100
2888,新光金,3282,2862,420,群益金鼎,2024-08-20,9100
2634,漢翔,423,10,413,群益金鼎,2024-08-20,9100
2317,鴻海,431,62,369,群益金鼎,2024-08-20,9100
00902,中信電池及儲能,362,0,362,群益金鼎,2024-08-20,9100
00939,統一台灣高息動能,471,110,361,群益金鼎,2024-08-20,9100
3374,精材,432,81,351,群益金鼎,2024-08-20,9100
00900,富邦特選高股息30,410,67,343,群益金鼎,2024-08-20,9100
00636,國泰中國A50,348,9,339,群益金鼎,2024-08-20,9100
1319,東陽,331,3,328,群益金鼎,2024-08-20,9100
2354,鴻準,459,187,272,群益金鼎,2024-08-20,9100
00893,國泰智能電動車,233,0,233,群益金鼎,2024-08-20,9100
9904,寶成,281,53,228,群益金鼎,2024-08-20,9100
2330,台積電,278,69,209,群益金鼎,2024-08-20,9100
6805,富世達,227,24,203,群益金鼎,2024-08-20,9100
00878,國泰永續高股息,204,5,199,群益金鼎,2024-08-20,9100
2401,凌陽,230,32,198,群益金鼎,2024-08-20,9100
2449,京元電子,480,287,193,群益金鼎,2024-08-20,9100
00881,國泰台灣5G+,241,51,190,群益金鼎,2024-08-20,9100
2540,愛山林,464,285,179,群益金鼎,2024-08-20,9100
1609,大亞,251,73,178,群益金鼎,2024-08-20,9100
2382,廣達,235,69,166,群益金鼎,2024-08-20,9100
2606,裕民,150,6,144,群益金鼎,2024-08-20,9100
3686,達能,140,0,140,群益金鼎,2024-08-20,9100
00922,國泰台灣領袖50,137,0,137,群益金鼎,2024-08-20,9100
00892,富邦台灣半導體,130,1,129,群益金鼎,2024-08-20,9100
1504,東元,136,8,128,群益金鼎,2024-08-20,9100
00664R,國泰臺灣加權反1,124,0,124,群益金鼎,2024-08-20,9100
006205,富邦上証,179,60,119,群益金鼎,2024-08-20,9100
8064,東捷,258,149,109,群益金鼎,2024-08-20,9100
00714,群益道瓊美國地產,258,151,107,群益金鼎,2024-08-20,9100
00942B,台新美A公司債20+,111,5,106,群益金鼎,2024-08-20,9100
2408,南亞科,163,63,100,群益金鼎,2024-08-20,9100
00895,富邦未來車,100,1,99,群益金鼎,2024-08-20,9100
6101,寬魚國際,95,0,95,群益金鼎,2024-08-20,9100
006207,復華滬深,90,1,89,群益金鼎,2024-08-20,9100
2476,鉅祥,129,47,82,群益金鼎,2024-08-20,9100
3580,友威科,195,115,80,群益金鼎,2024-08-20,9100
00687B,國泰20年美債,3159,219,2940,群益金鼎,2024-08-21,9100
2303,聯電,1883,129,1754,群益金鼎,2024-08-21,9100
2888,新光金,14275,12543,1732,群益金鼎,2024-08-21,9100
00948B,中信優息投資級債,1547,0,1547,群益金鼎,2024-08-21,9100
00673R,期元大S＆P原油反1,1342,0,1342,群益金鼎,2024-08-21,9100
1504,東元,884,15,869,群益金鼎,2024-08-21,9100
00772B,中信高評級公司債,676,0,676,群益金鼎,2024-08-21,9100
00751B,元大AAA至A公司債,598,0,598,群益金鼎,2024-08-21,9100
00646,元大S＆P500,579,3,576,群益金鼎,2024-08-21,9100
00937B,群益ESG投等債20,1561,1038,523,群益金鼎,2024-08-21,9100
00662,富邦NASDAQ,513,1,512,群益金鼎,2024-08-21,9100
00725B,國泰投資級公司債,475,4,471,群益金鼎,2024-08-21,9100
00942B,台新美A公司債20+,364,0,364,群益金鼎,2024-08-21,9100
00893,國泰智能電動車,379,30,349,群益金鼎,2024-08-21,9100
5347,世界,481,137,344,群益金鼎,2024-08-21,9100
00857B,永豐20年美公債,331,0,331,群益金鼎,2024-08-21,9100
00895,富邦未來車,281,0,281,群益金鼎,2024-08-21,9100
00830,國泰費城半導體,356,79,277,群益金鼎,2024-08-21,9100
00720B,元大投資級公司債,223,2,221,群益金鼎,2024-08-21,9100
2451,創見,200,0,200,群益金鼎,2024-08-21,9100
00903,富邦元宇宙,190,0,190,群益金鼎,2024-08-21,9100
00719B,元大美債1-3,200,10,190,群益金鼎,2024-08-21,9100
00795B,中信美國公債20年,614,425,189,群益金鼎,2024-08-21,9100
00680L,元大美債20正2,3967,3813,154,群益金鼎,2024-08-21,9100
2504,國產,154,1,153,群益金鼎,2024-08-21,9100
2211,長榮鋼,150,0,150,群益金鼎,2024-08-21,9100
00892,富邦台灣半導體,141,1,140,群益金鼎,2024-08-21,9100
2891,中信金,765,627,138,群益金鼎,2024-08-21,9100
6284,佳邦,315,198,117,群益金鼎,2024-08-21,9100
00902,中信電池及儲能,115,0,115,群益金鼎,2024-08-21,9100
2382,廣達,112,2,110,群益金鼎,2024-08-21,9100
2476,鉅祥,140,30,110,群益金鼎,2024-08-21,9100
00956,中信日經高股息,162,53,109,群益金鼎,2024-08-21,9100
5263,智崴,133,26,107,群益金鼎,2024-08-21,9100
00724B,群益投資級金融債,2427,2325,102,群益金鼎,2024-08-21,9100
00910,第一金太空衛星,137,40,97,群益金鼎,2024-08-21,9100
8064,東捷,291,194,97,群益金鼎,2024-08-21,9100
4716,大立,113,16,97,群益金鼎,2024-08-21,9100
00941,中信上游半導體,93,0,93,群益金鼎,2024-08-21,9100
3045,台灣大,91,1,90,群益金鼎,2024-08-21,9100
2442,新美齊,82,0,82,群益金鼎,2024-08-21,9100
2892,第一金,115,36,79,群益金鼎,2024-08-21,9100
00722B,群益投資級電信債,1479,1400,79,群益金鼎,2024-08-21,9100
5876,上海商銀,78,0,78,群益金鼎,2024-08-21,9100
8103,瀚荃,80,2,78,群益金鼎,2024-08-21,9100
8096,擎亞,121,45,76,群益金鼎,2024-08-21,9100
00708L,期元大S＆P黃金正2,100,24,76,群益金鼎,2024-08-21,9100
4128,中天,74,1,73,群益金鼎,2024-08-21,9100
2404,漢唐,102,31,71,群益金鼎,2024-08-21,9100
006208,富邦台50,83,12,71,群益金鼎,2024-08-21,9100
00673R,期元大S＆P原油反1,3921,0,3921,群益金鼎,2024-08-22,9100
3189,景碩,1686,9,1677,群益金鼎,2024-08-22,9100
00676R,富邦臺灣加權反1,1427,0,1427,群益金鼎,2024-08-22,9100
1708,東鹼,1370,12,1358,群益金鼎,2024-08-22,9100
4513,福裕,870,32,838,群益金鼎,2024-08-22,9100
00680L,元大美債20正2,1519,888,631,群益金鼎,2024-08-22,9100
00878,國泰永續高股息,1086,550,536,群益金鼎,2024-08-22,9100
2364,倫飛,489,2,487,群益金鼎,2024-08-22,9100
3711,日月光投控,603,128,475,群益金鼎,2024-08-22,9100
2540,愛山林,469,23,446,群益金鼎,2024-08-22,9100
00929,復華台灣科技優息,456,11,445,群益金鼎,2024-08-22,9100
00947,台新臺灣IC設計,426,1,425,群益金鼎,2024-08-22,9100
2890,永豐金,416,0,416,群益金鼎,2024-08-22,9100
3652,精聯,408,7,401,群益金鼎,2024-08-22,9100
2845,遠東銀,401,0,401,群益金鼎,2024-08-22,9100
00909,國泰數位支付服務,400,0,400,群益金鼎,2024-08-22,9100
2884,玉山金,466,85,381,群益金鼎,2024-08-22,9100
00720B,元大投資級公司債,346,5,341,群益金鼎,2024-08-22,9100
6415,矽力*-KY,333,2,331,群益金鼎,2024-08-22,9100
2885,元大金,435,132,303,群益金鼎,2024-08-22,9100
00632R,元大台灣50反1,322,25,297,群益金鼎,2024-08-22,9100
2349,錸德,1268,988,280,群益金鼎,2024-08-22,9100
00902,中信電池及儲能,275,0,275,群益金鼎,2024-08-22,9100
00893,國泰智能電動車,262,0,262,群益金鼎,2024-08-22,9100
00895,富邦未來車,259,0,259,群益金鼎,2024-08-22,9100
00640L,富邦日本正2,247,0,247,群益金鼎,2024-08-22,9100
5880,合庫金,241,0,241,群益金鼎,2024-08-22,9100
2886,兆豐金,223,3,220,群益金鼎,2024-08-22,9100
00651R,復華香港反1,288,72,216,群益金鼎,2024-08-22,9100
00891,中信關鍵半導體,213,10,203,群益金鼎,2024-08-22,9100
2618,長榮航,269,66,203,群益金鼎,2024-08-22,9100
5876,上海商銀,201,0,201,群益金鼎,2024-08-22,9100
2330,台積電,205,18,187,群益金鼎,2024-08-22,9100
00892,富邦台灣半導體,184,0,184,群益金鼎,2024-08-22,9100
00915,凱基優選高股息30,207,36,171,群益金鼎,2024-08-22,9100
00665L,富邦�琤肭磪囓�2,171,0,171,群益金鼎,2024-08-22,9100
00662,富邦NASDAQ,170,0,170,群益金鼎,2024-08-22,9100
2816,旺旺保,169,0,169,群益金鼎,2024-08-22,9100
2882,國泰金,251,83,168,群益金鼎,2024-08-22,9100
9904,寶成,198,31,167,群益金鼎,2024-08-22,9100
3615,安可,169,2,167,群益金鼎,2024-08-22,9100
00687B,國泰20年美債,1220,1057,163,群益金鼎,2024-08-22,9100
3406,玉晶光,159,6,153,群益金鼎,2024-08-22,9100
00708L,期元大S＆P黃金正2,200,55,145,群益金鼎,2024-08-22,9100
00772B,中信高評級公司債,131,0,131,群益金鼎,2024-08-22,9100
6151,晉倫,130,4,126,群益金鼎,2024-08-22,9100
3037,欣興,147,26,121,群益金鼎,2024-08-22,9100
2351,順德,120,3,117,群益金鼎,2024-08-22,9100
2429,銘旺科,110,10,100,群益金鼎,2024-08-22,9100
5225,東科-KY,107,9,98,群益金鼎,2024-08-22,9100
00637L,元大滬深300正2,2188,3,2185,群益金鼎,2024-08-23,9100
00676R,富邦臺灣加權反1,1894,0,1894,群益金鼎,2024-08-23,9100
00665L,富邦�琤肭磪囓�2,1859,0,1859,群益金鼎,2024-08-23,9100
2303,聯電,1470,326,1144,群益金鼎,2024-08-23,9100
00953B,群益優選非投等債,1122,11,1111,群益金鼎,2024-08-23,9100
00940,元大台灣價值高息,964,0,964,群益金鼎,2024-08-23,9100
00632R,元大台灣50反1,1005,103,902,群益金鼎,2024-08-23,9100
2885,元大金,840,182,658,群益金鼎,2024-08-23,9100
00956,中信日經高股息,607,0,607,群益金鼎,2024-08-23,9100
1504,東元,503,3,500,群益金鼎,2024-08-23,9100
00939,統一台灣高息動能,506,23,483,群益金鼎,2024-08-23,9100
00902,中信電池及儲能,468,0,468,群益金鼎,2024-08-23,9100
2886,兆豐金,456,30,426,群益金鼎,2024-08-23,9100
5876,上海商銀,364,0,364,群益金鼎,2024-08-23,9100
3711,日月光投控,373,16,357,群益金鼎,2024-08-23,9100
2882,國泰金,367,11,356,群益金鼎,2024-08-23,9100
8064,東捷,477,173,304,群益金鼎,2024-08-23,9100
2892,第一金,287,0,287,群益金鼎,2024-08-23,9100
3702,大聯大,279,4,275,群益金鼎,2024-08-23,9100
00633L,富邦上証正2,328,70,258,群益金鼎,2024-08-23,9100
5512,力麒,251,0,251,群益金鼎,2024-08-23,9100
4904,遠傳,250,0,250,群益金鼎,2024-08-23,9100
00640L,富邦日本正2,208,0,208,群益金鼎,2024-08-23,9100
3045,台灣大,213,10,203,群益金鼎,2024-08-23,9100
00955,中信日本商社,202,0,202,群益金鼎,2024-08-23,9100
2504,國產,203,1,202,群益金鼎,2024-08-23,9100
2211,長榮鋼,200,0,200,群益金鼎,2024-08-23,9100
3231,緯創,311,112,199,群益金鼎,2024-08-23,9100
5347,世界,213,43,170,群益金鼎,2024-08-23,9100
2402,毅嘉,216,52,164,群益金鼎,2024-08-23,9100
5481,新華,184,30,154,群益金鼎,2024-08-23,9100
2542,興富發,182,46,136,群益金鼎,2024-08-23,9100
00673R,期元大S＆P原油反1,119,0,119,群益金鼎,2024-08-23,9100
00897,富邦基因免疫生技,108,0,108,群益金鼎,2024-08-23,9100
2610,華航,170,65,105,群益金鼎,2024-08-23,9100
6890,來億-KY,104,1,103,群益金鼎,2024-08-23,9100
2313,華通,137,39,98,群益金鼎,2024-08-23,9100
00884B,中信低碳新興債,193,100,93,群益金鼎,2024-08-23,9100
00864B,中信美國公債0-1,182,100,82,群益金鼎,2024-08-23,9100
2424,隴華,77,0,77,群益金鼎,2024-08-23,9100
6143,振曜,84,10,74,群益金鼎,2024-08-23,9100
4716,大立,164,96,68,群益金鼎,2024-08-23,9100
3580,友威科,136,68,68,群益金鼎,2024-08-23,9100
3034,聯詠,67,3,64,群益金鼎,2024-08-23,9100
00954,中信日本半導體,416,353,63,群益金鼎,2024-08-23,9100
8358,金居,77,17,60,群益金鼎,2024-08-23,9100
2454,聯發科,85,27,58,群益金鼎,2024-08-23,9100
5443,均豪,143,85,58,群益金鼎,2024-08-23,9100
3663,鑫科,114,57,57,群益金鼎,2024-08-23,9100
1101,台泥,99,42,57,群益金鼎,2024-08-23,9100
00680L,元大美債20正2,6344,416,5928,群益金鼎,2024-08-26,9100
00715L,期街口布蘭特正2,4085,3,4082,群益金鼎,2024-08-26,9100
00688L,國泰20年美債正2,1585,10,1575,群益金鼎,2024-08-26,9100
2618,長榮航,1358,84,1274,群益金鼎,2024-08-26,9100
00665L,富邦�琤肭磪囓�2,1088,0,1088,群益金鼎,2024-08-26,9100
2303,聯電,1192,146,1046,群益金鼎,2024-08-26,9100
2845,遠東銀,1001,0,1001,群益金鼎,2024-08-26,9100
00642U,期元大S＆P石油,638,0,638,群益金鼎,2024-08-26,9100
00664R,國泰臺灣加權反1,594,0,594,群益金鼎,2024-08-26,9100
00902,中信電池及儲能,581,0,581,群益金鼎,2024-08-26,9100
1504,東元,515,7,508,群益金鼎,2024-08-26,9100
00940,元大台灣價值高息,632,145,487,群益金鼎,2024-08-26,9100
2540,愛山林,453,5,448,群益金鼎,2024-08-26,9100
00946,群益科技高息成長,528,99,429,群益金鼎,2024-08-26,9100
00885,富邦越南,448,24,424,群益金鼎,2024-08-26,9100
00939,統一台灣高息動能,432,29,403,群益金鼎,2024-08-26,9100
00944,野村趨勢動能高息,398,0,398,群益金鼎,2024-08-26,9100
00706L,期元大S＆P日圓正2,391,40,351,群益金鼎,2024-08-26,9100
00830,國泰費城半導體,518,200,318,群益金鼎,2024-08-26,9100
2376,技嘉,396,85,311,群益金鼎,2024-08-26,9100
8096,擎亞,345,40,305,群益金鼎,2024-08-26,9100
00953B,群益優選非投等債,213,10,203,群益金鼎,2024-08-26,9100
2399,映泰,205,13,192,群益金鼎,2024-08-26,9100
2331,精英,187,7,180,群益金鼎,2024-08-26,9100
2504,國產,187,16,171,群益金鼎,2024-08-26,9100
00708L,期元大S＆P黃金正2,200,30,170,群益金鼎,2024-08-26,9100
00893,國泰智能電動車,166,1,165,群益金鼎,2024-08-26,9100
00670L,富邦NASDAQ正2,161,0,161,群益金鼎,2024-08-26,9100
8937,合騏,161,0,161,群益金鼎,2024-08-26,9100
00895,富邦未來車,159,0,159,群益金鼎,2024-08-26,9100
00719B,元大美債1-3,132,0,132,群益金鼎,2024-08-26,9100
00864B,中信美國公債0-1,242,115,127,群益金鼎,2024-08-26,9100
00903,富邦元宇宙,201,93,108,群益金鼎,2024-08-26,9100
2641,正德,105,0,105,群益金鼎,2024-08-26,9100
6224,聚鼎,101,1,100,群益金鼎,2024-08-26,9100
00925,新光標普電動車,100,0,100,群益金鼎,2024-08-26,9100
00909,國泰數位支付服務,100,1,99,群益金鼎,2024-08-26,9100
2211,長榮鋼,101,3,98,群益金鼎,2024-08-26,9100
00924,復華S＆P500成長,98,0,98,群益金鼎,2024-08-26,9100
2454,聯發科,129,45,84,群益金鼎,2024-08-26,9100
2451,創見,80,0,80,群益金鼎,2024-08-26,9100
2330,台積電,131,52,79,群益金鼎,2024-08-26,9100
0056,元大高股息,86,8,78,群益金鼎,2024-08-26,9100
00922,國泰台灣領袖50,77,0,77,群益金鼎,2024-08-26,9100
2439,美律,98,23,75,群益金鼎,2024-08-26,9100
3689,湧德,92,21,71,群益金鼎,2024-08-26,9100
00941,中信上游半導體,69,0,69,群益金鼎,2024-08-26,9100
8111,立��,67,1,66,群益金鼎,2024-08-26,9100
8081,致新,65,0,65,群益金鼎,2024-08-26,9100
00950B,凱基A級公司債,65,0,65,群益金鼎,2024-08-26,9100
00715L,期街口布蘭特正2,8275,52,8223,群益金鼎,2024-08-27,9100
00632R,元大台灣50反1,2525,5,2520,群益金鼎,2024-08-27,9100
4510,高鋒,1846,93,1753,群益金鼎,2024-08-27,9100
00665L,富邦�琤肭磪囓�2,1565,101,1464,群益金鼎,2024-08-27,9100
00642U,期元大S＆P石油,1367,0,1367,群益金鼎,2024-08-27,9100
2891,中信金,2011,652,1359,群益金鼎,2024-08-27,9100
00929,復華台灣科技優息,1026,44,982,群益金鼎,2024-08-27,9100
4562,穎漢,976,16,960,群益金鼎,2024-08-27,9100
6609,瀧澤科,935,3,932,群益金鼎,2024-08-27,9100
1540,喬福,983,58,925,群益金鼎,2024-08-27,9100
2618,長榮航,1098,205,893,群益金鼎,2024-08-27,9100
00953B,群益優選非投等債,1031,200,831,群益金鼎,2024-08-27,9100
00650L,復華香港正2,821,26,795,群益金鼎,2024-08-27,9100
6151,晉倫,800,26,774,群益金鼎,2024-08-27,9100
1711,永光,739,122,617,群益金鼎,2024-08-27,9100
1326,台化,570,1,569,群益金鼎,2024-08-27,9100
2377,微星,567,10,557,群益金鼎,2024-08-27,9100
00939,統一台灣高息動能,436,3,433,群益金鼎,2024-08-27,9100
00897,富邦基因免疫生技,424,0,424,群益金鼎,2024-08-27,9100
00662,富邦NASDAQ,361,15,346,群益金鼎,2024-08-27,9100
2357,華碩,336,3,333,群益金鼎,2024-08-27,9100
00946,群益科技高息成長,325,0,325,群益金鼎,2024-08-27,9100
00941,中信上游半導體,337,30,307,群益金鼎,2024-08-27,9100
8070,長華*,363,72,291,群益金鼎,2024-08-27,9100
5347,世界,307,49,258,群益金鼎,2024-08-27,9100
6239,力成,240,2,238,群益金鼎,2024-08-27,9100
00902,中信電池及儲能,235,0,235,群益金鼎,2024-08-27,9100
3665,貿聯-KY,254,19,235,群益金鼎,2024-08-27,9100
00935,野村臺灣新科技50,326,103,223,群益金鼎,2024-08-27,9100
2344,華邦電,463,247,216,群益金鼎,2024-08-27,9100
4127,天良,208,0,208,群益金鼎,2024-08-27,9100
2313,華通,222,21,201,群益金鼎,2024-08-27,9100
00903,富邦元宇宙,200,1,199,群益金鼎,2024-08-27,9100
00893,國泰智能電動車,350,163,187,群益金鼎,2024-08-27,9100
00885,富邦越南,176,3,173,群益金鼎,2024-08-27,9100
2504,國產,186,23,163,群益金鼎,2024-08-27,9100
5386,青雲,164,1,163,群益金鼎,2024-08-27,9100
2211,長榮鋼,160,1,159,群益金鼎,2024-08-27,9100
2464,盟立,166,19,147,群益金鼎,2024-08-27,9100
5871,中租-KY,192,47,145,群益金鼎,2024-08-27,9100
00917,中信特選金融,144,0,144,群益金鼎,2024-08-27,9100
6176,瑞儀,152,11,141,群益金鼎,2024-08-27,9100
6278,台表科,142,2,140,群益金鼎,2024-08-27,9100
00645,富邦日本,118,2,116,群益金鼎,2024-08-27,9100
00956,中信日經高股息,112,0,112,群益金鼎,2024-08-27,9100
00830,國泰費城半導體,571,460,111,群益金鼎,2024-08-27,9100
2809,京城銀,116,8,108,群益金鼎,2024-08-27,9100
00895,富邦未來車,107,0,107,群益金鼎,2024-08-27,9100
4915,致伸,106,3,103,群益金鼎,2024-08-27,9100
00947,台新臺灣IC設計,101,0,101,群益金鼎,2024-08-27,9100
00715L,期街口布蘭特正2,3252,5,3247,群益金鼎,2024-08-28,9100
00632R,元大台灣50反1,2178,5,2173,群益金鼎,2024-08-28,9100
3481,群創,2884,781,2103,群益金鼎,2024-08-28,9100
00953B,群益優選非投等債,2192,325,1867,群益金鼎,2024-08-28,9100
00772B,中信高評級公司債,1758,0,1758,群益金鼎,2024-08-28,9100
2892,第一金,1544,0,1544,群益金鼎,2024-08-28,9100
00937B,群益ESG投等債20,854,110,744,群益金鼎,2024-08-28,9100
00929,復華台灣科技優息,1266,576,690,群益金鼎,2024-08-28,9100
00946,群益科技高息成長,683,1,682,群益金鼎,2024-08-28,9100
00956,中信日經高股息,659,0,659,群益金鼎,2024-08-28,9100
00650L,復華香港正2,561,0,561,群益金鼎,2024-08-28,9100
2377,微星,602,52,550,群益金鼎,2024-08-28,9100
00934,中信成長高股息,497,0,497,群益金鼎,2024-08-28,9100
3450,聯鈞,558,65,493,群益金鼎,2024-08-28,9100
00940,元大台灣價值高息,1217,769,448,群益金鼎,2024-08-28,9100
2540,愛山林,456,8,448,群益金鼎,2024-08-28,9100
00878,國泰永續高股息,709,279,430,群益金鼎,2024-08-28,9100
2515,中工,553,135,418,群益金鼎,2024-08-28,9100
9958,世紀鋼,607,209,398,群益金鼎,2024-08-28,9100
00941,中信上游半導體,354,0,354,群益金鼎,2024-08-28,9100
00918,大華優利高填息30,506,160,346,群益金鼎,2024-08-28,9100
00885,富邦越南,322,0,322,群益金鼎,2024-08-28,9100
00935,野村臺灣新科技50,560,241,319,群益金鼎,2024-08-28,9100
6257,矽格,338,21,317,群益金鼎,2024-08-28,9100
2313,華通,662,351,311,群益金鼎,2024-08-28,9100
1504,東元,313,18,295,群益金鼎,2024-08-28,9100
00939,統一台灣高息動能,344,50,294,群益金鼎,2024-08-28,9100
00764B,群益25年美債,3589,3306,283,群益金鼎,2024-08-28,9100
5871,中租-KY,346,67,279,群益金鼎,2024-08-28,9100
00720B,元大投資級公司債,275,0,275,群益金鼎,2024-08-28,9100
2449,京元電子,321,70,251,群益金鼎,2024-08-28,9100
00955,中信日本商社,251,0,251,群益金鼎,2024-08-28,9100
1708,東鹼,261,24,237,群益金鼎,2024-08-28,9100
8039,台虹,553,351,202,群益金鼎,2024-08-28,9100
6603,富強鑫,210,31,179,群益金鼎,2024-08-28,9100
00876,元大全球5G,172,0,172,群益金鼎,2024-08-28,9100
2883,凱基金,205,40,165,群益金鼎,2024-08-28,9100
00897,富邦基因免疫生技,155,0,155,群益金鼎,2024-08-28,9100
6405,悅城,152,11,141,群益金鼎,2024-08-28,9100
00881,國泰台灣5G+,207,69,138,群益金鼎,2024-08-28,9100
4549,桓達,137,4,133,群益金鼎,2024-08-28,9100
2382,廣達,160,27,133,群益金鼎,2024-08-28,9100
2303,聯電,143,16,127,群益金鼎,2024-08-28,9100
00925,新光標普電動車,120,0,120,群益金鼎,2024-08-28,9100
2882,國泰金,221,103,118,群益金鼎,2024-08-28,9100
2887,台新金,514,399,115,群益金鼎,2024-08-28,9100
00944,野村趨勢動能高息,111,0,111,群益金鼎,2024-08-28,9100
00738U,期元大道瓊白銀,107,0,107,群益金鼎,2024-08-28,9100
3715,定穎投控,172,69,103,群益金鼎,2024-08-28,9100
1216,統一,96,0,96,群益金鼎,2024-08-28,9100
00632R,元大台灣50反1,5899,325,5574,群益金鼎,2024-08-29,9100
2618,長榮航,4961,402,4559,群益金鼎,2024-08-29,9100
2884,玉山金,1677,69,1608,群益金鼎,2024-08-29,9100
2891,中信金,2178,809,1369,群益金鼎,2024-08-29,9100
00715L,期街口布蘭特正2,1764,502,1262,群益金鼎,2024-08-29,9100
00676R,富邦臺灣加權反1,1122,0,1122,群益金鼎,2024-08-29,9100
00902,中信電池及儲能,1087,0,1087,群益金鼎,2024-08-29,9100
00929,復華台灣科技優息,1103,16,1087,群益金鼎,2024-08-29,9100
00885,富邦越南,1018,0,1018,群益金鼎,2024-08-29,9100
00941,中信上游半導體,951,0,951,群益金鼎,2024-08-29,9100
2425,承啟,973,52,921,群益金鼎,2024-08-29,9100
00939,統一台灣高息動能,1020,100,920,群益金鼎,2024-08-29,9100
4561,健椿,940,38,902,群益金鼎,2024-08-29,9100
6156,松上,875,11,864,群益金鼎,2024-08-29,9100
5347,世界,1055,191,864,群益金鼎,2024-08-29,9100
2330,台積電,817,11,806,群益金鼎,2024-08-29,9100
00946,群益科技高息成長,724,9,715,群益金鼎,2024-08-29,9100
2313,華通,865,238,627,群益金鼎,2024-08-29,9100
2312,金寶,597,12,585,群益金鼎,2024-08-29,9100
2515,中工,757,223,534,群益金鼎,2024-08-29,9100
00951,台新日本半導體,523,30,493,群益金鼎,2024-08-29,9100
5386,青雲,480,6,474,群益金鼎,2024-08-29,9100
5483,中美晶,375,46,329,群益金鼎,2024-08-29,9100
2357,華碩,352,23,329,群益金鼎,2024-08-29,9100
00900,富邦特選高股息30,332,4,328,群益金鼎,2024-08-29,9100
00897,富邦基因免疫生技,300,0,300,群益金鼎,2024-08-29,9100
00650L,復華香港正2,296,0,296,群益金鼎,2024-08-29,9100
00724B,群益投資級金融債,2575,2302,273,群益金鼎,2024-08-29,9100
00882,中信中國高股息,268,0,268,群益金鼎,2024-08-29,9100
4127,天良,252,1,251,群益金鼎,2024-08-29,9100
3034,聯詠,218,28,190,群益金鼎,2024-08-29,9100
6274,台燿,191,16,175,群益金鼎,2024-08-29,9100
6239,力成,183,10,173,群益金鼎,2024-08-29,9100
00706L,期元大S＆P日圓正2,173,0,173,群益金鼎,2024-08-29,9100
6143,振曜,214,42,172,群益金鼎,2024-08-29,9100
3066,李洲,178,10,168,群益金鼎,2024-08-29,9100
0050,元大台灣50,181,25,156,群益金鼎,2024-08-29,9100
00664R,國泰臺灣加權反1,155,0,155,群益金鼎,2024-08-29,9100
3413,京鼎,160,17,143,群益金鼎,2024-08-29,9100
3081,聯亞,149,11,138,群益金鼎,2024-08-29,9100
8070,長華*,143,10,133,群益金鼎,2024-08-29,9100
00692,富邦公司治理,297,179,118,群益金鼎,2024-08-29,9100
2409,友達,301,183,118,群益金鼎,2024-08-29,9100
4915,致伸,116,1,115,群益金鼎,2024-08-29,9100
1216,統一,198,84,114,群益金鼎,2024-08-29,9100
6151,晉倫,196,88,108,群益金鼎,2024-08-29,9100
00923,群益台ESG低碳50,101,0,101,群益金鼎,2024-08-29,9100
00683L,期元大美元指正2,100,0,100,群益金鼎,2024-08-29,9100
4563,百德,123,23,100,群益金鼎,2024-08-29,9100
2880,華南金,100,0,100,群益金鼎,2024-08-29,9100
00665L,富邦�琤肭磪囓�2,3577,315,3262,群益金鼎,2024-08-30,9100
00637L,元大滬深300正2,3810,1308,2502,群益金鼎,2024-08-30,9100
00715L,期街口布蘭特正2,2771,468,2303,群益金鼎,2024-08-30,9100
00671R,富邦NASDAQ反1,2000,0,2000,群益金鼎,2024-08-30,9100
00953B,群益優選非投等債,1700,1,1699,群益金鼎,2024-08-30,9100
2888,新光金,1446,202,1244,群益金鼎,2024-08-30,9100
2352,佳世達,892,7,885,群益金鼎,2024-08-30,9100
00946,群益科技高息成長,875,11,864,群益金鼎,2024-08-30,9100
00919,群益台灣精選高息,984,167,817,群益金鼎,2024-08-30,9100
00706L,期元大S＆P日圓正2,811,0,811,群益金鼎,2024-08-30,9100
00902,中信電池及儲能,809,0,809,群益金鼎,2024-08-30,9100
00650L,復華香港正2,1122,323,799,群益金鼎,2024-08-30,9100
2303,聯電,682,8,674,群益金鼎,2024-08-30,9100
2886,兆豐金,626,0,626,群益金鼎,2024-08-30,9100
2344,華邦電,605,22,583,群益金鼎,2024-08-30,9100
0050,元大台灣50,519,4,515,群益金鼎,2024-08-30,9100
2495,普安,507,13,494,群益金鼎,2024-08-30,9100
3711,日月光投控,810,330,480,群益金鼎,2024-08-30,9100
2540,愛山林,474,29,445,群益金鼎,2024-08-30,9100
3066,李洲,589,184,405,群益金鼎,2024-08-30,9100
00633L,富邦上証正2,631,231,400,群益金鼎,2024-08-30,9100
2542,興富發,343,20,323,群益金鼎,2024-08-30,9100
2313,華通,496,187,309,群益金鼎,2024-08-30,9100
00941,中信上游半導體,305,0,305,群益金鼎,2024-08-30,9100
2347,聯強,294,0,294,群益金鼎,2024-08-30,9100
00830,國泰費城半導體,257,0,257,群益金鼎,2024-08-30,9100
5386,青雲,597,344,253,群益金鼎,2024-08-30,9100
8086,宏捷科,287,62,225,群益金鼎,2024-08-30,9100
00642U,期元大S＆P石油,217,0,217,群益金鼎,2024-08-30,9100
00950B,凱基A級公司債,200,0,200,群益金鼎,2024-08-30,9100
3051,力特,216,23,193,群益金鼎,2024-08-30,9100
00903,富邦元宇宙,185,0,185,群益金鼎,2024-08-30,9100
00951,台新日本半導體,186,11,175,群益金鼎,2024-08-30,9100
3034,聯詠,235,72,163,群益金鼎,2024-08-30,9100
2454,聯發科,165,17,148,群益金鼎,2024-08-30,9100
006208,富邦台50,141,0,141,群益金鼎,2024-08-30,9100
2351,順德,143,11,132,群益金鼎,2024-08-30,9100
3490,單井,128,3,125,群益金鼎,2024-08-30,9100
3189,景碩,365,240,125,群益金鼎,2024-08-30,9100
3324,雙鴻,122,7,115,群益金鼎,2024-08-30,9100
6176,瑞儀,118,14,104,群益金鼎,2024-08-30,9100
00935,野村臺灣新科技50,104,0,104,群益金鼎,2024-08-30,9100
00954,中信日本半導體,100,0,100,群益金鼎,2024-08-30,9100
00922,國泰台灣領袖50,130,30,100,群益金鼎,2024-08-30,9100
00956,中信日經高股息,200,104,96,群益金鼎,2024-08-30,9100
2382,廣達,225,131,94,群益金鼎,2024-08-30,9100
6239,力成,112,22,90,群益金鼎,2024-08-30,9100
3689,湧德,130,46,84,群益金鼎,2024-08-30,9100
4968,立積,96,14,82,群益金鼎,2024-08-30,9100
00636,國泰中國A50,222,141,81,群益金鼎,2024-08-30,9100
00632R,元大台灣50反1,9586,0,9586,群益金鼎,2024-09-02,9100
00720B,元大投資級公司債,2869,0,2869,群益金鼎,2024-09-02,9100
2486,一詮,1094,84,1010,群益金鼎,2024-09-02,9100
00664R,國泰臺灣加權反1,1003,0,1003,群益金鼎,2024-09-02,9100
2382,廣達,1049,46,1003,群益金鼎,2024-09-02,9100
2618,長榮航,1107,211,896,群益金鼎,2024-09-02,9100
2603,長榮,1049,272,777,群益金鼎,2024-09-02,9100
00939,統一台灣高息動能,729,4,725,群益金鼎,2024-09-02,9100
00902,中信電池及儲能,661,0,661,群益金鼎,2024-09-02,9100
6177,達麗,485,17,468,群益金鼎,2024-09-02,9100
2344,華邦電,605,171,434,群益金鼎,2024-09-02,9100
3702,大聯大,442,24,418,群益金鼎,2024-09-02,9100
00953B,群益優選非投等債,401,0,401,群益金鼎,2024-09-02,9100
00918,大華優利高填息30,427,63,364,群益金鼎,2024-09-02,9100
00893,國泰智能電動車,351,0,351,群益金鼎,2024-09-02,9100
2889,國票金,355,24,331,群益金鼎,2024-09-02,9100
00942B,台新美A公司債20+,305,0,305,群益金鼎,2024-09-02,9100
00671R,富邦NASDAQ反1,303,0,303,群益金鼎,2024-09-02,9100
5347,世界,368,67,301,群益金鼎,2024-09-02,9100
00941,中信上游半導體,301,0,301,群益金鼎,2024-09-02,9100
00924,復華S＆P500成長,316,16,300,群益金鼎,2024-09-02,9100
2049,上銀,311,11,300,群益金鼎,2024-09-02,9100
2345,智邦,292,10,282,群益金鼎,2024-09-02,9100
00927,群益半導體收益,305,91,214,群益金鼎,2024-09-02,9100
2330,台積電,214,5,209,群益金鼎,2024-09-02,9100
00764B,群益25年美債,3477,3276,201,群益金鼎,2024-09-02,9100
2880,華南金,168,0,168,群益金鼎,2024-09-02,9100
00830,國泰費城半導體,194,35,159,群益金鼎,2024-09-02,9100
2888,新光金,462,307,155,群益金鼎,2024-09-02,9100
6114,久威,232,78,154,群益金鼎,2024-09-02,9100
00946,群益科技高息成長,280,130,150,群益金鼎,2024-09-02,9100
2377,微星,163,14,149,群益金鼎,2024-09-02,9100
2809,京城銀,161,19,142,群益金鼎,2024-09-02,9100
2504,國產,245,107,138,群益金鼎,2024-09-02,9100
2867,三商壽,193,61,132,群益金鼎,2024-09-02,9100
00917,中信特選金融,126,0,126,群益金鼎,2024-09-02,9100
2542,興富發,148,36,112,群益金鼎,2024-09-02,9100
00756B,群益投等新興公債,160,50,110,群益金鼎,2024-09-02,9100
4915,致伸,110,0,110,群益金鼎,2024-09-02,9100
3081,聯亞,247,141,106,群益金鼎,2024-09-02,9100
2834,臺企銀,162,58,104,群益金鼎,2024-09-02,9100
6739,竹陞科技,112,11,101,群益金鼎,2024-09-02,9100
1101,台泥,111,10,101,群益金鼎,2024-09-02,9100
00877,復華中國5G,100,0,100,群益金鼎,2024-09-02,9100
2211,長榮鋼,110,13,97,群益金鼎,2024-09-02,9100
1102,亞泥,95,0,95,群益金鼎,2024-09-02,9100
3034,聯詠,92,11,81,群益金鼎,2024-09-02,9100
4502,健信,78,0,78,群益金鼎,2024-09-02,9100
3715,定穎投控,98,20,78,群益金鼎,2024-09-02,9100
00923,群益台ESG低碳50,76,3,73,群益金鼎,2024-09-02,9100
00632R,元大台灣50反1,24214,1043,23171,群益金鼎,2024-09-03,9100
2303,聯電,5604,207,5397,群益金鼎,2024-09-03,9100
4562,穎漢,1409,15,1394,群益金鼎,2024-09-03,9100
1540,喬福,1310,115,1195,群益金鼎,2024-09-03,9100
00939,統一台灣高息動能,1090,50,1040,群益金鼎,2024-09-03,9100
1102,亞泥,1024,32,992,群益金鼎,2024-09-03,9100
00715L,期街口布蘭特正2,892,4,888,群益金鼎,2024-09-03,9100
00720B,元大投資級公司債,690,0,690,群益金鼎,2024-09-03,9100
8374,羅昇,732,131,601,群益金鼎,2024-09-03,9100
2618,長榮航,769,168,601,群益金鼎,2024-09-03,9100
6114,久威,600,0,600,群益金鼎,2024-09-03,9100
00671R,富邦NASDAQ反1,528,0,528,群益金鼎,2024-09-03,9100
5460,同協,511,29,482,群益金鼎,2024-09-03,9100
2891,中信金,1201,730,471,群益金鼎,2024-09-03,9100
00881,國泰台灣5G+,427,6,421,群益金鼎,2024-09-03,9100
6405,悅城,411,15,396,群益金鼎,2024-09-03,9100
00946,群益科技高息成長,379,18,361,群益金鼎,2024-09-03,9100
00902,中信電池及儲能,321,0,321,群益金鼎,2024-09-03,9100
00954,中信日本半導體,300,0,300,群益金鼎,2024-09-03,9100
00673R,期元大S＆P原油反1,288,0,288,群益金鼎,2024-09-03,9100
2454,聯發科,288,41,247,群益金鼎,2024-09-03,9100
00950B,凱基A級公司債,222,0,222,群益金鼎,2024-09-03,9100
2889,國票金,263,47,216,群益金鼎,2024-09-03,9100
00926,凱基全球菁英55,206,0,206,群益金鼎,2024-09-03,9100
00648R,元大S＆P500反1,200,0,200,群益金鼎,2024-09-03,9100
3231,緯創,390,209,181,群益金鼎,2024-09-03,9100
00830,國泰費城半導體,282,110,172,群益金鼎,2024-09-03,9100
4714,永捷,217,53,164,群益金鼎,2024-09-03,9100
00936,台新永續高息中小,207,46,161,群益金鼎,2024-09-03,9100
1815,富喬,240,81,159,群益金鼎,2024-09-03,9100
00953B,群益優選非投等債,210,55,155,群益金鼎,2024-09-03,9100
5483,中美晶,156,5,151,群益金鼎,2024-09-03,9100
3034,聯詠,154,5,149,群益金鼎,2024-09-03,9100
2542,興富發,146,14,132,群益金鼎,2024-09-03,9100
00662,富邦NASDAQ,114,0,114,群益金鼎,2024-09-03,9100
5234,達興材料,117,10,107,群益金鼎,2024-09-03,9100
2356,英業達,262,158,104,群益金鼎,2024-09-03,9100
00725B,國泰投資級公司債,251,150,101,群益金鼎,2024-09-03,9100
5508,永信建,104,5,99,群益金鼎,2024-09-03,9100
3680,家登,100,1,99,群益金鼎,2024-09-03,9100
2495,普安,139,42,97,群益金鼎,2024-09-03,9100
2383,台光電,151,60,91,群益金鼎,2024-09-03,9100
2762,世界健身-KY,99,9,90,群益金鼎,2024-09-03,9100
4303,信立,106,17,89,群益金鼎,2024-09-03,9100
2330,台積電,88,0,88,群益金鼎,2024-09-03,9100
00692,富邦公司治理,103,17,86,群益金鼎,2024-09-03,9100
3058,立德,113,27,86,群益金鼎,2024-09-03,9100
6546,正基,117,33,84,群益金鼎,2024-09-03,9100
2603,長榮,207,131,76,群益金鼎,2024-09-03,9100
2504,國產,94,18,76,群益金鼎,2024-09-03,9100
00632R,元大台灣50反1,39649,3106,36543,群益金鼎,2024-09-04,9100
2888,新光金,15949,332,15617,群益金鼎,2024-09-04,9100
2618,長榮航,6536,535,6001,群益金鼎,2024-09-04,9100
00937B,群益ESG投等債20,5209,72,5137,群益金鼎,2024-09-04,9100
00948B,中信優息投資級債,4410,0,4410,群益金鼎,2024-09-04,9100
2303,聯電,3759,313,3446,群益金鼎,2024-09-04,9100
00673R,期元大S＆P原油反1,2627,0,2627,群益金鼎,2024-09-04,9100
2891,中信金,7501,6060,1441,群益金鼎,2024-09-04,9100
00671R,富邦NASDAQ反1,1380,0,1380,群益金鼎,2024-09-04,9100
5347,世界,1436,215,1221,群益金鼎,2024-09-04,9100
00772B,中信高評級公司債,1176,0,1176,群益金鼎,2024-09-04,9100
00959B,大華投等美債15Y+,1082,0,1082,群益金鼎,2024-09-04,9100
00650L,復華香港正2,975,0,975,群益金鼎,2024-09-04,9100
2867,三商壽,1044,92,952,群益金鼎,2024-09-04,9100
3045,台灣大,871,4,867,群益金鼎,2024-09-04,9100
00687B,國泰20年美債,3682,2836,846,群益金鼎,2024-09-04,9100
3231,緯創,1030,207,823,群益金鼎,2024-09-04,9100
3702,大聯大,858,46,812,群益金鼎,2024-09-04,9100
00664R,國泰臺灣加權反1,800,0,800,群益金鼎,2024-09-04,9100
2382,廣達,1038,292,746,群益金鼎,2024-09-04,9100
00862B,中信投資級公司債,649,100,549,群益金鼎,2024-09-04,9100
5880,合庫金,517,0,517,群益金鼎,2024-09-04,9100
00795B,中信美國公債20年,513,1,512,群益金鼎,2024-09-04,9100
5876,上海商銀,501,1,500,群益金鼎,2024-09-04,9100
00725B,國泰投資級公司債,500,0,500,群益金鼎,2024-09-04,9100
00897,富邦基因免疫生技,500,0,500,群益金鼎,2024-09-04,9100
00706L,期元大S＆P日圓正2,492,0,492,群益金鼎,2024-09-04,9100
00939,統一台灣高息動能,578,103,475,群益金鼎,2024-09-04,9100
1504,東元,483,9,474,群益金鼎,2024-09-04,9100
00893,國泰智能電動車,544,84,460,群益金鼎,2024-09-04,9100
2330,台積電,630,176,454,群益金鼎,2024-09-04,9100
00676R,富邦臺灣加權反1,446,0,446,群益金鼎,2024-09-04,9100
00942B,台新美A公司債20+,400,0,400,群益金鼎,2024-09-04,9100
00720B,元大投資級公司債,807,432,375,群益金鼎,2024-09-04,9100
3034,聯詠,372,31,341,群益金鼎,2024-09-04,9100
00751B,元大AAA至A公司債,435,96,339,群益金鼎,2024-09-04,9100
6239,力成,362,39,323,群益金鼎,2024-09-04,9100
2504,國產,368,52,316,群益金鼎,2024-09-04,9100
5483,中美晶,338,49,289,群益金鼎,2024-09-04,9100
3032,偉訓,278,14,264,群益金鼎,2024-09-04,9100
00954,中信日本半導體,260,0,260,群益金鼎,2024-09-04,9100
6274,台燿,236,33,203,群益金鼎,2024-09-04,9100
3689,湧德,200,12,188,群益金鼎,2024-09-04,9100
2880,華南金,187,2,185,群益金鼎,2024-09-04,9100
6606,建德工業,238,54,184,群益金鼎,2024-09-04,9100
8070,長華*,226,43,183,群益金鼎,2024-09-04,9100
00892,富邦台灣半導體,174,1,173,群益金鼎,2024-09-04,9100
3169,亞信,171,0,171,群益金鼎,2024-09-04,9100
2211,長榮鋼,165,15,150,群益金鼎,2024-09-04,9100
00895,富邦未來車,160,16,144,群益金鼎,2024-09-04,9100
2303,聯電,4916,134,4782,群益金鼎,2024-09-05,9100
00673R,期元大S＆P原油反1,1876,0,1876,群益金鼎,2024-09-05,9100
2891,中信金,1636,90,1546,群益金鼎,2024-09-05,9100
2603,長榮,1357,92,1265,群益金鼎,2024-09-05,9100
2885,元大金,1253,26,1227,群益金鼎,2024-09-05,9100
00680L,元大美債20正2,1238,41,1197,群益金鼎,2024-09-05,9100
00706L,期元大S＆P日圓正2,1044,0,1044,群益金鼎,2024-09-05,9100
00929,復華台灣科技優息,1220,274,946,群益金鼎,2024-09-05,9100
00952,凱基台灣AI50,1262,331,931,群益金鼎,2024-09-05,9100
00688L,國泰20年美債正2,800,15,785,群益金鼎,2024-09-05,9100
00643,群益深証中小,708,13,695,群益金鼎,2024-09-05,9100
2886,兆豐金,660,0,660,群益金鼎,2024-09-05,9100
00948B,中信優息投資級債,540,0,540,群益金鼎,2024-09-05,9100
2882,國泰金,514,50,464,群益金鼎,2024-09-05,9100
6757,台灣虎航,479,58,421,群益金鼎,2024-09-05,9100
2867,三商壽,455,81,374,群益金鼎,2024-09-05,9100
2474,可成,381,13,368,群益金鼎,2024-09-05,9100
00632R,元大台灣50反1,365,2,363,群益金鼎,2024-09-05,9100
2892,第一金,735,412,323,群益金鼎,2024-09-05,9100
2887,台新金,315,0,315,群益金鼎,2024-09-05,9100
1319,東陽,327,36,291,群益金鼎,2024-09-05,9100
00719B,元大美債1-3,280,3,277,群益金鼎,2024-09-05,9100
9904,寶成,282,6,276,群益金鼎,2024-09-05,9100
2881,富邦金,330,81,249,群益金鼎,2024-09-05,9100
00900,富邦特選高股息30,227,6,221,群益金鼎,2024-09-05,9100
6274,台燿,344,124,220,群益金鼎,2024-09-05,9100
4956,光鋐,240,22,218,群益金鼎,2024-09-05,9100
8069,元太,243,35,208,群益金鼎,2024-09-05,9100
00910,第一金太空衛星,241,38,203,群益金鼎,2024-09-05,9100
00933B,國泰10Y+金融債,456,280,176,群益金鼎,2024-09-05,9100
2504,國產,166,16,150,群益金鼎,2024-09-05,9100
2451,創見,140,0,140,群益金鼎,2024-09-05,9100
00924,復華S＆P500成長,132,2,130,群益金鼎,2024-09-05,9100
8086,宏捷科,154,26,128,群益金鼎,2024-09-05,9100
3707,漢磊,142,15,127,群益金鼎,2024-09-05,9100
00954,中信日本半導體,201,75,126,群益金鼎,2024-09-05,9100
00936,台新永續高息中小,121,0,121,群益金鼎,2024-09-05,9100
0056,元大高股息,116,4,112,群益金鼎,2024-09-05,9100
1314,中石化,311,201,110,群益金鼎,2024-09-05,9100
6284,佳邦,132,23,109,群益金鼎,2024-09-05,9100
3017,奇鋐,288,192,96,群益金鼎,2024-09-05,9100
4127,天良,92,0,92,群益金鼎,2024-09-05,9100
1477,聚陽,98,11,87,群益金鼎,2024-09-05,9100
3581,博磊,127,40,87,群益金鼎,2024-09-05,9100
0052,富邦科技,128,42,86,群益金鼎,2024-09-05,9100
2211,長榮鋼,81,1,80,群益金鼎,2024-09-05,9100
2404,漢唐,86,6,80,群益金鼎,2024-09-05,9100
3034,聯詠,99,20,79,群益金鼎,2024-09-05,9100
9934,成霖,81,3,78,群益金鼎,2024-09-05,9100
00907,永豐優息存股,76,0,76,群益金鼎,2024-09-05,9100
00673R,期元大S＆P原油反1,2280,3,2277,群益金鼎,2024-09-06,9100
00706L,期元大S＆P日圓正2,1550,0,1550,群益金鼎,2024-09-06,9100
00939,統一台灣高息動能,1581,56,1525,群益金鼎,2024-09-06,9100
00680L,元大美債20正2,1547,65,1482,群益金鼎,2024-09-06,9100
00795B,中信美國公債20年,990,0,990,群益金鼎,2024-09-06,9100
2880,華南金,986,1,985,群益金鼎,2024-09-06,9100
00648R,元大S＆P500反1,839,0,839,群益金鼎,2024-09-06,9100
00940,元大台灣價值高息,825,10,815,群益金鼎,2024-09-06,9100
2887,台新金,801,2,799,群益金鼎,2024-09-06,9100
2884,玉山金,746,0,746,群益金鼎,2024-09-06,9100
3231,緯創,738,21,717,群益金鼎,2024-09-06,9100
00918,大華優利高填息30,787,139,648,群益金鼎,2024-09-06,9100
00959B,大華投等美債15Y+,575,0,575,群益金鼎,2024-09-06,9100
5347,世界,587,47,540,群益金鼎,2024-09-06,9100
00929,復華台灣科技優息,1150,616,534,群益金鼎,2024-09-06,9100
00948B,中信優息投資級債,463,2,461,群益金鼎,2024-09-06,9100
8070,長華*,336,21,315,群益金鼎,2024-09-06,9100
6274,台燿,382,72,310,群益金鼎,2024-09-06,9100
00902,中信電池及儲能,289,0,289,群益金鼎,2024-09-06,9100
2855,統一證,248,2,246,群益金鼎,2024-09-06,9100
2439,美律,284,38,246,群益金鼎,2024-09-06,9100
8069,元太,306,78,228,群益金鼎,2024-09-06,9100
00881,國泰台灣5G+,302,79,223,群益金鼎,2024-09-06,9100
6873,泓德能源,298,80,218,群益金鼎,2024-09-06,9100
00719B,元大美債1-3,225,10,215,群益金鼎,2024-09-06,9100
6284,佳邦,185,1,184,群益金鼎,2024-09-06,9100
8249,菱光,186,11,175,群益金鼎,2024-09-06,9100
6176,瑞儀,206,34,172,群益金鼎,2024-09-06,9100
2881,富邦金,251,85,166,群益金鼎,2024-09-06,9100
00924,復華S＆P500成長,393,237,156,群益金鼎,2024-09-06,9100
00915,凱基優選高股息30,577,427,150,群益金鼎,2024-09-06,9100
6239,力成,172,23,149,群益金鼎,2024-09-06,9100
00643,群益深証中小,223,85,138,群益金鼎,2024-09-06,9100
3707,漢磊,138,3,135,群益金鼎,2024-09-06,9100
5536,聖暉*,133,3,130,群益金鼎,2024-09-06,9100
0050,元大台灣50,300,180,120,群益金鼎,2024-09-06,9100
0052,富邦科技,127,7,120,群益金鼎,2024-09-06,9100
00899,FT潔淨能源,120,0,120,群益金鼎,2024-09-06,9100
5904,寶雅,120,0,120,群益金鼎,2024-09-06,9100
6278,台表科,126,8,118,群益金鼎,2024-09-06,9100
6279,胡連,112,3,109,群益金鼎,2024-09-06,9100
1532,勤美,105,5,100,群益金鼎,2024-09-06,9100
6546,正基,115,19,96,群益金鼎,2024-09-06,9100
2204,中華,96,3,93,群益金鼎,2024-09-06,9100
2454,聯發科,115,26,89,群益金鼎,2024-09-06,9100
2408,南亞科,229,141,88,群益金鼎,2024-09-06,9100
3374,精材,171,86,85,群益金鼎,2024-09-06,9100
00953B,群益優選非投等債,86,1,85,群益金鼎,2024-09-06,9100
00631L,元大台灣50正2,100,15,85,群益金鼎,2024-09-06,9100
00675L,富邦臺灣加權正2,189,106,83,群益金鼎,2024-09-06,9100
2891,中信金,8841,45,8796,群益金鼎,2024-09-09,9100
2303,聯電,5939,285,5654,群益金鼎,2024-09-09,9100
00680L,元大美債20正2,4895,400,4495,群益金鼎,2024-09-09,9100
00673R,期元大S＆P原油反1,3251,27,3224,群益金鼎,2024-09-09,9100
00688L,國泰20年美債正2,2801,0,2801,群益金鼎,2024-09-09,9100
00648R,元大S＆P500反1,1879,0,1879,群益金鼎,2024-09-09,9100
2886,兆豐金,1842,0,1842,群益金鼎,2024-09-09,9100
2883,凱基金,1737,0,1737,群益金鼎,2024-09-09,9100
2887,台新金,1716,4,1712,群益金鼎,2024-09-09,9100
00671R,富邦NASDAQ反1,1702,0,1702,群益金鼎,2024-09-09,9100
2889,國票金,1510,49,1461,群益金鼎,2024-09-09,9100
00885,富邦越南,1388,2,1386,群益金鼎,2024-09-09,9100
00937B,群益ESG投等債20,1324,59,1265,群益金鼎,2024-09-09,9100
2882,國泰金,1344,204,1140,群益金鼎,2024-09-09,9100
00650L,復華香港正2,1063,5,1058,群益金鼎,2024-09-09,9100
00939,統一台灣高息動能,996,104,892,群益金鼎,2024-09-09,9100
00751B,元大AAA至A公司債,929,111,818,群益金鼎,2024-09-09,9100
3702,大聯大,847,29,818,群益金鼎,2024-09-09,9100
4904,遠傳,678,2,676,群益金鼎,2024-09-09,9100
9904,寶成,542,25,517,群益金鼎,2024-09-09,9100
3711,日月光投控,505,36,469,群益金鼎,2024-09-09,9100
2324,仁寶,517,86,431,群益金鼎,2024-09-09,9100
00953B,群益優選非投等債,480,60,420,群益金鼎,2024-09-09,9100
3034,聯詠,397,11,386,群益金鼎,2024-09-09,9100
2454,聯發科,396,15,381,群益金鼎,2024-09-09,9100
6285,啟��,358,4,354,群益金鼎,2024-09-09,9100
00924,復華S＆P500成長,333,20,313,群益金鼎,2024-09-09,9100
8249,菱光,542,232,310,群益金鼎,2024-09-09,9100
3374,精材,315,30,285,群益金鼎,2024-09-09,9100
2474,可成,297,16,281,群益金鼎,2024-09-09,9100
2603,長榮,346,66,280,群益金鼎,2024-09-09,9100
2382,廣達,475,209,266,群益金鼎,2024-09-09,9100
00956,中信日經高股息,521,256,265,群益金鼎,2024-09-09,9100
6147,頎邦,244,4,240,群益金鼎,2024-09-09,9100
00959B,大華投等美債15Y+,200,0,200,群益金鼎,2024-09-09,9100
8215,明基材,200,2,198,群益金鼎,2024-09-09,9100
4938,和碩,197,7,190,群益金鼎,2024-09-09,9100
2880,華南金,181,0,181,群益金鼎,2024-09-09,9100
2884,玉山金,243,73,170,群益金鼎,2024-09-09,9100
00651R,復華香港反1,150,0,150,群益金鼎,2024-09-09,9100
00943,兆豐電子高息等權,132,1,131,群益金鼎,2024-09-09,9100
3707,漢磊,222,98,124,群益金鼎,2024-09-09,9100
5876,上海商銀,1124,1001,123,群益金鼎,2024-09-09,9100
3481,群創,529,411,118,群益金鼎,2024-09-09,9100
3413,京鼎,163,45,118,群益金鼎,2024-09-09,9100
00719B,元大美債1-3,131,14,117,群益金鼎,2024-09-09,9100
00897,富邦基因免疫生技,109,0,109,群益金鼎,2024-09-09,9100
3035,智原,126,19,107,群益金鼎,2024-09-09,9100
1319,東陽,123,18,105,群益金鼎,2024-09-09,9100
00641R,富邦日本反1,97,0,97,群益金鼎,2024-09-09,9100
00953B,群益優選非投等債,8400,100,8300,群益金鼎,2024-09-10,9100
00680L,元大美債20正2,5791,0,5791,群益金鼎,2024-09-10,9100
2887,台新金,3125,551,2574,群益金鼎,2024-09-10,9100
2303,聯電,2703,299,2404,群益金鼎,2024-09-10,9100
2618,長榮航,2533,130,2403,群益金鼎,2024-09-10,9100
2603,長榮,1647,81,1566,群益金鼎,2024-09-10,9100
00665L,富邦�琤肭磪囓�2,1441,2,1439,群益金鼎,2024-09-10,9100
00648R,元大S＆P500反1,1368,60,1308,群益金鼎,2024-09-10,9100
00830,國泰費城半導體,1427,180,1247,群益金鼎,2024-09-10,9100
00954,中信日本半導體,1647,454,1193,群益金鼎,2024-09-10,9100
00915,凱基優選高股息30,1181,253,928,群益金鼎,2024-09-10,9100
2867,三商壽,979,138,841,群益金鼎,2024-09-10,9100
00650L,復華香港正2,769,0,769,群益金鼎,2024-09-10,9100
00638R,元大滬深300反1,619,0,619,群益金鼎,2024-09-10,9100
00720B,元大投資級公司債,630,22,608,群益金鼎,2024-09-10,9100
2886,兆豐金,588,0,588,群益金鼎,2024-09-10,9100
00673R,期元大S＆P原油反1,599,93,506,群益金鼎,2024-09-10,9100
00885,富邦越南,501,1,500,群益金鼎,2024-09-10,9100
00719B,元大美債1-3,409,1,408,群益金鼎,2024-09-10,9100
00934,中信成長高股息,400,10,390,群益金鼎,2024-09-10,9100
1584,精剛,381,27,354,群益金鼎,2024-09-10,9100
2501,國建,371,17,354,群益金鼎,2024-09-10,9100
2360,致茂,316,9,307,群益金鼎,2024-09-10,9100
2330,台積電,368,74,294,群益金鼎,2024-09-10,9100
2548,華固,282,51,231,群益金鼎,2024-09-10,9100
00895,富邦未來車,300,73,227,群益金鼎,2024-09-10,9100
00897,富邦基因免疫生技,207,0,207,群益金鼎,2024-09-10,9100
00917,中信特選金融,355,150,205,群益金鼎,2024-09-10,9100
2357,華碩,224,21,203,群益金鼎,2024-09-10,9100
1582,信錦,224,28,196,群益金鼎,2024-09-10,9100
2324,仁寶,234,39,195,群益金鼎,2024-09-10,9100
6805,富世達,221,33,188,群益金鼎,2024-09-10,9100
00751B,元大AAA至A公司債,170,1,169,群益金鼎,2024-09-10,9100
6274,台燿,379,215,164,群益金鼎,2024-09-10,9100
00632R,元大台灣50反1,160,1,159,群益金鼎,2024-09-10,9100
00722B,群益投資級電信債,1603,1456,147,群益金鼎,2024-09-10,9100
00864B,中信美國公債0-1,245,100,145,群益金鼎,2024-09-10,9100
3711,日月光投控,253,109,144,群益金鼎,2024-09-10,9100
00671R,富邦NASDAQ反1,136,0,136,群益金鼎,2024-09-10,9100
6284,佳邦,295,162,133,群益金鼎,2024-09-10,9100
00646,元大S＆P500,130,0,130,群益金鼎,2024-09-10,9100
2382,廣達,358,237,121,群益金鼎,2024-09-10,9100
2481,強茂,121,1,120,群益金鼎,2024-09-10,9100
00942B,台新美A公司債20+,116,1,115,群益金鼎,2024-09-10,9100
8210,勤誠,117,4,113,群益金鼎,2024-09-10,9100
4714,永捷,123,13,110,群益金鼎,2024-09-10,9100
006208,富邦台50,154,47,107,群益金鼎,2024-09-10,9100
00725B,國泰投資級公司債,103,1,102,群益金鼎,2024-09-10,9100
1532,勤美,100,0,100,群益金鼎,2024-09-10,9100
2383,台光電,155,61,94,群益金鼎,2024-09-10,9100
00632R,元大台灣50反1,5436,0,5436,群益金鼎,2024-09-11,9100
00680L,元大美債20正2,4734,108,4626,群益金鼎,2024-09-11,9100
2887,台新金,4045,1241,2804,群益金鼎,2024-09-11,9100
2867,三商壽,2767,228,2539,群益金鼎,2024-09-11,9100
00953B,群益優選非投等債,2407,5,2402,群益金鼎,2024-09-11,9100
8249,菱光,2010,44,1966,群益金鼎,2024-09-11,9100
00720B,元大投資級公司債,1883,6,1877,群益金鼎,2024-09-11,9100
00937B,群益ESG投等債20,1879,20,1859,群益金鼎,2024-09-11,9100
2892,第一金,1781,0,1781,群益金鼎,2024-09-11,9100
00795B,中信美國公債20年,1600,3,1597,群益金鼎,2024-09-11,9100
5460,同協,1525,29,1496,群益金鼎,2024-09-11,9100
2891,中信金,1447,0,1447,群益金鼎,2024-09-11,9100
2883,凱基金,1310,0,1310,群益金鼎,2024-09-11,9100
2886,兆豐金,1291,0,1291,群益金鼎,2024-09-11,9100
6239,力成,1047,8,1039,群益金鼎,2024-09-11,9100
00751B,元大AAA至A公司債,981,0,981,群益金鼎,2024-09-11,9100
2882,國泰金,938,82,856,群益金鼎,2024-09-11,9100
00950B,凱基A級公司債,699,0,699,群益金鼎,2024-09-11,9100
00706L,期元大S＆P日圓正2,1156,501,655,群益金鼎,2024-09-11,9100
00948B,中信優息投資級債,1014,400,614,群益金鼎,2024-09-11,9100
3303,岱稜,675,68,607,群益金鼎,2024-09-11,9100
4977,眾達-KY,567,10,557,群益金鼎,2024-09-11,9100
6194,育富,502,28,474,群益金鼎,2024-09-11,9100
2540,愛山林,470,9,461,群益金鼎,2024-09-11,9100
00959B,大華投等美債15Y+,451,0,451,群益金鼎,2024-09-11,9100
2458,義隆,435,0,435,群益金鼎,2024-09-11,9100
3481,群創,403,9,394,群益金鼎,2024-09-11,9100
1584,精剛,353,5,348,群益金鼎,2024-09-11,9100
00934,中信成長高股息,314,5,309,群益金鼎,2024-09-11,9100
2888,新光金,3096,2808,288,群益金鼎,2024-09-11,9100
00862B,中信投資級公司債,374,100,274,群益金鼎,2024-09-11,9100
4938,和碩,280,7,273,群益金鼎,2024-09-11,9100
00927,群益半導體收益,301,30,271,群益金鼎,2024-09-11,9100
00719B,元大美債1-3,316,50,266,群益金鼎,2024-09-11,9100
00903,富邦元宇宙,250,0,250,群益金鼎,2024-09-11,9100
006208,富邦台50,269,19,250,群益金鼎,2024-09-11,9100
00939,統一台灣高息動能,246,0,246,群益金鼎,2024-09-11,9100
00725B,國泰投資級公司債,243,0,243,群益金鼎,2024-09-11,9100
3062,建漢,340,106,234,群益金鼎,2024-09-11,9100
3227,原相,318,85,233,群益金鼎,2024-09-11,9100
6133,金橋,256,24,232,群益金鼎,2024-09-11,9100
00955,中信日本商社,250,25,225,群益金鼎,2024-09-11,9100
00722B,群益投資級電信債,2044,1825,219,群益金鼎,2024-09-11,9100
00772B,中信高評級公司債,224,6,218,群益金鼎,2024-09-11,9100
00942B,台新美A公司債20+,200,2,198,群益金鼎,2024-09-11,9100
1326,台化,200,4,196,群益金鼎,2024-09-11,9100
00773B,中信優先金融債,182,0,182,群益金鼎,2024-09-11,9100
6274,台燿,247,66,181,群益金鼎,2024-09-11,9100
00945B,凱基美國非投等債,280,108,172,群益金鼎,2024-09-11,9100
6488,環球晶,173,5,168,群益金鼎,2024-09-11,9100
00632R,元大台灣50反1,12242,6064,6178,群益金鼎,2024-09-12,9100
00679B,元大美債20年,5120,337,4783,群益金鼎,2024-09-12,9100
00680L,元大美債20正2,3843,220,3623,群益金鼎,2024-09-12,9100
00673R,期元大S＆P原油反1,3264,491,2773,群益金鼎,2024-09-12,9100
4979,華星光,1407,131,1276,群益金鼎,2024-09-12,9100
00902,中信電池及儲能,1181,150,1031,群益金鼎,2024-09-12,9100
4510,高鋒,1178,230,948,群益金鼎,2024-09-12,9100
00675L,富邦臺灣加權正2,804,12,792,群益金鼎,2024-09-12,9100
3374,精材,656,28,628,群益金鼎,2024-09-12,9100
00957B,兆豐US優選投等債,495,0,495,群益金鼎,2024-09-12,9100
00905,FT臺灣Smart,456,3,453,群益金鼎,2024-09-12,9100
6104,創惟,491,38,453,群益金鼎,2024-09-12,9100
00648R,元大S＆P500反1,424,0,424,群益金鼎,2024-09-12,9100
00861,元大全球未來通訊,409,0,409,群益金鼎,2024-09-12,9100
2382,廣達,473,80,393,群益金鼎,2024-09-12,9100
3189,景碩,389,16,373,群益金鼎,2024-09-12,9100
2308,台達電,439,96,343,群益金鼎,2024-09-12,9100
2449,京元電子,454,148,306,群益金鼎,2024-09-12,9100
1711,永光,462,196,266,群益金鼎,2024-09-12,9100
2388,威盛,272,29,243,群益金鼎,2024-09-12,9100
00713,元大台灣高息低波,230,4,226,群益金鼎,2024-09-12,9100
6239,力成,202,3,199,群益金鼎,2024-09-12,9100
00899,FT潔淨能源,196,0,196,群益金鼎,2024-09-12,9100
9921,巨大,207,12,195,群益金鼎,2024-09-12,9100
00924,復華S＆P500成長,171,0,171,群益金鼎,2024-09-12,9100
00685L,群益臺灣加權正2,247,82,165,群益金鼎,2024-09-12,9100
00657,國泰日經225,186,24,162,群益金鼎,2024-09-12,9100
2360,致茂,165,10,155,群益金鼎,2024-09-12,9100
2313,華通,358,208,150,群益金鼎,2024-09-12,9100
00895,富邦未來車,210,61,149,群益金鼎,2024-09-12,9100
8046,南電,157,8,149,群益金鼎,2024-09-12,9100
00650L,復華香港正2,153,10,143,群益金鼎,2024-09-12,9100
1560,中砂,152,13,139,群益金鼎,2024-09-12,9100
2371,大同,423,290,133,群益金鼎,2024-09-12,9100
2317,鴻海,192,59,133,群益金鼎,2024-09-12,9100
2330,台積電,344,213,131,群益金鼎,2024-09-12,9100
2383,台光電,186,64,122,群益金鼎,2024-09-12,9100
3006,晶豪科,130,8,122,群益金鼎,2024-09-12,9100
3413,京鼎,189,68,121,群益金鼎,2024-09-12,9100
2345,智邦,135,15,120,群益金鼎,2024-09-12,9100
2408,南亞科,160,40,120,群益金鼎,2024-09-12,9100
2356,英業達,218,99,119,群益金鼎,2024-09-12,9100
00665L,富邦�琤肭磪囓�2,111,0,111,群益金鼎,2024-09-12,9100
3062,建漢,155,48,107,群益金鼎,2024-09-12,9100
00757,統一FANG+,106,0,106,群益金鼎,2024-09-12,9100
00903,富邦元宇宙,102,0,102,群益金鼎,2024-09-12,9100
00795B,中信美國公債20年,152,50,102,群益金鼎,2024-09-12,9100
6246,臺龍,109,8,101,群益金鼎,2024-09-12,9100
6609,瀧澤科,95,4,91,群益金鼎,2024-09-12,9100
6163,華電網,94,6,88,群益金鼎,2024-09-12,9100
8249,菱光,2149,74,2075,群益金鼎,2024-09-13,9100
00642U,期元大S＆P石油,1485,0,1485,群益金鼎,2024-09-13,9100
4904,遠傳,1332,0,1332,群益金鼎,2024-09-13,9100
3231,緯創,1052,57,995,群益金鼎,2024-09-13,9100
2070,精湛,1115,140,975,群益金鼎,2024-09-13,9100
5347,世界,1057,92,965,群益金鼎,2024-09-13,9100
2313,華通,1082,135,947,群益金鼎,2024-09-13,9100
5438,東友,935,25,910,群益金鼎,2024-09-13,9100
3711,日月光投控,913,7,906,群益金鼎,2024-09-13,9100
3045,台灣大,884,0,884,群益金鼎,2024-09-13,9100
00953B,群益優選非投等債,796,0,796,群益金鼎,2024-09-13,9100
00893,國泰智能電動車,986,280,706,群益金鼎,2024-09-13,9100
6609,瀧澤科,755,70,685,群益金鼎,2024-09-13,9100
00939,統一台灣高息動能,713,100,613,群益金鼎,2024-09-13,9100
00669R,國泰美國道瓊反1,600,12,588,群益金鼎,2024-09-13,9100
6405,悅城,633,51,582,群益金鼎,2024-09-13,9100
00715L,期街口布蘭特正2,1519,1006,513,群益金鼎,2024-09-13,9100
00931B,統一美債20年,506,1,505,群益金鼎,2024-09-13,9100
2303,聯電,599,126,473,群益金鼎,2024-09-13,9100
4571,鈞興-KY,463,22,441,群益金鼎,2024-09-13,9100
00696B,富邦美債20年,400,1,399,群益金鼎,2024-09-13,9100
3062,建漢,589,230,359,群益金鼎,2024-09-13,9100
2474,可成,355,1,354,群益金鼎,2024-09-13,9100
2330,台積電,384,46,338,群益金鼎,2024-09-13,9100
4938,和碩,354,22,332,群益金鼎,2024-09-13,9100
2360,致茂,338,36,302,群益金鼎,2024-09-13,9100
2301,光寶科,326,41,285,群益金鼎,2024-09-13,9100
3550,聯穎,319,45,274,群益金鼎,2024-09-13,9100
2388,威盛,400,167,233,群益金鼎,2024-09-13,9100
3034,聯詠,229,10,219,群益金鼎,2024-09-13,9100
4909,新復興,330,119,211,群益金鼎,2024-09-13,9100
00926,凱基全球菁英55,202,2,200,群益金鼎,2024-09-13,9100
00773B,中信優先金融債,199,0,199,群益金鼎,2024-09-13,9100
3227,原相,273,82,191,群益金鼎,2024-09-13,9100
00830,國泰費城半導體,204,30,174,群益金鼎,2024-09-13,9100
00902,中信電池及儲能,193,21,172,群益金鼎,2024-09-13,9100
1785,光洋科,274,109,165,群益金鼎,2024-09-13,9100
2317,鴻海,352,197,155,群益金鼎,2024-09-13,9100
2308,台達電,226,71,155,群益金鼎,2024-09-13,9100
6274,台燿,299,146,153,群益金鼎,2024-09-13,9100
2454,聯發科,178,36,142,群益金鼎,2024-09-13,9100
2439,美律,140,13,127,群益金鼎,2024-09-13,9100
00860B,群益1-5Y投資級債,168,50,118,群益金鼎,2024-09-13,9100
00933B,國泰10Y+金融債,114,0,114,群益金鼎,2024-09-13,9100
006205,富邦上証,120,15,105,群益金鼎,2024-09-13,9100
00665L,富邦�琤肭磪囓�2,108,5,103,群益金鼎,2024-09-13,9100
2634,漢翔,116,14,102,群益金鼎,2024-09-13,9100
00725B,國泰投資級公司債,100,2,98,群益金鼎,2024-09-13,9100
00681R,元大美債20反1,98,0,98,群益金鼎,2024-09-13,9100
3376,新日興,119,24,95,群益金鼎,2024-09-13,9100
2891,中信金,4840,242,4598,群益金鼎,2024-09-16,9100
00715L,期街口布蘭特正2,3118,2,3116,群益金鼎,2024-09-16,9100
2477,美隆電,2125,105,2020,群益金鼎,2024-09-16,9100
3481,群創,4352,2414,1938,群益金鼎,2024-09-16,9100
2889,國票金,1096,24,1072,群益金鼎,2024-09-16,9100
8032,光菱,1070,20,1050,群益金鼎,2024-09-16,9100
3711,日月光投控,692,45,647,群益金鼎,2024-09-16,9100
3049,精金,702,120,582,群益金鼎,2024-09-16,9100
00893,國泰智能電動車,612,30,582,群益金鼎,2024-09-16,9100
00830,國泰費城半導體,781,222,559,群益金鼎,2024-09-16,9100
00931B,統一美債20年,508,3,505,群益金鼎,2024-09-16,9100
2317,鴻海,576,71,505,群益金鼎,2024-09-16,9100
5234,達興材料,468,17,451,群益金鼎,2024-09-16,9100
2540,愛山林,454,11,443,群益金鼎,2024-09-16,9100
4542,科嶠,388,17,371,群益金鼎,2024-09-16,9100
00650L,復華香港正2,372,74,298,群益金鼎,2024-09-16,9100
3034,聯詠,299,28,271,群益金鼎,2024-09-16,9100
8070,長華*,275,5,270,群益金鼎,2024-09-16,9100
2033,佳大,248,1,247,群益金鼎,2024-09-16,9100
00645,富邦日本,288,51,237,群益金鼎,2024-09-16,9100
2883,凱基金,204,1,203,群益金鼎,2024-09-16,9100
2884,玉山金,225,22,203,群益金鼎,2024-09-16,9100
2002,中鋼,319,119,200,群益金鼎,2024-09-16,9100
00894,中信小資高價30,196,0,196,群益金鼎,2024-09-16,9100
00909,國泰數位支付服務,175,0,175,群益金鼎,2024-09-16,9100
2886,兆豐金,175,2,173,群益金鼎,2024-09-16,9100
2885,元大金,179,17,162,群益金鼎,2024-09-16,9100
00642U,期元大S＆P石油,157,0,157,群益金鼎,2024-09-16,9100
00724B,群益投資級金融債,2511,2355,156,群益金鼎,2024-09-16,9100
2890,永豐金,153,0,153,群益金鼎,2024-09-16,9100
2388,威盛,247,98,149,群益金鼎,2024-09-16,9100
2892,第一金,148,0,148,群益金鼎,2024-09-16,9100
00648R,元大S＆P500反1,148,0,148,群益金鼎,2024-09-16,9100
00651R,復華香港反1,153,10,143,群益金鼎,2024-09-16,9100
2441,超豐,139,0,139,群益金鼎,2024-09-16,9100
00903,富邦元宇宙,151,15,136,群益金鼎,2024-09-16,9100
2303,聯電,247,112,135,群益金鼎,2024-09-16,9100
2880,華南金,134,0,134,群益金鼎,2024-09-16,9100
00902,中信電池及儲能,234,102,132,群益金鼎,2024-09-16,9100
1442,名軒,216,91,125,群益金鼎,2024-09-16,9100
3062,建漢,818,693,125,群益金鼎,2024-09-16,9100
2421,建準,121,1,120,群益金鼎,2024-09-16,9100
2882,國泰金,171,55,116,群益金鼎,2024-09-16,9100
6143,振曜,117,4,113,群益金鼎,2024-09-16,9100
6196,帆宣,110,0,110,群益金鼎,2024-09-16,9100
6176,瑞儀,155,48,107,群益金鼎,2024-09-16,9100
2881,富邦金,136,32,104,群益金鼎,2024-09-16,9100
2515,中工,104,1,103,群益金鼎,2024-09-16,9100
5347,世界,111,16,95,群益金鼎,2024-09-16,9100
1301,台塑,111,17,94,群益金鼎,2024-09-16,9100
00680L,元大美債20正2,7607,146,7461,群益金鼎,2024-09-18,9100
00715L,期街口布蘭特正2,5039,794,4245,群益金鼎,2024-09-18,9100
3711,日月光投控,3687,91,3596,群益金鼎,2024-09-18,9100
1442,名軒,3758,276,3482,群益金鼎,2024-09-18,9100
2399,映泰,2452,247,2205,群益金鼎,2024-09-18,9100
1727,中華化,2050,921,1129,群益金鼎,2024-09-18,9100
3231,緯創,1162,47,1115,群益金鼎,2024-09-18,9100
3045,台灣大,902,103,799,群益金鼎,2024-09-18,9100
00900,富邦特選高股息30,979,267,712,群益金鼎,2024-09-18,9100
4563,百德,718,7,711,群益金鼎,2024-09-18,9100
5438,東友,775,68,707,群益金鼎,2024-09-18,9100
1216,統一,887,254,633,群益金鼎,2024-09-18,9100
00665L,富邦�琤肭磪囓�2,602,0,602,群益金鼎,2024-09-18,9100
5347,世界,555,27,528,群益金鼎,2024-09-18,9100
3581,博磊,497,1,496,群益金鼎,2024-09-18,9100
2206,三陽工業,464,4,460,群益金鼎,2024-09-18,9100
2540,愛山林,482,34,448,群益金鼎,2024-09-18,9100
2002,中鋼,437,31,406,群益金鼎,2024-09-18,9100
00669R,國泰美國道瓊反1,393,0,393,群益金鼎,2024-09-18,9100
2451,創見,382,1,381,群益金鼎,2024-09-18,9100
00953B,群益優選非投等債,339,1,338,群益金鼎,2024-09-18,9100
0050,元大台灣50,456,156,300,群益金鼎,2024-09-18,9100
2892,第一金,299,0,299,群益金鼎,2024-09-18,9100
2382,廣達,579,283,296,群益金鼎,2024-09-18,9100
9910,豐泰,275,0,275,群益金鼎,2024-09-18,9100
6285,啟��,367,97,270,群益金鼎,2024-09-18,9100
1101,台泥,297,44,253,群益金鼎,2024-09-18,9100
3062,建漢,1095,847,248,群益金鼎,2024-09-18,9100
6182,合晶,307,67,240,群益金鼎,2024-09-18,9100
3044,健鼎,237,1,236,群益金鼎,2024-09-18,9100
4961,天鈺,224,0,224,群益金鼎,2024-09-18,9100
00712,復華富時不動產,224,3,221,群益金鼎,2024-09-18,9100
00897,富邦基因免疫生技,197,0,197,群益金鼎,2024-09-18,9100
2330,台積電,346,155,191,群益金鼎,2024-09-18,9100
6139,亞翔,204,21,183,群益金鼎,2024-09-18,9100
2474,可成,200,22,178,群益金鼎,2024-09-18,9100
3023,信邦,157,3,154,群益金鼎,2024-09-18,9100
00899,FT潔淨能源,153,0,153,群益金鼎,2024-09-18,9100
2454,聯發科,283,134,149,群益金鼎,2024-09-18,9100
6147,頎邦,148,2,146,群益金鼎,2024-09-18,9100
00662,富邦NASDAQ,140,0,140,群益金鼎,2024-09-18,9100
00642U,期元大S＆P石油,137,0,137,群益金鼎,2024-09-18,9100
6412,群電,151,19,132,群益金鼎,2024-09-18,9100
00907,永豐優息存股,130,0,130,群益金鼎,2024-09-18,9100
1301,台塑,280,158,122,群益金鼎,2024-09-18,9100
3702,大聯大,199,79,120,群益金鼎,2024-09-18,9100
00643,群益深証中小,118,0,118,群益金鼎,2024-09-18,9100
3492,長盛,118,0,118,群益金鼎,2024-09-18,9100
3081,聯亞,144,31,113,群益金鼎,2024-09-18,9100
6278,台表科,108,3,105,群益金鼎,2024-09-18,9100
00665L,富邦�琤肭磪囓�2,7194,1335,5859,群益金鼎,2024-09-19,9100
00715L,期街口布蘭特正2,4293,536,3757,群益金鼎,2024-09-19,9100
00650L,復華香港正2,2145,1026,1119,群益金鼎,2024-09-19,9100
1442,名軒,1131,27,1104,群益金鼎,2024-09-19,9100
00757,統一FANG+,1041,27,1014,群益金鼎,2024-09-19,9100
00953B,群益優選非投等債,1421,411,1010,群益金鼎,2024-09-19,9100
2070,精湛,855,80,775,群益金鼎,2024-09-19,9100
3227,原相,1315,568,747,群益金鼎,2024-09-19,9100
4542,科嶠,615,49,566,群益金鼎,2024-09-19,9100
6104,創惟,563,41,522,群益金鼎,2024-09-19,9100
2399,映泰,3805,3319,486,群益金鼎,2024-09-19,9100
2412,中華電,459,0,459,群益金鼎,2024-09-19,9100
4904,遠傳,421,15,406,群益金鼎,2024-09-19,9100
3324,雙鴻,435,30,405,群益金鼎,2024-09-19,9100
3430,奇鈦科,401,2,399,群益金鼎,2024-09-19,9100
3376,新日興,474,104,370,群益金鼎,2024-09-19,9100
2883,凱基金,351,22,329,群益金鼎,2024-09-19,9100
2891,中信金,1148,842,306,群益金鼎,2024-09-19,9100
9921,巨大,368,69,299,群益金鼎,2024-09-19,9100
4909,新復興,419,152,267,群益金鼎,2024-09-19,9100
2884,玉山金,241,0,241,群益金鼎,2024-09-19,9100
3045,台灣大,217,1,216,群益金鼎,2024-09-19,9100
2886,兆豐金,211,3,208,群益金鼎,2024-09-19,9100
00955,中信日本商社,264,65,199,群益金鼎,2024-09-19,9100
00952,凱基台灣AI50,225,27,198,群益金鼎,2024-09-19,9100
2885,元大金,223,32,191,群益金鼎,2024-09-19,9100
2890,永豐金,204,16,188,群益金鼎,2024-09-19,9100
00676R,富邦臺灣加權反1,188,0,188,群益金鼎,2024-09-19,9100
00675L,富邦臺灣加權正2,227,40,187,群益金鼎,2024-09-19,9100
3663,鑫科,190,13,177,群益金鼎,2024-09-19,9100
0050,元大台灣50,178,2,176,群益金鼎,2024-09-19,9100
1773,勝一,177,2,175,群益金鼎,2024-09-19,9100
2892,第一金,170,6,164,群益金鼎,2024-09-19,9100
2330,台積電,201,42,159,群益金鼎,2024-09-19,9100
1711,永光,458,300,158,群益金鼎,2024-09-19,9100
2880,華南金,157,1,156,群益金鼎,2024-09-19,9100
1504,東元,163,10,153,群益金鼎,2024-09-19,9100
006205,富邦上証,153,1,152,群益金鼎,2024-09-19,9100
00924,復華S＆P500成長,302,152,150,群益金鼎,2024-09-19,9100
3264,欣銓,156,7,149,群益金鼎,2024-09-19,9100
2603,長榮,153,14,139,群益金鼎,2024-09-19,9100
6415,矽力*-KY,163,25,138,群益金鼎,2024-09-19,9100
2882,國泰金,163,31,132,群益金鼎,2024-09-19,9100
00946,群益科技高息成長,194,66,128,群益金鼎,2024-09-19,9100
1319,東陽,128,3,125,群益金鼎,2024-09-19,9100
2425,承啟,158,37,121,群益金鼎,2024-09-19,9100
6191,精成科,121,1,120,群益金鼎,2024-09-19,9100
3017,奇鋐,126,16,110,群益金鼎,2024-09-19,9100
2881,富邦金,218,109,109,群益金鼎,2024-09-19,9100
00888,永豐台灣ESG,101,1,100,群益金鼎,2024-09-19,9100
2890,永豐金,7854,7,7847,群益金鼎,2024-09-20,9100
00715L,期街口布蘭特正2,5957,100,5857,群益金鼎,2024-09-20,9100
00665L,富邦�琤肭磪囓�2,5617,106,5511,群益金鼎,2024-09-20,9100
2886,兆豐金,5108,11,5097,群益金鼎,2024-09-20,9100
2409,友達,5085,61,5024,群益金鼎,2024-09-20,9100
2885,元大金,4395,22,4373,群益金鼎,2024-09-20,9100
3481,群創,3343,98,3245,群益金鼎,2024-09-20,9100
2883,凱基金,2929,0,2929,群益金鼎,2024-09-20,9100
00953B,群益優選非投等債,2883,0,2883,群益金鼎,2024-09-20,9100
00948B,中信優息投資級債,2690,0,2690,群益金鼎,2024-09-20,9100
5871,中租-KY,2335,30,2305,群益金鼎,2024-09-20,9100
2881,富邦金,2426,214,2212,群益金鼎,2024-09-20,9100
2891,中信金,2385,430,1955,群益金鼎,2024-09-20,9100
00632R,元大台灣50反1,1887,10,1877,群益金鼎,2024-09-20,9100
5481,新華,2220,421,1799,群益金鼎,2024-09-20,9100
00934,中信成長高股息,2110,401,1709,群益金鼎,2024-09-20,9100
2351,順德,2036,485,1551,群益金鼎,2024-09-20,9100
1727,中華化,1570,48,1522,群益金鼎,2024-09-20,9100
00650L,復華香港正2,1521,10,1511,群益金鼎,2024-09-20,9100
00955,中信日本商社,1432,99,1333,群益金鼎,2024-09-20,9100
00939,統一台灣高息動能,1317,0,1317,群益金鼎,2024-09-20,9100
0050,元大台灣50,1209,35,1174,群益金鼎,2024-09-20,9100
2915,潤泰全,1190,35,1155,群益金鼎,2024-09-20,9100
2888,新光金,3216,2066,1150,群益金鼎,2024-09-20,9100
2347,聯強,1175,38,1137,群益金鼎,2024-09-20,9100
2412,中華電,2110,1000,1110,群益金鼎,2024-09-20,9100
00902,中信電池及儲能,968,50,918,群益金鼎,2024-09-20,9100
2385,群光,868,14,854,群益金鼎,2024-09-20,9100
00706L,期元大S＆P日圓正2,818,20,798,群益金鼎,2024-09-20,9100
4938,和碩,989,237,752,群益金鼎,2024-09-20,9100
00941,中信上游半導體,753,3,750,群益金鼎,2024-09-20,9100
2408,南亞科,720,58,662,群益金鼎,2024-09-20,9100
00861,元大全球未來通訊,647,0,647,群益金鼎,2024-09-20,9100
1216,統一,682,140,542,群益金鼎,2024-09-20,9100
2449,京元電子,817,300,517,群益金鼎,2024-09-20,9100
6405,悅城,502,16,486,群益金鼎,2024-09-20,9100
1442,名軒,481,12,469,群益金鼎,2024-09-20,9100
2458,義隆,469,0,469,群益金鼎,2024-09-20,9100
9958,世紀鋼,559,130,429,群益金鼎,2024-09-20,9100
00956,中信日經高股息,505,92,413,群益金鼎,2024-09-20,9100
00675L,富邦臺灣加權正2,413,2,411,群益金鼎,2024-09-20,9100
00885,富邦越南,381,3,378,群益金鼎,2024-09-20,9100
00960,野村全球航運龍頭,887,536,351,群益金鼎,2024-09-20,9100
2330,台積電,393,43,350,群益金鼎,2024-09-20,9100
4542,科嶠,1145,812,333,群益金鼎,2024-09-20,9100
1319,東陽,339,17,322,群益金鼎,2024-09-20,9100
00888,永豐台灣ESG,308,0,308,群益金鼎,2024-09-20,9100
00937B,群益ESG投等債20,1281,974,307,群益金鼎,2024-09-20,9100
1513,中興電,383,82,301,群益金鼎,2024-09-20,9100
00924,復華S＆P500成長,298,0,298,群益金鼎,2024-09-20,9100
3711,日月光投控,5939,110,5829,群益金鼎,2024-09-23,9100
2891,中信金,4432,322,4110,群益金鼎,2024-09-23,9100
2618,長榮航,3999,238,3761,群益金鼎,2024-09-23,9100
00830,國泰費城半導體,3090,332,2758,群益金鼎,2024-09-23,9100
00665L,富邦�琤肭磪囓�2,2205,0,2205,群益金鼎,2024-09-23,9100
00715L,期街口布蘭特正2,2856,660,2196,群益金鼎,2024-09-23,9100
2888,新光金,5349,3764,1585,群益金鼎,2024-09-23,9100
4903,聯光通,1500,9,1491,群益金鼎,2024-09-23,9100
2889,國票金,1359,29,1330,群益金鼎,2024-09-23,9100
2412,中華電,1210,0,1210,群益金鼎,2024-09-23,9100
6405,悅城,1158,68,1090,群益金鼎,2024-09-23,9100
3013,晟銘電,1349,266,1083,群益金鼎,2024-09-23,9100
00882,中信中國高股息,1002,1,1001,群益金鼎,2024-09-23,9100
00637L,元大滬深300正2,945,0,945,群益金鼎,2024-09-23,9100
3167,大量,1021,198,823,群益金鼎,2024-09-23,9100
2881,富邦金,793,85,708,群益金鼎,2024-09-23,9100
4729,熒茂,715,26,689,群益金鼎,2024-09-23,9100
2540,愛山林,669,23,646,群益金鼎,2024-09-23,9100
2885,元大金,642,0,642,群益金鼎,2024-09-23,9100
2542,興富發,633,20,613,群益金鼎,2024-09-23,9100
8070,長華*,686,79,607,群益金鼎,2024-09-23,9100
00650L,復華香港正2,539,8,531,群益金鼎,2024-09-23,9100
2454,聯發科,513,6,507,群益金鼎,2024-09-23,9100
00954,中信日本半導體,499,0,499,群益金鼎,2024-09-23,9100
00676R,富邦臺灣加權反1,490,0,490,群益金鼎,2024-09-23,9100
2481,強茂,450,15,435,群益金鼎,2024-09-23,9100
00633L,富邦上証正2,486,60,426,群益金鼎,2024-09-23,9100
5508,永信建,451,28,423,群益金鼎,2024-09-23,9100
6005,群益證,448,27,421,群益金鼎,2024-09-23,9100
00955,中信日本商社,401,25,376,群益金鼎,2024-09-23,9100
6138,茂達,380,6,374,群益金鼎,2024-09-23,9100
2504,國產,525,160,365,群益金鼎,2024-09-23,9100
00915,凱基優選高股息30,350,45,305,群益金鼎,2024-09-23,9100
2211,長榮鋼,301,1,300,群益金鼎,2024-09-23,9100
00708L,期元大S＆P黃金正2,300,0,300,群益金鼎,2024-09-23,9100
00893,國泰智能電動車,331,32,299,群益金鼎,2024-09-23,9100
2809,京城銀,294,5,289,群益金鼎,2024-09-23,9100
1785,光洋科,450,179,271,群益金鼎,2024-09-23,9100
5534,長虹,314,71,243,群益金鼎,2024-09-23,9100
2609,陽明,294,52,242,群益金鼎,2024-09-23,9100
1319,東陽,268,32,236,群益金鼎,2024-09-23,9100
00675L,富邦臺灣加權正2,236,5,231,群益金鼎,2024-09-23,9100
2548,華固,246,20,226,群益金鼎,2024-09-23,9100
00902,中信電池及儲能,322,102,220,群益金鼎,2024-09-23,9100
3227,原相,369,159,210,群益金鼎,2024-09-23,9100
2603,長榮,266,63,203,群益金鼎,2024-09-23,9100
2377,微星,230,37,193,群益金鼎,2024-09-23,9100
6176,瑞儀,188,6,182,群益金鼎,2024-09-23,9100
2883,凱基金,172,1,171,群益金鼎,2024-09-23,9100
1808,潤隆,170,0,170,群益金鼎,2024-09-23,9100
00637L,元大滬深300正2,12910,848,12062,群益金鼎,2024-09-24,9100
00665L,富邦�琤肭磪囓�2,6421,290,6131,群益金鼎,2024-09-24,9100
00882,中信中國高股息,4039,516,3523,群益金鼎,2024-09-24,9100
3550,聯穎,3590,100,3490,群益金鼎,2024-09-24,9100
00902,中信電池及儲能,2800,100,2700,群益金鼎,2024-09-24,9100
2356,英業達,2691,99,2592,群益金鼎,2024-09-24,9100
00715L,期街口布蘭特正2,2993,718,2275,群益金鼎,2024-09-24,9100
2353,宏��,1851,1,1850,群益金鼎,2024-09-24,9100
00650L,復華香港正2,1771,490,1281,群益金鼎,2024-09-24,9100
2301,光寶科,1301,43,1258,群益金鼎,2024-09-24,9100
3231,緯創,1291,67,1224,群益金鼎,2024-09-24,9100
3622,洋華,1165,9,1156,群益金鼎,2024-09-24,9100
00633L,富邦上証正2,2166,1166,1000,群益金鼎,2024-09-24,9100
00706L,期元大S＆P日圓正2,998,10,988,群益金鼎,2024-09-24,9100
2609,陽明,1684,742,942,群益金鼎,2024-09-24,9100
2412,中華電,1000,140,860,群益金鼎,2024-09-24,9100
6546,正基,863,18,845,群益金鼎,2024-09-24,9100
2882,國泰金,791,19,772,群益金鼎,2024-09-24,9100
2382,廣達,732,44,688,群益金鼎,2024-09-24,9100
2641,正德,577,23,554,群益金鼎,2024-09-24,9100
2615,萬海,740,236,504,群益金鼎,2024-09-24,9100
00940,元大台灣價值高息,503,0,503,群益金鼎,2024-09-24,9100
00893,國泰智能電動車,670,210,460,群益金鼎,2024-09-24,9100
0050,元大台灣50,805,346,459,群益金鼎,2024-09-24,9100
2376,技嘉,368,22,346,群益金鼎,2024-09-24,9100
00895,富邦未來車,358,31,327,群益金鼎,2024-09-24,9100
00935,野村臺灣新科技50,323,4,319,群益金鼎,2024-09-24,9100
2379,瑞昱,327,12,315,群益金鼎,2024-09-24,9100
00655L,國泰中國A50正2,304,0,304,群益金鼎,2024-09-24,9100
2618,長榮航,473,183,290,群益金鼎,2024-09-24,9100
1442,名軒,288,18,270,群益金鼎,2024-09-24,9100
2330,台積電,306,71,235,群益金鼎,2024-09-24,9100
00675L,富邦臺灣加權正2,213,8,205,群益金鼎,2024-09-24,9100
00909,國泰數位支付服務,185,1,184,群益金鼎,2024-09-24,9100
1519,華城,236,58,178,群益金鼎,2024-09-24,9100
3227,原相,255,78,177,群益金鼎,2024-09-24,9100
2481,強茂,250,82,168,群益金鼎,2024-09-24,9100
2606,裕民,186,20,166,群益金鼎,2024-09-24,9100
00917,中信特選金融,452,287,165,群益金鼎,2024-09-24,9100
00939,統一台灣高息動能,195,40,155,群益金鼎,2024-09-24,9100
00719B,元大美債1-3,143,0,143,群益金鼎,2024-09-24,9100
00903,富邦元宇宙,139,0,139,群益金鼎,2024-09-24,9100
5398,慕康生醫,142,8,134,群益金鼎,2024-09-24,9100
00648R,元大S＆P500反1,131,0,131,群益金鼎,2024-09-24,9100
00899,FT潔淨能源,130,0,130,群益金鼎,2024-09-24,9100
8069,元太,226,98,128,群益金鼎,2024-09-24,9100
3673,TPK-KY,194,73,121,群益金鼎,2024-09-24,9100
2454,聯發科,152,35,117,群益金鼎,2024-09-24,9100
1808,潤隆,119,3,116,群益金鼎,2024-09-24,9100
3665,貿聯-KY,124,11,113,群益金鼎,2024-09-24,9100
00665L,富邦�琤肭磪囓�2,6229,1,6228,群益金鼎,2024-09-25,9100
2303,聯電,5933,11,5922,群益金鼎,2024-09-25,9100
2891,中信金,5760,754,5006,群益金鼎,2024-09-25,9100
3045,台灣大,4565,0,4565,群益金鼎,2024-09-25,9100
00939,統一台灣高息動能,4169,18,4151,群益金鼎,2024-09-25,9100
00696B,富邦美債20年,2464,141,2323,群益金鼎,2024-09-25,9100
00948B,中信優息投資級債,3021,1000,2021,群益金鼎,2024-09-25,9100
00902,中信電池及儲能,1148,10,1138,群益金鼎,2024-09-25,9100
2449,京元電子,1198,66,1132,群益金鼎,2024-09-25,9100
2881,富邦金,1148,87,1061,群益金鼎,2024-09-25,9100
2412,中華電,1002,0,1002,群益金鼎,2024-09-25,9100
00940,元大台灣價值高息,830,12,818,群益金鼎,2024-09-25,9100
00830,國泰費城半導體,1428,644,784,群益金鼎,2024-09-25,9100
3264,欣銓,769,12,757,群益金鼎,2024-09-25,9100
4909,新復興,905,160,745,群益金鼎,2024-09-25,9100
1540,喬福,881,139,742,群益金鼎,2024-09-25,9100
00952,凱基台灣AI50,764,26,738,群益金鼎,2024-09-25,9100
00893,國泰智能電動車,1177,440,737,群益金鼎,2024-09-25,9100
3013,晟銘電,919,194,725,群益金鼎,2024-09-25,9100
00720B,元大投資級公司債,701,12,689,群益金鼎,2024-09-25,9100
3605,宏致,962,273,689,群益金鼎,2024-09-25,9100
00941,中信上游半導體,646,0,646,群益金鼎,2024-09-25,9100
00753L,中信中國50正2,629,0,629,群益金鼎,2024-09-25,9100
2317,鴻海,914,294,620,群益金鼎,2024-09-25,9100
1808,潤隆,501,18,483,群益金鼎,2024-09-25,9100
2382,廣達,547,67,480,群益金鼎,2024-09-25,9100
00655L,國泰中國A50正2,478,5,473,群益金鼎,2024-09-25,9100
00882,中信中國高股息,1278,812,466,群益金鼎,2024-09-25,9100
00772B,中信高評級公司債,465,3,462,群益金鼎,2024-09-25,9100
2308,台達電,497,37,460,群益金鼎,2024-09-25,9100
2540,愛山林,484,38,446,群益金鼎,2024-09-25,9100
3711,日月光投控,426,21,405,群益金鼎,2024-09-25,9100
2885,元大金,432,41,391,群益金鼎,2024-09-25,9100
00895,富邦未來車,382,0,382,群益金鼎,2024-09-25,9100
00675L,富邦臺灣加權正2,372,0,372,群益金鼎,2024-09-25,9100
2355,敬鵬,342,17,325,群益金鼎,2024-09-25,9100
00715L,期街口布蘭特正2,254,0,254,群益金鼎,2024-09-25,9100
3715,定穎投控,431,201,230,群益金鼎,2024-09-25,9100
00919,群益台灣精選高息,426,222,204,群益金鼎,2024-09-25,9100
00878,國泰永續高股息,225,42,183,群益金鼎,2024-09-25,9100
00862B,中信投資級公司債,234,55,179,群益金鼎,2024-09-25,9100
00885,富邦越南,181,2,179,群益金鼎,2024-09-25,9100
1773,勝一,204,30,174,群益金鼎,2024-09-25,9100
0050,元大台灣50,169,0,169,群益金鼎,2024-09-25,9100
4904,遠傳,158,0,158,群益金鼎,2024-09-25,9100
2436,偉詮電,272,116,156,群益金鼎,2024-09-25,9100
4961,天鈺,165,13,152,群益金鼎,2024-09-25,9100
2313,華通,251,107,144,群益金鼎,2024-09-25,9100
3227,原相,253,112,141,群益金鼎,2024-09-25,9100
2603,長榮,318,186,132,群益金鼎,2024-09-25,9100
00637L,元大滬深300正2,8835,255,8580,群益金鼎,2024-09-26,9100
00939,統一台灣高息動能,6050,18,6032,群益金鼎,2024-09-26,9100
00665L,富邦�琤肭磪囓�2,5073,300,4773,群益金鼎,2024-09-26,9100
00830,國泰費城半導體,4255,627,3628,群益金鼎,2024-09-26,9100
00882,中信中國高股息,2922,1253,1669,群益金鼎,2024-09-26,9100
2882,國泰金,2088,586,1502,群益金鼎,2024-09-26,9100
3481,群創,3987,2526,1461,群益金鼎,2024-09-26,9100
00902,中信電池及儲能,1426,59,1367,群益金鼎,2024-09-26,9100
2609,陽明,2116,859,1257,群益金鼎,2024-09-26,9100
00940,元大台灣價值高息,1317,66,1251,群益金鼎,2024-09-26,9100
2891,中信金,1596,400,1196,群益金鼎,2024-09-26,9100
2301,光寶科,1208,36,1172,群益金鼎,2024-09-26,9100
3231,緯創,1326,193,1133,群益金鼎,2024-09-26,9100
00650L,復華香港正2,1185,102,1083,群益金鼎,2024-09-26,9100
00633L,富邦上証正2,1146,130,1016,群益金鼎,2024-09-26,9100
2454,聯發科,873,26,847,群益金鼎,2024-09-26,9100
1216,統一,715,8,707,群益金鼎,2024-09-26,9100
00675L,富邦臺灣加權正2,549,3,546,群益金鼎,2024-09-26,9100
00923,群益台ESG低碳50,545,4,541,群益金鼎,2024-09-26,9100
00952,凱基台灣AI50,482,30,452,群益金鼎,2024-09-26,9100
1102,亞泥,824,431,393,群益金鼎,2024-09-26,9100
2317,鴻海,402,81,321,群益金鼎,2024-09-26,9100
00892,富邦台灣半導體,307,1,306,群益金鼎,2024-09-26,9100
00959B,大華投等美債15Y+,300,0,300,群益金鼎,2024-09-26,9100
2379,瑞昱,311,14,297,群益金鼎,2024-09-26,9100
00638R,元大滬深300反1,352,63,289,群益金鼎,2024-09-26,9100
3034,聯詠,315,35,280,群益金鼎,2024-09-26,9100
2308,台達電,320,49,271,群益金鼎,2024-09-26,9100
5871,中租-KY,328,63,265,群益金鼎,2024-09-26,9100
3227,原相,498,249,249,群益金鼎,2024-09-26,9100
00922,國泰台灣領袖50,285,51,234,群益金鼎,2024-09-26,9100
2455,全新,465,232,233,群益金鼎,2024-09-26,9100
00712,復華富時不動產,231,1,230,群益金鼎,2024-09-26,9100
6442,光聖,236,7,229,群益金鼎,2024-09-26,9100
00648R,元大S＆P500反1,219,0,219,群益金鼎,2024-09-26,9100
1519,華城,238,33,205,群益金鼎,2024-09-26,9100
00953B,群益優選非投等債,205,3,202,群益金鼎,2024-09-26,9100
00692,富邦公司治理,209,16,193,群益金鼎,2024-09-26,9100
00773B,中信優先金融債,201,9,192,群益金鼎,2024-09-26,9100
00895,富邦未來車,401,221,180,群益金鼎,2024-09-26,9100
3017,奇鋐,399,219,180,群益金鼎,2024-09-26,9100
00903,富邦元宇宙,205,31,174,群益金鼎,2024-09-26,9100
1522,堤維西,196,27,169,群益金鼎,2024-09-26,9100
4904,遠傳,161,1,160,群益金鼎,2024-09-26,9100
00926,凱基全球菁英55,169,10,159,群益金鼎,2024-09-26,9100
00685L,群益臺灣加權正2,154,3,151,群益金鼎,2024-09-26,9100
6415,矽力*-KY,190,43,147,群益金鼎,2024-09-26,9100
3324,雙鴻,236,90,146,群益金鼎,2024-09-26,9100
00918,大華優利高填息30,156,13,143,群益金鼎,2024-09-26,9100
3710,連展投控,148,7,141,群益金鼎,2024-09-26,9100
00637L,元大滬深300正2,42786,2657,40129,群益金鼎,2024-09-27,9100
00882,中信中國高股息,11917,1573,10344,群益金鼎,2024-09-27,9100
00665L,富邦�琤肭磪囓�2,7946,210,7736,群益金鼎,2024-09-27,9100
00939,統一台灣高息動能,7148,64,7084,群益金鼎,2024-09-27,9100
00633L,富邦上証正2,6794,1130,5664,群益金鼎,2024-09-27,9100
00902,中信電池及儲能,5067,684,4383,群益金鼎,2024-09-27,9100
00650L,復華香港正2,3799,120,3679,群益金鼎,2024-09-27,9100
00671R,富邦NASDAQ反1,1327,100,1227,群益金鼎,2024-09-27,9100
1102,亞泥,1007,72,935,群益金鼎,2024-09-27,9100
00893,國泰智能電動車,1175,390,785,群益金鼎,2024-09-27,9100
2317,鴻海,842,142,700,群益金鼎,2024-09-27,9100
00675L,富邦臺灣加權正2,678,0,678,群益金鼎,2024-09-27,9100
2002,中鋼,783,155,628,群益金鼎,2024-09-27,9100
00929,復華台灣科技優息,518,67,451,群益金鼎,2024-09-27,9100
2540,愛山林,446,1,445,群益金鼎,2024-09-27,9100
2382,廣達,594,236,358,群益金鼎,2024-09-27,9100
00757,統一FANG+,510,161,349,群益金鼎,2024-09-27,9100
2882,國泰金,567,227,340,群益金鼎,2024-09-27,9100
00664R,國泰臺灣加權反1,1344,1021,323,群益金鼎,2024-09-27,9100
00712,復華富時不動產,315,1,314,群益金鼎,2024-09-27,9100
00655L,國泰中國A50正2,317,12,305,群益金鼎,2024-09-27,9100
00773B,中信優先金融債,300,0,300,群益金鼎,2024-09-27,9100
5871,中租-KY,365,80,285,群益金鼎,2024-09-27,9100
00652,富邦印度,320,44,276,群益金鼎,2024-09-27,9100
00952,凱基台灣AI50,333,60,273,群益金鼎,2024-09-27,9100
00918,大華優利高填息30,264,0,264,群益金鼎,2024-09-27,9100
2606,裕民,390,136,254,群益金鼎,2024-09-27,9100
2014,中鴻,358,106,252,群益金鼎,2024-09-27,9100
3481,群創,541,291,250,群益金鼎,2024-09-27,9100
3062,建漢,396,165,231,群益金鼎,2024-09-27,9100
2362,藍天,288,62,226,群益金鼎,2024-09-27,9100
1802,台玻,327,106,221,群益金鼎,2024-09-27,9100
2605,新興,268,71,197,群益金鼎,2024-09-27,9100
9904,寶成,209,12,197,群益金鼎,2024-09-27,9100
3017,奇鋐,455,261,194,群益金鼎,2024-09-27,9100
5009,榮剛,190,7,183,群益金鼎,2024-09-27,9100
00862B,中信投資級公司債,302,122,180,群益金鼎,2024-09-27,9100
1326,台化,178,3,175,群益金鼎,2024-09-27,9100
00955,中信日本商社,214,53,161,群益金鼎,2024-09-27,9100
3005,神基,172,21,151,群益金鼎,2024-09-27,9100
2241,艾姆勒,164,15,149,群益金鼎,2024-09-27,9100
00725B,國泰投資級公司債,300,153,147,群益金鼎,2024-09-27,9100
2360,致茂,176,30,146,群益金鼎,2024-09-27,9100
3045,台灣大,144,7,137,群益金鼎,2024-09-27,9100
00636,國泰中國A50,1302,1165,137,群益金鼎,2024-09-27,9100
3037,欣興,279,144,135,群益金鼎,2024-09-27,9100
2915,潤泰全,163,29,134,群益金鼎,2024-09-27,9100
00645,富邦日本,128,0,128,群益金鼎,2024-09-27,9100
2641,正德,177,53,124,群益金鼎,2024-09-27,9100
2888,新光金,359,240,119,群益金鼎,2024-09-27,9100
00665L,富邦�琤肭磪囓�2,9328,571,8757,群益金鼎,2024-09-30,9100
00902,中信電池及儲能,6324,0,6324,群益金鼎,2024-09-30,9100
00882,中信中國高股息,8152,3009,5143,群益金鼎,2024-09-30,9100
00633L,富邦上証正2,5788,2021,3767,群益金鼎,2024-09-30,9100
00650L,復華香港正2,3335,83,3252,群益金鼎,2024-09-30,9100
00772B,中信高評級公司債,2472,0,2472,群益金鼎,2024-09-30,9100
00637L,元大滬深300正2,24141,22421,1720,群益金鼎,2024-09-30,9100
00664R,國泰臺灣加權反1,1439,0,1439,群益金鼎,2024-09-30,9100
006205,富邦上証,1508,145,1363,群益金鼎,2024-09-30,9100
00939,統一台灣高息動能,1346,5,1341,群益金鼎,2024-09-30,9100
00673R,期元大S＆P原油反1,1178,0,1178,群益金鼎,2024-09-30,9100
00941,中信上游半導體,980,0,980,群益金鼎,2024-09-30,9100
2002,中鋼,1255,389,866,群益金鼎,2024-09-30,9100
1301,台塑,895,62,833,群益金鼎,2024-09-30,9100
00719B,元大美債1-3,768,10,758,群益金鼎,2024-09-30,9100
2317,鴻海,824,118,706,群益金鼎,2024-09-30,9100
00706L,期元大S＆P日圓正2,856,152,704,群益金鼎,2024-09-30,9100
00923,群益台ESG低碳50,928,274,654,群益金鼎,2024-09-30,9100
2330,台積電,671,109,562,群益金鼎,2024-09-30,9100
2606,裕民,909,382,527,群益金鼎,2024-09-30,9100
00940,元大台灣價值高息,496,1,495,群益金鼎,2024-09-30,9100
00862B,中信投資級公司債,501,25,476,群益金鼎,2024-09-30,9100
00751B,元大AAA至A公司債,455,0,455,群益金鼎,2024-09-30,9100
2455,全新,499,48,451,群益金鼎,2024-09-30,9100
2540,愛山林,478,29,449,群益金鼎,2024-09-30,9100
00905,FT臺灣Smart,425,0,425,群益金鼎,2024-09-30,9100
00864B,中信美國公債0-1,552,130,422,群益金鼎,2024-09-30,9100
00881,國泰台灣5G+,383,42,341,群益金鼎,2024-09-30,9100
4915,致伸,342,2,340,群益金鼎,2024-09-30,9100
00885,富邦越南,305,0,305,群益金鼎,2024-09-30,9100
00952,凱基台灣AI50,299,0,299,群益金鼎,2024-09-30,9100
00773B,中信優先金融債,304,6,298,群益金鼎,2024-09-30,9100
3430,奇鈦科,326,30,296,群益金鼎,2024-09-30,9100
00696B,富邦美債20年,465,173,292,群益金鼎,2024-09-30,9100
2637,慧洋-KY,356,80,276,群益金鼎,2024-09-30,9100
00944,野村趨勢動能高息,272,0,272,群益金鼎,2024-09-30,9100
00891,中信關鍵半導體,228,0,228,群益金鼎,2024-09-30,9100
4919,新唐,260,43,217,群益金鼎,2024-09-30,9100
2014,中鴻,475,259,216,群益金鼎,2024-09-30,9100
00899,FT潔淨能源,212,0,212,群益金鼎,2024-09-30,9100
00639,富邦深100,394,183,211,群益金鼎,2024-09-30,9100
00934,中信成長高股息,222,16,206,群益金鼎,2024-09-30,9100
00942B,台新美A公司債20+,203,0,203,群益金鼎,2024-09-30,9100
2886,兆豐金,276,74,202,群益金鼎,2024-09-30,9100
00897,富邦基因免疫生技,200,0,200,群益金鼎,2024-09-30,9100
00722B,群益投資級電信債,1743,1553,190,群益金鼎,2024-09-30,9100
00894,中信小資高價30,178,0,178,群益金鼎,2024-09-30,9100
00738U,期元大道瓊白銀,272,94,178,群益金鼎,2024-09-30,9100
5434,崇越,170,2,168,群益金鼎,2024-09-30,9100
00670L,富邦NASDAQ正2,150,2,148,群益金鼎,2024-09-30,9100
2888,新光金,6923,5,6918,群益金鼎,2024-10-01,9100
8111,立��,3431,126,3305,群益金鼎,2024-10-01,9100
2889,國票金,3000,21,2979,群益金鼎,2024-10-01,9100
00637L,元大滬深300正2,2169,92,2077,群益金鼎,2024-10-01,9100
00953B,群益優選非投等債,1890,11,1879,群益金鼎,2024-10-01,9100
4903,聯光通,1469,41,1428,群益金鼎,2024-10-01,9100
00902,中信電池及儲能,1217,0,1217,群益金鼎,2024-10-01,9100
2504,國產,1213,10,1203,群益金鼎,2024-10-01,9100
2606,裕民,1210,47,1163,群益金鼎,2024-10-01,9100
2884,玉山金,1051,2,1049,群益金鼎,2024-10-01,9100
00893,國泰智能電動車,1415,390,1025,群益金鼎,2024-10-01,9100
2891,中信金,887,7,880,群益金鼎,2024-10-01,9100
1402,遠東新,893,32,861,群益金鼎,2024-10-01,9100
2809,京城銀,894,34,860,群益金鼎,2024-10-01,9100
2618,長榮航,863,5,858,群益金鼎,2024-10-01,9100
00773B,中信優先金融債,789,1,788,群益金鼎,2024-10-01,9100
00650L,復華香港正2,894,144,750,群益金鼎,2024-10-01,9100
00633L,富邦上証正2,721,66,655,群益金鼎,2024-10-01,9100
2637,慧洋-KY,680,76,604,群益金鼎,2024-10-01,9100
00941,中信上游半導體,598,0,598,群益金鼎,2024-10-01,9100
3045,台灣大,557,2,555,群益金鼎,2024-10-01,9100
00940,元大台灣價值高息,508,6,502,群益金鼎,2024-10-01,9100
00917,中信特選金融,437,20,417,群益金鼎,2024-10-01,9100
5347,世界,416,0,416,群益金鼎,2024-10-01,9100
6438,迅得,423,53,370,群益金鼎,2024-10-01,9100
4938,和碩,355,1,354,群益金鼎,2024-10-01,9100
2609,陽明,701,404,297,群益金鼎,2024-10-01,9100
2451,創見,294,1,293,群益金鼎,2024-10-01,9100
00861,元大全球未來通訊,283,0,283,群益金鼎,2024-10-01,9100
4915,致伸,277,4,273,群益金鼎,2024-10-01,9100
3708,上緯投控,319,52,267,群益金鼎,2024-10-01,9100
6890,來億-KY,244,10,234,群益金鼎,2024-10-01,9100
00897,富邦基因免疫生技,227,0,227,群益金鼎,2024-10-01,9100
2915,潤泰全,229,3,226,群益金鼎,2024-10-01,9100
00900,富邦特選高股息30,204,0,204,群益金鼎,2024-10-01,9100
2812,台中銀,201,0,201,群益金鼎,2024-10-01,9100
2603,長榮,223,26,197,群益金鼎,2024-10-01,9100
00753L,中信中國50正2,226,37,189,群益金鼎,2024-10-01,9100
6176,瑞儀,188,6,182,群益金鼎,2024-10-01,9100
2548,華固,214,46,168,群益金鼎,2024-10-01,9100
00903,富邦元宇宙,164,2,162,群益金鼎,2024-10-01,9100
2454,聯發科,147,3,144,群益金鼎,2024-10-01,9100
00895,富邦未來車,165,33,132,群益金鼎,2024-10-01,9100
2377,微星,130,1,129,群益金鼎,2024-10-01,9100
6139,亞翔,138,15,123,群益金鼎,2024-10-01,9100
4532,瑞智,122,0,122,群益金鼎,2024-10-01,9100
2515,中工,116,0,116,群益金鼎,2024-10-01,9100
4979,華星光,192,90,102,群益金鼎,2024-10-01,9100
4303,信立,104,5,99,群益金鼎,2024-10-01,9100
2385,群光,105,7,98,群益金鼎,2024-10-01,9100
00715L,期街口布蘭特正2,32964,329,32635,群益金鼎,2024-10-04,9100
00637L,元大滬深300正2,25048,433,24615,群益金鼎,2024-10-04,9100
00882,中信中國高股息,25970,3537,22433,群益金鼎,2024-10-04,9100
2303,聯電,9576,279,9297,群益金鼎,2024-10-04,9100
00665L,富邦�琤肭磪囓�2,13827,7961,5866,群益金鼎,2024-10-04,9100
2399,映泰,6803,1340,5463,群益金鼎,2024-10-04,9100
00642U,期元大S＆P石油,4455,10,4445,群益金鼎,2024-10-04,9100
2889,國票金,2950,42,2908,群益金鼎,2024-10-04,9100
2504,國產,2366,20,2346,群益金鼎,2024-10-04,9100
00633L,富邦上証正2,3687,1400,2287,群益金鼎,2024-10-04,9100
00636,國泰中國A50,2244,626,1618,群益金鼎,2024-10-04,9100
4903,聯光通,2944,1638,1306,群益金鼎,2024-10-04,9100
00696B,富邦美債20年,1299,0,1299,群益金鼎,2024-10-04,9100
00953B,群益優選非投等債,1543,327,1216,群益金鼎,2024-10-04,9100
00650L,復華香港正2,3765,2783,982,群益金鼎,2024-10-04,9100
00673R,期元大S＆P原油反1,886,0,886,群益金鼎,2024-10-04,9100
2809,京城銀,873,3,870,群益金鼎,2024-10-04,9100
00671R,富邦NASDAQ反1,666,0,666,群益金鼎,2024-10-04,9100
2451,創見,680,135,545,群益金鼎,2024-10-04,9100
2412,中華電,532,0,532,群益金鼎,2024-10-04,9100
2548,華固,554,67,487,群益金鼎,2024-10-04,9100
2317,鴻海,600,120,480,群益金鼎,2024-10-04,9100
4915,致伸,505,33,472,群益金鼎,2024-10-04,9100
00895,富邦未來車,618,150,468,群益金鼎,2024-10-04,9100
1595,川寶,524,92,432,群益金鼎,2024-10-04,9100
00918,大華優利高填息30,422,4,418,群益金鼎,2024-10-04,9100
2330,台積電,407,10,397,群益金鼎,2024-10-04,9100
2211,長榮鋼,380,8,372,群益金鼎,2024-10-04,9100
0050,元大台灣50,365,11,354,群益金鼎,2024-10-04,9100
8111,立��,2184,1849,335,群益金鼎,2024-10-04,9100
6505,台塑化,379,97,282,群益金鼎,2024-10-04,9100
2610,華航,432,154,278,群益金鼎,2024-10-04,9100
00922,國泰台灣領袖50,271,0,271,群益金鼎,2024-10-04,9100
3374,精材,320,70,250,群益金鼎,2024-10-04,9100
4904,遠傳,243,0,243,群益金鼎,2024-10-04,9100
3665,貿聯-KY,259,24,235,群益金鼎,2024-10-04,9100
3711,日月光投控,271,44,227,群益金鼎,2024-10-04,9100
4532,瑞智,231,7,224,群益金鼎,2024-10-04,9100
00712,復華富時不動產,223,0,223,群益金鼎,2024-10-04,9100
2308,台達電,342,121,221,群益金鼎,2024-10-04,9100
2360,致茂,254,38,216,群益金鼎,2024-10-04,9100
00852L,國泰美國道瓊正2,204,0,204,群益金鼎,2024-10-04,9100
3025,星通,226,52,174,群益金鼎,2024-10-04,9100
3042,晶技,166,1,165,群益金鼎,2024-10-04,9100
6919,康霈*,177,16,161,群益金鼎,2024-10-04,9100
1569,濱川,177,17,160,群益金鼎,2024-10-04,9100
1442,名軒,167,10,157,群益金鼎,2024-10-04,9100
00903,富邦元宇宙,155,1,154,群益金鼎,2024-10-04,9100
2606,裕民,322,180,142,群益金鼎,2024-10-04,9100
2929,淘帝-KY,234,105,129,群益金鼎,2024-10-04,9100
00715L,期街口布蘭特正2,6770,16,6754,群益金鼎,2024-10-07,9100
00632R,元大台灣50反1,6314,0,6314,群益金鼎,2024-10-07,9100
00953B,群益優選非投等債,2300,62,2238,群益金鼎,2024-10-07,9100
3149,正達,2457,320,2137,群益金鼎,2024-10-07,9100
2303,聯電,2454,443,2011,群益金鼎,2024-10-07,9100
2399,映泰,5634,3951,1683,群益金鼎,2024-10-07,9100
00751B,元大AAA至A公司債,1603,2,1601,群益金鼎,2024-10-07,9100
00720B,元大投資級公司債,1416,25,1391,群益金鼎,2024-10-07,9100
2330,台積電,1230,126,1104,群益金鼎,2024-10-07,9100
6530,創威,1093,27,1066,群益金鼎,2024-10-07,9100
2929,淘帝-KY,1049,23,1026,群益金鼎,2024-10-07,9100
00830,國泰費城半導體,1162,151,1011,群益金鼎,2024-10-07,9100
00941,中信上游半導體,1026,100,926,群益金鼎,2024-10-07,9100
2324,仁寶,918,10,908,群益金鼎,2024-10-07,9100
00671R,富邦NASDAQ反1,1000,100,900,群益金鼎,2024-10-07,9100
6438,迅得,933,41,892,群益金鼎,2024-10-07,9100
3363,上詮,898,69,829,群益金鼎,2024-10-07,9100
2353,宏��,932,126,806,群益金鼎,2024-10-07,9100
00650L,復華香港正2,1791,1031,760,群益金鼎,2024-10-07,9100
1402,遠東新,892,157,735,群益金鼎,2024-10-07,9100
1101,台泥,805,90,715,群益金鼎,2024-10-07,9100
2356,英業達,851,157,694,群益金鼎,2024-10-07,9100
2002,中鋼,922,258,664,群益金鼎,2024-10-07,9100
00940,元大台灣價值高息,642,4,638,群益金鼎,2024-10-07,9100
00922,國泰台灣領袖50,629,15,614,群益金鼎,2024-10-07,9100
4532,瑞智,583,16,567,群益金鼎,2024-10-07,9100
00713,元大台灣高息低波,535,0,535,群益金鼎,2024-10-07,9100
00939,統一台灣高息動能,527,1,526,群益金鼎,2024-10-07,9100
00949,復華日本龍頭,504,0,504,群益金鼎,2024-10-07,9100
2382,廣達,551,60,491,群益金鼎,2024-10-07,9100
2105,正新,473,23,450,群益金鼎,2024-10-07,9100
00680L,元大美債20正2,1340,927,413,群益金鼎,2024-10-07,9100
00642U,期元大S＆P石油,376,1,375,群益金鼎,2024-10-07,9100
00892,富邦台灣半導體,521,179,342,群益金鼎,2024-10-07,9100
1216,統一,363,26,337,群益金鼎,2024-10-07,9100
3037,欣興,439,113,326,群益金鼎,2024-10-07,9100
2301,光寶科,335,15,320,群益金鼎,2024-10-07,9100
2888,新光金,1008,706,302,群益金鼎,2024-10-07,9100
00643,群益深証中小,1933,1641,292,群益金鼎,2024-10-07,9100
2891,中信金,506,228,278,群益金鼎,2024-10-07,9100
00675L,富邦臺灣加權正2,404,128,276,群益金鼎,2024-10-07,9100
6152,百一,274,0,274,群益金鼎,2024-10-07,9100
2890,永豐金,269,13,256,群益金鼎,2024-10-07,9100
00924,復華S＆P500成長,222,0,222,群益金鼎,2024-10-07,9100
2412,中華電,214,2,212,群益金鼎,2024-10-07,9100
00927,群益半導體收益,595,387,208,群益金鼎,2024-10-07,9100
00651R,復華香港反1,211,10,201,群益金鼎,2024-10-07,9100
2317,鴻海,308,116,192,群益金鼎,2024-10-07,9100
8099,大世科,190,0,190,群益金鼎,2024-10-07,9100
2451,創見,189,5,184,群益金鼎,2024-10-07,9100
00882,中信中國高股息,25053,8792,16261,群益金鼎,2024-10-08,9100
00715L,期街口布蘭特正2,11975,70,11905,群益金鼎,2024-10-08,9100
00632R,元大台灣50反1,3201,15,3186,群益金鼎,2024-10-08,9100
00902,中信電池及儲能,3288,220,3068,群益金鼎,2024-10-08,9100
00937B,群益ESG投等債20,3315,531,2784,群益金鼎,2024-10-08,9100
2363,矽統,2925,251,2674,群益金鼎,2024-10-08,9100
2303,聯電,2801,267,2534,群益金鼎,2024-10-08,9100
2889,國票金,2036,39,1997,群益金鼎,2024-10-08,9100
2883,凱基金,1605,26,1579,群益金鼎,2024-10-08,9100
5347,世界,1291,68,1223,群益金鼎,2024-10-08,9100
00953B,群益優選非投等債,1234,23,1211,群益金鼎,2024-10-08,9100
4971,IET-KY,916,22,894,群益金鼎,2024-10-08,9100
2504,國產,797,18,779,群益金鼎,2024-10-08,9100
00945B,凱基美國非投等債,766,1,765,群益金鼎,2024-10-08,9100
00725B,國泰投資級公司債,733,0,733,群益金鼎,2024-10-08,9100
00948B,中信優息投資級債,1416,710,706,群益金鼎,2024-10-08,9100
2603,長榮,784,132,652,群益金鼎,2024-10-08,9100
006205,富邦上証,1353,719,634,群益金鼎,2024-10-08,9100
3025,星通,742,178,564,群益金鼎,2024-10-08,9100
2809,京城銀,484,11,473,群益金鼎,2024-10-08,9100
00830,國泰費城半導體,1012,555,457,群益金鼎,2024-10-08,9100
00642U,期元大S＆P石油,441,0,441,群益金鼎,2024-10-08,9100
00940,元大台灣價值高息,514,73,441,群益金鼎,2024-10-08,9100
00633L,富邦上証正2,2638,2198,440,群益金鼎,2024-10-08,9100
00892,富邦台灣半導體,418,6,412,群益金鼎,2024-10-08,9100
00942B,台新美A公司債20+,402,1,401,群益金鼎,2024-10-08,9100
2412,中華電,366,5,361,群益金鼎,2024-10-08,9100
5871,中租-KY,395,61,334,群益金鼎,2024-10-08,9100
6505,台塑化,371,41,330,群益金鼎,2024-10-08,9100
2451,創見,320,1,319,群益金鼎,2024-10-08,9100
2436,偉詮電,354,39,315,群益金鼎,2024-10-08,9100
2548,華固,364,54,310,群益金鼎,2024-10-08,9100
00895,富邦未來車,320,38,282,群益金鼎,2024-10-08,9100
3374,精材,296,17,279,群益金鼎,2024-10-08,9100
3702,大聯大,378,120,258,群益金鼎,2024-10-08,9100
3049,精金,1350,1103,247,群益金鼎,2024-10-08,9100
2347,聯強,263,17,246,群益金鼎,2024-10-08,9100
3711,日月光投控,288,49,239,群益金鼎,2024-10-08,9100
00664R,國泰臺灣加權反1,214,0,214,群益金鼎,2024-10-08,9100
00908,富邦入息REITs+,208,0,208,群益金鼎,2024-10-08,9100
2105,正新,266,62,204,群益金鼎,2024-10-08,9100
9941,裕融,201,1,200,群益金鼎,2024-10-08,9100
00959B,大華投等美債15Y+,200,0,200,群益金鼎,2024-10-08,9100
00668,國泰美國道瓊,199,1,198,群益金鼎,2024-10-08,9100
2454,聯發科,215,21,194,群益金鼎,2024-10-08,9100
00941,中信上游半導體,237,50,187,群益金鼎,2024-10-08,9100
2637,慧洋-KY,187,7,180,群益金鼎,2024-10-08,9100
00674R,期元大S＆P黃金反1,175,0,175,群益金鼎,2024-10-08,9100
2211,長榮鋼,170,0,170,群益金鼎,2024-10-08,9100
2330,台積電,214,49,165,群益金鼎,2024-10-08,9100
00830,國泰費城半導體,5435,1570,3865,群益金鼎,2024-10-09,9100
4903,聯光通,2816,22,2794,群益金鼎,2024-10-09,9100
2889,國票金,2523,190,2333,群益金鼎,2024-10-09,9100
00941,中信上游半導體,1720,1,1719,群益金鼎,2024-10-09,9100
2891,中信金,2009,400,1609,群益金鼎,2024-10-09,9100
00757,統一FANG+,2023,534,1489,群益金鼎,2024-10-09,9100
00715L,期街口布蘭特正2,1226,50,1176,群益金鼎,2024-10-09,9100
6239,力成,1179,27,1152,群益金鼎,2024-10-09,9100
00902,中信電池及儲能,1148,3,1145,群益金鼎,2024-10-09,9100
5871,中租-KY,1236,116,1120,群益金鼎,2024-10-09,9100
2618,長榮航,1169,225,944,群益金鼎,2024-10-09,9100
2317,鴻海,1073,181,892,群益金鼎,2024-10-09,9100
2504,國產,820,0,820,群益金鼎,2024-10-09,9100
00639,富邦深100,1832,1022,810,群益金鼎,2024-10-09,9100
2809,京城銀,774,24,750,群益金鼎,2024-10-09,9100
00739,元大MSCI A股,760,14,746,群益金鼎,2024-10-09,9100
00923,群益台ESG低碳50,739,51,688,群益金鼎,2024-10-09,9100
00882,中信中國高股息,3602,2941,661,群益金鼎,2024-10-09,9100
00894,中信小資高價30,638,2,636,群益金鼎,2024-10-09,9100
00881,國泰台灣5G+,538,11,527,群益金鼎,2024-10-09,9100
00887,永豐中國科技50大,660,143,517,群益金鼎,2024-10-09,9100
00876,元大全球5G,492,1,491,群益金鼎,2024-10-09,9100
00669R,國泰美國道瓊反1,529,88,441,群益金鼎,2024-10-09,9100
00666R,富邦�琤肭磪齯�1,377,15,362,群益金鼎,2024-10-09,9100
2363,矽統,1302,946,356,群益金鼎,2024-10-09,9100
00861,元大全球未來通訊,346,0,346,群益金鼎,2024-10-09,9100
3227,原相,432,95,337,群益金鼎,2024-10-09,9100
8070,長華*,318,6,312,群益金鼎,2024-10-09,9100
00896,中信綠能及電動車,301,1,300,群益金鼎,2024-10-09,9100
00632R,元大台灣50反1,300,0,300,群益金鼎,2024-10-09,9100
00949,復華日本龍頭,300,1,299,群益金鼎,2024-10-09,9100
5347,世界,370,89,281,群益金鼎,2024-10-09,9100
2548,華固,283,8,275,群益金鼎,2024-10-09,9100
00650L,復華香港正2,2604,2330,274,群益金鼎,2024-10-09,9100
00939,統一台灣高息動能,328,55,273,群益金鼎,2024-10-09,9100
00903,富邦元宇宙,267,2,265,群益金鼎,2024-10-09,9100
00944,野村趨勢動能高息,264,13,251,群益金鼎,2024-10-09,9100
00728,第一金工業30,250,2,248,群益金鼎,2024-10-09,9100
2603,長榮,514,269,245,群益金鼎,2024-10-09,9100
00738U,期元大道瓊白銀,458,231,227,群益金鼎,2024-10-09,9100
1609,大亞,258,42,216,群益金鼎,2024-10-09,9100
2451,創見,210,0,210,群益金鼎,2024-10-09,9100
9941,裕融,200,1,199,群益金鼎,2024-10-09,9100
00675L,富邦臺灣加權正2,325,129,196,群益金鼎,2024-10-09,9100
6005,群益證,211,15,196,群益金鼎,2024-10-09,9100
3710,連展投控,192,7,185,群益金鼎,2024-10-09,9100
00651R,復華香港反1,428,250,178,群益金鼎,2024-10-09,9100
2330,台積電,225,48,177,群益金鼎,2024-10-09,9100
5438,東友,200,25,175,群益金鼎,2024-10-09,9100
00953B,群益優選非投等債,201,31,170,群益金鼎,2024-10-09,9100
00715L,期街口布蘭特正2,3211,42,3169,群益金鼎,2024-10-11,9100
00929,復華台灣科技優息,2776,281,2495,群益金鼎,2024-10-11,9100
00642U,期元大S＆P石油,2292,0,2292,群益金鼎,2024-10-11,9100
00923,群益台ESG低碳50,1435,131,1304,群益金鼎,2024-10-11,9100
00665L,富邦�琤肭磪囓�2,1889,600,1289,群益金鼎,2024-10-11,9100
00939,統一台灣高息動能,1064,2,1062,群益金鼎,2024-10-11,9100
00675L,富邦臺灣加權正2,974,1,973,群益金鼎,2024-10-11,9100
3481,群創,1289,339,950,群益金鼎,2024-10-11,9100
00953B,群益優選非投等債,592,0,592,群益金鼎,2024-10-11,9100
00861,元大全球未來通訊,510,0,510,群益金鼎,2024-10-11,9100
00940,元大台灣價值高息,544,38,506,群益金鼎,2024-10-11,9100
2891,中信金,630,176,454,群益金鼎,2024-10-11,9100
3231,緯創,607,153,454,群益金鼎,2024-10-11,9100
2540,愛山林,448,2,446,群益金鼎,2024-10-11,9100
2330,台積電,514,116,398,群益金鼎,2024-10-11,9100
2886,兆豐金,420,39,381,群益金鼎,2024-10-11,9100
00643,群益深証中小,1018,679,339,群益金鼎,2024-10-11,9100
0050,元大台灣50,556,231,325,群益金鼎,2024-10-11,9100
00887,永豐中國科技50大,402,96,306,群益金鼎,2024-10-11,9100
00919,群益台灣精選高息,356,52,304,群益金鼎,2024-10-11,9100
00946,群益科技高息成長,526,224,302,群益金鼎,2024-10-11,9100
006205,富邦上証,407,106,301,群益金鼎,2024-10-11,9100
00918,大華優利高填息30,326,28,298,群益金鼎,2024-10-11,9100
00927,群益半導體收益,248,11,237,群益金鼎,2024-10-11,9100
006207,復華滬深,271,37,234,群益金鼎,2024-10-11,9100
00941,中信上游半導體,256,50,206,群益金鼎,2024-10-11,9100
3013,晟銘電,316,116,200,群益金鼎,2024-10-11,9100
4977,眾達-KY,228,28,200,群益金鼎,2024-10-11,9100
00902,中信電池及儲能,200,1,199,群益金鼎,2024-10-11,9100
1216,統一,198,4,194,群益金鼎,2024-10-11,9100
00692,富邦公司治理,194,4,190,群益金鼎,2024-10-11,9100
2609,陽明,177,3,174,群益金鼎,2024-10-11,9100
4906,正文,201,33,168,群益金鼎,2024-10-11,9100
2489,瑞軒,169,18,151,群益金鼎,2024-10-11,9100
00685L,群益臺灣加權正2,129,1,128,群益金鼎,2024-10-11,9100
3605,宏致,141,13,128,群益金鼎,2024-10-11,9100
00638R,元大滬深300反1,127,0,127,群益金鼎,2024-10-11,9100
5871,中租-KY,206,91,115,群益金鼎,2024-10-11,9100
00895,富邦未來車,390,279,111,群益金鼎,2024-10-11,9100
00903,富邦元宇宙,110,0,110,群益金鼎,2024-10-11,9100
00773B,中信優先金融債,106,0,106,群益金鼎,2024-10-11,9100
00636,國泰中國A50,703,597,106,群益金鼎,2024-10-11,9100
2426,鼎元,165,61,104,群益金鼎,2024-10-11,9100
1476,儒鴻,93,0,93,群益金鼎,2024-10-11,9100
3036,文曄,103,10,93,群益金鼎,2024-10-11,9100
8937,合騏,92,1,91,群益金鼎,2024-10-11,9100
00945B,凱基美國非投等債,90,0,90,群益金鼎,2024-10-11,9100
1513,中興電,105,19,86,群益金鼎,2024-10-11,9100
2408,南亞科,252,168,84,群益金鼎,2024-10-11,9100
3545,敦泰,78,0,78,群益金鼎,2024-10-11,9100
4956,光鋐,4158,204,3954,群益金鼎,2024-10-14,9100
00940,元大台灣價值高息,2975,6,2969,群益金鼎,2024-10-14,9100
00830,國泰費城半導體,2366,67,2299,群益金鼎,2024-10-14,9100
00929,復華台灣科技優息,806,99,707,群益金鼎,2024-10-14,9100
00713,元大台灣高息低波,610,2,608,群益金鼎,2024-10-14,9100
00675L,富邦臺灣加權正2,592,7,585,群益金鼎,2024-10-14,9100
2317,鴻海,688,106,582,群益金鼎,2024-10-14,9100
00939,統一台灣高息動能,667,96,571,群益金鼎,2024-10-14,9100
6830,汎銓,555,73,482,群益金鼎,2024-10-14,9100
2540,愛山林,453,6,447,群益金鼎,2024-10-14,9100
3293,鈊象,433,22,411,群益金鼎,2024-10-14,9100
6609,瀧澤科,473,67,406,群益金鼎,2024-10-14,9100
00919,群益台灣精選高息,460,126,334,群益金鼎,2024-10-14,9100
00922,國泰台灣領袖50,470,155,315,群益金鼎,2024-10-14,9100
2393,億光,288,22,266,群益金鼎,2024-10-14,9100
00862B,中信投資級公司債,363,106,257,群益金鼎,2024-10-14,9100
2330,台積電,268,22,246,群益金鼎,2024-10-14,9100
9958,世紀鋼,298,61,237,群益金鼎,2024-10-14,9100
3231,緯創,394,192,202,群益金鼎,2024-10-14,9100
00941,中信上游半導體,211,13,198,群益金鼎,2024-10-14,9100
00902,中信電池及儲能,158,0,158,群益金鼎,2024-10-14,9100
1314,中石化,359,204,155,群益金鼎,2024-10-14,9100
00892,富邦台灣半導體,238,112,126,群益金鼎,2024-10-14,9100
3013,晟銘電,270,145,125,群益金鼎,2024-10-14,9100
00946,群益科技高息成長,222,97,125,群益金鼎,2024-10-14,9100
00926,凱基全球菁英55,204,87,117,群益金鼎,2024-10-14,9100
00685L,群益臺灣加權正2,124,8,116,群益金鼎,2024-10-14,9100
3665,貿聯-KY,126,15,111,群益金鼎,2024-10-14,9100
3374,精材,124,17,107,群益金鼎,2024-10-14,9100
00900,富邦特選高股息30,105,0,105,群益金鼎,2024-10-14,9100
6957,裕慶-KY,105,1,104,群益金鼎,2024-10-14,9100
2408,南亞科,141,40,101,群益金鼎,2024-10-14,9100
00888,永豐台灣ESG,100,0,100,群益金鼎,2024-10-14,9100
2449,京元電子,543,444,99,群益金鼎,2024-10-14,9100
1513,中興電,132,36,96,群益金鼎,2024-10-14,9100
6873,泓德能源,98,6,92,群益金鼎,2024-10-14,9100
3062,建漢,169,83,86,群益金鼎,2024-10-14,9100
2402,毅嘉,101,19,82,群益金鼎,2024-10-14,9100
2388,威盛,228,147,81,群益金鼎,2024-10-14,9100
6763,綠界科技*,82,1,81,群益金鼎,2024-10-14,9100
3227,原相,152,75,77,群益金鼎,2024-10-14,9100
5481,新華,86,11,75,群益金鼎,2024-10-14,9100
6156,松上,84,14,70,群益金鼎,2024-10-14,9100
00715L,期街口布蘭特正2,220,154,66,群益金鼎,2024-10-14,9100
8215,明基材,62,0,62,群益金鼎,2024-10-14,9100
8150,南茂,70,10,60,群益金鼎,2024-10-14,9100
00927,群益半導體收益,64,5,59,群益金鼎,2024-10-14,9100
5483,中美晶,75,16,59,群益金鼎,2024-10-14,9100
00739,元大MSCI A股,56,0,56,群益金鼎,2024-10-14,9100
00638R,元大滬深300反1,54,0,54,群益金鼎,2024-10-14,9100
00940,元大台灣價值高息,10858,1,10857,群益金鼎,2024-10-15,9100
2891,中信金,5915,43,5872,群益金鼎,2024-10-15,9100
00673R,期元大S＆P原油反1,4031,0,4031,群益金鼎,2024-10-15,9100
2889,國票金,1789,11,1778,群益金鼎,2024-10-15,9100
00643,群益深証中小,2239,587,1652,群益金鼎,2024-10-15,9100
2886,兆豐金,1560,0,1560,群益金鼎,2024-10-15,9100
00941,中信上游半導體,1595,151,1444,群益金鼎,2024-10-15,9100
00939,統一台灣高息動能,1422,0,1422,群益金鼎,2024-10-15,9100
00882,中信中國高股息,1324,0,1324,群益金鼎,2024-10-15,9100
2605,新興,1050,32,1018,群益金鼎,2024-10-15,9100
00929,復華台灣科技優息,955,50,905,群益金鼎,2024-10-15,9100
3231,緯創,1085,243,842,群益金鼎,2024-10-15,9100
00633L,富邦上証正2,819,5,814,群益金鼎,2024-10-15,9100
00675L,富邦臺灣加權正2,661,5,656,群益金鼎,2024-10-15,9100
00923,群益台ESG低碳50,671,22,649,群益金鼎,2024-10-15,9100
2486,一詮,763,312,451,群益金鼎,2024-10-15,9100
6138,茂達,445,12,433,群益金鼎,2024-10-15,9100
2601,益航,400,0,400,群益金鼎,2024-10-15,9100
00857B,永豐20年美公債,338,0,338,群益金鼎,2024-10-15,9100
00954,中信日本半導體,301,0,301,群益金鼎,2024-10-15,9100
2809,京城銀,292,3,289,群益金鼎,2024-10-15,9100
4908,前鼎,355,67,288,群益金鼎,2024-10-15,9100
2382,廣達,645,373,272,群益金鼎,2024-10-15,9100
2330,台積電,382,111,271,群益金鼎,2024-10-15,9100
00902,中信電池及儲能,263,0,263,群益金鼎,2024-10-15,9100
00918,大華優利高填息30,263,1,262,群益金鼎,2024-10-15,9100
00878,國泰永續高股息,263,23,240,群益金鼎,2024-10-15,9100
2312,金寶,462,248,214,群益金鼎,2024-10-15,9100
8937,合騏,212,6,206,群益金鼎,2024-10-15,9100
3035,智原,275,69,206,群益金鼎,2024-10-15,9100
00636,國泰中國A50,658,466,192,群益金鼎,2024-10-15,9100
00861,元大全球未來通訊,171,0,171,群益金鼎,2024-10-15,9100
00685L,群益臺灣加權正2,172,5,167,群益金鼎,2024-10-15,9100
00739,元大MSCI A股,175,9,166,群益金鼎,2024-10-15,9100
00655L,國泰中國A50正2,161,2,159,群益金鼎,2024-10-15,9100
3665,貿聯-KY,165,9,156,群益金鼎,2024-10-15,9100
00639,富邦深100,225,74,151,群益金鼎,2024-10-15,9100
8932,智通*,146,1,145,群益金鼎,2024-10-15,9100
00638R,元大滬深300反1,143,0,143,群益金鼎,2024-10-15,9100
5508,永信建,145,5,140,群益金鼎,2024-10-15,9100
00945B,凱基美國非投等債,131,0,131,群益金鼎,2024-10-15,9100
3017,奇鋐,228,97,131,群益金鼎,2024-10-15,9100
0050,元大台灣50,172,60,112,群益金鼎,2024-10-15,9100
3062,建漢,433,322,111,群益金鼎,2024-10-15,9100
2363,矽統,415,312,103,群益金鼎,2024-10-15,9100
6223,旺矽,103,1,102,群益金鼎,2024-10-15,9100
3413,京鼎,104,3,101,群益金鼎,2024-10-15,9100
4551,智伸科,100,0,100,群益金鼎,2024-10-15,9100
3324,雙鴻,193,95,98,群益金鼎,2024-10-15,9100
0056,元大高股息,126,30,96,群益金鼎,2024-10-15,9100
00940,元大台灣價值高息,11459,60,11399,群益金鼎,2024-10-16,9100
00665L,富邦�琤肭磪囓�2,12936,6371,6565,群益金鼎,2024-10-16,9100
2888,新光金,5529,526,5003,群益金鼎,2024-10-16,9100
00948B,中信優息投資級債,3860,24,3836,群益金鼎,2024-10-16,9100
4903,聯光通,2670,19,2651,群益金鼎,2024-10-16,9100
00953B,群益優選非投等債,2449,10,2439,群益金鼎,2024-10-16,9100
00937B,群益ESG投等債20,2662,407,2255,群益金鼎,2024-10-16,9100
2399,映泰,2472,519,1953,群益金鼎,2024-10-16,9100
00632R,元大台灣50反1,1996,494,1502,群益金鼎,2024-10-16,9100
00882,中信中國高股息,1751,251,1500,群益金鼎,2024-10-16,9100
6658,聯策,1481,81,1400,群益金鼎,2024-10-16,9100
00673R,期元大S＆P原油反1,1399,0,1399,群益金鼎,2024-10-16,9100
00772B,中信高評級公司債,1121,20,1101,群益金鼎,2024-10-16,9100
1595,川寶,1000,20,980,群益金鼎,2024-10-16,9100
4562,穎漢,877,5,872,群益金鼎,2024-10-16,9100
00655L,國泰中國A50正2,661,2,659,群益金鼎,2024-10-16,9100
00643,群益深証中小,1566,931,635,群益金鼎,2024-10-16,9100
00751B,元大AAA至A公司債,547,1,546,群益金鼎,2024-10-16,9100
2317,鴻海,629,169,460,群益金鼎,2024-10-16,9100
2382,廣達,841,381,460,群益金鼎,2024-10-16,9100
3062,建漢,518,71,447,群益金鼎,2024-10-16,9100
1802,台玻,561,129,432,群益金鼎,2024-10-16,9100
2388,威盛,481,71,410,群益金鼎,2024-10-16,9100
3711,日月光投控,468,76,392,群益金鼎,2024-10-16,9100
2330,台積電,697,309,388,群益金鼎,2024-10-16,9100
8374,羅昇,456,78,378,群益金鼎,2024-10-16,9100
2882,國泰金,560,193,367,群益金鼎,2024-10-16,9100
9938,百和,401,50,351,群益金鼎,2024-10-16,9100
2504,國產,353,9,344,群益金鼎,2024-10-16,9100
2618,長榮航,410,81,329,群益金鼎,2024-10-16,9100
00713,元大台灣高息低波,327,2,325,群益金鼎,2024-10-16,9100
3017,奇鋐,346,68,278,群益金鼎,2024-10-16,9100
2312,金寶,516,239,277,群益金鼎,2024-10-16,9100
2891,中信金,661,391,270,群益金鼎,2024-10-16,9100
5347,世界,264,33,231,群益金鼎,2024-10-16,9100
2324,仁寶,250,38,212,群益金鼎,2024-10-16,9100
00945B,凱基美國非投等債,447,238,209,群益金鼎,2024-10-16,9100
00857B,永豐20年美公債,200,1,199,群益金鼎,2024-10-16,9100
00942B,台新美A公司債20+,200,1,199,群益金鼎,2024-10-16,9100
00712,復華富時不動產,200,1,199,群益金鼎,2024-10-16,9100
2881,富邦金,350,151,199,群益金鼎,2024-10-16,9100
00696B,富邦美債20年,182,0,182,群益金鼎,2024-10-16,9100
006206,元大上證50,187,10,177,群益金鼎,2024-10-16,9100
2548,華固,175,0,175,群益金鼎,2024-10-16,9100
2376,技嘉,180,21,159,群益金鼎,2024-10-16,9100
00739,元大MSCI A股,161,6,155,群益金鼎,2024-10-16,9100
00862B,中信投資級公司債,300,150,150,群益金鼎,2024-10-16,9100
3209,全科,179,29,150,群益金鼎,2024-10-16,9100
00954,中信日本半導體,300,153,147,群益金鼎,2024-10-16,9100
00687B,國泰20年美債,148,2,146,群益金鼎,2024-10-16,9100
00940,元大台灣價值高息,6991,320,6671,群益金鼎,2024-10-17,9100
00673R,期元大S＆P原油反1,4758,0,4758,群益金鼎,2024-10-17,9100
4510,高鋒,2072,19,2053,群益金鼎,2024-10-17,9100
00882,中信中國高股息,2053,300,1753,群益金鼎,2024-10-17,9100
1540,喬福,1787,67,1720,群益金鼎,2024-10-17,9100
4562,穎漢,2640,1138,1502,群益金鼎,2024-10-17,9100
00939,統一台灣高息動能,1117,1,1116,群益金鼎,2024-10-17,9100
00713,元大台灣高息低波,817,0,817,群益金鼎,2024-10-17,9100
00636,國泰中國A50,966,166,800,群益金鼎,2024-10-17,9100
00948B,中信優息投資級債,727,200,527,群益金鼎,2024-10-17,9100
2891,中信金,685,159,526,群益金鼎,2024-10-17,9100
2883,凱基金,503,10,493,群益金鼎,2024-10-17,9100
4542,科嶠,499,53,446,群益金鼎,2024-10-17,9100
2884,玉山金,523,78,445,群益金鼎,2024-10-17,9100
3231,緯創,424,10,414,群益金鼎,2024-10-17,9100
00952,凱基台灣AI50,633,232,401,群益金鼎,2024-10-17,9100
00957B,兆豐US優選投等債,400,0,400,群益金鼎,2024-10-17,9100
2887,台新金,378,0,378,群益金鼎,2024-10-17,9100
00643,群益深証中小,1005,630,375,群益金鼎,2024-10-17,9100
2890,永豐金,361,0,361,群益金鼎,2024-10-17,9100
00946,群益科技高息成長,391,31,360,群益金鼎,2024-10-17,9100
2886,兆豐金,359,0,359,群益金鼎,2024-10-17,9100
2892,第一金,351,0,351,群益金鼎,2024-10-17,9100
9938,百和,374,40,334,群益金鼎,2024-10-17,9100
5880,合庫金,335,4,331,群益金鼎,2024-10-17,9100
2888,新光金,312,16,296,群益金鼎,2024-10-17,9100
00953B,群益優選非投等債,299,10,289,群益金鼎,2024-10-17,9100
2377,微星,284,10,274,群益金鼎,2024-10-17,9100
00929,復華台灣科技優息,304,54,250,群益金鼎,2024-10-17,9100
3481,群創,307,63,244,群益金鼎,2024-10-17,9100
006205,富邦上証,276,33,243,群益金鼎,2024-10-17,9100
2382,廣達,312,84,228,群益金鼎,2024-10-17,9100
00751B,元大AAA至A公司債,215,6,209,群益金鼎,2024-10-17,9100
00897,富邦基因免疫生技,206,0,206,群益金鼎,2024-10-17,9100
2312,金寶,813,607,206,群益金鼎,2024-10-17,9100
00959B,大華投等美債15Y+,205,0,205,群益金鼎,2024-10-17,9100
00857B,永豐20年美公債,205,0,205,群益金鼎,2024-10-17,9100
1314,中石化,231,27,204,群益金鼎,2024-10-17,9100
00708L,期元大S＆P黃金正2,207,11,196,群益金鼎,2024-10-17,9100
3498,陽程,283,101,182,群益金鼎,2024-10-17,9100
3450,聯鈞,404,227,177,群益金鼎,2024-10-17,9100
00918,大華優利高填息30,180,8,172,群益金鼎,2024-10-17,9100
8069,元太,236,65,171,群益金鼎,2024-10-17,9100
5392,能率,164,4,160,群益金鼎,2024-10-17,9100
3703,欣陸,154,6,148,群益金鼎,2024-10-17,9100
3162,精確,212,70,142,群益金鼎,2024-10-17,9100
2454,聯發科,186,53,133,群益金鼎,2024-10-17,9100
3017,奇鋐,189,66,123,群益金鼎,2024-10-17,9100
00895,富邦未來車,432,310,122,群益金鼎,2024-10-17,9100
4908,前鼎,173,52,121,群益金鼎,2024-10-17,9100
00940,元大台灣價值高息,9680,312,9368,群益金鼎,2024-10-18,9100
2867,三商壽,2814,111,2703,群益金鼎,2024-10-18,9100
00961,FT臺灣永續高息,1788,0,1788,群益金鼎,2024-10-18,9100
00675L,富邦臺灣加權正2,1733,33,1700,群益金鼎,2024-10-18,9100
00905,FT臺灣Smart,1696,73,1623,群益金鼎,2024-10-18,9100
00878,國泰永續高股息,1221,136,1085,群益金鼎,2024-10-18,9100
00939,統一台灣高息動能,1091,55,1036,群益金鼎,2024-10-18,9100
2889,國票金,1042,27,1015,群益金鼎,2024-10-18,9100
00948B,中信優息投資級債,2295,1359,936,群益金鼎,2024-10-18,9100
4576,大銀微系統,943,73,870,群益金鼎,2024-10-18,9100
00919,群益台灣精選高息,1168,414,754,群益金鼎,2024-10-18,9100
1595,川寶,761,27,734,群益金鼎,2024-10-18,9100
3231,緯創,861,176,685,群益金鼎,2024-10-18,9100
00945B,凱基美國非投等債,653,0,653,群益金鼎,2024-10-18,9100
2002,中鋼,623,2,621,群益金鼎,2024-10-18,9100
2880,華南金,560,0,560,群益金鼎,2024-10-18,9100
00895,富邦未來車,795,261,534,群益金鼎,2024-10-18,9100
00923,群益台ESG低碳50,795,286,509,群益金鼎,2024-10-18,9100
00934,中信成長高股息,505,8,497,群益金鼎,2024-10-18,9100
00830,國泰費城半導體,650,167,483,群益金鼎,2024-10-18,9100
2540,愛山林,448,3,445,群益金鼎,2024-10-18,9100
00918,大華優利高填息30,437,5,432,群益金鼎,2024-10-18,9100
2801,彰銀,456,25,431,群益金鼎,2024-10-18,9100
1101,台泥,462,35,427,群益金鼎,2024-10-18,9100
00902,中信電池及儲能,394,0,394,群益金鼎,2024-10-18,9100
2834,臺企銀,416,41,375,群益金鼎,2024-10-18,9100
4904,遠傳,371,6,365,群益金鼎,2024-10-18,9100
00953B,群益優選非投等債,361,0,361,群益金鼎,2024-10-18,9100
2421,建準,496,138,358,群益金鼎,2024-10-18,9100
00633L,富邦上証正2,625,276,349,群益金鼎,2024-10-18,9100
00685L,群益臺灣加權正2,347,9,338,群益金鼎,2024-10-18,9100
1711,永光,364,28,336,群益金鼎,2024-10-18,9100
4561,健椿,338,5,333,群益金鼎,2024-10-18,9100
00876,元大全球5G,276,0,276,群益金鼎,2024-10-18,9100
2412,中華電,275,2,273,群益金鼎,2024-10-18,9100
3045,台灣大,461,201,260,群益金鼎,2024-10-18,9100
00643,群益深証中小,4190,3942,248,群益金鼎,2024-10-18,9100
2312,金寶,805,562,243,群益金鼎,2024-10-18,9100
2332,友訊,258,21,237,群益金鼎,2024-10-18,9100
3481,群創,863,630,233,群益金鼎,2024-10-18,9100
0050,元大台灣50,436,208,228,群益金鼎,2024-10-18,9100
2402,毅嘉,620,394,226,群益金鼎,2024-10-18,9100
00912,中信臺灣智慧50,220,0,220,群益金鼎,2024-10-18,9100
00881,國泰台灣5G+,264,56,208,群益金鼎,2024-10-18,9100
00915,凱基優選高股息30,368,174,194,群益金鼎,2024-10-18,9100
2548,華固,220,27,193,群益金鼎,2024-10-18,9100
00636,國泰中國A50,241,52,189,群益金鼎,2024-10-18,9100
2382,廣達,527,339,188,群益金鼎,2024-10-18,9100
00935,野村臺灣新科技50,189,9,180,群益金鼎,2024-10-18,9100
2812,台中銀,231,55,176,群益金鼎,2024-10-18,9100
00940,元大台灣價值高息,10647,14,10633,群益金鼎,2024-10-21,9100
00673R,期元大S＆P原油反1,2935,0,2935,群益金鼎,2024-10-21,9100
00939,統一台灣高息動能,2624,47,2577,群益金鼎,2024-10-21,9100
1528,恩德,4981,2456,2525,群益金鼎,2024-10-21,9100
00919,群益台灣精選高息,1798,14,1784,群益金鼎,2024-10-21,9100
3290,東浦,1761,32,1729,群益金鼎,2024-10-21,9100
1597,直得,1257,34,1223,群益金鼎,2024-10-21,9100
1595,川寶,2575,1535,1040,群益金鼎,2024-10-21,9100
2637,慧洋-KY,1029,1,1028,群益金鼎,2024-10-21,9100
00934,中信成長高股息,1024,43,981,群益金鼎,2024-10-21,9100
4540,全球傳動,818,39,779,群益金鼎,2024-10-21,9100
006205,富邦上証,805,32,773,群益金鼎,2024-10-21,9100
3354,律勝,765,13,752,群益金鼎,2024-10-21,9100
3581,博磊,719,26,693,群益金鼎,2024-10-21,9100
2867,三商壽,745,59,686,群益金鼎,2024-10-21,9100
3447,展達,688,4,684,群益金鼎,2024-10-21,9100
00636,國泰中國A50,771,104,667,群益金鼎,2024-10-21,9100
3665,貿聯-KY,606,18,588,群益金鼎,2024-10-21,9100
9904,寶成,1015,476,539,群益金鼎,2024-10-21,9100
00881,國泰台灣5G+,514,1,513,群益金鼎,2024-10-21,9100
3715,定穎投控,524,24,500,群益金鼎,2024-10-21,9100
2540,愛山林,500,12,488,群益金鼎,2024-10-21,9100
2495,普安,479,6,473,群益金鼎,2024-10-21,9100
00696B,富邦美債20年,428,0,428,群益金鼎,2024-10-21,9100
00946,群益科技高息成長,428,12,416,群益金鼎,2024-10-21,9100
2891,中信金,937,578,359,群益金鼎,2024-10-21,9100
00892,富邦台灣半導體,404,56,348,群益金鼎,2024-10-21,9100
00675L,富邦臺灣加權正2,310,2,308,群益金鼎,2024-10-21,9100
00941,中信上游半導體,306,1,305,群益金鼎,2024-10-21,9100
6438,迅得,397,107,290,群益金鼎,2024-10-21,9100
00923,群益台ESG低碳50,297,15,282,群益金鼎,2024-10-21,9100
00722B,群益投資級電信債,1425,1179,246,群益金鼎,2024-10-21,9100
2360,致茂,248,14,234,群益金鼎,2024-10-21,9100
00915,凱基優選高股息30,322,92,230,群益金鼎,2024-10-21,9100
00960,野村全球航運龍頭,229,0,229,群益金鼎,2024-10-21,9100
3037,欣興,284,76,208,群益金鼎,2024-10-21,9100
00830,國泰費城半導體,226,21,205,群益金鼎,2024-10-21,9100
6138,茂達,206,1,205,群益金鼎,2024-10-21,9100
3042,晶技,215,12,203,群益金鼎,2024-10-21,9100
3622,洋華,207,5,202,群益金鼎,2024-10-21,9100
3062,建漢,206,6,200,群益金鼎,2024-10-21,9100
2515,中工,228,28,200,群益金鼎,2024-10-21,9100
00648R,元大S＆P500反1,200,1,199,群益金鼎,2024-10-21,9100
3013,晟銘電,807,620,187,群益金鼎,2024-10-21,9100
00918,大華優利高填息30,175,0,175,群益金鼎,2024-10-21,9100
00876,元大全球5G,154,1,153,群益金鼎,2024-10-21,9100
3374,精材,178,26,152,群益金鼎,2024-10-21,9100
00922,國泰台灣領袖50,150,1,149,群益金鼎,2024-10-21,9100
3035,智原,165,19,146,群益金鼎,2024-10-21,9100
2363,矽統,493,350,143,群益金鼎,2024-10-21,9100
00940,元大台灣價值高息,14454,29,14425,群益金鼎,2024-10-22,9100
00673R,期元大S＆P原油反1,11221,0,11221,群益金鼎,2024-10-22,9100
2891,中信金,6180,1152,5028,群益金鼎,2024-10-22,9100
2890,永豐金,4396,0,4396,群益金鼎,2024-10-22,9100
2892,第一金,4060,2,4058,群益金鼎,2024-10-22,9100
2886,兆豐金,3799,0,3799,群益金鼎,2024-10-22,9100
1528,恩德,3680,49,3631,群益金鼎,2024-10-22,9100
00939,統一台灣高息動能,1980,1,1979,群益金鼎,2024-10-22,9100
6405,悅城,2022,229,1793,群益金鼎,2024-10-22,9100
5876,上海商銀,1615,0,1615,群益金鼎,2024-10-22,9100
2201,裕隆,1362,7,1355,群益金鼎,2024-10-22,9100
9904,寶成,971,51,920,群益金鼎,2024-10-22,9100
1319,東陽,908,0,908,群益金鼎,2024-10-22,9100
00934,中信成長高股息,872,0,872,群益金鼎,2024-10-22,9100
00650L,復華香港正2,1571,822,749,群益金鼎,2024-10-22,9100
6005,群益證,754,12,742,群益金鼎,2024-10-22,9100
6151,晉倫,821,139,682,群益金鼎,2024-10-22,9100
00919,群益台灣精選高息,786,115,671,群益金鼎,2024-10-22,9100
1307,三芳,697,26,671,群益金鼎,2024-10-22,9100
00952,凱基台灣AI50,725,150,575,群益金鼎,2024-10-22,9100
00830,國泰費城半導體,541,0,541,群益金鼎,2024-10-22,9100
00929,復華台灣科技優息,731,211,520,群益金鼎,2024-10-22,9100
00664R,國泰臺灣加權反1,497,0,497,群益金鼎,2024-10-22,9100
2889,國票金,527,36,491,群益金鼎,2024-10-22,9100
00960,野村全球航運龍頭,480,0,480,群益金鼎,2024-10-22,9100
2495,普安,520,55,465,群益金鼎,2024-10-22,9100
00953B,群益優選非投等債,619,177,442,群益金鼎,2024-10-22,9100
2317,鴻海,473,51,422,群益金鼎,2024-10-22,9100
00757,統一FANG+,415,0,415,群益金鼎,2024-10-22,9100
2030,彰源,412,0,412,群益金鼎,2024-10-22,9100
00945B,凱基美國非投等債,412,20,392,群益金鼎,2024-10-22,9100
00862B,中信投資級公司債,542,163,379,群益金鼎,2024-10-22,9100
00900,富邦特選高股息30,361,0,361,群益金鼎,2024-10-22,9100
3049,精金,391,36,355,群益金鼎,2024-10-22,9100
2399,映泰,998,666,332,群益金鼎,2024-10-22,9100
2436,偉詮電,331,0,331,群益金鼎,2024-10-22,9100
2880,華南金,315,0,315,群益金鼎,2024-10-22,9100
00957B,兆豐US優選投等債,310,0,310,群益金鼎,2024-10-22,9100
5315,光聯,317,12,305,群益金鼎,2024-10-22,9100
3037,欣興,500,196,304,群益金鼎,2024-10-22,9100
00907,永豐優息存股,303,0,303,群益金鼎,2024-10-22,9100
3021,鴻名,305,3,302,群益金鼎,2024-10-22,9100
00922,國泰台灣領袖50,375,88,287,群益金鼎,2024-10-22,9100
2801,彰銀,278,0,278,群益金鼎,2024-10-22,9100
3520,華盈,276,6,270,群益金鼎,2024-10-22,9100
00955,中信日本商社,250,0,250,群益金鼎,2024-10-22,9100
2618,長榮航,252,10,242,群益金鼎,2024-10-22,9100
2038,海光,241,0,241,群益金鼎,2024-10-22,9100
2477,美隆電,241,1,240,群益金鼎,2024-10-22,9100
00881,國泰台灣5G+,520,286,234,群益金鼎,2024-10-22,9100
00940,元大台灣價值高息,4256,72,4184,群益金鼎,2024-10-23,9100
00715L,期街口布蘭特正2,2864,9,2855,群益金鼎,2024-10-23,9100
00882,中信中國高股息,2684,150,2534,群益金鼎,2024-10-23,9100
00938,凱基優選30,2099,26,2073,群益金鼎,2024-10-23,9100
00664R,國泰臺灣加權反1,1712,44,1668,群益金鼎,2024-10-23,9100
00952,凱基台灣AI50,1066,10,1056,群益金鼎,2024-10-23,9100
00632R,元大台灣50反1,1008,204,804,群益金鼎,2024-10-23,9100
3167,大量,746,31,715,群益金鼎,2024-10-23,9100
3447,展達,664,8,656,群益金鼎,2024-10-23,9100
00945B,凱基美國非投等債,409,5,404,群益金鼎,2024-10-23,9100
00957B,兆豐US優選投等債,401,0,401,群益金鼎,2024-10-23,9100
2809,京城銀,406,9,397,群益金鼎,2024-10-23,9100
2867,三商壽,341,4,337,群益金鼎,2024-10-23,9100
6005,群益證,332,33,299,群益金鼎,2024-10-23,9100
00642U,期元大S＆P石油,256,0,256,群益金鼎,2024-10-23,9100
00944,野村趨勢動能高息,250,0,250,群益金鼎,2024-10-23,9100
00920,富邦ESG綠色電力,218,0,218,群益金鼎,2024-10-23,9100
1528,恩德,11104,10933,171,群益金鼎,2024-10-23,9100
2354,鴻準,188,22,166,群益金鼎,2024-10-23,9100
00902,中信電池及儲能,149,0,149,群益金鼎,2024-10-23,9100
2548,華固,150,2,148,群益金鼎,2024-10-23,9100
6284,佳邦,153,6,147,群益金鼎,2024-10-23,9100
2885,元大金,207,65,142,群益金鼎,2024-10-23,9100
2609,陽明,268,127,141,群益金鼎,2024-10-23,9100
6278,台表科,131,1,130,群益金鼎,2024-10-23,9100
2360,致茂,181,55,126,群益金鼎,2024-10-23,9100
2431,聯昌,132,11,121,群益金鼎,2024-10-23,9100
00903,富邦元宇宙,120,0,120,群益金鼎,2024-10-23,9100
3706,神達,151,39,112,群益金鼎,2024-10-23,9100
3019,亞光,119,8,111,群益金鼎,2024-10-23,9100
2540,愛山林,108,5,103,群益金鼎,2024-10-23,9100
3491,昇達科,105,2,103,群益金鼎,2024-10-23,9100
00773B,中信優先金融債,100,0,100,群益金鼎,2024-10-23,9100
00757,統一FANG+,95,1,94,群益金鼎,2024-10-23,9100
2489,瑞軒,161,77,84,群益金鼎,2024-10-23,9100
00668,國泰美國道瓊,82,0,82,群益金鼎,2024-10-23,9100
2634,漢翔,92,13,79,群益金鼎,2024-10-23,9100
2515,中工,150,75,75,群益金鼎,2024-10-23,9100
2889,國票金,89,16,73,群益金鼎,2024-10-23,9100
5508,永信建,85,13,72,群益金鼎,2024-10-23,9100
2481,強茂,102,31,71,群益金鼎,2024-10-23,9100
2883B,凱基金乙特,70,0,70,群益金鼎,2024-10-23,9100
4979,華星光,86,19,67,群益金鼎,2024-10-23,9100
3219,倚強科,70,4,66,群益金鼎,2024-10-23,9100
4162,智擎,68,7,61,群益金鼎,2024-10-23,9100
2455,全新,75,14,61,群益金鼎,2024-10-23,9100
00892,富邦台灣半導體,63,3,60,群益金鼎,2024-10-23,9100
00861,元大全球未來通訊,60,0,60,群益金鼎,2024-10-23,9100
3013,晟銘電,329,269,60,群益金鼎,2024-10-23,9100
00714,群益道瓊美國地產,160,100,60,群益金鼎,2024-10-23,9100
00940,元大台灣價值高息,14672,53,14619,群益金鼎,2024-10-24,9100
00948B,中信優息投資級債,2651,0,2651,群益金鼎,2024-10-24,9100
00937B,群益ESG投等債20,1699,10,1689,群益金鼎,2024-10-24,9100
2201,裕隆,1335,0,1335,群益金鼎,2024-10-24,9100
2637,慧洋-KY,1009,9,1000,群益金鼎,2024-10-24,9100
8032,光菱,1004,13,991,群益金鼎,2024-10-24,9100
00939,統一台灣高息動能,994,5,989,群益金鼎,2024-10-24,9100
1319,東陽,989,34,955,群益金鼎,2024-10-24,9100
00757,統一FANG+,915,143,772,群益金鼎,2024-10-24,9100
00773B,中信優先金融債,726,0,726,群益金鼎,2024-10-24,9100
4545,銘鈺,753,62,691,群益金鼎,2024-10-24,9100
1307,三芳,674,10,664,群益金鼎,2024-10-24,9100
00953B,群益優選非投等債,642,10,632,群益金鼎,2024-10-24,9100
2889,國票金,655,41,614,群益金鼎,2024-10-24,9100
2809,京城銀,626,16,610,群益金鼎,2024-10-24,9100
00664R,國泰臺灣加權反1,548,0,548,群益金鼎,2024-10-24,9100
00958B,永豐ESG銀行債15,545,0,545,群益金鼎,2024-10-24,9100
0056,元大高股息,523,6,517,群益金鼎,2024-10-24,9100
2354,鴻準,749,244,505,群益金鼎,2024-10-24,9100
00957B,兆豐US優選投等債,504,0,504,群益金鼎,2024-10-24,9100
00891,中信關鍵半導體,558,55,503,群益金鼎,2024-10-24,9100
2504,國產,452,2,450,群益金鼎,2024-10-24,9100
2030,彰源,406,1,405,群益金鼎,2024-10-24,9100
2360,致茂,356,15,341,群益金鼎,2024-10-24,9100
3447,展達,1082,750,332,群益金鼎,2024-10-24,9100
00892,富邦台灣半導體,336,6,330,群益金鼎,2024-10-24,9100
2436,偉詮電,331,5,326,群益金鼎,2024-10-24,9100
2399,映泰,753,453,300,群益金鼎,2024-10-24,9100
00643,群益深証中小,3527,3231,296,群益金鼎,2024-10-24,9100
2351,順德,317,40,277,群益金鼎,2024-10-24,9100
1524,耿鼎,268,23,245,群益金鼎,2024-10-24,9100
2038,海光,239,0,239,群益金鼎,2024-10-24,9100
00942B,台新美A公司債20+,228,0,228,群益金鼎,2024-10-24,9100
4919,新唐,295,68,227,群益金鼎,2024-10-24,9100
2405,輔信,261,38,223,群益金鼎,2024-10-24,9100
2420,新巨,215,6,209,群益金鼎,2024-10-24,9100
00923,群益台ESG低碳50,312,114,198,群益金鼎,2024-10-24,9100
1736,喬山,189,0,189,群益金鼎,2024-10-24,9100
1727,中華化,233,47,186,群益金鼎,2024-10-24,9100
2431,聯昌,419,241,178,群益金鼎,2024-10-24,9100
2477,美隆電,218,48,170,群益金鼎,2024-10-24,9100
00725B,國泰投資級公司債,219,50,169,群益金鼎,2024-10-24,9100
2609,陽明,364,198,166,群益金鼎,2024-10-24,9100
2458,義隆,167,15,152,群益金鼎,2024-10-24,9100
1540,喬福,194,61,133,群益金鼎,2024-10-24,9100
2033,佳大,132,7,125,群益金鼎,2024-10-24,9100
2613,中櫃,125,2,123,群益金鼎,2024-10-24,9100
2495,普安,128,18,110,群益金鼎,2024-10-24,9100
8070,長華*,142,33,109,群益金鼎,2024-10-24,9100
5234,達興材料,219,118,101,群益金鼎,2024-10-24,9100
00940,元大台灣價值高息,15160,10,15150,群益金鼎,2024-10-25,9100
00673R,期元大S＆P原油反1,2949,32,2917,群益金鼎,2024-10-25,9100
3447,展達,2631,480,2151,群益金鼎,2024-10-25,9100
2431,聯昌,1996,348,1648,群益金鼎,2024-10-25,9100
00893,國泰智能電動車,1764,171,1593,群益金鼎,2024-10-25,9100
00929,復華台灣科技優息,1108,50,1058,群益金鼎,2024-10-25,9100
3231,緯創,1301,247,1054,群益金鼎,2024-10-25,9100
2637,慧洋-KY,1052,30,1022,群益金鼎,2024-10-25,9100
2413,環科,1000,0,1000,群益金鼎,2024-10-25,9100
00637L,元大滬深300正2,1921,1073,848,群益金鼎,2024-10-25,9100
00773B,中信優先金融債,806,0,806,群益金鼎,2024-10-25,9100
2477,美隆電,988,209,779,群益金鼎,2024-10-25,9100
00939,統一台灣高息動能,688,10,678,群益金鼎,2024-10-25,9100
00942B,台新美A公司債20+,655,0,655,群益金鼎,2024-10-25,9100
00664R,國泰臺灣加權反1,656,40,616,群益金鼎,2024-10-25,9100
00675L,富邦臺灣加權正2,541,0,541,群益金鼎,2024-10-25,9100
3715,定穎投控,777,267,510,群益金鼎,2024-10-25,9100
00895,富邦未來車,497,6,491,群益金鼎,2024-10-25,9100
2369,菱生,488,29,459,群益金鼎,2024-10-25,9100
2313,華通,375,16,359,群益金鼎,2024-10-25,9100
2890,永豐金,292,0,292,群益金鼎,2024-10-25,9100
8069,元太,306,40,266,群益金鼎,2024-10-25,9100
3035,智原,290,33,257,群益金鼎,2024-10-25,9100
2324,仁寶,253,4,249,群益金鼎,2024-10-25,9100
2302,麗正,248,4,244,群益金鼎,2024-10-25,9100
3034,聯詠,246,6,240,群益金鼎,2024-10-25,9100
6288,聯嘉,237,9,228,群益金鼎,2024-10-25,9100
2885,元大金,254,30,224,群益金鼎,2024-10-25,9100
1402,遠東新,216,0,216,群益金鼎,2024-10-25,9100
2892,第一金,212,0,212,群益金鼎,2024-10-25,9100
00712,復華富時不動產,209,0,209,群益金鼎,2024-10-25,9100
2891,中信金,432,224,208,群益金鼎,2024-10-25,9100
2455,全新,267,62,205,群益金鼎,2024-10-25,9100
3622,洋華,201,1,200,群益金鼎,2024-10-25,9100
2458,義隆,195,16,179,群益金鼎,2024-10-25,9100
2886,兆豐金,181,2,179,群益金鼎,2024-10-25,9100
2303,聯電,555,377,178,群益金鼎,2024-10-25,9100
2312,金寶,237,62,175,群益金鼎,2024-10-25,9100
1101,台泥,185,11,174,群益金鼎,2024-10-25,9100
2356,英業達,181,18,163,群益金鼎,2024-10-25,9100
00905,FT臺灣Smart,154,0,154,群益金鼎,2024-10-25,9100
4935,茂林-KY,154,1,153,群益金鼎,2024-10-25,9100
00643,群益深証中小,3338,3186,152,群益金鼎,2024-10-25,9100
00635U,期元大S＆P黃金,152,0,152,群益金鼎,2024-10-25,9100
5234,達興材料,176,30,146,群益金鼎,2024-10-25,9100
00882,中信中國高股息,174,28,146,群益金鼎,2024-10-25,9100
00876,元大全球5G,145,0,145,群益金鼎,2024-10-25,9100
00722B,群益投資級電信債,1526,1384,142,群益金鼎,2024-10-25,9100
5876,上海商銀,138,0,138,群益金鼎,2024-10-25,9100
2882,國泰金,224,86,138,群益金鼎,2024-10-25,9100
00940,元大台灣價值高息,10957,34,10923,群益金鼎,2024-10-28,9100
00673R,期元大S＆P原油反1,3329,0,3329,群益金鼎,2024-10-28,9100
6156,松上,2850,13,2837,群益金鼎,2024-10-28,9100
1802,台玻,1627,249,1378,群益金鼎,2024-10-28,9100
00893,國泰智能電動車,1587,309,1278,群益金鼎,2024-10-28,9100
2317,鴻海,1212,147,1065,群益金鼎,2024-10-28,9100
00882,中信中國高股息,784,2,782,群益金鼎,2024-10-28,9100
3029,零壹,756,22,734,群益金鼎,2024-10-28,9100
1301,台塑,705,14,691,群益金鼎,2024-10-28,9100
00923,群益台ESG低碳50,664,151,513,群益金鼎,2024-10-28,9100
2308,台達電,627,117,510,群益金鼎,2024-10-28,9100
00939,統一台灣高息動能,547,66,481,群益金鼎,2024-10-28,9100
6821,聯寶,475,0,475,群益金鼎,2024-10-28,9100
00929,復華台灣科技優息,454,20,434,群益金鼎,2024-10-28,9100
4162,智擎,395,14,381,群益金鼎,2024-10-28,9100
00935,野村臺灣新科技50,346,2,344,群益金鼎,2024-10-28,9100
00927,群益半導體收益,899,621,278,群益金鼎,2024-10-28,9100
00675L,富邦臺灣加權正2,358,100,258,群益金鼎,2024-10-28,9100
00669R,國泰美國道瓊反1,225,0,225,群益金鼎,2024-10-28,9100
4569,六方科-KY,400,181,219,群益金鼎,2024-10-28,9100
2885,元大金,296,77,219,群益金鼎,2024-10-28,9100
00892,富邦台灣半導體,330,113,217,群益金鼎,2024-10-28,9100
00902,中信電池及儲能,296,100,196,群益金鼎,2024-10-28,9100
2413,環科,1075,897,178,群益金鼎,2024-10-28,9100
00924,復華S＆P500成長,172,1,171,群益金鼎,2024-10-28,9100
2603,長榮,366,196,170,群益金鼎,2024-10-28,9100
3033,威健,175,9,166,群益金鼎,2024-10-28,9100
3709,鑫聯大投控,164,26,138,群益金鼎,2024-10-28,9100
3597,映興,126,4,122,群益金鼎,2024-10-28,9100
6104,創惟,128,8,120,群益金鼎,2024-10-28,9100
00895,富邦未來車,169,53,116,群益金鼎,2024-10-28,9100
4919,新唐,326,215,111,群益金鼎,2024-10-28,9100
3665,貿聯-KY,113,10,103,群益金鼎,2024-10-28,9100
3189,景碩,290,188,102,群益金鼎,2024-10-28,9100
00864B,中信美國公債0-1,201,101,100,群益金鼎,2024-10-28,9100
2867,三商壽,141,44,97,群益金鼎,2024-10-28,9100
6643,M31,89,1,88,群益金鼎,2024-10-28,9100
3227,原相,90,7,83,群益金鼎,2024-10-28,9100
00674R,期元大S＆P黃金反1,78,0,78,群益金鼎,2024-10-28,9100
2354,鴻準,296,219,77,群益金鼎,2024-10-28,9100
00960,野村全球航運龍頭,72,0,72,群益金鼎,2024-10-28,9100
2352,佳世達,88,24,64,群益金鼎,2024-10-28,9100
3324,雙鴻,123,60,63,群益金鼎,2024-10-28,9100
6451,訊芯-KY,74,12,62,群益金鼎,2024-10-28,9100
00678,群益那斯達克生技,155,101,54,群益金鼎,2024-10-28,9100
4536,拓凱,57,3,54,群益金鼎,2024-10-28,9100
8107,大億金茂,61,8,53,群益金鼎,2024-10-28,9100
3533,嘉澤,55,3,52,群益金鼎,2024-10-28,9100
00785B,富邦金融投等債,50,0,50,群益金鼎,2024-10-28,9100
2312,金寶,262,213,49,群益金鼎,2024-10-28,9100
00664R,國泰臺灣加權反1,5190,800,4390,群益金鼎,2024-10-29,9100
00673R,期元大S＆P原油反1,4299,0,4299,群益金鼎,2024-10-29,9100
00632R,元大台灣50反1,4986,1922,3064,群益金鼎,2024-10-29,9100
2891,中信金,1746,352,1394,群益金鼎,2024-10-29,9100
00637L,元大滬深300正2,1255,40,1215,群益金鼎,2024-10-29,9100
00895,富邦未來車,1096,31,1065,群益金鼎,2024-10-29,9100
2886,兆豐金,1095,30,1065,群益金鼎,2024-10-29,9100
00939,統一台灣高息動能,930,50,880,群益金鼎,2024-10-29,9100
00882,中信中國高股息,1468,620,848,群益金鼎,2024-10-29,9100
2885,元大金,961,136,825,群益金鼎,2024-10-29,9100
3045,台灣大,860,62,798,群益金鼎,2024-10-29,9100
00665L,富邦�琤肭磪囓�2,1480,694,786,群益金鼎,2024-10-29,9100
00893,國泰智能電動車,1284,528,756,群益金鼎,2024-10-29,9100
3711,日月光投控,860,141,719,群益金鼎,2024-10-29,9100
2887,台新金,802,98,704,群益金鼎,2024-10-29,9100
00940,元大台灣價值高息,1070,402,668,群益金鼎,2024-10-29,9100
2890,永豐金,644,1,643,群益金鼎,2024-10-29,9100
5880,合庫金,612,2,610,群益金鼎,2024-10-29,9100
00773B,中信優先金融債,616,19,597,群益金鼎,2024-10-29,9100
2892,第一金,612,20,592,群益金鼎,2024-10-29,9100
2353,宏��,657,92,565,群益金鼎,2024-10-29,9100
2884,玉山金,1010,477,533,群益金鼎,2024-10-29,9100
00712,復華富時不動產,1540,1019,521,群益金鼎,2024-10-29,9100
2882,國泰金,695,187,508,群益金鼎,2024-10-29,9100
2883,凱基金,469,1,468,群益金鼎,2024-10-29,9100
2881,富邦金,605,159,446,群益金鼎,2024-10-29,9100
2867,三商壽,530,89,441,群益金鼎,2024-10-29,9100
00952,凱基台灣AI50,1059,626,433,群益金鼎,2024-10-29,9100
00931B,統一美債20年,499,81,418,群益金鼎,2024-10-29,9100
00725B,國泰投資級公司債,401,0,401,群益金鼎,2024-10-29,9100
00857B,永豐20年美公債,400,0,400,群益金鼎,2024-10-29,9100
00633L,富邦上証正2,371,1,370,群益金鼎,2024-10-29,9100
00864B,中信美國公債0-1,453,101,352,群益金鼎,2024-10-29,9100
00772B,中信高評級公司債,345,0,345,群益金鼎,2024-10-29,9100
00903,富邦元宇宙,440,109,331,群益金鼎,2024-10-29,9100
00687B,國泰20年美債,325,6,319,群益金鼎,2024-10-29,9100
00830,國泰費城半導體,300,7,293,群益金鼎,2024-10-29,9100
9921,巨大,305,18,287,群益金鼎,2024-10-29,9100
00937B,群益ESG投等債20,339,60,279,群益金鼎,2024-10-29,9100
9914,美利達,316,43,273,群益金鼎,2024-10-29,9100
2317,鴻海,804,569,235,群益金鼎,2024-10-29,9100
5876,上海商銀,252,18,234,群益金鼎,2024-10-29,9100
3034,聯詠,290,70,220,群益金鼎,2024-10-29,9100
00650L,復華香港正2,360,142,218,群益金鼎,2024-10-29,9100
2609,陽明,318,105,213,群益金鼎,2024-10-29,9100
00640L,富邦日本正2,206,0,206,群益金鼎,2024-10-29,9100
00897,富邦基因免疫生技,205,0,205,群益金鼎,2024-10-29,9100
2303,聯電,504,304,200,群益金鼎,2024-10-29,9100
00942B,台新美A公司債20+,200,1,199,群益金鼎,2024-10-29,9100
3081,聯亞,197,39,158,群益金鼎,2024-10-29,9100
00673R,期元大S＆P原油反1,2327,0,2327,群益金鼎,2024-10-30,9100
2354,鴻準,1667,487,1180,群益金鼎,2024-10-30,9100
00772B,中信高評級公司債,1107,0,1107,群益金鼎,2024-10-30,9100
00937B,群益ESG投等債20,1111,40,1071,群益金鼎,2024-10-30,9100
00948B,中信優息投資級債,1010,0,1010,群益金鼎,2024-10-30,9100
00940,元大台灣價值高息,980,5,975,群益金鼎,2024-10-30,9100
00757,統一FANG+,935,131,804,群益金鼎,2024-10-30,9100
2889,國票金,719,23,696,群益金鼎,2024-10-30,9100
00664R,國泰臺灣加權反1,612,2,610,群益金鼎,2024-10-30,9100
00764B,群益25年美債,1876,1275,601,群益金鼎,2024-10-30,9100
4904,遠傳,591,1,590,群益金鼎,2024-10-30,9100
00903,富邦元宇宙,491,60,431,群益金鼎,2024-10-30,9100
00895,富邦未來車,418,0,418,群益金鼎,2024-10-30,9100
00939,統一台灣高息動能,395,0,395,群益金鼎,2024-10-30,9100
00725B,國泰投資級公司債,357,0,357,群益金鼎,2024-10-30,9100
00773B,中信優先金融債,351,0,351,群益金鼎,2024-10-30,9100
00795B,中信美國公債20年,1200,876,324,群益金鼎,2024-10-30,9100
00923,群益台ESG低碳50,453,134,319,群益金鼎,2024-10-30,9100
3035,智原,337,20,317,群益金鼎,2024-10-30,9100
00902,中信電池及儲能,316,0,316,群益金鼎,2024-10-30,9100
00862B,中信投資級公司債,397,100,297,群益金鼎,2024-10-30,9100
2809,京城銀,304,10,294,群益金鼎,2024-10-30,9100
2618,長榮航,378,97,281,群益金鼎,2024-10-30,9100
00830,國泰費城半導體,1817,1538,279,群益金鼎,2024-10-30,9100
00952,凱基台灣AI50,262,0,262,群益金鼎,2024-10-30,9100
6005,群益證,262,2,260,群益金鼎,2024-10-30,9100
00951,台新日本半導體,264,10,254,群益金鼎,2024-10-30,9100
00722B,群益投資級電信債,1675,1431,244,群益金鼎,2024-10-30,9100
8070,長華*,266,26,240,群益金鼎,2024-10-30,9100
00675L,富邦臺灣加權正2,263,27,236,群益金鼎,2024-10-30,9100
00915,凱基優選高股息30,269,44,225,群益金鼎,2024-10-30,9100
00888,永豐台灣ESG,203,0,203,群益金鼎,2024-10-30,9100
6821,聯寶,199,13,186,群益金鼎,2024-10-30,9100
00944,野村趨勢動能高息,182,0,182,群益金鼎,2024-10-30,9100
2392,正崴,217,35,182,群益金鼎,2024-10-30,9100
00876,元大全球5G,180,0,180,群益金鼎,2024-10-30,9100
00918,大華優利高填息30,254,100,154,群益金鼎,2024-10-30,9100
2409,友達,279,131,148,群益金鼎,2024-10-30,9100
3037,欣興,421,274,147,群益金鼎,2024-10-30,9100
2634,漢翔,162,17,145,群益金鼎,2024-10-30,9100
2887,台新金,213,90,123,群益金鼎,2024-10-30,9100
00926,凱基全球菁英55,249,132,117,群益金鼎,2024-10-30,9100
2884,玉山金,154,45,109,群益金鼎,2024-10-30,9100
2880,華南金,104,0,104,群益金鼎,2024-10-30,9100
2891,中信金,527,423,104,群益金鼎,2024-10-30,9100
2301,光寶科,118,14,104,群益金鼎,2024-10-30,9100
00692,富邦公司治理,125,22,103,群益金鼎,2024-10-30,9100
00924,復華S＆P500成長,100,0,100,群益金鼎,2024-10-30,9100
3665,貿聯-KY,109,18,91,群益金鼎,2024-10-30,9100
2360,致茂,101,12,89,群益金鼎,2024-10-30,9100
00715L,期街口布蘭特正2,7512,14,7498,群益金鼎,2024-11-01,9100
2303,聯電,7422,683,6739,群益金鼎,2024-11-01,9100
00720B,元大投資級公司債,2651,0,2651,群益金鼎,2024-11-01,9100
00637L,元大滬深300正2,3010,533,2477,群益金鼎,2024-11-01,9100
00939,統一台灣高息動能,2427,50,2377,群益金鼎,2024-11-01,9100
00642U,期元大S＆P石油,2368,0,2368,群益金鼎,2024-11-01,9100
00751B,元大AAA至A公司債,1882,0,1882,群益金鼎,2024-11-01,9100
00772B,中信高評級公司債,1868,0,1868,群益金鼎,2024-11-01,9100
00940,元大台灣價值高息,1767,26,1741,群益金鼎,2024-11-01,9100
2885,元大金,1679,29,1650,群益金鼎,2024-11-01,9100
00673R,期元大S＆P原油反1,1291,0,1291,群益金鼎,2024-11-01,9100
2886,兆豐金,1162,0,1162,群益金鼎,2024-11-01,9100
00937B,群益ESG投等債20,1087,12,1075,群益金鼎,2024-11-01,9100
2882,國泰金,1157,198,959,群益金鼎,2024-11-01,9100
9904,寶成,924,74,850,群益金鼎,2024-11-01,9100
00942B,台新美A公司債20+,800,0,800,群益金鼎,2024-11-01,9100
2454,聯發科,774,28,746,群益金鼎,2024-11-01,9100
2881,富邦金,820,117,703,群益金鼎,2024-11-01,9100
2615,萬海,829,151,678,群益金鼎,2024-11-01,9100
2609,陽明,757,127,630,群益金鼎,2024-11-01,9100
5009,榮剛,602,6,596,群益金鼎,2024-11-01,9100
00650L,復華香港正2,726,140,586,群益金鼎,2024-11-01,9100
2330,台積電,617,48,569,群益金鼎,2024-11-01,9100
00680L,元大美債20正2,519,12,507,群益金鼎,2024-11-01,9100
00882,中信中國高股息,589,87,502,群益金鼎,2024-11-01,9100
00664R,國泰臺灣加權反1,499,0,499,群益金鼎,2024-11-01,9100
3231,緯創,959,467,492,群益金鼎,2024-11-01,9100
00903,富邦元宇宙,483,0,483,群益金鼎,2024-11-01,9100
00633L,富邦上証正2,483,3,480,群益金鼎,2024-11-01,9100
00902,中信電池及儲能,503,50,453,群益金鼎,2024-11-01,9100
3481,群創,708,278,430,群益金鼎,2024-11-01,9100
00881,國泰台灣5G+,868,448,420,群益金鼎,2024-11-01,9100
00948B,中信優息投資級債,410,0,410,群益金鼎,2024-11-01,9100
00773B,中信優先金融債,402,0,402,群益金鼎,2024-11-01,9100
2474,可成,401,12,389,群益金鼎,2024-11-01,9100
6658,聯策,392,9,383,群益金鼎,2024-11-01,9100
00924,復華S＆P500成長,382,0,382,群益金鼎,2024-11-01,9100
00722B,群益投資級電信債,1797,1426,371,群益金鼎,2024-11-01,9100
2412,中華電,359,0,359,群益金鼎,2024-11-01,9100
3045,台灣大,329,5,324,群益金鼎,2024-11-01,9100
5871,中租-KY,369,63,306,群益金鼎,2024-11-01,9100
00665L,富邦�琤肭磪囓�2,785,482,303,群益金鼎,2024-11-01,9100
00862B,中信投資級公司債,361,100,261,群益金鼎,2024-11-01,9100
00892,富邦台灣半導體,508,249,259,群益金鼎,2024-11-01,9100
2382,廣達,292,52,240,群益金鼎,2024-11-01,9100
5347,世界,335,99,236,群益金鼎,2024-11-01,9100
5460,同協,221,7,214,群益金鼎,2024-11-01,9100
6176,瑞儀,318,107,211,群益金鼎,2024-11-01,9100
00724B,群益投資級金融債,2795,2600,195,群益金鼎,2024-11-01,9100
6278,台表科,179,14,165,群益金鼎,2024-11-01,9100
00940,元大台灣價值高息,4790,3,4787,群益金鼎,2024-11-04,9100
00948B,中信優息投資級債,3972,0,3972,群益金鼎,2024-11-04,9100
00715L,期街口布蘭特正2,3747,0,3747,群益金鼎,2024-11-04,9100
00632R,元大台灣50反1,2509,622,1887,群益金鼎,2024-11-04,9100
00931B,統一美債20年,2154,328,1826,群益金鼎,2024-11-04,9100
2891,中信金,1500,13,1487,群益金鼎,2024-11-04,9100
00772B,中信高評級公司債,1433,30,1403,群益金鼎,2024-11-04,9100
00937B,群益ESG投等債20,1417,57,1360,群益金鼎,2024-11-04,9100
00893,國泰智能電動車,2133,778,1355,群益金鼎,2024-11-04,9100
00929,復華台灣科技優息,2276,1032,1244,群益金鼎,2024-11-04,9100
2354,鴻準,1898,818,1080,群益金鼎,2024-11-04,9100
00720B,元大投資級公司債,956,0,956,群益金鼎,2024-11-04,9100
00773B,中信優先金融債,1130,197,933,群益金鼎,2024-11-04,9100
2317,鴻海,1251,400,851,群益金鼎,2024-11-04,9100
00751B,元大AAA至A公司債,687,0,687,群益金鼎,2024-11-04,9100
4903,聯光通,790,119,671,群益金鼎,2024-11-04,9100
00719B,元大美債1-3,599,1,598,群益金鼎,2024-11-04,9100
00665L,富邦�琤肭磪囓�2,1595,1025,570,群益金鼎,2024-11-04,9100
00725B,國泰投資級公司債,538,0,538,群益金鼎,2024-11-04,9100
00939,統一台灣高息動能,507,42,465,群益金鼎,2024-11-04,9100
00933B,國泰10Y+金融債,458,0,458,群益金鼎,2024-11-04,9100
00697B,元大美債7-10,449,0,449,群益金鼎,2024-11-04,9100
00635U,期元大S＆P黃金,427,20,407,群益金鼎,2024-11-04,9100
00757,統一FANG+,424,20,404,群益金鼎,2024-11-04,9100
00942B,台新美A公司債20+,401,0,401,群益金鼎,2024-11-04,9100
8047,星雲,370,1,369,群益金鼎,2024-11-04,9100
2449,京元電子,402,40,362,群益金鼎,2024-11-04,9100
00646,元大S＆P500,637,301,336,群益金鼎,2024-11-04,9100
00642U,期元大S＆P石油,329,0,329,群益金鼎,2024-11-04,9100
00897,富邦基因免疫生技,324,0,324,群益金鼎,2024-11-04,9100
00675L,富邦臺灣加權正2,409,128,281,群益金鼎,2024-11-04,9100
00795B,中信美國公債20年,1399,1121,278,群益金鼎,2024-11-04,9100
00864B,中信美國公債0-1,528,250,278,群益金鼎,2024-11-04,9100
00918,大華優利高填息30,323,50,273,群益金鼎,2024-11-04,9100
6431,光麗-KY,241,0,241,群益金鼎,2024-11-04,9100
00900,富邦特選高股息30,217,0,217,群益金鼎,2024-11-04,9100
00902,中信電池及儲能,210,0,210,群益金鼎,2024-11-04,9100
3049,精金,225,20,205,群益金鼎,2024-11-04,9100
00862B,中信投資級公司債,350,152,198,群益金鼎,2024-11-04,9100
2345,智邦,237,47,190,群益金鼎,2024-11-04,9100
8215,明基材,186,9,177,群益金鼎,2024-11-04,9100
5460,同協,413,236,177,群益金鼎,2024-11-04,9100
00961,FT臺灣永續高息,171,0,171,群益金鼎,2024-11-04,9100
00954,中信日本半導體,171,0,171,群益金鼎,2024-11-04,9100
2610,華航,442,283,159,群益金鼎,2024-11-04,9100
8213,志超,154,1,153,群益金鼎,2024-11-04,9100
00708L,期元大S＆P黃金正2,149,0,149,群益金鼎,2024-11-04,9100
8932,智通*,196,51,145,群益金鼎,2024-11-04,9100
2409,友達,269,128,141,群益金鼎,2024-11-04,9100
00903,富邦元宇宙,320,180,140,群益金鼎,2024-11-04,9100
00632R,元大台灣50反1,7842,526,7316,群益金鼎,2024-11-05,9100
00715L,期街口布蘭特正2,4516,0,4516,群益金鼎,2024-11-05,9100
00637L,元大滬深300正2,2876,295,2581,群益金鼎,2024-11-05,9100
2891,中信金,2608,103,2505,群益金鼎,2024-11-05,9100
00931B,統一美債20年,2023,0,2023,群益金鼎,2024-11-05,9100
00764B,群益25年美債,4402,2525,1877,群益金鼎,2024-11-05,9100
00642U,期元大S＆P石油,1436,0,1436,群益金鼎,2024-11-05,9100
00939,統一台灣高息動能,1430,144,1286,群益金鼎,2024-11-05,9100
00893,國泰智能電動車,1326,151,1175,群益金鼎,2024-11-05,9100
2431,聯昌,1142,44,1098,群益金鼎,2024-11-05,9100
2881,富邦金,1014,10,1004,群益金鼎,2024-11-05,9100
4904,遠傳,890,0,890,群益金鼎,2024-11-05,9100
00664R,國泰臺灣加權反1,1300,420,880,群益金鼎,2024-11-05,9100
00650L,復華香港正2,1456,721,735,群益金鼎,2024-11-05,9100
00882,中信中國高股息,698,77,621,群益金鼎,2024-11-05,9100
3231,緯創,723,147,576,群益金鼎,2024-11-05,9100
3264,欣銓,571,6,565,群益金鼎,2024-11-05,9100
00957B,兆豐US優選投等債,537,0,537,群益金鼎,2024-11-05,9100
00712,復華富時不動產,516,0,516,群益金鼎,2024-11-05,9100
3702,大聯大,532,31,501,群益金鼎,2024-11-05,9100
2609,陽明,745,264,481,群益金鼎,2024-11-05,9100
00773B,中信優先金融債,455,0,455,群益金鼎,2024-11-05,9100
6257,矽格,459,8,451,群益金鼎,2024-11-05,9100
00633L,富邦上証正2,457,75,382,群益金鼎,2024-11-05,9100
8150,南茂,381,0,381,群益金鼎,2024-11-05,9100
00686R,群益臺灣加權反1,371,0,371,群益金鼎,2024-11-05,9100
2382,廣達,387,40,347,群益金鼎,2024-11-05,9100
8932,智通*,349,26,323,群益金鼎,2024-11-05,9100
8215,明基材,317,0,317,群益金鼎,2024-11-05,9100
00940,元大台灣價值高息,320,5,315,群益金鼎,2024-11-05,9100
8046,南電,296,48,248,群益金鼎,2024-11-05,9100
00958B,永豐ESG銀行債15,231,0,231,群益金鼎,2024-11-05,9100
00753L,中信中國50正2,372,142,230,群益金鼎,2024-11-05,9100
00902,中信電池及儲能,221,0,221,群益金鼎,2024-11-05,9100
00945B,凱基美國非投等債,216,0,216,群益金鼎,2024-11-05,9100
8261,富鼎,228,29,199,群益金鼎,2024-11-05,9100
2377,微星,211,14,197,群益金鼎,2024-11-05,9100
6182,合晶,197,0,197,群益金鼎,2024-11-05,9100
00635U,期元大S＆P黃金,261,65,196,群益金鼎,2024-11-05,9100
00738U,期元大道瓊白銀,241,54,187,群益金鼎,2024-11-05,9100
00903,富邦元宇宙,182,0,182,群益金鼎,2024-11-05,9100
6147,頎邦,188,12,176,群益金鼎,2024-11-05,9100
00956,中信日經高股息,197,23,174,群益金鼎,2024-11-05,9100
9924,福興,172,1,171,群益金鼎,2024-11-05,9100
5371,中光電,165,1,164,群益金鼎,2024-11-05,9100
00708L,期元大S＆P黃金正2,218,58,160,群益金鼎,2024-11-05,9100
6269,台郡,154,0,154,群益金鼎,2024-11-05,9100
2615,萬海,832,682,150,群益金鼎,2024-11-05,9100
2330,台積電,331,183,148,群益金鼎,2024-11-05,9100
00917,中信特選金融,124,0,124,群益金鼎,2024-11-05,9100
00940,元大台灣價值高息,8710,27,8683,群益金鼎,2024-11-06,9100
00715L,期街口布蘭特正2,5523,113,5410,群益金鼎,2024-11-06,9100
2409,友達,2502,140,2362,群益金鼎,2024-11-06,9100
2014,中鴻,2028,69,1959,群益金鼎,2024-11-06,9100
2002,中鋼,1872,53,1819,群益金鼎,2024-11-06,9100
00939,統一台灣高息動能,1240,68,1172,群益金鼎,2024-11-06,9100
3231,緯創,1246,320,926,群益金鼎,2024-11-06,9100
00642U,期元大S＆P石油,920,10,910,群益金鼎,2024-11-06,9100
2330,台積電,1022,185,837,群益金鼎,2024-11-06,9100
00882,中信中國高股息,847,154,693,群益金鼎,2024-11-06,9100
00934,中信成長高股息,648,1,647,群益金鼎,2024-11-06,9100
00919,群益台灣精選高息,595,9,586,群益金鼎,2024-11-06,9100
00927,群益半導體收益,1043,540,503,群益金鼎,2024-11-06,9100
00752,中信中國50,500,1,499,群益金鼎,2024-11-06,9100
00954,中信日本半導體,709,284,425,群益金鼎,2024-11-06,9100
00757,統一FANG+,1444,1019,425,群益金鼎,2024-11-06,9100
00929,復華台灣科技優息,468,62,406,群益金鼎,2024-11-06,9100
00952,凱基台灣AI50,513,154,359,群益金鼎,2024-11-06,9100
1802,台玻,466,131,335,群益金鼎,2024-11-06,9100
2317,鴻海,413,81,332,群益金鼎,2024-11-06,9100
2312,金寶,770,482,288,群益金鼎,2024-11-06,9100
2421,建準,284,2,282,群益金鼎,2024-11-06,9100
00902,中信電池及儲能,469,193,276,群益金鼎,2024-11-06,9100
2451,創見,285,10,275,群益金鼎,2024-11-06,9100
3010,華立,256,0,256,群益金鼎,2024-11-06,9100
00949,復華日本龍頭,251,1,250,群益金鼎,2024-11-06,9100
00633L,富邦上証正2,283,40,243,群益金鼎,2024-11-06,9100
2458,義隆,227,8,219,群益金鼎,2024-11-06,9100
2345,智邦,226,12,214,群益金鼎,2024-11-06,9100
00899,FT潔淨能源,196,0,196,群益金鼎,2024-11-06,9100
00956,中信日經高股息,483,300,183,群益金鼎,2024-11-06,9100
2354,鴻準,1011,830,181,群益金鼎,2024-11-06,9100
1712,興農,174,0,174,群益金鼎,2024-11-06,9100
0052,富邦科技,213,40,173,群益金鼎,2024-11-06,9100
3303,岱稜,185,20,165,群益金鼎,2024-11-06,9100
00830,國泰費城半導體,3452,3304,148,群益金鼎,2024-11-06,9100
00957B,兆豐US優選投等債,146,0,146,群益金鼎,2024-11-06,9100
2352,佳世達,146,1,145,群益金鼎,2024-11-06,9100
6451,訊芯-KY,151,8,143,群益金鼎,2024-11-06,9100
2356,英業達,831,688,143,群益金鼎,2024-11-06,9100
3013,晟銘電,469,328,141,群益金鼎,2024-11-06,9100
00924,復華S＆P500成長,287,152,135,群益金鼎,2024-11-06,9100
00943,兆豐電子高息等權,160,31,129,群益金鼎,2024-11-06,9100
00935,野村臺灣新科技50,144,19,125,群益金鼎,2024-11-06,9100
0050,元大台灣50,388,263,125,群益金鼎,2024-11-06,9100
2449,京元電子,255,131,124,群益金鼎,2024-11-06,9100
00900,富邦特選高股息30,120,1,119,群益金鼎,2024-11-06,9100
00917,中信特選金融,119,0,119,群益金鼎,2024-11-06,9100
00738U,期元大道瓊白銀,210,101,109,群益金鼎,2024-11-06,9100
1815,富喬,221,113,108,群益金鼎,2024-11-06,9100
00940,元大台灣價值高息,5467,19,5448,群益金鼎,2024-11-07,9100
00637L,元大滬深300正2,3892,240,3652,群益金鼎,2024-11-07,9100
00715L,期街口布蘭特正2,4146,544,3602,群益金鼎,2024-11-07,9100
00632R,元大台灣50反1,1670,1,1669,群益金鼎,2024-11-07,9100
00664R,國泰臺灣加權反1,1086,0,1086,群益金鼎,2024-11-07,9100
1308,亞聚,1085,5,1080,群益金鼎,2024-11-07,9100
00648R,元大S＆P500反1,1200,221,979,群益金鼎,2024-11-07,9100
2409,友達,960,67,893,群益金鼎,2024-11-07,9100
2313,華通,874,67,807,群益金鼎,2024-11-07,9100
00713,元大台灣高息低波,806,12,794,群益金鼎,2024-11-07,9100
2014,中鴻,885,149,736,群益金鼎,2024-11-07,9100
2002,中鋼,806,105,701,群益金鼎,2024-11-07,9100
3231,緯創,924,224,700,群益金鼎,2024-11-07,9100
2330,台積電,690,29,661,群益金鼎,2024-11-07,9100
00882,中信中國高股息,1135,522,613,群益金鼎,2024-11-07,9100
2303,聯電,776,207,569,群益金鼎,2024-11-07,9100
1712,興農,555,0,555,群益金鼎,2024-11-07,9100
2352,佳世達,551,4,547,群益金鼎,2024-11-07,9100
3481,群創,566,34,532,群益金鼎,2024-11-07,9100
6438,迅得,593,63,530,群益金鼎,2024-11-07,9100
3015,全漢,521,3,518,群益金鼎,2024-11-07,9100
00671R,富邦NASDAQ反1,510,0,510,群益金鼎,2024-11-07,9100
2451,創見,498,1,497,群益金鼎,2024-11-07,9100
1102,亞泥,507,11,496,群益金鼎,2024-11-07,9100
2317,鴻海,763,268,495,群益金鼎,2024-11-07,9100
00675L,富邦臺灣加權正2,549,67,482,群益金鼎,2024-11-07,9100
2520,冠德,471,3,468,群益金鼎,2024-11-07,9100
2312,金寶,1081,617,464,群益金鼎,2024-11-07,9100
00938,凱基優選30,549,112,437,群益金鼎,2024-11-07,9100
3010,華立,407,0,407,群益金鼎,2024-11-07,9100
00712,復華富時不動產,406,0,406,群益金鼎,2024-11-07,9100
2606,裕民,413,17,396,群益金鼎,2024-11-07,9100
00751B,元大AAA至A公司債,400,9,391,群益金鼎,2024-11-07,9100
1326,台化,364,1,363,群益金鼎,2024-11-07,9100
00674R,期元大S＆P黃金反1,356,0,356,群益金鼎,2024-11-07,9100
1303,南亞,359,6,353,群益金鼎,2024-11-07,9100
3037,欣興,508,181,327,群益金鼎,2024-11-07,9100
00909,國泰數位支付服務,400,76,324,群益金鼎,2024-11-07,9100
00893,國泰智能電動車,475,152,323,群益金鼎,2024-11-07,9100
9958,世紀鋼,452,134,318,群益金鼎,2024-11-07,9100
00902,中信電池及儲能,308,0,308,群益金鼎,2024-11-07,9100
00942B,台新美A公司債20+,322,15,307,群益金鼎,2024-11-07,9100
1301,台塑,306,4,302,群益金鼎,2024-11-07,9100
2006,東和鋼鐵,292,2,290,群益金鼎,2024-11-07,9100
3374,精材,423,137,286,群益金鼎,2024-11-07,9100
00918,大華優利高填息30,280,1,279,群益金鼎,2024-11-07,9100
6781,AES-KY,282,11,271,群益金鼎,2024-11-07,9100
00924,復華S＆P500成長,313,43,270,群益金鼎,2024-11-07,9100
2332,友訊,270,8,262,群益金鼎,2024-11-07,9100
00956,中信日經高股息,236,0,236,群益金鼎,2024-11-07,9100
00940,元大台灣價值高息,7021,26,6995,群益金鼎,2024-11-08,9100
00648R,元大S＆P500反1,2205,0,2205,群益金鼎,2024-11-08,9100
00637L,元大滬深300正2,2481,640,1841,群益金鼎,2024-11-08,9100
0050,元大台灣50,1722,74,1648,群益金鼎,2024-11-08,9100
00715L,期街口布蘭特正2,1851,231,1620,群益金鼎,2024-11-08,9100
3231,緯創,1963,392,1571,群益金鼎,2024-11-08,9100
00687B,國泰20年美債,1474,46,1428,群益金鼎,2024-11-08,9100
2881,富邦金,1319,13,1306,群益金鼎,2024-11-08,9100
00931B,統一美債20年,1250,12,1238,群益金鼎,2024-11-08,9100
2002,中鋼,1286,91,1195,群益金鼎,2024-11-08,9100
2885,元大金,1181,6,1175,群益金鼎,2024-11-08,9100
00688L,國泰20年美債正2,1092,15,1077,群益金鼎,2024-11-08,9100
2330,台積電,1192,195,997,群益金鼎,2024-11-08,9100
00679B,元大美債20年,1150,177,973,群益金鼎,2024-11-08,9100
00671R,富邦NASDAQ反1,859,0,859,群益金鼎,2024-11-08,9100
3706,神達,833,78,755,群益金鼎,2024-11-08,9100
00893,國泰智能電動車,1198,455,743,群益金鼎,2024-11-08,9100
00882,中信中國高股息,732,4,728,群益金鼎,2024-11-08,9100
00720B,元大投資級公司債,719,0,719,群益金鼎,2024-11-08,9100
00909,國泰數位支付服務,1286,569,717,群益金鼎,2024-11-08,9100
00633L,富邦上証正2,739,29,710,群益金鼎,2024-11-08,9100
00680L,元大美債20正2,1055,379,676,群益金鼎,2024-11-08,9100
2886,兆豐金,646,12,634,群益金鼎,2024-11-08,9100
00933B,國泰10Y+金融債,626,0,626,群益金鼎,2024-11-08,9100
00929,復華台灣科技優息,843,252,591,群益金鼎,2024-11-08,9100
00950B,凱基A級公司債,591,0,591,群益金鼎,2024-11-08,9100
00939,統一台灣高息動能,620,57,563,群益金鼎,2024-11-08,9100
2891,中信金,874,328,546,群益金鼎,2024-11-08,9100
00675L,富邦臺灣加權正2,547,18,529,群益金鼎,2024-11-08,9100
00912,中信臺灣智慧50,461,0,461,群益金鼎,2024-11-08,9100
00857B,永豐20年美公債,415,0,415,群益金鼎,2024-11-08,9100
2603,長榮,445,31,414,群益金鼎,2024-11-08,9100
3303,岱稜,543,149,394,群益金鼎,2024-11-08,9100
00952,凱基台灣AI50,503,122,381,群益金鼎,2024-11-08,9100
00642U,期元大S＆P石油,340,0,340,群益金鼎,2024-11-08,9100
00946,群益科技高息成長,347,18,329,群益金鼎,2024-11-08,9100
2882,國泰金,474,146,328,群益金鼎,2024-11-08,9100
2615,萬海,446,131,315,群益金鼎,2024-11-08,9100
2317,鴻海,611,296,315,群益金鼎,2024-11-08,9100
00632R,元大台灣50反1,302,0,302,群益金鼎,2024-11-08,9100
2356,英業達,641,340,301,群益金鼎,2024-11-08,9100
4915,致伸,308,8,300,群益金鼎,2024-11-08,9100
00905,FT臺灣Smart,296,0,296,群益金鼎,2024-11-08,9100
00958B,永豐ESG銀行債15,295,0,295,群益金鼎,2024-11-08,9100
3702,大聯大,290,12,278,群益金鼎,2024-11-08,9100
3374,精材,612,335,277,群益金鼎,2024-11-08,9100
00927,群益半導體收益,356,81,275,群益金鼎,2024-11-08,9100
4919,新唐,295,25,270,群益金鼎,2024-11-08,9100
00895,富邦未來車,300,69,231,群益金鼎,2024-11-08,9100
4904,遠傳,232,5,227,群益金鼎,2024-11-08,9100
00940,元大台灣價值高息,4979,112,4867,群益金鼎,2024-11-11,9100
00632R,元大台灣50反1,4540,2022,2518,群益金鼎,2024-11-11,9100
00680L,元大美債20正2,2468,30,2438,群益金鼎,2024-11-11,9100
00929,復華台灣科技優息,1481,17,1464,群益金鼎,2024-11-11,9100
00959B,大華投等美債15Y+,1740,400,1340,群益金鼎,2024-11-11,9100
00861,元大全球未來通訊,1290,0,1290,群益金鼎,2024-11-11,9100
00927,群益半導體收益,1420,247,1173,群益金鼎,2024-11-11,9100
2881,富邦金,1190,100,1090,群益金鼎,2024-11-11,9100
3703,欣陸,1056,10,1046,群益金鼎,2024-11-11,9100
6182,合晶,1046,36,1010,群益金鼎,2024-11-11,9100
00939,統一台灣高息動能,982,0,982,群益金鼎,2024-11-11,9100
8215,明基材,967,6,961,群益金鼎,2024-11-11,9100
2354,鴻準,1451,705,746,群益金鼎,2024-11-11,9100
00961,FT臺灣永續高息,664,0,664,群益金鼎,2024-11-11,9100
00671R,富邦NASDAQ反1,600,0,600,群益金鼎,2024-11-11,9100
9924,福興,587,2,585,群益金鼎,2024-11-11,9100
3015,全漢,546,6,540,群益金鼎,2024-11-11,9100
3264,欣銓,524,4,520,群益金鼎,2024-11-11,9100
00712,復華富時不動產,504,1,503,群益金鼎,2024-11-11,9100
2409,友達,712,244,468,群益金鼎,2024-11-11,9100
00938,凱基優選30,441,6,435,群益金鼎,2024-11-11,9100
5522,遠雄,424,2,422,群益金鼎,2024-11-11,9100
2615,萬海,1068,668,400,群益金鼎,2024-11-11,9100
00688L,國泰20年美債正2,400,0,400,群益金鼎,2024-11-11,9100
3702,大聯大,473,89,384,群益金鼎,2024-11-11,9100
2880,華南金,381,11,370,群益金鼎,2024-11-11,9100
6147,頎邦,360,14,346,群益金鼎,2024-11-11,9100
00952,凱基台灣AI50,336,0,336,群益金鼎,2024-11-11,9100
9904,寶成,377,49,328,群益金鼎,2024-11-11,9100
00944,野村趨勢動能高息,300,5,295,群益金鼎,2024-11-11,9100
2884,玉山金,292,1,291,群益金鼎,2024-11-11,9100
5871,中租-KY,313,45,268,群益金鼎,2024-11-11,9100
2891,中信金,614,365,249,群益金鼎,2024-11-11,9100
3014,聯陽,249,2,247,群益金鼎,2024-11-11,9100
00830,國泰費城半導體,306,60,246,群益金鼎,2024-11-11,9100
5009,榮剛,265,27,238,群益金鼎,2024-11-11,9100
2383,台光電,243,17,226,群益金鼎,2024-11-11,9100
00633L,富邦上証正2,652,427,225,群益金鼎,2024-11-11,9100
00932,兆豐永續高息等權,225,1,224,群益金鼎,2024-11-11,9100
8046,南電,250,28,222,群益金鼎,2024-11-11,9100
2618,長榮航,348,128,220,群益金鼎,2024-11-11,9100
2303,聯電,535,322,213,群益金鼎,2024-11-11,9100
00946,群益科技高息成長,305,104,201,群益金鼎,2024-11-11,9100
00708L,期元大S＆P黃金正2,200,2,198,群益金鼎,2024-11-11,9100
00897,富邦基因免疫生技,198,0,198,群益金鼎,2024-11-11,9100
00882,中信中國高股息,263,66,197,群益金鼎,2024-11-11,9100
2886,兆豐金,198,2,196,群益金鼎,2024-11-11,9100
00935,野村臺灣新科技50,194,1,193,群益金鼎,2024-11-11,9100
00923,群益台ESG低碳50,691,499,192,群益金鼎,2024-11-11,9100
6176,瑞儀,207,16,191,群益金鼎,2024-11-11,9100
00673R,期元大S＆P原油反1,10859,0,10859,群益金鼎,2024-11-12,9100
00637L,元大滬深300正2,6870,126,6744,群益金鼎,2024-11-12,9100
00632R,元大台灣50反1,6716,1510,5206,群益金鼎,2024-11-12,9100
00679B,元大美債20年,5453,706,4747,群益金鼎,2024-11-12,9100
00959B,大華投等美債15Y+,4685,349,4336,群益金鼎,2024-11-12,9100
00720B,元大投資級公司債,3449,13,3436,群益金鼎,2024-11-12,9100
00940,元大台灣價值高息,3146,1,3145,群益金鼎,2024-11-12,9100
00751B,元大AAA至A公司債,2002,0,2002,群益金鼎,2024-11-12,9100
00830,國泰費城半導體,2313,674,1639,群益金鼎,2024-11-12,9100
00662,富邦NASDAQ,1543,0,1543,群益金鼎,2024-11-12,9100
00937B,群益ESG投等債20,2126,772,1354,群益金鼎,2024-11-12,9100
00882,中信中國高股息,1431,415,1016,群益金鼎,2024-11-12,9100
00664R,國泰臺灣加權反1,1008,0,1008,群益金鼎,2024-11-12,9100
4931,新盛力,1002,61,941,群益金鼎,2024-11-12,9100
00757,統一FANG+,1501,582,919,群益金鼎,2024-11-12,9100
3706,神達,1630,727,903,群益金鼎,2024-11-12,9100
2540,愛山林,787,6,781,群益金鼎,2024-11-12,9100
00688L,國泰20年美債正2,748,0,748,群益金鼎,2024-11-12,9100
2330,台積電,861,162,699,群益金鼎,2024-11-12,9100
00633L,富邦上証正2,921,270,651,群益金鼎,2024-11-12,9100
2883,凱基金,646,0,646,群益金鼎,2024-11-12,9100
2891,中信金,1087,457,630,群益金鼎,2024-11-12,9100
2886,兆豐金,618,123,495,群益金鼎,2024-11-12,9100
5871,中租-KY,419,42,377,群益金鼎,2024-11-12,9100
00902,中信電池及儲能,626,250,376,群益金鼎,2024-11-12,9100
2915,潤泰全,387,15,372,群益金鼎,2024-11-12,9100
00671R,富邦NASDAQ反1,405,59,346,群益金鼎,2024-11-12,9100
00903,富邦元宇宙,317,0,317,群益金鼎,2024-11-12,9100
2303,聯電,700,384,316,群益金鼎,2024-11-12,9100
00956,中信日經高股息,305,0,305,群益金鼎,2024-11-12,9100
00712,復華富時不動產,790,504,286,群益金鼎,2024-11-12,9100
9904,寶成,362,90,272,群益金鼎,2024-11-12,9100
00852L,國泰美國道瓊正2,261,0,261,群益金鼎,2024-11-12,9100
00753L,中信中國50正2,370,110,260,群益金鼎,2024-11-12,9100
00646,元大S＆P500,500,248,252,群益金鼎,2024-11-12,9100
8210,勤誠,280,29,251,群益金鼎,2024-11-12,9100
6176,瑞儀,245,3,242,群益金鼎,2024-11-12,9100
00773B,中信優先金融債,234,0,234,群益金鼎,2024-11-12,9100
4979,華星光,264,31,233,群益金鼎,2024-11-12,9100
2002,中鋼,429,201,228,群益金鼎,2024-11-12,9100
6278,台表科,195,12,183,群益金鼎,2024-11-12,9100
2892,第一金,190,10,180,群益金鼎,2024-11-12,9100
2884,玉山金,302,130,172,群益金鼎,2024-11-12,9100
00896,中信綠能及電動車,170,5,165,群益金鼎,2024-11-12,9100
2885,元大金,207,49,158,群益金鼎,2024-11-12,9100
00643,群益深証中小,3250,3104,146,群益金鼎,2024-11-12,9100
5434,崇越,150,5,145,群益金鼎,2024-11-12,9100
2605,新興,183,43,140,群益金鼎,2024-11-12,9100
5880,合庫金,140,0,140,群益金鼎,2024-11-12,9100
1303,南亞,139,0,139,群益金鼎,2024-11-12,9100
00940,元大台灣價值高息,7661,9,7652,群益金鼎,2024-11-13,9100
2892,第一金,6458,0,6458,群益金鼎,2024-11-13,9100
2890,永豐金,4926,0,4926,群益金鼎,2024-11-13,9100
00673R,期元大S＆P原油反1,4867,0,4867,群益金鼎,2024-11-13,9100
2885,元大金,4273,163,4110,群益金鼎,2024-11-13,9100
2891,中信金,3924,494,3430,群益金鼎,2024-11-13,9100
2886,兆豐金,2941,53,2888,群益金鼎,2024-11-13,9100
2882,國泰金,2580,603,1977,群益金鼎,2024-11-13,9100
00773B,中信優先金融債,1848,5,1843,群益金鼎,2024-11-13,9100
00662,富邦NASDAQ,3000,1250,1750,群益金鼎,2024-11-13,9100
00929,復華台灣科技優息,1263,55,1208,群益金鼎,2024-11-13,9100
00893,國泰智能電動車,1323,190,1133,群益金鼎,2024-11-13,9100
00637L,元大滬深300正2,1142,41,1101,群益金鼎,2024-11-13,9100
00939,統一台灣高息動能,1113,51,1062,群益金鼎,2024-11-13,9100
00665L,富邦�琤肭磪囓�2,1402,350,1052,群益金鼎,2024-11-13,9100
00632R,元大台灣50反1,1024,0,1024,群益金鼎,2024-11-13,9100
00909,國泰數位支付服務,1225,619,606,群益金鼎,2024-11-13,9100
00937B,群益ESG投等債20,1743,1139,604,群益金鼎,2024-11-13,9100
00862B,中信投資級公司債,574,150,424,群益金鼎,2024-11-13,9100
00942B,台新美A公司債20+,400,0,400,群益金鼎,2024-11-13,9100
00643,群益深証中小,3698,3345,353,群益金鼎,2024-11-13,9100
3034,聯詠,391,59,332,群益金鼎,2024-11-13,9100
2455,全新,337,30,307,群益金鼎,2024-11-13,9100
00725B,國泰投資級公司債,303,0,303,群益金鼎,2024-11-13,9100
00852L,國泰美國道瓊正2,312,11,301,群益金鼎,2024-11-13,9100
3211,順達,441,155,286,群益金鼎,2024-11-13,9100
5871,中租-KY,361,75,286,群益金鼎,2024-11-13,9100
00946,群益科技高息成長,288,19,269,群益金鼎,2024-11-13,9100
00900,富邦特選高股息30,258,0,258,群益金鼎,2024-11-13,9100
00633L,富邦上証正2,312,59,253,群益金鼎,2024-11-13,9100
2412,中華電,252,2,250,群益金鼎,2024-11-13,9100
00671R,富邦NASDAQ反1,249,0,249,群益金鼎,2024-11-13,9100
00903,富邦元宇宙,214,0,214,群益金鼎,2024-11-13,9100
00892,富邦台灣半導體,214,0,214,群益金鼎,2024-11-13,9100
00958B,永豐ESG銀行債15,206,0,206,群益金鼎,2024-11-13,9100
6176,瑞儀,217,14,203,群益金鼎,2024-11-13,9100
00923,群益台ESG低碳50,425,226,199,群益金鼎,2024-11-13,9100
00753L,中信中國50正2,393,226,167,群益金鼎,2024-11-13,9100
00679B,元大美債20年,192,30,162,群益金鼎,2024-11-13,9100
5483,中美晶,173,12,161,群益金鼎,2024-11-13,9100
2002,中鋼,199,45,154,群益金鼎,2024-11-13,9100
2303,聯電,390,243,147,群益金鼎,2024-11-13,9100
00692,富邦公司治理,365,218,147,群益金鼎,2024-11-13,9100
3711,日月光投控,173,34,139,群益金鼎,2024-11-13,9100
6859,伯特光,121,0,121,群益金鼎,2024-11-13,9100
00722B,群益投資級電信債,1554,1433,121,群益金鼎,2024-11-13,9100
2308,台達電,143,23,120,群益金鼎,2024-11-13,9100
2354,鴻準,950,832,118,群益金鼎,2024-11-13,9100
2317,鴻海,152,34,118,群益金鼎,2024-11-13,9100
5876,上海商銀,117,1,116,群益金鼎,2024-11-13,9100
00673R,期元大S＆P原油反1,3018,0,3018,群益金鼎,2024-11-14,9100
2356,英業達,3043,332,2711,群益金鼎,2024-11-14,9100
00830,國泰費城半導體,2949,456,2493,群益金鼎,2024-11-14,9100
00637L,元大滬深300正2,2293,122,2171,群益金鼎,2024-11-14,9100
2303,聯電,2467,351,2116,群益金鼎,2024-11-14,9100
00963,中信全球高股息,1758,0,1758,群益金鼎,2024-11-14,9100
00964,中信亞太高股息,1321,0,1321,群益金鼎,2024-11-14,9100
00938,凱基優選30,1585,641,944,群益金鼎,2024-11-14,9100
2377,微星,955,24,931,群益金鼎,2024-11-14,9100
00757,統一FANG+,983,174,809,群益金鼎,2024-11-14,9100
2540,愛山林,762,0,762,群益金鼎,2024-11-14,9100
00646,元大S＆P500,1000,353,647,群益金鼎,2024-11-14,9100
5876,上海商銀,642,0,642,群益金鼎,2024-11-14,9100
2409,友達,743,121,622,群益金鼎,2024-11-14,9100
00902,中信電池及儲能,624,17,607,群益金鼎,2024-11-14,9100
00942B,台新美A公司債20+,600,0,600,群益金鼎,2024-11-14,9100
00940,元大台灣價值高息,652,116,536,群益金鼎,2024-11-14,9100
00961,FT臺灣永續高息,517,0,517,群益金鼎,2024-11-14,9100
2385,群光,516,25,491,群益金鼎,2024-11-14,9100
2889,國票金,533,52,481,群益金鼎,2024-11-14,9100
2330,台積電,611,167,444,群益金鼎,2024-11-14,9100
3711,日月光投控,629,186,443,群益金鼎,2024-11-14,9100
0056,元大高股息,457,15,442,群益金鼎,2024-11-14,9100
2880,華南金,417,0,417,群益金鼎,2024-11-14,9100
00882,中信中國高股息,548,150,398,群益金鼎,2024-11-14,9100
2376,技嘉,506,155,351,群益金鼎,2024-11-14,9100
00954,中信日本半導體,396,54,342,群益金鼎,2024-11-14,9100
00632R,元大台灣50反1,941,600,341,群益金鼎,2024-11-14,9100
9914,美利達,358,23,335,群益金鼎,2024-11-14,9100
2884,玉山金,392,72,320,群益金鼎,2024-11-14,9100
2379,瑞昱,334,15,319,群益金鼎,2024-11-14,9100
00903,富邦元宇宙,307,0,307,群益金鼎,2024-11-14,9100
00892,富邦台灣半導體,302,7,295,群益金鼎,2024-11-14,9100
00881,國泰台灣5G+,547,276,271,群益金鼎,2024-11-14,9100
00955,中信日本商社,265,0,265,群益金鼎,2024-11-14,9100
2809,京城銀,267,4,263,群益金鼎,2024-11-14,9100
3413,京鼎,283,28,255,群益金鼎,2024-11-14,9100
00676R,富邦臺灣加權反1,240,0,240,群益金鼎,2024-11-14,9100
00945B,凱基美國非投等債,415,179,236,群益金鼎,2024-11-14,9100
2883,凱基金,207,0,207,群益金鼎,2024-11-14,9100
2504,國產,256,66,190,群益金鼎,2024-11-14,9100
2454,聯發科,281,100,181,群益金鼎,2024-11-14,9100
006208,富邦台50,253,77,176,群益金鼎,2024-11-14,9100
3481,群創,654,481,173,群益金鼎,2024-11-14,9100
9904,寶成,305,145,160,群益金鼎,2024-11-14,9100
00922,國泰台灣領袖50,500,341,159,群益金鼎,2024-11-14,9100
2382,廣達,389,236,153,群益金鼎,2024-11-14,9100
2345,智邦,186,35,151,群益金鼎,2024-11-14,9100
00652,富邦印度,142,0,142,群益金鼎,2024-11-14,9100
3090,日電貿,167,29,138,群益金鼎,2024-11-14,9100
00940,元大台灣價值高息,4372,17,4355,群益金鼎,2024-11-15,9100
2303,聯電,4008,171,3837,群益金鼎,2024-11-15,9100
00963,中信全球高股息,2349,0,2349,群益金鼎,2024-11-15,9100
00680L,元大美債20正2,1869,5,1864,群益金鼎,2024-11-15,9100
9904,寶成,1503,125,1378,群益金鼎,2024-11-15,9100
00953B,群益優選非投等債,1833,517,1316,群益金鼎,2024-11-15,9100
00939,統一台灣高息動能,1060,50,1010,群益金鼎,2024-11-15,9100
00964,中信亞太高股息,1012,100,912,群益金鼎,2024-11-15,9100
00945B,凱基美國非投等債,1113,207,906,群益金鼎,2024-11-15,9100
00795B,中信美國公債20年,803,0,803,群益金鼎,2024-11-15,9100
00665L,富邦�琤肭磪囓�2,2365,1650,715,群益金鼎,2024-11-15,9100
5876,上海商銀,601,0,601,群益金鼎,2024-11-15,9100
2354,鴻準,1284,721,563,群益金鼎,2024-11-15,9100
00650L,復華香港正2,862,339,523,群益金鼎,2024-11-15,9100
00686R,群益臺灣加權反1,484,0,484,群益金鼎,2024-11-15,9100
00919,群益台灣精選高息,492,60,432,群益金鼎,2024-11-15,9100
00632R,元大台灣50反1,421,2,419,群益金鼎,2024-11-15,9100
00757,統一FANG+,402,0,402,群益金鼎,2024-11-15,9100
00942B,台新美A公司債20+,401,0,401,群益金鼎,2024-11-15,9100
2883,凱基金,401,0,401,群益金鼎,2024-11-15,9100
3447,展達,1126,744,382,群益金鼎,2024-11-15,9100
00722B,群益投資級電信債,1790,1427,363,群益金鼎,2024-11-15,9100
00946,群益科技高息成長,591,269,322,群益金鼎,2024-11-15,9100
00679B,元大美債20年,550,234,316,群益金鼎,2024-11-15,9100
00673R,期元大S＆P原油反1,305,0,305,群益金鼎,2024-11-15,9100
00646,元大S＆P500,292,0,292,群益金鼎,2024-11-15,9100
1442,名軒,323,38,285,群益金鼎,2024-11-15,9100
00719B,元大美債1-3,401,120,281,群益金鼎,2024-11-15,9100
00903,富邦元宇宙,251,0,251,群益金鼎,2024-11-15,9100
00862B,中信投資級公司債,351,100,251,群益金鼎,2024-11-15,9100
00956,中信日經高股息,241,0,241,群益金鼎,2024-11-15,9100
00882,中信中國高股息,242,10,232,群益金鼎,2024-11-15,9100
00688L,國泰20年美債正2,224,0,224,群益金鼎,2024-11-15,9100
00696B,富邦美債20年,217,0,217,群益金鼎,2024-11-15,9100
00697B,元大美債7-10,204,0,204,群益金鼎,2024-11-15,9100
00929,復華台灣科技優息,318,114,204,群益金鼎,2024-11-15,9100
00937B,群益ESG投等債20,173,0,173,群益金鼎,2024-11-15,9100
2881,富邦金,243,81,162,群益金鼎,2024-11-15,9100
4956,光鋐,197,45,152,群益金鼎,2024-11-15,9100
2312,金寶,2420,2269,151,群益金鼎,2024-11-15,9100
2609,陽明,167,30,137,群益金鼎,2024-11-15,9100
0056,元大高股息,132,5,127,群益金鼎,2024-11-15,9100
00952,凱基台灣AI50,253,127,126,群益金鼎,2024-11-15,9100
3088,艾訊,143,20,123,群益金鼎,2024-11-15,9100
00674R,期元大S＆P黃金反1,119,0,119,群益金鼎,2024-11-15,9100
2383,台光電,154,36,118,群益金鼎,2024-11-15,9100
00772B,中信高評級公司債,114,0,114,群益金鼎,2024-11-15,9100
00905,FT臺灣Smart,109,1,108,群益金鼎,2024-11-15,9100
4971,IET-KY,111,5,106,群益金鼎,2024-11-15,9100
6194,育富,100,0,100,群益金鼎,2024-11-15,9100
5876,上海商銀,4326,8,4318,群益金鼎,2024-11-18,9100
00665L,富邦�琤肭磪囓�2,4667,355,4312,群益金鼎,2024-11-18,9100
2303,聯電,3703,46,3657,群益金鼎,2024-11-18,9100
2105,正新,3181,313,2868,群益金鼎,2024-11-18,9100
00637L,元大滬深300正2,2591,29,2562,群益金鼎,2024-11-18,9100
00650L,復華香港正2,2533,0,2533,群益金鼎,2024-11-18,9100
5347,世界,2451,217,2234,群益金鼎,2024-11-18,9100
00941,中信上游半導體,2056,1,2055,群益金鼎,2024-11-18,9100
00633L,富邦上証正2,1853,34,1819,群益金鼎,2024-11-18,9100
00963,中信全球高股息,1410,0,1410,群益金鼎,2024-11-18,9100
2889,國票金,1040,15,1025,群益金鼎,2024-11-18,9100
00632R,元大台灣50反1,1817,800,1017,群益金鼎,2024-11-18,9100
00882,中信中國高股息,1380,559,821,群益金鼎,2024-11-18,9100
2540,愛山林,656,2,654,群益金鼎,2024-11-18,9100
2883,凱基金,624,2,622,群益金鼎,2024-11-18,9100
3481,群創,759,156,603,群益金鼎,2024-11-18,9100
6558,興能高,565,44,521,群益金鼎,2024-11-18,9100
00719B,元大美債1-3,503,1,502,群益金鼎,2024-11-18,9100
00940,元大台灣價值高息,469,3,466,群益金鼎,2024-11-18,9100
00960,野村全球航運龍頭,450,1,449,群益金鼎,2024-11-18,9100
2002,中鋼,501,57,444,群益金鼎,2024-11-18,9100
2880,華南金,509,101,408,群益金鼎,2024-11-18,9100
8104,錸寶,405,21,384,群益金鼎,2024-11-18,9100
00956,中信日經高股息,347,0,347,群益金鼎,2024-11-18,9100
2409,友達,437,99,338,群益金鼎,2024-11-18,9100
00655L,國泰中國A50正2,314,0,314,群益金鼎,2024-11-18,9100
00892,富邦台灣半導體,312,2,310,群益金鼎,2024-11-18,9100
2317,鴻海,498,218,280,群益金鼎,2024-11-18,9100
1101,台泥,310,49,261,群益金鼎,2024-11-18,9100
00964,中信亞太高股息,906,655,251,群益金鼎,2024-11-18,9100
2504,國產,264,24,240,群益金鼎,2024-11-18,9100
00680L,元大美債20正2,241,6,235,群益金鼎,2024-11-18,9100
00929,復華台灣科技優息,1166,945,221,群益金鼎,2024-11-18,9100
00864B,中信美國公債0-1,320,100,220,群益金鼎,2024-11-18,9100
00900,富邦特選高股息30,253,42,211,群益金鼎,2024-11-18,9100
00651R,復華香港反1,198,0,198,群益金鼎,2024-11-18,9100
00903,富邦元宇宙,198,1,197,群益金鼎,2024-11-18,9100
1216,統一,233,41,192,群益金鼎,2024-11-18,9100
2915,潤泰全,201,9,192,群益金鼎,2024-11-18,9100
3231,緯創,501,309,192,群益金鼎,2024-11-18,9100
2324,仁寶,266,79,187,群益金鼎,2024-11-18,9100
5871,中租-KY,270,96,174,群益金鼎,2024-11-18,9100
00899,FT潔淨能源,174,0,174,群益金鼎,2024-11-18,9100
1303,南亞,225,63,162,群益金鼎,2024-11-18,9100
00918,大華優利高填息30,191,32,159,群益金鼎,2024-11-18,9100
2412,中華電,151,0,151,群益金鼎,2024-11-18,9100
2382,廣達,445,300,145,群益金鼎,2024-11-18,9100
00917,中信特選金融,145,0,145,群益金鼎,2024-11-18,9100
00907,永豐優息存股,164,20,144,群益金鼎,2024-11-18,9100
3042,晶技,140,3,137,群益金鼎,2024-11-18,9100
00715L,期街口布蘭特正2,3750,11,3739,群益金鼎,2024-11-19,9100
5347,世界,2019,116,1903,群益金鼎,2024-11-19,9100
2303,聯電,2269,570,1699,群益金鼎,2024-11-19,9100
3034,聯詠,1396,15,1381,群益金鼎,2024-11-19,9100
2609,陽明,1436,140,1296,群益金鼎,2024-11-19,9100
2312,金寶,1840,607,1233,群益金鼎,2024-11-19,9100
00882,中信中國高股息,1330,108,1222,群益金鼎,2024-11-19,9100
00935,野村臺灣新科技50,1000,1,999,群益金鼎,2024-11-19,9100
2379,瑞昱,674,6,668,群益金鼎,2024-11-19,9100
00830,國泰費城半導體,2319,1660,659,群益金鼎,2024-11-19,9100
2889,國票金,666,15,651,群益金鼎,2024-11-19,9100
00960,野村全球航運龍頭,584,6,578,群益金鼎,2024-11-19,9100
00713,元大台灣高息低波,763,230,533,群益金鼎,2024-11-19,9100
00676R,富邦臺灣加權反1,499,0,499,群益金鼎,2024-11-19,9100
00764B,群益25年美債,4001,3540,461,群益金鼎,2024-11-19,9100
2504,國產,432,23,409,群益金鼎,2024-11-19,9100
00941,中信上游半導體,400,0,400,群益金鼎,2024-11-19,9100
00936,台新永續高息中小,400,10,390,群益金鼎,2024-11-19,9100
00688L,國泰20年美債正2,373,0,373,群益金鼎,2024-11-19,9100
2383,台光電,353,19,334,群益金鼎,2024-11-19,9100
2809,京城銀,311,21,290,群益金鼎,2024-11-19,9100
00946,群益科技高息成長,514,232,282,群益金鼎,2024-11-19,9100
00948B,中信優息投資級債,400,128,272,群益金鼎,2024-11-19,9100
00940,元大台灣價值高息,282,13,269,群益金鼎,2024-11-19,9100
00942B,台新美A公司債20+,243,0,243,群益金鼎,2024-11-19,9100
00927,群益半導體收益,365,136,229,群益金鼎,2024-11-19,9100
9938,百和,242,14,228,群益金鼎,2024-11-19,9100
6239,力成,212,7,205,群益金鼎,2024-11-19,9100
2603,長榮,240,72,168,群益金鼎,2024-11-19,9100
00903,富邦元宇宙,167,1,166,群益金鼎,2024-11-19,9100
5876,上海商銀,159,2,157,群益金鼎,2024-11-19,9100
00900,富邦特選高股息30,216,60,156,群益金鼎,2024-11-19,9100
00964,中信亞太高股息,352,200,152,群益金鼎,2024-11-19,9100
006205,富邦上証,210,62,148,群益金鼎,2024-11-19,9100
3017,奇鋐,195,49,146,群益金鼎,2024-11-19,9100
00773B,中信優先金融債,132,1,131,群益金鼎,2024-11-19,9100
00724B,群益投資級金融債,2950,2823,127,群益金鼎,2024-11-19,9100
4979,華星光,140,21,119,群益金鼎,2024-11-19,9100
3032,偉訓,231,113,118,群益金鼎,2024-11-19,9100
1216,統一,142,29,113,群益金鼎,2024-11-19,9100
006207,復華滬深,110,0,110,群益金鼎,2024-11-19,9100
00943,兆豐電子高息等權,308,205,103,群益金鼎,2024-11-19,9100
00899,FT潔淨能源,102,0,102,群益金鼎,2024-11-19,9100
2436,偉詮電,90,0,90,群益金鼎,2024-11-19,9100
00938,凱基優選30,85,2,83,群益金鼎,2024-11-19,9100
4127,天良,80,0,80,群益金鼎,2024-11-19,9100
00642U,期元大S＆P石油,78,0,78,群益金鼎,2024-11-19,9100
00917,中信特選金融,77,0,77,群益金鼎,2024-11-19,9100
3005,神基,81,4,77,群益金鼎,2024-11-19,9100
00939,統一台灣高息動能,125,51,74,群益金鼎,2024-11-19,9100
00715L,期街口布蘭特正2,4297,0,4297,群益金鼎,2024-11-20,9100
00680L,元大美債20正2,1860,245,1615,群益金鼎,2024-11-20,9100
00940,元大台灣價值高息,1497,52,1445,群益金鼎,2024-11-20,9100
00637L,元大滬深300正2,868,125,743,群益金鼎,2024-11-20,9100
00632R,元大台灣50反1,686,30,656,群益金鼎,2024-11-20,9100
2540,愛山林,654,0,654,群益金鼎,2024-11-20,9100
00665L,富邦�琤肭磪囓�2,1874,1244,630,群益金鼎,2024-11-20,9100
00671R,富邦NASDAQ反1,593,0,593,群益金鼎,2024-11-20,9100
2609,陽明,1181,595,586,群益金鼎,2024-11-20,9100
00939,統一台灣高息動能,871,312,559,群益金鼎,2024-11-20,9100
00650L,復華香港正2,531,0,531,群益金鼎,2024-11-20,9100
2633,台灣高鐵,693,174,519,群益金鼎,2024-11-20,9100
00957B,兆豐US優選投等債,500,0,500,群益金鼎,2024-11-20,9100
00935,野村臺灣新科技50,506,15,491,群益金鼎,2024-11-20,9100
2891,中信金,574,118,456,群益金鼎,2024-11-20,9100
00642U,期元大S＆P石油,451,0,451,群益金鼎,2024-11-20,9100
00905,FT臺灣Smart,415,0,415,群益金鼎,2024-11-20,9100
00639,富邦深100,419,6,413,群益金鼎,2024-11-20,9100
00964,中信亞太高股息,788,389,399,群益金鼎,2024-11-20,9100
2330,台積電,536,241,295,群益金鼎,2024-11-20,9100
00902,中信電池及儲能,256,0,256,群益金鼎,2024-11-20,9100
2444,兆勁,237,0,237,群益金鼎,2024-11-20,9100
006206,元大上證50,238,18,220,群益金鼎,2024-11-20,9100
00961,FT臺灣永續高息,219,0,219,群益金鼎,2024-11-20,9100
2455,全新,231,19,212,群益金鼎,2024-11-20,9100
00636,國泰中國A50,220,16,204,群益金鼎,2024-11-20,9100
00633L,富邦上証正2,235,50,185,群益金鼎,2024-11-20,9100
00922,國泰台灣領袖50,190,6,184,群益金鼎,2024-11-20,9100
2498,宏達電,203,19,184,群益金鼎,2024-11-20,9100
2382,廣達,368,193,175,群益金鼎,2024-11-20,9100
2371,大同,242,72,170,群益金鼎,2024-11-20,9100
00697B,元大美債7-10,153,0,153,群益金鼎,2024-11-20,9100
1569,濱川,779,639,140,群益金鼎,2024-11-20,9100
5425,台半,133,0,133,群益金鼎,2024-11-20,9100
00937B,群益ESG投等債20,154,22,132,群益金鼎,2024-11-20,9100
2312,金寶,560,428,132,群益金鼎,2024-11-20,9100
4127,天良,124,0,124,群益金鼎,2024-11-20,9100
5876,上海商銀,128,6,122,群益金鼎,2024-11-20,9100
00915,凱基優選高股息30,203,84,119,群益金鼎,2024-11-20,9100
00724B,群益投資級金融債,1485,1373,112,群益金鼎,2024-11-20,9100
2363,矽統,112,2,110,群益金鼎,2024-11-20,9100
2317,鴻海,150,42,108,群益金鼎,2024-11-20,9100
5534,長虹,111,13,98,群益金鼎,2024-11-20,9100
00688L,國泰20年美債正2,98,0,98,群益金鼎,2024-11-20,9100
00909,國泰數位支付服務,256,159,97,群益金鼎,2024-11-20,9100
1101,台泥,119,24,95,群益金鼎,2024-11-20,9100
00876,元大全球5G,97,3,94,群益金鼎,2024-11-20,9100
00652,富邦印度,90,0,90,群益金鼎,2024-11-20,9100
2332,友訊,136,46,90,群益金鼎,2024-11-20,9100
2027,大成鋼,206,118,88,群益金鼎,2024-11-20,9100
2303,聯電,15778,17,15761,群益金鼎,2024-11-21,9100
2105,正新,6422,2,6420,群益金鼎,2024-11-21,9100
2356,英業達,5332,61,5271,群益金鼎,2024-11-21,9100
00679B,元大美債20年,2513,2,2511,群益金鼎,2024-11-21,9100
1802,台玻,4524,2375,2149,群益金鼎,2024-11-21,9100
2376,技嘉,1763,51,1712,群益金鼎,2024-11-21,9100
3323,加百裕,1045,8,1037,群益金鼎,2024-11-21,9100
00715L,期街口布蘭特正2,944,0,944,群益金鼎,2024-11-21,9100
2409,友達,994,70,924,群益金鼎,2024-11-21,9100
2504,國產,782,11,771,群益金鼎,2024-11-21,9100
00882,中信中國高股息,668,22,646,群益金鼎,2024-11-21,9100
2317,鴻海,648,17,631,群益金鼎,2024-11-21,9100
2883,凱基金,616,0,616,群益金鼎,2024-11-21,9100
00671R,富邦NASDAQ反1,1000,411,589,群益金鼎,2024-11-21,9100
00945B,凱基美國非投等債,572,0,572,群益金鼎,2024-11-21,9100
1815,富喬,624,63,561,群益金鼎,2024-11-21,9100
00935,野村臺灣新科技50,501,0,501,群益金鼎,2024-11-21,9100
00795B,中信美國公債20年,501,0,501,群益金鼎,2024-11-21,9100
2455,全新,532,44,488,群益金鼎,2024-11-21,9100
2884,玉山金,555,78,477,群益金鼎,2024-11-21,9100
00929,復華台灣科技優息,544,76,468,群益金鼎,2024-11-21,9100
00919,群益台灣精選高息,519,51,468,群益金鼎,2024-11-21,9100
00650L,復華香港正2,474,10,464,群益金鼎,2024-11-21,9100
00687B,國泰20年美債,471,9,462,群益金鼎,2024-11-21,9100
00895,富邦未來車,826,366,460,群益金鼎,2024-11-21,9100
2887,台新金,528,73,455,群益金鼎,2024-11-21,9100
2002,中鋼,457,14,443,群益金鼎,2024-11-21,9100
6558,興能高,437,3,434,群益金鼎,2024-11-21,9100
00773B,中信優先金融債,423,0,423,群益金鼎,2024-11-21,9100
2880,華南金,1015,600,415,群益金鼎,2024-11-21,9100
00665L,富邦�琤肭磪囓�2,668,337,331,群益金鼎,2024-11-21,9100
2886,兆豐金,320,6,314,群益金鼎,2024-11-21,9100
00725B,國泰投資級公司債,285,0,285,群益金鼎,2024-11-21,9100
00939,統一台灣高息動能,286,2,284,群益金鼎,2024-11-21,9100
00960,野村全球航運龍頭,296,12,284,群益金鼎,2024-11-21,9100
1101,台泥,282,20,262,群益金鼎,2024-11-21,9100
2412,中華電,243,0,243,群益金鼎,2024-11-21,9100
00722B,群益投資級電信債,2471,2250,221,群益金鼎,2024-11-21,9100
00893,國泰智能電動車,301,85,216,群益金鼎,2024-11-21,9100
00724B,群益投資級金融債,2740,2535,205,群益金鼎,2024-11-21,9100
00918,大華優利高填息30,204,0,204,群益金鼎,2024-11-21,9100
00899,FT潔淨能源,203,0,203,群益金鼎,2024-11-21,9100
1216,統一,188,0,188,群益金鼎,2024-11-21,9100
2852,第一保,181,0,181,群益金鼎,2024-11-21,9100
3702,大聯大,221,41,180,群益金鼎,2024-11-21,9100
3548,兆利,197,19,178,群益金鼎,2024-11-21,9100
00680L,元大美債20正2,179,1,178,群益金鼎,2024-11-21,9100
00902,中信電池及儲能,177,0,177,群益金鼎,2024-11-21,9100
00940,元大台灣價值高息,171,2,169,群益金鼎,2024-11-21,9100
3019,亞光,207,39,168,群益金鼎,2024-11-21,9100
00632R,元大台灣50反1,12175,0,12175,群益金鼎,2024-11-22,9100
00715L,期街口布蘭特正2,6568,10,6558,群益金鼎,2024-11-22,9100
00940,元大台灣價值高息,4512,0,4512,群益金鼎,2024-11-22,9100
1815,富喬,3752,575,3177,群益金鼎,2024-11-22,9100
00662,富邦NASDAQ,3007,883,2124,群益金鼎,2024-11-22,9100
00680L,元大美債20正2,2490,443,2047,群益金鼎,2024-11-22,9100
2312,金寶,2600,601,1999,群益金鼎,2024-11-22,9100
00642U,期元大S＆P石油,1757,0,1757,群益金鼎,2024-11-22,9100
00939,統一台灣高息動能,1619,0,1619,群益金鼎,2024-11-22,9100
00953B,群益優選非投等債,2054,758,1296,群益金鼎,2024-11-22,9100
00688L,國泰20年美債正2,1512,451,1061,群益金鼎,2024-11-22,9100
00919,群益台灣精選高息,1017,52,965,群益金鼎,2024-11-22,9100
00650L,復華香港正2,953,208,745,群益金鼎,2024-11-22,9100
00679B,元大美債20年,737,24,713,群益金鼎,2024-11-22,9100
5309,系統電,811,123,688,群益金鼎,2024-11-22,9100
2540,愛山林,659,4,655,群益金鼎,2024-11-22,9100
00713,元大台灣高息低波,622,3,619,群益金鼎,2024-11-22,9100
2354,鴻準,974,385,589,群益金鼎,2024-11-22,9100
00687B,國泰20年美債,844,296,548,群益金鼎,2024-11-22,9100
00931B,統一美債20年,547,0,547,群益金鼎,2024-11-22,9100
2233,宇隆,546,9,537,群益金鼎,2024-11-22,9100
00669R,國泰美國道瓊反1,450,0,450,群益金鼎,2024-11-22,9100
2371,大同,1083,670,413,群益金鼎,2024-11-22,9100
3231,緯創,473,101,372,群益金鼎,2024-11-22,9100
00643,群益深証中小,1784,1421,363,群益金鼎,2024-11-22,9100
2308,台達電,398,42,356,群益金鼎,2024-11-22,9100
00915,凱基優選高股息30,312,12,300,群益金鼎,2024-11-22,9100
00757,統一FANG+,455,166,289,群益金鼎,2024-11-22,9100
00902,中信電池及儲能,415,145,270,群益金鼎,2024-11-22,9100
2330,台積電,427,157,270,群益金鼎,2024-11-22,9100
00945B,凱基美國非投等債,237,0,237,群益金鼎,2024-11-22,9100
00725B,國泰投資級公司債,235,0,235,群益金鼎,2024-11-22,9100
3706,神達,1119,890,229,群益金鼎,2024-11-22,9100
00692,富邦公司治理,305,103,202,群益金鼎,2024-11-22,9100
00773B,中信優先金融債,200,0,200,群益金鼎,2024-11-22,9100
6288,聯嘉,242,57,185,群益金鼎,2024-11-22,9100
2324,仁寶,264,81,183,群益金鼎,2024-11-22,9100
0050,元大台灣50,177,34,143,群益金鼎,2024-11-22,9100
3376,新日興,163,27,136,群益金鼎,2024-11-22,9100
3558,神準,135,0,135,群益金鼎,2024-11-22,9100
2345,智邦,163,30,133,群益金鼎,2024-11-22,9100
2368,金像電,196,65,131,群益金鼎,2024-11-22,9100
00639,富邦深100,139,9,130,群益金鼎,2024-11-22,9100
006208,富邦台50,132,6,126,群益金鼎,2024-11-22,9100
00722B,群益投資級電信債,1531,1425,106,群益金鼎,2024-11-22,9100
3032,偉訓,186,83,103,群益金鼎,2024-11-22,9100
00903,富邦元宇宙,101,0,101,群益金鼎,2024-11-22,9100
00959B,大華投等美債15Y+,100,0,100,群益金鼎,2024-11-22,9100
2618,長榮航,154,54,100,群益金鼎,2024-11-22,9100
00918,大華優利高填息30,108,11,97,群益金鼎,2024-11-22,9100
00715L,期街口布蘭特正2,7225,4,7221,群益金鼎,2024-11-25,9100
5876,上海商銀,7157,6,7151,群益金鼎,2024-11-25,9100
2303,聯電,5621,6,5615,群益金鼎,2024-11-25,9100
00642U,期元大S＆P石油,2964,0,2964,群益金鼎,2024-11-25,9100
00665L,富邦�琤肭磪囓�2,2571,311,2260,群益金鼎,2024-11-25,9100
00948B,中信優息投資級債,2211,0,2211,群益金鼎,2024-11-25,9100
00688L,國泰20年美債正2,2105,0,2105,群益金鼎,2024-11-25,9100
00680L,元大美債20正2,1698,80,1618,群益金鼎,2024-11-25,9100
00909,國泰數位支付服務,1503,137,1366,群益金鼎,2024-11-25,9100
00679B,元大美債20年,1324,118,1206,群益金鼎,2024-11-25,9100
00878,國泰永續高股息,1366,198,1168,群益金鼎,2024-11-25,9100
3323,加百裕,1401,241,1160,群益金鼎,2024-11-25,9100
00937B,群益ESG投等債20,1066,9,1057,群益金鼎,2024-11-25,9100
00676R,富邦臺灣加權反1,1055,0,1055,群益金鼎,2024-11-25,9100
3706,神達,1980,1081,899,群益金鼎,2024-11-25,9100
2392,正崴,985,199,786,群益金鼎,2024-11-25,9100
00646,元大S＆P500,1514,753,761,群益金鼎,2024-11-25,9100
00923,群益台ESG低碳50,745,33,712,群益金鼎,2024-11-25,9100
5347,世界,783,84,699,群益金鼎,2024-11-25,9100
3231,緯創,1998,1322,676,群益金鼎,2024-11-25,9100
00648R,元大S＆P500反1,616,0,616,群益金鼎,2024-11-25,9100
00963,中信全球高股息,803,196,607,群益金鼎,2024-11-25,9100
00687B,國泰20年美債,573,9,564,群益金鼎,2024-11-25,9100
2540,愛山林,489,3,486,群益金鼎,2024-11-25,9100
00650L,復華香港正2,456,10,446,群益金鼎,2024-11-25,9100
2383,台光電,488,67,421,群益金鼎,2024-11-25,9100
00902,中信電池及儲能,644,253,391,群益金鼎,2024-11-25,9100
2354,鴻準,440,86,354,群益金鼎,2024-11-25,9100
00912,中信臺灣智慧50,342,0,342,群益金鼎,2024-11-25,9100
2330,台積電,362,37,325,群益金鼎,2024-11-25,9100
3548,兆利,390,86,304,群益金鼎,2024-11-25,9100
3712,永崴投控,420,124,296,群益金鼎,2024-11-25,9100
2426,鼎元,281,10,271,群益金鼎,2024-11-25,9100
00940,元大台灣價值高息,319,51,268,群益金鼎,2024-11-25,9100
00773B,中信優先金融債,257,0,257,群益金鼎,2024-11-25,9100
00891,中信關鍵半導體,306,50,256,群益金鼎,2024-11-25,9100
00952,凱基台灣AI50,484,242,242,群益金鼎,2024-11-25,9100
1802,台玻,569,358,211,群益金鼎,2024-11-25,9100
00697B,元大美債7-10,208,0,208,群益金鼎,2024-11-25,9100
00935,野村臺灣新科技50,210,3,207,群益金鼎,2024-11-25,9100
0050,元大台灣50,202,2,200,群益金鼎,2024-11-25,9100
2498,宏達電,249,58,191,群益金鼎,2024-11-25,9100
2455,全新,201,17,184,群益金鼎,2024-11-25,9100
00905,FT臺灣Smart,182,1,181,群益金鼎,2024-11-25,9100
00692,富邦公司治理,185,4,181,群益金鼎,2024-11-25,9100
3617,碩天,168,2,166,群益金鼎,2024-11-25,9100
2883,凱基金,191,26,165,群益金鼎,2024-11-25,9100
9105,泰金寶-DR,2165,2003,162,群益金鼎,2024-11-25,9100
6415,矽力*-KY,185,31,154,群益金鼎,2024-11-25,9100
00675L,富邦臺灣加權正2,152,7,145,群益金鼎,2024-11-25,9100
2303,聯電,14173,5,14168,群益金鼎,2024-11-26,9100
00687B,國泰20年美債,7281,211,7070,群益金鼎,2024-11-26,9100
00679B,元大美債20年,6087,172,5915,群益金鼎,2024-11-26,9100
00795B,中信美國公債20年,4129,5,4124,群益金鼎,2024-11-26,9100
2889,國票金,4111,44,4067,群益金鼎,2024-11-26,9100
2105,正新,3452,3,3449,群益金鼎,2024-11-26,9100
4562,穎漢,2810,63,2747,群益金鼎,2024-11-26,9100
00959B,大華投等美債15Y+,2434,1,2433,群益金鼎,2024-11-26,9100
00937B,群益ESG投等債20,2507,193,2314,群益金鼎,2024-11-26,9100
00965,元大航太防衛科技,3075,815,2260,群益金鼎,2024-11-26,9100
00940,元大台灣價值高息,2238,0,2238,群益金鼎,2024-11-26,9100
2356,英業達,2162,65,2097,群益金鼎,2024-11-26,9100
4510,高鋒,1850,60,1790,群益金鼎,2024-11-26,9100
1101,台泥,1760,2,1758,群益金鼎,2024-11-26,9100
00680L,元大美債20正2,1512,48,1464,群益金鼎,2024-11-26,9100
2027,大成鋼,1497,65,1432,群益金鼎,2024-11-26,9100
00664R,國泰臺灣加權反1,1358,0,1358,群益金鼎,2024-11-26,9100
00931B,統一美債20年,1245,10,1235,群益金鼎,2024-11-26,9100
2891,中信金,1401,175,1226,群益金鼎,2024-11-26,9100
00688L,國泰20年美債正2,1130,0,1130,群益金鼎,2024-11-26,9100
00673R,期元大S＆P原油反1,1112,0,1112,群益金鼎,2024-11-26,9100
00665L,富邦�琤肭磪囓�2,2198,1087,1111,群益金鼎,2024-11-26,9100
00953B,群益優選非投等債,1917,834,1083,群益金鼎,2024-11-26,9100
2301,光寶科,1066,33,1033,群益金鼎,2024-11-26,9100
2504,國產,1022,1,1021,群益金鼎,2024-11-26,9100
2809,京城銀,890,1,889,群益金鼎,2024-11-26,9100
00650L,復華香港正2,707,1,706,群益金鼎,2024-11-26,9100
2382,廣達,719,138,581,群益金鼎,2024-11-26,9100
00671R,富邦NASDAQ反1,578,0,578,群益金鼎,2024-11-26,9100
00939,統一台灣高息動能,547,1,546,群益金鼎,2024-11-26,9100
00881,國泰台灣5G+,619,111,508,群益金鼎,2024-11-26,9100
1319,東陽,486,31,455,群益金鼎,2024-11-26,9100
00643,群益深証中小,1550,1100,450,群益金鼎,2024-11-26,9100
1536,和大,451,33,418,群益金鼎,2024-11-26,9100
00719B,元大美債1-3,380,1,379,群益金鼎,2024-11-26,9100
2888,新光金,12964,12586,378,群益金鼎,2024-11-26,9100
3090,日電貿,346,38,308,群益金鼎,2024-11-26,9100
00897,富邦基因免疫生技,300,0,300,群益金鼎,2024-11-26,9100
00706L,期元大S＆P日圓正2,290,0,290,群益金鼎,2024-11-26,9100
00952,凱基台灣AI50,284,0,284,群益金鼎,2024-11-26,9100
00862B,中信投資級公司債,364,100,264,群益金鼎,2024-11-26,9100
00950B,凱基A級公司債,590,345,245,群益金鼎,2024-11-26,9100
1802,台玻,341,113,228,群益金鼎,2024-11-26,9100
00852L,國泰美國道瓊正2,262,45,217,群益金鼎,2024-11-26,9100
2515,中工,234,24,210,群益金鼎,2024-11-26,9100
2201,裕隆,206,8,198,群益金鼎,2024-11-26,9100
5508,永信建,198,1,197,群益金鼎,2024-11-26,9100
1815,富喬,1125,932,193,群益金鼎,2024-11-26,9100
00720B,元大投資級公司債,177,1,176,群益金鼎,2024-11-26,9100
00960,野村全球航運龍頭,175,1,174,群益金鼎,2024-11-26,9100
00680L,元大美債20正2,12386,11,12375,群益金鼎,2024-11-27,9100
00679B,元大美債20年,7188,20,7168,群益金鼎,2024-11-27,9100
2888,新光金,12116,7154,4962,群益金鼎,2024-11-27,9100
2303,聯電,4896,697,4199,群益金鼎,2024-11-27,9100
00687B,國泰20年美債,3339,87,3252,群益金鼎,2024-11-27,9100
00688L,國泰20年美債正2,1995,80,1915,群益金鼎,2024-11-27,9100
4510,高鋒,1846,24,1822,群益金鼎,2024-11-27,9100
00959B,大華投等美債15Y+,1677,0,1677,群益金鼎,2024-11-27,9100
00940,元大台灣價值高息,1923,311,1612,群益金鼎,2024-11-27,9100
00861,元大全球未來通訊,1516,1,1515,群益金鼎,2024-11-27,9100
00937B,群益ESG投等債20,2517,1006,1511,群益金鼎,2024-11-27,9100
4991,環宇-KY,2229,885,1344,群益金鼎,2024-11-27,9100
00965,元大航太防衛科技,1387,102,1285,群益金鼎,2024-11-27,9100
2412,中華電,1252,3,1249,群益金鼎,2024-11-27,9100
00650L,復華香港正2,1217,6,1211,群益金鼎,2024-11-27,9100
00665L,富邦�琤肭磪囓�2,2102,901,1201,群益金鼎,2024-11-27,9100
00931B,統一美債20年,1146,0,1146,群益金鼎,2024-11-27,9100
2809,京城銀,1016,14,1002,群益金鼎,2024-11-27,9100
2889,國票金,962,41,921,群益金鼎,2024-11-27,9100
00632R,元大台灣50反1,1013,200,813,群益金鼎,2024-11-27,9100
2540,愛山林,654,2,652,群益金鼎,2024-11-27,9100
2312,金寶,1045,407,638,群益金鼎,2024-11-27,9100
8240,華宏,621,8,613,群益金鼎,2024-11-27,9100
00892,富邦台灣半導體,598,4,594,群益金鼎,2024-11-27,9100
00881,國泰台灣5G+,560,9,551,群益金鼎,2024-11-27,9100
00963,中信全球高股息,743,282,461,群益金鼎,2024-11-27,9100
00915,凱基優選高股息30,460,78,382,群益金鼎,2024-11-27,9100
4968,立積,424,64,360,群益金鼎,2024-11-27,9100
6174,安��,367,10,357,群益金鼎,2024-11-27,9100
3231,緯創,848,523,325,群益金鼎,2024-11-27,9100
2070,精湛,355,30,325,群益金鼎,2024-11-27,9100
2062,橋椿,332,12,320,群益金鼎,2024-11-27,9100
00964,中信亞太高股息,317,0,317,群益金鼎,2024-11-27,9100
2504,國產,315,9,306,群益金鼎,2024-11-27,9100
2324,仁寶,469,227,242,群益金鼎,2024-11-27,9100
2332,友訊,383,143,240,群益金鼎,2024-11-27,9100
2409,友達,316,76,240,群益金鼎,2024-11-27,9100
00882,中信中國高股息,217,5,212,群益金鼎,2024-11-27,9100
6854,錼創科技-KY創,216,5,211,群益金鼎,2024-11-27,9100
00633L,富邦上証正2,203,2,201,群益金鼎,2024-11-27,9100
00637L,元大滬深300正2,204,3,201,群益金鼎,2024-11-27,9100
2451,創見,201,1,200,群益金鼎,2024-11-27,9100
00917,中信特選金融,173,0,173,群益金鼎,2024-11-27,9100
2489,瑞軒,216,52,164,群益金鼎,2024-11-27,9100
00764B,群益25年美債,3682,3528,154,群益金鼎,2024-11-27,9100
00897,富邦基因免疫生技,151,0,151,群益金鼎,2024-11-27,9100
1442,名軒,230,89,141,群益金鼎,2024-11-27,9100
2915,潤泰全,187,46,141,群益金鼎,2024-11-27,9100
2454,聯發科,150,13,137,群益金鼎,2024-11-27,9100
00773B,中信優先金融債,123,0,123,群益金鼎,2024-11-27,9100
00680L,元大美債20正2,20729,15,20714,群益金鼎,2024-11-28,9100
00688L,國泰20年美債正2,6841,20,6821,群益金鼎,2024-11-28,9100
00687B,國泰20年美債,6787,3,6784,群益金鼎,2024-11-28,9100
00679B,元大美債20年,7658,1132,6526,群益金鼎,2024-11-28,9100
2889,國票金,3412,14,3398,群益金鼎,2024-11-28,9100
2888,新光金,6792,3747,3045,群益金鼎,2024-11-28,9100
2303,聯電,2745,618,2127,群益金鼎,2024-11-28,9100
2609,陽明,1610,100,1510,群益金鼎,2024-11-28,9100
00650L,復華香港正2,1336,210,1126,群益金鼎,2024-11-28,9100
2809,京城銀,1070,0,1070,群益金鼎,2024-11-28,9100
00931B,統一美債20年,1049,16,1033,群益金鼎,2024-11-28,9100
00940,元大台灣價值高息,1028,10,1018,群益金鼎,2024-11-28,9100
2603,長榮,1057,101,956,群益金鼎,2024-11-28,9100
00882,中信中國高股息,783,0,783,群益金鼎,2024-11-28,9100
00671R,富邦NASDAQ反1,707,0,707,群益金鼎,2024-11-28,9100
00963,中信全球高股息,581,0,581,群益金鼎,2024-11-28,9100
00929,復華台灣科技優息,615,37,578,群益金鼎,2024-11-28,9100
6269,台郡,543,1,542,群益金鼎,2024-11-28,9100
00861,元大全球未來通訊,750,230,520,群益金鼎,2024-11-28,9100
00939,統一台灣高息動能,646,150,496,群益金鼎,2024-11-28,9100
00941,中信上游半導體,501,20,481,群益金鼎,2024-11-28,9100
00795B,中信美國公債20年,861,400,461,群益金鼎,2024-11-28,9100
4127,天良,444,1,443,群益金鼎,2024-11-28,9100
00662,富邦NASDAQ,442,27,415,群益金鼎,2024-11-28,9100
00665L,富邦�琤肭磪囓�2,422,14,408,群益金鼎,2024-11-28,9100
00664R,國泰臺灣加權反1,400,0,400,群益金鼎,2024-11-28,9100
2371,大同,616,240,376,群益金鼎,2024-11-28,9100
00952,凱基台灣AI50,401,37,364,群益金鼎,2024-11-28,9100
8299,群聯,318,9,309,群益金鼎,2024-11-28,9100
2881,富邦金,433,132,301,群益金鼎,2024-11-28,9100
3034,聯詠,322,22,300,群益金鼎,2024-11-28,9100
00637L,元大滬深300正2,784,512,272,群益金鼎,2024-11-28,9100
2454,聯發科,281,25,256,群益金鼎,2024-11-28,9100
3706,神達,2065,1821,244,群益金鼎,2024-11-28,9100
6488,環球晶,237,19,218,群益金鼎,2024-11-28,9100
9904,寶成,252,58,194,群益金鼎,2024-11-28,9100
00893,國泰智能電動車,186,0,186,群益金鼎,2024-11-28,9100
00633L,富邦上証正2,174,0,174,群益金鼎,2024-11-28,9100
00876,元大全球5G,166,0,166,群益金鼎,2024-11-28,9100
2317,鴻海,293,129,164,群益金鼎,2024-11-28,9100
00916,國泰全球品牌50,608,450,158,群益金鼎,2024-11-28,9100
00902,中信電池及儲能,206,50,156,群益金鼎,2024-11-28,9100
00897,富邦基因免疫生技,152,0,152,群益金鼎,2024-11-28,9100
00713,元大台灣高息低波,138,0,138,群益金鼎,2024-11-28,9100
00673R,期元大S＆P原油反1,138,0,138,群益金鼎,2024-11-28,9100
00864B,中信美國公債0-1,298,170,128,群益金鼎,2024-11-28,9100
2330,台積電,353,230,123,群益金鼎,2024-11-28,9100
00719B,元大美債1-3,122,0,122,群益金鼎,2024-11-28,9100
00648R,元大S＆P500反1,117,0,117,群益金鼎,2024-11-28,9100
2324,仁寶,252,140,112,群益金鼎,2024-11-28,9100
00665L,富邦�琤肭磪囓�2,5687,727,4960,群益金鼎,2024-11-29,9100
00637L,元大滬深300正2,3635,0,3635,群益金鼎,2024-11-29,9100
2303,聯電,3619,13,3606,群益金鼎,2024-11-29,9100
00937B,群益ESG投等債20,3200,87,3113,群益金鼎,2024-11-29,9100
1101,台泥,3085,1,3084,群益金鼎,2024-11-29,9100
00680L,元大美債20正2,2879,0,2879,群益金鼎,2024-11-29,9100
3323,加百裕,2999,128,2871,群益金鼎,2024-11-29,9100
3702,大聯大,2702,9,2693,群益金鼎,2024-11-29,9100
6558,興能高,2259,128,2131,群益金鼎,2024-11-29,9100
2301,光寶科,2123,17,2106,群益金鼎,2024-11-29,9100
2105,正新,2093,4,2089,群益金鼎,2024-11-29,9100
00687B,國泰20年美債,2071,17,2054,群益金鼎,2024-11-29,9100
2882,國泰金,1829,26,1803,群益金鼎,2024-11-29,9100
00679B,元大美債20年,1801,60,1741,群益金鼎,2024-11-29,9100
00662,富邦NASDAQ,2010,533,1477,群益金鼎,2024-11-29,9100
2889,國票金,1324,27,1297,群益金鼎,2024-11-29,9100
3033,威健,1261,86,1175,群益金鼎,2024-11-29,9100
2886,兆豐金,1134,0,1134,群益金鼎,2024-11-29,9100
3211,順達,1169,76,1093,群益金鼎,2024-11-29,9100
2540,愛山林,1081,0,1081,群益金鼎,2024-11-29,9100
00686R,群益臺灣加權反1,1036,0,1036,群益金鼎,2024-11-29,9100
00941,中信上游半導體,930,1,929,群益金鼎,2024-11-29,9100
2929,淘帝-KY,983,56,927,群益金鼎,2024-11-29,9100
4906,正文,914,22,892,群益金鼎,2024-11-29,9100
2609,陽明,1293,532,761,群益金鼎,2024-11-29,9100
00715L,期街口布蘭特正2,666,2,664,群益金鼎,2024-11-29,9100
00650L,復華香港正2,630,10,620,群益金鼎,2024-11-29,9100
00948B,中信優息投資級債,605,3,602,群益金鼎,2024-11-29,9100
2409,友達,656,95,561,群益金鼎,2024-11-29,9100
00963,中信全球高股息,540,0,540,群益金鼎,2024-11-29,9100
00893,國泰智能電動車,955,461,494,群益金鼎,2024-11-29,9100
00648R,元大S＆P500反1,498,6,492,群益金鼎,2024-11-29,9100
00864B,中信美國公債0-1,514,105,409,群益金鼎,2024-11-29,9100
2884,玉山金,403,11,392,群益金鼎,2024-11-29,9100
00895,富邦未來車,465,90,375,群益金鼎,2024-11-29,9100
2504,國產,371,5,366,群益金鼎,2024-11-29,9100
00795B,中信美國公債20年,290,0,290,群益金鼎,2024-11-29,9100
00633L,富邦上証正2,401,121,280,群益金鼎,2024-11-29,9100
00946,群益科技高息成長,503,227,276,群益金鼎,2024-11-29,9100
2881,富邦金,297,28,269,群益金鼎,2024-11-29,9100
1319,東陽,270,16,254,群益金鼎,2024-11-29,9100
3548,兆利,241,5,236,群益金鼎,2024-11-29,9100
2883,凱基金,221,2,219,群益金鼎,2024-11-29,9100
5009,榮剛,210,8,202,群益金鼎,2024-11-29,9100
00669R,國泰美國道瓊反1,200,0,200,群益金鼎,2024-11-29,9100
2892,第一金,195,0,195,群益金鼎,2024-11-29,9100
3532,台勝科,186,1,185,群益金鼎,2024-11-29,9100
00918,大華優利高填息30,269,86,183,群益金鼎,2024-11-29,9100
2885,元大金,176,0,176,群益金鼎,2024-11-29,9100
2880,華南金,368,195,173,群益金鼎,2024-11-29,9100
00680L,元大美債20正2,13973,358,13615,群益金鼎,2024-12-02,9100
00937B,群益ESG投等債20,9869,298,9571,群益金鼎,2024-12-02,9100
2890,永豐金,6130,1,6129,群益金鼎,2024-12-02,9100
00688L,國泰20年美債正2,3273,0,3273,群益金鼎,2024-12-02,9100
00940,元大台灣價值高息,3145,30,3115,群益金鼎,2024-12-02,9100
2883,凱基金,2821,1,2820,群益金鼎,2024-12-02,9100
4303,信立,2163,72,2091,群益金鼎,2024-12-02,9100
2303,聯電,2327,286,2041,群益金鼎,2024-12-02,9100
00679B,元大美債20年,1629,31,1598,群益金鼎,2024-12-02,9100
4904,遠傳,1398,15,1383,群益金鼎,2024-12-02,9100
00687B,國泰20年美債,2005,655,1350,群益金鼎,2024-12-02,9100
00671R,富邦NASDAQ反1,1249,0,1249,群益金鼎,2024-12-02,9100
00722B,群益投資級電信債,2643,1428,1215,群益金鼎,2024-12-02,9100
2412,中華電,1000,5,995,群益金鼎,2024-12-02,9100
00939,統一台灣高息動能,916,0,916,群益金鼎,2024-12-02,9100
2347,聯強,870,0,870,群益金鼎,2024-12-02,9100
00861,元大全球未來通訊,826,0,826,群益金鼎,2024-12-02,9100
00632R,元大台灣50反1,726,0,726,群益金鼎,2024-12-02,9100
3231,緯創,866,198,668,群益金鼎,2024-12-02,9100
6005,群益證,667,16,651,群益金鼎,2024-12-02,9100
00675L,富邦臺灣加權正2,562,80,482,群益金鼎,2024-12-02,9100
00876,元大全球5G,414,0,414,群益金鼎,2024-12-02,9100
3558,神準,412,3,409,群益金鼎,2024-12-02,9100
2889,國票金,380,0,380,群益金鼎,2024-12-02,9100
00903,富邦元宇宙,814,460,354,群益金鼎,2024-12-02,9100
1504,東元,381,54,327,群益金鼎,2024-12-02,9100
2618,長榮航,402,79,323,群益金鼎,2024-12-02,9100
00938,凱基優選30,307,0,307,群益金鼎,2024-12-02,9100
2382,廣達,320,19,301,群益金鼎,2024-12-02,9100
6239,力成,303,8,295,群益金鼎,2024-12-02,9100
4968,立積,369,91,278,群益金鼎,2024-12-02,9100
5483,中美晶,257,5,252,群益金鼎,2024-12-02,9100
3211,順達,385,148,237,群益金鼎,2024-12-02,9100
4979,華星光,666,432,234,群益金鼎,2024-12-02,9100
8112,至上,269,37,232,群益金鼎,2024-12-02,9100
2395,研華,232,0,232,群益金鼎,2024-12-02,9100
4977,眾達-KY,430,207,223,群益金鼎,2024-12-02,9100
1536,和大,545,324,221,群益金鼎,2024-12-02,9100
006207,復華滬深,193,15,178,群益金鼎,2024-12-02,9100
00946,群益科技高息成長,610,433,177,群益金鼎,2024-12-02,9100
00905,FT臺灣Smart,163,0,163,群益金鼎,2024-12-02,9100
00724B,群益投資級金融債,1287,1131,156,群益金鼎,2024-12-02,9100
1314,中石化,153,0,153,群益金鼎,2024-12-02,9100
00648R,元大S＆P500反1,200,50,150,群益金鼎,2024-12-02,9100
4123,晟德,288,141,147,群益金鼎,2024-12-02,9100
00713,元大台灣高息低波,149,5,144,群益金鼎,2024-12-02,9100
00895,富邦未來車,149,5,144,群益金鼎,2024-12-02,9100
1319,東陽,154,23,131,群益金鼎,2024-12-02,9100
3234,光環,135,12,123,群益金鼎,2024-12-02,9100
3029,零壹,161,41,120,群益金鼎,2024-12-02,9100
00680L,元大美債20正2,9973,396,9577,群益金鼎,2024-12-03,9100
00934,中信成長高股息,9893,509,9384,群益金鼎,2024-12-03,9100
00679B,元大美債20年,8410,271,8139,群益金鼎,2024-12-03,9100
00929,復華台灣科技優息,30320,23052,7268,群益金鼎,2024-12-03,9100
00940,元大台灣價值高息,6694,39,6655,群益金鼎,2024-12-03,9100
00688L,國泰20年美債正2,4521,0,4521,群益金鼎,2024-12-03,9100
00937B,群益ESG投等債20,3078,227,2851,群益金鼎,2024-12-03,9100
00673R,期元大S＆P原油反1,2698,0,2698,群益金鼎,2024-12-03,9100
00632R,元大台灣50反1,2564,0,2564,群益金鼎,2024-12-03,9100
2610,華航,2246,54,2192,群益金鼎,2024-12-03,9100
00943,兆豐電子高息等權,2000,27,1973,群益金鼎,2024-12-03,9100
00939,統一台灣高息動能,1875,0,1875,群益金鼎,2024-12-03,9100
00665L,富邦�琤肭磪囓�2,1878,674,1204,群益金鼎,2024-12-03,9100
00893,國泰智能電動車,1200,1,1199,群益金鼎,2024-12-03,9100
00687B,國泰20年美債,1204,115,1089,群益金鼎,2024-12-03,9100
00662,富邦NASDAQ,1074,46,1028,群益金鼎,2024-12-03,9100
00637L,元大滬深300正2,1286,287,999,群益金鼎,2024-12-03,9100
00675L,富邦臺灣加權正2,975,10,965,群益金鼎,2024-12-03,9100
00671R,富邦NASDAQ反1,899,0,899,群益金鼎,2024-12-03,9100
00633L,富邦上証正2,834,51,783,群益金鼎,2024-12-03,9100
2609,陽明,796,28,768,群益金鼎,2024-12-03,9100
00965,元大航太防衛科技,1175,430,745,群益金鼎,2024-12-03,9100
2618,長榮航,841,270,571,群益金鼎,2024-12-03,9100
00650L,復華香港正2,435,21,414,群益金鼎,2024-12-03,9100
00915,凱基優選高股息30,734,374,360,群益金鼎,2024-12-03,9100
00720B,元大投資級公司債,400,41,359,群益金鼎,2024-12-03,9100
00948B,中信優息投資級債,355,1,354,群益金鼎,2024-12-03,9100
00905,FT臺灣Smart,350,4,346,群益金鼎,2024-12-03,9100
3374,精材,455,165,290,群益金鼎,2024-12-03,9100
00922,國泰台灣領袖50,285,9,276,群益金鼎,2024-12-03,9100
00945B,凱基美國非投等債,475,200,275,群益金鼎,2024-12-03,9100
00927,群益半導體收益,343,76,267,群益金鼎,2024-12-03,9100
3045,台灣大,272,7,265,群益金鼎,2024-12-03,9100
00955,中信日本商社,264,0,264,群益金鼎,2024-12-03,9100
5871,中租-KY,256,4,252,群益金鼎,2024-12-03,9100
2885,元大金,249,3,246,群益金鼎,2024-12-03,9100
6757,台灣虎航,967,723,244,群益金鼎,2024-12-03,9100
5009,榮剛,260,28,232,群益金鼎,2024-12-03,9100
00963,中信全球高股息,223,0,223,群益金鼎,2024-12-03,9100
2454,聯發科,311,93,218,群益金鼎,2024-12-03,9100
2472,立隆電,222,8,214,群益金鼎,2024-12-03,9100
3706,神達,484,289,195,群益金鼎,2024-12-03,9100
00773B,中信優先金融債,196,1,195,群益金鼎,2024-12-03,9100
00643,群益深証中小,1785,1591,194,群益金鼎,2024-12-03,9100
00964,中信亞太高股息,190,0,190,群益金鼎,2024-12-03,9100
00902,中信電池及儲能,189,0,189,群益金鼎,2024-12-03,9100
2317,鴻海,200,11,189,群益金鼎,2024-12-03,9100
00724B,群益投資級金融債,2584,2400,184,群益金鼎,2024-12-03,9100
2891,中信金,198,17,181,群益金鼎,2024-12-03,9100
6176,瑞儀,175,1,174,群益金鼎,2024-12-03,9100
00929,復華台灣科技優息,14854,1205,13649,群益金鼎,2024-12-04,9100
00679B,元大美債20年,12522,23,12499,群益金鼎,2024-12-04,9100
00680L,元大美債20正2,11191,412,10779,群益金鼎,2024-12-04,9100
00715L,期街口布蘭特正2,9899,2,9897,群益金鼎,2024-12-04,9100
00940,元大台灣價值高息,10003,525,9478,群益金鼎,2024-12-04,9100
1815,富喬,7844,441,7403,群益金鼎,2024-12-04,9100
00937B,群益ESG投等債20,6931,1033,5898,群益金鼎,2024-12-04,9100
00939,統一台灣高息動能,4754,0,4754,群益金鼎,2024-12-04,9100
00934,中信成長高股息,4409,600,3809,群益金鼎,2024-12-04,9100
00688L,國泰20年美債正2,3395,0,3395,群益金鼎,2024-12-04,9100
2303,聯電,3428,181,3247,群益金鼎,2024-12-04,9100
00720B,元大投資級公司債,3044,171,2873,群益金鼎,2024-12-04,9100
00687B,國泰20年美債,2673,77,2596,群益金鼎,2024-12-04,9100
2610,華航,2357,372,1985,群益金鼎,2024-12-04,9100
00751B,元大AAA至A公司債,1567,0,1567,群益金鼎,2024-12-04,9100
00665L,富邦�琤肭磪囓�2,1327,0,1327,群益金鼎,2024-12-04,9100
2375,凱美,1032,142,890,群益金鼎,2024-12-04,9100
00900,富邦特選高股息30,800,0,800,群益金鼎,2024-12-04,9100
00905,FT臺灣Smart,675,2,673,群益金鼎,2024-12-04,9100
00795B,中信美國公債20年,676,5,671,群益金鼎,2024-12-04,9100
00650L,復華香港正2,659,0,659,群益金鼎,2024-12-04,9100
00878,國泰永續高股息,803,149,654,群益金鼎,2024-12-04,9100
00671R,富邦NASDAQ反1,700,81,619,群益金鼎,2024-12-04,9100
2354,鴻準,652,75,577,群益金鼎,2024-12-04,9100
00950B,凱基A級公司債,620,64,556,群益金鼎,2024-12-04,9100
00943,兆豐電子高息等權,528,0,528,群益金鼎,2024-12-04,9100
00675L,富邦臺灣加權正2,523,3,520,群益金鼎,2024-12-04,9100
00942B,台新美A公司債20+,714,200,514,群益金鼎,2024-12-04,9100
00706L,期元大S＆P日圓正2,499,0,499,群益金鼎,2024-12-04,9100
3706,神達,1115,621,494,群益金鼎,2024-12-04,9100
00642U,期元大S＆P石油,467,0,467,群益金鼎,2024-12-04,9100
00925,新光標普電動車,776,324,452,群益金鼎,2024-12-04,9100
00773B,中信優先金融債,417,4,413,群益金鼎,2024-12-04,9100
00927,群益半導體收益,374,59,315,群益金鼎,2024-12-04,9100
5347,世界,343,46,297,群益金鼎,2024-12-04,9100
3374,精材,304,23,281,群益金鼎,2024-12-04,9100
00941,中信上游半導體,258,0,258,群益金鼎,2024-12-04,9100
2609,陽明,401,160,241,群益金鼎,2024-12-04,9100
00948B,中信優息投資級債,2241,2000,241,群益金鼎,2024-12-04,9100
2472,立隆電,257,17,240,群益金鼎,2024-12-04,9100
3293,鈊象,274,39,235,群益金鼎,2024-12-04,9100
2409,友達,176,0,176,群益金鼎,2024-12-04,9100
1802,台玻,357,183,174,群益金鼎,2024-12-04,9100
00923,群益台ESG低碳50,151,0,151,群益金鼎,2024-12-04,9100
4968,立積,170,20,150,群益金鼎,2024-12-04,9100
2345,智邦,192,43,149,群益金鼎,2024-12-04,9100
3231,緯創,203,56,147,群益金鼎,2024-12-04,9100
6269,台郡,145,0,145,群益金鼎,2024-12-04,9100
00882,中信中國高股息,143,0,143,群益金鼎,2024-12-04,9100
00713,元大台灣高息低波,136,4,132,群益金鼎,2024-12-04,9100
00680L,元大美債20正2,14607,523,14084,群益金鼎,2024-12-05,9100
00679B,元大美債20年,12680,759,11921,群益金鼎,2024-12-05,9100
00688L,國泰20年美債正2,9277,0,9277,群益金鼎,2024-12-05,9100
00940,元大台灣價值高息,8113,2,8111,群益金鼎,2024-12-05,9100
00929,復華台灣科技優息,7471,505,6966,群益金鼎,2024-12-05,9100
00937B,群益ESG投等債20,6046,101,5945,群益金鼎,2024-12-05,9100
00720B,元大投資級公司債,4578,12,4566,群益金鼎,2024-12-05,9100
00687B,國泰20年美債,4642,156,4486,群益金鼎,2024-12-05,9100
00965,元大航太防衛科技,4562,292,4270,群益金鼎,2024-12-05,9100
2303,聯電,3934,168,3766,群益金鼎,2024-12-05,9100
00948B,中信優息投資級債,2892,0,2892,群益金鼎,2024-12-05,9100
00751B,元大AAA至A公司債,2672,0,2672,群益金鼎,2024-12-05,9100
00934,中信成長高股息,2910,311,2599,群益金鼎,2024-12-05,9100
00772B,中信高評級公司債,2229,0,2229,群益金鼎,2024-12-05,9100
00931B,統一美債20年,1803,13,1790,群益金鼎,2024-12-05,9100
00673R,期元大S＆P原油反1,1508,0,1508,群益金鼎,2024-12-05,9100
00903,富邦元宇宙,1469,290,1179,群益金鼎,2024-12-05,9100
2354,鴻準,1586,441,1145,群益金鼎,2024-12-05,9100
00943,兆豐電子高息等權,916,0,916,群益金鼎,2024-12-05,9100
00891,中信關鍵半導體,904,25,879,群益金鼎,2024-12-05,9100
4919,新唐,802,55,747,群益金鼎,2024-12-05,9100
3231,緯創,683,34,649,群益金鼎,2024-12-05,9100
00900,富邦特選高股息30,620,0,620,群益金鼎,2024-12-05,9100
00939,統一台灣高息動能,564,1,563,群益金鼎,2024-12-05,9100
00722B,群益投資級電信債,1956,1425,531,群益金鼎,2024-12-05,9100
3706,神達,689,257,432,群益金鼎,2024-12-05,9100
00773B,中信優先金融債,426,0,426,群益金鼎,2024-12-05,9100
00959B,大華投等美債15Y+,411,0,411,群益金鼎,2024-12-05,9100
1785,光洋科,396,30,366,群益金鼎,2024-12-05,9100
00862B,中信投資級公司債,452,100,352,群益金鼎,2024-12-05,9100
00922,國泰台灣領袖50,323,0,323,群益金鼎,2024-12-05,9100
3548,兆利,378,67,311,群益金鼎,2024-12-05,9100
00938,凱基優選30,403,100,303,群益金鼎,2024-12-05,9100
00795B,中信美國公債20年,291,2,289,群益金鼎,2024-12-05,9100
6285,啟��,287,7,280,群益金鼎,2024-12-05,9100
00675L,富邦臺灣加權正2,282,5,277,群益金鼎,2024-12-05,9100
00724B,群益投資級金融債,2773,2521,252,群益金鼎,2024-12-05,9100
00892,富邦台灣半導體,251,5,246,群益金鼎,2024-12-05,9100
8150,南茂,228,0,228,群益金鼎,2024-12-05,9100
3289,宜特,211,7,204,群益金鼎,2024-12-05,9100
2885,元大金,203,0,203,群益金鼎,2024-12-05,9100
5534,長虹,183,1,182,群益金鼎,2024-12-05,9100
2345,智邦,264,83,181,群益金鼎,2024-12-05,9100
00878,國泰永續高股息,231,70,161,群益金鼎,2024-12-05,9100
00692,富邦公司治理,161,0,161,群益金鼎,2024-12-05,9100
2929,淘帝-KY,186,37,149,群益金鼎,2024-12-05,9100
00923,群益台ESG低碳50,149,7,142,群益金鼎,2024-12-05,9100
6203,海韻電,139,8,131,群益金鼎,2024-12-05,9100
00888,永豐台灣ESG,131,0,131,群益金鼎,2024-12-05,9100
2454,聯發科,184,64,120,群益金鼎,2024-12-05,9100
00679B,元大美債20年,15680,176,15504,群益金鼎,2024-12-06,9100
00680L,元大美債20正2,10045,550,9495,群益金鼎,2024-12-06,9100
00665L,富邦�琤肭磪囓�2,8813,561,8252,群益金鼎,2024-12-06,9100
00937B,群益ESG投等債20,8257,24,8233,群益金鼎,2024-12-06,9100
00688L,國泰20年美債正2,6549,6,6543,群益金鼎,2024-12-06,9100
00940,元大台灣價值高息,6107,2,6105,群益金鼎,2024-12-06,9100
00637L,元大滬深300正2,5456,90,5366,群益金鼎,2024-12-06,9100
00687B,國泰20年美債,5244,39,5205,群益金鼎,2024-12-06,9100
00929,復華台灣科技優息,4743,161,4582,群益金鼎,2024-12-06,9100
2303,聯電,4146,234,3912,群益金鼎,2024-12-06,9100
2891,中信金,3259,1,3258,群益金鼎,2024-12-06,9100
00795B,中信美國公債20年,3169,15,3154,群益金鼎,2024-12-06,9100
00673R,期元大S＆P原油反1,2598,0,2598,群益金鼎,2024-12-06,9100
00962,台新AI優息動能,2287,0,2287,群益金鼎,2024-12-06,9100
00959B,大華投等美債15Y+,1765,1,1764,群益金鼎,2024-12-06,9100
00650L,復華香港正2,1808,64,1744,群益金鼎,2024-12-06,9100
00948B,中信優息投資級債,1642,94,1548,群益金鼎,2024-12-06,9100
2354,鴻準,3006,1531,1475,群益金鼎,2024-12-06,9100
00757,統一FANG+,2300,857,1443,群益金鼎,2024-12-06,9100
00934,中信成長高股息,1575,182,1393,群益金鼎,2024-12-06,9100
00720B,元大投資級公司債,1320,5,1315,群益金鼎,2024-12-06,9100
2618,長榮航,1547,316,1231,群益金鼎,2024-12-06,9100
00939,統一台灣高息動能,1140,2,1138,群益金鼎,2024-12-06,9100
3029,零壹,1362,246,1116,群益金鼎,2024-12-06,9100
2882,國泰金,1000,0,1000,群益金鼎,2024-12-06,9100
2886,兆豐金,828,1,827,群益金鼎,2024-12-06,9100
00882,中信中國高股息,702,11,691,群益金鼎,2024-12-06,9100
3706,神達,1050,560,490,群益金鼎,2024-12-06,9100
00675L,富邦臺灣加權正2,485,5,480,群益金鼎,2024-12-06,9100
2449,京元電子,645,171,474,群益金鼎,2024-12-06,9100
00963,中信全球高股息,612,147,465,群益金鼎,2024-12-06,9100
6937,天虹,759,319,440,群益金鼎,2024-12-06,9100
00772B,中信高評級公司債,424,1,423,群益金鼎,2024-12-06,9100
2383,台光電,329,8,321,群益金鼎,2024-12-06,9100
00893,國泰智能電動車,397,90,307,群益金鼎,2024-12-06,9100
00746B,富邦A級公司債,302,1,301,群益金鼎,2024-12-06,9100
00943,兆豐電子高息等權,294,1,293,群益金鼎,2024-12-06,9100
00633L,富邦上証正2,433,140,293,群益金鼎,2024-12-06,9100
00724B,群益投資級金融債,2840,2557,283,群益金鼎,2024-12-06,9100
2330,台積電,266,18,248,群益金鼎,2024-12-06,9100
2405,輔信,279,43,236,群益金鼎,2024-12-06,9100
00773B,中信優先金融債,217,1,216,群益金鼎,2024-12-06,9100
2371,大同,259,55,204,群益金鼎,2024-12-06,9100
00942B,台新美A公司債20+,200,0,200,群益金鼎,2024-12-06,9100
00713,元大台灣高息低波,438,243,195,群益金鼎,2024-12-06,9100
3293,鈊象,198,13,185,群益金鼎,2024-12-06,9100
5457,宣德,209,25,184,群益金鼎,2024-12-06,9100
00708L,期元大S＆P黃金正2,185,7,178,群益金鼎,2024-12-06,9100
00903,富邦元宇宙,281,151,130,群益金鼎,2024-12-06,9100
8932,智通*,128,0,128,群益金鼎,2024-12-06,9100
00680L,元大美債20正2,17650,152,17498,群益金鼎,2024-12-09,9100
00679B,元大美債20年,18291,1008,17283,群益金鼎,2024-12-09,9100
00940,元大台灣價值高息,10462,60,10402,群益金鼎,2024-12-09,9100
00687B,國泰20年美債,6111,24,6087,群益金鼎,2024-12-09,9100
00967B,元大優息美債,5688,0,5688,群益金鼎,2024-12-09,9100
2609,陽明,5289,1430,3859,群益金鼎,2024-12-09,9100
00673R,期元大S＆P原油反1,3046,0,3046,群益金鼎,2024-12-09,9100
00968B,元大優息投等債,2679,0,2679,群益金鼎,2024-12-09,9100
2618,長榮航,2611,98,2513,群益金鼎,2024-12-09,9100
00969B,元大零息超長美債,2495,100,2395,群益金鼎,2024-12-09,9100
00688L,國泰20年美債正2,2257,6,2251,群益金鼎,2024-12-09,9100
00953B,群益優選非投等債,2246,0,2246,群益金鼎,2024-12-09,9100
00931B,統一美債20年,1867,13,1854,群益金鼎,2024-12-09,9100
00929,復華台灣科技優息,2128,335,1793,群益金鼎,2024-12-09,9100
00964,中信亞太高股息,1837,101,1736,群益金鼎,2024-12-09,9100
00939,統一台灣高息動能,1711,41,1670,群益金鼎,2024-12-09,9100
00934,中信成長高股息,1583,0,1583,群益金鼎,2024-12-09,9100
00665L,富邦�琤肭磪囓�2,1414,224,1190,群益金鼎,2024-12-09,9100
2889,國票金,1183,0,1183,群益金鼎,2024-12-09,9100
00937B,群益ESG投等債20,1164,93,1071,群益金鼎,2024-12-09,9100
1102,亞泥,986,30,956,群益金鼎,2024-12-09,9100
00720B,元大投資級公司債,905,25,880,群益金鼎,2024-12-09,9100
00963,中信全球高股息,864,0,864,群益金鼎,2024-12-09,9100
6451,訊芯-KY,789,64,725,群益金鼎,2024-12-09,9100
2809,京城銀,671,0,671,群益金鼎,2024-12-09,9100
8070,長華*,660,0,660,群益金鼎,2024-12-09,9100
2324,仁寶,822,234,588,群益金鼎,2024-12-09,9100
5347,世界,562,0,562,群益金鼎,2024-12-09,9100
00751B,元大AAA至A公司債,553,0,553,群益金鼎,2024-12-09,9100
1449,佳和,1950,1411,539,群益金鼎,2024-12-09,9100
00650L,復華香港正2,538,38,500,群益金鼎,2024-12-09,9100
3231,緯創,776,329,447,群益金鼎,2024-12-09,9100
6854,錼創科技-KY創,387,4,383,群益金鼎,2024-12-09,9100
00927,群益半導體收益,402,33,369,群益金鼎,2024-12-09,9100
5009,榮剛,355,0,355,群益金鼎,2024-12-09,9100
3045,台灣大,342,0,342,群益金鼎,2024-12-09,9100
2915,潤泰全,391,58,333,群益金鼎,2024-12-09,9100
6278,台表科,321,2,319,群益金鼎,2024-12-09,9100
00907,永豐優息存股,301,0,301,群益金鼎,2024-12-09,9100
2504,國產,306,31,275,群益金鼎,2024-12-09,9100
6239,力成,265,0,265,群益金鼎,2024-12-09,9100
9904,寶成,321,58,263,群益金鼎,2024-12-09,9100
4960,誠美材,256,0,256,群益金鼎,2024-12-09,9100
1802,台玻,353,124,229,群益金鼎,2024-12-09,9100
3481,群創,259,31,228,群益金鼎,2024-12-09,9100
00675L,富邦臺灣加權正2,223,1,222,群益金鼎,2024-12-09,9100
4968,立積,290,74,216,群益金鼎,2024-12-09,9100
3264,欣銓,210,2,208,群益金鼎,2024-12-09,9100
8111,立��,248,53,195,群益金鼎,2024-12-09,9100
00646,元大S＆P500,502,310,192,群益金鼎,2024-12-09,9100
00665L,富邦�琤肭磪囓�2,18876,2968,15908,群益金鼎,2024-12-10,9100
00637L,元大滬深300正2,15714,4153,11561,群益金鼎,2024-12-10,9100
00680L,元大美債20正2,5117,559,4558,群益金鼎,2024-12-10,9100
00679B,元大美債20年,2924,24,2900,群益金鼎,2024-12-10,9100
2883,凱基金,2688,0,2688,群益金鼎,2024-12-10,9100
00929,復華台灣科技優息,2486,314,2172,群益金鼎,2024-12-10,9100
00882,中信中國高股息,2070,11,2059,群益金鼎,2024-12-10,9100
00688L,國泰20年美債正2,2056,0,2056,群益金鼎,2024-12-10,9100
00893,國泰智能電動車,2181,458,1723,群益金鼎,2024-12-10,9100
00650L,復華香港正2,3076,1401,1675,群益金鼎,2024-12-10,9100
00940,元大台灣價值高息,1615,69,1546,群益金鼎,2024-12-10,9100
00633L,富邦上証正2,2561,1140,1421,群益金鼎,2024-12-10,9100
00934,中信成長高股息,1416,3,1413,群益金鼎,2024-12-10,9100
00643,群益深証中小,2750,1401,1349,群益金鼎,2024-12-10,9100
00937B,群益ESG投等債20,1029,78,951,群益金鼎,2024-12-10,9100
00636,國泰中國A50,1230,340,890,群益金鼎,2024-12-10,9100
2618,長榮航,3471,2688,783,群益金鼎,2024-12-10,9100
00967B,元大優息美債,685,0,685,群益金鼎,2024-12-10,9100
00941,中信上游半導體,629,0,629,群益金鼎,2024-12-10,9100
2881,富邦金,500,7,493,群益金鼎,2024-12-10,9100
00881,國泰台灣5G+,407,19,388,群益金鼎,2024-12-10,9100
00963,中信全球高股息,359,0,359,群益金鼎,2024-12-10,9100
2313,華通,485,138,347,群益金鼎,2024-12-10,9100
00639,富邦深100,570,224,346,群益金鼎,2024-12-10,9100
00946,群益科技高息成長,329,21,308,群益金鼎,2024-12-10,9100
3702,大聯大,310,13,297,群益金鼎,2024-12-10,9100
00964,中信亞太高股息,1202,951,251,群益金鼎,2024-12-10,9100
00902,中信電池及儲能,238,0,238,群益金鼎,2024-12-10,9100
00773B,中信優先金融債,231,7,224,群益金鼎,2024-12-10,9100
00927,群益半導體收益,333,113,220,群益金鼎,2024-12-10,9100
2371,大同,248,41,207,群益金鼎,2024-12-10,9100
00746B,富邦A級公司債,201,2,199,群益金鼎,2024-12-10,9100
6274,台燿,210,17,193,群益金鼎,2024-12-10,9100
00903,富邦元宇宙,371,181,190,群益金鼎,2024-12-10,9100
00651R,復華香港反1,188,0,188,群益金鼎,2024-12-10,9100
4968,立積,209,38,171,群益金鼎,2024-12-10,9100
00907,永豐優息存股,167,0,167,群益金鼎,2024-12-10,9100
00968B,元大優息投等債,1100,935,165,群益金鼎,2024-12-10,9100
00887,永豐中國科技50大,160,0,160,群益金鼎,2024-12-10,9100
00738U,期元大道瓊白銀,155,0,155,群益金鼎,2024-12-10,9100
00891,中信關鍵半導體,210,60,150,群益金鼎,2024-12-10,9100
00935,野村臺灣新科技50,149,1,148,群益金鼎,2024-12-10,9100
8069,元太,155,13,142,群益金鼎,2024-12-10,9100
00740B,富邦全球投等債,139,1,138,群益金鼎,2024-12-10,9100
4739,康普,118,0,118,群益金鼎,2024-12-10,9100
00900,富邦特選高股息30,113,1,112,群益金鼎,2024-12-10,9100
00895,富邦未來車,130,18,112,群益金鼎,2024-12-10,9100
4933,友輝,113,3,110,群益金鼎,2024-12-10,9100
2353,宏��,263,153,110,群益金鼎,2024-12-10,9100
3450,聯鈞,129,20,109,群益金鼎,2024-12-10,9100
00679B,元大美債20年,4151,6,4145,群益金鼎,2024-12-11,9100
00715L,期街口布蘭特正2,3775,6,3769,群益金鼎,2024-12-11,9100
1815,富喬,2023,95,1928,群益金鼎,2024-12-11,9100
00929,復華台灣科技優息,1927,48,1879,群益金鼎,2024-12-11,9100
00665L,富邦�琤肭磪囓�2,2200,560,1640,群益金鼎,2024-12-11,9100
00680L,元大美債20正2,1878,260,1618,群益金鼎,2024-12-11,9100
2540,愛山林,654,0,654,群益金鼎,2024-12-11,9100
2886,兆豐金,323,0,323,群益金鼎,2024-12-11,9100
00752,中信中國50,304,1,303,群益金鼎,2024-12-11,9100
00893,國泰智能電動車,346,60,286,群益金鼎,2024-12-11,9100
00891,中信關鍵半導體,407,142,265,群益金鼎,2024-12-11,9100
00882,中信中國高股息,365,103,262,群益金鼎,2024-12-11,9100
6274,台燿,314,58,256,群益金鼎,2024-12-11,9100
00964,中信亞太高股息,381,133,248,群益金鼎,2024-12-11,9100
6214,精誠,293,91,202,群益金鼎,2024-12-11,9100
00642U,期元大S＆P石油,181,3,178,群益金鼎,2024-12-11,9100
00922,國泰台灣領袖50,168,0,168,群益金鼎,2024-12-11,9100
2454,聯發科,166,1,165,群益金鼎,2024-12-11,9100
00900,富邦特選高股息30,162,0,162,群益金鼎,2024-12-11,9100
00669R,國泰美國道瓊反1,159,0,159,群益金鼎,2024-12-11,9100
9935,慶豐富,150,0,150,群益金鼎,2024-12-11,9100
00635U,期元大S＆P黃金,132,0,132,群益金鼎,2024-12-11,9100
00671R,富邦NASDAQ反1,125,0,125,群益金鼎,2024-12-11,9100
8086,宏捷科,124,2,122,群益金鼎,2024-12-11,9100
5512,力麒,117,0,117,群益金鼎,2024-12-11,9100
2412,中華電,108,0,108,群益金鼎,2024-12-11,9100
4968,立積,169,62,107,群益金鼎,2024-12-11,9100
2313,華通,310,206,104,群益金鼎,2024-12-11,9100
5328,華容,118,18,100,群益金鼎,2024-12-11,9100
5876,上海商銀,100,0,100,群益金鼎,2024-12-11,9100
00923,群益台ESG低碳50,197,101,96,群益金鼎,2024-12-11,9100
00942B,台新美A公司債20+,96,1,95,群益金鼎,2024-12-11,9100
00894,中信小資高價30,298,204,94,群益金鼎,2024-12-11,9100
00903,富邦元宇宙,123,30,93,群益金鼎,2024-12-11,9100
5347,世界,97,9,88,群益金鼎,2024-12-11,9100
3013,晟銘電,110,25,85,群益金鼎,2024-12-11,9100
8932,智通*,81,0,81,群益金鼎,2024-12-11,9100
6669,緯穎,99,19,80,群益金鼎,2024-12-11,9100
00692,富邦公司治理,80,0,80,群益金鼎,2024-12-11,9100
2201,裕隆,111,32,79,群益金鼎,2024-12-11,9100
00955,中信日本商社,386,313,73,群益金鼎,2024-12-11,9100
6112,邁達特,92,34,58,群益金鼎,2024-12-11,9100
00686R,群益臺灣加權反1,57,0,57,群益金鼎,2024-12-11,9100
00881,國泰台灣5G+,148,91,57,群益金鼎,2024-12-11,9100
00965,元大航太防衛科技,254,200,54,群益金鼎,2024-12-11,9100
3019,亞光,496,443,53,群益金鼎,2024-12-11,9100
6854,錼創科技-KY創,56,3,53,群益金鼎,2024-12-11,9100
9105,泰金寶-DR,173,121,52,群益金鼎,2024-12-11,9100
6870,騰雲,97,48,49,群益金鼎,2024-12-11,9100
3029,零壹,213,164,49,群益金鼎,2024-12-11,9100
00715L,期街口布蘭特正2,17237,50,17187,群益金鼎,2024-12-12,9100
2891,中信金,4360,523,3837,群益金鼎,2024-12-12,9100
00665L,富邦�琤肭磪囓�2,5273,1507,3766,群益金鼎,2024-12-12,9100
2324,仁寶,3031,8,3023,群益金鼎,2024-12-12,9100
00940,元大台灣價值高息,2954,61,2893,群益金鼎,2024-12-12,9100
00642U,期元大S＆P石油,2877,0,2877,群益金鼎,2024-12-12,9100
00929,復華台灣科技優息,2540,153,2387,群益金鼎,2024-12-12,9100
2393,億光,2011,11,2000,群益金鼎,2024-12-12,9100
1102,亞泥,1603,14,1589,群益金鼎,2024-12-12,9100
00882,中信中國高股息,1591,103,1488,群益金鼎,2024-12-12,9100
6215,和椿,1533,57,1476,群益金鼎,2024-12-12,9100
00650L,復華香港正2,1321,276,1045,群益金鼎,2024-12-12,9100
2348,海悅,1003,10,993,群益金鼎,2024-12-12,9100
4540,全球傳動,960,34,926,群益金鼎,2024-12-12,9100
3296,勝德,942,32,910,群益金鼎,2024-12-12,9100
3013,晟銘電,941,259,682,群益金鼎,2024-12-12,9100
2368,金像電,778,155,623,群益金鼎,2024-12-12,9100
00934,中信成長高股息,664,45,619,群益金鼎,2024-12-12,9100
2330,台積電,548,23,525,群益金鼎,2024-12-12,9100
00633L,富邦上証正2,581,82,499,群益金鼎,2024-12-12,9100
2313,華通,823,335,488,群益金鼎,2024-12-12,9100
00632R,元大台灣50反1,462,0,462,群益金鼎,2024-12-12,9100
1402,遠東新,410,0,410,群益金鼎,2024-12-12,9100
00720B,元大投資級公司債,400,0,400,群益金鼎,2024-12-12,9100
4577,達航科技,396,20,376,群益金鼎,2024-12-12,9100
2303,聯電,543,178,365,群益金鼎,2024-12-12,9100
2356,英業達,443,94,349,群益金鼎,2024-12-12,9100
00675L,富邦臺灣加權正2,336,0,336,群益金鼎,2024-12-12,9100
1101,台泥,369,34,335,群益金鼎,2024-12-12,9100
00919,群益台灣精選高息,579,257,322,群益金鼎,2024-12-12,9100
00955,中信日本商社,398,97,301,群益金鼎,2024-12-12,9100
2449,京元電子,382,106,276,群益金鼎,2024-12-12,9100
2881,富邦金,300,29,271,群益金鼎,2024-12-12,9100
2882,國泰金,271,12,259,群益金鼎,2024-12-12,9100
2105,正新,257,0,257,群益金鼎,2024-12-12,9100
6239,力成,250,1,249,群益金鼎,2024-12-12,9100
3491,昇達科,273,27,246,群益金鼎,2024-12-12,9100
00878,國泰永續高股息,263,31,232,群益金鼎,2024-12-12,9100
2374,佳能,257,43,214,群益金鼎,2024-12-12,9100
00933B,國泰10Y+金融債,213,0,213,群益金鼎,2024-12-12,9100
00924,復華S＆P500成長,212,0,212,群益金鼎,2024-12-12,9100
00830,國泰費城半導體,284,90,194,群益金鼎,2024-12-12,9100
00651R,復華香港反1,191,0,191,群益金鼎,2024-12-12,9100
2308,台達電,206,18,188,群益金鼎,2024-12-12,9100
2357,華碩,187,1,186,群益金鼎,2024-12-12,9100
2543,皇昌,178,12,166,群益金鼎,2024-12-12,9100
00635U,期元大S＆P黃金,161,0,161,群益金鼎,2024-12-12,9100
2486,一詮,325,171,154,群益金鼎,2024-12-12,9100
00954,中信日本半導體,153,0,153,群益金鼎,2024-12-12,9100
1216,統一,147,0,147,群益金鼎,2024-12-12,9100
2303,聯電,7500,350,7150,群益金鼎,2024-12-13,9100
00715L,期街口布蘭特正2,5105,0,5105,群益金鼎,2024-12-13,9100
00929,復華台灣科技優息,3082,33,3049,群益金鼎,2024-12-13,9100
00830,國泰費城半導體,2987,555,2432,群益金鼎,2024-12-13,9100
00642U,期元大S＆P石油,1789,10,1779,群益金鼎,2024-12-13,9100
00940,元大台灣價值高息,1311,3,1308,群益金鼎,2024-12-13,9100
00968B,元大優息投等債,1199,186,1013,群益金鼎,2024-12-13,9100
2882,國泰金,1000,0,1000,群益金鼎,2024-12-13,9100
2449,京元電子,921,31,890,群益金鼎,2024-12-13,9100
2890,永豐金,852,33,819,群益金鼎,2024-12-13,9100
2540,愛山林,736,0,736,群益金鼎,2024-12-13,9100
00679B,元大美債20年,1307,670,637,群益金鼎,2024-12-13,9100
2892,第一金,646,28,618,群益金鼎,2024-12-13,9100
00882,中信中國高股息,704,150,554,群益金鼎,2024-12-13,9100
2891,中信金,622,104,518,群益金鼎,2024-12-13,9100
00923,群益台ESG低碳50,523,7,516,群益金鼎,2024-12-13,9100
2886,兆豐金,515,29,486,群益金鼎,2024-12-13,9100
00939,統一台灣高息動能,446,50,396,群益金鼎,2024-12-13,9100
2368,金像電,541,175,366,群益金鼎,2024-12-13,9100
2330,台積電,331,7,324,群益金鼎,2024-12-13,9100
00924,復華S＆P500成長,371,69,302,群益金鼎,2024-12-13,9100
5483,中美晶,504,205,299,群益金鼎,2024-12-13,9100
00903,富邦元宇宙,320,30,290,群益金鼎,2024-12-13,9100
3042,晶技,272,0,272,群益金鼎,2024-12-13,9100
6239,力成,236,40,196,群益金鼎,2024-12-13,9100
00946,群益科技高息成長,603,413,190,群益金鼎,2024-12-13,9100
00962,台新AI優息動能,194,4,190,群益金鼎,2024-12-13,9100
1815,富喬,1117,928,189,群益金鼎,2024-12-13,9100
00891,中信關鍵半導體,200,17,183,群益金鼎,2024-12-13,9100
00945B,凱基美國非投等債,176,0,176,群益金鼎,2024-12-13,9100
3363,上詮,291,128,163,群益金鼎,2024-12-13,9100
00902,中信電池及儲能,220,77,143,群益金鼎,2024-12-13,9100
00893,國泰智能電動車,606,467,139,群益金鼎,2024-12-13,9100
00881,國泰台灣5G+,138,4,134,群益金鼎,2024-12-13,9100
5534,長虹,116,6,110,群益金鼎,2024-12-13,9100
0050,元大台灣50,158,52,106,群益金鼎,2024-12-13,9100
3037,欣興,249,144,105,群益金鼎,2024-12-13,9100
2609,陽明,164,61,103,群益金鼎,2024-12-13,9100
00955,中信日本商社,304,202,102,群益金鼎,2024-12-13,9100
00746B,富邦A級公司債,100,0,100,群益金鼎,2024-12-13,9100
00697B,元大美債7-10,100,0,100,群益金鼎,2024-12-13,9100
00740B,富邦全球投等債,100,0,100,群益金鼎,2024-12-13,9100
00956,中信日經高股息,100,0,100,群益金鼎,2024-12-13,9100
8045,達運光電,100,0,100,群益金鼎,2024-12-13,9100
9935,慶豐富,101,1,100,群益金鼎,2024-12-13,9100
2548,華固,99,1,98,群益金鼎,2024-12-13,9100
3034,聯詠,87,5,82,群益金鼎,2024-12-13,9100
00848B,中信新興亞洲債,183,103,80,群益金鼎,2024-12-13,9100
00670L,富邦NASDAQ正2,77,0,77,群益金鼎,2024-12-13,9100
00954,中信日本半導體,69,0,69,群益金鼎,2024-12-13,9100
2303,聯電,13074,107,12967,群益金鼎,2024-12-16,9100
00715L,期街口布蘭特正2,11392,2,11390,群益金鼎,2024-12-16,9100
00966B,統一ESG投等債15,2789,20,2769,群益金鼎,2024-12-16,9100
00934,中信成長高股息,2260,1,2259,群益金鼎,2024-12-16,9100
00642U,期元大S＆P石油,1967,0,1967,群益金鼎,2024-12-16,9100
3041,揚智,1858,12,1846,群益金鼎,2024-12-16,9100
00968B,元大優息投等債,1773,200,1573,群益金鼎,2024-12-16,9100
00795B,中信美國公債20年,1596,72,1524,群益金鼎,2024-12-16,9100
00665L,富邦�琤肭磪囓�2,1540,18,1522,群益金鼎,2024-12-16,9100
00945B,凱基美國非投等債,1128,0,1128,群益金鼎,2024-12-16,9100
00882,中信中國高股息,1071,1,1070,群益金鼎,2024-12-16,9100
00772B,中信高評級公司債,803,10,793,群益金鼎,2024-12-16,9100
00923,群益台ESG低碳50,878,160,718,群益金鼎,2024-12-16,9100
2368,金像電,997,368,629,群益金鼎,2024-12-16,9100
00646,元大S＆P500,654,32,622,群益金鼎,2024-12-16,9100
4960,誠美材,588,0,588,群益金鼎,2024-12-16,9100
2357,華碩,513,0,513,群益金鼎,2024-12-16,9100
2455,全新,573,93,480,群益金鼎,2024-12-16,9100
00891,中信關鍵半導體,481,5,476,群益金鼎,2024-12-16,9100
00650L,復華香港正2,474,0,474,群益金鼎,2024-12-16,9100
1815,富喬,989,528,461,群益金鼎,2024-12-16,9100
00664R,國泰臺灣加權反1,439,0,439,群益金鼎,2024-12-16,9100
00830,國泰費城半導體,940,509,431,群益金鼎,2024-12-16,9100
00892,富邦台灣半導體,379,0,379,群益金鼎,2024-12-16,9100
2201,裕隆,345,1,344,群益金鼎,2024-12-16,9100
2603,長榮,618,298,320,群益金鼎,2024-12-16,9100
2313,華通,599,308,291,群益金鼎,2024-12-16,9100
2337,旺宏,305,20,285,群益金鼎,2024-12-16,9100
00675L,富邦臺灣加權正2,249,2,247,群益金鼎,2024-12-16,9100
00935,野村臺灣新科技50,207,1,206,群益金鼎,2024-12-16,9100
2393,億光,213,9,204,群益金鼎,2024-12-16,9100
00939,統一台灣高息動能,203,2,201,群益金鼎,2024-12-16,9100
00955,中信日本商社,200,4,196,群益金鼎,2024-12-16,9100
2345,智邦,264,70,194,群益金鼎,2024-12-16,9100
2348,海悅,212,19,193,群益金鼎,2024-12-16,9100
2330,台積電,280,98,182,群益金鼎,2024-12-16,9100
2371,大同,235,75,160,群益金鼎,2024-12-16,9100
1513,中興電,205,50,155,群益金鼎,2024-12-16,9100
4906,正文,154,0,154,群益金鼎,2024-12-16,9100
00651R,復華香港反1,150,0,150,群益金鼎,2024-12-16,9100
9935,慶豐富,150,0,150,群益金鼎,2024-12-16,9100
6176,瑞儀,144,0,144,群益金鼎,2024-12-16,9100
4123,晟德,142,5,137,群益金鼎,2024-12-16,9100
0056,元大高股息,139,3,136,群益金鼎,2024-12-16,9100
2451,創見,130,0,130,群益金鼎,2024-12-16,9100
2374,佳能,207,82,125,群益金鼎,2024-12-16,9100
00740B,富邦全球投等債,122,0,122,群益金鼎,2024-12-16,9100
2705,六福,120,0,120,群益金鼎,2024-12-16,9100
006208,富邦台50,133,16,117,群益金鼎,2024-12-16,9100
9904,寶成,145,30,115,群益金鼎,2024-12-16,9100
2303,聯電,6182,70,6112,群益金鼎,2024-12-17,9100
00970B,新光BBB投等債20,5639,60,5579,群益金鼎,2024-12-17,9100
00940,元大台灣價值高息,3560,10,3550,群益金鼎,2024-12-17,9100
00966B,統一ESG投等債15,3457,233,3224,群益金鼎,2024-12-17,9100
00637L,元大滬深300正2,2739,16,2723,群益金鼎,2024-12-17,9100
4540,全球傳動,1876,27,1849,群益金鼎,2024-12-17,9100
00715L,期街口布蘭特正2,1735,0,1735,群益金鼎,2024-12-17,9100
2385,群光,1536,1,1535,群益金鼎,2024-12-17,9100
8299,群聯,1334,14,1320,群益金鼎,2024-12-17,9100
00929,復華台灣科技優息,1541,447,1094,群益金鼎,2024-12-17,9100
2049,上銀,999,64,935,群益金鼎,2024-12-17,9100
00642U,期元大S＆P石油,791,0,791,群益金鼎,2024-12-17,9100
00939,統一台灣高息動能,698,13,685,群益金鼎,2024-12-17,9100
0050,元大台灣50,666,2,664,群益金鼎,2024-12-17,9100
00891,中信關鍵半導體,661,0,661,群益金鼎,2024-12-17,9100
2540,愛山林,639,0,639,群益金鼎,2024-12-17,9100
00945B,凱基美國非投等債,628,1,627,群益金鼎,2024-12-17,9100
00934,中信成長高股息,599,0,599,群益金鼎,2024-12-17,9100
00948B,中信優息投資級債,1020,446,574,群益金鼎,2024-12-17,9100
2892,第一金,909,350,559,群益金鼎,2024-12-17,9100
00968B,元大優息投等債,604,46,558,群益金鼎,2024-12-17,9100
6531,愛普*,538,19,519,群益金鼎,2024-12-17,9100
2891,中信金,500,3,497,群益金鼎,2024-12-17,9100
4960,誠美材,460,0,460,群益金鼎,2024-12-17,9100
2330,台積電,539,85,454,群益金鼎,2024-12-17,9100
3706,神達,700,254,446,群益金鼎,2024-12-17,9100
2882,國泰金,438,1,437,群益金鼎,2024-12-17,9100
2357,華碩,445,9,436,群益金鼎,2024-12-17,9100
3041,揚智,2926,2491,435,群益金鼎,2024-12-17,9100
00892,富邦台灣半導體,435,1,434,群益金鼎,2024-12-17,9100
00720B,元大投資級公司債,456,31,425,群益金鼎,2024-12-17,9100
2404,漢唐,423,5,418,群益金鼎,2024-12-17,9100
00952,凱基台灣AI50,538,123,415,群益金鼎,2024-12-17,9100
00946,群益科技高息成長,607,208,399,群益金鼎,2024-12-17,9100
00938,凱基優選30,406,9,397,群益金鼎,2024-12-17,9100
2317,鴻海,477,80,397,群益金鼎,2024-12-17,9100
00675L,富邦臺灣加權正2,389,2,387,群益金鼎,2024-12-17,9100
00633L,富邦上証正2,675,301,374,群益金鼎,2024-12-17,9100
2883,凱基金,359,0,359,群益金鼎,2024-12-17,9100
00772B,中信高評級公司債,400,55,345,群益金鼎,2024-12-17,9100
1301,台塑,334,20,314,群益金鼎,2024-12-17,9100
3045,台灣大,261,1,260,群益金鼎,2024-12-17,9100
00722B,群益投資級電信債,1662,1425,237,群益金鼎,2024-12-17,9100
4979,華星光,307,70,237,群益金鼎,2024-12-17,9100
00664R,國泰臺灣加權反1,219,0,219,群益金鼎,2024-12-17,9100
00902,中信電池及儲能,288,74,214,群益金鼎,2024-12-17,9100
2368,金像電,370,164,206,群益金鼎,2024-12-17,9100
00773B,中信優先金融債,200,1,199,群益金鼎,2024-12-17,9100
2230,泰茂,203,6,197,群益金鼎,2024-12-17,9100
00655L,國泰中國A50正2,181,0,181,群益金鼎,2024-12-17,9100
00940,元大台灣價值高息,13407,0,13407,群益金鼎,2024-12-18,9100
2891,中信金,11609,29,11580,群益金鼎,2024-12-18,9100
00679B,元大美債20年,4771,0,4771,群益金鼎,2024-12-18,9100
00929,復華台灣科技優息,2555,128,2427,群益金鼎,2024-12-18,9100
1102,亞泥,2118,54,2064,群益金鼎,2024-12-18,9100
00919,群益台灣精選高息,2505,787,1718,群益金鼎,2024-12-18,9100
00967B,元大優息美債,1408,0,1408,群益金鼎,2024-12-18,9100
00966B,統一ESG投等債15,1379,55,1324,群益金鼎,2024-12-18,9100
2889,國票金,1210,11,1199,群益金鼎,2024-12-18,9100
00934,中信成長高股息,1234,127,1107,群益金鼎,2024-12-18,9100
5522,遠雄,1082,15,1067,群益金鼎,2024-12-18,9100
6005,群益證,954,10,944,群益金鼎,2024-12-18,9100
00939,統一台灣高息動能,1289,374,915,群益金鼎,2024-12-18,9100
00968B,元大優息投等債,1035,200,835,群益金鼎,2024-12-18,9100
00864B,中信美國公債0-1,1119,356,763,群益金鼎,2024-12-18,9100
2233,宇隆,807,51,756,群益金鼎,2024-12-18,9100
00923,群益台ESG低碳50,739,56,683,群益金鼎,2024-12-18,9100
00751B,元大AAA至A公司債,673,21,652,群益金鼎,2024-12-18,9100
00905,FT臺灣Smart,611,2,609,群益金鼎,2024-12-18,9100
00952,凱基台灣AI50,793,269,524,群益金鼎,2024-12-18,9100
00636,國泰中國A50,505,0,505,群益金鼎,2024-12-18,9100
2637,慧洋-KY,504,0,504,群益金鼎,2024-12-18,9100
2540,愛山林,511,10,501,群益金鼎,2024-12-18,9100
00893,國泰智能電動車,505,10,495,群益金鼎,2024-12-18,9100
4571,鈞興-KY,507,19,488,群益金鼎,2024-12-18,9100
00830,國泰費城半導體,789,324,465,群益金鼎,2024-12-18,9100
00926,凱基全球菁英55,737,282,455,群益金鼎,2024-12-18,9100
6558,興能高,494,77,417,群益金鼎,2024-12-18,9100
00970B,新光BBB投等債20,450,50,400,群益金鼎,2024-12-18,9100
8482,商億-KY,392,4,388,群益金鼎,2024-12-18,9100
2809,京城銀,364,1,363,群益金鼎,2024-12-18,9100
00713,元大台灣高息低波,377,21,356,群益金鼎,2024-12-18,9100
00642U,期元大S＆P石油,353,0,353,群益金鼎,2024-12-18,9100
2408,南亞科,456,109,347,群益金鼎,2024-12-18,9100
2606,裕民,400,53,347,群益金鼎,2024-12-18,9100
00891,中信關鍵半導體,384,62,322,群益金鼎,2024-12-18,9100
3481,群創,329,8,321,群益金鼎,2024-12-18,9100
4960,誠美材,306,1,305,群益金鼎,2024-12-18,9100
00719B,元大美債1-3,345,41,304,群益金鼎,2024-12-18,9100
2609,陽明,664,363,301,群益金鼎,2024-12-18,9100
5371,中光電,393,154,239,群益金鼎,2024-12-18,9100
00948B,中信優息投資級債,237,0,237,群益金鼎,2024-12-18,9100
2359,所羅門,661,436,225,群益金鼎,2024-12-18,9100
8299,群聯,225,3,222,群益金鼎,2024-12-18,9100
5388,中磊,215,5,210,群益金鼎,2024-12-18,9100
00650L,復華香港正2,211,5,206,群益金鼎,2024-12-18,9100
2393,億光,205,5,200,群益金鼎,2024-12-18,9100
2301,光寶科,211,11,200,群益金鼎,2024-12-18,9100
2348,海悅,208,8,200,群益金鼎,2024-12-18,9100
6488,環球晶,193,0,193,群益金鼎,2024-12-18,9100
0056,元大高股息,4019,11,4008,群益金鼎,2024-12-19,9100
00637L,元大滬深300正2,4060,75,3985,群益金鼎,2024-12-19,9100
00953B,群益優選非投等債,3480,41,3439,群益金鼎,2024-12-19,9100
00929,復華台灣科技優息,3261,24,3237,群益金鼎,2024-12-19,9100
00720B,元大投資級公司債,2608,1,2607,群益金鼎,2024-12-19,9100
2374,佳能,2470,355,2115,群益金鼎,2024-12-19,9100
1442,名軒,2105,8,2097,群益金鼎,2024-12-19,9100
00881,國泰台灣5G+,1677,166,1511,群益金鼎,2024-12-19,9100
00940,元大台灣價值高息,1522,11,1511,群益金鼎,2024-12-19,9100
00673R,期元大S＆P原油反1,1503,0,1503,群益金鼎,2024-12-19,9100
8299,群聯,1210,8,1202,群益金鼎,2024-12-19,9100
2540,愛山林,1165,0,1165,群益金鼎,2024-12-19,9100
6285,啟��,1118,54,1064,群益金鼎,2024-12-19,9100
00962,台新AI優息動能,1026,0,1026,群益金鼎,2024-12-19,9100
00671R,富邦NASDAQ反1,853,0,853,群益金鼎,2024-12-19,9100
00715L,期街口布蘭特正2,816,0,816,群益金鼎,2024-12-19,9100
5483,中美晶,1153,500,653,群益金鼎,2024-12-19,9100
00946,群益科技高息成長,629,41,588,群益金鼎,2024-12-19,9100
2609,陽明,976,394,582,群益金鼎,2024-12-19,9100
00882,中信中國高股息,590,8,582,群益金鼎,2024-12-19,9100
2313,華通,864,302,562,群益金鼎,2024-12-19,9100
2449,京元電子,688,133,555,群益金鼎,2024-12-19,9100
2882,國泰金,548,0,548,群益金鼎,2024-12-19,9100
00676R,富邦臺灣加權反1,547,0,547,群益金鼎,2024-12-19,9100
5876,上海商銀,545,1,544,群益金鼎,2024-12-19,9100
2637,慧洋-KY,502,0,502,群益金鼎,2024-12-19,9100
00633L,富邦上証正2,565,63,502,群益金鼎,2024-12-19,9100
00664R,國泰臺灣加權反1,499,0,499,群益金鼎,2024-12-19,9100
2049,上銀,526,35,491,群益金鼎,2024-12-19,9100
6005,群益證,501,15,486,群益金鼎,2024-12-19,9100
2889,國票金,500,16,484,群益金鼎,2024-12-19,9100
00893,國泰智能電動車,477,5,472,群益金鼎,2024-12-19,9100
00724B,群益投資級金融債,2903,2460,443,群益金鼎,2024-12-19,9100
00948B,中信優息投資級債,2072,1632,440,群益金鼎,2024-12-19,9100
2606,裕民,427,0,427,群益金鼎,2024-12-19,9100
00772B,中信高評級公司債,422,0,422,群益金鼎,2024-12-19,9100
00757,統一FANG+,514,125,389,群益金鼎,2024-12-19,9100
5522,遠雄,379,14,365,群益金鼎,2024-12-19,9100
1815,富喬,425,76,349,群益金鼎,2024-12-19,9100
1301,台塑,514,170,344,群益金鼎,2024-12-19,9100
6274,台燿,420,107,313,群益金鼎,2024-12-19,9100
2317,鴻海,316,5,311,群益金鼎,2024-12-19,9100
4960,誠美材,309,0,309,群益金鼎,2024-12-19,9100
00945B,凱基美國非投等債,301,0,301,群益金鼎,2024-12-19,9100
00728,第一金工業30,291,1,290,群益金鼎,2024-12-19,9100
3450,聯鈞,322,41,281,群益金鼎,2024-12-19,9100
00669R,國泰美國道瓊反1,469,200,269,群益金鼎,2024-12-19,9100
00934,中信成長高股息,393,132,261,群益金鼎,2024-12-19,9100
00722B,群益投資級電信債,2226,1971,255,群益金鼎,2024-12-19,9100
00636,國泰中國A50,260,31,229,群益金鼎,2024-12-19,9100
