Ticker,Name,buy,sell,diff,Branch,Date,Branch_Code
00632R,元大台灣50反1,241,20,221,群益金鼎-敦南,2023-01-03,9101
00891,中信關鍵半導體,70,0,70,群益金鼎-敦南,2023-01-03,9101
00885,富邦越南,55,3,52,群益金鼎-敦南,2023-01-03,9101
2867,三商壽,54,10,44,群益金鼎-敦南,2023-01-03,9101
2027,大成鋼,45,1,44,群益金鼎-敦南,2023-01-03,9101
1529,樂事綠能,43,0,43,群益金鼎-敦南,2023-01-03,9101
3508,位速,31,0,31,群益金鼎-敦南,2023-01-03,9101
4167,松瑞藥,35,13,22,群益金鼎-敦南,2023-01-03,9101
9802,鈺齊-KY,21,1,20,群益金鼎-敦南,2023-01-03,9101
1513,中興電,43,25,18,群益金鼎-敦南,2023-01-03,9101
2887,台新金,18,0,18,群益金鼎-敦南,2023-01-03,9101
6770,力積電,17,0,17,群益金鼎-敦南,2023-01-03,9101
3479,安勤,54,37,17,群益金鼎-敦南,2023-01-03,9101
8429,金麗-KY,16,0,16,群益金鼎-敦南,2023-01-03,9101
8171,天宇,18,3,15,群益金鼎-敦南,2023-01-03,9101
2882,國泰金,14,1,13,群益金鼎-敦南,2023-01-03,9101
3532,台勝科,15,2,13,群益金鼎-敦南,2023-01-03,9101
3035,智原,28,15,13,群益金鼎-敦南,2023-01-03,9101
2002,中鋼,13,2,11,群益金鼎-敦南,2023-01-03,9101
2603,長榮,31,21,10,群益金鼎-敦南,2023-01-03,9101
2449,京元電子,10,0,10,群益金鼎-敦南,2023-01-03,9101
0056,元大高股息,10,0,10,群益金鼎-敦南,2023-01-03,9101
1605,華新,31,22,9,群益金鼎-敦南,2023-01-03,9101
3481,群創,13,4,9,群益金鼎-敦南,2023-01-03,9101
2201,裕隆,16,7,9,群益金鼎-敦南,2023-01-03,9101
6220,岳豐,9,0,9,群益金鼎-敦南,2023-01-03,9101
2890,永豐金,8,0,8,群益金鼎-敦南,2023-01-03,9101
8027,鈦昇,8,0,8,群益金鼎-敦南,2023-01-03,9101
2430,燦坤,7,0,7,群益金鼎-敦南,2023-01-03,9101
00772B,中信高評級公司債,7,0,7,群益金鼎-敦南,2023-01-03,9101
00878,國泰永續高股息,6,0,6,群益金鼎-敦南,2023-01-03,9101
2610,華航,11,5,6,群益金鼎-敦南,2023-01-03,9101
1795,美時,17,11,6,群益金鼎-敦南,2023-01-03,9101
2618,長榮航,21,15,6,群益金鼎-敦南,2023-01-03,9101
00902,中信電池及儲能,6,0,6,群益金鼎-敦南,2023-01-03,9101
6111,大宇資,79,73,6,群益金鼎-敦南,2023-01-03,9101
00679B,元大美債20年,5,0,5,群益金鼎-敦南,2023-01-03,9101
3535,晶彩科,5,0,5,群益金鼎-敦南,2023-01-03,9101
00635U,期元大S＆P黃金,5,0,5,群益金鼎-敦南,2023-01-03,9101
4121,優盛,13,8,5,群益金鼎-敦南,2023-01-03,9101
2609,陽明,14,9,5,群益金鼎-敦南,2023-01-03,9101
8112,至上,5,0,5,群益金鼎-敦南,2023-01-03,9101
4503,金雨,5,0,5,群益金鼎-敦南,2023-01-03,9101
00773B,中信優先金融債,5,0,5,群益金鼎-敦南,2023-01-03,9101
3047,訊舟,5,0,5,群益金鼎-敦南,2023-01-03,9101
00637L,元大滬深300正2,10,5,5,群益金鼎-敦南,2023-01-03,9101
2891,中信金,4,0,4,群益金鼎-敦南,2023-01-03,9101
0050,元大台灣50,4,0,4,群益金鼎-敦南,2023-01-03,9101
2207,和泰車,4,0,4,群益金鼎-敦南,2023-01-03,9101
00881,國泰台灣5G+,4,0,4,群益金鼎-敦南,2023-01-03,9101
1701,中化,78,10,68,群益金鼎-敦南,2023-01-04,9101
00893,國泰智能電動車,67,0,67,群益金鼎-敦南,2023-01-04,9101
8935,邦泰,60,0,60,群益金鼎-敦南,2023-01-04,9101
00878,國泰永續高股息,42,0,42,群益金鼎-敦南,2023-01-04,9101
1795,美時,56,14,42,群益金鼎-敦南,2023-01-04,9101
4102,永日,41,0,41,群益金鼎-敦南,2023-01-04,9101
2702,華園,40,0,40,群益金鼎-敦南,2023-01-04,9101
4114,健喬,41,5,36,群益金鼎-敦南,2023-01-04,9101
6235,華孚,50,18,32,群益金鼎-敦南,2023-01-04,9101
00772B,中信高評級公司債,30,0,30,群益金鼎-敦南,2023-01-04,9101
2498,宏達電,55,27,28,群益金鼎-敦南,2023-01-04,9101
3432,台端,25,0,25,群益金鼎-敦南,2023-01-04,9101
00885,富邦越南,39,15,24,群益金鼎-敦南,2023-01-04,9101
6443,元晶,30,7,23,群益金鼎-敦南,2023-01-04,9101
1467,南緯,20,0,20,群益金鼎-敦南,2023-01-04,9101
2603,長榮,56,37,19,群益金鼎-敦南,2023-01-04,9101
1609,大亞,72,55,17,群益金鼎-敦南,2023-01-04,9101
1760,寶齡富錦,19,3,16,群益金鼎-敦南,2023-01-04,9101
2425,承啟,22,7,15,群益金鼎-敦南,2023-01-04,9101
3706,神達,15,0,15,群益金鼎-敦南,2023-01-04,9101
8046,南電,20,7,13,群益金鼎-敦南,2023-01-04,9101
0056,元大高股息,14,1,13,群益金鼎-敦南,2023-01-04,9101
5608,四維航,12,0,12,群益金鼎-敦南,2023-01-04,9101
2884,玉山金,12,1,11,群益金鼎-敦南,2023-01-04,9101
3209,全科,16,5,11,群益金鼎-敦南,2023-01-04,9101
1909,榮成,14,3,11,群益金鼎-敦南,2023-01-04,9101
3545,敦泰,18,8,10,群益金鼎-敦南,2023-01-04,9101
5009,榮剛,63,53,10,群益金鼎-敦南,2023-01-04,9101
1721,三晃,10,0,10,群益金鼎-敦南,2023-01-04,9101
8069,元太,52,42,10,群益金鼎-敦南,2023-01-04,9101
3710,連展投控,8,0,8,群益金鼎-敦南,2023-01-04,9101
5371,中光電,8,0,8,群益金鼎-敦南,2023-01-04,9101
6477,安集,9,2,7,群益金鼎-敦南,2023-01-04,9101
4167,松瑞藥,28,21,7,群益金鼎-敦南,2023-01-04,9101
4977,眾達-KY,10,3,7,群益金鼎-敦南,2023-01-04,9101
4162,智擎,12,6,6,群益金鼎-敦南,2023-01-04,9101
00679B,元大美債20年,6,0,6,群益金鼎-敦南,2023-01-04,9101
4128,中天,6,0,6,群益金鼎-敦南,2023-01-04,9101
1752,南光,55,49,6,群益金鼎-敦南,2023-01-04,9101
2368,金像電,7,1,6,群益金鼎-敦南,2023-01-04,9101
3037,欣興,20,15,5,群益金鼎-敦南,2023-01-04,9101
3625,西勝,5,0,5,群益金鼎-敦南,2023-01-04,9101
2465,麗臺,68,63,5,群益金鼎-敦南,2023-01-04,9101
00770,國泰北美科技,5,0,5,群益金鼎-敦南,2023-01-04,9101
6176,瑞儀,5,0,5,群益金鼎-敦南,2023-01-04,9101
6167,久正,5,0,5,群益金鼎-敦南,2023-01-04,9101
3217,優群,5,0,5,群益金鼎-敦南,2023-01-04,9101
1736,喬山,6,1,5,群益金鼎-敦南,2023-01-04,9101
6525,捷敏-KY,5,0,5,群益金鼎-敦南,2023-01-04,9101
00665L,富邦�琤肭磪囓�2,10,5,5,群益金鼎-敦南,2023-01-04,9101
00878,國泰永續高股息,101,3,98,群益金鼎-敦南,2023-01-05,9101
2887,台新金,96,3,93,群益金鼎-敦南,2023-01-05,9101
3027,盛達,77,36,41,群益金鼎-敦南,2023-01-05,9101
3479,安勤,140,99,41,群益金鼎-敦南,2023-01-05,9101
3024,憶聲,31,0,31,群益金鼎-敦南,2023-01-05,9101
00773B,中信優先金融債,30,0,30,群益金鼎-敦南,2023-01-05,9101
5371,中光電,32,2,30,群益金鼎-敦南,2023-01-05,9101
8069,元太,44,20,24,群益金鼎-敦南,2023-01-05,9101
1524,耿鼎,25,4,21,群益金鼎-敦南,2023-01-05,9101
1536,和大,21,0,21,群益金鼎-敦南,2023-01-05,9101
4303,信立,18,0,18,群益金鼎-敦南,2023-01-05,9101
1467,南緯,18,0,18,群益金鼎-敦南,2023-01-05,9101
2609,陽明,27,10,17,群益金鼎-敦南,2023-01-05,9101
8436,大江,25,9,16,群益金鼎-敦南,2023-01-05,9101
1504,東元,30,15,15,群益金鼎-敦南,2023-01-05,9101
2618,長榮航,15,0,15,群益金鼎-敦南,2023-01-05,9101
1342,八貫,20,5,15,群益金鼎-敦南,2023-01-05,9101
3037,欣興,17,4,13,群益金鼎-敦南,2023-01-05,9101
6517,保勝光學,15,2,13,群益金鼎-敦南,2023-01-05,9101
1529,樂事綠能,38,26,12,群益金鼎-敦南,2023-01-05,9101
3217,優群,12,0,12,群益金鼎-敦南,2023-01-05,9101
8358,金居,41,29,12,群益金鼎-敦南,2023-01-05,9101
2392,正崴,11,0,11,群益金鼎-敦南,2023-01-05,9101
5351,鈺創,43,32,11,群益金鼎-敦南,2023-01-05,9101
6443,元晶,11,0,11,群益金鼎-敦南,2023-01-05,9101
00665L,富邦�琤肭磪囓�2,16,5,11,群益金鼎-敦南,2023-01-05,9101
00770,國泰北美科技,10,0,10,群益金鼎-敦南,2023-01-05,9101
00751B,元大AAA至A公司債,10,0,10,群益金鼎-敦南,2023-01-05,9101
5905,南仁湖,10,0,10,群益金鼎-敦南,2023-01-05,9101
1752,南光,13,3,10,群益金鼎-敦南,2023-01-05,9101
2317,鴻海,21,12,9,群益金鼎-敦南,2023-01-05,9101
3687,歐買尬,11,2,9,群益金鼎-敦南,2023-01-05,9101
5009,榮剛,63,54,9,群益金鼎-敦南,2023-01-05,9101
2603,長榮,30,22,8,群益金鼎-敦南,2023-01-05,9101
00679B,元大美債20年,8,0,8,群益金鼎-敦南,2023-01-05,9101
4114,健喬,23,15,8,群益金鼎-敦南,2023-01-05,9101
3141,晶宏,9,1,8,群益金鼎-敦南,2023-01-05,9101
2313,華通,8,0,8,群益金鼎-敦南,2023-01-05,9101
4121,優盛,10,2,8,群益金鼎-敦南,2023-01-05,9101
6244,茂迪,12,5,7,群益金鼎-敦南,2023-01-05,9101
3704,合勤控,50,43,7,群益金鼎-敦南,2023-01-05,9101
00894,中信小資高價30,7,0,7,群益金鼎-敦南,2023-01-05,9101
3693,營邦,43,36,7,群益金鼎-敦南,2023-01-05,9101
00639,富邦深100,7,0,7,群益金鼎-敦南,2023-01-05,9101
2472,立隆電,7,0,7,群益金鼎-敦南,2023-01-05,9101
3083,網龍,8,2,6,群益金鼎-敦南,2023-01-05,9101
3035,智原,25,19,6,群益金鼎-敦南,2023-01-05,9101
3498,陽程,6,0,6,群益金鼎-敦南,2023-01-05,9101
3017,奇鋐,6,0,6,群益金鼎-敦南,2023-01-05,9101
4934,太極,5,0,5,群益金鼎-敦南,2023-01-05,9101
00632R,元大台灣50反1,164,54,110,群益金鼎-敦南,2023-01-06,9101
1701,中化,121,16,105,群益金鼎-敦南,2023-01-06,9101
4114,健喬,96,39,57,群益金鼎-敦南,2023-01-06,9101
2027,大成鋼,55,0,55,群益金鼎-敦南,2023-01-06,9101
1795,美時,48,6,42,群益金鼎-敦南,2023-01-06,9101
3693,營邦,69,36,33,群益金鼎-敦南,2023-01-06,9101
00882,中信中國高股息,30,1,29,群益金鼎-敦南,2023-01-06,9101
00715L,期街口布蘭特正2,27,0,27,群益金鼎-敦南,2023-01-06,9101
00720B,元大投資級公司債,18,0,18,群益金鼎-敦南,2023-01-06,9101
2867,三商壽,17,0,17,群益金鼎-敦南,2023-01-06,9101
1536,和大,12,0,12,群益金鼎-敦南,2023-01-06,9101
2329,華泰,12,0,12,群益金鼎-敦南,2023-01-06,9101
5905,南仁湖,13,1,12,群益金鼎-敦南,2023-01-06,9101
1524,耿鼎,13,1,12,群益金鼎-敦南,2023-01-06,9101
2359,所羅門,16,5,11,群益金鼎-敦南,2023-01-06,9101
00665L,富邦�琤肭磪囓�2,16,5,11,群益金鼎-敦南,2023-01-06,9101
2886,兆豐金,10,0,10,群益金鼎-敦南,2023-01-06,9101
1609,大亞,16,6,10,群益金鼎-敦南,2023-01-06,9101
2618,長榮航,11,1,10,群益金鼎-敦南,2023-01-06,9101
6182,合晶,10,0,10,群益金鼎-敦南,2023-01-06,9101
5009,榮剛,62,52,10,群益金鼎-敦南,2023-01-06,9101
00642U,期元大S＆P石油,10,0,10,群益金鼎-敦南,2023-01-06,9101
4960,誠美材,10,0,10,群益金鼎-敦南,2023-01-06,9101
4303,信立,10,0,10,群益金鼎-敦南,2023-01-06,9101
1519,華城,35,25,10,群益金鼎-敦南,2023-01-06,9101
1417,嘉裕,31,22,9,群益金鼎-敦南,2023-01-06,9101
4979,華星光,12,3,9,群益金鼎-敦南,2023-01-06,9101
6180,橘子,8,0,8,群益金鼎-敦南,2023-01-06,9101
4121,優盛,10,2,8,群益金鼎-敦南,2023-01-06,9101
6517,保勝光學,10,2,8,群益金鼎-敦南,2023-01-06,9101
1101,台泥,18,11,7,群益金鼎-敦南,2023-01-06,9101
2605,新興,10,3,7,群益金鼎-敦南,2023-01-06,9101
00751B,元大AAA至A公司債,8,1,7,群益金鼎-敦南,2023-01-06,9101
9933,中鼎,10,3,7,群益金鼎-敦南,2023-01-06,9101
2609,陽明,8,1,7,群益金鼎-敦南,2023-01-06,9101
3712,永崴投控,6,0,6,群益金鼎-敦南,2023-01-06,9101
8436,大江,6,0,6,群益金鼎-敦南,2023-01-06,9101
2838A,聯邦銀甲特,6,0,6,群益金鼎-敦南,2023-01-06,9101
6589,台康生技,19,13,6,群益金鼎-敦南,2023-01-06,9101
00893,國泰智能電動車,6,0,6,群益金鼎-敦南,2023-01-06,9101
2317,鴻海,6,1,5,群益金鼎-敦南,2023-01-06,9101
2308,台達電,5,0,5,群益金鼎-敦南,2023-01-06,9101
6220,岳豐,5,0,5,群益金鼎-敦南,2023-01-06,9101
8038,長園科,5,0,5,群益金鼎-敦南,2023-01-06,9101
3017,奇鋐,5,0,5,群益金鼎-敦南,2023-01-06,9101
8091,翔名,5,0,5,群益金鼎-敦南,2023-01-06,9101
2884,玉山金,7,2,5,群益金鼎-敦南,2023-01-06,9101
6197,佳必琪,5,0,5,群益金鼎-敦南,2023-01-06,9101
1305,華夏,6,1,5,群益金鼎-敦南,2023-01-06,9101
6806,森崴能源,45,40,5,群益金鼎-敦南,2023-01-06,9101
00671R,富邦NASDAQ反1,145,45,100,群益金鼎-敦南,2023-01-09,9101
00637L,元大滬深300正2,100,25,75,群益金鼎-敦南,2023-01-09,9101
5225,東科-KY,33,0,33,群益金鼎-敦南,2023-01-09,9101
3479,安勤,35,5,30,群益金鼎-敦南,2023-01-09,9101
2419,仲琦,48,22,26,群益金鼎-敦南,2023-01-09,9101
2603,長榮,46,21,25,群益金鼎-敦南,2023-01-09,9101
2367,燿華,36,12,24,群益金鼎-敦南,2023-01-09,9101
6104,創惟,30,7,23,群益金鼎-敦南,2023-01-09,9101
2027,大成鋼,21,1,20,群益金鼎-敦南,2023-01-09,9101
4763,材料-KY,24,9,15,群益金鼎-敦南,2023-01-09,9101
8069,元太,39,25,14,群益金鼎-敦南,2023-01-09,9101
00642U,期元大S＆P石油,14,0,14,群益金鼎-敦南,2023-01-09,9101
3704,合勤控,20,7,13,群益金鼎-敦南,2023-01-09,9101
5426,振發,13,0,13,群益金鼎-敦南,2023-01-09,9101
2457,飛宏,13,2,11,群益金鼎-敦南,2023-01-09,9101
6150,撼訊,11,0,11,群益金鼎-敦南,2023-01-09,9101
2498,宏達電,18,7,11,群益金鼎-敦南,2023-01-09,9101
3141,晶宏,12,2,10,群益金鼎-敦南,2023-01-09,9101
00673R,期元大S＆P原油反1,10,0,10,群益金鼎-敦南,2023-01-09,9101
6770,力積電,18,8,10,群益金鼎-敦南,2023-01-09,9101
2482,連宇,9,0,9,群益金鼎-敦南,2023-01-09,9101
6182,合晶,11,3,8,群益金鼎-敦南,2023-01-09,9101
5871,中租-KY,8,0,8,群益金鼎-敦南,2023-01-09,9101
00631L,元大台灣50正2,18,10,8,群益金鼎-敦南,2023-01-09,9101
00885,富邦越南,9,1,8,群益金鼎-敦南,2023-01-09,9101
5351,鈺創,27,19,8,群益金鼎-敦南,2023-01-09,9101
2834,臺企銀,17,9,8,群益金鼎-敦南,2023-01-09,9101
6441,廣錠,7,0,7,群益金鼎-敦南,2023-01-09,9101
4121,優盛,8,1,7,群益金鼎-敦南,2023-01-09,9101
3481,群創,9,2,7,群益金鼎-敦南,2023-01-09,9101
4961,天鈺,43,36,7,群益金鼎-敦南,2023-01-09,9101
2313,華通,19,13,6,群益金鼎-敦南,2023-01-09,9101
5009,榮剛,36,30,6,群益金鼎-敦南,2023-01-09,9101
3015,全漢,6,0,6,群益金鼎-敦南,2023-01-09,9101
2323,中環,6,0,6,群益金鼎-敦南,2023-01-09,9101
3714,富采,6,0,6,群益金鼎-敦南,2023-01-09,9101
6477,安集,6,0,6,群益金鼎-敦南,2023-01-09,9101
2014,中鴻,24,19,5,群益金鼎-敦南,2023-01-09,9101
6517,保勝光學,5,0,5,群益金鼎-敦南,2023-01-09,9101
5284,jpp-KY,9,4,5,群益金鼎-敦南,2023-01-09,9101
1529,樂事綠能,30,25,5,群益金鼎-敦南,2023-01-09,9101
1608,華榮,5,0,5,群益金鼎-敦南,2023-01-09,9101
4934,太極,5,0,5,群益金鼎-敦南,2023-01-09,9101
6215,和椿,16,11,5,群益金鼎-敦南,2023-01-09,9101
9912,偉聯,5,0,5,群益金鼎-敦南,2023-01-09,9101
1215,卜蜂,5,0,5,群益金鼎-敦南,2023-01-09,9101
00893,國泰智能電動車,5,0,5,群益金鼎-敦南,2023-01-09,9101
2302,麗正,5,0,5,群益金鼎-敦南,2023-01-09,9101
2101,南港,5,0,5,群益金鼎-敦南,2023-01-09,9101
1808,潤隆,5,0,5,群益金鼎-敦南,2023-01-09,9101
00637L,元大滬深300正2,402,7,395,群益金鼎-敦南,2023-01-10,9101
2867,三商壽,65,0,65,群益金鼎-敦南,2023-01-10,9101
8249,菱光,67,17,50,群益金鼎-敦南,2023-01-10,9101
00882,中信中國高股息,40,0,40,群益金鼎-敦南,2023-01-10,9101
2358,廷鑫,36,2,34,群益金鼎-敦南,2023-01-10,9101
6770,力積電,41,7,34,群益金鼎-敦南,2023-01-10,9101
2916,滿心,35,2,33,群益金鼎-敦南,2023-01-10,9101
2610,華航,29,0,29,群益金鼎-敦南,2023-01-10,9101
2609,陽明,24,1,23,群益金鼎-敦南,2023-01-10,9101
2888,新光金,21,0,21,群益金鼎-敦南,2023-01-10,9101
00917,中信特選金融,20,0,20,群益金鼎-敦南,2023-01-10,9101
6261,久元,20,0,20,群益金鼎-敦南,2023-01-10,9101
00632R,元大台灣50反1,1019,1001,18,群益金鼎-敦南,2023-01-10,9101
3162,精確,16,0,16,群益金鼎-敦南,2023-01-10,9101
2380,虹光,15,0,15,群益金鼎-敦南,2023-01-10,9101
5243,乙盛-KY,15,0,15,群益金鼎-敦南,2023-01-10,9101
2413,環科,17,2,15,群益金鼎-敦南,2023-01-10,9101
1760,寶齡富錦,16,3,13,群益金鼎-敦南,2023-01-10,9101
0056,元大高股息,15,2,13,群益金鼎-敦南,2023-01-10,9101
3013,晟銘電,12,0,12,群益金鼎-敦南,2023-01-10,9101
3520,華盈,12,0,12,群益金鼎-敦南,2023-01-10,9101
00642U,期元大S＆P石油,12,0,12,群益金鼎-敦南,2023-01-10,9101
00900,富邦特選高股息30,12,0,12,群益金鼎-敦南,2023-01-10,9101
2201,裕隆,29,18,11,群益金鼎-敦南,2023-01-10,9101
1708,東鹼,11,0,11,群益金鼎-敦南,2023-01-10,9101
1417,嘉裕,30,19,11,群益金鼎-敦南,2023-01-10,9101
3141,晶宏,30,19,11,群益金鼎-敦南,2023-01-10,9101
4128,中天,13,3,10,群益金鼎-敦南,2023-01-10,9101
3682,亞太電,10,0,10,群益金鼎-敦南,2023-01-10,9101
4121,優盛,11,1,10,群益金鼎-敦南,2023-01-10,9101
00676R,富邦臺灣加權反1,10,0,10,群益金鼎-敦南,2023-01-10,9101
2515,中工,10,0,10,群益金鼎-敦南,2023-01-10,9101
2449,京元電子,10,0,10,群益金鼎-敦南,2023-01-10,9101
2027,大成鋼,21,11,10,群益金鼎-敦南,2023-01-10,9101
00631L,元大台灣50正2,10,1,9,群益金鼎-敦南,2023-01-10,9101
2014,中鴻,15,6,9,群益金鼎-敦南,2023-01-10,9101
3272,東碩,13,4,9,群益金鼎-敦南,2023-01-10,9101
6446,藥華藥,8,0,8,群益金鼎-敦南,2023-01-10,9101
5905,南仁湖,8,1,7,群益金鼎-敦南,2023-01-10,9101
6122,擎邦,7,0,7,群益金鼎-敦南,2023-01-10,9101
6441,廣錠,9,2,7,群益金鼎-敦南,2023-01-10,9101
2388,威盛,22,16,6,群益金鼎-敦南,2023-01-10,9101
6679,鈺太,7,1,6,群益金鼎-敦南,2023-01-10,9101
2101,南港,6,0,6,群益金鼎-敦南,2023-01-10,9101
3289,宜特,6,0,6,群益金鼎-敦南,2023-01-10,9101
4114,健喬,20,14,6,群益金鼎-敦南,2023-01-10,9101
3128,昇銳,29,23,6,群益金鼎-敦南,2023-01-10,9101
8069,元太,18,12,6,群益金鼎-敦南,2023-01-10,9101
2882,國泰金,11,5,6,群益金鼎-敦南,2023-01-10,9101
3406,玉晶光,15,10,5,群益金鼎-敦南,2023-01-10,9101
2867,三商壽,114,0,114,群益金鼎-敦南,2023-01-11,9101
00878,國泰永續高股息,61,0,61,群益金鼎-敦南,2023-01-11,9101
1108,幸福,54,0,54,群益金鼎-敦南,2023-01-11,9101
2027,大成鋼,54,3,51,群益金鼎-敦南,2023-01-11,9101
1808,潤隆,35,0,35,群益金鼎-敦南,2023-01-11,9101
5871A,中租-KY甲特,35,0,35,群益金鼎-敦南,2023-01-11,9101
3479,安勤,33,0,33,群益金鼎-敦南,2023-01-11,9101
1795,美時,48,20,28,群益金鼎-敦南,2023-01-11,9101
2883B,凱基金乙特,25,2,23,群益金鼎-敦南,2023-01-11,9101
2061,風青,20,0,20,群益金鼎-敦南,2023-01-11,9101
00637L,元大滬深300正2,50,30,20,群益金鼎-敦南,2023-01-11,9101
1513,中興電,32,17,15,群益金鼎-敦南,2023-01-11,9101
6227,茂綸,15,0,15,群益金鼎-敦南,2023-01-11,9101
5371,中光電,26,12,14,群益金鼎-敦南,2023-01-11,9101
8069,元太,49,35,14,群益金鼎-敦南,2023-01-11,9101
2834,臺企銀,21,8,13,群益金鼎-敦南,2023-01-11,9101
6024,群益期,13,0,13,群益金鼎-敦南,2023-01-11,9101
2330,台積電,21,8,13,群益金鼎-敦南,2023-01-11,9101
6244,茂迪,12,0,12,群益金鼎-敦南,2023-01-11,9101
3027,盛達,73,61,12,群益金鼎-敦南,2023-01-11,9101
6806,森崴能源,16,4,12,群益金鼎-敦南,2023-01-11,9101
2881,富邦金,13,1,12,群益金鼎-敦南,2023-01-11,9101
2888,新光金,60,49,11,群益金鼎-敦南,2023-01-11,9101
8436,大江,11,0,11,群益金鼎-敦南,2023-01-11,9101
8401,白紗科,10,0,10,群益金鼎-敦南,2023-01-11,9101
00773B,中信優先金融債,10,0,10,群益金鼎-敦南,2023-01-11,9101
2535,達欣工,10,0,10,群益金鼎-敦南,2023-01-11,9101
6167,久正,10,0,10,群益金鼎-敦南,2023-01-11,9101
3710,連展投控,10,0,10,群益金鼎-敦南,2023-01-11,9101
5291,邑昇,8,0,8,群益金鼎-敦南,2023-01-11,9101
00772B,中信高評級公司債,8,0,8,群益金鼎-敦南,2023-01-11,9101
8046,南電,17,9,8,群益金鼎-敦南,2023-01-11,9101
6533,晶心科,25,18,7,群益金鼎-敦南,2023-01-11,9101
2313,華通,12,5,7,群益金鼎-敦南,2023-01-11,9101
6290,良維,7,0,7,群益金鼎-敦南,2023-01-11,9101
2481,強茂,8,1,7,群益金鼎-敦南,2023-01-11,9101
2892,第一金,7,0,7,群益金鼎-敦南,2023-01-11,9101
3209,全科,6,0,6,群益金鼎-敦南,2023-01-11,9101
3682,亞太電,6,0,6,群益金鼎-敦南,2023-01-11,9101
4931,新盛力,18,12,6,群益金鼎-敦南,2023-01-11,9101
2489,瑞軒,6,0,6,群益金鼎-敦南,2023-01-11,9101
6472,保瑞,7,1,6,群益金鼎-敦南,2023-01-11,9101
3081,聯亞,6,0,6,群益金鼎-敦南,2023-01-11,9101
9941,裕融,7,1,6,群益金鼎-敦南,2023-01-11,9101
2436,偉詮電,5,0,5,群益金鼎-敦南,2023-01-11,9101
2915,潤泰全,5,0,5,群益金鼎-敦南,2023-01-11,9101
2504,國產,5,0,5,群益金鼎-敦南,2023-01-11,9101
3006,晶豪科,8,3,5,群益金鼎-敦南,2023-01-11,9101
2201,裕隆,25,20,5,群益金鼎-敦南,2023-01-11,9101
1519,華城,8,3,5,群益金鼎-敦南,2023-01-11,9101
00891,中信關鍵半導體,50,0,50,群益金鼎-敦南,2023-01-12,9101
2356,英業達,40,0,40,群益金鼎-敦南,2023-01-12,9101
3037,欣興,25,4,21,群益金鼎-敦南,2023-01-12,9101
6261,久元,20,0,20,群益金鼎-敦南,2023-01-12,9101
2929,淘帝-KY,18,3,15,群益金鼎-敦南,2023-01-12,9101
2358,廷鑫,149,135,14,群益金鼎-敦南,2023-01-12,9101
00679B,元大美債20年,25,13,12,群益金鼎-敦南,2023-01-12,9101
4904,遠傳,14,2,12,群益金鼎-敦南,2023-01-12,9101
6176,瑞儀,12,0,12,群益金鼎-敦南,2023-01-12,9101
00878,國泰永續高股息,11,0,11,群益金鼎-敦南,2023-01-12,9101
3594,磐儀,11,0,11,群益金鼎-敦南,2023-01-12,9101
1218,泰山,11,0,11,群益金鼎-敦南,2023-01-12,9101
2603,長榮,20,9,11,群益金鼎-敦南,2023-01-12,9101
2880,華南金,10,0,10,群益金鼎-敦南,2023-01-12,9101
4513,福裕,10,0,10,群益金鼎-敦南,2023-01-12,9101
1809,中釉,16,6,10,群益金鼎-敦南,2023-01-12,9101
9907,統一實,10,0,10,群益金鼎-敦南,2023-01-12,9101
2834,臺企銀,10,0,10,群益金鼎-敦南,2023-01-12,9101
4536,拓凱,10,0,10,群益金鼎-敦南,2023-01-12,9101
2867,三商壽,10,1,9,群益金鼎-敦南,2023-01-12,9101
1795,美時,17,8,9,群益金鼎-敦南,2023-01-12,9101
2009,第一銅,72,64,8,群益金鼎-敦南,2023-01-12,9101
2615,萬海,11,3,8,群益金鼎-敦南,2023-01-12,9101
2610,華航,12,4,8,群益金鼎-敦南,2023-01-12,9101
6213,聯茂,8,0,8,群益金鼎-敦南,2023-01-12,9101
2359,所羅門,17,9,8,群益金鼎-敦南,2023-01-12,9101
00882,中信中國高股息,11,4,7,群益金鼎-敦南,2023-01-12,9101
2338,光罩,14,7,7,群益金鼎-敦南,2023-01-12,9101
2038,海光,9,2,7,群益金鼎-敦南,2023-01-12,9101
00905,FT臺灣Smart,7,0,7,群益金鼎-敦南,2023-01-12,9101
1720,生達,7,0,7,群益金鼎-敦南,2023-01-12,9101
2495,普安,7,0,7,群益金鼎-敦南,2023-01-12,9101
2023,燁輝,22,15,7,群益金鼎-敦南,2023-01-12,9101
2388,威盛,9,3,6,群益金鼎-敦南,2023-01-12,9101
00665L,富邦�琤肭磪囓�2,11,5,6,群益金鼎-敦南,2023-01-12,9101
6741,91APP*-KY,8,2,6,群益金鼎-敦南,2023-01-12,9101
1584,精剛,18,12,6,群益金鼎-敦南,2023-01-12,9101
4979,華星光,63,57,6,群益金鼎-敦南,2023-01-12,9101
3163,波若威,6,0,6,群益金鼎-敦南,2023-01-12,9101
2408,南亞科,5,0,5,群益金鼎-敦南,2023-01-12,9101
3083,網龍,5,0,5,群益金鼎-敦南,2023-01-12,9101
4915,致伸,5,0,5,群益金鼎-敦南,2023-01-12,9101
3438,類比科,5,0,5,群益金鼎-敦南,2023-01-12,9101
2313,華通,19,14,5,群益金鼎-敦南,2023-01-12,9101
3479,安勤,5,0,5,群益金鼎-敦南,2023-01-12,9101
2421,建準,5,0,5,群益金鼎-敦南,2023-01-12,9101
3710,連展投控,5,0,5,群益金鼎-敦南,2023-01-12,9101
2838A,聯邦銀甲特,6,1,5,群益金鼎-敦南,2023-01-12,9101
6245,立端,23,18,5,群益金鼎-敦南,2023-01-12,9101
6180,橘子,5,0,5,群益金鼎-敦南,2023-01-12,9101
5009,榮剛,90,33,57,群益金鼎-敦南,2023-01-13,9101
2412,中華電,40,0,40,群益金鼎-敦南,2023-01-13,9101
6188,廣明,41,1,40,群益金鼎-敦南,2023-01-13,9101
6719,力智,30,0,30,群益金鼎-敦南,2023-01-13,9101
2498,宏達電,38,9,29,群益金鼎-敦南,2023-01-13,9101
6261,久元,20,0,20,群益金鼎-敦南,2023-01-13,9101
2851,中再保,20,0,20,群益金鼎-敦南,2023-01-13,9101
1101,台泥,54,34,20,群益金鼎-敦南,2023-01-13,9101
8121,越峰,20,0,20,群益金鼎-敦南,2023-01-13,9101
9945,潤泰新,20,1,19,群益金鼎-敦南,2023-01-13,9101
00631L,元大台灣50正2,18,1,17,群益金鼎-敦南,2023-01-13,9101
3479,安勤,19,2,17,群益金鼎-敦南,2023-01-13,9101
00679B,元大美債20年,22,5,17,群益金鼎-敦南,2023-01-13,9101
9939,宏全,16,0,16,群益金鼎-敦南,2023-01-13,9101
8358,金居,20,7,13,群益金鼎-敦南,2023-01-13,9101
2609,陽明,19,6,13,群益金鼎-敦南,2023-01-13,9101
2371,大同,12,0,12,群益金鼎-敦南,2023-01-13,9101
3042,晶技,12,0,12,群益金鼎-敦南,2023-01-13,9101
00665L,富邦�琤肭磪囓�2,17,5,12,群益金鼎-敦南,2023-01-13,9101
1809,中釉,10,0,10,群益金鼎-敦南,2023-01-13,9101
0056,元大高股息,11,1,10,群益金鼎-敦南,2023-01-13,9101
1785,光洋科,10,0,10,群益金鼎-敦南,2023-01-13,9101
00688L,國泰20年美債正2,10,0,10,群益金鼎-敦南,2023-01-13,9101
2867,三商壽,10,0,10,群益金鼎-敦南,2023-01-13,9101
1568,倉佑,10,0,10,群益金鼎-敦南,2023-01-13,9101
3059,華晶科,10,0,10,群益金鼎-敦南,2023-01-13,9101
3521,鴻翊,14,5,9,群益金鼎-敦南,2023-01-13,9101
1795,美時,23,14,9,群益金鼎-敦南,2023-01-13,9101
2388,威盛,12,4,8,群益金鼎-敦南,2023-01-13,9101
6806,森崴能源,9,1,8,群益金鼎-敦南,2023-01-13,9101
6138,茂達,8,0,8,群益金鼎-敦南,2023-01-13,9101
4747,強生,14,7,7,群益金鼎-敦南,2023-01-13,9101
00676R,富邦臺灣加權反1,7,0,7,群益金鼎-敦南,2023-01-13,9101
8171,天宇,7,0,7,群益金鼎-敦南,2023-01-13,9101
6443,元晶,10,3,7,群益金鼎-敦南,2023-01-13,9101
3594,磐儀,7,0,7,群益金鼎-敦南,2023-01-13,9101
1229,聯華,8,1,7,群益金鼎-敦南,2023-01-13,9101
3081,聯亞,6,0,6,群益金鼎-敦南,2023-01-13,9101
5871,中租-KY,5,0,5,群益金鼎-敦南,2023-01-13,9101
2069,運錩,5,0,5,群益金鼎-敦南,2023-01-13,9101
3163,波若威,5,0,5,群益金鼎-敦南,2023-01-13,9101
1339,昭輝,15,10,5,群益金鼎-敦南,2023-01-13,9101
3141,晶宏,5,0,5,群益金鼎-敦南,2023-01-13,9101
3232,昱捷,5,0,5,群益金鼎-敦南,2023-01-13,9101
4770,上品,13,9,4,群益金鼎-敦南,2023-01-13,9101
2002,中鋼,4,0,4,群益金鼎-敦南,2023-01-13,9101
1605,華新,25,21,4,群益金鼎-敦南,2023-01-13,9101
2101,南港,4,0,4,群益金鼎-敦南,2023-01-13,9101
3017,奇鋐,4,0,4,群益金鼎-敦南,2023-01-13,9101
5522,遠雄,4,0,4,群益金鼎-敦南,2023-01-13,9101
00632R,元大台灣50反1,687,95,592,群益金鼎-敦南,2023-01-16,9101
1795,美時,338,27,311,群益金鼎-敦南,2023-01-16,9101
3693,營邦,148,78,70,群益金鼎-敦南,2023-01-16,9101
2867,三商壽,40,0,40,群益金鼎-敦南,2023-01-16,9101
2884,玉山金,40,0,40,群益金鼎-敦南,2023-01-16,9101
0056,元大高股息,56,19,37,群益金鼎-敦南,2023-01-16,9101
00878,國泰永續高股息,33,3,30,群益金鼎-敦南,2023-01-16,9101
00631L,元大台灣50正2,33,6,27,群益金鼎-敦南,2023-01-16,9101
2465,麗臺,31,13,18,群益金鼎-敦南,2023-01-16,9101
9939,宏全,14,0,14,群益金鼎-敦南,2023-01-16,9101
2303,聯電,30,16,14,群益金鼎-敦南,2023-01-16,9101
6213,聯茂,16,4,12,群益金鼎-敦南,2023-01-16,9101
4979,華星光,20,9,11,群益金鼎-敦南,2023-01-16,9101
2897,王道銀行,10,0,10,群益金鼎-敦南,2023-01-16,9101
00885,富邦越南,10,0,10,群益金鼎-敦南,2023-01-16,9101
2618,長榮航,9,1,8,群益金鼎-敦南,2023-01-16,9101
1309,台達化,8,0,8,群益金鼎-敦南,2023-01-16,9101
6150,撼訊,39,31,8,群益金鼎-敦南,2023-01-16,9101
1605,華新,22,15,7,群益金鼎-敦南,2023-01-16,9101
2358,廷鑫,9,2,7,群益金鼎-敦南,2023-01-16,9101
4114,健喬,15,9,6,群益金鼎-敦南,2023-01-16,9101
2489,瑞軒,6,0,6,群益金鼎-敦南,2023-01-16,9101
9938,百和,6,0,6,群益金鼎-敦南,2023-01-16,9101
6282,康舒,7,1,6,群益金鼎-敦南,2023-01-16,9101
8171,天宇,9,3,6,群益金鼎-敦南,2023-01-16,9101
4513,福裕,5,0,5,群益金鼎-敦南,2023-01-16,9101
2375,凱美,5,0,5,群益金鼎-敦南,2023-01-16,9101
2881,富邦金,10,5,5,群益金鼎-敦南,2023-01-16,9101
2106,建大,5,0,5,群益金鼎-敦南,2023-01-16,9101
00770,國泰北美科技,5,0,5,群益金鼎-敦南,2023-01-16,9101
6016,康和證,5,0,5,群益金鼎-敦南,2023-01-16,9101
3479,安勤,6,1,5,群益金鼎-敦南,2023-01-16,9101
1503,士電,5,0,5,群益金鼎-敦南,2023-01-16,9101
2101,南港,5,0,5,群益金鼎-敦南,2023-01-16,9101
2329,華泰,15,10,5,群益金鼎-敦南,2023-01-16,9101
6770,力積電,22,18,4,群益金鼎-敦南,2023-01-16,9101
4938,和碩,4,0,4,群益金鼎-敦南,2023-01-16,9101
2838A,聯邦銀甲特,5,1,4,群益金鼎-敦南,2023-01-16,9101
9942,茂順,4,0,4,群益金鼎-敦南,2023-01-16,9101
8933,愛地雅,7,3,4,群益金鼎-敦南,2023-01-16,9101
5876,上海商銀,4,0,4,群益金鼎-敦南,2023-01-16,9101
2388,威盛,8,4,4,群益金鼎-敦南,2023-01-16,9101
6026,福邦證,4,0,4,群益金鼎-敦南,2023-01-16,9101
2436,偉詮電,4,0,4,群益金鼎-敦南,2023-01-16,9101
01003T,兆豐新光R1,4,0,4,群益金鼎-敦南,2023-01-16,9101
2498,宏達電,10,6,4,群益金鼎-敦南,2023-01-16,9101
6865,偉康科技,4,0,4,群益金鼎-敦南,2023-01-16,9101
1707,葡萄王,4,0,4,群益金鼎-敦南,2023-01-16,9101
3416,融程電,4,0,4,群益金鼎-敦南,2023-01-16,9101
2520,冠德,4,0,4,群益金鼎-敦南,2023-01-16,9101
2201,裕隆,757,34,723,群益金鼎-敦南,2023-01-17,9101
00632R,元大台灣50反1,635,120,515,群益金鼎-敦南,2023-01-17,9101
2412,中華電,302,0,302,群益金鼎-敦南,2023-01-17,9101
5876,上海商銀,144,2,142,群益金鼎-敦南,2023-01-17,9101
1795,美時,113,15,98,群益金鼎-敦南,2023-01-17,9101
2884,玉山金,95,1,94,群益金鼎-敦南,2023-01-17,9101
2014,中鴻,123,48,75,群益金鼎-敦南,2023-01-17,9101
5009,榮剛,116,61,55,群益金鼎-敦南,2023-01-17,9101
6719,力智,59,4,55,群益金鼎-敦南,2023-01-17,9101
00671R,富邦NASDAQ反1,51,0,51,群益金鼎-敦南,2023-01-17,9101
3481,群創,43,0,43,群益金鼎-敦南,2023-01-17,9101
1734,杏輝,30,0,30,群益金鼎-敦南,2023-01-17,9101
1101,台泥,32,3,29,群益金鼎-敦南,2023-01-17,9101
00631L,元大台灣50正2,29,0,29,群益金鼎-敦南,2023-01-17,9101
00882,中信中國高股息,28,0,28,群益金鼎-敦南,2023-01-17,9101
3209,全科,27,0,27,群益金鼎-敦南,2023-01-17,9101
6525,捷敏-KY,23,0,23,群益金鼎-敦南,2023-01-17,9101
4931,新盛力,24,1,23,群益金鼎-敦南,2023-01-17,9101
3710,連展投控,20,0,20,群益金鼎-敦南,2023-01-17,9101
8049,晶采,18,0,18,群益金鼎-敦南,2023-01-17,9101
2356,英業達,20,2,18,群益金鼎-敦南,2023-01-17,9101
9939,宏全,17,0,17,群益金鼎-敦南,2023-01-17,9101
00738U,期元大道瓊白銀,17,0,17,群益金鼎-敦南,2023-01-17,9101
9938,百和,15,0,15,群益金鼎-敦南,2023-01-17,9101
2317,鴻海,15,0,15,群益金鼎-敦南,2023-01-17,9101
3163,波若威,21,7,14,群益金鼎-敦南,2023-01-17,9101
2061,風青,12,0,12,群益金鼎-敦南,2023-01-17,9101
1319,東陽,12,0,12,群益金鼎-敦南,2023-01-17,9101
4934,太極,12,0,12,群益金鼎-敦南,2023-01-17,9101
2615,萬海,15,3,12,群益金鼎-敦南,2023-01-17,9101
3037,欣興,23,12,11,群益金鼎-敦南,2023-01-17,9101
6167,久正,10,0,10,群益金鼎-敦南,2023-01-17,9101
2385,群光,10,0,10,群益金鼎-敦南,2023-01-17,9101
6789,采鈺,10,0,10,群益金鼎-敦南,2023-01-17,9101
1434,福懋,10,0,10,群益金鼎-敦南,2023-01-17,9101
5321,美而快,26,17,9,群益金鼎-敦南,2023-01-17,9101
2888,新光金,10,1,9,群益金鼎-敦南,2023-01-17,9101
6603,富強鑫,9,0,9,群益金鼎-敦南,2023-01-17,9101
6271,同欣電,11,3,8,群益金鼎-敦南,2023-01-17,9101
2867,三商壽,8,0,8,群益金鼎-敦南,2023-01-17,9101
006208,富邦台50,7,0,7,群益金鼎-敦南,2023-01-17,9101
3105,穩懋,7,0,7,群益金鼎-敦南,2023-01-17,9101
2892,第一金,9,2,7,群益金鼎-敦南,2023-01-17,9101
2457,飛宏,6,0,6,群益金鼎-敦南,2023-01-17,9101
4417,金洲,6,0,6,群益金鼎-敦南,2023-01-17,9101
2881,富邦金,15,9,6,群益金鼎-敦南,2023-01-17,9101
2388,威盛,10,4,6,群益金鼎-敦南,2023-01-17,9101
8171,天宇,11,5,6,群益金鼎-敦南,2023-01-17,9101
2891,中信金,10,5,5,群益金鼎-敦南,2023-01-17,9101
8210,勤誠,9,4,5,群益金鼎-敦南,2023-01-17,9101
6182,合晶,120,2,118,群益金鼎-敦南,2023-01-30,9101
00885,富邦越南,90,14,76,群益金鼎-敦南,2023-01-30,9101
00919,群益台灣精選高息,70,3,67,群益金鼎-敦南,2023-01-30,9101
6261,久元,40,0,40,群益金鼎-敦南,2023-01-30,9101
2610,華航,44,5,39,群益金鼎-敦南,2023-01-30,9101
6125,廣運,34,0,34,群益金鼎-敦南,2023-01-30,9101
6770,力積電,32,1,31,群益金鼎-敦南,2023-01-30,9101
3693,營邦,42,11,31,群益金鼎-敦南,2023-01-30,9101
1513,中興電,38,11,27,群益金鼎-敦南,2023-01-30,9101
5880,合庫金,25,0,25,群益金鼎-敦南,2023-01-30,9101
1785,光洋科,23,0,23,群益金鼎-敦南,2023-01-30,9101
2317,鴻海,23,0,23,群益金鼎-敦南,2023-01-30,9101
2892,第一金,25,3,22,群益金鼎-敦南,2023-01-30,9101
4536,拓凱,21,0,21,群益金鼎-敦南,2023-01-30,9101
3062,建漢,20,0,20,群益金鼎-敦南,2023-01-30,9101
8049,晶采,20,0,20,群益金鼎-敦南,2023-01-30,9101
2009,第一銅,24,5,19,群益金鼎-敦南,2023-01-30,9101
3209,全科,19,0,19,群益金鼎-敦南,2023-01-30,9101
2388,威盛,38,22,16,群益金鼎-敦南,2023-01-30,9101
0050,元大台灣50,31,15,16,群益金鼎-敦南,2023-01-30,9101
2889,國票金,15,0,15,群益金鼎-敦南,2023-01-30,9101
1305,華夏,33,19,14,群益金鼎-敦南,2023-01-30,9101
00679B,元大美債20年,13,0,13,群益金鼎-敦南,2023-01-30,9101
1605,華新,82,69,13,群益金鼎-敦南,2023-01-30,9101
4114,健喬,19,7,12,群益金鼎-敦南,2023-01-30,9101
2201,裕隆,18,7,11,群益金鼎-敦南,2023-01-30,9101
2634,漢翔,10,0,10,群益金鼎-敦南,2023-01-30,9101
2455,全新,13,3,10,群益金鼎-敦南,2023-01-30,9101
2347,聯強,10,0,10,群益金鼎-敦南,2023-01-30,9101
3706,神達,9,0,9,群益金鼎-敦南,2023-01-30,9101
00881,國泰台灣5G+,21,12,9,群益金鼎-敦南,2023-01-30,9101
1795,美時,15,6,9,群益金鼎-敦南,2023-01-30,9101
2465,麗臺,19,10,9,群益金鼎-敦南,2023-01-30,9101
8086,宏捷科,10,1,9,群益金鼎-敦南,2023-01-30,9101
00892,富邦台灣半導體,10,2,8,群益金鼎-敦南,2023-01-30,9101
5351,鈺創,8,0,8,群益金鼎-敦南,2023-01-30,9101
3147,大綜,7,0,7,群益金鼎-敦南,2023-01-30,9101
3169,亞信,7,0,7,群益金鼎-敦南,2023-01-30,9101
1514,亞力,12,5,7,群益金鼎-敦南,2023-01-30,9101
00728,第一金工業30,6,0,6,群益金鼎-敦南,2023-01-30,9101
3189,景碩,10,4,6,群益金鼎-敦南,2023-01-30,9101
5905,南仁湖,6,0,6,群益金鼎-敦南,2023-01-30,9101
2301,光寶科,6,0,6,群益金鼎-敦南,2023-01-30,9101
2354,鴻準,7,1,6,群益金鼎-敦南,2023-01-30,9101
00676R,富邦臺灣加權反1,6,0,6,群益金鼎-敦南,2023-01-30,9101
00770,國泰北美科技,6,0,6,群益金鼎-敦南,2023-01-30,9101
8069,元太,25,20,5,群益金鼎-敦南,2023-01-30,9101
8171,天宇,16,11,5,群益金鼎-敦南,2023-01-30,9101
3665,貿聯-KY,8,3,5,群益金鼎-敦南,2023-01-30,9101
4934,太極,10,5,5,群益金鼎-敦南,2023-01-30,9101
2330,台積電,231,6,225,群益金鼎-敦南,2023-01-31,9101
2412,中華電,111,0,111,群益金鼎-敦南,2023-01-31,9101
00905,FT臺灣Smart,46,0,46,群益金鼎-敦南,2023-01-31,9101
4931,新盛力,57,21,36,群益金鼎-敦南,2023-01-31,9101
2880,華南金,34,0,34,群益金鼎-敦南,2023-01-31,9101
4974,亞泰,30,0,30,群益金鼎-敦南,2023-01-31,9101
1605,華新,107,77,30,群益金鼎-敦南,2023-01-31,9101
1513,中興電,78,50,28,群益金鼎-敦南,2023-01-31,9101
6261,久元,27,0,27,群益金鼎-敦南,2023-01-31,9101
2356,英業達,35,10,25,群益金鼎-敦南,2023-01-31,9101
8222,寶一,21,3,18,群益金鼎-敦南,2023-01-31,9101
2892,第一金,17,0,17,群益金鼎-敦南,2023-01-31,9101
00772B,中信高評級公司債,17,0,17,群益金鼎-敦南,2023-01-31,9101
1809,中釉,18,3,15,群益金鼎-敦南,2023-01-31,9101
4979,華星光,60,47,13,群益金鼎-敦南,2023-01-31,9101
2061,風青,13,0,13,群益金鼎-敦南,2023-01-31,9101
6443,元晶,38,25,13,群益金鼎-敦南,2023-01-31,9101
6282,康舒,34,22,12,群益金鼎-敦南,2023-01-31,9101
2328,廣宇,15,4,11,群益金鼎-敦南,2023-01-31,9101
2838A,聯邦銀甲特,13,2,11,群益金鼎-敦南,2023-01-31,9101
3017,奇鋐,11,0,11,群益金鼎-敦南,2023-01-31,9101
00720B,元大投資級公司債,10,0,10,群益金鼎-敦南,2023-01-31,9101
6220,岳豐,10,0,10,群益金鼎-敦南,2023-01-31,9101
3005,神基,10,0,10,群益金鼎-敦南,2023-01-31,9101
2471,資通,10,0,10,群益金鼎-敦南,2023-01-31,9101
00773B,中信優先金融債,10,0,10,群益金鼎-敦南,2023-01-31,9101
1477,聚陽,10,0,10,群益金鼎-敦南,2023-01-31,9101
3078,僑威,10,0,10,群益金鼎-敦南,2023-01-31,9101
8112,至上,10,0,10,群益金鼎-敦南,2023-01-31,9101
3027,盛達,19,9,10,群益金鼎-敦南,2023-01-31,9101
5009,榮剛,60,51,9,群益金鼎-敦南,2023-01-31,9101
3545,敦泰,31,22,9,群益金鼎-敦南,2023-01-31,9101
6517,保勝光學,9,0,9,群益金鼎-敦南,2023-01-31,9101
2890,永豐金,8,0,8,群益金鼎-敦南,2023-01-31,9101
3163,波若威,32,24,8,群益金鼎-敦南,2023-01-31,9101
5309,系統電,8,0,8,群益金鼎-敦南,2023-01-31,9101
8183,精星,9,1,8,群益金鼎-敦南,2023-01-31,9101
3576,聯合再生,7,0,7,群益金鼎-敦南,2023-01-31,9101
8105,凌巨,7,0,7,群益金鼎-敦南,2023-01-31,9101
2009,第一銅,15,9,6,群益金鼎-敦南,2023-01-31,9101
5880,合庫金,6,0,6,群益金鼎-敦南,2023-01-31,9101
3037,欣興,23,17,6,群益金鼎-敦南,2023-01-31,9101
1524,耿鼎,9,3,6,群益金鼎-敦南,2023-01-31,9101
1336,台翰,6,0,6,群益金鼎-敦南,2023-01-31,9101
3558,神準,11,6,5,群益金鼎-敦南,2023-01-31,9101
3189,景碩,6,1,5,群益金鼎-敦南,2023-01-31,9101
8261,富鼎,5,0,5,群益金鼎-敦南,2023-01-31,9101
2480,敦陽科,5,0,5,群益金鼎-敦南,2023-01-31,9101
00669R,國泰美國道瓊反1,5,0,5,群益金鼎-敦南,2023-01-31,9101
6161,捷波,5,0,5,群益金鼎-敦南,2023-01-31,9101
2618,長榮航,2162,37,2125,群益金鼎-敦南,2023-02-01,9101
3189,景碩,63,7,56,群益金鼎-敦南,2023-02-01,9101
4747,強生,47,0,47,群益金鼎-敦南,2023-02-01,9101
2610,華航,56,15,41,群益金鼎-敦南,2023-02-01,9101
2614,東森,41,0,41,群益金鼎-敦南,2023-02-01,9101
4979,華星光,65,27,38,群益金鼎-敦南,2023-02-01,9101
1584,精剛,102,71,31,群益金鼎-敦南,2023-02-01,9101
5009,榮剛,43,12,31,群益金鼎-敦南,2023-02-01,9101
3704,合勤控,42,12,30,群益金鼎-敦南,2023-02-01,9101
8033,雷虎,32,2,30,群益金鼎-敦南,2023-02-01,9101
2911,麗嬰房,28,0,28,群益金鼎-敦南,2023-02-01,9101
3545,敦泰,37,10,27,群益金鼎-敦南,2023-02-01,9101
2017,官田鋼,23,0,23,群益金鼎-敦南,2023-02-01,9101
2408,南亞科,22,0,22,群益金鼎-敦南,2023-02-01,9101
00637L,元大滬深300正2,22,1,21,群益金鼎-敦南,2023-02-01,9101
4536,拓凱,20,0,20,群益金鼎-敦南,2023-02-01,9101
1514,亞力,19,0,19,群益金鼎-敦南,2023-02-01,9101
2888,新光金,18,0,18,群益金鼎-敦南,2023-02-01,9101
00878,國泰永續高股息,17,0,17,群益金鼎-敦南,2023-02-01,9101
5243,乙盛-KY,15,0,15,群益金鼎-敦南,2023-02-01,9101
3029,零壹,14,0,14,群益金鼎-敦南,2023-02-01,9101
6143,振曜,23,9,14,群益金鼎-敦南,2023-02-01,9101
3209,全科,14,1,13,群益金鼎-敦南,2023-02-01,9101
4977,眾達-KY,14,1,13,群益金鼎-敦南,2023-02-01,9101
8926,台汽電,13,0,13,群益金鼎-敦南,2023-02-01,9101
3013,晟銘電,20,7,13,群益金鼎-敦南,2023-02-01,9101
6015,宏遠證,12,0,12,群益金鼎-敦南,2023-02-01,9101
3207,耀勝,19,8,11,群益金鼎-敦南,2023-02-01,9101
5347,世界,10,0,10,群益金鼎-敦南,2023-02-01,9101
1560,中砂,11,1,10,群益金鼎-敦南,2023-02-01,9101
00903,富邦元宇宙,10,0,10,群益金鼎-敦南,2023-02-01,9101
3710,連展投控,10,0,10,群益金鼎-敦南,2023-02-01,9101
2359,所羅門,10,0,10,群益金鼎-敦南,2023-02-01,9101
3713,新晶投控,10,0,10,群益金鼎-敦南,2023-02-01,9101
00882,中信中國高股息,10,0,10,群益金鼎-敦南,2023-02-01,9101
3217,優群,11,1,10,群益金鼎-敦南,2023-02-01,9101
6165,浪凡,10,0,10,群益金鼎-敦南,2023-02-01,9101
6789,采鈺,10,0,10,群益金鼎-敦南,2023-02-01,9101
0050,元大台灣50,11,1,10,群益金鼎-敦南,2023-02-01,9101
6180,橘子,15,6,9,群益金鼎-敦南,2023-02-01,9101
8028,昇陽半導體,10,1,9,群益金鼎-敦南,2023-02-01,9101
4906,正文,20,11,9,群益金鼎-敦南,2023-02-01,9101
1605,華新,52,43,9,群益金鼎-敦南,2023-02-01,9101
4931,新盛力,33,25,8,群益金鼎-敦南,2023-02-01,9101
1414,東和,8,0,8,群益金鼎-敦南,2023-02-01,9101
2430,燦坤,8,0,8,群益金鼎-敦南,2023-02-01,9101
2883,凱基金,8,0,8,群益金鼎-敦南,2023-02-01,9101
2324,仁寶,7,0,7,群益金鼎-敦南,2023-02-01,9101
3624,光頡,16,9,7,群益金鼎-敦南,2023-02-01,9101
6161,捷波,7,0,7,群益金鼎-敦南,2023-02-01,9101
1402,遠東新,100,0,100,群益金鼎-敦南,2023-02-02,9101
00878,國泰永續高股息,92,0,92,群益金鼎-敦南,2023-02-02,9101
5009,榮剛,128,62,66,群益金鼎-敦南,2023-02-02,9101
1605,華新,90,26,64,群益金鼎-敦南,2023-02-02,9101
2201,裕隆,113,59,54,群益金鼎-敦南,2023-02-02,9101
9933,中鼎,46,1,45,群益金鼎-敦南,2023-02-02,9101
3042,晶技,40,12,28,群益金鼎-敦南,2023-02-02,9101
2610,華航,30,2,28,群益金鼎-敦南,2023-02-02,9101
2354,鴻準,41,19,22,群益金鼎-敦南,2023-02-02,9101
3037,欣興,40,19,21,群益金鼎-敦南,2023-02-02,9101
6139,亞翔,20,0,20,群益金鼎-敦南,2023-02-02,9101
2618,長榮航,48,29,19,群益金鼎-敦南,2023-02-02,9101
6165,浪凡,20,1,19,群益金鼎-敦南,2023-02-02,9101
00631L,元大台灣50正2,18,0,18,群益金鼎-敦南,2023-02-02,9101
2369,菱生,36,20,16,群益金鼎-敦南,2023-02-02,9101
5351,鈺創,47,33,14,群益金鼎-敦南,2023-02-02,9101
00885,富邦越南,13,0,13,群益金鼎-敦南,2023-02-02,9101
8049,晶采,12,0,12,群益金鼎-敦南,2023-02-02,9101
00653L,富邦印度正2,11,0,11,群益金鼎-敦南,2023-02-02,9101
3059,華晶科,19,8,11,群益金鼎-敦南,2023-02-02,9101
5608,四維航,11,0,11,群益金鼎-敦南,2023-02-02,9101
8996,高力,43,32,11,群益金鼎-敦南,2023-02-02,9101
6770,力積電,28,18,10,群益金鼎-敦南,2023-02-02,9101
2317,鴻海,48,38,10,群益金鼎-敦南,2023-02-02,9101
1524,耿鼎,15,5,10,群益金鼎-敦南,2023-02-02,9101
00676R,富邦臺灣加權反1,10,0,10,群益金鼎-敦南,2023-02-02,9101
4989,榮科,10,0,10,群益金鼎-敦南,2023-02-02,9101
3033,威健,10,0,10,群益金鼎-敦南,2023-02-02,9101
4915,致伸,10,0,10,群益金鼎-敦南,2023-02-02,9101
5227,立凱-KY,10,0,10,群益金鼎-敦南,2023-02-02,9101
1108,幸福,10,0,10,群益金鼎-敦南,2023-02-02,9101
1477,聚陽,10,0,10,群益金鼎-敦南,2023-02-02,9101
2028,威致,11,1,10,群益金鼎-敦南,2023-02-02,9101
2328,廣宇,20,10,10,群益金鼎-敦南,2023-02-02,9101
3373,熱映,10,0,10,群益金鼎-敦南,2023-02-02,9101
00632R,元大台灣50反1,129,120,9,群益金鼎-敦南,2023-02-02,9101
00903,富邦元宇宙,10,1,9,群益金鼎-敦南,2023-02-02,9101
00882,中信中國高股息,10,1,9,群益金鼎-敦南,2023-02-02,9101
3704,合勤控,52,43,9,群益金鼎-敦南,2023-02-02,9101
2603,長榮,21,13,8,群益金鼎-敦南,2023-02-02,9101
3479,安勤,9,1,8,群益金鼎-敦南,2023-02-02,9101
2329,華泰,33,25,8,群益金鼎-敦南,2023-02-02,9101
3189,景碩,14,6,8,群益金鼎-敦南,2023-02-02,9101
5353,台林,12,4,8,群益金鼎-敦南,2023-02-02,9101
1342,八貫,18,10,8,群益金鼎-敦南,2023-02-02,9101
3081,聯亞,18,10,8,群益金鼎-敦南,2023-02-02,9101
2108,南帝,7,0,7,群益金鼎-敦南,2023-02-02,9101
2002,中鋼,9,2,7,群益金鼎-敦南,2023-02-02,9101
1810,和成,10,3,7,群益金鼎-敦南,2023-02-02,9101
2444,兆勁,7,0,7,群益金鼎-敦南,2023-02-02,9101
2330,台積電,470,13,457,群益金鼎-敦南,2023-02-03,9101
4915,致伸,85,9,76,群益金鼎-敦南,2023-02-03,9101
4974,亞泰,63,0,63,群益金鼎-敦南,2023-02-03,9101
3701,大眾控,66,4,62,群益金鼎-敦南,2023-02-03,9101
00878,國泰永續高股息,58,3,55,群益金鼎-敦南,2023-02-03,9101
00882,中信中國高股息,52,1,51,群益金鼎-敦南,2023-02-03,9101
1795,美時,72,21,51,群益金鼎-敦南,2023-02-03,9101
1605,華新,67,18,49,群益金鼎-敦南,2023-02-03,9101
5328,華容,40,0,40,群益金鼎-敦南,2023-02-03,9101
2610,華航,65,31,34,群益金鼎-敦南,2023-02-03,9101
00669R,國泰美國道瓊反1,30,0,30,群益金鼎-敦南,2023-02-03,9101
00632R,元大台灣50反1,42,15,27,群益金鼎-敦南,2023-02-03,9101
2388,威盛,67,44,23,群益金鼎-敦南,2023-02-03,9101
00671R,富邦NASDAQ反1,20,0,20,群益金鼎-敦南,2023-02-03,9101
2439,美律,20,0,20,群益金鼎-敦南,2023-02-03,9101
2867,三商壽,50,30,20,群益金鼎-敦南,2023-02-03,9101
8429,金麗-KY,20,0,20,群益金鼎-敦南,2023-02-03,9101
6245,立端,29,10,19,群益金鼎-敦南,2023-02-03,9101
3189,景碩,23,4,19,群益金鼎-敦南,2023-02-03,9101
2474,可成,20,1,19,群益金鼎-敦南,2023-02-03,9101
00679B,元大美債20年,21,3,18,群益金鼎-敦南,2023-02-03,9101
5608,四維航,27,9,18,群益金鼎-敦南,2023-02-03,9101
6788,華景電,19,1,18,群益金鼎-敦南,2023-02-03,9101
2603,長榮,30,12,18,群益金鼎-敦南,2023-02-03,9101
1514,亞力,17,1,16,群益金鼎-敦南,2023-02-03,9101
6443,元晶,29,15,14,群益金鼎-敦南,2023-02-03,9101
2329,華泰,18,5,13,群益金鼎-敦南,2023-02-03,9101
6806,森崴能源,16,3,13,群益金鼎-敦南,2023-02-03,9101
2303,聯電,32,19,13,群益金鼎-敦南,2023-02-03,9101
2609,陽明,26,13,13,群益金鼎-敦南,2023-02-03,9101
3059,華晶科,12,0,12,群益金鼎-敦南,2023-02-03,9101
2929,淘帝-KY,19,7,12,群益金鼎-敦南,2023-02-03,9101
6770,力積電,13,1,12,群益金鼎-敦南,2023-02-03,9101
1909,榮成,12,0,12,群益金鼎-敦南,2023-02-03,9101
2892,第一金,13,1,12,群益金鼎-敦南,2023-02-03,9101
00772B,中信高評級公司債,11,0,11,群益金鼎-敦南,2023-02-03,9101
3141,晶宏,23,12,11,群益金鼎-敦南,2023-02-03,9101
00753L,中信中國50正2,11,0,11,群益金鼎-敦南,2023-02-03,9101
4763,材料-KY,18,7,11,群益金鼎-敦南,2023-02-03,9101
3022,威強電,10,0,10,群益金鼎-敦南,2023-02-03,9101
6139,亞翔,10,0,10,群益金鼎-敦南,2023-02-03,9101
6182,合晶,10,0,10,群益金鼎-敦南,2023-02-03,9101
4979,華星光,27,18,9,群益金鼎-敦南,2023-02-03,9101
3027,盛達,13,4,9,群益金鼎-敦南,2023-02-03,9101
2515,中工,10,2,8,群益金鼎-敦南,2023-02-03,9101
2324,仁寶,8,0,8,群益金鼎-敦南,2023-02-03,9101
3128,昇銳,9,2,7,群益金鼎-敦南,2023-02-03,9101
3714,富采,7,0,7,群益金鼎-敦南,2023-02-03,9101
2354,鴻準,8,1,7,群益金鼎-敦南,2023-02-03,9101
8091,翔名,8,1,7,群益金鼎-敦南,2023-02-03,9101
00683L,期元大美元指正2,139,0,139,群益金鼎-敦南,2023-02-06,9101
1795,美時,167,33,134,群益金鼎-敦南,2023-02-06,9101
2884,玉山金,100,0,100,群益金鼎-敦南,2023-02-06,9101
00878,國泰永續高股息,85,1,84,群益金鼎-敦南,2023-02-06,9101
00632R,元大台灣50反1,58,10,48,群益金鼎-敦南,2023-02-06,9101
00680L,元大美債20正2,41,0,41,群益金鼎-敦南,2023-02-06,9101
6261,久元,39,1,38,群益金鼎-敦南,2023-02-06,9101
2889,國票金,30,3,27,群益金鼎-敦南,2023-02-06,9101
00631L,元大台灣50正2,29,4,25,群益金鼎-敦南,2023-02-06,9101
3037,欣興,35,11,24,群益金鼎-敦南,2023-02-06,9101
00885,富邦越南,35,11,24,群益金鼎-敦南,2023-02-06,9101
00772B,中信高評級公司債,21,0,21,群益金鼎-敦南,2023-02-06,9101
00633L,富邦上証正2,20,0,20,群益金鼎-敦南,2023-02-06,9101
00753L,中信中國50正2,20,0,20,群益金鼎-敦南,2023-02-06,9101
2516,新建,20,0,20,群益金鼎-敦南,2023-02-06,9101
6165,浪凡,20,0,20,群益金鼎-敦南,2023-02-06,9101
2324,仁寶,25,6,19,群益金鼎-敦南,2023-02-06,9101
00900,富邦特選高股息30,19,1,18,群益金鼎-敦南,2023-02-06,9101
2498,宏達電,55,38,17,群益金鼎-敦南,2023-02-06,9101
6235,華孚,53,37,16,群益金鼎-敦南,2023-02-06,9101
4979,華星光,25,9,16,群益金鼎-敦南,2023-02-06,9101
5609,中菲行,16,0,16,群益金鼎-敦南,2023-02-06,9101
00642U,期元大S＆P石油,16,0,16,群益金鼎-敦南,2023-02-06,9101
2609,陽明,21,6,15,群益金鼎-敦南,2023-02-06,9101
9938,百和,15,0,15,群益金鼎-敦南,2023-02-06,9101
00882,中信中國高股息,15,0,15,群益金鼎-敦南,2023-02-06,9101
2409,友達,29,15,14,群益金鼎-敦南,2023-02-06,9101
2882,國泰金,15,1,14,群益金鼎-敦南,2023-02-06,9101
2887,台新金,14,0,14,群益金鼎-敦南,2023-02-06,9101
00720B,元大投資級公司債,12,0,12,群益金鼎-敦南,2023-02-06,9101
2603,長榮,24,13,11,群益金鼎-敦南,2023-02-06,9101
6143,振曜,11,0,11,群益金鼎-敦南,2023-02-06,9101
00637L,元大滬深300正2,11,0,11,群益金鼎-敦南,2023-02-06,9101
1701,中化,11,0,11,群益金鼎-敦南,2023-02-06,9101
6756,威鋒電子,11,0,11,群益金鼎-敦南,2023-02-06,9101
2495,普安,10,0,10,群益金鼎-敦南,2023-02-06,9101
1568,倉佑,10,0,10,群益金鼎-敦南,2023-02-06,9101
8044,網家,15,5,10,群益金鼎-敦南,2023-02-06,9101
1301,台塑,10,0,10,群益金鼎-敦南,2023-02-06,9101
6104,創惟,22,12,10,群益金鼎-敦南,2023-02-06,9101
2382,廣達,12,2,10,群益金鼎-敦南,2023-02-06,9101
2330,台積電,14,4,10,群益金鼎-敦南,2023-02-06,9101
2317,鴻海,27,17,10,群益金鼎-敦南,2023-02-06,9101
1752,南光,17,8,9,群益金鼎-敦南,2023-02-06,9101
01003T,兆豐新光R1,9,0,9,群益金鼎-敦南,2023-02-06,9101
2610,華航,10,1,9,群益金鼎-敦南,2023-02-06,9101
6443,元晶,11,3,8,群益金鼎-敦南,2023-02-06,9101
5258,虹堡,41,33,8,群益金鼎-敦南,2023-02-06,9101
6533,晶心科,8,0,8,群益金鼎-敦南,2023-02-06,9101
4915,致伸,12,4,8,群益金鼎-敦南,2023-02-06,9101
2884,玉山金,112,2,110,群益金鼎-敦南,2023-02-07,9101
1795,美時,945,840,105,群益金鼎-敦南,2023-02-07,9101
0050,元大台灣50,85,4,81,群益金鼎-敦南,2023-02-07,9101
3163,波若威,74,0,74,群益金鼎-敦南,2023-02-07,9101
00878,國泰永續高股息,65,0,65,群益金鼎-敦南,2023-02-07,9101
8171,天宇,43,0,43,群益金鼎-敦南,2023-02-07,9101
2618,長榮航,55,13,42,群益金鼎-敦南,2023-02-07,9101
1701,中化,44,10,34,群益金鼎-敦南,2023-02-07,9101
5309,系統電,53,21,32,群益金鼎-敦南,2023-02-07,9101
6261,久元,30,0,30,群益金鼎-敦南,2023-02-07,9101
5009,榮剛,91,66,25,群益金鼎-敦南,2023-02-07,9101
2883B,凱基金乙特,25,0,25,群益金鼎-敦南,2023-02-07,9101
00720B,元大投資級公司債,23,0,23,群益金鼎-敦南,2023-02-07,9101
1522,堤維西,22,0,22,群益金鼎-敦南,2023-02-07,9101
2492,華新科,22,2,20,群益金鼎-敦南,2023-02-07,9101
00772B,中信高評級公司債,17,0,17,群益金鼎-敦南,2023-02-07,9101
4979,華星光,44,29,15,群益金鼎-敦南,2023-02-07,9101
2516,新建,15,0,15,群益金鼎-敦南,2023-02-07,9101
4726,永昕,14,0,14,群益金鼎-敦南,2023-02-07,9101
6217,中探針,16,4,12,群益金鼎-敦南,2023-02-07,9101
2344,華邦電,12,0,12,群益金鼎-敦南,2023-02-07,9101
2889,國票金,11,0,11,群益金鼎-敦南,2023-02-07,9101
3011,今皓,11,0,11,群益金鼎-敦南,2023-02-07,9101
00679B,元大美債20年,15,5,10,群益金鼎-敦南,2023-02-07,9101
1760,寶齡富錦,28,18,10,群益金鼎-敦南,2023-02-07,9101
6165,浪凡,10,0,10,群益金鼎-敦南,2023-02-07,9101
4934,太極,10,0,10,群益金鼎-敦南,2023-02-07,9101
2359,所羅門,10,0,10,群益金鼎-敦南,2023-02-07,9101
00780B,國泰A級金融債,10,0,10,群益金鼎-敦南,2023-02-07,9101
4931,新盛力,11,1,10,群益金鼎-敦南,2023-02-07,9101
8996,高力,26,16,10,群益金鼎-敦南,2023-02-07,9101
4114,健喬,23,14,9,群益金鼎-敦南,2023-02-07,9101
4915,致伸,12,3,9,群益金鼎-敦南,2023-02-07,9101
3713,新晶投控,9,0,9,群益金鼎-敦南,2023-02-07,9101
1783,和康生,16,7,9,群益金鼎-敦南,2023-02-07,9101
2885,元大金,10,1,9,群益金鼎-敦南,2023-02-07,9101
3594,磐儀,10,2,8,群益金鼎-敦南,2023-02-07,9101
3708,上緯投控,7,0,7,群益金鼎-敦南,2023-02-07,9101
6282,康舒,25,18,7,群益金鼎-敦南,2023-02-07,9101
1584,精剛,77,70,7,群益金鼎-敦南,2023-02-07,9101
9902,台火,7,0,7,群益金鼎-敦南,2023-02-07,9101
2610,華航,23,16,7,群益金鼎-敦南,2023-02-07,9101
3027,盛達,13,7,6,群益金鼎-敦南,2023-02-07,9101
2388,威盛,8,2,6,群益金鼎-敦南,2023-02-07,9101
00671R,富邦NASDAQ反1,6,0,6,群益金鼎-敦南,2023-02-07,9101
2312,金寶,11,5,6,群益金鼎-敦南,2023-02-07,9101
6213,聯茂,6,0,6,群益金鼎-敦南,2023-02-07,9101
4933,友輝,6,0,6,群益金鼎-敦南,2023-02-07,9101
9938,百和,6,0,6,群益金鼎-敦南,2023-02-07,9101
8227,巨有科技,8,2,6,群益金鼎-敦南,2023-02-07,9101
1795,美時,221,9,212,群益金鼎-敦南,2023-02-08,9101
00632R,元大台灣50反1,185,16,169,群益金鼎-敦南,2023-02-08,9101
6282,康舒,89,18,71,群益金鼎-敦南,2023-02-08,9101
00878,國泰永續高股息,47,0,47,群益金鼎-敦南,2023-02-08,9101
5009,榮剛,80,40,40,群益金鼎-敦南,2023-02-08,9101
2002,中鋼,32,0,32,群益金鼎-敦南,2023-02-08,9101
2453,凌群,52,20,32,群益金鼎-敦南,2023-02-08,9101
00631L,元大台灣50正2,29,0,29,群益金鼎-敦南,2023-02-08,9101
00885,富邦越南,27,0,27,群益金鼎-敦南,2023-02-08,9101
2388,威盛,50,25,25,群益金鼎-敦南,2023-02-08,9101
00882,中信中國高股息,25,0,25,群益金鼎-敦南,2023-02-08,9101
4114,健喬,46,23,23,群益金鼎-敦南,2023-02-08,9101
3163,波若威,22,0,22,群益金鼎-敦南,2023-02-08,9101
2359,所羅門,27,5,22,群益金鼎-敦南,2023-02-08,9101
2328,廣宇,31,10,21,群益金鼎-敦南,2023-02-08,9101
1402,遠東新,21,0,21,群益金鼎-敦南,2023-02-08,9101
1734,杏輝,20,0,20,群益金鼎-敦南,2023-02-08,9101
3580,友威科,23,3,20,群益金鼎-敦南,2023-02-08,9101
00653L,富邦印度正2,19,0,19,群益金鼎-敦南,2023-02-08,9101
00670L,富邦NASDAQ正2,18,0,18,群益金鼎-敦南,2023-02-08,9101
2618,長榮航,35,18,17,群益金鼎-敦南,2023-02-08,9101
00772B,中信高評級公司債,17,0,17,群益金鼎-敦南,2023-02-08,9101
8996,高力,22,6,16,群益金鼎-敦南,2023-02-08,9101
8227,巨有科技,28,12,16,群益金鼎-敦南,2023-02-08,9101
2474,可成,15,0,15,群益金鼎-敦南,2023-02-08,9101
6643,M31,17,3,14,群益金鼎-敦南,2023-02-08,9101
00679B,元大美債20年,13,0,13,群益金鼎-敦南,2023-02-08,9101
00637L,元大滬深300正2,13,0,13,群益金鼎-敦南,2023-02-08,9101
5351,鈺創,26,14,12,群益金鼎-敦南,2023-02-08,9101
3141,晶宏,17,6,11,群益金鼎-敦南,2023-02-08,9101
2347,聯強,11,0,11,群益金鼎-敦南,2023-02-08,9101
2371,大同,11,1,10,群益金鼎-敦南,2023-02-08,9101
4906,正文,10,0,10,群益金鼎-敦南,2023-02-08,9101
00773B,中信優先金融債,10,0,10,群益金鼎-敦南,2023-02-08,9101
2929,淘帝-KY,10,0,10,群益金鼎-敦南,2023-02-08,9101
4128,中天,27,17,10,群益金鼎-敦南,2023-02-08,9101
1609,大亞,10,0,10,群益金鼎-敦南,2023-02-08,9101
1336,台翰,20,10,10,群益金鼎-敦南,2023-02-08,9101
2317,鴻海,12,2,10,群益金鼎-敦南,2023-02-08,9101
1605,華新,24,15,9,群益金鼎-敦南,2023-02-08,9101
1725,元禎,9,0,9,群益金鼎-敦南,2023-02-08,9101
1319,東陽,9,0,9,群益金鼎-敦南,2023-02-08,9101
6165,浪凡,8,0,8,群益金鼎-敦南,2023-02-08,9101
1560,中砂,7,0,7,群益金鼎-敦南,2023-02-08,9101
00720B,元大投資級公司債,7,0,7,群益金鼎-敦南,2023-02-08,9101
00671R,富邦NASDAQ反1,8,1,7,群益金鼎-敦南,2023-02-08,9101
006206,元大上證50,7,0,7,群益金鼎-敦南,2023-02-08,9101
2885,元大金,7,0,7,群益金鼎-敦南,2023-02-08,9101
2884,玉山金,6,0,6,群益金鼎-敦南,2023-02-08,9101
2379,瑞昱,9,3,6,群益金鼎-敦南,2023-02-08,9101
4915,致伸,131,0,131,群益金鼎-敦南,2023-02-09,9101
00632R,元大台灣50反1,130,55,75,群益金鼎-敦南,2023-02-09,9101
2401,凌陽,67,2,65,群益金鼎-敦南,2023-02-09,9101
2358,廷鑫,52,0,52,群益金鼎-敦南,2023-02-09,9101
2516,新建,40,0,40,群益金鼎-敦南,2023-02-09,9101
1605,華新,47,20,27,群益金鼎-敦南,2023-02-09,9101
3141,晶宏,29,4,25,群益金鼎-敦南,2023-02-09,9101
00878,國泰永續高股息,25,0,25,群益金鼎-敦南,2023-02-09,9101
2201,裕隆,38,15,23,群益金鼎-敦南,2023-02-09,9101
6290,良維,22,1,21,群益金鼎-敦南,2023-02-09,9101
2888,新光金,20,0,20,群益金鼎-敦南,2023-02-09,9101
00679B,元大美債20年,18,0,18,群益金鼎-敦南,2023-02-09,9101
1314,中石化,18,0,18,群益金鼎-敦南,2023-02-09,9101
6245,立端,43,27,16,群益金鼎-敦南,2023-02-09,9101
2515,中工,15,0,15,群益金鼎-敦南,2023-02-09,9101
3594,磐儀,20,6,14,群益金鼎-敦南,2023-02-09,9101
3481,群創,21,7,14,群益金鼎-敦南,2023-02-09,9101
1513,中興電,26,14,12,群益金鼎-敦南,2023-02-09,9101
3713,新晶投控,12,0,12,群益金鼎-敦南,2023-02-09,9101
2880,華南金,12,0,12,群益金鼎-敦南,2023-02-09,9101
2634,漢翔,56,45,11,群益金鼎-敦南,2023-02-09,9101
6182,合晶,13,3,10,群益金鼎-敦南,2023-02-09,9101
2369,菱生,10,0,10,群益金鼎-敦南,2023-02-09,9101
00652,富邦印度,10,0,10,群益金鼎-敦南,2023-02-09,9101
00751B,元大AAA至A公司債,10,0,10,群益金鼎-敦南,2023-02-09,9101
2885,元大金,10,0,10,群益金鼎-敦南,2023-02-09,9101
9945,潤泰新,10,0,10,群益金鼎-敦南,2023-02-09,9101
6138,茂達,38,29,9,群益金鼎-敦南,2023-02-09,9101
8072,陞泰,9,0,9,群益金鼎-敦南,2023-02-09,9101
2388,威盛,65,56,9,群益金鼎-敦南,2023-02-09,9101
2236,百達-KY,14,6,8,群益金鼎-敦南,2023-02-09,9101
3228,金麗科,9,1,8,群益金鼎-敦南,2023-02-09,9101
2609,陽明,8,1,7,群益金鼎-敦南,2023-02-09,9101
3162,精確,14,7,7,群益金鼎-敦南,2023-02-09,9101
2468,華經,7,0,7,群益金鼎-敦南,2023-02-09,9101
3029,零壹,17,10,7,群益金鼎-敦南,2023-02-09,9101
1336,台翰,7,0,7,群益金鼎-敦南,2023-02-09,9101
00637L,元大滬深300正2,8,1,7,群益金鼎-敦南,2023-02-09,9101
3362,先進光,7,0,7,群益金鼎-敦南,2023-02-09,9101
5203,訊連,10,4,6,群益金鼎-敦南,2023-02-09,9101
2354,鴻準,6,0,6,群益金鼎-敦南,2023-02-09,9101
00892,富邦台灣半導體,6,0,6,群益金鼎-敦南,2023-02-09,9101
2371,大同,6,0,6,群益金鼎-敦南,2023-02-09,9101
00720B,元大投資級公司債,6,0,6,群益金鼎-敦南,2023-02-09,9101
6548,長科*,6,0,6,群益金鼎-敦南,2023-02-09,9101
00891,中信關鍵半導體,6,0,6,群益金鼎-敦南,2023-02-09,9101
8222,寶一,30,25,5,群益金鼎-敦南,2023-02-09,9101
8996,高力,18,13,5,群益金鼎-敦南,2023-02-09,9101
5222,全訊,5,0,5,群益金鼎-敦南,2023-02-09,9101
2342,茂矽,5,0,5,群益金鼎-敦南,2023-02-09,9101
00878,國泰永續高股息,102,5,97,群益金鼎-敦南,2023-02-10,9101
00632R,元大台灣50反1,68,1,67,群益金鼎-敦南,2023-02-10,9101
2867,三商壽,56,0,56,群益金鼎-敦南,2023-02-10,9101
00772B,中信高評級公司債,40,0,40,群益金鼎-敦南,2023-02-10,9101
2889,國票金,40,0,40,群益金鼎-敦南,2023-02-10,9101
2484,希華,36,5,31,群益金鼎-敦南,2023-02-10,9101
4979,華星光,105,78,27,群益金鼎-敦南,2023-02-10,9101
1605,華新,103,83,20,群益金鼎-敦南,2023-02-10,9101
2888,新光金,20,0,20,群益金鼎-敦南,2023-02-10,9101
0056,元大高股息,26,6,20,群益金鼎-敦南,2023-02-10,9101
1701,中化,24,5,19,群益金鼎-敦南,2023-02-10,9101
4114,健喬,46,27,19,群益金鼎-敦南,2023-02-10,9101
1598,岱宇,24,5,19,群益金鼎-敦南,2023-02-10,9101
2027,大成鋼,23,5,18,群益金鼎-敦南,2023-02-10,9101
2634,漢翔,129,112,17,群益金鼎-敦南,2023-02-10,9101
1810,和成,95,80,15,群益金鼎-敦南,2023-02-10,9101
1314,中石化,15,0,15,群益金鼎-敦南,2023-02-10,9101
00882,中信中國高股息,15,0,15,群益金鼎-敦南,2023-02-10,9101
6125,廣運,15,0,15,群益金鼎-敦南,2023-02-10,9101
1760,寶齡富錦,21,7,14,群益金鼎-敦南,2023-02-10,9101
3711,日月光投控,14,0,14,群益金鼎-敦南,2023-02-10,9101
3027,盛達,18,6,12,群益金鼎-敦南,2023-02-10,9101
2388,威盛,24,12,12,群益金鼎-敦南,2023-02-10,9101
2892,第一金,12,0,12,群益金鼎-敦南,2023-02-10,9101
4533,協易機,12,0,12,群益金鼎-敦南,2023-02-10,9101
3037,欣興,13,2,11,群益金鼎-敦南,2023-02-10,9101
5880,合庫金,11,0,11,群益金鼎-敦南,2023-02-10,9101
5258,虹堡,21,11,10,群益金鼎-敦南,2023-02-10,9101
2495,普安,10,0,10,群益金鼎-敦南,2023-02-10,9101
1524,耿鼎,12,2,10,群益金鼎-敦南,2023-02-10,9101
5227,立凱-KY,11,1,10,群益金鼎-敦南,2023-02-10,9101
2883B,凱基金乙特,10,0,10,群益金鼎-敦南,2023-02-10,9101
2851,中再保,10,0,10,群益金鼎-敦南,2023-02-10,9101
8234,新漢,10,0,10,群益金鼎-敦南,2023-02-10,9101
4960,誠美材,10,0,10,群益金鼎-敦南,2023-02-10,9101
4977,眾達-KY,17,8,9,群益金鼎-敦南,2023-02-10,9101
4919,新唐,13,4,9,群益金鼎-敦南,2023-02-10,9101
2441,超豐,9,0,9,群益金鼎-敦南,2023-02-10,9101
2748,雲品,10,1,9,群益金鼎-敦南,2023-02-10,9101
3162,精確,11,3,8,群益金鼎-敦南,2023-02-10,9101
8033,雷虎,12,4,8,群益金鼎-敦南,2023-02-10,9101
2354,鴻準,21,14,7,群益金鼎-敦南,2023-02-10,9101
00637L,元大滬深300正2,7,0,7,群益金鼎-敦南,2023-02-10,9101
2359,所羅門,27,20,7,群益金鼎-敦南,2023-02-10,9101
00679B,元大美債20年,6,0,6,群益金鼎-敦南,2023-02-10,9101
6517,保勝光學,7,1,6,群益金鼎-敦南,2023-02-10,9101
2340,台亞,6,0,6,群益金鼎-敦南,2023-02-10,9101
6689,伊雲谷,6,0,6,群益金鼎-敦南,2023-02-10,9101
6139,亞翔,6,0,6,群益金鼎-敦南,2023-02-10,9101
8222,寶一,11,5,6,群益金鼎-敦南,2023-02-10,9101
4979,華星光,186,47,139,群益金鼎-敦南,2023-02-13,9101
1701,中化,134,59,75,群益金鼎-敦南,2023-02-13,9101
00878,國泰永續高股息,77,8,69,群益金鼎-敦南,2023-02-13,9101
3704,合勤控,79,13,66,群益金鼎-敦南,2023-02-13,9101
6180,橘子,37,1,36,群益金鼎-敦南,2023-02-13,9101
2634,漢翔,48,13,35,群益金鼎-敦南,2023-02-13,9101
00651R,復華香港反1,31,0,31,群益金鼎-敦南,2023-02-13,9101
2618,長榮航,34,6,28,群益金鼎-敦南,2023-02-13,9101
00772B,中信高評級公司債,25,0,25,群益金鼎-敦南,2023-02-13,9101
2603,長榮,31,10,21,群益金鼎-敦南,2023-02-13,9101
2884,玉山金,22,2,20,群益金鼎-敦南,2023-02-13,9101
6235,華孚,27,8,19,群益金鼎-敦南,2023-02-13,9101
3380,明泰,17,0,17,群益金鼎-敦南,2023-02-13,9101
00637L,元大滬深300正2,16,0,16,群益金鼎-敦南,2023-02-13,9101
2331,精英,15,0,15,群益金鼎-敦南,2023-02-13,9101
3521,鴻翊,14,0,14,群益金鼎-敦南,2023-02-13,9101
2201,裕隆,17,3,14,群益金鼎-敦南,2023-02-13,9101
8033,雷虎,19,6,13,群益金鼎-敦南,2023-02-13,9101
00900,富邦特選高股息30,12,0,12,群益金鼎-敦南,2023-02-13,9101
3711,日月光投控,11,0,11,群益金鼎-敦南,2023-02-13,9101
3289,宜特,12,1,11,群益金鼎-敦南,2023-02-13,9101
6531,愛普*,13,2,11,群益金鼎-敦南,2023-02-13,9101
00773B,中信優先金融債,11,0,11,群益金鼎-敦南,2023-02-13,9101
1305,華夏,10,0,10,群益金鼎-敦南,2023-02-13,9101
6118,建達,10,0,10,群益金鼎-敦南,2023-02-13,9101
5388,中磊,10,0,10,群益金鼎-敦南,2023-02-13,9101
3038,全台,10,0,10,群益金鼎-敦南,2023-02-13,9101
2498,宏達電,13,3,10,群益金鼎-敦南,2023-02-13,9101
6593,台灣銘板,10,0,10,群益金鼎-敦南,2023-02-13,9101
2495,普安,20,10,10,群益金鼎-敦南,2023-02-13,9101
3062,建漢,10,0,10,群益金鼎-敦南,2023-02-13,9101
2609,陽明,25,15,10,群益金鼎-敦南,2023-02-13,9101
2881,富邦金,12,3,9,群益金鼎-敦南,2023-02-13,9101
2889,國票金,10,1,9,群益金鼎-敦南,2023-02-13,9101
6266,泰詠,33,24,9,群益金鼎-敦南,2023-02-13,9101
3447,展達,10,1,9,群益金鼎-敦南,2023-02-13,9101
8050,廣積,9,1,8,群益金鼎-敦南,2023-02-13,9101
4747,強生,12,4,8,群益金鼎-敦南,2023-02-13,9101
3713,新晶投控,8,0,8,群益金鼎-敦南,2023-02-13,9101
6282,康舒,24,17,7,群益金鼎-敦南,2023-02-13,9101
5284,jpp-KY,7,0,7,群益金鼎-敦南,2023-02-13,9101
4915,致伸,7,0,7,群益金鼎-敦南,2023-02-13,9101
00679B,元大美債20年,6,0,6,群益金鼎-敦南,2023-02-13,9101
00780B,國泰A級金融債,6,0,6,群益金鼎-敦南,2023-02-13,9101
6411,晶焱,9,3,6,群益金鼎-敦南,2023-02-13,9101
2425,承啟,13,7,6,群益金鼎-敦南,2023-02-13,9101
3088,艾訊,6,0,6,群益金鼎-敦南,2023-02-13,9101
00885,富邦越南,6,0,6,群益金鼎-敦南,2023-02-13,9101
2409,友達,6,0,6,群益金鼎-敦南,2023-02-13,9101
3105,穩懋,6,1,5,群益金鼎-敦南,2023-02-13,9101
3024,憶聲,196,1,195,群益金鼎-敦南,2023-02-14,9101
00895,富邦未來車,100,0,100,群益金鼎-敦南,2023-02-14,9101
00632R,元大台灣50反1,85,16,69,群益金鼎-敦南,2023-02-14,9101
2610,華航,80,26,54,群益金鼎-敦南,2023-02-14,9101
8171,天宇,85,34,51,群益金鼎-敦南,2023-02-14,9101
00885,富邦越南,51,4,47,群益金鼎-敦南,2023-02-14,9101
00878,國泰永續高股息,53,8,45,群益金鼎-敦南,2023-02-14,9101
4114,健喬,72,29,43,群益金鼎-敦南,2023-02-14,9101
3704,合勤控,42,7,35,群益金鼎-敦南,2023-02-14,9101
2471,資通,32,7,25,群益金鼎-敦南,2023-02-14,9101
6156,松上,21,0,21,群益金鼎-敦南,2023-02-14,9101
8222,寶一,99,80,19,群益金鼎-敦南,2023-02-14,9101
2425,承啟,25,6,19,群益金鼎-敦南,2023-02-14,9101
00679B,元大美債20年,18,0,18,群益金鼎-敦南,2023-02-14,9101
2498,宏達電,20,2,18,群益金鼎-敦南,2023-02-14,9101
1513,中興電,29,12,17,群益金鼎-敦南,2023-02-14,9101
00713,元大台灣高息低波,17,0,17,群益金鼎-敦南,2023-02-14,9101
2423,固緯,15,0,15,群益金鼎-敦南,2023-02-14,9101
3013,晟銘電,30,16,14,群益金鼎-敦南,2023-02-14,9101
3594,磐儀,17,3,14,群益金鼎-敦南,2023-02-14,9101
6282,康舒,22,8,14,群益金鼎-敦南,2023-02-14,9101
8105,凌巨,14,2,12,群益金鼎-敦南,2023-02-14,9101
2547,日勝生,11,0,11,群益金鼎-敦南,2023-02-14,9101
3710,連展投控,11,0,11,群益金鼎-敦南,2023-02-14,9101
5243,乙盛-KY,11,0,11,群益金鼎-敦南,2023-02-14,9101
3661,世芯-KY,17,7,10,群益金鼎-敦南,2023-02-14,9101
2444,兆勁,10,0,10,群益金鼎-敦南,2023-02-14,9101
1402,遠東新,10,0,10,群益金鼎-敦南,2023-02-14,9101
2634,漢翔,20,10,10,群益金鼎-敦南,2023-02-14,9101
1808,潤隆,10,0,10,群益金鼎-敦南,2023-02-14,9101
2027,大成鋼,13,3,10,群益金鼎-敦南,2023-02-14,9101
2453,凌群,271,261,10,群益金鼎-敦南,2023-02-14,9101
6269,台郡,9,0,9,群益金鼎-敦南,2023-02-14,9101
2882,國泰金,9,0,9,群益金鼎-敦南,2023-02-14,9101
2014,中鴻,9,0,9,群益金鼎-敦南,2023-02-14,9101
1560,中砂,10,1,9,群益金鼎-敦南,2023-02-14,9101
6112,邁達特,13,5,8,群益金鼎-敦南,2023-02-14,9101
2388,威盛,29,21,8,群益金鼎-敦南,2023-02-14,9101
5347,世界,8,1,7,群益金鼎-敦南,2023-02-14,9101
1734,杏輝,7,0,7,群益金鼎-敦南,2023-02-14,9101
1773,勝一,7,0,7,群益金鼎-敦南,2023-02-14,9101
006208,富邦台50,7,1,6,群益金鼎-敦南,2023-02-14,9101
0056,元大高股息,7,1,6,群益金鼎-敦南,2023-02-14,9101
5706,鳳凰,13,7,6,群益金鼎-敦南,2023-02-14,9101
1447,力鵬,6,0,6,群益金鼎-敦南,2023-02-14,9101
4934,太極,6,0,6,群益金鼎-敦南,2023-02-14,9101
1760,寶齡富錦,11,5,6,群益金鼎-敦南,2023-02-14,9101
3481,群創,10,4,6,群益金鼎-敦南,2023-02-14,9101
3029,零壹,11,6,5,群益金鼎-敦南,2023-02-14,9101
6220,岳豐,5,0,5,群益金鼎-敦南,2023-02-14,9101
00632R,元大台灣50反1,727,329,398,群益金鼎-敦南,2023-02-15,9101
00878,國泰永續高股息,205,2,203,群益金鼎-敦南,2023-02-15,9101
3024,憶聲,171,0,171,群益金鼎-敦南,2023-02-15,9101
3207,耀勝,122,13,109,群益金鼎-敦南,2023-02-15,9101
1609,大亞,75,15,60,群益金鼎-敦南,2023-02-15,9101
2453,凌群,186,143,43,群益金鼎-敦南,2023-02-15,9101
00885,富邦越南,38,0,38,群益金鼎-敦南,2023-02-15,9101
00680L,元大美債20正2,36,0,36,群益金鼎-敦南,2023-02-15,9101
2889,國票金,31,0,31,群益金鼎-敦南,2023-02-15,9101
2867,三商壽,80,50,30,群益金鼎-敦南,2023-02-15,9101
00772B,中信高評級公司債,31,2,29,群益金鼎-敦南,2023-02-15,9101
6180,橘子,25,2,23,群益金鼎-敦南,2023-02-15,9101
2206,三陽工業,42,22,20,群益金鼎-敦南,2023-02-15,9101
2618,長榮航,18,1,17,群益金鼎-敦南,2023-02-15,9101
5009,榮剛,81,66,15,群益金鼎-敦南,2023-02-15,9101
4128,中天,15,1,14,群益金鼎-敦南,2023-02-15,9101
0050,元大台灣50,15,1,14,群益金鼎-敦南,2023-02-15,9101
5425,台半,18,5,13,群益金鼎-敦南,2023-02-15,9101
2474,可成,13,0,13,群益金鼎-敦南,2023-02-15,9101
2328,廣宇,14,1,13,群益金鼎-敦南,2023-02-15,9101
2014,中鴻,14,1,13,群益金鼎-敦南,2023-02-15,9101
3441,聯一光,12,0,12,群益金鼎-敦南,2023-02-15,9101
00679B,元大美債20年,12,0,12,群益金鼎-敦南,2023-02-15,9101
2615,萬海,18,7,11,群益金鼎-敦南,2023-02-15,9101
2330,台積電,45,35,10,群益金鼎-敦南,2023-02-15,9101
00780B,國泰A級金融債,10,0,10,群益金鼎-敦南,2023-02-15,9101
2481,強茂,10,0,10,群益金鼎-敦南,2023-02-15,9101
2388,威盛,13,3,10,群益金鼎-敦南,2023-02-15,9101
4743,合一,16,6,10,群益金鼎-敦南,2023-02-15,9101
4953,緯軟,25,15,10,群益金鼎-敦南,2023-02-15,9101
2495,普安,10,0,10,群益金鼎-敦南,2023-02-15,9101
2354,鴻準,11,2,9,群益金鼎-敦南,2023-02-15,9101
6770,力積電,10,2,8,群益金鼎-敦南,2023-02-15,9101
2455,全新,12,4,8,群益金鼎-敦南,2023-02-15,9101
006208,富邦台50,13,5,8,群益金鼎-敦南,2023-02-15,9101
6443,元晶,7,0,7,群益金鼎-敦南,2023-02-15,9101
8358,金居,8,1,7,群益金鼎-敦南,2023-02-15,9101
2891,中信金,7,0,7,群益金鼎-敦南,2023-02-15,9101
6488,環球晶,6,0,6,群益金鼎-敦南,2023-02-15,9101
5340,建榮,6,0,6,群益金鼎-敦南,2023-02-15,9101
3714,富采,8,2,6,群益金鼎-敦南,2023-02-15,9101
00900,富邦特選高股息30,6,0,6,群益金鼎-敦南,2023-02-15,9101
6015,宏遠證,6,0,6,群益金鼎-敦南,2023-02-15,9101
2882,國泰金,8,2,6,群益金鼎-敦南,2023-02-15,9101
3682,亞太電,5,0,5,群益金鼎-敦南,2023-02-15,9101
6279,胡連,6,1,5,群益金鼎-敦南,2023-02-15,9101
6026,福邦證,6,1,5,群益金鼎-敦南,2023-02-15,9101
2883B,凱基金乙特,5,0,5,群益金鼎-敦南,2023-02-15,9101
00697B,元大美債7-10,5,0,5,群益金鼎-敦南,2023-02-15,9101
00773B,中信優先金融債,5,0,5,群益金鼎-敦南,2023-02-15,9101
2618,長榮航,451,58,393,群益金鼎-敦南,2023-02-16,9101
2884,玉山金,315,2,313,群益金鼎-敦南,2023-02-16,9101
00632R,元大台灣50反1,251,12,239,群益金鼎-敦南,2023-02-16,9101
00878,國泰永續高股息,93,0,93,群益金鼎-敦南,2023-02-16,9101
3481,群創,71,19,52,群益金鼎-敦南,2023-02-16,9101
5703,亞都,40,0,40,群益金鼎-敦南,2023-02-16,9101
6806,森崴能源,54,18,36,群益金鼎-敦南,2023-02-16,9101
3710,連展投控,44,9,35,群益金鼎-敦南,2023-02-16,9101
00772B,中信高評級公司債,37,5,32,群益金鼎-敦南,2023-02-16,9101
4763,材料-KY,37,7,30,群益金鼎-敦南,2023-02-16,9101
3596,智易,55,26,29,群益金鼎-敦南,2023-02-16,9101
3029,零壹,27,0,27,群益金鼎-敦南,2023-02-16,9101
1609,大亞,73,48,25,群益金鼎-敦南,2023-02-16,9101
00679B,元大美債20年,23,1,22,群益金鼎-敦南,2023-02-16,9101
2457,飛宏,137,116,21,群益金鼎-敦南,2023-02-16,9101
2889,國票金,20,1,19,群益金鼎-敦南,2023-02-16,9101
1102,亞泥,20,1,19,群益金鼎-敦南,2023-02-16,9101
2453,凌群,31,14,17,群益金鼎-敦南,2023-02-16,9101
2492,華新科,40,24,16,群益金鼎-敦南,2023-02-16,9101
6112,邁達特,18,2,16,群益金鼎-敦南,2023-02-16,9101
2369,菱生,15,0,15,群益金鼎-敦南,2023-02-16,9101
3078,僑威,15,0,15,群益金鼎-敦南,2023-02-16,9101
00902,中信電池及儲能,15,0,15,群益金鼎-敦南,2023-02-16,9101
5392,能率,14,0,14,群益金鼎-敦南,2023-02-16,9101
1795,美時,124,111,13,群益金鼎-敦南,2023-02-16,9101
6290,良維,25,13,12,群益金鼎-敦南,2023-02-16,9101
6605,帝寶,12,0,12,群益金鼎-敦南,2023-02-16,9101
2495,普安,12,0,12,群益金鼎-敦南,2023-02-16,9101
3037,欣興,41,30,11,群益金鼎-敦南,2023-02-16,9101
1701,中化,12,1,11,群益金鼎-敦南,2023-02-16,9101
2471,資通,43,33,10,群益金鼎-敦南,2023-02-16,9101
2516,新建,10,0,10,群益金鼎-敦南,2023-02-16,9101
3047,訊舟,10,0,10,群益金鼎-敦南,2023-02-16,9101
2406,國碩,10,0,10,群益金鼎-敦南,2023-02-16,9101
00706L,期元大S＆P日圓正2,10,0,10,群益金鼎-敦南,2023-02-16,9101
2441,超豐,10,0,10,群益金鼎-敦南,2023-02-16,9101
6104,創惟,17,7,10,群益金鼎-敦南,2023-02-16,9101
2405,輔信,10,0,10,群益金鼎-敦南,2023-02-16,9101
00752,中信中國50,10,0,10,群益金鼎-敦南,2023-02-16,9101
8033,雷虎,9,0,9,群益金鼎-敦南,2023-02-16,9101
4155,訊映,10,1,9,群益金鼎-敦南,2023-02-16,9101
8215,明基材,9,0,9,群益金鼎-敦南,2023-02-16,9101
00773B,中信優先金融債,10,1,9,群益金鼎-敦南,2023-02-16,9101
4961,天鈺,12,4,8,群益金鼎-敦南,2023-02-16,9101
1529,樂事綠能,12,4,8,群益金鼎-敦南,2023-02-16,9101
2323,中環,7,0,7,群益金鼎-敦南,2023-02-16,9101
6874,倍力,7,0,7,群益金鼎-敦南,2023-02-16,9101
5340,建榮,7,0,7,群益金鼎-敦南,2023-02-16,9101
2882,國泰金,9,3,6,群益金鼎-敦南,2023-02-16,9101
2739,寒舍,6,0,6,群益金鼎-敦南,2023-02-16,9101
1795,美時,997,110,887,群益金鼎-敦南,2023-02-17,9101
2884,玉山金,161,1,160,群益金鼎-敦南,2023-02-17,9101
4979,華星光,85,5,80,群益金鼎-敦南,2023-02-17,9101
2498,宏達電,85,17,68,群益金鼎-敦南,2023-02-17,9101
4960,誠美材,40,0,40,群益金鼎-敦南,2023-02-17,9101
3189,景碩,45,15,30,群益金鼎-敦南,2023-02-17,9101
2867,三商壽,30,0,30,群益金鼎-敦南,2023-02-17,9101
00713,元大台灣高息低波,30,0,30,群益金鼎-敦南,2023-02-17,9101
2610,華航,63,35,28,群益金鼎-敦南,2023-02-17,9101
00919,群益台灣精選高息,27,0,27,群益金鼎-敦南,2023-02-17,9101
2329,華泰,27,3,24,群益金鼎-敦南,2023-02-17,9101
00751B,元大AAA至A公司債,23,0,23,群益金鼎-敦南,2023-02-17,9101
00772B,中信高評級公司債,37,14,23,群益金鼎-敦南,2023-02-17,9101
00878,國泰永續高股息,26,3,23,群益金鼎-敦南,2023-02-17,9101
00679B,元大美債20年,21,0,21,群益金鼎-敦南,2023-02-17,9101
3105,穩懋,22,2,20,群益金鼎-敦南,2023-02-17,9101
6285,啟��,20,1,19,群益金鼎-敦南,2023-02-17,9101
2883B,凱基金乙特,20,2,18,群益金鼎-敦南,2023-02-17,9101
3037,欣興,28,10,18,群益金鼎-敦南,2023-02-17,9101
1529,樂事綠能,24,6,18,群益金鼎-敦南,2023-02-17,9101
6235,華孚,45,27,18,群益金鼎-敦南,2023-02-17,9101
1513,中興電,41,24,17,群益金鼎-敦南,2023-02-17,9101
00773B,中信優先金融債,16,0,16,群益金鼎-敦南,2023-02-17,9101
6414,樺漢,16,0,16,群益金鼎-敦南,2023-02-17,9101
2331,精英,15,0,15,群益金鼎-敦南,2023-02-17,9101
9921,巨大,15,0,15,群益金鼎-敦南,2023-02-17,9101
1760,寶齡富錦,23,8,15,群益金鼎-敦南,2023-02-17,9101
5706,鳳凰,21,6,15,群益金鼎-敦南,2023-02-17,9101
1709,和益,14,0,14,群益金鼎-敦南,2023-02-17,9101
2453,凌群,26,14,12,群益金鼎-敦南,2023-02-17,9101
4164,承業醫,11,0,11,群益金鼎-敦南,2023-02-17,9101
6104,創惟,28,17,11,群益金鼎-敦南,2023-02-17,9101
6125,廣運,15,5,10,群益金鼎-敦南,2023-02-17,9101
2889,國票金,10,0,10,群益金鼎-敦南,2023-02-17,9101
2330,台積電,13,3,10,群益金鼎-敦南,2023-02-17,9101
6180,橘子,11,2,9,群益金鼎-敦南,2023-02-17,9101
2929,淘帝-KY,8,0,8,群益金鼎-敦南,2023-02-17,9101
00900,富邦特選高股息30,8,0,8,群益金鼎-敦南,2023-02-17,9101
2028,威致,8,0,8,群益金鼎-敦南,2023-02-17,9101
2317,鴻海,11,3,8,群益金鼎-敦南,2023-02-17,9101
4763,材料-KY,9,2,7,群益金鼎-敦南,2023-02-17,9101
1584,精剛,9,2,7,群益金鼎-敦南,2023-02-17,9101
2363,矽統,7,0,7,群益金鼎-敦南,2023-02-17,9101
8358,金居,9,3,6,群益金鼎-敦南,2023-02-17,9101
3141,晶宏,13,7,6,群益金鼎-敦南,2023-02-17,9101
2103,台橡,6,0,6,群益金鼎-敦南,2023-02-17,9101
2739,寒舍,6,0,6,群益金鼎-敦南,2023-02-17,9101
6244,茂迪,8,3,5,群益金鼎-敦南,2023-02-17,9101
2723,美食-KY,5,0,5,群益金鼎-敦南,2023-02-17,9101
3710,連展投控,5,0,5,群益金鼎-敦南,2023-02-17,9101
1795,美時,328,25,303,群益金鼎-敦南,2023-02-20,9101
00632R,元大台灣50反1,301,97,204,群益金鼎-敦南,2023-02-20,9101
4510,高鋒,50,0,50,群益金鼎-敦南,2023-02-20,9101
1101,台泥,56,8,48,群益金鼎-敦南,2023-02-20,9101
00772B,中信高評級公司債,44,1,43,群益金鼎-敦南,2023-02-20,9101
8050,廣積,53,12,41,群益金鼎-敦南,2023-02-20,9101
4915,致伸,41,1,40,群益金鼎-敦南,2023-02-20,9101
6180,橘子,41,7,34,群益金鼎-敦南,2023-02-20,9101
00878,國泰永續高股息,36,4,32,群益金鼎-敦南,2023-02-20,9101
5009,榮剛,90,61,29,群益金鼎-敦南,2023-02-20,9101
00893,國泰智能電動車,27,0,27,群益金鼎-敦南,2023-02-20,9101
2881,富邦金,33,6,27,群益金鼎-敦南,2023-02-20,9101
3209,全科,35,10,25,群益金鼎-敦南,2023-02-20,9101
2329,華泰,25,1,24,群益金鼎-敦南,2023-02-20,9101
2453,凌群,32,11,21,群益金鼎-敦南,2023-02-20,9101
2497,怡利電,21,0,21,群益金鼎-敦南,2023-02-20,9101
6472,保瑞,20,0,20,群益金鼎-敦南,2023-02-20,9101
8215,明基材,30,10,20,群益金鼎-敦南,2023-02-20,9101
00679B,元大美債20年,18,0,18,群益金鼎-敦南,2023-02-20,9101
00637L,元大滬深300正2,16,1,15,群益金鼎-敦南,2023-02-20,9101
6411,晶焱,25,10,15,群益金鼎-敦南,2023-02-20,9101
5340,建榮,15,0,15,群益金鼎-敦南,2023-02-20,9101
5321,美而快,15,0,15,群益金鼎-敦南,2023-02-20,9101
3380,明泰,14,0,14,群益金鼎-敦南,2023-02-20,9101
6235,華孚,44,31,13,群益金鼎-敦南,2023-02-20,9101
2002,中鋼,13,1,12,群益金鼎-敦南,2023-02-20,9101
2340,台亞,12,1,11,群益金鼎-敦南,2023-02-20,9101
2421,建準,11,0,11,群益金鼎-敦南,2023-02-20,9101
4584,君帆,11,0,11,群益金鼎-敦南,2023-02-20,9101
4906,正文,11,0,11,群益金鼎-敦南,2023-02-20,9101
1529,樂事綠能,40,29,11,群益金鼎-敦南,2023-02-20,9101
6139,亞翔,10,0,10,群益金鼎-敦南,2023-02-20,9101
3224,三顧,15,5,10,群益金鼎-敦南,2023-02-20,9101
6189,豐藝,10,0,10,群益金鼎-敦南,2023-02-20,9101
3035,智原,38,28,10,群益金鼎-敦南,2023-02-20,9101
4119,旭富,10,0,10,群益金鼎-敦南,2023-02-20,9101
1503,士電,38,28,10,群益金鼎-敦南,2023-02-20,9101
2889,國票金,10,0,10,群益金鼎-敦南,2023-02-20,9101
3078,僑威,12,2,10,群益金鼎-敦南,2023-02-20,9101
6282,康舒,13,3,10,群益金鼎-敦南,2023-02-20,9101
2618,長榮航,29,20,9,群益金鼎-敦南,2023-02-20,9101
00683L,期元大美元指正2,9,0,9,群益金鼎-敦南,2023-02-20,9101
0056,元大高股息,9,0,9,群益金鼎-敦南,2023-02-20,9101
6205,詮欣,19,10,9,群益金鼎-敦南,2023-02-20,9101
4121,優盛,9,0,9,群益金鼎-敦南,2023-02-20,9101
6443,元晶,19,10,9,群益金鼎-敦南,2023-02-20,9101
5439,高技,10,1,9,群益金鼎-敦南,2023-02-20,9101
3033,威健,10,1,9,群益金鼎-敦南,2023-02-20,9101
00761B,國泰A級公司債,8,0,8,群益金鼎-敦南,2023-02-20,9101
1504,東元,17,9,8,群益金鼎-敦南,2023-02-20,9101
2484,希華,101,1,100,群益金鼎-敦南,2023-02-21,9101
00632R,元大台灣50反1,119,55,64,群益金鼎-敦南,2023-02-21,9101
2867,三商壽,60,0,60,群益金鼎-敦南,2023-02-21,9101
6179,亞通,60,0,60,群益金鼎-敦南,2023-02-21,9101
2498,宏達電,78,23,55,群益金鼎-敦南,2023-02-21,9101
00631L,元大台灣50正2,46,0,46,群益金鼎-敦南,2023-02-21,9101
2884,玉山金,74,31,43,群益金鼎-敦南,2023-02-21,9101
2889,國票金,40,0,40,群益金鼎-敦南,2023-02-21,9101
2313,華通,36,0,36,群益金鼎-敦南,2023-02-21,9101
8171,天宇,48,16,32,群益金鼎-敦南,2023-02-21,9101
2489,瑞軒,30,0,30,群益金鼎-敦南,2023-02-21,9101
3163,波若威,30,1,29,群益金鼎-敦南,2023-02-21,9101
2457,飛宏,210,181,29,群益金鼎-敦南,2023-02-21,9101
1605,華新,38,14,24,群益金鼎-敦南,2023-02-21,9101
00772B,中信高評級公司債,23,1,22,群益金鼎-敦南,2023-02-21,9101
2618,長榮航,43,23,20,群益金鼎-敦南,2023-02-21,9101
5452,佶優,19,0,19,群益金鼎-敦南,2023-02-21,9101
5009,榮剛,67,50,17,群益金鼎-敦南,2023-02-21,9101
3027,盛達,51,35,16,群益金鼎-敦南,2023-02-21,9101
2461,光群雷,16,0,16,群益金鼎-敦南,2023-02-21,9101
2748,雲品,59,43,16,群益金鼎-敦南,2023-02-21,9101
6285,啟��,17,1,16,群益金鼎-敦南,2023-02-21,9101
9941,裕融,17,1,16,群益金鼎-敦南,2023-02-21,9101
2208,台船,21,6,15,群益金鼎-敦南,2023-02-21,9101
2476,鉅祥,15,0,15,群益金鼎-敦南,2023-02-21,9101
3419,譁裕,15,0,15,群益金鼎-敦南,2023-02-21,9101
3209,全科,20,6,14,群益金鼎-敦南,2023-02-21,9101
00720B,元大投資級公司債,14,0,14,群益金鼎-敦南,2023-02-21,9101
00679B,元大美債20年,13,0,13,群益金鼎-敦南,2023-02-21,9101
3207,耀勝,37,24,13,群益金鼎-敦南,2023-02-21,9101
00725B,國泰投資級公司債,12,0,12,群益金鼎-敦南,2023-02-21,9101
5426,振發,12,0,12,群益金鼎-敦南,2023-02-21,9101
6180,橘子,15,3,12,群益金鼎-敦南,2023-02-21,9101
2723,美食-KY,12,0,12,群益金鼎-敦南,2023-02-21,9101
6605,帝寶,11,0,11,群益金鼎-敦南,2023-02-21,9101
2812,台中銀,10,0,10,群益金鼎-敦南,2023-02-21,9101
2369,菱生,10,0,10,群益金鼎-敦南,2023-02-21,9101
6274,台燿,10,0,10,群益金鼎-敦南,2023-02-21,9101
00753L,中信中國50正2,10,0,10,群益金鼎-敦南,2023-02-21,9101
3049,精金,10,0,10,群益金鼎-敦南,2023-02-21,9101
2038,海光,10,0,10,群益金鼎-敦南,2023-02-21,9101
3046,建��,10,0,10,群益金鼎-敦南,2023-02-21,9101
4510,高鋒,10,0,10,群益金鼎-敦南,2023-02-21,9101
2329,華泰,12,2,10,群益金鼎-敦南,2023-02-21,9101
2323,中環,10,0,10,群益金鼎-敦南,2023-02-21,9101
1808,潤隆,10,0,10,群益金鼎-敦南,2023-02-21,9101
1608,華榮,9,0,9,群益金鼎-敦南,2023-02-21,9101
1524,耿鼎,9,1,8,群益金鼎-敦南,2023-02-21,9101
8050,廣積,37,29,8,群益金鼎-敦南,2023-02-21,9101
3356,奇偶,15,7,8,群益金鼎-敦南,2023-02-21,9101
00632R,元大台灣50反1,887,35,852,群益金鼎-敦南,2023-02-22,9101
4979,華星光,66,1,65,群益金鼎-敦南,2023-02-22,9101
3088,艾訊,78,24,54,群益金鼎-敦南,2023-02-22,9101
2736,富野,44,2,42,群益金鼎-敦南,2023-02-22,9101
00679B,元大美債20年,41,0,41,群益金鼎-敦南,2023-02-22,9101
2324,仁寶,40,0,40,群益金鼎-敦南,2023-02-22,9101
00664R,國泰臺灣加權反1,40,0,40,群益金鼎-敦南,2023-02-22,9101
2498,宏達電,47,10,37,群益金鼎-敦南,2023-02-22,9101
3147,大綜,35,4,31,群益金鼎-敦南,2023-02-22,9101
00641R,富邦日本反1,31,0,31,群益金鼎-敦南,2023-02-22,9101
2388,威盛,70,44,26,群益金鼎-敦南,2023-02-22,9101
1609,大亞,26,1,25,群益金鼎-敦南,2023-02-22,9101
8936,國統,34,12,22,群益金鼎-敦南,2023-02-22,9101
00772B,中信高評級公司債,21,0,21,群益金鼎-敦南,2023-02-22,9101
6179,亞通,20,0,20,群益金鼎-敦南,2023-02-22,9101
3036,文曄,18,0,18,群益金鼎-敦南,2023-02-22,9101
4989,榮科,17,0,17,群益金鼎-敦南,2023-02-22,9101
3419,譁裕,49,32,17,群益金鼎-敦南,2023-02-22,9101
00713,元大台灣高息低波,16,0,16,群益金鼎-敦南,2023-02-22,9101
2201,裕隆,30,15,15,群益金鼎-敦南,2023-02-22,9101
3037,欣興,20,6,14,群益金鼎-敦南,2023-02-22,9101
00725B,國泰投資級公司債,14,0,14,群益金鼎-敦南,2023-02-22,9101
1519,華城,137,123,14,群益金鼎-敦南,2023-02-22,9101
00683L,期元大美元指正2,14,0,14,群益金鼎-敦南,2023-02-22,9101
00878,國泰永續高股息,56,43,13,群益金鼎-敦南,2023-02-22,9101
3094,聯傑,21,8,13,群益金鼎-敦南,2023-02-22,9101
00751B,元大AAA至A公司債,12,0,12,群益金鼎-敦南,2023-02-22,9101
00720B,元大投資級公司債,12,0,12,群益金鼎-敦南,2023-02-22,9101
00680L,元大美債20正2,12,0,12,群益金鼎-敦南,2023-02-22,9101
6129,普誠,12,0,12,群益金鼎-敦南,2023-02-22,9101
6523,達爾膚,12,0,12,群益金鼎-敦南,2023-02-22,9101
00753L,中信中國50正2,10,0,10,群益金鼎-敦南,2023-02-22,9101
2413,環科,10,0,10,群益金鼎-敦南,2023-02-22,9101
1522,堤維西,10,0,10,群益金鼎-敦南,2023-02-22,9101
4510,高鋒,10,0,10,群益金鼎-敦南,2023-02-22,9101
00885,富邦越南,20,10,10,群益金鼎-敦南,2023-02-22,9101
8433,弘帆,10,0,10,群益金鼎-敦南,2023-02-22,9101
2382,廣達,13,3,10,群益金鼎-敦南,2023-02-22,9101
3035,智原,46,37,9,群益金鼎-敦南,2023-02-22,9101
1907,永豐餘,9,0,9,群益金鼎-敦南,2023-02-22,9101
5880,合庫金,9,0,9,群益金鼎-敦南,2023-02-22,9101
6531,愛普*,15,7,8,群益金鼎-敦南,2023-02-22,9101
2603,長榮,42,34,8,群益金鼎-敦南,2023-02-22,9101
2023,燁輝,10,2,8,群益金鼎-敦南,2023-02-22,9101
3029,零壹,13,5,8,群益金鼎-敦南,2023-02-22,9101
2436,偉詮電,9,1,8,群益金鼎-敦南,2023-02-22,9101
3704,合勤控,8,0,8,群益金鼎-敦南,2023-02-22,9101
6244,茂迪,8,0,8,群益金鼎-敦南,2023-02-22,9101
5608,四維航,11,3,8,群益金鼎-敦南,2023-02-22,9101
6290,良維,18,10,8,群益金鼎-敦南,2023-02-22,9101
5876,上海商銀,230,6,224,群益金鼎-敦南,2023-02-23,9101
2412,中華電,80,1,79,群益金鼎-敦南,2023-02-23,9101
00885,富邦越南,60,0,60,群益金鼎-敦南,2023-02-23,9101
8936,國統,63,10,53,群益金鼎-敦南,2023-02-23,9101
2834,臺企銀,63,12,51,群益金鼎-敦南,2023-02-23,9101
00642U,期元大S＆P石油,40,0,40,群益金鼎-敦南,2023-02-23,9101
2368,金像電,40,3,37,群益金鼎-敦南,2023-02-23,9101
2634,漢翔,35,0,35,群益金鼎-敦南,2023-02-23,9101
00772B,中信高評級公司債,28,0,28,群益金鼎-敦南,2023-02-23,9101
3147,大綜,27,0,27,群益金鼎-敦南,2023-02-23,9101
1609,大亞,32,5,27,群益金鼎-敦南,2023-02-23,9101
2409,友達,28,3,25,群益金鼎-敦南,2023-02-23,9101
2425,承啟,26,2,24,群益金鼎-敦南,2023-02-23,9101
00670L,富邦NASDAQ正2,24,1,23,群益金鼎-敦南,2023-02-23,9101
2453,凌群,38,16,22,群益金鼎-敦南,2023-02-23,9101
3163,波若威,23,2,21,群益金鼎-敦南,2023-02-23,9101
5381,合正,20,0,20,群益金鼎-敦南,2023-02-23,9101
2313,華通,20,0,20,群益金鼎-敦南,2023-02-23,9101
3024,憶聲,20,1,19,群益金鼎-敦南,2023-02-23,9101
8227,巨有科技,26,8,18,群益金鼎-敦南,2023-02-23,9101
1605,華新,18,1,17,群益金鼎-敦南,2023-02-23,9101
6282,康舒,26,10,16,群益金鼎-敦南,2023-02-23,9101
2017,官田鋼,16,0,16,群益金鼎-敦南,2023-02-23,9101
6156,松上,19,3,16,群益金鼎-敦南,2023-02-23,9101
1783,和康生,16,0,16,群益金鼎-敦南,2023-02-23,9101
00751B,元大AAA至A公司債,15,0,15,群益金鼎-敦南,2023-02-23,9101
00773B,中信優先金融債,15,0,15,群益金鼎-敦南,2023-02-23,9101
3058,立德,15,0,15,群益金鼎-敦南,2023-02-23,9101
00720B,元大投資級公司債,13,0,13,群益金鼎-敦南,2023-02-23,9101
00631L,元大台灣50正2,13,0,13,群益金鼎-敦南,2023-02-23,9101
4995,晶達,13,0,13,群益金鼎-敦南,2023-02-23,9101
6005,群益證,12,0,12,群益金鼎-敦南,2023-02-23,9101
1108,幸福,20,8,12,群益金鼎-敦南,2023-02-23,9101
2867,三商壽,12,0,12,群益金鼎-敦南,2023-02-23,9101
8234,新漢,36,24,12,群益金鼎-敦南,2023-02-23,9101
2637,慧洋-KY,17,6,11,群益金鼎-敦南,2023-02-23,9101
8940,新天地,11,0,11,群益金鼎-敦南,2023-02-23,9101
8996,高力,22,11,11,群益金鼎-敦南,2023-02-23,9101
4903,聯光通,11,0,11,群益金鼎-敦南,2023-02-23,9101
1219,福壽,11,0,11,群益金鼎-敦南,2023-02-23,9101
2323,中環,11,0,11,群益金鼎-敦南,2023-02-23,9101
2812,台中銀,11,0,11,群益金鼎-敦南,2023-02-23,9101
5880,合庫金,10,0,10,群益金鼎-敦南,2023-02-23,9101
6266,泰詠,13,3,10,群益金鼎-敦南,2023-02-23,9101
5512,力麒,20,10,10,群益金鼎-敦南,2023-02-23,9101
4960,誠美材,10,0,10,群益金鼎-敦南,2023-02-23,9101
2495,普安,10,0,10,群益金鼎-敦南,2023-02-23,9101
6625,必應,10,0,10,群益金鼎-敦南,2023-02-23,9101
8358,金居,9,0,9,群益金鼎-敦南,2023-02-23,9101
8349,�矬�,10,1,9,群益金鼎-敦南,2023-02-23,9101
00671R,富邦NASDAQ反1,160,0,160,群益金鼎-敦南,2023-02-24,9101
00895,富邦未來車,90,0,90,群益金鼎-敦南,2023-02-24,9101
2611,志信,84,2,82,群益金鼎-敦南,2023-02-24,9101
00715L,期街口布蘭特正2,67,0,67,群益金鼎-敦南,2023-02-24,9101
3163,波若威,68,7,61,群益金鼎-敦南,2023-02-24,9101
00712,復華富時不動產,51,0,51,群益金鼎-敦南,2023-02-24,9101
2601,益航,44,0,44,群益金鼎-敦南,2023-02-24,9101
1722,台肥,41,0,41,群益金鼎-敦南,2023-02-24,9101
00882,中信中國高股息,39,0,39,群益金鼎-敦南,2023-02-24,9101
2610,華航,52,19,33,群益金鼎-敦南,2023-02-24,9101
00885,富邦越南,35,5,30,群益金鼎-敦南,2023-02-24,9101
2303,聯電,38,10,28,群益金鼎-敦南,2023-02-24,9101
4763,材料-KY,53,28,25,群益金鼎-敦南,2023-02-24,9101
5340,建榮,26,1,25,群益金鼎-敦南,2023-02-24,9101
6125,廣運,23,0,23,群益金鼎-敦南,2023-02-24,9101
2885,元大金,22,0,22,群益金鼎-敦南,2023-02-24,9101
00900,富邦特選高股息30,34,12,22,群益金鼎-敦南,2023-02-24,9101
6282,康舒,64,43,21,群益金鼎-敦南,2023-02-24,9101
6174,安��,21,0,21,群益金鼎-敦南,2023-02-24,9101
4168,醣聯,21,1,20,群益金鼎-敦南,2023-02-24,9101
4960,誠美材,20,0,20,群益金鼎-敦南,2023-02-24,9101
2201,裕隆,70,51,19,群益金鼎-敦南,2023-02-24,9101
00631L,元大台灣50正2,19,0,19,群益金鼎-敦南,2023-02-24,9101
2476,鉅祥,20,2,18,群益金鼎-敦南,2023-02-24,9101
3024,憶聲,15,0,15,群益金鼎-敦南,2023-02-24,9101
2867,三商壽,15,0,15,群益金鼎-敦南,2023-02-24,9101
5388,中磊,20,5,15,群益金鼎-敦南,2023-02-24,9101
2609,陽明,31,16,15,群益金鼎-敦南,2023-02-24,9101
2618,長榮航,17,3,14,群益金鼎-敦南,2023-02-24,9101
2889,國票金,15,1,14,群益金鼎-敦南,2023-02-24,9101
3029,零壹,18,4,14,群益金鼎-敦南,2023-02-24,9101
2495,普安,14,0,14,群益金鼎-敦南,2023-02-24,9101
1101,台泥,14,2,12,群益金鼎-敦南,2023-02-24,9101
2344,華邦電,13,1,12,群益金鼎-敦南,2023-02-24,9101
4968,立積,25,13,12,群益金鼎-敦南,2023-02-24,9101
00713,元大台灣高息低波,14,2,12,群益金鼎-敦南,2023-02-24,9101
2754,亞洲藏壽司,13,1,12,群益金鼎-敦南,2023-02-24,9101
2617,台航,12,0,12,群益金鼎-敦南,2023-02-24,9101
2317,鴻海,12,0,12,群益金鼎-敦南,2023-02-24,9101
3058,立德,12,1,11,群益金鼎-敦南,2023-02-24,9101
6443,元晶,13,2,11,群益金鼎-敦南,2023-02-24,9101
2474,可成,16,5,11,群益金鼎-敦南,2023-02-24,9101
1708,東鹼,11,0,11,群益金鼎-敦南,2023-02-24,9101
2634,漢翔,11,0,11,群益金鼎-敦南,2023-02-24,9101
8358,金居,17,6,11,群益金鼎-敦南,2023-02-24,9101
2338,光罩,11,0,11,群益金鼎-敦南,2023-02-24,9101
8227,巨有科技,18,8,10,群益金鼎-敦南,2023-02-24,9101
6733,博晟生醫,11,1,10,群益金鼎-敦南,2023-02-24,9101
1752,南光,11,1,10,群益金鼎-敦南,2023-02-24,9101
3535,晶彩科,10,0,10,群益金鼎-敦南,2023-02-24,9101
2641,正德,570,21,549,群益金鼎-敦南,2023-03-01,9101
2882,國泰金,110,22,88,群益金鼎-敦南,2023-03-01,9101
2884,玉山金,103,21,82,群益金鼎-敦南,2023-03-01,9101
3029,零壹,75,1,74,群益金鼎-敦南,2023-03-01,9101
6589,台康生技,64,1,63,群益金鼎-敦南,2023-03-01,9101
1795,美時,54,3,51,群益金鼎-敦南,2023-03-01,9101
3209,全科,48,0,48,群益金鼎-敦南,2023-03-01,9101
2618,長榮航,54,9,45,群益金鼎-敦南,2023-03-01,9101
6733,博晟生醫,42,0,42,群益金鼎-敦南,2023-03-01,9101
3535,晶彩科,41,0,41,群益金鼎-敦南,2023-03-01,9101
00885,富邦越南,35,0,35,群益金鼎-敦南,2023-03-01,9101
4763,材料-KY,45,10,35,群益金鼎-敦南,2023-03-01,9101
2504,國產,30,0,30,群益金鼎-敦南,2023-03-01,9101
2002,中鋼,32,4,28,群益金鼎-敦南,2023-03-01,9101
3419,譁裕,29,2,27,群益金鼎-敦南,2023-03-01,9101
6806,森崴能源,27,0,27,群益金鼎-敦南,2023-03-01,9101
8131,福懋科,26,0,26,群益金鼎-敦南,2023-03-01,9101
2601,益航,24,0,24,群益金鼎-敦南,2023-03-01,9101
3033,威健,22,0,22,群益金鼎-敦南,2023-03-01,9101
00715L,期街口布蘭特正2,20,0,20,群益金鼎-敦南,2023-03-01,9101
8936,國統,21,1,20,群益金鼎-敦南,2023-03-01,9101
2303,聯電,41,21,20,群益金鼎-敦南,2023-03-01,9101
6770,力積電,20,1,19,群益金鼎-敦南,2023-03-01,9101
00773B,中信優先金融債,20,2,18,群益金鼎-敦南,2023-03-01,9101
1210,大成,28,10,18,群益金鼎-敦南,2023-03-01,9101
2637,慧洋-KY,55,38,17,群益金鼎-敦南,2023-03-01,9101
1611,中電,16,0,16,群益金鼎-敦南,2023-03-01,9101
5328,華容,15,0,15,群益金鼎-敦南,2023-03-01,9101
00712,復華富時不動產,15,0,15,群益金鼎-敦南,2023-03-01,9101
3094,聯傑,13,0,13,群益金鼎-敦南,2023-03-01,9101
2609,陽明,18,5,13,群益金鼎-敦南,2023-03-01,9101
2605,新興,63,50,13,群益金鼎-敦南,2023-03-01,9101
00720B,元大投資級公司債,12,0,12,群益金鼎-敦南,2023-03-01,9101
6282,康舒,22,11,11,群益金鼎-敦南,2023-03-01,9101
6517,保勝光學,11,0,11,群益金鼎-敦南,2023-03-01,9101
6664,群翊,11,0,11,群益金鼎-敦南,2023-03-01,9101
4207,環泰,10,0,10,群益金鼎-敦南,2023-03-01,9101
4168,醣聯,10,0,10,群益金鼎-敦南,2023-03-01,9101
2495,普安,10,0,10,群益金鼎-敦南,2023-03-01,9101
00893,國泰智能電動車,10,0,10,群益金鼎-敦南,2023-03-01,9101
2243,宏旭-KY,13,3,10,群益金鼎-敦南,2023-03-01,9101
00706L,期元大S＆P日圓正2,10,0,10,群益金鼎-敦南,2023-03-01,9101
00650L,復華香港正2,10,0,10,群益金鼎-敦南,2023-03-01,9101
1815,富喬,10,0,10,群益金鼎-敦南,2023-03-01,9101
2603,長榮,13,3,10,群益金鼎-敦南,2023-03-01,9101
3481,群創,13,4,9,群益金鼎-敦南,2023-03-01,9101
3594,磐儀,9,0,9,群益金鼎-敦南,2023-03-01,9101
3652,精聯,14,5,9,群益金鼎-敦南,2023-03-01,9101
2617,台航,19,10,9,群益金鼎-敦南,2023-03-01,9101
2457,飛宏,10,1,9,群益金鼎-敦南,2023-03-01,9101
00637L,元大滬深300正2,335,0,335,群益金鼎-敦南,2023-03-02,9101
2413,環科,80,12,68,群益金鼎-敦南,2023-03-02,9101
2706,第一店,67,0,67,群益金鼎-敦南,2023-03-02,9101
3207,耀勝,86,38,48,群益金鼎-敦南,2023-03-02,9101
00772B,中信高評級公司債,41,0,41,群益金鼎-敦南,2023-03-02,9101
2889,國票金,35,1,34,群益金鼎-敦南,2023-03-02,9101
00878,國泰永續高股息,72,40,32,群益金鼎-敦南,2023-03-02,9101
2329,華泰,38,8,30,群益金鼎-敦南,2023-03-02,9101
8033,雷虎,40,16,24,群益金鼎-敦南,2023-03-02,9101
2201,裕隆,29,6,23,群益金鼎-敦南,2023-03-02,9101
6733,博晟生醫,22,1,21,群益金鼎-敦南,2023-03-02,9101
3141,晶宏,28,8,20,群益金鼎-敦南,2023-03-02,9101
6523,達爾膚,19,0,19,群益金鼎-敦南,2023-03-02,9101
2495,普安,20,2,18,群益金鼎-敦南,2023-03-02,9101
5009,榮剛,61,43,18,群益金鼎-敦南,2023-03-02,9101
3481,群創,20,2,18,群益金鼎-敦南,2023-03-02,9101
2419,仲琦,45,27,18,群益金鼎-敦南,2023-03-02,9101
8924,大田,17,0,17,群益金鼎-敦南,2023-03-02,9101
1708,東鹼,47,30,17,群益金鼎-敦南,2023-03-02,9101
00773B,中信優先金融債,17,0,17,群益金鼎-敦南,2023-03-02,9101
5410,國眾,17,0,17,群益金鼎-敦南,2023-03-02,9101
2601,益航,22,7,15,群益金鼎-敦南,2023-03-02,9101
2748,雲品,18,4,14,群益金鼎-敦南,2023-03-02,9101
2482,連宇,85,71,14,群益金鼎-敦南,2023-03-02,9101
4974,亞泰,18,4,14,群益金鼎-敦南,2023-03-02,9101
2359,所羅門,65,52,13,群益金鼎-敦南,2023-03-02,9101
2038,海光,13,0,13,群益金鼎-敦南,2023-03-02,9101
6515,穎崴,23,10,13,群益金鼎-敦南,2023-03-02,9101
2888,新光金,13,0,13,群益金鼎-敦南,2023-03-02,9101
3673,TPK-KY,12,0,12,群益金鼎-敦南,2023-03-02,9101
3027,盛達,53,42,11,群益金鼎-敦南,2023-03-02,9101
2409,友達,11,0,11,群益金鼎-敦南,2023-03-02,9101
5703,亞都,10,0,10,群益金鼎-敦南,2023-03-02,9101
3033,威健,10,0,10,群益金鼎-敦南,2023-03-02,9101
8171,天宇,30,20,10,群益金鼎-敦南,2023-03-02,9101
2404,漢唐,9,0,9,群益金鼎-敦南,2023-03-02,9101
2344,華邦電,113,104,9,群益金鼎-敦南,2023-03-02,9101
6689,伊雲谷,9,0,9,群益金鼎-敦南,2023-03-02,9101
2476,鉅祥,11,2,9,群益金鼎-敦南,2023-03-02,9101
2371,大同,9,0,9,群益金鼎-敦南,2023-03-02,9101
2545,皇翔,9,0,9,群益金鼎-敦南,2023-03-02,9101
1905,華紙,9,0,9,群益金鼎-敦南,2023-03-02,9101
2542,興富發,9,0,9,群益金鼎-敦南,2023-03-02,9101
8401,白紗科,9,0,9,群益金鼎-敦南,2023-03-02,9101
2388,威盛,26,17,9,群益金鼎-敦南,2023-03-02,9101
5258,虹堡,37,28,9,群益金鼎-敦南,2023-03-02,9101
2498,宏達電,45,37,8,群益金鼎-敦南,2023-03-02,9101
00897,富邦基因免疫生技,8,0,8,群益金鼎-敦南,2023-03-02,9101
00632R,元大台灣50反1,22,14,8,群益金鼎-敦南,2023-03-02,9101
2634,漢翔,10,2,8,群益金鼎-敦南,2023-03-02,9101
6589,台康生技,180,2,178,群益金鼎-敦南,2023-03-03,9101
1434,福懋,100,0,100,群益金鼎-敦南,2023-03-03,9101
00632R,元大台灣50反1,170,87,83,群益金鼎-敦南,2023-03-03,9101
2498,宏達電,79,5,74,群益金鼎-敦南,2023-03-03,9101
2609,陽明,117,43,74,群益金鼎-敦南,2023-03-03,9101
00665L,富邦�琤肭磪囓�2,60,0,60,群益金鼎-敦南,2023-03-03,9101
3147,大綜,63,4,59,群益金鼎-敦南,2023-03-03,9101
3481,群創,100,45,55,群益金鼎-敦南,2023-03-03,9101
2495,普安,40,0,40,群益金鼎-敦南,2023-03-03,9101
2388,威盛,79,42,37,群益金鼎-敦南,2023-03-03,9101
2471,資通,42,6,36,群益金鼎-敦南,2023-03-03,9101
00715L,期街口布蘭特正2,36,0,36,群益金鼎-敦南,2023-03-03,9101
2618,長榮航,42,6,36,群益金鼎-敦南,2023-03-03,9101
3037,欣興,52,17,35,群益金鼎-敦南,2023-03-03,9101
5608,四維航,61,29,32,群益金鼎-敦南,2023-03-03,9101
2374,佳能,28,0,28,群益金鼎-敦南,2023-03-03,9101
2610,華航,26,0,26,群益金鼎-敦南,2023-03-03,9101
6733,博晟生醫,26,0,26,群益金鼎-敦南,2023-03-03,9101
00679B,元大美債20年,24,0,24,群益金鼎-敦南,2023-03-03,9101
2492,華新科,25,2,23,群益金鼎-敦南,2023-03-03,9101
00720B,元大投資級公司債,22,0,22,群益金鼎-敦南,2023-03-03,9101
2482,連宇,35,13,22,群益金鼎-敦南,2023-03-03,9101
8938,明安,29,8,21,群益金鼎-敦南,2023-03-03,9101
2612,中航,30,10,20,群益金鼎-敦南,2023-03-03,9101
6414,樺漢,19,0,19,群益金鼎-敦南,2023-03-03,9101
2462,良得電,17,0,17,群益金鼎-敦南,2023-03-03,9101
1810,和成,27,11,16,群益金鼎-敦南,2023-03-03,9101
2880,華南金,16,0,16,群益金鼎-敦南,2023-03-03,9101
6248,沛波,16,0,16,群益金鼎-敦南,2023-03-03,9101
2617,台航,15,0,15,群益金鼎-敦南,2023-03-03,9101
8069,元太,20,6,14,群益金鼎-敦南,2023-03-03,9101
1783,和康生,30,16,14,群益金鼎-敦南,2023-03-03,9101
2201,裕隆,35,22,13,群益金鼎-敦南,2023-03-03,9101
006208,富邦台50,13,1,12,群益金鼎-敦南,2023-03-03,9101
00885,富邦越南,12,0,12,群益金鼎-敦南,2023-03-03,9101
5351,鈺創,23,11,12,群益金鼎-敦南,2023-03-03,9101
00751B,元大AAA至A公司債,11,0,11,群益金鼎-敦南,2023-03-03,9101
5521,工信,11,0,11,群益金鼎-敦南,2023-03-03,9101
2451,創見,11,0,11,群益金鼎-敦南,2023-03-03,9101
6112,邁達特,20,9,11,群益金鼎-敦南,2023-03-03,9101
3406,玉晶光,12,2,10,群益金鼎-敦南,2023-03-03,9101
1101,台泥,10,0,10,群益金鼎-敦南,2023-03-03,9101
2889,國票金,10,0,10,群益金鼎-敦南,2023-03-03,9101
2886,兆豐金,10,0,10,群益金鼎-敦南,2023-03-03,9101
3045,台灣大,10,0,10,群益金鼎-敦南,2023-03-03,9101
2812,台中銀,10,0,10,群益金鼎-敦南,2023-03-03,9101
2890,永豐金,11,1,10,群益金鼎-敦南,2023-03-03,9101
2739,寒舍,9,0,9,群益金鼎-敦南,2023-03-03,9101
2637,慧洋-KY,12,3,9,群益金鼎-敦南,2023-03-03,9101
3432,台端,9,0,9,群益金鼎-敦南,2023-03-03,9101
2332,友訊,200,0,200,群益金鼎-敦南,2023-03-06,9101
00895,富邦未來車,110,0,110,群益金鼎-敦南,2023-03-06,9101
9902,台火,105,0,105,群益金鼎-敦南,2023-03-06,9101
3628,盈正,115,10,105,群益金鼎-敦南,2023-03-06,9101
5211,蒙恬,96,3,93,群益金鼎-敦南,2023-03-06,9101
1314,中石化,50,0,50,群益金鼎-敦南,2023-03-06,9101
3207,耀勝,66,25,41,群益金鼎-敦南,2023-03-06,9101
00631L,元大台灣50正2,68,34,34,群益金鼎-敦南,2023-03-06,9101
3479,安勤,46,13,33,群益金鼎-敦南,2023-03-06,9101
3019,亞光,40,8,32,群益金鼎-敦南,2023-03-06,9101
006208,富邦台50,30,0,30,群益金鼎-敦南,2023-03-06,9101
2495,普安,30,0,30,群益金鼎-敦南,2023-03-06,9101
2601,益航,28,0,28,群益金鼎-敦南,2023-03-06,9101
00713,元大台灣高息低波,28,2,26,群益金鼎-敦南,2023-03-06,9101
3059,華晶科,26,1,25,群益金鼎-敦南,2023-03-06,9101
3141,晶宏,33,9,24,群益金鼎-敦南,2023-03-06,9101
3711,日月光投控,23,0,23,群益金鼎-敦南,2023-03-06,9101
1711,永光,21,0,21,群益金鼎-敦南,2023-03-06,9101
2497,怡利電,20,0,20,群益金鼎-敦南,2023-03-06,9101
9802,鈺齊-KY,20,0,20,群益金鼎-敦南,2023-03-06,9101
2615,萬海,26,6,20,群益金鼎-敦南,2023-03-06,9101
6282,康舒,79,61,18,群益金鼎-敦南,2023-03-06,9101
5371,中光電,20,2,18,群益金鼎-敦南,2023-03-06,9101
4903,聯光通,17,0,17,群益金鼎-敦南,2023-03-06,9101
5351,鈺創,18,1,17,群益金鼎-敦南,2023-03-06,9101
2367,燿華,17,1,16,群益金鼎-敦南,2023-03-06,9101
6509,聚和,17,1,16,群益金鼎-敦南,2023-03-06,9101
3221,台嘉碩,15,0,15,群益金鼎-敦南,2023-03-06,9101
8176,智捷,16,1,15,群益金鼎-敦南,2023-03-06,9101
2014,中鴻,15,1,14,群益金鼎-敦南,2023-03-06,9101
3147,大綜,18,4,14,群益金鼎-敦南,2023-03-06,9101
01003T,兆豐新光R1,14,0,14,群益金鼎-敦南,2023-03-06,9101
6770,力積電,44,30,14,群益金鼎-敦南,2023-03-06,9101
2889,國票金,13,0,13,群益金鼎-敦南,2023-03-06,9101
1722,台肥,12,0,12,群益金鼎-敦南,2023-03-06,9101
4207,環泰,12,0,12,群益金鼎-敦南,2023-03-06,9101
5009,榮剛,51,40,11,群益金鼎-敦南,2023-03-06,9101
3013,晟銘電,118,107,11,群益金鼎-敦南,2023-03-06,9101
00679B,元大美債20年,11,0,11,群益金鼎-敦南,2023-03-06,9101
2607,榮運,11,0,11,群益金鼎-敦南,2023-03-06,9101
2344,華邦電,13,3,10,群益金鼎-敦南,2023-03-06,9101
6603,富強鑫,10,0,10,群益金鼎-敦南,2023-03-06,9101
2883B,凱基金乙特,10,0,10,群益金鼎-敦南,2023-03-06,9101
00650L,復華香港正2,10,0,10,群益金鼎-敦南,2023-03-06,9101
2887,台新金,11,1,10,群益金鼎-敦南,2023-03-06,9101
1474,弘裕,10,0,10,群益金鼎-敦南,2023-03-06,9101
00633L,富邦上証正2,10,0,10,群益金鼎-敦南,2023-03-06,9101
2723,美食-KY,10,0,10,群益金鼎-敦南,2023-03-06,9101
9105,泰金寶-DR,10,0,10,群益金鼎-敦南,2023-03-06,9101
6231,系微,25,15,10,群益金鼎-敦南,2023-03-06,9101
2883,凱基金,102,0,102,群益金鼎-敦南,2023-03-07,9101
00895,富邦未來車,100,0,100,群益金鼎-敦南,2023-03-07,9101
00632R,元大台灣50反1,153,61,92,群益金鼎-敦南,2023-03-07,9101
3207,耀勝,84,13,71,群益金鼎-敦南,2023-03-07,9101
2498,宏達電,54,12,42,群益金鼎-敦南,2023-03-07,9101
3362,先進光,57,17,40,群益金鼎-敦南,2023-03-07,9101
3188,鑫龍騰,39,0,39,群益金鼎-敦南,2023-03-07,9101
2486,一詮,63,29,34,群益金鼎-敦南,2023-03-07,9101
5211,蒙恬,30,0,30,群益金鼎-敦南,2023-03-07,9101
5381,合正,30,0,30,群益金鼎-敦南,2023-03-07,9101
00720B,元大投資級公司債,29,0,29,群益金鼎-敦南,2023-03-07,9101
1709,和益,30,1,29,群益金鼎-敦南,2023-03-07,9101
2453,凌群,30,1,29,群益金鼎-敦南,2023-03-07,9101
1710,東聯,43,15,28,群益金鼎-敦南,2023-03-07,9101
3042,晶技,28,0,28,群益金鼎-敦南,2023-03-07,9101
2534,宏盛,28,0,28,群益金鼎-敦南,2023-03-07,9101
2344,華邦電,25,2,23,群益金鼎-敦南,2023-03-07,9101
1584,精剛,33,10,23,群益金鼎-敦南,2023-03-07,9101
3628,盈正,25,2,23,群益金鼎-敦南,2023-03-07,9101
5009,榮剛,112,90,22,群益金鼎-敦南,2023-03-07,9101
3221,台嘉碩,20,0,20,群益金鼎-敦南,2023-03-07,9101
6235,華孚,115,96,19,群益金鼎-敦南,2023-03-07,9101
2482,連宇,132,113,19,群益金鼎-敦南,2023-03-07,9101
00772B,中信高評級公司債,19,0,19,群益金鼎-敦南,2023-03-07,9101
1760,寶齡富錦,43,26,17,群益金鼎-敦南,2023-03-07,9101
3037,欣興,20,4,16,群益金鼎-敦南,2023-03-07,9101
2484,希華,25,9,16,群益金鼎-敦南,2023-03-07,9101
00725B,國泰投資級公司債,15,0,15,群益金鼎-敦南,2023-03-07,9101
2388,威盛,19,4,15,群益金鼎-敦南,2023-03-07,9101
2516,新建,15,0,15,群益金鼎-敦南,2023-03-07,9101
2368,金像電,19,5,14,群益金鼎-敦南,2023-03-07,9101
2352,佳世達,20,6,14,群益金鼎-敦南,2023-03-07,9101
6282,康舒,57,43,14,群益金鼎-敦南,2023-03-07,9101
1701,中化,13,0,13,群益金鼎-敦南,2023-03-07,9101
2323,中環,13,0,13,群益金鼎-敦南,2023-03-07,9101
6791,虎門科技,12,0,12,群益金鼎-敦南,2023-03-07,9101
1513,中興電,52,41,11,群益金鼎-敦南,2023-03-07,9101
6417,韋僑,11,0,11,群益金鼎-敦南,2023-03-07,9101
6290,良維,23,12,11,群益金鼎-敦南,2023-03-07,9101
2489,瑞軒,11,0,11,群益金鼎-敦南,2023-03-07,9101
3552,同致,12,2,10,群益金鼎-敦南,2023-03-07,9101
2545,皇翔,10,0,10,群益金鼎-敦南,2023-03-07,9101
00853B,統一美債10年Aa-,10,0,10,群益金鼎-敦南,2023-03-07,9101
00650L,復華香港正2,15,5,10,群益金鼎-敦南,2023-03-07,9101
2382,廣達,10,0,10,群益金鼎-敦南,2023-03-07,9101
2426,鼎元,10,0,10,群益金鼎-敦南,2023-03-07,9101
6116,彩晶,13,3,10,群益金鼎-敦南,2023-03-07,9101
0061,元大寶滬深,10,0,10,群益金鼎-敦南,2023-03-07,9101
2515,中工,10,0,10,群益金鼎-敦南,2023-03-07,9101
3056,富華新,10,0,10,群益金鼎-敦南,2023-03-07,9101
6129,普誠,563,40,523,群益金鼎-敦南,2023-03-08,9101
00751B,元大AAA至A公司債,71,0,71,群益金鼎-敦南,2023-03-08,9101
3712,永崴投控,72,3,69,群益金鼎-敦南,2023-03-08,9101
8222,寶一,118,49,69,群益金鼎-敦南,2023-03-08,9101
00651R,復華香港反1,50,0,50,群益金鼎-敦南,2023-03-08,9101
00772B,中信高評級公司債,45,2,43,群益金鼎-敦南,2023-03-08,9101
5211,蒙恬,46,3,43,群益金鼎-敦南,2023-03-08,9101
3093,港建*,47,10,37,群益金鼎-敦南,2023-03-08,9101
00720B,元大投資級公司債,36,1,35,群益金鼎-敦南,2023-03-08,9101
2453,凌群,69,36,33,群益金鼎-敦南,2023-03-08,9101
2328,廣宇,46,15,31,群益金鼎-敦南,2023-03-08,9101
3362,先進光,53,22,31,群益金鼎-敦南,2023-03-08,9101
01003T,兆豐新光R1,31,0,31,群益金鼎-敦南,2023-03-08,9101
3188,鑫龍騰,29,0,29,群益金鼎-敦南,2023-03-08,9101
2201,裕隆,30,1,29,群益金鼎-敦南,2023-03-08,9101
2534,宏盛,21,0,21,群益金鼎-敦南,2023-03-08,9101
2312,金寶,21,0,21,群益金鼎-敦南,2023-03-08,9101
5203,訊連,21,0,21,群益金鼎-敦南,2023-03-08,9101
9933,中鼎,29,9,20,群益金鼎-敦南,2023-03-08,9101
2419,仲琦,42,22,20,群益金鼎-敦南,2023-03-08,9101
3558,神準,23,3,20,群益金鼎-敦南,2023-03-08,9101
8110,華東,20,0,20,群益金鼎-敦南,2023-03-08,9101
2371,大同,49,29,20,群益金鼎-敦南,2023-03-08,9101
5213,亞昕,19,0,19,群益金鼎-敦南,2023-03-08,9101
2618,長榮航,23,5,18,群益金鼎-敦南,2023-03-08,9101
5009,榮剛,108,91,17,群益金鼎-敦南,2023-03-08,9101
6174,安��,17,0,17,群益金鼎-敦南,2023-03-08,9101
2634,漢翔,88,71,17,群益金鼎-敦南,2023-03-08,9101
2354,鴻準,16,0,16,群益金鼎-敦南,2023-03-08,9101
3217,優群,22,6,16,群益金鼎-敦南,2023-03-08,9101
2367,燿華,17,1,16,群益金鼎-敦南,2023-03-08,9101
2605,新興,16,1,15,群益金鼎-敦南,2023-03-08,9101
3265,台星科,42,28,14,群益金鼎-敦南,2023-03-08,9101
00923,群益台ESG低碳50,27,13,14,群益金鼎-敦南,2023-03-08,9101
3013,晟銘電,58,44,14,群益金鼎-敦南,2023-03-08,9101
00637L,元大滬深300正2,13,0,13,群益金鼎-敦南,2023-03-08,9101
8940,新天地,13,0,13,群益金鼎-敦南,2023-03-08,9101
3011,今皓,13,0,13,群益金鼎-敦南,2023-03-08,9101
1762,中化生,13,0,13,群益金鼎-敦南,2023-03-08,9101
1701,中化,17,5,12,群益金鼎-敦南,2023-03-08,9101
3231,緯創,40,28,12,群益金鼎-敦南,2023-03-08,9101
3042,晶技,12,0,12,群益金鼎-敦南,2023-03-08,9101
00752,中信中國50,12,0,12,群益金鼎-敦南,2023-03-08,9101
1605,華新,37,25,12,群益金鼎-敦南,2023-03-08,9101
1504,東元,32,20,12,群益金鼎-敦南,2023-03-08,9101
4763,材料-KY,74,63,11,群益金鼎-敦南,2023-03-08,9101
6770,力積電,11,0,11,群益金鼎-敦南,2023-03-08,9101
3557,嘉威,11,0,11,群益金鼎-敦南,2023-03-08,9101
2399,映泰,10,0,10,群益金鼎-敦南,2023-03-08,9101
1313,聯成,10,0,10,群益金鼎-敦南,2023-03-08,9101
6589,台康生技,183,0,183,群益金鼎-敦南,2023-03-09,9101
00680L,元大美債20正2,100,0,100,群益金鼎-敦南,2023-03-09,9101
2618,長榮航,106,41,65,群益金鼎-敦南,2023-03-09,9101
2610,華航,130,74,56,群益金鼎-敦南,2023-03-09,9101
3434,哲固,57,2,55,群益金鼎-敦南,2023-03-09,9101
6770,力積電,71,23,48,群益金鼎-敦南,2023-03-09,9101
5230,雷笛克光學,52,12,40,群益金鼎-敦南,2023-03-09,9101
00664R,國泰臺灣加權反1,40,0,40,群益金鼎-敦南,2023-03-09,9101
2442,新美齊,30,0,30,群益金鼎-敦南,2023-03-09,9101
2399,映泰,30,0,30,群益金鼎-敦南,2023-03-09,9101
2344,華邦電,79,50,29,群益金鼎-敦南,2023-03-09,9101
5608,四維航,31,2,29,群益金鼎-敦南,2023-03-09,9101
2607,榮運,28,0,28,群益金鼎-敦南,2023-03-09,9101
00923,群益台ESG低碳50,28,1,27,群益金鼎-敦南,2023-03-09,9101
00878,國泰永續高股息,30,6,24,群益金鼎-敦南,2023-03-09,9101
2888,新光金,22,0,22,群益金鼎-敦南,2023-03-09,9101
3024,憶聲,42,20,22,群益金鼎-敦南,2023-03-09,9101
1402,遠東新,21,0,21,群益金鼎-敦南,2023-03-09,9101
2867,三商壽,20,0,20,群益金鼎-敦南,2023-03-09,9101
2317,鴻海,25,5,20,群益金鼎-敦南,2023-03-09,9101
6279,胡連,21,1,20,群益金鼎-敦南,2023-03-09,9101
2201,裕隆,27,7,20,群益金鼎-敦南,2023-03-09,9101
6741,91APP*-KY,21,2,19,群益金鼎-敦南,2023-03-09,9101
2634,漢翔,78,60,18,群益金鼎-敦南,2023-03-09,9101
3189,景碩,19,1,18,群益金鼎-敦南,2023-03-09,9101
2439,美律,17,0,17,群益金鼎-敦南,2023-03-09,9101
5353,台林,18,1,17,群益金鼎-敦南,2023-03-09,9101
6874,倍力,17,0,17,群益金鼎-敦南,2023-03-09,9101
3356,奇偶,61,45,16,群益金鼎-敦南,2023-03-09,9101
00772B,中信高評級公司債,15,0,15,群益金鼎-敦南,2023-03-09,9101
5410,國眾,24,10,14,群益金鼎-敦南,2023-03-09,9101
8069,元太,31,18,13,群益金鼎-敦南,2023-03-09,9101
2534,宏盛,13,0,13,群益金鼎-敦南,2023-03-09,9101
3289,宜特,30,17,13,群益金鼎-敦南,2023-03-09,9101
2371,大同,13,0,13,群益金鼎-敦南,2023-03-09,9101
2367,燿華,13,0,13,群益金鼎-敦南,2023-03-09,9101
00713,元大台灣高息低波,13,1,12,群益金鼎-敦南,2023-03-09,9101
2834,臺企銀,12,0,12,群益金鼎-敦南,2023-03-09,9101
6290,良維,16,4,12,群益金鼎-敦南,2023-03-09,9101
3666,光耀,12,0,12,群益金鼎-敦南,2023-03-09,9101
5215,科嘉-KY,12,0,12,群益金鼎-敦南,2023-03-09,9101
2548,華固,12,0,12,群益金鼎-敦南,2023-03-09,9101
00885,富邦越南,12,0,12,群益金鼎-敦南,2023-03-09,9101
3591,艾笛森,11,0,11,群益金鼎-敦南,2023-03-09,9101
00712,復華富時不動產,10,0,10,群益金鼎-敦南,2023-03-09,9101
2022,聚亨,10,0,10,群益金鼎-敦南,2023-03-09,9101
00715L,期街口布蘭特正2,10,0,10,群益金鼎-敦南,2023-03-09,9101
5213,亞昕,10,0,10,群益金鼎-敦南,2023-03-09,9101
2883B,凱基金乙特,10,0,10,群益金鼎-敦南,2023-03-09,9101
2337,旺宏,10,0,10,群益金鼎-敦南,2023-03-09,9101
00632R,元大台灣50反1,724,201,523,群益金鼎-敦南,2023-03-10,9101
3624,光頡,500,97,403,群益金鼎-敦南,2023-03-10,9101
00923,群益台ESG低碳50,94,6,88,群益金鼎-敦南,2023-03-10,9101
00878,國泰永續高股息,91,3,88,群益金鼎-敦南,2023-03-10,9101
2498,宏達電,90,28,62,群益金鼎-敦南,2023-03-10,9101
2201,裕隆,68,14,54,群益金鼎-敦南,2023-03-10,9101
2610,華航,131,77,54,群益金鼎-敦南,2023-03-10,9101
8069,元太,56,5,51,群益金鼎-敦南,2023-03-10,9101
3434,哲固,45,0,45,群益金鼎-敦南,2023-03-10,9101
2457,飛宏,202,168,34,群益金鼎-敦南,2023-03-10,9101
0056,元大高股息,35,2,33,群益金鼎-敦南,2023-03-10,9101
3024,憶聲,70,37,33,群益金鼎-敦南,2023-03-10,9101
2739,寒舍,30,0,30,群益金鼎-敦南,2023-03-10,9101
2880,華南金,29,0,29,群益金鼎-敦南,2023-03-10,9101
2605,新興,31,4,27,群益金鼎-敦南,2023-03-10,9101
2609,陽明,141,115,26,群益金鼎-敦南,2023-03-10,9101
2413,環科,75,49,26,群益金鼎-敦南,2023-03-10,9101
2867,三商壽,25,0,25,群益金鼎-敦南,2023-03-10,9101
00882,中信中國高股息,23,0,23,群益金鼎-敦南,2023-03-10,9101
00720B,元大投資級公司債,22,0,22,群益金鼎-敦南,2023-03-10,9101
1605,華新,28,7,21,群益金鼎-敦南,2023-03-10,9101
2888,新光金,20,0,20,群益金鼎-敦南,2023-03-10,9101
3188,鑫龍騰,20,0,20,群益金鼎-敦南,2023-03-10,9101
3209,全科,19,0,19,群益金鼎-敦南,2023-03-10,9101
2929,淘帝-KY,25,8,17,群益金鼎-敦南,2023-03-10,9101
2371,大同,19,4,15,群益金鼎-敦南,2023-03-10,9101
2017,官田鋼,15,0,15,群益金鼎-敦南,2023-03-10,9101
3362,先進光,22,7,15,群益金鼎-敦南,2023-03-10,9101
3033,威健,15,1,14,群益金鼎-敦南,2023-03-10,9101
2408,南亞科,14,0,14,群益金鼎-敦南,2023-03-10,9101
00919,群益台灣精選高息,13,0,13,群益金鼎-敦南,2023-03-10,9101
3441,聯一光,21,8,13,群益金鼎-敦南,2023-03-10,9101
00688L,國泰20年美債正2,13,0,13,群益金鼎-敦南,2023-03-10,9101
3712,永崴投控,33,20,13,群益金鼎-敦南,2023-03-10,9101
4114,健喬,28,16,12,群益金鼎-敦南,2023-03-10,9101
1474,弘裕,21,10,11,群益金鼎-敦南,2023-03-10,9101
3059,華晶科,14,3,11,群益金鼎-敦南,2023-03-10,9101
00753L,中信中國50正2,13,2,11,群益金鼎-敦南,2023-03-10,9101
2331,精英,36,25,11,群益金鼎-敦南,2023-03-10,9101
2105,正新,10,0,10,群益金鼎-敦南,2023-03-10,9101
6179,亞通,10,0,10,群益金鼎-敦南,2023-03-10,9101
00713,元大台灣高息低波,10,0,10,群益金鼎-敦南,2023-03-10,9101
6854,錼創科技-KY創,9,0,9,群益金鼎-敦南,2023-03-10,9101
6874,倍力,9,0,9,群益金鼎-敦南,2023-03-10,9101
4934,太極,9,0,9,群益金鼎-敦南,2023-03-10,9101
8442,威宏-KY,9,0,9,群益金鼎-敦南,2023-03-10,9101
00780B,國泰A級金融債,10,1,9,群益金鼎-敦南,2023-03-10,9101
9945,潤泰新,8,0,8,群益金鼎-敦南,2023-03-10,9101
2002,中鋼,8,0,8,群益金鼎-敦南,2023-03-10,9101
5483,中美晶,8,0,8,群益金鼎-敦南,2023-03-10,9101
00632R,元大台灣50反1,735,207,528,群益金鼎-敦南,2023-03-13,9101
2359,所羅門,169,8,161,群益金鼎-敦南,2023-03-13,9101
00878,國泰永續高股息,127,3,124,群益金鼎-敦南,2023-03-13,9101
2453,凌群,228,126,102,群益金鼎-敦南,2023-03-13,9101
00772B,中信高評級公司債,75,0,75,群益金鼎-敦南,2023-03-13,9101
00669R,國泰美國道瓊反1,70,0,70,群益金鼎-敦南,2023-03-13,9101
2888,新光金,64,7,57,群益金鼎-敦南,2023-03-13,9101
2887,台新金,46,0,46,群益金鼎-敦南,2023-03-13,9101
00671R,富邦NASDAQ反1,240,200,40,群益金鼎-敦南,2023-03-13,9101
2402,毅嘉,43,6,37,群益金鼎-敦南,2023-03-13,9101
5703,亞都,36,0,36,群益金鼎-敦南,2023-03-13,9101
5328,華容,34,0,34,群益金鼎-敦南,2023-03-13,9101
00923,群益台ESG低碳50,35,2,33,群益金鼎-敦南,2023-03-13,9101
2427,三商電,31,0,31,群益金鼎-敦南,2023-03-13,9101
2457,飛宏,115,86,29,群益金鼎-敦南,2023-03-13,9101
2867,三商壽,25,0,25,群益金鼎-敦南,2023-03-13,9101
6235,華孚,175,153,22,群益金鼎-敦南,2023-03-13,9101
00712,復華富時不動產,21,0,21,群益金鼎-敦南,2023-03-13,9101
2017,官田鋼,20,0,20,群益金鼎-敦南,2023-03-13,9101
2883B,凱基金乙特,20,0,20,群益金鼎-敦南,2023-03-13,9101
1808,潤隆,20,0,20,群益金鼎-敦南,2023-03-13,9101
3024,憶聲,67,48,19,群益金鼎-敦南,2023-03-13,9101
2388,威盛,69,52,17,群益金鼎-敦南,2023-03-13,9101
6733,博晟生醫,16,0,16,群益金鼎-敦南,2023-03-13,9101
3710,連展投控,15,0,15,群益金鼎-敦南,2023-03-13,9101
1504,東元,23,9,14,群益金鼎-敦南,2023-03-13,9101
1316,上曜,37,24,13,群益金鼎-敦南,2023-03-13,9101
6752,叡揚,14,1,13,群益金鼎-敦南,2023-03-13,9101
6282,康舒,22,10,12,群益金鼎-敦南,2023-03-13,9101
00882,中信中國高股息,12,0,12,群益金鼎-敦南,2023-03-13,9101
00773B,中信優先金融債,11,0,11,群益金鼎-敦南,2023-03-13,9101
3052,夆典,11,0,11,群益金鼎-敦南,2023-03-13,9101
6609,瀧澤科,11,0,11,群益金鼎-敦南,2023-03-13,9101
2881,富邦金,11,1,10,群益金鼎-敦南,2023-03-13,9101
4950,牧東,10,0,10,群益金鼎-敦南,2023-03-13,9101
2442,新美齊,10,0,10,群益金鼎-敦南,2023-03-13,9101
3131,弘塑,10,0,10,群益金鼎-敦南,2023-03-13,9101
1568,倉佑,10,0,10,群益金鼎-敦南,2023-03-13,9101
3033,威健,10,0,10,群益金鼎-敦南,2023-03-13,9101
8936,國統,10,0,10,群益金鼎-敦南,2023-03-13,9101
1514,亞力,9,0,9,群益金鼎-敦南,2023-03-13,9101
3042,晶技,9,0,9,群益金鼎-敦南,2023-03-13,9101
00688L,國泰20年美債正2,10,1,9,群益金鼎-敦南,2023-03-13,9101
1720,生達,9,0,9,群益金鼎-敦南,2023-03-13,9101
1108,幸福,9,0,9,群益金鼎-敦南,2023-03-13,9101
00642U,期元大S＆P石油,8,0,8,群益金鼎-敦南,2023-03-13,9101
8112,至上,12,4,8,群益金鼎-敦南,2023-03-13,9101
8940,新天地,8,0,8,群益金鼎-敦南,2023-03-13,9101
6266,泰詠,9,1,8,群益金鼎-敦南,2023-03-13,9101
2528,皇普,8,0,8,群益金鼎-敦南,2023-03-13,9101
00650L,復華香港正2,230,10,220,群益金鼎-敦南,2023-03-14,9101
00878,國泰永續高股息,150,16,134,群益金鼎-敦南,2023-03-14,9101
2413,環科,226,131,95,群益金鼎-敦南,2023-03-14,9101
00632R,元大台灣50反1,182,116,66,群益金鼎-敦南,2023-03-14,9101
00713,元大台灣高息低波,58,0,58,群益金鼎-敦南,2023-03-14,9101
00773B,中信優先金融債,53,0,53,群益金鼎-敦南,2023-03-14,9101
00680L,元大美債20正2,41,1,40,群益金鼎-敦南,2023-03-14,9101
8050,廣積,40,0,40,群益金鼎-敦南,2023-03-14,9101
2495,普安,170,136,34,群益金鼎-敦南,2023-03-14,9101
00923,群益台ESG低碳50,33,1,32,群益金鼎-敦南,2023-03-14,9101
00642U,期元大S＆P石油,31,0,31,群益金鼎-敦南,2023-03-14,9101
2834,臺企銀,31,1,30,群益金鼎-敦南,2023-03-14,9101
2330,台積電,30,2,28,群益金鼎-敦南,2023-03-14,9101
1301,台塑,26,0,26,群益金鼎-敦南,2023-03-14,9101
3042,晶技,24,0,24,群益金鼎-敦南,2023-03-14,9101
2888,新光金,22,0,22,群益金鼎-敦南,2023-03-14,9101
1313,聯成,22,0,22,群益金鼎-敦南,2023-03-14,9101
2388,威盛,44,23,21,群益金鼎-敦南,2023-03-14,9101
2615,萬海,34,14,20,群益金鼎-敦南,2023-03-14,9101
1605,華新,22,2,20,群益金鼎-敦南,2023-03-14,9101
2883B,凱基金乙特,20,0,20,群益金鼎-敦南,2023-03-14,9101
1216,統一,20,0,20,群益金鼎-敦南,2023-03-14,9101
2331,精英,21,1,20,群益金鼎-敦南,2023-03-14,9101
2409,友達,22,3,19,群益金鼎-敦南,2023-03-14,9101
1513,中興電,37,19,18,群益金鼎-敦南,2023-03-14,9101
2603,長榮,84,66,18,群益金鼎-敦南,2023-03-14,9101
5009,榮剛,66,48,18,群益金鼎-敦南,2023-03-14,9101
6208,日揚,16,0,16,群益金鼎-敦南,2023-03-14,9101
6122,擎邦,56,40,16,群益金鼎-敦南,2023-03-14,9101
2891,中信金,14,0,14,群益金鼎-敦南,2023-03-14,9101
00882,中信中國高股息,14,0,14,群益金鼎-敦南,2023-03-14,9101
2884,玉山金,17,3,14,群益金鼎-敦南,2023-03-14,9101
3024,憶聲,41,27,14,群益金鼎-敦南,2023-03-14,9101
00631L,元大台灣50正2,14,1,13,群益金鼎-敦南,2023-03-14,9101
3264,欣銓,25,13,12,群益金鼎-敦南,2023-03-14,9101
1519,華城,17,5,12,群益金鼎-敦南,2023-03-14,9101
1305,華夏,12,0,12,群益金鼎-敦南,2023-03-14,9101
3419,譁裕,14,2,12,群益金鼎-敦南,2023-03-14,9101
2897,王道銀行,11,0,11,群益金鼎-敦南,2023-03-14,9101
0050,元大台灣50,13,2,11,群益金鼎-敦南,2023-03-14,9101
2609,陽明,50,40,10,群益金鼎-敦南,2023-03-14,9101
2645,長榮航太,12,2,10,群益金鼎-敦南,2023-03-14,9101
4958,臻鼎-KY,10,0,10,群益金鼎-敦南,2023-03-14,9101
1326,台化,10,0,10,群益金鼎-敦南,2023-03-14,9101
3441,聯一光,10,0,10,群益金鼎-敦南,2023-03-14,9101
00752,中信中國50,10,0,10,群益金鼎-敦南,2023-03-14,9101
2498,宏達電,35,25,10,群益金鼎-敦南,2023-03-14,9101
00655L,國泰中國A50正2,10,0,10,群益金鼎-敦南,2023-03-14,9101
00712,復華富時不動產,11,1,10,群益金鼎-敦南,2023-03-14,9101
8936,國統,22,13,9,群益金鼎-敦南,2023-03-14,9101
2610,華航,124,32,92,群益金鼎-敦南,2023-03-15,9101
00669R,國泰美國道瓊反1,60,0,60,群益金鼎-敦南,2023-03-15,9101
00923,群益台ESG低碳50,135,75,60,群益金鼎-敦南,2023-03-15,9101
00715L,期街口布蘭特正2,53,1,52,群益金鼎-敦南,2023-03-15,9101
00878,國泰永續高股息,63,13,50,群益金鼎-敦南,2023-03-15,9101
2603,長榮,155,105,50,群益金鼎-敦南,2023-03-15,9101
2618,長榮航,45,8,37,群益金鼎-敦南,2023-03-15,9101
2636,台驊控股,35,2,33,群益金鼎-敦南,2023-03-15,9101
2027,大成鋼,40,10,30,群益金鼎-敦南,2023-03-15,9101
6770,力積電,31,2,29,群益金鼎-敦南,2023-03-15,9101
2457,飛宏,190,161,29,群益金鼎-敦南,2023-03-15,9101
6282,康舒,32,6,26,群益金鼎-敦南,2023-03-15,9101
2413,環科,114,89,25,群益金鼎-敦南,2023-03-15,9101
2425,承啟,25,0,25,群益金鼎-敦南,2023-03-15,9101
6170,統振,23,0,23,群益金鼎-敦南,2023-03-15,9101
1314,中石化,22,0,22,群益金鼎-敦南,2023-03-15,9101
2888,新光金,22,0,22,群益金鼎-敦南,2023-03-15,9101
2402,毅嘉,30,9,21,群益金鼎-敦南,2023-03-15,9101
2886,兆豐金,21,2,19,群益金鼎-敦南,2023-03-15,9101
3027,盛達,75,57,18,群益金鼎-敦南,2023-03-15,9101
2399,映泰,25,7,18,群益金鼎-敦南,2023-03-15,9101
3038,全台,57,40,17,群益金鼎-敦南,2023-03-15,9101
1504,東元,74,57,17,群益金鼎-敦南,2023-03-15,9101
5230,雷笛克光學,17,0,17,群益金鼎-敦南,2023-03-15,9101
3078,僑威,26,9,17,群益金鼎-敦南,2023-03-15,9101
2880,華南金,17,0,17,群益金鼎-敦南,2023-03-15,9101
00712,復華富時不動產,16,0,16,群益金鼎-敦南,2023-03-15,9101
3024,憶聲,21,5,16,群益金鼎-敦南,2023-03-15,9101
00642U,期元大S＆P石油,14,0,14,群益金鼎-敦南,2023-03-15,9101
3552,同致,16,2,14,群益金鼎-敦南,2023-03-15,9101
2883,凱基金,13,0,13,群益金鼎-敦南,2023-03-15,9101
3594,磐儀,18,5,13,群益金鼎-敦南,2023-03-15,9101
4916,事欣科,13,0,13,群益金鼎-敦南,2023-03-15,9101
2607,榮運,34,21,13,群益金鼎-敦南,2023-03-15,9101
2609,陽明,47,34,13,群益金鼎-敦南,2023-03-15,9101
3624,光頡,22,11,11,群益金鼎-敦南,2023-03-15,9101
4536,拓凱,11,0,11,群益金鼎-敦南,2023-03-15,9101
1321,大洋,11,0,11,群益金鼎-敦南,2023-03-15,9101
00773B,中信優先金融債,10,0,10,群益金鼎-敦南,2023-03-15,9101
5371,中光電,14,4,10,群益金鼎-敦南,2023-03-15,9101
1514,亞力,11,1,10,群益金鼎-敦南,2023-03-15,9101
3714,富采,10,0,10,群益金鼎-敦南,2023-03-15,9101
2883B,凱基金乙特,10,0,10,群益金鼎-敦南,2023-03-15,9101
2419,仲琦,10,0,10,群益金鼎-敦南,2023-03-15,9101
2867,三商壽,20,10,10,群益金鼎-敦南,2023-03-15,9101
4527,方土霖,9,0,9,群益金鼎-敦南,2023-03-15,9101
5703,亞都,9,0,9,群益金鼎-敦南,2023-03-15,9101
1584,精剛,10,1,9,群益金鼎-敦南,2023-03-15,9101
8440,綠電,9,0,9,群益金鼎-敦南,2023-03-15,9101
00713,元大台灣高息低波,9,1,8,群益金鼎-敦南,2023-03-15,9101
00923,群益台ESG低碳50,1377,10,1367,群益金鼎-敦南,2023-03-16,9101
00715L,期街口布蘭特正2,708,51,657,群益金鼎-敦南,2023-03-16,9101
00632R,元大台灣50反1,865,367,498,群益金鼎-敦南,2023-03-16,9101
2888,新光金,124,0,124,群益金鼎-敦南,2023-03-16,9101
00878,國泰永續高股息,127,5,122,群益金鼎-敦南,2023-03-16,9101
2317,鴻海,97,11,86,群益金鼎-敦南,2023-03-16,9101
00772B,中信高評級公司債,49,0,49,群益金鼎-敦南,2023-03-16,9101
5464,霖宏,49,0,49,群益金鼎-敦南,2023-03-16,9101
2603,長榮,131,85,46,群益金鼎-敦南,2023-03-16,9101
2867,三商壽,45,0,45,群益金鼎-敦南,2023-03-16,9101
00885,富邦越南,40,5,35,群益金鼎-敦南,2023-03-16,9101
00642U,期元大S＆P石油,34,0,34,群益金鼎-敦南,2023-03-16,9101
2498,宏達電,40,8,32,群益金鼎-敦南,2023-03-16,9101
2457,飛宏,64,34,30,群益金鼎-敦南,2023-03-16,9101
1474,弘裕,30,0,30,群益金鼎-敦南,2023-03-16,9101
3033,威健,24,2,22,群益金鼎-敦南,2023-03-16,9101
2605,新興,21,0,21,群益金鼎-敦南,2023-03-16,9101
3611,鼎翰,20,0,20,群益金鼎-敦南,2023-03-16,9101
00773B,中信優先金融債,20,0,20,群益金鼎-敦南,2023-03-16,9101
2883B,凱基金乙特,20,0,20,群益金鼎-敦南,2023-03-16,9101
2891,中信金,21,2,19,群益金鼎-敦南,2023-03-16,9101
3236,千如,17,0,17,群益金鼎-敦南,2023-03-16,9101
9945,潤泰新,21,6,15,群益金鼎-敦南,2023-03-16,9101
1611,中電,35,21,14,群益金鼎-敦南,2023-03-16,9101
2504,國產,14,0,14,群益金鼎-敦南,2023-03-16,9101
2002,中鋼,15,1,14,群益金鼎-敦南,2023-03-16,9101
3024,憶聲,35,21,14,群益金鼎-敦南,2023-03-16,9101
00712,復華富時不動產,13,0,13,群益金鼎-敦南,2023-03-16,9101
3713,新晶投控,13,0,13,群益金鼎-敦南,2023-03-16,9101
1108,幸福,24,11,13,群益金鼎-敦南,2023-03-16,9101
2884,玉山金,34,22,12,群益金鼎-敦南,2023-03-16,9101
1762,中化生,16,4,12,群益金鼎-敦南,2023-03-16,9101
2352,佳世達,12,0,12,群益金鼎-敦南,2023-03-16,9101
1504,東元,30,19,11,群益金鼎-敦南,2023-03-16,9101
9941,裕融,11,0,11,群益金鼎-敦南,2023-03-16,9101
8933,愛地雅,12,1,11,群益金鼎-敦南,2023-03-16,9101
1734,杏輝,10,0,10,群益金鼎-敦南,2023-03-16,9101
1808,潤隆,10,0,10,群益金鼎-敦南,2023-03-16,9101
4207,環泰,10,0,10,群益金鼎-敦南,2023-03-16,9101
3710,連展投控,10,0,10,群益金鼎-敦南,2023-03-16,9101
2438,翔耀,10,0,10,群益金鼎-敦南,2023-03-16,9101
2618,長榮航,11,2,9,群益金鼎-敦南,2023-03-16,9101
2023,燁輝,9,0,9,群益金鼎-敦南,2023-03-16,9101
3489,森寶,9,0,9,群益金鼎-敦南,2023-03-16,9101
2375,凱美,9,0,9,群益金鼎-敦南,2023-03-16,9101
2609,陽明,15,7,8,群益金鼎-敦南,2023-03-16,9101
0056,元大高股息,15,7,8,群益金鼎-敦南,2023-03-16,9101
3027,盛達,57,49,8,群益金鼎-敦南,2023-03-16,9101
1514,亞力,18,10,8,群益金鼎-敦南,2023-03-16,9101
3141,晶宏,13,5,8,群益金鼎-敦南,2023-03-16,9101
00895,富邦未來車,201,0,201,群益金鼎-敦南,2023-03-17,9101
2884,玉山金,69,12,57,群益金鼎-敦南,2023-03-17,9101
2834,臺企銀,48,0,48,群益金鼎-敦南,2023-03-17,9101
2457,飛宏,133,86,47,群益金鼎-敦南,2023-03-17,9101
6443,元晶,121,74,47,群益金鼎-敦南,2023-03-17,9101
2388,威盛,73,29,44,群益金鼎-敦南,2023-03-17,9101
2427,三商電,32,0,32,群益金鼎-敦南,2023-03-17,9101
2889,國票金,31,2,29,群益金鼎-敦南,2023-03-17,9101
00713,元大台灣高息低波,22,0,22,群益金鼎-敦南,2023-03-17,9101
6531,愛普*,50,28,22,群益金鼎-敦南,2023-03-17,9101
4903,聯光通,20,0,20,群益金鼎-敦南,2023-03-17,9101
00655L,國泰中國A50正2,20,0,20,群益金鼎-敦南,2023-03-17,9101
2492,華新科,20,0,20,群益金鼎-敦南,2023-03-17,9101
2882,國泰金,18,1,17,群益金鼎-敦南,2023-03-17,9101
2892,第一金,18,1,17,群益金鼎-敦南,2023-03-17,9101
3702,大聯大,16,0,16,群益金鼎-敦南,2023-03-17,9101
8183,精星,20,4,16,群益金鼎-敦南,2023-03-17,9101
7402,邑錡,15,0,15,群益金鼎-敦南,2023-03-17,9101
6414,樺漢,15,0,15,群益金鼎-敦南,2023-03-17,9101
5439,高技,14,0,14,群益金鼎-敦南,2023-03-17,9101
2482,連宇,39,25,14,群益金鼎-敦南,2023-03-17,9101
5880,合庫金,13,0,13,群益金鼎-敦南,2023-03-17,9101
5410,國眾,11,0,11,群益金鼎-敦南,2023-03-17,9101
2929,淘帝-KY,23,12,11,群益金鼎-敦南,2023-03-17,9101
3594,磐儀,17,6,11,群益金鼎-敦南,2023-03-17,9101
3033,威健,12,1,11,群益金鼎-敦南,2023-03-17,9101
8112,至上,10,0,10,群益金鼎-敦南,2023-03-17,9101
00772B,中信高評級公司債,10,0,10,群益金鼎-敦南,2023-03-17,9101
2736,富野,10,0,10,群益金鼎-敦南,2023-03-17,9101
00676R,富邦臺灣加權反1,10,0,10,群益金鼎-敦南,2023-03-17,9101
2101,南港,10,0,10,群益金鼎-敦南,2023-03-17,9101
1611,中電,15,5,10,群益金鼎-敦南,2023-03-17,9101
00885,富邦越南,10,0,10,群益金鼎-敦南,2023-03-17,9101
1609,大亞,11,1,10,群益金鼎-敦南,2023-03-17,9101
6776,展�眥篕�,10,0,10,群益金鼎-敦南,2023-03-17,9101
5483,中美晶,14,5,9,群益金鼎-敦南,2023-03-17,9101
3162,精確,10,1,9,群益金鼎-敦南,2023-03-17,9101
2367,燿華,9,0,9,群益金鼎-敦南,2023-03-17,9101
00900,富邦特選高股息30,9,0,9,群益金鼎-敦南,2023-03-17,9101
4164,承業醫,23,14,9,群益金鼎-敦南,2023-03-17,9101
3289,宜特,8,0,8,群益金鼎-敦南,2023-03-17,9101
4915,致伸,8,0,8,群益金鼎-敦南,2023-03-17,9101
3013,晟銘電,11,3,8,群益金鼎-敦南,2023-03-17,9101
6163,華電網,8,0,8,群益金鼎-敦南,2023-03-17,9101
6191,精成科,7,0,7,群益金鼎-敦南,2023-03-17,9101
8028,昇陽半導體,7,0,7,群益金鼎-敦南,2023-03-17,9101
5603,陸海,7,0,7,群益金鼎-敦南,2023-03-17,9101
2605,新興,7,0,7,群益金鼎-敦南,2023-03-17,9101
2881,富邦金,7,0,7,群益金鼎-敦南,2023-03-17,9101
1522,堤維西,9,3,6,群益金鼎-敦南,2023-03-17,9101
00632R,元大台灣50反1,240,135,105,群益金鼎-敦南,2023-03-20,9101
00878,國泰永續高股息,62,2,60,群益金鼎-敦南,2023-03-20,9101
00885,富邦越南,58,0,58,群益金鼎-敦南,2023-03-20,9101
6125,廣運,60,4,56,群益金鼎-敦南,2023-03-20,9101
2457,飛宏,85,43,42,群益金鼎-敦南,2023-03-20,9101
00680L,元大美債20正2,60,20,40,群益金鼎-敦南,2023-03-20,9101
1605,華新,40,1,39,群益金鼎-敦南,2023-03-20,9101
2382,廣達,38,1,37,群益金鼎-敦南,2023-03-20,9101
2890,永豐金,42,10,32,群益金鼎-敦南,2023-03-20,9101
2427,三商電,32,0,32,群益金鼎-敦南,2023-03-20,9101
4903,聯光通,30,0,30,群益金鼎-敦南,2023-03-20,9101
1304,台聚,29,1,28,群益金鼎-敦南,2023-03-20,9101
8936,國統,27,0,27,群益金鼎-敦南,2023-03-20,9101
00679B,元大美債20年,44,19,25,群益金鼎-敦南,2023-03-20,9101
2413,環科,24,0,24,群益金鼎-敦南,2023-03-20,9101
4123,晟德,21,1,20,群益金鼎-敦南,2023-03-20,9101
3042,晶技,20,0,20,群益金鼎-敦南,2023-03-20,9101
1305,華夏,20,0,20,群益金鼎-敦南,2023-03-20,9101
4934,太極,20,1,19,群益金鼎-敦南,2023-03-20,9101
5512,力麒,19,0,19,群益金鼎-敦南,2023-03-20,9101
3209,全科,18,0,18,群益金鼎-敦南,2023-03-20,9101
2471,資通,83,65,18,群益金鼎-敦南,2023-03-20,9101
6290,良維,18,1,17,群益金鼎-敦南,2023-03-20,9101
3027,盛達,58,41,17,群益金鼎-敦南,2023-03-20,9101
5450,南良,18,3,15,群益金鼎-敦南,2023-03-20,9101
8059,凱碩,15,0,15,群益金鼎-敦南,2023-03-20,9101
1513,中興電,33,19,14,群益金鼎-敦南,2023-03-20,9101
01003T,兆豐新光R1,14,0,14,群益金鼎-敦南,2023-03-20,9101
8171,天宇,18,4,14,群益金鼎-敦南,2023-03-20,9101
6799,來頡,15,1,14,群益金鼎-敦南,2023-03-20,9101
1609,大亞,13,0,13,群益金鼎-敦南,2023-03-20,9101
3481,群創,13,0,13,群益金鼎-敦南,2023-03-20,9101
00642U,期元大S＆P石油,12,0,12,群益金鼎-敦南,2023-03-20,9101
3576,聯合再生,53,42,11,群益金鼎-敦南,2023-03-20,9101
00712,復華富時不動產,11,0,11,群益金鼎-敦南,2023-03-20,9101
4536,拓凱,11,1,10,群益金鼎-敦南,2023-03-20,9101
00635U,期元大S＆P黃金,10,0,10,群益金鼎-敦南,2023-03-20,9101
1808,潤隆,10,0,10,群益金鼎-敦南,2023-03-20,9101
2354,鴻準,10,0,10,群益金鼎-敦南,2023-03-20,9101
6152,百一,10,0,10,群益金鼎-敦南,2023-03-20,9101
2542,興富發,10,0,10,群益金鼎-敦南,2023-03-20,9101
00688L,國泰20年美債正2,10,0,10,群益金鼎-敦南,2023-03-20,9101
2379,瑞昱,10,0,10,群益金鼎-敦南,2023-03-20,9101
2888,新光金,10,0,10,群益金鼎-敦南,2023-03-20,9101
2497,怡利電,10,0,10,群益金鼎-敦南,2023-03-20,9101
1727,中華化,10,0,10,群益金鼎-敦南,2023-03-20,9101
3438,類比科,12,2,10,群益金鼎-敦南,2023-03-20,9101
8084,巨虹,15,5,10,群益金鼎-敦南,2023-03-20,9101
2402,毅嘉,15,5,10,群益金鼎-敦南,2023-03-20,9101
6733,博晟生醫,10,0,10,群益金鼎-敦南,2023-03-20,9101
00878,國泰永續高股息,116,21,95,群益金鼎-敦南,2023-03-21,9101
4967,十銓,75,14,61,群益金鼎-敦南,2023-03-21,9101
2498,宏達電,68,23,45,群益金鼎-敦南,2023-03-21,9101
4934,太極,41,4,37,群益金鼎-敦南,2023-03-21,9101
1524,耿鼎,60,24,36,群益金鼎-敦南,2023-03-21,9101
00885,富邦越南,33,0,33,群益金鼎-敦南,2023-03-21,9101
3027,盛達,75,46,29,群益金鼎-敦南,2023-03-21,9101
2409,友達,74,46,28,群益金鼎-敦南,2023-03-21,9101
5203,訊連,27,0,27,群益金鼎-敦南,2023-03-21,9101
00713,元大台灣高息低波,26,0,26,群益金鼎-敦南,2023-03-21,9101
2457,飛宏,85,59,26,群益金鼎-敦南,2023-03-21,9101
00632R,元大台灣50反1,125,100,25,群益金鼎-敦南,2023-03-21,9101
2603,長榮,34,12,22,群益金鼎-敦南,2023-03-21,9101
2891,中信金,21,2,19,群益金鼎-敦南,2023-03-21,9101
8227,巨有科技,19,0,19,群益金鼎-敦南,2023-03-21,9101
2462,良得電,24,5,19,群益金鼎-敦南,2023-03-21,9101
2201,裕隆,26,9,17,群益金鼎-敦南,2023-03-21,9101
4903,聯光通,16,0,16,群益金鼎-敦南,2023-03-21,9101
3552,同致,16,0,16,群益金鼎-敦南,2023-03-21,9101
3479,安勤,20,4,16,群益金鼎-敦南,2023-03-21,9101
4770,上品,18,3,15,群益金鼎-敦南,2023-03-21,9101
6806,森崴能源,20,5,15,群益金鼎-敦南,2023-03-21,9101
1605,華新,31,16,15,群益金鼎-敦南,2023-03-21,9101
1513,中興電,21,6,15,群益金鼎-敦南,2023-03-21,9101
6182,合晶,16,1,15,群益金鼎-敦南,2023-03-21,9101
3207,耀勝,16,2,14,群益金鼎-敦南,2023-03-21,9101
2413,環科,139,125,14,群益金鼎-敦南,2023-03-21,9101
2883B,凱基金乙特,11,0,11,群益金鼎-敦南,2023-03-21,9101
3322,建舜電,20,10,10,群益金鼎-敦南,2023-03-21,9101
00637L,元大滬深300正2,10,0,10,群益金鼎-敦南,2023-03-21,9101
6533,晶心科,12,2,10,群益金鼎-敦南,2023-03-21,9101
00688L,國泰20年美債正2,10,0,10,群益金鼎-敦南,2023-03-21,9101
3211,順達,10,0,10,群益金鼎-敦南,2023-03-21,9101
00720B,元大投資級公司債,10,0,10,群益金鼎-敦南,2023-03-21,9101
2002,中鋼,11,1,10,群益金鼎-敦南,2023-03-21,9101
1321,大洋,9,0,9,群益金鼎-敦南,2023-03-21,9101
8358,金居,13,4,9,群益金鼎-敦南,2023-03-21,9101
3710,連展投控,9,0,9,群益金鼎-敦南,2023-03-21,9101
5328,華容,9,0,9,群益金鼎-敦南,2023-03-21,9101
8033,雷虎,11,2,9,群益金鼎-敦南,2023-03-21,9101
2359,所羅門,15,6,9,群益金鼎-敦南,2023-03-21,9101
2368,金像電,12,4,8,群益金鼎-敦南,2023-03-21,9101
1268,漢來美食,8,0,8,群益金鼎-敦南,2023-03-21,9101
00891,中信關鍵半導體,8,0,8,群益金鼎-敦南,2023-03-21,9101
6190,萬泰科,7,0,7,群益金鼎-敦南,2023-03-21,9101
8086,宏捷科,7,0,7,群益金鼎-敦南,2023-03-21,9101
00900,富邦特選高股息30,7,0,7,群益金鼎-敦南,2023-03-21,9101
2880,華南金,7,0,7,群益金鼎-敦南,2023-03-21,9101
2031,新光鋼,8,1,7,群益金鼎-敦南,2023-03-21,9101
1309,台達化,7,0,7,群益金鼎-敦南,2023-03-21,9101
00632R,元大台灣50反1,251,20,231,群益金鼎-敦南,2023-03-22,9101
5203,訊連,187,33,154,群益金鼎-敦南,2023-03-22,9101
00720B,元大投資級公司債,125,4,121,群益金鼎-敦南,2023-03-22,9101
2605,新興,120,13,107,群益金鼎-敦南,2023-03-22,9101
1504,東元,172,76,96,群益金鼎-敦南,2023-03-22,9101
2413,環科,75,2,73,群益金鼎-敦南,2023-03-22,9101
2457,飛宏,97,27,70,群益金鼎-敦南,2023-03-22,9101
00637L,元大滬深300正2,56,0,56,群益金鼎-敦南,2023-03-22,9101
00631L,元大台灣50正2,48,0,48,群益金鼎-敦南,2023-03-22,9101
8046,南電,45,3,42,群益金鼎-敦南,2023-03-22,9101
8996,高力,63,23,40,群益金鼎-敦南,2023-03-22,9101
5009,榮剛,45,7,38,群益金鼎-敦南,2023-03-22,9101
00712,復華富時不動產,41,10,31,群益金鼎-敦南,2023-03-22,9101
1312,國喬,30,0,30,群益金鼎-敦南,2023-03-22,9101
2442,新美齊,30,0,30,群益金鼎-敦南,2023-03-22,9101
2101,南港,20,0,20,群益金鼎-敦南,2023-03-22,9101
00780B,國泰A級金融債,20,0,20,群益金鼎-敦南,2023-03-22,9101
6733,博晟生醫,21,2,19,群益金鼎-敦南,2023-03-22,9101
6125,廣運,44,25,19,群益金鼎-敦南,2023-03-22,9101
6288,聯嘉,23,6,17,群益金鼎-敦南,2023-03-22,9101
6799,來頡,15,0,15,群益金鼎-敦南,2023-03-22,9101
1513,中興電,19,4,15,群益金鼎-敦南,2023-03-22,9101
2885,元大金,15,0,15,群益金鼎-敦南,2023-03-22,9101
9928,中視,15,0,15,群益金鼎-敦南,2023-03-22,9101
6282,康舒,16,1,15,群益金鼎-敦南,2023-03-22,9101
00642U,期元大S＆P石油,15,0,15,群益金鼎-敦南,2023-03-22,9101
00900,富邦特選高股息30,15,1,14,群益金鼎-敦南,2023-03-22,9101
6446,藥華藥,13,0,13,群益金鼎-敦南,2023-03-22,9101
3022,威強電,14,2,12,群益金鼎-敦南,2023-03-22,9101
00885,富邦越南,12,0,12,群益金鼎-敦南,2023-03-22,9101
2882,國泰金,12,1,11,群益金鼎-敦南,2023-03-22,9101
3005,神基,11,0,11,群益金鼎-敦南,2023-03-22,9101
1611,中電,10,0,10,群益金鼎-敦南,2023-03-22,9101
9105,泰金寶-DR,10,0,10,群益金鼎-敦南,2023-03-22,9101
00752,中信中國50,10,0,10,群益金鼎-敦南,2023-03-22,9101
2542,興富發,10,0,10,群益金鼎-敦南,2023-03-22,9101
2492,華新科,10,0,10,群益金鼎-敦南,2023-03-22,9101
2331,精英,10,0,10,群益金鼎-敦南,2023-03-22,9101
5351,鈺創,10,1,9,群益金鼎-敦南,2023-03-22,9101
2883B,凱基金乙特,9,0,9,群益金鼎-敦南,2023-03-22,9101
1319,東陽,15,6,9,群益金鼎-敦南,2023-03-22,9101
6129,普誠,9,1,8,群益金鼎-敦南,2023-03-22,9101
2243,宏旭-KY,8,0,8,群益金鼎-敦南,2023-03-22,9101
4168,醣聯,8,0,8,群益金鼎-敦南,2023-03-22,9101
6164,華興,12,4,8,群益金鼎-敦南,2023-03-22,9101
2603,長榮,32,24,8,群益金鼎-敦南,2023-03-22,9101
3479,安勤,20,13,7,群益金鼎-敦南,2023-03-22,9101
1402,遠東新,12,5,7,群益金鼎-敦南,2023-03-22,9101
2201,裕隆,13,6,7,群益金鼎-敦南,2023-03-22,9101
2637,慧洋-KY,7,0,7,群益金鼎-敦南,2023-03-22,9101
4919,新唐,369,29,340,群益金鼎-敦南,2023-03-23,9101
6160,欣技,181,35,146,群益金鼎-敦南,2023-03-23,9101
00676R,富邦臺灣加權反1,80,0,80,群益金鼎-敦南,2023-03-23,9101
2610,華航,73,0,73,群益金鼎-敦南,2023-03-23,9101
00631L,元大台灣50正2,49,0,49,群益金鼎-敦南,2023-03-23,9101
8996,高力,86,46,40,群益金鼎-敦南,2023-03-23,9101
3294,英濟,35,0,35,群益金鼎-敦南,2023-03-23,9101
00882,中信中國高股息,32,0,32,群益金鼎-敦南,2023-03-23,9101
6733,博晟生醫,36,5,31,群益金鼎-敦南,2023-03-23,9101
00720B,元大投資級公司債,25,0,25,群益金鼎-敦南,2023-03-23,9101
2303,聯電,26,2,24,群益金鼎-敦南,2023-03-23,9101
8926,台汽電,35,11,24,群益金鼎-敦南,2023-03-23,9101
2498,宏達電,32,9,23,群益金鼎-敦南,2023-03-23,9101
2482,連宇,61,38,23,群益金鼎-敦南,2023-03-23,9101
5009,榮剛,21,0,21,群益金鼎-敦南,2023-03-23,9101
6245,立端,24,4,20,群益金鼎-敦南,2023-03-23,9101
3163,波若威,20,1,19,群益金鼎-敦南,2023-03-23,9101
2484,希華,20,1,19,群益金鼎-敦南,2023-03-23,9101
1304,台聚,20,1,19,群益金鼎-敦南,2023-03-23,9101
6414,樺漢,21,2,19,群益金鼎-敦南,2023-03-23,9101
4536,拓凱,17,0,17,群益金鼎-敦南,2023-03-23,9101
00772B,中信高評級公司債,17,0,17,群益金鼎-敦南,2023-03-23,9101
6282,康舒,21,5,16,群益金鼎-敦南,2023-03-23,9101
00713,元大台灣高息低波,17,1,16,群益金鼎-敦南,2023-03-23,9101
2888,新光金,15,0,15,群益金鼎-敦南,2023-03-23,9101
2605,新興,60,45,15,群益金鼎-敦南,2023-03-23,9101
2017,官田鋼,15,0,15,群益金鼎-敦南,2023-03-23,9101
3272,東碩,16,1,15,群益金鼎-敦南,2023-03-23,9101
1762,中化生,14,0,14,群益金鼎-敦南,2023-03-23,9101
1611,中電,16,3,13,群益金鼎-敦南,2023-03-23,9101
6143,振曜,36,24,12,群益金鼎-敦南,2023-03-23,9101
6446,藥華藥,12,0,12,群益金鼎-敦南,2023-03-23,9101
1513,中興電,21,9,12,群益金鼎-敦南,2023-03-23,9101
6233,旺玖,27,15,12,群益金鼎-敦南,2023-03-23,9101
1605,華新,16,4,12,群益金鼎-敦南,2023-03-23,9101
2834,臺企銀,20,9,11,群益金鼎-敦南,2023-03-23,9101
3290,東浦,24,13,11,群益金鼎-敦南,2023-03-23,9101
2545,皇翔,10,0,10,群益金鼎-敦南,2023-03-23,9101
2101,南港,10,0,10,群益金鼎-敦南,2023-03-23,9101
1535,中宇,10,0,10,群益金鼎-敦南,2023-03-23,9101
2419,仲琦,10,0,10,群益金鼎-敦南,2023-03-23,9101
3236,千如,10,0,10,群益金鼎-敦南,2023-03-23,9101
00642U,期元大S＆P石油,10,0,10,群益金鼎-敦南,2023-03-23,9101
8472,夠麻吉,10,0,10,群益金鼎-敦南,2023-03-23,9101
9955,佳龍,25,15,10,群益金鼎-敦南,2023-03-23,9101
0050,元大台灣50,12,2,10,群益金鼎-敦南,2023-03-23,9101
2645,長榮航太,9,0,9,群益金鼎-敦南,2023-03-23,9101
00897,富邦基因免疫生技,9,0,9,群益金鼎-敦南,2023-03-23,9101
00891,中信關鍵半導體,10,1,9,群益金鼎-敦南,2023-03-23,9101
3038,全台,9,0,9,群益金鼎-敦南,2023-03-23,9101
00632R,元大台灣50反1,190,0,190,群益金鼎-敦南,2023-03-24,9101
4967,十銓,149,4,145,群益金鼎-敦南,2023-03-24,9101
6160,欣技,110,5,105,群益金鼎-敦南,2023-03-24,9101
00720B,元大投資級公司債,72,0,72,群益金鼎-敦南,2023-03-24,9101
1402,遠東新,72,0,72,群益金鼎-敦南,2023-03-24,9101
2482,連宇,43,6,37,群益金鼎-敦南,2023-03-24,9101
3027,盛達,36,3,33,群益金鼎-敦南,2023-03-24,9101
3024,憶聲,54,22,32,群益金鼎-敦南,2023-03-24,9101
1609,大亞,98,66,32,群益金鼎-敦南,2023-03-24,9101
5009,榮剛,31,1,30,群益金鼎-敦南,2023-03-24,9101
3710,連展投控,36,9,27,群益金鼎-敦南,2023-03-24,9101
4763,材料-KY,34,9,25,群益金鼎-敦南,2023-03-24,9101
1108,幸福,23,0,23,群益金鼎-敦南,2023-03-24,9101
2413,環科,65,45,20,群益金鼎-敦南,2023-03-24,9101
0056,元大高股息,25,5,20,群益金鼎-敦南,2023-03-24,9101
8277,商丞,20,0,20,群益金鼎-敦南,2023-03-24,9101
1319,東陽,35,15,20,群益金鼎-敦南,2023-03-24,9101
4536,拓凱,22,2,20,群益金鼎-敦南,2023-03-24,9101
6799,來頡,20,0,20,群益金鼎-敦南,2023-03-24,9101
2609,陽明,21,2,19,群益金鼎-敦南,2023-03-24,9101
3552,同致,19,1,18,群益金鼎-敦南,2023-03-24,9101
2867,三商壽,18,0,18,群益金鼎-敦南,2023-03-24,9101
6472,保瑞,27,9,18,群益金鼎-敦南,2023-03-24,9101
4164,承業醫,20,3,17,群益金鼎-敦南,2023-03-24,9101
2371,大同,23,7,16,群益金鼎-敦南,2023-03-24,9101
00751B,元大AAA至A公司債,16,0,16,群益金鼎-敦南,2023-03-24,9101
2402,毅嘉,41,26,15,群益金鼎-敦南,2023-03-24,9101
3694,海華,15,0,15,群益金鼎-敦南,2023-03-24,9101
1605,華新,67,53,14,群益金鼎-敦南,2023-03-24,9101
00683L,期元大美元指正2,14,0,14,群益金鼎-敦南,2023-03-24,9101
6123,上奇,12,0,12,群益金鼎-敦南,2023-03-24,9101
3005,神基,12,0,12,群益金鼎-敦南,2023-03-24,9101
2061,風青,12,0,12,群益金鼎-敦南,2023-03-24,9101
8996,高力,35,23,12,群益金鼎-敦南,2023-03-24,9101
3042,晶技,11,0,11,群益金鼎-敦南,2023-03-24,9101
6122,擎邦,77,66,11,群益金鼎-敦南,2023-03-24,9101
6606,建德工業,11,0,11,群益金鼎-敦南,2023-03-24,9101
3011,今皓,11,0,11,群益金鼎-敦南,2023-03-24,9101
8155,博智,18,8,10,群益金鼎-敦南,2023-03-24,9101
8110,華東,10,0,10,群益金鼎-敦南,2023-03-24,9101
2105,正新,10,1,9,群益金鼎-敦南,2023-03-24,9101
2332,友訊,11,2,9,群益金鼎-敦南,2023-03-24,9101
8054,安國,8,0,8,群益金鼎-敦南,2023-03-24,9101
2486,一詮,8,0,8,群益金鼎-敦南,2023-03-24,9101
4128,中天,10,2,8,群益金鼎-敦南,2023-03-24,9101
8112,至上,7,0,7,群益金鼎-敦南,2023-03-24,9101
9802,鈺齊-KY,10,3,7,群益金鼎-敦南,2023-03-24,9101
3714,富采,13,6,7,群益金鼎-敦南,2023-03-24,9101
3044,健鼎,8,1,7,群益金鼎-敦南,2023-03-24,9101
3209,全科,7,0,7,群益金鼎-敦南,2023-03-24,9101
6160,欣技,237,16,221,群益金鼎-敦南,2023-03-27,9101
6698,旭暉應材,110,1,109,群益金鼎-敦南,2023-03-27,9101
00882,中信中國高股息,98,0,98,群益金鼎-敦南,2023-03-27,9101
00900,富邦特選高股息30,82,1,81,群益金鼎-敦南,2023-03-27,9101
1605,華新,88,20,68,群益金鼎-敦南,2023-03-27,9101
6799,來頡,68,23,45,群益金鼎-敦南,2023-03-27,9101
1216,統一,35,2,33,群益金鼎-敦南,2023-03-27,9101
6244,茂迪,76,48,28,群益金鼎-敦南,2023-03-27,9101
5608,四維航,28,0,28,群益金鼎-敦南,2023-03-27,9101
8926,台汽電,30,2,28,群益金鼎-敦南,2023-03-27,9101
6806,森崴能源,32,9,23,群益金鼎-敦南,2023-03-27,9101
3322,建舜電,22,0,22,群益金鼎-敦南,2023-03-27,9101
2889,國票金,20,0,20,群益金鼎-敦南,2023-03-27,9101
3508,位速,20,0,20,群益金鼎-敦南,2023-03-27,9101
5291,邑昇,19,0,19,群益金鼎-敦南,2023-03-27,9101
6733,博晟生醫,20,2,18,群益金鼎-敦南,2023-03-27,9101
00893,國泰智能電動車,48,31,17,群益金鼎-敦南,2023-03-27,9101
5009,榮剛,52,35,17,群益金鼎-敦南,2023-03-27,9101
2329,華泰,17,0,17,群益金鼎-敦南,2023-03-27,9101
1504,東元,98,82,16,群益金鼎-敦南,2023-03-27,9101
0056,元大高股息,16,0,16,群益金鼎-敦南,2023-03-27,9101
4164,承業醫,15,0,15,群益金鼎-敦南,2023-03-27,9101
8171,天宇,16,1,15,群益金鼎-敦南,2023-03-27,9101
6282,康舒,26,12,14,群益金鼎-敦南,2023-03-27,9101
5213,亞昕,14,0,14,群益金鼎-敦南,2023-03-27,9101
3312,弘憶股,14,0,14,群益金鼎-敦南,2023-03-27,9101
4967,十銓,30,17,13,群益金鼎-敦南,2023-03-27,9101
3024,憶聲,21,8,13,群益金鼎-敦南,2023-03-27,9101
2317,鴻海,13,0,13,群益金鼎-敦南,2023-03-27,9101
8050,廣積,12,0,12,群益金鼎-敦南,2023-03-27,9101
3624,光頡,17,5,12,群益金鼎-敦南,2023-03-27,9101
3714,富采,22,10,12,群益金鼎-敦南,2023-03-27,9101
1108,幸福,12,0,12,群益金鼎-敦南,2023-03-27,9101
2867,三商壽,11,0,11,群益金鼎-敦南,2023-03-27,9101
2302,麗正,16,5,11,群益金鼎-敦南,2023-03-27,9101
6174,安��,11,0,11,群益金鼎-敦南,2023-03-27,9101
3037,欣興,15,4,11,群益金鼎-敦南,2023-03-27,9101
2834,臺企銀,11,0,11,群益金鼎-敦南,2023-03-27,9101
6279,胡連,11,0,11,群益金鼎-敦南,2023-03-27,9101
1810,和成,86,76,10,群益金鼎-敦南,2023-03-27,9101
6156,松上,10,0,10,群益金鼎-敦南,2023-03-27,9101
1514,亞力,10,0,10,群益金鼎-敦南,2023-03-27,9101
00713,元大台灣高息低波,10,0,10,群益金鼎-敦南,2023-03-27,9101
2888,新光金,10,0,10,群益金鼎-敦南,2023-03-27,9101
9945,潤泰新,11,1,10,群益金鼎-敦南,2023-03-27,9101
3710,連展投控,10,0,10,群益金鼎-敦南,2023-03-27,9101
2471,資通,18,8,10,群益金鼎-敦南,2023-03-27,9101
8086,宏捷科,11,2,9,群益金鼎-敦南,2023-03-27,9101
3011,今皓,12,3,9,群益金鼎-敦南,2023-03-27,9101
3272,東碩,9,0,9,群益金鼎-敦南,2023-03-27,9101
2413,環科,102,22,80,群益金鼎-敦南,2023-03-28,9101
2883B,凱基金乙特,50,0,50,群益金鼎-敦南,2023-03-28,9101
4903,聯光通,50,0,50,群益金鼎-敦南,2023-03-28,9101
2498,宏達電,49,12,37,群益金鼎-敦南,2023-03-28,9101
00679B,元大美債20年,37,0,37,群益金鼎-敦南,2023-03-28,9101
1762,中化生,36,2,34,群益金鼎-敦南,2023-03-28,9101
5353,台林,35,4,31,群益金鼎-敦南,2023-03-28,9101
4904,遠傳,42,12,30,群益金鼎-敦南,2023-03-28,9101
00900,富邦特選高股息30,30,1,29,群益金鼎-敦南,2023-03-28,9101
3312,弘憶股,26,0,26,群益金鼎-敦南,2023-03-28,9101
8436,大江,25,0,25,群益金鼎-敦南,2023-03-28,9101
2388,威盛,40,17,23,群益金鼎-敦南,2023-03-28,9101
4979,華星光,85,63,22,群益金鼎-敦南,2023-03-28,9101
00919,群益台灣精選高息,21,0,21,群益金鼎-敦南,2023-03-28,9101
6282,康舒,32,13,19,群益金鼎-敦南,2023-03-28,9101
0056,元大高股息,33,14,19,群益金鼎-敦南,2023-03-28,9101
6279,胡連,21,3,18,群益金鼎-敦南,2023-03-28,9101
00923,群益台ESG低碳50,17,0,17,群益金鼎-敦南,2023-03-28,9101
6733,博晟生醫,24,7,17,群益金鼎-敦南,2023-03-28,9101
3037,欣興,22,5,17,群益金鼎-敦南,2023-03-28,9101
2457,飛宏,27,11,16,群益金鼎-敦南,2023-03-28,9101
3322,建舜電,20,4,16,群益金鼎-敦南,2023-03-28,9101
2314,台揚,16,0,16,群益金鼎-敦南,2023-03-28,9101
6138,茂達,33,17,16,群益金鼎-敦南,2023-03-28,9101
3033,威健,17,2,15,群益金鼎-敦南,2023-03-28,9101
1760,寶齡富錦,20,5,15,群益金鼎-敦南,2023-03-28,9101
1605,華新,78,65,13,群益金鼎-敦南,2023-03-28,9101
4164,承業醫,13,0,13,群益金鼎-敦南,2023-03-28,9101
3202,樺晟,12,0,12,群益金鼎-敦南,2023-03-28,9101
2412,中華電,13,2,11,群益金鼎-敦南,2023-03-28,9101
6770,力積電,11,0,11,群益金鼎-敦南,2023-03-28,9101
00751B,元大AAA至A公司債,11,0,11,群益金鼎-敦南,2023-03-28,9101
3257,虹冠電,11,0,11,群益金鼎-敦南,2023-03-28,9101
00772B,中信高評級公司債,11,0,11,群益金鼎-敦南,2023-03-28,9101
3207,耀勝,18,7,11,群益金鼎-敦南,2023-03-28,9101
1101,台泥,10,0,10,群益金鼎-敦南,2023-03-28,9101
3062,建漢,10,0,10,群益金鼎-敦南,2023-03-28,9101
00768B,復華20年美債,10,0,10,群益金鼎-敦南,2023-03-28,9101
2913,農林,10,0,10,群益金鼎-敦南,2023-03-28,9101
1342,八貫,13,4,9,群益金鼎-敦南,2023-03-28,9101
3707,漢磊,14,5,9,群益金鼎-敦南,2023-03-28,9101
2834,臺企銀,12,3,9,群益金鼎-敦南,2023-03-28,9101
6517,保勝光學,7,0,7,群益金鼎-敦南,2023-03-28,9101
6285,啟��,11,4,7,群益金鼎-敦南,2023-03-28,9101
5258,虹堡,10,3,7,群益金鼎-敦南,2023-03-28,9101
6606,建德工業,7,0,7,群益金鼎-敦南,2023-03-28,9101
8358,金居,7,0,7,群益金鼎-敦南,2023-03-28,9101
3011,今皓,7,0,7,群益金鼎-敦南,2023-03-28,9101
3289,宜特,7,1,6,群益金鼎-敦南,2023-03-28,9101
00720B,元大投資級公司債,6,0,6,群益金鼎-敦南,2023-03-28,9101
1795,美時,301,32,269,群益金鼎-敦南,2023-03-29,9101
4979,華星光,60,10,50,群益金鼎-敦南,2023-03-29,9101
6191,精成科,49,0,49,群益金鼎-敦南,2023-03-29,9101
3224,三顧,51,3,48,群益金鼎-敦南,2023-03-29,9101
2329,華泰,90,45,45,群益金鼎-敦南,2023-03-29,9101
1605,華新,51,9,42,群益金鼎-敦南,2023-03-29,9101
912000,晨訊科-DR,36,0,36,群益金鼎-敦南,2023-03-29,9101
5243,乙盛-KY,39,12,27,群益金鼎-敦南,2023-03-29,9101
2455,全新,40,20,20,群益金鼎-敦南,2023-03-29,9101
3702,大聯大,20,0,20,群益金鼎-敦南,2023-03-29,9101
2504,國產,20,0,20,群益金鼎-敦南,2023-03-29,9101
2913,農林,20,0,20,群益金鼎-敦南,2023-03-29,9101
00688L,國泰20年美債正2,20,0,20,群益金鼎-敦南,2023-03-29,9101
3024,憶聲,23,4,19,群益金鼎-敦南,2023-03-29,9101
4903,聯光通,15,0,15,群益金鼎-敦南,2023-03-29,9101
00713,元大台灣高息低波,15,1,14,群益金鼎-敦南,2023-03-29,9101
3624,光頡,28,15,13,群益金鼎-敦南,2023-03-29,9101
3416,融程電,12,0,12,群益金鼎-敦南,2023-03-29,9101
2337,旺宏,12,0,12,群益金鼎-敦南,2023-03-29,9101
6531,愛普*,20,8,12,群益金鼎-敦南,2023-03-29,9101
00679B,元大美債20年,11,0,11,群益金鼎-敦南,2023-03-29,9101
5009,榮剛,41,30,11,群益金鼎-敦南,2023-03-29,9101
3563,牧德,10,0,10,群益金鼎-敦南,2023-03-29,9101
00665L,富邦�琤肭磪囓�2,10,0,10,群益金鼎-敦南,2023-03-29,9101
00712,復華富時不動產,10,0,10,群益金鼎-敦南,2023-03-29,9101
8121,越峰,11,1,10,群益金鼎-敦南,2023-03-29,9101
8289,泰藝,28,19,9,群益金鼎-敦南,2023-03-29,9101
00650L,復華香港正2,16,7,9,群益金鼎-敦南,2023-03-29,9101
1513,中興電,22,14,8,群益金鼎-敦南,2023-03-29,9101
2303,聯電,12,4,8,群益金鼎-敦南,2023-03-29,9101
2342,茂矽,24,16,8,群益金鼎-敦南,2023-03-29,9101
3236,千如,8,0,8,群益金鼎-敦南,2023-03-29,9101
2388,威盛,13,5,8,群益金鼎-敦南,2023-03-29,9101
6770,力積電,12,4,8,群益金鼎-敦南,2023-03-29,9101
1526,日馳,8,0,8,群益金鼎-敦南,2023-03-29,9101
00795B,中信美國公債20年,8,0,8,群益金鼎-敦南,2023-03-29,9101
2609,陽明,15,7,8,群益金鼎-敦南,2023-03-29,9101
3034,聯詠,7,0,7,群益金鼎-敦南,2023-03-29,9101
2867,三商壽,20,13,7,群益金鼎-敦南,2023-03-29,9101
00772B,中信高評級公司債,7,0,7,群益金鼎-敦南,2023-03-29,9101
6446,藥華藥,6,0,6,群益金鼎-敦南,2023-03-29,9101
2748,雲品,16,10,6,群益金鼎-敦南,2023-03-29,9101
2610,華航,6,0,6,群益金鼎-敦南,2023-03-29,9101
1608,華榮,6,0,6,群益金鼎-敦南,2023-03-29,9101
5258,虹堡,21,15,6,群益金鼎-敦南,2023-03-29,9101
1784,訊聯,6,0,6,群益金鼎-敦南,2023-03-29,9101
6266,泰詠,6,0,6,群益金鼎-敦南,2023-03-29,9101
6147,頎邦,10,4,6,群益金鼎-敦南,2023-03-29,9101
6125,廣運,6,0,6,群益金鼎-敦南,2023-03-29,9101
2884,玉山金,7,2,5,群益金鼎-敦南,2023-03-29,9101
00882,中信中國高股息,117,0,117,群益金鼎-敦南,2023-03-30,9101
3231,緯創,116,33,83,群益金鼎-敦南,2023-03-30,9101
6589,台康生技,63,0,63,群益金鼎-敦南,2023-03-30,9101
5258,虹堡,79,20,59,群益金鼎-敦南,2023-03-30,9101
2482,連宇,32,6,26,群益金鼎-敦南,2023-03-30,9101
6133,金橋,54,28,26,群益金鼎-敦南,2023-03-30,9101
1752,南光,46,21,25,群益金鼎-敦南,2023-03-30,9101
1504,東元,78,54,24,群益金鼎-敦南,2023-03-30,9101
1605,華新,44,22,22,群益金鼎-敦南,2023-03-30,9101
1760,寶齡富錦,28,6,22,群益金鼎-敦南,2023-03-30,9101
3447,展達,24,3,21,群益金鼎-敦南,2023-03-30,9101
5381,合正,20,0,20,群益金鼎-敦南,2023-03-30,9101
00679B,元大美債20年,18,0,18,群益金鼎-敦南,2023-03-30,9101
2439,美律,17,0,17,群益金鼎-敦南,2023-03-30,9101
2388,威盛,33,17,16,群益金鼎-敦南,2023-03-30,9101
5009,榮剛,50,35,15,群益金鼎-敦南,2023-03-30,9101
2618,長榮航,15,0,15,群益金鼎-敦南,2023-03-30,9101
1762,中化生,16,3,13,群益金鼎-敦南,2023-03-30,9101
4960,誠美材,13,0,13,群益金鼎-敦南,2023-03-30,9101
2834,臺企銀,12,0,12,群益金鼎-敦南,2023-03-30,9101
8110,華東,12,0,12,群益金鼎-敦南,2023-03-30,9101
4903,聯光通,12,0,12,群益金鼎-敦南,2023-03-30,9101
2867,三商壽,11,0,11,群益金鼎-敦南,2023-03-30,9101
2426,鼎元,11,0,11,群益金鼎-敦南,2023-03-30,9101
2353,宏��,10,0,10,群益金鼎-敦南,2023-03-30,9101
1314,中石化,10,0,10,群益金鼎-敦南,2023-03-30,9101
00720B,元大投資級公司債,10,0,10,群益金鼎-敦南,2023-03-30,9101
3005,神基,10,0,10,群益金鼎-敦南,2023-03-30,9101
3056,富華新,10,0,10,群益金鼎-敦南,2023-03-30,9101
6182,合晶,10,1,9,群益金鼎-敦南,2023-03-30,9101
9945,潤泰新,10,1,9,群益金鼎-敦南,2023-03-30,9101
6416,瑞祺電通,9,0,9,群益金鼎-敦南,2023-03-30,9101
2888,新光金,11,3,8,群益金鼎-敦南,2023-03-30,9101
3704,合勤控,8,0,8,群益金鼎-敦南,2023-03-30,9101
3479,安勤,9,2,7,群益金鼎-敦南,2023-03-30,9101
3105,穩懋,10,3,7,群益金鼎-敦南,2023-03-30,9101
6443,元晶,12,5,7,群益金鼎-敦南,2023-03-30,9101
5243,乙盛-KY,9,2,7,群益金鼎-敦南,2023-03-30,9101
3236,千如,8,2,6,群益金鼎-敦南,2023-03-30,9101
1708,東鹼,7,1,6,群益金鼎-敦南,2023-03-30,9101
1513,中興電,11,5,6,群益金鼎-敦南,2023-03-30,9101
6751,智聯服務,6,0,6,群益金鼎-敦南,2023-03-30,9101
1618,合機,6,0,6,群益金鼎-敦南,2023-03-30,9101
3693,營邦,12,6,6,群益金鼎-敦南,2023-03-30,9101
6205,詮欣,6,0,6,群益金鼎-敦南,2023-03-30,9101
2887,台新金,7,1,6,群益金鼎-敦南,2023-03-30,9101
2313,華通,12,7,5,群益金鼎-敦南,2023-03-30,9101
3272,東碩,5,0,5,群益金鼎-敦南,2023-03-30,9101
2231,為升,7,2,5,群益金鼎-敦南,2023-03-30,9101
4976,佳凌,5,0,5,群益金鼎-敦南,2023-03-30,9101
2034,允強,115,0,115,群益金鼎-敦南,2023-03-31,9101
00632R,元大台灣50反1,113,0,113,群益金鼎-敦南,2023-03-31,9101
4979,華星光,113,12,101,群益金鼎-敦南,2023-03-31,9101
2413,環科,54,2,52,群益金鼎-敦南,2023-03-31,9101
00637L,元大滬深300正2,50,4,46,群益金鼎-敦南,2023-03-31,9101
2408,南亞科,72,28,44,群益金鼎-敦南,2023-03-31,9101
6414,樺漢,27,3,24,群益金鼎-敦南,2023-03-31,9101
4903,聯光通,23,0,23,群益金鼎-敦南,2023-03-31,9101
6138,茂達,22,1,21,群益金鼎-敦南,2023-03-31,9101
2457,飛宏,104,85,19,群益金鼎-敦南,2023-03-31,9101
2313,華通,20,1,19,群益金鼎-敦南,2023-03-31,9101
3675,德微,23,4,19,群益金鼎-敦南,2023-03-31,9101
8171,天宇,16,0,16,群益金鼎-敦南,2023-03-31,9101
00679B,元大美債20年,13,0,13,群益金鼎-敦南,2023-03-31,9101
3006,晶豪科,19,6,13,群益金鼎-敦南,2023-03-31,9101
00882,中信中國高股息,12,0,12,群益金鼎-敦南,2023-03-31,9101
3024,憶聲,17,5,12,群益金鼎-敦南,2023-03-31,9101
3264,欣銓,11,0,11,群益金鼎-敦南,2023-03-31,9101
3038,全台,19,9,10,群益金鼎-敦南,2023-03-31,9101
5289,宜鼎,11,1,10,群益金鼎-敦南,2023-03-31,9101
1524,耿鼎,17,7,10,群益金鼎-敦南,2023-03-31,9101
2492,華新科,12,2,10,群益金鼎-敦南,2023-03-31,9101
5484,慧友,10,0,10,群益金鼎-敦南,2023-03-31,9101
2867,三商壽,9,0,9,群益金鼎-敦南,2023-03-31,9101
2363,矽統,8,0,8,群益金鼎-敦南,2023-03-31,9101
2359,所羅門,8,0,8,群益金鼎-敦南,2023-03-31,9101
9802,鈺齊-KY,8,0,8,群益金鼎-敦南,2023-03-31,9101
1605,華新,19,12,7,群益金鼎-敦南,2023-03-31,9101
00712,復華富時不動產,10,3,7,群益金鼎-敦南,2023-03-31,9101
00753L,中信中國50正2,7,0,7,群益金鼎-敦南,2023-03-31,9101
00650L,復華香港正2,7,0,7,群益金鼎-敦南,2023-03-31,9101
6438,迅得,7,0,7,群益金鼎-敦南,2023-03-31,9101
6488,環球晶,7,1,6,群益金鼎-敦南,2023-03-31,9101
6205,詮欣,6,0,6,群益金鼎-敦南,2023-03-31,9101
2402,毅嘉,21,15,6,群益金鼎-敦南,2023-03-31,9101
3552,同致,6,0,6,群益金鼎-敦南,2023-03-31,9101
8271,宇瞻,14,8,6,群益金鼎-敦南,2023-03-31,9101
6163,華電網,11,6,5,群益金鼎-敦南,2023-03-31,9101
5309,系統電,64,59,5,群益金鼎-敦南,2023-03-31,9101
8028,昇陽半導體,29,24,5,群益金鼎-敦南,2023-03-31,9101
5425,台半,6,1,5,群益金鼎-敦南,2023-03-31,9101
5301,寶得利,5,0,5,群益金鼎-敦南,2023-03-31,9101
3710,連展投控,5,0,5,群益金鼎-敦南,2023-03-31,9101
3224,三顧,5,0,5,群益金鼎-敦南,2023-03-31,9101
3438,類比科,5,0,5,群益金鼎-敦南,2023-03-31,9101
5243,乙盛-KY,5,0,5,群益金鼎-敦南,2023-03-31,9101
1522,堤維西,15,10,5,群益金鼎-敦南,2023-03-31,9101
5353,台林,6,1,5,群益金鼎-敦南,2023-03-31,9101
3521,鴻翊,5,0,5,群益金鼎-敦南,2023-03-31,9101
6180,橘子,5,0,5,群益金鼎-敦南,2023-03-31,9101
4979,華星光,83,17,66,群益金鼎-敦南,2023-04-06,9101
3059,華晶科,50,0,50,群益金鼎-敦南,2023-04-06,9101
2453,凌群,61,15,46,群益金鼎-敦南,2023-04-06,9101
3289,宜特,46,1,45,群益金鼎-敦南,2023-04-06,9101
00882,中信中國高股息,45,0,45,群益金鼎-敦南,2023-04-06,9101
6160,欣技,44,0,44,群益金鼎-敦南,2023-04-06,9101
2027,大成鋼,36,0,36,群益金鼎-敦南,2023-04-06,9101
2610,華航,30,0,30,群益金鼎-敦南,2023-04-06,9101
8069,元太,34,5,29,群益金鼎-敦南,2023-04-06,9101
2382,廣達,19,0,19,群益金鼎-敦南,2023-04-06,9101
8478,東哥遊艇,19,0,19,群益金鼎-敦南,2023-04-06,9101
6235,華孚,69,51,18,群益金鼎-敦南,2023-04-06,9101
2609,陽明,19,1,18,群益金鼎-敦南,2023-04-06,9101
5457,宣德,17,0,17,群益金鼎-敦南,2023-04-06,9101
00673R,期元大S＆P原油反1,66,50,16,群益金鼎-敦南,2023-04-06,9101
00891,中信關鍵半導體,16,0,16,群益金鼎-敦南,2023-04-06,9101
00632R,元大台灣50反1,56,40,16,群益金鼎-敦南,2023-04-06,9101
6799,來頡,18,3,15,群益金鼎-敦南,2023-04-06,9101
2457,飛宏,36,22,14,群益金鼎-敦南,2023-04-06,9101
9907,統一實,15,1,14,群益金鼎-敦南,2023-04-06,9101
9945,潤泰新,14,1,13,群益金鼎-敦南,2023-04-06,9101
5222,全訊,14,2,12,群益金鼎-敦南,2023-04-06,9101
6477,安集,14,2,12,群益金鼎-敦南,2023-04-06,9101
2402,毅嘉,16,5,11,群益金鼎-敦南,2023-04-06,9101
6770,力積電,11,0,11,群益金鼎-敦南,2023-04-06,9101
00712,復華富時不動產,10,0,10,群益金鼎-敦南,2023-04-06,9101
8383,千附,10,0,10,群益金鼎-敦南,2023-04-06,9101
5880,合庫金,10,0,10,群益金鼎-敦南,2023-04-06,9101
1319,東陽,10,0,10,群益金鼎-敦南,2023-04-06,9101
2476,鉅祥,10,0,10,群益金鼎-敦南,2023-04-06,9101
1321,大洋,10,0,10,群益金鼎-敦南,2023-04-06,9101
2603,長榮,10,0,10,群益金鼎-敦南,2023-04-06,9101
4111,濟生,12,3,9,群益金鼎-敦南,2023-04-06,9101
2023,燁輝,9,0,9,群益金鼎-敦南,2023-04-06,9101
1312,國喬,9,0,9,群益金鼎-敦南,2023-04-06,9101
6285,啟��,9,0,9,群益金鼎-敦南,2023-04-06,9101
3037,欣興,14,6,8,群益金鼎-敦南,2023-04-06,9101
00900,富邦特選高股息30,9,1,8,群益金鼎-敦南,2023-04-06,9101
00885,富邦越南,10,2,8,群益金鼎-敦南,2023-04-06,9101
2388,威盛,36,28,8,群益金鼎-敦南,2023-04-06,9101
00679B,元大美債20年,25,17,8,群益金鼎-敦南,2023-04-06,9101
00893,國泰智能電動車,19,11,8,群益金鼎-敦南,2023-04-06,9101
2352,佳世達,10,3,7,群益金鼎-敦南,2023-04-06,9101
3416,融程電,7,0,7,群益金鼎-敦南,2023-04-06,9101
2344,華邦電,12,5,7,群益金鼎-敦南,2023-04-06,9101
2885,元大金,7,0,7,群益金鼎-敦南,2023-04-06,9101
8222,寶一,23,16,7,群益金鼎-敦南,2023-04-06,9101
2454,聯發科,7,1,6,群益金鼎-敦南,2023-04-06,9101
1308,亞聚,10,4,6,群益金鼎-敦南,2023-04-06,9101
4919,新唐,6,0,6,群益金鼎-敦南,2023-04-06,9101
2344,華邦電,208,20,188,群益金鼎-敦南,2023-04-07,9101
4977,眾達-KY,129,12,117,群益金鼎-敦南,2023-04-07,9101
3479,安勤,75,19,56,群益金鼎-敦南,2023-04-07,9101
4541,晟田,52,1,51,群益金鼎-敦南,2023-04-07,9101
6235,華孚,92,47,45,群益金鼎-敦南,2023-04-07,9101
6197,佳必琪,41,1,40,群益金鼎-敦南,2023-04-07,9101
0056,元大高股息,39,0,39,群益金鼎-敦南,2023-04-07,9101
8940,新天地,38,0,38,群益金鼎-敦南,2023-04-07,9101
2388,威盛,56,18,38,群益金鼎-敦南,2023-04-07,9101
2609,陽明,55,18,37,群益金鼎-敦南,2023-04-07,9101
2482,連宇,41,4,37,群益金鼎-敦南,2023-04-07,9101
00680L,元大美債20正2,50,14,36,群益金鼎-敦南,2023-04-07,9101
3682,亞太電,30,3,27,群益金鼎-敦南,2023-04-07,9101
6160,欣技,28,3,25,群益金鼎-敦南,2023-04-07,9101
6548,長科*,29,5,24,群益金鼎-敦南,2023-04-07,9101
6191,精成科,32,9,23,群益金鼎-敦南,2023-04-07,9101
2356,英業達,31,8,23,群益金鼎-敦南,2023-04-07,9101
00878,國泰永續高股息,34,12,22,群益金鼎-敦南,2023-04-07,9101
3217,優群,35,13,22,群益金鼎-敦南,2023-04-07,9101
00679B,元大美債20年,22,0,22,群益金鼎-敦南,2023-04-07,9101
6125,廣運,38,17,21,群益金鼎-敦南,2023-04-07,9101
2066,世德,20,0,20,群益金鼎-敦南,2023-04-07,9101
1336,台翰,20,0,20,群益金鼎-敦南,2023-04-07,9101
4164,承業醫,24,6,18,群益金鼎-敦南,2023-04-07,9101
8409,商之器,15,0,15,群益金鼎-敦南,2023-04-07,9101
00720B,元大投資級公司債,12,0,12,群益金鼎-敦南,2023-04-07,9101
6461,益得,17,5,12,群益金鼎-敦南,2023-04-07,9101
8358,金居,12,0,12,群益金鼎-敦南,2023-04-07,9101
5009,榮剛,36,24,12,群益金鼎-敦南,2023-04-07,9101
2834,臺企銀,11,0,11,群益金鼎-敦南,2023-04-07,9101
1108,幸福,11,0,11,群益金鼎-敦南,2023-04-07,9101
2484,希華,21,10,11,群益金鼎-敦南,2023-04-07,9101
2206,三陽工業,15,5,10,群益金鼎-敦南,2023-04-07,9101
6443,元晶,16,6,10,群益金鼎-敦南,2023-04-07,9101
4931,新盛力,11,1,10,群益金鼎-敦南,2023-04-07,9101
3088,艾訊,10,0,10,群益金鼎-敦南,2023-04-07,9101
4127,天良,10,0,10,群益金鼎-敦南,2023-04-07,9101
00903,富邦元宇宙,10,0,10,群益金鼎-敦南,2023-04-07,9101
2610,華航,10,0,10,群益金鼎-敦南,2023-04-07,9101
4157,太景*-KY,10,0,10,群益金鼎-敦南,2023-04-07,9101
3481,群創,10,0,10,群益金鼎-敦南,2023-04-07,9101
1795,美時,33,23,10,群益金鼎-敦南,2023-04-07,9101
2867,三商壽,45,35,10,群益金鼎-敦南,2023-04-07,9101
2603,長榮,23,14,9,群益金鼎-敦南,2023-04-07,9101
1605,華新,11,3,8,群益金鼎-敦南,2023-04-07,9101
3078,僑威,15,7,8,群益金鼎-敦南,2023-04-07,9101
3521,鴻翊,16,8,8,群益金鼎-敦南,2023-04-07,9101
3289,宜特,8,0,8,群益金鼎-敦南,2023-04-07,9101
2302,麗正,8,1,7,群益金鼎-敦南,2023-04-07,9101
1784,訊聯,7,0,7,群益金鼎-敦南,2023-04-07,9101
2344,華邦電,209,14,195,群益金鼎-敦南,2023-04-10,9101
00885,富邦越南,50,0,50,群益金鼎-敦南,2023-04-10,9101
6570,維田,48,0,48,群益金鼎-敦南,2023-04-10,9101
5009,榮剛,82,40,42,群益金鼎-敦南,2023-04-10,9101
2515,中工,42,0,42,群益金鼎-敦南,2023-04-10,9101
00720B,元大投資級公司債,37,0,37,群益金鼎-敦南,2023-04-10,9101
3017,奇鋐,36,1,35,群益金鼎-敦南,2023-04-10,9101
00795B,中信美國公債20年,35,0,35,群益金鼎-敦南,2023-04-10,9101
3032,偉訓,31,0,31,群益金鼎-敦南,2023-04-10,9101
6505,台塑化,35,6,29,群益金鼎-敦南,2023-04-10,9101
00878,國泰永續高股息,47,21,26,群益金鼎-敦南,2023-04-10,9101
2886,兆豐金,25,0,25,群益金鼎-敦南,2023-04-10,9101
2457,飛宏,67,43,24,群益金鼎-敦南,2023-04-10,9101
6152,百一,30,7,23,群益金鼎-敦南,2023-04-10,9101
4432,銘旺實,21,0,21,群益金鼎-敦南,2023-04-10,9101
8222,寶一,28,7,21,群益金鼎-敦南,2023-04-10,9101
2027,大成鋼,21,0,21,群益金鼎-敦南,2023-04-10,9101
00712,復華富時不動產,20,0,20,群益金鼎-敦南,2023-04-10,9101
6163,華電網,27,7,20,群益金鼎-敦南,2023-04-10,9101
8996,高力,20,0,20,群益金鼎-敦南,2023-04-10,9101
9962,有益,19,0,19,群益金鼎-敦南,2023-04-10,9101
1308,亞聚,38,19,19,群益金鼎-敦南,2023-04-10,9101
6182,合晶,20,1,19,群益金鼎-敦南,2023-04-10,9101
00637L,元大滬深300正2,19,2,17,群益金鼎-敦南,2023-04-10,9101
00923,群益台ESG低碳50,20,5,15,群益金鼎-敦南,2023-04-10,9101
00780B,國泰A級金融債,15,0,15,群益金鼎-敦南,2023-04-10,9101
6733,博晟生醫,15,0,15,群益金鼎-敦南,2023-04-10,9101
2314,台揚,15,0,15,群益金鼎-敦南,2023-04-10,9101
3520,華盈,39,25,14,群益金鼎-敦南,2023-04-10,9101
00670L,富邦NASDAQ正2,13,0,13,群益金鼎-敦南,2023-04-10,9101
2014,中鴻,30,17,13,群益金鼎-敦南,2023-04-10,9101
6548,長科*,13,1,12,群益金鼎-敦南,2023-04-10,9101
3162,精確,14,2,12,群益金鼎-敦南,2023-04-10,9101
4528,江興鍛,11,0,11,群益金鼎-敦南,2023-04-10,9101
3663,鑫科,12,1,11,群益金鼎-敦南,2023-04-10,9101
6770,力積電,10,0,10,群益金鼎-敦南,2023-04-10,9101
4979,華星光,24,14,10,群益金鼎-敦南,2023-04-10,9101
5328,華容,10,0,10,群益金鼎-敦南,2023-04-10,9101
1904,正隆,17,7,10,群益金鼎-敦南,2023-04-10,9101
5011,久陽,10,0,10,群益金鼎-敦南,2023-04-10,9101
8201,無敵,10,0,10,群益金鼎-敦南,2023-04-10,9101
2303,聯電,10,1,9,群益金鼎-敦南,2023-04-10,9101
4114,健喬,11,2,9,群益金鼎-敦南,2023-04-10,9101
2208,台船,54,45,9,群益金鼎-敦南,2023-04-10,9101
3447,展達,9,0,9,群益金鼎-敦南,2023-04-10,9101
4503,金雨,11,2,9,群益金鼎-敦南,2023-04-10,9101
6127,九豪,10,1,9,群益金鼎-敦南,2023-04-10,9101
5289,宜鼎,10,1,9,群益金鼎-敦南,2023-04-10,9101
3693,營邦,9,1,8,群益金鼎-敦南,2023-04-10,9101
00679B,元大美債20年,18,10,8,群益金鼎-敦南,2023-04-10,9101
2358,廷鑫,130,2,128,群益金鼎-敦南,2023-04-11,9101
5258,虹堡,145,63,82,群益金鼎-敦南,2023-04-11,9101
4979,華星光,136,86,50,群益金鼎-敦南,2023-04-11,9101
2413,環科,59,10,49,群益金鼎-敦南,2023-04-11,9101
4164,承業醫,47,0,47,群益金鼎-敦南,2023-04-11,9101
00720B,元大投資級公司債,30,0,30,群益金鼎-敦南,2023-04-11,9101
00688L,國泰20年美債正2,30,0,30,群益金鼎-敦南,2023-04-11,9101
2331,精英,25,0,25,群益金鼎-敦南,2023-04-11,9101
3032,偉訓,25,1,24,群益金鼎-敦南,2023-04-11,9101
2388,威盛,34,14,20,群益金鼎-敦南,2023-04-11,9101
5213,亞昕,20,0,20,群益金鼎-敦南,2023-04-11,9101
5243,乙盛-KY,20,0,20,群益金鼎-敦南,2023-04-11,9101
2603,長榮,26,7,19,群益金鼎-敦南,2023-04-11,9101
00632R,元大台灣50反1,19,0,19,群益金鼎-敦南,2023-04-11,9101
00712,復華富時不動產,19,1,18,群益金鼎-敦南,2023-04-11,9101
2606,裕民,20,3,17,群益金鼎-敦南,2023-04-11,9101
3188,鑫龍騰,16,0,16,群益金鼎-敦南,2023-04-11,9101
8110,華東,23,7,16,群益金鼎-敦南,2023-04-11,9101
9962,有益,15,0,15,群益金鼎-敦南,2023-04-11,9101
2457,飛宏,50,36,14,群益金鼎-敦南,2023-04-11,9101
3029,零壹,14,0,14,群益金鼎-敦南,2023-04-11,9101
6122,擎邦,13,0,13,群益金鼎-敦南,2023-04-11,9101
1760,寶齡富錦,14,2,12,群益金鼎-敦南,2023-04-11,9101
1708,東鹼,12,0,12,群益金鼎-敦南,2023-04-11,9101
2303,聯電,16,4,12,群益金鼎-敦南,2023-04-11,9101
3088,艾訊,13,1,12,群益金鼎-敦南,2023-04-11,9101
1762,中化生,12,1,11,群益金鼎-敦南,2023-04-11,9101
3017,奇鋐,16,5,11,群益金鼎-敦南,2023-04-11,9101
1108,幸福,10,0,10,群益金鼎-敦南,2023-04-11,9101
2243,宏旭-KY,10,0,10,群益金鼎-敦南,2023-04-11,9101
8936,國統,10,0,10,群益金鼎-敦南,2023-04-11,9101
3027,盛達,12,2,10,群益金鼎-敦南,2023-04-11,9101
2609,陽明,17,8,9,群益金鼎-敦南,2023-04-11,9101
1336,台翰,9,0,9,群益金鼎-敦南,2023-04-11,9101
3217,優群,9,0,9,群益金鼎-敦南,2023-04-11,9101
2399,映泰,9,0,9,群益金鼎-敦南,2023-04-11,9101
00680L,元大美債20正2,9,0,9,群益金鼎-敦南,2023-04-11,9101
8054,安國,9,0,9,群益金鼎-敦南,2023-04-11,9101
6266,泰詠,46,38,8,群益金鼎-敦南,2023-04-11,9101
6488,環球晶,8,0,8,群益金鼎-敦南,2023-04-11,9101
4123,晟德,10,2,8,群益金鼎-敦南,2023-04-11,9101
6197,佳必琪,14,6,8,群益金鼎-敦南,2023-04-11,9101
3558,神準,10,2,8,群益金鼎-敦南,2023-04-11,9101
2342,茂矽,8,0,8,群益金鼎-敦南,2023-04-11,9101
4903,聯光通,8,0,8,群益金鼎-敦南,2023-04-11,9101
3090,日電貿,7,0,7,群益金鼎-敦南,2023-04-11,9101
3006,晶豪科,17,10,7,群益金鼎-敦南,2023-04-11,9101
1504,東元,70,64,6,群益金鼎-敦南,2023-04-11,9101
2027,大成鋼,6,0,6,群益金鼎-敦南,2023-04-11,9101
3162,精確,6,0,6,群益金鼎-敦南,2023-04-11,9101
1609,大亞,457,47,410,群益金鼎-敦南,2023-04-12,9101
2887,台新金,293,11,282,群益金鼎-敦南,2023-04-12,9101
3481,群創,131,5,126,群益金鼎-敦南,2023-04-12,9101
2428,興勤,85,3,82,群益金鼎-敦南,2023-04-12,9101
6288,聯嘉,51,2,49,群益金鼎-敦南,2023-04-12,9101
3006,晶豪科,140,99,41,群益金鼎-敦南,2023-04-12,9101
4967,十銓,105,65,40,群益金鼎-敦南,2023-04-12,9101
8222,寶一,134,97,37,群益金鼎-敦南,2023-04-12,9101
3576,聯合再生,33,0,33,群益金鼎-敦南,2023-04-12,9101
00631L,元大台灣50正2,33,0,33,群益金鼎-敦南,2023-04-12,9101
9933,中鼎,32,4,28,群益金鼎-敦南,2023-04-12,9101
9958,世紀鋼,35,8,27,群益金鼎-敦南,2023-04-12,9101
6188,廣明,46,20,26,群益金鼎-敦南,2023-04-12,9101
00882,中信中國高股息,30,6,24,群益金鼎-敦南,2023-04-12,9101
2317,鴻海,22,0,22,群益金鼎-敦南,2023-04-12,9101
4968,立積,27,5,22,群益金鼎-敦南,2023-04-12,9101
6806,森崴能源,46,25,21,群益金鼎-敦南,2023-04-12,9101
5213,亞昕,20,0,20,群益金鼎-敦南,2023-04-12,9101
5531,鄉林,20,0,20,群益金鼎-敦南,2023-04-12,9101
2801,彰銀,20,0,20,群益金鼎-敦南,2023-04-12,9101
1312,國喬,20,0,20,群益金鼎-敦南,2023-04-12,9101
3017,奇鋐,19,0,19,群益金鼎-敦南,2023-04-12,9101
4164,承業醫,39,22,17,群益金鼎-敦南,2023-04-12,9101
3024,憶聲,26,10,16,群益金鼎-敦南,2023-04-12,9101
2540,愛山林,16,0,16,群益金鼎-敦南,2023-04-12,9101
0050,元大台灣50,15,0,15,群益金鼎-敦南,2023-04-12,9101
6485,點序,18,3,15,群益金鼎-敦南,2023-04-12,9101
2481,強茂,16,1,15,群益金鼎-敦南,2023-04-12,9101
1526,日馳,14,0,14,群益金鼎-敦南,2023-04-12,9101
8927,北基,13,0,13,群益金鼎-敦南,2023-04-12,9101
00878,國泰永續高股息,27,15,12,群益金鼎-敦南,2023-04-12,9101
0056,元大高股息,12,0,12,群益金鼎-敦南,2023-04-12,9101
2603,長榮,26,14,12,群益金鼎-敦南,2023-04-12,9101
6578,達邦蛋白,11,0,11,群益金鼎-敦南,2023-04-12,9101
2206,三陽工業,22,12,10,群益金鼎-敦南,2023-04-12,9101
8215,明基材,15,5,10,群益金鼎-敦南,2023-04-12,9101
4528,江興鍛,10,0,10,群益金鼎-敦南,2023-04-12,9101
3058,立德,10,0,10,群益金鼎-敦南,2023-04-12,9101
4908,前鼎,10,0,10,群益金鼎-敦南,2023-04-12,9101
5258,虹堡,10,0,10,群益金鼎-敦南,2023-04-12,9101
5457,宣德,10,0,10,群益金鼎-敦南,2023-04-12,9101
2915,潤泰全,10,0,10,群益金鼎-敦南,2023-04-12,9101
1316,上曜,10,0,10,群益金鼎-敦南,2023-04-12,9101
6139,亞翔,10,0,10,群益金鼎-敦南,2023-04-12,9101
5425,台半,30,20,10,群益金鼎-敦南,2023-04-12,9101
6179,亞通,10,1,9,群益金鼎-敦南,2023-04-12,9101
2834,臺企銀,10,1,9,群益金鼎-敦南,2023-04-12,9101
3236,千如,9,0,9,群益金鼎-敦南,2023-04-12,9101
6523,達爾膚,9,0,9,群益金鼎-敦南,2023-04-12,9101
1451,年興,9,0,9,群益金鼎-敦南,2023-04-12,9101
4971,IET-KY,97,0,97,群益金鼎-敦南,2023-04-13,9101
1752,南光,85,4,81,群益金鼎-敦南,2023-04-13,9101
5512,力麒,76,0,76,群益金鼎-敦南,2023-04-13,9101
6163,華電網,148,85,63,群益金鼎-敦南,2023-04-13,9101
2538,基泰,40,0,40,群益金鼎-敦南,2023-04-13,9101
4164,承業醫,45,5,40,群益金鼎-敦南,2023-04-13,9101
00712,復華富時不動產,40,0,40,群益金鼎-敦南,2023-04-13,9101
4979,華星光,106,69,37,群益金鼎-敦南,2023-04-13,9101
2413,環科,96,59,37,群益金鼎-敦南,2023-04-13,9101
5258,虹堡,30,4,26,群益金鼎-敦南,2023-04-13,9101
1795,美時,32,7,25,群益金鼎-敦南,2023-04-13,9101
00923,群益台ESG低碳50,25,2,23,群益金鼎-敦南,2023-04-13,9101
3024,憶聲,23,0,23,群益金鼎-敦南,2023-04-13,9101
3188,鑫龍騰,23,0,23,群益金鼎-敦南,2023-04-13,9101
3033,威健,24,3,21,群益金鼎-敦南,2023-04-13,9101
1605,華新,53,32,21,群益金鼎-敦南,2023-04-13,9101
00896,中信綠能及電動車,20,0,20,群益金鼎-敦南,2023-04-13,9101
5213,亞昕,20,0,20,群益金鼎-敦南,2023-04-13,9101
4168,醣聯,31,11,20,群益金鼎-敦南,2023-04-13,9101
6517,保勝光學,20,0,20,群益金鼎-敦南,2023-04-13,9101
2017,官田鋼,23,5,18,群益金鼎-敦南,2023-04-13,9101
4433,興采,20,2,18,群益金鼎-敦南,2023-04-13,9101
2603,長榮,33,15,18,群益金鼎-敦南,2023-04-13,9101
0050,元大台灣50,19,2,17,群益金鼎-敦南,2023-04-13,9101
0056,元大高股息,17,0,17,群益金鼎-敦南,2023-04-13,9101
1589,永冠-KY,20,3,17,群益金鼎-敦南,2023-04-13,9101
3037,欣興,18,2,16,群益金鼎-敦南,2023-04-13,9101
00893,國泰智能電動車,16,0,16,群益金鼎-敦南,2023-04-13,9101
3257,虹冠電,16,0,16,群益金鼎-敦南,2023-04-13,9101
4908,前鼎,15,0,15,群益金鼎-敦南,2023-04-13,9101
1504,東元,61,48,13,群益金鼎-敦南,2023-04-13,9101
5309,系統電,20,7,13,群益金鼎-敦南,2023-04-13,9101
2317,鴻海,12,0,12,群益金鼎-敦南,2023-04-13,9101
3704,合勤控,12,0,12,群益金鼎-敦南,2023-04-13,9101
00891,中信關鍵半導體,17,5,12,群益金鼎-敦南,2023-04-13,9101
1519,華城,32,21,11,群益金鼎-敦南,2023-04-13,9101
2457,飛宏,80,70,10,群益金鼎-敦南,2023-04-13,9101
2495,普安,10,0,10,群益金鼎-敦南,2023-04-13,9101
2913,農林,10,0,10,群益金鼎-敦南,2023-04-13,9101
2328,廣宇,37,27,10,群益金鼎-敦南,2023-04-13,9101
2338,光罩,13,3,10,群益金鼎-敦南,2023-04-13,9101
6139,亞翔,11,1,10,群益金鼎-敦南,2023-04-13,9101
3711,日月光投控,11,1,10,群益金鼎-敦南,2023-04-13,9101
3558,神準,16,7,9,群益金鼎-敦南,2023-04-13,9101
4128,中天,32,23,9,群益金鼎-敦南,2023-04-13,9101
00679B,元大美債20年,14,5,9,群益金鼎-敦南,2023-04-13,9101
6753,龍德造船,9,0,9,群益金鼎-敦南,2023-04-13,9101
3434,哲固,9,0,9,群益金鼎-敦南,2023-04-13,9101
00673R,期元大S＆P原油反1,10,1,9,群益金鼎-敦南,2023-04-13,9101
6234,高僑,29,20,9,群益金鼎-敦南,2023-04-13,9101
2457,飛宏,373,168,205,群益金鼎-敦南,2023-04-14,9101
00632R,元大台灣50反1,167,40,127,群益金鼎-敦南,2023-04-14,9101
2887,台新金,90,0,90,群益金鼎-敦南,2023-04-14,9101
2515,中工,127,54,73,群益金鼎-敦南,2023-04-14,9101
2880,華南金,67,1,66,群益金鼎-敦南,2023-04-14,9101
3032,偉訓,61,9,52,群益金鼎-敦南,2023-04-14,9101
2027,大成鋼,53,2,51,群益金鼎-敦南,2023-04-14,9101
6197,佳必琪,43,3,40,群益金鼎-敦南,2023-04-14,9101
2634,漢翔,100,60,40,群益金鼎-敦南,2023-04-14,9101
3024,憶聲,40,1,39,群益金鼎-敦南,2023-04-14,9101
00712,復華富時不動產,37,0,37,群益金鼎-敦南,2023-04-14,9101
3481,群創,43,7,36,群益金鼎-敦南,2023-04-14,9101
2208,台船,71,38,33,群益金鼎-敦南,2023-04-14,9101
3520,華盈,31,0,31,群益金鼎-敦南,2023-04-14,9101
3624,光頡,41,12,29,群益金鼎-敦南,2023-04-14,9101
3231,緯創,38,13,25,群益金鼎-敦南,2023-04-14,9101
1809,中釉,25,0,25,群益金鼎-敦南,2023-04-14,9101
6129,普誠,23,0,23,群益金鼎-敦南,2023-04-14,9101
00772B,中信高評級公司債,23,0,23,群益金鼎-敦南,2023-04-14,9101
3058,立德,21,0,21,群益金鼎-敦南,2023-04-14,9101
2201,裕隆,55,37,18,群益金鼎-敦南,2023-04-14,9101
1584,精剛,44,28,16,群益金鼎-敦南,2023-04-14,9101
6179,亞通,20,4,16,群益金鼎-敦南,2023-04-14,9101
3038,全台,20,5,15,群益金鼎-敦南,2023-04-14,9101
6005,群益證,15,0,15,群益金鼎-敦南,2023-04-14,9101
5328,華容,34,19,15,群益金鼎-敦南,2023-04-14,9101
00773B,中信優先金融債,15,0,15,群益金鼎-敦南,2023-04-14,9101
8091,翔名,15,0,15,群益金鼎-敦南,2023-04-14,9101
00720B,元大投資級公司債,12,0,12,群益金鼎-敦南,2023-04-14,9101
00679B,元大美債20年,11,0,11,群益金鼎-敦南,2023-04-14,9101
6517,保勝光學,11,0,11,群益金鼎-敦南,2023-04-14,9101
6446,藥華藥,13,3,10,群益金鼎-敦南,2023-04-14,9101
9933,中鼎,10,0,10,群益金鼎-敦南,2023-04-14,9101
5009,榮剛,63,53,10,群益金鼎-敦南,2023-04-14,9101
3078,僑威,48,38,10,群益金鼎-敦南,2023-04-14,9101
5388,中磊,10,0,10,群益金鼎-敦南,2023-04-14,9101
2834,臺企銀,10,0,10,群益金鼎-敦南,2023-04-14,9101
2748,雲品,16,6,10,群益金鼎-敦南,2023-04-14,9101
6163,華電網,11,1,10,群益金鼎-敦南,2023-04-14,9101
2530,華建,10,0,10,群益金鼎-敦南,2023-04-14,9101
1760,寶齡富錦,17,7,10,群益金鼎-敦南,2023-04-14,9101
1609,大亞,20,10,10,群益金鼎-敦南,2023-04-14,9101
8390,金益鼎,10,1,9,群益金鼎-敦南,2023-04-14,9101
4164,承業醫,9,0,9,群益金鼎-敦南,2023-04-14,9101
2838A,聯邦銀甲特,9,0,9,群益金鼎-敦南,2023-04-14,9101
00673R,期元大S＆P原油反1,9,0,9,群益金鼎-敦南,2023-04-14,9101
3217,優群,9,0,9,群益金鼎-敦南,2023-04-14,9101
2002,中鋼,11,2,9,群益金鼎-敦南,2023-04-14,9101
2609,陽明,28,20,8,群益金鼎-敦南,2023-04-14,9101
3704,合勤控,14,6,8,群益金鼎-敦南,2023-04-14,9101
2883,凱基金,233,4,229,群益金鼎-敦南,2023-04-17,9101
2887,台新金,139,0,139,群益金鼎-敦南,2023-04-17,9101
6806,森崴能源,80,8,72,群益金鼎-敦南,2023-04-17,9101
8105,凌巨,64,0,64,群益金鼎-敦南,2023-04-17,9101
00679B,元大美債20年,61,1,60,群益金鼎-敦南,2023-04-17,9101
4513,福裕,50,3,47,群益金鼎-敦南,2023-04-17,9101
3673,TPK-KY,36,2,34,群益金鼎-敦南,2023-04-17,9101
00720B,元大投資級公司債,30,0,30,群益金鼎-敦南,2023-04-17,9101
2897,王道銀行,30,2,28,群益金鼎-敦南,2023-04-17,9101
1609,大亞,37,11,26,群益金鼎-敦南,2023-04-17,9101
2634,漢翔,83,61,22,群益金鼎-敦南,2023-04-17,9101
2328,廣宇,26,5,21,群益金鼎-敦南,2023-04-17,9101
3481,群創,26,5,21,群益金鼎-敦南,2023-04-17,9101
2399,映泰,20,0,20,群益金鼎-敦南,2023-04-17,9101
00653L,富邦印度正2,20,0,20,群益金鼎-敦南,2023-04-17,9101
2530,華建,20,0,20,群益金鼎-敦南,2023-04-17,9101
9110,越南控-DR,20,0,20,群益金鼎-敦南,2023-04-17,9101
6127,九豪,18,0,18,群益金鼎-敦南,2023-04-17,9101
2312,金寶,22,4,18,群益金鼎-敦南,2023-04-17,9101
3005,神基,25,8,17,群益金鼎-敦南,2023-04-17,9101
3169,亞信,16,0,16,群益金鼎-敦南,2023-04-17,9101
1530,亞崴,15,0,15,群益金鼎-敦南,2023-04-17,9101
2618,長榮航,18,3,15,群益金鼎-敦南,2023-04-17,9101
00670L,富邦NASDAQ正2,14,0,14,群益金鼎-敦南,2023-04-17,9101
6167,久正,14,0,14,群益金鼎-敦南,2023-04-17,9101
00772B,中信高評級公司債,13,0,13,群益金鼎-敦南,2023-04-17,9101
6160,欣技,34,21,13,群益金鼎-敦南,2023-04-17,9101
3712,永崴投控,20,7,13,群益金鼎-敦南,2023-04-17,9101
8050,廣積,15,2,13,群益金鼎-敦南,2023-04-17,9101
00632R,元大台灣50反1,12,0,12,群益金鼎-敦南,2023-04-17,9101
1605,華新,38,26,12,群益金鼎-敦南,2023-04-17,9101
3029,零壹,20,8,12,群益金鼎-敦南,2023-04-17,9101
6215,和椿,12,0,12,群益金鼎-敦南,2023-04-17,9101
2002,中鋼,12,1,11,群益金鼎-敦南,2023-04-17,9101
3491,昇達科,14,3,11,群益金鼎-敦南,2023-04-17,9101
00712,復華富時不動產,13,2,11,群益金鼎-敦南,2023-04-17,9101
1101,台泥,20,9,11,群益金鼎-敦南,2023-04-17,9101
2882,國泰金,11,0,11,群益金鼎-敦南,2023-04-17,9101
3591,艾笛森,12,2,10,群益金鼎-敦南,2023-04-17,9101
2633,台灣高鐵,10,0,10,群益金鼎-敦南,2023-04-17,9101
3305,昇貿,14,4,10,群益金鼎-敦南,2023-04-17,9101
6488,環球晶,10,0,10,群益金鼎-敦南,2023-04-17,9101
6547,高端疫苗,68,58,10,群益金鼎-敦南,2023-04-17,9101
2834,臺企銀,10,0,10,群益金鼎-敦南,2023-04-17,9101
3071,協禧,10,0,10,群益金鼎-敦南,2023-04-17,9101
00768B,復華20年美債,10,0,10,群益金鼎-敦南,2023-04-17,9101
2438,翔耀,10,0,10,群益金鼎-敦南,2023-04-17,9101
2429,銘旺科,10,0,10,群益金鼎-敦南,2023-04-17,9101
00888,永豐台灣ESG,10,0,10,群益金鼎-敦南,2023-04-17,9101
4123,晟德,10,0,10,群益金鼎-敦南,2023-04-17,9101
6160,欣技,164,27,137,群益金鼎-敦南,2023-04-18,9101
00637L,元大滬深300正2,141,8,133,群益金鼎-敦南,2023-04-18,9101
2429,銘旺科,60,0,60,群益金鼎-敦南,2023-04-18,9101
5607,遠雄港,51,0,51,群益金鼎-敦南,2023-04-18,9101
6443,元晶,54,12,42,群益金鼎-敦南,2023-04-18,9101
4971,IET-KY,52,10,42,群益金鼎-敦南,2023-04-18,9101
1752,南光,45,7,38,群益金鼎-敦南,2023-04-18,9101
00680L,元大美債20正2,37,0,37,群益金鼎-敦南,2023-04-18,9101
3011,今皓,40,5,35,群益金鼎-敦南,2023-04-18,9101
5703,亞都,36,1,35,群益金鼎-敦南,2023-04-18,9101
1444,力麗,43,11,32,群益金鼎-敦南,2023-04-18,9101
2356,英業達,31,0,31,群益金鼎-敦南,2023-04-18,9101
1533,車王電,31,0,31,群益金鼎-敦南,2023-04-18,9101
2605,新興,29,0,29,群益金鼎-敦南,2023-04-18,9101
2634,漢翔,84,56,28,群益金鼎-敦南,2023-04-18,9101
2618,長榮航,27,0,27,群益金鼎-敦南,2023-04-18,9101
6234,高僑,45,20,25,群益金鼎-敦南,2023-04-18,9101
6288,聯嘉,52,27,25,群益金鼎-敦南,2023-04-18,9101
3163,波若威,48,24,24,群益金鼎-敦南,2023-04-18,9101
4572,駐龍,48,24,24,群益金鼎-敦南,2023-04-18,9101
6213,聯茂,23,0,23,群益金鼎-敦南,2023-04-18,9101
6282,康舒,37,14,23,群益金鼎-敦南,2023-04-18,9101
00679B,元大美債20年,22,0,22,群益金鼎-敦南,2023-04-18,9101
3217,優群,23,2,21,群益金鼎-敦南,2023-04-18,9101
5009,榮剛,81,61,20,群益金鼎-敦南,2023-04-18,9101
6605,帝寶,20,0,20,群益金鼎-敦南,2023-04-18,9101
00635U,期元大S＆P黃金,20,0,20,群益金鼎-敦南,2023-04-18,9101
2484,希華,20,0,20,群益金鼎-敦南,2023-04-18,9101
1808,潤隆,20,0,20,群益金鼎-敦南,2023-04-18,9101
3162,精確,20,1,19,群益金鼎-敦南,2023-04-18,9101
00720B,元大投資級公司債,18,0,18,群益金鼎-敦南,2023-04-18,9101
00900,富邦特選高股息30,20,2,18,群益金鼎-敦南,2023-04-18,9101
00772B,中信高評級公司債,17,0,17,群益金鼎-敦南,2023-04-18,9101
2331,精英,21,4,17,群益金鼎-敦南,2023-04-18,9101
6806,森崴能源,39,22,17,群益金鼎-敦南,2023-04-18,9101
3037,欣興,17,1,16,群益金鼎-敦南,2023-04-18,9101
1101,台泥,16,0,16,群益金鼎-敦南,2023-04-18,9101
1504,東元,24,8,16,群益金鼎-敦南,2023-04-18,9101
2641,正德,15,0,15,群益金鼎-敦南,2023-04-18,9101
8926,台汽電,20,6,14,群益金鼎-敦南,2023-04-18,9101
3169,亞信,14,1,13,群益金鼎-敦南,2023-04-18,9101
8033,雷虎,50,38,12,群益金鼎-敦南,2023-04-18,9101
2324,仁寶,11,0,11,群益金鼎-敦南,2023-04-18,9101
2208,台船,12,1,11,群益金鼎-敦南,2023-04-18,9101
2402,毅嘉,20,10,10,群益金鼎-敦南,2023-04-18,9101
00753L,中信中國50正2,10,0,10,群益金鼎-敦南,2023-04-18,9101
3622,洋華,10,0,10,群益金鼎-敦南,2023-04-18,9101
00891,中信關鍵半導體,10,0,10,群益金鼎-敦南,2023-04-18,9101
8227,巨有科技,11,1,10,群益金鼎-敦南,2023-04-18,9101
00773B,中信優先金融債,10,0,10,群益金鼎-敦南,2023-04-18,9101
00632R,元大台灣50反1,371,60,311,群益金鼎-敦南,2023-04-19,9101
6244,茂迪,291,15,276,群益金鼎-敦南,2023-04-19,9101
2471,資通,157,12,145,群益金鼎-敦南,2023-04-19,9101
2344,華邦電,82,1,81,群益金鼎-敦南,2023-04-19,9101
2498,宏達電,61,3,58,群益金鼎-敦南,2023-04-19,9101
5009,榮剛,99,66,33,群益金鼎-敦南,2023-04-19,9101
00664R,國泰臺灣加權反1,30,0,30,群益金鼎-敦南,2023-04-19,9101
3479,安勤,40,12,28,群益金鼎-敦南,2023-04-19,9101
4971,IET-KY,27,3,24,群益金鼎-敦南,2023-04-19,9101
2457,飛宏,78,56,22,群益金鼎-敦南,2023-04-19,9101
00712,復華富時不動產,21,0,21,群益金鼎-敦南,2023-04-19,9101
2495,普安,48,27,21,群益金鼎-敦南,2023-04-19,9101
2429,銘旺科,20,0,20,群益金鼎-敦南,2023-04-19,9101
8155,博智,25,5,20,群益金鼎-敦南,2023-04-19,9101
6015,宏遠證,20,0,20,群益金鼎-敦南,2023-04-19,9101
3673,TPK-KY,58,39,19,群益金鼎-敦南,2023-04-19,9101
2484,希華,17,0,17,群益金鼎-敦南,2023-04-19,9101
00878,國泰永續高股息,22,7,15,群益金鼎-敦南,2023-04-19,9101
6443,元晶,55,40,15,群益金鼎-敦南,2023-04-19,9101
1528,恩德,17,2,15,群益金鼎-敦南,2023-04-19,9101
00679B,元大美債20年,15,0,15,群益金鼎-敦南,2023-04-19,9101
2330,台積電,16,1,15,群益金鼎-敦南,2023-04-19,9101
2313,華通,14,0,14,群益金鼎-敦南,2023-04-19,9101
2882,國泰金,13,0,13,群益金鼎-敦南,2023-04-19,9101
00680L,元大美債20正2,13,0,13,群益金鼎-敦南,2023-04-19,9101
2329,華泰,14,1,13,群益金鼎-敦南,2023-04-19,9101
2324,仁寶,40,27,13,群益金鼎-敦南,2023-04-19,9101
3704,合勤控,71,58,13,群益金鼎-敦南,2023-04-19,9101
2201,裕隆,38,25,13,群益金鼎-敦南,2023-04-19,9101
00637L,元大滬深300正2,12,0,12,群益金鼎-敦南,2023-04-19,9101
8426,紅木-KY,12,0,12,群益金鼎-敦南,2023-04-19,9101
5452,佶優,12,0,12,群益金鼎-敦南,2023-04-19,9101
8478,東哥遊艇,15,3,12,群益金鼎-敦南,2023-04-19,9101
0050,元大台灣50,11,0,11,群益金鼎-敦南,2023-04-19,9101
1513,中興電,16,5,11,群益金鼎-敦南,2023-04-19,9101
6129,普誠,19,8,11,群益金鼎-敦南,2023-04-19,9101
2515,中工,26,15,11,群益金鼎-敦南,2023-04-19,9101
2356,英業達,11,0,11,群益金鼎-敦南,2023-04-19,9101
6488,環球晶,10,0,10,群益金鼎-敦南,2023-04-19,9101
1589,永冠-KY,11,1,10,群益金鼎-敦南,2023-04-19,9101
5209,新鼎,12,2,10,群益金鼎-敦南,2023-04-19,9101
2105,正新,10,0,10,群益金鼎-敦南,2023-04-19,9101
3011,今皓,10,0,10,群益金鼎-敦南,2023-04-19,9101
3702,大聯大,10,0,10,群益金鼎-敦南,2023-04-19,9101
1108,幸福,10,0,10,群益金鼎-敦南,2023-04-19,9101
00900,富邦特選高股息30,10,0,10,群益金鼎-敦南,2023-04-19,9101
2547,日勝生,10,0,10,群益金鼎-敦南,2023-04-19,9101
2337,旺宏,10,0,10,群益金鼎-敦南,2023-04-19,9101
6446,藥華藥,11,1,10,群益金鼎-敦南,2023-04-19,9101
2231,為升,12,2,10,群益金鼎-敦南,2023-04-19,9101
00632R,元大台灣50反1,684,156,528,群益金鼎-敦南,2023-04-20,9101
6282,康舒,374,161,213,群益金鼎-敦南,2023-04-20,9101
4167,松瑞藥,100,1,99,群益金鼎-敦南,2023-04-20,9101
9958,世紀鋼,80,3,77,群益金鼎-敦南,2023-04-20,9101
4550,長佳,71,0,71,群益金鼎-敦南,2023-04-20,9101
6548,長科*,67,0,67,群益金鼎-敦南,2023-04-20,9101
1907,永豐餘,58,1,57,群益金鼎-敦南,2023-04-20,9101
00680L,元大美債20正2,54,0,54,群益金鼎-敦南,2023-04-20,9101
1314,中石化,52,1,51,群益金鼎-敦南,2023-04-20,9101
2313,華通,50,0,50,群益金鼎-敦南,2023-04-20,9101
00923,群益台ESG低碳50,40,0,40,群益金鼎-敦南,2023-04-20,9101
2201,裕隆,73,36,37,群益金鼎-敦南,2023-04-20,9101
2913,農林,36,0,36,群益金鼎-敦南,2023-04-20,9101
00637L,元大滬深300正2,32,0,32,群益金鼎-敦南,2023-04-20,9101
2495,普安,31,1,30,群益金鼎-敦南,2023-04-20,9101
3217,優群,31,1,30,群益金鼎-敦南,2023-04-20,9101
3701,大眾控,26,0,26,群益金鼎-敦南,2023-04-20,9101
1513,中興電,29,5,24,群益金鼎-敦南,2023-04-20,9101
4971,IET-KY,24,0,24,群益金鼎-敦南,2023-04-20,9101
00720B,元大投資級公司債,24,0,24,群益金鼎-敦南,2023-04-20,9101
3522,御嵿,20,0,20,群益金鼎-敦南,2023-04-20,9101
3576,聯合再生,20,0,20,群益金鼎-敦南,2023-04-20,9101
1760,寶齡富錦,55,36,19,群益金鼎-敦南,2023-04-20,9101
0056,元大高股息,18,0,18,群益金鼎-敦南,2023-04-20,9101
2303,聯電,20,3,17,群益金鼎-敦南,2023-04-20,9101
00740B,富邦全球投等債,17,0,17,群益金鼎-敦南,2023-04-20,9101
1710,東聯,52,36,16,群益金鼎-敦南,2023-04-20,9101
6160,欣技,60,45,15,群益金鼎-敦南,2023-04-20,9101
6679,鈺太,16,1,15,群益金鼎-敦南,2023-04-20,9101
3322,建舜電,20,5,15,群益金鼎-敦南,2023-04-20,9101
1909,榮成,61,46,15,群益金鼎-敦南,2023-04-20,9101
4934,太極,14,0,14,群益金鼎-敦南,2023-04-20,9101
1409,新纖,13,0,13,群益金鼎-敦南,2023-04-20,9101
2324,仁寶,13,0,13,群益金鼎-敦南,2023-04-20,9101
8358,金居,14,1,13,群益金鼎-敦南,2023-04-20,9101
2634,漢翔,23,11,12,群益金鼎-敦南,2023-04-20,9101
4114,健喬,30,18,12,群益金鼎-敦南,2023-04-20,9101
1524,耿鼎,12,0,12,群益金鼎-敦南,2023-04-20,9101
00679B,元大美債20年,11,0,11,群益金鼎-敦南,2023-04-20,9101
2409,友達,11,0,11,群益金鼎-敦南,2023-04-20,9101
6470,宇智,12,1,11,群益金鼎-敦南,2023-04-20,9101
1326,台化,10,0,10,群益金鼎-敦南,2023-04-20,9101
00635U,期元大S＆P黃金,10,0,10,群益金鼎-敦南,2023-04-20,9101
1268,漢來美食,10,0,10,群益金鼎-敦南,2023-04-20,9101
4951,精拓科,10,0,10,群益金鼎-敦南,2023-04-20,9101
2399,映泰,10,0,10,群益金鼎-敦南,2023-04-20,9101
2438,翔耀,10,0,10,群益金鼎-敦南,2023-04-20,9101
00741B,富邦全球非投等債,10,0,10,群益金鼎-敦南,2023-04-20,9101
3092,鴻碩,11,1,10,群益金鼎-敦南,2023-04-20,9101
6245,立端,10,1,9,群益金鼎-敦南,2023-04-20,9101
3032,偉訓,202,6,196,群益金鼎-敦南,2023-04-21,9101
6160,欣技,66,1,65,群益金鼎-敦南,2023-04-21,9101
8940,新天地,44,0,44,群益金鼎-敦南,2023-04-21,9101
6180,橘子,31,0,31,群益金鼎-敦南,2023-04-21,9101
1760,寶齡富錦,43,13,30,群益金鼎-敦南,2023-04-21,9101
1611,中電,90,61,29,群益金鼎-敦南,2023-04-21,9101
3058,立德,29,6,23,群益金鼎-敦南,2023-04-21,9101
9958,世紀鋼,25,2,23,群益金鼎-敦南,2023-04-21,9101
1701,中化,20,0,20,群益金鼎-敦南,2023-04-21,9101
6288,聯嘉,30,10,20,群益金鼎-敦南,2023-04-21,9101
3308,聯德,19,0,19,群益金鼎-敦南,2023-04-21,9101
1711,永光,24,6,18,群益金鼎-敦南,2023-04-21,9101
00878,國泰永續高股息,20,3,17,群益金鼎-敦南,2023-04-21,9101
6290,良維,22,5,17,群益金鼎-敦南,2023-04-21,9101
6538,倉和,23,7,16,群益金鼎-敦南,2023-04-21,9101
3290,東浦,18,2,16,群益金鼎-敦南,2023-04-21,9101
6733,博晟生醫,48,32,16,群益金鼎-敦南,2023-04-21,9101
3231,緯創,30,14,16,群益金鼎-敦南,2023-04-21,9101
0056,元大高股息,18,3,15,群益金鼎-敦南,2023-04-21,9101
1310,台苯,15,0,15,群益金鼎-敦南,2023-04-21,9101
2888,新光金,15,0,15,群益金鼎-敦南,2023-04-21,9101
00632R,元大台灣50反1,236,222,14,群益金鼎-敦南,2023-04-21,9101
00720B,元大投資級公司債,14,0,14,群益金鼎-敦南,2023-04-21,9101
6016,康和證,14,0,14,群益金鼎-敦南,2023-04-21,9101
2204,中華,46,32,14,群益金鼎-敦南,2023-04-21,9101
5425,台半,22,9,13,群益金鼎-敦南,2023-04-21,9101
4572,駐龍,13,0,13,群益金鼎-敦南,2023-04-21,9101
1321,大洋,13,0,13,群益金鼎-敦南,2023-04-21,9101
2457,飛宏,99,86,13,群益金鼎-敦南,2023-04-21,9101
2303,聯電,13,0,13,群益金鼎-敦南,2023-04-21,9101
3090,日電貿,12,0,12,群益金鼎-敦南,2023-04-21,9101
6531,愛普*,14,2,12,群益金鼎-敦南,2023-04-21,9101
3481,群創,28,16,12,群益金鼎-敦南,2023-04-21,9101
1513,中興電,28,16,12,群益金鼎-敦南,2023-04-21,9101
2498,宏達電,14,3,11,群益金鼎-敦南,2023-04-21,9101
2313,華通,11,0,11,群益金鼎-敦南,2023-04-21,9101
3710,連展投控,11,0,11,群益金鼎-敦南,2023-04-21,9101
6605,帝寶,11,0,11,群益金鼎-敦南,2023-04-21,9101
3024,憶聲,12,2,10,群益金鼎-敦南,2023-04-21,9101
6015,宏遠證,10,0,10,群益金鼎-敦南,2023-04-21,9101
2545,皇翔,10,0,10,群益金鼎-敦南,2023-04-21,9101
5225,東科-KY,10,0,10,群益金鼎-敦南,2023-04-21,9101
6163,華電網,41,31,10,群益金鼎-敦南,2023-04-21,9101
2834,臺企銀,10,1,9,群益金鼎-敦南,2023-04-21,9101
6741,91APP*-KY,14,5,9,群益金鼎-敦南,2023-04-21,9101
1904,正隆,73,64,9,群益金鼎-敦南,2023-04-21,9101
00923,群益台ESG低碳50,16,8,8,群益金鼎-敦南,2023-04-21,9101
3042,晶技,8,0,8,群益金鼎-敦南,2023-04-21,9101
8499,鼎炫-KY,8,0,8,群益金鼎-敦南,2023-04-21,9101
4164,承業醫,10,2,8,群益金鼎-敦南,2023-04-21,9101
00632R,元大台灣50反1,1133,1,1132,群益金鼎-敦南,2023-04-24,9101
00712,復華富時不動產,153,10,143,群益金鼎-敦南,2023-04-24,9101
1905,華紙,117,13,104,群益金鼎-敦南,2023-04-24,9101
9958,世紀鋼,66,1,65,群益金鼎-敦南,2023-04-24,9101
4566,時碩工業,64,6,58,群益金鼎-敦南,2023-04-24,9101
5009,榮剛,110,67,43,群益金鼎-敦南,2023-04-24,9101
00635U,期元大S＆P黃金,40,0,40,群益金鼎-敦南,2023-04-24,9101
1711,永光,93,54,39,群益金鼎-敦南,2023-04-24,9101
4960,誠美材,40,2,38,群益金鼎-敦南,2023-04-24,9101
6282,康舒,72,34,38,群益金鼎-敦南,2023-04-24,9101
2913,農林,108,70,38,群益金鼎-敦南,2023-04-24,9101
1101,台泥,74,40,34,群益金鼎-敦南,2023-04-24,9101
4513,福裕,34,2,32,群益金鼎-敦南,2023-04-24,9101
4541,晟田,30,1,29,群益金鼎-敦南,2023-04-24,9101
1312,國喬,26,0,26,群益金鼎-敦南,2023-04-24,9101
2515,中工,27,2,25,群益金鼎-敦南,2023-04-24,9101
3027,盛達,21,0,21,群益金鼎-敦南,2023-04-24,9101
00680L,元大美債20正2,18,0,18,群益金鼎-敦南,2023-04-24,9101
5211,蒙恬,21,8,13,群益金鼎-敦南,2023-04-24,9101
3537,堡達,13,0,13,群益金鼎-敦南,2023-04-24,9101
5425,台半,18,5,13,群益金鼎-敦南,2023-04-24,9101
1108,幸福,12,0,12,群益金鼎-敦南,2023-04-24,9101
00683L,期元大美元指正2,12,0,12,群益金鼎-敦南,2023-04-24,9101
00642U,期元大S＆P石油,12,0,12,群益金鼎-敦南,2023-04-24,9101
3322,建舜電,12,0,12,群益金鼎-敦南,2023-04-24,9101
2204,中華,13,2,11,群益金鼎-敦南,2023-04-24,9101
1310,台苯,22,12,10,群益金鼎-敦南,2023-04-24,9101
3217,優群,10,0,10,群益金鼎-敦南,2023-04-24,9101
00902,中信電池及儲能,9,0,9,群益金鼎-敦南,2023-04-24,9101
2303,聯電,11,2,9,群益金鼎-敦南,2023-04-24,9101
9907,統一實,10,1,9,群益金鼎-敦南,2023-04-24,9101
3481,群創,12,3,9,群益金鼎-敦南,2023-04-24,9101
2637,慧洋-KY,9,0,9,群益金鼎-敦南,2023-04-24,9101
8091,翔名,11,2,9,群益金鼎-敦南,2023-04-24,9101
2409,友達,8,0,8,群益金鼎-敦南,2023-04-24,9101
2313,華通,10,2,8,群益金鼎-敦南,2023-04-24,9101
6576,逸達,8,0,8,群益金鼎-敦南,2023-04-24,9101
2337,旺宏,7,0,7,群益金鼎-敦南,2023-04-24,9101
2458,義隆,7,0,7,群益金鼎-敦南,2023-04-24,9101
1504,東元,11,4,7,群益金鼎-敦南,2023-04-24,9101
2504,國產,7,0,7,群益金鼎-敦南,2023-04-24,9101
2498,宏達電,10,3,7,群益金鼎-敦南,2023-04-24,9101
6234,高僑,15,8,7,群益金鼎-敦南,2023-04-24,9101
3628,盈正,6,0,6,群益金鼎-敦南,2023-04-24,9101
2023,燁輝,7,1,6,群益金鼎-敦南,2023-04-24,9101
2436,偉詮電,6,0,6,群益金鼎-敦南,2023-04-24,9101
8442,威宏-KY,6,0,6,群益金鼎-敦南,2023-04-24,9101
6472,保瑞,27,21,6,群益金鼎-敦南,2023-04-24,9101
2723,美食-KY,9,3,6,群益金鼎-敦南,2023-04-24,9101
2330,台積電,6,1,5,群益金鼎-敦南,2023-04-24,9101
6806,森崴能源,147,22,125,群益金鼎-敦南,2023-04-25,9101
4960,誠美材,90,0,90,群益金鼎-敦南,2023-04-25,9101
2034,允強,60,0,60,群益金鼎-敦南,2023-04-25,9101
6733,博晟生醫,49,0,49,群益金鼎-敦南,2023-04-25,9101
00923,群益台ESG低碳50,34,0,34,群益金鼎-敦南,2023-04-25,9101
00902,中信電池及儲能,32,0,32,群益金鼎-敦南,2023-04-25,9101
2388,威盛,35,5,30,群益金鼎-敦南,2023-04-25,9101
2409,友達,33,5,28,群益金鼎-敦南,2023-04-25,9101
2610,華航,58,30,28,群益金鼎-敦南,2023-04-25,9101
2303,聯電,24,0,24,群益金鼎-敦南,2023-04-25,9101
00752,中信中國50,22,0,22,群益金鼎-敦南,2023-04-25,9101
00651R,復華香港反1,20,0,20,群益金鼎-敦南,2023-04-25,9101
00679B,元大美債20年,20,0,20,群益金鼎-敦南,2023-04-25,9101
00712,復華富時不動產,17,0,17,群益金鼎-敦南,2023-04-25,9101
1101,台泥,33,16,17,群益金鼎-敦南,2023-04-25,9101
0056,元大高股息,38,22,16,群益金鼎-敦南,2023-04-25,9101
5704,老爺知,16,0,16,群益金鼎-敦南,2023-04-25,9101
2618,長榮航,17,2,15,群益金鼎-敦南,2023-04-25,9101
2888,新光金,14,0,14,群益金鼎-敦南,2023-04-25,9101
1513,中興電,20,6,14,群益金鼎-敦南,2023-04-25,9101
6756,威鋒電子,14,0,14,群益金鼎-敦南,2023-04-25,9101
6719,力智,20,7,13,群益金鼎-敦南,2023-04-25,9101
6625,必應,24,12,12,群益金鼎-敦南,2023-04-25,9101
2023,燁輝,12,0,12,群益金鼎-敦南,2023-04-25,9101
00713,元大台灣高息低波,12,0,12,群益金鼎-敦南,2023-04-25,9101
2330,台積電,17,5,12,群益金鼎-敦南,2023-04-25,9101
2337,旺宏,11,0,11,群益金鼎-敦南,2023-04-25,9101
4106,雃博,11,0,11,群益金鼎-敦南,2023-04-25,9101
9945,潤泰新,11,0,11,群益金鼎-敦南,2023-04-25,9101
2889,國票金,10,0,10,群益金鼎-敦南,2023-04-25,9101
00891,中信關鍵半導體,11,1,10,群益金鼎-敦南,2023-04-25,9101
1605,華新,12,2,10,群益金鼎-敦南,2023-04-25,9101
2014,中鴻,12,2,10,群益金鼎-敦南,2023-04-25,9101
2429,銘旺科,10,0,10,群益金鼎-敦南,2023-04-25,9101
3217,優群,10,0,10,群益金鼎-敦南,2023-04-25,9101
00900,富邦特選高股息30,10,0,10,群益金鼎-敦南,2023-04-25,9101
8183,精星,10,0,10,群益金鼎-敦南,2023-04-25,9101
2338,光罩,11,1,10,群益金鼎-敦南,2023-04-25,9101
3027,盛達,12,3,9,群益金鼎-敦南,2023-04-25,9101
00888,永豐台灣ESG,9,0,9,群益金鼎-敦南,2023-04-25,9101
2344,華邦電,9,0,9,群益金鼎-敦南,2023-04-25,9101
2457,飛宏,110,101,9,群益金鼎-敦南,2023-04-25,9101
3071,協禧,35,26,9,群益金鼎-敦南,2023-04-25,9101
6235,華孚,10,2,8,群益金鼎-敦南,2023-04-25,9101
6143,振曜,9,1,8,群益金鼎-敦南,2023-04-25,9101
6752,叡揚,15,7,8,群益金鼎-敦南,2023-04-25,9101
3017,奇鋐,10,2,8,群益金鼎-敦南,2023-04-25,9101
1783,和康生,8,0,8,群益金鼎-敦南,2023-04-25,9101
8927,北基,9,1,8,群益金鼎-敦南,2023-04-25,9101
1519,華城,84,76,8,群益金鼎-敦南,2023-04-25,9101
6148,驊宏資,431,24,407,群益金鼎-敦南,2023-04-26,9101
4960,誠美材,95,0,95,群益金鼎-敦南,2023-04-26,9101
1529,樂事綠能,85,0,85,群益金鼎-敦南,2023-04-26,9101
1795,美時,112,29,83,群益金鼎-敦南,2023-04-26,9101
00632R,元大台灣50反1,237,159,78,群益金鼎-敦南,2023-04-26,9101
00679B,元大美債20年,39,4,35,群益金鼎-敦南,2023-04-26,9101
1460,宏遠,30,0,30,群益金鼎-敦南,2023-04-26,9101
1471,首利,35,9,26,群益金鼎-敦南,2023-04-26,9101
2610,華航,25,0,25,群益金鼎-敦南,2023-04-26,9101
1717,長興,23,0,23,群益金鼎-敦南,2023-04-26,9101
3682,亞太電,22,0,22,群益金鼎-敦南,2023-04-26,9101
3701,大眾控,21,0,21,群益金鼎-敦南,2023-04-26,9101
6122,擎邦,20,0,20,群益金鼎-敦南,2023-04-26,9101
00713,元大台灣高息低波,17,0,17,群益金鼎-敦南,2023-04-26,9101
2206,三陽工業,44,28,16,群益金鼎-敦南,2023-04-26,9101
0050,元大台灣50,15,0,15,群益金鼎-敦南,2023-04-26,9101
8426,紅木-KY,22,7,15,群益金鼎-敦南,2023-04-26,9101
2905,三商,15,0,15,群益金鼎-敦南,2023-04-26,9101
2630,亞航,13,0,13,群益金鼎-敦南,2023-04-26,9101
2609,陽明,17,5,12,群益金鼎-敦南,2023-04-26,9101
2402,毅嘉,12,0,12,群益金鼎-敦南,2023-04-26,9101
3308,聯德,11,0,11,群益金鼎-敦南,2023-04-26,9101
6517,保勝光學,16,5,11,群益金鼎-敦南,2023-04-26,9101
2913,農林,23,12,11,群益金鼎-敦南,2023-04-26,9101
2618,長榮航,14,3,11,群益金鼎-敦南,2023-04-26,9101
8279,生展,10,0,10,群益金鼎-敦南,2023-04-26,9101
00715L,期街口布蘭特正2,10,0,10,群益金鼎-敦南,2023-04-26,9101
2371,大同,10,0,10,群益金鼎-敦南,2023-04-26,9101
3289,宜特,10,1,9,群益金鼎-敦南,2023-04-26,9101
6477,安集,15,6,9,群益金鼎-敦南,2023-04-26,9101
5309,系統電,11,2,9,群益金鼎-敦南,2023-04-26,9101
0056,元大高股息,14,5,9,群益金鼎-敦南,2023-04-26,9101
2303,聯電,18,10,8,群益金鼎-敦南,2023-04-26,9101
00683L,期元大美元指正2,8,0,8,群益金鼎-敦南,2023-04-26,9101
8081,致新,9,1,8,群益金鼎-敦南,2023-04-26,9101
1709,和益,13,5,8,群益金鼎-敦南,2023-04-26,9101
3481,群創,14,6,8,群益金鼎-敦南,2023-04-26,9101
00900,富邦特選高股息30,8,0,8,群益金鼎-敦南,2023-04-26,9101
6874,倍力,21,14,7,群益金鼎-敦南,2023-04-26,9101
2888,新光金,7,0,7,群益金鼎-敦南,2023-04-26,9101
00751B,元大AAA至A公司債,7,0,7,群益金鼎-敦南,2023-04-26,9101
1710,東聯,9,2,7,群益金鼎-敦南,2023-04-26,9101
2603,長榮,14,8,6,群益金鼎-敦南,2023-04-26,9101
2023,燁輝,6,0,6,群益金鼎-敦南,2023-04-26,9101
3521,鴻翊,7,1,6,群益金鼎-敦南,2023-04-26,9101
2457,飛宏,88,82,6,群益金鼎-敦南,2023-04-26,9101
1503,士電,20,15,5,群益金鼎-敦南,2023-04-26,9101
3416,融程電,5,0,5,群益金鼎-敦南,2023-04-26,9101
2736,富野,5,0,5,群益金鼎-敦南,2023-04-26,9101
3324,雙鴻,5,0,5,群益金鼎-敦南,2023-04-26,9101
6160,欣技,184,59,125,群益金鼎-敦南,2023-04-27,9101
1795,美時,126,8,118,群益金鼎-敦南,2023-04-27,9101
2610,華航,71,7,64,群益金鼎-敦南,2023-04-27,9101
2801,彰銀,63,0,63,群益金鼎-敦南,2023-04-27,9101
00772B,中信高評級公司債,52,0,52,群益金鼎-敦南,2023-04-27,9101
2204,中華,54,2,52,群益金鼎-敦南,2023-04-27,9101
1710,東聯,140,90,50,群益金鼎-敦南,2023-04-27,9101
3078,僑威,74,25,49,群益金鼎-敦南,2023-04-27,9101
4960,誠美材,40,0,40,群益金鼎-敦南,2023-04-27,9101
2002,中鋼,39,2,37,群益金鼎-敦南,2023-04-27,9101
2630,亞航,37,0,37,群益金鼎-敦南,2023-04-27,9101
4566,時碩工業,46,9,37,群益金鼎-敦南,2023-04-27,9101
00712,復華富時不動產,38,3,35,群益金鼎-敦南,2023-04-27,9101
2603,長榮,40,11,29,群益金鼎-敦南,2023-04-27,9101
1584,精剛,29,0,29,群益金鼎-敦南,2023-04-27,9101
00679B,元大美債20年,24,0,24,群益金鼎-敦南,2023-04-27,9101
00878,國泰永續高股息,22,0,22,群益金鼎-敦南,2023-04-27,9101
2303,聯電,29,9,20,群益金鼎-敦南,2023-04-27,9101
2618,長榮航,30,12,18,群益金鼎-敦南,2023-04-27,9101
2542,興富發,15,0,15,群益金鼎-敦南,2023-04-27,9101
3704,合勤控,14,0,14,群益金鼎-敦南,2023-04-27,9101
2609,陽明,19,5,14,群益金鼎-敦南,2023-04-27,9101
2317,鴻海,13,0,13,群益金鼎-敦南,2023-04-27,9101
4513,福裕,13,0,13,群益金鼎-敦南,2023-04-27,9101
2888,新光金,15,2,13,群益金鼎-敦南,2023-04-27,9101
4908,前鼎,20,8,12,群益金鼎-敦南,2023-04-27,9101
2495,普安,21,10,11,群益金鼎-敦南,2023-04-27,9101
3682,亞太電,11,0,11,群益金鼎-敦南,2023-04-27,9101
3231,緯創,19,9,10,群益金鼎-敦南,2023-04-27,9101
6625,必應,19,9,10,群益金鼎-敦南,2023-04-27,9101
3265,台星科,14,4,10,群益金鼎-敦南,2023-04-27,9101
1101,台泥,38,28,10,群益金鼎-敦南,2023-04-27,9101
3481,群創,9,0,9,群益金鼎-敦南,2023-04-27,9101
2330,台積電,9,0,9,群益金鼎-敦南,2023-04-27,9101
1605,華新,11,2,9,群益金鼎-敦南,2023-04-27,9101
1810,和成,12,4,8,群益金鼎-敦南,2023-04-27,9101
3037,欣興,10,2,8,群益金鼎-敦南,2023-04-27,9101
9933,中鼎,10,2,8,群益金鼎-敦南,2023-04-27,9101
6829,千附精密,24,16,8,群益金鼎-敦南,2023-04-27,9101
2634,漢翔,88,81,7,群益金鼎-敦南,2023-04-27,9101
4123,晟德,7,0,7,群益金鼎-敦南,2023-04-27,9101
00715L,期街口布蘭特正2,7,0,7,群益金鼎-敦南,2023-04-27,9101
6733,博晟生醫,7,0,7,群益金鼎-敦南,2023-04-27,9101
3363,上詮,29,22,7,群益金鼎-敦南,2023-04-27,9101
2402,毅嘉,11,4,7,群益金鼎-敦南,2023-04-27,9101
2344,華邦電,14,8,6,群益金鼎-敦南,2023-04-27,9101
1905,華紙,37,31,6,群益金鼎-敦南,2023-04-27,9101
1504,東元,21,15,6,群益金鼎-敦南,2023-04-27,9101
00756B,群益投等新興公債,6,0,6,群益金鼎-敦南,2023-04-27,9101
3479,安勤,12,6,6,群益金鼎-敦南,2023-04-27,9101
00632R,元大台灣50反1,172,10,162,群益金鼎-敦南,2023-04-28,9101
2337,旺宏,97,0,97,群益金鼎-敦南,2023-04-28,9101
3058,立德,110,17,93,群益金鼎-敦南,2023-04-28,9101
3704,合勤控,96,33,63,群益金鼎-敦南,2023-04-28,9101
2330,台積電,60,4,56,群益金鼎-敦南,2023-04-28,9101
2353,宏��,40,3,37,群益金鼎-敦南,2023-04-28,9101
2801,彰銀,37,1,36,群益金鼎-敦南,2023-04-28,9101
8091,翔名,36,1,35,群益金鼎-敦南,2023-04-28,9101
4746,台耀,39,5,34,群益金鼎-敦南,2023-04-28,9101
6160,欣技,27,0,27,群益金鼎-敦南,2023-04-28,9101
00653L,富邦印度正2,27,0,27,群益金鼎-敦南,2023-04-28,9101
2344,華邦電,36,12,24,群益金鼎-敦南,2023-04-28,9101
1905,華紙,95,72,23,群益金鼎-敦南,2023-04-28,9101
1795,美時,27,4,23,群益金鼎-敦南,2023-04-28,9101
2609,陽明,29,7,22,群益金鼎-敦南,2023-04-28,9101
1752,南光,39,17,22,群益金鼎-敦南,2023-04-28,9101
1108,幸福,22,1,21,群益金鼎-敦南,2023-04-28,9101
00676R,富邦臺灣加權反1,20,0,20,群益金鼎-敦南,2023-04-28,9101
2362,藍天,20,0,20,群益金鼎-敦南,2023-04-28,9101
1701,中化,20,0,20,群益金鼎-敦南,2023-04-28,9101
2736,富野,20,0,20,群益金鼎-敦南,2023-04-28,9101
00679B,元大美債20年,20,2,18,群益金鼎-敦南,2023-04-28,9101
6215,和椿,18,0,18,群益金鼎-敦南,2023-04-28,9101
3481,群創,16,0,16,群益金鼎-敦南,2023-04-28,9101
3017,奇鋐,35,20,15,群益金鼎-敦南,2023-04-28,9101
8403,盛弘,14,1,13,群益金鼎-敦南,2023-04-28,9101
2022,聚亨,14,2,12,群益金鼎-敦南,2023-04-28,9101
1104,環泥,12,0,12,群益金鼎-敦南,2023-04-28,9101
00878,國泰永續高股息,12,0,12,群益金鼎-敦南,2023-04-28,9101
00670L,富邦NASDAQ正2,12,0,12,群益金鼎-敦南,2023-04-28,9101
4916,事欣科,16,5,11,群益金鼎-敦南,2023-04-28,9101
2388,威盛,33,22,11,群益金鼎-敦南,2023-04-28,9101
5425,台半,16,6,10,群益金鼎-敦南,2023-04-28,9101
6266,泰詠,10,0,10,群益金鼎-敦南,2023-04-28,9101
00896,中信綠能及電動車,10,0,10,群益金鼎-敦南,2023-04-28,9101
00687B,國泰20年美債,10,0,10,群益金鼎-敦南,2023-04-28,9101
9802,鈺齊-KY,10,0,10,群益金鼎-敦南,2023-04-28,9101
3090,日電貿,10,0,10,群益金鼎-敦南,2023-04-28,9101
3710,連展投控,10,0,10,群益金鼎-敦南,2023-04-28,9101
00631L,元大台灣50正2,9,0,9,群益金鼎-敦南,2023-04-28,9101
6179,亞通,8,0,8,群益金鼎-敦南,2023-04-28,9101
3450,聯鈞,8,0,8,群益金鼎-敦南,2023-04-28,9101
2492,華新科,10,2,8,群益金鼎-敦南,2023-04-28,9101
5703,亞都,8,0,8,群益金鼎-敦南,2023-04-28,9101
1504,東元,19,11,8,群益金鼎-敦南,2023-04-28,9101
2402,毅嘉,53,45,8,群益金鼎-敦南,2023-04-28,9101
8099,大世科,10,2,8,群益金鼎-敦南,2023-04-28,9101
1904,正隆,8,0,8,群益金鼎-敦南,2023-04-28,9101
1101,台泥,35,28,7,群益金鼎-敦南,2023-04-28,9101
00751B,元大AAA至A公司債,7,0,7,群益金鼎-敦南,2023-04-28,9101
2417,圓剛,1056,0,1056,群益金鼎-敦南,2023-05-02,9101
1795,美時,594,35,559,群益金鼎-敦南,2023-05-02,9101
5258,虹堡,269,0,269,群益金鼎-敦南,2023-05-02,9101
3058,立德,167,0,167,群益金鼎-敦南,2023-05-02,9101
00632R,元大台灣50反1,166,20,146,群益金鼎-敦南,2023-05-02,9101
2887,台新金,84,0,84,群益金鼎-敦南,2023-05-02,9101
00712,復華富時不動產,56,0,56,群益金鼎-敦南,2023-05-02,9101
1905,華紙,124,71,53,群益金鼎-敦南,2023-05-02,9101
00651R,復華香港反1,50,0,50,群益金鼎-敦南,2023-05-02,9101
6741,91APP*-KY,60,15,45,群益金鼎-敦南,2023-05-02,9101
2206,三陽工業,57,20,37,群益金鼎-敦南,2023-05-02,9101
00751B,元大AAA至A公司債,34,0,34,群益金鼎-敦南,2023-05-02,9101
4960,誠美材,30,0,30,群益金鼎-敦南,2023-05-02,9101
2402,毅嘉,28,0,28,群益金鼎-敦南,2023-05-02,9101
1101,台泥,48,22,26,群益金鼎-敦南,2023-05-02,9101
8215,明基材,25,0,25,群益金鼎-敦南,2023-05-02,9101
00772B,中信高評級公司債,24,0,24,群益金鼎-敦南,2023-05-02,9101
2362,藍天,28,5,23,群益金鼎-敦南,2023-05-02,9101
00679B,元大美債20年,31,10,21,群益金鼎-敦南,2023-05-02,9101
2344,華邦電,36,15,21,群益金鼎-敦南,2023-05-02,9101
2609,陽明,30,10,20,群益金鼎-敦南,2023-05-02,9101
2442,新美齊,20,0,20,群益金鼎-敦南,2023-05-02,9101
1417,嘉裕,29,10,19,群益金鼎-敦南,2023-05-02,9101
3005,神基,22,5,17,群益金鼎-敦南,2023-05-02,9101
2812,台中銀,18,2,16,群益金鼎-敦南,2023-05-02,9101
8050,廣積,16,0,16,群益金鼎-敦南,2023-05-02,9101
2634,漢翔,46,31,15,群益金鼎-敦南,2023-05-02,9101
8085,福華,13,0,13,群益金鼎-敦南,2023-05-02,9101
2457,飛宏,38,26,12,群益金鼎-敦南,2023-05-02,9101
5371,中光電,12,0,12,群益金鼎-敦南,2023-05-02,9101
3029,零壹,82,72,10,群益金鼎-敦南,2023-05-02,9101
2498,宏達電,10,0,10,群益金鼎-敦南,2023-05-02,9101
4903,聯光通,10,0,10,群益金鼎-敦南,2023-05-02,9101
9958,世紀鋼,10,0,10,群益金鼎-敦南,2023-05-02,9101
2408,南亞科,10,0,10,群益金鼎-敦南,2023-05-02,9101
2314,台揚,10,0,10,群益金鼎-敦南,2023-05-02,9101
2883B,凱基金乙特,10,0,10,群益金鼎-敦南,2023-05-02,9101
8121,越峰,14,4,10,群益金鼎-敦南,2023-05-02,9101
00664R,國泰臺灣加權反1,10,0,10,群益金鼎-敦南,2023-05-02,9101
1514,亞力,19,9,10,群益金鼎-敦南,2023-05-02,9101
3380,明泰,9,0,9,群益金鼎-敦南,2023-05-02,9101
4121,優盛,92,83,9,群益金鼎-敦南,2023-05-02,9101
3189,景碩,15,6,9,群益金鼎-敦南,2023-05-02,9101
1605,華新,13,4,9,群益金鼎-敦南,2023-05-02,9101
6282,康舒,19,11,8,群益金鼎-敦南,2023-05-02,9101
6143,振曜,9,1,8,群益金鼎-敦南,2023-05-02,9101
4572,駐龍,11,3,8,群益金鼎-敦南,2023-05-02,9101
9942,茂順,9,1,8,群益金鼎-敦南,2023-05-02,9101
2461,光群雷,8,0,8,群益金鼎-敦南,2023-05-02,9101
6418,詠昇,8,0,8,群益金鼎-敦南,2023-05-02,9101
1904,正隆,415,6,409,群益金鼎-敦南,2023-05-03,9101
2801,彰銀,97,0,97,群益金鼎-敦南,2023-05-03,9101
00878,國泰永續高股息,104,10,94,群益金鼎-敦南,2023-05-03,9101
2457,飛宏,189,96,93,群益金鼎-敦南,2023-05-03,9101
6160,欣技,125,36,89,群益金鼎-敦南,2023-05-03,9101
1795,美時,94,9,85,群益金鼎-敦南,2023-05-03,9101
1101,台泥,71,1,70,群益金鼎-敦南,2023-05-03,9101
00773B,中信優先金融債,65,0,65,群益金鼎-敦南,2023-05-03,9101
3481,群創,70,10,60,群益金鼎-敦南,2023-05-03,9101
4114,健喬,51,2,49,群益金鼎-敦南,2023-05-03,9101
2344,華邦電,41,0,41,群益金鼎-敦南,2023-05-03,9101
3712,永崴投控,61,20,41,群益金鼎-敦南,2023-05-03,9101
5381,合正,34,0,34,群益金鼎-敦南,2023-05-03,9101
2201,裕隆,33,1,32,群益金鼎-敦南,2023-05-03,9101
3715,定穎投控,37,9,28,群益金鼎-敦南,2023-05-03,9101
4566,時碩工業,29,5,24,群益金鼎-敦南,2023-05-03,9101
6412,群電,23,0,23,群益金鼎-敦南,2023-05-03,9101
3380,明泰,22,0,22,群益金鼎-敦南,2023-05-03,9101
4903,聯光通,21,0,21,群益金鼎-敦南,2023-05-03,9101
2498,宏達電,23,3,20,群益金鼎-敦南,2023-05-03,9101
2362,藍天,20,0,20,群益金鼎-敦南,2023-05-03,9101
4960,誠美材,20,1,19,群益金鼎-敦南,2023-05-03,9101
8222,寶一,60,45,15,群益金鼎-敦南,2023-05-03,9101
2337,旺宏,15,0,15,群益金鼎-敦南,2023-05-03,9101
6234,高僑,37,22,15,群益金鼎-敦南,2023-05-03,9101
1514,亞力,27,13,14,群益金鼎-敦南,2023-05-03,9101
1752,南光,14,0,14,群益金鼎-敦南,2023-05-03,9101
1513,中興電,28,14,14,群益金鼎-敦南,2023-05-03,9101
6015,宏遠證,13,0,13,群益金鼎-敦南,2023-05-03,9101
2314,台揚,13,0,13,群益金鼎-敦南,2023-05-03,9101
1605,華新,15,3,12,群益金鼎-敦南,2023-05-03,9101
2376,技嘉,15,3,12,群益金鼎-敦南,2023-05-03,9101
00893,國泰智能電動車,11,0,11,群益金鼎-敦南,2023-05-03,9101
3029,零壹,24,13,11,群益金鼎-敦南,2023-05-03,9101
4108,懷特,12,1,11,群益金鼎-敦南,2023-05-03,9101
2421,建準,11,0,11,群益金鼎-敦南,2023-05-03,9101
4906,正文,15,4,11,群益金鼎-敦南,2023-05-03,9101
2603,長榮,47,37,10,群益金鼎-敦南,2023-05-03,9101
2409,友達,10,0,10,群益金鼎-敦南,2023-05-03,9101
3419,譁裕,40,30,10,群益金鼎-敦南,2023-05-03,9101
2061,風青,10,0,10,群益金鼎-敦南,2023-05-03,9101
8358,金居,10,0,10,群益金鼎-敦南,2023-05-03,9101
6578,達邦蛋白,10,0,10,群益金鼎-敦南,2023-05-03,9101
2442,新美齊,10,0,10,群益金鼎-敦南,2023-05-03,9101
00642U,期元大S＆P石油,10,0,10,群益金鼎-敦南,2023-05-03,9101
5876,上海商銀,10,0,10,群益金鼎-敦南,2023-05-03,9101
2605,新興,8,0,8,群益金鼎-敦南,2023-05-03,9101
1319,東陽,9,1,8,群益金鼎-敦南,2023-05-03,9101
1305,華夏,8,0,8,群益金鼎-敦南,2023-05-03,9101
2913,農林,23,15,8,群益金鼎-敦南,2023-05-03,9101
1101,台泥,103,12,91,群益金鼎-敦南,2023-05-04,9101
00642U,期元大S＆P石油,83,0,83,群益金鼎-敦南,2023-05-04,9101
3202,樺晟,55,1,54,群益金鼎-敦南,2023-05-04,9101
6214,精誠,46,0,46,群益金鼎-敦南,2023-05-04,9101
4960,誠美材,40,0,40,群益金鼎-敦南,2023-05-04,9101
00715L,期街口布蘭特正2,38,0,38,群益金鼎-敦南,2023-05-04,9101
00751B,元大AAA至A公司債,35,0,35,群益金鼎-敦南,2023-05-04,9101
6733,博晟生醫,35,2,33,群益金鼎-敦南,2023-05-04,9101
2615,萬海,32,1,31,群益金鼎-敦南,2023-05-04,9101
00680L,元大美債20正2,30,0,30,群益金鼎-敦南,2023-05-04,9101
00664R,國泰臺灣加權反1,30,0,30,群益金鼎-敦南,2023-05-04,9101
2206,三陽工業,59,32,27,群益金鼎-敦南,2023-05-04,9101
00878,國泰永續高股息,42,15,27,群益金鼎-敦南,2023-05-04,9101
1734,杏輝,29,2,27,群益金鼎-敦南,2023-05-04,9101
9917,中保科,25,0,25,群益金鼎-敦南,2023-05-04,9101
00720B,元大投資級公司債,25,0,25,群益金鼎-敦南,2023-05-04,9101
2609,陽明,26,3,23,群益金鼎-敦南,2023-05-04,9101
6122,擎邦,23,2,21,群益金鼎-敦南,2023-05-04,9101
00679B,元大美債20年,21,1,20,群益金鼎-敦南,2023-05-04,9101
00712,復華富時不動產,19,0,19,群益金鼎-敦南,2023-05-04,9101
6148,驊宏資,65,47,18,群益金鼎-敦南,2023-05-04,9101
2634,漢翔,44,26,18,群益金鼎-敦南,2023-05-04,9101
00888,永豐台灣ESG,17,0,17,群益金鼎-敦南,2023-05-04,9101
5009,榮剛,73,56,17,群益金鼎-敦南,2023-05-04,9101
5469,瀚宇博,16,0,16,群益金鼎-敦南,2023-05-04,9101
2358,廷鑫,16,0,16,群益金鼎-敦南,2023-05-04,9101
6005,群益證,15,0,15,群益金鼎-敦南,2023-05-04,9101
5403,中菲,17,3,14,群益金鼎-敦南,2023-05-04,9101
2023,燁輝,13,0,13,群益金鼎-敦南,2023-05-04,9101
2881,富邦金,13,0,13,群益金鼎-敦南,2023-05-04,9101
2388,威盛,24,12,12,群益金鼎-敦南,2023-05-04,9101
2201,裕隆,13,1,12,群益金鼎-敦南,2023-05-04,9101
2603,長榮,24,12,12,群益金鼎-敦南,2023-05-04,9101
1504,東元,23,12,11,群益金鼎-敦南,2023-05-04,9101
6186,新潤,11,0,11,群益金鼎-敦南,2023-05-04,9101
2809,京城銀,16,5,11,群益金鼎-敦南,2023-05-04,9101
6412,群電,10,0,10,群益金鼎-敦南,2023-05-04,9101
00632R,元大台灣50反1,80,70,10,群益金鼎-敦南,2023-05-04,9101
8099,大世科,10,0,10,群益金鼎-敦南,2023-05-04,9101
3346,麗清,10,0,10,群益金鼎-敦南,2023-05-04,9101
2105,正新,10,0,10,群益金鼎-敦南,2023-05-04,9101
8926,台汽電,25,15,10,群益金鼎-敦南,2023-05-04,9101
4916,事欣科,11,2,9,群益金鼎-敦南,2023-05-04,9101
9925,新保,9,0,9,群益金鼎-敦南,2023-05-04,9101
3362,先進光,10,1,9,群益金鼎-敦南,2023-05-04,9101
3078,僑威,28,19,9,群益金鼎-敦南,2023-05-04,9101
4111,濟生,8,0,8,群益金鼎-敦南,2023-05-04,9101
4121,優盛,22,14,8,群益金鼎-敦南,2023-05-04,9101
1591,駿吉-KY,8,0,8,群益金鼎-敦南,2023-05-04,9101
5351,鈺創,8,0,8,群益金鼎-敦南,2023-05-04,9101
00715L,期街口布蘭特正2,5173,53,5120,群益金鼎-敦南,2023-05-05,9101
6160,欣技,231,33,198,群益金鼎-敦南,2023-05-05,9101
3338,泰碩,193,2,191,群益金鼎-敦南,2023-05-05,9101
1795,美時,128,4,124,群益金鼎-敦南,2023-05-05,9101
5258,虹堡,121,1,120,群益金鼎-敦南,2023-05-05,9101
00878,國泰永續高股息,112,25,87,群益金鼎-敦南,2023-05-05,9101
00679B,元大美債20年,47,0,47,群益金鼎-敦南,2023-05-05,9101
8936,國統,47,2,45,群益金鼎-敦南,2023-05-05,9101
5356,協益,102,61,41,群益金鼎-敦南,2023-05-05,9101
1783,和康生,79,39,40,群益金鼎-敦南,2023-05-05,9101
9917,中保科,40,0,40,群益金鼎-敦南,2023-05-05,9101
2634,漢翔,85,48,37,群益金鼎-敦南,2023-05-05,9101
1786,科妍,39,3,36,群益金鼎-敦南,2023-05-05,9101
3576,聯合再生,41,7,34,群益金鼎-敦南,2023-05-05,9101
1727,中華化,29,0,29,群益金鼎-敦南,2023-05-05,9101
00751B,元大AAA至A公司債,27,0,27,群益金鼎-敦南,2023-05-05,9101
8403,盛弘,30,9,21,群益金鼎-敦南,2023-05-05,9101
4977,眾達-KY,21,2,19,群益金鼎-敦南,2023-05-05,9101
00712,復華富時不動產,17,0,17,群益金鼎-敦南,2023-05-05,9101
6741,91APP*-KY,25,9,16,群益金鼎-敦南,2023-05-05,9101
3419,譁裕,14,1,13,群益金鼎-敦南,2023-05-05,9101
2704,國賓,13,0,13,群益金鼎-敦南,2023-05-05,9101
5469,瀚宇博,20,7,13,群益金鼎-敦南,2023-05-05,9101
3704,合勤控,14,1,13,群益金鼎-敦南,2023-05-05,9101
6125,廣運,12,1,11,群益金鼎-敦南,2023-05-05,9101
2357,華碩,10,0,10,群益金鼎-敦南,2023-05-05,9101
3038,全台,10,0,10,群益金鼎-敦南,2023-05-05,9101
3380,明泰,13,3,10,群益金鼎-敦南,2023-05-05,9101
3705,永信,10,0,10,群益金鼎-敦南,2023-05-05,9101
3058,立德,10,0,10,群益金鼎-敦南,2023-05-05,9101
1776,展宇,10,0,10,群益金鼎-敦南,2023-05-05,9101
2337,旺宏,10,0,10,群益金鼎-敦南,2023-05-05,9101
2609,陽明,11,2,9,群益金鼎-敦南,2023-05-05,9101
4743,合一,16,7,9,群益金鼎-敦南,2023-05-05,9101
1608,華榮,9,0,9,群益金鼎-敦南,2023-05-05,9101
3324,雙鴻,21,13,8,群益金鼎-敦南,2023-05-05,9101
2031,新光鋼,8,0,8,群益金鼎-敦南,2023-05-05,9101
8183,精星,10,2,8,群益金鼎-敦南,2023-05-05,9101
00768B,復華20年美債,8,0,8,群益金鼎-敦南,2023-05-05,9101
6412,群電,8,0,8,群益金鼎-敦南,2023-05-05,9101
8222,寶一,17,10,7,群益金鼎-敦南,2023-05-05,9101
00894,中信小資高價30,7,0,7,群益金鼎-敦南,2023-05-05,9101
006208,富邦台50,7,0,7,群益金鼎-敦南,2023-05-05,9101
5321,美而快,17,10,7,群益金鼎-敦南,2023-05-05,9101
2408,南亞科,9,2,7,群益金鼎-敦南,2023-05-05,9101
4173,久裕,7,0,7,群益金鼎-敦南,2023-05-05,9101
2353,宏��,19,13,6,群益金鼎-敦南,2023-05-05,9101
6179,亞通,6,0,6,群益金鼎-敦南,2023-05-05,9101
8084,巨虹,6,0,6,群益金鼎-敦南,2023-05-05,9101
2457,飛宏,42,36,6,群益金鼎-敦南,2023-05-05,9101
1795,美時,293,16,277,群益金鼎-敦南,2023-05-08,9101
6806,森崴能源,112,10,102,群益金鼎-敦南,2023-05-08,9101
0056,元大高股息,100,0,100,群益金鼎-敦南,2023-05-08,9101
5258,虹堡,80,0,80,群益金鼎-敦南,2023-05-08,9101
1609,大亞,112,32,80,群益金鼎-敦南,2023-05-08,9101
5356,協益,98,29,69,群益金鼎-敦南,2023-05-08,9101
9933,中鼎,57,8,49,群益金鼎-敦南,2023-05-08,9101
00878,國泰永續高股息,54,8,46,群益金鼎-敦南,2023-05-08,9101
00637L,元大滬深300正2,51,8,43,群益金鼎-敦南,2023-05-08,9101
4744,皇將,72,31,41,群益金鼎-敦南,2023-05-08,9101
4906,正文,40,0,40,群益金鼎-敦南,2023-05-08,9101
9917,中保科,35,0,35,群益金鼎-敦南,2023-05-08,9101
00631L,元大台灣50正2,31,0,31,群益金鼎-敦南,2023-05-08,9101
3494,誠研,30,0,30,群益金鼎-敦南,2023-05-08,9101
1727,中華化,29,0,29,群益金鼎-敦南,2023-05-08,9101
4927,泰鼎-KY,29,0,29,群益金鼎-敦南,2023-05-08,9101
6167,久正,29,0,29,群益金鼎-敦南,2023-05-08,9101
1605,華新,35,7,28,群益金鼎-敦南,2023-05-08,9101
3289,宜特,28,0,28,群益金鼎-敦南,2023-05-08,9101
2362,藍天,28,0,28,群益金鼎-敦南,2023-05-08,9101
4903,聯光通,27,0,27,群益金鼎-敦南,2023-05-08,9101
9958,世紀鋼,21,1,20,群益金鼎-敦南,2023-05-08,9101
4541,晟田,58,38,20,群益金鼎-敦南,2023-05-08,9101
1309,台達化,20,0,20,群益金鼎-敦南,2023-05-08,9101
3518,柏騰,20,0,20,群益金鼎-敦南,2023-05-08,9101
2352,佳世達,27,9,18,群益金鼎-敦南,2023-05-08,9101
6770,力積電,22,5,17,群益金鼎-敦南,2023-05-08,9101
2929,淘帝-KY,15,0,15,群益金鼎-敦南,2023-05-08,9101
9910,豐泰,15,0,15,群益金鼎-敦南,2023-05-08,9101
00923,群益台ESG低碳50,15,0,15,群益金鼎-敦南,2023-05-08,9101
1513,中興電,37,23,14,群益金鼎-敦南,2023-05-08,9101
2609,陽明,14,0,14,群益金鼎-敦南,2023-05-08,9101
2330,台積電,15,2,13,群益金鼎-敦南,2023-05-08,9101
4746,台耀,13,1,12,群益金鼎-敦南,2023-05-08,9101
1529,樂事綠能,17,5,12,群益金鼎-敦南,2023-05-08,9101
2338,光罩,11,0,11,群益金鼎-敦南,2023-05-08,9101
6111,大宇資,16,5,11,群益金鼎-敦南,2023-05-08,9101
2457,飛宏,59,49,10,群益金鼎-敦南,2023-05-08,9101
8215,明基材,10,0,10,群益金鼎-敦南,2023-05-08,9101
3346,麗清,10,0,10,群益金鼎-敦南,2023-05-08,9101
3715,定穎投控,47,37,10,群益金鼎-敦南,2023-05-08,9101
3673,TPK-KY,10,0,10,群益金鼎-敦南,2023-05-08,9101
00642U,期元大S＆P石油,10,0,10,群益金鼎-敦南,2023-05-08,9101
1708,東鹼,10,0,10,群益金鼎-敦南,2023-05-08,9101
2359,所羅門,12,2,10,群益金鼎-敦南,2023-05-08,9101
8390,金益鼎,10,1,9,群益金鼎-敦南,2023-05-08,9101
6829,千附精密,9,0,9,群益金鼎-敦南,2023-05-08,9101
2913,農林,10,1,9,群益金鼎-敦南,2023-05-08,9101
00751B,元大AAA至A公司債,9,0,9,群益金鼎-敦南,2023-05-08,9101
3325,旭品,9,0,9,群益金鼎-敦南,2023-05-08,9101
1609,大亞,187,69,118,群益金鼎-敦南,2023-05-09,9101
5880,合庫金,108,0,108,群益金鼎-敦南,2023-05-09,9101
1519,華城,153,56,97,群益金鼎-敦南,2023-05-09,9101
1215,卜蜂,103,10,93,群益金鼎-敦南,2023-05-09,9101
912000,晨訊科-DR,55,0,55,群益金鼎-敦南,2023-05-09,9101
2913,農林,53,1,52,群益金鼎-敦南,2023-05-09,9101
2409,友達,51,2,49,群益金鼎-敦南,2023-05-09,9101
00679B,元大美債20年,51,10,41,群益金鼎-敦南,2023-05-09,9101
00632R,元大台灣50反1,50,10,40,群益金鼎-敦南,2023-05-09,9101
00878,國泰永續高股息,41,3,38,群益金鼎-敦南,2023-05-09,9101
00772B,中信高評級公司債,36,0,36,群益金鼎-敦南,2023-05-09,9101
1340,勝悅-KY,40,5,35,群益金鼎-敦南,2023-05-09,9101
6160,欣技,67,34,33,群益金鼎-敦南,2023-05-09,9101
1101,台泥,34,3,31,群益金鼎-敦南,2023-05-09,9101
3017,奇鋐,42,12,30,群益金鼎-敦南,2023-05-09,9101
1310,台苯,30,0,30,群益金鼎-敦南,2023-05-09,9101
2337,旺宏,40,12,28,群益金鼎-敦南,2023-05-09,9101
3011,今皓,25,0,25,群益金鼎-敦南,2023-05-09,9101
2388,威盛,35,12,23,群益金鼎-敦南,2023-05-09,9101
1513,中興電,36,14,22,群益金鼎-敦南,2023-05-09,9101
1524,耿鼎,24,4,20,群益金鼎-敦南,2023-05-09,9101
2489,瑞軒,22,2,20,群益金鼎-敦南,2023-05-09,9101
9930,中聯資源,18,0,18,群益金鼎-敦南,2023-05-09,9101
2429,銘旺科,17,0,17,群益金鼎-敦南,2023-05-09,9101
00687B,國泰20年美債,16,0,16,群益金鼎-敦南,2023-05-09,9101
3037,欣興,25,10,15,群益金鼎-敦南,2023-05-09,9101
00712,復華富時不動產,14,0,14,群益金鼎-敦南,2023-05-09,9101
00674R,期元大S＆P黃金反1,14,0,14,群益金鼎-敦南,2023-05-09,9101
1442,名軒,13,0,13,群益金鼎-敦南,2023-05-09,9101
2314,台揚,17,4,13,群益金鼎-敦南,2023-05-09,9101
1605,華新,41,29,12,群益金鼎-敦南,2023-05-09,9101
3628,盈正,12,0,12,群益金鼎-敦南,2023-05-09,9101
6485,點序,14,2,12,群益金鼎-敦南,2023-05-09,9101
00720B,元大投資級公司債,12,0,12,群益金鼎-敦南,2023-05-09,9101
3380,明泰,13,1,12,群益金鼎-敦南,2023-05-09,9101
3715,定穎投控,40,28,12,群益金鼎-敦南,2023-05-09,9101
6125,廣運,11,0,11,群益金鼎-敦南,2023-05-09,9101
1504,東元,34,23,11,群益金鼎-敦南,2023-05-09,9101
6288,聯嘉,31,20,11,群益金鼎-敦南,2023-05-09,9101
2421,建準,34,24,10,群益金鼎-敦南,2023-05-09,9101
4919,新唐,14,4,10,群益金鼎-敦南,2023-05-09,9101
3705,永信,10,0,10,群益金鼎-敦南,2023-05-09,9101
2476,鉅祥,10,0,10,群益金鼎-敦南,2023-05-09,9101
2442,新美齊,10,0,10,群益金鼎-敦南,2023-05-09,9101
2929,淘帝-KY,10,0,10,群益金鼎-敦南,2023-05-09,9101
2201,裕隆,10,0,10,群益金鼎-敦南,2023-05-09,9101
00751B,元大AAA至A公司債,9,0,9,群益金鼎-敦南,2023-05-09,9101
1727,中華化,9,0,9,群益金鼎-敦南,2023-05-09,9101
4979,華星光,16,7,9,群益金鼎-敦南,2023-05-09,9101
3045,台灣大,9,0,9,群益金鼎-敦南,2023-05-09,9101
6160,欣技,455,149,306,群益金鼎-敦南,2023-05-10,9101
1609,大亞,244,111,133,群益金鼎-敦南,2023-05-10,9101
1215,卜蜂,127,5,122,群益金鼎-敦南,2023-05-10,9101
2337,旺宏,80,0,80,群益金鼎-敦南,2023-05-10,9101
3058,立德,52,1,51,群益金鼎-敦南,2023-05-10,9101
1795,美時,60,11,49,群益金鼎-敦南,2023-05-10,9101
6185,幃翔,45,0,45,群益金鼎-敦南,2023-05-10,9101
1727,中華化,29,0,29,群益金鼎-敦南,2023-05-10,9101
1752,南光,25,0,25,群益金鼎-敦南,2023-05-10,9101
00878,國泰永續高股息,22,0,22,群益金鼎-敦南,2023-05-10,9101
2356,英業達,41,20,21,群益金鼎-敦南,2023-05-10,9101
5483,中美晶,20,0,20,群益金鼎-敦南,2023-05-10,9101
2313,華通,21,1,20,群益金鼎-敦南,2023-05-10,9101
2913,農林,20,1,19,群益金鼎-敦南,2023-05-10,9101
00882,中信中國高股息,19,0,19,群益金鼎-敦南,2023-05-10,9101
6245,立端,25,7,18,群益金鼎-敦南,2023-05-10,9101
2618,長榮航,35,19,16,群益金鼎-敦南,2023-05-10,9101
6235,華孚,67,51,16,群益金鼎-敦南,2023-05-10,9101
00680L,元大美債20正2,16,0,16,群益金鼎-敦南,2023-05-10,9101
2485,兆赫,15,0,15,群益金鼎-敦南,2023-05-10,9101
00780B,國泰A級金融債,15,0,15,群益金鼎-敦南,2023-05-10,9101
912000,晨訊科-DR,15,0,15,群益金鼎-敦南,2023-05-10,9101
6213,聯茂,11,0,11,群益金鼎-敦南,2023-05-10,9101
9933,中鼎,11,0,11,群益金鼎-敦南,2023-05-10,9101
1314,中石化,11,0,11,群益金鼎-敦南,2023-05-10,9101
00687B,國泰20年美債,11,0,11,群益金鼎-敦南,2023-05-10,9101
00923,群益台ESG低碳50,20,9,11,群益金鼎-敦南,2023-05-10,9101
1584,精剛,11,0,11,群益金鼎-敦南,2023-05-10,9101
4513,福裕,10,0,10,群益金鼎-敦南,2023-05-10,9101
4979,華星光,13,3,10,群益金鼎-敦南,2023-05-10,9101
1504,東元,25,15,10,群益金鼎-敦南,2023-05-10,9101
4173,久裕,10,0,10,群益金鼎-敦南,2023-05-10,9101
1720,生達,10,0,10,群益金鼎-敦南,2023-05-10,9101
6535,順藥,10,0,10,群益金鼎-敦南,2023-05-10,9101
1909,榮成,10,0,10,群益金鼎-敦南,2023-05-10,9101
00664R,國泰臺灣加權反1,10,0,10,群益金鼎-敦南,2023-05-10,9101
8028,昇陽半導體,11,1,10,群益金鼎-敦南,2023-05-10,9101
6488,環球晶,10,0,10,群益金鼎-敦南,2023-05-10,9101
1605,華新,17,7,10,群益金鼎-敦南,2023-05-10,9101
00894,中信小資高價30,10,0,10,群益金鼎-敦南,2023-05-10,9101
00891,中信關鍵半導體,9,0,9,群益金鼎-敦南,2023-05-10,9101
6285,啟��,13,4,9,群益金鼎-敦南,2023-05-10,9101
00751B,元大AAA至A公司債,8,0,8,群益金鼎-敦南,2023-05-10,9101
3715,定穎投控,14,6,8,群益金鼎-敦南,2023-05-10,9101
2884,玉山金,10,2,8,群益金鼎-敦南,2023-05-10,9101
6719,力智,9,1,8,群益金鼎-敦南,2023-05-10,9101
6191,精成科,11,4,7,群益金鼎-敦南,2023-05-10,9101
2633,台灣高鐵,7,0,7,群益金鼎-敦南,2023-05-10,9101
3673,TPK-KY,7,0,7,群益金鼎-敦南,2023-05-10,9101
00772B,中信高評級公司債,7,0,7,群益金鼎-敦南,2023-05-10,9101
00632R,元大台灣50反1,113,0,113,群益金鼎-敦南,2023-05-11,9101
1609,大亞,443,337,106,群益金鼎-敦南,2023-05-11,9101
3224,三顧,104,11,93,群益金鼎-敦南,2023-05-11,9101
1215,卜蜂,67,0,67,群益金鼎-敦南,2023-05-11,9101
2867,三商壽,65,0,65,群益金鼎-敦南,2023-05-11,9101
6179,亞通,63,3,60,群益金鼎-敦南,2023-05-11,9101
8105,凌巨,53,0,53,群益金鼎-敦南,2023-05-11,9101
2442,新美齊,38,0,38,群益金鼎-敦南,2023-05-11,9101
4906,正文,40,6,34,群益金鼎-敦南,2023-05-11,9101
6285,啟��,38,4,34,群益金鼎-敦南,2023-05-11,9101
3032,偉訓,47,14,33,群益金鼎-敦南,2023-05-11,9101
2388,威盛,69,37,32,群益金鼎-敦南,2023-05-11,9101
1608,華榮,30,0,30,群益金鼎-敦南,2023-05-11,9101
1905,華紙,42,13,29,群益金鼎-敦南,2023-05-11,9101
2498,宏達電,33,5,28,群益金鼎-敦南,2023-05-11,9101
2313,華通,26,0,26,群益金鼎-敦南,2023-05-11,9101
9958,世紀鋼,20,0,20,群益金鼎-敦南,2023-05-11,9101
2515,中工,20,0,20,群益金鼎-敦南,2023-05-11,9101
9933,中鼎,20,0,20,群益金鼎-敦南,2023-05-11,9101
2615,萬海,28,9,19,群益金鼎-敦南,2023-05-11,9101
2731,雄獅,22,4,18,群益金鼎-敦南,2023-05-11,9101
2489,瑞軒,20,2,18,群益金鼎-敦南,2023-05-11,9101
5483,中美晶,16,0,16,群益金鼎-敦南,2023-05-11,9101
00772B,中信高評級公司債,16,0,16,群益金鼎-敦南,2023-05-11,9101
5457,宣德,15,0,15,群益金鼎-敦南,2023-05-11,9101
0056,元大高股息,16,2,14,群益金鼎-敦南,2023-05-11,9101
00680L,元大美債20正2,20,6,14,群益金鼎-敦南,2023-05-11,9101
1760,寶齡富錦,33,20,13,群益金鼎-敦南,2023-05-11,9101
1742,台蠟,13,0,13,群益金鼎-敦南,2023-05-11,9101
2812,台中銀,13,1,12,群益金鼎-敦南,2023-05-11,9101
3141,晶宏,14,2,12,群益金鼎-敦南,2023-05-11,9101
1524,耿鼎,14,2,12,群益金鼎-敦南,2023-05-11,9101
1514,亞力,14,2,12,群益金鼎-敦南,2023-05-11,9101
8183,精星,10,0,10,群益金鼎-敦南,2023-05-11,9101
1526,日馳,10,0,10,群益金鼎-敦南,2023-05-11,9101
2528,皇普,10,0,10,群益金鼎-敦南,2023-05-11,9101
8046,南電,10,0,10,群益金鼎-敦南,2023-05-11,9101
3312,弘憶股,10,0,10,群益金鼎-敦南,2023-05-11,9101
3006,晶豪科,16,6,10,群益金鼎-敦南,2023-05-11,9101
6288,聯嘉,22,12,10,群益金鼎-敦南,2023-05-11,9101
00664R,國泰臺灣加權反1,10,0,10,群益金鼎-敦南,2023-05-11,9101
6741,91APP*-KY,17,7,10,群益金鼎-敦南,2023-05-11,9101
2337,旺宏,10,0,10,群益金鼎-敦南,2023-05-11,9101
2603,長榮,22,12,10,群益金鼎-敦南,2023-05-11,9101
2504,國產,9,0,9,群益金鼎-敦南,2023-05-11,9101
3481,群創,9,0,9,群益金鼎-敦南,2023-05-11,9101
4306,炎洲,9,0,9,群益金鼎-敦南,2023-05-11,9101
3017,奇鋐,37,28,9,群益金鼎-敦南,2023-05-11,9101
2352,佳世達,10,1,9,群益金鼎-敦南,2023-05-11,9101
2890,永豐金,9,0,9,群益金鼎-敦南,2023-05-11,9101
00632R,元大台灣50反1,722,220,502,群益金鼎-敦南,2023-05-12,9101
3224,三顧,156,0,156,群益金鼎-敦南,2023-05-12,9101
2421,建準,153,13,140,群益金鼎-敦南,2023-05-12,9101
6148,驊宏資,47,0,47,群益金鼎-敦南,2023-05-12,9101
8076,伍豐,48,1,47,群益金鼎-敦南,2023-05-12,9101
1727,中華化,43,0,43,群益金鼎-敦南,2023-05-12,9101
00680L,元大美債20正2,37,0,37,群益金鼎-敦南,2023-05-12,9101
2352,佳世達,37,0,37,群益金鼎-敦南,2023-05-12,9101
1314,中石化,31,0,31,群益金鼎-敦南,2023-05-12,9101
2888,新光金,32,1,31,群益金鼎-敦南,2023-05-12,9101
6122,擎邦,51,22,29,群益金鼎-敦南,2023-05-12,9101
00882,中信中國高股息,28,2,26,群益金鼎-敦南,2023-05-12,9101
1215,卜蜂,21,0,21,群益金鼎-敦南,2023-05-12,9101
1460,宏遠,20,0,20,群益金鼎-敦南,2023-05-12,9101
6112,邁達特,34,18,16,群益金鼎-敦南,2023-05-12,9101
2317,鴻海,27,12,15,群益金鼎-敦南,2023-05-12,9101
8088,品安,15,0,15,群益金鼎-敦南,2023-05-12,9101
00878,國泰永續高股息,25,11,14,群益金鼎-敦南,2023-05-12,9101
6244,茂迪,17,4,13,群益金鼎-敦南,2023-05-12,9101
2022,聚亨,13,0,13,群益金鼎-敦南,2023-05-12,9101
4138,曜亞,11,0,11,群益金鼎-敦南,2023-05-12,9101
2332,友訊,11,0,11,群益金鼎-敦南,2023-05-12,9101
1762,中化生,10,0,10,群益金鼎-敦南,2023-05-12,9101
4979,華星光,18,8,10,群益金鼎-敦南,2023-05-12,9101
8436,大江,10,0,10,群益金鼎-敦南,2023-05-12,9101
00772B,中信高評級公司債,10,0,10,群益金鼎-敦南,2023-05-12,9101
3011,今皓,10,0,10,群益金鼎-敦南,2023-05-12,9101
4426,利勤,10,0,10,群益金鼎-敦南,2023-05-12,9101
3162,精確,11,1,10,群益金鼎-敦南,2023-05-12,9101
6179,亞通,12,2,10,群益金鼎-敦南,2023-05-12,9101
2913,農林,10,0,10,群益金鼎-敦南,2023-05-12,9101
8183,精星,10,0,10,群益金鼎-敦南,2023-05-12,9101
00696B,富邦美債20年,10,0,10,群益金鼎-敦南,2023-05-12,9101
1760,寶齡富錦,15,6,9,群益金鼎-敦南,2023-05-12,9101
2313,華通,9,0,9,群益金鼎-敦南,2023-05-12,9101
3265,台星科,9,0,9,群益金鼎-敦南,2023-05-12,9101
1568,倉佑,9,0,9,群益金鼎-敦南,2023-05-12,9101
2331,精英,10,1,9,群益金鼎-敦南,2023-05-12,9101
3202,樺晟,16,8,8,群益金鼎-敦南,2023-05-12,9101
3481,群創,10,3,7,群益金鼎-敦南,2023-05-12,9101
2498,宏達電,23,16,7,群益金鼎-敦南,2023-05-12,9101
4968,立積,7,0,7,群益金鼎-敦南,2023-05-12,9101
4906,正文,7,0,7,群益金鼎-敦南,2023-05-12,9101
2206,三陽工業,19,12,7,群益金鼎-敦南,2023-05-12,9101
2886,兆豐金,6,0,6,群益金鼎-敦南,2023-05-12,9101
6570,維田,6,0,6,群益金鼎-敦南,2023-05-12,9101
3363,上詮,10,4,6,群益金鼎-敦南,2023-05-12,9101
3038,全台,7,1,6,群益金鼎-敦南,2023-05-12,9101
2912,統一超,6,0,6,群益金鼎-敦南,2023-05-12,9101
8940,新天地,10,5,5,群益金鼎-敦南,2023-05-12,9101
9943,好樂迪,98,1,97,群益金鼎-敦南,2023-05-15,9101
00632R,元大台灣50反1,80,0,80,群益金鼎-敦南,2023-05-15,9101
00885,富邦越南,35,0,35,群益金鼎-敦南,2023-05-15,9101
1795,美時,42,9,33,群益金鼎-敦南,2023-05-15,9101
2303,聯電,34,1,33,群益金鼎-敦南,2023-05-15,9101
1727,中華化,32,0,32,群益金鼎-敦南,2023-05-15,9101
2356,英業達,38,7,31,群益金鼎-敦南,2023-05-15,9101
6285,啟��,35,5,30,群益金鼎-敦南,2023-05-15,9101
6160,欣技,61,34,27,群益金鼎-敦南,2023-05-15,9101
00882,中信中國高股息,25,0,25,群益金鼎-敦南,2023-05-15,9101
00878,國泰永續高股息,26,4,22,群益金鼎-敦南,2023-05-15,9101
00680L,元大美債20正2,21,0,21,群益金鼎-敦南,2023-05-15,9101
00679B,元大美債20年,25,5,20,群益金鼎-敦南,2023-05-15,9101
2442,新美齊,19,0,19,群益金鼎-敦南,2023-05-15,9101
6703,軒郁,20,1,19,群益金鼎-敦南,2023-05-15,9101
1101,台泥,18,0,18,群益金鼎-敦南,2023-05-15,9101
00772B,中信高評級公司債,17,0,17,群益金鼎-敦南,2023-05-15,9101
3363,上詮,38,22,16,群益金鼎-敦南,2023-05-15,9101
00773B,中信優先金融債,15,0,15,群益金鼎-敦南,2023-05-15,9101
2402,毅嘉,17,3,14,群益金鼎-敦南,2023-05-15,9101
3017,奇鋐,27,14,13,群益金鼎-敦南,2023-05-15,9101
6719,力智,14,1,13,群益金鼎-敦南,2023-05-15,9101
2382,廣達,42,30,12,群益金鼎-敦南,2023-05-15,9101
4967,十銓,13,2,11,群益金鼎-敦南,2023-05-15,9101
3521,鴻翊,11,0,11,群益金鼎-敦南,2023-05-15,9101
3664,安瑞-KY,11,0,11,群益金鼎-敦南,2023-05-15,9101
2883,凱基金,11,1,10,群益金鼎-敦南,2023-05-15,9101
2498,宏達電,11,1,10,群益金鼎-敦南,2023-05-15,9101
6605,帝寶,10,0,10,群益金鼎-敦南,2023-05-15,9101
9958,世紀鋼,10,0,10,群益金鼎-敦南,2023-05-15,9101
2429,銘旺科,10,0,10,群益金鼎-敦南,2023-05-15,9101
2489,瑞軒,12,2,10,群益金鼎-敦南,2023-05-15,9101
9907,統一實,10,0,10,群益金鼎-敦南,2023-05-15,9101
2313,華通,10,0,10,群益金鼎-敦南,2023-05-15,9101
00712,復華富時不動產,10,0,10,群益金鼎-敦南,2023-05-15,9101
6712,長聖,30,20,10,群益金鼎-敦南,2023-05-15,9101
1442,名軒,9,0,9,群益金鼎-敦南,2023-05-15,9101
5871A,中租-KY甲特,9,0,9,群益金鼎-敦南,2023-05-15,9101
1609,大亞,45,36,9,群益金鼎-敦南,2023-05-15,9101
00720B,元大投資級公司債,8,0,8,群益金鼎-敦南,2023-05-15,9101
6026,福邦證,8,0,8,群益金鼎-敦南,2023-05-15,9101
6689,伊雲谷,10,2,8,群益金鼎-敦南,2023-05-15,9101
4979,華星光,11,3,8,群益金鼎-敦南,2023-05-15,9101
6218,豪勉,16,8,8,群益金鼎-敦南,2023-05-15,9101
6214,精誠,8,0,8,群益金鼎-敦南,2023-05-15,9101
3037,欣興,10,3,7,群益金鼎-敦南,2023-05-15,9101
6203,海韻電,15,8,7,群益金鼎-敦南,2023-05-15,9101
3617,碩天,8,1,7,群益金鼎-敦南,2023-05-15,9101
2331,精英,15,8,7,群益金鼎-敦南,2023-05-15,9101
00751B,元大AAA至A公司債,6,0,6,群益金鼎-敦南,2023-05-15,9101
00632R,元大台灣50反1,155,10,145,群益金鼎-敦南,2023-05-16,9101
2313,華通,105,0,105,群益金鼎-敦南,2023-05-16,9101
2887,台新金,88,0,88,群益金鼎-敦南,2023-05-16,9101
1905,華紙,94,21,73,群益金鼎-敦南,2023-05-16,9101
2421,建準,62,6,56,群益金鼎-敦南,2023-05-16,9101
1904,正隆,51,0,51,群益金鼎-敦南,2023-05-16,9101
6160,欣技,108,65,43,群益金鼎-敦南,2023-05-16,9101
6548,長科*,39,0,39,群益金鼎-敦南,2023-05-16,9101
00679B,元大美債20年,40,2,38,群益金鼎-敦南,2023-05-16,9101
1612,宏泰,36,3,33,群益金鼎-敦南,2023-05-16,9101
6625,必應,40,10,30,群益金鼎-敦南,2023-05-16,9101
9943,好樂迪,27,0,27,群益金鼎-敦南,2023-05-16,9101
9907,統一實,25,2,23,群益金鼎-敦南,2023-05-16,9101
2323,中環,52,30,22,群益金鼎-敦南,2023-05-16,9101
02002L,兆豐富櫃200正二N,21,0,21,群益金鼎-敦南,2023-05-16,9101
006205,富邦上証,20,0,20,群益金鼎-敦南,2023-05-16,9101
00772B,中信高評級公司債,19,0,19,群益金鼎-敦南,2023-05-16,9101
2618,長榮航,85,66,19,群益金鼎-敦南,2023-05-16,9101
00751B,元大AAA至A公司債,19,0,19,群益金鼎-敦南,2023-05-16,9101
3202,樺晟,23,4,19,群益金鼎-敦南,2023-05-16,9101
00720B,元大投資級公司債,18,0,18,群益金鼎-敦南,2023-05-16,9101
6223,旺矽,20,3,17,群益金鼎-敦南,2023-05-16,9101
6733,博晟生醫,17,0,17,群益金鼎-敦南,2023-05-16,9101
6535,順藥,28,11,17,群益金鼎-敦南,2023-05-16,9101
6122,擎邦,21,5,16,群益金鼎-敦南,2023-05-16,9101
8927,北基,20,5,15,群益金鼎-敦南,2023-05-16,9101
1504,東元,27,13,14,群益金鼎-敦南,2023-05-16,9101
00631L,元大台灣50正2,13,0,13,群益金鼎-敦南,2023-05-16,9101
2609,陽明,13,0,13,群益金鼎-敦南,2023-05-16,9101
1708,東鹼,12,0,12,群益金鼎-敦南,2023-05-16,9101
5465,富驊,18,6,12,群益金鼎-敦南,2023-05-16,9101
6179,亞通,12,0,12,群益金鼎-敦南,2023-05-16,9101
6446,藥華藥,11,0,11,群益金鼎-敦南,2023-05-16,9101
3664,安瑞-KY,11,0,11,群益金鼎-敦南,2023-05-16,9101
00773B,中信優先金融債,11,0,11,群益金鼎-敦南,2023-05-16,9101
6589,台康生技,11,0,11,群益金鼎-敦南,2023-05-16,9101
2734,易飛網,20,10,10,群益金鼎-敦南,2023-05-16,9101
2206,三陽工業,30,20,10,群益金鼎-敦南,2023-05-16,9101
2022,聚亨,10,0,10,群益金鼎-敦南,2023-05-16,9101
3025,星通,10,0,10,群益金鼎-敦南,2023-05-16,9101
8183,精星,10,0,10,群益金鼎-敦南,2023-05-16,9101
3694,海華,10,0,10,群益金鼎-敦南,2023-05-16,9101
1605,華新,13,4,9,群益金鼎-敦南,2023-05-16,9101
3029,零壹,11,2,9,群益金鼎-敦南,2023-05-16,9101
3548,兆利,11,2,9,群益金鼎-敦南,2023-05-16,9101
3038,全台,10,1,9,群益金鼎-敦南,2023-05-16,9101
00670L,富邦NASDAQ正2,9,0,9,群益金鼎-敦南,2023-05-16,9101
8442,威宏-KY,9,0,9,群益金鼎-敦南,2023-05-16,9101
8933,愛地雅,8,0,8,群益金鼎-敦南,2023-05-16,9101
1104,環泥,8,0,8,群益金鼎-敦南,2023-05-16,9101
00632R,元大台灣50反1,464,130,334,群益金鼎-敦南,2023-05-17,9101
3029,零壹,235,5,230,群益金鼎-敦南,2023-05-17,9101
00878,國泰永續高股息,125,8,117,群益金鼎-敦南,2023-05-17,9101
6214,精誠,65,1,64,群益金鼎-敦南,2023-05-17,9101
2421,建準,81,33,48,群益金鼎-敦南,2023-05-17,9101
2480,敦陽科,46,1,45,群益金鼎-敦南,2023-05-17,9101
3224,三顧,41,0,41,群益金鼎-敦南,2023-05-17,9101
4916,事欣科,41,0,41,群益金鼎-敦南,2023-05-17,9101
2313,華通,40,0,40,群益金鼎-敦南,2023-05-17,9101
2388,威盛,41,4,37,群益金鼎-敦南,2023-05-17,9101
6285,啟��,37,4,33,群益金鼎-敦南,2023-05-17,9101
1101,台泥,31,0,31,群益金鼎-敦南,2023-05-17,9101
4931,新盛力,27,0,27,群益金鼎-敦南,2023-05-17,9101
6245,立端,36,10,26,群益金鼎-敦南,2023-05-17,9101
6160,欣技,136,111,25,群益金鼎-敦南,2023-05-17,9101
00751B,元大AAA至A公司債,26,2,24,群益金鼎-敦南,2023-05-17,9101
00772B,中信高評級公司債,24,0,24,群益金鼎-敦南,2023-05-17,9101
1810,和成,62,42,20,群益金鼎-敦南,2023-05-17,9101
2633,台灣高鐵,26,7,19,群益金鼎-敦南,2023-05-17,9101
6148,驊宏資,18,0,18,群益金鼎-敦南,2023-05-17,9101
3162,精確,17,1,16,群益金鼎-敦南,2023-05-17,9101
00773B,中信優先金融債,15,0,15,群益金鼎-敦南,2023-05-17,9101
3046,建��,39,25,14,群益金鼎-敦南,2023-05-17,9101
2618,長榮航,21,7,14,群益金鼎-敦南,2023-05-17,9101
2497,怡利電,13,0,13,群益金鼎-敦南,2023-05-17,9101
1528,恩德,14,2,12,群益金鼎-敦南,2023-05-17,9101
8086,宏捷科,12,0,12,群益金鼎-敦南,2023-05-17,9101
2323,中環,10,0,10,群益金鼎-敦南,2023-05-17,9101
1321,大洋,10,0,10,群益金鼎-敦南,2023-05-17,9101
2402,毅嘉,141,131,10,群益金鼎-敦南,2023-05-17,9101
3017,奇鋐,31,21,10,群益金鼎-敦南,2023-05-17,9101
00688L,國泰20年美債正2,10,0,10,群益金鼎-敦南,2023-05-17,9101
1742,台蠟,20,10,10,群益金鼎-敦南,2023-05-17,9101
00713,元大台灣高息低波,10,0,10,群益金鼎-敦南,2023-05-17,9101
1560,中砂,10,0,10,群益金鼎-敦南,2023-05-17,9101
00690,兆豐藍籌30,10,0,10,群益金鼎-敦南,2023-05-17,9101
3027,盛達,14,4,10,群益金鼎-敦南,2023-05-17,9101
8183,精星,10,0,10,群益金鼎-敦南,2023-05-17,9101
2731,雄獅,19,10,9,群益金鼎-敦南,2023-05-17,9101
1907,永豐餘,10,1,9,群益金鼎-敦南,2023-05-17,9101
3518,柏騰,8,0,8,群益金鼎-敦南,2023-05-17,9101
6443,元晶,8,0,8,群益金鼎-敦南,2023-05-17,9101
3594,磐儀,8,0,8,群益金鼎-敦南,2023-05-17,9101
00679B,元大美債20年,7,0,7,群益金鼎-敦南,2023-05-17,9101
3715,定穎投控,68,61,7,群益金鼎-敦南,2023-05-17,9101
00882,中信中國高股息,7,0,7,群益金鼎-敦南,2023-05-17,9101
4104,佳醫,7,0,7,群益金鼎-敦南,2023-05-17,9101
9943,好樂迪,25,19,6,群益金鼎-敦南,2023-05-17,9101
00696B,富邦美債20年,5,0,5,群益金鼎-敦南,2023-05-17,9101
4976,佳凌,5,0,5,群益金鼎-敦南,2023-05-17,9101
2421,建準,146,8,138,群益金鼎-敦南,2023-05-18,9101
2812,台中銀,100,0,100,群益金鼎-敦南,2023-05-18,9101
2344,華邦電,125,36,89,群益金鼎-敦南,2023-05-18,9101
00680L,元大美債20正2,84,0,84,群益金鼎-敦南,2023-05-18,9101
2891,中信金,78,0,78,群益金鼎-敦南,2023-05-18,9101
2913,農林,65,0,65,群益金鼎-敦南,2023-05-18,9101
6285,啟��,61,1,60,群益金鼎-敦南,2023-05-18,9101
00687B,國泰20年美債,51,0,51,群益金鼎-敦南,2023-05-18,9101
2886,兆豐金,45,3,42,群益金鼎-敦南,2023-05-18,9101
3224,三顧,40,0,40,群益金鼎-敦南,2023-05-18,9101
2206,三陽工業,46,10,36,群益金鼎-敦南,2023-05-18,9101
00653L,富邦印度正2,35,0,35,群益金鼎-敦南,2023-05-18,9101
00878,國泰永續高股息,41,10,31,群益金鼎-敦南,2023-05-18,9101
4967,十銓,48,18,30,群益金鼎-敦南,2023-05-18,9101
2352,佳世達,25,0,25,群益金鼎-敦南,2023-05-18,9101
4931,新盛力,32,8,24,群益金鼎-敦南,2023-05-18,9101
2618,長榮航,35,12,23,群益金鼎-敦南,2023-05-18,9101
3704,合勤控,43,22,21,群益金鼎-敦南,2023-05-18,9101
2489,瑞軒,20,0,20,群益金鼎-敦南,2023-05-18,9101
1802,台玻,20,0,20,群益金鼎-敦南,2023-05-18,9101
2482,連宇,44,25,19,群益金鼎-敦南,2023-05-18,9101
3025,星通,18,0,18,群益金鼎-敦南,2023-05-18,9101
1101,台泥,17,0,17,群益金鼎-敦南,2023-05-18,9101
4746,台耀,16,0,16,群益金鼎-敦南,2023-05-18,9101
3546,宇峻,16,1,15,群益金鼎-敦南,2023-05-18,9101
2634,漢翔,42,27,15,群益金鼎-敦南,2023-05-18,9101
1608,華榮,14,0,14,群益金鼎-敦南,2023-05-18,9101
8927,北基,14,0,14,群益金鼎-敦南,2023-05-18,9101
3004,豐達科,15,2,13,群益金鼎-敦南,2023-05-18,9101
1609,大亞,64,52,12,群益金鼎-敦南,2023-05-18,9101
5284,jpp-KY,18,6,12,群益金鼎-敦南,2023-05-18,9101
00772B,中信高評級公司債,10,0,10,群益金鼎-敦南,2023-05-18,9101
2442,新美齊,10,0,10,群益金鼎-敦南,2023-05-18,9101
4908,前鼎,10,0,10,群益金鼎-敦南,2023-05-18,9101
00773B,中信優先金融債,10,0,10,群益金鼎-敦南,2023-05-18,9101
4111,濟生,9,0,9,群益金鼎-敦南,2023-05-18,9101
5511,德昌,25,16,9,群益金鼎-敦南,2023-05-18,9101
2457,飛宏,53,44,9,群益金鼎-敦南,2023-05-18,9101
6561,是方,8,0,8,群益金鼎-敦南,2023-05-18,9101
6218,豪勉,20,12,8,群益金鼎-敦南,2023-05-18,9101
3058,立德,11,3,8,群益金鼎-敦南,2023-05-18,9101
1529,樂事綠能,11,3,8,群益金鼎-敦南,2023-05-18,9101
3363,上詮,47,39,8,群益金鼎-敦南,2023-05-18,9101
00751B,元大AAA至A公司債,7,0,7,群益金鼎-敦南,2023-05-18,9101
4919,新唐,9,2,7,群益金鼎-敦南,2023-05-18,9101
4739,康普,8,1,7,群益金鼎-敦南,2023-05-18,9101
1617,榮星,7,0,7,群益金鼎-敦南,2023-05-18,9101
8069,元太,22,16,6,群益金鼎-敦南,2023-05-18,9101
2368,金像電,14,8,6,群益金鼎-敦南,2023-05-18,9101
6538,倉和,6,0,6,群益金鼎-敦南,2023-05-18,9101
00632R,元大台灣50反1,490,106,384,群益金鼎-敦南,2023-05-19,9101
6160,欣技,176,0,176,群益金鼎-敦南,2023-05-19,9101
00882,中信中國高股息,123,0,123,群益金鼎-敦南,2023-05-19,9101
1519,華城,144,43,101,群益金鼎-敦南,2023-05-19,9101
5531,鄉林,96,5,91,群益金鼎-敦南,2023-05-19,9101
00687B,國泰20年美債,82,0,82,群益金鼎-敦南,2023-05-19,9101
2344,華邦電,103,26,77,群益金鼎-敦南,2023-05-19,9101
1609,大亞,75,18,57,群益金鼎-敦南,2023-05-19,9101
2388,威盛,60,7,53,群益金鼎-敦南,2023-05-19,9101
2031,新光鋼,53,2,51,群益金鼎-敦南,2023-05-19,9101
2457,飛宏,57,16,41,群益金鼎-敦南,2023-05-19,9101
00631L,元大台灣50正2,41,0,41,群益金鼎-敦南,2023-05-19,9101
1905,華紙,52,13,39,群益金鼎-敦南,2023-05-19,9101
2421,建準,151,113,38,群益金鼎-敦南,2023-05-19,9101
2468,華經,67,37,30,群益金鼎-敦南,2023-05-19,9101
5706,鳳凰,56,27,29,群益金鼎-敦南,2023-05-19,9101
6122,擎邦,27,0,27,群益金鼎-敦南,2023-05-19,9101
2332,友訊,25,0,25,群益金鼎-敦南,2023-05-19,9101
9958,世紀鋼,25,0,25,群益金鼎-敦南,2023-05-19,9101
2317,鴻海,25,2,23,群益金鼎-敦南,2023-05-19,9101
3005,神基,22,0,22,群益金鼎-敦南,2023-05-19,9101
00680L,元大美債20正2,23,1,22,群益金鼎-敦南,2023-05-19,9101
5703,亞都,20,0,20,群益金鼎-敦南,2023-05-19,9101
00651R,復華香港反1,20,0,20,群益金鼎-敦南,2023-05-19,9101
00683L,期元大美元指正2,20,0,20,群益金鼎-敦南,2023-05-19,9101
00772B,中信高評級公司債,19,0,19,群益金鼎-敦南,2023-05-19,9101
2471,資通,35,16,19,群益金鼎-敦南,2023-05-19,9101
4728,雙美,18,0,18,群益金鼎-敦南,2023-05-19,9101
00679B,元大美債20年,22,5,17,群益金鼎-敦南,2023-05-19,9101
3058,立德,28,11,17,群益金鼎-敦南,2023-05-19,9101
1504,東元,83,67,16,群益金鼎-敦南,2023-05-19,9101
2891,中信金,15,0,15,群益金鼎-敦南,2023-05-19,9101
2402,毅嘉,20,5,15,群益金鼎-敦南,2023-05-19,9101
8222,寶一,22,8,14,群益金鼎-敦南,2023-05-19,9101
1605,華新,16,2,14,群益金鼎-敦南,2023-05-19,9101
6179,亞通,14,0,14,群益金鼎-敦南,2023-05-19,9101
2480,敦陽科,14,1,13,群益金鼎-敦南,2023-05-19,9101
6446,藥華藥,14,1,13,群益金鼎-敦南,2023-05-19,9101
3017,奇鋐,32,19,13,群益金鼎-敦南,2023-05-19,9101
4168,醣聯,12,0,12,群益金鼎-敦南,2023-05-19,9101
00662,富邦NASDAQ,12,0,12,群益金鼎-敦南,2023-05-19,9101
2453,凌群,28,16,12,群益金鼎-敦南,2023-05-19,9101
2887,台新金,12,1,11,群益金鼎-敦南,2023-05-19,9101
2337,旺宏,11,0,11,群益金鼎-敦南,2023-05-19,9101
00637L,元大滬深300正2,11,0,11,群益金鼎-敦南,2023-05-19,9101
5324,士開,15,5,10,群益金鼎-敦南,2023-05-19,9101
3224,三顧,10,0,10,群益金鼎-敦南,2023-05-19,9101
1589,永冠-KY,10,0,10,群益金鼎-敦南,2023-05-19,9101
4163,鐿鈦,14,4,10,群益金鼎-敦南,2023-05-19,9101
8183,精星,10,0,10,群益金鼎-敦南,2023-05-19,9101
1795,美時,157,16,141,群益金鼎-敦南,2023-05-22,9101
00679B,元大美債20年,92,2,90,群益金鼎-敦南,2023-05-22,9101
2352,佳世達,106,30,76,群益金鼎-敦南,2023-05-22,9101
2303,聯電,67,0,67,群益金鼎-敦南,2023-05-22,9101
00751B,元大AAA至A公司債,66,1,65,群益金鼎-敦南,2023-05-22,9101
1618,合機,50,1,49,群益金鼎-敦南,2023-05-22,9101
3017,奇鋐,60,22,38,群益金鼎-敦南,2023-05-22,9101
6161,捷波,30,0,30,群益金鼎-敦南,2023-05-22,9101
6122,擎邦,32,4,28,群益金鼎-敦南,2023-05-22,9101
00687B,國泰20年美債,21,0,21,群益金鼎-敦南,2023-05-22,9101
00680L,元大美債20正2,21,0,21,群益金鼎-敦南,2023-05-22,9101
6282,康舒,49,28,21,群益金鼎-敦南,2023-05-22,9101
1605,華新,27,7,20,群益金鼎-敦南,2023-05-22,9101
4174,浩鼎,20,0,20,群益金鼎-敦南,2023-05-22,9101
4927,泰鼎-KY,24,5,19,群益金鼎-敦南,2023-05-22,9101
3037,欣興,32,13,19,群益金鼎-敦南,2023-05-22,9101
4726,永昕,18,0,18,群益金鼎-敦南,2023-05-22,9101
5703,亞都,17,0,17,群益金鼎-敦南,2023-05-22,9101
8429,金麗-KY,21,5,16,群益金鼎-敦南,2023-05-22,9101
6197,佳必琪,26,10,16,群益金鼎-敦南,2023-05-22,9101
2101,南港,15,0,15,群益金鼎-敦南,2023-05-22,9101
00882,中信中國高股息,14,0,14,群益金鼎-敦南,2023-05-22,9101
6160,欣技,17,3,14,群益金鼎-敦南,2023-05-22,9101
1608,華榮,14,0,14,群益金鼎-敦南,2023-05-22,9101
1529,樂事綠能,15,3,12,群益金鼎-敦南,2023-05-22,9101
5324,士開,22,10,12,群益金鼎-敦南,2023-05-22,9101
3231,緯創,14,4,10,群益金鼎-敦南,2023-05-22,9101
5243,乙盛-KY,50,40,10,群益金鼎-敦南,2023-05-22,9101
00881,國泰台灣5G+,10,0,10,群益金鼎-敦南,2023-05-22,9101
3224,三顧,10,0,10,群益金鼎-敦南,2023-05-22,9101
2881A,富邦特,10,0,10,群益金鼎-敦南,2023-05-22,9101
3162,精確,22,12,10,群益金鼎-敦南,2023-05-22,9101
3540,曜越,10,0,10,群益金鼎-敦南,2023-05-22,9101
6112,邁達特,17,7,10,群益金鼎-敦南,2023-05-22,9101
5525,順天,9,0,9,群益金鼎-敦南,2023-05-22,9101
1308,亞聚,9,0,9,群益金鼎-敦南,2023-05-22,9101
4744,皇將,11,2,9,群益金鼎-敦南,2023-05-22,9101
2421,建準,23,14,9,群益金鼎-敦南,2023-05-22,9101
6223,旺矽,145,137,8,群益金鼎-敦南,2023-05-22,9101
8046,南電,9,1,8,群益金鼎-敦南,2023-05-22,9101
6125,廣運,9,2,7,群益金鼎-敦南,2023-05-22,9101
00688L,國泰20年美債正2,7,0,7,群益金鼎-敦南,2023-05-22,9101
4743,合一,13,6,7,群益金鼎-敦南,2023-05-22,9101
3548,兆利,7,0,7,群益金鼎-敦南,2023-05-22,9101
00712,復華富時不動產,7,0,7,群益金鼎-敦南,2023-05-22,9101
00772B,中信高評級公司債,6,0,6,群益金鼎-敦南,2023-05-22,9101
1314,中石化,6,0,6,群益金鼎-敦南,2023-05-22,9101
8426,紅木-KY,6,0,6,群益金鼎-敦南,2023-05-22,9101
2427,三商電,62,56,6,群益金鼎-敦南,2023-05-22,9101
00632R,元大台灣50反1,191,185,6,群益金鼎-敦南,2023-05-22,9101
8076,伍豐,290,146,144,群益金鼎-敦南,2023-05-23,9101
00882,中信中國高股息,116,3,113,群益金鼎-敦南,2023-05-23,9101
2618,長榮航,155,45,110,群益金鼎-敦南,2023-05-23,9101
00795B,中信美國公債20年,66,0,66,群益金鼎-敦南,2023-05-23,9101
00696B,富邦美債20年,65,0,65,群益金鼎-敦南,2023-05-23,9101
1455,集盛,50,0,50,群益金鼎-敦南,2023-05-23,9101
2610,華航,70,24,46,群益金鼎-敦南,2023-05-23,9101
00679B,元大美債20年,45,4,41,群益金鼎-敦南,2023-05-23,9101
2913,農林,40,2,38,群益金鼎-敦南,2023-05-23,9101
2352,佳世達,37,0,37,群益金鼎-敦南,2023-05-23,9101
00878,國泰永續高股息,45,10,35,群益金鼎-敦南,2023-05-23,9101
2498,宏達電,45,10,35,群益金鼎-敦南,2023-05-23,9101
2881,富邦金,38,3,35,群益金鼎-敦南,2023-05-23,9101
5876,上海商銀,32,0,32,群益金鼎-敦南,2023-05-23,9101
4114,健喬,32,0,32,群益金鼎-敦南,2023-05-23,9101
3231,緯創,81,50,31,群益金鼎-敦南,2023-05-23,9101
00632R,元大台灣50反1,29,0,29,群益金鼎-敦南,2023-05-23,9101
4543,萬在,30,1,29,群益金鼎-敦南,2023-05-23,9101
1721,三晃,30,2,28,群益金鼎-敦南,2023-05-23,9101
1442,名軒,28,0,28,群益金鼎-敦南,2023-05-23,9101
1101,台泥,27,0,27,群益金鼎-敦南,2023-05-23,9101
9958,世紀鋼,26,0,26,群益金鼎-敦南,2023-05-23,9101
6164,華興,25,1,24,群益金鼎-敦南,2023-05-23,9101
4979,華星光,35,12,23,群益金鼎-敦南,2023-05-23,9101
6288,聯嘉,33,11,22,群益金鼎-敦南,2023-05-23,9101
3290,東浦,24,2,22,群益金鼎-敦南,2023-05-23,9101
1504,東元,24,3,21,群益金鼎-敦南,2023-05-23,9101
5525,順天,21,0,21,群益金鼎-敦南,2023-05-23,9101
3029,零壹,26,5,21,群益金鼎-敦南,2023-05-23,9101
5213,亞昕,21,0,21,群益金鼎-敦南,2023-05-23,9101
6233,旺玖,22,2,20,群益金鼎-敦南,2023-05-23,9101
2462,良得電,20,0,20,群益金鼎-敦南,2023-05-23,9101
5483,中美晶,17,0,17,群益金鼎-敦南,2023-05-23,9101
5439,高技,23,6,17,群益金鼎-敦南,2023-05-23,9101
5531,鄉林,26,11,15,群益金鼎-敦南,2023-05-23,9101
8099,大世科,38,24,14,群益金鼎-敦南,2023-05-23,9101
1605,華新,13,1,12,群益金鼎-敦南,2023-05-23,9101
4726,永昕,12,0,12,群益金鼎-敦南,2023-05-23,9101
6276,安鈦克,12,0,12,群益金鼎-敦南,2023-05-23,9101
1513,中興電,26,15,11,群益金鼎-敦南,2023-05-23,9101
00687B,國泰20年美債,11,0,11,群益金鼎-敦南,2023-05-23,9101
3236,千如,11,0,11,群益金鼎-敦南,2023-05-23,9101
1305,華夏,12,1,11,群益金鼎-敦南,2023-05-23,9101
3041,揚智,10,0,10,群益金鼎-敦南,2023-05-23,9101
2442,新美齊,23,13,10,群益金鼎-敦南,2023-05-23,9101
9907,統一實,10,0,10,群益金鼎-敦南,2023-05-23,9101
3707,漢磊,10,0,10,群益金鼎-敦南,2023-05-23,9101
8183,精星,10,0,10,群益金鼎-敦南,2023-05-23,9101
2906,高林,10,0,10,群益金鼎-敦南,2023-05-23,9101
2734,易飛網,9,0,9,群益金鼎-敦南,2023-05-23,9101
00712,復華富時不動產,110,0,110,群益金鼎-敦南,2023-05-24,9101
6233,旺玖,71,0,71,群益金鼎-敦南,2023-05-24,9101
8076,伍豐,171,106,65,群益金鼎-敦南,2023-05-24,9101
00632R,元大台灣50反1,95,35,60,群益金鼎-敦南,2023-05-24,9101
6125,廣運,58,0,58,群益金鼎-敦南,2023-05-24,9101
5009,榮剛,104,54,50,群益金鼎-敦南,2023-05-24,9101
2880,華南金,50,1,49,群益金鼎-敦南,2023-05-24,9101
00673R,期元大S＆P原油反1,40,0,40,群益金鼎-敦南,2023-05-24,9101
9958,世紀鋼,42,3,39,群益金鼎-敦南,2023-05-24,9101
3058,立德,55,23,32,群益金鼎-敦南,2023-05-24,9101
5512,力麒,50,22,28,群益金鼎-敦南,2023-05-24,9101
3617,碩天,25,1,24,群益金鼎-敦南,2023-05-24,9101
3038,全台,34,10,24,群益金鼎-敦南,2023-05-24,9101
00679B,元大美債20年,54,32,22,群益金鼎-敦南,2023-05-24,9101
00637L,元大滬深300正2,28,7,21,群益金鼎-敦南,2023-05-24,9101
2498,宏達電,21,0,21,群益金鼎-敦南,2023-05-24,9101
2201,裕隆,27,6,21,群益金鼎-敦南,2023-05-24,9101
2913,農林,20,0,20,群益金鼎-敦南,2023-05-24,9101
00772B,中信高評級公司債,20,0,20,群益金鼎-敦南,2023-05-24,9101
00900,富邦特選高股息30,60,41,19,群益金鼎-敦南,2023-05-24,9101
00687B,國泰20年美債,19,0,19,群益金鼎-敦南,2023-05-24,9101
3004,豐達科,16,0,16,群益金鼎-敦南,2023-05-24,9101
00885,富邦越南,15,0,15,群益金鼎-敦南,2023-05-24,9101
5258,虹堡,19,5,14,群益金鼎-敦南,2023-05-24,9101
1904,正隆,14,1,13,群益金鼎-敦南,2023-05-24,9101
2482,連宇,16,4,12,群益金鼎-敦南,2023-05-24,9101
2801,彰銀,12,0,12,群益金鼎-敦南,2023-05-24,9101
1514,亞力,22,10,12,群益金鼎-敦南,2023-05-24,9101
4168,醣聯,12,0,12,群益金鼎-敦南,2023-05-24,9101
4931,新盛力,12,0,12,群益金鼎-敦南,2023-05-24,9101
00680L,元大美債20正2,10,0,10,群益金鼎-敦南,2023-05-24,9101
1460,宏遠,23,13,10,群益金鼎-敦南,2023-05-24,9101
1795,美時,21,11,10,群益金鼎-敦南,2023-05-24,9101
2881A,富邦特,10,0,10,群益金鼎-敦南,2023-05-24,9101
1305,華夏,10,0,10,群益金鼎-敦南,2023-05-24,9101
8429,金麗-KY,10,0,10,群益金鼎-敦南,2023-05-24,9101
2906,高林,10,0,10,群益金鼎-敦南,2023-05-24,9101
2537,聯上發,10,0,10,群益金鼎-敦南,2023-05-24,9101
3224,三顧,10,0,10,群益金鼎-敦南,2023-05-24,9101
1616,億泰,10,0,10,群益金鼎-敦南,2023-05-24,9101
1711,永光,10,0,10,群益金鼎-敦南,2023-05-24,9101
1108,幸福,10,0,10,群益金鼎-敦南,2023-05-24,9101
6112,邁達特,18,8,10,群益金鼎-敦南,2023-05-24,9101
00878,國泰永續高股息,59,50,9,群益金鼎-敦南,2023-05-24,9101
3029,零壹,11,2,9,群益金鼎-敦南,2023-05-24,9101
6806,森崴能源,11,3,8,群益金鼎-敦南,2023-05-24,9101
1442,名軒,8,0,8,群益金鼎-敦南,2023-05-24,9101
2634,漢翔,24,16,8,群益金鼎-敦南,2023-05-24,9101
00891,中信關鍵半導體,7,0,7,群益金鼎-敦南,2023-05-24,9101
3044,健鼎,7,0,7,群益金鼎-敦南,2023-05-24,9101
00632R,元大台灣50反1,330,15,315,群益金鼎-敦南,2023-05-25,9101
00895,富邦未來車,300,2,298,群益金鼎-敦南,2023-05-25,9101
00725B,國泰投資級公司債,100,0,100,群益金鼎-敦南,2023-05-25,9101
00712,復華富時不動產,99,0,99,群益金鼎-敦南,2023-05-25,9101
5512,力麒,84,0,84,群益金鼎-敦南,2023-05-25,9101
2421,建準,87,22,65,群益金鼎-敦南,2023-05-25,9101
2371,大同,75,27,48,群益金鼎-敦南,2023-05-25,9101
00637L,元大滬深300正2,45,2,43,群益金鼎-敦南,2023-05-25,9101
3025,星通,59,18,41,群益金鼎-敦南,2023-05-25,9101
00751B,元大AAA至A公司債,39,0,39,群益金鼎-敦南,2023-05-25,9101
1795,美時,43,5,38,群益金鼎-敦南,2023-05-25,9101
3715,定穎投控,40,5,35,群益金鼎-敦南,2023-05-25,9101
4564,元翎,37,3,34,群益金鼎-敦南,2023-05-25,9101
9958,世紀鋼,33,2,31,群益金鼎-敦南,2023-05-25,9101
00642U,期元大S＆P石油,30,1,29,群益金鼎-敦南,2023-05-25,9101
2888,新光金,29,0,29,群益金鼎-敦南,2023-05-25,9101
00687B,國泰20年美債,26,0,26,群益金鼎-敦南,2023-05-25,9101
2834,臺企銀,25,0,25,群益金鼎-敦南,2023-05-25,9101
2402,毅嘉,26,3,23,群益金鼎-敦南,2023-05-25,9101
3047,訊舟,20,0,20,群益金鼎-敦南,2023-05-25,9101
2706,第一店,23,3,20,群益金鼎-敦南,2023-05-25,9101
00651R,復華香港反1,20,0,20,群益金鼎-敦南,2023-05-25,9101
2615,萬海,28,9,19,群益金鼎-敦南,2023-05-25,9101
2382,廣達,28,9,19,群益金鼎-敦南,2023-05-25,9101
3617,碩天,18,0,18,群益金鼎-敦南,2023-05-25,9101
1609,大亞,27,9,18,群益金鼎-敦南,2023-05-25,9101
6197,佳必琪,18,0,18,群益金鼎-敦南,2023-05-25,9101
6125,廣運,51,35,16,群益金鼎-敦南,2023-05-25,9101
00673R,期元大S＆P原油反1,15,0,15,群益金鼎-敦南,2023-05-25,9101
3710,連展投控,15,0,15,群益金鼎-敦南,2023-05-25,9101
2201,裕隆,21,6,15,群益金鼎-敦南,2023-05-25,9101
2101,南港,23,9,14,群益金鼎-敦南,2023-05-25,9101
6585,鼎基,13,0,13,群益金鼎-敦南,2023-05-25,9101
5439,高技,15,2,13,群益金鼎-敦南,2023-05-25,9101
3088,艾訊,14,1,13,群益金鼎-敦南,2023-05-25,9101
1460,宏遠,12,0,12,群益金鼎-敦南,2023-05-25,9101
00680L,元大美債20正2,12,0,12,群益金鼎-敦南,2023-05-25,9101
3045,台灣大,12,0,12,群益金鼎-敦南,2023-05-25,9101
2338,光罩,12,0,12,群益金鼎-敦南,2023-05-25,9101
2887,台新金,12,0,12,群益金鼎-敦南,2023-05-25,9101
00679B,元大美債20年,11,0,11,群益金鼎-敦南,2023-05-25,9101
1905,華紙,26,15,11,群益金鼎-敦南,2023-05-25,9101
5213,亞昕,11,0,11,群益金鼎-敦南,2023-05-25,9101
8171,天宇,11,0,11,群益金鼎-敦南,2023-05-25,9101
1612,宏泰,12,1,11,群益金鼎-敦南,2023-05-25,9101
2605,新興,10,0,10,群益金鼎-敦南,2023-05-25,9101
4541,晟田,12,2,10,群益金鼎-敦南,2023-05-25,9101
3071,協禧,11,1,10,群益金鼎-敦南,2023-05-25,9101
6112,邁達特,15,5,10,群益金鼎-敦南,2023-05-25,9101
3252,海灣,30,20,10,群益金鼎-敦南,2023-05-25,9101
3454,晶睿,147,0,147,群益金鼎-敦南,2023-05-26,9101
2356,英業達,161,20,141,群益金鼎-敦南,2023-05-26,9101
00888,永豐台灣ESG,100,8,92,群益金鼎-敦南,2023-05-26,9101
00712,復華富時不動產,65,0,65,群益金鼎-敦南,2023-05-26,9101
6160,欣技,119,55,64,群益金鼎-敦南,2023-05-26,9101
6163,華電網,50,0,50,群益金鼎-敦南,2023-05-26,9101
00795B,中信美國公債20年,42,0,42,群益金鼎-敦南,2023-05-26,9101
00631L,元大台灣50正2,40,0,40,群益金鼎-敦南,2023-05-26,9101
2323,中環,41,2,39,群益金鼎-敦南,2023-05-26,9101
2498,宏達電,40,2,38,群益金鼎-敦南,2023-05-26,9101
00696B,富邦美債20年,31,0,31,群益金鼎-敦南,2023-05-26,9101
9958,世紀鋼,45,14,31,群益金鼎-敦南,2023-05-26,9101
3029,零壹,51,20,31,群益金鼎-敦南,2023-05-26,9101
2883,凱基金,30,0,30,群益金鼎-敦南,2023-05-26,9101
00680L,元大美債20正2,29,0,29,群益金鼎-敦南,2023-05-26,9101
2382,廣達,52,25,27,群益金鼎-敦南,2023-05-26,9101
1795,美時,34,14,20,群益金鼎-敦南,2023-05-26,9101
5706,鳳凰,67,47,20,群益金鼎-敦南,2023-05-26,9101
4908,前鼎,20,0,20,群益金鼎-敦南,2023-05-26,9101
1340,勝悅-KY,20,0,20,群益金鼎-敦南,2023-05-26,9101
5483,中美晶,20,0,20,群益金鼎-敦南,2023-05-26,9101
006208,富邦台50,20,1,19,群益金鼎-敦南,2023-05-26,9101
00900,富邦特選高股息30,19,0,19,群益金鼎-敦南,2023-05-26,9101
3038,全台,19,0,19,群益金鼎-敦南,2023-05-26,9101
1618,合機,18,0,18,群益金鼎-敦南,2023-05-26,9101
00881,國泰台灣5G+,28,10,18,群益金鼎-敦南,2023-05-26,9101
3217,優群,17,0,17,群益金鼎-敦南,2023-05-26,9101
3705,永信,17,0,17,群益金鼎-敦南,2023-05-26,9101
00753L,中信中國50正2,17,0,17,群益金鼎-敦南,2023-05-26,9101
3045,台灣大,17,0,17,群益金鼎-敦南,2023-05-26,9101
3042,晶技,16,0,16,群益金鼎-敦南,2023-05-26,9101
6190,萬泰科,18,2,16,群益金鼎-敦南,2023-05-26,9101
5439,高技,28,12,16,群益金鼎-敦南,2023-05-26,9101
00679B,元大美債20年,16,1,15,群益金鼎-敦南,2023-05-26,9101
6112,邁達特,21,6,15,群益金鼎-敦南,2023-05-26,9101
4564,元翎,21,7,14,群益金鼎-敦南,2023-05-26,9101
3413,京鼎,13,0,13,群益金鼎-敦南,2023-05-26,9101
8046,南電,20,8,12,群益金鼎-敦南,2023-05-26,9101
3710,連展投控,12,0,12,群益金鼎-敦南,2023-05-26,9101
2368,金像電,26,14,12,群益金鼎-敦南,2023-05-26,9101
6233,旺玖,11,0,11,群益金鼎-敦南,2023-05-26,9101
6223,旺矽,26,15,11,群益金鼎-敦南,2023-05-26,9101
3628,盈正,11,0,11,群益金鼎-敦南,2023-05-26,9101
1591,駿吉-KY,11,0,11,群益金鼎-敦南,2023-05-26,9101
2634,漢翔,22,11,11,群益金鼎-敦南,2023-05-26,9101
2542,興富發,10,0,10,群益金鼎-敦南,2023-05-26,9101
3617,碩天,10,0,10,群益金鼎-敦南,2023-05-26,9101
3163,波若威,28,18,10,群益金鼎-敦南,2023-05-26,9101
9907,統一實,10,0,10,群益金鼎-敦南,2023-05-26,9101
3306,鼎天,12,2,10,群益金鼎-敦南,2023-05-26,9101
2427,三商電,189,2,187,群益金鼎-敦南,2023-05-29,9101
3704,合勤控,71,4,67,群益金鼎-敦南,2023-05-29,9101
00673R,期元大S＆P原油反1,70,10,60,群益金鼎-敦南,2023-05-29,9101
3189,景碩,56,1,55,群益金鼎-敦南,2023-05-29,9101
00882,中信中國高股息,52,0,52,群益金鼎-敦南,2023-05-29,9101
00795B,中信美國公債20年,41,0,41,群益金鼎-敦南,2023-05-29,9101
00720B,元大投資級公司債,36,0,36,群益金鼎-敦南,2023-05-29,9101
3032,偉訓,37,1,36,群益金鼎-敦南,2023-05-29,9101
00751B,元大AAA至A公司債,33,0,33,群益金鼎-敦南,2023-05-29,9101
00890B,凱基ESG BBB債,33,0,33,群益金鼎-敦南,2023-05-29,9101
3673,TPK-KY,30,0,30,群益金鼎-敦南,2023-05-29,9101
1310,台苯,30,0,30,群益金鼎-敦南,2023-05-29,9101
8234,新漢,30,0,30,群益金鼎-敦南,2023-05-29,9101
3325,旭品,30,1,29,群益金鼎-敦南,2023-05-29,9101
6282,康舒,65,38,27,群益金鼎-敦南,2023-05-29,9101
6125,廣運,69,44,25,群益金鼎-敦南,2023-05-29,9101
00687B,國泰20年美債,25,0,25,群益金鼎-敦南,2023-05-29,9101
5328,華容,24,0,24,群益金鼎-敦南,2023-05-29,9101
3234,光環,20,0,20,群益金鼎-敦南,2023-05-29,9101
4564,元翎,42,23,19,群益金鼎-敦南,2023-05-29,9101
3504,揚明光,18,0,18,群益金鼎-敦南,2023-05-29,9101
00679B,元大美債20年,21,4,17,群益金鼎-敦南,2023-05-29,9101
6558,興能高,17,0,17,群益金鼎-敦南,2023-05-29,9101
6585,鼎基,16,0,16,群益金鼎-敦南,2023-05-29,9101
2504,國產,17,1,16,群益金鼎-敦南,2023-05-29,9101
5243,乙盛-KY,18,2,16,群益金鼎-敦南,2023-05-29,9101
00631L,元大台灣50正2,15,0,15,群益金鼎-敦南,2023-05-29,9101
2454,聯發科,22,7,15,群益金鼎-敦南,2023-05-29,9101
8210,勤誠,30,16,14,群益金鼎-敦南,2023-05-29,9101
6491,晶碩,14,0,14,群益金鼎-敦南,2023-05-29,9101
00900,富邦特選高股息30,16,2,14,群益金鼎-敦南,2023-05-29,9101
5258,虹堡,12,0,12,群益金鼎-敦南,2023-05-29,9101
2371,大同,52,40,12,群益金鼎-敦南,2023-05-29,9101
2409,友達,12,1,11,群益金鼎-敦南,2023-05-29,9101
6708,天擎,10,0,10,群益金鼎-敦南,2023-05-29,9101
3017,奇鋐,26,16,10,群益金鼎-敦南,2023-05-29,9101
00642U,期元大S＆P石油,10,0,10,群益金鼎-敦南,2023-05-29,9101
3047,訊舟,10,0,10,群益金鼎-敦南,2023-05-29,9101
6005,群益證,10,0,10,群益金鼎-敦南,2023-05-29,9101
2317,鴻海,53,44,9,群益金鼎-敦南,2023-05-29,9101
5465,富驊,19,10,9,群益金鼎-敦南,2023-05-29,9101
2353,宏��,10,1,9,群益金鼎-敦南,2023-05-29,9101
6223,旺矽,23,14,9,群益金鼎-敦南,2023-05-29,9101
0056,元大高股息,20,12,8,群益金鼎-敦南,2023-05-29,9101
5871,中租-KY,9,1,8,群益金鼎-敦南,2023-05-29,9101
1314,中石化,8,0,8,群益金鼎-敦南,2023-05-29,9101
1795,美時,13,5,8,群益金鼎-敦南,2023-05-29,9101
2528,皇普,10,2,8,群益金鼎-敦南,2023-05-29,9101
2883,凱基金,10,2,8,群益金鼎-敦南,2023-05-29,9101
3037,欣興,31,24,7,群益金鼎-敦南,2023-05-29,9101
4953,緯軟,110,0,110,群益金鼎-敦南,2023-05-30,9101
2382,廣達,65,9,56,群益金鼎-敦南,2023-05-30,9101
6166,凌華,60,4,56,群益金鼎-敦南,2023-05-30,9101
2421,建準,135,85,50,群益金鼎-敦南,2023-05-30,9101
00878,國泰永續高股息,53,5,48,群益金鼎-敦南,2023-05-30,9101
00632R,元大台灣50反1,37,3,34,群益金鼎-敦南,2023-05-30,9101
6122,擎邦,27,0,27,群益金鼎-敦南,2023-05-30,9101
3305,昇貿,27,1,26,群益金鼎-敦南,2023-05-30,9101
00882,中信中國高股息,23,0,23,群益金鼎-敦南,2023-05-30,9101
00706L,期元大S＆P日圓正2,22,0,22,群益金鼎-敦南,2023-05-30,9101
3289,宜特,19,2,17,群益金鼎-敦南,2023-05-30,9101
5498,凱崴,19,3,16,群益金鼎-敦南,2023-05-30,9101
2745,五福,15,0,15,群益金鼎-敦南,2023-05-30,9101
2495,普安,16,2,14,群益金鼎-敦南,2023-05-30,9101
2302,麗正,14,0,14,群益金鼎-敦南,2023-05-30,9101
4908,前鼎,19,6,13,群益金鼎-敦南,2023-05-30,9101
3705,永信,13,0,13,群益金鼎-敦南,2023-05-30,9101
2426,鼎元,12,0,12,群益金鼎-敦南,2023-05-30,9101
5439,高技,14,2,12,群益金鼎-敦南,2023-05-30,9101
2337,旺宏,12,0,12,群益金鼎-敦南,2023-05-30,9101
3094,聯傑,15,4,11,群益金鼎-敦南,2023-05-30,9101
3058,立德,11,0,11,群益金鼎-敦南,2023-05-30,9101
6585,鼎基,11,0,11,群益金鼎-敦南,2023-05-30,9101
6188,廣明,29,18,11,群益金鼎-敦南,2023-05-30,9101
00680L,元大美債20正2,11,0,11,群益金鼎-敦南,2023-05-30,9101
2354,鴻準,11,0,11,群益金鼎-敦南,2023-05-30,9101
3231,緯創,108,97,11,群益金鼎-敦南,2023-05-30,9101
00720B,元大投資級公司債,10,0,10,群益金鼎-敦南,2023-05-30,9101
00692,富邦公司治理,10,0,10,群益金鼎-敦南,2023-05-30,9101
00687B,國泰20年美債,10,0,10,群益金鼎-敦南,2023-05-30,9101
6233,旺玖,10,0,10,群益金鼎-敦南,2023-05-30,9101
4728,雙美,10,0,10,群益金鼎-敦南,2023-05-30,9101
00637L,元大滬深300正2,10,0,10,群益金鼎-敦南,2023-05-30,9101
4906,正文,10,0,10,群益金鼎-敦南,2023-05-30,9101
2634,漢翔,17,8,9,群益金鼎-敦南,2023-05-30,9101
2356,英業達,61,52,9,群益金鼎-敦南,2023-05-30,9101
2609,陽明,15,6,9,群益金鼎-敦南,2023-05-30,9101
1314,中石化,9,0,9,群益金鼎-敦南,2023-05-30,9101
2329,華泰,15,6,9,群益金鼎-敦南,2023-05-30,9101
8271,宇瞻,8,0,8,群益金鼎-敦南,2023-05-30,9101
00679B,元大美債20年,8,0,8,群益金鼎-敦南,2023-05-30,9101
3013,晟銘電,118,110,8,群益金鼎-敦南,2023-05-30,9101
1460,宏遠,8,0,8,群益金鼎-敦南,2023-05-30,9101
1513,中興電,10,2,8,群益金鼎-敦南,2023-05-30,9101
6477,安集,10,2,8,群益金鼎-敦南,2023-05-30,9101
2331,精英,15,7,8,群益金鼎-敦南,2023-05-30,9101
5706,鳳凰,14,6,8,群益金鼎-敦南,2023-05-30,9101
8431,匯鑽科,8,0,8,群益金鼎-敦南,2023-05-30,9101
4979,華星光,86,78,8,群益金鼎-敦南,2023-05-30,9101
1504,東元,9,2,7,群益金鼎-敦南,2023-05-30,9101
2371,大同,509,44,465,群益金鼎-敦南,2023-05-31,9101
00919,群益台灣精選高息,100,1,99,群益金鼎-敦南,2023-05-31,9101
00715L,期街口布蘭特正2,79,4,75,群益金鼎-敦南,2023-05-31,9101
2736,富野,65,1,64,群益金鼎-敦南,2023-05-31,9101
00878,國泰永續高股息,56,1,55,群益金鼎-敦南,2023-05-31,9101
00712,復華富時不動產,50,0,50,群益金鼎-敦南,2023-05-31,9101
00642U,期元大S＆P石油,46,0,46,群益金鼎-敦南,2023-05-31,9101
2317,鴻海,42,1,41,群益金鼎-敦南,2023-05-31,9101
1584,精剛,33,0,33,群益金鼎-敦南,2023-05-31,9101
8076,伍豐,37,13,24,群益金鼎-敦南,2023-05-31,9101
6585,鼎基,21,0,21,群益金鼎-敦南,2023-05-31,9101
2801,彰銀,21,0,21,群益金鼎-敦南,2023-05-31,9101
1460,宏遠,20,0,20,群益金鼎-敦南,2023-05-31,9101
6163,華電網,20,0,20,群益金鼎-敦南,2023-05-31,9101
3025,星通,44,24,20,群益金鼎-敦南,2023-05-31,9101
6125,廣運,23,3,20,群益金鼎-敦南,2023-05-31,9101
2363,矽統,20,0,20,群益金鼎-敦南,2023-05-31,9101
9958,世紀鋼,21,1,20,群益金鼎-敦南,2023-05-31,9101
6111,大宇資,19,0,19,群益金鼎-敦南,2023-05-31,9101
2382,廣達,43,25,18,群益金鼎-敦南,2023-05-31,9101
1905,華紙,22,5,17,群益金鼎-敦南,2023-05-31,9101
2328,廣宇,23,8,15,群益金鼎-敦南,2023-05-31,9101
3290,東浦,15,0,15,群益金鼎-敦南,2023-05-31,9101
3706,神達,27,13,14,群益金鼎-敦南,2023-05-31,9101
4541,晟田,15,1,14,群益金鼎-敦南,2023-05-31,9101
3680,家登,13,0,13,群益金鼎-敦南,2023-05-31,9101
6281,全國電,13,0,13,群益金鼎-敦南,2023-05-31,9101
2609,陽明,13,0,13,群益金鼎-敦南,2023-05-31,9101
912000,晨訊科-DR,12,0,12,群益金鼎-敦南,2023-05-31,9101
2201,裕隆,28,16,12,群益金鼎-敦南,2023-05-31,9101
2337,旺宏,12,0,12,群益金鼎-敦南,2023-05-31,9101
6235,華孚,32,21,11,群益金鼎-敦南,2023-05-31,9101
1605,華新,12,1,11,群益金鼎-敦南,2023-05-31,9101
8905,裕國,11,0,11,群益金鼎-敦南,2023-05-31,9101
00882,中信中國高股息,11,0,11,群益金鼎-敦南,2023-05-31,9101
3037,欣興,20,10,10,群益金鼎-敦南,2023-05-31,9101
2630,亞航,12,2,10,群益金鼎-敦南,2023-05-31,9101
00632R,元大台灣50反1,26,16,10,群益金鼎-敦南,2023-05-31,9101
9907,統一實,10,0,10,群益金鼎-敦南,2023-05-31,9101
1305,華夏,10,0,10,群益金鼎-敦南,2023-05-31,9101
1442,名軒,10,0,10,群益金鼎-敦南,2023-05-31,9101
6861,睿生光電,10,0,10,群益金鼎-敦南,2023-05-31,9101
6180,橘子,9,0,9,群益金鼎-敦南,2023-05-31,9101
2206,三陽工業,17,9,8,群益金鼎-敦南,2023-05-31,9101
3444,利機,10,2,8,群益金鼎-敦南,2023-05-31,9101
3520,華盈,8,0,8,群益金鼎-敦南,2023-05-31,9101
2454,聯發科,8,1,7,群益金鼎-敦南,2023-05-31,9101
5301,寶得利,7,0,7,群益金鼎-敦南,2023-05-31,9101
4908,前鼎,12,5,7,群益金鼎-敦南,2023-05-31,9101
4114,健喬,7,0,7,群益金鼎-敦南,2023-05-31,9101
3047,訊舟,70,0,70,群益金鼎-敦南,2023-06-01,9101
6282,康舒,181,116,65,群益金鼎-敦南,2023-06-01,9101
00632R,元大台灣50反1,82,25,57,群益金鼎-敦南,2023-06-01,9101
2421,建準,56,6,50,群益金鼎-敦南,2023-06-01,9101
6188,廣明,110,61,49,群益金鼎-敦南,2023-06-01,9101
2323,中環,40,4,36,群益金鼎-敦南,2023-06-01,9101
00795B,中信美國公債20年,35,0,35,群益金鼎-敦南,2023-06-01,9101
3706,神達,58,25,33,群益金鼎-敦南,2023-06-01,9101
4121,優盛,30,0,30,群益金鼎-敦南,2023-06-01,9101
3202,樺晟,27,0,27,群益金鼎-敦南,2023-06-01,9101
1795,美時,29,2,27,群益金鼎-敦南,2023-06-01,9101
2303,聯電,29,4,25,群益金鼎-敦南,2023-06-01,9101
2408,南亞科,24,0,24,群益金鼎-敦南,2023-06-01,9101
1460,宏遠,23,0,23,群益金鼎-敦南,2023-06-01,9101
00642U,期元大S＆P石油,23,0,23,群益金鼎-敦南,2023-06-01,9101
5258,虹堡,33,13,20,群益金鼎-敦南,2023-06-01,9101
2801,彰銀,20,0,20,群益金鼎-敦南,2023-06-01,9101
2455,全新,36,16,20,群益金鼎-敦南,2023-06-01,9101
2497,怡利電,20,1,19,群益金鼎-敦南,2023-06-01,9101
6160,欣技,38,19,19,群益金鼎-敦南,2023-06-01,9101
00679B,元大美債20年,18,0,18,群益金鼎-敦南,2023-06-01,9101
1609,大亞,18,0,18,群益金鼎-敦南,2023-06-01,9101
00882,中信中國高股息,17,0,17,群益金鼎-敦南,2023-06-01,9101
4114,健喬,21,5,16,群益金鼎-敦南,2023-06-01,9101
2331,精英,31,15,16,群益金鼎-敦南,2023-06-01,9101
2103,台橡,15,0,15,群益金鼎-敦南,2023-06-01,9101
8048,德勝,15,0,15,群益金鼎-敦南,2023-06-01,9101
8076,伍豐,25,10,15,群益金鼎-敦南,2023-06-01,9101
1504,東元,20,6,14,群益金鼎-敦南,2023-06-01,9101
6197,佳必琪,20,6,14,群益金鼎-敦南,2023-06-01,9101
3260,威剛,23,10,13,群益金鼎-敦南,2023-06-01,9101
6148,驊宏資,15,2,13,群益金鼎-敦南,2023-06-01,9101
1101,台泥,13,0,13,群益金鼎-敦南,2023-06-01,9101
1513,中興電,40,28,12,群益金鼎-敦南,2023-06-01,9101
00696B,富邦美債20年,11,0,11,群益金鼎-敦南,2023-06-01,9101
2492,華新科,11,0,11,群益金鼎-敦南,2023-06-01,9101
1727,中華化,24,13,11,群益金鼎-敦南,2023-06-01,9101
2402,毅嘉,11,0,11,群益金鼎-敦南,2023-06-01,9101
3363,上詮,34,23,11,群益金鼎-敦南,2023-06-01,9101
4726,永昕,10,0,10,群益金鼎-敦南,2023-06-01,9101
2537,聯上發,10,0,10,群益金鼎-敦南,2023-06-01,9101
8028,昇陽半導體,10,0,10,群益金鼎-敦南,2023-06-01,9101
00902,中信電池及儲能,10,0,10,群益金鼎-敦南,2023-06-01,9101
3162,精確,10,0,10,群益金鼎-敦南,2023-06-01,9101
4973,廣穎,12,2,10,群益金鼎-敦南,2023-06-01,9101
2312,金寶,10,0,10,群益金鼎-敦南,2023-06-01,9101
00637L,元大滬深300正2,10,1,9,群益金鼎-敦南,2023-06-01,9101
1907,永豐餘,17,8,9,群益金鼎-敦南,2023-06-01,9101
00878,國泰永續高股息,12,3,9,群益金鼎-敦南,2023-06-01,9101
2888,新光金,8,0,8,群益金鼎-敦南,2023-06-01,9101
6188,廣明,156,15,141,群益金鼎-敦南,2023-06-02,9101
2105,正新,127,5,122,群益金鼎-敦南,2023-06-02,9101
2913,農林,145,27,118,群益金鼎-敦南,2023-06-02,9101
4953,緯軟,102,1,101,群益金鼎-敦南,2023-06-02,9101
1711,永光,78,0,78,群益金鼎-敦南,2023-06-02,9101
00882,中信中國高股息,67,1,66,群益金鼎-敦南,2023-06-02,9101
9958,世紀鋼,63,5,58,群益金鼎-敦南,2023-06-02,9101
2371,大同,68,12,56,群益金鼎-敦南,2023-06-02,9101
1305,華夏,50,0,50,群益金鼎-敦南,2023-06-02,9101
00713,元大台灣高息低波,46,0,46,群益金鼎-敦南,2023-06-02,9101
1609,大亞,78,38,40,群益金鼎-敦南,2023-06-02,9101
5465,富驊,48,10,38,群益金鼎-敦南,2023-06-02,9101
00642U,期元大S＆P石油,40,5,35,群益金鼎-敦南,2023-06-02,9101
1513,中興電,77,45,32,群益金鼎-敦南,2023-06-02,9101
2331,精英,32,5,27,群益金鼎-敦南,2023-06-02,9101
3231,緯創,145,122,23,群益金鼎-敦南,2023-06-02,9101
2734,易飛網,25,2,23,群益金鼎-敦南,2023-06-02,9101
4564,元翎,22,0,22,群益金鼎-敦南,2023-06-02,9101
1905,華紙,69,48,21,群益金鼎-敦南,2023-06-02,9101
3025,星通,23,3,20,群益金鼎-敦南,2023-06-02,9101
00679B,元大美債20年,20,1,19,群益金鼎-敦南,2023-06-02,9101
1101,台泥,54,35,19,群益金鼎-敦南,2023-06-02,9101
6649,台生材,18,0,18,群益金鼎-敦南,2023-06-02,9101
2609,陽明,20,3,17,群益金鼎-敦南,2023-06-02,9101
00670L,富邦NASDAQ正2,17,0,17,群益金鼎-敦南,2023-06-02,9101
00919,群益台灣精選高息,20,5,15,群益金鼎-敦南,2023-06-02,9101
5464,霖宏,15,0,15,群益金鼎-敦南,2023-06-02,9101
4927,泰鼎-KY,17,2,15,群益金鼎-敦南,2023-06-02,9101
2515,中工,20,6,14,群益金鼎-敦南,2023-06-02,9101
6585,鼎基,14,0,14,群益金鼎-敦南,2023-06-02,9101
4743,合一,14,0,14,群益金鼎-敦南,2023-06-02,9101
1799,易威,14,0,14,群益金鼎-敦南,2023-06-02,9101
6015,宏遠證,13,0,13,群益金鼎-敦南,2023-06-02,9101
1734,杏輝,17,4,13,群益金鼎-敦南,2023-06-02,9101
3037,欣興,17,5,12,群益金鼎-敦南,2023-06-02,9101
4973,廣穎,14,2,12,群益金鼎-敦南,2023-06-02,9101
1795,美時,17,5,12,群益金鼎-敦南,2023-06-02,9101
00631L,元大台灣50正2,12,0,12,群益金鼎-敦南,2023-06-02,9101
6446,藥華藥,12,0,12,群益金鼎-敦南,2023-06-02,9101
6625,必應,21,10,11,群益金鼎-敦南,2023-06-02,9101
6689,伊雲谷,16,6,10,群益金鼎-敦南,2023-06-02,9101
00902,中信電池及儲能,10,0,10,群益金鼎-敦南,2023-06-02,9101
00752,中信中國50,10,0,10,群益金鼎-敦南,2023-06-02,9101
2537,聯上發,10,0,10,群益金鼎-敦南,2023-06-02,9101
8011,台通,10,0,10,群益金鼎-敦南,2023-06-02,9101
8048,德勝,10,0,10,群益金鼎-敦南,2023-06-02,9101
2413,環科,10,0,10,群益金鼎-敦南,2023-06-02,9101
2201,裕隆,22,12,10,群益金鼎-敦南,2023-06-02,9101
2382,廣達,28,19,9,群益金鼎-敦南,2023-06-02,9101
6279,胡連,11,2,9,群益金鼎-敦南,2023-06-02,9101
2618,長榮航,3034,78,2956,群益金鼎-敦南,2023-06-05,9101
6160,欣技,108,5,103,群益金鼎-敦南,2023-06-05,9101
8105,凌巨,85,5,80,群益金鼎-敦南,2023-06-05,9101
6188,廣明,75,4,71,群益金鼎-敦南,2023-06-05,9101
00712,復華富時不動產,64,2,62,群益金鼎-敦南,2023-06-05,9101
3025,星通,92,30,62,群益金鼎-敦南,2023-06-05,9101
1711,永光,137,91,46,群益金鼎-敦南,2023-06-05,9101
4931,新盛力,68,22,46,群益金鼎-敦南,2023-06-05,9101
6589,台康生技,42,1,41,群益金鼎-敦南,2023-06-05,9101
00673R,期元大S＆P原油反1,40,0,40,群益金鼎-敦南,2023-06-05,9101
912000,晨訊科-DR,40,0,40,群益金鼎-敦南,2023-06-05,9101
9958,世紀鋼,41,1,40,群益金鼎-敦南,2023-06-05,9101
2344,華邦電,42,9,33,群益金鼎-敦南,2023-06-05,9101
3052,夆典,30,0,30,群益金鼎-敦南,2023-06-05,9101
00650L,復華香港正2,33,4,29,群益金鼎-敦南,2023-06-05,9101
2201,裕隆,36,8,28,群益金鼎-敦南,2023-06-05,9101
3011,今皓,32,4,28,群益金鼎-敦南,2023-06-05,9101
3017,奇鋐,52,25,27,群益金鼎-敦南,2023-06-05,9101
1442,名軒,26,0,26,群益金鼎-敦南,2023-06-05,9101
1584,精剛,29,4,25,群益金鼎-敦南,2023-06-05,9101
2353,宏��,33,9,24,群益金鼎-敦南,2023-06-05,9101
6548,長科*,24,0,24,群益金鼎-敦南,2023-06-05,9101
1101,台泥,27,4,23,群益金鼎-敦南,2023-06-05,9101
00679B,元大美債20年,32,9,23,群益金鼎-敦南,2023-06-05,9101
00687B,國泰20年美債,22,0,22,群益金鼎-敦南,2023-06-05,9101
4770,上品,21,0,21,群益金鼎-敦南,2023-06-05,9101
2809,京城銀,26,5,21,群益金鼎-敦南,2023-06-05,9101
2324,仁寶,21,0,21,群益金鼎-敦南,2023-06-05,9101
9945,潤泰新,26,5,21,群益金鼎-敦南,2023-06-05,9101
2104,國際中橡,20,0,20,群益金鼎-敦南,2023-06-05,9101
00764B,群益25年美債,20,0,20,群益金鼎-敦南,2023-06-05,9101
4916,事欣科,45,25,20,群益金鼎-敦南,2023-06-05,9101
6288,聯嘉,19,0,19,群益金鼎-敦南,2023-06-05,9101
2352,佳世達,19,0,19,群益金鼎-敦南,2023-06-05,9101
2610,華航,76,58,18,群益金鼎-敦南,2023-06-05,9101
2312,金寶,18,0,18,群益金鼎-敦南,2023-06-05,9101
2014,中鴻,18,1,17,群益金鼎-敦南,2023-06-05,9101
5310,天剛,15,0,15,群益金鼎-敦南,2023-06-05,9101
4533,協易機,17,2,15,群益金鼎-敦南,2023-06-05,9101
6470,宇智,17,2,15,群益金鼎-敦南,2023-06-05,9101
2891,中信金,15,0,15,群益金鼎-敦南,2023-06-05,9101
2331,精英,22,7,15,群益金鼎-敦南,2023-06-05,9101
2482,連宇,25,10,15,群益金鼎-敦南,2023-06-05,9101
2303,聯電,15,1,14,群益金鼎-敦南,2023-06-05,9101
2425,承啟,28,15,13,群益金鼎-敦南,2023-06-05,9101
6523,達爾膚,14,1,13,群益金鼎-敦南,2023-06-05,9101
2504,國產,15,2,13,群益金鼎-敦南,2023-06-05,9101
5464,霖宏,13,0,13,群益金鼎-敦南,2023-06-05,9101
5508,永信建,12,0,12,群益金鼎-敦南,2023-06-05,9101
6719,力智,13,1,12,群益金鼎-敦南,2023-06-05,9101
8358,金居,101,25,76,群益金鼎-敦南,2023-06-06,9101
2498,宏達電,70,2,68,群益金鼎-敦南,2023-06-06,9101
00919,群益台灣精選高息,64,0,64,群益金鼎-敦南,2023-06-06,9101
6160,欣技,60,0,60,群益金鼎-敦南,2023-06-06,9101
2425,承啟,76,17,59,群益金鼎-敦南,2023-06-06,9101
2888,新光金,71,21,50,群益金鼎-敦南,2023-06-06,9101
4953,緯軟,41,0,41,群益金鼎-敦南,2023-06-06,9101
00679B,元大美債20年,28,0,28,群益金鼎-敦南,2023-06-06,9101
3346,麗清,27,2,25,群益金鼎-敦南,2023-06-06,9101
2201,裕隆,31,9,22,群益金鼎-敦南,2023-06-06,9101
4931,新盛力,49,32,17,群益金鼎-敦南,2023-06-06,9101
1903,士紙,20,3,17,群益金鼎-敦南,2023-06-06,9101
8027,鈦昇,16,0,16,群益金鼎-敦南,2023-06-06,9101
2409,友達,19,3,16,群益金鼎-敦南,2023-06-06,9101
1314,中石化,20,5,15,群益金鼎-敦南,2023-06-06,9101
3406,玉晶光,16,2,14,群益金鼎-敦南,2023-06-06,9101
3025,星通,33,19,14,群益金鼎-敦南,2023-06-06,9101
4536,拓凱,14,0,14,群益金鼎-敦南,2023-06-06,9101
8940,新天地,13,0,13,群益金鼎-敦南,2023-06-06,9101
1514,亞力,33,20,13,群益金鼎-敦南,2023-06-06,9101
2427,三商電,32,19,13,群益金鼎-敦南,2023-06-06,9101
8038,長園科,13,0,13,群益金鼎-敦南,2023-06-06,9101
1101,台泥,13,0,13,群益金鼎-敦南,2023-06-06,9101
3037,欣興,17,4,13,群益金鼎-敦南,2023-06-06,9101
3058,立德,22,10,12,群益金鼎-敦南,2023-06-06,9101
4979,華星光,43,31,12,群益金鼎-敦南,2023-06-06,9101
2402,毅嘉,83,71,12,群益金鼎-敦南,2023-06-06,9101
2461,光群雷,19,8,11,群益金鼎-敦南,2023-06-06,9101
3033,威健,16,5,11,群益金鼎-敦南,2023-06-06,9101
3583,辛耘,36,25,11,群益金鼎-敦南,2023-06-06,9101
2388,威盛,33,22,11,群益金鼎-敦南,2023-06-06,9101
4123,晟德,14,4,10,群益金鼎-敦南,2023-06-06,9101
1319,東陽,10,0,10,群益金鼎-敦南,2023-06-06,9101
00650L,復華香港正2,10,0,10,群益金鼎-敦南,2023-06-06,9101
2610,華航,44,34,10,群益金鼎-敦南,2023-06-06,9101
2352,佳世達,10,0,10,群益金鼎-敦南,2023-06-06,9101
2356,英業達,14,4,10,群益金鼎-敦南,2023-06-06,9101
1471,首利,10,0,10,群益金鼎-敦南,2023-06-06,9101
3363,上詮,16,6,10,群益金鼎-敦南,2023-06-06,9101
2801,彰銀,10,0,10,群益金鼎-敦南,2023-06-06,9101
2460,建通,10,0,10,群益金鼎-敦南,2023-06-06,9101
1584,精剛,40,30,10,群益金鼎-敦南,2023-06-06,9101
2331,精英,20,10,10,群益金鼎-敦南,2023-06-06,9101
00671R,富邦NASDAQ反1,10,0,10,群益金鼎-敦南,2023-06-06,9101
2457,飛宏,77,68,9,群益金鼎-敦南,2023-06-06,9101
4770,上品,11,2,9,群益金鼎-敦南,2023-06-06,9101
2809,京城銀,9,0,9,群益金鼎-敦南,2023-06-06,9101
3290,東浦,10,1,9,群益金鼎-敦南,2023-06-06,9101
6585,鼎基,9,0,9,群益金鼎-敦南,2023-06-06,9101
2630,亞航,12,3,9,群益金鼎-敦南,2023-06-06,9101
1504,東元,880,32,848,群益金鼎-敦南,2023-06-07,9101
8076,伍豐,166,2,164,群益金鼎-敦南,2023-06-07,9101
00712,復華富時不動產,102,26,76,群益金鼎-敦南,2023-06-07,9101
00679B,元大美債20年,73,0,73,群益金鼎-敦南,2023-06-07,9101
2515,中工,110,58,52,群益金鼎-敦南,2023-06-07,9101
5388,中磊,51,0,51,群益金鼎-敦南,2023-06-07,9101
00927,群益半導體收益,59,12,47,群益金鼎-敦南,2023-06-07,9101
00882,中信中國高股息,47,0,47,群益金鼎-敦南,2023-06-07,9101
2356,英業達,56,9,47,群益金鼎-敦南,2023-06-07,9101
2323,中環,69,26,43,群益金鼎-敦南,2023-06-07,9101
2427,三商電,49,7,42,群益金鼎-敦南,2023-06-07,9101
2801,彰銀,31,0,31,群益金鼎-敦南,2023-06-07,9101
3017,奇鋐,44,14,30,群益金鼎-敦南,2023-06-07,9101
6233,旺玖,31,2,29,群益金鼎-敦南,2023-06-07,9101
4543,萬在,29,0,29,群益金鼎-敦南,2023-06-07,9101
3025,星通,35,7,28,群益金鼎-敦南,2023-06-07,9101
2610,華航,77,50,27,群益金鼎-敦南,2023-06-07,9101
4770,上品,25,0,25,群益金鼎-敦南,2023-06-07,9101
4114,健喬,30,5,25,群益金鼎-敦南,2023-06-07,9101
6217,中探針,36,12,24,群益金鼎-敦南,2023-06-07,9101
00885,富邦越南,25,2,23,群益金鼎-敦南,2023-06-07,9101
6282,康舒,63,42,21,群益金鼎-敦南,2023-06-07,9101
3042,晶技,18,0,18,群益金鼎-敦南,2023-06-07,9101
2706,第一店,19,1,18,群益金鼎-敦南,2023-06-07,9101
2633,台灣高鐵,18,1,17,群益金鼎-敦南,2023-06-07,9101
8222,寶一,25,8,17,群益金鼎-敦南,2023-06-07,9101
5706,鳳凰,77,61,16,群益金鼎-敦南,2023-06-07,9101
6835,圓裕,15,1,14,群益金鼎-敦南,2023-06-07,9101
3058,立德,23,10,13,群益金鼎-敦南,2023-06-07,9101
5309,系統電,13,0,13,群益金鼎-敦南,2023-06-07,9101
2401,凌陽,13,0,13,群益金鼎-敦南,2023-06-07,9101
5340,建榮,16,3,13,群益金鼎-敦南,2023-06-07,9101
3272,東碩,14,2,12,群益金鼎-敦南,2023-06-07,9101
5443,均豪,19,8,11,群益金鼎-敦南,2023-06-07,9101
4207,環泰,16,5,11,群益金鼎-敦南,2023-06-07,9101
6270,倍微,12,1,11,群益金鼎-敦南,2023-06-07,9101
4744,皇將,10,0,10,群益金鼎-敦南,2023-06-07,9101
2421,建準,16,6,10,群益金鼎-敦南,2023-06-07,9101
1305,華夏,10,0,10,群益金鼎-敦南,2023-06-07,9101
5469,瀚宇博,10,0,10,群益金鼎-敦南,2023-06-07,9101
00687B,國泰20年美債,10,0,10,群益金鼎-敦南,2023-06-07,9101
4536,拓凱,10,0,10,群益金鼎-敦南,2023-06-07,9101
3037,欣興,16,7,9,群益金鼎-敦南,2023-06-07,9101
00637L,元大滬深300正2,9,0,9,群益金鼎-敦南,2023-06-07,9101
6231,系微,9,0,9,群益金鼎-敦南,2023-06-07,9101
3004,豐達科,12,3,9,群益金鼎-敦南,2023-06-07,9101
2014,中鴻,8,0,8,群益金鼎-敦南,2023-06-07,9101
00662,富邦NASDAQ,8,0,8,群益金鼎-敦南,2023-06-07,9101
6218,豪勉,10,2,8,群益金鼎-敦南,2023-06-07,9101
0056,元大高股息,12,4,8,群益金鼎-敦南,2023-06-07,9101
1504,東元,1008,10,998,群益金鼎-敦南,2023-06-08,9101
4953,緯軟,277,0,277,群益金鼎-敦南,2023-06-08,9101
2888,新光金,117,10,107,群益金鼎-敦南,2023-06-08,9101
00878,國泰永續高股息,121,17,104,群益金鼎-敦南,2023-06-08,9101
00632R,元大台灣50反1,116,20,96,群益金鼎-敦南,2023-06-08,9101
5225,東科-KY,75,0,75,群益金鼎-敦南,2023-06-08,9101
2498,宏達電,63,0,63,群益金鼎-敦南,2023-06-08,9101
5202,力新,91,29,62,群益金鼎-敦南,2023-06-08,9101
1905,華紙,88,27,61,群益金鼎-敦南,2023-06-08,9101
00669R,國泰美國道瓊反1,50,0,50,群益金鼎-敦南,2023-06-08,9101
1513,中興電,74,28,46,群益金鼎-敦南,2023-06-08,9101
3037,欣興,52,13,39,群益金鼎-敦南,2023-06-08,9101
2427,三商電,42,3,39,群益金鼎-敦南,2023-06-08,9101
00679B,元大美債20年,34,0,34,群益金鼎-敦南,2023-06-08,9101
00687B,國泰20年美債,31,0,31,群益金鼎-敦南,2023-06-08,9101
00680L,元大美債20正2,41,10,31,群益金鼎-敦南,2023-06-08,9101
2368,金像電,33,2,31,群益金鼎-敦南,2023-06-08,9101
2457,飛宏,47,17,30,群益金鼎-敦南,2023-06-08,9101
00919,群益台灣精選高息,30,0,30,群益金鼎-敦南,2023-06-08,9101
1310,台苯,30,0,30,群益金鼎-敦南,2023-06-08,9101
4543,萬在,29,0,29,群益金鼎-敦南,2023-06-08,9101
1609,大亞,74,48,26,群益金鼎-敦南,2023-06-08,9101
6664,群翊,26,0,26,群益金鼎-敦南,2023-06-08,9101
2882,國泰金,27,4,23,群益金鼎-敦南,2023-06-08,9101
6160,欣技,42,20,22,群益金鼎-敦南,2023-06-08,9101
3058,立德,22,3,19,群益金鼎-敦南,2023-06-08,9101
2706,第一店,25,7,18,群益金鼎-敦南,2023-06-08,9101
3374,精材,23,7,16,群益金鼎-敦南,2023-06-08,9101
00773B,中信優先金融債,16,0,16,群益金鼎-敦南,2023-06-08,9101
8358,金居,19,4,15,群益金鼎-敦南,2023-06-08,9101
1402,遠東新,15,0,15,群益金鼎-敦南,2023-06-08,9101
6182,合晶,15,0,15,群益金鼎-敦南,2023-06-08,9101
00772B,中信高評級公司債,14,0,14,群益金鼎-敦南,2023-06-08,9101
2388,威盛,26,12,14,群益金鼎-敦南,2023-06-08,9101
00894,中信小資高價30,13,0,13,群益金鼎-敦南,2023-06-08,9101
6187,萬潤,24,11,13,群益金鼎-敦南,2023-06-08,9101
1795,美時,14,2,12,群益金鼎-敦南,2023-06-08,9101
00662,富邦NASDAQ,12,0,12,群益金鼎-敦南,2023-06-08,9101
6531,愛普*,18,7,11,群益金鼎-敦南,2023-06-08,9101
6101,寬魚國際,11,0,11,群益金鼎-敦南,2023-06-08,9101
5469,瀚宇博,13,2,11,群益金鼎-敦南,2023-06-08,9101
2618,長榮航,49,38,11,群益金鼎-敦南,2023-06-08,9101
3711,日月光投控,11,0,11,群益金鼎-敦南,2023-06-08,9101
4121,優盛,10,0,10,群益金鼎-敦南,2023-06-08,9101
1101,台泥,10,0,10,群益金鼎-敦南,2023-06-08,9101
2884,玉山金,10,0,10,群益金鼎-敦南,2023-06-08,9101
2066,世德,10,0,10,群益金鼎-敦南,2023-06-08,9101
4908,前鼎,10,0,10,群益金鼎-敦南,2023-06-08,9101
9962,有益,10,0,10,群益金鼎-敦南,2023-06-08,9101
3289,宜特,11,1,10,群益金鼎-敦南,2023-06-08,9101
2368,金像電,901,3,898,群益金鼎-敦南,2023-06-09,9101
2382,廣達,915,27,888,群益金鼎-敦南,2023-06-09,9101
2356,英業達,222,25,197,群益金鼎-敦南,2023-06-09,9101
00882,中信中國高股息,107,0,107,群益金鼎-敦南,2023-06-09,9101
2312,金寶,60,3,57,群益金鼎-敦南,2023-06-09,9101
2888,新光金,70,20,50,群益金鼎-敦南,2023-06-09,9101
00929,復華台灣科技優息,49,0,49,群益金鼎-敦南,2023-06-09,9101
3521,鴻翊,47,0,47,群益金鼎-敦南,2023-06-09,9101
1536,和大,45,0,45,群益金鼎-敦南,2023-06-09,9101
00632R,元大台灣50反1,144,100,44,群益金鼎-敦南,2023-06-09,9101
6126,信音,45,1,44,群益金鼎-敦南,2023-06-09,9101
1524,耿鼎,36,2,34,群益金鼎-敦南,2023-06-09,9101
00919,群益台灣精選高息,34,0,34,群益金鼎-敦南,2023-06-09,9101
2353,宏��,57,25,32,群益金鼎-敦南,2023-06-09,9101
4543,萬在,32,0,32,群益金鼎-敦南,2023-06-09,9101
3324,雙鴻,36,4,32,群益金鼎-敦南,2023-06-09,9101
5388,中磊,30,0,30,群益金鼎-敦南,2023-06-09,9101
4953,緯軟,29,0,29,群益金鼎-敦南,2023-06-09,9101
2337,旺宏,30,2,28,群益金鼎-敦南,2023-06-09,9101
6282,康舒,33,7,26,群益金鼎-敦南,2023-06-09,9101
3265,台星科,26,1,25,群益金鼎-敦南,2023-06-09,9101
1525,江申,22,2,20,群益金鼎-敦南,2023-06-09,9101
00900,富邦特選高股息30,20,0,20,群益金鼎-敦南,2023-06-09,9101
00655L,國泰中國A50正2,20,0,20,群益金鼎-敦南,2023-06-09,9101
3025,星通,35,15,20,群益金鼎-敦南,2023-06-09,9101
3015,全漢,19,0,19,群益金鼎-敦南,2023-06-09,9101
2706,第一店,23,4,19,群益金鼎-敦南,2023-06-09,9101
2329,華泰,29,10,19,群益金鼎-敦南,2023-06-09,9101
6188,廣明,49,32,17,群益金鼎-敦南,2023-06-09,9101
6125,廣運,48,33,15,群益金鼎-敦南,2023-06-09,9101
2421,建準,35,20,15,群益金鼎-敦南,2023-06-09,9101
00679B,元大美債20年,15,0,15,群益金鼎-敦南,2023-06-09,9101
3202,樺晟,15,0,15,群益金鼎-敦南,2023-06-09,9101
5525,順天,15,0,15,群益金鼎-敦南,2023-06-09,9101
2328,廣宇,16,1,15,群益金鼎-敦南,2023-06-09,9101
1533,車王電,24,10,14,群益金鼎-敦南,2023-06-09,9101
2515,中工,41,27,14,群益金鼎-敦南,2023-06-09,9101
2201,裕隆,18,5,13,群益金鼎-敦南,2023-06-09,9101
2882,國泰金,14,2,12,群益金鼎-敦南,2023-06-09,9101
1605,華新,12,0,12,群益金鼎-敦南,2023-06-09,9101
5706,鳳凰,56,44,12,群益金鼎-敦南,2023-06-09,9101
3551,世禾,18,7,11,群益金鼎-敦南,2023-06-09,9101
00712,復華富時不動產,11,0,11,群益金鼎-敦南,2023-06-09,9101
1752,南光,11,0,11,群益金鼎-敦南,2023-06-09,9101
5347,世界,12,1,11,群益金鼎-敦南,2023-06-09,9101
5475,德宏,10,0,10,群益金鼎-敦南,2023-06-09,9101
2243,宏旭-KY,10,0,10,群益金鼎-敦南,2023-06-09,9101
3594,磐儀,10,0,10,群益金鼎-敦南,2023-06-09,9101
8928,鉅明,10,0,10,群益金鼎-敦南,2023-06-09,9101
1227,佳格,10,0,10,群益金鼎-敦南,2023-06-09,9101
3231,緯創,206,28,178,群益金鼎-敦南,2023-06-12,9101
2888,新光金,192,32,160,群益金鼎-敦南,2023-06-12,9101
4770,上品,159,2,157,群益金鼎-敦南,2023-06-12,9101
4533,協易機,160,7,153,群益金鼎-敦南,2023-06-12,9101
2382,廣達,125,19,106,群益金鼎-敦南,2023-06-12,9101
2368,金像電,103,4,99,群益金鼎-敦南,2023-06-12,9101
00632R,元大台灣50反1,390,327,63,群益金鼎-敦南,2023-06-12,9101
2706,第一店,60,0,60,群益金鼎-敦南,2023-06-12,9101
00680L,元大美債20正2,60,0,60,群益金鼎-敦南,2023-06-12,9101
6160,欣技,75,26,49,群益金鼎-敦南,2023-06-12,9101
8034,榮群,56,9,47,群益金鼎-敦南,2023-06-12,9101
4543,萬在,44,0,44,群益金鼎-敦南,2023-06-12,9101
8092,建暐,31,1,30,群益金鼎-敦南,2023-06-12,9101
4114,健喬,30,0,30,群益金鼎-敦南,2023-06-12,9101
2442,新美齊,30,0,30,群益金鼎-敦南,2023-06-12,9101
3518,柏騰,30,0,30,群益金鼎-敦南,2023-06-12,9101
8996,高力,30,1,29,群益金鼎-敦南,2023-06-12,9101
00679B,元大美債20年,28,0,28,群益金鼎-敦南,2023-06-12,9101
00715L,期街口布蘭特正2,30,4,26,群益金鼎-敦南,2023-06-12,9101
6282,康舒,50,28,22,群益金鼎-敦南,2023-06-12,9101
1785,光洋科,23,1,22,群益金鼎-敦南,2023-06-12,9101
00713,元大台灣高息低波,23,2,21,群益金鼎-敦南,2023-06-12,9101
2883,凱基金,23,2,21,群益金鼎-敦南,2023-06-12,9101
1789,神隆,20,2,18,群益金鼎-敦南,2023-06-12,9101
1533,車王電,17,0,17,群益金鼎-敦南,2023-06-12,9101
1568,倉佑,26,9,17,群益金鼎-敦南,2023-06-12,9101
2884,玉山金,16,0,16,群益金鼎-敦南,2023-06-12,9101
3346,麗清,36,20,16,群益金鼎-敦南,2023-06-12,9101
2387,精元,15,0,15,群益金鼎-敦南,2023-06-12,9101
3551,世禾,16,1,15,群益金鼎-敦南,2023-06-12,9101
1905,華紙,23,8,15,群益金鼎-敦南,2023-06-12,9101
2356,英業達,33,19,14,群益金鼎-敦南,2023-06-12,9101
3628,盈正,14,0,14,群益金鼎-敦南,2023-06-12,9101
2891,中信金,14,0,14,群益金鼎-敦南,2023-06-12,9101
6733,博晟生醫,13,0,13,群益金鼎-敦南,2023-06-12,9101
6244,茂迪,22,9,13,群益金鼎-敦南,2023-06-12,9101
4903,聯光通,13,0,13,群益金鼎-敦南,2023-06-12,9101
3162,精確,17,4,13,群益金鼎-敦南,2023-06-12,9101
6203,海韻電,13,1,12,群益金鼎-敦南,2023-06-12,9101
3260,威剛,15,3,12,群益金鼎-敦南,2023-06-12,9101
8234,新漢,14,2,12,群益金鼎-敦南,2023-06-12,9101
2834,臺企銀,12,0,12,群益金鼎-敦南,2023-06-12,9101
2328,廣宇,12,0,12,群益金鼎-敦南,2023-06-12,9101
2504,國產,15,3,12,群益金鼎-敦南,2023-06-12,9101
00919,群益台灣精選高息,45,34,11,群益金鼎-敦南,2023-06-12,9101
5465,富驊,36,25,11,群益金鼎-敦南,2023-06-12,9101
1612,宏泰,11,0,11,群益金鼎-敦南,2023-06-12,9101
3710,連展投控,11,0,11,群益金鼎-敦南,2023-06-12,9101
8916,光隆,12,1,11,群益金鼎-敦南,2023-06-12,9101
5525,順天,11,0,11,群益金鼎-敦南,2023-06-12,9101
3231,緯創,296,51,245,群益金鼎-敦南,2023-06-13,9101
4533,協易機,260,109,151,群益金鼎-敦南,2023-06-13,9101
00712,復華富時不動產,114,0,114,群益金鼎-敦南,2023-06-13,9101
2382,廣達,221,117,104,群益金鼎-敦南,2023-06-13,9101
00921,兆豐龍頭等權重,96,0,96,群益金鼎-敦南,2023-06-13,9101
2834,臺企銀,70,0,70,群益金鼎-敦南,2023-06-13,9101
00642U,期元大S＆P石油,60,0,60,群益金鼎-敦南,2023-06-13,9101
2354,鴻準,52,2,50,群益金鼎-敦南,2023-06-13,9101
3038,全台,42,0,42,群益金鼎-敦南,2023-06-13,9101
00715L,期街口布蘭特正2,61,20,41,群益金鼎-敦南,2023-06-13,9101
6589,台康生技,36,0,36,群益金鼎-敦南,2023-06-13,9101
1785,光洋科,64,34,30,群益金鼎-敦南,2023-06-13,9101
1460,宏遠,30,0,30,群益金鼎-敦南,2023-06-13,9101
1104,環泥,30,0,30,群益金鼎-敦南,2023-06-13,9101
4543,萬在,30,0,30,群益金鼎-敦南,2023-06-13,9101
5483,中美晶,32,2,30,群益金鼎-敦南,2023-06-13,9101
1314,中石化,24,0,24,群益金鼎-敦南,2023-06-13,9101
4979,華星光,61,38,23,群益金鼎-敦南,2023-06-13,9101
3055,蔚華科,33,10,23,群益金鼎-敦南,2023-06-13,9101
3363,上詮,25,2,23,群益金鼎-敦南,2023-06-13,9101
6126,信音,25,3,22,群益金鼎-敦南,2023-06-13,9101
2497,怡利電,22,1,21,群益金鼎-敦南,2023-06-13,9101
1444,力麗,20,0,20,群益金鼎-敦南,2023-06-13,9101
2889,國票金,20,0,20,群益金鼎-敦南,2023-06-13,9101
5525,順天,20,0,20,群益金鼎-敦南,2023-06-13,9101
1525,江申,19,0,19,群益金鼎-敦南,2023-06-13,9101
00919,群益台灣精選高息,94,75,19,群益金鼎-敦南,2023-06-13,9101
2356,英業達,61,43,18,群益金鼎-敦南,2023-06-13,9101
2882,國泰金,18,0,18,群益金鼎-敦南,2023-06-13,9101
5381,合正,18,0,18,群益金鼎-敦南,2023-06-13,9101
00893,國泰智能電動車,18,1,17,群益金鼎-敦南,2023-06-13,9101
1319,東陽,22,5,17,群益金鼎-敦南,2023-06-13,9101
6203,海韻電,16,0,16,群益金鼎-敦南,2023-06-13,9101
3289,宜特,18,2,16,群益金鼎-敦南,2023-06-13,9101
3062,建漢,15,0,15,群益金鼎-敦南,2023-06-13,9101
00882,中信中國高股息,14,0,14,群益金鼎-敦南,2023-06-13,9101
5328,華容,14,0,14,群益金鼎-敦南,2023-06-13,9101
1522,堤維西,38,24,14,群益金鼎-敦南,2023-06-13,9101
2504,國產,14,0,14,群益金鼎-敦南,2023-06-13,9101
3518,柏騰,13,0,13,群益金鼎-敦南,2023-06-13,9101
8088,品安,59,46,13,群益金鼎-敦南,2023-06-13,9101
4906,正文,14,1,13,群益金鼎-敦南,2023-06-13,9101
2376,技嘉,26,14,12,群益金鼎-敦南,2023-06-13,9101
4903,聯光通,11,0,11,群益金鼎-敦南,2023-06-13,9101
6196,帆宣,23,12,11,群益金鼎-敦南,2023-06-13,9101
2449,京元電子,31,21,10,群益金鼎-敦南,2023-06-13,9101
4770,上品,10,0,10,群益金鼎-敦南,2023-06-13,9101
3045,台灣大,10,0,10,群益金鼎-敦南,2023-06-13,9101
5225,東科-KY,10,0,10,群益金鼎-敦南,2023-06-13,9101
1612,宏泰,10,0,10,群益金鼎-敦南,2023-06-13,9101
3706,神達,601,1,600,群益金鼎-敦南,2023-06-14,9101
00895,富邦未來車,500,19,481,群益金鼎-敦南,2023-06-14,9101
2376,技嘉,196,8,188,群益金鼎-敦南,2023-06-14,9101
1474,弘裕,112,0,112,群益金鼎-敦南,2023-06-14,9101
2888,新光金,132,41,91,群益金鼎-敦南,2023-06-14,9101
00919,群益台灣精選高息,113,33,80,群益金鼎-敦南,2023-06-14,9101
4543,萬在,54,0,54,群益金鼎-敦南,2023-06-14,9101
2498,宏達電,47,5,42,群益金鼎-敦南,2023-06-14,9101
4770,上品,38,1,37,群益金鼎-敦南,2023-06-14,9101
6546,正基,37,4,33,群益金鼎-敦南,2023-06-14,9101
2388,威盛,37,6,31,群益金鼎-敦南,2023-06-14,9101
2323,中環,71,42,29,群益金鼎-敦南,2023-06-14,9101
1314,中石化,29,0,29,群益金鼎-敦南,2023-06-14,9101
8050,廣積,58,30,28,群益金鼎-敦南,2023-06-14,9101
2454,聯發科,31,4,27,群益金鼎-敦南,2023-06-14,9101
6126,信音,26,2,24,群益金鼎-敦南,2023-06-14,9101
2405,輔信,45,23,22,群益金鼎-敦南,2023-06-14,9101
2743,山富,41,20,21,群益金鼎-敦南,2023-06-14,9101
2371,大同,20,0,20,群益金鼎-敦南,2023-06-14,9101
2034,允強,20,0,20,群益金鼎-敦南,2023-06-14,9101
00687B,國泰20年美債,18,0,18,群益金鼎-敦南,2023-06-14,9101
2324,仁寶,20,3,17,群益金鼎-敦南,2023-06-14,9101
00679B,元大美債20年,16,0,16,群益金鼎-敦南,2023-06-14,9101
5525,順天,16,0,16,群益金鼎-敦南,2023-06-14,9101
00900,富邦特選高股息30,15,0,15,群益金鼎-敦南,2023-06-14,9101
3583,辛耘,31,16,15,群益金鼎-敦南,2023-06-14,9101
3038,全台,17,2,15,群益金鼎-敦南,2023-06-14,9101
2356,英業達,134,120,14,群益金鼎-敦南,2023-06-14,9101
2457,飛宏,44,31,13,群益金鼎-敦南,2023-06-14,9101
2630,亞航,21,8,13,群益金鼎-敦南,2023-06-14,9101
2705,六福,21,8,13,群益金鼎-敦南,2023-06-14,9101
00773B,中信優先金融債,13,0,13,群益金鼎-敦南,2023-06-14,9101
4908,前鼎,13,0,13,群益金鼎-敦南,2023-06-14,9101
3078,僑威,51,38,13,群益金鼎-敦南,2023-06-14,9101
4702,中美實,12,0,12,群益金鼎-敦南,2023-06-14,9101
2449,京元電子,35,23,12,群益金鼎-敦南,2023-06-14,9101
2838A,聯邦銀甲特,12,0,12,群益金鼎-敦南,2023-06-14,9101
3043,科風,12,0,12,群益金鼎-敦南,2023-06-14,9101
4973,廣穎,21,9,12,群益金鼎-敦南,2023-06-14,9101
1409,新纖,11,0,11,群益金鼎-敦南,2023-06-14,9101
1605,華新,14,3,11,群益金鼎-敦南,2023-06-14,9101
5425,台半,13,3,10,群益金鼎-敦南,2023-06-14,9101
1444,力麗,10,0,10,群益金鼎-敦南,2023-06-14,9101
8926,台汽電,15,5,10,群益金鼎-敦南,2023-06-14,9101
3518,柏騰,10,0,10,群益金鼎-敦南,2023-06-14,9101
5388,中磊,12,2,10,群益金鼎-敦南,2023-06-14,9101
6026,福邦證,10,0,10,群益金鼎-敦南,2023-06-14,9101
3289,宜特,11,2,9,群益金鼎-敦南,2023-06-14,9101
3035,智原,21,12,9,群益金鼎-敦南,2023-06-14,9101
00712,復華富時不動產,10,1,9,群益金鼎-敦南,2023-06-14,9101
8210,勤誠,484,12,472,群益金鼎-敦南,2023-06-15,9101
2618,長榮航,357,146,211,群益金鼎-敦南,2023-06-15,9101
00713,元大台灣高息低波,106,0,106,群益金鼎-敦南,2023-06-15,9101
2888,新光金,79,1,78,群益金鼎-敦南,2023-06-15,9101
00712,復華富時不動產,74,1,73,群益金鼎-敦南,2023-06-15,9101
4903,聯光通,71,0,71,群益金鼎-敦南,2023-06-15,9101
2885,元大金,68,1,67,群益金鼎-敦南,2023-06-15,9101
00919,群益台灣精選高息,55,2,53,群益金鼎-敦南,2023-06-15,9101
2332,友訊,52,0,52,群益金鼎-敦南,2023-06-15,9101
2886,兆豐金,43,0,43,群益金鼎-敦南,2023-06-15,9101
1504,東元,52,13,39,群益金鼎-敦南,2023-06-15,9101
3483,力致,74,37,37,群益金鼎-敦南,2023-06-15,9101
4916,事欣科,58,26,32,群益金鼎-敦南,2023-06-15,9101
2891,中信金,32,0,32,群益金鼎-敦南,2023-06-15,9101
6531,愛普*,39,8,31,群益金鼎-敦南,2023-06-15,9101
00900,富邦特選高股息30,31,2,29,群益金鼎-敦南,2023-06-15,9101
2457,飛宏,33,7,26,群益金鼎-敦南,2023-06-15,9101
4543,萬在,29,3,26,群益金鼎-敦南,2023-06-15,9101
1314,中石化,25,0,25,群益金鼎-敦南,2023-06-15,9101
6205,詮欣,26,4,22,群益金鼎-敦南,2023-06-15,9101
1905,華紙,25,3,22,群益金鼎-敦南,2023-06-15,9101
3715,定穎投控,22,1,21,群益金鼎-敦南,2023-06-15,9101
3231,緯創,104,83,21,群益金鼎-敦南,2023-06-15,9101
1522,堤維西,51,30,21,群益金鼎-敦南,2023-06-15,9101
1444,力麗,20,0,20,群益金鼎-敦南,2023-06-15,9101
3684,榮昌,20,0,20,群益金鼎-敦南,2023-06-15,9101
1340,勝悅-KY,20,0,20,群益金鼎-敦南,2023-06-15,9101
2913,農林,20,0,20,群益金鼎-敦南,2023-06-15,9101
3078,僑威,44,25,19,群益金鼎-敦南,2023-06-15,9101
4538,大詠城,18,0,18,群益金鼎-敦南,2023-06-15,9101
5483,中美晶,20,3,17,群益金鼎-敦南,2023-06-15,9101
2382,廣達,34,19,15,群益金鼎-敦南,2023-06-15,9101
2468,華經,17,2,15,群益金鼎-敦南,2023-06-15,9101
2066,世德,15,0,15,群益金鼎-敦南,2023-06-15,9101
4770,上品,16,1,15,群益金鼎-敦南,2023-06-15,9101
2352,佳世達,18,4,14,群益金鼎-敦南,2023-06-15,9101
00751B,元大AAA至A公司債,13,0,13,群益金鼎-敦南,2023-06-15,9101
6470,宇智,13,1,12,群益金鼎-敦南,2023-06-15,9101
6026,福邦證,12,0,12,群益金鼎-敦南,2023-06-15,9101
6122,擎邦,18,7,11,群益金鼎-敦南,2023-06-15,9101
2453,凌群,46,35,11,群益金鼎-敦南,2023-06-15,9101
00773B,中信優先金融債,11,0,11,群益金鼎-敦南,2023-06-15,9101
00885,富邦越南,11,0,11,群益金鼎-敦南,2023-06-15,9101
1540,喬福,46,35,11,群益金鼎-敦南,2023-06-15,9101
1218,泰山,11,0,11,群益金鼎-敦南,2023-06-15,9101
2530,華建,11,0,11,群益金鼎-敦南,2023-06-15,9101
1305,華夏,10,0,10,群益金鼎-敦南,2023-06-15,9101
2498,宏達電,12,2,10,群益金鼎-敦南,2023-06-15,9101
00642U,期元大S＆P石油,10,0,10,群益金鼎-敦南,2023-06-15,9101
5276,達輝-KY,10,0,10,群益金鼎-敦南,2023-06-15,9101
00927,群益半導體收益,1067,0,1067,群益金鼎-敦南,2023-06-16,9101
2382,廣達,818,14,804,群益金鼎-敦南,2023-06-16,9101
1513,中興電,418,33,385,群益金鼎-敦南,2023-06-16,9101
6024,群益期,212,0,212,群益金鼎-敦南,2023-06-16,9101
2412,中華電,150,0,150,群益金鼎-敦南,2023-06-16,9101
2211,長榮鋼,132,0,132,群益金鼎-敦南,2023-06-16,9101
00713,元大台灣高息低波,104,0,104,群益金鼎-敦南,2023-06-16,9101
00919,群益台灣精選高息,54,1,53,群益金鼎-敦南,2023-06-16,9101
00888,永豐台灣ESG,52,0,52,群益金鼎-敦南,2023-06-16,9101
2353,宏��,60,9,51,群益金鼎-敦南,2023-06-16,9101
3706,神達,78,28,50,群益金鼎-敦南,2023-06-16,9101
00712,復華富時不動產,55,10,45,群益金鼎-敦南,2023-06-16,9101
3062,建漢,41,0,41,群益金鼎-敦南,2023-06-16,9101
2371,大同,97,57,40,群益金鼎-敦南,2023-06-16,9101
6183,關貿,39,0,39,群益金鼎-敦南,2023-06-16,9101
1609,大亞,55,23,32,群益金鼎-敦南,2023-06-16,9101
2385,群光,33,1,32,群益金鼎-敦南,2023-06-16,9101
4564,元翎,34,5,29,群益金鼎-敦南,2023-06-16,9101
6179,亞通,35,6,29,群益金鼎-敦南,2023-06-16,9101
6282,康舒,41,12,29,群益金鼎-敦南,2023-06-16,9101
3141,晶宏,36,8,28,群益金鼎-敦南,2023-06-16,9101
2834,臺企銀,28,0,28,群益金鼎-敦南,2023-06-16,9101
2891,中信金,27,0,27,群益金鼎-敦南,2023-06-16,9101
5483,中美晶,31,8,23,群益金鼎-敦南,2023-06-16,9101
8210,勤誠,28,5,23,群益金鼎-敦南,2023-06-16,9101
3224,三顧,22,0,22,群益金鼎-敦南,2023-06-16,9101
1605,華新,46,25,21,群益金鼎-敦南,2023-06-16,9101
3703,欣陸,21,0,21,群益金鼎-敦南,2023-06-16,9101
9105,泰金寶-DR,20,0,20,群益金鼎-敦南,2023-06-16,9101
1711,永光,20,0,20,群益金鼎-敦南,2023-06-16,9101
00878,國泰永續高股息,45,28,17,群益金鼎-敦南,2023-06-16,9101
2888,新光金,31,14,17,群益金鼎-敦南,2023-06-16,9101
2331,精英,19,2,17,群益金鼎-敦南,2023-06-16,9101
6443,元晶,18,2,16,群益金鼎-敦南,2023-06-16,9101
4541,晟田,15,0,15,群益金鼎-敦南,2023-06-16,9101
6126,信音,14,0,14,群益金鼎-敦南,2023-06-16,9101
2308,台達電,16,2,14,群益金鼎-敦南,2023-06-16,9101
2419,仲琦,38,25,13,群益金鼎-敦南,2023-06-16,9101
2482,連宇,15,3,12,群益金鼎-敦南,2023-06-16,9101
5009,榮剛,53,41,12,群益金鼎-敦南,2023-06-16,9101
3615,安可,13,1,12,群益金鼎-敦南,2023-06-16,9101
9933,中鼎,12,0,12,群益金鼎-敦南,2023-06-16,9101
4566,時碩工業,13,1,12,群益金鼎-敦南,2023-06-16,9101
4973,廣穎,23,11,12,群益金鼎-敦南,2023-06-16,9101
5876,上海商銀,11,0,11,群益金鼎-敦南,2023-06-16,9101
3033,威健,13,2,11,群益金鼎-敦南,2023-06-16,9101
6167,久正,11,1,10,群益金鼎-敦南,2023-06-16,9101
00650L,復華香港正2,10,0,10,群益金鼎-敦南,2023-06-16,9101
2103,台橡,10,0,10,群益金鼎-敦南,2023-06-16,9101
2801,彰銀,10,0,10,群益金鼎-敦南,2023-06-16,9101
00927,群益半導體收益,378,25,353,群益金鼎-敦南,2023-06-19,9101
2382,廣達,221,16,205,群益金鼎-敦南,2023-06-19,9101
6024,群益期,119,2,117,群益金鼎-敦南,2023-06-19,9101
3231,緯創,161,53,108,群益金鼎-敦南,2023-06-19,9101
00929,復華台灣科技優息,93,0,93,群益金鼎-敦南,2023-06-19,9101
8105,凌巨,74,1,73,群益金鼎-敦南,2023-06-19,9101
8085,福華,71,2,69,群益金鼎-敦南,2023-06-19,9101
2312,金寶,64,4,60,群益金鼎-敦南,2023-06-19,9101
00632R,元大台灣50反1,200,144,56,群益金鼎-敦南,2023-06-19,9101
5426,振發,67,15,52,群益金鼎-敦南,2023-06-19,9101
2610,華航,184,133,51,群益金鼎-敦南,2023-06-19,9101
6183,關貿,47,0,47,群益金鼎-敦南,2023-06-19,9101
6126,信音,43,0,43,群益金鼎-敦南,2023-06-19,9101
1307,三芳,40,0,40,群益金鼎-敦南,2023-06-19,9101
6120,達運,67,30,37,群益金鼎-敦南,2023-06-19,9101
3325,旭品,43,11,32,群益金鼎-敦南,2023-06-19,9101
3141,晶宏,30,0,30,群益金鼎-敦南,2023-06-19,9101
6244,茂迪,29,0,29,群益金鼎-敦南,2023-06-19,9101
4533,協易機,32,3,29,群益金鼎-敦南,2023-06-19,9101
3024,憶聲,32,6,26,群益金鼎-敦南,2023-06-19,9101
3264,欣銓,31,7,24,群益金鼎-敦南,2023-06-19,9101
2834,臺企銀,23,0,23,群益金鼎-敦南,2023-06-19,9101
2324,仁寶,29,7,22,群益金鼎-敦南,2023-06-19,9101
2368,金像電,22,0,22,群益金鼎-敦南,2023-06-19,9101
2409,友達,41,20,21,群益金鼎-敦南,2023-06-19,9101
1304,台聚,20,0,20,群益金鼎-敦南,2023-06-19,9101
4916,事欣科,31,13,18,群益金鼎-敦南,2023-06-19,9101
4163,鐿鈦,18,0,18,群益金鼎-敦南,2023-06-19,9101
2618,長榮航,33,15,18,群益金鼎-敦南,2023-06-19,9101
2104,國際中橡,80,63,17,群益金鼎-敦南,2023-06-19,9101
2211,長榮鋼,16,0,16,群益金鼎-敦南,2023-06-19,9101
1529,樂事綠能,28,13,15,群益金鼎-敦南,2023-06-19,9101
1514,亞力,23,10,13,群益金鼎-敦南,2023-06-19,9101
1108,幸福,15,2,13,群益金鼎-敦南,2023-06-19,9101
4572,駐龍,14,1,13,群益金鼎-敦南,2023-06-19,9101
2392,正崴,12,0,12,群益金鼎-敦南,2023-06-19,9101
3078,僑威,36,25,11,群益金鼎-敦南,2023-06-19,9101
3022,威強電,11,0,11,群益金鼎-敦南,2023-06-19,9101
1471,首利,10,0,10,群益金鼎-敦南,2023-06-19,9101
1305,華夏,10,0,10,群益金鼎-敦南,2023-06-19,9101
5356,協益,10,0,10,群益金鼎-敦南,2023-06-19,9101
2352,佳世達,14,4,10,群益金鼎-敦南,2023-06-19,9101
6114,久威,12,2,10,群益金鼎-敦南,2023-06-19,9101
8183,精星,10,0,10,群益金鼎-敦南,2023-06-19,9101
8222,寶一,19,9,10,群益金鼎-敦南,2023-06-19,9101
2603,長榮,19,10,9,群益金鼎-敦南,2023-06-19,9101
2498,宏達電,16,7,9,群益金鼎-敦南,2023-06-19,9101
1442,名軒,9,0,9,群益金鼎-敦南,2023-06-19,9101
2405,輔信,12,3,9,群益金鼎-敦南,2023-06-19,9101
3715,定穎投控,30,21,9,群益金鼎-敦南,2023-06-19,9101
00927,群益半導體收益,656,60,596,群益金鼎-敦南,2023-06-20,9101
6024,群益期,262,0,262,群益金鼎-敦南,2023-06-20,9101
8085,福華,88,0,88,群益金鼎-敦南,2023-06-20,9101
1444,力麗,80,0,80,群益金鼎-敦南,2023-06-20,9101
4543,萬在,62,6,56,群益金鼎-敦南,2023-06-20,9101
00878,國泰永續高股息,102,49,53,群益金鼎-敦南,2023-06-20,9101
2454,聯發科,59,8,51,群益金鼎-敦南,2023-06-20,9101
5009,榮剛,54,4,50,群益金鼎-敦南,2023-06-20,9101
2340,台亞,40,0,40,群益金鼎-敦南,2023-06-20,9101
4979,華星光,92,52,40,群益金鼎-敦南,2023-06-20,9101
2504,國產,39,0,39,群益金鼎-敦南,2023-06-20,9101
00929,復華台灣科技優息,33,0,33,群益金鼎-敦南,2023-06-20,9101
2027,大成鋼,33,0,33,群益金鼎-敦南,2023-06-20,9101
1612,宏泰,77,46,31,群益金鼎-敦南,2023-06-20,9101
2897,王道銀行,30,0,30,群益金鼎-敦南,2023-06-20,9101
1605,華新,29,2,27,群益金鼎-敦南,2023-06-20,9101
2385,群光,25,0,25,群益金鼎-敦南,2023-06-20,9101
3576,聯合再生,25,0,25,群益金鼎-敦南,2023-06-20,9101
2312,金寶,77,56,21,群益金鼎-敦南,2023-06-20,9101
6122,擎邦,22,2,20,群益金鼎-敦南,2023-06-20,9101
2356,英業達,62,43,19,群益金鼎-敦南,2023-06-20,9101
1584,精剛,79,62,17,群益金鼎-敦南,2023-06-20,9101
2405,輔信,39,24,15,群益金鼎-敦南,2023-06-20,9101
00673R,期元大S＆P原油反1,15,0,15,群益金鼎-敦南,2023-06-20,9101
2883,凱基金,15,0,15,群益金鼎-敦南,2023-06-20,9101
2634,漢翔,80,65,15,群益金鼎-敦南,2023-06-20,9101
2353,宏��,15,0,15,群益金鼎-敦南,2023-06-20,9101
7402,邑錡,19,5,14,群益金鼎-敦南,2023-06-20,9101
00679B,元大美債20年,12,0,12,群益金鼎-敦南,2023-06-20,9101
2363,矽統,12,0,12,群益金鼎-敦南,2023-06-20,9101
1752,南光,12,0,12,群益金鼎-敦南,2023-06-20,9101
8420,明揚,11,0,11,群益金鼎-敦南,2023-06-20,9101
00680L,元大美債20正2,11,0,11,群益金鼎-敦南,2023-06-20,9101
3224,三顧,11,0,11,群益金鼎-敦南,2023-06-20,9101
1474,弘裕,12,1,11,群益金鼎-敦南,2023-06-20,9101
1432,大魯閣,11,0,11,群益金鼎-敦南,2023-06-20,9101
1802,台玻,49,39,10,群益金鼎-敦南,2023-06-20,9101
1104,環泥,10,0,10,群益金鼎-敦南,2023-06-20,9101
4564,元翎,10,0,10,群益金鼎-敦南,2023-06-20,9101
3141,晶宏,10,0,10,群益金鼎-敦南,2023-06-20,9101
3029,零壹,10,0,10,群益金鼎-敦南,2023-06-20,9101
4927,泰鼎-KY,10,0,10,群益金鼎-敦南,2023-06-20,9101
00657,國泰日經225,10,0,10,群益金鼎-敦南,2023-06-20,9101
2317,鴻海,11,2,9,群益金鼎-敦南,2023-06-20,9101
3128,昇銳,10,1,9,群益金鼎-敦南,2023-06-20,9101
3264,欣銓,15,6,9,群益金鼎-敦南,2023-06-20,9101
2915,潤泰全,8,0,8,群益金鼎-敦南,2023-06-20,9101
3615,安可,8,0,8,群益金鼎-敦南,2023-06-20,9101
8076,伍豐,52,44,8,群益金鼎-敦南,2023-06-20,9101
4916,事欣科,32,25,7,群益金鼎-敦南,2023-06-20,9101
3706,神達,505,11,494,群益金鼎-敦南,2023-06-21,9101
00927,群益半導體收益,489,0,489,群益金鼎-敦南,2023-06-21,9101
1904,正隆,259,25,234,群益金鼎-敦南,2023-06-21,9101
2382,廣達,440,245,195,群益金鼎-敦南,2023-06-21,9101
3231,緯創,336,194,142,群益金鼎-敦南,2023-06-21,9101
6024,群益期,88,0,88,群益金鼎-敦南,2023-06-21,9101
2454,聯發科,75,2,73,群益金鼎-敦南,2023-06-21,9101
8085,福華,67,0,67,群益金鼎-敦南,2023-06-21,9101
2371,大同,99,32,67,群益金鼎-敦南,2023-06-21,9101
00673R,期元大S＆P原油反1,65,0,65,群益金鼎-敦南,2023-06-21,9101
2701,萬企,60,0,60,群益金鼎-敦南,2023-06-21,9101
1905,華紙,118,65,53,群益金鼎-敦南,2023-06-21,9101
1907,永豐餘,59,8,51,群益金鼎-敦南,2023-06-21,9101
3481,群創,183,135,48,群益金鼎-敦南,2023-06-21,9101
3338,泰碩,48,0,48,群益金鼎-敦南,2023-06-21,9101
4960,誠美材,41,0,41,群益金鼎-敦南,2023-06-21,9101
6275,元山,31,1,30,群益金鼎-敦南,2023-06-21,9101
1605,華新,35,6,29,群益金鼎-敦南,2023-06-21,9101
00919,群益台灣精選高息,28,0,28,群益金鼎-敦南,2023-06-21,9101
5426,振發,28,1,27,群益金鼎-敦南,2023-06-21,9101
2705,六福,71,49,22,群益金鼎-敦南,2023-06-21,9101
4108,懷特,21,0,21,群益金鼎-敦南,2023-06-21,9101
2609,陽明,22,1,21,群益金鼎-敦南,2023-06-21,9101
4979,華星光,109,91,18,群益金鼎-敦南,2023-06-21,9101
2105,正新,20,2,18,群益金鼎-敦南,2023-06-21,9101
1795,美時,18,1,17,群益金鼎-敦南,2023-06-21,9101
6877,鏵友益,15,0,15,群益金鼎-敦南,2023-06-21,9101
1504,東元,44,29,15,群益金鼎-敦南,2023-06-21,9101
4906,正文,15,0,15,群益金鼎-敦南,2023-06-21,9101
3013,晟銘電,30,16,14,群益金鼎-敦南,2023-06-21,9101
3058,立德,15,1,14,群益金鼎-敦南,2023-06-21,9101
6120,達運,64,50,14,群益金鼎-敦南,2023-06-21,9101
6160,欣技,13,0,13,群益金鼎-敦南,2023-06-21,9101
2409,友達,36,23,13,群益金鼎-敦南,2023-06-21,9101
3045,台灣大,12,0,12,群益金鼎-敦南,2023-06-21,9101
2504,國產,12,0,12,群益金鼎-敦南,2023-06-21,9101
6111,大宇資,26,14,12,群益金鼎-敦南,2023-06-21,9101
6170,統振,11,0,11,群益金鼎-敦南,2023-06-21,9101
1584,精剛,71,60,11,群益金鼎-敦南,2023-06-21,9101
3693,營邦,14,4,10,群益金鼎-敦南,2023-06-21,9101
1304,台聚,10,0,10,群益金鼎-敦南,2023-06-21,9101
4564,元翎,10,0,10,群益金鼎-敦南,2023-06-21,9101
2449,京元電子,11,1,10,群益金鼎-敦南,2023-06-21,9101
2308,台達電,10,0,10,群益金鼎-敦南,2023-06-21,9101
9958,世紀鋼,10,0,10,群益金鼎-敦南,2023-06-21,9101
00657,國泰日經225,10,0,10,群益金鼎-敦南,2023-06-21,9101
2889,國票金,10,0,10,群益金鼎-敦南,2023-06-21,9101
2427,三商電,16,6,10,群益金鼎-敦南,2023-06-21,9101
2351,順德,12,2,10,群益金鼎-敦南,2023-06-21,9101
2497,怡利電,10,0,10,群益金鼎-敦南,2023-06-21,9101
00712,復華富時不動產,310,2,308,群益金鼎-敦南,2023-06-26,9101
2201,裕隆,136,1,135,群益金鼎-敦南,2023-06-26,9101
4543,萬在,114,18,96,群益金鼎-敦南,2023-06-26,9101
6024,群益期,76,0,76,群益金鼎-敦南,2023-06-26,9101
1504,東元,65,4,61,群益金鼎-敦南,2023-06-26,9101
4979,華星光,83,26,57,群益金鼎-敦南,2023-06-26,9101
6533,晶心科,55,0,55,群益金鼎-敦南,2023-06-26,9101
3141,晶宏,40,0,40,群益金鼎-敦南,2023-06-26,9101
1471,首利,59,19,40,群益金鼎-敦南,2023-06-26,9101
2405,輔信,42,10,32,群益金鼎-敦南,2023-06-26,9101
2409,友達,67,35,32,群益金鼎-敦南,2023-06-26,9101
00715L,期街口布蘭特正2,25,0,25,群益金鼎-敦南,2023-06-26,9101
00882,中信中國高股息,25,0,25,群益金鼎-敦南,2023-06-26,9101
5426,振發,27,3,24,群益金鼎-敦南,2023-06-26,9101
3715,定穎投控,25,1,24,群益金鼎-敦南,2023-06-26,9101
6282,康舒,35,11,24,群益金鼎-敦南,2023-06-26,9101
2457,飛宏,35,12,23,群益金鼎-敦南,2023-06-26,9101
2882,國泰金,24,1,23,群益金鼎-敦南,2023-06-26,9101
1612,宏泰,22,1,21,群益金鼎-敦南,2023-06-26,9101
3673,TPK-KY,23,2,21,群益金鼎-敦南,2023-06-26,9101
5483,中美晶,20,0,20,群益金鼎-敦南,2023-06-26,9101
3217,優群,21,2,19,群益金鼎-敦南,2023-06-26,9101
8076,伍豐,33,15,18,群益金鼎-敦南,2023-06-26,9101
3092,鴻碩,20,2,18,群益金鼎-敦南,2023-06-26,9101
9950,萬國通,18,0,18,群益金鼎-敦南,2023-06-26,9101
2105,正新,17,0,17,群益金鼎-敦南,2023-06-26,9101
00679B,元大美債20年,16,0,16,群益金鼎-敦南,2023-06-26,9101
00657,國泰日經225,15,0,15,群益金鼎-敦南,2023-06-26,9101
2889,國票金,15,0,15,群益金鼎-敦南,2023-06-26,9101
1432,大魯閣,15,0,15,群益金鼎-敦南,2023-06-26,9101
2352,佳世達,14,0,14,群益金鼎-敦南,2023-06-26,9101
6217,中探針,13,0,13,群益金鼎-敦南,2023-06-26,9101
3049,精金,14,1,13,群益金鼎-敦南,2023-06-26,9101
3374,精材,19,6,13,群益金鼎-敦南,2023-06-26,9101
3037,欣興,17,4,13,群益金鼎-敦南,2023-06-26,9101
3078,僑威,25,13,12,群益金鼎-敦南,2023-06-26,9101
6125,廣運,78,67,11,群益金鼎-敦南,2023-06-26,9101
4541,晟田,11,0,11,群益金鼎-敦南,2023-06-26,9101
2385,群光,11,0,11,群益金鼎-敦南,2023-06-26,9101
4550,長佳,10,0,10,群益金鼎-敦南,2023-06-26,9101
8183,精星,10,0,10,群益金鼎-敦南,2023-06-26,9101
4168,醣聯,10,0,10,群益金鼎-敦南,2023-06-26,9101
00651R,復華香港反1,10,0,10,群益金鼎-敦南,2023-06-26,9101
9907,統一實,10,0,10,群益金鼎-敦南,2023-06-26,9101
1608,華榮,10,0,10,群益金鼎-敦南,2023-06-26,9101
6477,安集,10,0,10,群益金鼎-敦南,2023-06-26,9101
5213,亞昕,10,0,10,群益金鼎-敦南,2023-06-26,9101
00637L,元大滬深300正2,10,0,10,群益金鼎-敦南,2023-06-26,9101
2891,中信金,10,0,10,群益金鼎-敦南,2023-06-26,9101
0056,元大高股息,15,5,10,群益金鼎-敦南,2023-06-26,9101
6024,群益期,160,0,160,群益金鼎-敦南,2023-06-27,9101
00878,國泰永續高股息,157,13,144,群益金鼎-敦南,2023-06-27,9101
00712,復華富時不動產,105,0,105,群益金鼎-敦南,2023-06-27,9101
2618,長榮航,165,78,87,群益金鼎-敦南,2023-06-27,9101
2303,聯電,90,13,77,群益金鼎-敦南,2023-06-27,9101
2105,正新,63,0,63,群益金鼎-敦南,2023-06-27,9101
1532,勤美,60,0,60,群益金鼎-敦南,2023-06-27,9101
6589,台康生技,52,4,48,群益金鼎-敦南,2023-06-27,9101
2331,精英,45,0,45,群益金鼎-敦南,2023-06-27,9101
3231,緯創,102,60,42,群益金鼎-敦南,2023-06-27,9101
1301,台塑,36,0,36,群益金鼎-敦南,2023-06-27,9101
6125,廣運,37,2,35,群益金鼎-敦南,2023-06-27,9101
2312,金寶,32,1,31,群益金鼎-敦南,2023-06-27,9101
2352,佳世達,38,7,31,群益金鼎-敦南,2023-06-27,9101
2356,英業達,39,12,27,群益金鼎-敦南,2023-06-27,9101
3481,群創,43,19,24,群益金鼎-敦南,2023-06-27,9101
1905,華紙,53,30,23,群益金鼎-敦南,2023-06-27,9101
1229,聯華,24,2,22,群益金鼎-敦南,2023-06-27,9101
2324,仁寶,21,0,21,群益金鼎-敦南,2023-06-27,9101
4744,皇將,23,2,21,群益金鼎-敦南,2023-06-27,9101
4566,時碩工業,23,3,20,群益金鼎-敦南,2023-06-27,9101
00929,復華台灣科技優息,19,0,19,群益金鼎-敦南,2023-06-27,9101
1504,東元,25,6,19,群益金鼎-敦南,2023-06-27,9101
1752,南光,22,4,18,群益金鼎-敦南,2023-06-27,9101
4102,永日,16,0,16,群益金鼎-敦南,2023-06-27,9101
2610,華航,74,58,16,群益金鼎-敦南,2023-06-27,9101
2353,宏��,15,0,15,群益金鼎-敦南,2023-06-27,9101
3711,日月光投控,15,0,15,群益金鼎-敦南,2023-06-27,9101
3217,優群,20,5,15,群益金鼎-敦南,2023-06-27,9101
1528,恩德,17,2,15,群益金鼎-敦南,2023-06-27,9101
2409,友達,66,51,15,群益金鼎-敦南,2023-06-27,9101
3363,上詮,15,1,14,群益金鼎-敦南,2023-06-27,9101
1760,寶齡富錦,23,9,14,群益金鼎-敦南,2023-06-27,9101
5465,富驊,15,1,14,群益金鼎-敦南,2023-06-27,9101
3038,全台,34,20,14,群益金鼎-敦南,2023-06-27,9101
2882,國泰金,16,2,14,群益金鼎-敦南,2023-06-27,9101
3017,奇鋐,21,7,14,群益金鼎-敦南,2023-06-27,9101
6188,廣明,20,7,13,群益金鼎-敦南,2023-06-27,9101
3596,智易,14,1,13,群益金鼎-敦南,2023-06-27,9101
6180,橘子,22,9,13,群益金鼎-敦南,2023-06-27,9101
6176,瑞儀,16,3,13,群益金鼎-敦南,2023-06-27,9101
4167,松瑞藥,12,0,12,群益金鼎-敦南,2023-06-27,9101
2201,裕隆,14,4,10,群益金鼎-敦南,2023-06-27,9101
2812,台中銀,10,0,10,群益金鼎-敦南,2023-06-27,9101
6183,關貿,10,0,10,群益金鼎-敦南,2023-06-27,9101
2388,威盛,32,22,10,群益金鼎-敦南,2023-06-27,9101
1467,南緯,12,2,10,群益金鼎-敦南,2023-06-27,9101
00773B,中信優先金融債,10,0,10,群益金鼎-敦南,2023-06-27,9101
00680L,元大美債20正2,10,0,10,群益金鼎-敦南,2023-06-27,9101
4541,晟田,10,0,10,群益金鼎-敦南,2023-06-27,9101
1605,華新,211,46,165,群益金鼎-敦南,2023-06-28,9101
4175,杏一,152,2,150,群益金鼎-敦南,2023-06-28,9101
1229,聯華,130,2,128,群益金鼎-敦南,2023-06-28,9101
2356,英業達,157,38,119,群益金鼎-敦南,2023-06-28,9101
2376,技嘉,115,10,105,群益金鼎-敦南,2023-06-28,9101
2884,玉山金,102,0,102,群益金鼎-敦南,2023-06-28,9101
2330,台積電,101,0,101,群益金鼎-敦南,2023-06-28,9101
00674R,期元大S＆P黃金反1,100,0,100,群益金鼎-敦南,2023-06-28,9101
00642U,期元大S＆P石油,60,0,60,群益金鼎-敦南,2023-06-28,9101
6235,華孚,61,2,59,群益金鼎-敦南,2023-06-28,9101
8222,寶一,68,14,54,群益金鼎-敦南,2023-06-28,9101
00715L,期街口布蘭特正2,56,15,41,群益金鼎-敦南,2023-06-28,9101
2454,聯發科,50,14,36,群益金鼎-敦南,2023-06-28,9101
8088,品安,30,0,30,群益金鼎-敦南,2023-06-28,9101
1513,中興電,36,7,29,群益金鼎-敦南,2023-06-28,9101
1101,台泥,31,2,29,群益金鼎-敦南,2023-06-28,9101
6125,廣運,33,5,28,群益金鼎-敦南,2023-06-28,9101
4906,正文,45,17,28,群益金鼎-敦南,2023-06-28,9101
8085,福華,28,1,27,群益金鼎-敦南,2023-06-28,9101
5388,中磊,45,20,25,群益金鼎-敦南,2023-06-28,9101
4566,時碩工業,26,1,25,群益金鼎-敦南,2023-06-28,9101
3078,僑威,37,14,23,群益金鼎-敦南,2023-06-28,9101
1522,堤維西,23,2,21,群益金鼎-敦南,2023-06-28,9101
2027,大成鋼,36,15,21,群益金鼎-敦南,2023-06-28,9101
3231,緯創,128,108,20,群益金鼎-敦南,2023-06-28,9101
5381,合正,19,0,19,群益金鼎-敦南,2023-06-28,9101
2323,中環,31,12,19,群益金鼎-敦南,2023-06-28,9101
6111,大宇資,30,12,18,群益金鼎-敦南,2023-06-28,9101
1905,華紙,22,5,17,群益金鼎-敦南,2023-06-28,9101
9950,萬國通,15,0,15,群益金鼎-敦南,2023-06-28,9101
2409,友達,16,2,14,群益金鼎-敦南,2023-06-28,9101
3564,其陽,15,1,14,群益金鼎-敦南,2023-06-28,9101
1721,三晃,14,1,13,群益金鼎-敦南,2023-06-28,9101
2633,台灣高鐵,13,0,13,群益金鼎-敦南,2023-06-28,9101
1108,幸福,18,6,12,群益金鼎-敦南,2023-06-28,9101
3038,全台,29,17,12,群益金鼎-敦南,2023-06-28,9101
6203,海韻電,14,3,11,群益金鼎-敦南,2023-06-28,9101
6183,關貿,11,0,11,群益金鼎-敦南,2023-06-28,9101
00900,富邦特選高股息30,10,0,10,群益金鼎-敦南,2023-06-28,9101
1785,光洋科,10,0,10,群益金鼎-敦南,2023-06-28,9101
2303,聯電,10,0,10,群益金鼎-敦南,2023-06-28,9101
1789,神隆,10,0,10,群益金鼎-敦南,2023-06-28,9101
5519,隆大,10,0,10,群益金鼎-敦南,2023-06-28,9101
6197,佳必琪,11,1,10,群益金鼎-敦南,2023-06-28,9101
9940,信義,10,0,10,群益金鼎-敦南,2023-06-28,9101
2419,仲琦,10,1,9,群益金鼎-敦南,2023-06-28,9101
3287,廣寰科,14,5,9,群益金鼎-敦南,2023-06-28,9101
3481,群創,24,15,9,群益金鼎-敦南,2023-06-28,9101
2344,華邦電,10,1,9,群益金鼎-敦南,2023-06-28,9101
6165,浪凡,9,0,9,群益金鼎-敦南,2023-06-28,9101
2412,中華電,274,1,273,群益金鼎-敦南,2023-06-29,9101
2888,新光金,131,1,130,群益金鼎-敦南,2023-06-29,9101
00929,復華台灣科技優息,106,0,106,群益金鼎-敦南,2023-06-29,9101
2884,玉山金,100,1,99,群益金鼎-敦南,2023-06-29,9101
9914,美利達,89,2,87,群益金鼎-敦南,2023-06-29,9101
9942,茂順,68,0,68,群益金鼎-敦南,2023-06-29,9101
2409,友達,63,1,62,群益金鼎-敦南,2023-06-29,9101
2618,長榮航,75,22,53,群益金鼎-敦南,2023-06-29,9101
4121,優盛,69,29,40,群益金鼎-敦南,2023-06-29,9101
3481,群創,47,8,39,群益金鼎-敦南,2023-06-29,9101
8110,華東,34,2,32,群益金鼎-敦南,2023-06-29,9101
2427,三商電,32,2,30,群益金鼎-敦南,2023-06-29,9101
2303,聯電,29,0,29,群益金鼎-敦南,2023-06-29,9101
6125,廣運,29,1,28,群益金鼎-敦南,2023-06-29,9101
00715L,期街口布蘭特正2,45,20,25,群益金鼎-敦南,2023-06-29,9101
8050,廣積,24,0,24,群益金鼎-敦南,2023-06-29,9101
6235,華孚,24,1,23,群益金鼎-敦南,2023-06-29,9101
6153,嘉聯益,29,6,23,群益金鼎-敦南,2023-06-29,9101
3703,欣陸,21,0,21,群益金鼎-敦南,2023-06-29,9101
00753L,中信中國50正2,20,0,20,群益金鼎-敦南,2023-06-29,9101
4916,事欣科,22,2,20,群益金鼎-敦南,2023-06-29,9101
00642U,期元大S＆P石油,20,0,20,群益金鼎-敦南,2023-06-29,9101
3058,立德,20,0,20,群益金鼎-敦南,2023-06-29,9101
2419,仲琦,100,81,19,群益金鼎-敦南,2023-06-29,9101
1605,華新,27,8,19,群益金鼎-敦南,2023-06-29,9101
1471,首利,19,0,19,群益金鼎-敦南,2023-06-29,9101
4155,訊映,28,11,17,群益金鼎-敦南,2023-06-29,9101
4746,台耀,24,9,15,群益金鼎-敦南,2023-06-29,9101
00919,群益台灣精選高息,15,1,14,群益金鼎-敦南,2023-06-29,9101
2498,宏達電,14,0,14,群益金鼎-敦南,2023-06-29,9101
2610,華航,29,17,12,群益金鼎-敦南,2023-06-29,9101
2486,一詮,12,0,12,群益金鼎-敦南,2023-06-29,9101
1528,恩德,23,11,12,群益金鼎-敦南,2023-06-29,9101
2031,新光鋼,12,0,12,群益金鼎-敦南,2023-06-29,9101
3207,耀勝,53,42,11,群益金鼎-敦南,2023-06-29,9101
2634,漢翔,13,2,11,群益金鼎-敦南,2023-06-29,9101
2201,裕隆,11,0,11,群益金鼎-敦南,2023-06-29,9101
6733,博晟生醫,10,0,10,群益金鼎-敦南,2023-06-29,9101
2891,中信金,10,0,10,群益金鼎-敦南,2023-06-29,9101
2838A,聯邦銀甲特,10,0,10,群益金鼎-敦南,2023-06-29,9101
6183,關貿,10,0,10,群益金鼎-敦南,2023-06-29,9101
3141,晶宏,10,0,10,群益金鼎-敦南,2023-06-29,9101
2457,飛宏,14,5,9,群益金鼎-敦南,2023-06-29,9101
4129,聯合,10,2,8,群益金鼎-敦南,2023-06-29,9101
2388,威盛,37,29,8,群益金鼎-敦南,2023-06-29,9101
6126,信音,10,2,8,群益金鼎-敦南,2023-06-29,9101
3025,星通,35,27,8,群益金鼎-敦南,2023-06-29,9101
8403,盛弘,26,18,8,群益金鼎-敦南,2023-06-29,9101
00657,國泰日經225,8,0,8,群益金鼎-敦南,2023-06-29,9101
4903,聯光通,8,0,8,群益金鼎-敦南,2023-06-29,9101
2382,廣達,617,22,595,群益金鼎-敦南,2023-06-30,9101
2376,技嘉,113,18,95,群益金鼎-敦南,2023-06-30,9101
2610,華航,89,12,77,群益金鼎-敦南,2023-06-30,9101
9933,中鼎,50,0,50,群益金鼎-敦南,2023-06-30,9101
2312,金寶,65,19,46,群益金鼎-敦南,2023-06-30,9101
6153,嘉聯益,87,44,43,群益金鼎-敦南,2023-06-30,9101
6120,達運,40,0,40,群益金鼎-敦南,2023-06-30,9101
2603,長榮,131,92,39,群益金鼎-敦南,2023-06-30,9101
00632R,元大台灣50反1,70,33,37,群益金鼎-敦南,2023-06-30,9101
1605,華新,48,12,36,群益金鼎-敦南,2023-06-30,9101
00795B,中信美國公債20年,33,0,33,群益金鼎-敦南,2023-06-30,9101
2105,正新,25,0,25,群益金鼎-敦南,2023-06-30,9101
2615,萬海,25,0,25,群益金鼎-敦南,2023-06-30,9101
00687B,國泰20年美債,25,0,25,群益金鼎-敦南,2023-06-30,9101
3058,立德,25,1,24,群益金鼎-敦南,2023-06-30,9101
1101,台泥,30,6,24,群益金鼎-敦南,2023-06-30,9101
2405,輔信,23,0,23,群益金鼎-敦南,2023-06-30,9101
6245,立端,22,0,22,群益金鼎-敦南,2023-06-30,9101
2888,新光金,21,0,21,群益金鼎-敦南,2023-06-30,9101
1301,台塑,19,0,19,群益金鼎-敦南,2023-06-30,9101
3483,力致,28,9,19,群益金鼎-敦南,2023-06-30,9101
00679B,元大美債20年,18,0,18,群益金鼎-敦南,2023-06-30,9101
4543,萬在,25,7,18,群益金鼎-敦南,2023-06-30,9101
4538,大詠城,23,5,18,群益金鼎-敦南,2023-06-30,9101
6148,驊宏資,15,0,15,群益金鼎-敦南,2023-06-30,9101
4563,百德,17,2,15,群益金鼎-敦南,2023-06-30,9101
2344,華邦電,21,6,15,群益金鼎-敦南,2023-06-30,9101
5222,全訊,15,0,15,群益金鼎-敦南,2023-06-30,9101
2323,中環,20,5,15,群益金鼎-敦南,2023-06-30,9101
2455,全新,19,4,15,群益金鼎-敦南,2023-06-30,9101
8234,新漢,14,0,14,群益金鼎-敦南,2023-06-30,9101
5481,新華,14,0,14,群益金鼎-敦南,2023-06-30,9101
1533,車王電,14,1,13,群益金鼎-敦南,2023-06-30,9101
1789,神隆,11,0,11,群益金鼎-敦南,2023-06-30,9101
2891,中信金,11,0,11,群益金鼎-敦南,2023-06-30,9101
6125,廣運,33,22,11,群益金鼎-敦南,2023-06-30,9101
3011,今皓,17,6,11,群益金鼎-敦南,2023-06-30,9101
2882,國泰金,12,2,10,群益金鼎-敦南,2023-06-30,9101
2421,建準,13,3,10,群益金鼎-敦南,2023-06-30,9101
1513,中興電,15,5,10,群益金鼎-敦南,2023-06-30,9101
5009,榮剛,50,40,10,群益金鼎-敦南,2023-06-30,9101
1460,宏遠,10,0,10,群益金鼎-敦南,2023-06-30,9101
4147,中裕,19,9,10,群益金鼎-敦南,2023-06-30,9101
3591,艾笛森,10,0,10,群益金鼎-敦南,2023-06-30,9101
00878,國泰永續高股息,17,8,9,群益金鼎-敦南,2023-06-30,9101
6197,佳必琪,11,2,9,群益金鼎-敦南,2023-06-30,9101
2340,台亞,15,6,9,群益金鼎-敦南,2023-06-30,9101
3045,台灣大,9,0,9,群益金鼎-敦南,2023-06-30,9101
6139,亞翔,23,14,9,群益金鼎-敦南,2023-06-30,9101
2609,陽明,30,21,9,群益金鼎-敦南,2023-06-30,9101
2609,陽明,803,237,566,群益金鼎-敦南,2023-07-03,9101
4417,金洲,322,0,322,群益金鼎-敦南,2023-07-03,9101
2308,台達電,75,6,69,群益金鼎-敦南,2023-07-03,9101
9958,世紀鋼,68,6,62,群益金鼎-敦南,2023-07-03,9101
6142,友勁,61,0,61,群益金鼎-敦南,2023-07-03,9101
2330,台積電,53,9,44,群益金鼎-敦南,2023-07-03,9101
2405,輔信,43,0,43,群益金鼎-敦南,2023-07-03,9101
6125,廣運,47,8,39,群益金鼎-敦南,2023-07-03,9101
2317,鴻海,43,13,30,群益金鼎-敦南,2023-07-03,9101
1905,華紙,67,38,29,群益金鼎-敦南,2023-07-03,9101
2329,華泰,50,21,29,群益金鼎-敦南,2023-07-03,9101
4123,晟德,30,2,28,群益金鼎-敦南,2023-07-03,9101
2010,春源,27,0,27,群益金鼎-敦南,2023-07-03,9101
00893,國泰智能電動車,25,0,25,群益金鼎-敦南,2023-07-03,9101
6269,台郡,24,0,24,群益金鼎-敦南,2023-07-03,9101
5258,虹堡,33,9,24,群益金鼎-敦南,2023-07-03,9101
00882,中信中國高股息,30,8,22,群益金鼎-敦南,2023-07-03,9101
2331,精英,36,15,21,群益金鼎-敦南,2023-07-03,9101
2890,永豐金,20,0,20,群益金鼎-敦南,2023-07-03,9101
1795,美時,25,5,20,群益金鼎-敦南,2023-07-03,9101
5426,振發,21,1,20,群益金鼎-敦南,2023-07-03,9101
2303,聯電,22,3,19,群益金鼎-敦南,2023-07-03,9101
00632R,元大台灣50反1,25,6,19,群益金鼎-敦南,2023-07-03,9101
2105,正新,36,18,18,群益金鼎-敦南,2023-07-03,9101
4532,瑞智,26,8,18,群益金鼎-敦南,2023-07-03,9101
3141,晶宏,19,1,18,群益金鼎-敦南,2023-07-03,9101
3045,台灣大,17,0,17,群益金鼎-敦南,2023-07-03,9101
2002,中鋼,17,0,17,群益金鼎-敦南,2023-07-03,9101
2888,新光金,17,0,17,群益金鼎-敦南,2023-07-03,9101
00631L,元大台灣50正2,16,0,16,群益金鼎-敦南,2023-07-03,9101
3704,合勤控,64,48,16,群益金鼎-敦南,2023-07-03,9101
6488,環球晶,15,0,15,群益金鼎-敦南,2023-07-03,9101
1611,中電,13,0,13,群益金鼎-敦南,2023-07-03,9101
0056,元大高股息,23,10,13,群益金鼎-敦南,2023-07-03,9101
6182,合晶,18,6,12,群益金鼎-敦南,2023-07-03,9101
3652,精聯,12,0,12,群益金鼎-敦南,2023-07-03,9101
2421,建準,32,21,11,群益金鼎-敦南,2023-07-03,9101
5222,全訊,11,0,11,群益金鼎-敦南,2023-07-03,9101
4566,時碩工業,37,26,11,群益金鼎-敦南,2023-07-03,9101
2376,技嘉,17,7,10,群益金鼎-敦南,2023-07-03,9101
2645,長榮航太,10,0,10,群益金鼎-敦南,2023-07-03,9101
3363,上詮,11,1,10,群益金鼎-敦南,2023-07-03,9101
4909,新復興,12,2,10,群益金鼎-敦南,2023-07-03,9101
5234,達興材料,10,0,10,群益金鼎-敦南,2023-07-03,9101
2328,廣宇,12,2,10,群益金鼎-敦南,2023-07-03,9101
5465,富驊,31,21,10,群益金鼎-敦南,2023-07-03,9101
6223,旺矽,17,7,10,群益金鼎-敦南,2023-07-03,9101
2603,長榮,37,27,10,群益金鼎-敦南,2023-07-03,9101
3027,盛達,33,24,9,群益金鼎-敦南,2023-07-03,9101
2498,宏達電,10,2,8,群益金鼎-敦南,2023-07-03,9101
2382,廣達,356,63,293,群益金鼎-敦南,2023-07-04,9101
2353,宏��,201,0,201,群益金鼎-敦南,2023-07-04,9101
2376,技嘉,211,20,191,群益金鼎-敦南,2023-07-04,9101
2888,新光金,164,1,163,群益金鼎-敦南,2023-07-04,9101
2618,長榮航,127,22,105,群益金鼎-敦南,2023-07-04,9101
00751B,元大AAA至A公司債,82,22,60,群益金鼎-敦南,2023-07-04,9101
1108,幸福,60,0,60,群益金鼎-敦南,2023-07-04,9101
2356,英業達,509,449,60,群益金鼎-敦南,2023-07-04,9101
6548,長科*,50,2,48,群益金鼎-敦南,2023-07-04,9101
2324,仁寶,53,9,44,群益金鼎-敦南,2023-07-04,9101
2317,鴻海,52,13,39,群益金鼎-敦南,2023-07-04,9101
3450,聯鈞,38,1,37,群益金鼎-敦南,2023-07-04,9101
6125,廣運,38,1,37,群益金鼎-敦南,2023-07-04,9101
2399,映泰,65,31,34,群益金鼎-敦南,2023-07-04,9101
2312,金寶,53,21,32,群益金鼎-敦南,2023-07-04,9101
3025,星通,62,32,30,群益金鼎-敦南,2023-07-04,9101
2603,長榮,107,78,29,群益金鼎-敦南,2023-07-04,9101
6168,宏齊,29,0,29,群益金鼎-敦南,2023-07-04,9101
5483,中美晶,31,2,29,群益金鼎-敦南,2023-07-04,9101
3481,群創,29,1,28,群益金鼎-敦南,2023-07-04,9101
3706,神達,89,64,25,群益金鼎-敦南,2023-07-04,9101
4532,瑞智,27,2,25,群益金鼎-敦南,2023-07-04,9101
3038,全台,27,2,25,群益金鼎-敦南,2023-07-04,9101
6217,中探針,24,0,24,群益金鼎-敦南,2023-07-04,9101
00929,復華台灣科技優息,24,1,23,群益金鼎-敦南,2023-07-04,9101
3078,僑威,32,10,22,群益金鼎-敦南,2023-07-04,9101
1409,新纖,20,0,20,群益金鼎-敦南,2023-07-04,9101
3052,夆典,20,0,20,群益金鼎-敦南,2023-07-04,9101
3704,合勤控,96,78,18,群益金鼎-敦南,2023-07-04,9101
3521,鴻翊,16,0,16,群益金鼎-敦南,2023-07-04,9101
2486,一詮,35,19,16,群益金鼎-敦南,2023-07-04,9101
3141,晶宏,15,0,15,群益金鼎-敦南,2023-07-04,9101
00631L,元大台灣50正2,15,0,15,群益金鼎-敦南,2023-07-04,9101
3013,晟銘電,55,41,14,群益金鼎-敦南,2023-07-04,9101
1605,華新,15,2,13,群益金鼎-敦南,2023-07-04,9101
5425,台半,14,1,13,群益金鼎-敦南,2023-07-04,9101
3207,耀勝,17,5,12,群益金鼎-敦南,2023-07-04,9101
3029,零壹,12,0,12,群益金鼎-敦南,2023-07-04,9101
3306,鼎天,13,1,12,群益金鼎-敦南,2023-07-04,9101
2402,毅嘉,60,48,12,群益金鼎-敦南,2023-07-04,9101
4919,新唐,20,8,12,群益金鼎-敦南,2023-07-04,9101
3037,欣興,13,1,12,群益金鼎-敦南,2023-07-04,9101
2331,精英,15,4,11,群益金鼎-敦南,2023-07-04,9101
2425,承啟,18,7,11,群益金鼎-敦南,2023-07-04,9101
2368,金像電,18,7,11,群益金鼎-敦南,2023-07-04,9101
6276,安鈦克,23,12,11,群益金鼎-敦南,2023-07-04,9101
1785,光洋科,11,0,11,群益金鼎-敦南,2023-07-04,9101
5525,順天,11,0,11,群益金鼎-敦南,2023-07-04,9101
6470,宇智,24,13,11,群益金鼎-敦南,2023-07-04,9101
1795,美時,11,0,11,群益金鼎-敦南,2023-07-04,9101
1904,正隆,175,0,175,群益金鼎-敦南,2023-07-05,9101
4532,瑞智,162,2,160,群益金鼎-敦南,2023-07-05,9101
2610,華航,217,78,139,群益金鼎-敦南,2023-07-05,9101
6111,大宇資,135,16,119,群益金鼎-敦南,2023-07-05,9101
3687,歐買尬,121,8,113,群益金鼎-敦南,2023-07-05,9101
3454,晶睿,102,3,99,群益金鼎-敦南,2023-07-05,9101
3231,緯創,194,100,94,群益金鼎-敦南,2023-07-05,9101
2356,英業達,132,59,73,群益金鼎-敦南,2023-07-05,9101
2312,金寶,100,36,64,群益金鼎-敦南,2023-07-05,9101
5876,上海商銀,61,2,59,群益金鼎-敦南,2023-07-05,9101
3704,合勤控,62,13,49,群益金鼎-敦南,2023-07-05,9101
2609,陽明,122,74,48,群益金鼎-敦南,2023-07-05,9101
5301,寶得利,46,0,46,群益金鼎-敦南,2023-07-05,9101
2419,仲琦,49,3,46,群益金鼎-敦南,2023-07-05,9101
1314,中石化,45,0,45,群益金鼎-敦南,2023-07-05,9101
1220,台榮,40,0,40,群益金鼎-敦南,2023-07-05,9101
00878,國泰永續高股息,43,5,38,群益金鼎-敦南,2023-07-05,9101
4121,優盛,38,2,36,群益金鼎-敦南,2023-07-05,9101
6282,康舒,67,35,32,群益金鼎-敦南,2023-07-05,9101
00882,中信中國高股息,30,0,30,群益金鼎-敦南,2023-07-05,9101
00664R,國泰臺灣加權反1,30,0,30,群益金鼎-敦南,2023-07-05,9101
5426,振發,30,0,30,群益金鼎-敦南,2023-07-05,9101
2913,農林,30,0,30,群益金鼎-敦南,2023-07-05,9101
3715,定穎投控,46,17,29,群益金鼎-敦南,2023-07-05,9101
2618,長榮航,165,137,28,群益金鼎-敦南,2023-07-05,9101
6125,廣運,29,5,24,群益金鼎-敦南,2023-07-05,9101
6183,關貿,21,0,21,群益金鼎-敦南,2023-07-05,9101
3450,聯鈞,20,0,20,群益金鼎-敦南,2023-07-05,9101
2881,富邦金,20,0,20,群益金鼎-敦南,2023-07-05,9101
1905,華紙,57,38,19,群益金鼎-敦南,2023-07-05,9101
8234,新漢,18,0,18,群益金鼎-敦南,2023-07-05,9101
2329,華泰,61,43,18,群益金鼎-敦南,2023-07-05,9101
0056,元大高股息,25,8,17,群益金鼎-敦南,2023-07-05,9101
4904,遠傳,16,0,16,群益金鼎-敦南,2023-07-05,9101
6160,欣技,48,32,16,群益金鼎-敦南,2023-07-05,9101
3105,穩懋,19,4,15,群益金鼎-敦南,2023-07-05,9101
3141,晶宏,16,1,15,群益金鼎-敦南,2023-07-05,9101
1711,永光,15,0,15,群益金鼎-敦南,2023-07-05,9101
2317,鴻海,17,2,15,群益金鼎-敦南,2023-07-05,9101
4916,事欣科,16,2,14,群益金鼎-敦南,2023-07-05,9101
8086,宏捷科,22,8,14,群益金鼎-敦南,2023-07-05,9101
00927,群益半導體收益,15,2,13,群益金鼎-敦南,2023-07-05,9101
2427,三商電,66,53,13,群益金鼎-敦南,2023-07-05,9101
4976,佳凌,12,0,12,群益金鼎-敦南,2023-07-05,9101
2369,菱生,21,9,12,群益金鼎-敦南,2023-07-05,9101
3071,協禧,33,22,11,群益金鼎-敦南,2023-07-05,9101
3131,弘塑,11,0,11,群益金鼎-敦南,2023-07-05,9101
3163,波若威,65,54,11,群益金鼎-敦南,2023-07-05,9101
4979,華星光,60,49,11,群益金鼎-敦南,2023-07-05,9101
4155,訊映,14,3,11,群益金鼎-敦南,2023-07-05,9101
00882,中信中國高股息,102,0,102,群益金鼎-敦南,2023-07-06,9101
2883,凱基金,116,14,102,群益金鼎-敦南,2023-07-06,9101
2834,臺企銀,100,1,99,群益金鼎-敦南,2023-07-06,9101
2610,華航,90,12,78,群益金鼎-敦南,2023-07-06,9101
00680L,元大美債20正2,64,0,64,群益金鼎-敦南,2023-07-06,9101
00673R,期元大S＆P原油反1,60,0,60,群益金鼎-敦南,2023-07-06,9101
2801,彰銀,52,0,52,群益金鼎-敦南,2023-07-06,9101
2317,鴻海,48,2,46,群益金鼎-敦南,2023-07-06,9101
00712,復華富時不動產,55,11,44,群益金鼎-敦南,2023-07-06,9101
2881,富邦金,42,0,42,群益金鼎-敦南,2023-07-06,9101
4526,東台,40,0,40,群益金鼎-敦南,2023-07-06,9101
4121,優盛,42,2,40,群益金鼎-敦南,2023-07-06,9101
2504,國產,37,1,36,群益金鼎-敦南,2023-07-06,9101
3037,欣興,50,15,35,群益金鼎-敦南,2023-07-06,9101
2889,國票金,35,0,35,群益金鼎-敦南,2023-07-06,9101
2498,宏達電,46,12,34,群益金鼎-敦南,2023-07-06,9101
3521,鴻翊,36,4,32,群益金鼎-敦南,2023-07-06,9101
2312,金寶,34,3,31,群益金鼎-敦南,2023-07-06,9101
00753L,中信中國50正2,31,0,31,群益金鼎-敦南,2023-07-06,9101
00679B,元大美債20年,29,0,29,群益金鼎-敦南,2023-07-06,9101
2353,宏��,36,7,29,群益金鼎-敦南,2023-07-06,9101
3231,緯創,109,80,29,群益金鼎-敦南,2023-07-06,9101
1519,華城,30,2,28,群益金鼎-敦南,2023-07-06,9101
5483,中美晶,35,7,28,群益金鼎-敦南,2023-07-06,9101
2206,三陽工業,30,2,28,群益金鼎-敦南,2023-07-06,9101
4770,上品,27,0,27,群益金鼎-敦南,2023-07-06,9101
5009,榮剛,34,8,26,群益金鼎-敦南,2023-07-06,9101
8210,勤誠,31,6,25,群益金鼎-敦南,2023-07-06,9101
1101,台泥,25,0,25,群益金鼎-敦南,2023-07-06,9101
2633,台灣高鐵,23,0,23,群益金鼎-敦南,2023-07-06,9101
2891,中信金,33,10,23,群益金鼎-敦南,2023-07-06,9101
2888,新光金,21,0,21,群益金鼎-敦南,2023-07-06,9101
9958,世紀鋼,27,6,21,群益金鼎-敦南,2023-07-06,9101
8936,國統,24,3,21,群益金鼎-敦南,2023-07-06,9101
6120,達運,20,0,20,群益金鼎-敦南,2023-07-06,9101
1434,福懋,40,20,20,群益金鼎-敦南,2023-07-06,9101
2534,宏盛,20,0,20,群益金鼎-敦南,2023-07-06,9101
6182,合晶,26,6,20,群益金鼎-敦南,2023-07-06,9101
3564,其陽,22,3,19,群益金鼎-敦南,2023-07-06,9101
1905,華紙,24,5,19,群益金鼎-敦南,2023-07-06,9101
3713,新晶投控,19,0,19,群益金鼎-敦南,2023-07-06,9101
4746,台耀,29,10,19,群益金鼎-敦南,2023-07-06,9101
00687B,國泰20年美債,18,0,18,群益金鼎-敦南,2023-07-06,9101
2609,陽明,40,23,17,群益金鼎-敦南,2023-07-06,9101
4927,泰鼎-KY,16,0,16,群益金鼎-敦南,2023-07-06,9101
5222,全訊,15,0,15,群益金鼎-敦南,2023-07-06,9101
6770,力積電,15,0,15,群益金鼎-敦南,2023-07-06,9101
6276,安鈦克,14,0,14,群益金鼎-敦南,2023-07-06,9101
2330,台積電,14,0,14,群益金鼎-敦南,2023-07-06,9101
2419,仲琦,34,22,12,群益金鼎-敦南,2023-07-06,9101
00632R,元大台灣50反1,255,5,250,群益金鼎-敦南,2023-07-07,9101
6282,康舒,204,43,161,群益金鼎-敦南,2023-07-07,9101
00679B,元大美債20年,131,0,131,群益金鼎-敦南,2023-07-07,9101
9933,中鼎,123,0,123,群益金鼎-敦南,2023-07-07,9101
00753L,中信中國50正2,121,0,121,群益金鼎-敦南,2023-07-07,9101
00673R,期元大S＆P原油反1,120,0,120,群益金鼎-敦南,2023-07-07,9101
00764B,群益25年美債,93,0,93,群益金鼎-敦南,2023-07-07,9101
00900,富邦特選高股息30,74,0,74,群益金鼎-敦南,2023-07-07,9101
4526,東台,70,0,70,群益金鼎-敦南,2023-07-07,9101
00795B,中信美國公債20年,66,0,66,群益金鼎-敦南,2023-07-07,9101
5289,宜鼎,62,2,60,群益金鼎-敦南,2023-07-07,9101
2356,英業達,97,41,56,群益金鼎-敦南,2023-07-07,9101
00878,國泰永續高股息,59,7,52,群益金鼎-敦南,2023-07-07,9101
4417,金洲,50,0,50,群益金鼎-敦南,2023-07-07,9101
2834,臺企銀,50,5,45,群益金鼎-敦南,2023-07-07,9101
00706L,期元大S＆P日圓正2,40,0,40,群益金鼎-敦南,2023-07-07,9101
2888,新光金,37,0,37,群益金鼎-敦南,2023-07-07,9101
00722B,群益投資級電信債,36,0,36,群益金鼎-敦南,2023-07-07,9101
00882,中信中國高股息,31,0,31,群益金鼎-敦南,2023-07-07,9101
3033,威健,62,31,31,群益金鼎-敦南,2023-07-07,9101
00712,復華富時不動產,30,0,30,群益金鼎-敦南,2023-07-07,9101
2897,王道銀行,30,0,30,群益金鼎-敦南,2023-07-07,9101
5426,振發,27,0,27,群益金鼎-敦南,2023-07-07,9101
8050,廣積,31,6,25,群益金鼎-敦南,2023-07-07,9101
3047,訊舟,26,2,24,群益金鼎-敦南,2023-07-07,9101
1604,聲寶,24,0,24,群益金鼎-敦南,2023-07-07,9101
00687B,國泰20年美債,32,9,23,群益金鼎-敦南,2023-07-07,9101
6278,台表科,23,0,23,群益金鼎-敦南,2023-07-07,9101
2329,華泰,34,14,20,群益金鼎-敦南,2023-07-07,9101
2855,統一證,20,0,20,群益金鼎-敦南,2023-07-07,9101
4510,高鋒,35,15,20,群益金鼎-敦南,2023-07-07,9101
8048,德勝,27,9,18,群益金鼎-敦南,2023-07-07,9101
3162,精確,17,0,17,群益金鼎-敦南,2023-07-07,9101
1533,車王電,16,0,16,群益金鼎-敦南,2023-07-07,9101
2610,華航,27,13,14,群益金鼎-敦南,2023-07-07,9101
3078,僑威,22,8,14,群益金鼎-敦南,2023-07-07,9101
3481,群創,24,10,14,群益金鼎-敦南,2023-07-07,9101
2498,宏達電,14,1,13,群益金鼎-敦南,2023-07-07,9101
2633,台灣高鐵,12,0,12,群益金鼎-敦南,2023-07-07,9101
5425,台半,12,0,12,群益金鼎-敦南,2023-07-07,9101
2340,台亞,50,38,12,群益金鼎-敦南,2023-07-07,9101
3141,晶宏,13,1,12,群益金鼎-敦南,2023-07-07,9101
4168,醣聯,11,0,11,群益金鼎-敦南,2023-07-07,9101
3305,昇貿,42,31,11,群益金鼎-敦南,2023-07-07,9101
2812,台中銀,11,0,11,群益金鼎-敦南,2023-07-07,9101
1612,宏泰,10,0,10,群益金鼎-敦南,2023-07-07,9101
1584,精剛,71,61,10,群益金鼎-敦南,2023-07-07,9101
1108,幸福,10,0,10,群益金鼎-敦南,2023-07-07,9101
2380,虹光,10,0,10,群益金鼎-敦南,2023-07-07,9101
2903,遠百,10,0,10,群益金鼎-敦南,2023-07-07,9101
00673R,期元大S＆P原油反1,600,0,600,群益金鼎-敦南,2023-07-10,9101
00632R,元大台灣50反1,611,30,581,群益金鼎-敦南,2023-07-10,9101
2884,玉山金,317,0,317,群益金鼎-敦南,2023-07-10,9101
3231,緯創,233,39,194,群益金鼎-敦南,2023-07-10,9101
1604,聲寶,186,2,184,群益金鼎-敦南,2023-07-10,9101
00687B,國泰20年美債,102,1,101,群益金鼎-敦南,2023-07-10,9101
00679B,元大美債20年,100,0,100,群益金鼎-敦南,2023-07-10,9101
6282,康舒,67,8,59,群益金鼎-敦南,2023-07-10,9101
2382,廣達,57,2,55,群益金鼎-敦南,2023-07-10,9101
2618,長榮航,58,5,53,群益金鼎-敦南,2023-07-10,9101
1513,中興電,55,7,48,群益金鼎-敦南,2023-07-10,9101
3715,定穎投控,46,3,43,群益金鼎-敦南,2023-07-10,9101
5289,宜鼎,41,0,41,群益金鼎-敦南,2023-07-10,9101
00706L,期元大S＆P日圓正2,40,0,40,群益金鼎-敦南,2023-07-10,9101
6533,晶心科,40,0,40,群益金鼎-敦南,2023-07-10,9101
0056,元大高股息,38,1,37,群益金鼎-敦南,2023-07-10,9101
2801,彰銀,37,0,37,群益金鼎-敦南,2023-07-10,9101
00795B,中信美國公債20年,36,0,36,群益金鼎-敦南,2023-07-10,9101
00882,中信中國高股息,35,0,35,群益金鼎-敦南,2023-07-10,9101
2330,台積電,35,2,33,群益金鼎-敦南,2023-07-10,9101
00764B,群益25年美債,31,0,31,群益金鼎-敦南,2023-07-10,9101
9933,中鼎,30,0,30,群益金鼎-敦南,2023-07-10,9101
1504,東元,32,4,28,群益金鼎-敦南,2023-07-10,9101
00919,群益台灣精選高息,27,0,27,群益金鼎-敦南,2023-07-10,9101
3362,先進光,32,11,21,群益金鼎-敦南,2023-07-10,9101
2312,金寶,36,15,21,群益金鼎-敦南,2023-07-10,9101
00680L,元大美債20正2,22,2,20,群益金鼎-敦南,2023-07-10,9101
6288,聯嘉,76,56,20,群益金鼎-敦南,2023-07-10,9101
6248,沛波,20,0,20,群益金鼎-敦南,2023-07-10,9101
3305,昇貿,29,10,19,群益金鼎-敦南,2023-07-10,9101
00688L,國泰20年美債正2,16,0,16,群益金鼎-敦南,2023-07-10,9101
1905,華紙,15,0,15,群益金鼎-敦南,2023-07-10,9101
1326,台化,15,0,15,群益金鼎-敦南,2023-07-10,9101
8215,明基材,21,6,15,群益金鼎-敦南,2023-07-10,9101
3163,波若威,21,6,15,群益金鼎-敦南,2023-07-10,9101
00929,復華台灣科技優息,14,0,14,群益金鼎-敦南,2023-07-10,9101
00927,群益半導體收益,14,0,14,群益金鼎-敦南,2023-07-10,9101
00751B,元大AAA至A公司債,13,0,13,群益金鼎-敦南,2023-07-10,9101
2603,長榮,19,6,13,群益金鼎-敦南,2023-07-10,9101
4906,正文,23,10,13,群益金鼎-敦南,2023-07-10,9101
5388,中磊,17,4,13,群益金鼎-敦南,2023-07-10,9101
2324,仁寶,12,0,12,群益金鼎-敦南,2023-07-10,9101
6179,亞通,12,0,12,群益金鼎-敦南,2023-07-10,9101
3701,大眾控,12,0,12,群益金鼎-敦南,2023-07-10,9101
2886,兆豐金,12,0,12,群益金鼎-敦南,2023-07-10,9101
3018,隆銘綠能,11,0,11,群益金鼎-敦南,2023-07-10,9101
4532,瑞智,160,149,11,群益金鼎-敦南,2023-07-10,9101
8071,能率網通,11,0,11,群益金鼎-敦南,2023-07-10,9101
5475,德宏,10,0,10,群益金鼎-敦南,2023-07-10,9101
5222,全訊,10,0,10,群益金鼎-敦南,2023-07-10,9101
00673R,期元大S＆P原油反1,4110,35,4075,群益金鼎-敦南,2023-07-11,9101
0056,元大高股息,104,0,104,群益金鼎-敦南,2023-07-11,9101
2323,中環,110,24,86,群益金鼎-敦南,2023-07-11,9101
2834,臺企銀,75,0,75,群益金鼎-敦南,2023-07-11,9101
4770,上品,83,15,68,群益金鼎-敦南,2023-07-11,9101
2332,友訊,65,1,64,群益金鼎-敦南,2023-07-11,9101
00679B,元大美債20年,64,0,64,群益金鼎-敦南,2023-07-11,9101
8936,國統,115,52,63,群益金鼎-敦南,2023-07-11,9101
00927,群益半導體收益,48,0,48,群益金鼎-敦南,2023-07-11,9101
2486,一詮,130,83,47,群益金鼎-敦南,2023-07-11,9101
4746,台耀,55,12,43,群益金鼎-敦南,2023-07-11,9101
8092,建暐,40,0,40,群益金鼎-敦南,2023-07-11,9101
2891,中信金,40,1,39,群益金鼎-敦南,2023-07-11,9101
00687B,國泰20年美債,36,0,36,群益金鼎-敦南,2023-07-11,9101
00897,富邦基因免疫生技,35,0,35,群益金鼎-敦南,2023-07-11,9101
3034,聯詠,38,4,34,群益金鼎-敦南,2023-07-11,9101
2888,新光金,35,6,29,群益金鼎-敦南,2023-07-11,9101
2340,台亞,158,130,28,群益金鼎-敦南,2023-07-11,9101
2867,三商壽,31,7,24,群益金鼎-敦南,2023-07-11,9101
2066,世德,27,5,22,群益金鼎-敦南,2023-07-11,9101
1101,台泥,21,0,21,群益金鼎-敦南,2023-07-11,9101
6026,福邦證,21,0,21,群益金鼎-敦南,2023-07-11,9101
3141,晶宏,25,5,20,群益金鼎-敦南,2023-07-11,9101
5607,遠雄港,20,0,20,群益金鼎-敦南,2023-07-11,9101
3707,漢磊,48,28,20,群益金鼎-敦南,2023-07-11,9101
2356,英業達,113,93,20,群益金鼎-敦南,2023-07-11,9101
2457,飛宏,62,43,19,群益金鼎-敦南,2023-07-11,9101
5388,中磊,23,4,19,群益金鼎-敦南,2023-07-11,9101
2371,大同,34,16,18,群益金鼎-敦南,2023-07-11,9101
3666,光耀,22,5,17,群益金鼎-敦南,2023-07-11,9101
3499,環天科,16,0,16,群益金鼎-敦南,2023-07-11,9101
5512,力麒,16,1,15,群益金鼎-敦南,2023-07-11,9101
00722B,群益投資級電信債,15,0,15,群益金鼎-敦南,2023-07-11,9101
2903,遠百,15,0,15,群益金鼎-敦南,2023-07-11,9101
2462,良得電,15,0,15,群益金鼎-敦南,2023-07-11,9101
8996,高力,14,0,14,群益金鼎-敦南,2023-07-11,9101
5243,乙盛-KY,14,0,14,群益金鼎-敦南,2023-07-11,9101
00885,富邦越南,15,2,13,群益金鼎-敦南,2023-07-11,9101
8050,廣積,15,2,13,群益金鼎-敦南,2023-07-11,9101
00919,群益台灣精選高息,30,18,12,群益金鼎-敦南,2023-07-11,9101
4510,高鋒,14,2,12,群益金鼎-敦南,2023-07-11,9101
2883,凱基金,12,0,12,群益金鼎-敦南,2023-07-11,9101
4968,立積,17,5,12,群益金鼎-敦南,2023-07-11,9101
4164,承業醫,11,0,11,群益金鼎-敦南,2023-07-11,9101
1102,亞泥,10,0,10,群益金鼎-敦南,2023-07-11,9101
4934,太極,29,19,10,群益金鼎-敦南,2023-07-11,9101
8183,精星,10,0,10,群益金鼎-敦南,2023-07-11,9101
00905,FT臺灣Smart,10,0,10,群益金鼎-敦南,2023-07-11,9101
00882,中信中國高股息,10,0,10,群益金鼎-敦南,2023-07-11,9101
1217,愛之味,10,0,10,群益金鼎-敦南,2023-07-11,9101
00673R,期元大S＆P原油反1,2615,0,2615,群益金鼎-敦南,2023-07-12,9101
2618,長榮航,214,34,180,群益金鼎-敦南,2023-07-12,9101
2301,光寶科,227,90,137,群益金鼎-敦南,2023-07-12,9101
00878,國泰永續高股息,189,70,119,群益金鼎-敦南,2023-07-12,9101
00905,FT臺灣Smart,100,0,100,群益金鼎-敦南,2023-07-12,9101
2376,技嘉,135,36,99,群益金鼎-敦南,2023-07-12,9101
3231,緯創,278,191,87,群益金鼎-敦南,2023-07-12,9101
2356,英業達,312,235,77,群益金鼎-敦南,2023-07-12,9101
00772B,中信高評級公司債,51,0,51,群益金鼎-敦南,2023-07-12,9101
3141,晶宏,51,0,51,群益金鼎-敦南,2023-07-12,9101
4960,誠美材,50,0,50,群益金鼎-敦南,2023-07-12,9101
3715,定穎投控,50,7,43,群益金鼎-敦南,2023-07-12,9101
1102,亞泥,35,0,35,群益金鼎-敦南,2023-07-12,9101
00712,復華富時不動產,35,0,35,群益金鼎-敦南,2023-07-12,9101
2498,宏達電,36,2,34,群益金鼎-敦南,2023-07-12,9101
00882,中信中國高股息,34,0,34,群益金鼎-敦南,2023-07-12,9101
4532,瑞智,45,12,33,群益金鼎-敦南,2023-07-12,9101
3013,晟銘電,29,0,29,群益金鼎-敦南,2023-07-12,9101
00679B,元大美債20年,38,10,28,群益金鼎-敦南,2023-07-12,9101
2329,華泰,27,0,27,群益金鼎-敦南,2023-07-12,9101
2913,農林,25,1,24,群益金鼎-敦南,2023-07-12,9101
2303,聯電,26,5,21,群益金鼎-敦南,2023-07-12,9101
3162,精確,41,21,20,群益金鼎-敦南,2023-07-12,9101
4746,台耀,28,8,20,群益金鼎-敦南,2023-07-12,9101
2457,飛宏,26,9,17,群益金鼎-敦南,2023-07-12,9101
5519,隆大,17,0,17,群益金鼎-敦南,2023-07-12,9101
2891,中信金,42,25,17,群益金鼎-敦南,2023-07-12,9101
6282,康舒,40,26,14,群益金鼎-敦南,2023-07-12,9101
8215,明基材,14,0,14,群益金鼎-敦南,2023-07-12,9101
6417,韋僑,15,1,14,群益金鼎-敦南,2023-07-12,9101
4541,晟田,13,0,13,群益金鼎-敦南,2023-07-12,9101
2204,中華,13,0,13,群益金鼎-敦南,2023-07-12,9101
3362,先進光,14,2,12,群益金鼎-敦南,2023-07-12,9101
1522,堤維西,12,1,11,群益金鼎-敦南,2023-07-12,9101
2889,國票金,10,0,10,群益金鼎-敦南,2023-07-12,9101
5425,台半,18,8,10,群益金鼎-敦南,2023-07-12,9101
2867,三商壽,10,0,10,群益金鼎-敦南,2023-07-12,9101
5009,榮剛,12,2,10,群益金鼎-敦南,2023-07-12,9101
00756B,群益投等新興公債,10,0,10,群益金鼎-敦南,2023-07-12,9101
1440,南紡,10,0,10,群益金鼎-敦南,2023-07-12,9101
6477,安集,11,1,10,群益金鼎-敦南,2023-07-12,9101
5215,科嘉-KY,10,0,10,群益金鼎-敦南,2023-07-12,9101
2605,新興,10,0,10,群益金鼎-敦南,2023-07-12,9101
2704,國賓,10,0,10,群益金鼎-敦南,2023-07-12,9101
2481,強茂,32,22,10,群益金鼎-敦南,2023-07-12,9101
2633,台灣高鐵,9,0,9,群益金鼎-敦南,2023-07-12,9101
2323,中環,9,0,9,群益金鼎-敦南,2023-07-12,9101
4564,元翎,15,7,8,群益金鼎-敦南,2023-07-12,9101
2369,菱生,10,2,8,群益金鼎-敦南,2023-07-12,9101
4770,上品,7,0,7,群益金鼎-敦南,2023-07-12,9101
3037,欣興,426,48,378,群益金鼎-敦南,2023-07-13,9101
2382,廣達,435,151,284,群益金鼎-敦南,2023-07-13,9101
00632R,元大台灣50反1,187,32,155,群益金鼎-敦南,2023-07-13,9101
00673R,期元大S＆P原油反1,135,0,135,群益金鼎-敦南,2023-07-13,9101
2610,華航,178,60,118,群益金鼎-敦南,2023-07-13,9101
6139,亞翔,113,16,97,群益金鼎-敦南,2023-07-13,9101
3013,晟銘電,95,3,92,群益金鼎-敦南,2023-07-13,9101
2618,長榮航,106,42,64,群益金鼎-敦南,2023-07-13,9101
2359,所羅門,105,45,60,群益金鼎-敦南,2023-07-13,9101
3026,禾伸堂,50,1,49,群益金鼎-敦南,2023-07-13,9101
6561,是方,47,0,47,群益金鼎-敦南,2023-07-13,9101
1102,亞泥,45,1,44,群益金鼎-敦南,2023-07-13,9101
3646,艾恩特,44,0,44,群益金鼎-敦南,2023-07-13,9101
3034,聯詠,46,3,43,群益金鼎-敦南,2023-07-13,9101
2891,中信金,44,2,42,群益金鼎-敦南,2023-07-13,9101
2329,華泰,98,58,40,群益金鼎-敦南,2023-07-13,9101
2883,凱基金,50,11,39,群益金鼎-敦南,2023-07-13,9101
3483,力致,40,3,37,群益金鼎-敦南,2023-07-13,9101
1402,遠東新,32,0,32,群益金鼎-敦南,2023-07-13,9101
00680L,元大美債20正2,30,0,30,群益金鼎-敦南,2023-07-13,9101
2352,佳世達,77,48,29,群益金鼎-敦南,2023-07-13,9101
6282,康舒,51,25,26,群益金鼎-敦南,2023-07-13,9101
8936,國統,30,5,25,群益金鼎-敦南,2023-07-13,9101
00631L,元大台灣50正2,29,5,24,群益金鼎-敦南,2023-07-13,9101
2889,國票金,24,0,24,群益金鼎-敦南,2023-07-13,9101
00679B,元大美債20年,22,0,22,群益金鼎-敦南,2023-07-13,9101
6120,達運,31,9,22,群益金鼎-敦南,2023-07-13,9101
2603,長榮,35,15,20,群益金鼎-敦南,2023-07-13,9101
1609,大亞,33,15,18,群益金鼎-敦南,2023-07-13,9101
1905,華紙,22,4,18,群益金鼎-敦南,2023-07-13,9101
2637,慧洋-KY,18,0,18,群益金鼎-敦南,2023-07-13,9101
2614,東森,22,4,18,群益金鼎-敦南,2023-07-13,9101
3033,威健,18,1,17,群益金鼎-敦南,2023-07-13,9101
8358,金居,32,15,17,群益金鼎-敦南,2023-07-13,9101
2888,新光金,15,0,15,群益金鼎-敦南,2023-07-13,9101
2421,建準,29,14,15,群益金鼎-敦南,2023-07-13,9101
3032,偉訓,29,14,15,群益金鼎-敦南,2023-07-13,9101
2303,聯電,15,1,14,群益金鼎-敦南,2023-07-13,9101
3704,合勤控,48,34,14,群益金鼎-敦南,2023-07-13,9101
6245,立端,52,38,14,群益金鼎-敦南,2023-07-13,9101
1591,駿吉-KY,14,0,14,群益金鼎-敦南,2023-07-13,9101
00927,群益半導體收益,20,7,13,群益金鼎-敦南,2023-07-13,9101
2340,台亞,17,4,13,群益金鼎-敦南,2023-07-13,9101
2105,正新,13,0,13,群益金鼎-敦南,2023-07-13,9101
2449,京元電子,22,10,12,群益金鼎-敦南,2023-07-13,9101
5388,中磊,20,8,12,群益金鼎-敦南,2023-07-13,9101
3025,星通,21,10,11,群益金鼎-敦南,2023-07-13,9101
2486,一詮,12,1,11,群益金鼎-敦南,2023-07-13,9101
3046,建��,11,0,11,群益金鼎-敦南,2023-07-13,9101
2890,永豐金,12,1,11,群益金鼎-敦南,2023-07-13,9101
8936,國統,265,9,256,群益金鼎-敦南,2023-07-14,9101
00637L,元大滬深300正2,135,15,120,群益金鼎-敦南,2023-07-14,9101
4583,台灣精銳,115,0,115,群益金鼎-敦南,2023-07-14,9101
2301,光寶科,160,93,67,群益金鼎-敦南,2023-07-14,9101
0056,元大高股息,108,50,58,群益金鼎-敦南,2023-07-14,9101
00687B,國泰20年美債,50,0,50,群益金鼎-敦南,2023-07-14,9101
3026,禾伸堂,50,0,50,群益金鼎-敦南,2023-07-14,9101
3163,波若威,70,20,50,群益金鼎-敦南,2023-07-14,9101
3483,力致,51,3,48,群益金鼎-敦南,2023-07-14,9101
2454,聯發科,57,11,46,群益金鼎-敦南,2023-07-14,9101
6117,迎廣,45,0,45,群益金鼎-敦南,2023-07-14,9101
2312,金寶,53,9,44,群益金鼎-敦南,2023-07-14,9101
4770,上品,40,0,40,群益金鼎-敦南,2023-07-14,9101
00673R,期元大S＆P原油反1,60,20,40,群益金鼎-敦南,2023-07-14,9101
4958,臻鼎-KY,40,0,40,群益金鼎-敦南,2023-07-14,9101
3338,泰碩,40,4,36,群益金鼎-敦南,2023-07-14,9101
3363,上詮,62,26,36,群益金鼎-敦南,2023-07-14,9101
3325,旭品,38,5,33,群益金鼎-敦南,2023-07-14,9101
00720B,元大投資級公司債,31,0,31,群益金鼎-敦南,2023-07-14,9101
2618,長榮航,167,137,30,群益金鼎-敦南,2023-07-14,9101
3013,晟銘電,30,1,29,群益金鼎-敦南,2023-07-14,9101
2883,凱基金,30,2,28,群益金鼎-敦南,2023-07-14,9101
2903,遠百,26,0,26,群益金鼎-敦南,2023-07-14,9101
1560,中砂,40,17,23,群益金鼎-敦南,2023-07-14,9101
3078,僑威,38,16,22,群益金鼎-敦南,2023-07-14,9101
3564,其陽,22,0,22,群益金鼎-敦南,2023-07-14,9101
1102,亞泥,21,0,21,群益金鼎-敦南,2023-07-14,9101
2066,世德,20,0,20,群益金鼎-敦南,2023-07-14,9101
3508,位速,20,0,20,群益金鼎-敦南,2023-07-14,9101
4960,誠美材,20,0,20,群益金鼎-敦南,2023-07-14,9101
2331,精英,22,2,20,群益金鼎-敦南,2023-07-14,9101
00892,富邦台灣半導體,20,0,20,群益金鼎-敦南,2023-07-14,9101
2324,仁寶,30,11,19,群益金鼎-敦南,2023-07-14,9101
1504,東元,75,57,18,群益金鼎-敦南,2023-07-14,9101
2427,三商電,22,4,18,群益金鼎-敦南,2023-07-14,9101
00679B,元大美債20年,15,0,15,群益金鼎-敦南,2023-07-14,9101
5706,鳳凰,15,0,15,群益金鼎-敦南,2023-07-14,9101
6188,廣明,30,15,15,群益金鼎-敦南,2023-07-14,9101
2610,華航,301,286,15,群益金鼎-敦南,2023-07-14,9101
3231,緯創,38,24,14,群益金鼎-敦南,2023-07-14,9101
3479,安勤,14,1,13,群益金鼎-敦南,2023-07-14,9101
2376,技嘉,90,78,12,群益金鼎-敦南,2023-07-14,9101
3236,千如,12,0,12,群益金鼎-敦南,2023-07-14,9101
3128,昇銳,12,0,12,群益金鼎-敦南,2023-07-14,9101
6118,建達,11,0,11,群益金鼎-敦南,2023-07-14,9101
2498,宏達電,20,9,11,群益金鼎-敦南,2023-07-14,9101
3264,欣銓,14,3,11,群益金鼎-敦南,2023-07-14,9101
1722,台肥,11,1,10,群益金鼎-敦南,2023-07-14,9101
1785,光洋科,10,0,10,群益金鼎-敦南,2023-07-14,9101
5011,久陽,10,0,10,群益金鼎-敦南,2023-07-14,9101
2324,仁寶,428,43,385,群益金鼎-敦南,2023-07-17,9101
2352,佳世達,405,46,359,群益金鼎-敦南,2023-07-17,9101
00712,復華富時不動產,111,0,111,群益金鼎-敦南,2023-07-17,9101
2883,凱基金,101,12,89,群益金鼎-敦南,2023-07-17,9101
00929,復華台灣科技優息,85,0,85,群益金鼎-敦南,2023-07-17,9101
3037,欣興,98,14,84,群益金鼎-敦南,2023-07-17,9101
0056,元大高股息,114,46,68,群益金鼎-敦南,2023-07-17,9101
2312,金寶,84,20,64,群益金鼎-敦南,2023-07-17,9101
4532,瑞智,62,13,49,群益金鼎-敦南,2023-07-17,9101
3515,華擎,52,3,49,群益金鼎-敦南,2023-07-17,9101
8093,保銳,48,0,48,群益金鼎-敦南,2023-07-17,9101
00673R,期元大S＆P原油反1,46,0,46,群益金鼎-敦南,2023-07-17,9101
2618,長榮航,167,125,42,群益金鼎-敦南,2023-07-17,9101
3583,辛耘,56,22,34,群益金鼎-敦南,2023-07-17,9101
2388,威盛,165,132,33,群益金鼎-敦南,2023-07-17,9101
6186,新潤,32,0,32,群益金鼎-敦南,2023-07-17,9101
8933,愛地雅,31,1,30,群益金鼎-敦南,2023-07-17,9101
5371,中光電,29,0,29,群益金鼎-敦南,2023-07-17,9101
4979,華星光,32,4,28,群益金鼎-敦南,2023-07-17,9101
1471,首利,28,0,28,群益金鼎-敦南,2023-07-17,9101
3607,谷崧,26,1,25,群益金鼎-敦南,2023-07-17,9101
5328,華容,24,0,24,群益金鼎-敦南,2023-07-17,9101
8027,鈦昇,23,0,23,群益金鼎-敦南,2023-07-17,9101
3338,泰碩,23,1,22,群益金鼎-敦南,2023-07-17,9101
2377,微星,21,1,20,群益金鼎-敦南,2023-07-17,9101
2399,映泰,23,3,20,群益金鼎-敦南,2023-07-17,9101
4960,誠美材,20,0,20,群益金鼎-敦南,2023-07-17,9101
2371,大同,76,57,19,群益金鼎-敦南,2023-07-17,9101
1618,合機,24,5,19,群益金鼎-敦南,2023-07-17,9101
5607,遠雄港,43,24,19,群益金鼎-敦南,2023-07-17,9101
2369,菱生,20,1,19,群益金鼎-敦南,2023-07-17,9101
2812,台中銀,20,2,18,群益金鼎-敦南,2023-07-17,9101
6290,良維,21,3,18,群益金鼎-敦南,2023-07-17,9101
1504,東元,64,46,18,群益金鼎-敦南,2023-07-17,9101
6117,迎廣,17,0,17,群益金鼎-敦南,2023-07-17,9101
6209,今國光,17,0,17,群益金鼎-敦南,2023-07-17,9101
3362,先進光,20,3,17,群益金鼎-敦南,2023-07-17,9101
2610,華航,35,18,17,群益金鼎-敦南,2023-07-17,9101
2603,長榮,24,8,16,群益金鼎-敦南,2023-07-17,9101
2885,元大金,17,1,16,群益金鼎-敦南,2023-07-17,9101
3704,合勤控,37,21,16,群益金鼎-敦南,2023-07-17,9101
6182,合晶,15,0,15,群益金鼎-敦南,2023-07-17,9101
6191,精成科,22,7,15,群益金鼎-敦南,2023-07-17,9101
2211,長榮鋼,15,0,15,群益金鼎-敦南,2023-07-17,9101
2314,台揚,15,0,15,群益金鼎-敦南,2023-07-17,9101
00900,富邦特選高股息30,15,0,15,群益金鼎-敦南,2023-07-17,9101
1102,亞泥,15,0,15,群益金鼎-敦南,2023-07-17,9101
00679B,元大美債20年,15,0,15,群益金鼎-敦南,2023-07-17,9101
2331,精英,20,6,14,群益金鼎-敦南,2023-07-17,9101
2634,漢翔,16,2,14,群益金鼎-敦南,2023-07-17,9101
2211,長榮鋼,345,10,335,群益金鼎-敦南,2023-07-18,9101
3037,欣興,400,75,325,群益金鼎-敦南,2023-07-18,9101
3338,泰碩,273,74,199,群益金鼎-敦南,2023-07-18,9101
00882,中信中國高股息,160,50,110,群益金鼎-敦南,2023-07-18,9101
00929,復華台灣科技優息,133,25,108,群益金鼎-敦南,2023-07-18,9101
6282,康舒,135,70,65,群益金鼎-敦南,2023-07-18,9101
3483,力致,86,23,63,群益金鼎-敦南,2023-07-18,9101
3515,華擎,73,12,61,群益金鼎-敦南,2023-07-18,9101
2356,英業達,615,560,55,群益金鼎-敦南,2023-07-18,9101
1102,亞泥,52,1,51,群益金鼎-敦南,2023-07-18,9101
2888,新光金,88,39,49,群益金鼎-敦南,2023-07-18,9101
1514,亞力,49,5,44,群益金鼎-敦南,2023-07-18,9101
00687B,國泰20年美債,44,1,43,群益金鼎-敦南,2023-07-18,9101
2812,台中銀,40,0,40,群益金鼎-敦南,2023-07-18,9101
1789,神隆,48,8,40,群益金鼎-敦南,2023-07-18,9101
4979,華星光,39,3,36,群益金鼎-敦南,2023-07-18,9101
3071,協禧,64,30,34,群益金鼎-敦南,2023-07-18,9101
2409,友達,34,2,32,群益金鼎-敦南,2023-07-18,9101
00679B,元大美債20年,33,2,31,群益金鼎-敦南,2023-07-18,9101
3149,正達,31,1,30,群益金鼎-敦南,2023-07-18,9101
4938,和碩,85,56,29,群益金鼎-敦南,2023-07-18,9101
8093,保銳,29,0,29,群益金鼎-敦南,2023-07-18,9101
2903,遠百,35,6,29,群益金鼎-敦南,2023-07-18,9101
2329,華泰,40,12,28,群益金鼎-敦南,2023-07-18,9101
1402,遠東新,28,0,28,群益金鼎-敦南,2023-07-18,9101
2515,中工,26,0,26,群益金鼎-敦南,2023-07-18,9101
4526,東台,25,0,25,群益金鼎-敦南,2023-07-18,9101
2369,菱生,50,26,24,群益金鼎-敦南,2023-07-18,9101
6124,業強,51,27,24,群益金鼎-敦南,2023-07-18,9101
3607,谷崧,25,2,23,群益金鼎-敦南,2023-07-18,9101
00885,富邦越南,23,0,23,群益金鼎-敦南,2023-07-18,9101
00772B,中信高評級公司債,27,5,22,群益金鼎-敦南,2023-07-18,9101
00720B,元大投資級公司債,22,0,22,群益金鼎-敦南,2023-07-18,9101
2890,永豐金,23,1,22,群益金鼎-敦南,2023-07-18,9101
3694,海華,22,1,21,群益金鼎-敦南,2023-07-18,9101
2201,裕隆,25,8,17,群益金鼎-敦南,2023-07-18,9101
3518,柏騰,17,1,16,群益金鼎-敦南,2023-07-18,9101
1609,大亞,83,68,15,群益金鼎-敦南,2023-07-18,9101
2457,飛宏,25,10,15,群益金鼎-敦南,2023-07-18,9101
6470,宇智,24,10,14,群益金鼎-敦南,2023-07-18,9101
5222,全訊,14,0,14,群益金鼎-敦南,2023-07-18,9101
3432,台端,14,0,14,群益金鼎-敦南,2023-07-18,9101
2881,富邦金,24,11,13,群益金鼎-敦南,2023-07-18,9101
3055,蔚華科,18,5,13,群益金鼎-敦南,2023-07-18,9101
3078,僑威,130,117,13,群益金鼎-敦南,2023-07-18,9101
00725B,國泰投資級公司債,12,0,12,群益金鼎-敦南,2023-07-18,9101
2340,台亞,73,61,12,群益金鼎-敦南,2023-07-18,9101
3705,永信,12,0,12,群益金鼎-敦南,2023-07-18,9101
3035,智原,57,45,12,群益金鼎-敦南,2023-07-18,9101
3024,憶聲,21,10,11,群益金鼎-敦南,2023-07-18,9101
2897,王道銀行,250,0,250,群益金鼎-敦南,2023-07-19,9101
6282,康舒,248,33,215,群益金鼎-敦南,2023-07-19,9101
3338,泰碩,152,2,150,群益金鼎-敦南,2023-07-19,9101
2436,偉詮電,103,1,102,群益金鼎-敦南,2023-07-19,9101
2618,長榮航,120,30,90,群益金鼎-敦南,2023-07-19,9101
3483,力致,115,45,70,群益金鼎-敦南,2023-07-19,9101
4977,眾達-KY,51,2,49,群益金鼎-敦南,2023-07-19,9101
8050,廣積,48,3,45,群益金鼎-敦南,2023-07-19,9101
3450,聯鈞,40,0,40,群益金鼎-敦南,2023-07-19,9101
2324,仁寶,72,35,37,群益金鼎-敦南,2023-07-19,9101
6139,亞翔,32,2,30,群益金鼎-敦南,2023-07-19,9101
4550,長佳,30,0,30,群益金鼎-敦南,2023-07-19,9101
1340,勝悅-KY,30,0,30,群益金鼎-敦南,2023-07-19,9101
8110,華東,30,0,30,群益金鼎-敦南,2023-07-19,9101
2886,兆豐金,29,1,28,群益金鼎-敦南,2023-07-19,9101
2317,鴻海,26,1,25,群益金鼎-敦南,2023-07-19,9101
1514,亞力,45,21,24,群益金鼎-敦南,2023-07-19,9101
3013,晟銘電,25,1,24,群益金鼎-敦南,2023-07-19,9101
00919,群益台灣精選高息,36,14,22,群益金鼎-敦南,2023-07-19,9101
3169,亞信,21,0,21,群益金鼎-敦南,2023-07-19,9101
00679B,元大美債20年,27,6,21,群益金鼎-敦南,2023-07-19,9101
00712,復華富時不動產,21,0,21,群益金鼎-敦南,2023-07-19,9101
2329,華泰,30,9,21,群益金鼎-敦南,2023-07-19,9101
4958,臻鼎-KY,20,0,20,群益金鼎-敦南,2023-07-19,9101
4168,醣聯,20,0,20,群益金鼎-敦南,2023-07-19,9101
3162,精確,20,0,20,群益金鼎-敦南,2023-07-19,9101
8996,高力,48,29,19,群益金鼎-敦南,2023-07-19,9101
6165,浪凡,21,2,19,群益金鼎-敦南,2023-07-19,9101
3518,柏騰,19,0,19,群益金鼎-敦南,2023-07-19,9101
3704,合勤控,119,101,18,群益金鼎-敦南,2023-07-19,9101
3006,晶豪科,19,2,17,群益金鼎-敦南,2023-07-19,9101
6217,中探針,16,0,16,群益金鼎-敦南,2023-07-19,9101
2881,富邦金,40,24,16,群益金鼎-敦南,2023-07-19,9101
3305,昇貿,18,3,15,群益金鼎-敦南,2023-07-19,9101
1786,科妍,19,4,15,群益金鼎-敦南,2023-07-19,9101
2891B,中信金乙特,15,0,15,群益金鼎-敦南,2023-07-19,9101
6527,明達醫,15,0,15,群益金鼎-敦南,2023-07-19,9101
4532,瑞智,17,2,15,群益金鼎-敦南,2023-07-19,9101
2603,長榮,18,4,14,群益金鼎-敦南,2023-07-19,9101
2449,京元電子,22,8,14,群益金鼎-敦南,2023-07-19,9101
5484,慧友,14,0,14,群益金鼎-敦南,2023-07-19,9101
3362,先進光,21,8,13,群益金鼎-敦南,2023-07-19,9101
3058,立德,13,0,13,群益金鼎-敦南,2023-07-19,9101
00929,復華台灣科技優息,24,12,12,群益金鼎-敦南,2023-07-19,9101
4919,新唐,20,8,12,群益金鼎-敦南,2023-07-19,9101
2888,新光金,16,4,12,群益金鼎-敦南,2023-07-19,9101
2419,仲琦,74,63,11,群益金鼎-敦南,2023-07-19,9101
2801,彰銀,11,0,11,群益金鼎-敦南,2023-07-19,9101
4746,台耀,18,7,11,群益金鼎-敦南,2023-07-19,9101
3711,日月光投控,14,3,11,群益金鼎-敦南,2023-07-19,9101
3035,智原,521,20,501,群益金鼎-敦南,2023-07-20,9101
2382,廣達,234,26,208,群益金鼎-敦南,2023-07-20,9101
00637L,元大滬深300正2,110,0,110,群益金鼎-敦南,2023-07-20,9101
2352,佳世達,82,19,63,群益金鼎-敦南,2023-07-20,9101
3704,合勤控,67,17,50,群益金鼎-敦南,2023-07-20,9101
3231,緯創,62,26,36,群益金鼎-敦南,2023-07-20,9101
3289,宜特,60,31,29,群益金鼎-敦南,2023-07-20,9101
4916,事欣科,27,0,27,群益金鼎-敦南,2023-07-20,9101
2317,鴻海,30,5,25,群益金鼎-敦南,2023-07-20,9101
1711,永光,25,2,23,群益金鼎-敦南,2023-07-20,9101
2303,聯電,39,16,23,群益金鼎-敦南,2023-07-20,9101
8091,翔名,21,0,21,群益金鼎-敦南,2023-07-20,9101
2504,國產,20,0,20,群益金鼎-敦南,2023-07-20,9101
3687,歐買尬,20,0,20,群益金鼎-敦南,2023-07-20,9101
2312,金寶,20,0,20,群益金鼎-敦南,2023-07-20,9101
2022,聚亨,20,0,20,群益金鼎-敦南,2023-07-20,9101
3006,晶豪科,29,10,19,群益金鼎-敦南,2023-07-20,9101
3483,力致,22,3,19,群益金鼎-敦南,2023-07-20,9101
00929,復華台灣科技優息,18,0,18,群益金鼎-敦南,2023-07-20,9101
1529,樂事綠能,40,22,18,群益金鼎-敦南,2023-07-20,9101
3032,偉訓,34,17,17,群益金鼎-敦南,2023-07-20,9101
3037,欣興,46,31,15,群益金鼎-敦南,2023-07-20,9101
3689,湧德,17,2,15,群益金鼎-敦南,2023-07-20,9101
6770,力積電,31,17,14,群益金鼎-敦南,2023-07-20,9101
1789,神隆,24,10,14,群益金鼎-敦南,2023-07-20,9101
9945,潤泰新,14,0,14,群益金鼎-敦南,2023-07-20,9101
4526,東台,14,1,13,群益金鼎-敦南,2023-07-20,9101
00679B,元大美債20年,31,18,13,群益金鼎-敦南,2023-07-20,9101
6104,創惟,21,9,12,群益金鼎-敦南,2023-07-20,9101
6589,台康生技,12,0,12,群益金鼎-敦南,2023-07-20,9101
00795B,中信美國公債20年,12,0,12,群益金鼎-敦南,2023-07-20,9101
1102,亞泥,11,0,11,群益金鼎-敦南,2023-07-20,9101
1467,南緯,12,1,11,群益金鼎-敦南,2023-07-20,9101
00687B,國泰20年美債,11,0,11,群益金鼎-敦南,2023-07-20,9101
2353,宏��,51,40,11,群益金鼎-敦南,2023-07-20,9101
3013,晟銘電,11,1,10,群益金鼎-敦南,2023-07-20,9101
6150,撼訊,41,31,10,群益金鼎-敦南,2023-07-20,9101
4726,永昕,10,0,10,群益金鼎-敦南,2023-07-20,9101
4564,元翎,10,0,10,群益金鼎-敦南,2023-07-20,9101
00725B,國泰投資級公司債,10,0,10,群益金鼎-敦南,2023-07-20,9101
00787B,元大10年IG醫療債,10,0,10,群益金鼎-敦南,2023-07-20,9101
00786B,元大10年IG銀行債,10,0,10,群益金鼎-敦南,2023-07-20,9101
00782B,國泰A級公用債,10,0,10,群益金鼎-敦南,2023-07-20,9101
4906,正文,10,0,10,群益金鼎-敦南,2023-07-20,9101
3046,建��,10,0,10,群益金鼎-敦南,2023-07-20,9101
5426,振發,10,0,10,群益金鼎-敦南,2023-07-20,9101
6277,宏正,10,0,10,群益金鼎-敦南,2023-07-20,9101
2461,光群雷,12,2,10,群益金鼎-敦南,2023-07-20,9101
00900,富邦特選高股息30,10,1,9,群益金鼎-敦南,2023-07-20,9101
6579,研揚,16,7,9,群益金鼎-敦南,2023-07-20,9101
00632R,元大台灣50反1,665,50,615,群益金鼎-敦南,2023-07-21,9101
2382,廣達,323,44,279,群益金鼎-敦南,2023-07-21,9101
00895,富邦未來車,163,8,155,群益金鼎-敦南,2023-07-21,9101
1305,華夏,57,0,57,群益金鼎-敦南,2023-07-21,9101
2913,農林,58,2,56,群益金鼎-敦南,2023-07-21,9101
00673R,期元大S＆P原油反1,55,0,55,群益金鼎-敦南,2023-07-21,9101
2515,中工,52,0,52,群益金鼎-敦南,2023-07-21,9101
2618,長榮航,83,33,50,群益金鼎-敦南,2023-07-21,9101
2609,陽明,54,6,48,群益金鼎-敦南,2023-07-21,9101
2329,華泰,72,29,43,群益金鼎-敦南,2023-07-21,9101
00900,富邦特選高股息30,40,0,40,群益金鼎-敦南,2023-07-21,9101
2312,金寶,40,2,38,群益金鼎-敦南,2023-07-21,9101
1513,中興電,111,73,38,群益金鼎-敦南,2023-07-21,9101
3006,晶豪科,40,5,35,群益金鼎-敦南,2023-07-21,9101
6139,亞翔,30,0,30,群益金鼎-敦南,2023-07-21,9101
4960,誠美材,30,0,30,群益金鼎-敦南,2023-07-21,9101
5706,鳳凰,30,1,29,群益金鼎-敦南,2023-07-21,9101
2330,台積電,40,11,29,群益金鼎-敦南,2023-07-21,9101
2630,亞航,29,2,27,群益金鼎-敦南,2023-07-21,9101
3231,緯創,44,17,27,群益金鼎-敦南,2023-07-21,9101
6158,禾昌,33,7,26,群益金鼎-敦南,2023-07-21,9101
4908,前鼎,27,3,24,群益金鼎-敦南,2023-07-21,9101
2388,威盛,31,7,24,群益金鼎-敦南,2023-07-21,9101
00720B,元大投資級公司債,23,0,23,群益金鼎-敦南,2023-07-21,9101
6446,藥華藥,23,2,21,群益金鼎-敦南,2023-07-21,9101
6220,岳豐,20,0,20,群益金鼎-敦南,2023-07-21,9101
2485,兆赫,20,0,20,群益金鼎-敦南,2023-07-21,9101
4906,正文,19,0,19,群益金鼎-敦南,2023-07-21,9101
2454,聯發科,20,1,19,群益金鼎-敦南,2023-07-21,9101
0050,元大台灣50,19,0,19,群益金鼎-敦南,2023-07-21,9101
3306,鼎天,18,0,18,群益金鼎-敦南,2023-07-21,9101
1460,宏遠,18,0,18,群益金鼎-敦南,2023-07-21,9101
6235,華孚,26,8,18,群益金鼎-敦南,2023-07-21,9101
00929,復華台灣科技優息,18,1,17,群益金鼎-敦南,2023-07-21,9101
00679B,元大美債20年,18,1,17,群益金鼎-敦南,2023-07-21,9101
3078,僑威,28,12,16,群益金鼎-敦南,2023-07-21,9101
3141,晶宏,24,8,16,群益金鼎-敦南,2023-07-21,9101
00927,群益半導體收益,15,0,15,群益金鼎-敦南,2023-07-21,9101
2014,中鴻,15,0,15,群益金鼎-敦南,2023-07-21,9101
2739,寒舍,15,0,15,群益金鼎-敦南,2023-07-21,9101
2303,聯電,24,10,14,群益金鼎-敦南,2023-07-21,9101
5871,中租-KY,14,0,14,群益金鼎-敦南,2023-07-21,9101
2409,友達,16,2,14,群益金鼎-敦南,2023-07-21,9101
3324,雙鴻,19,5,14,群益金鼎-敦南,2023-07-21,9101
4526,東台,16,3,13,群益金鼎-敦南,2023-07-21,9101
00882,中信中國高股息,13,0,13,群益金鼎-敦南,2023-07-21,9101
1102,亞泥,12,0,12,群益金鼎-敦南,2023-07-21,9101
2105,正新,12,0,12,群益金鼎-敦南,2023-07-21,9101
1514,亞力,14,4,10,群益金鼎-敦南,2023-07-21,9101
3558,神準,10,0,10,群益金鼎-敦南,2023-07-21,9101
2382,廣達,1163,473,690,群益金鼎-敦南,2023-07-24,9101
2330,台積電,390,4,386,群益金鼎-敦南,2023-07-24,9101
1504,東元,281,29,252,群益金鼎-敦南,2023-07-24,9101
2317,鴻海,140,4,136,群益金鼎-敦南,2023-07-24,9101
6125,廣運,248,115,133,群益金鼎-敦南,2023-07-24,9101
00679B,元大美債20年,131,10,121,群益金鼎-敦南,2023-07-24,9101
1909,榮成,108,0,108,群益金鼎-敦南,2023-07-24,9101
2888,新光金,100,17,83,群益金鼎-敦南,2023-07-24,9101
3045,台灣大,80,0,80,群益金鼎-敦南,2023-07-24,9101
6274,台燿,112,39,73,群益金鼎-敦南,2023-07-24,9101
3231,緯創,87,14,73,群益金鼎-敦南,2023-07-24,9101
6158,禾昌,66,2,64,群益金鼎-敦南,2023-07-24,9101
9958,世紀鋼,140,77,63,群益金鼎-敦南,2023-07-24,9101
2388,威盛,63,2,61,群益金鼎-敦南,2023-07-24,9101
3006,晶豪科,62,2,60,群益金鼎-敦南,2023-07-24,9101
2312,金寶,62,5,57,群益金鼎-敦南,2023-07-24,9101
00712,復華富時不動產,50,3,47,群益金鼎-敦南,2023-07-24,9101
00882,中信中國高股息,46,1,45,群益金鼎-敦南,2023-07-24,9101
00687B,國泰20年美債,45,0,45,群益金鼎-敦南,2023-07-24,9101
00632R,元大台灣50反1,40,0,40,群益金鼎-敦南,2023-07-24,9101
00751B,元大AAA至A公司債,39,0,39,群益金鼎-敦南,2023-07-24,9101
00878,國泰永續高股息,106,74,32,群益金鼎-敦南,2023-07-24,9101
3221,台嘉碩,54,22,32,群益金鼎-敦南,2023-07-24,9101
2316,楠梓電,31,5,26,群益金鼎-敦南,2023-07-24,9101
6217,中探針,25,0,25,群益金鼎-敦南,2023-07-24,9101
2464,盟立,33,8,25,群益金鼎-敦南,2023-07-24,9101
4526,東台,34,13,21,群益金鼎-敦南,2023-07-24,9101
4543,萬在,20,0,20,群益金鼎-敦南,2023-07-24,9101
3594,磐儀,20,1,19,群益金鼎-敦南,2023-07-24,9101
2603,長榮,21,3,18,群益金鼎-敦南,2023-07-24,9101
1102,亞泥,17,0,17,群益金鼎-敦南,2023-07-24,9101
1513,中興電,82,65,17,群益金鼎-敦南,2023-07-24,9101
00927,群益半導體收益,17,0,17,群益金鼎-敦南,2023-07-24,9101
2457,飛宏,18,2,16,群益金鼎-敦南,2023-07-24,9101
1229,聯華,16,0,16,群益金鼎-敦南,2023-07-24,9101
2485,兆赫,15,0,15,群益金鼎-敦南,2023-07-24,9101
2618,長榮航,26,12,14,群益金鼎-敦南,2023-07-24,9101
2812,台中銀,13,0,13,群益金鼎-敦南,2023-07-24,9101
2889,國票金,13,0,13,群益金鼎-敦南,2023-07-24,9101
5469,瀚宇博,18,5,13,群益金鼎-敦南,2023-07-24,9101
3548,兆利,25,12,13,群益金鼎-敦南,2023-07-24,9101
5009,榮剛,13,1,12,群益金鼎-敦南,2023-07-24,9101
3481,群創,26,14,12,群益金鼎-敦南,2023-07-24,9101
2609,陽明,14,3,11,群益金鼎-敦南,2023-07-24,9101
2105,正新,11,0,11,群益金鼎-敦南,2023-07-24,9101
2515,中工,16,5,11,群益金鼎-敦南,2023-07-24,9101
020038,元大ESG配息N,10,0,10,群益金鼎-敦南,2023-07-24,9101
2332,友訊,10,0,10,群益金鼎-敦南,2023-07-24,9101
4564,元翎,10,0,10,群益金鼎-敦南,2023-07-24,9101
3338,泰碩,61,51,10,群益金鼎-敦南,2023-07-24,9101
1101,台泥,302,17,285,群益金鼎-敦南,2023-07-25,9101
2312,金寶,229,17,212,群益金鼎-敦南,2023-07-25,9101
2884,玉山金,202,1,201,群益金鼎-敦南,2023-07-25,9101
4533,協易機,154,3,151,群益金鼎-敦南,2023-07-25,9101
4960,誠美材,130,0,130,群益金鼎-敦南,2023-07-25,9101
00637L,元大滬深300正2,110,0,110,群益金鼎-敦南,2023-07-25,9101
3163,波若威,123,17,106,群益金鼎-敦南,2023-07-25,9101
2610,華航,107,24,83,群益金鼎-敦南,2023-07-25,9101
00927,群益半導體收益,73,1,72,群益金鼎-敦南,2023-07-25,9101
00882,中信中國高股息,55,0,55,群益金鼎-敦南,2023-07-25,9101
6657,華安,53,0,53,群益金鼎-敦南,2023-07-25,9101
2480,敦陽科,53,0,53,群益金鼎-敦南,2023-07-25,9101
00650L,復華香港正2,50,0,50,群益金鼎-敦南,2023-07-25,9101
6005,群益證,50,3,47,群益金鼎-敦南,2023-07-25,9101
00712,復華富時不動產,39,0,39,群益金鼎-敦南,2023-07-25,9101
0056,元大高股息,64,26,38,群益金鼎-敦南,2023-07-25,9101
2388,威盛,37,1,36,群益金鼎-敦南,2023-07-25,9101
6217,中探針,28,0,28,群益金鼎-敦南,2023-07-25,9101
2461,光群雷,55,27,28,群益金鼎-敦南,2023-07-25,9101
4714,永捷,27,0,27,群益金鼎-敦南,2023-07-25,9101
4123,晟德,38,11,27,群益金鼎-敦南,2023-07-25,9101
4116,明基醫,26,2,24,群益金鼎-敦南,2023-07-25,9101
3059,華晶科,25,4,21,群益金鼎-敦南,2023-07-25,9101
2458,義隆,22,1,21,群益金鼎-敦南,2023-07-25,9101
2354,鴻準,40,20,20,群益金鼎-敦南,2023-07-25,9101
6577,勁豐,20,0,20,群益金鼎-敦南,2023-07-25,9101
3706,神達,26,7,19,群益金鼎-敦南,2023-07-25,9101
2609,陽明,19,2,17,群益金鼎-敦南,2023-07-25,9101
4523,永彰,17,0,17,群益金鼎-敦南,2023-07-25,9101
3037,欣興,49,33,16,群益金鼎-敦南,2023-07-25,9101
3005,神基,18,2,16,群益金鼎-敦南,2023-07-25,9101
00632R,元大台灣50反1,16,0,16,群益金鼎-敦南,2023-07-25,9101
3105,穩懋,29,14,15,群益金鼎-敦南,2023-07-25,9101
2201,裕隆,19,5,14,群益金鼎-敦南,2023-07-25,9101
5009,榮剛,58,44,14,群益金鼎-敦南,2023-07-25,9101
4155,訊映,16,2,14,群益金鼎-敦南,2023-07-25,9101
9933,中鼎,14,0,14,群益金鼎-敦南,2023-07-25,9101
00772B,中信高評級公司債,18,5,13,群益金鼎-敦南,2023-07-25,9101
1460,宏遠,12,0,12,群益金鼎-敦南,2023-07-25,9101
4526,東台,13,1,12,群益金鼎-敦南,2023-07-25,9101
2515,中工,23,11,12,群益金鼎-敦南,2023-07-25,9101
4906,正文,13,1,12,群益金鼎-敦南,2023-07-25,9101
8996,高力,47,35,12,群益金鼎-敦南,2023-07-25,9101
4129,聯合,15,3,12,群益金鼎-敦南,2023-07-25,9101
3693,營邦,17,6,11,群益金鼎-敦南,2023-07-25,9101
8050,廣積,32,22,10,群益金鼎-敦南,2023-07-25,9101
3044,健鼎,33,23,10,群益金鼎-敦南,2023-07-25,9101
1506,正道,10,0,10,群益金鼎-敦南,2023-07-25,9101
2547,日勝生,10,0,10,群益金鼎-敦南,2023-07-25,9101
00673R,期元大S＆P原油反1,10,0,10,群益金鼎-敦南,2023-07-25,9101
00927,群益半導體收益,682,4,678,群益金鼎-敦南,2023-07-26,9101
4938,和碩,212,1,211,群益金鼎-敦南,2023-07-26,9101
2480,敦陽科,116,4,112,群益金鼎-敦南,2023-07-26,9101
3715,定穎投控,93,1,92,群益金鼎-敦南,2023-07-26,9101
00650L,復華香港正2,62,0,62,群益金鼎-敦南,2023-07-26,9101
00772B,中信高評級公司債,52,0,52,群益金鼎-敦南,2023-07-26,9101
3131,弘塑,61,13,48,群益金鼎-敦南,2023-07-26,9101
2461,光群雷,58,15,43,群益金鼎-敦南,2023-07-26,9101
00929,復華台灣科技優息,37,0,37,群益金鼎-敦南,2023-07-26,9101
6139,亞翔,33,1,32,群益金鼎-敦南,2023-07-26,9101
2316,楠梓電,30,0,30,群益金鼎-敦南,2023-07-26,9101
6026,福邦證,27,0,27,群益金鼎-敦南,2023-07-26,9101
6657,華安,28,1,27,群益金鼎-敦南,2023-07-26,9101
2369,菱生,25,0,25,群益金鼎-敦南,2023-07-26,9101
00712,復華富時不動產,25,0,25,群益金鼎-敦南,2023-07-26,9101
2330,台積電,24,0,24,群益金鼎-敦南,2023-07-26,9101
3231,緯創,46,23,23,群益金鼎-敦南,2023-07-26,9101
5871,中租-KY,22,0,22,群益金鼎-敦南,2023-07-26,9101
00795B,中信美國公債20年,21,0,21,群益金鼎-敦南,2023-07-26,9101
6016,康和證,40,19,21,群益金鼎-敦南,2023-07-26,9101
4583,台灣精銳,21,0,21,群益金鼎-敦南,2023-07-26,9101
2388,威盛,39,18,21,群益金鼎-敦南,2023-07-26,9101
4960,誠美材,20,0,20,群益金鼎-敦南,2023-07-26,9101
4532,瑞智,56,36,20,群益金鼎-敦南,2023-07-26,9101
1616,億泰,20,0,20,群益金鼎-敦南,2023-07-26,9101
3515,華擎,25,5,20,群益金鼎-敦南,2023-07-26,9101
1504,東元,142,123,19,群益金鼎-敦南,2023-07-26,9101
3701,大眾控,18,0,18,群益金鼎-敦南,2023-07-26,9101
5483,中美晶,23,6,17,群益金鼎-敦南,2023-07-26,9101
8093,保銳,18,1,17,群益金鼎-敦南,2023-07-26,9101
2352,佳世達,22,6,16,群益金鼎-敦南,2023-07-26,9101
00720B,元大投資級公司債,15,0,15,群益金鼎-敦南,2023-07-26,9101
6712,長聖,15,0,15,群益金鼎-敦南,2023-07-26,9101
4728,雙美,15,1,14,群益金鼎-敦南,2023-07-26,9101
6148,驊宏資,23,9,14,群益金鼎-敦南,2023-07-26,9101
4123,晟德,15,1,14,群益金鼎-敦南,2023-07-26,9101
2312,金寶,46,33,13,群益金鼎-敦南,2023-07-26,9101
1608,華榮,18,5,13,群益金鼎-敦南,2023-07-26,9101
3607,谷崧,12,0,12,群益金鼎-敦南,2023-07-26,9101
2371,大同,22,10,12,群益金鼎-敦南,2023-07-26,9101
5481,新華,12,0,12,群益金鼎-敦南,2023-07-26,9101
00679B,元大美債20年,12,1,11,群益金鼎-敦南,2023-07-26,9101
3450,聯鈞,20,9,11,群益金鼎-敦南,2023-07-26,9101
3703,欣陸,11,0,11,群益金鼎-敦南,2023-07-26,9101
6188,廣明,20,9,11,群益金鼎-敦南,2023-07-26,9101
2359,所羅門,62,51,11,群益金鼎-敦南,2023-07-26,9101
00687B,國泰20年美債,10,0,10,群益金鼎-敦南,2023-07-26,9101
3045,台灣大,10,0,10,群益金鼎-敦南,2023-07-26,9101
00632R,元大台灣50反1,10,0,10,群益金鼎-敦南,2023-07-26,9101
00637L,元大滬深300正2,10,0,10,群益金鼎-敦南,2023-07-26,9101
2409,友達,660,134,526,群益金鼎-敦南,2023-07-27,9101
2884,玉山金,677,250,427,群益金鼎-敦南,2023-07-27,9101
2880,華南金,300,0,300,群益金鼎-敦南,2023-07-27,9101
1519,華城,133,0,133,群益金鼎-敦南,2023-07-27,9101
2356,英業達,141,32,109,群益金鼎-敦南,2023-07-27,9101
2316,楠梓電,107,2,105,群益金鼎-敦南,2023-07-27,9101
3454,晶睿,100,0,100,群益金鼎-敦南,2023-07-27,9101
2706,第一店,53,0,53,群益金鼎-敦南,2023-07-27,9101
2377,微星,52,1,51,群益金鼎-敦南,2023-07-27,9101
1108,幸福,45,0,45,群益金鼎-敦南,2023-07-27,9101
00632R,元大台灣50反1,54,10,44,群益金鼎-敦南,2023-07-27,9101
2498,宏達電,55,11,44,群益金鼎-敦南,2023-07-27,9101
1504,東元,73,34,39,群益金鼎-敦南,2023-07-27,9101
1727,中華化,37,1,36,群益金鼎-敦南,2023-07-27,9101
00712,復華富時不動產,35,0,35,群益金鼎-敦南,2023-07-27,9101
00795B,中信美國公債20年,32,0,32,群益金鼎-敦南,2023-07-27,9101
00687B,國泰20年美債,30,0,30,群益金鼎-敦南,2023-07-27,9101
8374,羅昇,29,0,29,群益金鼎-敦南,2023-07-27,9101
2301,光寶科,90,64,26,群益金鼎-敦南,2023-07-27,9101
3163,波若威,69,45,24,群益金鼎-敦南,2023-07-27,9101
2376,技嘉,42,19,23,群益金鼎-敦南,2023-07-27,9101
3231,緯創,65,43,22,群益金鼎-敦南,2023-07-27,9101
6579,研揚,23,1,22,群益金鼎-敦南,2023-07-27,9101
2388,威盛,31,9,22,群益金鼎-敦南,2023-07-27,9101
1321,大洋,22,0,22,群益金鼎-敦南,2023-07-27,9101
2330,台積電,22,1,21,群益金鼎-敦南,2023-07-27,9101
3607,谷崧,28,8,20,群益金鼎-敦南,2023-07-27,9101
1513,中興電,31,11,20,群益金鼎-敦南,2023-07-27,9101
00929,復華台灣科技優息,18,0,18,群益金鼎-敦南,2023-07-27,9101
6116,彩晶,22,7,15,群益金鼎-敦南,2023-07-27,9101
4906,正文,19,4,15,群益金鼎-敦南,2023-07-27,9101
2412,中華電,15,0,15,群益金鼎-敦南,2023-07-27,9101
8011,台通,15,0,15,群益金鼎-敦南,2023-07-27,9101
5236,凌陽創新,15,1,14,群益金鼎-敦南,2023-07-27,9101
3715,定穎投控,13,0,13,群益金鼎-敦南,2023-07-27,9101
4123,晟德,18,5,13,群益金鼎-敦南,2023-07-27,9101
2641,正德,13,0,13,群益金鼎-敦南,2023-07-27,9101
6015,宏遠證,19,6,13,群益金鼎-敦南,2023-07-27,9101
00679B,元大美債20年,14,2,12,群益金鼎-敦南,2023-07-27,9101
3481,群創,50,38,12,群益金鼎-敦南,2023-07-27,9101
2609,陽明,16,4,12,群益金鼎-敦南,2023-07-27,9101
5706,鳳凰,12,0,12,群益金鼎-敦南,2023-07-27,9101
6689,伊雲谷,30,20,10,群益金鼎-敦南,2023-07-27,9101
4526,東台,13,3,10,群益金鼎-敦南,2023-07-27,9101
00882,中信中國高股息,15,6,9,群益金鼎-敦南,2023-07-27,9101
2317,鴻海,9,0,9,群益金鼎-敦南,2023-07-27,9101
2002,中鋼,8,0,8,群益金鼎-敦南,2023-07-27,9101
3017,奇鋐,30,22,8,群益金鼎-敦南,2023-07-27,9101
1319,東陽,12,4,8,群益金鼎-敦南,2023-07-27,9101
1605,華新,10,2,8,群益金鼎-敦南,2023-07-27,9101
3231,緯創,1483,215,1268,群益金鼎-敦南,2023-07-28,9101
1101,台泥,331,0,331,群益金鼎-敦南,2023-07-28,9101
4938,和碩,120,3,117,群益金鼎-敦南,2023-07-28,9101
00764B,群益25年美債,92,0,92,群益金鼎-敦南,2023-07-28,9101
2316,楠梓電,81,1,80,群益金鼎-敦南,2023-07-28,9101
2376,技嘉,111,32,79,群益金鼎-敦南,2023-07-28,9101
2409,友達,110,51,59,群益金鼎-敦南,2023-07-28,9101
00712,復華富時不動產,58,0,58,群益金鼎-敦南,2023-07-28,9101
4979,華星光,86,29,57,群益金鼎-敦南,2023-07-28,9101
3706,神達,165,108,57,群益金鼎-敦南,2023-07-28,9101
2377,微星,52,2,50,群益金鼎-敦南,2023-07-28,9101
2888,新光金,102,52,50,群益金鼎-敦南,2023-07-28,9101
2344,華邦電,62,15,47,群益金鼎-敦南,2023-07-28,9101
6579,研揚,38,0,38,群益金鼎-敦南,2023-07-28,9101
00679B,元大美債20年,39,1,38,群益金鼎-敦南,2023-07-28,9101
3362,先進光,35,0,35,群益金鼎-敦南,2023-07-28,9101
6167,久正,32,0,32,群益金鼎-敦南,2023-07-28,9101
8358,金居,57,26,31,群益金鼎-敦南,2023-07-28,9101
1905,華紙,231,201,30,群益金鼎-敦南,2023-07-28,9101
3481,群創,63,35,28,群益金鼎-敦南,2023-07-28,9101
2388,威盛,26,0,26,群益金鼎-敦南,2023-07-28,9101
00688L,國泰20年美債正2,26,0,26,群益金鼎-敦南,2023-07-28,9101
2610,華航,37,11,26,群益金鼎-敦南,2023-07-28,9101
6150,撼訊,25,0,25,群益金鼎-敦南,2023-07-28,9101
3035,智原,28,4,24,群益金鼎-敦南,2023-07-28,9101
2027,大成鋼,35,12,23,群益金鼎-敦南,2023-07-28,9101
2882,國泰金,23,0,23,群益金鼎-敦南,2023-07-28,9101
2883,凱基金,20,0,20,群益金鼎-敦南,2023-07-28,9101
2812,台中銀,20,0,20,群益金鼎-敦南,2023-07-28,9101
8936,國統,20,1,19,群益金鼎-敦南,2023-07-28,9101
00929,復華台灣科技優息,19,0,19,群益金鼎-敦南,2023-07-28,9101
5452,佶優,20,2,18,群益金鼎-敦南,2023-07-28,9101
8050,廣積,48,30,18,群益金鼎-敦南,2023-07-28,9101
3055,蔚華科,28,11,17,群益金鼎-敦南,2023-07-28,9101
00687B,國泰20年美債,16,0,16,群益金鼎-敦南,2023-07-28,9101
00680L,元大美債20正2,16,0,16,群益金鼎-敦南,2023-07-28,9101
00751B,元大AAA至A公司債,15,0,15,群益金鼎-敦南,2023-07-28,9101
4526,東台,15,0,15,群益金鼎-敦南,2023-07-28,9101
4523,永彰,15,0,15,群益金鼎-敦南,2023-07-28,9101
6282,康舒,49,35,14,群益金鼎-敦南,2023-07-28,9101
3715,定穎投控,14,0,14,群益金鼎-敦南,2023-07-28,9101
5236,凌陽創新,18,5,13,群益金鼎-敦南,2023-07-28,9101
9958,世紀鋼,13,1,12,群益金鼎-敦南,2023-07-28,9101
5706,鳳凰,15,3,12,群益金鼎-敦南,2023-07-28,9101
6194,育富,13,1,12,群益金鼎-敦南,2023-07-28,9101
00795B,中信美國公債20年,11,0,11,群益金鼎-敦南,2023-07-28,9101
00706L,期元大S＆P日圓正2,11,0,11,群益金鼎-敦南,2023-07-28,9101
00882,中信中國高股息,10,0,10,群益金鼎-敦南,2023-07-28,9101
3029,零壹,18,8,10,群益金鼎-敦南,2023-07-28,9101
2701,萬企,10,0,10,群益金鼎-敦南,2023-07-28,9101
2880,華南金,299,0,299,群益金鼎-敦南,2023-07-31,9101
2324,仁寶,160,10,150,群益金鼎-敦南,2023-07-31,9101
00878,國泰永續高股息,200,56,144,群益金鼎-敦南,2023-07-31,9101
2376,技嘉,126,14,112,群益金鼎-敦南,2023-07-31,9101
2301,光寶科,210,99,111,群益金鼎-敦南,2023-07-31,9101
3454,晶睿,100,0,100,群益金鼎-敦南,2023-07-31,9101
00637L,元大滬深300正2,102,5,97,群益金鼎-敦南,2023-07-31,9101
2913,農林,107,25,82,群益金鼎-敦南,2023-07-31,9101
2316,楠梓電,55,2,53,群益金鼎-敦南,2023-07-31,9101
2329,華泰,109,64,45,群益金鼎-敦南,2023-07-31,9101
00650L,復華香港正2,55,10,45,群益金鼎-敦南,2023-07-31,9101
2610,華航,48,4,44,群益金鼎-敦南,2023-07-31,9101
3483,力致,43,0,43,群益金鼎-敦南,2023-07-31,9101
5483,中美晶,42,4,38,群益金鼎-敦南,2023-07-31,9101
2382,廣達,74,38,36,群益金鼎-敦南,2023-07-31,9101
2609,陽明,42,6,36,群益金鼎-敦南,2023-07-31,9101
00753L,中信中國50正2,32,0,32,群益金鼎-敦南,2023-07-31,9101
2838A,聯邦銀甲特,30,0,30,群益金鼎-敦南,2023-07-31,9101
00679B,元大美債20年,29,0,29,群益金鼎-敦南,2023-07-31,9101
2357,華碩,42,13,29,群益金鼎-敦南,2023-07-31,9101
2812,台中銀,28,0,28,群益金鼎-敦南,2023-07-31,9101
3689,湧德,35,7,28,群益金鼎-敦南,2023-07-31,9101
5469,瀚宇博,46,20,26,群益金鼎-敦南,2023-07-31,9101
6125,廣運,42,17,25,群益金鼎-敦南,2023-07-31,9101
4908,前鼎,75,50,25,群益金鼎-敦南,2023-07-31,9101
2317,鴻海,26,3,23,群益金鼎-敦南,2023-07-31,9101
3045,台灣大,22,0,22,群益金鼎-敦南,2023-07-31,9101
6139,亞翔,23,2,21,群益金鼎-敦南,2023-07-31,9101
2891,中信金,21,0,21,群益金鼎-敦南,2023-07-31,9101
2801,彰銀,20,0,20,群益金鼎-敦南,2023-07-31,9101
2369,菱生,22,3,19,群益金鼎-敦南,2023-07-31,9101
2748,雲品,20,1,19,群益金鼎-敦南,2023-07-31,9101
4916,事欣科,18,0,18,群益金鼎-敦南,2023-07-31,9101
1108,幸福,25,7,18,群益金鼎-敦南,2023-07-31,9101
3058,立德,17,0,17,群益金鼎-敦南,2023-07-31,9101
2363,矽統,22,5,17,群益金鼎-敦南,2023-07-31,9101
1815,富喬,29,13,16,群益金鼎-敦南,2023-07-31,9101
5386,青雲,15,0,15,群益金鼎-敦南,2023-07-31,9101
6275,元山,15,0,15,群益金鼎-敦南,2023-07-31,9101
3017,奇鋐,54,40,14,群益金鼎-敦南,2023-07-31,9101
2371,大同,17,3,14,群益金鼎-敦南,2023-07-31,9101
2603,長榮,18,5,13,群益金鼎-敦南,2023-07-31,9101
3346,麗清,15,2,13,群益金鼎-敦南,2023-07-31,9101
2615,萬海,18,5,13,群益金鼎-敦南,2023-07-31,9101
5425,台半,17,4,13,群益金鼎-敦南,2023-07-31,9101
3078,僑威,17,5,12,群益金鼎-敦南,2023-07-31,9101
2002,中鋼,12,0,12,群益金鼎-敦南,2023-07-31,9101
6285,啟��,29,17,12,群益金鼎-敦南,2023-07-31,9101
2201,裕隆,21,9,12,群益金鼎-敦南,2023-07-31,9101
2330,台積電,18,6,12,群益金鼎-敦南,2023-07-31,9101
2312,金寶,283,42,241,群益金鼎-敦南,2023-08-01,9101
2880,華南金,100,0,100,群益金鼎-敦南,2023-08-01,9101
2388,威盛,115,20,95,群益金鼎-敦南,2023-08-01,9101
00929,復華台灣科技優息,87,0,87,群益金鼎-敦南,2023-08-01,9101
2913,農林,233,153,80,群益金鼎-敦南,2023-08-01,9101
3706,神達,110,41,69,群益金鼎-敦南,2023-08-01,9101
8215,明基材,61,0,61,群益金鼎-敦南,2023-08-01,9101
5289,宜鼎,60,0,60,群益金鼎-敦南,2023-08-01,9101
6282,康舒,89,39,50,群益金鼎-敦南,2023-08-01,9101
5871,中租-KY,44,3,41,群益金鼎-敦南,2023-08-01,9101
4906,正文,36,1,35,群益金鼎-敦南,2023-08-01,9101
6125,廣運,40,10,30,群益金鼎-敦南,2023-08-01,9101
1608,華榮,30,0,30,群益金鼎-敦南,2023-08-01,9101
2892,第一金,30,0,30,群益金鼎-敦南,2023-08-01,9101
1909,榮成,32,3,29,群益金鼎-敦南,2023-08-01,9101
5880,合庫金,30,1,29,群益金鼎-敦南,2023-08-01,9101
3454,晶睿,28,0,28,群益金鼎-敦南,2023-08-01,9101
2316,楠梓電,30,4,26,群益金鼎-敦南,2023-08-01,9101
8050,廣積,25,0,25,群益金鼎-敦南,2023-08-01,9101
1304,台聚,24,0,24,群益金鼎-敦南,2023-08-01,9101
2344,華邦電,34,11,23,群益金鼎-敦南,2023-08-01,9101
2301,光寶科,80,60,20,群益金鼎-敦南,2023-08-01,9101
1101,台泥,19,0,19,群益金鼎-敦南,2023-08-01,9101
1904,正隆,20,1,19,群益金鼎-敦南,2023-08-01,9101
2603,長榮,24,5,19,群益金鼎-敦南,2023-08-01,9101
00878,國泰永續高股息,48,29,19,群益金鼎-敦南,2023-08-01,9101
5328,華容,18,0,18,群益金鼎-敦南,2023-08-01,9101
1905,華紙,42,26,16,群益金鼎-敦南,2023-08-01,9101
6231,系微,17,2,15,群益金鼎-敦南,2023-08-01,9101
00679B,元大美債20年,18,3,15,群益金鼎-敦南,2023-08-01,9101
3499,環天科,14,0,14,群益金鼎-敦南,2023-08-01,9101
3583,辛耘,23,9,14,群益金鼎-敦南,2023-08-01,9101
3029,零壹,20,7,13,群益金鼎-敦南,2023-08-01,9101
00650L,復華香港正2,13,0,13,群益金鼎-敦南,2023-08-01,9101
2885,元大金,14,1,13,群益金鼎-敦南,2023-08-01,9101
3693,營邦,15,3,12,群益金鼎-敦南,2023-08-01,9101
3131,弘塑,12,1,11,群益金鼎-敦南,2023-08-01,9101
2409,友達,23,12,11,群益金鼎-敦南,2023-08-01,9101
8234,新漢,11,0,11,群益金鼎-敦南,2023-08-01,9101
1217,愛之味,14,3,11,群益金鼎-敦南,2023-08-01,9101
6279,胡連,10,0,10,群益金鼎-敦南,2023-08-01,9101
8105,凌巨,10,0,10,群益金鼎-敦南,2023-08-01,9101
8928,鉅明,10,0,10,群益金鼎-敦南,2023-08-01,9101
6153,嘉聯益,10,0,10,群益金鼎-敦南,2023-08-01,9101
1528,恩德,10,0,10,群益金鼎-敦南,2023-08-01,9101
4741,泓瀚,11,1,10,群益金鼎-敦南,2023-08-01,9101
2354,鴻準,10,0,10,群益金鼎-敦南,2023-08-01,9101
3703,欣陸,10,0,10,群益金鼎-敦南,2023-08-01,9101
3209,全科,9,0,9,群益金鼎-敦南,2023-08-01,9101
3580,友威科,9,0,9,群益金鼎-敦南,2023-08-01,9101
8215,明基材,696,8,688,群益金鼎-敦南,2023-08-02,9101
2388,威盛,348,11,337,群益金鼎-敦南,2023-08-02,9101
2330,台積電,166,7,159,群益金鼎-敦南,2023-08-02,9101
00712,復華富時不動產,125,0,125,群益金鼎-敦南,2023-08-02,9101
2801,彰銀,116,0,116,群益金鼎-敦南,2023-08-02,9101
00878,國泰永續高股息,192,84,108,群益金鼎-敦南,2023-08-02,9101
2880,華南金,100,0,100,群益金鼎-敦南,2023-08-02,9101
1605,華新,174,85,89,群益金鼎-敦南,2023-08-02,9101
3231,緯創,125,37,88,群益金鼎-敦南,2023-08-02,9101
2324,仁寶,71,1,70,群益金鼎-敦南,2023-08-02,9101
3163,波若威,110,40,70,群益金鼎-敦南,2023-08-02,9101
2610,華航,75,12,63,群益金鼎-敦南,2023-08-02,9101
1314,中石化,75,18,57,群益金鼎-敦南,2023-08-02,9101
3481,群創,71,16,55,群益金鼎-敦南,2023-08-02,9101
00923,群益台ESG低碳50,54,0,54,群益金鼎-敦南,2023-08-02,9101
00637L,元大滬深300正2,65,11,54,群益金鼎-敦南,2023-08-02,9101
1101,台泥,55,2,53,群益金鼎-敦南,2023-08-02,9101
00680L,元大美債20正2,47,0,47,群益金鼎-敦南,2023-08-02,9101
00882,中信中國高股息,51,5,46,群益金鼎-敦南,2023-08-02,9101
00679B,元大美債20年,63,24,39,群益金鼎-敦南,2023-08-02,9101
00929,復華台灣科技優息,40,2,38,群益金鼎-敦南,2023-08-02,9101
2882,國泰金,55,19,36,群益金鼎-敦南,2023-08-02,9101
00919,群益台灣精選高息,36,0,36,群益金鼎-敦南,2023-08-02,9101
2402,毅嘉,100,68,32,群益金鼎-敦南,2023-08-02,9101
00900,富邦特選高股息30,46,15,31,群益金鼎-敦南,2023-08-02,9101
6285,啟��,39,8,31,群益金鼎-敦南,2023-08-02,9101
2301,光寶科,69,39,30,群益金鼎-敦南,2023-08-02,9101
4904,遠傳,28,0,28,群益金鼎-敦南,2023-08-02,9101
00772B,中信高評級公司債,32,5,27,群益金鼎-敦南,2023-08-02,9101
00687B,國泰20年美債,27,0,27,群益金鼎-敦南,2023-08-02,9101
00706L,期元大S＆P日圓正2,25,0,25,群益金鼎-敦南,2023-08-02,9101
00885,富邦越南,24,0,24,群益金鼎-敦南,2023-08-02,9101
2888,新光金,36,12,24,群益金鼎-敦南,2023-08-02,9101
2891,中信金,23,0,23,群益金鼎-敦南,2023-08-02,9101
2369,菱生,22,2,20,群益金鼎-敦南,2023-08-02,9101
3017,奇鋐,53,33,20,群益金鼎-敦南,2023-08-02,9101
1905,華紙,90,72,18,群益金鼎-敦南,2023-08-02,9101
2881,富邦金,34,16,18,群益金鼎-敦南,2023-08-02,9101
6150,撼訊,17,0,17,群益金鼎-敦南,2023-08-02,9101
00632R,元大台灣50反1,52,35,17,群益金鼎-敦南,2023-08-02,9101
6531,愛普*,43,26,17,群益金鼎-敦南,2023-08-02,9101
0050,元大台灣50,16,0,16,群益金鼎-敦南,2023-08-02,9101
3024,憶聲,23,7,16,群益金鼎-敦南,2023-08-02,9101
2885,元大金,16,0,16,群益金鼎-敦南,2023-08-02,9101
2002,中鋼,17,2,15,群益金鼎-敦南,2023-08-02,9101
00751B,元大AAA至A公司債,15,0,15,群益金鼎-敦南,2023-08-02,9101
2206,三陽工業,36,22,14,群益金鼎-敦南,2023-08-02,9101
2338,光罩,13,0,13,群益金鼎-敦南,2023-08-02,9101
3037,欣興,26,14,12,群益金鼎-敦南,2023-08-02,9101
1336,台翰,12,0,12,群益金鼎-敦南,2023-08-02,9101
00929,復華台灣科技優息,355,8,347,群益金鼎-敦南,2023-08-04,9101
00679B,元大美債20年,163,10,153,群益金鼎-敦南,2023-08-04,9101
00795B,中信美國公債20年,101,2,99,群益金鼎-敦南,2023-08-04,9101
3706,神達,147,69,78,群益金鼎-敦南,2023-08-04,9101
00900,富邦特選高股息30,76,0,76,群益金鼎-敦南,2023-08-04,9101
2312,金寶,70,16,54,群益金鼎-敦南,2023-08-04,9101
2618,長榮航,46,1,45,群益金鼎-敦南,2023-08-04,9101
2464,盟立,44,0,44,群益金鼎-敦南,2023-08-04,9101
00637L,元大滬深300正2,47,7,40,群益金鼎-敦南,2023-08-04,9101
00923,群益台ESG低碳50,40,2,38,群益金鼎-敦南,2023-08-04,9101
6282,康舒,57,19,38,群益金鼎-敦南,2023-08-04,9101
00772B,中信高評級公司債,49,12,37,群益金鼎-敦南,2023-08-04,9101
00712,復華富時不動產,37,0,37,群益金鼎-敦南,2023-08-04,9101
5481,新華,36,0,36,群益金鼎-敦南,2023-08-04,9101
00878,國泰永續高股息,38,4,34,群益金鼎-敦南,2023-08-04,9101
00927,群益半導體收益,43,10,33,群益金鼎-敦南,2023-08-04,9101
1605,華新,60,29,31,群益金鼎-敦南,2023-08-04,9101
00650L,復華香港正2,30,0,30,群益金鼎-敦南,2023-08-04,9101
1609,大亞,63,35,28,群益金鼎-敦南,2023-08-04,9101
2886,兆豐金,31,3,28,群益金鼎-敦南,2023-08-04,9101
00680L,元大美債20正2,46,19,27,群益金鼎-敦南,2023-08-04,9101
4746,台耀,34,7,27,群益金鼎-敦南,2023-08-04,9101
00720B,元大投資級公司債,50,24,26,群益金鼎-敦南,2023-08-04,9101
6005,群益證,30,4,26,群益金鼎-敦南,2023-08-04,9101
4953,緯軟,27,2,25,群益金鼎-敦南,2023-08-04,9101
2409,友達,33,8,25,群益金鼎-敦南,2023-08-04,9101
2316,楠梓電,27,3,24,群益金鼎-敦南,2023-08-04,9101
1907,永豐餘,24,0,24,群益金鼎-敦南,2023-08-04,9101
5880,合庫金,23,0,23,群益金鼎-敦南,2023-08-04,9101
3306,鼎天,21,0,21,群益金鼎-敦南,2023-08-04,9101
3044,健鼎,24,4,20,群益金鼎-敦南,2023-08-04,9101
00907,永豐優息存股,20,0,20,群益金鼎-敦南,2023-08-04,9101
3038,全台,20,0,20,群益金鼎-敦南,2023-08-04,9101
6179,亞通,18,0,18,群益金鼎-敦南,2023-08-04,9101
2885,元大金,17,0,17,群益金鼎-敦南,2023-08-04,9101
8930,青鋼,30,13,17,群益金鼎-敦南,2023-08-04,9101
1608,華榮,40,23,17,群益金鼎-敦南,2023-08-04,9101
5236,凌陽創新,17,1,16,群益金鼎-敦南,2023-08-04,9101
5871,中租-KY,15,0,15,群益金鼎-敦南,2023-08-04,9101
2352,佳世達,24,9,15,群益金鼎-敦南,2023-08-04,9101
2344,華邦電,19,5,14,群益金鼎-敦南,2023-08-04,9101
00751B,元大AAA至A公司債,14,0,14,群益金鼎-敦南,2023-08-04,9101
3231,緯創,115,101,14,群益金鼎-敦南,2023-08-04,9101
2458,義隆,41,27,14,群益金鼎-敦南,2023-08-04,9101
3037,欣興,20,7,13,群益金鼎-敦南,2023-08-04,9101
2382,廣達,85,72,13,群益金鼎-敦南,2023-08-04,9101
2809,京城銀,15,2,13,群益金鼎-敦南,2023-08-04,9101
3362,先進光,12,0,12,群益金鼎-敦南,2023-08-04,9101
2633,台灣高鐵,11,0,11,群益金鼎-敦南,2023-08-04,9101
1519,華城,23,12,11,群益金鼎-敦南,2023-08-04,9101
2388,威盛,325,42,283,群益金鼎-敦南,2023-08-07,9101
2382,廣達,266,78,188,群益金鼎-敦南,2023-08-07,9101
00632R,元大台灣50反1,160,0,160,群益金鼎-敦南,2023-08-07,9101
4533,協易機,125,0,125,群益金鼎-敦南,2023-08-07,9101
2330,台積電,103,1,102,群益金鼎-敦南,2023-08-07,9101
1909,榮成,79,0,79,群益金鼎-敦南,2023-08-07,9101
2701,萬企,53,0,53,群益金鼎-敦南,2023-08-07,9101
3689,湧德,82,31,51,群益金鼎-敦南,2023-08-07,9101
2377,微星,50,0,50,群益金鼎-敦南,2023-08-07,9101
2312,金寶,91,41,50,群益金鼎-敦南,2023-08-07,9101
4953,緯軟,98,49,49,群益金鼎-敦南,2023-08-07,9101
2376,技嘉,61,17,44,群益金鼎-敦南,2023-08-07,9101
00929,復華台灣科技優息,38,0,38,群益金鼎-敦南,2023-08-07,9101
1217,愛之味,49,11,38,群益金鼎-敦南,2023-08-07,9101
2356,英業達,115,78,37,群益金鼎-敦南,2023-08-07,9101
2618,長榮航,78,41,37,群益金鼎-敦南,2023-08-07,9101
6016,康和證,34,0,34,群益金鼎-敦南,2023-08-07,9101
00645,富邦日本,32,0,32,群益金鼎-敦南,2023-08-07,9101
4904,遠傳,25,0,25,群益金鼎-敦南,2023-08-07,9101
5009,榮剛,24,1,23,群益金鼎-敦南,2023-08-07,9101
1907,永豐餘,19,2,17,群益金鼎-敦南,2023-08-07,9101
3715,定穎投控,20,4,16,群益金鼎-敦南,2023-08-07,9101
00712,復華富時不動產,18,2,16,群益金鼎-敦南,2023-08-07,9101
2402,毅嘉,29,13,16,群益金鼎-敦南,2023-08-07,9101
2801,彰銀,15,0,15,群益金鼎-敦南,2023-08-07,9101
8390,金益鼎,32,17,15,群益金鼎-敦南,2023-08-07,9101
1326,台化,14,0,14,群益金鼎-敦南,2023-08-07,9101
3325,旭品,26,13,13,群益金鼎-敦南,2023-08-07,9101
1319,東陽,15,2,13,群益金鼎-敦南,2023-08-07,9101
2610,華航,47,35,12,群益金鼎-敦南,2023-08-07,9101
00679B,元大美債20年,14,2,12,群益金鼎-敦南,2023-08-07,9101
00772B,中信高評級公司債,12,0,12,群益金鼎-敦南,2023-08-07,9101
2317,鴻海,13,2,11,群益金鼎-敦南,2023-08-07,9101
6188,廣明,24,13,11,群益金鼎-敦南,2023-08-07,9101
00923,群益台ESG低碳50,11,0,11,群益金鼎-敦南,2023-08-07,9101
3013,晟銘電,89,78,11,群益金鼎-敦南,2023-08-07,9101
2338,光罩,10,0,10,群益金鼎-敦南,2023-08-07,9101
00680L,元大美債20正2,10,0,10,群益金鼎-敦南,2023-08-07,9101
5347,世界,10,0,10,群益金鼎-敦南,2023-08-07,9101
1904,正隆,22,12,10,群益金鼎-敦南,2023-08-07,9101
3290,東浦,10,0,10,群益金鼎-敦南,2023-08-07,9101
9927,泰銘,31,21,10,群益金鼎-敦南,2023-08-07,9101
1905,華紙,46,36,10,群益金鼎-敦南,2023-08-07,9101
00882,中信中國高股息,9,0,9,群益金鼎-敦南,2023-08-07,9101
2891,中信金,9,0,9,群益金鼎-敦南,2023-08-07,9101
3287,廣寰科,11,2,9,群益金鼎-敦南,2023-08-07,9101
00720B,元大投資級公司債,8,0,8,群益金鼎-敦南,2023-08-07,9101
2014,中鴻,15,7,8,群益金鼎-敦南,2023-08-07,9101
1446,宏和,8,0,8,群益金鼎-敦南,2023-08-07,9101
8034,榮群,8,0,8,群益金鼎-敦南,2023-08-07,9101
3231,緯創,303,133,170,群益金鼎-敦南,2023-08-08,9101
00929,復華台灣科技優息,121,10,111,群益金鼎-敦南,2023-08-08,9101
3481,群創,116,14,102,群益金鼎-敦南,2023-08-08,9101
00900,富邦特選高股息30,97,1,96,群益金鼎-敦南,2023-08-08,9101
2329,華泰,84,5,79,群益金鼎-敦南,2023-08-08,9101
3163,波若威,91,37,54,群益金鼎-敦南,2023-08-08,9101
2356,英業達,121,79,42,群益金鼎-敦南,2023-08-08,9101
00923,群益台ESG低碳50,42,0,42,群益金鼎-敦南,2023-08-08,9101
6412,群電,46,8,38,群益金鼎-敦南,2023-08-08,9101
2382,廣達,93,65,28,群益金鼎-敦南,2023-08-08,9101
00927,群益半導體收益,26,0,26,群益金鼎-敦南,2023-08-08,9101
4746,台耀,24,0,24,群益金鼎-敦南,2023-08-08,9101
6285,啟��,32,9,23,群益金鼎-敦南,2023-08-08,9101
00632R,元大台灣50反1,27,4,23,群益金鼎-敦南,2023-08-08,9101
3141,晶宏,21,0,21,群益金鼎-敦南,2023-08-08,9101
00680L,元大美債20正2,21,0,21,群益金鼎-敦南,2023-08-08,9101
5864,致和證,20,0,20,群益金鼎-敦南,2023-08-08,9101
00919,群益台灣精選高息,21,1,20,群益金鼎-敦南,2023-08-08,9101
2488,漢平,22,2,20,群益金鼎-敦南,2023-08-08,9101
2409,友達,23,4,19,群益金鼎-敦南,2023-08-08,9101
1217,愛之味,80,61,19,群益金鼎-敦南,2023-08-08,9101
1609,大亞,23,5,18,群益金鼎-敦南,2023-08-08,9101
2504,國產,20,2,18,群益金鼎-敦南,2023-08-08,9101
1907,永豐餘,19,1,18,群益金鼎-敦南,2023-08-08,9101
2312,金寶,61,45,16,群益金鼎-敦南,2023-08-08,9101
1528,恩德,16,0,16,群益金鼎-敦南,2023-08-08,9101
1909,榮成,15,0,15,群益金鼎-敦南,2023-08-08,9101
00664R,國泰臺灣加權反1,15,0,15,群益金鼎-敦南,2023-08-08,9101
00931B,統一美債20年,35,20,15,群益金鼎-敦南,2023-08-08,9101
3290,東浦,14,0,14,群益金鼎-敦南,2023-08-08,9101
5452,佶優,19,5,14,群益金鼎-敦南,2023-08-08,9101
5469,瀚宇博,31,17,14,群益金鼎-敦南,2023-08-08,9101
2352,佳世達,28,15,13,群益金鼎-敦南,2023-08-08,9101
2206,三陽工業,28,15,13,群益金鼎-敦南,2023-08-08,9101
5483,中美晶,12,0,12,群益金鼎-敦南,2023-08-08,9101
6531,愛普*,22,11,11,群益金鼎-敦南,2023-08-08,9101
8050,廣積,36,25,11,群益金鼎-敦南,2023-08-08,9101
2363,矽統,24,13,11,群益金鼎-敦南,2023-08-08,9101
3029,零壹,20,10,10,群益金鼎-敦南,2023-08-08,9101
2201,裕隆,11,1,10,群益金鼎-敦南,2023-08-08,9101
2838A,聯邦銀甲特,10,0,10,群益金鼎-敦南,2023-08-08,9101
1506,正道,10,0,10,群益金鼎-敦南,2023-08-08,9101
3715,定穎投控,20,10,10,群益金鼎-敦南,2023-08-08,9101
2023,燁輝,10,0,10,群益金鼎-敦南,2023-08-08,9101
2303,聯電,11,2,9,群益金鼎-敦南,2023-08-08,9101
4123,晟德,10,1,9,群益金鼎-敦南,2023-08-08,9101
2301,光寶科,63,54,9,群益金鼎-敦南,2023-08-08,9101
2376,技嘉,61,53,8,群益金鼎-敦南,2023-08-08,9101
1802,台玻,20,12,8,群益金鼎-敦南,2023-08-08,9101
3032,偉訓,10,2,8,群益金鼎-敦南,2023-08-08,9101
00929,復華台灣科技優息,86,1,85,群益金鼎-敦南,2023-08-09,9101
2329,華泰,88,13,75,群益金鼎-敦南,2023-08-09,9101
1802,台玻,63,3,60,群益金鼎-敦南,2023-08-09,9101
00637L,元大滬深300正2,56,5,51,群益金鼎-敦南,2023-08-09,9101
3257,虹冠電,66,20,46,群益金鼎-敦南,2023-08-09,9101
00927,群益半導體收益,42,1,41,群益金鼎-敦南,2023-08-09,9101
9934,成霖,35,0,35,群益金鼎-敦南,2023-08-09,9101
00645,富邦日本,32,0,32,群益金鼎-敦南,2023-08-09,9101
6412,群電,76,45,31,群益金鼎-敦南,2023-08-09,9101
3141,晶宏,30,0,30,群益金鼎-敦南,2023-08-09,9101
3033,威健,30,0,30,群益金鼎-敦南,2023-08-09,9101
3231,緯創,84,56,28,群益金鼎-敦南,2023-08-09,9101
2913,農林,46,20,26,群益金鼎-敦南,2023-08-09,9101
2312,金寶,26,1,25,群益金鼎-敦南,2023-08-09,9101
6282,康舒,37,12,25,群益金鼎-敦南,2023-08-09,9101
00687B,國泰20年美債,21,0,21,群益金鼎-敦南,2023-08-09,9101
8050,廣積,25,5,20,群益金鼎-敦南,2023-08-09,9101
2034,允強,20,0,20,群益金鼎-敦南,2023-08-09,9101
00893,國泰智能電動車,20,0,20,群益金鼎-敦南,2023-08-09,9101
2739,寒舍,16,0,16,群益金鼎-敦南,2023-08-09,9101
1217,愛之味,16,0,16,群益金鼎-敦南,2023-08-09,9101
5425,台半,25,10,15,群益金鼎-敦南,2023-08-09,9101
2889,國票金,15,0,15,群益金鼎-敦南,2023-08-09,9101
1907,永豐餘,13,0,13,群益金鼎-敦南,2023-08-09,9101
6531,愛普*,23,10,13,群益金鼎-敦南,2023-08-09,9101
00923,群益台ESG低碳50,12,0,12,群益金鼎-敦南,2023-08-09,9101
3217,優群,15,3,12,群益金鼎-敦南,2023-08-09,9101
2892,第一金,15,3,12,群益金鼎-敦南,2023-08-09,9101
00882,中信中國高股息,11,0,11,群益金鼎-敦南,2023-08-09,9101
2536,宏普,13,2,11,群益金鼎-敦南,2023-08-09,9101
2603,長榮,11,1,10,群益金鼎-敦南,2023-08-09,9101
2887,台新金,10,0,10,群益金鼎-敦南,2023-08-09,9101
1319,東陽,11,1,10,群益金鼎-敦南,2023-08-09,9101
3346,麗清,17,7,10,群益金鼎-敦南,2023-08-09,9101
2007,燁興,10,0,10,群益金鼎-敦南,2023-08-09,9101
2323,中環,10,0,10,群益金鼎-敦南,2023-08-09,9101
00680L,元大美債20正2,20,11,9,群益金鼎-敦南,2023-08-09,9101
5880,合庫金,9,1,8,群益金鼎-敦南,2023-08-09,9101
2316,楠梓電,8,0,8,群益金鼎-敦南,2023-08-09,9101
2357,華碩,15,7,8,群益金鼎-敦南,2023-08-09,9101
3042,晶技,9,1,8,群益金鼎-敦南,2023-08-09,9101
6109,亞元,8,0,8,群益金鼎-敦南,2023-08-09,9101
2465,麗臺,8,0,8,群益金鼎-敦南,2023-08-09,9101
2201,裕隆,11,3,8,群益金鼎-敦南,2023-08-09,9101
3044,健鼎,60,52,8,群益金鼎-敦南,2023-08-09,9101
00919,群益台灣精選高息,67,60,7,群益金鼎-敦南,2023-08-09,9101
0050,元大台灣50,7,0,7,群益金鼎-敦南,2023-08-09,9101
2609,陽明,8,1,7,群益金鼎-敦南,2023-08-09,9101
3413,京鼎,7,0,7,群益金鼎-敦南,2023-08-09,9101
6274,台燿,16,9,7,群益金鼎-敦南,2023-08-09,9101
00929,復華台灣科技優息,310,59,251,群益金鼎-敦南,2023-08-10,9101
2618,長榮航,182,27,155,群益金鼎-敦南,2023-08-10,9101
2376,技嘉,119,13,106,群益金鼎-敦南,2023-08-10,9101
00900,富邦特選高股息30,115,10,105,群益金鼎-敦南,2023-08-10,9101
6282,康舒,120,42,78,群益金鼎-敦南,2023-08-10,9101
4906,正文,115,40,75,群益金鼎-敦南,2023-08-10,9101
3141,晶宏,64,0,64,群益金鼎-敦南,2023-08-10,9101
00919,群益台灣精選高息,158,101,57,群益金鼎-敦南,2023-08-10,9101
2888,新光金,100,47,53,群益金鼎-敦南,2023-08-10,9101
2913,農林,54,2,52,群益金鼎-敦南,2023-08-10,9101
3581,博磊,62,12,50,群益金鼎-敦南,2023-08-10,9101
3163,波若威,56,10,46,群益金鼎-敦南,2023-08-10,9101
00927,群益半導體收益,59,14,45,群益金鼎-敦南,2023-08-10,9101
2610,華航,104,65,39,群益金鼎-敦南,2023-08-10,9101
1802,台玻,51,13,38,群益金鼎-敦南,2023-08-10,9101
2007,燁興,37,0,37,群益金鼎-敦南,2023-08-10,9101
3483,力致,159,124,35,群益金鼎-敦南,2023-08-10,9101
3206,志豐,35,2,33,群益金鼎-敦南,2023-08-10,9101
00923,群益台ESG低碳50,31,0,31,群益金鼎-敦南,2023-08-10,9101
2034,允強,30,0,30,群益金鼎-敦南,2023-08-10,9101
1612,宏泰,30,0,30,群益金鼎-敦南,2023-08-10,9101
00878,國泰永續高股息,62,32,30,群益金鼎-敦南,2023-08-10,9101
6412,群電,34,12,22,群益金鼎-敦南,2023-08-10,9101
2845,遠東銀,20,0,20,群益金鼎-敦南,2023-08-10,9101
8234,新漢,20,0,20,群益金鼎-敦南,2023-08-10,9101
00893,國泰智能電動車,22,2,20,群益金鼎-敦南,2023-08-10,9101
1108,幸福,20,0,20,群益金鼎-敦南,2023-08-10,9101
3231,緯創,126,109,17,群益金鼎-敦南,2023-08-10,9101
2371,大同,27,12,15,群益金鼎-敦南,2023-08-10,9101
3014,聯陽,17,2,15,群益金鼎-敦南,2023-08-10,9101
5309,系統電,19,4,15,群益金鼎-敦南,2023-08-10,9101
0050,元大台灣50,17,2,15,群益金鼎-敦南,2023-08-10,9101
00751B,元大AAA至A公司債,15,1,14,群益金鼎-敦南,2023-08-10,9101
1616,億泰,14,0,14,群益金鼎-敦南,2023-08-10,9101
1514,亞力,13,0,13,群益金鼎-敦南,2023-08-10,9101
2886,兆豐金,12,0,12,群益金鼎-敦南,2023-08-10,9101
2402,毅嘉,14,2,12,群益金鼎-敦南,2023-08-10,9101
00656R,國泰中國A50反1,12,0,12,群益金鼎-敦南,2023-08-10,9101
1336,台翰,12,0,12,群益金鼎-敦南,2023-08-10,9101
00687B,國泰20年美債,12,0,12,群益金鼎-敦南,2023-08-10,9101
1305,華夏,12,0,12,群益金鼎-敦南,2023-08-10,9101
1907,永豐餘,12,0,12,群益金鼎-敦南,2023-08-10,9101
3037,欣興,20,9,11,群益金鼎-敦南,2023-08-10,9101
00720B,元大投資級公司債,11,0,11,群益金鼎-敦南,2023-08-10,9101
1321,大洋,11,0,11,群益金鼎-敦南,2023-08-10,9101
1905,華紙,13,2,11,群益金鼎-敦南,2023-08-10,9101
6190,萬泰科,11,0,11,群益金鼎-敦南,2023-08-10,9101
6217,中探針,10,0,10,群益金鼎-敦南,2023-08-10,9101
6732,昇佳電子,10,0,10,群益金鼎-敦南,2023-08-10,9101
2614,東森,10,0,10,群益金鼎-敦南,2023-08-10,9101
00632R,元大台灣50反1,509,28,481,群益金鼎-敦南,2023-08-11,9101
5388,中磊,300,0,300,群益金鼎-敦南,2023-08-11,9101
2883,凱基金,101,0,101,群益金鼎-敦南,2023-08-11,9101
00929,復華台灣科技優息,94,0,94,群益金鼎-敦南,2023-08-11,9101
2888,新光金,91,0,91,群益金鼎-敦南,2023-08-11,9101
00930,永豐ESG低碳高息,59,0,59,群益金鼎-敦南,2023-08-11,9101
00679B,元大美債20年,56,0,56,群益金鼎-敦南,2023-08-11,9101
2913,農林,50,4,46,群益金鼎-敦南,2023-08-11,9101
3231,緯創,105,68,37,群益金鼎-敦南,2023-08-11,9101
2405,輔信,33,0,33,群益金鼎-敦南,2023-08-11,9101
00645,富邦日本,32,0,32,群益金鼎-敦南,2023-08-11,9101
00772B,中信高評級公司債,32,1,31,群益金鼎-敦南,2023-08-11,9101
00927,群益半導體收益,31,0,31,群益金鼎-敦南,2023-08-11,9101
2486,一詮,35,5,30,群益金鼎-敦南,2023-08-11,9101
6282,康舒,32,4,28,群益金鼎-敦南,2023-08-11,9101
6125,廣運,74,46,28,群益金鼎-敦南,2023-08-11,9101
2329,華泰,30,3,27,群益金鼎-敦南,2023-08-11,9101
3163,波若威,59,32,27,群益金鼎-敦南,2023-08-11,9101
4147,中裕,25,0,25,群益金鼎-敦南,2023-08-11,9101
2356,英業達,92,69,23,群益金鼎-敦南,2023-08-11,9101
00751B,元大AAA至A公司債,21,0,21,群益金鼎-敦南,2023-08-11,9101
3483,力致,33,12,21,群益金鼎-敦南,2023-08-11,9101
1795,美時,25,4,21,群益金鼎-敦南,2023-08-11,9101
2834,臺企銀,20,0,20,群益金鼎-敦南,2023-08-11,9101
6438,迅得,22,2,20,群益金鼎-敦南,2023-08-11,9101
1612,宏泰,20,0,20,群益金鼎-敦南,2023-08-11,9101
1108,幸福,20,0,20,群益金鼎-敦南,2023-08-11,9101
00931B,統一美債20年,19,0,19,群益金鼎-敦南,2023-08-11,9101
5215,科嘉-KY,18,0,18,群益金鼎-敦南,2023-08-11,9101
3037,欣興,17,1,16,群益金鼎-敦南,2023-08-11,9101
3363,上詮,22,6,16,群益金鼎-敦南,2023-08-11,9101
00687B,國泰20年美債,16,0,16,群益金鼎-敦南,2023-08-11,9101
2892,第一金,15,0,15,群益金鼎-敦南,2023-08-11,9101
3162,精確,15,0,15,群益金鼎-敦南,2023-08-11,9101
4414,如興,15,0,15,群益金鼎-敦南,2023-08-11,9101
5469,瀚宇博,21,6,15,群益金鼎-敦南,2023-08-11,9101
00923,群益台ESG低碳50,15,0,15,群益金鼎-敦南,2023-08-11,9101
00882,中信中國高股息,16,2,14,群益金鼎-敦南,2023-08-11,9101
2634,漢翔,25,11,14,群益金鼎-敦南,2023-08-11,9101
2889,國票金,18,4,14,群益金鼎-敦南,2023-08-11,9101
3665,貿聯-KY,13,0,13,群益金鼎-敦南,2023-08-11,9101
3141,晶宏,13,0,13,群益金鼎-敦南,2023-08-11,9101
2002,中鋼,12,0,12,群益金鼎-敦南,2023-08-11,9101
3306,鼎天,15,4,11,群益金鼎-敦南,2023-08-11,9101
6446,藥華藥,11,0,11,群益金鼎-敦南,2023-08-11,9101
1217,愛之味,11,0,11,群益金鼎-敦南,2023-08-11,9101
2027,大成鋼,11,0,11,群益金鼎-敦南,2023-08-11,9101
2388,威盛,28,18,10,群益金鼎-敦南,2023-08-11,9101
8016,矽創,11,1,10,群益金鼎-敦南,2023-08-11,9101
2330,台積電,10,0,10,群益金鼎-敦南,2023-08-11,9101
00929,復華台灣科技優息,253,100,153,群益金鼎-敦南,2023-08-14,9101
00900,富邦特選高股息30,141,0,141,群益金鼎-敦南,2023-08-14,9101
2888,新光金,124,11,113,群益金鼎-敦南,2023-08-14,9101
2610,華航,149,38,111,群益金鼎-敦南,2023-08-14,9101
2618,長榮航,92,19,73,群益金鼎-敦南,2023-08-14,9101
00878,國泰永續高股息,90,20,70,群益金鼎-敦南,2023-08-14,9101
2834,臺企銀,65,2,63,群益金鼎-敦南,2023-08-14,9101
00930,永豐ESG低碳高息,47,0,47,群益金鼎-敦南,2023-08-14,9101
6282,康舒,49,6,43,群益金鼎-敦南,2023-08-14,9101
00896,中信綠能及電動車,40,0,40,群益金鼎-敦南,2023-08-14,9101
2887,台新金,31,0,31,群益金鼎-敦南,2023-08-14,9101
00696B,富邦美債20年,30,0,30,群益金鼎-敦南,2023-08-14,9101
0050,元大台灣50,29,1,28,群益金鼎-敦南,2023-08-14,9101
00923,群益台ESG低碳50,27,0,27,群益金鼎-敦南,2023-08-14,9101
6005,群益證,27,3,24,群益金鼎-敦南,2023-08-14,9101
2812,台中銀,23,0,23,群益金鼎-敦南,2023-08-14,9101
00656R,國泰中國A50反1,22,0,22,群益金鼎-敦南,2023-08-14,9101
6285,啟��,25,3,22,群益金鼎-敦南,2023-08-14,9101
00919,群益台灣精選高息,21,0,21,群益金鼎-敦南,2023-08-14,9101
2201,裕隆,26,5,21,群益金鼎-敦南,2023-08-14,9101
6140,訊達,20,0,20,群益金鼎-敦南,2023-08-14,9101
4726,永昕,20,0,20,群益金鼎-敦南,2023-08-14,9101
00927,群益半導體收益,20,1,19,群益金鼎-敦南,2023-08-14,9101
4770,上品,17,0,17,群益金鼎-敦南,2023-08-14,9101
2066,世德,17,0,17,群益金鼎-敦南,2023-08-14,9101
6446,藥華藥,17,1,16,群益金鼎-敦南,2023-08-14,9101
00893,國泰智能電動車,20,4,16,群益金鼎-敦南,2023-08-14,9101
2356,英業達,55,40,15,群益金鼎-敦南,2023-08-14,9101
00772B,中信高評級公司債,20,5,15,群益金鼎-敦南,2023-08-14,9101
1442,名軒,15,0,15,群益金鼎-敦南,2023-08-14,9101
00679B,元大美債20年,15,0,15,群益金鼎-敦南,2023-08-14,9101
2515,中工,15,0,15,群益金鼎-敦南,2023-08-14,9101
2891,中信金,17,3,14,群益金鼎-敦南,2023-08-14,9101
3715,定穎投控,16,2,14,群益金鼎-敦南,2023-08-14,9101
2023,燁輝,14,1,13,群益金鼎-敦南,2023-08-14,9101
3308,聯德,17,4,13,群益金鼎-敦南,2023-08-14,9101
1795,美時,32,20,12,群益金鼎-敦南,2023-08-14,9101
2390,云辰,12,0,12,群益金鼎-敦南,2023-08-14,9101
00751B,元大AAA至A公司債,12,0,12,群益金鼎-敦南,2023-08-14,9101
2363,矽統,99,88,11,群益金鼎-敦南,2023-08-14,9101
9939,宏全,11,0,11,群益金鼎-敦南,2023-08-14,9101
2344,華邦電,12,2,10,群益金鼎-敦南,2023-08-14,9101
00931B,統一美債20年,15,5,10,群益金鼎-敦南,2023-08-14,9101
2603,長榮,41,31,10,群益金鼎-敦南,2023-08-14,9101
2889,國票金,10,0,10,群益金鼎-敦南,2023-08-14,9101
8049,晶采,10,0,10,群益金鼎-敦南,2023-08-14,9101
3416,融程電,10,0,10,群益金鼎-敦南,2023-08-14,9101
2906,高林,10,0,10,群益金鼎-敦南,2023-08-14,9101
2498,宏達電,12,2,10,群益金鼎-敦南,2023-08-14,9101
2883,凱基金,15,5,10,群益金鼎-敦南,2023-08-14,9101
00929,復華台灣科技優息,1050,1,1049,群益金鼎-敦南,2023-08-15,9101
00923,群益台ESG低碳50,156,0,156,群益金鼎-敦南,2023-08-15,9101
2880,華南金,121,0,121,群益金鼎-敦南,2023-08-15,9101
2382,廣達,208,139,69,群益金鼎-敦南,2023-08-15,9101
00907,永豐優息存股,62,0,62,群益金鼎-敦南,2023-08-15,9101
2317,鴻海,37,8,29,群益金鼎-敦南,2023-08-15,9101
3230,錦明,29,0,29,群益金鼎-敦南,2023-08-15,9101
5425,台半,29,1,28,群益金鼎-敦南,2023-08-15,9101
2368,金像電,36,8,28,群益金鼎-敦南,2023-08-15,9101
2913,農林,52,25,27,群益金鼎-敦南,2023-08-15,9101
00712,復華富時不動產,24,0,24,群益金鼎-敦南,2023-08-15,9101
3231,緯創,99,76,23,群益金鼎-敦南,2023-08-15,9101
6167,久正,24,1,23,群益金鼎-敦南,2023-08-15,9101
00680L,元大美債20正2,27,7,20,群益金鼎-敦南,2023-08-15,9101
00706L,期元大S＆P日圓正2,20,0,20,群益金鼎-敦南,2023-08-15,9101
1513,中興電,31,12,19,群益金鼎-敦南,2023-08-15,9101
1609,大亞,20,1,19,群益金鼎-敦南,2023-08-15,9101
3078,僑威,37,20,17,群益金鼎-敦南,2023-08-15,9101
00720B,元大投資級公司債,17,0,17,群益金鼎-敦南,2023-08-15,9101
00795B,中信美國公債20年,16,0,16,群益金鼎-敦南,2023-08-15,9101
00679B,元大美債20年,13,0,13,群益金鼎-敦南,2023-08-15,9101
2634,漢翔,13,0,13,群益金鼎-敦南,2023-08-15,9101
2399,映泰,13,0,13,群益金鼎-敦南,2023-08-15,9101
00900,富邦特選高股息30,131,119,12,群益金鼎-敦南,2023-08-15,9101
3042,晶技,12,0,12,群益金鼎-敦南,2023-08-15,9101
5381,合正,12,0,12,群益金鼎-敦南,2023-08-15,9101
2002,中鋼,12,1,11,群益金鼎-敦南,2023-08-15,9101
1605,華新,11,0,11,群益金鼎-敦南,2023-08-15,9101
1210,大成,11,0,11,群益金鼎-敦南,2023-08-15,9101
3213,茂訊,12,1,11,群益金鼎-敦南,2023-08-15,9101
00687B,國泰20年美債,10,0,10,群益金鼎-敦南,2023-08-15,9101
4960,誠美材,10,0,10,群益金鼎-敦南,2023-08-15,9101
1108,幸福,10,0,10,群益金鼎-敦南,2023-08-15,9101
1608,華榮,10,0,10,群益金鼎-敦南,2023-08-15,9101
2390,云辰,10,0,10,群益金鼎-敦南,2023-08-15,9101
2547,日勝生,10,0,10,群益金鼎-敦南,2023-08-15,9101
2388,威盛,26,17,9,群益金鼎-敦南,2023-08-15,9101
3024,憶聲,9,0,9,群益金鼎-敦南,2023-08-15,9101
6418,詠昇,11,3,8,群益金鼎-敦南,2023-08-15,9101
00634R,富邦上証反1,8,0,8,群益金鼎-敦南,2023-08-15,9101
2838A,聯邦銀甲特,8,0,8,群益金鼎-敦南,2023-08-15,9101
2884,玉山金,8,1,7,群益金鼎-敦南,2023-08-15,9101
0050,元大台灣50,8,1,7,群益金鼎-敦南,2023-08-15,9101
4746,台耀,7,0,7,群益金鼎-敦南,2023-08-15,9101
00772B,中信高評級公司債,17,10,7,群益金鼎-敦南,2023-08-15,9101
00931B,統一美債20年,7,0,7,群益金鼎-敦南,2023-08-15,9101
1802,台玻,15,9,6,群益金鼎-敦南,2023-08-15,9101
6472,保瑞,8,2,6,群益金鼎-敦南,2023-08-15,9101
3287,廣寰科,6,0,6,群益金鼎-敦南,2023-08-15,9101
3443,創意,10,5,5,群益金鼎-敦南,2023-08-15,9101
2301,光寶科,1115,70,1045,群益金鼎-敦南,2023-08-16,9101
2324,仁寶,541,52,489,群益金鼎-敦南,2023-08-16,9101
2388,威盛,425,20,405,群益金鼎-敦南,2023-08-16,9101
3231,緯創,479,102,377,群益金鼎-敦南,2023-08-16,9101
2892,第一金,260,0,260,群益金鼎-敦南,2023-08-16,9101
00632R,元大台灣50反1,149,4,145,群益金鼎-敦南,2023-08-16,9101
3483,力致,157,25,132,群益金鼎-敦南,2023-08-16,9101
5880,合庫金,125,4,121,群益金鼎-敦南,2023-08-16,9101
00900,富邦特選高股息30,94,0,94,群益金鼎-敦南,2023-08-16,9101
2329,華泰,158,75,83,群益金鼎-敦南,2023-08-16,9101
2891,中信金,68,1,67,群益金鼎-敦南,2023-08-16,9101
4933,友輝,60,0,60,群益金鼎-敦南,2023-08-16,9101
00712,復華富時不動產,57,0,57,群益金鼎-敦南,2023-08-16,9101
2610,華航,72,21,51,群益金鼎-敦南,2023-08-16,9101
2303,聯電,53,3,50,群益金鼎-敦南,2023-08-16,9101
5425,台半,51,1,50,群益金鼎-敦南,2023-08-16,9101
3035,智原,64,26,38,群益金鼎-敦南,2023-08-16,9101
2201,裕隆,41,4,37,群益金鼎-敦南,2023-08-16,9101
00929,復華台灣科技優息,33,0,33,群益金鼎-敦南,2023-08-16,9101
00764B,群益25年美債,33,0,33,群益金鼎-敦南,2023-08-16,9101
00923,群益台ESG低碳50,31,0,31,群益金鼎-敦南,2023-08-16,9101
2812,台中銀,29,0,29,群益金鼎-敦南,2023-08-16,9101
2317,鴻海,29,3,26,群益金鼎-敦南,2023-08-16,9101
8050,廣積,82,57,25,群益金鼎-敦南,2023-08-16,9101
00772B,中信高評級公司債,25,0,25,群益金鼎-敦南,2023-08-16,9101
2707,晶華,20,0,20,群益金鼎-敦南,2023-08-16,9101
3062,建漢,20,0,20,群益金鼎-敦南,2023-08-16,9101
2838A,聯邦銀甲特,19,0,19,群益金鼎-敦南,2023-08-16,9101
3230,錦明,17,0,17,群益金鼎-敦南,2023-08-16,9101
00720B,元大投資級公司債,16,0,16,群益金鼎-敦南,2023-08-16,9101
2609,陽明,19,4,15,群益金鼎-敦南,2023-08-16,9101
00665L,富邦�琤肭磪囓�2,15,0,15,群益金鼎-敦南,2023-08-16,9101
1519,華城,19,5,14,群益金鼎-敦南,2023-08-16,9101
3037,欣興,40,26,14,群益金鼎-敦南,2023-08-16,9101
00878,國泰永續高股息,42,29,13,群益金鼎-敦南,2023-08-16,9101
3163,波若威,55,42,13,群益金鼎-敦南,2023-08-16,9101
00687B,國泰20年美債,13,0,13,群益金鼎-敦南,2023-08-16,9101
00930,永豐ESG低碳高息,12,0,12,群益金鼎-敦南,2023-08-16,9101
1710,東聯,12,0,12,群益金鼎-敦南,2023-08-16,9101
1217,愛之味,14,2,12,群益金鼎-敦南,2023-08-16,9101
3027,盛達,12,0,12,群益金鼎-敦南,2023-08-16,9101
2884,玉山金,11,0,11,群益金鼎-敦南,2023-08-16,9101
2363,矽統,42,31,11,群益金鼎-敦南,2023-08-16,9101
00679B,元大美債20年,10,0,10,群益金鼎-敦南,2023-08-16,9101
00882,中信中國高股息,10,0,10,群益金鼎-敦南,2023-08-16,9101
2605,新興,10,0,10,群益金鼎-敦南,2023-08-16,9101
2461,光群雷,12,2,10,群益金鼎-敦南,2023-08-16,9101
2516,新建,10,0,10,群益金鼎-敦南,2023-08-16,9101
9934,成霖,11,1,10,群益金鼎-敦南,2023-08-16,9101
00751B,元大AAA至A公司債,10,0,10,群益金鼎-敦南,2023-08-16,9101
3231,緯創,908,316,592,群益金鼎-敦南,2023-08-17,9101
2301,光寶科,432,44,388,群益金鼎-敦南,2023-08-17,9101
2388,威盛,255,48,207,群益金鼎-敦南,2023-08-17,9101
2382,廣達,216,62,154,群益金鼎-敦南,2023-08-17,9101
3483,力致,180,59,121,群益金鼎-敦南,2023-08-17,9101
2376,技嘉,121,21,100,群益金鼎-敦南,2023-08-17,9101
2883,凱基金,106,14,92,群益金鼎-敦南,2023-08-17,9101
00795B,中信美國公債20年,73,0,73,群益金鼎-敦南,2023-08-17,9101
3206,志豐,68,0,68,群益金鼎-敦南,2023-08-17,9101
00929,復華台灣科技優息,61,0,61,群益金鼎-敦南,2023-08-17,9101
2617,台航,60,0,60,群益金鼎-敦南,2023-08-17,9101
3689,湧德,107,55,52,群益金鼎-敦南,2023-08-17,9101
00772B,中信高評級公司債,46,0,46,群益金鼎-敦南,2023-08-17,9101
3622,洋華,46,0,46,群益金鼎-敦南,2023-08-17,9101
00764B,群益25年美債,33,0,33,群益金鼎-敦南,2023-08-17,9101
00712,復華富時不動產,33,0,33,群益金鼎-敦南,2023-08-17,9101
00645,富邦日本,30,0,30,群益金鼎-敦南,2023-08-17,9101
00919,群益台灣精選高息,29,2,27,群益金鼎-敦南,2023-08-17,9101
1402,遠東新,23,0,23,群益金鼎-敦南,2023-08-17,9101
6285,啟��,45,22,23,群益金鼎-敦南,2023-08-17,9101
6664,群翊,26,4,22,群益金鼎-敦南,2023-08-17,9101
00753L,中信中國50正2,21,0,21,群益金鼎-敦南,2023-08-17,9101
2889,國票金,20,0,20,群益金鼎-敦南,2023-08-17,9101
3163,波若威,100,80,20,群益金鼎-敦南,2023-08-17,9101
5381,合正,19,0,19,群益金鼎-敦南,2023-08-17,9101
2606,裕民,19,1,18,群益金鼎-敦南,2023-08-17,9101
6186,新潤,18,0,18,群益金鼎-敦南,2023-08-17,9101
2637,慧洋-KY,20,2,18,群益金鼎-敦南,2023-08-17,9101
00679B,元大美債20年,17,0,17,群益金鼎-敦南,2023-08-17,9101
8050,廣積,22,5,17,群益金鼎-敦南,2023-08-17,9101
00687B,國泰20年美債,16,0,16,群益金鼎-敦南,2023-08-17,9101
00882,中信中國高股息,16,0,16,群益金鼎-敦南,2023-08-17,9101
1808,潤隆,14,0,14,群益金鼎-敦南,2023-08-17,9101
00720B,元大投資級公司債,14,0,14,群益金鼎-敦南,2023-08-17,9101
00680L,元大美債20正2,14,0,14,群益金鼎-敦南,2023-08-17,9101
9945,潤泰新,16,3,13,群益金鼎-敦南,2023-08-17,9101
00931B,統一美債20年,14,1,13,群益金鼎-敦南,2023-08-17,9101
2886,兆豐金,21,8,13,群益金鼎-敦南,2023-08-17,9101
00907,永豐優息存股,12,0,12,群益金鼎-敦南,2023-08-17,9101
00725B,國泰投資級公司債,11,0,11,群益金鼎-敦南,2023-08-17,9101
6167,久正,14,3,11,群益金鼎-敦南,2023-08-17,9101
1314,中石化,11,0,11,群益金鼎-敦南,2023-08-17,9101
6418,詠昇,11,0,11,群益金鼎-敦南,2023-08-17,9101
2401,凌陽,14,4,10,群益金鼎-敦南,2023-08-17,9101
2881,富邦金,10,0,10,群益金鼎-敦南,2023-08-17,9101
00656R,國泰中國A50反1,10,0,10,群益金鼎-敦南,2023-08-17,9101
2516,新建,10,0,10,群益金鼎-敦南,2023-08-17,9101
00719B,元大美債1-3,10,0,10,群益金鼎-敦南,2023-08-17,9101
2838A,聯邦銀甲特,10,0,10,群益金鼎-敦南,2023-08-17,9101
00895,富邦未來車,10,0,10,群益金鼎-敦南,2023-08-17,9101
2301,光寶科,627,47,580,群益金鼎-敦南,2023-08-18,9101
00929,復華台灣科技優息,144,0,144,群益金鼎-敦南,2023-08-18,9101
00900,富邦特選高股息30,84,2,82,群益金鼎-敦南,2023-08-18,9101
2610,華航,111,30,81,群益金鼎-敦南,2023-08-18,9101
00919,群益台灣精選高息,69,0,69,群益金鼎-敦南,2023-08-18,9101
2363,矽統,443,379,64,群益金鼎-敦南,2023-08-18,9101
3231,緯創,190,127,63,群益金鼎-敦南,2023-08-18,9101
2402,毅嘉,51,10,41,群益金鼎-敦南,2023-08-18,9101
2027,大成鋼,38,0,38,群益金鼎-敦南,2023-08-18,9101
00772B,中信高評級公司債,37,0,37,群益金鼎-敦南,2023-08-18,9101
00878,國泰永續高股息,62,29,33,群益金鼎-敦南,2023-08-18,9101
2317,鴻海,31,0,31,群益金鼎-敦南,2023-08-18,9101
00637L,元大滬深300正2,30,0,30,群益金鼎-敦南,2023-08-18,9101
00650L,復華香港正2,30,0,30,群益金鼎-敦南,2023-08-18,9101
3035,智原,46,20,26,群益金鼎-敦南,2023-08-18,9101
6531,愛普*,33,10,23,群益金鼎-敦南,2023-08-18,9101
3515,華擎,52,30,22,群益金鼎-敦南,2023-08-18,9101
6186,新潤,20,0,20,群益金鼎-敦南,2023-08-18,9101
6177,達麗,20,0,20,群益金鼎-敦南,2023-08-18,9101
2851,中再保,20,0,20,群益金鼎-敦南,2023-08-18,9101
2356,英業達,60,40,20,群益金鼎-敦南,2023-08-18,9101
3689,湧德,32,14,18,群益金鼎-敦南,2023-08-18,9101
1314,中石化,20,2,18,群益金鼎-敦南,2023-08-18,9101
2905,三商,18,0,18,群益金鼎-敦南,2023-08-18,9101
00923,群益台ESG低碳50,17,1,16,群益金鼎-敦南,2023-08-18,9101
2618,長榮航,24,9,15,群益金鼎-敦南,2023-08-18,9101
6282,康舒,56,41,15,群益金鼎-敦南,2023-08-18,9101
2606,裕民,35,21,14,群益金鼎-敦南,2023-08-18,9101
4581,光隆精密-KY,14,0,14,群益金鼎-敦南,2023-08-18,9101
2892,第一金,14,1,13,群益金鼎-敦南,2023-08-18,9101
2382,廣達,73,59,14,群益金鼎-敦南,2023-08-18,9101
00688L,國泰20年美債正2,23,10,13,群益金鼎-敦南,2023-08-18,9101
2355,敬鵬,14,2,12,群益金鼎-敦南,2023-08-18,9101
2359,所羅門,12,0,12,群益金鼎-敦南,2023-08-18,9101
2603,長榮,77,65,12,群益金鼎-敦南,2023-08-18,9101
2329,華泰,111,100,11,群益金鼎-敦南,2023-08-18,9101
2330,台積電,11,0,11,群益金鼎-敦南,2023-08-18,9101
4909,新復興,10,0,10,群益金鼎-敦南,2023-08-18,9101
8227,巨有科技,10,0,10,群益金鼎-敦南,2023-08-18,9101
2891,中信金,11,1,10,群益金鼎-敦南,2023-08-18,9101
2032,新鋼,10,0,10,群益金鼎-敦南,2023-08-18,9101
2312,金寶,11,1,10,群益金鼎-敦南,2023-08-18,9101
00706L,期元大S＆P日圓正2,10,0,10,群益金鼎-敦南,2023-08-18,9101
2889,國票金,10,0,10,群益金鼎-敦南,2023-08-18,9101
00679B,元大美債20年,9,0,9,群益金鼎-敦南,2023-08-18,9101
6188,廣明,14,5,9,群益金鼎-敦南,2023-08-18,9101
2409,友達,12,3,9,群益金鼎-敦南,2023-08-18,9101
2324,仁寶,26,17,9,群益金鼎-敦南,2023-08-18,9101
6235,華孚,52,44,8,群益金鼎-敦南,2023-08-18,9101
2006,東和鋼鐵,8,0,8,群益金鼎-敦南,2023-08-18,9101
00706L,期元大S＆P日圓正2,190,0,190,群益金鼎-敦南,2023-08-21,9101
00632R,元大台灣50反1,125,2,123,群益金鼎-敦南,2023-08-21,9101
4906,正文,90,36,54,群益金鼎-敦南,2023-08-21,9101
1471,首利,50,2,48,群益金鼎-敦南,2023-08-21,9101
00679B,元大美債20年,44,1,43,群益金鼎-敦南,2023-08-21,9101
2330,台積電,42,0,42,群益金鼎-敦南,2023-08-21,9101
2363,矽統,263,235,28,群益金鼎-敦南,2023-08-21,9101
3416,融程電,27,0,27,群益金鼎-敦南,2023-08-21,9101
2442,新美齊,25,0,25,群益金鼎-敦南,2023-08-21,9101
00919,群益台灣精選高息,26,3,23,群益金鼎-敦南,2023-08-21,9101
2603,長榮,24,4,20,群益金鼎-敦南,2023-08-21,9101
00929,復華台灣科技優息,19,0,19,群益金鼎-敦南,2023-08-21,9101
00882,中信中國高股息,19,0,19,群益金鼎-敦南,2023-08-21,9101
1321,大洋,15,0,15,群益金鼎-敦南,2023-08-21,9101
00645,富邦日本,15,0,15,群益金鼎-敦南,2023-08-21,9101
00631L,元大台灣50正2,14,0,14,群益金鼎-敦南,2023-08-21,9101
2332,友訊,46,32,14,群益金鼎-敦南,2023-08-21,9101
2401,凌陽,13,0,13,群益金鼎-敦南,2023-08-21,9101
6664,群翊,20,7,13,群益金鼎-敦南,2023-08-21,9101
2887,台新金,13,0,13,群益金鼎-敦南,2023-08-21,9101
00687B,國泰20年美債,12,0,12,群益金鼎-敦南,2023-08-21,9101
6538,倉和,12,1,11,群益金鼎-敦南,2023-08-21,9101
6176,瑞儀,11,0,11,群益金鼎-敦南,2023-08-21,9101
1442,名軒,11,0,11,群益金鼎-敦南,2023-08-21,9101
6282,康舒,12,1,11,群益金鼎-敦南,2023-08-21,9101
2610,華航,49,38,11,群益金鼎-敦南,2023-08-21,9101
00753L,中信中國50正2,11,0,11,群益金鼎-敦南,2023-08-21,9101
1808,潤隆,17,7,10,群益金鼎-敦南,2023-08-21,9101
5340,建榮,10,0,10,群益金鼎-敦南,2023-08-21,9101
2516,新建,10,0,10,群益金鼎-敦南,2023-08-21,9101
2504,國產,10,0,10,群益金鼎-敦南,2023-08-21,9101
4746,台耀,10,0,10,群益金鼎-敦南,2023-08-21,9101
2889,國票金,10,0,10,群益金鼎-敦南,2023-08-21,9101
1210,大成,10,0,10,群益金鼎-敦南,2023-08-21,9101
00885,富邦越南,16,6,10,群益金鼎-敦南,2023-08-21,9101
6165,浪凡,10,0,10,群益金鼎-敦南,2023-08-21,9101
1504,東元,11,1,10,群益金鼎-敦南,2023-08-21,9101
0050,元大台灣50,11,1,10,群益金鼎-敦南,2023-08-21,9101
2457,飛宏,11,2,9,群益金鼎-敦南,2023-08-21,9101
2201,裕隆,10,1,9,群益金鼎-敦南,2023-08-21,9101
2329,華泰,31,23,8,群益金鼎-敦南,2023-08-21,9101
6585,鼎基,12,4,8,群益金鼎-敦南,2023-08-21,9101
6108,競國,8,0,8,群益金鼎-敦南,2023-08-21,9101
1326,台化,9,2,7,群益金鼎-敦南,2023-08-21,9101
3380,明泰,7,0,7,群益金鼎-敦南,2023-08-21,9101
6125,廣運,7,0,7,群益金鼎-敦南,2023-08-21,9101
1102,亞泥,7,0,7,群益金鼎-敦南,2023-08-21,9101
3230,錦明,6,0,6,群益金鼎-敦南,2023-08-21,9101
6244,茂迪,6,0,6,群益金鼎-敦南,2023-08-21,9101
1217,愛之味,6,0,6,群益金鼎-敦南,2023-08-21,9101
2612,中航,80,0,80,群益金鼎-敦南,2023-08-22,9101
2330,台積電,52,0,52,群益金鼎-敦南,2023-08-22,9101
2382,廣達,114,63,51,群益金鼎-敦南,2023-08-22,9101
2363,矽統,165,119,46,群益金鼎-敦南,2023-08-22,9101
00929,復華台灣科技優息,41,0,41,群益金鼎-敦南,2023-08-22,9101
6183,關貿,36,0,36,群益金鼎-敦南,2023-08-22,9101
1519,華城,48,14,34,群益金鼎-敦南,2023-08-22,9101
4960,誠美材,30,0,30,群益金鼎-敦南,2023-08-22,9101
3217,優群,31,1,30,群益金鼎-敦南,2023-08-22,9101
2618,長榮航,49,20,29,群益金鼎-敦南,2023-08-22,9101
00900,富邦特選高股息30,25,0,25,群益金鼎-敦南,2023-08-22,9101
00712,復華富時不動產,24,0,24,群益金鼎-敦南,2023-08-22,9101
6179,亞通,24,2,22,群益金鼎-敦南,2023-08-22,9101
6285,啟��,48,27,21,群益金鼎-敦南,2023-08-22,9101
9958,世紀鋼,51,30,21,群益金鼎-敦南,2023-08-22,9101
5484,慧友,20,0,20,群益金鼎-敦南,2023-08-22,9101
2421,建準,34,15,19,群益金鼎-敦南,2023-08-22,9101
00670L,富邦NASDAQ正2,19,0,19,群益金鼎-敦南,2023-08-22,9101
2002,中鋼,17,0,17,群益金鼎-敦南,2023-08-22,9101
6167,久正,17,0,17,群益金鼎-敦南,2023-08-22,9101
2888,新光金,15,0,15,群益金鼎-敦南,2023-08-22,9101
6160,欣技,14,0,14,群益金鼎-敦南,2023-08-22,9101
00679B,元大美債20年,13,0,13,群益金鼎-敦南,2023-08-22,9101
2462,良得電,14,1,13,群益金鼎-敦南,2023-08-22,9101
6275,元山,15,3,12,群益金鼎-敦南,2023-08-22,9101
00656R,國泰中國A50反1,12,0,12,群益金鼎-敦南,2023-08-22,9101
00631L,元大台灣50正2,12,0,12,群益金鼎-敦南,2023-08-22,9101
6213,聯茂,22,10,12,群益金鼎-敦南,2023-08-22,9101
0056,元大高股息,13,2,11,群益金鼎-敦南,2023-08-22,9101
2606,裕民,23,13,10,群益金鼎-敦南,2023-08-22,9101
2332,友訊,65,55,10,群益金鼎-敦南,2023-08-22,9101
4128,中天,10,0,10,群益金鼎-敦南,2023-08-22,9101
3206,志豐,10,0,10,群益金鼎-敦南,2023-08-22,9101
00773B,中信優先金融債,10,0,10,群益金鼎-敦南,2023-08-22,9101
2913,農林,16,6,10,群益金鼎-敦南,2023-08-22,9101
9934,成霖,10,0,10,群益金鼎-敦南,2023-08-22,9101
3230,錦明,9,0,9,群益金鼎-敦南,2023-08-22,9101
3032,偉訓,9,1,8,群益金鼎-敦南,2023-08-22,9101
6188,廣明,18,10,8,群益金鼎-敦南,2023-08-22,9101
2851,中再保,8,0,8,群益金鼎-敦南,2023-08-22,9101
9927,泰銘,10,2,8,群益金鼎-敦南,2023-08-22,9101
6585,鼎基,9,1,8,群益金鼎-敦南,2023-08-22,9101
00923,群益台ESG低碳50,7,0,7,群益金鼎-敦南,2023-08-22,9101
2634,漢翔,20,14,6,群益金鼎-敦南,2023-08-22,9101
00764B,群益25年美債,6,0,6,群益金鼎-敦南,2023-08-22,9101
2359,所羅門,8,2,6,群益金鼎-敦南,2023-08-22,9101
6005,群益證,8,2,6,群益金鼎-敦南,2023-08-22,9101
1514,亞力,6,0,6,群益金鼎-敦南,2023-08-22,9101
2355,敬鵬,11,5,6,群益金鼎-敦南,2023-08-22,9101
1442,名軒,8,2,6,群益金鼎-敦南,2023-08-22,9101
3231,緯創,425,45,380,群益金鼎-敦南,2023-08-23,9101
3264,欣銓,160,1,159,群益金鼎-敦南,2023-08-23,9101
00900,富邦特選高股息30,81,5,76,群益金鼎-敦南,2023-08-23,9101
00688L,國泰20年美債正2,50,0,50,群益金鼎-敦南,2023-08-23,9101
6167,久正,44,9,35,群益金鼎-敦南,2023-08-23,9101
3163,波若威,98,65,33,群益金鼎-敦南,2023-08-23,9101
6285,啟��,65,34,31,群益金鼎-敦南,2023-08-23,9101
6664,群翊,41,10,31,群益金鼎-敦南,2023-08-23,9101
5607,遠雄港,30,0,30,群益金鼎-敦南,2023-08-23,9101
2409,友達,28,1,27,群益金鼎-敦南,2023-08-23,9101
2634,漢翔,51,25,26,群益金鼎-敦南,2023-08-23,9101
5284,jpp-KY,26,3,23,群益金鼎-敦南,2023-08-23,9101
6412,群電,21,0,21,群益金鼎-敦南,2023-08-23,9101
2888,新光金,26,6,20,群益金鼎-敦南,2023-08-23,9101
4726,永昕,20,0,20,群益金鼎-敦南,2023-08-23,9101
2002,中鋼,21,1,20,群益金鼎-敦南,2023-08-23,9101
3706,神達,22,4,18,群益金鼎-敦南,2023-08-23,9101
2734,易飛網,18,1,17,群益金鼎-敦南,2023-08-23,9101
2603,長榮,26,9,17,群益金鼎-敦南,2023-08-23,9101
2201,裕隆,16,1,15,群益金鼎-敦南,2023-08-23,9101
9934,成霖,15,0,15,群益金鼎-敦南,2023-08-23,9101
2399,映泰,15,0,15,群益金鼎-敦南,2023-08-23,9101
8050,廣積,15,0,15,群益金鼎-敦南,2023-08-23,9101
6282,康舒,42,28,14,群益金鼎-敦南,2023-08-23,9101
5215,科嘉-KY,14,0,14,群益金鼎-敦南,2023-08-23,9101
1514,亞力,14,0,14,群益金鼎-敦南,2023-08-23,9101
6183,關貿,14,0,14,群益金鼎-敦南,2023-08-23,9101
2838A,聯邦銀甲特,14,0,14,群益金鼎-敦南,2023-08-23,9101
4306,炎洲,13,0,13,群益金鼎-敦南,2023-08-23,9101
9945,潤泰新,12,0,12,群益金鼎-敦南,2023-08-23,9101
1442,名軒,12,0,12,群益金鼎-敦南,2023-08-23,9101
5871,中租-KY,11,0,11,群益金鼎-敦南,2023-08-23,9101
3013,晟銘電,142,131,11,群益金鼎-敦南,2023-08-23,9101
6505,台塑化,10,0,10,群益金鼎-敦南,2023-08-23,9101
3607,谷崧,10,0,10,群益金鼎-敦南,2023-08-23,9101
8916,光隆,10,0,10,群益金鼎-敦南,2023-08-23,9101
6186,新潤,10,0,10,群益金鼎-敦南,2023-08-23,9101
00650L,復華香港正2,10,0,10,群益金鼎-敦南,2023-08-23,9101
3483,力致,52,42,10,群益金鼎-敦南,2023-08-23,9101
9105,泰金寶-DR,10,0,10,群益金鼎-敦南,2023-08-23,9101
2515,中工,10,0,10,群益金鼎-敦南,2023-08-23,9101
2891,中信金,10,0,10,群益金鼎-敦南,2023-08-23,9101
3416,融程電,10,0,10,群益金鼎-敦南,2023-08-23,9101
9927,泰銘,11,1,10,群益金鼎-敦南,2023-08-23,9101
0050,元大台灣50,10,0,10,群益金鼎-敦南,2023-08-23,9101
3206,志豐,9,0,9,群益金鼎-敦南,2023-08-23,9101
3230,錦明,9,0,9,群益金鼎-敦南,2023-08-23,9101
00637L,元大滬深300正2,10,1,9,群益金鼎-敦南,2023-08-23,9101
2332,友訊,14,5,9,群益金鼎-敦南,2023-08-23,9101
6191,精成科,9,2,7,群益金鼎-敦南,2023-08-23,9101
4906,正文,222,26,196,群益金鼎-敦南,2023-08-24,9101
2888,新光金,89,0,89,群益金鼎-敦南,2023-08-24,9101
4763,材料-KY,88,8,80,群益金鼎-敦南,2023-08-24,9101
2105,正新,51,2,49,群益金鼎-敦南,2023-08-24,9101
2324,仁寶,68,20,48,群益金鼎-敦南,2023-08-24,9101
00637L,元大滬深300正2,50,3,47,群益金鼎-敦南,2023-08-24,9101
2363,矽統,358,316,42,群益金鼎-敦南,2023-08-24,9101
2329,華泰,52,15,37,群益金鼎-敦南,2023-08-24,9101
6412,群電,39,5,34,群益金鼎-敦南,2023-08-24,9101
3416,融程電,33,0,33,群益金鼎-敦南,2023-08-24,9101
3042,晶技,32,1,31,群益金鼎-敦南,2023-08-24,9101
00645,富邦日本,30,0,30,群益金鼎-敦南,2023-08-24,9101
9958,世紀鋼,50,20,30,群益金鼎-敦南,2023-08-24,9101
2618,長榮航,41,12,29,群益金鼎-敦南,2023-08-24,9101
3037,欣興,75,46,29,群益金鼎-敦南,2023-08-24,9101
2913,農林,30,2,28,群益金鼎-敦南,2023-08-24,9101
8222,寶一,50,23,27,群益金鼎-敦南,2023-08-24,9101
2449,京元電子,48,22,26,群益金鼎-敦南,2023-08-24,9101
00919,群益台灣精選高息,40,14,26,群益金鼎-敦南,2023-08-24,9101
5425,台半,36,10,26,群益金鼎-敦南,2023-08-24,9101
3051,力特,26,1,25,群益金鼎-敦南,2023-08-24,9101
00878,國泰永續高股息,63,42,21,群益金鼎-敦南,2023-08-24,9101
2388,威盛,35,14,21,群益金鼎-敦南,2023-08-24,9101
9105,泰金寶-DR,20,0,20,群益金鼎-敦南,2023-08-24,9101
5215,科嘉-KY,22,3,19,群益金鼎-敦南,2023-08-24,9101
00929,復華台灣科技優息,44,26,18,群益金鼎-敦南,2023-08-24,9101
1802,台玻,18,0,18,群益金鼎-敦南,2023-08-24,9101
3483,力致,63,46,17,群益金鼎-敦南,2023-08-24,9101
3017,奇鋐,24,8,16,群益金鼎-敦南,2023-08-24,9101
3706,神達,31,16,15,群益金鼎-敦南,2023-08-24,9101
2421,建準,39,25,14,群益金鼎-敦南,2023-08-24,9101
4979,華星光,50,37,13,群益金鼎-敦南,2023-08-24,9101
2891,中信金,15,2,13,群益金鼎-敦南,2023-08-24,9101
2897,王道銀行,13,0,13,群益金鼎-敦南,2023-08-24,9101
6185,幃翔,14,2,12,群益金鼎-敦南,2023-08-24,9101
3230,錦明,12,0,12,群益金鼎-敦南,2023-08-24,9101
2609,陽明,13,1,12,群益金鼎-敦南,2023-08-24,9101
2482,連宇,15,3,12,群益金鼎-敦南,2023-08-24,9101
3583,辛耘,18,7,11,群益金鼎-敦南,2023-08-24,9101
3607,谷崧,11,0,11,群益金鼎-敦南,2023-08-24,9101
2884,玉山金,10,0,10,群益金鼎-敦南,2023-08-24,9101
00892,富邦台灣半導體,10,0,10,群益金鼎-敦南,2023-08-24,9101
00687B,國泰20年美債,10,0,10,群益金鼎-敦南,2023-08-24,9101
2906,高林,10,0,10,群益金鼎-敦南,2023-08-24,9101
2498,宏達電,10,0,10,群益金鼎-敦南,2023-08-24,9101
4543,萬在,11,1,10,群益金鼎-敦南,2023-08-24,9101
2201,裕隆,10,0,10,群益金鼎-敦南,2023-08-24,9101
2338,光罩,10,0,10,群益金鼎-敦南,2023-08-24,9101
2486,一詮,10,1,9,群益金鼎-敦南,2023-08-24,9101
3558,神準,11,3,8,群益金鼎-敦南,2023-08-24,9101
00632R,元大台灣50反1,1193,5,1188,群益金鼎-敦南,2023-08-25,9101
2317,鴻海,149,10,139,群益金鼎-敦南,2023-08-25,9101
00919,群益台灣精選高息,148,27,121,群益金鼎-敦南,2023-08-25,9101
2301,光寶科,126,6,120,群益金鼎-敦南,2023-08-25,9101
2369,菱生,111,21,90,群益金鼎-敦南,2023-08-25,9101
2330,台積電,84,3,81,群益金鼎-敦南,2023-08-25,9101
00878,國泰永續高股息,107,40,67,群益金鼎-敦南,2023-08-25,9101
5284,jpp-KY,88,25,63,群益金鼎-敦南,2023-08-25,9101
3231,緯創,130,74,56,群益金鼎-敦南,2023-08-25,9101
2834,臺企銀,45,0,45,群益金鼎-敦南,2023-08-25,9101
3035,智原,55,22,33,群益金鼎-敦南,2023-08-25,9101
4167,松瑞藥,28,0,28,群益金鼎-敦南,2023-08-25,9101
5443,均豪,27,0,27,群益金鼎-敦南,2023-08-25,9101
2382,廣達,96,70,26,群益金鼎-敦南,2023-08-25,9101
00929,復華台灣科技優息,27,4,23,群益金鼎-敦南,2023-08-25,9101
3037,欣興,34,13,21,群益金鼎-敦南,2023-08-25,9101
5706,鳳凰,28,8,20,群益金鼎-敦南,2023-08-25,9101
3706,神達,75,55,20,群益金鼎-敦南,2023-08-25,9101
2610,華航,24,5,19,群益金鼎-敦南,2023-08-25,9101
2324,仁寶,47,29,18,群益金鼎-敦南,2023-08-25,9101
2913,農林,20,2,18,群益金鼎-敦南,2023-08-25,9101
0050,元大台灣50,17,0,17,群益金鼎-敦南,2023-08-25,9101
2356,英業達,160,144,16,群益金鼎-敦南,2023-08-25,9101
5880,合庫金,15,0,15,群益金鼎-敦南,2023-08-25,9101
3230,錦明,14,0,14,群益金鼎-敦南,2023-08-25,9101
2425,承啟,15,1,14,群益金鼎-敦南,2023-08-25,9101
3217,優群,14,0,14,群益金鼎-敦南,2023-08-25,9101
2618,長榮航,29,18,11,群益金鼎-敦南,2023-08-25,9101
3558,神準,12,1,11,群益金鼎-敦南,2023-08-25,9101
2002,中鋼,11,0,11,群益金鼎-敦南,2023-08-25,9101
2891,中信金,10,0,10,群益金鼎-敦南,2023-08-25,9101
00753L,中信中國50正2,10,0,10,群益金鼎-敦南,2023-08-25,9101
2736,富野,10,0,10,群益金鼎-敦南,2023-08-25,9101
00882,中信中國高股息,10,0,10,群益金鼎-敦南,2023-08-25,9101
3045,台灣大,10,0,10,群益金鼎-敦南,2023-08-25,9101
3042,晶技,10,0,10,群益金鼎-敦南,2023-08-25,9101
2633,台灣高鐵,10,0,10,群益金鼎-敦南,2023-08-25,9101
2889,國票金,10,0,10,群益金鼎-敦南,2023-08-25,9101
1609,大亞,11,1,10,群益金鼎-敦南,2023-08-25,9101
2303,聯電,10,0,10,群益金鼎-敦南,2023-08-25,9101
1301,台塑,8,0,8,群益金鼎-敦南,2023-08-25,9101
2903,遠百,10,2,8,群益金鼎-敦南,2023-08-25,9101
2066,世德,7,0,7,群益金鼎-敦南,2023-08-25,9101
00923,群益台ESG低碳50,7,1,6,群益金鼎-敦南,2023-08-25,9101
2705,六福,7,1,6,群益金鼎-敦南,2023-08-25,9101
2607,榮運,6,0,6,群益金鼎-敦南,2023-08-25,9101
8103,瀚荃,6,0,6,群益金鼎-敦南,2023-08-25,9101
3004,豐達科,11,5,6,群益金鼎-敦南,2023-08-25,9101
3017,奇鋐,12,6,6,群益金鼎-敦南,2023-08-25,9101
3234,光環,7,2,5,群益金鼎-敦南,2023-08-25,9101
00632R,元大台灣50反1,420,6,414,群益金鼎-敦南,2023-08-28,9101
4906,正文,460,229,231,群益金鼎-敦南,2023-08-28,9101
00929,復華台灣科技優息,125,2,123,群益金鼎-敦南,2023-08-28,9101
2618,長榮航,71,5,66,群益金鼎-敦南,2023-08-28,9101
3163,波若威,76,15,61,群益金鼎-敦南,2023-08-28,9101
2610,華航,78,20,58,群益金鼎-敦南,2023-08-28,9101
00900,富邦特選高股息30,50,0,50,群益金鼎-敦南,2023-08-28,9101
9945,潤泰新,42,3,39,群益金鼎-敦南,2023-08-28,9101
00919,群益台灣精選高息,47,15,32,群益金鼎-敦南,2023-08-28,9101
9958,世紀鋼,31,2,29,群益金鼎-敦南,2023-08-28,9101
9934,成霖,24,0,24,群益金鼎-敦南,2023-08-28,9101
2329,華泰,22,3,19,群益金鼎-敦南,2023-08-28,9101
3483,力致,33,15,18,群益金鼎-敦南,2023-08-28,9101
1471,首利,29,12,17,群益金鼎-敦南,2023-08-28,9101
2317,鴻海,20,4,16,群益金鼎-敦南,2023-08-28,9101
3380,明泰,23,8,15,群益金鼎-敦南,2023-08-28,9101
2739,寒舍,15,0,15,群益金鼎-敦南,2023-08-28,9101
8210,勤誠,16,2,14,群益金鼎-敦南,2023-08-28,9101
00670L,富邦NASDAQ正2,22,8,14,群益金鼎-敦南,2023-08-28,9101
3029,零壹,13,0,13,群益金鼎-敦南,2023-08-28,9101
3528,安馳,15,2,13,群益金鼎-敦南,2023-08-28,9101
2388,威盛,31,18,13,群益金鼎-敦南,2023-08-28,9101
2634,漢翔,28,16,12,群益金鼎-敦南,2023-08-28,9101
6005,群益證,12,0,12,群益金鼎-敦南,2023-08-28,9101
5225,東科-KY,12,0,12,群益金鼎-敦南,2023-08-28,9101
3711,日月光投控,15,3,12,群益金鼎-敦南,2023-08-28,9101
3416,融程電,11,0,11,群益金鼎-敦南,2023-08-28,9101
00882,中信中國高股息,11,0,11,群益金鼎-敦南,2023-08-28,9101
6185,幃翔,11,0,11,群益金鼎-敦南,2023-08-28,9101
3078,僑威,13,3,10,群益金鼎-敦南,2023-08-28,9101
3558,神準,10,0,10,群益金鼎-敦南,2023-08-28,9101
3230,錦明,10,0,10,群益金鼎-敦南,2023-08-28,9101
2801,彰銀,10,0,10,群益金鼎-敦南,2023-08-28,9101
6140,訊達,10,0,10,群益金鼎-敦南,2023-08-28,9101
2206,三陽工業,10,0,10,群益金鼎-敦南,2023-08-28,9101
8234,新漢,10,0,10,群益金鼎-敦南,2023-08-28,9101
2356,英業達,18,8,10,群益金鼎-敦南,2023-08-28,9101
3051,力特,19,9,10,群益金鼎-敦南,2023-08-28,9101
1810,和成,10,1,9,群益金鼎-敦南,2023-08-28,9101
2630,亞航,11,2,9,群益金鼎-敦南,2023-08-28,9101
1584,精剛,11,3,8,群益金鼎-敦南,2023-08-28,9101
4763,材料-KY,14,6,8,群益金鼎-敦南,2023-08-28,9101
2402,毅嘉,18,10,8,群益金鼎-敦南,2023-08-28,9101
4541,晟田,10,2,8,群益金鼎-敦南,2023-08-28,9101
00631L,元大台灣50正2,8,0,8,群益金鼎-敦南,2023-08-28,9101
2352,佳世達,7,0,7,群益金鼎-敦南,2023-08-28,9101
2105,正新,7,0,7,群益金鼎-敦南,2023-08-28,9101
2485,兆赫,21,14,7,群益金鼎-敦南,2023-08-28,9101
5871,中租-KY,10,3,7,群益金鼎-敦南,2023-08-28,9101
3363,上詮,6,0,6,群益金鼎-敦南,2023-08-28,9101
2882,國泰金,300,0,300,群益金鼎-敦南,2023-08-29,9101
2888,新光金,113,3,110,群益金鼎-敦南,2023-08-29,9101
2498,宏達電,55,2,53,群益金鼎-敦南,2023-08-29,9101
2303,聯電,34,0,34,群益金鼎-敦南,2023-08-29,9101
2363,矽統,167,136,31,群益金鼎-敦南,2023-08-29,9101
9958,世紀鋼,32,2,30,群益金鼎-敦南,2023-08-29,9101
3689,湧德,34,5,29,群益金鼎-敦南,2023-08-29,9101
2630,亞航,29,4,25,群益金鼎-敦南,2023-08-29,9101
3163,波若威,97,73,24,群益金鼎-敦南,2023-08-29,9101
2376,技嘉,44,24,20,群益金鼎-敦南,2023-08-29,9101
5607,遠雄港,18,1,17,群益金鼎-敦南,2023-08-29,9101
4906,正文,46,29,17,群益金鼎-敦南,2023-08-29,9101
4763,材料-KY,26,12,14,群益金鼎-敦南,2023-08-29,9101
3308,聯德,38,24,14,群益金鼎-敦南,2023-08-29,9101
5381,合正,14,0,14,群益金鼎-敦南,2023-08-29,9101
2002,中鋼,13,0,13,群益金鼎-敦南,2023-08-29,9101
2880,華南金,12,0,12,群益金鼎-敦南,2023-08-29,9101
2892,第一金,11,0,11,群益金鼎-敦南,2023-08-29,9101
2609,陽明,14,3,11,群益金鼎-敦南,2023-08-29,9101
1808,潤隆,10,0,10,群益金鼎-敦南,2023-08-29,9101
00645,富邦日本,10,0,10,群益金鼎-敦南,2023-08-29,9101
1903,士紙,10,0,10,群益金鼎-敦南,2023-08-29,9101
5706,鳳凰,10,0,10,群益金鼎-敦南,2023-08-29,9101
00885,富邦越南,10,0,10,群益金鼎-敦南,2023-08-29,9101
6165,浪凡,10,0,10,群益金鼎-敦南,2023-08-29,9101
3481,群創,19,10,9,群益金鼎-敦南,2023-08-29,9101
2913,農林,10,1,9,群益金鼎-敦南,2023-08-29,9101
8112,至上,9,0,9,群益金鼎-敦南,2023-08-29,9101
2634,漢翔,29,21,8,群益金鼎-敦南,2023-08-29,9101
2340,台亞,14,6,8,群益金鼎-敦南,2023-08-29,9101
2537,聯上發,8,0,8,群益金鼎-敦南,2023-08-29,9101
2606,裕民,10,2,8,群益金鼎-敦南,2023-08-29,9101
2906,高林,8,0,8,群益金鼎-敦南,2023-08-29,9101
6285,啟��,33,25,8,群益金鼎-敦南,2023-08-29,9101
2324,仁寶,13,5,8,群益金鼎-敦南,2023-08-29,9101
00927,群益半導體收益,7,0,7,群益金鼎-敦南,2023-08-29,9101
00878,國泰永續高股息,17,10,7,群益金鼎-敦南,2023-08-29,9101
6235,華孚,35,28,7,群益金鼎-敦南,2023-08-29,9101
3706,神達,89,82,7,群益金鼎-敦南,2023-08-29,9101
6231,系微,7,0,7,群益金鼎-敦南,2023-08-29,9101
00679B,元大美債20年,6,0,6,群益金鼎-敦南,2023-08-29,9101
3038,全台,5,0,5,群益金鼎-敦南,2023-08-29,9101
2748,雲品,5,0,5,群益金鼎-敦南,2023-08-29,9101
6179,亞通,5,0,5,群益金鼎-敦南,2023-08-29,9101
6443,元晶,12,7,5,群益金鼎-敦南,2023-08-29,9101
00881,國泰台灣5G+,5,1,4,群益金鼎-敦南,2023-08-29,9101
4908,前鼎,12,8,4,群益金鼎-敦南,2023-08-29,9101
1217,愛之味,4,0,4,群益金鼎-敦南,2023-08-29,9101
6139,亞翔,6,2,4,群益金鼎-敦南,2023-08-29,9101
2915,潤泰全,5,1,4,群益金鼎-敦南,2023-08-29,9101
2812,台中銀,200,0,200,群益金鼎-敦南,2023-08-30,9101
8358,金居,237,48,189,群益金鼎-敦南,2023-08-30,9101
2377,微星,100,0,100,群益金鼎-敦南,2023-08-30,9101
00632R,元大台灣50反1,120,26,94,群益金鼎-敦南,2023-08-30,9101
2382,廣達,99,32,67,群益金鼎-敦南,2023-08-30,9101
6026,福邦證,50,0,50,群益金鼎-敦南,2023-08-30,9101
00680L,元大美債20正2,45,0,45,群益金鼎-敦南,2023-08-30,9101
2618,長榮航,49,11,38,群益金鼎-敦南,2023-08-30,9101
2645,長榮航太,43,6,37,群益金鼎-敦南,2023-08-30,9101
2913,農林,35,0,35,群益金鼎-敦南,2023-08-30,9101
00900,富邦特選高股息30,30,0,30,群益金鼎-敦南,2023-08-30,9101
2436,偉詮電,145,115,30,群益金鼎-敦南,2023-08-30,9101
1217,愛之味,31,1,30,群益金鼎-敦南,2023-08-30,9101
00881,國泰台灣5G+,30,0,30,群益金鼎-敦南,2023-08-30,9101
6126,信音,58,32,26,群益金鼎-敦南,2023-08-30,9101
00688L,國泰20年美債正2,24,0,24,群益金鼎-敦南,2023-08-30,9101
3032,偉訓,21,0,21,群益金鼎-敦南,2023-08-30,9101
00631L,元大台灣50正2,21,0,21,群益金鼎-敦南,2023-08-30,9101
00679B,元大美債20年,24,4,20,群益金鼎-敦南,2023-08-30,9101
2388,威盛,48,30,18,群益金鼎-敦南,2023-08-30,9101
00919,群益台灣精選高息,30,12,18,群益金鼎-敦南,2023-08-30,9101
2886,兆豐金,17,0,17,群益金鼎-敦南,2023-08-30,9101
6235,華孚,21,5,16,群益金鼎-敦南,2023-08-30,9101
5607,遠雄港,16,0,16,群益金鼎-敦南,2023-08-30,9101
2610,華航,17,1,16,群益金鼎-敦南,2023-08-30,9101
3325,旭品,21,6,15,群益金鼎-敦南,2023-08-30,9101
2485,兆赫,39,26,13,群益金鼎-敦南,2023-08-30,9101
2371,大同,16,3,13,群益金鼎-敦南,2023-08-30,9101
2809,京城銀,12,0,12,群益金鼎-敦南,2023-08-30,9101
1802,台玻,16,4,12,群益金鼎-敦南,2023-08-30,9101
1605,華新,20,8,12,群益金鼎-敦南,2023-08-30,9101
3105,穩懋,13,1,12,群益金鼎-敦南,2023-08-30,9101
2603,長榮,13,2,11,群益金鼎-敦南,2023-08-30,9101
5706,鳳凰,10,0,10,群益金鼎-敦南,2023-08-30,9101
6279,胡連,10,0,10,群益金鼎-敦南,2023-08-30,9101
2851,中再保,10,0,10,群益金鼎-敦南,2023-08-30,9101
4746,台耀,10,0,10,群益金鼎-敦南,2023-08-30,9101
9958,世紀鋼,10,1,9,群益金鼎-敦南,2023-08-30,9101
2324,仁寶,11,2,9,群益金鼎-敦南,2023-08-30,9101
8210,勤誠,20,11,9,群益金鼎-敦南,2023-08-30,9101
2330,台積電,13,4,9,群益金鼎-敦南,2023-08-30,9101
4979,華星光,13,5,8,群益金鼎-敦南,2023-08-30,9101
6535,順藥,8,0,8,群益金鼎-敦南,2023-08-30,9101
2332,友訊,9,1,8,群益金鼎-敦南,2023-08-30,9101
8088,品安,8,0,8,群益金鼎-敦南,2023-08-30,9101
2449,京元電子,26,18,8,群益金鼎-敦南,2023-08-30,9101
5483,中美晶,7,0,7,群益金鼎-敦南,2023-08-30,9101
5871,中租-KY,7,0,7,群益金鼎-敦南,2023-08-30,9101
5425,台半,7,1,6,群益金鼎-敦南,2023-08-30,9101
4944,兆遠,6,0,6,群益金鼎-敦南,2023-08-30,9101
2382,廣達,162,23,139,群益金鼎-敦南,2023-08-31,9101
2412,中華電,110,0,110,群益金鼎-敦南,2023-08-31,9101
2892,第一金,97,0,97,群益金鼎-敦南,2023-08-31,9101
2332,友訊,70,0,70,群益金鼎-敦南,2023-08-31,9101
5880,合庫金,65,0,65,群益金鼎-敦南,2023-08-31,9101
2885,元大金,46,0,46,群益金鼎-敦南,2023-08-31,9101
1101,台泥,47,5,42,群益金鼎-敦南,2023-08-31,9101
1319,東陽,86,46,40,群益金鼎-敦南,2023-08-31,9101
4130,健亞,30,0,30,群益金鼎-敦南,2023-08-31,9101
2312,金寶,31,4,27,群益金鼎-敦南,2023-08-31,9101
00929,復華台灣科技優息,23,0,23,群益金鼎-敦南,2023-08-31,9101
1584,精剛,22,0,22,群益金鼎-敦南,2023-08-31,9101
2618,長榮航,32,10,22,群益金鼎-敦南,2023-08-31,9101
2303,聯電,19,1,18,群益金鼎-敦南,2023-08-31,9101
3260,威剛,28,12,16,群益金鼎-敦南,2023-08-31,9101
1802,台玻,24,9,15,群益金鼎-敦南,2023-08-31,9101
1905,華紙,20,5,15,群益金鼎-敦南,2023-08-31,9101
3047,訊舟,13,0,13,群益金鼎-敦南,2023-08-31,9101
2809,京城銀,12,0,12,群益金鼎-敦南,2023-08-31,9101
6168,宏齊,15,3,12,群益金鼎-敦南,2023-08-31,9101
2881,富邦金,11,0,11,群益金鼎-敦南,2023-08-31,9101
2851,中再保,11,0,11,群益金鼎-敦南,2023-08-31,9101
2324,仁寶,36,26,10,群益金鼎-敦南,2023-08-31,9101
3163,波若威,31,21,10,群益金鼎-敦南,2023-08-31,9101
6547,高端疫苗,21,11,10,群益金鼎-敦南,2023-08-31,9101
2883,凱基金,10,0,10,群益金鼎-敦南,2023-08-31,9101
2630,亞航,25,15,10,群益金鼎-敦南,2023-08-31,9101
1217,愛之味,10,0,10,群益金鼎-敦南,2023-08-31,9101
2889,國票金,10,0,10,群益金鼎-敦南,2023-08-31,9101
2440,太空梭,10,0,10,群益金鼎-敦南,2023-08-31,9101
6122,擎邦,13,4,9,群益金鼎-敦南,2023-08-31,9101
2367,燿華,13,4,9,群益金鼎-敦南,2023-08-31,9101
2890,永豐金,8,0,8,群益金鼎-敦南,2023-08-31,9101
2409,友達,9,1,8,群益金鼎-敦南,2023-08-31,9101
2201,裕隆,23,15,8,群益金鼎-敦南,2023-08-31,9101
2465,麗臺,8,0,8,群益金鼎-敦南,2023-08-31,9101
2610,華航,67,59,8,群益金鼎-敦南,2023-08-31,9101
6584,南俊國際,7,0,7,群益金鼎-敦南,2023-08-31,9101
4909,新復興,8,1,7,群益金鼎-敦南,2023-08-31,9101
00882,中信中國高股息,7,0,7,群益金鼎-敦南,2023-08-31,9101
3622,洋華,9,2,7,群益金鼎-敦南,2023-08-31,9101
2401,凌陽,8,2,6,群益金鼎-敦南,2023-08-31,9101
1522,堤維西,12,6,6,群益金鼎-敦南,2023-08-31,9101
3094,聯傑,6,0,6,群益金鼎-敦南,2023-08-31,9101
2617,台航,6,0,6,群益金鼎-敦南,2023-08-31,9101
2485,兆赫,34,28,6,群益金鼎-敦南,2023-08-31,9101
3051,力特,5,0,5,群益金鼎-敦南,2023-08-31,9101
1216,統一,5,0,5,群益金鼎-敦南,2023-08-31,9101
6531,愛普*,7,2,5,群益金鼎-敦南,2023-08-31,9101
4564,元翎,5,0,5,群益金鼎-敦南,2023-08-31,9101
2363,矽統,969,150,819,群益金鼎-敦南,2023-09-01,9101
2382,廣達,228,27,201,群益金鼎-敦南,2023-09-01,9101
2881,富邦金,106,8,98,群益金鼎-敦南,2023-09-01,9101
00932,兆豐永續高息等權,76,0,76,群益金鼎-敦南,2023-09-01,9101
00929,復華台灣科技優息,65,3,62,群益金鼎-敦南,2023-09-01,9101
3231,緯創,78,28,50,群益金鼎-敦南,2023-09-01,9101
3217,優群,54,4,50,群益金鼎-敦南,2023-09-01,9101
2377,微星,50,0,50,群益金鼎-敦南,2023-09-01,9101
00919,群益台灣精選高息,39,2,37,群益金鼎-敦南,2023-09-01,9101
4770,上品,28,0,28,群益金鼎-敦南,2023-09-01,9101
2356,英業達,93,66,27,群益金鼎-敦南,2023-09-01,9101
00923,群益台ESG低碳50,22,0,22,群益金鼎-敦南,2023-09-01,9101
8222,寶一,60,39,21,群益金鼎-敦南,2023-09-01,9101
4915,致伸,21,3,18,群益金鼎-敦南,2023-09-01,9101
2402,毅嘉,142,124,18,群益金鼎-敦南,2023-09-01,9101
00878,國泰永續高股息,16,0,16,群益金鼎-敦南,2023-09-01,9101
2367,燿華,19,4,15,群益金鼎-敦南,2023-09-01,9101
1513,中興電,17,2,15,群益金鼎-敦南,2023-09-01,9101
3078,僑威,26,12,14,群益金鼎-敦南,2023-09-01,9101
4906,正文,202,188,14,群益金鼎-敦南,2023-09-01,9101
8358,金居,26,13,13,群益金鼎-敦南,2023-09-01,9101
6235,華孚,18,5,13,群益金鼎-敦南,2023-09-01,9101
2603,長榮,13,0,13,群益金鼎-敦南,2023-09-01,9101
3450,聯鈞,20,8,12,群益金鼎-敦南,2023-09-01,9101
3163,波若威,52,40,12,群益金鼎-敦南,2023-09-01,9101
2485,兆赫,70,58,12,群益金鼎-敦南,2023-09-01,9101
2886,兆豐金,11,0,11,群益金鼎-敦南,2023-09-01,9101
2329,華泰,16,6,10,群益金鼎-敦南,2023-09-01,9101
8086,宏捷科,16,6,10,群益金鼎-敦南,2023-09-01,9101
4116,明基醫,10,0,10,群益金鼎-敦南,2023-09-01,9101
8210,勤誠,29,19,10,群益金鼎-敦南,2023-09-01,9101
6167,久正,10,0,10,群益金鼎-敦南,2023-09-01,9101
6142,友勁,10,0,10,群益金鼎-敦南,2023-09-01,9101
6279,胡連,10,0,10,群益金鼎-敦南,2023-09-01,9101
00679B,元大美債20年,10,0,10,群益金鼎-敦南,2023-09-01,9101
2633,台灣高鐵,10,0,10,群益金鼎-敦南,2023-09-01,9101
00673R,期元大S＆P原油反1,10,0,10,群益金鼎-敦南,2023-09-01,9101
2314,台揚,10,0,10,群益金鼎-敦南,2023-09-01,9101
6122,擎邦,33,24,9,群益金鼎-敦南,2023-09-01,9101
2618,長榮航,22,13,9,群益金鼎-敦南,2023-09-01,9101
0056,元大高股息,12,3,9,群益金鼎-敦南,2023-09-01,9101
1605,華新,23,15,8,群益金鼎-敦南,2023-09-01,9101
1609,大亞,14,6,8,群益金鼎-敦南,2023-09-01,9101
3011,今皓,14,7,7,群益金鼎-敦南,2023-09-01,9101
1319,東陽,23,16,7,群益金鼎-敦南,2023-09-01,9101
2352,佳世達,8,1,7,群益金鼎-敦南,2023-09-01,9101
2891,中信金,7,0,7,群益金鼎-敦南,2023-09-01,9101
9958,世紀鋼,10,3,7,群益金鼎-敦南,2023-09-01,9101
3014,聯陽,6,0,6,群益金鼎-敦南,2023-09-01,9101
00881,國泰台灣5G+,6,0,6,群益金鼎-敦南,2023-09-01,9101
2382,廣達,346,29,317,群益金鼎-敦南,2023-09-04,9101
2371,大同,94,8,86,群益金鼎-敦南,2023-09-04,9101
00632R,元大台灣50反1,114,31,83,群益金鼎-敦南,2023-09-04,9101
00713,元大台灣高息低波,58,0,58,群益金鼎-敦南,2023-09-04,9101
4167,松瑞藥,50,0,50,群益金鼎-敦南,2023-09-04,9101
2363,矽統,161,115,46,群益金鼎-敦南,2023-09-04,9101
1504,東元,46,6,40,群益金鼎-敦南,2023-09-04,9101
2201,裕隆,190,151,39,群益金鼎-敦南,2023-09-04,9101
1802,台玻,64,26,38,群益金鼎-敦南,2023-09-04,9101
00751B,元大AAA至A公司債,36,1,35,群益金鼎-敦南,2023-09-04,9101
00679B,元大美債20年,33,0,33,群益金鼎-敦南,2023-09-04,9101
1307,三芳,35,3,32,群益金鼎-敦南,2023-09-04,9101
1618,合機,32,0,32,群益金鼎-敦南,2023-09-04,9101
3483,力致,34,7,27,群益金鼎-敦南,2023-09-04,9101
3481,群創,27,0,27,群益金鼎-敦南,2023-09-04,9101
5443,均豪,35,10,25,群益金鼎-敦南,2023-09-04,9101
2458,義隆,28,4,24,群益金鼎-敦南,2023-09-04,9101
2323,中環,20,0,20,群益金鼎-敦南,2023-09-04,9101
1449,佳和,20,0,20,群益金鼎-敦南,2023-09-04,9101
2344,華邦電,25,5,20,群益金鼎-敦南,2023-09-04,9101
6234,高僑,20,0,20,群益金鼎-敦南,2023-09-04,9101
2312,金寶,20,2,18,群益金鼎-敦南,2023-09-04,9101
5457,宣德,32,15,17,群益金鼎-敦南,2023-09-04,9101
00915,凱基優選高股息30,16,0,16,群益金鼎-敦南,2023-09-04,9101
2634,漢翔,22,7,15,群益金鼎-敦南,2023-09-04,9101
6213,聯茂,39,24,15,群益金鼎-敦南,2023-09-04,9101
00633L,富邦上証正2,15,0,15,群益金鼎-敦南,2023-09-04,9101
1533,車王電,17,3,14,群益金鼎-敦南,2023-09-04,9101
2409,友達,16,3,13,群益金鼎-敦南,2023-09-04,9101
4147,中裕,13,0,13,群益金鼎-敦南,2023-09-04,9101
2888,新光金,12,0,12,群益金鼎-敦南,2023-09-04,9101
00878,國泰永續高股息,27,16,11,群益金鼎-敦南,2023-09-04,9101
2303,聯電,11,0,11,群益金鼎-敦南,2023-09-04,9101
2436,偉詮電,20,9,11,群益金鼎-敦南,2023-09-04,9101
2838A,聯邦銀甲特,11,0,11,群益金鼎-敦南,2023-09-04,9101
6712,長聖,14,3,11,群益金鼎-敦南,2023-09-04,9101
1402,遠東新,11,0,11,群益金鼎-敦南,2023-09-04,9101
5703,亞都,11,0,11,群益金鼎-敦南,2023-09-04,9101
2913,農林,10,0,10,群益金鼎-敦南,2023-09-04,9101
2885,元大金,10,0,10,群益金鼎-敦南,2023-09-04,9101
2834,臺企銀,10,0,10,群益金鼎-敦南,2023-09-04,9101
2030,彰源,10,0,10,群益金鼎-敦南,2023-09-04,9101
00640L,富邦日本正2,10,0,10,群益金鼎-敦南,2023-09-04,9101
8936,國統,10,0,10,群益金鼎-敦南,2023-09-04,9101
1321,大洋,10,0,10,群益金鼎-敦南,2023-09-04,9101
3163,波若威,38,29,9,群益金鼎-敦南,2023-09-04,9101
2618,長榮航,10,1,9,群益金鼎-敦南,2023-09-04,9101
6125,廣運,16,7,9,群益金鼎-敦南,2023-09-04,9101
2324,仁寶,15,6,9,群益金鼎-敦南,2023-09-04,9101
4164,承業醫,9,0,9,群益金鼎-敦南,2023-09-04,9101
8086,宏捷科,178,24,154,群益金鼎-敦南,2023-09-05,9101
2618,長榮航,122,22,100,群益金鼎-敦南,2023-09-05,9101
00713,元大台灣高息低波,52,0,52,群益金鼎-敦南,2023-09-05,9101
00919,群益台灣精選高息,92,40,52,群益金鼎-敦南,2023-09-05,9101
2388,威盛,99,50,49,群益金鼎-敦南,2023-09-05,9101
00751B,元大AAA至A公司債,43,0,43,群益金鼎-敦南,2023-09-05,9101
5225,東科-KY,53,13,40,群益金鼎-敦南,2023-09-05,9101
00915,凱基優選高股息30,27,0,27,群益金鼎-敦南,2023-09-05,9101
8016,矽創,30,3,27,群益金鼎-敦南,2023-09-05,9101
4973,廣穎,42,16,26,群益金鼎-敦南,2023-09-05,9101
2312,金寶,52,26,26,群益金鼎-敦南,2023-09-05,9101
3545,敦泰,36,11,25,群益金鼎-敦南,2023-09-05,9101
2482,連宇,33,10,23,群益金鼎-敦南,2023-09-05,9101
2492,華新科,30,9,21,群益金鼎-敦南,2023-09-05,9101
1307,三芳,20,0,20,群益金鼎-敦南,2023-09-05,9101
2313,華通,20,1,19,群益金鼎-敦南,2023-09-05,9101
00679B,元大美債20年,19,0,19,群益金鼎-敦南,2023-09-05,9101
4147,中裕,20,4,16,群益金鼎-敦南,2023-09-05,9101
2606,裕民,19,3,16,群益金鼎-敦南,2023-09-05,9101
6530,創威,16,0,16,群益金鼎-敦南,2023-09-05,9101
2634,漢翔,27,12,15,群益金鼎-敦南,2023-09-05,9101
5302,太欣,15,0,15,群益金鼎-敦南,2023-09-05,9101
8112,至上,25,10,15,群益金鼎-敦南,2023-09-05,9101
3071,協禧,24,12,12,群益金鼎-敦南,2023-09-05,9101
2472,立隆電,12,0,12,群益金鼎-敦南,2023-09-05,9101
00687B,國泰20年美債,12,0,12,群益金鼎-敦南,2023-09-05,9101
6531,愛普*,23,11,12,群益金鼎-敦南,2023-09-05,9101
3231,緯創,30,18,12,群益金鼎-敦南,2023-09-05,9101
1321,大洋,11,0,11,群益金鼎-敦南,2023-09-05,9101
8930,青鋼,10,0,10,群益金鼎-敦南,2023-09-05,9101
8390,金益鼎,10,0,10,群益金鼎-敦南,2023-09-05,9101
4164,承業醫,10,0,10,群益金鼎-敦南,2023-09-05,9101
5706,鳳凰,10,0,10,群益金鼎-敦南,2023-09-05,9101
00632R,元大台灣50反1,10,0,10,群益金鼎-敦南,2023-09-05,9101
00878,國泰永續高股息,10,0,10,群益金鼎-敦南,2023-09-05,9101
3014,聯陽,13,4,9,群益金鼎-敦南,2023-09-05,9101
2376,技嘉,24,15,9,群益金鼎-敦南,2023-09-05,9101
2371,大同,16,7,9,群益金鼎-敦南,2023-09-05,9101
2412,中華電,10,2,8,群益金鼎-敦南,2023-09-05,9101
4945,陞達科技,8,0,8,群益金鼎-敦南,2023-09-05,9101
2331,精英,14,6,8,群益金鼎-敦南,2023-09-05,9101
4163,鐿鈦,8,0,8,群益金鼎-敦南,2023-09-05,9101
2323,中環,18,10,8,群益金鼎-敦南,2023-09-05,9101
1612,宏泰,8,0,8,群益金鼎-敦南,2023-09-05,9101
8027,鈦昇,8,0,8,群益金鼎-敦南,2023-09-05,9101
2402,毅嘉,19,11,8,群益金鼎-敦南,2023-09-05,9101
3521,鴻翊,7,0,7,群益金鼎-敦南,2023-09-05,9101
2303,聯電,16,9,7,群益金鼎-敦南,2023-09-05,9101
1618,合機,8,1,7,群益金鼎-敦南,2023-09-05,9101
3483,力致,44,37,7,群益金鼎-敦南,2023-09-05,9101
00929,復華台灣科技優息,301,58,243,群益金鼎-敦南,2023-09-06,9101
2388,威盛,221,37,184,群益金鼎-敦南,2023-09-06,9101
6147,頎邦,215,45,170,群益金鼎-敦南,2023-09-06,9101
00919,群益台灣精選高息,159,16,143,群益金鼎-敦南,2023-09-06,9101
2482,連宇,101,15,86,群益金鼎-敦南,2023-09-06,9101
3481,群創,65,7,58,群益金鼎-敦南,2023-09-06,9101
2201,裕隆,42,0,42,群益金鼎-敦南,2023-09-06,9101
6274,台燿,101,59,42,群益金鼎-敦南,2023-09-06,9101
8086,宏捷科,60,19,41,群益金鼎-敦南,2023-09-06,9101
2610,華航,34,2,32,群益金鼎-敦南,2023-09-06,9101
3035,智原,56,25,31,群益金鼎-敦南,2023-09-06,9101
00900,富邦特選高股息30,31,0,31,群益金鼎-敦南,2023-09-06,9101
9958,世紀鋼,26,0,26,群益金鼎-敦南,2023-09-06,9101
3038,全台,25,0,25,群益金鼎-敦南,2023-09-06,9101
8936,國統,24,0,24,群益金鼎-敦南,2023-09-06,9101
6412,群電,25,2,23,群益金鼎-敦南,2023-09-06,9101
1802,台玻,31,10,21,群益金鼎-敦南,2023-09-06,9101
00650L,復華香港正2,20,0,20,群益金鼎-敦南,2023-09-06,9101
00642U,期元大S＆P石油,20,0,20,群益金鼎-敦南,2023-09-06,9101
4961,天鈺,30,11,19,群益金鼎-敦南,2023-09-06,9101
2409,友達,28,9,19,群益金鼎-敦南,2023-09-06,9101
6231,系微,17,0,17,群益金鼎-敦南,2023-09-06,9101
2371,大同,17,2,15,群益金鼎-敦南,2023-09-06,9101
00915,凱基優選高股息30,22,7,15,群益金鼎-敦南,2023-09-06,9101
2888,新光金,15,0,15,群益金鼎-敦南,2023-09-06,9101
2472,立隆電,14,0,14,群益金鼎-敦南,2023-09-06,9101
00720B,元大投資級公司債,13,0,13,群益金鼎-敦南,2023-09-06,9101
2498,宏達電,13,0,13,群益金鼎-敦南,2023-09-06,9101
2615,萬海,14,1,13,群益金鼎-敦南,2023-09-06,9101
4153,鈺緯,13,0,13,群益金鼎-敦南,2023-09-06,9101
2891,中信金,12,0,12,群益金鼎-敦南,2023-09-06,9101
1314,中石化,12,0,12,群益金鼎-敦南,2023-09-06,9101
2002,中鋼,12,0,12,群益金鼎-敦南,2023-09-06,9101
3588,通嘉,16,4,12,群益金鼎-敦南,2023-09-06,9101
5236,凌陽創新,10,0,10,群益金鼎-敦南,2023-09-06,9101
2489,瑞軒,10,0,10,群益金鼎-敦南,2023-09-06,9101
00632R,元大台灣50反1,10,0,10,群益金鼎-敦南,2023-09-06,9101
2889,國票金,10,0,10,群益金鼎-敦南,2023-09-06,9101
4909,新復興,10,1,9,群益金鼎-敦南,2023-09-06,9101
8996,高力,11,2,9,群益金鼎-敦南,2023-09-06,9101
1321,大洋,9,0,9,群益金鼎-敦南,2023-09-06,9101
00893,國泰智能電動車,10,2,8,群益金鼎-敦南,2023-09-06,9101
6142,友勁,8,0,8,群益金鼎-敦南,2023-09-06,9101
2609,陽明,8,0,8,群益金鼎-敦南,2023-09-06,9101
2884,玉山金,7,0,7,群益金鼎-敦南,2023-09-06,9101
6732,昇佳電子,8,1,7,群益金鼎-敦南,2023-09-06,9101
00923,群益台ESG低碳50,7,0,7,群益金鼎-敦南,2023-09-06,9101
2352,佳世達,8,1,7,群益金鼎-敦南,2023-09-06,9101
4147,中裕,11,4,7,群益金鼎-敦南,2023-09-06,9101
3013,晟銘電,11,4,7,群益金鼎-敦南,2023-09-06,9101
3231,緯創,423,13,410,群益金鼎-敦南,2023-09-07,9101
2888,新光金,143,21,122,群益金鼎-敦南,2023-09-07,9101
2313,華通,66,20,46,群益金鼎-敦南,2023-09-07,9101
2388,威盛,78,34,44,群益金鼎-敦南,2023-09-07,9101
00632R,元大台灣50反1,50,15,35,群益金鼎-敦南,2023-09-07,9101
00919,群益台灣精選高息,44,11,33,群益金鼎-敦南,2023-09-07,9101
00929,復華台灣科技優息,92,60,32,群益金鼎-敦南,2023-09-07,9101
2885,元大金,26,0,26,群益金鼎-敦南,2023-09-07,9101
2610,華航,23,2,21,群益金鼎-敦南,2023-09-07,9101
2303,聯電,32,11,21,群益金鼎-敦南,2023-09-07,9101
2371,大同,20,0,20,群益金鼎-敦南,2023-09-07,9101
2034,允強,20,0,20,群益金鼎-敦南,2023-09-07,9101
8064,東捷,20,0,20,群益金鼎-敦南,2023-09-07,9101
00673R,期元大S＆P原油反1,20,0,20,群益金鼎-敦南,2023-09-07,9101
2356,英業達,35,16,19,群益金鼎-敦南,2023-09-07,9101
2330,台積電,21,2,19,群益金鼎-敦南,2023-09-07,9101
00900,富邦特選高股息30,53,35,18,群益金鼎-敦南,2023-09-07,9101
9945,潤泰新,18,0,18,群益金鼎-敦南,2023-09-07,9101
9938,百和,20,2,18,群益金鼎-敦南,2023-09-07,9101
2458,義隆,20,3,17,群益金鼎-敦南,2023-09-07,9101
2485,兆赫,60,45,15,群益金鼎-敦南,2023-09-07,9101
2504,國產,15,0,15,群益金鼎-敦南,2023-09-07,9101
4533,協易機,52,37,15,群益金鼎-敦南,2023-09-07,9101
4906,正文,20,5,15,群益金鼎-敦南,2023-09-07,9101
1513,中興電,14,0,14,群益金鼎-敦南,2023-09-07,9101
3416,融程電,14,0,14,群益金鼎-敦南,2023-09-07,9101
2498,宏達電,15,1,14,群益金鼎-敦南,2023-09-07,9101
1802,台玻,28,15,13,群益金鼎-敦南,2023-09-07,9101
8033,雷虎,13,0,13,群益金鼎-敦南,2023-09-07,9101
3481,群創,13,1,12,群益金鼎-敦南,2023-09-07,9101
8150,南茂,27,15,12,群益金鼎-敦南,2023-09-07,9101
2316,楠梓電,44,32,12,群益金鼎-敦南,2023-09-07,9101
00918,大華優利高填息30,12,0,12,群益金鼎-敦南,2023-09-07,9101
2324,仁寶,13,2,11,群益金鼎-敦南,2023-09-07,9101
00679B,元大美債20年,12,1,11,群益金鼎-敦南,2023-09-07,9101
2883,凱基金,11,0,11,群益金鼎-敦南,2023-09-07,9101
2436,偉詮電,39,29,10,群益金鼎-敦南,2023-09-07,9101
00902,中信電池及儲能,10,0,10,群益金鼎-敦南,2023-09-07,9101
3548,兆利,20,10,10,群益金鼎-敦南,2023-09-07,9101
8390,金益鼎,10,0,10,群益金鼎-敦南,2023-09-07,9101
6165,浪凡,10,0,10,群益金鼎-敦南,2023-09-07,9101
3088,艾訊,9,0,9,群益金鼎-敦南,2023-09-07,9101
2486,一詮,97,88,9,群益金鼎-敦南,2023-09-07,9101
5871,中租-KY,8,0,8,群益金鼎-敦南,2023-09-07,9101
4153,鈺緯,8,0,8,群益金鼎-敦南,2023-09-07,9101
2630,亞航,12,5,7,群益金鼎-敦南,2023-09-07,9101
6005,群益證,7,0,7,群益金鼎-敦南,2023-09-07,9101
00772B,中信高評級公司債,7,0,7,群益金鼎-敦南,2023-09-07,9101
2891,中信金,6,0,6,群益金鼎-敦南,2023-09-07,9101
1314,中石化,6,0,6,群益金鼎-敦南,2023-09-07,9101
00632R,元大台灣50反1,357,5,352,群益金鼎-敦南,2023-09-08,9101
00919,群益台灣精選高息,168,0,168,群益金鼎-敦南,2023-09-08,9101
00929,復華台灣科技優息,189,40,149,群益金鼎-敦南,2023-09-08,9101
2356,英業達,120,10,110,群益金鼎-敦南,2023-09-08,9101
9958,世紀鋼,67,4,63,群益金鼎-敦南,2023-09-08,9101
3035,智原,61,20,41,群益金鼎-敦南,2023-09-08,9101
2363,矽統,110,71,39,群益金鼎-敦南,2023-09-08,9101
2498,宏達電,32,0,32,群益金鼎-敦南,2023-09-08,9101
00915,凱基優選高股息30,31,0,31,群益金鼎-敦南,2023-09-08,9101
1314,中石化,30,0,30,群益金鼎-敦南,2023-09-08,9101
2913,農林,27,1,26,群益金鼎-敦南,2023-09-08,9101
00918,大華優利高填息30,25,1,24,群益金鼎-敦南,2023-09-08,9101
00645,富邦日本,20,0,20,群益金鼎-敦南,2023-09-08,9101
8936,國統,20,0,20,群益金鼎-敦南,2023-09-08,9101
2352,佳世達,20,1,19,群益金鼎-敦南,2023-09-08,9101
00900,富邦特選高股息30,15,0,15,群益金鼎-敦南,2023-09-08,9101
3013,晟銘電,18,3,15,群益金鼎-敦南,2023-09-08,9101
2382,廣達,33,19,14,群益金鼎-敦南,2023-09-08,9101
1442,名軒,14,0,14,群益金鼎-敦南,2023-09-08,9101
00931B,統一美債20年,13,0,13,群益金鼎-敦南,2023-09-08,9101
2603,長榮,14,1,13,群益金鼎-敦南,2023-09-08,9101
2482,連宇,15,2,13,群益金鼎-敦南,2023-09-08,9101
2330,台積電,12,0,12,群益金鼎-敦南,2023-09-08,9101
2376,技嘉,36,25,11,群益金鼎-敦南,2023-09-08,9101
9802,鈺齊-KY,14,3,11,群益金鼎-敦南,2023-09-08,9101
3715,定穎投控,480,470,10,群益金鼎-敦南,2023-09-08,9101
2614,東森,10,0,10,群益金鼎-敦南,2023-09-08,9101
3044,健鼎,10,1,9,群益金鼎-敦南,2023-09-08,9101
4934,太極,9,0,9,群益金鼎-敦南,2023-09-08,9101
5381,合正,21,12,9,群益金鼎-敦南,2023-09-08,9101
2472,立隆電,9,0,9,群益金鼎-敦南,2023-09-08,9101
00679B,元大美債20年,9,0,9,群益金鼎-敦南,2023-09-08,9101
5469,瀚宇博,9,1,8,群益金鼎-敦南,2023-09-08,9101
1309,台達化,8,0,8,群益金鼎-敦南,2023-09-08,9101
6290,良維,8,0,8,群益金鼎-敦南,2023-09-08,9101
1618,合機,15,7,8,群益金鼎-敦南,2023-09-08,9101
2201,裕隆,8,1,7,群益金鼎-敦南,2023-09-08,9101
3704,合勤控,22,15,7,群益金鼎-敦南,2023-09-08,9101
4938,和碩,7,0,7,群益金鼎-敦南,2023-09-08,9101
6192,巨路,7,0,7,群益金鼎-敦南,2023-09-08,9101
00902,中信電池及儲能,16,9,7,群益金鼎-敦南,2023-09-08,9101
1513,中興電,7,0,7,群益金鼎-敦南,2023-09-08,9101
6531,愛普*,25,19,6,群益金鼎-敦南,2023-09-08,9101
1307,三芳,7,1,6,群益金鼎-敦南,2023-09-08,9101
8076,伍豐,6,0,6,群益金鼎-敦南,2023-09-08,9101
2617,台航,6,0,6,群益金鼎-敦南,2023-09-08,9101
6282,康舒,6,0,6,群益金鼎-敦南,2023-09-08,9101
3260,威剛,6,1,5,群益金鼎-敦南,2023-09-08,9101
2834,臺企銀,5,0,5,群益金鼎-敦南,2023-09-08,9101
2007,燁興,5,0,5,群益金鼎-敦南,2023-09-08,9101
00632R,元大台灣50反1,215,15,200,群益金鼎-敦南,2023-09-11,9101
00929,復華台灣科技優息,155,10,145,群益金鼎-敦南,2023-09-11,9101
9958,世紀鋼,106,1,105,群益金鼎-敦南,2023-09-11,9101
3715,定穎投控,162,59,103,群益金鼎-敦南,2023-09-11,9101
00919,群益台灣精選高息,85,0,85,群益金鼎-敦南,2023-09-11,9101
8436,大江,80,1,79,群益金鼎-敦南,2023-09-11,9101
00713,元大台灣高息低波,66,1,65,群益金鼎-敦南,2023-09-11,9101
00900,富邦特選高股息30,60,0,60,群益金鼎-敦南,2023-09-11,9101
3032,偉訓,59,0,59,群益金鼎-敦南,2023-09-11,9101
00637L,元大滬深300正2,51,1,50,群益金鼎-敦南,2023-09-11,9101
2610,華航,47,3,44,群益金鼎-敦南,2023-09-11,9101
2388,威盛,32,1,31,群益金鼎-敦南,2023-09-11,9101
2472,立隆電,27,0,27,群益金鼎-敦南,2023-09-11,9101
3481,群創,44,17,27,群益金鼎-敦南,2023-09-11,9101
4583,台灣精銳,25,0,25,群益金鼎-敦南,2023-09-11,9101
00640L,富邦日本正2,23,0,23,群益金鼎-敦南,2023-09-11,9101
8112,至上,30,8,22,群益金鼎-敦南,2023-09-11,9101
4906,正文,23,1,22,群益金鼎-敦南,2023-09-11,9101
6192,巨路,23,2,21,群益金鼎-敦南,2023-09-11,9101
3483,力致,25,5,20,群益金鼎-敦南,2023-09-11,9101
00930,永豐ESG低碳高息,20,0,20,群益金鼎-敦南,2023-09-11,9101
6186,新潤,20,0,20,群益金鼎-敦南,2023-09-11,9101
2609,陽明,22,2,20,群益金鼎-敦南,2023-09-11,9101
6015,宏遠證,20,0,20,群益金鼎-敦南,2023-09-11,9101
5864,致和證,20,0,20,群益金鼎-敦南,2023-09-11,9101
2618,長榮航,33,16,17,群益金鼎-敦南,2023-09-11,9101
3163,波若威,39,22,17,群益金鼎-敦南,2023-09-11,9101
2405,輔信,30,13,17,群益金鼎-敦南,2023-09-11,9101
00931B,統一美債20年,15,0,15,群益金鼎-敦南,2023-09-11,9101
2313,華通,51,36,15,群益金鼎-敦南,2023-09-11,9101
2498,宏達電,15,0,15,群益金鼎-敦南,2023-09-11,9101
2329,華泰,15,1,14,群益金鼎-敦南,2023-09-11,9101
2892,第一金,13,0,13,群益金鼎-敦南,2023-09-11,9101
1268,漢來美食,13,0,13,群益金鼎-敦南,2023-09-11,9101
2338,光罩,13,0,13,群益金鼎-敦南,2023-09-11,9101
00670L,富邦NASDAQ正2,12,0,12,群益金鼎-敦南,2023-09-11,9101
2492,華新科,12,0,12,群益金鼎-敦南,2023-09-11,9101
1513,中興電,11,0,11,群益金鼎-敦南,2023-09-11,9101
9938,百和,18,7,11,群益金鼎-敦南,2023-09-11,9101
6213,聯茂,13,2,11,群益金鼎-敦南,2023-09-11,9101
00653L,富邦印度正2,11,0,11,群益金鼎-敦南,2023-09-11,9101
6472,保瑞,11,0,11,群益金鼎-敦南,2023-09-11,9101
00881,國泰台灣5G+,11,1,10,群益金鼎-敦南,2023-09-11,9101
3558,神準,10,0,10,群益金鼎-敦南,2023-09-11,9101
00927,群益半導體收益,10,0,10,群益金鼎-敦南,2023-09-11,9101
2889,國票金,10,0,10,群益金鼎-敦南,2023-09-11,9101
6026,福邦證,10,0,10,群益金鼎-敦南,2023-09-11,9101
5706,鳳凰,10,0,10,群益金鼎-敦南,2023-09-11,9101
5371,中光電,10,0,10,群益金鼎-敦南,2023-09-11,9101
0056,元大高股息,10,1,9,群益金鼎-敦南,2023-09-11,9101
00713,元大台灣高息低波,204,0,204,群益金鼎-敦南,2023-09-12,9101
2376,技嘉,82,29,53,群益金鼎-敦南,2023-09-12,9101
00878,國泰永續高股息,56,8,48,群益金鼎-敦南,2023-09-12,9101
00645,富邦日本,33,0,33,群益金鼎-敦南,2023-09-12,9101
2535,達欣工,27,0,27,群益金鼎-敦南,2023-09-12,9101
00664R,國泰臺灣加權反1,20,0,20,群益金鼎-敦南,2023-09-12,9101
8112,至上,20,5,15,群益金鼎-敦南,2023-09-12,9101
00679B,元大美債20年,15,0,15,群益金鼎-敦南,2023-09-12,9101
2913,農林,20,6,14,群益金鼎-敦南,2023-09-12,9101
6432,今展科,14,0,14,群益金鼎-敦南,2023-09-12,9101
1319,東陽,42,29,13,群益金鼎-敦南,2023-09-12,9101
1471,首利,14,3,11,群益金鼎-敦南,2023-09-12,9101
3162,精確,11,0,11,群益金鼎-敦南,2023-09-12,9101
1218,泰山,11,0,11,群益金鼎-敦南,2023-09-12,9101
00882,中信中國高股息,10,0,10,群益金鼎-敦南,2023-09-12,9101
2405,輔信,15,5,10,群益金鼎-敦南,2023-09-12,9101
2515,中工,10,0,10,群益金鼎-敦南,2023-09-12,9101
5871,中租-KY,10,0,10,群益金鼎-敦南,2023-09-12,9101
00652,富邦印度,10,0,10,群益金鼎-敦南,2023-09-12,9101
2331,精英,10,0,10,群益金鼎-敦南,2023-09-12,9101
3227,原相,10,0,10,群益金鼎-敦南,2023-09-12,9101
00640L,富邦日本正2,10,0,10,群益金鼎-敦南,2023-09-12,9101
00632R,元大台灣50反1,10,0,10,群益金鼎-敦南,2023-09-12,9101
8064,東捷,10,0,10,群益金鼎-敦南,2023-09-12,9101
3346,麗清,19,9,10,群益金鼎-敦南,2023-09-12,9101
3709,鑫聯大投控,11,2,9,群益金鼎-敦南,2023-09-12,9101
4526,東台,9,0,9,群益金鼎-敦南,2023-09-12,9101
8222,寶一,13,4,9,群益金鼎-敦南,2023-09-12,9101
4402,郡都開發,10,1,9,群益金鼎-敦南,2023-09-12,9101
1436,華友聯,8,0,8,群益金鼎-敦南,2023-09-12,9101
1442,名軒,8,0,8,群益金鼎-敦南,2023-09-12,9101
6125,廣運,14,6,8,群益金鼎-敦南,2023-09-12,9101
3363,上詮,10,2,8,群益金鼎-敦南,2023-09-12,9101
2356,英業達,23,16,7,群益金鼎-敦南,2023-09-12,9101
8358,金居,11,4,7,群益金鼎-敦南,2023-09-12,9101
8299,群聯,11,4,7,群益金鼎-敦南,2023-09-12,9101
00902,中信電池及儲能,7,0,7,群益金鼎-敦南,2023-09-12,9101
9928,中視,7,0,7,群益金鼎-敦南,2023-09-12,9101
1268,漢來美食,7,0,7,群益金鼎-敦南,2023-09-12,9101
00751B,元大AAA至A公司債,7,0,7,群益金鼎-敦南,2023-09-12,9101
6418,詠昇,7,0,7,群益金鼎-敦南,2023-09-12,9101
1324,地球,10,3,7,群益金鼎-敦南,2023-09-12,9101
2201,裕隆,10,3,7,群益金鼎-敦南,2023-09-12,9101
00919,群益台灣精選高息,18,12,6,群益金鼎-敦南,2023-09-12,9101
4945,陞達科技,6,0,6,群益金鼎-敦南,2023-09-12,9101
6288,聯嘉,6,0,6,群益金鼎-敦南,2023-09-12,9101
3450,聯鈞,6,0,6,群益金鼎-敦南,2023-09-12,9101
6244,茂迪,6,0,6,群益金鼎-敦南,2023-09-12,9101
2436,偉詮電,12,6,6,群益金鼎-敦南,2023-09-12,9101
2425,承啟,6,0,6,群益金鼎-敦南,2023-09-12,9101
00929,復華台灣科技優息,213,89,124,群益金鼎-敦南,2023-09-13,9101
4763,材料-KY,115,1,114,群益金鼎-敦南,2023-09-13,9101
00713,元大台灣高息低波,101,0,101,群益金鼎-敦南,2023-09-13,9101
2486,一詮,63,5,58,群益金鼎-敦南,2023-09-13,9101
00900,富邦特選高股息30,50,0,50,群益金鼎-敦南,2023-09-13,9101
00919,群益台灣精選高息,39,1,38,群益金鼎-敦南,2023-09-13,9101
2618,長榮航,37,4,33,群益金鼎-敦南,2023-09-13,9101
1319,東陽,99,68,31,群益金鼎-敦南,2023-09-13,9101
00902,中信電池及儲能,29,0,29,群益金鼎-敦南,2023-09-13,9101
00673R,期元大S＆P原油反1,28,0,28,群益金鼎-敦南,2023-09-13,9101
4402,郡都開發,25,0,25,群益金鼎-敦南,2023-09-13,9101
8011,台通,30,8,22,群益金鼎-敦南,2023-09-13,9101
3416,融程電,20,0,20,群益金鼎-敦南,2023-09-13,9101
9958,世紀鋼,19,1,18,群益金鼎-敦南,2023-09-13,9101
00931B,統一美債20年,17,0,17,群益金鼎-敦南,2023-09-13,9101
6197,佳必琪,16,0,16,群益金鼎-敦南,2023-09-13,9101
9928,中視,15,0,15,群益金鼎-敦南,2023-09-13,9101
8358,金居,16,1,15,群益金鼎-敦南,2023-09-13,9101
2535,達欣工,15,0,15,群益金鼎-敦南,2023-09-13,9101
1568,倉佑,62,48,14,群益金鼎-敦南,2023-09-13,9101
3032,偉訓,13,0,13,群益金鼎-敦南,2023-09-13,9101
00751B,元大AAA至A公司債,12,0,12,群益金鼎-敦南,2023-09-13,9101
3711,日月光投控,11,0,11,群益金鼎-敦南,2023-09-13,9101
8046,南電,11,0,11,群益金鼎-敦南,2023-09-13,9101
3322,建舜電,52,42,10,群益金鼎-敦南,2023-09-13,9101
6278,台表科,10,0,10,群益金鼎-敦南,2023-09-13,9101
2929,淘帝-KY,20,10,10,群益金鼎-敦南,2023-09-13,9101
4934,太極,10,0,10,群益金鼎-敦南,2023-09-13,9101
4906,正文,12,2,10,群益金鼎-敦南,2023-09-13,9101
8261,富鼎,10,0,10,群益金鼎-敦南,2023-09-13,9101
2352,佳世達,18,8,10,群益金鼎-敦南,2023-09-13,9101
00632R,元大台灣50反1,10,0,10,群益金鼎-敦南,2023-09-13,9101
4164,承業醫,10,0,10,群益金鼎-敦南,2023-09-13,9101
3230,錦明,9,0,9,群益金鼎-敦南,2023-09-13,9101
1101,台泥,11,2,9,群益金鼎-敦南,2023-09-13,9101
2201,裕隆,10,2,8,群益金鼎-敦南,2023-09-13,9101
3704,合勤控,33,25,8,群益金鼎-敦南,2023-09-13,9101
2356,英業達,18,11,7,群益金鼎-敦南,2023-09-13,9101
3037,欣興,9,2,7,群益金鼎-敦南,2023-09-13,9101
8429,金麗-KY,7,0,7,群益金鼎-敦南,2023-09-13,9101
2630,亞航,19,12,7,群益金鼎-敦南,2023-09-13,9101
5243,乙盛-KY,7,0,7,群益金鼎-敦南,2023-09-13,9101
1618,合機,9,3,6,群益金鼎-敦南,2023-09-13,9101
6189,豐藝,6,0,6,群益金鼎-敦南,2023-09-13,9101
00922,國泰台灣領袖50,6,0,6,群益金鼎-敦南,2023-09-13,9101
4916,事欣科,6,0,6,群益金鼎-敦南,2023-09-13,9101
2834,臺企銀,6,0,6,群益金鼎-敦南,2023-09-13,9101
2816,旺旺保,6,0,6,群益金鼎-敦南,2023-09-13,9101
00679B,元大美債20年,5,0,5,群益金鼎-敦南,2023-09-13,9101
3260,威剛,14,9,5,群益金鼎-敦南,2023-09-13,9101
4906,正文,171,10,161,群益金鼎-敦南,2023-09-14,9101
00712,復華富時不動產,164,10,154,群益金鼎-敦南,2023-09-14,9101
2330,台積電,97,2,95,群益金鼎-敦南,2023-09-14,9101
3338,泰碩,52,2,50,群益金鼎-敦南,2023-09-14,9101
3213,茂訊,67,19,48,群益金鼎-敦南,2023-09-14,9101
3032,偉訓,42,4,38,群益金鼎-敦南,2023-09-14,9101
2605,新興,43,14,29,群益金鼎-敦南,2023-09-14,9101
2634,漢翔,30,2,28,群益金鼎-敦南,2023-09-14,9101
2498,宏達電,33,6,27,群益金鼎-敦南,2023-09-14,9101
8064,東捷,26,0,26,群益金鼎-敦南,2023-09-14,9101
2313,華通,45,22,23,群益金鼎-敦南,2023-09-14,9101
2618,長榮航,24,4,20,群益金鼎-敦南,2023-09-14,9101
1313,聯成,20,0,20,群益金鼎-敦南,2023-09-14,9101
6197,佳必琪,24,4,20,群益金鼎-敦南,2023-09-14,9101
00645,富邦日本,18,0,18,群益金鼎-敦南,2023-09-14,9101
6234,高僑,17,0,17,群益金鼎-敦南,2023-09-14,9101
1522,堤維西,117,103,14,群益金鼎-敦南,2023-09-14,9101
6279,胡連,14,0,14,群益金鼎-敦南,2023-09-14,9101
2382,廣達,40,27,13,群益金鼎-敦南,2023-09-14,9101
2376,技嘉,28,16,12,群益金鼎-敦南,2023-09-14,9101
2883,凱基金,18,7,11,群益金鼎-敦南,2023-09-14,9101
00751B,元大AAA至A公司債,11,0,11,群益金鼎-敦南,2023-09-14,9101
1471,首利,12,1,11,群益金鼎-敦南,2023-09-14,9101
2371,大同,14,4,10,群益金鼎-敦南,2023-09-14,9101
00631L,元大台灣50正2,10,0,10,群益金鼎-敦南,2023-09-14,9101
4763,材料-KY,12,2,10,群益金鼎-敦南,2023-09-14,9101
1584,精剛,10,0,10,群益金鼎-敦南,2023-09-14,9101
6412,群電,10,0,10,群益金鼎-敦南,2023-09-14,9101
2834,臺企銀,10,0,10,群益金鼎-敦南,2023-09-14,9101
6275,元山,10,0,10,群益金鼎-敦南,2023-09-14,9101
00882,中信中國高股息,9,0,9,群益金鼎-敦南,2023-09-14,9101
6288,聯嘉,10,1,9,群益金鼎-敦南,2023-09-14,9101
3450,聯鈞,30,21,9,群益金鼎-敦南,2023-09-14,9101
2301,光寶科,13,4,9,群益金鼎-敦南,2023-09-14,9101
1324,地球,8,0,8,群益金鼎-敦南,2023-09-14,9101
00679B,元大美債20年,8,0,8,群益金鼎-敦南,2023-09-14,9101
2458,義隆,7,0,7,群益金鼎-敦南,2023-09-14,9101
4533,協易機,8,1,7,群益金鼎-敦南,2023-09-14,9101
6509,聚和,7,0,7,群益金鼎-敦南,2023-09-14,9101
2402,毅嘉,7,0,7,群益金鼎-敦南,2023-09-14,9101
4770,上品,7,0,7,群益金鼎-敦南,2023-09-14,9101
6147,頎邦,9,2,7,群益金鼎-敦南,2023-09-14,9101
3715,定穎投控,34,28,6,群益金鼎-敦南,2023-09-14,9101
9928,中視,6,0,6,群益金鼎-敦南,2023-09-14,9101
5469,瀚宇博,6,0,6,群益金鼎-敦南,2023-09-14,9101
2002,中鋼,6,0,6,群益金鼎-敦南,2023-09-14,9101
2344,華邦電,9,4,5,群益金鼎-敦南,2023-09-14,9101
3162,精確,6,1,5,群益金鼎-敦南,2023-09-14,9101
1519,華城,43,38,5,群益金鼎-敦南,2023-09-14,9101
4188,安克,6,1,5,群益金鼎-敦南,2023-09-14,9101
2313,華通,229,110,119,群益金鼎-敦南,2023-09-15,9101
00929,復華台灣科技優息,224,115,109,群益金鼎-敦南,2023-09-15,9101
1101,台泥,100,2,98,群益金鼎-敦南,2023-09-15,9101
2388,威盛,113,39,74,群益金鼎-敦南,2023-09-15,9101
2610,華航,51,0,51,群益金鼎-敦南,2023-09-15,9101
9958,世紀鋼,50,5,45,群益金鼎-敦南,2023-09-15,9101
2634,漢翔,43,2,41,群益金鼎-敦南,2023-09-15,9101
00915,凱基優選高股息30,42,1,41,群益金鼎-敦南,2023-09-15,9101
2891,中信金,46,6,40,群益金鼎-敦南,2023-09-15,9101
1339,昭輝,40,0,40,群益金鼎-敦南,2023-09-15,9101
00919,群益台灣精選高息,82,43,39,群益金鼎-敦南,2023-09-15,9101
00900,富邦特選高股息30,52,13,39,群益金鼎-敦南,2023-09-15,9101
2834,臺企銀,35,0,35,群益金鼎-敦南,2023-09-15,9101
2316,楠梓電,30,2,28,群益金鼎-敦南,2023-09-15,9101
00918,大華優利高填息30,30,3,27,群益金鼎-敦南,2023-09-15,9101
5880,合庫金,24,1,23,群益金鼎-敦南,2023-09-15,9101
6231,系微,28,5,23,群益金鼎-敦南,2023-09-15,9101
2641,正德,35,13,22,群益金鼎-敦南,2023-09-15,9101
2002,中鋼,23,1,22,群益金鼎-敦南,2023-09-15,9101
3483,力致,23,1,22,群益金鼎-敦南,2023-09-15,9101
2340,台亞,21,0,21,群益金鼎-敦南,2023-09-15,9101
2303,聯電,21,1,20,群益金鼎-敦南,2023-09-15,9101
5225,東科-KY,20,2,18,群益金鼎-敦南,2023-09-15,9101
00772B,中信高評級公司債,16,0,16,群益金鼎-敦南,2023-09-15,9101
00931B,統一美債20年,17,1,16,群益金鼎-敦南,2023-09-15,9101
00673R,期元大S＆P原油反1,16,0,16,群益金鼎-敦南,2023-09-15,9101
2886,兆豐金,17,1,16,群益金鼎-敦南,2023-09-15,9101
1802,台玻,18,3,15,群益金鼎-敦南,2023-09-15,9101
00679B,元大美債20年,16,1,15,群益金鼎-敦南,2023-09-15,9101
2402,毅嘉,17,2,15,群益金鼎-敦南,2023-09-15,9101
3025,星通,15,0,15,群益金鼎-敦南,2023-09-15,9101
3260,威剛,20,7,13,群益金鼎-敦南,2023-09-15,9101
2617,台航,14,1,13,群益金鼎-敦南,2023-09-15,9101
6175,立敦,13,0,13,群益金鼎-敦南,2023-09-15,9101
3035,智原,37,24,13,群益金鼎-敦南,2023-09-15,9101
3363,上詮,67,54,13,群益金鼎-敦南,2023-09-15,9101
2408,南亞科,11,0,11,群益金鼎-敦南,2023-09-15,9101
3231,緯創,48,37,11,群益金鼎-敦南,2023-09-15,9101
00923,群益台ESG低碳50,11,0,11,群益金鼎-敦南,2023-09-15,9101
2618,長榮航,14,4,10,群益金鼎-敦南,2023-09-15,9101
4906,正文,11,1,10,群益金鼎-敦南,2023-09-15,9101
1524,耿鼎,10,0,10,群益金鼎-敦南,2023-09-15,9101
8936,國統,10,0,10,群益金鼎-敦南,2023-09-15,9101
2883,凱基金,10,0,10,群益金鼎-敦南,2023-09-15,9101
3416,融程電,10,0,10,群益金鼎-敦南,2023-09-15,9101
1718,中纖,10,0,10,群益金鼎-敦南,2023-09-15,9101
1471,首利,9,0,9,群益金鼎-敦南,2023-09-15,9101
2486,一詮,83,74,9,群益金鼎-敦南,2023-09-15,9101
2379,瑞昱,8,0,8,群益金鼎-敦南,2023-09-15,9101
3711,日月光投控,13,5,8,群益金鼎-敦南,2023-09-15,9101
3231,緯創,561,37,524,群益金鼎-敦南,2023-09-18,9101
00929,復華台灣科技優息,353,3,350,群益金鼎-敦南,2023-09-18,9101
00671R,富邦NASDAQ反1,150,0,150,群益金鼎-敦南,2023-09-18,9101
2303,聯電,49,0,49,群益金鼎-敦南,2023-09-18,9101
00679B,元大美債20年,42,2,40,群益金鼎-敦南,2023-09-18,9101
2363,矽統,232,198,34,群益金鼎-敦南,2023-09-18,9101
1108,幸福,30,0,30,群益金鼎-敦南,2023-09-18,9101
2897,王道銀行,30,0,30,群益金鼎-敦南,2023-09-18,9101
00885,富邦越南,26,0,26,群益金鼎-敦南,2023-09-18,9101
00878,國泰永續高股息,26,1,25,群益金鼎-敦南,2023-09-18,9101
2886,兆豐金,23,0,23,群益金鼎-敦南,2023-09-18,9101
00751B,元大AAA至A公司債,20,0,20,群益金鼎-敦南,2023-09-18,9101
1339,昭輝,60,40,20,群益金鼎-敦南,2023-09-18,9101
00652,富邦印度,20,0,20,群益金鼎-敦南,2023-09-18,9101
2834,臺企銀,20,1,19,群益金鼎-敦南,2023-09-18,9101
00687B,國泰20年美債,17,0,17,群益金鼎-敦南,2023-09-18,9101
2330,台積電,16,1,15,群益金鼎-敦南,2023-09-18,9101
3163,波若威,31,16,15,群益金鼎-敦南,2023-09-18,9101
3419,譁裕,15,0,15,群益金鼎-敦南,2023-09-18,9101
2609,陽明,24,10,14,群益金鼎-敦南,2023-09-18,9101
00931B,統一美債20年,15,1,14,群益金鼎-敦南,2023-09-18,9101
2405,輔信,13,0,13,群益金鼎-敦南,2023-09-18,9101
2462,良得電,26,13,13,群益金鼎-敦南,2023-09-18,9101
00772B,中信高評級公司債,12,0,12,群益金鼎-敦南,2023-09-18,9101
00688L,國泰20年美債正2,14,2,12,群益金鼎-敦南,2023-09-18,9101
2449,京元電子,14,2,12,群益金鼎-敦南,2023-09-18,9101
2617,台航,12,0,12,群益金鼎-敦南,2023-09-18,9101
3037,欣興,11,0,11,群益金鼎-敦南,2023-09-18,9101
3324,雙鴻,23,12,11,群益金鼎-敦南,2023-09-18,9101
6806,森崴能源,11,0,11,群益金鼎-敦南,2023-09-18,9101
2002,中鋼,11,0,11,群益金鼎-敦南,2023-09-18,9101
2329,華泰,13,2,11,群益金鼎-敦南,2023-09-18,9101
8054,安國,17,7,10,群益金鼎-敦南,2023-09-18,9101
6432,今展科,10,0,10,群益金鼎-敦南,2023-09-18,9101
5511,德昌,10,0,10,群益金鼎-敦南,2023-09-18,9101
3416,融程電,10,0,10,群益金鼎-敦南,2023-09-18,9101
2206,三陽工業,10,0,10,群益金鼎-敦南,2023-09-18,9101
00918,大華優利高填息30,12,2,10,群益金鼎-敦南,2023-09-18,9101
2353,宏��,10,0,10,群益金鼎-敦南,2023-09-18,9101
3630,新鉅科,10,0,10,群益金鼎-敦南,2023-09-18,9101
1522,堤維西,17,8,9,群益金鼎-敦南,2023-09-18,9101
6192,巨路,9,0,9,群益金鼎-敦南,2023-09-18,9101
2356,英業達,30,22,8,群益金鼎-敦南,2023-09-18,9101
2603,長榮,19,11,8,群益金鼎-敦南,2023-09-18,9101
6585,鼎基,8,1,7,群益金鼎-敦南,2023-09-18,9101
4908,前鼎,51,44,7,群益金鼎-敦南,2023-09-18,9101
00680L,元大美債20正2,7,0,7,群益金鼎-敦南,2023-09-18,9101
2376,技嘉,30,23,7,群益金鼎-敦南,2023-09-18,9101
2457,飛宏,8,2,6,群益金鼎-敦南,2023-09-18,9101
2612,中航,6,0,6,群益金鼎-敦南,2023-09-18,9101
00713,元大台灣高息低波,300,0,300,群益金鼎-敦南,2023-09-19,9101
00900,富邦特選高股息30,100,0,100,群益金鼎-敦南,2023-09-19,9101
00919,群益台灣精選高息,71,1,70,群益金鼎-敦南,2023-09-19,9101
1809,中釉,52,0,52,群益金鼎-敦南,2023-09-19,9101
2618,長榮航,53,8,45,群益金鼎-敦南,2023-09-19,9101
2344,華邦電,44,4,40,群益金鼎-敦南,2023-09-19,9101
1609,大亞,40,0,40,群益金鼎-敦南,2023-09-19,9101
00692,富邦公司治理,50,12,38,群益金鼎-敦南,2023-09-19,9101
00929,復華台灣科技優息,42,5,37,群益金鼎-敦南,2023-09-19,9101
2610,華航,30,0,30,群益金鼎-敦南,2023-09-19,9101
00878,國泰永續高股息,32,6,26,群益金鼎-敦南,2023-09-19,9101
2369,菱生,25,0,25,群益金鼎-敦南,2023-09-19,9101
5225,東科-KY,27,4,23,群益金鼎-敦南,2023-09-19,9101
2641,正德,20,0,20,群益金鼎-敦南,2023-09-19,9101
00636,國泰中國A50,19,0,19,群益金鼎-敦南,2023-09-19,9101
2330,台積電,16,0,16,群益金鼎-敦南,2023-09-19,9101
3483,力致,15,0,15,群益金鼎-敦南,2023-09-19,9101
4164,承業醫,15,0,15,群益金鼎-敦南,2023-09-19,9101
6689,伊雲谷,15,0,15,群益金鼎-敦南,2023-09-19,9101
2498,宏達電,16,1,15,群益金鼎-敦南,2023-09-19,9101
2353,宏��,14,0,14,群益金鼎-敦南,2023-09-19,9101
2206,三陽工業,16,2,14,群益金鼎-敦南,2023-09-19,9101
2010,春源,13,0,13,群益金鼎-敦南,2023-09-19,9101
3693,營邦,14,2,12,群益金鼎-敦南,2023-09-19,9101
6150,撼訊,15,4,11,群益金鼎-敦南,2023-09-19,9101
8210,勤誠,12,1,11,群益金鼎-敦南,2023-09-19,9101
3617,碩天,17,6,11,群益金鼎-敦南,2023-09-19,9101
6672,騰輝電子-KY,10,0,10,群益金鼎-敦南,2023-09-19,9101
4402,郡都開發,10,0,10,群益金鼎-敦南,2023-09-19,9101
00752,中信中國50,10,0,10,群益金鼎-敦南,2023-09-19,9101
3163,波若威,46,37,9,群益金鼎-敦南,2023-09-19,9101
1802,台玻,14,5,9,群益金鼎-敦南,2023-09-19,9101
3545,敦泰,19,10,9,群益金鼎-敦南,2023-09-19,9101
2889,國票金,10,1,9,群益金鼎-敦南,2023-09-19,9101
00921,兆豐龍頭等權重,8,0,8,群益金鼎-敦南,2023-09-19,9101
2617,台航,7,0,7,群益金鼎-敦南,2023-09-19,9101
1524,耿鼎,9,2,7,群益金鼎-敦南,2023-09-19,9101
6125,廣運,7,0,7,群益金鼎-敦南,2023-09-19,9101
00932,兆豐永續高息等權,9,2,7,群益金鼎-敦南,2023-09-19,9101
1319,東陽,21,15,6,群益金鼎-敦南,2023-09-19,9101
2317,鴻海,10,4,6,群益金鼎-敦南,2023-09-19,9101
3217,優群,5,0,5,群益金鼎-敦南,2023-09-19,9101
3162,精確,5,0,5,群益金鼎-敦南,2023-09-19,9101
9958,世紀鋼,7,2,5,群益金鼎-敦南,2023-09-19,9101
00679B,元大美債20年,5,0,5,群益金鼎-敦南,2023-09-19,9101
5347,世界,5,0,5,群益金鼎-敦南,2023-09-19,9101
00853B,統一美債10年Aa-,5,0,5,群益金鼎-敦南,2023-09-19,9101
00751B,元大AAA至A公司債,5,0,5,群益金鼎-敦南,2023-09-19,9101
3038,全台,5,0,5,群益金鼎-敦南,2023-09-19,9101
1907,永豐餘,5,0,5,群益金鼎-敦南,2023-09-19,9101
0056,元大高股息,222,1,221,群益金鼎-敦南,2023-09-20,9101
00713,元大台灣高息低波,108,1,107,群益金鼎-敦南,2023-09-20,9101
00929,復華台灣科技優息,83,6,77,群益金鼎-敦南,2023-09-20,9101
2388,威盛,80,20,60,群益金鼎-敦南,2023-09-20,9101
2612,中航,50,0,50,群益金鼎-敦南,2023-09-20,9101
2354,鴻準,59,12,47,群益金鼎-敦南,2023-09-20,9101
8112,至上,46,9,37,群益金鼎-敦南,2023-09-20,9101
00919,群益台灣精選高息,40,4,36,群益金鼎-敦南,2023-09-20,9101
5608,四維航,41,6,35,群益金鼎-敦南,2023-09-20,9101
2412,中華電,33,0,33,群益金鼎-敦南,2023-09-20,9101
2303,聯電,32,0,32,群益金鼎-敦南,2023-09-20,9101
6531,愛普*,58,26,32,群益金鼎-敦南,2023-09-20,9101
00921,兆豐龍頭等權重,26,0,26,群益金鼎-敦南,2023-09-20,9101
00753L,中信中國50正2,26,0,26,群益金鼎-敦南,2023-09-20,9101
1339,昭輝,50,27,23,群益金鼎-敦南,2023-09-20,9101
2399,映泰,23,0,23,群益金鼎-敦南,2023-09-20,9101
2101,南港,20,0,20,群益金鼎-敦南,2023-09-20,9101
2329,華泰,24,5,19,群益金鼎-敦南,2023-09-20,9101
2834,臺企銀,20,1,19,群益金鼎-敦南,2023-09-20,9101
2605,新興,52,34,18,群益金鼎-敦南,2023-09-20,9101
2618,長榮航,22,5,17,群益金鼎-敦南,2023-09-20,9101
3024,憶聲,22,6,16,群益金鼎-敦南,2023-09-20,9101
1809,中釉,16,0,16,群益金鼎-敦南,2023-09-20,9101
1101,台泥,16,0,16,群益金鼎-敦南,2023-09-20,9101
1605,華新,17,2,15,群益金鼎-敦南,2023-09-20,9101
8088,品安,29,16,13,群益金鼎-敦南,2023-09-20,9101
6285,啟��,15,2,13,群益金鼎-敦南,2023-09-20,9101
2408,南亞科,12,0,12,群益金鼎-敦南,2023-09-20,9101
3715,定穎投控,63,51,12,群益金鼎-敦南,2023-09-20,9101
8358,金居,12,0,12,群益金鼎-敦南,2023-09-20,9101
2641,正德,12,0,12,群益金鼎-敦南,2023-09-20,9101
2634,漢翔,13,1,12,群益金鼎-敦南,2023-09-20,9101
1568,倉佑,12,0,12,群益金鼎-敦南,2023-09-20,9101
2889,國票金,11,0,11,群益金鼎-敦南,2023-09-20,9101
4402,郡都開發,11,0,11,群益金鼎-敦南,2023-09-20,9101
3217,優群,10,0,10,群益金鼎-敦南,2023-09-20,9101
912000,晨訊科-DR,10,0,10,群益金鼎-敦南,2023-09-20,9101
1760,寶齡富錦,10,0,10,群益金鼎-敦南,2023-09-20,9101
6684,安格,11,1,10,群益金鼎-敦南,2023-09-20,9101
00665L,富邦�琤肭磪囓�2,10,0,10,群益金鼎-敦南,2023-09-20,9101
00922,國泰台灣領袖50,10,0,10,群益金鼎-敦南,2023-09-20,9101
5225,東科-KY,10,1,9,群益金鼎-敦南,2023-09-20,9101
2417,圓剛,39,30,9,群益金鼎-敦南,2023-09-20,9101
00878,國泰永續高股息,12,3,9,群益金鼎-敦南,2023-09-20,9101
2313,華通,100,92,8,群益金鼎-敦南,2023-09-20,9101
2208,台船,8,0,8,群益金鼎-敦南,2023-09-20,9101
2330,台積電,8,1,7,群益金鼎-敦南,2023-09-20,9101
00932,兆豐永續高息等權,9,2,7,群益金鼎-敦南,2023-09-20,9101
3264,欣銓,14,7,7,群益金鼎-敦南,2023-09-20,9101
2449,京元電子,11,4,7,群益金鼎-敦南,2023-09-20,9101
00713,元大台灣高息低波,201,1,200,群益金鼎-敦南,2023-09-21,9101
00900,富邦特選高股息30,85,1,84,群益金鼎-敦南,2023-09-21,9101
00893,國泰智能電動車,80,0,80,群益金鼎-敦南,2023-09-21,9101
00919,群益台灣精選高息,80,5,75,群益金鼎-敦南,2023-09-21,9101
2610,華航,79,5,74,群益金鼎-敦南,2023-09-21,9101
00929,復華台灣科技優息,87,13,74,群益金鼎-敦南,2023-09-21,9101
00878,國泰永續高股息,46,6,40,群益金鼎-敦南,2023-09-21,9101
4763,材料-KY,39,0,39,群益金鼎-敦南,2023-09-21,9101
00932,兆豐永續高息等權,39,0,39,群益金鼎-敦南,2023-09-21,9101
2367,燿華,48,13,35,群益金鼎-敦南,2023-09-21,9101
3702,大聯大,32,0,32,群益金鼎-敦南,2023-09-21,9101
0056,元大高股息,27,0,27,群益金鼎-敦南,2023-09-21,9101
2201,裕隆,42,15,27,群益金鼎-敦南,2023-09-21,9101
00665L,富邦�琤肭磪囓�2,25,0,25,群益金鼎-敦南,2023-09-21,9101
2634,漢翔,24,0,24,群益金鼎-敦南,2023-09-21,9101
2206,三陽工業,24,1,23,群益金鼎-敦南,2023-09-21,9101
00638R,元大滬深300反1,25,4,21,群益金鼎-敦南,2023-09-21,9101
2834,臺企銀,20,0,20,群益金鼎-敦南,2023-09-21,9101
2303,聯電,25,6,19,群益金鼎-敦南,2023-09-21,9101
2615,萬海,20,2,18,群益金鼎-敦南,2023-09-21,9101
2330,台積電,19,2,17,群益金鼎-敦南,2023-09-21,9101
1101,台泥,17,1,16,群益金鼎-敦南,2023-09-21,9101
1442,名軒,16,0,16,群益金鼎-敦南,2023-09-21,9101
2301,光寶科,17,1,16,群益金鼎-敦南,2023-09-21,9101
00679B,元大美債20年,15,0,15,群益金鼎-敦南,2023-09-21,9101
00931B,統一美債20年,14,0,14,群益金鼎-敦南,2023-09-21,9101
0050,元大台灣50,14,0,14,群益金鼎-敦南,2023-09-21,9101
00922,國泰台灣領袖50,12,0,12,群益金鼎-敦南,2023-09-21,9101
1321,大洋,11,0,11,群益金鼎-敦南,2023-09-21,9101
2353,宏��,17,6,11,群益金鼎-敦南,2023-09-21,9101
5880,合庫金,12,1,11,群益金鼎-敦南,2023-09-21,9101
2618,長榮航,24,14,10,群益金鼎-敦南,2023-09-21,9101
3024,憶聲,10,0,10,群益金鼎-敦南,2023-09-21,9101
1444,力麗,10,0,10,群益金鼎-敦南,2023-09-21,9101
3518,柏騰,10,0,10,群益金鼎-敦南,2023-09-21,9101
3037,欣興,20,11,9,群益金鼎-敦南,2023-09-21,9101
2376,技嘉,52,43,9,群益金鼎-敦南,2023-09-21,9101
2014,中鴻,13,4,9,群益金鼎-敦南,2023-09-21,9101
2903,遠百,10,1,9,群益金鼎-敦南,2023-09-21,9101
2891,中信金,8,0,8,群益金鼎-敦南,2023-09-21,9101
1522,堤維西,10,2,8,群益金鼎-敦南,2023-09-21,9101
3217,優群,13,5,8,群益金鼎-敦南,2023-09-21,9101
1513,中興電,7,0,7,群益金鼎-敦南,2023-09-21,9101
2645,長榮航太,7,0,7,群益金鼎-敦南,2023-09-21,9101
2881,富邦金,7,0,7,群益金鼎-敦南,2023-09-21,9101
4526,東台,8,1,7,群益金鼎-敦南,2023-09-21,9101
2426,鼎元,7,0,7,群益金鼎-敦南,2023-09-21,9101
2368,金像電,8,1,7,群益金鼎-敦南,2023-09-21,9101
9904,寶成,7,0,7,群益金鼎-敦南,2023-09-21,9101
1504,東元,8,1,7,群益金鼎-敦南,2023-09-21,9101
4763,材料-KY,71,2,69,群益金鼎-敦南,2023-09-22,9101
00931B,統一美債20年,69,0,69,群益金鼎-敦南,2023-09-22,9101
2324,仁寶,52,0,52,群益金鼎-敦南,2023-09-22,9101
00679B,元大美債20年,49,0,49,群益金鼎-敦南,2023-09-22,9101
00751B,元大AAA至A公司債,33,0,33,群益金鼎-敦南,2023-09-22,9101
2409,友達,41,9,32,群益金鼎-敦南,2023-09-22,9101
00680L,元大美債20正2,31,0,31,群益金鼎-敦南,2023-09-22,9101
2603,長榮,30,0,30,群益金鼎-敦南,2023-09-22,9101
2303,聯電,24,0,24,群益金鼎-敦南,2023-09-22,9101
00772B,中信高評級公司債,23,0,23,群益金鼎-敦南,2023-09-22,9101
2634,漢翔,24,4,20,群益金鼎-敦南,2023-09-22,9101
3037,欣興,22,3,19,群益金鼎-敦南,2023-09-22,9101
00919,群益台灣精選高息,26,7,19,群益金鼎-敦南,2023-09-22,9101
00773B,中信優先金融債,17,0,17,群益金鼎-敦南,2023-09-22,9101
00687B,國泰20年美債,16,0,16,群益金鼎-敦南,2023-09-22,9101
2330,台積電,16,1,15,群益金鼎-敦南,2023-09-22,9101
3483,力致,20,5,15,群益金鼎-敦南,2023-09-22,9101
1101,台泥,14,0,14,群益金鼎-敦南,2023-09-22,9101
2317,鴻海,13,0,13,群益金鼎-敦南,2023-09-22,9101
00670L,富邦NASDAQ正2,13,0,13,群益金鼎-敦南,2023-09-22,9101
00640L,富邦日本正2,13,0,13,群益金鼎-敦南,2023-09-22,9101
00878,國泰永續高股息,15,3,12,群益金鼎-敦南,2023-09-22,9101
00720B,元大投資級公司債,11,0,11,群益金鼎-敦南,2023-09-22,9101
9958,世紀鋼,12,1,11,群益金鼎-敦南,2023-09-22,9101
2206,三陽工業,11,1,10,群益金鼎-敦南,2023-09-22,9101
4726,永昕,10,0,10,群益金鼎-敦南,2023-09-22,9101
3045,台灣大,10,0,10,群益金鼎-敦南,2023-09-22,9101
2331,精英,10,0,10,群益金鼎-敦南,2023-09-22,9101
6153,嘉聯益,10,0,10,群益金鼎-敦南,2023-09-22,9101
3689,湧德,10,0,10,群益金鼎-敦南,2023-09-22,9101
00688L,國泰20年美債正2,10,0,10,群益金鼎-敦南,2023-09-22,9101
00673R,期元大S＆P原油反1,10,0,10,群益金鼎-敦南,2023-09-22,9101
2201,裕隆,19,9,10,群益金鼎-敦南,2023-09-22,9101
1612,宏泰,9,0,9,群益金鼎-敦南,2023-09-22,9101
3276,宇環,11,2,9,群益金鼎-敦南,2023-09-22,9101
2329,華泰,14,5,9,群益金鼎-敦南,2023-09-22,9101
2458,義隆,12,3,9,群益金鼎-敦南,2023-09-22,9101
6901,鑽石投資,8,0,8,群益金鼎-敦南,2023-09-22,9101
2105,正新,10,2,8,群益金鼎-敦南,2023-09-22,9101
2449,京元電子,20,13,7,群益金鼎-敦南,2023-09-22,9101
3163,波若威,46,39,7,群益金鼎-敦南,2023-09-22,9101
0056,元大高股息,10,3,7,群益金鼎-敦南,2023-09-22,9101
2645,長榮航太,7,0,7,群益金鼎-敦南,2023-09-22,9101
2421,建準,9,2,7,群益金鼎-敦南,2023-09-22,9101
2884,玉山金,6,0,6,群益金鼎-敦南,2023-09-22,9101
2888,新光金,6,0,6,群益金鼎-敦南,2023-09-22,9101
3231,緯創,22,16,6,群益金鼎-敦南,2023-09-22,9101
00857B,永豐20年美公債,6,0,6,群益金鼎-敦南,2023-09-22,9101
2376,技嘉,43,37,6,群益金鼎-敦南,2023-09-22,9101
6005,群益證,6,0,6,群益金鼎-敦南,2023-09-22,9101
2880,華南金,100,0,100,群益金鼎-敦南,2023-09-25,9101
2324,仁寶,100,0,100,群益金鼎-敦南,2023-09-25,9101
00919,群益台灣精選高息,68,0,68,群益金鼎-敦南,2023-09-25,9101
00632R,元大台灣50反1,60,0,60,群益金鼎-敦南,2023-09-25,9101
2618,長榮航,64,8,56,群益金鼎-敦南,2023-09-25,9101
1584,精剛,196,153,43,群益金鼎-敦南,2023-09-25,9101
2388,威盛,53,12,41,群益金鼎-敦南,2023-09-25,9101
00929,復華台灣科技優息,33,0,33,群益金鼎-敦南,2023-09-25,9101
00645,富邦日本,30,0,30,群益金鼎-敦南,2023-09-25,9101
00878,國泰永續高股息,30,2,28,群益金鼎-敦南,2023-09-25,9101
2392,正崴,28,3,25,群益金鼎-敦南,2023-09-25,9101
00679B,元大美債20年,24,0,24,群益金鼎-敦南,2023-09-25,9101
2891,中信金,22,0,22,群益金鼎-敦南,2023-09-25,9101
00680L,元大美債20正2,21,0,21,群益金鼎-敦南,2023-09-25,9101
5457,宣德,20,1,19,群益金鼎-敦南,2023-09-25,9101
8933,愛地雅,18,0,18,群益金鼎-敦南,2023-09-25,9101
1101,台泥,17,0,17,群益金鼎-敦南,2023-09-25,9101
3665,貿聯-KY,17,0,17,群益金鼎-敦南,2023-09-25,9101
2838A,聯邦銀甲特,20,5,15,群益金鼎-敦南,2023-09-25,9101
4113,聯上,15,0,15,群益金鼎-敦南,2023-09-25,9101
2472,立隆電,14,0,14,群益金鼎-敦南,2023-09-25,9101
2363,矽統,84,71,13,群益金鼎-敦南,2023-09-25,9101
3322,建舜電,64,52,12,群益金鼎-敦南,2023-09-25,9101
3438,類比科,13,2,11,群益金鼎-敦南,2023-09-25,9101
00712,復華富時不動產,11,0,11,群益金鼎-敦南,2023-09-25,9101
3260,威剛,12,1,11,群益金鼎-敦南,2023-09-25,9101
6418,詠昇,18,8,10,群益金鼎-敦南,2023-09-25,9101
2409,友達,11,1,10,群益金鼎-敦南,2023-09-25,9101
6684,安格,10,0,10,群益金鼎-敦南,2023-09-25,9101
1783,和康生,10,0,10,群益金鼎-敦南,2023-09-25,9101
00918,大華優利高填息30,10,0,10,群益金鼎-敦南,2023-09-25,9101
2313,華通,13,4,9,群益金鼎-敦南,2023-09-25,9101
6546,正基,9,0,9,群益金鼎-敦南,2023-09-25,9101
2888,新光金,9,0,9,群益金鼎-敦南,2023-09-25,9101
00931B,統一美債20年,9,1,8,群益金鼎-敦南,2023-09-25,9101
00751B,元大AAA至A公司債,7,0,7,群益金鼎-敦南,2023-09-25,9101
3037,欣興,10,3,7,群益金鼎-敦南,2023-09-25,9101
6472,保瑞,7,0,7,群益金鼎-敦南,2023-09-25,9101
6279,胡連,7,0,7,群益金鼎-敦南,2023-09-25,9101
00857B,永豐20年美公債,7,0,7,群益金鼎-敦南,2023-09-25,9101
1568,倉佑,9,2,7,群益金鼎-敦南,2023-09-25,9101
6432,今展科,7,0,7,群益金鼎-敦南,2023-09-25,9101
9958,世紀鋼,9,2,7,群益金鼎-敦南,2023-09-25,9101
2317,鴻海,5,0,5,群益金鼎-敦南,2023-09-25,9101
00902,中信電池及儲能,5,0,5,群益金鼎-敦南,2023-09-25,9101
5258,虹堡,8,3,5,群益金鼎-敦南,2023-09-25,9101
3521,鴻翊,5,0,5,群益金鼎-敦南,2023-09-25,9101
4566,時碩工業,5,0,5,群益金鼎-敦南,2023-09-25,9101
6672,騰輝電子-KY,5,0,5,群益金鼎-敦南,2023-09-25,9101
00706L,期元大S＆P日圓正2,5,0,5,群益金鼎-敦南,2023-09-25,9101
2880,華南金,113,0,113,群益金鼎-敦南,2023-09-26,9101
3481,群創,106,2,104,群益金鼎-敦南,2023-09-26,9101
00772B,中信高評級公司債,76,0,76,群益金鼎-敦南,2023-09-26,9101
00929,復華台灣科技優息,63,1,62,群益金鼎-敦南,2023-09-26,9101
2303,聯電,55,1,54,群益金鼎-敦南,2023-09-26,9101
00931B,統一美債20年,53,4,49,群益金鼎-敦南,2023-09-26,9101
1815,富喬,102,58,44,群益金鼎-敦南,2023-09-26,9101
00900,富邦特選高股息30,63,20,43,群益金鼎-敦南,2023-09-26,9101
00679B,元大美債20年,35,0,35,群益金鼎-敦南,2023-09-26,9101
2382,廣達,47,15,32,群益金鼎-敦南,2023-09-26,9101
2634,漢翔,28,5,23,群益金鼎-敦南,2023-09-26,9101
00905,FT臺灣Smart,22,0,22,群益金鼎-敦南,2023-09-26,9101
00919,群益台灣精選高息,21,0,21,群益金鼎-敦南,2023-09-26,9101
00751B,元大AAA至A公司債,19,0,19,群益金鼎-敦南,2023-09-26,9101
8933,愛地雅,19,0,19,群益金鼎-敦南,2023-09-26,9101
2889,國票金,17,0,17,群益金鼎-敦南,2023-09-26,9101
00878,國泰永續高股息,17,1,16,群益金鼎-敦南,2023-09-26,9101
00712,復華富時不動產,15,0,15,群益金鼎-敦南,2023-09-26,9101
1504,東元,32,17,15,群益金鼎-敦南,2023-09-26,9101
1584,精剛,114,101,13,群益金鼎-敦南,2023-09-26,9101
00687B,國泰20年美債,11,0,11,群益金鼎-敦南,2023-09-26,9101
2206,三陽工業,12,1,11,群益金鼎-敦南,2023-09-26,9101
8936,國統,11,0,11,群益金鼎-敦南,2023-09-26,9101
2027,大成鋼,11,1,10,群益金鼎-敦南,2023-09-26,9101
2816,旺旺保,10,0,10,群益金鼎-敦南,2023-09-26,9101
00927,群益半導體收益,10,0,10,群益金鼎-敦南,2023-09-26,9101
2388,威盛,22,12,10,群益金鼎-敦南,2023-09-26,9101
00665L,富邦�琤肭磪囓�2,10,0,10,群益金鼎-敦南,2023-09-26,9101
2886,兆豐金,10,0,10,群益金鼎-敦南,2023-09-26,9101
1514,亞力,9,0,9,群益金鼎-敦南,2023-09-26,9101
6546,正基,9,0,9,群益金鼎-敦南,2023-09-26,9101
5439,高技,10,1,9,群益金鼎-敦南,2023-09-26,9101
2888,新光金,9,0,9,群益金鼎-敦南,2023-09-26,9101
3035,智原,41,32,9,群益金鼎-敦南,2023-09-26,9101
2330,台積電,9,0,9,群益金鼎-敦南,2023-09-26,9101
2881,富邦金,7,0,7,群益金鼎-敦南,2023-09-26,9101
00764B,群益25年美債,7,0,7,群益金鼎-敦南,2023-09-26,9101
00921,兆豐龍頭等權重,7,0,7,群益金鼎-敦南,2023-09-26,9101
3287,廣寰科,8,1,7,群益金鼎-敦南,2023-09-26,9101
6275,元山,6,0,6,群益金鼎-敦南,2023-09-26,9101
8112,至上,9,3,6,群益金鼎-敦南,2023-09-26,9101
7402,邑錡,6,0,6,群益金鼎-敦南,2023-09-26,9101
4566,時碩工業,38,32,6,群益金鼎-敦南,2023-09-26,9101
00773B,中信優先金融債,6,0,6,群益金鼎-敦南,2023-09-26,9101
9945,潤泰新,5,0,5,群益金鼎-敦南,2023-09-26,9101
2891,中信金,5,0,5,群益金鼎-敦南,2023-09-26,9101
00885,富邦越南,5,0,5,群益金鼎-敦南,2023-09-26,9101
0056,元大高股息,5,0,5,群益金鼎-敦南,2023-09-26,9101
00932,兆豐永續高息等權,6,1,5,群益金鼎-敦南,2023-09-26,9101
2101,南港,5,0,5,群益金鼎-敦南,2023-09-26,9101
2301,光寶科,402,20,382,群益金鼎-敦南,2023-09-27,9101
3217,優群,100,0,100,群益金鼎-敦南,2023-09-27,9101
1560,中砂,118,21,97,群益金鼎-敦南,2023-09-27,9101
2388,威盛,113,24,89,群益金鼎-敦南,2023-09-27,9101
00929,復華台灣科技優息,55,1,54,群益金鼎-敦南,2023-09-27,9101
00900,富邦特選高股息30,50,3,47,群益金鼎-敦南,2023-09-27,9101
6190,萬泰科,42,0,42,群益金鼎-敦南,2023-09-27,9101
1609,大亞,56,17,39,群益金鼎-敦南,2023-09-27,9101
4763,材料-KY,40,2,38,群益金鼎-敦南,2023-09-27,9101
0050,元大台灣50,34,0,34,群益金鼎-敦南,2023-09-27,9101
3042,晶技,40,7,33,群益金鼎-敦南,2023-09-27,9101
00648R,元大S＆P500反1,30,0,30,群益金鼎-敦南,2023-09-27,9101
6197,佳必琪,31,1,30,群益金鼎-敦南,2023-09-27,9101
2303,聯電,28,0,28,群益金鼎-敦南,2023-09-27,9101
00673R,期元大S＆P原油反1,25,0,25,群益金鼎-敦南,2023-09-27,9101
2442,新美齊,25,0,25,群益金鼎-敦南,2023-09-27,9101
2634,漢翔,21,0,21,群益金鼎-敦南,2023-09-27,9101
2610,華航,20,1,19,群益金鼎-敦南,2023-09-27,9101
3037,欣興,20,2,18,群益金鼎-敦南,2023-09-27,9101
00932,兆豐永續高息等權,17,0,17,群益金鼎-敦南,2023-09-27,9101
2605,新興,61,46,15,群益金鼎-敦南,2023-09-27,9101
2412,中華電,15,0,15,群益金鼎-敦南,2023-09-27,9101
1612,宏泰,56,42,14,群益金鼎-敦南,2023-09-27,9101
1314,中石化,14,0,14,群益金鼎-敦南,2023-09-27,9101
2498,宏達電,15,1,14,群益金鼎-敦南,2023-09-27,9101
1737,臺鹽,12,0,12,群益金鼎-敦南,2023-09-27,9101
00878,國泰永續高股息,11,0,11,群益金鼎-敦南,2023-09-27,9101
2377,微星,11,0,11,群益金鼎-敦南,2023-09-27,9101
00712,復華富時不動產,10,0,10,群益金鼎-敦南,2023-09-27,9101
8933,愛地雅,10,0,10,群益金鼎-敦南,2023-09-27,9101
2201,裕隆,33,24,9,群益金鼎-敦南,2023-09-27,9101
8210,勤誠,15,6,9,群益金鼎-敦南,2023-09-27,9101
2485,兆赫,11,2,9,群益金鼎-敦南,2023-09-27,9101
00919,群益台灣精選高息,10,1,9,群益金鼎-敦南,2023-09-27,9101
00927,群益半導體收益,11,3,8,群益金鼎-敦南,2023-09-27,9101
2618,長榮航,11,3,8,群益金鼎-敦南,2023-09-27,9101
9958,世紀鋼,8,0,8,群益金鼎-敦南,2023-09-27,9101
1321,大洋,11,4,7,群益金鼎-敦南,2023-09-27,9101
2313,華通,11,4,7,群益金鼎-敦南,2023-09-27,9101
2329,華泰,10,3,7,群益金鼎-敦南,2023-09-27,9101
00679B,元大美債20年,7,0,7,群益金鼎-敦南,2023-09-27,9101
4967,十銓,7,0,7,群益金鼎-敦南,2023-09-27,9101
2449,京元電子,7,0,7,群益金鼎-敦南,2023-09-27,9101
8936,國統,7,0,7,群益金鼎-敦南,2023-09-27,9101
2801,彰銀,6,0,6,群益金鼎-敦南,2023-09-27,9101
00772B,中信高評級公司債,6,0,6,群益金鼎-敦南,2023-09-27,9101
1605,華新,6,0,6,群益金鼎-敦南,2023-09-27,9101
2838A,聯邦銀甲特,6,0,6,群益金鼎-敦南,2023-09-27,9101
8081,致新,6,0,6,群益金鼎-敦南,2023-09-27,9101
4906,正文,6,0,6,群益金鼎-敦南,2023-09-27,9101
2610,華航,63,6,57,群益金鼎-敦南,2023-09-28,9101
3231,緯創,80,35,45,群益金鼎-敦南,2023-09-28,9101
2363,矽統,53,22,31,群益金鼎-敦南,2023-09-28,9101
2409,友達,31,0,31,群益金鼎-敦南,2023-09-28,9101
00712,復華富時不動產,25,0,25,群益金鼎-敦南,2023-09-28,9101
00679B,元大美債20年,25,1,24,群益金鼎-敦南,2023-09-28,9101
2376,技嘉,48,25,23,群益金鼎-敦南,2023-09-28,9101
00772B,中信高評級公司債,22,0,22,群益金鼎-敦南,2023-09-28,9101
00929,復華台灣科技優息,33,11,22,群益金鼎-敦南,2023-09-28,9101
1471,首利,22,0,22,群益金鼎-敦南,2023-09-28,9101
4763,材料-KY,21,1,20,群益金鼎-敦南,2023-09-28,9101
2324,仁寶,21,1,20,群益金鼎-敦南,2023-09-28,9101
00931B,統一美債20年,40,21,19,群益金鼎-敦南,2023-09-28,9101
2344,華邦電,22,3,19,群益金鼎-敦南,2023-09-28,9101
00902,中信電池及儲能,17,0,17,群益金鼎-敦南,2023-09-28,9101
2337,旺宏,17,0,17,群益金鼎-敦南,2023-09-28,9101
2449,京元電子,32,16,16,群益金鼎-敦南,2023-09-28,9101
00687B,國泰20年美債,16,0,16,群益金鼎-敦南,2023-09-28,9101
5484,慧友,16,0,16,群益金鼎-敦南,2023-09-28,9101
00919,群益台灣精選高息,19,3,16,群益金鼎-敦南,2023-09-28,9101
2353,宏��,13,0,13,群益金鼎-敦南,2023-09-28,9101
1612,宏泰,41,28,13,群益金鼎-敦南,2023-09-28,9101
2618,長榮航,11,0,11,群益金鼎-敦南,2023-09-28,9101
00751B,元大AAA至A公司債,11,0,11,群益金鼎-敦南,2023-09-28,9101
00637L,元大滬深300正2,11,0,11,群益金鼎-敦南,2023-09-28,9101
2408,南亞科,11,0,11,群益金鼎-敦南,2023-09-28,9101
8088,品安,10,0,10,群益金鼎-敦南,2023-09-28,9101
1603,華電,20,10,10,群益金鼎-敦南,2023-09-28,9101
1524,耿鼎,16,6,10,群益金鼎-敦南,2023-09-28,9101
3416,融程電,9,0,9,群益金鼎-敦南,2023-09-28,9101
3105,穩懋,9,0,9,群益金鼎-敦南,2023-09-28,9101
2388,威盛,18,10,8,群益金鼎-敦南,2023-09-28,9101
00720B,元大投資級公司債,9,1,8,群益金鼎-敦南,2023-09-28,9101
2542,興富發,8,0,8,群益金鼎-敦南,2023-09-28,9101
3264,欣銓,10,2,8,群益金鼎-敦南,2023-09-28,9101
2886,兆豐金,12,5,7,群益金鼎-敦南,2023-09-28,9101
00773B,中信優先金融債,7,0,7,群益金鼎-敦南,2023-09-28,9101
2382,廣達,36,29,7,群益金鼎-敦南,2023-09-28,9101
1101,台泥,7,0,7,群益金鼎-敦南,2023-09-28,9101
6418,詠昇,60,54,6,群益金鼎-敦南,2023-09-28,9101
2609,陽明,7,1,6,群益金鼎-敦南,2023-09-28,9101
3322,建舜電,18,12,6,群益金鼎-敦南,2023-09-28,9101
6531,愛普*,14,8,6,群益金鼎-敦南,2023-09-28,9101
0056,元大高股息,7,2,5,群益金鼎-敦南,2023-09-28,9101
2356,英業達,13,8,5,群益金鼎-敦南,2023-09-28,9101
4908,前鼎,49,44,5,群益金鼎-敦南,2023-09-28,9101
4153,鈺緯,5,0,5,群益金鼎-敦南,2023-09-28,9101
6005,群益證,5,0,5,群益金鼎-敦南,2023-09-28,9101
1102,亞泥,5,0,5,群益金鼎-敦南,2023-09-28,9101
3346,麗清,5,0,5,群益金鼎-敦南,2023-09-28,9101
2454,聯發科,103,0,103,群益金鼎-敦南,2023-10-02,9101
1101,台泥,102,0,102,群益金鼎-敦南,2023-10-02,9101
2330,台積電,101,4,97,群益金鼎-敦南,2023-10-02,9101
1215,卜蜂,101,40,61,群益金鼎-敦南,2023-10-02,9101
3483,力致,66,6,60,群益金鼎-敦南,2023-10-02,9101
2377,微星,54,0,54,群益金鼎-敦南,2023-10-02,9101
2882,國泰金,42,0,42,群益金鼎-敦南,2023-10-02,9101
5608,四維航,37,0,37,群益金鼎-敦南,2023-10-02,9101
00687B,國泰20年美債,33,0,33,群益金鼎-敦南,2023-10-02,9101
6120,達運,32,0,32,群益金鼎-敦南,2023-10-02,9101
2363,矽統,82,52,30,群益金鼎-敦南,2023-10-02,9101
2409,友達,29,0,29,群益金鼎-敦南,2023-10-02,9101
2382,廣達,53,26,27,群益金鼎-敦南,2023-10-02,9101
2376,技嘉,42,18,24,群益金鼎-敦南,2023-10-02,9101
2329,華泰,52,29,23,群益金鼎-敦南,2023-10-02,9101
2419,仲琦,22,1,21,群益金鼎-敦南,2023-10-02,9101
00893,國泰智能電動車,20,0,20,群益金鼎-敦南,2023-10-02,9101
3011,今皓,19,0,19,群益金鼎-敦南,2023-10-02,9101
2201,裕隆,23,5,18,群益金鼎-敦南,2023-10-02,9101
9958,世紀鋼,16,0,16,群益金鼎-敦南,2023-10-02,9101
2542,興富發,15,0,15,群益金鼎-敦南,2023-10-02,9101
6108,競國,15,0,15,群益金鼎-敦南,2023-10-02,9101
1605,華新,20,6,14,群益金鼎-敦南,2023-10-02,9101
8936,國統,14,0,14,群益金鼎-敦南,2023-10-02,9101
2368,金像電,24,11,13,群益金鼎-敦南,2023-10-02,9101
5607,遠雄港,11,0,11,群益金鼎-敦南,2023-10-02,9101
3306,鼎天,18,7,11,群益金鼎-敦南,2023-10-02,9101
00902,中信電池及儲能,11,0,11,群益金鼎-敦南,2023-10-02,9101
00772B,中信高評級公司債,10,0,10,群益金鼎-敦南,2023-10-02,9101
2888,新光金,10,0,10,群益金鼎-敦南,2023-10-02,9101
2889,國票金,10,0,10,群益金鼎-敦南,2023-10-02,9101
6901,鑽石投資,10,0,10,群益金鼎-敦南,2023-10-02,9101
2429,銘旺科,10,0,10,群益金鼎-敦南,2023-10-02,9101
00720B,元大投資級公司債,9,0,9,群益金鼎-敦南,2023-10-02,9101
00751B,元大AAA至A公司債,9,0,9,群益金鼎-敦南,2023-10-02,9101
5351,鈺創,10,1,9,群益金鼎-敦南,2023-10-02,9101
00680L,元大美債20正2,9,0,9,群益金鼎-敦南,2023-10-02,9101
2312,金寶,9,0,9,群益金鼎-敦南,2023-10-02,9101
00878,國泰永續高股息,11,2,9,群益金鼎-敦南,2023-10-02,9101
5258,虹堡,12,4,8,群益金鼎-敦南,2023-10-02,9101
2498,宏達電,8,0,8,群益金鼎-敦南,2023-10-02,9101
4102,永日,8,0,8,群益金鼎-敦南,2023-10-02,9101
1409,新纖,8,0,8,群益金鼎-敦南,2023-10-02,9101
2634,漢翔,9,1,8,群益金鼎-敦南,2023-10-02,9101
3325,旭品,38,30,8,群益金鼎-敦南,2023-10-02,9101
1519,華城,7,0,7,群益金鼎-敦南,2023-10-02,9101
2025,千興,7,0,7,群益金鼎-敦南,2023-10-02,9101
6257,矽格,8,1,7,群益金鼎-敦南,2023-10-02,9101
00929,復華台灣科技優息,31,25,6,群益金鼎-敦南,2023-10-02,9101
00679B,元大美債20年,22,16,6,群益金鼎-敦南,2023-10-02,9101
3231,緯創,292,13,279,群益金鼎-敦南,2023-10-03,9101
2382,廣達,210,8,202,群益金鼎-敦南,2023-10-03,9101
3481,群創,117,0,117,群益金鼎-敦南,2023-10-03,9101
2884,玉山金,100,0,100,群益金鼎-敦南,2023-10-03,9101
2888,新光金,88,0,88,群益金鼎-敦南,2023-10-03,9101
00919,群益台灣精選高息,74,0,74,群益金鼎-敦南,2023-10-03,9101
00929,復華台灣科技優息,63,24,39,群益金鼎-敦南,2023-10-03,9101
2543,皇昌,48,11,37,群益金鼎-敦南,2023-10-03,9101
1514,亞力,56,19,37,群益金鼎-敦南,2023-10-03,9101
00640L,富邦日本正2,36,0,36,群益金鼎-敦南,2023-10-03,9101
00687B,國泰20年美債,32,0,32,群益金鼎-敦南,2023-10-03,9101
2388,威盛,50,20,30,群益金鼎-敦南,2023-10-03,9101
00931B,統一美債20年,29,1,28,群益金鼎-敦南,2023-10-03,9101
00720B,元大投資級公司債,27,0,27,群益金鼎-敦南,2023-10-03,9101
9945,潤泰新,23,0,23,群益金鼎-敦南,2023-10-03,9101
4906,正文,22,0,22,群益金鼎-敦南,2023-10-03,9101
2201,裕隆,43,22,21,群益金鼎-敦南,2023-10-03,9101
6197,佳必琪,20,0,20,群益金鼎-敦南,2023-10-03,9101
3450,聯鈞,26,7,19,群益金鼎-敦南,2023-10-03,9101
00670L,富邦NASDAQ正2,18,0,18,群益金鼎-敦南,2023-10-03,9101
2618,長榮航,24,7,17,群益金鼎-敦南,2023-10-03,9101
0056,元大高股息,19,3,16,群益金鼎-敦南,2023-10-03,9101
00772B,中信高評級公司債,15,0,15,群益金鼎-敦南,2023-10-03,9101
6235,華孚,17,3,14,群益金鼎-敦南,2023-10-03,9101
6213,聯茂,34,21,13,群益金鼎-敦南,2023-10-03,9101
00751B,元大AAA至A公司債,15,2,13,群益金鼎-敦南,2023-10-03,9101
8088,品安,68,56,12,群益金鼎-敦南,2023-10-03,9101
3706,神達,19,7,12,群益金鼎-敦南,2023-10-03,9101
2313,華通,15,4,11,群益金鼎-敦南,2023-10-03,9101
3163,波若威,62,51,11,群益金鼎-敦南,2023-10-03,9101
00922,國泰台灣領袖50,11,0,11,群益金鼎-敦南,2023-10-03,9101
00680L,元大美債20正2,11,0,11,群益金鼎-敦南,2023-10-03,9101
1215,卜蜂,10,0,10,群益金鼎-敦南,2023-10-03,9101
3715,定穎投控,77,67,10,群益金鼎-敦南,2023-10-03,9101
6288,聯嘉,24,14,10,群益金鼎-敦南,2023-10-03,9101
2329,華泰,49,39,10,群益金鼎-敦南,2023-10-03,9101
00665L,富邦�琤肭磪囓�2,10,0,10,群益金鼎-敦南,2023-10-03,9101
00882,中信中國高股息,10,0,10,群益金鼎-敦南,2023-10-03,9101
2356,英業達,18,9,9,群益金鼎-敦南,2023-10-03,9101
3276,宇環,53,44,9,群益金鼎-敦南,2023-10-03,9101
5426,振發,23,14,9,群益金鼎-敦南,2023-10-03,9101
3035,智原,18,10,8,群益金鼎-敦南,2023-10-03,9101
2486,一詮,25,17,8,群益金鼎-敦南,2023-10-03,9101
00688L,國泰20年美債正2,8,0,8,群益金鼎-敦南,2023-10-03,9101
8034,榮群,8,0,8,群益金鼎-敦南,2023-10-03,9101
1522,堤維西,13,6,7,群益金鼎-敦南,2023-10-03,9101
00902,中信電池及儲能,7,0,7,群益金鼎-敦南,2023-10-03,9101
2913,農林,10,3,7,群益金鼎-敦南,2023-10-03,9101
6005,群益證,6,0,6,群益金鼎-敦南,2023-10-03,9101
3264,欣銓,6,0,6,群益金鼎-敦南,2023-10-03,9101
3325,旭品,206,72,134,群益金鼎-敦南,2023-10-04,9101
2884,玉山金,104,1,103,群益金鼎-敦南,2023-10-04,9101
2880,華南金,100,3,97,群益金鼎-敦南,2023-10-04,9101
1215,卜蜂,90,0,90,群益金鼎-敦南,2023-10-04,9101
2888,新光金,74,0,74,群益金鼎-敦南,2023-10-04,9101
00679B,元大美債20年,63,0,63,群益金鼎-敦南,2023-10-04,9101
00919,群益台灣精選高息,61,0,61,群益金鼎-敦南,2023-10-04,9101
00931B,統一美債20年,50,2,48,群益金鼎-敦南,2023-10-04,9101
00712,復華富時不動產,42,0,42,群益金鼎-敦南,2023-10-04,9101
9958,世紀鋼,43,2,41,群益金鼎-敦南,2023-10-04,9101
2303,聯電,41,1,40,群益金鼎-敦南,2023-10-04,9101
3042,晶技,40,0,40,群益金鼎-敦南,2023-10-04,9101
00720B,元大投資級公司債,39,0,39,群益金鼎-敦南,2023-10-04,9101
5426,振發,30,0,30,群益金鼎-敦南,2023-10-04,9101
00878,國泰永續高股息,31,2,29,群益金鼎-敦南,2023-10-04,9101
2201,裕隆,40,11,29,群益金鼎-敦南,2023-10-04,9101
00673R,期元大S＆P原油反1,25,0,25,群益金鼎-敦南,2023-10-04,9101
2317,鴻海,25,2,23,群益金鼎-敦南,2023-10-04,9101
00772B,中信高評級公司債,21,0,21,群益金鼎-敦南,2023-10-04,9101
00687B,國泰20年美債,24,3,21,群益金鼎-敦南,2023-10-04,9101
1314,中石化,20,0,20,群益金鼎-敦南,2023-10-04,9101
3230,錦明,19,0,19,群益金鼎-敦南,2023-10-04,9101
2891,中信金,18,0,18,群益金鼎-敦南,2023-10-04,9101
2206,三陽工業,19,2,17,群益金鼎-敦南,2023-10-04,9101
00751B,元大AAA至A公司債,16,0,16,群益金鼎-敦南,2023-10-04,9101
1321,大洋,21,5,16,群益金鼎-敦南,2023-10-04,9101
1305,華夏,15,0,15,群益金鼎-敦南,2023-10-04,9101
2618,長榮航,22,8,14,群益金鼎-敦南,2023-10-04,9101
00929,復華台灣科技優息,36,22,14,群益金鼎-敦南,2023-10-04,9101
2603,長榮,16,2,14,群益金鼎-敦南,2023-10-04,9101
1216,統一,15,1,14,群益金鼎-敦南,2023-10-04,9101
2882,國泰金,15,2,13,群益金鼎-敦南,2023-10-04,9101
0056,元大高股息,15,2,13,群益金鼎-敦南,2023-10-04,9101
1101,台泥,12,0,12,群益金鼎-敦南,2023-10-04,9101
3481,群創,20,8,12,群益金鼎-敦南,2023-10-04,9101
4763,材料-KY,12,1,11,群益金鼎-敦南,2023-10-04,9101
00923,群益台ESG低碳50,11,0,11,群益金鼎-敦南,2023-10-04,9101
2889,國票金,11,0,11,群益金鼎-敦南,2023-10-04,9101
2887,台新金,10,0,10,群益金鼎-敦南,2023-10-04,9101
3231,緯創,28,18,10,群益金鼎-敦南,2023-10-04,9101
00722B,群益投資級電信債,10,0,10,群益金鼎-敦南,2023-10-04,9101
4726,永昕,10,0,10,群益金鼎-敦南,2023-10-04,9101
2101,南港,10,0,10,群益金鼎-敦南,2023-10-04,9101
00719B,元大美債1-3,10,0,10,群益金鼎-敦南,2023-10-04,9101
00927,群益半導體收益,10,0,10,群益金鼎-敦南,2023-10-04,9101
5706,鳳凰,10,0,10,群益金鼎-敦南,2023-10-04,9101
00688L,國泰20年美債正2,10,0,10,群益金鼎-敦南,2023-10-04,9101
00915,凱基優選高股息30,10,0,10,群益金鼎-敦南,2023-10-04,9101
2429,銘旺科,10,0,10,群益金鼎-敦南,2023-10-04,9101
6684,安格,11,1,10,群益金鼎-敦南,2023-10-04,9101
4763,材料-KY,178,13,165,群益金鼎-敦南,2023-10-05,9101
2454,聯發科,139,1,138,群益金鼎-敦南,2023-10-05,9101
2388,威盛,102,7,95,群益金鼎-敦南,2023-10-05,9101
3669,圓展,85,22,63,群益金鼎-敦南,2023-10-05,9101
3704,合勤控,62,4,58,群益金鼎-敦南,2023-10-05,9101
00773B,中信優先金融債,49,0,49,群益金鼎-敦南,2023-10-05,9101
3325,旭品,87,41,46,群益金鼎-敦南,2023-10-05,9101
00632R,元大台灣50反1,30,0,30,群益金鼎-敦南,2023-10-05,9101
2417,圓剛,91,66,25,群益金鼎-敦南,2023-10-05,9101
00680L,元大美債20正2,25,0,25,群益金鼎-敦南,2023-10-05,9101
00637L,元大滬深300正2,23,0,23,群益金鼎-敦南,2023-10-05,9101
2329,華泰,28,5,23,群益金鼎-敦南,2023-10-05,9101
6117,迎廣,21,0,21,群益金鼎-敦南,2023-10-05,9101
2399,映泰,22,2,20,群益金鼎-敦南,2023-10-05,9101
00882,中信中國高股息,16,0,16,群益金鼎-敦南,2023-10-05,9101
2888,新光金,16,0,16,群益金鼎-敦南,2023-10-05,9101
1215,卜蜂,16,0,16,群益金鼎-敦南,2023-10-05,9101
2882,國泰金,15,0,15,群益金鼎-敦南,2023-10-05,9101
3346,麗清,18,3,15,群益金鼎-敦南,2023-10-05,9101
00922,國泰台灣領袖50,15,0,15,群益金鼎-敦南,2023-10-05,9101
2618,長榮航,40,26,14,群益金鼎-敦南,2023-10-05,9101
1603,華電,23,9,14,群益金鼎-敦南,2023-10-05,9101
00900,富邦特選高股息30,16,3,13,群益金鼎-敦南,2023-10-05,9101
00772B,中信高評級公司債,13,0,13,群益金鼎-敦南,2023-10-05,9101
00751B,元大AAA至A公司債,12,0,12,群益金鼎-敦南,2023-10-05,9101
2633,台灣高鐵,11,0,11,群益金鼎-敦南,2023-10-05,9101
3607,谷崧,11,0,11,群益金鼎-敦南,2023-10-05,9101
3042,晶技,11,0,11,群益金鼎-敦南,2023-10-05,9101
2002,中鋼,12,2,10,群益金鼎-敦南,2023-10-05,9101
3231,緯創,35,25,10,群益金鼎-敦南,2023-10-05,9101
3260,威剛,11,1,10,群益金鼎-敦南,2023-10-05,9101
2516,新建,10,0,10,群益金鼎-敦南,2023-10-05,9101
3024,憶聲,10,0,10,群益金鼎-敦南,2023-10-05,9101
2429,銘旺科,10,0,10,群益金鼎-敦南,2023-10-05,9101
2889,國票金,10,0,10,群益金鼎-敦南,2023-10-05,9101
2612,中航,10,0,10,群益金鼎-敦南,2023-10-05,9101
5706,鳳凰,10,0,10,群益金鼎-敦南,2023-10-05,9101
3518,柏騰,10,0,10,群益金鼎-敦南,2023-10-05,9101
00719B,元大美債1-3,10,0,10,群益金鼎-敦南,2023-10-05,9101
1524,耿鼎,21,11,10,群益金鼎-敦南,2023-10-05,9101
4967,十銓,12,3,9,群益金鼎-敦南,2023-10-05,9101
2303,聯電,24,15,9,群益金鼎-敦南,2023-10-05,9101
8936,國統,10,2,8,群益金鼎-敦南,2023-10-05,9101
3038,全台,8,0,8,群益金鼎-敦南,2023-10-05,9101
9928,中視,8,0,8,群益金鼎-敦南,2023-10-05,9101
4979,華星光,17,9,8,群益金鼎-敦南,2023-10-05,9101
3362,先進光,20,12,8,群益金鼎-敦南,2023-10-05,9101
2634,漢翔,7,0,7,群益金鼎-敦南,2023-10-05,9101
1609,大亞,7,0,7,群益金鼎-敦南,2023-10-05,9101
2455,全新,9,2,7,群益金鼎-敦南,2023-10-05,9101
00713,元大台灣高息低波,200,0,200,群益金鼎-敦南,2023-10-06,9101
00929,復華台灣科技優息,67,12,55,群益金鼎-敦南,2023-10-06,9101
00885,富邦越南,55,0,55,群益金鼎-敦南,2023-10-06,9101
2442,新美齊,66,12,54,群益金鼎-敦南,2023-10-06,9101
2382,廣達,77,24,53,群益金鼎-敦南,2023-10-06,9101
00919,群益台灣精選高息,28,0,28,群益金鼎-敦南,2023-10-06,9101
3669,圓展,25,0,25,群益金鼎-敦南,2023-10-06,9101
6026,福邦證,25,0,25,群益金鼎-敦南,2023-10-06,9101
0056,元大高股息,26,2,24,群益金鼎-敦南,2023-10-06,9101
9928,中視,22,0,22,群益金鼎-敦南,2023-10-06,9101
00720B,元大投資級公司債,20,0,20,群益金鼎-敦南,2023-10-06,9101
2427,三商電,46,26,20,群益金鼎-敦南,2023-10-06,9101
1449,佳和,20,0,20,群益金鼎-敦南,2023-10-06,9101
00632R,元大台灣50反1,20,0,20,群益金鼎-敦南,2023-10-06,9101
00864B,中信美國公債0-1,17,0,17,群益金鼎-敦南,2023-10-06,9101
2449,京元電子,16,0,16,群益金鼎-敦南,2023-10-06,9101
00712,復華富時不動產,16,0,16,群益金鼎-敦南,2023-10-06,9101
2206,三陽工業,15,0,15,群益金鼎-敦南,2023-10-06,9101
2888,新光金,15,0,15,群益金鼎-敦南,2023-10-06,9101
2486,一詮,96,82,14,群益金鼎-敦南,2023-10-06,9101
00773B,中信優先金融債,13,0,13,群益金鼎-敦南,2023-10-06,9101
00751B,元大AAA至A公司債,13,0,13,群益金鼎-敦南,2023-10-06,9101
2329,華泰,39,27,12,群益金鼎-敦南,2023-10-06,9101
4953,緯軟,26,14,12,群益金鼎-敦南,2023-10-06,9101
3481,群創,11,0,11,群益金鼎-敦南,2023-10-06,9101
00932,兆豐永續高息等權,11,0,11,群益金鼎-敦南,2023-10-06,9101
00679B,元大美債20年,10,0,10,群益金鼎-敦南,2023-10-06,9101
8054,安國,10,0,10,群益金鼎-敦南,2023-10-06,9101
2882,國泰金,10,0,10,群益金鼎-敦南,2023-10-06,9101
5225,東科-KY,12,3,9,群益金鼎-敦南,2023-10-06,9101
2409,友達,9,0,9,群益金鼎-敦南,2023-10-06,9101
4162,智擎,11,3,8,群益金鼎-敦南,2023-10-06,9101
3324,雙鴻,15,7,8,群益金鼎-敦南,2023-10-06,9101
4543,萬在,16,9,7,群益金鼎-敦南,2023-10-06,9101
00902,中信電池及儲能,7,0,7,群益金鼎-敦南,2023-10-06,9101
2236,百達-KY,9,2,7,群益金鼎-敦南,2023-10-06,9101
5392,能率,7,0,7,群益金鼎-敦南,2023-10-06,9101
8046,南電,6,0,6,群益金鼎-敦南,2023-10-06,9101
2365,昆盈,20,14,6,群益金鼎-敦南,2023-10-06,9101
6451,訊芯-KY,16,10,6,群益金鼎-敦南,2023-10-06,9101
2606,裕民,8,2,6,群益金鼎-敦南,2023-10-06,9101
00722B,群益投資級電信債,6,0,6,群益金鼎-敦南,2023-10-06,9101
2363,矽統,65,59,6,群益金鼎-敦南,2023-10-06,9101
8404,百和興業-KY,6,0,6,群益金鼎-敦南,2023-10-06,9101
2412,中華電,5,0,5,群益金鼎-敦南,2023-10-06,9101
8069,元太,9,4,5,群益金鼎-敦南,2023-10-06,9101
00681R,元大美債20反1,5,0,5,群益金鼎-敦南,2023-10-06,9101
00683L,期元大美元指正2,5,0,5,群益金鼎-敦南,2023-10-06,9101
1603,華電,14,9,5,群益金鼎-敦南,2023-10-06,9101
00674R,期元大S＆P黃金反1,5,0,5,群益金鼎-敦南,2023-10-06,9101
3231,緯創,135,46,89,群益金鼎-敦南,2023-10-11,9101
00631L,元大台灣50正2,36,0,36,群益金鼎-敦南,2023-10-11,9101
2356,英業達,43,11,32,群益金鼎-敦南,2023-10-11,9101
00642U,期元大S＆P石油,35,5,30,群益金鼎-敦南,2023-10-11,9101
2388,威盛,86,58,28,群益金鼎-敦南,2023-10-11,9101
2637,慧洋-KY,33,7,26,群益金鼎-敦南,2023-10-11,9101
2816,旺旺保,25,0,25,群益金鼎-敦南,2023-10-11,9101
2367,燿華,22,0,22,群益金鼎-敦南,2023-10-11,9101
1609,大亞,22,0,22,群益金鼎-敦南,2023-10-11,9101
1618,合機,21,0,21,群益金鼎-敦南,2023-10-11,9101
3325,旭品,47,27,20,群益金鼎-敦南,2023-10-11,9101
2376,技嘉,32,13,19,群益金鼎-敦南,2023-10-11,9101
6117,迎廣,20,2,18,群益金鼎-敦南,2023-10-11,9101
6245,立端,18,0,18,群益金鼎-敦南,2023-10-11,9101
2603,長榮,19,2,17,群益金鼎-敦南,2023-10-11,9101
00670L,富邦NASDAQ正2,17,0,17,群益金鼎-敦南,2023-10-11,9101
00929,復華台灣科技優息,16,1,15,群益金鼎-敦南,2023-10-11,9101
3669,圓展,15,0,15,群益金鼎-敦南,2023-10-11,9101
2609,陽明,30,16,14,群益金鼎-敦南,2023-10-11,9101
3481,群創,16,2,14,群益金鼎-敦南,2023-10-11,9101
6156,松上,22,8,14,群益金鼎-敦南,2023-10-11,9101
3217,優群,13,0,13,群益金鼎-敦南,2023-10-11,9101
3014,聯陽,17,5,12,群益金鼎-敦南,2023-10-11,9101
2610,華航,17,5,12,群益金鼎-敦南,2023-10-11,9101
3234,光環,14,2,12,群益金鼎-敦南,2023-10-11,9101
6197,佳必琪,13,1,12,群益金鼎-敦南,2023-10-11,9101
1514,亞力,13,2,11,群益金鼎-敦南,2023-10-11,9101
6279,胡連,14,3,11,群益金鼎-敦南,2023-10-11,9101
1522,堤維西,12,2,10,群益金鼎-敦南,2023-10-11,9101
3701,大眾控,10,0,10,群益金鼎-敦南,2023-10-11,9101
00719B,元大美債1-3,10,0,10,群益金鼎-敦南,2023-10-11,9101
3207,耀勝,10,0,10,群益金鼎-敦南,2023-10-11,9101
3024,憶聲,10,0,10,群益金鼎-敦南,2023-10-11,9101
4543,萬在,12,2,10,群益金鼎-敦南,2023-10-11,9101
00673R,期元大S＆P原油反1,10,0,10,群益金鼎-敦南,2023-10-11,9101
2630,亞航,21,11,10,群益金鼎-敦南,2023-10-11,9101
3260,威剛,9,0,9,群益金鼎-敦南,2023-10-11,9101
3521,鴻翊,13,4,9,群益金鼎-敦南,2023-10-11,9101
1907,永豐餘,9,0,9,群益金鼎-敦南,2023-10-11,9101
2485,兆赫,8,0,8,群益金鼎-敦南,2023-10-11,9101
00725B,國泰投資級公司債,8,0,8,群益金鼎-敦南,2023-10-11,9101
4162,智擎,8,1,7,群益金鼎-敦南,2023-10-11,9101
6531,愛普*,24,17,7,群益金鼎-敦南,2023-10-11,9101
6122,擎邦,8,1,7,群益金鼎-敦南,2023-10-11,9101
3017,奇鋐,16,9,7,群益金鼎-敦南,2023-10-11,9101
1612,宏泰,6,0,6,群益金鼎-敦南,2023-10-11,9101
2427,三商電,18,12,6,群益金鼎-敦南,2023-10-11,9101
6585,鼎基,6,0,6,群益金鼎-敦南,2023-10-11,9101
00720B,元大投資級公司債,5,0,5,群益金鼎-敦南,2023-10-11,9101
2605,新興,8,3,5,群益金鼎-敦南,2023-10-11,9101
2365,昆盈,61,0,61,群益金鼎-敦南,2023-10-12,9101
2243,宏旭-KY,57,1,56,群益金鼎-敦南,2023-10-12,9101
4167,松瑞藥,50,0,50,群益金鼎-敦南,2023-10-12,9101
2377,微星,52,3,49,群益金鼎-敦南,2023-10-12,9101
3325,旭品,70,24,46,群益金鼎-敦南,2023-10-12,9101
2417,圓剛,30,0,30,群益金鼎-敦南,2023-10-12,9101
2498,宏達電,29,0,29,群益金鼎-敦南,2023-10-12,9101
3481,群創,22,2,20,群益金鼎-敦南,2023-10-12,9101
1603,華電,30,15,15,群益金鼎-敦南,2023-10-12,9101
2329,華泰,25,14,11,群益金鼎-敦南,2023-10-12,9101
3236,千如,13,2,11,群益金鼎-敦南,2023-10-12,9101
1815,富喬,15,4,11,群益金鼎-敦南,2023-10-12,9101
8016,矽創,11,0,11,群益金鼎-敦南,2023-10-12,9101
00712,復華富時不動產,11,1,10,群益金鼎-敦南,2023-10-12,9101
00653L,富邦印度正2,10,0,10,群益金鼎-敦南,2023-10-12,9101
2101,南港,10,0,10,群益金鼎-敦南,2023-10-12,9101
00719B,元大美債1-3,10,0,10,群益金鼎-敦南,2023-10-12,9101
00724B,群益投資級金融債,10,0,10,群益金鼎-敦南,2023-10-12,9101
3014,聯陽,11,2,9,群益金鼎-敦南,2023-10-12,9101
6419,京晨科,9,0,9,群益金鼎-敦南,2023-10-12,9101
2520,冠德,8,0,8,群益金鼎-敦南,2023-10-12,9101
5469,瀚宇博,8,0,8,群益金鼎-敦南,2023-10-12,9101
1101,台泥,8,0,8,群益金鼎-敦南,2023-10-12,9101
6176,瑞儀,7,0,7,群益金鼎-敦南,2023-10-12,9101
3171,炎洲流通,7,0,7,群益金鼎-敦南,2023-10-12,9101
2504,國產,7,0,7,群益金鼎-敦南,2023-10-12,9101
00919,群益台灣精選高息,7,0,7,群益金鼎-敦南,2023-10-12,9101
2882,國泰金,8,1,7,群益金鼎-敦南,2023-10-12,9101
1519,華城,12,6,6,群益金鼎-敦南,2023-10-12,9101
6138,茂達,6,0,6,群益金鼎-敦南,2023-10-12,9101
1319,東陽,23,17,6,群益金鼎-敦南,2023-10-12,9101
00751B,元大AAA至A公司債,5,0,5,群益金鼎-敦南,2023-10-12,9101
2382,廣達,109,104,5,群益金鼎-敦南,2023-10-12,9101
2633,台灣高鐵,5,0,5,群益金鼎-敦南,2023-10-12,9101
00773B,中信優先金融債,5,0,5,群益金鼎-敦南,2023-10-12,9101
2465,麗臺,9,4,5,群益金鼎-敦南,2023-10-12,9101
2838A,聯邦銀甲特,5,0,5,群益金鼎-敦南,2023-10-12,9101
3276,宇環,20,15,5,群益金鼎-敦南,2023-10-12,9101
3011,今皓,5,0,5,群益金鼎-敦南,2023-10-12,9101
6290,良維,11,6,5,群益金鼎-敦南,2023-10-12,9101
2915,潤泰全,5,0,5,群益金鼎-敦南,2023-10-12,9101
6005,群益證,5,0,5,群益金鼎-敦南,2023-10-12,9101
6190,萬泰科,5,0,5,群益金鼎-敦南,2023-10-12,9101
2705,六福,5,0,5,群益金鼎-敦南,2023-10-12,9101
00633L,富邦上証正2,5,0,5,群益金鼎-敦南,2023-10-12,9101
2609,陽明,6,1,5,群益金鼎-敦南,2023-10-12,9101
2347,聯強,5,0,5,群益金鼎-敦南,2023-10-12,9101
2420,新巨,5,0,5,群益金鼎-敦南,2023-10-12,9101
3260,威剛,10,6,4,群益金鼎-敦南,2023-10-12,9101
1612,宏泰,5,1,4,群益金鼎-敦南,2023-10-12,9101
3231,緯創,119,10,109,群益金鼎-敦南,2023-10-13,9101
1319,東陽,118,11,107,群益金鼎-敦南,2023-10-13,9101
2607,榮運,60,8,52,群益金鼎-敦南,2023-10-13,9101
5706,鳳凰,60,15,45,群益金鼎-敦南,2023-10-13,9101
2890,永豐金,44,0,44,群益金鼎-敦南,2023-10-13,9101
5213,亞昕,44,0,44,群益金鼎-敦南,2023-10-13,9101
0056,元大高股息,42,0,42,群益金鼎-敦南,2023-10-13,9101
1815,富喬,52,12,40,群益金鼎-敦南,2023-10-13,9101
2417,圓剛,29,0,29,群益金鼎-敦南,2023-10-13,9101
8996,高力,30,2,28,群益金鼎-敦南,2023-10-13,9101
00878,國泰永續高股息,28,1,27,群益金鼎-敦南,2023-10-13,9101
2465,麗臺,31,6,25,群益金鼎-敦南,2023-10-13,9101
2816,旺旺保,25,0,25,群益金鼎-敦南,2023-10-13,9101
3363,上詮,27,4,23,群益金鼎-敦南,2023-10-13,9101
5009,榮剛,20,0,20,群益金鼎-敦南,2023-10-13,9101
6197,佳必琪,20,0,20,群益金鼎-敦南,2023-10-13,9101
00680L,元大美債20正2,27,10,17,群益金鼎-敦南,2023-10-13,9101
3481,群創,22,5,17,群益金鼎-敦南,2023-10-13,9101
2486,一詮,68,51,17,群益金鼎-敦南,2023-10-13,9101
9958,世紀鋼,17,0,17,群益金鼎-敦南,2023-10-13,9101
9933,中鼎,16,0,16,群益金鼎-敦南,2023-10-13,9101
00923,群益台ESG低碳50,16,0,16,群益金鼎-敦南,2023-10-13,9101
9105,泰金寶-DR,15,0,15,群益金鼎-敦南,2023-10-13,9101
2101,南港,15,0,15,群益金鼎-敦南,2023-10-13,9101
2376,技嘉,46,31,15,群益金鼎-敦南,2023-10-13,9101
2002,中鋼,14,0,14,群益金鼎-敦南,2023-10-13,9101
2313,華通,16,3,13,群益金鼎-敦南,2023-10-13,9101
00919,群益台灣精選高息,13,0,13,群益金鼎-敦南,2023-10-13,9101
00772B,中信高評級公司債,12,0,12,群益金鼎-敦南,2023-10-13,9101
2344,華邦電,15,3,12,群益金鼎-敦南,2023-10-13,9101
1101,台泥,15,4,11,群益金鼎-敦南,2023-10-13,9101
00687B,國泰20年美債,11,0,11,群益金鼎-敦南,2023-10-13,9101
6139,亞翔,14,3,11,群益金鼎-敦南,2023-10-13,9101
3037,欣興,15,4,11,群益金鼎-敦南,2023-10-13,9101
8936,國統,11,0,11,群益金鼎-敦南,2023-10-13,9101
4737,華廣,12,1,11,群益金鼎-敦南,2023-10-13,9101
2615,萬海,20,10,10,群益金鼎-敦南,2023-10-13,9101
6288,聯嘉,10,0,10,群益金鼎-敦南,2023-10-13,9101
3059,華晶科,14,4,10,群益金鼎-敦南,2023-10-13,9101
2332,友訊,10,0,10,群益金鼎-敦南,2023-10-13,9101
2485,兆赫,10,0,10,群益金鼎-敦南,2023-10-13,9101
00679B,元大美債20年,10,0,10,群益金鼎-敦南,2023-10-13,9101
1529,樂事綠能,11,2,9,群益金鼎-敦南,2023-10-13,9101
00751B,元大AAA至A公司債,8,0,8,群益金鼎-敦南,2023-10-13,9101
2609,陽明,8,0,8,群益金鼎-敦南,2023-10-13,9101
6284,佳邦,48,40,8,群益金鼎-敦南,2023-10-13,9101
3548,兆利,15,7,8,群益金鼎-敦南,2023-10-13,9101
3324,雙鴻,15,7,8,群益金鼎-敦南,2023-10-13,9101
2356,英業達,17,10,7,群益金鼎-敦南,2023-10-13,9101
2610,華航,7,0,7,群益金鼎-敦南,2023-10-13,9101
1314,中石化,72,14,58,群益金鼎-敦南,2023-10-16,9101
2515,中工,97,41,56,群益金鼎-敦南,2023-10-16,9101
3481,群創,53,1,52,群益金鼎-敦南,2023-10-16,9101
3042,晶技,40,0,40,群益金鼎-敦南,2023-10-16,9101
2618,長榮航,54,15,39,群益金鼎-敦南,2023-10-16,9101
00656R,國泰中國A50反1,30,0,30,群益金鼎-敦南,2023-10-16,9101
3709,鑫聯大投控,43,13,30,群益金鼎-敦南,2023-10-16,9101
0056,元大高股息,57,27,30,群益金鼎-敦南,2023-10-16,9101
00929,復華台灣科技優息,44,20,24,群益金鼎-敦南,2023-10-16,9101
00878,國泰永續高股息,24,1,23,群益金鼎-敦南,2023-10-16,9101
3171,炎洲流通,23,0,23,群益金鼎-敦南,2023-10-16,9101
2465,麗臺,30,7,23,群益金鼎-敦南,2023-10-16,9101
00919,群益台灣精選高息,23,0,23,群益金鼎-敦南,2023-10-16,9101
2610,華航,22,0,22,群益金鼎-敦南,2023-10-16,9101
2201,裕隆,39,17,22,群益金鼎-敦南,2023-10-16,9101
1568,倉佑,22,1,21,群益金鼎-敦南,2023-10-16,9101
4737,華廣,28,7,21,群益金鼎-敦南,2023-10-16,9101
6117,迎廣,20,0,20,群益金鼎-敦南,2023-10-16,9101
1321,大洋,21,1,20,群益金鼎-敦南,2023-10-16,9101
2382,廣達,30,12,18,群益金鼎-敦南,2023-10-16,9101
5519,隆大,18,0,18,群益金鼎-敦南,2023-10-16,9101
2344,華邦電,23,6,17,群益金鼎-敦南,2023-10-16,9101
2516,新建,26,10,16,群益金鼎-敦南,2023-10-16,9101
2498,宏達電,15,0,15,群益金鼎-敦南,2023-10-16,9101
2329,華泰,15,0,15,群益金鼎-敦南,2023-10-16,9101
2317,鴻海,22,8,14,群益金鼎-敦南,2023-10-16,9101
1524,耿鼎,24,11,13,群益金鼎-敦南,2023-10-16,9101
2409,友達,18,5,13,群益金鼎-敦南,2023-10-16,9101
3450,聯鈞,13,0,13,群益金鼎-敦南,2023-10-16,9101
3037,欣興,24,12,12,群益金鼎-敦南,2023-10-16,9101
1909,榮成,12,0,12,群益金鼎-敦南,2023-10-16,9101
2369,菱生,20,8,12,群益金鼎-敦南,2023-10-16,9101
6585,鼎基,12,0,12,群益金鼎-敦南,2023-10-16,9101
8936,國統,14,2,12,群益金鼎-敦南,2023-10-16,9101
3231,緯創,26,15,11,群益金鼎-敦南,2023-10-16,9101
5469,瀚宇博,12,0,12,群益金鼎-敦南,2023-10-16,9101
3706,神達,14,3,11,群益金鼎-敦南,2023-10-16,9101
2913,農林,15,4,11,群益金鼎-敦南,2023-10-16,9101
4976,佳凌,11,0,11,群益金鼎-敦南,2023-10-16,9101
00642U,期元大S＆P石油,10,0,10,群益金鼎-敦南,2023-10-16,9101
00673R,期元大S＆P原油反1,10,0,10,群益金鼎-敦南,2023-10-16,9101
4714,永捷,10,0,10,群益金鼎-敦南,2023-10-16,9101
1718,中纖,10,0,10,群益金鼎-敦南,2023-10-16,9101
1605,華新,13,3,10,群益金鼎-敦南,2023-10-16,9101
3357,臺慶科,9,0,9,群益金鼎-敦南,2023-10-16,9101
4503,金雨,29,20,9,群益金鼎-敦南,2023-10-16,9101
1101,台泥,9,0,9,群益金鼎-敦南,2023-10-16,9101
5215,科嘉-KY,13,5,8,群益金鼎-敦南,2023-10-16,9101
00922,國泰台灣領袖50,8,0,8,群益金鼎-敦南,2023-10-16,9101
2485,兆赫,10,2,8,群益金鼎-敦南,2023-10-16,9101
2382,廣達,319,25,294,群益金鼎-敦南,2023-10-17,9101
2376,技嘉,97,20,77,群益金鼎-敦南,2023-10-17,9101
0056,元大高股息,63,0,63,群益金鼎-敦南,2023-10-17,9101
2542,興富發,50,0,50,群益金鼎-敦南,2023-10-17,9101
00637L,元大滬深300正2,51,1,50,群益金鼎-敦南,2023-10-17,9101
00680L,元大美債20正2,42,1,41,群益金鼎-敦南,2023-10-17,9101
2515,中工,65,27,38,群益金鼎-敦南,2023-10-17,9101
00878,國泰永續高股息,42,4,38,群益金鼎-敦南,2023-10-17,9101
2313,華通,71,35,36,群益金鼎-敦南,2023-10-17,9101
2610,華航,31,1,30,群益金鼎-敦南,2023-10-17,9101
2634,漢翔,25,0,25,群益金鼎-敦南,2023-10-17,9101
00929,復華台灣科技優息,40,19,21,群益金鼎-敦南,2023-10-17,9101
2377,微星,20,2,18,群益金鼎-敦南,2023-10-17,9101
2201,裕隆,22,4,18,群益金鼎-敦南,2023-10-17,9101
2618,長榮航,30,12,18,群益金鼎-敦南,2023-10-17,9101
6139,亞翔,45,29,16,群益金鼎-敦南,2023-10-17,9101
00751B,元大AAA至A公司債,15,0,15,群益金鼎-敦南,2023-10-17,9101
00720B,元大投資級公司債,15,0,15,群益金鼎-敦南,2023-10-17,9101
2401,凌陽,17,2,15,群益金鼎-敦南,2023-10-17,9101
3715,定穎投控,58,45,13,群益金鼎-敦南,2023-10-17,9101
2486,一詮,38,25,13,群益金鼎-敦南,2023-10-17,9101
2537,聯上發,13,0,13,群益金鼎-敦南,2023-10-17,9101
3231,緯創,68,55,13,群益金鼎-敦南,2023-10-17,9101
8049,晶采,11,0,11,群益金鼎-敦南,2023-10-17,9101
6191,精成科,11,0,11,群益金鼎-敦南,2023-10-17,9101
4763,材料-KY,15,4,11,群益金鼎-敦南,2023-10-17,9101
00919,群益台灣精選高息,11,0,11,群益金鼎-敦南,2023-10-17,9101
4541,晟田,10,0,10,群益金鼎-敦南,2023-10-17,9101
5213,亞昕,10,0,10,群益金鼎-敦南,2023-10-17,9101
2031,新光鋼,10,0,10,群益金鼎-敦南,2023-10-17,9101
2889,國票金,10,0,10,群益金鼎-敦南,2023-10-17,9101
6419,京晨科,10,0,10,群益金鼎-敦南,2023-10-17,9101
2362,藍天,10,0,10,群益金鼎-敦南,2023-10-17,9101
00687B,國泰20年美債,9,0,9,群益金鼎-敦南,2023-10-17,9101
3035,智原,62,53,9,群益金鼎-敦南,2023-10-17,9101
3483,力致,13,5,8,群益金鼎-敦南,2023-10-17,9101
4906,正文,13,5,8,群益金鼎-敦南,2023-10-17,9101
2360,致茂,9,1,8,群益金鼎-敦南,2023-10-17,9101
1321,大洋,8,0,8,群益金鼎-敦南,2023-10-17,9101
2461,光群雷,8,0,8,群益金鼎-敦南,2023-10-17,9101
5215,科嘉-KY,12,5,7,群益金鼎-敦南,2023-10-17,9101
6118,建達,7,0,7,群益金鼎-敦南,2023-10-17,9101
00772B,中信高評級公司債,6,0,6,群益金鼎-敦南,2023-10-17,9101
4908,前鼎,59,53,6,群益金鼎-敦南,2023-10-17,9101
00653L,富邦印度正2,6,0,6,群益金鼎-敦南,2023-10-17,9101
2465,麗臺,15,9,6,群益金鼎-敦南,2023-10-17,9101
3083,網龍,5,0,5,群益金鼎-敦南,2023-10-17,9101
3163,波若威,48,43,5,群益金鼎-敦南,2023-10-17,9101
6446,藥華藥,5,0,5,群益金鼎-敦南,2023-10-17,9101
3202,樺晟,5,0,5,群益金鼎-敦南,2023-10-17,9101
0056,元大高股息,280,0,280,群益金鼎-敦南,2023-10-18,9101
2382,廣達,194,67,127,群益金鼎-敦南,2023-10-18,9101
2454,聯發科,56,2,54,群益金鼎-敦南,2023-10-18,9101
00927,群益半導體收益,50,0,50,群益金鼎-敦南,2023-10-18,9101
1473,台南,50,0,50,群益金鼎-敦南,2023-10-18,9101
1815,富喬,51,2,49,群益金鼎-敦南,2023-10-18,9101
00878,國泰永續高股息,79,31,48,群益金鼎-敦南,2023-10-18,9101
2610,華航,41,0,41,群益金鼎-敦南,2023-10-18,9101
00919,群益台灣精選高息,41,0,41,群益金鼎-敦南,2023-10-18,9101
2201,裕隆,61,21,40,群益金鼎-敦南,2023-10-18,9101
3481,群創,36,0,36,群益金鼎-敦南,2023-10-18,9101
2344,華邦電,34,2,32,群益金鼎-敦南,2023-10-18,9101
00931B,統一美債20年,31,0,31,群益金鼎-敦南,2023-10-18,9101
00720B,元大投資級公司債,30,0,30,群益金鼎-敦南,2023-10-18,9101
2360,致茂,25,0,25,群益金鼎-敦南,2023-10-18,9101
9938,百和,30,6,24,群益金鼎-敦南,2023-10-18,9101
2329,華泰,24,2,22,群益金鼎-敦南,2023-10-18,9101
00922,國泰台灣領袖50,21,0,21,群益金鼎-敦南,2023-10-18,9101
6168,宏齊,111,90,21,群益金鼎-敦南,2023-10-18,9101
2618,長榮航,29,8,21,群益金鼎-敦南,2023-10-18,9101
00772B,中信高評級公司債,18,1,17,群益金鼎-敦南,2023-10-18,9101
3706,神達,19,5,14,群益金鼎-敦南,2023-10-18,9101
3260,威剛,34,20,14,群益金鼎-敦南,2023-10-18,9101
00687B,國泰20年美債,13,0,13,群益金鼎-敦南,2023-10-18,9101
00679B,元大美債20年,12,0,12,群益金鼎-敦南,2023-10-18,9101
00905,FT臺灣Smart,12,0,12,群益金鼎-敦南,2023-10-18,9101
2888,新光金,12,0,12,群益金鼎-敦南,2023-10-18,9101
00918,大華優利高填息30,12,0,12,群益金鼎-敦南,2023-10-18,9101
00795B,中信美國公債20年,12,0,12,群益金鼎-敦南,2023-10-18,9101
6695,芯鼎,13,2,11,群益金鼎-敦南,2023-10-18,9101
3025,星通,13,2,11,群益金鼎-敦南,2023-10-18,9101
1326,台化,11,1,10,群益金鼎-敦南,2023-10-18,9101
00719B,元大美債1-3,10,0,10,群益金鼎-敦南,2023-10-18,9101
2538,基泰,10,0,10,群益金鼎-敦南,2023-10-18,9101
5213,亞昕,10,0,10,群益金鼎-敦南,2023-10-18,9101
2485,兆赫,10,0,10,群益金鼎-敦南,2023-10-18,9101
2465,麗臺,20,10,10,群益金鼎-敦南,2023-10-18,9101
00773B,中信優先金融債,10,0,10,群益金鼎-敦南,2023-10-18,9101
00857B,永豐20年美公債,10,0,10,群益金鼎-敦南,2023-10-18,9101
2883,凱基金,10,0,10,群益金鼎-敦南,2023-10-18,9101
5508,永信建,10,0,10,群益金鼎-敦南,2023-10-18,9101
1314,中石化,9,0,9,群益金鼎-敦南,2023-10-18,9101
6213,聯茂,25,16,9,群益金鼎-敦南,2023-10-18,9101
4526,東台,9,0,9,群益金鼎-敦南,2023-10-18,9101
3265,台星科,10,2,8,群益金鼎-敦南,2023-10-18,9101
6446,藥華藥,8,0,8,群益金鼎-敦南,2023-10-18,9101
2472,立隆電,8,0,8,群益金鼎-敦南,2023-10-18,9101
2221,大甲,8,0,8,群益金鼎-敦南,2023-10-18,9101
3037,欣興,8,0,8,群益金鼎-敦南,2023-10-18,9101
00751B,元大AAA至A公司債,8,0,8,群益金鼎-敦南,2023-10-18,9101
00632R,元大台灣50反1,715,0,715,群益金鼎-敦南,2023-10-19,9101
2317,鴻海,318,2,316,群益金鼎-敦南,2023-10-19,9101
0056,元大高股息,68,0,68,群益金鼎-敦南,2023-10-19,9101
00679B,元大美債20年,67,0,67,群益金鼎-敦南,2023-10-19,9101
00878,國泰永續高股息,73,8,65,群益金鼎-敦南,2023-10-19,9101
2888,新光金,45,7,38,群益金鼎-敦南,2023-10-19,9101
2201,裕隆,50,12,38,群益金鼎-敦南,2023-10-19,9101
00720B,元大投資級公司債,33,0,33,群益金鼎-敦南,2023-10-19,9101
00687B,國泰20年美債,33,1,32,群益金鼎-敦南,2023-10-19,9101
3042,晶技,31,0,31,群益金鼎-敦南,2023-10-19,9101
00726B,國泰新興投等債,30,0,30,群益金鼎-敦南,2023-10-19,9101
00885,富邦越南,27,0,27,群益金鼎-敦南,2023-10-19,9101
1314,中石化,25,5,20,群益金鼎-敦南,2023-10-19,9101
00929,復華台灣科技優息,21,3,18,群益金鼎-敦南,2023-10-19,9101
2313,華通,29,11,18,群益金鼎-敦南,2023-10-19,9101
00931B,統一美債20年,17,0,17,群益金鼎-敦南,2023-10-19,9101
2347,聯強,17,0,17,群益金鼎-敦南,2023-10-19,9101
00902,中信電池及儲能,16,0,16,群益金鼎-敦南,2023-10-19,9101
00751B,元大AAA至A公司債,16,0,16,群益金鼎-敦南,2023-10-19,9101
1101,台泥,28,12,16,群益金鼎-敦南,2023-10-19,9101
2454,聯發科,21,6,15,群益金鼎-敦南,2023-10-19,9101
00795B,中信美國公債20年,16,1,15,群益金鼎-敦南,2023-10-19,9101
2382,廣達,38,24,14,群益金鼎-敦南,2023-10-19,9101
3363,上詮,27,13,14,群益金鼎-敦南,2023-10-19,9101
9958,世紀鋼,11,0,11,群益金鼎-敦南,2023-10-19,9101
6290,良維,13,2,11,群益金鼎-敦南,2023-10-19,9101
2360,致茂,10,0,10,群益金鼎-敦南,2023-10-19,9101
00651R,復華香港反1,10,0,10,群益金鼎-敦南,2023-10-19,9101
1815,富喬,13,3,10,群益金鼎-敦南,2023-10-19,9101
1707,葡萄王,10,0,10,群益金鼎-敦南,2023-10-19,9101
3059,華晶科,11,1,10,群益金鼎-敦南,2023-10-19,9101
5213,亞昕,10,0,10,群益金鼎-敦南,2023-10-19,9101
00719B,元大美債1-3,10,0,10,群益金鼎-敦南,2023-10-19,9101
9955,佳龍,14,4,10,群益金鼎-敦南,2023-10-19,9101
6114,久威,10,0,10,群益金鼎-敦南,2023-10-19,9101
2356,英業達,21,12,9,群益金鼎-敦南,2023-10-19,9101
6526,達發,9,0,9,群益金鼎-敦南,2023-10-19,9101
6113,亞矽,21,12,9,群益金鼎-敦南,2023-10-19,9101
00922,國泰台灣領袖50,8,0,8,群益金鼎-敦南,2023-10-19,9101
8046,南電,8,0,8,群益金鼎-敦南,2023-10-19,9101
8429,金麗-KY,8,0,8,群益金鼎-敦南,2023-10-19,9101
00923,群益台ESG低碳50,9,2,7,群益金鼎-敦南,2023-10-19,9101
2883,凱基金,7,0,7,群益金鼎-敦南,2023-10-19,9101
2369,菱生,27,20,7,群益金鼎-敦南,2023-10-19,9101
1802,台玻,7,0,7,群益金鼎-敦南,2023-10-19,9101
9945,潤泰新,7,0,7,群益金鼎-敦南,2023-10-19,9101
1504,東元,10,3,7,群益金鼎-敦南,2023-10-19,9101
00919,群益台灣精選高息,8,2,6,群益金鼎-敦南,2023-10-19,9101
2002,中鋼,6,0,6,群益金鼎-敦南,2023-10-19,9101
3715,定穎投控,74,68,6,群益金鼎-敦南,2023-10-19,9101
00713,元大台灣高息低波,104,0,104,群益金鼎-敦南,2023-10-20,9101
00751B,元大AAA至A公司債,64,1,63,群益金鼎-敦南,2023-10-20,9101
1560,中砂,62,4,58,群益金鼎-敦南,2023-10-20,9101
8049,晶采,50,0,50,群益金鼎-敦南,2023-10-20,9101
00932,兆豐永續高息等權,47,0,47,群益金鼎-敦南,2023-10-20,9101
0056,元大高股息,87,50,37,群益金鼎-敦南,2023-10-20,9101
00929,復華台灣科技優息,58,21,37,群益金鼎-敦南,2023-10-20,9101
00720B,元大投資級公司債,35,0,35,群益金鼎-敦南,2023-10-20,9101
00712,復華富時不動產,32,0,32,群益金鼎-敦南,2023-10-20,9101
00761B,國泰A級公司債,30,0,30,群益金鼎-敦南,2023-10-20,9101
00679B,元大美債20年,28,0,28,群益金鼎-敦南,2023-10-20,9101
2382,廣達,53,26,27,群益金鼎-敦南,2023-10-20,9101
2883,凱基金,25,0,25,群益金鼎-敦南,2023-10-20,9101
2034,允強,24,0,24,群益金鼎-敦南,2023-10-20,9101
00922,國泰台灣領袖50,23,0,23,群益金鼎-敦南,2023-10-20,9101
00878,國泰永續高股息,63,41,22,群益金鼎-敦南,2023-10-20,9101
1612,宏泰,20,0,20,群益金鼎-敦南,2023-10-20,9101
3041,揚智,43,23,20,群益金鼎-敦南,2023-10-20,9101
2888,新光金,21,1,20,群益金鼎-敦南,2023-10-20,9101
00933B,國泰10Y+金融債,19,0,19,群益金鼎-敦南,2023-10-20,9101
2317,鴻海,20,3,17,群益金鼎-敦南,2023-10-20,9101
00680L,元大美債20正2,16,0,16,群益金鼎-敦南,2023-10-20,9101
2889,國票金,15,0,15,群益金鼎-敦南,2023-10-20,9101
2891,中信金,16,2,14,群益金鼎-敦南,2023-10-20,9101
3450,聯鈞,19,5,14,群益金鼎-敦南,2023-10-20,9101
3094,聯傑,21,7,14,群益金鼎-敦南,2023-10-20,9101
6770,力積電,13,0,13,群益金鼎-敦南,2023-10-20,9101
6168,宏齊,29,16,13,群益金鼎-敦南,2023-10-20,9101
2002,中鋼,37,25,12,群益金鼎-敦南,2023-10-20,9101
2618,長榮航,26,14,12,群益金鼎-敦南,2023-10-20,9101
2516,新建,15,3,12,群益金鼎-敦南,2023-10-20,9101
00795B,中信美國公債20年,11,0,11,群益金鼎-敦南,2023-10-20,9101
2201,裕隆,21,10,11,群益金鼎-敦南,2023-10-20,9101
00896,中信綠能及電動車,10,0,10,群益金鼎-敦南,2023-10-20,9101
00885,富邦越南,12,2,10,群益金鼎-敦南,2023-10-20,9101
2063,世鎧,10,0,10,群益金鼎-敦南,2023-10-20,9101
6114,久威,16,6,10,群益金鼎-敦南,2023-10-20,9101
00919,群益台灣精選高息,17,8,9,群益金鼎-敦南,2023-10-20,9101
6231,系微,18,9,9,群益金鼎-敦南,2023-10-20,9101
4743,合一,24,15,9,群益金鼎-敦南,2023-10-20,9101
3227,原相,9,0,9,群益金鼎-敦南,2023-10-20,9101
6150,撼訊,10,1,9,群益金鼎-敦南,2023-10-20,9101
00637L,元大滬深300正2,8,0,8,群益金鼎-敦南,2023-10-20,9101
3033,威健,8,0,8,群益金鼎-敦南,2023-10-20,9101
8210,勤誠,9,1,8,群益金鼎-敦南,2023-10-20,9101
3260,威剛,19,11,8,群益金鼎-敦南,2023-10-20,9101
1907,永豐餘,13,5,8,群益金鼎-敦南,2023-10-20,9101
2204,中華,7,0,7,群益金鼎-敦南,2023-10-20,9101
1514,亞力,7,0,7,群益金鼎-敦南,2023-10-20,9101
2887,台新金,7,0,7,群益金鼎-敦南,2023-10-20,9101
2382,廣達,121,26,95,群益金鼎-敦南,2023-10-23,9101
00679B,元大美債20年,93,0,93,群益金鼎-敦南,2023-10-23,9101
00900,富邦特選高股息30,80,0,80,群益金鼎-敦南,2023-10-23,9101
2376,技嘉,71,19,52,群益金鼎-敦南,2023-10-23,9101
00878,國泰永續高股息,52,3,49,群益金鼎-敦南,2023-10-23,9101
00919,群益台灣精選高息,43,0,43,群益金鼎-敦南,2023-10-23,9101
00922,國泰台灣領袖50,30,0,30,群益金鼎-敦南,2023-10-23,9101
00751B,元大AAA至A公司債,29,0,29,群益金鼎-敦南,2023-10-23,9101
0056,元大高股息,28,0,28,群益金鼎-敦南,2023-10-23,9101
00929,復華台灣科技優息,33,5,28,群益金鼎-敦南,2023-10-23,9101
2516,新建,24,0,24,群益金鼎-敦南,2023-10-23,9101
2317,鴻海,29,5,24,群益金鼎-敦南,2023-10-23,9101
00885,富邦越南,20,0,20,群益金鼎-敦南,2023-10-23,9101
00931B,統一美債20年,16,0,16,群益金鼎-敦南,2023-10-23,9101
2605,新興,16,0,16,群益金鼎-敦南,2023-10-23,9101
2201,裕隆,15,1,14,群益金鼎-敦南,2023-10-23,9101
00687B,國泰20年美債,14,0,14,群益金鼎-敦南,2023-10-23,9101
3051,力特,187,174,13,群益金鼎-敦南,2023-10-23,9101
2891,中信金,13,0,13,群益金鼎-敦南,2023-10-23,9101
00680L,元大美債20正2,12,0,12,群益金鼎-敦南,2023-10-23,9101
2449,京元電子,19,8,11,群益金鼎-敦南,2023-10-23,9101
1568,倉佑,18,7,11,群益金鼎-敦南,2023-10-23,9101
2498,宏達電,11,0,11,群益金鼎-敦南,2023-10-23,9101
6233,旺玖,16,5,11,群益金鼎-敦南,2023-10-23,9101
00656R,國泰中國A50反1,10,0,10,群益金鼎-敦南,2023-10-23,9101
8936,國統,10,0,10,群益金鼎-敦南,2023-10-23,9101
8024,佑華,13,3,10,群益金鼎-敦南,2023-10-23,9101
2457,飛宏,11,1,10,群益金鼎-敦南,2023-10-23,9101
3234,光環,10,0,10,群益金鼎-敦南,2023-10-23,9101
2355,敬鵬,10,0,10,群益金鼎-敦南,2023-10-23,9101
2352,佳世達,32,24,8,群益金鼎-敦南,2023-10-23,9101
1524,耿鼎,11,3,8,群益金鼎-敦南,2023-10-23,9101
3704,合勤控,9,1,8,群益金鼎-敦南,2023-10-23,9101
3483,力致,12,5,7,群益金鼎-敦南,2023-10-23,9101
2412,中華電,7,0,7,群益金鼎-敦南,2023-10-23,9101
3094,聯傑,7,0,7,群益金鼎-敦南,2023-10-23,9101
1301,台塑,7,0,7,群益金鼎-敦南,2023-10-23,9101
2515,中工,21,14,7,群益金鼎-敦南,2023-10-23,9101
3017,奇鋐,8,1,7,群益金鼎-敦南,2023-10-23,9101
2330,台積電,7,1,6,群益金鼎-敦南,2023-10-23,9101
00902,中信電池及儲能,6,0,6,群益金鼎-敦南,2023-10-23,9101
2634,漢翔,15,9,6,群益金鼎-敦南,2023-10-23,9101
9958,世紀鋼,45,39,6,群益金鼎-敦南,2023-10-23,9101
6156,松上,16,10,6,群益金鼎-敦南,2023-10-23,9101
2883,凱基金,6,0,6,群益金鼎-敦南,2023-10-23,9101
00720B,元大投資級公司債,6,0,6,群益金鼎-敦南,2023-10-23,9101
6531,愛普*,9,3,6,群益金鼎-敦南,2023-10-23,9101
2906,高林,6,0,6,群益金鼎-敦南,2023-10-23,9101
3592,瑞鼎,6,0,6,群益金鼎-敦南,2023-10-23,9101
2887,台新金,6,0,6,群益金鼎-敦南,2023-10-23,9101
2382,廣達,290,62,228,群益金鼎-敦南,2023-10-24,9101
6117,迎廣,54,4,50,群益金鼎-敦南,2023-10-24,9101
6189,豐藝,46,0,46,群益金鼎-敦南,2023-10-24,9101
00637L,元大滬深300正2,46,1,45,群益金鼎-敦南,2023-10-24,9101
00680L,元大美債20正2,47,5,42,群益金鼎-敦南,2023-10-24,9101
2317,鴻海,69,30,39,群益金鼎-敦南,2023-10-24,9101
5301,寶得利,34,0,34,群益金鼎-敦南,2023-10-24,9101
00878,國泰永續高股息,33,0,33,群益金鼎-敦南,2023-10-24,9101
00712,復華富時不動產,31,1,30,群益金鼎-敦南,2023-10-24,9101
2369,菱生,94,66,28,群益金鼎-敦南,2023-10-24,9101
4743,合一,45,21,24,群益金鼎-敦南,2023-10-24,9101
00929,復華台灣科技優息,25,2,23,群益金鼎-敦南,2023-10-24,9101
00919,群益台灣精選高息,22,0,22,群益金鼎-敦南,2023-10-24,9101
8040,九暘,23,2,21,群益金鼎-敦南,2023-10-24,9101
3483,力致,24,5,19,群益金鼎-敦南,2023-10-24,9101
2883,凱基金,19,0,19,群益金鼎-敦南,2023-10-24,9101
1711,永光,20,2,18,群益金鼎-敦南,2023-10-24,9101
2408,南亞科,18,0,18,群益金鼎-敦南,2023-10-24,9101
1721,三晃,47,30,17,群益金鼎-敦南,2023-10-24,9101
0056,元大高股息,19,3,16,群益金鼎-敦南,2023-10-24,9101
00645,富邦日本,16,0,16,群益金鼎-敦南,2023-10-24,9101
1568,倉佑,34,18,16,群益金鼎-敦南,2023-10-24,9101
2352,佳世達,14,0,14,群益金鼎-敦南,2023-10-24,9101
00922,國泰台灣領袖50,14,0,14,群益金鼎-敦南,2023-10-24,9101
00882,中信中國高股息,14,0,14,群益金鼎-敦南,2023-10-24,9101
8088,品安,28,15,13,群益金鼎-敦南,2023-10-24,9101
3481,群創,12,0,12,群益金鼎-敦南,2023-10-24,9101
3094,聯傑,14,3,11,群益金鼎-敦南,2023-10-24,9101
4114,健喬,11,0,11,群益金鼎-敦南,2023-10-24,9101
6523,達爾膚,10,0,10,群益金鼎-敦南,2023-10-24,9101
1618,合機,10,0,10,群益金鼎-敦南,2023-10-24,9101
00885,富邦越南,10,0,10,群益金鼎-敦南,2023-10-24,9101
2915,潤泰全,10,0,10,群益金鼎-敦南,2023-10-24,9101
1314,中石化,10,0,10,群益金鼎-敦南,2023-10-24,9101
5213,亞昕,10,0,10,群益金鼎-敦南,2023-10-24,9101
2230,泰茂,11,1,10,群益金鼎-敦南,2023-10-24,9101
00720B,元大投資級公司債,10,0,10,群益金鼎-敦南,2023-10-24,9101
00633L,富邦上証正2,8,0,8,群益金鼎-敦南,2023-10-24,9101
4526,東台,16,8,8,群益金鼎-敦南,2023-10-24,9101
1339,昭輝,8,0,8,群益金鼎-敦南,2023-10-24,9101
3450,聯鈞,21,13,8,群益金鼎-敦南,2023-10-24,9101
00927,群益半導體收益,11,3,8,群益金鼎-敦南,2023-10-24,9101
1815,富喬,20,12,8,群益金鼎-敦南,2023-10-24,9101
2454,聯發科,7,0,7,群益金鼎-敦南,2023-10-24,9101
8150,南茂,10,3,7,群益金鼎-敦南,2023-10-24,9101
3521,鴻翊,8,1,7,群益金鼎-敦南,2023-10-24,9101
1905,華紙,8,1,7,群益金鼎-敦南,2023-10-24,9101
1301,台塑,6,0,6,群益金鼎-敦南,2023-10-24,9101
3260,威剛,33,27,6,群益金鼎-敦南,2023-10-24,9101
00687B,國泰20年美債,9,4,5,群益金鼎-敦南,2023-10-24,9101
2401,凌陽,419,32,387,群益金鼎-敦南,2023-10-25,9101
5351,鈺創,218,4,214,群益金鼎-敦南,2023-10-25,9101
00679B,元大美債20年,67,5,62,群益金鼎-敦南,2023-10-25,9101
9938,百和,54,0,54,群益金鼎-敦南,2023-10-25,9101
8936,國統,39,2,37,群益金鼎-敦南,2023-10-25,9101
2485,兆赫,30,0,30,群益金鼎-敦南,2023-10-25,9101
1618,合機,57,34,23,群益金鼎-敦南,2023-10-25,9101
5301,寶得利,21,0,21,群益金鼎-敦南,2023-10-25,9101
00751B,元大AAA至A公司債,18,0,18,群益金鼎-敦南,2023-10-25,9101
00746B,富邦A級公司債,17,0,17,群益金鼎-敦南,2023-10-25,9101
2427,三商電,158,142,16,群益金鼎-敦南,2023-10-25,9101
3694,海華,19,3,16,群益金鼎-敦南,2023-10-25,9101
3231,緯創,56,41,15,群益金鼎-敦南,2023-10-25,9101
3035,智原,43,31,12,群益金鼎-敦南,2023-10-25,9101
5258,虹堡,34,22,12,群益金鼎-敦南,2023-10-25,9101
2462,良得電,15,4,11,群益金鼎-敦南,2023-10-25,9101
2317,鴻海,10,0,10,群益金鼎-敦南,2023-10-25,9101
2233,宇隆,11,1,10,群益金鼎-敦南,2023-10-25,9101
5213,亞昕,10,0,10,群益金鼎-敦南,2023-10-25,9101
2543,皇昌,14,4,10,群益金鼎-敦南,2023-10-25,9101
2323,中環,10,0,10,群益金鼎-敦南,2023-10-25,9101
00893,國泰智能電動車,11,1,10,群益金鼎-敦南,2023-10-25,9101
2313,華通,14,4,10,群益金鼎-敦南,2023-10-25,9101
2915,潤泰全,10,0,10,群益金鼎-敦南,2023-10-25,9101
1524,耿鼎,233,224,9,群益金鼎-敦南,2023-10-25,9101
00878,國泰永續高股息,8,0,8,群益金鼎-敦南,2023-10-25,9101
6257,矽格,25,17,8,群益金鼎-敦南,2023-10-25,9101
2743,山富,14,6,8,群益金鼎-敦南,2023-10-25,9101
2356,英業達,20,12,8,群益金鼎-敦南,2023-10-25,9101
5469,瀚宇博,12,4,8,群益金鼎-敦南,2023-10-25,9101
00902,中信電池及儲能,7,0,7,群益金鼎-敦南,2023-10-25,9101
3715,定穎投控,48,41,7,群益金鼎-敦南,2023-10-25,9101
6290,良維,14,7,7,群益金鼎-敦南,2023-10-25,9101
00929,復華台灣科技優息,9,2,7,群益金鼎-敦南,2023-10-25,9101
2449,京元電子,7,0,7,群益金鼎-敦南,2023-10-25,9101
0056,元大高股息,7,0,7,群益金鼎-敦南,2023-10-25,9101
2409,友達,8,2,6,群益金鼎-敦南,2023-10-25,9101
2489,瑞軒,5,0,5,群益金鼎-敦南,2023-10-25,9101
4743,合一,5,0,5,群益金鼎-敦南,2023-10-25,9101
00885,富邦越南,5,0,5,群益金鼎-敦南,2023-10-25,9101
4526,東台,6,1,5,群益金鼎-敦南,2023-10-25,9101
4164,承業醫,5,0,5,群益金鼎-敦南,2023-10-25,9101
9958,世紀鋼,8,3,5,群益金鼎-敦南,2023-10-25,9101
00857B,永豐20年美公債,5,0,5,群益金鼎-敦南,2023-10-25,9101
00712,復華富時不動產,5,0,5,群益金鼎-敦南,2023-10-25,9101
4162,智擎,16,12,4,群益金鼎-敦南,2023-10-25,9101
3163,波若威,6,2,4,群益金鼎-敦南,2023-10-25,9101
3017,奇鋐,19,15,4,群益金鼎-敦南,2023-10-25,9101
2618,長榮航,5,1,4,群益金鼎-敦南,2023-10-25,9101
3312,弘憶股,4,0,4,群益金鼎-敦南,2023-10-25,9101
00929,復華台灣科技優息,348,21,327,群益金鼎-敦南,2023-10-26,9101
5225,東科-KY,77,2,75,群益金鼎-敦南,2023-10-26,9101
2888,新光金,41,0,41,群益金鼎-敦南,2023-10-26,9101
00712,復華富時不動產,37,0,37,群益金鼎-敦南,2023-10-26,9101
2486,一詮,115,78,37,群益金鼎-敦南,2023-10-26,9101
00878,國泰永續高股息,37,1,36,群益金鼎-敦南,2023-10-26,9101
00900,富邦特選高股息30,31,0,31,群益金鼎-敦南,2023-10-26,9101
0056,元大高股息,39,9,30,群益金鼎-敦南,2023-10-26,9101
2303,聯電,40,14,26,群益金鼎-敦南,2023-10-26,9101
2618,長榮航,167,142,25,群益金鼎-敦南,2023-10-26,9101
00893,國泰智能電動車,25,0,25,群益金鼎-敦南,2023-10-26,9101
6168,宏齊,29,6,23,群益金鼎-敦南,2023-10-26,9101
00885,富邦越南,22,0,22,群益金鼎-敦南,2023-10-26,9101
1568,倉佑,25,3,22,群益金鼎-敦南,2023-10-26,9101
9958,世紀鋼,39,18,21,群益金鼎-敦南,2023-10-26,9101
00651R,復華香港反1,20,0,20,群益金鼎-敦南,2023-10-26,9101
0050,元大台灣50,16,0,16,群益金鼎-敦南,2023-10-26,9101
00902,中信電池及儲能,16,0,16,群益金鼎-敦南,2023-10-26,9101
00679B,元大美債20年,15,0,15,群益金鼎-敦南,2023-10-26,9101
00720B,元大投資級公司債,14,0,14,群益金鼎-敦南,2023-10-26,9101
2344,華邦電,14,0,14,群益金鼎-敦南,2023-10-26,9101
2610,華航,13,0,13,群益金鼎-敦南,2023-10-26,9101
3037,欣興,14,1,13,群益金鼎-敦南,2023-10-26,9101
3483,力致,14,2,12,群益金鼎-敦南,2023-10-26,9101
5301,寶得利,12,0,12,群益金鼎-敦南,2023-10-26,9101
2883,凱基金,11,0,11,群益金鼎-敦南,2023-10-26,9101
3055,蔚華科,24,13,11,群益金鼎-敦南,2023-10-26,9101
8049,晶采,11,0,11,群益金鼎-敦南,2023-10-26,9101
3041,揚智,11,0,11,群益金鼎-敦南,2023-10-26,9101
2330,台積電,13,2,11,群益金鼎-敦南,2023-10-26,9101
2633,台灣高鐵,10,0,10,群益金鼎-敦南,2023-10-26,9101
00662,富邦NASDAQ,10,0,10,群益金鼎-敦南,2023-10-26,9101
5302,太欣,10,0,10,群益金鼎-敦南,2023-10-26,9101
3481,群創,10,0,10,群益金鼎-敦南,2023-10-26,9101
9962,有益,10,0,10,群益金鼎-敦南,2023-10-26,9101
3704,合勤控,29,19,10,群益金鼎-敦南,2023-10-26,9101
2449,京元電子,12,3,9,群益金鼎-敦南,2023-10-26,9101
2363,矽統,11,2,9,群益金鼎-敦南,2023-10-26,9101
2337,旺宏,9,0,9,群益金鼎-敦南,2023-10-26,9101
00751B,元大AAA至A公司債,9,0,9,群益金鼎-敦南,2023-10-26,9101
00922,國泰台灣領袖50,8,0,8,群益金鼎-敦南,2023-10-26,9101
00687B,國泰20年美債,8,0,8,群益金鼎-敦南,2023-10-26,9101
00646,元大S＆P500,8,0,8,群益金鼎-敦南,2023-10-26,9101
2472,立隆電,8,0,8,群益金鼎-敦南,2023-10-26,9101
6733,博晟生醫,8,0,8,群益金鼎-敦南,2023-10-26,9101
2317,鴻海,8,0,8,群益金鼎-敦南,2023-10-26,9101
3025,星通,51,43,8,群益金鼎-敦南,2023-10-26,9101
00857B,永豐20年美公債,7,0,7,群益金鼎-敦南,2023-10-26,9101
3521,鴻翊,7,0,7,群益金鼎-敦南,2023-10-26,9101
2368,金像電,7,0,7,群益金鼎-敦南,2023-10-26,9101
00919,群益台灣精選高息,116,0,116,群益金鼎-敦南,2023-10-27,9101
00900,富邦特選高股息30,100,0,100,群益金鼎-敦南,2023-10-27,9101
00929,復華台灣科技優息,83,0,83,群益金鼎-敦南,2023-10-27,9101
2369,菱生,55,11,44,群益金鼎-敦南,2023-10-27,9101
8049,晶采,42,0,42,群益金鼎-敦南,2023-10-27,9101
00878,國泰永續高股息,41,0,41,群益金鼎-敦南,2023-10-27,9101
5225,東科-KY,40,11,29,群益金鼎-敦南,2023-10-27,9101
2888,新光金,32,3,29,群益金鼎-敦南,2023-10-27,9101
8936,國統,23,0,23,群益金鼎-敦南,2023-10-27,9101
3709,鑫聯大投控,61,38,23,群益金鼎-敦南,2023-10-27,9101
1303,南亞,23,0,23,群益金鼎-敦南,2023-10-27,9101
3013,晟銘電,54,31,23,群益金鼎-敦南,2023-10-27,9101
5493,三聯,22,0,22,群益金鼎-敦南,2023-10-27,9101
00885,富邦越南,21,0,21,群益金鼎-敦南,2023-10-27,9101
2634,漢翔,26,6,20,群益金鼎-敦南,2023-10-27,9101
6189,豐藝,20,0,20,群益金鼎-敦南,2023-10-27,9101
00632R,元大台灣50反1,150,133,17,群益金鼎-敦南,2023-10-27,9101
2498,宏達電,17,1,16,群益金鼎-敦南,2023-10-27,9101
3260,威剛,20,5,15,群益金鼎-敦南,2023-10-27,9101
1522,堤維西,15,0,15,群益金鼎-敦南,2023-10-27,9101
2002,中鋼,19,5,14,群益金鼎-敦南,2023-10-27,9101
1733,五鼎,12,0,12,群益金鼎-敦南,2023-10-27,9101
4128,中天,12,0,12,群益金鼎-敦南,2023-10-27,9101
1907,永豐餘,13,1,12,群益金鼎-敦南,2023-10-27,9101
2382,廣達,32,20,12,群益金鼎-敦南,2023-10-27,9101
2454,聯發科,13,1,12,群益金鼎-敦南,2023-10-27,9101
6531,愛普*,11,0,11,群益金鼎-敦南,2023-10-27,9101
2889,國票金,10,0,10,群益金鼎-敦南,2023-10-27,9101
6197,佳必琪,10,0,10,群益金鼎-敦南,2023-10-27,9101
2809,京城銀,10,0,10,群益金鼎-敦南,2023-10-27,9101
3041,揚智,10,0,10,群益金鼎-敦南,2023-10-27,9101
1471,首利,10,0,10,群益金鼎-敦南,2023-10-27,9101
1815,富喬,21,11,10,群益金鼎-敦南,2023-10-27,9101
00719B,元大美債1-3,10,0,10,群益金鼎-敦南,2023-10-27,9101
2355,敬鵬,10,0,10,群益金鼎-敦南,2023-10-27,9101
2201,裕隆,9,0,9,群益金鼎-敦南,2023-10-27,9101
3380,明泰,9,0,9,群益金鼎-敦南,2023-10-27,9101
2317,鴻海,8,0,8,群益金鼎-敦南,2023-10-27,9101
2351,順德,11,3,8,群益金鼎-敦南,2023-10-27,9101
2457,飛宏,8,0,8,群益金鼎-敦南,2023-10-27,9101
2891,中信金,10,3,7,群益金鼎-敦南,2023-10-27,9101
3416,融程電,7,0,7,群益金鼎-敦南,2023-10-27,9101
6282,康舒,8,1,7,群益金鼎-敦南,2023-10-27,9101
2633,台灣高鐵,6,0,6,群益金鼎-敦南,2023-10-27,9101
4157,太景*-KY,6,0,6,群益金鼎-敦南,2023-10-27,9101
2486,一詮,12,6,6,群益金鼎-敦南,2023-10-27,9101
6541,泰福-KY,6,0,6,群益金鼎-敦南,2023-10-27,9101
3017,奇鋐,12,6,6,群益金鼎-敦南,2023-10-27,9101
2337,旺宏,6,0,6,群益金鼎-敦南,2023-10-27,9101
2408,南亞科,5,0,5,群益金鼎-敦南,2023-10-27,9101
00713,元大台灣高息低波,100,0,100,群益金鼎-敦南,2023-10-30,9101
2388,威盛,133,39,94,群益金鼎-敦南,2023-10-30,9101
00712,復華富時不動產,38,0,38,群益金鼎-敦南,2023-10-30,9101
2888,新光金,38,0,38,群益金鼎-敦南,2023-10-30,9101
00746B,富邦A級公司債,20,0,20,群益金鼎-敦南,2023-10-30,9101
3024,憶聲,19,0,19,群益金鼎-敦南,2023-10-30,9101
2634,漢翔,20,2,18,群益金鼎-敦南,2023-10-30,9101
2465,麗臺,20,2,18,群益金鼎-敦南,2023-10-30,9101
2889,國票金,17,0,17,群益金鼎-敦南,2023-10-30,9101
1568,倉佑,16,0,16,群益金鼎-敦南,2023-10-30,9101
1409,新纖,16,0,16,群益金鼎-敦南,2023-10-30,9101
2618,長榮航,15,0,15,群益金鼎-敦南,2023-10-30,9101
6523,達爾膚,14,0,14,群益金鼎-敦南,2023-10-30,9101
00878,國泰永續高股息,14,2,12,群益金鼎-敦南,2023-10-30,9101
00670L,富邦NASDAQ正2,11,0,11,群益金鼎-敦南,2023-10-30,9101
1524,耿鼎,19,9,10,群益金鼎-敦南,2023-10-30,9101
4164,承業醫,10,0,10,群益金鼎-敦南,2023-10-30,9101
9962,有益,10,0,10,群益金鼎-敦南,2023-10-30,9101
2014,中鴻,10,0,10,群益金鼎-敦南,2023-10-30,9101
9105,泰金寶-DR,10,0,10,群益金鼎-敦南,2023-10-30,9101
5426,振發,10,0,10,群益金鼎-敦南,2023-10-30,9101
2891,中信金,10,0,10,群益金鼎-敦南,2023-10-30,9101
6443,元晶,21,12,9,群益金鼎-敦南,2023-10-30,9101
6168,宏齊,20,11,9,群益金鼎-敦南,2023-10-30,9101
2356,英業達,13,5,8,群益金鼎-敦南,2023-10-30,9101
5236,凌陽創新,8,0,8,群益金鼎-敦南,2023-10-30,9101
5258,虹堡,13,5,8,群益金鼎-敦南,2023-10-30,9101
00930,永豐ESG低碳高息,9,1,8,群益金鼎-敦南,2023-10-30,9101
2344,華邦電,12,4,8,群益金鼎-敦南,2023-10-30,9101
00751B,元大AAA至A公司債,8,0,8,群益金鼎-敦南,2023-10-30,9101
2337,旺宏,7,0,7,群益金鼎-敦南,2023-10-30,9101
00929,復華台灣科技優息,7,0,7,群益金鼎-敦南,2023-10-30,9101
4908,前鼎,26,19,7,群益金鼎-敦南,2023-10-30,9101
1526,日馳,7,0,7,群益金鼎-敦南,2023-10-30,9101
2498,宏達電,23,16,7,群益金鼎-敦南,2023-10-30,9101
6492,生華科,16,10,6,群益金鼎-敦南,2023-10-30,9101
2882,國泰金,6,0,6,群益金鼎-敦南,2023-10-30,9101
1618,合機,9,3,6,群益金鼎-敦南,2023-10-30,9101
4121,優盛,6,0,6,群益金鼎-敦南,2023-10-30,9101
2743,山富,8,2,6,群益金鼎-敦南,2023-10-30,9101
1722,台肥,6,0,6,群益金鼎-敦南,2023-10-30,9101
2312,金寶,5,0,5,群益金鼎-敦南,2023-10-30,9101
00923,群益台ESG低碳50,5,0,5,群益金鼎-敦南,2023-10-30,9101
2392,正崴,5,0,5,群益金鼎-敦南,2023-10-30,9101
00905,FT臺灣Smart,5,0,5,群益金鼎-敦南,2023-10-30,9101
2883,凱基金,5,0,5,群益金鼎-敦南,2023-10-30,9101
4934,太極,5,0,5,群益金鼎-敦南,2023-10-30,9101
2520,冠德,6,1,5,群益金鼎-敦南,2023-10-30,9101
6284,佳邦,4,0,4,群益金鼎-敦南,2023-10-30,9101
0050,元大台灣50,4,0,4,群益金鼎-敦南,2023-10-30,9101
0056,元大高股息,58,12,46,群益金鼎-敦南,2023-10-31,9101
00919,群益台灣精選高息,43,1,42,群益金鼎-敦南,2023-10-31,9101
00857B,永豐20年美公債,40,0,40,群益金鼎-敦南,2023-10-31,9101
8050,廣積,37,0,37,群益金鼎-敦南,2023-10-31,9101
2382,廣達,70,36,34,群益金鼎-敦南,2023-10-31,9101
00929,復華台灣科技優息,37,3,34,群益金鼎-敦南,2023-10-31,9101
8936,國統,40,7,33,群益金鼎-敦南,2023-10-31,9101
00878,國泰永續高股息,46,16,30,群益金鼎-敦南,2023-10-31,9101
6191,精成科,32,3,29,群益金鼎-敦南,2023-10-31,9101
2367,燿華,44,17,27,群益金鼎-敦南,2023-10-31,9101
2399,映泰,31,5,26,群益金鼎-敦南,2023-10-31,9101
00645,富邦日本,25,0,25,群益金鼎-敦南,2023-10-31,9101
00632R,元大台灣50反1,100,75,25,群益金鼎-敦南,2023-10-31,9101
2201,裕隆,28,7,21,群益金鼎-敦南,2023-10-31,9101
1568,倉佑,25,4,21,群益金鼎-敦南,2023-10-31,9101
9945,潤泰新,22,2,20,群益金鼎-敦南,2023-10-31,9101
5864,致和證,14,0,14,群益金鼎-敦南,2023-10-31,9101
3035,智原,59,46,13,群益金鼎-敦南,2023-10-31,9101
3483,力致,14,1,13,群益金鼎-敦南,2023-10-31,9101
1524,耿鼎,66,53,13,群益金鼎-敦南,2023-10-31,9101
3231,緯創,40,28,12,群益金鼎-敦南,2023-10-31,9101
2486,一詮,81,69,12,群益金鼎-敦南,2023-10-31,9101
4128,中天,12,0,12,群益金鼎-敦南,2023-10-31,9101
3416,融程電,12,0,12,群益金鼎-敦南,2023-10-31,9101
2344,華邦電,19,7,12,群益金鼎-敦南,2023-10-31,9101
3564,其陽,12,0,12,群益金鼎-敦南,2023-10-31,9101
2603,長榮,10,0,10,群益金鼎-敦南,2023-10-31,9101
00719B,元大美債1-3,10,0,10,群益金鼎-敦南,2023-10-31,9101
00712,復華富時不動產,10,0,10,群益金鼎-敦南,2023-10-31,9101
00670L,富邦NASDAQ正2,10,0,10,群益金鼎-敦南,2023-10-31,9101
1612,宏泰,10,0,10,群益金鼎-敦南,2023-10-31,9101
8054,安國,32,22,10,群益金鼎-敦南,2023-10-31,9101
9958,世紀鋼,12,2,10,群益金鼎-敦南,2023-10-31,9101
2427,三商電,45,35,10,群益金鼎-敦南,2023-10-31,9101
0050,元大台灣50,9,0,9,群益金鼎-敦南,2023-10-31,9101
3491,昇達科,14,6,8,群益金鼎-敦南,2023-10-31,9101
6288,聯嘉,10,2,8,群益金鼎-敦南,2023-10-31,9101
5258,虹堡,36,28,8,群益金鼎-敦南,2023-10-31,9101
3372,典範,10,2,8,群益金鼎-敦南,2023-10-31,9101
8110,華東,9,1,8,群益金鼎-敦南,2023-10-31,9101
8049,晶采,8,0,8,群益金鼎-敦南,2023-10-31,9101
00885,富邦越南,8,0,8,群益金鼎-敦南,2023-10-31,9101
6015,宏遠證,7,0,7,群益金鼎-敦南,2023-10-31,9101
6026,福邦證,7,0,7,群益金鼎-敦南,2023-10-31,9101
00772B,中信高評級公司債,7,0,7,群益金鼎-敦南,2023-10-31,9101
4526,東台,7,0,7,群益金鼎-敦南,2023-10-31,9101
2340,台亞,8,1,7,群益金鼎-敦南,2023-10-31,9101
3037,欣興,11,4,7,群益金鼎-敦南,2023-10-31,9101
3290,東浦,15,9,6,群益金鼎-敦南,2023-10-31,9101
3017,奇鋐,20,14,6,群益金鼎-敦南,2023-10-31,9101
00715L,期街口布蘭特正2,2995,0,2995,群益金鼎-敦南,2023-11-01,9101
00632R,元大台灣50反1,300,31,269,群益金鼎-敦南,2023-11-01,9101
00640L,富邦日本正2,37,0,37,群益金鼎-敦南,2023-11-01,9101
1612,宏泰,30,0,30,群益金鼎-敦南,2023-11-01,9101
00670L,富邦NASDAQ正2,30,1,29,群益金鼎-敦南,2023-11-01,9101
6284,佳邦,28,1,27,群益金鼎-敦南,2023-11-01,9101
00679B,元大美債20年,33,6,27,群益金鼎-敦南,2023-11-01,9101
3481,群創,28,3,25,群益金鼎-敦南,2023-11-01,9101
00746B,富邦A級公司債,20,0,20,群益金鼎-敦南,2023-11-01,9101
00934,中信成長高股息,18,0,18,群益金鼎-敦南,2023-11-01,9101
6290,良維,17,0,17,群益金鼎-敦南,2023-11-01,9101
2317,鴻海,21,5,16,群益金鼎-敦南,2023-11-01,9101
2457,飛宏,15,1,14,群益金鼎-敦南,2023-11-01,9101
4526,東台,14,0,14,群益金鼎-敦南,2023-11-01,9101
6535,順藥,12,0,12,群益金鼎-敦南,2023-11-01,9101
4123,晟德,12,0,12,群益金鼎-敦南,2023-11-01,9101
1504,東元,12,0,12,群益金鼎-敦南,2023-11-01,9101
4167,松瑞藥,12,0,12,群益金鼎-敦南,2023-11-01,9101
3380,明泰,11,0,11,群益金鼎-敦南,2023-11-01,9101
00857B,永豐20年美公債,10,0,10,群益金鼎-敦南,2023-11-01,9101
00720B,元大投資級公司債,10,0,10,群益金鼎-敦南,2023-11-01,9101
00929,復華台灣科技優息,38,29,9,群益金鼎-敦南,2023-11-01,9101
00885,富邦越南,8,0,8,群益金鼎-敦南,2023-11-01,9101
3450,聯鈞,10,2,8,群益金鼎-敦南,2023-11-01,9101
4188,安克,8,0,8,群益金鼎-敦南,2023-11-01,9101
2353,宏��,10,2,8,群益金鼎-敦南,2023-11-01,9101
2401,凌陽,8,0,8,群益金鼎-敦南,2023-11-01,9101
6279,胡連,10,3,7,群益金鼎-敦南,2023-11-01,9101
3260,威剛,20,13,7,群益金鼎-敦南,2023-11-01,9101
3521,鴻翊,7,0,7,群益金鼎-敦南,2023-11-01,9101
5236,凌陽創新,7,0,7,群益金鼎-敦南,2023-11-01,9101
00878,國泰永續高股息,12,5,7,群益金鼎-敦南,2023-11-01,9101
5225,東科-KY,19,13,6,群益金鼎-敦南,2023-11-01,9101
3056,富華新,6,0,6,群益金鼎-敦南,2023-11-01,9101
1568,倉佑,7,1,6,群益金鼎-敦南,2023-11-01,9101
3205,佰研,7,1,6,群益金鼎-敦南,2023-11-01,9101
2363,矽統,9,3,6,群益金鼎-敦南,2023-11-01,9101
1522,堤維西,5,0,5,群益金鼎-敦南,2023-11-01,9101
4908,前鼎,10,5,5,群益金鼎-敦南,2023-11-01,9101
00642U,期元大S＆P石油,5,0,5,群益金鼎-敦南,2023-11-01,9101
6418,詠昇,16,11,5,群益金鼎-敦南,2023-11-01,9101
4958,臻鼎-KY,5,0,5,群益金鼎-敦南,2023-11-01,9101
8049,晶采,5,0,5,群益金鼎-敦南,2023-11-01,9101
5213,亞昕,5,0,5,群益金鼎-敦南,2023-11-01,9101
00706L,期元大S＆P日圓正2,5,0,5,群益金鼎-敦南,2023-11-01,9101
6492,生華科,19,14,5,群益金鼎-敦南,2023-11-01,9101
2308,台達電,5,0,5,群益金鼎-敦南,2023-11-01,9101
2329,華泰,14,10,4,群益金鼎-敦南,2023-11-01,9101
00687B,國泰20年美債,4,0,4,群益金鼎-敦南,2023-11-01,9101
3532,台勝科,5,1,4,群益金鼎-敦南,2023-11-01,9101
00632R,元大台灣50反1,195,0,195,群益金鼎-敦南,2023-11-02,9101
00931B,統一美債20年,100,2,98,群益金鼎-敦南,2023-11-02,9101
00687B,國泰20年美債,73,3,70,群益金鼎-敦南,2023-11-02,9101
00900,富邦特選高股息30,64,20,44,群益金鼎-敦南,2023-11-02,9101
2465,麗臺,33,7,26,群益金鼎-敦南,2023-11-02,9101
2376,技嘉,43,22,21,群益金鼎-敦南,2023-11-02,9101
00929,復華台灣科技優息,20,1,19,群益金鼎-敦南,2023-11-02,9101
4167,松瑞藥,21,3,18,群益金鼎-敦南,2023-11-02,9101
2515,中工,18,0,18,群益金鼎-敦南,2023-11-02,9101
2867,三商壽,17,0,17,群益金鼎-敦南,2023-11-02,9101
1568,倉佑,18,2,16,群益金鼎-敦南,2023-11-02,9101
2367,燿華,14,1,13,群益金鼎-敦南,2023-11-02,9101
00688L,國泰20年美債正2,13,0,13,群益金鼎-敦南,2023-11-02,9101
2485,兆赫,11,0,11,群益金鼎-敦南,2023-11-02,9101
1303,南亞,10,0,10,群益金鼎-敦南,2023-11-02,9101
00719B,元大美債1-3,10,0,10,群益金鼎-敦南,2023-11-02,9101
6806,森崴能源,10,1,9,群益金鼎-敦南,2023-11-02,9101
6176,瑞儀,9,0,9,群益金鼎-敦南,2023-11-02,9101
2472,立隆電,9,0,9,群益金鼎-敦南,2023-11-02,9101
6279,胡連,11,2,9,群益金鼎-敦南,2023-11-02,9101
00919,群益台灣精選高息,23,15,8,群益金鼎-敦南,2023-11-02,9101
4532,瑞智,8,0,8,群益金鼎-敦南,2023-11-02,9101
2834,臺企銀,10,2,8,群益金鼎-敦南,2023-11-02,9101
3548,兆利,29,21,8,群益金鼎-敦南,2023-11-02,9101
00878,國泰永續高股息,8,0,8,群益金鼎-敦南,2023-11-02,9101
4108,懷特,7,0,7,群益金鼎-敦南,2023-11-02,9101
2201,裕隆,19,12,7,群益金鼎-敦南,2023-11-02,9101
00934,中信成長高股息,7,0,7,群益金鼎-敦南,2023-11-02,9101
3094,聯傑,11,4,7,群益金鼎-敦南,2023-11-02,9101
3055,蔚華科,12,5,7,群益金鼎-敦南,2023-11-02,9101
6472,保瑞,7,0,7,群益金鼎-敦南,2023-11-02,9101
2457,飛宏,8,2,6,群益金鼎-敦南,2023-11-02,9101
3231,緯創,80,74,6,群益金鼎-敦南,2023-11-02,9101
3265,台星科,6,0,6,群益金鼎-敦南,2023-11-02,9101
8227,巨有科技,7,1,6,群益金鼎-敦南,2023-11-02,9101
5483,中美晶,22,16,6,群益金鼎-敦南,2023-11-02,9101
8048,德勝,5,0,5,群益金鼎-敦南,2023-11-02,9101
2883,凱基金,5,0,5,群益金鼎-敦南,2023-11-02,9101
3013,晟銘電,5,0,5,群益金鼎-敦南,2023-11-02,9101
3205,佰研,5,0,5,群益金鼎-敦南,2023-11-02,9101
8927,北基,5,0,5,群益金鼎-敦南,2023-11-02,9101
1101,台泥,6,2,4,群益金鼎-敦南,2023-11-02,9101
1321,大洋,17,13,4,群益金鼎-敦南,2023-11-02,9101
3044,健鼎,6,2,4,群益金鼎-敦南,2023-11-02,9101
4306,炎洲,5,1,4,群益金鼎-敦南,2023-11-02,9101
2838A,聯邦銀甲特,4,0,4,群益金鼎-敦南,2023-11-02,9101
00670L,富邦NASDAQ正2,5,1,4,群益金鼎-敦南,2023-11-02,9101
1524,耿鼎,20,16,4,群益金鼎-敦南,2023-11-02,9101
6189,豐藝,3,0,3,群益金鼎-敦南,2023-11-02,9101
5439,高技,4,1,3,群益金鼎-敦南,2023-11-02,9101
2388,威盛,493,105,388,群益金鼎-敦南,2023-11-03,9101
0056,元大高股息,102,4,98,群益金鼎-敦南,2023-11-03,9101
00919,群益台灣精選高息,93,0,93,群益金鼎-敦南,2023-11-03,9101
4167,松瑞藥,92,0,92,群益金鼎-敦南,2023-11-03,9101
00713,元大台灣高息低波,82,0,82,群益金鼎-敦南,2023-11-03,9101
5439,高技,88,9,79,群益金鼎-敦南,2023-11-03,9101
2618,長榮航,104,32,72,群益金鼎-敦南,2023-11-03,9101
2363,矽統,136,72,64,群益金鼎-敦南,2023-11-03,9101
3694,海華,82,25,57,群益金鼎-敦南,2023-11-03,9101
00878,國泰永續高股息,32,2,30,群益金鼎-敦南,2023-11-03,9101
2889,國票金,22,0,22,群益金鼎-敦南,2023-11-03,9101
2543,皇昌,32,11,21,群益金鼎-敦南,2023-11-03,9101
2344,華邦電,22,1,21,群益金鼎-敦南,2023-11-03,9101
1603,華電,20,0,20,群益金鼎-敦南,2023-11-03,9101
2884,玉山金,20,0,20,群益金鼎-敦南,2023-11-03,9101
9958,世紀鋼,54,34,20,群益金鼎-敦南,2023-11-03,9101
2498,宏達電,21,1,20,群益金鼎-敦南,2023-11-03,9101
2313,華通,29,12,17,群益金鼎-敦南,2023-11-03,9101
3515,華擎,17,0,17,群益金鼎-敦南,2023-11-03,9101
00929,復華台灣科技優息,17,0,17,群益金鼎-敦南,2023-11-03,9101
6531,愛普*,55,39,16,群益金鼎-敦南,2023-11-03,9101
2201,裕隆,17,2,15,群益金鼎-敦南,2023-11-03,9101
00631L,元大台灣50正2,15,0,15,群益金鼎-敦南,2023-11-03,9101
1568,倉佑,15,0,15,群益金鼎-敦南,2023-11-03,9101
3231,緯創,92,79,13,群益金鼎-敦南,2023-11-03,9101
2329,華泰,18,6,12,群益金鼎-敦南,2023-11-03,9101
2460,建通,12,0,12,群益金鼎-敦南,2023-11-03,9101
2317,鴻海,18,7,11,群益金鼎-敦南,2023-11-03,9101
3176,基亞,10,0,10,群益金鼎-敦南,2023-11-03,9101
2834,臺企銀,10,0,10,群益金鼎-敦南,2023-11-03,9101
3122,笙泉,13,3,10,群益金鼎-敦南,2023-11-03,9101
00637L,元大滬深300正2,10,0,10,群益金鼎-敦南,2023-11-03,9101
2515,中工,10,0,10,群益金鼎-敦南,2023-11-03,9101
9941,裕融,9,0,9,群益金鼎-敦南,2023-11-03,9101
6593,台灣銘板,9,0,9,群益金鼎-敦南,2023-11-03,9101
9950,萬國通,20,12,8,群益金鼎-敦南,2023-11-03,9101
4906,正文,14,6,8,群益金鼎-敦南,2023-11-03,9101
2002,中鋼,8,0,8,群益金鼎-敦南,2023-11-03,9101
00679B,元大美債20年,18,11,7,群益金鼎-敦南,2023-11-03,9101
5353,台林,7,0,7,群益金鼎-敦南,2023-11-03,9101
8150,南茂,10,3,7,群益金鼎-敦南,2023-11-03,9101
6535,順藥,7,0,7,群益金鼎-敦南,2023-11-03,9101
2376,技嘉,27,21,6,群益金鼎-敦南,2023-11-03,9101
5465,富驊,6,0,6,群益金鼎-敦南,2023-11-03,9101
8112,至上,8,2,6,群益金鼎-敦南,2023-11-03,9101
9943,好樂迪,6,0,6,群益金鼎-敦南,2023-11-03,9101
8110,華東,7,1,6,群益金鼎-敦南,2023-11-03,9101
2816,旺旺保,15,10,5,群益金鼎-敦南,2023-11-03,9101
5469,瀚宇博,7,2,5,群益金鼎-敦南,2023-11-03,9101
3024,憶聲,5,0,5,群益金鼎-敦南,2023-11-03,9101
2388,威盛,398,116,282,群益金鼎-敦南,2023-11-06,9101
00637L,元大滬深300正2,200,10,190,群益金鼎-敦南,2023-11-06,9101
5439,高技,86,6,80,群益金鼎-敦南,2023-11-06,9101
00900,富邦特選高股息30,60,0,60,群益金鼎-敦南,2023-11-06,9101
1582,信錦,56,3,53,群益金鼎-敦南,2023-11-06,9101
00929,復華台灣科技優息,42,1,41,群益金鼎-敦南,2023-11-06,9101
1560,中砂,33,3,30,群益金鼎-敦南,2023-11-06,9101
2313,華通,26,5,21,群益金鼎-敦南,2023-11-06,9101
00857B,永豐20年美公債,20,0,20,群益金鼎-敦南,2023-11-06,9101
5225,東科-KY,25,6,19,群益金鼎-敦南,2023-11-06,9101
5213,亞昕,24,5,19,群益金鼎-敦南,2023-11-06,9101
6531,愛普*,24,8,16,群益金鼎-敦南,2023-11-06,9101
2527,宏璟,14,0,14,群益金鼎-敦南,2023-11-06,9101
2476,鉅祥,15,1,14,群益金鼎-敦南,2023-11-06,9101
4566,時碩工業,13,0,13,群益金鼎-敦南,2023-11-06,9101
6243,迅杰,45,32,13,群益金鼎-敦南,2023-11-06,9101
00919,群益台灣精選高息,12,0,12,群益金鼎-敦南,2023-11-06,9101
1785,光洋科,12,0,12,群益金鼎-敦南,2023-11-06,9101
2409,友達,13,1,12,群益金鼎-敦南,2023-11-06,9101
00719B,元大美債1-3,12,0,12,群益金鼎-敦南,2023-11-06,9101
6173,信昌電,11,0,11,群益金鼎-敦南,2023-11-06,9101
6176,瑞儀,11,0,11,群益金鼎-敦南,2023-11-06,9101
6216,居易,11,0,11,群益金鼎-敦南,2023-11-06,9101
2376,技嘉,26,16,10,群益金鼎-敦南,2023-11-06,9101
4153,鈺緯,10,0,10,群益金鼎-敦南,2023-11-06,9101
3693,營邦,10,0,10,群益金鼎-敦南,2023-11-06,9101
00680L,元大美債20正2,10,0,10,群益金鼎-敦南,2023-11-06,9101
3481,群創,10,0,10,群益金鼎-敦南,2023-11-06,9101
2834,臺企銀,10,0,10,群益金鼎-敦南,2023-11-06,9101
6901,鑽石投資,10,0,10,群益金鼎-敦南,2023-11-06,9101
4938,和碩,9,0,9,群益金鼎-敦南,2023-11-06,9101
3122,笙泉,15,7,8,群益金鼎-敦南,2023-11-06,9101
00631L,元大台灣50正2,10,2,8,群益金鼎-敦南,2023-11-06,9101
6139,亞翔,12,4,8,群益金鼎-敦南,2023-11-06,9101
4967,十銓,31,23,8,群益金鼎-敦南,2023-11-06,9101
6290,良維,14,6,8,群益金鼎-敦南,2023-11-06,9101
1524,耿鼎,47,39,8,群益金鼎-敦南,2023-11-06,9101
2236,百達-KY,8,0,8,群益金鼎-敦南,2023-11-06,9101
8110,華東,18,10,8,群益金鼎-敦南,2023-11-06,9101
00679B,元大美債20年,7,0,7,群益金鼎-敦南,2023-11-06,9101
8163,達方,19,13,6,群益金鼎-敦南,2023-11-06,9101
3325,旭品,6,0,6,群益金鼎-敦南,2023-11-06,9101
00687B,國泰20年美債,5,0,5,群益金鼎-敦南,2023-11-06,9101
3035,智原,24,19,5,群益金鼎-敦南,2023-11-06,9101
00885,富邦越南,5,0,5,群益金鼎-敦南,2023-11-06,9101
9919,康那香,5,0,5,群益金鼎-敦南,2023-11-06,9101
3141,晶宏,5,0,5,群益金鼎-敦南,2023-11-06,9101
5309,系統電,5,0,5,群益金鼎-敦南,2023-11-06,9101
2515,中工,5,0,5,群益金鼎-敦南,2023-11-06,9101
00642U,期元大S＆P石油,5,0,5,群益金鼎-敦南,2023-11-06,9101
4162,智擎,112,18,94,群益金鼎-敦南,2023-11-07,9101
00720B,元大投資級公司債,52,0,52,群益金鼎-敦南,2023-11-07,9101
3481,群創,35,0,35,群益金鼎-敦南,2023-11-07,9101
2388,威盛,50,19,31,群益金鼎-敦南,2023-11-07,9101
00679B,元大美債20年,23,0,23,群益金鼎-敦南,2023-11-07,9101
2618,長榮航,25,2,23,群益金鼎-敦南,2023-11-07,9101
8088,品安,20,0,20,群益金鼎-敦南,2023-11-07,9101
1521,大億,20,0,20,群益金鼎-敦南,2023-11-07,9101
00696B,富邦美債20年,20,0,20,群益金鼎-敦南,2023-11-07,9101
2317,鴻海,20,3,17,群益金鼎-敦南,2023-11-07,9101
00878,國泰永續高股息,17,2,15,群益金鼎-敦南,2023-11-07,9101
3141,晶宏,15,0,15,群益金鼎-敦南,2023-11-07,9101
3045,台灣大,15,1,14,群益金鼎-敦南,2023-11-07,9101
2634,漢翔,28,15,13,群益金鼎-敦南,2023-11-07,9101
2498,宏達電,12,0,12,群益金鼎-敦南,2023-11-07,9101
8996,高力,12,0,12,群益金鼎-敦南,2023-11-07,9101
1618,合機,14,2,12,群益金鼎-敦南,2023-11-07,9101
3325,旭品,12,0,12,群益金鼎-敦南,2023-11-07,9101
2344,華邦電,12,0,12,群益金鼎-敦南,2023-11-07,9101
5351,鈺創,17,5,12,群益金鼎-敦南,2023-11-07,9101
2405,輔信,17,5,12,群益金鼎-敦南,2023-11-07,9101
2603,長榮,13,2,11,群益金鼎-敦南,2023-11-07,9101
2888,新光金,13,2,11,群益金鼎-敦南,2023-11-07,9101
6185,幃翔,16,6,10,群益金鼎-敦南,2023-11-07,9101
1503,士電,10,0,10,群益金鼎-敦南,2023-11-07,9101
2485,兆赫,10,0,10,群益金鼎-敦南,2023-11-07,9101
9943,好樂迪,10,0,10,群益金鼎-敦南,2023-11-07,9101
3234,光環,10,0,10,群益金鼎-敦南,2023-11-07,9101
3548,兆利,59,50,9,群益金鼎-敦南,2023-11-07,9101
3006,晶豪科,9,0,9,群益金鼎-敦南,2023-11-07,9101
2883,凱基金,9,0,9,群益金鼎-敦南,2023-11-07,9101
1524,耿鼎,13,4,9,群益金鼎-敦南,2023-11-07,9101
6603,富強鑫,10,1,9,群益金鼎-敦南,2023-11-07,9101
6113,亞矽,8,0,8,群益金鼎-敦南,2023-11-07,9101
3035,智原,33,25,8,群益金鼎-敦南,2023-11-07,9101
2838A,聯邦銀甲特,8,0,8,群益金鼎-敦南,2023-11-07,9101
2313,華通,15,7,8,群益金鼎-敦南,2023-11-07,9101
2363,矽統,64,56,8,群益金鼎-敦南,2023-11-07,9101
3228,金麗科,7,0,7,群益金鼎-敦南,2023-11-07,9101
3037,欣興,10,3,7,群益金鼎-敦南,2023-11-07,9101
1795,美時,12,5,7,群益金鼎-敦南,2023-11-07,9101
3105,穩懋,26,19,7,群益金鼎-敦南,2023-11-07,9101
8069,元太,7,0,7,群益金鼎-敦南,2023-11-07,9101
6206,飛捷,6,0,6,群益金鼎-敦南,2023-11-07,9101
2355,敬鵬,6,0,6,群益金鼎-敦南,2023-11-07,9101
8176,智捷,6,0,6,群益金鼎-敦南,2023-11-07,9101
3545,敦泰,10,5,5,群益金鼎-敦南,2023-11-07,9101
6585,鼎基,5,0,5,群益金鼎-敦南,2023-11-07,9101
4967,十銓,34,29,5,群益金鼎-敦南,2023-11-07,9101
3207,耀勝,5,0,5,群益金鼎-敦南,2023-11-07,9101
2376,技嘉,247,46,201,群益金鼎-敦南,2023-11-08,9101
6243,迅杰,168,1,167,群益金鼎-敦南,2023-11-08,9101
2317,鴻海,112,4,108,群益金鼎-敦南,2023-11-08,9101
00936,台新永續高息中小,103,0,103,群益金鼎-敦南,2023-11-08,9101
2388,威盛,149,60,89,群益金鼎-敦南,2023-11-08,9101
3545,敦泰,76,6,70,群益金鼎-敦南,2023-11-08,9101
2313,華通,93,30,63,群益金鼎-敦南,2023-11-08,9101
2618,長榮航,212,154,58,群益金鼎-敦南,2023-11-08,9101
00640L,富邦日本正2,37,0,37,群益金鼎-敦南,2023-11-08,9101
6138,茂達,55,19,36,群益金鼎-敦南,2023-11-08,9101
00934,中信成長高股息,30,0,30,群益金鼎-敦南,2023-11-08,9101
00935,野村臺灣新科技50,30,0,30,群益金鼎-敦南,2023-11-08,9101
6901,鑽石投資,30,4,26,群益金鼎-敦南,2023-11-08,9101
00931B,統一美債20年,30,5,25,群益金鼎-敦南,2023-11-08,9101
6284,佳邦,44,23,21,群益金鼎-敦南,2023-11-08,9101
4550,長佳,20,0,20,群益金鼎-敦南,2023-11-08,9101
2201,裕隆,26,7,19,群益金鼎-敦南,2023-11-08,9101
00751B,元大AAA至A公司債,16,0,16,群益金鼎-敦南,2023-11-08,9101
8081,致新,15,0,15,群益金鼎-敦南,2023-11-08,9101
1504,東元,14,0,14,群益金鼎-敦南,2023-11-08,9101
8227,巨有科技,15,1,14,群益金鼎-敦南,2023-11-08,9101
2303,聯電,16,2,14,群益金鼎-敦南,2023-11-08,9101
2515,中工,13,0,13,群益金鼎-敦南,2023-11-08,9101
1815,富喬,83,70,13,群益金鼎-敦南,2023-11-08,9101
6535,順藥,11,0,11,群益金鼎-敦南,2023-11-08,9101
3037,欣興,10,0,10,群益金鼎-敦南,2023-11-08,9101
2820,華票,10,0,10,群益金鼎-敦南,2023-11-08,9101
3093,港建*,10,0,10,群益金鼎-敦南,2023-11-08,9101
8040,九暘,10,0,10,群益金鼎-敦南,2023-11-08,9101
8215,明基材,10,0,10,群益金鼎-敦南,2023-11-08,9101
5355,佳總,10,0,10,群益金鼎-敦南,2023-11-08,9101
006208,富邦台50,10,0,10,群益金鼎-敦南,2023-11-08,9101
6185,幃翔,15,6,9,群益金鼎-敦南,2023-11-08,9101
5521,工信,10,1,9,群益金鼎-敦南,2023-11-08,9101
2609,陽明,11,2,9,群益金鼎-敦南,2023-11-08,9101
6593,台灣銘板,9,0,9,群益金鼎-敦南,2023-11-08,9101
2353,宏��,17,8,9,群益金鼎-敦南,2023-11-08,9101
3034,聯詠,14,6,8,群益金鼎-敦南,2023-11-08,9101
1712,興農,8,0,8,群益金鼎-敦南,2023-11-08,9101
1471,首利,10,2,8,群益金鼎-敦南,2023-11-08,9101
8996,高力,9,1,8,群益金鼎-敦南,2023-11-08,9101
3521,鴻翊,8,0,8,群益金鼎-敦南,2023-11-08,9101
1314,中石化,8,0,8,群益金鼎-敦南,2023-11-08,9101
2369,菱生,7,0,7,群益金鼎-敦南,2023-11-08,9101
4108,懷特,7,0,7,群益金鼎-敦南,2023-11-08,9101
6139,亞翔,7,0,7,群益金鼎-敦南,2023-11-08,9101
8261,富鼎,7,0,7,群益金鼎-敦南,2023-11-08,9101
1605,華新,11,4,7,群益金鼎-敦南,2023-11-08,9101
2401,凌陽,9,2,7,群益金鼎-敦南,2023-11-08,9101
6526,達發,7,0,7,群益金鼎-敦南,2023-11-08,9101
00637L,元大滬深300正2,201,0,201,群益金鼎-敦南,2023-11-09,9101
00931B,統一美債20年,137,0,137,群益金鼎-敦南,2023-11-09,9101
2462,良得電,127,2,125,群益金鼎-敦南,2023-11-09,9101
00679B,元大美債20年,111,8,103,群益金鼎-敦南,2023-11-09,9101
00680L,元大美債20正2,70,0,70,群益金鼎-敦南,2023-11-09,9101
2454,聯發科,64,1,63,群益金鼎-敦南,2023-11-09,9101
00900,富邦特選高股息30,60,20,40,群益金鼎-敦南,2023-11-09,9101
2303,聯電,31,1,30,群益金鼎-敦南,2023-11-09,9101
2329,華泰,112,88,24,群益金鼎-敦南,2023-11-09,9101
6126,信音,24,0,24,群益金鼎-敦南,2023-11-09,9101
2344,華邦電,22,0,22,群益金鼎-敦南,2023-11-09,9101
6185,幃翔,21,0,21,群益金鼎-敦南,2023-11-09,9101
5521,工信,20,0,20,群益金鼎-敦南,2023-11-09,9101
3025,星通,20,1,19,群益金鼎-敦南,2023-11-09,9101
2105,正新,25,6,19,群益金鼎-敦南,2023-11-09,9101
2492,華新科,22,4,18,群益金鼎-敦南,2023-11-09,9101
00670L,富邦NASDAQ正2,18,0,18,群益金鼎-敦南,2023-11-09,9101
00934,中信成長高股息,16,0,16,群益金鼎-敦南,2023-11-09,9101
8227,巨有科技,15,0,15,群益金鼎-敦南,2023-11-09,9101
2486,一詮,40,26,14,群益金鼎-敦南,2023-11-09,9101
5469,瀚宇博,50,36,14,群益金鼎-敦南,2023-11-09,9101
2852,第一保,14,0,14,群益金鼎-敦南,2023-11-09,9101
6284,佳邦,14,1,13,群益金鼎-敦南,2023-11-09,9101
2331,精英,14,1,13,群益金鼎-敦南,2023-11-09,9101
2618,長榮航,47,35,12,群益金鼎-敦南,2023-11-09,9101
2889,國票金,11,0,11,群益金鼎-敦南,2023-11-09,9101
3035,智原,42,32,10,群益金鼎-敦南,2023-11-09,9101
2305,全友,10,0,10,群益金鼎-敦南,2023-11-09,9101
4934,太極,10,0,10,群益金鼎-敦南,2023-11-09,9101
2498,宏達電,10,0,10,群益金鼎-敦南,2023-11-09,9101
3055,蔚華科,10,0,10,群益金鼎-敦南,2023-11-09,9101
2412,中華電,11,2,9,群益金鼎-敦南,2023-11-09,9101
3260,威剛,23,14,9,群益金鼎-敦南,2023-11-09,9101
3444,利機,9,0,9,群益金鼎-敦南,2023-11-09,9101
2002,中鋼,9,0,9,群益金鼎-敦南,2023-11-09,9101
1522,堤維西,11,2,9,群益金鼎-敦南,2023-11-09,9101
3234,光環,13,4,9,群益金鼎-敦南,2023-11-09,9101
6292,迅德,8,0,8,群益金鼎-敦南,2023-11-09,9101
6412,群電,10,2,8,群益金鼎-敦南,2023-11-09,9101
3014,聯陽,16,9,7,群益金鼎-敦南,2023-11-09,9101
2885,元大金,7,0,7,群益金鼎-敦南,2023-11-09,9101
6523,達爾膚,7,0,7,群益金鼎-敦南,2023-11-09,9101
6026,福邦證,7,0,7,群益金鼎-敦南,2023-11-09,9101
3715,定穎投控,13,6,7,群益金鼎-敦南,2023-11-09,9101
2355,敬鵬,8,1,7,群益金鼎-敦南,2023-11-09,9101
4967,十銓,14,7,7,群益金鼎-敦南,2023-11-09,9101
6117,迎廣,30,23,7,群益金鼎-敦南,2023-11-09,9101
3227,原相,19,13,6,群益金鼎-敦南,2023-11-09,9101
4743,合一,22,16,6,群益金鼎-敦南,2023-11-09,9101
8050,廣積,10,4,6,群益金鼎-敦南,2023-11-09,9101
0056,元大高股息,101,0,101,群益金鼎-敦南,2023-11-10,9101
2412,中華電,57,1,56,群益金鼎-敦南,2023-11-10,9101
1605,華新,52,5,47,群益金鼎-敦南,2023-11-10,9101
00713,元大台灣高息低波,38,0,38,群益金鼎-敦南,2023-11-10,9101
4128,中天,81,46,35,群益金鼎-敦南,2023-11-10,9101
00891,中信關鍵半導體,36,2,34,群益金鼎-敦南,2023-11-10,9101
5469,瀚宇博,35,5,30,群益金鼎-敦南,2023-11-10,9101
3231,緯創,71,43,28,群益金鼎-敦南,2023-11-10,9101
2492,華新科,23,1,22,群益金鼎-敦南,2023-11-10,9101
1515,力山,22,1,21,群益金鼎-敦南,2023-11-10,9101
1618,合機,26,5,21,群益金鼎-敦南,2023-11-10,9101
4743,合一,45,24,21,群益金鼎-敦南,2023-11-10,9101
00857B,永豐20年美公債,20,0,20,群益金鼎-敦南,2023-11-10,9101
00900,富邦特選高股息30,20,0,20,群益金鼎-敦南,2023-11-10,9101
4550,長佳,20,0,20,群益金鼎-敦南,2023-11-10,9101
2486,一詮,76,58,18,群益金鼎-敦南,2023-11-10,9101
2889,國票金,16,0,16,群益金鼎-敦南,2023-11-10,9101
6541,泰福-KY,14,0,14,群益金鼎-敦南,2023-11-10,9101
00687B,國泰20年美債,13,0,13,群益金鼎-敦南,2023-11-10,9101
00929,復華台灣科技優息,17,4,13,群益金鼎-敦南,2023-11-10,9101
00919,群益台灣精選高息,13,0,13,群益金鼎-敦南,2023-11-10,9101
3715,定穎投控,14,2,12,群益金鼎-敦南,2023-11-10,9101
6125,廣運,30,18,12,群益金鼎-敦南,2023-11-10,9101
00882,中信中國高股息,11,0,11,群益金鼎-敦南,2023-11-10,9101
1584,精剛,90,79,11,群益金鼎-敦南,2023-11-10,9101
4129,聯合,40,29,11,群益金鼎-敦南,2023-11-10,9101
5347,世界,11,0,11,群益金鼎-敦南,2023-11-10,9101
00922,國泰台灣領袖50,12,1,11,群益金鼎-敦南,2023-11-10,9101
8227,巨有科技,11,0,11,群益金鼎-敦南,2023-11-10,9101
3029,零壹,11,0,11,群益金鼎-敦南,2023-11-10,9101
1524,耿鼎,27,16,11,群益金鼎-敦南,2023-11-10,9101
00936,台新永續高息中小,12,2,10,群益金鼎-敦南,2023-11-10,9101
4960,誠美材,10,0,10,群益金鼎-敦南,2023-11-10,9101
6901,鑽石投資,33,23,10,群益金鼎-敦南,2023-11-10,9101
00679B,元大美債20年,15,5,10,群益金鼎-敦南,2023-11-10,9101
00931B,統一美債20年,12,3,9,群益金鼎-敦南,2023-11-10,9101
9958,世紀鋼,68,59,9,群益金鼎-敦南,2023-11-10,9101
2206,三陽工業,9,0,9,群益金鼎-敦南,2023-11-10,9101
3035,智原,32,24,8,群益金鼎-敦南,2023-11-10,9101
00670L,富邦NASDAQ正2,8,0,8,群益金鼎-敦南,2023-11-10,9101
2382,廣達,30,22,8,群益金鼎-敦南,2023-11-10,9101
3037,欣興,7,0,7,群益金鼎-敦南,2023-11-10,9101
2388,威盛,33,26,7,群益金鼎-敦南,2023-11-10,9101
3374,精材,11,4,7,群益金鼎-敦南,2023-11-10,9101
2634,漢翔,7,0,7,群益金鼎-敦南,2023-11-10,9101
2457,飛宏,7,0,7,群益金鼎-敦南,2023-11-10,9101
9943,好樂迪,7,0,7,群益金鼎-敦南,2023-11-10,9101
2462,良得電,7,0,7,群益金鼎-敦南,2023-11-10,9101
4533,協易機,101,95,6,群益金鼎-敦南,2023-11-10,9101
2316,楠梓電,7,1,6,群益金鼎-敦南,2023-11-10,9101
2303,聯電,112,1,111,群益金鼎-敦南,2023-11-13,9101
00679B,元大美債20年,38,2,36,群益金鼎-敦南,2023-11-13,9101
3045,台灣大,30,1,29,群益金鼎-敦南,2023-11-13,9101
00929,復華台灣科技優息,26,1,25,群益金鼎-敦南,2023-11-13,9101
2340,台亞,21,0,21,群益金鼎-敦南,2023-11-13,9101
3128,昇銳,21,0,21,群益金鼎-敦南,2023-11-13,9101
4934,太極,20,0,20,群益金鼎-敦南,2023-11-13,9101
4532,瑞智,20,0,20,群益金鼎-敦南,2023-11-13,9101
2891,中信金,21,1,20,群益金鼎-敦南,2023-11-13,9101
9958,世紀鋼,73,54,19,群益金鼎-敦南,2023-11-13,9101
1795,美時,21,3,18,群益金鼎-敦南,2023-11-13,9101
00919,群益台灣精選高息,16,0,16,群益金鼎-敦南,2023-11-13,9101
2889,國票金,16,0,16,群益金鼎-敦南,2023-11-13,9101
6616,特昇-KY,15,0,15,群益金鼎-敦南,2023-11-13,9101
00878,國泰永續高股息,15,1,14,群益金鼎-敦南,2023-11-13,9101
6202,盛群,20,6,14,群益金鼎-敦南,2023-11-13,9101
2352,佳世達,17,3,14,群益金鼎-敦南,2023-11-13,9101
4123,晟德,14,1,13,群益金鼎-敦南,2023-11-13,9101
2376,技嘉,13,1,12,群益金鼎-敦南,2023-11-13,9101
2367,燿華,11,0,11,群益金鼎-敦南,2023-11-13,9101
2615,萬海,11,0,11,群益金鼎-敦南,2023-11-13,9101
2313,華通,114,104,10,群益金鼎-敦南,2023-11-13,9101
6148,驊宏資,10,0,10,群益金鼎-敦南,2023-11-13,9101
3709,鑫聯大投控,10,0,10,群益金鼎-敦南,2023-11-13,9101
6143,振曜,18,8,10,群益金鼎-敦南,2023-11-13,9101
6187,萬潤,15,5,10,群益金鼎-敦南,2023-11-13,9101
00645,富邦日本,10,0,10,群益金鼎-敦南,2023-11-13,9101
2204,中華,12,2,10,群益金鼎-敦南,2023-11-13,9101
00656R,國泰中國A50反1,10,0,10,群益金鼎-敦南,2023-11-13,9101
2382,廣達,28,19,9,群益金鼎-敦南,2023-11-13,9101
5381,合正,9,0,9,群益金鼎-敦南,2023-11-13,9101
8227,巨有科技,10,1,9,群益金鼎-敦南,2023-11-13,9101
9904,寶成,9,0,9,群益金鼎-敦南,2023-11-13,9101
9941,裕融,8,0,8,群益金鼎-敦南,2023-11-13,9101
2359,所羅門,8,0,8,群益金鼎-敦南,2023-11-13,9101
4746,台耀,10,2,8,群益金鼎-敦南,2023-11-13,9101
3217,優群,7,0,7,群益金鼎-敦南,2023-11-13,9101
00642U,期元大S＆P石油,7,0,7,群益金鼎-敦南,2023-11-13,9101
5508,永信建,7,0,7,群益金鼎-敦南,2023-11-13,9101
2618,長榮航,183,176,7,群益金鼎-敦南,2023-11-13,9101
6139,亞翔,10,3,7,群益金鼎-敦南,2023-11-13,9101
8163,達方,12,5,7,群益金鼎-敦南,2023-11-13,9101
1463,強盛新,7,0,7,群益金鼎-敦南,2023-11-13,9101
2337,旺宏,8,1,7,群益金鼎-敦南,2023-11-13,9101
6841,長佳智能,7,0,7,群益金鼎-敦南,2023-11-13,9101
6901,鑽石投資,20,13,7,群益金鼎-敦南,2023-11-13,9101
6245,立端,6,0,6,群益金鼎-敦南,2023-11-13,9101
3481,群創,6,0,6,群益金鼎-敦南,2023-11-13,9101
4164,承業醫,6,0,6,群益金鼎-敦南,2023-11-13,9101
1436,華友聯,6,0,6,群益金鼎-敦南,2023-11-13,9101
00637L,元大滬深300正2,100,0,100,群益金鼎-敦南,2023-11-14,9101
2329,華泰,106,42,64,群益金鼎-敦南,2023-11-14,9101
3231,緯創,96,32,64,群益金鼎-敦南,2023-11-14,9101
00860B,群益1-5Y投資級債,40,0,40,群益金鼎-敦南,2023-11-14,9101
00900,富邦特選高股息30,39,0,39,群益金鼎-敦南,2023-11-14,9101
00878,國泰永續高股息,29,3,26,群益金鼎-敦南,2023-11-14,9101
2303,聯電,24,0,24,群益金鼎-敦南,2023-11-14,9101
1504,東元,26,2,24,群益金鼎-敦南,2023-11-14,9101
5483,中美晶,24,2,22,群益金鼎-敦南,2023-11-14,9101
6901,鑽石投資,22,2,20,群益金鼎-敦南,2023-11-14,9101
00661,元大日經225,18,0,18,群益金鼎-敦南,2023-11-14,9101
3006,晶豪科,34,17,17,群益金鼎-敦南,2023-11-14,9101
3481,群創,17,0,17,群益金鼎-敦南,2023-11-14,9101
2618,長榮航,18,5,13,群益金鼎-敦南,2023-11-14,9101
2883,凱基金,12,0,12,群益金鼎-敦南,2023-11-14,9101
5469,瀚宇博,20,8,12,群益金鼎-敦南,2023-11-14,9101
3147,大綜,12,2,10,群益金鼎-敦南,2023-11-14,9101
1449,佳和,10,0,10,群益金鼎-敦南,2023-11-14,9101
4934,太極,10,0,10,群益金鼎-敦南,2023-11-14,9101
00679B,元大美債20年,15,5,10,群益金鼎-敦南,2023-11-14,9101
2498,宏達電,37,27,10,群益金鼎-敦南,2023-11-14,9101
00934,中信成長高股息,10,1,9,群益金鼎-敦南,2023-11-14,9101
8227,巨有科技,10,1,9,群益金鼎-敦南,2023-11-14,9101
2363,矽統,29,21,8,群益金鼎-敦南,2023-11-14,9101
5258,虹堡,19,11,8,群益金鼎-敦南,2023-11-14,9101
6143,振曜,13,5,8,群益金鼎-敦南,2023-11-14,9101
9950,萬國通,21,14,7,群益金鼎-敦南,2023-11-14,9101
2374,佳能,19,12,7,群益金鼎-敦南,2023-11-14,9101
3041,揚智,11,4,7,群益金鼎-敦南,2023-11-14,9101
00919,群益台灣精選高息,7,0,7,群益金鼎-敦南,2023-11-14,9101
1568,倉佑,12,5,7,群益金鼎-敦南,2023-11-14,9101
5009,榮剛,62,55,7,群益金鼎-敦南,2023-11-14,9101
6593,台灣銘板,10,4,6,群益金鼎-敦南,2023-11-14,9101
2313,華通,13,7,6,群益金鼎-敦南,2023-11-14,9101
6122,擎邦,158,152,6,群益金鼎-敦南,2023-11-14,9101
6532,瑞耘,6,0,6,群益金鼎-敦南,2023-11-14,9101
3025,星通,6,0,6,群益金鼎-敦南,2023-11-14,9101
6245,立端,6,0,6,群益金鼎-敦南,2023-11-14,9101
2520,冠德,5,0,5,群益金鼎-敦南,2023-11-14,9101
00633L,富邦上証正2,5,0,5,群益金鼎-敦南,2023-11-14,9101
3176,基亞,5,0,5,群益金鼎-敦南,2023-11-14,9101
6274,台燿,5,0,5,群益金鼎-敦南,2023-11-14,9101
2102,泰豐,5,0,5,群益金鼎-敦南,2023-11-14,9101
3588,通嘉,8,3,5,群益金鼎-敦南,2023-11-14,9101
4533,協易機,8,3,5,群益金鼎-敦南,2023-11-14,9101
6116,彩晶,5,0,5,群益金鼎-敦南,2023-11-14,9101
2425,承啟,5,0,5,群益金鼎-敦南,2023-11-14,9101
3078,僑威,22,17,5,群益金鼎-敦南,2023-11-14,9101
1721,三晃,5,0,5,群益金鼎-敦南,2023-11-14,9101
3709,鑫聯大投控,5,0,5,群益金鼎-敦南,2023-11-14,9101
00878,國泰永續高股息,116,13,103,群益金鼎-敦南,2023-11-15,9101
00637L,元大滬深300正2,102,0,102,群益金鼎-敦南,2023-11-15,9101
3006,晶豪科,104,8,96,群益金鼎-敦南,2023-11-15,9101
2387,精元,72,2,70,群益金鼎-敦南,2023-11-15,9101
2462,良得電,50,0,50,群益金鼎-敦南,2023-11-15,9101
6243,迅杰,47,0,47,群益金鼎-敦南,2023-11-15,9101
00929,復華台灣科技優息,42,1,41,群益金鼎-敦南,2023-11-15,9101
8054,安國,29,2,27,群益金鼎-敦南,2023-11-15,9101
2486,一詮,65,38,27,群益金鼎-敦南,2023-11-15,9101
2323,中環,35,10,25,群益金鼎-敦南,2023-11-15,9101
2369,菱生,44,24,20,群益金鼎-敦南,2023-11-15,9101
1815,富喬,33,13,20,群益金鼎-敦南,2023-11-15,9101
1568,倉佑,19,1,18,群益金鼎-敦南,2023-11-15,9101
3715,定穎投控,20,3,17,群益金鼎-敦南,2023-11-15,9101
3035,智原,33,17,16,群益金鼎-敦南,2023-11-15,9101
3260,威剛,19,4,15,群益金鼎-敦南,2023-11-15,9101
00756B,群益投等新興公債,15,0,15,群益金鼎-敦南,2023-11-15,9101
9958,世紀鋼,104,89,15,群益金鼎-敦南,2023-11-15,9101
00633L,富邦上証正2,15,0,15,群益金鼎-敦南,2023-11-15,9101
6161,捷波,14,0,14,群益金鼎-敦南,2023-11-15,9101
6275,元山,14,0,14,群益金鼎-敦南,2023-11-15,9101
00850,元大臺灣ESG永續,13,0,13,群益金鼎-敦南,2023-11-15,9101
2472,立隆電,18,6,12,群益金鼎-敦南,2023-11-15,9101
3036,文曄,12,0,12,群益金鼎-敦南,2023-11-15,9101
3669,圓展,20,10,10,群益金鼎-敦南,2023-11-15,9101
5301,寶得利,10,0,10,群益金鼎-敦南,2023-11-15,9101
2637,慧洋-KY,10,0,10,群益金鼎-敦南,2023-11-15,9101
00795B,中信美國公債20年,10,0,10,群益金鼎-敦南,2023-11-15,9101
3709,鑫聯大投控,10,0,10,群益金鼎-敦南,2023-11-15,9101
00645,富邦日本,10,0,10,群益金鼎-敦南,2023-11-15,9101
3363,上詮,66,56,10,群益金鼎-敦南,2023-11-15,9101
3541,西柏,9,0,9,群益金鼎-敦南,2023-11-15,9101
5258,虹堡,13,4,9,群益金鼎-敦南,2023-11-15,9101
00687B,國泰20年美債,9,0,9,群益金鼎-敦南,2023-11-15,9101
00927,群益半導體收益,10,1,9,群益金鼎-敦南,2023-11-15,9101
2882,國泰金,10,1,9,群益金鼎-敦南,2023-11-15,9101
6147,頎邦,8,0,8,群益金鼎-敦南,2023-11-15,9101
1513,中興電,9,1,8,群益金鼎-敦南,2023-11-15,9101
4945,陞達科技,8,0,8,群益金鼎-敦南,2023-11-15,9101
4979,華星光,9,1,8,群益金鼎-敦南,2023-11-15,9101
00935,野村臺灣新科技50,10,2,8,群益金鼎-敦南,2023-11-15,9101
2417,圓剛,32,25,7,群益金鼎-敦南,2023-11-15,9101
6292,迅德,9,2,7,群益金鼎-敦南,2023-11-15,9101
2425,承啟,12,5,7,群益金鼎-敦南,2023-11-15,9101
2371,大同,7,0,7,群益金鼎-敦南,2023-11-15,9101
6213,聯茂,11,4,7,群益金鼎-敦南,2023-11-15,9101
2356,英業達,16,9,7,群益金鼎-敦南,2023-11-15,9101
3078,僑威,7,1,6,群益金鼎-敦南,2023-11-15,9101
2313,華通,31,25,6,群益金鼎-敦南,2023-11-15,9101
3017,奇鋐,26,20,6,群益金鼎-敦南,2023-11-15,9101
2882,國泰金,100,0,100,群益金鼎-敦南,2023-11-16,9101
0055,元大MSCI金融,100,0,100,群益金鼎-敦南,2023-11-16,9101
6185,幃翔,89,8,81,群益金鼎-敦南,2023-11-16,9101
2388,威盛,133,55,78,群益金鼎-敦南,2023-11-16,9101
00929,復華台灣科技優息,120,49,71,群益金鼎-敦南,2023-11-16,9101
4550,長佳,58,0,58,群益金鼎-敦南,2023-11-16,9101
6274,台燿,52,2,50,群益金鼎-敦南,2023-11-16,9101
4543,萬在,50,1,49,群益金鼎-敦南,2023-11-16,9101
2462,良得電,43,10,33,群益金鼎-敦南,2023-11-16,9101
00878,國泰永續高股息,41,12,29,群益金鼎-敦南,2023-11-16,9101
2352,佳世達,25,0,25,群益金鼎-敦南,2023-11-16,9101
2367,燿華,26,2,24,群益金鼎-敦南,2023-11-16,9101
1339,昭輝,28,5,23,群益金鼎-敦南,2023-11-16,9101
00687B,國泰20年美債,23,0,23,群益金鼎-敦南,2023-11-16,9101
00679B,元大美債20年,22,0,22,群益金鼎-敦南,2023-11-16,9101
2323,中環,20,0,20,群益金鼎-敦南,2023-11-16,9101
2329,華泰,255,235,20,群益金鼎-敦南,2023-11-16,9101
3402,漢科,19,4,15,群益金鼎-敦南,2023-11-16,9101
1603,華電,15,0,15,群益金鼎-敦南,2023-11-16,9101
4542,科嶠,15,0,15,群益金鼎-敦南,2023-11-16,9101
00931B,統一美債20年,14,0,14,群益金鼎-敦南,2023-11-16,9101
00680L,元大美債20正2,14,0,14,群益金鼎-敦南,2023-11-16,9101
6104,創惟,12,0,12,群益金鼎-敦南,2023-11-16,9101
2358,廷鑫,12,1,11,群益金鼎-敦南,2023-11-16,9101
2887,台新金,10,0,10,群益金鼎-敦南,2023-11-16,9101
00696B,富邦美債20年,10,0,10,群益金鼎-敦南,2023-11-16,9101
00719B,元大美債1-3,10,0,10,群益金鼎-敦南,2023-11-16,9101
2402,毅嘉,13,3,10,群益金鼎-敦南,2023-11-16,9101
3322,建舜電,10,0,10,群益金鼎-敦南,2023-11-16,9101
2317,鴻海,10,1,9,群益金鼎-敦南,2023-11-16,9101
6112,邁達特,9,0,9,群益金鼎-敦南,2023-11-16,9101
2465,麗臺,10,1,9,群益金鼎-敦南,2023-11-16,9101
1714,和桐,8,0,8,群益金鼎-敦南,2023-11-16,9101
6456,GIS-KY,17,9,8,群益金鼎-敦南,2023-11-16,9101
2368,金像電,12,4,8,群益金鼎-敦南,2023-11-16,9101
4938,和碩,10,3,7,群益金鼎-敦南,2023-11-16,9101
5512,力麒,87,80,7,群益金鼎-敦南,2023-11-16,9101
1524,耿鼎,62,55,7,群益金鼎-敦南,2023-11-16,9101
2313,華通,37,30,7,群益金鼎-敦南,2023-11-16,9101
2748,雲品,9,3,6,群益金鼎-敦南,2023-11-16,9101
3673,TPK-KY,8,2,6,群益金鼎-敦南,2023-11-16,9101
2436,偉詮電,6,0,6,群益金鼎-敦南,2023-11-16,9101
2472,立隆電,6,0,6,群益金鼎-敦南,2023-11-16,9101
8034,榮群,6,0,6,群益金鼎-敦南,2023-11-16,9101
1338,廣華-KY,6,0,6,群益金鼎-敦南,2023-11-16,9101
6161,捷波,6,0,6,群益金鼎-敦南,2023-11-16,9101
3450,聯鈞,11,5,6,群益金鼎-敦南,2023-11-16,9101
3715,定穎投控,10,4,6,群益金鼎-敦南,2023-11-16,9101
3036,文曄,5,0,5,群益金鼎-敦南,2023-11-16,9101
4967,十銓,11,6,5,群益金鼎-敦南,2023-11-16,9101
00679B,元大美債20年,108,5,103,群益金鼎-敦南,2023-11-17,9101
2883,凱基金,83,0,83,群益金鼎-敦南,2023-11-17,9101
6578,達邦蛋白,50,0,50,群益金鼎-敦南,2023-11-17,9101
00929,復華台灣科技優息,52,5,47,群益金鼎-敦南,2023-11-17,9101
00931B,統一美債20年,102,61,41,群益金鼎-敦南,2023-11-17,9101
00631L,元大台灣50正2,41,0,41,群益金鼎-敦南,2023-11-17,9101
3005,神基,45,9,36,群益金鼎-敦南,2023-11-17,9101
00751B,元大AAA至A公司債,36,0,36,群益金鼎-敦南,2023-11-17,9101
3715,定穎投控,69,36,33,群益金鼎-敦南,2023-11-17,9101
2641,正德,30,0,30,群益金鼎-敦南,2023-11-17,9101
2486,一詮,30,2,28,群益金鼎-敦南,2023-11-17,9101
2610,華航,42,16,26,群益金鼎-敦南,2023-11-17,9101
4542,科嶠,26,0,26,群益金鼎-敦南,2023-11-17,9101
6275,元山,21,0,21,群益金鼎-敦南,2023-11-17,9101
2609,陽明,21,0,21,群益金鼎-敦南,2023-11-17,9101
4909,新復興,20,0,20,群益金鼎-敦南,2023-11-17,9101
00752,中信中國50,20,0,20,群益金鼎-敦南,2023-11-17,9101
2356,英業達,24,5,19,群益金鼎-敦南,2023-11-17,9101
1605,華新,21,2,19,群益金鼎-敦南,2023-11-17,9101
2498,宏達電,98,80,18,群益金鼎-敦南,2023-11-17,9101
2488,漢平,14,0,14,群益金鼎-敦南,2023-11-17,9101
3276,宇環,34,20,14,群益金鼎-敦南,2023-11-17,9101
2363,矽統,114,101,13,群益金鼎-敦南,2023-11-17,9101
2603,長榮,15,2,13,群益金鼎-敦南,2023-11-17,9101
2312,金寶,83,70,13,群益金鼎-敦南,2023-11-17,9101
3548,兆利,26,14,12,群益金鼎-敦南,2023-11-17,9101
8926,台汽電,12,0,12,群益金鼎-敦南,2023-11-17,9101
6284,佳邦,18,7,11,群益金鼎-敦南,2023-11-17,9101
1319,東陽,17,6,11,群益金鼎-敦南,2023-11-17,9101
2371,大同,18,7,11,群益金鼎-敦南,2023-11-17,9101
2468,華經,10,0,10,群益金鼎-敦南,2023-11-17,9101
9912,偉聯,10,0,10,群益金鼎-敦南,2023-11-17,9101
5426,振發,10,0,10,群益金鼎-敦南,2023-11-17,9101
2344,華邦電,11,2,9,群益金鼎-敦南,2023-11-17,9101
2472,立隆電,10,1,9,群益金鼎-敦南,2023-11-17,9101
2606,裕民,10,1,9,群益金鼎-敦南,2023-11-17,9101
2388,威盛,169,161,8,群益金鼎-敦南,2023-11-17,9101
2382,廣達,14,7,7,群益金鼎-敦南,2023-11-17,9101
2637,慧洋-KY,7,0,7,群益金鼎-敦南,2023-11-17,9101
6533,晶心科,9,3,6,群益金鼎-敦南,2023-11-17,9101
00787B,元大10年IG醫療債,6,0,6,群益金鼎-敦南,2023-11-17,9101
6695,芯鼎,6,0,6,群益金鼎-敦南,2023-11-17,9101
00788B,元大10年IG電能債,6,0,6,群益金鼎-敦南,2023-11-17,9101
00786B,元大10年IG銀行債,6,0,6,群益金鼎-敦南,2023-11-17,9101
5864,致和證,6,0,6,群益金鼎-敦南,2023-11-17,9101
2465,麗臺,7,1,6,群益金鼎-敦南,2023-11-17,9101
2705,六福,17,11,6,群益金鼎-敦南,2023-11-17,9101
00720B,元大投資級公司債,6,0,6,群益金鼎-敦南,2023-11-17,9101
1795,美時,7,1,6,群益金鼎-敦南,2023-11-17,9101
00632R,元大台灣50反1,5,0,5,群益金鼎-敦南,2023-11-17,9101
00919,群益台灣精選高息,94,1,93,群益金鼎-敦南,2023-11-20,9101
3035,智原,54,18,36,群益金鼎-敦南,2023-11-20,9101
8936,國統,40,6,34,群益金鼎-敦南,2023-11-20,9101
00929,復華台灣科技優息,36,8,28,群益金鼎-敦南,2023-11-20,9101
2357,華碩,27,0,27,群益金鼎-敦南,2023-11-20,9101
8054,安國,29,2,27,群益金鼎-敦南,2023-11-20,9101
00878,國泰永續高股息,24,0,24,群益金鼎-敦南,2023-11-20,9101
5426,振發,23,0,23,群益金鼎-敦南,2023-11-20,9101
2258,鴻華先進-創,21,0,21,群益金鼎-敦南,2023-11-20,9101
1605,華新,27,7,20,群益金鼎-敦南,2023-11-20,9101
6168,宏齊,15,0,15,群益金鼎-敦南,2023-11-20,9101
4952,凌通,15,0,15,群益金鼎-敦南,2023-11-20,9101
2486,一詮,24,9,15,群益金鼎-敦南,2023-11-20,9101
6596,寬宏藝術,15,0,15,群益金鼎-敦南,2023-11-20,9101
5706,鳳凰,25,10,15,群益金鼎-敦南,2023-11-20,9101
4906,正文,14,0,14,群益金鼎-敦南,2023-11-20,9101
00679B,元大美債20年,14,0,14,群益金鼎-敦南,2023-11-20,9101
1319,東陽,16,3,13,群益金鼎-敦南,2023-11-20,9101
00885,富邦越南,12,0,12,群益金鼎-敦南,2023-11-20,9101
1339,昭輝,14,2,12,群益金鼎-敦南,2023-11-20,9101
3041,揚智,18,6,12,群益金鼎-敦南,2023-11-20,9101
2344,華邦電,12,0,12,群益金鼎-敦南,2023-11-20,9101
00921,兆豐龍頭等權重,11,0,11,群益金鼎-敦南,2023-11-20,9101
1409,新纖,10,0,10,群益金鼎-敦南,2023-11-20,9101
2610,華航,23,13,10,群益金鼎-敦南,2023-11-20,9101
6416,瑞祺電通,10,0,10,群益金鼎-敦南,2023-11-20,9101
6578,達邦蛋白,10,0,10,群益金鼎-敦南,2023-11-20,9101
8050,廣積,12,2,10,群益金鼎-敦南,2023-11-20,9101
2201,裕隆,11,1,10,群益金鼎-敦南,2023-11-20,9101
00642U,期元大S＆P石油,10,0,10,群益金鼎-敦南,2023-11-20,9101
3591,艾笛森,10,0,10,群益金鼎-敦南,2023-11-20,9101
4543,萬在,12,2,10,群益金鼎-敦南,2023-11-20,9101
00922,國泰台灣領袖50,10,0,10,群益金鼎-敦南,2023-11-20,9101
2105,正新,10,0,10,群益金鼎-敦南,2023-11-20,9101
00795B,中信美國公債20年,9,0,9,群益金鼎-敦南,2023-11-20,9101
3380,明泰,9,0,9,群益金鼎-敦南,2023-11-20,9101
2412,中華電,8,0,8,群益金鼎-敦南,2023-11-20,9101
8088,品安,9,1,8,群益金鼎-敦南,2023-11-20,9101
1795,美時,23,16,7,群益金鼎-敦南,2023-11-20,9101
6418,詠昇,9,2,7,群益金鼎-敦南,2023-11-20,9101
1449,佳和,7,0,7,群益金鼎-敦南,2023-11-20,9101
6593,台灣銘板,7,0,7,群益金鼎-敦南,2023-11-20,9101
00923,群益台ESG低碳50,7,0,7,群益金鼎-敦南,2023-11-20,9101
6770,力積電,7,1,6,群益金鼎-敦南,2023-11-20,9101
3324,雙鴻,11,5,6,群益金鼎-敦南,2023-11-20,9101
3363,上詮,12,6,6,群益金鼎-敦南,2023-11-20,9101
9945,潤泰新,6,0,6,群益金鼎-敦南,2023-11-20,9101
2317,鴻海,6,0,6,群益金鼎-敦南,2023-11-20,9101
6213,聯茂,6,0,6,群益金鼎-敦南,2023-11-20,9101
2883,凱基金,6,1,5,群益金鼎-敦南,2023-11-20,9101
00637L,元大滬深300正2,208,9,199,群益金鼎-敦南,2023-11-21,9101
2356,英業達,254,59,195,群益金鼎-敦南,2023-11-21,9101
3005,神基,195,14,181,群益金鼎-敦南,2023-11-21,9101
00932,兆豐永續高息等權,130,5,125,群益金鼎-敦南,2023-11-21,9101
8054,安國,117,32,85,群益金鼎-敦南,2023-11-21,9101
6576,逸達,55,0,55,群益金鼎-敦南,2023-11-21,9101
2834,臺企銀,40,3,37,群益金鼎-敦南,2023-11-21,9101
00640L,富邦日本正2,35,0,35,群益金鼎-敦南,2023-11-21,9101
4550,長佳,30,0,30,群益金鼎-敦南,2023-11-21,9101
8049,晶采,30,0,30,群益金鼎-敦南,2023-11-21,9101
2399,映泰,30,0,30,群益金鼎-敦南,2023-11-21,9101
8050,廣積,33,4,29,群益金鼎-敦南,2023-11-21,9101
3374,精材,30,2,28,群益金鼎-敦南,2023-11-21,9101
3059,華晶科,74,49,25,群益金鼎-敦南,2023-11-21,9101
2329,華泰,44,20,24,群益金鼎-敦南,2023-11-21,9101
6125,廣運,79,55,24,群益金鼎-敦南,2023-11-21,9101
3715,定穎投控,70,47,23,群益金鼎-敦南,2023-11-21,9101
3169,亞信,21,0,21,群益金鼎-敦南,2023-11-21,9101
2344,華邦電,20,0,20,群益金鼎-敦南,2023-11-21,9101
8150,南茂,20,2,18,群益金鼎-敦南,2023-11-21,9101
2515,中工,24,6,18,群益金鼎-敦南,2023-11-21,9101
2402,毅嘉,20,2,18,群益金鼎-敦南,2023-11-21,9101
2301,光寶科,26,9,17,群益金鼎-敦南,2023-11-21,9101
4542,科嶠,22,5,17,群益金鼎-敦南,2023-11-21,9101
3041,揚智,60,44,16,群益金鼎-敦南,2023-11-21,9101
00670L,富邦NASDAQ正2,16,0,16,群益金鼎-敦南,2023-11-21,9101
2352,佳世達,16,0,16,群益金鼎-敦南,2023-11-21,9101
8936,國統,18,3,15,群益金鼎-敦南,2023-11-21,9101
00751B,元大AAA至A公司債,15,0,15,群益金鼎-敦南,2023-11-21,9101
00927,群益半導體收益,15,0,15,群益金鼎-敦南,2023-11-21,9101
3062,建漢,22,9,13,群益金鼎-敦南,2023-11-21,9101
00719B,元大美債1-3,12,0,12,群益金鼎-敦南,2023-11-21,9101
4746,台耀,15,3,12,群益金鼎-敦南,2023-11-21,9101
5347,世界,17,6,11,群益金鼎-敦南,2023-11-21,9101
1618,合機,11,0,11,群益金鼎-敦南,2023-11-21,9101
1815,富喬,26,16,10,群益金鼎-敦南,2023-11-21,9101
2609,陽明,14,4,10,群益金鼎-敦南,2023-11-21,9101
2614,東森,10,0,10,群益金鼎-敦南,2023-11-21,9101
4977,眾達-KY,11,1,10,群益金鼎-敦南,2023-11-21,9101
3287,廣寰科,13,3,10,群益金鼎-敦南,2023-11-21,9101
2258,鴻華先進-創,10,0,10,群益金鼎-敦南,2023-11-21,9101
5386,青雲,10,0,10,群益金鼎-敦南,2023-11-21,9101
6143,振曜,11,1,10,群益金鼎-敦南,2023-11-21,9101
00655L,國泰中國A50正2,9,0,9,群益金鼎-敦南,2023-11-21,9101
4153,鈺緯,9,0,9,群益金鼎-敦南,2023-11-21,9101
00679B,元大美債20年,21,12,9,群益金鼎-敦南,2023-11-21,9101
1795,美時,15,7,8,群益金鼎-敦南,2023-11-21,9101
8933,愛地雅,8,0,8,群益金鼎-敦南,2023-11-21,9101
6205,詮欣,8,0,8,群益金鼎-敦南,2023-11-21,9101
1319,東陽,13,5,8,群益金鼎-敦南,2023-11-21,9101
00932,兆豐永續高息等權,727,0,727,群益金鼎-敦南,2023-11-22,9101
3362,先進光,105,5,100,群益金鼎-敦南,2023-11-22,9101
1582,信錦,96,5,91,群益金鼎-敦南,2023-11-22,9101
3374,精材,83,4,79,群益金鼎-敦南,2023-11-22,9101
3169,亞信,82,3,79,群益金鼎-敦南,2023-11-22,9101
2498,宏達電,98,23,75,群益金鼎-敦南,2023-11-22,9101
00680L,元大美債20正2,64,0,64,群益金鼎-敦南,2023-11-22,9101
2388,威盛,106,51,55,群益金鼎-敦南,2023-11-22,9101
3231,緯創,66,17,49,群益金鼎-敦南,2023-11-22,9101
6576,逸達,40,4,36,群益金鼎-敦南,2023-11-22,9101
6161,捷波,34,0,34,群益金鼎-敦南,2023-11-22,9101
1603,華電,34,0,34,群益金鼎-敦南,2023-11-22,9101
8054,安國,42,9,33,群益金鼎-敦南,2023-11-22,9101
2317,鴻海,42,11,31,群益金鼎-敦南,2023-11-22,9101
2881,富邦金,30,0,30,群益金鼎-敦南,2023-11-22,9101
5483,中美晶,60,30,30,群益金鼎-敦南,2023-11-22,9101
00679B,元大美債20年,33,5,28,群益金鼎-敦南,2023-11-22,9101
2454,聯發科,32,5,27,群益金鼎-敦南,2023-11-22,9101
1321,大洋,26,0,26,群益金鼎-敦南,2023-11-22,9101
00919,群益台灣精選高息,21,2,19,群益金鼎-敦南,2023-11-22,9101
00878,國泰永續高股息,19,1,18,群益金鼎-敦南,2023-11-22,9101
2356,英業達,33,16,17,群益金鼎-敦南,2023-11-22,9101
2014,中鴻,17,0,17,群益金鼎-敦南,2023-11-22,9101
2303,聯電,25,8,17,群益金鼎-敦南,2023-11-22,9101
2367,燿華,21,5,16,群益金鼎-敦南,2023-11-22,9101
2610,華航,16,0,16,群益金鼎-敦南,2023-11-22,9101
00795B,中信美國公債20年,15,0,15,群益金鼎-敦南,2023-11-22,9101
2382,廣達,30,15,15,群益金鼎-敦南,2023-11-22,9101
4167,松瑞藥,15,0,15,群益金鼎-敦南,2023-11-22,9101
2340,台亞,17,2,15,群益金鼎-敦南,2023-11-22,9101
5351,鈺創,38,25,13,群益金鼎-敦南,2023-11-22,9101
2344,華邦電,14,1,13,群益金鼎-敦南,2023-11-22,9101
00931B,統一美債20年,12,0,12,群益金鼎-敦南,2023-11-22,9101
2889,國票金,22,10,12,群益金鼎-敦南,2023-11-22,9101
1319,東陽,16,4,12,群益金鼎-敦南,2023-11-22,9101
00673R,期元大S＆P原油反1,11,0,11,群益金鼎-敦南,2023-11-22,9101
1101,台泥,10,0,10,群益金鼎-敦南,2023-11-22,9101
5515,建國,21,11,10,群益金鼎-敦南,2023-11-22,9101
5243,乙盛-KY,10,0,10,群益金鼎-敦南,2023-11-22,9101
6292,迅德,10,0,10,群益金鼎-敦南,2023-11-22,9101
1795,美時,28,19,9,群益金鼎-敦南,2023-11-22,9101
3715,定穎投控,19,10,9,群益金鼎-敦南,2023-11-22,9101
3515,華擎,25,16,9,群益金鼎-敦南,2023-11-22,9101
3379,彬台,9,0,9,群益金鼎-敦南,2023-11-22,9101
1474,弘裕,11,2,9,群益金鼎-敦南,2023-11-22,9101
2891,中信金,8,0,8,群益金鼎-敦南,2023-11-22,9101
5608,四維航,8,0,8,群益金鼎-敦南,2023-11-22,9101
00751B,元大AAA至A公司債,8,0,8,群益金鼎-敦南,2023-11-22,9101
2401,凌陽,20,13,7,群益金鼎-敦南,2023-11-22,9101
2301,光寶科,9,2,7,群益金鼎-敦南,2023-11-22,9101
2376,技嘉,102,5,97,群益金鼎-敦南,2023-11-23,9101
6243,迅杰,122,54,68,群益金鼎-敦南,2023-11-23,9101
6129,普誠,113,50,63,群益金鼎-敦南,2023-11-23,9101
3715,定穎投控,68,26,42,群益金鼎-敦南,2023-11-23,9101
00929,復華台灣科技優息,33,0,33,群益金鼎-敦南,2023-11-23,9101
6292,迅德,30,0,30,群益金鼎-敦南,2023-11-23,9101
3706,神達,29,3,26,群益金鼎-敦南,2023-11-23,9101
2885,元大金,26,0,26,群益金鼎-敦南,2023-11-23,9101
2498,宏達電,25,0,25,群益金鼎-敦南,2023-11-23,9101
2454,聯發科,27,2,25,群益金鼎-敦南,2023-11-23,9101
8054,安國,116,96,20,群益金鼎-敦南,2023-11-23,9101
00878,國泰永續高股息,31,13,18,群益金鼎-敦南,2023-11-23,9101
00637L,元大滬深300正2,18,0,18,群益金鼎-敦南,2023-11-23,9101
6161,捷波,18,0,18,群益金鼎-敦南,2023-11-23,9101
00795B,中信美國公債20年,17,0,17,群益金鼎-敦南,2023-11-23,9101
2492,華新科,21,4,17,群益金鼎-敦南,2023-11-23,9101
3483,力致,32,17,15,群益金鼎-敦南,2023-11-23,9101
4167,松瑞藥,15,0,15,群益金鼎-敦南,2023-11-23,9101
2390,云辰,15,0,15,群益金鼎-敦南,2023-11-23,9101
00919,群益台灣精選高息,14,0,14,群益金鼎-敦南,2023-11-23,9101
2509,全坤建,14,0,14,群益金鼎-敦南,2023-11-23,9101
00687B,國泰20年美債,14,1,13,群益金鼎-敦南,2023-11-23,9101
9945,潤泰新,13,0,13,群益金鼎-敦南,2023-11-23,9101
00933B,國泰10Y+金融債,13,0,13,群益金鼎-敦南,2023-11-23,9101
1463,強盛新,12,0,12,群益金鼎-敦南,2023-11-23,9101
2488,漢平,12,0,12,群益金鼎-敦南,2023-11-23,9101
2313,華通,69,58,11,群益金鼎-敦南,2023-11-23,9101
2915,潤泰全,11,0,11,群益金鼎-敦南,2023-11-23,9101
6585,鼎基,11,0,11,群益金鼎-敦南,2023-11-23,9101
2722,夏都,20,10,10,群益金鼎-敦南,2023-11-23,9101
00882,中信中國高股息,10,0,10,群益金鼎-敦南,2023-11-23,9101
3081,聯亞,10,0,10,群益金鼎-敦南,2023-11-23,9101
00905,FT臺灣Smart,11,1,10,群益金鼎-敦南,2023-11-23,9101
2834,臺企銀,10,0,10,群益金鼎-敦南,2023-11-23,9101
2913,農林,10,0,10,群益金鼎-敦南,2023-11-23,9101
2002,中鋼,10,0,10,群益金鼎-敦南,2023-11-23,9101
4746,台耀,13,3,10,群益金鼎-敦南,2023-11-23,9101
00900,富邦特選高股息30,10,1,9,群益金鼎-敦南,2023-11-23,9101
00897,富邦基因免疫生技,9,0,9,群益金鼎-敦南,2023-11-23,9101
8936,國統,21,13,8,群益金鼎-敦南,2023-11-23,9101
4953,緯軟,9,1,8,群益金鼎-敦南,2023-11-23,9101
8046,南電,8,0,8,群益金鼎-敦南,2023-11-23,9101
4533,協易機,10,2,8,群益金鼎-敦南,2023-11-23,9101
2337,旺宏,10,2,8,群益金鼎-敦南,2023-11-23,9101
6167,久正,8,0,8,群益金鼎-敦南,2023-11-23,9101
3035,智原,38,31,7,群益金鼎-敦南,2023-11-23,9101
3032,偉訓,12,5,7,群益金鼎-敦南,2023-11-23,9101
6282,康舒,87,80,7,群益金鼎-敦南,2023-11-23,9101
3317,尼克森,15,8,7,群益金鼎-敦南,2023-11-23,9101
6104,創惟,24,17,7,群益金鼎-敦南,2023-11-23,9101
00932,兆豐永續高息等權,992,2,990,群益金鼎-敦南,2023-11-24,9101
2903,遠百,704,0,704,群益金鼎-敦南,2023-11-24,9101
1301,台塑,245,0,245,群益金鼎-敦南,2023-11-24,9101
2412,中華電,168,1,167,群益金鼎-敦南,2023-11-24,9101
1707,葡萄王,98,0,98,群益金鼎-敦南,2023-11-24,9101
2059,川湖,58,1,57,群益金鼎-敦南,2023-11-24,9101
3362,先進光,56,6,50,群益金鼎-敦南,2023-11-24,9101
2427,三商電,36,0,36,群益金鼎-敦南,2023-11-24,9101
5703,亞都,30,0,30,群益金鼎-敦南,2023-11-24,9101
5351,鈺創,135,106,29,群益金鼎-敦南,2023-11-24,9101
2637,慧洋-KY,30,2,28,群益金鼎-敦南,2023-11-24,9101
00885,富邦越南,36,10,26,群益金鼎-敦南,2023-11-24,9101
6274,台燿,30,9,21,群益金鼎-敦南,2023-11-24,9101
00878,國泰永續高股息,21,0,21,群益金鼎-敦南,2023-11-24,9101
4167,松瑞藥,20,0,20,群益金鼎-敦南,2023-11-24,9101
2618,長榮航,36,16,20,群益金鼎-敦南,2023-11-24,9101
1605,華新,38,19,19,群益金鼎-敦南,2023-11-24,9101
3060,銘異,19,0,19,群益金鼎-敦南,2023-11-24,9101
2515,中工,18,0,18,群益金鼎-敦南,2023-11-24,9101
00679B,元大美債20年,17,1,16,群益金鼎-敦南,2023-11-24,9101
1618,合機,15,0,15,群益金鼎-敦南,2023-11-24,9101
00687B,國泰20年美債,17,2,15,群益金鼎-敦南,2023-11-24,9101
3141,晶宏,21,7,14,群益金鼎-敦南,2023-11-24,9101
00795B,中信美國公債20年,13,0,13,群益金鼎-敦南,2023-11-24,9101
2610,華航,17,5,12,群益金鼎-敦南,2023-11-24,9101
6288,聯嘉,12,0,12,群益金鼎-敦南,2023-11-24,9101
1524,耿鼎,13,1,12,群益金鼎-敦南,2023-11-24,9101
2313,華通,96,84,12,群益金鼎-敦南,2023-11-24,9101
6684,安格,11,0,11,群益金鼎-敦南,2023-11-24,9101
1504,東元,17,6,11,群益金鼎-敦南,2023-11-24,9101
00680L,元大美債20正2,10,0,10,群益金鼎-敦南,2023-11-24,9101
5009,榮剛,54,44,10,群益金鼎-敦南,2023-11-24,9101
3234,光環,10,0,10,群益金鼎-敦南,2023-11-24,9101
4726,永昕,10,0,10,群益金鼎-敦南,2023-11-24,9101
4123,晟德,10,0,10,群益金鼎-敦南,2023-11-24,9101
2303,聯電,19,9,10,群益金鼎-敦南,2023-11-24,9101
1609,大亞,38,29,9,群益金鼎-敦南,2023-11-24,9101
5225,東科-KY,12,3,9,群益金鼎-敦南,2023-11-24,9101
9945,潤泰新,10,1,9,群益金鼎-敦南,2023-11-24,9101
5347,世界,30,21,9,群益金鼎-敦南,2023-11-24,9101
4956,光鋐,30,22,8,群益金鼎-敦南,2023-11-24,9101
00751B,元大AAA至A公司債,8,0,8,群益金鼎-敦南,2023-11-24,9101
2417,圓剛,56,48,8,群益金鼎-敦南,2023-11-24,9101
2458,義隆,8,0,8,群益金鼎-敦南,2023-11-24,9101
2455,全新,16,9,7,群益金鼎-敦南,2023-11-24,9101
2363,矽統,24,17,7,群益金鼎-敦南,2023-11-24,9101
2609,陽明,7,1,6,群益金鼎-敦南,2023-11-24,9101
8936,國統,14,8,6,群益金鼎-敦南,2023-11-24,9101
3217,優群,10,4,6,群益金鼎-敦南,2023-11-24,9101
6246,臺龍,6,0,6,群益金鼎-敦南,2023-11-24,9101
00932,兆豐永續高息等權,908,0,908,群益金鼎-敦南,2023-11-27,9101
2903,遠百,733,0,733,群益金鼎-敦南,2023-11-27,9101
00878,國泰永續高股息,67,0,67,群益金鼎-敦南,2023-11-27,9101
1707,葡萄王,61,0,61,群益金鼎-敦南,2023-11-27,9101
00929,復華台灣科技優息,59,1,58,群益金鼎-敦南,2023-11-27,9101
00919,群益台灣精選高息,55,0,55,群益金鼎-敦南,2023-11-27,9101
8054,安國,112,58,54,群益金鼎-敦南,2023-11-27,9101
3231,緯創,91,52,39,群益金鼎-敦南,2023-11-27,9101
00922,國泰台灣領袖50,35,0,35,群益金鼎-敦南,2023-11-27,9101
3701,大眾控,37,3,34,群益金鼎-敦南,2023-11-27,9101
00656R,國泰中國A50反1,40,10,30,群益金鼎-敦南,2023-11-27,9101
0056,元大高股息,28,0,28,群益金鼎-敦南,2023-11-27,9101
2912,統一超,27,0,27,群益金鼎-敦南,2023-11-27,9101
1701,中化,20,0,20,群益金鼎-敦南,2023-11-27,9101
1608,華榮,20,0,20,群益金鼎-敦南,2023-11-27,9101
6171,大城地產,20,0,20,群益金鼎-敦南,2023-11-27,9101
6245,立端,30,11,19,群益金鼎-敦南,2023-11-27,9101
2382,廣達,46,30,16,群益金鼎-敦南,2023-11-27,9101
2476,鉅祥,22,6,16,群益金鼎-敦南,2023-11-27,9101
2356,英業達,20,6,14,群益金鼎-敦南,2023-11-27,9101
1605,華新,19,5,14,群益金鼎-敦南,2023-11-27,9101
2353,宏��,18,4,14,群益金鼎-敦南,2023-11-27,9101
8033,雷虎,14,0,14,群益金鼎-敦南,2023-11-27,9101
00679B,元大美債20年,17,3,14,群益金鼎-敦南,2023-11-27,9101
3035,智原,87,74,13,群益金鼎-敦南,2023-11-27,9101
3024,憶聲,13,0,13,群益金鼎-敦南,2023-11-27,9101
3105,穩懋,19,7,12,群益金鼎-敦南,2023-11-27,9101
6129,普誠,27,15,12,群益金鼎-敦南,2023-11-27,9101
2634,漢翔,35,23,12,群益金鼎-敦南,2023-11-27,9101
6451,訊芯-KY,12,0,12,群益金鼎-敦南,2023-11-27,9101
00680L,元大美債20正2,12,1,11,群益金鼎-敦南,2023-11-27,9101
1720,生達,11,0,11,群益金鼎-敦南,2023-11-27,9101
00637L,元大滬深300正2,11,0,11,群益金鼎-敦南,2023-11-27,9101
3576,聯合再生,10,0,10,群益金鼎-敦南,2023-11-27,9101
6112,邁達特,10,0,10,群益金鼎-敦南,2023-11-27,9101
2745,五福,10,0,10,群益金鼎-敦南,2023-11-27,9101
5244,弘凱,12,2,10,群益金鼎-敦南,2023-11-27,9101
9924,福興,10,0,10,群益金鼎-敦南,2023-11-27,9101
6712,長聖,10,0,10,群益金鼎-敦南,2023-11-27,9101
3260,威剛,10,1,9,群益金鼎-敦南,2023-11-27,9101
6274,台燿,10,1,9,群益金鼎-敦南,2023-11-27,9101
3017,奇鋐,14,6,8,群益金鼎-敦南,2023-11-27,9101
2641,正德,10,2,8,群益金鼎-敦南,2023-11-27,9101
4153,鈺緯,8,0,8,群益金鼎-敦南,2023-11-27,9101
2528,皇普,8,0,8,群益金鼎-敦南,2023-11-27,9101
3706,神達,10,2,8,群益金鼎-敦南,2023-11-27,9101
2458,義隆,9,1,8,群益金鼎-敦南,2023-11-27,9101
2206,三陽工業,10,3,7,群益金鼎-敦南,2023-11-27,9101
1321,大洋,6,0,6,群益金鼎-敦南,2023-11-27,9101
2324,仁寶,6,0,6,群益金鼎-敦南,2023-11-27,9101
2401,凌陽,541,8,533,群益金鼎-敦南,2023-11-28,9101
2014,中鴻,100,1,99,群益金鼎-敦南,2023-11-28,9101
2002,中鋼,105,12,93,群益金鼎-敦南,2023-11-28,9101
6243,迅杰,130,60,70,群益金鼎-敦南,2023-11-28,9101
1513,中興電,86,28,58,群益金鼎-敦南,2023-11-28,9101
1608,華榮,50,0,50,群益金鼎-敦南,2023-11-28,9101
2867,三商壽,40,0,40,群益金鼎-敦南,2023-11-28,9101
5347,世界,54,21,33,群益金鼎-敦南,2023-11-28,9101
00885,富邦越南,33,0,33,群益金鼎-敦南,2023-11-28,9101
2903,遠百,27,0,27,群益金鼎-敦南,2023-11-28,9101
3231,緯創,34,9,25,群益金鼎-敦南,2023-11-28,9101
4919,新唐,21,1,20,群益金鼎-敦南,2023-11-28,9101
2303,聯電,21,1,20,群益金鼎-敦南,2023-11-28,9101
1457,宜進,20,0,20,群益金鼎-敦南,2023-11-28,9101
6278,台表科,21,1,20,群益金鼎-敦南,2023-11-28,9101
2603,長榮,20,1,19,群益金鼎-敦南,2023-11-28,9101
2324,仁寶,17,0,17,群益金鼎-敦南,2023-11-28,9101
3715,定穎投控,80,64,16,群益金鼎-敦南,2023-11-28,9101
2913,農林,15,0,15,群益金鼎-敦南,2023-11-28,9101
3005,神基,20,6,14,群益金鼎-敦南,2023-11-28,9101
1514,亞力,116,103,13,群益金鼎-敦南,2023-11-28,9101
2612,中航,14,2,12,群益金鼎-敦南,2023-11-28,9101
4153,鈺緯,12,0,12,群益金鼎-敦南,2023-11-28,9101
2809,京城銀,12,0,12,群益金鼎-敦南,2023-11-28,9101
3437,榮創,25,13,12,群益金鼎-敦南,2023-11-28,9101
2367,燿華,14,2,12,群益金鼎-敦南,2023-11-28,9101
6171,大城地產,11,0,11,群益金鼎-敦南,2023-11-28,9101
2606,裕民,62,51,11,群益金鼎-敦南,2023-11-28,9101
8936,國統,24,14,10,群益金鼎-敦南,2023-11-28,9101
3673,TPK-KY,10,0,10,群益金鼎-敦南,2023-11-28,9101
3042,晶技,10,0,10,群益金鼎-敦南,2023-11-28,9101
3669,圓展,10,0,10,群益金鼎-敦南,2023-11-28,9101
00933B,國泰10Y+金融債,10,0,10,群益金鼎-敦南,2023-11-28,9101
2618,長榮航,26,16,10,群益金鼎-敦南,2023-11-28,9101
9103,美德醫療-DR,11,1,10,群益金鼎-敦南,2023-11-28,9101
1101,台泥,18,9,9,群益金鼎-敦南,2023-11-28,9101
6443,元晶,11,2,9,群益金鼎-敦南,2023-11-28,9101
6245,立端,10,1,9,群益金鼎-敦南,2023-11-28,9101
6901,鑽石投資,8,0,8,群益金鼎-敦南,2023-11-28,9101
00795B,中信美國公債20年,8,0,8,群益金鼎-敦南,2023-11-28,9101
3032,偉訓,7,0,7,群益金鼎-敦南,2023-11-28,9101
2371,大同,17,10,7,群益金鼎-敦南,2023-11-28,9101
1321,大洋,7,0,7,群益金鼎-敦南,2023-11-28,9101
8049,晶采,7,0,7,群益金鼎-敦南,2023-11-28,9101
6113,亞矽,8,1,7,群益金鼎-敦南,2023-11-28,9101
3059,華晶科,10,3,7,群益金鼎-敦南,2023-11-28,9101
1449,佳和,40,34,6,群益金鼎-敦南,2023-11-28,9101
3528,安馳,6,0,6,群益金鼎-敦南,2023-11-28,9101
3305,昇貿,6,0,6,群益金鼎-敦南,2023-11-28,9101
2382,廣達,10,4,6,群益金鼎-敦南,2023-11-28,9101
00632R,元大台灣50反1,116,0,116,群益金鼎-敦南,2023-11-29,9101
3694,海華,62,6,56,群益金鼎-敦南,2023-11-29,9101
1608,華榮,50,0,50,群益金鼎-敦南,2023-11-29,9101
8096,擎亞,50,0,50,群益金鼎-敦南,2023-11-29,9101
4167,松瑞藥,40,0,40,群益金鼎-敦南,2023-11-29,9101
3227,原相,40,5,35,群益金鼎-敦南,2023-11-29,9101
1616,億泰,35,0,35,群益金鼎-敦南,2023-11-29,9101
00665L,富邦�琤肭磪囓�2,30,0,30,群益金鼎-敦南,2023-11-29,9101
2912,統一超,30,0,30,群益金鼎-敦南,2023-11-29,9101
00637L,元大滬深300正2,30,0,30,群益金鼎-敦南,2023-11-29,9101
3231,緯創,41,12,29,群益金鼎-敦南,2023-11-29,9101
2369,菱生,44,17,27,群益金鼎-敦南,2023-11-29,9101
3518,柏騰,27,0,27,群益金鼎-敦南,2023-11-29,9101
3715,定穎投控,111,85,26,群益金鼎-敦南,2023-11-29,9101
2498,宏達電,19,0,19,群益金鼎-敦南,2023-11-29,9101
4114,健喬,27,10,17,群益金鼎-敦南,2023-11-29,9101
1101,台泥,16,0,16,群益金鼎-敦南,2023-11-29,9101
00919,群益台灣精選高息,16,0,16,群益金鼎-敦南,2023-11-29,9101
9938,百和,25,10,15,群益金鼎-敦南,2023-11-29,9101
1449,佳和,33,18,15,群益金鼎-敦南,2023-11-29,9101
1319,東陽,15,0,15,群益金鼎-敦南,2023-11-29,9101
00662,富邦NASDAQ,15,0,15,群益金鼎-敦南,2023-11-29,9101
3317,尼克森,19,6,13,群益金鼎-敦南,2023-11-29,9101
2412,中華電,13,0,13,群益金鼎-敦南,2023-11-29,9101
1605,華新,13,1,12,群益金鼎-敦南,2023-11-29,9101
1603,華電,11,0,11,群益金鼎-敦南,2023-11-29,9101
1618,合機,11,1,10,群益金鼎-敦南,2023-11-29,9101
00892,富邦台灣半導體,10,0,10,群益金鼎-敦南,2023-11-29,9101
6196,帆宣,10,0,10,群益金鼎-敦南,2023-11-29,9101
006205,富邦上証,10,0,10,群益金鼎-敦南,2023-11-29,9101
4906,正文,10,0,10,群益金鼎-敦南,2023-11-29,9101
00927,群益半導體收益,10,0,10,群益金鼎-敦南,2023-11-29,9101
3029,零壹,10,0,10,群益金鼎-敦南,2023-11-29,9101
2330,台積電,10,1,9,群益金鼎-敦南,2023-11-29,9101
6695,芯鼎,19,10,9,群益金鼎-敦南,2023-11-29,9101
5236,凌陽創新,10,1,9,群益金鼎-敦南,2023-11-29,9101
1436,華友聯,9,0,9,群益金鼎-敦南,2023-11-29,9101
3548,兆利,34,26,8,群益金鼎-敦南,2023-11-29,9101
3325,旭品,9,1,8,群益金鼎-敦南,2023-11-29,9101
2356,英業達,10,2,8,群益金鼎-敦南,2023-11-29,9101
9904,寶成,10,2,8,群益金鼎-敦南,2023-11-29,9101
3257,虹冠電,7,0,7,群益金鼎-敦南,2023-11-29,9101
2637,慧洋-KY,17,10,7,群益金鼎-敦南,2023-11-29,9101
3047,訊舟,15,8,7,群益金鼎-敦南,2023-11-29,9101
2025,千興,7,0,7,群益金鼎-敦南,2023-11-29,9101
2606,裕民,8,1,7,群益金鼎-敦南,2023-11-29,9101
4945,陞達科技,11,4,7,群益金鼎-敦南,2023-11-29,9101
3036,文曄,8,1,7,群益金鼎-敦南,2023-11-29,9101
00882,中信中國高股息,6,0,6,群益金鼎-敦南,2023-11-29,9101
1513,中興電,43,37,6,群益金鼎-敦南,2023-11-29,9101
2329,華泰,1222,99,1123,群益金鼎-敦南,2023-11-30,9101
2412,中華電,744,20,724,群益金鼎-敦南,2023-11-30,9101
3715,定穎投控,140,47,93,群益金鼎-敦南,2023-11-30,9101
6171,大城地產,60,0,60,群益金鼎-敦南,2023-11-30,9101
2883,凱基金,61,1,60,群益金鼎-敦南,2023-11-30,9101
3042,晶技,46,0,46,群益金鼎-敦南,2023-11-30,9101
2337,旺宏,40,0,40,群益金鼎-敦南,2023-11-30,9101
2618,長榮航,44,5,39,群益金鼎-敦南,2023-11-30,9101
2912,統一超,35,0,35,群益金鼎-敦南,2023-11-30,9101
4167,松瑞藥,20,0,20,群益金鼎-敦南,2023-11-30,9101
00751B,元大AAA至A公司債,20,1,19,群益金鼎-敦南,2023-11-30,9101
6161,捷波,19,0,19,群益金鼎-敦南,2023-11-30,9101
6191,精成科,26,9,17,群益金鼎-敦南,2023-11-30,9101
2515,中工,17,0,17,群益金鼎-敦南,2023-11-30,9101
2603,長榮,18,2,16,群益金鼎-敦南,2023-11-30,9101
2845,遠東銀,16,0,16,群益金鼎-敦南,2023-11-30,9101
4114,健喬,16,1,15,群益金鼎-敦南,2023-11-30,9101
2363,矽統,28,13,15,群益金鼎-敦南,2023-11-30,9101
00680L,元大美債20正2,15,0,15,群益金鼎-敦南,2023-11-30,9101
00878,國泰永續高股息,15,0,15,群益金鼎-敦南,2023-11-30,9101
1101,台泥,21,6,15,群益金鼎-敦南,2023-11-30,9101
00662,富邦NASDAQ,15,0,15,群益金鼎-敦南,2023-11-30,9101
6125,廣運,22,7,15,群益金鼎-敦南,2023-11-30,9101
6535,順藥,18,4,14,群益金鼎-敦南,2023-11-30,9101
6282,康舒,17,3,14,群益金鼎-敦南,2023-11-30,9101
2101,南港,13,0,13,群益金鼎-敦南,2023-11-30,9101
5351,鈺創,29,16,13,群益金鼎-敦南,2023-11-30,9101
2492,華新科,46,33,13,群益金鼎-敦南,2023-11-30,9101
5469,瀚宇博,13,1,12,群益金鼎-敦南,2023-11-30,9101
2344,華邦電,25,13,12,群益金鼎-敦南,2023-11-30,9101
2457,飛宏,12,0,12,群益金鼎-敦南,2023-11-30,9101
1319,東陽,12,0,12,群益金鼎-敦南,2023-11-30,9101
2317,鴻海,15,3,12,群益金鼎-敦南,2023-11-30,9101
5381,合正,22,11,11,群益金鼎-敦南,2023-11-30,9101
3051,力特,15,4,11,群益金鼎-敦南,2023-11-30,9101
3481,群創,11,0,11,群益金鼎-敦南,2023-11-30,9101
2436,偉詮電,16,5,11,群益金鼎-敦南,2023-11-30,9101
00687B,國泰20年美債,10,0,10,群益金鼎-敦南,2023-11-30,9101
5478,智冠,17,7,10,群益金鼎-敦南,2023-11-30,9101
6185,幃翔,11,1,10,群益金鼎-敦南,2023-11-30,9101
6292,迅德,10,0,10,群益金鼎-敦南,2023-11-30,9101
2615,萬海,10,0,10,群益金鼎-敦南,2023-11-30,9101
4746,台耀,12,2,10,群益金鼎-敦南,2023-11-30,9101
2834,臺企銀,10,0,10,群益金鼎-敦南,2023-11-30,9101
6284,佳邦,11,2,9,群益金鼎-敦南,2023-11-30,9101
3105,穩懋,13,5,8,群益金鼎-敦南,2023-11-30,9101
2355,敬鵬,8,0,8,群益金鼎-敦南,2023-11-30,9101
3704,合勤控,20,12,8,群益金鼎-敦南,2023-11-30,9101
1605,華新,16,8,8,群益金鼎-敦南,2023-11-30,9101
5236,凌陽創新,7,0,7,群益金鼎-敦南,2023-11-30,9101
2641,正德,356,6,350,群益金鼎-敦南,2023-12-01,9101
2405,輔信,181,13,168,群益金鼎-敦南,2023-12-01,9101
2317,鴻海,173,39,134,群益金鼎-敦南,2023-12-01,9101
00919,群益台灣精選高息,87,0,87,群益金鼎-敦南,2023-12-01,9101
6194,育富,61,1,60,群益金鼎-敦南,2023-12-01,9101
2888,新光金,58,0,58,群益金鼎-敦南,2023-12-01,9101
2617,台航,61,4,57,群益金鼎-敦南,2023-12-01,9101
4167,松瑞藥,56,14,42,群益金鼎-敦南,2023-12-01,9101
1608,華榮,59,20,39,群益金鼎-敦南,2023-12-01,9101
2618,長榮航,47,11,36,群益金鼎-敦南,2023-12-01,9101
3706,神達,41,6,35,群益金鼎-敦南,2023-12-01,9101
2881,富邦金,36,2,34,群益金鼎-敦南,2023-12-01,9101
2912,統一超,34,0,34,群益金鼎-敦南,2023-12-01,9101
3013,晟銘電,137,106,31,群益金鼎-敦南,2023-12-01,9101
4154,樂威科-KY,30,0,30,群益金鼎-敦南,2023-12-01,9101
6233,旺玖,50,22,28,群益金鼎-敦南,2023-12-01,9101
3390,旭軟,27,2,25,群益金鼎-敦南,2023-12-01,9101
00679B,元大美債20年,25,0,25,群益金鼎-敦南,2023-12-01,9101
5483,中美晶,30,5,25,群益金鼎-敦南,2023-12-01,9101
00878,國泰永續高股息,27,7,20,群益金鼎-敦南,2023-12-01,9101
3709,鑫聯大投控,20,0,20,群益金鼎-敦南,2023-12-01,9101
6161,捷波,30,11,19,群益金鼎-敦南,2023-12-01,9101
5009,榮剛,69,51,18,群益金鼎-敦南,2023-12-01,9101
6127,九豪,18,0,18,群益金鼎-敦南,2023-12-01,9101
3450,聯鈞,45,28,17,群益金鼎-敦南,2023-12-01,9101
2353,宏��,19,3,16,群益金鼎-敦南,2023-12-01,9101
1101,台泥,16,0,16,群益金鼎-敦南,2023-12-01,9101
2498,宏達電,15,0,15,群益金鼎-敦南,2023-12-01,9101
00662,富邦NASDAQ,15,0,15,群益金鼎-敦南,2023-12-01,9101
1504,東元,14,0,14,群益金鼎-敦南,2023-12-01,9101
3518,柏騰,38,24,14,群益金鼎-敦南,2023-12-01,9101
2882,國泰金,14,0,14,群益金鼎-敦南,2023-12-01,9101
8054,安國,54,41,13,群益金鼎-敦南,2023-12-01,9101
1568,倉佑,14,1,13,群益金鼎-敦南,2023-12-01,9101
6288,聯嘉,13,0,13,群益金鼎-敦南,2023-12-01,9101
2867,三商壽,13,0,13,群益金鼎-敦南,2023-12-01,9101
3217,優群,17,5,12,群益金鼎-敦南,2023-12-01,9101
4755,三福化,12,0,12,群益金鼎-敦南,2023-12-01,9101
1701,中化,11,0,11,群益金鼎-敦南,2023-12-01,9101
2355,敬鵬,36,25,11,群益金鼎-敦南,2023-12-01,9101
2367,燿華,33,22,11,群益金鼎-敦南,2023-12-01,9101
8227,巨有科技,11,0,11,群益金鼎-敦南,2023-12-01,9101
1752,南光,12,1,11,群益金鼎-敦南,2023-12-01,9101
3623,富晶通,10,0,10,群益金鼎-敦南,2023-12-01,9101
6114,久威,10,0,10,群益金鼎-敦南,2023-12-01,9101
00688L,國泰20年美債正2,10,0,10,群益金鼎-敦南,2023-12-01,9101
3454,晶睿,10,0,10,群益金鼎-敦南,2023-12-01,9101
8038,長園科,10,0,10,群益金鼎-敦南,2023-12-01,9101
8064,東捷,10,0,10,群益金鼎-敦南,2023-12-01,9101
6147,頎邦,10,0,10,群益金鼎-敦南,2023-12-01,9101
5603,陸海,150,0,150,群益金鼎-敦南,2023-12-04,9101
00919,群益台灣精選高息,107,1,106,群益金鼎-敦南,2023-12-04,9101
1708,東鹼,101,4,97,群益金鼎-敦南,2023-12-04,9101
3706,神達,98,2,96,群益金鼎-敦南,2023-12-04,9101
3390,旭軟,125,30,95,群益金鼎-敦南,2023-12-04,9101
3715,定穎投控,103,14,89,群益金鼎-敦南,2023-12-04,9101
6233,旺玖,122,41,81,群益金鼎-敦南,2023-12-04,9101
1608,華榮,80,3,77,群益金鼎-敦南,2023-12-04,9101
2641,正德,79,9,70,群益金鼎-敦南,2023-12-04,9101
4167,松瑞藥,64,10,54,群益金鼎-敦南,2023-12-04,9101
3035,智原,82,38,44,群益金鼎-敦南,2023-12-04,9101
8390,金益鼎,74,31,43,群益金鼎-敦南,2023-12-04,9101
3083,網龍,48,5,43,群益金鼎-敦南,2023-12-04,9101
4939,亞電,40,2,38,群益金鼎-敦南,2023-12-04,9101
1752,南光,38,2,36,群益金鼎-敦南,2023-12-04,9101
1582,信錦,41,9,32,群益金鼎-敦南,2023-12-04,9101
2637,慧洋-KY,105,73,32,群益金鼎-敦南,2023-12-04,9101
2618,長榮航,39,9,30,群益金鼎-敦南,2023-12-04,9101
00679B,元大美債20年,31,1,30,群益金鼎-敦南,2023-12-04,9101
4550,長佳,28,0,28,群益金鼎-敦南,2023-12-04,9101
2317,鴻海,41,13,28,群益金鼎-敦南,2023-12-04,9101
2408,南亞科,40,15,25,群益金鼎-敦南,2023-12-04,9101
2468,華經,26,2,24,群益金鼎-敦南,2023-12-04,9101
3518,柏騰,24,0,24,群益金鼎-敦南,2023-12-04,9101
1504,東元,36,12,24,群益金鼎-敦南,2023-12-04,9101
3450,聯鈞,61,38,23,群益金鼎-敦南,2023-12-04,9101
4909,新復興,51,30,21,群益金鼎-敦南,2023-12-04,9101
1727,中華化,21,0,21,群益金鼎-敦南,2023-12-04,9101
00713,元大台灣高息低波,21,0,21,群益金鼎-敦南,2023-12-04,9101
8096,擎亞,21,0,21,群益金鼎-敦南,2023-12-04,9101
00688L,國泰20年美債正2,21,0,21,群益金鼎-敦南,2023-12-04,9101
6245,立端,41,21,20,群益金鼎-敦南,2023-12-04,9101
3227,原相,20,0,20,群益金鼎-敦南,2023-12-04,9101
006205,富邦上証,20,0,20,群益金鼎-敦南,2023-12-04,9101
3522,御嵿,25,5,20,群益金鼎-敦南,2023-12-04,9101
8086,宏捷科,39,19,20,群益金鼎-敦南,2023-12-04,9101
4906,正文,18,0,18,群益金鼎-敦南,2023-12-04,9101
00933B,國泰10Y+金融債,18,0,18,群益金鼎-敦南,2023-12-04,9101
00680L,元大美債20正2,20,2,18,群益金鼎-敦南,2023-12-04,9101
6276,安鈦克,17,0,17,群益金鼎-敦南,2023-12-04,9101
6288,聯嘉,15,0,15,群益金鼎-敦南,2023-12-04,9101
00662,富邦NASDAQ,15,0,15,群益金鼎-敦南,2023-12-04,9101
5439,高技,33,18,15,群益金鼎-敦南,2023-12-04,9101
5328,華容,93,79,14,群益金鼎-敦南,2023-12-04,9101
00929,復華台灣科技優息,26,13,13,群益金鼎-敦南,2023-12-04,9101
6117,迎廣,62,49,13,群益金鼎-敦南,2023-12-04,9101
0056,元大高股息,13,0,13,群益金鼎-敦南,2023-12-04,9101
00687B,國泰20年美債,15,2,13,群益金鼎-敦南,2023-12-04,9101
00795B,中信美國公債20年,13,0,13,群益金鼎-敦南,2023-12-04,9101
2509,全坤建,12,0,12,群益金鼎-敦南,2023-12-04,9101
2329,華泰,250,44,206,群益金鼎-敦南,2023-12-05,9101
2618,長榮航,115,0,115,群益金鼎-敦南,2023-12-05,9101
00919,群益台灣精選高息,107,12,95,群益金鼎-敦南,2023-12-05,9101
2468,華經,96,7,89,群益金鼎-敦南,2023-12-05,9101
2399,映泰,74,20,54,群益金鼎-敦南,2023-12-05,9101
6026,福邦證,52,6,46,群益金鼎-敦南,2023-12-05,9101
1504,東元,61,20,41,群益金鼎-敦南,2023-12-05,9101
1605,華新,44,5,39,群益金鼎-敦南,2023-12-05,9101
6112,邁達特,45,8,37,群益金鼎-敦南,2023-12-05,9101
2317,鴻海,41,6,35,群益金鼎-敦南,2023-12-05,9101
6207,雷科,32,0,32,群益金鼎-敦南,2023-12-05,9101
2465,麗臺,32,0,32,群益金鼎-敦南,2023-12-05,9101
2888,新光金,30,0,30,群益金鼎-敦南,2023-12-05,9101
3373,熱映,29,0,29,群益金鼎-敦南,2023-12-05,9101
00687B,國泰20年美債,27,0,27,群益金鼎-敦南,2023-12-05,9101
1582,信錦,33,12,21,群益金鼎-敦南,2023-12-05,9101
3231,緯創,33,13,20,群益金鼎-敦南,2023-12-05,9101
6578,達邦蛋白,22,2,20,群益金鼎-敦南,2023-12-05,9101
9958,世紀鋼,41,23,18,群益金鼎-敦南,2023-12-05,9101
2498,宏達電,18,0,18,群益金鼎-敦南,2023-12-05,9101
00878,國泰永續高股息,18,2,16,群益金鼎-敦南,2023-12-05,9101
3035,智原,39,23,16,群益金鼎-敦南,2023-12-05,9101
00637L,元大滬深300正2,16,0,16,群益金鼎-敦南,2023-12-05,9101
1568,倉佑,16,0,16,群益金鼎-敦南,2023-12-05,9101
2476,鉅祥,16,0,16,群益金鼎-敦南,2023-12-05,9101
00662,富邦NASDAQ,15,0,15,群益金鼎-敦南,2023-12-05,9101
6125,廣運,26,11,15,群益金鼎-敦南,2023-12-05,9101
2606,裕民,202,188,14,群益金鼎-敦南,2023-12-05,9101
3234,光環,15,1,14,群益金鼎-敦南,2023-12-05,9101
00929,復華台灣科技優息,29,15,14,群益金鼎-敦南,2023-12-05,9101
1727,中華化,14,1,13,群益金鼎-敦南,2023-12-05,9101
3287,廣寰科,18,6,12,群益金鼎-敦南,2023-12-05,9101
6733,博晟生醫,12,0,12,群益金鼎-敦南,2023-12-05,9101
00882,中信中國高股息,12,0,12,群益金鼎-敦南,2023-12-05,9101
6811,宏�硌穈T,14,3,11,群益金鼎-敦南,2023-12-05,9101
1319,東陽,22,11,11,群益金鼎-敦南,2023-12-05,9101
2356,英業達,15,4,11,群益金鼎-敦南,2023-12-05,9101
3712,永崴投控,15,4,11,群益金鼎-敦南,2023-12-05,9101
3701,大眾控,11,0,11,群益金鼎-敦南,2023-12-05,9101
00922,國泰台灣領袖50,11,1,10,群益金鼎-敦南,2023-12-05,9101
2610,華航,10,0,10,群益金鼎-敦南,2023-12-05,9101
2613,中櫃,10,0,10,群益金鼎-敦南,2023-12-05,9101
2603,長榮,12,2,10,群益金鼎-敦南,2023-12-05,9101
00795B,中信美國公債20年,10,0,10,群益金鼎-敦南,2023-12-05,9101
3527,聚積,10,0,10,群益金鼎-敦南,2023-12-05,9101
2460,建通,13,3,10,群益金鼎-敦南,2023-12-05,9101
2607,榮運,50,40,10,群益金鼎-敦南,2023-12-05,9101
3715,定穎投控,30,21,9,群益金鼎-敦南,2023-12-05,9101
2405,輔信,10,1,9,群益金鼎-敦南,2023-12-05,9101
6288,聯嘉,10,1,9,群益金鼎-敦南,2023-12-05,9101
2425,承啟,370,38,332,群益金鼎-敦南,2023-12-06,9101
2329,華泰,241,39,202,群益金鼎-敦南,2023-12-06,9101
00933B,國泰10Y+金融債,120,0,120,群益金鼎-敦南,2023-12-06,9101
2376,技嘉,127,34,93,群益金鼎-敦南,2023-12-06,9101
2468,華經,89,1,88,群益金鼎-敦南,2023-12-06,9101
5603,陸海,80,0,80,群益金鼎-敦南,2023-12-06,9101
6112,邁達特,81,5,76,群益金鼎-敦南,2023-12-06,9101
1618,合機,75,8,67,群益金鼎-敦南,2023-12-06,9101
00919,群益台灣精選高息,47,1,46,群益金鼎-敦南,2023-12-06,9101
2453,凌群,57,12,45,群益金鼎-敦南,2023-12-06,9101
2355,敬鵬,89,44,45,群益金鼎-敦南,2023-12-06,9101
2344,華邦電,42,0,42,群益金鼎-敦南,2023-12-06,9101
1608,華榮,40,1,39,群益金鼎-敦南,2023-12-06,9101
2303,聯電,36,0,36,群益金鼎-敦南,2023-12-06,9101
4167,松瑞藥,45,9,36,群益金鼎-敦南,2023-12-06,9101
00931B,統一美債20年,41,5,36,群益金鼎-敦南,2023-12-06,9101
1325,恆大,45,11,34,群益金鼎-敦南,2023-12-06,9101
6288,聯嘉,30,0,30,群益金鼎-敦南,2023-12-06,9101
3373,熱映,29,0,29,群益金鼎-敦南,2023-12-06,9101
2317,鴻海,41,13,28,群益金鼎-敦南,2023-12-06,9101
2641,正德,105,77,28,群益金鼎-敦南,2023-12-06,9101
00680L,元大美債20正2,27,0,27,群益金鼎-敦南,2023-12-06,9101
2812,台中銀,30,3,27,群益金鼎-敦南,2023-12-06,9101
9958,世紀鋼,51,25,26,群益金鼎-敦南,2023-12-06,9101
00637L,元大滬深300正2,27,1,26,群益金鼎-敦南,2023-12-06,9101
9919,康那香,29,3,26,群益金鼎-敦南,2023-12-06,9101
1321,大洋,26,2,24,群益金鼎-敦南,2023-12-06,9101
1616,億泰,23,1,22,群益金鼎-敦南,2023-12-06,9101
4171,瑞基,20,0,20,群益金鼎-敦南,2023-12-06,9101
3515,華擎,27,7,20,群益金鼎-敦南,2023-12-06,9101
2371,大同,25,6,19,群益金鼎-敦南,2023-12-06,9101
6733,博晟生醫,18,0,18,群益金鼎-敦南,2023-12-06,9101
3481,群創,19,1,18,群益金鼎-敦南,2023-12-06,9101
2374,佳能,17,0,17,群益金鼎-敦南,2023-12-06,9101
1605,華新,18,2,16,群益金鼎-敦南,2023-12-06,9101
00662,富邦NASDAQ,15,0,15,群益金鼎-敦南,2023-12-06,9101
6284,佳邦,15,0,15,群益金鼎-敦南,2023-12-06,9101
2419,仲琦,31,17,14,群益金鼎-敦南,2023-12-06,9101
6823,濾能,14,0,14,群益金鼎-敦南,2023-12-06,9101
00795B,中信美國公債20年,14,0,14,群益金鼎-敦南,2023-12-06,9101
00687B,國泰20年美債,15,1,14,群益金鼎-敦南,2023-12-06,9101
3441,聯一光,13,0,13,群益金鼎-敦南,2023-12-06,9101
3013,晟銘電,94,81,13,群益金鼎-敦南,2023-12-06,9101
2888,新光金,13,0,13,群益金鼎-敦南,2023-12-06,9101
6446,藥華藥,13,0,13,群益金鼎-敦南,2023-12-06,9101
1524,耿鼎,30,18,12,群益金鼎-敦南,2023-12-06,9101
00679B,元大美債20年,13,2,11,群益金鼎-敦南,2023-12-06,9101
00751B,元大AAA至A公司債,11,0,11,群益金鼎-敦南,2023-12-06,9101
4953,緯軟,12,2,10,群益金鼎-敦南,2023-12-06,9101
2820,華票,10,0,10,群益金鼎-敦南,2023-12-06,9101
2329,華泰,221,27,194,群益金鼎-敦南,2023-12-07,9101
2882,國泰金,203,22,181,群益金鼎-敦南,2023-12-07,9101
00680L,元大美債20正2,110,2,108,群益金鼎-敦南,2023-12-07,9101
00632R,元大台灣50反1,100,20,80,群益金鼎-敦南,2023-12-07,9101
00919,群益台灣精選高息,64,0,64,群益金鼎-敦南,2023-12-07,9101
00931B,統一美債20年,142,95,47,群益金鼎-敦南,2023-12-07,9101
00679B,元大美債20年,45,3,42,群益金鼎-敦南,2023-12-07,9101
1618,合機,165,125,40,群益金鼎-敦南,2023-12-07,9101
9919,康那香,39,0,39,群益金鼎-敦南,2023-12-07,9101
3217,優群,30,0,30,群益金鼎-敦南,2023-12-07,9101
1325,恆大,29,0,29,群益金鼎-敦南,2023-12-07,9101
4967,十銓,50,23,27,群益金鼎-敦南,2023-12-07,9101
5009,榮剛,72,47,25,群益金鼎-敦南,2023-12-07,9101
00641R,富邦日本反1,25,0,25,群益金鼎-敦南,2023-12-07,9101
2612,中航,25,1,24,群益金鼎-敦南,2023-12-07,9101
3450,聯鈞,31,8,23,群益金鼎-敦南,2023-12-07,9101
1321,大洋,31,8,23,群益金鼎-敦南,2023-12-07,9101
1314,中石化,21,0,21,群益金鼎-敦南,2023-12-07,9101
2313,華通,27,7,20,群益金鼎-敦南,2023-12-07,9101
2605,新興,43,23,20,群益金鼎-敦南,2023-12-07,9101
3041,揚智,118,99,19,群益金鼎-敦南,2023-12-07,9101
9927,泰銘,21,2,19,群益金鼎-敦南,2023-12-07,9101
1605,華新,88,71,17,群益金鼎-敦南,2023-12-07,9101
2615,萬海,16,0,16,群益金鼎-敦南,2023-12-07,9101
2609,陽明,22,6,16,群益金鼎-敦南,2023-12-07,9101
00795B,中信美國公債20年,16,0,16,群益金鼎-敦南,2023-12-07,9101
2547,日勝生,15,0,15,群益金鼎-敦南,2023-12-07,9101
2419,仲琦,16,1,15,群益金鼎-敦南,2023-12-07,9101
5225,東科-KY,15,0,15,群益金鼎-敦南,2023-12-07,9101
2388,威盛,41,26,15,群益金鼎-敦南,2023-12-07,9101
00662,富邦NASDAQ,15,1,14,群益金鼎-敦南,2023-12-07,9101
3715,定穎投控,25,11,14,群益金鼎-敦南,2023-12-07,9101
6288,聯嘉,15,1,14,群益金鼎-敦南,2023-12-07,9101
2885,元大金,14,2,12,群益金鼎-敦南,2023-12-07,9101
6282,康舒,16,4,12,群益金鼎-敦南,2023-12-07,9101
00751B,元大AAA至A公司債,11,0,11,群益金鼎-敦南,2023-12-07,9101
00637L,元大滬深300正2,10,0,10,群益金鼎-敦南,2023-12-07,9101
6578,達邦蛋白,10,0,10,群益金鼎-敦南,2023-12-07,9101
2888,新光金,10,0,10,群益金鼎-敦南,2023-12-07,9101
2485,兆赫,10,0,10,群益金鼎-敦南,2023-12-07,9101
00688L,國泰20年美債正2,10,0,10,群益金鼎-敦南,2023-12-07,9101
3234,光環,10,0,10,群益金鼎-敦南,2023-12-07,9101
3483,力致,10,1,9,群益金鼎-敦南,2023-12-07,9101
3013,晟銘電,31,22,9,群益金鼎-敦南,2023-12-07,9101
3489,森寶,11,2,9,群益金鼎-敦南,2023-12-07,9101
00683L,期元大美元指正2,9,0,9,群益金鼎-敦南,2023-12-07,9101
4746,台耀,10,1,9,群益金鼎-敦南,2023-12-07,9101
1582,信錦,19,10,9,群益金鼎-敦南,2023-12-07,9101
2377,微星,10,1,9,群益金鼎-敦南,2023-12-07,9101
2312,金寶,13,4,9,群益金鼎-敦南,2023-12-07,9101
2329,華泰,259,39,220,群益金鼎-敦南,2023-12-08,9101
00632R,元大台灣50反1,130,0,130,群益金鼎-敦南,2023-12-08,9101
5426,振發,111,2,109,群益金鼎-敦南,2023-12-08,9101
00923,群益台ESG低碳50,85,5,80,群益金鼎-敦南,2023-12-08,9101
2408,南亞科,66,0,66,群益金鼎-敦南,2023-12-08,9101
00937B,群益ESG投等債20,71,15,56,群益金鼎-敦南,2023-12-08,9101
00882,中信中國高股息,54,0,54,群益金鼎-敦南,2023-12-08,9101
00679B,元大美債20年,45,1,44,群益金鼎-敦南,2023-12-08,9101
3706,神達,43,0,43,群益金鼎-敦南,2023-12-08,9101
2542,興富發,40,0,40,群益金鼎-敦南,2023-12-08,9101
3231,緯創,115,80,35,群益金鼎-敦南,2023-12-08,9101
4513,福裕,30,0,30,群益金鼎-敦南,2023-12-08,9101
00687B,國泰20年美債,29,0,29,群益金鼎-敦南,2023-12-08,9101
00919,群益台灣精選高息,39,11,28,群益金鼎-敦南,2023-12-08,9101
1584,精剛,27,0,27,群益金鼎-敦南,2023-12-08,9101
8054,安國,72,45,27,群益金鼎-敦南,2023-12-08,9101
2303,聯電,27,1,26,群益金鼎-敦南,2023-12-08,9101
1568,倉佑,32,6,26,群益金鼎-敦南,2023-12-08,9101
8112,至上,50,28,22,群益金鼎-敦南,2023-12-08,9101
2399,映泰,31,10,21,群益金鼎-敦南,2023-12-08,9101
6462,神盾,25,5,20,群益金鼎-敦南,2023-12-08,9101
00706L,期元大S＆P日圓正2,20,0,20,群益金鼎-敦南,2023-12-08,9101
2641,正德,22,2,20,群益金鼎-敦南,2023-12-08,9101
2230,泰茂,15,0,15,群益金鼎-敦南,2023-12-08,9101
00662,富邦NASDAQ,15,0,15,群益金鼎-敦南,2023-12-08,9101
00751B,元大AAA至A公司債,15,0,15,群益金鼎-敦南,2023-12-08,9101
8227,巨有科技,15,0,15,群益金鼎-敦南,2023-12-08,9101
1608,華榮,18,4,14,群益金鼎-敦南,2023-12-08,9101
5608,四維航,21,8,13,群益金鼎-敦南,2023-12-08,9101
6185,幃翔,12,0,12,群益金鼎-敦南,2023-12-08,9101
00931B,統一美債20年,12,0,12,群益金鼎-敦南,2023-12-08,9101
1612,宏泰,21,9,12,群益金鼎-敦南,2023-12-08,9101
9958,世紀鋼,40,29,11,群益金鼎-敦南,2023-12-08,9101
6558,興能高,12,1,11,群益金鼎-敦南,2023-12-08,9101
2359,所羅門,24,14,10,群益金鼎-敦南,2023-12-08,9101
6109,亞元,10,0,10,群益金鼎-敦南,2023-12-08,9101
006205,富邦上証,10,0,10,群益金鼎-敦南,2023-12-08,9101
00680L,元大美債20正2,10,0,10,群益金鼎-敦南,2023-12-08,9101
6120,達運,10,0,10,群益金鼎-敦南,2023-12-08,9101
4979,華星光,20,10,10,群益金鼎-敦南,2023-12-08,9101
3623,富晶通,10,0,10,群益金鼎-敦南,2023-12-08,9101
5213,亞昕,13,3,10,群益金鼎-敦南,2023-12-08,9101
00918,大華優利高填息30,10,0,10,群益金鼎-敦南,2023-12-08,9101
8426,紅木-KY,10,0,10,群益金鼎-敦南,2023-12-08,9101
2486,一詮,51,41,10,群益金鼎-敦南,2023-12-08,9101
3481,群創,9,0,9,群益金鼎-敦南,2023-12-08,9101
6789,采鈺,11,2,9,群益金鼎-敦南,2023-12-08,9101
6668,中揚光,11,3,8,群益金鼎-敦南,2023-12-08,9101
2355,敬鵬,34,26,8,群益金鼎-敦南,2023-12-08,9101
2353,宏��,11,3,8,群益金鼎-敦南,2023-12-08,9101
2365,昆盈,227,15,212,群益金鼎-敦南,2023-12-11,9101
2353,宏��,204,7,197,群益金鼎-敦南,2023-12-11,9101
00919,群益台灣精選高息,190,13,177,群益金鼎-敦南,2023-12-11,9101
00715L,期街口布蘭特正2,95,0,95,群益金鼎-敦南,2023-12-11,9101
2888,新光金,172,82,90,群益金鼎-敦南,2023-12-11,9101
8054,安國,80,5,75,群益金鼎-敦南,2023-12-11,9101
2543,皇昌,72,0,72,群益金鼎-敦南,2023-12-11,9101
00882,中信中國高股息,67,0,67,群益金鼎-敦南,2023-12-11,9101
2618,長榮航,54,10,44,群益金鼎-敦南,2023-12-11,9101
00929,復華台灣科技優息,42,1,41,群益金鼎-敦南,2023-12-11,9101
6462,神盾,51,10,41,群益金鼎-敦南,2023-12-11,9101
4167,松瑞藥,37,0,37,群益金鼎-敦南,2023-12-11,9101
2605,新興,52,15,37,群益金鼎-敦南,2023-12-11,9101
0056,元大高股息,31,1,30,群益金鼎-敦南,2023-12-11,9101
5515,建國,30,0,30,群益金鼎-敦南,2023-12-11,9101
3450,聯鈞,42,16,26,群益金鼎-敦南,2023-12-11,9101
00897,富邦基因免疫生技,25,0,25,群益金鼎-敦南,2023-12-11,9101
4906,正文,25,1,24,群益金鼎-敦南,2023-12-11,9101
2486,一詮,22,0,22,群益金鼎-敦南,2023-12-11,9101
00687B,國泰20年美債,21,1,20,群益金鼎-敦南,2023-12-11,9101
2611,志信,20,0,20,群益金鼎-敦南,2023-12-11,9101
2812,台中銀,17,1,16,群益金鼎-敦南,2023-12-11,9101
5258,虹堡,17,1,16,群益金鼎-敦南,2023-12-11,9101
3305,昇貿,17,1,16,群益金鼎-敦南,2023-12-11,9101
4532,瑞智,16,0,16,群益金鼎-敦南,2023-12-11,9101
1616,億泰,15,0,15,群益金鼎-敦南,2023-12-11,9101
6290,良維,16,2,14,群益金鼎-敦南,2023-12-11,9101
2641,正德,18,4,14,群益金鼎-敦南,2023-12-11,9101
00679B,元大美債20年,17,3,14,群益金鼎-敦南,2023-12-11,9101
6288,聯嘉,14,1,13,群益金鼎-敦南,2023-12-11,9101
2388,威盛,46,33,13,群益金鼎-敦南,2023-12-11,9101
2492,華新科,24,12,12,群益金鼎-敦南,2023-12-11,9101
1815,富喬,13,1,12,群益金鼎-敦南,2023-12-11,9101
00642U,期元大S＆P石油,12,0,12,群益金鼎-敦南,2023-12-11,9101
5478,智冠,11,0,11,群益金鼎-敦南,2023-12-11,9101
2402,毅嘉,16,5,11,群益金鼎-敦南,2023-12-11,9101
9933,中鼎,11,0,11,群益金鼎-敦南,2023-12-11,9101
2881,富邦金,11,0,11,群益金鼎-敦南,2023-12-11,9101
6219,富旺,10,0,10,群益金鼎-敦南,2023-12-11,9101
2834,臺企銀,10,0,10,群益金鼎-敦南,2023-12-11,9101
2451,創見,10,0,10,群益金鼎-敦南,2023-12-11,9101
00934,中信成長高股息,10,0,10,群益金鼎-敦南,2023-12-11,9101
00662,富邦NASDAQ,10,0,10,群益金鼎-敦南,2023-12-11,9101
5392,能率,10,0,10,群益金鼎-敦南,2023-12-11,9101
1515,力山,10,1,9,群益金鼎-敦南,2023-12-11,9101
6265,方土昶,10,1,9,群益金鼎-敦南,2023-12-11,9101
2890,永豐金,10,1,9,群益金鼎-敦南,2023-12-11,9101
2820,華票,9,0,9,群益金鼎-敦南,2023-12-11,9101
2317,鴻海,8,0,8,群益金鼎-敦南,2023-12-11,9101
2457,飛宏,8,0,8,群益金鼎-敦南,2023-12-11,9101
2313,華通,135,31,104,群益金鼎-敦南,2023-12-12,9101
3266,昇陽,104,8,96,群益金鼎-敦南,2023-12-12,9101
00918,大華優利高填息30,67,0,67,群益金鼎-敦南,2023-12-12,9101
2618,長榮航,121,61,60,群益金鼎-敦南,2023-12-12,9101
8011,台通,98,40,58,群益金鼎-敦南,2023-12-12,9101
6462,神盾,74,18,56,群益金鼎-敦南,2023-12-12,9101
2329,華泰,60,10,50,群益金鼎-敦南,2023-12-12,9101
2611,志信,50,3,47,群益金鼎-敦南,2023-12-12,9101
4909,新復興,85,39,46,群益金鼎-敦南,2023-12-12,9101
3231,緯創,54,12,42,群益金鼎-敦南,2023-12-12,9101
00919,群益台灣精選高息,65,29,36,群益金鼎-敦南,2023-12-12,9101
1609,大亞,46,11,35,群益金鼎-敦南,2023-12-12,9101
1605,華新,50,17,33,群益金鼎-敦南,2023-12-12,9101
6143,振曜,37,4,33,群益金鼎-敦南,2023-12-12,9101
3623,富晶通,30,0,30,群益金鼎-敦南,2023-12-12,9101
3706,神達,29,2,27,群益金鼎-敦南,2023-12-12,9101
1608,華榮,75,50,25,群益金鼎-敦南,2023-12-12,9101
3024,憶聲,25,0,25,群益金鼎-敦南,2023-12-12,9101
6233,旺玖,25,0,25,群益金鼎-敦南,2023-12-12,9101
5258,虹堡,24,1,23,群益金鼎-敦南,2023-12-12,9101
00937B,群益ESG投等債20,30,8,22,群益金鼎-敦南,2023-12-12,9101
2888,新光金,22,0,22,群益金鼎-敦南,2023-12-12,9101
00687B,國泰20年美債,21,0,21,群益金鼎-敦南,2023-12-12,9101
2897,王道銀行,20,0,20,群益金鼎-敦南,2023-12-12,9101
2845,遠東銀,20,0,20,群益金鼎-敦南,2023-12-12,9101
5478,智冠,20,0,20,群益金鼎-敦南,2023-12-12,9101
2034,允強,20,0,20,群益金鼎-敦南,2023-12-12,9101
3390,旭軟,21,1,20,群益金鼎-敦南,2023-12-12,9101
2382,廣達,26,7,19,群益金鼎-敦南,2023-12-12,9101
3481,群創,20,2,18,群益金鼎-敦南,2023-12-12,9101
5425,台半,18,0,18,群益金鼎-敦南,2023-12-12,9101
4979,華星光,20,2,18,群益金鼎-敦南,2023-12-12,9101
2344,華邦電,17,0,17,群益金鼎-敦南,2023-12-12,9101
8112,至上,157,140,17,群益金鼎-敦南,2023-12-12,9101
00679B,元大美債20年,16,0,16,群益金鼎-敦南,2023-12-12,9101
4561,健椿,16,0,16,群益金鼎-敦南,2023-12-12,9101
5521,工信,46,32,14,群益金鼎-敦南,2023-12-12,9101
3338,泰碩,14,1,13,群益金鼎-敦南,2023-12-12,9101
3056,富華新,13,1,12,群益金鼎-敦南,2023-12-12,9101
6292,迅德,22,10,12,群益金鼎-敦南,2023-12-12,9101
3013,晟銘電,12,0,12,群益金鼎-敦南,2023-12-12,9101
2356,英業達,23,11,12,群益金鼎-敦南,2023-12-12,9101
1504,東元,12,0,12,群益金鼎-敦南,2023-12-12,9101
6290,良維,14,2,12,群益金鼎-敦南,2023-12-12,9101
8040,九暘,11,0,11,群益金鼎-敦南,2023-12-12,9101
4577,達航科技,11,0,11,群益金鼎-敦南,2023-12-12,9101
2637,慧洋-KY,10,0,10,群益金鼎-敦南,2023-12-12,9101
3596,智易,11,1,10,群益金鼎-敦南,2023-12-12,9101
00642U,期元大S＆P石油,10,0,10,群益金鼎-敦南,2023-12-12,9101
4513,福裕,10,0,10,群益金鼎-敦南,2023-12-12,9101
2353,宏��,118,17,101,群益金鼎-敦南,2023-12-13,9101
8054,安國,133,41,92,群益金鼎-敦南,2023-12-13,9101
3694,海華,121,30,91,群益金鼎-敦南,2023-12-13,9101
2812,台中銀,80,11,69,群益金鼎-敦南,2023-12-13,9101
3019,亞光,79,15,64,群益金鼎-敦南,2023-12-13,9101
1605,華新,63,1,62,群益金鼎-敦南,2023-12-13,9101
9105,泰金寶-DR,60,0,60,群益金鼎-敦南,2023-12-13,9101
00885,富邦越南,60,0,60,群益金鼎-敦南,2023-12-13,9101
2618,長榮航,58,2,56,群益金鼎-敦南,2023-12-13,9101
00933B,國泰10Y+金融債,55,0,55,群益金鼎-敦南,2023-12-13,9101
2329,華泰,59,9,50,群益金鼎-敦南,2023-12-13,9101
00687B,國泰20年美債,50,0,50,群益金鼎-敦南,2023-12-13,9101
00882,中信中國高股息,42,0,42,群益金鼎-敦南,2023-12-13,9101
00919,群益台灣精選高息,111,75,36,群益金鼎-敦南,2023-12-13,9101
9928,中視,34,0,34,群益金鼎-敦南,2023-12-13,9101
9921,巨大,33,0,33,群益金鼎-敦南,2023-12-13,9101
2890,永豐金,44,11,33,群益金鼎-敦南,2023-12-13,9101
6015,宏遠證,30,0,30,群益金鼎-敦南,2023-12-13,9101
00878,國泰永續高股息,31,1,30,群益金鼎-敦南,2023-12-13,9101
8936,國統,28,3,25,群益金鼎-敦南,2023-12-13,9101
4953,緯軟,22,0,22,群益金鼎-敦南,2023-12-13,9101
4167,松瑞藥,20,0,20,群益金鼎-敦南,2023-12-13,9101
00715L,期街口布蘭特正2,19,0,19,群益金鼎-敦南,2023-12-13,9101
00915,凱基優選高股息30,21,2,19,群益金鼎-敦南,2023-12-13,9101
6821,聯寶,20,1,19,群益金鼎-敦南,2023-12-13,9101
1608,華榮,18,2,16,群益金鼎-敦南,2023-12-13,9101
2867,三商壽,20,5,15,群益金鼎-敦南,2023-12-13,9101
8064,東捷,15,0,15,群益金鼎-敦南,2023-12-13,9101
8034,榮群,31,17,14,群益金鼎-敦南,2023-12-13,9101
1618,合機,34,21,13,群益金鼎-敦南,2023-12-13,9101
2201,裕隆,17,5,12,群益金鼎-敦南,2023-12-13,9101
2520,冠德,12,0,12,群益金鼎-敦南,2023-12-13,9101
1612,宏泰,19,7,12,群益金鼎-敦南,2023-12-13,9101
5426,振發,68,56,12,群益金鼎-敦南,2023-12-13,9101
6592,和潤企業,11,0,11,群益金鼎-敦南,2023-12-13,9101
00918,大華優利高填息30,11,0,11,群益金鼎-敦南,2023-12-13,9101
2609,陽明,11,0,11,群益金鼎-敦南,2023-12-13,9101
5608,四維航,14,3,11,群益金鼎-敦南,2023-12-13,9101
2419,仲琦,136,126,10,群益金鼎-敦南,2023-12-13,9101
00900,富邦特選高股息30,13,3,10,群益金鼎-敦南,2023-12-13,9101
4739,康普,10,0,10,群益金鼎-敦南,2023-12-13,9101
1402,遠東新,10,0,10,群益金鼎-敦南,2023-12-13,9101
1527,鑽全,10,0,10,群益金鼎-敦南,2023-12-13,9101
2637,慧洋-KY,17,7,10,群益金鼎-敦南,2023-12-13,9101
00935,野村臺灣新科技50,10,0,10,群益金鼎-敦南,2023-12-13,9101
2630,亞航,11,1,10,群益金鼎-敦南,2023-12-13,9101
3141,晶宏,10,0,10,群益金鼎-敦南,2023-12-13,9101
2382,廣達,32,22,10,群益金鼎-敦南,2023-12-13,9101
2476,鉅祥,10,0,10,群益金鼎-敦南,2023-12-13,9101
4702,中美實,10,0,10,群益金鼎-敦南,2023-12-13,9101
2542,興富發,100,1,99,群益金鼎-敦南,2023-12-14,9101
00929,復華台灣科技優息,83,7,76,群益金鼎-敦南,2023-12-14,9101
5351,鈺創,78,23,55,群益金鼎-敦南,2023-12-14,9101
00937B,群益ESG投等債20,74,20,54,群益金鼎-敦南,2023-12-14,9101
1605,華新,53,3,50,群益金鼎-敦南,2023-12-14,9101
00631L,元大台灣50正2,47,0,47,群益金鼎-敦南,2023-12-14,9101
00919,群益台灣精選高息,65,18,47,群益金鼎-敦南,2023-12-14,9101
00687B,國泰20年美債,42,0,42,群益金鼎-敦南,2023-12-14,9101
6182,合晶,40,0,40,群益金鼎-敦南,2023-12-14,9101
8112,至上,68,29,39,群益金鼎-敦南,2023-12-14,9101
00933B,國泰10Y+金融債,37,4,33,群益金鼎-敦南,2023-12-14,9101
3715,定穎投控,90,61,29,群益金鼎-敦南,2023-12-14,9101
8085,福華,50,21,29,群益金鼎-敦南,2023-12-14,9101
3624,光頡,45,16,29,群益金鼎-敦南,2023-12-14,9101
5425,台半,30,5,25,群益金鼎-敦南,2023-12-14,9101
2528,皇普,30,7,23,群益金鼎-敦南,2023-12-14,9101
00636,國泰中國A50,21,0,21,群益金鼎-敦南,2023-12-14,9101
00720B,元大投資級公司債,20,0,20,群益金鼎-敦南,2023-12-14,9101
8033,雷虎,26,6,20,群益金鼎-敦南,2023-12-14,9101
2006,東和鋼鐵,20,1,19,群益金鼎-敦南,2023-12-14,9101
5258,虹堡,22,3,19,群益金鼎-敦南,2023-12-14,9101
00923,群益台ESG低碳50,30,11,19,群益金鼎-敦南,2023-12-14,9101
6173,信昌電,19,1,18,群益金鼎-敦南,2023-12-14,9101
6112,邁達特,17,0,17,群益金鼎-敦南,2023-12-14,9101
2425,承啟,111,95,16,群益金鼎-敦南,2023-12-14,9101
4909,新復興,17,1,16,群益金鼎-敦南,2023-12-14,9101
6290,良維,17,1,16,群益金鼎-敦南,2023-12-14,9101
5478,智冠,15,0,15,群益金鼎-敦南,2023-12-14,9101
00764B,群益25年美債,15,0,15,群益金鼎-敦南,2023-12-14,9101
2301,光寶科,17,3,14,群益金鼎-敦南,2023-12-14,9101
00772B,中信高評級公司債,14,0,14,群益金鼎-敦南,2023-12-14,9101
2472,立隆電,30,16,14,群益金鼎-敦南,2023-12-14,9101
00661,元大日經225,13,0,13,群益金鼎-敦南,2023-12-14,9101
6127,九豪,15,2,13,群益金鼎-敦南,2023-12-14,9101
2392,正崴,18,5,13,群益金鼎-敦南,2023-12-14,9101
3622,洋華,15,3,12,群益金鼎-敦南,2023-12-14,9101
6168,宏齊,16,5,11,群益金鼎-敦南,2023-12-14,9101
3675,德微,18,7,11,群益金鼎-敦南,2023-12-14,9101
2915,潤泰全,11,0,11,群益金鼎-敦南,2023-12-14,9101
1815,富喬,13,2,11,群益金鼎-敦南,2023-12-14,9101
2419,仲琦,15,4,11,群益金鼎-敦南,2023-12-14,9101
2353,宏��,24,13,11,群益金鼎-敦南,2023-12-14,9101
00652,富邦印度,10,0,10,群益金鼎-敦南,2023-12-14,9101
8436,大江,10,0,10,群益金鼎-敦南,2023-12-14,9101
6288,聯嘉,10,0,10,群益金鼎-敦南,2023-12-14,9101
3004,豐達科,10,0,10,群益金鼎-敦南,2023-12-14,9101
00656R,國泰中國A50反1,10,0,10,群益金鼎-敦南,2023-12-14,9101
8163,達方,11,1,10,群益金鼎-敦南,2023-12-14,9101
3706,神達,20,10,10,群益金鼎-敦南,2023-12-14,9101
6205,詮欣,10,0,10,群益金鼎-敦南,2023-12-14,9101
2002,中鋼,149,3,146,群益金鼎-敦南,2023-12-15,9101
1618,合機,115,7,108,群益金鼎-敦南,2023-12-15,9101
2023,燁輝,100,0,100,群益金鼎-敦南,2023-12-15,9101
9945,潤泰新,100,5,95,群益金鼎-敦南,2023-12-15,9101
2014,中鴻,119,24,95,群益金鼎-敦南,2023-12-15,9101
00679B,元大美債20年,74,0,74,群益金鼎-敦南,2023-12-15,9101
2356,英業達,385,315,70,群益金鼎-敦南,2023-12-15,9101
2498,宏達電,72,6,66,群益金鼎-敦南,2023-12-15,9101
00688L,國泰20年美債正2,65,0,65,群益金鼎-敦南,2023-12-15,9101
00687B,國泰20年美債,69,6,63,群益金鼎-敦南,2023-12-15,9101
3231,緯創,59,2,57,群益金鼎-敦南,2023-12-15,9101
00878,國泰永續高股息,89,35,54,群益金鼎-敦南,2023-12-15,9101
00680L,元大美債20正2,68,15,53,群益金鼎-敦南,2023-12-15,9101
2881,富邦金,65,23,42,群益金鼎-敦南,2023-12-15,9101
00930,永豐ESG低碳高息,40,0,40,群益金鼎-敦南,2023-12-15,9101
3532,台勝科,37,3,34,群益金鼎-敦南,2023-12-15,9101
00706L,期元大S＆P日圓正2,30,0,30,群益金鼎-敦南,2023-12-15,9101
2371,大同,30,0,30,群益金鼎-敦南,2023-12-15,9101
2476,鉅祥,43,14,29,群益金鼎-敦南,2023-12-15,9101
00919,群益台灣精選高息,73,46,27,群益金鼎-敦南,2023-12-15,9101
1608,華榮,27,0,27,群益金鼎-敦南,2023-12-15,9101
2359,所羅門,26,0,26,群益金鼎-敦南,2023-12-15,9101
2027,大成鋼,40,14,26,群益金鼎-敦南,2023-12-15,9101
00885,富邦越南,22,0,22,群益金鼎-敦南,2023-12-15,9101
1609,大亞,23,2,21,群益金鼎-敦南,2023-12-15,9101
5236,凌陽創新,41,20,21,群益金鼎-敦南,2023-12-15,9101
6180,橘子,20,0,20,群益金鼎-敦南,2023-12-15,9101
2363,矽統,349,330,19,群益金鼎-敦南,2023-12-15,9101
00929,復華台灣科技優息,48,31,17,群益金鼎-敦南,2023-12-15,9101
2313,華通,37,21,16,群益金鼎-敦南,2023-12-15,9101
2412,中華電,16,0,16,群益金鼎-敦南,2023-12-15,9101
4513,福裕,21,5,16,群益金鼎-敦南,2023-12-15,9101
2444,兆勁,15,0,15,群益金鼎-敦南,2023-12-15,9101
5314,世紀,15,1,14,群益金鼎-敦南,2023-12-15,9101
1524,耿鼎,22,8,14,群益金鼎-敦南,2023-12-15,9101
3092,鴻碩,14,0,14,群益金鼎-敦南,2023-12-15,9101
00733,富邦臺灣中小,12,0,12,群益金鼎-敦南,2023-12-15,9101
3622,洋華,17,5,12,群益金鼎-敦南,2023-12-15,9101
1582,信錦,13,1,12,群益金鼎-敦南,2023-12-15,9101
2421,建準,13,1,12,群益金鼎-敦南,2023-12-15,9101
8936,國統,14,3,11,群益金鼎-敦南,2023-12-15,9101
4931,新盛力,11,0,11,群益金鼎-敦南,2023-12-15,9101
3715,定穎投控,16,5,11,群益金鼎-敦南,2023-12-15,9101
6274,台燿,11,0,11,群益金鼎-敦南,2023-12-15,9101
4906,正文,15,4,11,群益金鼎-敦南,2023-12-15,9101
3014,聯陽,12,1,11,群益金鼎-敦南,2023-12-15,9101
4572,駐龍,10,0,10,群益金鼎-敦南,2023-12-15,9101
2388,威盛,95,85,10,群益金鼎-敦南,2023-12-15,9101
5478,智冠,10,0,10,群益金鼎-敦南,2023-12-15,9101
2484,希華,10,0,10,群益金鼎-敦南,2023-12-15,9101
00937B,群益ESG投等債20,216,13,203,群益金鼎-敦南,2023-12-18,9101
00919,群益台灣精選高息,193,54,139,群益金鼎-敦南,2023-12-18,9101
2356,英業達,138,31,107,群益金鼎-敦南,2023-12-18,9101
2618,長榮航,123,33,90,群益金鼎-敦南,2023-12-18,9101
5351,鈺創,209,131,78,群益金鼎-敦南,2023-12-18,9101
00900,富邦特選高股息30,60,7,53,群益金鼎-敦南,2023-12-18,9101
1618,合機,54,2,52,群益金鼎-敦南,2023-12-18,9101
2611,志信,50,0,50,群益金鼎-敦南,2023-12-18,9101
00687B,國泰20年美債,80,32,48,群益金鼎-敦南,2023-12-18,9101
3645,達邁,30,0,30,群益金鼎-敦南,2023-12-18,9101
00679B,元大美債20年,41,11,30,群益金鼎-敦南,2023-12-18,9101
00680L,元大美債20正2,33,5,28,群益金鼎-敦南,2023-12-18,9101
6182,合晶,23,0,23,群益金鼎-敦南,2023-12-18,9101
00885,富邦越南,22,0,22,群益金鼎-敦南,2023-12-18,9101
2017,官田鋼,23,2,21,群益金鼎-敦南,2023-12-18,9101
00706L,期元大S＆P日圓正2,20,0,20,群益金鼎-敦南,2023-12-18,9101
1907,永豐餘,25,5,20,群益金鼎-敦南,2023-12-18,9101
5521,工信,56,36,20,群益金鼎-敦南,2023-12-18,9101
6414,樺漢,20,0,20,群益金鼎-敦南,2023-12-18,9101
9907,統一實,20,0,20,群益金鼎-敦南,2023-12-18,9101
9958,世紀鋼,50,30,20,群益金鼎-敦南,2023-12-18,9101
3234,光環,20,1,19,群益金鼎-敦南,2023-12-18,9101
3715,定穎投控,22,3,19,群益金鼎-敦南,2023-12-18,9101
00918,大華優利高填息30,19,0,19,群益金鼎-敦南,2023-12-18,9101
00878,國泰永續高股息,43,25,18,群益金鼎-敦南,2023-12-18,9101
00688L,國泰20年美債正2,18,1,17,群益金鼎-敦南,2023-12-18,9101
5608,四維航,29,13,16,群益金鼎-敦南,2023-12-18,9101
2353,宏��,49,34,15,群益金鼎-敦南,2023-12-18,9101
4167,松瑞藥,18,4,14,群益金鼎-敦南,2023-12-18,9101
2412,中華電,14,0,14,群益金鼎-敦南,2023-12-18,9101
00933B,國泰10Y+金融債,14,0,14,群益金鼎-敦南,2023-12-18,9101
2913,農林,17,4,13,群益金鼎-敦南,2023-12-18,9101
4746,台耀,14,1,13,群益金鼎-敦南,2023-12-18,9101
00857B,永豐20年美公債,11,0,11,群益金鼎-敦南,2023-12-18,9101
6770,力積電,11,0,11,群益金鼎-敦南,2023-12-18,9101
00751B,元大AAA至A公司債,11,0,11,群益金鼎-敦南,2023-12-18,9101
2388,威盛,32,22,10,群益金鼎-敦南,2023-12-18,9101
3048,益登,10,0,10,群益金鼎-敦南,2023-12-18,9101
2515,中工,30,20,10,群益金鼎-敦南,2023-12-18,9101
1711,永光,10,0,10,群益金鼎-敦南,2023-12-18,9101
6442,光聖,10,0,10,群益金鼎-敦南,2023-12-18,9101
00922,國泰台灣領袖50,10,0,10,群益金鼎-敦南,2023-12-18,9101
9933,中鼎,10,0,10,群益金鼎-敦南,2023-12-18,9101
4931,新盛力,10,0,10,群益金鼎-敦南,2023-12-18,9101
6742,澤米,11,1,10,群益金鼎-敦南,2023-12-18,9101
1514,亞力,21,11,10,群益金鼎-敦南,2023-12-18,9101
5371,中光電,9,0,9,群益金鼎-敦南,2023-12-18,9101
3622,洋華,10,1,9,群益金鼎-敦南,2023-12-18,9101
9945,潤泰新,10,1,9,群益金鼎-敦南,2023-12-18,9101
8234,新漢,9,0,9,群益金鼎-敦南,2023-12-18,9101
00720B,元大投資級公司債,72,15,57,群益金鼎-敦南,2023-12-19,9101
3481,群創,56,5,51,群益金鼎-敦南,2023-12-19,9101
4513,福裕,48,0,48,群益金鼎-敦南,2023-12-19,9101
2515,中工,77,35,42,群益金鼎-敦南,2023-12-19,9101
8112,至上,60,20,40,群益金鼎-敦南,2023-12-19,9101
00680L,元大美債20正2,35,0,35,群益金鼎-敦南,2023-12-19,9101
00900,富邦特選高股息30,60,26,34,群益金鼎-敦南,2023-12-19,9101
00937B,群益ESG投等債20,37,4,33,群益金鼎-敦南,2023-12-19,9101
00933B,國泰10Y+金融債,36,4,32,群益金鼎-敦南,2023-12-19,9101
00885,富邦越南,31,0,31,群益金鼎-敦南,2023-12-19,9101
6176,瑞儀,30,0,30,群益金鼎-敦南,2023-12-19,9101
2883,凱基金,30,0,30,群益金鼎-敦南,2023-12-19,9101
3234,光環,30,1,29,群益金鼎-敦南,2023-12-19,9101
2038,海光,51,23,28,群益金鼎-敦南,2023-12-19,9101
2402,毅嘉,29,1,28,群益金鼎-敦南,2023-12-19,9101
00688L,國泰20年美債正2,21,0,21,群益金鼎-敦南,2023-12-19,9101
1608,華榮,21,1,20,群益金鼎-敦南,2023-12-19,9101
00918,大華優利高填息30,22,3,19,群益金鼎-敦南,2023-12-19,9101
2610,華航,28,10,18,群益金鼎-敦南,2023-12-19,9101
8183,精星,19,1,18,群益金鼎-敦南,2023-12-19,9101
5522,遠雄,18,0,18,群益金鼎-敦南,2023-12-19,9101
00882,中信中國高股息,15,0,15,群益金鼎-敦南,2023-12-19,9101
2636,台驊控股,34,20,14,群益金鼎-敦南,2023-12-19,9101
4770,上品,14,0,14,群益金鼎-敦南,2023-12-19,9101
6248,沛波,15,1,14,群益金鼎-敦南,2023-12-19,9101
6243,迅杰,18,5,13,群益金鼎-敦南,2023-12-19,9101
2371,大同,12,0,12,群益金鼎-敦南,2023-12-19,9101
2809,京城銀,12,0,12,群益金鼎-敦南,2023-12-19,9101
2206,三陽工業,12,0,12,群益金鼎-敦南,2023-12-19,9101
2258,鴻華先進-創,12,0,12,群益金鼎-敦南,2023-12-19,9101
3694,海華,15,3,12,群益金鼎-敦南,2023-12-19,9101
2355,敬鵬,12,0,12,群益金鼎-敦南,2023-12-19,9101
00687B,國泰20年美債,26,15,11,群益金鼎-敦南,2023-12-19,9101
00922,國泰台灣領袖50,11,0,11,群益金鼎-敦南,2023-12-19,9101
8426,紅木-KY,11,0,11,群益金鼎-敦南,2023-12-19,9101
1514,亞力,17,6,11,群益金鼎-敦南,2023-12-19,9101
00915,凱基優選高股息30,10,0,10,群益金鼎-敦南,2023-12-19,9101
5515,建國,20,10,10,群益金鼎-敦南,2023-12-19,9101
4933,友輝,10,0,10,群益金鼎-敦南,2023-12-19,9101
6578,達邦蛋白,10,0,10,群益金鼎-敦南,2023-12-19,9101
4128,中天,10,0,10,群益金鼎-敦南,2023-12-19,9101
4114,健喬,10,0,10,群益金鼎-敦南,2023-12-19,9101
3231,緯創,15,5,10,群益金鼎-敦南,2023-12-19,9101
6015,宏遠證,10,0,10,群益金鼎-敦南,2023-12-19,9101
00934,中信成長高股息,15,5,10,群益金鼎-敦南,2023-12-19,9101
2352,佳世達,13,3,10,群益金鼎-敦南,2023-12-19,9101
00713,元大台灣高息低波,9,0,9,群益金鼎-敦南,2023-12-19,9101
1603,華電,10,1,9,群益金鼎-敦南,2023-12-19,9101
00878,國泰永續高股息,22,13,9,群益金鼎-敦南,2023-12-19,9101
00679B,元大美債20年,21,13,8,群益金鼎-敦南,2023-12-19,9101
6443,元晶,406,7,399,群益金鼎-敦南,2023-12-20,9101
2365,昆盈,302,1,301,群益金鼎-敦南,2023-12-20,9101
2002,中鋼,204,2,202,群益金鼎-敦南,2023-12-20,9101
00632R,元大台灣50反1,140,0,140,群益金鼎-敦南,2023-12-20,9101
2014,中鴻,197,96,101,群益金鼎-敦南,2023-12-20,9101
2609,陽明,147,47,100,群益金鼎-敦南,2023-12-20,9101
00919,群益台灣精選高息,110,10,100,群益金鼎-敦南,2023-12-20,9101
2353,宏��,222,163,59,群益金鼎-敦南,2023-12-20,9101
8163,達方,55,0,55,群益金鼎-敦南,2023-12-20,9101
2031,新光鋼,120,69,51,群益金鼎-敦南,2023-12-20,9101
2022,聚亨,50,5,45,群益金鼎-敦南,2023-12-20,9101
6164,華興,33,0,33,群益金鼎-敦南,2023-12-20,9101
2038,海光,36,3,33,群益金鼎-敦南,2023-12-20,9101
2023,燁輝,32,1,31,群益金鼎-敦南,2023-12-20,9101
5426,振發,30,0,30,群益金鼎-敦南,2023-12-20,9101
2888,新光金,30,0,30,群益金鼎-敦南,2023-12-20,9101
6186,新潤,28,0,28,群益金鼎-敦南,2023-12-20,9101
4915,致伸,23,1,22,群益金鼎-敦南,2023-12-20,9101
3011,今皓,22,0,22,群益金鼎-敦南,2023-12-20,9101
2891,中信金,20,0,20,群益金鼎-敦南,2023-12-20,9101
00720B,元大投資級公司債,19,0,19,群益金鼎-敦南,2023-12-20,9101
2329,華泰,32,14,18,群益金鼎-敦南,2023-12-20,9101
00927,群益半導體收益,18,0,18,群益金鼎-敦南,2023-12-20,9101
8096,擎亞,19,2,17,群益金鼎-敦南,2023-12-20,9101
2516,新建,17,0,17,群益金鼎-敦南,2023-12-20,9101
3056,富華新,17,0,17,群益金鼎-敦南,2023-12-20,9101
00934,中信成長高股息,15,0,15,群益金鼎-敦南,2023-12-20,9101
6205,詮欣,16,1,15,群益金鼎-敦南,2023-12-20,9101
2312,金寶,36,21,15,群益金鼎-敦南,2023-12-20,9101
1513,中興電,17,3,14,群益金鼎-敦南,2023-12-20,9101
3522,御嵿,14,0,14,群益金鼎-敦南,2023-12-20,9101
2886,兆豐金,15,2,13,群益金鼎-敦南,2023-12-20,9101
9958,世紀鋼,45,33,12,群益金鼎-敦南,2023-12-20,9101
4153,鈺緯,12,0,12,群益金鼎-敦南,2023-12-20,9101
1442,名軒,11,0,11,群益金鼎-敦南,2023-12-20,9101
8112,至上,22,11,11,群益金鼎-敦南,2023-12-20,9101
1319,東陽,12,1,11,群益金鼎-敦南,2023-12-20,9101
2739,寒舍,10,0,10,群益金鼎-敦南,2023-12-20,9101
00740B,富邦全球投等債,10,0,10,群益金鼎-敦南,2023-12-20,9101
6015,宏遠證,10,0,10,群益金鼎-敦南,2023-12-20,9101
7402,邑錡,10,0,10,群益金鼎-敦南,2023-12-20,9101
2615,萬海,24,14,10,群益金鼎-敦南,2023-12-20,9101
6209,今國光,10,1,9,群益金鼎-敦南,2023-12-20,9101
4934,太極,9,0,9,群益金鼎-敦南,2023-12-20,9101
2387,精元,12,3,9,群益金鼎-敦南,2023-12-20,9101
3037,欣興,10,2,8,群益金鼎-敦南,2023-12-20,9101
8358,金居,8,0,8,群益金鼎-敦南,2023-12-20,9101
2606,裕民,12,4,8,群益金鼎-敦南,2023-12-20,9101
3081,聯亞,8,0,8,群益金鼎-敦南,2023-12-20,9101
2603,長榮,81,74,7,群益金鼎-敦南,2023-12-20,9101
00919,群益台灣精選高息,147,0,147,群益金鼎-敦南,2023-12-21,9101
2515,中工,403,277,126,群益金鼎-敦南,2023-12-21,9101
00929,復華台灣科技優息,101,10,91,群益金鼎-敦南,2023-12-21,9101
00900,富邦特選高股息30,62,0,62,群益金鼎-敦南,2023-12-21,9101
8410,森田,65,5,60,群益金鼎-敦南,2023-12-21,9101
5258,虹堡,58,2,56,群益金鼎-敦南,2023-12-21,9101
8054,安國,90,40,50,群益金鼎-敦南,2023-12-21,9101
2645,長榮航太,40,1,39,群益金鼎-敦南,2023-12-21,9101
9105,泰金寶-DR,76,43,33,群益金鼎-敦南,2023-12-21,9101
00937B,群益ESG投等債20,31,0,31,群益金鼎-敦南,2023-12-21,9101
5426,振發,29,0,29,群益金鼎-敦南,2023-12-21,9101
2388,威盛,56,29,27,群益金鼎-敦南,2023-12-21,9101
2201,裕隆,24,0,24,群益金鼎-敦南,2023-12-21,9101
5011,久陽,21,0,21,群益金鼎-敦南,2023-12-21,9101
6165,浪凡,20,0,20,群益金鼎-敦南,2023-12-21,9101
2329,華泰,23,3,20,群益金鼎-敦南,2023-12-21,9101
1618,合機,18,0,18,群益金鼎-敦南,2023-12-21,9101
6202,盛群,18,0,18,群益金鼎-敦南,2023-12-21,9101
00934,中信成長高股息,16,0,16,群益金鼎-敦南,2023-12-21,9101
2312,金寶,17,2,15,群益金鼎-敦南,2023-12-21,9101
6186,新潤,14,0,14,群益金鼎-敦南,2023-12-21,9101
2371,大同,13,0,13,群益金鼎-敦南,2023-12-21,9101
1442,名軒,12,0,12,群益金鼎-敦南,2023-12-21,9101
3706,神達,22,10,12,群益金鼎-敦南,2023-12-21,9101
3035,智原,33,22,11,群益金鼎-敦南,2023-12-21,9101
2387,精元,21,10,11,群益金鼎-敦南,2023-12-21,9101
00725B,國泰投資級公司債,11,0,11,群益金鼎-敦南,2023-12-21,9101
00720B,元大投資級公司債,11,0,11,群益金鼎-敦南,2023-12-21,9101
2377,微星,13,2,11,群益金鼎-敦南,2023-12-21,9101
00878,國泰永續高股息,14,3,11,群益金鼎-敦南,2023-12-21,9101
2330,台積電,11,0,11,群益金鼎-敦南,2023-12-21,9101
4109,加捷生醫,10,0,10,群益金鼎-敦南,2023-12-21,9101
6245,立端,11,1,10,群益金鼎-敦南,2023-12-21,9101
00712,復華富時不動產,10,0,10,群益金鼎-敦南,2023-12-21,9101
6180,橘子,10,0,10,群益金鼎-敦南,2023-12-21,9101
2812,台中銀,10,0,10,群益金鼎-敦南,2023-12-21,9101
2516,新建,10,0,10,群益金鼎-敦南,2023-12-21,9101
6015,宏遠證,10,0,10,群益金鼎-敦南,2023-12-21,9101
7402,邑錡,11,2,9,群益金鼎-敦南,2023-12-21,9101
00936,台新永續高息中小,9,0,9,群益金鼎-敦南,2023-12-21,9101
6488,環球晶,9,0,9,群益金鼎-敦南,2023-12-21,9101
6592,和潤企業,12,3,9,群益金鼎-敦南,2023-12-21,9101
2884,玉山金,9,0,9,群益金鼎-敦南,2023-12-21,9101
2886,兆豐金,8,0,8,群益金鼎-敦南,2023-12-21,9101
6285,啟��,9,1,8,群益金鼎-敦南,2023-12-21,9101
6270,倍微,8,0,8,群益金鼎-敦南,2023-12-21,9101
1321,大洋,8,0,8,群益金鼎-敦南,2023-12-21,9101
00637L,元大滬深300正2,8,0,8,群益金鼎-敦南,2023-12-21,9101
2734,易飛網,8,0,8,群益金鼎-敦南,2023-12-21,9101
00688L,國泰20年美債正2,8,0,8,群益金鼎-敦南,2023-12-21,9101
2481,強茂,97,1,96,群益金鼎-敦南,2023-12-22,9101
2353,宏��,137,50,87,群益金鼎-敦南,2023-12-22,9101
00900,富邦特選高股息30,85,5,80,群益金鼎-敦南,2023-12-22,9101
00918,大華優利高填息30,45,0,45,群益金鼎-敦南,2023-12-22,9101
1314,中石化,44,2,42,群益金鼎-敦南,2023-12-22,9101
00919,群益台灣精選高息,32,0,32,群益金鼎-敦南,2023-12-22,9101
2323,中環,115,85,30,群益金鼎-敦南,2023-12-22,9101
00632R,元大台灣50反1,30,0,30,群益金鼎-敦南,2023-12-22,9101
5426,振發,31,2,29,群益金鼎-敦南,2023-12-22,9101
00937B,群益ESG投等債20,30,2,28,群益金鼎-敦南,2023-12-22,9101
00679B,元大美債20年,26,1,25,群益金鼎-敦南,2023-12-22,9101
00688L,國泰20年美債正2,21,0,21,群益金鼎-敦南,2023-12-22,9101
2356,英業達,144,123,21,群益金鼎-敦南,2023-12-22,9101
5258,虹堡,20,0,20,群益金鼎-敦南,2023-12-22,9101
3213,茂訊,20,2,18,群益金鼎-敦南,2023-12-22,9101
6182,合晶,17,0,17,群益金鼎-敦南,2023-12-22,9101
1321,大洋,18,2,16,群益金鼎-敦南,2023-12-22,9101
2609,陽明,134,119,15,群益金鼎-敦南,2023-12-22,9101
1326,台化,15,0,15,群益金鼎-敦南,2023-12-22,9101
00713,元大台灣高息低波,15,0,15,群益金鼎-敦南,2023-12-22,9101
00934,中信成長高股息,15,0,15,群益金鼎-敦南,2023-12-22,9101
9958,世紀鋼,35,21,14,群益金鼎-敦南,2023-12-22,9101
6243,迅杰,20,7,13,群益金鼎-敦南,2023-12-22,9101
5302,太欣,13,0,13,群益金鼎-敦南,2023-12-22,9101
2355,敬鵬,16,4,12,群益金鼎-敦南,2023-12-22,9101
6233,旺玖,36,24,12,群益金鼎-敦南,2023-12-22,9101
3231,緯創,29,17,12,群益金鼎-敦南,2023-12-22,9101
00764B,群益25年美債,11,0,11,群益金鼎-敦南,2023-12-22,9101
2890,永豐金,11,0,11,群益金鼎-敦南,2023-12-22,9101
3715,定穎投控,10,0,10,群益金鼎-敦南,2023-12-22,9101
1734,杏輝,10,0,10,群益金鼎-敦南,2023-12-22,9101
6015,宏遠證,10,0,10,群益金鼎-敦南,2023-12-22,9101
9105,泰金寶-DR,22,12,10,群益金鼎-敦南,2023-12-22,9101
6186,新潤,10,0,10,群益金鼎-敦南,2023-12-22,9101
8183,精星,10,0,10,群益金鼎-敦南,2023-12-22,9101
4109,加捷生醫,10,0,10,群益金鼎-敦南,2023-12-22,9101
9946,三發地產,10,0,10,群益金鼎-敦南,2023-12-22,9101
2881,富邦金,12,2,10,群益金鼎-敦南,2023-12-22,9101
6005,群益證,10,0,10,群益金鼎-敦南,2023-12-22,9101
8443,阿瘦,10,0,10,群益金鼎-敦南,2023-12-22,9101
2641,正德,15,6,9,群益金鼎-敦南,2023-12-22,9101
1815,富喬,10,1,9,群益金鼎-敦南,2023-12-22,9101
8932,智通*,9,0,9,群益金鼎-敦南,2023-12-22,9101
8150,南茂,10,1,9,群益金鼎-敦南,2023-12-22,9101
00751B,元大AAA至A公司債,8,0,8,群益金鼎-敦南,2023-12-22,9101
1618,合機,10,2,8,群益金鼎-敦南,2023-12-22,9101
00720B,元大投資級公司債,8,0,8,群益金鼎-敦南,2023-12-22,9101
8410,森田,8,0,8,群益金鼎-敦南,2023-12-22,9101
00715L,期街口布蘭特正2,9,1,8,群益金鼎-敦南,2023-12-22,9101
00680L,元大美債20正2,25,17,8,群益金鼎-敦南,2023-12-22,9101
2353,宏��,396,177,219,群益金鼎-敦南,2023-12-25,9101
00696B,富邦美債20年,100,0,100,群益金鼎-敦南,2023-12-25,9101
00919,群益台灣精選高息,91,13,78,群益金鼎-敦南,2023-12-25,9101
00639,富邦深100,70,0,70,群益金鼎-敦南,2023-12-25,9101
00688L,國泰20年美債正2,40,0,40,群益金鼎-敦南,2023-12-25,9101
00930,永豐ESG低碳高息,40,0,40,群益金鼎-敦南,2023-12-25,9101
1707,葡萄王,40,1,39,群益金鼎-敦南,2023-12-25,9101
2610,華航,55,17,38,群益金鼎-敦南,2023-12-25,9101
3287,廣寰科,29,0,29,群益金鼎-敦南,2023-12-25,9101
5426,振發,29,0,29,群益金鼎-敦南,2023-12-25,9101
00934,中信成長高股息,26,0,26,群益金鼎-敦南,2023-12-25,9101
2369,菱生,25,0,25,群益金鼎-敦南,2023-12-25,9101
00687B,國泰20年美債,25,0,25,群益金鼎-敦南,2023-12-25,9101
5009,榮剛,21,0,21,群益金鼎-敦南,2023-12-25,9101
9105,泰金寶-DR,20,0,20,群益金鼎-敦南,2023-12-25,9101
2465,麗臺,20,0,20,群益金鼎-敦南,2023-12-25,9101
6134,萬旭,20,0,20,群益金鼎-敦南,2023-12-25,9101
00725B,國泰投資級公司債,19,0,19,群益金鼎-敦南,2023-12-25,9101
2603,長榮,67,49,18,群益金鼎-敦南,2023-12-25,9101
6462,神盾,18,0,18,群益金鼎-敦南,2023-12-25,9101
6186,新潤,18,0,18,群益金鼎-敦南,2023-12-25,9101
5258,虹堡,25,10,15,群益金鼎-敦南,2023-12-25,9101
1314,中石化,20,6,14,群益金鼎-敦南,2023-12-25,9101
00929,復華台灣科技優息,17,4,13,群益金鼎-敦南,2023-12-25,9101
6117,迎廣,129,116,13,群益金鼎-敦南,2023-12-25,9101
00713,元大台灣高息低波,13,0,13,群益金鼎-敦南,2023-12-25,9101
6129,普誠,35,23,12,群益金鼎-敦南,2023-12-25,9101
6550,北極星藥業-KY,39,27,12,群益金鼎-敦南,2023-12-25,9101
2454,聯發科,14,2,12,群益金鼎-敦南,2023-12-25,9101
8054,安國,12,1,11,群益金鼎-敦南,2023-12-25,9101
8069,元太,32,22,10,群益金鼎-敦南,2023-12-25,9101
3515,華擎,10,0,10,群益金鼎-敦南,2023-12-25,9101
4909,新復興,11,1,10,群益金鼎-敦南,2023-12-25,9101
4153,鈺緯,10,0,10,群益金鼎-敦南,2023-12-25,9101
5521,工信,36,26,10,群益金鼎-敦南,2023-12-25,9101
3346,麗清,31,21,10,群益金鼎-敦南,2023-12-25,9101
3645,達邁,11,2,9,群益金鼎-敦南,2023-12-25,9101
8183,精星,10,1,9,群益金鼎-敦南,2023-12-25,9101
1618,合機,8,0,8,群益金鼎-敦南,2023-12-25,9101
3694,海華,11,3,8,群益金鼎-敦南,2023-12-25,9101
2516,新建,8,0,8,群益金鼎-敦南,2023-12-25,9101
2355,敬鵬,7,0,7,群益金鼎-敦南,2023-12-25,9101
00878,國泰永續高股息,24,17,7,群益金鼎-敦南,2023-12-25,9101
2908,特力,7,0,7,群益金鼎-敦南,2023-12-25,9101
3715,定穎投控,26,19,7,群益金鼎-敦南,2023-12-25,9101
00933B,國泰10Y+金融債,8,1,7,群益金鼎-敦南,2023-12-25,9101
2345,智邦,7,1,6,群益金鼎-敦南,2023-12-25,9101
2362,藍天,10,4,6,群益金鼎-敦南,2023-12-25,9101
3211,順達,6,0,6,群益金鼎-敦南,2023-12-25,9101
2486,一詮,6,0,6,群益金鼎-敦南,2023-12-25,9101
00679B,元大美債20年,329,0,329,群益金鼎-敦南,2023-12-26,9101
00687B,國泰20年美債,327,0,327,群益金鼎-敦南,2023-12-26,9101
2408,南亞科,157,6,151,群益金鼎-敦南,2023-12-26,9101
2388,威盛,65,15,50,群益金鼎-敦南,2023-12-26,9101
3287,廣寰科,29,0,29,群益金鼎-敦南,2023-12-26,9101
5426,振發,29,0,29,群益金鼎-敦南,2023-12-26,9101
1321,大洋,35,7,28,群益金鼎-敦南,2023-12-26,9101
00929,復華台灣科技優息,39,12,27,群益金鼎-敦南,2023-12-26,9101
4939,亞電,35,9,26,群益金鼎-敦南,2023-12-26,9101
00680L,元大美債20正2,24,0,24,群益金鼎-敦南,2023-12-26,9101
2498,宏達電,32,8,24,群益金鼎-敦南,2023-12-26,9101
1707,葡萄王,21,0,21,群益金鼎-敦南,2023-12-26,9101
6270,倍微,32,12,20,群益金鼎-敦南,2023-12-26,9101
1733,五鼎,22,2,20,群益金鼎-敦南,2023-12-26,9101
2618,長榮航,21,2,19,群益金鼎-敦南,2023-12-26,9101
2324,仁寶,128,110,18,群益金鼎-敦南,2023-12-26,9101
00900,富邦特選高股息30,20,4,16,群益金鼎-敦南,2023-12-26,9101
00937B,群益ESG投等債20,16,0,16,群益金鼎-敦南,2023-12-26,9101
6129,普誠,16,0,16,群益金鼎-敦南,2023-12-26,9101
00919,群益台灣精選高息,21,6,15,群益金鼎-敦南,2023-12-26,9101
3551,世禾,15,0,15,群益金鼎-敦南,2023-12-26,9101
6117,迎廣,41,27,14,群益金鼎-敦南,2023-12-26,9101
3325,旭品,21,7,14,群益金鼎-敦南,2023-12-26,9101
6533,晶心科,13,1,12,群益金鼎-敦南,2023-12-26,9101
6284,佳邦,11,0,11,群益金鼎-敦南,2023-12-26,9101
3105,穩懋,11,0,11,群益金鼎-敦南,2023-12-26,9101
3178,公準,11,1,10,群益金鼎-敦南,2023-12-26,9101
00915,凱基優選高股息30,10,0,10,群益金鼎-敦南,2023-12-26,9101
3380,明泰,15,5,10,群益金鼎-敦南,2023-12-26,9101
00918,大華優利高填息30,10,0,10,群益金鼎-敦南,2023-12-26,9101
1582,信錦,9,0,9,群益金鼎-敦南,2023-12-26,9101
3694,海華,20,11,9,群益金鼎-敦南,2023-12-26,9101
00720B,元大投資級公司債,8,0,8,群益金鼎-敦南,2023-12-26,9101
1806,冠軍,10,2,8,群益金鼎-敦南,2023-12-26,9101
1303,南亞,8,0,8,群益金鼎-敦南,2023-12-26,9101
2610,華航,16,8,8,群益金鼎-敦南,2023-12-26,9101
8936,國統,13,5,8,群益金鼎-敦南,2023-12-26,9101
2812,台中銀,7,0,7,群益金鼎-敦南,2023-12-26,9101
8069,元太,8,1,7,群益金鼎-敦南,2023-12-26,9101
5351,鈺創,16,9,7,群益金鼎-敦南,2023-12-26,9101
3515,華擎,7,0,7,群益金鼎-敦南,2023-12-26,9101
2377,微星,17,10,7,群益金鼎-敦南,2023-12-26,9101
5272,笙科,11,5,6,群益金鼎-敦南,2023-12-26,9101
6233,旺玖,11,5,6,群益金鼎-敦南,2023-12-26,9101
4153,鈺緯,6,0,6,群益金鼎-敦南,2023-12-26,9101
1519,華城,10,5,5,群益金鼎-敦南,2023-12-26,9101
6435,大中,5,0,5,群益金鼎-敦南,2023-12-26,9101
2010,春源,5,0,5,群益金鼎-敦南,2023-12-26,9101
3528,安馳,5,0,5,群益金鼎-敦南,2023-12-26,9101
1409,新纖,5,0,5,群益金鼎-敦南,2023-12-26,9101
00937B,群益ESG投等債20,255,3,252,群益金鼎-敦南,2023-12-27,9101
3706,神達,255,13,242,群益金鼎-敦南,2023-12-27,9101
3481,群創,219,49,170,群益金鼎-敦南,2023-12-27,9101
3006,晶豪科,95,25,70,群益金鼎-敦南,2023-12-27,9101
3715,定穎投控,83,14,69,群益金鼎-敦南,2023-12-27,9101
00919,群益台灣精選高息,61,3,58,群益金鼎-敦南,2023-12-27,9101
2409,友達,52,1,51,群益金鼎-敦南,2023-12-27,9101
2405,輔信,321,276,45,群益金鼎-敦南,2023-12-27,9101
00929,復華台灣科技優息,43,3,40,群益金鼎-敦南,2023-12-27,9101
3231,緯創,96,56,40,群益金鼎-敦南,2023-12-27,9101
3376,新日興,33,1,32,群益金鼎-敦南,2023-12-27,9101
8936,國統,32,1,31,群益金鼎-敦南,2023-12-27,9101
00679B,元大美債20年,28,0,28,群益金鼎-敦南,2023-12-27,9101
3287,廣寰科,27,0,27,群益金鼎-敦南,2023-12-27,9101
4714,永捷,23,0,23,群益金鼎-敦南,2023-12-27,9101
6719,力智,27,6,21,群益金鼎-敦南,2023-12-27,9101
1442,名軒,21,0,21,群益金鼎-敦南,2023-12-27,9101
1733,五鼎,47,26,21,群益金鼎-敦南,2023-12-27,9101
00878,國泰永續高股息,23,7,16,群益金鼎-敦南,2023-12-27,9101
2492,華新科,16,0,16,群益金鼎-敦南,2023-12-27,9101
2421,建準,46,30,16,群益金鼎-敦南,2023-12-27,9101
2618,長榮航,16,1,15,群益金鼎-敦南,2023-12-27,9101
4402,郡都開發,14,0,14,群益金鼎-敦南,2023-12-27,9101
2356,英業達,53,40,13,群益金鼎-敦南,2023-12-27,9101
4979,華星光,15,2,13,群益金鼎-敦南,2023-12-27,9101
4973,廣穎,13,0,13,群益金鼎-敦南,2023-12-27,9101
2809,京城銀,12,0,12,群益金鼎-敦南,2023-12-27,9101
00636,國泰中國A50,12,0,12,群益金鼎-敦南,2023-12-27,9101
3264,欣銓,13,1,12,群益金鼎-敦南,2023-12-27,9101
4513,福裕,12,0,12,群益金鼎-敦南,2023-12-27,9101
2377,微星,22,11,11,群益金鼎-敦南,2023-12-27,9101
1582,信錦,14,3,11,群益金鼎-敦南,2023-12-27,9101
2313,華通,19,8,11,群益金鼎-敦南,2023-12-27,9101
00752,中信中國50,11,0,11,群益金鼎-敦南,2023-12-27,9101
00934,中信成長高股息,11,0,11,群益金鼎-敦南,2023-12-27,9101
6290,良維,11,1,10,群益金鼎-敦南,2023-12-27,9101
2867,三商壽,10,0,10,群益金鼎-敦南,2023-12-27,9101
9105,泰金寶-DR,10,0,10,群益金鼎-敦南,2023-12-27,9101
1522,堤維西,12,2,10,群益金鼎-敦南,2023-12-27,9101
1325,恆大,10,0,10,群益金鼎-敦南,2023-12-27,9101
2606,裕民,22,12,10,群益金鼎-敦南,2023-12-27,9101
0056,元大高股息,24,15,9,群益金鼎-敦南,2023-12-27,9101
4968,立積,13,4,9,群益金鼎-敦南,2023-12-27,9101
2369,菱生,13,4,9,群益金鼎-敦南,2023-12-27,9101
3607,谷崧,10,1,9,群益金鼎-敦南,2023-12-27,9101
2324,仁寶,118,109,9,群益金鼎-敦南,2023-12-27,9101
2376,技嘉,13,5,8,群益金鼎-敦南,2023-12-27,9101
3293,鈊象,8,0,8,群益金鼎-敦南,2023-12-27,9101
6695,芯鼎,140,132,8,群益金鼎-敦南,2023-12-27,9101
2028,威致,8,0,8,群益金鼎-敦南,2023-12-27,9101
2353,宏��,202,99,103,群益金鼎-敦南,2023-12-28,9101
00688L,國泰20年美債正2,80,0,80,群益金鼎-敦南,2023-12-28,9101
00680L,元大美債20正2,71,1,70,群益金鼎-敦南,2023-12-28,9101
00919,群益台灣精選高息,59,2,57,群益金鼎-敦南,2023-12-28,9101
3231,緯創,63,11,52,群益金鼎-敦南,2023-12-28,9101
8936,國統,55,8,47,群益金鼎-敦南,2023-12-28,9101
00687B,國泰20年美債,44,0,44,群益金鼎-敦南,2023-12-28,9101
4906,正文,42,3,39,群益金鼎-敦南,2023-12-28,9101
00937B,群益ESG投等債20,36,0,36,群益金鼎-敦南,2023-12-28,9101
00679B,元大美債20年,36,2,34,群益金鼎-敦南,2023-12-28,9101
00706L,期元大S＆P日圓正2,30,0,30,群益金鼎-敦南,2023-12-28,9101
3287,廣寰科,29,0,29,群益金鼎-敦南,2023-12-28,9101
1603,華電,27,0,27,群益金鼎-敦南,2023-12-28,9101
3715,定穎投控,30,4,26,群益金鼎-敦南,2023-12-28,9101
2365,昆盈,181,155,26,群益金鼎-敦南,2023-12-28,9101
6719,力智,27,3,24,群益金鼎-敦南,2023-12-28,9101
2610,華航,27,4,23,群益金鼎-敦南,2023-12-28,9101
6233,旺玖,22,1,21,群益金鼎-敦南,2023-12-28,9101
3380,明泰,30,10,20,群益金鼎-敦南,2023-12-28,9101
3294,英濟,20,0,20,群益金鼎-敦南,2023-12-28,9101
00632R,元大台灣50反1,20,0,20,群益金鼎-敦南,2023-12-28,9101
2601,益航,20,0,20,群益金鼎-敦南,2023-12-28,9101
2603,長榮,65,46,19,群益金鼎-敦南,2023-12-28,9101
2356,英業達,138,120,18,群益金鼎-敦南,2023-12-28,9101
2313,華通,81,63,18,群益金鼎-敦南,2023-12-28,9101
1514,亞力,64,47,17,群益金鼎-敦南,2023-12-28,9101
3338,泰碩,31,14,17,群益金鼎-敦南,2023-12-28,9101
3162,精確,22,5,17,群益金鼎-敦南,2023-12-28,9101
2889,國票金,15,0,15,群益金鼎-敦南,2023-12-28,9101
00891,中信關鍵半導體,15,0,15,群益金鼎-敦南,2023-12-28,9101
2609,陽明,68,54,14,群益金鼎-敦南,2023-12-28,9101
3035,智原,30,17,13,群益金鼎-敦南,2023-12-28,9101
00933B,國泰10Y+金融債,12,0,12,群益金鼎-敦南,2023-12-28,9101
4953,緯軟,17,5,12,群益金鼎-敦南,2023-12-28,9101
2323,中環,14,3,11,群益金鼎-敦南,2023-12-28,9101
00927,群益半導體收益,11,0,11,群益金鼎-敦南,2023-12-28,9101
00936,台新永續高息中小,11,0,11,群益金鼎-敦南,2023-12-28,9101
00922,國泰台灣領袖50,10,0,10,群益金鼎-敦南,2023-12-28,9101
00725B,國泰投資級公司債,10,0,10,群益金鼎-敦南,2023-12-28,9101
1608,華榮,20,10,10,群益金鼎-敦南,2023-12-28,9101
1325,恆大,10,1,9,群益金鼎-敦南,2023-12-28,9101
2618,長榮航,15,6,9,群益金鼎-敦南,2023-12-28,9101
1795,美時,8,0,8,群益金鼎-敦南,2023-12-28,9101
1319,東陽,13,5,8,群益金鼎-敦南,2023-12-28,9101
00772B,中信高評級公司債,8,0,8,群益金鼎-敦南,2023-12-28,9101
2888,新光金,14,6,8,群益金鼎-敦南,2023-12-28,9101
6284,佳邦,7,0,7,群益金鼎-敦南,2023-12-28,9101
5351,鈺創,29,22,7,群益金鼎-敦南,2023-12-28,9101
00885,富邦越南,13,6,7,群益金鼎-敦南,2023-12-28,9101
1101,台泥,8,1,7,群益金鼎-敦南,2023-12-28,9101
00688L,國泰20年美債正2,63,0,63,群益金鼎-敦南,2023-12-29,9101
00937B,群益ESG投等債20,66,5,61,群益金鼎-敦南,2023-12-29,9101
8930,青鋼,54,1,53,群益金鼎-敦南,2023-12-29,9101
5426,振發,51,1,50,群益金鼎-敦南,2023-12-29,9101
5328,華容,30,0,30,群益金鼎-敦南,2023-12-29,9101
3443,創意,31,2,29,群益金鼎-敦南,2023-12-29,9101
2882,國泰金,50,21,29,群益金鼎-敦南,2023-12-29,9101
00680L,元大美債20正2,25,0,25,群益金鼎-敦南,2023-12-29,9101
2324,仁寶,78,54,24,群益金鼎-敦南,2023-12-29,9101
00919,群益台灣精選高息,21,0,21,群益金鼎-敦南,2023-12-29,9101
00687B,國泰20年美債,26,5,21,群益金鼎-敦南,2023-12-29,9101
2888,新光金,20,0,20,群益金鼎-敦南,2023-12-29,9101
00643,群益深証中小,20,0,20,群益金鼎-敦南,2023-12-29,9101
3715,定穎投控,26,6,20,群益金鼎-敦南,2023-12-29,9101
00935,野村臺灣新科技50,20,0,20,群益金鼎-敦南,2023-12-29,9101
0061,元大寶滬深,20,0,20,群益金鼎-敦南,2023-12-29,9101
9105,泰金寶-DR,20,0,20,群益金鼎-敦南,2023-12-29,9101
2405,輔信,17,1,16,群益金鼎-敦南,2023-12-29,9101
00933B,國泰10Y+金融債,15,0,15,群益金鼎-敦南,2023-12-29,9101
3706,神達,100,85,15,群益金鼎-敦南,2023-12-29,9101
1514,亞力,35,21,14,群益金鼎-敦南,2023-12-29,9101
2515,中工,34,20,14,群益金鼎-敦南,2023-12-29,9101
1504,東元,21,8,13,群益金鼎-敦南,2023-12-29,9101
3037,欣興,13,0,13,群益金鼎-敦南,2023-12-29,9101
2360,致茂,14,2,12,群益金鼎-敦南,2023-12-29,9101
5371,中光電,12,0,12,群益金鼎-敦南,2023-12-29,9101
4973,廣穎,14,3,11,群益金鼎-敦南,2023-12-29,9101
2520,冠德,11,0,11,群益金鼎-敦南,2023-12-29,9101
2323,中環,12,1,11,群益金鼎-敦南,2023-12-29,9101
00637L,元大滬深300正2,13,2,11,群益金鼎-敦南,2023-12-29,9101
8936,國統,13,3,10,群益金鼎-敦南,2023-12-29,9101
00931B,統一美債20年,10,0,10,群益金鼎-敦南,2023-12-29,9101
00891,中信關鍵半導體,10,0,10,群益金鼎-敦南,2023-12-29,9101
4513,福裕,10,0,10,群益金鼎-敦南,2023-12-29,9101
6165,浪凡,10,0,10,群益金鼎-敦南,2023-12-29,9101
2855,統一證,10,0,10,群益金鼎-敦南,2023-12-29,9101
2442,新美齊,10,0,10,群益金鼎-敦南,2023-12-29,9101
2313,華通,14,4,10,群益金鼎-敦南,2023-12-29,9101
00929,復華台灣科技優息,23,13,10,群益金鼎-敦南,2023-12-29,9101
00670L,富邦NASDAQ正2,8,0,8,群益金鼎-敦南,2023-12-29,9101
3162,精確,11,3,8,群益金鼎-敦南,2023-12-29,9101
1603,華電,12,4,8,群益金鼎-敦南,2023-12-29,9101
6593,台灣銘板,8,0,8,群益金鼎-敦南,2023-12-29,9101
8069,元太,8,1,7,群益金鼎-敦南,2023-12-29,9101
6188,廣明,9,2,7,群益金鼎-敦南,2023-12-29,9101
1524,耿鼎,8,1,7,群益金鼎-敦南,2023-12-29,9101
6270,倍微,7,0,7,群益金鼎-敦南,2023-12-29,9101
4945,陞達科技,7,0,7,群益金鼎-敦南,2023-12-29,9101
2636,台驊控股,7,1,6,群益金鼎-敦南,2023-12-29,9101
4968,立積,6,0,6,群益金鼎-敦南,2023-12-29,9101
3231,緯創,163,15,148,群益金鼎-敦南,2024-01-02,9101
00919,群益台灣精選高息,76,3,73,群益金鼎-敦南,2024-01-02,9101
00687B,國泰20年美債,72,1,71,群益金鼎-敦南,2024-01-02,9101
8930,青鋼,71,0,71,群益金鼎-敦南,2024-01-02,9101
00882,中信中國高股息,50,0,50,群益金鼎-敦南,2024-01-02,9101
2443,昶虹,46,0,46,群益金鼎-敦南,2024-01-02,9101
2642,宅配通,38,0,38,群益金鼎-敦南,2024-01-02,9101
00679B,元大美債20年,47,10,37,群益金鼎-敦南,2024-01-02,9101
00680L,元大美債20正2,41,5,36,群益金鼎-敦南,2024-01-02,9101
3715,定穎投控,30,0,30,群益金鼎-敦南,2024-01-02,9101
3706,神達,28,0,28,群益金鼎-敦南,2024-01-02,9101
00937B,群益ESG投等債20,27,0,27,群益金鼎-敦南,2024-01-02,9101
2641,正德,36,12,24,群益金鼎-敦南,2024-01-02,9101
00878,國泰永續高股息,26,5,21,群益金鼎-敦南,2024-01-02,9101
00918,大華優利高填息30,21,0,21,群益金鼎-敦南,2024-01-02,9101
2382,廣達,31,10,21,群益金鼎-敦南,2024-01-02,9101
4513,福裕,20,0,20,群益金鼎-敦南,2024-01-02,9101
1101,台泥,21,1,20,群益金鼎-敦南,2024-01-02,9101
1229,聯華,18,0,18,群益金鼎-敦南,2024-01-02,9101
8085,福華,17,0,17,群益金鼎-敦南,2024-01-02,9101
2609,陽明,212,196,16,群益金鼎-敦南,2024-01-02,9101
2324,仁寶,21,5,16,群益金鼎-敦南,2024-01-02,9101
2606,裕民,18,2,16,群益金鼎-敦南,2024-01-02,9101
6127,九豪,16,0,16,群益金鼎-敦南,2024-01-02,9101
2303,聯電,27,12,15,群益金鼎-敦南,2024-01-02,9101
6835,圓裕,15,0,15,群益金鼎-敦南,2024-01-02,9101
3287,廣寰科,15,0,15,群益金鼎-敦南,2024-01-02,9101
00656R,國泰中國A50反1,15,0,15,群益金鼎-敦南,2024-01-02,9101
00751B,元大AAA至A公司債,14,0,14,群益金鼎-敦南,2024-01-02,9101
6733,博晟生醫,15,1,14,群益金鼎-敦南,2024-01-02,9101
6284,佳邦,13,0,13,群益金鼎-敦南,2024-01-02,9101
5521,工信,197,185,12,群益金鼎-敦南,2024-01-02,9101
00764B,群益25年美債,12,0,12,群益金鼎-敦南,2024-01-02,9101
5515,建國,34,22,12,群益金鼎-敦南,2024-01-02,9101
6163,華電網,18,8,10,群益金鼎-敦南,2024-01-02,9101
3489,森寶,10,0,10,群益金鼎-敦南,2024-01-02,9101
6712,長聖,10,0,10,群益金鼎-敦南,2024-01-02,9101
00915,凱基優選高股息30,10,0,10,群益金鼎-敦南,2024-01-02,9101
4155,訊映,10,0,10,群益金鼎-敦南,2024-01-02,9101
00632R,元大台灣50反1,30,20,10,群益金鼎-敦南,2024-01-02,9101
2353,宏��,200,191,9,群益金鼎-敦南,2024-01-02,9101
3260,威剛,9,0,9,群益金鼎-敦南,2024-01-02,9101
2506,太設,10,1,9,群益金鼎-敦南,2024-01-02,9101
2344,華邦電,19,10,9,群益金鼎-敦南,2024-01-02,9101
2890,永豐金,8,0,8,群益金鼎-敦南,2024-01-02,9101
6125,廣運,40,32,8,群益金鼎-敦南,2024-01-02,9101
9958,世紀鋼,45,37,8,群益金鼎-敦南,2024-01-02,9101
3708,上緯投控,7,0,7,群益金鼎-敦南,2024-01-02,9101
2313,華通,17,10,7,群益金鼎-敦南,2024-01-02,9101
2020,美亞,8,1,7,群益金鼎-敦南,2024-01-02,9101
00929,復華台灣科技優息,222,0,222,群益金鼎-敦南,2024-01-03,9101
9919,康那香,108,5,103,群益金鼎-敦南,2024-01-03,9101
2603,長榮,140,40,100,群益金鼎-敦南,2024-01-03,9101
2605,新興,83,2,81,群益金鼎-敦南,2024-01-03,9101
3504,揚明光,56,0,56,群益金鼎-敦南,2024-01-03,9101
0056,元大高股息,81,26,55,群益金鼎-敦南,2024-01-03,9101
1101,台泥,44,0,44,群益金鼎-敦南,2024-01-03,9101
3706,神達,43,9,34,群益金鼎-敦南,2024-01-03,9101
2443,昶虹,34,0,34,群益金鼎-敦南,2024-01-03,9101
2885,元大金,33,0,33,群益金鼎-敦南,2024-01-03,9101
006208,富邦台50,33,0,33,群益金鼎-敦南,2024-01-03,9101
2330,台積電,33,1,32,群益金鼎-敦南,2024-01-03,9101
2324,仁寶,50,19,31,群益金鼎-敦南,2024-01-03,9101
2888,新光金,30,0,30,群益金鼎-敦南,2024-01-03,9101
00637L,元大滬深300正2,30,0,30,群益金鼎-敦南,2024-01-03,9101
00937B,群益ESG投等債20,30,1,29,群益金鼎-敦南,2024-01-03,9101
4167,松瑞藥,55,31,24,群益金鼎-敦南,2024-01-03,9101
1785,光洋科,24,0,24,群益金鼎-敦南,2024-01-03,9101
2645,長榮航太,21,0,21,群益金鼎-敦南,2024-01-03,9101
1618,合機,22,1,21,群益金鼎-敦南,2024-01-03,9101
3056,富華新,21,0,21,群益金鼎-敦南,2024-01-03,9101
3231,緯創,33,15,18,群益金鼎-敦南,2024-01-03,9101
1605,華新,17,0,17,群益金鼎-敦南,2024-01-03,9101
00919,群益台灣精選高息,67,50,17,群益金鼎-敦南,2024-01-03,9101
2303,聯電,18,3,15,群益金鼎-敦南,2024-01-03,9101
00900,富邦特選高股息30,14,0,14,群益金鼎-敦南,2024-01-03,9101
2362,藍天,95,81,14,群益金鼎-敦南,2024-01-03,9101
1442,名軒,14,1,13,群益金鼎-敦南,2024-01-03,9101
2382,廣達,14,2,12,群益金鼎-敦南,2024-01-03,9101
2353,宏��,81,69,12,群益金鼎-敦南,2024-01-03,9101
2618,長榮航,146,134,12,群益金鼎-敦南,2024-01-03,9101
2467,志聖,13,2,11,群益金鼎-敦南,2024-01-03,9101
4973,廣穎,11,0,11,群益金鼎-敦南,2024-01-03,9101
2845,遠東銀,11,0,11,群益金鼎-敦南,2024-01-03,9101
2405,輔信,36,25,11,群益金鼎-敦南,2024-01-03,9101
00918,大華優利高填息30,11,0,11,群益金鼎-敦南,2024-01-03,9101
00931B,統一美債20年,12,1,11,群益金鼎-敦南,2024-01-03,9101
00679B,元大美債20年,11,0,11,群益金鼎-敦南,2024-01-03,9101
00733,富邦臺灣中小,10,0,10,群益金鼎-敦南,2024-01-03,9101
3715,定穎投控,35,25,10,群益金鼎-敦南,2024-01-03,9101
2201,裕隆,17,7,10,群益金鼎-敦南,2024-01-03,9101
6446,藥華藥,10,0,10,群益金鼎-敦南,2024-01-03,9101
5324,士開,10,0,10,群益金鼎-敦南,2024-01-03,9101
4513,福裕,10,0,10,群益金鼎-敦南,2024-01-03,9101
5425,台半,9,0,9,群益金鼎-敦南,2024-01-03,9101
6716,應廣,9,0,9,群益金鼎-敦南,2024-01-03,9101
1907,永豐餘,9,0,9,群益金鼎-敦南,2024-01-03,9101
6901,鑽石投資,11,2,9,群益金鼎-敦南,2024-01-03,9101
6733,博晟生醫,10,1,9,群益金鼎-敦南,2024-01-03,9101
00882,中信中國高股息,8,0,8,群益金鼎-敦南,2024-01-03,9101
00929,復華台灣科技優息,241,30,211,群益金鼎-敦南,2024-01-04,9101
2610,華航,58,12,46,群益金鼎-敦南,2024-01-04,9101
2891,中信金,52,7,45,群益金鼎-敦南,2024-01-04,9101
00927,群益半導體收益,36,0,36,群益金鼎-敦南,2024-01-04,9101
0056,元大高股息,27,1,26,群益金鼎-敦南,2024-01-04,9101
00632R,元大台灣50反1,25,0,25,群益金鼎-敦南,2024-01-04,9101
6668,中揚光,26,2,24,群益金鼎-敦南,2024-01-04,9101
2362,藍天,55,33,22,群益金鼎-敦南,2024-01-04,9101
2540,愛山林,21,0,21,群益金鼎-敦南,2024-01-04,9101
2867,三商壽,20,0,20,群益金鼎-敦南,2024-01-04,9101
3056,富華新,20,0,20,群益金鼎-敦南,2024-01-04,9101
2303,聯電,21,4,17,群益金鼎-敦南,2024-01-04,9101
00772B,中信高評級公司債,17,0,17,群益金鼎-敦南,2024-01-04,9101
00725B,國泰投資級公司債,17,0,17,群益金鼎-敦南,2024-01-04,9101
2609,陽明,163,146,17,群益金鼎-敦南,2024-01-04,9101
00915,凱基優選高股息30,14,0,14,群益金鼎-敦南,2024-01-04,9101
2548,華固,19,5,14,群益金鼎-敦南,2024-01-04,9101
5439,高技,29,15,14,群益金鼎-敦南,2024-01-04,9101
1603,華電,22,9,13,群益金鼎-敦南,2024-01-04,9101
2233,宇隆,18,5,13,群益金鼎-敦南,2024-01-04,9101
00680L,元大美債20正2,13,0,13,群益金鼎-敦南,2024-01-04,9101
2331,精英,26,13,13,群益金鼎-敦南,2024-01-04,9101
00687B,國泰20年美債,12,0,12,群益金鼎-敦南,2024-01-04,9101
3037,欣興,13,2,11,群益金鼎-敦南,2024-01-04,9101
2324,仁寶,23,12,11,群益金鼎-敦南,2024-01-04,9101
5515,建國,11,0,11,群益金鼎-敦南,2024-01-04,9101
8234,新漢,10,0,10,群益金鼎-敦南,2024-01-04,9101
8183,精星,10,0,10,群益金鼎-敦南,2024-01-04,9101
1210,大成,10,0,10,群益金鼎-敦南,2024-01-04,9101
00751B,元大AAA至A公司債,10,0,10,群益金鼎-敦南,2024-01-04,9101
2905,三商,10,0,10,群益金鼎-敦南,2024-01-04,9101
00637L,元大滬深300正2,10,0,10,群益金鼎-敦南,2024-01-04,9101
2615,萬海,70,60,10,群益金鼎-敦南,2024-01-04,9101
3029,零壹,10,0,10,群益金鼎-敦南,2024-01-04,9101
2371,大同,10,1,9,群益金鼎-敦南,2024-01-04,9101
6271,同欣電,9,0,9,群益金鼎-敦南,2024-01-04,9101
4513,福裕,9,0,9,群益金鼎-敦南,2024-01-04,9101
6185,幃翔,11,2,9,群益金鼎-敦南,2024-01-04,9101
00919,群益台灣精選高息,16,7,9,群益金鼎-敦南,2024-01-04,9101
8046,南電,12,4,8,群益金鼎-敦南,2024-01-04,9101
6161,捷波,8,0,8,群益金鼎-敦南,2024-01-04,9101
2356,英業達,33,25,8,群益金鼎-敦南,2024-01-04,9101
6446,藥華藥,8,0,8,群益金鼎-敦南,2024-01-04,9101
2882,國泰金,7,0,7,群益金鼎-敦南,2024-01-04,9101
00770,國泰北美科技,7,0,7,群益金鼎-敦南,2024-01-04,9101
3017,奇鋐,20,13,7,群益金鼎-敦南,2024-01-04,9101
2388,威盛,9,3,6,群益金鼎-敦南,2024-01-04,9101
00679B,元大美債20年,6,0,6,群益金鼎-敦南,2024-01-04,9101
00933B,國泰10Y+金融債,6,0,6,群益金鼎-敦南,2024-01-04,9101
2355,敬鵬,7,1,6,群益金鼎-敦南,2024-01-04,9101
2618,長榮航,198,71,127,群益金鼎-敦南,2024-01-05,9101
00632R,元大台灣50反1,105,5,100,群益金鼎-敦南,2024-01-05,9101
2888,新光金,91,0,91,群益金鼎-敦南,2024-01-05,9101
00937B,群益ESG投等債20,57,2,55,群益金鼎-敦南,2024-01-05,9101
00637L,元大滬深300正2,53,0,53,群益金鼎-敦南,2024-01-05,9101
00687B,國泰20年美債,67,19,48,群益金鼎-敦南,2024-01-05,9101
00931B,統一美債20年,44,0,44,群益金鼎-敦南,2024-01-05,9101
2356,英業達,94,58,36,群益金鼎-敦南,2024-01-05,9101
3231,緯創,38,5,33,群益金鼎-敦南,2024-01-05,9101
00919,群益台灣精選高息,29,1,28,群益金鼎-敦南,2024-01-05,9101
9958,世紀鋼,28,1,27,群益金鼎-敦南,2024-01-05,9101
00725B,國泰投資級公司債,26,0,26,群益金鼎-敦南,2024-01-05,9101
2610,華航,20,1,19,群益金鼎-敦南,2024-01-05,9101
2645,長榮航太,20,1,19,群益金鼎-敦南,2024-01-05,9101
00679B,元大美債20年,19,2,17,群益金鼎-敦南,2024-01-05,9101
2615,萬海,21,5,16,群益金鼎-敦南,2024-01-05,9101
00770,國泰北美科技,15,0,15,群益金鼎-敦南,2024-01-05,9101
5236,凌陽創新,20,5,15,群益金鼎-敦南,2024-01-05,9101
2353,宏��,62,48,14,群益金鼎-敦南,2024-01-05,9101
00772B,中信高評級公司債,14,0,14,群益金鼎-敦南,2024-01-05,9101
00915,凱基優選高股息30,14,0,14,群益金鼎-敦南,2024-01-05,9101
00680L,元大美債20正2,21,7,14,群益金鼎-敦南,2024-01-05,9101
3312,弘憶股,16,4,12,群益金鼎-敦南,2024-01-05,9101
3037,欣興,14,3,11,群益金鼎-敦南,2024-01-05,9101
00773B,中信優先金融債,11,0,11,群益金鼎-敦南,2024-01-05,9101
5483,中美晶,11,0,11,群益金鼎-敦南,2024-01-05,9101
3078,僑威,11,0,11,群益金鼎-敦南,2024-01-05,9101
2603,長榮,57,47,10,群益金鼎-敦南,2024-01-05,9101
3044,健鼎,10,0,10,群益金鼎-敦南,2024-01-05,9101
4960,誠美材,10,0,10,群益金鼎-敦南,2024-01-05,9101
2382,廣達,26,16,10,群益金鼎-敦南,2024-01-05,9101
8227,巨有科技,10,0,10,群益金鼎-敦南,2024-01-05,9101
2633,台灣高鐵,9,0,9,群益金鼎-敦南,2024-01-05,9101
3025,星通,9,0,9,群益金鼎-敦南,2024-01-05,9101
4906,正文,10,1,9,群益金鼎-敦南,2024-01-05,9101
3437,榮創,9,0,9,群益金鼎-敦南,2024-01-05,9101
8210,勤誠,14,5,9,群益金鼎-敦南,2024-01-05,9101
2605,新興,10,1,9,群益金鼎-敦南,2024-01-05,9101
8096,擎亞,45,36,9,群益金鼎-敦南,2024-01-05,9101
00929,復華台灣科技優息,53,45,8,群益金鼎-敦南,2024-01-05,9101
6239,力成,8,0,8,群益金鼎-敦南,2024-01-05,9101
2637,慧洋-KY,20,12,8,群益金鼎-敦南,2024-01-05,9101
6168,宏齊,8,0,8,群益金鼎-敦南,2024-01-05,9101
8059,凱碩,9,1,8,群益金鼎-敦南,2024-01-05,9101
6185,幃翔,8,0,8,群益金鼎-敦南,2024-01-05,9101
00878,國泰永續高股息,12,5,7,群益金鼎-敦南,2024-01-05,9101
2352,佳世達,12,5,7,群益金鼎-敦南,2024-01-05,9101
006208,富邦台50,7,0,7,群益金鼎-敦南,2024-01-05,9101
1504,東元,7,0,7,群益金鼎-敦南,2024-01-05,9101
4989,榮科,7,0,7,群益金鼎-敦南,2024-01-05,9101
00929,復華台灣科技優息,165,0,165,群益金鼎-敦南,2024-01-08,9101
3481,群創,218,63,155,群益金鼎-敦南,2024-01-08,9101
00632R,元大台灣50反1,131,0,131,群益金鼎-敦南,2024-01-08,9101
00679B,元大美債20年,118,4,114,群益金鼎-敦南,2024-01-08,9101
00937B,群益ESG投等債20,103,0,103,群益金鼎-敦南,2024-01-08,9101
00662,富邦NASDAQ,70,0,70,群益金鼎-敦南,2024-01-08,9101
1815,富喬,61,5,56,群益金鼎-敦南,2024-01-08,9101
00687B,國泰20年美債,72,23,49,群益金鼎-敦南,2024-01-08,9101
00881,國泰台灣5G+,50,5,45,群益金鼎-敦南,2024-01-08,9101
00680L,元大美債20正2,40,0,40,群益金鼎-敦南,2024-01-08,9101
00725B,國泰投資級公司債,35,0,35,群益金鼎-敦南,2024-01-08,9101
00650L,復華香港正2,33,0,33,群益金鼎-敦南,2024-01-08,9101
5426,振發,40,10,30,群益金鼎-敦南,2024-01-08,9101
2303,聯電,31,2,29,群益金鼎-敦南,2024-01-08,9101
4909,新復興,42,15,27,群益金鼎-敦南,2024-01-08,9101
2388,威盛,87,61,26,群益金鼎-敦南,2024-01-08,9101
2881,富邦金,31,6,25,群益金鼎-敦南,2024-01-08,9101
00919,群益台灣精選高息,29,5,24,群益金鼎-敦南,2024-01-08,9101
1785,光洋科,24,0,24,群益金鼎-敦南,2024-01-08,9101
2409,友達,171,148,23,群益金鼎-敦南,2024-01-08,9101
3035,智原,64,41,23,群益金鼎-敦南,2024-01-08,9101
2611,志信,22,1,21,群益金鼎-敦南,2024-01-08,9101
00931B,統一美債20年,21,0,21,群益金鼎-敦南,2024-01-08,9101
6576,逸達,20,0,20,群益金鼎-敦南,2024-01-08,9101
1721,三晃,24,8,16,群益金鼎-敦南,2024-01-08,9101
8085,福華,23,7,16,群益金鼎-敦南,2024-01-08,9101
2618,長榮航,24,9,15,群益金鼎-敦南,2024-01-08,9101
3284,太普高,15,0,15,群益金鼎-敦南,2024-01-08,9101
2362,藍天,85,70,15,群益金鼎-敦南,2024-01-08,9101
2353,宏��,96,83,13,群益金鼎-敦南,2024-01-08,9101
2615,萬海,11,0,11,群益金鼎-敦南,2024-01-08,9101
5880,合庫金,10,0,10,群益金鼎-敦南,2024-01-08,9101
00688L,國泰20年美債正2,42,32,10,群益金鼎-敦南,2024-01-08,9101
6712,長聖,10,0,10,群益金鼎-敦南,2024-01-08,9101
006205,富邦上証,10,0,10,群益金鼎-敦南,2024-01-08,9101
3017,奇鋐,20,10,10,群益金鼎-敦南,2024-01-08,9101
6147,頎邦,10,0,10,群益金鼎-敦南,2024-01-08,9101
00720B,元大投資級公司債,9,0,9,群益金鼎-敦南,2024-01-08,9101
00933B,國泰10Y+金融債,8,0,8,群益金鼎-敦南,2024-01-08,9101
2489,瑞軒,8,0,8,群益金鼎-敦南,2024-01-08,9101
2641,正德,10,2,8,群益金鼎-敦南,2024-01-08,9101
4114,健喬,7,0,7,群益金鼎-敦南,2024-01-08,9101
5439,高技,10,3,7,群益金鼎-敦南,2024-01-08,9101
00751B,元大AAA至A公司債,6,0,6,群益金鼎-敦南,2024-01-08,9101
00722B,群益投資級電信債,6,0,6,群益金鼎-敦南,2024-01-08,9101
3305,昇貿,6,0,6,群益金鼎-敦南,2024-01-08,9101
00888,永豐台灣ESG,6,0,6,群益金鼎-敦南,2024-01-08,9101
3141,晶宏,6,0,6,群益金鼎-敦南,2024-01-08,9101
4116,明基醫,6,0,6,群益金鼎-敦南,2024-01-08,9101
5483,中美晶,6,0,6,群益金鼎-敦南,2024-01-08,9101
00929,復華台灣科技優息,280,6,274,群益金鼎-敦南,2024-01-09,9101
00713,元大台灣高息低波,100,0,100,群益金鼎-敦南,2024-01-09,9101
00919,群益台灣精選高息,87,2,85,群益金鼎-敦南,2024-01-09,9101
2458,義隆,75,1,74,群益金鼎-敦南,2024-01-09,9101
6789,采鈺,58,0,58,群益金鼎-敦南,2024-01-09,9101
00637L,元大滬深300正2,50,2,48,群益金鼎-敦南,2024-01-09,9101
1513,中興電,52,12,40,群益金鼎-敦南,2024-01-09,9101
4550,長佳,32,0,32,群益金鼎-敦南,2024-01-09,9101
00733,富邦臺灣中小,30,0,30,群益金鼎-敦南,2024-01-09,9101
8183,精星,30,1,29,群益金鼎-敦南,2024-01-09,9101
2353,宏��,48,21,27,群益金鼎-敦南,2024-01-09,9101
1605,華新,25,1,24,群益金鼎-敦南,2024-01-09,9101
00933B,國泰10Y+金融債,22,0,22,群益金鼎-敦南,2024-01-09,9101
5426,振發,21,1,20,群益金鼎-敦南,2024-01-09,9101
00719B,元大美債1-3,20,0,20,群益金鼎-敦南,2024-01-09,9101
6576,逸達,18,0,18,群益金鼎-敦南,2024-01-09,9101
2324,仁寶,18,1,17,群益金鼎-敦南,2024-01-09,9101
2454,聯發科,16,0,16,群益金鼎-敦南,2024-01-09,9101
00900,富邦特選高股息30,15,0,15,群益金鼎-敦南,2024-01-09,9101
5225,東科-KY,19,4,15,群益金鼎-敦南,2024-01-09,9101
2308,台達電,15,0,15,群益金鼎-敦南,2024-01-09,9101
00885,富邦越南,14,0,14,群益金鼎-敦南,2024-01-09,9101
2884,玉山金,17,3,14,群益金鼎-敦南,2024-01-09,9101
00687B,國泰20年美債,14,0,14,群益金鼎-敦南,2024-01-09,9101
3518,柏騰,13,0,13,群益金鼎-敦南,2024-01-09,9101
3231,緯創,57,44,13,群益金鼎-敦南,2024-01-09,9101
3706,神達,12,0,12,群益金鼎-敦南,2024-01-09,9101
3714,富采,12,0,12,群益金鼎-敦南,2024-01-09,9101
8096,擎亞,52,40,12,群益金鼎-敦南,2024-01-09,9101
2883,凱基金,12,1,11,群益金鼎-敦南,2024-01-09,9101
1504,東元,11,0,11,群益金鼎-敦南,2024-01-09,9101
6743,安普新,12,1,11,群益金鼎-敦南,2024-01-09,9101
3189,景碩,10,0,10,群益金鼎-敦南,2024-01-09,9101
8059,凱碩,10,0,10,群益金鼎-敦南,2024-01-09,9101
4155,訊映,10,0,10,群益金鼎-敦南,2024-01-09,9101
1314,中石化,10,0,10,群益金鼎-敦南,2024-01-09,9101
6578,達邦蛋白,10,0,10,群益金鼎-敦南,2024-01-09,9101
2329,華泰,49,39,10,群益金鼎-敦南,2024-01-09,9101
6125,廣運,10,0,10,群益金鼎-敦南,2024-01-09,9101
2387,精元,10,0,10,群益金鼎-敦南,2024-01-09,9101
4164,承業醫,10,0,10,群益金鼎-敦南,2024-01-09,9101
4956,光鋐,147,138,9,群益金鼎-敦南,2024-01-09,9101
3032,偉訓,60,51,9,群益金鼎-敦南,2024-01-09,9101
6147,頎邦,9,0,9,群益金鼎-敦南,2024-01-09,9101
1795,美時,12,3,9,群益金鼎-敦南,2024-01-09,9101
2442,新美齊,14,5,9,群益金鼎-敦南,2024-01-09,9101
2303,聯電,13,5,8,群益金鼎-敦南,2024-01-09,9101
2889,國票金,8,0,8,群益金鼎-敦南,2024-01-09,9101
1612,宏泰,10,2,8,群益金鼎-敦南,2024-01-09,9101
1301,台塑,7,0,7,群益金鼎-敦南,2024-01-09,9101
00632R,元大台灣50反1,150,5,145,群益金鼎-敦南,2024-01-10,9101
00679B,元大美債20年,135,5,130,群益金鼎-敦南,2024-01-10,9101
2888,新光金,100,0,100,群益金鼎-敦南,2024-01-10,9101
00929,復華台灣科技優息,89,14,75,群益金鼎-敦南,2024-01-10,9101
6789,采鈺,74,0,74,群益金鼎-敦南,2024-01-10,9101
00720B,元大投資級公司債,60,0,60,群益金鼎-敦南,2024-01-10,9101
00664R,國泰臺灣加權反1,50,0,50,群益金鼎-敦南,2024-01-10,9101
00937B,群益ESG投等債20,63,20,43,群益金鼎-敦南,2024-01-10,9101
3706,神達,282,239,43,群益金鼎-敦南,2024-01-10,9101
2324,仁寶,37,4,33,群益金鼎-敦南,2024-01-10,9101
4550,長佳,30,0,30,群益金鼎-敦南,2024-01-10,9101
3032,偉訓,34,6,28,群益金鼎-敦南,2024-01-10,9101
6592,和潤企業,28,0,28,群益金鼎-敦南,2024-01-10,9101
2353,宏��,46,20,26,群益金鼎-敦南,2024-01-10,9101
00640L,富邦日本正2,25,0,25,群益金鼎-敦南,2024-01-10,9101
0056,元大高股息,32,7,25,群益金鼎-敦南,2024-01-10,9101
2301,光寶科,24,0,24,群益金鼎-敦南,2024-01-10,9101
2618,長榮航,45,24,21,群益金鼎-敦南,2024-01-10,9101
00637L,元大滬深300正2,21,0,21,群益金鼎-敦南,2024-01-10,9101
2454,聯發科,20,0,20,群益金鼎-敦南,2024-01-10,9101
1321,大洋,25,5,20,群益金鼎-敦南,2024-01-10,9101
00882,中信中國高股息,20,0,20,群益金鼎-敦南,2024-01-10,9101
3481,群創,50,32,18,群益金鼎-敦南,2024-01-10,9101
4552,力達-KY,18,0,18,群益金鼎-敦南,2024-01-10,9101
6576,逸達,25,7,18,群益金鼎-敦南,2024-01-10,9101
2356,英業達,37,19,18,群益金鼎-敦南,2024-01-10,9101
00933B,國泰10Y+金融債,15,0,15,群益金鼎-敦南,2024-01-10,9101
00919,群益台灣精選高息,54,39,15,群益金鼎-敦南,2024-01-10,9101
6292,迅德,15,0,15,群益金鼎-敦南,2024-01-10,9101
1605,華新,16,1,15,群益金鼎-敦南,2024-01-10,9101
8059,凱碩,20,5,15,群益金鼎-敦南,2024-01-10,9101
8089,康全電訊,17,2,15,群益金鼎-敦南,2024-01-10,9101
2634,漢翔,23,9,14,群益金鼎-敦南,2024-01-10,9101
00878,國泰永續高股息,19,6,13,群益金鼎-敦南,2024-01-10,9101
2609,陽明,57,44,13,群益金鼎-敦南,2024-01-10,9101
8033,雷虎,17,5,12,群益金鼎-敦南,2024-01-10,9101
5347,世界,22,10,12,群益金鼎-敦南,2024-01-10,9101
3055,蔚華科,41,29,12,群益金鼎-敦南,2024-01-10,9101
3234,光環,11,0,11,群益金鼎-敦南,2024-01-10,9101
00733,富邦臺灣中小,10,0,10,群益金鼎-敦南,2024-01-10,9101
00923,群益台ESG低碳50,20,10,10,群益金鼎-敦南,2024-01-10,9101
1477,聚陽,10,0,10,群益金鼎-敦南,2024-01-10,9101
00915,凱基優選高股息30,11,1,10,群益金鼎-敦南,2024-01-10,9101
4906,正文,10,0,10,群益金鼎-敦南,2024-01-10,9101
9940,信義,10,0,10,群益金鼎-敦南,2024-01-10,9101
3141,晶宏,11,1,10,群益金鼎-敦南,2024-01-10,9101
3346,麗清,10,0,10,群益金鼎-敦南,2024-01-10,9101
2362,藍天,23,13,10,群益金鼎-敦南,2024-01-10,9101
3437,榮創,9,0,9,群益金鼎-敦南,2024-01-10,9101
6743,安普新,10,1,9,群益金鼎-敦南,2024-01-10,9101
00933B,國泰10Y+金融債,409,0,409,群益金鼎-敦南,2024-01-11,9101
00676R,富邦臺灣加權反1,100,0,100,群益金鼎-敦南,2024-01-11,9101
2388,威盛,105,23,82,群益金鼎-敦南,2024-01-11,9101
3231,緯創,280,200,80,群益金鼎-敦南,2024-01-11,9101
00929,復華台灣科技優息,71,0,71,群益金鼎-敦南,2024-01-11,9101
00662,富邦NASDAQ,70,0,70,群益金鼎-敦南,2024-01-11,9101
00882,中信中國高股息,63,0,63,群益金鼎-敦南,2024-01-11,9101
00632R,元大台灣50反1,60,0,60,群益金鼎-敦南,2024-01-11,9101
2317,鴻海,58,5,53,群益金鼎-敦南,2024-01-11,9101
2365,昆盈,54,2,52,群益金鼎-敦南,2024-01-11,9101
00686R,群益臺灣加權反1,50,0,50,群益金鼎-敦南,2024-01-11,9101
2610,華航,50,0,50,群益金鼎-敦南,2024-01-11,9101
00664R,國泰臺灣加權反1,50,0,50,群益金鼎-敦南,2024-01-11,9101
00679B,元大美債20年,61,23,38,群益金鼎-敦南,2024-01-11,9101
00720B,元大投資級公司債,41,6,35,群益金鼎-敦南,2024-01-11,9101
2344,華邦電,35,0,35,群益金鼎-敦南,2024-01-11,9101
00919,群益台灣精選高息,32,2,30,群益金鼎-敦南,2024-01-11,9101
2888,新光金,30,0,30,群益金鼎-敦南,2024-01-11,9101
00670L,富邦NASDAQ正2,25,0,25,群益金鼎-敦南,2024-01-11,9101
00937B,群益ESG投等債20,25,0,25,群益金鼎-敦南,2024-01-11,9101
6164,華興,81,56,25,群益金鼎-敦南,2024-01-11,9101
00927,群益半導體收益,23,0,23,群益金鼎-敦南,2024-01-11,9101
2881,富邦金,23,0,23,群益金鼎-敦南,2024-01-11,9101
2867,三商壽,20,0,20,群益金鼎-敦南,2024-01-11,9101
2331,精英,20,0,20,群益金鼎-敦南,2024-01-11,9101
3024,憶聲,20,0,20,群益金鼎-敦南,2024-01-11,9101
2377,微星,20,1,19,群益金鼎-敦南,2024-01-11,9101
00687B,國泰20年美債,17,0,17,群益金鼎-敦南,2024-01-11,9101
3025,星通,53,36,17,群益金鼎-敦南,2024-01-11,9101
8085,福華,18,2,16,群益金鼎-敦南,2024-01-11,9101
00931B,統一美債20年,16,1,15,群益金鼎-敦南,2024-01-11,9101
6695,芯鼎,111,97,14,群益金鼎-敦南,2024-01-11,9101
2009,第一銅,14,0,14,群益金鼎-敦南,2024-01-11,9101
2609,陽明,28,15,13,群益金鼎-敦南,2024-01-11,9101
6120,達運,107,95,12,群益金鼎-敦南,2024-01-11,9101
3715,定穎投控,13,1,12,群益金鼎-敦南,2024-01-11,9101
6243,迅杰,19,7,12,群益金鼎-敦南,2024-01-11,9101
2353,宏��,46,34,12,群益金鼎-敦南,2024-01-11,9101
6113,亞矽,11,0,11,群益金鼎-敦南,2024-01-11,9101
6282,康舒,14,3,11,群益金鼎-敦南,2024-01-11,9101
1301,台塑,10,0,10,群益金鼎-敦南,2024-01-11,9101
2371,大同,28,18,10,群益金鼎-敦南,2024-01-11,9101
6789,采鈺,10,0,10,群益金鼎-敦南,2024-01-11,9101
2605,新興,10,0,10,群益金鼎-敦南,2024-01-11,9101
5469,瀚宇博,10,0,10,群益金鼎-敦南,2024-01-11,9101
2528,皇普,10,0,10,群益金鼎-敦南,2024-01-11,9101
2442,新美齊,15,5,10,群益金鼎-敦南,2024-01-11,9101
3058,立德,10,0,10,群益金鼎-敦南,2024-01-11,9101
6292,迅德,10,0,10,群益金鼎-敦南,2024-01-11,9101
8096,擎亞,21,12,9,群益金鼎-敦南,2024-01-11,9101
00933B,國泰10Y+金融債,2085,0,2085,群益金鼎-敦南,2024-01-12,9101
2329,華泰,233,17,216,群益金鼎-敦南,2024-01-12,9101
00929,復華台灣科技優息,152,1,151,群益金鼎-敦南,2024-01-12,9101
00937B,群益ESG投等債20,143,0,143,群益金鼎-敦南,2024-01-12,9101
2426,鼎元,140,0,140,群益金鼎-敦南,2024-01-12,9101
3035,智原,156,28,128,群益金鼎-敦南,2024-01-12,9101
00679B,元大美債20年,122,0,122,群益金鼎-敦南,2024-01-12,9101
2356,英業達,114,10,104,群益金鼎-敦南,2024-01-12,9101
00676R,富邦臺灣加權反1,100,0,100,群益金鼎-敦南,2024-01-12,9101
00662,富邦NASDAQ,100,0,100,群益金鼎-敦南,2024-01-12,9101
00720B,元大投資級公司債,52,0,52,群益金鼎-敦南,2024-01-12,9101
00686R,群益臺灣加權反1,50,0,50,群益金鼎-敦南,2024-01-12,9101
2317,鴻海,49,2,47,群益金鼎-敦南,2024-01-12,9101
2392,正崴,31,0,31,群益金鼎-敦南,2024-01-12,9101
3013,晟銘電,30,0,30,群益金鼎-敦南,2024-01-12,9101
00680L,元大美債20正2,30,0,30,群益金鼎-敦南,2024-01-12,9101
6770,力積電,29,4,25,群益金鼎-敦南,2024-01-12,9101
6288,聯嘉,20,0,20,群益金鼎-敦南,2024-01-12,9101
8064,東捷,19,0,19,群益金鼎-敦南,2024-01-12,9101
2834,臺企銀,18,0,18,群益金鼎-敦南,2024-01-12,9101
1733,五鼎,15,0,15,群益金鼎-敦南,2024-01-12,9101
4956,光鋐,21,8,13,群益金鼎-敦南,2024-01-12,9101
006208,富邦台50,12,0,12,群益金鼎-敦南,2024-01-12,9101
2324,仁寶,15,3,12,群益金鼎-敦南,2024-01-12,9101
1528,恩德,17,6,11,群益金鼎-敦南,2024-01-12,9101
6546,正基,11,0,11,群益金鼎-敦南,2024-01-12,9101
00637L,元大滬深300正2,11,0,11,群益金鼎-敦南,2024-01-12,9101
1503,士電,11,0,11,群益金鼎-敦南,2024-01-12,9101
00632R,元大台灣50反1,10,0,10,群益金鼎-敦南,2024-01-12,9101
2888,新光金,20,10,10,群益金鼎-敦南,2024-01-12,9101
00882,中信中國高股息,10,0,10,群益金鼎-敦南,2024-01-12,9101
8059,凱碩,10,0,10,群益金鼎-敦南,2024-01-12,9101
00733,富邦臺灣中小,11,1,10,群益金鼎-敦南,2024-01-12,9101
00725B,國泰投資級公司債,10,0,10,群益金鼎-敦南,2024-01-12,9101
8183,精星,10,0,10,群益金鼎-敦南,2024-01-12,9101
2748,雲品,8,0,8,群益金鼎-敦南,2024-01-12,9101
2881,富邦金,8,0,8,群益金鼎-敦南,2024-01-12,9101
2880,華南金,10,2,8,群益金鼎-敦南,2024-01-12,9101
6695,芯鼎,29,21,8,群益金鼎-敦南,2024-01-12,9101
9927,泰銘,10,2,8,群益金鼎-敦南,2024-01-12,9101
3588,通嘉,12,5,7,群益金鼎-敦南,2024-01-12,9101
3037,欣興,7,1,6,群益金鼎-敦南,2024-01-12,9101
00904,新光臺灣半導體30,6,0,6,群益金鼎-敦南,2024-01-12,9101
2388,威盛,16,10,6,群益金鼎-敦南,2024-01-12,9101
2020,美亞,6,0,6,群益金鼎-敦南,2024-01-12,9101
2105,正新,6,0,6,群益金鼎-敦南,2024-01-12,9101
1321,大洋,11,5,6,群益金鼎-敦南,2024-01-12,9101
00687B,國泰20年美債,5,0,5,群益金鼎-敦南,2024-01-12,9101
2486,一詮,70,65,5,群益金鼎-敦南,2024-01-12,9101
4129,聯合,5,0,5,群益金鼎-敦南,2024-01-12,9101
00933B,國泰10Y+金融債,1210,134,1076,群益金鼎-敦南,2024-01-15,9101
3481,群創,336,2,334,群益金鼎-敦南,2024-01-15,9101
00919,群益台灣精選高息,166,14,152,群益金鼎-敦南,2024-01-15,9101
3035,智原,175,64,111,群益金鼎-敦南,2024-01-15,9101
00713,元大台灣高息低波,108,7,101,群益金鼎-敦南,2024-01-15,9101
2356,英業達,91,12,79,群益金鼎-敦南,2024-01-15,9101
3231,緯創,141,63,78,群益金鼎-敦南,2024-01-15,9101
00662,富邦NASDAQ,70,0,70,群益金鼎-敦南,2024-01-15,9101
2634,漢翔,79,13,66,群益金鼎-敦南,2024-01-15,9101
2382,廣達,74,12,62,群益金鼎-敦南,2024-01-15,9101
00720B,元大投資級公司債,51,0,51,群益金鼎-敦南,2024-01-15,9101
00937B,群益ESG投等債20,51,0,51,群益金鼎-敦南,2024-01-15,9101
00679B,元大美債20年,40,4,36,群益金鼎-敦南,2024-01-15,9101
2317,鴻海,39,4,35,群益金鼎-敦南,2024-01-15,9101
2618,長榮航,68,33,35,群益金鼎-敦南,2024-01-15,9101
9928,中視,31,0,31,群益金鼎-敦南,2024-01-15,9101
3623,富晶通,29,0,29,群益金鼎-敦南,2024-01-15,9101
00881,國泰台灣5G+,26,0,26,群益金鼎-敦南,2024-01-15,9101
00929,復華台灣科技優息,29,4,25,群益金鼎-敦南,2024-01-15,9101
6770,力積電,26,1,25,群益金鼎-敦南,2024-01-15,9101
1301,台塑,24,0,24,群益金鼎-敦南,2024-01-15,9101
00632R,元大台灣50反1,21,0,21,群益金鼎-敦南,2024-01-15,9101
0056,元大高股息,20,0,20,群益金鼎-敦南,2024-01-15,9101
2353,宏��,25,6,19,群益金鼎-敦南,2024-01-15,9101
2405,輔信,18,0,18,群益金鼎-敦南,2024-01-15,9101
3017,奇鋐,31,13,18,群益金鼎-敦南,2024-01-15,9101
5351,鈺創,36,19,17,群益金鼎-敦南,2024-01-15,9101
1503,士電,19,3,16,群益金鼎-敦南,2024-01-15,9101
6120,達運,21,7,14,群益金鼎-敦南,2024-01-15,9101
2890,永豐金,12,0,12,群益金鼎-敦南,2024-01-15,9101
8034,榮群,73,61,12,群益金鼎-敦南,2024-01-15,9101
3622,洋華,37,25,12,群益金鼎-敦南,2024-01-15,9101
2887,台新金,10,0,10,群益金鼎-敦南,2024-01-15,9101
00878,國泰永續高股息,10,0,10,群益金鼎-敦南,2024-01-15,9101
2337,旺宏,10,0,10,群益金鼎-敦南,2024-01-15,9101
8027,鈦昇,11,1,10,群益金鼎-敦南,2024-01-15,9101
4563,百德,13,3,10,群益金鼎-敦南,2024-01-15,9101
8096,擎亞,54,44,10,群益金鼎-敦南,2024-01-15,9101
00927,群益半導體收益,15,5,10,群益金鼎-敦南,2024-01-15,9101
2906,高林,10,0,10,群益金鼎-敦南,2024-01-15,9101
5328,華容,10,0,10,群益金鼎-敦南,2024-01-15,9101
2820,華票,10,0,10,群益金鼎-敦南,2024-01-15,9101
00877,復華中國5G,10,0,10,群益金鼎-敦南,2024-01-15,9101
2363,矽統,29,19,10,群益金鼎-敦南,2024-01-15,9101
3306,鼎天,9,0,9,群益金鼎-敦南,2024-01-15,9101
6667,信紘科,10,1,9,群益金鼎-敦南,2024-01-15,9101
9958,世紀鋼,35,26,9,群益金鼎-敦南,2024-01-15,9101
3715,定穎投控,21,12,9,群益金鼎-敦南,2024-01-15,9101
3149,正達,12,3,9,群益金鼎-敦南,2024-01-15,9101
4532,瑞智,9,0,9,群益金鼎-敦南,2024-01-15,9101
3481,群創,417,228,189,群益金鼎-敦南,2024-01-16,9101
2426,鼎元,117,0,117,群益金鼎-敦南,2024-01-16,9101
2888,新光金,116,1,115,群益金鼎-敦南,2024-01-16,9101
00929,復華台灣科技優息,81,0,81,群益金鼎-敦南,2024-01-16,9101
00937B,群益ESG投等債20,60,3,57,群益金鼎-敦南,2024-01-16,9101
2880,華南金,57,0,57,群益金鼎-敦南,2024-01-16,9101
00679B,元大美債20年,56,0,56,群益金鼎-敦南,2024-01-16,9101
3035,智原,85,36,49,群益金鼎-敦南,2024-01-16,9101
00919,群益台灣精選高息,45,0,45,群益金鼎-敦南,2024-01-16,9101
2492,華新科,43,0,43,群益金鼎-敦南,2024-01-16,9101
2388,威盛,63,22,41,群益金鼎-敦南,2024-01-16,9101
1321,大洋,38,2,36,群益金鼎-敦南,2024-01-16,9101
00720B,元大投資級公司債,32,0,32,群益金鼎-敦南,2024-01-16,9101
1442,名軒,32,0,32,群益金鼎-敦南,2024-01-16,9101
0056,元大高股息,30,0,30,群益金鼎-敦南,2024-01-16,9101
2603,長榮,74,46,28,群益金鼎-敦南,2024-01-16,9101
2308,台達電,27,0,27,群益金鼎-敦南,2024-01-16,9101
2486,一詮,78,52,26,群益金鼎-敦南,2024-01-16,9101
3443,創意,41,16,25,群益金鼎-敦南,2024-01-16,9101
00881,國泰台灣5G+,24,0,24,群益金鼎-敦南,2024-01-16,9101
1326,台化,23,0,23,群益金鼎-敦南,2024-01-16,9101
3227,原相,22,1,21,群益金鼎-敦南,2024-01-16,9101
2889,國票金,19,0,19,群益金鼎-敦南,2024-01-16,9101
3706,神達,23,5,18,群益金鼎-敦南,2024-01-16,9101
6770,力積電,17,0,17,群益金鼎-敦南,2024-01-16,9101
9945,潤泰新,17,0,17,群益金鼎-敦南,2024-01-16,9101
3036,文曄,49,32,17,群益金鼎-敦南,2024-01-16,9101
2353,宏��,65,49,16,群益金鼎-敦南,2024-01-16,9101
00918,大華優利高填息30,16,0,16,群益金鼎-敦南,2024-01-16,9101
00933B,國泰10Y+金融債,20,4,16,群益金鼎-敦南,2024-01-16,9101
1524,耿鼎,20,4,16,群益金鼎-敦南,2024-01-16,9101
2618,長榮航,19,4,15,群益金鼎-敦南,2024-01-16,9101
8473,山林水,15,0,15,群益金鼎-敦南,2024-01-16,9101
00921,兆豐龍頭等權重,15,0,15,群益金鼎-敦南,2024-01-16,9101
00900,富邦特選高股息30,14,0,14,群益金鼎-敦南,2024-01-16,9101
2892,第一金,15,1,14,群益金鼎-敦南,2024-01-16,9101
6117,迎廣,16,2,14,群益金鼎-敦南,2024-01-16,9101
3231,緯創,25,11,14,群益金鼎-敦南,2024-01-16,9101
00878,國泰永續高股息,18,5,13,群益金鼎-敦南,2024-01-16,9101
3062,建漢,13,0,13,群益金鼎-敦南,2024-01-16,9101
2331,精英,12,0,12,群益金鼎-敦南,2024-01-16,9101
006208,富邦台50,14,2,12,群益金鼎-敦南,2024-01-16,9101
2401,凌陽,19,7,12,群益金鼎-敦南,2024-01-16,9101
1504,東元,12,0,12,群益金鼎-敦南,2024-01-16,9101
00688L,國泰20年美債正2,12,0,12,群益金鼎-敦南,2024-01-16,9101
2540,愛山林,12,0,12,群益金鼎-敦南,2024-01-16,9101
6684,安格,68,56,12,群益金鼎-敦南,2024-01-16,9101
00733,富邦臺灣中小,12,0,12,群益金鼎-敦南,2024-01-16,9101
00713,元大台灣高息低波,11,0,11,群益金鼎-敦南,2024-01-16,9101
00637L,元大滬深300正2,11,0,11,群益金鼎-敦南,2024-01-16,9101
00919,群益台灣精選高息,133,0,133,群益金鼎-敦南,2024-01-17,9101
00937B,群益ESG投等債20,131,5,126,群益金鼎-敦南,2024-01-17,9101
00929,復華台灣科技優息,86,10,76,群益金鼎-敦南,2024-01-17,9101
0056,元大高股息,86,17,69,群益金鼎-敦南,2024-01-17,9101
8473,山林水,60,0,60,群益金鼎-敦南,2024-01-17,9101
6770,力積電,57,4,53,群益金鼎-敦南,2024-01-17,9101
3029,零壹,58,7,51,群益金鼎-敦南,2024-01-17,9101
2303,聯電,68,20,48,群益金鼎-敦南,2024-01-17,9101
00679B,元大美債20年,54,6,48,群益金鼎-敦南,2024-01-17,9101
2618,長榮航,79,33,46,群益金鼎-敦南,2024-01-17,9101
2371,大同,44,5,39,群益金鼎-敦南,2024-01-17,9101
2356,英業達,57,19,38,群益金鼎-敦南,2024-01-17,9101
4960,誠美材,56,18,38,群益金鼎-敦南,2024-01-17,9101
00918,大華優利高填息30,32,0,32,群益金鼎-敦南,2024-01-17,9101
2317,鴻海,34,3,31,群益金鼎-敦南,2024-01-17,9101
00882,中信中國高股息,31,0,31,群益金鼎-敦南,2024-01-17,9101
2603,長榮,79,50,29,群益金鼎-敦南,2024-01-17,9101
2382,廣達,31,4,27,群益金鼎-敦南,2024-01-17,9101
00878,國泰永續高股息,32,6,26,群益金鼎-敦南,2024-01-17,9101
1342,八貫,23,0,23,群益金鼎-敦南,2024-01-17,9101
00713,元大台灣高息低波,28,6,22,群益金鼎-敦南,2024-01-17,9101
2353,宏��,39,17,22,群益金鼎-敦南,2024-01-17,9101
2888,新光金,21,0,21,群益金鼎-敦南,2024-01-17,9101
00680L,元大美債20正2,20,0,20,群益金鼎-敦南,2024-01-17,9101
00669R,國泰美國道瓊反1,20,0,20,群益金鼎-敦南,2024-01-17,9101
1314,中石化,20,0,20,群益金鼎-敦南,2024-01-17,9101
2405,輔信,24,5,19,群益金鼎-敦南,2024-01-17,9101
6155,鈞寶,22,4,18,群益金鼎-敦南,2024-01-17,9101
1609,大亞,26,8,18,群益金鼎-敦南,2024-01-17,9101
2329,華泰,97,80,17,群益金鼎-敦南,2024-01-17,9101
2352,佳世達,18,1,17,群益金鼎-敦南,2024-01-17,9101
00902,中信電池及儲能,17,0,17,群益金鼎-敦南,2024-01-17,9101
2886,兆豐金,17,1,16,群益金鼎-敦南,2024-01-17,9101
2548,華固,16,0,16,群益金鼎-敦南,2024-01-17,9101
006208,富邦台50,16,0,16,群益金鼎-敦南,2024-01-17,9101
00665L,富邦�琤肭磪囓�2,15,0,15,群益金鼎-敦南,2024-01-17,9101
3035,智原,34,19,15,群益金鼎-敦南,2024-01-17,9101
2834,臺企銀,14,0,14,群益金鼎-敦南,2024-01-17,9101
00688L,國泰20年美債正2,14,0,14,群益金鼎-敦南,2024-01-17,9101
6689,伊雲谷,14,0,14,群益金鼎-敦南,2024-01-17,9101
00927,群益半導體收益,23,10,13,群益金鼎-敦南,2024-01-17,9101
9958,世紀鋼,13,0,13,群益金鼎-敦南,2024-01-17,9101
9945,潤泰新,16,3,13,群益金鼎-敦南,2024-01-17,9101
1605,華新,15,3,12,群益金鼎-敦南,2024-01-17,9101
2344,華邦電,22,10,12,群益金鼎-敦南,2024-01-17,9101
6213,聯茂,12,0,12,群益金鼎-敦南,2024-01-17,9101
2801,彰銀,12,0,12,群益金鼎-敦南,2024-01-17,9101
2230,泰茂,12,0,12,群益金鼎-敦南,2024-01-17,9101
00935,野村臺灣新科技50,14,3,11,群益金鼎-敦南,2024-01-17,9101
8358,金居,11,0,11,群益金鼎-敦南,2024-01-17,9101
3481,群創,635,79,556,群益金鼎-敦南,2024-01-18,9101
00933B,國泰10Y+金融債,416,0,416,群益金鼎-敦南,2024-01-18,9101
2845,遠東銀,200,0,200,群益金鼎-敦南,2024-01-18,9101
00632R,元大台灣50反1,150,0,150,群益金鼎-敦南,2024-01-18,9101
00637L,元大滬深300正2,158,20,138,群益金鼎-敦南,2024-01-18,9101
00929,復華台灣科技優息,112,7,105,群益金鼎-敦南,2024-01-18,9101
00679B,元大美債20年,83,0,83,群益金鼎-敦南,2024-01-18,9101
00885,富邦越南,83,10,73,群益金鼎-敦南,2024-01-18,9101
00937B,群益ESG投等債20,78,10,68,群益金鼎-敦南,2024-01-18,9101
00882,中信中國高股息,70,2,68,群益金鼎-敦南,2024-01-18,9101
00919,群益台灣精選高息,96,37,59,群益金鼎-敦南,2024-01-18,9101
8034,榮群,85,28,57,群益金鼎-敦南,2024-01-18,9101
1314,中石化,42,0,42,群益金鼎-敦南,2024-01-18,9101
9928,中視,35,0,35,群益金鼎-敦南,2024-01-18,9101
3293,鈊象,31,0,31,群益金鼎-敦南,2024-01-18,9101
00764B,群益25年美債,30,0,30,群益金鼎-敦南,2024-01-18,9101
2880,華南金,26,0,26,群益金鼎-敦南,2024-01-18,9101
00687B,國泰20年美債,26,0,26,群益金鼎-敦南,2024-01-18,9101
00680L,元大美債20正2,25,0,25,群益金鼎-敦南,2024-01-18,9101
2867,三商壽,22,0,22,群益金鼎-敦南,2024-01-18,9101
8936,國統,22,0,22,群益金鼎-敦南,2024-01-18,9101
6668,中揚光,26,6,20,群益金鼎-敦南,2024-01-18,9101
00927,群益半導體收益,20,0,20,群益金鼎-敦南,2024-01-18,9101
6770,力積電,25,5,20,群益金鼎-敦南,2024-01-18,9101
2453,凌群,37,20,17,群益金鼎-敦南,2024-01-18,9101
4960,誠美材,33,16,17,群益金鼎-敦南,2024-01-18,9101
8059,凱碩,15,0,15,群益金鼎-敦南,2024-01-18,9101
2317,鴻海,14,1,13,群益金鼎-敦南,2024-01-18,9101
2801,彰銀,13,0,13,群益金鼎-敦南,2024-01-18,9101
1477,聚陽,14,1,13,群益金鼎-敦南,2024-01-18,9101
2371,大同,11,0,11,群益金鼎-敦南,2024-01-18,9101
6185,幃翔,11,0,11,群益金鼎-敦南,2024-01-18,9101
8011,台通,12,1,11,群益金鼎-敦南,2024-01-18,9101
2409,友達,39,28,11,群益金鼎-敦南,2024-01-18,9101
2324,仁寶,27,16,11,群益金鼎-敦南,2024-01-18,9101
1326,台化,10,0,10,群益金鼎-敦南,2024-01-18,9101
00904,新光臺灣半導體30,10,0,10,群益金鼎-敦南,2024-01-18,9101
2882,國泰金,10,0,10,群益金鼎-敦南,2024-01-18,9101
1584,精剛,10,0,10,群益金鼎-敦南,2024-01-18,9101
3490,單井,10,0,10,群益金鼎-敦南,2024-01-18,9101
6143,振曜,10,0,10,群益金鼎-敦南,2024-01-18,9101
2303,聯電,13,4,9,群益金鼎-敦南,2024-01-18,9101
1301,台塑,9,0,9,群益金鼎-敦南,2024-01-18,9101
2332,友訊,10,2,8,群益金鼎-敦南,2024-01-18,9101
6127,九豪,12,4,8,群益金鼎-敦南,2024-01-18,9101
2485,兆赫,22,15,7,群益金鼎-敦南,2024-01-18,9101
6187,萬潤,13,6,7,群益金鼎-敦南,2024-01-18,9101
3607,谷崧,7,0,7,群益金鼎-敦南,2024-01-18,9101
00720B,元大投資級公司債,7,0,7,群益金鼎-敦南,2024-01-18,9101
2883,凱基金,7,0,7,群益金鼎-敦南,2024-01-18,9101
00937B,群益ESG投等債20,164,0,164,群益金鼎-敦南,2024-01-19,9101
00933B,國泰10Y+金融債,146,1,145,群益金鼎-敦南,2024-01-19,9101
00687B,國泰20年美債,109,6,103,群益金鼎-敦南,2024-01-19,9101
00632R,元大台灣50反1,109,20,89,群益金鼎-敦南,2024-01-19,9101
00931B,統一美債20年,80,0,80,群益金鼎-敦南,2024-01-19,9101
8034,榮群,72,12,60,群益金鼎-敦南,2024-01-19,9101
00882,中信中國高股息,60,0,60,群益金鼎-敦南,2024-01-19,9101
00720B,元大投資級公司債,50,0,50,群益金鼎-敦南,2024-01-19,9101
2344,華邦電,45,0,45,群益金鼎-敦南,2024-01-19,9101
6133,金橋,40,0,40,群益金鼎-敦南,2024-01-19,9101
8473,山林水,39,0,39,群益金鼎-敦南,2024-01-19,9101
00679B,元大美債20年,36,0,36,群益金鼎-敦南,2024-01-19,9101
2359,所羅門,35,0,35,群益金鼎-敦南,2024-01-19,9101
3162,精確,26,0,26,群益金鼎-敦南,2024-01-19,9101
4960,誠美材,25,0,25,群益金鼎-敦南,2024-01-19,9101
1608,華榮,41,18,23,群益金鼎-敦南,2024-01-19,9101
1303,南亞,23,0,23,群益金鼎-敦南,2024-01-19,9101
8054,安國,22,0,22,群益金鼎-敦南,2024-01-19,9101
8096,擎亞,29,7,22,群益金鼎-敦南,2024-01-19,9101
6190,萬泰科,23,2,21,群益金鼎-敦南,2024-01-19,9101
1313,聯成,20,0,20,群益金鼎-敦南,2024-01-19,9101
2645,長榮航太,20,0,20,群益金鼎-敦南,2024-01-19,9101
3321,同泰,18,0,18,群益金鼎-敦南,2024-01-19,9101
9907,統一實,17,0,17,群益金鼎-敦南,2024-01-19,9101
00919,群益台灣精選高息,17,0,17,群益金鼎-敦南,2024-01-19,9101
3045,台灣大,15,0,15,群益金鼎-敦南,2024-01-19,9101
2371,大同,15,1,14,群益金鼎-敦南,2024-01-19,9101
00751B,元大AAA至A公司債,17,4,13,群益金鼎-敦南,2024-01-19,9101
2382,廣達,67,54,13,群益金鼎-敦南,2024-01-19,9101
4956,光鋐,156,144,12,群益金鼎-敦南,2024-01-19,9101
6117,迎廣,31,19,12,群益金鼎-敦南,2024-01-19,9101
6233,旺玖,43,32,11,群益金鼎-敦南,2024-01-19,9101
2486,一詮,66,55,11,群益金鼎-敦南,2024-01-19,9101
2834,臺企銀,11,0,11,群益金鼎-敦南,2024-01-19,9101
2023,燁輝,11,0,11,群益金鼎-敦南,2024-01-19,9101
2603,長榮,17,6,11,群益金鼎-敦南,2024-01-19,9101
6120,達運,42,32,10,群益金鼎-敦南,2024-01-19,9101
2405,輔信,28,18,10,群益金鼎-敦南,2024-01-19,9101
2103,台橡,10,0,10,群益金鼎-敦南,2024-01-19,9101
4746,台耀,27,18,9,群益金鼎-敦南,2024-01-19,9101
00929,復華台灣科技優息,11,2,9,群益金鼎-敦南,2024-01-19,9101
1560,中砂,19,10,9,群益金鼎-敦南,2024-01-19,9101
5426,振發,30,21,9,群益金鼎-敦南,2024-01-19,9101
6695,芯鼎,11,2,9,群益金鼎-敦南,2024-01-19,9101
2324,仁寶,17,8,9,群益金鼎-敦南,2024-01-19,9101
6005,群益證,10,2,8,群益金鼎-敦南,2024-01-19,9101
8227,巨有科技,8,0,8,群益金鼎-敦南,2024-01-19,9101
6243,迅杰,16,8,8,群益金鼎-敦南,2024-01-19,9101
1101,台泥,11,4,7,群益金鼎-敦南,2024-01-19,9101
2609,陽明,13,6,7,群益金鼎-敦南,2024-01-19,9101
00937B,群益ESG投等債20,117,0,117,群益金鼎-敦南,2024-01-22,9101
3231,緯創,241,189,52,群益金鼎-敦南,2024-01-22,9101
1447,力鵬,50,0,50,群益金鼎-敦南,2024-01-22,9101
00933B,國泰10Y+金融債,47,0,47,群益金鼎-敦南,2024-01-22,9101
00687B,國泰20年美債,31,0,31,群益金鼎-敦南,2024-01-22,9101
3481,群創,146,116,30,群益金鼎-敦南,2024-01-22,9101
3059,華晶科,36,8,28,群益金鼎-敦南,2024-01-22,9101
00679B,元大美債20年,26,0,26,群益金鼎-敦南,2024-01-22,9101
00919,群益台灣精選高息,27,1,26,群益金鼎-敦南,2024-01-22,9101
00680L,元大美債20正2,22,0,22,群益金鼎-敦南,2024-01-22,9101
8150,南茂,21,0,21,群益金鼎-敦南,2024-01-22,9101
6166,凌華,20,0,20,群益金鼎-敦南,2024-01-22,9101
4157,太景*-KY,20,0,20,群益金鼎-敦南,2024-01-22,9101
3035,智原,30,11,19,群益金鼎-敦南,2024-01-22,9101
4746,台耀,30,12,18,群益金鼎-敦南,2024-01-22,9101
2317,鴻海,21,6,15,群益金鼎-敦南,2024-01-22,9101
3276,宇環,15,0,15,群益金鼎-敦南,2024-01-22,9101
8473,山林水,14,0,14,群益金鼎-敦南,2024-01-22,9101
00720B,元大投資級公司債,14,0,14,群益金鼎-敦南,2024-01-22,9101
2313,華通,26,13,13,群益金鼎-敦南,2024-01-22,9101
3413,京鼎,12,0,12,群益金鼎-敦南,2024-01-22,9101
2420,新巨,12,0,12,群益金鼎-敦南,2024-01-22,9101
5371,中光電,12,0,12,群益金鼎-敦南,2024-01-22,9101
2329,華泰,105,93,12,群益金鼎-敦南,2024-01-22,9101
2472,立隆電,11,0,11,群益金鼎-敦南,2024-01-22,9101
4973,廣穎,11,0,11,群益金鼎-敦南,2024-01-22,9101
00927,群益半導體收益,11,0,11,群益金鼎-敦南,2024-01-22,9101
2376,技嘉,31,21,10,群益金鼎-敦南,2024-01-22,9101
00665L,富邦�琤肭磪囓�2,10,0,10,群益金鼎-敦南,2024-01-22,9101
4960,誠美材,46,36,10,群益金鼎-敦南,2024-01-22,9101
8358,金居,10,0,10,群益金鼎-敦南,2024-01-22,9101
00929,復華台灣科技優息,10,0,10,群益金鼎-敦南,2024-01-22,9101
2377,微星,24,15,9,群益金鼎-敦南,2024-01-22,9101
3312,弘憶股,9,0,9,群益金鼎-敦南,2024-01-22,9101
3623,富晶通,28,19,9,群益金鼎-敦南,2024-01-22,9101
3321,同泰,11,2,9,群益金鼎-敦南,2024-01-22,9101
3680,家登,15,6,9,群益金鼎-敦南,2024-01-22,9101
3694,海華,16,8,8,群益金鼎-敦南,2024-01-22,9101
3264,欣銓,10,2,8,群益金鼎-敦南,2024-01-22,9101
4939,亞電,8,0,8,群益金鼎-敦南,2024-01-22,9101
2303,聯電,19,12,7,群益金鼎-敦南,2024-01-22,9101
3324,雙鴻,12,5,7,群益金鼎-敦南,2024-01-22,9101
2882,國泰金,7,0,7,群益金鼎-敦南,2024-01-22,9101
6712,長聖,10,3,7,群益金鼎-敦南,2024-01-22,9101
6243,迅杰,8,1,7,群益金鼎-敦南,2024-01-22,9101
6535,順藥,11,4,7,群益金鼎-敦南,2024-01-22,9101
00902,中信電池及儲能,7,0,7,群益金鼎-敦南,2024-01-22,9101
00632R,元大台灣50反1,6,0,6,群益金鼎-敦南,2024-01-22,9101
2641,正德,6,0,6,群益金鼎-敦南,2024-01-22,9101
4552,力達-KY,6,0,6,群益金鼎-敦南,2024-01-22,9101
3481,群創,753,338,415,群益金鼎-敦南,2024-01-23,9101
2409,友達,346,97,249,群益金鼎-敦南,2024-01-23,9101
00937B,群益ESG投等債20,149,0,149,群益金鼎-敦南,2024-01-23,9101
2313,華通,121,15,106,群益金鼎-敦南,2024-01-23,9101
00830,國泰費城半導體,100,0,100,群益金鼎-敦南,2024-01-23,9101
00751B,元大AAA至A公司債,79,4,75,群益金鼎-敦南,2024-01-23,9101
00680L,元大美債20正2,40,0,40,群益金鼎-敦南,2024-01-23,9101
2374,佳能,38,0,38,群益金鼎-敦南,2024-01-23,9101
5443,均豪,40,10,30,群益金鼎-敦南,2024-01-23,9101
00720B,元大投資級公司債,23,0,23,群益金鼎-敦南,2024-01-23,9101
00687B,國泰20年美債,22,0,22,群益金鼎-敦南,2024-01-23,9101
3035,智原,34,13,21,群益金鼎-敦南,2024-01-23,9101
00679B,元大美債20年,33,13,20,群益金鼎-敦南,2024-01-23,9101
8034,榮群,41,22,19,群益金鼎-敦南,2024-01-23,9101
00929,復華台灣科技優息,21,2,19,群益金鼎-敦南,2024-01-23,9101
2540,愛山林,19,0,19,群益金鼎-敦南,2024-01-23,9101
2382,廣達,28,10,18,群益金鼎-敦南,2024-01-23,9101
2460,建通,21,7,14,群益金鼎-敦南,2024-01-23,9101
2329,華泰,41,27,14,群益金鼎-敦南,2024-01-23,9101
2467,志聖,15,2,13,群益金鼎-敦南,2024-01-23,9101
5469,瀚宇博,28,16,12,群益金鼎-敦南,2024-01-23,9101
2303,聯電,13,1,12,群益金鼎-敦南,2024-01-23,9101
2355,敬鵬,11,0,11,群益金鼎-敦南,2024-01-23,9101
8112,至上,11,0,11,群益金鼎-敦南,2024-01-23,9101
2609,陽明,57,46,11,群益金鼎-敦南,2024-01-23,9101
3515,華擎,11,0,11,群益金鼎-敦南,2024-01-23,9101
3706,神達,25,15,10,群益金鼎-敦南,2024-01-23,9101
00632R,元大台灣50反1,11,0,11,群益金鼎-敦南,2024-01-23,9101
1326,台化,10,0,10,群益金鼎-敦南,2024-01-23,9101
3042,晶技,10,0,10,群益金鼎-敦南,2024-01-23,9101
5355,佳總,10,0,10,群益金鼎-敦南,2024-01-23,9101
8110,華東,64,54,10,群益金鼎-敦南,2024-01-23,9101
6120,達運,11,1,10,群益金鼎-敦南,2024-01-23,9101
2405,輔信,18,8,10,群益金鼎-敦南,2024-01-23,9101
00882,中信中國高股息,10,1,9,群益金鼎-敦南,2024-01-23,9101
2323,中環,9,0,9,群益金鼎-敦南,2024-01-23,9101
8210,勤誠,10,1,9,群益金鼎-敦南,2024-01-23,9101
6425,易發,9,0,9,群益金鼎-敦南,2024-01-23,9101
2344,華邦電,40,31,9,群益金鼎-敦南,2024-01-23,9101
4109,加捷生醫,12,3,9,群益金鼎-敦南,2024-01-23,9101
2801,彰銀,10,2,8,群益金鼎-敦南,2024-01-23,9101
6188,廣明,10,2,8,群益金鼎-敦南,2024-01-23,9101
3045,台灣大,8,0,8,群益金鼎-敦南,2024-01-23,9101
2515,中工,9,2,7,群益金鼎-敦南,2024-01-23,9101
8054,安國,23,16,7,群益金鼎-敦南,2024-01-23,9101
6906,現觀科,7,0,7,群益金鼎-敦南,2024-01-23,9101
3296,勝德,7,0,7,群益金鼎-敦南,2024-01-23,9101
2375,凱美,7,0,7,群益金鼎-敦南,2024-01-23,9101
6205,詮欣,10,4,6,群益金鼎-敦南,2024-01-23,9101
2636,台驊控股,7,1,6,群益金鼎-敦南,2024-01-23,9101
00637L,元大滬深300正2,150,3,147,群益金鼎-敦南,2024-01-24,9101
00937B,群益ESG投等債20,145,0,145,群益金鼎-敦南,2024-01-24,9101
00632R,元大台灣50反1,105,0,105,群益金鼎-敦南,2024-01-24,9101
00933B,國泰10Y+金融債,60,0,60,群益金鼎-敦南,2024-01-24,9101
00687B,國泰20年美債,57,0,57,群益金鼎-敦南,2024-01-24,9101
1440,南紡,50,0,50,群益金鼎-敦南,2024-01-24,9101
6111,大宇資,71,23,48,群益金鼎-敦南,2024-01-24,9101
6531,愛普*,62,16,46,群益金鼎-敦南,2024-01-24,9101
00679B,元大美債20年,45,0,45,群益金鼎-敦南,2024-01-24,9101
8034,榮群,48,7,41,群益金鼎-敦南,2024-01-24,9101
5234,達興材料,64,24,40,群益金鼎-敦南,2024-01-24,9101
2457,飛宏,37,2,35,群益金鼎-敦南,2024-01-24,9101
00882,中信中國高股息,40,10,30,群益金鼎-敦南,2024-01-24,9101
00680L,元大美債20正2,29,0,29,群益金鼎-敦南,2024-01-24,9101
2912,統一超,26,0,26,群益金鼎-敦南,2024-01-24,9101
00720B,元大投資級公司債,26,0,26,群益金鼎-敦南,2024-01-24,9101
4737,華廣,30,5,25,群益金鼎-敦南,2024-01-24,9101
8096,擎亞,64,43,21,群益金鼎-敦南,2024-01-24,9101
00665L,富邦�琤肭磪囓�2,20,0,20,群益金鼎-敦南,2024-01-24,9101
1314,中石化,30,10,20,群益金鼎-敦南,2024-01-24,9101
2369,菱生,84,64,20,群益金鼎-敦南,2024-01-24,9101
6108,競國,19,0,19,群益金鼎-敦南,2024-01-24,9101
9958,世紀鋼,18,1,17,群益金鼎-敦南,2024-01-24,9101
2515,中工,17,0,17,群益金鼎-敦南,2024-01-24,9101
2484,希華,15,0,15,群益金鼎-敦南,2024-01-24,9101
8088,品安,15,0,15,群益金鼎-敦南,2024-01-24,9101
2427,三商電,14,0,14,群益金鼎-敦南,2024-01-24,9101
4909,新復興,140,127,13,群益金鼎-敦南,2024-01-24,9101
2329,華泰,32,19,13,群益金鼎-敦南,2024-01-24,9101
6239,力成,12,0,12,群益金鼎-敦南,2024-01-24,9101
00688L,國泰20年美債正2,12,0,12,群益金鼎-敦南,2024-01-24,9101
2355,敬鵬,12,0,12,群益金鼎-敦南,2024-01-24,9101
2408,南亞科,15,3,12,群益金鼎-敦南,2024-01-24,9101
6799,來頡,17,5,12,群益金鼎-敦南,2024-01-24,9101
5478,智冠,12,0,12,群益金鼎-敦南,2024-01-24,9101
8016,矽創,11,0,11,群益金鼎-敦南,2024-01-24,9101
3615,安可,47,36,11,群益金鼎-敦南,2024-01-24,9101
1503,士電,16,5,11,群益金鼎-敦南,2024-01-24,9101
2476,鉅祥,15,5,10,群益金鼎-敦南,2024-01-24,9101
006205,富邦上証,10,0,10,群益金鼎-敦南,2024-01-24,9101
2520,冠德,10,0,10,群益金鼎-敦南,2024-01-24,9101
006208,富邦台50,10,0,10,群益金鼎-敦南,2024-01-24,9101
3178,公準,10,0,10,群益金鼎-敦南,2024-01-24,9101
4746,台耀,10,0,10,群益金鼎-敦南,2024-01-24,9101
6207,雷科,11,1,10,群益金鼎-敦南,2024-01-24,9101
2630,亞航,10,0,10,群益金鼎-敦南,2024-01-24,9101
1815,富喬,10,0,10,群益金鼎-敦南,2024-01-24,9101
6290,良維,11,2,9,群益金鼎-敦南,2024-01-24,9101
00927,群益半導體收益,11,2,9,群益金鼎-敦南,2024-01-24,9101
1528,恩德,16,7,9,群益金鼎-敦南,2024-01-24,9101
00637L,元大滬深300正2,232,12,220,群益金鼎-敦南,2024-01-25,9101
00937B,群益ESG投等債20,172,2,170,群益金鼎-敦南,2024-01-25,9101
3354,律勝,140,39,101,群益金鼎-敦南,2024-01-25,9101
2365,昆盈,154,61,93,群益金鼎-敦南,2024-01-25,9101
4157,太景*-KY,90,0,90,群益金鼎-敦南,2024-01-25,9101
00696B,富邦美債20年,86,1,85,群益金鼎-敦南,2024-01-25,9101
3038,全台,60,0,60,群益金鼎-敦南,2024-01-25,9101
00687B,國泰20年美債,54,0,54,群益金鼎-敦南,2024-01-25,9101
00882,中信中國高股息,64,17,47,群益金鼎-敦南,2024-01-25,9101
00720B,元大投資級公司債,42,3,39,群益金鼎-敦南,2024-01-25,9101
6113,亞矽,89,55,34,群益金鼎-敦南,2024-01-25,9101
4979,華星光,33,1,32,群益金鼎-敦南,2024-01-25,9101
3312,弘憶股,29,1,28,群益金鼎-敦南,2024-01-25,9101
00933B,國泰10Y+金融債,27,0,27,群益金鼎-敦南,2024-01-25,9101
2356,英業達,75,49,26,群益金鼎-敦南,2024-01-25,9101
00703,台新MSCI中國,25,0,25,群益金鼎-敦南,2024-01-25,9101
2637,慧洋-KY,27,2,25,群益金鼎-敦南,2024-01-25,9101
2369,菱生,26,2,24,群益金鼎-敦南,2024-01-25,9101
6167,久正,83,60,23,群益金鼎-敦南,2024-01-25,9101
00680L,元大美債20正2,26,4,22,群益金鼎-敦南,2024-01-25,9101
4938,和碩,22,0,22,群益金鼎-敦南,2024-01-25,9101
3622,洋華,39,18,21,群益金鼎-敦南,2024-01-25,9101
1440,南紡,20,0,20,群益金鼎-敦南,2024-01-25,9101
2399,映泰,67,49,18,群益金鼎-敦南,2024-01-25,9101
2355,敬鵬,20,2,18,群益金鼎-敦南,2024-01-25,9101
6456,GIS-KY,16,0,16,群益金鼎-敦南,2024-01-25,9101
00679B,元大美債20年,16,0,16,群益金鼎-敦南,2024-01-25,9101
8936,國統,16,1,15,群益金鼎-敦南,2024-01-25,9101
2421,建準,34,20,14,群益金鼎-敦南,2024-01-25,9101
6245,立端,17,3,14,群益金鼎-敦南,2024-01-25,9101
2353,宏��,32,19,13,群益金鼎-敦南,2024-01-25,9101
5443,均豪,13,0,13,群益金鼎-敦南,2024-01-25,9101
6535,順藥,13,1,12,群益金鼎-敦南,2024-01-25,9101
1514,亞力,22,10,12,群益金鼎-敦南,2024-01-25,9101
00931B,統一美債20年,12,0,12,群益金鼎-敦南,2024-01-25,9101
3231,緯創,130,119,11,群益金鼎-敦南,2024-01-25,9101
3339,泰谷,17,6,11,群益金鼎-敦南,2024-01-25,9101
3296,勝德,10,0,10,群益金鼎-敦南,2024-01-25,9101
00722B,群益投資級電信債,10,0,10,群益金鼎-敦南,2024-01-25,9101
3548,兆利,19,9,10,群益金鼎-敦南,2024-01-25,9101
0055,元大MSCI金融,10,0,10,群益金鼎-敦南,2024-01-25,9101
2324,仁寶,98,88,10,群益金鼎-敦南,2024-01-25,9101
2020,美亞,9,0,9,群益金鼎-敦南,2024-01-25,9101
8404,百和興業-KY,10,1,9,群益金鼎-敦南,2024-01-25,9101
2457,飛宏,11,2,9,群益金鼎-敦南,2024-01-25,9101
2331,精英,10,2,8,群益金鼎-敦南,2024-01-25,9101
1513,中興電,9,2,7,群益金鼎-敦南,2024-01-25,9101
6270,倍微,9,2,7,群益金鼎-敦南,2024-01-25,9101
6446,藥華藥,7,0,7,群益金鼎-敦南,2024-01-25,9101
2382,廣達,23,16,7,群益金鼎-敦南,2024-01-25,9101
00937B,群益ESG投等債20,199,0,199,群益金鼎-敦南,2024-01-26,9101
00637L,元大滬深300正2,140,0,140,群益金鼎-敦南,2024-01-26,9101
00687B,國泰20年美債,100,0,100,群益金鼎-敦南,2024-01-26,9101
00919,群益台灣精選高息,80,0,80,群益金鼎-敦南,2024-01-26,9101
00927,群益半導體收益,73,1,72,群益金鼎-敦南,2024-01-26,9101
00746B,富邦A級公司債,72,0,72,群益金鼎-敦南,2024-01-26,9101
2303,聯電,75,17,58,群益金鼎-敦南,2024-01-26,9101
2353,宏��,96,43,53,群益金鼎-敦南,2024-01-26,9101
2360,致茂,46,0,46,群益金鼎-敦南,2024-01-26,9101
00650L,復華香港正2,50,5,45,群益金鼎-敦南,2024-01-26,9101
3483,力致,39,2,37,群益金鼎-敦南,2024-01-26,9101
00929,復華台灣科技優息,33,0,33,群益金鼎-敦南,2024-01-26,9101
00680L,元大美債20正2,32,0,32,群益金鼎-敦南,2024-01-26,9101
00665L,富邦�琤肭磪囓�2,24,0,24,群益金鼎-敦南,2024-01-26,9101
2324,仁寶,30,7,23,群益金鼎-敦南,2024-01-26,9101
8097,常珵,26,4,22,群益金鼎-敦南,2024-01-26,9101
6205,詮欣,22,0,22,群益金鼎-敦南,2024-01-26,9101
3231,緯創,74,53,21,群益金鼎-敦南,2024-01-26,9101
00933B,國泰10Y+金融債,30,10,20,群益金鼎-敦南,2024-01-26,9101
00632R,元大台灣50反1,20,0,20,群益金鼎-敦南,2024-01-26,9101
8064,東捷,28,8,20,群益金鼎-敦南,2024-01-26,9101
1615,大山,20,0,20,群益金鼎-敦南,2024-01-26,9101
3591,艾笛森,17,0,17,群益金鼎-敦南,2024-01-26,9101
006205,富邦上証,17,0,17,群益金鼎-敦南,2024-01-26,9101
2365,昆盈,76,59,17,群益金鼎-敦南,2024-01-26,9101
9105,泰金寶-DR,51,35,16,群益金鼎-敦南,2024-01-26,9101
2022,聚亨,14,0,14,群益金鼎-敦南,2024-01-26,9101
8096,擎亞,61,48,13,群益金鼎-敦南,2024-01-26,9101
2023,燁輝,16,3,13,群益金鼎-敦南,2024-01-26,9101
9958,世紀鋼,15,2,13,群益金鼎-敦南,2024-01-26,9101
3005,神基,23,11,12,群益金鼎-敦南,2024-01-26,9101
6578,達邦蛋白,11,0,11,群益金鼎-敦南,2024-01-26,9101
2344,華邦電,23,12,11,群益金鼎-敦南,2024-01-26,9101
4123,晟德,11,1,10,群益金鼎-敦南,2024-01-26,9101
00733,富邦臺灣中小,10,0,10,群益金鼎-敦南,2024-01-26,9101
00740B,富邦全球投等債,10,0,10,群益金鼎-敦南,2024-01-26,9101
2208,台船,10,0,10,群益金鼎-敦南,2024-01-26,9101
2460,建通,10,0,10,群益金鼎-敦南,2024-01-26,9101
3689,湧德,10,0,10,群益金鼎-敦南,2024-01-26,9101
6166,凌華,10,0,10,群益金鼎-敦南,2024-01-26,9101
2929,淘帝-KY,10,0,10,群益金鼎-敦南,2024-01-26,9101
6485,點序,10,0,10,群益金鼎-敦南,2024-01-26,9101
8034,榮群,15,5,10,群益金鼎-敦南,2024-01-26,9101
8085,福華,10,0,10,群益金鼎-敦南,2024-01-26,9101
6270,倍微,76,67,9,群益金鼎-敦南,2024-01-26,9101
8111,立��,13,4,9,群益金鼎-敦南,2024-01-26,9101
2634,漢翔,20,11,9,群益金鼎-敦南,2024-01-26,9101
2812,台中銀,10,1,9,群益金鼎-敦南,2024-01-26,9101
00688L,國泰20年美債正2,10,1,9,群益金鼎-敦南,2024-01-26,9101
8404,百和興業-KY,9,0,9,群益金鼎-敦南,2024-01-26,9101
3481,群創,530,31,499,群益金鼎-敦南,2024-01-29,9101
00637L,元大滬深300正2,511,14,497,群益金鼎-敦南,2024-01-29,9101
00937B,群益ESG投等債20,141,0,141,群益金鼎-敦南,2024-01-29,9101
0056,元大高股息,93,4,89,群益金鼎-敦南,2024-01-29,9101
00696B,富邦美債20年,94,8,86,群益金鼎-敦南,2024-01-29,9101
00687B,國泰20年美債,91,24,67,群益金鼎-敦南,2024-01-29,9101
2330,台積電,69,21,48,群益金鼎-敦南,2024-01-29,9101
00632R,元大台灣50反1,42,0,42,群益金鼎-敦南,2024-01-29,9101
00679B,元大美債20年,42,2,40,群益金鼎-敦南,2024-01-29,9101
3066,李洲,29,0,29,群益金鼎-敦南,2024-01-29,9101
00751B,元大AAA至A公司債,33,5,28,群益金鼎-敦南,2024-01-29,9101
9928,中視,25,0,25,群益金鼎-敦南,2024-01-29,9101
00720B,元大投資級公司債,22,0,22,群益金鼎-敦南,2024-01-29,9101
1313,聯成,17,0,17,群益金鼎-敦南,2024-01-29,9101
2356,英業達,25,9,16,群益金鼎-敦南,2024-01-29,9101
00764B,群益25年美債,16,0,16,群益金鼎-敦南,2024-01-29,9101
00713,元大台灣高息低波,16,0,16,群益金鼎-敦南,2024-01-29,9101
6108,競國,16,0,16,群益金鼎-敦南,2024-01-29,9101
8936,國統,17,1,16,群益金鼎-敦南,2024-01-29,9101
5347,世界,15,0,15,群益金鼎-敦南,2024-01-29,9101
3346,麗清,15,0,15,群益金鼎-敦南,2024-01-29,9101
2421,建準,36,21,15,群益金鼎-敦南,2024-01-29,9101
2337,旺宏,13,0,13,群益金鼎-敦南,2024-01-29,9101
2317,鴻海,20,7,13,群益金鼎-敦南,2024-01-29,9101
3062,建漢,13,0,13,群益金鼎-敦南,2024-01-29,9101
5443,均豪,12,0,12,群益金鼎-敦南,2024-01-29,9101
3706,神達,11,0,11,群益金鼎-敦南,2024-01-29,9101
1316,上曜,10,0,10,群益金鼎-敦南,2024-01-29,9101
3622,洋華,11,1,10,群益金鼎-敦南,2024-01-29,9101
00752,中信中國50,10,0,10,群益金鼎-敦南,2024-01-29,9101
00931B,統一美債20年,10,0,10,群益金鼎-敦南,2024-01-29,9101
3093,港建*,10,0,10,群益金鼎-敦南,2024-01-29,9101
6456,GIS-KY,10,0,10,群益金鼎-敦南,2024-01-29,9101
2609,陽明,14,4,10,群益金鼎-敦南,2024-01-29,9101
2382,廣達,13,3,10,群益金鼎-敦南,2024-01-29,9101
6799,來頡,10,1,9,群益金鼎-敦南,2024-01-29,9101
9946,三發地產,8,0,8,群益金鼎-敦南,2024-01-29,9101
1326,台化,9,1,8,群益金鼎-敦南,2024-01-29,9101
6165,浪凡,8,0,8,群益金鼎-敦南,2024-01-29,9101
00725B,國泰投資級公司債,7,0,7,群益金鼎-敦南,2024-01-29,9101
3483,力致,11,4,7,群益金鼎-敦南,2024-01-29,9101
5434,崇越,7,0,7,群益金鼎-敦南,2024-01-29,9101
006208,富邦台50,7,1,6,群益金鼎-敦南,2024-01-29,9101
3402,漢科,10,4,6,群益金鼎-敦南,2024-01-29,9101
6274,台燿,7,1,6,群益金鼎-敦南,2024-01-29,9101
2344,華邦電,6,0,6,群益金鼎-敦南,2024-01-29,9101
5511,德昌,6,0,6,群益金鼎-敦南,2024-01-29,9101
00795B,中信美國公債20年,11,5,6,群益金鼎-敦南,2024-01-29,9101
8088,品安,6,0,6,群益金鼎-敦南,2024-01-29,9101
8054,安國,45,40,5,群益金鼎-敦南,2024-01-29,9101
00937B,群益ESG投等債20,308,0,308,群益金鼎-敦南,2024-01-30,9101
00919,群益台灣精選高息,135,16,119,群益金鼎-敦南,2024-01-30,9101
00857B,永豐20年美公債,110,22,88,群益金鼎-敦南,2024-01-30,9101
00746B,富邦A級公司債,73,0,73,群益金鼎-敦南,2024-01-30,9101
00719B,元大美債1-3,50,0,50,群益金鼎-敦南,2024-01-30,9101
00637L,元大滬深300正2,48,10,38,群益金鼎-敦南,2024-01-30,9101
2371,大同,40,5,35,群益金鼎-敦南,2024-01-30,9101
2421,建準,47,16,31,群益金鼎-敦南,2024-01-30,9101
6770,力積電,30,0,30,群益金鼎-敦南,2024-01-30,9101
2344,華邦電,26,0,26,群益金鼎-敦南,2024-01-30,9101
2883,凱基金,20,0,20,群益金鼎-敦南,2024-01-30,9101
2356,英業達,83,65,18,群益金鼎-敦南,2024-01-30,9101
2618,長榮航,20,3,17,群益金鼎-敦南,2024-01-30,9101
3581,博磊,16,0,16,群益金鼎-敦南,2024-01-30,9101
4157,太景*-KY,15,0,15,群益金鼎-敦南,2024-01-30,9101
9928,中視,15,0,15,群益金鼎-敦南,2024-01-30,9101
00687B,國泰20年美債,15,0,15,群益金鼎-敦南,2024-01-30,9101
1102,亞泥,13,0,13,群益金鼎-敦南,2024-01-30,9101
6578,達邦蛋白,13,0,13,群益金鼎-敦南,2024-01-30,9101
4729,熒茂,14,2,12,群益金鼎-敦南,2024-01-30,9101
2308,台達電,12,1,11,群益金鼎-敦南,2024-01-30,9101
2486,一詮,11,0,11,群益金鼎-敦南,2024-01-30,9101
3380,明泰,21,10,11,群益金鼎-敦南,2024-01-30,9101
6285,啟��,10,0,10,群益金鼎-敦南,2024-01-30,9101
006205,富邦上証,10,0,10,群益金鼎-敦南,2024-01-30,9101
00772B,中信高評級公司債,10,0,10,群益金鼎-敦南,2024-01-30,9101
3622,洋華,10,0,10,群益金鼎-敦南,2024-01-30,9101
2352,佳世達,20,10,10,群益金鼎-敦南,2024-01-30,9101
6906,現觀科,10,0,10,群益金鼎-敦南,2024-01-30,9101
00656R,國泰中國A50反1,10,0,10,群益金鼎-敦南,2024-01-30,9101
00720B,元大投資級公司債,10,0,10,群益金鼎-敦南,2024-01-30,9101
6237,驊訊,21,11,10,群益金鼎-敦南,2024-01-30,9101
6147,頎邦,10,1,9,群益金鼎-敦南,2024-01-30,9101
8085,福華,14,5,9,群益金鼎-敦南,2024-01-30,9101
2353,宏��,13,4,9,群益金鼎-敦南,2024-01-30,9101
3354,律勝,10,1,9,群益金鼎-敦南,2024-01-30,9101
6799,來頡,15,6,9,群益金鼎-敦南,2024-01-30,9101
2337,旺宏,9,0,9,群益金鼎-敦南,2024-01-30,9101
8064,東捷,20,12,8,群益金鼎-敦南,2024-01-30,9101
5871,中租-KY,8,0,8,群益金鼎-敦南,2024-01-30,9101
6462,神盾,45,38,7,群益金鼎-敦南,2024-01-30,9101
2601,益航,7,0,7,群益金鼎-敦南,2024-01-30,9101
00680L,元大美債20正2,27,20,7,群益金鼎-敦南,2024-01-30,9101
1514,亞力,8,1,7,群益金鼎-敦南,2024-01-30,9101
00933B,國泰10Y+金融債,7,0,7,群益金鼎-敦南,2024-01-30,9101
3141,晶宏,7,1,6,群益金鼎-敦南,2024-01-30,9101
3712,永崴投控,6,0,6,群益金鼎-敦南,2024-01-30,9101
4956,光鋐,6,0,6,群益金鼎-敦南,2024-01-30,9101
8096,擎亞,26,20,6,群益金鼎-敦南,2024-01-30,9101
3324,雙鴻,10,4,6,群益金鼎-敦南,2024-01-30,9101
8040,九暘,272,18,254,群益金鼎-敦南,2024-01-31,9101
3312,弘憶股,117,7,110,群益金鼎-敦南,2024-01-31,9101
8111,立��,100,0,100,群益金鼎-敦南,2024-01-31,9101
00919,群益台灣精選高息,70,4,66,群益金鼎-敦南,2024-01-31,9101
00740B,富邦全球投等債,66,0,66,群益金鼎-敦南,2024-01-31,9101
00937B,群益ESG投等債20,92,26,66,群益金鼎-敦南,2024-01-31,9101
3231,緯創,105,45,60,群益金鼎-敦南,2024-01-31,9101
2329,華泰,77,18,59,群益金鼎-敦南,2024-01-31,9101
00720B,元大投資級公司債,49,0,49,群益金鼎-敦南,2024-01-31,9101
2883,凱基金,36,0,36,群益金鼎-敦南,2024-01-31,9101
00751B,元大AAA至A公司債,35,0,35,群益金鼎-敦南,2024-01-31,9101
3706,神達,35,0,35,群益金鼎-敦南,2024-01-31,9101
2303,聯電,31,0,31,群益金鼎-敦南,2024-01-31,9101
00680L,元大美債20正2,41,10,31,群益金鼎-敦南,2024-01-31,9101
3033,威健,31,1,30,群益金鼎-敦南,2024-01-31,9101
00679B,元大美債20年,35,5,30,群益金鼎-敦南,2024-01-31,9101
00929,復華台灣科技優息,28,2,26,群益金鼎-敦南,2024-01-31,9101
3715,定穎投控,25,0,25,群益金鼎-敦南,2024-01-31,9101
3362,先進光,36,15,21,群益金鼎-敦南,2024-01-31,9101
006205,富邦上証,20,0,20,群益金鼎-敦南,2024-01-31,9101
4157,太景*-KY,20,0,20,群益金鼎-敦南,2024-01-31,9101
2880,華南金,18,0,18,群益金鼎-敦南,2024-01-31,9101
6535,順藥,18,0,18,群益金鼎-敦南,2024-01-31,9101
00882,中信中國高股息,17,0,17,群益金鼎-敦南,2024-01-31,9101
4128,中天,17,0,17,群益金鼎-敦南,2024-01-31,9101
2356,英業達,35,19,16,群益金鼎-敦南,2024-01-31,9101
2455,全新,16,0,16,群益金鼎-敦南,2024-01-31,9101
3284,太普高,15,0,15,群益金鼎-敦南,2024-01-31,9101
5315,光聯,15,0,15,群益金鼎-敦南,2024-01-31,9101
3664,安瑞-KY,14,0,14,群益金鼎-敦南,2024-01-31,9101
3313,斐成,14,0,14,群益金鼎-敦南,2024-01-31,9101
006208,富邦台50,17,3,14,群益金鼎-敦南,2024-01-31,9101
00931B,統一美債20年,13,0,13,群益金鼎-敦南,2024-01-31,9101
0056,元大高股息,14,2,12,群益金鼎-敦南,2024-01-31,9101
4123,晟德,24,12,12,群益金鼎-敦南,2024-01-31,9101
2888,新光金,12,0,12,群益金鼎-敦南,2024-01-31,9101
2324,仁寶,11,0,11,群益金鼎-敦南,2024-01-31,9101
4746,台耀,13,2,11,群益金鼎-敦南,2024-01-31,9101
1529,樂事綠能,11,0,11,群益金鼎-敦南,2024-01-31,9101
2371,大同,11,0,11,群益金鼎-敦南,2024-01-31,9101
00637L,元大滬深300正2,11,0,11,群益金鼎-敦南,2024-01-31,9101
2330,台積電,15,4,11,群益金鼎-敦南,2024-01-31,9101
2603,長榮,13,2,11,群益金鼎-敦南,2024-01-31,9101
2867,三商壽,10,0,10,群益金鼎-敦南,2024-01-31,9101
3036,文曄,20,10,10,群益金鼎-敦南,2024-01-31,9101
4763,材料-KY,13,3,10,群益金鼎-敦南,2024-01-31,9101
00671R,富邦NASDAQ反1,10,0,10,群益金鼎-敦南,2024-01-31,9101
2615,萬海,10,0,10,群益金鼎-敦南,2024-01-31,9101
2258,鴻華先進-創,10,0,10,群益金鼎-敦南,2024-01-31,9101
2362,藍天,10,0,10,群益金鼎-敦南,2024-01-31,9101
00720B,元大投資級公司債,178,12,166,群益金鼎-敦南,2024-02-01,9101
00662,富邦NASDAQ,100,0,100,群益金鼎-敦南,2024-02-01,9101
00637L,元大滬深300正2,60,4,56,群益金鼎-敦南,2024-02-01,9101
00751B,元大AAA至A公司債,56,1,55,群益金鼎-敦南,2024-02-01,9101
00937B,群益ESG投等債20,63,11,52,群益金鼎-敦南,2024-02-01,9101
2706,第一店,50,0,50,群益金鼎-敦南,2024-02-01,9101
3363,上詮,79,36,43,群益金鼎-敦南,2024-02-01,9101
6535,順藥,31,0,31,群益金鼎-敦南,2024-02-01,9101
3481,群創,29,1,28,群益金鼎-敦南,2024-02-01,9101
00929,復華台灣科技優息,34,6,28,群益金鼎-敦南,2024-02-01,9101
0056,元大高股息,58,33,25,群益金鼎-敦南,2024-02-01,9101
2505,國揚,25,0,25,群益金鼎-敦南,2024-02-01,9101
2812,台中銀,24,0,24,群益金鼎-敦南,2024-02-01,9101
2421,建準,46,24,22,群益金鼎-敦南,2024-02-01,9101
1616,億泰,20,0,20,群益金鼎-敦南,2024-02-01,9101
2883,凱基金,20,0,20,群益金鼎-敦南,2024-02-01,9101
6770,力積電,22,3,19,群益金鼎-敦南,2024-02-01,9101
2641,正德,18,0,18,群益金鼎-敦南,2024-02-01,9101
2382,廣達,31,14,17,群益金鼎-敦南,2024-02-01,9101
2889,國票金,15,0,15,群益金鼎-敦南,2024-02-01,9101
8034,榮群,15,0,15,群益金鼎-敦南,2024-02-01,9101
2303,聯電,23,8,15,群益金鼎-敦南,2024-02-01,9101
00680L,元大美債20正2,19,5,14,群益金鼎-敦南,2024-02-01,9101
00632R,元大台灣50反1,23,9,14,群益金鼎-敦南,2024-02-01,9101
6143,振曜,15,1,14,群益金鼎-敦南,2024-02-01,9101
00687B,國泰20年美債,14,0,14,群益金鼎-敦南,2024-02-01,9101
3041,揚智,15,2,13,群益金鼎-敦南,2024-02-01,9101
2457,飛宏,13,0,13,群益金鼎-敦南,2024-02-01,9101
6645,金萬林-創,12,0,12,群益金鼎-敦南,2024-02-01,9101
4908,前鼎,26,15,11,群益金鼎-敦南,2024-02-01,9101
6129,普誠,11,0,11,群益金鼎-敦南,2024-02-01,9101
2314,台揚,11,0,11,群益金鼎-敦南,2024-02-01,9101
6243,迅杰,39,28,11,群益金鼎-敦南,2024-02-01,9101
00882,中信中國高股息,11,0,11,群益金鼎-敦南,2024-02-01,9101
4746,台耀,11,1,10,群益金鼎-敦南,2024-02-01,9101
1468,昶和,10,0,10,群益金鼎-敦南,2024-02-01,9101
4529,淳紳,10,0,10,群益金鼎-敦南,2024-02-01,9101
2607,榮運,10,1,9,群益金鼎-敦南,2024-02-01,9101
8996,高力,13,5,8,群益金鼎-敦南,2024-02-01,9101
00712,復華富時不動產,8,0,8,群益金鼎-敦南,2024-02-01,9101
2006,東和鋼鐵,8,0,8,群益金鼎-敦南,2024-02-01,9101
00927,群益半導體收益,9,2,7,群益金鼎-敦南,2024-02-01,9101
3149,正達,6,0,6,群益金鼎-敦南,2024-02-01,9101
5225,東科-KY,6,0,6,群益金鼎-敦南,2024-02-01,9101
4119,旭富,7,1,6,群益金鼎-敦南,2024-02-01,9101
2324,仁寶,7,1,6,群益金鼎-敦南,2024-02-01,9101
6806,森崴能源,5,0,5,群益金鼎-敦南,2024-02-01,9101
3498,陽程,5,0,5,群益金鼎-敦南,2024-02-01,9101
3623,富晶通,15,10,5,群益金鼎-敦南,2024-02-01,9101
3356,奇偶,5,0,5,群益金鼎-敦南,2024-02-01,9101
2329,華泰,842,88,754,群益金鼎-敦南,2024-02-02,9101
00937B,群益ESG投等債20,608,30,578,群益金鼎-敦南,2024-02-02,9101
00680L,元大美債20正2,119,6,113,群益金鼎-敦南,2024-02-02,9101
00933B,國泰10Y+金融債,72,0,72,群益金鼎-敦南,2024-02-02,9101
8996,高力,88,25,63,群益金鼎-敦南,2024-02-02,9101
00637L,元大滬深300正2,55,0,55,群益金鼎-敦南,2024-02-02,9101
00632R,元大台灣50反1,50,0,50,群益金鼎-敦南,2024-02-02,9101
6290,良維,49,2,47,群益金鼎-敦南,2024-02-02,9101
4157,太景*-KY,45,0,45,群益金鼎-敦南,2024-02-02,9101
3017,奇鋐,65,23,42,群益金鼎-敦南,2024-02-02,9101
6770,力積電,42,2,40,群益金鼎-敦南,2024-02-02,9101
5225,東科-KY,35,0,35,群益金鼎-敦南,2024-02-02,9101
2303,聯電,32,0,32,群益金鼎-敦南,2024-02-02,9101
4188,安克,30,0,30,群益金鼎-敦南,2024-02-02,9101
5426,振發,56,28,28,群益金鼎-敦南,2024-02-02,9101
00929,復華台灣科技優息,32,5,27,群益金鼎-敦南,2024-02-02,9101
2603,長榮,33,7,26,群益金鼎-敦南,2024-02-02,9101
3694,海華,37,12,25,群益金鼎-敦南,2024-02-02,9101
00923,群益台ESG低碳50,23,0,23,群益金鼎-敦南,2024-02-02,9101
4770,上品,23,0,23,群益金鼎-敦南,2024-02-02,9101
1514,亞力,33,12,21,群益金鼎-敦南,2024-02-02,9101
2515,中工,20,0,20,群益金鼎-敦南,2024-02-02,9101
8936,國統,22,2,20,群益金鼎-敦南,2024-02-02,9101
1432,大魯閣,19,0,19,群益金鼎-敦南,2024-02-02,9101
2891,中信金,17,0,17,群益金鼎-敦南,2024-02-02,9101
6535,順藥,20,4,16,群益金鼎-敦南,2024-02-02,9101
00919,群益台灣精選高息,18,2,16,群益金鼎-敦南,2024-02-02,9101
00724B,群益投資級金融債,15,0,15,群益金鼎-敦南,2024-02-02,9101
3339,泰谷,15,0,15,群益金鼎-敦南,2024-02-02,9101
2605,新興,16,1,15,群益金鼎-敦南,2024-02-02,9101
2408,南亞科,14,0,14,群益金鼎-敦南,2024-02-02,9101
2324,仁寶,13,0,13,群益金鼎-敦南,2024-02-02,9101
8034,榮群,12,0,12,群益金鼎-敦南,2024-02-02,9101
3296,勝德,12,0,12,群益金鼎-敦南,2024-02-02,9101
2636,台驊控股,13,2,11,群益金鼎-敦南,2024-02-02,9101
3036,文曄,48,37,11,群益金鼎-敦南,2024-02-02,9101
006205,富邦上証,11,0,11,群益金鼎-敦南,2024-02-02,9101
6179,亞通,18,7,11,群益金鼎-敦南,2024-02-02,9101
3711,日月光投控,11,0,11,群益金鼎-敦南,2024-02-02,9101
6805,富世達,10,0,10,群益金鼎-敦南,2024-02-02,9101
3499,環天科,10,0,10,群益金鼎-敦南,2024-02-02,9101
1316,上曜,10,0,10,群益金鼎-敦南,2024-02-02,9101
6118,建達,10,0,10,群益金鼎-敦南,2024-02-02,9101
2201,裕隆,10,0,10,群益金鼎-敦南,2024-02-02,9101
2887,台新金,10,0,10,群益金鼎-敦南,2024-02-02,9101
2880,華南金,10,0,10,群益金鼎-敦南,2024-02-02,9101
4714,永捷,10,0,10,群益金鼎-敦南,2024-02-02,9101
2449,京元電子,10,0,10,群益金鼎-敦南,2024-02-02,9101
1618,合機,10,0,10,群益金鼎-敦南,2024-02-02,9101
6265,方土昶,30,20,10,群益金鼎-敦南,2024-02-02,9101
00937B,群益ESG投等債20,284,2,282,群益金鼎-敦南,2024-02-05,9101
2329,華泰,227,26,201,群益金鼎-敦南,2024-02-05,9101
00929,復華台灣科技優息,106,0,106,群益金鼎-敦南,2024-02-05,9101
00687B,國泰20年美債,91,2,89,群益金鼎-敦南,2024-02-05,9101
1528,恩德,181,109,72,群益金鼎-敦南,2024-02-05,9101
8930,青鋼,63,3,60,群益金鼎-敦南,2024-02-05,9101
8996,高力,76,20,56,群益金鼎-敦南,2024-02-05,9101
2031,新光鋼,50,4,46,群益金鼎-敦南,2024-02-05,9101
9939,宏全,42,0,42,群益金鼎-敦南,2024-02-05,9101
2618,長榮航,124,84,40,群益金鼎-敦南,2024-02-05,9101
00882,中信中國高股息,52,13,39,群益金鼎-敦南,2024-02-05,9101
00857B,永豐20年美公債,100,63,37,群益金鼎-敦南,2024-02-05,9101
2889,國票金,37,0,37,群益金鼎-敦南,2024-02-05,9101
00919,群益台灣精選高息,41,6,35,群益金鼎-敦南,2024-02-05,9101
00712,復華富時不動產,27,0,27,群益金鼎-敦南,2024-02-05,9101
00933B,國泰10Y+金融債,27,0,27,群益金鼎-敦南,2024-02-05,9101
6462,神盾,34,9,25,群益金鼎-敦南,2024-02-05,9101
00764B,群益25年美債,25,0,25,群益金鼎-敦南,2024-02-05,9101
3032,偉訓,34,10,24,群益金鼎-敦南,2024-02-05,9101
2324,仁寶,24,0,24,群益金鼎-敦南,2024-02-05,9101
6290,良維,25,2,23,群益金鼎-敦南,2024-02-05,9101
4903,聯光通,23,0,23,群益金鼎-敦南,2024-02-05,9101
00637L,元大滬深300正2,114,91,23,群益金鼎-敦南,2024-02-05,9101
1442,名軒,23,1,22,群益金鼎-敦南,2024-02-05,9101
00680L,元大美債20正2,50,30,20,群益金鼎-敦南,2024-02-05,9101
2641,正德,20,0,20,群益金鼎-敦南,2024-02-05,9101
3188,鑫龍騰,20,0,20,群益金鼎-敦南,2024-02-05,9101
1815,富喬,20,0,20,群益金鼎-敦南,2024-02-05,9101
2609,陽明,26,7,19,群益金鼎-敦南,2024-02-05,9101
2356,英業達,30,11,19,群益金鼎-敦南,2024-02-05,9101
6578,達邦蛋白,14,0,14,群益金鼎-敦南,2024-02-05,9101
6531,愛普*,22,9,13,群益金鼎-敦南,2024-02-05,9101
00679B,元大美債20年,15,2,13,群益金鼎-敦南,2024-02-05,9101
2376,技嘉,64,52,12,群益金鼎-敦南,2024-02-05,9101
6533,晶心科,16,4,12,群益金鼎-敦南,2024-02-05,9101
00688L,國泰20年美債正2,12,0,12,群益金鼎-敦南,2024-02-05,9101
00720B,元大投資級公司債,12,0,12,群益金鼎-敦南,2024-02-05,9101
5225,東科-KY,12,0,12,群益金鼎-敦南,2024-02-05,9101
0050,元大台灣50,15,3,12,群益金鼎-敦南,2024-02-05,9101
00751B,元大AAA至A公司債,10,0,10,群益金鼎-敦南,2024-02-05,9101
3489,森寶,10,0,10,群益金鼎-敦南,2024-02-05,9101
9933,中鼎,10,0,10,群益金鼎-敦南,2024-02-05,9101
5347,世界,25,15,10,群益金鼎-敦南,2024-02-05,9101
2542,興富發,10,0,10,群益金鼎-敦南,2024-02-05,9101
2368,金像電,16,7,9,群益金鼎-敦南,2024-02-05,9101
2421,建準,44,35,9,群益金鼎-敦南,2024-02-05,9101
6695,芯鼎,34,26,8,群益金鼎-敦南,2024-02-05,9101
3260,威剛,9,1,8,群益金鼎-敦南,2024-02-05,9101
8040,九暘,10,2,8,群益金鼎-敦南,2024-02-05,9101
00930,永豐ESG低碳高息,8,0,8,群益金鼎-敦南,2024-02-05,9101
00680L,元大美債20正2,386,34,352,群益金鼎-敦南,2024-02-15,9101
00937B,群益ESG投等債20,276,120,156,群益金鼎-敦南,2024-02-15,9101
2425,承啟,140,0,140,群益金鼎-敦南,2024-02-15,9101
00720B,元大投資級公司債,122,0,122,群益金鼎-敦南,2024-02-15,9101
00632R,元大台灣50反1,77,0,77,群益金鼎-敦南,2024-02-15,9101
00764B,群益25年美債,56,0,56,群益金鼎-敦南,2024-02-15,9101
9935,慶豐富,52,0,52,群益金鼎-敦南,2024-02-15,9101
2464,盟立,62,10,52,群益金鼎-敦南,2024-02-15,9101
00679B,元大美債20年,107,58,49,群益金鼎-敦南,2024-02-15,9101
6196,帆宣,53,6,47,群益金鼎-敦南,2024-02-15,9101
00687B,國泰20年美債,86,40,46,群益金鼎-敦南,2024-02-15,9101
8147,正淩,50,6,44,群益金鼎-敦南,2024-02-15,9101
6165,浪凡,40,0,40,群益金鼎-敦南,2024-02-15,9101
2344,華邦電,38,0,38,群益金鼎-敦南,2024-02-15,9101
2368,金像電,55,20,35,群益金鼎-敦南,2024-02-15,9101
3294,英濟,30,0,30,群益金鼎-敦南,2024-02-15,9101
00751B,元大AAA至A公司債,29,0,29,群益金鼎-敦南,2024-02-15,9101
00931B,統一美債20年,29,0,29,群益金鼎-敦南,2024-02-15,9101
1321,大洋,31,8,23,群益金鼎-敦南,2024-02-15,9101
2888,新光金,23,0,23,群益金鼎-敦南,2024-02-15,9101
2505,國揚,22,0,22,群益金鼎-敦南,2024-02-15,9101
00770,國泰北美科技,22,0,22,群益金鼎-敦南,2024-02-15,9101
00713,元大台灣高息低波,20,0,20,群益金鼎-敦南,2024-02-15,9101
3622,洋華,21,1,20,群益金鼎-敦南,2024-02-15,9101
00881,國泰台灣5G+,24,4,20,群益金鼎-敦南,2024-02-15,9101
2537,聯上發,28,8,20,群益金鼎-敦南,2024-02-15,9101
00919,群益台灣精選高息,26,8,18,群益金鼎-敦南,2024-02-15,9101
3607,谷崧,17,0,17,群益金鼎-敦南,2024-02-15,9101
2486,一詮,17,0,17,群益金鼎-敦南,2024-02-15,9101
3481,群創,34,17,17,群益金鼎-敦南,2024-02-15,9101
6147,頎邦,16,0,16,群益金鼎-敦南,2024-02-15,9101
1615,大山,16,0,16,群益金鼎-敦南,2024-02-15,9101
2383,台光電,22,6,16,群益金鼎-敦南,2024-02-15,9101
3680,家登,20,4,16,群益金鼎-敦南,2024-02-15,9101
6239,力成,14,0,14,群益金鼎-敦南,2024-02-15,9101
2247,汎德永業,14,0,14,群益金鼎-敦南,2024-02-15,9101
00772B,中信高評級公司債,13,0,13,群益金鼎-敦南,2024-02-15,9101
3312,弘憶股,13,0,13,群益金鼎-敦南,2024-02-15,9101
5272,笙科,13,0,13,群益金鼎-敦南,2024-02-15,9101
2360,致茂,13,0,13,群益金鼎-敦南,2024-02-15,9101
3715,定穎投控,19,6,13,群益金鼎-敦南,2024-02-15,9101
00795B,中信美國公債20年,12,0,12,群益金鼎-敦南,2024-02-15,9101
00773B,中信優先金融債,12,0,12,群益金鼎-敦南,2024-02-15,9101
4994,傳奇,12,0,12,群益金鼎-敦南,2024-02-15,9101
2603,長榮,20,9,11,群益金鼎-敦南,2024-02-15,9101
2371,大同,11,0,11,群益金鼎-敦南,2024-02-15,9101
1809,中釉,11,0,11,群益金鼎-敦南,2024-02-15,9101
6535,順藥,11,0,11,群益金鼎-敦南,2024-02-15,9101
3013,晟銘電,53,42,11,群益金鼎-敦南,2024-02-15,9101
00882,中信中國高股息,11,0,11,群益金鼎-敦南,2024-02-15,9101
00929,復華台灣科技優息,230,6,224,群益金鼎-敦南,2024-02-16,9101
00933B,國泰10Y+金融債,148,0,148,群益金鼎-敦南,2024-02-16,9101
6026,福邦證,142,0,142,群益金鼎-敦南,2024-02-16,9101
6789,采鈺,106,9,97,群益金鼎-敦南,2024-02-16,9101
00687B,國泰20年美債,85,0,85,群益金鼎-敦南,2024-02-16,9101
00680L,元大美債20正2,90,20,70,群益金鼎-敦南,2024-02-16,9101
4939,亞電,70,19,51,群益金鼎-敦南,2024-02-16,9101
6116,彩晶,50,0,50,群益金鼎-敦南,2024-02-16,9101
00764B,群益25年美債,43,0,43,群益金鼎-敦南,2024-02-16,9101
00919,群益台灣精選高息,46,5,41,群益金鼎-敦南,2024-02-16,9101
00720B,元大投資級公司債,35,0,35,群益金鼎-敦南,2024-02-16,9101
1460,宏遠,35,0,35,群益金鼎-敦南,2024-02-16,9101
2382,廣達,43,9,34,群益金鼎-敦南,2024-02-16,9101
3481,群創,45,11,34,群益金鼎-敦南,2024-02-16,9101
2449,京元電子,58,25,33,群益金鼎-敦南,2024-02-16,9101
1785,光洋科,32,2,30,群益金鼎-敦南,2024-02-16,9101
00725B,國泰投資級公司債,29,0,29,群益金鼎-敦南,2024-02-16,9101
3231,緯創,117,89,28,群益金鼎-敦南,2024-02-16,9101
00688L,國泰20年美債正2,27,0,27,群益金鼎-敦南,2024-02-16,9101
3036,文曄,31,4,27,群益金鼎-敦南,2024-02-16,9101
00679B,元大美債20年,26,0,26,群益金鼎-敦南,2024-02-16,9101
00795B,中信美國公債20年,25,0,25,群益金鼎-敦南,2024-02-16,9101
1815,富喬,88,65,23,群益金鼎-敦南,2024-02-16,9101
2371,大同,24,1,23,群益金鼎-敦南,2024-02-16,9101
6462,神盾,29,7,22,群益金鼎-敦南,2024-02-16,9101
00931B,統一美債20年,22,0,22,群益金鼎-敦南,2024-02-16,9101
3312,弘憶股,31,10,21,群益金鼎-敦南,2024-02-16,9101
3033,威健,22,2,20,群益金鼎-敦南,2024-02-16,9101
6416,瑞祺電通,20,2,18,群益金鼎-敦南,2024-02-16,9101
2356,英業達,43,26,17,群益金鼎-敦南,2024-02-16,9101
4188,安克,20,3,17,群益金鼎-敦南,2024-02-16,9101
2211,長榮鋼,18,1,17,群益金鼎-敦南,2024-02-16,9101
00706L,期元大S＆P日圓正2,16,0,16,群益金鼎-敦南,2024-02-16,9101
00696B,富邦美債20年,26,10,16,群益金鼎-敦南,2024-02-16,9101
2460,建通,14,0,14,群益金鼎-敦南,2024-02-16,9101
2383,台光電,22,8,14,群益金鼎-敦南,2024-02-16,9101
3483,力致,26,13,13,群益金鼎-敦南,2024-02-16,9101
1609,大亞,13,0,13,群益金鼎-敦南,2024-02-16,9101
1319,東陽,20,8,12,群益金鼎-敦南,2024-02-16,9101
3324,雙鴻,18,6,12,群益金鼎-敦南,2024-02-16,9101
4532,瑞智,12,0,12,群益金鼎-敦南,2024-02-16,9101
3017,奇鋐,44,33,11,群益金鼎-敦南,2024-02-16,9101
00751B,元大AAA至A公司債,11,0,11,群益金鼎-敦南,2024-02-16,9101
4746,台耀,13,2,11,群益金鼎-敦南,2024-02-16,9101
6668,中揚光,11,0,11,群益金鼎-敦南,2024-02-16,9101
8096,擎亞,36,25,11,群益金鼎-敦南,2024-02-16,9101
5871,中租-KY,11,1,10,群益金鼎-敦南,2024-02-16,9101
2367,燿華,12,2,10,群益金鼎-敦南,2024-02-16,9101
6125,廣運,36,26,10,群益金鼎-敦南,2024-02-16,9101
5488,松普,10,0,10,群益金鼎-敦南,2024-02-16,9101
2329,華泰,556,92,464,群益金鼎-敦南,2024-02-19,9101
6026,福邦證,322,0,322,群益金鼎-敦南,2024-02-19,9101
00929,復華台灣科技優息,253,5,248,群益金鼎-敦南,2024-02-19,9101
00637L,元大滬深300正2,190,4,186,群益金鼎-敦南,2024-02-19,9101
00919,群益台灣精選高息,173,10,163,群益金鼎-敦南,2024-02-19,9101
5225,東科-KY,123,2,121,群益金鼎-敦南,2024-02-19,9101
3518,柏騰,92,0,92,群益金鼎-敦南,2024-02-19,9101
00937B,群益ESG投等債20,83,15,68,群益金鼎-敦南,2024-02-19,9101
2449,京元電子,58,0,58,群益金鼎-敦南,2024-02-19,9101
2356,英業達,71,15,56,群益金鼎-敦南,2024-02-19,9101
1717,長興,49,0,49,群益金鼎-敦南,2024-02-19,9101
8112,至上,51,3,48,群益金鼎-敦南,2024-02-19,9101
00687B,國泰20年美債,47,1,46,群益金鼎-敦南,2024-02-19,9101
6196,帆宣,42,2,40,群益金鼎-敦南,2024-02-19,9101
00878,國泰永續高股息,40,2,38,群益金鼎-敦南,2024-02-19,9101
2353,宏��,64,28,36,群益金鼎-敦南,2024-02-19,9101
00751B,元大AAA至A公司債,34,0,34,群益金鼎-敦南,2024-02-19,9101
4960,誠美材,30,0,30,群益金鼎-敦南,2024-02-19,9101
8110,華東,25,0,25,群益金鼎-敦南,2024-02-19,9101
6016,康和證,22,0,22,群益金鼎-敦南,2024-02-19,9101
6186,新潤,20,0,20,群益金鼎-敦南,2024-02-19,9101
8080,印鉐,20,0,20,群益金鼎-敦南,2024-02-19,9101
6170,統振,28,11,17,群益金鼎-敦南,2024-02-19,9101
3017,奇鋐,32,16,16,群益金鼎-敦南,2024-02-19,9101
8011,台通,16,0,16,群益金鼎-敦南,2024-02-19,9101
8085,福華,16,1,15,群益金鼎-敦南,2024-02-19,9101
2913,農林,15,0,15,群益金鼎-敦南,2024-02-19,9101
2103,台橡,15,0,15,群益金鼎-敦南,2024-02-19,9101
3622,洋華,16,2,14,群益金鼎-敦南,2024-02-19,9101
8210,勤誠,17,3,14,群益金鼎-敦南,2024-02-19,9101
6288,聯嘉,19,5,14,群益金鼎-敦南,2024-02-19,9101
2383,台光電,14,1,13,群益金鼎-敦南,2024-02-19,9101
00713,元大台灣高息低波,12,0,12,群益金鼎-敦南,2024-02-19,9101
3231,緯創,125,113,12,群益金鼎-敦南,2024-02-19,9101
2498,宏達電,12,1,11,群益金鼎-敦南,2024-02-19,9101
1503,士電,40,29,11,群益金鼎-敦南,2024-02-19,9101
2382,廣達,18,7,11,群益金鼎-敦南,2024-02-19,9101
3033,威健,10,0,10,群益金鼎-敦南,2024-02-19,9101
1316,上曜,13,3,10,群益金鼎-敦南,2024-02-19,9101
3207,耀勝,11,1,10,群益金鼎-敦南,2024-02-19,9101
4513,福裕,10,0,10,群益金鼎-敦南,2024-02-19,9101
00643,群益深証中小,10,0,10,群益金鼎-敦南,2024-02-19,9101
00639,富邦深100,10,0,10,群益金鼎-敦南,2024-02-19,9101
3419,譁裕,10,0,10,群益金鼎-敦南,2024-02-19,9101
2302,麗正,10,0,10,群益金鼎-敦南,2024-02-19,9101
2369,菱生,128,118,10,群益金鼎-敦南,2024-02-19,9101
3706,神達,13,4,9,群益金鼎-敦南,2024-02-19,9101
00679B,元大美債20年,14,6,8,群益金鼎-敦南,2024-02-19,9101
8096,擎亞,45,37,8,群益金鼎-敦南,2024-02-19,9101
4746,台耀,8,0,8,群益金鼎-敦南,2024-02-19,9101
00933B,國泰10Y+金融債,170,23,147,群益金鼎-敦南,2024-02-20,9101
00937B,群益ESG投等債20,167,45,122,群益金鼎-敦南,2024-02-20,9101
6233,旺玖,104,21,83,群益金鼎-敦南,2024-02-20,9101
6026,福邦證,81,0,81,群益金鼎-敦南,2024-02-20,9101
6274,台燿,57,5,52,群益金鼎-敦南,2024-02-20,9101
2412,中華電,60,10,50,群益金鼎-敦南,2024-02-20,9101
8011,台通,65,22,43,群益金鼎-敦南,2024-02-20,9101
3483,力致,45,3,42,群益金鼎-敦南,2024-02-20,9101
2405,輔信,73,31,42,群益金鼎-敦南,2024-02-20,9101
8112,至上,63,22,41,群益金鼎-敦南,2024-02-20,9101
00632R,元大台灣50反1,40,0,40,群益金鼎-敦南,2024-02-20,9101
00764B,群益25年美債,38,0,38,群益金鼎-敦南,2024-02-20,9101
6235,華孚,41,7,34,群益金鼎-敦南,2024-02-20,9101
2330,台積電,34,1,33,群益金鼎-敦南,2024-02-20,9101
00687B,國泰20年美債,32,0,32,群益金鼎-敦南,2024-02-20,9101
00680L,元大美債20正2,31,0,31,群益金鼎-敦南,2024-02-20,9101
2543,皇昌,36,5,31,群益金鼎-敦南,2024-02-20,9101
5426,振發,38,8,30,群益金鼎-敦南,2024-02-20,9101
3231,緯創,112,86,26,群益金鼎-敦南,2024-02-20,9101
9935,慶豐富,23,0,23,群益金鼎-敦南,2024-02-20,9101
2382,廣達,28,5,23,群益金鼎-敦南,2024-02-20,9101
8996,高力,26,4,22,群益金鼎-敦南,2024-02-20,9101
00882,中信中國高股息,22,0,22,群益金鼎-敦南,2024-02-20,9101
3581,博磊,44,23,21,群益金鼎-敦南,2024-02-20,9101
3032,偉訓,28,7,21,群益金鼎-敦南,2024-02-20,9101
3551,世禾,20,0,20,群益金鼎-敦南,2024-02-20,9101
2103,台橡,20,0,20,群益金鼎-敦南,2024-02-20,9101
6160,欣技,22,3,19,群益金鼎-敦南,2024-02-20,9101
3035,智原,25,7,18,群益金鼎-敦南,2024-02-20,9101
6126,信音,30,12,18,群益金鼎-敦南,2024-02-20,9101
4919,新唐,20,3,17,群益金鼎-敦南,2024-02-20,9101
8059,凱碩,22,6,16,群益金鼎-敦南,2024-02-20,9101
00751B,元大AAA至A公司債,16,0,16,群益金鼎-敦南,2024-02-20,9101
4770,上品,17,2,15,群益金鼎-敦南,2024-02-20,9101
3149,正達,19,4,15,群益金鼎-敦南,2024-02-20,9101
00679B,元大美債20年,15,0,15,群益金鼎-敦南,2024-02-20,9101
6282,康舒,62,49,13,群益金鼎-敦南,2024-02-20,9101
3041,揚智,122,109,13,群益金鼎-敦南,2024-02-20,9101
4714,永捷,65,52,13,群益金鼎-敦南,2024-02-20,9101
1809,中釉,30,18,12,群益金鼎-敦南,2024-02-20,9101
3260,威剛,14,2,12,群益金鼎-敦南,2024-02-20,9101
00637L,元大滬深300正2,32,20,12,群益金鼎-敦南,2024-02-20,9101
1504,東元,14,2,12,群益金鼎-敦南,2024-02-20,9101
1301,台塑,12,0,12,群益金鼎-敦南,2024-02-20,9101
3010,華立,12,0,12,群益金鼎-敦南,2024-02-20,9101
3450,聯鈞,15,4,11,群益金鼎-敦南,2024-02-20,9101
6265,方土昶,11,0,11,群益金鼎-敦南,2024-02-20,9101
6147,頎邦,11,0,11,群益金鼎-敦南,2024-02-20,9101
2489,瑞軒,11,0,11,群益金鼎-敦南,2024-02-20,9101
00931B,統一美債20年,10,0,10,群益金鼎-敦南,2024-02-20,9101
2884,玉山金,402,0,402,群益金鼎-敦南,2024-02-21,9101
2409,友達,305,0,305,群益金鼎-敦南,2024-02-21,9101
00929,復華台灣科技優息,314,15,299,群益金鼎-敦南,2024-02-21,9101
00637L,元大滬深300正2,355,83,272,群益金鼎-敦南,2024-02-21,9101
2880,華南金,225,0,225,群益金鼎-敦南,2024-02-21,9101
00795B,中信美國公債20年,183,0,183,群益金鼎-敦南,2024-02-21,9101
00687B,國泰20年美債,151,0,151,群益金鼎-敦南,2024-02-21,9101
00937B,群益ESG投等債20,135,0,135,群益金鼎-敦南,2024-02-21,9101
00679B,元大美債20年,131,0,131,群益金鼎-敦南,2024-02-21,9101
3363,上詮,134,33,101,群益金鼎-敦南,2024-02-21,9101
00680L,元大美債20正2,87,0,87,群益金鼎-敦南,2024-02-21,9101
00878,國泰永續高股息,109,39,70,群益金鼎-敦南,2024-02-21,9101
00751B,元大AAA至A公司債,61,0,61,群益金鼎-敦南,2024-02-21,9101
9105,泰金寶-DR,57,1,56,群益金鼎-敦南,2024-02-21,9101
6026,福邦證,55,0,55,群益金鼎-敦南,2024-02-21,9101
3231,緯創,122,70,52,群益金鼎-敦南,2024-02-21,9101
00650L,復華香港正2,50,0,50,群益金鼎-敦南,2024-02-21,9101
3712,永崴投控,52,3,49,群益金鼎-敦南,2024-02-21,9101
3607,谷崧,50,1,49,群益金鼎-敦南,2024-02-21,9101
3234,光環,51,2,49,群益金鼎-敦南,2024-02-21,9101
6530,創威,62,15,47,群益金鼎-敦南,2024-02-21,9101
8059,凱碩,62,21,41,群益金鼎-敦南,2024-02-21,9101
00919,群益台灣精選高息,75,35,40,群益金鼎-敦南,2024-02-21,9101
4903,聯光通,36,0,36,群益金鼎-敦南,2024-02-21,9101
1301,台塑,36,0,36,群益金鼎-敦南,2024-02-21,9101
00933B,國泰10Y+金融債,31,0,31,群益金鼎-敦南,2024-02-21,9101
6282,康舒,67,39,28,群益金鼎-敦南,2024-02-21,9101
00712,復華富時不動產,26,0,26,群益金鼎-敦南,2024-02-21,9101
2617,台航,26,0,26,群益金鼎-敦南,2024-02-21,9101
5515,建國,27,2,25,群益金鼎-敦南,2024-02-21,9101
9935,慶豐富,24,0,24,群益金鼎-敦南,2024-02-21,9101
2543,皇昌,32,8,24,群益金鼎-敦南,2024-02-21,9101
3047,訊舟,63,39,24,群益金鼎-敦南,2024-02-21,9101
6578,達邦蛋白,48,26,22,群益金鼎-敦南,2024-02-21,9101
2641,正德,36,15,21,群益金鼎-敦南,2024-02-21,9101
4977,眾達-KY,20,0,20,群益金鼎-敦南,2024-02-21,9101
3062,建漢,20,0,20,群益金鼎-敦南,2024-02-21,9101
2405,輔信,31,11,20,群益金鼎-敦南,2024-02-21,9101
00918,大華優利高填息30,20,0,20,群益金鼎-敦南,2024-02-21,9101
2356,英業達,38,19,19,群益金鼎-敦南,2024-02-21,9101
3227,原相,24,5,19,群益金鼎-敦南,2024-02-21,9101
2609,陽明,34,15,19,群益金鼎-敦南,2024-02-21,9101
2303,聯電,19,1,18,群益金鼎-敦南,2024-02-21,9101
3689,湧德,22,5,17,群益金鼎-敦南,2024-02-21,9101
2888,新光金,18,2,16,群益金鼎-敦南,2024-02-21,9101
6165,浪凡,18,4,14,群益金鼎-敦南,2024-02-21,9101
8110,華東,14,0,14,群益金鼎-敦南,2024-02-21,9101
2330,台積電,171,157,14,群益金鼎-敦南,2024-02-21,9101
8112,至上,14,1,13,群益金鼎-敦南,2024-02-21,9101
4303,信立,16,3,13,群益金鼎-敦南,2024-02-21,9101
00637L,元大滬深300正2,221,14,207,群益金鼎-敦南,2024-02-22,9101
2330,台積電,123,7,116,群益金鼎-敦南,2024-02-22,9101
00937B,群益ESG投等債20,127,17,110,群益金鼎-敦南,2024-02-22,9101
6136,富爾特,100,0,100,群益金鼎-敦南,2024-02-22,9101
00795B,中信美國公債20年,98,0,98,群益金鼎-敦南,2024-02-22,9101
00933B,國泰10Y+金融債,95,0,95,群益金鼎-敦南,2024-02-22,9101
2412,中華電,50,0,50,群益金鼎-敦南,2024-02-22,9101
3450,聯鈞,48,2,46,群益金鼎-敦南,2024-02-22,9101
8064,東捷,44,2,42,群益金鼎-敦南,2024-02-22,9101
2543,皇昌,71,30,41,群益金鼎-敦南,2024-02-22,9101
00680L,元大美債20正2,41,0,41,群益金鼎-敦南,2024-02-22,9101
00929,復華台灣科技優息,114,73,41,群益金鼎-敦南,2024-02-22,9101
3013,晟銘電,101,70,31,群益金鼎-敦南,2024-02-22,9101
00687B,國泰20年美債,30,0,30,群益金鼎-敦南,2024-02-22,9101
6186,新潤,30,0,30,群益金鼎-敦南,2024-02-22,9101
3231,緯創,143,115,28,群益金鼎-敦南,2024-02-22,9101
00878,國泰永續高股息,36,11,25,群益金鼎-敦南,2024-02-22,9101
3622,洋華,26,1,25,群益金鼎-敦南,2024-02-22,9101
00764B,群益25年美債,25,0,25,群益金鼎-敦南,2024-02-22,9101
4945,陞達科技,26,1,25,群益金鼎-敦南,2024-02-22,9101
00632R,元大台灣50反1,25,0,25,群益金鼎-敦南,2024-02-22,9101
3390,旭軟,24,0,24,群益金鼎-敦南,2024-02-22,9101
00679B,元大美債20年,34,10,24,群益金鼎-敦南,2024-02-22,9101
6167,久正,23,0,23,群益金鼎-敦南,2024-02-22,9101
1524,耿鼎,47,24,23,群益金鼎-敦南,2024-02-22,9101
2376,技嘉,44,21,23,群益金鼎-敦南,2024-02-22,9101
8105,凌巨,121,99,22,群益金鼎-敦南,2024-02-22,9101
2618,長榮航,24,2,22,群益金鼎-敦南,2024-02-22,9101
2337,旺宏,20,0,20,群益金鼎-敦南,2024-02-22,9101
3025,星通,63,44,19,群益金鼎-敦南,2024-02-22,9101
4903,聯光通,16,0,16,群益金鼎-敦南,2024-02-22,9101
2324,仁寶,17,1,16,群益金鼎-敦南,2024-02-22,9101
6126,信音,53,38,15,群益金鼎-敦南,2024-02-22,9101
2371,大同,29,14,15,群益金鼎-敦南,2024-02-22,9101
2353,宏��,21,7,14,群益金鼎-敦南,2024-02-22,9101
2103,台橡,14,0,14,群益金鼎-敦南,2024-02-22,9101
1316,上曜,20,7,13,群益金鼎-敦南,2024-02-22,9101
2484,希華,14,2,12,群益金鼎-敦南,2024-02-22,9101
2062,橋椿,12,0,12,群益金鼎-敦南,2024-02-22,9101
5498,凱崴,12,0,12,群益金鼎-敦南,2024-02-22,9101
1514,亞力,44,32,12,群益金鼎-敦南,2024-02-22,9101
6134,萬旭,12,0,12,群益金鼎-敦南,2024-02-22,9101
2423,固緯,12,0,12,群益金鼎-敦南,2024-02-22,9101
1504,東元,14,2,12,群益金鼎-敦南,2024-02-22,9101
3227,原相,13,2,11,群益金鼎-敦南,2024-02-22,9101
5315,光聯,11,0,11,群益金鼎-敦南,2024-02-22,9101
6168,宏齊,15,4,11,群益金鼎-敦南,2024-02-22,9101
6233,旺玖,24,13,11,群益金鼎-敦南,2024-02-22,9101
9958,世紀鋼,12,1,11,群益金鼎-敦南,2024-02-22,9101
6179,亞通,11,1,10,群益金鼎-敦南,2024-02-22,9101
00937B,群益ESG投等債20,405,0,405,群益金鼎-敦南,2024-02-23,9101
00878,國泰永續高股息,419,26,393,群益金鼎-敦南,2024-02-23,9101
00929,復華台灣科技優息,374,31,343,群益金鼎-敦南,2024-02-23,9101
00632R,元大台灣50反1,356,20,336,群益金鼎-敦南,2024-02-23,9101
00671R,富邦NASDAQ反1,250,0,250,群益金鼎-敦南,2024-02-23,9101
00687B,國泰20年美債,220,20,200,群益金鼎-敦南,2024-02-23,9101
00679B,元大美債20年,175,0,175,群益金鼎-敦南,2024-02-23,9101
6167,久正,123,15,108,群益金鼎-敦南,2024-02-23,9101
00857B,永豐20年美公債,103,0,103,群益金鼎-敦南,2024-02-23,9101
8064,東捷,96,22,74,群益金鼎-敦南,2024-02-23,9101
00680L,元大美債20正2,65,0,65,群益金鼎-敦南,2024-02-23,9101
6185,幃翔,63,7,56,群益金鼎-敦南,2024-02-23,9101
3231,緯創,108,57,51,群益金鼎-敦南,2024-02-23,9101
00673R,期元大S＆P原油反1,50,0,50,群益金鼎-敦南,2024-02-23,9101
1513,中興電,69,23,46,群益金鼎-敦南,2024-02-23,9101
4714,永捷,57,14,43,群益金鼎-敦南,2024-02-23,9101
2353,宏��,61,19,42,群益金鼎-敦南,2024-02-23,9101
2014,中鴻,38,0,38,群益金鼎-敦南,2024-02-23,9101
3354,律勝,40,3,37,群益金鼎-敦南,2024-02-23,9101
6136,富爾特,35,0,35,群益金鼎-敦南,2024-02-23,9101
2515,中工,33,0,33,群益金鼎-敦南,2024-02-23,9101
2460,建通,31,0,31,群益金鼎-敦南,2024-02-23,9101
00933B,國泰10Y+金融債,30,0,30,群益金鼎-敦南,2024-02-23,9101
5443,均豪,30,1,29,群益金鼎-敦南,2024-02-23,9101
5381,合正,47,22,25,群益金鼎-敦南,2024-02-23,9101
3062,建漢,25,0,25,群益金鼎-敦南,2024-02-23,9101
3450,聯鈞,62,37,25,群益金鼎-敦南,2024-02-23,9101
2412,中華電,24,0,24,群益金鼎-敦南,2024-02-23,9101
2618,長榮航,31,8,23,群益金鼎-敦南,2024-02-23,9101
3715,定穎投控,28,5,23,群益金鼎-敦南,2024-02-23,9101
3622,洋華,23,1,22,群益金鼎-敦南,2024-02-23,9101
00640L,富邦日本正2,21,0,21,群益金鼎-敦南,2024-02-23,9101
6189,豐藝,85,64,21,群益金鼎-敦南,2024-02-23,9101
3017,奇鋐,29,9,20,群益金鼎-敦南,2024-02-23,9101
6216,居易,20,0,20,群益金鼎-敦南,2024-02-23,9101
2489,瑞軒,23,3,20,群益金鼎-敦南,2024-02-23,9101
00751B,元大AAA至A公司債,17,0,17,群益金鼎-敦南,2024-02-23,9101
1316,上曜,50,34,16,群益金鼎-敦南,2024-02-23,9101
1321,大洋,35,19,16,群益金鼎-敦南,2024-02-23,9101
2634,漢翔,16,1,15,群益金鼎-敦南,2024-02-23,9101
2103,台橡,15,0,15,群益金鼎-敦南,2024-02-23,9101
8112,至上,15,0,15,群益金鼎-敦南,2024-02-23,9101
00934,中信成長高股息,16,2,14,群益金鼎-敦南,2024-02-23,9101
6715,嘉基,13,0,13,群益金鼎-敦南,2024-02-23,9101
2201,裕隆,13,1,12,群益金鼎-敦南,2024-02-23,9101
00733,富邦臺灣中小,12,0,12,群益金鼎-敦南,2024-02-23,9101
00885,富邦越南,12,0,12,群益金鼎-敦南,2024-02-23,9101
1309,台達化,12,0,12,群益金鼎-敦南,2024-02-23,9101
00919,群益台灣精選高息,81,69,12,群益金鼎-敦南,2024-02-23,9101
0056,元大高股息,13,2,11,群益金鼎-敦南,2024-02-23,9101
00937B,群益ESG投等債20,483,31,452,群益金鼎-敦南,2024-02-26,9101
00795B,中信美國公債20年,170,0,170,群益金鼎-敦南,2024-02-26,9101
00929,復華台灣科技優息,116,23,93,群益金鼎-敦南,2024-02-26,9101
00878,國泰永續高股息,126,34,92,群益金鼎-敦南,2024-02-26,9101
00637L,元大滬深300正2,101,15,86,群益金鼎-敦南,2024-02-26,9101
00680L,元大美債20正2,76,0,76,群益金鼎-敦南,2024-02-26,9101
00679B,元大美債20年,89,14,75,群益金鼎-敦南,2024-02-26,9101
00919,群益台灣精選高息,73,22,51,群益金鼎-敦南,2024-02-26,9101
2634,漢翔,41,0,41,群益金鼎-敦南,2024-02-26,9101
6120,達運,40,0,40,群益金鼎-敦南,2024-02-26,9101
3515,華擎,30,0,30,群益金鼎-敦南,2024-02-26,9101
9934,成霖,30,0,30,群益金鼎-敦南,2024-02-26,9101
2359,所羅門,29,0,29,群益金鼎-敦南,2024-02-26,9101
5443,均豪,29,0,29,群益金鼎-敦南,2024-02-26,9101
2014,中鴻,28,0,28,群益金鼎-敦南,2024-02-26,9101
6237,驊訊,29,1,28,群益金鼎-敦南,2024-02-26,9101
2405,輔信,48,21,27,群益金鼎-敦南,2024-02-26,9101
6233,旺玖,29,3,26,群益金鼎-敦南,2024-02-26,9101
3227,原相,32,7,25,群益金鼎-敦南,2024-02-26,9101
00933B,國泰10Y+金融債,26,3,23,群益金鼎-敦南,2024-02-26,9101
1784,訊聯,23,1,22,群益金鼎-敦南,2024-02-26,9101
3483,力致,21,1,20,群益金鼎-敦南,2024-02-26,9101
3706,神達,23,3,20,群益金鼎-敦南,2024-02-26,9101
2465,麗臺,18,0,18,群益金鼎-敦南,2024-02-26,9101
4939,亞電,24,7,17,群益金鼎-敦南,2024-02-26,9101
2641,正德,15,0,15,群益金鼎-敦南,2024-02-26,9101
8467,波力-KY,16,1,15,群益金鼎-敦南,2024-02-26,9101
1609,大亞,21,7,14,群益金鼎-敦南,2024-02-26,9101
3380,明泰,15,1,14,群益金鼎-敦南,2024-02-26,9101
5292,華懋,12,0,12,群益金鼎-敦南,2024-02-26,9101
6217,中探針,12,1,11,群益金鼎-敦南,2024-02-26,9101
3029,零壹,10,0,10,群益金鼎-敦南,2024-02-26,9101
2515,中工,10,0,10,群益金鼎-敦南,2024-02-26,9101
6186,新潤,10,0,10,群益金鼎-敦南,2024-02-26,9101
2606,裕民,15,5,10,群益金鼎-敦南,2024-02-26,9101
1314,中石化,10,0,10,群益金鼎-敦南,2024-02-26,9101
2392,正崴,10,0,10,群益金鼎-敦南,2024-02-26,9101
3017,奇鋐,16,6,10,群益金鼎-敦南,2024-02-26,9101
3622,洋華,11,1,10,群益金鼎-敦南,2024-02-26,9101
1503,士電,25,16,9,群益金鼎-敦南,2024-02-26,9101
3141,晶宏,10,1,9,群益金鼎-敦南,2024-02-26,9101
3025,星通,21,12,9,群益金鼎-敦南,2024-02-26,9101
00857B,永豐20年美公債,9,0,9,群益金鼎-敦南,2024-02-26,9101
4109,加捷生醫,28,19,9,群益金鼎-敦南,2024-02-26,9101
3296,勝德,25,16,9,群益金鼎-敦南,2024-02-26,9101
00770,國泰北美科技,9,0,9,群益金鼎-敦南,2024-02-26,9101
6239,力成,14,5,9,群益金鼎-敦南,2024-02-26,9101
6712,長聖,14,5,9,群益金鼎-敦南,2024-02-26,9101
6167,久正,29,20,9,群益金鼎-敦南,2024-02-26,9101
2449,京元電子,16,7,9,群益金鼎-敦南,2024-02-26,9101
3372,典範,1105,4,1101,群益金鼎-敦南,2024-02-27,9101
00937B,群益ESG投等債20,285,10,275,群益金鼎-敦南,2024-02-27,9101
8926,台汽電,233,10,223,群益金鼎-敦南,2024-02-27,9101
00795B,中信美國公債20年,222,0,222,群益金鼎-敦南,2024-02-27,9101
4977,眾達-KY,141,3,138,群益金鼎-敦南,2024-02-27,9101
00878,國泰永續高股息,113,9,104,群益金鼎-敦南,2024-02-27,9101
00637L,元大滬深300正2,122,41,81,群益金鼎-敦南,2024-02-27,9101
00679B,元大美債20年,78,7,71,群益金鼎-敦南,2024-02-27,9101
3450,聯鈞,99,32,67,群益金鼎-敦南,2024-02-27,9101
4513,福裕,66,0,66,群益金鼎-敦南,2024-02-27,9101
3312,弘憶股,77,26,51,群益金鼎-敦南,2024-02-27,9101
9934,成霖,50,0,50,群益金鼎-敦南,2024-02-27,9101
00687B,國泰20年美債,60,10,50,群益金鼎-敦南,2024-02-27,9101
6125,廣運,102,52,50,群益金鼎-敦南,2024-02-27,9101
00919,群益台灣精選高息,118,68,50,群益金鼎-敦南,2024-02-27,9101
3227,原相,56,12,44,群益金鼎-敦南,2024-02-27,9101
3231,緯創,114,78,36,群益金鼎-敦南,2024-02-27,9101
00933B,國泰10Y+金融債,33,0,33,群益金鼎-敦南,2024-02-27,9101
8096,擎亞,88,57,31,群益金鼎-敦南,2024-02-27,9101
1727,中華化,50,19,31,群益金鼎-敦南,2024-02-27,9101
00632R,元大台灣50反1,110,80,30,群益金鼎-敦南,2024-02-27,9101
6785,昱展新藥,29,0,29,群益金鼎-敦南,2024-02-27,9101
00740B,富邦全球投等債,28,0,28,群益金鼎-敦南,2024-02-27,9101
3037,欣興,39,14,25,群益金鼎-敦南,2024-02-27,9101
3390,旭軟,98,73,25,群益金鼎-敦南,2024-02-27,9101
00680L,元大美債20正2,23,0,23,群益金鼎-敦南,2024-02-27,9101
1714,和桐,22,0,22,群益金鼎-敦南,2024-02-27,9101
2888,新光金,23,2,21,群益金鼎-敦南,2024-02-27,9101
2504,國產,20,0,20,群益金鼎-敦南,2024-02-27,9101
5511,德昌,20,0,20,群益金鼎-敦南,2024-02-27,9101
2634,漢翔,20,0,20,群益金鼎-敦南,2024-02-27,9101
2883,凱基金,18,0,18,群益金鼎-敦南,2024-02-27,9101
2355,敬鵬,22,4,18,群益金鼎-敦南,2024-02-27,9101
3583,辛耘,27,10,17,群益金鼎-敦南,2024-02-27,9101
3483,力致,25,8,17,群益金鼎-敦南,2024-02-27,9101
2515,中工,25,8,17,群益金鼎-敦南,2024-02-27,9101
1514,亞力,56,40,16,群益金鼎-敦南,2024-02-27,9101
5347,世界,16,0,16,群益金鼎-敦南,2024-02-27,9101
2617,台航,16,0,16,群益金鼎-敦南,2024-02-27,9101
6126,信音,80,64,16,群益金鼎-敦南,2024-02-27,9101
00918,大華優利高填息30,27,12,15,群益金鼎-敦南,2024-02-27,9101
2489,瑞軒,15,0,15,群益金鼎-敦南,2024-02-27,9101
3062,建漢,15,0,15,群益金鼎-敦南,2024-02-27,9101
4526,東台,15,0,15,群益金鼎-敦南,2024-02-27,9101
3551,世禾,21,6,15,群益金鼎-敦南,2024-02-27,9101
3581,博磊,16,1,15,群益金鼎-敦南,2024-02-27,9101
9105,泰金寶-DR,15,0,15,群益金鼎-敦南,2024-02-27,9101
1513,中興電,53,39,14,群益金鼎-敦南,2024-02-27,9101
2618,長榮航,19,5,14,群益金鼎-敦南,2024-02-27,9101
1784,訊聯,14,0,14,群益金鼎-敦南,2024-02-27,9101
00937B,群益ESG投等債20,648,60,588,群益金鼎-敦南,2024-02-29,9101
2303,聯電,406,12,394,群益金鼎-敦南,2024-02-29,9101
3231,緯創,370,121,249,群益金鼎-敦南,2024-02-29,9101
2882,國泰金,255,10,245,群益金鼎-敦南,2024-02-29,9101
2881,富邦金,201,26,175,群益金鼎-敦南,2024-02-29,9101
00919,群益台灣精選高息,146,6,140,群益金鼎-敦南,2024-02-29,9101
5488,松普,102,0,102,群益金鼎-敦南,2024-02-29,9101
00857B,永豐20年美公債,84,0,84,群益金鼎-敦南,2024-02-29,9101
1603,華電,66,2,64,群益金鼎-敦南,2024-02-29,9101
00687B,國泰20年美債,66,5,61,群益金鼎-敦南,2024-02-29,9101
00637L,元大滬深300正2,75,23,52,群益金鼎-敦南,2024-02-29,9101
1589,永冠-KY,52,0,52,群益金鼎-敦南,2024-02-29,9101
00929,復華台灣科技優息,48,2,46,群益金鼎-敦南,2024-02-29,9101
2014,中鴻,40,0,40,群益金鼎-敦南,2024-02-29,9101
2034,允強,40,0,40,群益金鼎-敦南,2024-02-29,9101
00795B,中信美國公債20年,38,0,38,群益金鼎-敦南,2024-02-29,9101
3029,零壹,43,6,37,群益金鼎-敦南,2024-02-29,9101
00680L,元大美債20正2,34,0,34,群益金鼎-敦南,2024-02-29,9101
00933B,國泰10Y+金融債,33,0,33,群益金鼎-敦南,2024-02-29,9101
00673R,期元大S＆P原油反1,32,0,32,群益金鼎-敦南,2024-02-29,9101
8271,宇瞻,47,17,30,群益金鼎-敦南,2024-02-29,9101
6120,達運,30,0,30,群益金鼎-敦南,2024-02-29,9101
8040,九暘,30,0,30,群益金鼎-敦南,2024-02-29,9101
00772B,中信高評級公司債,27,0,27,群益金鼎-敦南,2024-02-29,9101
6290,良維,36,9,27,群益金鼎-敦南,2024-02-29,9101
8277,商丞,25,0,25,群益金鼎-敦南,2024-02-29,9101
2405,輔信,35,11,24,群益金鼎-敦南,2024-02-29,9101
1514,亞力,45,23,22,群益金鼎-敦南,2024-02-29,9101
00632R,元大台灣50反1,20,0,20,群益金鼎-敦南,2024-02-29,9101
2467,志聖,21,1,20,群益金鼎-敦南,2024-02-29,9101
4157,太景*-KY,20,0,20,群益金鼎-敦南,2024-02-29,9101
00878,國泰永續高股息,22,3,19,群益金鼎-敦南,2024-02-29,9101
1513,中興電,52,35,17,群益金鼎-敦南,2024-02-29,9101
3715,定穎投控,17,0,17,群益金鼎-敦南,2024-02-29,9101
5443,均豪,58,41,17,群益金鼎-敦南,2024-02-29,9101
2884,玉山金,17,2,15,群益金鼎-敦南,2024-02-29,9101
2105,正新,15,0,15,群益金鼎-敦南,2024-02-29,9101
1609,大亞,35,20,15,群益金鼎-敦南,2024-02-29,9101
6438,迅得,17,4,13,群益金鼎-敦南,2024-02-29,9101
2409,友達,13,0,13,群益金鼎-敦南,2024-02-29,9101
00764B,群益25年美債,13,0,13,群益金鼎-敦南,2024-02-29,9101
00712,復華富時不動產,12,0,12,群益金鼎-敦南,2024-02-29,9101
3390,旭軟,13,1,12,群益金鼎-敦南,2024-02-29,9101
6182,合晶,12,0,12,群益金鼎-敦南,2024-02-29,9101
00713,元大台灣高息低波,11,0,11,群益金鼎-敦南,2024-02-29,9101
6288,聯嘉,12,1,11,群益金鼎-敦南,2024-02-29,9101
6125,廣運,84,73,11,群益金鼎-敦南,2024-02-29,9101
1522,堤維西,65,54,11,群益金鼎-敦南,2024-02-29,9101
8473,山林水,19,9,10,群益金鼎-敦南,2024-02-29,9101
1449,佳和,10,0,10,群益金鼎-敦南,2024-02-29,9101
00919,群益台灣精選高息,247,15,232,群益金鼎-敦南,2024-03-01,9101
00671R,富邦NASDAQ反1,150,0,150,群益金鼎-敦南,2024-03-01,9101
00857B,永豐20年美公債,130,0,130,群益金鼎-敦南,2024-03-01,9101
6770,力積電,145,40,105,群益金鼎-敦南,2024-03-01,9101
2017,官田鋼,100,0,100,群益金鼎-敦南,2024-03-01,9101
00913,兆豐台灣晶圓製造,80,0,80,群益金鼎-敦南,2024-03-01,9101
00929,復華台灣科技優息,98,21,77,群益金鼎-敦南,2024-03-01,9101
00687B,國泰20年美債,72,0,72,群益金鼎-敦南,2024-03-01,9101
5457,宣德,68,0,68,群益金鼎-敦南,2024-03-01,9101
8271,宇瞻,80,20,60,群益金鼎-敦南,2024-03-01,9101
2882,國泰金,53,3,50,群益金鼎-敦南,2024-03-01,9101
2881,富邦金,50,1,49,群益金鼎-敦南,2024-03-01,9101
00937B,群益ESG投等債20,122,76,46,群益金鼎-敦南,2024-03-01,9101
3312,弘憶股,49,4,45,群益金鼎-敦南,2024-03-01,9101
2330,台積電,63,21,42,群益金鼎-敦南,2024-03-01,9101
00918,大華優利高填息30,42,2,40,群益金鼎-敦南,2024-03-01,9101
2505,國揚,40,0,40,群益金鼎-敦南,2024-03-01,9101
2615,萬海,40,1,39,群益金鼎-敦南,2024-03-01,9101
9105,泰金寶-DR,35,0,35,群益金鼎-敦南,2024-03-01,9101
00680L,元大美債20正2,35,0,35,群益金鼎-敦南,2024-03-01,9101
4303,信立,52,20,32,群益金鼎-敦南,2024-03-01,9101
5488,松普,30,0,30,群益金鼎-敦南,2024-03-01,9101
5443,均豪,87,59,28,群益金鼎-敦南,2024-03-01,9101
4945,陞達科技,29,1,28,群益金鼎-敦南,2024-03-01,9101
6275,元山,30,3,27,群益金鼎-敦南,2024-03-01,9101
4714,永捷,23,0,23,群益金鼎-敦南,2024-03-01,9101
3694,海華,25,3,22,群益金鼎-敦南,2024-03-01,9101
2382,廣達,48,26,22,群益金鼎-敦南,2024-03-01,9101
1303,南亞,21,0,21,群益金鼎-敦南,2024-03-01,9101
2465,麗臺,24,3,21,群益金鼎-敦南,2024-03-01,9101
2371,大同,30,9,21,群益金鼎-敦南,2024-03-01,9101
1301,台塑,20,0,20,群益金鼎-敦南,2024-03-01,9101
1447,力鵬,20,0,20,群益金鼎-敦南,2024-03-01,9101
1227,佳格,20,0,20,群益金鼎-敦南,2024-03-01,9101
3014,聯陽,20,1,19,群益金鼎-敦南,2024-03-01,9101
4908,前鼎,72,53,19,群益金鼎-敦南,2024-03-01,9101
1316,上曜,59,43,16,群益金鼎-敦南,2024-03-01,9101
6282,康舒,18,2,16,群益金鼎-敦南,2024-03-01,9101
6126,信音,44,29,15,群益金鼎-敦南,2024-03-01,9101
2464,盟立,16,1,15,群益金鼎-敦南,2024-03-01,9101
1504,東元,24,10,14,群益金鼎-敦南,2024-03-01,9101
00933B,國泰10Y+金融債,14,0,14,群益金鼎-敦南,2024-03-01,9101
2845,遠東銀,13,0,13,群益金鼎-敦南,2024-03-01,9101
2355,敬鵬,14,1,13,群益金鼎-敦南,2024-03-01,9101
8011,台通,15,3,12,群益金鼎-敦南,2024-03-01,9101
00679B,元大美債20年,12,0,12,群益金鼎-敦南,2024-03-01,9101
00772B,中信高評級公司債,11,0,11,群益金鼎-敦南,2024-03-01,9101
3661,世芯-KY,14,3,11,群益金鼎-敦南,2024-03-01,9101
3363,上詮,39,28,11,群益金鼎-敦南,2024-03-01,9101
2489,瑞軒,11,0,11,群益金鼎-敦南,2024-03-01,9101
1513,中興電,548,31,517,群益金鼎-敦南,2024-03-04,9101
00919,群益台灣精選高息,265,28,237,群益金鼎-敦南,2024-03-04,9101
1409,新纖,200,4,196,群益金鼎-敦南,2024-03-04,9101
2330,台積電,222,45,177,群益金鼎-敦南,2024-03-04,9101
3231,緯創,267,115,152,群益金鼎-敦南,2024-03-04,9101
00632R,元大台灣50反1,102,0,102,群益金鼎-敦南,2024-03-04,9101
3338,泰碩,116,14,102,群益金鼎-敦南,2024-03-04,9101
3564,其陽,100,1,99,群益金鼎-敦南,2024-03-04,9101
00937B,群益ESG投等債20,104,6,98,群益金鼎-敦南,2024-03-04,9101
2382,廣達,120,25,95,群益金鼎-敦南,2024-03-04,9101
2376,技嘉,113,18,95,群益金鼎-敦南,2024-03-04,9101
4147,中裕,89,3,86,群益金鼎-敦南,2024-03-04,9101
00933B,國泰10Y+金融債,79,0,79,群益金鼎-敦南,2024-03-04,9101
4157,太景*-KY,80,10,70,群益金鼎-敦南,2024-03-04,9101
2419,仲琦,59,0,59,群益金鼎-敦南,2024-03-04,9101
2399,映泰,54,0,54,群益金鼎-敦南,2024-03-04,9101
5488,松普,55,5,50,群益金鼎-敦南,2024-03-04,9101
1727,中華化,50,0,50,群益金鼎-敦南,2024-03-04,9101
2355,敬鵬,43,6,37,群益金鼎-敦南,2024-03-04,9101
8147,正淩,37,2,35,群益金鼎-敦南,2024-03-04,9101
2363,矽統,37,2,35,群益金鼎-敦南,2024-03-04,9101
00680L,元大美債20正2,33,0,33,群益金鼎-敦南,2024-03-04,9101
3047,訊舟,32,0,32,群益金鼎-敦南,2024-03-04,9101
4939,亞電,30,0,30,群益金鼎-敦南,2024-03-04,9101
00673R,期元大S＆P原油反1,30,0,30,群益金鼎-敦南,2024-03-04,9101
4945,陞達科技,29,0,29,群益金鼎-敦南,2024-03-04,9101
4543,萬在,72,43,29,群益金鼎-敦南,2024-03-04,9101
5443,均豪,31,3,28,群益金鼎-敦南,2024-03-04,9101
6770,力積電,50,25,25,群益金鼎-敦南,2024-03-04,9101
2206,三陽工業,25,1,24,群益金鼎-敦南,2024-03-04,9101
3714,富采,23,0,23,群益金鼎-敦南,2024-03-04,9101
8068,全達,23,0,23,群益金鼎-敦南,2024-03-04,9101
2543,皇昌,28,5,23,群益金鼎-敦南,2024-03-04,9101
1301,台塑,22,0,22,群益金鼎-敦南,2024-03-04,9101
4906,正文,60,38,22,群益金鼎-敦南,2024-03-04,9101
00878,國泰永續高股息,34,13,21,群益金鼎-敦南,2024-03-04,9101
00665L,富邦�琤肭磪囓�2,21,0,21,群益金鼎-敦南,2024-03-04,9101
1504,東元,21,0,21,群益金鼎-敦南,2024-03-04,9101
2889,國票金,20,0,20,群益金鼎-敦南,2024-03-04,9101
5353,台林,20,0,20,群益金鼎-敦南,2024-03-04,9101
2515,中工,20,0,20,群益金鼎-敦南,2024-03-04,9101
00752,中信中國50,20,0,20,群益金鼎-敦南,2024-03-04,9101
1609,大亞,20,1,19,群益金鼎-敦南,2024-03-04,9101
2002,中鋼,23,4,19,群益金鼎-敦南,2024-03-04,9101
00679B,元大美債20年,20,2,18,群益金鼎-敦南,2024-03-04,9101
2888,新光金,17,0,17,群益金鼎-敦南,2024-03-04,9101
1582,信錦,19,3,16,群益金鼎-敦南,2024-03-04,9101
6531,愛普*,30,15,15,群益金鼎-敦南,2024-03-04,9101
8936,國統,15,1,14,群益金鼎-敦南,2024-03-04,9101
2405,輔信,20,6,14,群益金鼎-敦南,2024-03-04,9101
8034,榮群,680,41,639,群益金鼎-敦南,2024-03-05,9101
00937B,群益ESG投等債20,339,11,328,群益金鼎-敦南,2024-03-05,9101
1815,富喬,301,35,266,群益金鼎-敦南,2024-03-05,9101
00632R,元大台灣50反1,162,10,152,群益金鼎-敦南,2024-03-05,9101
2329,華泰,116,2,114,群益金鼎-敦南,2024-03-05,9101
3338,泰碩,100,0,100,群益金鼎-敦南,2024-03-05,9101
00919,群益台灣精選高息,109,18,91,群益金鼎-敦南,2024-03-05,9101
00687B,國泰20年美債,91,0,91,群益金鼎-敦南,2024-03-05,9101
00751B,元大AAA至A公司債,81,0,81,群益金鼎-敦南,2024-03-05,9101
2356,英業達,108,28,80,群益金鼎-敦南,2024-03-05,9101
00915,凱基優選高股息30,68,0,68,群益金鼎-敦南,2024-03-05,9101
1589,永冠-KY,51,0,51,群益金鼎-敦南,2024-03-05,9101
6770,力積電,51,5,46,群益金鼎-敦南,2024-03-05,9101
2355,敬鵬,43,0,43,群益金鼎-敦南,2024-03-05,9101
5443,均豪,33,0,33,群益金鼎-敦南,2024-03-05,9101
1474,弘裕,42,9,33,群益金鼎-敦南,2024-03-05,9101
6275,元山,57,25,32,群益金鼎-敦南,2024-03-05,9101
2637,慧洋-KY,31,0,31,群益金鼎-敦南,2024-03-05,9101
8147,正淩,30,0,30,群益金鼎-敦南,2024-03-05,9101
2812,台中銀,26,0,26,群益金鼎-敦南,2024-03-05,9101
2888,新光金,34,8,26,群益金鼎-敦南,2024-03-05,9101
00679B,元大美債20年,28,5,23,群益金鼎-敦南,2024-03-05,9101
00918,大華優利高填息30,21,0,21,群益金鼎-敦南,2024-03-05,9101
3088,艾訊,19,0,19,群益金鼎-敦南,2024-03-05,9101
6127,九豪,23,5,18,群益金鼎-敦南,2024-03-05,9101
3217,優群,16,0,16,群益金鼎-敦南,2024-03-05,9101
6546,正基,16,2,14,群益金鼎-敦南,2024-03-05,9101
4533,協易機,13,0,13,群益金鼎-敦南,2024-03-05,9101
2845,遠東銀,50,37,13,群益金鼎-敦南,2024-03-05,9101
00720B,元大投資級公司債,12,0,12,群益金鼎-敦南,2024-03-05,9101
2505,國揚,12,0,12,群益金鼎-敦南,2024-03-05,9101
6591,動力-KY,29,17,12,群益金鼎-敦南,2024-03-05,9101
1471,首利,11,0,11,群益金鼎-敦南,2024-03-05,9101
6160,欣技,12,1,11,群益金鼎-敦南,2024-03-05,9101
00733,富邦臺灣中小,11,0,11,群益金鼎-敦南,2024-03-05,9101
1727,中華化,12,2,10,群益金鼎-敦南,2024-03-05,9101
3481,群創,21,11,10,群益金鼎-敦南,2024-03-05,9101
8476,台境*,10,0,10,群益金鼎-敦南,2024-03-05,9101
3264,欣銓,10,0,10,群益金鼎-敦南,2024-03-05,9101
00706L,期元大S＆P日圓正2,10,0,10,群益金鼎-敦南,2024-03-05,9101
00665L,富邦�琤肭磪囓�2,10,0,10,群益金鼎-敦南,2024-03-05,9101
1227,佳格,11,1,10,群益金鼎-敦南,2024-03-05,9101
00857B,永豐20年美公債,10,0,10,群益金鼎-敦南,2024-03-05,9101
00675L,富邦臺灣加權正2,10,0,10,群益金鼎-敦南,2024-03-05,9101
3227,原相,10,0,10,群益金鼎-敦南,2024-03-05,9101
00927,群益半導體收益,10,0,10,群益金鼎-敦南,2024-03-05,9101
1605,華新,10,0,10,群益金鼎-敦南,2024-03-05,9101
6167,久正,10,0,10,群益金鼎-敦南,2024-03-05,9101
2881,富邦金,10,0,10,群益金鼎-敦南,2024-03-05,9101
1301,台塑,11,1,10,群益金鼎-敦南,2024-03-05,9101
00919,群益台灣精選高息,256,43,213,群益金鼎-敦南,2024-03-06,9101
1785,光洋科,205,5,200,群益金鼎-敦南,2024-03-06,9101
00632R,元大台灣50反1,210,40,170,群益金鼎-敦南,2024-03-06,9101
4564,元翎,155,0,155,群益金鼎-敦南,2024-03-06,9101
00929,復華台灣科技優息,256,146,110,群益金鼎-敦南,2024-03-06,9101
00918,大華優利高填息30,90,0,90,群益金鼎-敦南,2024-03-06,9101
00753L,中信中國50正2,61,2,59,群益金鼎-敦南,2024-03-06,9101
2330,台積電,68,9,59,群益金鼎-敦南,2024-03-06,9101
2515,中工,69,17,52,群益金鼎-敦南,2024-03-06,9101
00915,凱基優選高股息30,49,0,49,群益金鼎-敦南,2024-03-06,9101
2329,華泰,56,8,48,群益金鼎-敦南,2024-03-06,9101
4533,協易機,95,50,45,群益金鼎-敦南,2024-03-06,9101
2538,基泰,49,4,45,群益金鼎-敦南,2024-03-06,9101
3042,晶技,44,3,41,群益金鼎-敦南,2024-03-06,9101
3540,曜越,53,13,40,群益金鼎-敦南,2024-03-06,9101
1717,長興,45,8,37,群益金鼎-敦南,2024-03-06,9101
00937B,群益ESG投等債20,55,19,36,群益金鼎-敦南,2024-03-06,9101
00927,群益半導體收益,43,10,33,群益金鼎-敦南,2024-03-06,9101
4543,萬在,36,3,33,群益金鼎-敦南,2024-03-06,9101
1504,東元,42,10,32,群益金鼎-敦南,2024-03-06,9101
3325,旭品,60,29,31,群益金鼎-敦南,2024-03-06,9101
00687B,國泰20年美債,30,0,30,群益金鼎-敦南,2024-03-06,9101
00664R,國泰臺灣加權反1,200,170,30,群益金鼎-敦南,2024-03-06,9101
8147,正淩,29,0,29,群益金鼎-敦南,2024-03-06,9101
2611,志信,27,0,27,群益金鼎-敦南,2024-03-06,9101
2465,麗臺,25,1,24,群益金鼎-敦南,2024-03-06,9101
2405,輔信,36,12,24,群益金鼎-敦南,2024-03-06,9101
4306,炎洲,35,13,22,群益金鼎-敦南,2024-03-06,9101
5498,凱崴,27,6,21,群益金鼎-敦南,2024-03-06,9101
6117,迎廣,42,22,20,群益金鼎-敦南,2024-03-06,9101
1608,華榮,30,10,20,群益金鼎-敦南,2024-03-06,9101
4994,傳奇,20,0,20,群益金鼎-敦南,2024-03-06,9101
8476,台境*,19,0,19,群益金鼎-敦南,2024-03-06,9101
2845,遠東銀,35,16,19,群益金鼎-敦南,2024-03-06,9101
6531,愛普*,39,21,18,群益金鼎-敦南,2024-03-06,9101
8047,星雲,17,0,17,群益金鼎-敦南,2024-03-06,9101
2637,慧洋-KY,17,0,17,群益金鼎-敦南,2024-03-06,9101
2323,中環,30,13,17,群益金鼎-敦南,2024-03-06,9101
3228,金麗科,24,8,16,群益金鼎-敦南,2024-03-06,9101
2801,彰銀,15,0,15,群益金鼎-敦南,2024-03-06,9101
1727,中華化,16,1,15,群益金鼎-敦南,2024-03-06,9101
2408,南亞科,15,0,15,群益金鼎-敦南,2024-03-06,9101
8996,高力,53,39,14,群益金鼎-敦南,2024-03-06,9101
2634,漢翔,14,0,14,群益金鼎-敦南,2024-03-06,9101
2606,裕民,17,5,12,群益金鼎-敦南,2024-03-06,9101
2610,華航,13,1,12,群益金鼎-敦南,2024-03-06,9101
2882,國泰金,12,0,12,群益金鼎-敦南,2024-03-06,9101
1342,八貫,12,0,12,群益金鼎-敦南,2024-03-06,9101
5452,佶優,13,1,12,群益金鼎-敦南,2024-03-06,9101
1101,台泥,12,0,12,群益金鼎-敦南,2024-03-06,9101
0056,元大高股息,882,13,869,群益金鼎-敦南,2024-03-07,9101
6126,信音,231,36,195,群益金鼎-敦南,2024-03-07,9101
3294,英濟,174,15,159,群益金鼎-敦南,2024-03-07,9101
00937B,群益ESG投等債20,154,5,149,群益金鼎-敦南,2024-03-07,9101
1310,台苯,130,0,130,群益金鼎-敦南,2024-03-07,9101
1727,中華化,127,0,127,群益金鼎-敦南,2024-03-07,9101
8105,凌巨,133,8,125,群益金鼎-敦南,2024-03-07,9101
00919,群益台灣精選高息,164,59,105,群益金鼎-敦南,2024-03-07,9101
5426,振發,112,10,102,群益金鼎-敦南,2024-03-07,9101
2357,華碩,100,0,100,群益金鼎-敦南,2024-03-07,9101
1718,中纖,90,0,90,群益金鼎-敦南,2024-03-07,9101
3481,群創,119,38,81,群益金鼎-敦南,2024-03-07,9101
8011,台通,92,27,65,群益金鼎-敦南,2024-03-07,9101
2465,麗臺,54,0,54,群益金鼎-敦南,2024-03-07,9101
2355,敬鵬,44,3,41,群益金鼎-敦南,2024-03-07,9101
00632R,元大台灣50反1,199,160,39,群益金鼎-敦南,2024-03-07,9101
00915,凱基優選高股息30,46,9,37,群益金鼎-敦南,2024-03-07,9101
2538,基泰,40,5,35,群益金鼎-敦南,2024-03-07,9101
1815,富喬,197,165,32,群益金鼎-敦南,2024-03-07,9101
6164,華興,33,2,31,群益金鼎-敦南,2024-03-07,9101
2611,志信,28,0,28,群益金鼎-敦南,2024-03-07,9101
4743,合一,30,4,26,群益金鼎-敦南,2024-03-07,9101
6274,台燿,39,14,25,群益金鼎-敦南,2024-03-07,9101
5328,華容,25,0,25,群益金鼎-敦南,2024-03-07,9101
9921,巨大,26,2,24,群益金鼎-敦南,2024-03-07,9101
00679B,元大美債20年,24,1,23,群益金鼎-敦南,2024-03-07,9101
2388,威盛,41,18,23,群益金鼎-敦南,2024-03-07,9101
2002,中鋼,23,0,23,群益金鼎-敦南,2024-03-07,9101
6217,中探針,29,6,23,群益金鼎-敦南,2024-03-07,9101
2367,燿華,136,114,22,群益金鼎-敦南,2024-03-07,9101
9955,佳龍,25,4,21,群益金鼎-敦南,2024-03-07,9101
3217,優群,20,0,20,群益金鼎-敦南,2024-03-07,9101
1336,台翰,20,0,20,群益金鼎-敦南,2024-03-07,9101
1227,佳格,20,0,20,群益金鼎-敦南,2024-03-07,9101
4121,優盛,20,0,20,群益金鼎-敦南,2024-03-07,9101
2903,遠百,19,0,19,群益金鼎-敦南,2024-03-07,9101
6190,萬泰科,21,2,19,群益金鼎-敦南,2024-03-07,9101
00929,復華台灣科技優息,35,17,18,群益金鼎-敦南,2024-03-07,9101
4953,緯軟,20,2,18,群益金鼎-敦南,2024-03-07,9101
8110,華東,17,0,17,群益金鼎-敦南,2024-03-07,9101
4533,協易機,20,3,17,群益金鼎-敦南,2024-03-07,9101
2883,凱基金,52,35,17,群益金鼎-敦南,2024-03-07,9101
3346,麗清,16,0,16,群益金鼎-敦南,2024-03-07,9101
3709,鑫聯大投控,16,0,16,群益金鼎-敦南,2024-03-07,9101
2313,華通,42,26,16,群益金鼎-敦南,2024-03-07,9101
00687B,國泰20年美債,16,1,15,群益金鼎-敦南,2024-03-07,9101
6205,詮欣,16,1,15,群益金鼎-敦南,2024-03-07,9101
3128,昇銳,15,0,15,群益金鼎-敦南,2024-03-07,9101
6117,迎廣,39,25,14,群益金鼎-敦南,2024-03-07,9101
3325,旭品,52,38,14,群益金鼎-敦南,2024-03-07,9101
00919,群益台灣精選高息,666,181,485,群益金鼎-敦南,2024-03-08,9101
2883,凱基金,333,5,328,群益金鼎-敦南,2024-03-08,9101
3715,定穎投控,171,15,156,群益金鼎-敦南,2024-03-08,9101
00632R,元大台灣50反1,244,90,154,群益金鼎-敦南,2024-03-08,9101
6505,台塑化,101,6,95,群益金鼎-敦南,2024-03-08,9101
00934,中信成長高股息,80,10,70,群益金鼎-敦南,2024-03-08,9101
2515,中工,73,3,70,群益金鼎-敦南,2024-03-08,9101
00918,大華優利高填息30,67,6,61,群益金鼎-敦南,2024-03-08,9101
00937B,群益ESG投等債20,145,84,61,群益金鼎-敦南,2024-03-08,9101
2538,基泰,55,0,55,群益金鼎-敦南,2024-03-08,9101
00664R,國泰臺灣加權反1,50,0,50,群益金鼎-敦南,2024-03-08,9101
2845,遠東銀,57,9,48,群益金鼎-敦南,2024-03-08,9101
9934,成霖,43,0,43,群益金鼎-敦南,2024-03-08,9101
00751B,元大AAA至A公司債,42,0,42,群益金鼎-敦南,2024-03-08,9101
2611,志信,41,2,39,群益金鼎-敦南,2024-03-08,9101
5483,中美晶,63,25,38,群益金鼎-敦南,2024-03-08,9101
5498,凱崴,118,80,38,群益金鼎-敦南,2024-03-08,9101
6274,台燿,83,48,35,群益金鼎-敦南,2024-03-08,9101
1815,富喬,86,52,34,群益金鼎-敦南,2024-03-08,9101
3709,鑫聯大投控,34,0,34,群益金鼎-敦南,2024-03-08,9101
2344,華邦電,38,5,33,群益金鼎-敦南,2024-03-08,9101
00885,富邦越南,48,15,33,群益金鼎-敦南,2024-03-08,9101
00687B,國泰20年美債,32,0,32,群益金鼎-敦南,2024-03-08,9101
2317,鴻海,39,7,32,群益金鼎-敦南,2024-03-08,9101
3363,上詮,35,3,32,群益金鼎-敦南,2024-03-08,9101
2603,長榮,72,43,29,群益金鼎-敦南,2024-03-08,9101
1727,中華化,30,2,28,群益金鼎-敦南,2024-03-08,9101
3481,群創,29,5,24,群益金鼎-敦南,2024-03-08,9101
3294,英濟,31,8,23,群益金鼎-敦南,2024-03-08,9101
6164,華興,25,2,23,群益金鼎-敦南,2024-03-08,9101
1316,上曜,71,51,20,群益金鼎-敦南,2024-03-08,9101
2889,國票金,22,2,20,群益金鼎-敦南,2024-03-08,9101
8234,新漢,20,0,20,群益金鼎-敦南,2024-03-08,9101
9958,世紀鋼,21,1,20,群益金鼎-敦南,2024-03-08,9101
2606,裕民,20,0,20,群益金鼎-敦南,2024-03-08,9101
2412,中華電,19,0,19,群益金鼎-敦南,2024-03-08,9101
2457,飛宏,23,6,17,群益金鼎-敦南,2024-03-08,9101
6182,合晶,42,26,16,群益金鼎-敦南,2024-03-08,9101
3703,欣陸,15,0,15,群益金鼎-敦南,2024-03-08,9101
6285,啟��,19,5,14,群益金鼎-敦南,2024-03-08,9101
3217,優群,16,2,14,群益金鼎-敦南,2024-03-08,9101
2547,日勝生,14,0,14,群益金鼎-敦南,2024-03-08,9101
6143,振曜,30,16,14,群益金鼎-敦南,2024-03-08,9101
2330,台積電,95,81,14,群益金鼎-敦南,2024-03-08,9101
2356,英業達,29,17,12,群益金鼎-敦南,2024-03-08,9101
6016,康和證,40,28,12,群益金鼎-敦南,2024-03-08,9101
00830,國泰費城半導體,12,0,12,群益金鼎-敦南,2024-03-08,9101
2201,裕隆,29,17,12,群益金鼎-敦南,2024-03-08,9101
2543,皇昌,18,7,11,群益金鼎-敦南,2024-03-08,9101
00933B,國泰10Y+金融債,11,0,11,群益金鼎-敦南,2024-03-08,9101
2883,凱基金,308,66,242,群益金鼎-敦南,2024-03-11,9101
00751B,元大AAA至A公司債,131,0,131,群益金鼎-敦南,2024-03-11,9101
8936,國統,128,5,123,群益金鼎-敦南,2024-03-11,9101
4714,永捷,100,2,98,群益金鼎-敦南,2024-03-11,9101
3715,定穎投控,113,17,96,群益金鼎-敦南,2024-03-11,9101
00918,大華優利高填息30,92,0,92,群益金鼎-敦南,2024-03-11,9101
3707,漢磊,102,41,61,群益金鼎-敦南,2024-03-11,9101
2344,華邦電,70,21,49,群益金鼎-敦南,2024-03-11,9101
2611,志信,47,0,47,群益金鼎-敦南,2024-03-11,9101
00919,群益台灣精選高息,228,185,43,群益金鼎-敦南,2024-03-11,9101
00680L,元大美債20正2,42,0,42,群益金鼎-敦南,2024-03-11,9101
1727,中華化,40,0,40,群益金鼎-敦南,2024-03-11,9101
4207,環泰,40,0,40,群益金鼎-敦南,2024-03-11,9101
2303,聯電,53,18,35,群益金鼎-敦南,2024-03-11,9101
00679B,元大美債20年,33,0,33,群益金鼎-敦南,2024-03-11,9101
00857B,永豐20年美公債,33,0,33,群益金鼎-敦南,2024-03-11,9101
5703,亞都,32,0,32,群益金鼎-敦南,2024-03-11,9101
00782B,國泰A級公用債,30,0,30,群益金鼎-敦南,2024-03-11,9101
2538,基泰,29,0,29,群益金鼎-敦南,2024-03-11,9101
2317,鴻海,99,71,28,群益金鼎-敦南,2024-03-11,9101
3363,上詮,29,2,27,群益金鼎-敦南,2024-03-11,9101
00687B,國泰20年美債,27,0,27,群益金鼎-敦南,2024-03-11,9101
1815,富喬,43,18,25,群益金鼎-敦南,2024-03-11,9101
1524,耿鼎,32,7,25,群益金鼎-敦南,2024-03-11,9101
00915,凱基優選高股息30,25,0,25,群益金鼎-敦南,2024-03-11,9101
1457,宜進,22,0,22,群益金鼎-敦南,2024-03-11,9101
00795B,中信美國公債20年,21,0,21,群益金鼎-敦南,2024-03-11,9101
2603,長榮,39,19,20,群益金鼎-敦南,2024-03-11,9101
2365,昆盈,22,2,20,群益金鼎-敦南,2024-03-11,9101
2881,富邦金,20,0,20,群益金鼎-敦南,2024-03-11,9101
00937B,群益ESG投等債20,85,65,20,群益金鼎-敦南,2024-03-11,9101
3078,僑威,20,1,19,群益金鼎-敦南,2024-03-11,9101
2718,全心投控,19,0,19,群益金鼎-敦南,2024-03-11,9101
4908,前鼎,18,0,18,群益金鼎-敦南,2024-03-11,9101
5292,華懋,18,0,18,群益金鼎-敦南,2024-03-11,9101
2528,皇普,20,3,17,群益金鼎-敦南,2024-03-11,9101
8227,巨有科技,17,0,17,群益金鼎-敦南,2024-03-11,9101
00934,中信成長高股息,17,0,17,群益金鼎-敦南,2024-03-11,9101
00645,富邦日本,16,0,16,群益金鼎-敦南,2024-03-11,9101
1734,杏輝,15,0,15,群益金鼎-敦南,2024-03-11,9101
1301,台塑,18,6,12,群益金鼎-敦南,2024-03-11,9101
4513,福裕,17,5,12,群益金鼎-敦南,2024-03-11,9101
6770,力積電,11,0,11,群益金鼎-敦南,2024-03-11,9101
6275,元山,16,5,11,群益金鼎-敦南,2024-03-11,9101
1514,亞力,16,5,11,群益金鼎-敦南,2024-03-11,9101
3217,優群,11,0,11,群益金鼎-敦南,2024-03-11,9101
2618,長榮航,13,2,11,群益金鼎-敦南,2024-03-11,9101
1319,東陽,11,0,11,群益金鼎-敦南,2024-03-11,9101
3481,群創,12,1,11,群益金鼎-敦南,2024-03-11,9101
3702,大聯大,25,14,11,群益金鼎-敦南,2024-03-11,9101
3715,定穎投控,188,15,173,群益金鼎-敦南,2024-03-12,9101
2204,中華,158,19,139,群益金鼎-敦南,2024-03-12,9101
00751B,元大AAA至A公司債,101,0,101,群益金鼎-敦南,2024-03-12,9101
00720B,元大投資級公司債,101,0,101,群益金鼎-敦南,2024-03-12,9101
00918,大華優利高填息30,77,2,75,群益金鼎-敦南,2024-03-12,9101
00687B,國泰20年美債,68,1,67,群益金鼎-敦南,2024-03-12,9101
6164,華興,65,0,65,群益金鼎-敦南,2024-03-12,9101
00937B,群益ESG投等債20,79,20,59,群益金鼎-敦南,2024-03-12,9101
2834,臺企銀,115,58,57,群益金鼎-敦南,2024-03-12,9101
2329,華泰,54,1,53,群益金鼎-敦南,2024-03-12,9101
00696B,富邦美債20年,60,10,50,群益金鼎-敦南,2024-03-12,9101
8926,台汽電,47,10,37,群益金鼎-敦南,2024-03-12,9101
3013,晟銘電,36,0,36,群益金鼎-敦南,2024-03-12,9101
3062,建漢,40,4,36,群益金鼎-敦南,2024-03-12,9101
00779B,凱基美債25+,30,0,30,群益金鼎-敦南,2024-03-12,9101
6120,達運,74,44,30,群益金鼎-敦南,2024-03-12,9101
2605,新興,30,1,29,群益金鼎-敦南,2024-03-12,9101
00929,復華台灣科技優息,79,50,29,群益金鼎-敦南,2024-03-12,9101
2889,國票金,30,2,28,群益金鼎-敦南,2024-03-12,9101
8099,大世科,37,9,28,群益金鼎-敦南,2024-03-12,9101
2890,永豐金,27,0,27,群益金鼎-敦南,2024-03-12,9101
2606,裕民,26,0,26,群益金鼎-敦南,2024-03-12,9101
2101,南港,26,0,26,群益金鼎-敦南,2024-03-12,9101
3016,嘉晶,53,27,26,群益金鼎-敦南,2024-03-12,9101
00764B,群益25年美債,26,0,26,群益金鼎-敦南,2024-03-12,9101
00700,富邦�琤肭磪�,25,0,25,群益金鼎-敦南,2024-03-12,9101
2611,志信,34,10,24,群益金鼎-敦南,2024-03-12,9101
1473,台南,23,0,23,群益金鼎-敦南,2024-03-12,9101
00753L,中信中國50正2,21,0,21,群益金鼎-敦南,2024-03-12,9101
2538,基泰,20,0,20,群益金鼎-敦南,2024-03-12,9101
2838,聯邦銀,20,0,20,群益金鼎-敦南,2024-03-12,9101
00740B,富邦全球投等債,20,0,20,群益金鼎-敦南,2024-03-12,9101
1909,榮成,20,0,20,群益金鼎-敦南,2024-03-12,9101
6275,元山,26,8,18,群益金鼎-敦南,2024-03-12,9101
00885,富邦越南,18,0,18,群益金鼎-敦南,2024-03-12,9101
9933,中鼎,17,1,16,群益金鼎-敦南,2024-03-12,9101
8112,至上,32,17,15,群益金鼎-敦南,2024-03-12,9101
00679B,元大美債20年,15,0,15,群益金鼎-敦南,2024-03-12,9101
3372,典範,15,0,15,群益金鼎-敦南,2024-03-12,9101
2408,南亞科,15,0,15,群益金鼎-敦南,2024-03-12,9101
2618,長榮航,21,6,15,群益金鼎-敦南,2024-03-12,9101
00933B,國泰10Y+金融債,14,0,14,群益金鼎-敦南,2024-03-12,9101
2371,大同,16,2,14,群益金鼎-敦南,2024-03-12,9101
1522,堤維西,21,8,13,群益金鼎-敦南,2024-03-12,9101
1618,合機,36,23,13,群益金鼎-敦南,2024-03-12,9101
3706,神達,30,18,12,群益金鼎-敦南,2024-03-12,9101
1442,名軒,12,0,12,群益金鼎-敦南,2024-03-12,9101
3581,博磊,12,0,12,群益金鼎-敦南,2024-03-12,9101
2543,皇昌,34,22,12,群益金鼎-敦南,2024-03-12,9101
00637L,元大滬深300正2,20,8,12,群益金鼎-敦南,2024-03-12,9101
1609,大亞,709,23,686,群益金鼎-敦南,2024-03-13,9101
00919,群益台灣精選高息,708,140,568,群益金鼎-敦南,2024-03-13,9101
2330,台積電,430,4,426,群益金鼎-敦南,2024-03-13,9101
00929,復華台灣科技優息,275,62,213,群益金鼎-敦南,2024-03-13,9101
3169,亞信,105,0,105,群益金鼎-敦南,2024-03-13,9101
00937B,群益ESG投等債20,108,7,101,群益金鼎-敦南,2024-03-13,9101
00671R,富邦NASDAQ反1,100,0,100,群益金鼎-敦南,2024-03-13,9101
00650L,復華香港正2,100,0,100,群益金鼎-敦南,2024-03-13,9101
2515,中工,90,0,90,群益金鼎-敦南,2024-03-13,9101
00857B,永豐20年美公債,81,0,81,群益金鼎-敦南,2024-03-13,9101
00687B,國泰20年美債,79,1,78,群益金鼎-敦南,2024-03-13,9101
3540,曜越,75,15,60,群益金鼎-敦南,2024-03-13,9101
00918,大華優利高填息30,70,22,48,群益金鼎-敦南,2024-03-13,9101
1608,華榮,65,22,43,群益金鼎-敦南,2024-03-13,9101
2457,飛宏,42,1,41,群益金鼎-敦南,2024-03-13,9101
3483,力致,42,1,41,群益金鼎-敦南,2024-03-13,9101
6182,合晶,45,5,40,群益金鼎-敦南,2024-03-13,9101
2408,南亞科,37,0,37,群益金鼎-敦南,2024-03-13,9101
00632R,元大台灣50反1,145,110,35,群益金鼎-敦南,2024-03-13,9101
00740B,富邦全球投等債,30,0,30,群益金鼎-敦南,2024-03-13,9101
8429,金麗-KY,30,0,30,群益金鼎-敦南,2024-03-13,9101
3231,緯創,66,37,29,群益金鼎-敦南,2024-03-13,9101
3376,新日興,29,1,28,群益金鼎-敦南,2024-03-13,9101
3294,英濟,35,7,28,群益金鼎-敦南,2024-03-13,9101
2609,陽明,34,7,27,群益金鼎-敦南,2024-03-13,9101
00764B,群益25年美債,27,0,27,群益金鼎-敦南,2024-03-13,9101
00885,富邦越南,27,1,26,群益金鼎-敦南,2024-03-13,9101
6227,茂綸,25,0,25,群益金鼎-敦南,2024-03-13,9101
00753L,中信中國50正2,25,0,25,群益金鼎-敦南,2024-03-13,9101
8401,白紗科,25,1,24,群益金鼎-敦南,2024-03-13,9101
9958,世紀鋼,29,6,23,群益金鼎-敦南,2024-03-13,9101
2611,志信,25,3,22,群益金鼎-敦南,2024-03-13,9101
00878,國泰永續高股息,30,9,21,群益金鼎-敦南,2024-03-13,9101
6164,華興,24,4,20,群益金鼎-敦南,2024-03-13,9101
6126,信音,28,9,19,群益金鼎-敦南,2024-03-13,9101
2317,鴻海,116,98,18,群益金鼎-敦南,2024-03-13,9101
2464,盟立,58,40,18,群益金鼎-敦南,2024-03-13,9101
2838,聯邦銀,20,2,18,群益金鼎-敦南,2024-03-13,9101
2476,鉅祥,18,2,16,群益金鼎-敦南,2024-03-13,9101
8099,大世科,17,2,15,群益金鼎-敦南,2024-03-13,9101
8105,凌巨,15,0,15,群益金鼎-敦南,2024-03-13,9101
3715,定穎投控,22,7,15,群益金鼎-敦南,2024-03-13,9101
3017,奇鋐,48,33,15,群益金鼎-敦南,2024-03-13,9101
00679B,元大美債20年,14,0,14,群益金鼎-敦南,2024-03-13,9101
6592,和潤企業,13,0,13,群益金鼎-敦南,2024-03-13,9101
2359,所羅門,14,1,13,群益金鼎-敦南,2024-03-13,9101
1603,華電,13,0,13,群益金鼎-敦南,2024-03-13,9101
2352,佳世達,13,0,13,群益金鼎-敦南,2024-03-13,9101
2356,英業達,31,19,12,群益金鼎-敦南,2024-03-13,9101
00795B,中信美國公債20年,12,0,12,群益金鼎-敦南,2024-03-13,9101
1809,中釉,181,1,180,群益金鼎-敦南,2024-03-14,9101
00919,群益台灣精選高息,469,329,140,群益金鼎-敦南,2024-03-14,9101
2882,國泰金,433,298,135,群益金鼎-敦南,2024-03-14,9101
2618,長榮航,137,16,121,群益金鼎-敦南,2024-03-14,9101
2538,基泰,110,0,110,群益金鼎-敦南,2024-03-14,9101
8112,至上,105,6,99,群益金鼎-敦南,2024-03-14,9101
00933B,國泰10Y+金融債,81,0,81,群益金鼎-敦南,2024-03-14,9101
00857B,永豐20年美公債,80,0,80,群益金鼎-敦南,2024-03-14,9101
00673R,期元大S＆P原油反1,80,0,80,群益金鼎-敦南,2024-03-14,9101
00937B,群益ESG投等債20,66,0,66,群益金鼎-敦南,2024-03-14,9101
00687B,國泰20年美債,57,0,57,群益金鼎-敦南,2024-03-14,9101
2515,中工,55,0,55,群益金鼎-敦南,2024-03-14,9101
2603,長榮,104,54,50,群益金鼎-敦南,2024-03-14,9101
00764B,群益25年美債,43,0,43,群益金鼎-敦南,2024-03-14,9101
6535,順藥,43,0,43,群益金鼎-敦南,2024-03-14,9101
8011,台通,72,33,39,群益金鼎-敦南,2024-03-14,9101
6165,浪凡,40,1,39,群益金鼎-敦南,2024-03-14,9101
2489,瑞軒,38,0,38,群益金鼎-敦南,2024-03-14,9101
2356,英業達,48,13,35,群益金鼎-敦南,2024-03-14,9101
4906,正文,34,1,33,群益金鼎-敦南,2024-03-14,9101
6217,中探針,32,0,32,群益金鼎-敦南,2024-03-14,9101
9925,新保,31,0,31,群益金鼎-敦南,2024-03-14,9101
4909,新復興,30,0,30,群益金鼎-敦南,2024-03-14,9101
1733,五鼎,30,0,30,群益金鼎-敦南,2024-03-14,9101
3617,碩天,29,0,29,群益金鼎-敦南,2024-03-14,9101
2889,國票金,94,66,28,群益金鼎-敦南,2024-03-14,9101
3005,神基,51,24,27,群益金鼎-敦南,2024-03-14,9101
00918,大華優利高填息30,31,6,25,群益金鼎-敦南,2024-03-14,9101
9945,潤泰新,22,0,22,群益金鼎-敦南,2024-03-14,9101
3029,零壹,22,0,22,群益金鼎-敦南,2024-03-14,9101
3372,典範,27,5,22,群益金鼎-敦南,2024-03-14,9101
2355,敬鵬,23,3,20,群益金鼎-敦南,2024-03-14,9101
3483,力致,21,3,18,群益金鼎-敦南,2024-03-14,9101
2883,凱基金,45,28,17,群益金鼎-敦南,2024-03-14,9101
6442,光聖,17,0,17,群益金鼎-敦南,2024-03-14,9101
2405,輔信,25,8,17,群益金鼎-敦南,2024-03-14,9101
00934,中信成長高股息,16,0,16,群益金鼎-敦南,2024-03-14,9101
2888,新光金,24,8,16,群益金鼎-敦南,2024-03-14,9101
3017,奇鋐,26,10,16,群益金鼎-敦南,2024-03-14,9101
00915,凱基優選高股息30,29,14,15,群益金鼎-敦南,2024-03-14,9101
2382,廣達,19,4,15,群益金鼎-敦南,2024-03-14,9101
1312,國喬,15,0,15,群益金鼎-敦南,2024-03-14,9101
00864B,中信美國公債0-1,15,0,15,群益金鼎-敦南,2024-03-14,9101
00680L,元大美債20正2,15,0,15,群益金鼎-敦南,2024-03-14,9101
9904,寶成,20,5,15,群益金鼎-敦南,2024-03-14,9101
2353,宏��,18,3,15,群益金鼎-敦南,2024-03-14,9101
6279,胡連,13,0,13,群益金鼎-敦南,2024-03-14,9101
2892,第一金,13,0,13,群益金鼎-敦南,2024-03-14,9101
00878,國泰永續高股息,18,6,12,群益金鼎-敦南,2024-03-14,9101
3036,文曄,12,0,12,群益金鼎-敦南,2024-03-14,9101
00929,復華台灣科技優息,223,16,207,群益金鼎-敦南,2024-03-15,9101
00632R,元大台灣50反1,184,20,164,群益金鼎-敦南,2024-03-15,9101
2330,台積電,147,5,142,群益金鼎-敦南,2024-03-15,9101
00937B,群益ESG投等債20,129,0,129,群益金鼎-敦南,2024-03-15,9101
00687B,國泰20年美債,101,1,100,群益金鼎-敦南,2024-03-15,9101
2382,廣達,116,30,86,群益金鼎-敦南,2024-03-15,9101
00933B,國泰10Y+金融債,71,0,71,群益金鼎-敦南,2024-03-15,9101
5515,建國,121,50,71,群益金鼎-敦南,2024-03-15,9101
2618,長榮航,69,3,66,群益金鼎-敦南,2024-03-15,9101
00764B,群益25年美債,57,0,57,群益金鼎-敦南,2024-03-15,9101
00915,凱基優選高股息30,57,0,57,群益金鼎-敦南,2024-03-15,9101
00720B,元大投資級公司債,54,1,53,群益金鼎-敦南,2024-03-15,9101
2542,興富發,51,0,51,群益金鼎-敦南,2024-03-15,9101
2376,技嘉,69,23,46,群益金鼎-敦南,2024-03-15,9101
2809,京城銀,50,4,46,群益金鼎-敦南,2024-03-15,9101
2888,新光金,53,8,45,群益金鼎-敦南,2024-03-15,9101
00941,中信上游半導體,44,0,44,群益金鼎-敦南,2024-03-15,9101
00919,群益台灣精選高息,281,237,44,群益金鼎-敦南,2024-03-15,9101
00688L,國泰20年美債正2,40,0,40,群益金鼎-敦南,2024-03-15,9101
00753L,中信中國50正2,40,0,40,群益金鼎-敦南,2024-03-15,9101
00878,國泰永續高股息,43,5,38,群益金鼎-敦南,2024-03-15,9101
3312,弘憶股,40,3,37,群益金鼎-敦南,2024-03-15,9101
00751B,元大AAA至A公司債,34,1,33,群益金鼎-敦南,2024-03-15,9101
2883,凱基金,35,2,33,群益金鼎-敦南,2024-03-15,9101
2417,圓剛,33,0,33,群益金鼎-敦南,2024-03-15,9101
6165,浪凡,31,0,31,群益金鼎-敦南,2024-03-15,9101
8996,高力,32,2,30,群益金鼎-敦南,2024-03-15,9101
2882,國泰金,36,7,29,群益金鼎-敦南,2024-03-15,9101
2515,中工,28,1,27,群益金鼎-敦南,2024-03-15,9101
1609,大亞,67,42,25,群益金鼎-敦南,2024-03-15,9101
5386,青雲,27,2,25,群益金鼎-敦南,2024-03-15,9101
00679B,元大美債20年,30,5,25,群益金鼎-敦南,2024-03-15,9101
3481,群創,51,27,24,群益金鼎-敦南,2024-03-15,9101
00857B,永豐20年美公債,23,0,23,群益金鼎-敦南,2024-03-15,9101
00918,大華優利高填息30,24,2,22,群益金鼎-敦南,2024-03-15,9101
6125,廣運,25,3,22,群益金鼎-敦南,2024-03-15,9101
2610,華航,20,0,20,群益金鼎-敦南,2024-03-15,9101
6163,華電網,20,0,20,群益金鼎-敦南,2024-03-15,9101
9904,寶成,22,2,20,群益金鼎-敦南,2024-03-15,9101
00680L,元大美債20正2,18,0,18,群益金鼎-敦南,2024-03-15,9101
1524,耿鼎,16,0,16,群益金鼎-敦南,2024-03-15,9101
3703,欣陸,16,0,16,群益金鼎-敦南,2024-03-15,9101
2329,華泰,18,3,15,群益金鼎-敦南,2024-03-15,9101
3141,晶宏,21,6,15,群益金鼎-敦南,2024-03-15,9101
3231,緯創,35,20,15,群益金鼎-敦南,2024-03-15,9101
3438,類比科,75,61,14,群益金鼎-敦南,2024-03-15,9101
1303,南亞,15,2,13,群益金鼎-敦南,2024-03-15,9101
00795B,中信美國公債20年,13,0,13,群益金鼎-敦南,2024-03-15,9101
1513,中興電,57,45,12,群益金鼎-敦南,2024-03-15,9101
2356,英業達,20,8,12,群益金鼎-敦南,2024-03-15,9101
2382,廣達,418,16,402,群益金鼎-敦南,2024-03-18,9101
2330,台積電,305,13,292,群益金鼎-敦南,2024-03-18,9101
00929,復華台灣科技優息,256,9,247,群益金鼎-敦南,2024-03-18,9101
8936,國統,121,4,117,群益金鼎-敦南,2024-03-18,9101
00937B,群益ESG投等債20,112,1,111,群益金鼎-敦南,2024-03-18,9101
00857B,永豐20年美公債,108,0,108,群益金鼎-敦南,2024-03-18,9101
00720B,元大投資級公司債,107,0,107,群益金鼎-敦南,2024-03-18,9101
00687B,國泰20年美債,79,0,79,群益金鼎-敦南,2024-03-18,9101
2105,正新,79,11,68,群益金鼎-敦南,2024-03-18,9101
00941,中信上游半導體,66,0,66,群益金鼎-敦南,2024-03-18,9101
00679B,元大美債20年,58,12,46,群益金鼎-敦南,2024-03-18,9101
2884,玉山金,48,3,45,群益金鼎-敦南,2024-03-18,9101
00632R,元大台灣50反1,40,0,40,群益金鼎-敦南,2024-03-18,9101
8996,高力,44,12,32,群益金鼎-敦南,2024-03-18,9101
3322,建舜電,30,1,29,群益金鼎-敦南,2024-03-18,9101
00933B,國泰10Y+金融債,27,0,27,群益金鼎-敦南,2024-03-18,9101
8064,東捷,51,26,25,群益金鼎-敦南,2024-03-18,9101
4532,瑞智,26,1,25,群益金鼎-敦南,2024-03-18,9101
00637L,元大滬深300正2,45,20,25,群益金鼎-敦南,2024-03-18,9101
00719B,元大美債1-3,24,0,24,群益金鼎-敦南,2024-03-18,9101
00751B,元大AAA至A公司債,23,0,23,群益金鼎-敦南,2024-03-18,9101
2317,鴻海,92,70,22,群益金鼎-敦南,2024-03-18,9101
00918,大華優利高填息30,224,203,21,群益金鼎-敦南,2024-03-18,9101
4534,慶騰,20,0,20,群益金鼎-敦南,2024-03-18,9101
00642U,期元大S＆P石油,20,0,20,群益金鼎-敦南,2024-03-18,9101
00688L,國泰20年美債正2,20,0,20,群益金鼎-敦南,2024-03-18,9101
2838A,聯邦銀甲特,20,0,20,群益金鼎-敦南,2024-03-18,9101
2610,華航,20,0,20,群益金鼎-敦南,2024-03-18,9101
2449,京元電子,48,30,18,群益金鼎-敦南,2024-03-18,9101
00725B,國泰投資級公司債,18,0,18,群益金鼎-敦南,2024-03-18,9101
3231,緯創,34,17,17,群益金鼎-敦南,2024-03-18,9101
2609,陽明,15,0,15,群益金鼎-敦南,2024-03-18,9101
3540,曜越,15,0,15,群益金鼎-敦南,2024-03-18,9101
00680L,元大美債20正2,15,0,15,群益金鼎-敦南,2024-03-18,9101
2888,新光金,14,0,14,群益金鼎-敦南,2024-03-18,9101
2303,聯電,16,3,13,群益金鼎-敦南,2024-03-18,9101
00795B,中信美國公債20年,12,0,12,群益金鼎-敦南,2024-03-18,9101
3294,英濟,75,63,12,群益金鼎-敦南,2024-03-18,9101
2328,廣宇,12,0,12,群益金鼎-敦南,2024-03-18,9101
3483,力致,14,2,12,群益金鼎-敦南,2024-03-18,9101
00764B,群益25年美債,12,0,12,群益金鼎-敦南,2024-03-18,9101
2367,燿華,33,21,12,群益金鼎-敦南,2024-03-18,9101
3264,欣銓,21,9,12,群益金鼎-敦南,2024-03-18,9101
6176,瑞儀,11,0,11,群益金鼎-敦南,2024-03-18,9101
00885,富邦越南,11,0,11,群益金鼎-敦南,2024-03-18,9101
00772B,中信高評級公司債,11,0,11,群益金鼎-敦南,2024-03-18,9101
1101,台泥,12,2,10,群益金鼎-敦南,2024-03-18,9101
4164,承業醫,12,2,10,群益金鼎-敦南,2024-03-18,9101
00864B,中信美國公債0-1,10,0,10,群益金鼎-敦南,2024-03-18,9101
2201,裕隆,11,1,10,群益金鼎-敦南,2024-03-18,9101
00687B,國泰20年美債,186,3,183,群益金鼎-敦南,2024-03-19,9101
00712,復華富時不動產,100,0,100,群益金鼎-敦南,2024-03-19,9101
00857B,永豐20年美公債,82,0,82,群益金鼎-敦南,2024-03-19,9101
2105,正新,80,0,80,群益金鼎-敦南,2024-03-19,9101
2317,鴻海,151,72,79,群益金鼎-敦南,2024-03-19,9101
00720B,元大投資級公司債,67,0,67,群益金鼎-敦南,2024-03-19,9101
2464,盟立,91,30,61,群益金鼎-敦南,2024-03-19,9101
6535,順藥,45,1,44,群益金鼎-敦南,2024-03-19,9101
00665L,富邦�琤肭磪囓�2,40,0,40,群益金鼎-敦南,2024-03-19,9101
4157,太景*-KY,40,0,40,群益金鼎-敦南,2024-03-19,9101
4908,前鼎,44,5,39,群益金鼎-敦南,2024-03-19,9101
2834,臺企銀,41,6,35,群益金鼎-敦南,2024-03-19,9101
00933B,國泰10Y+金融債,55,20,35,群益金鼎-敦南,2024-03-19,9101
00679B,元大美債20年,33,1,32,群益金鼎-敦南,2024-03-19,9101
2374,佳能,31,2,29,群益金鼎-敦南,2024-03-19,9101
4906,正文,44,20,24,群益金鼎-敦南,2024-03-19,9101
6290,良維,47,23,24,群益金鼎-敦南,2024-03-19,9101
2476,鉅祥,24,0,24,群益金鼎-敦南,2024-03-19,9101
00927,群益半導體收益,21,0,21,群益金鼎-敦南,2024-03-19,9101
00885,富邦越南,20,0,20,群益金鼎-敦南,2024-03-19,9101
00680L,元大美債20正2,20,0,20,群益金鼎-敦南,2024-03-19,9101
1513,中興電,46,27,19,群益金鼎-敦南,2024-03-19,9101
6546,正基,23,4,19,群益金鼎-敦南,2024-03-19,9101
00923,群益台ESG低碳50,19,0,19,群益金鼎-敦南,2024-03-19,9101
3704,合勤控,18,0,18,群益金鼎-敦南,2024-03-19,9101
2371,大同,24,6,18,群益金鼎-敦南,2024-03-19,9101
00941,中信上游半導體,16,0,16,群益金鼎-敦南,2024-03-19,9101
1457,宜進,16,0,16,群益金鼎-敦南,2024-03-19,9101
6425,易發,32,16,16,群益金鼎-敦南,2024-03-19,9101
2355,敬鵬,28,12,16,群益金鼎-敦南,2024-03-19,9101
6005,群益證,15,0,15,群益金鼎-敦南,2024-03-19,9101
5315,光聯,15,0,15,群益金鼎-敦南,2024-03-19,9101
00931B,統一美債20年,15,0,15,群益金鼎-敦南,2024-03-19,9101
2367,燿華,59,45,14,群益金鼎-敦南,2024-03-19,9101
3017,奇鋐,41,27,14,群益金鼎-敦南,2024-03-19,9101
2337,旺宏,15,1,14,群益金鼎-敦南,2024-03-19,9101
8473,山林水,13,0,13,群益金鼎-敦南,2024-03-19,9101
00887,永豐中國科技50大,13,0,13,群益金鼎-敦南,2024-03-19,9101
3010,華立,14,1,13,群益金鼎-敦南,2024-03-19,9101
2630,亞航,12,0,12,群益金鼎-敦南,2024-03-19,9101
2230,泰茂,12,0,12,群益金鼎-敦南,2024-03-19,9101
9904,寶成,15,4,11,群益金鼎-敦南,2024-03-19,9101
2812,台中銀,10,0,10,群益金鼎-敦南,2024-03-19,9101
3041,揚智,11,1,10,群益金鼎-敦南,2024-03-19,9101
2718,全心投控,10,0,10,群益金鼎-敦南,2024-03-19,9101
4513,福裕,10,0,10,群益金鼎-敦南,2024-03-19,9101
00930,永豐ESG低碳高息,10,0,10,群益金鼎-敦南,2024-03-19,9101
00937B,群益ESG投等債20,62,52,10,群益金鼎-敦南,2024-03-19,9101
5515,建國,10,0,10,群益金鼎-敦南,2024-03-19,9101
1815,富喬,10,0,10,群益金鼎-敦南,2024-03-19,9101
5483,中美晶,611,15,596,群益金鼎-敦南,2024-03-20,9101
2382,廣達,328,10,318,群益金鼎-敦南,2024-03-20,9101
00937B,群益ESG投等債20,285,17,268,群益金鼎-敦南,2024-03-20,9101
2356,英業達,190,5,185,群益金鼎-敦南,2024-03-20,9101
00919,群益台灣精選高息,492,335,157,群益金鼎-敦南,2024-03-20,9101
2888,新光金,109,20,89,群益金鼎-敦南,2024-03-20,9101
00720B,元大投資級公司債,89,10,79,群益金鼎-敦南,2024-03-20,9101
3481,群創,59,2,57,群益金鼎-敦南,2024-03-20,9101
4938,和碩,70,30,40,群益金鼎-敦南,2024-03-20,9101
3231,緯創,67,28,39,群益金鼎-敦南,2024-03-20,9101
4157,太景*-KY,35,0,35,群益金鼎-敦南,2024-03-20,9101
2618,長榮航,34,0,34,群益金鼎-敦南,2024-03-20,9101
2362,藍天,36,4,32,群益金鼎-敦南,2024-03-20,9101
3694,海華,42,11,31,群益金鼎-敦南,2024-03-20,9101
6290,良維,41,11,30,群益金鼎-敦南,2024-03-20,9101
6770,力積電,25,0,25,群益金鼎-敦南,2024-03-20,9101
2891,中信金,64,39,25,群益金鼎-敦南,2024-03-20,9101
2303,聯電,45,22,23,群益金鼎-敦南,2024-03-20,9101
6546,正基,21,0,21,群益金鼎-敦南,2024-03-20,9101
4908,前鼎,22,2,20,群益金鼎-敦南,2024-03-20,9101
2836,高雄銀,20,0,20,群益金鼎-敦南,2024-03-20,9101
1227,佳格,20,0,20,群益金鼎-敦南,2024-03-20,9101
8092,建暐,20,0,20,群益金鼎-敦南,2024-03-20,9101
2354,鴻準,45,25,20,群益金鼎-敦南,2024-03-20,9101
00930,永豐ESG低碳高息,27,8,19,群益金鼎-敦南,2024-03-20,9101
2347,聯強,19,0,19,群益金鼎-敦南,2024-03-20,9101
2367,燿華,57,39,18,群益金鼎-敦南,2024-03-20,9101
4127,天良,19,1,18,群益金鼎-敦南,2024-03-20,9101
5386,青雲,19,2,17,群益金鼎-敦南,2024-03-20,9101
2834,臺企銀,21,5,16,群益金鼎-敦南,2024-03-20,9101
2609,陽明,20,4,16,群益金鼎-敦南,2024-03-20,9101
4303,信立,15,0,15,群益金鼎-敦南,2024-03-20,9101
00637L,元大滬深300正2,35,20,15,群益金鼎-敦南,2024-03-20,9101
5011,久陽,13,0,13,群益金鼎-敦南,2024-03-20,9101
9935,慶豐富,13,0,13,群益金鼎-敦南,2024-03-20,9101
3029,零壹,18,6,12,群益金鼎-敦南,2024-03-20,9101
2420,新巨,12,0,12,群益金鼎-敦南,2024-03-20,9101
6288,聯嘉,12,0,12,群益金鼎-敦南,2024-03-20,9101
4138,曜亞,12,0,12,群益金鼎-敦南,2024-03-20,9101
2313,華通,29,17,12,群益金鼎-敦南,2024-03-20,9101
00679B,元大美債20年,22,11,11,群益金鼎-敦南,2024-03-20,9101
00941,中信上游半導體,21,10,11,群益金鼎-敦南,2024-03-20,9101
6164,華興,11,0,11,群益金鼎-敦南,2024-03-20,9101
6143,振曜,11,0,11,群益金鼎-敦南,2024-03-20,9101
6742,澤米,10,0,10,群益金鼎-敦南,2024-03-20,9101
6117,迎廣,13,3,10,群益金鼎-敦南,2024-03-20,9101
9921,巨大,10,0,10,群益金鼎-敦南,2024-03-20,9101
1447,力鵬,10,0,10,群益金鼎-敦南,2024-03-20,9101
00665L,富邦�琤肭磪囓�2,10,0,10,群益金鼎-敦南,2024-03-20,9101
2867,三商壽,10,0,10,群益金鼎-敦南,2024-03-20,9101
00720B,元大投資級公司債,154,0,154,群益金鼎-敦南,2024-03-21,9101
00937B,群益ESG投等債20,132,0,132,群益金鼎-敦南,2024-03-21,9101
8936,國統,110,4,106,群益金鼎-敦南,2024-03-21,9101
1101,台泥,120,23,97,群益金鼎-敦南,2024-03-21,9101
00687B,國泰20年美債,75,0,75,群益金鼎-敦南,2024-03-21,9101
00857B,永豐20年美公債,73,0,73,群益金鼎-敦南,2024-03-21,9101
2317,鴻海,148,87,61,群益金鼎-敦南,2024-03-21,9101
2301,光寶科,64,12,52,群益金鼎-敦南,2024-03-21,9101
2838,聯邦銀,50,0,50,群益金鼎-敦南,2024-03-21,9101
2903,遠百,50,1,49,群益金鼎-敦南,2024-03-21,9101
9958,世紀鋼,48,2,46,群益金鼎-敦南,2024-03-21,9101
00679B,元大美債20年,42,0,42,群益金鼎-敦南,2024-03-21,9101
8271,宇瞻,50,10,40,群益金鼎-敦南,2024-03-21,9101
5515,建國,38,1,37,群益金鼎-敦南,2024-03-21,9101
00941,中信上游半導體,43,6,37,群益金鼎-敦南,2024-03-21,9101
2515,中工,38,5,33,群益金鼎-敦南,2024-03-21,9101
6274,台燿,39,7,32,群益金鼎-敦南,2024-03-21,9101
00751B,元大AAA至A公司債,31,0,31,群益金鼎-敦南,2024-03-21,9101
00900,富邦特選高股息30,33,2,31,群益金鼎-敦南,2024-03-21,9101
2105,正新,31,0,31,群益金鼎-敦南,2024-03-21,9101
00633L,富邦上証正2,30,0,30,群益金鼎-敦南,2024-03-21,9101
5386,青雲,28,2,26,群益金鼎-敦南,2024-03-21,9101
3231,緯創,35,10,25,群益金鼎-敦南,2024-03-21,9101
6207,雷科,21,1,20,群益金鼎-敦南,2024-03-21,9101
00891,中信關鍵半導體,20,1,19,群益金鼎-敦南,2024-03-21,9101
0056,元大高股息,25,6,19,群益金鼎-敦南,2024-03-21,9101
2834,臺企銀,21,2,19,群益金鼎-敦南,2024-03-21,9101
4915,致伸,17,1,16,群益金鼎-敦南,2024-03-21,9101
6235,華孚,17,2,15,群益金鼎-敦南,2024-03-21,9101
2454,聯發科,15,0,15,群益金鼎-敦南,2024-03-21,9101
2356,英業達,33,18,15,群益金鼎-敦南,2024-03-21,9101
3322,建舜電,15,1,14,群益金鼎-敦南,2024-03-21,9101
00680L,元大美債20正2,18,4,14,群益金鼎-敦南,2024-03-21,9101
2206,三陽工業,16,3,13,群益金鼎-敦南,2024-03-21,9101
6443,元晶,14,2,12,群益金鼎-敦南,2024-03-21,9101
6164,華興,12,0,12,群益金鼎-敦南,2024-03-21,9101
00887,永豐中國科技50大,12,0,12,群益金鼎-敦南,2024-03-21,9101
2359,所羅門,18,6,12,群益金鼎-敦南,2024-03-21,9101
2383,台光電,21,9,12,群益金鼎-敦南,2024-03-21,9101
3515,華擎,18,6,12,群益金鼎-敦南,2024-03-21,9101
3005,神基,73,62,11,群益金鼎-敦南,2024-03-21,9101
00764B,群益25年美債,21,10,11,群益金鼎-敦南,2024-03-21,9101
3704,合勤控,28,17,11,群益金鼎-敦南,2024-03-21,9101
2618,長榮航,11,0,11,群益金鼎-敦南,2024-03-21,9101
4973,廣穎,12,2,10,群益金鼎-敦南,2024-03-21,9101
2485,兆赫,10,0,10,群益金鼎-敦南,2024-03-21,9101
1313,聯成,10,0,10,群益金鼎-敦南,2024-03-21,9101
2915,潤泰全,11,1,10,群益金鼎-敦南,2024-03-21,9101
00697B,元大美債7-10,10,0,10,群益金鼎-敦南,2024-03-21,9101
8110,華東,67,57,10,群益金鼎-敦南,2024-03-21,9101
00937B,群益ESG投等債20,585,7,578,群益金鼎-敦南,2024-03-22,9101
1101,台泥,552,0,552,群益金鼎-敦南,2024-03-22,9101
00720B,元大投資級公司債,152,33,119,群益金鼎-敦南,2024-03-22,9101
00939,統一台灣高息動能,205,90,115,群益金鼎-敦南,2024-03-22,9101
2344,華邦電,126,59,67,群益金鼎-敦南,2024-03-22,9101
00687B,國泰20年美債,67,6,61,群益金鼎-敦南,2024-03-22,9101
2105,正新,60,1,59,群益金鼎-敦南,2024-03-22,9101
2838,聯邦銀,50,1,49,群益金鼎-敦南,2024-03-22,9101
00941,中信上游半導體,49,7,42,群益金鼎-敦南,2024-03-22,9101
00919,群益台灣精選高息,346,307,39,群益金鼎-敦南,2024-03-22,9101
8112,至上,79,42,37,群益金鼎-敦南,2024-03-22,9101
6770,力積電,50,15,35,群益金鼎-敦南,2024-03-22,9101
8084,巨虹,35,0,35,群益金鼎-敦南,2024-03-22,9101
2317,鴻海,74,42,32,群益金鼎-敦南,2024-03-22,9101
00632R,元大台灣50反1,30,0,30,群益金鼎-敦南,2024-03-22,9101
00650L,復華香港正2,30,0,30,群益金鼎-敦南,2024-03-22,9101
6269,台郡,30,2,28,群益金鼎-敦南,2024-03-22,9101
8227,巨有科技,28,0,28,群益金鼎-敦南,2024-03-22,9101
6005,群益證,39,11,28,群益金鼎-敦南,2024-03-22,9101
2834,臺企銀,26,0,26,群益金鼎-敦南,2024-03-22,9101
00878,國泰永續高股息,55,29,26,群益金鼎-敦南,2024-03-22,9101
2515,中工,40,14,26,群益金鼎-敦南,2024-03-22,9101
4903,聯光通,25,0,25,群益金鼎-敦南,2024-03-22,9101
2354,鴻準,75,52,23,群益金鼎-敦南,2024-03-22,9101
00915,凱基優選高股息30,23,0,23,群益金鼎-敦南,2024-03-22,9101
6275,元山,23,1,22,群益金鼎-敦南,2024-03-22,9101
2886,兆豐金,22,1,21,群益金鼎-敦南,2024-03-22,9101
3260,威剛,24,4,20,群益金鼎-敦南,2024-03-22,9101
00857B,永豐20年美公債,20,0,20,群益金鼎-敦南,2024-03-22,9101
9941,裕融,20,1,19,群益金鼎-敦南,2024-03-22,9101
3005,神基,59,41,18,群益金鼎-敦南,2024-03-22,9101
6274,台燿,31,14,17,群益金鼎-敦南,2024-03-22,9101
6187,萬潤,16,1,15,群益金鼎-敦南,2024-03-22,9101
1319,東陽,22,7,15,群益金鼎-敦南,2024-03-22,9101
8069,元太,17,3,14,群益金鼎-敦南,2024-03-22,9101
5469,瀚宇博,26,12,14,群益金鼎-敦南,2024-03-22,9101
2323,中環,14,0,14,群益金鼎-敦南,2024-03-22,9101
8150,南茂,13,0,13,群益金鼎-敦南,2024-03-22,9101
3704,合勤控,55,42,13,群益金鼎-敦南,2024-03-22,9101
6126,信音,16,3,13,群益金鼎-敦南,2024-03-22,9101
3715,定穎投控,13,0,13,群益金鼎-敦南,2024-03-22,9101
3581,博磊,28,15,13,群益金鼎-敦南,2024-03-22,9101
00665L,富邦�琤肭磪囓�2,43,30,13,群益金鼎-敦南,2024-03-22,9101
00927,群益半導體收益,12,0,12,群益金鼎-敦南,2024-03-22,9101
2882,國泰金,17,5,12,群益金鼎-敦南,2024-03-22,9101
3708,上緯投控,77,65,12,群益金鼎-敦南,2024-03-22,9101
6189,豐藝,20,8,12,群益金鼎-敦南,2024-03-22,9101
2303,聯電,24,13,11,群益金鼎-敦南,2024-03-22,9101
2337,旺宏,15,4,11,群益金鼎-敦南,2024-03-22,9101
2630,亞航,11,0,11,群益金鼎-敦南,2024-03-22,9101
00937B,群益ESG投等債20,560,11,549,群益金鼎-敦南,2024-03-25,9101
2356,英業達,176,61,115,群益金鼎-敦南,2024-03-25,9101
8084,巨虹,100,0,100,群益金鼎-敦南,2024-03-25,9101
00919,群益台灣精選高息,118,23,95,群益金鼎-敦南,2024-03-25,9101
6806,森崴能源,103,12,91,群益金鼎-敦南,2024-03-25,9101
2376,技嘉,92,10,82,群益金鼎-敦南,2024-03-25,9101
00725B,國泰投資級公司債,80,0,80,群益金鼎-敦南,2024-03-25,9101
00857B,永豐20年美公債,78,0,78,群益金鼎-敦南,2024-03-25,9101
00939,統一台灣高息動能,107,35,72,群益金鼎-敦南,2024-03-25,9101
00929,復華台灣科技優息,66,5,61,群益金鼎-敦南,2024-03-25,9101
00941,中信上游半導體,93,39,54,群益金鼎-敦南,2024-03-25,9101
2449,京元電子,85,32,53,群益金鼎-敦南,2024-03-25,9101
8473,山林水,50,0,50,群益金鼎-敦南,2024-03-25,9101
2317,鴻海,65,16,49,群益金鼎-敦南,2024-03-25,9101
1609,大亞,429,390,39,群益金鼎-敦南,2024-03-25,9101
1529,樂事綠能,50,18,32,群益金鼎-敦南,2024-03-25,9101
6275,元山,30,2,28,群益金鼎-敦南,2024-03-25,9101
3704,合勤控,30,4,26,群益金鼎-敦南,2024-03-25,9101
00764B,群益25年美債,35,10,25,群益金鼎-敦南,2024-03-25,9101
2301,光寶科,32,9,23,群益金鼎-敦南,2024-03-25,9101
2889,國票金,24,1,23,群益金鼎-敦南,2024-03-25,9101
2903,遠百,50,28,22,群益金鼎-敦南,2024-03-25,9101
8054,安國,40,18,22,群益金鼎-敦南,2024-03-25,9101
3005,神基,36,15,21,群益金鼎-敦南,2024-03-25,9101
2704,國賓,20,0,20,群益金鼎-敦南,2024-03-25,9101
2105,正新,19,0,19,群益金鼎-敦南,2024-03-25,9101
3622,洋華,25,7,18,群益金鼎-敦南,2024-03-25,9101
3231,緯創,45,27,18,群益金鼎-敦南,2024-03-25,9101
2498,宏達電,45,28,17,群益金鼎-敦南,2024-03-25,9101
2888,新光金,18,1,17,群益金鼎-敦南,2024-03-25,9101
00907,永豐優息存股,17,0,17,群益金鼎-敦南,2024-03-25,9101
9935,慶豐富,16,0,16,群益金鼎-敦南,2024-03-25,9101
1522,堤維西,15,0,15,群益金鼎-敦南,2024-03-25,9101
3338,泰碩,15,0,15,群益金鼎-敦南,2024-03-25,9101
5876,上海商銀,14,0,14,群益金鼎-敦南,2024-03-25,9101
1785,光洋科,14,1,13,群益金鼎-敦南,2024-03-25,9101
3706,神達,31,19,12,群益金鼎-敦南,2024-03-25,9101
2352,佳世達,12,0,12,群益金鼎-敦南,2024-03-25,9101
3518,柏騰,12,0,12,群益金鼎-敦南,2024-03-25,9101
3059,華晶科,25,14,11,群益金鼎-敦南,2024-03-25,9101
00632R,元大台灣50反1,11,0,11,群益金鼎-敦南,2024-03-25,9101
2367,燿華,39,28,11,群益金鼎-敦南,2024-03-25,9101
8936,國統,12,1,11,群益金鼎-敦南,2024-03-25,9101
6187,萬潤,11,0,11,群益金鼎-敦南,2024-03-25,9101
2645,長榮航太,11,0,11,群益金鼎-敦南,2024-03-25,9101
8085,福華,11,0,11,群益金鼎-敦南,2024-03-25,9101
3013,晟銘電,13,2,11,群益金鼎-敦南,2024-03-25,9101
00878,國泰永續高股息,11,0,11,群益金鼎-敦南,2024-03-25,9101
4533,協易機,11,0,11,群益金鼎-敦南,2024-03-25,9101
6414,樺漢,23,13,10,群益金鼎-敦南,2024-03-25,9101
00937B,群益ESG投等債20,387,0,387,群益金鼎-敦南,2024-03-26,9101
2376,技嘉,117,18,99,群益金鼎-敦南,2024-03-26,9101
2367,燿華,108,23,85,群益金鼎-敦南,2024-03-26,9101
00929,復華台灣科技優息,91,15,76,群益金鼎-敦南,2024-03-26,9101
4938,和碩,81,12,69,群益金鼎-敦南,2024-03-26,9101
00939,統一台灣高息動能,302,243,59,群益金鼎-敦南,2024-03-26,9101
3481,群創,63,10,53,群益金鼎-敦南,2024-03-26,9101
6806,森崴能源,98,46,52,群益金鼎-敦南,2024-03-26,9101
2382,廣達,76,27,49,群益金鼎-敦南,2024-03-26,9101
2337,旺宏,62,13,49,群益金鼎-敦南,2024-03-26,9101
3231,緯創,88,45,43,群益金鼎-敦南,2024-03-26,9101
1815,富喬,56,18,38,群益金鼎-敦南,2024-03-26,9101
7402,邑錡,66,34,32,群益金鼎-敦南,2024-03-26,9101
00941,中信上游半導體,86,56,30,群益金鼎-敦南,2024-03-26,9101
00679B,元大美債20年,54,25,29,群益金鼎-敦南,2024-03-26,9101
5493,三聯,28,0,28,群益金鼎-敦南,2024-03-26,9101
1504,東元,50,23,27,群益金鼎-敦南,2024-03-26,9101
2883,凱基金,30,3,27,群益金鼎-敦南,2024-03-26,9101
2889,國票金,26,0,26,群益金鼎-敦南,2024-03-26,9101
4714,永捷,25,0,25,群益金鼎-敦南,2024-03-26,9101
3294,英濟,37,13,24,群益金鼎-敦南,2024-03-26,9101
2313,華通,34,11,23,群益金鼎-敦南,2024-03-26,9101
2417,圓剛,28,6,22,群益金鼎-敦南,2024-03-26,9101
2515,中工,33,12,21,群益金鼎-敦南,2024-03-26,9101
00882,中信中國高股息,20,0,20,群益金鼎-敦南,2024-03-26,9101
5203,訊連,20,0,20,群益金鼎-敦南,2024-03-26,9101
6179,亞通,76,57,19,群益金鼎-敦南,2024-03-26,9101
8086,宏捷科,19,2,17,群益金鼎-敦南,2024-03-26,9101
2891,中信金,21,5,16,群益金鼎-敦南,2024-03-26,9101
5310,天剛,15,0,15,群益金鼎-敦南,2024-03-26,9101
2359,所羅門,85,71,14,群益金鼎-敦南,2024-03-26,9101
3228,金麗科,16,2,14,群益金鼎-敦南,2024-03-26,9101
4979,華星光,13,0,13,群益金鼎-敦南,2024-03-26,9101
5871,中租-KY,13,0,13,群益金鼎-敦南,2024-03-26,9101
5284,jpp-KY,13,0,13,群益金鼎-敦南,2024-03-26,9101
3005,神基,23,10,13,群益金鼎-敦南,2024-03-26,9101
2344,華邦電,13,0,13,群益金鼎-敦南,2024-03-26,9101
6541,泰福-KY,13,0,13,群益金鼎-敦南,2024-03-26,9101
5371,中光電,13,0,13,群益金鼎-敦南,2024-03-26,9101
1582,信錦,13,0,13,群益金鼎-敦南,2024-03-26,9101
1618,合機,63,50,13,群益金鼎-敦南,2024-03-26,9101
6163,華電網,12,0,12,群益金鼎-敦南,2024-03-26,9101
6288,聯嘉,12,0,12,群益金鼎-敦南,2024-03-26,9101
2354,鴻準,12,1,11,群益金鼎-敦南,2024-03-26,9101
6005,群益證,11,0,11,群益金鼎-敦南,2024-03-26,9101
3029,零壹,10,0,10,群益金鼎-敦南,2024-03-26,9101
4303,信立,17,7,10,群益金鼎-敦南,2024-03-26,9101
3479,安勤,13,3,10,群益金鼎-敦南,2024-03-26,9101
1734,杏輝,10,0,10,群益金鼎-敦南,2024-03-26,9101
00770,國泰北美科技,10,0,10,群益金鼎-敦南,2024-03-26,9101
00937B,群益ESG投等債20,559,0,559,群益金鼎-敦南,2024-03-27,9101
8112,至上,132,3,129,群益金鼎-敦南,2024-03-27,9101
2317,鴻海,163,48,115,群益金鼎-敦南,2024-03-27,9101
3703,欣陸,42,0,42,群益金鼎-敦南,2024-03-27,9101
2630,亞航,51,10,41,群益金鼎-敦南,2024-03-27,9101
00939,統一台灣高息動能,62,24,38,群益金鼎-敦南,2024-03-27,9101
00720B,元大投資級公司債,33,0,33,群益金鼎-敦南,2024-03-27,9101
00650L,復華香港正2,30,0,30,群益金鼎-敦南,2024-03-27,9101
2547,日勝生,30,1,29,群益金鼎-敦南,2024-03-27,9101
2303,聯電,27,2,25,群益金鼎-敦南,2024-03-27,9101
2913,農林,26,1,25,群益金鼎-敦南,2024-03-27,9101
00918,大華優利高填息30,23,0,23,群益金鼎-敦南,2024-03-27,9101
00941,中信上游半導體,27,7,20,群益金鼎-敦南,2024-03-27,9101
00700,富邦�琤肭磪�,20,0,20,群益金鼎-敦南,2024-03-27,9101
3013,晟銘電,102,83,19,群益金鼎-敦南,2024-03-27,9101
1808,潤隆,35,17,18,群益金鼎-敦南,2024-03-27,9101
1316,上曜,32,14,18,群益金鼎-敦南,2024-03-27,9101
6005,群益證,18,0,18,群益金鼎-敦南,2024-03-27,9101
2301,光寶科,67,50,17,群益金鼎-敦南,2024-03-27,9101
3481,群創,17,1,16,群益金鼎-敦南,2024-03-27,9101
6188,廣明,17,2,15,群益金鼎-敦南,2024-03-27,9101
5521,工信,17,2,15,群益金鼎-敦南,2024-03-27,9101
6806,森崴能源,15,0,15,群益金鼎-敦南,2024-03-27,9101
5351,鈺創,22,8,14,群益金鼎-敦南,2024-03-27,9101
00933B,國泰10Y+金融債,14,0,14,群益金鼎-敦南,2024-03-27,9101
2106,建大,14,0,14,群益金鼎-敦南,2024-03-27,9101
1504,東元,17,4,13,群益金鼎-敦南,2024-03-27,9101
1527,鑽全,13,0,13,群益金鼎-敦南,2024-03-27,9101
8105,凌巨,13,0,13,群益金鼎-敦南,2024-03-27,9101
2308,台達電,19,7,12,群益金鼎-敦南,2024-03-27,9101
4147,中裕,12,0,12,群益金鼎-敦南,2024-03-27,9101
3338,泰碩,12,0,12,群益金鼎-敦南,2024-03-27,9101
00751B,元大AAA至A公司債,12,0,12,群益金鼎-敦南,2024-03-27,9101
2801,彰銀,12,0,12,群益金鼎-敦南,2024-03-27,9101
3036,文曄,12,1,11,群益金鼎-敦南,2024-03-27,9101
3715,定穎投控,12,1,11,群益金鼎-敦南,2024-03-27,9101
6292,迅德,11,0,11,群益金鼎-敦南,2024-03-27,9101
2542,興富發,11,0,11,群益金鼎-敦南,2024-03-27,9101
00923,群益台ESG低碳50,10,0,10,群益金鼎-敦南,2024-03-27,9101
1220,台榮,10,0,10,群益金鼎-敦南,2024-03-27,9101
4529,淳紳,10,0,10,群益金鼎-敦南,2024-03-27,9101
3686,達能,10,0,10,群益金鼎-敦南,2024-03-27,9101
8487,愛爾達-創,10,0,10,群益金鼎-敦南,2024-03-27,9101
00908,富邦入息REITs+,10,0,10,群益金鼎-敦南,2024-03-27,9101
2028,威致,10,0,10,群益金鼎-敦南,2024-03-27,9101
3712,永崴投控,10,0,10,群益金鼎-敦南,2024-03-27,9101
1513,中興電,32,22,10,群益金鼎-敦南,2024-03-27,9101
1603,華電,97,88,9,群益金鼎-敦南,2024-03-27,9101
00885,富邦越南,9,0,9,群益金鼎-敦南,2024-03-27,9101
2376,技嘉,12,4,8,群益金鼎-敦南,2024-03-27,9101
00937B,群益ESG投等債20,290,2,288,群益金鼎-敦南,2024-03-28,9101
2838,聯邦銀,100,0,100,群益金鼎-敦南,2024-03-28,9101
2883,凱基金,106,9,97,群益金鼎-敦南,2024-03-28,9101
2356,英業達,118,40,78,群益金鼎-敦南,2024-03-28,9101
1725,元禎,62,3,59,群益金鼎-敦南,2024-03-28,9101
2888,新光金,51,5,46,群益金鼎-敦南,2024-03-28,9101
6005,群益證,39,1,38,群益金鼎-敦南,2024-03-28,9101
00857B,永豐20年美公債,50,12,38,群益金鼎-敦南,2024-03-28,9101
8110,華東,44,12,32,群益金鼎-敦南,2024-03-28,9101
3294,英濟,40,8,32,群益金鼎-敦南,2024-03-28,9101
1909,榮成,30,0,30,群益金鼎-敦南,2024-03-28,9101
00941,中信上游半導體,30,1,29,群益金鼎-敦南,2024-03-28,9101
2892,第一金,27,0,27,群益金鼎-敦南,2024-03-28,9101
2301,光寶科,30,3,27,群益金鼎-敦南,2024-03-28,9101
3005,神基,49,22,27,群益金鼎-敦南,2024-03-28,9101
2328,廣宇,42,15,27,群益金鼎-敦南,2024-03-28,9101
00795B,中信美國公債20年,30,3,27,群益金鼎-敦南,2024-03-28,9101
00650L,復華香港正2,30,10,20,群益金鼎-敦南,2024-03-28,9101
2002,中鋼,20,0,20,群益金鼎-敦南,2024-03-28,9101
3059,華晶科,20,1,19,群益金鼎-敦南,2024-03-28,9101
2303,聯電,23,5,18,群益金鼎-敦南,2024-03-28,9101
3706,神達,39,22,17,群益金鼎-敦南,2024-03-28,9101
1609,大亞,38,22,16,群益金鼎-敦南,2024-03-28,9101
4306,炎洲,17,1,16,群益金鼎-敦南,2024-03-28,9101
1513,中興電,25,10,15,群益金鼎-敦南,2024-03-28,9101
1618,合機,18,3,15,群益金鼎-敦南,2024-03-28,9101
5488,松普,15,0,15,群益金鼎-敦南,2024-03-28,9101
2603,長榮,28,13,15,群益金鼎-敦南,2024-03-28,9101
00713,元大台灣高息低波,15,1,14,群益金鼎-敦南,2024-03-28,9101
6164,華興,14,0,14,群益金鼎-敦南,2024-03-28,9101
5512,力麒,25,11,14,群益金鼎-敦南,2024-03-28,9101
5521,工信,13,0,13,群益金鼎-敦南,2024-03-28,9101
6806,森崴能源,23,10,13,群益金鼎-敦南,2024-03-28,9101
3062,建漢,195,182,13,群益金鼎-敦南,2024-03-28,9101
2347,聯強,12,0,12,群益金鼎-敦南,2024-03-28,9101
00885,富邦越南,20,9,11,群益金鼎-敦南,2024-03-28,9101
5876,上海商銀,11,0,11,群益金鼎-敦南,2024-03-28,9101
1734,杏輝,11,0,11,群益金鼎-敦南,2024-03-28,9101
3686,達能,11,0,11,群益金鼎-敦南,2024-03-28,9101
6275,元山,10,0,10,群益金鼎-敦南,2024-03-28,9101
6906,現觀科,10,0,10,群益金鼎-敦南,2024-03-28,9101
4958,臻鼎-KY,16,6,10,群益金鼎-敦南,2024-03-28,9101
2889,國票金,10,0,10,群益金鼎-敦南,2024-03-28,9101
5511,德昌,10,0,10,群益金鼎-敦南,2024-03-28,9101
3508,位速,10,0,10,群益金鼎-敦南,2024-03-28,9101
4903,聯光通,10,0,10,群益金鼎-敦南,2024-03-28,9101
2610,華航,11,1,10,群益金鼎-敦南,2024-03-28,9101
4933,友輝,10,0,10,群益金鼎-敦南,2024-03-28,9101
1615,大山,10,0,10,群益金鼎-敦南,2024-03-28,9101
2845,遠東銀,9,0,9,群益金鼎-敦南,2024-03-28,9101
00937B,群益ESG投等債20,245,50,195,群益金鼎-敦南,2024-03-29,9101
00929,復華台灣科技優息,227,53,174,群益金鼎-敦南,2024-03-29,9101
00919,群益台灣精選高息,167,23,144,群益金鼎-敦南,2024-03-29,9101
2603,長榮,197,75,122,群益金鼎-敦南,2024-03-29,9101
4958,臻鼎-KY,78,3,75,群益金鼎-敦南,2024-03-29,9101
2889,國票金,65,0,65,群益金鼎-敦南,2024-03-29,9101
3704,合勤控,60,10,50,群益金鼎-敦南,2024-03-29,9101
2317,鴻海,84,42,42,群益金鼎-敦南,2024-03-29,9101
3686,達能,40,0,40,群益金鼎-敦南,2024-03-29,9101
1309,台達化,40,1,39,群益金鼎-敦南,2024-03-29,9101
2324,仁寶,46,9,37,群益金鼎-敦南,2024-03-29,9101
3325,旭品,37,1,36,群益金鼎-敦南,2024-03-29,9101
2903,遠百,30,0,30,群益金鼎-敦南,2024-03-29,9101
3360,尚立,30,0,30,群益金鼎-敦南,2024-03-29,9101
2409,友達,30,1,29,群益金鼎-敦南,2024-03-29,9101
1815,富喬,44,16,28,群益金鼎-敦南,2024-03-29,9101
3013,晟銘電,173,146,27,群益金鼎-敦南,2024-03-29,9101
5471,松翰,27,0,27,群益金鼎-敦南,2024-03-29,9101
1616,億泰,27,3,24,群益金鼎-敦南,2024-03-29,9101
6462,神盾,36,12,24,群益金鼎-敦南,2024-03-29,9101
6129,普誠,51,28,23,群益金鼎-敦南,2024-03-29,9101
2034,允強,23,0,23,群益金鼎-敦南,2024-03-29,9101
6284,佳邦,23,0,23,群益金鼎-敦南,2024-03-29,9101
2328,廣宇,23,1,22,群益金鼎-敦南,2024-03-29,9101
2354,鴻準,36,16,20,群益金鼎-敦南,2024-03-29,9101
6187,萬潤,20,0,20,群益金鼎-敦南,2024-03-29,9101
2314,台揚,20,0,20,群益金鼎-敦南,2024-03-29,9101
2838A,聯邦銀甲特,20,0,20,群益金鼎-敦南,2024-03-29,9101
00885,富邦越南,18,0,18,群益金鼎-敦南,2024-03-29,9101
4127,天良,20,2,18,群益金鼎-敦南,2024-03-29,9101
6219,富旺,16,0,16,群益金鼎-敦南,2024-03-29,9101
1609,大亞,21,6,15,群益金鼎-敦南,2024-03-29,9101
5292,華懋,15,0,15,群益金鼎-敦南,2024-03-29,9101
6170,統振,15,0,15,群益金鼎-敦南,2024-03-29,9101
6416,瑞祺電通,20,5,15,群益金鼎-敦南,2024-03-29,9101
6806,森崴能源,21,6,15,群益金鼎-敦南,2024-03-29,9101
2906,高林,15,1,14,群益金鼎-敦南,2024-03-29,9101
3312,弘憶股,55,41,14,群益金鼎-敦南,2024-03-29,9101
1227,佳格,14,0,14,群益金鼎-敦南,2024-03-29,9101
2543,皇昌,15,1,14,群益金鼎-敦南,2024-03-29,9101
3706,神達,27,14,13,群益金鼎-敦南,2024-03-29,9101
4915,致伸,39,26,13,群益金鼎-敦南,2024-03-29,9101
3036,文曄,13,0,13,群益金鼎-敦南,2024-03-29,9101
2374,佳能,22,10,12,群益金鼎-敦南,2024-03-29,9101
8349,�矬�,12,0,12,群益金鼎-敦南,2024-03-29,9101
2492,華新科,15,3,12,群益金鼎-敦南,2024-03-29,9101
9105,泰金寶-DR,17,5,12,群益金鼎-敦南,2024-03-29,9101
00927,群益半導體收益,12,1,11,群益金鼎-敦南,2024-03-29,9101
00939,統一台灣高息動能,23,12,11,群益金鼎-敦南,2024-03-29,9101
2371,大同,41,30,11,群益金鼎-敦南,2024-03-29,9101
00940,元大台灣價值高息,617,329,288,群益金鼎-敦南,2024-04-01,9101
00937B,群益ESG投等債20,255,55,200,群益金鼎-敦南,2024-04-01,9101
00919,群益台灣精選高息,149,9,140,群益金鼎-敦南,2024-04-01,9101
6213,聯茂,159,36,123,群益金鼎-敦南,2024-04-01,9101
3231,緯創,158,61,97,群益金鼎-敦南,2024-04-01,9101
00929,復華台灣科技優息,84,0,84,群益金鼎-敦南,2024-04-01,9101
8349,�矬�,83,0,83,群益金鼎-敦南,2024-04-01,9101
2889,國票金,81,0,81,群益金鼎-敦南,2024-04-01,9101
2903,遠百,70,0,70,群益金鼎-敦南,2024-04-01,9101
2337,旺宏,60,0,60,群益金鼎-敦南,2024-04-01,9101
5880,合庫金,51,0,51,群益金鼎-敦南,2024-04-01,9101
2034,允強,47,0,47,群益金鼎-敦南,2024-04-01,9101
1309,台達化,46,0,46,群益金鼎-敦南,2024-04-01,9101
3036,文曄,46,1,45,群益金鼎-敦南,2024-04-01,9101
2891,中信金,43,2,41,群益金鼎-敦南,2024-04-01,9101
5225,東科-KY,43,3,40,群益金鼎-敦南,2024-04-01,9101
00939,統一台灣高息動能,38,4,34,群益金鼎-敦南,2024-04-01,9101
00720B,元大投資級公司債,32,0,32,群益金鼎-敦南,2024-04-01,9101
2356,英業達,46,16,30,群益金鼎-敦南,2024-04-01,9101
3014,聯陽,31,1,30,群益金鼎-敦南,2024-04-01,9101
8064,東捷,35,5,30,群益金鼎-敦南,2024-04-01,9101
00936,台新永續高息中小,26,0,26,群益金鼎-敦南,2024-04-01,9101
6005,群益證,26,1,25,群益金鼎-敦南,2024-04-01,9101
1337,再生-KY,24,0,24,群益金鼎-敦南,2024-04-01,9101
1809,中釉,30,6,24,群益金鼎-敦南,2024-04-01,9101
6187,萬潤,53,30,23,群益金鼎-敦南,2024-04-01,9101
8110,華東,30,9,21,群益金鼎-敦南,2024-04-01,9101
3481,群創,21,0,21,群益金鼎-敦南,2024-04-01,9101
8088,品安,20,0,20,群益金鼎-敦南,2024-04-01,9101
6425,易發,21,1,20,群益金鼎-敦南,2024-04-01,9101
7402,邑錡,27,7,20,群益金鼎-敦南,2024-04-01,9101
4564,元翎,20,1,19,群益金鼎-敦南,2024-04-01,9101
2382,廣達,67,48,19,群益金鼎-敦南,2024-04-01,9101
2374,佳能,31,13,18,群益金鼎-敦南,2024-04-01,9101
2634,漢翔,30,13,17,群益金鼎-敦南,2024-04-01,9101
4938,和碩,22,6,16,群益金鼎-敦南,2024-04-01,9101
3294,英濟,21,5,16,群益金鼎-敦南,2024-04-01,9101
1785,光洋科,17,1,16,群益金鼎-敦南,2024-04-01,9101
3625,西勝,15,0,15,群益金鼎-敦南,2024-04-01,9101
1504,東元,25,11,14,群益金鼎-敦南,2024-04-01,9101
6197,佳必琪,18,6,12,群益金鼎-敦南,2024-04-01,9101
2537,聯上發,12,0,12,群益金鼎-敦南,2024-04-01,9101
00927,群益半導體收益,12,0,12,群益金鼎-敦南,2024-04-01,9101
2618,長榮航,17,5,12,群益金鼎-敦南,2024-04-01,9101
3715,定穎投控,30,18,12,群益金鼎-敦南,2024-04-01,9101
2317,鴻海,84,73,11,群益金鼎-敦南,2024-04-01,9101
00632R,元大台灣50反1,11,0,11,群益金鼎-敦南,2024-04-01,9101
2603,長榮,19,8,11,群益金鼎-敦南,2024-04-01,9101
0056,元大高股息,11,1,10,群益金鼎-敦南,2024-04-01,9101
2301,光寶科,12,2,10,群益金鼎-敦南,2024-04-01,9101
00937B,群益ESG投等債20,482,0,482,群益金鼎-敦南,2024-04-02,9101
00940,元大台灣價值高息,390,68,322,群益金鼎-敦南,2024-04-02,9101
2382,廣達,164,21,143,群益金鼎-敦南,2024-04-02,9101
00931B,統一美債20年,141,0,141,群益金鼎-敦南,2024-04-02,9101
6806,森崴能源,117,4,113,群益金鼎-敦南,2024-04-02,9101
2312,金寶,102,2,100,群益金鼎-敦南,2024-04-02,9101
6425,易發,95,2,93,群益金鼎-敦南,2024-04-02,9101
6213,聯茂,113,42,71,群益金鼎-敦南,2024-04-02,9101
00929,復華台灣科技優息,80,15,65,群益金鼎-敦南,2024-04-02,9101
00680L,元大美債20正2,72,8,64,群益金鼎-敦南,2024-04-02,9101
2889,國票金,70,11,59,群益金鼎-敦南,2024-04-02,9101
00687B,國泰20年美債,116,71,45,群益金鼎-敦南,2024-04-02,9101
00679B,元大美債20年,41,0,41,群益金鼎-敦南,2024-04-02,9101
6275,元山,37,1,36,群益金鼎-敦南,2024-04-02,9101
6187,萬潤,38,4,34,群益金鼎-敦南,2024-04-02,9101
6005,群益證,32,1,31,群益金鼎-敦南,2024-04-02,9101
2618,長榮航,44,13,31,群益金鼎-敦南,2024-04-02,9101
00650L,復華香港正2,40,10,30,群益金鼎-敦南,2024-04-02,9101
8089,康全電訊,30,0,30,群益金鼎-敦南,2024-04-02,9101
2034,允強,30,0,30,群益金鼎-敦南,2024-04-02,9101
3293,鈊象,27,1,26,群益金鼎-敦南,2024-04-02,9101
00941,中信上游半導體,25,0,25,群益金鼎-敦南,2024-04-02,9101
2637,慧洋-KY,22,0,22,群益金鼎-敦南,2024-04-02,9101
00751B,元大AAA至A公司債,21,0,21,群益金鼎-敦南,2024-04-02,9101
00632R,元大台灣50反1,20,0,20,群益金鼎-敦南,2024-04-02,9101
3706,神達,21,1,20,群益金鼎-敦南,2024-04-02,9101
00637L,元大滬深300正2,20,0,20,群益金鼎-敦南,2024-04-02,9101
6282,康舒,22,2,20,群益金鼎-敦南,2024-04-02,9101
00878,國泰永續高股息,20,2,18,群益金鼎-敦南,2024-04-02,9101
4533,協易機,23,5,18,群益金鼎-敦南,2024-04-02,9101
2514,龍邦,16,0,16,群益金鼎-敦南,2024-04-02,9101
00688L,國泰20年美債正2,16,0,16,群益金鼎-敦南,2024-04-02,9101
6207,雷科,20,5,15,群益金鼎-敦南,2024-04-02,9101
1786,科妍,16,2,14,群益金鼎-敦南,2024-04-02,9101
8349,�矬�,14,0,14,群益金鼎-敦南,2024-04-02,9101
2615,萬海,16,2,14,群益金鼎-敦南,2024-04-02,9101
2371,大同,56,43,13,群益金鼎-敦南,2024-04-02,9101
1504,東元,17,4,13,群益金鼎-敦南,2024-04-02,9101
4933,友輝,14,2,12,群益金鼎-敦南,2024-04-02,9101
6288,聯嘉,18,6,12,群益金鼎-敦南,2024-04-02,9101
00700,富邦�琤肭磪�,12,0,12,群益金鼎-敦南,2024-04-02,9101
0056,元大高股息,13,2,11,群益金鼎-敦南,2024-04-02,9101
2301,光寶科,20,9,11,群益金鼎-敦南,2024-04-02,9101
1337,再生-KY,11,0,11,群益金鼎-敦南,2024-04-02,9101
9927,泰銘,11,0,11,群益金鼎-敦南,2024-04-02,9101
1309,台達化,11,0,11,群益金鼎-敦南,2024-04-02,9101
3228,金麗科,14,3,11,群益金鼎-敦南,2024-04-02,9101
3434,哲固,10,0,10,群益金鼎-敦南,2024-04-02,9101
1815,富喬,26,16,10,群益金鼎-敦南,2024-04-02,9101
2596,綠意,10,0,10,群益金鼎-敦南,2024-04-02,9101
00937B,群益ESG投等債20,332,0,332,群益金鼎-敦南,2024-04-03,9101
2382,廣達,223,5,218,群益金鼎-敦南,2024-04-03,9101
00687B,國泰20年美債,147,0,147,群益金鼎-敦南,2024-04-03,9101
8358,金居,86,10,76,群益金鼎-敦南,2024-04-03,9101
8070,長華*,71,0,71,群益金鼎-敦南,2024-04-03,9101
00933B,國泰10Y+金融債,69,0,69,群益金鼎-敦南,2024-04-03,9101
00679B,元大美債20年,61,0,61,群益金鼎-敦南,2024-04-03,9101
00919,群益台灣精選高息,67,11,56,群益金鼎-敦南,2024-04-03,9101
2421,建準,44,3,41,群益金鼎-敦南,2024-04-03,9101
2359,所羅門,42,3,39,群益金鼎-敦南,2024-04-03,9101
00929,復華台灣科技優息,38,2,36,群益金鼎-敦南,2024-04-03,9101
2889,國票金,30,0,30,群益金鼎-敦南,2024-04-03,9101
6462,神盾,29,4,25,群益金鼎-敦南,2024-04-03,9101
1337,再生-KY,25,0,25,群益金鼎-敦南,2024-04-03,9101
00740B,富邦全球投等債,41,16,25,群益金鼎-敦南,2024-04-03,9101
3037,欣興,29,4,25,群益金鼎-敦南,2024-04-03,9101
3481,群創,23,0,23,群益金鼎-敦南,2024-04-03,9101
00940,元大台灣價值高息,134,112,22,群益金鼎-敦南,2024-04-03,9101
6005,群益證,22,0,22,群益金鼎-敦南,2024-04-03,9101
00927,群益半導體收益,22,0,22,群益金鼎-敦南,2024-04-03,9101
5443,均豪,139,117,22,群益金鼎-敦南,2024-04-03,9101
00720B,元大投資級公司債,41,20,21,群益金鼎-敦南,2024-04-03,9101
2312,金寶,21,0,21,群益金鼎-敦南,2024-04-03,9101
00941,中信上游半導體,20,0,20,群益金鼎-敦南,2024-04-03,9101
2888,新光金,18,0,18,群益金鼎-敦南,2024-04-03,9101
1609,大亞,21,4,17,群益金鼎-敦南,2024-04-03,9101
1815,富喬,22,5,17,群益金鼎-敦南,2024-04-03,9101
4908,前鼎,36,20,16,群益金鼎-敦南,2024-04-03,9101
1605,華新,19,4,15,群益金鼎-敦南,2024-04-03,9101
2476,鉅祥,16,1,15,群益金鼎-敦南,2024-04-03,9101
1442,名軒,14,0,14,群益金鼎-敦南,2024-04-03,9101
2618,長榮航,20,6,14,群益金鼎-敦南,2024-04-03,9101
1616,億泰,14,0,14,群益金鼎-敦南,2024-04-03,9101
2880,華南金,14,0,14,群益金鼎-敦南,2024-04-03,9101
2890,永豐金,13,0,13,群益金鼎-敦南,2024-04-03,9101
00772B,中信高評級公司債,13,0,13,群益金鼎-敦南,2024-04-03,9101
6538,倉和,12,0,12,群益金鼎-敦南,2024-04-03,9101
6179,亞通,13,1,12,群益金鼎-敦南,2024-04-03,9101
00712,復華富時不動產,12,0,12,群益金鼎-敦南,2024-04-03,9101
2371,大同,25,14,11,群益金鼎-敦南,2024-04-03,9101
6282,康舒,11,0,11,群益金鼎-敦南,2024-04-03,9101
8096,擎亞,20,9,11,群益金鼎-敦南,2024-04-03,9101
2609,陽明,16,6,10,群益金鼎-敦南,2024-04-03,9101
2615,萬海,20,10,10,群益金鼎-敦南,2024-04-03,9101
2481,強茂,10,0,10,群益金鼎-敦南,2024-04-03,9101
1103,嘉泥,10,0,10,群益金鼎-敦南,2024-04-03,9101
6596,寬宏藝術,10,0,10,群益金鼎-敦南,2024-04-03,9101
2353,宏��,10,0,10,群益金鼎-敦南,2024-04-03,9101
6288,聯嘉,20,10,10,群益金鼎-敦南,2024-04-03,9101
3607,谷崧,10,0,10,群益金鼎-敦南,2024-04-03,9101
1101,台泥,458,7,451,群益金鼎-敦南,2024-04-08,9101
00940,元大台灣價值高息,154,6,148,群益金鼎-敦南,2024-04-08,9101
00687B,國泰20年美債,122,0,122,群益金鼎-敦南,2024-04-08,9101
00937B,群益ESG投等債20,236,120,116,群益金鼎-敦南,2024-04-08,9101
00919,群益台灣精選高息,83,0,83,群益金鼎-敦南,2024-04-08,9101
00929,復華台灣科技優息,73,1,72,群益金鼎-敦南,2024-04-08,9101
00751B,元大AAA至A公司債,67,0,67,群益金鼎-敦南,2024-04-08,9101
00795B,中信美國公債20年,56,0,56,群益金鼎-敦南,2024-04-08,9101
6120,達運,171,118,53,群益金鼎-敦南,2024-04-08,9101
8088,品安,59,12,47,群益金鼎-敦南,2024-04-08,9101
00688L,國泰20年美債正2,45,2,43,群益金鼎-敦南,2024-04-08,9101
2356,英業達,44,2,42,群益金鼎-敦南,2024-04-08,9101
6165,浪凡,40,0,40,群益金鼎-敦南,2024-04-08,9101
2809,京城銀,40,0,40,群益金鼎-敦南,2024-04-08,9101
2464,盟立,49,14,35,群益金鼎-敦南,2024-04-08,9101
2382,廣達,55,22,33,群益金鼎-敦南,2024-04-08,9101
00679B,元大美債20年,87,56,31,群益金鼎-敦南,2024-04-08,9101
6806,森崴能源,31,1,30,群益金鼎-敦南,2024-04-08,9101
00933B,國泰10Y+金融債,29,0,29,群益金鼎-敦南,2024-04-08,9101
00941,中信上游半導體,31,5,26,群益金鼎-敦南,2024-04-08,9101
2537,聯上發,25,0,25,群益金鼎-敦南,2024-04-08,9101
4532,瑞智,24,1,23,群益金鼎-敦南,2024-04-08,9101
2324,仁寶,27,6,21,群益金鼎-敦南,2024-04-08,9101
3679,新至陞,21,0,21,群益金鼎-敦南,2024-04-08,9101
3014,聯陽,21,1,20,群益金鼎-敦南,2024-04-08,9101
00681R,元大美債20反1,20,0,20,群益金鼎-敦南,2024-04-08,9101
6153,嘉聯益,22,2,20,群益金鼎-敦南,2024-04-08,9101
00680L,元大美債20正2,18,0,18,群益金鼎-敦南,2024-04-08,9101
8070,長華*,24,6,18,群益金鼎-敦南,2024-04-08,9101
3450,聯鈞,23,7,16,群益金鼎-敦南,2024-04-08,9101
3666,光耀,16,0,16,群益金鼎-敦南,2024-04-08,9101
1815,富喬,37,22,15,群益金鼎-敦南,2024-04-08,9101
00909,國泰數位支付服務,15,0,15,群益金鼎-敦南,2024-04-08,9101
00673R,期元大S＆P原油反1,15,0,15,群益金鼎-敦南,2024-04-08,9101
2888,新光金,23,8,15,群益金鼎-敦南,2024-04-08,9101
5328,華容,14,0,14,群益金鼎-敦南,2024-04-08,9101
3306,鼎天,14,0,14,群益金鼎-敦南,2024-04-08,9101
4958,臻鼎-KY,14,0,14,群益金鼎-敦南,2024-04-08,9101
5521,工信,20,7,13,群益金鼎-敦南,2024-04-08,9101
1524,耿鼎,13,0,13,群益金鼎-敦南,2024-04-08,9101
8234,新漢,16,3,13,群益金鼎-敦南,2024-04-08,9101
6282,康舒,13,1,12,群益金鼎-敦南,2024-04-08,9101
00927,群益半導體收益,12,0,12,群益金鼎-敦南,2024-04-08,9101
2359,所羅門,14,2,12,群益金鼎-敦南,2024-04-08,9101
00720B,元大投資級公司債,12,0,12,群益金鼎-敦南,2024-04-08,9101
8240,華宏,12,0,12,群益金鼎-敦南,2024-04-08,9101
2363,矽統,15,4,11,群益金鼎-敦南,2024-04-08,9101
2834,臺企銀,11,0,11,群益金鼎-敦南,2024-04-08,9101
9945,潤泰新,11,0,11,群益金鼎-敦南,2024-04-08,9101
3703,欣陸,11,0,11,群益金鼎-敦南,2024-04-08,9101
00940,元大台灣價值高息,240,30,210,群益金鼎-敦南,2024-04-09,9101
00929,復華台灣科技優息,87,0,87,群益金鼎-敦南,2024-04-09,9101
2356,英業達,76,5,71,群益金鼎-敦南,2024-04-09,9101
6213,聯茂,241,173,68,群益金鼎-敦南,2024-04-09,9101
2845,遠東銀,64,7,57,群益金鼎-敦南,2024-04-09,9101
2376,技嘉,58,7,51,群益金鼎-敦南,2024-04-09,9101
3231,緯創,147,110,37,群益金鼎-敦南,2024-04-09,9101
2889,國票金,37,0,37,群益金鼎-敦南,2024-04-09,9101
2367,燿華,39,5,34,群益金鼎-敦南,2024-04-09,9101
00919,群益台灣精選高息,60,26,34,群益金鼎-敦南,2024-04-09,9101
3293,鈊象,32,0,32,群益金鼎-敦南,2024-04-09,9101
00937B,群益ESG投等債20,89,57,32,群益金鼎-敦南,2024-04-09,9101
4974,亞泰,30,0,30,群益金鼎-敦南,2024-04-09,9101
4526,東台,31,1,30,群益金鼎-敦南,2024-04-09,9101
1532,勤美,23,0,23,群益金鼎-敦南,2024-04-09,9101
5521,工信,39,17,22,群益金鼎-敦南,2024-04-09,9101
6120,達運,23,2,21,群益金鼎-敦南,2024-04-09,9101
2023,燁輝,56,36,20,群益金鼎-敦南,2024-04-09,9101
4746,台耀,20,1,19,群益金鼎-敦南,2024-04-09,9101
8099,大世科,23,4,19,群益金鼎-敦南,2024-04-09,9101
1717,長興,19,0,19,群益金鼎-敦南,2024-04-09,9101
9935,慶豐富,20,2,18,群益金鼎-敦南,2024-04-09,9101
2363,矽統,137,120,17,群益金鼎-敦南,2024-04-09,9101
3694,海華,16,0,16,群益金鼎-敦南,2024-04-09,9101
6126,信音,26,10,16,群益金鼎-敦南,2024-04-09,9101
4513,福裕,15,0,15,群益金鼎-敦南,2024-04-09,9101
2405,輔信,15,0,15,群益金鼎-敦南,2024-04-09,9101
1808,潤隆,15,0,15,群益金鼎-敦南,2024-04-09,9101
2330,台積電,49,34,15,群益金鼎-敦南,2024-04-09,9101
00637L,元大滬深300正2,24,10,14,群益金鼎-敦南,2024-04-09,9101
1436,華友聯,14,0,14,群益金鼎-敦南,2024-04-09,9101
3706,神達,14,0,14,群益金鼎-敦南,2024-04-09,9101
2354,鴻準,20,6,14,群益金鼎-敦南,2024-04-09,9101
3059,華晶科,13,0,13,群益金鼎-敦南,2024-04-09,9101
2313,華通,25,12,13,群益金鼎-敦南,2024-04-09,9101
00795B,中信美國公債20年,16,4,12,群益金鼎-敦南,2024-04-09,9101
6189,豐藝,29,17,12,群益金鼎-敦南,2024-04-09,9101
00885,富邦越南,12,0,12,群益金鼎-敦南,2024-04-09,9101
00830,國泰費城半導體,12,0,12,群益金鼎-敦南,2024-04-09,9101
6188,廣明,23,12,11,群益金鼎-敦南,2024-04-09,9101
3013,晟銘電,27,16,11,群益金鼎-敦南,2024-04-09,9101
2362,藍天,14,3,11,群益金鼎-敦南,2024-04-09,9101
3289,宜特,14,3,11,群益金鼎-敦南,2024-04-09,9101
4714,永捷,13,2,11,群益金鼎-敦南,2024-04-09,9101
3163,波若威,12,1,11,群益金鼎-敦南,2024-04-09,9101
1618,合機,24,13,11,群益金鼎-敦南,2024-04-09,9101
1513,中興電,53,43,10,群益金鼎-敦南,2024-04-09,9101
3005,神基,13,3,10,群益金鼎-敦南,2024-04-09,9101
8047,星雲,10,0,10,群益金鼎-敦南,2024-04-09,9101
8089,康全電訊,10,0,10,群益金鼎-敦南,2024-04-09,9101
2363,矽統,218,106,112,群益金鼎-敦南,2024-04-10,9101
4533,協易機,117,20,97,群益金鼎-敦南,2024-04-10,9101
2427,三商電,91,22,69,群益金鼎-敦南,2024-04-10,9101
00927,群益半導體收益,70,12,58,群益金鼎-敦南,2024-04-10,9101
00937B,群益ESG投等債20,55,1,54,群益金鼎-敦南,2024-04-10,9101
9945,潤泰新,51,0,51,群益金鼎-敦南,2024-04-10,9101
5324,士開,50,0,50,群益金鼎-敦南,2024-04-10,9101
6120,達運,45,0,45,群益金鼎-敦南,2024-04-10,9101
2371,大同,86,45,41,群益金鼎-敦南,2024-04-10,9101
5347,世界,39,0,39,群益金鼎-敦南,2024-04-10,9101
2376,技嘉,51,16,35,群益金鼎-敦南,2024-04-10,9101
00933B,國泰10Y+金融債,34,0,34,群益金鼎-敦南,2024-04-10,9101
00929,復華台灣科技優息,32,3,29,群益金鼎-敦南,2024-04-10,9101
2883,凱基金,34,6,28,群益金鼎-敦南,2024-04-10,9101
00680L,元大美債20正2,27,0,27,群益金鼎-敦南,2024-04-10,9101
2303,聯電,49,22,27,群益金鼎-敦南,2024-04-10,9101
1609,大亞,118,94,24,群益金鼎-敦南,2024-04-10,9101
5009,榮剛,47,24,23,群益金鼎-敦南,2024-04-10,9101
3294,英濟,58,35,23,群益金鼎-敦南,2024-04-10,9101
2634,漢翔,113,92,21,群益金鼎-敦南,2024-04-10,9101
1734,杏輝,20,0,20,群益金鼎-敦南,2024-04-10,9101
3062,建漢,20,0,20,群益金鼎-敦南,2024-04-10,9101
3346,麗清,20,0,20,群益金鼎-敦南,2024-04-10,9101
3014,聯陽,21,3,18,群益金鼎-敦南,2024-04-10,9101
1524,耿鼎,17,0,17,群益金鼎-敦南,2024-04-10,9101
1618,合機,26,10,16,群益金鼎-敦南,2024-04-10,9101
8936,國統,15,0,15,群益金鼎-敦南,2024-04-10,9101
2618,長榮航,17,2,15,群益金鼎-敦南,2024-04-10,9101
1605,華新,27,12,15,群益金鼎-敦南,2024-04-10,9101
1513,中興電,50,35,15,群益金鼎-敦南,2024-04-10,9101
3217,優群,14,0,14,群益金鼎-敦南,2024-04-10,9101
4938,和碩,19,6,13,群益金鼎-敦南,2024-04-10,9101
6215,和椿,21,8,13,群益金鼎-敦南,2024-04-10,9101
3231,緯創,83,70,13,群益金鼎-敦南,2024-04-10,9101
1503,士電,61,49,12,群益金鼎-敦南,2024-04-10,9101
00940,元大台灣價值高息,41,29,12,群益金鼎-敦南,2024-04-10,9101
5371,中光電,30,18,12,群益金鼎-敦南,2024-04-10,9101
2891,中信金,14,2,12,群益金鼎-敦南,2024-04-10,9101
6248,沛波,12,0,12,群益金鼎-敦南,2024-04-10,9101
6578,達邦蛋白,12,0,12,群益金鼎-敦南,2024-04-10,9101
8112,至上,28,17,11,群益金鼎-敦南,2024-04-10,9101
6182,合晶,13,2,11,群益金鼎-敦南,2024-04-10,9101
9941,裕融,11,0,11,群益金鼎-敦南,2024-04-10,9101
00878,國泰永續高股息,11,1,10,群益金鼎-敦南,2024-04-10,9101
6290,良維,16,6,10,群益金鼎-敦南,2024-04-10,9101
6116,彩晶,10,0,10,群益金鼎-敦南,2024-04-10,9101
4173,久裕,10,0,10,群益金鼎-敦南,2024-04-10,9101
6288,聯嘉,10,0,10,群益金鼎-敦南,2024-04-10,9101
2514,龍邦,10,0,10,群益金鼎-敦南,2024-04-10,9101
00753L,中信中國50正2,10,0,10,群益金鼎-敦南,2024-04-10,9101
00937B,群益ESG投等債20,468,70,398,群益金鼎-敦南,2024-04-11,9101
00687B,國泰20年美債,218,0,218,群益金鼎-敦南,2024-04-11,9101
2317,鴻海,129,48,81,群益金鼎-敦南,2024-04-11,9101
00712,復華富時不動產,74,1,73,群益金鼎-敦南,2024-04-11,9101
00939,統一台灣高息動能,62,1,61,群益金鼎-敦南,2024-04-11,9101
2382,廣達,67,6,61,群益金鼎-敦南,2024-04-11,9101
3587,閎康,57,1,56,群益金鼎-敦南,2024-04-11,9101
00679B,元大美債20年,56,1,55,群益金鼎-敦南,2024-04-11,9101
00929,復華台灣科技優息,63,10,53,群益金鼎-敦南,2024-04-11,9101
2547,日勝生,50,0,50,群益金鼎-敦南,2024-04-11,9101
6274,台燿,52,2,50,群益金鼎-敦南,2024-04-11,9101
2406,國碩,161,112,49,群益金鼎-敦南,2024-04-11,9101
00795B,中信美國公債20年,42,0,42,群益金鼎-敦南,2024-04-11,9101
00857B,永豐20年美公債,40,0,40,群益金鼎-敦南,2024-04-11,9101
3231,緯創,48,10,38,群益金鼎-敦南,2024-04-11,9101
2409,友達,37,1,36,群益金鼎-敦南,2024-04-11,9101
1609,大亞,93,59,34,群益金鼎-敦南,2024-04-11,9101
3663,鑫科,33,0,33,群益金鼎-敦南,2024-04-11,9101
2363,矽統,173,141,32,群益金鼎-敦南,2024-04-11,9101
3481,群創,53,21,32,群益金鼎-敦南,2024-04-11,9101
2241,艾姆勒,30,0,30,群益金鼎-敦南,2024-04-11,9101
2464,盟立,86,56,30,群益金鼎-敦南,2024-04-11,9101
3033,威健,31,2,29,群益金鼎-敦南,2024-04-11,9101
6806,森崴能源,42,14,28,群益金鼎-敦南,2024-04-11,9101
2514,龍邦,27,0,27,群益金鼎-敦南,2024-04-11,9101
00688L,國泰20年美債正2,41,15,26,群益金鼎-敦南,2024-04-11,9101
00720B,元大投資級公司債,27,2,25,群益金鼎-敦南,2024-04-11,9101
1504,東元,87,63,24,群益金鼎-敦南,2024-04-11,9101
1905,華紙,22,0,22,群益金鼎-敦南,2024-04-11,9101
1909,榮成,20,0,20,群益金鼎-敦南,2024-04-11,9101
1321,大洋,18,0,18,群益金鼎-敦南,2024-04-11,9101
6789,采鈺,21,3,18,群益金鼎-敦南,2024-04-11,9101
3438,類比科,17,0,17,群益金鼎-敦南,2024-04-11,9101
3029,零壹,19,2,17,群益金鼎-敦南,2024-04-11,9101
6213,聯茂,30,14,16,群益金鼎-敦南,2024-04-11,9101
1717,長興,17,1,16,群益金鼎-敦南,2024-04-11,9101
2634,漢翔,76,61,15,群益金鼎-敦南,2024-04-11,9101
6207,雷科,20,5,15,群益金鼎-敦南,2024-04-11,9101
2739,寒舍,15,0,15,群益金鼎-敦南,2024-04-11,9101
8011,台通,43,28,15,群益金鼎-敦南,2024-04-11,9101
00764B,群益25年美債,14,0,14,群益金鼎-敦南,2024-04-11,9101
0056,元大高股息,14,1,13,群益金鼎-敦南,2024-04-11,9101
2103,台橡,13,0,13,群益金鼎-敦南,2024-04-11,9101
00933B,國泰10Y+金融債,13,0,13,群益金鼎-敦南,2024-04-11,9101
3167,大量,16,3,13,群益金鼎-敦南,2024-04-11,9101
1734,杏輝,13,0,13,群益金鼎-敦南,2024-04-11,9101
2356,英業達,13,1,12,群益金鼎-敦南,2024-04-11,9101
7402,邑錡,12,0,12,群益金鼎-敦南,2024-04-11,9101
2308,台達電,13,1,12,群益金鼎-敦南,2024-04-11,9101
00941,中信上游半導體,11,0,11,群益金鼎-敦南,2024-04-11,9101
00937B,群益ESG投等債20,278,50,228,群益金鼎-敦南,2024-04-12,9101
00687B,國泰20年美債,168,12,156,群益金鼎-敦南,2024-04-12,9101
2382,廣達,144,4,140,群益金鼎-敦南,2024-04-12,9101
8358,金居,138,9,129,群益金鼎-敦南,2024-04-12,9101
2603,長榮,152,41,111,群益金鼎-敦南,2024-04-12,9101
1605,華新,130,46,84,群益金鼎-敦南,2024-04-12,9101
00929,復華台灣科技優息,99,33,66,群益金鼎-敦南,2024-04-12,9101
2883,凱基金,65,0,65,群益金鼎-敦南,2024-04-12,9101
4533,協易機,71,17,54,群益金鼎-敦南,2024-04-12,9101
3260,威剛,67,14,53,群益金鼎-敦南,2024-04-12,9101
2465,麗臺,59,6,53,群益金鼎-敦南,2024-04-12,9101
6282,康舒,47,3,44,群益金鼎-敦南,2024-04-12,9101
2605,新興,51,7,44,群益金鼎-敦南,2024-04-12,9101
6120,達運,42,0,42,群益金鼎-敦南,2024-04-12,9101
00940,元大台灣價值高息,105,64,41,群益金鼎-敦南,2024-04-12,9101
3231,緯創,84,46,38,群益金鼎-敦南,2024-04-12,9101
2353,宏��,89,54,35,群益金鼎-敦南,2024-04-12,9101
00679B,元大美債20年,43,11,32,群益金鼎-敦南,2024-04-12,9101
2867,三商壽,32,0,32,群益金鼎-敦南,2024-04-12,9101
00673R,期元大S＆P原油反1,30,0,30,群益金鼎-敦南,2024-04-12,9101
00688L,國泰20年美債正2,30,0,30,群益金鼎-敦南,2024-04-12,9101
00720B,元大投資級公司債,29,0,29,群益金鼎-敦南,2024-04-12,9101
5392,能率,28,0,28,群益金鼎-敦南,2024-04-12,9101
2718,全心投控,28,0,28,群益金鼎-敦南,2024-04-12,9101
5351,鈺創,51,23,28,群益金鼎-敦南,2024-04-12,9101
00637L,元大滬深300正2,24,0,24,群益金鼎-敦南,2024-04-12,9101
2618,長榮航,45,22,23,群益金鼎-敦南,2024-04-12,9101
3015,全漢,25,2,23,群益金鼎-敦南,2024-04-12,9101
1529,樂事綠能,48,25,23,群益金鼎-敦南,2024-04-12,9101
2610,華航,21,0,21,群益金鼎-敦南,2024-04-12,9101
5443,均豪,18,0,18,群益金鼎-敦南,2024-04-12,9101
2887,台新金,18,0,18,群益金鼎-敦南,2024-04-12,9101
8110,華東,32,14,18,群益金鼎-敦南,2024-04-12,9101
00751B,元大AAA至A公司債,18,0,18,群益金鼎-敦南,2024-04-12,9101
2303,聯電,22,4,18,群益金鼎-敦南,2024-04-12,9101
8112,至上,52,35,17,群益金鼎-敦南,2024-04-12,9101
3287,廣寰科,17,1,16,群益金鼎-敦南,2024-04-12,9101
2892,第一金,16,0,16,群益金鼎-敦南,2024-04-12,9101
2497,怡利電,16,0,16,群益金鼎-敦南,2024-04-12,9101
2889,國票金,16,0,16,群益金鼎-敦南,2024-04-12,9101
8299,群聯,24,9,15,群益金鼎-敦南,2024-04-12,9101
2352,佳世達,18,3,15,群益金鼎-敦南,2024-04-12,9101
5450,南良,16,2,14,群益金鼎-敦南,2024-04-12,9101
8234,新漢,18,4,14,群益金鼎-敦南,2024-04-12,9101
2882,國泰金,13,0,13,群益金鼎-敦南,2024-04-12,9101
00795B,中信美國公債20年,12,0,12,群益金鼎-敦南,2024-04-12,9101
00680L,元大美債20正2,12,0,12,群益金鼎-敦南,2024-04-12,9101
3715,定穎投控,17,5,12,群益金鼎-敦南,2024-04-12,9101
6288,聯嘉,12,0,12,群益金鼎-敦南,2024-04-12,9101
1321,大洋,16,4,12,群益金鼎-敦南,2024-04-12,9101
2317,鴻海,350,24,326,群益金鼎-敦南,2024-04-15,9101
00878,國泰永續高股息,321,5,316,群益金鼎-敦南,2024-04-15,9101
00937B,群益ESG投等債20,235,0,235,群益金鼎-敦南,2024-04-15,9101
00929,復華台灣科技優息,198,30,168,群益金鼎-敦南,2024-04-15,9101
1605,華新,218,56,162,群益金鼎-敦南,2024-04-15,9101
5392,能率,112,16,96,群益金鼎-敦南,2024-04-15,9101
9958,世紀鋼,61,1,60,群益金鼎-敦南,2024-04-15,9101
4958,臻鼎-KY,51,0,51,群益金鼎-敦南,2024-04-15,9101
00940,元大台灣價值高息,58,12,46,群益金鼎-敦南,2024-04-15,9101
5009,榮剛,63,23,40,群益金鼎-敦南,2024-04-15,9101
2538,基泰,45,5,40,群益金鼎-敦南,2024-04-15,9101
3615,安可,86,49,37,群益金鼎-敦南,2024-04-15,9101
2330,台積電,45,8,37,群益金鼎-敦南,2024-04-15,9101
2836,高雄銀,36,0,36,群益金鼎-敦南,2024-04-15,9101
00720B,元大投資級公司債,36,0,36,群益金鼎-敦南,2024-04-15,9101
2353,宏��,35,1,34,群益金鼎-敦南,2024-04-15,9101
00941,中信上游半導體,36,2,34,群益金鼎-敦南,2024-04-15,9101
00751B,元大AAA至A公司債,33,0,33,群益金鼎-敦南,2024-04-15,9101
00919,群益台灣精選高息,42,12,30,群益金鼎-敦南,2024-04-15,9101
7402,邑錡,30,0,30,群益金鼎-敦南,2024-04-15,9101
00687B,國泰20年美債,27,0,27,群益金鼎-敦南,2024-04-15,9101
1587,吉茂,27,0,27,群益金鼎-敦南,2024-04-15,9101
6284,佳邦,24,2,22,群益金鼎-敦南,2024-04-15,9101
00679B,元大美債20年,23,2,21,群益金鼎-敦南,2024-04-15,9101
2014,中鴻,21,0,21,群益金鼎-敦南,2024-04-15,9101
2534,宏盛,20,0,20,群益金鼎-敦南,2024-04-15,9101
00650L,復華香港正2,20,0,20,群益金鼎-敦南,2024-04-15,9101
2388,威盛,27,7,20,群益金鼎-敦南,2024-04-15,9101
2605,新興,21,2,19,群益金鼎-敦南,2024-04-15,9101
6235,華孚,23,5,18,群益金鼎-敦南,2024-04-15,9101
2618,長榮航,24,7,17,群益金鼎-敦南,2024-04-15,9101
9904,寶成,23,6,17,群益金鼎-敦南,2024-04-15,9101
2376,技嘉,19,3,16,群益金鼎-敦南,2024-04-15,9101
00712,復華富時不動產,15,0,15,群益金鼎-敦南,2024-04-15,9101
00733,富邦臺灣中小,15,0,15,群益金鼎-敦南,2024-04-15,9101
3548,兆利,18,3,15,群益金鼎-敦南,2024-04-15,9101
3029,零壹,15,0,15,群益金鼎-敦南,2024-04-15,9101
3217,優群,16,1,15,群益金鼎-敦南,2024-04-15,9101
1503,士電,22,8,14,群益金鼎-敦南,2024-04-15,9101
0056,元大高股息,13,1,12,群益金鼎-敦南,2024-04-15,9101
2301,光寶科,13,1,12,群益金鼎-敦南,2024-04-15,9101
3481,群創,12,0,12,群益金鼎-敦南,2024-04-15,9101
4768,晶呈科技,14,2,12,群益金鼎-敦南,2024-04-15,9101
3059,華晶科,20,8,12,群益金鼎-敦南,2024-04-15,9101
2427,三商電,11,0,11,群益金鼎-敦南,2024-04-15,9101
1608,華榮,127,116,11,群益金鼎-敦南,2024-04-15,9101
3037,欣興,13,2,11,群益金鼎-敦南,2024-04-15,9101
2883,凱基金,12,1,11,群益金鼎-敦南,2024-04-15,9101
4207,環泰,11,0,11,群益金鼎-敦南,2024-04-15,9101
6164,華興,11,0,11,群益金鼎-敦南,2024-04-15,9101
00937B,群益ESG投等債20,505,30,475,群益金鼎-敦南,2024-04-16,9101
00940,元大台灣價值高息,485,35,450,群益金鼎-敦南,2024-04-16,9101
00878,國泰永續高股息,285,4,281,群益金鼎-敦南,2024-04-16,9101
00929,復華台灣科技優息,323,65,258,群益金鼎-敦南,2024-04-16,9101
00679B,元大美債20年,157,10,147,群益金鼎-敦南,2024-04-16,9101
00918,大華優利高填息30,115,0,115,群益金鼎-敦南,2024-04-16,9101
6264,富裔,108,0,108,群益金鼎-敦南,2024-04-16,9101
2330,台積電,129,44,85,群益金鼎-敦南,2024-04-16,9101
2515,中工,87,3,84,群益金鼎-敦南,2024-04-16,9101
00712,復華富時不動產,83,0,83,群益金鼎-敦南,2024-04-16,9101
2892,第一金,76,0,76,群益金鼎-敦南,2024-04-16,9101
00939,統一台灣高息動能,95,26,69,群益金鼎-敦南,2024-04-16,9101
9105,泰金寶-DR,65,4,61,群益金鼎-敦南,2024-04-16,9101
4967,十銓,60,0,60,群益金鼎-敦南,2024-04-16,9101
2888,新光金,56,0,56,群益金鼎-敦南,2024-04-16,9101
00720B,元大投資級公司債,53,0,53,群益金鼎-敦南,2024-04-16,9101
00687B,國泰20年美債,49,0,49,群益金鼎-敦南,2024-04-16,9101
00891,中信關鍵半導體,46,0,46,群益金鼎-敦南,2024-04-16,9101
00919,群益台灣精選高息,211,168,43,群益金鼎-敦南,2024-04-16,9101
00650L,復華香港正2,40,0,40,群益金鼎-敦南,2024-04-16,9101
2382,廣達,50,11,39,群益金鼎-敦南,2024-04-16,9101
0056,元大高股息,38,4,34,群益金鼎-敦南,2024-04-16,9101
2882,國泰金,35,2,33,群益金鼎-敦南,2024-04-16,9101
00941,中信上游半導體,43,10,33,群益金鼎-敦南,2024-04-16,9101
5392,能率,35,2,33,群益金鼎-敦南,2024-04-16,9101
2633,台灣高鐵,32,0,32,群益金鼎-敦南,2024-04-16,9101
2353,宏��,52,21,31,群益金鼎-敦南,2024-04-16,9101
6235,華孚,31,0,31,群益金鼎-敦南,2024-04-16,9101
2880,華南金,30,0,30,群益金鼎-敦南,2024-04-16,9101
2101,南港,37,9,28,群益金鼎-敦南,2024-04-16,9101
2618,長榮航,28,2,26,群益金鼎-敦南,2024-04-16,9101
2442,新美齊,25,0,25,群益金鼎-敦南,2024-04-16,9101
2324,仁寶,56,33,23,群益金鼎-敦南,2024-04-16,9101
00751B,元大AAA至A公司債,33,10,23,群益金鼎-敦南,2024-04-16,9101
1810,和成,33,10,23,群益金鼎-敦南,2024-04-16,9101
2886,兆豐金,21,0,21,群益金鼎-敦南,2024-04-16,9101
006208,富邦台50,21,0,21,群益金鼎-敦南,2024-04-16,9101
6126,信音,44,23,21,群益金鼎-敦南,2024-04-16,9101
2889,國票金,20,0,20,群益金鼎-敦南,2024-04-16,9101
00909,國泰數位支付服務,20,0,20,群益金鼎-敦南,2024-04-16,9101
1101,台泥,20,0,20,群益金鼎-敦南,2024-04-16,9101
2105,正新,20,0,20,群益金鼎-敦南,2024-04-16,9101
2402,毅嘉,20,0,20,群益金鼎-敦南,2024-04-16,9101
3231,緯創,112,93,19,群益金鼎-敦南,2024-04-16,9101
8390,金益鼎,26,7,19,群益金鼎-敦南,2024-04-16,9101
00733,富邦臺灣中小,18,0,18,群益金鼎-敦南,2024-04-16,9101
5009,榮剛,66,48,18,群益金鼎-敦南,2024-04-16,9101
3060,銘異,20,3,17,群益金鼎-敦南,2024-04-16,9101
2609,陽明,20,3,17,群益金鼎-敦南,2024-04-16,9101
8033,雷虎,27,10,17,群益金鼎-敦南,2024-04-16,9101
1513,中興電,563,30,533,群益金鼎-敦南,2024-04-17,9101
00941,中信上游半導體,288,0,288,群益金鼎-敦南,2024-04-17,9101
00937B,群益ESG投等債20,292,24,268,群益金鼎-敦南,2024-04-17,9101
00679B,元大美債20年,210,2,208,群益金鼎-敦南,2024-04-17,9101
0056,元大高股息,126,0,126,群益金鼎-敦南,2024-04-17,9101
00687B,國泰20年美債,114,20,94,群益金鼎-敦南,2024-04-17,9101
00720B,元大投資級公司債,110,31,79,群益金鼎-敦南,2024-04-17,9101
00919,群益台灣精選高息,73,2,71,群益金鼎-敦南,2024-04-17,9101
00929,復華台灣科技優息,60,0,60,群益金鼎-敦南,2024-04-17,9101
00857B,永豐20年美公債,43,0,43,群益金鼎-敦南,2024-04-17,9101
3188,鑫龍騰,40,0,40,群益金鼎-敦南,2024-04-17,9101
1504,東元,99,59,40,群益金鼎-敦南,2024-04-17,9101
00878,國泰永續高股息,39,0,39,群益金鼎-敦南,2024-04-17,9101
00795B,中信美國公債20年,36,0,36,群益金鼎-敦南,2024-04-17,9101
9955,佳龍,39,3,36,群益金鼎-敦南,2024-04-17,9101
00733,富邦臺灣中小,32,0,32,群益金鼎-敦南,2024-04-17,9101
00751B,元大AAA至A公司債,32,0,32,群益金鼎-敦南,2024-04-17,9101
00712,復華富時不動產,32,0,32,群益金鼎-敦南,2024-04-17,9101
3481,群創,32,5,27,群益金鼎-敦南,2024-04-17,9101
2408,南亞科,26,0,26,群益金鼎-敦南,2024-04-17,9101
4167,松瑞藥,27,1,26,群益金鼎-敦南,2024-04-17,9101
3231,緯創,167,143,24,群益金鼎-敦南,2024-04-17,9101
8054,安國,49,26,23,群益金鼎-敦南,2024-04-17,9101
5880,合庫金,22,0,22,群益金鼎-敦南,2024-04-17,9101
00933B,國泰10Y+金融債,22,0,22,群益金鼎-敦南,2024-04-17,9101
2889,國票金,21,0,21,群益金鼎-敦南,2024-04-17,9101
2515,中工,30,9,21,群益金鼎-敦南,2024-04-17,9101
2618,長榮航,21,0,21,群益金鼎-敦南,2024-04-17,9101
8105,凌巨,20,0,20,群益金鼎-敦南,2024-04-17,9101
00637L,元大滬深300正2,20,0,20,群益金鼎-敦南,2024-04-17,9101
00632R,元大台灣50反1,20,0,20,群益金鼎-敦南,2024-04-17,9101
5392,能率,20,0,20,群益金鼎-敦南,2024-04-17,9101
00680L,元大美債20正2,20,0,20,群益金鼎-敦南,2024-04-17,9101
4564,元翎,20,0,20,群益金鼎-敦南,2024-04-17,9101
8069,元太,20,1,19,群益金鼎-敦南,2024-04-17,9101
8064,東捷,18,0,18,群益金鼎-敦南,2024-04-17,9101
4513,福裕,16,0,16,群益金鼎-敦南,2024-04-17,9101
3339,泰谷,17,1,16,群益金鼎-敦南,2024-04-17,9101
00764B,群益25年美債,16,0,16,群益金鼎-敦南,2024-04-17,9101
2317,鴻海,54,38,16,群益金鼎-敦南,2024-04-17,9101
2303,聯電,20,4,16,群益金鼎-敦南,2024-04-17,9101
2615,萬海,15,0,15,群益金鼎-敦南,2024-04-17,9101
1301,台塑,14,0,14,群益金鼎-敦南,2024-04-17,9101
2543,皇昌,21,7,14,群益金鼎-敦南,2024-04-17,9101
2881,富邦金,14,0,14,群益金鼎-敦南,2024-04-17,9101
2884,玉山金,14,0,14,群益金鼎-敦南,2024-04-17,9101
2457,飛宏,20,7,13,群益金鼎-敦南,2024-04-17,9101
4956,光鋐,13,0,13,群益金鼎-敦南,2024-04-17,9101
2880,華南金,13,0,13,群益金鼎-敦南,2024-04-17,9101
2363,矽統,45,33,12,群益金鼎-敦南,2024-04-17,9101
2515,中工,535,30,505,群益金鼎-敦南,2024-04-18,9101
2382,廣達,309,2,307,群益金鼎-敦南,2024-04-18,9101
00937B,群益ESG投等債20,178,0,178,群益金鼎-敦南,2024-04-18,9101
00632R,元大台灣50反1,130,0,130,群益金鼎-敦南,2024-04-18,9101
5515,建國,253,129,124,群益金鼎-敦南,2024-04-18,9101
2505,國揚,67,0,67,群益金鼎-敦南,2024-04-18,9101
00940,元大台灣價值高息,48,1,47,群益金鼎-敦南,2024-04-18,9101
1321,大洋,51,4,47,群益金鼎-敦南,2024-04-18,9101
8099,大世科,46,0,46,群益金鼎-敦南,2024-04-18,9101
9958,世紀鋼,40,1,39,群益金鼎-敦南,2024-04-18,9101
00929,復華台灣科技優息,38,0,38,群益金鼎-敦南,2024-04-18,9101
1217,愛之味,38,0,38,群益金鼎-敦南,2024-04-18,9101
1608,華榮,60,27,33,群益金鼎-敦南,2024-04-18,9101
4533,協易機,30,0,30,群益金鼎-敦南,2024-04-18,9101
2066,世德,30,3,27,群益金鼎-敦南,2024-04-18,9101
8054,安國,59,33,26,群益金鼎-敦南,2024-04-18,9101
2809,京城銀,27,1,26,群益金鼎-敦南,2024-04-18,9101
6182,合晶,25,0,25,群益金鼎-敦南,2024-04-18,9101
2409,友達,25,0,25,群益金鼎-敦南,2024-04-18,9101
00919,群益台灣精選高息,28,4,24,群益金鼎-敦南,2024-04-18,9101
2514,龍邦,23,0,23,群益金鼎-敦南,2024-04-18,9101
00941,中信上游半導體,34,11,23,群益金鼎-敦南,2024-04-18,9101
2511,太子,45,22,23,群益金鼎-敦南,2024-04-18,9101
00927,群益半導體收益,21,0,21,群益金鼎-敦南,2024-04-18,9101
00942B,台新美A公司債20+,21,0,21,群益金鼎-敦南,2024-04-18,9101
9941,裕融,20,0,20,群益金鼎-敦南,2024-04-18,9101
3011,今皓,20,0,20,群益金鼎-敦南,2024-04-18,9101
00857B,永豐20年美公債,20,0,20,群益金鼎-敦南,2024-04-18,9101
3490,單井,25,6,19,群益金鼎-敦南,2024-04-18,9101
2101,南港,47,28,19,群益金鼎-敦南,2024-04-18,9101
8926,台汽電,25,8,17,群益金鼎-敦南,2024-04-18,9101
2103,台橡,17,0,17,群益金鼎-敦南,2024-04-18,9101
0056,元大高股息,17,0,17,群益金鼎-敦南,2024-04-18,9101
2367,燿華,27,12,15,群益金鼎-敦南,2024-04-18,9101
6187,萬潤,15,0,15,群益金鼎-敦南,2024-04-18,9101
2867,三商壽,45,31,14,群益金鼎-敦南,2024-04-18,9101
5225,東科-KY,15,2,13,群益金鼎-敦南,2024-04-18,9101
00712,復華富時不動產,12,0,12,群益金鼎-敦南,2024-04-18,9101
6164,華興,12,0,12,群益金鼎-敦南,2024-04-18,9101
1108,幸福,22,10,12,群益金鼎-敦南,2024-04-18,9101
00680L,元大美債20正2,11,0,11,群益金鼎-敦南,2024-04-18,9101
1319,東陽,13,2,11,群益金鼎-敦南,2024-04-18,9101
2204,中華,11,0,11,群益金鼎-敦南,2024-04-18,9101
2374,佳能,26,16,10,群益金鼎-敦南,2024-04-18,9101
3625,西勝,10,0,10,群益金鼎-敦南,2024-04-18,9101
3014,聯陽,11,1,10,群益金鼎-敦南,2024-04-18,9101
1451,年興,10,0,10,群益金鼎-敦南,2024-04-18,9101
3312,弘憶股,63,53,10,群益金鼎-敦南,2024-04-18,9101
6869,雲豹能源,10,0,10,群益金鼎-敦南,2024-04-18,9101
00753L,中信中國50正2,10,0,10,群益金鼎-敦南,2024-04-18,9101
00929,復華台灣科技優息,434,23,411,群益金鼎-敦南,2024-04-19,9101
6235,華孚,343,5,338,群益金鼎-敦南,2024-04-19,9101
00937B,群益ESG投等債20,388,63,325,群益金鼎-敦南,2024-04-19,9101
00940,元大台灣價值高息,303,121,182,群益金鼎-敦南,2024-04-19,9101
3481,群創,233,55,178,群益金鼎-敦南,2024-04-19,9101
2101,南港,214,42,172,群益金鼎-敦南,2024-04-19,9101
00878,國泰永續高股息,177,7,170,群益金鼎-敦南,2024-04-19,9101
2330,台積電,309,178,131,群益金鼎-敦南,2024-04-19,9101
2801,彰銀,117,1,116,群益金鼎-敦南,2024-04-19,9101
1609,大亞,466,372,94,群益金鼎-敦南,2024-04-19,9101
00939,統一台灣高息動能,66,0,66,群益金鼎-敦南,2024-04-19,9101
2303,聯電,66,15,51,群益金鼎-敦南,2024-04-19,9101
2610,華航,59,14,45,群益金鼎-敦南,2024-04-19,9101
3231,緯創,137,94,43,群益金鼎-敦南,2024-04-19,9101
5521,工信,112,74,38,群益金鼎-敦南,2024-04-19,9101
2382,廣達,45,9,36,群益金鼎-敦南,2024-04-19,9101
2618,長榮航,45,9,36,群益金鼎-敦南,2024-04-19,9101
3708,上緯投控,55,20,35,群益金鼎-敦南,2024-04-19,9101
2317,鴻海,54,20,34,群益金鼎-敦南,2024-04-19,9101
1560,中砂,33,0,33,群益金鼎-敦南,2024-04-19,9101
1504,東元,84,53,31,群益金鼎-敦南,2024-04-19,9101
8054,安國,75,46,29,群益金鼎-敦南,2024-04-19,9101
4912,聯德控股-KY,29,0,29,群益金鼎-敦南,2024-04-19,9101
1570,力肯,27,0,27,群益金鼎-敦南,2024-04-19,9101
8070,長華*,28,1,27,群益金鼎-敦南,2024-04-19,9101
00941,中信上游半導體,31,4,27,群益金鼎-敦南,2024-04-19,9101
2634,漢翔,89,63,26,群益金鼎-敦南,2024-04-19,9101
2888,新光金,26,0,26,群益金鼎-敦南,2024-04-19,9101
2882,國泰金,27,2,25,群益金鼎-敦南,2024-04-19,9101
00891,中信關鍵半導體,25,0,25,群益金鼎-敦南,2024-04-19,9101
1618,合機,67,44,23,群益金鼎-敦南,2024-04-19,9101
9955,佳龍,41,18,23,群益金鼎-敦南,2024-04-19,9101
4513,福裕,23,0,23,群益金鼎-敦南,2024-04-19,9101
2427,三商電,33,11,22,群益金鼎-敦南,2024-04-19,9101
2353,宏��,41,19,22,群益金鼎-敦南,2024-04-19,9101
2633,台灣高鐵,22,0,22,群益金鼎-敦南,2024-04-19,9101
2402,毅嘉,22,0,22,群益金鼎-敦南,2024-04-19,9101
6164,華興,24,3,21,群益金鼎-敦南,2024-04-19,9101
8936,國統,51,30,21,群益金鼎-敦南,2024-04-19,9101
4909,新復興,20,0,20,群益金鼎-敦南,2024-04-19,9101
4967,十銓,20,0,20,群益金鼎-敦南,2024-04-19,9101
0050,元大台灣50,19,1,18,群益金鼎-敦南,2024-04-19,9101
2371,大同,286,268,18,群益金鼎-敦南,2024-04-19,9101
1605,華新,57,39,18,群益金鼎-敦南,2024-04-19,9101
00662,富邦NASDAQ,18,0,18,群益金鼎-敦南,2024-04-19,9101
3027,盛達,54,36,18,群益金鼎-敦南,2024-04-19,9101
2498,宏達電,28,11,17,群益金鼎-敦南,2024-04-19,9101
006208,富邦台50,21,4,17,群益金鼎-敦南,2024-04-19,9101
2637,慧洋-KY,31,15,16,群益金鼎-敦南,2024-04-19,9101
00692,富邦公司治理,16,2,14,群益金鼎-敦南,2024-04-19,9101
00940,元大台灣價值高息,489,29,460,群益金鼎-敦南,2024-04-22,9101
00929,復華台灣科技優息,315,3,312,群益金鼎-敦南,2024-04-22,9101
00937B,群益ESG投等債20,316,7,309,群益金鼎-敦南,2024-04-22,9101
00679B,元大美債20年,192,5,187,群益金鼎-敦南,2024-04-22,9101
2101,南港,172,9,163,群益金鼎-敦南,2024-04-22,9101
0056,元大高股息,133,8,125,群益金鼎-敦南,2024-04-22,9101
00857B,永豐20年美公債,120,0,120,群益金鼎-敦南,2024-04-22,9101
5533,皇鼎,100,5,95,群益金鼎-敦南,2024-04-22,9101
00939,統一台灣高息動能,97,9,88,群益金鼎-敦南,2024-04-22,9101
00687B,國泰20年美債,87,0,87,群益金鼎-敦南,2024-04-22,9101
4513,福裕,79,0,79,群益金鼎-敦南,2024-04-22,9101
2603,長榮,209,135,74,群益金鼎-敦南,2024-04-22,9101
2014,中鴻,60,0,60,群益金鼎-敦南,2024-04-22,9101
5531,鄉林,48,0,48,群益金鼎-敦南,2024-04-22,9101
1909,榮成,43,0,43,群益金鼎-敦南,2024-04-22,9101
2371,大同,419,379,40,群益金鼎-敦南,2024-04-22,9101
3231,緯創,133,93,40,群益金鼎-敦南,2024-04-22,9101
1609,大亞,258,222,36,群益金鼎-敦南,2024-04-22,9101
3481,群創,35,0,35,群益金鼎-敦南,2024-04-22,9101
1618,合機,49,15,34,群益金鼎-敦南,2024-04-22,9101
1608,華榮,58,24,34,群益金鼎-敦南,2024-04-22,9101
1514,亞力,34,7,27,群益金鼎-敦南,2024-04-22,9101
2514,龍邦,26,0,26,群益金鼎-敦南,2024-04-22,9101
1321,大洋,39,14,25,群益金鼎-敦南,2024-04-22,9101
8085,福華,24,0,24,群益金鼎-敦南,2024-04-22,9101
2303,聯電,30,6,24,群益金鼎-敦南,2024-04-22,9101
2402,毅嘉,23,0,23,群益金鼎-敦南,2024-04-22,9101
2520,冠德,63,40,23,群益金鼎-敦南,2024-04-22,9101
1785,光洋科,25,3,22,群益金鼎-敦南,2024-04-22,9101
00878,國泰永續高股息,23,1,22,群益金鼎-敦南,2024-04-22,9101
1617,榮星,66,45,21,群益金鼎-敦南,2024-04-22,9101
2609,陽明,48,27,21,群益金鼎-敦南,2024-04-22,9101
2382,廣達,24,4,20,群益金鼎-敦南,2024-04-22,9101
6274,台燿,20,0,20,群益金鼎-敦南,2024-04-22,9101
4526,東台,22,2,20,群益金鼎-敦南,2024-04-22,9101
2359,所羅門,20,0,20,群益金鼎-敦南,2024-04-22,9101
6125,廣運,40,21,19,群益金鼎-敦南,2024-04-22,9101
8473,山林水,32,16,16,群益金鼎-敦南,2024-04-22,9101
5516,雙喜,16,0,16,群益金鼎-敦南,2024-04-22,9101
00931B,統一美債20年,16,0,16,群益金鼎-敦南,2024-04-22,9101
006208,富邦台50,16,1,15,群益金鼎-敦南,2024-04-22,9101
2329,華泰,17,2,15,群益金鼎-敦南,2024-04-22,9101
2107,厚生,15,0,15,群益金鼎-敦南,2024-04-22,9101
3211,順達,15,0,15,群益金鼎-敦南,2024-04-22,9101
2605,新興,41,27,14,群益金鼎-敦南,2024-04-22,9101
2355,敬鵬,14,0,14,群益金鼎-敦南,2024-04-22,9101
6535,順藥,14,0,14,群益金鼎-敦南,2024-04-22,9101
2308,台達電,13,0,13,群益金鼎-敦南,2024-04-22,9101
00918,大華優利高填息30,12,0,12,群益金鼎-敦南,2024-04-22,9101
8054,安國,39,28,11,群益金鼎-敦南,2024-04-22,9101
2515,中工,276,148,128,群益金鼎-敦南,2024-04-23,9101
6546,正基,80,0,80,群益金鼎-敦南,2024-04-23,9101
3703,欣陸,109,29,80,群益金鼎-敦南,2024-04-23,9101
8473,山林水,65,0,65,群益金鼎-敦南,2024-04-23,9101
00929,復華台灣科技優息,61,4,57,群益金鼎-敦南,2024-04-23,9101
6578,達邦蛋白,73,21,52,群益金鼎-敦南,2024-04-23,9101
00680L,元大美債20正2,50,0,50,群益金鼎-敦南,2024-04-23,9101
1603,華電,57,13,44,群益金鼎-敦南,2024-04-23,9101
2888,新光金,50,7,43,群益金鼎-敦南,2024-04-23,9101
5515,建國,42,0,42,群益金鼎-敦南,2024-04-23,9101
6279,胡連,42,6,36,群益金鼎-敦南,2024-04-23,9101
00637L,元大滬深300正2,35,0,35,群益金鼎-敦南,2024-04-23,9101
2393,億光,30,1,29,群益金鼎-敦南,2024-04-23,9101
3708,上緯投控,50,21,29,群益金鼎-敦南,2024-04-23,9101
4306,炎洲,27,2,25,群益金鼎-敦南,2024-04-23,9101
0056,元大高股息,23,0,23,群益金鼎-敦南,2024-04-23,9101
2892,第一金,22,2,20,群益金鼎-敦南,2024-04-23,9101
6187,萬潤,20,0,20,群益金鼎-敦南,2024-04-23,9101
8163,達方,20,0,20,群益金鼎-敦南,2024-04-23,9101
3694,海華,26,8,18,群益金鼎-敦南,2024-04-23,9101
2855,統一證,18,1,17,群益金鼎-敦南,2024-04-23,9101
1785,光洋科,16,0,16,群益金鼎-敦南,2024-04-23,9101
00941,中信上游半導體,15,0,15,群益金鼎-敦南,2024-04-23,9101
2505,國揚,15,0,15,群益金鼎-敦南,2024-04-23,9101
1108,幸福,14,0,14,群益金鼎-敦南,2024-04-23,9101
6234,高僑,25,11,14,群益金鼎-敦南,2024-04-23,9101
2105,正新,14,0,14,群益金鼎-敦南,2024-04-23,9101
2206,三陽工業,43,30,13,群益金鼎-敦南,2024-04-23,9101
00687B,國泰20年美債,20,7,13,群益金鼎-敦南,2024-04-23,9101
2838A,聯邦銀甲特,13,0,13,群益金鼎-敦南,2024-04-23,9101
2374,佳能,43,30,13,群益金鼎-敦南,2024-04-23,9101
2303,聯電,12,0,12,群益金鼎-敦南,2024-04-23,9101
1717,長興,28,16,12,群益金鼎-敦南,2024-04-23,9101
8383,千附,12,0,12,群益金鼎-敦南,2024-04-23,9101
3014,聯陽,11,0,11,群益金鼎-敦南,2024-04-23,9101
00662,富邦NASDAQ,11,0,11,群益金鼎-敦南,2024-04-23,9101
5009,榮剛,13,3,10,群益金鼎-敦南,2024-04-23,9101
9912,偉聯,10,0,10,群益金鼎-敦南,2024-04-23,9101
3518,柏騰,10,0,10,群益金鼎-敦南,2024-04-23,9101
2324,仁寶,10,1,9,群益金鼎-敦南,2024-04-23,9101
2301,光寶科,18,9,9,群益金鼎-敦南,2024-04-23,9101
2524,京城,9,0,9,群益金鼎-敦南,2024-04-23,9101
3706,神達,9,0,9,群益金鼎-敦南,2024-04-23,9101
1457,宜進,9,0,9,群益金鼎-敦南,2024-04-23,9101
5512,力麒,22,13,9,群益金鼎-敦南,2024-04-23,9101
6274,台燿,14,5,9,群益金鼎-敦南,2024-04-23,9101
1570,力肯,9,0,9,群益金鼎-敦南,2024-04-23,9101
2731,雄獅,15,7,8,群益金鼎-敦南,2024-04-23,9101
8033,雷虎,10,2,8,群益金鼎-敦南,2024-04-23,9101
3231,緯創,38,30,8,群益金鼎-敦南,2024-04-23,9101
00937B,群益ESG投等債20,317,7,310,群益金鼎-敦南,2024-04-24,9101
0056,元大高股息,161,8,153,群益金鼎-敦南,2024-04-24,9101
3481,群創,128,3,125,群益金鼎-敦南,2024-04-24,9101
00857B,永豐20年美公債,110,0,110,群益金鼎-敦南,2024-04-24,9101
5512,力麒,210,107,103,群益金鼎-敦南,2024-04-24,9101
00632R,元大台灣50反1,150,74,76,群益金鼎-敦南,2024-04-24,9101
00687B,國泰20年美債,62,1,61,群益金鼎-敦南,2024-04-24,9101
8070,長華*,64,13,51,群益金鼎-敦南,2024-04-24,9101
6213,聯茂,67,18,49,群益金鼎-敦南,2024-04-24,9101
1321,大洋,57,9,48,群益金鼎-敦南,2024-04-24,9101
00679B,元大美債20年,39,1,38,群益金鼎-敦南,2024-04-24,9101
2505,國揚,30,0,30,群益金鼎-敦南,2024-04-24,9101
2501,國建,91,66,25,群益金鼎-敦南,2024-04-24,9101
4532,瑞智,25,4,21,群益金鼎-敦南,2024-04-24,9101
00637L,元大滬深300正2,20,0,20,群益金鼎-敦南,2024-04-24,9101
6603,富強鑫,20,0,20,群益金鼎-敦南,2024-04-24,9101
2374,佳能,60,41,19,群益金鼎-敦南,2024-04-24,9101
9938,百和,21,2,19,群益金鼎-敦南,2024-04-24,9101
2890,永豐金,18,0,18,群益金鼎-敦南,2024-04-24,9101
4903,聯光通,17,0,17,群益金鼎-敦南,2024-04-24,9101
2610,華航,61,45,16,群益金鼎-敦南,2024-04-24,9101
00751B,元大AAA至A公司債,16,0,16,群益金鼎-敦南,2024-04-24,9101
3013,晟銘電,35,19,16,群益金鼎-敦南,2024-04-24,9101
3011,今皓,15,0,15,群益金鼎-敦南,2024-04-24,9101
1316,上曜,21,6,15,群益金鼎-敦南,2024-04-24,9101
00764B,群益25年美債,14,0,14,群益金鼎-敦南,2024-04-24,9101
2536,宏普,14,0,14,群益金鼎-敦南,2024-04-24,9101
2371,大同,386,373,13,群益金鼎-敦南,2024-04-24,9101
1605,華新,20,7,13,群益金鼎-敦南,2024-04-24,9101
6279,胡連,14,2,12,群益金鼎-敦南,2024-04-24,9101
3617,碩天,14,2,12,群益金鼎-敦南,2024-04-24,9101
6190,萬泰科,16,4,12,群益金鼎-敦南,2024-04-24,9101
6275,元山,14,2,12,群益金鼎-敦南,2024-04-24,9101
2002,中鋼,11,0,11,群益金鼎-敦南,2024-04-24,9101
6578,達邦蛋白,11,0,11,群益金鼎-敦南,2024-04-24,9101
6538,倉和,17,6,11,群益金鼎-敦南,2024-04-24,9101
3228,金麗科,10,0,10,群益金鼎-敦南,2024-04-24,9101
8473,山林水,10,0,10,群益金鼎-敦南,2024-04-24,9101
9945,潤泰新,10,0,10,群益金鼎-敦南,2024-04-24,9101
4306,炎洲,10,0,10,群益金鼎-敦南,2024-04-24,9101
2023,燁輝,10,0,10,群益金鼎-敦南,2024-04-24,9101
5525,順天,10,0,10,群益金鼎-敦南,2024-04-24,9101
2105,正新,10,0,10,群益金鼎-敦南,2024-04-24,9101
5324,士開,10,0,10,群益金鼎-敦南,2024-04-24,9101
5516,雙喜,10,0,10,群益金鼎-敦南,2024-04-24,9101
00713,元大台灣高息低波,10,0,10,群益金鼎-敦南,2024-04-24,9101
2886,兆豐金,9,0,9,群益金鼎-敦南,2024-04-24,9101
00680L,元大美債20正2,9,0,9,群益金鼎-敦南,2024-04-24,9101
2504,國產,11,3,8,群益金鼎-敦南,2024-04-24,9101
3234,光環,9,1,8,群益金鼎-敦南,2024-04-24,9101
00929,復華台灣科技優息,139,0,139,群益金鼎-敦南,2024-04-25,9101
00937B,群益ESG投等債20,129,0,129,群益金鼎-敦南,2024-04-25,9101
2618,長榮航,234,149,85,群益金鼎-敦南,2024-04-25,9101
00931B,統一美債20年,79,0,79,群益金鼎-敦南,2024-04-25,9101
00687B,國泰20年美債,84,5,79,群益金鼎-敦南,2024-04-25,9101
00919,群益台灣精選高息,68,11,57,群益金鼎-敦南,2024-04-25,9101
2834,臺企銀,57,0,57,群益金鼎-敦南,2024-04-25,9101
8070,長華*,80,28,52,群益金鼎-敦南,2024-04-25,9101
6215,和椿,48,2,46,群益金鼎-敦南,2024-04-25,9101
2610,華航,56,15,41,群益金鼎-敦南,2024-04-25,9101
2515,中工,246,208,38,群益金鼎-敦南,2024-04-25,9101
00751B,元大AAA至A公司債,37,0,37,群益金鼎-敦南,2024-04-25,9101
6285,啟��,30,0,30,群益金鼎-敦南,2024-04-25,9101
00795B,中信美國公債20年,26,0,26,群益金鼎-敦南,2024-04-25,9101
1409,新纖,25,0,25,群益金鼎-敦南,2024-04-25,9101
4588,玖鼎電力,26,2,24,群益金鼎-敦南,2024-04-25,9101
9938,百和,24,1,23,群益金鼎-敦南,2024-04-25,9101
00679B,元大美債20年,22,0,22,群益金鼎-敦南,2024-04-25,9101
2359,所羅門,30,8,22,群益金鼎-敦南,2024-04-25,9101
3707,漢磊,29,7,22,群益金鼎-敦南,2024-04-25,9101
2701,萬企,20,0,20,群益金鼎-敦南,2024-04-25,9101
1532,勤美,20,0,20,群益金鼎-敦南,2024-04-25,9101
00857B,永豐20年美公債,20,0,20,群益金鼎-敦南,2024-04-25,9101
1514,亞力,21,2,19,群益金鼎-敦南,2024-04-25,9101
6578,達邦蛋白,20,1,19,群益金鼎-敦南,2024-04-25,9101
6005,群益證,18,0,18,群益金鼎-敦南,2024-04-25,9101
00878,國泰永續高股息,18,0,18,群益金鼎-敦南,2024-04-25,9101
2892,第一金,17,0,17,群益金鼎-敦南,2024-04-25,9101
2501,國建,105,89,16,群益金鼎-敦南,2024-04-25,9101
2880,華南金,16,0,16,群益金鼎-敦南,2024-04-25,9101
6139,亞翔,18,2,16,群益金鼎-敦南,2024-04-25,9101
00680L,元大美債20正2,15,0,15,群益金鼎-敦南,2024-04-25,9101
3605,宏致,15,0,15,群益金鼎-敦南,2024-04-25,9101
6425,易發,19,5,14,群益金鼎-敦南,2024-04-25,9101
3056,富華新,26,12,14,群益金鼎-敦南,2024-04-25,9101
2363,矽統,24,10,14,群益金鼎-敦南,2024-04-25,9101
8996,高力,40,26,14,群益金鼎-敦南,2024-04-25,9101
2492,華新科,13,0,13,群益金鼎-敦南,2024-04-25,9101
6477,安集,13,0,13,群益金鼎-敦南,2024-04-25,9101
3312,弘憶股,40,27,13,群益金鼎-敦南,2024-04-25,9101
2317,鴻海,30,18,12,群益金鼎-敦南,2024-04-25,9101
1605,華新,21,9,12,群益金鼎-敦南,2024-04-25,9101
00720B,元大投資級公司債,11,0,11,群益金鼎-敦南,2024-04-25,9101
00939,統一台灣高息動能,18,7,11,群益金鼎-敦南,2024-04-25,9101
2884,玉山金,11,0,11,群益金鼎-敦南,2024-04-25,9101
2330,台積電,14,3,11,群益金鼎-敦南,2024-04-25,9101
3062,建漢,20,10,10,群益金鼎-敦南,2024-04-25,9101
2530,華建,10,0,10,群益金鼎-敦南,2024-04-25,9101
1229,聯華,10,0,10,群益金鼎-敦南,2024-04-25,9101
00764B,群益25年美債,10,0,10,群益金鼎-敦南,2024-04-25,9101
00937B,群益ESG投等債20,155,0,155,群益金鼎-敦南,2024-04-26,9101
00687B,國泰20年美債,134,0,134,群益金鼎-敦南,2024-04-26,9101
6213,聯茂,124,29,95,群益金鼎-敦南,2024-04-26,9101
00632R,元大台灣50反1,90,0,90,群益金鼎-敦南,2024-04-26,9101
00857B,永豐20年美公債,81,0,81,群益金鼎-敦南,2024-04-26,9101
1805,寶徠,80,0,80,群益金鼎-敦南,2024-04-26,9101
00929,復華台灣科技優息,77,0,77,群益金鼎-敦南,2024-04-26,9101
8105,凌巨,75,0,75,群益金鼎-敦南,2024-04-26,9101
2537,聯上發,60,6,54,群益金鼎-敦南,2024-04-26,9101
4513,福裕,39,2,37,群益金鼎-敦南,2024-04-26,9101
00679B,元大美債20年,54,19,35,群益金鼎-敦南,2024-04-26,9101
00919,群益台灣精選高息,38,5,33,群益金鼎-敦南,2024-04-26,9101
2867,三商壽,30,0,30,群益金鼎-敦南,2024-04-26,9101
1809,中釉,30,0,30,群益金鼎-敦南,2024-04-26,9101
2888,新光金,30,1,29,群益金鼎-敦南,2024-04-26,9101
3037,欣興,28,4,24,群益金鼎-敦南,2024-04-26,9101
6164,華興,27,3,24,群益金鼎-敦南,2024-04-26,9101
1409,新纖,23,0,23,群益金鼎-敦南,2024-04-26,9101
5481,新華,21,0,21,群益金鼎-敦南,2024-04-26,9101
2201,裕隆,22,1,21,群益金鼎-敦南,2024-04-26,9101
1784,訊聯,21,1,20,群益金鼎-敦南,2024-04-26,9101
3312,弘憶股,35,15,20,群益金鼎-敦南,2024-04-26,9101
6578,達邦蛋白,20,0,20,群益金鼎-敦南,2024-04-26,9101
2371,大同,82,63,19,群益金鼎-敦南,2024-04-26,9101
2368,金像電,19,1,18,群益金鼎-敦南,2024-04-26,9101
8064,東捷,30,12,18,群益金鼎-敦南,2024-04-26,9101
2330,台積電,34,17,17,群益金鼎-敦南,2024-04-26,9101
00878,國泰永續高股息,16,0,16,群益金鼎-敦南,2024-04-26,9101
4716,大立,51,35,16,群益金鼎-敦南,2024-04-26,9101
6207,雷科,68,53,15,群益金鼎-敦南,2024-04-26,9101
2241,艾姆勒,45,30,15,群益金鼎-敦南,2024-04-26,9101
8112,至上,20,6,14,群益金鼎-敦南,2024-04-26,9101
6005,群益證,14,0,14,群益金鼎-敦南,2024-04-26,9101
1605,華新,15,1,14,群益金鼎-敦南,2024-04-26,9101
2206,三陽工業,37,23,14,群益金鼎-敦南,2024-04-26,9101
00720B,元大投資級公司債,14,1,13,群益金鼎-敦南,2024-04-26,9101
00795B,中信美國公債20年,13,0,13,群益金鼎-敦南,2024-04-26,9101
6016,康和證,13,0,13,群益金鼎-敦南,2024-04-26,9101
2838A,聯邦銀甲特,13,0,13,群益金鼎-敦南,2024-04-26,9101
2534,宏盛,13,0,13,群益金鼎-敦南,2024-04-26,9101
9904,寶成,13,0,13,群益金鼎-敦南,2024-04-26,9101
2504,國產,48,35,13,群益金鼎-敦南,2024-04-26,9101
2374,佳能,63,51,12,群益金鼎-敦南,2024-04-26,9101
9933,中鼎,13,1,12,群益金鼎-敦南,2024-04-26,9101
4303,信立,18,7,11,群益金鼎-敦南,2024-04-26,9101
00751B,元大AAA至A公司債,11,0,11,群益金鼎-敦南,2024-04-26,9101
00934,中信成長高股息,15,4,11,群益金鼎-敦南,2024-04-26,9101
00764B,群益25年美債,10,0,10,群益金鼎-敦南,2024-04-26,9101
2362,藍天,10,0,10,群益金鼎-敦南,2024-04-26,9101
4533,協易機,10,0,10,群益金鼎-敦南,2024-04-26,9101
2891,中信金,662,113,549,群益金鼎-敦南,2024-04-29,9101
5392,能率,236,18,218,群益金鼎-敦南,2024-04-29,9101
00929,復華台灣科技優息,232,51,181,群益金鼎-敦南,2024-04-29,9101
2371,大同,193,59,134,群益金鼎-敦南,2024-04-29,9101
3056,富華新,154,22,132,群益金鼎-敦南,2024-04-29,9101
00632R,元大台灣50反1,126,0,126,群益金鼎-敦南,2024-04-29,9101
00937B,群益ESG投等債20,157,40,117,群益金鼎-敦南,2024-04-29,9101
2618,長榮航,168,79,89,群益金鼎-敦南,2024-04-29,9101
00919,群益台灣精選高息,91,8,83,群益金鼎-敦南,2024-04-29,9101
6005,群益證,82,7,75,群益金鼎-敦南,2024-04-29,9101
2834,臺企銀,100,36,64,群益金鼎-敦南,2024-04-29,9101
1609,大亞,118,65,53,群益金鼎-敦南,2024-04-29,9101
1316,上曜,69,17,52,群益金鼎-敦南,2024-04-29,9101
2363,矽統,123,78,45,群益金鼎-敦南,2024-04-29,9101
2515,中工,428,383,45,群益金鼎-敦南,2024-04-29,9101
2323,中環,49,18,31,群益金鼎-敦南,2024-04-29,9101
00882,中信中國高股息,50,19,31,群益金鼎-敦南,2024-04-29,9101
6234,高僑,31,0,31,群益金鼎-敦南,2024-04-29,9101
2505,國揚,67,36,31,群益金鼎-敦南,2024-04-29,9101
4127,天良,30,0,30,群益金鼎-敦南,2024-04-29,9101
2887,台新金,33,4,29,群益金鼎-敦南,2024-04-29,9101
1321,大洋,28,2,26,群益金鼎-敦南,2024-04-29,9101
3706,神達,29,4,25,群益金鼎-敦南,2024-04-29,9101
2606,裕民,25,1,24,群益金鼎-敦南,2024-04-29,9101
2641,正德,22,0,22,群益金鼎-敦南,2024-04-29,9101
2903,遠百,21,0,21,群益金鼎-敦南,2024-04-29,9101
1416,廣豐,20,0,20,群益金鼎-敦南,2024-04-29,9101
00650L,復華香港正2,55,35,20,群益金鼎-敦南,2024-04-29,9101
2501,國建,32,13,19,群益金鼎-敦南,2024-04-29,9101
2538,基泰,20,1,19,群益金鼎-敦南,2024-04-29,9101
3324,雙鴻,35,17,18,群益金鼎-敦南,2024-04-29,9101
2845,遠東銀,20,2,18,群益金鼎-敦南,2024-04-29,9101
6207,雷科,36,18,18,群益金鼎-敦南,2024-04-29,9101
3017,奇鋐,36,19,17,群益金鼎-敦南,2024-04-29,9101
2520,冠德,56,39,17,群益金鼎-敦南,2024-04-29,9101
1220,台榮,15,0,15,群益金鼎-敦南,2024-04-29,9101
2801,彰銀,14,0,14,群益金鼎-敦南,2024-04-29,9101
00795B,中信美國公債20年,15,2,13,群益金鼎-敦南,2024-04-29,9101
2705,六福,12,0,12,群益金鼎-敦南,2024-04-29,9101
2369,菱生,12,0,12,群益金鼎-敦南,2024-04-29,9101
3038,全台,12,0,12,群益金鼎-敦南,2024-04-29,9101
3013,晟銘電,21,11,10,群益金鼎-敦南,2024-04-29,9101
2359,所羅門,42,32,10,群益金鼎-敦南,2024-04-29,9101
5525,順天,10,0,10,群益金鼎-敦南,2024-04-29,9101
3357,臺慶科,10,0,10,群益金鼎-敦南,2024-04-29,9101
9940,信義,10,0,10,群益金鼎-敦南,2024-04-29,9101
3234,光環,12,2,10,群益金鼎-敦南,2024-04-29,9101
1513,中興電,22,13,9,群益金鼎-敦南,2024-04-29,9101
2449,京元電子,20,11,9,群益金鼎-敦南,2024-04-29,9101
2534,宏盛,9,0,9,群益金鼎-敦南,2024-04-29,9101
1314,中石化,149,23,126,群益金鼎-敦南,2024-04-30,9101
2903,遠百,126,15,111,群益金鼎-敦南,2024-04-30,9101
2845,遠東銀,102,1,101,群益金鼎-敦南,2024-04-30,9101
2515,中工,298,212,86,群益金鼎-敦南,2024-04-30,9101
00937B,群益ESG投等債20,62,0,62,群益金鼎-敦南,2024-04-30,9101
2382,廣達,46,2,44,群益金鼎-敦南,2024-04-30,9101
00931B,統一美債20年,40,0,40,群益金鼎-敦南,2024-04-30,9101
00882,中信中國高股息,37,0,37,群益金鼎-敦南,2024-04-30,9101
2542,興富發,38,1,37,群益金鼎-敦南,2024-04-30,9101
00929,復華台灣科技優息,47,12,35,群益金鼎-敦南,2024-04-30,9101
2505,國揚,35,0,35,群益金鼎-敦南,2024-04-30,9101
00706L,期元大S＆P日圓正2,32,0,32,群益金鼎-敦南,2024-04-30,9101
3029,零壹,30,0,30,群益金鼎-敦南,2024-04-30,9101
3060,銘異,29,0,29,群益金鼎-敦南,2024-04-30,9101
00934,中信成長高股息,23,0,23,群益金鼎-敦南,2024-04-30,9101
3059,華晶科,22,0,22,群益金鼎-敦南,2024-04-30,9101
2022,聚亨,20,0,20,群益金鼎-敦南,2024-04-30,9101
2002,中鋼,21,1,20,群益金鼎-敦南,2024-04-30,9101
5009,榮剛,86,66,20,群益金鼎-敦南,2024-04-30,9101
2801,彰銀,20,1,19,群益金鼎-敦南,2024-04-30,9101
3679,新至陞,19,0,19,群益金鼎-敦南,2024-04-30,9101
2317,鴻海,40,21,19,群益金鼎-敦南,2024-04-30,9101
8084,巨虹,18,0,18,群益金鼎-敦南,2024-04-30,9101
2351,順德,18,0,18,群益金鼎-敦南,2024-04-30,9101
1457,宜進,34,18,16,群益金鼎-敦南,2024-04-30,9101
1605,華新,21,6,15,群益金鼎-敦南,2024-04-30,9101
9945,潤泰新,33,18,15,群益金鼎-敦南,2024-04-30,9101
8110,華東,15,0,15,群益金鼎-敦南,2024-04-30,9101
2605,新興,15,0,15,群益金鼎-敦南,2024-04-30,9101
3041,揚智,16,1,15,群益金鼎-敦南,2024-04-30,9101
3306,鼎天,14,0,14,群益金鼎-敦南,2024-04-30,9101
5608,四維航,16,2,14,群益金鼎-敦南,2024-04-30,9101
00650L,復華香港正2,20,6,14,群益金鼎-敦南,2024-04-30,9101
2888,新光金,14,0,14,群益金鼎-敦南,2024-04-30,9101
00940,元大台灣價值高息,20,6,14,群益金鼎-敦南,2024-04-30,9101
4533,協易機,14,1,13,群益金鼎-敦南,2024-04-30,9101
2486,一詮,20,7,13,群益金鼎-敦南,2024-04-30,9101
2855,統一證,12,0,12,群益金鼎-敦南,2024-04-30,9101
5706,鳳凰,13,1,12,群益金鼎-敦南,2024-04-30,9101
8358,金居,16,4,12,群益金鼎-敦南,2024-04-30,9101
1301,台塑,12,1,11,群益金鼎-敦南,2024-04-30,9101
4526,東台,96,85,11,群益金鼎-敦南,2024-04-30,9101
2838A,聯邦銀甲特,11,0,11,群益金鼎-敦南,2024-04-30,9101
6282,康舒,13,2,11,群益金鼎-敦南,2024-04-30,9101
00733,富邦臺灣中小,10,0,10,群益金鼎-敦南,2024-04-30,9101
5522,遠雄,15,5,10,群益金鼎-敦南,2024-04-30,9101
3033,威健,13,3,10,群益金鼎-敦南,2024-04-30,9101
3518,柏騰,10,0,10,群益金鼎-敦南,2024-04-30,9101
3056,富華新,11,1,10,群益金鼎-敦南,2024-04-30,9101
2331,精英,10,0,10,群益金鼎-敦南,2024-04-30,9101
6235,華孚,406,5,401,群益金鼎-敦南,2024-05-02,9101
2883,凱基金,354,9,345,群益金鼎-敦南,2024-05-02,9101
00878,國泰永續高股息,191,0,191,群益金鼎-敦南,2024-05-02,9101
00937B,群益ESG投等債20,165,0,165,群益金鼎-敦南,2024-05-02,9101
2371,大同,146,38,108,群益金鼎-敦南,2024-05-02,9101
00929,復華台灣科技優息,85,1,84,群益金鼎-敦南,2024-05-02,9101
3481,群創,85,4,81,群益金鼎-敦南,2024-05-02,9101
8358,金居,78,0,78,群益金鼎-敦南,2024-05-02,9101
00687B,國泰20年美債,69,0,69,群益金鼎-敦南,2024-05-02,9101
2891,中信金,68,0,68,群益金鼎-敦南,2024-05-02,9101
1314,中石化,76,15,61,群益金鼎-敦南,2024-05-02,9101
5392,能率,60,0,60,群益金鼎-敦南,2024-05-02,9101
00919,群益台灣精選高息,45,0,45,群益金鼎-敦南,2024-05-02,9101
9958,世紀鋼,50,7,43,群益金鼎-敦南,2024-05-02,9101
00632R,元大台灣50反1,90,50,40,群益金鼎-敦南,2024-05-02,9101
2534,宏盛,39,0,39,群益金鼎-敦南,2024-05-02,9101
00679B,元大美債20年,46,8,38,群益金鼎-敦南,2024-05-02,9101
5703,亞都,32,0,32,群益金鼎-敦南,2024-05-02,9101
2501,國建,108,81,27,群益金鼎-敦南,2024-05-02,9101
2330,台積電,28,1,27,群益金鼎-敦南,2024-05-02,9101
1615,大山,25,0,25,群益金鼎-敦南,2024-05-02,9101
1609,大亞,57,34,23,群益金鼎-敦南,2024-05-02,9101
2609,陽明,50,28,22,群益金鼎-敦南,2024-05-02,9101
2331,精英,21,0,21,群益金鼎-敦南,2024-05-02,9101
2002,中鋼,21,0,21,群益金鼎-敦南,2024-05-02,9101
2061,風青,20,0,20,群益金鼎-敦南,2024-05-02,9101
00882,中信中國高股息,24,6,18,群益金鼎-敦南,2024-05-02,9101
2597,潤弘,17,0,17,群益金鼎-敦南,2024-05-02,9101
3228,金麗科,16,0,16,群益金鼎-敦南,2024-05-02,9101
2206,三陽工業,33,17,16,群益金鼎-敦南,2024-05-02,9101
00864B,中信美國公債0-1,15,0,15,群益金鼎-敦南,2024-05-02,9101
2611,志信,42,28,14,群益金鼎-敦南,2024-05-02,9101
3715,定穎投控,76,62,14,群益金鼎-敦南,2024-05-02,9101
00795B,中信美國公債20年,13,0,13,群益金鼎-敦南,2024-05-02,9101
2409,友達,13,0,13,群益金鼎-敦南,2024-05-02,9101
8070,長華*,22,9,13,群益金鼎-敦南,2024-05-02,9101
3037,欣興,14,3,11,群益金鼎-敦南,2024-05-02,9101
4526,東台,26,15,11,群益金鼎-敦南,2024-05-02,9101
2801,彰銀,11,0,11,群益金鼎-敦南,2024-05-02,9101
2603,長榮,17,6,11,群益金鼎-敦南,2024-05-02,9101
3188,鑫龍騰,10,0,10,群益金鼎-敦南,2024-05-02,9101
2323,中環,17,7,10,群益金鼎-敦南,2024-05-02,9101
1416,廣豐,10,0,10,群益金鼎-敦南,2024-05-02,9101
2547,日勝生,10,0,10,群益金鼎-敦南,2024-05-02,9101
1712,興農,10,0,10,群益金鼎-敦南,2024-05-02,9101
2511,太子,10,0,10,群益金鼎-敦南,2024-05-02,9101
2897,王道銀行,10,0,10,群益金鼎-敦南,2024-05-02,9101
2852,第一保,20,10,10,群益金鼎-敦南,2024-05-02,9101
00931B,統一美債20年,10,0,10,群益金鼎-敦南,2024-05-02,9101
4109,加捷生醫,10,0,10,群益金鼎-敦南,2024-05-02,9101
00937B,群益ESG投等債20,419,2,417,群益金鼎-敦南,2024-05-03,9101
2852,第一保,213,25,188,群益金鼎-敦南,2024-05-03,9101
2371,大同,252,133,119,群益金鼎-敦南,2024-05-03,9101
2382,廣達,87,6,81,群益金鼎-敦南,2024-05-03,9101
8121,越峰,61,1,60,群益金鼎-敦南,2024-05-03,9101
2103,台橡,61,1,60,群益金鼎-敦南,2024-05-03,9101
00878,國泰永續高股息,60,0,60,群益金鼎-敦南,2024-05-03,9101
00687B,國泰20年美債,41,0,41,群益金鼎-敦南,2024-05-03,9101
3060,銘異,41,0,41,群益金鼎-敦南,2024-05-03,9101
1815,富喬,37,0,37,群益金鼎-敦南,2024-05-03,9101
2892,第一金,36,0,36,群益金鼎-敦南,2024-05-03,9101
1108,幸福,42,10,32,群益金鼎-敦南,2024-05-03,9101
6177,達麗,35,3,32,群益金鼎-敦南,2024-05-03,9101
1609,大亞,62,31,31,群益金鼎-敦南,2024-05-03,9101
00632R,元大台灣50反1,30,0,30,群益金鼎-敦南,2024-05-03,9101
2323,中環,31,2,29,群益金鼎-敦南,2024-05-03,9101
2809,京城銀,27,0,27,群益金鼎-敦南,2024-05-03,9101
2915,潤泰全,26,0,26,群益金鼎-敦南,2024-05-03,9101
1316,上曜,122,96,26,群益金鼎-敦南,2024-05-03,9101
4534,慶騰,24,0,24,群益金鼎-敦南,2024-05-03,9101
1440,南紡,27,4,23,群益金鼎-敦南,2024-05-03,9101
6180,橘子,31,9,22,群益金鼎-敦南,2024-05-03,9101
00740B,富邦全球投等債,22,0,22,群益金鼎-敦南,2024-05-03,9101
2511,太子,66,44,22,群益金鼎-敦南,2024-05-03,9101
3231,緯創,35,14,21,群益金鼎-敦南,2024-05-03,9101
2101,南港,29,8,21,群益金鼎-敦南,2024-05-03,9101
8401,白紗科,20,0,20,群益金鼎-敦南,2024-05-03,9101
1909,榮成,20,0,20,群益金鼎-敦南,2024-05-03,9101
4903,聯光通,19,0,19,群益金鼎-敦南,2024-05-03,9101
2538,基泰,20,1,19,群益金鼎-敦南,2024-05-03,9101
1442,名軒,84,66,18,群益金鼎-敦南,2024-05-03,9101
6143,振曜,32,15,17,群益金鼎-敦南,2024-05-03,9101
9945,潤泰新,99,82,17,群益金鼎-敦南,2024-05-03,9101
1416,廣豐,20,3,17,群益金鼎-敦南,2024-05-03,9101
2618,長榮航,116,100,16,群益金鼎-敦南,2024-05-03,9101
5328,華容,16,0,16,群益金鼎-敦南,2024-05-03,9101
1532,勤美,40,24,16,群益金鼎-敦南,2024-05-03,9101
2705,六福,16,0,16,群益金鼎-敦南,2024-05-03,9101
3041,揚智,15,0,15,群益金鼎-敦南,2024-05-03,9101
3706,神達,15,0,15,群益金鼎-敦南,2024-05-03,9101
4402,郡都開發,15,0,15,群益金鼎-敦南,2024-05-03,9101
5512,力麒,68,56,12,群益金鼎-敦南,2024-05-03,9101
3021,鴻名,12,0,12,群益金鼎-敦南,2024-05-03,9101
00919,群益台灣精選高息,18,7,11,群益金鼎-敦南,2024-05-03,9101
2537,聯上發,25,14,11,群益金鼎-敦南,2024-05-03,9101
3228,金麗科,11,0,11,群益金鼎-敦南,2024-05-03,9101
00720B,元大投資級公司債,10,0,10,群益金鼎-敦南,2024-05-03,9101
6531,愛普*,10,0,10,群益金鼎-敦南,2024-05-03,9101
4127,天良,10,0,10,群益金鼎-敦南,2024-05-03,9101
8084,巨虹,10,0,10,群益金鼎-敦南,2024-05-03,9101
5512,力麒,352,25,327,群益金鼎-敦南,2024-05-06,9101
2382,廣達,317,19,298,群益金鼎-敦南,2024-05-06,9101
2536,宏普,250,3,247,群益金鼎-敦南,2024-05-06,9101
00929,復華台灣科技優息,246,31,215,群益金鼎-敦南,2024-05-06,9101
2515,中工,448,278,170,群益金鼎-敦南,2024-05-06,9101
00937B,群益ESG投等債20,152,3,149,群益金鼎-敦南,2024-05-06,9101
2603,長榮,128,1,127,群益金鼎-敦南,2024-05-06,9101
2501,國建,235,109,126,群益金鼎-敦南,2024-05-06,9101
2838,聯邦銀,120,2,118,群益金鼎-敦南,2024-05-06,9101
5519,隆大,114,22,92,群益金鼎-敦南,2024-05-06,9101
5392,能率,75,0,75,群益金鼎-敦南,2024-05-06,9101
00857B,永豐20年美公債,52,0,52,群益金鼎-敦南,2024-05-06,9101
00878,國泰永續高股息,52,1,51,群益金鼎-敦南,2024-05-06,9101
2359,所羅門,88,42,46,群益金鼎-敦南,2024-05-06,9101
00940,元大台灣價值高息,51,10,41,群益金鼎-敦南,2024-05-06,9101
9933,中鼎,40,4,36,群益金鼎-敦南,2024-05-06,9101
3624,光頡,47,13,34,群益金鼎-敦南,2024-05-06,9101
9945,潤泰新,50,18,32,群益金鼎-敦南,2024-05-06,9101
1101,台泥,35,3,32,群益金鼎-敦南,2024-05-06,9101
00715L,期街口布蘭特正2,32,1,31,群益金鼎-敦南,2024-05-06,9101
1614,三洋電,30,0,30,群益金鼎-敦南,2024-05-06,9101
2809,京城銀,26,0,26,群益金鼎-敦南,2024-05-06,9101
2545,皇翔,25,1,24,群益金鼎-敦南,2024-05-06,9101
00679B,元大美債20年,23,0,23,群益金鼎-敦南,2024-05-06,9101
2852,第一保,40,18,22,群益金鼎-敦南,2024-05-06,9101
5703,亞都,22,0,22,群益金鼎-敦南,2024-05-06,9101
00680L,元大美債20正2,21,0,21,群益金鼎-敦南,2024-05-06,9101
6120,達運,20,0,20,群益金鼎-敦南,2024-05-06,9101
9935,慶豐富,20,0,20,群益金鼎-敦南,2024-05-06,9101
2329,華泰,21,1,20,群益金鼎-敦南,2024-05-06,9101
00919,群益台灣精選高息,44,24,20,群益金鼎-敦南,2024-05-06,9101
00891,中信關鍵半導體,18,0,18,群益金鼎-敦南,2024-05-06,9101
2201,裕隆,36,19,17,群益金鼎-敦南,2024-05-06,9101
2913,農林,20,3,17,群益金鼎-敦南,2024-05-06,9101
1452,宏益,20,3,17,群益金鼎-敦南,2024-05-06,9101
3501,維熹,18,1,17,群益金鼎-敦南,2024-05-06,9101
2323,中環,56,40,16,群益金鼎-敦南,2024-05-06,9101
00733,富邦臺灣中小,16,0,16,群益金鼎-敦南,2024-05-06,9101
3211,順達,15,0,15,群益金鼎-敦南,2024-05-06,9101
2363,矽統,25,10,15,群益金鼎-敦南,2024-05-06,9101
0061,元大寶滬深,15,0,15,群益金鼎-敦南,2024-05-06,9101
4919,新唐,14,0,14,群益金鼎-敦南,2024-05-06,9101
1605,華新,17,3,14,群益金鼎-敦南,2024-05-06,9101
4915,致伸,23,9,14,群益金鼎-敦南,2024-05-06,9101
2605,新興,14,0,14,群益金鼎-敦南,2024-05-06,9101
00719B,元大美債1-3,14,0,14,群益金鼎-敦南,2024-05-06,9101
3312,弘憶股,21,8,13,群益金鼎-敦南,2024-05-06,9101
1609,大亞,35,22,13,群益金鼎-敦南,2024-05-06,9101
00637L,元大滬深300正2,13,0,13,群益金鼎-敦南,2024-05-06,9101
9958,世紀鋼,13,0,13,群益金鼎-敦南,2024-05-06,9101
00937B,群益ESG投等債20,322,12,310,群益金鼎-敦南,2024-05-07,9101
2542,興富發,282,34,248,群益金鼎-敦南,2024-05-07,9101
2515,中工,728,577,151,群益金鼎-敦南,2024-05-07,9101
5392,能率,115,0,115,群益金鼎-敦南,2024-05-07,9101
00929,復華台灣科技優息,81,0,81,群益金鼎-敦南,2024-05-07,9101
00878,國泰永續高股息,102,32,70,群益金鼎-敦南,2024-05-07,9101
6215,和椿,87,18,69,群益金鼎-敦南,2024-05-07,9101
5348,正能量智能,48,1,47,群益金鼎-敦南,2024-05-07,9101
00882,中信中國高股息,50,3,47,群益金鼎-敦南,2024-05-07,9101
3013,晟銘電,99,52,47,群益金鼎-敦南,2024-05-07,9101
4503,金雨,83,41,42,群益金鼎-敦南,2024-05-07,9101
00918,大華優利高填息30,41,0,41,群益金鼎-敦南,2024-05-07,9101
5871,中租-KY,34,0,34,群益金鼎-敦南,2024-05-07,9101
2884,玉山金,33,1,32,群益金鼎-敦南,2024-05-07,9101
4513,福裕,25,0,25,群益金鼎-敦南,2024-05-07,9101
00645,富邦日本,23,0,23,群益金鼎-敦南,2024-05-07,9101
8096,擎亞,57,34,23,群益金鼎-敦南,2024-05-07,9101
1609,大亞,50,29,21,群益金鼎-敦南,2024-05-07,9101
1605,華新,20,0,20,群益金鼎-敦南,2024-05-07,9101
2412,中華電,20,0,20,群益金鼎-敦南,2024-05-07,9101
1591,駿吉-KY,20,0,20,群益金鼎-敦南,2024-05-07,9101
3321,同泰,19,0,19,群益金鼎-敦南,2024-05-07,9101
2891,中信金,42,24,18,群益金鼎-敦南,2024-05-07,9101
2726,雅茗-KY,18,0,18,群益金鼎-敦南,2024-05-07,9101
1582,信錦,24,6,18,群益金鼎-敦南,2024-05-07,9101
2509,全坤建,17,0,17,群益金鼎-敦南,2024-05-07,9101
6213,聯茂,24,7,17,群益金鼎-敦南,2024-05-07,9101
2505,國揚,16,0,16,群益金鼎-敦南,2024-05-07,9101
00857B,永豐20年美公債,15,0,15,群益金鼎-敦南,2024-05-07,9101
2457,飛宏,15,0,15,群益金鼎-敦南,2024-05-07,9101
6274,台燿,20,6,14,群益金鼎-敦南,2024-05-07,9101
1532,勤美,76,62,14,群益金鼎-敦南,2024-05-07,9101
4763,材料-KY,15,2,13,群益金鼎-敦南,2024-05-07,9101
2603,長榮,164,151,13,群益金鼎-敦南,2024-05-07,9101
2888,新光金,23,11,12,群益金鼎-敦南,2024-05-07,9101
2241,艾姆勒,17,5,12,群益金鼎-敦南,2024-05-07,9101
2312,金寶,33,22,11,群益金鼎-敦南,2024-05-07,9101
6279,胡連,11,0,11,群益金鼎-敦南,2024-05-07,9101
00650L,復華香港正2,15,4,11,群益金鼎-敦南,2024-05-07,9101
00632R,元大台灣50反1,11,0,11,群益金鼎-敦南,2024-05-07,9101
3041,揚智,10,0,10,群益金鼎-敦南,2024-05-07,9101
9105,泰金寶-DR,10,0,10,群益金鼎-敦南,2024-05-07,9101
00637L,元大滬深300正2,10,0,10,群益金鼎-敦南,2024-05-07,9101
1608,華榮,20,10,10,群益金鼎-敦南,2024-05-07,9101
2101,南港,36,26,10,群益金鼎-敦南,2024-05-07,9101
1617,榮星,10,0,10,群益金鼎-敦南,2024-05-07,9101
1416,廣豐,10,0,10,群益金鼎-敦南,2024-05-07,9101
6283,淳安,10,0,10,群益金鼎-敦南,2024-05-07,9101
5703,亞都,10,0,10,群益金鼎-敦南,2024-05-07,9101
6257,矽格,21,11,10,群益金鼎-敦南,2024-05-07,9101
00715L,期街口布蘭特正2,3000,0,3000,群益金鼎-敦南,2024-05-08,9101
00937B,群益ESG投等債20,635,30,605,群益金鼎-敦南,2024-05-08,9101
00929,復華台灣科技優息,154,6,148,群益金鼎-敦南,2024-05-08,9101
2542,興富發,100,11,89,群益金鼎-敦南,2024-05-08,9101
3466,德晉,73,1,72,群益金鼎-敦南,2024-05-08,9101
2425,承啟,68,0,68,群益金鼎-敦南,2024-05-08,9101
00878,國泰永續高股息,60,3,57,群益金鼎-敦南,2024-05-08,9101
3450,聯鈞,421,368,53,群益金鼎-敦南,2024-05-08,9101
2363,矽統,104,64,40,群益金鼎-敦南,2024-05-08,9101
00940,元大台灣價值高息,47,7,40,群益金鼎-敦南,2024-05-08,9101
2101,南港,57,22,35,群益金鼎-敦南,2024-05-08,9101
3209,全科,30,0,30,群益金鼎-敦南,2024-05-08,9101
2852,第一保,52,22,30,群益金鼎-敦南,2024-05-08,9101
00919,群益台灣精選高息,40,11,29,群益金鼎-敦南,2024-05-08,9101
2359,所羅門,45,16,29,群益金鼎-敦南,2024-05-08,9101
3083,網龍,28,0,28,群益金鼎-敦南,2024-05-08,9101
2427,三商電,29,2,27,群益金鼎-敦南,2024-05-08,9101
912000,晨訊科-DR,24,0,24,群益金鼎-敦南,2024-05-08,9101
3481,群創,23,0,23,群益金鼎-敦南,2024-05-08,9101
2605,新興,31,9,22,群益金鼎-敦南,2024-05-08,9101
00918,大華優利高填息30,20,0,20,群益金鼎-敦南,2024-05-08,9101
2881,富邦金,20,0,20,群益金鼎-敦南,2024-05-08,9101
2547,日勝生,20,0,20,群益金鼎-敦南,2024-05-08,9101
1321,大洋,19,0,19,群益金鼎-敦南,2024-05-08,9101
1612,宏泰,49,30,19,群益金鼎-敦南,2024-05-08,9101
2634,漢翔,23,4,19,群益金鼎-敦南,2024-05-08,9101
2603,長榮,26,7,19,群益金鼎-敦南,2024-05-08,9101
00679B,元大美債20年,17,0,17,群益金鼎-敦南,2024-05-08,9101
1532,勤美,37,20,17,群益金鼎-敦南,2024-05-08,9101
3710,連展投控,20,4,16,群益金鼎-敦南,2024-05-08,9101
3231,緯創,32,17,15,群益金鼎-敦南,2024-05-08,9101
3228,金麗科,18,3,15,群益金鼎-敦南,2024-05-08,9101
00706L,期元大S＆P日圓正2,16,1,15,群益金鼎-敦南,2024-05-08,9101
6188,廣明,35,20,15,群益金鼎-敦南,2024-05-08,9101
6189,豐藝,26,11,15,群益金鼎-敦南,2024-05-08,9101
00680L,元大美債20正2,13,0,13,群益金鼎-敦南,2024-05-08,9101
1316,上曜,13,0,13,群益金鼎-敦南,2024-05-08,9101
2374,佳能,71,58,13,群益金鼎-敦南,2024-05-08,9101
5871,中租-KY,22,10,12,群益金鼎-敦南,2024-05-08,9101
00650L,復華香港正2,15,3,12,群益金鼎-敦南,2024-05-08,9101
4153,鈺緯,12,0,12,群益金鼎-敦南,2024-05-08,9101
2066,世德,11,0,11,群益金鼎-敦南,2024-05-08,9101
6215,和椿,45,34,11,群益金鼎-敦南,2024-05-08,9101
1608,華榮,54,43,11,群益金鼎-敦南,2024-05-08,9101
6207,雷科,14,3,11,群益金鼎-敦南,2024-05-08,9101
2409,友達,22,11,11,群益金鼎-敦南,2024-05-08,9101
2618,長榮航,92,81,11,群益金鼎-敦南,2024-05-08,9101
2882,國泰金,11,0,11,群益金鼎-敦南,2024-05-08,9101
2002,中鋼,10,0,10,群益金鼎-敦南,2024-05-08,9101
2913,農林,10,0,10,群益金鼎-敦南,2024-05-08,9101
1524,耿鼎,709,457,252,群益金鼎-敦南,2024-05-09,9101
00937B,群益ESG投等債20,160,0,160,群益金鼎-敦南,2024-05-09,9101
00632R,元大台灣50反1,190,40,150,群益金鼎-敦南,2024-05-09,9101
2834,臺企銀,110,6,104,群益金鼎-敦南,2024-05-09,9101
00882,中信中國高股息,121,36,85,群益金鼎-敦南,2024-05-09,9101
2449,京元電子,89,6,83,群益金鼎-敦南,2024-05-09,9101
6546,正基,70,2,68,群益金鼎-敦南,2024-05-09,9101
00637L,元大滬深300正2,71,5,66,群益金鼎-敦南,2024-05-09,9101
2515,中工,398,338,60,群益金鼎-敦南,2024-05-09,9101
2618,長榮航,106,47,59,群益金鼎-敦南,2024-05-09,9101
00944,野村趨勢動能高息,51,0,51,群益金鼎-敦南,2024-05-09,9101
00878,國泰永續高股息,60,10,50,群益金鼎-敦南,2024-05-09,9101
00929,復華台灣科技優息,49,1,48,群益金鼎-敦南,2024-05-09,9101
00933B,國泰10Y+金融債,43,0,43,群益金鼎-敦南,2024-05-09,9101
6196,帆宣,43,0,43,群益金鼎-敦南,2024-05-09,9101
00679B,元大美債20年,42,1,41,群益金鼎-敦南,2024-05-09,9101
2367,燿華,99,65,34,群益金鼎-敦南,2024-05-09,9101
00650L,復華香港正2,30,0,30,群益金鼎-敦南,2024-05-09,9101
00936,台新永續高息中小,30,0,30,群益金鼎-敦南,2024-05-09,9101
00687B,國泰20年美債,24,0,24,群益金鼎-敦南,2024-05-09,9101
3231,緯創,37,13,24,群益金鼎-敦南,2024-05-09,9101
2885,元大金,30,7,23,群益金鼎-敦南,2024-05-09,9101
5871,中租-KY,22,0,22,群益金鼎-敦南,2024-05-09,9101
3706,神達,21,0,21,群益金鼎-敦南,2024-05-09,9101
2838,聯邦銀,20,0,20,群益金鼎-敦南,2024-05-09,9101
5531,鄉林,20,0,20,群益金鼎-敦南,2024-05-09,9101
9958,世紀鋼,25,6,19,群益金鼎-敦南,2024-05-09,9101
3228,金麗科,19,0,19,群益金鼎-敦南,2024-05-09,9101
1605,華新,19,0,19,群益金鼎-敦南,2024-05-09,9101
00700,富邦�琤肭磪�,15,0,15,群益金鼎-敦南,2024-05-09,9101
2442,新美齊,15,0,15,群益金鼎-敦南,2024-05-09,9101
00773B,中信優先金融債,15,0,15,群益金鼎-敦南,2024-05-09,9101
00642U,期元大S＆P石油,15,0,15,群益金鼎-敦南,2024-05-09,9101
2409,友達,13,0,13,群益金鼎-敦南,2024-05-09,9101
1721,三晃,34,21,13,群益金鼎-敦南,2024-05-09,9101
00891,中信關鍵半導體,13,0,13,群益金鼎-敦南,2024-05-09,9101
2610,華航,14,1,13,群益金鼎-敦南,2024-05-09,9101
8112,至上,20,7,13,群益金鼎-敦南,2024-05-09,9101
00751B,元大AAA至A公司債,12,0,12,群益金鼎-敦南,2024-05-09,9101
6187,萬潤,14,2,12,群益金鼎-敦南,2024-05-09,9101
2374,佳能,98,86,12,群益金鼎-敦南,2024-05-09,9101
5457,宣德,10,0,10,群益金鼎-敦南,2024-05-09,9101
2707,晶華,10,0,10,群益金鼎-敦南,2024-05-09,9101
6125,廣運,11,1,10,群益金鼎-敦南,2024-05-09,9101
8011,台通,25,15,10,群益金鼎-敦南,2024-05-09,9101
1440,南紡,12,2,10,群益金鼎-敦南,2024-05-09,9101
3209,全科,10,0,10,群益金鼎-敦南,2024-05-09,9101
9955,佳龍,10,0,10,群益金鼎-敦南,2024-05-09,9101
4157,太景*-KY,10,0,10,群益金鼎-敦南,2024-05-09,9101
4513,福裕,10,0,10,群益金鼎-敦南,2024-05-09,9101
2882,國泰金,1181,61,1120,群益金鼎-敦南,2024-05-10,9101
00632R,元大台灣50反1,474,0,474,群益金鼎-敦南,2024-05-10,9101
00937B,群益ESG投等債20,336,12,324,群益金鼎-敦南,2024-05-10,9101
2317,鴻海,225,19,206,群益金鼎-敦南,2024-05-10,9101
00882,中信中國高股息,151,18,133,群益金鼎-敦南,2024-05-10,9101
00929,復華台灣科技優息,146,14,132,群益金鼎-敦南,2024-05-10,9101
3044,健鼎,107,4,103,群益金鼎-敦南,2024-05-10,9101
2376,技嘉,103,2,101,群益金鼎-敦南,2024-05-10,9101
00933B,國泰10Y+金融債,106,10,96,群益金鼎-敦南,2024-05-10,9101
6274,台燿,103,12,91,群益金鼎-敦南,2024-05-10,9101
1717,長興,55,0,55,群益金鼎-敦南,2024-05-10,9101
2359,所羅門,77,27,50,群益金鼎-敦南,2024-05-10,9101
2617,台航,1173,1128,45,群益金鼎-敦南,2024-05-10,9101
2101,南港,43,0,43,群益金鼎-敦南,2024-05-10,9101
00946,群益科技高息成長,52,10,42,群益金鼎-敦南,2024-05-10,9101
2204,中華,41,0,41,群益金鼎-敦南,2024-05-10,9101
9944,新麗,37,0,37,群益金鼎-敦南,2024-05-10,9101
6546,正基,38,2,36,群益金鼎-敦南,2024-05-10,9101
00764B,群益25年美債,32,0,32,群益金鼎-敦南,2024-05-10,9101
00751B,元大AAA至A公司債,30,1,29,群益金鼎-敦南,2024-05-10,9101
2371,大同,38,10,28,群益金鼎-敦南,2024-05-10,9101
00940,元大台灣價值高息,28,2,26,群益金鼎-敦南,2024-05-10,9101
2641,正德,44,18,26,群益金鼎-敦南,2024-05-10,9101
9933,中鼎,30,5,25,群益金鼎-敦南,2024-05-10,9101
2313,華通,31,10,21,群益金鼎-敦南,2024-05-10,9101
00637L,元大滬深300正2,21,1,20,群益金鼎-敦南,2024-05-10,9101
2393,億光,20,0,20,群益金鼎-敦南,2024-05-10,9101
3605,宏致,20,0,20,群益金鼎-敦南,2024-05-10,9101
00944,野村趨勢動能高息,20,0,20,群益金鼎-敦南,2024-05-10,9101
9105,泰金寶-DR,20,0,20,群益金鼎-敦南,2024-05-10,9101
9904,寶成,20,1,19,群益金鼎-敦南,2024-05-10,9101
8085,福華,19,0,19,群益金鼎-敦南,2024-05-10,9101
00923,群益台ESG低碳50,20,2,18,群益金鼎-敦南,2024-05-10,9101
2530,華建,20,2,18,群益金鼎-敦南,2024-05-10,9101
8112,至上,43,27,16,群益金鼎-敦南,2024-05-10,9101
2323,中環,16,1,15,群益金鼎-敦南,2024-05-10,9101
2707,晶華,15,0,15,群益金鼎-敦南,2024-05-10,9101
8227,巨有科技,14,0,14,群益金鼎-敦南,2024-05-10,9101
1532,勤美,16,3,13,群益金鼎-敦南,2024-05-10,9101
3548,兆利,23,10,13,群益金鼎-敦南,2024-05-10,9101
4967,十銓,31,19,12,群益金鼎-敦南,2024-05-10,9101
2061,風青,12,0,12,群益金鼎-敦南,2024-05-10,9101
6538,倉和,15,3,12,群益金鼎-敦南,2024-05-10,9101
4153,鈺緯,11,0,11,群益金鼎-敦南,2024-05-10,9101
2511,太子,16,5,11,群益金鼎-敦南,2024-05-10,9101
3013,晟銘電,95,85,10,群益金鼎-敦南,2024-05-10,9101
2020,美亞,10,0,10,群益金鼎-敦南,2024-05-10,9101
1721,三晃,10,0,10,群益金鼎-敦南,2024-05-10,9101
8279,生展,10,0,10,群益金鼎-敦南,2024-05-10,9101
8096,擎亞,16,6,10,群益金鼎-敦南,2024-05-10,9101
2891,中信金,680,3,677,群益金鼎-敦南,2024-05-13,9101
00940,元大台灣價值高息,393,60,333,群益金鼎-敦南,2024-05-13,9101
3231,緯創,344,16,328,群益金鼎-敦南,2024-05-13,9101
2317,鴻海,437,155,282,群益金鼎-敦南,2024-05-13,9101
00937B,群益ESG投等債20,298,18,280,群益金鼎-敦南,2024-05-13,9101
2609,陽明,322,53,269,群益金鼎-敦南,2024-05-13,9101
00929,復華台灣科技優息,235,1,234,群益金鼎-敦南,2024-05-13,9101
3044,健鼎,204,2,202,群益金鼎-敦南,2024-05-13,9101
00933B,國泰10Y+金融債,157,10,147,群益金鼎-敦南,2024-05-13,9101
00632R,元大台灣50反1,102,0,102,群益金鼎-敦南,2024-05-13,9101
1524,耿鼎,386,292,94,群益金鼎-敦南,2024-05-13,9101
2615,萬海,158,77,81,群益金鼎-敦南,2024-05-13,9101
4157,太景*-KY,80,0,80,群益金鼎-敦南,2024-05-13,9101
00946,群益科技高息成長,76,10,66,群益金鼎-敦南,2024-05-13,9101
2515,中工,90,35,55,群益金鼎-敦南,2024-05-13,9101
2382,廣達,52,6,46,群益金鼎-敦南,2024-05-13,9101
1815,富喬,53,7,46,群益金鼎-敦南,2024-05-13,9101
3260,威剛,81,36,45,群益金鼎-敦南,2024-05-13,9101
5392,能率,103,60,43,群益金鼎-敦南,2024-05-13,9101
3390,旭軟,42,1,41,群益金鼎-敦南,2024-05-13,9101
3706,神達,45,6,39,群益金鼎-敦南,2024-05-13,9101
2892,第一金,41,5,36,群益金鼎-敦南,2024-05-13,9101
6616,特昇-KY,36,0,36,群益金鼎-敦南,2024-05-13,9101
2105,正新,40,6,34,群益金鼎-敦南,2024-05-13,9101
00878,國泰永續高股息,38,5,33,群益金鼎-敦南,2024-05-13,9101
3029,零壹,29,0,29,群益金鼎-敦南,2024-05-13,9101
1102,亞泥,27,0,27,群益金鼎-敦南,2024-05-13,9101
2367,燿華,112,86,26,群益金鼎-敦南,2024-05-13,9101
00919,群益台灣精選高息,30,4,26,群益金鼎-敦南,2024-05-13,9101
00687B,國泰20年美債,30,5,25,群益金鼎-敦南,2024-05-13,9101
1464,得力,22,0,22,群益金鼎-敦南,2024-05-13,9101
1314,中石化,21,0,21,群益金鼎-敦南,2024-05-13,9101
2905,三商,26,6,20,群益金鼎-敦南,2024-05-13,9101
00650L,復華香港正2,30,10,20,群益金鼎-敦南,2024-05-13,9101
2881,富邦金,20,1,19,群益金鼎-敦南,2024-05-13,9101
3033,威健,22,3,19,群益金鼎-敦南,2024-05-13,9101
1446,宏和,19,0,19,群益金鼎-敦南,2024-05-13,9101
2731,雄獅,21,2,19,群益金鼎-敦南,2024-05-13,9101
2603,長榮,79,62,17,群益金鼎-敦南,2024-05-13,9101
2449,京元電子,36,20,16,群益金鼎-敦南,2024-05-13,9101
1714,和桐,15,0,15,群益金鼎-敦南,2024-05-13,9101
3702,大聯大,15,0,15,群益金鼎-敦南,2024-05-13,9101
1711,永光,14,0,14,群益金鼎-敦南,2024-05-13,9101
00944,野村趨勢動能高息,15,1,14,群益金鼎-敦南,2024-05-13,9101
2376,技嘉,19,6,13,群益金鼎-敦南,2024-05-13,9101
00679B,元大美債20年,13,1,12,群益金鼎-敦南,2024-05-13,9101
3450,聯鈞,29,17,12,群益金鼎-敦南,2024-05-13,9101
2208,台船,12,0,12,群益金鼎-敦南,2024-05-13,9101
6689,伊雲谷,12,0,12,群益金鼎-敦南,2024-05-13,9101
1609,大亞,46,34,12,群益金鼎-敦南,2024-05-13,9101
00937B,群益ESG投等債20,386,5,381,群益金鼎-敦南,2024-05-14,9101
2495,普安,213,8,205,群益金鼎-敦南,2024-05-14,9101
00632R,元大台灣50反1,116,0,116,群益金鼎-敦南,2024-05-14,9101
2880,華南金,50,2,48,群益金鼎-敦南,2024-05-14,9101
00882,中信中國高股息,63,16,47,群益金鼎-敦南,2024-05-14,9101
6546,正基,50,8,42,群益金鼎-敦南,2024-05-14,9101
3483,力致,43,3,40,群益金鼎-敦南,2024-05-14,9101
2882,國泰金,35,1,34,群益金鼎-敦南,2024-05-14,9101
4562,穎漢,32,0,32,群益金鼎-敦南,2024-05-14,9101
4109,加捷生醫,32,0,32,群益金鼎-敦南,2024-05-14,9101
00878,國泰永續高股息,31,7,24,群益金鼎-敦南,2024-05-14,9101
2371,大同,51,27,24,群益金鼎-敦南,2024-05-14,9101
2615,萬海,198,176,22,群益金鼎-敦南,2024-05-14,9101
1532,勤美,22,1,21,群益金鼎-敦南,2024-05-14,9101
8234,新漢,30,9,21,群益金鼎-敦南,2024-05-14,9101
3481,群創,20,0,20,群益金鼎-敦南,2024-05-14,9101
00944,野村趨勢動能高息,20,0,20,群益金鼎-敦南,2024-05-14,9101
006205,富邦上証,20,0,20,群益金鼎-敦南,2024-05-14,9101
3047,訊舟,20,1,19,群益金鼎-敦南,2024-05-14,9101
2617,台航,18,0,18,群益金鼎-敦南,2024-05-14,9101
4909,新復興,19,2,17,群益金鼎-敦南,2024-05-14,9101
00923,群益台ESG低碳50,20,3,17,群益金鼎-敦南,2024-05-14,9101
3231,緯創,37,21,16,群益金鼎-敦南,2024-05-14,9101
3466,德晉,15,0,15,群益金鼎-敦南,2024-05-14,9101
1815,富喬,22,7,15,群益金鼎-敦南,2024-05-14,9101
2363,矽統,52,37,15,群益金鼎-敦南,2024-05-14,9101
5284,jpp-KY,15,0,15,群益金鼎-敦南,2024-05-14,9101
1609,大亞,19,4,15,群益金鼎-敦南,2024-05-14,9101
2344,華邦電,14,0,14,群益金鼎-敦南,2024-05-14,9101
2548,華固,18,4,14,群益金鼎-敦南,2024-05-14,9101
5371,中光電,26,13,13,群益金鼎-敦南,2024-05-14,9101
2890,永豐金,13,0,13,群益金鼎-敦南,2024-05-14,9101
2736,富野,13,0,13,群益金鼎-敦南,2024-05-14,9101
3363,上詮,46,34,12,群益金鼎-敦南,2024-05-14,9101
8112,至上,21,9,12,群益金鼎-敦南,2024-05-14,9101
6462,神盾,16,4,12,群益金鼎-敦南,2024-05-14,9101
8096,擎亞,15,3,12,群益金鼎-敦南,2024-05-14,9101
1321,大洋,13,1,12,群益金鼎-敦南,2024-05-14,9101
9945,潤泰新,22,10,12,群益金鼎-敦南,2024-05-14,9101
2852,第一保,11,0,11,群益金鼎-敦南,2024-05-14,9101
2374,佳能,85,74,11,群益金鼎-敦南,2024-05-14,9101
3005,神基,15,4,11,群益金鼎-敦南,2024-05-14,9101
6180,橘子,13,3,10,群益金鼎-敦南,2024-05-14,9101
2427,三商電,10,0,10,群益金鼎-敦南,2024-05-14,9101
3694,海華,28,18,10,群益金鼎-敦南,2024-05-14,9101
1474,弘裕,10,0,10,群益金鼎-敦南,2024-05-14,9101
4564,元翎,12,2,10,群益金鼎-敦南,2024-05-14,9101
00772B,中信高評級公司債,10,0,10,群益金鼎-敦南,2024-05-14,9101
5469,瀚宇博,26,16,10,群益金鼎-敦南,2024-05-14,9101
3311,閎暉,10,0,10,群益金鼎-敦南,2024-05-14,9101
00764B,群益25年美債,756,293,463,群益金鼎-敦南,2024-05-15,9101
00937B,群益ESG投等債20,365,0,365,群益金鼎-敦南,2024-05-15,9101
3060,銘異,551,365,186,群益金鼎-敦南,2024-05-15,9101
00632R,元大台灣50反1,126,0,126,群益金鼎-敦南,2024-05-15,9101
00919,群益台灣精選高息,149,26,123,群益金鼎-敦南,2024-05-15,9101
2603,長榮,197,80,117,群益金鼎-敦南,2024-05-15,9101
2356,英業達,106,22,84,群益金鼎-敦南,2024-05-15,9101
2405,輔信,94,22,72,群益金鼎-敦南,2024-05-15,9101
5392,能率,81,10,71,群益金鼎-敦南,2024-05-15,9101
1785,光洋科,68,0,68,群益金鼎-敦南,2024-05-15,9101
2243,宏旭-KY,60,0,60,群益金鼎-敦南,2024-05-15,9101
00946,群益科技高息成長,70,12,58,群益金鼎-敦南,2024-05-15,9101
5371,中光電,94,37,57,群益金鼎-敦南,2024-05-15,9101
00878,國泰永續高股息,69,17,52,群益金鼎-敦南,2024-05-15,9101
2542,興富發,41,0,41,群益金鼎-敦南,2024-05-15,9101
00719B,元大美債1-3,34,0,34,群益金鼎-敦南,2024-05-15,9101
6806,森崴能源,33,0,33,群益金鼎-敦南,2024-05-15,9101
00679B,元大美債20年,34,1,33,群益金鼎-敦南,2024-05-15,9101
5481,新華,32,0,32,群益金鼎-敦南,2024-05-15,9101
2363,矽統,78,48,30,群益金鼎-敦南,2024-05-15,9101
4562,穎漢,30,0,30,群益金鼎-敦南,2024-05-15,9101
1721,三晃,30,0,30,群益金鼎-敦南,2024-05-15,9101
00929,復華台灣科技優息,29,1,28,群益金鼎-敦南,2024-05-15,9101
9904,寶成,35,9,26,群益金鼎-敦南,2024-05-15,9101
8033,雷虎,34,8,26,群益金鼎-敦南,2024-05-15,9101
00945B,凱基美國非投等債,23,0,23,群益金鼎-敦南,2024-05-15,9101
3481,群創,23,0,23,群益金鼎-敦南,2024-05-15,9101
1591,駿吉-KY,21,0,21,群益金鼎-敦南,2024-05-15,9101
00712,復華富時不動產,40,20,20,群益金鼎-敦南,2024-05-15,9101
2204,中華,40,20,20,群益金鼎-敦南,2024-05-15,9101
2701,萬企,20,0,20,群益金鼎-敦南,2024-05-15,9101
4109,加捷生醫,23,5,18,群益金鼎-敦南,2024-05-15,9101
3548,兆利,40,26,14,群益金鼎-敦南,2024-05-15,9101
5519,隆大,14,0,14,群益金鼎-敦南,2024-05-15,9101
00772B,中信高評級公司債,13,0,13,群益金鼎-敦南,2024-05-15,9101
6188,廣明,21,9,12,群益金鼎-敦南,2024-05-15,9101
2353,宏��,122,111,11,群益金鼎-敦南,2024-05-15,9101
00940,元大台灣價值高息,42,31,11,群益金鼎-敦南,2024-05-15,9101
3535,晶彩科,13,2,11,群益金鼎-敦南,2024-05-15,9101
1609,大亞,11,0,11,群益金鼎-敦南,2024-05-15,9101
2464,盟立,39,28,11,群益金鼎-敦南,2024-05-15,9101
00933B,國泰10Y+金融債,11,0,11,群益金鼎-敦南,2024-05-15,9101
2610,華航,19,8,11,群益金鼎-敦南,2024-05-15,9101
4746,台耀,11,1,10,群益金鼎-敦南,2024-05-15,9101
2734,易飛網,10,0,10,群益金鼎-敦南,2024-05-15,9101
1314,中石化,10,0,10,群益金鼎-敦南,2024-05-15,9101
3141,晶宏,10,0,10,群益金鼎-敦南,2024-05-15,9101
006205,富邦上証,10,0,10,群益金鼎-敦南,2024-05-15,9101
3325,旭品,10,0,10,群益金鼎-敦南,2024-05-15,9101
3293,鈊象,10,0,10,群益金鼎-敦南,2024-05-15,9101
2356,英業達,1004,36,968,群益金鼎-敦南,2024-05-16,9101
00937B,群益ESG投等債20,724,42,682,群益金鼎-敦南,2024-05-16,9101
00857B,永豐20年美公債,201,0,201,群益金鼎-敦南,2024-05-16,9101
2317,鴻海,191,80,111,群益金鼎-敦南,2024-05-16,9101
2312,金寶,107,3,104,群益金鼎-敦南,2024-05-16,9101
00830,國泰費城半導體,100,2,98,群益金鼎-敦南,2024-05-16,9101
4109,加捷生醫,98,0,98,群益金鼎-敦南,2024-05-16,9101
3360,尚立,70,0,70,群益金鼎-敦南,2024-05-16,9101
2609,陽明,197,138,59,群益金鼎-敦南,2024-05-16,9101
00679B,元大美債20年,50,3,47,群益金鼎-敦南,2024-05-16,9101
2905,三商,40,2,38,群益金鼎-敦南,2024-05-16,9101
1609,大亞,39,5,34,群益金鼎-敦南,2024-05-16,9101
1522,堤維西,32,1,31,群益金鼎-敦南,2024-05-16,9101
00650L,復華香港正2,50,20,30,群益金鼎-敦南,2024-05-16,9101
2331,精英,29,3,26,群益金鼎-敦南,2024-05-16,9101
4562,穎漢,29,4,25,群益金鼎-敦南,2024-05-16,9101
2353,宏��,38,13,25,群益金鼎-敦南,2024-05-16,9101
2382,廣達,53,29,24,群益金鼎-敦南,2024-05-16,9101
3325,旭品,24,0,24,群益金鼎-敦南,2024-05-16,9101
3231,緯創,58,34,24,群益金鼎-敦南,2024-05-16,9101
00719B,元大美債1-3,23,0,23,群益金鼎-敦南,2024-05-16,9101
3051,力特,23,0,23,群益金鼎-敦南,2024-05-16,9101
8033,雷虎,21,0,21,群益金鼎-敦南,2024-05-16,9101
00915,凱基優選高股息30,22,1,21,群益金鼎-敦南,2024-05-16,9101
2301,光寶科,30,12,18,群益金鼎-敦南,2024-05-16,9101
6230,尼得科超眾,18,0,18,群益金鼎-敦南,2024-05-16,9101
4123,晟德,18,0,18,群益金鼎-敦南,2024-05-16,9101
3466,德晉,17,0,17,群益金鼎-敦南,2024-05-16,9101
5284,jpp-KY,16,0,16,群益金鼎-敦南,2024-05-16,9101
2605,新興,15,0,15,群益金鼎-敦南,2024-05-16,9101
00922,國泰台灣領袖50,14,0,14,群益金鼎-敦南,2024-05-16,9101
9904,寶成,48,34,14,群益金鼎-敦南,2024-05-16,9101
1532,勤美,15,2,13,群益金鼎-敦南,2024-05-16,9101
1582,信錦,14,1,13,群益金鼎-敦南,2024-05-16,9101
6189,豐藝,19,6,13,群益金鼎-敦南,2024-05-16,9101
00632R,元大台灣50反1,63,50,13,群益金鼎-敦南,2024-05-16,9101
1220,台榮,13,0,13,群益金鼎-敦南,2024-05-16,9101
2464,盟立,600,588,12,群益金鼎-敦南,2024-05-16,9101
6290,良維,12,0,12,群益金鼎-敦南,2024-05-16,9101
3005,神基,11,0,11,群益金鼎-敦南,2024-05-16,9101
00680L,元大美債20正2,11,0,11,群益金鼎-敦南,2024-05-16,9101
1717,長興,11,0,11,群益金鼎-敦南,2024-05-16,9101
3227,原相,24,13,11,群益金鼎-敦南,2024-05-16,9101
9945,潤泰新,55,45,10,群益金鼎-敦南,2024-05-16,9101
8463,潤泰材,10,0,10,群益金鼎-敦南,2024-05-16,9101
00773B,中信優先金融債,10,0,10,群益金鼎-敦南,2024-05-16,9101
00923,群益台ESG低碳50,10,0,10,群益金鼎-敦南,2024-05-16,9101
1455,集盛,19,9,10,群益金鼎-敦南,2024-05-16,9101
5607,遠雄港,10,0,10,群益金鼎-敦南,2024-05-16,9101
6182,合晶,10,0,10,群益金鼎-敦南,2024-05-16,9101
00937B,群益ESG投等債20,523,0,523,群益金鼎-敦南,2024-05-17,9101
2867,三商壽,222,46,176,群益金鼎-敦南,2024-05-17,9101
00946,群益科技高息成長,104,0,104,群益金鼎-敦南,2024-05-17,9101
5392,能率,157,55,102,群益金鼎-敦南,2024-05-17,9101
00929,復華台灣科技優息,80,3,77,群益金鼎-敦南,2024-05-17,9101
5371,中光電,82,6,76,群益金鼎-敦南,2024-05-17,9101
00878,國泰永續高股息,77,8,69,群益金鼎-敦南,2024-05-17,9101
3356,奇偶,51,0,51,群益金鼎-敦南,2024-05-17,9101
2317,鴻海,75,25,50,群益金鼎-敦南,2024-05-17,9101
2514,龍邦,55,6,49,群益金鼎-敦南,2024-05-17,9101
2515,中工,55,19,36,群益金鼎-敦南,2024-05-17,9101
2208,台船,30,0,30,群益金鼎-敦南,2024-05-17,9101
00650L,復華香港正2,30,0,30,群益金鼎-敦南,2024-05-17,9101
2367,燿華,141,115,26,群益金鼎-敦南,2024-05-17,9101
2002,中鋼,26,0,26,群益金鼎-敦南,2024-05-17,9101
6274,台燿,27,1,26,群益金鼎-敦南,2024-05-17,9101
1457,宜進,30,5,25,群益金鼎-敦南,2024-05-17,9101
5351,鈺創,29,5,24,群益金鼎-敦南,2024-05-17,9101
3024,憶聲,32,8,24,群益金鼎-敦南,2024-05-17,9101
8227,巨有科技,25,3,22,群益金鼎-敦南,2024-05-17,9101
6126,信音,57,35,22,群益金鼎-敦南,2024-05-17,9101
1609,大亞,26,5,21,群益金鼎-敦南,2024-05-17,9101
6257,矽格,21,1,20,群益金鼎-敦南,2024-05-17,9101
00752,中信中國50,20,0,20,群益金鼎-敦南,2024-05-17,9101
1314,中石化,29,9,20,群益金鼎-敦南,2024-05-17,9101
3576,聯合再生,23,3,20,群益金鼎-敦南,2024-05-17,9101
2603,長榮,99,80,19,群益金鼎-敦南,2024-05-17,9101
00679B,元大美債20年,30,12,18,群益金鼎-敦南,2024-05-17,9101
2331,精英,18,0,18,群益金鼎-敦南,2024-05-17,9101
2401,凌陽,18,0,18,群益金鼎-敦南,2024-05-17,9101
1815,富喬,83,67,16,群益金鼎-敦南,2024-05-17,9101
6443,元晶,37,21,16,群益金鼎-敦南,2024-05-17,9101
6189,豐藝,23,8,15,群益金鼎-敦南,2024-05-17,9101
3231,緯創,23,8,15,群益金鼎-敦南,2024-05-17,9101
1799,易威,15,0,15,群益金鼎-敦南,2024-05-17,9101
2606,裕民,16,2,14,群益金鼎-敦南,2024-05-17,9101
1605,華新,14,1,13,群益金鼎-敦南,2024-05-17,9101
6928,攸泰科技,13,0,13,群益金鼎-敦南,2024-05-17,9101
2374,佳能,76,64,12,群益金鼎-敦南,2024-05-17,9101
00940,元大台灣價值高息,26,15,11,群益金鼎-敦南,2024-05-17,9101
2324,仁寶,15,4,11,群益金鼎-敦南,2024-05-17,9101
2027,大成鋼,12,1,11,群益金鼎-敦南,2024-05-17,9101
4770,上品,19,9,10,群益金鼎-敦南,2024-05-17,9101
3466,德晉,10,0,10,群益金鼎-敦南,2024-05-17,9101
6292,迅德,10,0,10,群益金鼎-敦南,2024-05-17,9101
1522,堤維西,10,0,10,群益金鼎-敦南,2024-05-17,9101
2486,一詮,53,43,10,群益金鼎-敦南,2024-05-17,9101
1608,華榮,10,0,10,群益金鼎-敦南,2024-05-17,9101
2352,佳世達,12,2,10,群益金鼎-敦南,2024-05-17,9101
9927,泰銘,10,0,10,群益金鼎-敦南,2024-05-17,9101
2382,廣達,203,2,201,群益金鼎-敦南,2024-05-20,9101
3305,昇貿,315,146,169,群益金鼎-敦南,2024-05-20,9101
00632R,元大台灣50反1,100,6,94,群益金鼎-敦南,2024-05-20,9101
6213,聯茂,90,0,90,群益金鼎-敦南,2024-05-20,9101
00929,復華台灣科技優息,124,45,79,群益金鼎-敦南,2024-05-20,9101
00679B,元大美債20年,74,0,74,群益金鼎-敦南,2024-05-20,9101
2618,長榮航,115,52,63,群益金鼎-敦南,2024-05-20,9101
8028,昇陽半導體,82,20,62,群益金鼎-敦南,2024-05-20,9101
00939,統一台灣高息動能,60,3,57,群益金鼎-敦南,2024-05-20,9101
2489,瑞軒,115,58,57,群益金鼎-敦南,2024-05-20,9101
2867,三商壽,93,36,57,群益金鼎-敦南,2024-05-20,9101
2317,鴻海,72,15,57,群益金鼎-敦南,2024-05-20,9101
00720B,元大投資級公司債,54,0,54,群益金鼎-敦南,2024-05-20,9101
00919,群益台灣精選高息,67,23,44,群益金鼎-敦南,2024-05-20,9101
00940,元大台灣價值高息,47,4,43,群益金鼎-敦南,2024-05-20,9101
2460,建通,248,208,40,群益金鼎-敦南,2024-05-20,9101
2103,台橡,40,0,40,群益金鼎-敦南,2024-05-20,9101
8070,長華*,35,0,35,群益金鼎-敦南,2024-05-20,9101
3033,威健,134,101,33,群益金鼎-敦南,2024-05-20,9101
2363,矽統,106,73,33,群益金鼎-敦南,2024-05-20,9101
2329,華泰,45,16,29,群益金鼎-敦南,2024-05-20,9101
2331,精英,30,1,29,群益金鼎-敦南,2024-05-20,9101
5392,能率,59,31,28,群益金鼎-敦南,2024-05-20,9101
3564,其陽,30,4,26,群益金鼎-敦南,2024-05-20,9101
00713,元大台灣高息低波,25,1,24,群益金鼎-敦南,2024-05-20,9101
1531,高林股,30,7,23,群益金鼎-敦南,2024-05-20,9101
00878,國泰永續高股息,54,31,23,群益金鼎-敦南,2024-05-20,9101
1815,富喬,24,1,23,群益金鼎-敦南,2024-05-20,9101
2492,華新科,21,0,21,群益金鼎-敦南,2024-05-20,9101
4114,健喬,21,0,21,群益金鼎-敦南,2024-05-20,9101
00923,群益台ESG低碳50,20,0,20,群益金鼎-敦南,2024-05-20,9101
2356,英業達,28,12,16,群益金鼎-敦南,2024-05-20,9101
6125,廣運,64,48,16,群益金鼎-敦南,2024-05-20,9101
2206,三陽工業,26,10,16,群益金鼎-敦南,2024-05-20,9101
3037,欣興,15,0,15,群益金鼎-敦南,2024-05-20,9101
2881,富邦金,16,1,15,群益金鼎-敦南,2024-05-20,9101
00795B,中信美國公債20年,15,0,15,群益金鼎-敦南,2024-05-20,9101
2337,旺宏,17,2,15,群益金鼎-敦南,2024-05-20,9101
8033,雷虎,28,14,14,群益金鼎-敦南,2024-05-20,9101
2449,京元電子,20,6,14,群益金鼎-敦南,2024-05-20,9101
2330,台積電,16,3,13,群益金鼎-敦南,2024-05-20,9101
2357,華碩,17,4,13,群益金鼎-敦南,2024-05-20,9101
6706,惠特,13,0,13,群益金鼎-敦南,2024-05-20,9101
2352,佳世達,15,2,13,群益金鼎-敦南,2024-05-20,9101
5371,中光電,16,5,11,群益金鼎-敦南,2024-05-20,9101
3059,華晶科,20,9,11,群益金鼎-敦南,2024-05-20,9101
8085,福華,11,0,11,群益金鼎-敦南,2024-05-20,9101
2464,盟立,79,68,11,群益金鼎-敦南,2024-05-20,9101
6282,康舒,12,1,11,群益金鼎-敦南,2024-05-20,9101
3715,定穎投控,11,0,11,群益金鼎-敦南,2024-05-20,9101
2460,建通,1338,738,600,群益金鼎-敦南,2024-05-21,9101
00933B,國泰10Y+金融債,510,0,510,群益金鼎-敦南,2024-05-21,9101
00929,復華台灣科技優息,131,0,131,群益金鼎-敦南,2024-05-21,9101
2880,華南金,111,0,111,群益金鼎-敦南,2024-05-21,9101
00940,元大台灣價值高息,58,0,58,群益金鼎-敦南,2024-05-21,9101
2618,長榮航,68,21,47,群益金鼎-敦南,2024-05-21,9101
4720,德淵,38,2,36,群益金鼎-敦南,2024-05-21,9101
2363,矽統,65,29,36,群益金鼎-敦南,2024-05-21,9101
00919,群益台灣精選高息,37,2,35,群益金鼎-敦南,2024-05-21,9101
2891,中信金,36,2,34,群益金鼎-敦南,2024-05-21,9101
3706,神達,45,14,31,群益金鼎-敦南,2024-05-21,9101
3033,威健,33,3,30,群益金鼎-敦南,2024-05-21,9101
2023,燁輝,30,0,30,群益金鼎-敦南,2024-05-21,9101
1608,華榮,69,42,27,群益金鼎-敦南,2024-05-21,9101
8064,東捷,26,0,26,群益金鼎-敦南,2024-05-21,9101
2324,仁寶,37,12,25,群益金鼎-敦南,2024-05-21,9101
00665L,富邦�琤肭磪囓�2,25,0,25,群益金鼎-敦南,2024-05-21,9101
5392,能率,55,30,25,群益金鼎-敦南,2024-05-21,9101
4561,健椿,27,3,24,群益金鼎-敦南,2024-05-21,9101
00650L,復華香港正2,125,102,23,群益金鼎-敦南,2024-05-21,9101
2834,臺企銀,30,7,23,群益金鼎-敦南,2024-05-21,9101
8033,雷虎,49,26,23,群益金鼎-敦南,2024-05-21,9101
00712,復華富時不動產,22,0,22,群益金鼎-敦南,2024-05-21,9101
00752,中信中國50,21,0,21,群益金鼎-敦南,2024-05-21,9101
6546,正基,21,1,20,群益金鼎-敦南,2024-05-21,9101
3466,德晉,20,0,20,群益金鼎-敦南,2024-05-21,9101
5011,久陽,20,0,20,群益金鼎-敦南,2024-05-21,9101
00928,中信上櫃ESG30,20,0,20,群益金鼎-敦南,2024-05-21,9101
1102,亞泥,21,1,20,群益金鼎-敦南,2024-05-21,9101
2520,冠德,20,0,20,群益金鼎-敦南,2024-05-21,9101
2838,聯邦銀,20,0,20,群益金鼎-敦南,2024-05-21,9101
2476,鉅祥,21,1,20,群益金鼎-敦南,2024-05-21,9101
2603,長榮,92,74,18,群益金鼎-敦南,2024-05-21,9101
2104,國際中橡,18,0,18,群益金鼎-敦南,2024-05-21,9101
5351,鈺創,23,5,18,群益金鼎-敦南,2024-05-21,9101
2486,一詮,35,17,18,群益金鼎-敦南,2024-05-21,9101
2317,鴻海,30,13,17,群益金鼎-敦南,2024-05-21,9101
1591,駿吉-KY,16,0,16,群益金鼎-敦南,2024-05-21,9101
8438,昶昕,16,0,16,群益金鼎-敦南,2024-05-21,9101
2489,瑞軒,20,4,16,群益金鼎-敦南,2024-05-21,9101
2543,皇昌,20,5,15,群益金鼎-敦南,2024-05-21,9101
8358,金居,45,31,14,群益金鼎-敦南,2024-05-21,9101
00637L,元大滬深300正2,314,300,14,群益金鼎-敦南,2024-05-21,9101
3701,大眾控,14,0,14,群益金鼎-敦南,2024-05-21,9101
4533,協易機,205,192,13,群益金鼎-敦南,2024-05-21,9101
8049,晶采,13,0,13,群益金鼎-敦南,2024-05-21,9101
6229,研通,13,0,13,群益金鼎-敦南,2024-05-21,9101
2103,台橡,12,0,12,群益金鼎-敦南,2024-05-21,9101
2027,大成鋼,37,26,11,群益金鼎-敦南,2024-05-21,9101
3024,憶聲,11,0,11,群益金鼎-敦南,2024-05-21,9101
00715L,期街口布蘭特正2,3000,0,3000,群益金鼎-敦南,2024-05-22,9101
00937B,群益ESG投等債20,578,20,558,群益金鼎-敦南,2024-05-22,9101
2610,華航,106,0,106,群益金鼎-敦南,2024-05-22,9101
6578,達邦蛋白,80,0,80,群益金鼎-敦南,2024-05-22,9101
6609,瀧澤科,90,15,75,群益金鼎-敦南,2024-05-22,9101
3481,群創,121,70,51,群益金鼎-敦南,2024-05-22,9101
3580,友威科,68,23,45,群益金鼎-敦南,2024-05-22,9101
00946,群益科技高息成長,73,29,44,群益金鼎-敦南,2024-05-22,9101
00857B,永豐20年美公債,42,0,42,群益金鼎-敦南,2024-05-22,9101
6806,森崴能源,43,2,41,群益金鼎-敦南,2024-05-22,9101
2618,長榮航,70,30,40,群益金鼎-敦南,2024-05-22,9101
8070,長華*,39,0,39,群益金鼎-敦南,2024-05-22,9101
00939,統一台灣高息動能,41,6,35,群益金鼎-敦南,2024-05-22,9101
5009,榮剛,33,0,33,群益金鼎-敦南,2024-05-22,9101
3033,威健,35,2,33,群益金鼎-敦南,2024-05-22,9101
2354,鴻準,66,35,31,群益金鼎-敦南,2024-05-22,9101
2867,三商壽,31,0,31,群益金鼎-敦南,2024-05-22,9101
2489,瑞軒,30,1,29,群益金鼎-敦南,2024-05-22,9101
8150,南茂,25,0,25,群益金鼎-敦南,2024-05-22,9101
3694,海華,74,50,24,群益金鼎-敦南,2024-05-22,9101
00712,復華富時不動產,24,0,24,群益金鼎-敦南,2024-05-22,9101
2634,漢翔,29,7,22,群益金鼎-敦南,2024-05-22,9101
2101,南港,31,10,21,群益金鼎-敦南,2024-05-22,9101
00752,中信中國50,20,0,20,群益金鼎-敦南,2024-05-22,9101
2371,大同,29,9,20,群益金鼎-敦南,2024-05-22,9101
00665L,富邦�琤肭磪囓�2,20,0,20,群益金鼎-敦南,2024-05-22,9101
6190,萬泰科,111,91,20,群益金鼎-敦南,2024-05-22,9101
3213,茂訊,20,1,19,群益金鼎-敦南,2024-05-22,9101
9945,潤泰新,19,1,18,群益金鼎-敦南,2024-05-22,9101
8358,金居,19,2,17,群益金鼎-敦南,2024-05-22,9101
2312,金寶,19,2,17,群益金鼎-敦南,2024-05-22,9101
3015,全漢,21,4,17,群益金鼎-敦南,2024-05-22,9101
6290,良維,18,2,16,群益金鼎-敦南,2024-05-22,9101
6125,廣運,57,42,15,群益金鼎-敦南,2024-05-22,9101
1303,南亞,14,0,14,群益金鼎-敦南,2024-05-22,9101
8096,擎亞,41,27,14,群益金鼎-敦南,2024-05-22,9101
3617,碩天,14,0,14,群益金鼎-敦南,2024-05-22,9101
2356,英業達,26,12,14,群益金鼎-敦南,2024-05-22,9101
00882,中信中國高股息,20,8,12,群益金鼎-敦南,2024-05-22,9101
2329,華泰,15,3,12,群益金鼎-敦南,2024-05-22,9101
00772B,中信高評級公司債,12,0,12,群益金鼎-敦南,2024-05-22,9101
2809,京城銀,32,20,12,群益金鼎-敦南,2024-05-22,9101
3013,晟銘電,158,147,11,群益金鼎-敦南,2024-05-22,9101
1784,訊聯,12,1,11,群益金鼎-敦南,2024-05-22,9101
5392,能率,85,74,11,群益金鼎-敦南,2024-05-22,9101
4994,傳奇,10,0,10,群益金鼎-敦南,2024-05-22,9101
2851,中再保,10,0,10,群益金鼎-敦南,2024-05-22,9101
3049,精金,10,0,10,群益金鼎-敦南,2024-05-22,9101
1522,堤維西,12,2,10,群益金鼎-敦南,2024-05-22,9101
1809,中釉,18,8,10,群益金鼎-敦南,2024-05-22,9101
00937B,群益ESG投等債20,352,5,347,群益金鼎-敦南,2024-05-23,9101
2883,凱基金,187,0,187,群益金鼎-敦南,2024-05-23,9101
00764B,群益25年美債,915,753,162,群益金鼎-敦南,2024-05-23,9101
2354,鴻準,244,83,161,群益金鼎-敦南,2024-05-23,9101
2312,金寶,82,1,81,群益金鼎-敦南,2024-05-23,9101
2359,所羅門,172,92,80,群益金鼎-敦南,2024-05-23,9101
2888,新光金,80,3,77,群益金鼎-敦南,2024-05-23,9101
00882,中信中國高股息,93,17,76,群益金鼎-敦南,2024-05-23,9101
3047,訊舟,79,5,74,群益金鼎-敦南,2024-05-23,9101
00946,群益科技高息成長,153,90,63,群益金鼎-敦南,2024-05-23,9101
00720B,元大投資級公司債,50,0,50,群益金鼎-敦南,2024-05-23,9101
6164,華興,48,0,48,群益金鼎-敦南,2024-05-23,9101
2353,宏��,135,94,41,群益金鼎-敦南,2024-05-23,9101
00665L,富邦�琤肭磪囓�2,40,0,40,群益金鼎-敦南,2024-05-23,9101
1784,訊聯,40,3,37,群益金鼎-敦南,2024-05-23,9101
4111,濟生,43,8,35,群益金鼎-敦南,2024-05-23,9101
00933B,國泰10Y+金融債,35,1,34,群益金鼎-敦南,2024-05-23,9101
2103,台橡,31,0,31,群益金鼎-敦南,2024-05-23,9101
3686,達能,30,0,30,群益金鼎-敦南,2024-05-23,9101
1108,幸福,30,0,30,群益金鼎-敦南,2024-05-23,9101
2324,仁寶,70,41,29,群益金鼎-敦南,2024-05-23,9101
2356,英業達,31,3,28,群益金鼎-敦南,2024-05-23,9101
00923,群益台ESG低碳50,30,2,28,群益金鼎-敦南,2024-05-23,9101
00941,中信上游半導體,27,0,27,群益金鼎-敦南,2024-05-23,9101
2706,第一店,28,1,27,群益金鼎-敦南,2024-05-23,9101
8064,東捷,209,184,25,群益金鼎-敦南,2024-05-23,9101
5488,松普,27,2,25,群益金鼎-敦南,2024-05-23,9101
6005,群益證,24,0,24,群益金鼎-敦南,2024-05-23,9101
1717,長興,22,0,22,群益金鼎-敦南,2024-05-23,9101
2880,華南金,21,0,21,群益金鼎-敦南,2024-05-23,9101
6209,今國光,41,20,21,群益金鼎-敦南,2024-05-23,9101
00918,大華優利高填息30,20,0,20,群益金鼎-敦南,2024-05-23,9101
00928,中信上櫃ESG30,20,0,20,群益金鼎-敦南,2024-05-23,9101
00650L,復華香港正2,60,40,20,群益金鼎-敦南,2024-05-23,9101
4127,天良,23,3,20,群益金鼎-敦南,2024-05-23,9101
2204,中華,20,2,18,群益金鼎-敦南,2024-05-23,9101
2851,中再保,17,0,17,群益金鼎-敦南,2024-05-23,9101
2313,華通,35,18,17,群益金鼎-敦南,2024-05-23,9101
3227,原相,16,0,16,群益金鼎-敦南,2024-05-23,9101
2420,新巨,52,36,16,群益金鼎-敦南,2024-05-23,9101
2376,技嘉,19,3,16,群益金鼎-敦南,2024-05-23,9101
2505,國揚,15,0,15,群益金鼎-敦南,2024-05-23,9101
5443,均豪,27,12,15,群益金鼎-敦南,2024-05-23,9101
2495,普安,22,7,15,群益金鼎-敦南,2024-05-23,9101
8473,山林水,15,0,15,群益金鼎-敦南,2024-05-23,9101
3231,緯創,20,5,15,群益金鼎-敦南,2024-05-23,9101
3483,力致,33,19,14,群益金鼎-敦南,2024-05-23,9101
2460,建通,84,70,14,群益金鼎-敦南,2024-05-23,9101
1815,富喬,184,170,14,群益金鼎-敦南,2024-05-23,9101
2371,大同,27,13,14,群益金鼎-敦南,2024-05-23,9101
00937B,群益ESG投等債20,631,10,621,群益金鼎-敦南,2024-05-24,9101
2891,中信金,599,6,593,群益金鼎-敦南,2024-05-24,9101
00712,復華富時不動產,124,0,124,群益金鼎-敦南,2024-05-24,9101
00940,元大台灣價值高息,140,27,113,群益金鼎-敦南,2024-05-24,9101
2354,鴻準,98,23,75,群益金鼎-敦南,2024-05-24,9101
2460,建通,480,407,73,群益金鼎-敦南,2024-05-24,9101
00764B,群益25年美債,811,753,58,群益金鼎-敦南,2024-05-24,9101
2365,昆盈,170,115,55,群益金鼎-敦南,2024-05-24,9101
3535,晶彩科,52,7,45,群益金鼎-敦南,2024-05-24,9101
2367,燿華,49,11,38,群益金鼎-敦南,2024-05-24,9101
3231,緯創,55,17,38,群益金鼎-敦南,2024-05-24,9101
3714,富采,40,3,37,群益金鼎-敦南,2024-05-24,9101
2371,大同,68,31,37,群益金鼎-敦南,2024-05-24,9101
00933B,國泰10Y+金融債,35,0,35,群益金鼎-敦南,2024-05-24,9101
8028,昇陽半導體,71,38,33,群益金鼎-敦南,2024-05-24,9101
00929,復華台灣科技優息,35,3,32,群益金鼎-敦南,2024-05-24,9101
5498,凱崴,82,52,30,群益金鼎-敦南,2024-05-24,9101
6190,萬泰科,47,18,29,群益金鼎-敦南,2024-05-24,9101
2363,矽統,92,63,29,群益金鼎-敦南,2024-05-24,9101
6161,捷波,174,146,28,群益金鼎-敦南,2024-05-24,9101
3380,明泰,32,7,25,群益金鼎-敦南,2024-05-24,9101
1303,南亞,26,1,25,群益金鼎-敦南,2024-05-24,9101
6282,康舒,34,12,22,群益金鼎-敦南,2024-05-24,9101
2489,瑞軒,59,37,22,群益金鼎-敦南,2024-05-24,9101
2331,精英,21,0,21,群益金鼎-敦南,2024-05-24,9101
2867,三商壽,20,0,20,群益金鼎-敦南,2024-05-24,9101
4958,臻鼎-KY,19,0,19,群益金鼎-敦南,2024-05-24,9101
6442,光聖,18,0,18,群益金鼎-敦南,2024-05-24,9101
1609,大亞,24,7,17,群益金鼎-敦南,2024-05-24,9101
9945,潤泰新,18,3,15,群益金鼎-敦南,2024-05-24,9101
4973,廣穎,17,3,14,群益金鼎-敦南,2024-05-24,9101
2312,金寶,14,0,14,群益金鼎-敦南,2024-05-24,9101
6275,元山,21,7,14,群益金鼎-敦南,2024-05-24,9101
6578,達邦蛋白,13,0,13,群益金鼎-敦南,2024-05-24,9101
6164,華興,13,0,13,群益金鼎-敦南,2024-05-24,9101
00895,富邦未來車,13,1,12,群益金鼎-敦南,2024-05-24,9101
2324,仁寶,69,57,12,群益金鼎-敦南,2024-05-24,9101
2812,台中銀,13,1,12,群益金鼎-敦南,2024-05-24,9101
2476,鉅祥,12,1,11,群益金鼎-敦南,2024-05-24,9101
2359,所羅門,80,69,11,群益金鼎-敦南,2024-05-24,9101
3455,由田,14,3,11,群益金鼎-敦南,2024-05-24,9101
2882,國泰金,11,0,11,群益金鼎-敦南,2024-05-24,9101
5493,三聯,13,2,11,群益金鼎-敦南,2024-05-24,9101
00650L,復華香港正2,31,20,11,群益金鼎-敦南,2024-05-24,9101
2464,盟立,58,48,10,群益金鼎-敦南,2024-05-24,9101
2002,中鋼,10,0,10,群益金鼎-敦南,2024-05-24,9101
2505,國揚,10,0,10,群益金鼎-敦南,2024-05-24,9101
1615,大山,10,0,10,群益金鼎-敦南,2024-05-24,9101
00772B,中信高評級公司債,10,0,10,群益金鼎-敦南,2024-05-24,9101
00773B,中信優先金融債,10,0,10,群益金鼎-敦南,2024-05-24,9101
00937B,群益ESG投等債20,1347,11,1336,群益金鼎-敦南,2024-05-27,9101
2330,台積電,216,20,196,群益金鼎-敦南,2024-05-27,9101
2382,廣達,215,19,196,群益金鼎-敦南,2024-05-27,9101
8271,宇瞻,124,28,96,群益金鼎-敦南,2024-05-27,9101
1815,富喬,276,187,89,群益金鼎-敦南,2024-05-27,9101
2889,國票金,80,0,80,群益金鼎-敦南,2024-05-27,9101
2352,佳世達,88,15,73,群益金鼎-敦南,2024-05-27,9101
00933B,國泰10Y+金融債,71,0,71,群益金鼎-敦南,2024-05-27,9101
00712,復華富時不動產,71,0,71,群益金鼎-敦南,2024-05-27,9101
00764B,群益25年美債,975,915,60,群益金鼎-敦南,2024-05-27,9101
00940,元大台灣價值高息,123,69,54,群益金鼎-敦南,2024-05-27,9101
4533,協易機,67,19,48,群益金鼎-敦南,2024-05-27,9101
2317,鴻海,121,74,47,群益金鼎-敦南,2024-05-27,9101
3706,神達,49,5,44,群益金鼎-敦南,2024-05-27,9101
2641,正德,40,1,39,群益金鼎-敦南,2024-05-27,9101
8064,東捷,39,3,36,群益金鼎-敦南,2024-05-27,9101
00915,凱基優選高股息30,35,0,35,群益金鼎-敦南,2024-05-27,9101
3499,環天科,35,0,35,群益金鼎-敦南,2024-05-27,9101
2605,新興,31,1,30,群益金鼎-敦南,2024-05-27,9101
3380,明泰,29,0,29,群益金鼎-敦南,2024-05-27,9101
1785,光洋科,26,0,26,群益金鼎-敦南,2024-05-27,9101
3483,力致,27,2,25,群益金鼎-敦南,2024-05-27,9101
3338,泰碩,29,7,22,群益金鼎-敦南,2024-05-27,9101
6546,正基,34,13,21,群益金鼎-敦南,2024-05-27,9101
00665L,富邦�琤肭磪囓�2,20,0,20,群益金鼎-敦南,2024-05-27,9101
8358,金居,23,4,19,群益金鼎-敦南,2024-05-27,9101
6442,光聖,18,0,18,群益金鼎-敦南,2024-05-27,9101
2250,IKKA-KY,17,1,16,群益金鼎-敦南,2024-05-27,9101
6578,達邦蛋白,15,0,15,群益金鼎-敦南,2024-05-27,9101
4956,光鋐,41,26,15,群益金鼎-敦南,2024-05-27,9101
1710,東聯,15,0,15,群益金鼎-敦南,2024-05-27,9101
00650L,復華香港正2,15,0,15,群益金鼎-敦南,2024-05-27,9101
00719B,元大美債1-3,15,0,15,群益金鼎-敦南,2024-05-27,9101
6213,聯茂,29,15,14,群益金鼎-敦南,2024-05-27,9101
5328,華容,13,0,13,群益金鼎-敦南,2024-05-27,9101
2464,盟立,34,22,12,群益金鼎-敦南,2024-05-27,9101
3011,今皓,12,0,12,群益金鼎-敦南,2024-05-27,9101
2618,長榮航,15,4,11,群益金鼎-敦南,2024-05-27,9101
2887,台新金,11,0,11,群益金鼎-敦南,2024-05-27,9101
1522,堤維西,13,2,11,群益金鼎-敦南,2024-05-27,9101
4906,正文,39,28,11,群益金鼎-敦南,2024-05-27,9101
6278,台表科,10,0,10,群益金鼎-敦南,2024-05-27,9101
1784,訊聯,10,0,10,群益金鼎-敦南,2024-05-27,9101
1615,大山,10,0,10,群益金鼎-敦南,2024-05-27,9101
2705,六福,10,0,10,群益金鼎-敦南,2024-05-27,9101
3060,銘異,13,3,10,群益金鼎-敦南,2024-05-27,9101
00941,中信上游半導體,10,0,10,群益金鼎-敦南,2024-05-27,9101
00637L,元大滬深300正2,10,0,10,群益金鼎-敦南,2024-05-27,9101
4532,瑞智,10,0,10,群益金鼎-敦南,2024-05-27,9101
3376,新日興,29,19,10,群益金鼎-敦南,2024-05-27,9101
00940,元大台灣價值高息,330,59,271,群益金鼎-敦南,2024-05-28,9101
00937B,群益ESG投等債20,207,30,177,群益金鼎-敦南,2024-05-28,9101
2486,一詮,135,22,113,群益金鼎-敦南,2024-05-28,9101
00941,中信上游半導體,82,0,82,群益金鼎-敦南,2024-05-28,9101
5203,訊連,227,156,71,群益金鼎-敦南,2024-05-28,9101
2610,華航,114,44,70,群益金鼎-敦南,2024-05-28,9101
2905,三商,67,0,67,群益金鼎-敦南,2024-05-28,9101
3483,力致,69,10,59,群益金鼎-敦南,2024-05-28,9101
2891,中信金,64,19,45,群益金鼎-敦南,2024-05-28,9101
00929,復華台灣科技優息,75,31,44,群益金鼎-敦南,2024-05-28,9101
8064,東捷,111,69,42,群益金鼎-敦南,2024-05-28,9101
3047,訊舟,76,35,41,群益金鼎-敦南,2024-05-28,9101
2354,鴻準,172,132,40,群益金鼎-敦南,2024-05-28,9101
00764B,群益25年美債,1010,970,40,群益金鼎-敦南,2024-05-28,9101
4543,萬在,77,40,37,群益金鼎-敦南,2024-05-28,9101
00919,群益台灣精選高息,46,10,36,群益金鼎-敦南,2024-05-28,9101
8028,昇陽半導體,39,3,36,群益金鼎-敦南,2024-05-28,9101
9945,潤泰新,34,1,33,群益金鼎-敦南,2024-05-28,9101
6576,逸達,32,0,32,群益金鼎-敦南,2024-05-28,9101
2603,長榮,94,64,30,群益金鼎-敦南,2024-05-28,9101
8940,新天地,28,0,28,群益金鼎-敦南,2024-05-28,9101
4127,天良,27,0,27,群益金鼎-敦南,2024-05-28,9101
5234,達興材料,30,4,26,群益金鼎-敦南,2024-05-28,9101
00632R,元大台灣50反1,50,25,25,群益金鼎-敦南,2024-05-28,9101
5512,力麒,78,55,23,群益金鼎-敦南,2024-05-28,9101
2419,仲琦,22,0,22,群益金鼎-敦南,2024-05-28,9101
5426,振發,26,5,21,群益金鼎-敦南,2024-05-28,9101
2514,龍邦,21,0,21,群益金鼎-敦南,2024-05-28,9101
3048,益登,22,1,21,群益金鼎-敦南,2024-05-28,9101
8438,昶昕,21,0,21,群益金鼎-敦南,2024-05-28,9101
00712,復華富時不動產,20,0,20,群益金鼎-敦南,2024-05-28,9101
6274,台燿,20,0,20,群益金鼎-敦南,2024-05-28,9101
3376,新日興,24,5,19,群益金鼎-敦南,2024-05-28,9101
6806,森崴能源,19,0,19,群益金鼎-敦南,2024-05-28,9101
2915,潤泰全,23,4,19,群益金鼎-敦南,2024-05-28,9101
2401,凌陽,143,125,18,群益金鼎-敦南,2024-05-28,9101
2838A,聯邦銀甲特,18,0,18,群益金鼎-敦南,2024-05-28,9101
6442,光聖,18,0,18,群益金鼎-敦南,2024-05-28,9101
1714,和桐,16,0,16,群益金鼎-敦南,2024-05-28,9101
2250,IKKA-KY,17,2,15,群益金鼎-敦南,2024-05-28,9101
2241,艾姆勒,19,4,15,群益金鼎-敦南,2024-05-28,9101
00795B,中信美國公債20年,14,0,14,群益金鼎-敦南,2024-05-28,9101
1615,大山,14,0,14,群益金鼎-敦南,2024-05-28,9101
2748,雲品,13,0,13,群益金鼎-敦南,2024-05-28,9101
00751B,元大AAA至A公司債,13,0,13,群益金鼎-敦南,2024-05-28,9101
2476,鉅祥,20,8,12,群益金鼎-敦南,2024-05-28,9101
6279,胡連,12,0,12,群益金鼎-敦南,2024-05-28,9101
4967,十銓,14,2,12,群益金鼎-敦南,2024-05-28,9101
00915,凱基優選高股息30,25,13,12,群益金鼎-敦南,2024-05-28,9101
1467,南緯,11,0,11,群益金鼎-敦南,2024-05-28,9101
00937B,群益ESG投等債20,935,0,935,群益金鼎-敦南,2024-05-29,9101
3466,德晉,200,31,169,群益金鼎-敦南,2024-05-29,9101
00679B,元大美債20年,93,11,82,群益金鼎-敦南,2024-05-29,9101
00933B,國泰10Y+金融債,76,0,76,群益金鼎-敦南,2024-05-29,9101
6270,倍微,68,1,67,群益金鼎-敦南,2024-05-29,9101
6189,豐藝,90,31,59,群益金鼎-敦南,2024-05-29,9101
2809,京城銀,63,6,57,群益金鼎-敦南,2024-05-29,9101
2890,永豐金,60,5,55,群益金鼎-敦南,2024-05-29,9101
6616,特昇-KY,54,3,51,群益金鼎-敦南,2024-05-29,9101
00940,元大台灣價值高息,61,11,50,群益金鼎-敦南,2024-05-29,9101
2867,三商壽,56,6,50,群益金鼎-敦南,2024-05-29,9101
1802,台玻,423,373,50,群益金鼎-敦南,2024-05-29,9101
00687B,國泰20年美債,46,0,46,群益金鼎-敦南,2024-05-29,9101
3021,鴻名,40,0,40,群益金鼎-敦南,2024-05-29,9101
2353,宏��,58,23,35,群益金鼎-敦南,2024-05-29,9101
2610,華航,67,32,35,群益金鼎-敦南,2024-05-29,9101
6213,聯茂,47,13,34,群益金鼎-敦南,2024-05-29,9101
2363,矽統,87,55,32,群益金鼎-敦南,2024-05-29,9101
1806,冠軍,27,0,27,群益金鼎-敦南,2024-05-29,9101
00650L,復華香港正2,27,0,27,群益金鼎-敦南,2024-05-29,9101
2324,仁寶,29,2,27,群益金鼎-敦南,2024-05-29,9101
3260,威剛,37,12,25,群益金鼎-敦南,2024-05-29,9101
1101,台泥,25,1,24,群益金鼎-敦南,2024-05-29,9101
2236,百達-KY,34,10,24,群益金鼎-敦南,2024-05-29,9101
00878,國泰永續高股息,40,16,24,群益金鼎-敦南,2024-05-29,9101
2317,鴻海,62,39,23,群益金鼎-敦南,2024-05-29,9101
3481,群創,33,12,21,群益金鼎-敦南,2024-05-29,9101
2881,富邦金,22,2,20,群益金鼎-敦南,2024-05-29,9101
0050,元大台灣50,22,2,20,群益金鼎-敦南,2024-05-29,9101
2891,中信金,20,0,20,群益金鼎-敦南,2024-05-29,9101
3122,笙泉,20,0,20,群益金鼎-敦南,2024-05-29,9101
00631L,元大台灣50正2,19,0,19,群益金鼎-敦南,2024-05-29,9101
2356,英業達,25,6,19,群益金鼎-敦南,2024-05-29,9101
8096,擎亞,41,22,19,群益金鼎-敦南,2024-05-29,9101
00713,元大台灣高息低波,17,0,17,群益金鼎-敦南,2024-05-29,9101
6482,弘煜科,17,0,17,群益金鼎-敦南,2024-05-29,9101
2880,華南金,87,70,17,群益金鼎-敦南,2024-05-29,9101
6442,光聖,18,1,17,群益金鼎-敦南,2024-05-29,9101
00795B,中信美國公債20年,19,2,17,群益金鼎-敦南,2024-05-29,9101
8028,昇陽半導體,22,6,16,群益金鼎-敦南,2024-05-29,9101
2351,順德,17,1,16,群益金鼎-敦南,2024-05-29,9101
1522,堤維西,23,7,16,群益金鼎-敦南,2024-05-29,9101
6279,胡連,16,1,15,群益金鼎-敦南,2024-05-29,9101
2851,中再保,15,0,15,群益金鼎-敦南,2024-05-29,9101
3035,智原,20,5,15,群益金鼎-敦南,2024-05-29,9101
00919,群益台灣精選高息,41,27,14,群益金鼎-敦南,2024-05-29,9101
2488,漢平,14,0,14,群益金鼎-敦南,2024-05-29,9101
00680L,元大美債20正2,19,5,14,群益金鼎-敦南,2024-05-29,9101
1605,華新,14,0,14,群益金鼎-敦南,2024-05-29,9101
3015,全漢,13,0,13,群益金鼎-敦南,2024-05-29,9101
00937B,群益ESG投等債20,522,18,504,群益金鼎-敦南,2024-05-30,9101
00679B,元大美債20年,117,1,116,群益金鼎-敦南,2024-05-30,9101
2489,瑞軒,183,69,114,群益金鼎-敦南,2024-05-30,9101
00929,復華台灣科技優息,141,44,97,群益金鼎-敦南,2024-05-30,9101
00933B,國泰10Y+金融債,84,1,83,群益金鼎-敦南,2024-05-30,9101
2618,長榮航,81,28,53,群益金鼎-敦南,2024-05-30,9101
2385,群光,51,0,51,群益金鼎-敦南,2024-05-30,9101
3048,益登,62,14,48,群益金鼎-敦南,2024-05-30,9101
00712,復華富時不動產,45,0,45,群益金鼎-敦南,2024-05-30,9101
2354,鴻準,81,39,42,群益金鼎-敦南,2024-05-30,9101
2351,順德,48,8,40,群益金鼎-敦南,2024-05-30,9101
2359,所羅門,33,3,30,群益金鼎-敦南,2024-05-30,9101
3060,銘異,31,3,28,群益金鼎-敦南,2024-05-30,9101
3546,宇峻,33,6,27,群益金鼎-敦南,2024-05-30,9101
2707,晶華,26,0,26,群益金鼎-敦南,2024-05-30,9101
6191,精成科,27,1,26,群益金鼎-敦南,2024-05-30,9101
2324,仁寶,27,3,24,群益金鼎-敦南,2024-05-30,9101
2880,華南金,24,0,24,群益金鼎-敦南,2024-05-30,9101
6170,統振,30,6,24,群益金鼎-敦南,2024-05-30,9101
4726,永昕,23,0,23,群益金鼎-敦南,2024-05-30,9101
4533,協易機,102,79,23,群益金鼎-敦南,2024-05-30,9101
2317,鴻海,44,21,23,群益金鼎-敦南,2024-05-30,9101
00878,國泰永續高股息,33,11,22,群益金鼎-敦南,2024-05-30,9101
00882,中信中國高股息,22,0,22,群益金鼎-敦南,2024-05-30,9101
00915,凱基優選高股息30,22,0,22,群益金鼎-敦南,2024-05-30,9101
6290,良維,32,12,20,群益金鼎-敦南,2024-05-30,9101
6279,胡連,21,1,20,群益金鼎-敦南,2024-05-30,9101
2498,宏達電,30,11,19,群益金鼎-敦南,2024-05-30,9101
1615,大山,19,0,19,群益金鼎-敦南,2024-05-30,9101
8147,正淩,38,19,19,群益金鼎-敦南,2024-05-30,9101
6442,光聖,18,0,18,群益金鼎-敦南,2024-05-30,9101
2609,陽明,23,5,18,群益金鼎-敦南,2024-05-30,9101
2330,台積電,21,4,17,群益金鼎-敦南,2024-05-30,9101
8105,凌巨,42,26,16,群益金鼎-敦南,2024-05-30,9101
1303,南亞,16,0,16,群益金鼎-敦南,2024-05-30,9101
006208,富邦台50,15,0,15,群益金鼎-敦南,2024-05-30,9101
3202,樺晟,18,3,15,群益金鼎-敦南,2024-05-30,9101
2888,新光金,19,4,15,群益金鼎-敦南,2024-05-30,9101
5871,中租-KY,20,6,14,群益金鼎-敦南,2024-05-30,9101
6140,訊達,20,6,14,群益金鼎-敦南,2024-05-30,9101
1101,台泥,16,3,13,群益金鼎-敦南,2024-05-30,9101
2101,南港,13,0,13,群益金鼎-敦南,2024-05-30,9101
2313,華通,17,5,12,群益金鼎-敦南,2024-05-30,9101
2543,皇昌,13,1,12,群益金鼎-敦南,2024-05-30,9101
8054,安國,38,26,12,群益金鼎-敦南,2024-05-30,9101
3260,威剛,18,7,11,群益金鼎-敦南,2024-05-30,9101
00687B,國泰20年美債,20,9,11,群益金鼎-敦南,2024-05-30,9101
2328,廣宇,15,4,11,群益金鼎-敦南,2024-05-30,9101
2885,元大金,11,0,11,群益金鼎-敦南,2024-05-30,9101
1802,台玻,13,2,11,群益金鼎-敦南,2024-05-30,9101
3044,健鼎,607,2,605,群益金鼎-敦南,2024-05-31,9101
00937B,群益ESG投等債20,243,63,180,群益金鼎-敦南,2024-05-31,9101
2382,廣達,120,3,117,群益金鼎-敦南,2024-05-31,9101
2101,南港,137,22,115,群益金鼎-敦南,2024-05-31,9101
00946,群益科技高息成長,159,57,102,群益金鼎-敦南,2024-05-31,9101
00929,復華台灣科技優息,131,30,101,群益金鼎-敦南,2024-05-31,9101
00919,群益台灣精選高息,70,3,67,群益金鼎-敦南,2024-05-31,9101
2609,陽明,135,69,66,群益金鼎-敦南,2024-05-31,9101
1409,新纖,58,6,52,群益金鼎-敦南,2024-05-31,9101
1615,大山,51,0,51,群益金鼎-敦南,2024-05-31,9101
1446,宏和,50,4,46,群益金鼎-敦南,2024-05-31,9101
2367,燿華,57,15,42,群益金鼎-敦南,2024-05-31,9101
2891,中信金,43,2,41,群益金鼎-敦南,2024-05-31,9101
00632R,元大台灣50反1,40,0,40,群益金鼎-敦南,2024-05-31,9101
2354,鴻準,185,146,39,群益金鼎-敦南,2024-05-31,9101
2520,冠德,41,4,37,群益金鼎-敦南,2024-05-31,9101
2501,國建,44,14,30,群益金鼎-敦南,2024-05-31,9101
2537,聯上發,56,26,30,群益金鼎-敦南,2024-05-31,9101
6231,系微,29,0,29,群益金鼎-敦南,2024-05-31,9101
2356,英業達,30,2,28,群益金鼎-敦南,2024-05-31,9101
2603,長榮,105,77,28,群益金鼎-敦南,2024-05-31,9101
2363,矽統,44,17,27,群益金鼎-敦南,2024-05-31,9101
2359,所羅門,27,0,27,群益金鼎-敦南,2024-05-31,9101
2002,中鋼,25,1,24,群益金鼎-敦南,2024-05-31,9101
4123,晟德,25,0,25,群益金鼎-敦南,2024-05-31,9101
3227,原相,26,2,24,群益金鼎-敦南,2024-05-31,9101
1440,南紡,25,2,23,群益金鼎-敦南,2024-05-31,9101
3059,華晶科,38,16,22,群益金鼎-敦南,2024-05-31,9101
2542,興富發,22,0,22,群益金鼎-敦南,2024-05-31,9101
2317,鴻海,43,22,21,群益金鼎-敦南,2024-05-31,9101
1532,勤美,30,9,21,群益金鼎-敦南,2024-05-31,9101
2409,友達,23,2,21,群益金鼎-敦南,2024-05-31,9101
6585,鼎基,17,0,17,群益金鼎-敦南,2024-05-31,9101
2543,皇昌,19,3,16,群益金鼎-敦南,2024-05-31,9101
00933B,國泰10Y+金融債,31,17,14,群益金鼎-敦南,2024-05-31,9101
8028,昇陽半導體,17,3,14,群益金鼎-敦南,2024-05-31,9101
2610,華航,16,2,14,群益金鼎-敦南,2024-05-31,9101
1560,中砂,23,9,14,群益金鼎-敦南,2024-05-31,9101
2486,一詮,18,4,14,群益金鼎-敦南,2024-05-31,9101
3596,智易,17,3,14,群益金鼎-敦南,2024-05-31,9101
3339,泰谷,15,2,13,群益金鼎-敦南,2024-05-31,9101
2376,技嘉,15,2,13,群益金鼎-敦南,2024-05-31,9101
2886,兆豐金,12,0,12,群益金鼎-敦南,2024-05-31,9101
1504,東元,23,11,12,群益金鼎-敦南,2024-05-31,9101
8084,巨虹,12,0,12,群益金鼎-敦南,2024-05-31,9101
2392,正崴,12,0,12,群益金鼎-敦南,2024-05-31,9101
3234,光環,13,1,12,群益金鼎-敦南,2024-05-31,9101
5426,振發,35,23,12,群益金鼎-敦南,2024-05-31,9101
5880,合庫金,14,2,12,群益金鼎-敦南,2024-05-31,9101
006208,富邦台50,11,0,11,群益金鼎-敦南,2024-05-31,9101
00632R,元大台灣50反1,213,0,213,群益金鼎-敦南,2024-06-03,9101
00919,群益台灣精選高息,182,4,178,群益金鼎-敦南,2024-06-03,9101
00937B,群益ESG投等債20,178,41,137,群益金鼎-敦南,2024-06-03,9101
3498,陽程,120,3,117,群益金鼎-敦南,2024-06-03,9101
8099,大世科,93,1,92,群益金鼎-敦南,2024-06-03,9101
8358,金居,90,2,88,群益金鼎-敦南,2024-06-03,9101
1102,亞泥,81,0,81,群益金鼎-敦南,2024-06-03,9101
00918,大華優利高填息30,61,0,61,群益金鼎-敦南,2024-06-03,9101
2324,仁寶,74,14,60,群益金鼎-敦南,2024-06-03,9101
1815,富喬,111,52,59,群益金鼎-敦南,2024-06-03,9101
6163,華電網,53,6,47,群益金鼎-敦南,2024-06-03,9101
1717,長興,110,64,46,群益金鼎-敦南,2024-06-03,9101
2354,鴻準,69,26,43,群益金鼎-敦南,2024-06-03,9101
3033,威健,43,0,43,群益金鼎-敦南,2024-06-03,9101
1802,台玻,82,41,41,群益金鼎-敦南,2024-06-03,9101
2903,遠百,41,0,41,群益金鼎-敦南,2024-06-03,9101
1615,大山,41,0,41,群益金鼎-敦南,2024-06-03,9101
4564,元翎,40,0,40,群益金鼎-敦南,2024-06-03,9101
2615,萬海,83,45,38,群益金鼎-敦南,2024-06-03,9101
2889,國票金,31,0,31,群益金鼎-敦南,2024-06-03,9101
00637L,元大滬深300正2,31,0,31,群益金鼎-敦南,2024-06-03,9101
2363,矽統,48,22,26,群益金鼎-敦南,2024-06-03,9101
2609,陽明,133,109,24,群益金鼎-敦南,2024-06-03,9101
2353,宏��,41,18,23,群益金鼎-敦南,2024-06-03,9101
2880,華南金,22,0,22,群益金鼎-敦南,2024-06-03,9101
6695,芯鼎,23,1,22,群益金鼎-敦南,2024-06-03,9101
3224,三顧,28,8,20,群益金鼎-敦南,2024-06-03,9101
2905,三商,22,3,19,群益金鼎-敦南,2024-06-03,9101
00933B,國泰10Y+金融債,26,8,18,群益金鼎-敦南,2024-06-03,9101
4973,廣穎,18,0,18,群益金鼎-敦南,2024-06-03,9101
4726,永昕,52,34,18,群益金鼎-敦南,2024-06-03,9101
8064,東捷,31,13,18,群益金鼎-敦南,2024-06-03,9101
2618,長榮航,36,18,18,群益金鼎-敦南,2024-06-03,9101
3062,建漢,18,1,17,群益金鼎-敦南,2024-06-03,9101
5009,榮剛,21,5,16,群益金鼎-敦南,2024-06-03,9101
9902,台火,16,0,16,群益金鼎-敦南,2024-06-03,9101
1784,訊聯,46,30,16,群益金鼎-敦南,2024-06-03,9101
3481,群創,20,5,15,群益金鼎-敦南,2024-06-03,9101
3284,太普高,15,0,15,群益金鼎-敦南,2024-06-03,9101
1227,佳格,15,0,15,群益金鼎-敦南,2024-06-03,9101
1447,力鵬,14,0,14,群益金鼎-敦南,2024-06-03,9101
6274,台燿,17,4,13,群益金鼎-敦南,2024-06-03,9101
6188,廣明,51,38,13,群益金鼎-敦南,2024-06-03,9101
6270,倍微,119,106,13,群益金鼎-敦南,2024-06-03,9101
2317,鴻海,56,44,12,群益金鼎-敦南,2024-06-03,9101
006208,富邦台50,12,0,12,群益金鼎-敦南,2024-06-03,9101
6215,和椿,24,13,11,群益金鼎-敦南,2024-06-03,9101
00687B,國泰20年美債,11,0,11,群益金鼎-敦南,2024-06-03,9101
4533,協易機,198,187,11,群益金鼎-敦南,2024-06-03,9101
1524,耿鼎,18,7,11,群益金鼎-敦南,2024-06-03,9101
00715L,期街口布蘭特正2,3363,0,3363,群益金鼎-敦南,2024-06-04,9101
2405,輔信,515,319,196,群益金鼎-敦南,2024-06-04,9101
00929,復華台灣科技優息,146,5,141,群益金鼎-敦南,2024-06-04,9101
4564,元翎,136,3,133,群益金鼎-敦南,2024-06-04,9101
00937B,群益ESG投等債20,163,54,109,群益金鼎-敦南,2024-06-04,9101
4526,東台,108,6,102,群益金鼎-敦南,2024-06-04,9101
2888,新光金,128,50,78,群益金鼎-敦南,2024-06-04,9101
00919,群益台灣精選高息,77,0,77,群益金鼎-敦南,2024-06-04,9101
2905,三商,70,0,70,群益金鼎-敦南,2024-06-04,9101
8099,大世科,68,4,64,群益金鼎-敦南,2024-06-04,9101
1717,長興,55,0,55,群益金鼎-敦南,2024-06-04,9101
5410,國眾,73,20,53,群益金鼎-敦南,2024-06-04,9101
3260,威剛,48,7,41,群益金鼎-敦南,2024-06-04,9101
8070,長華*,40,0,40,群益金鼎-敦南,2024-06-04,9101
6125,廣運,133,94,39,群益金鼎-敦南,2024-06-04,9101
00918,大華優利高填息30,35,3,32,群益金鼎-敦南,2024-06-04,9101
2609,陽明,66,34,32,群益金鼎-敦南,2024-06-04,9101
2328,廣宇,38,7,31,群益金鼎-敦南,2024-06-04,9101
1102,亞泥,31,0,31,群益金鼎-敦南,2024-06-04,9101
5236,凌陽創新,25,0,25,群益金鼎-敦南,2024-06-04,9101
4123,晟德,26,1,25,群益金鼎-敦南,2024-06-04,9101
2353,宏��,31,7,24,群益金鼎-敦南,2024-06-04,9101
6841,長佳智能,94,70,24,群益金鼎-敦南,2024-06-04,9101
1802,台玻,27,3,24,群益金鼎-敦南,2024-06-04,9101
2465,麗臺,56,33,23,群益金鼎-敦南,2024-06-04,9101
00933B,國泰10Y+金融債,28,5,23,群益金鼎-敦南,2024-06-04,9101
2509,全坤建,23,0,23,群益金鼎-敦南,2024-06-04,9101
00878,國泰永續高股息,23,1,22,群益金鼎-敦南,2024-06-04,9101
1504,東元,35,14,21,群益金鼎-敦南,2024-06-04,9101
2538,基泰,21,0,21,群益金鼎-敦南,2024-06-04,9101
2495,普安,32,12,20,群益金鼎-敦南,2024-06-04,9101
2324,仁寶,71,52,19,群益金鼎-敦南,2024-06-04,9101
2303,聯電,28,9,19,群益金鼎-敦南,2024-06-04,9101
00713,元大台灣高息低波,18,0,18,群益金鼎-敦南,2024-06-04,9101
6531,愛普*,21,3,18,群益金鼎-敦南,2024-06-04,9101
2301,光寶科,27,11,16,群益金鼎-敦南,2024-06-04,9101
00936,台新永續高息中小,19,3,16,群益金鼎-敦南,2024-06-04,9101
0056,元大高股息,15,0,15,群益金鼎-敦南,2024-06-04,9101
1110,東泥,15,0,15,群益金鼎-敦南,2024-06-04,9101
2453,凌群,23,8,15,群益金鼎-敦南,2024-06-04,9101
3047,訊舟,36,21,15,群益金鼎-敦南,2024-06-04,9101
2603,長榮,49,34,15,群益金鼎-敦南,2024-06-04,9101
2330,台積電,16,1,15,群益金鼎-敦南,2024-06-04,9101
3580,友威科,15,1,14,群益金鼎-敦南,2024-06-04,9101
006208,富邦台50,14,0,14,群益金鼎-敦南,2024-06-04,9101
3466,德晉,14,0,14,群益金鼎-敦南,2024-06-04,9101
2543,皇昌,12,0,12,群益金鼎-敦南,2024-06-04,9101
2369,菱生,14,2,12,群益金鼎-敦南,2024-06-04,9101
3038,全台,12,0,12,群益金鼎-敦南,2024-06-04,9101
6229,研通,12,0,12,群益金鼎-敦南,2024-06-04,9101
2330,台積電,305,26,279,群益金鼎-敦南,2024-06-05,9101
00937B,群益ESG投等債20,401,177,224,群益金鼎-敦南,2024-06-05,9101
00929,復華台灣科技優息,91,2,89,群益金鼎-敦南,2024-06-05,9101
2520,冠德,102,22,80,群益金鼎-敦南,2024-06-05,9101
00679B,元大美債20年,204,125,79,群益金鼎-敦南,2024-06-05,9101
2363,矽統,85,13,72,群益金鼎-敦南,2024-06-05,9101
3498,陽程,64,0,64,群益金鼎-敦南,2024-06-05,9101
00632R,元大台灣50反1,100,40,60,群益金鼎-敦南,2024-06-05,9101
5519,隆大,54,1,53,群益金鼎-敦南,2024-06-05,9101
3455,由田,50,0,50,群益金鼎-敦南,2024-06-05,9101
00878,國泰永續高股息,48,0,48,群益金鼎-敦南,2024-06-05,9101
00936,台新永續高息中小,42,0,42,群益金鼎-敦南,2024-06-05,9101
00942B,台新美A公司債20+,40,0,40,群益金鼎-敦南,2024-06-05,9101
00687B,國泰20年美債,47,8,39,群益金鼎-敦南,2024-06-05,9101
6163,華電網,43,5,38,群益金鼎-敦南,2024-06-05,9101
4951,精拓科,34,3,31,群益金鼎-敦南,2024-06-05,9101
2495,普安,34,7,27,群益金鼎-敦南,2024-06-05,9101
1321,大洋,63,38,25,群益金鼎-敦南,2024-06-05,9101
2329,華泰,23,0,23,群益金鼎-敦南,2024-06-05,9101
3483,力致,27,4,23,群益金鼎-敦南,2024-06-05,9101
2527,宏璟,22,1,21,群益金鼎-敦南,2024-06-05,9101
2354,鴻準,58,38,20,群益金鼎-敦南,2024-06-05,9101
00918,大華優利高填息30,18,0,18,群益金鼎-敦南,2024-06-05,9101
2014,中鴻,18,0,18,群益金鼎-敦南,2024-06-05,9101
2367,燿華,32,14,18,群益金鼎-敦南,2024-06-05,9101
2101,南港,48,30,18,群益金鼎-敦南,2024-06-05,9101
2891,中信金,21,3,18,群益金鼎-敦南,2024-06-05,9101
0056,元大高股息,18,1,17,群益金鼎-敦南,2024-06-05,9101
3088,艾訊,21,4,17,群益金鼎-敦南,2024-06-05,9101
2303,聯電,17,0,17,群益金鼎-敦南,2024-06-05,9101
4123,晟德,32,16,16,群益金鼎-敦南,2024-06-05,9101
8099,大世科,16,0,16,群益金鼎-敦南,2024-06-05,9101
2417,圓剛,57,41,16,群益金鼎-敦南,2024-06-05,9101
2867,三商壽,15,0,15,群益金鼎-敦南,2024-06-05,9101
2353,宏��,42,28,14,群益金鼎-敦南,2024-06-05,9101
5340,建榮,40,26,14,群益金鼎-敦南,2024-06-05,9101
3221,台嘉碩,14,0,14,群益金鼎-敦南,2024-06-05,9101
3202,樺晟,28,14,14,群益金鼎-敦南,2024-06-05,9101
8277,商丞,14,0,14,群益金鼎-敦南,2024-06-05,9101
3093,港建*,14,0,14,群益金鼎-敦南,2024-06-05,9101
3450,聯鈞,31,18,13,群益金鼎-敦南,2024-06-05,9101
2610,華航,15,2,13,群益金鼎-敦南,2024-06-05,9101
2352,佳世達,12,0,12,群益金鼎-敦南,2024-06-05,9101
8162,微矽電子-創,12,0,12,群益金鼎-敦南,2024-06-05,9101
4167,松瑞藥,20,8,12,群益金鼎-敦南,2024-06-05,9101
2324,仁寶,12,0,12,群益金鼎-敦南,2024-06-05,9101
3346,麗清,11,0,11,群益金鼎-敦南,2024-06-05,9101
2323,中環,13,2,11,群益金鼎-敦南,2024-06-05,9101
3580,友威科,11,0,11,群益金鼎-敦南,2024-06-05,9101
2637,慧洋-KY,30,19,11,群益金鼎-敦南,2024-06-05,9101
2353,宏��,402,18,384,群益金鼎-敦南,2024-06-06,9101
2330,台積電,414,65,349,群益金鼎-敦南,2024-06-06,9101
00937B,群益ESG投等債20,211,50,161,群益金鼎-敦南,2024-06-06,9101
00632R,元大台灣50反1,147,0,147,群益金鼎-敦南,2024-06-06,9101
00933B,國泰10Y+金融債,122,9,113,群益金鼎-敦南,2024-06-06,9101
2356,英業達,113,3,110,群益金鼎-敦南,2024-06-06,9101
2489,瑞軒,94,3,91,群益金鼎-敦南,2024-06-06,9101
00687B,國泰20年美債,82,1,81,群益金鼎-敦南,2024-06-06,9101
00679B,元大美債20年,87,14,73,群益金鼎-敦南,2024-06-06,9101
2867,三商壽,60,1,59,群益金鼎-敦南,2024-06-06,9101
006208,富邦台50,60,1,59,群益金鼎-敦南,2024-06-06,9101
00713,元大台灣高息低波,57,1,56,群益金鼎-敦南,2024-06-06,9101
4726,永昕,56,1,55,群益金鼎-敦南,2024-06-06,9101
6841,長佳智能,185,137,48,群益金鼎-敦南,2024-06-06,9101
2354,鴻準,123,85,38,群益金鼎-敦南,2024-06-06,9101
3231,緯創,65,30,35,群益金鼎-敦南,2024-06-06,9101
2367,燿華,120,85,35,群益金鼎-敦南,2024-06-06,9101
00929,復華台灣科技優息,54,20,34,群益金鼎-敦南,2024-06-06,9101
1815,富喬,258,226,32,群益金鼎-敦南,2024-06-06,9101
00680L,元大美債20正2,31,0,31,群益金鼎-敦南,2024-06-06,9101
2618,長榮航,98,67,31,群益金鼎-敦南,2024-06-06,9101
2905,三商,30,0,30,群益金鼎-敦南,2024-06-06,9101
2027,大成鋼,30,0,30,群益金鼎-敦南,2024-06-06,9101
8085,福華,34,5,29,群益金鼎-敦南,2024-06-06,9101
8099,大世科,28,3,25,群益金鼎-敦南,2024-06-06,9101
1321,大洋,33,11,22,群益金鼎-敦南,2024-06-06,9101
8110,華東,64,43,21,群益金鼎-敦南,2024-06-06,9101
00936,台新永續高息中小,21,0,21,群益金鼎-敦南,2024-06-06,9101
2611,志信,25,5,20,群益金鼎-敦南,2024-06-06,9101
1802,台玻,86,66,20,群益金鼎-敦南,2024-06-06,9101
2204,中華,20,0,20,群益金鼎-敦南,2024-06-06,9101
00942B,台新美A公司債20+,20,0,20,群益金鼎-敦南,2024-06-06,9101
4123,晟德,21,2,19,群益金鼎-敦南,2024-06-06,9101
2845,遠東銀,17,0,17,群益金鼎-敦南,2024-06-06,9101
2482,連宇,53,36,17,群益金鼎-敦南,2024-06-06,9101
9105,泰金寶-DR,23,8,15,群益金鼎-敦南,2024-06-06,9101
2359,所羅門,16,1,15,群益金鼎-敦南,2024-06-06,9101
1436,華友聯,15,0,15,群益金鼎-敦南,2024-06-06,9101
2329,華泰,26,11,15,群益金鼎-敦南,2024-06-06,9101
1710,東聯,15,1,14,群益金鼎-敦南,2024-06-06,9101
00881,國泰台灣5G+,14,0,14,群益金鼎-敦南,2024-06-06,9101
1717,長興,13,0,13,群益金鼎-敦南,2024-06-06,9101
00919,群益台灣精選高息,36,23,13,群益金鼎-敦南,2024-06-06,9101
3048,益登,67,56,11,群益金鼎-敦南,2024-06-06,9101
6207,雷科,11,0,11,群益金鼎-敦南,2024-06-06,9101
3260,威剛,12,1,11,群益金鼎-敦南,2024-06-06,9101
00878,國泰永續高股息,21,10,11,群益金鼎-敦南,2024-06-06,9101
2419,仲琦,11,0,11,群益金鼎-敦南,2024-06-06,9101
2605,新興,37,26,11,群益金鼎-敦南,2024-06-06,9101
5608,四維航,16,5,11,群益金鼎-敦南,2024-06-06,9101
1802,台玻,1232,679,553,群益金鼎-敦南,2024-06-07,9101
00680L,元大美債20正2,122,0,122,群益金鼎-敦南,2024-06-07,9101
00687B,國泰20年美債,113,21,92,群益金鼎-敦南,2024-06-07,9101
00936,台新永續高息中小,53,0,53,群益金鼎-敦南,2024-06-07,9101
00918,大華優利高填息30,35,0,35,群益金鼎-敦南,2024-06-07,9101
2610,華航,76,43,33,群益金鼎-敦南,2024-06-07,9101
2615,萬海,91,58,33,群益金鼎-敦南,2024-06-07,9101
6806,森崴能源,34,1,33,群益金鼎-敦南,2024-06-07,9101
00637L,元大滬深300正2,35,4,31,群益金鼎-敦南,2024-06-07,9101
00933B,國泰10Y+金融債,45,15,30,群益金鼎-敦南,2024-06-07,9101
4157,太景*-KY,30,0,30,群益金鼎-敦南,2024-06-07,9101
6695,芯鼎,29,0,29,群益金鼎-敦南,2024-06-07,9101
2353,宏��,35,6,29,群益金鼎-敦南,2024-06-07,9101
3312,弘憶股,30,2,28,群益金鼎-敦南,2024-06-07,9101
3017,奇鋐,51,25,26,群益金鼎-敦南,2024-06-07,9101
4906,正文,68,43,25,群益金鼎-敦南,2024-06-07,9101
2460,建通,25,0,25,群益金鼎-敦南,2024-06-07,9101
2489,瑞軒,27,5,22,群益金鼎-敦南,2024-06-07,9101
00878,國泰永續高股息,23,2,21,群益金鼎-敦南,2024-06-07,9101
1529,樂事綠能,22,1,21,群益金鼎-敦南,2024-06-07,9101
3231,緯創,54,33,21,群益金鼎-敦南,2024-06-07,9101
2867,三商壽,40,20,20,群益金鼎-敦南,2024-06-07,9101
2892,第一金,20,1,19,群益金鼎-敦南,2024-06-07,9101
2367,燿華,58,41,17,群益金鼎-敦南,2024-06-07,9101
8064,東捷,75,59,16,群益金鼎-敦南,2024-06-07,9101
2464,盟立,34,19,15,群益金鼎-敦南,2024-06-07,9101
00939,統一台灣高息動能,17,2,15,群益金鼎-敦南,2024-06-07,9101
00942B,台新美A公司債20+,15,0,15,群益金鼎-敦南,2024-06-07,9101
2886,兆豐金,16,1,15,群益金鼎-敦南,2024-06-07,9101
6005,群益證,183,168,15,群益金鼎-敦南,2024-06-07,9101
3122,笙泉,79,65,14,群益金鼎-敦南,2024-06-07,9101
3059,華晶科,14,0,14,群益金鼎-敦南,2024-06-07,9101
2527,宏璟,14,0,14,群益金鼎-敦南,2024-06-07,9101
2028,威致,14,0,14,群益金鼎-敦南,2024-06-07,9101
2330,台積電,18,5,13,群益金鼎-敦南,2024-06-07,9101
2352,佳世達,13,0,13,群益金鼎-敦南,2024-06-07,9101
2374,佳能,12,0,12,群益金鼎-敦南,2024-06-07,9101
6190,萬泰科,14,2,12,群益金鼎-敦南,2024-06-07,9101
6274,台燿,13,1,12,群益金鼎-敦南,2024-06-07,9101
4726,永昕,17,6,11,群益金鼎-敦南,2024-06-07,9101
5522,遠雄,18,7,11,群益金鼎-敦南,2024-06-07,9101
4979,華星光,22,11,11,群益金鼎-敦南,2024-06-07,9101
2105,正新,13,2,11,群益金鼎-敦南,2024-06-07,9101
5009,榮剛,10,0,10,群益金鼎-敦南,2024-06-07,9101
2504,國產,63,53,10,群益金鼎-敦南,2024-06-07,9101
3466,德晉,10,0,10,群益金鼎-敦南,2024-06-07,9101
5371,中光電,10,0,10,群益金鼎-敦南,2024-06-07,9101
3033,威健,10,0,10,群益金鼎-敦南,2024-06-07,9101
3149,正達,10,0,10,群益金鼎-敦南,2024-06-07,9101
8099,大世科,12,2,10,群益金鼎-敦南,2024-06-07,9101
2883,凱基金,257,12,245,群益金鼎-敦南,2024-06-11,9101
00937B,群益ESG投等債20,191,6,185,群益金鼎-敦南,2024-06-11,9101
00680L,元大美債20正2,121,0,121,群益金鼎-敦南,2024-06-11,9101
2891,中信金,124,5,119,群益金鼎-敦南,2024-06-11,9101
00940,元大台灣價值高息,165,51,114,群益金鼎-敦南,2024-06-11,9101
00929,復華台灣科技優息,139,31,108,群益金鼎-敦南,2024-06-11,9101
00936,台新永續高息中小,79,0,79,群益金鼎-敦南,2024-06-11,9101
00679B,元大美債20年,89,13,76,群益金鼎-敦南,2024-06-11,9101
2615,萬海,132,62,70,群益金鼎-敦南,2024-06-11,9101
00927,群益半導體收益,67,4,63,群益金鼎-敦南,2024-06-11,9101
1815,富喬,97,34,63,群益金鼎-敦南,2024-06-11,9101
1608,華榮,101,39,62,群益金鼎-敦南,2024-06-11,9101
00918,大華優利高填息30,59,0,59,群益金鼎-敦南,2024-06-11,9101
2603,長榮,124,70,54,群益金鼎-敦南,2024-06-11,9101
00933B,國泰10Y+金融債,54,0,54,群益金鼎-敦南,2024-06-11,9101
2888,新光金,50,4,46,群益金鼎-敦南,2024-06-11,9101
00687B,國泰20年美債,55,10,45,群益金鼎-敦南,2024-06-11,9101
00882,中信中國高股息,55,10,45,群益金鼎-敦南,2024-06-11,9101
00688L,國泰20年美債正2,53,10,43,群益金鼎-敦南,2024-06-11,9101
6806,森崴能源,51,8,43,群益金鼎-敦南,2024-06-11,9101
2884,玉山金,42,0,42,群益金鼎-敦南,2024-06-11,9101
00637L,元大滬深300正2,41,0,41,群益金鼎-敦南,2024-06-11,9101
3047,訊舟,164,131,33,群益金鼎-敦南,2024-06-11,9101
3419,譁裕,30,0,30,群益金鼎-敦南,2024-06-11,9101
2897,王道銀行,46,16,30,群益金鼎-敦南,2024-06-11,9101
3058,立德,30,0,30,群益金鼎-敦南,2024-06-11,9101
6117,迎廣,33,5,28,群益金鼎-敦南,2024-06-11,9101
3312,弘憶股,30,3,27,群益金鼎-敦南,2024-06-11,9101
00942B,台新美A公司債20+,26,0,26,群益金鼎-敦南,2024-06-11,9101
2515,中工,52,27,25,群益金鼎-敦南,2024-06-11,9101
2353,宏��,29,6,23,群益金鼎-敦南,2024-06-11,9101
2617,台航,25,2,23,群益金鼎-敦南,2024-06-11,9101
9105,泰金寶-DR,22,0,22,群益金鼎-敦南,2024-06-11,9101
3481,群創,21,0,21,群益金鼎-敦南,2024-06-11,9101
2486,一詮,43,23,20,群益金鼎-敦南,2024-06-11,9101
4513,福裕,27,7,20,群益金鼎-敦南,2024-06-11,9101
3260,威剛,22,3,19,群益金鼎-敦南,2024-06-11,9101
00878,國泰永續高股息,18,1,17,群益金鼎-敦南,2024-06-11,9101
3339,泰谷,17,1,16,群益金鼎-敦南,2024-06-11,9101
6188,廣明,22,6,16,群益金鼎-敦南,2024-06-11,9101
2374,佳能,17,1,16,群益金鼎-敦南,2024-06-11,9101
2356,英業達,36,21,15,群益金鼎-敦南,2024-06-11,9101
6207,雷科,22,7,15,群益金鼎-敦南,2024-06-11,9101
1301,台塑,17,2,15,群益金鼎-敦南,2024-06-11,9101
2328,廣宇,20,5,15,群益金鼎-敦南,2024-06-11,9101
3466,德晉,15,0,15,群益金鼎-敦南,2024-06-11,9101
1326,台化,15,0,15,群益金鼎-敦南,2024-06-11,9101
2002,中鋼,16,2,14,群益金鼎-敦南,2024-06-11,9101
4976,佳凌,14,0,14,群益金鼎-敦南,2024-06-11,9101
2887,台新金,20,6,14,群益金鼎-敦南,2024-06-11,9101
1714,和桐,224,20,204,群益金鼎-敦南,2024-06-12,9101
2888,新光金,272,154,118,群益金鼎-敦南,2024-06-12,9101
00680L,元大美債20正2,116,0,116,群益金鼎-敦南,2024-06-12,9101
1447,力鵬,116,10,106,群益金鼎-敦南,2024-06-12,9101
5484,慧友,71,2,69,群益金鼎-敦南,2024-06-12,9101
00937B,群益ESG投等債20,75,6,69,群益金鼎-敦南,2024-06-12,9101
00948B,中信優息投資級債,57,0,57,群益金鼎-敦南,2024-06-12,9101
2010,春源,52,0,52,群益金鼎-敦南,2024-06-12,9101
00936,台新永續高息中小,101,51,50,群益金鼎-敦南,2024-06-12,9101
8110,華東,68,19,49,群益金鼎-敦南,2024-06-12,9101
00942B,台新美A公司債20+,45,0,45,群益金鼎-敦南,2024-06-12,9101
8099,大世科,42,0,42,群益金鼎-敦南,2024-06-12,9101
1618,合機,84,48,36,群益金鼎-敦南,2024-06-12,9101
00712,復華富時不動產,36,0,36,群益金鼎-敦南,2024-06-12,9101
2515,中工,44,9,35,群益金鼎-敦南,2024-06-12,9101
00919,群益台灣精選高息,45,12,33,群益金鼎-敦南,2024-06-12,9101
9934,成霖,33,0,33,群益金鼎-敦南,2024-06-12,9101
2615,萬海,59,28,31,群益金鼎-敦南,2024-06-12,9101
2301,光寶科,35,5,30,群益金鼎-敦南,2024-06-12,9101
00713,元大台灣高息低波,30,0,30,群益金鼎-敦南,2024-06-12,9101
00918,大華優利高填息30,29,1,28,群益金鼎-敦南,2024-06-12,9101
2897,王道銀行,28,0,28,群益金鼎-敦南,2024-06-12,9101
6117,迎廣,29,3,26,群益金鼎-敦南,2024-06-12,9101
1524,耿鼎,32,7,25,群益金鼎-敦南,2024-06-12,9101
2337,旺宏,23,0,23,群益金鼎-敦南,2024-06-12,9101
2353,宏��,31,9,22,群益金鼎-敦南,2024-06-12,9101
2020,美亞,20,0,20,群益金鼎-敦南,2024-06-12,9101
4157,太景*-KY,20,0,20,群益金鼎-敦南,2024-06-12,9101
3481,群創,17,0,17,群益金鼎-敦南,2024-06-12,9101
2408,南亞科,18,1,17,群益金鼎-敦南,2024-06-12,9101
2002,中鋼,23,7,16,群益金鼎-敦南,2024-06-12,9101
5351,鈺創,19,3,16,群益金鼎-敦南,2024-06-12,9101
2356,英業達,36,21,15,群益金鼎-敦南,2024-06-12,9101
2881,富邦金,15,0,15,群益金鼎-敦南,2024-06-12,9101
2607,榮運,15,0,15,群益金鼎-敦南,2024-06-12,9101
3580,友威科,14,0,14,群益金鼎-敦南,2024-06-12,9101
4909,新復興,16,2,14,群益金鼎-敦南,2024-06-12,9101
6187,萬潤,16,2,14,群益金鼎-敦南,2024-06-12,9101
2908,特力,14,0,14,群益金鼎-敦南,2024-06-12,9101
1301,台塑,17,4,13,群益金鼎-敦南,2024-06-12,9101
4566,時碩工業,30,17,13,群益金鼎-敦南,2024-06-12,9101
3466,德晉,13,0,13,群益金鼎-敦南,2024-06-12,9101
00915,凱基優選高股息30,13,0,13,群益金鼎-敦南,2024-06-12,9101
3010,華立,15,2,13,群益金鼎-敦南,2024-06-12,9101
2352,佳世達,12,0,12,群益金鼎-敦南,2024-06-12,9101
3231,緯創,31,19,12,群益金鼎-敦南,2024-06-12,9101
2355,敬鵬,21,10,11,群益金鼎-敦南,2024-06-12,9101
6890,來億-KY,13,2,11,群益金鼎-敦南,2024-06-12,9101
9946,三發地產,11,0,11,群益金鼎-敦南,2024-06-12,9101
8358,金居,12,1,11,群益金鼎-敦南,2024-06-12,9101
00637L,元大滬深300正2,303,0,303,群益金鼎-敦南,2024-06-13,9101
2888,新光金,204,0,204,群益金鼎-敦南,2024-06-13,9101
00946,群益科技高息成長,158,31,127,群益金鼎-敦南,2024-06-13,9101
00929,復華台灣科技優息,103,11,92,群益金鼎-敦南,2024-06-13,9101
2353,宏��,115,37,78,群益金鼎-敦南,2024-06-13,9101
00937B,群益ESG投等債20,281,224,57,群益金鼎-敦南,2024-06-13,9101
2867,三商壽,56,0,56,群益金鼎-敦南,2024-06-13,9101
00927,群益半導體收益,58,2,56,群益金鼎-敦南,2024-06-13,9101
2354,鴻準,71,31,40,群益金鼎-敦南,2024-06-13,9101
3450,聯鈞,65,27,38,群益金鼎-敦南,2024-06-13,9101
6125,廣運,50,14,36,群益金鼎-敦南,2024-06-13,9101
2838A,聯邦銀甲特,35,1,34,群益金鼎-敦南,2024-06-13,9101
00948B,中信優息投資級債,51,20,31,群益金鼎-敦南,2024-06-13,9101
3209,全科,30,0,30,群益金鼎-敦南,2024-06-13,9101
2406,國碩,30,0,30,群益金鼎-敦南,2024-06-13,9101
2427,三商電,40,11,29,群益金鼎-敦南,2024-06-13,9101
4726,永昕,42,13,29,群益金鼎-敦南,2024-06-13,9101
2886,兆豐金,27,2,25,群益金鼎-敦南,2024-06-13,9101
4109,加捷生醫,25,0,25,群益金鼎-敦南,2024-06-13,9101
6112,邁達特,29,4,25,群益金鼎-敦南,2024-06-13,9101
2618,長榮航,25,1,24,群益金鼎-敦南,2024-06-13,9101
00706L,期元大S＆P日圓正2,22,0,22,群益金鼎-敦南,2024-06-13,9101
6161,捷波,33,12,21,群益金鼎-敦南,2024-06-13,9101
1617,榮星,100,79,21,群益金鼎-敦南,2024-06-13,9101
6770,力積電,29,9,20,群益金鼎-敦南,2024-06-13,9101
1414,東和,20,0,20,群益金鼎-敦南,2024-06-13,9101
6127,九豪,20,0,20,群益金鼎-敦南,2024-06-13,9101
2801,彰銀,20,0,20,群益金鼎-敦南,2024-06-13,9101
2101,南港,21,1,20,群益金鼎-敦南,2024-06-13,9101
8147,正淩,20,0,20,群益金鼎-敦南,2024-06-13,9101
2323,中環,20,1,19,群益金鼎-敦南,2024-06-13,9101
2603,長榮,48,29,19,群益金鼎-敦南,2024-06-13,9101
00713,元大台灣高息低波,18,0,18,群益金鼎-敦南,2024-06-13,9101
2498,宏達電,31,15,16,群益金鼎-敦南,2024-06-13,9101
00687B,國泰20年美債,18,2,16,群益金鼎-敦南,2024-06-13,9101
3466,德晉,15,0,15,群益金鼎-敦南,2024-06-13,9101
2609,陽明,152,137,15,群益金鼎-敦南,2024-06-13,9101
00918,大華優利高填息30,15,0,15,群益金鼎-敦南,2024-06-13,9101
3047,訊舟,88,74,14,群益金鼎-敦南,2024-06-13,9101
3016,嘉晶,14,0,14,群益金鼎-敦南,2024-06-13,9101
9946,三發地產,14,0,14,群益金鼎-敦南,2024-06-13,9101
2367,燿華,31,18,13,群益金鼎-敦南,2024-06-13,9101
3499,環天科,13,0,13,群益金鼎-敦南,2024-06-13,9101
00882,中信中國高股息,12,0,12,群益金鼎-敦南,2024-06-13,9101
2365,昆盈,28,16,12,群益金鼎-敦南,2024-06-13,9101
00830,國泰費城半導體,12,0,12,群益金鼎-敦南,2024-06-13,9101
6841,長佳智能,20,8,12,群益金鼎-敦南,2024-06-13,9101
00685L,群益臺灣加權正2,11,0,11,群益金鼎-敦南,2024-06-13,9101
6192,巨路,11,1,10,群益金鼎-敦南,2024-06-13,9101
2355,敬鵬,10,0,10,群益金鼎-敦南,2024-06-13,9101
5905,南仁湖,209,0,209,群益金鼎-敦南,2024-06-14,9101
2883,凱基金,200,34,166,群益金鼎-敦南,2024-06-14,9101
00680L,元大美債20正2,131,0,131,群益金鼎-敦南,2024-06-14,9101
2371,大同,167,83,84,群益金鼎-敦南,2024-06-14,9101
00929,復華台灣科技優息,79,5,74,群益金鼎-敦南,2024-06-14,9101
00918,大華優利高填息30,70,0,70,群益金鼎-敦南,2024-06-14,9101
5243,乙盛-KY,76,7,69,群益金鼎-敦南,2024-06-14,9101
00919,群益台灣精選高息,86,20,66,群益金鼎-敦南,2024-06-14,9101
00687B,國泰20年美債,72,11,61,群益金鼎-敦南,2024-06-14,9101
2405,輔信,60,1,59,群益金鼎-敦南,2024-06-14,9101
2392,正崴,90,41,49,群益金鼎-敦南,2024-06-14,9101
3483,力致,45,0,45,群益金鼎-敦南,2024-06-14,9101
6806,森崴能源,41,1,40,群益金鼎-敦南,2024-06-14,9101
8099,大世科,58,19,39,群益金鼎-敦南,2024-06-14,9101
00632R,元大台灣50反1,35,0,35,群益金鼎-敦南,2024-06-14,9101
00946,群益科技高息成長,40,7,33,群益金鼎-敦南,2024-06-14,9101
00942B,台新美A公司債20+,30,0,30,群益金鼎-敦南,2024-06-14,9101
4909,新復興,36,7,29,群益金鼎-敦南,2024-06-14,9101
4532,瑞智,31,2,29,群益金鼎-敦南,2024-06-14,9101
00948B,中信優息投資級債,26,0,26,群益金鼎-敦南,2024-06-14,9101
2363,矽統,53,29,24,群益金鼎-敦南,2024-06-14,9101
00878,國泰永續高股息,23,0,23,群益金鼎-敦南,2024-06-14,9101
1529,樂事綠能,24,1,23,群益金鼎-敦南,2024-06-14,9101
6005,群益證,24,1,23,群益金鼎-敦南,2024-06-14,9101
8089,康全電訊,25,3,22,群益金鼎-敦南,2024-06-14,9101
00679B,元大美債20年,72,50,22,群益金鼎-敦南,2024-06-14,9101
2913,農林,22,1,21,群益金鼎-敦南,2024-06-14,9101
9105,泰金寶-DR,34,13,21,群益金鼎-敦南,2024-06-14,9101
2330,台積電,25,4,21,群益金鼎-敦南,2024-06-14,9101
2356,英業達,28,8,20,群益金鼎-敦南,2024-06-14,9101
2801,彰銀,20,0,20,群益金鼎-敦南,2024-06-14,9101
2353,宏��,41,22,19,群益金鼎-敦南,2024-06-14,9101
2427,三商電,25,7,18,群益金鼎-敦南,2024-06-14,9101
3062,建漢,41,25,16,群益金鼎-敦南,2024-06-14,9101
9945,潤泰新,18,2,16,群益金鼎-敦南,2024-06-14,9101
6462,神盾,21,6,15,群益金鼎-敦南,2024-06-14,9101
5340,建榮,20,6,14,群益金鼎-敦南,2024-06-14,9101
00933B,國泰10Y+金融債,25,11,14,群益金鼎-敦南,2024-06-14,9101
2002,中鋼,14,1,13,群益金鼎-敦南,2024-06-14,9101
6442,光聖,13,0,13,群益金鼎-敦南,2024-06-14,9101
1504,東元,19,6,13,群益金鼎-敦南,2024-06-14,9101
00713,元大台灣高息低波,12,0,12,群益金鼎-敦南,2024-06-14,9101
6235,華孚,12,0,12,群益金鼎-敦南,2024-06-14,9101
00936,台新永續高息中小,24,12,12,群益金鼎-敦南,2024-06-14,9101
8996,高力,13,1,12,群益金鼎-敦南,2024-06-14,9101
6170,統振,12,0,12,群益金鼎-敦南,2024-06-14,9101
4566,時碩工業,36,24,12,群益金鼎-敦南,2024-06-14,9101
2101,南港,11,0,11,群益金鼎-敦南,2024-06-14,9101
2308,台達電,11,0,11,群益金鼎-敦南,2024-06-14,9101
5347,世界,13,2,11,群益金鼎-敦南,2024-06-14,9101
00937B,群益ESG投等債20,573,171,402,群益金鼎-敦南,2024-06-17,9101
00948B,中信優息投資級債,269,1,268,群益金鼎-敦南,2024-06-17,9101
2888,新光金,268,4,264,群益金鼎-敦南,2024-06-17,9101
00680L,元大美債20正2,160,16,144,群益金鼎-敦南,2024-06-17,9101
9933,中鼎,100,6,94,群益金鼎-敦南,2024-06-17,9101
1414,東和,80,0,80,群益金鼎-敦南,2024-06-17,9101
00936,台新永續高息中小,101,29,72,群益金鼎-敦南,2024-06-17,9101
00929,復華台灣科技優息,90,22,68,群益金鼎-敦南,2024-06-17,9101
5484,慧友,70,24,46,群益金鼎-敦南,2024-06-17,9101
8147,正淩,161,115,46,群益金鼎-敦南,2024-06-17,9101
4967,十銓,46,0,46,群益金鼎-敦南,2024-06-17,9101
00650L,復華香港正2,55,10,45,群益金鼎-敦南,2024-06-17,9101
00933B,國泰10Y+金融債,45,4,41,群益金鼎-敦南,2024-06-17,9101
3580,友威科,41,1,40,群益金鼎-敦南,2024-06-17,9101
6196,帆宣,40,0,40,群益金鼎-敦南,2024-06-17,9101
00642U,期元大S＆P石油,40,0,40,群益金鼎-敦南,2024-06-17,9101
6180,橘子,39,0,39,群益金鼎-敦南,2024-06-17,9101
6841,長佳智能,91,56,35,群益金鼎-敦南,2024-06-17,9101
2867,三商壽,36,1,35,群益金鼎-敦南,2024-06-17,9101
00918,大華優利高填息30,36,2,34,群益金鼎-敦南,2024-06-17,9101
2615,萬海,49,21,28,群益金鼎-敦南,2024-06-17,9101
2515,中工,32,5,27,群益金鼎-敦南,2024-06-17,9101
6753,龍德造船,29,3,26,群益金鼎-敦南,2024-06-17,9101
8089,康全電訊,25,0,25,群益金鼎-敦南,2024-06-17,9101
1609,大亞,38,15,23,群益金鼎-敦南,2024-06-17,9101
6806,森崴能源,22,1,21,群益金鼎-敦南,2024-06-17,9101
2527,宏璟,22,1,21,群益金鼎-敦南,2024-06-17,9101
2610,華航,20,0,20,群益金鼎-敦南,2024-06-17,9101
00713,元大台灣高息低波,21,2,19,群益金鼎-敦南,2024-06-17,9101
4909,新復興,22,4,18,群益金鼎-敦南,2024-06-17,9101
00945B,凱基美國非投等債,19,1,18,群益金鼎-敦南,2024-06-17,9101
6170,統振,18,0,18,群益金鼎-敦南,2024-06-17,9101
1513,中興電,30,13,17,群益金鼎-敦南,2024-06-17,9101
2354,鴻準,27,10,17,群益金鼎-敦南,2024-06-17,9101
2061,風青,17,1,16,群益金鼎-敦南,2024-06-17,9101
2476,鉅祥,24,8,16,群益金鼎-敦南,2024-06-17,9101
6229,研通,16,0,16,群益金鼎-敦南,2024-06-17,9101
2312,金寶,69,54,15,群益金鼎-敦南,2024-06-17,9101
1514,亞力,72,57,15,群益金鼎-敦南,2024-06-17,9101
1611,中電,248,233,15,群益金鼎-敦南,2024-06-17,9101
4123,晟德,20,5,15,群益金鼎-敦南,2024-06-17,9101
6005,群益證,20,5,15,群益金鼎-敦南,2024-06-17,9101
8096,擎亞,21,6,15,群益金鼎-敦南,2024-06-17,9101
1504,東元,14,0,14,群益金鼎-敦南,2024-06-17,9101
00633L,富邦上証正2,14,0,14,群益金鼎-敦南,2024-06-17,9101
4306,炎洲,14,0,14,群益金鼎-敦南,2024-06-17,9101
9105,泰金寶-DR,19,5,14,群益金鼎-敦南,2024-06-17,9101
3048,益登,34,22,12,群益金鼎-敦南,2024-06-17,9101
6492,生華科,12,0,12,群益金鼎-敦南,2024-06-17,9101
6182,合晶,12,0,12,群益金鼎-敦南,2024-06-17,9101
2354,鴻準,443,36,407,群益金鼎-敦南,2024-06-18,9101
2883,凱基金,166,20,146,群益金鼎-敦南,2024-06-18,9101
00929,復華台灣科技優息,186,55,131,群益金鼎-敦南,2024-06-18,9101
4167,松瑞藥,129,3,126,群益金鼎-敦南,2024-06-18,9101
4503,金雨,255,136,119,群益金鼎-敦南,2024-06-18,9101
3062,建漢,240,133,107,群益金鼎-敦南,2024-06-18,9101
00915,凱基優選高股息30,105,1,104,群益金鼎-敦南,2024-06-18,9101
00948B,中信優息投資級債,90,0,90,群益金鼎-敦南,2024-06-18,9101
2618,長榮航,146,60,86,群益金鼎-敦南,2024-06-18,9101
00936,台新永續高息中小,72,0,72,群益金鼎-敦南,2024-06-18,9101
00937B,群益ESG投等債20,71,0,71,群益金鼎-敦南,2024-06-18,9101
2385,群光,63,0,63,群益金鼎-敦南,2024-06-18,9101
3466,德晉,68,13,55,群益金鼎-敦南,2024-06-18,9101
3580,友威科,62,7,55,群益金鼎-敦南,2024-06-18,9101
3081,聯亞,76,22,54,群益金鼎-敦南,2024-06-18,9101
8099,大世科,54,1,53,群益金鼎-敦南,2024-06-18,9101
3363,上詮,46,1,45,群益金鼎-敦南,2024-06-18,9101
3622,洋華,73,29,44,群益金鼎-敦南,2024-06-18,9101
00632R,元大台灣50反1,42,0,42,群益金鼎-敦南,2024-06-18,9101
6546,正基,37,0,37,群益金鼎-敦南,2024-06-18,9101
00918,大華優利高填息30,43,12,31,群益金鼎-敦南,2024-06-18,9101
1504,東元,51,21,30,群益金鼎-敦南,2024-06-18,9101
2371,大同,49,22,27,群益金鼎-敦南,2024-06-18,9101
00713,元大台灣高息低波,27,0,27,群益金鼎-敦南,2024-06-18,9101
8089,康全電訊,25,0,25,群益金鼎-敦南,2024-06-18,9101
5519,隆大,24,0,24,群益金鼎-敦南,2024-06-18,9101
8112,至上,30,6,24,群益金鼎-敦南,2024-06-18,9101
2489,瑞軒,31,8,23,群益金鼎-敦南,2024-06-18,9101
4714,永捷,26,4,22,群益金鼎-敦南,2024-06-18,9101
9958,世紀鋼,23,2,21,群益金鼎-敦南,2024-06-18,9101
2329,華泰,21,0,21,群益金鼎-敦南,2024-06-18,9101
2353,宏��,24,3,21,群益金鼎-敦南,2024-06-18,9101
3050,鈺德,20,0,20,群益金鼎-敦南,2024-06-18,9101
1909,榮成,20,0,20,群益金鼎-敦南,2024-06-18,9101
2301,光寶科,21,1,20,群益金鼎-敦南,2024-06-18,9101
2515,中工,29,10,19,群益金鼎-敦南,2024-06-18,9101
2838A,聯邦銀甲特,19,0,19,群益金鼎-敦南,2024-06-18,9101
4142,國光生,19,0,19,群益金鼎-敦南,2024-06-18,9101
00679B,元大美債20年,21,3,18,群益金鼎-敦南,2024-06-18,9101
8064,東捷,121,103,18,群益金鼎-敦南,2024-06-18,9101
2025,千興,20,2,18,群益金鼎-敦南,2024-06-18,9101
8277,商丞,26,9,17,群益金鼎-敦南,2024-06-18,9101
6152,百一,20,5,15,群益金鼎-敦南,2024-06-18,9101
2705,六福,15,0,15,群益金鼎-敦南,2024-06-18,9101
00764B,群益25年美債,978,963,15,群益金鼎-敦南,2024-06-18,9101
6442,光聖,15,0,15,群益金鼎-敦南,2024-06-18,9101
3035,智原,32,17,15,群益金鼎-敦南,2024-06-18,9101
6578,達邦蛋白,14,0,14,群益金鼎-敦南,2024-06-18,9101
3362,先進光,15,1,14,群益金鼎-敦南,2024-06-18,9101
6282,康舒,27,14,13,群益金鼎-敦南,2024-06-18,9101
00712,復華富時不動產,122,2,120,群益金鼎-敦南,2024-06-19,9101
00929,復華台灣科技優息,171,59,112,群益金鼎-敦南,2024-06-19,9101
8096,擎亞,388,295,93,群益金鼎-敦南,2024-06-19,9101
2323,中環,80,3,77,群益金鼎-敦南,2024-06-19,9101
2329,華泰,79,6,73,群益金鼎-敦南,2024-06-19,9101
4566,時碩工業,84,24,60,群益金鼎-敦南,2024-06-19,9101
00948B,中信優息投資級債,64,5,59,群益金鼎-敦南,2024-06-19,9101
2534,宏盛,70,12,58,群益金鼎-敦南,2024-06-19,9101
2498,宏達電,60,4,56,群益金鼎-敦南,2024-06-19,9101
00933B,國泰10Y+金融債,55,1,54,群益金鼎-敦南,2024-06-19,9101
00946,群益科技高息成長,52,0,52,群益金鼎-敦南,2024-06-19,9101
00937B,群益ESG投等債20,84,36,48,群益金鼎-敦南,2024-06-19,9101
2371,大同,99,52,47,群益金鼎-敦南,2024-06-19,9101
00919,群益台灣精選高息,184,143,41,群益金鼎-敦南,2024-06-19,9101
2618,長榮航,98,59,39,群益金鼎-敦南,2024-06-19,9101
9105,泰金寶-DR,43,9,34,群益金鼎-敦南,2024-06-19,9101
00918,大華優利高填息30,39,6,33,群益金鼎-敦南,2024-06-19,9101
00945B,凱基美國非投等債,32,0,32,群益金鼎-敦南,2024-06-19,9101
2324,仁寶,30,0,30,群益金鼎-敦南,2024-06-19,9101
00915,凱基優選高股息30,29,2,27,群益金鼎-敦南,2024-06-19,9101
2515,中工,32,6,26,群益金鼎-敦南,2024-06-19,9101
2354,鴻準,55,29,26,群益金鼎-敦南,2024-06-19,9101
2409,友達,25,0,25,群益金鼎-敦南,2024-06-19,9101
8089,康全電訊,25,0,25,群益金鼎-敦南,2024-06-19,9101
1802,台玻,23,2,21,群益金鼎-敦南,2024-06-19,9101
3081,聯亞,56,37,19,群益金鼎-敦南,2024-06-19,9101
00687B,國泰20年美債,28,9,19,群益金鼎-敦南,2024-06-19,9101
00633L,富邦上証正2,19,0,19,群益金鼎-敦南,2024-06-19,9101
1815,富喬,99,80,19,群益金鼎-敦南,2024-06-19,9101
8112,至上,19,1,18,群益金鼎-敦南,2024-06-19,9101
6576,逸達,18,0,18,群益金鼎-敦南,2024-06-19,9101
6442,光聖,16,0,16,群益金鼎-敦南,2024-06-19,9101
3622,洋華,19,3,16,群益金鼎-敦南,2024-06-19,9101
3339,泰谷,20,4,16,群益金鼎-敦南,2024-06-19,9101
2439,美律,20,4,16,群益金鼎-敦南,2024-06-19,9101
1701,中化,15,0,15,群益金鼎-敦南,2024-06-19,9101
3450,聯鈞,53,39,14,群益金鼎-敦南,2024-06-19,9101
2641,正德,21,7,14,群益金鼎-敦南,2024-06-19,9101
2392,正崴,31,18,13,群益金鼎-敦南,2024-06-19,9101
3060,銘異,18,5,13,群益金鼎-敦南,2024-06-19,9101
00713,元大台灣高息低波,15,2,13,群益金鼎-敦南,2024-06-19,9101
3059,華晶科,13,0,13,群益金鼎-敦南,2024-06-19,9101
1314,中石化,14,1,13,群益金鼎-敦南,2024-06-19,9101
6446,藥華藥,15,2,13,群益金鼎-敦南,2024-06-19,9101
4968,立積,18,6,12,群益金鼎-敦南,2024-06-19,9101
9919,康那香,12,0,12,群益金鼎-敦南,2024-06-19,9101
4977,眾達-KY,16,4,12,群益金鼎-敦南,2024-06-19,9101
6449,鈺邦,18,6,12,群益金鼎-敦南,2024-06-19,9101
5284,jpp-KY,12,0,12,群益金鼎-敦南,2024-06-19,9101
00895,富邦未來車,12,0,12,群益金鼎-敦南,2024-06-19,9101
00937B,群益ESG投等債20,407,1,406,群益金鼎-敦南,2024-06-20,9101
00940,元大台灣價值高息,286,62,224,群益金鼎-敦南,2024-06-20,9101
2330,台積電,148,12,136,群益金鼎-敦南,2024-06-20,9101
00946,群益科技高息成長,132,0,132,群益金鼎-敦南,2024-06-20,9101
00632R,元大台灣50反1,106,0,106,群益金鼎-敦南,2024-06-20,9101
1785,光洋科,82,20,62,群益金鼎-敦南,2024-06-20,9101
00919,群益台灣精選高息,116,61,55,群益金鼎-敦南,2024-06-20,9101
2888,新光金,54,0,54,群益金鼎-敦南,2024-06-20,9101
00948B,中信優息投資級債,54,0,54,群益金鼎-敦南,2024-06-20,9101
2867,三商壽,50,0,50,群益金鼎-敦南,2024-06-20,9101
00933B,國泰10Y+金融債,64,16,48,群益金鼎-敦南,2024-06-20,9101
2610,華航,49,15,34,群益金鼎-敦南,2024-06-20,9101
2353,宏��,55,24,31,群益金鼎-敦南,2024-06-20,9101
1611,中電,36,5,31,群益金鼎-敦南,2024-06-20,9101
2392,正崴,49,19,30,群益金鼎-敦南,2024-06-20,9101
2405,輔信,30,1,29,群益金鼎-敦南,2024-06-20,9101
00936,台新永續高息中小,34,5,29,群益金鼎-敦南,2024-06-20,9101
2344,華邦電,31,4,27,群益金鼎-敦南,2024-06-20,9101
00687B,國泰20年美債,27,0,27,群益金鼎-敦南,2024-06-20,9101
8089,康全電訊,25,0,25,群益金鼎-敦南,2024-06-20,9101
2402,毅嘉,23,0,23,群益金鼎-敦南,2024-06-20,9101
5340,建榮,25,2,23,群益金鼎-敦南,2024-06-20,9101
2408,南亞科,39,16,23,群益金鼎-敦南,2024-06-20,9101
00915,凱基優選高股息30,21,0,21,群益金鼎-敦南,2024-06-20,9101
6125,廣運,32,11,21,群益金鼎-敦南,2024-06-20,9101
00929,復華台灣科技優息,62,42,20,群益金鼎-敦南,2024-06-20,9101
2449,京元電子,33,14,19,群益金鼎-敦南,2024-06-20,9101
2834,臺企銀,20,1,19,群益金鼎-敦南,2024-06-20,9101
2845,遠東銀,18,0,18,群益金鼎-敦南,2024-06-20,9101
2338,光罩,27,10,17,群益金鼎-敦南,2024-06-20,9101
6005,群益證,17,0,17,群益金鼎-敦南,2024-06-20,9101
2301,光寶科,18,2,16,群益金鼎-敦南,2024-06-20,9101
2363,矽統,45,30,15,群益金鼎-敦南,2024-06-20,9101
00713,元大台灣高息低波,15,0,15,群益金鼎-敦南,2024-06-20,9101
3607,谷崧,15,0,15,群益金鼎-敦南,2024-06-20,9101
00764B,群益25年美債,868,853,15,群益金鼎-敦南,2024-06-20,9101
911868,同方友友-DR,15,0,15,群益金鼎-敦南,2024-06-20,9101
1503,士電,39,25,14,群益金鼎-敦南,2024-06-20,9101
2618,長榮航,25,11,14,群益金鼎-敦南,2024-06-20,9101
6173,信昌電,14,0,14,群益金鼎-敦南,2024-06-20,9101
00633L,富邦上証正2,14,0,14,群益金鼎-敦南,2024-06-20,9101
6796,晉弘,14,0,14,群益金鼎-敦南,2024-06-20,9101
00942B,台新美A公司債20+,14,0,14,群益金鼎-敦南,2024-06-20,9101
2809,京城銀,14,0,14,群益金鼎-敦南,2024-06-20,9101
6207,雷科,22,9,13,群益金鼎-敦南,2024-06-20,9101
1301,台塑,13,0,13,群益金鼎-敦南,2024-06-20,9101
00923,群益台ESG低碳50,18,5,13,群益金鼎-敦南,2024-06-20,9101
2498,宏達電,14,2,12,群益金鼎-敦南,2024-06-20,9101
6442,光聖,13,1,12,群益金鼎-敦南,2024-06-20,9101
2812,台中銀,12,0,12,群益金鼎-敦南,2024-06-20,9101
00937B,群益ESG投等債20,533,17,516,群益金鼎-敦南,2024-06-21,9101
6116,彩晶,115,0,115,群益金鼎-敦南,2024-06-21,9101
2330,台積電,114,3,111,群益金鼎-敦南,2024-06-21,9101
00933B,國泰10Y+金融債,109,0,109,群益金鼎-敦南,2024-06-21,9101
00948B,中信優息投資級債,104,0,104,群益金鼎-敦南,2024-06-21,9101
00940,元大台灣價值高息,137,52,85,群益金鼎-敦南,2024-06-21,9101
2606,裕民,62,0,62,群益金鼎-敦南,2024-06-21,9101
00936,台新永續高息中小,58,0,58,群益金鼎-敦南,2024-06-21,9101
1305,華夏,60,2,58,群益金鼎-敦南,2024-06-21,9101
1611,中電,206,156,50,群益金鼎-敦南,2024-06-21,9101
5484,慧友,43,0,43,群益金鼎-敦南,2024-06-21,9101
1301,台塑,45,2,43,群益金鼎-敦南,2024-06-21,9101
00687B,國泰20年美債,58,23,35,群益金鼎-敦南,2024-06-21,9101
3081,聯亞,40,10,30,群益金鼎-敦南,2024-06-21,9101
00637L,元大滬深300正2,29,0,29,群益金鼎-敦南,2024-06-21,9101
2363,矽統,43,17,26,群益金鼎-敦南,2024-06-21,9101
00915,凱基優選高股息30,25,0,25,群益金鼎-敦南,2024-06-21,9101
00706L,期元大S＆P日圓正2,25,0,25,群益金鼎-敦南,2024-06-21,9101
3694,海華,25,0,25,群益金鼎-敦南,2024-06-21,9101
2498,宏達電,57,33,24,群益金鼎-敦南,2024-06-21,9101
00795B,中信美國公債20年,23,0,23,群益金鼎-敦南,2024-06-21,9101
2258,鴻華先進-創,23,0,23,群益金鼎-敦南,2024-06-21,9101
2460,建通,22,0,22,群益金鼎-敦南,2024-06-21,9101
2838A,聯邦銀甲特,22,0,22,群益金鼎-敦南,2024-06-21,9101
3615,安可,26,5,21,群益金鼎-敦南,2024-06-21,9101
1785,光洋科,68,47,21,群益金鼎-敦南,2024-06-21,9101
1727,中華化,20,0,20,群益金鼎-敦南,2024-06-21,9101
00945B,凱基美國非投等債,20,0,20,群益金鼎-敦南,2024-06-21,9101
6120,達運,20,0,20,群益金鼎-敦南,2024-06-21,9101
6244,茂迪,22,2,20,群益金鼎-敦南,2024-06-21,9101
2609,陽明,56,36,20,群益金鼎-敦南,2024-06-21,9101
00891,中信關鍵半導體,23,4,19,群益金鼎-敦南,2024-06-21,9101
4167,松瑞藥,20,1,19,群益金鼎-敦南,2024-06-21,9101
8076,伍豐,18,1,17,群益金鼎-敦南,2024-06-21,9101
3339,泰谷,22,6,16,群益金鼎-敦南,2024-06-21,9101
00764B,群益25年美債,869,853,16,群益金鼎-敦南,2024-06-21,9101
00927,群益半導體收益,15,0,15,群益金鼎-敦南,2024-06-21,9101
4306,炎洲,15,0,15,群益金鼎-敦南,2024-06-21,9101
8089,康全電訊,15,0,15,群益金鼎-敦南,2024-06-21,9101
00946,群益科技高息成長,15,0,15,群益金鼎-敦南,2024-06-21,9101
2603,長榮,28,14,14,群益金鼎-敦南,2024-06-21,9101
2515,中工,25,11,14,群益金鼎-敦南,2024-06-21,9101
5309,系統電,14,0,14,群益金鼎-敦南,2024-06-21,9101
6695,芯鼎,66,53,13,群益金鼎-敦南,2024-06-21,9101
00881,國泰台灣5G+,13,0,13,群益金鼎-敦南,2024-06-21,9101
6442,光聖,13,0,13,群益金鼎-敦南,2024-06-21,9101
8064,東捷,61,48,13,群益金鼎-敦南,2024-06-21,9101
00680L,元大美債20正2,12,0,12,群益金鼎-敦南,2024-06-21,9101
2382,廣達,32,20,12,群益金鼎-敦南,2024-06-21,9101
9955,佳龍,12,0,12,群益金鼎-敦南,2024-06-21,9101
2472,立隆電,621,325,296,群益金鼎-敦南,2024-06-24,9101
00937B,群益ESG投等債20,278,0,278,群益金鼎-敦南,2024-06-24,9101
00919,群益台灣精選高息,331,69,262,群益金鼎-敦南,2024-06-24,9101
00632R,元大台灣50反1,250,3,247,群益金鼎-敦南,2024-06-24,9101
3481,群創,413,223,190,群益金鼎-敦南,2024-06-24,9101
00680L,元大美債20正2,110,0,110,群益金鼎-敦南,2024-06-24,9101
00929,復華台灣科技優息,179,100,79,群益金鼎-敦南,2024-06-24,9101
1815,富喬,101,40,61,群益金鼎-敦南,2024-06-24,9101
8099,大世科,68,16,52,群益金鼎-敦南,2024-06-24,9101
00948B,中信優息投資級債,49,0,49,群益金鼎-敦南,2024-06-24,9101
8027,鈦昇,57,9,48,群益金鼎-敦南,2024-06-24,9101
00915,凱基優選高股息30,48,0,48,群益金鼎-敦南,2024-06-24,9101
00945B,凱基美國非投等債,45,0,45,群益金鼎-敦南,2024-06-24,9101
00947,台新臺灣IC設計,41,0,41,群益金鼎-敦南,2024-06-24,9101
2330,台積電,52,11,41,群益金鼎-敦南,2024-06-24,9101
6546,正基,39,0,39,群益金鼎-敦南,2024-06-24,9101
00946,群益科技高息成長,35,0,35,群益金鼎-敦南,2024-06-24,9101
2464,盟立,54,21,33,群益金鼎-敦南,2024-06-24,9101
2406,國碩,34,1,33,群益金鼎-敦南,2024-06-24,9101
3047,訊舟,89,56,33,群益金鼎-敦南,2024-06-24,9101
2495,普安,30,0,30,群益金鼎-敦南,2024-06-24,9101
2353,宏��,39,10,29,群益金鼎-敦南,2024-06-24,9101
2409,友達,34,6,28,群益金鼎-敦南,2024-06-24,9101
00918,大華優利高填息30,28,0,28,群益金鼎-敦南,2024-06-24,9101
2347,聯強,27,0,27,群益金鼎-敦南,2024-06-24,9101
00687B,國泰20年美債,31,4,27,群益金鼎-敦南,2024-06-24,9101
3516,亞帝歐,33,6,27,群益金鼎-敦南,2024-06-24,9101
4109,加捷生醫,27,0,27,群益金鼎-敦南,2024-06-24,9101
1402,遠東新,25,0,25,群益金鼎-敦南,2024-06-24,9101
00706L,期元大S＆P日圓正2,25,0,25,群益金鼎-敦南,2024-06-24,9101
00934,中信成長高股息,24,0,24,群益金鼎-敦南,2024-06-24,9101
0050,元大台灣50,25,2,23,群益金鼎-敦南,2024-06-24,9101
8011,台通,48,27,21,群益金鼎-敦南,2024-06-24,9101
00665L,富邦�琤肭磪囓�2,20,0,20,群益金鼎-敦南,2024-06-24,9101
2867,三商壽,20,0,20,群益金鼎-敦南,2024-06-24,9101
00688L,國泰20年美債正2,20,0,20,群益金鼎-敦南,2024-06-24,9101
6841,長佳智能,20,0,20,群益金鼎-敦南,2024-06-24,9101
00933B,國泰10Y+金融債,20,0,20,群益金鼎-敦南,2024-06-24,9101
2382,廣達,24,5,19,群益金鼎-敦南,2024-06-24,9101
8150,南茂,19,0,19,群益金鼎-敦南,2024-06-24,9101
2603,長榮,19,0,19,群益金鼎-敦南,2024-06-24,9101
6695,芯鼎,37,18,19,群益金鼎-敦南,2024-06-24,9101
2615,萬海,25,7,18,群益金鼎-敦南,2024-06-24,9101
00923,群益台ESG低碳50,18,0,18,群益金鼎-敦南,2024-06-24,9101
2363,矽統,29,12,17,群益金鼎-敦南,2024-06-24,9101
2492,華新科,31,14,17,群益金鼎-敦南,2024-06-24,9101
00909,國泰數位支付服務,16,0,16,群益金鼎-敦南,2024-06-24,9101
2356,英業達,21,5,16,群益金鼎-敦南,2024-06-24,9101
2611,志信,16,1,15,群益金鼎-敦南,2024-06-24,9101
1615,大山,17,2,15,群益金鼎-敦南,2024-06-24,9101
2330,台積電,318,11,307,群益金鼎-敦南,2024-06-25,9101
00948B,中信優息投資級債,247,0,247,群益金鼎-敦南,2024-06-25,9101
00929,復華台灣科技優息,172,10,162,群益金鼎-敦南,2024-06-25,9101
3481,群創,281,165,116,群益金鼎-敦南,2024-06-25,9101
00937B,群益ESG投等債20,248,147,101,群益金鼎-敦南,2024-06-25,9101
2357,華碩,100,2,98,群益金鼎-敦南,2024-06-25,9101
00933B,國泰10Y+金融債,66,12,54,群益金鼎-敦南,2024-06-25,9101
9958,世紀鋼,74,24,50,群益金鼎-敦南,2024-06-25,9101
1815,富喬,53,6,47,群益金鼎-敦南,2024-06-25,9101
00919,群益台灣精選高息,136,97,39,群益金鼎-敦南,2024-06-25,9101
5452,佶優,95,57,38,群益金鼎-敦南,2024-06-25,9101
3081,聯亞,37,2,35,群益金鼎-敦南,2024-06-25,9101
00946,群益科技高息成長,37,3,34,群益金鼎-敦南,2024-06-25,9101
8089,康全電訊,34,0,34,群益金鼎-敦南,2024-06-25,9101
8011,台通,32,0,32,群益金鼎-敦南,2024-06-25,9101
2409,友達,38,9,29,群益金鼎-敦南,2024-06-25,9101
1785,光洋科,82,54,28,群益金鼎-敦南,2024-06-25,9101
2610,華航,56,32,24,群益金鼎-敦南,2024-06-25,9101
3037,欣興,24,3,21,群益金鼎-敦南,2024-06-25,9101
00662,富邦NASDAQ,20,0,20,群益金鼎-敦南,2024-06-25,9101
00632R,元大台灣50反1,120,100,20,群益金鼎-敦南,2024-06-25,9101
00878,國泰永續高股息,29,10,19,群益金鼎-敦南,2024-06-25,9101
2317,鴻海,52,33,19,群益金鼎-敦南,2024-06-25,9101
2425,承啟,18,0,18,群益金鼎-敦南,2024-06-25,9101
2606,裕民,23,5,18,群益金鼎-敦南,2024-06-25,9101
2303,聯電,25,8,17,群益金鼎-敦南,2024-06-25,9101
3624,光頡,23,7,16,群益金鼎-敦南,2024-06-25,9101
00915,凱基優選高股息30,15,0,15,群益金鼎-敦南,2024-06-25,9101
1402,遠東新,15,0,15,群益金鼎-敦南,2024-06-25,9101
1321,大洋,34,20,14,群益金鼎-敦南,2024-06-25,9101
2371,大同,29,15,14,群益金鼎-敦南,2024-06-25,9101
6153,嘉聯益,14,0,14,群益金鼎-敦南,2024-06-25,9101
2201,裕隆,18,5,13,群益金鼎-敦南,2024-06-25,9101
2439,美律,15,2,13,群益金鼎-敦南,2024-06-25,9101
3231,緯創,14,1,13,群益金鼎-敦南,2024-06-25,9101
6957,裕慶-KY,22,10,12,群益金鼎-敦南,2024-06-25,9101
00637L,元大滬深300正2,15,3,12,群益金鼎-敦南,2024-06-25,9101
8085,福華,46,35,11,群益金鼎-敦南,2024-06-25,9101
2501,國建,12,1,11,群益金鼎-敦南,2024-06-25,9101
8064,東捷,15,4,11,群益金鼎-敦南,2024-06-25,9101
3047,訊舟,43,33,10,群益金鼎-敦南,2024-06-25,9101
00881,國泰台灣5G+,10,0,10,群益金鼎-敦南,2024-06-25,9101
9105,泰金寶-DR,25,15,10,群益金鼎-敦南,2024-06-25,9101
3666,光耀,10,0,10,群益金鼎-敦南,2024-06-25,9101
00650L,復華香港正2,20,10,10,群益金鼎-敦南,2024-06-25,9101
4903,聯光通,10,0,10,群益金鼎-敦南,2024-06-25,9101
00646,元大S＆P500,10,0,10,群益金鼎-敦南,2024-06-25,9101
911868,同方友友-DR,10,0,10,群益金鼎-敦南,2024-06-25,9101
3437,榮創,10,0,10,群益金鼎-敦南,2024-06-25,9101
0050,元大台灣50,10,0,10,群益金鼎-敦南,2024-06-25,9101
00948B,中信優息投資級債,278,0,278,群益金鼎-敦南,2024-06-26,9101
1215,卜蜂,145,0,145,群益金鼎-敦南,2024-06-26,9101
00764B,群益25年美債,1157,1057,100,群益金鼎-敦南,2024-06-26,9101
2888,新光金,83,0,83,群益金鼎-敦南,2024-06-26,9101
00680L,元大美債20正2,80,0,80,群益金鼎-敦南,2024-06-26,9101
00937B,群益ESG投等債20,81,17,64,群益金鼎-敦南,2024-06-26,9101
1402,遠東新,61,1,60,群益金鼎-敦南,2024-06-26,9101
00936,台新永續高息中小,56,0,56,群益金鼎-敦南,2024-06-26,9101
2392,正崴,57,6,51,群益金鼎-敦南,2024-06-26,9101
00919,群益台灣精選高息,73,25,48,群益金鼎-敦南,2024-06-26,9101
3483,力致,46,2,44,群益金鼎-敦南,2024-06-26,9101
2492,華新科,42,0,42,群益金鼎-敦南,2024-06-26,9101
2409,友達,44,4,40,群益金鼎-敦南,2024-06-26,9101
00679B,元大美債20年,38,0,38,群益金鼎-敦南,2024-06-26,9101
2317,鴻海,52,14,38,群益金鼎-敦南,2024-06-26,9101
00929,復華台灣科技優息,44,6,38,群益金鼎-敦南,2024-06-26,9101
2354,鴻準,62,28,34,群益金鼎-敦南,2024-06-26,9101
00795B,中信美國公債20年,32,0,32,群益金鼎-敦南,2024-06-26,9101
8011,台通,30,3,27,群益金鼎-敦南,2024-06-26,9101
00713,元大台灣高息低波,26,0,26,群益金鼎-敦南,2024-06-26,9101
4566,時碩工業,47,26,21,群益金鼎-敦南,2024-06-26,9101
2464,盟立,42,25,17,群益金鼎-敦南,2024-06-26,9101
2312,金寶,22,6,16,群益金鼎-敦南,2024-06-26,9101
3673,TPK-KY,16,0,16,群益金鼎-敦南,2024-06-26,9101
2882,國泰金,21,5,16,群益金鼎-敦南,2024-06-26,9101
3663,鑫科,18,3,15,群益金鼎-敦南,2024-06-26,9101
00637L,元大滬深300正2,15,0,15,群益金鼎-敦南,2024-06-26,9101
3576,聯合再生,22,7,15,群益金鼎-敦南,2024-06-26,9101
00915,凱基優選高股息30,14,0,14,群益金鼎-敦南,2024-06-26,9101
2369,菱生,16,2,14,群益金鼎-敦南,2024-06-26,9101
3535,晶彩科,31,17,14,群益金鼎-敦南,2024-06-26,9101
2609,陽明,82,69,13,群益金鼎-敦南,2024-06-26,9101
1301,台塑,15,2,13,群益金鼎-敦南,2024-06-26,9101
2363,矽統,23,10,13,群益金鼎-敦南,2024-06-26,9101
2002,中鋼,18,5,13,群益金鼎-敦南,2024-06-26,9101
6442,光聖,13,0,13,群益金鼎-敦南,2024-06-26,9101
8028,昇陽半導體,43,30,13,群益金鼎-敦南,2024-06-26,9101
2330,台積電,23,11,12,群益金鼎-敦南,2024-06-26,9101
2371,大同,23,11,12,群益金鼎-敦南,2024-06-26,9101
2615,萬海,14,2,12,群益金鼎-敦南,2024-06-26,9101
2527,宏璟,12,0,12,群益金鼎-敦南,2024-06-26,9101
5871,中租-KY,12,0,12,群益金鼎-敦南,2024-06-26,9101
00933B,國泰10Y+金融債,11,0,11,群益金鼎-敦南,2024-06-26,9101
3231,緯創,12,1,11,群益金鼎-敦南,2024-06-26,9101
1303,南亞,11,0,11,群益金鼎-敦南,2024-06-26,9101
6190,萬泰科,11,0,11,群益金鼎-敦南,2024-06-26,9101
2633,台灣高鐵,11,0,11,群益金鼎-敦南,2024-06-26,9101
00881,國泰台灣5G+,11,0,11,群益金鼎-敦南,2024-06-26,9101
2347,聯強,11,0,11,群益金鼎-敦南,2024-06-26,9101
00942B,台新美A公司債20+,10,0,10,群益金鼎-敦南,2024-06-26,9101
00948B,中信優息投資級債,187,0,187,群益金鼎-敦南,2024-06-27,9101
00687B,國泰20年美債,57,1,56,群益金鼎-敦南,2024-06-27,9101
00942B,台新美A公司債20+,58,18,40,群益金鼎-敦南,2024-06-27,9101
3047,訊舟,144,106,38,群益金鼎-敦南,2024-06-27,9101
3481,群創,99,62,37,群益金鼎-敦南,2024-06-27,9101
4167,松瑞藥,110,74,36,群益金鼎-敦南,2024-06-27,9101
2888,新光金,35,0,35,群益金鼎-敦南,2024-06-27,9101
912000,晨訊科-DR,31,0,31,群益金鼎-敦南,2024-06-27,9101
1434,福懋,30,0,30,群益金鼎-敦南,2024-06-27,9101
6026,福邦證,30,0,30,群益金鼎-敦南,2024-06-27,9101
2885,元大金,28,0,28,群益金鼎-敦南,2024-06-27,9101
00947,台新臺灣IC設計,26,0,26,群益金鼎-敦南,2024-06-27,9101
00665L,富邦�琤肭磪囓�2,26,0,26,群益金鼎-敦南,2024-06-27,9101
00679B,元大美債20年,43,18,25,群益金鼎-敦南,2024-06-27,9101
8099,大世科,42,18,24,群益金鼎-敦南,2024-06-27,9101
00929,復華台灣科技優息,30,6,24,群益金鼎-敦南,2024-06-27,9101
1540,喬福,27,4,23,群益金鼎-敦南,2024-06-27,9101
00764B,群益25年美債,1090,1067,23,群益金鼎-敦南,2024-06-27,9101
1785,光洋科,49,27,22,群益金鼎-敦南,2024-06-27,9101
3615,安可,29,8,21,群益金鼎-敦南,2024-06-27,9101
4938,和碩,24,3,21,群益金鼎-敦南,2024-06-27,9101
911868,同方友友-DR,20,0,20,群益金鼎-敦南,2024-06-27,9101
1717,長興,20,0,20,群益金鼎-敦南,2024-06-27,9101
00688L,國泰20年美債正2,20,0,20,群益金鼎-敦南,2024-06-27,9101
8121,越峰,20,0,20,群益金鼎-敦南,2024-06-27,9101
2883,凱基金,19,0,19,群益金鼎-敦南,2024-06-27,9101
6443,元晶,83,65,18,群益金鼎-敦南,2024-06-27,9101
4123,晟德,17,0,17,群益金鼎-敦南,2024-06-27,9101
3050,鈺德,37,20,17,群益金鼎-敦南,2024-06-27,9101
6806,森崴能源,63,47,16,群益金鼎-敦南,2024-06-27,9101
8064,東捷,43,27,16,群益金鼎-敦南,2024-06-27,9101
2809,京城銀,15,0,15,群益金鼎-敦南,2024-06-27,9101
1409,新纖,15,0,15,群益金鼎-敦南,2024-06-27,9101
6578,達邦蛋白,15,0,15,群益金鼎-敦南,2024-06-27,9101
1611,中電,28,13,15,群益金鼎-敦南,2024-06-27,9101
2408,南亞科,15,0,15,群益金鼎-敦南,2024-06-27,9101
5243,乙盛-KY,23,8,15,群益金鼎-敦南,2024-06-27,9101
2201,裕隆,14,0,14,群益金鼎-敦南,2024-06-27,9101
3231,緯創,17,4,13,群益金鼎-敦南,2024-06-27,9101
8076,伍豐,88,75,13,群益金鼎-敦南,2024-06-27,9101
2303,聯電,23,11,12,群益金鼎-敦南,2024-06-27,9101
1709,和益,53,41,12,群益金鼎-敦南,2024-06-27,9101
8104,錸寶,28,16,12,群益金鼎-敦南,2024-06-27,9101
2603,長榮,16,5,11,群益金鼎-敦南,2024-06-27,9101
2376,技嘉,10,0,10,群益金鼎-敦南,2024-06-27,9101
6442,光聖,10,0,10,群益金鼎-敦南,2024-06-27,9101
2605,新興,10,0,10,群益金鼎-敦南,2024-06-27,9101
2405,輔信,10,0,10,群益金鼎-敦南,2024-06-27,9101
6233,旺玖,10,0,10,群益金鼎-敦南,2024-06-27,9101
8421,旭源,10,0,10,群益金鼎-敦南,2024-06-27,9101
00937B,群益ESG投等債20,508,0,508,群益金鼎-敦南,2024-06-28,9101
00948B,中信優息投資級債,351,0,351,群益金鼎-敦南,2024-06-28,9101
2392,正崴,267,14,253,群益金鼎-敦南,2024-06-28,9101
00933B,國泰10Y+金融債,132,1,131,群益金鼎-敦南,2024-06-28,9101
00712,復華富時不動產,101,0,101,群益金鼎-敦南,2024-06-28,9101
4726,永昕,80,21,59,群益金鼎-敦南,2024-06-28,9101
00942B,台新美A公司債20+,59,0,59,群益金鼎-敦南,2024-06-28,9101
2618,長榮航,80,22,58,群益金鼎-敦南,2024-06-28,9101
3483,力致,55,3,52,群益金鼎-敦南,2024-06-28,9101
2610,華航,53,2,51,群益金鼎-敦南,2024-06-28,9101
0056,元大高股息,52,5,47,群益金鼎-敦南,2024-06-28,9101
00650L,復華香港正2,40,0,40,群益金鼎-敦南,2024-06-28,9101
4109,加捷生醫,40,4,36,群益金鼎-敦南,2024-06-28,9101
8027,鈦昇,36,0,36,群益金鼎-敦南,2024-06-28,9101
00945B,凱基美國非投等債,35,0,35,群益金鼎-敦南,2024-06-28,9101
3081,聯亞,37,3,34,群益金鼎-敦南,2024-06-28,9101
4533,協易機,47,14,33,群益金鼎-敦南,2024-06-28,9101
6841,長佳智能,47,14,33,群益金鼎-敦南,2024-06-28,9101
00795B,中信美國公債20年,32,0,32,群益金鼎-敦南,2024-06-28,9101
6173,信昌電,30,3,27,群益金鼎-敦南,2024-06-28,9101
911868,同方友友-DR,25,0,25,群益金鼎-敦南,2024-06-28,9101
4956,光鋐,23,0,23,群益金鼎-敦南,2024-06-28,9101
2464,盟立,39,19,20,群益金鼎-敦南,2024-06-28,9101
0050,元大台灣50,20,0,20,群益金鼎-敦南,2024-06-28,9101
8071,能率網通,35,15,20,群益金鼎-敦南,2024-06-28,9101
5392,能率,34,14,20,群益金鼎-敦南,2024-06-28,9101
2534,宏盛,20,0,20,群益金鼎-敦南,2024-06-28,9101
00687B,國泰20年美債,19,0,19,群益金鼎-敦南,2024-06-28,9101
2492,華新科,21,2,19,群益金鼎-敦南,2024-06-28,9101
2312,金寶,23,4,19,群益金鼎-敦南,2024-06-28,9101
6757,台灣虎航,18,0,18,群益金鼎-敦南,2024-06-28,9101
2498,宏達電,18,0,18,群益金鼎-敦南,2024-06-28,9101
3047,訊舟,32,14,18,群益金鼎-敦南,2024-06-28,9101
00936,台新永續高息中小,24,6,18,群益金鼎-敦南,2024-06-28,9101
1321,大洋,30,13,17,群益金鼎-敦南,2024-06-28,9101
2323,中環,25,9,16,群益金鼎-敦南,2024-06-28,9101
00905,FT臺灣Smart,15,0,15,群益金鼎-敦南,2024-06-28,9101
00679B,元大美債20年,15,0,15,群益金鼎-敦南,2024-06-28,9101
9136,巨騰-DR,14,0,14,群益金鼎-敦南,2024-06-28,9101
6125,廣運,22,8,14,群益金鼎-敦南,2024-06-28,9101
6742,澤米,14,0,14,群益金鼎-敦南,2024-06-28,9101
2520,冠德,14,0,14,群益金鼎-敦南,2024-06-28,9101
8105,凌巨,25,12,13,群益金鼎-敦南,2024-06-28,9101
2405,輔信,22,9,13,群益金鼎-敦南,2024-06-28,9101
00830,國泰費城半導體,12,0,12,群益金鼎-敦南,2024-06-28,9101
1570,力肯,12,0,12,群益金鼎-敦南,2024-06-28,9101
2337,旺宏,12,0,12,群益金鼎-敦南,2024-06-28,9101
3576,聯合再生,126,115,11,群益金鼎-敦南,2024-06-28,9101
8076,伍豐,27,16,11,群益金鼎-敦南,2024-06-28,9101
5371,中光電,21,10,11,群益金鼎-敦南,2024-06-28,9101
00937B,群益ESG投等債20,269,62,207,群益金鼎-敦南,2024-07-01,9101
00948B,中信優息投資級債,182,0,182,群益金鼎-敦南,2024-07-01,9101
00929,復華台灣科技優息,130,0,130,群益金鼎-敦南,2024-07-01,9101
00687B,國泰20年美債,85,5,80,群益金鼎-敦南,2024-07-01,9101
4109,加捷生醫,79,15,64,群益金鼎-敦南,2024-07-01,9101
00679B,元大美債20年,63,0,63,群益金鼎-敦南,2024-07-01,9101
00919,群益台灣精選高息,122,71,51,群益金鼎-敦南,2024-07-01,9101
00795B,中信美國公債20年,47,0,47,群益金鼎-敦南,2024-07-01,9101
4956,光鋐,47,0,47,群益金鼎-敦南,2024-07-01,9101
3339,泰谷,43,0,43,群益金鼎-敦南,2024-07-01,9101
00881,國泰台灣5G+,60,22,38,群益金鼎-敦南,2024-07-01,9101
00673R,期元大S＆P原油反1,30,0,30,群益金鼎-敦南,2024-07-01,9101
3363,上詮,30,0,30,群益金鼎-敦南,2024-07-01,9101
00942B,台新美A公司債20+,30,0,30,群益金鼎-敦南,2024-07-01,9101
2354,鴻準,35,5,30,群益金鼎-敦南,2024-07-01,9101
00637L,元大滬深300正2,32,3,29,群益金鼎-敦南,2024-07-01,9101
00945B,凱基美國非投等債,27,0,27,群益金鼎-敦南,2024-07-01,9101
00751B,元大AAA至A公司債,26,0,26,群益金鼎-敦南,2024-07-01,9101
1326,台化,25,0,25,群益金鼎-敦南,2024-07-01,9101
00933B,國泰10Y+金融債,44,20,24,群益金鼎-敦南,2024-07-01,9101
3483,力致,25,3,22,群益金鼎-敦南,2024-07-01,9101
5452,佶優,22,0,22,群益金鼎-敦南,2024-07-01,9101
1409,新纖,20,0,20,群益金鼎-敦南,2024-07-01,9101
2002,中鋼,21,1,20,群益金鼎-敦南,2024-07-01,9101
911868,同方友友-DR,20,0,20,群益金鼎-敦南,2024-07-01,9101
2367,燿華,24,5,19,群益金鼎-敦南,2024-07-01,9101
2609,陽明,36,17,19,群益金鼎-敦南,2024-07-01,9101
1513,中興電,22,4,18,群益金鼎-敦南,2024-07-01,9101
2464,盟立,29,12,17,群益金鼎-敦南,2024-07-01,9101
3149,正達,16,0,16,群益金鼎-敦南,2024-07-01,9101
2313,華通,21,6,15,群益金鼎-敦南,2024-07-01,9101
00720B,元大投資級公司債,14,0,14,群益金鼎-敦南,2024-07-01,9101
2889,國票金,15,1,14,群益金鼎-敦南,2024-07-01,9101
3450,聯鈞,22,9,13,群益金鼎-敦南,2024-07-01,9101
3338,泰碩,29,16,13,群益金鼎-敦南,2024-07-01,9101
2365,昆盈,169,156,13,群益金鼎-敦南,2024-07-01,9101
2352,佳世達,16,4,12,群益金鼎-敦南,2024-07-01,9101
6188,廣明,27,15,12,群益金鼎-敦南,2024-07-01,9101
2362,藍天,13,1,12,群益金鼎-敦南,2024-07-01,9101
00772B,中信高評級公司債,11,0,11,群益金鼎-敦南,2024-07-01,9101
3048,益登,27,16,11,群益金鼎-敦南,2024-07-01,9101
00931B,統一美債20年,10,0,10,群益金鼎-敦南,2024-07-01,9101
6125,廣運,10,0,10,群益金鼎-敦南,2024-07-01,9101
00946,群益科技高息成長,20,10,10,群益金鼎-敦南,2024-07-01,9101
1312,國喬,10,0,10,群益金鼎-敦南,2024-07-01,9101
3041,揚智,10,0,10,群益金鼎-敦南,2024-07-01,9101
3303,岱稜,10,0,10,群益金鼎-敦南,2024-07-01,9101
4503,金雨,10,0,10,群益金鼎-敦南,2024-07-01,9101
4123,晟德,13,4,9,群益金鼎-敦南,2024-07-01,9101
2382,廣達,11,2,9,群益金鼎-敦南,2024-07-01,9101
00937B,群益ESG投等債20,295,46,249,群益金鼎-敦南,2024-07-02,9101
00934,中信成長高股息,224,9,215,群益金鼎-敦南,2024-07-02,9101
2002,中鋼,136,0,136,群益金鼎-敦南,2024-07-02,9101
00929,復華台灣科技優息,208,77,131,群益金鼎-敦南,2024-07-02,9101
2303,聯電,157,33,124,群益金鼎-敦南,2024-07-02,9101
00948B,中信優息投資級債,100,0,100,群益金鼎-敦南,2024-07-02,9101
2317,鴻海,147,65,82,群益金鼎-敦南,2024-07-02,9101
2888,新光金,90,18,72,群益金鼎-敦南,2024-07-02,9101
9105,泰金寶-DR,144,75,69,群益金鼎-敦南,2024-07-02,9101
00795B,中信美國公債20年,59,0,59,群益金鼎-敦南,2024-07-02,9101
00933B,國泰10Y+金融債,58,0,58,群益金鼎-敦南,2024-07-02,9101
6139,亞翔,63,11,52,群益金鼎-敦南,2024-07-02,9101
6290,良維,49,4,45,群益金鼎-敦南,2024-07-02,9101
00679B,元大美債20年,43,0,43,群益金鼎-敦南,2024-07-02,9101
00919,群益台灣精選高息,84,41,43,群益金鼎-敦南,2024-07-02,9101
0056,元大高股息,43,2,41,群益金鼎-敦南,2024-07-02,9101
3450,聯鈞,60,22,38,群益金鼎-敦南,2024-07-02,9101
00687B,國泰20年美債,37,0,37,群益金鼎-敦南,2024-07-02,9101
00942B,台新美A公司債20+,35,0,35,群益金鼎-敦南,2024-07-02,9101
6285,啟��,32,0,32,群益金鼎-敦南,2024-07-02,9101
8076,伍豐,31,0,31,群益金鼎-敦南,2024-07-02,9101
3376,新日興,52,21,31,群益金鼎-敦南,2024-07-02,9101
3048,益登,40,11,29,群益金鼎-敦南,2024-07-02,9101
2368,金像電,36,11,25,群益金鼎-敦南,2024-07-02,9101
2329,華泰,24,0,24,群益金鼎-敦南,2024-07-02,9101
6841,長佳智能,24,0,24,群益金鼎-敦南,2024-07-02,9101
4909,新復興,27,4,23,群益金鼎-敦南,2024-07-02,9101
9902,台火,23,0,23,群益金鼎-敦南,2024-07-02,9101
00882,中信中國高股息,26,3,23,群益金鼎-敦南,2024-07-02,9101
3483,力致,24,1,23,群益金鼎-敦南,2024-07-02,9101
2356,英業達,24,1,23,群益金鼎-敦南,2024-07-02,9101
2439,美律,22,0,22,群益金鼎-敦南,2024-07-02,9101
1785,光洋科,79,58,21,群益金鼎-敦南,2024-07-02,9101
3363,上詮,25,4,21,群益金鼎-敦南,2024-07-02,9101
00650L,復華香港正2,51,30,21,群益金鼎-敦南,2024-07-02,9101
2354,鴻準,40,20,20,群益金鼎-敦南,2024-07-02,9101
2029,盛餘,20,0,20,群益金鼎-敦南,2024-07-02,9101
9941,裕融,20,0,20,群益金鼎-敦南,2024-07-02,9101
1409,新纖,20,0,20,群益金鼎-敦南,2024-07-02,9101
00878,國泰永續高股息,26,6,20,群益金鼎-敦南,2024-07-02,9101
00891,中信關鍵半導體,18,0,18,群益金鼎-敦南,2024-07-02,9101
911868,同方友友-DR,18,0,18,群益金鼎-敦南,2024-07-02,9101
4726,永昕,22,5,17,群益金鼎-敦南,2024-07-02,9101
6176,瑞儀,18,2,16,群益金鼎-敦南,2024-07-02,9101
1709,和益,16,0,16,群益金鼎-敦南,2024-07-02,9101
2464,盟立,29,14,15,群益金鼎-敦南,2024-07-02,9101
3416,融程電,12,0,12,群益金鼎-敦南,2024-07-02,9101
00688L,國泰20年美債正2,12,0,12,群益金鼎-敦南,2024-07-02,9101
5498,凱崴,12,0,12,群益金鼎-敦南,2024-07-02,9101
3312,弘憶股,34,22,12,群益金鼎-敦南,2024-07-02,9101
1513,中興電,207,1,206,群益金鼎-敦南,2024-07-03,9101
6443,元晶,202,80,122,群益金鼎-敦南,2024-07-03,9101
2883,凱基金,197,97,100,群益金鼎-敦南,2024-07-03,9101
3047,訊舟,244,158,86,群益金鼎-敦南,2024-07-03,9101
2610,華航,95,25,70,群益金鼎-敦南,2024-07-03,9101
00946,群益科技高息成長,71,4,67,群益金鼎-敦南,2024-07-03,9101
00934,中信成長高股息,60,0,60,群益金鼎-敦南,2024-07-03,9101
1584,精剛,63,5,58,群益金鼎-敦南,2024-07-03,9101
00937B,群益ESG投等債20,77,20,57,群益金鼎-敦南,2024-07-03,9101
8027,鈦昇,59,6,53,群益金鼎-敦南,2024-07-03,9101
2382,廣達,52,3,49,群益金鼎-敦南,2024-07-03,9101
00795B,中信美國公債20年,48,0,48,群益金鼎-敦南,2024-07-03,9101
00940,元大台灣價值高息,64,23,41,群益金鼎-敦南,2024-07-03,9101
2367,燿華,89,49,40,群益金鼎-敦南,2024-07-03,9101
00878,國泰永續高股息,46,9,37,群益金鼎-敦南,2024-07-03,9101
3363,上詮,35,0,35,群益金鼎-敦南,2024-07-03,9101
3576,聯合再生,79,49,30,群益金鼎-敦南,2024-07-03,9101
2303,聯電,51,24,27,群益金鼎-敦南,2024-07-03,9101
3591,艾笛森,27,0,27,群益金鼎-敦南,2024-07-03,9101
9955,佳龍,25,0,25,群益金鼎-敦南,2024-07-03,9101
2317,鴻海,63,38,25,群益金鼎-敦南,2024-07-03,9101
3259,鑫創,24,0,24,群益金鼎-敦南,2024-07-03,9101
00948B,中信優息投資級債,23,0,23,群益金鼎-敦南,2024-07-03,9101
2618,長榮航,37,15,22,群益金鼎-敦南,2024-07-03,9101
3652,精聯,22,1,21,群益金鼎-敦南,2024-07-03,9101
2356,英業達,21,0,21,群益金鼎-敦南,2024-07-03,9101
5392,能率,28,7,21,群益金鼎-敦南,2024-07-03,9101
4167,松瑞藥,20,0,20,群益金鼎-敦南,2024-07-03,9101
3049,精金,20,0,20,群益金鼎-敦南,2024-07-03,9101
4960,誠美材,20,0,20,群益金鼎-敦南,2024-07-03,9101
00936,台新永續高息中小,19,0,19,群益金鼎-敦南,2024-07-03,9101
1785,光洋科,63,44,19,群益金鼎-敦南,2024-07-03,9101
3673,TPK-KY,35,16,19,群益金鼎-敦南,2024-07-03,9101
2882,國泰金,32,13,19,群益金鼎-敦南,2024-07-03,9101
2615,萬海,69,52,17,群益金鼎-敦南,2024-07-03,9101
3057,喬鼎,20,4,16,群益金鼎-敦南,2024-07-03,9101
6532,瑞耘,15,0,15,群益金鼎-敦南,2024-07-03,9101
1441,大東,15,0,15,群益金鼎-敦南,2024-07-03,9101
00764B,群益25年美債,15,0,15,群益金鼎-敦南,2024-07-03,9101
3227,原相,17,3,14,群益金鼎-敦南,2024-07-03,9101
6166,凌華,17,3,14,群益金鼎-敦南,2024-07-03,9101
4726,永昕,25,11,14,群益金鼎-敦南,2024-07-03,9101
00679B,元大美債20年,19,6,13,群益金鼎-敦南,2024-07-03,9101
6152,百一,17,4,13,群益金鼎-敦南,2024-07-03,9101
2314,台揚,13,0,13,群益金鼎-敦南,2024-07-03,9101
2609,陽明,35,23,12,群益金鼎-敦南,2024-07-03,9101
2906,高林,12,0,12,群益金鼎-敦南,2024-07-03,9101
2476,鉅祥,17,5,12,群益金鼎-敦南,2024-07-03,9101
5328,華容,12,0,12,群益金鼎-敦南,2024-07-03,9101
9105,泰金寶-DR,48,37,11,群益金鼎-敦南,2024-07-03,9101
00632R,元大台灣50反1,657,90,567,群益金鼎-敦南,2024-07-04,9101
00671R,富邦NASDAQ反1,300,0,300,群益金鼎-敦南,2024-07-04,9101
00934,中信成長高股息,291,0,291,群益金鼎-敦南,2024-07-04,9101
00937B,群益ESG投等債20,213,24,189,群益金鼎-敦南,2024-07-04,9101
2610,華航,117,21,96,群益金鼎-敦南,2024-07-04,9101
3406,玉晶光,75,1,74,群益金鼎-敦南,2024-07-04,9101
1513,中興電,214,146,68,群益金鼎-敦南,2024-07-04,9101
2881,富邦金,65,1,64,群益金鼎-敦南,2024-07-04,9101
00929,復華台灣科技優息,64,10,54,群益金鼎-敦南,2024-07-04,9101
2838,聯邦銀,50,0,50,群益金鼎-敦南,2024-07-04,9101
1815,富喬,64,17,47,群益金鼎-敦南,2024-07-04,9101
2867,三商壽,110,67,43,群益金鼎-敦南,2024-07-04,9101
6217,中探針,42,1,41,群益金鼎-敦南,2024-07-04,9101
1714,和桐,40,0,40,群益金鼎-敦南,2024-07-04,9101
6005,群益證,38,2,36,群益金鼎-敦南,2024-07-04,9101
00687B,國泰20年美債,37,2,35,群益金鼎-敦南,2024-07-04,9101
00936,台新永續高息中小,32,0,32,群益金鼎-敦南,2024-07-04,9101
2609,陽明,37,6,31,群益金鼎-敦南,2024-07-04,9101
00795B,中信美國公債20年,33,3,30,群益金鼎-敦南,2024-07-04,9101
2897,王道銀行,30,2,28,群益金鼎-敦南,2024-07-04,9101
2890,永豐金,26,0,26,群益金鼎-敦南,2024-07-04,9101
6160,欣技,25,0,25,群益金鼎-敦南,2024-07-04,9101
1301,台塑,29,4,25,群益金鼎-敦南,2024-07-04,9101
6213,聯茂,37,13,24,群益金鼎-敦南,2024-07-04,9101
8099,大世科,35,11,24,群益金鼎-敦南,2024-07-04,9101
3483,力致,23,0,23,群益金鼎-敦南,2024-07-04,9101
00933B,國泰10Y+金融債,21,0,21,群益金鼎-敦南,2024-07-04,9101
00942B,台新美A公司債20+,21,0,21,群益金鼎-敦南,2024-07-04,9101
4167,松瑞藥,32,11,21,群益金鼎-敦南,2024-07-04,9101
8937,合騏,21,0,21,群益金鼎-敦南,2024-07-04,9101
3047,訊舟,144,124,20,群益金鼎-敦南,2024-07-04,9101
9904,寶成,23,3,20,群益金鼎-敦南,2024-07-04,9101
00650L,復華香港正2,70,50,20,群益金鼎-敦南,2024-07-04,9101
6248,沛波,20,0,20,群益金鼎-敦南,2024-07-04,9101
6869,雲豹能源,19,0,19,群益金鼎-敦南,2024-07-04,9101
9941,裕融,20,3,17,群益金鼎-敦南,2024-07-04,9101
6603,富強鑫,17,0,17,群益金鼎-敦南,2024-07-04,9101
1802,台玻,20,3,17,群益金鼎-敦南,2024-07-04,9101
4906,正文,32,15,17,群益金鼎-敦南,2024-07-04,9101
6270,倍微,16,0,16,群益金鼎-敦南,2024-07-04,9101
4726,永昕,16,0,16,群益金鼎-敦南,2024-07-04,9101
3652,精聯,16,0,16,群益金鼎-敦南,2024-07-04,9101
006208,富邦台50,16,1,15,群益金鼎-敦南,2024-07-04,9101
00935,野村臺灣新科技50,15,0,15,群益金鼎-敦南,2024-07-04,9101
5426,振發,15,0,15,群益金鼎-敦南,2024-07-04,9101
3323,加百裕,46,31,15,群益金鼎-敦南,2024-07-04,9101
8234,新漢,17,2,15,群益金鼎-敦南,2024-07-04,9101
1734,杏輝,15,1,14,群益金鼎-敦南,2024-07-04,9101
2324,仁寶,14,1,13,群益金鼎-敦南,2024-07-04,9101
3711,日月光投控,12,0,12,群益金鼎-敦南,2024-07-04,9101
00934,中信成長高股息,247,65,182,群益金鼎-敦南,2024-07-05,9101
2888,新光金,253,73,180,群益金鼎-敦南,2024-07-05,9101
2883,凱基金,111,7,104,群益金鼎-敦南,2024-07-05,9101
2610,華航,140,57,83,群益金鼎-敦南,2024-07-05,9101
00795B,中信美國公債20年,73,0,73,群益金鼎-敦南,2024-07-05,9101
1536,和大,95,33,62,群益金鼎-敦南,2024-07-05,9101
2382,廣達,62,1,61,群益金鼎-敦南,2024-07-05,9101
00725B,國泰投資級公司債,52,0,52,群益金鼎-敦南,2024-07-05,9101
00679B,元大美債20年,62,11,51,群益金鼎-敦南,2024-07-05,9101
00641R,富邦日本反1,51,0,51,群益金鼎-敦南,2024-07-05,9101
00637L,元大滬深300正2,56,6,50,群益金鼎-敦南,2024-07-05,9101
1409,新纖,69,20,49,群益金鼎-敦南,2024-07-05,9101
4726,永昕,47,2,45,群益金鼎-敦南,2024-07-05,9101
00929,復華台灣科技優息,58,15,43,群益金鼎-敦南,2024-07-05,9101
3363,上詮,40,1,39,群益金鼎-敦南,2024-07-05,9101
2301,光寶科,39,1,38,群益金鼎-敦南,2024-07-05,9101
2356,英業達,78,43,35,群益金鼎-敦南,2024-07-05,9101
4167,松瑞藥,30,0,30,群益金鼎-敦南,2024-07-05,9101
8940,新天地,29,0,29,群益金鼎-敦南,2024-07-05,9101
2486,一詮,63,34,29,群益金鼎-敦南,2024-07-05,9101
6005,群益證,24,2,22,群益金鼎-敦南,2024-07-05,9101
00633L,富邦上証正2,21,0,21,群益金鼎-敦南,2024-07-05,9101
3596,智易,20,0,20,群益金鼎-敦南,2024-07-05,9101
5392,能率,33,13,20,群益金鼎-敦南,2024-07-05,9101
1449,佳和,21,1,20,群益金鼎-敦南,2024-07-05,9101
00895,富邦未來車,20,0,20,群益金鼎-敦南,2024-07-05,9101
8089,康全電訊,20,0,20,群益金鼎-敦南,2024-07-05,9101
00933B,國泰10Y+金融債,17,0,17,群益金鼎-敦南,2024-07-05,9101
00937B,群益ESG投等債20,25,8,17,群益金鼎-敦南,2024-07-05,9101
00662,富邦NASDAQ,16,0,16,群益金鼎-敦南,2024-07-05,9101
2838,聯邦銀,16,0,16,群益金鼎-敦南,2024-07-05,9101
3617,碩天,17,1,16,群益金鼎-敦南,2024-07-05,9101
00918,大華優利高填息30,16,0,16,群益金鼎-敦南,2024-07-05,9101
3706,神達,16,1,15,群益金鼎-敦南,2024-07-05,9101
2331,精英,25,10,15,群益金鼎-敦南,2024-07-05,9101
006208,富邦台50,14,0,14,群益金鼎-敦南,2024-07-05,9101
4720,德淵,14,0,14,群益金鼎-敦南,2024-07-05,9101
2365,昆盈,32,19,13,群益金鼎-敦南,2024-07-05,9101
4153,鈺緯,12,0,12,群益金鼎-敦南,2024-07-05,9101
4564,元翎,20,8,12,群益金鼎-敦南,2024-07-05,9101
3466,德晉,12,0,12,群益金鼎-敦南,2024-07-05,9101
3006,晶豪科,14,2,12,群益金鼎-敦南,2024-07-05,9101
4561,健椿,24,12,12,群益金鼎-敦南,2024-07-05,9101
2392,正崴,24,12,12,群益金鼎-敦南,2024-07-05,9101
6532,瑞耘,11,0,11,群益金鼎-敦南,2024-07-05,9101
1904,正隆,11,0,11,群益金鼎-敦南,2024-07-05,9101
2393,億光,11,0,11,群益金鼎-敦南,2024-07-05,9101
1540,喬福,11,0,11,群益金鼎-敦南,2024-07-05,9101
2467,志聖,17,6,11,群益金鼎-敦南,2024-07-05,9101
8473,山林水,12,2,10,群益金鼎-敦南,2024-07-05,9101
00939,統一台灣高息動能,135,0,135,群益金鼎-敦南,2024-07-08,9101
00937B,群益ESG投等債20,265,132,133,群益金鼎-敦南,2024-07-08,9101
2883,凱基金,123,13,110,群益金鼎-敦南,2024-07-08,9101
2337,旺宏,91,3,88,群益金鼎-敦南,2024-07-08,9101
00712,復華富時不動產,71,0,71,群益金鼎-敦南,2024-07-08,9101
00679B,元大美債20年,58,1,57,群益金鼎-敦南,2024-07-08,9101
3580,友威科,70,17,53,群益金鼎-敦南,2024-07-08,9101
00687B,國泰20年美債,64,11,53,群益金鼎-敦南,2024-07-08,9101
3259,鑫創,48,0,48,群益金鼎-敦南,2024-07-08,9101
0050,元大台灣50,52,5,47,群益金鼎-敦南,2024-07-08,9101
2834,臺企銀,71,27,44,群益金鼎-敦南,2024-07-08,9101
3044,健鼎,44,1,43,群益金鼎-敦南,2024-07-08,9101
2498,宏達電,42,0,42,群益金鼎-敦南,2024-07-08,9101
00929,復華台灣科技優息,100,60,40,群益金鼎-敦南,2024-07-08,9101
2867,三商壽,40,0,40,群益金鼎-敦南,2024-07-08,9101
00945B,凱基美國非投等債,39,0,39,群益金鼎-敦南,2024-07-08,9101
3062,建漢,79,42,37,群益金鼎-敦南,2024-07-08,9101
2365,昆盈,78,43,35,群益金鼎-敦南,2024-07-08,9101
00725B,國泰投資級公司債,35,0,35,群益金鼎-敦南,2024-07-08,9101
4109,加捷生醫,36,1,35,群益金鼎-敦南,2024-07-08,9101
1785,光洋科,151,117,34,群益金鼎-敦南,2024-07-08,9101
5443,均豪,43,10,33,群益金鼎-敦南,2024-07-08,9101
8374,羅昇,42,10,32,群益金鼎-敦南,2024-07-08,9101
2603,長榮,62,31,31,群益金鼎-敦南,2024-07-08,9101
4534,慶騰,31,1,30,群益金鼎-敦南,2024-07-08,9101
00934,中信成長高股息,33,5,28,群益金鼎-敦南,2024-07-08,9101
1314,中石化,32,6,26,群益金鼎-敦南,2024-07-08,9101
5609,中菲行,25,0,25,群益金鼎-敦南,2024-07-08,9101
3163,波若威,37,13,24,群益金鼎-敦南,2024-07-08,9101
1815,富喬,37,14,23,群益金鼎-敦南,2024-07-08,9101
9945,潤泰新,25,2,23,群益金鼎-敦南,2024-07-08,9101
6901,鑽石投資,23,2,21,群益金鼎-敦南,2024-07-08,9101
6133,金橋,30,9,21,群益金鼎-敦南,2024-07-08,9101
00936,台新永續高息中小,20,0,20,群益金鼎-敦南,2024-07-08,9101
2029,盛餘,20,0,20,群益金鼎-敦南,2024-07-08,9101
9105,泰金寶-DR,52,32,20,群益金鼎-敦南,2024-07-08,9101
4721,美琪瑪,20,0,20,群益金鼎-敦南,2024-07-08,9101
2352,佳世達,23,3,20,群益金鼎-敦南,2024-07-08,9101
8099,大世科,20,0,20,群益金鼎-敦南,2024-07-08,9101
00946,群益科技高息成長,22,3,19,群益金鼎-敦南,2024-07-08,9101
4571,鈞興-KY,21,2,19,群益金鼎-敦南,2024-07-08,9101
00919,群益台灣精選高息,36,18,18,群益金鼎-敦南,2024-07-08,9101
3576,聯合再生,29,11,18,群益金鼎-敦南,2024-07-08,9101
8421,旭源,17,0,17,群益金鼎-敦南,2024-07-08,9101
6275,元山,17,0,17,群益金鼎-敦南,2024-07-08,9101
8085,福華,18,1,17,群益金鼎-敦南,2024-07-08,9101
3490,單井,17,1,16,群益金鼎-敦南,2024-07-08,9101
00918,大華優利高填息30,17,1,16,群益金鼎-敦南,2024-07-08,9101
00664R,國泰臺灣加權反1,16,0,16,群益金鼎-敦南,2024-07-08,9101
3607,谷崧,31,15,16,群益金鼎-敦南,2024-07-08,9101
0050,元大台灣50,859,15,844,群益金鼎-敦南,2024-07-09,9101
00929,復華台灣科技優息,303,5,298,群益金鼎-敦南,2024-07-09,9101
1513,中興電,225,39,186,群益金鼎-敦南,2024-07-09,9101
2888,新光金,376,261,115,群益金鼎-敦南,2024-07-09,9101
6546,正基,114,19,95,群益金鼎-敦南,2024-07-09,9101
9105,泰金寶-DR,314,238,76,群益金鼎-敦南,2024-07-09,9101
2883,凱基金,72,2,70,群益金鼎-敦南,2024-07-09,9101
8374,羅昇,70,0,70,群益金鼎-敦南,2024-07-09,9101
2313,華通,72,7,65,群益金鼎-敦南,2024-07-09,9101
00945B,凱基美國非投等債,65,0,65,群益金鼎-敦南,2024-07-09,9101
00932,兆豐永續高息等權,56,0,56,群益金鼎-敦南,2024-07-09,9101
2353,宏��,53,0,53,群益金鼎-敦南,2024-07-09,9101
00918,大華優利高填息30,52,0,52,群益金鼎-敦南,2024-07-09,9101
00878,國泰永續高股息,71,21,50,群益金鼎-敦南,2024-07-09,9101
3259,鑫創,50,0,50,群益金鼎-敦南,2024-07-09,9101
1340,勝悅-KY,50,0,50,群益金鼎-敦南,2024-07-09,9101
00940,元大台灣價值高息,54,6,48,群益金鼎-敦南,2024-07-09,9101
00713,元大台灣高息低波,87,40,47,群益金鼎-敦南,2024-07-09,9101
2312,金寶,121,76,45,群益金鼎-敦南,2024-07-09,9101
6005,群益證,42,0,42,群益金鼎-敦南,2024-07-09,9101
2474,可成,40,0,40,群益金鼎-敦南,2024-07-09,9101
4958,臻鼎-KY,43,4,39,群益金鼎-敦南,2024-07-09,9101
00927,群益半導體收益,48,10,38,群益金鼎-敦南,2024-07-09,9101
1785,光洋科,82,46,36,群益金鼎-敦南,2024-07-09,9101
2615,萬海,65,31,34,群益金鼎-敦南,2024-07-09,9101
1617,榮星,37,3,34,群益金鼎-敦南,2024-07-09,9101
00936,台新永續高息中小,40,7,33,群益金鼎-敦南,2024-07-09,9101
2356,英業達,34,3,31,群益金鼎-敦南,2024-07-09,9101
2367,燿華,383,352,31,群益金鼎-敦南,2024-07-09,9101
1711,永光,30,0,30,群益金鼎-敦南,2024-07-09,9101
00795B,中信美國公債20年,33,4,29,群益金鼎-敦南,2024-07-09,9101
911868,同方友友-DR,29,0,29,群益金鼎-敦南,2024-07-09,9101
00930,永豐ESG低碳高息,28,0,28,群益金鼎-敦南,2024-07-09,9101
2618,長榮航,43,15,28,群益金鼎-敦南,2024-07-09,9101
2610,華航,66,38,28,群益金鼎-敦南,2024-07-09,9101
3673,TPK-KY,187,159,28,群益金鼎-敦南,2024-07-09,9101
4109,加捷生醫,27,0,27,群益金鼎-敦南,2024-07-09,9101
3594,磐儀,30,6,24,群益金鼎-敦南,2024-07-09,9101
00687B,國泰20年美債,23,1,22,群益金鼎-敦南,2024-07-09,9101
4720,德淵,22,0,22,群益金鼎-敦南,2024-07-09,9101
1815,富喬,56,35,21,群益金鼎-敦南,2024-07-09,9101
3047,訊舟,151,130,21,群益金鼎-敦南,2024-07-09,9101
2029,盛餘,20,0,20,群益金鼎-敦南,2024-07-09,9101
6573,虹揚-KY,20,0,20,群益金鼎-敦南,2024-07-09,9101
8105,凌巨,45,26,19,群益金鼎-敦南,2024-07-09,9101
00680L,元大美債20正2,19,0,19,群益金鼎-敦南,2024-07-09,9101
2481,強茂,23,4,19,群益金鼎-敦南,2024-07-09,9101
00915,凱基優選高股息30,18,0,18,群益金鼎-敦南,2024-07-09,9101
6217,中探針,24,6,18,群益金鼎-敦南,2024-07-09,9101
00934,中信成長高股息,18,0,18,群益金鼎-敦南,2024-07-09,9101
2356,英業達,163,60,103,群益金鼎-敦南,2024-07-10,9101
2867,三商壽,102,18,84,群益金鼎-敦南,2024-07-10,9101
2888,新光金,167,87,80,群益金鼎-敦南,2024-07-10,9101
3050,鈺德,61,8,53,群益金鼎-敦南,2024-07-10,9101
2392,正崴,183,132,51,群益金鼎-敦南,2024-07-10,9101
00927,群益半導體收益,62,13,49,群益金鼎-敦南,2024-07-10,9101
2312,金寶,85,40,45,群益金鼎-敦南,2024-07-10,9101
8103,瀚荃,43,0,43,群益金鼎-敦南,2024-07-10,9101
00795B,中信美國公債20年,42,0,42,群益金鼎-敦南,2024-07-10,9101
4109,加捷生醫,40,0,40,群益金鼎-敦南,2024-07-10,9101
2367,燿華,50,13,37,群益金鼎-敦南,2024-07-10,9101
2317,鴻海,57,23,34,群益金鼎-敦南,2024-07-10,9101
00937B,群益ESG投等債20,42,10,32,群益金鼎-敦南,2024-07-10,9101
1608,華榮,38,7,31,群益金鼎-敦南,2024-07-10,9101
3013,晟銘電,60,32,28,群益金鼎-敦南,2024-07-10,9101
2303,聯電,35,8,27,群益金鼎-敦南,2024-07-10,9101
2489,瑞軒,72,45,27,群益金鼎-敦南,2024-07-10,9101
2618,長榮航,44,17,27,群益金鼎-敦南,2024-07-10,9101
00680L,元大美債20正2,27,0,27,群益金鼎-敦南,2024-07-10,9101
8089,康全電訊,30,3,27,群益金鼎-敦南,2024-07-10,9101
00713,元大台灣高息低波,26,0,26,群益金鼎-敦南,2024-07-10,9101
8440,綠電,26,0,26,群益金鼎-敦南,2024-07-10,9101
2615,萬海,68,42,26,群益金鼎-敦南,2024-07-10,9101
8105,凌巨,57,32,25,群益金鼎-敦南,2024-07-10,9101
1785,光洋科,91,67,24,群益金鼎-敦南,2024-07-10,9101
00936,台新永續高息中小,22,0,22,群益金鼎-敦南,2024-07-10,9101
1536,和大,29,7,22,群益金鼎-敦南,2024-07-10,9101
1616,億泰,77,56,21,群益金鼎-敦南,2024-07-10,9101
2816,旺旺保,20,0,20,群益金鼎-敦南,2024-07-10,9101
1711,永光,20,0,20,群益金鼎-敦南,2024-07-10,9101
2025,千興,20,0,20,群益金鼎-敦南,2024-07-10,9101
00940,元大台灣價值高息,60,40,20,群益金鼎-敦南,2024-07-10,9101
4510,高鋒,19,0,19,群益金鼎-敦南,2024-07-10,9101
1522,堤維西,24,6,18,群益金鼎-敦南,2024-07-10,9101
2834,臺企銀,18,0,18,群益金鼎-敦南,2024-07-10,9101
1609,大亞,20,3,17,群益金鼎-敦南,2024-07-10,9101
00934,中信成長高股息,17,0,17,群益金鼎-敦南,2024-07-10,9101
3227,原相,33,16,17,群益金鼎-敦南,2024-07-10,9101
2883,凱基金,115,98,17,群益金鼎-敦南,2024-07-10,9101
6443,元晶,22,5,17,群益金鼎-敦南,2024-07-10,9101
2472,立隆電,15,1,14,群益金鼎-敦南,2024-07-10,9101
2641,正德,15,1,14,群益金鼎-敦南,2024-07-10,9101
2464,盟立,98,85,13,群益金鼎-敦南,2024-07-10,9101
8085,福華,20,7,13,群益金鼎-敦南,2024-07-10,9101
00688L,國泰20年美債正2,14,1,13,群益金鼎-敦南,2024-07-10,9101
00918,大華優利高填息30,13,0,13,群益金鼎-敦南,2024-07-10,9101
4909,新復興,60,47,13,群益金鼎-敦南,2024-07-10,9101
1514,亞力,34,22,12,群益金鼎-敦南,2024-07-10,9101
2330,台積電,16,4,12,群益金鼎-敦南,2024-07-10,9101
2498,宏達電,12,1,11,群益金鼎-敦南,2024-07-10,9101
2867,三商壽,372,28,344,群益金鼎-敦南,2024-07-11,9101
1718,中纖,250,7,243,群益金鼎-敦南,2024-07-11,9101
2888,新光金,207,20,187,群益金鼎-敦南,2024-07-11,9101
2801,彰銀,184,0,184,群益金鼎-敦南,2024-07-11,9101
1314,中石化,111,0,111,群益金鼎-敦南,2024-07-11,9101
2349,錸德,101,12,89,群益金鼎-敦南,2024-07-11,9101
2356,英業達,143,58,85,群益金鼎-敦南,2024-07-11,9101
2515,中工,139,58,81,群益金鼎-敦南,2024-07-11,9101
00934,中信成長高股息,76,3,73,群益金鼎-敦南,2024-07-11,9101
2891,中信金,76,3,73,群益金鼎-敦南,2024-07-11,9101
00687B,國泰20年美債,86,14,72,群益金鼎-敦南,2024-07-11,9101
5484,慧友,70,1,69,群益金鼎-敦南,2024-07-11,9101
1612,宏泰,65,0,65,群益金鼎-敦南,2024-07-11,9101
1608,華榮,63,3,60,群益金鼎-敦南,2024-07-11,9101
00680L,元大美債20正2,57,0,57,群益金鼎-敦南,2024-07-11,9101
3450,聯鈞,82,25,57,群益金鼎-敦南,2024-07-11,9101
2012,春雨,55,0,55,群益金鼎-敦南,2024-07-11,9101
3706,神達,82,33,49,群益金鼎-敦南,2024-07-11,9101
00945B,凱基美國非投等債,45,0,45,群益金鼎-敦南,2024-07-11,9101
2618,長榮航,47,4,43,群益金鼎-敦南,2024-07-11,9101
00679B,元大美債20年,47,5,42,群益金鼎-敦南,2024-07-11,9101
00632R,元大台灣50反1,41,0,41,群益金鼎-敦南,2024-07-11,9101
6578,達邦蛋白,43,6,37,群益金鼎-敦南,2024-07-11,9101
2472,立隆電,53,18,35,群益金鼎-敦南,2024-07-11,9101
00725B,國泰投資級公司債,78,44,34,群益金鼎-敦南,2024-07-11,9101
00688L,國泰20年美債正2,31,0,31,群益金鼎-敦南,2024-07-11,9101
2324,仁寶,30,0,30,群益金鼎-敦南,2024-07-11,9101
1717,長興,30,0,30,群益金鼎-敦南,2024-07-11,9101
2449,京元電子,49,19,30,群益金鼎-敦南,2024-07-11,9101
2363,矽統,91,62,29,群益金鼎-敦南,2024-07-11,9101
00712,復華富時不動產,28,0,28,群益金鼎-敦南,2024-07-11,9101
1474,弘裕,28,0,28,群益金鼎-敦南,2024-07-11,9101
4123,晟德,27,0,27,群益金鼎-敦南,2024-07-11,9101
00881,國泰台灣5G+,27,1,26,群益金鼎-敦南,2024-07-11,9101
6187,萬潤,33,7,26,群益金鼎-敦南,2024-07-11,9101
2467,志聖,24,0,24,群益金鼎-敦南,2024-07-11,9101
1609,大亞,28,4,24,群益金鼎-敦南,2024-07-11,9101
00937B,群益ESG投等債20,64,40,24,群益金鼎-敦南,2024-07-11,9101
00895,富邦未來車,23,0,23,群益金鼎-敦南,2024-07-11,9101
4906,正文,26,4,22,群益金鼎-敦南,2024-07-11,9101
2382,廣達,31,10,21,群益金鼎-敦南,2024-07-11,9101
3710,連展投控,26,5,21,群益金鼎-敦南,2024-07-11,9101
00795B,中信美國公債20年,21,0,21,群益金鼎-敦南,2024-07-11,9101
6170,統振,21,0,21,群益金鼎-敦南,2024-07-11,9101
1752,南光,20,0,20,群益金鼎-敦南,2024-07-11,9101
2542,興富發,22,2,20,群益金鼎-敦南,2024-07-11,9101
4726,永昕,23,4,19,群益金鼎-敦南,2024-07-11,9101
1795,美時,29,10,19,群益金鼎-敦南,2024-07-11,9101
1473,台南,19,0,19,群益金鼎-敦南,2024-07-11,9101
4714,永捷,23,5,18,群益金鼎-敦南,2024-07-11,9101
2888,新光金,421,119,302,群益金鼎-敦南,2024-07-12,9101
00937B,群益ESG投等債20,209,68,141,群益金鼎-敦南,2024-07-12,9101
00919,群益台灣精選高息,191,82,109,群益金鼎-敦南,2024-07-12,9101
00934,中信成長高股息,84,8,76,群益金鼎-敦南,2024-07-12,9101
2881,富邦金,65,1,64,群益金鼎-敦南,2024-07-12,9101
00680L,元大美債20正2,71,8,63,群益金鼎-敦南,2024-07-12,9101
2399,映泰,63,1,62,群益金鼎-敦南,2024-07-12,9101
00878,國泰永續高股息,73,13,60,群益金鼎-敦南,2024-07-12,9101
00930,永豐ESG低碳高息,58,0,58,群益金鼎-敦南,2024-07-12,9101
2317,鴻海,102,52,50,群益金鼎-敦南,2024-07-12,9101
2406,國碩,67,23,44,群益金鼎-敦南,2024-07-12,9101
00662,富邦NASDAQ,43,0,43,群益金鼎-敦南,2024-07-12,9101
00927,群益半導體收益,39,0,39,群益金鼎-敦南,2024-07-12,9101
2891,中信金,38,2,36,群益金鼎-敦南,2024-07-12,9101
2472,立隆電,36,0,36,群益金鼎-敦南,2024-07-12,9101
00753L,中信中國50正2,105,70,35,群益金鼎-敦南,2024-07-12,9101
2867,三商壽,43,8,35,群益金鼎-敦南,2024-07-12,9101
1809,中釉,40,6,34,群益金鼎-敦南,2024-07-12,9101
1314,中石化,30,0,30,群益金鼎-敦南,2024-07-12,9101
9925,新保,30,0,30,群益金鼎-敦南,2024-07-12,9101
1409,新纖,63,33,30,群益金鼎-敦南,2024-07-12,9101
1513,中興電,68,39,29,群益金鼎-敦南,2024-07-12,9101
2618,長榮航,32,5,27,群益金鼎-敦南,2024-07-12,9101
2303,聯電,42,14,28,群益金鼎-敦南,2024-07-12,9101
2816,旺旺保,27,0,27,群益金鼎-敦南,2024-07-12,9101
2610,華航,79,52,27,群益金鼎-敦南,2024-07-12,9101
2371,大同,28,2,26,群益金鼎-敦南,2024-07-12,9101
1815,富喬,82,56,26,群益金鼎-敦南,2024-07-12,9101
00679B,元大美債20年,28,3,25,群益金鼎-敦南,2024-07-12,9101
6179,亞通,35,10,25,群益金鼎-敦南,2024-07-12,9101
2382,廣達,35,12,23,群益金鼎-敦南,2024-07-12,9101
1316,上曜,60,37,23,群益金鼎-敦南,2024-07-12,9101
00713,元大台灣高息低波,22,0,22,群益金鼎-敦南,2024-07-12,9101
2492,華新科,22,1,21,群益金鼎-敦南,2024-07-12,9101
3416,融程電,22,1,21,群益金鼎-敦南,2024-07-12,9101
2405,輔信,30,10,20,群益金鼎-敦南,2024-07-12,9101
0056,元大高股息,39,19,20,群益金鼎-敦南,2024-07-12,9101
00946,群益科技高息成長,20,0,20,群益金鼎-敦南,2024-07-12,9101
2363,矽統,21,2,19,群益金鼎-敦南,2024-07-12,9101
00631L,元大台灣50正2,17,0,17,群益金鼎-敦南,2024-07-12,9101
2330,台積電,22,5,17,群益金鼎-敦南,2024-07-12,9101
4720,德淵,17,0,17,群益金鼎-敦南,2024-07-12,9101
2374,佳能,24,7,17,群益金鼎-敦南,2024-07-12,9101
1304,台聚,18,1,17,群益金鼎-敦南,2024-07-12,9101
00933B,國泰10Y+金融債,16,0,16,群益金鼎-敦南,2024-07-12,9101
5202,力新,25,9,16,群益金鼎-敦南,2024-07-12,9101
6140,訊達,15,0,15,群益金鼎-敦南,2024-07-12,9101
1459,聯發,15,0,15,群益金鼎-敦南,2024-07-12,9101
00881,國泰台灣5G+,33,18,15,群益金鼎-敦南,2024-07-12,9101
3019,亞光,27,13,14,群益金鼎-敦南,2024-07-12,9101
00830,國泰費城半導體,300,1,299,群益金鼎-敦南,2024-07-15,9101
2801,彰銀,250,10,240,群益金鼎-敦南,2024-07-15,9101
00945B,凱基美國非投等債,230,0,230,群益金鼎-敦南,2024-07-15,9101
00937B,群益ESG投等債20,251,44,207,群益金鼎-敦南,2024-07-15,9101
2610,華航,163,1,162,群益金鼎-敦南,2024-07-15,9101
00934,中信成長高股息,156,1,155,群益金鼎-敦南,2024-07-15,9101
2867,三商壽,142,1,141,群益金鼎-敦南,2024-07-15,9101
00720B,元大投資級公司債,107,0,107,群益金鼎-敦南,2024-07-15,9101
00679B,元大美債20年,96,6,90,群益金鼎-敦南,2024-07-15,9101
2888,新光金,251,167,84,群益金鼎-敦南,2024-07-15,9101
0056,元大高股息,78,0,78,群益金鼎-敦南,2024-07-15,9101
8936,國統,91,17,74,群益金鼎-敦南,2024-07-15,9101
4510,高鋒,67,2,65,群益金鼎-敦南,2024-07-15,9101
1711,永光,55,0,55,群益金鼎-敦南,2024-07-15,9101
1718,中纖,53,0,53,群益金鼎-敦南,2024-07-15,9101
1536,和大,59,7,52,群益金鼎-敦南,2024-07-15,9101
00706L,期元大S＆P日圓正2,51,0,51,群益金鼎-敦南,2024-07-15,9101
1540,喬福,50,0,50,群益金鼎-敦南,2024-07-15,9101
2349,錸德,50,2,48,群益金鼎-敦南,2024-07-15,9101
00753L,中信中國50正2,50,2,48,群益金鼎-敦南,2024-07-15,9101
2891,中信金,68,24,44,群益金鼎-敦南,2024-07-15,9101
00929,復華台灣科技優息,71,27,44,群益金鼎-敦南,2024-07-15,9101
3712,永崴投控,112,71,41,群益金鼎-敦南,2024-07-15,9101
2913,農林,40,0,40,群益金鼎-敦南,2024-07-15,9101
1529,樂事綠能,38,0,38,群益金鼎-敦南,2024-07-15,9101
2312,金寶,66,34,32,群益金鼎-敦南,2024-07-15,9101
00795B,中信美國公債20年,29,0,29,群益金鼎-敦南,2024-07-15,9101
00878,國泰永續高股息,31,2,29,群益金鼎-敦南,2024-07-15,9101
00949,復華日本龍頭,31,3,28,群益金鼎-敦南,2024-07-15,9101
8011,台通,34,6,28,群益金鼎-敦南,2024-07-15,9101
2405,輔信,31,4,27,群益金鼎-敦南,2024-07-15,9101
1717,長興,27,1,26,群益金鼎-敦南,2024-07-15,9101
6005,群益證,32,8,24,群益金鼎-敦南,2024-07-15,9101
00687B,國泰20年美債,34,13,21,群益金鼎-敦南,2024-07-15,9101
2368,金像電,21,0,21,群益金鼎-敦南,2024-07-15,9101
00919,群益台灣精選高息,43,22,21,群益金鼎-敦南,2024-07-15,9101
1409,新纖,20,0,20,群益金鼎-敦南,2024-07-15,9101
4927,泰鼎-KY,21,1,20,群益金鼎-敦南,2024-07-15,9101
2838,聯邦銀,20,0,20,群益金鼎-敦南,2024-07-15,9101
1309,台達化,20,0,20,群益金鼎-敦南,2024-07-15,9101
3406,玉晶光,20,1,19,群益金鼎-敦南,2024-07-15,9101
2371,大同,23,4,19,群益金鼎-敦南,2024-07-15,9101
2330,台積電,22,2,20,群益金鼎-敦南,2024-07-15,9101
3227,原相,30,11,19,群益金鼎-敦南,2024-07-15,9101
2618,長榮航,22,3,19,群益金鼎-敦南,2024-07-15,9101
3714,富采,18,0,18,群益金鼎-敦南,2024-07-15,9101
2353,宏��,17,0,17,群益金鼎-敦南,2024-07-15,9101
8089,康全電訊,17,0,17,群益金鼎-敦南,2024-07-15,9101
2363,矽統,26,10,16,群益金鼎-敦南,2024-07-15,9101
0051,元大中型100,16,0,16,群益金鼎-敦南,2024-07-15,9101
2888,新光金,378,127,251,群益金鼎-敦南,2024-07-16,9101
3437,榮創,80,0,80,群益金鼎-敦南,2024-07-16,9101
3363,上詮,70,0,70,群益金鼎-敦南,2024-07-16,9101
00934,中信成長高股息,59,0,59,群益金鼎-敦南,2024-07-16,9101
00919,群益台灣精選高息,61,4,57,群益金鼎-敦南,2024-07-16,9101
00937B,群益ESG投等債20,91,37,54,群益金鼎-敦南,2024-07-16,9101
00905,FT臺灣Smart,53,0,53,群益金鼎-敦南,2024-07-16,9101
6151,晉倫,53,0,53,群益金鼎-敦南,2024-07-16,9101
2801,彰銀,50,0,50,群益金鼎-敦南,2024-07-16,9101
8089,康全電訊,50,0,50,群益金鼎-敦南,2024-07-16,9101
2349,錸德,50,0,50,群益金鼎-敦南,2024-07-16,9101
9933,中鼎,50,2,48,群益金鼎-敦南,2024-07-16,9101
4720,德淵,47,0,47,群益金鼎-敦南,2024-07-16,9101
4960,誠美材,50,5,45,群益金鼎-敦南,2024-07-16,9101
2489,瑞軒,166,122,44,群益金鼎-敦南,2024-07-16,9101
00753L,中信中國50正2,42,0,42,群益金鼎-敦南,2024-07-16,9101
2408,南亞科,42,0,42,群益金鼎-敦南,2024-07-16,9101
2312,金寶,63,31,32,群益金鼎-敦南,2024-07-16,9101
2012,春雨,32,0,32,群益金鼎-敦南,2024-07-16,9101
0056,元大高股息,26,0,26,群益金鼎-敦南,2024-07-16,9101
00946,群益科技高息成長,26,0,26,群益金鼎-敦南,2024-07-16,9101
6275,元山,27,2,25,群益金鼎-敦南,2024-07-16,9101
2543,皇昌,38,14,24,群益金鼎-敦南,2024-07-16,9101
2368,金像電,36,13,23,群益金鼎-敦南,2024-07-16,9101
00927,群益半導體收益,23,0,23,群益金鼎-敦南,2024-07-16,9101
2303,聯電,28,8,20,群益金鼎-敦南,2024-07-16,9101
3416,融程電,20,0,20,群益金鼎-敦南,2024-07-16,9101
3594,磐儀,20,0,20,群益金鼎-敦南,2024-07-16,9101
1316,上曜,21,2,19,群益金鼎-敦南,2024-07-16,9101
3706,神達,20,1,19,群益金鼎-敦南,2024-07-16,9101
2367,燿華,18,0,18,群益金鼎-敦南,2024-07-16,9101
3093,港建*,18,0,18,群益金鼎-敦南,2024-07-16,9101
2891,中信金,18,0,18,群益金鼎-敦南,2024-07-16,9101
6177,達麗,21,4,17,群益金鼎-敦南,2024-07-16,9101
6841,長佳智能,17,0,17,群益金鼎-敦南,2024-07-16,9101
2317,鴻海,26,9,17,群益金鼎-敦南,2024-07-16,9101
4109,加捷生醫,35,19,16,群益金鼎-敦南,2024-07-16,9101
1409,新纖,16,0,16,群益金鼎-敦南,2024-07-16,9101
1326,台化,16,0,16,群益金鼎-敦南,2024-07-16,9101
3227,原相,26,11,15,群益金鼎-敦南,2024-07-16,9101
3209,全科,14,0,14,群益金鼎-敦南,2024-07-16,9101
2405,輔信,25,11,14,群益金鼎-敦南,2024-07-16,9101
2615,萬海,49,36,13,群益金鼎-敦南,2024-07-16,9101
1608,華榮,23,10,13,群益金鼎-敦南,2024-07-16,9101
8358,金居,16,3,13,群益金鼎-敦南,2024-07-16,9101
1609,大亞,72,59,13,群益金鼎-敦南,2024-07-16,9101
1473,台南,13,0,13,群益金鼎-敦南,2024-07-16,9101
5531,鄉林,13,0,13,群益金鼎-敦南,2024-07-16,9101
2913,農林,23,10,13,群益金鼎-敦南,2024-07-16,9101
5443,均豪,32,19,13,群益金鼎-敦南,2024-07-16,9101
00632R,元大台灣50反1,1205,1,1204,群益金鼎-敦南,2024-07-17,9101
2330,台積電,278,2,276,群益金鼎-敦南,2024-07-17,9101
2888,新光金,318,60,258,群益金鼎-敦南,2024-07-17,9101
00929,復華台灣科技優息,153,1,152,群益金鼎-敦南,2024-07-17,9101
00885,富邦越南,104,0,104,群益金鼎-敦南,2024-07-17,9101
00725B,國泰投資級公司債,110,9,101,群益金鼎-敦南,2024-07-17,9101
2449,京元電子,84,20,64,群益金鼎-敦南,2024-07-17,9101
1717,長興,62,0,62,群益金鼎-敦南,2024-07-17,9101
00712,復華富時不動產,59,0,59,群益金鼎-敦南,2024-07-17,9101
00919,群益台灣精選高息,62,6,56,群益金鼎-敦南,2024-07-17,9101
4566,時碩工業,68,14,54,群益金鼎-敦南,2024-07-17,9101
00931B,統一美債20年,51,0,51,群益金鼎-敦南,2024-07-17,9101
00937B,群益ESG投等債20,72,22,50,群益金鼎-敦南,2024-07-17,9101
2349,錸德,50,0,50,群益金鼎-敦南,2024-07-17,9101
00934,中信成長高股息,42,0,42,群益金鼎-敦南,2024-07-17,9101
3231,緯創,52,10,42,群益金鼎-敦南,2024-07-17,9101
1709,和益,43,2,41,群益金鼎-敦南,2024-07-17,9101
3227,原相,47,8,39,群益金鼎-敦南,2024-07-17,9101
00878,國泰永續高股息,41,6,35,群益金鼎-敦南,2024-07-17,9101
0056,元大高股息,35,0,35,群益金鼎-敦南,2024-07-17,9101
00679B,元大美債20年,40,8,32,群益金鼎-敦南,2024-07-17,9101
4113,聯上,30,0,30,群益金鼎-敦南,2024-07-17,9101
2464,盟立,43,14,29,群益金鼎-敦南,2024-07-17,9101
00680L,元大美債20正2,26,0,26,群益金鼎-敦南,2024-07-17,9101
1447,力鵬,40,14,26,群益金鼎-敦南,2024-07-17,9101
3050,鈺德,26,0,26,群益金鼎-敦南,2024-07-17,9101
4933,友輝,26,0,26,群益金鼎-敦南,2024-07-17,9101
3312,弘憶股,35,10,25,群益金鼎-敦南,2024-07-17,9101
00905,FT臺灣Smart,25,0,25,群益金鼎-敦南,2024-07-17,9101
3379,彬台,26,2,24,群益金鼎-敦南,2024-07-17,9101
006208,富邦台50,24,0,24,群益金鼎-敦南,2024-07-17,9101
2382,廣達,27,4,23,群益金鼎-敦南,2024-07-17,9101
00713,元大台灣高息低波,20,0,20,群益金鼎-敦南,2024-07-17,9101
3652,精聯,20,0,20,群益金鼎-敦南,2024-07-17,9101
00665L,富邦�琤肭磪囓�2,20,0,20,群益金鼎-敦南,2024-07-17,9101
2303,聯電,26,6,20,群益金鼎-敦南,2024-07-17,9101
00948B,中信優息投資級債,20,0,20,群益金鼎-敦南,2024-07-17,9101
6215,和椿,30,10,20,群益金鼎-敦南,2024-07-17,9101
00927,群益半導體收益,21,1,20,群益金鼎-敦南,2024-07-17,9101
00946,群益科技高息成長,19,0,19,群益金鼎-敦南,2024-07-17,9101
2489,瑞軒,134,115,19,群益金鼎-敦南,2024-07-17,9101
00735,國泰臺韓科技,19,0,19,群益金鼎-敦南,2024-07-17,9101
3209,全科,21,2,19,群益金鼎-敦南,2024-07-17,9101
4906,正文,45,27,18,群益金鼎-敦南,2024-07-17,9101
6173,信昌電,23,5,18,群益金鼎-敦南,2024-07-17,9101
2317,鴻海,24,7,17,群益金鼎-敦南,2024-07-17,9101
2376,技嘉,18,1,17,群益金鼎-敦南,2024-07-17,9101
1312,國喬,29,12,17,群益金鼎-敦南,2024-07-17,9101
6151,晉倫,30,13,17,群益金鼎-敦南,2024-07-17,9101
2537,聯上發,116,99,17,群益金鼎-敦南,2024-07-17,9101
00937B,群益ESG投等債20,244,30,214,群益金鼎-敦南,2024-07-18,9101
00919,群益台灣精選高息,156,17,139,群益金鼎-敦南,2024-07-18,9101
00929,復華台灣科技優息,196,65,131,群益金鼎-敦南,2024-07-18,9101
2888,新光金,116,18,98,群益金鼎-敦南,2024-07-18,9101
4510,高鋒,85,0,85,群益金鼎-敦南,2024-07-18,9101
00934,中信成長高股息,92,15,77,群益金鼎-敦南,2024-07-18,9101
00927,群益半導體收益,68,1,67,群益金鼎-敦南,2024-07-18,9101
00881,國泰台灣5G+,67,2,65,群益金鼎-敦南,2024-07-18,9101
00679B,元大美債20年,86,24,62,群益金鼎-敦南,2024-07-18,9101
2349,錸德,50,0,50,群益金鼎-敦南,2024-07-18,9101
00905,FT臺灣Smart,57,10,47,群益金鼎-敦南,2024-07-18,9101
2892,第一金,50,4,46,群益金鼎-敦南,2024-07-18,9101
2330,台積電,58,15,43,群益金鼎-敦南,2024-07-18,9101
2610,華航,45,4,41,群益金鼎-敦南,2024-07-18,9101
00650L,復華香港正2,60,19,41,群益金鼎-敦南,2024-07-18,9101
6187,萬潤,40,0,40,群益金鼎-敦南,2024-07-18,9101
1718,中纖,39,0,39,群益金鼎-敦南,2024-07-18,9101
2317,鴻海,102,65,37,群益金鼎-敦南,2024-07-18,9101
1808,潤隆,30,0,30,群益金鼎-敦南,2024-07-18,9101
2486,一詮,30,0,30,群益金鼎-敦南,2024-07-18,9101
2881,富邦金,40,11,29,群益金鼎-敦南,2024-07-18,9101
00946,群益科技高息成長,28,1,27,群益金鼎-敦南,2024-07-18,9101
0056,元大高股息,33,6,27,群益金鼎-敦南,2024-07-18,9101
6125,廣運,44,19,25,群益金鼎-敦南,2024-07-18,9101
1314,中石化,50,26,24,群益金鼎-敦南,2024-07-18,9101
2353,宏��,29,5,24,群益金鼎-敦南,2024-07-18,9101
2455,全新,29,6,23,群益金鼎-敦南,2024-07-18,9101
3481,群創,99,77,22,群益金鼎-敦南,2024-07-18,9101
5388,中磊,22,0,22,群益金鼎-敦南,2024-07-18,9101
2492,華新科,24,3,21,群益金鼎-敦南,2024-07-18,9101
3597,映興,20,0,20,群益金鼎-敦南,2024-07-18,9101
2618,長榮航,32,13,19,群益金鼎-敦南,2024-07-18,9101
5222,全訊,19,0,19,群益金鼎-敦南,2024-07-18,9101
3363,上詮,20,1,19,群益金鼎-敦南,2024-07-18,9101
1709,和益,30,12,18,群益金鼎-敦南,2024-07-18,9101
2382,廣達,24,6,18,群益金鼎-敦南,2024-07-18,9101
6615,慧智,17,0,17,群益金鼎-敦南,2024-07-18,9101
2376,技嘉,20,3,17,群益金鼎-敦南,2024-07-18,9101
1326,台化,21,4,17,群益金鼎-敦南,2024-07-18,9101
4303,信立,18,1,17,群益金鼎-敦南,2024-07-18,9101
9958,世紀鋼,20,3,17,群益金鼎-敦南,2024-07-18,9101
3189,景碩,30,13,17,群益金鼎-敦南,2024-07-18,9101
00940,元大台灣價值高息,31,14,17,群益金鼎-敦南,2024-07-18,9101
00949,復華日本龍頭,21,5,16,群益金鼎-敦南,2024-07-18,9101
00918,大華優利高填息30,16,0,16,群益金鼎-敦南,2024-07-18,9101
8104,錸寶,20,5,15,群益金鼎-敦南,2024-07-18,9101
2303,聯電,16,1,15,群益金鼎-敦南,2024-07-18,9101
3689,湧德,19,4,15,群益金鼎-敦南,2024-07-18,9101
2356,英業達,44,29,15,群益金鼎-敦南,2024-07-18,9101
6005,群益證,22,8,14,群益金鼎-敦南,2024-07-18,9101
00632R,元大台灣50反1,245,41,204,群益金鼎-敦南,2024-07-19,9101
2356,英業達,207,11,196,群益金鼎-敦南,2024-07-19,9101
00929,復華台灣科技優息,208,20,188,群益金鼎-敦南,2024-07-19,9101
00919,群益台灣精選高息,157,9,148,群益金鼎-敦南,2024-07-19,9101
00937B,群益ESG投等債20,170,59,111,群益金鼎-敦南,2024-07-19,9101
2382,廣達,113,6,107,群益金鼎-敦南,2024-07-19,9101
2888,新光金,132,26,106,群益金鼎-敦南,2024-07-19,9101
2801,彰銀,102,0,102,群益金鼎-敦南,2024-07-19,9101
2330,台積電,107,17,90,群益金鼎-敦南,2024-07-19,9101
1101,台泥,72,0,72,群益金鼎-敦南,2024-07-19,9101
00687B,國泰20年美債,72,5,67,群益金鼎-敦南,2024-07-19,9101
2317,鴻海,194,128,66,群益金鼎-敦南,2024-07-19,9101
00946,群益科技高息成長,65,0,65,群益金鼎-敦南,2024-07-19,9101
1709,和益,76,12,64,群益金鼎-敦南,2024-07-19,9101
00934,中信成長高股息,68,5,63,群益金鼎-敦南,2024-07-19,9101
2349,錸德,52,0,52,群益金鼎-敦南,2024-07-19,9101
2891,中信金,65,13,52,群益金鼎-敦南,2024-07-19,9101
00878,國泰永續高股息,60,10,50,群益金鼎-敦南,2024-07-19,9101
5512,力麒,55,15,40,群益金鼎-敦南,2024-07-19,9101
0056,元大高股息,81,42,39,群益金鼎-敦南,2024-07-19,9101
2618,長榮航,42,4,38,群益金鼎-敦南,2024-07-19,9101
1718,中纖,35,2,33,群益金鼎-敦南,2024-07-19,9101
2838,聯邦銀,33,3,30,群益金鼎-敦南,2024-07-19,9101
9958,世紀鋼,33,5,28,群益金鼎-敦南,2024-07-19,9101
4916,事欣科,171,145,26,群益金鼎-敦南,2024-07-19,9101
5398,慕康生醫,28,2,26,群益金鼎-敦南,2024-07-19,9101
00915,凱基優選高股息30,26,0,26,群益金鼎-敦南,2024-07-19,9101
00927,群益半導體收益,29,3,26,群益金鼎-敦南,2024-07-19,9101
3231,緯創,27,2,25,群益金鼎-敦南,2024-07-19,9101
00918,大華優利高填息30,24,0,24,群益金鼎-敦南,2024-07-19,9101
00949,復華日本龍頭,24,0,24,群益金鼎-敦南,2024-07-19,9101
1808,潤隆,24,0,24,群益金鼎-敦南,2024-07-19,9101
1907,永豐餘,22,0,22,群益金鼎-敦南,2024-07-19,9101
2610,華航,22,1,21,群益金鼎-敦南,2024-07-19,9101
4726,永昕,51,30,21,群益金鼎-敦南,2024-07-19,9101
2474,可成,21,0,21,群益金鼎-敦南,2024-07-19,9101
2344,華邦電,30,10,20,群益金鼎-敦南,2024-07-19,9101
3712,永崴投控,27,7,20,群益金鼎-敦南,2024-07-19,9101
5457,宣德,21,1,20,群益金鼎-敦南,2024-07-19,9101
3416,融程電,20,0,20,群益金鼎-敦南,2024-07-19,9101
8104,錸寶,40,20,20,群益金鼎-敦南,2024-07-19,9101
3363,上詮,20,0,20,群益金鼎-敦南,2024-07-19,9101
0050,元大台灣50,25,6,19,群益金鼎-敦南,2024-07-19,9101
2353,宏��,21,2,19,群益金鼎-敦南,2024-07-19,9101
3227,原相,27,8,19,群益金鼎-敦南,2024-07-19,9101
5905,南仁湖,21,2,19,群益金鼎-敦南,2024-07-19,9101
2303,聯電,22,4,18,群益金鼎-敦南,2024-07-19,9101
1611,中電,35,17,18,群益金鼎-敦南,2024-07-19,9101
5225,東科-KY,20,2,18,群益金鼎-敦南,2024-07-19,9101
1316,上曜,25,8,17,群益金鼎-敦南,2024-07-19,9101
2888,新光金,681,41,640,群益金鼎-敦南,2024-07-22,9101
2356,英業達,522,14,508,群益金鼎-敦南,2024-07-22,9101
00637L,元大滬深300正2,500,5,495,群益金鼎-敦南,2024-07-22,9101
00680L,元大美債20正2,149,10,139,群益金鼎-敦南,2024-07-22,9101
00919,群益台灣精選高息,147,25,122,群益金鼎-敦南,2024-07-22,9101
00929,復華台灣科技優息,239,123,116,群益金鼎-敦南,2024-07-22,9101
4942,嘉彰,115,0,115,群益金鼎-敦南,2024-07-22,9101
4726,永昕,114,32,82,群益金鼎-敦南,2024-07-22,9101
00679B,元大美債20年,66,6,60,群益金鼎-敦南,2024-07-22,9101
2610,華航,108,52,56,群益金鼎-敦南,2024-07-22,9101
00857B,永豐20年美公債,51,0,51,群益金鼎-敦南,2024-07-22,9101
5443,均豪,101,51,50,群益金鼎-敦南,2024-07-22,9101
00650L,復華香港正2,110,60,50,群益金鼎-敦南,2024-07-22,9101
5512,力麒,349,303,46,群益金鼎-敦南,2024-07-22,9101
00934,中信成長高股息,49,5,44,群益金鼎-敦南,2024-07-22,9101
3522,御嵿,42,0,42,群益金鼎-敦南,2024-07-22,9101
2547,日勝生,40,0,40,群益金鼎-敦南,2024-07-22,9101
2449,京元電子,47,7,40,群益金鼎-敦南,2024-07-22,9101
1336,台翰,40,0,40,群益金鼎-敦南,2024-07-22,9101
3188,鑫龍騰,45,10,35,群益金鼎-敦南,2024-07-22,9101
00940,元大台灣價值高息,70,38,32,群益金鼎-敦南,2024-07-22,9101
2313,華通,31,0,31,群益金鼎-敦南,2024-07-22,9101
00675L,富邦臺灣加權正2,30,0,30,群益金鼎-敦南,2024-07-22,9101
3597,映興,39,9,30,群益金鼎-敦南,2024-07-22,9101
6136,富爾特,30,0,30,群益金鼎-敦南,2024-07-22,9101
5225,東科-KY,23,0,23,群益金鼎-敦南,2024-07-22,9101
00946,群益科技高息成長,49,28,21,群益金鼎-敦南,2024-07-22,9101
1709,和益,59,38,21,群益金鼎-敦南,2024-07-22,9101
2330,台積電,48,28,20,群益金鼎-敦南,2024-07-22,9101
2707,晶華,20,0,20,群益金鼎-敦南,2024-07-22,9101
2903,遠百,20,0,20,群益金鼎-敦南,2024-07-22,9101
3189,景碩,28,9,19,群益金鼎-敦南,2024-07-22,9101
2303,聯電,24,5,19,群益金鼎-敦南,2024-07-22,9101
4533,協易機,20,1,19,群益金鼎-敦南,2024-07-22,9101
2365,昆盈,27,8,19,群益金鼎-敦南,2024-07-22,9101
2609,陽明,25,6,19,群益金鼎-敦南,2024-07-22,9101
2419,仲琦,20,3,17,群益金鼎-敦南,2024-07-22,9101
4128,中天,24,7,17,群益金鼎-敦南,2024-07-22,9101
2515,中工,156,140,16,群益金鼎-敦南,2024-07-22,9101
2201,裕隆,18,2,16,群益金鼎-敦南,2024-07-22,9101
00631L,元大台灣50正2,17,1,16,群益金鼎-敦南,2024-07-22,9101
2882,國泰金,23,8,15,群益金鼎-敦南,2024-07-22,9101
2359,所羅門,30,15,15,群益金鼎-敦南,2024-07-22,9101
0056,元大高股息,53,39,14,群益金鼎-敦南,2024-07-22,9101
4123,晟德,14,0,14,群益金鼎-敦南,2024-07-22,9101
2408,南亞科,15,1,14,群益金鼎-敦南,2024-07-22,9101
8027,鈦昇,14,0,14,群益金鼎-敦南,2024-07-22,9101
1584,精剛,14,1,13,群益金鼎-敦南,2024-07-22,9101
8076,伍豐,24,12,12,群益金鼎-敦南,2024-07-22,9101
3260,威剛,14,2,12,群益金鼎-敦南,2024-07-22,9101
2534,宏盛,398,0,398,群益金鼎-敦南,2024-07-23,9101
00929,復華台灣科技優息,107,10,97,群益金鼎-敦南,2024-07-23,9101
00632R,元大台灣50反1,101,10,91,群益金鼎-敦南,2024-07-23,9101
0056,元大高股息,79,3,76,群益金鼎-敦南,2024-07-23,9101
8099,大世科,73,0,73,群益金鼎-敦南,2024-07-23,9101
2547,日勝生,70,0,70,群益金鼎-敦南,2024-07-23,9101
2349,錸德,51,0,51,群益金鼎-敦南,2024-07-23,9101
3663,鑫科,140,91,49,群益金鼎-敦南,2024-07-23,9101
2888,新光金,116,69,47,群益金鼎-敦南,2024-07-23,9101
2867,三商壽,47,1,46,群益金鼎-敦南,2024-07-23,9101
2365,昆盈,69,24,45,群益金鼎-敦南,2024-07-23,9101
1718,中纖,43,0,43,群益金鼎-敦南,2024-07-23,9101
5443,均豪,51,11,40,群益金鼎-敦南,2024-07-23,9101
00919,群益台灣精選高息,59,20,39,群益金鼎-敦南,2024-07-23,9101
1609,大亞,44,7,37,群益金鼎-敦南,2024-07-23,9101
5519,隆大,46,10,36,群益金鼎-敦南,2024-07-23,9101
2399,映泰,35,0,35,群益金鼎-敦南,2024-07-23,9101
00946,群益科技高息成長,32,0,32,群益金鼎-敦南,2024-07-23,9101
00878,國泰永續高股息,30,1,29,群益金鼎-敦南,2024-07-23,9101
2812,台中銀,28,0,28,群益金鼎-敦南,2024-07-23,9101
1314,中石化,32,11,21,群益金鼎-敦南,2024-07-23,9101
5225,東科-KY,22,1,21,群益金鼎-敦南,2024-07-23,9101
00915,凱基優選高股息30,20,0,20,群益金鼎-敦南,2024-07-23,9101
2402,毅嘉,20,0,20,群益金鼎-敦南,2024-07-23,9101
00795B,中信美國公債20年,20,0,20,群益金鼎-敦南,2024-07-23,9101
2915,潤泰全,20,0,20,群益金鼎-敦南,2024-07-23,9101
2891,中信金,23,3,20,群益金鼎-敦南,2024-07-23,9101
8104,錸寶,17,0,17,群益金鼎-敦南,2024-07-23,9101
2408,南亞科,17,0,17,群益金鼎-敦南,2024-07-23,9101
00687B,國泰20年美債,20,3,17,群益金鼎-敦南,2024-07-23,9101
3481,群創,102,87,15,群益金鼎-敦南,2024-07-23,9101
1785,光洋科,23,8,15,群益金鼎-敦南,2024-07-23,9101
5351,鈺創,14,0,14,群益金鼎-敦南,2024-07-23,9101
2312,金寶,22,9,13,群益金鼎-敦南,2024-07-23,9101
00679B,元大美債20年,18,5,13,群益金鼎-敦南,2024-07-23,9101
00637L,元大滬深300正2,11,0,11,群益金鼎-敦南,2024-07-23,9101
00881,國泰台灣5G+,11,0,11,群益金鼎-敦南,2024-07-23,9101
4903,聯光通,16,5,11,群益金鼎-敦南,2024-07-23,9101
3715,定穎投控,11,0,11,群益金鼎-敦南,2024-07-23,9101
00934,中信成長高股息,10,0,10,群益金鼎-敦南,2024-07-23,9101
6692,進能服,10,0,10,群益金鼎-敦南,2024-07-23,9101
00764B,群益25年美債,10,0,10,群益金鼎-敦南,2024-07-23,9101
3379,彬台,10,0,10,群益金鼎-敦南,2024-07-23,9101
8028,昇陽半導體,16,6,10,群益金鼎-敦南,2024-07-23,9101
2397,友通,10,0,10,群益金鼎-敦南,2024-07-23,9101
00905,FT臺灣Smart,10,0,10,群益金鼎-敦南,2024-07-23,9101
00712,復華富時不動產,10,0,10,群益金鼎-敦南,2024-07-23,9101
4510,高鋒,10,0,10,群益金鼎-敦南,2024-07-23,9101
6937,天虹,9,0,9,群益金鼎-敦南,2024-07-23,9101
2338,光罩,10,1,9,群益金鼎-敦南,2024-07-23,9101
00680L,元大美債20正2,157,4,153,群益金鼎-敦南,2024-07-26,9101
00929,復華台灣科技優息,148,33,115,群益金鼎-敦南,2024-07-26,9101
8926,台汽電,172,70,102,群益金鼎-敦南,2024-07-26,9101
00919,群益台灣精選高息,130,34,96,群益金鼎-敦南,2024-07-26,9101
0056,元大高股息,103,7,96,群益金鼎-敦南,2024-07-26,9101
00878,國泰永續高股息,90,10,80,群益金鼎-敦南,2024-07-26,9101
2002,中鋼,78,1,77,群益金鼎-敦南,2024-07-26,9101
2317,鴻海,95,20,75,群益金鼎-敦南,2024-07-26,9101
2506,太設,70,0,70,群益金鼎-敦南,2024-07-26,9101
2330,台積電,72,5,67,群益金鼎-敦南,2024-07-26,9101
4942,嘉彰,65,0,65,群益金鼎-敦南,2024-07-26,9101
00937B,群益ESG投等債20,132,70,62,群益金鼎-敦南,2024-07-26,9101
2365,昆盈,71,16,55,群益金鼎-敦南,2024-07-26,9101
4128,中天,106,51,55,群益金鼎-敦南,2024-07-26,9101
00637L,元大滬深300正2,76,22,54,群益金鼎-敦南,2024-07-26,9101
00885,富邦越南,53,0,53,群益金鼎-敦南,2024-07-26,9101
00725B,國泰投資級公司債,61,9,52,群益金鼎-敦南,2024-07-26,9101
9921,巨大,50,1,49,群益金鼎-敦南,2024-07-26,9101
00934,中信成長高股息,56,16,40,群益金鼎-敦南,2024-07-26,9101
2838,聯邦銀,40,0,40,群益金鼎-敦南,2024-07-26,9101
00632R,元大台灣50反1,100,61,39,群益金鼎-敦南,2024-07-26,9101
8028,昇陽半導體,55,17,38,群益金鼎-敦南,2024-07-26,9101
3711,日月光投控,39,1,38,群益金鼎-敦南,2024-07-26,9101
00951,台新日本半導體,37,0,37,群益金鼎-敦南,2024-07-26,9101
3188,鑫龍騰,86,51,35,群益金鼎-敦南,2024-07-26,9101
2340,台亞,33,0,33,群益金鼎-敦南,2024-07-26,9101
2303,聯電,33,2,31,群益金鼎-敦南,2024-07-26,9101
1447,力鵬,30,0,30,群益金鼎-敦南,2024-07-26,9101
6005,群益證,27,0,27,群益金鼎-敦南,2024-07-26,9101
00948B,中信優息投資級債,25,0,25,群益金鼎-敦南,2024-07-26,9101
00751B,元大AAA至A公司債,22,0,22,群益金鼎-敦南,2024-07-26,9101
2897,王道銀行,21,0,21,群益金鼎-敦南,2024-07-26,9101
5483,中美晶,20,0,20,群益金鼎-敦南,2024-07-26,9101
00942B,台新美A公司債20+,20,0,20,群益金鼎-敦南,2024-07-26,9101
00949,復華日本龍頭,20,0,20,群益金鼎-敦南,2024-07-26,9101
2356,英業達,37,18,19,群益金鼎-敦南,2024-07-26,9101
006208,富邦台50,19,0,19,群益金鼎-敦南,2024-07-26,9101
1316,上曜,37,19,18,群益金鼎-敦南,2024-07-26,9101
00631L,元大台灣50正2,18,0,18,群益金鼎-敦南,2024-07-26,9101
2312,金寶,20,2,18,群益金鼎-敦南,2024-07-26,9101
2903,遠百,22,4,18,群益金鼎-敦南,2024-07-26,9101
4726,永昕,48,30,18,群益金鼎-敦南,2024-07-26,9101
2618,長榮航,30,12,18,群益金鼎-敦南,2024-07-26,9101
0050,元大台灣50,53,36,17,群益金鼎-敦南,2024-07-26,9101
00675L,富邦臺灣加權正2,17,0,17,群益金鼎-敦南,2024-07-26,9101
4123,晟德,17,0,17,群益金鼎-敦南,2024-07-26,9101
1314,中石化,20,3,17,群益金鼎-敦南,2024-07-26,9101
00946,群益科技高息成長,48,31,17,群益金鼎-敦南,2024-07-26,9101
00927,群益半導體收益,16,0,16,群益金鼎-敦南,2024-07-26,9101
2382,廣達,23,7,16,群益金鼎-敦南,2024-07-26,9101
00946,群益科技高息成長,307,0,307,群益金鼎-敦南,2024-07-29,9101
00680L,元大美債20正2,260,5,255,群益金鼎-敦南,2024-07-29,9101
4564,元翎,227,57,170,群益金鼎-敦南,2024-07-29,9101
00929,復華台灣科技優息,231,87,144,群益金鼎-敦南,2024-07-29,9101
0056,元大高股息,123,0,123,群益金鼎-敦南,2024-07-29,9101
2359,所羅門,134,14,120,群益金鼎-敦南,2024-07-29,9101
00878,國泰永續高股息,156,42,114,群益金鼎-敦南,2024-07-29,9101
2883,凱基金,103,0,103,群益金鼎-敦南,2024-07-29,9101
00679B,元大美債20年,118,30,88,群益金鼎-敦南,2024-07-29,9101
8926,台汽電,65,2,63,群益金鼎-敦南,2024-07-29,9101
3663,鑫科,136,80,56,群益金鼎-敦南,2024-07-29,9101
9945,潤泰新,105,50,55,群益金鼎-敦南,2024-07-29,9101
00934,中信成長高股息,53,0,53,群益金鼎-敦南,2024-07-29,9101
2312,金寶,52,10,42,群益金鼎-敦南,2024-07-29,9101
3363,上詮,40,0,40,群益金鼎-敦南,2024-07-29,9101
00857B,永豐20年美公債,40,0,40,群益金鼎-敦南,2024-07-29,9101
3230,錦明,40,1,39,群益金鼎-敦南,2024-07-29,9101
4942,嘉彰,39,0,39,群益金鼎-敦南,2024-07-29,9101
2340,台亞,38,0,38,群益金鼎-敦南,2024-07-29,9101
00937B,群益ESG投等債20,141,109,32,群益金鼎-敦南,2024-07-29,9101
00919,群益台灣精選高息,95,64,31,群益金鼎-敦南,2024-07-29,9101
2367,燿華,35,4,31,群益金鼎-敦南,2024-07-29,9101
1717,長興,30,0,30,群益金鼎-敦南,2024-07-29,9101
4933,友輝,34,5,29,群益金鼎-敦南,2024-07-29,9101
2356,英業達,71,44,27,群益金鼎-敦南,2024-07-29,9101
2882,國泰金,30,4,26,群益金鼎-敦南,2024-07-29,9101
2402,毅嘉,30,4,26,群益金鼎-敦南,2024-07-29,9101
00931B,統一美債20年,40,15,25,群益金鼎-敦南,2024-07-29,9101
4536,拓凱,24,0,24,群益金鼎-敦南,2024-07-29,9101
2543,皇昌,35,11,24,群益金鼎-敦南,2024-07-29,9101
2891,中信金,25,3,22,群益金鼎-敦南,2024-07-29,9101
2538,基泰,22,0,22,群益金鼎-敦南,2024-07-29,9101
2348,海悅,22,1,21,群益金鼎-敦南,2024-07-29,9101
9958,世紀鋼,38,18,20,群益金鼎-敦南,2024-07-29,9101
2547,日勝生,80,60,20,群益金鼎-敦南,2024-07-29,9101
8103,瀚荃,21,1,20,群益金鼎-敦南,2024-07-29,9101
5515,建國,20,0,20,群益金鼎-敦南,2024-07-29,9101
2888,新光金,314,294,20,群益金鼎-敦南,2024-07-29,9101
00951,台新日本半導體,34,15,19,群益金鼎-敦南,2024-07-29,9101
1784,訊聯,18,0,18,群益金鼎-敦南,2024-07-29,9101
2313,華通,17,0,17,群益金鼎-敦南,2024-07-29,9101
00713,元大台灣高息低波,17,0,17,群益金鼎-敦南,2024-07-29,9101
3481,群創,36,20,16,群益金鼎-敦南,2024-07-29,9101
2323,中環,17,2,15,群益金鼎-敦南,2024-07-29,9101
6187,萬潤,15,0,15,群益金鼎-敦南,2024-07-29,9101
1727,中華化,15,0,15,群益金鼎-敦南,2024-07-29,9101
8011,台通,16,1,15,群益金鼎-敦南,2024-07-29,9101
2382,廣達,18,3,15,群益金鼎-敦南,2024-07-29,9101
2515,中工,68,55,13,群益金鼎-敦南,2024-07-29,9101
2603,長榮,13,0,13,群益金鼎-敦南,2024-07-29,9101
00632R,元大台灣50反1,220,74,146,群益金鼎-敦南,2024-07-30,9101
2801,彰銀,100,0,100,群益金鼎-敦南,2024-07-30,9101
2845,遠東銀,100,0,100,群益金鼎-敦南,2024-07-30,9101
00948B,中信優息投資級債,94,0,94,群益金鼎-敦南,2024-07-30,9101
00940,元大台灣價值高息,91,8,83,群益金鼎-敦南,2024-07-30,9101
2356,英業達,68,1,67,群益金鼎-敦南,2024-07-30,9101
00919,群益台灣精選高息,69,16,53,群益金鼎-敦南,2024-07-30,9101
0050,元大台灣50,49,1,48,群益金鼎-敦南,2024-07-30,9101
4510,高鋒,40,0,40,群益金鼎-敦南,2024-07-30,9101
3481,群創,63,23,40,群益金鼎-敦南,2024-07-30,9101
0056,元大高股息,44,7,37,群益金鼎-敦南,2024-07-30,9101
2618,長榮航,51,14,37,群益金鼎-敦南,2024-07-30,9101
3363,上詮,30,0,30,群益金鼎-敦南,2024-07-30,9101
3047,訊舟,41,12,29,群益金鼎-敦南,2024-07-30,9101
00881,國泰台灣5G+,28,0,28,群益金鼎-敦南,2024-07-30,9101
9945,潤泰新,30,2,28,群益金鼎-敦南,2024-07-30,9101
00679B,元大美債20年,33,6,27,群益金鼎-敦南,2024-07-30,9101
00934,中信成長高股息,42,15,27,群益金鼎-敦南,2024-07-30,9101
2340,台亞,25,0,25,群益金鼎-敦南,2024-07-30,9101
1540,喬福,44,19,25,群益金鼎-敦南,2024-07-30,9101
2834,臺企銀,25,1,24,群益金鼎-敦南,2024-07-30,9101
4513,福裕,47,23,24,群益金鼎-敦南,2024-07-30,9101
3189,景碩,33,9,24,群益金鼎-敦南,2024-07-30,9101
4536,拓凱,23,0,23,群益金鼎-敦南,2024-07-30,9101
00915,凱基優選高股息30,22,0,22,群益金鼎-敦南,2024-07-30,9101
2303,聯電,26,5,21,群益金鼎-敦南,2024-07-30,9101
00918,大華優利高填息30,20,0,20,群益金鼎-敦南,2024-07-30,9101
2243,宏旭-KY,20,0,20,群益金鼎-敦南,2024-07-30,9101
4804,大略-KY,20,0,20,群益金鼎-敦南,2024-07-30,9101
2891,中信金,19,0,19,群益金鼎-敦南,2024-07-30,9101
00929,復華台灣科技優息,170,152,18,群益金鼎-敦南,2024-07-30,9101
3374,精材,41,23,18,群益金鼎-敦南,2024-07-30,9101
1314,中石化,18,1,17,群益金鼎-敦南,2024-07-30,9101
00951,台新日本半導體,16,0,16,群益金鼎-敦南,2024-07-30,9101
3209,全科,15,0,15,群益金鼎-敦南,2024-07-30,9101
00751B,元大AAA至A公司債,15,0,15,群益金鼎-敦南,2024-07-30,9101
2453,凌群,15,0,15,群益金鼎-敦南,2024-07-30,9101
00720B,元大投資級公司債,15,0,15,群益金鼎-敦南,2024-07-30,9101
00946,群益科技高息成長,16,2,14,群益金鼎-敦南,2024-07-30,9101
5009,榮剛,15,1,14,群益金鼎-敦南,2024-07-30,9101
5309,系統電,19,5,14,群益金鼎-敦南,2024-07-30,9101
3715,定穎投控,18,5,13,群益金鼎-敦南,2024-07-30,9101
4561,健椿,13,0,13,群益金鼎-敦南,2024-07-30,9101
00631L,元大台灣50正2,13,0,13,群益金鼎-敦南,2024-07-30,9101
2337,旺宏,27,15,12,群益金鼎-敦南,2024-07-30,9101
3466,德晉,12,0,12,群益金鼎-敦南,2024-07-30,9101
2867,三商壽,11,0,11,群益金鼎-敦南,2024-07-30,9101
00947,台新臺灣IC設計,11,0,11,群益金鼎-敦南,2024-07-30,9101
4942,嘉彰,11,0,11,群益金鼎-敦南,2024-07-30,9101
3416,融程電,11,0,11,群益金鼎-敦南,2024-07-30,9101
00679B,元大美債20年,103,16,87,群益金鼎-敦南,2024-07-31,9101
3481,群創,317,252,65,群益金鼎-敦南,2024-07-31,9101
00946,群益科技高息成長,62,0,62,群益金鼎-敦南,2024-07-31,9101
00795B,中信美國公債20年,60,0,60,群益金鼎-敦南,2024-07-31,9101
3363,上詮,55,0,55,群益金鼎-敦南,2024-07-31,9101
9958,世紀鋼,45,2,43,群益金鼎-敦南,2024-07-31,9101
00939,統一台灣高息動能,32,1,31,群益金鼎-敦南,2024-07-31,9101
00929,復華台灣科技優息,44,15,29,群益金鼎-敦南,2024-07-31,9101
2515,中工,102,75,27,群益金鼎-敦南,2024-07-31,9101
2349,錸德,112,86,26,群益金鼎-敦南,2024-07-31,9101
4563,百德,135,110,25,群益金鼎-敦南,2024-07-31,9101
00650L,復華香港正2,50,25,25,群益金鼎-敦南,2024-07-31,9101
0050,元大台灣50,24,0,24,群益金鼎-敦南,2024-07-31,9101
5443,均豪,96,73,23,群益金鼎-敦南,2024-07-31,9101
00680L,元大美債20正2,23,0,23,群益金鼎-敦南,2024-07-31,9101
8089,康全電訊,20,0,20,群益金鼎-敦南,2024-07-31,9101
00949,復華日本龍頭,20,0,20,群益金鼎-敦南,2024-07-31,9101
2615,萬海,38,18,20,群益金鼎-敦南,2024-07-31,9101
00857B,永豐20年美公債,20,0,20,群益金鼎-敦南,2024-07-31,9101
00948B,中信優息投資級債,20,1,19,群益金鼎-敦南,2024-07-31,9101
1609,大亞,18,0,18,群益金鼎-敦南,2024-07-31,9101
3024,憶聲,22,5,17,群益金鼎-敦南,2024-07-31,9101
3339,泰谷,16,0,16,群益金鼎-敦南,2024-07-31,9101
3231,緯創,24,8,16,群益金鼎-敦南,2024-07-31,9101
2061,風青,15,0,15,群益金鼎-敦南,2024-07-31,9101
3580,友威科,25,10,15,群益金鼎-敦南,2024-07-31,9101
00933B,國泰10Y+金融債,15,0,15,群益金鼎-敦南,2024-07-31,9101
2402,毅嘉,16,1,15,群益金鼎-敦南,2024-07-31,9101
2596,綠意,15,1,14,群益金鼎-敦南,2024-07-31,9101
2382,廣達,24,10,14,群益金鼎-敦南,2024-07-31,9101
3105,穩懋,16,3,13,群益金鼎-敦南,2024-07-31,9101
1905,華紙,12,0,12,群益金鼎-敦南,2024-07-31,9101
2888,新光金,61,49,12,群益金鼎-敦南,2024-07-31,9101
00878,國泰永續高股息,16,4,12,群益金鼎-敦南,2024-07-31,9101
2527,宏璟,32,21,11,群益金鼎-敦南,2024-07-31,9101
1522,堤維西,13,2,11,群益金鼎-敦南,2024-07-31,9101
1513,中興電,17,6,11,群益金鼎-敦南,2024-07-31,9101
3167,大量,48,38,10,群益金鼎-敦南,2024-07-31,9101
3037,欣興,24,14,10,群益金鼎-敦南,2024-07-31,9101
5381,合正,10,0,10,群益金鼎-敦南,2024-07-31,9101
2243,宏旭-KY,10,0,10,群益金鼎-敦南,2024-07-31,9101
3379,彬台,10,0,10,群益金鼎-敦南,2024-07-31,9101
6442,光聖,10,0,10,群益金鼎-敦南,2024-07-31,9101
2883,凱基金,11,1,10,群益金鼎-敦南,2024-07-31,9101
1711,永光,11,1,10,群益金鼎-敦南,2024-07-31,9101
2340,台亞,9,0,9,群益金鼎-敦南,2024-07-31,9101
3535,晶彩科,13,4,9,群益金鼎-敦南,2024-07-31,9101
8105,凌巨,19,10,9,群益金鼎-敦南,2024-07-31,9101
2618,長榮航,11,3,8,群益金鼎-敦南,2024-07-31,9101
9945,潤泰新,74,66,8,群益金鼎-敦南,2024-07-31,9101
4563,百德,313,86,227,群益金鼎-敦南,2024-08-01,9101
00680L,元大美債20正2,207,5,202,群益金鼎-敦南,2024-08-01,9101
2363,矽統,297,177,120,群益金鼎-敦南,2024-08-01,9101
1513,中興電,104,2,102,群益金鼎-敦南,2024-08-01,9101
00878,國泰永續高股息,78,10,68,群益金鼎-敦南,2024-08-01,9101
4526,東台,74,8,66,群益金鼎-敦南,2024-08-01,9101
2337,旺宏,223,159,64,群益金鼎-敦南,2024-08-01,9101
00679B,元大美債20年,45,0,45,群益金鼎-敦南,2024-08-01,9101
2545,皇翔,43,0,43,群益金鼎-敦南,2024-08-01,9101
00934,中信成長高股息,41,0,41,群益金鼎-敦南,2024-08-01,9101
1447,力鵬,40,0,40,群益金鼎-敦南,2024-08-01,9101
3481,群創,47,8,39,群益金鼎-敦南,2024-08-01,9101
00937B,群益ESG投等債20,45,6,39,群益金鼎-敦南,2024-08-01,9101
2349,錸德,86,48,38,群益金鼎-敦南,2024-08-01,9101
00915,凱基優選高股息30,30,0,30,群益金鼎-敦南,2024-08-01,9101
5905,南仁湖,37,11,26,群益金鼎-敦南,2024-08-01,9101
00795B,中信美國公債20年,26,0,26,群益金鼎-敦南,2024-08-01,9101
00949,復華日本龍頭,25,0,25,群益金鼎-敦南,2024-08-01,9101
8011,台通,52,30,22,群益金鼎-敦南,2024-08-01,9101
2891,中信金,37,16,21,群益金鼎-敦南,2024-08-01,9101
8103,瀚荃,21,1,20,群益金鼎-敦南,2024-08-01,9101
3188,鑫龍騰,36,17,19,群益金鼎-敦南,2024-08-01,9101
1229,聯華,18,0,18,群益金鼎-敦南,2024-08-01,9101
00687B,國泰20年美債,22,5,17,群益金鼎-敦南,2024-08-01,9101
9934,成霖,21,4,17,群益金鼎-敦南,2024-08-01,9101
9105,泰金寶-DR,17,0,17,群益金鼎-敦南,2024-08-01,9101
3489,森寶,15,1,14,群益金鼎-敦南,2024-08-01,9101
2374,佳能,66,52,14,群益金鼎-敦南,2024-08-01,9101
2515,中工,132,118,14,群益金鼎-敦南,2024-08-01,9101
2887,台新金,19,5,14,群益金鼎-敦南,2024-08-01,9101
2884,玉山金,14,0,14,群益金鼎-敦南,2024-08-01,9101
6177,達麗,15,3,12,群益金鼎-敦南,2024-08-01,9101
2330,台積電,25,13,12,群益金鼎-敦南,2024-08-01,9101
1560,中砂,12,1,11,群益金鼎-敦南,2024-08-01,9101
1540,喬福,11,0,11,群益金鼎-敦南,2024-08-01,9101
00751B,元大AAA至A公司債,11,0,11,群益金鼎-敦南,2024-08-01,9101
2392,正崴,38,27,11,群益金鼎-敦南,2024-08-01,9101
2382,廣達,31,20,11,群益金鼎-敦南,2024-08-01,9101
2313,華通,12,2,10,群益金鼎-敦南,2024-08-01,9101
2611,志信,10,0,10,群益金鼎-敦南,2024-08-01,9101
6117,迎廣,10,0,10,群益金鼎-敦南,2024-08-01,9101
6442,光聖,10,0,10,群益金鼎-敦南,2024-08-01,9101
1717,長興,20,10,10,群益金鼎-敦南,2024-08-01,9101
4907,富宇,10,0,10,群益金鼎-敦南,2024-08-01,9101
5484,慧友,11,1,10,群益金鼎-敦南,2024-08-01,9101
2414,精技,10,0,10,群益金鼎-敦南,2024-08-01,9101
8089,康全電訊,10,0,10,群益金鼎-敦南,2024-08-01,9101
1785,光洋科,25,15,10,群益金鼎-敦南,2024-08-01,9101
3062,建漢,10,0,10,群益金鼎-敦南,2024-08-01,9101
0050,元大台灣50,25,15,10,群益金鼎-敦南,2024-08-01,9101
00632R,元大台灣50反1,653,251,402,群益金鼎-敦南,2024-08-02,9101
00680L,元大美債20正2,253,0,253,群益金鼎-敦南,2024-08-02,9101
00919,群益台灣精選高息,185,0,185,群益金鼎-敦南,2024-08-02,9101
00679B,元大美債20年,176,9,167,群益金鼎-敦南,2024-08-02,9101
00687B,國泰20年美債,163,30,133,群益金鼎-敦南,2024-08-02,9101
2317,鴻海,152,23,129,群益金鼎-敦南,2024-08-02,9101
00940,元大台灣價值高息,95,12,83,群益金鼎-敦南,2024-08-02,9101
3481,群創,111,40,71,群益金鼎-敦南,2024-08-02,9101
00929,復華台灣科技優息,133,65,68,群益金鼎-敦南,2024-08-02,9101
2371,大同,68,1,67,群益金鼎-敦南,2024-08-02,9101
3037,欣興,69,10,59,群益金鼎-敦南,2024-08-02,9101
2891,中信金,59,0,59,群益金鼎-敦南,2024-08-02,9101
1609,大亞,69,12,57,群益金鼎-敦南,2024-08-02,9101
2330,台積電,87,32,55,群益金鼎-敦南,2024-08-02,9101
00946,群益科技高息成長,52,0,52,群益金鼎-敦南,2024-08-02,9101
00939,統一台灣高息動能,57,5,52,群益金鼎-敦南,2024-08-02,9101
1449,佳和,51,0,51,群益金鼎-敦南,2024-08-02,9101
0056,元大高股息,49,1,48,群益金鼎-敦南,2024-08-02,9101
00881,國泰台灣5G+,47,2,45,群益金鼎-敦南,2024-08-02,9101
00795B,中信美國公債20年,45,0,45,群益金鼎-敦南,2024-08-02,9101
2610,華航,38,0,38,群益金鼎-敦南,2024-08-02,9101
1905,華紙,37,0,37,群益金鼎-敦南,2024-08-02,9101
00951,台新日本半導體,33,0,33,群益金鼎-敦南,2024-08-02,9101
3231,緯創,38,7,31,群益金鼎-敦南,2024-08-02,9101
00947,台新臺灣IC設計,35,6,29,群益金鼎-敦南,2024-08-02,9101
2527,宏璟,34,6,28,群益金鼎-敦南,2024-08-02,9101
1438,三地開發,32,5,27,群益金鼎-敦南,2024-08-02,9101
6603,富強鑫,26,0,26,群益金鼎-敦南,2024-08-02,9101
2885,元大金,26,2,24,群益金鼎-敦南,2024-08-02,9101
00949,復華日本龍頭,23,0,23,群益金鼎-敦南,2024-08-02,9101
00927,群益半導體收益,23,0,23,群益金鼎-敦南,2024-08-02,9101
00631L,元大台灣50正2,26,3,23,群益金鼎-敦南,2024-08-02,9101
3483,力致,22,0,22,群益金鼎-敦南,2024-08-02,9101
2303,聯電,34,12,22,群益金鼎-敦南,2024-08-02,9101
00772B,中信高評級公司債,22,0,22,群益金鼎-敦南,2024-08-02,9101
00878,國泰永續高股息,138,117,21,群益金鼎-敦南,2024-08-02,9101
006208,富邦台50,21,0,21,群益金鼎-敦南,2024-08-02,9101
2402,毅嘉,27,6,21,群益金鼎-敦南,2024-08-02,9101
2382,廣達,43,22,21,群益金鼎-敦南,2024-08-02,9101
00640L,富邦日本正2,20,0,20,群益金鼎-敦南,2024-08-02,9101
1434,福懋,20,0,20,群益金鼎-敦南,2024-08-02,9101
2340,台亞,20,0,20,群益金鼎-敦南,2024-08-02,9101
2501,國建,19,0,19,群益金鼎-敦南,2024-08-02,9101
00735,國泰臺韓科技,19,0,19,群益金鼎-敦南,2024-08-02,9101
00923,群益台ESG低碳50,19,0,19,群益金鼎-敦南,2024-08-02,9101
00675L,富邦臺灣加權正2,22,6,16,群益金鼎-敦南,2024-08-02,9101
1605,華新,16,0,16,群益金鼎-敦南,2024-08-02,9101
00915,凱基優選高股息30,16,0,16,群益金鼎-敦南,2024-08-02,9101
2888,新光金,57,41,16,群益金鼎-敦南,2024-08-02,9101
00948B,中信優息投資級債,25,10,15,群益金鼎-敦南,2024-08-02,9101
00679B,元大美債20年,1279,99,1180,群益金鼎-敦南,2024-08-05,9101
00940,元大台灣價值高息,690,122,568,群益金鼎-敦南,2024-08-05,9101
00946,群益科技高息成長,543,0,543,群益金鼎-敦南,2024-08-05,9101
00680L,元大美債20正2,948,595,353,群益金鼎-敦南,2024-08-05,9101
1540,喬福,473,240,233,群益金鼎-敦南,2024-08-05,9101
0050,元大台灣50,206,31,175,群益金鼎-敦南,2024-08-05,9101
00929,復華台灣科技優息,498,344,154,群益金鼎-敦南,2024-08-05,9101
00671R,富邦NASDAQ反1,120,0,120,群益金鼎-敦南,2024-08-05,9101
2801,彰銀,113,0,113,群益金鼎-敦南,2024-08-05,9101
00919,群益台灣精選高息,240,130,110,群益金鼎-敦南,2024-08-05,9101
00900,富邦特選高股息30,103,0,103,群益金鼎-敦南,2024-08-05,9101
3390,旭軟,100,0,100,群益金鼎-敦南,2024-08-05,9101
00878,國泰永續高股息,228,129,99,群益金鼎-敦南,2024-08-05,9101
00675L,富邦臺灣加權正2,115,20,95,群益金鼎-敦南,2024-08-05,9101
2303,聯電,87,16,71,群益金鼎-敦南,2024-08-05,9101
1321,大洋,76,8,68,群益金鼎-敦南,2024-08-05,9101
1609,大亞,81,13,68,群益金鼎-敦南,2024-08-05,9101
2317,鴻海,113,52,61,群益金鼎-敦南,2024-08-05,9101
00932,兆豐永續高息等權,62,0,62,群益金鼎-敦南,2024-08-05,9101
00795B,中信美國公債20年,61,1,60,群益金鼎-敦南,2024-08-05,9101
2524,京城,54,0,54,群益金鼎-敦南,2024-08-05,9101
00931B,統一美債20年,108,56,52,群益金鼎-敦南,2024-08-05,9101
00937B,群益ESG投等債20,85,38,47,群益金鼎-敦南,2024-08-05,9101
2330,台積電,110,64,46,群益金鼎-敦南,2024-08-05,9101
5525,順天,45,0,45,群益金鼎-敦南,2024-08-05,9101
4942,嘉彰,45,0,45,群益金鼎-敦南,2024-08-05,9101
2542,興富發,49,5,44,群益金鼎-敦南,2024-08-05,9101
2834,臺企銀,54,10,44,群益金鼎-敦南,2024-08-05,9101
4510,高鋒,240,199,41,群益金鼎-敦南,2024-08-05,9101
00945B,凱基美國非投等債,35,1,34,群益金鼎-敦南,2024-08-05,9101
00631L,元大台灣50正2,43,10,33,群益金鼎-敦南,2024-08-05,9101
2453,凌群,31,0,31,群益金鼎-敦南,2024-08-05,9101
8089,康全電訊,30,0,30,群益金鼎-敦南,2024-08-05,9101
00713,元大台灣高息低波,33,4,29,群益金鼎-敦南,2024-08-05,9101
2409,友達,45,17,28,群益金鼎-敦南,2024-08-05,9101
00918,大華優利高填息30,45,17,28,群益金鼎-敦南,2024-08-05,9101
00927,群益半導體收益,32,5,27,群益金鼎-敦南,2024-08-05,9101
2515,中工,190,163,27,群益金鼎-敦南,2024-08-05,9101
4563,百德,26,1,25,群益金鼎-敦南,2024-08-05,9101
2206,三陽工業,23,0,23,群益金鼎-敦南,2024-08-05,9101
3227,原相,22,0,22,群益金鼎-敦南,2024-08-05,9101
2340,台亞,22,0,22,群益金鼎-敦南,2024-08-05,9101
00665L,富邦�琤肭磪囓�2,22,0,22,群益金鼎-敦南,2024-08-05,9101
2308,台達電,26,5,21,群益金鼎-敦南,2024-08-05,9101
006208,富邦台50,26,6,20,群益金鼎-敦南,2024-08-05,9101
3339,泰谷,20,0,20,群益金鼎-敦南,2024-08-05,9101
00951,台新日本半導體,20,0,20,群益金鼎-敦南,2024-08-05,9101
4536,拓凱,20,0,20,群益金鼎-敦南,2024-08-05,9101
1718,中纖,24,5,19,群益金鼎-敦南,2024-08-05,9101
00915,凱基優選高股息30,21,2,19,群益金鼎-敦南,2024-08-05,9101
00632R,元大台灣50反1,529,193,336,群益金鼎-敦南,2024-08-06,9101
2524,京城,114,0,114,群益金鼎-敦南,2024-08-06,9101
00932,兆豐永續高息等權,108,0,108,群益金鼎-敦南,2024-08-06,9101
9958,世紀鋼,104,5,99,群益金鼎-敦南,2024-08-06,9101
1718,中纖,120,24,96,群益金鼎-敦南,2024-08-06,9101
00764B,群益25年美債,85,0,85,群益金鼎-敦南,2024-08-06,9101
2542,興富發,81,10,71,群益金鼎-敦南,2024-08-06,9101
2243,宏旭-KY,70,0,70,群益金鼎-敦南,2024-08-06,9101
00933B,國泰10Y+金融債,67,0,67,群益金鼎-敦南,2024-08-06,9101
00878,國泰永續高股息,78,11,67,群益金鼎-敦南,2024-08-06,9101
1540,喬福,314,255,59,群益金鼎-敦南,2024-08-06,9101
00930,永豐ESG低碳高息,58,0,58,群益金鼎-敦南,2024-08-06,9101
00900,富邦特選高股息30,53,0,53,群益金鼎-敦南,2024-08-06,9101
3481,群創,73,26,47,群益金鼎-敦南,2024-08-06,9101
00940,元大台灣價值高息,45,0,45,群益金鼎-敦南,2024-08-06,9101
2892,第一金,46,3,43,群益金鼎-敦南,2024-08-06,9101
3189,景碩,52,13,39,群益金鼎-敦南,2024-08-06,9101
2453,凌群,36,0,36,群益金鼎-敦南,2024-08-06,9101
3709,鑫聯大投控,33,0,33,群益金鼎-敦南,2024-08-06,9101
4128,中天,30,0,30,群益金鼎-敦南,2024-08-06,9101
1609,大亞,31,2,29,群益金鼎-敦南,2024-08-06,9101
00637L,元大滬深300正2,39,10,29,群益金鼎-敦南,2024-08-06,9101
00688L,國泰20年美債正2,31,2,29,群益金鼎-敦南,2024-08-06,9101
5328,華容,23,0,23,群益金鼎-敦南,2024-08-06,9101
9933,中鼎,24,1,23,群益金鼎-敦南,2024-08-06,9101
3048,益登,32,10,22,群益金鼎-敦南,2024-08-06,9101
8089,康全電訊,22,0,22,群益金鼎-敦南,2024-08-06,9101
3710,連展投控,20,0,20,群益金鼎-敦南,2024-08-06,9101
00663L,國泰臺灣加權正2,20,0,20,群益金鼎-敦南,2024-08-06,9101
00945B,凱基美國非投等債,20,0,20,群益金鼎-敦南,2024-08-06,9101
1717,長興,20,0,20,群益金鼎-敦南,2024-08-06,9101
1777,生泰,19,0,19,群益金鼎-敦南,2024-08-06,9101
2409,友達,19,2,17,群益金鼎-敦南,2024-08-06,9101
1314,中石化,17,0,17,群益金鼎-敦南,2024-08-06,9101
3663,鑫科,33,16,17,群益金鼎-敦南,2024-08-06,9101
00934,中信成長高股息,15,0,15,群益金鼎-敦南,2024-08-06,9101
00715L,期街口布蘭特正2,20,5,15,群益金鼎-敦南,2024-08-06,9101
006208,富邦台50,20,5,15,群益金鼎-敦南,2024-08-06,9101
2867,三商壽,14,0,14,群益金鼎-敦南,2024-08-06,9101
3483,力致,15,1,14,群益金鼎-敦南,2024-08-06,9101
2344,華邦電,26,12,14,群益金鼎-敦南,2024-08-06,9101
3209,全科,13,0,13,群益金鼎-敦南,2024-08-06,9101
9105,泰金寶-DR,26,13,13,群益金鼎-敦南,2024-08-06,9101
4303,信立,13,0,13,群益金鼎-敦南,2024-08-06,9101
2530,華建,20,7,13,群益金鼎-敦南,2024-08-06,9101
1711,永光,13,1,12,群益金鼎-敦南,2024-08-06,9101
00830,國泰費城半導體,12,1,11,群益金鼎-敦南,2024-08-06,9101
2903,遠百,11,0,11,群益金鼎-敦南,2024-08-06,9101
2548,華固,11,0,11,群益金鼎-敦南,2024-08-06,9101
2367,燿華,12,1,11,群益金鼎-敦南,2024-08-06,9101
1718,中纖,102,0,102,群益金鼎-敦南,2024-08-07,9101
2834,臺企銀,86,1,85,群益金鼎-敦南,2024-08-07,9101
00679B,元大美債20年,71,15,56,群益金鼎-敦南,2024-08-07,9101
2886,兆豐金,52,0,52,群益金鼎-敦南,2024-08-07,9101
00680L,元大美債20正2,48,3,45,群益金鼎-敦南,2024-08-07,9101
00933B,國泰10Y+金融債,41,0,41,群益金鼎-敦南,2024-08-07,9101
2887,台新金,37,0,37,群益金鼎-敦南,2024-08-07,9101
00878,國泰永續高股息,57,21,36,群益金鼎-敦南,2024-08-07,9101
00900,富邦特選高股息30,35,0,35,群益金鼎-敦南,2024-08-07,9101
1316,上曜,31,1,30,群益金鼎-敦南,2024-08-07,9101
00688L,國泰20年美債正2,32,3,29,群益金鼎-敦南,2024-08-07,9101
3014,聯陽,30,1,29,群益金鼎-敦南,2024-08-07,9101
2382,廣達,32,8,24,群益金鼎-敦南,2024-08-07,9101
2392,正崴,25,1,24,群益金鼎-敦南,2024-08-07,9101
00929,復華台灣科技優息,54,31,23,群益金鼎-敦南,2024-08-07,9101
3163,波若威,35,13,22,群益金鼎-敦南,2024-08-07,9101
2317,鴻海,80,59,21,群益金鼎-敦南,2024-08-07,9101
1808,潤隆,21,0,21,群益金鼎-敦南,2024-08-07,9101
2476,鉅祥,23,2,21,群益金鼎-敦南,2024-08-07,9101
00650L,復華香港正2,20,0,20,群益金鼎-敦南,2024-08-07,9101
3710,連展投控,20,0,20,群益金鼎-敦南,2024-08-07,9101
00937B,群益ESG投等債20,70,54,16,群益金鼎-敦南,2024-08-07,9101
00930,永豐ESG低碳高息,15,0,15,群益金鼎-敦南,2024-08-07,9101
2356,英業達,39,24,15,群益金鼎-敦南,2024-08-07,9101
6213,聯茂,71,57,14,群益金鼎-敦南,2024-08-07,9101
2472,立隆電,16,2,14,群益金鼎-敦南,2024-08-07,9101
2014,中鴻,14,0,14,群益金鼎-敦南,2024-08-07,9101
6173,信昌電,14,0,14,群益金鼎-敦南,2024-08-07,9101
00941,中信上游半導體,14,0,14,群益金鼎-敦南,2024-08-07,9101
3217,優群,13,0,13,群益金鼎-敦南,2024-08-07,9101
2383,台光電,37,25,12,群益金鼎-敦南,2024-08-07,9101
00940,元大台灣價值高息,15,3,12,群益金鼎-敦南,2024-08-07,9101
00772B,中信高評級公司債,12,1,11,群益金鼎-敦南,2024-08-07,9101
2538,基泰,11,0,11,群益金鼎-敦南,2024-08-07,9101
1709,和益,11,0,11,群益金鼎-敦南,2024-08-07,9101
00715L,期街口布蘭特正2,11,0,11,群益金鼎-敦南,2024-08-07,9101
00935,野村臺灣新科技50,11,1,10,群益金鼎-敦南,2024-08-07,9101
00712,復華富時不動產,10,0,10,群益金鼎-敦南,2024-08-07,9101
8940,新天地,10,0,10,群益金鼎-敦南,2024-08-07,9101
2429,銘旺科,10,0,10,群益金鼎-敦南,2024-08-07,9101
3019,亞光,44,35,9,群益金鼎-敦南,2024-08-07,9101
2409,友達,18,9,9,群益金鼎-敦南,2024-08-07,9101
2313,華通,13,4,9,群益金鼎-敦南,2024-08-07,9101
4153,鈺緯,8,0,8,群益金鼎-敦南,2024-08-07,9101
3037,欣興,14,6,8,群益金鼎-敦南,2024-08-07,9101
3583,辛耘,14,6,8,群益金鼎-敦南,2024-08-07,9101
4510,高鋒,33,25,8,群益金鼎-敦南,2024-08-07,9101
2363,矽統,18,11,7,群益金鼎-敦南,2024-08-07,9101
00670L,富邦NASDAQ正2,7,0,7,群益金鼎-敦南,2024-08-07,9101
6279,胡連,7,0,7,群益金鼎-敦南,2024-08-07,9101
00680L,元大美債20正2,2115,851,1264,群益金鼎-敦南,2024-08-08,9101
00933B,國泰10Y+金融債,604,0,604,群益金鼎-敦南,2024-08-08,9101
00795B,中信美國公債20年,220,16,204,群益金鼎-敦南,2024-08-08,9101
2317,鴻海,103,48,55,群益金鼎-敦南,2024-08-08,9101
2892,第一金,51,0,51,群益金鼎-敦南,2024-08-08,9101
2834,臺企銀,50,5,45,群益金鼎-敦南,2024-08-08,9101
2888,新光金,41,0,41,群益金鼎-敦南,2024-08-08,9101
8089,康全電訊,40,0,40,群益金鼎-敦南,2024-08-08,9101
2330,台積電,60,20,40,群益金鼎-敦南,2024-08-08,9101
2618,長榮航,40,2,38,群益金鼎-敦南,2024-08-08,9101
00679B,元大美債20年,52,14,38,群益金鼎-敦南,2024-08-08,9101
8096,擎亞,74,43,31,群益金鼎-敦南,2024-08-08,9101
00687B,國泰20年美債,57,26,31,群益金鼎-敦南,2024-08-08,9101
00940,元大台灣價值高息,32,1,31,群益金鼎-敦南,2024-08-08,9101
2312,金寶,31,2,29,群益金鼎-敦南,2024-08-08,9101
0056,元大高股息,31,2,29,群益金鼎-敦南,2024-08-08,9101
00948B,中信優息投資級債,27,0,27,群益金鼎-敦南,2024-08-08,9101
00878,國泰永續高股息,62,35,27,群益金鼎-敦南,2024-08-08,9101
2408,南亞科,26,3,23,群益金鼎-敦南,2024-08-08,9101
2887,台新金,22,1,21,群益金鼎-敦南,2024-08-08,9101
8043,蜜望實,78,57,21,群益金鼎-敦南,2024-08-08,9101
4562,穎漢,49,28,21,群益金鼎-敦南,2024-08-08,9101
00688L,國泰20年美債正2,20,0,20,群益金鼎-敦南,2024-08-08,9101
3231,緯創,43,24,19,群益金鼎-敦南,2024-08-08,9101
2349,錸德,151,134,17,群益金鼎-敦南,2024-08-08,9101
2886,兆豐金,16,0,16,群益金鼎-敦南,2024-08-08,9101
00881,國泰台灣5G+,21,5,16,群益金鼎-敦南,2024-08-08,9101
00927,群益半導體收益,15,0,15,群益金鼎-敦南,2024-08-08,9101
3019,亞光,67,52,15,群益金鼎-敦南,2024-08-08,9101
2486,一詮,17,3,14,群益金鼎-敦南,2024-08-08,9101
0050,元大台灣50,16,2,14,群益金鼎-敦南,2024-08-08,9101
4904,遠傳,13,0,13,群益金鼎-敦南,2024-08-08,9101
1321,大洋,16,3,13,群益金鼎-敦南,2024-08-08,9101
00939,統一台灣高息動能,21,9,12,群益金鼎-敦南,2024-08-08,9101
00937B,群益ESG投等債20,37,25,12,群益金鼎-敦南,2024-08-08,9101
6213,聯茂,17,5,12,群益金鼎-敦南,2024-08-08,9101
2353,宏��,11,0,11,群益金鼎-敦南,2024-08-08,9101
2402,毅嘉,12,1,11,群益金鼎-敦南,2024-08-08,9101
00918,大華優利高填息30,12,2,10,群益金鼎-敦南,2024-08-08,9101
00946,群益科技高息成長,10,0,10,群益金鼎-敦南,2024-08-08,9101
2230,泰茂,10,0,10,群益金鼎-敦南,2024-08-08,9101
00900,富邦特選高股息30,11,1,10,群益金鼎-敦南,2024-08-08,9101
3217,優群,10,0,10,群益金鼎-敦南,2024-08-08,9101
00642U,期元大S＆P石油,10,0,10,群益金鼎-敦南,2024-08-08,9101
2337,旺宏,10,0,10,群益金鼎-敦南,2024-08-08,9101
1785,光洋科,21,12,9,群益金鼎-敦南,2024-08-08,9101
2356,英業達,12,3,9,群益金鼎-敦南,2024-08-08,9101
1536,和大,18,9,9,群益金鼎-敦南,2024-08-08,9101
2812,台中銀,15,6,9,群益金鼎-敦南,2024-08-08,9101
2603,長榮,11,3,8,群益金鼎-敦南,2024-08-08,9101
2883,凱基金,640,5,635,群益金鼎-敦南,2024-08-09,9101
00680L,元大美債20正2,305,1,304,群益金鼎-敦南,2024-08-09,9101
1540,喬福,311,11,300,群益金鼎-敦南,2024-08-09,9101
2382,廣達,271,25,246,群益金鼎-敦南,2024-08-09,9101
0056,元大高股息,185,3,182,群益金鼎-敦南,2024-08-09,9101
3481,群創,115,11,104,群益金鼎-敦南,2024-08-09,9101
00937B,群益ESG投等債20,131,34,97,群益金鼎-敦南,2024-08-09,9101
00632R,元大台灣50反1,114,33,81,群益金鼎-敦南,2024-08-09,9101
00679B,元大美債20年,77,4,73,群益金鼎-敦南,2024-08-09,9101
4510,高鋒,80,8,72,群益金鼎-敦南,2024-08-09,9101
00948B,中信優息投資級債,81,10,71,群益金鼎-敦南,2024-08-09,9101
00940,元大台灣價值高息,113,53,60,群益金鼎-敦南,2024-08-09,9101
00687B,國泰20年美債,57,6,51,群益金鼎-敦南,2024-08-09,9101
8043,蜜望實,48,1,47,群益金鼎-敦南,2024-08-09,9101
6127,九豪,229,188,41,群益金鼎-敦南,2024-08-09,9101
1608,華榮,47,7,40,群益金鼎-敦南,2024-08-09,9101
00951,台新日本半導體,40,0,40,群益金鼎-敦南,2024-08-09,9101
1609,大亞,77,41,36,群益金鼎-敦南,2024-08-09,9101
6116,彩晶,35,0,35,群益金鼎-敦南,2024-08-09,9101
00772B,中信高評級公司債,34,0,34,群益金鼎-敦南,2024-08-09,9101
00878,國泰永續高股息,58,24,34,群益金鼎-敦南,2024-08-09,9101
1718,中纖,35,2,33,群益金鼎-敦南,2024-08-09,9101
9958,世紀鋼,30,0,30,群益金鼎-敦南,2024-08-09,9101
00923,群益台ESG低碳50,28,0,28,群益金鼎-敦南,2024-08-09,9101
00929,復華台灣科技優息,48,23,25,群益金鼎-敦南,2024-08-09,9101
4909,新復興,44,19,25,群益金鼎-敦南,2024-08-09,9101
2489,瑞軒,31,7,24,群益金鼎-敦南,2024-08-09,9101
2543,皇昌,118,94,24,群益金鼎-敦南,2024-08-09,9101
00881,國泰台灣5G+,28,7,21,群益金鼎-敦南,2024-08-09,9101
6754,匯僑設計,20,0,20,群益金鼎-敦南,2024-08-09,9101
6414,樺漢,20,0,20,群益金鼎-敦南,2024-08-09,9101
9933,中鼎,20,1,19,群益金鼎-敦南,2024-08-09,9101
6215,和椿,38,20,18,群益金鼎-敦南,2024-08-09,9101
5443,均豪,64,48,16,群益金鼎-敦南,2024-08-09,9101
8374,羅昇,28,12,16,群益金鼎-敦南,2024-08-09,9101
6869,雲豹能源,28,12,16,群益金鼎-敦南,2024-08-09,9101
2718,全心投控,15,0,15,群益金鼎-敦南,2024-08-09,9101
9938,百和,15,0,15,群益金鼎-敦南,2024-08-09,9101
1321,大洋,16,1,15,群益金鼎-敦南,2024-08-09,9101
2545,皇翔,15,0,15,群益金鼎-敦南,2024-08-09,9101
4904,遠傳,20,5,15,群益金鼎-敦南,2024-08-09,9101
00712,復華富時不動產,14,0,14,群益金鼎-敦南,2024-08-09,9101
3673,TPK-KY,24,10,14,群益金鼎-敦南,2024-08-09,9101
8455,大拓-KY,13,0,13,群益金鼎-敦南,2024-08-09,9101
2330,台積電,61,49,12,群益金鼎-敦南,2024-08-09,9101
5202,力新,12,0,12,群益金鼎-敦南,2024-08-09,9101
2498,宏達電,27,15,12,群益金鼎-敦南,2024-08-09,9101
6005,群益證,12,1,11,群益金鼎-敦南,2024-08-09,9101
3044,健鼎,16,5,11,群益金鼎-敦南,2024-08-09,9101
5351,鈺創,11,0,11,群益金鼎-敦南,2024-08-09,9101
00937B,群益ESG投等債20,545,0,545,群益金鼎-敦南,2024-08-12,9101
00929,復華台灣科技優息,375,88,287,群益金鼎-敦南,2024-08-12,9101
00680L,元大美債20正2,204,0,204,群益金鼎-敦南,2024-08-12,9101
8996,高力,219,18,201,群益金鼎-敦南,2024-08-12,9101
00679B,元大美債20年,54,0,54,群益金鼎-敦南,2024-08-12,9101
2427,三商電,50,0,50,群益金鼎-敦南,2024-08-12,9101
2208,台船,50,1,49,群益金鼎-敦南,2024-08-12,9101
3481,群創,94,51,43,群益金鼎-敦南,2024-08-12,9101
2903,遠百,33,0,33,群益金鼎-敦南,2024-08-12,9101
00632R,元大台灣50反1,27,0,27,群益金鼎-敦南,2024-08-12,9101
2891,中信金,26,0,26,群益金鼎-敦南,2024-08-12,9101
2489,瑞軒,42,17,25,群益金鼎-敦南,2024-08-12,9101
3357,臺慶科,40,16,24,群益金鼎-敦南,2024-08-12,9101
1321,大洋,37,15,22,群益金鼎-敦南,2024-08-12,9101
2472,立隆電,26,4,22,群益金鼎-敦南,2024-08-12,9101
3339,泰谷,22,1,21,群益金鼎-敦南,2024-08-12,9101
2429,銘旺科,21,0,21,群益金鼎-敦南,2024-08-12,9101
9933,中鼎,20,0,20,群益金鼎-敦南,2024-08-12,9101
6643,M31,20,0,20,群益金鼎-敦南,2024-08-12,9101
00900,富邦特選高股息30,22,2,20,群益金鼎-敦南,2024-08-12,9101
2020,美亞,20,0,20,群益金鼎-敦南,2024-08-12,9101
2371,大同,21,1,20,群益金鼎-敦南,2024-08-12,9101
00935,野村臺灣新科技50,20,0,20,群益金鼎-敦南,2024-08-12,9101
2337,旺宏,17,0,17,群益金鼎-敦南,2024-08-12,9101
2915,潤泰全,16,0,16,群益金鼎-敦南,2024-08-12,9101
8358,金居,16,0,16,群益金鼎-敦南,2024-08-12,9101
00697B,元大美債7-10,15,0,15,群益金鼎-敦南,2024-08-12,9101
1609,大亞,27,13,14,群益金鼎-敦南,2024-08-12,9101
00687B,國泰20年美債,14,0,14,群益金鼎-敦南,2024-08-12,9101
6578,達邦蛋白,13,0,13,群益金鼎-敦南,2024-08-12,9101
3019,亞光,68,55,13,群益金鼎-敦南,2024-08-12,9101
00940,元大台灣價值高息,13,0,13,群益金鼎-敦南,2024-08-12,9101
1513,中興電,32,20,12,群益金鼎-敦南,2024-08-12,9101
4561,健椿,12,0,12,群益金鼎-敦南,2024-08-12,9101
00945B,凱基美國非投等債,12,0,12,群益金鼎-敦南,2024-08-12,9101
1314,中石化,12,0,12,群益金鼎-敦南,2024-08-12,9101
2609,陽明,34,23,11,群益金鼎-敦南,2024-08-12,9101
2836,高雄銀,11,0,11,群益金鼎-敦南,2024-08-12,9101
5443,均豪,33,22,11,群益金鼎-敦南,2024-08-12,9101
9105,泰金寶-DR,10,0,10,群益金鼎-敦南,2024-08-12,9101
2906,高林,10,0,10,群益金鼎-敦南,2024-08-12,9101
6248,沛波,10,0,10,群益金鼎-敦南,2024-08-12,9101
3062,建漢,10,0,10,群益金鼎-敦南,2024-08-12,9101
2605,新興,10,0,10,群益金鼎-敦南,2024-08-12,9101
1463,強盛新,10,0,10,群益金鼎-敦南,2024-08-12,9101
6290,良維,11,1,10,群益金鼎-敦南,2024-08-12,9101
3211,順達,10,0,10,群益金鼎-敦南,2024-08-12,9101
1788,杏昌,10,0,10,群益金鼎-敦南,2024-08-12,9101
8463,潤泰材,10,0,10,群益金鼎-敦南,2024-08-12,9101
8028,昇陽半導體,55,46,9,群益金鼎-敦南,2024-08-12,9101
00680L,元大美債20正2,1616,605,1011,群益金鼎-敦南,2024-08-13,9101
00795B,中信美國公債20年,181,7,174,群益金鼎-敦南,2024-08-13,9101
2880,華南金,136,0,136,群益金鼎-敦南,2024-08-13,9101
3702A,大聯大甲特,110,0,110,群益金鼎-敦南,2024-08-13,9101
00937B,群益ESG投等債20,59,0,59,群益金鼎-敦南,2024-08-13,9101
1321,大洋,70,12,58,群益金鼎-敦南,2024-08-13,9101
1609,大亞,79,24,55,群益金鼎-敦南,2024-08-13,9101
4414,如興,52,0,52,群益金鼎-敦南,2024-08-13,9101
9914,美利達,41,0,41,群益金鼎-敦南,2024-08-13,9101
9907,統一實,38,2,36,群益金鼎-敦南,2024-08-13,9101
00687B,國泰20年美債,34,0,34,群益金鼎-敦南,2024-08-13,9101
2610,華航,57,23,34,群益金鼎-敦南,2024-08-13,9101
6603,富強鑫,42,8,34,群益金鼎-敦南,2024-08-13,9101
00948B,中信優息投資級債,31,0,31,群益金鼎-敦南,2024-08-13,9101
00679B,元大美債20年,45,15,30,群益金鼎-敦南,2024-08-13,9101
4510,高鋒,30,1,29,群益金鼎-敦南,2024-08-13,9101
2387,精元,26,0,26,群益金鼎-敦南,2024-08-13,9101
00900,富邦特選高股息30,27,1,26,群益金鼎-敦南,2024-08-13,9101
2010,春源,26,0,26,群益金鼎-敦南,2024-08-13,9101
2371,大同,42,17,25,群益金鼎-敦南,2024-08-13,9101
5315,光聯,23,0,23,群益金鼎-敦南,2024-08-13,9101
2515,中工,20,0,20,群益金鼎-敦南,2024-08-13,9101
3046,建��,21,1,20,群益金鼎-敦南,2024-08-13,9101
2103,台橡,28,8,20,群益金鼎-敦南,2024-08-13,9101
2615,萬海,45,26,19,群益金鼎-敦南,2024-08-13,9101
3021,鴻名,18,0,18,群益金鼎-敦南,2024-08-13,9101
9934,成霖,19,1,18,群益金鼎-敦南,2024-08-13,9101
5309,系統電,23,5,18,群益金鼎-敦南,2024-08-13,9101
4401,東隆興,17,0,17,群益金鼎-敦南,2024-08-13,9101
00878,國泰永續高股息,39,23,16,群益金鼎-敦南,2024-08-13,9101
6190,萬泰科,15,0,15,群益金鼎-敦南,2024-08-13,9101
3289,宜特,28,13,15,群益金鼎-敦南,2024-08-13,9101
4442,竣邦-KY,15,0,15,群益金鼎-敦南,2024-08-13,9101
4726,永昕,15,0,15,群益金鼎-敦南,2024-08-13,9101
2881,富邦金,20,5,15,群益金鼎-敦南,2024-08-13,9101
3037,欣興,28,15,13,群益金鼎-敦南,2024-08-13,9101
4566,時碩工業,46,33,13,群益金鼎-敦南,2024-08-13,9101
8085,福華,16,3,13,群益金鼎-敦南,2024-08-13,9101
2607,榮運,13,0,13,群益金鼎-敦南,2024-08-13,9101
8996,高力,15,2,13,群益金鼎-敦南,2024-08-13,9101
4720,德淵,13,0,13,群益金鼎-敦南,2024-08-13,9101
1605,華新,15,3,12,群益金鼎-敦南,2024-08-13,9101
00933B,國泰10Y+金融債,12,0,12,群益金鼎-敦南,2024-08-13,9101
00712,復華富時不動產,14,3,11,群益金鼎-敦南,2024-08-13,9101
00904,新光臺灣半導體30,11,0,11,群益金鼎-敦南,2024-08-13,9101
2472,立隆電,11,0,11,群益金鼎-敦南,2024-08-13,9101
9945,潤泰新,13,2,11,群益金鼎-敦南,2024-08-13,9101
2069,運錩,11,0,11,群益金鼎-敦南,2024-08-13,9101
3049,精金,11,0,11,群益金鼎-敦南,2024-08-13,9101
2609,陽明,33,23,10,群益金鼎-敦南,2024-08-13,9101
00679B,元大美債20年,955,5,950,群益金鼎-敦南,2024-08-14,9101
00687B,國泰20年美債,360,10,350,群益金鼎-敦南,2024-08-14,9101
00948B,中信優息投資級債,308,0,308,群益金鼎-敦南,2024-08-14,9101
00632R,元大台灣50反1,218,1,217,群益金鼎-敦南,2024-08-14,9101
1540,喬福,201,0,201,群益金鼎-敦南,2024-08-14,9101
00637L,元大滬深300正2,140,5,135,群益金鼎-敦南,2024-08-14,9101
00900,富邦特選高股息30,140,20,120,群益金鼎-敦南,2024-08-14,9101
3019,亞光,239,123,116,群益金鼎-敦南,2024-08-14,9101
1321,大洋,58,3,55,群益金鼎-敦南,2024-08-14,9101
3702A,大聯大甲特,56,1,55,群益金鼎-敦南,2024-08-14,9101
00795B,中信美國公債20年,53,2,51,群益金鼎-敦南,2024-08-14,9101
2881,富邦金,40,2,38,群益金鼎-敦南,2024-08-14,9101
3376,新日興,68,32,36,群益金鼎-敦南,2024-08-14,9101
6877,鏵友益,36,2,34,群益金鼎-敦南,2024-08-14,9101
8011,台通,51,17,34,群益金鼎-敦南,2024-08-14,9101
4510,高鋒,30,0,30,群益金鼎-敦南,2024-08-14,9101
4563,百德,82,53,29,群益金鼎-敦南,2024-08-14,9101
00936,台新永續高息中小,28,0,28,群益金鼎-敦南,2024-08-14,9101
4562,穎漢,118,91,27,群益金鼎-敦南,2024-08-14,9101
00878,國泰永續高股息,34,8,26,群益金鼎-敦南,2024-08-14,9101
00864B,中信美國公債0-1,26,0,26,群益金鼎-敦南,2024-08-14,9101
2002,中鋼,26,1,25,群益金鼎-敦南,2024-08-14,9101
3339,泰谷,25,0,25,群益金鼎-敦南,2024-08-14,9101
1326,台化,24,0,24,群益金鼎-敦南,2024-08-14,9101
00680L,元大美債20正2,107,85,22,群益金鼎-敦南,2024-08-14,9101
4561,健椿,83,62,21,群益金鼎-敦南,2024-08-14,9101
1101,台泥,22,1,21,群益金鼎-敦南,2024-08-14,9101
8234,新漢,21,0,21,群益金鼎-敦南,2024-08-14,9101
00882,中信中國高股息,21,0,21,群益金鼎-敦南,2024-08-14,9101
2356,英業達,95,75,20,群益金鼎-敦南,2024-08-14,9101
3312,弘憶股,20,0,20,群益金鼎-敦南,2024-08-14,9101
5328,華容,19,0,19,群益金鼎-敦南,2024-08-14,9101
5905,南仁湖,20,1,19,群益金鼎-敦南,2024-08-14,9101
2312,金寶,24,6,18,群益金鼎-敦南,2024-08-14,9101
3607,谷崧,20,2,18,群益金鼎-敦南,2024-08-14,9101
6535,順藥,20,2,18,群益金鼎-敦南,2024-08-14,9101
6152,百一,20,2,18,群益金鼎-敦南,2024-08-14,9101
2801,彰銀,18,0,18,群益金鼎-敦南,2024-08-14,9101
00929,復華台灣科技優息,28,12,16,群益金鼎-敦南,2024-08-14,9101
00894,中信小資高價30,15,0,15,群益金鼎-敦南,2024-08-14,9101
6186,新潤,15,1,14,群益金鼎-敦南,2024-08-14,9101
6446,藥華藥,23,9,14,群益金鼎-敦南,2024-08-14,9101
2489,瑞軒,15,2,13,群益金鼎-敦南,2024-08-14,9101
2618,長榮航,20,8,12,群益金鼎-敦南,2024-08-14,9101
2486,一詮,12,0,12,群益金鼎-敦南,2024-08-14,9101
2371,大同,18,6,12,群益金鼎-敦南,2024-08-14,9101
8374,羅昇,23,11,12,群益金鼎-敦南,2024-08-14,9101
2363,矽統,16,4,12,群益金鼎-敦南,2024-08-14,9101
9955,佳龍,27,15,12,群益金鼎-敦南,2024-08-14,9101
2472,立隆電,12,1,11,群益金鼎-敦南,2024-08-14,9101
00795B,中信美國公債20年,359,2,357,群益金鼎-敦南,2024-08-15,9101
00900,富邦特選高股息30,265,5,260,群益金鼎-敦南,2024-08-15,9101
00680L,元大美債20正2,186,0,186,群益金鼎-敦南,2024-08-15,9101
00929,復華台灣科技優息,123,24,99,群益金鼎-敦南,2024-08-15,9101
2867,三商壽,100,7,93,群益金鼎-敦南,2024-08-15,9101
00687B,國泰20年美債,85,5,80,群益金鼎-敦南,2024-08-15,9101
00931B,統一美債20年,72,1,71,群益金鼎-敦南,2024-08-15,9101
00690,兆豐藍籌30,56,0,56,群益金鼎-敦南,2024-08-15,9101
1101,台泥,51,0,51,群益金鼎-敦南,2024-08-15,9101
00937B,群益ESG投等債20,68,18,50,群益金鼎-敦南,2024-08-15,9101
00881,國泰台灣5G+,48,0,48,群益金鼎-敦南,2024-08-15,9101
1321,大洋,50,5,45,群益金鼎-敦南,2024-08-15,9101
00679B,元大美債20年,75,30,45,群益金鼎-敦南,2024-08-15,9101
2610,華航,82,38,44,群益金鼎-敦南,2024-08-15,9101
3712,永崴投控,44,0,44,群益金鼎-敦南,2024-08-15,9101
4974,亞泰,123,87,36,群益金鼎-敦南,2024-08-15,9101
3645,達邁,71,36,35,群益金鼎-敦南,2024-08-15,9101
00650L,復華香港正2,40,5,35,群益金鼎-敦南,2024-08-15,9101
3390,旭軟,30,0,30,群益金鼎-敦南,2024-08-15,9101
4510,高鋒,30,0,30,群益金鼎-敦南,2024-08-15,9101
2371,大同,31,2,29,群益金鼎-敦南,2024-08-15,9101
2317,鴻海,51,22,29,群益金鼎-敦南,2024-08-15,9101
00878,國泰永續高股息,101,75,26,群益金鼎-敦南,2024-08-15,9101
1326,台化,26,0,26,群益金鼎-敦南,2024-08-15,9101
6901,鑽石投資,25,0,25,群益金鼎-敦南,2024-08-15,9101
8110,華東,20,0,20,群益金鼎-敦南,2024-08-15,9101
00637L,元大滬深300正2,27,7,20,群益金鼎-敦南,2024-08-15,9101
1815,富喬,21,1,20,群益金鼎-敦南,2024-08-15,9101
2545,皇翔,31,11,20,群益金鼎-敦南,2024-08-15,9101
2489,瑞軒,36,17,19,群益金鼎-敦南,2024-08-15,9101
2388,威盛,21,2,19,群益金鼎-敦南,2024-08-15,9101
2449,京元電子,25,7,18,群益金鼎-敦南,2024-08-15,9101
2883,凱基金,24,6,18,群益金鼎-敦南,2024-08-15,9101
00933B,國泰10Y+金融債,17,0,17,群益金鼎-敦南,2024-08-15,9101
2534,宏盛,16,0,16,群益金鼎-敦南,2024-08-15,9101
8028,昇陽半導體,40,24,16,群益金鼎-敦南,2024-08-15,9101
2801,彰銀,25,10,15,群益金鼎-敦南,2024-08-15,9101
9935,慶豐富,15,0,15,群益金鼎-敦南,2024-08-15,9101
8996,高力,17,2,15,群益金鼎-敦南,2024-08-15,9101
8150,南茂,14,0,14,群益金鼎-敦南,2024-08-15,9101
2032,新鋼,14,0,14,群益金鼎-敦南,2024-08-15,9101
2543,皇昌,14,1,13,群益金鼎-敦南,2024-08-15,9101
6570,維田,12,0,12,群益金鼎-敦南,2024-08-15,9101
2903,遠百,12,0,12,群益金鼎-敦南,2024-08-15,9101
6152,百一,15,3,12,群益金鼎-敦南,2024-08-15,9101
3047,訊舟,43,32,11,群益金鼎-敦南,2024-08-15,9101
2405,輔信,11,0,11,群益金鼎-敦南,2024-08-15,9101
2838A,聯邦銀甲特,11,0,11,群益金鼎-敦南,2024-08-15,9101
00751B,元大AAA至A公司債,10,0,10,群益金鼎-敦南,2024-08-15,9101
8112,至上,12,2,10,群益金鼎-敦南,2024-08-15,9101
2883,凱基金,363,36,327,群益金鼎-敦南,2024-08-16,9101
00632R,元大台灣50反1,255,0,255,群益金鼎-敦南,2024-08-16,9101
00687B,國泰20年美債,141,0,141,群益金鼎-敦南,2024-08-16,9101
00929,復華台灣科技優息,113,5,108,群益金鼎-敦南,2024-08-16,9101
3702A,大聯大甲特,100,0,100,群益金鼎-敦南,2024-08-16,9101
00948B,中信優息投資級債,98,0,98,群益金鼎-敦南,2024-08-16,9101
6187,萬潤,105,28,77,群益金鼎-敦南,2024-08-16,9101
2888,新光金,70,8,62,群益金鼎-敦南,2024-08-16,9101
00795B,中信美國公債20年,68,7,61,群益金鼎-敦南,2024-08-16,9101
6546,正基,60,2,58,群益金鼎-敦南,2024-08-16,9101
00878,國泰永續高股息,57,7,50,群益金鼎-敦南,2024-08-16,9101
6196,帆宣,49,0,49,群益金鼎-敦南,2024-08-16,9101
00680L,元大美債20正2,54,6,48,群益金鼎-敦南,2024-08-16,9101
2359,所羅門,71,24,47,群益金鼎-敦南,2024-08-16,9101
2371,大同,47,1,46,群益金鼎-敦南,2024-08-16,9101
2062,橋椿,92,52,40,群益金鼎-敦南,2024-08-16,9101
00945B,凱基美國非投等債,38,0,38,群益金鼎-敦南,2024-08-16,9101
00679B,元大美債20年,103,66,37,群益金鼎-敦南,2024-08-16,9101
3303,岱稜,36,1,35,群益金鼎-敦南,2024-08-16,9101
4726,永昕,63,30,33,群益金鼎-敦南,2024-08-16,9101
00907,永豐優息存股,30,0,30,群益金鼎-敦南,2024-08-16,9101
00941,中信上游半導體,30,0,30,群益金鼎-敦南,2024-08-16,9101
3535,晶彩科,71,43,28,群益金鼎-敦南,2024-08-16,9101
1321,大洋,54,26,28,群益金鼎-敦南,2024-08-16,9101
00637L,元大滬深300正2,27,0,27,群益金鼎-敦南,2024-08-16,9101
00731,復華富時高息低波,26,0,26,群益金鼎-敦南,2024-08-16,9101
4576,大銀微系統,45,19,26,群益金鼎-敦南,2024-08-16,9101
6761,穩得,26,0,26,群益金鼎-敦南,2024-08-16,9101
00688L,國泰20年美債正2,25,0,25,群益金鼎-敦南,2024-08-16,9101
2609,陽明,39,15,24,群益金鼎-敦南,2024-08-16,9101
9958,世紀鋼,38,15,23,群益金鼎-敦南,2024-08-16,9101
3062,建漢,74,52,22,群益金鼎-敦南,2024-08-16,9101
2208,台船,21,0,21,群益金鼎-敦南,2024-08-16,9101
6438,迅得,20,0,20,群益金鼎-敦南,2024-08-16,9101
2349,錸德,32,13,19,群益金鼎-敦南,2024-08-16,9101
1785,光洋科,42,24,18,群益金鼎-敦南,2024-08-16,9101
1474,弘裕,18,0,18,群益金鼎-敦南,2024-08-16,9101
3227,原相,31,14,17,群益金鼎-敦南,2024-08-16,9101
8064,東捷,27,10,17,群益金鼎-敦南,2024-08-16,9101
3167,大量,24,8,16,群益金鼎-敦南,2024-08-16,9101
8091,翔名,17,1,16,群益金鼎-敦南,2024-08-16,9101
2409,友達,30,15,15,群益金鼎-敦南,2024-08-16,9101
1101,台泥,16,1,15,群益金鼎-敦南,2024-08-16,9101
00940,元大台灣價值高息,31,16,15,群益金鼎-敦南,2024-08-16,9101
3011,今皓,15,0,15,群益金鼎-敦南,2024-08-16,9101
3003,健和興,14,0,14,群益金鼎-敦南,2024-08-16,9101
1786,科妍,15,1,14,群益金鼎-敦南,2024-08-16,9101
2317,鴻海,32,19,13,群益金鼎-敦南,2024-08-16,9101
1609,大亞,15,4,11,群益金鼎-敦南,2024-08-16,9101
00933B,國泰10Y+金融債,11,0,11,群益金鼎-敦南,2024-08-16,9101
00948B,中信優息投資級債,103,4,99,群益金鼎-敦南,2024-08-19,9101
00929,復華台灣科技優息,91,2,89,群益金鼎-敦南,2024-08-19,9101
2354,鴻準,72,11,61,群益金鼎-敦南,2024-08-19,9101
00937B,群益ESG投等債20,59,4,55,群益金鼎-敦南,2024-08-19,9101
4563,百德,64,18,46,群益金鼎-敦南,2024-08-19,9101
2371,大同,45,4,41,群益金鼎-敦南,2024-08-19,9101
00931B,統一美債20年,35,1,34,群益金鼎-敦南,2024-08-19,9101
1504,東元,36,2,34,群益金鼎-敦南,2024-08-19,9101
00687B,國泰20年美債,98,65,33,群益金鼎-敦南,2024-08-19,9101
00933B,國泰10Y+金融債,34,2,32,群益金鼎-敦南,2024-08-19,9101
00795B,中信美國公債20年,40,10,30,群益金鼎-敦南,2024-08-19,9101
00696B,富邦美債20年,30,0,30,群益金鼎-敦南,2024-08-19,9101
2002,中鋼,28,0,28,群益金鼎-敦南,2024-08-19,9101
00919,群益台灣精選高息,30,5,25,群益金鼎-敦南,2024-08-19,9101
2888,新光金,113,92,21,群益金鼎-敦南,2024-08-19,9101
00679B,元大美債20年,29,9,20,群益金鼎-敦南,2024-08-19,9101
00881,國泰台灣5G+,20,0,20,群益金鼎-敦南,2024-08-19,9101
00923,群益台ESG低碳50,18,1,17,群益金鼎-敦南,2024-08-19,9101
00680L,元大美債20正2,31,14,17,群益金鼎-敦南,2024-08-19,9101
2838A,聯邦銀甲特,17,0,17,群益金鼎-敦南,2024-08-19,9101
00951,台新日本半導體,21,5,16,群益金鼎-敦南,2024-08-19,9101
3047,訊舟,368,352,16,群益金鼎-敦南,2024-08-19,9101
00878,國泰永續高股息,47,32,15,群益金鼎-敦南,2024-08-19,9101
00637L,元大滬深300正2,15,0,15,群益金鼎-敦南,2024-08-19,9101
3088,艾訊,15,0,15,群益金鼎-敦南,2024-08-19,9101
8234,新漢,16,1,15,群益金鼎-敦南,2024-08-19,9101
2397,友通,16,2,14,群益金鼎-敦南,2024-08-19,9101
5202,力新,14,0,14,群益金鼎-敦南,2024-08-19,9101
5493,三聯,13,0,13,群益金鼎-敦南,2024-08-19,9101
8099,大世科,13,0,13,群益金鼎-敦南,2024-08-19,9101
4968,立積,15,3,12,群益金鼎-敦南,2024-08-19,9101
3522,御嵿,17,5,12,群益金鼎-敦南,2024-08-19,9101
6877,鏵友益,39,28,11,群益金鼎-敦南,2024-08-19,9101
1321,大洋,13,2,11,群益金鼎-敦南,2024-08-19,9101
2464,盟立,32,21,11,群益金鼎-敦南,2024-08-19,9101
1101,台泥,12,1,11,群益金鼎-敦南,2024-08-19,9101
2385,群光,10,0,10,群益金鼎-敦南,2024-08-19,9101
00768B,復華20年美債,10,0,10,群益金鼎-敦南,2024-08-19,9101
2903,遠百,10,0,10,群益金鼎-敦南,2024-08-19,9101
4303,信立,10,0,10,群益金鼎-敦南,2024-08-19,9101
4153,鈺緯,10,0,10,群益金鼎-敦南,2024-08-19,9101
5381,合正,10,0,10,群益金鼎-敦南,2024-08-19,9101
3339,泰谷,10,0,10,群益金鼎-敦南,2024-08-19,9101
3036,文曄,10,1,9,群益金鼎-敦南,2024-08-19,9101
5481,新華,10,1,9,群益金鼎-敦南,2024-08-19,9101
9907,統一實,9,0,9,群益金鼎-敦南,2024-08-19,9101
00772B,中信高評級公司債,11,2,9,群益金鼎-敦南,2024-08-19,9101
2317,鴻海,29,21,8,群益金鼎-敦南,2024-08-19,9101
00751B,元大AAA至A公司債,8,0,8,群益金鼎-敦南,2024-08-19,9101
2323,中環,8,0,8,群益金鼎-敦南,2024-08-19,9101
00937B,群益ESG投等債20,199,7,192,群益金鼎-敦南,2024-08-20,9101
2356,英業達,157,23,134,群益金鼎-敦南,2024-08-20,9101
3234,光環,103,0,103,群益金鼎-敦南,2024-08-20,9101
00706L,期元大S＆P日圓正2,101,0,101,群益金鼎-敦南,2024-08-20,9101
3230,錦明,102,4,98,群益金鼎-敦南,2024-08-20,9101
1608,華榮,95,0,95,群益金鼎-敦南,2024-08-20,9101
00687B,國泰20年美債,80,0,80,群益金鼎-敦南,2024-08-20,9101
2449,京元電子,95,19,76,群益金鼎-敦南,2024-08-20,9101
00679B,元大美債20年,76,0,76,群益金鼎-敦南,2024-08-20,9101
4510,高鋒,60,0,60,群益金鼎-敦南,2024-08-20,9101
2891,中信金,56,0,56,群益金鼎-敦南,2024-08-20,9101
2388,威盛,53,1,52,群益金鼎-敦南,2024-08-20,9101
00688L,國泰20年美債正2,50,0,50,群益金鼎-敦南,2024-08-20,9101
00680L,元大美債20正2,48,0,48,群益金鼎-敦南,2024-08-20,9101
2515,中工,54,10,44,群益金鼎-敦南,2024-08-20,9101
9958,世紀鋼,48,4,44,群益金鼎-敦南,2024-08-20,9101
2323,中環,55,12,43,群益金鼎-敦南,2024-08-20,9101
00929,復華台灣科技優息,52,10,42,群益金鼎-敦南,2024-08-20,9101
6179,亞通,37,3,34,群益金鼎-敦南,2024-08-20,9101
00881,國泰台灣5G+,32,0,32,群益金鼎-敦南,2024-08-20,9101
2351,順德,35,3,32,群益金鼎-敦南,2024-08-20,9101
00939,統一台灣高息動能,31,0,31,群益金鼎-敦南,2024-08-20,9101
8027,鈦昇,28,3,25,群益金鼎-敦南,2024-08-20,9101
00933B,國泰10Y+金融債,24,0,24,群益金鼎-敦南,2024-08-20,9101
2062,橋椿,31,9,22,群益金鼎-敦南,2024-08-20,9101
6231,系微,24,3,21,群益金鼎-敦南,2024-08-20,9101
1536,和大,20,0,20,群益金鼎-敦南,2024-08-20,9101
00650L,復華香港正2,32,12,20,群益金鼎-敦南,2024-08-20,9101
00878,國泰永續高股息,20,3,17,群益金鼎-敦南,2024-08-20,9101
2374,佳能,336,321,15,群益金鼎-敦南,2024-08-20,9101
00918,大華優利高填息30,18,4,14,群益金鼎-敦南,2024-08-20,9101
4763,材料-KY,13,0,13,群益金鼎-敦南,2024-08-20,9101
2367,燿華,15,2,13,群益金鼎-敦南,2024-08-20,9101
8099,大世科,13,0,13,群益金鼎-敦南,2024-08-20,9101
6532,瑞耘,15,2,13,群益金鼎-敦南,2024-08-20,9101
3607,谷崧,13,0,13,群益金鼎-敦南,2024-08-20,9101
2392,正崴,12,0,12,群益金鼎-敦南,2024-08-20,9101
5347,世界,25,14,11,群益金鼎-敦南,2024-08-20,9101
3580,友威科,65,54,11,群益金鼎-敦南,2024-08-20,9101
8071,能率網通,36,25,11,群益金鼎-敦南,2024-08-20,9101
2542,興富發,15,4,11,群益金鼎-敦南,2024-08-20,9101
2543,皇昌,132,121,11,群益金鼎-敦南,2024-08-20,9101
00795B,中信美國公債20年,10,0,10,群益金鼎-敦南,2024-08-20,9101
2427,三商電,10,0,10,群益金鼎-敦南,2024-08-20,9101
3044,健鼎,10,0,10,群益金鼎-敦南,2024-08-20,9101
5225,東科-KY,10,0,10,群益金鼎-敦南,2024-08-20,9101
2524,京城,11,1,10,群益金鼎-敦南,2024-08-20,9101
3047,訊舟,61,52,9,群益金鼎-敦南,2024-08-20,9101
5302,太欣,9,0,9,群益金鼎-敦南,2024-08-20,9101
00919,群益台灣精選高息,13,5,8,群益金鼎-敦南,2024-08-20,9101
2888,新光金,884,403,481,群益金鼎-敦南,2024-08-21,9101
00687B,國泰20年美債,332,20,312,群益金鼎-敦南,2024-08-21,9101
8080,印鉐,101,0,101,群益金鼎-敦南,2024-08-21,9101
3047,訊舟,207,108,99,群益金鼎-敦南,2024-08-21,9101
00919,群益台灣精選高息,102,22,80,群益金鼎-敦南,2024-08-21,9101
1711,永光,81,1,80,群益金鼎-敦南,2024-08-21,9101
3032,偉訓,75,0,75,群益金鼎-敦南,2024-08-21,9101
2891,中信金,124,52,72,群益金鼎-敦南,2024-08-21,9101
3062,建漢,503,438,65,群益金鼎-敦南,2024-08-21,9101
8099,大世科,52,0,52,群益金鼎-敦南,2024-08-21,9101
2615,萬海,53,5,48,群益金鼎-敦南,2024-08-21,9101
00948B,中信優息投資級債,40,0,40,群益金鼎-敦南,2024-08-21,9101
1707,葡萄王,40,0,40,群益金鼎-敦南,2024-08-21,9101
00951,台新日本半導體,34,0,34,群益金鼎-敦南,2024-08-21,9101
00937B,群益ESG投等債20,35,5,30,群益金鼎-敦南,2024-08-21,9101
2801,彰銀,28,0,28,群益金鼎-敦南,2024-08-21,9101
1513,中興電,36,9,27,群益金鼎-敦南,2024-08-21,9101
00940,元大台灣價值高息,25,1,24,群益金鼎-敦南,2024-08-21,9101
00725B,國泰投資級公司債,24,0,24,群益金鼎-敦南,2024-08-21,9101
2317,鴻海,26,3,23,群益金鼎-敦南,2024-08-21,9101
00665L,富邦�琤肭磪囓�2,21,0,21,群益金鼎-敦南,2024-08-21,9101
9914,美利達,20,0,20,群益金鼎-敦南,2024-08-21,9101
2034,允強,20,0,20,群益金鼎-敦南,2024-08-21,9101
2610,華航,22,2,20,群益金鼎-敦南,2024-08-21,9101
1474,弘裕,20,0,20,群益金鼎-敦南,2024-08-21,9101
00664R,國泰臺灣加權反1,20,0,20,群益金鼎-敦南,2024-08-21,9101
3362,先進光,20,0,20,群益金鼎-敦南,2024-08-21,9101
00679B,元大美債20年,34,15,19,群益金鼎-敦南,2024-08-21,9101
2542,興富發,28,10,18,群益金鼎-敦南,2024-08-21,9101
2356,英業達,32,15,17,群益金鼎-敦南,2024-08-21,9101
9958,世紀鋼,21,5,16,群益金鼎-敦南,2024-08-21,9101
00929,復華台灣科技優息,36,20,16,群益金鼎-敦南,2024-08-21,9101
2603,長榮,15,1,14,群益金鼎-敦南,2024-08-21,9101
00680L,元大美債20正2,25,11,14,群益金鼎-敦南,2024-08-21,9101
00720B,元大投資級公司債,20,6,14,群益金鼎-敦南,2024-08-21,9101
6207,雷科,18,5,13,群益金鼎-敦南,2024-08-21,9101
4561,健椿,26,13,13,群益金鼎-敦南,2024-08-21,9101
00945B,凱基美國非投等債,13,0,13,群益金鼎-敦南,2024-08-21,9101
9904,寶成,13,0,13,群益金鼎-敦南,2024-08-21,9101
1101,台泥,13,0,13,群益金鼎-敦南,2024-08-21,9101
2354,鴻準,15,3,12,群益金鼎-敦南,2024-08-21,9101
2739,寒舍,12,0,12,群益金鼎-敦南,2024-08-21,9101
5443,均豪,36,25,11,群益金鼎-敦南,2024-08-21,9101
3147,大綜,21,10,11,群益金鼎-敦南,2024-08-21,9101
3037,欣興,17,7,10,群益金鼎-敦南,2024-08-21,9101
00946,群益科技高息成長,10,0,10,群益金鼎-敦南,2024-08-21,9101
8054,安國,79,69,10,群益金鼎-敦南,2024-08-21,9101
3044,健鼎,10,0,10,群益金鼎-敦南,2024-08-21,9101
1721,三晃,10,0,10,群益金鼎-敦南,2024-08-21,9101
3312,弘憶股,39,30,9,群益金鼎-敦南,2024-08-21,9101
2891,中信金,131,0,131,群益金鼎-敦南,2024-08-22,9101
3550,聯穎,129,0,129,群益金鼎-敦南,2024-08-22,9101
2890,永豐金,78,1,77,群益金鼎-敦南,2024-08-22,9101
3032,偉訓,75,0,75,群益金鼎-敦南,2024-08-22,9101
2070,精湛,71,0,71,群益金鼎-敦南,2024-08-22,9101
4540,全球傳動,71,0,71,群益金鼎-敦南,2024-08-22,9101
00679B,元大美債20年,71,1,70,群益金鼎-敦南,2024-08-22,9101
1409,新纖,66,1,65,群益金鼎-敦南,2024-08-22,9101
00919,群益台灣精選高息,101,36,65,群益金鼎-敦南,2024-08-22,9101
6248,沛波,60,0,60,群益金鼎-敦南,2024-08-22,9101
1707,葡萄王,57,0,57,群益金鼎-敦南,2024-08-22,9101
2208,台船,53,0,53,群益金鼎-敦南,2024-08-22,9101
2356,英業達,57,9,48,群益金鼎-敦南,2024-08-22,9101
00687B,國泰20年美債,45,0,45,群益金鼎-敦南,2024-08-22,9101
9958,世紀鋼,46,1,45,群益金鼎-敦南,2024-08-22,9101
1101,台泥,43,3,40,群益金鼎-敦南,2024-08-22,9101
00937B,群益ESG投等債20,49,10,39,群益金鼎-敦南,2024-08-22,9101
00933B,國泰10Y+金融債,105,75,30,群益金鼎-敦南,2024-08-22,9101
00905,FT臺灣Smart,30,0,30,群益金鼎-敦南,2024-08-22,9101
4510,高鋒,30,0,30,群益金鼎-敦南,2024-08-22,9101
2317,鴻海,45,17,28,群益金鼎-敦南,2024-08-22,9101
6841,長佳智能,29,4,25,群益金鼎-敦南,2024-08-22,9101
0050,元大台灣50,29,5,24,群益金鼎-敦南,2024-08-22,9101
2610,華航,21,0,21,群益金鼎-敦南,2024-08-22,9101
2515,中工,20,0,20,群益金鼎-敦南,2024-08-22,9101
3059,華晶科,22,2,20,群益金鼎-敦南,2024-08-22,9101
1609,大亞,34,15,19,群益金鼎-敦南,2024-08-22,9101
00715L,期街口布蘭特正2,19,0,19,群益金鼎-敦南,2024-08-22,9101
1570,力肯,18,0,18,群益金鼎-敦南,2024-08-22,9101
00795B,中信美國公債20年,16,1,15,群益金鼎-敦南,2024-08-22,9101
00712,復華富時不動產,15,0,15,群益金鼎-敦南,2024-08-22,9101
2349,錸德,176,161,15,群益金鼎-敦南,2024-08-22,9101
3339,泰谷,16,1,15,群益金鼎-敦南,2024-08-22,9101
6224,聚鼎,20,6,14,群益金鼎-敦南,2024-08-22,9101
00950B,凱基A級公司債,25,11,14,群益金鼎-敦南,2024-08-22,9101
2354,鴻準,19,6,13,群益金鼎-敦南,2024-08-22,9101
8103,瀚荃,35,23,12,群益金鼎-敦南,2024-08-22,9101
5905,南仁湖,68,56,12,群益金鼎-敦南,2024-08-22,9101
2405,輔信,12,0,12,群益金鼎-敦南,2024-08-22,9101
6196,帆宣,12,0,12,群益金鼎-敦南,2024-08-22,9101
8096,擎亞,153,141,12,群益金鼎-敦南,2024-08-22,9101
2481,強茂,12,0,12,群益金鼎-敦南,2024-08-22,9101
00688L,國泰20年美債正2,12,0,12,群益金鼎-敦南,2024-08-22,9101
9955,佳龍,47,36,11,群益金鼎-敦南,2024-08-22,9101
6451,訊芯-KY,13,2,11,群益金鼎-敦南,2024-08-22,9101
2851,中再保,11,0,11,群益金鼎-敦南,2024-08-22,9101
3689,湧德,25,14,11,群益金鼎-敦南,2024-08-22,9101
1786,科妍,11,0,11,群益金鼎-敦南,2024-08-22,9101
2882,國泰金,13,3,10,群益金鼎-敦南,2024-08-22,9101
4906,正文,31,21,10,群益金鼎-敦南,2024-08-22,9101
00637L,元大滬深300正2,536,0,536,群益金鼎-敦南,2024-08-23,9101
1711,永光,519,303,216,群益金鼎-敦南,2024-08-23,9101
00679B,元大美債20年,125,0,125,群益金鼎-敦南,2024-08-23,9101
2888,新光金,541,428,113,群益金鼎-敦南,2024-08-23,9101
00687B,國泰20年美債,88,5,83,群益金鼎-敦南,2024-08-23,9101
3234,光環,138,71,67,群益金鼎-敦南,2024-08-23,9101
00650L,復華香港正2,62,4,58,群益金鼎-敦南,2024-08-23,9101
1321,大洋,53,0,53,群益金鼎-敦南,2024-08-23,9101
2891,中信金,57,4,53,群益金鼎-敦南,2024-08-23,9101
00680L,元大美債20正2,76,26,50,群益金鼎-敦南,2024-08-23,9101
1717,長興,55,10,45,群益金鼎-敦南,2024-08-23,9101
8121,越峰,88,46,42,群益金鼎-敦南,2024-08-23,9101
00632R,元大台灣50反1,49,9,40,群益金鼎-敦南,2024-08-23,9101
1326,台化,34,2,32,群益金鼎-敦南,2024-08-23,9101
4510,高鋒,30,0,30,群益金鼎-敦南,2024-08-23,9101
00951,台新日本半導體,28,0,28,群益金鼎-敦南,2024-08-23,9101
2542,興富發,27,0,27,群益金鼎-敦南,2024-08-23,9101
8021,尖點,35,8,27,群益金鼎-敦南,2024-08-23,9101
0050,元大台灣50,26,0,26,群益金鼎-敦南,2024-08-23,9101
00688L,國泰20年美債正2,25,0,25,群益金鼎-敦南,2024-08-23,9101
4711,永純,25,0,25,群益金鼎-敦南,2024-08-23,9101
2349,錸德,72,48,24,群益金鼎-敦南,2024-08-23,9101
3550,聯穎,21,0,21,群益金鼎-敦南,2024-08-23,9101
1409,新纖,30,10,20,群益金鼎-敦南,2024-08-23,9101
2034,允強,20,0,20,群益金鼎-敦南,2024-08-23,9101
00948B,中信優息投資級債,20,0,20,群益金鼎-敦南,2024-08-23,9101
3050,鈺德,33,15,18,群益金鼎-敦南,2024-08-23,9101
1314,中石化,52,36,16,群益金鼎-敦南,2024-08-23,9101
2337,旺宏,15,0,15,群益金鼎-敦南,2024-08-23,9101
00720B,元大投資級公司債,15,0,15,群益金鼎-敦南,2024-08-23,9101
1708,東鹼,29,14,15,群益金鼎-敦南,2024-08-23,9101
00946,群益科技高息成長,14,0,14,群益金鼎-敦南,2024-08-23,9101
1570,力肯,36,23,13,群益金鼎-敦南,2024-08-23,9101
00936,台新永續高息中小,13,0,13,群益金鼎-敦南,2024-08-23,9101
3073,天方能源,17,5,12,群益金鼎-敦南,2024-08-23,9101
00956,中信日經高股息,12,0,12,群益金鼎-敦南,2024-08-23,9101
5706,鳳凰,12,0,12,群益金鼎-敦南,2024-08-23,9101
00795B,中信美國公債20年,12,0,12,群益金鼎-敦南,2024-08-23,9101
2363,矽統,28,17,11,群益金鼎-敦南,2024-08-23,9101
6761,穩得,13,2,11,群益金鼎-敦南,2024-08-23,9101
2705,六福,10,0,10,群益金鼎-敦南,2024-08-23,9101
3230,錦明,10,0,10,群益金鼎-敦南,2024-08-23,9101
00882,中信中國高股息,10,0,10,群益金鼎-敦南,2024-08-23,9101
8096,擎亞,16,6,10,群益金鼎-敦南,2024-08-23,9101
6609,瀧澤科,11,1,10,群益金鼎-敦南,2024-08-23,9101
1101,台泥,10,0,10,群益金鼎-敦南,2024-08-23,9101
3312,弘憶股,10,1,9,群益金鼎-敦南,2024-08-23,9101
00945B,凱基美國非投等債,10,1,9,群益金鼎-敦南,2024-08-23,9101
3363,上詮,33,24,9,群益金鼎-敦南,2024-08-23,9101
6151,晉倫,9,1,8,群益金鼎-敦南,2024-08-23,9101
2883,凱基金,312,0,312,群益金鼎-敦南,2024-08-26,9101
5469,瀚宇博,715,542,173,群益金鼎-敦南,2024-08-26,9101
00795B,中信美國公債20年,133,0,133,群益金鼎-敦南,2024-08-26,9101
2371,大同,120,6,114,群益金鼎-敦南,2024-08-26,9101
8121,越峰,236,139,97,群益金鼎-敦南,2024-08-26,9101
00687B,國泰20年美債,70,0,70,群益金鼎-敦南,2024-08-26,9101
2382,廣達,54,1,53,群益金鼎-敦南,2024-08-26,9101
00951,台新日本半導體,50,0,50,群益金鼎-敦南,2024-08-26,9101
00907,永豐優息存股,50,0,50,群益金鼎-敦南,2024-08-26,9101
2340,台亞,49,1,48,群益金鼎-敦南,2024-08-26,9101
00706L,期元大S＆P日圓正2,50,5,45,群益金鼎-敦南,2024-08-26,9101
2891,中信金,65,22,43,群益金鼎-敦南,2024-08-26,9101
00641R,富邦日本反1,40,0,40,群益金鼎-敦南,2024-08-26,9101
00664R,國泰臺灣加權反1,40,0,40,群益金鼎-敦南,2024-08-26,9101
00919,群益台灣精選高息,37,1,36,群益金鼎-敦南,2024-08-26,9101
00929,復華台灣科技優息,33,0,33,群益金鼎-敦南,2024-08-26,9101
00637L,元大滬深300正2,37,8,29,群益金鼎-敦南,2024-08-26,9101
00937B,群益ESG投等債20,34,6,28,群益金鼎-敦南,2024-08-26,9101
2399,映泰,26,0,26,群益金鼎-敦南,2024-08-26,9101
00923,群益台ESG低碳50,26,0,26,群益金鼎-敦南,2024-08-26,9101
00680L,元大美債20正2,32,9,23,群益金鼎-敦南,2024-08-26,9101
6208,日揚,31,10,21,群益金鼎-敦南,2024-08-26,9101
00935,野村臺灣新科技50,20,0,20,群益金鼎-敦南,2024-08-26,9101
00945B,凱基美國非投等債,20,0,20,群益金鼎-敦南,2024-08-26,9101
3050,鈺德,20,0,20,群益金鼎-敦南,2024-08-26,9101
6165,浪凡,20,0,20,群益金鼎-敦南,2024-08-26,9101
2547,日勝生,20,0,20,群益金鼎-敦南,2024-08-26,9101
1321,大洋,18,0,18,群益金鼎-敦南,2024-08-26,9101
5452,佶優,24,6,18,群益金鼎-敦南,2024-08-26,9101
2890,永豐金,18,1,17,群益金鼎-敦南,2024-08-26,9101
00953B,群益優選非投等債,17,0,17,群益金鼎-敦南,2024-08-26,9101
4973,廣穎,16,0,16,群益金鼎-敦南,2024-08-26,9101
3689,湧德,21,5,16,群益金鼎-敦南,2024-08-26,9101
00933B,國泰10Y+金融債,15,0,15,群益金鼎-敦南,2024-08-26,9101
3376,新日興,33,18,15,群益金鼎-敦南,2024-08-26,9101
2449,京元電子,43,28,15,群益金鼎-敦南,2024-08-26,9101
2915,潤泰全,16,2,14,群益金鼎-敦南,2024-08-26,9101
00948B,中信優息投資級債,15,2,13,群益金鼎-敦南,2024-08-26,9101
3550,聯穎,13,0,13,群益金鼎-敦南,2024-08-26,9101
6869,雲豹能源,20,8,12,群益金鼎-敦南,2024-08-26,9101
8043,蜜望實,26,14,12,群益金鼎-敦南,2024-08-26,9101
3019,亞光,19,9,10,群益金鼎-敦南,2024-08-26,9101
6207,雷科,18,8,10,群益金鼎-敦南,2024-08-26,9101
8111,立��,9,0,9,群益金鼎-敦南,2024-08-26,9101
9945,潤泰新,9,0,9,群益金鼎-敦南,2024-08-26,9101
5227,立凱-KY,9,0,9,群益金鼎-敦南,2024-08-26,9101
3312,弘憶股,13,4,9,群益金鼎-敦南,2024-08-26,9101
6761,穩得,8,0,8,群益金鼎-敦南,2024-08-26,9101
4526,東台,33,25,8,群益金鼎-敦南,2024-08-26,9101
3051,力特,8,0,8,群益金鼎-敦南,2024-08-26,9101
1711,永光,128,58,70,群益金鼎-敦南,2024-08-27,9101
00919,群益台灣精選高息,55,0,55,群益金鼎-敦南,2024-08-27,9101
3707,漢磊,55,5,50,群益金鼎-敦南,2024-08-27,9101
2399,映泰,163,114,49,群益金鼎-敦南,2024-08-27,9101
00679B,元大美債20年,85,40,45,群益金鼎-敦南,2024-08-27,9101
3481,群創,194,150,44,群益金鼎-敦南,2024-08-27,9101
2891,中信金,61,19,42,群益金鼎-敦南,2024-08-27,9101
00687B,國泰20年美債,34,0,34,群益金鼎-敦南,2024-08-27,9101
00918,大華優利高填息30,33,0,33,群益金鼎-敦南,2024-08-27,9101
8043,蜜望實,33,2,31,群益金鼎-敦南,2024-08-27,9101
3455,由田,31,0,31,群益金鼎-敦南,2024-08-27,9101
2610,華航,41,10,31,群益金鼎-敦南,2024-08-27,9101
00641R,富邦日本反1,25,0,25,群益金鼎-敦南,2024-08-27,9101
00948B,中信優息投資級債,25,0,25,群益金鼎-敦南,2024-08-27,9101
2888,新光金,93,69,24,群益金鼎-敦南,2024-08-27,9101
00878,國泰永續高股息,25,1,24,群益金鼎-敦南,2024-08-27,9101
00795B,中信美國公債20年,23,0,23,群益金鼎-敦南,2024-08-27,9101
1727,中華化,38,16,22,群益金鼎-敦南,2024-08-27,9101
2371,大同,29,7,22,群益金鼎-敦南,2024-08-27,9101
00929,復華台灣科技優息,22,1,21,群益金鼎-敦南,2024-08-27,9101
2365,昆盈,40,20,20,群益金鼎-敦南,2024-08-27,9101
2883,凱基金,19,1,18,群益金鼎-敦南,2024-08-27,9101
1527,鑽全,24,6,18,群益金鼎-敦南,2024-08-27,9101
4968,立積,16,0,16,群益金鼎-敦南,2024-08-27,9101
2603,長榮,27,11,16,群益金鼎-敦南,2024-08-27,9101
2609,陽明,18,3,15,群益金鼎-敦南,2024-08-27,9101
00675L,富邦臺灣加權正2,17,2,15,群益金鼎-敦南,2024-08-27,9101
1609,大亞,15,0,15,群益金鼎-敦南,2024-08-27,9101
5704,老爺知,14,0,14,群益金鼎-敦南,2024-08-27,9101
00680L,元大美債20正2,14,0,14,群益金鼎-敦南,2024-08-27,9101
2402,毅嘉,108,94,14,群益金鼎-敦南,2024-08-27,9101
2356,英業達,20,7,13,群益金鼎-敦南,2024-08-27,9101
4561,健椿,21,8,13,群益金鼎-敦南,2024-08-27,9101
3260,威剛,17,5,12,群益金鼎-敦南,2024-08-27,9101
3663,鑫科,18,6,12,群益金鼎-敦南,2024-08-27,9101
2330,台積電,15,3,12,群益金鼎-敦南,2024-08-27,9101
3581,博磊,18,7,11,群益金鼎-敦南,2024-08-27,9101
2801,彰銀,11,0,11,群益金鼎-敦南,2024-08-27,9101
6215,和椿,16,5,11,群益金鼎-敦南,2024-08-27,9101
2887,台新金,11,0,11,群益金鼎-敦南,2024-08-27,9101
2880,華南金,10,0,10,群益金鼎-敦南,2024-08-27,9101
3060,銘異,10,0,10,群益金鼎-敦南,2024-08-27,9101
3056,富華新,10,0,10,群益金鼎-敦南,2024-08-27,9101
4576,大銀微系統,11,1,10,群益金鼎-敦南,2024-08-27,9101
3689,湧德,10,0,10,群益金鼎-敦南,2024-08-27,9101
6901,鑽石投資,10,0,10,群益金鼎-敦南,2024-08-27,9101
6171,大城地產,10,0,10,群益金鼎-敦南,2024-08-27,9101
00915,凱基優選高股息30,9,0,9,群益金鼎-敦南,2024-08-27,9101
3149,正達,40,31,9,群益金鼎-敦南,2024-08-27,9101
00937B,群益ESG投等債20,9,0,9,群益金鼎-敦南,2024-08-27,9101
2317,鴻海,181,20,161,群益金鼎-敦南,2024-08-28,9101
00688L,國泰20年美債正2,141,0,141,群益金鼎-敦南,2024-08-28,9101
4303,信立,116,11,105,群益金鼎-敦南,2024-08-28,9101
3694,海華,193,108,85,群益金鼎-敦南,2024-08-28,9101
2327,國巨,41,1,40,群益金鼎-敦南,2024-08-28,9101
3081,聯亞,40,3,37,群益金鼎-敦南,2024-08-28,9101
4563,百德,55,20,35,群益金鼎-敦南,2024-08-28,9101
2409,友達,37,3,34,群益金鼎-敦南,2024-08-28,9101
00795B,中信美國公債20年,32,0,32,群益金鼎-敦南,2024-08-28,9101
00679B,元大美債20年,32,1,31,群益金鼎-敦南,2024-08-28,9101
2371,大同,31,0,31,群益金鼎-敦南,2024-08-28,9101
4157,太景*-KY,30,0,30,群益金鼎-敦南,2024-08-28,9101
5443,均豪,95,66,29,群益金鼎-敦南,2024-08-28,9101
3015,全漢,28,0,28,群益金鼎-敦南,2024-08-28,9101
3032,偉訓,32,5,27,群益金鼎-敦南,2024-08-28,9101
2108,南帝,26,0,26,群益金鼎-敦南,2024-08-28,9101
9919,康那香,25,0,25,群益金鼎-敦南,2024-08-28,9101
00945B,凱基美國非投等債,22,0,22,群益金鼎-敦南,2024-08-28,9101
5481,新華,49,27,22,群益金鼎-敦南,2024-08-28,9101
8043,蜜望實,23,1,22,群益金鼎-敦南,2024-08-28,9101
3376,新日興,57,36,21,群益金鼎-敦南,2024-08-28,9101
00918,大華優利高填息30,21,0,21,群益金鼎-敦南,2024-08-28,9101
2208,台船,21,0,21,群益金鼎-敦南,2024-08-28,9101
8096,擎亞,67,46,21,群益金鼎-敦南,2024-08-28,9101
6176,瑞儀,20,0,20,群益金鼎-敦南,2024-08-28,9101
00637L,元大滬深300正2,19,0,19,群益金鼎-敦南,2024-08-28,9101
1734,杏輝,19,0,19,群益金鼎-敦南,2024-08-28,9101
3580,友威科,57,39,18,群益金鼎-敦南,2024-08-28,9101
2349,錸德,50,32,18,群益金鼎-敦南,2024-08-28,9101
4510,高鋒,77,61,16,群益金鼎-敦南,2024-08-28,9101
8027,鈦昇,23,8,15,群益金鼎-敦南,2024-08-28,9101
2705,六福,14,0,14,群益金鼎-敦南,2024-08-28,9101
1540,喬福,104,90,14,群益金鼎-敦南,2024-08-28,9101
2467,志聖,31,17,14,群益金鼎-敦南,2024-08-28,9101
00929,復華台灣科技優息,14,1,13,群益金鼎-敦南,2024-08-28,9101
00919,群益台灣精選高息,16,3,13,群益金鼎-敦南,2024-08-28,9101
6207,雷科,13,0,13,群益金鼎-敦南,2024-08-28,9101
1321,大洋,39,27,12,群益金鼎-敦南,2024-08-28,9101
6661,威健生技,11,0,11,群益金鼎-敦南,2024-08-28,9101
3010,華立,17,6,11,群益金鼎-敦南,2024-08-28,9101
3652,精聯,13,2,11,群益金鼎-敦南,2024-08-28,9101
00632R,元大台灣50反1,11,0,11,群益金鼎-敦南,2024-08-28,9101
3715,定穎投控,28,17,11,群益金鼎-敦南,2024-08-28,9101
2352,佳世達,10,0,10,群益金鼎-敦南,2024-08-28,9101
00664R,國泰臺灣加權反1,10,0,10,群益金鼎-敦南,2024-08-28,9101
1325,恆大,10,0,10,群益金鼎-敦南,2024-08-28,9101
2882,國泰金,14,4,10,群益金鼎-敦南,2024-08-28,9101
00687B,國泰20年美債,10,0,10,群益金鼎-敦南,2024-08-28,9101
2603,長榮,11,2,9,群益金鼎-敦南,2024-08-28,9101
5452,佶優,11,3,8,群益金鼎-敦南,2024-08-28,9101
00929,復華台灣科技優息,588,54,534,群益金鼎-敦南,2024-08-29,9101
00919,群益台灣精選高息,504,3,501,群益金鼎-敦南,2024-08-29,9101
00878,國泰永續高股息,457,20,437,群益金鼎-敦南,2024-08-29,9101
00948B,中信優息投資級債,397,0,397,群益金鼎-敦南,2024-08-29,9101
00688L,國泰20年美債正2,284,0,284,群益金鼎-敦南,2024-08-29,9101
2867,三商壽,100,0,100,群益金鼎-敦南,2024-08-29,9101
00679B,元大美債20年,79,0,79,群益金鼎-敦南,2024-08-29,9101
2891,中信金,53,0,53,群益金鼎-敦南,2024-08-29,9101
4526,東台,198,150,48,群益金鼎-敦南,2024-08-29,9101
00687B,國泰20年美債,41,0,41,群益金鼎-敦南,2024-08-29,9101
00632R,元大台灣50反1,40,0,40,群益金鼎-敦南,2024-08-29,9101
2349,錸德,52,13,39,群益金鼎-敦南,2024-08-29,9101
00937B,群益ESG投等債20,114,80,34,群益金鼎-敦南,2024-08-29,9101
00795B,中信美國公債20年,31,0,31,群益金鼎-敦南,2024-08-29,9101
4167,松瑞藥,30,0,30,群益金鼎-敦南,2024-08-29,9101
2312,金寶,30,1,29,群益金鼎-敦南,2024-08-29,9101
2399,映泰,66,41,25,群益金鼎-敦南,2024-08-29,9101
3217,優群,25,0,25,群益金鼎-敦南,2024-08-29,9101
8085,福華,31,6,25,群益金鼎-敦南,2024-08-29,9101
2371,大同,30,7,23,群益金鼎-敦南,2024-08-29,9101
2836,高雄銀,22,0,22,群益金鼎-敦南,2024-08-29,9101
2425,承啟,53,32,21,群益金鼎-敦南,2024-08-29,9101
2890,永豐金,20,0,20,群益金鼎-敦南,2024-08-29,9101
8043,蜜望實,20,0,20,群益金鼎-敦南,2024-08-29,9101
4931,新盛力,20,1,19,群益金鼎-敦南,2024-08-29,9101
00675L,富邦臺灣加權正2,20,3,17,群益金鼎-敦南,2024-08-29,9101
3689,湧德,23,8,15,群益金鼎-敦南,2024-08-29,9101
2834,臺企銀,15,0,15,群益金鼎-敦南,2024-08-29,9101
8473,山林水,15,0,15,群益金鼎-敦南,2024-08-29,9101
9919,康那香,15,0,15,群益金鼎-敦南,2024-08-29,9101
2317,鴻海,27,15,12,群益金鼎-敦南,2024-08-29,9101
2330,台積電,17,4,13,群益金鼎-敦南,2024-08-29,9101
8011,台通,13,1,12,群益金鼎-敦南,2024-08-29,9101
6237,驊訊,12,0,12,群益金鼎-敦南,2024-08-29,9101
1615,大山,12,0,12,群益金鼎-敦南,2024-08-29,9101
2464,盟立,47,35,12,群益金鼎-敦南,2024-08-29,9101
4123,晟德,11,0,11,群益金鼎-敦南,2024-08-29,9101
3047,訊舟,22,11,11,群益金鼎-敦南,2024-08-29,9101
00881,國泰台灣5G+,10,0,10,群益金鼎-敦南,2024-08-29,9101
1805,寶徠,10,0,10,群益金鼎-敦南,2024-08-29,9101
00637L,元大滬深300正2,14,4,10,群益金鼎-敦南,2024-08-29,9101
2104,國際中橡,10,0,10,群益金鼎-敦南,2024-08-29,9101
1101,台泥,10,0,10,群益金鼎-敦南,2024-08-29,9101
1560,中砂,11,1,10,群益金鼎-敦南,2024-08-29,9101
00664R,國泰臺灣加權反1,10,0,10,群益金鼎-敦南,2024-08-29,9101
5234,達興材料,16,6,10,群益金鼎-敦南,2024-08-29,9101
6761,穩得,10,0,10,群益金鼎-敦南,2024-08-29,9101
8027,鈦昇,18,8,10,群益金鼎-敦南,2024-08-29,9101
0050,元大台灣50,10,1,9,群益金鼎-敦南,2024-08-29,9101
00915,凱基優選高股息30,9,0,9,群益金鼎-敦南,2024-08-29,9101
00637L,元大滬深300正2,1053,24,1029,群益金鼎-敦南,2024-08-30,9101
00713,元大台灣高息低波,508,0,508,群益金鼎-敦南,2024-08-30,9101
0056,元大高股息,498,0,498,群益金鼎-敦南,2024-08-30,9101
00919,群益台灣精選高息,516,20,496,群益金鼎-敦南,2024-08-30,9101
00929,復華台灣科技優息,496,27,469,群益金鼎-敦南,2024-08-30,9101
00632R,元大台灣50反1,436,16,420,群益金鼎-敦南,2024-08-30,9101
00679B,元大美債20年,116,33,83,群益金鼎-敦南,2024-08-30,9101
00687B,國泰20年美債,73,0,73,群益金鼎-敦南,2024-08-30,9101
6269,台郡,334,270,64,群益金鼎-敦南,2024-08-30,9101
2891,中信金,77,21,56,群益金鼎-敦南,2024-08-30,9101
2888,新光金,64,12,52,群益金鼎-敦南,2024-08-30,9101
1539,巨庭,50,0,50,群益金鼎-敦南,2024-08-30,9101
00937B,群益ESG投等債20,65,20,45,群益金鼎-敦南,2024-08-30,9101
00688L,國泰20年美債正2,135,90,45,群益金鼎-敦南,2024-08-30,9101
3390,旭軟,43,0,43,群益金鼎-敦南,2024-08-30,9101
1314,中石化,40,1,39,群益金鼎-敦南,2024-08-30,9101
4526,東台,301,264,37,群益金鼎-敦南,2024-08-30,9101
2313,華通,111,76,35,群益金鼎-敦南,2024-08-30,9101
2314,台揚,30,0,30,群益金鼎-敦南,2024-08-30,9101
00948B,中信優息投資級債,30,0,30,群益金鼎-敦南,2024-08-30,9101
3673,TPK-KY,31,2,29,群益金鼎-敦南,2024-08-30,9101
00942B,台新美A公司債20+,22,0,22,群益金鼎-敦南,2024-08-30,9101
2409,友達,22,1,21,群益金鼎-敦南,2024-08-30,9101
00959B,大華投等美債15Y+,20,0,20,群益金鼎-敦南,2024-08-30,9101
2515,中工,20,0,20,群益金鼎-敦南,2024-08-30,9101
3550,聯穎,21,1,20,群益金鼎-敦南,2024-08-30,9101
3605,宏致,19,0,19,群益金鼎-敦南,2024-08-30,9101
8182,加高,20,2,18,群益金鼎-敦南,2024-08-30,9101
2834,臺企銀,16,0,16,群益金鼎-敦南,2024-08-30,9101
3535,晶彩科,20,4,16,群益金鼎-敦南,2024-08-30,9101
2002,中鋼,16,0,16,群益金鼎-敦南,2024-08-30,9101
2801,彰銀,16,0,16,群益金鼎-敦南,2024-08-30,9101
3062,建漢,28,14,14,群益金鼎-敦南,2024-08-30,9101
8105,凌巨,17,3,14,群益金鼎-敦南,2024-08-30,9101
8027,鈦昇,29,17,12,群益金鼎-敦南,2024-08-30,9101
2425,承啟,94,82,12,群益金鼎-敦南,2024-08-30,9101
2356,英業達,11,0,11,群益金鼎-敦南,2024-08-30,9101
2377,微星,11,1,10,群益金鼎-敦南,2024-08-30,9101
4549,桓達,12,2,10,群益金鼎-敦南,2024-08-30,9101
2524,京城,13,3,10,群益金鼎-敦南,2024-08-30,9101
2367,燿華,120,110,10,群益金鼎-敦南,2024-08-30,9101
00918,大華優利高填息30,10,0,10,群益金鼎-敦南,2024-08-30,9101
3312,弘憶股,10,0,10,群益金鼎-敦南,2024-08-30,9101
4903,聯光通,10,0,10,群益金鼎-敦南,2024-08-30,9101
2498,宏達電,15,5,10,群益金鼎-敦南,2024-08-30,9101
5519,隆大,10,0,10,群益金鼎-敦南,2024-08-30,9101
1325,恆大,10,0,10,群益金鼎-敦南,2024-08-30,9101
4563,百德,13,4,9,群益金鼎-敦南,2024-08-30,9101
3230,錦明,10,1,9,群益金鼎-敦南,2024-08-30,9101
3498,陽程,13,4,9,群益金鼎-敦南,2024-08-30,9101
2891,中信金,728,2,726,群益金鼎-敦南,2024-09-02,9101
00919,群益台灣精選高息,540,8,532,群益金鼎-敦南,2024-09-02,9101
00688L,國泰20年美債正2,152,0,152,群益金鼎-敦南,2024-09-02,9101
2883,凱基金,121,12,109,群益金鼎-敦南,2024-09-02,9101
00937B,群益ESG投等債20,121,20,101,群益金鼎-敦南,2024-09-02,9101
6405,悅城,124,66,58,群益金鼎-敦南,2024-09-02,9101
3081,聯亞,89,37,52,群益金鼎-敦南,2024-09-02,9101
00637L,元大滬深300正2,54,5,49,群益金鼎-敦南,2024-09-02,9101
00679B,元大美債20年,42,0,42,群益金鼎-敦南,2024-09-02,9101
8027,鈦昇,45,3,42,群益金鼎-敦南,2024-09-02,9101
6706,惠特,60,19,41,群益金鼎-敦南,2024-09-02,9101
2449,京元電子,56,15,41,群益金鼎-敦南,2024-09-02,9101
00665L,富邦�琤肭磪囓�2,38,0,38,群益金鼎-敦南,2024-09-02,9101
2542,興富發,64,27,37,群益金鼎-敦南,2024-09-02,9101
00948B,中信優息投資級債,40,3,37,群益金鼎-敦南,2024-09-02,9101
3062,建漢,70,34,36,群益金鼎-敦南,2024-09-02,9101
00951,台新日本半導體,35,0,35,群益金鼎-敦南,2024-09-02,9101
00680L,元大美債20正2,34,0,34,群益金鼎-敦南,2024-09-02,9101
00915,凱基優選高股息30,32,0,32,群益金鼎-敦南,2024-09-02,9101
00713,元大台灣高息低波,31,0,31,群益金鼎-敦南,2024-09-02,9101
00942B,台新美A公司債20+,30,0,30,群益金鼎-敦南,2024-09-02,9101
3376,新日興,45,16,29,群益金鼎-敦南,2024-09-02,9101
3631,晟楠,29,1,28,群益金鼎-敦南,2024-09-02,9101
6530,創威,34,11,23,群益金鼎-敦南,2024-09-02,9101
8086,宏捷科,29,7,22,群益金鼎-敦南,2024-09-02,9101
5512,力麒,21,0,21,群益金鼎-敦南,2024-09-02,9101
2881,富邦金,30,10,20,群益金鼎-敦南,2024-09-02,9101
1608,華榮,20,0,20,群益金鼎-敦南,2024-09-02,9101
1308,亞聚,20,0,20,群益金鼎-敦南,2024-09-02,9101
1305,華夏,20,0,20,群益金鼎-敦南,2024-09-02,9101
1336,台翰,20,0,20,群益金鼎-敦南,2024-09-02,9101
2609,陽明,25,5,20,群益金鼎-敦南,2024-09-02,9101
00664R,國泰臺灣加權反1,20,0,20,群益金鼎-敦南,2024-09-02,9101
00650L,復華香港正2,18,0,18,群益金鼎-敦南,2024-09-02,9101
5876,上海商銀,18,0,18,群益金鼎-敦南,2024-09-02,9101
00918,大華優利高填息30,19,1,18,群益金鼎-敦南,2024-09-02,9101
3522,御嵿,20,3,17,群益金鼎-敦南,2024-09-02,9101
1708,東鹼,24,7,17,群益金鼎-敦南,2024-09-02,9101
00959B,大華投等美債15Y+,16,0,16,群益金鼎-敦南,2024-09-02,9101
4534,慶騰,17,1,16,群益金鼎-敦南,2024-09-02,9101
2330,台積電,27,11,16,群益金鼎-敦南,2024-09-02,9101
2543,皇昌,15,0,15,群益金鼎-敦南,2024-09-02,9101
6179,亞通,15,0,15,群益金鼎-敦南,2024-09-02,9101
3189,景碩,21,6,15,群益金鼎-敦南,2024-09-02,9101
3047,訊舟,59,45,14,群益金鼎-敦南,2024-09-02,9101
2109,華豐,14,0,14,群益金鼎-敦南,2024-09-02,9101
2409,友達,20,6,14,群益金鼎-敦南,2024-09-02,9101
2524,京城,43,31,12,群益金鼎-敦南,2024-09-02,9101
00933B,國泰10Y+金融債,12,0,12,群益金鼎-敦南,2024-09-02,9101
2008,高興昌,12,0,12,群益金鼎-敦南,2024-09-02,9101
2891,中信金,773,1,772,群益金鼎-敦南,2024-09-03,9101
00632R,元大台灣50反1,439,24,415,群益金鼎-敦南,2024-09-03,9101
2888,新光金,444,49,395,群益金鼎-敦南,2024-09-03,9101
2464,盟立,366,22,344,群益金鼎-敦南,2024-09-03,9101
00937B,群益ESG投等債20,197,0,197,群益金鼎-敦南,2024-09-03,9101
00680L,元大美債20正2,170,0,170,群益金鼎-敦南,2024-09-03,9101
00919,群益台灣精選高息,139,3,136,群益金鼎-敦南,2024-09-03,9101
6530,創威,172,83,89,群益金鼎-敦南,2024-09-03,9101
8111,立��,90,3,87,群益金鼎-敦南,2024-09-03,9101
00637L,元大滬深300正2,51,4,47,群益金鼎-敦南,2024-09-03,9101
00795B,中信美國公債20年,45,2,43,群益金鼎-敦南,2024-09-03,9101
1465,偉全,38,0,38,群益金鼎-敦南,2024-09-03,9101
2880,華南金,36,0,36,群益金鼎-敦南,2024-09-03,9101
00679B,元大美債20年,38,5,33,群益金鼎-敦南,2024-09-03,9101
00915,凱基優選高股息30,31,0,31,群益金鼎-敦南,2024-09-03,9101
6573,虹揚-KY,30,0,30,群益金鼎-敦南,2024-09-03,9101
3535,晶彩科,86,56,30,群益金鼎-敦南,2024-09-03,9101
3550,聯穎,29,1,28,群益金鼎-敦南,2024-09-03,9101
6179,亞通,25,0,25,群益金鼎-敦南,2024-09-03,9101
6588,東典光電,24,0,24,群益金鼎-敦南,2024-09-03,9101
1301,台塑,38,15,23,群益金鼎-敦南,2024-09-03,9101
1303,南亞,21,0,21,群益金鼎-敦南,2024-09-03,9101
1815,富喬,89,70,19,群益金鼎-敦南,2024-09-03,9101
8076,伍豐,53,34,19,群益金鼎-敦南,2024-09-03,9101
3037,欣興,24,6,18,群益金鼎-敦南,2024-09-03,9101
00687B,國泰20年美債,27,9,18,群益金鼎-敦南,2024-09-03,9101
00878,國泰永續高股息,21,3,18,群益金鼎-敦南,2024-09-03,9101
1786,科妍,17,0,17,群益金鼎-敦南,2024-09-03,9101
00675L,富邦臺灣加權正2,16,0,16,群益金鼎-敦南,2024-09-03,9101
3339,泰谷,20,5,15,群益金鼎-敦南,2024-09-03,9101
3712,永崴投控,15,0,15,群益金鼎-敦南,2024-09-03,9101
00951,台新日本半導體,15,0,15,群益金鼎-敦南,2024-09-03,9101
5512,力麒,15,0,15,群益金鼎-敦南,2024-09-03,9101
6739,竹陞科技,14,0,14,群益金鼎-敦南,2024-09-03,9101
4906,正文,31,17,14,群益金鼎-敦南,2024-09-03,9101
3290,東浦,14,1,13,群益金鼎-敦南,2024-09-03,9101
1321,大洋,42,29,13,群益金鼎-敦南,2024-09-03,9101
2233,宇隆,24,12,12,群益金鼎-敦南,2024-09-03,9101
3230,錦明,11,0,11,群益金鼎-敦南,2024-09-03,9101
2330,台積電,13,3,10,群益金鼎-敦南,2024-09-03,9101
3481,群創,10,0,10,群益金鼎-敦南,2024-09-03,9101
1907,永豐餘,10,0,10,群益金鼎-敦南,2024-09-03,9101
00664R,國泰臺灣加權反1,10,0,10,群益金鼎-敦南,2024-09-03,9101
1710,東聯,10,0,10,群益金鼎-敦南,2024-09-03,9101
2605,新興,10,0,10,群益金鼎-敦南,2024-09-03,9101
6269,台郡,12,3,9,群益金鼎-敦南,2024-09-03,9101
3231,緯創,10,2,8,群益金鼎-敦南,2024-09-03,9101
2486,一詮,26,18,8,群益金鼎-敦南,2024-09-03,9101
2838A,聯邦銀甲特,8,0,8,群益金鼎-敦南,2024-09-03,9101
4958,臻鼎-KY,9,1,8,群益金鼎-敦南,2024-09-03,9101
00715L,期街口布蘭特正2,1010,0,1010,群益金鼎-敦南,2024-09-04,9101
00919,群益台灣精選高息,1041,182,859,群益金鼎-敦南,2024-09-04,9101
2888,新光金,397,41,356,群益金鼎-敦南,2024-09-04,9101
2891,中信金,285,43,242,群益金鼎-敦南,2024-09-04,9101
2330,台積電,177,18,159,群益金鼎-敦南,2024-09-04,9101
00940,元大台灣價值高息,160,2,158,群益金鼎-敦南,2024-09-04,9101
00632R,元大台灣50反1,131,8,123,群益金鼎-敦南,2024-09-04,9101
0056,元大高股息,113,12,101,群益金鼎-敦南,2024-09-04,9101
00878,國泰永續高股息,99,0,99,群益金鼎-敦南,2024-09-04,9101
00915,凱基優選高股息30,106,24,82,群益金鼎-敦南,2024-09-04,9101
2610,華航,81,0,81,群益金鼎-敦南,2024-09-04,9101
00680L,元大美債20正2,103,36,67,群益金鼎-敦南,2024-09-04,9101
3450,聯鈞,64,0,64,群益金鼎-敦南,2024-09-04,9101
00637L,元大滬深300正2,57,0,57,群益金鼎-敦南,2024-09-04,9101
00713,元大台灣高息低波,48,0,48,群益金鼎-敦南,2024-09-04,9101
00918,大華優利高填息30,44,0,44,群益金鼎-敦南,2024-09-04,9101
00675L,富邦臺灣加權正2,67,30,37,群益金鼎-敦南,2024-09-04,9101
0050,元大台灣50,54,18,36,群益金鼎-敦南,2024-09-04,9101
00929,復華台灣科技優息,98,64,34,群益金鼎-敦南,2024-09-04,9101
2880,華南金,33,0,33,群益金鼎-敦南,2024-09-04,9101
6179,亞通,30,0,30,群益金鼎-敦南,2024-09-04,9101
00946,群益科技高息成長,34,5,29,群益金鼎-敦南,2024-09-04,9101
006208,富邦台50,31,2,29,群益金鼎-敦南,2024-09-04,9101
3037,欣興,32,6,26,群益金鼎-敦南,2024-09-04,9101
1314,中石化,28,2,26,群益金鼎-敦南,2024-09-04,9101
5210,寶碩,26,0,26,群益金鼎-敦南,2024-09-04,9101
2605,新興,25,0,25,群益金鼎-敦南,2024-09-04,9101
2801,彰銀,24,0,24,群益金鼎-敦南,2024-09-04,9101
2408,南亞科,52,30,22,群益金鼎-敦南,2024-09-04,9101
2497,怡利電,38,16,22,群益金鼎-敦南,2024-09-04,9101
6104,創惟,24,2,22,群益金鼎-敦南,2024-09-04,9101
2365,昆盈,27,5,22,群益金鼎-敦南,2024-09-04,9101
00945B,凱基美國非投等債,21,0,21,群益金鼎-敦南,2024-09-04,9101
1301,台塑,32,11,21,群益金鼎-敦南,2024-09-04,9101
2034,允強,20,0,20,群益金鼎-敦南,2024-09-04,9101
00857B,永豐20年美公債,20,2,18,群益金鼎-敦南,2024-09-04,9101
3617,碩天,23,7,16,群益金鼎-敦南,2024-09-04,9101
4583,台灣精銳,16,0,16,群益金鼎-敦南,2024-09-04,9101
00764B,群益25年美債,16,0,16,群益金鼎-敦南,2024-09-04,9101
00881,國泰台灣5G+,15,0,15,群益金鼎-敦南,2024-09-04,9101
1326,台化,15,0,15,群益金鼎-敦南,2024-09-04,9101
6274,台燿,17,2,15,群益金鼎-敦南,2024-09-04,9101
4123,晟德,15,0,15,群益金鼎-敦南,2024-09-04,9101
3228,金麗科,16,1,15,群益金鼎-敦南,2024-09-04,9101
2618,長榮航,18,3,15,群益金鼎-敦南,2024-09-04,9101
1907,永豐餘,14,0,14,群益金鼎-敦南,2024-09-04,9101
6757,台灣虎航,14,0,14,群益金鼎-敦南,2024-09-04,9101
3231,緯創,20,6,14,群益金鼎-敦南,2024-09-04,9101
2495,普安,18,5,13,群益金鼎-敦南,2024-09-04,9101
2031,新光鋼,13,0,13,群益金鼎-敦南,2024-09-04,9101
00929,復華台灣科技優息,567,2,565,群益金鼎-敦南,2024-09-05,9101
0056,元大高股息,509,1,508,群益金鼎-敦南,2024-09-05,9101
2891,中信金,312,2,310,群益金鼎-敦南,2024-09-05,9101
3548,兆利,115,15,100,群益金鼎-敦南,2024-09-05,9101
00919,群益台灣精選高息,459,372,87,群益金鼎-敦南,2024-09-05,9101
2352,佳世達,81,0,81,群益金鼎-敦南,2024-09-05,9101
00878,國泰永續高股息,65,1,64,群益金鼎-敦南,2024-09-05,9101
00945B,凱基美國非投等債,50,0,50,群益金鼎-敦南,2024-09-05,9101
2888,新光金,132,85,47,群益金鼎-敦南,2024-09-05,9101
2317,鴻海,56,11,45,群益金鼎-敦南,2024-09-05,9101
2371,大同,43,0,43,群益金鼎-敦南,2024-09-05,9101
5225,東科-KY,34,0,34,群益金鼎-敦南,2024-09-05,9101
00940,元大台灣價值高息,35,1,34,群益金鼎-敦南,2024-09-05,9101
00915,凱基優選高股息30,36,4,32,群益金鼎-敦南,2024-09-05,9101
4935,茂林-KY,32,0,32,群益金鼎-敦南,2024-09-05,9101
00951,台新日本半導體,32,0,32,群益金鼎-敦南,2024-09-05,9101
00631L,元大台灣50正2,32,1,31,群益金鼎-敦南,2024-09-05,9101
00927,群益半導體收益,28,0,28,群益金鼎-敦南,2024-09-05,9101
8039,台虹,32,5,27,群益金鼎-敦南,2024-09-05,9101
00918,大華優利高填息30,24,0,24,群益金鼎-敦南,2024-09-05,9101
2367,燿華,27,3,24,群益金鼎-敦南,2024-09-05,9101
2498,宏達電,41,17,24,群益金鼎-敦南,2024-09-05,9101
6153,嘉聯益,26,3,23,群益金鼎-敦南,2024-09-05,9101
00713,元大台灣高息低波,23,0,23,群益金鼎-敦南,2024-09-05,9101
00857B,永豐20年美公債,44,23,21,群益金鼎-敦南,2024-09-05,9101
00712,復華富時不動產,20,0,20,群益金鼎-敦南,2024-09-05,9101
1734,杏輝,20,0,20,群益金鼎-敦南,2024-09-05,9101
2885,元大金,20,0,20,群益金鼎-敦南,2024-09-05,9101
6179,亞通,40,20,20,群益金鼎-敦南,2024-09-05,9101
3481,群創,18,0,18,群益金鼎-敦南,2024-09-05,9101
1321,大洋,20,2,18,群益金鼎-敦南,2024-09-05,9101
00687B,國泰20年美債,28,12,16,群益金鼎-敦南,2024-09-05,9101
1101,台泥,17,2,15,群益金鼎-敦南,2024-09-05,9101
2236,百達-KY,16,1,15,群益金鼎-敦南,2024-09-05,9101
00942B,台新美A公司債20+,15,0,15,群益金鼎-敦南,2024-09-05,9101
3037,欣興,21,6,15,群益金鼎-敦南,2024-09-05,9101
3712,永崴投控,14,0,14,群益金鼎-敦南,2024-09-05,9101
00690,兆豐藍籌30,14,0,14,群益金鼎-敦南,2024-09-05,9101
3088,艾訊,13,0,13,群益金鼎-敦南,2024-09-05,9101
00937B,群益ESG投等債20,71,59,12,群益金鼎-敦南,2024-09-05,9101
3498,陽程,14,2,12,群益金鼎-敦南,2024-09-05,9101
3019,亞光,50,38,12,群益金鼎-敦南,2024-09-05,9101
4974,亞泰,14,3,11,群益金鼎-敦南,2024-09-05,9101
00946,群益科技高息成長,14,3,11,群益金鼎-敦南,2024-09-05,9101
3455,由田,10,0,10,群益金鼎-敦南,2024-09-05,9101
2405,輔信,10,0,10,群益金鼎-敦南,2024-09-05,9101
5371,中光電,11,1,10,群益金鼎-敦南,2024-09-05,9101
3709,鑫聯大投控,10,0,10,群益金鼎-敦南,2024-09-05,9101
6248,沛波,10,0,10,群益金鼎-敦南,2024-09-05,9101
00633L,富邦上証正2,10,0,10,群益金鼎-敦南,2024-09-05,9101
00919,群益台灣精選高息,103,2,101,群益金鼎-敦南,2024-09-06,9101
2356,英業達,78,1,77,群益金鼎-敦南,2024-09-06,9101
00945B,凱基美國非投等債,72,0,72,群益金鼎-敦南,2024-09-06,9101
2497,怡利電,73,9,64,群益金鼎-敦南,2024-09-06,9101
2208,台船,60,0,60,群益金鼎-敦南,2024-09-06,9101
00680L,元大美債20正2,59,3,56,群益金鼎-敦南,2024-09-06,9101
1612,宏泰,50,0,50,群益金鼎-敦南,2024-09-06,9101
6405,悅城,88,47,41,群益金鼎-敦南,2024-09-06,9101
00929,復華台灣科技優息,42,2,40,群益金鼎-敦南,2024-09-06,9101
3707,漢磊,30,0,30,群益金鼎-敦南,2024-09-06,9101
0056,元大高股息,30,1,29,群益金鼎-敦南,2024-09-06,9101
2426,鼎元,270,242,28,群益金鼎-敦南,2024-09-06,9101
00915,凱基優選高股息30,27,0,27,群益金鼎-敦南,2024-09-06,9101
4510,高鋒,126,99,27,群益金鼎-敦南,2024-09-06,9101
2402,毅嘉,49,25,24,群益金鼎-敦南,2024-09-06,9101
2002,中鋼,25,2,23,群益金鼎-敦南,2024-09-06,9101
3483,力致,22,1,21,群益金鼎-敦南,2024-09-06,9101
1609,大亞,21,0,21,群益金鼎-敦南,2024-09-06,9101
2317,鴻海,22,4,18,群益金鼎-敦南,2024-09-06,9101
00637L,元大滬深300正2,18,0,18,群益金鼎-敦南,2024-09-06,9101
00720B,元大投資級公司債,21,3,18,群益金鼎-敦南,2024-09-06,9101
5340,建榮,23,6,17,群益金鼎-敦南,2024-09-06,9101
1319,東陽,16,0,16,群益金鼎-敦南,2024-09-06,9101
6271,同欣電,15,0,15,群益金鼎-敦南,2024-09-06,9101
2618,長榮航,21,7,14,群益金鼎-敦南,2024-09-06,9101
2883,凱基金,20,8,12,群益金鼎-敦南,2024-09-06,9101
00918,大華優利高填息30,12,0,12,群益金鼎-敦南,2024-09-06,9101
3149,正達,18,6,12,群益金鼎-敦南,2024-09-06,9101
2610,華航,12,0,12,群益金鼎-敦南,2024-09-06,9101
1735,日勝化,12,0,12,群益金鼎-敦南,2024-09-06,9101
6743,安普新,12,1,11,群益金鼎-敦南,2024-09-06,9101
00633L,富邦上証正2,10,0,10,群益金鼎-敦南,2024-09-06,9101
2353,宏��,14,4,10,群益金鼎-敦南,2024-09-06,9101
00664R,國泰臺灣加權反1,10,0,10,群益金鼎-敦南,2024-09-06,9101
1815,富喬,525,515,10,群益金鼎-敦南,2024-09-06,9101
6530,創威,11,2,9,群益金鼎-敦南,2024-09-06,9101
2881,富邦金,10,1,9,群益金鼎-敦南,2024-09-06,9101
2464,盟立,37,29,8,群益金鼎-敦南,2024-09-06,9101
8027,鈦昇,8,0,8,群益金鼎-敦南,2024-09-06,9101
00708L,期元大S＆P黃金正2,8,0,8,群益金鼎-敦南,2024-09-06,9101
3673,TPK-KY,8,0,8,群益金鼎-敦南,2024-09-06,9101
1303,南亞,10,2,8,群益金鼎-敦南,2024-09-06,9101
3037,欣興,10,3,7,群益金鼎-敦南,2024-09-06,9101
8011,台通,7,0,7,群益金鼎-敦南,2024-09-06,9101
6163,華電網,7,0,7,群益金鼎-敦南,2024-09-06,9101
2838A,聯邦銀甲特,7,0,7,群益金鼎-敦南,2024-09-06,9101
1522,堤維西,8,1,7,群益金鼎-敦南,2024-09-06,9101
5443,均豪,34,27,7,群益金鼎-敦南,2024-09-06,9101
2330,台積電,21,14,7,群益金鼎-敦南,2024-09-06,9101
00946,群益科技高息成長,12,5,7,群益金鼎-敦南,2024-09-06,9101
2891,中信金,255,1,254,群益金鼎-敦南,2024-09-09,9101
00878,國泰永續高股息,188,5,183,群益金鼎-敦南,2024-09-09,9101
00919,群益台灣精選高息,108,1,107,群益金鼎-敦南,2024-09-09,9101
3450,聯鈞,92,3,89,群益金鼎-敦南,2024-09-09,9101
2356,英業達,76,2,74,群益金鼎-敦南,2024-09-09,9101
2497,怡利電,507,443,64,群益金鼎-敦南,2024-09-09,9101
00687B,國泰20年美債,79,21,58,群益金鼎-敦南,2024-09-09,9101
3707,漢磊,57,1,56,群益金鼎-敦南,2024-09-09,9101
4128,中天,55,3,52,群益金鼎-敦南,2024-09-09,9101
00929,復華台灣科技優息,59,12,47,群益金鼎-敦南,2024-09-09,9101
00934,中信成長高股息,47,0,47,群益金鼎-敦南,2024-09-09,9101
0056,元大高股息,47,0,47,群益金鼎-敦南,2024-09-09,9101
8249,菱光,100,66,34,群益金鼎-敦南,2024-09-09,9101
00637L,元大滬深300正2,40,9,31,群益金鼎-敦南,2024-09-09,9101
00927,群益半導體收益,29,0,29,群益金鼎-敦南,2024-09-09,9101
2201,裕隆,29,0,29,群益金鼎-敦南,2024-09-09,9101
3081,聯亞,33,7,26,群益金鼎-敦南,2024-09-09,9101
00688L,國泰20年美債正2,23,0,23,群益金鼎-敦南,2024-09-09,9101
2365,昆盈,31,8,23,群益金鼎-敦南,2024-09-09,9101
2317,鴻海,36,13,23,群益金鼎-敦南,2024-09-09,9101
5481,新華,20,0,20,群益金鼎-敦南,2024-09-09,9101
5009,榮剛,20,0,20,群益金鼎-敦南,2024-09-09,9101
2542,興富發,32,13,19,群益金鼎-敦南,2024-09-09,9101
4123,晟德,18,0,18,群益金鼎-敦南,2024-09-09,9101
2382,廣達,21,3,18,群益金鼎-敦南,2024-09-09,9101
6530,創威,102,85,17,群益金鼎-敦南,2024-09-09,9101
0050,元大台灣50,27,10,17,群益金鼎-敦南,2024-09-09,9101
00713,元大台灣高息低波,17,1,16,群益金鼎-敦南,2024-09-09,9101
00690,兆豐藍籌30,16,0,16,群益金鼎-敦南,2024-09-09,9101
3715,定穎投控,20,5,15,群益金鼎-敦南,2024-09-09,9101
2885,元大金,16,1,15,群益金鼎-敦南,2024-09-09,9101
6838,台新藥,15,0,15,群益金鼎-敦南,2024-09-09,9101
8076,伍豐,26,12,14,群益金鼎-敦南,2024-09-09,9101
2883,凱基金,14,1,13,群益金鼎-敦南,2024-09-09,9101
00936,台新永續高息中小,13,0,13,群益金鼎-敦南,2024-09-09,9101
00918,大華優利高填息30,13,0,13,群益金鼎-敦南,2024-09-09,9101
2353,宏��,14,1,13,群益金鼎-敦南,2024-09-09,9101
3481,群創,26,13,13,群益金鼎-敦南,2024-09-09,9101
2330,台積電,35,22,13,群益金鼎-敦南,2024-09-09,9101
00675L,富邦臺灣加權正2,33,21,12,群益金鼎-敦南,2024-09-09,9101
00915,凱基優選高股息30,14,2,12,群益金鼎-敦南,2024-09-09,9101
00680L,元大美債20正2,16,4,12,群益金鼎-敦南,2024-09-09,9101
1447,力鵬,12,0,12,群益金鼎-敦南,2024-09-09,9101
2838A,聯邦銀甲特,12,0,12,群益金鼎-敦南,2024-09-09,9101
4743,合一,12,0,12,群益金鼎-敦南,2024-09-09,9101
2881,富邦金,11,0,11,群益金鼎-敦南,2024-09-09,9101
00939,統一台灣高息動能,15,4,11,群益金鼎-敦南,2024-09-09,9101
00941,中信上游半導體,11,0,11,群益金鼎-敦南,2024-09-09,9101
3230,錦明,31,20,11,群益金鼎-敦南,2024-09-09,9101
1101,台泥,12,1,11,群益金鼎-敦南,2024-09-09,9101
00919,群益台灣精選高息,572,1,571,群益金鼎-敦南,2024-09-10,9101
00929,復華台灣科技優息,568,2,566,群益金鼎-敦南,2024-09-10,9101
00878,國泰永續高股息,524,1,523,群益金鼎-敦南,2024-09-10,9101
00945B,凱基美國非投等債,175,0,175,群益金鼎-敦南,2024-09-10,9101
2360,致茂,124,1,123,群益金鼎-敦南,2024-09-10,9101
8088,品安,84,1,83,群益金鼎-敦南,2024-09-10,9101
6761,穩得,72,1,71,群益金鼎-敦南,2024-09-10,9101
2382,廣達,68,2,66,群益金鼎-敦南,2024-09-10,9101
2618,長榮航,68,4,64,群益金鼎-敦南,2024-09-10,9101
00940,元大台灣價值高息,65,15,50,群益金鼎-敦南,2024-09-10,9101
00934,中信成長高股息,48,0,48,群益金鼎-敦南,2024-09-10,9101
00918,大華優利高填息30,47,0,47,群益金鼎-敦南,2024-09-10,9101
6191,精成科,46,0,46,群益金鼎-敦南,2024-09-10,9101
0056,元大高股息,40,0,40,群益金鼎-敦南,2024-09-10,9101
1609,大亞,38,1,37,群益金鼎-敦南,2024-09-10,9101
3081,聯亞,37,2,35,群益金鼎-敦南,2024-09-10,9101
3062,建漢,51,21,30,群益金鼎-敦南,2024-09-10,9101
2340,台亞,30,0,30,群益金鼎-敦南,2024-09-10,9101
00687B,國泰20年美債,66,36,30,群益金鼎-敦南,2024-09-10,9101
6742,澤米,53,24,29,群益金鼎-敦南,2024-09-10,9101
3673,TPK-KY,42,13,29,群益金鼎-敦南,2024-09-10,9101
2498,宏達電,28,0,28,群益金鼎-敦南,2024-09-10,9101
2363,矽統,33,7,26,群益金鼎-敦南,2024-09-10,9101
2331,精英,75,50,25,群益金鼎-敦南,2024-09-10,9101
00631L,元大台灣50正2,25,1,24,群益金鼎-敦南,2024-09-10,9101
2356,英業達,25,2,23,群益金鼎-敦南,2024-09-10,9101
3031,佰鴻,22,0,22,群益金鼎-敦南,2024-09-10,9101
6727,亞泰金屬,21,0,21,群益金鼎-敦南,2024-09-10,9101
00715L,期街口布蘭特正2,20,0,20,群益金鼎-敦南,2024-09-10,9101
6517,保勝光學,26,8,18,群益金鼎-敦南,2024-09-10,9101
2891,中信金,19,2,17,群益金鼎-敦南,2024-09-10,9101
1339,昭輝,67,50,17,群益金鼎-敦南,2024-09-10,9101
00720B,元大投資級公司債,19,3,16,群益金鼎-敦南,2024-09-10,9101
00688L,國泰20年美債正2,16,0,16,群益金鼎-敦南,2024-09-10,9101
2481,強茂,15,0,15,群益金鼎-敦南,2024-09-10,9101
00915,凱基優選高股息30,14,0,14,群益金鼎-敦南,2024-09-10,9101
2376,技嘉,27,14,13,群益金鼎-敦南,2024-09-10,9101
2609,陽明,16,3,13,群益金鼎-敦南,2024-09-10,9101
00946,群益科技高息成長,13,0,13,群益金鼎-敦南,2024-09-10,9101
3645,達邁,17,6,11,群益金鼎-敦南,2024-09-10,9101
1301,台塑,11,0,11,群益金鼎-敦南,2024-09-10,9101
2492,華新科,11,0,11,群益金鼎-敦南,2024-09-10,9101
00937B,群益ESG投等債20,58,48,10,群益金鼎-敦南,2024-09-10,9101
1786,科妍,11,1,10,群益金鼎-敦南,2024-09-10,9101
00935,野村臺灣新科技50,10,0,10,群益金鼎-敦南,2024-09-10,9101
8996,高力,33,23,10,群益金鼎-敦南,2024-09-10,9101
00941,中信上游半導體,10,0,10,群益金鼎-敦南,2024-09-10,9101
2453,凌群,10,0,10,群益金鼎-敦南,2024-09-10,9101
2301,光寶科,10,0,10,群益金鼎-敦南,2024-09-10,9101
4123,晟德,10,0,10,群益金鼎-敦南,2024-09-10,9101
00919,群益台灣精選高息,231,0,231,群益金鼎-敦南,2024-09-11,9101
00948B,中信優息投資級債,212,0,212,群益金鼎-敦南,2024-09-11,9101
00957B,兆豐US優選投等債,197,60,137,群益金鼎-敦南,2024-09-11,9101
00929,復華台灣科技優息,123,7,116,群益金鼎-敦南,2024-09-11,9101
00915,凱基優選高股息30,97,2,95,群益金鼎-敦南,2024-09-11,9101
00918,大華優利高填息30,95,0,95,群益金鼎-敦南,2024-09-11,9101
00937B,群益ESG投等債20,84,4,80,群益金鼎-敦南,2024-09-11,9101
00680L,元大美債20正2,72,2,70,群益金鼎-敦南,2024-09-11,9101
1711,永光,219,155,64,群益金鼎-敦南,2024-09-11,9101
00715L,期街口布蘭特正2,53,0,53,群益金鼎-敦南,2024-09-11,9101
3230,錦明,71,23,48,群益金鼎-敦南,2024-09-11,9101
00713,元大台灣高息低波,36,0,36,群益金鼎-敦南,2024-09-11,9101
00688L,國泰20年美債正2,37,1,36,群益金鼎-敦南,2024-09-11,9101
3209,全科,36,2,34,群益金鼎-敦南,2024-09-11,9101
6216,居易,32,0,32,群益金鼎-敦南,2024-09-11,9101
00687B,國泰20年美債,82,50,32,群益金鼎-敦南,2024-09-11,9101
4557,永新-KY,30,0,30,群益金鼎-敦南,2024-09-11,9101
1464,得力,30,0,30,群益金鼎-敦南,2024-09-11,9101
00878,國泰永續高股息,37,10,27,群益金鼎-敦南,2024-09-11,9101
00665L,富邦�琤肭磪囓�2,26,0,26,群益金鼎-敦南,2024-09-11,9101
3081,聯亞,29,4,25,群益金鼎-敦南,2024-09-11,9101
1201,味全,23,0,23,群益金鼎-敦南,2024-09-11,9101
3231,緯創,30,9,21,群益金鼎-敦南,2024-09-11,9101
2481,強茂,20,0,20,群益金鼎-敦南,2024-09-11,9101
00931B,統一美債20年,27,7,20,群益金鼎-敦南,2024-09-11,9101
2891,中信金,80,61,19,群益金鼎-敦南,2024-09-11,9101
4536,拓凱,20,1,19,群益金鼎-敦南,2024-09-11,9101
2903,遠百,18,0,18,群益金鼎-敦南,2024-09-11,9101
8147,正淩,18,0,18,群益金鼎-敦南,2024-09-11,9101
2382,廣達,16,0,16,群益金鼎-敦南,2024-09-11,9101
6830,汎銓,22,7,15,群益金鼎-敦南,2024-09-11,9101
00940,元大台灣價值高息,23,8,15,群益金鼎-敦南,2024-09-11,9101
2317,鴻海,22,7,15,群益金鼎-敦南,2024-09-11,9101
1307,三芳,14,0,14,群益金鼎-敦南,2024-09-11,9101
3033,威健,14,0,14,群益金鼎-敦南,2024-09-11,9101
5876,上海商銀,14,0,14,群益金鼎-敦南,2024-09-11,9101
9105,泰金寶-DR,15,1,14,群益金鼎-敦南,2024-09-11,9101
3021,鴻名,20,6,14,群益金鼎-敦南,2024-09-11,9101
2883,凱基金,19,6,13,群益金鼎-敦南,2024-09-11,9101
3062,建漢,34,22,12,群益金鼎-敦南,2024-09-11,9101
2356,英業達,12,0,12,群益金鼎-敦南,2024-09-11,9101
5356,協益,11,0,11,群益金鼎-敦南,2024-09-11,9101
1473,台南,11,0,11,群益金鼎-敦南,2024-09-11,9101
3712,永崴投控,11,0,11,群益金鼎-敦南,2024-09-11,9101
4807,日成-KY,11,0,11,群益金鼎-敦南,2024-09-11,9101
5538,東明-KY,13,2,11,群益金鼎-敦南,2024-09-11,9101
4966,譜瑞-KY,10,0,10,群益金鼎-敦南,2024-09-11,9101
2613,中櫃,10,0,10,群益金鼎-敦南,2024-09-11,9101
4401,東隆興,10,0,10,群益金鼎-敦南,2024-09-11,9101
6156,松上,13,3,10,群益金鼎-敦南,2024-09-11,9101
00937B,群益ESG投等債20,539,5,534,群益金鼎-敦南,2024-09-12,9101
3706,神達,148,26,122,群益金鼎-敦南,2024-09-12,9101
00919,群益台灣精選高息,132,17,115,群益金鼎-敦南,2024-09-12,9101
00687B,國泰20年美債,185,81,104,群益金鼎-敦南,2024-09-12,9101
00878,國泰永續高股息,67,3,64,群益金鼎-敦南,2024-09-12,9101
00680L,元大美債20正2,115,58,57,群益金鼎-敦南,2024-09-12,9101
00927,群益半導體收益,55,0,55,群益金鼎-敦南,2024-09-12,9101
2376,技嘉,55,1,54,群益金鼎-敦南,2024-09-12,9101
00637L,元大滬深300正2,35,0,35,群益金鼎-敦南,2024-09-12,9101
4979,華星光,72,40,32,群益金鼎-敦南,2024-09-12,9101
00632R,元大台灣50反1,35,5,30,群益金鼎-敦南,2024-09-12,9101
6114,久威,30,0,30,群益金鼎-敦南,2024-09-12,9101
1582,信錦,29,0,29,群益金鼎-敦南,2024-09-12,9101
2497,怡利電,93,64,29,群益金鼎-敦南,2024-09-12,9101
00948B,中信優息投資級債,37,10,27,群益金鼎-敦南,2024-09-12,9101
00915,凱基優選高股息30,28,2,26,群益金鼎-敦南,2024-09-12,9101
00795B,中信美國公債20年,26,0,26,群益金鼎-敦南,2024-09-12,9101
00688L,國泰20年美債正2,21,0,21,群益金鼎-敦南,2024-09-12,9101
1735,日勝化,20,0,20,群益金鼎-敦南,2024-09-12,9101
2399,映泰,379,359,20,群益金鼎-敦南,2024-09-12,9101
8064,東捷,20,1,19,群益金鼎-敦南,2024-09-12,9101
00952,凱基台灣AI50,50,32,18,群益金鼎-敦南,2024-09-12,9101
3025,星通,17,0,17,群益金鼎-敦南,2024-09-12,9101
3015,全漢,29,14,15,群益金鼎-敦南,2024-09-12,9101
8027,鈦昇,55,40,15,群益金鼎-敦南,2024-09-12,9101
00918,大華優利高填息30,13,0,13,群益金鼎-敦南,2024-09-12,9101
00715L,期街口布蘭特正2,13,0,13,群益金鼎-敦南,2024-09-12,9101
3481,群創,13,1,12,群益金鼎-敦南,2024-09-12,9101
2615,萬海,36,24,12,群益金鼎-敦南,2024-09-12,9101
3227,原相,18,6,12,群益金鼎-敦南,2024-09-12,9101
8070,長華*,11,0,11,群益金鼎-敦南,2024-09-12,9101
8390,金益鼎,11,0,11,群益金鼎-敦南,2024-09-12,9101
2105,正新,11,1,10,群益金鼎-敦南,2024-09-12,9101
2514,龍邦,10,0,10,群益金鼎-敦南,2024-09-12,9101
4561,健椿,19,9,10,群益金鼎-敦南,2024-09-12,9101
5443,均豪,62,52,10,群益金鼎-敦南,2024-09-12,9101
00679B,元大美債20年,21,11,10,群益金鼎-敦南,2024-09-12,9101
00941,中信上游半導體,9,0,9,群益金鼎-敦南,2024-09-12,9101
3303,岱稜,43,34,9,群益金鼎-敦南,2024-09-12,9101
6270,倍微,9,0,9,群益金鼎-敦南,2024-09-12,9101
1321,大洋,19,10,9,群益金鼎-敦南,2024-09-12,9101
2313,華通,20,11,9,群益金鼎-敦南,2024-09-12,9101
2903,遠百,8,0,8,群益金鼎-敦南,2024-09-12,9101
4161,聿新科,7,0,7,群益金鼎-敦南,2024-09-12,9101
2329,華泰,13,6,7,群益金鼎-敦南,2024-09-12,9101
3230,錦明,15,8,7,群益金鼎-敦南,2024-09-12,9101
2467,志聖,9,2,7,群益金鼎-敦南,2024-09-12,9101
5460,同協,22,15,7,群益金鼎-敦南,2024-09-12,9101
2887,台新金,110,103,7,群益金鼎-敦南,2024-09-12,9101
4123,晟德,7,0,7,群益金鼎-敦南,2024-09-12,9101
00957B,兆豐US優選投等債,938,205,733,群益金鼎-敦南,2024-09-13,9101
00687B,國泰20年美債,303,23,280,群益金鼎-敦南,2024-09-13,9101
00948B,中信優息投資級債,167,3,164,群益金鼎-敦南,2024-09-13,9101
2317,鴻海,175,40,135,群益金鼎-敦南,2024-09-13,9101
00937B,群益ESG投等債20,145,19,126,群益金鼎-敦南,2024-09-13,9101
2399,映泰,352,226,126,群益金鼎-敦南,2024-09-13,9101
1301,台塑,104,2,102,群益金鼎-敦南,2024-09-13,9101
00919,群益台灣精選高息,91,3,88,群益金鼎-敦南,2024-09-13,9101
4729,熒茂,85,2,83,群益金鼎-敦南,2024-09-13,9101
00680L,元大美債20正2,78,7,71,群益金鼎-敦南,2024-09-13,9101
3062,建漢,97,44,53,群益金鼎-敦南,2024-09-13,9101
3050,鈺德,59,15,44,群益金鼎-敦南,2024-09-13,9101
00715L,期街口布蘭特正2,40,0,40,群益金鼎-敦南,2024-09-13,9101
00918,大華優利高填息30,36,0,36,群益金鼎-敦南,2024-09-13,9101
2360,致茂,48,14,34,群益金鼎-敦南,2024-09-13,9101
00679B,元大美債20年,33,11,22,群益金鼎-敦南,2024-09-13,9101
00673R,期元大S＆P原油反1,22,0,22,群益金鼎-敦南,2024-09-13,9101
3025,星通,20,0,20,群益金鼎-敦南,2024-09-13,9101
3014,聯陽,20,0,20,群益金鼎-敦南,2024-09-13,9101
00712,復華富時不動產,20,0,20,群益金鼎-敦南,2024-09-13,9101
3033,威健,20,1,19,群益金鼎-敦南,2024-09-13,9101
3380,明泰,31,12,19,群益金鼎-敦南,2024-09-13,9101
00795B,中信美國公債20年,18,0,18,群益金鼎-敦南,2024-09-13,9101
3360,尚立,29,12,17,群益金鼎-敦南,2024-09-13,9101
00713,元大台灣高息低波,17,0,17,群益金鼎-敦南,2024-09-13,9101
00915,凱基優選高股息30,17,0,17,群益金鼎-敦南,2024-09-13,9101
00929,復華台灣科技優息,34,18,16,群益金鼎-敦南,2024-09-13,9101
2431,聯昌,15,0,15,群益金鼎-敦南,2024-09-13,9101
1524,耿鼎,35,20,15,群益金鼎-敦南,2024-09-13,9101
6603,富強鑫,12,0,12,群益金鼎-敦南,2024-09-13,9101
2498,宏達電,35,24,11,群益金鼎-敦南,2024-09-13,9101
3605,宏致,16,5,11,群益金鼎-敦南,2024-09-13,9101
00688L,國泰20年美債正2,13,2,11,群益金鼎-敦南,2024-09-13,9101
2467,志聖,10,0,10,群益金鼎-敦南,2024-09-13,9101
3051,力特,10,0,10,群益金鼎-敦南,2024-09-13,9101
6727,亞泰金屬,13,3,10,群益金鼎-敦南,2024-09-13,9101
2615,萬海,16,6,10,群益金鼎-敦南,2024-09-13,9101
00719B,元大美債1-3,9,0,9,群益金鼎-敦南,2024-09-13,9101
4563,百德,31,22,9,群益金鼎-敦南,2024-09-13,9101
2303,聯電,9,1,8,群益金鼎-敦南,2024-09-13,9101
4763,材料-KY,10,2,8,群益金鼎-敦南,2024-09-13,9101
3339,泰谷,8,0,8,群益金鼎-敦南,2024-09-13,9101
8076,伍豐,12,4,8,群益金鼎-敦南,2024-09-13,9101
2374,佳能,8,1,7,群益金鼎-敦南,2024-09-13,9101
1540,喬福,216,209,7,群益金鼎-敦南,2024-09-13,9101
6177,達麗,7,0,7,群益金鼎-敦南,2024-09-13,9101
2891,中信金,11,5,6,群益金鼎-敦南,2024-09-13,9101
1721,三晃,6,0,6,群益金鼎-敦南,2024-09-13,9101
00933B,國泰10Y+金融債,16,10,6,群益金鼎-敦南,2024-09-13,9101
00931B,統一美債20年,6,0,6,群益金鼎-敦南,2024-09-13,9101
00687B,國泰20年美債,270,2,268,群益金鼎-敦南,2024-09-16,9101
1710,東聯,725,465,260,群益金鼎-敦南,2024-09-16,9101
00929,復華台灣科技優息,199,6,193,群益金鼎-敦南,2024-09-16,9101
00795B,中信美國公債20年,156,7,149,群益金鼎-敦南,2024-09-16,9101
00918,大華優利高填息30,128,0,128,群益金鼎-敦南,2024-09-16,9101
00948B,中信優息投資級債,81,0,81,群益金鼎-敦南,2024-09-16,9101
00919,群益台灣精選高息,85,10,75,群益金鼎-敦南,2024-09-16,9101
00713,元大台灣高息低波,72,0,72,群益金鼎-敦南,2024-09-16,9101
00915,凱基優選高股息30,68,0,68,群益金鼎-敦南,2024-09-16,9101
00878,國泰永續高股息,61,0,61,群益金鼎-敦南,2024-09-16,9101
00945B,凱基美國非投等債,57,0,57,群益金鼎-敦南,2024-09-16,9101
8088,品安,58,5,53,群益金鼎-敦南,2024-09-16,9101
8110,華東,50,3,47,群益金鼎-敦南,2024-09-16,9101
2351,順德,39,0,39,群益金鼎-敦南,2024-09-16,9101
00679B,元大美債20年,40,4,36,群益金鼎-敦南,2024-09-16,9101
1321,大洋,41,12,29,群益金鼎-敦南,2024-09-16,9101
2360,致茂,32,5,27,群益金鼎-敦南,2024-09-16,9101
2405,輔信,25,0,25,群益金鼎-敦南,2024-09-16,9101
1307,三芳,25,1,24,群益金鼎-敦南,2024-09-16,9101
2885,元大金,20,0,20,群益金鼎-敦南,2024-09-16,9101
6829,千附精密,21,1,20,群益金鼎-敦南,2024-09-16,9101
00952,凱基台灣AI50,30,11,19,群益金鼎-敦南,2024-09-16,9101
1717,長興,25,7,18,群益金鼎-敦南,2024-09-16,9101
2891,中信金,21,4,17,群益金鼎-敦南,2024-09-16,9101
2883,凱基金,18,1,17,群益金鼎-敦南,2024-09-16,9101
1711,永光,57,41,16,群益金鼎-敦南,2024-09-16,9101
00751B,元大AAA至A公司債,15,0,15,群益金鼎-敦南,2024-09-16,9101
4109,加捷生醫,15,0,15,群益金鼎-敦南,2024-09-16,9101
00688L,國泰20年美債正2,15,0,15,群益金鼎-敦南,2024-09-16,9101
00632R,元大台灣50反1,15,2,13,群益金鼎-敦南,2024-09-16,9101
1785,光洋科,128,115,13,群益金鼎-敦南,2024-09-16,9101
00712,復華富時不動產,12,0,12,群益金鼎-敦南,2024-09-16,9101
2382,廣達,13,1,12,群益金鼎-敦南,2024-09-16,9101
1721,三晃,215,203,12,群益金鼎-敦南,2024-09-16,9101
00933B,國泰10Y+金融債,31,20,11,群益金鼎-敦南,2024-09-16,9101
2313,華通,13,2,11,群益金鼎-敦南,2024-09-16,9101
2739,寒舍,11,0,11,群益金鼎-敦南,2024-09-16,9101
2356,英業達,13,2,11,群益金鼎-敦南,2024-09-16,9101
2834,臺企銀,11,1,10,群益金鼎-敦南,2024-09-16,9101
00772B,中信高評級公司債,10,0,10,群益金鼎-敦南,2024-09-16,9101
6613,朋億*,10,0,10,群益金鼎-敦南,2024-09-16,9101
3002,歐格,10,0,10,群益金鼎-敦南,2024-09-16,9101
8028,昇陽半導體,23,13,10,群益金鼎-敦南,2024-09-16,9101
6770,力積電,10,0,10,群益金鼎-敦南,2024-09-16,9101
2609,陽明,9,0,9,群益金鼎-敦南,2024-09-16,9101
3607,谷崧,46,37,9,群益金鼎-敦南,2024-09-16,9101
8039,台虹,14,5,9,群益金鼎-敦南,2024-09-16,9101
2062,橋椿,17,8,9,群益金鼎-敦南,2024-09-16,9101
8111,立��,9,0,9,群益金鼎-敦南,2024-09-16,9101
00637L,元大滬深300正2,18,10,8,群益金鼎-敦南,2024-09-16,9101
2891,中信金,580,123,457,群益金鼎-敦南,2024-09-18,9101
00919,群益台灣精選高息,390,1,389,群益金鼎-敦南,2024-09-18,9101
00688L,國泰20年美債正2,156,0,156,群益金鼎-敦南,2024-09-18,9101
1336,台翰,153,43,110,群益金鼎-敦南,2024-09-18,9101
00929,復華台灣科技優息,109,0,109,群益金鼎-敦南,2024-09-18,9101
1785,光洋科,262,158,104,群益金鼎-敦南,2024-09-18,9101
2888,新光金,320,254,66,群益金鼎-敦南,2024-09-18,9101
2349,錸德,112,49,63,群益金鼎-敦南,2024-09-18,9101
00764B,群益25年美債,57,0,57,群益金鼎-敦南,2024-09-18,9101
2313,華通,44,3,41,群益金鼎-敦南,2024-09-18,9101
00878,國泰永續高股息,41,0,41,群益金鼎-敦南,2024-09-18,9101
00945B,凱基美國非投等債,40,0,40,群益金鼎-敦南,2024-09-18,9101
4939,亞電,45,5,40,群益金鼎-敦南,2024-09-18,9101
00679B,元大美債20年,40,0,40,群益金鼎-敦南,2024-09-18,9101
8039,台虹,41,3,38,群益金鼎-敦南,2024-09-18,9101
00713,元大台灣高息低波,38,2,36,群益金鼎-敦南,2024-09-18,9101
2317,鴻海,37,2,35,群益金鼎-敦南,2024-09-18,9101
6517,保勝光學,244,211,33,群益金鼎-敦南,2024-09-18,9101
8088,品安,31,0,31,群益金鼎-敦南,2024-09-18,9101
1711,永光,91,60,31,群益金鼎-敦南,2024-09-18,9101
3227,原相,36,8,28,群益金鼎-敦南,2024-09-18,9101
3715,定穎投控,32,4,28,群益金鼎-敦南,2024-09-18,9101
2887,台新金,29,2,27,群益金鼎-敦南,2024-09-18,9101
00915,凱基優選高股息30,26,1,25,群益金鼎-敦南,2024-09-18,9101
00637L,元大滬深300正2,58,33,25,群益金鼎-敦南,2024-09-18,9101
2449,京元電子,23,0,23,群益金鼎-敦南,2024-09-18,9101
1536,和大,23,0,23,群益金鼎-敦南,2024-09-18,9101
3550,聯穎,111,89,22,群益金鼎-敦南,2024-09-18,9101
00918,大華優利高填息30,23,1,22,群益金鼎-敦南,2024-09-18,9101
00958B,永豐ESG銀行債15,21,0,21,群益金鼎-敦南,2024-09-18,9101
00933B,國泰10Y+金融債,20,0,20,群益金鼎-敦南,2024-09-18,9101
2913,農林,20,0,20,群益金鼎-敦南,2024-09-18,9101
5225,東科-KY,20,0,20,群益金鼎-敦南,2024-09-18,9101
00946,群益科技高息成長,19,1,18,群益金鼎-敦南,2024-09-18,9101
8249,菱光,25,7,18,群益金鼎-敦南,2024-09-18,9101
1905,華紙,20,2,18,群益金鼎-敦南,2024-09-18,9101
8032,光菱,29,13,16,群益金鼎-敦南,2024-09-18,9101
3339,泰谷,15,0,15,群益金鼎-敦南,2024-09-18,9101
8074,鉅橡,15,1,14,群益金鼎-敦南,2024-09-18,9101
00680L,元大美債20正2,13,0,13,群益金鼎-敦南,2024-09-18,9101
8043,蜜望實,12,0,12,群益金鼎-敦南,2024-09-18,9101
1301,台塑,26,15,11,群益金鼎-敦南,2024-09-18,9101
3581,博磊,28,17,11,群益金鼎-敦南,2024-09-18,9101
00895,富邦未來車,11,0,11,群益金鼎-敦南,2024-09-18,9101
6116,彩晶,11,0,11,群益金鼎-敦南,2024-09-18,9101
6609,瀧澤科,90,80,10,群益金鼎-敦南,2024-09-18,9101
3147,大綜,11,1,10,群益金鼎-敦南,2024-09-18,9101
2834,臺企銀,10,0,10,群益金鼎-敦南,2024-09-18,9101
00957B,兆豐US優選投等債,133,123,10,群益金鼎-敦南,2024-09-18,9101
3011,今皓,10,0,10,群益金鼎-敦南,2024-09-18,9101
2891,中信金,258,62,196,群益金鼎-敦南,2024-09-19,9101
00632R,元大台灣50反1,250,110,140,群益金鼎-敦南,2024-09-19,9101
00919,群益台灣精選高息,140,4,136,群益金鼎-敦南,2024-09-19,9101
00929,復華台灣科技優息,127,6,121,群益金鼎-敦南,2024-09-19,9101
00637L,元大滬深300正2,120,0,120,群益金鼎-敦南,2024-09-19,9101
00680L,元大美債20正2,312,230,82,群益金鼎-敦南,2024-09-19,9101
1710,東聯,72,2,70,群益金鼎-敦南,2024-09-19,9101
00687B,國泰20年美債,99,34,65,群益金鼎-敦南,2024-09-19,9101
00937B,群益ESG投等債20,66,5,61,群益金鼎-敦南,2024-09-19,9101
2405,輔信,46,0,46,群益金鼎-敦南,2024-09-19,9101
4714,永捷,48,3,45,群益金鼎-敦南,2024-09-19,9101
2388,威盛,51,8,43,群益金鼎-敦南,2024-09-19,9101
1776,展宇,70,30,40,群益金鼎-敦南,2024-09-19,9101
1721,三晃,56,16,40,群益金鼎-敦南,2024-09-19,9101
00918,大華優利高填息30,41,2,39,群益金鼎-敦南,2024-09-19,9101
00948B,中信優息投資級債,40,3,37,群益金鼎-敦南,2024-09-19,9101
3363,上詮,39,6,33,群益金鼎-敦南,2024-09-19,9101
8074,鉅橡,31,0,31,群益金鼎-敦南,2024-09-19,9101
00650L,復華香港正2,30,0,30,群益金鼎-敦南,2024-09-19,9101
00943,兆豐電子高息等權,30,0,30,群益金鼎-敦南,2024-09-19,9101
00952,凱基台灣AI50,40,10,30,群益金鼎-敦南,2024-09-19,9101
1336,台翰,38,9,29,群益金鼎-敦南,2024-09-19,9101
4974,亞泰,30,2,28,群益金鼎-敦南,2024-09-19,9101
3081,聯亞,29,2,27,群益金鼎-敦南,2024-09-19,9101
4979,華星光,51,24,27,群益金鼎-敦南,2024-09-19,9101
00915,凱基優選高股息30,27,0,27,群益金鼎-敦南,2024-09-19,9101
2349,錸德,33,7,26,群益金鼎-敦南,2024-09-19,9101
6589,台康生技,26,0,26,群益金鼎-敦南,2024-09-19,9101
6288,聯嘉,43,17,26,群益金鼎-敦南,2024-09-19,9101
2062,橋椿,29,3,26,群益金鼎-敦南,2024-09-19,9101
8070,長華*,30,8,22,群益金鼎-敦南,2024-09-19,9101
8032,光菱,21,0,21,群益金鼎-敦南,2024-09-19,9101
00795B,中信美國公債20年,21,0,21,群益金鼎-敦南,2024-09-19,9101
5340,建榮,24,4,20,群益金鼎-敦南,2024-09-19,9101
4903,聯光通,49,29,20,群益金鼎-敦南,2024-09-19,9101
00933B,國泰10Y+金融債,20,1,19,群益金鼎-敦南,2024-09-19,9101
00857B,永豐20年美公債,17,0,17,群益金鼎-敦南,2024-09-19,9101
00931B,統一美債20年,17,1,16,群益金鼎-敦南,2024-09-19,9101
4729,熒茂,18,2,16,群益金鼎-敦南,2024-09-19,9101
4526,東台,19,4,15,群益金鼎-敦南,2024-09-19,9101
1321,大洋,18,3,15,群益金鼎-敦南,2024-09-19,9101
2613,中櫃,15,0,15,群益金鼎-敦南,2024-09-19,9101
3686,達能,14,0,14,群益金鼎-敦南,2024-09-19,9101
00751B,元大AAA至A公司債,13,0,13,群益金鼎-敦南,2024-09-19,9101
00633L,富邦上証正2,13,0,13,群益金鼎-敦南,2024-09-19,9101
6214,精誠,11,0,11,群益金鼎-敦南,2024-09-19,9101
6416,瑞祺電通,11,0,11,群益金鼎-敦南,2024-09-19,9101
1717,長興,17,6,11,群益金鼎-敦南,2024-09-19,9101
2504,國產,11,0,11,群益金鼎-敦南,2024-09-19,9101
0056,元大高股息,11,1,10,群益金鼎-敦南,2024-09-19,9101
2542,興富發,154,38,116,群益金鼎-敦南,2024-09-20,9101
2349,錸德,80,4,76,群益金鼎-敦南,2024-09-20,9101
3062,建漢,168,115,53,群益金鼎-敦南,2024-09-20,9101
1709,和益,53,3,50,群益金鼎-敦南,2024-09-20,9101
2337,旺宏,50,0,50,群益金鼎-敦南,2024-09-20,9101
00915,凱基優選高股息30,51,2,49,群益金鼎-敦南,2024-09-20,9101
2458,義隆,51,2,49,群益金鼎-敦南,2024-09-20,9101
2356,英業達,48,0,48,群益金鼎-敦南,2024-09-20,9101
8074,鉅橡,47,3,44,群益金鼎-敦南,2024-09-20,9101
8107,大億金茂,44,1,43,群益金鼎-敦南,2024-09-20,9101
2486,一詮,43,3,40,群益金鼎-敦南,2024-09-20,9101
00919,群益台灣精選高息,71,31,40,群益金鼎-敦南,2024-09-20,9101
5443,均豪,62,24,38,群益金鼎-敦南,2024-09-20,9101
00948B,中信優息投資級債,41,4,37,群益金鼎-敦南,2024-09-20,9101
2101,南港,34,1,33,群益金鼎-敦南,2024-09-20,9101
2382,廣達,35,2,33,群益金鼎-敦南,2024-09-20,9101
2809,京城銀,30,0,30,群益金鼎-敦南,2024-09-20,9101
1711,永光,106,76,30,群益金鼎-敦南,2024-09-20,9101
00930,永豐ESG低碳高息,30,0,30,群益金鼎-敦南,2024-09-20,9101
00929,復華台灣科技優息,40,11,29,群益金鼎-敦南,2024-09-20,9101
3543,州巧,25,0,25,群益金鼎-敦南,2024-09-20,9101
1609,大亞,22,0,22,群益金鼎-敦南,2024-09-20,9101
2425,承啟,71,50,21,群益金鼎-敦南,2024-09-20,9101
2062,橋椿,50,31,19,群益金鼎-敦南,2024-09-20,9101
5521,工信,20,1,19,群益金鼎-敦南,2024-09-20,9101
9945,潤泰新,19,0,19,群益金鼎-敦南,2024-09-20,9101
3013,晟銘電,35,19,16,群益金鼎-敦南,2024-09-20,9101
2399,映泰,59,43,16,群益金鼎-敦南,2024-09-20,9101
3481,群創,55,40,15,群益金鼎-敦南,2024-09-20,9101
1470,大統新創,15,0,15,群益金鼎-敦南,2024-09-20,9101
00921,兆豐龍頭等權重,15,0,15,群益金鼎-敦南,2024-09-20,9101
2889,國票金,14,0,14,群益金鼎-敦南,2024-09-20,9101
4513,福裕,33,19,14,群益金鼎-敦南,2024-09-20,9101
00680L,元大美債20正2,20,8,12,群益金鼎-敦南,2024-09-20,9101
1727,中華化,16,4,12,群益金鼎-敦南,2024-09-20,9101
4510,高鋒,17,5,12,群益金鼎-敦南,2024-09-20,9101
2464,盟立,394,382,12,群益金鼎-敦南,2024-09-20,9101
2467,志聖,18,7,11,群益金鼎-敦南,2024-09-20,9101
5243,乙盛-KY,12,1,11,群益金鼎-敦南,2024-09-20,9101
9938,百和,13,2,11,群益金鼎-敦南,2024-09-20,9101
3056,富華新,16,5,11,群益金鼎-敦南,2024-09-20,9101
00933B,國泰10Y+金融債,10,0,10,群益金鼎-敦南,2024-09-20,9101
00918,大華優利高填息30,10,0,10,群益金鼎-敦南,2024-09-20,9101
5371,中光電,10,0,10,群益金鼎-敦南,2024-09-20,9101
6506,雙邦,11,1,10,群益金鼎-敦南,2024-09-20,9101
00943,兆豐電子高息等權,10,0,10,群益金鼎-敦南,2024-09-20,9101
3189,景碩,11,1,10,群益金鼎-敦南,2024-09-20,9101
3432,台端,10,0,10,群益金鼎-敦南,2024-09-20,9101
2340,台亞,10,0,10,群益金鼎-敦南,2024-09-20,9101
3390,旭軟,14,5,9,群益金鼎-敦南,2024-09-20,9101
4716,大立,201,81,120,群益金鼎-敦南,2024-09-23,9101
00637L,元大滬深300正2,120,11,109,群益金鼎-敦南,2024-09-23,9101
00919,群益台灣精選高息,97,15,82,群益金鼎-敦南,2024-09-23,9101
3511,矽瑪,71,1,70,群益金鼎-敦南,2024-09-23,9101
5210,寶碩,55,1,54,群益金鼎-敦南,2024-09-23,9101
00945B,凱基美國非投等債,60,10,50,群益金鼎-敦南,2024-09-23,9101
00687B,國泰20年美債,53,4,49,群益金鼎-敦南,2024-09-23,9101
00937B,群益ESG投等債20,59,15,44,群益金鼎-敦南,2024-09-23,9101
00679B,元大美債20年,63,32,31,群益金鼎-敦南,2024-09-23,9101
00929,復華台灣科技優息,46,15,31,群益金鼎-敦南,2024-09-23,9101
6869,雲豹能源,43,13,30,群益金鼎-敦南,2024-09-23,9101
00712,復華富時不動產,28,0,28,群益金鼎-敦南,2024-09-23,9101
3081,聯亞,32,4,28,群益金鼎-敦南,2024-09-23,9101
2330,台積電,29,1,28,群益金鼎-敦南,2024-09-23,9101
00795B,中信美國公債20年,34,8,26,群益金鼎-敦南,2024-09-23,9101
2201,裕隆,26,0,26,群益金鼎-敦南,2024-09-23,9101
2498,宏達電,26,0,26,群益金鼎-敦南,2024-09-23,9101
00948B,中信優息投資級債,45,20,25,群益金鼎-敦南,2024-09-23,9101
3714,富采,38,15,23,群益金鼎-敦南,2024-09-23,9101
2486,一詮,23,0,23,群益金鼎-敦南,2024-09-23,9101
2913,農林,21,0,21,群益金鼎-敦南,2024-09-23,9101
00936,台新永續高息中小,21,0,21,群益金鼎-敦南,2024-09-23,9101
6425,易發,21,0,21,群益金鼎-敦南,2024-09-23,9101
5236,凌陽創新,20,0,20,群益金鼎-敦南,2024-09-23,9101
00952,凱基台灣AI50,20,0,20,群益金鼎-敦南,2024-09-23,9101
3339,泰谷,20,0,20,群益金鼎-敦南,2024-09-23,9101
2438,翔耀,20,0,20,群益金鼎-敦南,2024-09-23,9101
2903,遠百,20,0,20,群益金鼎-敦南,2024-09-23,9101
2891,中信金,132,114,18,群益金鼎-敦南,2024-09-23,9101
6548,長科*,51,33,18,群益金鼎-敦南,2024-09-23,9101
4563,百德,18,0,18,群益金鼎-敦南,2024-09-23,9101
2363,矽統,18,0,18,群益金鼎-敦南,2024-09-23,9101
8039,台虹,16,0,16,群益金鼎-敦南,2024-09-23,9101
3092,鴻碩,15,0,15,群益金鼎-敦南,2024-09-23,9101
3306,鼎天,17,2,15,群益金鼎-敦南,2024-09-23,9101
2458,義隆,15,1,14,群益金鼎-敦南,2024-09-23,9101
3615,安可,36,23,13,群益金鼎-敦南,2024-09-23,9101
6126,信音,13,0,13,群益金鼎-敦南,2024-09-23,9101
6187,萬潤,13,0,13,群益金鼎-敦南,2024-09-23,9101
6109,亞元,13,0,13,群益金鼎-敦南,2024-09-23,9101
2258,鴻華先進-創,12,0,12,群益金鼎-敦南,2024-09-23,9101
4755,三福化,17,6,11,群益金鼎-敦南,2024-09-23,9101
4909,新復興,13,3,10,群益金鼎-敦南,2024-09-23,9101
3011,今皓,10,0,10,群益金鼎-敦南,2024-09-23,9101
6156,松上,10,0,10,群益金鼎-敦南,2024-09-23,9101
4934,太極,10,0,10,群益金鼎-敦南,2024-09-23,9101
6506,雙邦,10,0,10,群益金鼎-敦南,2024-09-23,9101
5011,久陽,10,0,10,群益金鼎-敦南,2024-09-23,9101
2101,南港,10,0,10,群益金鼎-敦南,2024-09-23,9101
2464,盟立,29,19,10,群益金鼎-敦南,2024-09-23,9101
2891,中信金,561,21,540,群益金鼎-敦南,2024-09-24,9101
00687B,國泰20年美債,292,5,287,群益金鼎-敦南,2024-09-24,9101
00680L,元大美債20正2,302,22,280,群益金鼎-敦南,2024-09-24,9101
2888,新光金,212,17,195,群益金鼎-敦南,2024-09-24,9101
00688L,國泰20年美債正2,109,0,109,群益金鼎-敦南,2024-09-24,9101
3081,聯亞,85,17,68,群益金鼎-敦南,2024-09-24,9101
1336,台翰,76,9,67,群益金鼎-敦南,2024-09-24,9101
3483,力致,64,4,60,群益金鼎-敦南,2024-09-24,9101
00679B,元大美債20年,44,0,44,群益金鼎-敦南,2024-09-24,9101
00632R,元大台灣50反1,40,1,39,群益金鼎-敦南,2024-09-24,9101
00937B,群益ESG投等債20,46,9,37,群益金鼎-敦南,2024-09-24,9101
2609,陽明,121,86,35,群益金鼎-敦南,2024-09-24,9101
0050,元大台灣50,50,19,31,群益金鼎-敦南,2024-09-24,9101
5608,四維航,43,12,31,群益金鼎-敦南,2024-09-24,9101
6405,悅城,91,61,30,群益金鼎-敦南,2024-09-24,9101
5438,東友,28,0,28,群益金鼎-敦南,2024-09-24,9101
3149,正達,78,50,28,群益金鼎-敦南,2024-09-24,9101
4154,樂威科-KY,27,0,27,群益金鼎-敦南,2024-09-24,9101
00948B,中信優息投資級債,26,0,26,群益金鼎-敦南,2024-09-24,9101
6548,長科*,35,9,26,群益金鼎-敦南,2024-09-24,9101
4909,新復興,32,7,25,群益金鼎-敦南,2024-09-24,9101
8076,伍豐,52,28,24,群益金鼎-敦南,2024-09-24,9101
00919,群益台灣精選高息,25,2,23,群益金鼎-敦南,2024-09-24,9101
3062,建漢,44,24,20,群益金鼎-敦南,2024-09-24,9101
00664R,國泰臺灣加權反1,20,0,20,群益金鼎-敦南,2024-09-24,9101
3013,晟銘電,130,111,19,群益金鼎-敦南,2024-09-24,9101
6021,美好證,19,0,19,群益金鼎-敦南,2024-09-24,9101
1539,巨庭,53,35,18,群益金鼎-敦南,2024-09-24,9101
2258,鴻華先進-創,18,0,18,群益金鼎-敦南,2024-09-24,9101
3710,連展投控,15,0,15,群益金鼎-敦南,2024-09-24,9101
4530,宏易,15,0,15,群益金鼎-敦南,2024-09-24,9101
00918,大華優利高填息30,14,0,14,群益金鼎-敦南,2024-09-24,9101
2605,新興,14,0,14,群益金鼎-敦南,2024-09-24,9101
1301,台塑,15,2,13,群益金鼎-敦南,2024-09-24,9101
8032,光菱,22,9,13,群益金鼎-敦南,2024-09-24,9101
5488,松普,13,0,13,群益金鼎-敦南,2024-09-24,9101
3605,宏致,21,8,13,群益金鼎-敦南,2024-09-24,9101
8011,台通,15,2,13,群益金鼎-敦南,2024-09-24,9101
3019,亞光,16,4,12,群益金鼎-敦南,2024-09-24,9101
00958B,永豐ESG銀行債15,12,0,12,群益金鼎-敦南,2024-09-24,9101
2809,京城銀,11,0,11,群益金鼎-敦南,2024-09-24,9101
6241,易通展,11,0,11,群益金鼎-敦南,2024-09-24,9101
00933B,國泰10Y+金融債,10,0,10,群益金鼎-敦南,2024-09-24,9101
2426,鼎元,10,0,10,群益金鼎-敦南,2024-09-24,9101
00652,富邦印度,10,0,10,群益金鼎-敦南,2024-09-24,9101
4720,德淵,10,0,10,群益金鼎-敦南,2024-09-24,9101
2385,群光,10,0,10,群益金鼎-敦南,2024-09-24,9101
00929,復華台灣科技優息,20,10,10,群益金鼎-敦南,2024-09-24,9101
6805,富世達,11,2,9,群益金鼎-敦南,2024-09-24,9101
2313,華通,11,2,9,群益金鼎-敦南,2024-09-24,9101
00637L,元大滬深300正2,571,191,380,群益金鼎-敦南,2024-09-25,9101
00687B,國泰20年美債,316,0,316,群益金鼎-敦南,2024-09-25,9101
3149,正達,257,159,98,群益金鼎-敦南,2024-09-25,9101
3293,鈊象,81,2,79,群益金鼎-敦南,2024-09-25,9101
8147,正淩,75,5,70,群益金鼎-敦南,2024-09-25,9101
00948B,中信優息投資級債,67,0,67,群益金鼎-敦南,2024-09-25,9101
00679B,元大美債20年,48,0,48,群益金鼎-敦南,2024-09-25,9101
2354,鴻準,50,2,48,群益金鼎-敦南,2024-09-25,9101
6546,正基,75,28,47,群益金鼎-敦南,2024-09-25,9101
00940,元大台灣價值高息,108,70,38,群益金鼎-敦南,2024-09-25,9101
3550,聯穎,103,68,35,群益金鼎-敦南,2024-09-25,9101
6104,創惟,41,7,34,群益金鼎-敦南,2024-09-25,9101
2542,興富發,34,2,32,群益金鼎-敦南,2024-09-25,9101
1336,台翰,43,11,32,群益金鼎-敦南,2024-09-25,9101
2349,錸德,38,8,30,群益金鼎-敦南,2024-09-25,9101
4576,大銀微系統,31,3,28,群益金鼎-敦南,2024-09-25,9101
4903,聯光通,72,47,25,群益金鼎-敦南,2024-09-25,9101
4716,大立,28,3,25,群益金鼎-敦南,2024-09-25,9101
3714,富采,27,4,23,群益金鼎-敦南,2024-09-25,9101
2317,鴻海,84,61,23,群益金鼎-敦南,2024-09-25,9101
6517,保勝光學,22,0,22,群益金鼎-敦南,2024-09-25,9101
4711,永純,22,0,22,群益金鼎-敦南,2024-09-25,9101
5907,大洋-KY,21,0,21,群益金鼎-敦南,2024-09-25,9101
3231,緯創,29,8,21,群益金鼎-敦南,2024-09-25,9101
1321,大洋,23,3,20,群益金鼎-敦南,2024-09-25,9101
00958B,永豐ESG銀行債15,20,0,20,群益金鼎-敦南,2024-09-25,9101
2929,淘帝-KY,21,1,20,群益金鼎-敦南,2024-09-25,9101
00878,國泰永續高股息,22,2,20,群益金鼎-敦南,2024-09-25,9101
8070,長華*,43,25,18,群益金鼎-敦南,2024-09-25,9101
3390,旭軟,19,1,18,群益金鼎-敦南,2024-09-25,9101
6609,瀧澤科,23,6,17,群益金鼎-敦南,2024-09-25,9101
8032,光菱,16,0,16,群益金鼎-敦南,2024-09-25,9101
3062,建漢,42,26,16,群益金鼎-敦南,2024-09-25,9101
4722,國精化,15,0,15,群益金鼎-敦南,2024-09-25,9101
6188,廣明,29,15,14,群益金鼎-敦南,2024-09-25,9101
6451,訊芯-KY,14,0,14,群益金鼎-敦南,2024-09-25,9101
2618,長榮航,14,0,14,群益金鼎-敦南,2024-09-25,9101
6603,富強鑫,14,0,14,群益金鼎-敦南,2024-09-25,9101
3339,泰谷,13,0,13,群益金鼎-敦南,2024-09-25,9101
2401,凌陽,13,0,13,群益金鼎-敦南,2024-09-25,9101
3597,映興,15,2,13,群益金鼎-敦南,2024-09-25,9101
5443,均豪,12,0,12,群益金鼎-敦南,2024-09-25,9101
3593,力銘,12,0,12,群益金鼎-敦南,2024-09-25,9101
00960,野村全球航運龍頭,24,13,11,群益金鼎-敦南,2024-09-25,9101
2408,南亞科,10,0,10,群益金鼎-敦南,2024-09-25,9101
00945B,凱基美國非投等債,10,0,10,群益金鼎-敦南,2024-09-25,9101
00712,復華富時不動產,10,0,10,群益金鼎-敦南,2024-09-25,9101
8409,商之器,10,0,10,群益金鼎-敦南,2024-09-25,9101
1326,台化,10,0,10,群益金鼎-敦南,2024-09-25,9101
2889,國票金,10,0,10,群益金鼎-敦南,2024-09-25,9101
00937B,群益ESG投等債20,245,0,245,群益金鼎-敦南,2024-09-26,9101
00948B,中信優息投資級債,188,0,188,群益金鼎-敦南,2024-09-26,9101
00687B,國泰20年美債,201,30,171,群益金鼎-敦南,2024-09-26,9101
00945B,凱基美國非投等債,139,10,129,群益金鼎-敦南,2024-09-26,9101
00637L,元大滬深300正2,185,75,110,群益金鼎-敦南,2024-09-26,9101
3081,聯亞,110,7,103,群益金鼎-敦南,2024-09-26,9101
2399,映泰,74,3,71,群益金鼎-敦南,2024-09-26,9101
00679B,元大美債20年,86,30,56,群益金鼎-敦南,2024-09-26,9101
6021,美好證,50,0,50,群益金鼎-敦南,2024-09-26,9101
2409,友達,51,6,45,群益金鼎-敦南,2024-09-26,9101
2436,偉詮電,69,32,37,群益金鼎-敦南,2024-09-26,9101
2615,萬海,152,116,36,群益金鼎-敦南,2024-09-26,9101
00960,野村全球航運龍頭,50,19,31,群益金鼎-敦南,2024-09-26,9101
5438,東友,29,0,29,群益金鼎-敦南,2024-09-26,9101
9105,泰金寶-DR,28,0,28,群益金鼎-敦南,2024-09-26,9101
4952,凌通,67,39,28,群益金鼎-敦南,2024-09-26,9101
3694,海華,41,15,26,群益金鼎-敦南,2024-09-26,9101
8070,長華*,47,22,25,群益金鼎-敦南,2024-09-26,9101
2497,怡利電,36,12,24,群益金鼎-敦南,2024-09-26,9101
5234,達興材料,24,0,24,群益金鼎-敦南,2024-09-26,9101
00688L,國泰20年美債正2,22,0,22,群益金鼎-敦南,2024-09-26,9101
00918,大華優利高填息30,21,0,21,群益金鼎-敦南,2024-09-26,9101
3230,錦明,21,0,21,群益金鼎-敦南,2024-09-26,9101
1584,精剛,20,0,20,群益金鼎-敦南,2024-09-26,9101
5202,力新,33,13,20,群益金鼎-敦南,2024-09-26,9101
006208,富邦台50,19,1,18,群益金鼎-敦南,2024-09-26,9101
3019,亞光,63,45,18,群益金鼎-敦南,2024-09-26,9101
2617,台航,17,0,17,群益金鼎-敦南,2024-09-26,9101
2344,華邦電,16,0,16,群益金鼎-敦南,2024-09-26,9101
6742,澤米,43,27,16,群益金鼎-敦南,2024-09-26,9101
3036,文曄,17,1,16,群益金鼎-敦南,2024-09-26,9101
5871,中租-KY,45,30,15,群益金鼎-敦南,2024-09-26,9101
1586,和勤,20,5,15,群益金鼎-敦南,2024-09-26,9101
8110,華東,117,103,14,群益金鼎-敦南,2024-09-26,9101
6163,華電網,15,1,14,群益金鼎-敦南,2024-09-26,9101
00715L,期街口布蘭特正2,17,3,14,群益金鼎-敦南,2024-09-26,9101
2383,台光電,13,1,12,群益金鼎-敦南,2024-09-26,9101
8383,千附,12,0,12,群益金鼎-敦南,2024-09-26,9101
6573,虹揚-KY,12,0,12,群益金鼎-敦南,2024-09-26,9101
00958B,永豐ESG銀行債15,12,0,12,群益金鼎-敦南,2024-09-26,9101
2891,中信金,12,0,12,群益金鼎-敦南,2024-09-26,9101
00915,凱基優選高股息30,11,0,11,群益金鼎-敦南,2024-09-26,9101
2457,飛宏,17,6,11,群益金鼎-敦南,2024-09-26,9101
00724B,群益投資級金融債,11,0,11,群益金鼎-敦南,2024-09-26,9101
2062,橋椿,12,1,11,群益金鼎-敦南,2024-09-26,9101
2867,三商壽,14,4,10,群益金鼎-敦南,2024-09-26,9101
00725B,國泰投資級公司債,10,0,10,群益金鼎-敦南,2024-09-26,9101
2537,聯上發,10,0,10,群益金鼎-敦南,2024-09-26,9101
1781,合世,10,0,10,群益金鼎-敦南,2024-09-26,9101
6548,長科*,18,8,10,群益金鼎-敦南,2024-09-26,9101
00637L,元大滬深300正2,584,326,258,群益金鼎-敦南,2024-09-27,9101
1721,三晃,173,10,163,群益金鼎-敦南,2024-09-27,9101
00687B,國泰20年美債,139,16,123,群益金鼎-敦南,2024-09-27,9101
00753L,中信中國50正2,94,0,94,群益金鼎-敦南,2024-09-27,9101
6237,驊訊,174,93,81,群益金鼎-敦南,2024-09-27,9101
00936,台新永續高息中小,80,0,80,群益金鼎-敦南,2024-09-27,9101
00679B,元大美債20年,74,0,74,群益金鼎-敦南,2024-09-27,9101
1336,台翰,97,36,61,群益金鼎-敦南,2024-09-27,9101
2605,新興,132,78,54,群益金鼎-敦南,2024-09-27,9101
2317,鴻海,77,24,53,群益金鼎-敦南,2024-09-27,9101
00960,野村全球航運龍頭,47,0,47,群益金鼎-敦南,2024-09-27,9101
00795B,中信美國公債20年,41,2,39,群益金鼎-敦南,2024-09-27,9101
2891,中信金,41,3,38,群益金鼎-敦南,2024-09-27,9101
2363,矽統,282,251,31,群益金鼎-敦南,2024-09-27,9101
2374,佳能,32,3,29,群益金鼎-敦南,2024-09-27,9101
1101,台泥,30,2,28,群益金鼎-敦南,2024-09-27,9101
2495,普安,29,1,28,群益金鼎-敦南,2024-09-27,9101
00715L,期街口布蘭特正2,28,0,28,群益金鼎-敦南,2024-09-27,9101
2406,國碩,28,5,23,群益金鼎-敦南,2024-09-27,9101
3631,晟楠,22,0,22,群益金鼎-敦南,2024-09-27,9101
2439,美律,22,0,22,群益金鼎-敦南,2024-09-27,9101
3081,聯亞,35,14,21,群益金鼎-敦南,2024-09-27,9101
5438,東友,21,0,21,群益金鼎-敦南,2024-09-27,9101
2880,華南金,20,0,20,群益金鼎-敦南,2024-09-27,9101
3715,定穎投控,58,40,18,群益金鼎-敦南,2024-09-27,9101
2022,聚亨,18,0,18,群益金鼎-敦南,2024-09-27,9101
2007,燁興,17,0,17,群益金鼎-敦南,2024-09-27,9101
2929,淘帝-KY,19,2,17,群益金鼎-敦南,2024-09-27,9101
00922,國泰台灣領袖50,16,0,16,群益金鼎-敦南,2024-09-27,9101
1455,集盛,16,0,16,群益金鼎-敦南,2024-09-27,9101
2612,中航,16,0,16,群益金鼎-敦南,2024-09-27,9101
2023,燁輝,25,10,15,群益金鼎-敦南,2024-09-27,9101
2371,大同,61,47,14,群益金鼎-敦南,2024-09-27,9101
00850,元大臺灣ESG永續,14,0,14,群益金鼎-敦南,2024-09-27,9101
8937,合騏,32,19,13,群益金鼎-敦南,2024-09-27,9101
4123,晟德,18,5,13,群益金鼎-敦南,2024-09-27,9101
8028,昇陽半導體,38,26,12,群益金鼎-敦南,2024-09-27,9101
00632R,元大台灣50反1,12,0,12,群益金鼎-敦南,2024-09-27,9101
00958B,永豐ESG銀行債15,11,0,11,群益金鼎-敦南,2024-09-27,9101
2014,中鴻,11,0,11,群益金鼎-敦南,2024-09-27,9101
1307,三芳,11,0,11,群益金鼎-敦南,2024-09-27,9101
00945B,凱基美國非投等債,10,0,10,群益金鼎-敦南,2024-09-27,9101
00772B,中信高評級公司債,10,0,10,群益金鼎-敦南,2024-09-27,9101
00918,大華優利高填息30,10,0,10,群益金鼎-敦南,2024-09-27,9101
00933B,國泰10Y+金融債,10,0,10,群益金鼎-敦南,2024-09-27,9101
3450,聯鈞,26,16,10,群益金鼎-敦南,2024-09-27,9101
1608,華榮,10,0,10,群益金鼎-敦南,2024-09-27,9101
3230,錦明,10,0,10,群益金鼎-敦南,2024-09-27,9101
2436,偉詮電,15,5,10,群益金鼎-敦南,2024-09-27,9101
9904,寶成,10,0,10,群益金鼎-敦南,2024-09-27,9101
00680L,元大美債20正2,200,0,200,群益金鼎-敦南,2024-09-30,9101
00643,群益深証中小,190,0,190,群益金鼎-敦南,2024-09-30,9101
0056,元大高股息,208,40,168,群益金鼎-敦南,2024-09-30,9101
6116,彩晶,155,0,155,群益金鼎-敦南,2024-09-30,9101
00753L,中信中國50正2,151,24,127,群益金鼎-敦南,2024-09-30,9101
00679B,元大美債20年,121,10,111,群益金鼎-敦南,2024-09-30,9101
00687B,國泰20年美債,139,29,110,群益金鼎-敦南,2024-09-30,9101
00939,統一台灣高息動能,100,10,90,群益金鼎-敦南,2024-09-30,9101
3167,大量,82,6,76,群益金鼎-敦南,2024-09-30,9101
3481,群創,89,27,62,群益金鼎-敦南,2024-09-30,9101
00929,復華台灣科技優息,64,3,61,群益金鼎-敦南,2024-09-30,9101
6742,澤米,60,0,60,群益金鼎-敦南,2024-09-30,9101
3588,通嘉,70,10,60,群益金鼎-敦南,2024-09-30,9101
00919,群益台灣精選高息,79,24,55,群益金鼎-敦南,2024-09-30,9101
00720B,元大投資級公司債,53,0,53,群益金鼎-敦南,2024-09-30,9101
00936,台新永續高息中小,52,0,52,群益金鼎-敦南,2024-09-30,9101
00948B,中信優息投資級債,47,0,47,群益金鼎-敦南,2024-09-30,9101
1802,台玻,85,42,43,群益金鼎-敦南,2024-09-30,9101
2436,偉詮電,40,5,35,群益金鼎-敦南,2024-09-30,9101
00940,元大台灣價值高息,36,1,35,群益金鼎-敦南,2024-09-30,9101
00891,中信關鍵半導體,33,0,33,群益金鼎-敦南,2024-09-30,9101
00882,中信中國高股息,68,37,31,群益金鼎-敦南,2024-09-30,9101
3631,晟楠,30,0,30,群益金鼎-敦南,2024-09-30,9101
2330,台積電,31,3,28,群益金鼎-敦南,2024-09-30,9101
00946,群益科技高息成長,27,0,27,群益金鼎-敦南,2024-09-30,9101
00927,群益半導體收益,28,1,27,群益金鼎-敦南,2024-09-30,9101
2014,中鴻,68,41,27,群益金鼎-敦南,2024-09-30,9101
2891,中信金,32,6,26,群益金鼎-敦南,2024-09-30,9101
00631L,元大台灣50正2,26,3,23,群益金鼎-敦南,2024-09-30,9101
2603,長榮,25,2,23,群益金鼎-敦南,2024-09-30,9101
00675L,富邦臺灣加權正2,23,0,23,群益金鼎-敦南,2024-09-30,9101
00945B,凱基美國非投等債,22,0,22,群益金鼎-敦南,2024-09-30,9101
4952,凌通,22,1,21,群益金鼎-敦南,2024-09-30,9101
00637L,元大滬深300正2,299,279,20,群益金鼎-敦南,2024-09-30,9101
1336,台翰,26,6,20,群益金鼎-敦南,2024-09-30,9101
2023,燁輝,20,0,20,群益金鼎-敦南,2024-09-30,9101
0050,元大台灣50,20,2,18,群益金鼎-敦南,2024-09-30,9101
00703,台新MSCI中國,15,0,15,群益金鼎-敦南,2024-09-30,9101
2421,建準,15,0,15,群益金鼎-敦南,2024-09-30,9101
2388,威盛,22,8,14,群益金鼎-敦南,2024-09-30,9101
00690,兆豐藍籌30,14,0,14,群益金鼎-敦南,2024-09-30,9101
4979,華星光,23,9,14,群益金鼎-敦南,2024-09-30,9101
8070,長華*,21,8,13,群益金鼎-敦南,2024-09-30,9101
6136,富爾特,13,0,13,群益金鼎-敦南,2024-09-30,9101
3297,杭特,21,8,13,群益金鼎-敦南,2024-09-30,9101
00931B,統一美債20年,12,0,12,群益金鼎-敦南,2024-09-30,9101
8032,光菱,11,0,11,群益金鼎-敦南,2024-09-30,9101
1540,喬福,20,9,11,群益金鼎-敦南,2024-09-30,9101
3149,正達,22,11,11,群益金鼎-敦南,2024-09-30,9101
2884,玉山金,20,9,11,群益金鼎-敦南,2024-09-30,9101
00632R,元大台灣50反1,1242,69,1173,群益金鼎-敦南,2024-10-01,9101
0056,元大高股息,164,2,162,群益金鼎-敦南,2024-10-01,9101
00665L,富邦�琤肭磪囓�2,135,0,135,群益金鼎-敦南,2024-10-01,9101
00680L,元大美債20正2,128,0,128,群益金鼎-敦南,2024-10-01,9101
2891,中信金,101,1,100,群益金鼎-敦南,2024-10-01,9101
5452,佶優,90,0,90,群益金鼎-敦南,2024-10-01,9101
3149,正達,103,14,89,群益金鼎-敦南,2024-10-01,9101
2888,新光金,99,16,83,群益金鼎-敦南,2024-10-01,9101
1809,中釉,237,172,65,群益金鼎-敦南,2024-10-01,9101
00687B,國泰20年美債,92,31,61,群益金鼎-敦南,2024-10-01,9101
5014,建錩,56,0,56,群益金鼎-敦南,2024-10-01,9101
00929,復華台灣科技優息,61,5,56,群益金鼎-敦南,2024-10-01,9101
00795B,中信美國公債20年,56,1,55,群益金鼎-敦南,2024-10-01,9101
00939,統一台灣高息動能,47,1,46,群益金鼎-敦南,2024-10-01,9101
00922,國泰台灣領袖50,36,0,36,群益金鼎-敦南,2024-10-01,9101
9938,百和,39,4,35,群益金鼎-敦南,2024-10-01,9101
1336,台翰,44,12,32,群益金鼎-敦南,2024-10-01,9101
2881,富邦金,30,0,30,群益金鼎-敦南,2024-10-01,9101
2399,映泰,97,71,26,群益金鼎-敦南,2024-10-01,9101
3081,聯亞,67,43,24,群益金鼎-敦南,2024-10-01,9101
006208,富邦台50,22,1,21,群益金鼎-敦南,2024-10-01,9101
9933,中鼎,21,0,21,群益金鼎-敦南,2024-10-01,9101
00905,FT臺灣Smart,20,0,20,群益金鼎-敦南,2024-10-01,9101
9945,潤泰新,81,61,20,群益金鼎-敦南,2024-10-01,9101
00688L,國泰20年美債正2,20,0,20,群益金鼎-敦南,2024-10-01,9101
0061,元大寶滬深,35,15,20,群益金鼎-敦南,2024-10-01,9101
3167,大量,20,0,20,群益金鼎-敦南,2024-10-01,9101
00642U,期元大S＆P石油,19,0,19,群益金鼎-敦南,2024-10-01,9101
00753L,中信中國50正2,130,111,19,群益金鼎-敦南,2024-10-01,9101
2911,麗嬰房,19,0,19,群益金鼎-敦南,2024-10-01,9101
2542,興富發,21,3,18,群益金鼎-敦南,2024-10-01,9101
2316,楠梓電,17,0,17,群益金鼎-敦南,2024-10-01,9101
00927,群益半導體收益,16,0,16,群益金鼎-敦南,2024-10-01,9101
00878,國泰永續高股息,16,0,16,群益金鼎-敦南,2024-10-01,9101
4979,華星光,79,63,16,群益金鼎-敦南,2024-10-01,9101
00934,中信成長高股息,15,0,15,群益金鼎-敦南,2024-10-01,9101
00700,富邦�琤肭磪�,15,0,15,群益金鼎-敦南,2024-10-01,9101
2615,萬海,63,48,15,群益金鼎-敦南,2024-10-01,9101
5864,致和證,14,0,14,群益金鼎-敦南,2024-10-01,9101
2903,遠百,12,0,12,群益金鼎-敦南,2024-10-01,9101
00946,群益科技高息成長,12,0,12,群益金鼎-敦南,2024-10-01,9101
3481,群創,483,471,12,群益金鼎-敦南,2024-10-01,9101
3048,益登,12,0,12,群益金鼎-敦南,2024-10-01,9101
6163,華電網,15,4,11,群益金鼎-敦南,2024-10-01,9101
6282,康舒,12,1,11,群益金鼎-敦南,2024-10-01,9101
00643,群益深証中小,11,0,11,群益金鼎-敦南,2024-10-01,9101
8404,百和興業-KY,11,1,10,群益金鼎-敦南,2024-10-01,9101
00932,兆豐永續高息等權,10,0,10,群益金鼎-敦南,2024-10-01,9101
00923,群益台ESG低碳50,10,0,10,群益金鼎-敦南,2024-10-01,9101
1584,精剛,10,0,10,群益金鼎-敦南,2024-10-01,9101
00753L,中信中國50正2,547,154,393,群益金鼎-敦南,2024-10-04,9101
00919,群益台灣精選高息,208,0,208,群益金鼎-敦南,2024-10-04,9101
00637L,元大滬深300正2,285,123,162,群益金鼎-敦南,2024-10-04,9101
2891,中信金,111,10,101,群益金鼎-敦南,2024-10-04,9101
00633L,富邦上証正2,101,9,92,群益金鼎-敦南,2024-10-04,9101
00887,永豐中國科技50大,109,18,91,群益金鼎-敦南,2024-10-04,9101
0056,元大高股息,72,0,72,群益金鼎-敦南,2024-10-04,9101
1416,廣豐,60,0,60,群益金鼎-敦南,2024-10-04,9101
00878,國泰永續高股息,66,7,59,群益金鼎-敦南,2024-10-04,9101
2610,華航,61,4,57,群益金鼎-敦南,2024-10-04,9101
2880,華南金,55,3,52,群益金鼎-敦南,2024-10-04,9101
3062,建漢,53,8,45,群益金鼎-敦南,2024-10-04,9101
00948B,中信優息投資級債,45,0,45,群益金鼎-敦南,2024-10-04,9101
2002,中鋼,60,16,44,群益金鼎-敦南,2024-10-04,9101
4807,日成-KY,40,0,40,群益金鼎-敦南,2024-10-04,9101
1336,台翰,37,0,37,群益金鼎-敦南,2024-10-04,9101
00712,復華富時不動產,35,0,35,群益金鼎-敦南,2024-10-04,9101
00945B,凱基美國非投等債,34,0,34,群益金鼎-敦南,2024-10-04,9101
6274,台燿,46,16,30,群益金鼎-敦南,2024-10-04,9101
8032,光菱,35,7,28,群益金鼎-敦南,2024-10-04,9101
2324,仁寶,30,3,27,群益金鼎-敦南,2024-10-04,9101
00752,中信中國50,62,36,26,群益金鼎-敦南,2024-10-04,9101
3081,聯亞,67,44,23,群益金鼎-敦南,2024-10-04,9101
0050,元大台灣50,22,0,22,群益金鼎-敦南,2024-10-04,9101
9933,中鼎,22,0,22,群益金鼎-敦南,2024-10-04,9101
2618,長榮航,44,23,21,群益金鼎-敦南,2024-10-04,9101
00931B,統一美債20年,20,0,20,群益金鼎-敦南,2024-10-04,9101
2603,長榮,31,11,20,群益金鼎-敦南,2024-10-04,9101
4979,華星光,46,27,19,群益金鼎-敦南,2024-10-04,9101
2911,麗嬰房,18,0,18,群益金鼎-敦南,2024-10-04,9101
3293,鈊象,19,2,17,群益金鼎-敦南,2024-10-04,9101
2330,台積電,18,0,18,群益金鼎-敦南,2024-10-04,9101
3535,晶彩科,21,4,17,群益金鼎-敦南,2024-10-04,9101
4563,百德,23,7,16,群益金鼎-敦南,2024-10-04,9101
00922,國泰台灣領袖50,18,2,16,群益金鼎-敦南,2024-10-04,9101
2929,淘帝-KY,16,0,16,群益金鼎-敦南,2024-10-04,9101
2913,農林,16,0,16,群益金鼎-敦南,2024-10-04,9101
00918,大華優利高填息30,15,0,15,群益金鼎-敦南,2024-10-04,9101
3037,欣興,18,3,15,群益金鼎-敦南,2024-10-04,9101
5351,鈺創,17,2,15,群益金鼎-敦南,2024-10-04,9101
5907,大洋-KY,15,0,15,群益金鼎-敦南,2024-10-04,9101
3430,奇鈦科,15,0,15,群益金鼎-敦南,2024-10-04,9101
6187,萬潤,15,0,15,群益金鼎-敦南,2024-10-04,9101
2308,台達電,16,2,14,群益金鼎-敦南,2024-10-04,9101
2345,智邦,14,0,14,群益金鼎-敦南,2024-10-04,9101
3234,光環,15,2,13,群益金鼎-敦南,2024-10-04,9101
1309,台達化,14,1,13,群益金鼎-敦南,2024-10-04,9101
00642U,期元大S＆P石油,16,3,13,群益金鼎-敦南,2024-10-04,9101
1569,濱川,23,11,12,群益金鼎-敦南,2024-10-04,9101
3715,定穎投控,18,7,11,群益金鼎-敦南,2024-10-04,9101
00633L,富邦上証正2,750,1,749,群益金鼎-敦南,2024-10-07,9101
2601,益航,1539,965,574,群益金鼎-敦南,2024-10-07,9101
00637L,元大滬深300正2,457,313,144,群益金鼎-敦南,2024-10-07,9101
00725B,國泰投資級公司債,106,0,106,群益金鼎-敦南,2024-10-07,9101
1702,南僑,101,3,98,群益金鼎-敦南,2024-10-07,9101
00752,中信中國50,97,5,92,群益金鼎-敦南,2024-10-07,9101
00948B,中信優息投資級債,87,0,87,群益金鼎-敦南,2024-10-07,9101
00753L,中信中國50正2,144,64,80,群益金鼎-敦南,2024-10-07,9101
6179,亞通,65,4,61,群益金鼎-敦南,2024-10-07,9101
2498,宏達電,167,112,55,群益金鼎-敦南,2024-10-07,9101
2801,彰銀,51,0,51,群益金鼎-敦南,2024-10-07,9101
00680L,元大美債20正2,50,5,45,群益金鼎-敦南,2024-10-07,9101
3615,安可,58,14,44,群益金鼎-敦南,2024-10-07,9101
2881,富邦金,42,6,36,群益金鼎-敦南,2024-10-07,9101
3049,精金,112,80,32,群益金鼎-敦南,2024-10-07,9101
2486,一詮,71,42,29,群益金鼎-敦南,2024-10-07,9101
6530,創威,39,10,29,群益金鼎-敦南,2024-10-07,9101
2014,中鴻,57,31,26,群益金鼎-敦南,2024-10-07,9101
2362,藍天,30,5,25,群益金鼎-敦南,2024-10-07,9101
0056,元大高股息,24,0,24,群益金鼎-敦南,2024-10-07,9101
6674,鋐寶科技,24,0,24,群益金鼎-敦南,2024-10-07,9101
5481,新華,24,0,24,群益金鼎-敦南,2024-10-07,9101
00679B,元大美債20年,37,14,23,群益金鼎-敦南,2024-10-07,9101
00927,群益半導體收益,25,3,22,群益金鼎-敦南,2024-10-07,9101
2929,淘帝-KY,23,2,21,群益金鼎-敦南,2024-10-07,9101
2356,英業達,28,8,20,群益金鼎-敦南,2024-10-07,9101
8411,福貞-KY,27,7,20,群益金鼎-敦南,2024-10-07,9101
2049,上銀,25,5,20,群益金鼎-敦南,2024-10-07,9101
1464,得力,20,1,19,群益金鼎-敦南,2024-10-07,9101
8249,菱光,28,9,19,群益金鼎-敦南,2024-10-07,9101
3231,緯創,22,3,19,群益金鼎-敦南,2024-10-07,9101
00665L,富邦�琤肭磪囓�2,18,1,17,群益金鼎-敦南,2024-10-07,9101
6126,信音,37,20,17,群益金鼎-敦南,2024-10-07,9101
6104,創惟,24,8,16,群益金鼎-敦南,2024-10-07,9101
8096,擎亞,17,2,15,群益金鼎-敦南,2024-10-07,9101
00642U,期元大S＆P石油,15,0,15,群益金鼎-敦南,2024-10-07,9101
3481,群創,16,2,14,群益金鼎-敦南,2024-10-07,9101
00937B,群益ESG投等債20,16,2,14,群益金鼎-敦南,2024-10-07,9101
1314,中石化,20,6,14,群益金鼎-敦南,2024-10-07,9101
6187,萬潤,15,1,14,群益金鼎-敦南,2024-10-07,9101
00878,國泰永續高股息,14,0,14,群益金鼎-敦南,2024-10-07,9101
00939,統一台灣高息動能,13,0,13,群益金鼎-敦南,2024-10-07,9101
9938,百和,17,4,13,群益金鼎-敦南,2024-10-07,9101
2313,華通,12,0,12,群益金鼎-敦南,2024-10-07,9101
2317,鴻海,35,23,12,群益金鼎-敦南,2024-10-07,9101
3062,建漢,13,2,11,群益金鼎-敦南,2024-10-07,9101
2436,偉詮電,18,7,11,群益金鼎-敦南,2024-10-07,9101
8039,台虹,22,11,11,群益金鼎-敦南,2024-10-07,9101
2409,友達,16,5,11,群益金鼎-敦南,2024-10-07,9101
1605,華新,11,0,11,群益金鼎-敦南,2024-10-07,9101
00922,國泰台灣領袖50,223,7,216,群益金鼎-敦南,2024-10-08,9101
0061,元大寶滬深,141,26,115,群益金鼎-敦南,2024-10-08,9101
00679B,元大美債20年,124,15,109,群益金鼎-敦南,2024-10-08,9101
00919,群益台灣精選高息,94,0,94,群益金鼎-敦南,2024-10-08,9101
00929,復華台灣科技優息,111,23,88,群益金鼎-敦南,2024-10-08,9101
00878,國泰永續高股息,87,0,87,群益金鼎-敦南,2024-10-08,9101
00633L,富邦上証正2,110,25,85,群益金鼎-敦南,2024-10-08,9101
00948B,中信優息投資級債,72,0,72,群益金鼎-敦南,2024-10-08,9101
00637L,元大滬深300正2,697,626,71,群益金鼎-敦南,2024-10-08,9101
00643,群益深証中小,90,20,70,群益金鼎-敦南,2024-10-08,9101
0056,元大高股息,63,5,58,群益金鼎-敦南,2024-10-08,9101
00665L,富邦�琤肭磪囓�2,73,26,47,群益金鼎-敦南,2024-10-08,9101
1314,中石化,58,13,45,群益金鼎-敦南,2024-10-08,9101
00687B,國泰20年美債,148,105,43,群益金鼎-敦南,2024-10-08,9101
00882,中信中國高股息,130,89,41,群益金鼎-敦南,2024-10-08,9101
00706L,期元大S＆P日圓正2,36,0,36,群益金鼎-敦南,2024-10-08,9101
00937B,群益ESG投等債20,41,5,36,群益金鼎-敦南,2024-10-08,9101
1815,富喬,49,14,35,群益金鼎-敦南,2024-10-08,9101
00700,富邦�琤肭磪�,35,0,35,群益金鼎-敦南,2024-10-08,9101
00887,永豐中國科技50大,152,121,31,群益金鼎-敦南,2024-10-08,9101
1336,台翰,31,1,30,群益金鼎-敦南,2024-10-08,9101
00680L,元大美債20正2,44,15,29,群益金鼎-敦南,2024-10-08,9101
6425,易發,55,29,26,群益金鼎-敦南,2024-10-08,9101
2880,華南金,24,0,24,群益金鼎-敦南,2024-10-08,9101
2618,長榮航,25,2,23,群益金鼎-敦南,2024-10-08,9101
00918,大華優利高填息30,23,0,23,群益金鼎-敦南,2024-10-08,9101
2382,廣達,24,2,22,群益金鼎-敦南,2024-10-08,9101
2014,中鴻,32,10,22,群益金鼎-敦南,2024-10-08,9101
1303,南亞,20,0,20,群益金鼎-敦南,2024-10-08,9101
00639,富邦深100,20,0,20,群益金鼎-敦南,2024-10-08,9101
2409,友達,20,0,20,群益金鼎-敦南,2024-10-08,9101
5907,大洋-KY,20,1,19,群益金鼎-敦南,2024-10-08,9101
00772B,中信高評級公司債,18,0,18,群益金鼎-敦南,2024-10-08,9101
00675L,富邦臺灣加權正2,29,12,17,群益金鼎-敦南,2024-10-08,9101
3062,建漢,24,7,17,群益金鼎-敦南,2024-10-08,9101
2426,鼎元,21,5,16,群益金鼎-敦南,2024-10-08,9101
00795B,中信美國公債20年,18,2,16,群益金鼎-敦南,2024-10-08,9101
3217,優群,15,0,15,群益金鼎-敦南,2024-10-08,9101
00773B,中信優先金融債,15,0,15,群益金鼎-敦南,2024-10-08,9101
5014,建錩,78,63,15,群益金鼎-敦南,2024-10-08,9101
2317,鴻海,41,26,15,群益金鼎-敦南,2024-10-08,9101
6438,迅得,40,26,14,群益金鼎-敦南,2024-10-08,9101
2408,南亞科,14,0,14,群益金鼎-敦南,2024-10-08,9101
2609,陽明,21,8,13,群益金鼎-敦南,2024-10-08,9101
2491,吉祥全,13,0,13,群益金鼎-敦南,2024-10-08,9101
3227,原相,26,14,12,群益金鼎-敦南,2024-10-08,9101
4716,大立,13,1,12,群益金鼎-敦南,2024-10-08,9101
8064,東捷,12,0,12,群益金鼎-敦南,2024-10-08,9101
0050,元大台灣50,30,18,12,群益金鼎-敦南,2024-10-08,9101
006205,富邦上証,18,7,11,群益金鼎-敦南,2024-10-08,9101
00643,群益深証中小,175,0,175,群益金鼎-敦南,2024-10-09,9101
00687B,國泰20年美債,160,0,160,群益金鼎-敦南,2024-10-09,9101
0056,元大高股息,143,12,131,群益金鼎-敦南,2024-10-09,9101
00948B,中信優息投資級債,126,3,123,群益金鼎-敦南,2024-10-09,9101
00795B,中信美國公債20年,116,4,112,群益金鼎-敦南,2024-10-09,9101
00665L,富邦�琤肭磪囓�2,108,0,108,群益金鼎-敦南,2024-10-09,9101
3710,連展投控,100,0,100,群益金鼎-敦南,2024-10-09,9101
00637L,元大滬深300正2,383,297,86,群益金鼎-敦南,2024-10-09,9101
3615,安可,154,69,85,群益金鼎-敦南,2024-10-09,9101
1612,宏泰,80,0,80,群益金鼎-敦南,2024-10-09,9101
00679B,元大美債20年,76,0,76,群益金鼎-敦南,2024-10-09,9101
00753L,中信中國50正2,633,569,64,群益金鼎-敦南,2024-10-09,9101
00882,中信中國高股息,77,15,62,群益金鼎-敦南,2024-10-09,9101
00937B,群益ESG投等債20,38,0,38,群益金鼎-敦南,2024-10-09,9101
3483,力致,35,0,35,群益金鼎-敦南,2024-10-09,9101
00655L,國泰中國A50正2,33,0,33,群益金鼎-敦南,2024-10-09,9101
4716,大立,33,4,29,群益金鼎-敦南,2024-10-09,9101
9933,中鼎,27,0,27,群益金鼎-敦南,2024-10-09,9101
00725B,國泰投資級公司債,26,0,26,群益金鼎-敦南,2024-10-09,9101
3715,定穎投控,38,13,25,群益金鼎-敦南,2024-10-09,9101
00639,富邦深100,25,0,25,群益金鼎-敦南,2024-10-09,9101
3523,迎輝,24,0,24,群益金鼎-敦南,2024-10-09,9101
2601,益航,24,0,24,群益金鼎-敦南,2024-10-09,9101
00633L,富邦上証正2,23,0,23,群益金鼎-敦南,2024-10-09,9101
5443,均豪,79,59,20,群益金鼎-敦南,2024-10-09,9101
3694,海華,20,0,20,群益金鼎-敦南,2024-10-09,9101
00740B,富邦全球投等債,20,0,20,群益金鼎-敦南,2024-10-09,9101
5386,青雲,40,21,19,群益金鼎-敦南,2024-10-09,9101
1815,富喬,25,7,18,群益金鼎-敦南,2024-10-09,9101
00654R,富邦印度反1,17,0,17,群益金鼎-敦南,2024-10-09,9101
00945B,凱基美國非投等債,16,0,16,群益金鼎-敦南,2024-10-09,9101
3230,錦明,27,11,16,群益金鼎-敦南,2024-10-09,9101
2888,新光金,33,17,16,群益金鼎-敦南,2024-10-09,9101
00720B,元大投資級公司債,14,0,14,群益金鼎-敦南,2024-10-09,9101
2891,中信金,15,1,14,群益金鼎-敦南,2024-10-09,9101
2317,鴻海,46,33,13,群益金鼎-敦南,2024-10-09,9101
1605,華新,13,0,13,群益金鼎-敦南,2024-10-09,9101
6451,訊芯-KY,31,18,13,群益金鼎-敦南,2024-10-09,9101
3033,威健,14,2,12,群益金鼎-敦南,2024-10-09,9101
2498,宏達電,30,18,12,群益金鼎-敦南,2024-10-09,9101
3591,艾笛森,13,1,12,群益金鼎-敦南,2024-10-09,9101
2603,長榮,17,6,11,群益金鼎-敦南,2024-10-09,9101
4542,科嶠,11,0,11,群益金鼎-敦南,2024-10-09,9101
8240,華宏,11,0,11,群益金鼎-敦南,2024-10-09,9101
00946,群益科技高息成長,10,0,10,群益金鼎-敦南,2024-10-09,9101
2801,彰銀,10,0,10,群益金鼎-敦南,2024-10-09,9101
2103,台橡,10,0,10,群益金鼎-敦南,2024-10-09,9101
00772B,中信高評級公司債,10,0,10,群益金鼎-敦南,2024-10-09,9101
00773B,中信優先金融債,10,0,10,群益金鼎-敦南,2024-10-09,9101
3346,麗清,10,0,10,群益金鼎-敦南,2024-10-09,9101
00922,國泰台灣領袖50,284,11,273,群益金鼎-敦南,2024-10-11,9101
00687B,國泰20年美債,214,8,206,群益金鼎-敦南,2024-10-11,9101
00637L,元大滬深300正2,185,36,149,群益金鼎-敦南,2024-10-11,9101
00753L,中信中國50正2,563,429,134,群益金鼎-敦南,2024-10-11,9101
2888,新光金,101,0,101,群益金鼎-敦南,2024-10-11,9101
00688L,國泰20年美債正2,92,0,92,群益金鼎-敦南,2024-10-11,9101
0061,元大寶滬深,65,0,65,群益金鼎-敦南,2024-10-11,9101
1718,中纖,50,0,50,群益金鼎-敦南,2024-10-11,9101
00633L,富邦上証正2,43,0,43,群益金鼎-敦南,2024-10-11,9101
00740B,富邦全球投等債,34,0,34,群益金鼎-敦南,2024-10-11,9101
00713,元大台灣高息低波,30,0,30,群益金鼎-敦南,2024-10-11,9101
6168,宏齊,29,0,29,群益金鼎-敦南,2024-10-11,9101
8176,智捷,27,0,27,群益金鼎-敦南,2024-10-11,9101
00919,群益台灣精選高息,32,7,25,群益金鼎-敦南,2024-10-11,9101
00929,復華台灣科技優息,25,2,23,群益金鼎-敦南,2024-10-11,9101
3149,正達,104,83,21,群益金鼎-敦南,2024-10-11,9101
00937B,群益ESG投等債20,36,15,21,群益金鼎-敦南,2024-10-11,9101
00772B,中信高評級公司債,20,0,20,群益金鼎-敦南,2024-10-11,9101
4903,聯光通,117,100,17,群益金鼎-敦南,2024-10-11,9101
6179,亞通,17,0,17,群益金鼎-敦南,2024-10-11,9101
00795B,中信美國公債20年,16,0,16,群益金鼎-敦南,2024-10-11,9101
2489,瑞軒,16,0,16,群益金鼎-敦南,2024-10-11,9101
4956,光鋐,105,89,16,群益金鼎-敦南,2024-10-11,9101
2498,宏達電,15,0,15,群益金鼎-敦南,2024-10-11,9101
2313,華通,16,1,15,群益金鼎-敦南,2024-10-11,9101
2344,華邦電,16,1,15,群益金鼎-敦南,2024-10-11,9101
00878,國泰永續高股息,22,8,14,群益金鼎-敦南,2024-10-11,9101
00655L,國泰中國A50正2,14,0,14,群益金鼎-敦南,2024-10-11,9101
00632R,元大台灣50反1,13,0,13,群益金鼎-敦南,2024-10-11,9101
3501,維熹,12,0,12,群益金鼎-敦南,2024-10-11,9101
2472,立隆電,12,0,12,群益金鼎-敦南,2024-10-11,9101
00877,復華中國5G,12,0,12,群益金鼎-敦南,2024-10-11,9101
1721,三晃,14,2,12,群益金鼎-敦南,2024-10-11,9101
3162,精確,28,16,12,群益金鼎-敦南,2024-10-11,9101
006206,元大上證50,12,0,12,群益金鼎-敦南,2024-10-11,9101
6153,嘉聯益,22,10,12,群益金鼎-敦南,2024-10-11,9101
3380,明泰,23,12,11,群益金鼎-敦南,2024-10-11,9101
8089,康全電訊,11,0,11,群益金鼎-敦南,2024-10-11,9101
3591,艾笛森,18,7,11,群益金鼎-敦南,2024-10-11,9101
2906,高林,11,0,11,群益金鼎-敦南,2024-10-11,9101
3443,創意,10,0,10,群益金鼎-敦南,2024-10-11,9101
0056,元大高股息,11,1,10,群益金鼎-敦南,2024-10-11,9101
4123,晟德,12,2,10,群益金鼎-敦南,2024-10-11,9101
3188,鑫龍騰,10,0,10,群益金鼎-敦南,2024-10-11,9101
3416,融程電,10,0,10,群益金鼎-敦南,2024-10-11,9101
00773B,中信優先金融債,10,0,10,群益金鼎-敦南,2024-10-11,9101
2606,裕民,10,0,10,群益金鼎-敦南,2024-10-11,9101
3058,立德,10,0,10,群益金鼎-敦南,2024-10-11,9101
6104,創惟,14,4,10,群益金鼎-敦南,2024-10-11,9101
1799,易威,9,0,9,群益金鼎-敦南,2024-10-11,9101
00937B,群益ESG投等債20,220,32,188,群益金鼎-敦南,2024-10-14,9101
00948B,中信優息投資級債,168,10,158,群益金鼎-敦南,2024-10-14,9101
2312,金寶,211,110,101,群益金鼎-敦南,2024-10-14,9101
00687B,國泰20年美債,104,7,97,群益金鼎-敦南,2024-10-14,9101
00688L,國泰20年美債正2,91,0,91,群益金鼎-敦南,2024-10-14,9101
4919,新唐,264,192,72,群益金鼎-敦南,2024-10-14,9101
3049,精金,200,130,70,群益金鼎-敦南,2024-10-14,9101
3710,連展投控,57,8,49,群益金鼎-敦南,2024-10-14,9101
00637L,元大滬深300正2,95,47,48,群益金鼎-敦南,2024-10-14,9101
00725B,國泰投資級公司債,45,0,45,群益金鼎-敦南,2024-10-14,9101
1464,得力,48,5,43,群益金鼎-敦南,2024-10-14,9101
2302,麗正,41,0,41,群益金鼎-敦南,2024-10-14,9101
1532,勤美,40,0,40,群益金鼎-敦南,2024-10-14,9101
1802,台玻,60,20,40,群益金鼎-敦南,2024-10-14,9101
9105,泰金寶-DR,46,8,38,群益金鼎-敦南,2024-10-14,9101
2486,一詮,181,147,34,群益金鼎-敦南,2024-10-14,9101
8240,華宏,33,0,33,群益金鼎-敦南,2024-10-14,9101
2426,鼎元,46,14,32,群益金鼎-敦南,2024-10-14,9101
0061,元大寶滬深,62,30,32,群益金鼎-敦南,2024-10-14,9101
00650L,復華香港正2,30,0,30,群益金鼎-敦南,2024-10-14,9101
2888,新光金,29,1,28,群益金鼎-敦南,2024-10-14,9101
4979,華星光,34,9,25,群益金鼎-敦南,2024-10-14,9101
3081,聯亞,26,1,25,群益金鼎-敦南,2024-10-14,9101
4956,光鋐,96,71,25,群益金鼎-敦南,2024-10-14,9101
00857B,永豐20年美公債,24,0,24,群益金鼎-敦南,2024-10-14,9101
3363,上詮,25,3,22,群益金鼎-敦南,2024-10-14,9101
00680L,元大美債20正2,22,0,22,群益金鼎-敦南,2024-10-14,9101
00712,復華富時不動產,20,0,20,群益金鼎-敦南,2024-10-14,9101
6425,易發,32,12,20,群益金鼎-敦南,2024-10-14,9101
8163,達方,20,0,20,群益金鼎-敦南,2024-10-14,9101
5014,建錩,20,0,20,群益金鼎-敦南,2024-10-14,9101
2313,華通,23,5,18,群益金鼎-敦南,2024-10-14,9101
00922,國泰台灣領袖50,16,0,16,群益金鼎-敦南,2024-10-14,9101
8028,昇陽半導體,25,10,15,群益金鼎-敦南,2024-10-14,9101
2618,長榮航,16,1,15,群益金鼎-敦南,2024-10-14,9101
6108,競國,15,0,15,群益金鼎-敦南,2024-10-14,9101
3481,群創,16,1,15,群益金鼎-敦南,2024-10-14,9101
6104,創惟,23,9,14,群益金鼎-敦南,2024-10-14,9101
2637,慧洋-KY,13,0,13,群益金鼎-敦南,2024-10-14,9101
8064,東捷,13,0,13,群益金鼎-敦南,2024-10-14,9101
00795B,中信美國公債20年,12,0,12,群益金鼎-敦南,2024-10-14,9101
2838A,聯邦銀甲特,12,0,12,群益金鼎-敦南,2024-10-14,9101
0056,元大高股息,12,0,12,群益金鼎-敦南,2024-10-14,9101
1321,大洋,18,7,11,群益金鼎-敦南,2024-10-14,9101
00923,群益台ESG低碳50,10,0,10,群益金鼎-敦南,2024-10-14,9101
1722,台肥,10,0,10,群益金鼎-敦南,2024-10-14,9101
3189,景碩,10,0,10,群益金鼎-敦南,2024-10-14,9101
4536,拓凱,10,0,10,群益金鼎-敦南,2024-10-14,9101
2903,遠百,10,0,10,群益金鼎-敦南,2024-10-14,9101
00924,復華S＆P500成長,10,0,10,群益金鼎-敦南,2024-10-14,9101
00950B,凱基A級公司債,142,0,142,群益金鼎-敦南,2024-10-15,9101
3605,宏致,184,52,132,群益金鼎-敦南,2024-10-15,9101
00948B,中信優息投資級債,116,11,105,群益金鼎-敦南,2024-10-15,9101
00637L,元大滬深300正2,109,10,99,群益金鼎-敦南,2024-10-15,9101
9105,泰金寶-DR,128,51,77,群益金鼎-敦南,2024-10-15,9101
00882,中信中國高股息,73,8,65,群益金鼎-敦南,2024-10-15,9101
00712,復華富時不動產,58,0,58,群益金鼎-敦南,2024-10-15,9101
00680L,元大美債20正2,55,2,53,群益金鼎-敦南,2024-10-15,9101
00650L,復華香港正2,48,0,48,群益金鼎-敦南,2024-10-15,9101
2399,映泰,70,26,44,群益金鼎-敦南,2024-10-15,9101
00679B,元大美債20年,46,6,40,群益金鼎-敦南,2024-10-15,9101
00687B,國泰20年美債,38,0,38,群益金鼎-敦南,2024-10-15,9101
0061,元大寶滬深,35,0,35,群益金鼎-敦南,2024-10-15,9101
00878,國泰永續高股息,35,6,29,群益金鼎-敦南,2024-10-15,9101
1702,南僑,27,0,27,群益金鼎-敦南,2024-10-15,9101
4729,熒茂,30,3,27,群益金鼎-敦南,2024-10-15,9101
6290,良維,32,5,27,群益金鼎-敦南,2024-10-15,9101
006208,富邦台50,30,3,27,群益金鼎-敦南,2024-10-15,9101
00713,元大台灣高息低波,26,0,26,群益金鼎-敦南,2024-10-15,9101
3081,聯亞,28,2,26,群益金鼎-敦南,2024-10-15,9101
1314,中石化,33,7,26,群益金鼎-敦南,2024-10-15,9101
00733,富邦臺灣中小,25,0,25,群益金鼎-敦南,2024-10-15,9101
8240,華宏,25,0,25,群益金鼎-敦南,2024-10-15,9101
2455,全新,32,9,23,群益金鼎-敦南,2024-10-15,9101
00945B,凱基美國非投等債,20,0,20,群益金鼎-敦南,2024-10-15,9101
8032,光菱,27,8,19,群益金鼎-敦南,2024-10-15,9101
8111,立��,65,46,19,群益金鼎-敦南,2024-10-15,9101
8064,東捷,19,1,18,群益金鼎-敦南,2024-10-15,9101
6425,易發,20,2,18,群益金鼎-敦南,2024-10-15,9101
0056,元大高股息,20,3,17,群益金鼎-敦南,2024-10-15,9101
1309,台達化,17,1,16,群益金鼎-敦南,2024-10-15,9101
00639,富邦深100,17,2,15,群益金鼎-敦南,2024-10-15,9101
3013,晟銘電,27,12,15,群益金鼎-敦南,2024-10-15,9101
8099,大世科,21,6,15,群益金鼎-敦南,2024-10-15,9101
2303,聯電,26,12,14,群益金鼎-敦南,2024-10-15,9101
00725B,國泰投資級公司債,13,0,13,群益金鼎-敦南,2024-10-15,9101
00931B,統一美債20年,13,0,13,群益金鼎-敦南,2024-10-15,9101
2454,聯發科,17,4,13,群益金鼎-敦南,2024-10-15,9101
2312,金寶,44,32,12,群益金鼎-敦南,2024-10-15,9101
3498,陽程,43,31,12,群益金鼎-敦南,2024-10-15,9101
00933B,國泰10Y+金融債,12,0,12,群益金鼎-敦南,2024-10-15,9101
6937,天虹,12,1,11,群益金鼎-敦南,2024-10-15,9101
8039,台虹,11,0,11,群益金鼎-敦南,2024-10-15,9101
00912,中信臺灣智慧50,10,0,10,群益金鼎-敦南,2024-10-15,9101
5014,建錩,10,0,10,群益金鼎-敦南,2024-10-15,9101
1402,遠東新,10,0,10,群益金鼎-敦南,2024-10-15,9101
0051,元大中型100,10,0,10,群益金鼎-敦南,2024-10-15,9101
1711,永光,10,0,10,群益金鼎-敦南,2024-10-15,9101
3093,港建*,12,2,10,群益金鼎-敦南,2024-10-15,9101
6187,萬潤,13,4,9,群益金鼎-敦南,2024-10-15,9101
00680L,元大美債20正2,310,1,309,群益金鼎-敦南,2024-10-16,9101
00637L,元大滬深300正2,181,63,118,群益金鼎-敦南,2024-10-16,9101
1711,永光,70,0,70,群益金鼎-敦南,2024-10-16,9101
1595,川寶,69,4,65,群益金鼎-敦南,2024-10-16,9101
5880,合庫金,52,0,52,群益金鼎-敦南,2024-10-16,9101
00922,國泰台灣領袖50,49,1,48,群益金鼎-敦南,2024-10-16,9101
2342,茂矽,51,3,48,群益金鼎-敦南,2024-10-16,9101
00725B,國泰投資級公司債,45,0,45,群益金鼎-敦南,2024-10-16,9101
0056,元大高股息,42,0,42,群益金鼎-敦南,2024-10-16,9101
00951,台新日本半導體,65,25,40,群益金鼎-敦南,2024-10-16,9101
00687B,國泰20年美債,40,2,38,群益金鼎-敦南,2024-10-16,9101
8032,光菱,94,56,38,群益金鼎-敦南,2024-10-16,9101
2891,中信金,51,15,36,群益金鼎-敦南,2024-10-16,9101
00878,國泰永續高股息,37,2,35,群益金鼎-敦南,2024-10-16,9101
3714,富采,36,2,34,群益金鼎-敦南,2024-10-16,9101
6412,群電,34,0,34,群益金鼎-敦南,2024-10-16,9101
2880,華南金,33,0,33,群益金鼎-敦南,2024-10-16,9101
1802,台玻,32,0,32,群益金鼎-敦南,2024-10-16,9101
3450,聯鈞,84,53,31,群益金鼎-敦南,2024-10-16,9101
00882,中信中國高股息,86,55,31,群益金鼎-敦南,2024-10-16,9101
1718,中纖,31,1,30,群益金鼎-敦南,2024-10-16,9101
4979,華星光,44,17,27,群益金鼎-敦南,2024-10-16,9101
00929,復華台灣科技優息,30,3,27,群益金鼎-敦南,2024-10-16,9101
2442,新美齊,25,0,25,群益金鼎-敦南,2024-10-16,9101
2363,矽統,47,25,22,群益金鼎-敦南,2024-10-16,9101
8097,常珵,32,10,22,群益金鼎-敦南,2024-10-16,9101
2542,興富發,36,15,21,群益金鼎-敦南,2024-10-16,9101
6125,廣運,38,18,20,群益金鼎-敦南,2024-10-16,9101
3257,虹冠電,21,1,20,群益金鼎-敦南,2024-10-16,9101
2883,凱基金,20,1,19,群益金鼎-敦南,2024-10-16,9101
5202,力新,22,5,17,群益金鼎-敦南,2024-10-16,9101
2455,全新,22,6,16,群益金鼎-敦南,2024-10-16,9101
3481,群創,15,0,15,群益金鼎-敦南,2024-10-16,9101
00948B,中信優息投資級債,19,4,15,群益金鼎-敦南,2024-10-16,9101
0050,元大台灣50,15,0,15,群益金鼎-敦南,2024-10-16,9101
2258,鴻華先進-創,14,0,14,群益金鼎-敦南,2024-10-16,9101
2881,富邦金,19,5,14,群益金鼎-敦南,2024-10-16,9101
2002,中鋼,14,1,13,群益金鼎-敦南,2024-10-16,9101
2887,台新金,12,0,12,群益金鼎-敦南,2024-10-16,9101
2356,英業達,12,0,12,群益金鼎-敦南,2024-10-16,9101
00945B,凱基美國非投等債,12,0,12,群益金鼎-敦南,2024-10-16,9101
00675L,富邦臺灣加權正2,17,6,11,群益金鼎-敦南,2024-10-16,9101
2882,國泰金,11,0,11,群益金鼎-敦南,2024-10-16,9101
3149,正達,74,63,11,群益金鼎-敦南,2024-10-16,9101
3551,世禾,10,0,10,群益金鼎-敦南,2024-10-16,9101
3051,力特,10,0,10,群益金鼎-敦南,2024-10-16,9101
3189,景碩,13,3,10,群益金鼎-敦南,2024-10-16,9101
5234,達興材料,15,5,10,群益金鼎-敦南,2024-10-16,9101
2105,正新,10,0,10,群益金鼎-敦南,2024-10-16,9101
2903,遠百,10,0,10,群益金鼎-敦南,2024-10-16,9101
00632R,元大台灣50反1,457,0,457,群益金鼎-敦南,2024-10-17,9101
4956,光鋐,146,2,144,群益金鼎-敦南,2024-10-17,9101
00882,中信中國高股息,86,4,82,群益金鼎-敦南,2024-10-17,9101
2399,映泰,168,93,75,群益金鼎-敦南,2024-10-17,9101
00945B,凱基美國非投等債,75,0,75,群益金鼎-敦南,2024-10-17,9101
00637L,元大滬深300正2,292,219,73,群益金鼎-敦南,2024-10-17,9101
00887,永豐中國科技50大,73,2,71,群益金鼎-敦南,2024-10-17,9101
00959B,大華投等美債15Y+,68,0,68,群益金鼎-敦南,2024-10-17,9101
6136,富爾特,65,0,65,群益金鼎-敦南,2024-10-17,9101
00687B,國泰20年美債,57,3,54,群益金鼎-敦南,2024-10-17,9101
2330,台積電,57,11,46,群益金鼎-敦南,2024-10-17,9101
3498,陽程,105,60,45,群益金鼎-敦南,2024-10-17,9101
00881,國泰台灣5G+,45,1,44,群益金鼎-敦南,2024-10-17,9101
4991,環宇-KY,38,1,37,群益金鼎-敦南,2024-10-17,9101
00941,中信上游半導體,36,0,36,群益金鼎-敦南,2024-10-17,9101
00922,國泰台灣領袖50,35,1,34,群益金鼎-敦南,2024-10-17,9101
00725B,國泰投資級公司債,31,0,31,群益金鼎-敦南,2024-10-17,9101
00688L,國泰20年美債正2,33,8,25,群益金鼎-敦南,2024-10-17,9101
3231,緯創,338,314,24,群益金鼎-敦南,2024-10-17,9101
4526,東台,32,8,24,群益金鼎-敦南,2024-10-17,9101
2543,皇昌,28,5,23,群益金鼎-敦南,2024-10-17,9101
9105,泰金寶-DR,32,11,21,群益金鼎-敦南,2024-10-17,9101
00795B,中信美國公債20年,21,0,21,群益金鼎-敦南,2024-10-17,9101
2402,毅嘉,128,107,21,群益金鼎-敦南,2024-10-17,9101
3013,晟銘電,69,48,21,群益金鼎-敦南,2024-10-17,9101
0056,元大高股息,41,20,21,群益金鼎-敦南,2024-10-17,9101
2303,聯電,20,0,20,群益金鼎-敦南,2024-10-17,9101
3217,優群,20,0,20,群益金鼎-敦南,2024-10-17,9101
00953B,群益優選非投等債,30,10,20,群益金鼎-敦南,2024-10-17,9101
6742,澤米,104,84,20,群益金鼎-敦南,2024-10-17,9101
00642U,期元大S＆P石油,20,0,20,群益金鼎-敦南,2024-10-17,9101
1802,台玻,43,23,20,群益金鼎-敦南,2024-10-17,9101
00679B,元大美債20年,19,0,19,群益金鼎-敦南,2024-10-17,9101
3303,岱稜,21,3,18,群益金鼎-敦南,2024-10-17,9101
00857B,永豐20年美公債,18,0,18,群益金鼎-敦南,2024-10-17,9101
3062,建漢,26,9,17,群益金鼎-敦南,2024-10-17,9101
3591,艾笛森,27,11,16,群益金鼎-敦南,2024-10-17,9101
00937B,群益ESG投等債20,20,5,15,群益金鼎-敦南,2024-10-17,9101
00950B,凱基A級公司債,15,0,15,群益金鼎-敦南,2024-10-17,9101
8374,羅昇,72,57,15,群益金鼎-敦南,2024-10-17,9101
2353,宏��,20,6,14,群益金鼎-敦南,2024-10-17,9101
00951,台新日本半導體,14,0,14,群益金鼎-敦南,2024-10-17,9101
6189,豐藝,13,0,13,群益金鼎-敦南,2024-10-17,9101
2838A,聯邦銀甲特,13,0,13,群益金鼎-敦南,2024-10-17,9101
8028,昇陽半導體,39,27,12,群益金鼎-敦南,2024-10-17,9101
0050,元大台灣50,12,0,12,群益金鼎-敦南,2024-10-17,9101
4903,聯光通,42,30,12,群益金鼎-敦南,2024-10-17,9101
3430,奇鈦科,32,20,12,群益金鼎-敦南,2024-10-17,9101
3709,鑫聯大投控,12,0,12,群益金鼎-敦南,2024-10-17,9101
2382,廣達,20,8,12,群益金鼎-敦南,2024-10-17,9101
00948B,中信優息投資級債,267,0,267,群益金鼎-敦南,2024-10-18,9101
00937B,群益ESG投等債20,256,0,256,群益金鼎-敦南,2024-10-18,9101
00688L,國泰20年美債正2,104,0,104,群益金鼎-敦南,2024-10-18,9101
00706L,期元大S＆P日圓正2,100,0,100,群益金鼎-敦南,2024-10-18,9101
2867,三商壽,75,0,75,群益金鼎-敦南,2024-10-18,9101
00687B,國泰20年美債,70,0,70,群益金鼎-敦南,2024-10-18,9101
3605,宏致,80,11,69,群益金鼎-敦南,2024-10-18,9101
00679B,元大美債20年,73,7,66,群益金鼎-敦南,2024-10-18,9101
00959B,大華投等美債15Y+,62,0,62,群益金鼎-敦南,2024-10-18,9101
3290,東浦,65,10,55,群益金鼎-敦南,2024-10-18,9101
1532,勤美,40,0,40,群益金鼎-敦南,2024-10-18,9101
2886,兆豐金,41,2,39,群益金鼎-敦南,2024-10-18,9101
00715L,期街口布蘭特正2,38,0,38,群益金鼎-敦南,2024-10-18,9101
00680L,元大美債20正2,46,11,35,群益金鼎-敦南,2024-10-18,9101
2543,皇昌,39,4,35,群益金鼎-敦南,2024-10-18,9101
4526,東台,41,7,34,群益金鼎-敦南,2024-10-18,9101
2882,國泰金,37,9,28,群益金鼎-敦南,2024-10-18,9101
0061,元大寶滬深,30,2,28,群益金鼎-敦南,2024-10-18,9101
2449,京元電子,41,15,26,群益金鼎-敦南,2024-10-18,9101
6136,富爾特,25,0,25,群益金鼎-敦南,2024-10-18,9101
4540,全球傳動,232,207,25,群益金鼎-敦南,2024-10-18,9101
3380,明泰,27,5,22,群益金鼎-敦南,2024-10-18,9101
5014,建錩,21,0,21,群益金鼎-敦南,2024-10-18,9101
3257,虹冠電,20,0,20,群益金鼎-敦南,2024-10-18,9101
8064,東捷,81,61,20,群益金鼎-敦南,2024-10-18,9101
2342,茂矽,20,0,20,群益金鼎-敦南,2024-10-18,9101
3591,艾笛森,20,1,19,群益金鼎-敦南,2024-10-18,9101
4711,永純,32,13,19,群益金鼎-敦南,2024-10-18,9101
4510,高鋒,154,135,19,群益金鼎-敦南,2024-10-18,9101
00931B,統一美債20年,18,0,18,群益金鼎-敦南,2024-10-18,9101
6213,聯茂,18,0,18,群益金鼎-敦南,2024-10-18,9101
4542,科嶠,79,62,17,群益金鼎-敦南,2024-10-18,9101
1216,統一,19,2,17,群益金鼎-敦南,2024-10-18,9101
2504,國產,16,0,16,群益金鼎-敦南,2024-10-18,9101
2913,農林,16,0,16,群益金鼎-敦南,2024-10-18,9101
2402,毅嘉,33,17,16,群益金鼎-敦南,2024-10-18,9101
2363,矽統,162,147,15,群益金鼎-敦南,2024-10-18,9101
3081,聯亞,15,0,15,群益金鼎-敦南,2024-10-18,9101
00772B,中信高評級公司債,20,5,15,群益金鼎-敦南,2024-10-18,9101
00933B,國泰10Y+金融債,15,0,15,群益金鼎-敦南,2024-10-18,9101
6187,萬潤,15,1,14,群益金鼎-敦南,2024-10-18,9101
3303,岱稜,15,1,14,群益金鼎-敦南,2024-10-18,9101
9933,中鼎,14,0,14,群益金鼎-敦南,2024-10-18,9101
6770,力積電,14,0,14,群益金鼎-敦南,2024-10-18,9101
00905,FT臺灣Smart,13,0,13,群益金鼎-敦南,2024-10-18,9101
00795B,中信美國公債20年,13,0,13,群益金鼎-敦南,2024-10-18,9101
5484,慧友,13,0,13,群益金鼎-敦南,2024-10-18,9101
8111,立��,28,16,12,群益金鼎-敦南,2024-10-18,9101
0056,元大高股息,19,7,12,群益金鼎-敦南,2024-10-18,9101
2489,瑞軒,13,1,12,群益金鼎-敦南,2024-10-18,9101
00753L,中信中國50正2,250,3,247,群益金鼎-敦南,2024-10-21,9101
00937B,群益ESG投等債20,184,2,182,群益金鼎-敦南,2024-10-21,9101
00637L,元大滬深300正2,251,86,165,群益金鼎-敦南,2024-10-21,9101
00948B,中信優息投資級債,154,2,152,群益金鼎-敦南,2024-10-21,9101
00715L,期街口布蘭特正2,103,0,103,群益金鼎-敦南,2024-10-21,9101
2049,上銀,102,0,102,群益金鼎-敦南,2024-10-21,9101
00632R,元大台灣50反1,80,0,80,群益金鼎-敦南,2024-10-21,9101
2356,英業達,176,108,68,群益金鼎-敦南,2024-10-21,9101
6742,澤米,212,153,59,群益金鼎-敦南,2024-10-21,9101
00882,中信中國高股息,47,0,47,群益金鼎-敦南,2024-10-21,9101
3537,堡達,40,0,40,群益金鼎-敦南,2024-10-21,9101
00959B,大華投等美債15Y+,38,0,38,群益金鼎-敦南,2024-10-21,9101
1301,台塑,35,0,35,群益金鼎-敦南,2024-10-21,9101
00945B,凱基美國非投等債,34,0,34,群益金鼎-敦南,2024-10-21,9101
00687B,國泰20年美債,40,7,33,群益金鼎-敦南,2024-10-21,9101
2880,華南金,31,0,31,群益金鼎-敦南,2024-10-21,9101
00887,永豐中國科技50大,35,4,31,群益金鼎-敦南,2024-10-21,9101
1711,永光,41,11,30,群益金鼎-敦南,2024-10-21,9101
00656R,國泰中國A50反1,30,0,30,群益金鼎-敦南,2024-10-21,9101
1539,巨庭,40,12,28,群益金鼎-敦南,2024-10-21,9101
2891,中信金,333,306,27,群益金鼎-敦南,2024-10-21,9101
2867,三商壽,24,0,24,群益金鼎-敦南,2024-10-21,9101
6187,萬潤,23,0,23,群益金鼎-敦南,2024-10-21,9101
00679B,元大美債20年,22,1,21,群益金鼎-敦南,2024-10-21,9101
00953B,群益優選非投等債,21,0,21,群益金鼎-敦南,2024-10-21,9101
00688L,國泰20年美債正2,31,10,21,群益金鼎-敦南,2024-10-21,9101
00905,FT臺灣Smart,26,5,21,群益金鼎-敦南,2024-10-21,9101
00950B,凱基A級公司債,20,0,20,群益金鼎-敦南,2024-10-21,9101
00639,富邦深100,20,0,20,群益金鼎-敦南,2024-10-21,9101
00680L,元大美債20正2,20,0,20,群益金鼎-敦南,2024-10-21,9101
3390,旭軟,20,0,20,群益金鼎-敦南,2024-10-21,9101
1815,富喬,24,5,19,群益金鼎-敦南,2024-10-21,9101
3014,聯陽,20,1,19,群益金鼎-敦南,2024-10-21,9101
3711,日月光投控,22,3,19,群益金鼎-敦南,2024-10-21,9101
6937,天虹,18,0,18,群益金鼎-敦南,2024-10-21,9101
00878,國泰永續高股息,19,2,17,群益金鼎-敦南,2024-10-21,9101
2881,富邦金,22,5,17,群益金鼎-敦南,2024-10-21,9101
3430,奇鈦科,17,1,16,群益金鼎-敦南,2024-10-21,9101
2498,宏達電,15,0,15,群益金鼎-敦南,2024-10-21,9101
4561,健椿,29,15,14,群益金鼎-敦南,2024-10-21,9101
6005,群益證,14,0,14,群益金鼎-敦南,2024-10-21,9101
4510,高鋒,21,7,14,群益金鼎-敦南,2024-10-21,9101
2303,聯電,18,5,13,群益金鼎-敦南,2024-10-21,9101
2883,凱基金,13,0,13,群益金鼎-敦南,2024-10-21,9101
00713,元大台灣高息低波,13,0,13,群益金鼎-敦南,2024-10-21,9101
00795B,中信美國公債20年,12,0,12,群益金鼎-敦南,2024-10-21,9101
00951,台新日本半導體,12,0,12,群益金鼎-敦南,2024-10-21,9101
00942B,台新美A公司債20+,12,0,12,群益金鼎-敦南,2024-10-21,9101
00725B,國泰投資級公司債,12,0,12,群益金鼎-敦南,2024-10-21,9101
4123,晟德,15,3,12,群益金鼎-敦南,2024-10-21,9101
00948B,中信優息投資級債,306,0,306,群益金鼎-敦南,2024-10-22,9101
3011,今皓,465,219,246,群益金鼎-敦南,2024-10-22,9101
00679B,元大美債20年,103,6,97,群益金鼎-敦南,2024-10-22,9101
00688L,國泰20年美債正2,81,0,81,群益金鼎-敦南,2024-10-22,9101
00959B,大華投等美債15Y+,79,0,79,群益金鼎-敦南,2024-10-22,9101
3049,精金,95,33,62,群益金鼎-敦南,2024-10-22,9101
4533,協易機,129,70,59,群益金鼎-敦南,2024-10-22,9101
00887,永豐中國科技50大,58,1,57,群益金鼎-敦南,2024-10-22,9101
00933B,國泰10Y+金融債,56,0,56,群益金鼎-敦南,2024-10-22,9101
00795B,中信美國公債20年,51,1,50,群益金鼎-敦南,2024-10-22,9101
5460,同協,50,0,50,群益金鼎-敦南,2024-10-22,9101
1307,三芳,48,0,48,群益金鼎-敦南,2024-10-22,9101
4729,熒茂,112,70,42,群益金鼎-敦南,2024-10-22,9101
6136,富爾特,40,0,40,群益金鼎-敦南,2024-10-22,9101
6116,彩晶,32,1,31,群益金鼎-敦南,2024-10-22,9101
2436,偉詮電,30,0,30,群益金鼎-敦南,2024-10-22,9101
6187,萬潤,30,0,30,群益金鼎-敦南,2024-10-22,9101
5284,jpp-KY,29,1,28,群益金鼎-敦南,2024-10-22,9101
8249,菱光,31,6,25,群益金鼎-敦南,2024-10-22,9101
00945B,凱基美國非投等債,27,2,25,群益金鼎-敦南,2024-10-22,9101
00712,復華富時不動產,25,1,24,群益金鼎-敦南,2024-10-22,9101
3481,群創,26,3,23,群益金鼎-敦南,2024-10-22,9101
8112,至上,23,0,23,群益金鼎-敦南,2024-10-22,9101
3437,榮創,23,0,23,群益金鼎-敦南,2024-10-22,9101
4540,全球傳動,62,40,22,群益金鼎-敦南,2024-10-22,9101
3015,全漢,21,0,21,群益金鼎-敦南,2024-10-22,9101
00950B,凱基A級公司債,20,0,20,群益金鼎-敦南,2024-10-22,9101
0050,元大台灣50,19,0,19,群益金鼎-敦南,2024-10-22,9101
5452,佶優,30,11,19,群益金鼎-敦南,2024-10-22,9101
2303,聯電,19,0,19,群益金鼎-敦南,2024-10-22,9101
2374,佳能,18,0,18,群益金鼎-敦南,2024-10-22,9101
6603,富強鑫,50,33,17,群益金鼎-敦南,2024-10-22,9101
1474,弘裕,16,0,16,群益金鼎-敦南,2024-10-22,9101
00919,群益台灣精選高息,25,10,15,群益金鼎-敦南,2024-10-22,9101
2399,映泰,100,85,15,群益金鼎-敦南,2024-10-22,9101
00725B,國泰投資級公司債,15,1,14,群益金鼎-敦南,2024-10-22,9101
8027,鈦昇,41,28,13,群益金鼎-敦南,2024-10-22,9101
1301,台塑,14,1,13,群益金鼎-敦南,2024-10-22,9101
8039,台虹,21,9,12,群益金鼎-敦南,2024-10-22,9101
2342,茂矽,12,0,12,群益金鼎-敦南,2024-10-22,9101
00720B,元大投資級公司債,15,3,12,群益金鼎-敦南,2024-10-22,9101
6138,茂達,16,5,11,群益金鼎-敦南,2024-10-22,9101
00953B,群益優選非投等債,11,0,11,群益金鼎-敦南,2024-10-22,9101
1595,川寶,290,279,11,群益金鼎-敦南,2024-10-22,9101
00941,中信上游半導體,10,0,10,群益金鼎-敦南,2024-10-22,9101
00773B,中信優先金融債,10,0,10,群益金鼎-敦南,2024-10-22,9101
6005,群益證,13,3,10,群益金鼎-敦南,2024-10-22,9101
00942B,台新美A公司債20+,10,0,10,群益金鼎-敦南,2024-10-22,9101
3703,欣陸,10,0,10,群益金鼎-敦南,2024-10-22,9101
00934,中信成長高股息,10,0,10,群益金鼎-敦南,2024-10-22,9101
00937B,群益ESG投等債20,224,0,224,群益金鼎-敦南,2024-10-23,9101
00687B,國泰20年美債,135,1,134,群益金鼎-敦南,2024-10-23,9101
00948B,中信優息投資級債,92,0,92,群益金鼎-敦南,2024-10-23,9101
00688L,國泰20年美債正2,100,18,82,群益金鼎-敦南,2024-10-23,9101
4576,大銀微系統,56,1,55,群益金鼎-敦南,2024-10-23,9101
00857B,永豐20年美公債,54,0,54,群益金鼎-敦南,2024-10-23,9101
1702,南僑,50,0,50,群益金鼎-敦南,2024-10-23,9101
1711,永光,104,56,48,群益金鼎-敦南,2024-10-23,9101
4916,事欣科,46,5,41,群益金鼎-敦南,2024-10-23,9101
00953B,群益優選非投等債,37,0,37,群益金鼎-敦南,2024-10-23,9101
5202,力新,37,4,33,群益金鼎-敦南,2024-10-23,9101
00959B,大華投等美債15Y+,32,0,32,群益金鼎-敦南,2024-10-23,9101
0050,元大台灣50,32,1,31,群益金鼎-敦南,2024-10-23,9101
00650L,復華香港正2,30,0,30,群益金鼎-敦南,2024-10-23,9101
6405,悅城,75,46,29,群益金鼎-敦南,2024-10-23,9101
5386,青雲,30,1,29,群益金鼎-敦南,2024-10-23,9101
3715,定穎投控,30,3,27,群益金鼎-敦南,2024-10-23,9101
00878,國泰永續高股息,26,0,26,群益金鼎-敦南,2024-10-23,9101
00715L,期街口布蘭特正2,25,0,25,群益金鼎-敦南,2024-10-23,9101
1524,耿鼎,39,15,24,群益金鼎-敦南,2024-10-23,9101
00632R,元大台灣50反1,20,0,20,群益金鼎-敦南,2024-10-23,9101
6187,萬潤,20,0,20,群益金鼎-敦南,2024-10-23,9101
00951,台新日本半導體,20,0,20,群益金鼎-敦南,2024-10-23,9101
4711,永純,30,10,20,群益金鼎-敦南,2024-10-23,9101
3686,達能,20,0,20,群益金鼎-敦南,2024-10-23,9101
9105,泰金寶-DR,20,0,20,群益金鼎-敦南,2024-10-23,9101
1513,中興電,27,7,20,群益金鼎-敦南,2024-10-23,9101
3209,全科,28,9,19,群益金鼎-敦南,2024-10-23,9101
00887,永豐中國科技50大,34,15,19,群益金鼎-敦南,2024-10-23,9101
8032,光菱,30,13,17,群益金鼎-敦南,2024-10-23,9101
2303,聯電,15,0,15,群益金鼎-敦南,2024-10-23,9101
00680L,元大美債20正2,15,0,15,群益金鼎-敦南,2024-10-23,9101
2618,長榮航,14,0,14,群益金鼎-敦南,2024-10-23,9101
1809,中釉,14,0,14,群益金鼎-敦南,2024-10-23,9101
00918,大華優利高填息30,13,0,13,群益金鼎-敦南,2024-10-23,9101
00950B,凱基A級公司債,13,0,13,群益金鼎-敦南,2024-10-23,9101
6151,晉倫,32,19,13,群益金鼎-敦南,2024-10-23,9101
00764B,群益25年美債,12,0,12,群益金鼎-敦南,2024-10-23,9101
1595,川寶,21,9,12,群益金鼎-敦南,2024-10-23,9101
4526,東台,64,53,11,群益金鼎-敦南,2024-10-23,9101
00712,復華富時不動產,11,0,11,群益金鼎-敦南,2024-10-23,9101
1718,中纖,11,0,11,群益金鼎-敦南,2024-10-23,9101
6152,百一,13,2,11,群益金鼎-敦南,2024-10-23,9101
1717,長興,11,1,10,群益金鼎-敦南,2024-10-23,9101
6005,群益證,10,0,10,群益金鼎-敦南,2024-10-23,9101
1101,台泥,10,0,10,群益金鼎-敦南,2024-10-23,9101
3322,建舜電,10,0,10,群益金鼎-敦南,2024-10-23,9101
2498,宏達電,14,4,10,群益金鼎-敦南,2024-10-23,9101
3013,晟銘電,28,19,9,群益金鼎-敦南,2024-10-23,9101
5284,jpp-KY,20,11,9,群益金鼎-敦南,2024-10-23,9101
00887,永豐中國科技50大,232,58,174,群益金鼎-敦南,2024-10-24,9101
00948B,中信優息投資級債,141,0,141,群益金鼎-敦南,2024-10-24,9101
6136,富爾特,126,0,126,群益金鼎-敦南,2024-10-24,9101
00706L,期元大S＆P日圓正2,70,0,70,群益金鼎-敦南,2024-10-24,9101
0056,元大高股息,62,1,61,群益金鼎-敦南,2024-10-24,9101
4729,熒茂,71,13,58,群益金鼎-敦南,2024-10-24,9101
1528,恩德,149,94,55,群益金鼎-敦南,2024-10-24,9101
00919,群益台灣精選高息,48,0,48,群益金鼎-敦南,2024-10-24,9101
00637L,元大滬深300正2,154,110,44,群益金鼎-敦南,2024-10-24,9101
2891,中信金,63,20,43,群益金鼎-敦南,2024-10-24,9101
2303,聯電,43,5,38,群益金鼎-敦南,2024-10-24,9101
3209,全科,36,1,35,群益金鼎-敦南,2024-10-24,9101
8249,菱光,41,13,28,群益金鼎-敦南,2024-10-24,9101
1809,中釉,51,26,25,群益金鼎-敦南,2024-10-24,9101
2002,中鋼,24,0,24,群益金鼎-敦南,2024-10-24,9101
6104,創惟,36,12,24,群益金鼎-敦南,2024-10-24,9101
00679B,元大美債20年,24,1,23,群益金鼎-敦南,2024-10-24,9101
2374,佳能,28,6,22,群益金鼎-敦南,2024-10-24,9101
4768,晶呈科技,20,0,20,群益金鼎-敦南,2024-10-24,9101
6168,宏齊,20,0,20,群益金鼎-敦南,2024-10-24,9101
00937B,群益ESG投等債20,159,140,19,群益金鼎-敦南,2024-10-24,9101
1721,三晃,53,34,19,群益金鼎-敦南,2024-10-24,9101
00713,元大台灣高息低波,19,0,19,群益金鼎-敦南,2024-10-24,9101
00950B,凱基A級公司債,18,0,18,群益金鼎-敦南,2024-10-24,9101
3551,世禾,61,43,18,群益金鼎-敦南,2024-10-24,9101
00720B,元大投資級公司債,17,0,17,群益金鼎-敦南,2024-10-24,9101
4916,事欣科,16,0,16,群益金鼎-敦南,2024-10-24,9101
4566,時碩工業,20,4,16,群益金鼎-敦南,2024-10-24,9101
00878,國泰永續高股息,16,0,16,群益金鼎-敦南,2024-10-24,9101
3663,鑫科,53,38,15,群益金鼎-敦南,2024-10-24,9101
6187,萬潤,15,0,15,群益金鼎-敦南,2024-10-24,9101
00945B,凱基美國非投等債,15,0,15,群益金鼎-敦南,2024-10-24,9101
2388,威盛,23,8,15,群益金鼎-敦南,2024-10-24,9101
00753L,中信中國50正2,14,0,14,群益金鼎-敦南,2024-10-24,9101
1522,堤維西,14,0,14,群益金鼎-敦南,2024-10-24,9101
8070,長華*,17,3,14,群益金鼎-敦南,2024-10-24,9101
2312,金寶,16,3,13,群益金鼎-敦南,2024-10-24,9101
8234,新漢,12,0,12,群益金鼎-敦南,2024-10-24,9101
2845,遠東銀,12,0,12,群益金鼎-敦南,2024-10-24,9101
3437,榮創,12,0,12,群益金鼎-敦南,2024-10-24,9101
00918,大華優利高填息30,11,0,11,群益金鼎-敦南,2024-10-24,9101
6005,群益證,11,0,11,群益金鼎-敦南,2024-10-24,9101
2543,皇昌,40,29,11,群益金鼎-敦南,2024-10-24,9101
2009,第一銅,11,0,11,群益金鼎-敦南,2024-10-24,9101
2206,三陽工業,11,0,11,群益金鼎-敦南,2024-10-24,9101
4533,協易機,11,0,11,群益金鼎-敦南,2024-10-24,9101
2903,遠百,11,0,11,群益金鼎-敦南,2024-10-24,9101
3689,湧德,12,1,11,群益金鼎-敦南,2024-10-24,9101
2329,華泰,12,2,10,群益金鼎-敦南,2024-10-24,9101
1720,生達,10,0,10,群益金鼎-敦南,2024-10-24,9101
3081,聯亞,189,65,124,群益金鼎-敦南,2024-10-25,9101
2646,星宇航空,340,236,104,群益金鼎-敦南,2024-10-25,9101
2489,瑞軒,133,62,71,群益金鼎-敦南,2024-10-25,9101
3360,尚立,70,6,64,群益金鼎-敦南,2024-10-25,9101
3481,群創,66,2,64,群益金鼎-敦南,2024-10-25,9101
00931B,統一美債20年,53,0,53,群益金鼎-敦南,2024-10-25,9101
00948B,中信優息投資級債,50,2,48,群益金鼎-敦南,2024-10-25,9101
00687B,國泰20年美債,43,1,42,群益金鼎-敦南,2024-10-25,9101
2495,普安,405,368,37,群益金鼎-敦南,2024-10-25,9101
00951,台新日本半導體,35,0,35,群益金鼎-敦南,2024-10-25,9101
2455,全新,36,4,32,群益金鼎-敦南,2024-10-25,9101
1595,川寶,36,6,30,群益金鼎-敦南,2024-10-25,9101
2303,聯電,30,0,30,群益金鼎-敦南,2024-10-25,9101
00937B,群益ESG投等債20,31,2,29,群益金鼎-敦南,2024-10-25,9101
00959B,大華投等美債15Y+,27,0,27,群益金鼎-敦南,2024-10-25,9101
00891,中信關鍵半導體,27,1,26,群益金鼎-敦南,2024-10-25,9101
00878,國泰永續高股息,26,2,24,群益金鼎-敦南,2024-10-25,9101
2356,英業達,115,92,23,群益金鼎-敦南,2024-10-25,9101
00927,群益半導體收益,21,0,21,群益金鼎-敦南,2024-10-25,9101
0056,元大高股息,21,0,21,群益金鼎-敦南,2024-10-25,9101
00950B,凱基A級公司債,20,0,20,群益金鼎-敦南,2024-10-25,9101
8043,蜜望實,38,18,20,群益金鼎-敦南,2024-10-25,9101
00915,凱基優選高股息30,19,0,19,群益金鼎-敦南,2024-10-25,9101
2342,茂矽,25,6,19,群益金鼎-敦南,2024-10-25,9101
6290,良維,20,2,18,群益金鼎-敦南,2024-10-25,9101
2344,華邦電,18,0,18,群益金鼎-敦南,2024-10-25,9101
1528,恩德,55,38,17,群益金鼎-敦南,2024-10-25,9101
2363,矽統,19,3,16,群益金鼎-敦南,2024-10-25,9101
3715,定穎投控,30,14,16,群益金鼎-敦南,2024-10-25,9101
00665L,富邦�琤肭磪囓�2,22,6,16,群益金鼎-敦南,2024-10-25,9101
2402,毅嘉,21,6,15,群益金鼎-敦南,2024-10-25,9101
00679B,元大美債20年,16,1,15,群益金鼎-敦南,2024-10-25,9101
6235,華孚,68,53,15,群益金鼎-敦南,2024-10-25,9101
2542,興富發,19,7,12,群益金鼎-敦南,2024-10-25,9101
2427,三商電,38,26,12,群益金鼎-敦南,2024-10-25,9101
00922,國泰台灣領袖50,11,0,11,群益金鼎-敦南,2024-10-25,9101
1321,大洋,32,21,11,群益金鼎-敦南,2024-10-25,9101
6282,康舒,12,1,11,群益金鼎-敦南,2024-10-25,9101
8032,光菱,27,16,11,群益金鼎-敦南,2024-10-25,9101
4566,時碩工業,21,11,10,群益金鼎-敦南,2024-10-25,9101
2105,正新,10,0,10,群益金鼎-敦南,2024-10-25,9101
00953B,群益優選非投等債,10,0,10,群益金鼎-敦南,2024-10-25,9101
2887,台新金,10,0,10,群益金鼎-敦南,2024-10-25,9101
3037,欣興,14,5,9,群益金鼎-敦南,2024-10-25,9101
00688L,國泰20年美債正2,9,0,9,群益金鼎-敦南,2024-10-25,9101
6163,華電網,9,0,9,群益金鼎-敦南,2024-10-25,9101
2429,銘旺科,9,0,9,群益金鼎-敦南,2024-10-25,9101
4974,亞泰,9,0,9,群益金鼎-敦南,2024-10-25,9101
2477,美隆電,18,10,8,群益金鼎-敦南,2024-10-25,9101
00725B,國泰投資級公司債,8,0,8,群益金鼎-敦南,2024-10-25,9101
6136,富爾特,247,0,247,群益金鼎-敦南,2024-10-28,9101
00948B,中信優息投資級債,187,10,177,群益金鼎-敦南,2024-10-28,9101
6509,聚和,130,10,120,群益金鼎-敦南,2024-10-28,9101
6283,淳安,248,149,99,群益金鼎-敦南,2024-10-28,9101
2845,遠東銀,95,0,95,群益金鼎-敦南,2024-10-28,9101
00688L,國泰20年美債正2,74,2,72,群益金鼎-敦南,2024-10-28,9101
2399,映泰,78,9,69,群益金鼎-敦南,2024-10-28,9101
1532,勤美,70,4,66,群益金鼎-敦南,2024-10-28,9101
8021,尖點,159,105,54,群益金鼎-敦南,2024-10-28,9101
00679B,元大美債20年,54,0,54,群益金鼎-敦南,2024-10-28,9101
2342,茂矽,50,0,50,群益金鼎-敦南,2024-10-28,9101
00687B,國泰20年美債,98,51,47,群益金鼎-敦南,2024-10-28,9101
8107,大億金茂,112,67,45,群益金鼎-敦南,2024-10-28,9101
5521,工信,45,10,35,群益金鼎-敦南,2024-10-28,9101
3622,洋華,33,0,33,群益金鼎-敦南,2024-10-28,9101
9105,泰金寶-DR,44,12,32,群益金鼎-敦南,2024-10-28,9101
00959B,大華投等美債15Y+,32,0,32,群益金鼎-敦南,2024-10-28,9101
00637L,元大滬深300正2,29,0,29,群益金鼎-敦南,2024-10-28,9101
2317,鴻海,65,38,27,群益金鼎-敦南,2024-10-28,9101
3231,緯創,42,17,25,群益金鼎-敦南,2024-10-28,9101
00680L,元大美債20正2,34,10,24,群益金鼎-敦南,2024-10-28,9101
4903,聯光通,31,9,22,群益金鼎-敦南,2024-10-28,9101
2892,第一金,20,0,20,群益金鼎-敦南,2024-10-28,9101
00738U,期元大道瓊白銀,20,0,20,群益金鼎-敦南,2024-10-28,9101
00795B,中信美國公債20年,21,1,20,群益金鼎-敦南,2024-10-28,9101
3588,通嘉,21,2,19,群益金鼎-敦南,2024-10-28,9101
3715,定穎投控,47,28,19,群益金鼎-敦南,2024-10-28,9101
00931B,統一美債20年,17,0,17,群益金鼎-敦南,2024-10-28,9101
9919,康那香,17,0,17,群益金鼎-敦南,2024-10-28,9101
6770,力積電,32,16,16,群益金鼎-敦南,2024-10-28,9101
00857B,永豐20年美公債,16,0,16,群益金鼎-敦南,2024-10-28,9101
00720B,元大投資級公司債,15,0,15,群益金鼎-敦南,2024-10-28,9101
2303,聯電,21,7,14,群益金鼎-敦南,2024-10-28,9101
00772B,中信高評級公司債,14,0,14,群益金鼎-敦南,2024-10-28,9101
00922,國泰台灣領袖50,13,0,13,群益金鼎-敦南,2024-10-28,9101
2230,泰茂,13,0,13,群益金鼎-敦南,2024-10-28,9101
3002,歐格,38,25,13,群益金鼎-敦南,2024-10-28,9101
00919,群益台灣精選高息,15,3,12,群益金鼎-敦南,2024-10-28,9101
2884,玉山金,12,0,12,群益金鼎-敦南,2024-10-28,9101
1336,台翰,19,7,12,群益金鼎-敦南,2024-10-28,9101
2385,群光,12,0,12,群益金鼎-敦南,2024-10-28,9101
3290,東浦,12,0,12,群益金鼎-敦南,2024-10-28,9101
2495,普安,71,59,12,群益金鼎-敦南,2024-10-28,9101
00882,中信中國高股息,17,5,12,群益金鼎-敦南,2024-10-28,9101
3149,正達,23,11,12,群益金鼎-敦南,2024-10-28,9101
3062,建漢,11,0,11,群益金鼎-敦南,2024-10-28,9101
00950B,凱基A級公司債,11,0,11,群益金鼎-敦南,2024-10-28,9101
5488,松普,14,3,11,群益金鼎-敦南,2024-10-28,9101
2486,一詮,175,164,11,群益金鼎-敦南,2024-10-28,9101
4123,晟德,15,4,11,群益金鼎-敦南,2024-10-28,9101
00945B,凱基美國非投等債,100,0,100,群益金鼎-敦南,2024-10-29,9101
00929,復華台灣科技優息,95,5,90,群益金鼎-敦南,2024-10-29,9101
6593,台灣銘板,85,7,78,群益金鼎-敦南,2024-10-29,9101
00878,國泰永續高股息,80,6,74,群益金鼎-敦南,2024-10-29,9101
00918,大華優利高填息30,68,0,68,群益金鼎-敦南,2024-10-29,9101
00937B,群益ESG投等債20,86,26,60,群益金鼎-敦南,2024-10-29,9101
2303,聯電,63,12,51,群益金鼎-敦南,2024-10-29,9101
3081,聯亞,43,3,40,群益金鼎-敦南,2024-10-29,9101
00919,群益台灣精選高息,61,26,35,群益金鼎-敦南,2024-10-29,9101
1449,佳和,100,65,35,群益金鼎-敦南,2024-10-29,9101
00922,國泰台灣領袖50,34,0,34,群益金鼎-敦南,2024-10-29,9101
2342,茂矽,34,0,34,群益金鼎-敦南,2024-10-29,9101
2543,皇昌,55,22,33,群益金鼎-敦南,2024-10-29,9101
3622,洋華,27,0,27,群益金鼎-敦南,2024-10-29,9101
00946,群益科技高息成長,24,0,24,群益金鼎-敦南,2024-10-29,9101
00938,凱基優選30,24,0,24,群益金鼎-敦南,2024-10-29,9101
00948B,中信優息投資級債,22,0,22,群益金鼎-敦南,2024-10-29,9101
6136,富爾特,20,0,20,群益金鼎-敦南,2024-10-29,9101
00949,復華日本龍頭,20,0,20,群益金鼎-敦南,2024-10-29,9101
006208,富邦台50,19,0,19,群益金鼎-敦南,2024-10-29,9101
0056,元大高股息,38,20,18,群益金鼎-敦南,2024-10-29,9101
3687,歐買尬,26,8,18,群益金鼎-敦南,2024-10-29,9101
5481,新華,16,0,16,群益金鼎-敦南,2024-10-29,9101
2027,大成鋼,17,2,15,群益金鼎-敦南,2024-10-29,9101
3552,同致,15,1,14,群益金鼎-敦南,2024-10-29,9101
00680L,元大美債20正2,21,7,14,群益金鼎-敦南,2024-10-29,9101
3311,閎暉,49,35,14,群益金鼎-敦南,2024-10-29,9101
00713,元大台灣高息低波,14,0,14,群益金鼎-敦南,2024-10-29,9101
0050,元大台灣50,49,36,13,群益金鼎-敦南,2024-10-29,9101
00712,復華富時不動產,13,0,13,群益金鼎-敦南,2024-10-29,9101
00795B,中信美國公債20年,14,1,13,群益金鼎-敦南,2024-10-29,9101
3715,定穎投控,24,12,12,群益金鼎-敦南,2024-10-29,9101
2881,富邦金,12,0,12,群益金鼎-敦南,2024-10-29,9101
6235,華孚,27,15,12,群益金鼎-敦南,2024-10-29,9101
2337,旺宏,12,0,12,群益金鼎-敦南,2024-10-29,9101
3231,緯創,16,5,11,群益金鼎-敦南,2024-10-29,9101
00631L,元大台灣50正2,11,0,11,群益金鼎-敦南,2024-10-29,9101
00675L,富邦臺灣加權正2,18,7,11,群益金鼎-敦南,2024-10-29,9101
8032,光菱,113,103,10,群益金鼎-敦南,2024-10-29,9101
00932,兆豐永續高息等權,10,0,10,群益金鼎-敦南,2024-10-29,9101
00690,兆豐藍籌30,10,0,10,群益金鼎-敦南,2024-10-29,9101
1314,中石化,10,0,10,群益金鼎-敦南,2024-10-29,9101
8374,羅昇,10,0,10,群益金鼎-敦南,2024-10-29,9101
3188,鑫龍騰,10,0,10,群益金鼎-敦南,2024-10-29,9101
6142,友勁,10,0,10,群益金鼎-敦南,2024-10-29,9101
6757,台灣虎航,10,0,10,群益金鼎-敦南,2024-10-29,9101
1321,大洋,37,27,10,群益金鼎-敦南,2024-10-29,9101
2313,華通,10,0,10,群益金鼎-敦南,2024-10-29,9101
00959B,大華投等美債15Y+,10,0,10,群益金鼎-敦南,2024-10-29,9101
1336,台翰,12,2,10,群益金鼎-敦南,2024-10-29,9101
00882,中信中國高股息,119,18,101,群益金鼎-敦南,2024-10-30,9101
00937B,群益ESG投等債20,68,0,68,群益金鼎-敦南,2024-10-30,9101
6153,嘉聯益,68,0,68,群益金鼎-敦南,2024-10-30,9101
00637L,元大滬深300正2,67,3,64,群益金鼎-敦南,2024-10-30,9101
3311,閎暉,81,36,45,群益金鼎-敦南,2024-10-30,9101
00687B,國泰20年美債,51,10,41,群益金鼎-敦南,2024-10-30,9101
6187,萬潤,40,0,40,群益金鼎-敦南,2024-10-30,9101
3709,鑫聯大投控,50,12,38,群益金鼎-敦南,2024-10-30,9101
00753L,中信中國50正2,90,55,35,群益金鼎-敦南,2024-10-30,9101
00712,復華富時不動產,29,0,29,群益金鼎-敦南,2024-10-30,9101
3230,錦明,26,0,26,群益金鼎-敦南,2024-10-30,9101
2337,旺宏,27,2,25,群益金鼎-敦南,2024-10-30,9101
2002,中鋼,22,0,22,群益金鼎-敦南,2024-10-30,9101
00852L,國泰美國道瓊正2,20,0,20,群益金鼎-敦南,2024-10-30,9101
00929,復華台灣科技優息,19,0,19,群益金鼎-敦南,2024-10-30,9101
8249,菱光,27,9,18,群益金鼎-敦南,2024-10-30,9101
2342,茂矽,17,0,17,群益金鼎-敦南,2024-10-30,9101
00919,群益台灣精選高息,25,10,15,群益金鼎-敦南,2024-10-30,9101
00927,群益半導體收益,15,0,15,群益金鼎-敦南,2024-10-30,9101
2303,聯電,18,3,15,群益金鼎-敦南,2024-10-30,9101
1445,大宇,14,0,14,群益金鼎-敦南,2024-10-30,9101
0056,元大高股息,13,0,13,群益金鼎-敦南,2024-10-30,9101
4919,新唐,45,32,13,群益金鼎-敦南,2024-10-30,9101
2881,富邦金,12,0,12,群益金鼎-敦南,2024-10-30,9101
2388,威盛,31,19,12,群益金鼎-敦南,2024-10-30,9101
6283,淳安,12,1,11,群益金鼎-敦南,2024-10-30,9101
8107,大億金茂,59,48,11,群益金鼎-敦南,2024-10-30,9101
4956,光鋐,11,0,11,群益金鼎-敦南,2024-10-30,9101
4909,新復興,13,2,11,群益金鼎-敦南,2024-10-30,9101
3552,同致,13,2,11,群益金鼎-敦南,2024-10-30,9101
1727,中華化,10,0,10,群益金鼎-敦南,2024-10-30,9101
6264,富裔,10,0,10,群益金鼎-敦南,2024-10-30,9101
3257,虹冠電,10,0,10,群益金鼎-敦南,2024-10-30,9101
00961,FT臺灣永續高息,10,0,10,群益金鼎-敦南,2024-10-30,9101
1301,台塑,10,0,10,群益金鼎-敦南,2024-10-30,9101
00700,富邦�琤肭磪�,10,0,10,群益金鼎-敦南,2024-10-30,9101
00706L,期元大S＆P日圓正2,10,0,10,群益金鼎-敦南,2024-10-30,9101
2327,國巨,11,2,9,群益金鼎-敦南,2024-10-30,9101
8099,大世科,10,1,9,群益金鼎-敦南,2024-10-30,9101
3149,正達,15,6,9,群益金鼎-敦南,2024-10-30,9101
3303,岱稜,10,1,9,群益金鼎-敦南,2024-10-30,9101
00679B,元大美債20年,8,0,8,群益金鼎-敦南,2024-10-30,9101
1560,中砂,11,3,8,群益金鼎-敦南,2024-10-30,9101
2421,建準,8,0,8,群益金鼎-敦南,2024-10-30,9101
2331,精英,23,15,8,群益金鼎-敦南,2024-10-30,9101
006205,富邦上証,7,0,7,群益金鼎-敦南,2024-10-30,9101
6284,佳邦,7,0,7,群益金鼎-敦南,2024-10-30,9101
8421,旭源,7,0,7,群益金鼎-敦南,2024-10-30,9101
9958,世紀鋼,6,0,6,群益金鼎-敦南,2024-10-30,9101
6191,精成科,6,0,6,群益金鼎-敦南,2024-10-30,9101
00680L,元大美債20正2,361,0,361,群益金鼎-敦南,2024-11-01,9101
00948B,中信優息投資級債,211,0,211,群益金鼎-敦南,2024-11-01,9101
6136,富爾特,155,0,155,群益金鼎-敦南,2024-11-01,9101
00951,台新日本半導體,60,10,50,群益金鼎-敦南,2024-11-01,9101
6593,台灣銘板,122,75,47,群益金鼎-敦南,2024-11-01,9101
8044,網家,46,1,45,群益金鼎-敦南,2024-11-01,9101
2303,聯電,56,17,39,群益金鼎-敦南,2024-11-01,9101
00915,凱基優選高股息30,37,0,37,群益金鼎-敦南,2024-11-01,9101
6126,信音,36,0,36,群益金鼎-敦南,2024-11-01,9101
00878,國泰永續高股息,36,0,36,群益金鼎-敦南,2024-11-01,9101
00919,群益台灣精選高息,44,10,34,群益金鼎-敦南,2024-11-01,9101
00929,復華台灣科技優息,38,6,32,群益金鼎-敦南,2024-11-01,9101
2376,技嘉,54,22,32,群益金鼎-敦南,2024-11-01,9101
3447,展達,29,0,29,群益金鼎-敦南,2024-11-01,9101
6835,圓裕,28,0,28,群益金鼎-敦南,2024-11-01,9101
2329,華泰,40,14,26,群益金鼎-敦南,2024-11-01,9101
1532,勤美,30,5,25,群益金鼎-敦南,2024-11-01,9101
1802,台玻,25,0,25,群益金鼎-敦南,2024-11-01,9101
3081,聯亞,33,9,24,群益金鼎-敦南,2024-11-01,9101
00937B,群益ESG投等債20,24,0,24,群益金鼎-敦南,2024-11-01,9101
00945B,凱基美國非投等債,24,0,24,群益金鼎-敦南,2024-11-01,9101
00940,元大台灣價值高息,23,0,23,群益金鼎-敦南,2024-11-01,9101
2397,友通,28,5,23,群益金鼎-敦南,2024-11-01,9101
00922,國泰台灣領袖50,22,0,22,群益金鼎-敦南,2024-11-01,9101
2880,華南金,21,0,21,群益金鼎-敦南,2024-11-01,9101
00712,復華富時不動產,21,0,21,群益金鼎-敦南,2024-11-01,9101
2317,鴻海,42,21,21,群益金鼎-敦南,2024-11-01,9101
00918,大華優利高填息30,20,0,20,群益金鼎-敦南,2024-11-01,9101
2458,義隆,21,1,20,群益金鼎-敦南,2024-11-01,9101
6168,宏齊,20,0,20,群益金鼎-敦南,2024-11-01,9101
2337,旺宏,18,0,18,群益金鼎-敦南,2024-11-01,9101
2477,美隆電,34,18,16,群益金鼎-敦南,2024-11-01,9101
2812,台中銀,15,0,15,群益金鼎-敦南,2024-11-01,9101
2884,玉山金,15,0,15,群益金鼎-敦南,2024-11-01,9101
2101,南港,15,0,15,群益金鼎-敦南,2024-11-01,9101
0056,元大高股息,14,0,14,群益金鼎-敦南,2024-11-01,9101
3047,訊舟,19,5,14,群益金鼎-敦南,2024-11-01,9101
00720B,元大投資級公司債,14,0,14,群益金鼎-敦南,2024-11-01,9101
2330,台積電,21,7,14,群益金鼎-敦南,2024-11-01,9101
00946,群益科技高息成長,14,1,13,群益金鼎-敦南,2024-11-01,9101
8111,立��,24,11,13,群益金鼎-敦南,2024-11-01,9101
2881,富邦金,22,10,12,群益金鼎-敦南,2024-11-01,9101
8249,菱光,25,13,12,群益金鼎-敦南,2024-11-01,9101
00939,統一台灣高息動能,13,2,11,群益金鼎-敦南,2024-11-01,9101
3303,岱稜,22,11,11,群益金鼎-敦南,2024-11-01,9101
6197,佳必琪,23,12,11,群益金鼎-敦南,2024-11-01,9101
6177,達麗,12,1,11,群益金鼎-敦南,2024-11-01,9101
2543,皇昌,14,4,10,群益金鼎-敦南,2024-11-01,9101
6104,創惟,12,2,10,群益金鼎-敦南,2024-11-01,9101
00713,元大台灣高息低波,9,0,9,群益金鼎-敦南,2024-11-01,9101
00937B,群益ESG投等債20,167,0,167,群益金鼎-敦南,2024-11-04,9101
2317,鴻海,183,63,120,群益金鼎-敦南,2024-11-04,9101
6593,台灣銘板,129,75,54,群益金鼎-敦南,2024-11-04,9101
1449,佳和,50,2,48,群益金鼎-敦南,2024-11-04,9101
00878,國泰永續高股息,94,47,47,群益金鼎-敦南,2024-11-04,9101
2646,星宇航空,107,62,45,群益金鼎-敦南,2024-11-04,9101
00953B,群益優選非投等債,41,0,41,群益金鼎-敦南,2024-11-04,9101
5315,光聯,43,8,35,群益金鼎-敦南,2024-11-04,9101
2303,聯電,38,4,34,群益金鼎-敦南,2024-11-04,9101
00919,群益台灣精選高息,39,5,34,群益金鼎-敦南,2024-11-04,9101
3230,錦明,40,8,32,群益金鼎-敦南,2024-11-04,9101
00948B,中信優息投資級債,28,0,28,群益金鼎-敦南,2024-11-04,9101
2376,技嘉,29,4,25,群益金鼎-敦南,2024-11-04,9101
5443,均豪,41,17,24,群益金鼎-敦南,2024-11-04,9101
00637L,元大滬深300正2,34,10,24,群益金鼎-敦南,2024-11-04,9101
2543,皇昌,26,4,22,群益金鼎-敦南,2024-11-04,9101
6153,嘉聯益,22,0,22,群益金鼎-敦南,2024-11-04,9101
8032,光菱,128,107,21,群益金鼎-敦南,2024-11-04,9101
00643,群益深証中小,101,80,21,群益金鼎-敦南,2024-11-04,9101
9904,寶成,21,1,20,群益金鼎-敦南,2024-11-04,9101
5202,力新,24,4,20,群益金鼎-敦南,2024-11-04,9101
00688L,國泰20年美債正2,20,0,20,群益金鼎-敦南,2024-11-04,9101
00932,兆豐永續高息等權,19,0,19,群益金鼎-敦南,2024-11-04,9101
00933B,國泰10Y+金融債,18,0,18,群益金鼎-敦南,2024-11-04,9101
2883,凱基金,17,0,17,群益金鼎-敦南,2024-11-04,9101
00959B,大華投等美債15Y+,16,0,16,群益金鼎-敦南,2024-11-04,9101
00950B,凱基A級公司債,15,0,15,群益金鼎-敦南,2024-11-04,9101
1802,台玻,15,0,15,群益金鼎-敦南,2024-11-04,9101
00882,中信中國高股息,15,0,15,群益金鼎-敦南,2024-11-04,9101
8111,立��,33,18,15,群益金鼎-敦南,2024-11-04,9101
2892,第一金,15,0,15,群益金鼎-敦南,2024-11-04,9101
2609,陽明,31,17,14,群益金鼎-敦南,2024-11-04,9101
1531,高林股,14,0,14,群益金鼎-敦南,2024-11-04,9101
8249,菱光,79,65,14,群益金鼎-敦南,2024-11-04,9101
3490,單井,15,2,13,群益金鼎-敦南,2024-11-04,9101
3149,正達,18,5,13,群益金鼎-敦南,2024-11-04,9101
4977,眾達-KY,14,1,13,群益金鼎-敦南,2024-11-04,9101
00712,復華富時不動產,12,0,12,群益金鼎-敦南,2024-11-04,9101
2027,大成鋼,17,5,12,群益金鼎-敦南,2024-11-04,9101
6283,淳安,12,0,12,群益金鼎-敦南,2024-11-04,9101
6859,伯特光,12,0,12,群益金鼎-敦南,2024-11-04,9101
2337,旺宏,11,0,11,群益金鼎-敦南,2024-11-04,9101
00930,永豐ESG低碳高息,11,0,11,群益金鼎-敦南,2024-11-04,9101
2371,大同,17,6,11,群益金鼎-敦南,2024-11-04,9101
00931B,統一美債20年,10,0,10,群益金鼎-敦南,2024-11-04,9101
00719B,元大美債1-3,10,0,10,群益金鼎-敦南,2024-11-04,9101
2615,萬海,177,167,10,群益金鼎-敦南,2024-11-04,9101
3550,聯穎,28,18,10,群益金鼎-敦南,2024-11-04,9101
00669R,國泰美國道瓊反1,10,0,10,群益金鼎-敦南,2024-11-04,9101
00891,中信關鍵半導體,10,0,10,群益金鼎-敦南,2024-11-04,9101
00878,國泰永續高股息,183,5,178,群益金鼎-敦南,2024-11-05,9101
8032,光菱,152,13,139,群益金鼎-敦南,2024-11-05,9101
00953B,群益優選非投等債,120,2,118,群益金鼎-敦南,2024-11-05,9101
3363,上詮,74,0,74,群益金鼎-敦南,2024-11-05,9101
00887,永豐中國科技50大,61,10,51,群益金鼎-敦南,2024-11-05,9101
00688L,國泰20年美債正2,50,5,45,群益金鼎-敦南,2024-11-05,9101
00687B,國泰20年美債,32,0,32,群益金鼎-敦南,2024-11-05,9101
6546,正基,31,1,30,群益金鼎-敦南,2024-11-05,9101
00679B,元大美債20年,35,9,26,群益金鼎-敦南,2024-11-05,9101
3714,富采,127,104,23,群益金鼎-敦南,2024-11-05,9101
00632R,元大台灣50反1,23,0,23,群益金鼎-敦南,2024-11-05,9101
6279,胡連,23,0,23,群益金鼎-敦南,2024-11-05,9101
00637L,元大滬深300正2,106,83,23,群益金鼎-敦南,2024-11-05,9101
1595,川寶,26,5,21,群益金鼎-敦南,2024-11-05,9101
6136,富爾特,21,0,21,群益金鼎-敦南,2024-11-05,9101
6838,台新藥,20,0,20,群益金鼎-敦南,2024-11-05,9101
00915,凱基優選高股息30,20,0,20,群益金鼎-敦南,2024-11-05,9101
2431,聯昌,44,26,18,群益金鼎-敦南,2024-11-05,9101
2399,映泰,34,17,17,群益金鼎-敦南,2024-11-05,9101
2887,台新金,17,0,17,群益金鼎-敦南,2024-11-05,9101
8107,大億金茂,54,39,15,群益金鼎-敦南,2024-11-05,9101
9105,泰金寶-DR,15,0,15,群益金鼎-敦南,2024-11-05,9101
2405,輔信,14,1,13,群益金鼎-敦南,2024-11-05,9101
3706,神達,11,1,10,群益金鼎-敦南,2024-11-05,9101
3209,全科,10,0,10,群益金鼎-敦南,2024-11-05,9101
00948B,中信優息投資級債,13,3,10,群益金鼎-敦南,2024-11-05,9101
00639,富邦深100,10,0,10,群益金鼎-敦南,2024-11-05,9101
00650L,復華香港正2,10,0,10,群益金鼎-敦南,2024-11-05,9101
1708,東鹼,10,0,10,群益金鼎-敦南,2024-11-05,9101
2347,聯強,10,0,10,群益金鼎-敦南,2024-11-05,9101
6550,北極星藥業-KY,10,0,10,群益金鼎-敦南,2024-11-05,9101
00643,群益深証中小,90,81,9,群益金鼎-敦南,2024-11-05,9101
4915,致伸,9,0,9,群益金鼎-敦南,2024-11-05,9101
4903,聯光通,51,42,9,群益金鼎-敦南,2024-11-05,9101
1528,恩德,27,18,9,群益金鼎-敦南,2024-11-05,9101
6412,群電,9,0,9,群益金鼎-敦南,2024-11-05,9101
1702,南僑,8,0,8,群益金鼎-敦南,2024-11-05,9101
2888,新光金,8,0,8,群益金鼎-敦南,2024-11-05,9101
00932,兆豐永續高息等權,7,0,7,群益金鼎-敦南,2024-11-05,9101
006208,富邦台50,7,0,7,群益金鼎-敦南,2024-11-05,9101
1438,三地開發,7,0,7,群益金鼎-敦南,2024-11-05,9101
3025,星通,13,6,7,群益金鼎-敦南,2024-11-05,9101
4909,新復興,8,1,7,群益金鼎-敦南,2024-11-05,9101
6182,合晶,7,0,7,群益金鼎-敦南,2024-11-05,9101
6216,居易,11,4,7,群益金鼎-敦南,2024-11-05,9101
4958,臻鼎-KY,7,0,7,群益金鼎-敦南,2024-11-05,9101
00891,中信關鍵半導體,7,0,7,群益金鼎-敦南,2024-11-05,9101
6274,台燿,6,0,6,群益金鼎-敦南,2024-11-05,9101
5907,大洋-KY,8,2,6,群益金鼎-敦南,2024-11-05,9101
4561,健椿,6,0,6,群益金鼎-敦南,2024-11-05,9101
00680L,元大美債20正2,356,10,346,群益金鼎-敦南,2024-11-06,9101
00753L,中信中國50正2,270,10,260,群益金鼎-敦南,2024-11-06,9101
8044,網家,155,0,155,群益金鼎-敦南,2024-11-06,9101
00937B,群益ESG投等債20,175,25,150,群益金鼎-敦南,2024-11-06,9101
00688L,國泰20年美債正2,141,0,141,群益金鼎-敦南,2024-11-06,9101
00687B,國泰20年美債,137,1,136,群益金鼎-敦南,2024-11-06,9101
00679B,元大美債20年,119,30,89,群益金鼎-敦南,2024-11-06,9101
2312,金寶,185,124,61,群益金鼎-敦南,2024-11-06,9101
00795B,中信美國公債20年,59,2,57,群益金鼎-敦南,2024-11-06,9101
00950B,凱基A級公司債,50,0,50,群益金鼎-敦南,2024-11-06,9101
6546,正基,52,9,43,群益金鼎-敦南,2024-11-06,9101
2399,映泰,48,14,34,群益金鼎-敦南,2024-11-06,9101
00959B,大華投等美債15Y+,30,0,30,群益金鼎-敦南,2024-11-06,9101
6136,富爾特,28,0,28,群益金鼎-敦南,2024-11-06,9101
00887,永豐中國科技50大,100,73,27,群益金鼎-敦南,2024-11-06,9101
1802,台玻,30,5,25,群益金鼎-敦南,2024-11-06,9101
6279,胡連,27,2,25,群益金鼎-敦南,2024-11-06,9101
2317,鴻海,39,16,23,群益金鼎-敦南,2024-11-06,9101
00632R,元大台灣50反1,42,20,22,群益金鼎-敦南,2024-11-06,9101
00940,元大台灣價值高息,25,4,21,群益金鼎-敦南,2024-11-06,9101
8249,菱光,233,213,20,群益金鼎-敦南,2024-11-06,9101
6589,台康生技,207,187,20,群益金鼎-敦南,2024-11-06,9101
2231,為升,20,0,20,群益金鼎-敦南,2024-11-06,9101
2303,聯電,43,24,19,群益金鼎-敦南,2024-11-06,9101
8084,巨虹,18,0,18,群益金鼎-敦南,2024-11-06,9101
4991,環宇-KY,45,28,17,群益金鼎-敦南,2024-11-06,9101
4919,新唐,21,5,16,群益金鼎-敦南,2024-11-06,9101
00830,國泰費城半導體,17,1,16,群益金鼎-敦南,2024-11-06,9101
2344,華邦電,19,4,15,群益金鼎-敦南,2024-11-06,9101
6442,光聖,16,2,14,群益金鼎-敦南,2024-11-06,9101
5907,大洋-KY,21,8,13,群益金鼎-敦南,2024-11-06,9101
00665L,富邦�琤肭磪囓�2,13,0,13,群益金鼎-敦南,2024-11-06,9101
00919,群益台灣精選高息,25,13,12,群益金鼎-敦南,2024-11-06,9101
6770,力積電,12,0,12,群益金鼎-敦南,2024-11-06,9101
2101,南港,12,0,12,群益金鼎-敦南,2024-11-06,9101
3303,岱稜,30,18,12,群益金鼎-敦南,2024-11-06,9101
5438,東友,54,43,11,群益金鼎-敦南,2024-11-06,9101
2465,麗臺,11,0,11,群益金鼎-敦南,2024-11-06,9101
8070,長華*,27,16,11,群益金鼎-敦南,2024-11-06,9101
6446,藥華藥,11,1,10,群益金鼎-敦南,2024-11-06,9101
2331,精英,20,10,10,群益金鼎-敦南,2024-11-06,9101
8107,大億金茂,15,5,10,群益金鼎-敦南,2024-11-06,9101
006208,富邦台50,10,1,9,群益金鼎-敦南,2024-11-06,9101
2062,橋椿,10,1,9,群益金鼎-敦南,2024-11-06,9101
00931B,統一美債20年,9,0,9,群益金鼎-敦南,2024-11-06,9101
2014,中鴻,11,2,9,群益金鼎-敦南,2024-11-06,9101
1307,三芳,26,17,9,群益金鼎-敦南,2024-11-06,9101
2405,輔信,10,1,9,群益金鼎-敦南,2024-11-06,9101
4558,寶緯,9,0,9,群益金鼎-敦南,2024-11-06,9101
2867,三商壽,9,0,9,群益金鼎-敦南,2024-11-06,9101
2409,友達,501,4,497,群益金鼎-敦南,2024-11-07,9101
2314,台揚,121,0,121,群益金鼎-敦南,2024-11-07,9101
8261,富鼎,112,25,87,群益金鼎-敦南,2024-11-07,9101
3714,富采,68,0,68,群益金鼎-敦南,2024-11-07,9101
8107,大億金茂,65,7,58,群益金鼎-敦南,2024-11-07,9101
9105,泰金寶-DR,380,326,54,群益金鼎-敦南,2024-11-07,9101
2007,燁興,65,20,45,群益金鼎-敦南,2024-11-07,9101
00679B,元大美債20年,56,16,40,群益金鼎-敦南,2024-11-07,9101
6279,胡連,37,4,33,群益金鼎-敦南,2024-11-07,9101
4919,新唐,37,5,32,群益金鼎-敦南,2024-11-07,9101
2356,英業達,46,18,28,群益金鼎-敦南,2024-11-07,9101
3481,群創,45,18,27,群益金鼎-敦南,2024-11-07,9101
00860B,群益1-5Y投資級債,25,0,25,群益金鼎-敦南,2024-11-07,9101
6125,廣運,24,0,24,群益金鼎-敦南,2024-11-07,9101
8044,網家,25,1,24,群益金鼎-敦南,2024-11-07,9101
6213,聯茂,30,7,23,群益金鼎-敦南,2024-11-07,9101
3483,力致,22,0,22,群益金鼎-敦南,2024-11-07,9101
3363,上詮,20,0,20,群益金鼎-敦南,2024-11-07,9101
3552,同致,20,1,19,群益金鼎-敦南,2024-11-07,9101
2543,皇昌,21,2,19,群益金鼎-敦南,2024-11-07,9101
4916,事欣科,29,10,19,群益金鼎-敦南,2024-11-07,9101
6136,富爾特,19,0,19,群益金鼎-敦南,2024-11-07,9101
1301,台塑,21,4,17,群益金鼎-敦南,2024-11-07,9101
8047,星雲,20,3,17,群益金鼎-敦南,2024-11-07,9101
00959B,大華投等美債15Y+,16,0,16,群益金鼎-敦南,2024-11-07,9101
00919,群益台灣精選高息,31,16,15,群益金鼎-敦南,2024-11-07,9101
3709,鑫聯大投控,15,0,15,群益金鼎-敦南,2024-11-07,9101
6806,森崴能源,15,0,15,群益金鼎-敦南,2024-11-07,9101
2603,長榮,21,7,14,群益金鼎-敦南,2024-11-07,9101
8027,鈦昇,15,1,14,群益金鼎-敦南,2024-11-07,9101
2330,台積電,27,13,14,群益金鼎-敦南,2024-11-07,9101
1314,中石化,13,0,13,群益金鼎-敦南,2024-11-07,9101
3706,神達,56,43,13,群益金鼎-敦南,2024-11-07,9101
00688L,國泰20年美債正2,13,0,13,群益金鼎-敦南,2024-11-07,9101
2332,友訊,14,2,12,群益金鼎-敦南,2024-11-07,9101
2002,中鋼,12,0,12,群益金鼎-敦南,2024-11-07,9101
6290,良維,14,2,12,群益金鼎-敦南,2024-11-07,9101
1528,恩德,24,12,12,群益金鼎-敦南,2024-11-07,9101
00655L,國泰中國A50正2,21,9,12,群益金鼎-敦南,2024-11-07,9101
3625,西勝,12,0,12,群益金鼎-敦南,2024-11-07,9101
6438,迅得,20,8,12,群益金鼎-敦南,2024-11-07,9101
8240,華宏,12,0,12,群益金鼎-敦南,2024-11-07,9101
00830,國泰費城半導體,12,0,12,群益金鼎-敦南,2024-11-07,9101
4906,正文,11,0,11,群益金鼎-敦南,2024-11-07,9101
5386,青雲,43,32,11,群益金鼎-敦南,2024-11-07,9101
6266,泰詠,11,0,11,群益金鼎-敦南,2024-11-07,9101
0056,元大高股息,20,10,10,群益金鼎-敦南,2024-11-07,9101
6170,統振,10,0,10,群益金鼎-敦南,2024-11-07,9101
00942B,台新美A公司債20+,10,0,10,群益金鼎-敦南,2024-11-07,9101
2851,中再保,10,0,10,群益金鼎-敦南,2024-11-07,9101
00637L,元大滬深300正2,368,61,307,群益金鼎-敦南,2024-11-08,9101
6136,富爾特,119,0,119,群益金鼎-敦南,2024-11-08,9101
2382,廣達,124,16,108,群益金鼎-敦南,2024-11-08,9101
00948B,中信優息投資級債,106,0,106,群益金鼎-敦南,2024-11-08,9101
6546,正基,81,0,81,群益金鼎-敦南,2024-11-08,9101
00687B,國泰20年美債,74,4,70,群益金鼎-敦南,2024-11-08,9101
2354,鴻準,193,134,59,群益金鼎-敦南,2024-11-08,9101
00830,國泰費城半導體,49,2,47,群益金鼎-敦南,2024-11-08,9101
00753L,中信中國50正2,186,140,46,群益金鼎-敦南,2024-11-08,9101
8240,華宏,41,6,35,群益金鼎-敦南,2024-11-08,9101
2312,金寶,43,9,34,群益金鼎-敦南,2024-11-08,9101
00943,兆豐電子高息等權,28,0,28,群益金鼎-敦南,2024-11-08,9101
8021,尖點,29,2,27,群益金鼎-敦南,2024-11-08,9101
00929,復華台灣科技優息,27,2,25,群益金鼎-敦南,2024-11-08,9101
2356,英業達,121,95,26,群益金鼎-敦南,2024-11-08,9101
00915,凱基優選高股息30,25,0,25,群益金鼎-敦南,2024-11-08,9101
00877,復華中國5G,25,0,25,群益金鼎-敦南,2024-11-08,9101
00680L,元大美債20正2,24,1,23,群益金鼎-敦南,2024-11-08,9101
3709,鑫聯大投控,22,0,22,群益金鼎-敦南,2024-11-08,9101
4971,IET-KY,117,96,21,群益金鼎-敦南,2024-11-08,9101
4430,耀億,32,12,20,群益金鼎-敦南,2024-11-08,9101
3363,上詮,20,0,20,群益金鼎-敦南,2024-11-08,9101
2324,仁寶,203,184,19,群益金鼎-敦南,2024-11-08,9101
3481,群創,26,7,19,群益金鼎-敦南,2024-11-08,9101
3209,全科,20,1,19,群益金鼎-敦南,2024-11-08,9101
1307,三芳,19,1,18,群益金鼎-敦南,2024-11-08,9101
5443,均豪,18,0,18,群益金鼎-敦南,2024-11-08,9101
6104,創惟,19,2,17,群益金鼎-敦南,2024-11-08,9101
2929,淘帝-KY,20,3,17,群益金鼎-敦南,2024-11-08,9101
00860B,群益1-5Y投資級債,15,0,15,群益金鼎-敦南,2024-11-08,9101
4915,致伸,15,0,15,群益金鼎-敦南,2024-11-08,9101
6609,瀧澤科,31,17,14,群益金鼎-敦南,2024-11-08,9101
00878,國泰永續高股息,18,4,14,群益金鼎-敦南,2024-11-08,9101
2646,星宇航空,14,1,13,群益金鼎-敦南,2024-11-08,9101
3062,建漢,113,101,12,群益金鼎-敦南,2024-11-08,9101
4991,環宇-KY,44,32,12,群益金鼎-敦南,2024-11-08,9101
2834,臺企銀,11,0,11,群益金鼎-敦南,2024-11-08,9101
1809,中釉,11,0,11,群益金鼎-敦南,2024-11-08,9101
8227,巨有科技,11,0,11,群益金鼎-敦南,2024-11-08,9101
1314,中石化,11,0,11,群益金鼎-敦南,2024-11-08,9101
1711,永光,11,0,11,群益金鼎-敦南,2024-11-08,9101
00713,元大台灣高息低波,14,4,10,群益金鼎-敦南,2024-11-08,9101
2353,宏��,10,0,10,群益金鼎-敦南,2024-11-08,9101
2363,矽統,17,7,10,群益金鼎-敦南,2024-11-08,9101
3520,華盈,10,0,10,群益金鼎-敦南,2024-11-08,9101
2486,一詮,29,19,10,群益金鼎-敦南,2024-11-08,9101
2231,為升,10,0,10,群益金鼎-敦南,2024-11-08,9101
2007,燁興,10,0,10,群益金鼎-敦南,2024-11-08,9101
2459,敦吉,10,0,10,群益金鼎-敦南,2024-11-08,9101
5225,東科-KY,10,0,10,群益金鼎-敦南,2024-11-08,9101
6288,聯嘉,267,150,117,群益金鼎-敦南,2024-11-11,9101
2354,鴻準,219,151,68,群益金鼎-敦南,2024-11-11,9101
00878,國泰永續高股息,58,5,53,群益金鼎-敦南,2024-11-11,9101
2106,建大,48,0,48,群益金鼎-敦南,2024-11-11,9101
00688L,國泰20年美債正2,59,14,45,群益金鼎-敦南,2024-11-11,9101
2888,新光金,40,0,40,群益金鼎-敦南,2024-11-11,9101
00753L,中信中國50正2,118,84,34,群益金鼎-敦南,2024-11-11,9101
2312,金寶,63,32,31,群益金鼎-敦南,2024-11-11,9101
00946,群益科技高息成長,38,10,28,群益金鼎-敦南,2024-11-11,9101
2527,宏璟,29,1,28,群益金鼎-敦南,2024-11-11,9101
4527,方土霖,26,0,26,群益金鼎-敦南,2024-11-11,9101
2612,中航,24,0,24,群益金鼎-敦南,2024-11-11,9101
00915,凱基優選高股息30,24,3,21,群益金鼎-敦南,2024-11-11,9101
1474,弘裕,22,1,21,群益金鼎-敦南,2024-11-11,9101
3363,上詮,20,0,20,群益金鼎-敦南,2024-11-11,9101
4942,嘉彰,19,0,19,群益金鼎-敦南,2024-11-11,9101
8111,立��,21,4,17,群益金鼎-敦南,2024-11-11,9101
4971,IET-KY,22,7,15,群益金鼎-敦南,2024-11-11,9101
4153,鈺緯,15,0,15,群益金鼎-敦南,2024-11-11,9101
3081,聯亞,15,0,15,群益金鼎-敦南,2024-11-11,9101
2369,菱生,15,0,15,群益金鼎-敦南,2024-11-11,9101
2313,華通,15,0,15,群益金鼎-敦南,2024-11-11,9101
00943,兆豐電子高息等權,15,0,15,群益金鼎-敦南,2024-11-11,9101
00712,復華富時不動產,20,5,15,群益金鼎-敦南,2024-11-11,9101
0056,元大高股息,16,2,14,群益金鼎-敦南,2024-11-11,9101
3037,欣興,15,1,14,群益金鼎-敦南,2024-11-11,9101
00751B,元大AAA至A公司債,14,0,14,群益金鼎-敦南,2024-11-11,9101
00719B,元大美債1-3,12,0,12,群益金鼎-敦南,2024-11-11,9101
2449,京元電子,40,28,12,群益金鼎-敦南,2024-11-11,9101
5258,虹堡,13,2,11,群益金鼎-敦南,2024-11-11,9101
3710,連展投控,11,0,11,群益金鼎-敦南,2024-11-11,9101
3062,建漢,24,13,11,群益金鼎-敦南,2024-11-11,9101
8249,菱光,12,1,11,群益金鼎-敦南,2024-11-11,9101
00959B,大華投等美債15Y+,10,0,10,群益金鼎-敦南,2024-11-11,9101
2062,橋椿,10,0,10,群益金鼎-敦南,2024-11-11,9101
2231,為升,10,0,10,群益金鼎-敦南,2024-11-11,9101
4555,氣立,10,0,10,群益金鼎-敦南,2024-11-11,9101
4532,瑞智,10,0,10,群益金鼎-敦南,2024-11-11,9101
1536,和大,10,0,10,群益金鼎-敦南,2024-11-11,9101
6156,松上,10,0,10,群益金鼎-敦南,2024-11-11,9101
00713,元大台灣高息低波,11,1,10,群益金鼎-敦南,2024-11-11,9101
2328,廣宇,12,2,10,群益金鼎-敦南,2024-11-11,9101
3481,群創,11,1,10,群益金鼎-敦南,2024-11-11,9101
00675L,富邦臺灣加權正2,15,6,9,群益金鼎-敦南,2024-11-11,9101
00665L,富邦�琤肭磪囓�2,10,1,9,群益金鼎-敦南,2024-11-11,9101
1449,佳和,139,130,9,群益金鼎-敦南,2024-11-11,9101
2542,興富發,9,1,8,群益金鼎-敦南,2024-11-11,9101
006208,富邦台50,12,3,9,群益金鼎-敦南,2024-11-11,9101
1326,台化,9,1,8,群益金鼎-敦南,2024-11-11,9101
2066,世德,8,0,8,群益金鼎-敦南,2024-11-11,9101
00680L,元大美債20正2,406,16,390,群益金鼎-敦南,2024-11-12,9101
2891,中信金,86,3,83,群益金鼎-敦南,2024-11-12,9101
3149,正達,75,7,68,群益金鼎-敦南,2024-11-12,9101
00688L,國泰20年美債正2,50,0,50,群益金鼎-敦南,2024-11-12,9101
0056,元大高股息,63,16,47,群益金鼎-敦南,2024-11-12,9101
6136,富爾特,47,0,47,群益金鼎-敦南,2024-11-12,9101
1336,台翰,65,19,46,群益金鼎-敦南,2024-11-12,9101
00878,國泰永續高股息,85,40,45,群益金鼎-敦南,2024-11-12,9101
00929,復華台灣科技優息,49,9,40,群益金鼎-敦南,2024-11-12,9101
6546,正基,39,0,39,群益金鼎-敦南,2024-11-12,9101
00675L,富邦臺灣加權正2,39,0,39,群益金鼎-敦南,2024-11-12,9101
00933B,國泰10Y+金融債,43,5,38,群益金鼎-敦南,2024-11-12,9101
4942,嘉彰,35,0,35,群益金鼎-敦南,2024-11-12,9101
00951,台新日本半導體,33,0,33,群益金鼎-敦南,2024-11-12,9101
00924,復華S＆P500成長,32,1,31,群益金鼎-敦南,2024-11-12,9101
00664R,國泰臺灣加權反1,30,0,30,群益金鼎-敦南,2024-11-12,9101
1201,味全,30,0,30,群益金鼎-敦南,2024-11-12,9101
2106,建大,30,0,30,群益金鼎-敦南,2024-11-12,9101
5871,中租-KY,30,2,28,群益金鼎-敦南,2024-11-12,9101
3025,星通,49,21,28,群益金鼎-敦南,2024-11-12,9101
8071,能率網通,27,0,27,群益金鼎-敦南,2024-11-12,9101
0050,元大台灣50,22,0,22,群益金鼎-敦南,2024-11-12,9101
2892,第一金,22,0,22,群益金鼎-敦南,2024-11-12,9101
1301,台塑,22,0,22,群益金鼎-敦南,2024-11-12,9101
2409,友達,21,0,21,群益金鼎-敦南,2024-11-12,9101
00915,凱基優選高股息30,20,0,20,群益金鼎-敦南,2024-11-12,9101
00642U,期元大S＆P石油,20,0,20,群益金鼎-敦南,2024-11-12,9101
3363,上詮,20,0,20,群益金鼎-敦南,2024-11-12,9101
9105,泰金寶-DR,20,1,19,群益金鼎-敦南,2024-11-12,9101
3709,鑫聯大投控,18,0,18,群益金鼎-敦南,2024-11-12,9101
00632R,元大台灣50反1,30,12,18,群益金鼎-敦南,2024-11-12,9101
6114,久威,17,0,17,群益金鼎-敦南,2024-11-12,9101
2834,臺企銀,17,0,17,群益金鼎-敦南,2024-11-12,9101
2354,鴻準,63,46,17,群益金鼎-敦南,2024-11-12,9101
00882,中信中國高股息,16,0,16,群益金鼎-敦南,2024-11-12,9101
1220,台榮,16,0,16,群益金鼎-敦南,2024-11-12,9101
4430,耀億,31,15,16,群益金鼎-敦南,2024-11-12,9101
2312,金寶,17,2,15,群益金鼎-敦南,2024-11-12,9101
6274,台燿,17,2,15,群益金鼎-敦南,2024-11-12,9101
00945B,凱基美國非投等債,15,0,15,群益金鼎-敦南,2024-11-12,9101
00631L,元大台灣50正2,15,1,14,群益金鼎-敦南,2024-11-12,9101
006208,富邦台50,26,12,14,群益金鼎-敦南,2024-11-12,9101
4303,信立,17,3,14,群益金鼎-敦南,2024-11-12,9101
3622,洋華,14,0,14,群益金鼎-敦南,2024-11-12,9101
8032,光菱,85,71,14,群益金鼎-敦南,2024-11-12,9101
00940,元大台灣價值高息,26,12,14,群益金鼎-敦南,2024-11-12,9101
4527,方土霖,14,1,13,群益金鼎-敦南,2024-11-12,9101
3591,艾笛森,12,0,12,群益金鼎-敦南,2024-11-12,9101
8011,台通,12,0,12,群益金鼎-敦南,2024-11-12,9101
2414,精技,12,0,12,群益金鼎-敦南,2024-11-12,9101
00878,國泰永續高股息,948,21,927,群益金鼎-敦南,2024-11-13,9101
3481,群創,106,0,106,群益金鼎-敦南,2024-11-13,9101
6136,富爾特,100,0,100,群益金鼎-敦南,2024-11-13,9101
8099,大世科,60,0,60,群益金鼎-敦南,2024-11-13,9101
00751B,元大AAA至A公司債,56,0,56,群益金鼎-敦南,2024-11-13,9101
00919,群益台灣精選高息,58,3,55,群益金鼎-敦南,2024-11-13,9101
6153,嘉聯益,51,2,49,群益金鼎-敦南,2024-11-13,9101
9933,中鼎,48,0,48,群益金鼎-敦南,2024-11-13,9101
00753L,中信中國50正2,45,0,45,群益金鼎-敦南,2024-11-13,9101
00740B,富邦全球投等債,44,0,44,群益金鼎-敦南,2024-11-13,9101
2609,陽明,50,7,43,群益金鼎-敦南,2024-11-13,9101
3712,永崴投控,49,8,41,群益金鼎-敦南,2024-11-13,9101
2002,中鋼,40,0,40,群益金鼎-敦南,2024-11-13,9101
1524,耿鼎,57,23,34,群益金鼎-敦南,2024-11-13,9101
4979,華星光,64,30,34,群益金鼎-敦南,2024-11-13,9101
2303,聯電,51,18,33,群益金鼎-敦南,2024-11-13,9101
00882,中信中國高股息,40,7,33,群益金鼎-敦南,2024-11-13,9101
00764B,群益25年美債,32,0,32,群益金鼎-敦南,2024-11-13,9101
1301,台塑,33,2,31,群益金鼎-敦南,2024-11-13,9101
00927,群益半導體收益,31,0,31,群益金鼎-敦南,2024-11-13,9101
2881,富邦金,31,0,31,群益金鼎-敦南,2024-11-13,9101
00679B,元大美債20年,48,18,30,群益金鼎-敦南,2024-11-13,9101
2891,中信金,27,0,27,群益金鼎-敦南,2024-11-13,9101
00915,凱基優選高股息30,26,0,26,群益金鼎-敦南,2024-11-13,9101
2317,鴻海,48,23,25,群益金鼎-敦南,2024-11-13,9101
8032,光菱,39,14,25,群益金鼎-敦南,2024-11-13,9101
00795B,中信美國公債20年,24,0,24,群益金鼎-敦南,2024-11-13,9101
2353,宏��,23,0,23,群益金鼎-敦南,2024-11-13,9101
00948B,中信優息投資級債,21,0,21,群益金鼎-敦南,2024-11-13,9101
6781,AES-KY,21,0,21,群益金鼎-敦南,2024-11-13,9101
00664R,國泰臺灣加權反1,20,0,20,群益金鼎-敦南,2024-11-13,9101
4157,太景*-KY,20,0,20,群益金鼎-敦南,2024-11-13,9101
2834,臺企銀,19,0,19,群益金鼎-敦南,2024-11-13,9101
00680L,元大美債20正2,17,0,17,群益金鼎-敦南,2024-11-13,9101
2457,飛宏,16,0,16,群益金鼎-敦南,2024-11-13,9101
6104,創惟,15,0,15,群益金鼎-敦南,2024-11-13,9101
2106,建大,15,0,15,群益金鼎-敦南,2024-11-13,9101
4430,耀億,15,0,15,群益金鼎-敦南,2024-11-13,9101
2887,台新金,14,0,14,群益金鼎-敦南,2024-11-13,9101
2354,鴻準,56,42,14,群益金鼎-敦南,2024-11-13,9101
6282,康舒,17,4,13,群益金鼎-敦南,2024-11-13,9101
006208,富邦台50,13,0,13,群益金鼎-敦南,2024-11-13,9101
1474,弘裕,13,0,13,群益金鼎-敦南,2024-11-13,9101
6506,雙邦,12,0,12,群益金鼎-敦南,2024-11-13,9101
2498,宏達電,12,0,12,群益金鼎-敦南,2024-11-13,9101
3062,建漢,17,5,12,群益金鼎-敦南,2024-11-13,9101
2892,第一金,11,0,11,群益金鼎-敦南,2024-11-13,9101
5880,合庫金,11,0,11,群益金鼎-敦南,2024-11-13,9101
1513,中興電,11,0,11,群益金鼎-敦南,2024-11-13,9101
3003,健和興,22,11,11,群益金鼎-敦南,2024-11-13,9101
00632R,元大台灣50反1,484,10,474,群益金鼎-敦南,2024-11-14,9101
00878,國泰永續高股息,295,0,295,群益金鼎-敦南,2024-11-14,9101
4942,嘉彰,162,0,162,群益金鼎-敦南,2024-11-14,9101
00646,元大S＆P500,100,0,100,群益金鼎-敦南,2024-11-14,9101
00919,群益台灣精選高息,80,0,80,群益金鼎-敦南,2024-11-14,9101
1802,台玻,73,0,73,群益金鼎-敦南,2024-11-14,9101
2354,鴻準,82,28,54,群益金鼎-敦南,2024-11-14,9101
00929,復華台灣科技優息,51,1,50,群益金鼎-敦南,2024-11-14,9101
0056,元大高股息,47,0,47,群益金鼎-敦南,2024-11-14,9101
2303,聯電,48,2,46,群益金鼎-敦南,2024-11-14,9101
1301,台塑,46,0,46,群益金鼎-敦南,2024-11-14,9101
00951,台新日本半導體,42,0,42,群益金鼎-敦南,2024-11-14,9101
8104,錸寶,45,5,40,群益金鼎-敦南,2024-11-14,9101
6136,富爾特,38,0,38,群益金鼎-敦南,2024-11-14,9101
00675L,富邦臺灣加權正2,60,22,38,群益金鼎-敦南,2024-11-14,9101
2881,富邦金,34,0,34,群益金鼎-敦南,2024-11-14,9101
6546,正基,35,2,33,群益金鼎-敦南,2024-11-14,9101
00915,凱基優選高股息30,31,0,31,群益金鼎-敦南,2024-11-14,9101
2337,旺宏,30,0,30,群益金鼎-敦南,2024-11-14,9101
4157,太景*-KY,30,0,30,群益金鼎-敦南,2024-11-14,9101
2609,陽明,51,24,27,群益金鼎-敦南,2024-11-14,9101
00948B,中信優息投資級債,25,0,25,群益金鼎-敦南,2024-11-14,9101
9945,潤泰新,25,0,25,群益金鼎-敦南,2024-11-14,9101
00679B,元大美債20年,36,12,24,群益金鼎-敦南,2024-11-14,9101
2342,茂矽,24,0,24,群益金鼎-敦南,2024-11-14,9101
2101,南港,23,0,23,群益金鼎-敦南,2024-11-14,9101
2353,宏��,23,1,22,群益金鼎-敦南,2024-11-14,9101
2646,星宇航空,72,50,22,群益金鼎-敦南,2024-11-14,9101
2317,鴻海,36,15,21,群益金鼎-敦南,2024-11-14,9101
00687B,國泰20年美債,25,5,20,群益金鼎-敦南,2024-11-14,9101
3481,群創,34,15,19,群益金鼎-敦南,2024-11-14,9101
2606,裕民,26,7,19,群益金鼎-敦南,2024-11-14,9101
00715L,期街口布蘭特正2,20,1,19,群益金鼎-敦南,2024-11-14,9101
2605,新興,19,1,18,群益金鼎-敦南,2024-11-14,9101
2467,志聖,18,1,17,群益金鼎-敦南,2024-11-14,9101
00713,元大台灣高息低波,16,0,16,群益金鼎-敦南,2024-11-14,9101
1314,中石化,16,0,16,群益金鼎-敦南,2024-11-14,9101
2610,華航,17,3,14,群益金鼎-敦南,2024-11-14,9101
2392,正崴,30,17,13,群益金鼎-敦南,2024-11-14,9101
1319,東陽,13,0,13,群益金鼎-敦南,2024-11-14,9101
4722,國精化,14,1,13,群益金鼎-敦南,2024-11-14,9101
2892,第一金,12,0,12,群益金鼎-敦南,2024-11-14,9101
00881,國泰台灣5G+,12,0,12,群益金鼎-敦南,2024-11-14,9101
2356,英業達,19,7,12,群益金鼎-敦南,2024-11-14,9101
5227,立凱-KY,12,0,12,群益金鼎-敦南,2024-11-14,9101
00927,群益半導體收益,12,0,12,群益金鼎-敦南,2024-11-14,9101
8111,立��,14,3,11,群益金鼎-敦南,2024-11-14,9101
00688L,國泰20年美債正2,11,0,11,群益金鼎-敦南,2024-11-14,9101
8039,台虹,18,7,11,群益金鼎-敦南,2024-11-14,9101
6279,胡連,11,0,11,群益金鼎-敦南,2024-11-14,9101
00715L,期街口布蘭特正2,1000,0,1000,群益金鼎-敦南,2024-11-15,9101
00919,群益台灣精選高息,301,4,297,群益金鼎-敦南,2024-11-15,9101
00878,國泰永續高股息,236,7,229,群益金鼎-敦南,2024-11-15,9101
2880,華南金,92,0,92,群益金鼎-敦南,2024-11-15,9101
00637L,元大滬深300正2,119,35,84,群益金鼎-敦南,2024-11-15,9101
00632R,元大台灣50反1,82,3,79,群益金鼎-敦南,2024-11-15,9101
00945B,凱基美國非投等債,61,0,61,群益金鼎-敦南,2024-11-15,9101
2605,新興,860,803,57,群益金鼎-敦南,2024-11-15,9101
2349,錸德,61,14,47,群益金鼎-敦南,2024-11-15,9101
2421,建準,47,5,42,群益金鼎-敦南,2024-11-15,9101
3090,日電貿,80,45,35,群益金鼎-敦南,2024-11-15,9101
6179,亞通,35,0,35,群益金鼎-敦南,2024-11-15,9101
00948B,中信優息投資級債,33,0,33,群益金鼎-敦南,2024-11-15,9101
00713,元大台灣高息低波,32,0,32,群益金鼎-敦南,2024-11-15,9101
00924,復華S＆P500成長,28,0,28,群益金鼎-敦南,2024-11-15,9101
3625,西勝,27,0,27,群益金鼎-敦南,2024-11-15,9101
4942,嘉彰,23,0,23,群益金鼎-敦南,2024-11-15,9101
2317,鴻海,40,19,21,群益金鼎-敦南,2024-11-15,9101
2344,華邦電,21,0,21,群益金鼎-敦南,2024-11-15,9101
00937B,群益ESG投等債20,21,0,21,群益金鼎-敦南,2024-11-15,9101
00887,永豐中國科技50大,20,0,20,群益金鼎-敦南,2024-11-15,9101
0056,元大高股息,20,2,18,群益金鼎-敦南,2024-11-15,9101
1319,東陽,18,1,17,群益金鼎-敦南,2024-11-15,9101
3709,鑫聯大投控,17,0,17,群益金鼎-敦南,2024-11-15,9101
2615,萬海,245,229,16,群益金鼎-敦南,2024-11-15,9101
00679B,元大美債20年,21,6,15,群益金鼎-敦南,2024-11-15,9101
3594,磐儀,15,0,15,群益金鼎-敦南,2024-11-15,9101
6438,迅得,16,1,15,群益金鼎-敦南,2024-11-15,9101
2106,建大,15,0,15,群益金鼎-敦南,2024-11-15,9101
4991,環宇-KY,15,0,15,群益金鼎-敦南,2024-11-15,9101
00915,凱基優選高股息30,13,0,13,群益金鼎-敦南,2024-11-15,9101
1321,大洋,25,12,13,群益金鼎-敦南,2024-11-15,9101
3045,台灣大,13,0,13,群益金鼎-敦南,2024-11-15,9101
3706,神達,117,104,13,群益金鼎-敦南,2024-11-15,9101
3483,力致,12,0,12,群益金鼎-敦南,2024-11-15,9101
6706,惠特,30,18,12,群益金鼎-敦南,2024-11-15,9101
6446,藥華藥,13,1,12,群益金鼎-敦南,2024-11-15,9101
3324,雙鴻,13,2,11,群益金鼎-敦南,2024-11-15,9101
2464,盟立,14,3,11,群益金鼎-敦南,2024-11-15,9101
1611,中電,12,1,11,群益金鼎-敦南,2024-11-15,9101
1301,台塑,13,2,11,群益金鼎-敦南,2024-11-15,9101
1617,榮星,11,0,11,群益金鼎-敦南,2024-11-15,9101
3363,上詮,10,0,10,群益金鼎-敦南,2024-11-15,9101
00751B,元大AAA至A公司債,9,0,9,群益金鼎-敦南,2024-11-15,9101
1711,永光,9,0,9,群益金鼎-敦南,2024-11-15,9101
3017,奇鋐,19,10,9,群益金鼎-敦南,2024-11-15,9101
2303,聯電,17,9,8,群益金鼎-敦南,2024-11-15,9101
2408,南亞科,8,0,8,群益金鼎-敦南,2024-11-15,9101
1732,毛寶,8,0,8,群益金鼎-敦南,2024-11-15,9101
8937,合騏,8,0,8,群益金鼎-敦南,2024-11-15,9101
00929,復華台灣科技優息,350,11,339,群益金鼎-敦南,2024-11-18,9101
2605,新興,203,29,174,群益金鼎-敦南,2024-11-18,9101
2618,長榮航,167,17,150,群益金鼎-敦南,2024-11-18,9101
3706,神達,333,192,141,群益金鼎-敦南,2024-11-18,9101
00878,國泰永續高股息,127,6,121,群益金鼎-敦南,2024-11-18,9101
00632R,元大台灣50反1,110,5,105,群益金鼎-敦南,2024-11-18,9101
4931,新盛力,90,0,90,群益金鼎-敦南,2024-11-18,9101
6288,聯嘉,66,1,65,群益金鼎-敦南,2024-11-18,9101
1326,台化,62,1,61,群益金鼎-敦南,2024-11-18,9101
4942,嘉彰,58,0,58,群益金鼎-敦南,2024-11-18,9101
1340,勝悅-KY,50,0,50,群益金鼎-敦南,2024-11-18,9101
2476,鉅祥,98,51,47,群益金鼎-敦南,2024-11-18,9101
3085,新零售,37,0,37,群益金鼎-敦南,2024-11-18,9101
2106,建大,35,0,35,群益金鼎-敦南,2024-11-18,9101
00948B,中信優息投資級債,35,0,35,群益金鼎-敦南,2024-11-18,9101
9105,泰金寶-DR,115,81,34,群益金鼎-敦南,2024-11-18,9101
2881,富邦金,31,0,31,群益金鼎-敦南,2024-11-18,9101
1446,宏和,33,2,31,群益金鼎-敦南,2024-11-18,9101
1313,聯成,30,0,30,群益金鼎-敦南,2024-11-18,9101
3049,精金,29,0,29,群益金鼎-敦南,2024-11-18,9101
5309,系統電,88,60,28,群益金鼎-敦南,2024-11-18,9101
6134,萬旭,25,0,25,群益金鼎-敦南,2024-11-18,9101
1616,億泰,25,0,25,群益金鼎-敦南,2024-11-18,9101
00713,元大台灣高息低波,26,2,24,群益金鼎-敦南,2024-11-18,9101
00922,國泰台灣領袖50,24,1,23,群益金鼎-敦南,2024-11-18,9101
3088,艾訊,29,11,18,群益金鼎-敦南,2024-11-18,9101
3230,錦明,16,0,16,群益金鼎-敦南,2024-11-18,9101
3709,鑫聯大投控,16,0,16,群益金鼎-敦南,2024-11-18,9101
3015,全漢,20,5,15,群益金鼎-敦南,2024-11-18,9101
2427,三商電,15,0,15,群益金鼎-敦南,2024-11-18,9101
4991,環宇-KY,15,0,15,群益金鼎-敦南,2024-11-18,9101
00680L,元大美債20正2,16,2,14,群益金鼎-敦南,2024-11-18,9101
3580,友威科,17,4,13,群益金鼎-敦南,2024-11-18,9101
00679B,元大美債20年,13,1,12,群益金鼎-敦南,2024-11-18,9101
2312,金寶,153,141,12,群益金鼎-敦南,2024-11-18,9101
3516,亞帝歐,12,0,12,群益金鼎-敦南,2024-11-18,9101
0056,元大高股息,17,5,12,群益金鼎-敦南,2024-11-18,9101
3290,東浦,16,5,11,群益金鼎-敦南,2024-11-18,9101
00751B,元大AAA至A公司債,11,0,11,群益金鼎-敦南,2024-11-18,9101
00642U,期元大S＆P石油,11,0,11,群益金鼎-敦南,2024-11-18,9101
3014,聯陽,11,0,11,群益金鼎-敦南,2024-11-18,9101
3483,力致,11,0,11,群益金鼎-敦南,2024-11-18,9101
3363,上詮,10,0,10,群益金鼎-敦南,2024-11-18,9101
2537,聯上發,10,0,10,群益金鼎-敦南,2024-11-18,9101
2834,臺企銀,10,0,10,群益金鼎-敦南,2024-11-18,9101
2317,鴻海,30,20,10,群益金鼎-敦南,2024-11-18,9101
0050,元大台灣50,9,0,9,群益金鼎-敦南,2024-11-18,9101
00946,群益科技高息成長,9,0,9,群益金鼎-敦南,2024-11-18,9101
00830,國泰費城半導體,16,7,9,群益金鼎-敦南,2024-11-18,9101
1220,台榮,26,17,9,群益金鼎-敦南,2024-11-18,9101
8104,錸寶,211,98,113,群益金鼎-敦南,2024-11-19,9101
3706,神達,301,194,107,群益金鼎-敦南,2024-11-19,9101
00637L,元大滬深300正2,147,65,82,群益金鼎-敦南,2024-11-19,9101
00878,國泰永續高股息,59,2,57,群益金鼎-敦南,2024-11-19,9101
00632R,元大台灣50反1,100,48,52,群益金鼎-敦南,2024-11-19,9101
3550,聯穎,48,1,47,群益金鼎-敦南,2024-11-19,9101
4503,金雨,41,0,41,群益金鼎-敦南,2024-11-19,9101
1802,台玻,40,0,40,群益金鼎-敦南,2024-11-19,9101
2486,一詮,46,7,39,群益金鼎-敦南,2024-11-19,9101
4711,永純,35,0,35,群益金鼎-敦南,2024-11-19,9101
4807,日成-KY,60,25,35,群益金鼎-敦南,2024-11-19,9101
4916,事欣科,24,3,21,群益金鼎-敦南,2024-11-19,9101
3625,西勝,21,0,21,群益金鼎-敦南,2024-11-19,9101
00830,國泰費城半導體,20,0,20,群益金鼎-敦南,2024-11-19,9101
00948B,中信優息投資級債,19,0,19,群益金鼎-敦南,2024-11-19,9101
3209,全科,22,3,19,群益金鼎-敦南,2024-11-19,9101
3081,聯亞,20,1,19,群益金鼎-敦南,2024-11-19,9101
4991,環宇-KY,18,0,18,群益金鼎-敦南,2024-11-19,9101
6505,台塑化,18,0,18,群益金鼎-敦南,2024-11-19,9101
00937B,群益ESG投等債20,16,0,16,群益金鼎-敦南,2024-11-19,9101
3709,鑫聯大投控,14,0,14,群益金鼎-敦南,2024-11-19,9101
2609,陽明,37,23,14,群益金鼎-敦南,2024-11-19,9101
2881,富邦金,14,1,13,群益金鼎-敦南,2024-11-19,9101
4942,嘉彰,13,0,13,群益金鼎-敦南,2024-11-19,9101
2317,鴻海,24,11,13,群益金鼎-敦南,2024-11-19,9101
1321,大洋,18,6,12,群益金鼎-敦南,2024-11-19,9101
00713,元大台灣高息低波,12,0,12,群益金鼎-敦南,2024-11-19,9101
8937,合騏,11,0,11,群益金鼎-敦南,2024-11-19,9101
00679B,元大美債20年,15,5,10,群益金鼎-敦南,2024-11-19,9101
2337,旺宏,10,0,10,群益金鼎-敦南,2024-11-19,9101
1474,弘裕,10,0,10,群益金鼎-敦南,2024-11-19,9101
3481,群創,10,0,10,群益金鼎-敦南,2024-11-19,9101
2106,建大,10,0,10,群益金鼎-敦南,2024-11-19,9101
1808,潤隆,10,0,10,群益金鼎-敦南,2024-11-19,9101
3338,泰碩,12,2,10,群益金鼎-敦南,2024-11-19,9101
4743,合一,11,1,10,群益金鼎-敦南,2024-11-19,9101
8086,宏捷科,10,0,10,群益金鼎-敦南,2024-11-19,9101
2481,強茂,9,0,9,群益金鼎-敦南,2024-11-19,9101
3189,景碩,9,0,9,群益金鼎-敦南,2024-11-19,9101
2399,映泰,48,39,9,群益金鼎-敦南,2024-11-19,9101
4153,鈺緯,8,0,8,群益金鼎-敦南,2024-11-19,9101
1786,科妍,8,0,8,群益金鼎-敦南,2024-11-19,9101
6405,悅城,13,5,8,群益金鼎-敦南,2024-11-19,9101
6589,台康生技,8,0,8,群益金鼎-敦南,2024-11-19,9101
00725B,國泰投資級公司債,10,2,8,群益金鼎-敦南,2024-11-19,9101
3211,順達,7,0,7,群益金鼎-敦南,2024-11-19,9101
2606,裕民,20,13,7,群益金鼎-敦南,2024-11-19,9101
1524,耿鼎,15,8,7,群益金鼎-敦南,2024-11-19,9101
00915,凱基優選高股息30,7,0,7,群益金鼎-敦南,2024-11-19,9101
006208,富邦台50,8,2,6,群益金鼎-敦南,2024-11-19,9101
2303,聯電,110,0,110,群益金鼎-敦南,2024-11-20,9101
3211,順達,104,8,96,群益金鼎-敦南,2024-11-20,9101
3029,零壹,70,2,68,群益金鼎-敦南,2024-11-20,9101
2354,鴻準,112,51,61,群益金鼎-敦南,2024-11-20,9101
6558,興能高,53,0,53,群益金鼎-敦南,2024-11-20,9101
00680L,元大美債20正2,52,2,50,群益金鼎-敦南,2024-11-20,9101
00891,中信關鍵半導體,34,1,33,群益金鼎-敦南,2024-11-20,9101
1301,台塑,30,0,30,群益金鼎-敦南,2024-11-20,9101
00959B,大華投等美債15Y+,30,0,30,群益金鼎-敦南,2024-11-20,9101
0056,元大高股息,30,1,29,群益金鼎-敦南,2024-11-20,9101
3189,景碩,29,4,25,群益金鼎-敦南,2024-11-20,9101
3363,上詮,56,32,24,群益金鼎-敦南,2024-11-20,9101
2405,輔信,35,12,23,群益金鼎-敦南,2024-11-20,9101
2356,英業達,25,3,22,群益金鼎-敦南,2024-11-20,9101
3322,建舜電,20,0,20,群益金鼎-敦南,2024-11-20,9101
2641,正德,20,0,20,群益金鼎-敦南,2024-11-20,9101
4987,科誠,19,0,19,群益金鼎-敦南,2024-11-20,9101
3081,聯亞,44,25,19,群益金鼎-敦南,2024-11-20,9101
3709,鑫聯大投控,17,0,17,群益金鼎-敦南,2024-11-20,9101
3689,湧德,17,1,16,群益金鼎-敦南,2024-11-20,9101
3552,同致,26,11,15,群益金鼎-敦南,2024-11-20,9101
3628,盈正,24,9,15,群益金鼎-敦南,2024-11-20,9101
4991,環宇-KY,15,0,15,群益金鼎-敦南,2024-11-20,9101
8044,網家,126,111,15,群益金鼎-敦南,2024-11-20,9101
4916,事欣科,14,0,14,群益金鼎-敦南,2024-11-20,9101
1802,台玻,14,0,14,群益金鼎-敦南,2024-11-20,9101
00878,國泰永續高股息,16,2,14,群益金鼎-敦南,2024-11-20,9101
00929,復華台灣科技優息,13,0,13,群益金鼎-敦南,2024-11-20,9101
6283,淳安,13,0,13,群益金鼎-敦南,2024-11-20,9101
00713,元大台灣高息低波,13,1,12,群益金鼎-敦南,2024-11-20,9101
2332,友訊,35,23,12,群益金鼎-敦南,2024-11-20,9101
3209,全科,13,1,12,群益金鼎-敦南,2024-11-20,9101
3374,精材,13,1,12,群益金鼎-敦南,2024-11-20,9101
2392,正崴,42,30,12,群益金鼎-敦南,2024-11-20,9101
2603,長榮,22,11,11,群益金鼎-敦南,2024-11-20,9101
3631,晟楠,11,0,11,群益金鼎-敦南,2024-11-20,9101
2888,新光金,11,0,11,群益金鼎-敦南,2024-11-20,9101
3481,群創,10,0,10,群益金鼎-敦南,2024-11-20,9101
00915,凱基優選高股息30,10,0,10,群益金鼎-敦南,2024-11-20,9101
4119,旭富,10,0,10,群益金鼎-敦南,2024-11-20,9101
00712,復華富時不動產,10,0,10,群益金鼎-敦南,2024-11-20,9101
2106,建大,10,0,10,群益金鼎-敦南,2024-11-20,9101
6177,達麗,10,0,10,群益金鼎-敦南,2024-11-20,9101
00941,中信上游半導體,11,2,9,群益金鼎-敦南,2024-11-20,9101
5243,乙盛-KY,48,39,9,群益金鼎-敦南,2024-11-20,9101
2351,順德,9,0,9,群益金鼎-敦南,2024-11-20,9101
00905,FT臺灣Smart,8,0,8,群益金鼎-敦南,2024-11-20,9101
2049,上銀,8,0,8,群益金鼎-敦南,2024-11-20,9101
8032,光菱,22,14,8,群益金鼎-敦南,2024-11-20,9101
0050,元大台灣50,8,0,8,群益金鼎-敦南,2024-11-20,9101
00632R,元大台灣50反1,453,1,452,群益金鼎-敦南,2024-11-21,9101
2891,中信金,427,2,425,群益金鼎-敦南,2024-11-21,9101
00878,國泰永續高股息,103,1,102,群益金鼎-敦南,2024-11-21,9101
2881,富邦金,76,0,76,群益金鼎-敦南,2024-11-21,9101
1471,首利,60,0,60,群益金鼎-敦南,2024-11-21,9101
2106,建大,60,0,60,群益金鼎-敦南,2024-11-21,9101
00881,國泰台灣5G+,75,18,57,群益金鼎-敦南,2024-11-21,9101
2412,中華電,51,1,50,群益金鼎-敦南,2024-11-21,9101
2618,長榮航,68,19,49,群益金鼎-敦南,2024-11-21,9101
2070,精湛,91,42,49,群益金鼎-敦南,2024-11-21,9101
00680L,元大美債20正2,40,4,36,群益金鼎-敦南,2024-11-21,9101
2303,聯電,28,1,27,群益金鼎-敦南,2024-11-21,9101
1809,中釉,27,0,27,群益金鼎-敦南,2024-11-21,9101
3284,太普高,25,0,25,群益金鼎-敦南,2024-11-21,9101
8047,星雲,37,13,24,群益金鼎-敦南,2024-11-21,9101
3025,星通,43,20,23,群益金鼎-敦南,2024-11-21,9101
00915,凱基優選高股息30,20,0,20,群益金鼎-敦南,2024-11-21,9101
00959B,大華投等美債15Y+,20,0,20,群益金鼎-敦南,2024-11-21,9101
2349,錸德,87,69,18,群益金鼎-敦南,2024-11-21,9101
00919,群益台灣精選高息,17,0,17,群益金鼎-敦南,2024-11-21,9101
00909,國泰數位支付服務,18,1,17,群益金鼎-敦南,2024-11-21,9101
00950B,凱基A級公司債,17,0,17,群益金鼎-敦南,2024-11-21,9101
00637L,元大滬深300正2,15,0,15,群益金鼎-敦南,2024-11-21,9101
3511,矽瑪,47,33,14,群益金鼎-敦南,2024-11-21,9101
6282,康舒,102,88,14,群益金鼎-敦南,2024-11-21,9101
0056,元大高股息,14,0,14,群益金鼎-敦南,2024-11-21,9101
2444,兆勁,21,9,12,群益金鼎-敦南,2024-11-21,9101
2353,宏��,14,2,12,群益金鼎-敦南,2024-11-21,9101
00713,元大台灣高息低波,11,0,11,群益金鼎-敦南,2024-11-21,9101
2382,廣達,15,4,11,群益金鼎-敦南,2024-11-21,9101
2615,萬海,94,83,11,群益金鼎-敦南,2024-11-21,9101
3521,鴻翊,10,0,10,群益金鼎-敦南,2024-11-21,9101
3605,宏致,12,2,10,群益金鼎-敦南,2024-11-21,9101
1474,弘裕,10,0,10,群益金鼎-敦南,2024-11-21,9101
8234,新漢,10,0,10,群益金鼎-敦南,2024-11-21,9101
6264,富裔,10,0,10,群益金鼎-敦南,2024-11-21,9101
2034,允強,10,0,10,群益金鼎-敦南,2024-11-21,9101
2204,中華,79,70,9,群益金鼎-敦南,2024-11-21,9101
3032,偉訓,126,117,9,群益金鼎-敦南,2024-11-21,9101
5398,慕康生醫,9,0,9,群益金鼎-敦南,2024-11-21,9101
4931,新盛力,13,4,9,群益金鼎-敦南,2024-11-21,9101
3022,威強電,11,3,8,群益金鼎-敦南,2024-11-21,9101
2356,英業達,29,21,8,群益金鼎-敦南,2024-11-21,9101
0050,元大台灣50,7,0,7,群益金鼎-敦南,2024-11-21,9101
2890,永豐金,7,0,7,群益金鼎-敦南,2024-11-21,9101
6806,森崴能源,7,0,7,群益金鼎-敦南,2024-11-21,9101
5452,佶優,7,0,7,群益金鼎-敦南,2024-11-21,9101
8038,長園科,8,1,7,群益金鼎-敦南,2024-11-21,9101
6438,迅得,27,21,6,群益金鼎-敦南,2024-11-21,9101
5315,光聯,9,3,6,群益金鼎-敦南,2024-11-21,9101
3706,神達,541,241,300,群益金鼎-敦南,2024-11-22,9101
6282,康舒,203,134,69,群益金鼎-敦南,2024-11-22,9101
00909,國泰數位支付服務,83,18,65,群益金鼎-敦南,2024-11-22,9101
3483,力致,50,0,50,群益金鼎-敦南,2024-11-22,9101
6126,信音,53,3,50,群益金鼎-敦南,2024-11-22,9101
2356,英業達,57,14,43,群益金鼎-敦南,2024-11-22,9101
00632R,元大台灣50反1,52,16,36,群益金鼎-敦南,2024-11-22,9101
2610,華航,72,38,34,群益金鼎-敦南,2024-11-22,9101
2405,輔信,28,0,28,群益金鼎-敦南,2024-11-22,9101
2609,陽明,58,30,28,群益金鼎-敦南,2024-11-22,9101
2891,中信金,27,0,27,群益金鼎-敦南,2024-11-22,9101
1307,三芳,22,0,22,群益金鼎-敦南,2024-11-22,9101
4958,臻鼎-KY,31,9,22,群益金鼎-敦南,2024-11-22,9101
2834,臺企銀,22,0,22,群益金鼎-敦南,2024-11-22,9101
2705,六福,21,0,21,群益金鼎-敦南,2024-11-22,9101
00680L,元大美債20正2,21,0,21,群益金鼎-敦南,2024-11-22,9101
3209,全科,21,1,20,群益金鼎-敦南,2024-11-22,9101
00882,中信中國高股息,20,0,20,群益金鼎-敦南,2024-11-22,9101
2106,建大,20,0,20,群益金鼎-敦南,2024-11-22,9101
00887,永豐中國科技50大,20,0,20,群益金鼎-敦南,2024-11-22,9101
00915,凱基優選高股息30,20,1,19,群益金鼎-敦南,2024-11-22,9101
3521,鴻翊,19,0,19,群益金鼎-敦南,2024-11-22,9101
2328,廣宇,18,0,18,群益金鼎-敦南,2024-11-22,9101
2615,萬海,60,43,17,群益金鼎-敦南,2024-11-22,9101
5340,建榮,21,5,16,群益金鼎-敦南,2024-11-22,9101
1471,首利,15,0,15,群益金鼎-敦南,2024-11-22,9101
4513,福裕,23,9,14,群益金鼎-敦南,2024-11-22,9101
00878,國泰永續高股息,13,0,13,群益金鼎-敦南,2024-11-22,9101
2603,長榮,27,14,13,群益金鼎-敦南,2024-11-22,9101
3149,正達,37,27,10,群益金鼎-敦南,2024-11-22,9101
4711,永純,10,0,10,群益金鼎-敦南,2024-11-22,9101
1810,和成,10,0,10,群益金鼎-敦南,2024-11-22,9101
6136,富爾特,10,0,10,群益金鼎-敦南,2024-11-22,9101
3027,盛達,84,74,10,群益金鼎-敦南,2024-11-22,9101
6151,晉倫,10,0,10,群益金鼎-敦南,2024-11-22,9101
4119,旭富,10,0,10,群益金鼎-敦南,2024-11-22,9101
2204,中華,18,9,9,群益金鼎-敦南,2024-11-22,9101
1582,信錦,9,0,9,群益金鼎-敦南,2024-11-22,9101
00919,群益台灣精選高息,9,0,9,群益金鼎-敦南,2024-11-22,9101
1708,東鹼,11,2,9,群益金鼎-敦南,2024-11-22,9101
2331,精英,16,8,8,群益金鼎-敦南,2024-11-22,9101
3211,順達,8,0,8,群益金鼎-敦南,2024-11-22,9101
6288,聯嘉,16,8,8,群益金鼎-敦南,2024-11-22,9101
5309,系統電,221,213,8,群益金鼎-敦南,2024-11-22,9101
2349,錸德,15,8,7,群益金鼎-敦南,2024-11-22,9101
2376,技嘉,8,1,7,群益金鼎-敦南,2024-11-22,9101
3260,威剛,10,3,7,群益金鼎-敦南,2024-11-22,9101
1466,聚隆,7,0,7,群益金鼎-敦南,2024-11-22,9101
8104,錸寶,37,30,7,群益金鼎-敦南,2024-11-22,9101
1506,正道,7,0,7,群益金鼎-敦南,2024-11-22,9101
1802,台玻,516,103,413,群益金鼎-敦南,2024-11-25,9101
2880,華南金,250,17,233,群益金鼎-敦南,2024-11-25,9101
9105,泰金寶-DR,293,89,204,群益金鼎-敦南,2024-11-25,9101
2421,建準,195,44,151,群益金鼎-敦南,2024-11-25,9101
2618,長榮航,135,12,123,群益金鼎-敦南,2024-11-25,9101
2371,大同,72,14,58,群益金鼎-敦南,2024-11-25,9101
00953B,群益優選非投等債,52,0,52,群益金鼎-敦南,2024-11-25,9101
00680L,元大美債20正2,50,0,50,群益金鼎-敦南,2024-11-25,9101
5353,台林,47,2,45,群益金鼎-敦南,2024-11-25,9101
2070,精湛,94,50,44,群益金鼎-敦南,2024-11-25,9101
5876,上海商銀,36,0,36,群益金鼎-敦南,2024-11-25,9101
00919,群益台灣精選高息,40,5,35,群益金鼎-敦南,2024-11-25,9101
6282,康舒,50,16,34,群益金鼎-敦南,2024-11-25,9101
3706,神達,124,90,34,群益金鼎-敦南,2024-11-25,9101
8111,立��,36,10,26,群益金鼎-敦南,2024-11-25,9101
2354,鴻準,63,39,24,群益金鼎-敦南,2024-11-25,9101
4711,永純,20,0,20,群益金鼎-敦南,2024-11-25,9101
8404,百和興業-KY,20,3,17,群益金鼎-敦南,2024-11-25,9101
2233,宇隆,53,37,16,群益金鼎-敦南,2024-11-25,9101
2312,金寶,895,879,16,群益金鼎-敦南,2024-11-25,9101
2449,京元電子,49,33,16,群益金鼎-敦南,2024-11-25,9101
2409,友達,20,5,15,群益金鼎-敦南,2024-11-25,9101
1815,富喬,270,256,14,群益金鼎-敦南,2024-11-25,9101
00909,國泰數位支付服務,24,10,14,群益金鼎-敦南,2024-11-25,9101
4991,環宇-KY,15,1,14,群益金鼎-敦南,2024-11-25,9101
00887,永豐中國科技50大,12,0,12,群益金鼎-敦南,2024-11-25,9101
00882,中信中國高股息,12,0,12,群益金鼎-敦南,2024-11-25,9101
2603,長榮,22,10,12,群益金鼎-敦南,2024-11-25,9101
00757,統一FANG+,11,0,11,群益金鼎-敦南,2024-11-25,9101
4807,日成-KY,15,4,11,群益金鼎-敦南,2024-11-25,9101
8935,邦泰,11,0,11,群益金鼎-敦南,2024-11-25,9101
3323,加百裕,74,63,11,群益金鼎-敦南,2024-11-25,9101
4157,太景*-KY,10,0,10,群益金鼎-敦南,2024-11-25,9101
4119,旭富,10,0,10,群益金鼎-敦南,2024-11-25,9101
8929,富堡,15,5,10,群益金鼎-敦南,2024-11-25,9101
1474,弘裕,10,0,10,群益金鼎-敦南,2024-11-25,9101
3234,光環,12,2,10,群益金鼎-敦南,2024-11-25,9101
1618,合機,10,0,10,群益金鼎-敦南,2024-11-25,9101
3211,順達,11,2,9,群益金鼎-敦南,2024-11-25,9101
2444,兆勁,14,5,9,群益金鼎-敦南,2024-11-25,9101
2547,日勝生,9,0,9,群益金鼎-敦南,2024-11-25,9101
2332,友訊,10,2,8,群益金鼎-敦南,2024-11-25,9101
1307,三芳,8,0,8,群益金鼎-敦南,2024-11-25,9101
2204,中華,13,5,8,群益金鼎-敦南,2024-11-25,9101
8937,合騏,8,0,8,群益金鼎-敦南,2024-11-25,9101
3032,偉訓,28,20,8,群益金鼎-敦南,2024-11-25,9101
6136,富爾特,8,0,8,群益金鼎-敦南,2024-11-25,9101
6143,振曜,8,0,8,群益金鼎-敦南,2024-11-25,9101
2392,正崴,54,46,8,群益金鼎-敦南,2024-11-25,9101
2439,美律,7,0,7,群益金鼎-敦南,2024-11-25,9101
00680L,元大美債20正2,240,110,130,群益金鼎-敦南,2024-11-26,9101
00953B,群益優選非投等債,120,0,120,群益金鼎-敦南,2024-11-26,9101
2880,華南金,100,0,100,群益金鼎-敦南,2024-11-26,9101
3029,零壹,93,15,78,群益金鼎-敦南,2024-11-26,9101
6136,富爾特,48,0,48,群益金鼎-敦南,2024-11-26,9101
2317,鴻海,55,9,46,群益金鼎-敦南,2024-11-26,9101
2027,大成鋼,49,3,46,群益金鼎-敦南,2024-11-26,9101
1336,台翰,41,0,41,群益金鼎-敦南,2024-11-26,9101
2887,台新金,36,0,36,群益金鼎-敦南,2024-11-26,9101
5876,上海商銀,32,0,32,群益金鼎-敦南,2024-11-26,9101
4526,東台,81,52,29,群益金鼎-敦南,2024-11-26,9101
00637L,元大滬深300正2,95,70,25,群益金鼎-敦南,2024-11-26,9101
4903,聯光通,25,0,25,群益金鼎-敦南,2024-11-26,9101
00878,國泰永續高股息,28,5,23,群益金鼎-敦南,2024-11-26,9101
00713,元大台灣高息低波,22,0,22,群益金鼎-敦南,2024-11-26,9101
00935,野村臺灣新科技50,22,0,22,群益金鼎-敦南,2024-11-26,9101
00881,國泰台灣5G+,23,1,22,群益金鼎-敦南,2024-11-26,9101
4979,華星光,46,24,22,群益金鼎-敦南,2024-11-26,9101
4711,永純,20,0,20,群益金鼎-敦南,2024-11-26,9101
4916,事欣科,34,14,20,群益金鼎-敦南,2024-11-26,9101
00919,群益台灣精選高息,25,8,17,群益金鼎-敦南,2024-11-26,9101
2881,富邦金,17,0,17,群益金鼎-敦南,2024-11-26,9101
3715,定穎投控,17,0,17,群益金鼎-敦南,2024-11-26,9101
8096,擎亞,17,0,17,群益金鼎-敦南,2024-11-26,9101
2330,台積電,16,0,16,群益金鼎-敦南,2024-11-26,9101
006208,富邦台50,16,1,15,群益金鼎-敦南,2024-11-26,9101
4991,環宇-KY,15,0,15,群益金鼎-敦南,2024-11-26,9101
1727,中華化,14,0,14,群益金鼎-敦南,2024-11-26,9101
8028,昇陽半導體,16,3,13,群益金鼎-敦南,2024-11-26,9101
6274,台燿,15,3,12,群益金鼎-敦南,2024-11-26,9101
00940,元大台灣價值高息,12,0,12,群益金鼎-敦南,2024-11-26,9101
3021,鴻名,15,4,11,群益金鼎-敦南,2024-11-26,9101
2705,六福,11,0,11,群益金鼎-敦南,2024-11-26,9101
2419,仲琦,20,9,11,群益金鼎-敦南,2024-11-26,9101
3558,神準,12,1,11,群益金鼎-敦南,2024-11-26,9101
2049,上銀,10,0,10,群益金鼎-敦南,2024-11-26,9101
00675L,富邦臺灣加權正2,15,6,9,群益金鼎-敦南,2024-11-26,9101
2929,淘帝-KY,17,9,8,群益金鼎-敦南,2024-11-26,9101
2405,輔信,8,0,8,群益金鼎-敦南,2024-11-26,9101
1718,中纖,10,2,8,群益金鼎-敦南,2024-11-26,9101
1540,喬福,9,1,8,群益金鼎-敦南,2024-11-26,9101
2351,順德,10,2,8,群益金鼎-敦南,2024-11-26,9101
8937,合騏,8,0,8,群益金鼎-敦南,2024-11-26,9101
2609,陽明,11,3,8,群益金鼎-敦南,2024-11-26,9101
00923,群益台ESG低碳50,8,1,7,群益金鼎-敦南,2024-11-26,9101
2371,大同,54,47,7,群益金鼎-敦南,2024-11-26,9101
6245,立端,7,0,7,群益金鼎-敦南,2024-11-26,9101
2444,兆勁,7,0,7,群益金鼎-敦南,2024-11-26,9101
6134,萬旭,12,5,7,群益金鼎-敦南,2024-11-26,9101
8069,元太,7,1,6,群益金鼎-敦南,2024-11-26,9101
00919,群益台灣精選高息,717,1,716,群益金鼎-敦南,2024-11-27,9101
00632R,元大台灣50反1,460,45,415,群益金鼎-敦南,2024-11-27,9101
00878,國泰永續高股息,141,18,123,群益金鼎-敦南,2024-11-27,9101
2330,台積電,113,3,110,群益金鼎-敦南,2024-11-27,9101
00950B,凱基A級公司債,95,0,95,群益金鼎-敦南,2024-11-27,9101
1815,富喬,349,261,88,群益金鼎-敦南,2024-11-27,9101
6136,富爾特,87,0,87,群益金鼎-敦南,2024-11-27,9101
2303,聯電,88,11,77,群益金鼎-敦南,2024-11-27,9101
1802,台玻,86,10,76,群益金鼎-敦南,2024-11-27,9101
1569,濱川,71,1,70,群益金鼎-敦南,2024-11-27,9101
0056,元大高股息,68,2,66,群益金鼎-敦南,2024-11-27,9101
9105,泰金寶-DR,110,49,61,群益金鼎-敦南,2024-11-27,9101
00953B,群益優選非投等債,56,0,56,群益金鼎-敦南,2024-11-27,9101
2881,富邦金,73,21,52,群益金鼎-敦南,2024-11-27,9101
00940,元大台灣價值高息,63,15,48,群益金鼎-敦南,2024-11-27,9101
4711,永純,46,0,46,群益金鼎-敦南,2024-11-27,9101
00918,大華優利高填息30,35,1,34,群益金鼎-敦南,2024-11-27,9101
00881,國泰台灣5G+,38,6,32,群益金鼎-敦南,2024-11-27,9101
3037,欣興,44,17,27,群益金鼎-敦南,2024-11-27,9101
2929,淘帝-KY,29,3,26,群益金鼎-敦南,2024-11-27,9101
0050,元大台灣50,27,1,26,群益金鼎-敦南,2024-11-27,9101
6962,ITH-KY,25,0,25,群益金鼎-敦南,2024-11-27,9101
00929,復華台灣科技優息,25,1,24,群益金鼎-敦南,2024-11-27,9101
2426,鼎元,52,29,23,群益金鼎-敦南,2024-11-27,9101
9945,潤泰新,26,4,22,群益金鼎-敦南,2024-11-27,9101
2349,錸德,25,4,21,群益金鼎-敦南,2024-11-27,9101
1307,三芳,22,2,20,群益金鼎-敦南,2024-11-27,9101
8111,立��,23,3,20,群益金鼎-敦南,2024-11-27,9101
1524,耿鼎,34,15,19,群益金鼎-敦南,2024-11-27,9101
4558,寶緯,17,0,17,群益金鼎-敦南,2024-11-27,9101
006208,富邦台50,18,3,15,群益金鼎-敦南,2024-11-27,9101
00932,兆豐永續高息等權,14,0,14,群益金鼎-敦南,2024-11-27,9101
00915,凱基優選高股息30,14,0,14,群益金鼎-敦南,2024-11-27,9101
00946,群益科技高息成長,14,0,14,群益金鼎-敦南,2024-11-27,9101
2891,中信金,15,3,12,群益金鼎-敦南,2024-11-27,9101
6104,創惟,15,2,13,群益金鼎-敦南,2024-11-27,9101
2313,華通,12,0,12,群益金鼎-敦南,2024-11-27,9101
6728,上洋,12,0,12,群益金鼎-敦南,2024-11-27,9101
2382,廣達,29,17,12,群益金鼎-敦南,2024-11-27,9101
1605,華新,12,1,11,群益金鼎-敦南,2024-11-27,9101
2371,大同,38,27,11,群益金鼎-敦南,2024-11-27,9101
2606,裕民,20,9,11,群益金鼎-敦南,2024-11-27,9101
2705,六福,13,2,11,群益金鼎-敦南,2024-11-27,9101
3545,敦泰,11,1,10,群益金鼎-敦南,2024-11-27,9101
3552,同致,10,0,10,群益金鼎-敦南,2024-11-27,9101
4966,譜瑞-KY,10,0,10,群益金鼎-敦南,2024-11-27,9101
5880,合庫金,10,0,10,群益金鼎-敦南,2024-11-27,9101
9919,康那香,10,0,10,群益金鼎-敦南,2024-11-27,9101
2402,毅嘉,10,1,9,群益金鼎-敦南,2024-11-27,9101
8038,長園科,9,0,9,群益金鼎-敦南,2024-11-27,9101
00715L,期街口布蘭特正2,1010,10,1000,群益金鼎-敦南,2024-11-28,9101
00680L,元大美債20正2,303,21,282,群益金鼎-敦南,2024-11-28,9101
6136,富爾特,222,0,222,群益金鼎-敦南,2024-11-28,9101
00950B,凱基A級公司債,87,0,87,群益金鼎-敦南,2024-11-28,9101
00878,國泰永續高股息,88,22,66,群益金鼎-敦南,2024-11-28,9101
3597,映興,61,0,61,群益金鼎-敦南,2024-11-28,9101
00919,群益台灣精選高息,54,2,52,群益金鼎-敦南,2024-11-28,9101
1802,台玻,44,5,39,群益金鼎-敦南,2024-11-28,9101
6283,淳安,36,0,36,群益金鼎-敦南,2024-11-28,9101
00953B,群益優選非投等債,33,0,33,群益金鼎-敦南,2024-11-28,9101
2345,智邦,32,0,32,群益金鼎-敦南,2024-11-28,9101
00915,凱基優選高股息30,32,0,32,群益金鼎-敦南,2024-11-28,9101
2881,富邦金,28,0,28,群益金鼎-敦南,2024-11-28,9101
4711,永純,26,0,26,群益金鼎-敦南,2024-11-28,9101
8104,錸寶,28,5,23,群益金鼎-敦南,2024-11-28,9101
00929,復華台灣科技優息,25,2,23,群益金鼎-敦南,2024-11-28,9101
2371,大同,22,0,22,群益金鼎-敦南,2024-11-28,9101
2323,中環,21,0,21,群益金鼎-敦南,2024-11-28,9101
2106,建大,20,0,20,群益金鼎-敦南,2024-11-28,9101
4510,高鋒,228,208,20,群益金鼎-敦南,2024-11-28,9101
0056,元大高股息,19,1,18,群益金鼎-敦南,2024-11-28,9101
3628,盈正,24,6,18,群益金鼎-敦南,2024-11-28,9101
4558,寶緯,18,0,18,群益金鼎-敦南,2024-11-28,9101
00664R,國泰臺灣加權反1,18,0,18,群益金鼎-敦南,2024-11-28,9101
2312,金寶,73,56,17,群益金鼎-敦南,2024-11-28,9101
2317,鴻海,34,18,16,群益金鼎-敦南,2024-11-28,9101
3419,譁裕,16,1,15,群益金鼎-敦南,2024-11-28,9101
1522,堤維西,14,0,14,群益金鼎-敦南,2024-11-28,9101
00713,元大台灣高息低波,12,0,12,群益金鼎-敦南,2024-11-28,9101
4931,新盛力,17,5,12,群益金鼎-敦南,2024-11-28,9101
3030,德律,12,0,12,群益金鼎-敦南,2024-11-28,9101
00918,大華優利高填息30,11,0,11,群益金鼎-敦南,2024-11-28,9101
1786,科妍,16,5,11,群益金鼎-敦南,2024-11-28,9101
1319,東陽,16,5,11,群益金鼎-敦南,2024-11-28,9101
00922,國泰台灣領袖50,10,0,10,群益金鼎-敦南,2024-11-28,9101
3032,偉訓,30,20,10,群益金鼎-敦南,2024-11-28,9101
6282,康舒,10,0,10,群益金鼎-敦南,2024-11-28,9101
4906,正文,10,0,10,群益金鼎-敦南,2024-11-28,9101
3709,鑫聯大投控,10,0,10,群益金鼎-敦南,2024-11-28,9101
00632R,元大台灣50反1,10,1,9,群益金鼎-敦南,2024-11-28,9101
2883,凱基金,9,0,9,群益金鼎-敦南,2024-11-28,9101
1326,台化,10,1,9,群益金鼎-敦南,2024-11-28,9101
3025,星通,10,1,9,群益金鼎-敦南,2024-11-28,9101
0050,元大台灣50,8,0,8,群益金鼎-敦南,2024-11-28,9101
3551,世禾,8,0,8,群益金鼎-敦南,2024-11-28,9101
3605,宏致,10,2,8,群益金鼎-敦南,2024-11-28,9101
3162,精確,60,52,8,群益金鼎-敦南,2024-11-28,9101
3037,欣興,8,1,7,群益金鼎-敦南,2024-11-28,9101
4114,健喬,7,0,7,群益金鼎-敦南,2024-11-28,9101
8071,能率網通,7,0,7,群益金鼎-敦南,2024-11-28,9101
00953B,群益優選非投等債,456,0,456,群益金鼎-敦南,2024-11-29,9101
2382,廣達,228,5,223,群益金鼎-敦南,2024-11-29,9101
3706,神達,305,158,147,群益金鼎-敦南,2024-11-29,9101
2883,凱基金,101,1,100,群益金鼎-敦南,2024-11-29,9101
00945B,凱基美國非投等債,72,2,70,群益金鼎-敦南,2024-11-29,9101
00878,國泰永續高股息,61,2,59,群益金鼎-敦南,2024-11-29,9101
3363,上詮,51,0,51,群益金鼎-敦南,2024-11-29,9101
6136,富爾特,49,1,48,群益金鼎-敦南,2024-11-29,9101
8084,巨虹,45,1,44,群益金鼎-敦南,2024-11-29,9101
5328,華容,41,2,39,群益金鼎-敦南,2024-11-29,9101
3323,加百裕,90,53,37,群益金鼎-敦南,2024-11-29,9101
5309,系統電,193,158,35,群益金鼎-敦南,2024-11-29,9101
2881,富邦金,35,0,35,群益金鼎-敦南,2024-11-29,9101
3149,正達,33,1,32,群益金鼎-敦南,2024-11-29,9101
2618,長榮航,44,12,32,群益金鼎-敦南,2024-11-29,9101
6175,立敦,153,121,32,群益金鼎-敦南,2024-11-29,9101
3338,泰碩,32,1,31,群益金鼎-敦南,2024-11-29,9101
3105,穩懋,30,0,30,群益金鼎-敦南,2024-11-29,9101
2897,王道銀行,30,0,30,群益金鼎-敦南,2024-11-29,9101
00905,FT臺灣Smart,25,0,25,群益金鼎-敦南,2024-11-29,9101
1815,富喬,58,33,25,群益金鼎-敦南,2024-11-29,9101
1301,台塑,24,2,22,群益金鼎-敦南,2024-11-29,9101
6838,台新藥,21,0,21,群益金鼎-敦南,2024-11-29,9101
2313,華通,21,1,20,群益金鼎-敦南,2024-11-29,9101
2476,鉅祥,20,0,20,群益金鼎-敦南,2024-11-29,9101
2303,聯電,22,2,20,群益金鼎-敦南,2024-11-29,9101
8104,錸寶,55,35,20,群益金鼎-敦南,2024-11-29,9101
4711,永純,19,0,19,群益金鼎-敦南,2024-11-29,9101
3597,映興,19,0,19,群益金鼎-敦南,2024-11-29,9101
2472,立隆電,23,5,18,群益金鼎-敦南,2024-11-29,9101
2330,台積電,19,1,18,群益金鼎-敦南,2024-11-29,9101
4931,新盛力,24,7,17,群益金鼎-敦南,2024-11-29,9101
00680L,元大美債20正2,35,18,17,群益金鼎-敦南,2024-11-29,9101
3290,東浦,17,0,17,群益金鼎-敦南,2024-11-29,9101
3090,日電貿,65,49,16,群益金鼎-敦南,2024-11-29,9101
00881,國泰台灣5G+,16,1,15,群益金鼎-敦南,2024-11-29,9101
1522,堤維西,25,10,15,群益金鼎-敦南,2024-11-29,9101
1781,合世,15,2,13,群益金鼎-敦南,2024-11-29,9101
6781,AES-KY,12,0,12,群益金鼎-敦南,2024-11-29,9101
4755,三福化,11,0,11,群益金鼎-敦南,2024-11-29,9101
2606,裕民,11,0,11,群益金鼎-敦南,2024-11-29,9101
2539,櫻花建,11,0,11,群益金鼎-敦南,2024-11-29,9101
0056,元大高股息,26,16,10,群益金鼎-敦南,2024-11-29,9101
2317,鴻海,17,7,10,群益金鼎-敦南,2024-11-29,9101
00909,國泰數位支付服務,11,1,10,群益金鼎-敦南,2024-11-29,9101
3231,緯創,13,5,8,群益金鼎-敦南,2024-11-29,9101
2609,陽明,17,9,8,群益金鼎-敦南,2024-11-29,9101
6127,九豪,29,21,8,群益金鼎-敦南,2024-11-29,9101
5907,大洋-KY,8,0,8,群益金鼎-敦南,2024-11-29,9101
2891,中信金,7,0,7,群益金鼎-敦南,2024-11-29,9101
2444,兆勁,499,0,499,群益金鼎-敦南,2024-12-02,9101
00953B,群益優選非投等債,233,5,228,群益金鼎-敦南,2024-12-02,9101
2382,廣達,313,102,211,群益金鼎-敦南,2024-12-02,9101
6175,立敦,380,172,208,群益金鼎-敦南,2024-12-02,9101
3040,遠見,101,1,100,群益金鼎-敦南,2024-12-02,9101
2421,建準,100,0,100,群益金鼎-敦南,2024-12-02,9101
9105,泰金寶-DR,114,20,94,群益金鼎-敦南,2024-12-02,9101
00945B,凱基美國非投等債,100,10,90,群益金鼎-敦南,2024-12-02,9101
00950B,凱基A級公司債,70,0,70,群益金鼎-敦南,2024-12-02,9101
2301,光寶科,60,0,60,群益金鼎-敦南,2024-12-02,9101
2101,南港,55,0,55,群益金鼎-敦南,2024-12-02,9101
2646,星宇航空,51,0,51,群益金鼎-敦南,2024-12-02,9101
6558,興能高,272,222,50,群益金鼎-敦南,2024-12-02,9101
00637L,元大滬深300正2,67,21,46,群益金鼎-敦南,2024-12-02,9101
00655L,國泰中國A50正2,37,0,37,群益金鼎-敦南,2024-12-02,9101
3709,鑫聯大投控,30,0,30,群益金鼎-敦南,2024-12-02,9101
5340,建榮,48,18,30,群益金鼎-敦南,2024-12-02,9101
2034,允強,30,0,30,群益金鼎-敦南,2024-12-02,9101
3363,上詮,27,0,27,群益金鼎-敦南,2024-12-02,9101
2345,智邦,30,6,24,群益金鼎-敦南,2024-12-02,9101
6136,富爾特,22,0,22,群益金鼎-敦南,2024-12-02,9101
1449,佳和,32,11,21,群益金鼎-敦南,2024-12-02,9101
6962,ITH-KY,20,0,20,群益金鼎-敦南,2024-12-02,9101
1802,台玻,35,16,19,群益金鼎-敦南,2024-12-02,9101
3025,星通,36,18,18,群益金鼎-敦南,2024-12-02,9101
3090,日電貿,55,38,17,群益金鼎-敦南,2024-12-02,9101
4743,合一,16,0,16,群益金鼎-敦南,2024-12-02,9101
6173,信昌電,17,2,15,群益金鼎-敦南,2024-12-02,9101
6770,力積電,15,0,15,群益金鼎-敦南,2024-12-02,9101
3689,湧德,14,0,14,群益金鼎-敦南,2024-12-02,9101
3419,譁裕,14,0,14,群益金鼎-敦南,2024-12-02,9101
3030,德律,14,0,14,群益金鼎-敦南,2024-12-02,9101
4303,信立,98,84,14,群益金鼎-敦南,2024-12-02,9101
00915,凱基優選高股息30,15,1,14,群益金鼎-敦南,2024-12-02,9101
0056,元大高股息,13,0,13,群益金鼎-敦南,2024-12-02,9101
3580,友威科,13,0,13,群益金鼎-敦南,2024-12-02,9101
00909,國泰數位支付服務,12,0,12,群益金鼎-敦南,2024-12-02,9101
2354,鴻準,62,50,12,群益金鼎-敦南,2024-12-02,9101
4956,光鋐,12,0,12,群益金鼎-敦南,2024-12-02,9101
1314,中石化,12,0,12,群益金鼎-敦南,2024-12-02,9101
4123,晟德,40,29,11,群益金鼎-敦南,2024-12-02,9101
2883B,凱基金乙特,11,0,11,群益金鼎-敦南,2024-12-02,9101
3293,鈊象,10,0,10,群益金鼎-敦南,2024-12-02,9101
3597,映興,10,0,10,群益金鼎-敦南,2024-12-02,9101
6901,鑽石投資,10,0,10,群益金鼎-敦南,2024-12-02,9101
4714,永捷,10,0,10,群益金鼎-敦南,2024-12-02,9101
8042,金山電,28,18,10,群益金鼎-敦南,2024-12-02,9101
3591,艾笛森,12,2,10,群益金鼎-敦南,2024-12-02,9101
8249,菱光,10,0,10,群益金鼎-敦南,2024-12-02,9101
5371,中光電,28,18,10,群益金鼎-敦南,2024-12-02,9101
00953B,群益優選非投等債,418,2,416,群益金鼎-敦南,2024-12-03,9101
6136,富爾特,83,0,83,群益金鼎-敦南,2024-12-03,9101
2034,允強,82,0,82,群益金鼎-敦南,2024-12-03,9101
00919,群益台灣精選高息,98,22,76,群益金鼎-敦南,2024-12-03,9101
00918,大華優利高填息30,46,1,45,群益金鼎-敦南,2024-12-03,9101
5439,高技,50,13,37,群益金鼎-敦南,2024-12-03,9101
8163,達方,37,0,37,群益金鼎-敦南,2024-12-03,9101
2405,輔信,36,3,33,群益金鼎-敦南,2024-12-03,9101
2317,鴻海,40,14,26,群益金鼎-敦南,2024-12-03,9101
6962,ITH-KY,23,0,23,群益金鼎-敦南,2024-12-03,9101
00713,元大台灣高息低波,23,0,23,群益金鼎-敦南,2024-12-03,9101
4906,正文,39,17,22,群益金鼎-敦南,2024-12-03,9101
2646,星宇航空,22,1,21,群益金鼎-敦南,2024-12-03,9101
3558,神準,34,13,21,群益金鼎-敦南,2024-12-03,9101
1522,堤維西,25,4,21,群益金鼎-敦南,2024-12-03,9101
00878,國泰永續高股息,26,6,20,群益金鼎-敦南,2024-12-03,9101
2002,中鋼,20,0,20,群益金鼎-敦南,2024-12-03,9101
3522,御嵿,20,0,20,群益金鼎-敦南,2024-12-03,9101
2345,智邦,22,2,20,群益金鼎-敦南,2024-12-03,9101
9940,信義,19,0,19,群益金鼎-敦南,2024-12-03,9101
4991,環宇-KY,59,40,19,群益金鼎-敦南,2024-12-03,9101
3625,西勝,18,1,17,群益金鼎-敦南,2024-12-03,9101
4977,眾達-KY,57,40,17,群益金鼎-敦南,2024-12-03,9101
2103,台橡,16,0,16,群益金鼎-敦南,2024-12-03,9101
1618,合機,15,0,15,群益金鼎-敦南,2024-12-03,9101
3030,德律,14,0,14,群益金鼎-敦南,2024-12-03,9101
2382,廣達,16,2,14,群益金鼎-敦南,2024-12-03,9101
2375,凱美,19,6,13,群益金鼎-敦南,2024-12-03,9101
2812,台中銀,12,0,12,群益金鼎-敦南,2024-12-03,9101
3231,緯創,37,25,12,群益金鼎-敦南,2024-12-03,9101
8429,金麗-KY,13,1,12,群益金鼎-敦南,2024-12-03,9101
3019,亞光,15,4,11,群益金鼎-敦南,2024-12-03,9101
2023,燁輝,10,0,10,群益金鼎-敦南,2024-12-03,9101
1451,年興,10,0,10,群益金鼎-敦南,2024-12-03,9101
6470,宇智,10,0,10,群益金鼎-敦南,2024-12-03,9101
1268,漢來美食,10,0,10,群益金鼎-敦南,2024-12-03,9101
2312,金寶,21,11,10,群益金鼎-敦南,2024-12-03,9101
2637,慧洋-KY,10,0,10,群益金鼎-敦南,2024-12-03,9101
5465,富驊,15,5,10,群益金鼎-敦南,2024-12-03,9101
2498,宏達電,10,1,9,群益金鼎-敦南,2024-12-03,9101
3037,欣興,24,16,8,群益金鼎-敦南,2024-12-03,9101
2855,統一證,8,0,8,群益金鼎-敦南,2024-12-03,9101
4123,晟德,10,2,8,群益金鼎-敦南,2024-12-03,9101
3450,聯鈞,18,10,8,群益金鼎-敦南,2024-12-03,9101
2344,華邦電,8,0,8,群益金鼎-敦南,2024-12-03,9101
5315,光聯,13,5,8,群益金鼎-敦南,2024-12-03,9101
00915,凱基優選高股息30,8,0,8,群益金鼎-敦南,2024-12-03,9101
00887,永豐中國科技50大,7,0,7,群益金鼎-敦南,2024-12-03,9101
1815,富喬,34,27,7,群益金鼎-敦南,2024-12-03,9101
2385,群光,7,0,7,群益金鼎-敦南,2024-12-03,9101
00953B,群益優選非投等債,500,42,458,群益金鼎-敦南,2024-12-04,9101
00918,大華優利高填息30,314,5,309,群益金鼎-敦南,2024-12-04,9101
4942,嘉彰,113,0,113,群益金鼎-敦南,2024-12-04,9101
1301,台塑,87,2,85,群益金鼎-敦南,2024-12-04,9101
3537,堡達,133,64,69,群益金鼎-敦南,2024-12-04,9101
00948B,中信優息投資級債,61,0,61,群益金鼎-敦南,2024-12-04,9101
2303,聯電,62,2,60,群益金鼎-敦南,2024-12-04,9101
6136,富爾特,57,0,57,群益金鼎-敦南,2024-12-04,9101
00687B,國泰20年美債,53,0,53,群益金鼎-敦南,2024-12-04,9101
00937B,群益ESG投等債20,52,5,47,群益金鼎-敦南,2024-12-04,9101
00679B,元大美債20年,40,5,35,群益金鼎-敦南,2024-12-04,9101
2610,華航,44,10,34,群益金鼎-敦南,2024-12-04,9101
3317,尼克森,33,0,33,群益金鼎-敦南,2024-12-04,9101
4711,永純,32,0,32,群益金鼎-敦南,2024-12-04,9101
2486,一詮,37,6,31,群益金鼎-敦南,2024-12-04,9101
00932,兆豐永續高息等權,30,0,30,群益金鼎-敦南,2024-12-04,9101
2880,華南金,31,3,28,群益金鼎-敦南,2024-12-04,9101
4510,高鋒,32,4,28,群益金鼎-敦南,2024-12-04,9101
8240,華宏,30,4,26,群益金鼎-敦南,2024-12-04,9101
2034,允強,20,0,20,群益金鼎-敦南,2024-12-04,9101
00688L,國泰20年美債正2,20,0,20,群益金鼎-敦南,2024-12-04,9101
00945B,凱基美國非投等債,20,0,20,群益金鼎-敦南,2024-12-04,9101
3706,神達,76,56,20,群益金鼎-敦南,2024-12-04,9101
8176,智捷,19,0,19,群益金鼎-敦南,2024-12-04,9101
2317,鴻海,53,36,17,群益金鼎-敦南,2024-12-04,9101
2354,鴻準,50,33,17,群益金鼎-敦南,2024-12-04,9101
1595,川寶,26,10,16,群益金鼎-敦南,2024-12-04,9101
3625,西勝,16,0,16,群益金鼎-敦南,2024-12-04,9101
4903,聯光通,31,16,15,群益金鼎-敦南,2024-12-04,9101
5386,青雲,12,0,12,群益金鼎-敦南,2024-12-04,9101
2913,農林,12,0,12,群益金鼎-敦南,2024-12-04,9101
3090,日電貿,68,56,12,群益金鼎-敦南,2024-12-04,9101
6901,鑽石投資,11,0,11,群益金鼎-敦南,2024-12-04,9101
4909,新復興,11,0,11,群益金鼎-敦南,2024-12-04,9101
2345,智邦,18,7,11,群益金鼎-敦南,2024-12-04,9101
6173,信昌電,12,1,11,群益金鼎-敦南,2024-12-04,9101
1536,和大,11,1,10,群益金鼎-敦南,2024-12-04,9101
6715,嘉基,11,1,10,群益金鼎-敦南,2024-12-04,9101
3037,欣興,14,4,10,群益金鼎-敦南,2024-12-04,9101
3709,鑫聯大投控,10,0,10,群益金鼎-敦南,2024-12-04,9101
2646,星宇航空,12,2,10,群益金鼎-敦南,2024-12-04,9101
8111,立��,37,27,10,群益金鼎-敦南,2024-12-04,9101
3044,健鼎,10,0,10,群益金鼎-敦南,2024-12-04,9101
2449,京元電子,29,20,9,群益金鼎-敦南,2024-12-04,9101
3594,磐儀,9,0,9,群益金鼎-敦南,2024-12-04,9101
1786,科妍,9,0,9,群益金鼎-敦南,2024-12-04,9101
2454,聯發科,10,2,8,群益金鼎-敦南,2024-12-04,9101
6830,汎銓,11,3,8,群益金鼎-敦南,2024-12-04,9101
1809,中釉,8,0,8,群益金鼎-敦南,2024-12-04,9101
2472,立隆電,17,9,8,群益金鼎-敦南,2024-12-04,9101
00953B,群益優選非投等債,302,2,300,群益金鼎-敦南,2024-12-05,9101
00937B,群益ESG投等債20,123,55,68,群益金鼎-敦南,2024-12-05,9101
4977,眾達-KY,112,58,54,群益金鼎-敦南,2024-12-05,9101
5328,華容,153,102,51,群益金鼎-敦南,2024-12-05,9101
00882,中信中國高股息,45,1,44,群益金鼎-敦南,2024-12-05,9101
8358,金居,38,1,37,群益金鼎-敦南,2024-12-05,9101
00918,大華優利高填息30,34,0,34,群益金鼎-敦南,2024-12-05,9101
2367,燿華,33,0,33,群益金鼎-敦南,2024-12-05,9101
8163,達方,33,0,33,群益金鼎-敦南,2024-12-05,9101
3450,聯鈞,48,19,29,群益金鼎-敦南,2024-12-05,9101
6532,瑞耘,30,1,29,群益金鼎-敦南,2024-12-05,9101
3597,映興,25,0,25,群益金鼎-敦南,2024-12-05,9101
3211,順達,54,30,24,群益金鼎-敦南,2024-12-05,9101
5202,力新,24,0,24,群益金鼎-敦南,2024-12-05,9101
2034,允強,22,0,22,群益金鼎-敦南,2024-12-05,9101
5225,東科-KY,22,1,21,群益金鼎-敦南,2024-12-05,9101
2340,台亞,20,0,20,群益金鼎-敦南,2024-12-05,9101
2101,南港,20,0,20,群益金鼎-敦南,2024-12-05,9101
2002,中鋼,20,0,20,群益金鼎-敦南,2024-12-05,9101
00919,群益台灣精選高息,19,0,19,群益金鼎-敦南,2024-12-05,9101
00945B,凱基美國非投等債,19,0,19,群益金鼎-敦南,2024-12-05,9101
4952,凌通,16,0,16,群益金鼎-敦南,2024-12-05,9101
2208,台船,15,0,15,群益金鼎-敦南,2024-12-05,9101
2472,立隆電,34,20,14,群益金鼎-敦南,2024-12-05,9101
3090,日電貿,46,32,14,群益金鼎-敦南,2024-12-05,9101
2371,大同,20,7,13,群益金鼎-敦南,2024-12-05,9101
2317,鴻海,32,19,13,群益金鼎-敦南,2024-12-05,9101
00909,國泰數位支付服務,16,4,12,群益金鼎-敦南,2024-12-05,9101
00950B,凱基A級公司債,12,0,12,群益金鼎-敦南,2024-12-05,9101
1815,富喬,284,272,12,群益金鼎-敦南,2024-12-05,9101
2303,聯電,13,2,11,群益金鼎-敦南,2024-12-05,9101
00930,永豐ESG低碳高息,11,0,11,群益金鼎-敦南,2024-12-05,9101
9105,泰金寶-DR,21,10,11,群益金鼎-敦南,2024-12-05,9101
00922,國泰台灣領袖50,10,0,10,群益金鼎-敦南,2024-12-05,9101
2106,建大,10,0,10,群益金鼎-敦南,2024-12-05,9101
3049,精金,10,0,10,群益金鼎-敦南,2024-12-05,9101
3003,健和興,10,0,10,群益金鼎-敦南,2024-12-05,9101
2603,長榮,11,1,10,群益金鼎-敦南,2024-12-05,9101
1605,華新,10,0,10,群益金鼎-敦南,2024-12-05,9101
2609,陽明,10,1,9,群益金鼎-敦南,2024-12-05,9101
2211,長榮鋼,9,0,9,群益金鼎-敦南,2024-12-05,9101
6136,富爾特,9,0,9,群益金鼎-敦南,2024-12-05,9101
2356,英業達,17,8,9,群益金鼎-敦南,2024-12-05,9101
3715,定穎投控,12,3,9,群益金鼎-敦南,2024-12-05,9101
3017,奇鋐,14,6,8,群益金鼎-敦南,2024-12-05,9101
6697,東捷資訊,8,0,8,群益金鼎-敦南,2024-12-05,9101
1314,中石化,8,0,8,群益金鼎-敦南,2024-12-05,9101
1513,中興電,7,0,7,群益金鼎-敦南,2024-12-05,9101
3234,光環,12,5,7,群益金鼎-敦南,2024-12-05,9101
1799,易威,7,0,7,群益金鼎-敦南,2024-12-05,9101
00637L,元大滬深300正2,1032,113,919,群益金鼎-敦南,2024-12-06,9101
00918,大華優利高填息30,450,0,450,群益金鼎-敦南,2024-12-06,9101
00923,群益台ESG低碳50,330,0,330,群益金鼎-敦南,2024-12-06,9101
00680L,元大美債20正2,369,50,319,群益金鼎-敦南,2024-12-06,9101
00953B,群益優選非投等債,179,2,177,群益金鼎-敦南,2024-12-06,9101
4979,華星光,120,20,100,群益金鼎-敦南,2024-12-06,9101
1802,台玻,52,0,52,群益金鼎-敦南,2024-12-06,9101
00753L,中信中國50正2,41,0,41,群益金鼎-敦南,2024-12-06,9101
2354,鴻準,143,109,34,群益金鼎-敦南,2024-12-06,9101
00664R,國泰臺灣加權反1,30,0,30,群益金鼎-敦南,2024-12-06,9101
2344,華邦電,30,1,29,群益金鼎-敦南,2024-12-06,9101
00655L,國泰中國A50正2,30,1,29,群益金鼎-敦南,2024-12-06,9101
9940,信義,25,1,24,群益金鼎-敦南,2024-12-06,9101
2374,佳能,61,37,24,群益金鼎-敦南,2024-12-06,9101
1336,台翰,31,8,23,群益金鼎-敦南,2024-12-06,9101
6558,興能高,85,63,22,群益金鼎-敦南,2024-12-06,9101
00962,台新AI優息動能,32,10,22,群益金鼎-敦南,2024-12-06,9101
00932,兆豐永續高息等權,22,0,22,群益金鼎-敦南,2024-12-06,9101
00924,復華S＆P500成長,21,0,21,群益金鼎-敦南,2024-12-06,9101
4123,晟德,21,2,19,群益金鼎-敦南,2024-12-06,9101
2105,正新,20,1,19,群益金鼎-敦南,2024-12-06,9101
2399,映泰,36,18,18,群益金鼎-敦南,2024-12-06,9101
2486,一詮,24,6,18,群益金鼎-敦南,2024-12-06,9101
5244,弘凱,26,9,17,群益金鼎-敦南,2024-12-06,9101
4991,環宇-KY,94,78,16,群益金鼎-敦南,2024-12-06,9101
6136,富爾特,16,0,16,群益金鼎-敦南,2024-12-06,9101
00713,元大台灣高息低波,16,0,16,群益金鼎-敦南,2024-12-06,9101
2312,金寶,22,7,15,群益金鼎-敦南,2024-12-06,9101
00907,永豐優息存股,14,0,14,群益金鼎-敦南,2024-12-06,9101
3591,艾笛森,14,0,14,群益金鼎-敦南,2024-12-06,9101
6531,愛普*,14,0,14,群益金鼎-敦南,2024-12-06,9101
5202,力新,62,50,12,群益金鼎-敦南,2024-12-06,9101
00941,中信上游半導體,10,0,10,群益金鼎-敦南,2024-12-06,9101
4157,太景*-KY,10,0,10,群益金鼎-敦南,2024-12-06,9101
3664,安瑞-KY,10,0,10,群益金鼎-敦南,2024-12-06,9101
5481,新華,19,9,10,群益金鼎-敦南,2024-12-06,9101
2646,星宇航空,10,0,10,群益金鼎-敦南,2024-12-06,9101
3049,精金,10,0,10,群益金鼎-敦南,2024-12-06,9101
1710,東聯,10,0,10,群益金鼎-敦南,2024-12-06,9101
6906,現觀科,10,0,10,群益金鼎-敦南,2024-12-06,9101
6179,亞通,10,0,10,群益金鼎-敦南,2024-12-06,9101
2498,宏達電,10,0,10,群益金鼎-敦南,2024-12-06,9101
6175,立敦,11,2,9,群益金鼎-敦南,2024-12-06,9101
2027,大成鋼,10,1,9,群益金鼎-敦南,2024-12-06,9101
00915,凱基優選高股息30,8,0,8,群益金鼎-敦南,2024-12-06,9101
00712,復華富時不動產,8,0,8,群益金鼎-敦南,2024-12-06,9101
3551,世禾,9,1,8,群益金鼎-敦南,2024-12-06,9101
6901,鑽石投資,8,0,8,群益金鼎-敦南,2024-12-06,9101
1799,易威,7,0,7,群益金鼎-敦南,2024-12-06,9101
2356,英業達,7,0,7,群益金鼎-敦南,2024-12-06,9101
00953B,群益優選非投等債,168,0,168,群益金鼎-敦南,2024-12-09,9101
4979,華星光,113,12,101,群益金鼎-敦南,2024-12-09,9101
5439,高技,82,6,76,群益金鼎-敦南,2024-12-09,9101
2501,國建,80,6,74,群益金鼎-敦南,2024-12-09,9101
2101,南港,65,0,65,群益金鼎-敦南,2024-12-09,9101
00968B,元大優息投等債,50,0,50,群益金鼎-敦南,2024-12-09,9101
00967B,元大優息美債,50,0,50,群益金鼎-敦南,2024-12-09,9101
2615,萬海,86,37,49,群益金鼎-敦南,2024-12-09,9101
6179,亞通,42,0,42,群益金鼎-敦南,2024-12-09,9101
0056,元大高股息,38,0,38,群益金鼎-敦南,2024-12-09,9101
2427,三商電,34,0,34,群益金鼎-敦南,2024-12-09,9101
2401,凌陽,33,0,33,群益金鼎-敦南,2024-12-09,9101
00900,富邦特選高股息30,31,0,31,群益金鼎-敦南,2024-12-09,9101
00664R,國泰臺灣加權反1,30,0,30,群益金鼎-敦南,2024-12-09,9101
3363,上詮,30,0,30,群益金鼎-敦南,2024-12-09,9101
6136,富爾特,29,0,29,群益金鼎-敦南,2024-12-09,9101
2303,聯電,38,10,28,群益金鼎-敦南,2024-12-09,9101
5328,華容,70,43,27,群益金鼎-敦南,2024-12-09,9101
00915,凱基優選高股息30,26,0,26,群益金鼎-敦南,2024-12-09,9101
4711,永純,25,0,25,群益金鼎-敦南,2024-12-09,9101
00637L,元大滬深300正2,37,12,25,群益金鼎-敦南,2024-12-09,9101
4942,嘉彰,23,0,23,群益金鼎-敦南,2024-12-09,9101
00882,中信中國高股息,23,0,23,群益金鼎-敦南,2024-12-09,9101
1595,川寶,43,22,21,群益金鼎-敦南,2024-12-09,9101
2402,毅嘉,20,1,19,群益金鼎-敦南,2024-12-09,9101
3030,德律,19,1,18,群益金鼎-敦南,2024-12-09,9101
6112,邁達特,34,18,16,群益金鼎-敦南,2024-12-09,9101
3450,聯鈞,31,16,15,群益金鼎-敦南,2024-12-09,9101
9933,中鼎,15,0,15,群益金鼎-敦南,2024-12-09,9101
3522,御嵿,16,1,15,群益金鼎-敦南,2024-12-09,9101
2375,凱美,16,2,14,群益金鼎-敦南,2024-12-09,9101
2449,京元電子,32,18,14,群益金鼎-敦南,2024-12-09,9101
8028,昇陽半導體,19,5,14,群益金鼎-敦南,2024-12-09,9101
1402,遠東新,14,0,14,群益金鼎-敦南,2024-12-09,9101
2453,凌群,20,7,13,群益金鼎-敦南,2024-12-09,9101
1336,台翰,18,5,13,群益金鼎-敦南,2024-12-09,9101
4956,光鋐,13,0,13,群益金鼎-敦南,2024-12-09,9101
3317,尼克森,24,12,12,群益金鼎-敦南,2024-12-09,9101
3376,新日興,16,4,12,群益金鼎-敦南,2024-12-09,9101
00918,大華優利高填息30,12,0,12,群益金鼎-敦南,2024-12-09,9101
4114,健喬,12,0,12,群益金鼎-敦南,2024-12-09,9101
3537,堡達,24,12,12,群益金鼎-敦南,2024-12-09,9101
3323,加百裕,27,15,12,群益金鼎-敦南,2024-12-09,9101
00909,國泰數位支付服務,16,5,11,群益金鼎-敦南,2024-12-09,9101
2105,正新,10,0,10,群益金鼎-敦南,2024-12-09,9101
1582,信錦,10,0,10,群益金鼎-敦南,2024-12-09,9101
1802,台玻,18,8,10,群益金鼎-敦南,2024-12-09,9101
6576,逸達,10,0,10,群益金鼎-敦南,2024-12-09,9101
6245,立端,10,0,10,群益金鼎-敦南,2024-12-09,9101
2913,農林,10,0,10,群益金鼎-敦南,2024-12-09,9101
00953B,群益優選非投等債,163,7,156,群益金鼎-敦南,2024-12-10,9101
00967B,元大優息美債,115,0,115,群益金鼎-敦南,2024-12-10,9101
4942,嘉彰,82,0,82,群益金鼎-敦南,2024-12-10,9101
2880,華南金,71,0,71,群益金鼎-敦南,2024-12-10,9101
00688L,國泰20年美債正2,70,0,70,群益金鼎-敦南,2024-12-10,9101
0056,元大高股息,63,0,63,群益金鼎-敦南,2024-12-10,9101
6535,順藥,60,2,58,群益金鼎-敦南,2024-12-10,9101
4711,永純,57,0,57,群益金鼎-敦南,2024-12-10,9101
2609,陽明,118,63,55,群益金鼎-敦南,2024-12-10,9101
00918,大華優利高填息30,50,0,50,群益金鼎-敦南,2024-12-10,9101
9105,泰金寶-DR,50,0,50,群益金鼎-敦南,2024-12-10,9101
00926,凱基全球菁英55,48,0,48,群益金鼎-敦南,2024-12-10,9101
3706,神達,147,102,45,群益金鼎-敦南,2024-12-10,9101
1815,富喬,78,35,43,群益金鼎-敦南,2024-12-10,9101
00915,凱基優選高股息30,42,0,42,群益金鼎-敦南,2024-12-10,9101
6136,富爾特,39,0,39,群益金鼎-敦南,2024-12-10,9101
1464,得力,30,0,30,群益金鼎-敦南,2024-12-10,9101
00712,復華富時不動產,30,0,30,群益金鼎-敦南,2024-12-10,9101
2610,華航,126,97,29,群益金鼎-敦南,2024-12-10,9101
2618,長榮航,45,17,28,群益金鼎-敦南,2024-12-10,9101
3537,堡達,27,0,27,群益金鼎-敦南,2024-12-10,9101
1605,華新,25,0,25,群益金鼎-敦南,2024-12-10,9101
00968B,元大優息投等債,22,0,22,群益金鼎-敦南,2024-12-10,9101
2317,鴻海,24,3,21,群益金鼎-敦南,2024-12-10,9101
2486,一詮,25,4,21,群益金鼎-敦南,2024-12-10,9101
2501,國建,20,0,20,群益金鼎-敦南,2024-12-10,9101
00881,國泰台灣5G+,20,0,20,群益金鼎-敦南,2024-12-10,9101
00633L,富邦上証正2,20,0,20,群益金鼎-敦南,2024-12-10,9101
8358,金居,21,1,20,群益金鼎-敦南,2024-12-10,9101
2354,鴻準,48,30,18,群益金鼎-敦南,2024-12-10,9101
1702,南僑,17,0,17,群益金鼎-敦南,2024-12-10,9101
4952,凌通,16,0,16,群益金鼎-敦南,2024-12-10,9101
00637L,元大滬深300正2,123,110,13,群益金鼎-敦南,2024-12-10,9101
2427,三商電,14,1,13,群益金鼎-敦南,2024-12-10,9101
2356,英業達,13,0,13,群益金鼎-敦南,2024-12-10,9101
2547,日勝生,15,2,13,群益金鼎-敦南,2024-12-10,9101
2603,長榮,16,3,13,群益金鼎-敦南,2024-12-10,9101
00919,群益台灣精選高息,14,2,12,群益金鼎-敦南,2024-12-10,9101
00922,國泰台灣領袖50,12,0,12,群益金鼎-敦南,2024-12-10,9101
00687B,國泰20年美債,15,3,12,群益金鼎-敦南,2024-12-10,9101
2542,興富發,12,0,12,群益金鼎-敦南,2024-12-10,9101
2449,京元電子,36,24,12,群益金鼎-敦南,2024-12-10,9101
3645,達邁,11,0,11,群益金鼎-敦南,2024-12-10,9101
5481,新華,12,1,11,群益金鼎-敦南,2024-12-10,9101
3036,文曄,12,1,11,群益金鼎-敦南,2024-12-10,9101
00679B,元大美債20年,12,2,10,群益金鼎-敦南,2024-12-10,9101
8367,建新國際,10,0,10,群益金鼎-敦南,2024-12-10,9101
2480,敦陽科,14,4,10,群益金鼎-敦南,2024-12-10,9101
4157,太景*-KY,10,0,10,群益金鼎-敦南,2024-12-10,9101
00945B,凱基美國非投等債,10,0,10,群益金鼎-敦南,2024-12-10,9101
00671R,富邦NASDAQ反1,300,0,300,群益金鼎-敦南,2024-12-11,9101
3202,樺晟,240,0,240,群益金鼎-敦南,2024-12-11,9101
00945B,凱基美國非投等債,105,0,105,群益金鼎-敦南,2024-12-11,9101
2303,聯電,104,1,103,群益金鼎-敦南,2024-12-11,9101
00919,群益台灣精選高息,101,5,96,群益金鼎-敦南,2024-12-11,9101
00918,大華優利高填息30,86,11,75,群益金鼎-敦南,2024-12-11,9101
9907,統一實,75,0,75,群益金鼎-敦南,2024-12-11,9101
6213,聯茂,54,7,47,群益金鼎-敦南,2024-12-11,9101
6136,富爾特,45,0,45,群益金鼎-敦南,2024-12-11,9101
00953B,群益優選非投等債,40,1,39,群益金鼎-敦南,2024-12-11,9101
00915,凱基優選高股息30,34,0,34,群益金鼎-敦南,2024-12-11,9101
4942,嘉彰,34,0,34,群益金鼎-敦南,2024-12-11,9101
2618,長榮航,46,13,33,群益金鼎-敦南,2024-12-11,9101
5475,德宏,29,0,29,群益金鼎-敦南,2024-12-11,9101
3481,群創,30,2,28,群益金鼎-敦南,2024-12-11,9101
00637L,元大滬深300正2,79,52,27,群益金鼎-敦南,2024-12-11,9101
0056,元大高股息,28,1,27,群益金鼎-敦南,2024-12-11,9101
00687B,國泰20年美債,26,0,26,群益金鼎-敦南,2024-12-11,9101
2609,陽明,64,40,24,群益金鼎-敦南,2024-12-11,9101
3231,緯創,27,4,23,群益金鼎-敦南,2024-12-11,9101
1598,岱宇,23,0,23,群益金鼎-敦南,2024-12-11,9101
1785,光洋科,34,12,22,群益金鼎-敦南,2024-12-11,9101
4979,華星光,32,11,21,群益金鼎-敦南,2024-12-11,9101
6229,研通,22,1,21,群益金鼎-敦南,2024-12-11,9101
3303,岱稜,20,0,20,群益金鼎-敦南,2024-12-11,9101
2633,台灣高鐵,20,0,20,群益金鼎-敦南,2024-12-11,9101
2392,正崴,23,3,20,群益金鼎-敦南,2024-12-11,9101
8042,金山電,22,3,19,群益金鼎-敦南,2024-12-11,9101
2201,裕隆,21,3,18,群益金鼎-敦南,2024-12-11,9101
2345,智邦,21,3,18,群益金鼎-敦南,2024-12-11,9101
2486,一詮,19,1,18,群益金鼎-敦南,2024-12-11,9101
4953,緯軟,34,18,16,群益金鼎-敦南,2024-12-11,9101
2101,南港,15,0,15,群益金鼎-敦南,2024-12-11,9101
3551,世禾,15,0,15,群益金鼎-敦南,2024-12-11,9101
9940,信義,20,5,15,群益金鼎-敦南,2024-12-11,9101
6104,創惟,15,0,15,群益金鼎-敦南,2024-12-11,9101
00946,群益科技高息成長,14,0,14,群益金鼎-敦南,2024-12-11,9101
6757,台灣虎航,16,2,14,群益金鼎-敦南,2024-12-11,9101
2387,精元,14,0,14,群益金鼎-敦南,2024-12-11,9101
0050,元大台灣50,13,0,13,群益金鼎-敦南,2024-12-11,9101
00922,國泰台灣領袖50,20,7,13,群益金鼎-敦南,2024-12-11,9101
00679B,元大美債20年,12,0,12,群益金鼎-敦南,2024-12-11,9101
8011,台通,12,0,12,群益金鼎-敦南,2024-12-11,9101
5284,jpp-KY,12,0,12,群益金鼎-敦南,2024-12-11,9101
1464,得力,61,49,12,群益金鼎-敦南,2024-12-11,9101
00713,元大台灣高息低波,11,0,11,群益金鼎-敦南,2024-12-11,9101
6669,緯穎,13,2,11,群益金鼎-敦南,2024-12-11,9101
00937B,群益ESG投等債20,21,11,10,群益金鼎-敦南,2024-12-11,9101
1904,正隆,10,0,10,群益金鼎-敦南,2024-12-11,9101
2363,矽統,15,5,10,群益金鼎-敦南,2024-12-11,9101
00878,國泰永續高股息,133,11,122,群益金鼎-敦南,2024-12-12,9101
6136,富爾特,113,0,113,群益金鼎-敦南,2024-12-12,9101
00958B,永豐ESG銀行債15,100,0,100,群益金鼎-敦南,2024-12-12,9101
00923,群益台ESG低碳50,95,0,95,群益金鼎-敦南,2024-12-12,9101
00937B,群益ESG投等債20,87,1,86,群益金鼎-敦南,2024-12-12,9101
3062,建漢,67,8,59,群益金鼎-敦南,2024-12-12,9101
00688L,國泰20年美債正2,54,0,54,群益金鼎-敦南,2024-12-12,9101
00687B,國泰20年美債,52,0,52,群益金鼎-敦南,2024-12-12,9101
00753L,中信中國50正2,50,0,50,群益金鼎-敦南,2024-12-12,9101
00918,大華優利高填息30,51,9,42,群益金鼎-敦南,2024-12-12,9101
1464,得力,35,0,35,群益金鼎-敦南,2024-12-12,9101
4510,高鋒,135,104,31,群益金鼎-敦南,2024-12-12,9101
2344,華邦電,31,0,31,群益金鼎-敦南,2024-12-12,9101
2371,大同,30,2,28,群益金鼎-敦南,2024-12-12,9101
3081,聯亞,28,1,27,群益金鼎-敦南,2024-12-12,9101
2367,燿華,35,9,26,群益金鼎-敦南,2024-12-12,9101
2332,友訊,25,1,24,群益金鼎-敦南,2024-12-12,9101
00915,凱基優選高股息30,23,0,23,群益金鼎-敦南,2024-12-12,9101
00911,兆豐洲際半導體,22,0,22,群益金鼎-敦南,2024-12-12,9101
00948B,中信優息投資級債,19,0,19,群益金鼎-敦南,2024-12-12,9101
5202,力新,22,3,19,群益金鼎-敦南,2024-12-12,9101
8042,金山電,18,0,18,群益金鼎-敦南,2024-12-12,9101
2363,矽統,18,1,17,群益金鼎-敦南,2024-12-12,9101
4942,嘉彰,17,0,17,群益金鼎-敦南,2024-12-12,9101
0056,元大高股息,28,11,17,群益金鼎-敦南,2024-12-12,9101
2312,金寶,23,7,16,群益金鼎-敦南,2024-12-12,9101
2880,華南金,17,1,16,群益金鼎-敦南,2024-12-12,9101
1336,台翰,15,0,15,群益金鼎-敦南,2024-12-12,9101
4977,眾達-KY,41,26,15,群益金鼎-敦南,2024-12-12,9101
3029,零壹,35,20,15,群益金鼎-敦南,2024-12-12,9101
00950B,凱基A級公司債,13,0,13,群益金鼎-敦南,2024-12-12,9101
2615,萬海,24,12,12,群益金鼎-敦南,2024-12-12,9101
3303,岱稜,12,0,12,群益金鼎-敦南,2024-12-12,9101
8111,立��,19,7,12,群益金鼎-敦南,2024-12-12,9101
00679B,元大美債20年,12,0,12,群益金鼎-敦南,2024-12-12,9101
5439,高技,34,23,11,群益金鼎-敦南,2024-12-12,9101
1449,佳和,22,11,11,群益金鼎-敦南,2024-12-12,9101
00931B,統一美債20年,11,0,11,群益金鼎-敦南,2024-12-12,9101
00680L,元大美債20正2,10,0,10,群益金鼎-敦南,2024-12-12,9101
6153,嘉聯益,10,0,10,群益金鼎-敦南,2024-12-12,9101
00922,國泰台灣領袖50,10,0,10,群益金鼎-敦南,2024-12-12,9101
9105,泰金寶-DR,50,40,10,群益金鼎-敦南,2024-12-12,9101
3499,環天科,10,0,10,群益金鼎-敦南,2024-12-12,9101
1321,大洋,10,0,10,群益金鼎-敦南,2024-12-12,9101
2838A,聯邦銀甲特,10,0,10,群益金鼎-敦南,2024-12-12,9101
00919,群益台灣精選高息,23,14,9,群益金鼎-敦南,2024-12-12,9101
6285,啟��,10,1,9,群益金鼎-敦南,2024-12-12,9101
1702,南僑,9,0,9,群益金鼎-敦南,2024-12-12,9101
2317,鴻海,14,5,9,群益金鼎-敦南,2024-12-12,9101
00926,凱基全球菁英55,8,0,8,群益金鼎-敦南,2024-12-12,9101
00878,國泰永續高股息,538,1,537,群益金鼎-敦南,2024-12-13,9101
00937B,群益ESG投等債20,206,0,206,群益金鼎-敦南,2024-12-13,9101
6136,富爾特,86,0,86,群益金鼎-敦南,2024-12-13,9101
00919,群益台灣精選高息,57,0,57,群益金鼎-敦南,2024-12-13,9101
00926,凱基全球菁英55,56,0,56,群益金鼎-敦南,2024-12-13,9101
2646,星宇航空,71,21,50,群益金鼎-敦南,2024-12-13,9101
2486,一詮,60,10,50,群益金鼎-敦南,2024-12-13,9101
0056,元大高股息,46,0,46,群益金鼎-敦南,2024-12-13,9101
6535,順藥,40,2,38,群益金鼎-敦南,2024-12-13,9101
00687B,國泰20年美債,36,0,36,群益金鼎-敦南,2024-12-13,9101
2880,華南金,35,0,35,群益金鼎-敦南,2024-12-13,9101
00918,大華優利高填息30,35,0,35,群益金鼎-敦南,2024-12-13,9101
2402,毅嘉,31,0,31,群益金鼎-敦南,2024-12-13,9101
2303,聯電,79,49,30,群益金鼎-敦南,2024-12-13,9101
00637L,元大滬深300正2,52,22,30,群益金鼎-敦南,2024-12-13,9101
4931,新盛力,58,36,22,群益金鼎-敦南,2024-12-13,9101
3037,欣興,23,2,21,群益金鼎-敦南,2024-12-13,9101
2618,長榮航,48,27,21,群益金鼎-敦南,2024-12-13,9101
1464,得力,20,0,20,群益金鼎-敦南,2024-12-13,9101
2228,劍麟,20,0,20,群益金鼎-敦南,2024-12-13,9101
3380,明泰,47,27,20,群益金鼎-敦南,2024-12-13,9101
2313,華通,39,19,20,群益金鼎-敦南,2024-12-13,9101
00631L,元大台灣50正2,22,2,20,群益金鼎-敦南,2024-12-13,9101
3551,世禾,20,0,20,群益金鼎-敦南,2024-12-13,9101
2609,陽明,111,92,19,群益金鼎-敦南,2024-12-13,9101
5481,新華,19,0,19,群益金鼎-敦南,2024-12-13,9101
2458,義隆,22,3,19,群益金鼎-敦南,2024-12-13,9101
00915,凱基優選高股息30,19,1,18,群益金鼎-敦南,2024-12-13,9101
00751B,元大AAA至A公司債,17,0,17,群益金鼎-敦南,2024-12-13,9101
2371,大同,22,5,17,群益金鼎-敦南,2024-12-13,9101
8069,元太,16,0,16,群益金鼎-敦南,2024-12-13,9101
2353,宏��,17,2,15,群益金鼎-敦南,2024-12-13,9101
00933B,國泰10Y+金融債,15,0,15,群益金鼎-敦南,2024-12-13,9101
00905,FT臺灣Smart,15,0,15,群益金鼎-敦南,2024-12-13,9101
4942,嘉彰,15,0,15,群益金鼎-敦南,2024-12-13,9101
00932,兆豐永續高息等權,13,0,13,群益金鼎-敦南,2024-12-13,9101
5439,高技,31,18,13,群益金鼎-敦南,2024-12-13,9101
8147,正淩,13,0,13,群益金鼎-敦南,2024-12-13,9101
2356,英業達,13,0,13,群益金鼎-敦南,2024-12-13,9101
5315,光聯,13,0,13,群益金鼎-敦南,2024-12-13,9101
00679B,元大美債20年,14,2,12,群益金鼎-敦南,2024-12-13,9101
00940,元大台灣價值高息,13,1,12,群益金鼎-敦南,2024-12-13,9101
2610,華航,12,0,12,群益金鼎-敦南,2024-12-13,9101
2536,宏普,11,0,11,群益金鼎-敦南,2024-12-13,9101
1336,台翰,32,21,11,群益金鼎-敦南,2024-12-13,9101
2104,國際中橡,11,0,11,群益金鼎-敦南,2024-12-13,9101
5475,德宏,11,0,11,群益金鼎-敦南,2024-12-13,9101
00968B,元大優息投等債,11,0,11,群益金鼎-敦南,2024-12-13,9101
00950B,凱基A級公司債,30,20,10,群益金鼎-敦南,2024-12-13,9101
00945B,凱基美國非投等債,10,0,10,群益金鼎-敦南,2024-12-13,9101
00937B,群益ESG投等債20,217,3,214,群益金鼎-敦南,2024-12-16,9101
00948B,中信優息投資級債,172,0,172,群益金鼎-敦南,2024-12-16,9101
6136,富爾特,167,0,167,群益金鼎-敦南,2024-12-16,9101
00932,兆豐永續高息等權,115,0,115,群益金鼎-敦南,2024-12-16,9101
00918,大華優利高填息30,107,0,107,群益金鼎-敦南,2024-12-16,9101
00637L,元大滬深300正2,106,1,105,群益金鼎-敦南,2024-12-16,9101
00915,凱基優選高股息30,104,0,104,群益金鼎-敦南,2024-12-16,9101
1802,台玻,100,2,98,群益金鼎-敦南,2024-12-16,9101
2646,星宇航空,93,2,91,群益金鼎-敦南,2024-12-16,9101
00687B,國泰20年美債,79,0,79,群益金鼎-敦南,2024-12-16,9101
3231,緯創,77,8,69,群益金鼎-敦南,2024-12-16,9101
00632R,元大台灣50反1,65,0,65,群益金鼎-敦南,2024-12-16,9101
00926,凱基全球菁英55,65,1,64,群益金鼎-敦南,2024-12-16,9101
2374,佳能,68,12,56,群益金鼎-敦南,2024-12-16,9101
00946,群益科技高息成長,50,0,50,群益金鼎-敦南,2024-12-16,9101
00924,復華S＆P500成長,50,0,50,群益金鼎-敦南,2024-12-16,9101
2106,建大,41,0,41,群益金鼎-敦南,2024-12-16,9101
00712,復華富時不動產,41,0,41,群益金鼎-敦南,2024-12-16,9101
00933B,國泰10Y+金融債,36,0,36,群益金鼎-敦南,2024-12-16,9101
0056,元大高股息,37,1,36,群益金鼎-敦南,2024-12-16,9101
1321,大洋,35,0,35,群益金鼎-敦南,2024-12-16,9101
00878,國泰永續高股息,36,2,34,群益金鼎-敦南,2024-12-16,9101
4974,亞泰,58,26,32,群益金鼎-敦南,2024-12-16,9101
00919,群益台灣精選高息,47,16,31,群益金鼎-敦南,2024-12-16,9101
00945B,凱基美國非投等債,30,0,30,群益金鼎-敦南,2024-12-16,9101
3189,景碩,29,0,29,群益金鼎-敦南,2024-12-16,9101
5457,宣德,29,0,29,群益金鼎-敦南,2024-12-16,9101
00713,元大台灣高息低波,29,0,29,群益金鼎-敦南,2024-12-16,9101
1213,大飲,28,0,28,群益金鼎-敦南,2024-12-16,9101
2449,京元電子,48,20,28,群益金鼎-敦南,2024-12-16,9101
1220,台榮,26,1,25,群益金鼎-敦南,2024-12-16,9101
3689,湧德,60,36,24,群益金鼎-敦南,2024-12-16,9101
00953B,群益優選非投等債,25,1,24,群益金鼎-敦南,2024-12-16,9101
6279,胡連,23,2,21,群益金鼎-敦南,2024-12-16,9101
6806,森崴能源,20,0,20,群益金鼎-敦南,2024-12-16,9101
2609,陽明,47,29,18,群益金鼎-敦南,2024-12-16,9101
00688L,國泰20年美債正2,18,0,18,群益金鼎-敦南,2024-12-16,9101
3037,欣興,20,3,17,群益金鼎-敦南,2024-12-16,9101
2618,長榮航,19,3,16,群益金鼎-敦南,2024-12-16,9101
2363,矽統,17,1,16,群益金鼎-敦南,2024-12-16,9101
1785,光洋科,56,40,16,群益金鼎-敦南,2024-12-16,9101
3035,智原,19,4,15,群益金鼎-敦南,2024-12-16,9101
2613,中櫃,16,1,15,群益金鼎-敦南,2024-12-16,9101
00795B,中信美國公債20年,21,7,14,群益金鼎-敦南,2024-12-16,9101
2317,鴻海,41,28,13,群益金鼎-敦南,2024-12-16,9101
4973,廣穎,12,0,12,群益金鼎-敦南,2024-12-16,9101
3706,神達,86,74,12,群益金鼎-敦南,2024-12-16,9101
2610,華航,32,20,12,群益金鼎-敦南,2024-12-16,9101
2382,廣達,13,1,12,群益金鼎-敦南,2024-12-16,9101
6288,聯嘉,10,0,10,群益金鼎-敦南,2024-12-16,9101
00918,大華優利高填息30,268,0,268,群益金鼎-敦南,2024-12-17,9101
6136,富爾特,110,0,110,群益金鼎-敦南,2024-12-17,9101
00687B,國泰20年美債,49,0,49,群益金鼎-敦南,2024-12-17,9101
8249,菱光,101,58,43,群益金鼎-敦南,2024-12-17,9101
2367,燿華,42,0,42,群益金鼎-敦南,2024-12-17,9101
2880,華南金,41,0,41,群益金鼎-敦南,2024-12-17,9101
00713,元大台灣高息低波,38,3,35,群益金鼎-敦南,2024-12-17,9101
00932,兆豐永續高息等權,33,0,33,群益金鼎-敦南,2024-12-17,9101
3081,聯亞,43,12,31,群益金鼎-敦南,2024-12-17,9101
3706,神達,84,53,31,群益金鼎-敦南,2024-12-17,9101
2344,華邦電,33,4,29,群益金鼎-敦南,2024-12-17,9101
00945B,凱基美國非投等債,25,0,25,群益金鼎-敦南,2024-12-17,9101
00950B,凱基A級公司債,22,0,22,群益金鼎-敦南,2024-12-17,9101
2312,金寶,29,7,22,群益金鼎-敦南,2024-12-17,9101
6442,光聖,22,0,22,群益金鼎-敦南,2024-12-17,9101
00632R,元大台灣50反1,21,0,21,群益金鼎-敦南,2024-12-17,9101
00915,凱基優選高股息30,20,0,20,群益金鼎-敦南,2024-12-17,9101
00680L,元大美債20正2,20,0,20,群益金鼎-敦南,2024-12-17,9101
2062,橋椿,29,9,20,群益金鼎-敦南,2024-12-17,9101
0056,元大高股息,17,0,17,群益金鼎-敦南,2024-12-17,9101
3149,正達,16,0,16,群益金鼎-敦南,2024-12-17,9101
2883,凱基金,15,0,15,群益金鼎-敦南,2024-12-17,9101
8059,凱碩,15,0,15,群益金鼎-敦南,2024-12-17,9101
00878,國泰永續高股息,21,7,14,群益金鼎-敦南,2024-12-17,9101
00757,統一FANG+,13,0,13,群益金鼎-敦南,2024-12-17,9101
2501,國建,15,2,13,群益金鼎-敦南,2024-12-17,9101
4561,健椿,28,15,13,群益金鼎-敦南,2024-12-17,9101
3631,晟楠,13,0,13,群益金鼎-敦南,2024-12-17,9101
2520,冠德,12,0,12,群益金鼎-敦南,2024-12-17,9101
00948B,中信優息投資級債,11,0,11,群益金鼎-敦南,2024-12-17,9101
3551,世禾,11,0,11,群益金鼎-敦南,2024-12-17,9101
2303,聯電,37,26,11,群益金鼎-敦南,2024-12-17,9101
2328,廣宇,10,0,10,群益金鼎-敦南,2024-12-17,9101
5309,系統電,10,0,10,群益金鼎-敦南,2024-12-17,9101
2230,泰茂,10,0,10,群益金鼎-敦南,2024-12-17,9101
2543,皇昌,10,0,10,群益金鼎-敦南,2024-12-17,9101
2539,櫻花建,9,0,9,群益金鼎-敦南,2024-12-17,9101
2888,新光金,9,0,9,群益金鼎-敦南,2024-12-17,9101
2455,全新,15,6,9,群益金鼎-敦南,2024-12-17,9101
6188,廣明,14,6,8,群益金鼎-敦南,2024-12-17,9101
6997,博弘,8,0,8,群益金鼎-敦南,2024-12-17,9101
8084,巨虹,8,0,8,群益金鼎-敦南,2024-12-17,9101
9945,潤泰新,8,0,8,群益金鼎-敦南,2024-12-17,9101
2882,國泰金,8,1,7,群益金鼎-敦南,2024-12-17,9101
9933,中鼎,7,0,7,群益金鼎-敦南,2024-12-17,9101
2360,致茂,7,0,7,群益金鼎-敦南,2024-12-17,9101
1737,臺鹽,7,0,7,群益金鼎-敦南,2024-12-17,9101
2464,盟立,39,32,7,群益金鼎-敦南,2024-12-17,9101
00933B,國泰10Y+金融債,6,0,6,群益金鼎-敦南,2024-12-17,9101
2838A,聯邦銀甲特,6,0,6,群益金鼎-敦南,2024-12-17,9101
00918,大華優利高填息30,454,0,454,群益金鼎-敦南,2024-12-18,9101
4540,全球傳動,503,193,310,群益金鼎-敦南,2024-12-18,9101
00937B,群益ESG投等債20,122,0,122,群益金鼎-敦南,2024-12-18,9101
1815,富喬,136,55,81,群益金鼎-敦南,2024-12-18,9101
8111,立��,74,17,57,群益金鼎-敦南,2024-12-18,9101
1802,台玻,50,1,49,群益金鼎-敦南,2024-12-18,9101
1321,大洋,47,2,45,群益金鼎-敦南,2024-12-18,9101
6136,富爾特,44,0,44,群益金鼎-敦南,2024-12-18,9101
9105,泰金寶-DR,127,85,42,群益金鼎-敦南,2024-12-18,9101
00637L,元大滬深300正2,55,24,31,群益金鼎-敦南,2024-12-18,9101
4979,華星光,27,5,22,群益金鼎-敦南,2024-12-18,9101
1301,台塑,21,0,21,群益金鼎-敦南,2024-12-18,9101
2464,盟立,23,4,19,群益金鼎-敦南,2024-12-18,9101
2371,大同,20,2,18,群益金鼎-敦南,2024-12-18,9101
2417,圓剛,17,0,17,群益金鼎-敦南,2024-12-18,9101
5438,東友,15,0,15,群益金鼎-敦南,2024-12-18,9101
00945B,凱基美國非投等債,20,6,14,群益金鼎-敦南,2024-12-18,9101
2883,凱基金,19,5,14,群益金鼎-敦南,2024-12-18,9101
2615,萬海,56,42,14,群益金鼎-敦南,2024-12-18,9101
00933B,國泰10Y+金融債,13,0,13,群益金鼎-敦南,2024-12-18,9101
2354,鴻準,16,3,13,群益金鼎-敦南,2024-12-18,9101
2606,裕民,12,0,12,群益金鼎-敦南,2024-12-18,9101
2312,金寶,13,1,12,群益金鼎-敦南,2024-12-18,9101
0056,元大高股息,11,1,10,群益金鼎-敦南,2024-12-18,9101
4533,協易機,12,2,10,群益金鼎-敦南,2024-12-18,9101
4711,永純,10,0,10,群益金鼎-敦南,2024-12-18,9101
2704,國賓,10,0,10,群益金鼎-敦南,2024-12-18,9101
5392,能率,15,5,10,群益金鼎-敦南,2024-12-18,9101
3231,緯創,13,4,9,群益金鼎-敦南,2024-12-18,9101
2106,建大,9,0,9,群益金鼎-敦南,2024-12-18,9101
00679B,元大美債20年,9,0,9,群益金鼎-敦南,2024-12-18,9101
00919,群益台灣精選高息,14,6,8,群益金鼎-敦南,2024-12-18,9101
2359,所羅門,29,21,8,群益金鼎-敦南,2024-12-18,9101
3062,建漢,11,3,8,群益金鼎-敦南,2024-12-18,9101
2392,正崴,76,68,8,群益金鼎-敦南,2024-12-18,9101
5522,遠雄,12,4,8,群益金鼎-敦南,2024-12-18,9101
2368,金像電,14,6,8,群益金鼎-敦南,2024-12-18,9101
5880,合庫金,8,0,8,群益金鼎-敦南,2024-12-18,9101
2356,英業達,8,1,7,群益金鼎-敦南,2024-12-18,9101
4576,大銀微系統,22,15,7,群益金鼎-敦南,2024-12-18,9101
3041,揚智,42,35,7,群益金鼎-敦南,2024-12-18,9101
00687B,國泰20年美債,7,0,7,群益金鼎-敦南,2024-12-18,9101
3029,零壹,15,8,7,群益金鼎-敦南,2024-12-18,9101
4977,眾達-KY,12,6,6,群益金鼎-敦南,2024-12-18,9101
4153,鈺緯,6,0,6,群益金鼎-敦南,2024-12-18,9101
6182,合晶,6,0,6,群益金鼎-敦南,2024-12-18,9101
2915,潤泰全,6,0,6,群益金鼎-敦南,2024-12-18,9101
9950,萬國通,6,0,6,群益金鼎-敦南,2024-12-18,9101
2409,友達,6,0,6,群益金鼎-敦南,2024-12-18,9101
2454,聯發科,8,2,6,群益金鼎-敦南,2024-12-18,9101
00953B,群益優選非投等債,1237,100,1137,群益金鼎-敦南,2024-12-19,9101
2382,廣達,803,1,802,群益金鼎-敦南,2024-12-19,9101
00933B,國泰10Y+金融債,135,1,134,群益金鼎-敦南,2024-12-19,9101
00712,復華富時不動產,114,0,114,群益金鼎-敦南,2024-12-19,9101
00948B,中信優息投資級債,107,0,107,群益金鼎-敦南,2024-12-19,9101
2365,昆盈,101,1,100,群益金鼎-敦南,2024-12-19,9101
2845,遠東銀,100,0,100,群益金鼎-敦南,2024-12-19,9101
2356,英業達,101,8,93,群益金鼎-敦南,2024-12-19,9101
00937B,群益ESG投等債20,98,10,88,群益金鼎-敦南,2024-12-19,9101
2883,凱基金,61,1,60,群益金鼎-敦南,2024-12-19,9101
2330,台積電,68,11,57,群益金鼎-敦南,2024-12-19,9101
00926,凱基全球菁英55,49,0,49,群益金鼎-敦南,2024-12-19,9101
4711,永純,49,0,49,群益金鼎-敦南,2024-12-19,9101
00795B,中信美國公債20年,47,0,47,群益金鼎-敦南,2024-12-19,9101
00687B,國泰20年美債,34,0,34,群益金鼎-敦南,2024-12-19,9101
6136,富爾特,33,0,33,群益金鼎-敦南,2024-12-19,9101
00950B,凱基A級公司債,32,0,32,群益金鼎-敦南,2024-12-19,9101
6770,力積電,30,2,28,群益金鼎-敦南,2024-12-19,9101
00637L,元大滬深300正2,27,3,24,群益金鼎-敦南,2024-12-19,9101
00680L,元大美債20正2,21,0,21,群益金鼎-敦南,2024-12-19,9101
1301,台塑,19,0,19,群益金鼎-敦南,2024-12-19,9101
4952,凌通,23,4,19,群益金鼎-敦南,2024-12-19,9101
2458,義隆,19,1,18,群益金鼎-敦南,2024-12-19,9101
2002,中鋼,18,1,17,群益金鼎-敦南,2024-12-19,9101
3706,神達,72,57,15,群益金鼎-敦南,2024-12-19,9101
3015,全漢,15,0,15,群益金鼎-敦南,2024-12-19,9101
1321,大洋,33,18,15,群益金鼎-敦南,2024-12-19,9101
4942,嘉彰,15,0,15,群益金鼎-敦南,2024-12-19,9101
00878,國泰永續高股息,29,14,15,群益金鼎-敦南,2024-12-19,9101
2891,中信金,15,1,14,群益金鼎-敦南,2024-12-19,9101
2408,南亞科,35,21,14,群益金鼎-敦南,2024-12-19,9101
4123,晟德,16,2,14,群益金鼎-敦南,2024-12-19,9101
00930,永豐ESG低碳高息,14,0,14,群益金鼎-敦南,2024-12-19,9101
00932,兆豐永續高息等權,14,0,14,群益金鼎-敦南,2024-12-19,9101
6438,迅得,13,0,13,群益金鼎-敦南,2024-12-19,9101
2882,國泰金,15,2,13,群益金鼎-敦南,2024-12-19,9101
2609,陽明,80,68,12,群益金鼎-敦南,2024-12-19,9101
00662,富邦NASDAQ,12,0,12,群益金鼎-敦南,2024-12-19,9101
4576,大銀微系統,27,16,11,群益金鼎-敦南,2024-12-19,9101
3715,定穎投控,16,5,11,群益金鼎-敦南,2024-12-19,9101
00720B,元大投資級公司債,11,0,11,群益金鼎-敦南,2024-12-19,9101
1101,台泥,10,0,10,群益金鼎-敦南,2024-12-19,9101
00857B,永豐20年美公債,10,0,10,群益金鼎-敦南,2024-12-19,9101
2228,劍麟,10,0,10,群益金鼎-敦南,2024-12-19,9101
2427,三商電,10,0,10,群益金鼎-敦南,2024-12-19,9101
2375,凱美,11,1,10,群益金鼎-敦南,2024-12-19,9101
6442,光聖,10,0,10,群益金鼎-敦南,2024-12-19,9101
3550,聯穎,10,0,10,群益金鼎-敦南,2024-12-19,9101
00945B,凱基美國非投等債,10,0,10,群益金鼎-敦南,2024-12-19,9101
1303,南亞,10,1,9,群益金鼎-敦南,2024-12-19,9101
